,SuccessfulHandoverCount,TotalSuccessfulHandoverCount,TotalSuccessfulHandoverCountRange,TotalSuccessfulHandoverCountLoadBalancing,TotalSuccessfulHandoverCountOverload,FailedHandoverCount,TotalFailedHandoverCount,AvgQoS,MinQoS,AvgQoS_LoadBased,MinQoS_LoadBased,AvgQoS_RangeBased,MinQoS_RangeBased,GiniLoad,VehicleCount
0,0,0,0,0,0,0,0,1.0,1,1.0,1,1.0,1,0.0,0
1,14,14,0,14,0,0,0,1.0,1,1.0,1,1.0,1,0.17914486793509235,26
2,11,25,0,25,0,0,0,1.0,1,1.0,1,1.0,1,0.0877328818033471,27
3,7,32,0,32,0,0,0,1.0,1,1.0,1,1.0,1,0.0496452199194441,28
4,12,44,0,44,0,0,0,1.0,1,1.0,1,1.0,1,0.07696510794267118,29
5,8,52,0,52,0,0,0,1.0,1,1.0,1,1.0,1,0.1006315499694059,29
6,6,58,0,58,0,0,0,1.0,1,1.0,1,1.0,1,0.12911101076049306,32
7,5,63,0,63,0,0,0,1.0,1,1.0,1,1.0,1,0.06791211056163107,33
8,9,72,0,72,0,0,0,1.0,1,1.0,1,1.0,1,0.11971137267425182,35
9,5,77,0,77,0,0,0,1.0,1,1.0,1,1.0,1,0.14010851647622377,35
10,7,84,0,84,0,0,0,1.0,1,1.0,1,1.0,1,0.14256155923477165,35
11,8,92,0,92,0,0,0,1.0,1,1.0,1,1.0,1,0.1413952781179207,35
12,7,99,0,99,0,0,0,1.0,1,1.0,1,1.0,1,0.1376679571086656,34
13,6,105,0,105,0,0,0,1.0,1,1.0,1,1.0,1,0.09480933019446325,32
14,4,109,0,109,0,0,0,1.0,1,1.0,1,1.0,1,0.12382082641976698,31
15,6,115,0,115,0,0,0,1.0,1,1.0,1,1.0,1,0.1095633769852326,30
16,9,124,0,124,0,0,0,1.0,1,1.0,1,1.0,1,0.14968115269620902,30
17,5,129,0,129,0,0,0,1.0,1,1.0,1,1.0,1,0.1639083032917552,29
18,3,132,0,132,0,0,0,1.0,1,1.0,1,1.0,1,0.13893609925417946,29
19,1,133,0,133,0,0,0,1.0,1,1.0,1,1.0,1,0.10690993329407109,28
20,4,137,0,137,0,0,0,1.0,1,1.0,1,1.0,1,0.15314209822698535,28
21,3,140,0,140,0,0,0,1.0,1,1.0,1,1.0,1,0.11000965389719901,28
22,2,142,0,142,0,0,0,1.0,1,1.0,1,1.0,1,0.07737348192623278,28
23,4,146,2,144,0,0,0,1.0,1,1.0,1,1.0,1,0.2068276963771774,27
24,3,149,3,146,0,0,0,1.0,1,1.0,1,1.0,1,0.1646054475004855,28
25,2,151,5,146,0,0,0,1.0,1,1.0,1,1.0,1,0.1355145433371772,28
26,3,154,6,148,0,0,0,1.0,1,1.0,1,1.0,1,0.09910842591502715,30
27,0,154,6,148,0,0,0,1.0,1,1.0,1,1.0,1,0.08810975422209308,30
28,2,156,7,149,0,0,0,1.0,1,1.0,1,1.0,1,0.09375053073872833,31
29,0,156,7,149,0,0,0,1.0,1,1.0,1,1.0,1,0.11332922705811065,30
30,0,156,7,149,0,0,0,1.0,1,1.0,1,1.0,1,0.11332922705811065,30
31,1,157,8,149,0,0,0,1.0,1,1.0,1,1.0,1,0.10164624975442965,31
32,0,157,8,149,0,0,0,1.0,1,1.0,1,1.0,1,0.12552390672207928,31
33,0,157,8,149,0,0,0,1.0,1,1.0,1,1.0,1,0.08407208987364585,31
34,1,158,9,149,0,0,0,1.0,1,1.0,1,1.0,1,0.2003994787108225,29
35,1,159,9,150,0,0,0,1.0,1,1.0,1,1.0,1,0.14176521506711667,30
36,0,159,9,150,0,0,0,1.0,1,1.0,1,1.0,1,0.15610800102107408,30
37,1,160,10,150,0,0,0,1.0,1,1.0,1,1.0,1,0.1804183036156899,31
38,4,164,12,152,0,0,0,1.0,1,1.0,1,1.0,1,0.14142881911372768,32
39,0,164,12,152,0,0,0,1.0,1,1.0,1,1.0,1,0.107557530110457,36
40,0,164,12,152,0,0,0,1.0,1,1.0,1,1.0,1,0.11137257217995855,37
41,1,165,13,152,0,0,0,1.0,1,1.0,1,1.0,1,0.12941128046006872,37
42,0,165,13,152,0,0,0,1.0,1,1.0,1,1.0,1,0.11885395374453425,38
43,2,167,14,153,0,0,0,1.0,1,1.0,1,1.0,1,0.15613273834476626,40
44,0,167,14,153,0,0,0,1.0,1,1.0,1,1.0,1,0.15346456921190355,39
45,0,167,14,153,0,0,0,1.0,1,1.0,1,1.0,1,0.1299157200467906,40
46,0,167,14,153,0,0,0,1.0,1,1.0,1,1.0,1,0.12592630572754374,39
47,0,167,14,153,0,0,0,1.0,1,1.0,1,1.0,1,0.12592630572754374,39
48,0,167,14,153,0,0,0,1.0,1,1.0,1,1.0,1,0.12592630572754374,39
49,0,167,14,153,0,0,0,1.0,1,1.0,1,1.0,1,0.09225017722723043,37
50,1,168,15,153,0,0,0,1.0,1,1.0,1,1.0,1,0.08605101843459058,35
51,0,168,15,153,0,0,0,1.0,1,1.0,1,1.0,1,0.07295994488063587,34
52,1,169,16,153,0,0,0,1.0,1,1.0,1,1.0,1,0.08802212196689631,34
53,0,169,16,153,0,0,0,1.0,1,1.0,1,1.0,1,0.09109305653416175,35
54,1,170,16,154,0,0,0,1.0,1,1.0,1,1.0,1,0.03942953260138573,36
55,1,171,17,154,0,0,0,1.0,1,1.0,1,1.0,1,0.07036177263204854,36
56,8,179,21,158,0,0,0,1.0,1,1.0,1,1.0,1,0.04859940591856833,36
57,0,179,21,158,0,0,0,1.0,1,1.0,1,1.0,1,0.06737200353712283,37
58,2,181,23,158,0,0,0,1.0,1,1.0,1,1.0,1,0.101940880695236,38
59,1,182,24,158,0,0,0,1.0,1,1.0,1,1.0,1,0.15061012100830778,37
60,1,183,24,159,0,0,0,1.0,1,1.0,1,1.0,1,0.1429573303130594,38
61,3,186,27,159,0,0,0,1.0,1,1.0,1,1.0,1,0.15337640969426536,37
62,5,191,29,162,0,0,0,1.0,1,1.0,1,1.0,1,0.09249458312748159,39
63,0,191,29,162,0,0,0,1.0,1,1.0,1,1.0,1,0.09249458312748159,39
64,2,193,31,162,0,0,0,1.0,1,1.0,1,1.0,1,0.14887588099228993,38
65,0,193,31,162,0,0,0,1.0,1,1.0,1,1.0,1,0.12292621274970617,39
66,0,193,31,162,0,0,0,1.0,1,1.0,1,1.0,1,0.12202749685668186,39
67,2,195,33,162,0,0,0,1.0,1,1.0,1,1.0,1,0.12978034814080858,36
68,2,197,35,162,0,0,0,1.0,1,1.0,1,1.0,1,0.14011799749743908,36
69,2,199,36,163,0,0,0,1.0,1,1.0,1,1.0,1,0.13074589913459822,37
70,0,199,36,163,0,0,0,1.0,1,1.0,1,1.0,1,0.14471459968086123,36
71,0,199,36,163,0,0,0,1.0,1,1.0,1,1.0,1,0.11536634990913137,38
72,1,200,37,163,0,0,0,1.0,1,1.0,1,1.0,1,0.07310186814515342,38
73,1,201,38,163,0,0,0,1.0,1,1.0,1,1.0,1,0.052299593886409736,37
74,1,202,39,163,0,0,0,1.0,1,1.0,1,1.0,1,0.06683496686748079,38
75,0,202,39,163,0,0,0,1.0,1,1.0,1,1.0,1,0.06683496686748079,38
76,1,203,40,163,0,0,0,1.0,1,1.0,1,1.0,1,0.08755807383597984,39
77,0,203,40,163,0,0,0,1.0,1,1.0,1,1.0,1,0.09072524414879167,40
78,0,203,40,163,0,0,0,1.0,1,1.0,1,1.0,1,0.06686666578147804,41
79,1,204,41,163,0,0,0,1.0,1,1.0,1,1.0,1,0.08097896257695064,41
80,0,204,41,163,0,0,0,1.0,1,1.0,1,1.0,1,0.08097896257695064,41
81,2,206,42,164,0,0,0,1.0,1,1.0,1,1.0,1,0.08088851257465603,41
82,1,207,42,165,0,0,0,1.0,1,1.0,1,1.0,1,0.0946626323020829,44
83,0,207,42,165,0,0,0,1.0,1,1.0,1,1.0,1,0.0946626323020829,44
84,0,207,42,165,0,0,0,1.0,1,1.0,1,1.0,1,0.0920037108726787,45
85,1,208,43,165,0,0,0,1.0,1,1.0,1,1.0,1,0.12152438994622547,45
86,1,209,43,166,0,0,0,1.0,1,1.0,1,1.0,1,0.10906686035016896,45
87,3,212,44,168,0,0,0,1.0,1,1.0,1,1.0,1,0.10954636516184023,44
88,0,212,44,168,0,0,0,1.0,1,1.0,1,1.0,1,0.10954636516184023,44
89,1,213,45,168,0,0,0,1.0,1,1.0,1,1.0,1,0.09042203197056267,43
90,1,214,45,169,0,0,0,1.0,1,1.0,1,1.0,1,0.09936340299564382,44
91,1,215,46,169,0,0,0,1.0,1,1.0,1,1.0,1,0.11072232351782876,44
92,0,215,46,169,0,0,0,1.0,1,1.0,1,1.0,1,0.12048802785795878,43
93,0,215,46,169,0,0,0,1.0,1,1.0,1,1.0,1,0.13747199596221463,44
94,0,215,46,169,0,0,0,1.0,1,1.0,1,1.0,1,0.13747199596221463,44
95,0,215,46,169,0,0,0,1.0,1,1.0,1,1.0,1,0.1464732721047525,43
96,1,216,47,169,0,0,0,1.0,1,1.0,1,1.0,1,0.11866854261797773,44
97,1,217,48,169,0,0,0,1.0,1,1.0,1,1.0,1,0.12654175400717094,44
98,2,219,50,169,0,0,0,1.0,1,1.0,1,1.0,1,0.19501114620898286,43
99,0,219,50,169,0,0,0,1.0,1,1.0,1,1.0,1,0.19501114620898286,43
100,2,221,52,169,0,0,0,1.0,1,1.0,1,1.0,1,0.22395208701088481,47
101,2,223,52,171,0,0,0,1.0,1,1.0,1,1.0,1,0.2066857904585979,47
102,1,224,53,171,0,0,0,1.0,1,1.0,1,1.0,1,0.22938290260928162,47
103,3,227,54,173,0,0,0,1.0,1,1.0,1,1.0,1,0.15018149315355028,46
104,3,230,56,174,0,0,0,1.0,1,1.0,1,1.0,1,0.10790901764613241,45
105,3,233,58,175,0,0,0,1.0,1,1.0,1,1.0,1,0.07649942536649726,44
106,5,238,60,178,0,0,0,1.0,1,1.0,1,1.0,1,0.060752439358865706,45
107,6,244,61,183,0,0,0,1.0,1,1.0,1,1.0,1,0.05295803066506867,44
108,3,247,62,185,0,0,0,1.0,1,1.0,1,1.0,1,0.03207646244760288,46
109,4,251,65,186,0,0,0,1.0,1,1.0,1,1.0,1,0.049399081222248176,46
110,1,252,66,186,0,0,0,1.0,1,1.0,1,1.0,1,0.04472366420523883,46
111,2,254,68,186,0,0,0,1.0,1,1.0,1,1.0,1,0.042590105950038905,46
112,4,258,71,187,0,0,0,1.0,1,1.0,1,1.0,1,0.08132628297644387,46
113,1,259,72,187,0,0,0,1.0,1,1.0,1,1.0,1,0.08058214497461538,46
114,2,261,72,189,0,0,0,1.0,1,1.0,1,1.0,1,0.06977396881593179,46
115,0,261,72,189,0,0,0,1.0,1,1.0,1,1.0,1,0.07783161994176598,47
116,0,261,72,189,0,0,0,1.0,1,1.0,1,1.0,1,0.07783161994176598,47
117,0,261,72,189,0,0,0,1.0,1,1.0,1,1.0,1,0.08707608919572932,45
118,2,263,73,190,0,0,0,1.0,1,1.0,1,1.0,1,0.10690024045990358,46
119,1,264,74,190,0,0,0,1.0,1,1.0,1,1.0,1,0.11626396191644485,46
120,3,267,75,192,0,0,0,1.0,1,1.0,1,1.0,1,0.13309603036124468,47
121,2,269,75,194,0,0,0,1.0,1,1.0,1,1.0,1,0.14128392758416444,46
122,1,270,75,195,0,0,0,1.0,1,1.0,1,1.0,1,0.15361807943180886,46
123,1,271,75,196,0,0,0,1.0,1,1.0,1,1.0,1,0.1500202940103701,45
124,3,274,76,198,0,0,0,1.0,1,1.0,1,1.0,1,0.16417761580267565,46
125,0,274,76,198,0,0,0,1.0,1,1.0,1,1.0,1,0.16085576239500615,44
126,2,276,76,200,0,0,0,1.0,1,1.0,1,1.0,1,0.14155828504732512,45
127,1,277,76,201,0,0,0,1.0,1,1.0,1,1.0,1,0.13357423750086986,45
128,1,278,76,202,0,0,0,1.0,1,1.0,1,1.0,1,0.11111613393524859,46
129,2,280,78,202,0,0,0,1.0,1,1.0,1,1.0,1,0.10241241111139125,48
130,0,280,78,202,0,0,0,1.0,1,1.0,1,1.0,1,0.10241241111139125,48
131,2,282,79,203,0,0,0,1.0,1,1.0,1,1.0,1,0.08222409138088188,49
132,2,284,81,203,0,0,0,1.0,1,1.0,1,1.0,1,0.11695470408641927,51
133,3,287,83,204,0,0,0,1.0,1,1.0,1,1.0,1,0.09411257012543243,49
134,5,292,87,205,0,0,0,1.0,1,1.0,1,1.0,1,0.1125878823589904,49
135,0,292,87,205,0,0,0,1.0,1,1.0,1,1.0,1,0.08656463175650696,49
136,4,296,91,205,0,0,0,1.0,1,1.0,1,1.0,1,0.1014566648735655,48
137,2,298,91,207,0,0,0,1.0,1,1.0,1,1.0,1,0.10067850349896276,47
138,5,303,95,208,0,0,0,1.0,1,1.0,1,1.0,1,0.10035843019345651,48
139,3,306,98,208,0,0,0,1.0,1,1.0,1,1.0,1,0.14948740821258943,48
140,3,309,99,210,0,0,0,1.0,1,1.0,1,1.0,1,0.1512248621479068,49
141,1,310,100,210,0,0,0,1.0,1,1.0,1,1.0,1,0.12004895226735084,49
142,2,312,102,210,0,0,0,1.0,1,1.0,1,1.0,1,0.08008314098149448,49
143,1,313,103,210,0,0,0,1.0,1,1.0,1,1.0,1,0.06783099169220032,47
144,2,315,105,210,0,0,0,1.0,1,1.0,1,1.0,1,0.04976146647944215,46
145,1,316,106,210,0,0,0,1.0,1,1.0,1,1.0,1,0.09775454269293622,44
146,2,318,107,211,0,0,0,1.0,1,1.0,1,1.0,1,0.09478237007807555,44
147,2,320,107,213,0,0,0,1.0,1,1.0,1,1.0,1,0.12192330874806635,43
148,1,321,107,214,0,0,0,1.0,1,1.0,1,1.0,1,0.18301018289502705,43
149,1,322,108,214,0,0,0,1.0,1,1.0,1,1.0,1,0.18995770471220697,43
150,1,323,109,214,0,0,0,1.0,1,1.0,1,1.0,1,0.2037958364626768,42
151,3,326,110,216,0,0,0,1.0,1,1.0,1,1.0,1,0.17291299102582833,42
152,2,328,111,217,0,0,0,1.0,1,1.0,1,1.0,1,0.15147881499784518,42
153,0,328,111,217,0,0,0,1.0,1,1.0,1,1.0,1,0.12086253385148149,42
154,1,329,111,218,0,0,0,1.0,1,1.0,1,1.0,1,0.11714595879601615,43
155,0,329,111,218,0,0,0,1.0,1,1.0,1,1.0,1,0.09700162190584596,43
156,0,329,111,218,0,0,0,1.0,1,1.0,1,1.0,1,0.11546701718484616,42
157,2,331,111,220,0,0,0,1.0,1,1.0,1,1.0,1,0.12647720374477758,41
158,1,332,111,221,0,0,0,1.0,1,1.0,1,1.0,1,0.10327085673353965,42
159,2,334,112,222,0,0,0,1.0,1,1.0,1,1.0,1,0.1000710480786255,43
160,3,337,115,222,0,0,0,1.0,1,1.0,1,1.0,1,0.1533817757227379,44
161,3,340,117,223,0,0,0,1.0,1,1.0,1,1.0,1,0.1765792305677985,44
162,2,342,118,224,0,0,0,1.0,1,1.0,1,1.0,1,0.20490819209610572,45
163,3,345,120,225,0,0,0,1.0,1,1.0,1,1.0,1,0.2255028573705535,43
164,1,346,120,226,0,0,0,1.0,1,1.0,1,1.0,1,0.2243413843249077,42
165,6,352,124,228,0,0,0,1.0,1,1.0,1,1.0,1,0.18367509402358076,42
166,2,354,125,229,0,0,0,1.0,1,1.0,1,1.0,1,0.17941449394224476,42
167,1,355,126,229,0,0,0,1.0,1,1.0,1,1.0,1,0.20758996791115344,41
168,1,356,127,229,0,0,0,1.0,1,1.0,1,1.0,1,0.20286295380876648,40
169,1,357,128,229,0,0,0,1.0,1,1.0,1,1.0,1,0.16159430972021005,40
170,1,358,129,229,0,0,0,1.0,1,1.0,1,1.0,1,0.1413360240970771,38
171,3,361,132,229,0,0,0,1.0,1,1.0,1,1.0,1,0.13044643229407596,37
172,4,365,136,229,0,0,0,1.0,1,1.0,1,1.0,1,0.13685479394153396,35
173,0,365,136,229,0,0,0,1.0,1,1.0,1,1.0,1,0.1565675851390657,36
174,3,368,139,229,0,0,0,1.0,1,1.0,1,1.0,1,0.16371232263984026,34
175,0,368,139,229,0,0,0,1.0,1,1.0,1,1.0,1,0.13123640599361075,33
176,2,370,140,230,0,0,0,1.0,1,1.0,1,1.0,1,0.12396259927700105,34
177,1,371,140,231,0,0,0,1.0,1,1.0,1,1.0,1,0.09939197957732715,36
178,2,373,141,232,0,0,0,1.0,1,1.0,1,1.0,1,0.06281569822130247,37
179,1,374,142,232,0,0,0,1.0,1,1.0,1,1.0,1,0.07497079627391771,37
180,0,374,142,232,0,0,0,1.0,1,1.0,1,1.0,1,0.08390679305286214,36
181,1,375,143,232,0,0,0,1.0,1,1.0,1,1.0,1,0.0667917171566158,36
182,0,375,143,232,0,0,0,1.0,1,1.0,1,1.0,1,0.06691825870041347,38
183,1,376,144,232,0,0,0,1.0,1,1.0,1,1.0,1,0.07161085556876551,37
184,0,376,144,232,0,0,0,1.0,1,1.0,1,1.0,1,0.08449424592407717,36
185,1,377,145,232,0,0,0,1.0,1,1.0,1,1.0,1,0.11419468176096932,35
186,0,377,145,232,0,0,0,1.0,1,1.0,1,1.0,1,0.12987755318754476,34
187,2,379,147,232,0,0,0,1.0,1,1.0,1,1.0,1,0.16614028275806444,33
188,1,380,148,232,0,0,0,1.0,1,1.0,1,1.0,1,0.19104441665469046,33
189,2,382,150,232,0,0,0,1.0,1,1.0,1,1.0,1,0.16691236828682068,33
190,0,382,150,232,0,0,0,1.0,1,1.0,1,1.0,1,0.19423975185326617,32
191,2,384,152,232,0,0,0,1.0,1,1.0,1,1.0,1,0.2198455517353631,34
192,0,384,152,232,0,0,0,1.0,1,1.0,1,1.0,1,0.2198455517353631,34
193,0,384,152,232,0,0,0,1.0,1,1.0,1,1.0,1,0.20841607213739385,35
194,1,385,152,233,0,0,0,1.0,1,1.0,1,1.0,1,0.19786814717600773,37
195,0,385,152,233,0,0,0,1.0,1,1.0,1,1.0,1,0.22010719713097054,36
196,0,385,152,233,0,0,0,1.0,1,1.0,1,1.0,1,0.22010719713097054,36
197,0,385,152,233,0,0,0,1.0,1,1.0,1,1.0,1,0.20888079189758854,37
198,3,388,155,233,0,0,0,1.0,1,1.0,1,1.0,1,0.24621711928497303,37
199,1,389,155,234,0,0,0,1.0,1,1.0,1,1.0,1,0.22855574152852529,37
200,2,391,157,234,0,0,0,1.0,1,1.0,1,1.0,1,0.2514566331414763,37
201,5,396,158,238,0,0,0,1.0,1,1.0,1,1.0,1,0.16223096346867785,36
202,1,397,159,238,0,0,0,1.0,1,1.0,1,1.0,1,0.15218860932224693,36
203,3,400,161,239,0,0,0,1.0,1,1.0,1,1.0,1,0.12737863791405932,35
204,0,400,161,239,0,0,0,1.0,1,1.0,1,1.0,1,0.1266675208975,35
205,4,404,165,239,0,0,0,1.0,1,1.0,1,1.0,1,0.07920941209514717,35
206,2,406,166,240,0,0,0,1.0,1,1.0,1,1.0,1,0.042756504929849885,34
207,0,406,166,240,0,0,0,1.0,1,1.0,1,1.0,1,0.06874429081400182,34
208,2,408,167,241,0,0,0,1.0,1,1.0,1,1.0,1,0.10848168655781394,33
209,0,408,167,241,0,0,0,1.0,1,1.0,1,1.0,1,0.1317394148152542,33
210,1,409,168,241,0,0,0,1.0,1,1.0,1,1.0,1,0.14694416360730903,34
211,1,410,169,241,0,0,0,1.0,1,1.0,1,1.0,1,0.20055724267911157,33
212,0,410,169,241,0,0,0,1.0,1,1.0,1,1.0,1,0.20055724267911157,33
213,2,412,170,242,0,0,0,1.0,1,1.0,1,1.0,1,0.14390356307608412,35
214,3,415,173,242,0,0,0,1.0,1,1.0,1,1.0,1,0.09927688868291211,34
215,1,416,174,242,0,0,0,1.0,1,1.0,1,1.0,1,0.07142404434476869,35
216,1,417,175,242,0,0,0,1.0,1,1.0,1,1.0,1,0.08302479771887594,36
217,1,418,176,242,0,0,0,1.0,1,1.0,1,1.0,1,0.10303574270853624,36
218,1,419,177,242,0,0,0,1.0,1,1.0,1,1.0,1,0.1399036514121203,36
219,4,423,177,246,0,0,0,1.0,1,1.0,1,1.0,1,0.11742871768305972,37
220,1,424,178,246,0,0,0,1.0,1,1.0,1,1.0,1,0.11269049615842136,38
221,1,425,178,247,0,0,0,1.0,1,1.0,1,1.0,1,0.13934639027312137,37
222,1,426,179,247,0,0,0,1.0,1,1.0,1,1.0,1,0.0949673579295706,38
223,1,427,180,247,0,0,0,1.0,1,1.0,1,1.0,1,0.0918594140578233,38
224,2,429,182,247,0,0,0,1.0,1,1.0,1,1.0,1,0.15038894061808405,38
225,2,431,184,247,0,0,0,1.0,1,1.0,1,1.0,1,0.18372066527392691,36
226,5,436,185,251,0,0,0,1.0,1,1.0,1,1.0,1,0.08586538615136775,37
227,5,441,189,252,0,0,0,1.0,1,1.0,1,1.0,1,0.12952131983053183,35
228,1,442,189,253,0,0,0,1.0,1,1.0,1,1.0,1,0.10667173560747022,35
229,2,444,191,253,0,0,0,1.0,1,1.0,1,1.0,1,0.11652344577060912,35
230,0,444,191,253,0,0,0,1.0,1,1.0,1,1.0,1,0.11652344577060912,35
231,5,449,194,255,0,0,0,1.0,1,1.0,1,1.0,1,0.12892819815911225,35
232,2,451,196,255,0,0,0,1.0,1,1.0,1,1.0,1,0.09488030729881979,36
233,1,452,197,255,0,0,0,1.0,1,1.0,1,1.0,1,0.06324622142895035,36
234,0,452,197,255,0,0,0,1.0,1,1.0,1,1.0,1,0.08526371862167044,34
235,2,454,199,255,0,0,0,1.0,1,1.0,1,1.0,1,0.06224017247102163,33
236,2,456,200,256,0,0,0,1.0,1,1.0,1,1.0,1,0.09491482844847864,31
237,0,456,200,256,0,0,0,1.0,1,1.0,1,1.0,1,0.0825575101502315,32
238,1,457,201,256,0,0,0,1.0,1,1.0,1,1.0,1,0.11571114773883086,31
239,1,458,202,256,0,0,0,1.0,1,1.0,1,1.0,1,0.15928857748969813,30
240,1,459,203,256,0,0,0,1.0,1,1.0,1,1.0,1,0.22020292193245058,27
241,4,463,207,256,0,0,0,1.0,1,1.0,1,1.0,1,0.27917890257999006,27
242,0,463,207,256,0,0,0,1.0,1,1.0,1,1.0,1,0.26146371154047615,28
243,1,464,208,256,0,0,0,1.0,1,1.0,1,1.0,1,0.2755954396514085,28
244,1,465,209,256,0,0,0,1.0,1,1.0,1,1.0,1,0.2501324417480032,27
245,0,465,209,256,0,0,0,1.0,1,1.0,1,1.0,1,0.2501324417480032,27
246,1,466,210,256,0,0,0,1.0,1,1.0,1,1.0,1,0.29767196060272627,25
247,0,466,210,256,0,0,0,1.0,1,1.0,1,1.0,1,0.2742803150258477,24
248,0,466,210,256,0,0,0,1.0,1,1.0,1,1.0,1,0.2772891286356936,24
249,0,466,210,256,0,0,0,1.0,1,1.0,1,1.0,1,0.29669865572941434,25
250,0,466,210,256,0,0,0,1.0,1,1.0,1,1.0,1,0.2711606929729418,27
251,4,470,210,260,0,0,0,1.0,1,1.0,1,1.0,1,0.040471308207583455,27
252,2,472,212,260,0,0,0,1.0,1,1.0,1,1.0,1,0.05860180190434928,27
253,1,473,213,260,0,0,0,1.0,1,1.0,1,1.0,1,0.12399962939406677,29
254,3,476,216,260,0,0,0,1.0,1,1.0,1,1.0,1,0.20292797064983603,30
255,1,477,217,260,0,0,0,1.0,1,1.0,1,1.0,1,0.19322714191968282,31
256,2,479,219,260,0,0,0,1.0,1,1.0,1,1.0,1,0.23237561565784323,31
257,1,480,220,260,0,0,0,1.0,1,1.0,1,1.0,1,0.2615926184292377,33
258,1,481,220,261,0,0,0,1.0,1,1.0,1,1.0,1,0.22682238746378075,33
259,1,482,221,261,0,0,0,1.0,1,1.0,1,1.0,1,0.17732588861351098,33
260,3,485,223,262,0,0,0,1.0,1,1.0,1,1.0,1,0.14590457618455938,35
261,0,485,223,262,0,0,0,1.0,1,1.0,1,1.0,1,0.17179880269220363,35
262,0,485,223,262,0,0,0,1.0,1,1.0,1,1.0,1,0.17179880269220363,35
263,0,485,223,262,0,0,0,1.0,1,1.0,1,1.0,1,0.18743473186444803,34
264,0,485,223,262,0,0,0,1.0,1,1.0,1,1.0,1,0.20293030577564167,32
265,3,488,225,263,0,0,0,1.0,1,1.0,1,1.0,1,0.22582087968895836,30
266,1,489,226,263,0,0,0,1.0,1,1.0,1,1.0,1,0.22281665332464645,31
267,1,490,227,263,0,0,0,1.0,1,1.0,1,1.0,1,0.20946506442323934,30
268,2,492,228,264,0,0,0,1.0,1,1.0,1,1.0,1,0.23202116136831266,31
269,1,493,229,264,0,0,0,1.0,1,1.0,1,1.0,1,0.24904612024850523,31
270,1,494,230,264,0,0,0,1.0,1,1.0,1,1.0,1,0.2691620254021375,32
271,0,494,230,264,0,0,0,1.0,1,1.0,1,1.0,1,0.2942508050917168,31
272,1,495,231,264,0,0,0,1.0,1,1.0,1,1.0,1,0.3736179701391101,32
273,1,496,231,265,0,0,0,1.0,1,1.0,1,1.0,1,0.3587939493504967,32
274,0,496,231,265,0,0,0,1.0,1,1.0,1,1.0,1,0.3587939493504967,32
275,1,497,232,265,0,0,0,1.0,1,1.0,1,1.0,1,0.3327693917843219,33
276,10,507,233,274,0,0,0,1.0,1,1.0,1,1.0,1,0.18155761975292398,34
277,2,509,234,275,0,0,0,1.0,1,1.0,1,1.0,1,0.10859962977095794,32
278,0,509,234,275,0,0,0,1.0,1,1.0,1,1.0,1,0.07924950431689008,31
279,0,509,234,275,0,0,0,1.0,1,1.0,1,1.0,1,0.06401387652889849,31
280,0,509,234,275,0,0,0,1.0,1,1.0,1,1.0,1,0.05969680508478445,30
281,0,509,234,275,0,0,0,1.0,1,1.0,1,1.0,1,0.040393034954647876,31
282,0,509,234,275,0,0,0,1.0,1,1.0,1,1.0,1,0.05338120105528149,30
283,2,511,235,276,0,0,0,1.0,1,1.0,1,1.0,1,0.09161248816251856,31
284,2,513,237,276,0,0,0,1.0,1,1.0,1,1.0,1,0.11510254753027742,31
285,2,515,239,276,0,0,0,1.0,1,1.0,1,1.0,1,0.1793376034058698,31
286,0,515,239,276,0,0,0,1.0,1,1.0,1,1.0,1,0.1793376034058698,31
287,2,517,240,277,0,0,0,1.0,1,1.0,1,1.0,1,0.24287997069974604,33
288,0,517,240,277,0,0,0,1.0,1,1.0,1,1.0,1,0.19333949076615314,32
289,0,517,240,277,0,0,0,1.0,1,1.0,1,1.0,1,0.18897078489960487,32
290,0,517,240,277,0,0,0,1.0,1,1.0,1,1.0,1,0.18758809942196736,31
291,2,519,241,278,0,0,0,1.0,1,1.0,1,1.0,1,0.22013633788717052,30
292,0,519,241,278,0,0,0,1.0,1,1.0,1,1.0,1,0.2028688175875078,32
293,0,519,241,278,0,0,0,1.0,1,1.0,1,1.0,1,0.2028688175875078,32
294,0,519,241,278,0,0,0,1.0,1,1.0,1,1.0,1,0.2028688175875078,32
295,1,520,242,278,0,0,0,1.0,1,1.0,1,1.0,1,0.1774914549790121,34
296,1,521,243,278,0,0,0,1.0,1,1.0,1,1.0,1,0.12921238020711084,34
297,0,521,243,278,0,0,0,1.0,1,1.0,1,1.0,1,0.12921238020711084,34
298,0,521,243,278,0,0,0,1.0,1,1.0,1,1.0,1,0.14822801661698093,35
299,0,521,243,278,0,0,0,1.0,1,1.0,1,1.0,1,0.16788638935387803,35
300,2,523,244,279,0,0,0,1.0,1,1.0,1,1.0,1,0.16657793193455622,35
301,5,528,245,283,0,0,0,1.0,1,1.0,1,1.0,1,0.07254037514382342,38
302,1,529,246,283,0,0,0,1.0,1,1.0,1,1.0,1,0.08470231893440842,38
303,1,530,247,283,0,0,0,1.0,1,1.0,1,1.0,1,0.10778490029306617,37
304,1,531,247,284,0,0,0,1.0,1,1.0,1,1.0,1,0.09630189123194684,37
305,1,532,248,284,0,0,0,1.0,1,1.0,1,1.0,1,0.1547313398723227,36
306,1,533,249,284,0,0,0,1.0,1,1.0,1,1.0,1,0.1688947523982658,36
307,0,533,249,284,0,0,0,1.0,1,1.0,1,1.0,1,0.17959124577350644,35
308,1,534,250,284,0,0,0,1.0,1,1.0,1,1.0,1,0.15589557246943547,37
309,0,534,250,284,0,0,0,1.0,1,1.0,1,1.0,1,0.15589557246943547,37
310,0,534,250,284,0,0,0,1.0,1,1.0,1,1.0,1,0.15589557246943547,37
311,1,535,251,284,0,0,0,1.0,1,1.0,1,1.0,1,0.1275811111987507,39
312,2,537,251,286,0,0,0,1.0,1,1.0,1,1.0,1,0.10635867363810216,40
313,0,537,251,286,0,0,0,1.0,1,1.0,1,1.0,1,0.12635311053995668,39
314,2,539,253,286,0,0,0,1.0,1,1.0,1,1.0,1,0.14657312256469182,40
315,2,541,255,286,0,0,0,1.0,1,1.0,1,1.0,1,0.13526345287922814,39
316,0,541,255,286,0,0,0,1.0,1,1.0,1,1.0,1,0.13526345287922814,39
317,0,541,255,286,0,0,0,1.0,1,1.0,1,1.0,1,0.10860137872844895,40
318,1,542,255,287,0,0,0,1.0,1,1.0,1,1.0,1,0.08523393736700427,41
319,1,543,256,287,0,0,0,1.0,1,1.0,1,1.0,1,0.0961146232332494,41
320,2,545,257,288,0,0,0,1.0,1,1.0,1,1.0,1,0.11268222735099438,41
321,2,547,258,289,0,0,0,1.0,1,1.0,1,1.0,1,0.12080767809922201,41
322,2,549,260,289,0,0,0,1.0,1,1.0,1,1.0,1,0.1571165159824736,41
323,0,549,260,289,0,0,0,1.0,1,1.0,1,1.0,1,0.1571165159824736,41
324,3,552,262,290,0,0,0,1.0,1,1.0,1,1.0,1,0.20647451930638502,42
325,3,555,263,292,0,0,0,1.0,1,1.0,1,1.0,1,0.18134848200486642,42
326,5,560,264,296,0,0,0,1.0,1,1.0,1,1.0,1,0.10178036399692739,42
327,0,560,264,296,0,0,0,1.0,1,1.0,1,1.0,1,0.10178036399692739,42
328,0,560,264,296,0,0,0,1.0,1,1.0,1,1.0,1,0.10596908650309443,43
329,0,560,264,296,0,0,0,1.0,1,1.0,1,1.0,1,0.10596908650309443,43
330,0,560,264,296,0,0,0,1.0,1,1.0,1,1.0,1,0.10167821118780568,45
331,0,560,264,296,0,0,0,1.0,1,1.0,1,1.0,1,0.10167821118780568,45
332,1,561,265,296,0,0,0,1.0,1,1.0,1,1.0,1,0.11986373832641191,45
333,0,561,265,296,0,0,0,1.0,1,1.0,1,1.0,1,0.12183714572102058,46
334,1,562,266,296,0,0,0,1.0,1,1.0,1,1.0,1,0.10708344622621684,48
335,1,563,267,296,0,0,0,1.0,1,1.0,1,1.0,1,0.12870880117101777,48
336,1,564,268,296,0,0,0,1.0,1,1.0,1,1.0,1,0.1532240235742059,48
337,0,564,268,296,0,0,0,1.0,1,1.0,1,1.0,1,0.16660109860599512,49
338,1,565,268,297,0,0,0,1.0,1,1.0,1,1.0,1,0.14925080152017878,50
339,1,566,269,297,0,0,0,1.0,1,1.0,1,1.0,1,0.172199207425419,50
340,0,566,269,297,0,0,0,1.0,1,1.0,1,1.0,1,0.172199207425419,50
341,1,567,269,298,0,0,0,1.0,1,1.0,1,1.0,1,0.1845002167870929,51
342,0,567,269,298,0,0,0,1.0,1,1.0,1,1.0,1,0.1845002167870929,51
343,2,569,270,299,0,0,0,1.0,1,1.0,1,1.0,1,0.1554076048978349,51
344,0,569,270,299,0,0,0,1.0,1,1.0,1,1.0,1,0.15317723589663088,50
345,0,569,270,299,0,0,0,1.0,1,1.0,1,1.0,1,0.16532249889430126,51
346,1,570,271,299,0,0,0,1.0,1,1.0,1,1.0,1,0.1468194247130949,51
347,5,575,276,299,0,0,0,1.0,1,1.0,1,1.0,1,0.17955393559580152,51
348,2,577,278,299,0,0,0,1.0,1,1.0,1,1.0,1,0.1429014411467415,53
349,2,579,280,299,0,0,0,1.0,1,1.0,1,1.0,1,0.13642127624369688,55
350,0,579,280,299,0,0,0,1.0,1,1.0,1,1.0,1,0.1570316438996126,54
351,6,585,283,302,0,0,0,1.0,1,1.0,1,1.0,1,0.07521529874612101,54
352,1,586,284,302,0,0,0,1.0,1,1.0,1,1.0,1,0.108070466005545,53
353,4,590,287,303,0,0,0,1.0,1,1.0,1,1.0,1,0.07287430023138342,53
354,1,591,288,303,0,0,0,1.0,1,1.0,1,1.0,1,0.09305266721761157,50
355,1,592,289,303,0,0,0,1.0,1,1.0,1,1.0,1,0.10131059634737685,51
356,1,593,290,303,0,0,0,1.0,1,1.0,1,1.0,1,0.09854599011436971,51
357,3,596,293,303,0,0,0,1.0,1,1.0,1,1.0,1,0.13563855138981315,50
358,3,599,296,303,0,0,0,1.0,1,1.0,1,1.0,1,0.12415274405253073,48
359,1,600,297,303,0,0,0,1.0,1,1.0,1,1.0,1,0.13961811737853946,47
360,1,601,298,303,0,0,0,1.0,1,1.0,1,1.0,1,0.10244831418346421,45
361,0,601,298,303,0,0,0,1.0,1,1.0,1,1.0,1,0.10826628572105544,44
362,1,602,298,304,0,0,0,1.0,1,1.0,1,1.0,1,0.1273986524777118,44
363,3,605,301,304,0,0,0,1.0,1,1.0,1,1.0,1,0.12656271437607125,44
364,0,605,301,304,0,0,0,1.0,1,1.0,1,1.0,1,0.14322755356138644,43
365,4,609,304,305,0,0,0,1.0,1,1.0,1,1.0,1,0.15012382892609616,43
366,1,610,305,305,0,0,0,1.0,1,1.0,1,1.0,1,0.09971373851938403,45
367,1,611,306,305,0,0,0,1.0,1,1.0,1,1.0,1,0.16971458886558716,44
368,1,612,307,305,0,0,0,1.0,1,1.0,1,1.0,1,0.17906198412156815,46
369,2,614,308,306,0,0,0,1.0,1,1.0,1,1.0,1,0.22174750966861212,45
370,0,614,308,306,0,0,0,1.0,1,1.0,1,1.0,1,0.22260735225916736,46
371,1,615,308,307,0,0,0,1.0,1,1.0,1,1.0,1,0.2371615207448022,47
372,0,615,308,307,0,0,0,1.0,1,1.0,1,1.0,1,0.23746512300564177,48
373,0,615,308,307,0,0,0,1.0,1,1.0,1,1.0,1,0.23746512300564177,48
374,5,620,311,309,0,0,0,1.0,1,1.0,1,1.0,1,0.17192054689333,49
375,0,620,311,309,0,0,0,1.0,1,1.0,1,1.0,1,0.17192054689333,49
376,6,626,315,311,0,0,0,1.0,1,1.0,1,1.0,1,0.13018733029312565,49
377,3,629,318,311,0,0,0,1.0,1,1.0,1,1.0,1,0.166143220517645,49
378,2,631,319,312,0,0,0,1.0,1,1.0,1,1.0,1,0.1300877429580068,49
379,1,632,319,313,0,0,0,1.0,1,1.0,1,1.0,1,0.13249622065593045,50
380,1,633,320,313,0,0,0,1.0,1,1.0,1,1.0,1,0.11920272316147915,50
381,1,634,321,313,0,0,0,1.0,1,1.0,1,1.0,1,0.12881165947363143,51
382,2,636,323,313,0,0,0,1.0,1,1.0,1,1.0,1,0.10550199267688858,50
383,0,636,323,313,0,0,0,1.0,1,1.0,1,1.0,1,0.11869890945309755,51
384,1,637,324,313,0,0,0,1.0,1,1.0,1,1.0,1,0.15256337471913575,50
385,0,637,324,313,0,0,0,1.0,1,1.0,1,1.0,1,0.15451241793491163,50
386,1,638,324,314,0,0,0,1.0,1,1.0,1,1.0,1,0.15549002057622668,48
387,1,639,325,314,0,0,0,1.0,1,1.0,1,1.0,1,0.20208369224146389,47
388,1,640,325,315,0,0,0,1.0,1,1.0,1,1.0,1,0.2010583734389786,48
389,2,642,327,315,0,0,0,1.0,1,1.0,1,1.0,1,0.18811692212181919,47
390,3,645,329,316,0,0,0,1.0,1,1.0,1,1.0,1,0.13638009373790783,49
391,1,646,330,316,0,0,0,1.0,1,1.0,1,1.0,1,0.149301772363903,46
392,1,647,331,316,0,0,0,1.0,1,1.0,1,1.0,1,0.16415434272946128,46
393,3,650,334,316,0,0,0,1.0,1,1.0,1,1.0,1,0.20762615426874736,44
394,0,650,334,316,0,0,0,1.0,1,1.0,1,1.0,1,0.2217637602081731,43
395,0,650,334,316,0,0,0,1.0,1,1.0,1,1.0,1,0.24634841639171828,42
396,1,651,335,316,0,0,0,1.0,1,1.0,1,1.0,1,0.2774460397007886,39
397,1,652,336,316,0,0,0,1.0,1,1.0,1,1.0,1,0.31021591922496616,39
398,0,652,336,316,0,0,0,1.0,1,1.0,1,1.0,1,0.34815811118708173,36
399,1,653,336,317,0,0,0,1.0,1,1.0,1,1.0,1,0.3143178599595843,36
400,2,655,338,317,0,0,0,1.0,1,1.0,1,1.0,1,0.343675996960897,34
401,6,661,339,322,0,0,0,1.0,1,1.0,1,1.0,1,0.18586078115197205,33
402,0,661,339,322,0,0,0,1.0,1,1.0,1,1.0,1,0.16043459158030987,34
403,0,661,339,322,0,0,0,1.0,1,1.0,1,1.0,1,0.16585573625948233,36
404,0,661,339,322,0,0,0,1.0,1,1.0,1,1.0,1,0.16585573625948233,36
405,0,661,339,322,0,0,0,1.0,1,1.0,1,1.0,1,0.1507304698851014,37
406,0,661,339,322,0,0,0,1.0,1,1.0,1,1.0,1,0.1507304698851014,37
407,5,666,343,323,0,0,0,1.0,1,1.0,1,1.0,1,0.10821401408717085,39
408,4,670,346,324,0,0,0,1.0,1,1.0,1,1.0,1,0.14383754414057745,40
409,6,676,348,328,0,0,0,1.0,1,1.0,1,1.0,1,0.21151330480395542,41
410,12,688,350,338,0,0,0,1.0,1,1.0,1,1.0,1,0.20825421330855476,42
411,4,692,350,342,0,0,0,1.0,1,1.0,1,1.0,1,0.1900229933071799,43
412,7,699,351,348,0,0,0,1.0,1,1.0,1,1.0,1,0.22522858472683455,44
413,6,705,352,353,0,0,0,1.0,1,1.0,1,1.0,1,0.18181447493151917,44
414,12,717,352,365,0,0,0,1.0,1,1.0,1,1.0,1,0.17782933637991524,45
415,5,722,352,370,0,0,0,1.0,1,1.0,1,1.0,1,0.19591924258771953,45
416,9,731,352,379,0,0,0,1.0,1,1.0,1,1.0,1,0.16591263461354275,46
417,5,736,353,383,0,0,0,1.0,1,1.0,1,1.0,1,0.1397100809480116,46
418,4,740,353,387,0,0,0,1.0,1,1.0,1,1.0,1,0.1937566811610535,47
419,5,745,353,392,0,0,0,1.0,1,1.0,1,1.0,1,0.13481026023512002,47
420,4,749,353,396,0,0,0,1.0,1,1.0,1,1.0,1,0.17084074383358397,47
421,5,754,353,401,0,0,0,1.0,1,1.0,1,1.0,1,0.12900923295194186,47
422,4,758,353,405,0,0,0,1.0,1,1.0,1,1.0,1,0.1741826373644805,49
423,7,765,353,412,0,0,0,1.0,1,1.0,1,1.0,1,0.1710954893777474,47
424,4,769,353,416,0,0,0,1.0,1,1.0,1,1.0,1,0.12175609580472518,45
425,3,772,353,419,0,0,0,1.0,1,1.0,1,1.0,1,0.10802006251210589,46
426,1,773,354,419,0,0,0,1.0,1,1.0,1,1.0,1,0.13437887416685348,46
427,3,776,355,421,0,0,0,1.0,1,1.0,1,1.0,1,0.12458907359975649,45
428,0,776,355,421,0,0,0,1.0,1,1.0,1,1.0,1,0.14543211112739374,45
429,2,778,356,422,0,0,0,1.0,1,1.0,1,1.0,1,0.09259071515566532,42
430,0,778,356,422,0,0,0,1.0,1,1.0,1,1.0,1,0.13244676019524598,40
431,2,780,358,422,0,0,0,1.0,1,1.0,1,1.0,1,0.1309938359222198,39
432,0,780,358,422,0,0,0,1.0,1,1.0,1,1.0,1,0.15211467723668926,37
433,3,783,361,422,0,0,0,1.0,1,1.0,1,1.0,1,0.20320223367808052,35
434,1,784,362,422,0,0,0,1.0,1,1.0,1,1.0,1,0.26472217934895853,33
435,0,784,362,422,0,0,0,1.0,1,1.0,1,1.0,1,0.26472217934895853,33
436,0,784,362,422,0,0,0,1.0,1,1.0,1,1.0,1,0.26472217934895853,33
437,2,786,364,422,0,0,0,1.0,1,1.0,1,1.0,1,0.26818842601401016,33
438,0,786,364,422,0,0,0,1.0,1,1.0,1,1.0,1,0.3007797642656265,32
439,4,790,367,423,0,0,0,1.0,1,1.0,1,1.0,1,0.27025772146616256,34
440,1,791,368,423,0,0,0,1.0,1,1.0,1,1.0,1,0.2812007182471147,34
441,3,794,369,425,0,0,0,1.0,1,1.0,1,1.0,1,0.2552957173535107,35
442,2,796,371,425,0,0,0,1.0,1,1.0,1,1.0,1,0.2782086188750075,37
443,5,801,374,427,0,0,0,1.0,1,1.0,1,1.0,1,0.27348343604465364,37
444,1,802,374,428,0,0,0,1.0,1,1.0,1,1.0,1,0.22538289429063849,38
445,0,802,374,428,0,0,0,1.0,1,1.0,1,1.0,1,0.2127051791031421,39
446,0,802,374,428,0,0,0,1.0,1,1.0,1,1.0,1,0.2127051791031421,39
447,0,802,374,428,0,0,0,1.0,1,1.0,1,1.0,1,0.19160490214436485,41
448,0,802,374,428,0,0,0,1.0,1,1.0,1,1.0,1,0.19160490214436485,41
449,0,802,374,428,0,0,0,1.0,1,1.0,1,1.0,1,0.20178232815633818,40
450,0,802,374,428,0,0,0,1.0,1,1.0,1,1.0,1,0.17946345092774302,40
451,4,806,374,432,0,0,0,1.0,1,1.0,1,1.0,1,0.08380373853403233,41
452,0,806,374,432,0,0,0,1.0,1,1.0,1,1.0,1,0.08380373853403233,41
453,2,808,376,432,0,0,0,1.0,1,1.0,1,1.0,1,0.11413295186495695,40
454,0,808,376,432,0,0,0,1.0,1,1.0,1,1.0,1,0.1053021822014386,41
455,3,811,379,432,0,0,0,1.0,1,1.0,1,1.0,1,0.0995448215471241,41
456,2,813,379,434,0,0,0,1.0,1,1.0,1,1.0,1,0.08276736367391388,43
457,1,814,380,434,0,0,0,1.0,1,1.0,1,1.0,1,0.10625442274698627,43
458,1,815,381,434,0,0,0,1.0,1,1.0,1,1.0,1,0.09283786368846257,43
459,0,815,381,434,0,0,0,1.0,1,1.0,1,1.0,1,0.07292777291465594,44
460,1,816,382,434,0,0,0,1.0,1,1.0,1,1.0,1,0.06964763328275406,47
461,1,817,383,434,0,0,0,1.0,1,1.0,1,1.0,1,0.06567287625847659,48
462,0,817,383,434,0,0,0,1.0,1,1.0,1,1.0,1,0.04749258078611088,49
463,0,817,383,434,0,0,0,1.0,1,1.0,1,1.0,1,0.08469546273489083,47
464,1,818,384,434,0,0,0,1.0,1,1.0,1,1.0,1,0.04490158661130977,48
465,4,822,388,434,0,0,0,1.0,1,1.0,1,1.0,1,0.06860217996331926,47
466,3,825,391,434,0,0,0,1.0,1,1.0,1,1.0,1,0.09984410682213041,46
467,3,828,394,434,0,0,0,1.0,1,1.0,1,1.0,1,0.08013406041636253,44
468,3,831,397,434,0,0,0,1.0,1,1.0,1,1.0,1,0.12737948401643961,41
469,5,836,401,435,0,0,0,1.0,1,1.0,1,1.0,1,0.1109464010484678,40
470,2,838,402,436,0,0,0,1.0,1,1.0,1,1.0,1,0.11599504167774655,39
471,2,840,404,436,0,0,0,1.0,1,1.0,1,1.0,1,0.10427845553216744,38
472,1,841,405,436,0,0,0,1.0,1,1.0,1,1.0,1,0.14518281032801145,36
473,3,844,407,437,0,0,0,1.0,1,1.0,1,1.0,1,0.14945672101067953,36
474,2,846,409,437,0,0,0,1.0,1,1.0,1,1.0,1,0.14116968903785007,34
475,1,847,410,437,0,0,0,1.0,1,1.0,1,1.0,1,0.15982307731337891,34
476,3,850,411,439,0,0,0,1.0,1,1.0,1,1.0,1,0.14788706511312133,32
477,0,850,411,439,0,0,0,1.0,1,1.0,1,1.0,1,0.14813273806027463,32
478,1,851,412,439,0,0,0,1.0,1,1.0,1,1.0,1,0.15707470194670908,30
479,0,851,412,439,0,0,0,1.0,1,1.0,1,1.0,1,0.17122079632186302,31
480,0,851,412,439,0,0,0,1.0,1,1.0,1,1.0,1,0.1659231378982493,27
481,1,852,413,439,0,0,0,1.0,1,1.0,1,1.0,1,0.12144413866235158,28
482,2,854,415,439,0,0,0,1.0,1,1.0,1,1.0,1,0.1243121287178331,28
483,2,856,417,439,0,0,0,1.0,1,1.0,1,1.0,1,0.09657178597733995,29
484,1,857,418,439,0,0,0,1.0,1,1.0,1,1.0,1,0.1314692293293967,29
485,0,857,418,439,0,0,0,1.0,1,1.0,1,1.0,1,0.1314692293293967,29
486,1,858,419,439,0,0,0,1.0,1,1.0,1,1.0,1,0.13839485327979886,31
487,1,859,419,440,0,0,0,1.0,1,1.0,1,1.0,1,0.12992703277582818,33
488,1,860,419,441,0,0,0,1.0,1,1.0,1,1.0,1,0.10928998677095375,34
489,2,862,421,441,0,0,0,1.0,1,1.0,1,1.0,1,0.17428534824035538,34
490,1,863,421,442,0,0,0,1.0,1,1.0,1,1.0,1,0.14018617162140978,34
491,1,864,421,443,0,0,0,1.0,1,1.0,1,1.0,1,0.12590937148188067,34
492,1,865,421,444,0,0,0,1.0,1,1.0,1,1.0,1,0.10885978317240785,34
493,3,868,424,444,0,0,0,1.0,1,1.0,1,1.0,1,0.10724020102302258,34
494,0,868,424,444,0,0,0,1.0,1,1.0,1,1.0,1,0.13410646835708878,36
495,1,869,425,444,0,0,0,1.0,1,1.0,1,1.0,1,0.1243113264971021,36
496,0,869,425,444,0,0,0,1.0,1,1.0,1,1.0,1,0.09789149848976317,37
497,1,870,425,445,0,0,0,1.0,1,1.0,1,1.0,1,0.08591387201509339,39
498,1,871,426,445,0,0,0,1.0,1,1.0,1,1.0,1,0.10003317523000273,40
499,0,871,426,445,0,0,0,1.0,1,1.0,1,1.0,1,0.10003317523000273,40
500,1,872,427,445,0,0,0,1.0,1,1.0,1,1.0,1,0.10876076754736365,42
501,3,875,429,446,0,0,0,1.0,1,1.0,1,1.0,1,0.09441794391360406,42
502,1,876,429,447,0,0,0,1.0,1,1.0,1,1.0,1,0.06005946422675862,42
503,4,880,432,448,0,0,0,1.0,1,1.0,1,1.0,1,0.0914687136035884,41
504,1,881,432,449,0,0,0,1.0,1,1.0,1,1.0,1,0.09335570846794969,42
505,2,883,434,449,0,0,0,1.0,1,1.0,1,1.0,1,0.14473586554733606,38
506,0,883,434,449,0,0,0,1.0,1,1.0,1,1.0,1,0.16179610651424747,37
507,1,884,435,449,0,0,0,1.0,1,1.0,1,1.0,1,0.16798579847329329,35
508,2,886,437,449,0,0,0,1.0,1,1.0,1,1.0,1,0.20707046808047191,35
509,1,887,438,449,0,0,0,1.0,1,1.0,1,1.0,1,0.23829901180114685,34
510,0,887,438,449,0,0,0,1.0,1,1.0,1,1.0,1,0.25198087609623715,34
511,2,889,440,449,0,0,0,1.0,1,1.0,1,1.0,1,0.18248928813693338,32
512,1,890,440,450,0,0,0,1.0,1,1.0,1,1.0,1,0.17588362735967017,30
513,1,891,441,450,0,0,0,1.0,1,1.0,1,1.0,1,0.17390598071407723,31
514,0,891,441,450,0,0,0,1.0,1,1.0,1,1.0,1,0.17390598071407723,31
515,1,892,442,450,0,0,0,1.0,1,1.0,1,1.0,1,0.18284640171376385,32
516,0,892,442,450,0,0,0,1.0,1,1.0,1,1.0,1,0.16722507545866605,31
517,2,894,444,450,0,0,0,1.0,1,1.0,1,1.0,1,0.13107124159575143,32
518,0,894,444,450,0,0,0,1.0,1,1.0,1,1.0,1,0.12231445263299986,31
519,2,896,446,450,0,0,0,1.0,1,1.0,1,1.0,1,0.10831563034260729,31
520,2,898,448,450,0,0,0,1.0,1,1.0,1,1.0,1,0.1402797019481183,33
521,1,899,449,450,0,0,0,1.0,1,1.0,1,1.0,1,0.11948362399671993,34
522,2,901,451,450,0,0,0,1.0,1,1.0,1,1.0,1,0.07111599969992698,34
523,0,901,451,450,0,0,0,1.0,1,1.0,1,1.0,1,0.08773576546361753,33
524,2,903,453,450,0,0,0,1.0,1,1.0,1,1.0,1,0.09524279372410828,34
525,0,903,453,450,0,0,0,1.0,1,1.0,1,1.0,1,0.10141999467138259,32
526,2,905,454,451,0,0,0,1.0,1,1.0,1,1.0,1,0.09587396497272539,32
527,0,905,454,451,0,0,0,1.0,1,1.0,1,1.0,1,0.09844476483426307,31
528,0,905,454,451,0,0,0,1.0,1,1.0,1,1.0,1,0.09844476483426307,31
529,0,905,454,451,0,0,0,1.0,1,1.0,1,1.0,1,0.12367718664579994,30
530,1,906,455,451,0,0,0,1.0,1,1.0,1,1.0,1,0.1581869291313832,30
531,1,907,456,451,0,0,0,1.0,1,1.0,1,1.0,1,0.1839070862662053,32
532,7,914,459,455,0,0,0,1.0,1,1.0,1,1.0,1,0.13771097187133258,32
533,3,917,462,455,0,0,0,1.0,1,1.0,1,1.0,1,0.1858393258729075,34
534,1,918,463,455,0,0,0,1.0,1,1.0,1,1.0,1,0.20938859518535838,34
535,3,921,464,457,0,0,0,1.0,1,1.0,1,1.0,1,0.22056785813096505,37
536,2,923,464,459,0,0,0,1.0,1,1.0,1,1.0,1,0.2388441313282148,37
537,3,926,465,461,0,0,0,1.0,1,1.0,1,1.0,1,0.2520746853651775,37
538,2,928,465,463,0,0,0,1.0,1,1.0,1,1.0,1,0.2608436083877906,38
539,2,930,465,465,0,0,0,1.0,1,1.0,1,1.0,1,0.23277087789190307,38
540,0,930,465,465,0,0,0,1.0,1,1.0,1,1.0,1,0.23277087789190307,38
541,1,931,465,466,0,0,0,1.0,1,1.0,1,1.0,1,0.1842033177326474,39
542,1,932,466,466,0,0,0,1.0,1,1.0,1,1.0,1,0.18687846022559945,40
543,2,934,468,466,0,0,0,1.0,1,1.0,1,1.0,1,0.22112172378023864,37
544,0,934,468,466,0,0,0,1.0,1,1.0,1,1.0,1,0.2223359485539295,35
545,2,936,470,466,0,0,0,1.0,1,1.0,1,1.0,1,0.18362354909564862,35
546,1,937,471,466,0,0,0,1.0,1,1.0,1,1.0,1,0.17815119010292116,35
547,2,939,473,466,0,0,0,1.0,1,1.0,1,1.0,1,0.1967460847843238,34
548,1,940,474,466,0,0,0,1.0,1,1.0,1,1.0,1,0.23347049720763488,34
549,1,941,475,466,0,0,0,1.0,1,1.0,1,1.0,1,0.26759195463034485,31
550,0,941,475,466,0,0,0,1.0,1,1.0,1,1.0,1,0.25382558933785204,30
551,2,943,477,466,0,0,0,1.0,1,1.0,1,1.0,1,0.22801935165494414,31
552,0,943,477,466,0,0,0,1.0,1,1.0,1,1.0,1,0.191299982456349,29
553,1,944,477,467,0,0,0,1.0,1,1.0,1,1.0,1,0.14785234173123843,30
554,0,944,477,467,0,0,0,1.0,1,1.0,1,1.0,1,0.13338222223234134,30
555,2,946,477,469,0,0,0,1.0,1,1.0,1,1.0,1,0.06464924118061795,30
556,1,947,477,470,0,0,0,1.0,1,1.0,1,1.0,1,0.05214289253702631,31
557,1,948,478,470,0,0,0,1.0,1,1.0,1,1.0,1,0.08489775377137813,31
558,1,949,479,470,0,0,0,1.0,1,1.0,1,1.0,1,0.09421157761097314,31
559,1,950,480,470,0,0,0,1.0,1,1.0,1,1.0,1,0.06882022965799532,31
560,3,953,481,472,0,0,0,1.0,1,1.0,1,1.0,1,0.052560209583410476,32
561,5,958,483,475,0,0,0,1.0,1,1.0,1,1.0,1,0.13876593658368053,33
562,3,961,484,477,0,0,0,1.0,1,1.0,1,1.0,1,0.17121031224560726,33
563,5,966,486,480,0,0,0,1.0,1,1.0,1,1.0,1,0.19655177081195468,33
564,5,971,486,485,0,0,0,1.0,1,1.0,1,1.0,1,0.19509900465199856,34
565,3,974,486,488,0,0,0,1.0,1,1.0,1,1.0,1,0.199548264815337,35
566,0,974,486,488,0,0,0,1.0,1,1.0,1,1.0,1,0.2009341092770125,36
567,0,974,486,488,0,0,0,1.0,1,1.0,1,1.0,1,0.17129128451228848,37
568,0,974,486,488,0,0,0,1.0,1,1.0,1,1.0,1,0.1598461187011434,36
569,3,977,488,489,0,0,0,1.0,1,1.0,1,1.0,1,0.1311121497109104,37
570,1,978,488,490,0,0,0,1.0,1,1.0,1,1.0,1,0.13972532616533992,38
571,1,979,489,490,0,0,0,1.0,1,1.0,1,1.0,1,0.17029178222902383,38
572,0,979,489,490,0,0,0,1.0,1,1.0,1,1.0,1,0.15287576734664032,39
573,0,979,489,490,0,0,0,1.0,1,1.0,1,1.0,1,0.15287576734664032,39
574,0,979,489,490,0,0,0,1.0,1,1.0,1,1.0,1,0.12011254267907757,41
575,0,979,489,490,0,0,0,1.0,1,1.0,1,1.0,1,0.12011254267907757,41
576,2,981,489,492,0,0,0,1.0,1,1.0,1,1.0,1,0.027040397429171695,42
577,0,981,489,492,0,0,0,1.0,1,1.0,1,1.0,1,0.027040397429171695,42
578,1,982,490,492,0,0,0,1.0,1,1.0,1,1.0,1,0.03295236995245825,41
579,0,982,490,492,0,0,0,1.0,1,1.0,1,1.0,1,0.027332229310028617,42
580,2,984,492,492,0,0,0,1.0,1,1.0,1,1.0,1,0.08024994508118312,43
581,2,986,494,492,0,0,0,1.0,1,1.0,1,1.0,1,0.08923182550538822,42
582,0,986,494,492,0,0,0,1.0,1,1.0,1,1.0,1,0.0820881793129219,41
583,3,989,497,492,0,0,0,1.0,1,1.0,1,1.0,1,0.10353737599039335,40
584,0,989,497,492,0,0,0,1.0,1,1.0,1,1.0,1,0.08604032233461952,38
585,5,994,502,492,0,0,0,1.0,1,1.0,1,1.0,1,0.18832219854730942,38
586,3,997,505,492,0,0,0,1.0,1,1.0,1,1.0,1,0.18569492341943794,37
587,2,999,507,492,0,0,0,1.0,1,1.0,1,1.0,1,0.22508482613373124,35
588,3,1002,510,492,0,0,0,1.0,1,1.0,1,1.0,1,0.18175372757467484,35
589,0,1002,510,492,0,0,0,1.0,1,1.0,1,1.0,1,0.20287241387236649,34
590,1,1003,511,492,0,0,0,1.0,1,1.0,1,1.0,1,0.15757713265467543,36
591,2,1005,513,492,0,0,0,1.0,1,1.0,1,1.0,1,0.10964281568187098,35
592,0,1005,513,492,0,0,0,1.0,1,1.0,1,1.0,1,0.10411190450625019,37
593,3,1008,516,492,0,0,0,1.0,1,1.0,1,1.0,1,0.01600377131875706,36
594,1,1009,517,492,0,0,0,1.0,1,1.0,1,1.0,1,0.05098969530302824,35
595,2,1011,519,492,0,0,0,1.0,1,1.0,1,1.0,1,0.13319677698644652,34
596,2,1013,521,492,0,0,0,1.0,1,1.0,1,1.0,1,0.13350275883109447,34
597,3,1016,524,492,0,0,0,1.0,1,1.0,1,1.0,1,0.15862902327024547,33
598,0,1016,524,492,0,0,0,1.0,1,1.0,1,1.0,1,0.20441585034219784,33
599,2,1018,526,492,0,0,0,1.0,1,1.0,1,1.0,1,0.2335217352055332,33
600,1,1019,527,492,0,0,0,1.0,1,1.0,1,1.0,1,0.24472356904975665,33
601,3,1022,527,495,0,0,0,1.0,1,1.0,1,1.0,1,0.1645121915507096,34
602,1,1023,527,496,0,0,0,1.0,1,1.0,1,1.0,1,0.1754972452827586,35
603,2,1025,527,498,0,0,0,1.0,1,1.0,1,1.0,1,0.1417365278777921,35
604,0,1025,527,498,0,0,0,1.0,1,1.0,1,1.0,1,0.1316769414721553,35
605,0,1025,527,498,0,0,0,1.0,1,1.0,1,1.0,1,0.1678579869992065,35
606,0,1025,527,498,0,0,0,1.0,1,1.0,1,1.0,1,0.1529787250324066,35
607,0,1025,527,498,0,0,0,1.0,1,1.0,1,1.0,1,0.1529787250324066,35
608,0,1025,527,498,0,0,0,1.0,1,1.0,1,1.0,1,0.17746278387616507,36
609,0,1025,527,498,0,0,0,1.0,1,1.0,1,1.0,1,0.17945033815025288,37
610,0,1025,527,498,0,0,0,1.0,1,1.0,1,1.0,1,0.17945033815025288,37
611,3,1028,529,499,0,0,0,1.0,1,1.0,1,1.0,1,0.13417623832395553,39
612,3,1031,530,501,0,0,0,1.0,1,1.0,1,1.0,1,0.11984086408915949,39
613,2,1033,532,501,0,0,0,1.0,1,1.0,1,1.0,1,0.1051087062457562,39
614,2,1035,533,502,0,0,0,1.0,1,1.0,1,1.0,1,0.12734556957146645,39
615,3,1038,534,504,0,0,0,1.0,1,1.0,1,1.0,1,0.0798454189640344,39
616,1,1039,535,504,0,0,0,1.0,1,1.0,1,1.0,1,0.13812825565618236,38
617,3,1042,537,505,0,0,0,1.0,1,1.0,1,1.0,1,0.10838436575480959,39
618,1,1043,538,505,0,0,0,1.0,1,1.0,1,1.0,1,0.14948679656935998,40
619,3,1046,540,506,0,0,0,1.0,1,1.0,1,1.0,1,0.1172559144463278,39
620,2,1048,541,507,0,0,0,1.0,1,1.0,1,1.0,1,0.09681197033627639,38
621,2,1050,543,507,0,0,0,1.0,1,1.0,1,1.0,1,0.10995193730731953,38
622,2,1052,545,507,0,0,0,1.0,1,1.0,1,1.0,1,0.02397246118809992,38
623,2,1054,547,507,0,0,0,1.0,1,1.0,1,1.0,1,0.04181611886464583,37
624,3,1057,550,507,0,0,0,1.0,1,1.0,1,1.0,1,0.071139156518158,33
625,2,1059,552,507,0,0,0,1.0,1,1.0,1,1.0,1,0.06412776439625609,32
626,1,1060,553,507,0,0,0,1.0,1,1.0,1,1.0,1,0.05144856353665945,31
627,3,1063,556,507,0,0,0,1.0,1,1.0,1,1.0,1,0.15615979140854133,30
628,5,1068,559,509,0,0,0,1.0,1,1.0,1,1.0,1,0.1118160058501476,32
629,0,1068,559,509,0,0,0,1.0,1,1.0,1,1.0,1,0.09273639522158146,29
630,1,1069,560,509,0,0,0,1.0,1,1.0,1,1.0,1,0.131971992981375,29
631,2,1071,562,509,0,0,0,1.0,1,1.0,1,1.0,1,0.20000304429312699,25
632,0,1071,562,509,0,0,0,1.0,1,1.0,1,1.0,1,0.21785956787976216,24
633,1,1072,563,509,0,0,0,1.0,1,1.0,1,1.0,1,0.2825629882161464,23
634,0,1072,563,509,0,0,0,1.0,1,1.0,1,1.0,1,0.2825629882161464,23
635,1,1073,564,509,0,0,0,1.0,1,1.0,1,1.0,1,0.29901441326458844,22
636,0,1073,564,509,0,0,0,1.0,1,1.0,1,1.0,1,0.34798576494519956,22
637,0,1073,564,509,0,0,0,1.0,1,1.0,1,1.0,1,0.3226629439790837,23
638,2,1075,566,509,0,0,0,1.0,1,1.0,1,1.0,1,0.3395842064328738,23
639,0,1075,566,509,0,0,0,1.0,1,1.0,1,1.0,1,0.3185340621593815,24
640,2,1077,568,509,0,0,0,1.0,1,1.0,1,1.0,1,0.3201847272064885,24
641,0,1077,568,509,0,0,0,1.0,1,1.0,1,1.0,1,0.3393638178795797,25
642,0,1077,568,509,0,0,0,1.0,1,1.0,1,1.0,1,0.29303323015316185,26
643,1,1078,569,509,0,0,0,1.0,1,1.0,1,1.0,1,0.2595010902147078,28
644,1,1079,570,509,0,0,0,1.0,1,1.0,1,1.0,1,0.2792848122405377,28
645,2,1081,571,510,0,0,0,1.0,1,1.0,1,1.0,1,0.25491242616533744,28
646,0,1081,571,510,0,0,0,1.0,1,1.0,1,1.0,1,0.2547177152501782,29
647,1,1082,572,510,0,0,0,1.0,1,1.0,1,1.0,1,0.240782370690489,30
648,1,1083,573,510,0,0,0,1.0,1,1.0,1,1.0,1,0.25692817947448093,30
649,2,1085,575,510,0,0,0,1.0,1,1.0,1,1.0,1,0.25540279898589346,31
650,2,1087,577,510,0,0,0,1.0,1,1.0,1,1.0,1,0.23720362424347508,31
651,4,1091,578,513,0,0,0,1.0,1,1.0,1,1.0,1,0.08995737802802443,32
652,0,1091,578,513,0,0,0,1.0,1,1.0,1,1.0,1,0.08995737802802443,32
653,1,1092,579,513,0,0,0,1.0,1,1.0,1,1.0,1,0.07484444527961752,33
654,1,1093,580,513,0,0,0,1.0,1,1.0,1,1.0,1,0.06694607277504612,33
655,1,1094,581,513,0,0,0,1.0,1,1.0,1,1.0,1,0.07830197192392546,36
656,1,1095,582,513,0,0,0,1.0,1,1.0,1,1.0,1,0.10569343226211272,36
657,1,1096,583,513,0,0,0,1.0,1,1.0,1,1.0,1,0.1090032715837178,35
658,2,1098,585,513,0,0,0,1.0,1,1.0,1,1.0,1,0.15240721956874326,33
659,3,1101,587,514,0,0,0,1.0,1,1.0,1,1.0,1,0.17336421339940858,35
660,0,1101,587,514,0,0,0,1.0,1,1.0,1,1.0,1,0.13175099471914664,34
661,2,1103,588,515,0,0,0,1.0,1,1.0,1,1.0,1,0.1342038436314957,33
662,1,1104,589,515,0,0,0,1.0,1,1.0,1,1.0,1,0.11903259887036931,31
663,1,1105,590,515,0,0,0,1.0,1,1.0,1,1.0,1,0.1665114225375518,29
664,0,1105,590,515,0,0,0,1.0,1,1.0,1,1.0,1,0.16112824241194512,27
665,1,1106,591,515,0,0,0,1.0,1,1.0,1,1.0,1,0.1849667558032745,27
666,0,1106,591,515,0,0,0,1.0,1,1.0,1,1.0,1,0.18719152197020505,28
667,1,1107,592,515,0,0,0,1.0,1,1.0,1,1.0,1,0.13228219462679197,26
668,1,1108,593,515,0,0,0,1.0,1,1.0,1,1.0,1,0.14361463723257836,26
669,5,1113,598,515,0,0,0,1.0,1,1.0,1,1.0,1,0.09046120522668415,25
670,0,1113,598,515,0,0,0,1.0,1,1.0,1,1.0,1,0.11751794171965141,24
671,0,1113,598,515,0,0,0,1.0,1,1.0,1,1.0,1,0.11751794171965141,24
672,1,1114,599,515,0,0,0,1.0,1,1.0,1,1.0,1,0.19205508322815953,25
673,2,1116,601,515,0,0,0,1.0,1,1.0,1,1.0,1,0.24593209822492282,25
674,1,1117,601,516,0,0,0,1.0,1,1.0,1,1.0,1,0.22439467987849104,25
675,1,1118,602,516,0,0,0,1.0,1,1.0,1,1.0,1,0.24666681917482491,26
676,6,1124,605,519,0,0,0,1.0,1,1.0,1,1.0,1,0.12656612367530085,27
677,0,1124,605,519,0,0,0,1.0,1,1.0,1,1.0,1,0.12994549104747577,28
678,1,1125,606,519,0,0,0,1.0,1,1.0,1,1.0,1,0.16391725148762284,28
679,1,1126,607,519,0,0,0,1.0,1,1.0,1,1.0,1,0.1155298660620231,30
680,0,1126,607,519,0,0,0,1.0,1,1.0,1,1.0,1,0.15393286288634567,29
681,0,1126,607,519,0,0,0,1.0,1,1.0,1,1.0,1,0.15393286288634567,29
682,0,1126,607,519,0,0,0,1.0,1,1.0,1,1.0,1,0.14496007550796244,30
683,0,1126,607,519,0,0,0,1.0,1,1.0,1,1.0,1,0.14496007550796244,30
684,0,1126,607,519,0,0,0,1.0,1,1.0,1,1.0,1,0.14918864110172186,31
685,0,1126,607,519,0,0,0,1.0,1,1.0,1,1.0,1,0.1293090804307323,30
686,5,1131,611,520,0,0,0,1.0,1,1.0,1,1.0,1,0.060204233940137616,30
687,1,1132,612,520,0,0,0,1.0,1,1.0,1,1.0,1,0.04843437190210107,30
688,0,1132,612,520,0,0,0,1.0,1,1.0,1,1.0,1,0.06508589322946531,31
689,1,1133,613,520,0,0,0,1.0,1,1.0,1,1.0,1,0.08096659072984577,32
690,0,1133,613,520,0,0,0,1.0,1,1.0,1,1.0,1,0.08096659072984577,32
691,1,1134,614,520,0,0,0,1.0,1,1.0,1,1.0,1,0.13327685072730863,32
692,3,1137,617,520,0,0,0,1.0,1,1.0,1,1.0,1,0.14144503685571053,32
693,1,1138,618,520,0,0,0,1.0,1,1.0,1,1.0,1,0.1294555612921433,34
694,2,1140,620,520,0,0,0,1.0,1,1.0,1,1.0,1,0.19603779804277127,36
695,1,1141,621,520,0,0,0,1.0,1,1.0,1,1.0,1,0.19025369516318127,34
696,0,1141,621,520,0,0,0,1.0,1,1.0,1,1.0,1,0.17560821036638924,33
697,0,1141,621,520,0,0,0,1.0,1,1.0,1,1.0,1,0.1764731603995946,33
698,2,1143,623,520,0,0,0,1.0,1,1.0,1,1.0,1,0.2182500497610705,34
699,0,1143,623,520,0,0,0,1.0,1,1.0,1,1.0,1,0.20196785396910036,33
700,1,1144,624,520,0,0,0,1.0,1,1.0,1,1.0,1,0.1716676808657736,32
701,3,1147,624,523,0,0,0,1.0,1,1.0,1,1.0,1,0.10734620291739837,33
702,1,1148,625,523,0,0,0,1.0,1,1.0,1,1.0,1,0.10528475018564235,34
703,2,1150,627,523,0,0,0,1.0,1,1.0,1,1.0,1,0.08248336434311908,32
704,1,1151,628,523,0,0,0,1.0,1,1.0,1,1.0,1,0.09544868106577373,31
705,4,1155,630,525,0,0,0,1.0,1,1.0,1,1.0,1,0.03800384010771059,33
706,1,1156,631,525,0,0,0,1.0,1,1.0,1,1.0,1,0.1057913519371859,33
707,1,1157,632,525,0,0,0,1.0,1,1.0,1,1.0,1,0.15694662413659446,31
708,2,1159,633,526,0,0,0,1.0,1,1.0,1,1.0,1,0.19062283078581893,31
709,1,1160,634,526,0,0,0,1.0,1,1.0,1,1.0,1,0.20097793194323668,30
710,0,1160,634,526,0,0,0,1.0,1,1.0,1,1.0,1,0.20097793194323668,30
711,0,1160,634,526,0,0,0,1.0,1,1.0,1,1.0,1,0.184235266910853,30
712,0,1160,634,526,0,0,0,1.0,1,1.0,1,1.0,1,0.18493853897743817,30
713,0,1160,634,526,0,0,0,1.0,1,1.0,1,1.0,1,0.20425084741776872,31
714,1,1161,635,526,0,0,0,1.0,1,1.0,1,1.0,1,0.186550621538835,31
715,1,1162,635,527,0,0,0,1.0,1,1.0,1,1.0,1,0.1830751792037655,30
716,0,1162,635,527,0,0,0,1.0,1,1.0,1,1.0,1,0.143173650874493,31
717,2,1164,636,528,0,0,0,1.0,1,1.0,1,1.0,1,0.15620974276987787,32
718,1,1165,637,528,0,0,0,1.0,1,1.0,1,1.0,1,0.1764256391065732,32
719,2,1167,639,528,0,0,0,1.0,1,1.0,1,1.0,1,0.19501201896484882,32
720,0,1167,639,528,0,0,0,1.0,1,1.0,1,1.0,1,0.15697456192538206,34
721,2,1169,640,529,0,0,0,1.0,1,1.0,1,1.0,1,0.16902702271032524,34
722,0,1169,640,529,0,0,0,1.0,1,1.0,1,1.0,1,0.16902702271032524,34
723,0,1169,640,529,0,0,0,1.0,1,1.0,1,1.0,1,0.18067879019377384,35
724,0,1169,640,529,0,0,0,1.0,1,1.0,1,1.0,1,0.18295007142535857,36
725,2,1171,640,531,0,0,0,1.0,1,1.0,1,1.0,1,0.19360900651330237,37
726,1,1172,640,532,0,0,0,1.0,1,1.0,1,1.0,1,0.16760905624629172,37
727,0,1172,640,532,0,0,0,1.0,1,1.0,1,1.0,1,0.18259230108326263,38
728,1,1173,641,532,0,0,0,1.0,1,1.0,1,1.0,1,0.19691227976807862,39
729,2,1175,641,534,0,0,0,1.0,1,1.0,1,1.0,1,0.1718634872448685,39
730,0,1175,641,534,0,0,0,1.0,1,1.0,1,1.0,1,0.16362592802613185,40
731,1,1176,642,534,0,0,0,1.0,1,1.0,1,1.0,1,0.18951897773311205,40
732,1,1177,642,535,0,0,0,1.0,1,1.0,1,1.0,1,0.19791405364120165,41
733,2,1179,644,535,0,0,0,1.0,1,1.0,1,1.0,1,0.21949567704345135,41
734,2,1181,645,536,0,0,0,1.0,1,1.0,1,1.0,1,0.20456431022087312,42
735,2,1183,645,538,0,0,0,1.0,1,1.0,1,1.0,1,0.13106145661875912,42
736,0,1183,645,538,0,0,0,1.0,1,1.0,1,1.0,1,0.11943867217109334,41
737,1,1184,646,538,0,0,0,1.0,1,1.0,1,1.0,1,0.1645787767763266,41
738,1,1185,646,539,0,0,0,1.0,1,1.0,1,1.0,1,0.11947181648226844,39
739,1,1186,646,540,0,0,0,1.0,1,1.0,1,1.0,1,0.09046224838085203,39
740,0,1186,646,540,0,0,0,1.0,1,1.0,1,1.0,1,0.07984899057514226,39
741,0,1186,646,540,0,0,0,1.0,1,1.0,1,1.0,1,0.08670086067290078,38
742,0,1186,646,540,0,0,0,1.0,1,1.0,1,1.0,1,0.07986349729113112,39
743,1,1187,647,540,0,0,0,1.0,1,1.0,1,1.0,1,0.06203021771833508,39
744,3,1190,650,540,0,0,0,1.0,1,1.0,1,1.0,1,0.05944619778893295,39
745,3,1193,653,540,0,0,0,1.0,1,1.0,1,1.0,1,0.10075682249732121,39
746,3,1196,656,540,0,0,0,1.0,1,1.0,1,1.0,1,0.11466476042648778,40
747,1,1197,657,540,0,0,0,1.0,1,1.0,1,1.0,1,0.116784136135268,41
748,1,1198,658,540,0,0,0,1.0,1,1.0,1,1.0,1,0.10215670177284025,41
749,0,1198,658,540,0,0,0,1.0,1,1.0,1,1.0,1,0.10215670177284025,41
750,3,1201,661,540,0,0,0,1.0,1,1.0,1,1.0,1,0.12472193490250406,39
751,3,1204,663,541,0,0,0,1.0,1,1.0,1,1.0,1,0.07182127045080476,41
752,5,1209,667,542,0,0,0,1.0,1,1.0,1,1.0,1,0.1499157620039428,41
753,5,1214,667,547,0,0,0,1.0,1,1.0,1,1.0,1,0.14571485473813822,41
754,2,1216,668,548,0,0,0,1.0,1,1.0,1,1.0,1,0.16543801304218642,41
755,1,1217,668,549,0,0,0,1.0,1,1.0,1,1.0,1,0.18481612686646567,41
756,0,1217,668,549,0,0,0,1.0,1,1.0,1,1.0,1,0.18481612686646567,41
757,1,1218,669,549,0,0,0,1.0,1,1.0,1,1.0,1,0.23572602849001195,39
758,0,1218,669,549,0,0,0,1.0,1,1.0,1,1.0,1,0.2223814549022232,39
759,0,1218,669,549,0,0,0,1.0,1,1.0,1,1.0,1,0.22244868959287475,39
760,0,1218,669,549,0,0,0,1.0,1,1.0,1,1.0,1,0.23949411926142095,40
761,0,1218,669,549,0,0,0,1.0,1,1.0,1,1.0,1,0.2271330326710274,41
762,0,1218,669,549,0,0,0,1.0,1,1.0,1,1.0,1,0.22785343451488768,42
763,0,1218,669,549,0,0,0,1.0,1,1.0,1,1.0,1,0.24103095361542157,43
764,1,1219,669,550,0,0,0,1.0,1,1.0,1,1.0,1,0.22971352009699675,43
765,2,1221,669,552,0,0,0,1.0,1,1.0,1,1.0,1,0.21232597419650243,45
766,2,1223,669,554,0,0,0,1.0,1,1.0,1,1.0,1,0.19030390376415457,45
767,2,1225,669,556,0,0,0,1.0,1,1.0,1,1.0,1,0.16066155404767327,46
768,0,1225,669,556,0,0,0,1.0,1,1.0,1,1.0,1,0.14992491017553664,45
769,1,1226,670,556,0,0,0,1.0,1,1.0,1,1.0,1,0.19153585856368535,46
770,1,1227,670,557,0,0,0,1.0,1,1.0,1,1.0,1,0.16340146558069563,47
771,5,1232,674,558,0,0,0,1.0,1,1.0,1,1.0,1,0.17994442347487075,47
772,0,1232,674,558,0,0,0,1.0,1,1.0,1,1.0,1,0.1702362606321197,46
773,2,1234,676,558,0,0,0,1.0,1,1.0,1,1.0,1,0.16488615041743837,45
774,0,1234,676,558,0,0,0,1.0,1,1.0,1,1.0,1,0.13201689852926074,45
775,4,1238,678,560,0,0,0,1.0,1,1.0,1,1.0,1,0.1453454925507491,45
776,1,1239,678,561,0,0,0,1.0,1,1.0,1,1.0,1,0.11145140452418588,43
777,1,1240,678,562,0,0,0,1.0,1,1.0,1,1.0,1,0.1049117431450198,44
778,2,1242,680,562,0,0,0,1.0,1,1.0,1,1.0,1,0.17710505478509359,45
779,0,1242,680,562,0,0,0,1.0,1,1.0,1,1.0,1,0.17710505478509359,45
780,3,1245,682,563,0,0,0,1.0,1,1.0,1,1.0,1,0.22628047712833055,45
781,0,1245,682,563,0,0,0,1.0,1,1.0,1,1.0,1,0.2119967880298145,46
782,0,1245,682,563,0,0,0,1.0,1,1.0,1,1.0,1,0.24502435060580938,47
783,2,1247,684,563,0,0,0,1.0,1,1.0,1,1.0,1,0.19567606085448846,46
784,0,1247,684,563,0,0,0,1.0,1,1.0,1,1.0,1,0.2031549993803602,45
785,1,1248,685,563,0,0,0,1.0,1,1.0,1,1.0,1,0.18528820915875144,43
786,1,1249,685,564,0,0,0,1.0,1,1.0,1,1.0,1,0.15512261910905942,43
787,1,1250,686,564,0,0,0,1.0,1,1.0,1,1.0,1,0.14617910541143894,43
788,0,1250,686,564,0,0,0,1.0,1,1.0,1,1.0,1,0.1587475715744852,44
789,1,1251,687,564,0,0,0,1.0,1,1.0,1,1.0,1,0.13713003139678415,46
790,2,1253,689,564,0,0,0,1.0,1,1.0,1,1.0,1,0.1853190601000559,46
791,0,1253,689,564,0,0,0,1.0,1,1.0,1,1.0,1,0.22042726090364081,46
792,1,1254,690,564,0,0,0,1.0,1,1.0,1,1.0,1,0.24035350138443115,47
793,2,1256,690,566,0,0,0,1.0,1,1.0,1,1.0,1,0.22875796722661532,48
794,0,1256,690,566,0,0,0,1.0,1,1.0,1,1.0,1,0.2447684004882648,48
795,0,1256,690,566,0,0,0,1.0,1,1.0,1,1.0,1,0.2525098100419812,47
796,0,1256,690,566,0,0,0,1.0,1,1.0,1,1.0,1,0.29321627412853374,45
797,2,1258,690,568,0,0,0,1.0,1,1.0,1,1.0,1,0.27693796263965037,47
798,3,1261,692,569,0,0,0,1.0,1,1.0,1,1.0,1,0.25354068233257815,48
799,1,1262,693,569,0,0,0,1.0,1,1.0,1,1.0,1,0.24714238774001032,48
800,2,1264,695,569,0,0,0,1.0,1,1.0,1,1.0,1,0.27060144224175314,48
801,6,1270,696,574,0,0,0,1.0,1,1.0,1,1.0,1,0.186923978493904,49
802,4,1274,699,575,0,0,0,1.0,1,1.0,1,1.0,1,0.21802596861508455,50
803,1,1275,699,576,0,0,0,1.0,1,1.0,1,1.0,1,0.20829501083752078,50
804,0,1275,699,576,0,0,0,1.0,1,1.0,1,1.0,1,0.20829501083752078,50
805,1,1276,700,576,0,0,0,1.0,1,1.0,1,1.0,1,0.22734778225137667,50
806,0,1276,700,576,0,0,0,1.0,1,1.0,1,1.0,1,0.21636623600670898,51
807,0,1276,700,576,0,0,0,1.0,1,1.0,1,1.0,1,0.21636623600670898,51
808,3,1279,700,579,0,0,0,1.0,1,1.0,1,1.0,1,0.21160212238919643,53
809,1,1280,700,580,0,0,0,1.0,1,1.0,1,1.0,1,0.1627011827072545,51
810,0,1280,700,580,0,0,0,1.0,1,1.0,1,1.0,1,0.17325570912000565,52
811,2,1282,702,580,0,0,0,1.0,1,1.0,1,1.0,1,0.22400755585866763,50
812,2,1284,702,582,0,0,0,1.0,1,1.0,1,1.0,1,0.21013083857379328,51
813,4,1288,705,583,0,0,0,1.0,1,1.0,1,1.0,1,0.2367361745841245,51
814,1,1289,705,584,0,0,0,1.0,1,1.0,1,1.0,1,0.22788128186201415,52
815,1,1290,706,584,0,0,0,1.0,1,1.0,1,1.0,1,0.22874843468702818,50
816,3,1293,707,586,0,0,0,1.0,1,1.0,1,1.0,1,0.21127959304174826,50
817,2,1295,709,586,0,0,0,1.0,1,1.0,1,1.0,1,0.22545040868819902,49
818,0,1295,709,586,0,0,0,1.0,1,1.0,1,1.0,1,0.22484715417726167,49
819,0,1295,709,586,0,0,0,1.0,1,1.0,1,1.0,1,0.2175163925933031,50
820,1,1296,710,586,0,0,0,1.0,1,1.0,1,1.0,1,0.227758870842735,49
821,3,1299,711,588,0,0,0,1.0,1,1.0,1,1.0,1,0.23389891914246821,49
822,2,1301,711,590,0,0,0,1.0,1,1.0,1,1.0,1,0.23505763944941782,49
823,0,1301,711,590,0,0,0,1.0,1,1.0,1,1.0,1,0.2588466641454494,47
824,1,1302,712,590,0,0,0,1.0,1,1.0,1,1.0,1,0.2529604175416651,45
825,2,1304,714,590,0,0,0,1.0,1,1.0,1,1.0,1,0.25038921801412883,43
826,5,1309,716,593,0,0,0,1.0,1,1.0,1,1.0,1,0.1864973034342492,44
827,0,1309,716,593,0,0,0,1.0,1,1.0,1,1.0,1,0.22072176319872844,43
828,2,1311,718,593,0,0,0,1.0,1,1.0,1,1.0,1,0.22855175867740418,43
829,2,1313,719,594,0,0,0,1.0,1,1.0,1,1.0,1,0.2178146159268226,45
830,0,1313,719,594,0,0,0,1.0,1,1.0,1,1.0,1,0.21962194827656237,46
831,2,1315,720,595,0,0,0,1.0,1,1.0,1,1.0,1,0.18486603873101679,48
832,0,1315,720,595,0,0,0,1.0,1,1.0,1,1.0,1,0.19604212729724121,47
833,2,1317,722,595,0,0,0,1.0,1,1.0,1,1.0,1,0.1825143794986417,47
834,0,1317,722,595,0,0,0,1.0,1,1.0,1,1.0,1,0.20534773231155004,46
835,2,1319,723,596,0,0,0,1.0,1,1.0,1,1.0,1,0.19871028974203453,45
836,1,1320,723,597,0,0,0,1.0,1,1.0,1,1.0,1,0.18681554764527522,46
837,2,1322,725,597,0,0,0,1.0,1,1.0,1,1.0,1,0.1815146842122093,46
838,2,1324,725,599,0,0,0,1.0,1,1.0,1,1.0,1,0.174951484715613,45
839,0,1324,725,599,0,0,0,1.0,1,1.0,1,1.0,1,0.19011515960169106,46
840,1,1325,725,600,0,0,0,1.0,1,1.0,1,1.0,1,0.19202407186639775,46
841,1,1326,726,600,0,0,0,1.0,1,1.0,1,1.0,1,0.2051275111427931,46
842,1,1327,727,600,0,0,0,1.0,1,1.0,1,1.0,1,0.22596589081726468,46
843,1,1328,728,600,0,0,0,1.0,1,1.0,1,1.0,1,0.24920764231399314,46
844,0,1328,728,600,0,0,0,1.0,1,1.0,1,1.0,1,0.249218147844019,47
845,3,1331,730,601,0,0,0,1.0,1,1.0,1,1.0,1,0.2826471868286857,48
846,0,1331,730,601,0,0,0,1.0,1,1.0,1,1.0,1,0.2717366255158042,47
847,1,1332,730,602,0,0,0,1.0,1,1.0,1,1.0,1,0.24836366623001585,48
848,2,1334,731,603,0,0,0,1.0,1,1.0,1,1.0,1,0.24309769263616618,48
849,0,1334,731,603,0,0,0,1.0,1,1.0,1,1.0,1,0.24412341204715274,48
850,0,1334,731,603,0,0,0,1.0,1,1.0,1,1.0,1,0.25413937126922603,46
851,4,1338,731,607,0,0,0,1.0,1,1.0,1,1.0,1,0.20362811236934358,45
852,3,1341,733,608,0,0,0,1.0,1,1.0,1,1.0,1,0.17153478890192803,44
853,2,1343,734,609,0,0,0,1.0,1,1.0,1,1.0,1,0.17368144382956704,44
854,4,1347,737,610,0,0,0,1.0,1,1.0,1,1.0,1,0.14413162022712125,45
855,0,1347,737,610,0,0,0,1.0,1,1.0,1,1.0,1,0.12802027943175642,46
856,2,1349,739,610,0,0,0,1.0,1,1.0,1,1.0,1,0.13173604001159725,46
857,3,1352,740,612,0,0,0,1.0,1,1.0,1,1.0,1,0.08335325402989047,47
858,0,1352,740,612,0,0,0,1.0,1,1.0,1,1.0,1,0.08601737745874201,48
859,1,1353,741,612,0,0,0,1.0,1,1.0,1,1.0,1,0.099144563618514,48
860,2,1355,742,613,0,0,0,1.0,1,1.0,1,1.0,1,0.10255150496291032,49
861,1,1356,743,613,0,0,0,1.0,1,1.0,1,1.0,1,0.12225161622731498,49
862,0,1356,743,613,0,0,0,1.0,1,1.0,1,1.0,1,0.12225161622731498,49
863,2,1358,744,614,0,0,0,1.0,1,1.0,1,1.0,1,0.12273194787865498,48
864,1,1359,745,614,0,0,0,1.0,1,1.0,1,1.0,1,0.10368870530880488,49
865,4,1363,748,615,0,0,0,1.0,1,1.0,1,1.0,1,0.1191595538386723,48
866,1,1364,749,615,0,0,0,1.0,1,1.0,1,1.0,1,0.11929220818556593,50
867,2,1366,750,616,0,0,0,1.0,1,1.0,1,1.0,1,0.10189793044050995,50
868,2,1368,752,616,0,0,0,1.0,1,1.0,1,1.0,1,0.07402351067637093,51
869,0,1368,752,616,0,0,0,1.0,1,1.0,1,1.0,1,0.11007420626195959,49
870,1,1369,753,616,0,0,0,1.0,1,1.0,1,1.0,1,0.12897254252054227,49
871,2,1371,754,617,0,0,0,1.0,1,1.0,1,1.0,1,0.1259162783822417,49
872,2,1373,754,619,0,0,0,1.0,1,1.0,1,1.0,1,0.122715425595422,48
873,3,1376,757,619,0,0,0,1.0,1,1.0,1,1.0,1,0.15192917443349926,49
874,2,1378,758,620,0,0,0,1.0,1,1.0,1,1.0,1,0.17096129963278814,49
875,0,1378,758,620,0,0,0,1.0,1,1.0,1,1.0,1,0.17286573239019615,50
876,6,1384,759,625,0,0,0,1.0,1,1.0,1,1.0,1,0.1256210555206893,50
877,2,1386,761,625,0,0,0,1.0,1,1.0,1,1.0,1,0.12290274885186472,50
878,0,1386,761,625,0,0,0,1.0,1,1.0,1,1.0,1,0.15264026371191303,49
879,1,1387,762,625,0,0,0,1.0,1,1.0,1,1.0,1,0.17715951450187367,49
880,1,1388,763,625,0,0,0,1.0,1,1.0,1,1.0,1,0.20001671017889464,48
881,2,1390,765,625,0,0,0,1.0,1,1.0,1,1.0,1,0.21346227936954226,49
882,1,1391,765,626,0,0,0,1.0,1,1.0,1,1.0,1,0.19390541366210043,48
883,2,1393,766,627,0,0,0,1.0,1,1.0,1,1.0,1,0.18389887382986966,50
884,0,1393,766,627,0,0,0,1.0,1,1.0,1,1.0,1,0.18464461136806878,50
885,2,1395,768,627,0,0,0,1.0,1,1.0,1,1.0,1,0.19673297506942403,49
886,0,1395,768,627,0,0,0,1.0,1,1.0,1,1.0,1,0.19845253526311987,49
887,4,1399,770,629,0,0,0,1.0,1,1.0,1,1.0,1,0.22241286304202726,49
888,1,1400,770,630,0,0,0,1.0,1,1.0,1,1.0,1,0.17592892996887802,47
889,1,1401,771,630,0,0,0,1.0,1,1.0,1,1.0,1,0.21883917248735457,46
890,0,1401,771,630,0,0,0,1.0,1,1.0,1,1.0,1,0.1915123287097582,44
891,0,1401,771,630,0,0,0,1.0,1,1.0,1,1.0,1,0.19306185983550647,45
892,3,1404,774,630,0,0,0,1.0,1,1.0,1,1.0,1,0.1784410610105012,45
893,0,1404,774,630,0,0,0,1.0,1,1.0,1,1.0,1,0.1784410610105012,45
894,0,1404,774,630,0,0,0,1.0,1,1.0,1,1.0,1,0.16672289797894124,44
895,3,1407,777,630,0,0,0,1.0,1,1.0,1,1.0,1,0.16051278299176253,45
896,2,1409,779,630,0,0,0,1.0,1,1.0,1,1.0,1,0.15100770830840524,44
897,3,1412,781,631,0,0,0,1.0,1,1.0,1,1.0,1,0.1253212230139969,44
898,0,1412,781,631,0,0,0,1.0,1,1.0,1,1.0,1,0.11119408199671008,45
899,1,1413,781,632,0,0,0,1.0,1,1.0,1,1.0,1,0.10468647739586222,44
900,0,1413,781,632,0,0,0,1.0,1,1.0,1,1.0,1,0.10888924099361813,46
901,2,1415,781,634,0,0,0,1.0,1,1.0,1,1.0,1,0.10150031072246746,45
902,4,1419,783,636,0,0,0,1.0,1,1.0,1,1.0,1,0.11929475832839981,45
903,1,1420,784,636,0,0,0,1.0,1,1.0,1,1.0,1,0.180961243915339,44
904,1,1421,785,636,0,0,0,1.0,1,1.0,1,1.0,1,0.20985759232940487,45
905,1,1422,786,636,0,0,0,1.0,1,1.0,1,1.0,1,0.23311230419738813,45
906,1,1423,787,636,0,0,0,1.0,1,1.0,1,1.0,1,0.2619341457897779,45
907,2,1425,788,637,0,0,0,1.0,1,1.0,1,1.0,1,0.22484326081495248,46
908,2,1427,790,637,0,0,0,1.0,1,1.0,1,1.0,1,0.2017665843079796,46
909,1,1428,791,637,0,0,0,1.0,1,1.0,1,1.0,1,0.19106936649025058,46
910,0,1428,791,637,0,0,0,1.0,1,1.0,1,1.0,1,0.23766624653753304,44
911,1,1429,791,638,0,0,0,1.0,1,1.0,1,1.0,1,0.23264776964071365,45
912,0,1429,791,638,0,0,0,1.0,1,1.0,1,1.0,1,0.2559247864635795,44
913,1,1430,792,638,0,0,0,1.0,1,1.0,1,1.0,1,0.245991896470267,45
914,2,1432,793,639,0,0,0,1.0,1,1.0,1,1.0,1,0.25729866698844944,45
915,0,1432,793,639,0,0,0,1.0,1,1.0,1,1.0,1,0.25729866698844944,45
916,0,1432,793,639,0,0,0,1.0,1,1.0,1,1.0,1,0.25729866698844944,45
917,1,1433,793,640,0,0,0,1.0,1,1.0,1,1.0,1,0.2620214528833454,46
918,2,1435,795,640,0,0,0,1.0,1,1.0,1,1.0,1,0.28050935051319253,47
919,2,1437,795,642,0,0,0,1.0,1,1.0,1,1.0,1,0.25636393338916685,47
920,1,1438,796,642,0,0,0,1.0,1,1.0,1,1.0,1,0.26796341507823923,47
921,2,1440,797,643,0,0,0,1.0,1,1.0,1,1.0,1,0.2674962404873908,49
922,1,1441,798,643,0,0,0,1.0,1,1.0,1,1.0,1,0.2545713652897675,49
923,3,1444,800,644,0,0,0,1.0,1,1.0,1,1.0,1,0.26116224384990994,47
924,1,1445,801,644,0,0,0,1.0,1,1.0,1,1.0,1,0.24882223107940954,47
925,1,1446,802,644,0,0,0,1.0,1,1.0,1,1.0,1,0.2746638234801037,47
926,9,1455,805,650,0,0,0,1.0,1,1.0,1,1.0,1,0.18356839046908377,46
927,3,1458,807,651,0,0,0,1.0,1,1.0,1,1.0,1,0.14699575649188285,45
928,0,1458,807,651,0,0,0,1.0,1,1.0,1,1.0,1,0.1251220779149109,43
929,0,1458,807,651,0,0,0,1.0,1,1.0,1,1.0,1,0.14570391876124694,42
930,0,1458,807,651,0,0,0,1.0,1,1.0,1,1.0,1,0.1260184966315294,41
931,0,1458,807,651,0,0,0,1.0,1,1.0,1,1.0,1,0.13883542312716465,40
932,2,1460,809,651,0,0,0,1.0,1,1.0,1,1.0,1,0.1296299016674782,40
933,2,1462,811,651,0,0,0,1.0,1,1.0,1,1.0,1,0.12310930555856871,39
934,0,1462,811,651,0,0,0,1.0,1,1.0,1,1.0,1,0.12310930555856871,39
935,4,1466,815,651,0,0,0,1.0,1,1.0,1,1.0,1,0.17941936882254897,41
936,0,1466,815,651,0,0,0,1.0,1,1.0,1,1.0,1,0.15875843450389807,42
937,2,1468,817,651,0,0,0,1.0,1,1.0,1,1.0,1,0.2519053258664415,43
938,2,1470,818,652,0,0,0,1.0,1,1.0,1,1.0,1,0.22229723926676448,44
939,1,1471,818,653,0,0,0,1.0,1,1.0,1,1.0,1,0.2453809667644718,46
940,1,1472,818,654,0,0,0,1.0,1,1.0,1,1.0,1,0.22450249214369858,46
941,1,1473,819,654,0,0,0,1.0,1,1.0,1,1.0,1,0.24650845153773432,46
942,0,1473,819,654,0,0,0,1.0,1,1.0,1,1.0,1,0.24650845153773432,46
943,1,1474,819,655,0,0,0,1.0,1,1.0,1,1.0,1,0.27139928249641737,45
944,0,1474,819,655,0,0,0,1.0,1,1.0,1,1.0,1,0.2698380769021521,45
945,3,1477,822,655,0,0,0,1.0,1,1.0,1,1.0,1,0.2627717853776375,44
946,1,1478,823,655,0,0,0,1.0,1,1.0,1,1.0,1,0.23180644247999221,46
947,0,1478,823,655,0,0,0,1.0,1,1.0,1,1.0,1,0.23127606022842095,44
948,1,1479,824,655,0,0,0,1.0,1,1.0,1,1.0,1,0.2327595366871916,44
949,1,1480,824,656,0,0,0,1.0,1,1.0,1,1.0,1,0.25013363964224455,44
950,1,1481,825,656,0,0,0,1.0,1,1.0,1,1.0,1,0.28850595162915343,43
951,9,1490,825,665,0,0,0,1.0,1,1.0,1,1.0,1,0.14822790736283775,42
952,1,1491,825,666,0,0,0,1.0,1,1.0,1,1.0,1,0.14889199704585032,42
953,0,1491,825,666,0,0,0,1.0,1,1.0,1,1.0,1,0.1606432212897409,41
954,0,1491,825,666,0,0,0,1.0,1,1.0,1,1.0,1,0.17331663222689098,40
955,1,1492,825,667,0,0,0,1.0,1,1.0,1,1.0,1,0.16152368626136507,42
956,1,1493,826,667,0,0,0,1.0,1,1.0,1,1.0,1,0.1680889974905441,43
957,2,1495,826,669,0,0,0,1.0,1,1.0,1,1.0,1,0.17097988744622944,42
958,1,1496,826,670,0,0,0,1.0,1,1.0,1,1.0,1,0.18874664752762527,43
959,1,1497,827,670,0,0,0,1.0,1,1.0,1,1.0,1,0.2293546766078177,45
960,3,1500,828,672,0,0,0,1.0,1,1.0,1,1.0,1,0.22530349137381428,47
961,1,1501,829,672,0,0,0,1.0,1,1.0,1,1.0,1,0.2344595261056623,45
962,2,1503,829,674,0,0,0,1.0,1,1.0,1,1.0,1,0.2226713208174275,45
963,3,1506,830,676,0,0,0,1.0,1,1.0,1,1.0,1,0.22661564998113096,44
964,0,1506,830,676,0,0,0,1.0,1,1.0,1,1.0,1,0.2193566832644121,44
965,4,1510,830,680,0,0,0,1.0,1,1.0,1,1.0,1,0.21541830136634785,45
966,3,1513,831,682,0,0,0,1.0,1,1.0,1,1.0,1,0.19800949272740048,43
967,0,1513,831,682,0,0,0,1.0,1,1.0,1,1.0,1,0.19800949272740048,43
968,0,1513,831,682,0,0,0,1.0,1,1.0,1,1.0,1,0.19737183835883962,43
969,0,1513,831,682,0,0,0,1.0,1,1.0,1,1.0,1,0.18553242011845836,42
970,1,1514,832,682,0,0,0,1.0,1,1.0,1,1.0,1,0.1834476432872126,42
971,1,1515,832,683,0,0,0,1.0,1,1.0,1,1.0,1,0.16195529347912288,42
972,5,1520,833,687,0,0,0,1.0,1,1.0,1,1.0,1,0.22250369908094703,42
973,3,1523,833,690,0,0,0,1.0,1,1.0,1,1.0,1,0.17155642978903413,43
974,1,1524,834,690,0,0,0,1.0,1,1.0,1,1.0,1,0.15644118780719757,43
975,0,1524,834,690,0,0,0,1.0,1,1.0,1,1.0,1,0.1609267461659327,43
976,3,1527,834,693,0,0,0,1.0,1,1.0,1,1.0,1,0.09457533655117746,45
977,1,1528,835,693,0,0,0,1.0,1,1.0,1,1.0,1,0.10030889442431168,44
978,0,1528,835,693,0,0,0,1.0,1,1.0,1,1.0,1,0.10030889442431168,44
979,0,1528,835,693,0,0,0,1.0,1,1.0,1,1.0,1,0.13316660245547748,45
980,1,1529,835,694,0,0,0,1.0,1,1.0,1,1.0,1,0.10842546843504006,45
981,0,1529,835,694,0,0,0,1.0,1,1.0,1,1.0,1,0.10842546843504006,45
982,2,1531,837,694,0,0,0,1.0,1,1.0,1,1.0,1,0.15994090816090614,46
983,1,1532,838,694,0,0,0,1.0,1,1.0,1,1.0,1,0.1754754491633213,45
984,1,1533,839,694,0,0,0,1.0,1,1.0,1,1.0,1,0.17654406875933434,45
985,5,1538,843,695,0,0,0,1.0,1,1.0,1,1.0,1,0.2150737309741841,45
986,0,1538,843,695,0,0,0,1.0,1,1.0,1,1.0,1,0.21407969982199265,44
987,1,1539,844,695,0,0,0,1.0,1,1.0,1,1.0,1,0.24028116811597358,45
988,3,1542,846,696,0,0,0,1.0,1,1.0,1,1.0,1,0.27108694333717503,44
989,0,1542,846,696,0,0,0,1.0,1,1.0,1,1.0,1,0.28160763271529815,43
990,1,1543,847,696,0,0,0,1.0,1,1.0,1,1.0,1,0.2928675692509125,42
991,0,1543,847,696,0,0,0,1.0,1,1.0,1,1.0,1,0.27132677566979085,42
992,0,1543,847,696,0,0,0,1.0,1,1.0,1,1.0,1,0.259663514879527,43
993,0,1543,847,696,0,0,0,1.0,1,1.0,1,1.0,1,0.259663514879527,43
994,1,1544,847,697,0,0,0,1.0,1,1.0,1,1.0,1,0.24661936397373757,43
995,0,1544,847,697,0,0,0,1.0,1,1.0,1,1.0,1,0.19897916250776018,43
996,0,1544,847,697,0,0,0,1.0,1,1.0,1,1.0,1,0.2075693424710172,44
997,1,1545,848,697,0,0,0,1.0,1,1.0,1,1.0,1,0.2484255390356452,44
998,0,1545,848,697,0,0,0,1.0,1,1.0,1,1.0,1,0.26035263780038354,45
999,0,1545,848,697,0,0,0,1.0,1,1.0,1,1.0,1,0.26707088866227097,42
1000,0,1545,848,697,0,0,0,1.0,1,1.0,1,1.0,1,0.2666564065049054,43
1001,4,1549,848,701,0,0,0,1.0,1,1.0,1,1.0,1,0.1599605797172623,42
1002,0,1549,848,701,0,0,0,1.0,1,1.0,1,1.0,1,0.15107413086125543,43
1003,1,1550,848,702,0,0,0,1.0,1,1.0,1,1.0,1,0.13926456080134508,43
1004,1,1551,848,703,0,0,0,1.0,1,1.0,1,1.0,1,0.11782051807668084,43
1005,1,1552,848,704,0,0,0,1.0,1,1.0,1,1.0,1,0.11768972812528973,44
1006,3,1555,848,707,0,0,0,1.0,1,1.0,1,1.0,1,0.11485268095228203,46
1007,1,1556,848,708,0,0,0,1.0,1,1.0,1,1.0,1,0.10672566446411028,46
1008,1,1557,848,709,0,0,0,1.0,1,1.0,1,1.0,1,0.10765390831323418,47
1009,2,1559,849,710,0,0,0,1.0,1,1.0,1,1.0,1,0.09258966948422499,48
1010,1,1560,850,710,0,0,0,1.0,1,1.0,1,1.0,1,0.10666715871035264,48
1011,1,1561,851,710,0,0,0,1.0,1,1.0,1,1.0,1,0.11420770646264648,48
1012,2,1563,853,710,0,0,0,1.0,1,1.0,1,1.0,1,0.14756199134570197,49
1013,2,1565,854,711,0,0,0,1.0,1,1.0,1,1.0,1,0.13642198957435805,50
1014,1,1566,855,711,0,0,0,1.0,1,1.0,1,1.0,1,0.15082491928826294,50
1015,2,1568,855,713,0,0,0,1.0,1,1.0,1,1.0,1,0.1746140150517681,51
1016,3,1571,856,715,0,0,0,1.0,1,1.0,1,1.0,1,0.19958775625080055,51
1017,4,1575,857,718,0,0,0,1.0,1,1.0,1,1.0,1,0.1939791730017111,52
1018,2,1577,857,720,0,0,0,1.0,1,1.0,1,1.0,1,0.17601141817972502,52
1019,3,1580,858,722,0,0,0,1.0,1,1.0,1,1.0,1,0.21758311384320503,52
1020,2,1582,858,724,0,0,0,1.0,1,1.0,1,1.0,1,0.18417166487100137,53
1021,2,1584,858,726,0,0,0,1.0,1,1.0,1,1.0,1,0.1963448802147627,53
1022,4,1588,858,730,0,0,0,1.0,1,1.0,1,1.0,1,0.1878303417370552,54
1023,2,1590,858,732,0,0,0,1.0,1,1.0,1,1.0,1,0.14809430983219904,55
1024,1,1591,858,733,0,0,0,1.0,1,1.0,1,1.0,1,0.14286565042250662,55
1025,0,1591,858,733,0,0,0,1.0,1,1.0,1,1.0,1,0.1442460475804639,56
1026,2,1593,858,735,0,0,0,1.0,1,1.0,1,1.0,1,0.12085277277974597,57
1027,0,1593,858,735,0,0,0,1.0,1,1.0,1,1.0,1,0.10011637420906305,58
1028,3,1596,860,736,0,0,0,1.0,1,1.0,1,1.0,1,0.12614077222672923,58
1029,2,1598,861,737,0,0,0,1.0,1,1.0,1,1.0,1,0.14619884173733383,59
1030,0,1598,861,737,0,0,0,1.0,1,1.0,1,1.0,1,0.14069764635156642,60
1031,1,1599,862,737,0,0,0,1.0,1,1.0,1,1.0,1,0.16589382955875925,60
1032,1,1600,862,738,0,0,0,1.0,1,1.0,1,1.0,1,0.16685265453321943,61
1033,0,1600,862,738,0,0,0,1.0,1,1.0,1,1.0,1,0.17343591103393904,60
1034,5,1605,865,740,0,0,0,1.0,1,1.0,1,1.0,1,0.13138939471823535,60
1035,3,1608,867,741,0,0,0,1.0,1,1.0,1,1.0,1,0.15861159365712513,59
1036,2,1610,869,741,0,0,0,1.0,1,1.0,1,1.0,1,0.16353352223355538,60
1037,3,1613,872,741,0,0,0,1.0,1,1.0,1,1.0,1,0.19617626967187562,59
1038,1,1614,873,741,0,0,0,1.0,1,1.0,1,1.0,1,0.19662507226546946,60
1039,3,1617,876,741,0,0,0,1.0,1,1.0,1,1.0,1,0.23977936285366805,60
1040,1,1618,877,741,0,0,0,1.0,1,1.0,1,1.0,1,0.2565386051329262,58
1041,1,1619,878,741,0,0,0,1.0,1,1.0,1,1.0,1,0.2653228120500682,56
1042,0,1619,878,741,0,0,0,1.0,1,1.0,1,1.0,1,0.260883284468522,55
1043,0,1619,878,741,0,0,0,1.0,1,1.0,1,1.0,1,0.260883284468522,55
1044,0,1619,878,741,0,0,0,1.0,1,1.0,1,1.0,1,0.24445626116128813,52
1045,0,1619,878,741,0,0,0,1.0,1,1.0,1,1.0,1,0.2239238272699471,52
1046,1,1620,879,741,0,0,0,1.0,1,1.0,1,1.0,1,0.24955903698189325,53
1047,1,1621,880,741,0,0,0,1.0,1,1.0,1,1.0,1,0.24272563092042826,54
1048,2,1623,881,742,0,0,0,1.0,1,1.0,1,1.0,1,0.24845225750188188,56
1049,2,1625,883,742,0,0,0,1.0,1,1.0,1,1.0,1,0.2594786765856249,55
1050,2,1627,884,743,0,0,0,1.0,1,1.0,1,1.0,1,0.2326399768265362,56
1051,5,1632,884,748,0,0,0,1.0,1,1.0,1,1.0,1,0.14075695310279385,55
1052,2,1634,884,750,0,0,0,1.0,1,1.0,1,1.0,1,0.13188362289834213,56
1053,2,1636,885,751,0,0,0,1.0,1,1.0,1,1.0,1,0.12820668116743905,56
1054,0,1636,885,751,0,0,0,1.0,1,1.0,1,1.0,1,0.11949548426131391,57
1055,0,1636,885,751,0,0,0,1.0,1,1.0,1,1.0,1,0.10911699529670871,58
1056,0,1636,885,751,0,0,0,1.0,1,1.0,1,1.0,1,0.1192223862115292,59
1057,1,1637,885,752,0,0,0,1.0,1,1.0,1,1.0,1,0.11589554325842148,60
1058,2,1639,886,753,0,0,0,1.0,1,1.0,1,1.0,1,0.10921836901354066,60
1059,1,1640,887,753,0,0,0,1.0,1,1.0,1,1.0,1,0.12195324496132971,60
1060,2,1642,889,753,0,0,0,1.0,1,1.0,1,1.0,1,0.1403478363867357,60
1061,4,1646,893,753,0,0,0,1.0,1,1.0,1,1.0,1,0.14911499929208719,59
1062,0,1646,893,753,0,0,0,1.0,1,1.0,1,1.0,1,0.14968367893986015,59
1063,2,1648,895,753,0,0,0,1.0,1,1.0,1,1.0,1,0.15329244582425738,58
1064,3,1651,897,754,0,0,0,1.0,1,1.0,1,1.0,1,0.19811445742889122,58
1065,3,1654,899,755,0,0,0,1.0,1,1.0,1,1.0,1,0.16841788971115584,60
1066,0,1654,899,755,0,0,0,1.0,1,1.0,1,1.0,1,0.20229842959119573,58
1067,2,1656,901,755,0,0,0,1.0,1,1.0,1,1.0,1,0.23012558380897796,59
1068,1,1657,902,755,0,0,0,1.0,1,1.0,1,1.0,1,0.21691655871189133,59
1069,0,1657,902,755,0,0,0,1.0,1,1.0,1,1.0,1,0.25019878145265795,58
1070,2,1659,904,755,0,0,0,1.0,1,1.0,1,1.0,1,0.22091392301838178,58
1071,0,1659,904,755,0,0,0,1.0,1,1.0,1,1.0,1,0.23683065789399152,57
1072,1,1660,905,755,0,0,0,1.0,1,1.0,1,1.0,1,0.2631106595361434,56
1073,1,1661,906,755,0,0,0,1.0,1,1.0,1,1.0,1,0.2911583287616972,54
1074,1,1662,907,755,0,0,0,1.0,1,1.0,1,1.0,1,0.3031740105310831,54
1075,2,1664,909,755,0,0,0,1.0,1,1.0,1,1.0,1,0.3178653317283316,51
1076,11,1675,910,765,0,0,0,1.0,1,1.0,1,1.0,1,0.2092618969336715,51
1077,4,1679,912,767,0,0,0,1.0,1,1.0,1,1.0,1,0.18168532505444884,51
1078,2,1681,913,768,0,0,0,1.0,1,1.0,1,1.0,1,0.1703080770893681,52
1079,3,1684,916,768,0,0,0,1.0,1,1.0,1,1.0,1,0.19977592661103535,51
1080,2,1686,918,768,0,0,0,1.0,1,1.0,1,1.0,1,0.22705103089549414,51
1081,1,1687,919,768,0,0,0,1.0,1,1.0,1,1.0,1,0.2532885706905768,48
1082,1,1688,920,768,0,0,0,1.0,1,1.0,1,1.0,1,0.2688043348753811,47
1083,3,1691,921,770,0,0,0,1.0,1,1.0,1,1.0,1,0.28172471237340585,46
1084,0,1691,921,770,0,0,0,1.0,1,1.0,1,1.0,1,0.2735092989761798,45
1085,0,1691,921,770,0,0,0,1.0,1,1.0,1,1.0,1,0.25651169884275327,46
1086,0,1691,921,770,0,0,0,1.0,1,1.0,1,1.0,1,0.24825628047136686,45
1087,0,1691,921,770,0,0,0,1.0,1,1.0,1,1.0,1,0.27734455648276474,44
1088,2,1693,923,770,0,0,0,1.0,1,1.0,1,1.0,1,0.24398603072029765,45
1089,2,1695,925,770,0,0,0,1.0,1,1.0,1,1.0,1,0.24220123841789418,46
1090,1,1696,925,771,0,0,0,1.0,1,1.0,1,1.0,1,0.2294149672683059,47
1091,1,1697,926,771,0,0,0,1.0,1,1.0,1,1.0,1,0.2152085771846871,47
1092,0,1697,926,771,0,0,0,1.0,1,1.0,1,1.0,1,0.20853742194239286,48
1093,3,1700,927,773,0,0,0,1.0,1,1.0,1,1.0,1,0.20051119258146877,48
1094,4,1704,929,775,0,0,0,1.0,1,1.0,1,1.0,1,0.2599419053053622,48
1095,3,1707,929,778,0,0,0,1.0,1,1.0,1,1.0,1,0.26193968125608647,49
1096,3,1710,930,780,0,0,0,1.0,1,1.0,1,1.0,1,0.2801693042413534,49
1097,1,1711,931,780,0,0,0,1.0,1,1.0,1,1.0,1,0.2956031819683461,50
1098,2,1713,931,782,0,0,0,1.0,1,1.0,1,1.0,1,0.28473890512497063,51
1099,1,1714,931,783,0,0,0,1.0,1,1.0,1,1.0,1,0.26187391044681496,54
1100,7,1721,933,788,0,0,0,1.0,1,1.0,1,1.0,1,0.23762091615640896,54
1101,7,1728,933,795,0,0,0,1.0,1,1.0,1,1.0,1,0.16864115784531453,54
1102,2,1730,933,797,0,0,0,1.0,1,1.0,1,1.0,1,0.1257441228015311,54
1103,0,1730,933,797,0,0,0,1.0,1,1.0,1,1.0,1,0.14226213509745622,53
1104,2,1732,934,798,0,0,0,1.0,1,1.0,1,1.0,1,0.14958101013836067,53
1105,0,1732,934,798,0,0,0,1.0,1,1.0,1,1.0,1,0.16304246215279863,52
1106,0,1732,934,798,0,0,0,1.0,1,1.0,1,1.0,1,0.19629047641012518,52
1107,2,1734,935,799,0,0,0,1.0,1,1.0,1,1.0,1,0.19847575397149025,52
1108,0,1734,935,799,0,0,0,1.0,1,1.0,1,1.0,1,0.2035291267705135,51
1109,3,1737,938,799,0,0,0,1.0,1,1.0,1,1.0,1,0.2125453179968922,49
1110,0,1737,938,799,0,0,0,1.0,1,1.0,1,1.0,1,0.22415457863587931,48
1111,3,1740,940,800,0,0,0,1.0,1,1.0,1,1.0,1,0.25836525756409506,47
1112,2,1742,941,801,0,0,0,1.0,1,1.0,1,1.0,1,0.301177720256871,46
1113,1,1743,942,801,0,0,0,1.0,1,1.0,1,1.0,1,0.3290719681902334,43
1114,0,1743,942,801,0,0,0,1.0,1,1.0,1,1.0,1,0.3433806117481502,41
1115,1,1744,943,801,0,0,0,1.0,1,1.0,1,1.0,1,0.3297751990855179,40
1116,0,1744,943,801,0,0,0,1.0,1,1.0,1,1.0,1,0.31807507225459525,39
1117,2,1746,945,801,0,0,0,1.0,1,1.0,1,1.0,1,0.32086634562611044,40
1118,0,1746,945,801,0,0,0,1.0,1,1.0,1,1.0,1,0.30753095094114,40
1119,0,1746,945,801,0,0,0,1.0,1,1.0,1,1.0,1,0.30753095094114,40
1120,0,1746,945,801,0,0,0,1.0,1,1.0,1,1.0,1,0.30753095094114,40
1121,2,1748,947,801,0,0,0,1.0,1,1.0,1,1.0,1,0.3597508973503127,40
1122,0,1748,947,801,0,0,0,1.0,1,1.0,1,1.0,1,0.3603680764016886,41
1123,2,1750,949,801,0,0,0,1.0,1,1.0,1,1.0,1,0.41632992564678906,41
1124,1,1751,949,802,0,0,0,1.0,1,1.0,1,1.0,1,0.4022884959031993,41
1125,2,1753,950,803,0,0,0,1.0,1,1.0,1,1.0,1,0.43790524421435545,41
1126,10,1763,950,813,0,0,0,1.0,1,1.0,1,1.0,1,0.2949532748060411,41
1127,1,1764,950,814,0,0,0,1.0,1,1.0,1,1.0,1,0.27840564038851073,41
1128,1,1765,950,815,0,0,0,1.0,1,1.0,1,1.0,1,0.2813377081468327,42
1129,2,1767,951,816,0,0,0,1.0,1,1.0,1,1.0,1,0.2704137121832128,42
1130,0,1767,951,816,0,0,0,1.0,1,1.0,1,1.0,1,0.2704137121832128,42
1131,2,1769,951,818,0,0,0,1.0,1,1.0,1,1.0,1,0.2704137121832128,42
1132,2,1771,951,820,0,0,0,1.0,1,1.0,1,1.0,1,0.23723060011798913,43
1133,1,1772,951,821,0,0,0,1.0,1,1.0,1,1.0,1,0.21494084922954018,45
1134,1,1773,951,822,0,0,0,1.0,1,1.0,1,1.0,1,0.2340664890195813,46
1135,2,1775,951,824,0,0,0,1.0,1,1.0,1,1.0,1,0.24845376172709935,45
1136,5,1780,951,829,0,0,0,1.0,1,1.0,1,1.0,1,0.21124544268879003,48
1137,3,1783,951,832,0,0,0,1.0,1,1.0,1,1.0,1,0.21153779984023857,49
1138,2,1785,951,834,0,0,0,1.0,1,1.0,1,1.0,1,0.20647459276530936,49
1139,4,1789,951,838,0,0,0,1.0,1,1.0,1,1.0,1,0.20873970700292624,49
1140,2,1791,951,840,0,0,0,1.0,1,1.0,1,1.0,1,0.18921879749844828,49
1141,1,1792,952,840,0,0,0,1.0,1,1.0,1,1.0,1,0.23832991135859788,48
1142,3,1795,954,841,0,0,0,1.0,1,1.0,1,1.0,1,0.2091250043428952,48
1143,2,1797,955,842,0,0,0,1.0,1,1.0,1,1.0,1,0.2275396045316035,48
1144,0,1797,955,842,0,0,0,1.0,1,1.0,1,1.0,1,0.21684206234365255,48
1145,1,1798,956,842,0,0,0,1.0,1,1.0,1,1.0,1,0.23646548153682811,48
1146,1,1799,956,843,0,0,0,1.0,1,1.0,1,1.0,1,0.2471341564989586,48
1147,0,1799,956,843,0,0,0,1.0,1,1.0,1,1.0,1,0.28953826473251326,46
1148,0,1799,956,843,0,0,0,1.0,1,1.0,1,1.0,1,0.28953826473251326,46
1149,1,1800,956,844,0,0,0,1.0,1,1.0,1,1.0,1,0.32721547385483646,45
1150,1,1801,957,844,0,0,0,1.0,1,1.0,1,1.0,1,0.3188874629279649,46
1151,10,1811,959,852,0,0,0,1.0,1,1.0,1,1.0,1,0.2436262736655264,44
1152,1,1812,959,853,0,0,0,1.0,1,1.0,1,1.0,1,0.20435110999177086,44
1153,3,1815,962,853,0,0,0,1.0,1,1.0,1,1.0,1,0.27927307051482175,43
1154,2,1817,962,855,0,0,0,1.0,1,1.0,1,1.0,1,0.24538068360808282,43
1155,3,1820,963,857,0,0,0,1.0,1,1.0,1,1.0,1,0.2571044322389648,43
1156,1,1821,963,858,0,0,0,1.0,1,1.0,1,1.0,1,0.23133449196671999,42
1157,0,1821,963,858,0,0,0,1.0,1,1.0,1,1.0,1,0.23259667968307068,42
1158,0,1821,963,858,0,0,0,1.0,1,1.0,1,1.0,1,0.22010284003880376,41
1159,0,1821,963,858,0,0,0,1.0,1,1.0,1,1.0,1,0.21951520694845808,41
1160,0,1821,963,858,0,0,0,1.0,1,1.0,1,1.0,1,0.21951520694845808,41
1161,0,1821,963,858,0,0,0,1.0,1,1.0,1,1.0,1,0.2203674480868016,42
1162,4,1825,963,862,0,0,0,1.0,1,1.0,1,1.0,1,0.23249277113839364,43
1163,6,1831,963,868,0,0,0,1.0,1,1.0,1,1.0,1,0.23249277113839364,43
1164,4,1835,963,872,0,0,0,1.0,1,1.0,1,1.0,1,0.19378150750132192,44
1165,9,1844,963,881,0,0,0,1.0,1,1.0,1,1.0,1,0.15040049193723062,44
1166,1,1845,963,882,0,0,0,1.0,1,1.0,1,1.0,1,0.17431553745109557,46
1167,3,1848,964,884,0,0,0,1.0,1,1.0,1,1.0,1,0.18917536853361566,46
1168,1,1849,964,885,0,0,0,1.0,1,1.0,1,1.0,1,0.16738132290151253,47
1169,0,1849,964,885,0,0,0,1.0,1,1.0,1,1.0,1,0.1516193961542416,46
1170,0,1849,964,885,0,0,0,1.0,1,1.0,1,1.0,1,0.16174696168089153,48
1171,1,1850,965,885,0,0,0,1.0,1,1.0,1,1.0,1,0.1797418366715403,49
1172,4,1854,965,889,0,0,0,1.0,1,1.0,1,1.0,1,0.1597860600385051,49
1173,1,1855,965,890,0,0,0,1.0,1,1.0,1,1.0,1,0.14850124035354753,49
1174,2,1857,966,891,0,0,0,1.0,1,1.0,1,1.0,1,0.18134428331079455,49
1175,1,1858,966,892,0,0,0,1.0,1,1.0,1,1.0,1,0.177618650716402,50
1176,5,1863,966,897,0,0,0,1.0,1,1.0,1,1.0,1,0.149877273132613,52
1177,4,1867,968,899,0,0,0,1.0,1,1.0,1,1.0,1,0.18263035772381406,52
1178,2,1869,968,901,0,0,0,1.0,1,1.0,1,1.0,1,0.18263035772381406,52
1179,1,1870,968,902,0,0,0,1.0,1,1.0,1,1.0,1,0.15008164377100452,53
1180,2,1872,968,904,0,0,0,1.0,1,1.0,1,1.0,1,0.14084005575233693,54
1181,1,1873,968,905,0,0,0,1.0,1,1.0,1,1.0,1,0.16088865647022915,55
1182,2,1875,968,907,0,0,0,1.0,1,1.0,1,1.0,1,0.16088865647022915,55
1183,2,1877,969,908,0,0,0,1.0,1,1.0,1,1.0,1,0.19183157660546915,53
1184,2,1879,970,909,0,0,0,1.0,1,1.0,1,1.0,1,0.18719870537628977,54
1185,0,1879,970,909,0,0,0,1.0,1,1.0,1,1.0,1,0.19663023101045954,53
1186,2,1881,971,910,0,0,0,1.0,1,1.0,1,1.0,1,0.2182328863993375,54
1187,3,1884,972,912,0,0,0,1.0,1,1.0,1,1.0,1,0.2405450819871002,55
1188,4,1888,972,916,0,0,0,1.0,1,1.0,1,1.0,1,0.2405450819871002,55
1189,4,1892,972,920,0,0,0,1.0,1,1.0,1,1.0,1,0.23650146884360274,54
1190,3,1895,972,923,0,0,0,1.0,1,1.0,1,1.0,1,0.23376781371076907,55
1191,2,1897,972,925,0,0,0,1.0,1,1.0,1,1.0,1,0.20648378653164404,54
1192,0,1897,972,925,0,0,0,1.0,1,1.0,1,1.0,1,0.18580397958830935,52
1193,0,1897,972,925,0,0,0,1.0,1,1.0,1,1.0,1,0.19266324501361104,53
1194,1,1898,973,925,0,0,0,1.0,1,1.0,1,1.0,1,0.18094137030730803,53
1195,0,1898,973,925,0,0,0,1.0,1,1.0,1,1.0,1,0.16540508282641567,54
1196,0,1898,973,925,0,0,0,1.0,1,1.0,1,1.0,1,0.18077636970524644,56
1197,3,1901,975,926,0,0,0,1.0,1,1.0,1,1.0,1,0.17123375580622122,56
1198,3,1904,976,928,0,0,0,1.0,1,1.0,1,1.0,1,0.1595984256553536,58
1199,1,1905,977,928,0,0,0,1.0,1,1.0,1,1.0,1,0.15294839964161155,58
1200,0,1905,977,928,0,0,0,1.0,1,1.0,1,1.0,1,0.15294839964161155,58
1201,4,1909,978,931,0,0,0,1.0,1,1.0,1,1.0,1,0.15473703231684655,58
1202,2,1911,978,933,0,0,0,1.0,1,1.0,1,1.0,1,0.11596752284581151,60
1203,0,1911,978,933,0,0,0,1.0,1,1.0,1,1.0,1,0.12705081542710783,58
1204,1,1912,979,933,0,0,0,1.0,1,1.0,1,1.0,1,0.149035292216465,59
1205,2,1914,980,934,0,0,0,1.0,1,1.0,1,1.0,1,0.16627658675024495,59
1206,0,1914,980,934,0,0,0,1.0,1,1.0,1,1.0,1,0.18300497096412308,58
1207,1,1915,981,934,0,0,0,1.0,1,1.0,1,1.0,1,0.1762266010546793,60
1208,0,1915,981,934,0,0,0,1.0,1,1.0,1,1.0,1,0.1762266010546793,60
1209,3,1918,982,936,0,0,0,1.0,1,1.0,1,1.0,1,0.15693492785594115,61
1210,0,1918,982,936,0,0,0,1.0,1,1.0,1,1.0,1,0.15693492785594115,61
1211,1,1919,983,936,0,0,0,1.0,1,1.0,1,1.0,1,0.13334371853575352,63
1212,1,1920,984,936,0,0,0,1.0,1,1.0,1,1.0,1,0.12731989401289423,63
1213,0,1920,984,936,0,0,0,1.0,1,1.0,1,1.0,1,0.12731989401289423,63
1214,3,1923,986,937,0,0,0,1.0,1,1.0,1,1.0,1,0.19666912813640536,62
1215,0,1923,986,937,0,0,0,1.0,1,1.0,1,1.0,1,0.18951075728381137,63
1216,1,1924,987,937,0,0,0,1.0,1,1.0,1,1.0,1,0.23455829768456338,64
1217,1,1925,987,938,0,0,0,1.0,1,1.0,1,1.0,1,0.22482155950228414,65
1218,1,1926,987,939,0,0,0,1.0,1,1.0,1,1.0,1,0.2307297620627397,64
1219,0,1926,987,939,0,0,0,1.0,1,1.0,1,1.0,1,0.23859557130029674,65
1220,1,1927,988,939,0,0,0,1.0,1,1.0,1,1.0,1,0.24481758754938304,64
1221,2,1929,990,939,0,0,0,1.0,1,1.0,1,1.0,1,0.2322833711502931,65
1222,3,1932,993,939,0,0,0,1.0,1,1.0,1,1.0,1,0.20277556679834274,66
1223,0,1932,993,939,0,0,0,1.0,1,1.0,1,1.0,1,0.2144382901869708,64
1224,4,1936,996,940,0,0,0,1.0,1,1.0,1,1.0,1,0.1739081352327668,66
1225,2,1938,998,940,0,0,0,1.0,1,1.0,1,1.0,1,0.1963876821293597,66
1226,8,1946,1000,946,0,0,0,1.0,1,1.0,1,1.0,1,0.1693289912054364,68
1227,2,1948,1001,947,0,0,0,1.0,1,1.0,1,1.0,1,0.15647507839147587,64
1228,0,1948,1001,947,0,0,0,1.0,1,1.0,1,1.0,1,0.16827985517956942,62
1229,0,1948,1001,947,0,0,0,1.0,1,1.0,1,1.0,1,0.15751886147576274,61
1230,0,1948,1001,947,0,0,0,1.0,1,1.0,1,1.0,1,0.17031878354044006,58
1231,0,1948,1001,947,0,0,0,1.0,1,1.0,1,1.0,1,0.1624099571354375,57
1232,1,1949,1002,947,0,0,0,1.0,1,1.0,1,1.0,1,0.20316757368805863,53
1233,2,1951,1004,947,0,0,0,1.0,1,1.0,1,1.0,1,0.1925813544292432,53
1234,0,1951,1004,947,0,0,0,1.0,1,1.0,1,1.0,1,0.18164999583881025,54
1235,1,1952,1004,948,0,0,0,1.0,1,1.0,1,1.0,1,0.19770545841693,55
1236,2,1954,1006,948,0,0,0,1.0,1,1.0,1,1.0,1,0.2309837781426875,55
1237,1,1955,1006,949,0,0,0,1.0,1,1.0,1,1.0,1,0.22412704591779734,55
1238,0,1955,1006,949,0,0,0,1.0,1,1.0,1,1.0,1,0.24321249575885437,54
1239,0,1955,1006,949,0,0,0,1.0,1,1.0,1,1.0,1,0.2370820330602238,55
1240,0,1955,1006,949,0,0,0,1.0,1,1.0,1,1.0,1,0.2370820330602238,55
1241,0,1955,1006,949,0,0,0,1.0,1,1.0,1,1.0,1,0.22480725395989373,54
1242,0,1955,1006,949,0,0,0,1.0,1,1.0,1,1.0,1,0.22951596315514008,54
1243,0,1955,1006,949,0,0,0,1.0,1,1.0,1,1.0,1,0.22998471031286438,55
1244,0,1955,1006,949,0,0,0,1.0,1,1.0,1,1.0,1,0.22768665388073092,55
1245,1,1956,1007,949,0,0,0,1.0,1,1.0,1,1.0,1,0.25018964013260986,55
1246,0,1956,1007,949,0,0,0,1.0,1,1.0,1,1.0,1,0.27147104906954744,55
1247,2,1958,1008,950,0,0,0,1.0,1,1.0,1,1.0,1,0.29779249218326315,57
1248,0,1958,1008,950,0,0,0,1.0,1,1.0,1,1.0,1,0.3112276257247874,56
1249,6,1964,1013,951,0,0,0,1.0,1,1.0,1,1.0,1,0.3398938490136949,56
1250,4,1968,1016,952,0,0,0,1.0,1,1.0,1,1.0,1,0.3286367766247589,56
1251,13,1981,1016,965,0,0,0,1.0,1,1.0,1,1.0,1,0.18685227257292653,58
1252,1,1982,1016,966,0,0,0,1.0,1,1.0,1,1.0,1,0.177963849793476,58
1253,4,1986,1018,968,0,0,0,1.0,1,1.0,1,1.0,1,0.20566762879467002,58
1254,2,1988,1018,970,0,0,0,1.0,1,1.0,1,1.0,1,0.17898477332830853,60
1255,2,1990,1018,972,0,0,0,1.0,1,1.0,1,1.0,1,0.18700951635698765,61
1256,2,1992,1018,974,0,0,0,1.0,1,1.0,1,1.0,1,0.18700951635698765,61
1257,3,1995,1019,976,0,0,0,1.0,1,1.0,1,1.0,1,0.215427505499507,62
1258,6,2001,1019,982,0,0,0,1.0,1,1.0,1,1.0,1,0.21293877717700604,63
1259,2,2003,1019,984,0,0,0,1.0,1,1.0,1,1.0,1,0.194813365724427,63
1260,2,2005,1019,986,0,0,0,1.0,1,1.0,1,1.0,1,0.1857342222712302,63
1261,5,2010,1019,991,0,0,0,1.0,1,1.0,1,1.0,1,0.17651051066805865,63
1262,2,2012,1019,993,0,0,0,1.0,1,1.0,1,1.0,1,0.18359157400938306,64
1263,3,2015,1020,995,0,0,0,1.0,1,1.0,1,1.0,1,0.2234111071960145,63
1264,1,2016,1020,996,0,0,0,1.0,1,1.0,1,1.0,1,0.19282554764253929,63
1265,3,2019,1023,996,0,0,0,1.0,1,1.0,1,1.0,1,0.2355301907988858,60
1266,1,2020,1024,996,0,0,0,1.0,1,1.0,1,1.0,1,0.2255676309850806,61
1267,0,2020,1024,996,0,0,0,1.0,1,1.0,1,1.0,1,0.24303800552980975,58
1268,1,2021,1025,996,0,0,0,1.0,1,1.0,1,1.0,1,0.28675218342438175,54
1269,4,2025,1027,998,0,0,0,1.0,1,1.0,1,1.0,1,0.21026161993458126,54
1270,2,2027,1027,1000,0,0,0,1.0,1,1.0,1,1.0,1,0.21542829947576145,51
1271,0,2027,1027,1000,0,0,0,1.0,1,1.0,1,1.0,1,0.23361264366728243,50
1272,0,2027,1027,1000,0,0,0,1.0,1,1.0,1,1.0,1,0.25733551909073177,47
1273,0,2027,1027,1000,0,0,0,1.0,1,1.0,1,1.0,1,0.25733551909073177,47
1274,1,2028,1028,1000,0,0,0,1.0,1,1.0,1,1.0,1,0.2648484032692642,49
1275,2,2030,1030,1000,0,0,0,1.0,1,1.0,1,1.0,1,0.29579433169611197,48
1276,9,2039,1033,1006,0,0,0,1.0,1,1.0,1,1.0,1,0.2519804098846836,49
1277,7,2046,1037,1009,0,0,0,1.0,1,1.0,1,1.0,1,0.21244641011939563,50
1278,2,2048,1037,1011,0,0,0,1.0,1,1.0,1,1.0,1,0.2118203387969215,51
1279,0,2048,1037,1011,0,0,0,1.0,1,1.0,1,1.0,1,0.2118203387969215,51
1280,0,2048,1037,1011,0,0,0,1.0,1,1.0,1,1.0,1,0.2004305747282589,52
1281,0,2048,1037,1011,0,0,0,1.0,1,1.0,1,1.0,1,0.2004305747282589,52
1282,1,2049,1038,1011,0,0,0,1.0,1,1.0,1,1.0,1,0.1929292711636375,52
1283,1,2050,1039,1011,0,0,0,1.0,1,1.0,1,1.0,1,0.22945139887037416,52
1284,3,2053,1040,1013,0,0,0,1.0,1,1.0,1,1.0,1,0.23674259851852467,52
1285,0,2053,1040,1013,0,0,0,1.0,1,1.0,1,1.0,1,0.26641089935664913,51
1286,1,2054,1040,1014,0,0,0,1.0,1,1.0,1,1.0,1,0.2678497885565999,52
1287,3,2057,1041,1016,0,0,0,1.0,1,1.0,1,1.0,1,0.2715140270447434,54
1288,2,2059,1042,1017,0,0,0,1.0,1,1.0,1,1.0,1,0.267517455639395,55
1289,2,2061,1043,1018,0,0,0,1.0,1,1.0,1,1.0,1,0.22708418450002413,56
1290,1,2062,1044,1018,0,0,0,1.0,1,1.0,1,1.0,1,0.19795529628752012,57
1291,0,2062,1044,1018,0,0,0,1.0,1,1.0,1,1.0,1,0.2095062900786424,58
1292,1,2063,1045,1018,0,0,0,1.0,1,1.0,1,1.0,1,0.1957285955183543,59
1293,0,2063,1045,1018,0,0,0,1.0,1,1.0,1,1.0,1,0.1957285955183543,59
1294,2,2065,1046,1019,0,0,0,1.0,1,1.0,1,1.0,1,0.1928235391758812,59
1295,0,2065,1046,1019,0,0,0,1.0,1,1.0,1,1.0,1,0.1928235391758812,59
1296,0,2065,1046,1019,0,0,0,1.0,1,1.0,1,1.0,1,0.21122891853970785,59
1297,0,2065,1046,1019,0,0,0,1.0,1,1.0,1,1.0,1,0.20887826980622504,61
1298,1,2066,1046,1020,0,0,0,1.0,1,1.0,1,1.0,1,0.22339453445595484,61
1299,1,2067,1047,1020,0,0,0,1.0,1,1.0,1,1.0,1,0.22444369596637126,60
1300,1,2068,1048,1020,0,0,0,1.0,1,1.0,1,1.0,1,0.2178715478222619,59
1301,7,2075,1049,1026,0,0,0,1.0,1,1.0,1,1.0,1,0.20772247949016528,59
1302,3,2078,1050,1028,0,0,0,1.0,1,1.0,1,1.0,1,0.17842498514857602,59
1303,2,2080,1052,1028,0,0,0,1.0,1,1.0,1,1.0,1,0.22270170235892733,55
1304,1,2081,1053,1028,0,0,0,1.0,1,1.0,1,1.0,1,0.21739083928383665,56
1305,1,2082,1054,1028,0,0,0,1.0,1,1.0,1,1.0,1,0.24090550285294782,54
1306,1,2083,1055,1028,0,0,0,1.0,1,1.0,1,1.0,1,0.24182302980771964,53
1307,2,2085,1057,1028,0,0,0,1.0,1,1.0,1,1.0,1,0.25862082131899544,52
1308,3,2088,1060,1028,0,0,0,1.0,1,1.0,1,1.0,1,0.2750397748662198,52
1309,2,2090,1061,1029,0,0,0,1.0,1,1.0,1,1.0,1,0.28591550810220373,54
1310,2,2092,1063,1029,0,0,0,1.0,1,1.0,1,1.0,1,0.3000808465113498,52
1311,1,2093,1064,1029,0,0,0,1.0,1,1.0,1,1.0,1,0.2852236940105844,51
1312,1,2094,1065,1029,0,0,0,1.0,1,1.0,1,1.0,1,0.3344296962314485,49
1313,0,2094,1065,1029,0,0,0,1.0,1,1.0,1,1.0,1,0.34120807919957497,47
1314,1,2095,1065,1030,0,0,0,1.0,1,1.0,1,1.0,1,0.31082490620501996,46
1315,1,2096,1066,1030,0,0,0,1.0,1,1.0,1,1.0,1,0.32125430758370366,45
1316,0,2096,1066,1030,0,0,0,1.0,1,1.0,1,1.0,1,0.3004788563817643,46
1317,0,2096,1066,1030,0,0,0,1.0,1,1.0,1,1.0,1,0.289455719498817,45
1318,1,2097,1066,1031,0,0,0,1.0,1,1.0,1,1.0,1,0.2788831678466615,46
1319,1,2098,1067,1031,0,0,0,1.0,1,1.0,1,1.0,1,0.28810837628758673,46
1320,1,2099,1067,1032,0,0,0,1.0,1,1.0,1,1.0,1,0.275118580699262,46
1321,1,2100,1067,1033,0,0,0,1.0,1,1.0,1,1.0,1,0.230455536975978,48
1322,1,2101,1067,1034,0,0,0,1.0,1,1.0,1,1.0,1,0.22745371673474502,49
1323,0,2101,1067,1034,0,0,0,1.0,1,1.0,1,1.0,1,0.2186005562524167,49
1324,0,2101,1067,1034,0,0,0,1.0,1,1.0,1,1.0,1,0.2333474039584918,50
1325,0,2101,1067,1034,0,0,0,1.0,1,1.0,1,1.0,1,0.24710993420575858,49
1326,8,2109,1068,1041,0,0,0,1.0,1,1.0,1,1.0,1,0.2413505084237457,50
1327,4,2113,1069,1044,0,0,0,1.0,1,1.0,1,1.0,1,0.2301984149821155,50
1328,0,2113,1069,1044,0,0,0,1.0,1,1.0,1,1.0,1,0.24972720181266378,49
1329,2,2115,1069,1046,0,0,0,1.0,1,1.0,1,1.0,1,0.2305693310913067,50
1330,0,2115,1069,1046,0,0,0,1.0,1,1.0,1,1.0,1,0.2305693310913067,50
1331,2,2117,1070,1047,0,0,0,1.0,1,1.0,1,1.0,1,0.2484400464199176,50
1332,2,2119,1072,1047,0,0,0,1.0,1,1.0,1,1.0,1,0.22026967613438456,51
1333,1,2120,1072,1048,0,0,0,1.0,1,1.0,1,1.0,1,0.20854759985169566,52
1334,0,2120,1072,1048,0,0,0,1.0,1,1.0,1,1.0,1,0.21617560905672764,54
1335,0,2120,1072,1048,0,0,0,1.0,1,1.0,1,1.0,1,0.21617560905672764,54
1336,3,2123,1072,1051,0,0,0,1.0,1,1.0,1,1.0,1,0.1881310924087825,56
1337,4,2127,1074,1053,0,0,0,1.0,1,1.0,1,1.0,1,0.24859746009176786,57
1338,0,2127,1074,1053,0,0,0,1.0,1,1.0,1,1.0,1,0.24859746009176786,57
1339,2,2129,1076,1053,0,0,0,1.0,1,1.0,1,1.0,1,0.2925969497207952,58
1340,4,2133,1076,1057,0,0,0,1.0,1,1.0,1,1.0,1,0.2806001439194407,59
1341,0,2133,1076,1057,0,0,0,1.0,1,1.0,1,1.0,1,0.26182309253933317,57
1342,1,2134,1076,1058,0,0,0,1.0,1,1.0,1,1.0,1,0.23683225593527021,57
1343,0,2134,1076,1058,0,0,0,1.0,1,1.0,1,1.0,1,0.23313896081560254,55
1344,0,2134,1076,1058,0,0,0,1.0,1,1.0,1,1.0,1,0.21569425449109628,54
1345,0,2134,1076,1058,0,0,0,1.0,1,1.0,1,1.0,1,0.22802453622237975,53
1346,0,2134,1076,1058,0,0,0,1.0,1,1.0,1,1.0,1,0.23421059274275444,53
1347,2,2136,1077,1059,0,0,0,1.0,1,1.0,1,1.0,1,0.24972582571335872,51
1348,0,2136,1077,1059,0,0,0,1.0,1,1.0,1,1.0,1,0.2628702096797305,52
1349,1,2137,1078,1059,0,0,0,1.0,1,1.0,1,1.0,1,0.27578462070162674,50
1350,1,2138,1079,1059,0,0,0,1.0,1,1.0,1,1.0,1,0.2597296080657769,51
1351,7,2145,1079,1066,0,0,0,1.0,1,1.0,1,1.0,1,0.2110314316777784,50
1352,1,2146,1079,1067,0,0,0,1.0,1,1.0,1,1.0,1,0.19655999700886195,50
1353,1,2147,1079,1068,0,0,0,1.0,1,1.0,1,1.0,1,0.17233193249583217,50
1354,0,2147,1079,1068,0,0,0,1.0,1,1.0,1,1.0,1,0.19125610622599612,51
1355,1,2148,1079,1069,0,0,0,1.0,1,1.0,1,1.0,1,0.17114737856199558,53
1356,1,2149,1080,1069,0,0,0,1.0,1,1.0,1,1.0,1,0.20878667923081576,52
1357,2,2151,1080,1071,0,0,0,1.0,1,1.0,1,1.0,1,0.1959186470823829,52
1358,1,2152,1081,1071,0,0,0,1.0,1,1.0,1,1.0,1,0.1956833840656823,53
1359,2,2154,1083,1071,0,0,0,1.0,1,1.0,1,1.0,1,0.22307505107895806,54
1360,1,2155,1084,1071,0,0,0,1.0,1,1.0,1,1.0,1,0.2157849095015385,55
1361,2,2157,1085,1072,0,0,0,1.0,1,1.0,1,1.0,1,0.21934557955476527,55
1362,1,2158,1085,1073,0,0,0,1.0,1,1.0,1,1.0,1,0.188161453007787,56
1363,0,2158,1085,1073,0,0,0,1.0,1,1.0,1,1.0,1,0.188161453007787,56
1364,0,2158,1085,1073,0,0,0,1.0,1,1.0,1,1.0,1,0.19599839344584674,55
1365,0,2158,1085,1073,0,0,0,1.0,1,1.0,1,1.0,1,0.2066751139706966,56
1366,1,2159,1085,1074,0,0,0,1.0,1,1.0,1,1.0,1,0.20550310292503132,57
1367,1,2160,1085,1075,0,0,0,1.0,1,1.0,1,1.0,1,0.19104095290737044,57
1368,0,2160,1085,1075,0,0,0,1.0,1,1.0,1,1.0,1,0.20380139772851416,58
1369,4,2164,1086,1078,0,0,0,1.0,1,1.0,1,1.0,1,0.19766945644847866,59
1370,3,2167,1088,1079,0,0,0,1.0,1,1.0,1,1.0,1,0.21478299329508796,60
1371,0,2167,1088,1079,0,0,0,1.0,1,1.0,1,1.0,1,0.21416794717255297,59
1372,0,2167,1088,1079,0,0,0,1.0,1,1.0,1,1.0,1,0.21416794717255297,59
1373,2,2169,1089,1080,0,0,0,1.0,1,1.0,1,1.0,1,0.21900152690513844,59
1374,1,2170,1090,1080,0,0,0,1.0,1,1.0,1,1.0,1,0.21278303166223234,59
1375,1,2171,1090,1081,0,0,0,1.0,1,1.0,1,1.0,1,0.21485462538530659,62
1376,8,2179,1091,1088,0,0,0,1.0,1,1.0,1,1.0,1,0.16168552115854015,61
1377,1,2180,1091,1089,0,0,0,1.0,1,1.0,1,1.0,1,0.15370395292423217,63
1378,4,2184,1093,1091,0,0,0,1.0,1,1.0,1,1.0,1,0.19251007937295772,62
1379,4,2188,1095,1093,0,0,0,1.0,1,1.0,1,1.0,1,0.21511770068525235,61
1380,1,2189,1095,1094,0,0,0,1.0,1,1.0,1,1.0,1,0.20124114883396682,60
1381,1,2190,1096,1094,0,0,0,1.0,1,1.0,1,1.0,1,0.23180642679260025,58
1382,0,2190,1096,1094,0,0,0,1.0,1,1.0,1,1.0,1,0.21769487848054683,56
1383,0,2190,1096,1094,0,0,0,1.0,1,1.0,1,1.0,1,0.20682942341175095,57
1384,2,2192,1097,1095,0,0,0,1.0,1,1.0,1,1.0,1,0.18345851793341686,55
1385,1,2193,1098,1095,0,0,0,1.0,1,1.0,1,1.0,1,0.17402923969092737,55
1386,1,2194,1099,1095,0,0,0,1.0,1,1.0,1,1.0,1,0.17196435278373515,54
1387,0,2194,1099,1095,0,0,0,1.0,1,1.0,1,1.0,1,0.18894954163528144,53
1388,2,2196,1101,1095,0,0,0,1.0,1,1.0,1,1.0,1,0.23438692452412282,52
1389,0,2196,1101,1095,0,0,0,1.0,1,1.0,1,1.0,1,0.258056517409863,52
1390,1,2197,1101,1096,0,0,0,1.0,1,1.0,1,1.0,1,0.25662837456026605,51
1391,0,2197,1101,1096,0,0,0,1.0,1,1.0,1,1.0,1,0.2660169327493666,52
1392,0,2197,1101,1096,0,0,0,1.0,1,1.0,1,1.0,1,0.257754907878877,51
1393,2,2199,1102,1097,0,0,0,1.0,1,1.0,1,1.0,1,0.27272620756187976,51
1394,0,2199,1102,1097,0,0,0,1.0,1,1.0,1,1.0,1,0.28428686808082826,52
1395,1,2200,1102,1098,0,0,0,1.0,1,1.0,1,1.0,1,0.2768689740707703,52
1396,1,2201,1103,1098,0,0,0,1.0,1,1.0,1,1.0,1,0.2660081446671992,53
1397,1,2202,1103,1099,0,0,0,1.0,1,1.0,1,1.0,1,0.24641236328663993,56
1398,0,2202,1103,1099,0,0,0,1.0,1,1.0,1,1.0,1,0.24641236328663993,56
1399,2,2204,1104,1100,0,0,0,1.0,1,1.0,1,1.0,1,0.2432749542804835,57
1400,2,2206,1106,1100,0,0,0,1.0,1,1.0,1,1.0,1,0.27073690964011377,57
1401,8,2214,1106,1108,0,0,0,1.0,1,1.0,1,1.0,1,0.16554287302839074,57
1402,6,2220,1109,1111,0,0,0,1.0,1,1.0,1,1.0,1,0.1829681414192549,57
1403,1,2221,1109,1112,0,0,0,1.0,1,1.0,1,1.0,1,0.18890089256018586,56
1404,1,2222,1110,1112,0,0,0,1.0,1,1.0,1,1.0,1,0.1964211936363398,58
1405,2,2224,1111,1113,0,0,0,1.0,1,1.0,1,1.0,1,0.24561455799435433,58
1406,2,2226,1111,1115,0,0,0,1.0,1,1.0,1,1.0,1,0.22840341402590866,58
1407,0,2226,1111,1115,0,0,0,1.0,1,1.0,1,1.0,1,0.24949072213264228,57
1408,1,2227,1111,1116,0,0,0,1.0,1,1.0,1,1.0,1,0.2510900717707279,58
1409,0,2227,1111,1116,0,0,0,1.0,1,1.0,1,1.0,1,0.24609069463268196,57
1410,0,2227,1111,1116,0,0,0,1.0,1,1.0,1,1.0,1,0.24609069463268196,57
1411,0,2227,1111,1116,0,0,0,1.0,1,1.0,1,1.0,1,0.26261576703791495,56
1412,0,2227,1111,1116,0,0,0,1.0,1,1.0,1,1.0,1,0.2627829870783419,55
1413,1,2228,1111,1117,0,0,0,1.0,1,1.0,1,1.0,1,0.2563367272248398,57
1414,0,2228,1111,1117,0,0,0,1.0,1,1.0,1,1.0,1,0.2563367272248398,57
1415,1,2229,1112,1117,0,0,0,1.0,1,1.0,1,1.0,1,0.27502060303083414,60
1416,1,2230,1112,1118,0,0,0,1.0,1,1.0,1,1.0,1,0.2588381767413296,61
1417,2,2232,1112,1120,0,0,0,1.0,1,1.0,1,1.0,1,0.22882660095998686,59
1418,0,2232,1112,1120,0,0,0,1.0,1,1.0,1,1.0,1,0.2303361219101688,60
1419,1,2233,1113,1120,0,0,0,1.0,1,1.0,1,1.0,1,0.2425723813420317,59
1420,1,2234,1114,1120,0,0,0,1.0,1,1.0,1,1.0,1,0.22056127795283761,58
1421,3,2237,1115,1122,0,0,0,1.0,1,1.0,1,1.0,1,0.20003006625839975,57
1422,0,2237,1115,1122,0,0,0,1.0,1,1.0,1,1.0,1,0.20003006625839975,57
1423,1,2238,1116,1122,0,0,0,1.0,1,1.0,1,1.0,1,0.18169524470760665,56
1424,0,2238,1116,1122,0,0,0,1.0,1,1.0,1,1.0,1,0.18847837062371145,57
1425,0,2238,1116,1122,0,0,0,1.0,1,1.0,1,1.0,1,0.2096078685659433,54
1426,4,2242,1116,1126,0,0,0,1.0,1,1.0,1,1.0,1,0.1874504677650428,54
1427,4,2246,1117,1129,0,0,0,1.0,1,1.0,1,1.0,1,0.20316377912203124,53
1428,1,2247,1118,1129,0,0,0,1.0,1,1.0,1,1.0,1,0.19859958402824496,52
1429,1,2248,1118,1130,0,0,0,1.0,1,1.0,1,1.0,1,0.1881532960773009,52
1430,2,2250,1119,1131,0,0,0,1.0,1,1.0,1,1.0,1,0.20741338678368432,51
1431,0,2250,1119,1131,0,0,0,1.0,1,1.0,1,1.0,1,0.20727924605441583,51
1432,2,2252,1121,1131,0,0,0,1.0,1,1.0,1,1.0,1,0.2053280160630294,52
1433,1,2253,1121,1132,0,0,0,1.0,1,1.0,1,1.0,1,0.19842972947308138,52
1434,2,2255,1123,1132,0,0,0,1.0,1,1.0,1,1.0,1,0.20198401553279705,52
1435,1,2256,1124,1132,0,0,0,1.0,1,1.0,1,1.0,1,0.22801534275996543,50
1436,2,2258,1125,1133,0,0,0,1.0,1,1.0,1,1.0,1,0.23896107166988256,50
1437,1,2259,1126,1133,0,0,0,1.0,1,1.0,1,1.0,1,0.26572566327480635,49
1438,1,2260,1127,1133,0,0,0,1.0,1,1.0,1,1.0,1,0.27416884830220584,49
1439,1,2261,1128,1133,0,0,0,1.0,1,1.0,1,1.0,1,0.3026993390152894,50
1440,2,2263,1130,1133,0,0,0,1.0,1,1.0,1,1.0,1,0.3308760673053678,50
1441,1,2264,1131,1133,0,0,0,1.0,1,1.0,1,1.0,1,0.34680216385103424,51
1442,0,2264,1131,1133,0,0,0,1.0,1,1.0,1,1.0,1,0.3602861316770982,50
1443,0,2264,1131,1133,0,0,0,1.0,1,1.0,1,1.0,1,0.3583223916557496,51
1444,3,2267,1131,1136,0,0,0,1.0,1,1.0,1,1.0,1,0.32784083712773004,51
1445,2,2269,1132,1137,0,0,0,1.0,1,1.0,1,1.0,1,0.3454535419175863,51
1446,2,2271,1133,1138,0,0,0,1.0,1,1.0,1,1.0,1,0.3455169142264425,51
1447,1,2272,1133,1139,0,0,0,1.0,1,1.0,1,1.0,1,0.3330936160312811,51
1448,1,2273,1134,1139,0,0,0,1.0,1,1.0,1,1.0,1,0.33956557935015136,51
1449,1,2274,1134,1140,0,0,0,1.0,1,1.0,1,1.0,1,0.3317545898893329,51
1450,0,2274,1134,1140,0,0,0,1.0,1,1.0,1,1.0,1,0.31831757461742505,52
1451,9,2283,1134,1149,0,0,0,1.0,1,1.0,1,1.0,1,0.17746816850024238,54
1452,2,2285,1134,1151,0,0,0,1.0,1,1.0,1,1.0,1,0.1664974627277026,56
1453,3,2288,1136,1152,0,0,0,1.0,1,1.0,1,1.0,1,0.19496201520901282,56
1454,2,2290,1136,1154,0,0,0,1.0,1,1.0,1,1.0,1,0.20007062331187342,58
1455,3,2293,1138,1155,0,0,0,1.0,1,1.0,1,1.0,1,0.23070499463747943,55
1456,0,2293,1138,1155,0,0,0,1.0,1,1.0,1,1.0,1,0.23996849120469513,56
1457,1,2294,1139,1155,0,0,0,1.0,1,1.0,1,1.0,1,0.28413187030748444,54
1458,1,2295,1140,1155,0,0,0,1.0,1,1.0,1,1.0,1,0.28878660341093526,52
1459,1,2296,1141,1155,0,0,0,1.0,1,1.0,1,1.0,1,0.28655042314138907,52
1460,1,2297,1142,1155,0,0,0,1.0,1,1.0,1,1.0,1,0.252856803812893,50
1461,2,2299,1144,1155,0,0,0,1.0,1,1.0,1,1.0,1,0.26074182644900396,53
1462,2,2301,1146,1155,0,0,0,1.0,1,1.0,1,1.0,1,0.2691756862336107,51
1463,1,2302,1147,1155,0,0,0,1.0,1,1.0,1,1.0,1,0.2681501979969267,51
1464,0,2302,1147,1155,0,0,0,1.0,1,1.0,1,1.0,1,0.2681501979969267,51
1465,0,2302,1147,1155,0,0,0,1.0,1,1.0,1,1.0,1,0.2846811803652975,49
1466,1,2303,1148,1155,0,0,0,1.0,1,1.0,1,1.0,1,0.3028876839132411,49
1467,1,2304,1149,1155,0,0,0,1.0,1,1.0,1,1.0,1,0.36037665419501375,47
1468,2,2306,1150,1156,0,0,0,1.0,1,1.0,1,1.0,1,0.3478080853639528,48
1469,3,2309,1151,1158,0,0,0,1.0,1,1.0,1,1.0,1,0.3650766830175947,47
1470,1,2310,1151,1159,0,0,0,1.0,1,1.0,1,1.0,1,0.3457899824746988,49
1471,0,2310,1151,1159,0,0,0,1.0,1,1.0,1,1.0,1,0.37418079481551847,48
1472,1,2311,1152,1159,0,0,0,1.0,1,1.0,1,1.0,1,0.35688451719060976,48
1473,3,2314,1153,1161,0,0,0,1.0,1,1.0,1,1.0,1,0.34322908738614394,49
1474,0,2314,1153,1161,0,0,0,1.0,1,1.0,1,1.0,1,0.34322908738614394,49
1475,1,2315,1154,1161,0,0,0,1.0,1,1.0,1,1.0,1,0.334168219741912,49
1476,10,2325,1154,1171,0,0,0,1.0,1,1.0,1,1.0,1,0.2221025734855445,51
1477,2,2327,1154,1173,0,0,0,1.0,1,1.0,1,1.0,1,0.2221025734855445,51
1478,3,2330,1154,1176,0,0,0,1.0,1,1.0,1,1.0,1,0.1782300235645847,52
1479,1,2331,1154,1177,0,0,0,1.0,1,1.0,1,1.0,1,0.1808651993672957,53
1480,2,2333,1155,1178,0,0,0,1.0,1,1.0,1,1.0,1,0.19584191510837332,53
1481,1,2334,1155,1179,0,0,0,1.0,1,1.0,1,1.0,1,0.18886881634808012,53
1482,2,2336,1156,1180,0,0,0,1.0,1,1.0,1,1.0,1,0.2368392546795488,52
1483,2,2338,1156,1182,0,0,0,1.0,1,1.0,1,1.0,1,0.21489090017515655,52
1484,1,2339,1156,1183,0,0,0,1.0,1,1.0,1,1.0,1,0.2354838287134709,53
1485,2,2341,1156,1185,0,0,0,1.0,1,1.0,1,1.0,1,0.21708219157889164,53
1486,0,2341,1156,1185,0,0,0,1.0,1,1.0,1,1.0,1,0.2417085604449531,54
1487,2,2343,1156,1187,0,0,0,1.0,1,1.0,1,1.0,1,0.2340989747750838,55
1488,0,2343,1156,1187,0,0,0,1.0,1,1.0,1,1.0,1,0.24210922688319994,57
1489,1,2344,1157,1187,0,0,0,1.0,1,1.0,1,1.0,1,0.22375250845164507,58
1490,0,2344,1157,1187,0,0,0,1.0,1,1.0,1,1.0,1,0.22375250845164507,58
1491,1,2345,1158,1187,0,0,0,1.0,1,1.0,1,1.0,1,0.24628457818883556,59
1492,2,2347,1158,1189,0,0,0,1.0,1,1.0,1,1.0,1,0.22496836769611944,59
1493,1,2348,1159,1189,0,0,0,1.0,1,1.0,1,1.0,1,0.22789334439402031,58
1494,1,2349,1160,1189,0,0,0,1.0,1,1.0,1,1.0,1,0.25768720952095275,58
1495,1,2350,1161,1189,0,0,0,1.0,1,1.0,1,1.0,1,0.2751355333533628,57
1496,1,2351,1161,1190,0,0,0,1.0,1,1.0,1,1.0,1,0.2505958464093628,59
1497,1,2352,1162,1190,0,0,0,1.0,1,1.0,1,1.0,1,0.26808588222900154,58
1498,2,2354,1164,1190,0,0,0,1.0,1,1.0,1,1.0,1,0.2814271487877414,58
1499,0,2354,1164,1190,0,0,0,1.0,1,1.0,1,1.0,1,0.26273859006798916,56
1500,2,2356,1165,1191,0,0,0,1.0,1,1.0,1,1.0,1,0.24240056700114757,57
1501,4,2360,1166,1194,0,0,0,1.0,1,1.0,1,1.0,1,0.19566535880211192,55
1502,0,2360,1166,1194,0,0,0,1.0,1,1.0,1,1.0,1,0.1966062480116122,55
1503,2,2362,1167,1195,0,0,0,1.0,1,1.0,1,1.0,1,0.2103401875032753,54
1504,1,2363,1167,1196,0,0,0,1.0,1,1.0,1,1.0,1,0.17044540056366442,55
1505,2,2365,1168,1197,0,0,0,1.0,1,1.0,1,1.0,1,0.1671025522201513,53
1506,1,2366,1168,1198,0,0,0,1.0,1,1.0,1,1.0,1,0.16514764923865297,55
1507,0,2366,1168,1198,0,0,0,1.0,1,1.0,1,1.0,1,0.18967197121389948,53
1508,3,2369,1170,1199,0,0,0,1.0,1,1.0,1,1.0,1,0.15964661621116302,53
1509,0,2369,1170,1199,0,0,0,1.0,1,1.0,1,1.0,1,0.1969312940361932,52
1510,2,2371,1171,1200,0,0,0,1.0,1,1.0,1,1.0,1,0.19528823268913129,50
1511,0,2371,1171,1200,0,0,0,1.0,1,1.0,1,1.0,1,0.20513468614426947,49
1512,3,2374,1173,1201,0,0,0,1.0,1,1.0,1,1.0,1,0.2500583732275529,48
1513,0,2374,1173,1201,0,0,0,1.0,1,1.0,1,1.0,1,0.29262041636509084,47
1514,0,2374,1173,1201,0,0,0,1.0,1,1.0,1,1.0,1,0.2774727458146394,48
1515,0,2374,1173,1201,0,0,0,1.0,1,1.0,1,1.0,1,0.2774727458146394,48
1516,0,2374,1173,1201,0,0,0,1.0,1,1.0,1,1.0,1,0.286104774738739,47
1517,1,2375,1173,1202,0,0,0,1.0,1,1.0,1,1.0,1,0.2894370514922266,48
1518,1,2376,1173,1203,0,0,0,1.0,1,1.0,1,1.0,1,0.2770228168260934,48
1519,0,2376,1173,1203,0,0,0,1.0,1,1.0,1,1.0,1,0.28506741455984563,47
1520,0,2376,1173,1203,0,0,0,1.0,1,1.0,1,1.0,1,0.2922037884106859,48
1521,1,2377,1174,1203,0,0,0,1.0,1,1.0,1,1.0,1,0.2655430833279241,49
1522,0,2377,1174,1203,0,0,0,1.0,1,1.0,1,1.0,1,0.26584934511717945,48
1523,0,2377,1174,1203,0,0,0,1.0,1,1.0,1,1.0,1,0.27567991757497845,49
1524,2,2379,1176,1203,0,0,0,1.0,1,1.0,1,1.0,1,0.2861687233540576,49
1525,1,2380,1177,1203,0,0,0,1.0,1,1.0,1,1.0,1,0.27717181585044504,51
1526,7,2387,1179,1208,0,0,0,1.0,1,1.0,1,1.0,1,0.18792409944622082,52
1527,2,2389,1179,1210,0,0,0,1.0,1,1.0,1,1.0,1,0.1776455729806597,54
1528,2,2391,1180,1211,0,0,0,1.0,1,1.0,1,1.0,1,0.14530089953623343,54
1529,0,2391,1180,1211,0,0,0,1.0,1,1.0,1,1.0,1,0.14530089953623343,54
1530,3,2394,1181,1213,0,0,0,1.0,1,1.0,1,1.0,1,0.15033947955417212,54
1531,2,2396,1181,1215,0,0,0,1.0,1,1.0,1,1.0,1,0.13656786533841417,54
1532,3,2399,1182,1217,0,0,0,1.0,1,1.0,1,1.0,1,0.09593738007793305,54
1533,1,2400,1182,1218,0,0,0,1.0,1,1.0,1,1.0,1,0.11432395702256662,54
1534,2,2402,1182,1220,0,0,0,1.0,1,1.0,1,1.0,1,0.09259147423480027,54
1535,2,2404,1183,1221,0,0,0,1.0,1,1.0,1,1.0,1,0.0987716341156817,54
1536,0,2404,1183,1221,0,0,0,1.0,1,1.0,1,1.0,1,0.10837181752482493,55
1537,0,2404,1183,1221,0,0,0,1.0,1,1.0,1,1.0,1,0.11762935998960906,53
1538,1,2405,1184,1221,0,0,0,1.0,1,1.0,1,1.0,1,0.13611505346968816,54
1539,1,2406,1184,1222,0,0,0,1.0,1,1.0,1,1.0,1,0.1484979066397702,54
1540,0,2406,1184,1222,0,0,0,1.0,1,1.0,1,1.0,1,0.1484979066397702,54
1541,1,2407,1184,1223,0,0,0,1.0,1,1.0,1,1.0,1,0.13774305222822225,54
1542,2,2409,1185,1224,0,0,0,1.0,1,1.0,1,1.0,1,0.14505840500308687,57
1543,4,2413,1187,1226,0,0,0,1.0,1,1.0,1,1.0,1,0.15750372579245683,55
1544,4,2417,1191,1226,0,0,0,1.0,1,1.0,1,1.0,1,0.16285869527444005,54
1545,1,2418,1191,1227,0,0,0,1.0,1,1.0,1,1.0,1,0.1725969019965552,54
1546,3,2421,1194,1227,0,0,0,1.0,1,1.0,1,1.0,1,0.15912028338728146,53
1547,2,2423,1195,1228,0,0,0,1.0,1,1.0,1,1.0,1,0.17419901586505324,53
1548,3,2426,1198,1228,0,0,0,1.0,1,1.0,1,1.0,1,0.1723051678491166,54
1549,5,2431,1202,1229,0,0,0,1.0,1,1.0,1,1.0,1,0.13779556390985245,52
1550,4,2435,1205,1230,0,0,0,1.0,1,1.0,1,1.0,1,0.15247857161884254,52
1551,6,2441,1208,1233,0,0,0,1.0,1,1.0,1,1.0,1,0.12659504136132008,52
1552,4,2445,1210,1235,0,0,0,1.0,1,1.0,1,1.0,1,0.11301375199117907,51
1553,1,2446,1211,1235,0,0,0,1.0,1,1.0,1,1.0,1,0.1746923456344635,51
1554,2,2448,1212,1236,0,0,0,1.0,1,1.0,1,1.0,1,0.13032332742836444,51
1555,2,2450,1214,1236,0,0,0,1.0,1,1.0,1,1.0,1,0.1648925037782,50
1556,2,2452,1216,1236,0,0,0,1.0,1,1.0,1,1.0,1,0.14523916225957934,51
1557,3,2455,1218,1237,0,0,0,1.0,1,1.0,1,1.0,1,0.15647455691332732,51
1558,1,2456,1219,1237,0,0,0,1.0,1,1.0,1,1.0,1,0.1572078549319606,52
1559,2,2458,1219,1239,0,0,0,1.0,1,1.0,1,1.0,1,0.15658904267632737,53
1560,2,2460,1221,1239,0,0,0,1.0,1,1.0,1,1.0,1,0.1640284478965185,51
1561,3,2463,1222,1241,0,0,0,1.0,1,1.0,1,1.0,1,0.16959734129967105,51
1562,0,2463,1222,1241,0,0,0,1.0,1,1.0,1,1.0,1,0.17707488530701915,52
1563,0,2463,1222,1241,0,0,0,1.0,1,1.0,1,1.0,1,0.17707488530701915,52
1564,0,2463,1222,1241,0,0,0,1.0,1,1.0,1,1.0,1,0.18811279994670463,51
1565,0,2463,1222,1241,0,0,0,1.0,1,1.0,1,1.0,1,0.18929257007318437,53
1566,0,2463,1222,1241,0,0,0,1.0,1,1.0,1,1.0,1,0.20969429455522956,53
1567,1,2464,1223,1241,0,0,0,1.0,1,1.0,1,1.0,1,0.2174312576935815,52
1568,1,2465,1224,1241,0,0,0,1.0,1,1.0,1,1.0,1,0.23653186749884383,52
1569,1,2466,1225,1241,0,0,0,1.0,1,1.0,1,1.0,1,0.26193508768346524,49
1570,1,2467,1226,1241,0,0,0,1.0,1,1.0,1,1.0,1,0.28182710849818704,48
1571,3,2470,1229,1241,0,0,0,1.0,1,1.0,1,1.0,1,0.3235425804587132,46
1572,2,2472,1231,1241,0,0,0,1.0,1,1.0,1,1.0,1,0.304306075741788,47
1573,0,2472,1231,1241,0,0,0,1.0,1,1.0,1,1.0,1,0.2874112474794944,48
1574,3,2475,1234,1241,0,0,0,1.0,1,1.0,1,1.0,1,0.27654380024894226,46
1575,1,2476,1235,1241,0,0,0,1.0,1,1.0,1,1.0,1,0.2988893906006588,47
1576,9,2485,1239,1246,0,0,0,1.0,1,1.0,1,1.0,1,0.1480116924883173,46
1577,0,2485,1239,1246,0,0,0,1.0,1,1.0,1,1.0,1,0.13601712430042792,45
1578,2,2487,1240,1247,0,0,0,1.0,1,1.0,1,1.0,1,0.09313882669305704,44
1579,1,2488,1241,1247,0,0,0,1.0,1,1.0,1,1.0,1,0.08788506034679,43
1580,0,2488,1241,1247,0,0,0,1.0,1,1.0,1,1.0,1,0.08788506034679,43
1581,3,2491,1241,1250,0,0,0,1.0,1,1.0,1,1.0,1,0.04301088824279179,42
1582,0,2491,1241,1250,0,0,0,1.0,1,1.0,1,1.0,1,0.04301088824279179,42
1583,1,2492,1242,1250,0,0,0,1.0,1,1.0,1,1.0,1,0.06511459343360992,43
1584,0,2492,1242,1250,0,0,0,1.0,1,1.0,1,1.0,1,0.0802587232445152,41
1585,6,2498,1247,1251,0,0,0,1.0,1,1.0,1,1.0,1,0.06348697862561875,43
1586,1,2499,1248,1251,0,0,0,1.0,1,1.0,1,1.0,1,0.10154425381214105,42
1587,1,2500,1249,1251,0,0,0,1.0,1,1.0,1,1.0,1,0.1684465146729304,42
1588,2,2502,1251,1251,0,0,0,1.0,1,1.0,1,1.0,1,0.19614056439255328,42
1589,1,2503,1252,1251,0,0,0,1.0,1,1.0,1,1.0,1,0.16005215479597315,42
1590,0,2503,1252,1251,0,0,0,1.0,1,1.0,1,1.0,1,0.22434499092144808,41
1591,1,2504,1253,1251,0,0,0,1.0,1,1.0,1,1.0,1,0.22049756152823594,40
1592,0,2504,1253,1251,0,0,0,1.0,1,1.0,1,1.0,1,0.24084707630120175,39
1593,1,2505,1254,1251,0,0,0,1.0,1,1.0,1,1.0,1,0.2557848186637776,39
1594,0,2505,1254,1251,0,0,0,1.0,1,1.0,1,1.0,1,0.2502057385443157,39
1595,0,2505,1254,1251,0,0,0,1.0,1,1.0,1,1.0,1,0.24558745413733038,42
1596,0,2505,1254,1251,0,0,0,1.0,1,1.0,1,1.0,1,0.2751803964138842,41
1597,0,2505,1254,1251,0,0,0,1.0,1,1.0,1,1.0,1,0.2751803964138842,41
1598,0,2505,1254,1251,0,0,0,1.0,1,1.0,1,1.0,1,0.32330797443811293,39
1599,4,2509,1258,1251,0,0,0,1.0,1,1.0,1,1.0,1,0.31773297370152026,39
1600,2,2511,1260,1251,0,0,0,1.0,1,1.0,1,1.0,1,0.29941444567888126,40
1601,10,2521,1262,1259,0,0,0,1.0,1,1.0,1,1.0,1,0.19440968095005676,41
1602,0,2521,1262,1259,0,0,0,1.0,1,1.0,1,1.0,1,0.16692305723633682,41
1603,2,2523,1264,1259,0,0,0,1.0,1,1.0,1,1.0,1,0.1819550685122273,43
1604,1,2524,1265,1259,0,0,0,1.0,1,1.0,1,1.0,1,0.19524502858641696,43
1605,1,2525,1266,1259,0,0,0,1.0,1,1.0,1,1.0,1,0.22118608414658034,44
1606,2,2527,1268,1259,0,0,0,1.0,1,1.0,1,1.0,1,0.2225328505708171,44
1607,1,2528,1269,1259,0,0,0,1.0,1,1.0,1,1.0,1,0.21355005450993117,42
1608,2,2530,1270,1260,0,0,0,1.0,1,1.0,1,1.0,1,0.19147065203806857,41
1609,0,2530,1270,1260,0,0,0,1.0,1,1.0,1,1.0,1,0.15461077592743863,39
1610,1,2531,1270,1261,0,0,0,1.0,1,1.0,1,1.0,1,0.09340239283879477,39
1611,0,2531,1270,1261,0,0,0,1.0,1,1.0,1,1.0,1,0.09650332038815584,40
1612,0,2531,1270,1261,0,0,0,1.0,1,1.0,1,1.0,1,0.08489272701339788,39
1613,0,2531,1270,1261,0,0,0,1.0,1,1.0,1,1.0,1,0.08072456364940965,41
1614,2,2533,1272,1261,0,0,0,1.0,1,1.0,1,1.0,1,0.10106007769649569,41
1615,2,2535,1273,1262,0,0,0,1.0,1,1.0,1,1.0,1,0.07781310955150263,41
1616,1,2536,1274,1262,0,0,0,1.0,1,1.0,1,1.0,1,0.09597214739851688,43
1617,1,2537,1275,1262,0,0,0,1.0,1,1.0,1,1.0,1,0.11939363125573874,44
1618,1,2538,1275,1263,0,0,0,1.0,1,1.0,1,1.0,1,0.11046228126546224,44
1619,2,2540,1277,1263,0,0,0,1.0,1,1.0,1,1.0,1,0.15150750581335193,44
1620,1,2541,1278,1263,0,0,0,1.0,1,1.0,1,1.0,1,0.14898778065250232,45
1621,0,2541,1278,1263,0,0,0,1.0,1,1.0,1,1.0,1,0.15147977664060655,44
1622,3,2544,1281,1263,0,0,0,1.0,1,1.0,1,1.0,1,0.20525803050532004,44
1623,0,2544,1281,1263,0,0,0,1.0,1,1.0,1,1.0,1,0.22212120962419674,43
1624,1,2545,1282,1263,0,0,0,1.0,1,1.0,1,1.0,1,0.21059907370761505,43
1625,2,2547,1284,1263,0,0,0,1.0,1,1.0,1,1.0,1,0.23091508387127907,43
1626,7,2554,1284,1270,0,0,0,1.0,1,1.0,1,1.0,1,0.08956757010399224,42
1627,2,2556,1285,1271,0,0,0,1.0,1,1.0,1,1.0,1,0.08621119217907834,42
1628,3,2559,1285,1274,0,0,0,1.0,1,1.0,1,1.0,1,0.09417092617329471,42
1629,0,2559,1285,1274,0,0,0,1.0,1,1.0,1,1.0,1,0.11799506006564087,41
1630,2,2561,1286,1275,0,0,0,1.0,1,1.0,1,1.0,1,0.0843915214564246,41
1631,1,2562,1286,1276,0,0,0,1.0,1,1.0,1,1.0,1,0.14536779976602143,40
1632,0,2562,1286,1276,0,0,0,1.0,1,1.0,1,1.0,1,0.16260138200833416,39
1633,1,2563,1287,1276,0,0,0,1.0,1,1.0,1,1.0,1,0.1527071111690726,39
1634,0,2563,1287,1276,0,0,0,1.0,1,1.0,1,1.0,1,0.1527071111690726,39
1635,1,2564,1287,1277,0,0,0,1.0,1,1.0,1,1.0,1,0.16361488525807244,40
1636,1,2565,1288,1277,0,0,0,1.0,1,1.0,1,1.0,1,0.16270662012726278,41
1637,0,2565,1288,1277,0,0,0,1.0,1,1.0,1,1.0,1,0.17784763132532447,41
1638,1,2566,1289,1277,0,0,0,1.0,1,1.0,1,1.0,1,0.17707341001149973,42
1639,2,2568,1289,1279,0,0,0,1.0,1,1.0,1,1.0,1,0.18012422788443014,43
1640,1,2569,1290,1279,0,0,0,1.0,1,1.0,1,1.0,1,0.17159763677751572,43
1641,1,2570,1290,1280,0,0,0,1.0,1,1.0,1,1.0,1,0.1599346858160783,44
1642,2,2572,1292,1280,0,0,0,1.0,1,1.0,1,1.0,1,0.1861056482336037,45
1643,3,2575,1293,1282,0,0,0,1.0,1,1.0,1,1.0,1,0.15732270873143836,44
1644,3,2578,1295,1283,0,0,0,1.0,1,1.0,1,1.0,1,0.1821875441035896,45
1645,3,2581,1295,1286,0,0,0,1.0,1,1.0,1,1.0,1,0.21827633783459244,44
1646,3,2584,1295,1289,0,0,0,1.0,1,1.0,1,1.0,1,0.16075462672977428,43
1647,3,2587,1295,1292,0,0,0,1.0,1,1.0,1,1.0,1,0.15677994106924245,43
1648,2,2589,1295,1294,0,0,0,1.0,1,1.0,1,1.0,1,0.19778962552261842,42
1649,2,2591,1295,1296,0,0,0,1.0,1,1.0,1,1.0,1,0.15141914353081962,41
1650,1,2592,1295,1297,0,0,0,1.0,1,1.0,1,1.0,1,0.16940938352386123,41
1651,2,2594,1295,1299,0,0,0,1.0,1,1.0,1,1.0,1,0.13518842566333963,40
1652,1,2595,1295,1300,0,0,0,1.0,1,1.0,1,1.0,1,0.10736914163375717,39
1653,1,2596,1295,1301,0,0,0,1.0,1,1.0,1,1.0,1,0.08136381890650166,39
1654,1,2597,1295,1302,0,0,0,1.0,1,1.0,1,1.0,1,0.0613125890573239,39
1655,2,2599,1297,1302,0,0,0,1.0,1,1.0,1,1.0,1,0.09263580646089208,40
1656,2,2601,1298,1303,0,0,0,1.0,1,1.0,1,1.0,1,0.12651728243901483,40
1657,1,2602,1299,1303,0,0,0,1.0,1,1.0,1,1.0,1,0.1160205588971385,40
1658,1,2603,1300,1303,0,0,0,1.0,1,1.0,1,1.0,1,0.11017144654719792,40
1659,3,2606,1303,1303,0,0,0,1.0,1,1.0,1,1.0,1,0.18315731971907778,40
1660,3,2609,1306,1303,0,0,0,1.0,1,1.0,1,1.0,1,0.12824977390336464,41
1661,2,2611,1308,1303,0,0,0,1.0,1,1.0,1,1.0,1,0.14520085575508915,42
1662,2,2613,1309,1304,0,0,0,1.0,1,1.0,1,1.0,1,0.07125931985779853,44
1663,1,2614,1310,1304,0,0,0,1.0,1,1.0,1,1.0,1,0.0818747881963891,43
1664,1,2615,1311,1304,0,0,0,1.0,1,1.0,1,1.0,1,0.09580503363957345,42
1665,1,2616,1312,1304,0,0,0,1.0,1,1.0,1,1.0,1,0.0942760687172059,42
1666,4,2620,1315,1305,0,0,0,1.0,1,1.0,1,1.0,1,0.08443809681548543,43
1667,1,2621,1316,1305,0,0,0,1.0,1,1.0,1,1.0,1,0.08061802064801608,40
1668,0,2621,1316,1305,0,0,0,1.0,1,1.0,1,1.0,1,0.09467333863197168,40
1669,3,2624,1319,1305,0,0,0,1.0,1,1.0,1,1.0,1,0.12467610327425012,40
1670,1,2625,1320,1305,0,0,0,1.0,1,1.0,1,1.0,1,0.13178892631993777,39
1671,1,2626,1321,1305,0,0,0,1.0,1,1.0,1,1.0,1,0.1502963398937161,39
1672,3,2629,1323,1306,0,0,0,1.0,1,1.0,1,1.0,1,0.19685858774238343,38
1673,3,2632,1325,1307,0,0,0,1.0,1,1.0,1,1.0,1,0.20364648945900085,38
1674,3,2635,1326,1309,0,0,0,1.0,1,1.0,1,1.0,1,0.21513420583268572,38
1675,2,2637,1326,1311,0,0,0,1.0,1,1.0,1,1.0,1,0.19046757501836886,39
1676,3,2640,1326,1314,0,0,0,1.0,1,1.0,1,1.0,1,0.17255078621990425,39
1677,0,2640,1326,1314,0,0,0,1.0,1,1.0,1,1.0,1,0.15503502051029922,40
1678,2,2642,1327,1315,0,0,0,1.0,1,1.0,1,1.0,1,0.18797726183601282,39
1679,1,2643,1328,1315,0,0,0,1.0,1,1.0,1,1.0,1,0.17255398776612987,39
1680,0,2643,1328,1315,0,0,0,1.0,1,1.0,1,1.0,1,0.1814918172357777,40
1681,1,2644,1329,1315,0,0,0,1.0,1,1.0,1,1.0,1,0.17814519350464103,41
1682,2,2646,1330,1316,0,0,0,1.0,1,1.0,1,1.0,1,0.1674221199251381,40
1683,5,2651,1333,1318,0,0,0,1.0,1,1.0,1,1.0,1,0.13442378697076357,43
1684,2,2653,1334,1319,0,0,0,1.0,1,1.0,1,1.0,1,0.16077261690780328,42
1685,2,2655,1336,1319,0,0,0,1.0,1,1.0,1,1.0,1,0.14571876761263897,41
1686,0,2655,1336,1319,0,0,0,1.0,1,1.0,1,1.0,1,0.12443469828011317,39
1687,7,2662,1340,1322,0,0,0,1.0,1,1.0,1,1.0,1,0.1892429772963186,41
1688,0,2662,1340,1322,0,0,0,1.0,1,1.0,1,1.0,1,0.15117422461238514,39
1689,3,2665,1343,1322,0,0,0,1.0,1,1.0,1,1.0,1,0.1449368550025999,37
1690,0,2665,1343,1322,0,0,0,1.0,1,1.0,1,1.0,1,0.15484213166065278,36
1691,3,2668,1344,1324,0,0,0,1.0,1,1.0,1,1.0,1,0.16714473824293283,36
1692,0,2668,1344,1324,0,0,0,1.0,1,1.0,1,1.0,1,0.16267084249154895,34
1693,1,2669,1345,1324,0,0,0,1.0,1,1.0,1,1.0,1,0.15110322076648044,33
1694,3,2672,1346,1326,0,0,0,1.0,1,1.0,1,1.0,1,0.1438891317526615,32
1695,0,2672,1346,1326,0,0,0,1.0,1,1.0,1,1.0,1,0.14171540391932533,32
1696,2,2674,1347,1327,0,0,0,1.0,1,1.0,1,1.0,1,0.1515284843314275,34
1697,1,2675,1348,1327,0,0,0,1.0,1,1.0,1,1.0,1,0.18502962222533606,34
1698,5,2680,1350,1330,0,0,0,1.0,1,1.0,1,1.0,1,0.18236248903951563,36
1699,3,2683,1351,1332,0,0,0,1.0,1,1.0,1,1.0,1,0.20985500239231686,36
1700,1,2684,1351,1333,0,0,0,1.0,1,1.0,1,1.0,1,0.23141434430864985,37
1701,3,2687,1351,1336,0,0,0,1.0,1,1.0,1,1.0,1,0.1591469836780747,39
1702,1,2688,1352,1336,0,0,0,1.0,1,1.0,1,1.0,1,0.1436649481152099,39
1703,1,2689,1353,1336,0,0,0,1.0,1,1.0,1,1.0,1,0.15485544748396615,38
1704,0,2689,1353,1336,0,0,0,1.0,1,1.0,1,1.0,1,0.11849073272829165,38
1705,3,2692,1355,1337,0,0,0,1.0,1,1.0,1,1.0,1,0.12854603545802867,37
1706,2,2694,1356,1338,0,0,0,1.0,1,1.0,1,1.0,1,0.11656496081524556,37
1707,1,2695,1357,1338,0,0,0,1.0,1,1.0,1,1.0,1,0.1524208896005367,36
1708,0,2695,1357,1338,0,0,0,1.0,1,1.0,1,1.0,1,0.18243623789646116,34
1709,0,2695,1357,1338,0,0,0,1.0,1,1.0,1,1.0,1,0.18243623789646116,34
1710,4,2699,1360,1339,0,0,0,1.0,1,1.0,1,1.0,1,0.29577824456110086,33
1711,0,2699,1360,1339,0,0,0,1.0,1,1.0,1,1.0,1,0.284960238372158,32
1712,1,2700,1361,1339,0,0,0,1.0,1,1.0,1,1.0,1,0.3385473675707801,31
1713,0,2700,1361,1339,0,0,0,1.0,1,1.0,1,1.0,1,0.33515931631804785,32
1714,0,2700,1361,1339,0,0,0,1.0,1,1.0,1,1.0,1,0.33515931631804785,32
1715,0,2700,1361,1339,0,0,0,1.0,1,1.0,1,1.0,1,0.33515931631804785,32
1716,1,2701,1362,1339,0,0,0,1.0,1,1.0,1,1.0,1,0.31487734943223145,34
1717,1,2702,1362,1340,0,0,0,1.0,1,1.0,1,1.0,1,0.29037603657666294,34
1718,0,2702,1362,1340,0,0,0,1.0,1,1.0,1,1.0,1,0.309844321465588,34
1719,1,2703,1363,1340,0,0,0,1.0,1,1.0,1,1.0,1,0.3467919968069246,34
1720,2,2705,1364,1341,0,0,0,1.0,1,1.0,1,1.0,1,0.3446487306213703,34
1721,3,2708,1365,1343,0,0,0,1.0,1,1.0,1,1.0,1,0.315407334160903,35
1722,0,2708,1365,1343,0,0,0,1.0,1,1.0,1,1.0,1,0.2769197468228042,35
1723,2,2710,1366,1344,0,0,0,1.0,1,1.0,1,1.0,1,0.25764383992807344,34
1724,0,2710,1366,1344,0,0,0,1.0,1,1.0,1,1.0,1,0.22573397364787018,33
1725,0,2710,1366,1344,0,0,0,1.0,1,1.0,1,1.0,1,0.2183417282118816,35
1726,3,2713,1367,1346,0,0,0,1.0,1,1.0,1,1.0,1,0.12697041843164364,34
1727,0,2713,1367,1346,0,0,0,1.0,1,1.0,1,1.0,1,0.12697041843164364,34
1728,0,2713,1367,1346,0,0,0,1.0,1,1.0,1,1.0,1,0.10881914738070425,35
1729,1,2714,1368,1346,0,0,0,1.0,1,1.0,1,1.0,1,0.12306463817499681,35
1730,0,2714,1368,1346,0,0,0,1.0,1,1.0,1,1.0,1,0.12306463817499681,35
1731,3,2717,1369,1348,0,0,0,1.0,1,1.0,1,1.0,1,0.16959650351837638,35
1732,0,2717,1369,1348,0,0,0,1.0,1,1.0,1,1.0,1,0.16959650351837638,35
1733,0,2717,1369,1348,0,0,0,1.0,1,1.0,1,1.0,1,0.18794254472371408,33
1734,1,2718,1370,1348,0,0,0,1.0,1,1.0,1,1.0,1,0.1919636608498607,34
1735,1,2719,1370,1349,0,0,0,1.0,1,1.0,1,1.0,1,0.21180625934641276,33
1736,3,2722,1373,1349,0,0,0,1.0,1,1.0,1,1.0,1,0.22376399901822602,33
1737,0,2722,1373,1349,0,0,0,1.0,1,1.0,1,1.0,1,0.20752240493350893,35
1738,2,2724,1375,1349,0,0,0,1.0,1,1.0,1,1.0,1,0.17468949054962088,36
1739,2,2726,1377,1349,0,0,0,1.0,1,1.0,1,1.0,1,0.1692441477763813,36
1740,2,2728,1378,1350,0,0,0,1.0,1,1.0,1,1.0,1,0.14583211192222878,37
1741,1,2729,1379,1350,0,0,0,1.0,1,1.0,1,1.0,1,0.12135443593779402,36
1742,0,2729,1379,1350,0,0,0,1.0,1,1.0,1,1.0,1,0.12135443593779402,36
1743,2,2731,1381,1350,0,0,0,1.0,1,1.0,1,1.0,1,0.17978581923656728,37
1744,0,2731,1381,1350,0,0,0,1.0,1,1.0,1,1.0,1,0.19275550424761553,37
1745,4,2735,1385,1350,0,0,0,1.0,1,1.0,1,1.0,1,0.3133972670687286,38
1746,3,2738,1385,1353,0,0,0,1.0,1,1.0,1,1.0,1,0.25660994969069484,38
1747,1,2739,1386,1353,0,0,0,1.0,1,1.0,1,1.0,1,0.3005838522867721,37
1748,2,2741,1387,1354,0,0,0,1.0,1,1.0,1,1.0,1,0.2691549278025007,38
1749,0,2741,1387,1354,0,0,0,1.0,1,1.0,1,1.0,1,0.2691549278025007,38
1750,1,2742,1387,1355,0,0,0,1.0,1,1.0,1,1.0,1,0.2648543032608621,39
1751,5,2747,1387,1360,0,0,0,1.0,1,1.0,1,1.0,1,0.1680513683710258,41
1752,1,2748,1388,1360,0,0,0,1.0,1,1.0,1,1.0,1,0.16484843830024917,41
1753,0,2748,1388,1360,0,0,0,1.0,1,1.0,1,1.0,1,0.17584387307044705,41
1754,1,2749,1388,1361,0,0,0,1.0,1,1.0,1,1.0,1,0.15967050256812382,40
1755,0,2749,1388,1361,0,0,0,1.0,1,1.0,1,1.0,1,0.16135430270073964,41
1756,1,2750,1388,1362,0,0,0,1.0,1,1.0,1,1.0,1,0.1939619933350794,41
1757,0,2750,1388,1362,0,0,0,1.0,1,1.0,1,1.0,1,0.21099213103009185,40
1758,0,2750,1388,1362,0,0,0,1.0,1,1.0,1,1.0,1,0.20066923929952954,41
1759,1,2751,1389,1362,0,0,0,1.0,1,1.0,1,1.0,1,0.24020865130564037,38
1760,3,2754,1391,1363,0,0,0,1.0,1,1.0,1,1.0,1,0.2049263216977615,38
1761,4,2758,1393,1365,0,0,0,1.0,1,1.0,1,1.0,1,0.1973284481525,37
1762,1,2759,1394,1365,0,0,0,1.0,1,1.0,1,1.0,1,0.21256397970792512,37
1763,5,2764,1398,1366,0,0,0,1.0,1,1.0,1,1.0,1,0.16915935696536308,37
1764,2,2766,1399,1367,0,0,0,1.0,1,1.0,1,1.0,1,0.1767524481804057,36
1765,3,2769,1402,1367,0,0,0,1.0,1,1.0,1,1.0,1,0.23061612900195796,36
1766,2,2771,1403,1368,0,0,0,1.0,1,1.0,1,1.0,1,0.20505955906547757,37
1767,2,2773,1405,1368,0,0,0,1.0,1,1.0,1,1.0,1,0.23279378974578308,37
1768,0,2773,1405,1368,0,0,0,1.0,1,1.0,1,1.0,1,0.18718914660567612,37
1769,1,2774,1406,1368,0,0,0,1.0,1,1.0,1,1.0,1,0.17825962362635178,38
1770,2,2776,1407,1369,0,0,0,1.0,1,1.0,1,1.0,1,0.1826048990183979,39
1771,1,2777,1407,1370,0,0,0,1.0,1,1.0,1,1.0,1,0.19108978964662135,39
1772,1,2778,1408,1370,0,0,0,1.0,1,1.0,1,1.0,1,0.20390517480359494,39
1773,1,2779,1409,1370,0,0,0,1.0,1,1.0,1,1.0,1,0.18942170325403343,41
1774,1,2780,1410,1370,0,0,0,1.0,1,1.0,1,1.0,1,0.2101706332916688,41
1775,1,2781,1411,1370,0,0,0,1.0,1,1.0,1,1.0,1,0.201197105273951,42
1776,5,2786,1412,1374,0,0,0,1.0,1,1.0,1,1.0,1,0.13564448233192372,43
1777,1,2787,1412,1375,0,0,0,1.0,1,1.0,1,1.0,1,0.10004230707971695,43
1778,0,2787,1412,1375,0,0,0,1.0,1,1.0,1,1.0,1,0.11515514353936356,44
1779,1,2788,1412,1376,0,0,0,1.0,1,1.0,1,1.0,1,0.10449365707391411,46
1780,0,2788,1412,1376,0,0,0,1.0,1,1.0,1,1.0,1,0.10449365707391411,46
1781,0,2788,1412,1376,0,0,0,1.0,1,1.0,1,1.0,1,0.10449365707391411,46
1782,0,2788,1412,1376,0,0,0,1.0,1,1.0,1,1.0,1,0.11187288553848888,46
1783,0,2788,1412,1376,0,0,0,1.0,1,1.0,1,1.0,1,0.12829110497308677,44
1784,0,2788,1412,1376,0,0,0,1.0,1,1.0,1,1.0,1,0.11482035365781504,45
1785,1,2789,1413,1376,0,0,0,1.0,1,1.0,1,1.0,1,0.14271169259349165,42
1786,2,2791,1415,1376,0,0,0,1.0,1,1.0,1,1.0,1,0.13031825599615052,43
1787,1,2792,1416,1376,0,0,0,1.0,1,1.0,1,1.0,1,0.14924854257515388,41
1788,1,2793,1417,1376,0,0,0,1.0,1,1.0,1,1.0,1,0.18725673161061857,41
1789,0,2793,1417,1376,0,0,0,1.0,1,1.0,1,1.0,1,0.199457480609171,41
1790,5,2798,1422,1376,0,0,0,1.0,1,1.0,1,1.0,1,0.16450340557798873,41
1791,2,2800,1424,1376,0,0,0,1.0,1,1.0,1,1.0,1,0.1458753659692759,40
1792,4,2804,1428,1376,0,0,0,1.0,1,1.0,1,1.0,1,0.1173554764500605,40
1793,2,2806,1429,1377,0,0,0,1.0,1,1.0,1,1.0,1,0.12620892775514012,41
1794,0,2806,1429,1377,0,0,0,1.0,1,1.0,1,1.0,1,0.12620892775514012,41
1795,5,2811,1433,1378,0,0,0,1.0,1,1.0,1,1.0,1,0.21865854201886117,40
1796,1,2812,1434,1378,0,0,0,1.0,1,1.0,1,1.0,1,0.24323391070665099,40
1797,1,2813,1435,1378,0,0,0,1.0,1,1.0,1,1.0,1,0.2862996857217721,37
1798,1,2814,1436,1378,0,0,0,1.0,1,1.0,1,1.0,1,0.2970527741320944,37
1799,1,2815,1437,1378,0,0,0,1.0,1,1.0,1,1.0,1,0.3137760160759354,36
1800,0,2815,1437,1378,0,0,0,1.0,1,1.0,1,1.0,1,0.3137760160759354,36
1801,5,2820,1437,1383,0,0,0,1.0,1,1.0,1,1.0,1,0.09749055633406727,34
1802,1,2821,1438,1383,0,0,0,1.0,1,1.0,1,1.0,1,0.08069454100311102,33
1803,2,2823,1440,1383,0,0,0,1.0,1,1.0,1,1.0,1,0.09762878495595334,33
1804,1,2824,1441,1383,0,0,0,1.0,1,1.0,1,1.0,1,0.1402364314166501,33
1805,1,2825,1442,1383,0,0,0,1.0,1,1.0,1,1.0,1,0.17587642580976068,35
1806,2,2827,1444,1383,0,0,0,1.0,1,1.0,1,1.0,1,0.18926462738407904,35
1807,0,2827,1444,1383,0,0,0,1.0,1,1.0,1,1.0,1,0.14471915517840747,35
1808,1,2828,1445,1383,0,0,0,1.0,1,1.0,1,1.0,1,0.07838796233559815,36
1809,0,2828,1445,1383,0,0,0,1.0,1,1.0,1,1.0,1,0.07191105722472982,36
1810,3,2831,1447,1384,0,0,0,1.0,1,1.0,1,1.0,1,0.10942102633372269,35
1811,4,2835,1448,1387,0,0,0,1.0,1,1.0,1,1.0,1,0.14665203163089127,36
1812,1,2836,1448,1388,0,0,0,1.0,1,1.0,1,1.0,1,0.1352732967071088,36
1813,1,2837,1449,1388,0,0,0,1.0,1,1.0,1,1.0,1,0.17887318241210917,36
1814,0,2837,1449,1388,0,0,0,1.0,1,1.0,1,1.0,1,0.18187624039760414,34
1815,1,2838,1449,1389,0,0,0,1.0,1,1.0,1,1.0,1,0.1790092718251835,35
1816,1,2839,1449,1390,0,0,0,1.0,1,1.0,1,1.0,1,0.16618684815915274,34
1817,1,2840,1450,1390,0,0,0,1.0,1,1.0,1,1.0,1,0.14624959450663585,34
1818,0,2840,1450,1390,0,0,0,1.0,1,1.0,1,1.0,1,0.14624959450663585,34
1819,2,2842,1452,1390,0,0,0,1.0,1,1.0,1,1.0,1,0.11342893213920104,35
1820,0,2842,1452,1390,0,0,0,1.0,1,1.0,1,1.0,1,0.10381103900672366,36
1821,0,2842,1452,1390,0,0,0,1.0,1,1.0,1,1.0,1,0.10381103900672366,36
1822,3,2845,1455,1390,0,0,0,1.0,1,1.0,1,1.0,1,0.11653642693126516,37
1823,1,2846,1456,1390,0,0,0,1.0,1,1.0,1,1.0,1,0.1279880001512692,38
1824,0,2846,1456,1390,0,0,0,1.0,1,1.0,1,1.0,1,0.13904170184249287,37
1825,2,2848,1457,1391,0,0,0,1.0,1,1.0,1,1.0,1,0.14595253993136403,36
1826,2,2850,1458,1392,0,0,0,1.0,1,1.0,1,1.0,1,0.1274964445006044,35
1827,1,2851,1459,1392,0,0,0,1.0,1,1.0,1,1.0,1,0.13007727092732646,35
1828,1,2852,1460,1392,0,0,0,1.0,1,1.0,1,1.0,1,0.14554031918715743,33
1829,0,2852,1460,1392,0,0,0,1.0,1,1.0,1,1.0,1,0.1695984375447776,32
1830,1,2853,1461,1392,0,0,0,1.0,1,1.0,1,1.0,1,0.19005733924147308,32
1831,1,2854,1462,1392,0,0,0,1.0,1,1.0,1,1.0,1,0.2626272253022916,30
1832,0,2854,1462,1392,0,0,0,1.0,1,1.0,1,1.0,1,0.2626272253022916,30
1833,1,2855,1463,1392,0,0,0,1.0,1,1.0,1,1.0,1,0.3233285268700449,29
1834,2,2857,1465,1392,0,0,0,1.0,1,1.0,1,1.0,1,0.2931405434159658,28
1835,3,2860,1468,1392,0,0,0,1.0,1,1.0,1,1.0,1,0.31710942595098596,28
1836,0,2860,1468,1392,0,0,0,1.0,1,1.0,1,1.0,1,0.3142820301479251,29
1837,1,2861,1469,1392,0,0,0,1.0,1,1.0,1,1.0,1,0.3381951175684612,28
1838,0,2861,1469,1392,0,0,0,1.0,1,1.0,1,1.0,1,0.30191794365328806,28
1839,0,2861,1469,1392,0,0,0,1.0,1,1.0,1,1.0,1,0.3217325886601123,27
1840,1,2862,1469,1393,0,0,0,1.0,1,1.0,1,1.0,1,0.3010501099369713,26
1841,0,2862,1469,1393,0,0,0,1.0,1,1.0,1,1.0,1,0.28722660759936625,25
1842,1,2863,1470,1393,0,0,0,1.0,1,1.0,1,1.0,1,0.2890257450635986,26
1843,0,2863,1470,1393,0,0,0,1.0,1,1.0,1,1.0,1,0.2890257450635986,26
1844,4,2867,1474,1393,0,0,0,1.0,1,1.0,1,1.0,1,0.310804681738226,26
1845,0,2867,1474,1393,0,0,0,1.0,1,1.0,1,1.0,1,0.310804681738226,26
1846,2,2869,1476,1393,0,0,0,1.0,1,1.0,1,1.0,1,0.34866475522696266,26
1847,0,2869,1476,1393,0,0,0,1.0,1,1.0,1,1.0,1,0.34866475522696266,26
1848,0,2869,1476,1393,0,0,0,1.0,1,1.0,1,1.0,1,0.3448735866769938,27
1849,0,2869,1476,1393,0,0,0,1.0,1,1.0,1,1.0,1,0.3448735866769938,27
1850,0,2869,1476,1393,0,0,0,1.0,1,1.0,1,1.0,1,0.34149832781156475,28
1851,7,2876,1476,1400,0,0,0,1.0,1,1.0,1,1.0,1,0.11059278391073131,28
1852,0,2876,1476,1400,0,0,0,1.0,1,1.0,1,1.0,1,0.11059278391073131,28
1853,0,2876,1476,1400,0,0,0,1.0,1,1.0,1,1.0,1,0.14581723666634572,27
1854,0,2876,1476,1400,0,0,0,1.0,1,1.0,1,1.0,1,0.15012984338587626,28
1855,0,2876,1476,1400,0,0,0,1.0,1,1.0,1,1.0,1,0.15012984338587626,28
1856,5,2881,1479,1402,0,0,0,1.0,1,1.0,1,1.0,1,0.1887914002899833,30
1857,2,2883,1479,1404,0,0,0,1.0,1,1.0,1,1.0,1,0.18692384794988465,31
1858,5,2888,1481,1407,0,0,0,1.0,1,1.0,1,1.0,1,0.21205017702265502,31
1859,2,2890,1481,1409,0,0,0,1.0,1,1.0,1,1.0,1,0.23608755514835164,31
1860,2,2892,1481,1411,0,0,0,1.0,1,1.0,1,1.0,1,0.21205017702265502,31
1861,6,2898,1481,1417,0,0,0,1.0,1,1.0,1,1.0,1,0.19056513138211928,31
1862,2,2900,1481,1419,0,0,0,1.0,1,1.0,1,1.0,1,0.19056513138211928,31
1863,3,2903,1481,1422,0,0,0,1.0,1,1.0,1,1.0,1,0.22138722181764253,31
1864,2,2905,1482,1423,0,0,0,1.0,1,1.0,1,1.0,1,0.18258944521218007,30
1865,1,2906,1483,1423,0,0,0,1.0,1,1.0,1,1.0,1,0.18286755524311535,27
1866,1,2907,1484,1423,0,0,0,1.0,1,1.0,1,1.0,1,0.21200765517182873,28
1867,0,2907,1484,1423,0,0,0,1.0,1,1.0,1,1.0,1,0.25221937096497554,26
1868,1,2908,1485,1423,0,0,0,1.0,1,1.0,1,1.0,1,0.29092004844711467,26
1869,0,2908,1485,1423,0,0,0,1.0,1,1.0,1,1.0,1,0.3079152361932904,25
1870,1,2909,1486,1423,0,0,0,1.0,1,1.0,1,1.0,1,0.26197938929835884,25
1871,1,2910,1487,1423,0,0,0,1.0,1,1.0,1,1.0,1,0.26697475705917273,26
1872,1,2911,1487,1424,0,0,0,1.0,1,1.0,1,1.0,1,0.28714749591894606,25
1873,0,2911,1487,1424,0,0,0,1.0,1,1.0,1,1.0,1,0.31827142863413194,23
1874,1,2912,1488,1424,0,0,0,1.0,1,1.0,1,1.0,1,0.297913803347173,23
1875,0,2912,1488,1424,0,0,0,1.0,1,1.0,1,1.0,1,0.35812965747126385,21
1876,5,2917,1489,1428,0,0,0,1.0,1,1.0,1,1.0,1,0.2062459310174787,24
1877,1,2918,1490,1428,0,0,0,1.0,1,1.0,1,1.0,1,0.22618600705519593,24
1878,4,2922,1491,1431,0,0,0,1.0,1,1.0,1,1.0,1,0.09332446108777523,26
1879,0,2922,1491,1431,0,0,0,1.0,1,1.0,1,1.0,1,0.09332446108777523,26
1880,0,2922,1491,1431,0,0,0,1.0,1,1.0,1,1.0,1,0.09332446108777523,26
1881,0,2922,1491,1431,0,0,0,1.0,1,1.0,1,1.0,1,0.09332446108777523,26
1882,0,2922,1491,1431,0,0,0,1.0,1,1.0,1,1.0,1,0.11670212473537413,25
1883,0,2922,1491,1431,0,0,0,1.0,1,1.0,1,1.0,1,0.11670212473537413,25
1884,0,2922,1491,1431,0,0,0,1.0,1,1.0,1,1.0,1,0.11670212473537413,25
1885,0,2922,1491,1431,0,0,0,1.0,1,1.0,1,1.0,1,0.11670212473537413,25
1886,0,2922,1491,1431,0,0,0,1.0,1,1.0,1,1.0,1,0.07595979344708986,26
1887,0,2922,1491,1431,0,0,0,1.0,1,1.0,1,1.0,1,0.07595979344708986,26
1888,1,2923,1492,1431,0,0,0,1.0,1,1.0,1,1.0,1,0.10139955673702081,27
1889,0,2923,1492,1431,0,0,0,1.0,1,1.0,1,1.0,1,0.13042194091473228,28
1890,0,2923,1492,1431,0,0,0,1.0,1,1.0,1,1.0,1,0.13042194091473228,28
1891,1,2924,1492,1432,0,0,0,1.0,1,1.0,1,1.0,1,0.12537219348602846,29
1892,1,2925,1492,1433,0,0,0,1.0,1,1.0,1,1.0,1,0.11293288776313234,29
1893,0,2925,1492,1433,0,0,0,1.0,1,1.0,1,1.0,1,0.11293288776313234,29
1894,0,2925,1492,1433,0,0,0,1.0,1,1.0,1,1.0,1,0.11293288776313234,29
1895,0,2925,1492,1433,0,0,0,1.0,1,1.0,1,1.0,1,0.12245262347752868,31
1896,1,2926,1493,1433,0,0,0,1.0,1,1.0,1,1.0,1,0.13479066237228282,31
1897,0,2926,1493,1433,0,0,0,1.0,1,1.0,1,1.0,1,0.13479066237228282,31
1898,0,2926,1493,1433,0,0,0,1.0,1,1.0,1,1.0,1,0.13479066237228282,31
1899,0,2926,1493,1433,0,0,0,1.0,1,1.0,1,1.0,1,0.1312560819634773,32
1900,0,2926,1493,1433,0,0,0,1.0,1,1.0,1,1.0,1,0.1312560819634773,32
1901,0,2926,1493,1433,0,0,0,1.0,1,1.0,1,1.0,1,0.1312560819634773,32
1902,1,2927,1494,1433,0,0,0,1.0,1,1.0,1,1.0,1,0.1535919290857892,32
1903,0,2927,1494,1433,0,0,0,1.0,1,1.0,1,1.0,1,0.1535919290857892,32
1904,1,2928,1494,1434,0,0,0,1.0,1,1.0,1,1.0,1,0.10042994205197057,34
1905,0,2928,1494,1434,0,0,0,1.0,1,1.0,1,1.0,1,0.10042994205197057,34
1906,1,2929,1494,1435,0,0,0,1.0,1,1.0,1,1.0,1,0.08479890546100749,35
1907,2,2931,1495,1436,0,0,0,1.0,1,1.0,1,1.0,1,0.013575057969658093,36
1908,0,2931,1495,1436,0,0,0,1.0,1,1.0,1,1.0,1,0.013575057969658093,36
1909,2,2933,1496,1437,0,0,0,1.0,1,1.0,1,1.0,1,0.040246460731545655,37
1910,0,2933,1496,1437,0,0,0,1.0,1,1.0,1,1.0,1,0.04594020054872702,38
1911,0,2933,1496,1437,0,0,0,1.0,1,1.0,1,1.0,1,0.0367523173129304,37
1912,1,2934,1497,1437,0,0,0,1.0,1,1.0,1,1.0,1,0.04424957852611874,37
1913,0,2934,1497,1437,0,0,0,1.0,1,1.0,1,1.0,1,0.05975907589186457,36
1914,3,2937,1500,1437,0,0,0,1.0,1,1.0,1,1.0,1,0.10229375555307221,37
1915,2,2939,1501,1438,0,0,0,1.0,1,1.0,1,1.0,1,0.08317660374663045,37
1916,2,2941,1502,1439,0,0,0,1.0,1,1.0,1,1.0,1,0.12042685168395897,39
1917,5,2946,1504,1442,0,0,0,1.0,1,1.0,1,1.0,1,0.16579246055464847,38
1918,3,2949,1506,1443,0,0,0,1.0,1,1.0,1,1.0,1,0.22101626331231397,38
1919,3,2952,1506,1446,0,0,0,1.0,1,1.0,1,1.0,1,0.22147872063266755,38
1920,3,2955,1507,1448,0,0,0,1.0,1,1.0,1,1.0,1,0.18944836711874374,39
1921,1,2956,1507,1449,0,0,0,1.0,1,1.0,1,1.0,1,0.15867209937538423,38
1922,2,2958,1509,1449,0,0,0,1.0,1,1.0,1,1.0,1,0.12733735889080866,39
1923,3,2961,1511,1450,0,0,0,1.0,1,1.0,1,1.0,1,0.14836307392941664,40
1924,0,2961,1511,1450,0,0,0,1.0,1,1.0,1,1.0,1,0.14836307392941664,40
1925,0,2961,1511,1450,0,0,0,1.0,1,1.0,1,1.0,1,0.11385151187545203,40
1926,2,2963,1512,1451,0,0,0,1.0,1,1.0,1,1.0,1,0.0653444743500817,40
1927,1,2964,1513,1451,0,0,0,1.0,1,1.0,1,1.0,1,0.07068841846007923,41
1928,1,2965,1514,1451,0,0,0,1.0,1,1.0,1,1.0,1,0.05384887472494595,41
1929,1,2966,1515,1451,0,0,0,1.0,1,1.0,1,1.0,1,0.0996322394386643,40
1930,1,2967,1516,1451,0,0,0,1.0,1,1.0,1,1.0,1,0.12816524118694306,40
1931,0,2967,1516,1451,0,0,0,1.0,1,1.0,1,1.0,1,0.12816524118694306,40
1932,0,2967,1516,1451,0,0,0,1.0,1,1.0,1,1.0,1,0.12816524118694306,40
1933,1,2968,1517,1451,0,0,0,1.0,1,1.0,1,1.0,1,0.11477358262737954,42
1934,0,2968,1517,1451,0,0,0,1.0,1,1.0,1,1.0,1,0.11511867699371271,44
1935,0,2968,1517,1451,0,0,0,1.0,1,1.0,1,1.0,1,0.11511867699371271,44
1936,1,2969,1518,1451,0,0,0,1.0,1,1.0,1,1.0,1,0.149830624462477,46
1937,3,2972,1520,1452,0,0,0,1.0,1,1.0,1,1.0,1,0.10203234138641117,47
1938,0,2972,1520,1452,0,0,0,1.0,1,1.0,1,1.0,1,0.10203234138641117,47
1939,1,2973,1521,1452,0,0,0,1.0,1,1.0,1,1.0,1,0.09951679033290711,47
1940,3,2976,1523,1453,0,0,0,1.0,1,1.0,1,1.0,1,0.06446456878516373,47
1941,2,2978,1525,1453,0,0,0,1.0,1,1.0,1,1.0,1,0.06849888952059016,47
1942,3,2981,1526,1455,0,0,0,1.0,1,1.0,1,1.0,1,0.06350794132016008,49
1943,3,2984,1528,1456,0,0,0,1.0,1,1.0,1,1.0,1,0.09412173426395522,47
1944,0,2984,1528,1456,0,0,0,1.0,1,1.0,1,1.0,1,0.09412173426395522,47
1945,1,2985,1529,1456,0,0,0,1.0,1,1.0,1,1.0,1,0.16482784209775347,45
1946,0,2985,1529,1456,0,0,0,1.0,1,1.0,1,1.0,1,0.18142370123906504,45
1947,5,2990,1534,1456,0,0,0,1.0,1,1.0,1,1.0,1,0.25541068094642577,45
1948,2,2992,1534,1458,0,0,0,1.0,1,1.0,1,1.0,1,0.21455248607794034,45
1949,4,2996,1538,1458,0,0,0,1.0,1,1.0,1,1.0,1,0.23451147398558872,42
1950,2,2998,1540,1458,0,0,0,1.0,1,1.0,1,1.0,1,0.17928131833810756,42
1951,3,3001,1541,1460,0,0,0,1.0,1,1.0,1,1.0,1,0.14862108038680497,38
1952,3,3004,1542,1462,0,0,0,1.0,1,1.0,1,1.0,1,0.10809857807065101,36
1953,0,3004,1542,1462,0,0,0,1.0,1,1.0,1,1.0,1,0.13953779181298162,35
1954,0,3004,1542,1462,0,0,0,1.0,1,1.0,1,1.0,1,0.1787766538732158,32
1955,0,3004,1542,1462,0,0,0,1.0,1,1.0,1,1.0,1,0.1638227962384992,33
1956,2,3006,1544,1462,0,0,0,1.0,1,1.0,1,1.0,1,0.24899199199525227,31
1957,0,3006,1544,1462,0,0,0,1.0,1,1.0,1,1.0,1,0.23428477758791136,33
1958,3,3009,1546,1463,0,0,0,1.0,1,1.0,1,1.0,1,0.23695382599489334,34
1959,0,3009,1546,1463,0,0,0,1.0,1,1.0,1,1.0,1,0.22226213705555992,35
1960,1,3010,1547,1463,0,0,0,1.0,1,1.0,1,1.0,1,0.24044814629050834,36
1961,1,3011,1548,1463,0,0,0,1.0,1,1.0,1,1.0,1,0.23692049898580145,36
1962,1,3012,1548,1464,0,0,0,1.0,1,1.0,1,1.0,1,0.20888572405660633,35
1963,0,3012,1548,1464,0,0,0,1.0,1,1.0,1,1.0,1,0.22174407472579702,36
1964,2,3014,1550,1464,0,0,0,1.0,1,1.0,1,1.0,1,0.2439886948187141,35
1965,2,3016,1551,1465,0,0,0,1.0,1,1.0,1,1.0,1,0.2161136545795833,36
1966,4,3020,1553,1467,0,0,0,1.0,1,1.0,1,1.0,1,0.18902320035850867,36
1967,0,3020,1553,1467,0,0,0,1.0,1,1.0,1,1.0,1,0.18902320035850867,36
1968,2,3022,1554,1468,0,0,0,1.0,1,1.0,1,1.0,1,0.17399090571116976,37
1969,0,3022,1554,1468,0,0,0,1.0,1,1.0,1,1.0,1,0.17399090571116976,37
1970,1,3023,1555,1468,0,0,0,1.0,1,1.0,1,1.0,1,0.18594278917223744,38
1971,1,3024,1556,1468,0,0,0,1.0,1,1.0,1,1.0,1,0.2002619113400083,37
1972,0,3024,1556,1468,0,0,0,1.0,1,1.0,1,1.0,1,0.2002619113400083,37
1973,1,3025,1557,1468,0,0,0,1.0,1,1.0,1,1.0,1,0.24277902330673307,37
1974,1,3026,1557,1469,0,0,0,1.0,1,1.0,1,1.0,1,0.2025120770473293,38
1975,0,3026,1557,1469,0,0,0,1.0,1,1.0,1,1.0,1,0.2339659460727507,37
1976,6,3032,1559,1473,0,0,0,1.0,1,1.0,1,1.0,1,0.1493578226052905,39
1977,1,3033,1560,1473,0,0,0,1.0,1,1.0,1,1.0,1,0.12314151920758619,42
1978,1,3034,1561,1473,0,0,0,1.0,1,1.0,1,1.0,1,0.1311479046742059,42
1979,0,3034,1561,1473,0,0,0,1.0,1,1.0,1,1.0,1,0.1311479046742059,42
1980,1,3035,1562,1473,0,0,0,1.0,1,1.0,1,1.0,1,0.09759734665723792,43
1981,0,3035,1562,1473,0,0,0,1.0,1,1.0,1,1.0,1,0.10899486687396394,44
1982,2,3037,1564,1473,0,0,0,1.0,1,1.0,1,1.0,1,0.11414881586253188,44
1983,1,3038,1565,1473,0,0,0,1.0,1,1.0,1,1.0,1,0.1273898248584986,44
1984,1,3039,1566,1473,0,0,0,1.0,1,1.0,1,1.0,1,0.1671876179533139,42
1985,0,3039,1566,1473,0,0,0,1.0,1,1.0,1,1.0,1,0.1532835991902868,41
1986,0,3039,1566,1473,0,0,0,1.0,1,1.0,1,1.0,1,0.18129719211947462,40
1987,1,3040,1566,1474,0,0,0,1.0,1,1.0,1,1.0,1,0.16224988811880248,37
1988,2,3042,1568,1474,0,0,0,1.0,1,1.0,1,1.0,1,0.15130031762435475,35
1989,2,3044,1569,1475,0,0,0,1.0,1,1.0,1,1.0,1,0.1898642226446692,32
1990,2,3046,1571,1475,0,0,0,1.0,1,1.0,1,1.0,1,0.16706751485788926,31
1991,0,3046,1571,1475,0,0,0,1.0,1,1.0,1,1.0,1,0.18987101064986867,32
1992,1,3047,1572,1475,0,0,0,1.0,1,1.0,1,1.0,1,0.21792165789967813,32
1993,3,3050,1575,1475,0,0,0,1.0,1,1.0,1,1.0,1,0.22509438527714812,32
1994,0,3050,1575,1475,0,0,0,1.0,1,1.0,1,1.0,1,0.22454818782644398,31
1995,2,3052,1575,1477,0,0,0,1.0,1,1.0,1,1.0,1,0.1667266765441041,32
1996,1,3053,1575,1478,0,0,0,1.0,1,1.0,1,1.0,1,0.15222775940675193,32
1997,0,3053,1575,1478,0,0,0,1.0,1,1.0,1,1.0,1,0.1681944525500076,31
1998,0,3053,1575,1478,0,0,0,1.0,1,1.0,1,1.0,1,0.1548787364973618,32
1999,0,3053,1575,1478,0,0,0,1.0,1,1.0,1,1.0,1,0.17236525169681122,31
2000,0,3053,1575,1478,0,0,0,1.0,1,1.0,1,1.0,1,0.15011548328634394,30
2001,1,3054,1575,1479,0,0,0,1.0,1,1.0,1,1.0,1,0.1625368488065511,29
2002,1,3055,1576,1479,0,0,0,1.0,1,1.0,1,1.0,1,0.10813740236629205,31
2003,3,3058,1578,1480,0,0,0,1.0,1,1.0,1,1.0,1,0.11766525017148256,33
2004,1,3059,1579,1480,0,0,0,1.0,1,1.0,1,1.0,1,0.16044931293898732,34
2005,1,3060,1579,1481,0,0,0,1.0,1,1.0,1,1.0,1,0.16949767396405815,35
2006,3,3063,1581,1482,0,0,0,1.0,1,1.0,1,1.0,1,0.1183689998765979,36
2007,1,3064,1582,1482,0,0,0,1.0,1,1.0,1,1.0,1,0.11297394016877832,36
2008,2,3066,1584,1482,0,0,0,1.0,1,1.0,1,1.0,1,0.15786957104816718,36
2009,0,3066,1584,1482,0,0,0,1.0,1,1.0,1,1.0,1,0.1404474903707178,37
2010,1,3067,1585,1482,0,0,0,1.0,1,1.0,1,1.0,1,0.1511204950024487,37
2011,0,3067,1585,1482,0,0,0,1.0,1,1.0,1,1.0,1,0.1511204950024487,37
2012,2,3069,1586,1483,0,0,0,1.0,1,1.0,1,1.0,1,0.11349332076784588,37
2013,0,3069,1586,1483,0,0,0,1.0,1,1.0,1,1.0,1,0.13208029936530266,39
2014,0,3069,1586,1483,0,0,0,1.0,1,1.0,1,1.0,1,0.16051018795422586,39
2015,0,3069,1586,1483,0,0,0,1.0,1,1.0,1,1.0,1,0.16051018795422586,39
2016,1,3070,1587,1483,0,0,0,1.0,1,1.0,1,1.0,1,0.14504896032899173,41
2017,1,3071,1587,1484,0,0,0,1.0,1,1.0,1,1.0,1,0.13051288337446915,41
2018,5,3076,1590,1486,0,0,0,1.0,1,1.0,1,1.0,1,0.14082453847031734,42
2019,0,3076,1590,1486,0,0,0,1.0,1,1.0,1,1.0,1,0.1338071971490252,43
2020,2,3078,1592,1486,0,0,0,1.0,1,1.0,1,1.0,1,0.16678527046587682,43
2021,1,3079,1592,1487,0,0,0,1.0,1,1.0,1,1.0,1,0.15891609799970097,43
2022,1,3080,1593,1487,0,0,0,1.0,1,1.0,1,1.0,1,0.12886197753413178,44
2023,4,3084,1595,1489,0,0,0,1.0,1,1.0,1,1.0,1,0.18132451445428066,42
2024,3,3087,1598,1489,0,0,0,1.0,1,1.0,1,1.0,1,0.1668090721788827,41
2025,3,3090,1601,1489,0,0,0,1.0,1,1.0,1,1.0,1,0.2126952627761759,39
2026,3,3093,1601,1492,0,0,0,1.0,1,1.0,1,1.0,1,0.16149954424547197,39
2027,1,3094,1602,1492,0,0,0,1.0,1,1.0,1,1.0,1,0.24399472871932995,38
2028,0,3094,1602,1492,0,0,0,1.0,1,1.0,1,1.0,1,0.22622118245625894,37
2029,0,3094,1602,1492,0,0,0,1.0,1,1.0,1,1.0,1,0.22578769972999022,35
2030,0,3094,1602,1492,0,0,0,1.0,1,1.0,1,1.0,1,0.2169544224530479,32
2031,4,3098,1606,1492,0,0,0,1.0,1,1.0,1,1.0,1,0.1959737448852087,34
2032,0,3098,1606,1492,0,0,0,1.0,1,1.0,1,1.0,1,0.17562198494425588,35
2033,4,3102,1609,1493,0,0,0,1.0,1,1.0,1,1.0,1,0.19845102615963064,35
2034,2,3104,1611,1493,0,0,0,1.0,1,1.0,1,1.0,1,0.1857833783966817,35
2035,3,3107,1613,1494,0,0,0,1.0,1,1.0,1,1.0,1,0.15372736542720278,36
2036,1,3108,1614,1494,0,0,0,1.0,1,1.0,1,1.0,1,0.2109894034122596,35
2037,1,3109,1615,1494,0,0,0,1.0,1,1.0,1,1.0,1,0.22127957280498994,36
2038,2,3111,1616,1495,0,0,0,1.0,1,1.0,1,1.0,1,0.19172560034106417,38
2039,2,3113,1617,1496,0,0,0,1.0,1,1.0,1,1.0,1,0.1591216163558604,38
2040,0,3113,1617,1496,0,0,0,1.0,1,1.0,1,1.0,1,0.14616097864204589,37
2041,1,3114,1617,1497,0,0,0,1.0,1,1.0,1,1.0,1,0.12405279755859094,38
2042,1,3115,1618,1497,0,0,0,1.0,1,1.0,1,1.0,1,0.13304457558597574,38
2043,1,3116,1619,1497,0,0,0,1.0,1,1.0,1,1.0,1,0.14794551930750013,38
2044,0,3116,1619,1497,0,0,0,1.0,1,1.0,1,1.0,1,0.14978143160771068,39
2045,1,3117,1619,1498,0,0,0,1.0,1,1.0,1,1.0,1,0.1557180597582203,40
2046,1,3118,1620,1498,0,0,0,1.0,1,1.0,1,1.0,1,0.1600944128540019,41
2047,1,3119,1620,1499,0,0,0,1.0,1,1.0,1,1.0,1,0.1473162368630773,41
2048,0,3119,1620,1499,0,0,0,1.0,1,1.0,1,1.0,1,0.12243880988510941,43
2049,0,3119,1620,1499,0,0,0,1.0,1,1.0,1,1.0,1,0.12243880988510941,43
2050,0,3119,1620,1499,0,0,0,1.0,1,1.0,1,1.0,1,0.10869345276098094,43
2051,4,3123,1622,1501,0,0,0,1.0,1,1.0,1,1.0,1,0.08597462340510531,43
2052,0,3123,1622,1501,0,0,0,1.0,1,1.0,1,1.0,1,0.09075390137946444,44
2053,1,3124,1623,1501,0,0,0,1.0,1,1.0,1,1.0,1,0.1391671890824672,43
2054,3,3127,1625,1502,0,0,0,1.0,1,1.0,1,1.0,1,0.12111874506989173,44
2055,0,3127,1625,1502,0,0,0,1.0,1,1.0,1,1.0,1,0.1374005480575447,43
2056,0,3127,1625,1502,0,0,0,1.0,1,1.0,1,1.0,1,0.12360168323489772,44
2057,4,3131,1629,1502,0,0,0,1.0,1,1.0,1,1.0,1,0.11043866689508892,44
2058,2,3133,1631,1502,0,0,0,1.0,1,1.0,1,1.0,1,0.0996423407530984,44
2059,0,3133,1631,1502,0,0,0,1.0,1,1.0,1,1.0,1,0.10330308653605867,45
2060,2,3135,1632,1503,0,0,0,1.0,1,1.0,1,1.0,1,0.12310292560498823,46
2061,2,3137,1634,1503,0,0,0,1.0,1,1.0,1,1.0,1,0.10677142912829733,48
2062,0,3137,1634,1503,0,0,0,1.0,1,1.0,1,1.0,1,0.10677142912829733,48
2063,1,3138,1635,1503,0,0,0,1.0,1,1.0,1,1.0,1,0.11610997055130912,45
2064,1,3139,1636,1503,0,0,0,1.0,1,1.0,1,1.0,1,0.12368009943886879,44
2065,1,3140,1636,1504,0,0,0,1.0,1,1.0,1,1.0,1,0.10981882005714334,42
2066,2,3142,1638,1504,0,0,0,1.0,1,1.0,1,1.0,1,0.055694343187305415,42
2067,1,3143,1638,1505,0,0,0,1.0,1,1.0,1,1.0,1,0.054006195367780965,38
2068,2,3145,1640,1505,0,0,0,1.0,1,1.0,1,1.0,1,0.07448094452283076,37
2069,0,3145,1640,1505,0,0,0,1.0,1,1.0,1,1.0,1,0.08799100644961724,35
2070,2,3147,1642,1505,0,0,0,1.0,1,1.0,1,1.0,1,0.10155364968753094,35
2071,0,3147,1642,1505,0,0,0,1.0,1,1.0,1,1.0,1,0.12874484638682449,34
2072,2,3149,1644,1505,0,0,0,1.0,1,1.0,1,1.0,1,0.19846303338415536,35
2073,0,3149,1644,1505,0,0,0,1.0,1,1.0,1,1.0,1,0.189582418420889,37
2074,0,3149,1644,1505,0,0,0,1.0,1,1.0,1,1.0,1,0.17474968367943097,36
2075,0,3149,1644,1505,0,0,0,1.0,1,1.0,1,1.0,1,0.16071166079754332,38
2076,3,3152,1644,1508,0,0,0,1.0,1,1.0,1,1.0,1,0.08515780308985665,37
2077,1,3153,1644,1509,0,0,0,1.0,1,1.0,1,1.0,1,0.06963545495375129,37
2078,0,3153,1644,1509,0,0,0,1.0,1,1.0,1,1.0,1,0.06963545495375129,37
2079,0,3153,1644,1509,0,0,0,1.0,1,1.0,1,1.0,1,0.06963545495375129,37
2080,0,3153,1644,1509,0,0,0,1.0,1,1.0,1,1.0,1,0.07199027959350843,36
2081,2,3155,1646,1509,0,0,0,1.0,1,1.0,1,1.0,1,0.06415394446305941,37
2082,1,3156,1647,1509,0,0,0,1.0,1,1.0,1,1.0,1,0.09626708178642641,38
2083,1,3157,1648,1509,0,0,0,1.0,1,1.0,1,1.0,1,0.10303384202165551,39
2084,2,3159,1649,1510,0,0,0,1.0,1,1.0,1,1.0,1,0.14171267151514824,41
2085,4,3163,1652,1511,0,0,0,1.0,1,1.0,1,1.0,1,0.15114068167591752,41
2086,0,3163,1652,1511,0,0,0,1.0,1,1.0,1,1.0,1,0.13877432861087782,44
2087,3,3166,1654,1512,0,0,0,1.0,1,1.0,1,1.0,1,0.1543122153727888,44
2088,0,3166,1654,1512,0,0,0,1.0,1,1.0,1,1.0,1,0.1469937614623205,45
2089,1,3167,1655,1512,0,0,0,1.0,1,1.0,1,1.0,1,0.12969140048205186,46
2090,3,3170,1656,1514,0,0,0,1.0,1,1.0,1,1.0,1,0.09102972712742396,47
2091,4,3174,1659,1515,0,0,0,1.0,1,1.0,1,1.0,1,0.10307927648390273,48
2092,4,3178,1661,1517,0,0,0,1.0,1,1.0,1,1.0,1,0.08495891509339666,48
2093,4,3182,1661,1521,0,0,0,1.0,1,1.0,1,1.0,1,0.08495891509339666,48
2094,3,3185,1662,1523,0,0,0,1.0,1,1.0,1,1.0,1,0.09672568523376748,47
2095,3,3188,1663,1525,0,0,0,1.0,1,1.0,1,1.0,1,0.05357775559579662,49
2096,4,3192,1663,1529,0,0,0,1.0,1,1.0,1,1.0,1,0.05755805859077741,50
2097,4,3196,1663,1533,0,0,0,1.0,1,1.0,1,1.0,1,0.05755805859077741,50
2098,3,3199,1664,1535,0,0,0,1.0,1,1.0,1,1.0,1,0.0744391735706004,51
2099,3,3202,1665,1537,0,0,0,1.0,1,1.0,1,1.0,1,0.151945711594301,50
2100,2,3204,1666,1538,0,0,0,1.0,1,1.0,1,1.0,1,0.16413449198703384,49
2101,4,3208,1666,1542,0,0,0,1.0,1,1.0,1,1.0,1,0.12310893790337904,48
2102,2,3210,1668,1542,0,0,0,1.0,1,1.0,1,1.0,1,0.15533562509833307,49
2103,2,3212,1670,1542,0,0,0,1.0,1,1.0,1,1.0,1,0.15621659948617514,44
2104,0,3212,1670,1542,0,0,0,1.0,1,1.0,1,1.0,1,0.16957361941319637,42
2105,2,3214,1672,1542,0,0,0,1.0,1,1.0,1,1.0,1,0.19641443952700313,40
2106,0,3214,1672,1542,0,0,0,1.0,1,1.0,1,1.0,1,0.2224054958479682,39
2107,2,3216,1673,1543,0,0,0,1.0,1,1.0,1,1.0,1,0.1642707060247935,37
2108,1,3217,1674,1543,0,0,0,1.0,1,1.0,1,1.0,1,0.1763710402870531,37
2109,0,3217,1674,1543,0,0,0,1.0,1,1.0,1,1.0,1,0.1591035744177966,36
2110,0,3217,1674,1543,0,0,0,1.0,1,1.0,1,1.0,1,0.1287733124592153,35
2111,2,3219,1676,1543,0,0,0,1.0,1,1.0,1,1.0,1,0.14048309306801632,35
2112,0,3219,1676,1543,0,0,0,1.0,1,1.0,1,1.0,1,0.14048309306801632,35
2113,2,3221,1678,1543,0,0,0,1.0,1,1.0,1,1.0,1,0.15936053135981,35
2114,1,3222,1679,1543,0,0,0,1.0,1,1.0,1,1.0,1,0.15025864177649328,36
2115,2,3224,1680,1544,0,0,0,1.0,1,1.0,1,1.0,1,0.1386577011026564,37
2116,4,3228,1682,1546,0,0,0,1.0,1,1.0,1,1.0,1,0.14436470954906697,39
2117,0,3228,1682,1546,0,0,0,1.0,1,1.0,1,1.0,1,0.13028253695070757,39
2118,2,3230,1682,1548,0,0,0,1.0,1,1.0,1,1.0,1,0.1344095030964661,41
2119,1,3231,1683,1548,0,0,0,1.0,1,1.0,1,1.0,1,0.11572945011514271,42
2120,1,3232,1683,1549,0,0,0,1.0,1,1.0,1,1.0,1,0.09290241270575604,42
2121,1,3233,1684,1549,0,0,0,1.0,1,1.0,1,1.0,1,0.09530800389356321,42
2122,0,3233,1684,1549,0,0,0,1.0,1,1.0,1,1.0,1,0.10909420892462886,43
2123,1,3234,1685,1549,0,0,0,1.0,1,1.0,1,1.0,1,0.09749816167409511,42
2124,0,3234,1685,1549,0,0,0,1.0,1,1.0,1,1.0,1,0.09749816167409511,42
2125,0,3234,1685,1549,0,0,0,1.0,1,1.0,1,1.0,1,0.11283199414620655,41
2126,0,3234,1685,1549,0,0,0,1.0,1,1.0,1,1.0,1,0.11283199414620655,41
2127,0,3234,1685,1549,0,0,0,1.0,1,1.0,1,1.0,1,0.11283199414620655,41
2128,1,3235,1685,1550,0,0,0,1.0,1,1.0,1,1.0,1,0.07039235823120644,42
2129,1,3236,1685,1551,0,0,0,1.0,1,1.0,1,1.0,1,0.07249623954250436,43
2130,1,3237,1685,1552,0,0,0,1.0,1,1.0,1,1.0,1,0.037113811154221826,45
2131,1,3238,1686,1552,0,0,0,1.0,1,1.0,1,1.0,1,0.09100827525084716,44
2132,0,3238,1686,1552,0,0,0,1.0,1,1.0,1,1.0,1,0.09100827525084716,44
2133,1,3239,1687,1552,0,0,0,1.0,1,1.0,1,1.0,1,0.08792629778033265,45
2134,3,3242,1689,1553,0,0,0,1.0,1,1.0,1,1.0,1,0.09209335402911917,45
2135,1,3243,1690,1553,0,0,0,1.0,1,1.0,1,1.0,1,0.07811102605674097,46
2136,2,3245,1692,1553,0,0,0,1.0,1,1.0,1,1.0,1,0.09985238566575093,47
2137,7,3252,1696,1556,0,0,0,1.0,1,1.0,1,1.0,1,0.14170654670014923,47
2138,3,3255,1698,1557,0,0,0,1.0,1,1.0,1,1.0,1,0.12759696075549207,45
2139,1,3256,1699,1557,0,0,0,1.0,1,1.0,1,1.0,1,0.16242504259386983,45
2140,3,3259,1701,1558,0,0,0,1.0,1,1.0,1,1.0,1,0.11070715697305367,44
2141,2,3261,1703,1558,0,0,0,1.0,1,1.0,1,1.0,1,0.09568487190762176,45
2142,2,3263,1704,1559,0,0,0,1.0,1,1.0,1,1.0,1,0.08133045564568056,46
2143,2,3265,1706,1559,0,0,0,1.0,1,1.0,1,1.0,1,0.11013941675570893,46
2144,1,3266,1707,1559,0,0,0,1.0,1,1.0,1,1.0,1,0.06016426138046032,48
2145,4,3270,1711,1559,0,0,0,1.0,1,1.0,1,1.0,1,0.08613448056713634,46
2146,0,3270,1711,1559,0,0,0,1.0,1,1.0,1,1.0,1,0.09252686278488548,45
2147,3,3273,1714,1559,0,0,0,1.0,1,1.0,1,1.0,1,0.13852495578262716,44
2148,1,3274,1715,1559,0,0,0,1.0,1,1.0,1,1.0,1,0.12084999350850772,44
2149,4,3278,1719,1559,0,0,0,1.0,1,1.0,1,1.0,1,0.10708916127399086,42
2150,3,3281,1721,1560,0,0,0,1.0,1,1.0,1,1.0,1,0.11197977938322999,40
2151,3,3284,1724,1560,0,0,0,1.0,1,1.0,1,1.0,1,0.05260284280636231,39
2152,1,3285,1725,1560,0,0,0,1.0,1,1.0,1,1.0,1,0.066626960472809,40
2153,3,3288,1727,1561,0,0,0,1.0,1,1.0,1,1.0,1,0.07977380976581257,42
2154,1,3289,1727,1562,0,0,0,1.0,1,1.0,1,1.0,1,0.08419738582204299,42
2155,0,3289,1727,1562,0,0,0,1.0,1,1.0,1,1.0,1,0.08376740177687196,41
2156,0,3289,1727,1562,0,0,0,1.0,1,1.0,1,1.0,1,0.12863333756074546,40
2157,0,3289,1727,1562,0,0,0,1.0,1,1.0,1,1.0,1,0.12863333756074546,40
2158,2,3291,1729,1562,0,0,0,1.0,1,1.0,1,1.0,1,0.11416818551513604,38
2159,0,3291,1729,1562,0,0,0,1.0,1,1.0,1,1.0,1,0.1186982346860953,38
2160,1,3292,1730,1562,0,0,0,1.0,1,1.0,1,1.0,1,0.12752569889237617,38
2161,2,3294,1732,1562,0,0,0,1.0,1,1.0,1,1.0,1,0.16693155799787754,38
2162,1,3295,1733,1562,0,0,0,1.0,1,1.0,1,1.0,1,0.19848460749577831,38
2163,3,3298,1735,1563,0,0,0,1.0,1,1.0,1,1.0,1,0.22337322250840255,40
2164,4,3302,1737,1565,0,0,0,1.0,1,1.0,1,1.0,1,0.23169821169186713,41
2165,3,3305,1739,1566,0,0,0,1.0,1,1.0,1,1.0,1,0.2545890379085904,42
2166,4,3309,1739,1570,0,0,0,1.0,1,1.0,1,1.0,1,0.20594500605986207,42
2167,0,3309,1739,1570,0,0,0,1.0,1,1.0,1,1.0,1,0.18258059376291574,43
2168,0,3309,1739,1570,0,0,0,1.0,1,1.0,1,1.0,1,0.16311729335755573,43
2169,1,3310,1739,1571,0,0,0,1.0,1,1.0,1,1.0,1,0.20010377067925147,45
2170,0,3310,1739,1571,0,0,0,1.0,1,1.0,1,1.0,1,0.18350954028934766,46
2171,0,3310,1739,1571,0,0,0,1.0,1,1.0,1,1.0,1,0.17919069345515617,48
2172,1,3311,1740,1571,0,0,0,1.0,1,1.0,1,1.0,1,0.1856067460899991,49
2173,2,3313,1741,1572,0,0,0,1.0,1,1.0,1,1.0,1,0.19070769927749726,49
2174,1,3314,1741,1573,0,0,0,1.0,1,1.0,1,1.0,1,0.18256525894359457,49
2175,0,3314,1741,1573,0,0,0,1.0,1,1.0,1,1.0,1,0.18256525894359457,49
2176,6,3320,1743,1577,0,0,0,1.0,1,1.0,1,1.0,1,0.1234722248691116,51
2177,1,3321,1744,1577,0,0,0,1.0,1,1.0,1,1.0,1,0.10147601714131432,51
2178,3,3324,1747,1577,0,0,0,1.0,1,1.0,1,1.0,1,0.09628050198167996,50
2179,4,3328,1750,1578,0,0,0,1.0,1,1.0,1,1.0,1,0.05599606446783829,49
2180,2,3330,1750,1580,0,0,0,1.0,1,1.0,1,1.0,1,0.0685940785711333,47
2181,2,3332,1752,1580,0,0,0,1.0,1,1.0,1,1.0,1,0.02554181523736114,47
2182,1,3333,1753,1580,0,0,0,1.0,1,1.0,1,1.0,1,0.026775492558274983,45
2183,2,3335,1755,1580,0,0,0,1.0,1,1.0,1,1.0,1,0.05774636433420545,44
2184,1,3336,1756,1580,0,0,0,1.0,1,1.0,1,1.0,1,0.08241328896966862,43
2185,4,3340,1760,1580,0,0,0,1.0,1,1.0,1,1.0,1,0.11506695834713969,40
2186,3,3343,1763,1580,0,0,0,1.0,1,1.0,1,1.0,1,0.1139174208729509,38
2187,3,3346,1766,1580,0,0,0,1.0,1,1.0,1,1.0,1,0.10974861462857481,35
2188,1,3347,1767,1580,0,0,0,1.0,1,1.0,1,1.0,1,0.13457274699248292,34
2189,0,3347,1767,1580,0,0,0,1.0,1,1.0,1,1.0,1,0.09704273217210674,31
2190,1,3348,1768,1580,0,0,0,1.0,1,1.0,1,1.0,1,0.1514698017979191,29
2191,1,3349,1769,1580,0,0,0,1.0,1,1.0,1,1.0,1,0.17537893307264604,28
2192,1,3350,1770,1580,0,0,0,1.0,1,1.0,1,1.0,1,0.22566935841315022,29
2193,1,3351,1771,1580,0,0,0,1.0,1,1.0,1,1.0,1,0.26781312554856396,28
2194,0,3351,1771,1580,0,0,0,1.0,1,1.0,1,1.0,1,0.26827473261177126,27
2195,2,3353,1773,1580,0,0,0,1.0,1,1.0,1,1.0,1,0.258987594292541,27
2196,1,3354,1774,1580,0,0,0,1.0,1,1.0,1,1.0,1,0.3582176056009315,27
2197,1,3355,1775,1580,0,0,0,1.0,1,1.0,1,1.0,1,0.3404667312435635,27
2198,0,3355,1775,1580,0,0,0,1.0,1,1.0,1,1.0,1,0.30462285414739576,28
2199,1,3356,1776,1580,0,0,0,1.0,1,1.0,1,1.0,1,0.32889468822715673,29
2200,0,3356,1776,1580,0,0,0,1.0,1,1.0,1,1.0,1,0.3185503804928362,31
2201,6,3362,1778,1584,0,0,0,1.0,1,1.0,1,1.0,1,0.22234913692302008,32
2202,1,3363,1778,1585,0,0,0,1.0,1,1.0,1,1.0,1,0.21894749846550135,31
2203,1,3364,1778,1586,0,0,0,1.0,1,1.0,1,1.0,1,0.17045237411568603,32
2204,0,3364,1778,1586,0,0,0,1.0,1,1.0,1,1.0,1,0.17045237411568603,32
2205,2,3366,1779,1587,0,0,0,1.0,1,1.0,1,1.0,1,0.18019989105151432,33
2206,0,3366,1779,1587,0,0,0,1.0,1,1.0,1,1.0,1,0.1780862398259918,32
2207,1,3367,1779,1588,0,0,0,1.0,1,1.0,1,1.0,1,0.15123385279444546,33
2208,1,3368,1780,1588,0,0,0,1.0,1,1.0,1,1.0,1,0.15759755634517586,35
2209,2,3370,1780,1590,0,0,0,1.0,1,1.0,1,1.0,1,0.11174975879182722,36
2210,2,3372,1781,1591,0,0,0,1.0,1,1.0,1,1.0,1,0.09931075148923384,35
2211,1,3373,1781,1592,0,0,0,1.0,1,1.0,1,1.0,1,0.1170285373599374,36
2212,0,3373,1781,1592,0,0,0,1.0,1,1.0,1,1.0,1,0.13940505253639296,37
2213,6,3379,1786,1593,0,0,0,1.0,1,1.0,1,1.0,1,0.0932729916746803,37
2214,0,3379,1786,1593,0,0,0,1.0,1,1.0,1,1.0,1,0.07926722429096562,39
2215,4,3383,1790,1593,0,0,0,1.0,1,1.0,1,1.0,1,0.08126944029035221,36
2216,2,3385,1792,1593,0,0,0,1.0,1,1.0,1,1.0,1,0.06123177143064908,37
2217,2,3387,1794,1593,0,0,0,1.0,1,1.0,1,1.0,1,0.09175012025423741,35
2218,0,3387,1794,1593,0,0,0,1.0,1,1.0,1,1.0,1,0.09175012025423741,35
2219,0,3387,1794,1593,0,0,0,1.0,1,1.0,1,1.0,1,0.05811546728290926,33
2220,0,3387,1794,1593,0,0,0,1.0,1,1.0,1,1.0,1,0.050826984470641504,31
2221,1,3388,1795,1593,0,0,0,1.0,1,1.0,1,1.0,1,0.048539631561809245,31
2222,0,3388,1795,1593,0,0,0,1.0,1,1.0,1,1.0,1,0.08383327412139405,30
2223,1,3389,1796,1593,0,0,0,1.0,1,1.0,1,1.0,1,0.09513356430294366,28
2224,2,3391,1798,1593,0,0,0,1.0,1,1.0,1,1.0,1,0.1249760270448826,29
2225,3,3394,1801,1593,0,0,0,1.0,1,1.0,1,1.0,1,0.12333888152690521,28
2226,1,3395,1802,1593,0,0,0,1.0,1,1.0,1,1.0,1,0.0834530134009647,30
2227,0,3395,1802,1593,0,0,0,1.0,1,1.0,1,1.0,1,0.1290685219021603,28
2228,2,3397,1804,1593,0,0,0,1.0,1,1.0,1,1.0,1,0.10127187664007987,29
2229,1,3398,1805,1593,0,0,0,1.0,1,1.0,1,1.0,1,0.10409779688566856,28
2230,0,3398,1805,1593,0,0,0,1.0,1,1.0,1,1.0,1,0.10143687569982657,28
2231,1,3399,1806,1593,0,0,0,1.0,1,1.0,1,1.0,1,0.19161568155415573,27
2232,0,3399,1806,1593,0,0,0,1.0,1,1.0,1,1.0,1,0.17922803784601374,27
2233,0,3399,1806,1593,0,0,0,1.0,1,1.0,1,1.0,1,0.16695964249716636,28
2234,3,3402,1809,1593,0,0,0,1.0,1,1.0,1,1.0,1,0.11095692601995095,26
2235,1,3403,1810,1593,0,0,0,1.0,1,1.0,1,1.0,1,0.08027339579301251,26
2236,1,3404,1811,1593,0,0,0,1.0,1,1.0,1,1.0,1,0.017525396528723626,26
2237,4,3408,1815,1593,0,0,0,1.0,1,1.0,1,1.0,1,0.10005849170227163,26
2238,1,3409,1816,1593,0,0,0,1.0,1,1.0,1,1.0,1,0.13078709841855024,27
2239,2,3411,1818,1593,0,0,0,1.0,1,1.0,1,1.0,1,0.16956969053494989,28
2240,3,3414,1821,1593,0,0,0,1.0,1,1.0,1,1.0,1,0.21431491861926164,30
2241,1,3415,1822,1593,0,0,0,1.0,1,1.0,1,1.0,1,0.25924093648410407,29
2242,2,3417,1824,1593,0,0,0,1.0,1,1.0,1,1.0,1,0.29609279979086944,29
2243,1,3418,1825,1593,0,0,0,1.0,1,1.0,1,1.0,1,0.31037141061381907,29
2244,0,3418,1825,1593,0,0,0,1.0,1,1.0,1,1.0,1,0.31037141061381907,29
2245,0,3418,1825,1593,0,0,0,1.0,1,1.0,1,1.0,1,0.3087234340523544,30
2246,0,3418,1825,1593,0,0,0,1.0,1,1.0,1,1.0,1,0.2870473842219545,33
2247,0,3418,1825,1593,0,0,0,1.0,1,1.0,1,1.0,1,0.2662224430113845,34
2248,0,3418,1825,1593,0,0,0,1.0,1,1.0,1,1.0,1,0.2662224430113845,34
2249,0,3418,1825,1593,0,0,0,1.0,1,1.0,1,1.0,1,0.2328599781229206,35
2250,2,3420,1826,1594,0,0,0,1.0,1,1.0,1,1.0,1,0.22197746417996547,35
2251,3,3423,1826,1597,0,0,0,1.0,1,1.0,1,1.0,1,0.09051193981299183,36
2252,1,3424,1827,1597,0,0,0,1.0,1,1.0,1,1.0,1,0.151062601181812,37
2253,2,3426,1829,1597,0,0,0,1.0,1,1.0,1,1.0,1,0.1470335262895858,35
2254,0,3426,1829,1597,0,0,0,1.0,1,1.0,1,1.0,1,0.1119018481983915,33
2255,1,3427,1830,1597,0,0,0,1.0,1,1.0,1,1.0,1,0.14577809681437393,35
2256,2,3429,1832,1597,0,0,0,1.0,1,1.0,1,1.0,1,0.14123374317215562,34
2257,2,3431,1834,1597,0,0,0,1.0,1,1.0,1,1.0,1,0.14751623379634635,36
2258,1,3432,1835,1597,0,0,0,1.0,1,1.0,1,1.0,1,0.1494417303780471,35
2259,0,3432,1835,1597,0,0,0,1.0,1,1.0,1,1.0,1,0.14812725072328622,35
2260,1,3433,1836,1597,0,0,0,1.0,1,1.0,1,1.0,1,0.13349909267645943,33
2261,4,3437,1838,1599,0,0,0,1.0,1,1.0,1,1.0,1,0.1490345406662467,33
2262,1,3438,1838,1600,0,0,0,1.0,1,1.0,1,1.0,1,0.12129067125787005,32
2263,2,3440,1840,1600,0,0,0,1.0,1,1.0,1,1.0,1,0.19522366283692452,31
2264,0,3440,1840,1600,0,0,0,1.0,1,1.0,1,1.0,1,0.21225722052280463,30
2265,1,3441,1841,1600,0,0,0,1.0,1,1.0,1,1.0,1,0.217070629642983,29
2266,3,3444,1844,1600,0,0,0,1.0,1,1.0,1,1.0,1,0.09164171674742215,30
2267,2,3446,1846,1600,0,0,0,1.0,1,1.0,1,1.0,1,0.06202871925367662,29
2268,4,3450,1850,1600,0,0,0,1.0,1,1.0,1,1.0,1,0.1250438578955448,30
2269,1,3451,1851,1600,0,0,0,1.0,1,1.0,1,1.0,1,0.13992214665430613,31
2270,3,3454,1854,1600,0,0,0,1.0,1,1.0,1,1.0,1,0.2424045688794936,31
2271,4,3458,1858,1600,0,0,0,1.0,1,1.0,1,1.0,1,0.20802985320324255,31
2272,1,3459,1859,1600,0,0,0,1.0,1,1.0,1,1.0,1,0.23409511348234924,31
2273,2,3461,1861,1600,0,0,0,1.0,1,1.0,1,1.0,1,0.1598766662454556,30
2274,1,3462,1862,1600,0,0,0,1.0,1,1.0,1,1.0,1,0.10988328139734443,31
2275,0,3462,1862,1600,0,0,0,1.0,1,1.0,1,1.0,1,0.11124573489981296,32
2276,2,3464,1862,1602,0,0,0,1.0,1,1.0,1,1.0,1,0.10559922915289752,31
2277,0,3464,1862,1602,0,0,0,1.0,1,1.0,1,1.0,1,0.11606140528506083,31
2278,2,3466,1864,1602,0,0,0,1.0,1,1.0,1,1.0,1,0.1506793744953009,32
2279,1,3467,1865,1602,0,0,0,1.0,1,1.0,1,1.0,1,0.1844401233261316,32
2280,0,3467,1865,1602,0,0,0,1.0,1,1.0,1,1.0,1,0.16082324519542493,33
2281,2,3469,1866,1603,0,0,0,1.0,1,1.0,1,1.0,1,0.1791559503870994,34
2282,0,3469,1866,1603,0,0,0,1.0,1,1.0,1,1.0,1,0.1791559503870994,34
2283,0,3469,1866,1603,0,0,0,1.0,1,1.0,1,1.0,1,0.1791559503870994,34
2284,1,3470,1867,1603,0,0,0,1.0,1,1.0,1,1.0,1,0.16666423701143088,34
2285,0,3470,1867,1603,0,0,0,1.0,1,1.0,1,1.0,1,0.14848609865184334,35
2286,0,3470,1867,1603,0,0,0,1.0,1,1.0,1,1.0,1,0.14558526715020245,34
2287,1,3471,1868,1603,0,0,0,1.0,1,1.0,1,1.0,1,0.16005558386120264,35
2288,1,3472,1868,1604,0,0,0,1.0,1,1.0,1,1.0,1,0.11487175447945085,35
2289,3,3475,1870,1605,0,0,0,1.0,1,1.0,1,1.0,1,0.13089092179556275,37
2290,0,3475,1870,1605,0,0,0,1.0,1,1.0,1,1.0,1,0.12107975729784892,37
2291,2,3477,1872,1605,0,0,0,1.0,1,1.0,1,1.0,1,0.15328132013491094,35
2292,0,3477,1872,1605,0,0,0,1.0,1,1.0,1,1.0,1,0.15925023731983323,35
2293,1,3478,1873,1605,0,0,0,1.0,1,1.0,1,1.0,1,0.17458381395982026,34
2294,0,3478,1873,1605,0,0,0,1.0,1,1.0,1,1.0,1,0.16183699203389615,33
2295,0,3478,1873,1605,0,0,0,1.0,1,1.0,1,1.0,1,0.15179271553530616,34
2296,0,3478,1873,1605,0,0,0,1.0,1,1.0,1,1.0,1,0.1183966824338284,33
2297,0,3478,1873,1605,0,0,0,1.0,1,1.0,1,1.0,1,0.14582447256924333,32
2298,1,3479,1874,1605,0,0,0,1.0,1,1.0,1,1.0,1,0.19969631741873703,32
2299,0,3479,1874,1605,0,0,0,1.0,1,1.0,1,1.0,1,0.17422842536396677,33
2300,4,3483,1877,1606,0,0,0,1.0,1,1.0,1,1.0,1,0.16585388130343,33
2301,4,3487,1880,1607,0,0,0,1.0,1,1.0,1,1.0,1,0.1674754079307856,33
2302,2,3489,1882,1607,0,0,0,1.0,1,1.0,1,1.0,1,0.2194101164459644,34
2303,2,3491,1884,1607,0,0,0,1.0,1,1.0,1,1.0,1,0.25018140360339736,34
2304,2,3493,1884,1609,0,0,0,1.0,1,1.0,1,1.0,1,0.16004031977004102,33
2305,2,3495,1885,1610,0,0,0,1.0,1,1.0,1,1.0,1,0.1501286021170434,33
2306,3,3498,1888,1610,0,0,0,1.0,1,1.0,1,1.0,1,0.23312048836688568,33
2307,1,3499,1888,1611,0,0,0,1.0,1,1.0,1,1.0,1,0.197196487937075,35
2308,4,3503,1890,1613,0,0,0,1.0,1,1.0,1,1.0,1,0.2054192719740202,34
2309,0,3503,1890,1613,0,0,0,1.0,1,1.0,1,1.0,1,0.18754197397207403,34
2310,0,3503,1890,1613,0,0,0,1.0,1,1.0,1,1.0,1,0.18493477092426291,34
2311,2,3505,1890,1615,0,0,0,1.0,1,1.0,1,1.0,1,0.13223652254941978,35
2312,1,3506,1891,1615,0,0,0,1.0,1,1.0,1,1.0,1,0.13698487740418416,34
2313,0,3506,1891,1615,0,0,0,1.0,1,1.0,1,1.0,1,0.06404470563354514,35
2314,1,3507,1892,1615,0,0,0,1.0,1,1.0,1,1.0,1,0.1105960725450552,35
2315,0,3507,1892,1615,0,0,0,1.0,1,1.0,1,1.0,1,0.12474712149578028,34
2316,1,3508,1892,1616,0,0,0,1.0,1,1.0,1,1.0,1,0.07630071932574506,35
2317,2,3510,1893,1617,0,0,0,1.0,1,1.0,1,1.0,1,0.07638395929237189,32
2318,1,3511,1894,1617,0,0,0,1.0,1,1.0,1,1.0,1,0.08846488946499308,32
2319,1,3512,1895,1617,0,0,0,1.0,1,1.0,1,1.0,1,0.10778549449431518,32
2320,0,3512,1895,1617,0,0,0,1.0,1,1.0,1,1.0,1,0.12921477523280536,32
2321,0,3512,1895,1617,0,0,0,1.0,1,1.0,1,1.0,1,0.13277759430091304,33
2322,0,3512,1895,1617,0,0,0,1.0,1,1.0,1,1.0,1,0.13277759430091304,33
2323,0,3512,1895,1617,0,0,0,1.0,1,1.0,1,1.0,1,0.13277759430091304,33
2324,1,3513,1896,1617,0,0,0,1.0,1,1.0,1,1.0,1,0.12444728190289431,34
2325,1,3514,1896,1618,0,0,0,1.0,1,1.0,1,1.0,1,0.09776678608214218,35
2326,0,3514,1896,1618,0,0,0,1.0,1,1.0,1,1.0,1,0.09776678608214218,35
2327,0,3514,1896,1618,0,0,0,1.0,1,1.0,1,1.0,1,0.11888242952580556,36
2328,0,3514,1896,1618,0,0,0,1.0,1,1.0,1,1.0,1,0.12329157487217733,37
2329,0,3514,1896,1618,0,0,0,1.0,1,1.0,1,1.0,1,0.1032898357405673,37
2330,0,3514,1896,1618,0,0,0,1.0,1,1.0,1,1.0,1,0.10337058594231811,38
2331,0,3514,1896,1618,0,0,0,1.0,1,1.0,1,1.0,1,0.103220207956776,40
2332,0,3514,1896,1618,0,0,0,1.0,1,1.0,1,1.0,1,0.103220207956776,40
2333,1,3515,1897,1618,0,0,0,1.0,1,1.0,1,1.0,1,0.1204702928026918,41
2334,0,3515,1897,1618,0,0,0,1.0,1,1.0,1,1.0,1,0.1204702928026918,41
2335,0,3515,1897,1618,0,0,0,1.0,1,1.0,1,1.0,1,0.1204702928026918,41
2336,3,3518,1897,1621,0,0,0,1.0,1,1.0,1,1.0,1,0.06031742506527093,41
2337,2,3520,1897,1623,0,0,0,1.0,1,1.0,1,1.0,1,0.025164980709636783,42
2338,5,3525,1899,1626,0,0,0,1.0,1,1.0,1,1.0,1,0.04843157862547672,43
2339,2,3527,1899,1628,0,0,0,1.0,1,1.0,1,1.0,1,0.027007532872619377,43
2340,3,3530,1901,1629,0,0,0,1.0,1,1.0,1,1.0,1,0.07565137197871404,45
2341,1,3531,1901,1630,0,0,0,1.0,1,1.0,1,1.0,1,0.06492968566913478,45
2342,1,3532,1902,1630,0,0,0,1.0,1,1.0,1,1.0,1,0.0962340024940915,46
2343,0,3532,1902,1630,0,0,0,1.0,1,1.0,1,1.0,1,0.0846510619450002,45
2344,2,3534,1904,1630,0,0,0,1.0,1,1.0,1,1.0,1,0.12657499328442642,44
2345,4,3538,1905,1633,0,0,0,1.0,1,1.0,1,1.0,1,0.1272048057014861,44
2346,0,3538,1905,1633,0,0,0,1.0,1,1.0,1,1.0,1,0.1272048057014861,44
2347,2,3540,1906,1634,0,0,0,1.0,1,1.0,1,1.0,1,0.14137585963460292,44
2348,1,3541,1906,1635,0,0,0,1.0,1,1.0,1,1.0,1,0.16087488360504357,45
2349,2,3543,1906,1637,0,0,0,1.0,1,1.0,1,1.0,1,0.13745664272950178,46
2350,4,3547,1906,1641,0,0,0,1.0,1,1.0,1,1.0,1,0.16488043006504463,47
2351,3,3550,1906,1644,0,0,0,1.0,1,1.0,1,1.0,1,0.13326884054674454,47
2352,0,3550,1906,1644,0,0,0,1.0,1,1.0,1,1.0,1,0.13326884054674454,47
2353,0,3550,1906,1644,0,0,0,1.0,1,1.0,1,1.0,1,0.15364058011850926,46
2354,1,3551,1907,1644,0,0,0,1.0,1,1.0,1,1.0,1,0.16338718874384453,47
2355,0,3551,1907,1644,0,0,0,1.0,1,1.0,1,1.0,1,0.16338718874384453,47
2356,3,3554,1910,1644,0,0,0,1.0,1,1.0,1,1.0,1,0.15716248526843915,47
2357,1,3555,1911,1644,0,0,0,1.0,1,1.0,1,1.0,1,0.15837992920966948,47
2358,4,3559,1911,1648,0,0,0,1.0,1,1.0,1,1.0,1,0.08619811372779859,48
2359,0,3559,1911,1648,0,0,0,1.0,1,1.0,1,1.0,1,0.0791218257880986,49
2360,3,3562,1913,1649,0,0,0,1.0,1,1.0,1,1.0,1,0.06789686159684623,49
2361,0,3562,1913,1649,0,0,0,1.0,1,1.0,1,1.0,1,0.055602785459914816,50
2362,1,3563,1914,1649,0,0,0,1.0,1,1.0,1,1.0,1,0.0699053879770502,51
2363,2,3565,1914,1651,0,0,0,1.0,1,1.0,1,1.0,1,0.06942089630830091,51
2364,1,3566,1915,1651,0,0,0,1.0,1,1.0,1,1.0,1,0.07380821725425882,52
2365,2,3568,1917,1651,0,0,0,1.0,1,1.0,1,1.0,1,0.0837552028449755,53
2366,5,3573,1920,1653,0,0,0,1.0,1,1.0,1,1.0,1,0.06584398291298671,54
2367,2,3575,1922,1653,0,0,0,1.0,1,1.0,1,1.0,1,0.061411126394877474,52
2368,5,3580,1926,1654,0,0,0,1.0,1,1.0,1,1.0,1,0.08101805717755801,51
2369,3,3583,1928,1655,0,0,0,1.0,1,1.0,1,1.0,1,0.10780633591138099,51
2370,4,3587,1931,1656,0,0,0,1.0,1,1.0,1,1.0,1,0.13361134699366886,52
2371,3,3590,1933,1657,0,0,0,1.0,1,1.0,1,1.0,1,0.15065326982724297,52
2372,2,3592,1935,1657,0,0,0,1.0,1,1.0,1,1.0,1,0.14169874277961617,49
2373,0,3592,1935,1657,0,0,0,1.0,1,1.0,1,1.0,1,0.14841766716248053,47
2374,0,3592,1935,1657,0,0,0,1.0,1,1.0,1,1.0,1,0.13136079033372447,45
2375,0,3592,1935,1657,0,0,0,1.0,1,1.0,1,1.0,1,0.09750659599130032,45
2376,1,3593,1935,1658,0,0,0,1.0,1,1.0,1,1.0,1,0.08618240893516906,43
2377,1,3594,1936,1658,0,0,0,1.0,1,1.0,1,1.0,1,0.0635349290695565,44
2378,3,3597,1938,1659,0,0,0,1.0,1,1.0,1,1.0,1,0.10164717287923206,43
2379,3,3600,1941,1659,0,0,0,1.0,1,1.0,1,1.0,1,0.11173270731358603,43
2380,2,3602,1942,1660,0,0,0,1.0,1,1.0,1,1.0,1,0.07349234788479159,43
2381,3,3605,1945,1660,0,0,0,1.0,1,1.0,1,1.0,1,0.06666137922522045,44
2382,1,3606,1946,1660,0,0,0,1.0,1,1.0,1,1.0,1,0.06486387968358284,44
2383,1,3607,1947,1660,0,0,0,1.0,1,1.0,1,1.0,1,0.06646355396484482,45
2384,1,3608,1948,1660,0,0,0,1.0,1,1.0,1,1.0,1,0.10628331305152545,45
2385,2,3610,1949,1661,0,0,0,1.0,1,1.0,1,1.0,1,0.08676961160666855,45
2386,2,3612,1951,1661,0,0,0,1.0,1,1.0,1,1.0,1,0.07904798526734827,46
2387,2,3614,1952,1662,0,0,0,1.0,1,1.0,1,1.0,1,0.12774988501214168,44
2388,1,3615,1953,1662,0,0,0,1.0,1,1.0,1,1.0,1,0.10859683197011763,44
2389,1,3616,1954,1662,0,0,0,1.0,1,1.0,1,1.0,1,0.10088410174118152,43
2390,2,3618,1956,1662,0,0,0,1.0,1,1.0,1,1.0,1,0.10896643904402907,44
2391,2,3620,1958,1662,0,0,0,1.0,1,1.0,1,1.0,1,0.10329402356179403,43
2392,2,3622,1960,1662,0,0,0,1.0,1,1.0,1,1.0,1,0.08366814891472582,44
2393,2,3624,1962,1662,0,0,0,1.0,1,1.0,1,1.0,1,0.15104811070513055,45
2394,1,3625,1963,1662,0,0,0,1.0,1,1.0,1,1.0,1,0.16407976227200818,44
2395,3,3628,1964,1664,0,0,0,1.0,1,1.0,1,1.0,1,0.18812184044923833,44
2396,2,3630,1965,1665,0,0,0,1.0,1,1.0,1,1.0,1,0.22825407152948257,45
2397,0,3630,1965,1665,0,0,0,1.0,1,1.0,1,1.0,1,0.25774867556591424,44
2398,2,3632,1966,1666,0,0,0,1.0,1,1.0,1,1.0,1,0.2523395406437057,44
2399,3,3635,1966,1669,0,0,0,1.0,1,1.0,1,1.0,1,0.2715936689529122,45
2400,0,3635,1966,1669,0,0,0,1.0,1,1.0,1,1.0,1,0.2715936689529122,45
2401,7,3642,1966,1676,0,0,0,1.0,1,1.0,1,1.0,1,0.17840411133576867,46
2402,1,3643,1966,1677,0,0,0,1.0,1,1.0,1,1.0,1,0.1399912722275924,47
2403,4,3647,1968,1679,0,0,0,1.0,1,1.0,1,1.0,1,0.09470375787060092,48
2404,2,3649,1970,1679,0,0,0,1.0,1,1.0,1,1.0,1,0.12755182762794406,47
2405,2,3651,1972,1679,0,0,0,1.0,1,1.0,1,1.0,1,0.13338259321221219,45
2406,2,3653,1973,1680,0,0,0,1.0,1,1.0,1,1.0,1,0.12118973715153676,45
2407,1,3654,1974,1680,0,0,0,1.0,1,1.0,1,1.0,1,0.1374097733729504,42
2408,0,3654,1974,1680,0,0,0,1.0,1,1.0,1,1.0,1,0.12018920939641954,41
2409,3,3657,1976,1681,0,0,0,1.0,1,1.0,1,1.0,1,0.10784591091036945,41
2410,0,3657,1976,1681,0,0,0,1.0,1,1.0,1,1.0,1,0.09768932781442205,40
2411,2,3659,1978,1681,0,0,0,1.0,1,1.0,1,1.0,1,0.10257975272019025,40
2412,2,3661,1980,1681,0,0,0,1.0,1,1.0,1,1.0,1,0.06802809022602345,38
2413,2,3663,1982,1681,0,0,0,1.0,1,1.0,1,1.0,1,0.14348597799386942,38
2414,3,3666,1984,1682,0,0,0,1.0,1,1.0,1,1.0,1,0.11385803434762011,36
2415,4,3670,1985,1685,0,0,0,1.0,1,1.0,1,1.0,1,0.16348359558700581,36
2416,4,3674,1985,1689,0,0,0,1.0,1,1.0,1,1.0,1,0.17091449291755437,35
2417,2,3676,1985,1691,0,0,0,1.0,1,1.0,1,1.0,1,0.24587157394586748,33
2418,1,3677,1985,1692,0,0,0,1.0,1,1.0,1,1.0,1,0.23531899938931392,33
2419,4,3681,1988,1693,0,0,0,1.0,1,1.0,1,1.0,1,0.23727699013338635,33
2420,2,3683,1989,1694,0,0,0,1.0,1,1.0,1,1.0,1,0.14202986761079353,34
2421,0,3683,1989,1694,0,0,0,1.0,1,1.0,1,1.0,1,0.14202986761079353,34
2422,2,3685,1991,1694,0,0,0,1.0,1,1.0,1,1.0,1,0.08445698787313728,35
2423,4,3689,1993,1696,0,0,0,1.0,1,1.0,1,1.0,1,0.08183780460812824,36
2424,2,3691,1995,1696,0,0,0,1.0,1,1.0,1,1.0,1,0.040219979051698204,35
2425,1,3692,1996,1696,0,0,0,1.0,1,1.0,1,1.0,1,0.1256160749730805,33
2426,1,3693,1996,1697,0,0,0,1.0,1,1.0,1,1.0,1,0.10208815352207068,34
2427,2,3695,1997,1698,0,0,0,1.0,1,1.0,1,1.0,1,0.10431591593403139,34
2428,0,3695,1997,1698,0,0,0,1.0,1,1.0,1,1.0,1,0.10431591593403139,34
2429,1,3696,1998,1698,0,0,0,1.0,1,1.0,1,1.0,1,0.1725794693143174,34
2430,0,3696,1998,1698,0,0,0,1.0,1,1.0,1,1.0,1,0.2061373662738267,33
2431,1,3697,1999,1698,0,0,0,1.0,1,1.0,1,1.0,1,0.19906926315059967,33
2432,0,3697,1999,1698,0,0,0,1.0,1,1.0,1,1.0,1,0.24783388302427947,33
2433,4,3701,2002,1699,0,0,0,1.0,1,1.0,1,1.0,1,0.19840293127673755,34
2434,0,3701,2002,1699,0,0,0,1.0,1,1.0,1,1.0,1,0.19840293127673755,34
2435,1,3702,2003,1699,0,0,0,1.0,1,1.0,1,1.0,1,0.21795750508781458,34
2436,2,3704,2004,1700,0,0,0,1.0,1,1.0,1,1.0,1,0.19923946273260118,33
2437,1,3705,2005,1700,0,0,0,1.0,1,1.0,1,1.0,1,0.20969568386937884,33
2438,0,3705,2005,1700,0,0,0,1.0,1,1.0,1,1.0,1,0.1930307862190646,34
2439,0,3705,2005,1700,0,0,0,1.0,1,1.0,1,1.0,1,0.19766805907545773,35
2440,0,3705,2005,1700,0,0,0,1.0,1,1.0,1,1.0,1,0.19766805907545773,35
2441,2,3707,2007,1700,0,0,0,1.0,1,1.0,1,1.0,1,0.21164598307399904,35
2442,0,3707,2007,1700,0,0,0,1.0,1,1.0,1,1.0,1,0.19425744007645754,35
2443,3,3710,2010,1700,0,0,0,1.0,1,1.0,1,1.0,1,0.26059201140103877,35
2444,2,3712,2011,1701,0,0,0,1.0,1,1.0,1,1.0,1,0.26467454459715156,34
2445,1,3713,2012,1701,0,0,0,1.0,1,1.0,1,1.0,1,0.30592635822698083,33
2446,0,3713,2012,1701,0,0,0,1.0,1,1.0,1,1.0,1,0.31920524481015883,30
2447,2,3715,2014,1701,0,0,0,1.0,1,1.0,1,1.0,1,0.27819066492557654,29
2448,2,3717,2016,1701,0,0,0,1.0,1,1.0,1,1.0,1,0.25079337323303125,27
2449,0,3717,2016,1701,0,0,0,1.0,1,1.0,1,1.0,1,0.2508141680454561,26
2450,1,3718,2017,1701,0,0,0,1.0,1,1.0,1,1.0,1,0.21175239355758096,28
2451,3,3721,2017,1704,0,0,0,1.0,1,1.0,1,1.0,1,0.12133824922070142,28
2452,2,3723,2019,1704,0,0,0,1.0,1,1.0,1,1.0,1,0.10084461014923635,29
2453,2,3725,2020,1705,0,0,0,1.0,1,1.0,1,1.0,1,0.06363421272719474,30
2454,5,3730,2023,1707,0,0,0,1.0,1,1.0,1,1.0,1,0.06797260907406295,32
2455,5,3735,2024,1711,0,0,0,1.0,1,1.0,1,1.0,1,0.09548368378517766,33
2456,7,3742,2026,1716,0,0,0,1.0,1,1.0,1,1.0,1,0.11686690113132113,34
2457,2,3744,2027,1717,0,0,0,1.0,1,1.0,1,1.0,1,0.1210813632949837,34
2458,7,3751,2028,1723,0,0,0,1.0,1,1.0,1,1.0,1,0.08258305199133985,36
2459,2,3753,2028,1725,0,0,0,1.0,1,1.0,1,1.0,1,0.1046213630101758,36
2460,2,3755,2029,1726,0,0,0,1.0,1,1.0,1,1.0,1,0.059776176091082656,37
2461,1,3756,2030,1726,0,0,0,1.0,1,1.0,1,1.0,1,0.11110925891699691,37
2462,2,3758,2032,1726,0,0,0,1.0,1,1.0,1,1.0,1,0.14855760160761597,38
2463,0,3758,2032,1726,0,0,0,1.0,1,1.0,1,1.0,1,0.12453422298455055,38
2464,1,3759,2033,1726,0,0,0,1.0,1,1.0,1,1.0,1,0.14588353962472367,37
2465,2,3761,2035,1726,0,0,0,1.0,1,1.0,1,1.0,1,0.16476661707328602,36
2466,1,3762,2036,1726,0,0,0,1.0,1,1.0,1,1.0,1,0.18891469253637477,36
2467,0,3762,2036,1726,0,0,0,1.0,1,1.0,1,1.0,1,0.22775635712507442,34
2468,1,3763,2037,1726,0,0,0,1.0,1,1.0,1,1.0,1,0.26474304930460857,33
2469,1,3764,2038,1726,0,0,0,1.0,1,1.0,1,1.0,1,0.28851033416820765,32
2470,0,3764,2038,1726,0,0,0,1.0,1,1.0,1,1.0,1,0.2695467572504782,33
2471,0,3764,2038,1726,0,0,0,1.0,1,1.0,1,1.0,1,0.3171419828322883,31
2472,0,3764,2038,1726,0,0,0,1.0,1,1.0,1,1.0,1,0.28169807118063,32
2473,1,3765,2039,1726,0,0,0,1.0,1,1.0,1,1.0,1,0.31219696842942485,31
2474,0,3765,2039,1726,0,0,0,1.0,1,1.0,1,1.0,1,0.30896340395832006,33
2475,2,3767,2040,1727,0,0,0,1.0,1,1.0,1,1.0,1,0.3110085085090099,33
2476,7,3774,2041,1733,0,0,0,1.0,1,1.0,1,1.0,1,0.18663489746689726,33
2477,2,3776,2043,1733,0,0,0,1.0,1,1.0,1,1.0,1,0.17881218597920764,33
2478,1,3777,2043,1734,0,0,0,1.0,1,1.0,1,1.0,1,0.161747204348515,33
2479,2,3779,2045,1734,0,0,0,1.0,1,1.0,1,1.0,1,0.20849439407933318,33
2480,1,3780,2046,1734,0,0,0,1.0,1,1.0,1,1.0,1,0.19062598250049032,34
2481,5,3785,2049,1736,0,0,0,1.0,1,1.0,1,1.0,1,0.1735160451701789,33
2482,4,3789,2050,1739,0,0,0,1.0,1,1.0,1,1.0,1,0.14410326161507672,34
2483,3,3792,2050,1742,0,0,0,1.0,1,1.0,1,1.0,1,0.08256490137977088,33
2484,2,3794,2051,1743,0,0,0,1.0,1,1.0,1,1.0,1,0.06404357513980871,32
2485,2,3796,2053,1743,0,0,0,1.0,1,1.0,1,1.0,1,0.06079477823991719,31
2486,1,3797,2054,1743,0,0,0,1.0,1,1.0,1,1.0,1,0.0754388685624622,29
2487,0,3797,2054,1743,0,0,0,1.0,1,1.0,1,1.0,1,0.0754388685624622,29
2488,2,3799,2056,1743,0,0,0,1.0,1,1.0,1,1.0,1,0.09748774188127594,30
2489,0,3799,2056,1743,0,0,0,1.0,1,1.0,1,1.0,1,0.07972152672233367,29
2490,1,3800,2057,1743,0,0,0,1.0,1,1.0,1,1.0,1,0.07436302159234721,30
2491,2,3802,2058,1744,0,0,0,1.0,1,1.0,1,1.0,1,0.07213088176945107,30
2492,0,3802,2058,1744,0,0,0,1.0,1,1.0,1,1.0,1,0.09759688105892558,29
2493,1,3803,2059,1744,0,0,0,1.0,1,1.0,1,1.0,1,0.0548289332243693,29
2494,0,3803,2059,1744,0,0,0,1.0,1,1.0,1,1.0,1,0.054365195970307825,28
2495,0,3803,2059,1744,0,0,0,1.0,1,1.0,1,1.0,1,0.055907293621996486,29
2496,0,3803,2059,1744,0,0,0,1.0,1,1.0,1,1.0,1,0.04985847985992049,28
2497,1,3804,2059,1745,0,0,0,1.0,1,1.0,1,1.0,1,0.1107016083963677,28
2498,0,3804,2059,1745,0,0,0,1.0,1,1.0,1,1.0,1,0.1167245938930756,29
2499,1,3805,2060,1745,0,0,0,1.0,1,1.0,1,1.0,1,0.07327420570046671,30
2500,1,3806,2061,1745,0,0,0,1.0,1,1.0,1,1.0,1,0.09923730334986529,29
2501,4,3810,2064,1746,0,0,0,1.0,1,1.0,1,1.0,1,0.05746010598457203,33
2502,1,3811,2065,1746,0,0,0,1.0,1,1.0,1,1.0,1,0.07159299729106468,33
2503,2,3813,2067,1746,0,0,0,1.0,1,1.0,1,1.0,1,0.09668757514734316,31
2504,2,3815,2069,1746,0,0,0,1.0,1,1.0,1,1.0,1,0.0671418377733161,31
2505,3,3818,2071,1747,0,0,0,1.0,1,1.0,1,1.0,1,0.026654158794307475,32
2506,2,3820,2073,1747,0,0,0,1.0,1,1.0,1,1.0,1,0.05233375068739436,31
2507,3,3823,2076,1747,0,0,0,1.0,1,1.0,1,1.0,1,0.16743646673008716,29
2508,4,3827,2078,1749,0,0,0,1.0,1,1.0,1,1.0,1,0.17274950036208345,31
2509,2,3829,2079,1750,0,0,0,1.0,1,1.0,1,1.0,1,0.1404490623031009,30
2510,1,3830,2079,1751,0,0,0,1.0,1,1.0,1,1.0,1,0.20150192063847527,31
2511,3,3833,2081,1752,0,0,0,1.0,1,1.0,1,1.0,1,0.03077783552528302,32
2512,2,3835,2083,1752,0,0,0,1.0,1,1.0,1,1.0,1,0.03464713351342944,32
2513,1,3836,2083,1753,0,0,0,1.0,1,1.0,1,1.0,1,0.051911904376437154,34
2514,0,3836,2083,1753,0,0,0,1.0,1,1.0,1,1.0,1,0.05644555063312517,35
2515,1,3837,2083,1754,0,0,0,1.0,1,1.0,1,1.0,1,0.07044669765365923,35
2516,2,3839,2085,1754,0,0,0,1.0,1,1.0,1,1.0,1,0.15780437112191897,34
2517,1,3840,2086,1754,0,0,0,1.0,1,1.0,1,1.0,1,0.14769128999501305,34
2518,3,3843,2088,1755,0,0,0,1.0,1,1.0,1,1.0,1,0.15042555758813492,33
2519,1,3844,2089,1755,0,0,0,1.0,1,1.0,1,1.0,1,0.11973923656764678,32
2520,1,3845,2090,1755,0,0,0,1.0,1,1.0,1,1.0,1,0.10544003999658594,31
2521,1,3846,2091,1755,0,0,0,1.0,1,1.0,1,1.0,1,0.11770362486534394,31
2522,0,3846,2091,1755,0,0,0,1.0,1,1.0,1,1.0,1,0.0864356903027,30
2523,0,3846,2091,1755,0,0,0,1.0,1,1.0,1,1.0,1,0.12453620154206113,30
2524,0,3846,2091,1755,0,0,0,1.0,1,1.0,1,1.0,1,0.1305927227064188,29
2525,0,3846,2091,1755,0,0,0,1.0,1,1.0,1,1.0,1,0.1305927227064188,29
2526,1,3847,2091,1756,0,0,0,1.0,1,1.0,1,1.0,1,0.09867041406417838,27
2527,0,3847,2091,1756,0,0,0,1.0,1,1.0,1,1.0,1,0.12570351981502992,28
2528,0,3847,2091,1756,0,0,0,1.0,1,1.0,1,1.0,1,0.12570351981502992,28
2529,0,3847,2091,1756,0,0,0,1.0,1,1.0,1,1.0,1,0.12570351981502992,28
2530,0,3847,2091,1756,0,0,0,1.0,1,1.0,1,1.0,1,0.11701092783222307,29
2531,0,3847,2091,1756,0,0,0,1.0,1,1.0,1,1.0,1,0.11883225011365282,30
2532,0,3847,2091,1756,0,0,0,1.0,1,1.0,1,1.0,1,0.13437502415069852,31
2533,0,3847,2091,1756,0,0,0,1.0,1,1.0,1,1.0,1,0.13437502415069852,31
2534,0,3847,2091,1756,0,0,0,1.0,1,1.0,1,1.0,1,0.13437502415069852,31
2535,2,3849,2092,1757,0,0,0,1.0,1,1.0,1,1.0,1,0.1685567664564407,31
2536,0,3849,2092,1757,0,0,0,1.0,1,1.0,1,1.0,1,0.16970269017663997,32
2537,2,3851,2093,1758,0,0,0,1.0,1,1.0,1,1.0,1,0.11701846219079194,33
2538,1,3852,2093,1759,0,0,0,1.0,1,1.0,1,1.0,1,0.08815946631680481,35
2539,4,3856,2096,1760,0,0,0,1.0,1,1.0,1,1.0,1,0.11730870533545827,37
2540,6,3862,2100,1762,0,0,0,1.0,1,1.0,1,1.0,1,0.10889724377664106,38
2541,1,3863,2100,1763,0,0,0,1.0,1,1.0,1,1.0,1,0.12121061221090865,39
2542,3,3866,2102,1764,0,0,0,1.0,1,1.0,1,1.0,1,0.12413844443647983,38
2543,3,3869,2103,1766,0,0,0,1.0,1,1.0,1,1.0,1,0.13433247680607455,41
2544,0,3869,2103,1766,0,0,0,1.0,1,1.0,1,1.0,1,0.10664549333185386,39
2545,1,3870,2104,1766,0,0,0,1.0,1,1.0,1,1.0,1,0.1437020044281178,40
2546,3,3873,2106,1767,0,0,0,1.0,1,1.0,1,1.0,1,0.1254630933204327,38
2547,3,3876,2109,1767,0,0,0,1.0,1,1.0,1,1.0,1,0.14985929225898825,38
2548,0,3876,2109,1767,0,0,0,1.0,1,1.0,1,1.0,1,0.12695358521311326,35
2549,1,3877,2110,1767,0,0,0,1.0,1,1.0,1,1.0,1,0.1315037844999947,35
2550,0,3877,2110,1767,0,0,0,1.0,1,1.0,1,1.0,1,0.13444710234582258,33
2551,1,3878,2111,1767,0,0,0,1.0,1,1.0,1,1.0,1,0.1930622171648777,31
2552,0,3878,2111,1767,0,0,0,1.0,1,1.0,1,1.0,1,0.20084654989971032,30
2553,1,3879,2112,1767,0,0,0,1.0,1,1.0,1,1.0,1,0.23718506834716704,30
2554,0,3879,2112,1767,0,0,0,1.0,1,1.0,1,1.0,1,0.22452782321145887,32
2555,0,3879,2112,1767,0,0,0,1.0,1,1.0,1,1.0,1,0.25640831757411225,32
2556,2,3881,2114,1767,0,0,0,1.0,1,1.0,1,1.0,1,0.20766583614205536,32
2557,1,3882,2115,1767,0,0,0,1.0,1,1.0,1,1.0,1,0.20778737403151906,30
2558,0,3882,2115,1767,0,0,0,1.0,1,1.0,1,1.0,1,0.17170207553857939,31
2559,0,3882,2115,1767,0,0,0,1.0,1,1.0,1,1.0,1,0.1595474999675855,30
2560,0,3882,2115,1767,0,0,0,1.0,1,1.0,1,1.0,1,0.1595474999675855,30
2561,0,3882,2115,1767,0,0,0,1.0,1,1.0,1,1.0,1,0.1595474999675855,30
2562,1,3883,2115,1768,0,0,0,1.0,1,1.0,1,1.0,1,0.14100361077970172,33
2563,0,3883,2115,1768,0,0,0,1.0,1,1.0,1,1.0,1,0.14100361077970172,33
2564,0,3883,2115,1768,0,0,0,1.0,1,1.0,1,1.0,1,0.14100361077970172,33
2565,0,3883,2115,1768,0,0,0,1.0,1,1.0,1,1.0,1,0.14100361077970172,33
2566,1,3884,2116,1768,0,0,0,1.0,1,1.0,1,1.0,1,0.14074670059277647,35
2567,2,3886,2118,1768,0,0,0,1.0,1,1.0,1,1.0,1,0.16460750718361275,36
2568,1,3887,2119,1768,0,0,0,1.0,1,1.0,1,1.0,1,0.20262694772526046,37
2569,0,3887,2119,1768,0,0,0,1.0,1,1.0,1,1.0,1,0.20262694772526046,37
2570,0,3887,2119,1768,0,0,0,1.0,1,1.0,1,1.0,1,0.21392203847460492,37
2571,0,3887,2119,1768,0,0,0,1.0,1,1.0,1,1.0,1,0.21392203847460492,37
2572,1,3888,2119,1769,0,0,0,1.0,1,1.0,1,1.0,1,0.18239832314065083,39
2573,1,3889,2119,1770,0,0,0,1.0,1,1.0,1,1.0,1,0.19247970387238586,39
2574,0,3889,2119,1770,0,0,0,1.0,1,1.0,1,1.0,1,0.19095860464696418,38
2575,0,3889,2119,1770,0,0,0,1.0,1,1.0,1,1.0,1,0.19095860464696418,38
2576,1,3890,2119,1771,0,0,0,1.0,1,1.0,1,1.0,1,0.209250484667391,37
2577,2,3892,2120,1772,0,0,0,1.0,1,1.0,1,1.0,1,0.20701341453679803,39
2578,3,3895,2122,1773,0,0,0,1.0,1,1.0,1,1.0,1,0.22874415259953712,40
2579,1,3896,2122,1774,0,0,0,1.0,1,1.0,1,1.0,1,0.19812367225523647,41
2580,3,3899,2123,1776,0,0,0,1.0,1,1.0,1,1.0,1,0.16638330730014808,42
2581,3,3902,2123,1779,0,0,0,1.0,1,1.0,1,1.0,1,0.12481641780003162,43
2582,3,3905,2123,1782,0,0,0,1.0,1,1.0,1,1.0,1,0.08135673389930566,43
2583,1,3906,2123,1783,0,0,0,1.0,1,1.0,1,1.0,1,0.06363481195546979,43
2584,2,3908,2123,1785,0,0,0,1.0,1,1.0,1,1.0,1,0.03924277692624479,43
2585,0,3908,2123,1785,0,0,0,1.0,1,1.0,1,1.0,1,0.04717917864592221,44
2586,1,3909,2123,1786,0,0,0,1.0,1,1.0,1,1.0,1,0.05232958055250977,43
2587,4,3913,2127,1786,0,0,0,1.0,1,1.0,1,1.0,1,0.04246510214448888,44
2588,0,3913,2127,1786,0,0,0,1.0,1,1.0,1,1.0,1,0.04246510214448888,44
2589,2,3915,2129,1786,0,0,0,1.0,1,1.0,1,1.0,1,0.09420875545757385,44
2590,4,3919,2130,1789,0,0,0,1.0,1,1.0,1,1.0,1,0.09422526495920337,44
2591,2,3921,2131,1790,0,0,0,1.0,1,1.0,1,1.0,1,0.07645437772641353,44
2592,2,3923,2132,1791,0,0,0,1.0,1,1.0,1,1.0,1,0.11159156276121589,44
2593,1,3924,2132,1792,0,0,0,1.0,1,1.0,1,1.0,1,0.084180787837711,43
2594,8,3932,2132,1800,0,0,0,1.0,1,1.0,1,1.0,1,0.08713535984216925,48
2595,4,3936,2132,1804,0,0,0,1.0,1,1.0,1,1.0,1,0.11213234836778868,45
2596,2,3938,2133,1805,0,0,0,1.0,1,1.0,1,1.0,1,0.08167203983304765,46
2597,1,3939,2133,1806,0,0,0,1.0,1,1.0,1,1.0,1,0.07738862492238588,45
2598,1,3940,2133,1807,0,0,0,1.0,1,1.0,1,1.0,1,0.0809873664753149,45
2599,1,3941,2133,1808,0,0,0,1.0,1,1.0,1,1.0,1,0.10092474402735085,45
2600,1,3942,2134,1808,0,0,0,1.0,1,1.0,1,1.0,1,0.07590604304898807,48
2601,1,3943,2135,1808,0,0,0,1.0,1,1.0,1,1.0,1,0.0755920751665537,47
2602,1,3944,2136,1808,0,0,0,1.0,1,1.0,1,1.0,1,0.07687684640009601,48
2603,1,3945,2136,1809,0,0,0,1.0,1,1.0,1,1.0,1,0.06877793461280365,48
2604,1,3946,2137,1809,0,0,0,1.0,1,1.0,1,1.0,1,0.07522107251607246,47
2605,0,3946,2137,1809,0,0,0,1.0,1,1.0,1,1.0,1,0.07522107251607246,47
2606,0,3946,2137,1809,0,0,0,1.0,1,1.0,1,1.0,1,0.07205469403213573,46
2607,0,3946,2137,1809,0,0,0,1.0,1,1.0,1,1.0,1,0.041366245766613075,45
2608,2,3948,2139,1809,0,0,0,1.0,1,1.0,1,1.0,1,0.07271168712640119,45
2609,3,3951,2142,1809,0,0,0,1.0,1,1.0,1,1.0,1,0.05931652146544227,44
2610,1,3952,2143,1809,0,0,0,1.0,1,1.0,1,1.0,1,0.09669314275680867,45
2611,5,3957,2148,1809,0,0,0,1.0,1,1.0,1,1.0,1,0.13591872901225985,46
2612,2,3959,2150,1809,0,0,0,1.0,1,1.0,1,1.0,1,0.13630492332655839,47
2613,1,3960,2151,1809,0,0,0,1.0,1,1.0,1,1.0,1,0.1698661625227258,48
2614,2,3962,2153,1809,0,0,0,1.0,1,1.0,1,1.0,1,0.23365028559402448,48
2615,4,3966,2156,1810,0,0,0,1.0,1,1.0,1,1.0,1,0.20292256011159926,49
2616,0,3966,2156,1810,0,0,0,1.0,1,1.0,1,1.0,1,0.20292256011159926,49
2617,0,3966,2156,1810,0,0,0,1.0,1,1.0,1,1.0,1,0.18939958223385864,48
2618,2,3968,2158,1810,0,0,0,1.0,1,1.0,1,1.0,1,0.17304609430984594,47
2619,0,3968,2158,1810,0,0,0,1.0,1,1.0,1,1.0,1,0.14816398934809497,50
2620,5,3973,2161,1812,0,0,0,1.0,1,1.0,1,1.0,1,0.1459464799646641,51
2621,2,3975,2162,1813,0,0,0,1.0,1,1.0,1,1.0,1,0.1867743651886224,52
2622,3,3978,2165,1813,0,0,0,1.0,1,1.0,1,1.0,1,0.18646522348604724,52
2623,1,3979,2166,1813,0,0,0,1.0,1,1.0,1,1.0,1,0.19703232869959916,53
2624,2,3981,2168,1813,0,0,0,1.0,1,1.0,1,1.0,1,0.1782570798562258,51
2625,4,3985,2170,1815,0,0,0,1.0,1,1.0,1,1.0,1,0.1700257236306585,50
2626,2,3987,2170,1817,0,0,0,1.0,1,1.0,1,1.0,1,0.17133044711810294,49
2627,1,3988,2171,1817,0,0,0,1.0,1,1.0,1,1.0,1,0.18439610874132933,48
2628,2,3990,2172,1818,0,0,0,1.0,1,1.0,1,1.0,1,0.18659877532537972,48
2629,1,3991,2173,1818,0,0,0,1.0,1,1.0,1,1.0,1,0.1722889853877531,47
2630,1,3992,2173,1819,0,0,0,1.0,1,1.0,1,1.0,1,0.1423806374272235,47
2631,1,3993,2174,1819,0,0,0,1.0,1,1.0,1,1.0,1,0.12681223093871796,47
2632,0,3993,2174,1819,0,0,0,1.0,1,1.0,1,1.0,1,0.14915092251817993,47
2633,4,3997,2178,1819,0,0,0,1.0,1,1.0,1,1.0,1,0.13026464516632102,44
2634,0,3997,2178,1819,0,0,0,1.0,1,1.0,1,1.0,1,0.13005111141400216,44
2635,2,3999,2180,1819,0,0,0,1.0,1,1.0,1,1.0,1,0.14308447971191834,45
2636,3,4002,2183,1819,0,0,0,1.0,1,1.0,1,1.0,1,0.18833784999120162,40
2637,3,4005,2186,1819,0,0,0,1.0,1,1.0,1,1.0,1,0.20108334728614308,41
2638,2,4007,2188,1819,0,0,0,1.0,1,1.0,1,1.0,1,0.23369395387783745,38
2639,0,4007,2188,1819,0,0,0,1.0,1,1.0,1,1.0,1,0.21046136452966954,39
2640,3,4010,2191,1819,0,0,0,1.0,1,1.0,1,1.0,1,0.22084165195708247,38
2641,3,4013,2194,1819,0,0,0,1.0,1,1.0,1,1.0,1,0.17304396982316025,37
2642,2,4015,2196,1819,0,0,0,1.0,1,1.0,1,1.0,1,0.19945337707629165,38
2643,0,4015,2196,1819,0,0,0,1.0,1,1.0,1,1.0,1,0.14643512772166017,37
2644,2,4017,2198,1819,0,0,0,1.0,1,1.0,1,1.0,1,0.1914385581001716,36
2645,0,4017,2198,1819,0,0,0,1.0,1,1.0,1,1.0,1,0.17194582369583947,35
2646,1,4018,2199,1819,0,0,0,1.0,1,1.0,1,1.0,1,0.20333385916283786,35
2647,3,4021,2202,1819,0,0,0,1.0,1,1.0,1,1.0,1,0.1569120631239853,35
2648,0,4021,2202,1819,0,0,0,1.0,1,1.0,1,1.0,1,0.15923503391065266,36
2649,1,4022,2203,1819,0,0,0,1.0,1,1.0,1,1.0,1,0.16523163482932035,37
2650,1,4023,2204,1819,0,0,0,1.0,1,1.0,1,1.0,1,0.1563733468951248,39
2651,2,4025,2205,1820,0,0,0,1.0,1,1.0,1,1.0,1,0.12628988250130466,39
2652,1,4026,2205,1821,0,0,0,1.0,1,1.0,1,1.0,1,0.10771749642154255,39
2653,0,4026,2205,1821,0,0,0,1.0,1,1.0,1,1.0,1,0.10771749642154255,39
2654,2,4028,2206,1822,0,0,0,1.0,1,1.0,1,1.0,1,0.08794324832953515,40
2655,0,4028,2206,1822,0,0,0,1.0,1,1.0,1,1.0,1,0.08794324832953515,40
2656,2,4030,2208,1822,0,0,0,1.0,1,1.0,1,1.0,1,0.08009497235733952,39
2657,1,4031,2208,1823,0,0,0,1.0,1,1.0,1,1.0,1,0.0644355213428827,40
2658,0,4031,2208,1823,0,0,0,1.0,1,1.0,1,1.0,1,0.08012620606378393,41
2659,0,4031,2208,1823,0,0,0,1.0,1,1.0,1,1.0,1,0.08012620606378393,41
2660,2,4033,2210,1823,0,0,0,1.0,1,1.0,1,1.0,1,0.09396905692600695,40
2661,2,4035,2212,1823,0,0,0,1.0,1,1.0,1,1.0,1,0.11400646292398747,40
2662,2,4037,2213,1824,0,0,0,1.0,1,1.0,1,1.0,1,0.06412997415693028,42
2663,3,4040,2216,1824,0,0,0,1.0,1,1.0,1,1.0,1,0.02574552569045914,41
2664,1,4041,2217,1824,0,0,0,1.0,1,1.0,1,1.0,1,0.06261765662793813,42
2665,3,4044,2220,1824,0,0,0,1.0,1,1.0,1,1.0,1,0.11622897180929662,43
2666,4,4048,2222,1826,0,0,0,1.0,1,1.0,1,1.0,1,0.08361793091241576,44
2667,1,4049,2223,1826,0,0,0,1.0,1,1.0,1,1.0,1,0.1603861766661244,42
2668,1,4050,2224,1826,0,0,0,1.0,1,1.0,1,1.0,1,0.1740834704210881,41
2669,0,4050,2224,1826,0,0,0,1.0,1,1.0,1,1.0,1,0.1822189619271892,42
2670,1,4051,2225,1826,0,0,0,1.0,1,1.0,1,1.0,1,0.20379694037344298,40
2671,1,4052,2226,1826,0,0,0,1.0,1,1.0,1,1.0,1,0.20159306405897526,39
2672,0,4052,2226,1826,0,0,0,1.0,1,1.0,1,1.0,1,0.20473840417025319,36
2673,2,4054,2228,1826,0,0,0,1.0,1,1.0,1,1.0,1,0.23696750482485393,35
2674,2,4056,2230,1826,0,0,0,1.0,1,1.0,1,1.0,1,0.21611786546168837,33
2675,2,4058,2232,1826,0,0,0,1.0,1,1.0,1,1.0,1,0.24202701556462136,34
2676,2,4060,2234,1826,0,0,0,1.0,1,1.0,1,1.0,1,0.18086411705774122,32
2677,4,4064,2237,1827,0,0,0,1.0,1,1.0,1,1.0,1,0.22230532500808584,33
2678,1,4065,2237,1828,0,0,0,1.0,1,1.0,1,1.0,1,0.15365026233072956,33
2679,1,4066,2238,1828,0,0,0,1.0,1,1.0,1,1.0,1,0.1800807543618272,32
2680,1,4067,2239,1828,0,0,0,1.0,1,1.0,1,1.0,1,0.15723972712554196,32
2681,0,4067,2239,1828,0,0,0,1.0,1,1.0,1,1.0,1,0.15366367118184,32
2682,0,4067,2239,1828,0,0,0,1.0,1,1.0,1,1.0,1,0.1372652073712043,33
2683,0,4067,2239,1828,0,0,0,1.0,1,1.0,1,1.0,1,0.11754305925541897,32
2684,0,4067,2239,1828,0,0,0,1.0,1,1.0,1,1.0,1,0.11474588220160281,31
2685,1,4068,2240,1828,0,0,0,1.0,1,1.0,1,1.0,1,0.06318538754492614,31
2686,1,4069,2241,1828,0,0,0,1.0,1,1.0,1,1.0,1,0.04763483272165752,30
2687,1,4070,2242,1828,0,0,0,1.0,1,1.0,1,1.0,1,0.0481697778118943,30
2688,2,4072,2243,1829,0,0,0,1.0,1,1.0,1,1.0,1,0.06330708726230967,30
2689,2,4074,2245,1829,0,0,0,1.0,1,1.0,1,1.0,1,0.08843926606641268,31
2690,5,4079,2250,1829,0,0,0,1.0,1,1.0,1,1.0,1,0.14168147406221296,31
2691,4,4083,2251,1832,0,0,0,1.0,1,1.0,1,1.0,1,0.11068617811037099,32
2692,4,4087,2253,1834,0,0,0,1.0,1,1.0,1,1.0,1,0.14431860907665003,32
2693,2,4089,2255,1834,0,0,0,1.0,1,1.0,1,1.0,1,0.14693506350691424,33
2694,0,4089,2255,1834,0,0,0,1.0,1,1.0,1,1.0,1,0.1353842600578667,34
2695,0,4089,2255,1834,0,0,0,1.0,1,1.0,1,1.0,1,0.11148325538871819,35
2696,0,4089,2255,1834,0,0,0,1.0,1,1.0,1,1.0,1,0.11148325538871819,35
2697,0,4089,2255,1834,0,0,0,1.0,1,1.0,1,1.0,1,0.11148325538871819,35
2698,0,4089,2255,1834,0,0,0,1.0,1,1.0,1,1.0,1,0.0935443147917293,36
2699,1,4090,2256,1834,0,0,0,1.0,1,1.0,1,1.0,1,0.07776847966957388,36
2700,0,4090,2256,1834,0,0,0,1.0,1,1.0,1,1.0,1,0.0904987503880979,37
2701,1,4091,2257,1834,0,0,0,1.0,1,1.0,1,1.0,1,0.06421639093237132,37
2702,3,4094,2260,1834,0,0,0,1.0,1,1.0,1,1.0,1,0.13371460279180208,37
2703,1,4095,2261,1834,0,0,0,1.0,1,1.0,1,1.0,1,0.11270031212910551,38
2704,3,4098,2263,1835,0,0,0,1.0,1,1.0,1,1.0,1,0.1357967412464019,37
2705,1,4099,2264,1835,0,0,0,1.0,1,1.0,1,1.0,1,0.14520013506856652,36
2706,2,4101,2266,1835,0,0,0,1.0,1,1.0,1,1.0,1,0.18117273877028656,36
2707,1,4102,2267,1835,0,0,0,1.0,1,1.0,1,1.0,1,0.23653557788208274,35
2708,1,4103,2268,1835,0,0,0,1.0,1,1.0,1,1.0,1,0.2316010660699862,36
2709,2,4105,2270,1835,0,0,0,1.0,1,1.0,1,1.0,1,0.2742647223562623,32
2710,1,4106,2271,1835,0,0,0,1.0,1,1.0,1,1.0,1,0.26396182717465677,29
2711,2,4108,2273,1835,0,0,0,1.0,1,1.0,1,1.0,1,0.17805258287592443,29
2712,0,4108,2273,1835,0,0,0,1.0,1,1.0,1,1.0,1,0.1876738016342131,28
2713,0,4108,2273,1835,0,0,0,1.0,1,1.0,1,1.0,1,0.17112962712440558,28
2714,2,4110,2275,1835,0,0,0,1.0,1,1.0,1,1.0,1,0.13439505364653612,26
2715,0,4110,2275,1835,0,0,0,1.0,1,1.0,1,1.0,1,0.15168143121363942,24
2716,2,4112,2277,1835,0,0,0,1.0,1,1.0,1,1.0,1,0.11135830845170147,24
2717,4,4116,2281,1835,0,0,0,1.0,1,1.0,1,1.0,1,0.19284087688153848,25
2718,1,4117,2282,1835,0,0,0,1.0,1,1.0,1,1.0,1,0.2632410143470604,25
2719,2,4119,2284,1835,0,0,0,1.0,1,1.0,1,1.0,1,0.33728185021136864,25
2720,2,4121,2286,1835,0,0,0,1.0,1,1.0,1,1.0,1,0.42330343300770157,25
2721,4,4125,2289,1836,0,0,0,1.0,1,1.0,1,1.0,1,0.4095945496644803,25
2722,1,4126,2290,1836,0,0,0,1.0,1,1.0,1,1.0,1,0.39386504696590635,26
2723,0,4126,2290,1836,0,0,0,1.0,1,1.0,1,1.0,1,0.39386504696590635,26
2724,2,4128,2292,1836,0,0,0,1.0,1,1.0,1,1.0,1,0.4322035373586367,27
2725,2,4130,2292,1838,0,0,0,1.0,1,1.0,1,1.0,1,0.3408724750875148,28
2726,5,4135,2292,1843,0,0,0,1.0,1,1.0,1,1.0,1,0.0968627115319031,28
2727,0,4135,2292,1843,0,0,0,1.0,1,1.0,1,1.0,1,0.10322071904882281,29
2728,0,4135,2292,1843,0,0,0,1.0,1,1.0,1,1.0,1,0.10322071904882281,29
2729,0,4135,2292,1843,0,0,0,1.0,1,1.0,1,1.0,1,0.1055632619323037,29
2730,1,4136,2293,1843,0,0,0,1.0,1,1.0,1,1.0,1,0.10540943373827569,29
2731,0,4136,2293,1843,0,0,0,1.0,1,1.0,1,1.0,1,0.07550576449472293,30
2732,1,4137,2294,1843,0,0,0,1.0,1,1.0,1,1.0,1,0.07644504173901125,29
2733,2,4139,2296,1843,0,0,0,1.0,1,1.0,1,1.0,1,0.06567377224796617,29
2734,0,4139,2296,1843,0,0,0,1.0,1,1.0,1,1.0,1,0.06567377224796617,29
2735,1,4140,2297,1843,0,0,0,1.0,1,1.0,1,1.0,1,0.1235552438111646,29
2736,0,4140,2297,1843,0,0,0,1.0,1,1.0,1,1.0,1,0.14947439410445648,30
2737,1,4141,2297,1844,0,0,0,1.0,1,1.0,1,1.0,1,0.1311448920077502,30
2738,1,4142,2298,1844,0,0,0,1.0,1,1.0,1,1.0,1,0.16761556584803364,30
2739,0,4142,2298,1844,0,0,0,1.0,1,1.0,1,1.0,1,0.2054344321368577,29
2740,1,4143,2299,1844,0,0,0,1.0,1,1.0,1,1.0,1,0.22692688313302425,29
2741,0,4143,2299,1844,0,0,0,1.0,1,1.0,1,1.0,1,0.2595629526423031,28
2742,1,4144,2300,1844,0,0,0,1.0,1,1.0,1,1.0,1,0.28834722439565835,28
2743,4,4148,2301,1847,0,0,0,1.0,1,1.0,1,1.0,1,0.2855952303410945,29
2744,0,4148,2301,1847,0,0,0,1.0,1,1.0,1,1.0,1,0.25758083314544866,27
2745,2,4150,2303,1847,0,0,0,1.0,1,1.0,1,1.0,1,0.330062923186692,25
2746,0,4150,2303,1847,0,0,0,1.0,1,1.0,1,1.0,1,0.3377089075584697,25
2747,1,4151,2304,1847,0,0,0,1.0,1,1.0,1,1.0,1,0.3761057915357462,23
2748,0,4151,2304,1847,0,0,0,1.0,1,1.0,1,1.0,1,0.35682310114481564,22
2749,0,4151,2304,1847,0,0,0,1.0,1,1.0,1,1.0,1,0.3474300194574371,19
2750,0,4151,2304,1847,0,0,0,1.0,1,1.0,1,1.0,1,0.3308465213293264,18
2751,2,4153,2304,1849,0,0,0,1.0,1,1.0,1,1.0,1,0.21325946904489765,16
2752,0,4153,2304,1849,0,0,0,1.0,1,1.0,1,1.0,1,0.18804260452307026,15
2753,0,4153,2304,1849,0,0,0,1.0,1,1.0,1,1.0,1,0.18804260452307026,15
2754,0,4153,2304,1849,0,0,0,1.0,1,1.0,1,1.0,1,0.18804260452307026,15
2755,0,4153,2304,1849,0,0,0,1.0,1,1.0,1,1.0,1,0.18804260452307026,15
2756,1,4154,2304,1850,0,0,0,1.0,1,1.0,1,1.0,1,0.13240525430313502,16
2757,0,4154,2304,1850,0,0,0,1.0,1,1.0,1,1.0,1,0.1254928298040325,17
2758,0,4154,2304,1850,0,0,0,1.0,1,1.0,1,1.0,1,0.1254928298040325,17
2759,1,4155,2304,1851,0,0,0,1.0,1,1.0,1,1.0,1,0.08784784815344433,18
2760,0,4155,2304,1851,0,0,0,1.0,1,1.0,1,1.0,1,0.08784784815344433,18
2761,0,4155,2304,1851,0,0,0,1.0,1,1.0,1,1.0,1,0.08784784815344433,18
2762,0,4155,2304,1851,0,0,0,1.0,1,1.0,1,1.0,1,0.08784784815344433,18
2763,0,4155,2304,1851,0,0,0,1.0,1,1.0,1,1.0,1,0.08598675105538385,17
2764,2,4157,2306,1851,0,0,0,1.0,1,1.0,1,1.0,1,0.25835246837232245,17
2765,2,4159,2308,1851,0,0,0,1.0,1,1.0,1,1.0,1,0.22437664581283776,18
2766,1,4160,2308,1852,0,0,0,1.0,1,1.0,1,1.0,1,0.1928720289528583,18
2767,0,4160,2308,1852,0,0,0,1.0,1,1.0,1,1.0,1,0.1928720289528583,18
2768,1,4161,2309,1852,0,0,0,1.0,1,1.0,1,1.0,1,0.1705368042346567,18
2769,1,4162,2310,1852,0,0,0,1.0,1,1.0,1,1.0,1,0.16104620044219164,18
2770,1,4163,2311,1852,0,0,0,1.0,1,1.0,1,1.0,1,0.19177299674587006,18
2771,0,4163,2311,1852,0,0,0,1.0,1,1.0,1,1.0,1,0.19177299674587006,18
2772,1,4164,2311,1853,0,0,0,1.0,1,1.0,1,1.0,1,0.2298164428760291,18
2773,0,4164,2311,1853,0,0,0,1.0,1,1.0,1,1.0,1,0.2298164428760291,18
2774,1,4165,2312,1853,0,0,0,1.0,1,1.0,1,1.0,1,0.24267132549087733,20
2775,1,4166,2313,1853,0,0,0,1.0,1,1.0,1,1.0,1,0.24151859869996706,21
2776,2,4168,2314,1854,0,0,0,1.0,1,1.0,1,1.0,1,0.16910036311110113,21
2777,0,4168,2314,1854,0,0,0,1.0,1,1.0,1,1.0,1,0.15260027511920174,22
2778,2,4170,2315,1855,0,0,0,1.0,1,1.0,1,1.0,1,0.13142982228949307,24
2779,2,4172,2316,1856,0,0,0,1.0,1,1.0,1,1.0,1,0.1330378506342774,24
2780,0,4172,2316,1856,0,0,0,1.0,1,1.0,1,1.0,1,0.1330378506342774,24
2781,0,4172,2316,1856,0,0,0,1.0,1,1.0,1,1.0,1,0.1330378506342774,24
2782,0,4172,2316,1856,0,0,0,1.0,1,1.0,1,1.0,1,0.1330378506342774,24
2783,0,4172,2316,1856,0,0,0,1.0,1,1.0,1,1.0,1,0.1330378506342774,24
2784,0,4172,2316,1856,0,0,0,1.0,1,1.0,1,1.0,1,0.1957568409076131,24
2785,0,4172,2316,1856,0,0,0,1.0,1,1.0,1,1.0,1,0.14632100542696316,22
2786,0,4172,2316,1856,0,0,0,1.0,1,1.0,1,1.0,1,0.2216428384986004,22
2787,1,4173,2317,1856,0,0,0,1.0,1,1.0,1,1.0,1,0.1260909302410946,21
2788,0,4173,2317,1856,0,0,0,1.0,1,1.0,1,1.0,1,0.09261685567211843,20
2789,1,4174,2318,1856,0,0,0,1.0,1,1.0,1,1.0,1,0.15654846331750139,20
2790,0,4174,2318,1856,0,0,0,1.0,1,1.0,1,1.0,1,0.16118741964230499,21
2791,1,4175,2319,1856,0,0,0,1.0,1,1.0,1,1.0,1,0.18638205895858392,21
2792,0,4175,2319,1856,0,0,0,1.0,1,1.0,1,1.0,1,0.18638205895858392,21
2793,0,4175,2319,1856,0,0,0,1.0,1,1.0,1,1.0,1,0.17438267722653042,18
2794,0,4175,2319,1856,0,0,0,1.0,1,1.0,1,1.0,1,0.17438267722653042,18
2795,1,4176,2320,1856,0,0,0,1.0,1,1.0,1,1.0,1,0.21130735447314736,20
2796,1,4177,2321,1856,0,0,0,1.0,1,1.0,1,1.0,1,0.18677490874403924,21
2797,0,4177,2321,1856,0,0,0,1.0,1,1.0,1,1.0,1,0.18677490874403924,21
2798,0,4177,2321,1856,0,0,0,1.0,1,1.0,1,1.0,1,0.18677490874403924,21
2799,0,4177,2321,1856,0,0,0,1.0,1,1.0,1,1.0,1,0.188877242317753,22
2800,0,4177,2321,1856,0,0,0,1.0,1,1.0,1,1.0,1,0.188877242317753,22
2801,3,4180,2323,1857,0,0,0,1.0,1,1.0,1,1.0,1,0.19880107812970943,22
2802,1,4181,2323,1858,0,0,0,1.0,1,1.0,1,1.0,1,0.16922541134348498,22
2803,1,4182,2324,1858,0,0,0,1.0,1,1.0,1,1.0,1,0.2259732608711482,22
2804,0,4182,2324,1858,0,0,0,1.0,1,1.0,1,1.0,1,0.2430103193769005,23
2805,0,4182,2324,1858,0,0,0,1.0,1,1.0,1,1.0,1,0.2430103193769005,23
2806,0,4182,2324,1858,0,0,0,1.0,1,1.0,1,1.0,1,0.2430103193769005,23
2807,0,4182,2324,1858,0,0,0,1.0,1,1.0,1,1.0,1,0.22149189201314848,24
2808,0,4182,2324,1858,0,0,0,1.0,1,1.0,1,1.0,1,0.22149189201314848,24
2809,0,4182,2324,1858,0,0,0,1.0,1,1.0,1,1.0,1,0.2358328360107083,25
2810,1,4183,2325,1858,0,0,0,1.0,1,1.0,1,1.0,1,0.22589467400277952,24
2811,1,4184,2325,1859,0,0,0,1.0,1,1.0,1,1.0,1,0.18930496787787557,26
2812,0,4184,2325,1859,0,0,0,1.0,1,1.0,1,1.0,1,0.18930496787787557,26
2813,1,4185,2326,1859,0,0,0,1.0,1,1.0,1,1.0,1,0.15071657637759522,27
2814,1,4186,2327,1859,0,0,0,1.0,1,1.0,1,1.0,1,0.24091857726669463,29
2815,2,4188,2328,1860,0,0,0,1.0,1,1.0,1,1.0,1,0.17483492327711503,29
2816,2,4190,2330,1860,0,0,0,1.0,1,1.0,1,1.0,1,0.13977756319423068,29
2817,0,4190,2330,1860,0,0,0,1.0,1,1.0,1,1.0,1,0.13977756319423068,29
2818,2,4192,2331,1861,0,0,0,1.0,1,1.0,1,1.0,1,0.1771449189996649,29
2819,0,4192,2331,1861,0,0,0,1.0,1,1.0,1,1.0,1,0.17141324159341792,30
2820,2,4194,2332,1862,0,0,0,1.0,1,1.0,1,1.0,1,0.228289882782449,30
2821,0,4194,2332,1862,0,0,0,1.0,1,1.0,1,1.0,1,0.21048843706408923,31
2822,1,4195,2333,1862,0,0,0,1.0,1,1.0,1,1.0,1,0.1945922807378813,30
2823,3,4198,2336,1862,0,0,0,1.0,1,1.0,1,1.0,1,0.10747144138675276,27
2824,1,4199,2336,1863,0,0,0,1.0,1,1.0,1,1.0,1,0.04418046661165506,28
2825,3,4202,2339,1863,0,0,0,1.0,1,1.0,1,1.0,1,0.11507051457279191,28
2826,2,4204,2340,1864,0,0,0,1.0,1,1.0,1,1.0,1,0.1623585441620757,27
2827,0,4204,2340,1864,0,0,0,1.0,1,1.0,1,1.0,1,0.18433507940796048,28
2828,0,4204,2340,1864,0,0,0,1.0,1,1.0,1,1.0,1,0.21145380847025502,28
2829,1,4205,2341,1864,0,0,0,1.0,1,1.0,1,1.0,1,0.2030364915662262,27
2830,1,4206,2342,1864,0,0,0,1.0,1,1.0,1,1.0,1,0.22254436034561417,27
2831,3,4209,2344,1865,0,0,0,1.0,1,1.0,1,1.0,1,0.23550140107004705,27
2832,1,4210,2344,1866,0,0,0,1.0,1,1.0,1,1.0,1,0.2669689287891762,27
2833,2,4212,2345,1867,0,0,0,1.0,1,1.0,1,1.0,1,0.22873550077665175,26
2834,2,4214,2347,1867,0,0,0,1.0,1,1.0,1,1.0,1,0.12093632291065715,26
2835,1,4215,2348,1867,0,0,0,1.0,1,1.0,1,1.0,1,0.08254139288728934,25
2836,0,4215,2348,1867,0,0,0,1.0,1,1.0,1,1.0,1,0.11561825842509717,27
2837,1,4216,2349,1867,0,0,0,1.0,1,1.0,1,1.0,1,0.1577849798175198,27
2838,0,4216,2349,1867,0,0,0,1.0,1,1.0,1,1.0,1,0.1577849798175198,27
2839,1,4217,2350,1867,0,0,0,1.0,1,1.0,1,1.0,1,0.2114177458666457,29
2840,0,4217,2350,1867,0,0,0,1.0,1,1.0,1,1.0,1,0.2114177458666457,29
2841,1,4218,2351,1867,0,0,0,1.0,1,1.0,1,1.0,1,0.2366947728143537,31
2842,1,4219,2351,1868,0,0,0,1.0,1,1.0,1,1.0,1,0.22424114997193587,31
2843,2,4221,2352,1869,0,0,0,1.0,1,1.0,1,1.0,1,0.14463646462445512,32
2844,3,4224,2355,1869,0,0,0,1.0,1,1.0,1,1.0,1,0.17724883908503697,33
2845,1,4225,2355,1870,0,0,0,1.0,1,1.0,1,1.0,1,0.13028198044277997,32
2846,2,4227,2357,1870,0,0,0,1.0,1,1.0,1,1.0,1,0.14526339643156802,33
2847,2,4229,2358,1871,0,0,0,1.0,1,1.0,1,1.0,1,0.19776268595038377,32
2848,3,4232,2360,1872,0,0,0,1.0,1,1.0,1,1.0,1,0.1982463808422647,33
2849,1,4233,2360,1873,0,0,0,1.0,1,1.0,1,1.0,1,0.18615398882105808,34
2850,2,4235,2362,1873,0,0,0,1.0,1,1.0,1,1.0,1,0.13636014234842864,34
2851,1,4236,2362,1874,0,0,0,1.0,1,1.0,1,1.0,1,0.12142897744292934,34
2852,4,4240,2366,1874,0,0,0,1.0,1,1.0,1,1.0,1,0.14029845667799373,35
2853,1,4241,2366,1875,0,0,0,1.0,1,1.0,1,1.0,1,0.11325138896758138,36
2854,0,4241,2366,1875,0,0,0,1.0,1,1.0,1,1.0,1,0.11834965525402684,37
2855,1,4242,2367,1875,0,0,0,1.0,1,1.0,1,1.0,1,0.10102305942674537,38
2856,0,4242,2367,1875,0,0,0,1.0,1,1.0,1,1.0,1,0.10102305942674537,38
2857,2,4244,2369,1875,0,0,0,1.0,1,1.0,1,1.0,1,0.10702205393619872,39
2858,1,4245,2370,1875,0,0,0,1.0,1,1.0,1,1.0,1,0.09109143731511748,40
2859,3,4248,2372,1876,0,0,0,1.0,1,1.0,1,1.0,1,0.13041557339223092,40
2860,1,4249,2373,1876,0,0,0,1.0,1,1.0,1,1.0,1,0.14566785372449942,40
2861,1,4250,2374,1876,0,0,0,1.0,1,1.0,1,1.0,1,0.1457006908711285,38
2862,2,4252,2376,1876,0,0,0,1.0,1,1.0,1,1.0,1,0.20783338756166367,38
2863,3,4255,2379,1876,0,0,0,1.0,1,1.0,1,1.0,1,0.1955286117429151,38
2864,1,4256,2380,1876,0,0,0,1.0,1,1.0,1,1.0,1,0.21417400379271065,36
2865,4,4260,2384,1876,0,0,0,1.0,1,1.0,1,1.0,1,0.2030800255045766,34
2866,0,4260,2384,1876,0,0,0,1.0,1,1.0,1,1.0,1,0.16856924530273645,31
2867,1,4261,2385,1876,0,0,0,1.0,1,1.0,1,1.0,1,0.17267497704042914,30
2868,3,4264,2388,1876,0,0,0,1.0,1,1.0,1,1.0,1,0.18377895424696572,27
2869,0,4264,2388,1876,0,0,0,1.0,1,1.0,1,1.0,1,0.20234387179107882,27
2870,1,4265,2389,1876,0,0,0,1.0,1,1.0,1,1.0,1,0.2321751811276038,25
2871,0,4265,2389,1876,0,0,0,1.0,1,1.0,1,1.0,1,0.23207158668649863,25
2872,1,4266,2390,1876,0,0,0,1.0,1,1.0,1,1.0,1,0.27211411983898326,23
2873,0,4266,2390,1876,0,0,0,1.0,1,1.0,1,1.0,1,0.2917831795470706,24
2874,0,4266,2390,1876,0,0,0,1.0,1,1.0,1,1.0,1,0.3045008960473111,24
2875,0,4266,2390,1876,0,0,0,1.0,1,1.0,1,1.0,1,0.3499971473502589,23
2876,6,4272,2391,1881,0,0,0,1.0,1,1.0,1,1.0,1,0.2117952369183987,24
2877,1,4273,2392,1881,0,0,0,1.0,1,1.0,1,1.0,1,0.18370735993011975,24
2878,1,4274,2393,1881,0,0,0,1.0,1,1.0,1,1.0,1,0.19910907345806525,24
2879,2,4276,2395,1881,0,0,0,1.0,1,1.0,1,1.0,1,0.25666120149095445,25
2880,0,4276,2395,1881,0,0,0,1.0,1,1.0,1,1.0,1,0.2564043004851804,26
2881,0,4276,2395,1881,0,0,0,1.0,1,1.0,1,1.0,1,0.2564043004851804,26
2882,0,4276,2395,1881,0,0,0,1.0,1,1.0,1,1.0,1,0.22974299190560282,27
2883,0,4276,2395,1881,0,0,0,1.0,1,1.0,1,1.0,1,0.21334300521578162,28
2884,4,4280,2395,1885,0,0,0,1.0,1,1.0,1,1.0,1,0.18601520357065474,29
2885,2,4282,2395,1887,0,0,0,1.0,1,1.0,1,1.0,1,0.18394291739688487,31
2886,2,4284,2396,1888,0,0,0,1.0,1,1.0,1,1.0,1,0.18256198100916293,31
2887,3,4287,2397,1890,0,0,0,1.0,1,1.0,1,1.0,1,0.17515971856374424,33
2888,6,4293,2397,1896,0,0,0,1.0,1,1.0,1,1.0,1,0.22211578693093553,34
2889,2,4295,2397,1898,0,0,0,1.0,1,1.0,1,1.0,1,0.20919966068545653,35
2890,5,4300,2397,1903,0,0,0,1.0,1,1.0,1,1.0,1,0.18245657683857733,35
2891,3,4303,2397,1906,0,0,0,1.0,1,1.0,1,1.0,1,0.1788618742573867,35
2892,2,4305,2397,1908,0,0,0,1.0,1,1.0,1,1.0,1,0.1559431169499249,35
2893,6,4311,2397,1914,0,0,0,1.0,1,1.0,1,1.0,1,0.16732311653231624,37
2894,4,4315,2397,1918,0,0,0,1.0,1,1.0,1,1.0,1,0.1970533249507214,37
2895,4,4319,2397,1922,0,0,0,1.0,1,1.0,1,1.0,1,0.17049929464585195,37
2896,5,4324,2398,1926,0,0,0,1.0,1,1.0,1,1.0,1,0.25760938158667424,38
2897,4,4328,2398,1930,0,0,0,1.0,1,1.0,1,1.0,1,0.24245088737336312,37
2898,4,4332,2398,1934,0,0,0,1.0,1,1.0,1,1.0,1,0.30303918545500425,38
2899,5,4337,2399,1938,0,0,0,1.0,1,1.0,1,1.0,1,0.2506554815315183,37
2900,4,4341,2399,1942,0,0,0,1.0,1,1.0,1,1.0,1,0.28163023115358543,36
2901,3,4344,2399,1945,0,0,0,1.0,1,1.0,1,1.0,1,0.19991964495826528,37
2902,0,4344,2399,1945,0,0,0,1.0,1,1.0,1,1.0,1,0.16656733961019807,35
2903,0,4344,2399,1945,0,0,0,1.0,1,1.0,1,1.0,1,0.18620674579909485,35
2904,0,4344,2399,1945,0,0,0,1.0,1,1.0,1,1.0,1,0.16673909567631642,33
2905,0,4344,2399,1945,0,0,0,1.0,1,1.0,1,1.0,1,0.18244455418870167,34
2906,2,4346,2401,1945,0,0,0,1.0,1,1.0,1,1.0,1,0.270429583394454,34
2907,0,4346,2401,1945,0,0,0,1.0,1,1.0,1,1.0,1,0.2587625607781031,35
2908,0,4346,2401,1945,0,0,0,1.0,1,1.0,1,1.0,1,0.2584892425504505,36
2909,0,4346,2401,1945,0,0,0,1.0,1,1.0,1,1.0,1,0.2529316284508055,38
2910,0,4346,2401,1945,0,0,0,1.0,1,1.0,1,1.0,1,0.2529316284508055,38
2911,1,4347,2402,1945,0,0,0,1.0,1,1.0,1,1.0,1,0.2708828420912519,37
2912,0,4347,2402,1945,0,0,0,1.0,1,1.0,1,1.0,1,0.2708828420912519,37
2913,3,4350,2402,1948,0,0,0,1.0,1,1.0,1,1.0,1,0.24481337879055948,38
2914,0,4350,2402,1948,0,0,0,1.0,1,1.0,1,1.0,1,0.24481337879055948,38
2915,2,4352,2402,1950,0,0,0,1.0,1,1.0,1,1.0,1,0.2090823541242498,39
2916,1,4353,2402,1951,0,0,0,1.0,1,1.0,1,1.0,1,0.2113394499778594,40
2917,2,4355,2402,1953,0,0,0,1.0,1,1.0,1,1.0,1,0.19928329640508685,41
2918,1,4356,2402,1954,0,0,0,1.0,1,1.0,1,1.0,1,0.2102837335119998,41
2919,0,4356,2402,1954,0,0,0,1.0,1,1.0,1,1.0,1,0.2102837335119998,41
2920,0,4356,2402,1954,0,0,0,1.0,1,1.0,1,1.0,1,0.20820318017264375,43
2921,0,4356,2402,1954,0,0,0,1.0,1,1.0,1,1.0,1,0.20700471776078325,42
2922,0,4356,2402,1954,0,0,0,1.0,1,1.0,1,1.0,1,0.18365389183957784,43
2923,0,4356,2402,1954,0,0,0,1.0,1,1.0,1,1.0,1,0.19392105834607612,44
2924,2,4358,2402,1956,0,0,0,1.0,1,1.0,1,1.0,1,0.16705287171561897,45
2925,2,4360,2403,1957,0,0,0,1.0,1,1.0,1,1.0,1,0.1848493409665321,45
2926,1,4361,2403,1958,0,0,0,1.0,1,1.0,1,1.0,1,0.15189248347793502,47
2927,0,4361,2403,1958,0,0,0,1.0,1,1.0,1,1.0,1,0.15189248347793502,47
2928,3,4364,2404,1960,0,0,0,1.0,1,1.0,1,1.0,1,0.15524998547676533,48
2929,1,4365,2404,1961,0,0,0,1.0,1,1.0,1,1.0,1,0.14507951615446854,48
2930,1,4366,2404,1962,0,0,0,1.0,1,1.0,1,1.0,1,0.15538872140087046,50
2931,1,4367,2404,1963,0,0,0,1.0,1,1.0,1,1.0,1,0.1452145499278698,51
2932,1,4368,2404,1964,0,0,0,1.0,1,1.0,1,1.0,1,0.1494455326015389,51
2933,3,4371,2404,1967,0,0,0,1.0,1,1.0,1,1.0,1,0.15410029700760824,52
2934,1,4372,2404,1968,0,0,0,1.0,1,1.0,1,1.0,1,0.14476242106081555,52
2935,1,4373,2404,1969,0,0,0,1.0,1,1.0,1,1.0,1,0.1737561851489857,51
2936,2,4375,2405,1970,0,0,0,1.0,1,1.0,1,1.0,1,0.1801865150096713,49
2937,2,4377,2405,1972,0,0,0,1.0,1,1.0,1,1.0,1,0.18145777790022327,50
2938,4,4381,2406,1975,0,0,0,1.0,1,1.0,1,1.0,1,0.1960620384034735,50
2939,0,4381,2406,1975,0,0,0,1.0,1,1.0,1,1.0,1,0.190844891164819,51
2940,1,4382,2407,1975,0,0,0,1.0,1,1.0,1,1.0,1,0.20030154536517544,52
2941,4,4386,2409,1977,0,0,0,1.0,1,1.0,1,1.0,1,0.2239466485292343,53
2942,0,4386,2409,1977,0,0,0,1.0,1,1.0,1,1.0,1,0.22347996347135746,52
2943,2,4388,2411,1977,0,0,0,1.0,1,1.0,1,1.0,1,0.2601408951703466,51
2944,0,4388,2411,1977,0,0,0,1.0,1,1.0,1,1.0,1,0.2403161823791841,52
2945,1,4389,2412,1977,0,0,0,1.0,1,1.0,1,1.0,1,0.23904498546302255,50
2946,1,4390,2413,1977,0,0,0,1.0,1,1.0,1,1.0,1,0.24267778926692798,51
2947,1,4391,2414,1977,0,0,0,1.0,1,1.0,1,1.0,1,0.24204934558949856,50
2948,1,4392,2415,1977,0,0,0,1.0,1,1.0,1,1.0,1,0.2424554938734446,50
2949,0,4392,2415,1977,0,0,0,1.0,1,1.0,1,1.0,1,0.24230790377916658,49
2950,0,4392,2415,1977,0,0,0,1.0,1,1.0,1,1.0,1,0.2523540125995693,48
2951,5,4397,2415,1982,0,0,0,1.0,1,1.0,1,1.0,1,0.14906688549241479,48
2952,0,4397,2415,1982,0,0,0,1.0,1,1.0,1,1.0,1,0.14467013105519816,46
2953,0,4397,2415,1982,0,0,0,1.0,1,1.0,1,1.0,1,0.14467013105519816,46
2954,2,4399,2416,1983,0,0,0,1.0,1,1.0,1,1.0,1,0.16644871344659262,48
2955,3,4402,2416,1986,0,0,0,1.0,1,1.0,1,1.0,1,0.106369073109786,48
2956,1,4403,2416,1987,0,0,0,1.0,1,1.0,1,1.0,1,0.10914376544150513,47
2957,3,4406,2416,1990,0,0,0,1.0,1,1.0,1,1.0,1,0.10626570499548241,48
2958,3,4409,2416,1993,0,0,0,1.0,1,1.0,1,1.0,1,0.12345096211240023,49
2959,2,4411,2416,1995,0,0,0,1.0,1,1.0,1,1.0,1,0.12345096211240023,49
2960,1,4412,2417,1995,0,0,0,1.0,1,1.0,1,1.0,1,0.09565600430812495,49
2961,3,4415,2419,1996,0,0,0,1.0,1,1.0,1,1.0,1,0.06201104803534537,51
2962,2,4417,2421,1996,0,0,0,1.0,1,1.0,1,1.0,1,0.0692822609591776,51
2963,2,4419,2423,1996,0,0,0,1.0,1,1.0,1,1.0,1,0.09065787652731688,51
2964,1,4420,2424,1996,0,0,0,1.0,1,1.0,1,1.0,1,0.10381705888798654,52
2965,2,4422,2426,1996,0,0,0,1.0,1,1.0,1,1.0,1,0.11392754010703163,53
2966,3,4425,2426,1999,0,0,0,1.0,1,1.0,1,1.0,1,0.09493195386311147,53
2967,0,4425,2426,1999,0,0,0,1.0,1,1.0,1,1.0,1,0.08662607126974528,53
2968,0,4425,2426,1999,0,0,0,1.0,1,1.0,1,1.0,1,0.07187311131410581,54
2969,0,4425,2426,1999,0,0,0,1.0,1,1.0,1,1.0,1,0.08320890070552106,55
2970,0,4425,2426,1999,0,0,0,1.0,1,1.0,1,1.0,1,0.08320890070552106,55
2971,1,4426,2426,2000,0,0,0,1.0,1,1.0,1,1.0,1,0.07630454535729478,55
2972,0,4426,2426,2000,0,0,0,1.0,1,1.0,1,1.0,1,0.07630454535729478,55
2973,0,4426,2426,2000,0,0,0,1.0,1,1.0,1,1.0,1,0.07410162232434397,55
2974,0,4426,2426,2000,0,0,0,1.0,1,1.0,1,1.0,1,0.07257639875964517,56
2975,0,4426,2426,2000,0,0,0,1.0,1,1.0,1,1.0,1,0.0766968403673141,55
2976,0,4426,2426,2000,0,0,0,1.0,1,1.0,1,1.0,1,0.05934911642830756,57
2977,1,4427,2426,2001,0,0,0,1.0,1,1.0,1,1.0,1,0.07203257823967969,59
2978,2,4429,2428,2001,0,0,0,1.0,1,1.0,1,1.0,1,0.07151429284921756,59
2979,1,4430,2429,2001,0,0,0,1.0,1,1.0,1,1.0,1,0.08013934466982373,59
2980,2,4432,2431,2001,0,0,0,1.0,1,1.0,1,1.0,1,0.08043582277889975,59
2981,3,4435,2434,2001,0,0,0,1.0,1,1.0,1,1.0,1,0.12629345876508116,59
2982,2,4437,2435,2002,0,0,0,1.0,1,1.0,1,1.0,1,0.13268029899266737,61
2983,5,4442,2439,2003,0,0,0,1.0,1,1.0,1,1.0,1,0.14131882724559258,61
2984,2,4444,2440,2004,0,0,0,1.0,1,1.0,1,1.0,1,0.1434457813596514,61
2985,6,4450,2445,2005,0,0,0,1.0,1,1.0,1,1.0,1,0.13021167046449555,57
2986,4,4454,2449,2005,0,0,0,1.0,1,1.0,1,1.0,1,0.1431410468297208,58
2987,1,4455,2450,2005,0,0,0,1.0,1,1.0,1,1.0,1,0.13196207087946524,56
2988,6,4461,2456,2005,0,0,0,1.0,1,1.0,1,1.0,1,0.11099767907981442,55
2989,3,4464,2458,2006,0,0,0,1.0,1,1.0,1,1.0,1,0.11053357846670363,53
2990,6,4470,2462,2008,0,0,0,1.0,1,1.0,1,1.0,1,0.11414628126113441,52
2991,2,4472,2464,2008,0,0,0,1.0,1,1.0,1,1.0,1,0.10423920380987059,54
2992,1,4473,2465,2008,0,0,0,1.0,1,1.0,1,1.0,1,0.09992698298931867,55
2993,2,4475,2467,2008,0,0,0,1.0,1,1.0,1,1.0,1,0.0932068361465983,53
2994,0,4475,2467,2008,0,0,0,1.0,1,1.0,1,1.0,1,0.1228414660739711,53
2995,0,4475,2467,2008,0,0,0,1.0,1,1.0,1,1.0,1,0.13917617751526096,51
2996,1,4476,2468,2008,0,0,0,1.0,1,1.0,1,1.0,1,0.16388398010072258,52
2997,1,4477,2469,2008,0,0,0,1.0,1,1.0,1,1.0,1,0.18496117529244738,50
2998,2,4479,2470,2009,0,0,0,1.0,1,1.0,1,1.0,1,0.16409826448811635,51
2999,1,4480,2470,2010,0,0,0,1.0,1,1.0,1,1.0,1,0.20606753885584467,48
3000,1,4481,2471,2010,0,0,0,1.0,1,1.0,1,1.0,1,0.22011899215580966,48
3001,7,4488,2471,2017,0,0,0,1.0,1,1.0,1,1.0,1,0.09856968067760974,49
3002,3,4491,2472,2019,0,0,0,1.0,1,1.0,1,1.0,1,0.0817386491523779,50
3003,0,4491,2472,2019,0,0,0,1.0,1,1.0,1,1.0,1,0.0817386491523779,50
3004,0,4491,2472,2019,0,0,0,1.0,1,1.0,1,1.0,1,0.07076981355510549,51
3005,0,4491,2472,2019,0,0,0,1.0,1,1.0,1,1.0,1,0.0675206231734859,50
3006,0,4491,2472,2019,0,0,0,1.0,1,1.0,1,1.0,1,0.08351982464693877,51
3007,0,4491,2472,2019,0,0,0,1.0,1,1.0,1,1.0,1,0.06504685351735343,51
3008,2,4493,2472,2021,0,0,0,1.0,1,1.0,1,1.0,1,0.06362007227695489,53
3009,0,4493,2472,2021,0,0,0,1.0,1,1.0,1,1.0,1,0.07249918928733769,52
3010,0,4493,2472,2021,0,0,0,1.0,1,1.0,1,1.0,1,0.07249918928733769,52
3011,3,4496,2474,2022,0,0,0,1.0,1,1.0,1,1.0,1,0.10794648967658581,51
3012,2,4498,2475,2023,0,0,0,1.0,1,1.0,1,1.0,1,0.12217457332671151,54
3013,4,4502,2479,2023,0,0,0,1.0,1,1.0,1,1.0,1,0.09679746836355581,52
3014,3,4505,2481,2024,0,0,0,1.0,1,1.0,1,1.0,1,0.14107657615064903,51
3015,3,4508,2483,2025,0,0,0,1.0,1,1.0,1,1.0,1,0.12512941362923535,50
3016,2,4510,2485,2025,0,0,0,1.0,1,1.0,1,1.0,1,0.13863650810943098,50
3017,3,4513,2488,2025,0,0,0,1.0,1,1.0,1,1.0,1,0.1820151653286387,48
3018,3,4516,2491,2025,0,0,0,1.0,1,1.0,1,1.0,1,0.15891746266369783,48
3019,3,4519,2493,2026,0,0,0,1.0,1,1.0,1,1.0,1,0.15734098103320912,47
3020,1,4520,2494,2026,0,0,0,1.0,1,1.0,1,1.0,1,0.14592024371018528,47
3021,2,4522,2496,2026,0,0,0,1.0,1,1.0,1,1.0,1,0.15046603241712767,46
3022,3,4525,2498,2027,0,0,0,1.0,1,1.0,1,1.0,1,0.16152421129068578,45
3023,3,4528,2501,2027,0,0,0,1.0,1,1.0,1,1.0,1,0.1330337189901984,41
3024,3,4531,2504,2027,0,0,0,1.0,1,1.0,1,1.0,1,0.17067272670405603,43
3025,1,4532,2505,2027,0,0,0,1.0,1,1.0,1,1.0,1,0.22822634798916494,39
3026,5,4537,2506,2031,0,0,0,1.0,1,1.0,1,1.0,1,0.13570809097943112,38
3027,1,4538,2507,2031,0,0,0,1.0,1,1.0,1,1.0,1,0.12602307604530516,38
3028,2,4540,2508,2032,0,0,0,1.0,1,1.0,1,1.0,1,0.14703217379860356,38
3029,1,4541,2509,2032,0,0,0,1.0,1,1.0,1,1.0,1,0.16562717840035432,37
3030,1,4542,2510,2032,0,0,0,1.0,1,1.0,1,1.0,1,0.20153780901681043,38
3031,2,4544,2510,2034,0,0,0,1.0,1,1.0,1,1.0,1,0.15837973773630126,39
3032,1,4545,2510,2035,0,0,0,1.0,1,1.0,1,1.0,1,0.16325606352741726,39
3033,1,4546,2510,2036,0,0,0,1.0,1,1.0,1,1.0,1,0.16320394687575573,39
3034,0,4546,2510,2036,0,0,0,1.0,1,1.0,1,1.0,1,0.17282538976210082,38
3035,0,4546,2510,2036,0,0,0,1.0,1,1.0,1,1.0,1,0.15108880926781515,39
3036,1,4547,2510,2037,0,0,0,1.0,1,1.0,1,1.0,1,0.1508711834600598,39
3037,1,4548,2510,2038,0,0,0,1.0,1,1.0,1,1.0,1,0.16367248456775307,39
3038,2,4550,2511,2039,0,0,0,1.0,1,1.0,1,1.0,1,0.1267509090296266,40
3039,1,4551,2512,2039,0,0,0,1.0,1,1.0,1,1.0,1,0.1498404164783851,41
3040,3,4554,2514,2040,0,0,0,1.0,1,1.0,1,1.0,1,0.15278968726613218,42
3041,3,4557,2514,2043,0,0,0,1.0,1,1.0,1,1.0,1,0.13770739102728416,43
3042,6,4563,2515,2048,0,0,0,1.0,1,1.0,1,1.0,1,0.1478809053482862,45
3043,5,4568,2516,2052,0,0,0,1.0,1,1.0,1,1.0,1,0.1441103259151627,45
3044,2,4570,2516,2054,0,0,0,1.0,1,1.0,1,1.0,1,0.10738220051649659,45
3045,3,4573,2516,2057,0,0,0,1.0,1,1.0,1,1.0,1,0.08376528182492973,45
3046,0,4573,2516,2057,0,0,0,1.0,1,1.0,1,1.0,1,0.09450310788363561,46
3047,1,4574,2516,2058,0,0,0,1.0,1,1.0,1,1.0,1,0.10351370491471035,46
3048,2,4576,2516,2060,0,0,0,1.0,1,1.0,1,1.0,1,0.10330377450730355,49
3049,5,4581,2517,2064,0,0,0,1.0,1,1.0,1,1.0,1,0.10996853136161087,50
3050,1,4582,2517,2065,0,0,0,1.0,1,1.0,1,1.0,1,0.09510086106284488,50
3051,1,4583,2518,2065,0,0,0,1.0,1,1.0,1,1.0,1,0.11189462730436876,50
3052,0,4583,2518,2065,0,0,0,1.0,1,1.0,1,1.0,1,0.11189462730436876,50
3053,3,4586,2520,2066,0,0,0,1.0,1,1.0,1,1.0,1,0.12167981856050594,49
3054,1,4587,2521,2066,0,0,0,1.0,1,1.0,1,1.0,1,0.13150552878451122,47
3055,2,4589,2522,2067,0,0,0,1.0,1,1.0,1,1.0,1,0.13745574642631214,48
3056,2,4591,2524,2067,0,0,0,1.0,1,1.0,1,1.0,1,0.14041084624354305,47
3057,1,4592,2525,2067,0,0,0,1.0,1,1.0,1,1.0,1,0.16274910101448783,48
3058,1,4593,2526,2067,0,0,0,1.0,1,1.0,1,1.0,1,0.16851893972882467,46
3059,0,4593,2526,2067,0,0,0,1.0,1,1.0,1,1.0,1,0.175054711342651,44
3060,2,4595,2528,2067,0,0,0,1.0,1,1.0,1,1.0,1,0.1713143451268235,44
3061,2,4597,2529,2068,0,0,0,1.0,1,1.0,1,1.0,1,0.17543507179610104,42
3062,1,4598,2530,2068,0,0,0,1.0,1,1.0,1,1.0,1,0.18515820660220578,42
3063,2,4600,2532,2068,0,0,0,1.0,1,1.0,1,1.0,1,0.1976969368487231,41
3064,1,4601,2533,2068,0,0,0,1.0,1,1.0,1,1.0,1,0.15928814447769207,42
3065,1,4602,2534,2068,0,0,0,1.0,1,1.0,1,1.0,1,0.1643937427375505,40
3066,2,4604,2536,2068,0,0,0,1.0,1,1.0,1,1.0,1,0.11447979265401796,42
3067,1,4605,2537,2068,0,0,0,1.0,1,1.0,1,1.0,1,0.15065375249649499,40
3068,2,4607,2539,2068,0,0,0,1.0,1,1.0,1,1.0,1,0.13804506115434909,39
3069,1,4608,2539,2069,0,0,0,1.0,1,1.0,1,1.0,1,0.16391381447229728,38
3070,0,4608,2539,2069,0,0,0,1.0,1,1.0,1,1.0,1,0.18096798471321704,39
3071,0,4608,2539,2069,0,0,0,1.0,1,1.0,1,1.0,1,0.19049094607666187,39
3072,1,4609,2540,2069,0,0,0,1.0,1,1.0,1,1.0,1,0.24397889286318206,40
3073,2,4611,2542,2069,0,0,0,1.0,1,1.0,1,1.0,1,0.3111717590471509,38
3074,0,4611,2542,2069,0,0,0,1.0,1,1.0,1,1.0,1,0.29354685948447645,38
3075,1,4612,2543,2069,0,0,0,1.0,1,1.0,1,1.0,1,0.3310822997776516,41
3076,7,4619,2544,2075,0,0,0,1.0,1,1.0,1,1.0,1,0.23297345352783314,42
3077,5,4624,2544,2080,0,0,0,1.0,1,1.0,1,1.0,1,0.1796261122473202,42
3078,0,4624,2544,2080,0,0,0,1.0,1,1.0,1,1.0,1,0.1796261122473202,42
3079,1,4625,2545,2080,0,0,0,1.0,1,1.0,1,1.0,1,0.16827784822345188,42
3080,1,4626,2545,2081,0,0,0,1.0,1,1.0,1,1.0,1,0.1503602663473675,43
3081,2,4628,2545,2083,0,0,0,1.0,1,1.0,1,1.0,1,0.14365192056913442,44
3082,3,4631,2546,2085,0,0,0,1.0,1,1.0,1,1.0,1,0.150747181668762,45
3083,3,4634,2546,2088,0,0,0,1.0,1,1.0,1,1.0,1,0.14231980015023243,45
3084,4,4638,2547,2091,0,0,0,1.0,1,1.0,1,1.0,1,0.13911224149565568,45
3085,2,4640,2547,2093,0,0,0,1.0,1,1.0,1,1.0,1,0.1667271078403288,46
3086,3,4643,2548,2095,0,0,0,1.0,1,1.0,1,1.0,1,0.15614643932676006,46
3087,7,4650,2549,2101,0,0,0,1.0,1,1.0,1,1.0,1,0.17555062158710072,47
3088,4,4654,2550,2104,0,0,0,1.0,1,1.0,1,1.0,1,0.2148238468708437,48
3089,1,4655,2550,2105,0,0,0,1.0,1,1.0,1,1.0,1,0.18012108853734893,46
3090,4,4659,2550,2109,0,0,0,1.0,1,1.0,1,1.0,1,0.16936384411007346,46
3091,2,4661,2550,2111,0,0,0,1.0,1,1.0,1,1.0,1,0.14011680099530086,46
3092,1,4662,2551,2111,0,0,0,1.0,1,1.0,1,1.0,1,0.13832542137327689,47
3093,1,4663,2551,2112,0,0,0,1.0,1,1.0,1,1.0,1,0.11401745150346211,47
3094,0,4663,2551,2112,0,0,0,1.0,1,1.0,1,1.0,1,0.08135635455394725,45
3095,1,4664,2552,2112,0,0,0,1.0,1,1.0,1,1.0,1,0.06310992428327203,46
3096,0,4664,2552,2112,0,0,0,1.0,1,1.0,1,1.0,1,0.06671122242243926,46
3097,3,4667,2554,2113,0,0,0,1.0,1,1.0,1,1.0,1,0.07694833781861429,47
3098,2,4669,2554,2115,0,0,0,1.0,1,1.0,1,1.0,1,0.1276845625734475,47
3099,2,4671,2554,2117,0,0,0,1.0,1,1.0,1,1.0,1,0.12410986669311984,47
3100,1,4672,2554,2118,0,0,0,1.0,1,1.0,1,1.0,1,0.08668857452333714,47
3101,2,4674,2554,2120,0,0,0,1.0,1,1.0,1,1.0,1,0.06144124018784609,48
3102,0,4674,2554,2120,0,0,0,1.0,1,1.0,1,1.0,1,0.06144124018784609,48
3103,0,4674,2554,2120,0,0,0,1.0,1,1.0,1,1.0,1,0.0818034315494965,49
3104,1,4675,2555,2120,0,0,0,1.0,1,1.0,1,1.0,1,0.11949283210031938,48
3105,2,4677,2557,2120,0,0,0,1.0,1,1.0,1,1.0,1,0.1723706958954016,45
3106,2,4679,2558,2121,0,0,0,1.0,1,1.0,1,1.0,1,0.2020520808570095,46
3107,2,4681,2560,2121,0,0,0,1.0,1,1.0,1,1.0,1,0.225799579035687,44
3108,1,4682,2561,2121,0,0,0,1.0,1,1.0,1,1.0,1,0.22618454226997417,45
3109,0,4682,2561,2121,0,0,0,1.0,1,1.0,1,1.0,1,0.2448453914741739,44
3110,5,4687,2566,2121,0,0,0,1.0,1,1.0,1,1.0,1,0.19530826308288218,46
3111,0,4687,2566,2121,0,0,0,1.0,1,1.0,1,1.0,1,0.19530826308288218,46
3112,0,4687,2566,2121,0,0,0,1.0,1,1.0,1,1.0,1,0.20599049886111434,47
3113,1,4688,2567,2121,0,0,0,1.0,1,1.0,1,1.0,1,0.1905750377386775,48
3114,0,4688,2567,2121,0,0,0,1.0,1,1.0,1,1.0,1,0.192144526725809,48
3115,0,4688,2567,2121,0,0,0,1.0,1,1.0,1,1.0,1,0.20743057886535146,49
3116,0,4688,2567,2121,0,0,0,1.0,1,1.0,1,1.0,1,0.2191381223117935,48
3117,3,4691,2569,2122,0,0,0,1.0,1,1.0,1,1.0,1,0.2132422794955431,49
3118,1,4692,2569,2123,0,0,0,1.0,1,1.0,1,1.0,1,0.20012278223458727,50
3119,0,4692,2569,2123,0,0,0,1.0,1,1.0,1,1.0,1,0.20012278223458727,50
3120,1,4693,2570,2123,0,0,0,1.0,1,1.0,1,1.0,1,0.21584001329099534,50
3121,2,4695,2572,2123,0,0,0,1.0,1,1.0,1,1.0,1,0.21923711599816748,50
3122,0,4695,2572,2123,0,0,0,1.0,1,1.0,1,1.0,1,0.21923711599816748,50
3123,2,4697,2574,2123,0,0,0,1.0,1,1.0,1,1.0,1,0.2210072117225925,51
3124,1,4698,2575,2123,0,0,0,1.0,1,1.0,1,1.0,1,0.23630996209088076,51
3125,1,4699,2576,2123,0,0,0,1.0,1,1.0,1,1.0,1,0.24742344446943362,51
3126,9,4708,2577,2131,0,0,0,1.0,1,1.0,1,1.0,1,0.1237242213493467,54
3127,2,4710,2579,2131,0,0,0,1.0,1,1.0,1,1.0,1,0.14430694026944144,53
3128,0,4710,2579,2131,0,0,0,1.0,1,1.0,1,1.0,1,0.12861092693718681,52
3129,2,4712,2581,2131,0,0,0,1.0,1,1.0,1,1.0,1,0.14324282136240835,51
3130,0,4712,2581,2131,0,0,0,1.0,1,1.0,1,1.0,1,0.12923440120983076,50
3131,3,4715,2583,2132,0,0,0,1.0,1,1.0,1,1.0,1,0.16670949143687697,50
3132,1,4716,2584,2132,0,0,0,1.0,1,1.0,1,1.0,1,0.1271057608215175,49
3133,0,4716,2584,2132,0,0,0,1.0,1,1.0,1,1.0,1,0.1271057608215175,49
3134,0,4716,2584,2132,0,0,0,1.0,1,1.0,1,1.0,1,0.12400457196659387,46
3135,2,4718,2586,2132,0,0,0,1.0,1,1.0,1,1.0,1,0.1651310121605104,47
3136,2,4720,2588,2132,0,0,0,1.0,1,1.0,1,1.0,1,0.1214684350740393,46
3137,1,4721,2589,2132,0,0,0,1.0,1,1.0,1,1.0,1,0.16060054606758575,49
3138,1,4722,2590,2132,0,0,0,1.0,1,1.0,1,1.0,1,0.18796148820584838,49
3139,2,4724,2592,2132,0,0,0,1.0,1,1.0,1,1.0,1,0.20385160065852723,50
3140,3,4727,2593,2134,0,0,0,1.0,1,1.0,1,1.0,1,0.20454519527336468,51
3141,0,4727,2593,2134,0,0,0,1.0,1,1.0,1,1.0,1,0.21816630247822114,50
3142,1,4728,2594,2134,0,0,0,1.0,1,1.0,1,1.0,1,0.20503783161383232,50
3143,1,4729,2594,2135,0,0,0,1.0,1,1.0,1,1.0,1,0.2144998404251343,49
3144,0,4729,2594,2135,0,0,0,1.0,1,1.0,1,1.0,1,0.2144998404251343,49
3145,2,4731,2594,2137,0,0,0,1.0,1,1.0,1,1.0,1,0.25521922376436923,48
3146,0,4731,2594,2137,0,0,0,1.0,1,1.0,1,1.0,1,0.24191018570358858,49
3147,2,4733,2596,2137,0,0,0,1.0,1,1.0,1,1.0,1,0.2629662591486046,48
3148,2,4735,2598,2137,0,0,0,1.0,1,1.0,1,1.0,1,0.23243364128336544,48
3149,2,4737,2600,2137,0,0,0,1.0,1,1.0,1,1.0,1,0.22627269038337372,47
3150,2,4739,2602,2137,0,0,0,1.0,1,1.0,1,1.0,1,0.2103386213932707,47
3151,8,4747,2602,2145,0,0,0,1.0,1,1.0,1,1.0,1,0.14319029275841447,48
3152,0,4747,2602,2145,0,0,0,1.0,1,1.0,1,1.0,1,0.15353094436920942,47
3153,0,4747,2602,2145,0,0,0,1.0,1,1.0,1,1.0,1,0.15353094436920942,47
3154,2,4749,2603,2146,0,0,0,1.0,1,1.0,1,1.0,1,0.1552221968283558,48
3155,1,4750,2603,2147,0,0,0,1.0,1,1.0,1,1.0,1,0.13122759759799607,48
3156,0,4750,2603,2147,0,0,0,1.0,1,1.0,1,1.0,1,0.13875886974119317,48
3157,0,4750,2603,2147,0,0,0,1.0,1,1.0,1,1.0,1,0.16969752896118026,48
3158,0,4750,2603,2147,0,0,0,1.0,1,1.0,1,1.0,1,0.16969752896118026,48
3159,0,4750,2603,2147,0,0,0,1.0,1,1.0,1,1.0,1,0.16343176372406176,49
3160,2,4752,2603,2149,0,0,0,1.0,1,1.0,1,1.0,1,0.15355504012085014,51
3161,0,4752,2603,2149,0,0,0,1.0,1,1.0,1,1.0,1,0.1335827089526401,52
3162,1,4753,2604,2149,0,0,0,1.0,1,1.0,1,1.0,1,0.14767654550970077,51
3163,1,4754,2605,2149,0,0,0,1.0,1,1.0,1,1.0,1,0.1595747089612674,51
3164,2,4756,2606,2150,0,0,0,1.0,1,1.0,1,1.0,1,0.17645696225816437,52
3165,0,4756,2606,2150,0,0,0,1.0,1,1.0,1,1.0,1,0.15415809369469344,50
3166,0,4756,2606,2150,0,0,0,1.0,1,1.0,1,1.0,1,0.15415809369469344,50
3167,5,4761,2610,2151,0,0,0,1.0,1,1.0,1,1.0,1,0.1608200834554478,49
3168,1,4762,2611,2151,0,0,0,1.0,1,1.0,1,1.0,1,0.1786860713219334,47
3169,3,4765,2613,2152,0,0,0,1.0,1,1.0,1,1.0,1,0.18257142738019697,48
3170,2,4767,2615,2152,0,0,0,1.0,1,1.0,1,1.0,1,0.22222562639524465,47
3171,1,4768,2616,2152,0,0,0,1.0,1,1.0,1,1.0,1,0.22617879149385697,47
3172,2,4770,2617,2153,0,0,0,1.0,1,1.0,1,1.0,1,0.22852799239441687,46
3173,0,4770,2617,2153,0,0,0,1.0,1,1.0,1,1.0,1,0.18639638493905325,45
3174,0,4770,2617,2153,0,0,0,1.0,1,1.0,1,1.0,1,0.2071690066776963,43
3175,3,4773,2620,2153,0,0,0,1.0,1,1.0,1,1.0,1,0.18129604000694965,43
3176,3,4776,2620,2156,0,0,0,1.0,1,1.0,1,1.0,1,0.11278961489841562,44
3177,2,4778,2622,2156,0,0,0,1.0,1,1.0,1,1.0,1,0.11971554823101548,44
3178,0,4778,2622,2156,0,0,0,1.0,1,1.0,1,1.0,1,0.11159788579264623,47
3179,1,4779,2623,2156,0,0,0,1.0,1,1.0,1,1.0,1,0.14701189253601277,48
3180,0,4779,2623,2156,0,0,0,1.0,1,1.0,1,1.0,1,0.14701189253601277,48
3181,1,4780,2624,2156,0,0,0,1.0,1,1.0,1,1.0,1,0.11989374806571153,48
3182,1,4781,2624,2157,0,0,0,1.0,1,1.0,1,1.0,1,0.09413439824065399,51
3183,1,4782,2625,2157,0,0,0,1.0,1,1.0,1,1.0,1,0.08856906434664544,50
3184,1,4783,2626,2157,0,0,0,1.0,1,1.0,1,1.0,1,0.10289163533925672,50
3185,1,4784,2626,2158,0,0,0,1.0,1,1.0,1,1.0,1,0.11883293538054578,48
3186,1,4785,2627,2158,0,0,0,1.0,1,1.0,1,1.0,1,0.13332229723119457,48
3187,1,4786,2627,2159,0,0,0,1.0,1,1.0,1,1.0,1,0.1368280576563278,48
3188,1,4787,2628,2159,0,0,0,1.0,1,1.0,1,1.0,1,0.1559361294174509,48
3189,0,4787,2628,2159,0,0,0,1.0,1,1.0,1,1.0,1,0.16524412245579742,49
3190,0,4787,2628,2159,0,0,0,1.0,1,1.0,1,1.0,1,0.17692744439565158,51
3191,1,4788,2629,2159,0,0,0,1.0,1,1.0,1,1.0,1,0.1639382211046617,52
3192,1,4789,2630,2159,0,0,0,1.0,1,1.0,1,1.0,1,0.15142992989231183,52
3193,2,4791,2631,2160,0,0,0,1.0,1,1.0,1,1.0,1,0.15718661174297213,52
3194,3,4794,2632,2162,0,0,0,1.0,1,1.0,1,1.0,1,0.1226198782489049,54
3195,0,4794,2632,2162,0,0,0,1.0,1,1.0,1,1.0,1,0.1226198782489049,54
3196,2,4796,2634,2162,0,0,0,1.0,1,1.0,1,1.0,1,0.11221851333185469,54
3197,1,4797,2634,2163,0,0,0,1.0,1,1.0,1,1.0,1,0.08737388140823317,54
3198,2,4799,2636,2163,0,0,0,1.0,1,1.0,1,1.0,1,0.1031437232943167,54
3199,1,4800,2637,2163,0,0,0,1.0,1,1.0,1,1.0,1,0.10803110485381721,56
3200,2,4802,2638,2164,0,0,0,1.0,1,1.0,1,1.0,1,0.08644037718463617,56
3201,2,4804,2638,2166,0,0,0,1.0,1,1.0,1,1.0,1,0.06740461496626626,56
3202,2,4806,2640,2166,0,0,0,1.0,1,1.0,1,1.0,1,0.09287138536093974,57
3203,2,4808,2641,2167,0,0,0,1.0,1,1.0,1,1.0,1,0.08472932738446834,56
3204,0,4808,2641,2167,0,0,0,1.0,1,1.0,1,1.0,1,0.07884649308746354,55
3205,0,4808,2641,2167,0,0,0,1.0,1,1.0,1,1.0,1,0.08975135887994751,54
3206,7,4815,2645,2170,0,0,0,1.0,1,1.0,1,1.0,1,0.09598997708735756,56
3207,1,4816,2645,2171,0,0,0,1.0,1,1.0,1,1.0,1,0.12924199953013715,54
3208,4,4820,2647,2173,0,0,0,1.0,1,1.0,1,1.0,1,0.17095967926431954,53
3209,1,4821,2647,2174,0,0,0,1.0,1,1.0,1,1.0,1,0.15378867936613094,54
3210,4,4825,2649,2176,0,0,0,1.0,1,1.0,1,1.0,1,0.195803627987169,53
3211,4,4829,2650,2179,0,0,0,1.0,1,1.0,1,1.0,1,0.20062978396035244,53
3212,6,4835,2650,2185,0,0,0,1.0,1,1.0,1,1.0,1,0.20149608884536788,54
3213,5,4840,2650,2190,0,0,0,1.0,1,1.0,1,1.0,1,0.1897788752895175,54
3214,3,4843,2650,2193,0,0,0,1.0,1,1.0,1,1.0,1,0.1844504012609399,55
3215,4,4847,2651,2196,0,0,0,1.0,1,1.0,1,1.0,1,0.1560992371876392,55
3216,4,4851,2652,2199,0,0,0,1.0,1,1.0,1,1.0,1,0.1832736676005198,55
3217,10,4861,2655,2206,0,0,0,1.0,1,1.0,1,1.0,1,0.22679639982525515,54
3218,2,4863,2655,2208,0,0,0,1.0,1,1.0,1,1.0,1,0.20873407118685816,54
3219,5,4868,2656,2212,0,0,0,1.0,1,1.0,1,1.0,1,0.21611105351375257,55
3220,4,4872,2656,2216,0,0,0,1.0,1,1.0,1,1.0,1,0.1898576320859498,56
3221,3,4875,2656,2219,0,0,0,1.0,1,1.0,1,1.0,1,0.22105899801639048,57
3222,3,4878,2656,2222,0,0,0,1.0,1,1.0,1,1.0,1,0.19636027504140013,57
3223,3,4881,2656,2225,0,0,0,1.0,1,1.0,1,1.0,1,0.2066611292115756,56
3224,2,4883,2657,2226,0,0,0,1.0,1,1.0,1,1.0,1,0.17481799121057667,58
3225,1,4884,2658,2226,0,0,0,1.0,1,1.0,1,1.0,1,0.20608583364987965,55
3226,1,4885,2659,2226,0,0,0,1.0,1,1.0,1,1.0,1,0.18650980856580537,54
3227,1,4886,2660,2226,0,0,0,1.0,1,1.0,1,1.0,1,0.19219544066178484,53
3228,2,4888,2661,2227,0,0,0,1.0,1,1.0,1,1.0,1,0.14408254789631122,52
3229,0,4888,2661,2227,0,0,0,1.0,1,1.0,1,1.0,1,0.13341744496907398,52
3230,2,4890,2663,2227,0,0,0,1.0,1,1.0,1,1.0,1,0.13219226118168306,50
3231,1,4891,2664,2227,0,0,0,1.0,1,1.0,1,1.0,1,0.15376013280315748,50
3232,3,4894,2667,2227,0,0,0,1.0,1,1.0,1,1.0,1,0.17353175873707818,50
3233,0,4894,2667,2227,0,0,0,1.0,1,1.0,1,1.0,1,0.18248248224600974,50
3234,1,4895,2668,2227,0,0,0,1.0,1,1.0,1,1.0,1,0.20803307836329277,49
3235,2,4897,2670,2227,0,0,0,1.0,1,1.0,1,1.0,1,0.24609680135039808,49
3236,0,4897,2670,2227,0,0,0,1.0,1,1.0,1,1.0,1,0.23692236227676894,51
3237,0,4897,2670,2227,0,0,0,1.0,1,1.0,1,1.0,1,0.24409869644983836,53
3238,1,4898,2671,2227,0,0,0,1.0,1,1.0,1,1.0,1,0.26956922285143464,53
3239,0,4898,2671,2227,0,0,0,1.0,1,1.0,1,1.0,1,0.26956922285143464,53
3240,1,4899,2671,2228,0,0,0,1.0,1,1.0,1,1.0,1,0.25068450345152565,53
3241,0,4899,2671,2228,0,0,0,1.0,1,1.0,1,1.0,1,0.24456780485860527,53
3242,1,4900,2672,2228,0,0,0,1.0,1,1.0,1,1.0,1,0.2541042281164198,53
3243,1,4901,2672,2229,0,0,0,1.0,1,1.0,1,1.0,1,0.21095835388703174,56
3244,0,4901,2672,2229,0,0,0,1.0,1,1.0,1,1.0,1,0.2116011555682312,57
3245,1,4902,2672,2230,0,0,0,1.0,1,1.0,1,1.0,1,0.19493834702167373,59
3246,0,4902,2672,2230,0,0,0,1.0,1,1.0,1,1.0,1,0.19493834702167373,59
3247,1,4903,2673,2230,0,0,0,1.0,1,1.0,1,1.0,1,0.206133215023788,59
3248,1,4904,2673,2231,0,0,0,1.0,1,1.0,1,1.0,1,0.17490683875061605,59
3249,1,4905,2673,2232,0,0,0,1.0,1,1.0,1,1.0,1,0.16550490628572348,58
3250,0,4905,2673,2232,0,0,0,1.0,1,1.0,1,1.0,1,0.16550490628572348,58
3251,2,4907,2674,2233,0,0,0,1.0,1,1.0,1,1.0,1,0.17566955653569477,57
3252,0,4907,2674,2233,0,0,0,1.0,1,1.0,1,1.0,1,0.18706927378674273,57
3253,1,4908,2674,2234,0,0,0,1.0,1,1.0,1,1.0,1,0.1858704891313057,56
3254,1,4909,2674,2235,0,0,0,1.0,1,1.0,1,1.0,1,0.1527878208116217,57
3255,2,4911,2675,2236,0,0,0,1.0,1,1.0,1,1.0,1,0.15533132491303978,57
3256,2,4913,2675,2238,0,0,0,1.0,1,1.0,1,1.0,1,0.12791133698869764,57
3257,0,4913,2675,2238,0,0,0,1.0,1,1.0,1,1.0,1,0.12791133698869764,57
3258,4,4917,2677,2240,0,0,0,1.0,1,1.0,1,1.0,1,0.06588965778890898,58
3259,0,4917,2677,2240,0,0,0,1.0,1,1.0,1,1.0,1,0.06208977759395432,59
3260,3,4920,2680,2240,0,0,0,1.0,1,1.0,1,1.0,1,0.048995569086540416,60
3261,4,4924,2684,2240,0,0,0,1.0,1,1.0,1,1.0,1,0.08054945383400565,60
3262,5,4929,2689,2240,0,0,0,1.0,1,1.0,1,1.0,1,0.08247577780779486,61
3263,4,4933,2693,2240,0,0,0,1.0,1,1.0,1,1.0,1,0.06020594063332939,62
3264,2,4935,2695,2240,0,0,0,1.0,1,1.0,1,1.0,1,0.0754761935799248,60
3265,3,4938,2698,2240,0,0,0,1.0,1,1.0,1,1.0,1,0.08119677875906997,58
3266,3,4941,2701,2240,0,0,0,1.0,1,1.0,1,1.0,1,0.10240855158784026,59
3267,3,4944,2703,2241,0,0,0,1.0,1,1.0,1,1.0,1,0.14392840633376294,60
3268,2,4946,2704,2242,0,0,0,1.0,1,1.0,1,1.0,1,0.1733731157115209,58
3269,3,4949,2707,2242,0,0,0,1.0,1,1.0,1,1.0,1,0.0896843953941433,57
3270,2,4951,2708,2243,0,0,0,1.0,1,1.0,1,1.0,1,0.07140038664909326,56
3271,2,4953,2709,2244,0,0,0,1.0,1,1.0,1,1.0,1,0.07846813180339021,55
3272,4,4957,2710,2247,0,0,0,1.0,1,1.0,1,1.0,1,0.03683783145179941,55
3273,0,4957,2710,2247,0,0,0,1.0,1,1.0,1,1.0,1,0.03683783145179941,55
3274,0,4957,2710,2247,0,0,0,1.0,1,1.0,1,1.0,1,0.07256587246973363,55
3275,0,4957,2710,2247,0,0,0,1.0,1,1.0,1,1.0,1,0.07256587246973363,55
3276,2,4959,2710,2249,0,0,0,1.0,1,1.0,1,1.0,1,0.07147401194506198,55
3277,1,4960,2711,2249,0,0,0,1.0,1,1.0,1,1.0,1,0.05091187412087521,57
3278,1,4961,2712,2249,0,0,0,1.0,1,1.0,1,1.0,1,0.0408102602925313,56
3279,1,4962,2713,2249,0,0,0,1.0,1,1.0,1,1.0,1,0.03679819444912624,54
3280,0,4962,2713,2249,0,0,0,1.0,1,1.0,1,1.0,1,0.05283155182695518,53
3281,2,4964,2715,2249,0,0,0,1.0,1,1.0,1,1.0,1,0.09212843385961399,52
3282,0,4964,2715,2249,0,0,0,1.0,1,1.0,1,1.0,1,0.09211245134327017,50
3283,3,4967,2718,2249,0,0,0,1.0,1,1.0,1,1.0,1,0.10319649997329237,50
3284,4,4971,2722,2249,0,0,0,1.0,1,1.0,1,1.0,1,0.11919998919785799,47
3285,0,4971,2722,2249,0,0,0,1.0,1,1.0,1,1.0,1,0.10096209702843002,48
3286,6,4977,2727,2250,0,0,0,1.0,1,1.0,1,1.0,1,0.0770835605145374,46
3287,3,4980,2729,2251,0,0,0,1.0,1,1.0,1,1.0,1,0.12855227436154493,46
3288,4,4984,2732,2252,0,0,0,1.0,1,1.0,1,1.0,1,0.1719249642004907,46
3289,2,4986,2734,2252,0,0,0,1.0,1,1.0,1,1.0,1,0.18912066863185548,48
3290,3,4989,2736,2253,0,0,0,1.0,1,1.0,1,1.0,1,0.2081329897241885,48
3291,4,4993,2739,2254,0,0,0,1.0,1,1.0,1,1.0,1,0.14167437657292167,50
3292,1,4994,2740,2254,0,0,0,1.0,1,1.0,1,1.0,1,0.17653309882634757,50
3293,1,4995,2741,2254,0,0,0,1.0,1,1.0,1,1.0,1,0.13518323689611622,51
3294,3,4998,2743,2255,0,0,0,1.0,1,1.0,1,1.0,1,0.1257320736375139,50
3295,4,5002,2746,2256,0,0,0,1.0,1,1.0,1,1.0,1,0.16087825061337882,50
3296,3,5005,2747,2258,0,0,0,1.0,1,1.0,1,1.0,1,0.16522198072146066,50
3297,4,5009,2749,2260,0,0,0,1.0,1,1.0,1,1.0,1,0.08686283981765258,51
3298,1,5010,2750,2260,0,0,0,1.0,1,1.0,1,1.0,1,0.10487738268822279,52
3299,4,5014,2752,2262,0,0,0,1.0,1,1.0,1,1.0,1,0.08603881958032793,53
3300,1,5015,2752,2263,0,0,0,1.0,1,1.0,1,1.0,1,0.06658589875559626,53
3301,2,5017,2752,2265,0,0,0,1.0,1,1.0,1,1.0,1,0.028448382501886978,53
3302,2,5019,2754,2265,0,0,0,1.0,1,1.0,1,1.0,1,0.040157839911726494,53
3303,0,5019,2754,2265,0,0,0,1.0,1,1.0,1,1.0,1,0.05307024173433692,52
3304,0,5019,2754,2265,0,0,0,1.0,1,1.0,1,1.0,1,0.03504306874560422,52
3305,0,5019,2754,2265,0,0,0,1.0,1,1.0,1,1.0,1,0.06909801029320406,51
3306,0,5019,2754,2265,0,0,0,1.0,1,1.0,1,1.0,1,0.0378202860171533,51
3307,1,5020,2755,2265,0,0,0,1.0,1,1.0,1,1.0,1,0.05137702620072208,48
3308,1,5021,2756,2265,0,0,0,1.0,1,1.0,1,1.0,1,0.04591343531572392,48
3309,1,5022,2757,2265,0,0,0,1.0,1,1.0,1,1.0,1,0.06921483731589723,48
3310,1,5023,2758,2265,0,0,0,1.0,1,1.0,1,1.0,1,0.10795045232089799,47
3311,2,5025,2760,2265,0,0,0,1.0,1,1.0,1,1.0,1,0.13863614644383607,49
3312,1,5026,2761,2265,0,0,0,1.0,1,1.0,1,1.0,1,0.17788858422767043,48
3313,3,5029,2764,2265,0,0,0,1.0,1,1.0,1,1.0,1,0.21566332880555752,49
3314,2,5031,2766,2265,0,0,0,1.0,1,1.0,1,1.0,1,0.28641111227902905,47
3315,2,5033,2767,2266,0,0,0,1.0,1,1.0,1,1.0,1,0.31158074639238614,47
3316,0,5033,2767,2266,0,0,0,1.0,1,1.0,1,1.0,1,0.31158074639238614,47
3317,1,5034,2768,2266,0,0,0,1.0,1,1.0,1,1.0,1,0.2699151784810272,46
3318,0,5034,2768,2266,0,0,0,1.0,1,1.0,1,1.0,1,0.27178357115136126,45
3319,1,5035,2769,2266,0,0,0,1.0,1,1.0,1,1.0,1,0.2856102350526221,44
3320,3,5038,2772,2266,0,0,0,1.0,1,1.0,1,1.0,1,0.207782793128707,43
3321,1,5039,2773,2266,0,0,0,1.0,1,1.0,1,1.0,1,0.20181723456709558,43
3322,4,5043,2777,2266,0,0,0,1.0,1,1.0,1,1.0,1,0.2153594049471727,40
3323,3,5046,2780,2266,0,0,0,1.0,1,1.0,1,1.0,1,0.21621095540601754,40
3324,2,5048,2782,2266,0,0,0,1.0,1,1.0,1,1.0,1,0.2261251100343733,40
3325,2,5050,2784,2266,0,0,0,1.0,1,1.0,1,1.0,1,0.25151328057492517,40
3326,7,5057,2786,2271,0,0,0,1.0,1,1.0,1,1.0,1,0.14491021917415833,41
3327,1,5058,2787,2271,0,0,0,1.0,1,1.0,1,1.0,1,0.15031289468849948,39
3328,3,5061,2789,2272,0,0,0,1.0,1,1.0,1,1.0,1,0.15259208273283403,41
3329,1,5062,2789,2273,0,0,0,1.0,1,1.0,1,1.0,1,0.11265348157416906,39
3330,2,5064,2790,2274,0,0,0,1.0,1,1.0,1,1.0,1,0.10091196256658126,40
3331,0,5064,2790,2274,0,0,0,1.0,1,1.0,1,1.0,1,0.11364053478688801,38
3332,1,5065,2791,2274,0,0,0,1.0,1,1.0,1,1.0,1,0.16603212840873705,38
3333,0,5065,2791,2274,0,0,0,1.0,1,1.0,1,1.0,1,0.16603212840873705,38
3334,1,5066,2791,2275,0,0,0,1.0,1,1.0,1,1.0,1,0.14036064016923178,40
3335,0,5066,2791,2275,0,0,0,1.0,1,1.0,1,1.0,1,0.14036064016923178,40
3336,0,5066,2791,2275,0,0,0,1.0,1,1.0,1,1.0,1,0.163729234471122,39
3337,0,5066,2791,2275,0,0,0,1.0,1,1.0,1,1.0,1,0.15503071056699613,40
3338,3,5069,2794,2275,0,0,0,1.0,1,1.0,1,1.0,1,0.1485370369700978,41
3339,1,5070,2795,2275,0,0,0,1.0,1,1.0,1,1.0,1,0.12489550677228058,42
3340,4,5074,2797,2277,0,0,0,1.0,1,1.0,1,1.0,1,0.10640226134516242,43
3341,0,5074,2797,2277,0,0,0,1.0,1,1.0,1,1.0,1,0.10640226134516242,43
3342,1,5075,2798,2277,0,0,0,1.0,1,1.0,1,1.0,1,0.14728867843358007,44
3343,0,5075,2798,2277,0,0,0,1.0,1,1.0,1,1.0,1,0.14728867843358007,44
3344,2,5077,2798,2279,0,0,0,1.0,1,1.0,1,1.0,1,0.1582759877789058,44
3345,0,5077,2798,2279,0,0,0,1.0,1,1.0,1,1.0,1,0.17295123304863336,43
3346,0,5077,2798,2279,0,0,0,1.0,1,1.0,1,1.0,1,0.19835135478874596,42
3347,1,5078,2798,2280,0,0,0,1.0,1,1.0,1,1.0,1,0.1642381415407598,44
3348,1,5079,2798,2281,0,0,0,1.0,1,1.0,1,1.0,1,0.15816687843384145,45
3349,0,5079,2798,2281,0,0,0,1.0,1,1.0,1,1.0,1,0.15816687843384145,45
3350,0,5079,2798,2281,0,0,0,1.0,1,1.0,1,1.0,1,0.13741137060111952,46
3351,1,5080,2798,2282,0,0,0,1.0,1,1.0,1,1.0,1,0.12157079781771747,47
3352,1,5081,2799,2282,0,0,0,1.0,1,1.0,1,1.0,1,0.14279805043390154,47
3353,2,5083,2799,2284,0,0,0,1.0,1,1.0,1,1.0,1,0.1169027169719859,48
3354,1,5084,2800,2284,0,0,0,1.0,1,1.0,1,1.0,1,0.1430144343772949,48
3355,2,5086,2801,2285,0,0,0,1.0,1,1.0,1,1.0,1,0.1375804946714924,48
3356,0,5086,2801,2285,0,0,0,1.0,1,1.0,1,1.0,1,0.11391494494885246,48
3357,1,5087,2802,2285,0,0,0,1.0,1,1.0,1,1.0,1,0.11968020880664391,47
3358,1,5088,2803,2285,0,0,0,1.0,1,1.0,1,1.0,1,0.14123923928403687,46
3359,1,5089,2804,2285,0,0,0,1.0,1,1.0,1,1.0,1,0.15774562010116053,45
3360,2,5091,2806,2285,0,0,0,1.0,1,1.0,1,1.0,1,0.2090384661985658,44
3361,1,5092,2807,2285,0,0,0,1.0,1,1.0,1,1.0,1,0.23184898809545948,43
3362,2,5094,2808,2286,0,0,0,1.0,1,1.0,1,1.0,1,0.2645257074827817,42
3363,3,5097,2809,2288,0,0,0,1.0,1,1.0,1,1.0,1,0.274802963723695,41
3364,0,5097,2809,2288,0,0,0,1.0,1,1.0,1,1.0,1,0.25986923564089626,41
3365,0,5097,2809,2288,0,0,0,1.0,1,1.0,1,1.0,1,0.2606048217900974,41
3366,0,5097,2809,2288,0,0,0,1.0,1,1.0,1,1.0,1,0.24744657411964485,40
3367,0,5097,2809,2288,0,0,0,1.0,1,1.0,1,1.0,1,0.2315250818639357,39
3368,3,5100,2812,2288,0,0,0,1.0,1,1.0,1,1.0,1,0.17776760987681434,39
3369,0,5100,2812,2288,0,0,0,1.0,1,1.0,1,1.0,1,0.1614850188679005,40
3370,2,5102,2814,2288,0,0,0,1.0,1,1.0,1,1.0,1,0.11985135033785578,41
3371,1,5103,2815,2288,0,0,0,1.0,1,1.0,1,1.0,1,0.16477825971492732,41
3372,2,5105,2817,2288,0,0,0,1.0,1,1.0,1,1.0,1,0.1604952022893455,40
3373,0,5105,2817,2288,0,0,0,1.0,1,1.0,1,1.0,1,0.17109784637397868,41
3374,0,5105,2817,2288,0,0,0,1.0,1,1.0,1,1.0,1,0.17259091524736236,42
3375,0,5105,2817,2288,0,0,0,1.0,1,1.0,1,1.0,1,0.17047986614697475,44
3376,5,5110,2817,2293,0,0,0,1.0,1,1.0,1,1.0,1,0.09373679643399611,46
3377,0,5110,2817,2293,0,0,0,1.0,1,1.0,1,1.0,1,0.11868589925665181,47
3378,1,5111,2818,2293,0,0,0,1.0,1,1.0,1,1.0,1,0.12428471596741168,48
3379,1,5112,2818,2294,0,0,0,1.0,1,1.0,1,1.0,1,0.11386564706452802,48
3380,0,5112,2818,2294,0,0,0,1.0,1,1.0,1,1.0,1,0.11386564706452802,48
3381,0,5112,2818,2294,0,0,0,1.0,1,1.0,1,1.0,1,0.11386564706452802,48
3382,2,5114,2818,2296,0,0,0,1.0,1,1.0,1,1.0,1,0.12002727736912808,49
3383,0,5114,2818,2296,0,0,0,1.0,1,1.0,1,1.0,1,0.12880112598913074,47
3384,2,5116,2820,2296,0,0,0,1.0,1,1.0,1,1.0,1,0.1916469324739764,48
3385,2,5118,2820,2298,0,0,0,1.0,1,1.0,1,1.0,1,0.19261488564177856,47
3386,2,5120,2821,2299,0,0,0,1.0,1,1.0,1,1.0,1,0.21921292542640183,49
3387,0,5120,2821,2299,0,0,0,1.0,1,1.0,1,1.0,1,0.2287288840187633,48
3388,1,5121,2822,2299,0,0,0,1.0,1,1.0,1,1.0,1,0.26082947646232163,48
3389,4,5125,2822,2303,0,0,0,1.0,1,1.0,1,1.0,1,0.2594002425204295,50
3390,3,5128,2822,2306,0,0,0,1.0,1,1.0,1,1.0,1,0.22174838836075494,51
3391,2,5130,2823,2307,0,0,0,1.0,1,1.0,1,1.0,1,0.2441380856537304,51
3392,2,5132,2823,2309,0,0,0,1.0,1,1.0,1,1.0,1,0.23295820492126998,52
3393,6,5138,2824,2314,0,0,0,1.0,1,1.0,1,1.0,1,0.2081585111869704,52
3394,1,5139,2824,2315,0,0,0,1.0,1,1.0,1,1.0,1,0.21599579901578916,52
3395,1,5140,2825,2315,0,0,0,1.0,1,1.0,1,1.0,1,0.17982002542886566,50
3396,1,5141,2826,2315,0,0,0,1.0,1,1.0,1,1.0,1,0.15606414128126428,49
3397,2,5143,2827,2316,0,0,0,1.0,1,1.0,1,1.0,1,0.15068063867994105,49
3398,0,5143,2827,2316,0,0,0,1.0,1,1.0,1,1.0,1,0.14171262033587256,48
3399,1,5144,2828,2316,0,0,0,1.0,1,1.0,1,1.0,1,0.1451303320156712,49
3400,1,5145,2829,2316,0,0,0,1.0,1,1.0,1,1.0,1,0.1362562415679475,50
3401,2,5147,2829,2318,0,0,0,1.0,1,1.0,1,1.0,1,0.11522937085741432,51
3402,1,5148,2830,2318,0,0,0,1.0,1,1.0,1,1.0,1,0.12854844398582185,51
3403,2,5150,2832,2318,0,0,0,1.0,1,1.0,1,1.0,1,0.1538160928808444,51
3404,4,5154,2833,2321,0,0,0,1.0,1,1.0,1,1.0,1,0.12329027774462958,51
3405,1,5155,2834,2321,0,0,0,1.0,1,1.0,1,1.0,1,0.14688843744436386,51
3406,0,5155,2834,2321,0,0,0,1.0,1,1.0,1,1.0,1,0.16049682286227326,51
3407,3,5158,2836,2322,0,0,0,1.0,1,1.0,1,1.0,1,0.1518836344045436,52
3408,0,5158,2836,2322,0,0,0,1.0,1,1.0,1,1.0,1,0.16253570514931878,53
3409,1,5159,2837,2322,0,0,0,1.0,1,1.0,1,1.0,1,0.151275995949582,54
3410,2,5161,2838,2323,0,0,0,1.0,1,1.0,1,1.0,1,0.14707408948411846,54
3411,1,5162,2839,2323,0,0,0,1.0,1,1.0,1,1.0,1,0.14972247324318386,54
3412,1,5163,2840,2323,0,0,0,1.0,1,1.0,1,1.0,1,0.18497257072187565,55
3413,0,5163,2840,2323,0,0,0,1.0,1,1.0,1,1.0,1,0.18497257072187565,55
3414,0,5163,2840,2323,0,0,0,1.0,1,1.0,1,1.0,1,0.18114020879454884,55
3415,2,5165,2842,2323,0,0,0,1.0,1,1.0,1,1.0,1,0.20258742513626588,56
3416,2,5167,2842,2325,0,0,0,1.0,1,1.0,1,1.0,1,0.175133803234151,55
3417,1,5168,2842,2326,0,0,0,1.0,1,1.0,1,1.0,1,0.17866154128095202,56
3418,1,5169,2843,2326,0,0,0,1.0,1,1.0,1,1.0,1,0.20603136802060487,55
3419,1,5170,2843,2327,0,0,0,1.0,1,1.0,1,1.0,1,0.20819296655143976,56
3420,1,5171,2844,2327,0,0,0,1.0,1,1.0,1,1.0,1,0.22310851348103766,55
3421,1,5172,2844,2328,0,0,0,1.0,1,1.0,1,1.0,1,0.21814467375328067,57
3422,3,5175,2847,2328,0,0,0,1.0,1,1.0,1,1.0,1,0.20376716291561137,56
3423,2,5177,2849,2328,0,0,0,1.0,1,1.0,1,1.0,1,0.18859665638215914,56
3424,2,5179,2851,2328,0,0,0,1.0,1,1.0,1,1.0,1,0.1852482634170744,56
3425,0,5179,2851,2328,0,0,0,1.0,1,1.0,1,1.0,1,0.1852482634170744,56
3426,6,5185,2851,2334,0,0,0,1.0,1,1.0,1,1.0,1,0.12486080271479014,55
3427,2,5187,2851,2336,0,0,0,1.0,1,1.0,1,1.0,1,0.1271580232338111,55
3428,0,5187,2851,2336,0,0,0,1.0,1,1.0,1,1.0,1,0.13067078278100624,55
3429,1,5188,2852,2336,0,0,0,1.0,1,1.0,1,1.0,1,0.1635661406226697,54
3430,1,5189,2852,2337,0,0,0,1.0,1,1.0,1,1.0,1,0.14357292592430684,56
3431,1,5190,2853,2337,0,0,0,1.0,1,1.0,1,1.0,1,0.1406488610381082,54
3432,1,5191,2854,2337,0,0,0,1.0,1,1.0,1,1.0,1,0.16455625208545235,56
3433,1,5192,2855,2337,0,0,0,1.0,1,1.0,1,1.0,1,0.18543598981027778,53
3434,3,5195,2858,2337,0,0,0,1.0,1,1.0,1,1.0,1,0.1856961706961481,51
3435,2,5197,2860,2337,0,0,0,1.0,1,1.0,1,1.0,1,0.20890927806868084,51
3436,2,5199,2861,2338,0,0,0,1.0,1,1.0,1,1.0,1,0.17518325003801308,51
3437,2,5201,2863,2338,0,0,0,1.0,1,1.0,1,1.0,1,0.2034648023317372,53
3438,0,5201,2863,2338,0,0,0,1.0,1,1.0,1,1.0,1,0.15884470167994266,52
3439,2,5203,2865,2338,0,0,0,1.0,1,1.0,1,1.0,1,0.17395157729990052,54
3440,0,5203,2865,2338,0,0,0,1.0,1,1.0,1,1.0,1,0.15278314700086762,52
3441,0,5203,2865,2338,0,0,0,1.0,1,1.0,1,1.0,1,0.16417653705029,53
3442,2,5205,2866,2339,0,0,0,1.0,1,1.0,1,1.0,1,0.1261781510750013,53
3443,0,5205,2866,2339,0,0,0,1.0,1,1.0,1,1.0,1,0.13245947770859806,53
3444,1,5206,2867,2339,0,0,0,1.0,1,1.0,1,1.0,1,0.12999682817712144,52
3445,2,5208,2869,2339,0,0,0,1.0,1,1.0,1,1.0,1,0.12567538749125026,53
3446,2,5210,2870,2340,0,0,0,1.0,1,1.0,1,1.0,1,0.15529561824306362,53
3447,1,5211,2871,2340,0,0,0,1.0,1,1.0,1,1.0,1,0.14477707644852553,53
3448,2,5213,2873,2340,0,0,0,1.0,1,1.0,1,1.0,1,0.22804492082799405,52
3449,3,5216,2876,2340,0,0,0,1.0,1,1.0,1,1.0,1,0.21210425322623772,52
3450,3,5219,2878,2341,0,0,0,1.0,1,1.0,1,1.0,1,0.21370204875300253,52
3451,9,5228,2882,2346,0,0,0,1.0,1,1.0,1,1.0,1,0.1820853644496924,54
3452,2,5230,2883,2347,0,0,0,1.0,1,1.0,1,1.0,1,0.1629290381116063,54
3453,3,5233,2884,2349,0,0,0,1.0,1,1.0,1,1.0,1,0.13479058255937593,54
3454,1,5234,2884,2350,0,0,0,1.0,1,1.0,1,1.0,1,0.12646774999769103,57
3455,0,5234,2884,2350,0,0,0,1.0,1,1.0,1,1.0,1,0.12646774999769103,57
3456,0,5234,2884,2350,0,0,0,1.0,1,1.0,1,1.0,1,0.1360509401883721,58
3457,0,5234,2884,2350,0,0,0,1.0,1,1.0,1,1.0,1,0.15376321520916456,57
3458,0,5234,2884,2350,0,0,0,1.0,1,1.0,1,1.0,1,0.1541132161549642,57
3459,0,5234,2884,2350,0,0,0,1.0,1,1.0,1,1.0,1,0.1541132161549642,57
3460,0,5234,2884,2350,0,0,0,1.0,1,1.0,1,1.0,1,0.14881636176640764,58
3461,2,5236,2885,2351,0,0,0,1.0,1,1.0,1,1.0,1,0.14085739591154736,59
3462,2,5238,2886,2352,0,0,0,1.0,1,1.0,1,1.0,1,0.13012808945505583,59
3463,1,5239,2887,2352,0,0,0,1.0,1,1.0,1,1.0,1,0.12834071393667645,59
3464,1,5240,2887,2353,0,0,0,1.0,1,1.0,1,1.0,1,0.13872153457076764,59
3465,2,5242,2889,2353,0,0,0,1.0,1,1.0,1,1.0,1,0.1609330995200744,57
3466,2,5244,2891,2353,0,0,0,1.0,1,1.0,1,1.0,1,0.1123449844011388,57
3467,2,5246,2893,2353,0,0,0,1.0,1,1.0,1,1.0,1,0.1716657924103776,57
3468,1,5247,2894,2353,0,0,0,1.0,1,1.0,1,1.0,1,0.16098327406185445,57
3469,4,5251,2898,2353,0,0,0,1.0,1,1.0,1,1.0,1,0.15598112502008898,53
3470,2,5253,2900,2353,0,0,0,1.0,1,1.0,1,1.0,1,0.16919727928249428,50
3471,3,5256,2903,2353,0,0,0,1.0,1,1.0,1,1.0,1,0.20582707597512984,49
3472,1,5257,2904,2353,0,0,0,1.0,1,1.0,1,1.0,1,0.19619874528171297,47
3473,3,5260,2907,2353,0,0,0,1.0,1,1.0,1,1.0,1,0.23687116863421814,45
3474,1,5261,2908,2353,0,0,0,1.0,1,1.0,1,1.0,1,0.25061226083123783,42
3475,2,5263,2910,2353,0,0,0,1.0,1,1.0,1,1.0,1,0.3199332545298474,43
3476,10,5273,2913,2360,0,0,0,1.0,1,1.0,1,1.0,1,0.2109232123910797,41
3477,3,5276,2915,2361,0,0,0,1.0,1,1.0,1,1.0,1,0.16751928864290616,42
3478,2,5278,2917,2361,0,0,0,1.0,1,1.0,1,1.0,1,0.20253900459209037,40
3479,2,5280,2917,2363,0,0,0,1.0,1,1.0,1,1.0,1,0.1408091997381465,40
3480,1,5281,2918,2363,0,0,0,1.0,1,1.0,1,1.0,1,0.1444121072444251,40
3481,0,5281,2918,2363,0,0,0,1.0,1,1.0,1,1.0,1,0.15315556153068718,40
3482,0,5281,2918,2363,0,0,0,1.0,1,1.0,1,1.0,1,0.15315556153068718,40
3483,2,5283,2920,2363,0,0,0,1.0,1,1.0,1,1.0,1,0.20304716711420007,39
3484,0,5283,2920,2363,0,0,0,1.0,1,1.0,1,1.0,1,0.20304716711420007,39
3485,4,5287,2922,2365,0,0,0,1.0,1,1.0,1,1.0,1,0.27151724296145485,40
3486,2,5289,2922,2367,0,0,0,1.0,1,1.0,1,1.0,1,0.24466496596026965,41
3487,1,5290,2922,2368,0,0,0,1.0,1,1.0,1,1.0,1,0.2478453507650334,41
3488,0,5290,2922,2368,0,0,0,1.0,1,1.0,1,1.0,1,0.23240771822756914,42
3489,3,5293,2924,2369,0,0,0,1.0,1,1.0,1,1.0,1,0.18982053481568958,44
3490,0,5293,2924,2369,0,0,0,1.0,1,1.0,1,1.0,1,0.18982053481568958,44
3491,3,5296,2924,2372,0,0,0,1.0,1,1.0,1,1.0,1,0.16689523646066282,45
3492,0,5296,2924,2372,0,0,0,1.0,1,1.0,1,1.0,1,0.16689523646066282,45
3493,1,5297,2924,2373,0,0,0,1.0,1,1.0,1,1.0,1,0.19288400641968428,45
3494,2,5299,2925,2374,0,0,0,1.0,1,1.0,1,1.0,1,0.18228338432669988,45
3495,1,5300,2925,2375,0,0,0,1.0,1,1.0,1,1.0,1,0.19094707425806276,45
3496,0,5300,2925,2375,0,0,0,1.0,1,1.0,1,1.0,1,0.19954363986033663,46
3497,0,5300,2925,2375,0,0,0,1.0,1,1.0,1,1.0,1,0.1877195671575816,47
3498,2,5302,2926,2376,0,0,0,1.0,1,1.0,1,1.0,1,0.2249703953169736,48
3499,1,5303,2927,2376,0,0,0,1.0,1,1.0,1,1.0,1,0.23124598532693075,47
3500,1,5304,2927,2377,0,0,0,1.0,1,1.0,1,1.0,1,0.21621163044452454,50
3501,4,5308,2927,2381,0,0,0,1.0,1,1.0,1,1.0,1,0.1683731097410491,50
3502,0,5308,2927,2381,0,0,0,1.0,1,1.0,1,1.0,1,0.1683731097410491,50
3503,0,5308,2927,2381,0,0,0,1.0,1,1.0,1,1.0,1,0.1683731097410491,50
3504,2,5310,2929,2381,0,0,0,1.0,1,1.0,1,1.0,1,0.2252159437406745,47
3505,1,5311,2929,2382,0,0,0,1.0,1,1.0,1,1.0,1,0.22840471435645404,48
3506,0,5311,2929,2382,0,0,0,1.0,1,1.0,1,1.0,1,0.23331181008806054,49
3507,0,5311,2929,2382,0,0,0,1.0,1,1.0,1,1.0,1,0.22367980573072002,46
3508,2,5313,2931,2382,0,0,0,1.0,1,1.0,1,1.0,1,0.2897319167459374,47
3509,0,5313,2931,2382,0,0,0,1.0,1,1.0,1,1.0,1,0.2665680684798514,44
3510,1,5314,2932,2382,0,0,0,1.0,1,1.0,1,1.0,1,0.2989827764453788,45
3511,1,5315,2933,2382,0,0,0,1.0,1,1.0,1,1.0,1,0.2742501912727855,44
3512,0,5315,2933,2382,0,0,0,1.0,1,1.0,1,1.0,1,0.25473986733312276,42
3513,0,5315,2933,2382,0,0,0,1.0,1,1.0,1,1.0,1,0.25473986733312276,42
3514,0,5315,2933,2382,0,0,0,1.0,1,1.0,1,1.0,1,0.23942966745879696,42
3515,2,5317,2933,2384,0,0,0,1.0,1,1.0,1,1.0,1,0.2081105829230449,42
3516,0,5317,2933,2384,0,0,0,1.0,1,1.0,1,1.0,1,0.21117118706250557,41
3517,1,5318,2933,2385,0,0,0,1.0,1,1.0,1,1.0,1,0.2015826011769371,44
3518,0,5318,2933,2385,0,0,0,1.0,1,1.0,1,1.0,1,0.20764601386179066,43
3519,0,5318,2933,2385,0,0,0,1.0,1,1.0,1,1.0,1,0.20166763731485535,44
3520,0,5318,2933,2385,0,0,0,1.0,1,1.0,1,1.0,1,0.2147604814420454,45
3521,0,5318,2933,2385,0,0,0,1.0,1,1.0,1,1.0,1,0.2147604814420454,45
3522,0,5318,2933,2385,0,0,0,1.0,1,1.0,1,1.0,1,0.21054252573658275,46
3523,0,5318,2933,2385,0,0,0,1.0,1,1.0,1,1.0,1,0.21054252573658275,46
3524,0,5318,2933,2385,0,0,0,1.0,1,1.0,1,1.0,1,0.18767010558347294,47
3525,1,5319,2933,2386,0,0,0,1.0,1,1.0,1,1.0,1,0.19622693670843927,48
3526,2,5321,2933,2388,0,0,0,1.0,1,1.0,1,1.0,1,0.15383202692576334,49
3527,2,5323,2935,2388,0,0,0,1.0,1,1.0,1,1.0,1,0.2146307232111131,49
3528,2,5325,2935,2390,0,0,0,1.0,1,1.0,1,1.0,1,0.19954167110580265,51
3529,1,5326,2935,2391,0,0,0,1.0,1,1.0,1,1.0,1,0.19299459140663835,51
3530,1,5327,2935,2392,0,0,0,1.0,1,1.0,1,1.0,1,0.186433435652254,52
3531,0,5327,2935,2392,0,0,0,1.0,1,1.0,1,1.0,1,0.186433435652254,52
3532,0,5327,2935,2392,0,0,0,1.0,1,1.0,1,1.0,1,0.186433435652254,52
3533,0,5327,2935,2392,0,0,0,1.0,1,1.0,1,1.0,1,0.186433435652254,52
3534,0,5327,2935,2392,0,0,0,1.0,1,1.0,1,1.0,1,0.186433435652254,52
3535,0,5327,2935,2392,0,0,0,1.0,1,1.0,1,1.0,1,0.186433435652254,52
3536,2,5329,2935,2394,0,0,0,1.0,1,1.0,1,1.0,1,0.18846245149770915,54
3537,2,5331,2935,2396,0,0,0,1.0,1,1.0,1,1.0,1,0.18592705906360563,55
3538,2,5333,2935,2398,0,0,0,1.0,1,1.0,1,1.0,1,0.1895220586403651,55
3539,3,5336,2936,2400,0,0,0,1.0,1,1.0,1,1.0,1,0.15005547527375385,58
3540,3,5339,2939,2400,0,0,0,1.0,1,1.0,1,1.0,1,0.18075403151829122,59
3541,1,5340,2939,2401,0,0,0,1.0,1,1.0,1,1.0,1,0.17226256107485582,59
3542,3,5343,2941,2402,0,0,0,1.0,1,1.0,1,1.0,1,0.18167070123435397,61
3543,2,5345,2941,2404,0,0,0,1.0,1,1.0,1,1.0,1,0.17864756864311296,62
3544,2,5347,2943,2404,0,0,0,1.0,1,1.0,1,1.0,1,0.18591386877669197,59
3545,1,5348,2944,2404,0,0,0,1.0,1,1.0,1,1.0,1,0.20257660734577612,59
3546,0,5348,2944,2404,0,0,0,1.0,1,1.0,1,1.0,1,0.19331678017386672,57
3547,2,5350,2946,2404,0,0,0,1.0,1,1.0,1,1.0,1,0.20082945365816107,53
3548,0,5350,2946,2404,0,0,0,1.0,1,1.0,1,1.0,1,0.20082945365816107,53
3549,0,5350,2946,2404,0,0,0,1.0,1,1.0,1,1.0,1,0.18770491309318307,52
3550,0,5350,2946,2404,0,0,0,1.0,1,1.0,1,1.0,1,0.20106982486532868,51
3551,5,5355,2946,2409,0,0,0,1.0,1,1.0,1,1.0,1,0.14648497696611962,51
3552,2,5357,2946,2411,0,0,0,1.0,1,1.0,1,1.0,1,0.12062940218523278,51
3553,1,5358,2946,2412,0,0,0,1.0,1,1.0,1,1.0,1,0.122279827568988,49
3554,2,5360,2946,2414,0,0,0,1.0,1,1.0,1,1.0,1,0.08605209409377386,49
3555,3,5363,2946,2417,0,0,0,1.0,1,1.0,1,1.0,1,0.08899361867889655,51
3556,2,5365,2946,2419,0,0,0,1.0,1,1.0,1,1.0,1,0.07628148562662923,51
3557,1,5366,2946,2420,0,0,0,1.0,1,1.0,1,1.0,1,0.09212890192192195,52
3558,2,5368,2947,2421,0,0,0,1.0,1,1.0,1,1.0,1,0.10295349751492242,52
3559,0,5368,2947,2421,0,0,0,1.0,1,1.0,1,1.0,1,0.10295349751492242,52
3560,1,5369,2948,2421,0,0,0,1.0,1,1.0,1,1.0,1,0.08118545309903662,53
3561,2,5371,2949,2422,0,0,0,1.0,1,1.0,1,1.0,1,0.08837097500903587,54
3562,3,5374,2951,2423,0,0,0,1.0,1,1.0,1,1.0,1,0.11883812415169397,54
3563,2,5376,2952,2424,0,0,0,1.0,1,1.0,1,1.0,1,0.13234561264174396,55
3564,4,5380,2952,2428,0,0,0,1.0,1,1.0,1,1.0,1,0.11140197532324139,57
3565,1,5381,2952,2429,0,0,0,1.0,1,1.0,1,1.0,1,0.1284423463517452,56
3566,2,5383,2952,2431,0,0,0,1.0,1,1.0,1,1.0,1,0.1350168014408771,57
3567,2,5385,2952,2433,0,0,0,1.0,1,1.0,1,1.0,1,0.13862311654871537,57
3568,1,5386,2952,2434,0,0,0,1.0,1,1.0,1,1.0,1,0.12556366935178237,57
3569,4,5390,2953,2437,0,0,0,1.0,1,1.0,1,1.0,1,0.14419438089859773,57
3570,5,5395,2954,2441,0,0,0,1.0,1,1.0,1,1.0,1,0.19584990137168498,59
3571,5,5400,2954,2446,0,0,0,1.0,1,1.0,1,1.0,1,0.1904451757125654,60
3572,2,5402,2954,2448,0,0,0,1.0,1,1.0,1,1.0,1,0.15976685119771972,61
3573,3,5405,2954,2451,0,0,0,1.0,1,1.0,1,1.0,1,0.17522048430014053,62
3574,1,5406,2954,2452,0,0,0,1.0,1,1.0,1,1.0,1,0.1779681402035473,63
3575,1,5407,2954,2453,0,0,0,1.0,1,1.0,1,1.0,1,0.16780156164488547,63
3576,2,5409,2954,2455,0,0,0,1.0,1,1.0,1,1.0,1,0.14110159909169612,63
3577,0,5409,2954,2455,0,0,0,1.0,1,1.0,1,1.0,1,0.13295673978806255,64
3578,0,5409,2954,2455,0,0,0,1.0,1,1.0,1,1.0,1,0.12312080630223662,64
3579,0,5409,2954,2455,0,0,0,1.0,1,1.0,1,1.0,1,0.12312080630223662,64
3580,0,5409,2954,2455,0,0,0,1.0,1,1.0,1,1.0,1,0.13305847876801524,65
3581,0,5409,2954,2455,0,0,0,1.0,1,1.0,1,1.0,1,0.13074767816344257,68
3582,0,5409,2954,2455,0,0,0,1.0,1,1.0,1,1.0,1,0.1389474216532955,68
3583,5,5414,2958,2456,0,0,0,1.0,1,1.0,1,1.0,1,0.17321067190523412,65
3584,3,5417,2961,2456,0,0,0,1.0,1,1.0,1,1.0,1,0.21570274016218854,64
3585,3,5420,2963,2457,0,0,0,1.0,1,1.0,1,1.0,1,0.18832060833376124,64
3586,6,5426,2967,2459,0,0,0,1.0,1,1.0,1,1.0,1,0.19743536733186942,65
3587,2,5428,2968,2460,0,0,0,1.0,1,1.0,1,1.0,1,0.15196094922484002,64
3588,2,5430,2970,2460,0,0,0,1.0,1,1.0,1,1.0,1,0.15860701911433966,62
3589,4,5434,2973,2461,0,0,0,1.0,1,1.0,1,1.0,1,0.18463591356285983,63
3590,1,5435,2974,2461,0,0,0,1.0,1,1.0,1,1.0,1,0.19955093878448907,63
3591,1,5436,2975,2461,0,0,0,1.0,1,1.0,1,1.0,1,0.20565779271633375,62
3592,2,5438,2977,2461,0,0,0,1.0,1,1.0,1,1.0,1,0.1948421944218434,59
3593,0,5438,2977,2461,0,0,0,1.0,1,1.0,1,1.0,1,0.184988430457519,58
3594,0,5438,2977,2461,0,0,0,1.0,1,1.0,1,1.0,1,0.20413353002908347,57
3595,0,5438,2977,2461,0,0,0,1.0,1,1.0,1,1.0,1,0.2009125925581641,59
3596,2,5440,2979,2461,0,0,0,1.0,1,1.0,1,1.0,1,0.1919977628632509,57
3597,0,5440,2979,2461,0,0,0,1.0,1,1.0,1,1.0,1,0.21639894896161807,57
3598,0,5440,2979,2461,0,0,0,1.0,1,1.0,1,1.0,1,0.21639894896161807,57
3599,1,5441,2980,2461,0,0,0,1.0,1,1.0,1,1.0,1,0.20712083092150796,58
3600,1,5442,2981,2461,0,0,0,1.0,1,1.0,1,1.0,1,0.21788659593723786,58
3601,10,5452,2983,2469,0,0,0,1.0,1,1.0,1,1.0,1,0.13455048483584708,58
3602,0,5452,2983,2469,0,0,0,1.0,1,1.0,1,1.0,1,0.12265301572264599,60
3603,1,5453,2984,2469,0,0,0,1.0,1,1.0,1,1.0,1,0.1321657556986623,60
3604,2,5455,2985,2470,0,0,0,1.0,1,1.0,1,1.0,1,0.12900138514894718,60
3605,3,5458,2987,2471,0,0,0,1.0,1,1.0,1,1.0,1,0.1518666276760222,61
3606,3,5461,2989,2472,0,0,0,1.0,1,1.0,1,1.0,1,0.13692078106153452,63
3607,0,5461,2989,2472,0,0,0,1.0,1,1.0,1,1.0,1,0.13692078106153452,63
3608,2,5463,2989,2474,0,0,0,1.0,1,1.0,1,1.0,1,0.12231840318184967,64
3609,0,5463,2989,2474,0,0,0,1.0,1,1.0,1,1.0,1,0.12979024957495325,66
3610,2,5465,2991,2474,0,0,0,1.0,1,1.0,1,1.0,1,0.14718424959551135,67
3611,2,5467,2993,2474,0,0,0,1.0,1,1.0,1,1.0,1,0.17084401005100958,67
3612,3,5470,2994,2476,0,0,0,1.0,1,1.0,1,1.0,1,0.17572103695440758,66
3613,0,5470,2994,2476,0,0,0,1.0,1,1.0,1,1.0,1,0.17572103695440758,66
3614,1,5471,2995,2476,0,0,0,1.0,1,1.0,1,1.0,1,0.18636263000294956,65
3615,0,5471,2995,2476,0,0,0,1.0,1,1.0,1,1.0,1,0.17150075507505036,65
3616,0,5471,2995,2476,0,0,0,1.0,1,1.0,1,1.0,1,0.17150075507505036,65
3617,1,5472,2995,2477,0,0,0,1.0,1,1.0,1,1.0,1,0.15839719829974405,66
3618,1,5473,2995,2478,0,0,0,1.0,1,1.0,1,1.0,1,0.14544141046488832,66
3619,3,5476,2996,2480,0,0,0,1.0,1,1.0,1,1.0,1,0.16286434801213703,65
3620,4,5480,2997,2483,0,0,0,1.0,1,1.0,1,1.0,1,0.18261814798287257,66
3621,4,5484,3000,2484,0,0,0,1.0,1,1.0,1,1.0,1,0.15716274408250314,65
3622,0,5484,3000,2484,0,0,0,1.0,1,1.0,1,1.0,1,0.15563188945330242,65
3623,1,5485,3001,2484,0,0,0,1.0,1,1.0,1,1.0,1,0.17103841943997827,62
3624,4,5489,3005,2484,0,0,0,1.0,1,1.0,1,1.0,1,0.1892082149052558,62
3625,4,5493,3008,2485,0,0,0,1.0,1,1.0,1,1.0,1,0.1988099168658541,61
3626,6,5499,3010,2489,0,0,0,1.0,1,1.0,1,1.0,1,0.1401438241428371,58
3627,5,5504,3012,2492,0,0,0,1.0,1,1.0,1,1.0,1,0.12374109827703832,58
3628,0,5504,3012,2492,0,0,0,1.0,1,1.0,1,1.0,1,0.10499441654967523,57
3629,1,5505,3012,2493,0,0,0,1.0,1,1.0,1,1.0,1,0.14708581834476095,57
3630,2,5507,3014,2493,0,0,0,1.0,1,1.0,1,1.0,1,0.08963326627515528,56
3631,1,5508,3015,2493,0,0,0,1.0,1,1.0,1,1.0,1,0.11016865028052654,54
3632,1,5509,3016,2493,0,0,0,1.0,1,1.0,1,1.0,1,0.10177757866350205,52
3633,1,5510,3017,2493,0,0,0,1.0,1,1.0,1,1.0,1,0.12802230006037968,52
3634,1,5511,3018,2493,0,0,0,1.0,1,1.0,1,1.0,1,0.1391476194907683,49
3635,1,5512,3019,2493,0,0,0,1.0,1,1.0,1,1.0,1,0.19227123709953373,47
3636,0,5512,3019,2493,0,0,0,1.0,1,1.0,1,1.0,1,0.2120960484440982,48
3637,4,5516,3022,2494,0,0,0,1.0,1,1.0,1,1.0,1,0.262874070565962,49
3638,1,5517,3022,2495,0,0,0,1.0,1,1.0,1,1.0,1,0.25523744881889054,50
3639,3,5520,3024,2496,0,0,0,1.0,1,1.0,1,1.0,1,0.2576327464484087,52
3640,1,5521,3025,2496,0,0,0,1.0,1,1.0,1,1.0,1,0.2820307839257462,52
3641,2,5523,3026,2497,0,0,0,1.0,1,1.0,1,1.0,1,0.2790824526252547,52
3642,1,5524,3026,2498,0,0,0,1.0,1,1.0,1,1.0,1,0.268621118929477,52
3643,0,5524,3026,2498,0,0,0,1.0,1,1.0,1,1.0,1,0.268621118929477,52
3644,0,5524,3026,2498,0,0,0,1.0,1,1.0,1,1.0,1,0.268621118929477,52
3645,1,5525,3027,2498,0,0,0,1.0,1,1.0,1,1.0,1,0.25681692683034246,53
3646,0,5525,3027,2498,0,0,0,1.0,1,1.0,1,1.0,1,0.25681692683034246,53
3647,1,5526,3027,2499,0,0,0,1.0,1,1.0,1,1.0,1,0.2430010275327807,55
3648,1,5527,3027,2500,0,0,0,1.0,1,1.0,1,1.0,1,0.23821757329925392,57
3649,1,5528,3028,2500,0,0,0,1.0,1,1.0,1,1.0,1,0.22774757795345454,57
3650,1,5529,3028,2501,0,0,0,1.0,1,1.0,1,1.0,1,0.21863438016217457,59
3651,6,5535,3028,2507,0,0,0,1.0,1,1.0,1,1.0,1,0.13486558383554004,59
3652,0,5535,3028,2507,0,0,0,1.0,1,1.0,1,1.0,1,0.13486558383554004,59
3653,0,5535,3028,2507,0,0,0,1.0,1,1.0,1,1.0,1,0.13486558383554004,59
3654,0,5535,3028,2507,0,0,0,1.0,1,1.0,1,1.0,1,0.13486558383554004,59
3655,1,5536,3028,2508,0,0,0,1.0,1,1.0,1,1.0,1,0.11956285394059643,62
3656,0,5536,3028,2508,0,0,0,1.0,1,1.0,1,1.0,1,0.11956285394059643,62
3657,1,5537,3028,2509,0,0,0,1.0,1,1.0,1,1.0,1,0.12249211348020199,63
3658,2,5539,3029,2510,0,0,0,1.0,1,1.0,1,1.0,1,0.14224192034035785,63
3659,3,5542,3030,2512,0,0,0,1.0,1,1.0,1,1.0,1,0.1451865441752677,62
3660,3,5545,3032,2513,0,0,0,1.0,1,1.0,1,1.0,1,0.1613050828385177,62
3661,1,5546,3033,2513,0,0,0,1.0,1,1.0,1,1.0,1,0.15758230091397063,61
3662,3,5549,3034,2515,0,0,0,1.0,1,1.0,1,1.0,1,0.15938293063143621,60
3663,3,5552,3036,2516,0,0,0,1.0,1,1.0,1,1.0,1,0.17592686196189217,61
3664,1,5553,3037,2516,0,0,0,1.0,1,1.0,1,1.0,1,0.1722654596937626,58
3665,4,5557,3040,2517,0,0,0,1.0,1,1.0,1,1.0,1,0.19760817326869848,58
3666,0,5557,3040,2517,0,0,0,1.0,1,1.0,1,1.0,1,0.1797313786737482,58
3667,2,5559,3042,2517,0,0,0,1.0,1,1.0,1,1.0,1,0.16429030910580603,58
3668,0,5559,3042,2517,0,0,0,1.0,1,1.0,1,1.0,1,0.16936577783216042,58
3669,1,5560,3043,2517,0,0,0,1.0,1,1.0,1,1.0,1,0.14765177922235292,57
3670,1,5561,3044,2517,0,0,0,1.0,1,1.0,1,1.0,1,0.18682322604610185,56
3671,1,5562,3045,2517,0,0,0,1.0,1,1.0,1,1.0,1,0.2221620696113124,57
3672,2,5564,3046,2518,0,0,0,1.0,1,1.0,1,1.0,1,0.24665651758107565,57
3673,0,5564,3046,2518,0,0,0,1.0,1,1.0,1,1.0,1,0.23240181186296455,58
3674,0,5564,3046,2518,0,0,0,1.0,1,1.0,1,1.0,1,0.24412987991178817,57
3675,2,5566,3046,2520,0,0,0,1.0,1,1.0,1,1.0,1,0.24180851429559436,58
3676,7,5573,3047,2526,0,0,0,1.0,1,1.0,1,1.0,1,0.19572221096702147,59
3677,0,5573,3047,2526,0,0,0,1.0,1,1.0,1,1.0,1,0.1870592174804097,60
3678,2,5575,3047,2528,0,0,0,1.0,1,1.0,1,1.0,1,0.19013285669146213,62
3679,0,5575,3047,2528,0,0,0,1.0,1,1.0,1,1.0,1,0.19013285669146213,62
3680,0,5575,3047,2528,0,0,0,1.0,1,1.0,1,1.0,1,0.1709143694675472,63
3681,0,5575,3047,2528,0,0,0,1.0,1,1.0,1,1.0,1,0.17905352926669757,64
3682,0,5575,3047,2528,0,0,0,1.0,1,1.0,1,1.0,1,0.17905352926669757,64
3683,0,5575,3047,2528,0,0,0,1.0,1,1.0,1,1.0,1,0.17905352926669757,64
3684,1,5576,3048,2528,0,0,0,1.0,1,1.0,1,1.0,1,0.19807441160050485,64
3685,0,5576,3048,2528,0,0,0,1.0,1,1.0,1,1.0,1,0.19807441160050485,64
3686,1,5577,3049,2528,0,0,0,1.0,1,1.0,1,1.0,1,0.20197810015502343,65
3687,0,5577,3049,2528,0,0,0,1.0,1,1.0,1,1.0,1,0.20197810015502343,65
3688,2,5579,3049,2530,0,0,0,1.0,1,1.0,1,1.0,1,0.2106773509148877,66
3689,2,5581,3049,2532,0,0,0,1.0,1,1.0,1,1.0,1,0.2106773509148877,66
3690,5,5586,3049,2537,0,0,0,1.0,1,1.0,1,1.0,1,0.2117597692716172,67
3691,3,5589,3049,2540,0,0,0,1.0,1,1.0,1,1.0,1,0.18285262666164148,68
3692,4,5593,3049,2544,0,0,0,1.0,1,1.0,1,1.0,1,0.17734656563710874,69
3693,2,5595,3049,2546,0,0,0,1.0,1,1.0,1,1.0,1,0.18385174063208842,69
3694,5,5600,3050,2550,0,0,0,1.0,1,1.0,1,1.0,1,0.18916618281900602,70
3695,6,5606,3050,2556,0,0,0,1.0,1,1.0,1,1.0,1,0.18916618281900602,70
3696,8,5614,3052,2562,0,0,0,1.0,1,1.0,1,1.0,1,0.17453673653904653,71
3697,8,5622,3054,2568,0,0,0,1.0,1,1.0,1,1.0,1,0.1837135735669679,70
3698,2,5624,3054,2570,0,0,0,1.0,1,1.0,1,1.0,1,0.1810420707026273,70
3699,3,5627,3055,2572,0,0,0,1.0,1,1.0,1,1.0,1,0.16071368063851293,70
3700,5,5632,3058,2574,0,0,0,1.0,1,1.0,1,1.0,1,0.1845409444528202,68
3701,1,5633,3059,2574,0,0,0,1.0,1,1.0,1,1.0,1,0.21665863120163184,69
3702,1,5634,3060,2574,0,0,0,1.0,1,1.0,1,1.0,1,0.22747531539474983,69
3703,2,5636,3061,2575,0,0,0,1.0,1,1.0,1,1.0,1,0.25206158265600814,70
3704,3,5639,3063,2576,0,0,0,1.0,1,1.0,1,1.0,1,0.2701232141158521,69
3705,2,5641,3063,2578,0,0,0,1.0,1,1.0,1,1.0,1,0.2448054049578677,69
3706,4,5645,3066,2579,0,0,0,1.0,1,1.0,1,1.0,1,0.23364001033518006,69
3707,0,5645,3066,2579,0,0,0,1.0,1,1.0,1,1.0,1,0.21716468280389792,67
3708,1,5646,3067,2579,0,0,0,1.0,1,1.0,1,1.0,1,0.19585974813407683,67
3709,0,5646,3067,2579,0,0,0,1.0,1,1.0,1,1.0,1,0.19585974813407683,67
3710,2,5648,3069,2579,0,0,0,1.0,1,1.0,1,1.0,1,0.18789534892439289,67
3711,0,5648,3069,2579,0,0,0,1.0,1,1.0,1,1.0,1,0.1948556807928187,68
3712,1,5649,3070,2579,0,0,0,1.0,1,1.0,1,1.0,1,0.20260181705990435,68
3713,3,5652,3071,2581,0,0,0,1.0,1,1.0,1,1.0,1,0.17993031578356986,68
3714,0,5652,3071,2581,0,0,0,1.0,1,1.0,1,1.0,1,0.19661374587723043,67
3715,1,5653,3071,2582,0,0,0,1.0,1,1.0,1,1.0,1,0.18939386015354154,68
3716,1,5654,3071,2583,0,0,0,1.0,1,1.0,1,1.0,1,0.19313749199773697,67
3717,1,5655,3072,2583,0,0,0,1.0,1,1.0,1,1.0,1,0.22472027106896875,68
3718,1,5656,3072,2584,0,0,0,1.0,1,1.0,1,1.0,1,0.22671724727664067,68
3719,1,5657,3073,2584,0,0,0,1.0,1,1.0,1,1.0,1,0.2685484336729499,68
3720,0,5657,3073,2584,0,0,0,1.0,1,1.0,1,1.0,1,0.2685484336729499,68
3721,3,5660,3076,2584,0,0,0,1.0,1,1.0,1,1.0,1,0.22374284396690416,70
3722,1,5661,3076,2585,0,0,0,1.0,1,1.0,1,1.0,1,0.2264656656396293,71
3723,3,5664,3077,2587,0,0,0,1.0,1,1.0,1,1.0,1,0.20662473776425,71
3724,0,5664,3077,2587,0,0,0,1.0,1,1.0,1,1.0,1,0.20118721124579866,72
3725,3,5667,3080,2587,0,0,0,1.0,1,1.0,1,1.0,1,0.23610614901166377,72
3726,7,5674,3080,2594,0,0,0,1.0,1,1.0,1,1.0,1,0.18994668113372973,71
3727,2,5676,3081,2595,0,0,0,1.0,1,1.0,1,1.0,1,0.2066437549156597,71
3728,3,5679,3081,2598,0,0,0,1.0,1,1.0,1,1.0,1,0.19794088040871355,70
3729,0,5679,3081,2598,0,0,0,1.0,1,1.0,1,1.0,1,0.19794088040871355,70
3730,2,5681,3082,2599,0,0,0,1.0,1,1.0,1,1.0,1,0.22145269474437607,71
3731,0,5681,3082,2599,0,0,0,1.0,1,1.0,1,1.0,1,0.22145269474437607,71
3732,0,5681,3082,2599,0,0,0,1.0,1,1.0,1,1.0,1,0.21666685635232236,72
3733,1,5682,3083,2599,0,0,0,1.0,1,1.0,1,1.0,1,0.230960637906996,73
3734,3,5685,3084,2601,0,0,0,1.0,1,1.0,1,1.0,1,0.24227619333642167,74
3735,2,5687,3085,2602,0,0,0,1.0,1,1.0,1,1.0,1,0.2415597092386223,72
3736,0,5687,3085,2602,0,0,0,1.0,1,1.0,1,1.0,1,0.21962438485941269,72
3737,2,5689,3085,2604,0,0,0,1.0,1,1.0,1,1.0,1,0.20058996925534736,73
3738,0,5689,3085,2604,0,0,0,1.0,1,1.0,1,1.0,1,0.18821890472115585,72
3739,0,5689,3085,2604,0,0,0,1.0,1,1.0,1,1.0,1,0.18235067737202373,73
3740,1,5690,3085,2605,0,0,0,1.0,1,1.0,1,1.0,1,0.17065727124476066,70
3741,0,5690,3085,2605,0,0,0,1.0,1,1.0,1,1.0,1,0.17065727124476066,70
3742,0,5690,3085,2605,0,0,0,1.0,1,1.0,1,1.0,1,0.17065727124476066,70
3743,0,5690,3085,2605,0,0,0,1.0,1,1.0,1,1.0,1,0.21010630633606728,69
3744,3,5693,3087,2606,0,0,0,1.0,1,1.0,1,1.0,1,0.2461543753708364,69
3745,0,5693,3087,2606,0,0,0,1.0,1,1.0,1,1.0,1,0.24363196766686365,68
3746,0,5693,3087,2606,0,0,0,1.0,1,1.0,1,1.0,1,0.2665125368294773,66
3747,1,5694,3088,2606,0,0,0,1.0,1,1.0,1,1.0,1,0.2590302455948306,66
3748,1,5695,3089,2606,0,0,0,1.0,1,1.0,1,1.0,1,0.23760764471268064,65
3749,0,5695,3089,2606,0,0,0,1.0,1,1.0,1,1.0,1,0.24329079634847756,64
3750,2,5697,3091,2606,0,0,0,1.0,1,1.0,1,1.0,1,0.25407753954375795,63
3751,7,5704,3091,2613,0,0,0,1.0,1,1.0,1,1.0,1,0.16836213822631496,64
3752,2,5706,3091,2615,0,0,0,1.0,1,1.0,1,1.0,1,0.1669249263320929,64
3753,2,5708,3091,2617,0,0,0,1.0,1,1.0,1,1.0,1,0.1731172233841114,65
3754,2,5710,3092,2618,0,0,0,1.0,1,1.0,1,1.0,1,0.18590197432660766,65
3755,3,5713,3093,2620,0,0,0,1.0,1,1.0,1,1.0,1,0.20320558926127366,65
3756,0,5713,3093,2620,0,0,0,1.0,1,1.0,1,1.0,1,0.21168446865491633,65
3757,4,5717,3095,2622,0,0,0,1.0,1,1.0,1,1.0,1,0.2338328114068237,65
3758,0,5717,3095,2622,0,0,0,1.0,1,1.0,1,1.0,1,0.24311949652776838,64
3759,1,5718,3096,2622,0,0,0,1.0,1,1.0,1,1.0,1,0.2598463381744263,64
3760,2,5720,3098,2622,0,0,0,1.0,1,1.0,1,1.0,1,0.2716436184832124,63
3761,0,5720,3098,2622,0,0,0,1.0,1,1.0,1,1.0,1,0.2716436184832124,63
3762,2,5722,3099,2623,0,0,0,1.0,1,1.0,1,1.0,1,0.25276877941058024,65
3763,1,5723,3099,2624,0,0,0,1.0,1,1.0,1,1.0,1,0.2437079353393959,65
3764,1,5724,3100,2624,0,0,0,1.0,1,1.0,1,1.0,1,0.2417560382496507,66
3765,1,5725,3100,2625,0,0,0,1.0,1,1.0,1,1.0,1,0.24213750402034073,67
3766,1,5726,3101,2625,0,0,0,1.0,1,1.0,1,1.0,1,0.24720691687576493,67
3767,0,5726,3101,2625,0,0,0,1.0,1,1.0,1,1.0,1,0.23597793903796324,68
3768,5,5731,3103,2628,0,0,0,1.0,1,1.0,1,1.0,1,0.2743764927139629,67
3769,0,5731,3103,2628,0,0,0,1.0,1,1.0,1,1.0,1,0.25333227801678204,69
3770,0,5731,3103,2628,0,0,0,1.0,1,1.0,1,1.0,1,0.25333227801678204,69
3771,1,5732,3104,2628,0,0,0,1.0,1,1.0,1,1.0,1,0.28375410227566455,69
3772,0,5732,3104,2628,0,0,0,1.0,1,1.0,1,1.0,1,0.2889499555003223,70
3773,1,5733,3105,2628,0,0,0,1.0,1,1.0,1,1.0,1,0.3130618914711957,68
3774,1,5734,3106,2628,0,0,0,1.0,1,1.0,1,1.0,1,0.3040970761916807,68
3775,2,5736,3108,2628,0,0,0,1.0,1,1.0,1,1.0,1,0.32510590807194056,68
3776,11,5747,3109,2638,0,0,0,1.0,1,1.0,1,1.0,1,0.23308432758415912,66
3777,2,5749,3109,2640,0,0,0,1.0,1,1.0,1,1.0,1,0.21190361320212953,65
3778,1,5750,3109,2641,0,0,0,1.0,1,1.0,1,1.0,1,0.18895522601287584,65
3779,2,5752,3110,2642,0,0,0,1.0,1,1.0,1,1.0,1,0.2207143638501493,65
3780,1,5753,3110,2643,0,0,0,1.0,1,1.0,1,1.0,1,0.20230470359530114,64
3781,1,5754,3110,2644,0,0,0,1.0,1,1.0,1,1.0,1,0.2100954241570288,64
3782,2,5756,3110,2646,0,0,0,1.0,1,1.0,1,1.0,1,0.2036821222382981,67
3783,2,5758,3110,2648,0,0,0,1.0,1,1.0,1,1.0,1,0.20129817447157755,65
3784,2,5760,3110,2650,0,0,0,1.0,1,1.0,1,1.0,1,0.20286612903097845,65
3785,1,5761,3111,2650,0,0,0,1.0,1,1.0,1,1.0,1,0.23498754515137518,63
3786,0,5761,3111,2650,0,0,0,1.0,1,1.0,1,1.0,1,0.22446976282902992,66
3787,3,5764,3112,2652,0,0,0,1.0,1,1.0,1,1.0,1,0.23885099277743302,65
3788,1,5765,3113,2652,0,0,0,1.0,1,1.0,1,1.0,1,0.24820340463240376,65
3789,3,5768,3114,2654,0,0,0,1.0,1,1.0,1,1.0,1,0.25773625896033003,65
3790,1,5769,3115,2654,0,0,0,1.0,1,1.0,1,1.0,1,0.28862544052662265,64
3791,1,5770,3115,2655,0,0,0,1.0,1,1.0,1,1.0,1,0.28027192614475027,64
3792,3,5773,3118,2655,0,0,0,1.0,1,1.0,1,1.0,1,0.2830865635002029,65
3793,2,5775,3119,2656,0,0,0,1.0,1,1.0,1,1.0,1,0.28562381193742736,68
3794,3,5778,3120,2658,0,0,0,1.0,1,1.0,1,1.0,1,0.28166132502478175,68
3795,0,5778,3120,2658,0,0,0,1.0,1,1.0,1,1.0,1,0.268308339561195,69
3796,0,5778,3120,2658,0,0,0,1.0,1,1.0,1,1.0,1,0.268308339561195,69
3797,2,5780,3121,2659,0,0,0,1.0,1,1.0,1,1.0,1,0.2666799487792814,70
3798,0,5780,3121,2659,0,0,0,1.0,1,1.0,1,1.0,1,0.2666799487792814,70
3799,0,5780,3121,2659,0,0,0,1.0,1,1.0,1,1.0,1,0.27824168062505866,69
3800,0,5780,3121,2659,0,0,0,1.0,1,1.0,1,1.0,1,0.27824168062505866,69
3801,11,5791,3121,2670,0,0,0,1.0,1,1.0,1,1.0,1,0.21339300678005996,67
3802,1,5792,3121,2671,0,0,0,1.0,1,1.0,1,1.0,1,0.20406725444560178,67
3803,1,5793,3121,2672,0,0,0,1.0,1,1.0,1,1.0,1,0.19757699643756874,69
3804,1,5794,3121,2673,0,0,0,1.0,1,1.0,1,1.0,1,0.19286721487509517,70
3805,3,5797,3121,2676,0,0,0,1.0,1,1.0,1,1.0,1,0.18249630898811767,71
3806,1,5798,3122,2676,0,0,0,1.0,1,1.0,1,1.0,1,0.17599105060533143,71
3807,0,5798,3122,2676,0,0,0,1.0,1,1.0,1,1.0,1,0.1820446963174506,72
3808,0,5798,3122,2676,0,0,0,1.0,1,1.0,1,1.0,1,0.1820446963174506,72
3809,1,5799,3123,2676,0,0,0,1.0,1,1.0,1,1.0,1,0.2079451257839669,72
3810,1,5800,3124,2676,0,0,0,1.0,1,1.0,1,1.0,1,0.22962225373681738,72
3811,2,5802,3125,2677,0,0,0,1.0,1,1.0,1,1.0,1,0.22307019070949996,71
3812,0,5802,3125,2677,0,0,0,1.0,1,1.0,1,1.0,1,0.2313054295799514,72
3813,2,5804,3126,2678,0,0,0,1.0,1,1.0,1,1.0,1,0.23037516237040448,71
3814,1,5805,3127,2678,0,0,0,1.0,1,1.0,1,1.0,1,0.23274417515764684,72
3815,0,5805,3127,2678,0,0,0,1.0,1,1.0,1,1.0,1,0.2126285488968886,71
3816,0,5805,3127,2678,0,0,0,1.0,1,1.0,1,1.0,1,0.19637339465321238,69
3817,2,5807,3128,2679,0,0,0,1.0,1,1.0,1,1.0,1,0.22827276583675796,72
3818,1,5808,3129,2679,0,0,0,1.0,1,1.0,1,1.0,1,0.2250363160841,72
3819,1,5809,3130,2679,0,0,0,1.0,1,1.0,1,1.0,1,0.23839519654326016,72
3820,2,5811,3131,2680,0,0,0,1.0,1,1.0,1,1.0,1,0.2317669161494327,72
3821,1,5812,3132,2680,0,0,0,1.0,1,1.0,1,1.0,1,0.2509083797604493,72
3822,0,5812,3132,2680,0,0,0,1.0,1,1.0,1,1.0,1,0.2513260778208869,69
3823,0,5812,3132,2680,0,0,0,1.0,1,1.0,1,1.0,1,0.2513260778208869,69
3824,0,5812,3132,2680,0,0,0,1.0,1,1.0,1,1.0,1,0.2815522184706531,65
3825,1,5813,3133,2680,0,0,0,1.0,1,1.0,1,1.0,1,0.2850323557382846,64
3826,6,5819,3135,2684,0,0,0,1.0,1,1.0,1,1.0,1,0.23821318260970617,65
3827,1,5820,3135,2685,0,0,0,1.0,1,1.0,1,1.0,1,0.23820866020324713,64
3828,1,5821,3136,2685,0,0,0,1.0,1,1.0,1,1.0,1,0.2156169274028718,65
3829,2,5823,3137,2686,0,0,0,1.0,1,1.0,1,1.0,1,0.2353549730173142,65
3830,0,5823,3137,2686,0,0,0,1.0,1,1.0,1,1.0,1,0.24275443145564443,64
3831,1,5824,3138,2686,0,0,0,1.0,1,1.0,1,1.0,1,0.2447031181982302,63
3832,2,5826,3139,2687,0,0,0,1.0,1,1.0,1,1.0,1,0.2436502448836883,64
3833,3,5829,3141,2688,0,0,0,1.0,1,1.0,1,1.0,1,0.23736486911752458,64
3834,1,5830,3141,2689,0,0,0,1.0,1,1.0,1,1.0,1,0.23266150798154106,63
3835,0,5830,3141,2689,0,0,0,1.0,1,1.0,1,1.0,1,0.23139714224182123,63
3836,2,5832,3143,2689,0,0,0,1.0,1,1.0,1,1.0,1,0.2468356224262694,63
3837,2,5834,3144,2690,0,0,0,1.0,1,1.0,1,1.0,1,0.250063057461636,62
3838,2,5836,3146,2690,0,0,0,1.0,1,1.0,1,1.0,1,0.2659539494919666,62
3839,2,5838,3147,2691,0,0,0,1.0,1,1.0,1,1.0,1,0.27313728515304725,60
3840,1,5839,3147,2692,0,0,0,1.0,1,1.0,1,1.0,1,0.2757720478270781,62
3841,2,5841,3147,2694,0,0,0,1.0,1,1.0,1,1.0,1,0.283304098040004,62
3842,3,5844,3147,2697,0,0,0,1.0,1,1.0,1,1.0,1,0.22028884121294193,63
3843,1,5845,3147,2698,0,0,0,1.0,1,1.0,1,1.0,1,0.20686372563035804,64
3844,2,5847,3147,2700,0,0,0,1.0,1,1.0,1,1.0,1,0.18534531242319557,65
3845,0,5847,3147,2700,0,0,0,1.0,1,1.0,1,1.0,1,0.18602737099629243,66
3846,1,5848,3147,2701,0,0,0,1.0,1,1.0,1,1.0,1,0.18480745729758105,67
3847,0,5848,3147,2701,0,0,0,1.0,1,1.0,1,1.0,1,0.18480745729758105,67
3848,3,5851,3149,2702,0,0,0,1.0,1,1.0,1,1.0,1,0.17361079437509985,67
3849,1,5852,3150,2702,0,0,0,1.0,1,1.0,1,1.0,1,0.1810265339220193,67
3850,2,5854,3152,2702,0,0,0,1.0,1,1.0,1,1.0,1,0.20166481893995425,68
3851,9,5863,3154,2709,0,0,0,1.0,1,1.0,1,1.0,1,0.07781462723082785,68
3852,1,5864,3154,2710,0,0,0,1.0,1,1.0,1,1.0,1,0.08139289779849447,70
3853,2,5866,3156,2710,0,0,0,1.0,1,1.0,1,1.0,1,0.1232979836080545,70
3854,2,5868,3158,2710,0,0,0,1.0,1,1.0,1,1.0,1,0.1368077753787356,70
3855,1,5869,3159,2710,0,0,0,1.0,1,1.0,1,1.0,1,0.1491132888988523,69
3856,2,5871,3160,2711,0,0,0,1.0,1,1.0,1,1.0,1,0.16298033960536953,70
3857,3,5874,3162,2712,0,0,0,1.0,1,1.0,1,1.0,1,0.1822470471035244,68
3858,1,5875,3163,2712,0,0,0,1.0,1,1.0,1,1.0,1,0.18039633202265645,67
3859,1,5876,3163,2713,0,0,0,1.0,1,1.0,1,1.0,1,0.16695536570917335,66
3860,1,5877,3163,2714,0,0,0,1.0,1,1.0,1,1.0,1,0.1440648970412993,66
3861,0,5877,3163,2714,0,0,0,1.0,1,1.0,1,1.0,1,0.1421287633322161,66
3862,0,5877,3163,2714,0,0,0,1.0,1,1.0,1,1.0,1,0.1421287633322161,66
3863,1,5878,3164,2714,0,0,0,1.0,1,1.0,1,1.0,1,0.14339395395157253,63
3864,1,5879,3165,2714,0,0,0,1.0,1,1.0,1,1.0,1,0.14924362824978002,63
3865,0,5879,3165,2714,0,0,0,1.0,1,1.0,1,1.0,1,0.16284364350264197,61
3866,0,5879,3165,2714,0,0,0,1.0,1,1.0,1,1.0,1,0.1730558773218869,61
3867,0,5879,3165,2714,0,0,0,1.0,1,1.0,1,1.0,1,0.18104873873118726,60
3868,2,5881,3167,2714,0,0,0,1.0,1,1.0,1,1.0,1,0.19562960249119826,59
3869,0,5881,3167,2714,0,0,0,1.0,1,1.0,1,1.0,1,0.19169356086441763,61
3870,1,5882,3168,2714,0,0,0,1.0,1,1.0,1,1.0,1,0.1903953474193096,61
3871,1,5883,3169,2714,0,0,0,1.0,1,1.0,1,1.0,1,0.18758072212186944,64
3872,0,5883,3169,2714,0,0,0,1.0,1,1.0,1,1.0,1,0.1947758043341937,63
3873,0,5883,3169,2714,0,0,0,1.0,1,1.0,1,1.0,1,0.20386200053086864,62
3874,1,5884,3170,2714,0,0,0,1.0,1,1.0,1,1.0,1,0.19097652526899034,63
3875,1,5885,3171,2714,0,0,0,1.0,1,1.0,1,1.0,1,0.185915216177391,61
3876,2,5887,3171,2716,0,0,0,1.0,1,1.0,1,1.0,1,0.1560337928003519,62
3877,3,5890,3173,2717,0,0,0,1.0,1,1.0,1,1.0,1,0.1684506318871693,63
3878,0,5890,3173,2717,0,0,0,1.0,1,1.0,1,1.0,1,0.1684506318871693,63
3879,2,5892,3174,2718,0,0,0,1.0,1,1.0,1,1.0,1,0.16675744500045586,63
3880,1,5893,3175,2718,0,0,0,1.0,1,1.0,1,1.0,1,0.14948485237795167,65
3881,1,5894,3176,2718,0,0,0,1.0,1,1.0,1,1.0,1,0.17146232685356447,65
3882,2,5896,3178,2718,0,0,0,1.0,1,1.0,1,1.0,1,0.17729879097951567,66
3883,2,5898,3179,2719,0,0,0,1.0,1,1.0,1,1.0,1,0.1869216182996272,66
3884,2,5900,3180,2720,0,0,0,1.0,1,1.0,1,1.0,1,0.21055691262506587,66
3885,2,5902,3181,2721,0,0,0,1.0,1,1.0,1,1.0,1,0.22007605659983195,66
3886,1,5903,3182,2721,0,0,0,1.0,1,1.0,1,1.0,1,0.2270748238843295,65
3887,0,5903,3182,2721,0,0,0,1.0,1,1.0,1,1.0,1,0.21530383175315712,65
3888,1,5904,3183,2721,0,0,0,1.0,1,1.0,1,1.0,1,0.21925307699879665,66
3889,1,5905,3184,2721,0,0,0,1.0,1,1.0,1,1.0,1,0.2201682675147834,64
3890,3,5908,3186,2722,0,0,0,1.0,1,1.0,1,1.0,1,0.20574851303817887,63
3891,2,5910,3187,2723,0,0,0,1.0,1,1.0,1,1.0,1,0.16967157501396307,66
3892,2,5912,3188,2724,0,0,0,1.0,1,1.0,1,1.0,1,0.13745546118707724,67
3893,0,5912,3188,2724,0,0,0,1.0,1,1.0,1,1.0,1,0.13610402684646591,66
3894,4,5916,3191,2725,0,0,0,1.0,1,1.0,1,1.0,1,0.1413563851206317,67
3895,1,5917,3191,2726,0,0,0,1.0,1,1.0,1,1.0,1,0.13348207953892977,66
3896,1,5918,3192,2726,0,0,0,1.0,1,1.0,1,1.0,1,0.144088911015993,66
3897,3,5921,3192,2729,0,0,0,1.0,1,1.0,1,1.0,1,0.14827082337286432,65
3898,4,5925,3195,2730,0,0,0,1.0,1,1.0,1,1.0,1,0.20834271442784094,65
3899,4,5929,3197,2732,0,0,0,1.0,1,1.0,1,1.0,1,0.20578865548731393,64
3900,2,5931,3198,2733,0,0,0,1.0,1,1.0,1,1.0,1,0.23188046515593322,63
3901,7,5938,3200,2738,0,0,0,1.0,1,1.0,1,1.0,1,0.19960154410579195,63
3902,1,5939,3200,2739,0,0,0,1.0,1,1.0,1,1.0,1,0.20530284199203883,64
3903,1,5940,3200,2740,0,0,0,1.0,1,1.0,1,1.0,1,0.1981642758066706,64
3904,0,5940,3200,2740,0,0,0,1.0,1,1.0,1,1.0,1,0.20446194348191057,63
3905,0,5940,3200,2740,0,0,0,1.0,1,1.0,1,1.0,1,0.19783739498220124,63
3906,1,5941,3201,2740,0,0,0,1.0,1,1.0,1,1.0,1,0.1798880941101675,64
3907,0,5941,3201,2740,0,0,0,1.0,1,1.0,1,1.0,1,0.20702537719096878,64
3908,1,5942,3202,2740,0,0,0,1.0,1,1.0,1,1.0,1,0.2028094734224727,63
3909,0,5942,3202,2740,0,0,0,1.0,1,1.0,1,1.0,1,0.21241735698650124,62
3910,0,5942,3202,2740,0,0,0,1.0,1,1.0,1,1.0,1,0.23108188075210082,62
3911,1,5943,3203,2740,0,0,0,1.0,1,1.0,1,1.0,1,0.23466923855935026,64
3912,1,5944,3204,2740,0,0,0,1.0,1,1.0,1,1.0,1,0.25238003177718693,64
3913,3,5947,3204,2743,0,0,0,1.0,1,1.0,1,1.0,1,0.24296329111454784,65
3914,0,5947,3204,2743,0,0,0,1.0,1,1.0,1,1.0,1,0.2585658918790422,65
3915,0,5947,3204,2743,0,0,0,1.0,1,1.0,1,1.0,1,0.2533911696723924,66
3916,2,5949,3206,2743,0,0,0,1.0,1,1.0,1,1.0,1,0.2646727569338514,66
3917,1,5950,3206,2744,0,0,0,1.0,1,1.0,1,1.0,1,0.25568016796385845,66
3918,2,5952,3208,2744,0,0,0,1.0,1,1.0,1,1.0,1,0.26224687267400026,67
3919,0,5952,3208,2744,0,0,0,1.0,1,1.0,1,1.0,1,0.249495387896144,68
3920,0,5952,3208,2744,0,0,0,1.0,1,1.0,1,1.0,1,0.2338093279632834,69
3921,0,5952,3208,2744,0,0,0,1.0,1,1.0,1,1.0,1,0.23914081783663665,68
3922,2,5954,3210,2744,0,0,0,1.0,1,1.0,1,1.0,1,0.2586793700373081,68
3923,1,5955,3210,2745,0,0,0,1.0,1,1.0,1,1.0,1,0.25467243027643904,69
3924,3,5958,3212,2746,0,0,0,1.0,1,1.0,1,1.0,1,0.23600938781887013,69
3925,3,5961,3215,2746,0,0,0,1.0,1,1.0,1,1.0,1,0.2676524515999508,67
3926,9,5970,3215,2755,0,0,0,1.0,1,1.0,1,1.0,1,0.20731548208198794,67
3927,3,5973,3216,2757,0,0,0,1.0,1,1.0,1,1.0,1,0.1927538651160946,65
3928,1,5974,3216,2758,0,0,0,1.0,1,1.0,1,1.0,1,0.1868652634058156,65
3929,2,5976,3217,2759,0,0,0,1.0,1,1.0,1,1.0,1,0.18388089474546943,64
3930,1,5977,3217,2760,0,0,0,1.0,1,1.0,1,1.0,1,0.18617156761941453,64
3931,1,5978,3217,2761,0,0,0,1.0,1,1.0,1,1.0,1,0.1631349376183467,62
3932,0,5978,3217,2761,0,0,0,1.0,1,1.0,1,1.0,1,0.1631349376183467,62
3933,0,5978,3217,2761,0,0,0,1.0,1,1.0,1,1.0,1,0.1631349376183467,62
3934,1,5979,3218,2761,0,0,0,1.0,1,1.0,1,1.0,1,0.1551710580927853,61
3935,1,5980,3218,2762,0,0,0,1.0,1,1.0,1,1.0,1,0.14310736089285678,64
3936,0,5980,3218,2762,0,0,0,1.0,1,1.0,1,1.0,1,0.1506010537809945,65
3937,0,5980,3218,2762,0,0,0,1.0,1,1.0,1,1.0,1,0.1431778344571815,66
3938,0,5980,3218,2762,0,0,0,1.0,1,1.0,1,1.0,1,0.1431778344571815,66
3939,0,5980,3218,2762,0,0,0,1.0,1,1.0,1,1.0,1,0.14742973303280352,67
3940,1,5981,3218,2763,0,0,0,1.0,1,1.0,1,1.0,1,0.12416706801569712,69
3941,0,5981,3218,2763,0,0,0,1.0,1,1.0,1,1.0,1,0.12416706801569712,69
3942,1,5982,3219,2763,0,0,0,1.0,1,1.0,1,1.0,1,0.1425432734963416,69
3943,2,5984,3221,2763,0,0,0,1.0,1,1.0,1,1.0,1,0.1681708505951149,68
3944,0,5984,3221,2763,0,0,0,1.0,1,1.0,1,1.0,1,0.18208191359572629,68
3945,3,5987,3224,2763,0,0,0,1.0,1,1.0,1,1.0,1,0.19934349432427853,67
3946,3,5990,3226,2764,0,0,0,1.0,1,1.0,1,1.0,1,0.21511626474500986,67
3947,1,5991,3227,2764,0,0,0,1.0,1,1.0,1,1.0,1,0.21886934459233237,66
3948,3,5994,3229,2765,0,0,0,1.0,1,1.0,1,1.0,1,0.19963982095946592,67
3949,4,5998,3233,2765,0,0,0,1.0,1,1.0,1,1.0,1,0.29783168734480303,66
3950,3,6001,3235,2766,0,0,0,1.0,1,1.0,1,1.0,1,0.2903050442788119,65
3951,6,6007,3236,2771,0,0,0,1.0,1,1.0,1,1.0,1,0.22597424753576995,65
3952,5,6012,3237,2775,0,0,0,1.0,1,1.0,1,1.0,1,0.2051112732724672,65
3953,2,6014,3237,2777,0,0,0,1.0,1,1.0,1,1.0,1,0.20145175061334233,65
3954,1,6015,3237,2778,0,0,0,1.0,1,1.0,1,1.0,1,0.20115910048452762,64
3955,1,6016,3237,2779,0,0,0,1.0,1,1.0,1,1.0,1,0.21071155457955912,64
3956,1,6017,3237,2780,0,0,0,1.0,1,1.0,1,1.0,1,0.21382794985797235,63
3957,1,6018,3237,2781,0,0,0,1.0,1,1.0,1,1.0,1,0.20725426274509956,63
3958,1,6019,3237,2782,0,0,0,1.0,1,1.0,1,1.0,1,0.20438224709311378,63
3959,1,6020,3237,2783,0,0,0,1.0,1,1.0,1,1.0,1,0.19650857682094308,62
3960,0,6020,3237,2783,0,0,0,1.0,1,1.0,1,1.0,1,0.19650857682094308,62
3961,1,6021,3238,2783,0,0,0,1.0,1,1.0,1,1.0,1,0.21279961979749792,64
3962,0,6021,3238,2783,0,0,0,1.0,1,1.0,1,1.0,1,0.21279961979749792,64
3963,5,6026,3242,2784,0,0,0,1.0,1,1.0,1,1.0,1,0.2186263081268327,62
3964,0,6026,3242,2784,0,0,0,1.0,1,1.0,1,1.0,1,0.20652350402755737,63
3965,1,6027,3242,2785,0,0,0,1.0,1,1.0,1,1.0,1,0.17286888285302537,63
3966,3,6030,3242,2788,0,0,0,1.0,1,1.0,1,1.0,1,0.17129419538077037,62
3967,2,6032,3242,2790,0,0,0,1.0,1,1.0,1,1.0,1,0.1533524477591335,64
3968,0,6032,3242,2790,0,0,0,1.0,1,1.0,1,1.0,1,0.1515247446968867,63
3969,0,6032,3242,2790,0,0,0,1.0,1,1.0,1,1.0,1,0.15821151515859133,63
3970,1,6033,3243,2790,0,0,0,1.0,1,1.0,1,1.0,1,0.14855680425409232,65
3971,0,6033,3243,2790,0,0,0,1.0,1,1.0,1,1.0,1,0.14855680425409232,65
3972,3,6036,3246,2790,0,0,0,1.0,1,1.0,1,1.0,1,0.17854232462843145,66
3973,2,6038,3246,2792,0,0,0,1.0,1,1.0,1,1.0,1,0.17217240045943535,66
3974,3,6041,3249,2792,0,0,0,1.0,1,1.0,1,1.0,1,0.18076850602511688,66
3975,6,6047,3252,2795,0,0,0,1.0,1,1.0,1,1.0,1,0.17365983223864384,66
3976,6,6053,3253,2800,0,0,0,1.0,1,1.0,1,1.0,1,0.1442661316609698,66
3977,2,6055,3255,2800,0,0,0,1.0,1,1.0,1,1.0,1,0.15750861300429875,64
3978,4,6059,3258,2801,0,0,0,1.0,1,1.0,1,1.0,1,0.17808302054570027,63
3979,2,6061,3258,2803,0,0,0,1.0,1,1.0,1,1.0,1,0.17229187643857097,63
3980,1,6062,3258,2804,0,0,0,1.0,1,1.0,1,1.0,1,0.16478815404451255,63
3981,1,6063,3258,2805,0,0,0,1.0,1,1.0,1,1.0,1,0.16518223301210067,64
3982,0,6063,3258,2805,0,0,0,1.0,1,1.0,1,1.0,1,0.15775417478570197,65
3983,0,6063,3258,2805,0,0,0,1.0,1,1.0,1,1.0,1,0.16574248559862154,64
3984,0,6063,3258,2805,0,0,0,1.0,1,1.0,1,1.0,1,0.1689399292473416,65
3985,1,6064,3259,2805,0,0,0,1.0,1,1.0,1,1.0,1,0.1908691640893716,64
3986,1,6065,3260,2805,0,0,0,1.0,1,1.0,1,1.0,1,0.1903757365455508,63
3987,0,6065,3260,2805,0,0,0,1.0,1,1.0,1,1.0,1,0.19911863253057357,63
3988,0,6065,3260,2805,0,0,0,1.0,1,1.0,1,1.0,1,0.20900657506917547,63
3989,3,6068,3261,2807,0,0,0,1.0,1,1.0,1,1.0,1,0.2165756163092993,63
3990,1,6069,3262,2807,0,0,0,1.0,1,1.0,1,1.0,1,0.24769238521645567,62
3991,1,6070,3262,2808,0,0,0,1.0,1,1.0,1,1.0,1,0.24083366000780837,62
3992,0,6070,3262,2808,0,0,0,1.0,1,1.0,1,1.0,1,0.22080054099458976,65
3993,0,6070,3262,2808,0,0,0,1.0,1,1.0,1,1.0,1,0.22080054099458976,65
3994,1,6071,3262,2809,0,0,0,1.0,1,1.0,1,1.0,1,0.21673104940000767,64
3995,0,6071,3262,2809,0,0,0,1.0,1,1.0,1,1.0,1,0.21673104940000767,64
3996,4,6075,3264,2811,0,0,0,1.0,1,1.0,1,1.0,1,0.19429053328815826,67
3997,0,6075,3264,2811,0,0,0,1.0,1,1.0,1,1.0,1,0.1930800326071731,69
3998,1,6076,3265,2811,0,0,0,1.0,1,1.0,1,1.0,1,0.20481023546654553,69
3999,0,6076,3265,2811,0,0,0,1.0,1,1.0,1,1.0,1,0.20481023546654553,69
4000,1,6077,3265,2812,0,0,0,1.0,1,1.0,1,1.0,1,0.17027267541942587,69
4001,4,6081,3265,2816,0,0,0,1.0,1,1.0,1,1.0,1,0.1018590469160969,68
4002,0,6081,3265,2816,0,0,0,1.0,1,1.0,1,1.0,1,0.09532081742555551,68
4003,3,6084,3267,2817,0,0,0,1.0,1,1.0,1,1.0,1,0.1285483068189854,68
4004,5,6089,3270,2819,0,0,0,1.0,1,1.0,1,1.0,1,0.09895526861798666,67
4005,1,6090,3271,2819,0,0,0,1.0,1,1.0,1,1.0,1,0.11480489263859134,67
4006,3,6093,3274,2819,0,0,0,1.0,1,1.0,1,1.0,1,0.12499333165278008,67
4007,3,6096,3275,2821,0,0,0,1.0,1,1.0,1,1.0,1,0.13067086584899187,67
4008,4,6100,3278,2822,0,0,0,1.0,1,1.0,1,1.0,1,0.13056640240377568,67
4009,2,6102,3280,2822,0,0,0,1.0,1,1.0,1,1.0,1,0.14714998655444325,67
4010,1,6103,3281,2822,0,0,0,1.0,1,1.0,1,1.0,1,0.15450624852990869,66
4011,2,6105,3283,2822,0,0,0,1.0,1,1.0,1,1.0,1,0.1498759319219683,66
4012,2,6107,3285,2822,0,0,0,1.0,1,1.0,1,1.0,1,0.16286219908302987,66
4013,1,6108,3285,2823,0,0,0,1.0,1,1.0,1,1.0,1,0.14464569333866154,66
4014,3,6111,3286,2825,0,0,0,1.0,1,1.0,1,1.0,1,0.1455772524526832,66
4015,0,6111,3286,2825,0,0,0,1.0,1,1.0,1,1.0,1,0.16980190054705627,64
4016,2,6113,3287,2826,0,0,0,1.0,1,1.0,1,1.0,1,0.20307696265562186,64
4017,4,6117,3288,2829,0,0,0,1.0,1,1.0,1,1.0,1,0.20934509635492074,66
4018,2,6119,3288,2831,0,0,0,1.0,1,1.0,1,1.0,1,0.19955130371589253,67
4019,5,6124,3289,2835,0,0,0,1.0,1,1.0,1,1.0,1,0.208374082135482,67
4020,4,6128,3289,2839,0,0,0,1.0,1,1.0,1,1.0,1,0.22798284110779743,66
4021,2,6130,3290,2840,0,0,0,1.0,1,1.0,1,1.0,1,0.24857723672061605,66
4022,1,6131,3290,2841,0,0,0,1.0,1,1.0,1,1.0,1,0.24075393282535001,66
4023,1,6132,3291,2841,0,0,0,1.0,1,1.0,1,1.0,1,0.24067513135087856,66
4024,2,6134,3292,2842,0,0,0,1.0,1,1.0,1,1.0,1,0.23591096002804277,66
4025,0,6134,3292,2842,0,0,0,1.0,1,1.0,1,1.0,1,0.2252179555737258,66
4026,3,6137,3293,2844,0,0,0,1.0,1,1.0,1,1.0,1,0.17926520552912542,66
4027,1,6138,3294,2844,0,0,0,1.0,1,1.0,1,1.0,1,0.1952559153966099,64
4028,3,6141,3296,2845,0,0,0,1.0,1,1.0,1,1.0,1,0.22292910491635176,63
4029,1,6142,3296,2846,0,0,0,1.0,1,1.0,1,1.0,1,0.2189024586061464,62
4030,1,6143,3296,2847,0,0,0,1.0,1,1.0,1,1.0,1,0.18823874589107428,63
4031,0,6143,3296,2847,0,0,0,1.0,1,1.0,1,1.0,1,0.19599966765118768,62
4032,3,6146,3298,2848,0,0,0,1.0,1,1.0,1,1.0,1,0.18408891993944207,62
4033,0,6146,3298,2848,0,0,0,1.0,1,1.0,1,1.0,1,0.19633351343947467,61
4034,2,6148,3300,2848,0,0,0,1.0,1,1.0,1,1.0,1,0.23632351247731304,60
4035,0,6148,3300,2848,0,0,0,1.0,1,1.0,1,1.0,1,0.250582348873093,59
4036,2,6150,3302,2848,0,0,0,1.0,1,1.0,1,1.0,1,0.2790068876165575,58
4037,3,6153,3304,2849,0,0,0,1.0,1,1.0,1,1.0,1,0.270857279429552,59
4038,1,6154,3304,2850,0,0,0,1.0,1,1.0,1,1.0,1,0.25696700439487674,58
4039,0,6154,3304,2850,0,0,0,1.0,1,1.0,1,1.0,1,0.282911554385451,56
4040,0,6154,3304,2850,0,0,0,1.0,1,1.0,1,1.0,1,0.2835731068141076,55
4041,2,6156,3306,2850,0,0,0,1.0,1,1.0,1,1.0,1,0.3019706992410799,54
4042,1,6157,3307,2850,0,0,0,1.0,1,1.0,1,1.0,1,0.30701956097354355,56
4043,3,6160,3309,2851,0,0,0,1.0,1,1.0,1,1.0,1,0.3406566347474458,56
4044,2,6162,3310,2852,0,0,0,1.0,1,1.0,1,1.0,1,0.33977676369525833,56
4045,3,6165,3312,2853,0,0,0,1.0,1,1.0,1,1.0,1,0.360039712922401,57
4046,1,6166,3312,2854,0,0,0,1.0,1,1.0,1,1.0,1,0.3550607270908599,59
4047,4,6170,3314,2856,0,0,0,1.0,1,1.0,1,1.0,1,0.3892287590510895,59
4048,1,6171,3314,2857,0,0,0,1.0,1,1.0,1,1.0,1,0.3990191168968755,59
4049,1,6172,3314,2858,0,0,0,1.0,1,1.0,1,1.0,1,0.3723615912739211,60
4050,3,6175,3314,2861,0,0,0,1.0,1,1.0,1,1.0,1,0.35060319021677866,60
4051,5,6180,3315,2865,0,0,0,1.0,1,1.0,1,1.0,1,0.3245000095044246,60
4052,0,6180,3315,2865,0,0,0,1.0,1,1.0,1,1.0,1,0.3245000095044246,60
4053,0,6180,3315,2865,0,0,0,1.0,1,1.0,1,1.0,1,0.3245000095044246,60
4054,1,6181,3316,2865,0,0,0,1.0,1,1.0,1,1.0,1,0.32227763193390746,61
4055,0,6181,3316,2865,0,0,0,1.0,1,1.0,1,1.0,1,0.32227763193390746,61
4056,0,6181,3316,2865,0,0,0,1.0,1,1.0,1,1.0,1,0.32089788374905065,62
4057,0,6181,3316,2865,0,0,0,1.0,1,1.0,1,1.0,1,0.32618852789354646,63
4058,1,6182,3316,2866,0,0,0,1.0,1,1.0,1,1.0,1,0.3393705123356791,64
4059,0,6182,3316,2866,0,0,0,1.0,1,1.0,1,1.0,1,0.3567131881181417,63
4060,0,6182,3316,2866,0,0,0,1.0,1,1.0,1,1.0,1,0.3567131881181417,63
4061,0,6182,3316,2866,0,0,0,1.0,1,1.0,1,1.0,1,0.36229431394595757,63
4062,0,6182,3316,2866,0,0,0,1.0,1,1.0,1,1.0,1,0.3524447546048509,65
4063,1,6183,3316,2867,0,0,0,1.0,1,1.0,1,1.0,1,0.31445133821493015,64
4064,1,6184,3316,2868,0,0,0,1.0,1,1.0,1,1.0,1,0.299956390784062,65
4065,5,6189,3319,2870,0,0,0,1.0,1,1.0,1,1.0,1,0.24804979590808615,64
4066,1,6190,3319,2871,0,0,0,1.0,1,1.0,1,1.0,1,0.2352283431295229,64
4067,3,6193,3320,2873,0,0,0,1.0,1,1.0,1,1.0,1,0.21416330475685721,63
4068,1,6194,3320,2874,0,0,0,1.0,1,1.0,1,1.0,1,0.202237942120413,64
4069,4,6198,3323,2875,0,0,0,1.0,1,1.0,1,1.0,1,0.26245339849185234,62
4070,2,6200,3325,2875,0,0,0,1.0,1,1.0,1,1.0,1,0.24749150640325218,61
4071,5,6205,3328,2877,0,0,0,1.0,1,1.0,1,1.0,1,0.30147053660808554,61
4072,3,6208,3330,2878,0,0,0,1.0,1,1.0,1,1.0,1,0.308439818049578,60
4073,2,6210,3331,2879,0,0,0,1.0,1,1.0,1,1.0,1,0.31428519641005165,60
4074,5,6215,3334,2881,0,0,0,1.0,1,1.0,1,1.0,1,0.338306180165557,60
4075,0,6215,3334,2881,0,0,0,1.0,1,1.0,1,1.0,1,0.33642900716619334,59
4076,10,6225,3335,2890,0,0,0,1.0,1,1.0,1,1.0,1,0.2201579702763642,60
4077,3,6228,3335,2893,0,0,0,1.0,1,1.0,1,1.0,1,0.20370180587937592,61
4078,1,6229,3335,2894,0,0,0,1.0,1,1.0,1,1.0,1,0.21273342161384015,60
4079,0,6229,3335,2894,0,0,0,1.0,1,1.0,1,1.0,1,0.2293897303970379,58
4080,1,6230,3336,2894,0,0,0,1.0,1,1.0,1,1.0,1,0.23542183021445842,56
4081,2,6232,3337,2895,0,0,0,1.0,1,1.0,1,1.0,1,0.22096021013399447,56
4082,1,6233,3337,2896,0,0,0,1.0,1,1.0,1,1.0,1,0.22935184461377728,55
4083,0,6233,3337,2896,0,0,0,1.0,1,1.0,1,1.0,1,0.22935184461377728,55
4084,1,6234,3338,2896,0,0,0,1.0,1,1.0,1,1.0,1,0.24213128315075644,55
4085,3,6237,3340,2897,0,0,0,1.0,1,1.0,1,1.0,1,0.23130433397067582,56
4086,1,6238,3341,2897,0,0,0,1.0,1,1.0,1,1.0,1,0.2435555547043896,57
4087,2,6240,3342,2898,0,0,0,1.0,1,1.0,1,1.0,1,0.2345397910351899,57
4088,2,6242,3342,2900,0,0,0,1.0,1,1.0,1,1.0,1,0.23548212438467617,57
4089,0,6242,3342,2900,0,0,0,1.0,1,1.0,1,1.0,1,0.2567507189749481,56
4090,1,6243,3343,2900,0,0,0,1.0,1,1.0,1,1.0,1,0.2854059632227681,56
4091,2,6245,3343,2902,0,0,0,1.0,1,1.0,1,1.0,1,0.28154253968648985,56
4092,0,6245,3343,2902,0,0,0,1.0,1,1.0,1,1.0,1,0.2811476545723359,57
4093,0,6245,3343,2902,0,0,0,1.0,1,1.0,1,1.0,1,0.2663747726687671,58
4094,0,6245,3343,2902,0,0,0,1.0,1,1.0,1,1.0,1,0.2571956643600345,57
4095,1,6246,3344,2902,0,0,0,1.0,1,1.0,1,1.0,1,0.24528403706998422,57
4096,3,6249,3347,2902,0,0,0,1.0,1,1.0,1,1.0,1,0.21319342635936944,59
4097,2,6251,3349,2902,0,0,0,1.0,1,1.0,1,1.0,1,0.1988200093307256,59
4098,2,6253,3351,2902,0,0,0,1.0,1,1.0,1,1.0,1,0.1884723028681527,59
4099,3,6256,3354,2902,0,0,0,1.0,1,1.0,1,1.0,1,0.1669145554022206,60
4100,2,6258,3356,2902,0,0,0,1.0,1,1.0,1,1.0,1,0.16771896101438385,60
4101,5,6263,3357,2906,0,0,0,1.0,1,1.0,1,1.0,1,0.12513892245887753,60
4102,4,6267,3361,2906,0,0,0,1.0,1,1.0,1,1.0,1,0.16741393816946898,60
4103,2,6269,3362,2907,0,0,0,1.0,1,1.0,1,1.0,1,0.19893511621777724,58
4104,3,6272,3363,2909,0,0,0,1.0,1,1.0,1,1.0,1,0.16454983920655467,60
4105,0,6272,3363,2909,0,0,0,1.0,1,1.0,1,1.0,1,0.170503196042828,59
4106,2,6274,3364,2910,0,0,0,1.0,1,1.0,1,1.0,1,0.1721530008045767,61
4107,0,6274,3364,2910,0,0,0,1.0,1,1.0,1,1.0,1,0.17898488667962245,59
4108,1,6275,3365,2910,0,0,0,1.0,1,1.0,1,1.0,1,0.17773811469421846,60
4109,1,6276,3365,2911,0,0,0,1.0,1,1.0,1,1.0,1,0.16639406814259253,59
4110,1,6277,3366,2911,0,0,0,1.0,1,1.0,1,1.0,1,0.16661834092556158,60
4111,1,6278,3366,2912,0,0,0,1.0,1,1.0,1,1.0,1,0.16722788033867417,61
4112,1,6279,3367,2912,0,0,0,1.0,1,1.0,1,1.0,1,0.17779837422975414,60
4113,1,6280,3367,2913,0,0,0,1.0,1,1.0,1,1.0,1,0.14726263886651286,61
4114,1,6281,3367,2914,0,0,0,1.0,1,1.0,1,1.0,1,0.12698795378232988,62
4115,2,6283,3368,2915,0,0,0,1.0,1,1.0,1,1.0,1,0.1307014225081004,60
4116,0,6283,3368,2915,0,0,0,1.0,1,1.0,1,1.0,1,0.1376750179853623,59
4117,2,6285,3370,2915,0,0,0,1.0,1,1.0,1,1.0,1,0.1435081611054838,56
4118,0,6285,3370,2915,0,0,0,1.0,1,1.0,1,1.0,1,0.1425588862303667,55
4119,1,6286,3371,2915,0,0,0,1.0,1,1.0,1,1.0,1,0.151793405149141,53
4120,3,6289,3373,2916,0,0,0,1.0,1,1.0,1,1.0,1,0.16798064311710628,52
4121,7,6296,3379,2917,0,0,0,1.0,1,1.0,1,1.0,1,0.1845997534005252,53
4122,2,6298,3380,2918,0,0,0,1.0,1,1.0,1,1.0,1,0.17628325192284555,52
4123,3,6301,3383,2918,0,0,0,1.0,1,1.0,1,1.0,1,0.19799869927232985,51
4124,0,6301,3383,2918,0,0,0,1.0,1,1.0,1,1.0,1,0.193520941588531,51
4125,1,6302,3384,2918,0,0,0,1.0,1,1.0,1,1.0,1,0.22745829290246591,50
4126,8,6310,3385,2925,0,0,0,1.0,1,1.0,1,1.0,1,0.16549719153342157,50
4127,1,6311,3386,2925,0,0,0,1.0,1,1.0,1,1.0,1,0.17297932989366105,49
4128,0,6311,3386,2925,0,0,0,1.0,1,1.0,1,1.0,1,0.17297932989366105,49
4129,0,6311,3386,2925,0,0,0,1.0,1,1.0,1,1.0,1,0.17297932989366105,49
4130,1,6312,3387,2925,0,0,0,1.0,1,1.0,1,1.0,1,0.15133813850162442,50
4131,2,6314,3389,2925,0,0,0,1.0,1,1.0,1,1.0,1,0.16870657996029712,50
4132,0,6314,3389,2925,0,0,0,1.0,1,1.0,1,1.0,1,0.16870657996029712,50
4133,3,6317,3392,2925,0,0,0,1.0,1,1.0,1,1.0,1,0.1404124167698323,51
4134,2,6319,3394,2925,0,0,0,1.0,1,1.0,1,1.0,1,0.14458982529300993,53
4135,1,6320,3395,2925,0,0,0,1.0,1,1.0,1,1.0,1,0.15526163122493805,54
4136,0,6320,3395,2925,0,0,0,1.0,1,1.0,1,1.0,1,0.15526163122493805,54
4137,1,6321,3396,2925,0,0,0,1.0,1,1.0,1,1.0,1,0.13114445426426746,55
4138,1,6322,3397,2925,0,0,0,1.0,1,1.0,1,1.0,1,0.14941517406587734,54
4139,1,6323,3398,2925,0,0,0,1.0,1,1.0,1,1.0,1,0.16105469373055542,54
4140,0,6323,3398,2925,0,0,0,1.0,1,1.0,1,1.0,1,0.14403232184089795,55
4141,0,6323,3398,2925,0,0,0,1.0,1,1.0,1,1.0,1,0.1521826566629522,55
4142,0,6323,3398,2925,0,0,0,1.0,1,1.0,1,1.0,1,0.1521826566629522,55
4143,2,6325,3398,2927,0,0,0,1.0,1,1.0,1,1.0,1,0.12645644072289328,53
4144,0,6325,3398,2927,0,0,0,1.0,1,1.0,1,1.0,1,0.1458406820652341,52
4145,0,6325,3398,2927,0,0,0,1.0,1,1.0,1,1.0,1,0.17679257458885375,51
4146,3,6328,3401,2927,0,0,0,1.0,1,1.0,1,1.0,1,0.2154792177656014,51
4147,3,6331,3402,2929,0,0,0,1.0,1,1.0,1,1.0,1,0.18988671390913045,50
4148,3,6334,3404,2930,0,0,0,1.0,1,1.0,1,1.0,1,0.20318789496720902,52
4149,0,6334,3404,2930,0,0,0,1.0,1,1.0,1,1.0,1,0.18257953353158604,53
4150,2,6336,3406,2930,0,0,0,1.0,1,1.0,1,1.0,1,0.20232217109368186,53
4151,2,6338,3407,2931,0,0,0,1.0,1,1.0,1,1.0,1,0.18184240588865502,53
4152,1,6339,3408,2931,0,0,0,1.0,1,1.0,1,1.0,1,0.16983842159484902,54
4153,2,6341,3410,2931,0,0,0,1.0,1,1.0,1,1.0,1,0.1962609789233358,51
4154,2,6343,3410,2933,0,0,0,1.0,1,1.0,1,1.0,1,0.1468817101556902,51
4155,2,6345,3412,2933,0,0,0,1.0,1,1.0,1,1.0,1,0.1706649649425517,51
4156,7,6352,3416,2936,0,0,0,1.0,1,1.0,1,1.0,1,0.18677463887733536,52
4157,1,6353,3416,2937,0,0,0,1.0,1,1.0,1,1.0,1,0.16441501071373635,52
4158,1,6354,3417,2937,0,0,0,1.0,1,1.0,1,1.0,1,0.18342752237609392,52
4159,2,6356,3419,2937,0,0,0,1.0,1,1.0,1,1.0,1,0.19030131894328606,52
4160,4,6360,3423,2937,0,0,0,1.0,1,1.0,1,1.0,1,0.22794583761195505,50
4161,1,6361,3424,2937,0,0,0,1.0,1,1.0,1,1.0,1,0.24954570012401442,50
4162,2,6363,3426,2937,0,0,0,1.0,1,1.0,1,1.0,1,0.2599096003976378,51
4163,2,6365,3427,2938,0,0,0,1.0,1,1.0,1,1.0,1,0.24072321452150186,48
4164,2,6367,3429,2938,0,0,0,1.0,1,1.0,1,1.0,1,0.2586087555071758,50
4165,1,6368,3429,2939,0,0,0,1.0,1,1.0,1,1.0,1,0.23822152574052707,49
4166,4,6372,3432,2940,0,0,0,1.0,1,1.0,1,1.0,1,0.2169033967495594,50
4167,0,6372,3432,2940,0,0,0,1.0,1,1.0,1,1.0,1,0.21706104116565436,50
4168,1,6373,3432,2941,0,0,0,1.0,1,1.0,1,1.0,1,0.22625370898653027,50
4169,0,6373,3432,2941,0,0,0,1.0,1,1.0,1,1.0,1,0.21792477029610227,51
4170,0,6373,3432,2941,0,0,0,1.0,1,1.0,1,1.0,1,0.23648571793821002,50
4171,2,6375,3434,2941,0,0,0,1.0,1,1.0,1,1.0,1,0.28631405404053656,50
4172,0,6375,3434,2941,0,0,0,1.0,1,1.0,1,1.0,1,0.3016317146817003,49
4173,2,6377,3434,2943,0,0,0,1.0,1,1.0,1,1.0,1,0.2972027445174489,48
4174,1,6378,3435,2943,0,0,0,1.0,1,1.0,1,1.0,1,0.32016570693076835,48
4175,5,6383,3438,2945,0,0,0,1.0,1,1.0,1,1.0,1,0.23065859928420124,48
4176,4,6387,3438,2949,0,0,0,1.0,1,1.0,1,1.0,1,0.16007887624674613,50
4177,1,6388,3438,2950,0,0,0,1.0,1,1.0,1,1.0,1,0.15156043876652447,52
4178,2,6390,3439,2951,0,0,0,1.0,1,1.0,1,1.0,1,0.13865675234207966,53
4179,1,6391,3439,2952,0,0,0,1.0,1,1.0,1,1.0,1,0.1293150197665902,54
4180,0,6391,3439,2952,0,0,0,1.0,1,1.0,1,1.0,1,0.1309053200352927,55
4181,3,6394,3439,2955,0,0,0,1.0,1,1.0,1,1.0,1,0.10898659987590661,56
4182,2,6396,3439,2957,0,0,0,1.0,1,1.0,1,1.0,1,0.10898659987590661,56
4183,2,6398,3440,2958,0,0,0,1.0,1,1.0,1,1.0,1,0.10112470317630631,57
4184,3,6401,3440,2961,0,0,0,1.0,1,1.0,1,1.0,1,0.10115053244044366,57
4185,0,6401,3440,2961,0,0,0,1.0,1,1.0,1,1.0,1,0.1079825901149012,54
4186,2,6403,3441,2962,0,0,0,1.0,1,1.0,1,1.0,1,0.12336272729825692,55
4187,1,6404,3442,2962,0,0,0,1.0,1,1.0,1,1.0,1,0.1445651712717629,53
4188,0,6404,3442,2962,0,0,0,1.0,1,1.0,1,1.0,1,0.1445651712717629,53
4189,0,6404,3442,2962,0,0,0,1.0,1,1.0,1,1.0,1,0.1642756362953699,53
4190,2,6406,3444,2962,0,0,0,1.0,1,1.0,1,1.0,1,0.18237776920981882,53
4191,2,6408,3445,2963,0,0,0,1.0,1,1.0,1,1.0,1,0.18230838056250231,51
4192,3,6411,3448,2963,0,0,0,1.0,1,1.0,1,1.0,1,0.20016887870837857,51
4193,3,6414,3450,2964,0,0,0,1.0,1,1.0,1,1.0,1,0.2088745765936497,50
4194,1,6415,3451,2964,0,0,0,1.0,1,1.0,1,1.0,1,0.20602326079716926,50
4195,1,6416,3452,2964,0,0,0,1.0,1,1.0,1,1.0,1,0.22261220693282172,50
4196,2,6418,3454,2964,0,0,0,1.0,1,1.0,1,1.0,1,0.21549201628554007,51
4197,1,6419,3455,2964,0,0,0,1.0,1,1.0,1,1.0,1,0.2377896052492195,50
4198,2,6421,3456,2965,0,0,0,1.0,1,1.0,1,1.0,1,0.24602091277156285,48
4199,1,6422,3456,2966,0,0,0,1.0,1,1.0,1,1.0,1,0.2660352036189887,48
4200,0,6422,3456,2966,0,0,0,1.0,1,1.0,1,1.0,1,0.27841117509299773,48
4201,5,6427,3456,2971,0,0,0,1.0,1,1.0,1,1.0,1,0.2262516841399961,47
4202,0,6427,3456,2971,0,0,0,1.0,1,1.0,1,1.0,1,0.2262516841399961,47
4203,0,6427,3456,2971,0,0,0,1.0,1,1.0,1,1.0,1,0.2262516841399961,47
4204,3,6430,3458,2972,0,0,0,1.0,1,1.0,1,1.0,1,0.2564561295248013,48
4205,1,6431,3458,2973,0,0,0,1.0,1,1.0,1,1.0,1,0.22225875925520336,49
4206,2,6433,3459,2974,0,0,0,1.0,1,1.0,1,1.0,1,0.24513631596495764,49
4207,0,6433,3459,2974,0,0,0,1.0,1,1.0,1,1.0,1,0.234614091021674,48
4208,3,6436,3461,2975,0,0,0,1.0,1,1.0,1,1.0,1,0.2055970236267415,49
4209,2,6438,3463,2975,0,0,0,1.0,1,1.0,1,1.0,1,0.2260848236301517,51
4210,2,6440,3464,2976,0,0,0,1.0,1,1.0,1,1.0,1,0.23218678974121937,52
4211,1,6441,3465,2976,0,0,0,1.0,1,1.0,1,1.0,1,0.23573333423193682,53
4212,1,6442,3465,2977,0,0,0,1.0,1,1.0,1,1.0,1,0.19856616511324798,53
4213,0,6442,3465,2977,0,0,0,1.0,1,1.0,1,1.0,1,0.19926007589232084,54
4214,1,6443,3466,2977,0,0,0,1.0,1,1.0,1,1.0,1,0.20636515431506453,54
4215,0,6443,3466,2977,0,0,0,1.0,1,1.0,1,1.0,1,0.20636515431506453,54
4216,1,6444,3466,2978,0,0,0,1.0,1,1.0,1,1.0,1,0.19100220177079358,53
4217,1,6445,3467,2978,0,0,0,1.0,1,1.0,1,1.0,1,0.21657113747349752,54
4218,2,6447,3468,2979,0,0,0,1.0,1,1.0,1,1.0,1,0.23391293260184823,53
4219,0,6447,3468,2979,0,0,0,1.0,1,1.0,1,1.0,1,0.23391293260184823,53
4220,0,6447,3468,2979,0,0,0,1.0,1,1.0,1,1.0,1,0.24125882092549739,53
4221,3,6450,3469,2981,0,0,0,1.0,1,1.0,1,1.0,1,0.2603983068463943,54
4222,4,6454,3471,2983,0,0,0,1.0,1,1.0,1,1.0,1,0.29156226996900547,55
4223,2,6456,3472,2984,0,0,0,1.0,1,1.0,1,1.0,1,0.27659844398485917,56
4224,0,6456,3472,2984,0,0,0,1.0,1,1.0,1,1.0,1,0.2772458600152423,55
4225,0,6456,3472,2984,0,0,0,1.0,1,1.0,1,1.0,1,0.2785365405383377,53
4226,3,6459,3474,2985,0,0,0,1.0,1,1.0,1,1.0,1,0.2810494504625996,54
4227,0,6459,3474,2985,0,0,0,1.0,1,1.0,1,1.0,1,0.2820395613879974,52
4228,1,6460,3475,2985,0,0,0,1.0,1,1.0,1,1.0,1,0.27036654933469284,51
4229,1,6461,3476,2985,0,0,0,1.0,1,1.0,1,1.0,1,0.2832433777813214,48
4230,1,6462,3476,2986,0,0,0,1.0,1,1.0,1,1.0,1,0.2729625405967002,48
4231,1,6463,3477,2986,0,0,0,1.0,1,1.0,1,1.0,1,0.2604920970448188,48
4232,1,6464,3478,2986,0,0,0,1.0,1,1.0,1,1.0,1,0.23565839569878472,48
4233,1,6465,3478,2987,0,0,0,1.0,1,1.0,1,1.0,1,0.18695137572058393,48
4234,0,6465,3478,2987,0,0,0,1.0,1,1.0,1,1.0,1,0.17996503765811145,49
4235,0,6465,3478,2987,0,0,0,1.0,1,1.0,1,1.0,1,0.17729773247458047,47
4236,1,6466,3478,2988,0,0,0,1.0,1,1.0,1,1.0,1,0.13436574125148823,47
4237,1,6467,3478,2989,0,0,0,1.0,1,1.0,1,1.0,1,0.10913021707388575,48
4238,0,6467,3478,2989,0,0,0,1.0,1,1.0,1,1.0,1,0.12487280105806302,47
4239,1,6468,3478,2990,0,0,0,1.0,1,1.0,1,1.0,1,0.11292077470010721,48
4240,1,6469,3479,2990,0,0,0,1.0,1,1.0,1,1.0,1,0.10970832884482475,47
4241,1,6470,3479,2991,0,0,0,1.0,1,1.0,1,1.0,1,0.07726578410047787,49
4242,0,6470,3479,2991,0,0,0,1.0,1,1.0,1,1.0,1,0.07570132727685756,49
4243,2,6472,3480,2992,0,0,0,1.0,1,1.0,1,1.0,1,0.06400281057524208,50
4244,1,6473,3480,2993,0,0,0,1.0,1,1.0,1,1.0,1,0.05967100704529208,51
4245,1,6474,3480,2994,0,0,0,1.0,1,1.0,1,1.0,1,0.06472135110300954,51
4246,1,6475,3480,2995,0,0,0,1.0,1,1.0,1,1.0,1,0.043708983143804704,51
4247,1,6476,3480,2996,0,0,0,1.0,1,1.0,1,1.0,1,0.04879453030979229,52
4248,0,6476,3480,2996,0,0,0,1.0,1,1.0,1,1.0,1,0.04879453030979229,52
4249,0,6476,3480,2996,0,0,0,1.0,1,1.0,1,1.0,1,0.04879453030979229,52
4250,3,6479,3483,2996,0,0,0,1.0,1,1.0,1,1.0,1,0.11895528663485516,52
4251,5,6484,3486,2998,0,0,0,1.0,1,1.0,1,1.0,1,0.07556778579188554,53
4252,4,6488,3490,2998,0,0,0,1.0,1,1.0,1,1.0,1,0.14352044060423988,53
4253,4,6492,3492,3000,0,0,0,1.0,1,1.0,1,1.0,1,0.11098309467741416,54
4254,2,6494,3494,3000,0,0,0,1.0,1,1.0,1,1.0,1,0.1396692075396342,54
4255,2,6496,3495,3001,0,0,0,1.0,1,1.0,1,1.0,1,0.1498689155136244,55
4256,2,6498,3496,3002,0,0,0,1.0,1,1.0,1,1.0,1,0.09242016370211222,57
4257,0,6498,3496,3002,0,0,0,1.0,1,1.0,1,1.0,1,0.09242016370211222,57
4258,0,6498,3496,3002,0,0,0,1.0,1,1.0,1,1.0,1,0.0968937199016932,57
4259,1,6499,3496,3003,0,0,0,1.0,1,1.0,1,1.0,1,0.08255074541647112,57
4260,1,6500,3497,3003,0,0,0,1.0,1,1.0,1,1.0,1,0.09021947916306636,58
4261,2,6502,3498,3004,0,0,0,1.0,1,1.0,1,1.0,1,0.08491678444711316,59
4262,1,6503,3499,3004,0,0,0,1.0,1,1.0,1,1.0,1,0.06758967579573777,60
4263,0,6503,3499,3004,0,0,0,1.0,1,1.0,1,1.0,1,0.05612025016268634,59
4264,0,6503,3499,3004,0,0,0,1.0,1,1.0,1,1.0,1,0.046499685969700895,58
4265,2,6505,3500,3005,0,0,0,1.0,1,1.0,1,1.0,1,0.04609519366420521,58
4266,3,6508,3503,3005,0,0,0,1.0,1,1.0,1,1.0,1,0.06224205716441435,58
4267,1,6509,3504,3005,0,0,0,1.0,1,1.0,1,1.0,1,0.06940042931094481,55
4268,0,6509,3504,3005,0,0,0,1.0,1,1.0,1,1.0,1,0.06940042931094481,55
4269,2,6511,3506,3005,0,0,0,1.0,1,1.0,1,1.0,1,0.11100907893290113,50
4270,1,6512,3507,3005,0,0,0,1.0,1,1.0,1,1.0,1,0.11122132936430845,47
4271,2,6514,3509,3005,0,0,0,1.0,1,1.0,1,1.0,1,0.15520535786643605,47
4272,0,6514,3509,3005,0,0,0,1.0,1,1.0,1,1.0,1,0.14440818825516089,46
4273,2,6516,3511,3005,0,0,0,1.0,1,1.0,1,1.0,1,0.1854551232289858,47
4274,5,6521,3516,3005,0,0,0,1.0,1,1.0,1,1.0,1,0.14686719949836485,45
4275,4,6525,3520,3005,0,0,0,1.0,1,1.0,1,1.0,1,0.18664536370640328,44
4276,10,6535,3523,3012,0,0,0,1.0,1,1.0,1,1.0,1,0.09396893335563246,43
4277,4,6539,3526,3013,0,0,0,1.0,1,1.0,1,1.0,1,0.1547355785098603,42
4278,1,6540,3527,3013,0,0,0,1.0,1,1.0,1,1.0,1,0.1900913503455321,43
4279,4,6544,3529,3015,0,0,0,1.0,1,1.0,1,1.0,1,0.2165875332887804,42
4280,3,6547,3531,3016,0,0,0,1.0,1,1.0,1,1.0,1,0.23407012391473817,44
4281,1,6548,3532,3016,0,0,0,1.0,1,1.0,1,1.0,1,0.2543390821736876,44
4282,2,6550,3532,3018,0,0,0,1.0,1,1.0,1,1.0,1,0.2022762461724216,44
4283,0,6550,3532,3018,0,0,0,1.0,1,1.0,1,1.0,1,0.17484738241598302,45
4284,0,6550,3532,3018,0,0,0,1.0,1,1.0,1,1.0,1,0.17484738241598302,45
4285,2,6552,3534,3018,0,0,0,1.0,1,1.0,1,1.0,1,0.14161592550276655,47
4286,3,6555,3536,3019,0,0,0,1.0,1,1.0,1,1.0,1,0.16209695998688967,47
4287,2,6557,3536,3021,0,0,0,1.0,1,1.0,1,1.0,1,0.1154630223615078,49
4288,0,6557,3536,3021,0,0,0,1.0,1,1.0,1,1.0,1,0.1154630223615078,49
4289,2,6559,3537,3022,0,0,0,1.0,1,1.0,1,1.0,1,0.08258383394929515,50
4290,1,6560,3538,3022,0,0,0,1.0,1,1.0,1,1.0,1,0.07256714111231378,51
4291,0,6560,3538,3022,0,0,0,1.0,1,1.0,1,1.0,1,0.06811990691001661,50
4292,2,6562,3540,3022,0,0,0,1.0,1,1.0,1,1.0,1,0.10377758890580076,51
4293,0,6562,3540,3022,0,0,0,1.0,1,1.0,1,1.0,1,0.07574842463068956,51
4294,0,6562,3540,3022,0,0,0,1.0,1,1.0,1,1.0,1,0.07224857249772919,50
4295,0,6562,3540,3022,0,0,0,1.0,1,1.0,1,1.0,1,0.04303449941110465,50
4296,0,6562,3540,3022,0,0,0,1.0,1,1.0,1,1.0,1,0.03815865874719726,49
4297,0,6562,3540,3022,0,0,0,1.0,1,1.0,1,1.0,1,0.05170907287913213,49
4298,0,6562,3540,3022,0,0,0,1.0,1,1.0,1,1.0,1,0.05170907287913213,49
4299,0,6562,3540,3022,0,0,0,1.0,1,1.0,1,1.0,1,0.06331987743710155,48
4300,2,6564,3542,3022,0,0,0,1.0,1,1.0,1,1.0,1,0.03208515813076603,49
4301,2,6566,3544,3022,0,0,0,1.0,1,1.0,1,1.0,1,0.06394802282957894,50
4302,1,6567,3545,3022,0,0,0,1.0,1,1.0,1,1.0,1,0.05654031169659901,51
4303,1,6568,3546,3022,0,0,0,1.0,1,1.0,1,1.0,1,0.08940632241727532,51
4304,0,6568,3546,3022,0,0,0,1.0,1,1.0,1,1.0,1,0.10276654592129457,51
4305,5,6573,3551,3022,0,0,0,1.0,1,1.0,1,1.0,1,0.12913076778219476,49
4306,2,6575,3552,3023,0,0,0,1.0,1,1.0,1,1.0,1,0.12407885383660718,49
4307,5,6580,3556,3024,0,0,0,1.0,1,1.0,1,1.0,1,0.1575080909886153,46
4308,1,6581,3557,3024,0,0,0,1.0,1,1.0,1,1.0,1,0.19240379685874395,44
4309,4,6585,3561,3024,0,0,0,1.0,1,1.0,1,1.0,1,0.19523032494410922,44
4310,0,6585,3561,3024,0,0,0,1.0,1,1.0,1,1.0,1,0.22946917040854914,42
4311,3,6588,3563,3025,0,0,0,1.0,1,1.0,1,1.0,1,0.22480603709483984,42
4312,3,6591,3566,3025,0,0,0,1.0,1,1.0,1,1.0,1,0.17505062489277987,40
4313,2,6593,3568,3025,0,0,0,1.0,1,1.0,1,1.0,1,0.11639682558037873,40
4314,2,6595,3570,3025,0,0,0,1.0,1,1.0,1,1.0,1,0.12291335218736059,36
4315,1,6596,3571,3025,0,0,0,1.0,1,1.0,1,1.0,1,0.1102752965491603,37
4316,2,6598,3573,3025,0,0,0,1.0,1,1.0,1,1.0,1,0.09684847535698254,37
4317,0,6598,3573,3025,0,0,0,1.0,1,1.0,1,1.0,1,0.11836921589877715,36
4318,1,6599,3574,3025,0,0,0,1.0,1,1.0,1,1.0,1,0.13561138160325015,34
4319,1,6600,3575,3025,0,0,0,1.0,1,1.0,1,1.0,1,0.17076928957881465,34
4320,0,6600,3575,3025,0,0,0,1.0,1,1.0,1,1.0,1,0.17076928957881465,34
4321,1,6601,3576,3025,0,0,0,1.0,1,1.0,1,1.0,1,0.19249211818613035,35
4322,0,6601,3576,3025,0,0,0,1.0,1,1.0,1,1.0,1,0.19249211818613035,35
4323,1,6602,3577,3025,0,0,0,1.0,1,1.0,1,1.0,1,0.22578750626653055,35
4324,0,6602,3577,3025,0,0,0,1.0,1,1.0,1,1.0,1,0.25350019373907423,34
4325,2,6604,3579,3025,0,0,0,1.0,1,1.0,1,1.0,1,0.27721156416535353,34
4326,7,6611,3580,3031,0,0,0,1.0,1,1.0,1,1.0,1,0.1385863620759484,36
4327,0,6611,3580,3031,0,0,0,1.0,1,1.0,1,1.0,1,0.1557676752152371,35
4328,1,6612,3581,3031,0,0,0,1.0,1,1.0,1,1.0,1,0.13985344082668616,35
4329,2,6614,3582,3032,0,0,0,1.0,1,1.0,1,1.0,1,0.11432934718993158,38
4330,2,6616,3584,3032,0,0,0,1.0,1,1.0,1,1.0,1,0.16041196688891265,38
4331,0,6616,3584,3032,0,0,0,1.0,1,1.0,1,1.0,1,0.14912607786626383,39
4332,1,6617,3584,3033,0,0,0,1.0,1,1.0,1,1.0,1,0.1809166043229365,40
4333,0,6617,3584,3033,0,0,0,1.0,1,1.0,1,1.0,1,0.16143460778604757,41
4334,0,6617,3584,3033,0,0,0,1.0,1,1.0,1,1.0,1,0.16143460778604757,41
4335,2,6619,3586,3033,0,0,0,1.0,1,1.0,1,1.0,1,0.1194207244419672,42
4336,0,6619,3586,3033,0,0,0,1.0,1,1.0,1,1.0,1,0.13056706309943353,43
4337,0,6619,3586,3033,0,0,0,1.0,1,1.0,1,1.0,1,0.10500873309064852,44
4338,0,6619,3586,3033,0,0,0,1.0,1,1.0,1,1.0,1,0.10500873309064852,44
4339,1,6620,3586,3034,0,0,0,1.0,1,1.0,1,1.0,1,0.10759153470593699,46
4340,0,6620,3586,3034,0,0,0,1.0,1,1.0,1,1.0,1,0.09902863039796789,47
4341,4,6624,3589,3035,0,0,0,1.0,1,1.0,1,1.0,1,0.12352038541729017,47
4342,0,6624,3589,3035,0,0,0,1.0,1,1.0,1,1.0,1,0.12352038541729017,47
4343,0,6624,3589,3035,0,0,0,1.0,1,1.0,1,1.0,1,0.13412166174279241,42
4344,3,6627,3592,3035,0,0,0,1.0,1,1.0,1,1.0,1,0.16151406832322185,42
4345,0,6627,3592,3035,0,0,0,1.0,1,1.0,1,1.0,1,0.16471676285982736,39
4346,1,6628,3593,3035,0,0,0,1.0,1,1.0,1,1.0,1,0.1374515094297838,37
4347,1,6629,3594,3035,0,0,0,1.0,1,1.0,1,1.0,1,0.1744992827742387,37
4348,2,6631,3596,3035,0,0,0,1.0,1,1.0,1,1.0,1,0.25179854450004574,38
4349,1,6632,3596,3036,0,0,0,1.0,1,1.0,1,1.0,1,0.23643709314436687,36
4350,3,6635,3599,3036,0,0,0,1.0,1,1.0,1,1.0,1,0.27929048981213334,37
4351,2,6637,3599,3038,0,0,0,1.0,1,1.0,1,1.0,1,0.23636057041267666,35
4352,1,6638,3599,3039,0,0,0,1.0,1,1.0,1,1.0,1,0.23599440369517188,34
4353,1,6639,3599,3040,0,0,0,1.0,1,1.0,1,1.0,1,0.1871412992430757,34
4354,1,6640,3599,3041,0,0,0,1.0,1,1.0,1,1.0,1,0.1517830197249147,32
4355,2,6642,3600,3042,0,0,0,1.0,1,1.0,1,1.0,1,0.14918452318491032,32
4356,2,6644,3602,3042,0,0,0,1.0,1,1.0,1,1.0,1,0.16339833360211914,34
4357,0,6644,3602,3042,0,0,0,1.0,1,1.0,1,1.0,1,0.16529921418303797,35
4358,3,6647,3604,3043,0,0,0,1.0,1,1.0,1,1.0,1,0.1564227548614059,35
4359,3,6650,3605,3045,0,0,0,1.0,1,1.0,1,1.0,1,0.1388290752427879,37
4360,0,6650,3605,3045,0,0,0,1.0,1,1.0,1,1.0,1,0.13035267472219156,38
4361,0,6650,3605,3045,0,0,0,1.0,1,1.0,1,1.0,1,0.10120834542748848,39
4362,2,6652,3607,3045,0,0,0,1.0,1,1.0,1,1.0,1,0.13516832788426564,38
4363,2,6654,3608,3046,0,0,0,1.0,1,1.0,1,1.0,1,0.10060639184939053,38
4364,2,6656,3610,3046,0,0,0,1.0,1,1.0,1,1.0,1,0.11106501626119476,39
4365,1,6657,3611,3046,0,0,0,1.0,1,1.0,1,1.0,1,0.12752469298813746,39
4366,1,6658,3611,3047,0,0,0,1.0,1,1.0,1,1.0,1,0.08467238672987733,39
4367,1,6659,3612,3047,0,0,0,1.0,1,1.0,1,1.0,1,0.09137389746550963,41
4368,2,6661,3613,3048,0,0,0,1.0,1,1.0,1,1.0,1,0.095463520396856,41
4369,0,6661,3613,3048,0,0,0,1.0,1,1.0,1,1.0,1,0.08993370365640407,42
4370,0,6661,3613,3048,0,0,0,1.0,1,1.0,1,1.0,1,0.08993370365640407,42
4371,0,6661,3613,3048,0,0,0,1.0,1,1.0,1,1.0,1,0.08259800781258578,43
4372,0,6661,3613,3048,0,0,0,1.0,1,1.0,1,1.0,1,0.08259800781258578,43
4373,0,6661,3613,3048,0,0,0,1.0,1,1.0,1,1.0,1,0.08259800781258578,43
4374,0,6661,3613,3048,0,0,0,1.0,1,1.0,1,1.0,1,0.08534652333351166,44
4375,3,6664,3616,3048,0,0,0,1.0,1,1.0,1,1.0,1,0.17987977766836774,45
4376,3,6667,3616,3051,0,0,0,1.0,1,1.0,1,1.0,1,0.14620987762540297,46
4377,6,6673,3621,3052,0,0,0,1.0,1,1.0,1,1.0,1,0.1957782333444597,47
4378,2,6675,3621,3054,0,0,0,1.0,1,1.0,1,1.0,1,0.15509810585467243,49
4379,4,6679,3624,3055,0,0,0,1.0,1,1.0,1,1.0,1,0.1488526222782838,51
4380,0,6679,3624,3055,0,0,0,1.0,1,1.0,1,1.0,1,0.13723486030614246,50
4381,1,6680,3625,3055,0,0,0,1.0,1,1.0,1,1.0,1,0.14472802644625493,49
4382,3,6683,3628,3055,0,0,0,1.0,1,1.0,1,1.0,1,0.19645999864134653,47
4383,0,6683,3628,3055,0,0,0,1.0,1,1.0,1,1.0,1,0.19703223493373867,47
4384,0,6683,3628,3055,0,0,0,1.0,1,1.0,1,1.0,1,0.23042275362979184,44
4385,2,6685,3630,3055,0,0,0,1.0,1,1.0,1,1.0,1,0.20822896045862327,42
4386,0,6685,3630,3055,0,0,0,1.0,1,1.0,1,1.0,1,0.26644128848123055,41
4387,5,6690,3634,3056,0,0,0,1.0,1,1.0,1,1.0,1,0.312107267221841,39
4388,1,6691,3634,3057,0,0,0,1.0,1,1.0,1,1.0,1,0.262410707545705,39
4389,2,6693,3636,3057,0,0,0,1.0,1,1.0,1,1.0,1,0.2858831465863984,38
4390,0,6693,3636,3057,0,0,0,1.0,1,1.0,1,1.0,1,0.2792685817231523,38
4391,0,6693,3636,3057,0,0,0,1.0,1,1.0,1,1.0,1,0.26281070128850725,39
4392,0,6693,3636,3057,0,0,0,1.0,1,1.0,1,1.0,1,0.26281070128850725,39
4393,1,6694,3637,3057,0,0,0,1.0,1,1.0,1,1.0,1,0.2756510199836754,40
4394,0,6694,3637,3057,0,0,0,1.0,1,1.0,1,1.0,1,0.2652960192209264,39
4395,1,6695,3638,3057,0,0,0,1.0,1,1.0,1,1.0,1,0.24848796297104228,39
4396,1,6696,3639,3057,0,0,0,1.0,1,1.0,1,1.0,1,0.26589294903183663,39
4397,1,6697,3639,3058,0,0,0,1.0,1,1.0,1,1.0,1,0.2540938562935928,38
4398,0,6697,3639,3058,0,0,0,1.0,1,1.0,1,1.0,1,0.22688604474469898,39
4399,0,6697,3639,3058,0,0,0,1.0,1,1.0,1,1.0,1,0.22038387250629796,42
4400,0,6697,3639,3058,0,0,0,1.0,1,1.0,1,1.0,1,0.22099290037323746,43
4401,4,6701,3639,3062,0,0,0,1.0,1,1.0,1,1.0,1,0.11570978225306439,44
4402,1,6702,3639,3063,0,0,0,1.0,1,1.0,1,1.0,1,0.08733695848468817,44
4403,0,6702,3639,3063,0,0,0,1.0,1,1.0,1,1.0,1,0.08090707451707099,45
4404,0,6702,3639,3063,0,0,0,1.0,1,1.0,1,1.0,1,0.08090707451707099,45
4405,0,6702,3639,3063,0,0,0,1.0,1,1.0,1,1.0,1,0.07057887187234481,46
4406,1,6703,3640,3063,0,0,0,1.0,1,1.0,1,1.0,1,0.09955292429058674,46
4407,1,6704,3641,3063,0,0,0,1.0,1,1.0,1,1.0,1,0.12040094392803377,46
4408,0,6704,3641,3063,0,0,0,1.0,1,1.0,1,1.0,1,0.1134781950668237,47
4409,2,6706,3642,3064,0,0,0,1.0,1,1.0,1,1.0,1,0.11665024804637751,48
4410,0,6706,3642,3064,0,0,0,1.0,1,1.0,1,1.0,1,0.11665024804637751,48
4411,0,6706,3642,3064,0,0,0,1.0,1,1.0,1,1.0,1,0.10293103174354155,50
4412,1,6707,3643,3064,0,0,0,1.0,1,1.0,1,1.0,1,0.12443331522578686,50
4413,0,6707,3643,3064,0,0,0,1.0,1,1.0,1,1.0,1,0.130289438303841,50
4414,2,6709,3645,3064,0,0,0,1.0,1,1.0,1,1.0,1,0.10722995572075666,51
4415,1,6710,3646,3064,0,0,0,1.0,1,1.0,1,1.0,1,0.10910818988719721,51
4416,2,6712,3647,3065,0,0,0,1.0,1,1.0,1,1.0,1,0.13502909748391334,51
4417,2,6714,3649,3065,0,0,0,1.0,1,1.0,1,1.0,1,0.13686845533709507,51
4418,2,6716,3649,3067,0,0,0,1.0,1,1.0,1,1.0,1,0.10485978014569802,51
4419,0,6716,3649,3067,0,0,0,1.0,1,1.0,1,1.0,1,0.08845289198875933,50
4420,0,6716,3649,3067,0,0,0,1.0,1,1.0,1,1.0,1,0.09408025858487915,50
4421,1,6717,3649,3068,0,0,0,1.0,1,1.0,1,1.0,1,0.08026973591946214,52
4422,0,6717,3649,3068,0,0,0,1.0,1,1.0,1,1.0,1,0.0793392806458671,51
4423,0,6717,3649,3068,0,0,0,1.0,1,1.0,1,1.0,1,0.0793392806458671,51
4424,0,6717,3649,3068,0,0,0,1.0,1,1.0,1,1.0,1,0.07605827177887277,53
4425,0,6717,3649,3068,0,0,0,1.0,1,1.0,1,1.0,1,0.07992101998875695,54
4426,2,6719,3650,3069,0,0,0,1.0,1,1.0,1,1.0,1,0.052932519374103114,55
4427,1,6720,3651,3069,0,0,0,1.0,1,1.0,1,1.0,1,0.04225212944382664,55
4428,1,6721,3652,3069,0,0,0,1.0,1,1.0,1,1.0,1,0.05057959768806136,55
4429,0,6721,3652,3069,0,0,0,1.0,1,1.0,1,1.0,1,0.04098033808457869,56
4430,2,6723,3654,3069,0,0,0,1.0,1,1.0,1,1.0,1,0.08827089538497657,55
4431,0,6723,3654,3069,0,0,0,1.0,1,1.0,1,1.0,1,0.08072587835353327,56
4432,2,6725,3656,3069,0,0,0,1.0,1,1.0,1,1.0,1,0.11646713561172292,56
4433,1,6726,3656,3070,0,0,0,1.0,1,1.0,1,1.0,1,0.12044128868644115,57
4434,1,6727,3657,3070,0,0,0,1.0,1,1.0,1,1.0,1,0.11231053378520123,56
4435,2,6729,3659,3070,0,0,0,1.0,1,1.0,1,1.0,1,0.1362371516453297,56
4436,3,6732,3661,3071,0,0,0,1.0,1,1.0,1,1.0,1,0.14630962216985102,55
4437,2,6734,3662,3072,0,0,0,1.0,1,1.0,1,1.0,1,0.13761164593531486,54
4438,2,6736,3663,3073,0,0,0,1.0,1,1.0,1,1.0,1,0.11266801062191982,54
4439,3,6739,3666,3073,0,0,0,1.0,1,1.0,1,1.0,1,0.1748853354328437,55
4440,1,6740,3666,3074,0,0,0,1.0,1,1.0,1,1.0,1,0.15616999294456346,55
4441,4,6744,3670,3074,0,0,0,1.0,1,1.0,1,1.0,1,0.147671436781348,59
4442,1,6745,3671,3074,0,0,0,1.0,1,1.0,1,1.0,1,0.14646655524992352,61
4443,3,6748,3673,3075,0,0,0,1.0,1,1.0,1,1.0,1,0.14136741116396864,60
4444,0,6748,3673,3075,0,0,0,1.0,1,1.0,1,1.0,1,0.14348115902227648,61
4445,0,6748,3673,3075,0,0,0,1.0,1,1.0,1,1.0,1,0.14348115902227648,61
4446,1,6749,3674,3075,0,0,0,1.0,1,1.0,1,1.0,1,0.16130848793202923,62
4447,0,6749,3674,3075,0,0,0,1.0,1,1.0,1,1.0,1,0.15030741201970615,63
4448,0,6749,3674,3075,0,0,0,1.0,1,1.0,1,1.0,1,0.15030741201970615,63
4449,0,6749,3674,3075,0,0,0,1.0,1,1.0,1,1.0,1,0.15030741201970615,63
4450,0,6749,3674,3075,0,0,0,1.0,1,1.0,1,1.0,1,0.15541377789530275,62
4451,5,6754,3674,3080,0,0,0,1.0,1,1.0,1,1.0,1,0.07926937031933061,63
4452,2,6756,3674,3082,0,0,0,1.0,1,1.0,1,1.0,1,0.06040314071743446,64
4453,0,6756,3674,3082,0,0,0,1.0,1,1.0,1,1.0,1,0.06762145408409609,65
4454,1,6757,3675,3082,0,0,0,1.0,1,1.0,1,1.0,1,0.058266869586879065,66
4455,2,6759,3676,3083,0,0,0,1.0,1,1.0,1,1.0,1,0.07347411441523087,67
4456,2,6761,3678,3083,0,0,0,1.0,1,1.0,1,1.0,1,0.09049234402090929,67
4457,1,6762,3679,3083,0,0,0,1.0,1,1.0,1,1.0,1,0.09940271047332357,65
4458,0,6762,3679,3083,0,0,0,1.0,1,1.0,1,1.0,1,0.09001595957368297,65
4459,4,6766,3683,3083,0,0,0,1.0,1,1.0,1,1.0,1,0.11075429590733968,64
4460,0,6766,3683,3083,0,0,0,1.0,1,1.0,1,1.0,1,0.09795656602158005,63
4461,4,6770,3686,3084,0,0,0,1.0,1,1.0,1,1.0,1,0.1160592303845895,62
4462,2,6772,3688,3084,0,0,0,1.0,1,1.0,1,1.0,1,0.1444789947815649,61
4463,3,6775,3690,3085,0,0,0,1.0,1,1.0,1,1.0,1,0.19148451025829197,61
4464,0,6775,3690,3085,0,0,0,1.0,1,1.0,1,1.0,1,0.19847375058993585,58
4465,1,6776,3691,3085,0,0,0,1.0,1,1.0,1,1.0,1,0.22491202806518593,57
4466,2,6778,3692,3086,0,0,0,1.0,1,1.0,1,1.0,1,0.273450257436064,54
4467,1,6779,3693,3086,0,0,0,1.0,1,1.0,1,1.0,1,0.24480691639002805,52
4468,4,6783,3697,3086,0,0,0,1.0,1,1.0,1,1.0,1,0.19736183325690226,52
4469,2,6785,3699,3086,0,0,0,1.0,1,1.0,1,1.0,1,0.1947372958910422,51
4470,2,6787,3701,3086,0,0,0,1.0,1,1.0,1,1.0,1,0.15583138067974778,51
4471,3,6790,3704,3086,0,0,0,1.0,1,1.0,1,1.0,1,0.15877998550284958,50
4472,1,6791,3705,3086,0,0,0,1.0,1,1.0,1,1.0,1,0.15084702859483504,48
4473,0,6791,3705,3086,0,0,0,1.0,1,1.0,1,1.0,1,0.16104309742557749,47
4474,1,6792,3706,3086,0,0,0,1.0,1,1.0,1,1.0,1,0.160293721739722,49
4475,0,6792,3706,3086,0,0,0,1.0,1,1.0,1,1.0,1,0.20319059078315674,47
4476,4,6796,3706,3090,0,0,0,1.0,1,1.0,1,1.0,1,0.11908816405104249,49
4477,1,6797,3707,3090,0,0,0,1.0,1,1.0,1,1.0,1,0.17064073221466516,48
4478,0,6797,3707,3090,0,0,0,1.0,1,1.0,1,1.0,1,0.17064073221466516,48
4479,1,6798,3708,3090,0,0,0,1.0,1,1.0,1,1.0,1,0.20089732122117016,48
4480,2,6800,3709,3091,0,0,0,1.0,1,1.0,1,1.0,1,0.1828548145346936,49
4481,2,6802,3709,3093,0,0,0,1.0,1,1.0,1,1.0,1,0.18484826248357744,49
4482,1,6803,3710,3093,0,0,0,1.0,1,1.0,1,1.0,1,0.1889551443589722,49
4483,0,6803,3710,3093,0,0,0,1.0,1,1.0,1,1.0,1,0.17828483088379493,50
4484,2,6805,3712,3093,0,0,0,1.0,1,1.0,1,1.0,1,0.1695613500044257,52
4485,0,6805,3712,3093,0,0,0,1.0,1,1.0,1,1.0,1,0.1707621131845781,53
4486,6,6811,3716,3095,0,0,0,1.0,1,1.0,1,1.0,1,0.13532299526013886,55
4487,2,6813,3718,3095,0,0,0,1.0,1,1.0,1,1.0,1,0.13640940753493222,55
4488,3,6816,3719,3097,0,0,0,1.0,1,1.0,1,1.0,1,0.1382242628333571,54
4489,1,6817,3719,3098,0,0,0,1.0,1,1.0,1,1.0,1,0.12462498689238952,53
4490,0,6817,3719,3098,0,0,0,1.0,1,1.0,1,1.0,1,0.12462498689238952,53
4491,2,6819,3721,3098,0,0,0,1.0,1,1.0,1,1.0,1,0.13941703176955683,52
4492,0,6819,3721,3098,0,0,0,1.0,1,1.0,1,1.0,1,0.13941703176955683,52
4493,2,6821,3722,3099,0,0,0,1.0,1,1.0,1,1.0,1,0.15274140329052882,52
4494,0,6821,3722,3099,0,0,0,1.0,1,1.0,1,1.0,1,0.1628702612160085,53
4495,5,6826,3727,3099,0,0,0,1.0,1,1.0,1,1.0,1,0.17229736099580842,50
4496,1,6827,3728,3099,0,0,0,1.0,1,1.0,1,1.0,1,0.17387807141676553,51
4497,2,6829,3730,3099,0,0,0,1.0,1,1.0,1,1.0,1,0.17968592649556706,50
4498,0,6829,3730,3099,0,0,0,1.0,1,1.0,1,1.0,1,0.17027660991396404,49
4499,1,6830,3731,3099,0,0,0,1.0,1,1.0,1,1.0,1,0.174187182490161,48
4500,3,6833,3734,3099,0,0,0,1.0,1,1.0,1,1.0,1,0.15761073044898685,48
4501,4,6837,3735,3102,0,0,0,1.0,1,1.0,1,1.0,1,0.09096431508732526,48
4502,2,6839,3737,3102,0,0,0,1.0,1,1.0,1,1.0,1,0.14508556317542498,49
4503,2,6841,3739,3102,0,0,0,1.0,1,1.0,1,1.0,1,0.1939953615622576,49
4504,0,6841,3739,3102,0,0,0,1.0,1,1.0,1,1.0,1,0.19178626618700667,45
4505,0,6841,3739,3102,0,0,0,1.0,1,1.0,1,1.0,1,0.1870070292585508,46
4506,4,6845,3742,3103,0,0,0,1.0,1,1.0,1,1.0,1,0.2106387765598879,45
4507,1,6846,3743,3103,0,0,0,1.0,1,1.0,1,1.0,1,0.21345547812900642,45
4508,1,6847,3744,3103,0,0,0,1.0,1,1.0,1,1.0,1,0.21697698947161784,43
4509,2,6849,3746,3103,0,0,0,1.0,1,1.0,1,1.0,1,0.21687091108072137,41
4510,2,6851,3748,3103,0,0,0,1.0,1,1.0,1,1.0,1,0.18950866069405917,42
4511,2,6853,3750,3103,0,0,0,1.0,1,1.0,1,1.0,1,0.21198614827054865,41
4512,0,6853,3750,3103,0,0,0,1.0,1,1.0,1,1.0,1,0.21198614827054865,41
4513,1,6854,3751,3103,0,0,0,1.0,1,1.0,1,1.0,1,0.19592185560247946,41
4514,2,6856,3753,3103,0,0,0,1.0,1,1.0,1,1.0,1,0.15436386631002655,42
4515,0,6856,3753,3103,0,0,0,1.0,1,1.0,1,1.0,1,0.20760771285813914,41
4516,3,6859,3756,3103,0,0,0,1.0,1,1.0,1,1.0,1,0.21981577168954244,42
4517,1,6860,3756,3104,0,0,0,1.0,1,1.0,1,1.0,1,0.19664272105089223,43
4518,0,6860,3756,3104,0,0,0,1.0,1,1.0,1,1.0,1,0.21774510233906086,42
4519,1,6861,3757,3104,0,0,0,1.0,1,1.0,1,1.0,1,0.2479807171309443,42
4520,0,6861,3757,3104,0,0,0,1.0,1,1.0,1,1.0,1,0.2728972346146494,42
4521,0,6861,3757,3104,0,0,0,1.0,1,1.0,1,1.0,1,0.2728972346146494,42
4522,3,6864,3760,3104,0,0,0,1.0,1,1.0,1,1.0,1,0.2736976473990612,42
4523,0,6864,3760,3104,0,0,0,1.0,1,1.0,1,1.0,1,0.2736976473990612,42
4524,2,6866,3762,3104,0,0,0,1.0,1,1.0,1,1.0,1,0.27437853889697617,43
4525,3,6869,3765,3104,0,0,0,1.0,1,1.0,1,1.0,1,0.2928827875951981,46
4526,10,6879,3768,3111,0,0,0,1.0,1,1.0,1,1.0,1,0.08785090088167868,46
4527,2,6881,3769,3112,0,0,0,1.0,1,1.0,1,1.0,1,0.05249029943502921,47
4528,0,6881,3769,3112,0,0,0,1.0,1,1.0,1,1.0,1,0.061018624498840913,49
4529,2,6883,3770,3113,0,0,0,1.0,1,1.0,1,1.0,1,0.0403386385685298,50
4530,1,6884,3771,3113,0,0,0,1.0,1,1.0,1,1.0,1,0.04397654601607079,51
4531,3,6887,3773,3114,0,0,0,1.0,1,1.0,1,1.0,1,0.0449866832759667,51
4532,0,6887,3773,3114,0,0,0,1.0,1,1.0,1,1.0,1,0.0449866832759667,51
4533,2,6889,3775,3114,0,0,0,1.0,1,1.0,1,1.0,1,0.06472661659951531,50
4534,1,6890,3775,3115,0,0,0,1.0,1,1.0,1,1.0,1,0.05761086326007891,51
4535,2,6892,3777,3115,0,0,0,1.0,1,1.0,1,1.0,1,0.09793628999993123,50
4536,0,6892,3777,3115,0,0,0,1.0,1,1.0,1,1.0,1,0.10472003989023869,48
4537,2,6894,3779,3115,0,0,0,1.0,1,1.0,1,1.0,1,0.12587923579815738,49
4538,0,6894,3779,3115,0,0,0,1.0,1,1.0,1,1.0,1,0.10926010375338902,48
4539,1,6895,3779,3116,0,0,0,1.0,1,1.0,1,1.0,1,0.11302889235350838,50
4540,2,6897,3780,3117,0,0,0,1.0,1,1.0,1,1.0,1,0.0943543933015328,49
4541,0,6897,3780,3117,0,0,0,1.0,1,1.0,1,1.0,1,0.0943543933015328,49
4542,0,6897,3780,3117,0,0,0,1.0,1,1.0,1,1.0,1,0.1233258334283386,47
4543,1,6898,3780,3118,0,0,0,1.0,1,1.0,1,1.0,1,0.15907977306278795,45
4544,1,6899,3781,3118,0,0,0,1.0,1,1.0,1,1.0,1,0.1732524597344838,45
4545,1,6900,3782,3118,0,0,0,1.0,1,1.0,1,1.0,1,0.17848481181105366,43
4546,1,6901,3783,3118,0,0,0,1.0,1,1.0,1,1.0,1,0.17541214276648728,43
4547,0,6901,3783,3118,0,0,0,1.0,1,1.0,1,1.0,1,0.19247715978623536,41
4548,0,6901,3783,3118,0,0,0,1.0,1,1.0,1,1.0,1,0.1848064345043768,42
4549,1,6902,3784,3118,0,0,0,1.0,1,1.0,1,1.0,1,0.14453072785205148,41
4550,3,6905,3787,3118,0,0,0,1.0,1,1.0,1,1.0,1,0.16339922298969708,41
4551,2,6907,3787,3120,0,0,0,1.0,1,1.0,1,1.0,1,0.09874099753651636,39
4552,0,6907,3787,3120,0,0,0,1.0,1,1.0,1,1.0,1,0.1042784041777388,38
4553,0,6907,3787,3120,0,0,0,1.0,1,1.0,1,1.0,1,0.11636702436777681,39
4554,0,6907,3787,3120,0,0,0,1.0,1,1.0,1,1.0,1,0.12363328877623224,38
4555,0,6907,3787,3120,0,0,0,1.0,1,1.0,1,1.0,1,0.13184687708177104,37
4556,3,6910,3790,3120,0,0,0,1.0,1,1.0,1,1.0,1,0.1631518358939778,36
4557,0,6910,3790,3120,0,0,0,1.0,1,1.0,1,1.0,1,0.1418956815022867,38
4558,1,6911,3791,3120,0,0,0,1.0,1,1.0,1,1.0,1,0.15533711890972893,39
4559,3,6914,3793,3121,0,0,0,1.0,1,1.0,1,1.0,1,0.20061953426294418,38
4560,2,6916,3794,3122,0,0,0,1.0,1,1.0,1,1.0,1,0.20375223619916763,41
4561,0,6916,3794,3122,0,0,0,1.0,1,1.0,1,1.0,1,0.20375223619916763,41
4562,3,6919,3795,3124,0,0,0,1.0,1,1.0,1,1.0,1,0.18906930123068455,43
4563,0,6919,3795,3124,0,0,0,1.0,1,1.0,1,1.0,1,0.17465863617493646,42
4564,1,6920,3795,3125,0,0,0,1.0,1,1.0,1,1.0,1,0.16847685284405553,43
4565,0,6920,3795,3125,0,0,0,1.0,1,1.0,1,1.0,1,0.18352037381919822,44
4566,1,6921,3796,3125,0,0,0,1.0,1,1.0,1,1.0,1,0.1617903615891238,45
4567,3,6924,3799,3125,0,0,0,1.0,1,1.0,1,1.0,1,0.16651835057456263,47
4568,4,6928,3800,3128,0,0,0,1.0,1,1.0,1,1.0,1,0.09621112663882783,47
4569,3,6931,3802,3129,0,0,0,1.0,1,1.0,1,1.0,1,0.10038554614264164,49
4570,1,6932,3803,3129,0,0,0,1.0,1,1.0,1,1.0,1,0.1270439945562734,49
4571,2,6934,3805,3129,0,0,0,1.0,1,1.0,1,1.0,1,0.13375159094782227,48
4572,1,6935,3806,3129,0,0,0,1.0,1,1.0,1,1.0,1,0.14667022081315267,48
4573,2,6937,3808,3129,0,0,0,1.0,1,1.0,1,1.0,1,0.16678569726253517,48
4574,4,6941,3810,3131,0,0,0,1.0,1,1.0,1,1.0,1,0.1876558390241665,50
4575,3,6944,3810,3134,0,0,0,1.0,1,1.0,1,1.0,1,0.14296171742330732,51
4576,1,6945,3810,3135,0,0,0,1.0,1,1.0,1,1.0,1,0.12887780248304162,48
4577,0,6945,3810,3135,0,0,0,1.0,1,1.0,1,1.0,1,0.12180128852833193,47
4578,0,6945,3810,3135,0,0,0,1.0,1,1.0,1,1.0,1,0.1098340246045327,46
4579,0,6945,3810,3135,0,0,0,1.0,1,1.0,1,1.0,1,0.11437626971220666,46
4580,0,6945,3810,3135,0,0,0,1.0,1,1.0,1,1.0,1,0.09948056033079056,47
4581,1,6946,3811,3135,0,0,0,1.0,1,1.0,1,1.0,1,0.11491365327644103,47
4582,0,6946,3811,3135,0,0,0,1.0,1,1.0,1,1.0,1,0.11811980800968944,48
4583,0,6946,3811,3135,0,0,0,1.0,1,1.0,1,1.0,1,0.11811980800968944,48
4584,1,6947,3811,3136,0,0,0,1.0,1,1.0,1,1.0,1,0.11521548344575633,50
4585,1,6948,3812,3136,0,0,0,1.0,1,1.0,1,1.0,1,0.13833315430278667,50
4586,0,6948,3812,3136,0,0,0,1.0,1,1.0,1,1.0,1,0.13833315430278667,50
4587,0,6948,3812,3136,0,0,0,1.0,1,1.0,1,1.0,1,0.13833315430278667,50
4588,1,6949,3813,3136,0,0,0,1.0,1,1.0,1,1.0,1,0.15867965225764072,50
4589,0,6949,3813,3136,0,0,0,1.0,1,1.0,1,1.0,1,0.15463853358392082,52
4590,0,6949,3813,3136,0,0,0,1.0,1,1.0,1,1.0,1,0.15463853358392082,52
4591,0,6949,3813,3136,0,0,0,1.0,1,1.0,1,1.0,1,0.1563150306276547,53
4592,0,6949,3813,3136,0,0,0,1.0,1,1.0,1,1.0,1,0.16951569554580875,54
4593,3,6952,3815,3137,0,0,0,1.0,1,1.0,1,1.0,1,0.18950051198549167,56
4594,1,6953,3815,3138,0,0,0,1.0,1,1.0,1,1.0,1,0.19306271817677467,57
4595,1,6954,3816,3138,0,0,0,1.0,1,1.0,1,1.0,1,0.17702752303452948,56
4596,0,6954,3816,3138,0,0,0,1.0,1,1.0,1,1.0,1,0.17702752303452948,56
4597,2,6956,3818,3138,0,0,0,1.0,1,1.0,1,1.0,1,0.16267637305517987,56
4598,2,6958,3820,3138,0,0,0,1.0,1,1.0,1,1.0,1,0.1891616420520174,57
4599,0,6958,3820,3138,0,0,0,1.0,1,1.0,1,1.0,1,0.1622767708077624,59
4600,0,6958,3820,3138,0,0,0,1.0,1,1.0,1,1.0,1,0.16443349341149738,60
4601,1,6959,3821,3138,0,0,0,1.0,1,1.0,1,1.0,1,0.1734456176656852,60
4602,0,6959,3821,3138,0,0,0,1.0,1,1.0,1,1.0,1,0.15902470155129647,62
4603,0,6959,3821,3138,0,0,0,1.0,1,1.0,1,1.0,1,0.15902470155129647,62
4604,1,6960,3822,3138,0,0,0,1.0,1,1.0,1,1.0,1,0.16036779784078245,63
4605,0,6960,3822,3138,0,0,0,1.0,1,1.0,1,1.0,1,0.16036779784078245,63
4606,0,6960,3822,3138,0,0,0,1.0,1,1.0,1,1.0,1,0.1681839170296224,64
4607,1,6961,3823,3138,0,0,0,1.0,1,1.0,1,1.0,1,0.16727937800183815,65
4608,2,6963,3824,3139,0,0,0,1.0,1,1.0,1,1.0,1,0.18699847323411378,66
4609,2,6965,3826,3139,0,0,0,1.0,1,1.0,1,1.0,1,0.19816218284478104,65
4610,1,6966,3826,3140,0,0,0,1.0,1,1.0,1,1.0,1,0.17066467124619472,63
4611,5,6971,3830,3141,0,0,0,1.0,1,1.0,1,1.0,1,0.19751320355559124,64
4612,1,6972,3830,3142,0,0,0,1.0,1,1.0,1,1.0,1,0.17132146121228134,62
4613,2,6974,3832,3142,0,0,0,1.0,1,1.0,1,1.0,1,0.1853663135625341,63
4614,2,6976,3832,3144,0,0,0,1.0,1,1.0,1,1.0,1,0.14385269670718895,61
4615,1,6977,3833,3144,0,0,0,1.0,1,1.0,1,1.0,1,0.1376712128799078,59
4616,1,6978,3833,3145,0,0,0,1.0,1,1.0,1,1.0,1,0.12207490269414026,58
4617,2,6980,3834,3146,0,0,0,1.0,1,1.0,1,1.0,1,0.1411577869587527,58
4618,1,6981,3835,3146,0,0,0,1.0,1,1.0,1,1.0,1,0.18201250497099597,57
4619,3,6984,3837,3147,0,0,0,1.0,1,1.0,1,1.0,1,0.2166293664012091,57
4620,0,6984,3837,3147,0,0,0,1.0,1,1.0,1,1.0,1,0.2166293664012091,57
4621,2,6986,3838,3148,0,0,0,1.0,1,1.0,1,1.0,1,0.21429637115991643,59
4622,4,6990,3841,3149,0,0,0,1.0,1,1.0,1,1.0,1,0.1776259536311411,60
4623,0,6990,3841,3149,0,0,0,1.0,1,1.0,1,1.0,1,0.19625960882649207,59
4624,4,6994,3845,3149,0,0,0,1.0,1,1.0,1,1.0,1,0.22128370927390797,59
4625,1,6995,3846,3149,0,0,0,1.0,1,1.0,1,1.0,1,0.2198585111883074,57
4626,4,6999,3848,3151,0,0,0,1.0,1,1.0,1,1.0,1,0.2260837674034434,56
4627,1,7000,3848,3152,0,0,0,1.0,1,1.0,1,1.0,1,0.21800791595862362,56
4628,1,7001,3848,3153,0,0,0,1.0,1,1.0,1,1.0,1,0.20235122136919537,56
4629,1,7002,3849,3153,0,0,0,1.0,1,1.0,1,1.0,1,0.2468691793432439,56
4630,0,7002,3849,3153,0,0,0,1.0,1,1.0,1,1.0,1,0.23900825667338957,57
4631,1,7003,3849,3154,0,0,0,1.0,1,1.0,1,1.0,1,0.26906103090177796,56
4632,2,7005,3850,3155,0,0,0,1.0,1,1.0,1,1.0,1,0.2996775913740663,57
4633,0,7005,3850,3155,0,0,0,1.0,1,1.0,1,1.0,1,0.28828937087383605,58
4634,1,7006,3851,3155,0,0,0,1.0,1,1.0,1,1.0,1,0.2802015334853758,58
4635,0,7006,3851,3155,0,0,0,1.0,1,1.0,1,1.0,1,0.2688262221863997,59
4636,0,7006,3851,3155,0,0,0,1.0,1,1.0,1,1.0,1,0.24985897810010194,60
4637,3,7009,3853,3156,0,0,0,1.0,1,1.0,1,1.0,1,0.2227267678301077,60
4638,1,7010,3853,3157,0,0,0,1.0,1,1.0,1,1.0,1,0.2277957826118801,61
4639,3,7013,3855,3158,0,0,0,1.0,1,1.0,1,1.0,1,0.20943554188612257,62
4640,0,7013,3855,3158,0,0,0,1.0,1,1.0,1,1.0,1,0.22047826373974433,63
4641,3,7016,3857,3159,0,0,0,1.0,1,1.0,1,1.0,1,0.19340241482365705,63
4642,0,7016,3857,3159,0,0,0,1.0,1,1.0,1,1.0,1,0.20744095209301666,62
4643,1,7017,3858,3159,0,0,0,1.0,1,1.0,1,1.0,1,0.2190327522984715,63
4644,2,7019,3859,3160,0,0,0,1.0,1,1.0,1,1.0,1,0.22354370871605062,62
4645,2,7021,3860,3161,0,0,0,1.0,1,1.0,1,1.0,1,0.2326379089032171,63
4646,3,7024,3862,3162,0,0,0,1.0,1,1.0,1,1.0,1,0.261665620049252,63
4647,1,7025,3863,3162,0,0,0,1.0,1,1.0,1,1.0,1,0.2744371877031496,62
4648,3,7028,3864,3164,0,0,0,1.0,1,1.0,1,1.0,1,0.2866971139557354,63
4649,1,7029,3865,3164,0,0,0,1.0,1,1.0,1,1.0,1,0.26055221216975233,61
4650,1,7030,3866,3164,0,0,0,1.0,1,1.0,1,1.0,1,0.22640772243690885,63
4651,5,7035,3867,3168,0,0,0,1.0,1,1.0,1,1.0,1,0.17823532097703337,62
4652,0,7035,3867,3168,0,0,0,1.0,1,1.0,1,1.0,1,0.16335793637077448,59
4653,0,7035,3867,3168,0,0,0,1.0,1,1.0,1,1.0,1,0.16487084314212577,60
4654,0,7035,3867,3168,0,0,0,1.0,1,1.0,1,1.0,1,0.16908047499944243,60
4655,1,7036,3868,3168,0,0,0,1.0,1,1.0,1,1.0,1,0.19433319537570576,60
4656,3,7039,3870,3169,0,0,0,1.0,1,1.0,1,1.0,1,0.24150159260347898,61
4657,3,7042,3871,3171,0,0,0,1.0,1,1.0,1,1.0,1,0.2088498909567047,62
4658,3,7045,3874,3171,0,0,0,1.0,1,1.0,1,1.0,1,0.22488447954735452,62
4659,1,7046,3874,3172,0,0,0,1.0,1,1.0,1,1.0,1,0.20635862021875964,61
4660,2,7048,3876,3172,0,0,0,1.0,1,1.0,1,1.0,1,0.2638579026159287,61
4661,0,7048,3876,3172,0,0,0,1.0,1,1.0,1,1.0,1,0.2613466356663138,61
4662,0,7048,3876,3172,0,0,0,1.0,1,1.0,1,1.0,1,0.2493697412804307,62
4663,0,7048,3876,3172,0,0,0,1.0,1,1.0,1,1.0,1,0.2553649575153259,61
4664,2,7050,3877,3173,0,0,0,1.0,1,1.0,1,1.0,1,0.24501467396480614,62
4665,0,7050,3877,3173,0,0,0,1.0,1,1.0,1,1.0,1,0.2559890230876692,61
4666,2,7052,3879,3173,0,0,0,1.0,1,1.0,1,1.0,1,0.26120334970863346,61
4667,3,7055,3881,3174,0,0,0,1.0,1,1.0,1,1.0,1,0.2544845478787029,59
4668,2,7057,3883,3174,0,0,0,1.0,1,1.0,1,1.0,1,0.2735337570437376,59
4669,1,7058,3883,3175,0,0,0,1.0,1,1.0,1,1.0,1,0.26466849820940214,58
4670,3,7061,3886,3175,0,0,0,1.0,1,1.0,1,1.0,1,0.2737663166044266,57
4671,1,7062,3887,3175,0,0,0,1.0,1,1.0,1,1.0,1,0.27006501361394464,55
4672,2,7064,3889,3175,0,0,0,1.0,1,1.0,1,1.0,1,0.2995861521111136,56
4673,1,7065,3890,3175,0,0,0,1.0,1,1.0,1,1.0,1,0.282118479217681,58
4674,1,7066,3891,3175,0,0,0,1.0,1,1.0,1,1.0,1,0.2980530445634708,58
4675,0,7066,3891,3175,0,0,0,1.0,1,1.0,1,1.0,1,0.32465043049807796,57
4676,8,7074,3892,3182,0,0,0,1.0,1,1.0,1,1.0,1,0.24687613422783958,58
4677,3,7077,3893,3184,0,0,0,1.0,1,1.0,1,1.0,1,0.23544946101112788,57
4678,2,7079,3894,3185,0,0,0,1.0,1,1.0,1,1.0,1,0.23728665142642325,57
4679,1,7080,3894,3186,0,0,0,1.0,1,1.0,1,1.0,1,0.23123555443631608,57
4680,2,7082,3894,3188,0,0,0,1.0,1,1.0,1,1.0,1,0.23059445276863905,59
4681,2,7084,3894,3190,0,0,0,1.0,1,1.0,1,1.0,1,0.21424851285069185,60
4682,3,7087,3895,3192,0,0,0,1.0,1,1.0,1,1.0,1,0.21286539098540253,60
4683,2,7089,3897,3192,0,0,0,1.0,1,1.0,1,1.0,1,0.1942878107236352,60
4684,3,7092,3898,3194,0,0,0,1.0,1,1.0,1,1.0,1,0.19383907347384294,60
4685,3,7095,3899,3196,0,0,0,1.0,1,1.0,1,1.0,1,0.20839252725572718,59
4686,2,7097,3901,3196,0,0,0,1.0,1,1.0,1,1.0,1,0.21743228777446547,60
4687,2,7099,3902,3197,0,0,0,1.0,1,1.0,1,1.0,1,0.2220164955777282,59
4688,3,7102,3903,3199,0,0,0,1.0,1,1.0,1,1.0,1,0.2456769843710934,59
4689,3,7105,3904,3201,0,0,0,1.0,1,1.0,1,1.0,1,0.27367335872974513,59
4690,2,7107,3905,3202,0,0,0,1.0,1,1.0,1,1.0,1,0.24661399334674947,58
4691,2,7109,3906,3203,0,0,0,1.0,1,1.0,1,1.0,1,0.23740058203462366,57
4692,3,7112,3906,3206,0,0,0,1.0,1,1.0,1,1.0,1,0.20286815073229347,58
4693,3,7115,3906,3209,0,0,0,1.0,1,1.0,1,1.0,1,0.17894077718597148,57
4694,2,7117,3907,3210,0,0,0,1.0,1,1.0,1,1.0,1,0.17599814312301312,57
4695,2,7119,3907,3212,0,0,0,1.0,1,1.0,1,1.0,1,0.19685031007925155,56
4696,5,7124,3909,3215,0,0,0,1.0,1,1.0,1,1.0,1,0.20597458835155566,57
4697,1,7125,3909,3216,0,0,0,1.0,1,1.0,1,1.0,1,0.18612020397897241,58
4698,3,7128,3909,3219,0,0,0,1.0,1,1.0,1,1.0,1,0.13881180841006766,59
4699,3,7131,3909,3222,0,0,0,1.0,1,1.0,1,1.0,1,0.16309992926750877,58
4700,3,7134,3909,3225,0,0,0,1.0,1,1.0,1,1.0,1,0.13287177276116627,59
4701,3,7137,3909,3228,0,0,0,1.0,1,1.0,1,1.0,1,0.11332381341380214,60
4702,0,7137,3909,3228,0,0,0,1.0,1,1.0,1,1.0,1,0.12144075627646601,61
4703,2,7139,3910,3229,0,0,0,1.0,1,1.0,1,1.0,1,0.12998441316753423,59
4704,1,7140,3910,3230,0,0,0,1.0,1,1.0,1,1.0,1,0.1062522825995746,58
4705,2,7142,3912,3230,0,0,0,1.0,1,1.0,1,1.0,1,0.16843933777749298,58
4706,2,7144,3914,3230,0,0,0,1.0,1,1.0,1,1.0,1,0.17878161761467318,60
4707,1,7145,3915,3230,0,0,0,1.0,1,1.0,1,1.0,1,0.18385579656874762,57
4708,3,7148,3918,3230,0,0,0,1.0,1,1.0,1,1.0,1,0.20868159119388774,57
4709,2,7150,3920,3230,0,0,0,1.0,1,1.0,1,1.0,1,0.24694481449746283,55
4710,1,7151,3921,3230,0,0,0,1.0,1,1.0,1,1.0,1,0.2674578004280394,53
4711,2,7153,3923,3230,0,0,0,1.0,1,1.0,1,1.0,1,0.23195287826694616,52
4712,0,7153,3923,3230,0,0,0,1.0,1,1.0,1,1.0,1,0.23178556865979544,52
4713,2,7155,3925,3230,0,0,0,1.0,1,1.0,1,1.0,1,0.24060571517468018,51
4714,0,7155,3925,3230,0,0,0,1.0,1,1.0,1,1.0,1,0.240397515911084,50
4715,2,7157,3925,3232,0,0,0,1.0,1,1.0,1,1.0,1,0.18800368855639282,50
4716,2,7159,3926,3233,0,0,0,1.0,1,1.0,1,1.0,1,0.22298237418893238,49
4717,3,7162,3927,3235,0,0,0,1.0,1,1.0,1,1.0,1,0.2152111298511312,49
4718,0,7162,3927,3235,0,0,0,1.0,1,1.0,1,1.0,1,0.21508973870787088,50
4719,1,7163,3927,3236,0,0,0,1.0,1,1.0,1,1.0,1,0.19932274500380429,49
4720,1,7164,3927,3237,0,0,0,1.0,1,1.0,1,1.0,1,0.17797607914796315,49
4721,1,7165,3928,3237,0,0,0,1.0,1,1.0,1,1.0,1,0.16229907472545166,50
4722,1,7166,3928,3238,0,0,0,1.0,1,1.0,1,1.0,1,0.15658577341961513,51
4723,0,7166,3928,3238,0,0,0,1.0,1,1.0,1,1.0,1,0.12140681682919942,50
4724,2,7168,3930,3238,0,0,0,1.0,1,1.0,1,1.0,1,0.14628163560718987,50
4725,0,7168,3930,3238,0,0,0,1.0,1,1.0,1,1.0,1,0.15766186723702827,52
4726,3,7171,3931,3240,0,0,0,1.0,1,1.0,1,1.0,1,0.16392727320223555,51
4727,2,7173,3932,3241,0,0,0,1.0,1,1.0,1,1.0,1,0.159300390267246,52
4728,2,7175,3934,3241,0,0,0,1.0,1,1.0,1,1.0,1,0.19026903126097067,52
4729,1,7176,3934,3242,0,0,0,1.0,1,1.0,1,1.0,1,0.1756436368678973,52
4730,1,7177,3934,3243,0,0,0,1.0,1,1.0,1,1.0,1,0.17113109679075497,50
4731,3,7180,3937,3243,0,0,0,1.0,1,1.0,1,1.0,1,0.20069768051567935,51
4732,0,7180,3937,3243,0,0,0,1.0,1,1.0,1,1.0,1,0.20003200222987128,52
4733,9,7189,3940,3249,0,0,0,1.0,1,1.0,1,1.0,1,0.2785079232376471,53
4734,6,7195,3940,3255,0,0,0,1.0,1,1.0,1,1.0,1,0.27858215677147546,53
4735,7,7202,3941,3261,0,0,0,1.0,1,1.0,1,1.0,1,0.28772034024774473,53
4736,7,7209,3942,3267,0,0,0,1.0,1,1.0,1,1.0,1,0.30465157858671854,55
4737,7,7216,3942,3274,0,0,0,1.0,1,1.0,1,1.0,1,0.30007848117116664,57
4738,8,7224,3942,3282,0,0,0,1.0,1,1.0,1,1.0,1,0.30007848117116664,57
4739,5,7229,3942,3287,0,0,0,1.0,1,1.0,1,1.0,1,0.2654095547835281,57
4740,6,7235,3942,3293,0,0,0,1.0,1,1.0,1,1.0,1,0.23754101869663155,57
4741,4,7239,3942,3297,0,0,0,1.0,1,1.0,1,1.0,1,0.24489389742409484,58
4742,1,7240,3943,3297,0,0,0,1.0,1,1.0,1,1.0,1,0.2534291176422298,58
4743,1,7241,3943,3298,0,0,0,1.0,1,1.0,1,1.0,1,0.21507528209055374,56
4744,0,7241,3943,3298,0,0,0,1.0,1,1.0,1,1.0,1,0.2048253968084863,57
4745,3,7244,3945,3299,0,0,0,1.0,1,1.0,1,1.0,1,0.19905916319231096,56
4746,1,7245,3946,3299,0,0,0,1.0,1,1.0,1,1.0,1,0.20938240325307514,56
4747,1,7246,3947,3299,0,0,0,1.0,1,1.0,1,1.0,1,0.189693639014463,55
4748,1,7247,3948,3299,0,0,0,1.0,1,1.0,1,1.0,1,0.19845429431421266,55
4749,1,7248,3948,3300,0,0,0,1.0,1,1.0,1,1.0,1,0.1771613454763247,54
4750,1,7249,3949,3300,0,0,0,1.0,1,1.0,1,1.0,1,0.1633598748310553,53
4751,0,7249,3949,3300,0,0,0,1.0,1,1.0,1,1.0,1,0.19389221231771117,53
4752,1,7250,3950,3300,0,0,0,1.0,1,1.0,1,1.0,1,0.1824073820875526,53
4753,0,7250,3950,3300,0,0,0,1.0,1,1.0,1,1.0,1,0.20517835888967842,52
4754,2,7252,3950,3302,0,0,0,1.0,1,1.0,1,1.0,1,0.15477192470778026,52
4755,2,7254,3950,3304,0,0,0,1.0,1,1.0,1,1.0,1,0.11085040275523919,51
4756,2,7256,3950,3306,0,0,0,1.0,1,1.0,1,1.0,1,0.09987787333199555,52
4757,1,7257,3950,3307,0,0,0,1.0,1,1.0,1,1.0,1,0.0833569932811827,51
4758,1,7258,3950,3308,0,0,0,1.0,1,1.0,1,1.0,1,0.07367029421316347,51
4759,0,7258,3950,3308,0,0,0,1.0,1,1.0,1,1.0,1,0.07367029421316347,51
4760,1,7259,3951,3308,0,0,0,1.0,1,1.0,1,1.0,1,0.05763316568918759,52
4761,2,7261,3953,3308,0,0,0,1.0,1,1.0,1,1.0,1,0.060211524217214846,50
4762,5,7266,3958,3308,0,0,0,1.0,1,1.0,1,1.0,1,0.16383269534571046,51
4763,0,7266,3958,3308,0,0,0,1.0,1,1.0,1,1.0,1,0.16383269534571046,51
4764,5,7271,3962,3309,0,0,0,1.0,1,1.0,1,1.0,1,0.2370725707726006,53
4765,1,7272,3962,3310,0,0,0,1.0,1,1.0,1,1.0,1,0.20922014405640998,53
4766,3,7275,3964,3311,0,0,0,1.0,1,1.0,1,1.0,1,0.19703979711100514,55
4767,0,7275,3964,3311,0,0,0,1.0,1,1.0,1,1.0,1,0.17582503426627158,56
4768,0,7275,3964,3311,0,0,0,1.0,1,1.0,1,1.0,1,0.16411546780051964,56
4769,3,7278,3965,3313,0,0,0,1.0,1,1.0,1,1.0,1,0.17705461476260267,56
4770,1,7279,3965,3314,0,0,0,1.0,1,1.0,1,1.0,1,0.15909989709316746,56
4771,1,7280,3965,3315,0,0,0,1.0,1,1.0,1,1.0,1,0.15500292799097412,55
4772,0,7280,3965,3315,0,0,0,1.0,1,1.0,1,1.0,1,0.16434727840119612,56
4773,0,7280,3965,3315,0,0,0,1.0,1,1.0,1,1.0,1,0.16434727840119612,56
4774,1,7281,3965,3316,0,0,0,1.0,1,1.0,1,1.0,1,0.14781997321793894,58
4775,0,7281,3965,3316,0,0,0,1.0,1,1.0,1,1.0,1,0.1364189705453386,59
4776,5,7286,3965,3321,0,0,0,1.0,1,1.0,1,1.0,1,0.03668228841212554,59
4777,1,7287,3966,3321,0,0,0,1.0,1,1.0,1,1.0,1,0.048523612594459115,60
4778,1,7288,3967,3321,0,0,0,1.0,1,1.0,1,1.0,1,0.03354067429192089,60
4779,1,7289,3968,3321,0,0,0,1.0,1,1.0,1,1.0,1,0.03845368042133158,61
4780,1,7290,3969,3321,0,0,0,1.0,1,1.0,1,1.0,1,0.04586444724123582,63
4781,0,7290,3969,3321,0,0,0,1.0,1,1.0,1,1.0,1,0.050645557768436086,62
4782,1,7291,3970,3321,0,0,0,1.0,1,1.0,1,1.0,1,0.0850219155170972,63
4783,2,7293,3972,3321,0,0,0,1.0,1,1.0,1,1.0,1,0.06747407692808463,62
4784,2,7295,3974,3321,0,0,0,1.0,1,1.0,1,1.0,1,0.028986489087790227,62
4785,3,7298,3977,3321,0,0,0,1.0,1,1.0,1,1.0,1,0.02647275361614271,62
4786,4,7302,3981,3321,0,0,0,1.0,1,1.0,1,1.0,1,0.08351232072933001,63
4787,2,7304,3983,3321,0,0,0,1.0,1,1.0,1,1.0,1,0.09268897248249111,62
4788,4,7308,3986,3322,0,0,0,1.0,1,1.0,1,1.0,1,0.1282093695699427,62
4789,4,7312,3990,3322,0,0,0,1.0,1,1.0,1,1.0,1,0.14568149709518594,60
4790,7,7319,3995,3324,0,0,0,1.0,1,1.0,1,1.0,1,0.10879188757273496,61
4791,1,7320,3996,3324,0,0,0,1.0,1,1.0,1,1.0,1,0.1274071532817506,60
4792,4,7324,4000,3324,0,0,0,1.0,1,1.0,1,1.0,1,0.12288375888259541,60
4793,2,7326,4001,3325,0,0,0,1.0,1,1.0,1,1.0,1,0.1320289050586916,61
4794,1,7327,4002,3325,0,0,0,1.0,1,1.0,1,1.0,1,0.16976749023646742,59
4795,1,7328,4003,3325,0,0,0,1.0,1,1.0,1,1.0,1,0.14196606370131143,61
4796,2,7330,4004,3326,0,0,0,1.0,1,1.0,1,1.0,1,0.16913786606023368,59
4797,3,7333,4007,3326,0,0,0,1.0,1,1.0,1,1.0,1,0.23414237659945436,58
4798,1,7334,4008,3326,0,0,0,1.0,1,1.0,1,1.0,1,0.21720270206774003,59
4799,0,7334,4008,3326,0,0,0,1.0,1,1.0,1,1.0,1,0.23215256566797923,57
4800,1,7335,4009,3326,0,0,0,1.0,1,1.0,1,1.0,1,0.238248096827205,58
4801,12,7347,4012,3335,0,0,0,1.0,1,1.0,1,1.0,1,0.08054855065937738,57
4802,2,7349,4013,3336,0,0,0,1.0,1,1.0,1,1.0,1,0.09247280897402073,57
4803,0,7349,4013,3336,0,0,0,1.0,1,1.0,1,1.0,1,0.09016988871727229,56
4804,0,7349,4013,3336,0,0,0,1.0,1,1.0,1,1.0,1,0.10652977655904873,54
4805,0,7349,4013,3336,0,0,0,1.0,1,1.0,1,1.0,1,0.11371047639114028,56
4806,0,7349,4013,3336,0,0,0,1.0,1,1.0,1,1.0,1,0.11173591419927763,55
4807,1,7350,4014,3336,0,0,0,1.0,1,1.0,1,1.0,1,0.10062644731513588,54
4808,0,7350,4014,3336,0,0,0,1.0,1,1.0,1,1.0,1,0.11947890321360659,53
4809,0,7350,4014,3336,0,0,0,1.0,1,1.0,1,1.0,1,0.11947890321360659,53
4810,3,7353,4017,3336,0,0,0,1.0,1,1.0,1,1.0,1,0.12309357706554927,51
4811,2,7355,4019,3336,0,0,0,1.0,1,1.0,1,1.0,1,0.13178090869843131,52
4812,1,7356,4020,3336,0,0,0,1.0,1,1.0,1,1.0,1,0.12165536677208497,52
4813,1,7357,4021,3336,0,0,0,1.0,1,1.0,1,1.0,1,0.10608396097016687,52
4814,1,7358,4022,3336,0,0,0,1.0,1,1.0,1,1.0,1,0.12028326347580306,53
4815,5,7363,4027,3336,0,0,0,1.0,1,1.0,1,1.0,1,0.12341689916875559,54
4816,1,7364,4028,3336,0,0,0,1.0,1,1.0,1,1.0,1,0.12168305810643049,54
4817,3,7367,4030,3337,0,0,0,1.0,1,1.0,1,1.0,1,0.17630975862925186,55
4818,6,7373,4033,3340,0,0,0,1.0,1,1.0,1,1.0,1,0.15263361196492228,55
4819,1,7374,4034,3340,0,0,0,1.0,1,1.0,1,1.0,1,0.1615962412970541,55
4820,2,7376,4034,3342,0,0,0,1.0,1,1.0,1,1.0,1,0.13957617557812318,55
4821,2,7378,4035,3343,0,0,0,1.0,1,1.0,1,1.0,1,0.15716011749694722,55
4822,2,7380,4035,3345,0,0,0,1.0,1,1.0,1,1.0,1,0.15507275022664105,54
4823,2,7382,4036,3346,0,0,0,1.0,1,1.0,1,1.0,1,0.14152769984881935,54
4824,1,7383,4037,3346,0,0,0,1.0,1,1.0,1,1.0,1,0.14377152042931296,55
4825,1,7384,4038,3346,0,0,0,1.0,1,1.0,1,1.0,1,0.1906717402396039,53
4826,8,7392,4038,3354,0,0,0,1.0,1,1.0,1,1.0,1,0.0462332014217548,54
4827,2,7394,4040,3354,0,0,0,1.0,1,1.0,1,1.0,1,0.12782769226356225,53
4828,1,7395,4040,3355,0,0,0,1.0,1,1.0,1,1.0,1,0.09840986846271767,54
4829,0,7395,4040,3355,0,0,0,1.0,1,1.0,1,1.0,1,0.09230691444094456,54
4830,0,7395,4040,3355,0,0,0,1.0,1,1.0,1,1.0,1,0.07956437195656378,53
4831,0,7395,4040,3355,0,0,0,1.0,1,1.0,1,1.0,1,0.09052272517586513,52
4832,1,7396,4041,3355,0,0,0,1.0,1,1.0,1,1.0,1,0.09129328758997375,50
4833,0,7396,4041,3355,0,0,0,1.0,1,1.0,1,1.0,1,0.10534371641431767,51
4834,0,7396,4041,3355,0,0,0,1.0,1,1.0,1,1.0,1,0.11377731282446327,51
4835,0,7396,4041,3355,0,0,0,1.0,1,1.0,1,1.0,1,0.15503880008329776,50
4836,0,7396,4041,3355,0,0,0,1.0,1,1.0,1,1.0,1,0.1281859162918527,50
4837,1,7397,4042,3355,0,0,0,1.0,1,1.0,1,1.0,1,0.16010441330544473,46
4838,3,7400,4045,3355,0,0,0,1.0,1,1.0,1,1.0,1,0.21238565260971792,47
4839,3,7403,4047,3356,0,0,0,1.0,1,1.0,1,1.0,1,0.19629148819232303,45
4840,0,7403,4047,3356,0,0,0,1.0,1,1.0,1,1.0,1,0.19629148819232303,45
4841,1,7404,4048,3356,0,0,0,1.0,1,1.0,1,1.0,1,0.23628528548059255,43
4842,1,7405,4048,3357,0,0,0,1.0,1,1.0,1,1.0,1,0.20343484929168557,43
4843,1,7406,4049,3357,0,0,0,1.0,1,1.0,1,1.0,1,0.18165693599645888,44
4844,0,7406,4049,3357,0,0,0,1.0,1,1.0,1,1.0,1,0.1920776827080124,43
4845,2,7408,4051,3357,0,0,0,1.0,1,1.0,1,1.0,1,0.16731643457795178,44
4846,1,7409,4052,3357,0,0,0,1.0,1,1.0,1,1.0,1,0.1595744138867336,43
4847,2,7411,4054,3357,0,0,0,1.0,1,1.0,1,1.0,1,0.2022552460904922,42
4848,3,7414,4056,3358,0,0,0,1.0,1,1.0,1,1.0,1,0.22135114143548115,41
4849,2,7416,4058,3358,0,0,0,1.0,1,1.0,1,1.0,1,0.20128395408919947,41
4850,1,7417,4058,3359,0,0,0,1.0,1,1.0,1,1.0,1,0.22374991539123268,41
4851,5,7422,4058,3364,0,0,0,1.0,1,1.0,1,1.0,1,0.11301817178495696,41
4852,1,7423,4059,3364,0,0,0,1.0,1,1.0,1,1.0,1,0.15769798330746787,43
4853,0,7423,4059,3364,0,0,0,1.0,1,1.0,1,1.0,1,0.17397173047154907,44
4854,0,7423,4059,3364,0,0,0,1.0,1,1.0,1,1.0,1,0.16438960968710295,45
4855,0,7423,4059,3364,0,0,0,1.0,1,1.0,1,1.0,1,0.16351723155690198,44
4856,0,7423,4059,3364,0,0,0,1.0,1,1.0,1,1.0,1,0.16351723155690198,44
4857,0,7423,4059,3364,0,0,0,1.0,1,1.0,1,1.0,1,0.1760198006600255,44
4858,0,7423,4059,3364,0,0,0,1.0,1,1.0,1,1.0,1,0.1778990608875405,45
4859,0,7423,4059,3364,0,0,0,1.0,1,1.0,1,1.0,1,0.19145658458533976,46
4860,0,7423,4059,3364,0,0,0,1.0,1,1.0,1,1.0,1,0.19145658458533976,46
4861,0,7423,4059,3364,0,0,0,1.0,1,1.0,1,1.0,1,0.16665600341622164,46
4862,1,7424,4059,3365,0,0,0,1.0,1,1.0,1,1.0,1,0.14860428749139218,47
4863,2,7426,4060,3366,0,0,0,1.0,1,1.0,1,1.0,1,0.11598739935566828,47
4864,0,7426,4060,3366,0,0,0,1.0,1,1.0,1,1.0,1,0.11514401431453679,47
4865,0,7426,4060,3366,0,0,0,1.0,1,1.0,1,1.0,1,0.12879173614050776,48
4866,0,7426,4060,3366,0,0,0,1.0,1,1.0,1,1.0,1,0.1239173952592249,49
4867,0,7426,4060,3366,0,0,0,1.0,1,1.0,1,1.0,1,0.12699710221334207,50
4868,2,7428,4062,3366,0,0,0,1.0,1,1.0,1,1.0,1,0.13736427967192263,50
4869,0,7428,4062,3366,0,0,0,1.0,1,1.0,1,1.0,1,0.13736427967192263,50
4870,2,7430,4064,3366,0,0,0,1.0,1,1.0,1,1.0,1,0.16578936811308984,52
4871,0,7430,4064,3366,0,0,0,1.0,1,1.0,1,1.0,1,0.16578936811308984,52
4872,0,7430,4064,3366,0,0,0,1.0,1,1.0,1,1.0,1,0.1451466945471945,53
4873,3,7433,4066,3367,0,0,0,1.0,1,1.0,1,1.0,1,0.17502898007598278,55
4874,2,7435,4067,3368,0,0,0,1.0,1,1.0,1,1.0,1,0.16768535554318595,56
4875,3,7438,4069,3369,0,0,0,1.0,1,1.0,1,1.0,1,0.14583192770860018,55
4876,4,7442,4070,3372,0,0,0,1.0,1,1.0,1,1.0,1,0.13545174821992725,55
4877,9,7451,4075,3376,0,0,0,1.0,1,1.0,1,1.0,1,0.147343268154079,54
4878,2,7453,4076,3377,0,0,0,1.0,1,1.0,1,1.0,1,0.13980540781589246,53
4879,2,7455,4077,3378,0,0,0,1.0,1,1.0,1,1.0,1,0.1457934229842079,54
4880,1,7456,4078,3378,0,0,0,1.0,1,1.0,1,1.0,1,0.15585079898308038,54
4881,3,7459,4080,3379,0,0,0,1.0,1,1.0,1,1.0,1,0.15657679081652207,53
4882,2,7461,4081,3380,0,0,0,1.0,1,1.0,1,1.0,1,0.15807398776687834,53
4883,0,7461,4081,3380,0,0,0,1.0,1,1.0,1,1.0,1,0.15846620550399793,53
4884,1,7462,4082,3380,0,0,0,1.0,1,1.0,1,1.0,1,0.1586787680764068,51
4885,1,7463,4083,3380,0,0,0,1.0,1,1.0,1,1.0,1,0.1951886099222558,50
4886,0,7463,4083,3380,0,0,0,1.0,1,1.0,1,1.0,1,0.21415928940845336,48
4887,0,7463,4083,3380,0,0,0,1.0,1,1.0,1,1.0,1,0.21415928940845336,48
4888,0,7463,4083,3380,0,0,0,1.0,1,1.0,1,1.0,1,0.21415928940845336,48
4889,0,7463,4083,3380,0,0,0,1.0,1,1.0,1,1.0,1,0.21415928940845336,48
4890,1,7464,4084,3380,0,0,0,1.0,1,1.0,1,1.0,1,0.18665780410382363,49
4891,1,7465,4085,3380,0,0,0,1.0,1,1.0,1,1.0,1,0.20397818266491766,50
4892,0,7465,4085,3380,0,0,0,1.0,1,1.0,1,1.0,1,0.21452965590488468,49
4893,0,7465,4085,3380,0,0,0,1.0,1,1.0,1,1.0,1,0.20671373869373447,50
4894,1,7466,4085,3381,0,0,0,1.0,1,1.0,1,1.0,1,0.19524387072442173,51
4895,0,7466,4085,3381,0,0,0,1.0,1,1.0,1,1.0,1,0.1855053121813518,52
4896,1,7467,4086,3381,0,0,0,1.0,1,1.0,1,1.0,1,0.16889989863904178,53
4897,0,7467,4086,3381,0,0,0,1.0,1,1.0,1,1.0,1,0.16889989863904178,53
4898,2,7469,4088,3381,0,0,0,1.0,1,1.0,1,1.0,1,0.14071589649704827,53
4899,2,7471,4090,3381,0,0,0,1.0,1,1.0,1,1.0,1,0.13292936523910884,55
4900,2,7473,4091,3382,0,0,0,1.0,1,1.0,1,1.0,1,0.144973990436725,55
4901,3,7476,4092,3384,0,0,0,1.0,1,1.0,1,1.0,1,0.11635714944861576,56
4902,1,7477,4093,3384,0,0,0,1.0,1,1.0,1,1.0,1,0.15177348596349818,58
4903,1,7478,4094,3384,0,0,0,1.0,1,1.0,1,1.0,1,0.17030561113682777,58
4904,1,7479,4095,3384,0,0,0,1.0,1,1.0,1,1.0,1,0.16084848403162527,57
4905,1,7480,4096,3384,0,0,0,1.0,1,1.0,1,1.0,1,0.20764891596157675,54
4906,1,7481,4096,3385,0,0,0,1.0,1,1.0,1,1.0,1,0.20908480483366074,55
4907,0,7481,4096,3385,0,0,0,1.0,1,1.0,1,1.0,1,0.22791103669003754,52
4908,1,7482,4097,3385,0,0,0,1.0,1,1.0,1,1.0,1,0.24776307637325373,53
4909,0,7482,4097,3385,0,0,0,1.0,1,1.0,1,1.0,1,0.2556884063511747,52
4910,1,7483,4098,3385,0,0,0,1.0,1,1.0,1,1.0,1,0.27308991297841395,53
4911,3,7486,4100,3386,0,0,0,1.0,1,1.0,1,1.0,1,0.2479106454187383,55
4912,3,7489,4102,3387,0,0,0,1.0,1,1.0,1,1.0,1,0.25861065750729484,54
4913,0,7489,4102,3387,0,0,0,1.0,1,1.0,1,1.0,1,0.24793117959176394,53
4914,1,7490,4103,3387,0,0,0,1.0,1,1.0,1,1.0,1,0.23259744546564587,53
4915,0,7490,4103,3387,0,0,0,1.0,1,1.0,1,1.0,1,0.23282212641521144,54
4916,1,7491,4104,3387,0,0,0,1.0,1,1.0,1,1.0,1,0.24360208060120014,52
4917,2,7493,4105,3388,0,0,0,1.0,1,1.0,1,1.0,1,0.23184199376354475,52
4918,0,7493,4105,3388,0,0,0,1.0,1,1.0,1,1.0,1,0.2313849122741796,51
4919,1,7494,4106,3388,0,0,0,1.0,1,1.0,1,1.0,1,0.26514208665296,50
4920,1,7495,4106,3389,0,0,0,1.0,1,1.0,1,1.0,1,0.2443536257276556,51
4921,0,7495,4106,3389,0,0,0,1.0,1,1.0,1,1.0,1,0.2443536257276556,51
4922,1,7496,4107,3389,0,0,0,1.0,1,1.0,1,1.0,1,0.2750914980915369,53
4923,2,7498,4109,3389,0,0,0,1.0,1,1.0,1,1.0,1,0.25340678509173914,53
4924,1,7499,4110,3389,0,0,0,1.0,1,1.0,1,1.0,1,0.2365055844626012,55
4925,2,7501,4112,3389,0,0,0,1.0,1,1.0,1,1.0,1,0.23194850234265899,56
4926,6,7507,4112,3395,0,0,0,1.0,1,1.0,1,1.0,1,0.11338149367986373,55
4927,2,7509,4114,3395,0,0,0,1.0,1,1.0,1,1.0,1,0.12881528910899484,55
4928,1,7510,4114,3396,0,0,0,1.0,1,1.0,1,1.0,1,0.11781074866357555,55
4929,2,7512,4114,3398,0,0,0,1.0,1,1.0,1,1.0,1,0.08815779063103175,56
4930,0,7512,4114,3398,0,0,0,1.0,1,1.0,1,1.0,1,0.10226037566168959,58
4931,0,7512,4114,3398,0,0,0,1.0,1,1.0,1,1.0,1,0.09717267130620341,59
4932,0,7512,4114,3398,0,0,0,1.0,1,1.0,1,1.0,1,0.11089151256538525,60
4933,1,7513,4115,3398,0,0,0,1.0,1,1.0,1,1.0,1,0.13111957876808408,60
4934,2,7515,4116,3399,0,0,0,1.0,1,1.0,1,1.0,1,0.13741692311282014,60
4935,0,7515,4116,3399,0,0,0,1.0,1,1.0,1,1.0,1,0.13741692311282014,60
4936,2,7517,4118,3399,0,0,0,1.0,1,1.0,1,1.0,1,0.15257535340029882,61
4937,3,7520,4119,3401,0,0,0,1.0,1,1.0,1,1.0,1,0.17416576711429294,62
4938,0,7520,4119,3401,0,0,0,1.0,1,1.0,1,1.0,1,0.17416576711429294,62
4939,3,7523,4122,3401,0,0,0,1.0,1,1.0,1,1.0,1,0.15442491663761557,64
4940,1,7524,4122,3402,0,0,0,1.0,1,1.0,1,1.0,1,0.15603282190469406,67
4941,1,7525,4123,3402,0,0,0,1.0,1,1.0,1,1.0,1,0.15737791480784252,66
4942,1,7526,4123,3403,0,0,0,1.0,1,1.0,1,1.0,1,0.15635924131850001,67
4943,0,7526,4123,3403,0,0,0,1.0,1,1.0,1,1.0,1,0.17436027696512013,65
4944,0,7526,4123,3403,0,0,0,1.0,1,1.0,1,1.0,1,0.17436027696512013,65
4945,3,7529,4125,3404,0,0,0,1.0,1,1.0,1,1.0,1,0.1765076167853766,62
4946,0,7529,4125,3404,0,0,0,1.0,1,1.0,1,1.0,1,0.1837338588089447,61
4947,2,7531,4127,3404,0,0,0,1.0,1,1.0,1,1.0,1,0.19136130319742065,59
4948,1,7532,4128,3404,0,0,0,1.0,1,1.0,1,1.0,1,0.21651083408119673,59
4949,1,7533,4129,3404,0,0,0,1.0,1,1.0,1,1.0,1,0.2137756339994989,57
4950,5,7538,4134,3404,0,0,0,1.0,1,1.0,1,1.0,1,0.23154239106977018,58
4951,8,7546,4139,3407,0,0,0,1.0,1,1.0,1,1.0,1,0.21363787364165626,55
4952,3,7549,4141,3408,0,0,0,1.0,1,1.0,1,1.0,1,0.17439916290972546,53
4953,2,7551,4143,3408,0,0,0,1.0,1,1.0,1,1.0,1,0.20187885809825484,54
4954,0,7551,4143,3408,0,0,0,1.0,1,1.0,1,1.0,1,0.18187570331405187,52
4955,0,7551,4143,3408,0,0,0,1.0,1,1.0,1,1.0,1,0.1970394156178778,51
4956,0,7551,4143,3408,0,0,0,1.0,1,1.0,1,1.0,1,0.2157763585756167,47
4957,1,7552,4143,3409,0,0,0,1.0,1,1.0,1,1.0,1,0.2034996450339846,48
4958,1,7553,4143,3410,0,0,0,1.0,1,1.0,1,1.0,1,0.17496720809474897,47
4959,0,7553,4143,3410,0,0,0,1.0,1,1.0,1,1.0,1,0.17496720809474897,47
4960,0,7553,4143,3410,0,0,0,1.0,1,1.0,1,1.0,1,0.18764599730838638,48
4961,0,7553,4143,3410,0,0,0,1.0,1,1.0,1,1.0,1,0.16882878175132748,49
4962,2,7555,4145,3410,0,0,0,1.0,1,1.0,1,1.0,1,0.1936247146366742,49
4963,2,7557,4145,3412,0,0,0,1.0,1,1.0,1,1.0,1,0.18556425195452123,51
4964,1,7558,4146,3412,0,0,0,1.0,1,1.0,1,1.0,1,0.2086332221093573,51
4965,2,7560,4148,3412,0,0,0,1.0,1,1.0,1,1.0,1,0.24629809950420975,51
4966,3,7563,4149,3414,0,0,0,1.0,1,1.0,1,1.0,1,0.2412345250886587,51
4967,3,7566,4152,3414,0,0,0,1.0,1,1.0,1,1.0,1,0.2666531657040019,51
4968,0,7566,4152,3414,0,0,0,1.0,1,1.0,1,1.0,1,0.24228786751257736,52
4969,0,7566,4152,3414,0,0,0,1.0,1,1.0,1,1.0,1,0.24949654333401936,53
4970,3,7569,4155,3414,0,0,0,1.0,1,1.0,1,1.0,1,0.22282733656352832,54
4971,2,7571,4155,3416,0,0,0,1.0,1,1.0,1,1.0,1,0.19592090650377728,55
4972,2,7573,4157,3416,0,0,0,1.0,1,1.0,1,1.0,1,0.1858326654142178,56
4973,2,7575,4157,3418,0,0,0,1.0,1,1.0,1,1.0,1,0.14611128539840373,57
4974,1,7576,4158,3418,0,0,0,1.0,1,1.0,1,1.0,1,0.16655631696941706,56
4975,2,7578,4159,3419,0,0,0,1.0,1,1.0,1,1.0,1,0.2016990364927116,57
4976,7,7585,4161,3424,0,0,0,1.0,1,1.0,1,1.0,1,0.1387977646920112,57
4977,1,7586,4162,3424,0,0,0,1.0,1,1.0,1,1.0,1,0.1327202157329583,57
4978,1,7587,4163,3424,0,0,0,1.0,1,1.0,1,1.0,1,0.12934804493532948,58
4979,1,7588,4164,3424,0,0,0,1.0,1,1.0,1,1.0,1,0.14046301133851613,58
4980,2,7590,4166,3424,0,0,0,1.0,1,1.0,1,1.0,1,0.14535441459818838,59
4981,1,7591,4167,3424,0,0,0,1.0,1,1.0,1,1.0,1,0.16182761042533114,60
4982,1,7592,4168,3424,0,0,0,1.0,1,1.0,1,1.0,1,0.13255716881886992,61
4983,1,7593,4169,3424,0,0,0,1.0,1,1.0,1,1.0,1,0.12363551931522276,61
4984,0,7593,4169,3424,0,0,0,1.0,1,1.0,1,1.0,1,0.1499295268190625,59
4985,2,7595,4171,3424,0,0,0,1.0,1,1.0,1,1.0,1,0.15280320018576302,58
4986,0,7595,4171,3424,0,0,0,1.0,1,1.0,1,1.0,1,0.13561791233412943,59
4987,3,7598,4174,3424,0,0,0,1.0,1,1.0,1,1.0,1,0.15435029676735845,58
4988,1,7599,4174,3425,0,0,0,1.0,1,1.0,1,1.0,1,0.1627560945989861,57
4989,4,7603,4178,3425,0,0,0,1.0,1,1.0,1,1.0,1,0.2093426496203318,54
4990,2,7605,4178,3427,0,0,0,1.0,1,1.0,1,1.0,1,0.20494260399274455,53
4991,2,7607,4180,3427,0,0,0,1.0,1,1.0,1,1.0,1,0.24297053193791582,52
4992,3,7610,4182,3428,0,0,0,1.0,1,1.0,1,1.0,1,0.23859177486897823,48
4993,0,7610,4182,3428,0,0,0,1.0,1,1.0,1,1.0,1,0.23859177486897823,48
4994,1,7611,4183,3428,0,0,0,1.0,1,1.0,1,1.0,1,0.24999306884984998,45
4995,3,7614,4186,3428,0,0,0,1.0,1,1.0,1,1.0,1,0.2873581290216417,45
4996,1,7615,4187,3428,0,0,0,1.0,1,1.0,1,1.0,1,0.23417146043215603,45
4997,1,7616,4188,3428,0,0,0,1.0,1,1.0,1,1.0,1,0.2515341547643308,42
4998,1,7617,4189,3428,0,0,0,1.0,1,1.0,1,1.0,1,0.25926903354862835,44
4999,1,7618,4190,3428,0,0,0,1.0,1,1.0,1,1.0,1,0.282039523145624,44
5000,1,7619,4191,3428,0,0,0,1.0,1,1.0,1,1.0,1,0.33659493716033667,42
5001,8,7627,4191,3436,0,0,0,1.0,1,1.0,1,1.0,1,0.22276710093527735,42
5002,4,7631,4192,3439,0,0,0,1.0,1,1.0,1,1.0,1,0.21901969116516548,41
5003,3,7634,4193,3441,0,0,0,1.0,1,1.0,1,1.0,1,0.261340296593504,41
5004,2,7636,4193,3443,0,0,0,1.0,1,1.0,1,1.0,1,0.29247836891744294,41
5005,4,7640,4193,3447,0,0,0,1.0,1,1.0,1,1.0,1,0.29247836891744294,41
5006,5,7645,4193,3452,0,0,0,1.0,1,1.0,1,1.0,1,0.2897597146907136,42
5007,6,7651,4193,3458,0,0,0,1.0,1,1.0,1,1.0,1,0.2811528385447693,43
5008,3,7654,4193,3461,0,0,0,1.0,1,1.0,1,1.0,1,0.22500349352373547,46
5009,3,7657,4193,3464,0,0,0,1.0,1,1.0,1,1.0,1,0.263759269709344,46
5010,4,7661,4193,3468,0,0,0,1.0,1,1.0,1,1.0,1,0.22442580753593377,46
5011,4,7665,4193,3472,0,0,0,1.0,1,1.0,1,1.0,1,0.2706622574185884,47
5012,8,7673,4193,3480,0,0,0,1.0,1,1.0,1,1.0,1,0.2607683625727366,48
5013,10,7683,4193,3490,0,0,0,1.0,1,1.0,1,1.0,1,0.2607683625727366,48
5014,10,7693,4193,3500,0,0,0,1.0,1,1.0,1,1.0,1,0.2688761041628588,49
5015,7,7700,4193,3507,0,0,0,1.0,1,1.0,1,1.0,1,0.1624872091425671,50
5016,5,7705,4194,3511,0,0,0,1.0,1,1.0,1,1.0,1,0.21206168926305038,51
5017,8,7713,4194,3519,0,0,0,1.0,1,1.0,1,1.0,1,0.16619984305771018,51
5018,2,7715,4194,3521,0,0,0,1.0,1,1.0,1,1.0,1,0.1560354710761513,51
5019,0,7715,4194,3521,0,0,0,1.0,1,1.0,1,1.0,1,0.16539582254280943,51
5020,0,7715,4194,3521,0,0,0,1.0,1,1.0,1,1.0,1,0.16539582254280943,51
5021,2,7717,4194,3523,0,0,0,1.0,1,1.0,1,1.0,1,0.16509147362726506,52
5022,0,7717,4194,3523,0,0,0,1.0,1,1.0,1,1.0,1,0.16509147362726506,52
5023,1,7718,4195,3523,0,0,0,1.0,1,1.0,1,1.0,1,0.17683460623733854,52
5024,1,7719,4195,3524,0,0,0,1.0,1,1.0,1,1.0,1,0.18043367726165674,51
5025,0,7719,4195,3524,0,0,0,1.0,1,1.0,1,1.0,1,0.19099581747262703,50
5026,4,7723,4196,3527,0,0,0,1.0,1,1.0,1,1.0,1,0.22155060193743434,49
5027,1,7724,4197,3527,0,0,0,1.0,1,1.0,1,1.0,1,0.2331300461441335,47
5028,0,7724,4197,3527,0,0,0,1.0,1,1.0,1,1.0,1,0.23096025589359823,47
5029,1,7725,4197,3528,0,0,0,1.0,1,1.0,1,1.0,1,0.197162923911973,46
5030,1,7726,4198,3528,0,0,0,1.0,1,1.0,1,1.0,1,0.18631335954591777,48
5031,1,7727,4199,3528,0,0,0,1.0,1,1.0,1,1.0,1,0.1682086806630188,46
5032,0,7727,4199,3528,0,0,0,1.0,1,1.0,1,1.0,1,0.1682086806630188,46
5033,1,7728,4200,3528,0,0,0,1.0,1,1.0,1,1.0,1,0.19601494922582063,47
5034,0,7728,4200,3528,0,0,0,1.0,1,1.0,1,1.0,1,0.17364474352667533,48
5035,0,7728,4200,3528,0,0,0,1.0,1,1.0,1,1.0,1,0.17222394467550903,47
5036,0,7728,4200,3528,0,0,0,1.0,1,1.0,1,1.0,1,0.17222394467550903,47
5037,0,7728,4200,3528,0,0,0,1.0,1,1.0,1,1.0,1,0.1842197777563436,47
5038,0,7728,4200,3528,0,0,0,1.0,1,1.0,1,1.0,1,0.1947193045868046,48
5039,1,7729,4201,3528,0,0,0,1.0,1,1.0,1,1.0,1,0.23208069343000234,47
5040,0,7729,4201,3528,0,0,0,1.0,1,1.0,1,1.0,1,0.22449585251414422,48
5041,1,7730,4201,3529,0,0,0,1.0,1,1.0,1,1.0,1,0.20492126158222426,49
5042,0,7730,4201,3529,0,0,0,1.0,1,1.0,1,1.0,1,0.19288123520394418,50
5043,1,7731,4201,3530,0,0,0,1.0,1,1.0,1,1.0,1,0.1627617654658994,51
5044,0,7731,4201,3530,0,0,0,1.0,1,1.0,1,1.0,1,0.1627617654658994,51
5045,3,7734,4202,3532,0,0,0,1.0,1,1.0,1,1.0,1,0.16210976638956232,51
5046,1,7735,4203,3532,0,0,0,1.0,1,1.0,1,1.0,1,0.1820647306357216,52
5047,0,7735,4203,3532,0,0,0,1.0,1,1.0,1,1.0,1,0.17929408643275363,52
5048,1,7736,4203,3533,0,0,0,1.0,1,1.0,1,1.0,1,0.17114100105255461,52
5049,1,7737,4203,3534,0,0,0,1.0,1,1.0,1,1.0,1,0.18336277431123768,52
5050,0,7737,4203,3534,0,0,0,1.0,1,1.0,1,1.0,1,0.1766919886120255,55
5051,4,7741,4203,3538,0,0,0,1.0,1,1.0,1,1.0,1,0.14466956402678202,55
5052,0,7741,4203,3538,0,0,0,1.0,1,1.0,1,1.0,1,0.14466956402678202,55
5053,1,7742,4203,3539,0,0,0,1.0,1,1.0,1,1.0,1,0.14782005872708256,54
5054,2,7744,4204,3540,0,0,0,1.0,1,1.0,1,1.0,1,0.1413946166746446,54
5055,1,7745,4204,3541,0,0,0,1.0,1,1.0,1,1.0,1,0.13557189324899582,54
5056,2,7747,4204,3543,0,0,0,1.0,1,1.0,1,1.0,1,0.12287055253382055,55
5057,0,7747,4204,3543,0,0,0,1.0,1,1.0,1,1.0,1,0.13084858127634433,56
5058,2,7749,4206,3543,0,0,0,1.0,1,1.0,1,1.0,1,0.11802304628533515,58
5059,1,7750,4206,3544,0,0,0,1.0,1,1.0,1,1.0,1,0.1017957716114854,58
5060,3,7753,4209,3544,0,0,0,1.0,1,1.0,1,1.0,1,0.10975666416785843,59
5061,1,7754,4210,3544,0,0,0,1.0,1,1.0,1,1.0,1,0.11618713803397669,58
5062,2,7756,4212,3544,0,0,0,1.0,1,1.0,1,1.0,1,0.10158891323965195,58
5063,5,7761,4215,3546,0,0,0,1.0,1,1.0,1,1.0,1,0.09887127957161482,57
5064,3,7764,4216,3548,0,0,0,1.0,1,1.0,1,1.0,1,0.1299018805844932,57
5065,1,7765,4217,3548,0,0,0,1.0,1,1.0,1,1.0,1,0.16715774174434098,56
5066,2,7767,4219,3548,0,0,0,1.0,1,1.0,1,1.0,1,0.2231140523375091,55
5067,2,7769,4219,3550,0,0,0,1.0,1,1.0,1,1.0,1,0.2061682941530476,54
5068,3,7772,4220,3552,0,0,0,1.0,1,1.0,1,1.0,1,0.2003109204022451,54
5069,1,7773,4221,3552,0,0,0,1.0,1,1.0,1,1.0,1,0.21804399870286548,53
5070,4,7777,4223,3554,0,0,0,1.0,1,1.0,1,1.0,1,0.2263050250238041,53
5071,1,7778,4223,3555,0,0,0,1.0,1,1.0,1,1.0,1,0.22288131643762404,53
5072,0,7778,4223,3555,0,0,0,1.0,1,1.0,1,1.0,1,0.19449791416434806,53
5073,0,7778,4223,3555,0,0,0,1.0,1,1.0,1,1.0,1,0.19449791416434806,53
5074,0,7778,4223,3555,0,0,0,1.0,1,1.0,1,1.0,1,0.16107964324300952,52
5075,1,7779,4223,3556,0,0,0,1.0,1,1.0,1,1.0,1,0.15434582125431312,52
5076,2,7781,4223,3558,0,0,0,1.0,1,1.0,1,1.0,1,0.10992734270106692,55
5077,3,7784,4224,3560,0,0,0,1.0,1,1.0,1,1.0,1,0.1445401594496852,55
5078,1,7785,4224,3561,0,0,0,1.0,1,1.0,1,1.0,1,0.13665572010526206,55
5079,0,7785,4224,3561,0,0,0,1.0,1,1.0,1,1.0,1,0.1512001576549157,54
5080,1,7786,4225,3561,0,0,0,1.0,1,1.0,1,1.0,1,0.16468556631483966,55
5081,1,7787,4225,3562,0,0,0,1.0,1,1.0,1,1.0,1,0.159613352050936,57
5082,0,7787,4225,3562,0,0,0,1.0,1,1.0,1,1.0,1,0.159613352050936,57
5083,2,7789,4225,3564,0,0,0,1.0,1,1.0,1,1.0,1,0.13563169241646295,58
5084,1,7790,4226,3564,0,0,0,1.0,1,1.0,1,1.0,1,0.12845317833219785,58
5085,1,7791,4227,3564,0,0,0,1.0,1,1.0,1,1.0,1,0.11361625578022447,59
5086,2,7793,4229,3564,0,0,0,1.0,1,1.0,1,1.0,1,0.10546480976079782,60
5087,2,7795,4230,3565,0,0,0,1.0,1,1.0,1,1.0,1,0.11278359603411084,61
5088,4,7799,4232,3567,0,0,0,1.0,1,1.0,1,1.0,1,0.13046826064705136,62
5089,3,7802,4235,3567,0,0,0,1.0,1,1.0,1,1.0,1,0.14432500812083576,63
5090,0,7802,4235,3567,0,0,0,1.0,1,1.0,1,1.0,1,0.14432500812083576,63
5091,4,7806,4238,3568,0,0,0,1.0,1,1.0,1,1.0,1,0.17614661039573684,63
5092,1,7807,4238,3569,0,0,0,1.0,1,1.0,1,1.0,1,0.16593532040123857,63
5093,0,7807,4238,3569,0,0,0,1.0,1,1.0,1,1.0,1,0.16593532040123857,63
5094,1,7808,4239,3569,0,0,0,1.0,1,1.0,1,1.0,1,0.17204068369641293,64
5095,0,7808,4239,3569,0,0,0,1.0,1,1.0,1,1.0,1,0.17204068369641293,64
5096,2,7810,4239,3571,0,0,0,1.0,1,1.0,1,1.0,1,0.1384524589716247,67
5097,2,7812,4240,3572,0,0,0,1.0,1,1.0,1,1.0,1,0.15420461105361621,67
5098,1,7813,4241,3572,0,0,0,1.0,1,1.0,1,1.0,1,0.136050152598892,68
5099,4,7817,4242,3575,0,0,0,1.0,1,1.0,1,1.0,1,0.13623639742898735,70
5100,2,7819,4243,3576,0,0,0,1.0,1,1.0,1,1.0,1,0.11268853460608175,71
5101,6,7825,4244,3581,0,0,0,1.0,1,1.0,1,1.0,1,0.07803389691069278,71
5102,2,7827,4245,3582,0,0,0,1.0,1,1.0,1,1.0,1,0.08506644315261597,70
5103,1,7828,4246,3582,0,0,0,1.0,1,1.0,1,1.0,1,0.08761958751450878,67
5104,1,7829,4247,3582,0,0,0,1.0,1,1.0,1,1.0,1,0.11204002448130376,67
5105,2,7831,4249,3582,0,0,0,1.0,1,1.0,1,1.0,1,0.12053957406936666,63
5106,2,7833,4251,3582,0,0,0,1.0,1,1.0,1,1.0,1,0.14828765424965584,63
5107,3,7836,4254,3582,0,0,0,1.0,1,1.0,1,1.0,1,0.1833534871443547,60
5108,3,7839,4257,3582,0,0,0,1.0,1,1.0,1,1.0,1,0.21616166932568734,56
5109,1,7840,4258,3582,0,0,0,1.0,1,1.0,1,1.0,1,0.23105879884715416,56
5110,3,7843,4261,3582,0,0,0,1.0,1,1.0,1,1.0,1,0.2508528331309765,52
5111,4,7847,4265,3582,0,0,0,1.0,1,1.0,1,1.0,1,0.2783082234594883,51
5112,1,7848,4266,3582,0,0,0,1.0,1,1.0,1,1.0,1,0.28575488855297765,50
5113,2,7850,4268,3582,0,0,0,1.0,1,1.0,1,1.0,1,0.316676560398978,48
5114,1,7851,4269,3582,0,0,0,1.0,1,1.0,1,1.0,1,0.3138807293258159,46
5115,0,7851,4269,3582,0,0,0,1.0,1,1.0,1,1.0,1,0.29761603840007744,44
5116,0,7851,4269,3582,0,0,0,1.0,1,1.0,1,1.0,1,0.29966002366958144,44
5117,0,7851,4269,3582,0,0,0,1.0,1,1.0,1,1.0,1,0.29082222572099153,46
5118,0,7851,4269,3582,0,0,0,1.0,1,1.0,1,1.0,1,0.29082222572099153,46
5119,1,7852,4270,3582,0,0,0,1.0,1,1.0,1,1.0,1,0.30796489733906124,46
5120,1,7853,4271,3582,0,0,0,1.0,1,1.0,1,1.0,1,0.3292478169701053,46
5121,1,7854,4272,3582,0,0,0,1.0,1,1.0,1,1.0,1,0.3580330473761008,46
5122,5,7859,4277,3582,0,0,0,1.0,1,1.0,1,1.0,1,0.33221610248979405,46
5123,0,7859,4277,3582,0,0,0,1.0,1,1.0,1,1.0,1,0.3416230832790717,45
5124,3,7862,4280,3582,0,0,0,1.0,1,1.0,1,1.0,1,0.3423929486094979,47
5125,1,7863,4281,3582,0,0,0,1.0,1,1.0,1,1.0,1,0.318572714930323,50
5126,8,7871,4283,3588,0,0,0,1.0,1,1.0,1,1.0,1,0.20062815546047416,50
5127,3,7874,4283,3591,0,0,0,1.0,1,1.0,1,1.0,1,0.1608912103383961,52
5128,0,7874,4283,3591,0,0,0,1.0,1,1.0,1,1.0,1,0.16254402199331397,53
5129,1,7875,4283,3592,0,0,0,1.0,1,1.0,1,1.0,1,0.15097354418098963,55
5130,3,7878,4283,3595,0,0,0,1.0,1,1.0,1,1.0,1,0.14869784043099624,55
5131,1,7879,4283,3596,0,0,0,1.0,1,1.0,1,1.0,1,0.1502414450641707,54
5132,1,7880,4283,3597,0,0,0,1.0,1,1.0,1,1.0,1,0.1687635344488884,54
5133,1,7881,4283,3598,0,0,0,1.0,1,1.0,1,1.0,1,0.1596377433991665,54
5134,0,7881,4283,3598,0,0,0,1.0,1,1.0,1,1.0,1,0.1748913474352358,53
5135,0,7881,4283,3598,0,0,0,1.0,1,1.0,1,1.0,1,0.18480937307628728,54
5136,2,7883,4284,3599,0,0,0,1.0,1,1.0,1,1.0,1,0.1874665517910393,54
5137,0,7883,4284,3599,0,0,0,1.0,1,1.0,1,1.0,1,0.1874665517910393,54
5138,2,7885,4286,3599,0,0,0,1.0,1,1.0,1,1.0,1,0.21339116693299898,54
5139,1,7886,4287,3599,0,0,0,1.0,1,1.0,1,1.0,1,0.19457272300513526,55
5140,4,7890,4290,3600,0,0,0,1.0,1,1.0,1,1.0,1,0.20230514739498875,55
5141,2,7892,4292,3600,0,0,0,1.0,1,1.0,1,1.0,1,0.18246639600120584,53
5142,1,7893,4292,3601,0,0,0,1.0,1,1.0,1,1.0,1,0.18423658490026995,54
5143,3,7896,4294,3602,0,0,0,1.0,1,1.0,1,1.0,1,0.22760013886909305,52
5144,0,7896,4294,3602,0,0,0,1.0,1,1.0,1,1.0,1,0.20391287799232968,50
5145,1,7897,4295,3602,0,0,0,1.0,1,1.0,1,1.0,1,0.20514581946309007,49
5146,1,7898,4296,3602,0,0,0,1.0,1,1.0,1,1.0,1,0.19372515867864526,49
5147,0,7898,4296,3602,0,0,0,1.0,1,1.0,1,1.0,1,0.2108276499170931,46
5148,1,7899,4297,3602,0,0,0,1.0,1,1.0,1,1.0,1,0.1658256448219226,46
5149,1,7900,4298,3602,0,0,0,1.0,1,1.0,1,1.0,1,0.18122577075089885,45
5150,2,7902,4300,3602,0,0,0,1.0,1,1.0,1,1.0,1,0.17779019961396564,47
5151,5,7907,4302,3605,0,0,0,1.0,1,1.0,1,1.0,1,0.17498628296244062,46
5152,4,7911,4304,3607,0,0,0,1.0,1,1.0,1,1.0,1,0.2001647541344898,46
5153,0,7911,4304,3607,0,0,0,1.0,1,1.0,1,1.0,1,0.21033630206355244,45
5154,2,7913,4305,3608,0,0,0,1.0,1,1.0,1,1.0,1,0.23141772496211283,47
5155,2,7915,4306,3609,0,0,0,1.0,1,1.0,1,1.0,1,0.2636240277171932,47
5156,1,7916,4306,3610,0,0,0,1.0,1,1.0,1,1.0,1,0.2546918354316188,47
5157,2,7918,4306,3612,0,0,0,1.0,1,1.0,1,1.0,1,0.23156174466507107,46
5158,0,7918,4306,3612,0,0,0,1.0,1,1.0,1,1.0,1,0.22492546353000129,47
5159,0,7918,4306,3612,0,0,0,1.0,1,1.0,1,1.0,1,0.23555914393893526,49
5160,0,7918,4306,3612,0,0,0,1.0,1,1.0,1,1.0,1,0.24477064566246187,48
5161,0,7918,4306,3612,0,0,0,1.0,1,1.0,1,1.0,1,0.24477064566246187,48
5162,0,7918,4306,3612,0,0,0,1.0,1,1.0,1,1.0,1,0.232570380426986,49
5163,1,7919,4306,3613,0,0,0,1.0,1,1.0,1,1.0,1,0.2231395390309415,51
5164,3,7922,4309,3613,0,0,0,1.0,1,1.0,1,1.0,1,0.19151902453357303,51
5165,1,7923,4309,3614,0,0,0,1.0,1,1.0,1,1.0,1,0.21791836477489415,52
5166,2,7925,4311,3614,0,0,0,1.0,1,1.0,1,1.0,1,0.2100913867247203,52
5167,1,7926,4312,3614,0,0,0,1.0,1,1.0,1,1.0,1,0.2216701105236077,52
5168,0,7926,4312,3614,0,0,0,1.0,1,1.0,1,1.0,1,0.2216701105236077,52
5169,1,7927,4313,3614,0,0,0,1.0,1,1.0,1,1.0,1,0.20987747461283174,53
5170,0,7927,4313,3614,0,0,0,1.0,1,1.0,1,1.0,1,0.20987747461283174,53
5171,0,7927,4313,3614,0,0,0,1.0,1,1.0,1,1.0,1,0.22004082728387153,52
5172,1,7928,4314,3614,0,0,0,1.0,1,1.0,1,1.0,1,0.2071128069463057,53
5173,3,7931,4314,3617,0,0,0,1.0,1,1.0,1,1.0,1,0.18679558741969993,54
5174,1,7932,4314,3618,0,0,0,1.0,1,1.0,1,1.0,1,0.18350806447265383,56
5175,2,7934,4315,3619,0,0,0,1.0,1,1.0,1,1.0,1,0.16251073403715177,58
5176,6,7940,4316,3624,0,0,0,1.0,1,1.0,1,1.0,1,0.1387390511769598,58
5177,1,7941,4316,3625,0,0,0,1.0,1,1.0,1,1.0,1,0.14237385913540787,59
5178,2,7943,4318,3625,0,0,0,1.0,1,1.0,1,1.0,1,0.15650787338615021,57
5179,2,7945,4318,3627,0,0,0,1.0,1,1.0,1,1.0,1,0.13792950956813352,58
5180,0,7945,4318,3627,0,0,0,1.0,1,1.0,1,1.0,1,0.11788778642421235,56
5181,2,7947,4320,3627,0,0,0,1.0,1,1.0,1,1.0,1,0.1523890800525576,57
5182,0,7947,4320,3627,0,0,0,1.0,1,1.0,1,1.0,1,0.14453450830366582,56
5183,3,7950,4322,3628,0,0,0,1.0,1,1.0,1,1.0,1,0.1921532141074812,57
5184,0,7950,4322,3628,0,0,0,1.0,1,1.0,1,1.0,1,0.19781297314815327,56
5185,0,7950,4322,3628,0,0,0,1.0,1,1.0,1,1.0,1,0.2166451051578502,56
5186,1,7951,4323,3628,0,0,0,1.0,1,1.0,1,1.0,1,0.22889838742836013,54
5187,0,7951,4323,3628,0,0,0,1.0,1,1.0,1,1.0,1,0.22376825669989095,51
5188,0,7951,4323,3628,0,0,0,1.0,1,1.0,1,1.0,1,0.21073991745873194,50
5189,0,7951,4323,3628,0,0,0,1.0,1,1.0,1,1.0,1,0.23015507108940098,49
5190,4,7955,4327,3628,0,0,0,1.0,1,1.0,1,1.0,1,0.2001702185729296,50
5191,0,7955,4327,3628,0,0,0,1.0,1,1.0,1,1.0,1,0.2001702185729296,50
5192,2,7957,4329,3628,0,0,0,1.0,1,1.0,1,1.0,1,0.21542301262085414,49
5193,0,7957,4329,3628,0,0,0,1.0,1,1.0,1,1.0,1,0.22889343949637062,50
5194,3,7960,4330,3630,0,0,0,1.0,1,1.0,1,1.0,1,0.23459306364991675,51
5195,1,7961,4331,3630,0,0,0,1.0,1,1.0,1,1.0,1,0.24705881880409722,51
5196,0,7961,4331,3630,0,0,0,1.0,1,1.0,1,1.0,1,0.24705881880409722,51
5197,0,7961,4331,3630,0,0,0,1.0,1,1.0,1,1.0,1,0.24705881880409722,51
5198,0,7961,4331,3630,0,0,0,1.0,1,1.0,1,1.0,1,0.24705881880409722,51
5199,1,7962,4331,3631,0,0,0,1.0,1,1.0,1,1.0,1,0.20503541418457594,54
5200,1,7963,4332,3631,0,0,0,1.0,1,1.0,1,1.0,1,0.21501059231502728,54
5201,8,7971,4334,3637,0,0,0,1.0,1,1.0,1,1.0,1,0.14189664833599275,55
5202,3,7974,4335,3639,0,0,0,1.0,1,1.0,1,1.0,1,0.1460859314990823,56
5203,1,7975,4336,3639,0,0,0,1.0,1,1.0,1,1.0,1,0.15466594991531457,56
5204,0,7975,4336,3639,0,0,0,1.0,1,1.0,1,1.0,1,0.14597972870130374,58
5205,1,7976,4336,3640,0,0,0,1.0,1,1.0,1,1.0,1,0.13185502530644133,58
5206,1,7977,4337,3640,0,0,0,1.0,1,1.0,1,1.0,1,0.14332949326418004,58
5207,1,7978,4337,3641,0,0,0,1.0,1,1.0,1,1.0,1,0.141362214813269,59
5208,1,7979,4338,3641,0,0,0,1.0,1,1.0,1,1.0,1,0.15676143390823521,58
5209,0,7979,4338,3641,0,0,0,1.0,1,1.0,1,1.0,1,0.15676143390823521,58
5210,0,7979,4338,3641,0,0,0,1.0,1,1.0,1,1.0,1,0.15518418956240368,57
5211,0,7979,4338,3641,0,0,0,1.0,1,1.0,1,1.0,1,0.15518418956240368,57
5212,1,7980,4338,3642,0,0,0,1.0,1,1.0,1,1.0,1,0.1469770784420811,59
5213,3,7983,4340,3643,0,0,0,1.0,1,1.0,1,1.0,1,0.1730867127293388,59
5214,2,7985,4341,3644,0,0,0,1.0,1,1.0,1,1.0,1,0.22252467719779542,59
5215,2,7987,4342,3645,0,0,0,1.0,1,1.0,1,1.0,1,0.25580324580219477,58
5216,2,7989,4343,3646,0,0,0,1.0,1,1.0,1,1.0,1,0.24565424748637749,59
5217,5,7994,4347,3647,0,0,0,1.0,1,1.0,1,1.0,1,0.20598977457347814,58
5218,2,7996,4349,3647,0,0,0,1.0,1,1.0,1,1.0,1,0.23297576872260814,58
5219,1,7997,4350,3647,0,0,0,1.0,1,1.0,1,1.0,1,0.23229428035695474,57
5220,0,7997,4350,3647,0,0,0,1.0,1,1.0,1,1.0,1,0.21519739713262248,56
5221,2,7999,4351,3648,0,0,0,1.0,1,1.0,1,1.0,1,0.20686681185589914,58
5222,0,7999,4351,3648,0,0,0,1.0,1,1.0,1,1.0,1,0.18490274356756647,56
5223,2,8001,4353,3648,0,0,0,1.0,1,1.0,1,1.0,1,0.24849965568834365,55
5224,0,8001,4353,3648,0,0,0,1.0,1,1.0,1,1.0,1,0.25309605080683456,56
5225,1,8002,4354,3648,0,0,0,1.0,1,1.0,1,1.0,1,0.2932112864505244,55
5226,10,8012,4355,3657,0,0,0,1.0,1,1.0,1,1.0,1,0.20718519147569248,55
5227,0,8012,4355,3657,0,0,0,1.0,1,1.0,1,1.0,1,0.20237777448274044,53
5228,0,8012,4355,3657,0,0,0,1.0,1,1.0,1,1.0,1,0.19670328853669267,51
5229,1,8013,4355,3658,0,0,0,1.0,1,1.0,1,1.0,1,0.16764575944469878,51
5230,0,8013,4355,3658,0,0,0,1.0,1,1.0,1,1.0,1,0.16933715559607396,51
5231,2,8015,4356,3659,0,0,0,1.0,1,1.0,1,1.0,1,0.18689628378545298,52
5232,1,8016,4357,3659,0,0,0,1.0,1,1.0,1,1.0,1,0.22934162205429523,52
5233,1,8017,4358,3659,0,0,0,1.0,1,1.0,1,1.0,1,0.23219090082102842,53
5234,1,8018,4359,3659,0,0,0,1.0,1,1.0,1,1.0,1,0.25843858695247385,53
5235,1,8019,4360,3659,0,0,0,1.0,1,1.0,1,1.0,1,0.2512221492889055,53
5236,0,8019,4360,3659,0,0,0,1.0,1,1.0,1,1.0,1,0.26020957342683315,52
5237,1,8020,4360,3660,0,0,0,1.0,1,1.0,1,1.0,1,0.272176336681878,52
5238,2,8022,4361,3661,0,0,0,1.0,1,1.0,1,1.0,1,0.2506398915494102,52
5239,0,8022,4361,3661,0,0,0,1.0,1,1.0,1,1.0,1,0.2663582281805212,51
5240,0,8022,4361,3661,0,0,0,1.0,1,1.0,1,1.0,1,0.2735347193867283,53
5241,1,8023,4362,3661,0,0,0,1.0,1,1.0,1,1.0,1,0.27552993027136335,53
5242,3,8026,4364,3662,0,0,0,1.0,1,1.0,1,1.0,1,0.2550354665352343,51
5243,1,8027,4365,3662,0,0,0,1.0,1,1.0,1,1.0,1,0.27907003272460934,51
5244,4,8031,4368,3663,0,0,0,1.0,1,1.0,1,1.0,1,0.24970111628436112,52
5245,2,8033,4370,3663,0,0,0,1.0,1,1.0,1,1.0,1,0.2616988202558023,53
5246,3,8036,4373,3663,0,0,0,1.0,1,1.0,1,1.0,1,0.23298483169096784,53
5247,4,8040,4375,3665,0,0,0,1.0,1,1.0,1,1.0,1,0.21609002160600904,54
5248,1,8041,4376,3665,0,0,0,1.0,1,1.0,1,1.0,1,0.18931369487067753,54
5249,2,8043,4377,3666,0,0,0,1.0,1,1.0,1,1.0,1,0.2005363165690495,55
5250,2,8045,4377,3668,0,0,0,1.0,1,1.0,1,1.0,1,0.21414410752187615,57
5251,6,8051,4377,3674,0,0,0,1.0,1,1.0,1,1.0,1,0.09338600177512832,58
5252,2,8053,4379,3674,0,0,0,1.0,1,1.0,1,1.0,1,0.11394287548436068,58
5253,4,8057,4381,3676,0,0,0,1.0,1,1.0,1,1.0,1,0.14272264871616414,58
5254,1,8058,4382,3676,0,0,0,1.0,1,1.0,1,1.0,1,0.16748460699864662,59
5255,3,8061,4384,3677,0,0,0,1.0,1,1.0,1,1.0,1,0.16421671958577067,58
5256,0,8061,4384,3677,0,0,0,1.0,1,1.0,1,1.0,1,0.17075398446083595,58
5257,1,8062,4385,3677,0,0,0,1.0,1,1.0,1,1.0,1,0.187778472063649,57
5258,0,8062,4385,3677,0,0,0,1.0,1,1.0,1,1.0,1,0.1657812544292298,55
5259,1,8063,4385,3678,0,0,0,1.0,1,1.0,1,1.0,1,0.14994932060893046,56
5260,0,8063,4385,3678,0,0,0,1.0,1,1.0,1,1.0,1,0.1404057465976548,55
5261,0,8063,4385,3678,0,0,0,1.0,1,1.0,1,1.0,1,0.1331253300952905,54
5262,1,8064,4386,3678,0,0,0,1.0,1,1.0,1,1.0,1,0.15908189900680358,54
5263,0,8064,4386,3678,0,0,0,1.0,1,1.0,1,1.0,1,0.17279028460409274,55
5264,3,8067,4388,3679,0,0,0,1.0,1,1.0,1,1.0,1,0.16008887865665922,53
5265,3,8070,4391,3679,0,0,0,1.0,1,1.0,1,1.0,1,0.1339231334845538,52
5266,0,8070,4391,3679,0,0,0,1.0,1,1.0,1,1.0,1,0.15371035481017511,49
5267,1,8071,4392,3679,0,0,0,1.0,1,1.0,1,1.0,1,0.18611469935021263,49
5268,2,8073,4394,3679,0,0,0,1.0,1,1.0,1,1.0,1,0.20451150584271416,46
5269,2,8075,4396,3679,0,0,0,1.0,1,1.0,1,1.0,1,0.2001498610588867,45
5270,1,8076,4397,3679,0,0,0,1.0,1,1.0,1,1.0,1,0.20124904767560442,46
5271,6,8082,4402,3680,0,0,0,1.0,1,1.0,1,1.0,1,0.21638358733487012,46
5272,0,8082,4402,3680,0,0,0,1.0,1,1.0,1,1.0,1,0.2295025154007014,45
5273,3,8085,4405,3680,0,0,0,1.0,1,1.0,1,1.0,1,0.2091553447985463,45
5274,0,8085,4405,3680,0,0,0,1.0,1,1.0,1,1.0,1,0.2289276463242057,45
5275,3,8088,4408,3680,0,0,0,1.0,1,1.0,1,1.0,1,0.2750426143619616,46
5276,11,8099,4411,3688,0,0,0,1.0,1,1.0,1,1.0,1,0.1745448981777978,45
5277,1,8100,4411,3689,0,0,0,1.0,1,1.0,1,1.0,1,0.15598191442581663,45
5278,3,8103,4413,3690,0,0,0,1.0,1,1.0,1,1.0,1,0.1851419533042981,44
5279,1,8104,4414,3690,0,0,0,1.0,1,1.0,1,1.0,1,0.21006500469349831,45
5280,2,8106,4415,3691,0,0,0,1.0,1,1.0,1,1.0,1,0.19120702241648715,46
5281,0,8106,4415,3691,0,0,0,1.0,1,1.0,1,1.0,1,0.19120702241648715,46
5282,2,8108,4416,3692,0,0,0,1.0,1,1.0,1,1.0,1,0.1975480014953933,47
5283,0,8108,4416,3692,0,0,0,1.0,1,1.0,1,1.0,1,0.20934686008095788,48
5284,1,8109,4416,3693,0,0,0,1.0,1,1.0,1,1.0,1,0.19903918608986698,48
5285,0,8109,4416,3693,0,0,0,1.0,1,1.0,1,1.0,1,0.1762062073581814,48
5286,0,8109,4416,3693,0,0,0,1.0,1,1.0,1,1.0,1,0.18043882433448857,50
5287,0,8109,4416,3693,0,0,0,1.0,1,1.0,1,1.0,1,0.18043882433448857,50
5288,1,8110,4416,3694,0,0,0,1.0,1,1.0,1,1.0,1,0.16425168041044844,51
5289,0,8110,4416,3694,0,0,0,1.0,1,1.0,1,1.0,1,0.16425168041044844,51
5290,2,8112,4416,3696,0,0,0,1.0,1,1.0,1,1.0,1,0.11751243019614654,52
5291,3,8115,4417,3698,0,0,0,1.0,1,1.0,1,1.0,1,0.1614347788716753,52
5292,5,8120,4417,3703,0,0,0,1.0,1,1.0,1,1.0,1,0.1784173968431955,53
5293,2,8122,4418,3704,0,0,0,1.0,1,1.0,1,1.0,1,0.21082963204121913,51
5294,0,8122,4418,3704,0,0,0,1.0,1,1.0,1,1.0,1,0.19864064725635236,50
5295,2,8124,4419,3705,0,0,0,1.0,1,1.0,1,1.0,1,0.18916121968508792,49
5296,0,8124,4419,3705,0,0,0,1.0,1,1.0,1,1.0,1,0.18828116052388721,48
5297,0,8124,4419,3705,0,0,0,1.0,1,1.0,1,1.0,1,0.20453752739244052,46
5298,0,8124,4419,3705,0,0,0,1.0,1,1.0,1,1.0,1,0.20446257023547468,46
5299,2,8126,4419,3707,0,0,0,1.0,1,1.0,1,1.0,1,0.20460498436962926,47
5300,1,8127,4419,3708,0,0,0,1.0,1,1.0,1,1.0,1,0.1961557559530273,48
5301,1,8128,4419,3709,0,0,0,1.0,1,1.0,1,1.0,1,0.18453709867090412,48
5302,1,8129,4420,3709,0,0,0,1.0,1,1.0,1,1.0,1,0.21433343344933795,49
5303,0,8129,4420,3709,0,0,0,1.0,1,1.0,1,1.0,1,0.2267281320885727,48
5304,1,8130,4421,3709,0,0,0,1.0,1,1.0,1,1.0,1,0.21451752499650262,48
5305,1,8131,4422,3709,0,0,0,1.0,1,1.0,1,1.0,1,0.21162917486431526,47
5306,1,8132,4423,3709,0,0,0,1.0,1,1.0,1,1.0,1,0.21110031590754255,48
5307,1,8133,4424,3709,0,0,0,1.0,1,1.0,1,1.0,1,0.23102217744058856,48
5308,0,8133,4424,3709,0,0,0,1.0,1,1.0,1,1.0,1,0.2306894388375619,47
5309,0,8133,4424,3709,0,0,0,1.0,1,1.0,1,1.0,1,0.2374658045060611,46
5310,1,8134,4424,3710,0,0,0,1.0,1,1.0,1,1.0,1,0.2247514486873009,46
5311,2,8136,4425,3711,0,0,0,1.0,1,1.0,1,1.0,1,0.200765662770346,46
5312,0,8136,4425,3711,0,0,0,1.0,1,1.0,1,1.0,1,0.21071678375863295,46
5313,1,8137,4425,3712,0,0,0,1.0,1,1.0,1,1.0,1,0.2112674248833594,46
5314,1,8138,4425,3713,0,0,0,1.0,1,1.0,1,1.0,1,0.20407459081187573,46
5315,1,8139,4425,3714,0,0,0,1.0,1,1.0,1,1.0,1,0.1744927641064233,47
5316,1,8140,4426,3714,0,0,0,1.0,1,1.0,1,1.0,1,0.210828665189762,48
5317,1,8141,4427,3714,0,0,0,1.0,1,1.0,1,1.0,1,0.17712010179752863,49
5318,6,8147,4432,3715,0,0,0,1.0,1,1.0,1,1.0,1,0.17471525171056912,49
5319,1,8148,4433,3715,0,0,0,1.0,1,1.0,1,1.0,1,0.19700297258363497,50
5320,1,8149,4434,3715,0,0,0,1.0,1,1.0,1,1.0,1,0.2116458397747338,51
5321,0,8149,4434,3715,0,0,0,1.0,1,1.0,1,1.0,1,0.19015102980269513,52
5322,0,8149,4434,3715,0,0,0,1.0,1,1.0,1,1.0,1,0.20107531613026702,53
5323,1,8150,4435,3715,0,0,0,1.0,1,1.0,1,1.0,1,0.1723459934868755,53
5324,1,8151,4436,3715,0,0,0,1.0,1,1.0,1,1.0,1,0.1660681655781652,55
5325,1,8152,4437,3715,0,0,0,1.0,1,1.0,1,1.0,1,0.17621586275510445,55
5326,9,8161,4439,3722,0,0,0,1.0,1,1.0,1,1.0,1,0.0207943988400554,55
5327,1,8162,4440,3722,0,0,0,1.0,1,1.0,1,1.0,1,0.056501032026636894,56
5328,2,8164,4441,3723,0,0,0,1.0,1,1.0,1,1.0,1,0.04305251361031889,57
5329,1,8165,4442,3723,0,0,0,1.0,1,1.0,1,1.0,1,0.04598466131085821,57
5330,3,8168,4444,3724,0,0,0,1.0,1,1.0,1,1.0,1,0.07503262007961874,56
5331,2,8170,4445,3725,0,0,0,1.0,1,1.0,1,1.0,1,0.05917132771469601,57
5332,0,8170,4445,3725,0,0,0,1.0,1,1.0,1,1.0,1,0.06326290145541279,58
5333,4,8174,4446,3728,0,0,0,1.0,1,1.0,1,1.0,1,0.049148859502638295,59
5334,1,8175,4447,3728,0,0,0,1.0,1,1.0,1,1.0,1,0.0633125867042366,59
5335,1,8176,4447,3729,0,0,0,1.0,1,1.0,1,1.0,1,0.04927520070397133,58
5336,1,8177,4448,3729,0,0,0,1.0,1,1.0,1,1.0,1,0.06600184419074978,59
5337,0,8177,4448,3729,0,0,0,1.0,1,1.0,1,1.0,1,0.06095806338157809,60
5338,2,8179,4450,3729,0,0,0,1.0,1,1.0,1,1.0,1,0.07976180595304885,60
5339,0,8179,4450,3729,0,0,0,1.0,1,1.0,1,1.0,1,0.07976180595304885,60
5340,4,8183,4452,3731,0,0,0,1.0,1,1.0,1,1.0,1,0.12242823840050412,60
5341,1,8184,4453,3731,0,0,0,1.0,1,1.0,1,1.0,1,0.14412222138611264,61
5342,0,8184,4453,3731,0,0,0,1.0,1,1.0,1,1.0,1,0.12833661682305902,59
5343,2,8186,4454,3732,0,0,0,1.0,1,1.0,1,1.0,1,0.14773343463946464,58
5344,0,8186,4454,3732,0,0,0,1.0,1,1.0,1,1.0,1,0.13728055438778358,58
5345,4,8190,4457,3733,0,0,0,1.0,1,1.0,1,1.0,1,0.13710382587361677,54
5346,0,8190,4457,3733,0,0,0,1.0,1,1.0,1,1.0,1,0.13710382587361677,54
5347,4,8194,4461,3733,0,0,0,1.0,1,1.0,1,1.0,1,0.13517688978335432,54
5348,1,8195,4461,3734,0,0,0,1.0,1,1.0,1,1.0,1,0.15543264718272373,55
5349,1,8196,4462,3734,0,0,0,1.0,1,1.0,1,1.0,1,0.15098073177119395,56
5350,1,8197,4463,3734,0,0,0,1.0,1,1.0,1,1.0,1,0.17129635692604403,56
5351,5,8202,4463,3739,0,0,0,1.0,1,1.0,1,1.0,1,0.12162388604421288,57
5352,2,8204,4464,3740,0,0,0,1.0,1,1.0,1,1.0,1,0.10749010944129737,57
5353,2,8206,4465,3741,0,0,0,1.0,1,1.0,1,1.0,1,0.11483736159872224,57
5354,0,8206,4465,3741,0,0,0,1.0,1,1.0,1,1.0,1,0.1326917543616543,56
5355,0,8206,4465,3741,0,0,0,1.0,1,1.0,1,1.0,1,0.1150258660574021,57
5356,1,8207,4465,3742,0,0,0,1.0,1,1.0,1,1.0,1,0.09689795881018945,56
5357,1,8208,4466,3742,0,0,0,1.0,1,1.0,1,1.0,1,0.12138544281223834,56
5358,2,8210,4468,3742,0,0,0,1.0,1,1.0,1,1.0,1,0.13856842603431463,57
5359,1,8211,4469,3742,0,0,0,1.0,1,1.0,1,1.0,1,0.16040651035220646,57
5360,0,8211,4469,3742,0,0,0,1.0,1,1.0,1,1.0,1,0.1849039425198493,55
5361,3,8214,4471,3743,0,0,0,1.0,1,1.0,1,1.0,1,0.19469237838572287,56
5362,0,8214,4471,3743,0,0,0,1.0,1,1.0,1,1.0,1,0.18079262039908967,57
5363,1,8215,4472,3743,0,0,0,1.0,1,1.0,1,1.0,1,0.20369289277469613,57
5364,0,8215,4472,3743,0,0,0,1.0,1,1.0,1,1.0,1,0.21220405725997651,58
5365,0,8215,4472,3743,0,0,0,1.0,1,1.0,1,1.0,1,0.18658374084934815,59
5366,2,8217,4473,3744,0,0,0,1.0,1,1.0,1,1.0,1,0.18881902404595807,60
5367,1,8218,4474,3744,0,0,0,1.0,1,1.0,1,1.0,1,0.20395289654057286,60
5368,0,8218,4474,3744,0,0,0,1.0,1,1.0,1,1.0,1,0.1990433680650411,58
5369,2,8220,4476,3744,0,0,0,1.0,1,1.0,1,1.0,1,0.20775049368335158,58
5370,0,8220,4476,3744,0,0,0,1.0,1,1.0,1,1.0,1,0.20245753860552562,57
5371,4,8224,4479,3745,0,0,0,1.0,1,1.0,1,1.0,1,0.2543619077825203,56
5372,1,8225,4480,3745,0,0,0,1.0,1,1.0,1,1.0,1,0.22852099937340992,55
5373,4,8229,4484,3745,0,0,0,1.0,1,1.0,1,1.0,1,0.2920394450482985,54
5374,1,8230,4485,3745,0,0,0,1.0,1,1.0,1,1.0,1,0.2829551613040345,53
5375,3,8233,4487,3746,0,0,0,1.0,1,1.0,1,1.0,1,0.27509654055680305,52
5376,6,8239,4489,3750,0,0,0,1.0,1,1.0,1,1.0,1,0.22917598758130503,52
5377,4,8243,4490,3753,0,0,0,1.0,1,1.0,1,1.0,1,0.1763605701255021,51
5378,3,8246,4492,3754,0,0,0,1.0,1,1.0,1,1.0,1,0.22145507479497611,52
5379,1,8247,4492,3755,0,0,0,1.0,1,1.0,1,1.0,1,0.20981995792396277,50
5380,1,8248,4493,3755,0,0,0,1.0,1,1.0,1,1.0,1,0.24433857492217803,51
5381,1,8249,4494,3755,0,0,0,1.0,1,1.0,1,1.0,1,0.2373966675019345,50
5382,0,8249,4494,3755,0,0,0,1.0,1,1.0,1,1.0,1,0.24761272338100448,48
5383,0,8249,4494,3755,0,0,0,1.0,1,1.0,1,1.0,1,0.24808005170365216,48
5384,4,8253,4496,3757,0,0,0,1.0,1,1.0,1,1.0,1,0.20657334953422854,48
5385,0,8253,4496,3757,0,0,0,1.0,1,1.0,1,1.0,1,0.21510333050019634,47
5386,4,8257,4500,3757,0,0,0,1.0,1,1.0,1,1.0,1,0.22367161396049012,48
5387,1,8258,4501,3757,0,0,0,1.0,1,1.0,1,1.0,1,0.2348086293009007,48
5388,0,8258,4501,3757,0,0,0,1.0,1,1.0,1,1.0,1,0.2348086293009007,48
5389,2,8260,4503,3757,0,0,0,1.0,1,1.0,1,1.0,1,0.20596248070168457,50
5390,0,8260,4503,3757,0,0,0,1.0,1,1.0,1,1.0,1,0.20678314533240025,52
5391,1,8261,4504,3757,0,0,0,1.0,1,1.0,1,1.0,1,0.1932199169476212,52
5392,0,8261,4504,3757,0,0,0,1.0,1,1.0,1,1.0,1,0.2039667407640919,51
5393,5,8266,4509,3757,0,0,0,1.0,1,1.0,1,1.0,1,0.16729283796695896,50
5394,1,8267,4509,3758,0,0,0,1.0,1,1.0,1,1.0,1,0.17340769948066329,50
5395,1,8268,4510,3758,0,0,0,1.0,1,1.0,1,1.0,1,0.1995950977019584,49
5396,1,8269,4511,3758,0,0,0,1.0,1,1.0,1,1.0,1,0.20051679174105239,48
5397,3,8272,4512,3760,0,0,0,1.0,1,1.0,1,1.0,1,0.16863414140594946,48
5398,2,8274,4513,3761,0,0,0,1.0,1,1.0,1,1.0,1,0.20200421843501246,46
5399,4,8278,4517,3761,0,0,0,1.0,1,1.0,1,1.0,1,0.23155040900854187,46
5400,2,8280,4519,3761,0,0,0,1.0,1,1.0,1,1.0,1,0.24314570770436747,48
5401,5,8285,4519,3766,0,0,0,1.0,1,1.0,1,1.0,1,0.0907876835459364,49
5402,0,8285,4519,3766,0,0,0,1.0,1,1.0,1,1.0,1,0.0,0
