,SuccessfulHandoverCount,TotalSuccessfulHandoverCount,TotalSuccessfulHandoverCountRange,TotalSuccessfulHandoverCountLoadBalancing,TotalSuccessfulHandoverCountOverload,FailedHandoverCount,TotalFailedHandoverCount,AvgQoS,MinQoS,AvgQoS_LoadBased,MinQoS_LoadBased,AvgQoS_RangeBased,MinQoS_RangeBased,GiniLoad,VehicleCount
0,0,0,0,0,0,0,0,1.0,1,1.0,1,1.0,1,0.0,0
1,12,12,0,12,0,0,0,1.0,1,1.0,1,1.0,1,0.1671661592158646,26
2,13,25,0,25,0,0,0,1.0,1,1.0,1,1.0,1,0.10004035169416303,27
3,8,33,0,33,0,0,0,1.0,1,1.0,1,1.0,1,0.1512627947031473,28
4,2,35,0,35,0,0,0,1.0,1,1.0,1,1.0,1,0.09176561387614382,29
5,0,35,0,35,0,0,0,1.0,1,1.0,1,1.0,1,0.09176561387614382,29
6,1,36,0,36,0,0,0,1.0,1,1.0,1,1.0,1,0.0232407858242688,32
7,1,37,1,36,0,0,0,1.0,1,1.0,1,1.0,1,0.06336087320824724,33
8,1,38,2,36,0,0,0,1.0,1,1.0,1,1.0,1,0.019155793590353805,35
9,1,39,3,36,0,0,0,1.0,1,1.0,1,1.0,1,0.04048620727109277,35
10,1,40,4,36,0,0,0,1.0,1,1.0,1,1.0,1,0.047618727009478626,35
11,2,42,6,36,0,0,0,1.0,1,1.0,1,1.0,1,0.05617490764563541,35
12,1,43,7,36,0,0,0,1.0,1,1.0,1,1.0,1,0.04590242868183795,34
13,0,43,7,36,0,0,0,1.0,1,1.0,1,1.0,1,0.04805270076709574,32
14,2,45,9,36,0,0,0,1.0,1,1.0,1,1.0,1,0.13431146892616191,31
15,1,46,10,36,0,0,0,1.0,1,1.0,1,1.0,1,0.10716510713735627,30
16,1,47,10,37,0,0,0,1.0,1,1.0,1,1.0,1,0.09680219558539534,30
17,0,47,10,37,0,0,0,1.0,1,1.0,1,1.0,1,0.08517441711192507,29
18,0,47,10,37,0,0,0,1.0,1,1.0,1,1.0,1,0.08517441711192507,29
19,0,47,10,37,0,0,0,1.0,1,1.0,1,1.0,1,0.09305287634502052,28
20,2,49,11,38,0,0,0,1.0,1,1.0,1,1.0,1,0.11844111550688363,28
21,1,50,12,38,0,0,0,1.0,1,1.0,1,1.0,1,0.07794436300602,28
22,2,52,14,38,0,0,0,1.0,1,1.0,1,1.0,1,0.12253491549234688,28
23,2,54,16,38,0,0,0,1.0,1,1.0,1,1.0,1,0.23088057603794596,27
24,7,61,21,40,0,0,0,1.0,1,1.0,1,1.0,1,0.19704708120230321,28
25,4,65,22,43,0,0,0,1.0,1,1.0,1,1.0,1,0.1281395595202474,28
26,2,67,23,44,0,0,0,1.0,1,1.0,1,1.0,1,0.13147697385946747,30
27,2,69,23,46,0,0,0,1.0,1,1.0,1,1.0,1,0.11090192543367454,30
28,2,71,24,47,0,0,0,1.0,1,1.0,1,1.0,1,0.09045242352117001,31
29,0,71,24,47,0,0,0,1.0,1,1.0,1,1.0,1,0.10995457859388974,30
30,0,71,24,47,0,0,0,1.0,1,1.0,1,1.0,1,0.10995457859388974,30
31,2,73,25,48,0,0,0,1.0,1,1.0,1,1.0,1,0.07319176757013986,31
32,0,73,25,48,0,0,0,1.0,1,1.0,1,1.0,1,0.10055924082205704,31
33,0,73,25,48,0,0,0,1.0,1,1.0,1,1.0,1,0.07357346307376164,31
34,3,76,26,50,0,0,0,1.0,1,1.0,1,1.0,1,0.11777447363721083,29
35,0,76,26,50,0,0,0,1.0,1,1.0,1,1.0,1,0.08502235146149358,30
36,0,76,26,50,0,0,0,1.0,1,1.0,1,1.0,1,0.11892840093335036,30
37,1,77,27,50,0,0,0,1.0,1,1.0,1,1.0,1,0.1459751778373269,31
38,2,79,28,51,0,0,0,1.0,1,1.0,1,1.0,1,0.11362546340653991,32
39,2,81,28,53,0,0,0,1.0,1,1.0,1,1.0,1,0.04645157663204954,36
40,1,82,29,53,0,0,0,1.0,1,1.0,1,1.0,1,0.06598293720963326,37
41,0,82,29,53,0,0,0,1.0,1,1.0,1,1.0,1,0.06598293720963326,37
42,1,83,30,53,0,0,0,1.0,1,1.0,1,1.0,1,0.08777517386908495,38
43,2,85,31,54,0,0,0,1.0,1,1.0,1,1.0,1,0.12493681751727603,40
44,0,85,31,54,0,0,0,1.0,1,1.0,1,1.0,1,0.11758731089866543,39
45,0,85,31,54,0,0,0,1.0,1,1.0,1,1.0,1,0.0949736138497231,40
46,0,85,31,54,0,0,0,1.0,1,1.0,1,1.0,1,0.08982336259141838,39
47,1,86,32,54,0,0,0,1.0,1,1.0,1,1.0,1,0.10492762217589502,39
48,1,87,32,55,0,0,0,1.0,1,1.0,1,1.0,1,0.08892341357725005,39
49,0,87,32,55,0,0,0,1.0,1,1.0,1,1.0,1,0.06411745151993302,37
50,2,89,34,55,0,0,0,1.0,1,1.0,1,1.0,1,0.08284386797889984,35
51,0,89,34,55,0,0,0,1.0,1,1.0,1,1.0,1,0.06968956557596545,34
52,0,89,34,55,0,0,0,1.0,1,1.0,1,1.0,1,0.04691698589526336,34
53,0,89,34,55,0,0,0,1.0,1,1.0,1,1.0,1,0.057701566029727605,35
54,1,90,34,56,0,0,0,1.0,1,1.0,1,1.0,1,0.040581987924067836,36
55,1,91,35,56,0,0,0,1.0,1,1.0,1,1.0,1,0.048541802735436075,36
56,8,99,39,60,0,0,0,1.0,1,1.0,1,1.0,1,0.04859938294510099,36
57,0,99,39,60,0,0,0,1.0,1,1.0,1,1.0,1,0.06737197276859963,37
58,2,101,41,60,0,0,0,1.0,1,1.0,1,1.0,1,0.10194083513740387,38
59,1,102,42,60,0,0,0,1.0,1,1.0,1,1.0,1,0.1506100523502189,37
60,0,102,42,60,0,0,0,1.0,1,1.0,1,1.0,1,0.13426663542286588,38
61,7,109,46,63,0,0,0,1.0,1,1.0,1,1.0,1,0.10140343992122934,37
62,4,113,47,66,0,0,0,1.0,1,1.0,1,1.0,1,0.057539681397118965,39
63,0,113,47,66,0,0,0,1.0,1,1.0,1,1.0,1,0.057539681397118965,39
64,2,115,49,66,0,0,0,1.0,1,1.0,1,1.0,1,0.1016120779599207,38
65,1,116,50,66,0,0,0,1.0,1,1.0,1,1.0,1,0.11058775915028533,39
66,0,116,50,66,0,0,0,1.0,1,1.0,1,1.0,1,0.10960178128493926,39
67,2,118,51,67,0,0,0,1.0,1,1.0,1,1.0,1,0.11283177851915756,36
68,2,120,52,68,0,0,0,1.0,1,1.0,1,1.0,1,0.09422743521919329,36
69,1,121,53,68,0,0,0,1.0,1,1.0,1,1.0,1,0.13074583829428607,37
70,2,123,53,70,0,0,0,1.0,1,1.0,1,1.0,1,0.06471338571012625,36
71,1,124,53,71,0,0,0,1.0,1,1.0,1,1.0,1,0.019668939419258534,38
72,0,124,53,71,0,0,0,1.0,1,1.0,1,1.0,1,0.019668939419258534,38
73,0,124,53,71,0,0,0,1.0,1,1.0,1,1.0,1,0.01990730839018119,37
74,1,125,54,71,0,0,0,1.0,1,1.0,1,1.0,1,0.04073407023930757,38
75,0,125,54,71,0,0,0,1.0,1,1.0,1,1.0,1,0.04073407023930757,38
76,1,126,55,71,0,0,0,1.0,1,1.0,1,1.0,1,0.08763503556397761,39
77,0,126,55,71,0,0,0,1.0,1,1.0,1,1.0,1,0.08105208485567716,40
78,0,126,55,71,0,0,0,1.0,1,1.0,1,1.0,1,0.057178471336045464,41
79,1,127,56,71,0,0,0,1.0,1,1.0,1,1.0,1,0.054435108125546576,41
80,0,127,56,71,0,0,0,1.0,1,1.0,1,1.0,1,0.054435108125546576,41
81,0,127,56,71,0,0,0,1.0,1,1.0,1,1.0,1,0.049662831537103186,41
82,0,127,56,71,0,0,0,1.0,1,1.0,1,1.0,1,0.05489523101149042,44
83,0,127,56,71,0,0,0,1.0,1,1.0,1,1.0,1,0.05489523101149042,44
84,2,129,57,72,0,0,0,1.0,1,1.0,1,1.0,1,0.09200367532490249,45
85,1,130,58,72,0,0,0,1.0,1,1.0,1,1.0,1,0.12152434299244741,45
86,0,130,58,72,0,0,0,1.0,1,1.0,1,1.0,1,0.12152434299244741,45
87,2,132,59,73,0,0,0,1.0,1,1.0,1,1.0,1,0.126544009084844,44
88,1,133,59,74,0,0,0,1.0,1,1.0,1,1.0,1,0.11523367819889091,44
89,0,133,59,74,0,0,0,1.0,1,1.0,1,1.0,1,0.07805779202934567,43
90,0,133,59,74,0,0,0,1.0,1,1.0,1,1.0,1,0.09545036665995328,44
91,1,134,60,74,0,0,0,1.0,1,1.0,1,1.0,1,0.11816819864242618,44
92,0,134,60,74,0,0,0,1.0,1,1.0,1,1.0,1,0.11459916566801857,43
93,0,134,60,74,0,0,0,1.0,1,1.0,1,1.0,1,0.1317420059623394,44
94,0,134,60,74,0,0,0,1.0,1,1.0,1,1.0,1,0.1317420059623394,44
95,1,135,60,75,0,0,0,1.0,1,1.0,1,1.0,1,0.11880114496564313,43
96,0,135,60,75,0,0,0,1.0,1,1.0,1,1.0,1,0.12138874528524042,44
97,1,136,61,75,0,0,0,1.0,1,1.0,1,1.0,1,0.13713516176741106,44
98,2,138,63,75,0,0,0,1.0,1,1.0,1,1.0,1,0.20958364090598558,43
99,0,138,63,75,0,0,0,1.0,1,1.0,1,1.0,1,0.20958364090598558,43
100,6,144,65,79,0,0,0,1.0,1,1.0,1,1.0,1,0.19838764831083897,47
101,0,144,65,79,0,0,0,1.0,1,1.0,1,1.0,1,0.19838764831083897,47
102,1,145,66,79,0,0,0,1.0,1,1.0,1,1.0,1,0.22251291226117972,47
103,3,148,67,81,0,0,0,1.0,1,1.0,1,1.0,1,0.14172388112930714,46
104,3,151,69,82,0,0,0,1.0,1,1.0,1,1.0,1,0.09787082593651833,45
105,5,156,71,85,0,0,0,1.0,1,1.0,1,1.0,1,0.08146517613067805,44
106,4,160,73,87,0,0,0,1.0,1,1.0,1,1.0,1,0.07790175739478271,45
107,1,161,74,87,0,0,0,1.0,1,1.0,1,1.0,1,0.09042691919568413,44
108,2,163,75,88,0,0,0,1.0,1,1.0,1,1.0,1,0.06411345158830513,46
109,4,167,79,88,0,0,0,1.0,1,1.0,1,1.0,1,0.09557401224248646,46
110,1,168,80,88,0,0,0,1.0,1,1.0,1,1.0,1,0.08515310876213406,46
111,3,171,82,89,0,0,0,1.0,1,1.0,1,1.0,1,0.04958311155302936,46
112,4,175,85,90,0,0,0,1.0,1,1.0,1,1.0,1,0.05591460830598733,46
113,1,176,86,90,0,0,0,1.0,1,1.0,1,1.0,1,0.06975512571409592,46
114,0,176,86,90,0,0,0,1.0,1,1.0,1,1.0,1,0.06975512571409592,46
115,0,176,86,90,0,0,0,1.0,1,1.0,1,1.0,1,0.05400023774675433,47
116,0,176,86,90,0,0,0,1.0,1,1.0,1,1.0,1,0.05400023774675433,47
117,2,178,87,91,0,0,0,1.0,1,1.0,1,1.0,1,0.04613079802978496,45
118,0,178,87,91,0,0,0,1.0,1,1.0,1,1.0,1,0.05521172759628803,46
119,0,178,87,91,0,0,0,1.0,1,1.0,1,1.0,1,0.079437542970412,46
120,2,180,89,91,0,0,0,1.0,1,1.0,1,1.0,1,0.0931325657916259,47
121,1,181,90,91,0,0,0,1.0,1,1.0,1,1.0,1,0.12671530537064626,46
122,1,182,90,92,0,0,0,1.0,1,1.0,1,1.0,1,0.11526777189230901,46
123,0,182,90,92,0,0,0,1.0,1,1.0,1,1.0,1,0.12450387295637104,45
124,3,185,91,94,0,0,0,1.0,1,1.0,1,1.0,1,0.12140775481660258,46
125,0,185,91,94,0,0,0,1.0,1,1.0,1,1.0,1,0.11825054946878039,44
126,0,185,91,94,0,0,0,1.0,1,1.0,1,1.0,1,0.11852132932419057,45
127,2,187,91,96,0,0,0,1.0,1,1.0,1,1.0,1,0.09670091611964125,45
128,0,187,91,96,0,0,0,1.0,1,1.0,1,1.0,1,0.08420385416793433,46
129,1,188,92,96,0,0,0,1.0,1,1.0,1,1.0,1,0.08860981772022883,48
130,0,188,92,96,0,0,0,1.0,1,1.0,1,1.0,1,0.08860981772022883,48
131,1,189,93,96,0,0,0,1.0,1,1.0,1,1.0,1,0.0736852601024567,49
132,3,192,94,98,0,0,0,1.0,1,1.0,1,1.0,1,0.04952177845999585,51
133,3,195,96,99,0,0,0,1.0,1,1.0,1,1.0,1,0.09662896688245462,49
134,3,198,99,99,0,0,0,1.0,1,1.0,1,1.0,1,0.15583279574992218,49
135,0,198,99,99,0,0,0,1.0,1,1.0,1,1.0,1,0.14006934923296793,49
136,5,203,102,101,0,0,0,1.0,1,1.0,1,1.0,1,0.09643894516561952,48
137,1,204,102,102,0,0,0,1.0,1,1.0,1,1.0,1,0.08300747392024115,47
138,4,208,106,102,0,0,0,1.0,1,1.0,1,1.0,1,0.11157524385061537,48
139,7,215,110,105,0,0,0,1.0,1,1.0,1,1.0,1,0.10462742396185909,48
140,1,216,111,105,0,0,0,1.0,1,1.0,1,1.0,1,0.11926889852494629,49
141,1,217,111,106,0,0,0,1.0,1,1.0,1,1.0,1,0.09259381016468435,49
142,2,219,113,106,0,0,0,1.0,1,1.0,1,1.0,1,0.038570843315539616,49
143,0,219,113,106,0,0,0,1.0,1,1.0,1,1.0,1,0.045377096850667875,47
144,2,221,115,106,0,0,0,1.0,1,1.0,1,1.0,1,0.042535496088198156,46
145,1,222,116,106,0,0,0,1.0,1,1.0,1,1.0,1,0.08831918155140431,44
146,1,223,117,106,0,0,0,1.0,1,1.0,1,1.0,1,0.1031467047819318,44
147,0,223,117,106,0,0,0,1.0,1,1.0,1,1.0,1,0.11978845402473311,43
148,0,223,117,106,0,0,0,1.0,1,1.0,1,1.0,1,0.15008064190579506,43
149,2,225,118,107,0,0,0,1.0,1,1.0,1,1.0,1,0.14649867802951924,43
150,1,226,119,107,0,0,0,1.0,1,1.0,1,1.0,1,0.15908263602561165,42
151,2,228,120,108,0,0,0,1.0,1,1.0,1,1.0,1,0.16539237008636687,42
152,3,231,121,110,0,0,0,1.0,1,1.0,1,1.0,1,0.1332582648751422,42
153,0,231,121,110,0,0,0,1.0,1,1.0,1,1.0,1,0.10947535415106167,42
154,2,233,121,112,0,0,0,1.0,1,1.0,1,1.0,1,0.08575824305008214,43
155,0,233,121,112,0,0,0,1.0,1,1.0,1,1.0,1,0.05346768882610743,43
156,0,233,121,112,0,0,0,1.0,1,1.0,1,1.0,1,0.07404006563652873,42
157,0,233,121,112,0,0,0,1.0,1,1.0,1,1.0,1,0.09762972821679582,41
158,0,233,121,112,0,0,0,1.0,1,1.0,1,1.0,1,0.09063947803138228,42
159,0,233,121,112,0,0,0,1.0,1,1.0,1,1.0,1,0.09395104561335034,43
160,3,236,124,112,0,0,0,1.0,1,1.0,1,1.0,1,0.20691916860848522,44
161,2,238,125,113,0,0,0,1.0,1,1.0,1,1.0,1,0.23857559931256522,44
162,4,242,126,116,0,0,0,1.0,1,1.0,1,1.0,1,0.22259900226549195,45
163,5,247,127,120,0,0,0,1.0,1,1.0,1,1.0,1,0.2257796496115561,43
164,1,248,127,121,0,0,0,1.0,1,1.0,1,1.0,1,0.21665365643414,42
165,3,251,130,121,0,0,0,1.0,1,1.0,1,1.0,1,0.2016902521953576,42
166,5,256,131,125,0,0,0,1.0,1,1.0,1,1.0,1,0.14686281810529042,42
167,1,257,131,126,0,0,0,1.0,1,1.0,1,1.0,1,0.12350225506657471,41
168,0,257,131,126,0,0,0,1.0,1,1.0,1,1.0,1,0.12072292804177417,40
169,2,259,133,126,0,0,0,1.0,1,1.0,1,1.0,1,0.0720784250093585,40
170,0,259,133,126,0,0,0,1.0,1,1.0,1,1.0,1,0.05964912632432675,38
171,2,261,135,126,0,0,0,1.0,1,1.0,1,1.0,1,0.07617981157950054,37
172,5,266,139,127,0,0,0,1.0,1,1.0,1,1.0,1,0.0789597169993164,35
173,1,267,140,127,0,0,0,1.0,1,1.0,1,1.0,1,0.10101290542592285,36
174,2,269,142,127,0,0,0,1.0,1,1.0,1,1.0,1,0.11775214757330336,34
175,0,269,142,127,0,0,0,1.0,1,1.0,1,1.0,1,0.08376529700573976,33
176,2,271,144,127,0,0,0,1.0,1,1.0,1,1.0,1,0.09800851510576326,34
177,0,271,144,127,0,0,0,1.0,1,1.0,1,1.0,1,0.09429074249252843,36
178,1,272,145,127,0,0,0,1.0,1,1.0,1,1.0,1,0.0921080500740168,37
179,2,274,146,128,0,0,0,1.0,1,1.0,1,1.0,1,0.06464013125224846,37
180,0,274,146,128,0,0,0,1.0,1,1.0,1,1.0,1,0.0767575419853321,36
181,1,275,147,128,0,0,0,1.0,1,1.0,1,1.0,1,0.06679168513717829,36
182,0,275,147,128,0,0,0,1.0,1,1.0,1,1.0,1,0.06691822791146497,38
183,1,276,148,128,0,0,0,1.0,1,1.0,1,1.0,1,0.07161082189537744,37
184,0,276,148,128,0,0,0,1.0,1,1.0,1,1.0,1,0.08449420544951423,36
185,1,277,149,128,0,0,0,1.0,1,1.0,1,1.0,1,0.11419462569441904,35
186,1,278,149,129,0,0,0,1.0,1,1.0,1,1.0,1,0.09959370164168989,34
187,3,281,151,130,0,0,0,1.0,1,1.0,1,1.0,1,0.11541722335288275,33
188,1,282,152,130,0,0,0,1.0,1,1.0,1,1.0,1,0.14015570348520387,33
189,2,284,154,130,0,0,0,1.0,1,1.0,1,1.0,1,0.11602366750974599,33
190,1,285,154,131,0,0,0,1.0,1,1.0,1,1.0,1,0.12151902483478647,32
191,3,288,156,132,0,0,0,1.0,1,1.0,1,1.0,1,0.11419515581227505,34
192,1,289,156,133,0,0,0,1.0,1,1.0,1,1.0,1,0.10364634472025154,34
193,1,290,156,134,0,0,0,1.0,1,1.0,1,1.0,1,0.07931572269808713,35
194,1,291,156,135,0,0,0,1.0,1,1.0,1,1.0,1,0.07490783342815442,37
195,0,291,156,135,0,0,0,1.0,1,1.0,1,1.0,1,0.09426195768889593,36
196,0,291,156,135,0,0,0,1.0,1,1.0,1,1.0,1,0.09426195768889593,36
197,0,291,156,135,0,0,0,1.0,1,1.0,1,1.0,1,0.0866973441983969,37
198,3,294,159,135,0,0,0,1.0,1,1.0,1,1.0,1,0.12403365467403399,37
199,1,295,159,136,0,0,0,1.0,1,1.0,1,1.0,1,0.0939039349844437,37
200,1,296,160,136,0,0,0,1.0,1,1.0,1,1.0,1,0.10714886343570926,37
201,2,298,162,136,0,0,0,1.0,1,1.0,1,1.0,1,0.11500448158625076,36
202,0,298,162,136,0,0,0,1.0,1,1.0,1,1.0,1,0.0831007214239001,36
203,3,301,165,136,0,0,0,1.0,1,1.0,1,1.0,1,0.13667246326926163,35
204,0,301,165,136,0,0,0,1.0,1,1.0,1,1.0,1,0.13597196138653755,35
205,4,305,168,137,0,0,0,1.0,1,1.0,1,1.0,1,0.09700898015508104,35
206,1,306,169,137,0,0,0,1.0,1,1.0,1,1.0,1,0.09072427069060876,34
207,0,306,169,137,0,0,0,1.0,1,1.0,1,1.0,1,0.08295367187954825,34
208,3,309,171,138,0,0,0,1.0,1,1.0,1,1.0,1,0.11717050897510461,33
209,1,310,171,139,0,0,0,1.0,1,1.0,1,1.0,1,0.142584053621048,33
210,2,312,172,140,0,0,0,1.0,1,1.0,1,1.0,1,0.11143133486875426,34
211,2,314,173,141,0,0,0,1.0,1,1.0,1,1.0,1,0.12777908409401428,33
212,0,314,173,141,0,0,0,1.0,1,1.0,1,1.0,1,0.12777908409401428,33
213,0,314,173,141,0,0,0,1.0,1,1.0,1,1.0,1,0.14420283227806505,35
214,3,317,175,142,0,0,0,1.0,1,1.0,1,1.0,1,0.12002547295175363,34
215,1,318,176,142,0,0,0,1.0,1,1.0,1,1.0,1,0.11517711076302627,35
216,1,319,177,142,0,0,0,1.0,1,1.0,1,1.0,1,0.1253818076488735,36
217,3,322,178,144,0,0,0,1.0,1,1.0,1,1.0,1,0.06446312853956913,36
218,1,323,179,144,0,0,0,1.0,1,1.0,1,1.0,1,0.1123772347651174,36
219,0,323,179,144,0,0,0,1.0,1,1.0,1,1.0,1,0.0933814611521679,37
220,0,323,179,144,0,0,0,1.0,1,1.0,1,1.0,1,0.09343782488641195,38
221,1,324,180,144,0,0,0,1.0,1,1.0,1,1.0,1,0.10266195874788502,37
222,2,326,182,144,0,0,0,1.0,1,1.0,1,1.0,1,0.09185937444723019,38
223,1,327,182,145,0,0,0,1.0,1,1.0,1,1.0,1,0.058552152507935676,38
224,3,330,183,147,0,0,0,1.0,1,1.0,1,1.0,1,0.12771868275592022,38
225,2,332,185,147,0,0,0,1.0,1,1.0,1,1.0,1,0.13575529234466843,36
226,2,334,186,148,0,0,0,1.0,1,1.0,1,1.0,1,0.10586301304143952,37
227,2,336,188,148,0,0,0,1.0,1,1.0,1,1.0,1,0.17416103094214083,35
228,2,338,190,148,0,0,0,1.0,1,1.0,1,1.0,1,0.13432219117544578,35
229,5,343,193,150,0,0,0,1.0,1,1.0,1,1.0,1,0.10938893012932384,35
230,0,343,193,150,0,0,0,1.0,1,1.0,1,1.0,1,0.10938893012932384,35
231,2,345,195,150,0,0,0,1.0,1,1.0,1,1.0,1,0.1351913432758309,35
232,2,347,197,150,0,0,0,1.0,1,1.0,1,1.0,1,0.10789364839317558,36
233,1,348,198,150,0,0,0,1.0,1,1.0,1,1.0,1,0.09185362929978004,36
234,0,348,198,150,0,0,0,1.0,1,1.0,1,1.0,1,0.12067156525103986,34
235,2,350,200,150,0,0,0,1.0,1,1.0,1,1.0,1,0.10787084990249907,33
236,1,351,201,150,0,0,0,1.0,1,1.0,1,1.0,1,0.09569258924690306,31
237,0,351,201,150,0,0,0,1.0,1,1.0,1,1.0,1,0.1192141769777352,32
238,2,353,202,151,0,0,0,1.0,1,1.0,1,1.0,1,0.11048742583779583,31
239,3,356,204,152,0,0,0,1.0,1,1.0,1,1.0,1,0.10055337395071758,30
240,1,357,205,152,0,0,0,1.0,1,1.0,1,1.0,1,0.1135093206505891,27
241,4,361,209,152,0,0,0,1.0,1,1.0,1,1.0,1,0.16621282853720354,27
242,0,361,209,152,0,0,0,1.0,1,1.0,1,1.0,1,0.13821761145156858,28
243,1,362,210,152,0,0,0,1.0,1,1.0,1,1.0,1,0.14770797046061881,28
244,2,364,211,153,0,0,0,1.0,1,1.0,1,1.0,1,0.08632436374493295,27
245,0,364,211,153,0,0,0,1.0,1,1.0,1,1.0,1,0.08632436374493295,27
246,1,365,212,153,0,0,0,1.0,1,1.0,1,1.0,1,0.08984760706077814,25
247,0,365,212,153,0,0,0,1.0,1,1.0,1,1.0,1,0.05570857872752319,24
248,0,365,212,153,0,0,0,1.0,1,1.0,1,1.0,1,0.06033248911128709,24
249,0,365,212,153,0,0,0,1.0,1,1.0,1,1.0,1,0.08865024487147835,25
250,0,365,212,153,0,0,0,1.0,1,1.0,1,1.0,1,0.07313419918536822,27
251,0,365,212,153,0,0,0,1.0,1,1.0,1,1.0,1,0.07313419918536822,27
252,2,367,214,153,0,0,0,1.0,1,1.0,1,1.0,1,0.07821572739603352,27
253,1,368,215,153,0,0,0,1.0,1,1.0,1,1.0,1,0.14237323474485486,29
254,4,372,218,154,0,0,0,1.0,1,1.0,1,1.0,1,0.12781491151210975,30
255,1,373,219,154,0,0,0,1.0,1,1.0,1,1.0,1,0.14840101746177206,31
256,4,377,221,156,0,0,0,1.0,1,1.0,1,1.0,1,0.08588231826534613,31
257,1,378,222,156,0,0,0,1.0,1,1.0,1,1.0,1,0.10831887059974689,33
258,0,378,222,156,0,0,0,1.0,1,1.0,1,1.0,1,0.10831887059974689,33
259,1,379,222,157,0,0,0,1.0,1,1.0,1,1.0,1,0.08347877680690441,33
260,1,380,223,157,0,0,0,1.0,1,1.0,1,1.0,1,0.09296876025872503,35
261,3,383,224,159,0,0,0,1.0,1,1.0,1,1.0,1,0.09196553370057049,35
262,1,384,224,160,0,0,0,1.0,1,1.0,1,1.0,1,0.04992873091869428,35
263,0,384,224,160,0,0,0,1.0,1,1.0,1,1.0,1,0.07958178486053544,34
264,0,384,224,160,0,0,0,1.0,1,1.0,1,1.0,1,0.10071746859971567,32
265,2,386,226,160,0,0,0,1.0,1,1.0,1,1.0,1,0.12002762617454427,30
266,2,388,227,161,0,0,0,1.0,1,1.0,1,1.0,1,0.09806418197085134,31
267,0,388,227,161,0,0,0,1.0,1,1.0,1,1.0,1,0.09463322422410161,30
268,2,390,228,162,0,0,0,1.0,1,1.0,1,1.0,1,0.0880750007996443,31
269,1,391,229,162,0,0,0,1.0,1,1.0,1,1.0,1,0.13075619895685797,31
270,2,393,230,163,0,0,0,1.0,1,1.0,1,1.0,1,0.17532862188719886,32
271,1,394,230,164,0,0,0,1.0,1,1.0,1,1.0,1,0.1807993735574432,31
272,1,395,231,164,0,0,0,1.0,1,1.0,1,1.0,1,0.2658427931466291,32
273,1,396,231,165,0,0,0,1.0,1,1.0,1,1.0,1,0.2471184342290946,32
274,2,398,231,167,0,0,0,1.0,1,1.0,1,1.0,1,0.21935625964400232,32
275,4,402,232,170,0,0,0,1.0,1,1.0,1,1.0,1,0.11695674806945329,33
276,1,403,233,170,0,0,0,1.0,1,1.0,1,1.0,1,0.1417517298629293,34
277,1,404,234,170,0,0,0,1.0,1,1.0,1,1.0,1,0.0989701264021047,32
278,0,404,234,170,0,0,0,1.0,1,1.0,1,1.0,1,0.0691793774247225,31
279,0,404,234,170,0,0,0,1.0,1,1.0,1,1.0,1,0.06780866768335284,31
280,0,404,234,170,0,0,0,1.0,1,1.0,1,1.0,1,0.06666209559414689,30
281,0,404,234,170,0,0,0,1.0,1,1.0,1,1.0,1,0.04491681710335837,31
282,0,404,234,170,0,0,0,1.0,1,1.0,1,1.0,1,0.0750824886721283,30
283,1,405,235,170,0,0,0,1.0,1,1.0,1,1.0,1,0.10723859885155898,31
284,1,406,236,170,0,0,0,1.0,1,1.0,1,1.0,1,0.11902537056101076,31
285,2,408,238,170,0,0,0,1.0,1,1.0,1,1.0,1,0.18326039172340353,31
286,3,411,238,173,0,0,0,1.0,1,1.0,1,1.0,1,0.10719737581386962,31
287,1,412,239,173,0,0,0,1.0,1,1.0,1,1.0,1,0.1772263921930018,33
288,0,412,239,173,0,0,0,1.0,1,1.0,1,1.0,1,0.1252244237028999,32
289,1,413,239,174,0,0,0,1.0,1,1.0,1,1.0,1,0.10202611187898494,32
290,0,413,239,174,0,0,0,1.0,1,1.0,1,1.0,1,0.08506275683857784,31
291,1,414,240,174,0,0,0,1.0,1,1.0,1,1.0,1,0.15106653981766618,30
292,2,416,240,176,0,0,0,1.0,1,1.0,1,1.0,1,0.06718392695324424,32
293,0,416,240,176,0,0,0,1.0,1,1.0,1,1.0,1,0.06718392695324424,32
294,0,416,240,176,0,0,0,1.0,1,1.0,1,1.0,1,0.06718392695324424,32
295,0,416,240,176,0,0,0,1.0,1,1.0,1,1.0,1,0.07878427539396299,34
296,0,416,240,176,0,0,0,1.0,1,1.0,1,1.0,1,0.07878427539396299,34
297,0,416,240,176,0,0,0,1.0,1,1.0,1,1.0,1,0.07878427539396299,34
298,1,417,241,176,0,0,0,1.0,1,1.0,1,1.0,1,0.07891588772678411,35
299,0,417,241,176,0,0,0,1.0,1,1.0,1,1.0,1,0.11420146975215453,35
300,1,418,242,176,0,0,0,1.0,1,1.0,1,1.0,1,0.14475436268180128,35
301,5,423,243,180,0,0,0,1.0,1,1.0,1,1.0,1,0.05644562062629424,38
302,1,424,244,180,0,0,0,1.0,1,1.0,1,1.0,1,0.0514905582594747,38
303,1,425,245,180,0,0,0,1.0,1,1.0,1,1.0,1,0.07287482382543219,37
304,0,425,245,180,0,0,0,1.0,1,1.0,1,1.0,1,0.09630184791113569,37
305,2,427,246,181,0,0,0,1.0,1,1.0,1,1.0,1,0.1449400912999877,36
306,1,428,247,181,0,0,0,1.0,1,1.0,1,1.0,1,0.1592435948099972,36
307,1,429,247,182,0,0,0,1.0,1,1.0,1,1.0,1,0.15671422306235516,35
308,0,429,247,182,0,0,0,1.0,1,1.0,1,1.0,1,0.1464623894572198,37
309,0,429,247,182,0,0,0,1.0,1,1.0,1,1.0,1,0.1464623894572198,37
310,2,431,247,184,0,0,0,1.0,1,1.0,1,1.0,1,0.12204814073060627,37
311,1,432,248,184,0,0,0,1.0,1,1.0,1,1.0,1,0.09092231844620091,39
312,2,434,248,186,0,0,0,1.0,1,1.0,1,1.0,1,0.04605352184783197,40
313,0,434,248,186,0,0,0,1.0,1,1.0,1,1.0,1,0.04703428566757255,39
314,1,435,249,186,0,0,0,1.0,1,1.0,1,1.0,1,0.08646170053244145,40
315,2,437,251,186,0,0,0,1.0,1,1.0,1,1.0,1,0.08361640452814459,39
316,0,437,251,186,0,0,0,1.0,1,1.0,1,1.0,1,0.08361640452814459,39
317,1,438,251,187,0,0,0,1.0,1,1.0,1,1.0,1,0.06072083860525185,40
318,1,439,252,187,0,0,0,1.0,1,1.0,1,1.0,1,0.061955658364692655,41
319,0,439,252,187,0,0,0,1.0,1,1.0,1,1.0,1,0.05700187734739956,41
320,1,440,253,187,0,0,0,1.0,1,1.0,1,1.0,1,0.030796971958303065,41
321,1,441,254,187,0,0,0,1.0,1,1.0,1,1.0,1,0.06317936653365949,41
322,2,443,256,187,0,0,0,1.0,1,1.0,1,1.0,1,0.08885775663233426,41
323,0,443,256,187,0,0,0,1.0,1,1.0,1,1.0,1,0.08885775663233426,41
324,3,446,258,188,0,0,0,1.0,1,1.0,1,1.0,1,0.11088578455191621,42
325,3,449,259,190,0,0,0,1.0,1,1.0,1,1.0,1,0.10734023238443785,42
326,2,451,260,191,0,0,0,1.0,1,1.0,1,1.0,1,0.13820241912514517,42
327,0,451,260,191,0,0,0,1.0,1,1.0,1,1.0,1,0.13820241912514517,42
328,2,453,260,193,0,0,0,1.0,1,1.0,1,1.0,1,0.12196617588129649,43
329,1,454,260,194,0,0,0,1.0,1,1.0,1,1.0,1,0.11113813119872652,43
330,0,454,260,194,0,0,0,1.0,1,1.0,1,1.0,1,0.10304532981983577,45
331,1,455,260,195,0,0,0,1.0,1,1.0,1,1.0,1,0.09105479779447027,45
332,0,455,260,195,0,0,0,1.0,1,1.0,1,1.0,1,0.06951024299051935,45
333,0,455,260,195,0,0,0,1.0,1,1.0,1,1.0,1,0.07671025646344341,46
334,1,456,261,195,0,0,0,1.0,1,1.0,1,1.0,1,0.06508948178667877,48
335,1,457,262,195,0,0,0,1.0,1,1.0,1,1.0,1,0.08520996603122728,48
336,1,458,263,195,0,0,0,1.0,1,1.0,1,1.0,1,0.10972517952411458,48
337,2,460,263,197,0,0,0,1.0,1,1.0,1,1.0,1,0.08964428301832421,49
338,1,461,263,198,0,0,0,1.0,1,1.0,1,1.0,1,0.06939181218469453,50
339,1,462,264,198,0,0,0,1.0,1,1.0,1,1.0,1,0.09957479960447106,50
340,0,462,264,198,0,0,0,1.0,1,1.0,1,1.0,1,0.09957479960447106,50
341,1,463,264,199,0,0,0,1.0,1,1.0,1,1.0,1,0.0921899455731837,51
342,0,463,264,199,0,0,0,1.0,1,1.0,1,1.0,1,0.0921899455731837,51
343,1,464,265,199,0,0,0,1.0,1,1.0,1,1.0,1,0.0814296082067821,51
344,1,465,265,200,0,0,0,1.0,1,1.0,1,1.0,1,0.054591036329374794,50
345,0,465,265,200,0,0,0,1.0,1,1.0,1,1.0,1,0.06874251038549392,51
346,1,466,265,201,0,0,0,1.0,1,1.0,1,1.0,1,0.055256699449324195,51
347,4,470,269,201,0,0,0,1.0,1,1.0,1,1.0,1,0.09721889352495093,51
348,1,471,270,201,0,0,0,1.0,1,1.0,1,1.0,1,0.0759379074574491,53
349,2,473,271,202,0,0,0,1.0,1,1.0,1,1.0,1,0.08306473209223589,55
350,0,473,271,202,0,0,0,1.0,1,1.0,1,1.0,1,0.10243448919185816,54
351,2,475,273,202,0,0,0,1.0,1,1.0,1,1.0,1,0.09097388499891602,54
352,2,477,274,203,0,0,0,1.0,1,1.0,1,1.0,1,0.113823255644262,53
353,3,480,277,203,0,0,0,1.0,1,1.0,1,1.0,1,0.0953779299469659,53
354,1,481,278,203,0,0,0,1.0,1,1.0,1,1.0,1,0.11701935310998747,50
355,2,483,279,204,0,0,0,1.0,1,1.0,1,1.0,1,0.11429290565025675,51
356,3,486,280,206,0,0,0,1.0,1,1.0,1,1.0,1,0.07274322865481088,51
357,3,489,283,206,0,0,0,1.0,1,1.0,1,1.0,1,0.09912114964985962,50
358,4,493,285,208,0,0,0,1.0,1,1.0,1,1.0,1,0.09200535705309433,48
359,1,494,286,208,0,0,0,1.0,1,1.0,1,1.0,1,0.10696648119185205,47
360,0,494,286,208,0,0,0,1.0,1,1.0,1,1.0,1,0.11377384068646375,45
361,1,495,286,209,0,0,0,1.0,1,1.0,1,1.0,1,0.09705229008757642,44
362,0,495,286,209,0,0,0,1.0,1,1.0,1,1.0,1,0.12766353700703598,44
363,5,500,289,211,0,0,0,1.0,1,1.0,1,1.0,1,0.08605790915414858,44
364,1,501,289,212,0,0,0,1.0,1,1.0,1,1.0,1,0.08412937533660649,43
365,3,504,292,212,0,0,0,1.0,1,1.0,1,1.0,1,0.10887949132894263,43
366,2,506,293,213,0,0,0,1.0,1,1.0,1,1.0,1,0.060002385331935824,45
367,2,508,294,214,0,0,0,1.0,1,1.0,1,1.0,1,0.08283035748827551,44
368,0,508,294,214,0,0,0,1.0,1,1.0,1,1.0,1,0.06231812877474114,46
369,2,510,295,215,0,0,0,1.0,1,1.0,1,1.0,1,0.10244456177977909,45
370,1,511,295,216,0,0,0,1.0,1,1.0,1,1.0,1,0.09624062497893231,46
371,1,512,295,217,0,0,0,1.0,1,1.0,1,1.0,1,0.10177743745752575,47
372,1,513,295,218,0,0,0,1.0,1,1.0,1,1.0,1,0.08510294536731426,48
373,0,513,295,218,0,0,0,1.0,1,1.0,1,1.0,1,0.08510294536731426,48
374,2,515,296,219,0,0,0,1.0,1,1.0,1,1.0,1,0.07667048252817343,49
375,0,515,296,219,0,0,0,1.0,1,1.0,1,1.0,1,0.07667048252817343,49
376,3,518,298,220,0,0,0,1.0,1,1.0,1,1.0,1,0.08974988536686573,49
377,5,523,302,221,0,0,0,1.0,1,1.0,1,1.0,1,0.09518559524096293,49
378,1,524,303,221,0,0,0,1.0,1,1.0,1,1.0,1,0.06922880564597132,49
379,2,526,303,223,0,0,0,1.0,1,1.0,1,1.0,1,0.06308906349226294,50
380,1,527,304,223,0,0,0,1.0,1,1.0,1,1.0,1,0.055399269174455604,50
381,3,530,306,224,0,0,0,1.0,1,1.0,1,1.0,1,0.05476272587598448,51
382,1,531,307,224,0,0,0,1.0,1,1.0,1,1.0,1,0.059801991219111734,50
383,1,532,307,225,0,0,0,1.0,1,1.0,1,1.0,1,0.06376673398774703,51
384,1,533,308,225,0,0,0,1.0,1,1.0,1,1.0,1,0.07189092687786536,50
385,1,534,308,226,0,0,0,1.0,1,1.0,1,1.0,1,0.06952177047757187,50
386,0,534,308,226,0,0,0,1.0,1,1.0,1,1.0,1,0.06984379627876071,48
387,1,535,308,227,0,0,0,1.0,1,1.0,1,1.0,1,0.06798475521681452,47
388,2,537,308,229,0,0,0,1.0,1,1.0,1,1.0,1,0.0345795991180867,48
389,1,538,309,229,0,0,0,1.0,1,1.0,1,1.0,1,0.05861433144145343,47
390,1,539,310,229,0,0,0,1.0,1,1.0,1,1.0,1,0.09230316731402613,49
391,2,541,312,229,0,0,0,1.0,1,1.0,1,1.0,1,0.10424358785279096,46
392,0,541,312,229,0,0,0,1.0,1,1.0,1,1.0,1,0.13402765923725715,46
393,5,546,316,230,0,0,0,1.0,1,1.0,1,1.0,1,0.1680317452581071,44
394,2,548,316,232,0,0,0,1.0,1,1.0,1,1.0,1,0.1555935600436796,43
395,0,548,316,232,0,0,0,1.0,1,1.0,1,1.0,1,0.1609513056422887,42
396,1,549,317,232,0,0,0,1.0,1,1.0,1,1.0,1,0.202883838188364,39
397,4,553,318,235,0,0,0,1.0,1,1.0,1,1.0,1,0.22098258713349814,39
398,1,554,318,236,0,0,0,1.0,1,1.0,1,1.0,1,0.20921475260639294,36
399,0,554,318,236,0,0,0,1.0,1,1.0,1,1.0,1,0.20921475260639294,36
400,2,556,319,237,0,0,0,1.0,1,1.0,1,1.0,1,0.20191530156812443,34
401,0,556,319,237,0,0,0,1.0,1,1.0,1,1.0,1,0.18572030132114556,33
402,0,556,319,237,0,0,0,1.0,1,1.0,1,1.0,1,0.15280288476381054,34
403,1,557,319,238,0,0,0,1.0,1,1.0,1,1.0,1,0.1472862369541492,36
404,0,557,319,238,0,0,0,1.0,1,1.0,1,1.0,1,0.1472862369541492,36
405,1,558,319,239,0,0,0,1.0,1,1.0,1,1.0,1,0.12200815949903811,37
406,0,558,319,239,0,0,0,1.0,1,1.0,1,1.0,1,0.12200815949903811,37
407,3,561,322,239,0,0,0,1.0,1,1.0,1,1.0,1,0.11116387750814319,39
408,3,564,325,239,0,0,0,1.0,1,1.0,1,1.0,1,0.16577609497669232,40
409,3,567,327,240,0,0,0,1.0,1,1.0,1,1.0,1,0.19195059459217317,41
410,4,571,329,242,0,0,0,1.0,1,1.0,1,1.0,1,0.18422560503984048,42
411,1,572,329,243,0,0,0,1.0,1,1.0,1,1.0,1,0.1884003943259333,43
412,2,574,330,244,0,0,0,1.0,1,1.0,1,1.0,1,0.18252357174711187,44
413,1,575,331,244,0,0,0,1.0,1,1.0,1,1.0,1,0.19973205126925375,44
414,1,576,331,245,0,0,0,1.0,1,1.0,1,1.0,1,0.16562195821521475,45
415,0,576,331,245,0,0,0,1.0,1,1.0,1,1.0,1,0.16562195821521475,45
416,1,577,331,246,0,0,0,1.0,1,1.0,1,1.0,1,0.13618546305628915,46
417,1,578,332,246,0,0,0,1.0,1,1.0,1,1.0,1,0.1562414266085577,46
418,1,579,332,247,0,0,0,1.0,1,1.0,1,1.0,1,0.13582385465994767,47
419,0,579,332,247,0,0,0,1.0,1,1.0,1,1.0,1,0.13582385465994767,47
420,0,579,332,247,0,0,0,1.0,1,1.0,1,1.0,1,0.13582385465994767,47
421,0,579,332,247,0,0,0,1.0,1,1.0,1,1.0,1,0.13582385465994767,47
422,0,579,332,247,0,0,0,1.0,1,1.0,1,1.0,1,0.12857016642821845,49
423,0,579,332,247,0,0,0,1.0,1,1.0,1,1.0,1,0.14037841909582122,47
424,1,580,332,248,0,0,0,1.0,1,1.0,1,1.0,1,0.1402903894970729,45
425,3,583,334,249,0,0,0,1.0,1,1.0,1,1.0,1,0.1136125398616512,46
426,1,584,335,249,0,0,0,1.0,1,1.0,1,1.0,1,0.14003307499837778,46
427,4,588,337,251,0,0,0,1.0,1,1.0,1,1.0,1,0.11416675781791948,45
428,0,588,337,251,0,0,0,1.0,1,1.0,1,1.0,1,0.13486928551529637,45
429,2,590,338,252,0,0,0,1.0,1,1.0,1,1.0,1,0.07748571183601727,42
430,0,590,338,252,0,0,0,1.0,1,1.0,1,1.0,1,0.1087747959007791,40
431,3,593,340,253,0,0,0,1.0,1,1.0,1,1.0,1,0.0738015623973226,39
432,0,593,340,253,0,0,0,1.0,1,1.0,1,1.0,1,0.07858404111397128,37
433,3,596,342,254,0,0,0,1.0,1,1.0,1,1.0,1,0.12689677542622468,35
434,2,598,343,255,0,0,0,1.0,1,1.0,1,1.0,1,0.15438487136399565,33
435,0,598,343,255,0,0,0,1.0,1,1.0,1,1.0,1,0.15438487136399565,33
436,2,600,343,257,0,0,0,1.0,1,1.0,1,1.0,1,0.10058967751387532,33
437,1,601,344,257,0,0,0,1.0,1,1.0,1,1.0,1,0.09835090621375162,33
438,1,602,344,258,0,0,0,1.0,1,1.0,1,1.0,1,0.06551958363949899,32
439,3,605,347,258,0,0,0,1.0,1,1.0,1,1.0,1,0.07694446019429997,34
440,2,607,348,259,0,0,0,1.0,1,1.0,1,1.0,1,0.07313193288203254,34
441,2,609,349,260,0,0,0,1.0,1,1.0,1,1.0,1,0.0919857849690793,35
442,4,613,352,261,0,0,0,1.0,1,1.0,1,1.0,1,0.1312780687485237,37
443,4,617,355,262,0,0,0,1.0,1,1.0,1,1.0,1,0.1626969309649489,37
444,2,619,356,263,0,0,0,1.0,1,1.0,1,1.0,1,0.12196511735064364,38
445,1,620,356,264,0,0,0,1.0,1,1.0,1,1.0,1,0.07302070006407857,39
446,0,620,356,264,0,0,0,1.0,1,1.0,1,1.0,1,0.07302070006407857,39
447,0,620,356,264,0,0,0,1.0,1,1.0,1,1.0,1,0.06348609112346185,41
448,0,620,356,264,0,0,0,1.0,1,1.0,1,1.0,1,0.06348609112346185,41
449,0,620,356,264,0,0,0,1.0,1,1.0,1,1.0,1,0.08223405121011294,40
450,0,620,356,264,0,0,0,1.0,1,1.0,1,1.0,1,0.04786188787529212,40
451,0,620,356,264,0,0,0,1.0,1,1.0,1,1.0,1,0.08719794233760626,41
452,0,620,356,264,0,0,0,1.0,1,1.0,1,1.0,1,0.08719794233760626,41
453,2,622,358,264,0,0,0,1.0,1,1.0,1,1.0,1,0.11761804332214186,40
454,2,624,358,266,0,0,0,1.0,1,1.0,1,1.0,1,0.07318644849766318,41
455,2,626,360,266,0,0,0,1.0,1,1.0,1,1.0,1,0.0708859974544976,41
456,0,626,360,266,0,0,0,1.0,1,1.0,1,1.0,1,0.09352718406380542,43
457,2,628,361,267,0,0,0,1.0,1,1.0,1,1.0,1,0.08350486396209732,43
458,1,629,362,267,0,0,0,1.0,1,1.0,1,1.0,1,0.07367557889524012,43
459,0,629,362,267,0,0,0,1.0,1,1.0,1,1.0,1,0.05421815992490549,44
460,1,630,362,268,0,0,0,1.0,1,1.0,1,1.0,1,0.05537806290226334,47
461,1,631,363,268,0,0,0,1.0,1,1.0,1,1.0,1,0.04715739826090879,48
462,0,631,363,268,0,0,0,1.0,1,1.0,1,1.0,1,0.050887285920978555,49
463,1,632,363,269,0,0,0,1.0,1,1.0,1,1.0,1,0.052502210158588074,47
464,1,633,364,269,0,0,0,1.0,1,1.0,1,1.0,1,0.033777367332111154,48
465,5,638,367,271,0,0,0,1.0,1,1.0,1,1.0,1,0.04348826125605417,47
466,3,641,370,271,0,0,0,1.0,1,1.0,1,1.0,1,0.055817668829574965,46
467,3,644,373,271,0,0,0,1.0,1,1.0,1,1.0,1,0.0687926277606189,44
468,3,647,376,271,0,0,0,1.0,1,1.0,1,1.0,1,0.11787701931239102,41
469,4,651,379,272,0,0,0,1.0,1,1.0,1,1.0,1,0.06693923348866436,40
470,2,653,380,273,0,0,0,1.0,1,1.0,1,1.0,1,0.06839130849453467,39
471,3,656,383,273,0,0,0,1.0,1,1.0,1,1.0,1,0.06762446663529284,38
472,2,658,384,274,0,0,0,1.0,1,1.0,1,1.0,1,0.06672902091748475,36
473,1,659,385,274,0,0,0,1.0,1,1.0,1,1.0,1,0.06289228396195187,36
474,1,660,386,274,0,0,0,1.0,1,1.0,1,1.0,1,0.10042499950365531,34
475,2,662,387,275,0,0,0,1.0,1,1.0,1,1.0,1,0.10675911578576489,34
476,1,663,388,275,0,0,0,1.0,1,1.0,1,1.0,1,0.14947952288892669,32
477,0,663,388,275,0,0,0,1.0,1,1.0,1,1.0,1,0.14972136442658335,32
478,1,664,389,275,0,0,0,1.0,1,1.0,1,1.0,1,0.15876559074234312,30
479,0,664,389,275,0,0,0,1.0,1,1.0,1,1.0,1,0.17287133613581532,31
480,0,664,389,275,0,0,0,1.0,1,1.0,1,1.0,1,0.16782874795582073,27
481,1,665,390,275,0,0,0,1.0,1,1.0,1,1.0,1,0.14001431448446988,28
482,2,667,392,275,0,0,0,1.0,1,1.0,1,1.0,1,0.16132563998930488,28
483,3,670,394,276,0,0,0,1.0,1,1.0,1,1.0,1,0.09657173019059082,29
484,2,672,395,277,0,0,0,1.0,1,1.0,1,1.0,1,0.09499073999815154,29
485,0,672,395,277,0,0,0,1.0,1,1.0,1,1.0,1,0.09499073999815154,29
486,1,673,396,277,0,0,0,1.0,1,1.0,1,1.0,1,0.10434079373679579,31
487,2,675,396,279,0,0,0,1.0,1,1.0,1,1.0,1,0.07368277916921813,33
488,0,675,396,279,0,0,0,1.0,1,1.0,1,1.0,1,0.07975392110478256,34
489,3,678,398,280,0,0,0,1.0,1,1.0,1,1.0,1,0.143294944993272,34
490,2,680,398,282,0,0,0,1.0,1,1.0,1,1.0,1,0.07231061014136132,34
491,0,680,398,282,0,0,0,1.0,1,1.0,1,1.0,1,0.07231061014136132,34
492,0,680,398,282,0,0,0,1.0,1,1.0,1,1.0,1,0.07231061014136132,34
493,2,682,400,282,0,0,0,1.0,1,1.0,1,1.0,1,0.08810157813619912,34
494,2,684,401,283,0,0,0,1.0,1,1.0,1,1.0,1,0.08698569111305371,36
495,0,684,401,283,0,0,0,1.0,1,1.0,1,1.0,1,0.08698569111305371,36
496,1,685,402,283,0,0,0,1.0,1,1.0,1,1.0,1,0.08069207419595263,37
497,1,686,402,284,0,0,0,1.0,1,1.0,1,1.0,1,0.04977353443188979,39
498,2,688,403,285,0,0,0,1.0,1,1.0,1,1.0,1,0.04635131940723554,40
499,0,688,403,285,0,0,0,1.0,1,1.0,1,1.0,1,0.04635131940723554,40
500,0,688,403,285,0,0,0,1.0,1,1.0,1,1.0,1,0.04513135115666996,42
501,4,692,406,286,0,0,0,1.0,1,1.0,1,1.0,1,0.05420885092961532,42
502,0,692,406,286,0,0,0,1.0,1,1.0,1,1.0,1,0.025247578683316126,42
503,3,695,409,286,0,0,0,1.0,1,1.0,1,1.0,1,0.08061011712588728,41
504,2,697,409,288,0,0,0,1.0,1,1.0,1,1.0,1,0.059057733489401645,42
505,2,699,411,288,0,0,0,1.0,1,1.0,1,1.0,1,0.1034665291622109,38
506,0,699,411,288,0,0,0,1.0,1,1.0,1,1.0,1,0.11973986609912658,37
507,1,700,412,288,0,0,0,1.0,1,1.0,1,1.0,1,0.12379391954576469,35
508,2,702,414,288,0,0,0,1.0,1,1.0,1,1.0,1,0.16943968666494866,35
509,1,703,415,288,0,0,0,1.0,1,1.0,1,1.0,1,0.19937480596502338,34
510,1,704,415,289,0,0,0,1.0,1,1.0,1,1.0,1,0.18764182593694423,34
511,2,706,416,290,0,0,0,1.0,1,1.0,1,1.0,1,0.11404815385125419,32
512,0,706,416,290,0,0,0,1.0,1,1.0,1,1.0,1,0.14105846761551338,30
513,2,708,417,291,0,0,0,1.0,1,1.0,1,1.0,1,0.08494620957359571,31
514,0,708,417,291,0,0,0,1.0,1,1.0,1,1.0,1,0.08494620957359571,31
515,1,709,417,292,0,0,0,1.0,1,1.0,1,1.0,1,0.065751628881994,32
516,0,709,417,292,0,0,0,1.0,1,1.0,1,1.0,1,0.06067680892670596,31
517,3,712,420,292,0,0,0,1.0,1,1.0,1,1.0,1,0.016164320386974643,32
518,0,712,420,292,0,0,0,1.0,1,1.0,1,1.0,1,0.03423051347457008,31
519,2,714,422,292,0,0,0,1.0,1,1.0,1,1.0,1,0.09583526344982804,31
520,3,717,424,293,0,0,0,1.0,1,1.0,1,1.0,1,0.031460073666642024,33
521,1,718,425,293,0,0,0,1.0,1,1.0,1,1.0,1,0.0337290734730822,34
522,1,719,426,293,0,0,0,1.0,1,1.0,1,1.0,1,0.030621248776532085,34
523,0,719,426,293,0,0,0,1.0,1,1.0,1,1.0,1,0.02124693611545031,33
524,1,720,427,293,0,0,0,1.0,1,1.0,1,1.0,1,0.02672785391585918,34
525,0,720,427,293,0,0,0,1.0,1,1.0,1,1.0,1,0.02407859924466349,32
526,1,721,428,293,0,0,0,1.0,1,1.0,1,1.0,1,0.047762801818524075,32
527,0,721,428,293,0,0,0,1.0,1,1.0,1,1.0,1,0.04973409838969317,31
528,0,721,428,293,0,0,0,1.0,1,1.0,1,1.0,1,0.04973409838969317,31
529,0,721,428,293,0,0,0,1.0,1,1.0,1,1.0,1,0.07351787121340485,30
530,1,722,429,293,0,0,0,1.0,1,1.0,1,1.0,1,0.12297745511192389,30
531,1,723,430,293,0,0,0,1.0,1,1.0,1,1.0,1,0.13309196136800214,32
532,2,725,432,293,0,0,0,1.0,1,1.0,1,1.0,1,0.18827869039959536,32
533,5,730,435,295,0,0,0,1.0,1,1.0,1,1.0,1,0.16821518943099753,34
534,1,731,436,295,0,0,0,1.0,1,1.0,1,1.0,1,0.1917644478376591,34
535,2,733,437,296,0,0,0,1.0,1,1.0,1,1.0,1,0.21578043632733374,37
536,0,733,437,296,0,0,0,1.0,1,1.0,1,1.0,1,0.21578043632733374,37
537,1,734,438,296,0,0,0,1.0,1,1.0,1,1.0,1,0.2508505129400902,37
538,1,735,439,296,0,0,0,1.0,1,1.0,1,1.0,1,0.22345419417742501,38
539,0,735,439,296,0,0,0,1.0,1,1.0,1,1.0,1,0.22345419417742501,38
540,2,737,440,297,0,0,0,1.0,1,1.0,1,1.0,1,0.19248462628063778,38
541,0,737,440,297,0,0,0,1.0,1,1.0,1,1.0,1,0.17625277828117616,39
542,4,741,443,298,0,0,0,1.0,1,1.0,1,1.0,1,0.19464433885156113,40
543,1,742,444,298,0,0,0,1.0,1,1.0,1,1.0,1,0.2211216273678466,37
544,0,742,444,298,0,0,0,1.0,1,1.0,1,1.0,1,0.22233584581332375,35
545,2,744,446,298,0,0,0,1.0,1,1.0,1,1.0,1,0.18362346430784313,35
546,1,745,447,298,0,0,0,1.0,1,1.0,1,1.0,1,0.17815110784196647,35
547,2,747,449,298,0,0,0,1.0,1,1.0,1,1.0,1,0.19674598861600354,34
548,1,748,450,298,0,0,0,1.0,1,1.0,1,1.0,1,0.2334703830886394,34
549,1,749,451,298,0,0,0,1.0,1,1.0,1,1.0,1,0.26759180782561826,31
550,0,749,451,298,0,0,0,1.0,1,1.0,1,1.0,1,0.25382544611173985,30
551,2,751,453,298,0,0,0,1.0,1,1.0,1,1.0,1,0.22801922880055825,31
552,0,751,453,298,0,0,0,1.0,1,1.0,1,1.0,1,0.19129987213535787,29
553,1,752,453,299,0,0,0,1.0,1,1.0,1,1.0,1,0.14785225995649634,30
554,0,752,453,299,0,0,0,1.0,1,1.0,1,1.0,1,0.1333821480674058,30
555,2,754,453,301,0,0,0,1.0,1,1.0,1,1.0,1,0.06464920581066283,30
556,0,754,453,301,0,0,0,1.0,1,1.0,1,1.0,1,0.04898877428222528,31
557,1,755,454,301,0,0,0,1.0,1,1.0,1,1.0,1,0.1012069912541356,31
558,2,757,455,302,0,0,0,1.0,1,1.0,1,1.0,1,0.09421152804092563,31
559,1,758,456,302,0,0,0,1.0,1,1.0,1,1.0,1,0.06882019344777425,31
560,1,759,457,302,0,0,0,1.0,1,1.0,1,1.0,1,0.10475813427119345,32
561,3,762,459,303,0,0,0,1.0,1,1.0,1,1.0,1,0.1544131457841106,33
562,2,764,460,304,0,0,0,1.0,1,1.0,1,1.0,1,0.18299188595045301,33
563,2,766,462,304,0,0,0,1.0,1,1.0,1,1.0,1,0.26519763505198085,33
564,1,767,463,304,0,0,0,1.0,1,1.0,1,1.0,1,0.24907361670875985,34
565,2,769,464,305,0,0,0,1.0,1,1.0,1,1.0,1,0.20123031271680356,35
566,3,772,467,305,0,0,0,1.0,1,1.0,1,1.0,1,0.15009223642085157,36
567,1,773,467,306,0,0,0,1.0,1,1.0,1,1.0,1,0.1050095801458196,37
568,4,777,470,307,0,0,0,1.0,1,1.0,1,1.0,1,0.0771194252203407,36
569,2,779,472,307,0,0,0,1.0,1,1.0,1,1.0,1,0.04466914179664225,37
570,0,779,472,307,0,0,0,1.0,1,1.0,1,1.0,1,0.034639736758571696,38
571,2,781,474,307,0,0,0,1.0,1,1.0,1,1.0,1,0.08053060553330275,38
572,0,781,474,307,0,0,0,1.0,1,1.0,1,1.0,1,0.06481327812254345,39
573,0,781,474,307,0,0,0,1.0,1,1.0,1,1.0,1,0.06481327812254345,39
574,0,781,474,307,0,0,0,1.0,1,1.0,1,1.0,1,0.0405682113890106,41
575,0,781,474,307,0,0,0,1.0,1,1.0,1,1.0,1,0.0405682113890106,41
576,0,781,474,307,0,0,0,1.0,1,1.0,1,1.0,1,0.030541328648148826,42
577,0,781,474,307,0,0,0,1.0,1,1.0,1,1.0,1,0.030541328648148826,42
578,1,782,475,307,0,0,0,1.0,1,1.0,1,1.0,1,0.029383161344267737,41
579,0,782,475,307,0,0,0,1.0,1,1.0,1,1.0,1,0.021358010405477412,42
580,2,784,477,307,0,0,0,1.0,1,1.0,1,1.0,1,0.0701450131993199,43
581,2,786,479,307,0,0,0,1.0,1,1.0,1,1.0,1,0.08390005224335054,42
582,0,786,479,307,0,0,0,1.0,1,1.0,1,1.0,1,0.07849903710293407,41
583,4,790,483,307,0,0,0,1.0,1,1.0,1,1.0,1,0.08016952688889735,40
584,0,790,483,307,0,0,0,1.0,1,1.0,1,1.0,1,0.08204353638255087,38
585,5,795,487,308,0,0,0,1.0,1,1.0,1,1.0,1,0.17795438262011098,38
586,5,800,490,310,0,0,0,1.0,1,1.0,1,1.0,1,0.12045176936295075,37
587,1,801,491,310,0,0,0,1.0,1,1.0,1,1.0,1,0.14330058307423213,35
588,3,804,493,311,0,0,0,1.0,1,1.0,1,1.0,1,0.11859199473601305,35
589,3,807,493,314,0,0,0,1.0,1,1.0,1,1.0,1,0.057486084141054786,34
590,0,807,493,314,0,0,0,1.0,1,1.0,1,1.0,1,0.048025912844853684,36
591,1,808,494,314,0,0,0,1.0,1,1.0,1,1.0,1,0.03698912520348694,35
592,0,808,494,314,0,0,0,1.0,1,1.0,1,1.0,1,0.039454657518032794,37
593,0,808,494,314,0,0,0,1.0,1,1.0,1,1.0,1,0.016003763506779168,36
594,1,809,495,314,0,0,0,1.0,1,1.0,1,1.0,1,0.05098966952043981,35
595,2,811,497,314,0,0,0,1.0,1,1.0,1,1.0,1,0.133196707955043,34
596,3,814,499,315,0,0,0,1.0,1,1.0,1,1.0,1,0.11900182957281119,34
597,2,816,501,315,0,0,0,1.0,1,1.0,1,1.0,1,0.1586289395353282,33
598,2,818,501,317,0,0,0,1.0,1,1.0,1,1.0,1,0.17106939384575015,33
599,2,820,503,317,0,0,0,1.0,1,1.0,1,1.0,1,0.19765485646864675,33
600,1,821,504,317,0,0,0,1.0,1,1.0,1,1.0,1,0.20885668452528813,33
601,1,822,504,318,0,0,0,1.0,1,1.0,1,1.0,1,0.16451210845164277,34
602,1,823,504,319,0,0,0,1.0,1,1.0,1,1.0,1,0.17549715999936727,35
603,3,826,504,322,0,0,0,1.0,1,1.0,1,1.0,1,0.13182851602970797,35
604,2,828,504,324,0,0,0,1.0,1,1.0,1,1.0,1,0.0796692454508114,35
605,0,828,504,324,0,0,0,1.0,1,1.0,1,1.0,1,0.08295404394354931,35
606,0,828,504,324,0,0,0,1.0,1,1.0,1,1.0,1,0.061135019626843944,35
607,0,828,504,324,0,0,0,1.0,1,1.0,1,1.0,1,0.061135019626843944,35
608,1,829,504,325,0,0,0,1.0,1,1.0,1,1.0,1,0.0541836032739743,36
609,0,829,504,325,0,0,0,1.0,1,1.0,1,1.0,1,0.06919120057199862,37
610,0,829,504,325,0,0,0,1.0,1,1.0,1,1.0,1,0.06919120057199862,37
611,2,831,506,325,0,0,0,1.0,1,1.0,1,1.0,1,0.05235643731408398,39
612,1,832,507,325,0,0,0,1.0,1,1.0,1,1.0,1,0.07962413776991883,39
613,2,834,508,326,0,0,0,1.0,1,1.0,1,1.0,1,0.10050987322643014,39
614,1,835,509,326,0,0,0,1.0,1,1.0,1,1.0,1,0.14348279707005626,39
615,0,835,509,326,0,0,0,1.0,1,1.0,1,1.0,1,0.14348279707005626,39
616,1,836,510,326,0,0,0,1.0,1,1.0,1,1.0,1,0.204374684580161,38
617,2,838,512,326,0,0,0,1.0,1,1.0,1,1.0,1,0.1830692158607994,39
618,2,840,513,327,0,0,0,1.0,1,1.0,1,1.0,1,0.21282235241081818,40
619,4,844,515,329,0,0,0,1.0,1,1.0,1,1.0,1,0.14358184336292754,39
620,0,844,515,329,0,0,0,1.0,1,1.0,1,1.0,1,0.14165692191921467,38
621,2,846,517,329,0,0,0,1.0,1,1.0,1,1.0,1,0.11345039276316288,38
622,4,850,521,329,0,0,0,1.0,1,1.0,1,1.0,1,0.024505136851584966,38
623,1,851,522,329,0,0,0,1.0,1,1.0,1,1.0,1,0.04162788140287193,37
624,3,854,525,329,0,0,0,1.0,1,1.0,1,1.0,1,0.07463693978182029,33
625,2,856,527,329,0,0,0,1.0,1,1.0,1,1.0,1,0.05871753723694391,32
626,2,858,529,329,0,0,0,1.0,1,1.0,1,1.0,1,0.08388344681968567,31
627,2,860,531,329,0,0,0,1.0,1,1.0,1,1.0,1,0.15615970122613085,30
628,4,864,534,330,0,0,0,1.0,1,1.0,1,1.0,1,0.1338982469907555,32
629,1,865,534,331,0,0,0,1.0,1,1.0,1,1.0,1,0.10086651175051835,29
630,1,866,535,331,0,0,0,1.0,1,1.0,1,1.0,1,0.14009997680339584,29
631,3,869,537,332,0,0,0,1.0,1,1.0,1,1.0,1,0.19408072682508193,25
632,0,869,537,332,0,0,0,1.0,1,1.0,1,1.0,1,0.21162157175180143,24
633,1,870,538,332,0,0,0,1.0,1,1.0,1,1.0,1,0.27610061285515763,23
634,1,871,538,333,0,0,0,1.0,1,1.0,1,1.0,1,0.2544606695808361,23
635,1,872,538,334,0,0,0,1.0,1,1.0,1,1.0,1,0.2713413888832283,22
636,1,873,539,334,0,0,0,1.0,1,1.0,1,1.0,1,0.2885401652617367,22
637,3,876,539,337,0,0,0,1.0,1,1.0,1,1.0,1,0.1566321932635786,23
638,2,878,541,337,0,0,0,1.0,1,1.0,1,1.0,1,0.17190852181667987,23
639,0,878,541,337,0,0,0,1.0,1,1.0,1,1.0,1,0.1734387268446905,24
640,2,880,543,337,0,0,0,1.0,1,1.0,1,1.0,1,0.18411569965565,24
641,0,880,543,337,0,0,0,1.0,1,1.0,1,1.0,1,0.2023198728076065,25
642,0,880,543,337,0,0,0,1.0,1,1.0,1,1.0,1,0.16181778486671783,26
643,1,881,543,338,0,0,0,1.0,1,1.0,1,1.0,1,0.09209917660187757,28
644,2,883,544,339,0,0,0,1.0,1,1.0,1,1.0,1,0.0445105934453417,28
645,1,884,545,339,0,0,0,1.0,1,1.0,1,1.0,1,0.07454877524397673,28
646,0,884,545,339,0,0,0,1.0,1,1.0,1,1.0,1,0.06168483616806258,29
647,1,885,546,339,0,0,0,1.0,1,1.0,1,1.0,1,0.05642580048790715,30
648,0,885,546,339,0,0,0,1.0,1,1.0,1,1.0,1,0.05642580048790715,30
649,1,886,547,339,0,0,0,1.0,1,1.0,1,1.0,1,0.11099970268213018,31
650,1,887,548,339,0,0,0,1.0,1,1.0,1,1.0,1,0.11723932673369977,31
651,0,887,548,339,0,0,0,1.0,1,1.0,1,1.0,1,0.12166007300347308,32
652,1,888,549,339,0,0,0,1.0,1,1.0,1,1.0,1,0.11764736605091315,32
653,1,889,549,340,0,0,0,1.0,1,1.0,1,1.0,1,0.09877845153375903,33
654,2,891,551,340,0,0,0,1.0,1,1.0,1,1.0,1,0.08603715818928259,33
655,1,892,552,340,0,0,0,1.0,1,1.0,1,1.0,1,0.09129282529810659,36
656,1,893,553,340,0,0,0,1.0,1,1.0,1,1.0,1,0.12209756478082588,36
657,2,895,554,341,0,0,0,1.0,1,1.0,1,1.0,1,0.10930892226945672,35
658,1,896,555,341,0,0,0,1.0,1,1.0,1,1.0,1,0.15167597529097737,33
659,2,898,557,341,0,0,0,1.0,1,1.0,1,1.0,1,0.20462404063842127,35
660,3,901,559,342,0,0,0,1.0,1,1.0,1,1.0,1,0.13887968572724926,34
661,2,903,560,343,0,0,0,1.0,1,1.0,1,1.0,1,0.1415181195532588,33
662,0,903,560,343,0,0,0,1.0,1,1.0,1,1.0,1,0.10464354178032341,31
663,2,905,561,344,0,0,0,1.0,1,1.0,1,1.0,1,0.12531546098276958,29
664,0,905,561,344,0,0,0,1.0,1,1.0,1,1.0,1,0.11392181872490163,27
665,1,906,562,344,0,0,0,1.0,1,1.0,1,1.0,1,0.13908823218570016,27
666,2,908,562,346,0,0,0,1.0,1,1.0,1,1.0,1,0.08666166421938316,28
667,0,908,562,346,0,0,0,1.0,1,1.0,1,1.0,1,0.07545817319291181,26
668,2,910,563,347,0,0,0,1.0,1,1.0,1,1.0,1,0.11765387794147238,26
669,3,913,566,347,0,0,0,1.0,1,1.0,1,1.0,1,0.12944285033998168,25
670,1,914,566,348,0,0,0,1.0,1,1.0,1,1.0,1,0.10163872601672379,24
671,0,914,566,348,0,0,0,1.0,1,1.0,1,1.0,1,0.10163872601672379,24
672,1,915,567,348,0,0,0,1.0,1,1.0,1,1.0,1,0.17660534364264682,25
673,2,917,568,349,0,0,0,1.0,1,1.0,1,1.0,1,0.15128616882272392,25
674,1,918,568,350,0,0,0,1.0,1,1.0,1,1.0,1,0.08982497290579679,25
675,2,920,569,351,0,0,0,1.0,1,1.0,1,1.0,1,0.09314324086994755,26
676,3,923,572,351,0,0,0,1.0,1,1.0,1,1.0,1,0.07026442679679397,27
677,1,924,573,351,0,0,0,1.0,1,1.0,1,1.0,1,0.1279672380728369,28
678,0,924,573,351,0,0,0,1.0,1,1.0,1,1.0,1,0.1279672380728369,28
679,2,926,575,351,0,0,0,1.0,1,1.0,1,1.0,1,0.11507210123813746,30
680,0,926,575,351,0,0,0,1.0,1,1.0,1,1.0,1,0.15225626896035666,29
681,0,926,575,351,0,0,0,1.0,1,1.0,1,1.0,1,0.15225626896035666,29
682,0,926,575,351,0,0,0,1.0,1,1.0,1,1.0,1,0.14332072983298244,30
683,0,926,575,351,0,0,0,1.0,1,1.0,1,1.0,1,0.14332072983298244,30
684,1,927,575,352,0,0,0,1.0,1,1.0,1,1.0,1,0.11512082319665143,31
685,0,927,575,352,0,0,0,1.0,1,1.0,1,1.0,1,0.094114043374864,30
686,3,930,578,352,0,0,0,1.0,1,1.0,1,1.0,1,0.04468030204918139,30
687,1,931,579,352,0,0,0,1.0,1,1.0,1,1.0,1,0.02663998123174247,30
688,0,931,579,352,0,0,0,1.0,1,1.0,1,1.0,1,0.04792987440167201,31
689,1,932,580,352,0,0,0,1.0,1,1.0,1,1.0,1,0.07428177155192808,32
690,0,932,580,352,0,0,0,1.0,1,1.0,1,1.0,1,0.07428177155192808,32
691,1,933,581,352,0,0,0,1.0,1,1.0,1,1.0,1,0.1265920036941816,32
692,3,936,584,352,0,0,0,1.0,1,1.0,1,1.0,1,0.15815247915495206,32
693,1,937,585,352,0,0,0,1.0,1,1.0,1,1.0,1,0.14534518363070847,34
694,2,939,587,352,0,0,0,1.0,1,1.0,1,1.0,1,0.20339110755591647,36
695,1,940,588,352,0,0,0,1.0,1,1.0,1,1.0,1,0.20580101990261904,34
696,1,941,588,353,0,0,0,1.0,1,1.0,1,1.0,1,0.1728245257799359,33
697,1,942,588,354,0,0,0,1.0,1,1.0,1,1.0,1,0.13744649716810298,33
698,2,944,590,354,0,0,0,1.0,1,1.0,1,1.0,1,0.19013712302549676,34
699,0,944,590,354,0,0,0,1.0,1,1.0,1,1.0,1,0.1729941175015303,33
700,0,944,590,354,0,0,0,1.0,1,1.0,1,1.0,1,0.15062381003223008,32
701,0,944,590,354,0,0,0,1.0,1,1.0,1,1.0,1,0.13939321107162694,33
702,3,947,592,355,0,0,0,1.0,1,1.0,1,1.0,1,0.1406715637909365,34
703,2,949,594,355,0,0,0,1.0,1,1.0,1,1.0,1,0.14751756882419148,32
704,1,950,594,356,0,0,0,1.0,1,1.0,1,1.0,1,0.09544862861408868,31
705,3,953,596,357,0,0,0,1.0,1,1.0,1,1.0,1,0.05204519286451539,33
706,2,955,597,358,0,0,0,1.0,1,1.0,1,1.0,1,0.07547466063096854,33
707,1,956,598,358,0,0,0,1.0,1,1.0,1,1.0,1,0.15304858430466567,31
708,1,957,599,358,0,0,0,1.0,1,1.0,1,1.0,1,0.17605051419229886,31
709,2,959,600,359,0,0,0,1.0,1,1.0,1,1.0,1,0.1797488750300223,30
710,0,959,600,359,0,0,0,1.0,1,1.0,1,1.0,1,0.1797488750300223,30
711,0,959,600,359,0,0,0,1.0,1,1.0,1,1.0,1,0.16337997264352844,30
712,1,960,600,360,0,0,0,1.0,1,1.0,1,1.0,1,0.13480306361381586,30
713,0,960,600,360,0,0,0,1.0,1,1.0,1,1.0,1,0.15582885853100822,31
714,1,961,601,360,0,0,0,1.0,1,1.0,1,1.0,1,0.1597383613426251,31
715,1,962,601,361,0,0,0,1.0,1,1.0,1,1.0,1,0.09828031530871645,30
716,0,962,601,361,0,0,0,1.0,1,1.0,1,1.0,1,0.06200492862157508,31
717,0,962,601,361,0,0,0,1.0,1,1.0,1,1.0,1,0.0778431652022261,32
718,2,964,603,361,0,0,0,1.0,1,1.0,1,1.0,1,0.12606266647508402,32
719,3,967,605,362,0,0,0,1.0,1,1.0,1,1.0,1,0.11515622031266133,32
720,0,967,605,362,0,0,0,1.0,1,1.0,1,1.0,1,0.0851230288505684,34
721,1,968,606,362,0,0,0,1.0,1,1.0,1,1.0,1,0.1164646047721841,34
722,0,968,606,362,0,0,0,1.0,1,1.0,1,1.0,1,0.1164646047721841,34
723,0,968,606,362,0,0,0,1.0,1,1.0,1,1.0,1,0.12917053746745236,35
724,2,970,607,363,0,0,0,1.0,1,1.0,1,1.0,1,0.1404184542441014,36
725,2,972,607,365,0,0,0,1.0,1,1.0,1,1.0,1,0.1251782789064008,37
726,1,973,607,366,0,0,0,1.0,1,1.0,1,1.0,1,0.10379090665023137,37
727,0,973,607,366,0,0,0,1.0,1,1.0,1,1.0,1,0.12041600164119685,38
728,0,973,607,366,0,0,0,1.0,1,1.0,1,1.0,1,0.12292449709324096,39
729,0,973,607,366,0,0,0,1.0,1,1.0,1,1.0,1,0.12292449709324096,39
730,0,973,607,366,0,0,0,1.0,1,1.0,1,1.0,1,0.1156425530281157,40
731,1,974,608,366,0,0,0,1.0,1,1.0,1,1.0,1,0.14153559167919672,40
732,1,975,608,367,0,0,0,1.0,1,1.0,1,1.0,1,0.15144755104883562,41
733,3,978,610,368,0,0,0,1.0,1,1.0,1,1.0,1,0.16273317897997633,41
734,0,978,610,368,0,0,0,1.0,1,1.0,1,1.0,1,0.15415531764293108,42
735,1,979,611,368,0,0,0,1.0,1,1.0,1,1.0,1,0.13964067681810913,42
736,1,980,611,369,0,0,0,1.0,1,1.0,1,1.0,1,0.11829195545469492,41
737,1,981,612,369,0,0,0,1.0,1,1.0,1,1.0,1,0.16623829695915862,41
738,0,981,612,369,0,0,0,1.0,1,1.0,1,1.0,1,0.14821027032219675,39
739,1,982,613,369,0,0,0,1.0,1,1.0,1,1.0,1,0.11810108125541255,39
740,1,983,613,370,0,0,0,1.0,1,1.0,1,1.0,1,0.10778751947176737,39
741,0,983,613,370,0,0,0,1.0,1,1.0,1,1.0,1,0.1029624038209296,38
742,1,984,613,371,0,0,0,1.0,1,1.0,1,1.0,1,0.08863248420662216,39
743,1,985,614,371,0,0,0,1.0,1,1.0,1,1.0,1,0.0740957595449756,39
744,2,987,616,371,0,0,0,1.0,1,1.0,1,1.0,1,0.08752741370843495,39
745,3,990,619,371,0,0,0,1.0,1,1.0,1,1.0,1,0.11848460743900417,39
746,3,993,622,371,0,0,0,1.0,1,1.0,1,1.0,1,0.12989873200484747,40
747,1,994,623,371,0,0,0,1.0,1,1.0,1,1.0,1,0.13159019402467975,41
748,1,995,624,371,0,0,0,1.0,1,1.0,1,1.0,1,0.11496746687502471,41
749,0,995,624,371,0,0,0,1.0,1,1.0,1,1.0,1,0.11496746687502471,41
750,3,998,627,371,0,0,0,1.0,1,1.0,1,1.0,1,0.1437882228477406,39
751,3,1001,629,372,0,0,0,1.0,1,1.0,1,1.0,1,0.09326762491434544,41
752,3,1004,632,372,0,0,0,1.0,1,1.0,1,1.0,1,0.16674912828936275,41
753,3,1007,632,375,0,0,0,1.0,1,1.0,1,1.0,1,0.1635155722466665,41
754,4,1011,634,377,0,0,0,1.0,1,1.0,1,1.0,1,0.18033152470162403,41
755,1,1012,634,378,0,0,0,1.0,1,1.0,1,1.0,1,0.19863052814258997,41
756,0,1012,634,378,0,0,0,1.0,1,1.0,1,1.0,1,0.19863052814258997,41
757,4,1016,635,381,0,0,0,1.0,1,1.0,1,1.0,1,0.2117542450618274,39
758,0,1016,635,381,0,0,0,1.0,1,1.0,1,1.0,1,0.1981776928447756,39
759,0,1016,635,381,0,0,0,1.0,1,1.0,1,1.0,1,0.1983038492085016,39
760,1,1017,635,382,0,0,0,1.0,1,1.0,1,1.0,1,0.19446541119059063,40
761,1,1018,635,383,0,0,0,1.0,1,1.0,1,1.0,1,0.16764157563330995,41
762,0,1018,635,383,0,0,0,1.0,1,1.0,1,1.0,1,0.16706579027650675,42
763,0,1018,635,383,0,0,0,1.0,1,1.0,1,1.0,1,0.18177741362041108,43
764,3,1021,635,386,0,0,0,1.0,1,1.0,1,1.0,1,0.14979940498227437,43
765,1,1022,635,387,0,0,0,1.0,1,1.0,1,1.0,1,0.1017601415902771,45
766,1,1023,636,387,0,0,0,1.0,1,1.0,1,1.0,1,0.1109083308204673,45
767,1,1024,636,388,0,0,0,1.0,1,1.0,1,1.0,1,0.100212218587151,46
768,0,1024,636,388,0,0,0,1.0,1,1.0,1,1.0,1,0.0915753391709916,45
769,1,1025,637,388,0,0,0,1.0,1,1.0,1,1.0,1,0.13137021714965455,46
770,0,1025,637,388,0,0,0,1.0,1,1.0,1,1.0,1,0.11766282845873607,47
771,3,1028,640,388,0,0,0,1.0,1,1.0,1,1.0,1,0.1328153182611585,47
772,0,1028,640,388,0,0,0,1.0,1,1.0,1,1.0,1,0.12230454104956773,46
773,2,1030,642,388,0,0,0,1.0,1,1.0,1,1.0,1,0.09723000329233245,45
774,0,1030,642,388,0,0,0,1.0,1,1.0,1,1.0,1,0.07438185533674418,45
775,2,1032,644,388,0,0,0,1.0,1,1.0,1,1.0,1,0.10887653591901422,45
776,0,1032,644,388,0,0,0,1.0,1,1.0,1,1.0,1,0.10367169441428443,43
777,0,1032,644,388,0,0,0,1.0,1,1.0,1,1.0,1,0.11675629732931564,44
778,3,1035,646,389,0,0,0,1.0,1,1.0,1,1.0,1,0.1422557984748092,45
779,0,1035,646,389,0,0,0,1.0,1,1.0,1,1.0,1,0.1422557984748092,45
780,2,1037,648,389,0,0,0,1.0,1,1.0,1,1.0,1,0.2054277808299191,45
781,0,1037,648,389,0,0,0,1.0,1,1.0,1,1.0,1,0.19144918697889976,46
782,1,1038,648,390,0,0,0,1.0,1,1.0,1,1.0,1,0.21574762290373195,47
783,1,1039,648,391,0,0,0,1.0,1,1.0,1,1.0,1,0.19496367671646117,46
784,0,1039,648,391,0,0,0,1.0,1,1.0,1,1.0,1,0.20243065782761638,45
785,0,1039,648,391,0,0,0,1.0,1,1.0,1,1.0,1,0.20035051573932133,43
786,1,1040,648,392,0,0,0,1.0,1,1.0,1,1.0,1,0.1701849375755551,43
787,2,1042,649,393,0,0,0,1.0,1,1.0,1,1.0,1,0.13342508988163027,43
788,1,1043,649,394,0,0,0,1.0,1,1.0,1,1.0,1,0.11910788439124347,44
789,1,1044,650,394,0,0,0,1.0,1,1.0,1,1.0,1,0.08684424045283595,46
790,2,1046,652,394,0,0,0,1.0,1,1.0,1,1.0,1,0.1469796715552083,46
791,1,1047,652,395,0,0,0,1.0,1,1.0,1,1.0,1,0.16915231279230888,46
792,1,1048,653,395,0,0,0,1.0,1,1.0,1,1.0,1,0.1902832110658154,47
793,3,1051,653,398,0,0,0,1.0,1,1.0,1,1.0,1,0.17064068409105437,48
794,2,1053,653,400,0,0,0,1.0,1,1.0,1,1.0,1,0.17083283174617211,48
795,0,1053,653,400,0,0,0,1.0,1,1.0,1,1.0,1,0.1774174037282557,47
796,2,1055,653,402,0,0,0,1.0,1,1.0,1,1.0,1,0.19670448213033642,45
797,3,1058,653,405,0,0,0,1.0,1,1.0,1,1.0,1,0.16721684460198483,47
798,1,1059,653,406,0,0,0,1.0,1,1.0,1,1.0,1,0.17260753567564052,48
799,3,1062,653,409,0,0,0,1.0,1,1.0,1,1.0,1,0.14272467173490683,48
800,1,1063,654,409,0,0,0,1.0,1,1.0,1,1.0,1,0.1649103702183923,48
801,1,1064,655,409,0,0,0,1.0,1,1.0,1,1.0,1,0.14422100122631218,49
802,4,1068,657,411,0,0,0,1.0,1,1.0,1,1.0,1,0.1841663623496113,50
803,3,1071,657,414,0,0,0,1.0,1,1.0,1,1.0,1,0.15083423275795513,50
804,0,1071,657,414,0,0,0,1.0,1,1.0,1,1.0,1,0.15083423275795513,50
805,2,1073,658,415,0,0,0,1.0,1,1.0,1,1.0,1,0.1590434317193144,50
806,0,1073,658,415,0,0,0,1.0,1,1.0,1,1.0,1,0.14963325306894634,51
807,0,1073,658,415,0,0,0,1.0,1,1.0,1,1.0,1,0.14963325306894634,51
808,1,1074,658,416,0,0,0,1.0,1,1.0,1,1.0,1,0.15107811978308242,53
809,1,1075,658,417,0,0,0,1.0,1,1.0,1,1.0,1,0.09671620769379664,51
810,1,1076,658,418,0,0,0,1.0,1,1.0,1,1.0,1,0.0972679763460529,52
811,2,1078,660,418,0,0,0,1.0,1,1.0,1,1.0,1,0.14554364292062816,50
812,1,1079,660,419,0,0,0,1.0,1,1.0,1,1.0,1,0.12585027756934294,51
813,4,1083,662,421,0,0,0,1.0,1,1.0,1,1.0,1,0.15992834140589096,51
814,2,1085,662,423,0,0,0,1.0,1,1.0,1,1.0,1,0.14233144413667884,52
815,1,1086,663,423,0,0,0,1.0,1,1.0,1,1.0,1,0.13926602059235021,50
816,1,1087,663,424,0,0,0,1.0,1,1.0,1,1.0,1,0.13011005096947625,50
817,1,1088,664,424,0,0,0,1.0,1,1.0,1,1.0,1,0.15194769345853504,49
818,0,1088,664,424,0,0,0,1.0,1,1.0,1,1.0,1,0.15138989592072497,49
819,0,1088,664,424,0,0,0,1.0,1,1.0,1,1.0,1,0.14611649319020759,50
820,1,1089,665,424,0,0,0,1.0,1,1.0,1,1.0,1,0.16408996823400646,49
821,2,1091,666,425,0,0,0,1.0,1,1.0,1,1.0,1,0.17625045002220818,49
822,1,1092,666,426,0,0,0,1.0,1,1.0,1,1.0,1,0.1662037957437097,49
823,3,1095,666,429,0,0,0,1.0,1,1.0,1,1.0,1,0.153307559369824,47
824,0,1095,666,429,0,0,0,1.0,1,1.0,1,1.0,1,0.15625139773531999,45
825,1,1096,667,429,0,0,0,1.0,1,1.0,1,1.0,1,0.1620797049355158,43
826,1,1097,667,430,0,0,0,1.0,1,1.0,1,1.0,1,0.14624161867272809,44
827,0,1097,667,430,0,0,0,1.0,1,1.0,1,1.0,1,0.17225689717864892,43
828,3,1100,669,431,0,0,0,1.0,1,1.0,1,1.0,1,0.15526363696191953,43
829,4,1104,670,434,0,0,0,1.0,1,1.0,1,1.0,1,0.14510379546175356,45
830,1,1105,670,435,0,0,0,1.0,1,1.0,1,1.0,1,0.13176612096191717,46
831,1,1106,670,436,0,0,0,1.0,1,1.0,1,1.0,1,0.11502755089363172,48
832,1,1107,670,437,0,0,0,1.0,1,1.0,1,1.0,1,0.11517497797287317,47
833,2,1109,670,439,0,0,0,1.0,1,1.0,1,1.0,1,0.106930764964823,47
834,0,1109,670,439,0,0,0,1.0,1,1.0,1,1.0,1,0.12791338591979196,46
835,1,1110,670,440,0,0,0,1.0,1,1.0,1,1.0,1,0.12485838082563569,45
836,0,1110,670,440,0,0,0,1.0,1,1.0,1,1.0,1,0.13806209380539938,46
837,0,1110,670,440,0,0,0,1.0,1,1.0,1,1.0,1,0.1383436197084909,46
838,3,1113,670,443,0,0,0,1.0,1,1.0,1,1.0,1,0.10056909218393634,45
839,1,1114,671,443,0,0,0,1.0,1,1.0,1,1.0,1,0.11746346727628486,46
840,1,1115,671,444,0,0,0,1.0,1,1.0,1,1.0,1,0.11933629660665106,46
841,1,1116,671,445,0,0,0,1.0,1,1.0,1,1.0,1,0.10972746219084993,46
842,2,1118,673,445,0,0,0,1.0,1,1.0,1,1.0,1,0.14146725161864965,46
843,4,1122,674,448,0,0,0,1.0,1,1.0,1,1.0,1,0.12179422917837286,46
844,1,1123,674,449,0,0,0,1.0,1,1.0,1,1.0,1,0.11467483080577487,47
845,4,1127,676,451,0,0,0,1.0,1,1.0,1,1.0,1,0.16427974025359146,48
846,0,1127,676,451,0,0,0,1.0,1,1.0,1,1.0,1,0.15060584236343863,47
847,2,1129,676,453,0,0,0,1.0,1,1.0,1,1.0,1,0.12927439006699762,48
848,3,1132,677,455,0,0,0,1.0,1,1.0,1,1.0,1,0.11117138959047157,48
849,1,1133,677,456,0,0,0,1.0,1,1.0,1,1.0,1,0.10056812665221693,48
850,0,1133,677,456,0,0,0,1.0,1,1.0,1,1.0,1,0.10396294595921304,46
851,0,1133,677,456,0,0,0,1.0,1,1.0,1,1.0,1,0.0942385017206557,45
852,0,1133,677,456,0,0,0,1.0,1,1.0,1,1.0,1,0.08166848543222599,44
853,1,1134,678,456,0,0,0,1.0,1,1.0,1,1.0,1,0.07195970396367043,44
854,2,1136,680,456,0,0,0,1.0,1,1.0,1,1.0,1,0.09961070402532966,45
855,1,1137,680,457,0,0,0,1.0,1,1.0,1,1.0,1,0.04490258535430429,46
856,1,1138,681,457,0,0,0,1.0,1,1.0,1,1.0,1,0.05457027629293598,46
857,1,1139,682,457,0,0,0,1.0,1,1.0,1,1.0,1,0.06546596965883192,47
858,1,1140,682,458,0,0,0,1.0,1,1.0,1,1.0,1,0.028750339563831082,48
859,1,1141,683,458,0,0,0,1.0,1,1.0,1,1.0,1,0.06442776362128692,48
860,1,1142,683,459,0,0,0,1.0,1,1.0,1,1.0,1,0.06391407984373088,49
861,1,1143,684,459,0,0,0,1.0,1,1.0,1,1.0,1,0.06240831843620205,49
862,0,1143,684,459,0,0,0,1.0,1,1.0,1,1.0,1,0.06240831843620205,49
863,1,1144,685,459,0,0,0,1.0,1,1.0,1,1.0,1,0.07936196622819955,48
864,0,1144,685,459,0,0,0,1.0,1,1.0,1,1.0,1,0.08148662407677824,49
865,2,1146,686,460,0,0,0,1.0,1,1.0,1,1.0,1,0.09118915445321159,48
866,3,1149,687,462,0,0,0,1.0,1,1.0,1,1.0,1,0.05575344084999956,50
867,2,1151,687,464,0,0,0,1.0,1,1.0,1,1.0,1,0.03692471900251532,50
868,2,1153,689,464,0,0,0,1.0,1,1.0,1,1.0,1,0.031964945355984424,51
869,0,1153,689,464,0,0,0,1.0,1,1.0,1,1.0,1,0.06617558451018053,49
870,1,1154,690,464,0,0,0,1.0,1,1.0,1,1.0,1,0.06735575713344102,49
871,2,1156,690,466,0,0,0,1.0,1,1.0,1,1.0,1,0.06984481652135709,49
872,0,1156,690,466,0,0,0,1.0,1,1.0,1,1.0,1,0.09195589921532733,48
873,2,1158,692,466,0,0,0,1.0,1,1.0,1,1.0,1,0.10560101228274058,49
874,2,1160,693,467,0,0,0,1.0,1,1.0,1,1.0,1,0.09186665249634891,49
875,2,1162,693,469,0,0,0,1.0,1,1.0,1,1.0,1,0.0642612063910306,50
876,2,1164,695,469,0,0,0,1.0,1,1.0,1,1.0,1,0.09521823112230962,50
877,2,1166,696,470,0,0,0,1.0,1,1.0,1,1.0,1,0.09909238227222938,50
878,2,1168,697,471,0,0,0,1.0,1,1.0,1,1.0,1,0.10948907379179493,49
879,1,1169,698,471,0,0,0,1.0,1,1.0,1,1.0,1,0.12174869514553112,49
880,3,1172,699,473,0,0,0,1.0,1,1.0,1,1.0,1,0.10264776795059098,48
881,3,1175,701,474,0,0,0,1.0,1,1.0,1,1.0,1,0.10626960264621971,49
882,0,1175,701,474,0,0,0,1.0,1,1.0,1,1.0,1,0.10242440402281917,48
883,3,1178,702,476,0,0,0,1.0,1,1.0,1,1.0,1,0.08786195432711057,50
884,1,1179,702,477,0,0,0,1.0,1,1.0,1,1.0,1,0.07993615021121296,50
885,2,1181,704,477,0,0,0,1.0,1,1.0,1,1.0,1,0.0934555055925195,49
886,1,1182,704,478,0,0,0,1.0,1,1.0,1,1.0,1,0.0824921423691407,49
887,3,1185,706,479,0,0,0,1.0,1,1.0,1,1.0,1,0.1311821915104449,49
888,0,1185,706,479,0,0,0,1.0,1,1.0,1,1.0,1,0.10197623849941113,47
889,2,1187,707,480,0,0,0,1.0,1,1.0,1,1.0,1,0.1339803664851157,46
890,0,1187,707,480,0,0,0,1.0,1,1.0,1,1.0,1,0.10228776967608331,44
891,1,1188,707,481,0,0,0,1.0,1,1.0,1,1.0,1,0.08059925705015714,45
892,1,1189,708,481,0,0,0,1.0,1,1.0,1,1.0,1,0.10204352270428556,45
893,0,1189,708,481,0,0,0,1.0,1,1.0,1,1.0,1,0.10204352270428556,45
894,0,1189,708,481,0,0,0,1.0,1,1.0,1,1.0,1,0.09178639405504177,44
895,2,1191,710,481,0,0,0,1.0,1,1.0,1,1.0,1,0.09169010361636959,45
896,1,1192,711,481,0,0,0,1.0,1,1.0,1,1.0,1,0.10332070923647281,44
897,0,1192,711,481,0,0,0,1.0,1,1.0,1,1.0,1,0.10332070923647281,44
898,2,1194,712,482,0,0,0,1.0,1,1.0,1,1.0,1,0.05900652246263998,45
899,0,1194,712,482,0,0,0,1.0,1,1.0,1,1.0,1,0.07569677327293553,44
900,1,1195,712,483,0,0,0,1.0,1,1.0,1,1.0,1,0.07159525417270746,46
901,1,1196,712,484,0,0,0,1.0,1,1.0,1,1.0,1,0.0853140262430123,45
902,2,1198,714,484,0,0,0,1.0,1,1.0,1,1.0,1,0.13951441161164158,45
903,2,1200,716,484,0,0,0,1.0,1,1.0,1,1.0,1,0.1776760365048616,44
904,4,1204,717,487,0,0,0,1.0,1,1.0,1,1.0,1,0.1793394483781681,45
905,1,1205,717,488,0,0,0,1.0,1,1.0,1,1.0,1,0.20870854831585486,45
906,2,1207,718,489,0,0,0,1.0,1,1.0,1,1.0,1,0.22543219073432388,45
907,5,1212,719,493,0,0,0,1.0,1,1.0,1,1.0,1,0.1543464147355146,46
908,0,1212,719,493,0,0,0,1.0,1,1.0,1,1.0,1,0.17093255779185917,46
909,0,1212,719,493,0,0,0,1.0,1,1.0,1,1.0,1,0.17656118090258924,46
910,4,1216,719,497,0,0,0,1.0,1,1.0,1,1.0,1,0.14251840613998457,44
911,1,1217,719,498,0,0,0,1.0,1,1.0,1,1.0,1,0.14399162879041622,45
912,0,1217,719,498,0,0,0,1.0,1,1.0,1,1.0,1,0.1651685457087805,44
913,2,1219,719,500,0,0,0,1.0,1,1.0,1,1.0,1,0.1576899190079378,45
914,2,1221,720,501,0,0,0,1.0,1,1.0,1,1.0,1,0.14649350151246623,45
915,1,1222,720,502,0,0,0,1.0,1,1.0,1,1.0,1,0.12873203842723482,45
916,2,1224,720,504,0,0,0,1.0,1,1.0,1,1.0,1,0.1028086599579674,45
917,0,1224,720,504,0,0,0,1.0,1,1.0,1,1.0,1,0.11824672139539505,46
918,0,1224,720,504,0,0,0,1.0,1,1.0,1,1.0,1,0.1205864715338357,47
919,2,1226,720,506,0,0,0,1.0,1,1.0,1,1.0,1,0.09988462568274686,47
920,1,1227,721,506,0,0,0,1.0,1,1.0,1,1.0,1,0.0904371541651325,47
921,2,1229,723,506,0,0,0,1.0,1,1.0,1,1.0,1,0.11954168808477841,49
922,4,1233,724,509,0,0,0,1.0,1,1.0,1,1.0,1,0.08560458439294456,49
923,2,1235,726,509,0,0,0,1.0,1,1.0,1,1.0,1,0.09738348848412619,47
924,1,1236,727,509,0,0,0,1.0,1,1.0,1,1.0,1,0.10054756418281814,47
925,3,1239,729,510,0,0,0,1.0,1,1.0,1,1.0,1,0.11820779150244418,47
926,2,1241,731,510,0,0,0,1.0,1,1.0,1,1.0,1,0.1565763399474043,46
927,2,1243,732,511,0,0,0,1.0,1,1.0,1,1.0,1,0.12964940649799428,45
928,2,1245,732,513,0,0,0,1.0,1,1.0,1,1.0,1,0.06782056505917852,43
929,1,1246,732,514,0,0,0,1.0,1,1.0,1,1.0,1,0.07901495602989955,42
930,0,1246,732,514,0,0,0,1.0,1,1.0,1,1.0,1,0.06191239758641446,41
931,0,1246,732,514,0,0,0,1.0,1,1.0,1,1.0,1,0.07626532940462219,40
932,1,1247,733,514,0,0,0,1.0,1,1.0,1,1.0,1,0.06233025085849313,40
933,0,1247,733,514,0,0,0,1.0,1,1.0,1,1.0,1,0.07522943889396659,39
934,0,1247,733,514,0,0,0,1.0,1,1.0,1,1.0,1,0.07522943889396659,39
935,4,1251,737,514,0,0,0,1.0,1,1.0,1,1.0,1,0.163292491380473,41
936,2,1253,737,516,0,0,0,1.0,1,1.0,1,1.0,1,0.10377705431876098,42
937,4,1257,739,518,0,0,0,1.0,1,1.0,1,1.0,1,0.17627430587384826,43
938,1,1258,739,519,0,0,0,1.0,1,1.0,1,1.0,1,0.18214115502057812,44
939,2,1260,739,521,0,0,0,1.0,1,1.0,1,1.0,1,0.17182120105526033,46
940,1,1261,739,522,0,0,0,1.0,1,1.0,1,1.0,1,0.15074811064778515,46
941,1,1262,740,522,0,0,0,1.0,1,1.0,1,1.0,1,0.1727540621519746,46
942,1,1263,740,523,0,0,0,1.0,1,1.0,1,1.0,1,0.160298170693126,46
943,1,1264,740,524,0,0,0,1.0,1,1.0,1,1.0,1,0.15792866896703742,45
944,1,1265,740,525,0,0,0,1.0,1,1.0,1,1.0,1,0.1293539535516231,45
945,1,1266,740,526,0,0,0,1.0,1,1.0,1,1.0,1,0.16163160091834797,44
946,2,1268,740,528,0,0,0,1.0,1,1.0,1,1.0,1,0.10716534886249514,46
947,0,1268,740,528,0,0,0,1.0,1,1.0,1,1.0,1,0.13110124375217025,44
948,1,1269,740,529,0,0,0,1.0,1,1.0,1,1.0,1,0.10765739920302211,44
949,5,1274,741,533,0,0,0,1.0,1,1.0,1,1.0,1,0.10030879743865699,44
950,1,1275,742,533,0,0,0,1.0,1,1.0,1,1.0,1,0.11817126475907408,43
951,0,1275,742,533,0,0,0,1.0,1,1.0,1,1.0,1,0.14345092319093802,42
952,2,1277,742,535,0,0,0,1.0,1,1.0,1,1.0,1,0.11461921795716416,42
953,0,1277,742,535,0,0,0,1.0,1,1.0,1,1.0,1,0.11837158921320376,41
954,1,1278,743,535,0,0,0,1.0,1,1.0,1,1.0,1,0.13813437938611492,40
955,0,1278,743,535,0,0,0,1.0,1,1.0,1,1.0,1,0.13231627474279048,42
956,1,1279,744,535,0,0,0,1.0,1,1.0,1,1.0,1,0.13497906698056894,43
957,0,1279,744,535,0,0,0,1.0,1,1.0,1,1.0,1,0.14725085882482983,42
958,1,1280,744,536,0,0,0,1.0,1,1.0,1,1.0,1,0.16571903160450116,43
959,3,1283,745,538,0,0,0,1.0,1,1.0,1,1.0,1,0.18853844918832124,45
960,1,1284,746,538,0,0,0,1.0,1,1.0,1,1.0,1,0.2039023452356013,47
961,1,1285,747,538,0,0,0,1.0,1,1.0,1,1.0,1,0.21218466063337338,45
962,0,1285,747,538,0,0,0,1.0,1,1.0,1,1.0,1,0.2026244303866677,45
963,2,1287,748,539,0,0,0,1.0,1,1.0,1,1.0,1,0.2204709672857348,44
964,0,1287,748,539,0,0,0,1.0,1,1.0,1,1.0,1,0.21329760255424612,44
965,1,1288,748,540,0,0,0,1.0,1,1.0,1,1.0,1,0.1871869470335065,45
966,1,1289,749,540,0,0,0,1.0,1,1.0,1,1.0,1,0.1934015603810708,43
967,1,1290,749,541,0,0,0,1.0,1,1.0,1,1.0,1,0.18447632791021776,43
968,0,1290,749,541,0,0,0,1.0,1,1.0,1,1.0,1,0.18367269198222314,43
969,1,1291,749,542,0,0,0,1.0,1,1.0,1,1.0,1,0.18458249260468682,42
970,2,1293,749,544,0,0,0,1.0,1,1.0,1,1.0,1,0.1472174476631403,42
971,1,1294,749,545,0,0,0,1.0,1,1.0,1,1.0,1,0.12274930351115242,42
972,1,1295,749,546,0,0,0,1.0,1,1.0,1,1.0,1,0.10738294093987363,42
973,1,1296,749,547,0,0,0,1.0,1,1.0,1,1.0,1,0.08471036530835842,43
974,0,1296,749,547,0,0,0,1.0,1,1.0,1,1.0,1,0.08471036530835842,43
975,0,1296,749,547,0,0,0,1.0,1,1.0,1,1.0,1,0.08884095939157424,43
976,0,1296,749,547,0,0,0,1.0,1,1.0,1,1.0,1,0.10329640094259644,45
977,0,1296,749,547,0,0,0,1.0,1,1.0,1,1.0,1,0.11844300657178812,44
978,0,1296,749,547,0,0,0,1.0,1,1.0,1,1.0,1,0.11844300657178812,44
979,1,1297,749,548,0,0,0,1.0,1,1.0,1,1.0,1,0.11916281677889162,45
980,1,1298,749,549,0,0,0,1.0,1,1.0,1,1.0,1,0.10522573910461377,45
981,0,1298,749,549,0,0,0,1.0,1,1.0,1,1.0,1,0.10522573910461377,45
982,3,1301,751,550,0,0,0,1.0,1,1.0,1,1.0,1,0.15994084910926293,46
983,1,1302,752,550,0,0,0,1.0,1,1.0,1,1.0,1,0.17547538329017243,45
984,1,1303,753,550,0,0,0,1.0,1,1.0,1,1.0,1,0.17654400197727455,45
985,6,1309,757,552,0,0,0,1.0,1,1.0,1,1.0,1,0.202026703980129,45
986,1,1310,757,553,0,0,0,1.0,1,1.0,1,1.0,1,0.17647680211308386,44
987,2,1312,758,554,0,0,0,1.0,1,1.0,1,1.0,1,0.1884779032865248,45
988,3,1315,760,555,0,0,0,1.0,1,1.0,1,1.0,1,0.20802638892514896,44
989,1,1316,760,556,0,0,0,1.0,1,1.0,1,1.0,1,0.18166940399747253,43
990,1,1317,761,556,0,0,0,1.0,1,1.0,1,1.0,1,0.19071637846076023,42
991,1,1318,761,557,0,0,0,1.0,1,1.0,1,1.0,1,0.15308931047000932,42
992,0,1318,761,557,0,0,0,1.0,1,1.0,1,1.0,1,0.15197655586860823,43
993,0,1318,761,557,0,0,0,1.0,1,1.0,1,1.0,1,0.15197655586860823,43
994,0,1318,761,557,0,0,0,1.0,1,1.0,1,1.0,1,0.16937633280819467,43
995,0,1318,761,557,0,0,0,1.0,1,1.0,1,1.0,1,0.12283829883752663,43
996,0,1318,761,557,0,0,0,1.0,1,1.0,1,1.0,1,0.13261547840998408,44
997,1,1319,762,557,0,0,0,1.0,1,1.0,1,1.0,1,0.1734716582700328,44
998,0,1319,762,557,0,0,0,1.0,1,1.0,1,1.0,1,0.1871811037522659,45
999,0,1319,762,557,0,0,0,1.0,1,1.0,1,1.0,1,0.1894707696113962,42
1000,0,1319,762,557,0,0,0,1.0,1,1.0,1,1.0,1,0.17880039848669374,43
1001,1,1320,762,558,0,0,0,1.0,1,1.0,1,1.0,1,0.14314500154043497,42
1002,0,1320,762,558,0,0,0,1.0,1,1.0,1,1.0,1,0.14178398379678858,43
1003,1,1321,762,559,0,0,0,1.0,1,1.0,1,1.0,1,0.1310389971804325,43
1004,1,1322,762,560,0,0,0,1.0,1,1.0,1,1.0,1,0.10751174571041919,43
1005,1,1323,762,561,0,0,0,1.0,1,1.0,1,1.0,1,0.10965227525133917,44
1006,1,1324,762,562,0,0,0,1.0,1,1.0,1,1.0,1,0.09166384958962363,46
1007,0,1324,762,562,0,0,0,1.0,1,1.0,1,1.0,1,0.09166384958962363,46
1008,0,1324,762,562,0,0,0,1.0,1,1.0,1,1.0,1,0.1038278334317499,47
1009,2,1326,764,562,0,0,0,1.0,1,1.0,1,1.0,1,0.10269642559473305,48
1010,1,1327,765,562,0,0,0,1.0,1,1.0,1,1.0,1,0.11840380640126816,48
1011,1,1328,766,562,0,0,0,1.0,1,1.0,1,1.0,1,0.13348489633809826,48
1012,3,1331,768,563,0,0,0,1.0,1,1.0,1,1.0,1,0.1593695603454579,49
1013,1,1332,769,563,0,0,0,1.0,1,1.0,1,1.0,1,0.16312188572613492,50
1014,1,1333,770,563,0,0,0,1.0,1,1.0,1,1.0,1,0.1845576374099855,50
1015,1,1334,770,564,0,0,0,1.0,1,1.0,1,1.0,1,0.1736608999860649,51
1016,2,1336,771,565,0,0,0,1.0,1,1.0,1,1.0,1,0.15722913146843523,51
1017,0,1336,771,565,0,0,0,1.0,1,1.0,1,1.0,1,0.16688592825276388,52
1018,1,1337,772,565,0,0,0,1.0,1,1.0,1,1.0,1,0.18383938989078646,52
1019,1,1338,772,566,0,0,0,1.0,1,1.0,1,1.0,1,0.1865457628205046,52
1020,0,1338,772,566,0,0,0,1.0,1,1.0,1,1.0,1,0.16223549370327922,53
1021,0,1338,772,566,0,0,0,1.0,1,1.0,1,1.0,1,0.16833358677688706,53
1022,0,1338,772,566,0,0,0,1.0,1,1.0,1,1.0,1,0.16035339836478885,54
1023,2,1340,772,568,0,0,0,1.0,1,1.0,1,1.0,1,0.10926218411942994,55
1024,1,1341,772,569,0,0,0,1.0,1,1.0,1,1.0,1,0.10853379652840861,55
1025,1,1342,772,570,0,0,0,1.0,1,1.0,1,1.0,1,0.09370303143309616,56
1026,0,1342,772,570,0,0,0,1.0,1,1.0,1,1.0,1,0.10284096505483104,57
1027,0,1342,772,570,0,0,0,1.0,1,1.0,1,1.0,1,0.08253346274315373,58
1028,3,1345,774,571,0,0,0,1.0,1,1.0,1,1.0,1,0.10847597599861766,58
1029,3,1348,775,573,0,0,0,1.0,1,1.0,1,1.0,1,0.10530809212901447,59
1030,0,1348,775,573,0,0,0,1.0,1,1.0,1,1.0,1,0.10037466365418828,60
1031,1,1349,776,573,0,0,0,1.0,1,1.0,1,1.0,1,0.1255708392633379,60
1032,0,1349,776,573,0,0,0,1.0,1,1.0,1,1.0,1,0.13290282834486322,61
1033,0,1349,776,573,0,0,0,1.0,1,1.0,1,1.0,1,0.1389499213484685,60
1034,4,1353,779,574,0,0,0,1.0,1,1.0,1,1.0,1,0.12617847552071604,60
1035,2,1355,781,574,0,0,0,1.0,1,1.0,1,1.0,1,0.16575038228378003,59
1036,5,1360,783,577,0,0,0,1.0,1,1.0,1,1.0,1,0.128660179758053,60
1037,4,1364,786,578,0,0,0,1.0,1,1.0,1,1.0,1,0.15340563962220258,59
1038,2,1366,787,579,0,0,0,1.0,1,1.0,1,1.0,1,0.14517753342595915,60
1039,7,1373,790,583,0,0,0,1.0,1,1.0,1,1.0,1,0.12705134545012425,60
1040,1,1374,791,583,0,0,0,1.0,1,1.0,1,1.0,1,0.13746833692749844,58
1041,2,1376,792,584,0,0,0,1.0,1,1.0,1,1.0,1,0.12345827624027146,56
1042,1,1377,792,585,0,0,0,1.0,1,1.0,1,1.0,1,0.10799216311964502,55
1043,1,1378,792,586,0,0,0,1.0,1,1.0,1,1.0,1,0.08461699321880195,55
1044,0,1378,792,586,0,0,0,1.0,1,1.0,1,1.0,1,0.06296520940456247,52
1045,0,1378,792,586,0,0,0,1.0,1,1.0,1,1.0,1,0.042308428921672095,52
1046,3,1381,793,588,0,0,0,1.0,1,1.0,1,1.0,1,0.056203626693204105,53
1047,1,1382,794,588,0,0,0,1.0,1,1.0,1,1.0,1,0.04372540973532002,54
1048,2,1384,795,589,0,0,0,1.0,1,1.0,1,1.0,1,0.059719247349567364,56
1049,2,1386,797,589,0,0,0,1.0,1,1.0,1,1.0,1,0.06766901767107708,55
1050,0,1386,797,589,0,0,0,1.0,1,1.0,1,1.0,1,0.06716840948307612,56
1051,0,1386,797,589,0,0,0,1.0,1,1.0,1,1.0,1,0.05452107634853043,55
1052,0,1386,797,589,0,0,0,1.0,1,1.0,1,1.0,1,0.07132255882512256,56
1053,1,1387,798,589,0,0,0,1.0,1,1.0,1,1.0,1,0.08593768175051628,56
1054,2,1389,799,590,0,0,0,1.0,1,1.0,1,1.0,1,0.05871480513511154,57
1055,1,1390,799,591,0,0,0,1.0,1,1.0,1,1.0,1,0.021881971608606464,58
1056,0,1390,799,591,0,0,0,1.0,1,1.0,1,1.0,1,0.03336287386576218,59
1057,1,1391,799,592,0,0,0,1.0,1,1.0,1,1.0,1,0.041286781993236155,60
1058,1,1392,800,592,0,0,0,1.0,1,1.0,1,1.0,1,0.07374963038312217,60
1059,1,1393,801,592,0,0,0,1.0,1,1.0,1,1.0,1,0.08660398662378456,60
1060,1,1394,802,592,0,0,0,1.0,1,1.0,1,1.0,1,0.10518097278353246,60
1061,5,1399,806,593,0,0,0,1.0,1,1.0,1,1.0,1,0.10099340813363064,59
1062,0,1399,806,593,0,0,0,1.0,1,1.0,1,1.0,1,0.10163181908834061,59
1063,3,1402,807,595,0,0,0,1.0,1,1.0,1,1.0,1,0.10176210733871624,58
1064,3,1405,809,596,0,0,0,1.0,1,1.0,1,1.0,1,0.14755135532716557,58
1065,2,1407,809,598,0,0,0,1.0,1,1.0,1,1.0,1,0.10875347014841921,60
1066,2,1409,809,600,0,0,0,1.0,1,1.0,1,1.0,1,0.10867178838704383,58
1067,0,1409,809,600,0,0,0,1.0,1,1.0,1,1.0,1,0.16208788343573574,59
1068,0,1409,809,600,0,0,0,1.0,1,1.0,1,1.0,1,0.16208788343573574,59
1069,3,1412,809,603,0,0,0,1.0,1,1.0,1,1.0,1,0.16009991668642393,58
1070,3,1415,809,606,0,0,0,1.0,1,1.0,1,1.0,1,0.12210175611705133,58
1071,0,1415,809,606,0,0,0,1.0,1,1.0,1,1.0,1,0.13639860341231966,57
1072,4,1419,810,609,0,0,0,1.0,1,1.0,1,1.0,1,0.11986453428154574,56
1073,1,1420,811,609,0,0,0,1.0,1,1.0,1,1.0,1,0.1393775452451484,54
1074,2,1422,812,610,0,0,0,1.0,1,1.0,1,1.0,1,0.1446748037156006,54
1075,3,1425,813,612,0,0,0,1.0,1,1.0,1,1.0,1,0.10497020380316097,51
1076,3,1428,815,613,0,0,0,1.0,1,1.0,1,1.0,1,0.12286460615885945,51
1077,2,1430,817,613,0,0,0,1.0,1,1.0,1,1.0,1,0.13465477425705105,51
1078,1,1431,817,614,0,0,0,1.0,1,1.0,1,1.0,1,0.1365696577757783,52
1079,4,1435,821,614,0,0,0,1.0,1,1.0,1,1.0,1,0.17773649736120842,51
1080,2,1437,823,614,0,0,0,1.0,1,1.0,1,1.0,1,0.20503583150133353,51
1081,2,1439,824,615,0,0,0,1.0,1,1.0,1,1.0,1,0.22028026834732417,48
1082,1,1440,825,615,0,0,0,1.0,1,1.0,1,1.0,1,0.237153424530364,47
1083,4,1444,826,618,0,0,0,1.0,1,1.0,1,1.0,1,0.23250607112239577,46
1084,1,1445,826,619,0,0,0,1.0,1,1.0,1,1.0,1,0.21258107151692646,45
1085,1,1446,826,620,0,0,0,1.0,1,1.0,1,1.0,1,0.18319490834163107,46
1086,1,1447,826,621,0,0,0,1.0,1,1.0,1,1.0,1,0.16610672874502413,45
1087,1,1448,826,622,0,0,0,1.0,1,1.0,1,1.0,1,0.1825875188007132,44
1088,1,1449,826,623,0,0,0,1.0,1,1.0,1,1.0,1,0.16320441030939387,45
1089,0,1449,826,623,0,0,0,1.0,1,1.0,1,1.0,1,0.1810811758200411,46
1090,0,1449,826,623,0,0,0,1.0,1,1.0,1,1.0,1,0.18207010629370382,47
1091,1,1450,827,623,0,0,0,1.0,1,1.0,1,1.0,1,0.17138087328265914,47
1092,0,1450,827,623,0,0,0,1.0,1,1.0,1,1.0,1,0.16187150028189784,48
1093,2,1452,828,624,0,0,0,1.0,1,1.0,1,1.0,1,0.14975974547166065,48
1094,4,1456,830,626,0,0,0,1.0,1,1.0,1,1.0,1,0.18035788604679992,48
1095,1,1457,830,627,0,0,0,1.0,1,1.0,1,1.0,1,0.18953725544269312,49
1096,3,1460,831,629,0,0,0,1.0,1,1.0,1,1.0,1,0.19072421607800621,49
1097,3,1463,832,631,0,0,0,1.0,1,1.0,1,1.0,1,0.19091943506565115,50
1098,1,1464,832,632,0,0,0,1.0,1,1.0,1,1.0,1,0.18647545632531107,51
1099,3,1467,832,635,0,0,0,1.0,1,1.0,1,1.0,1,0.1348999828772279,54
1100,0,1467,832,635,0,0,0,1.0,1,1.0,1,1.0,1,0.1348999828772279,54
1101,0,1467,832,635,0,0,0,1.0,1,1.0,1,1.0,1,0.1348999828772279,54
1102,2,1469,832,637,0,0,0,1.0,1,1.0,1,1.0,1,0.09600377194297487,54
1103,0,1469,832,637,0,0,0,1.0,1,1.0,1,1.0,1,0.10566578147915616,53
1104,2,1471,833,638,0,0,0,1.0,1,1.0,1,1.0,1,0.11299121630276332,53
1105,2,1473,833,640,0,0,0,1.0,1,1.0,1,1.0,1,0.08929610546905589,52
1106,1,1474,833,641,0,0,0,1.0,1,1.0,1,1.0,1,0.11482501843932222,52
1107,0,1474,833,641,0,0,0,1.0,1,1.0,1,1.0,1,0.13772402475835518,52
1108,3,1477,833,644,0,0,0,1.0,1,1.0,1,1.0,1,0.10173923100131636,51
1109,1,1478,834,644,0,0,0,1.0,1,1.0,1,1.0,1,0.1453916008288592,49
1110,0,1478,834,644,0,0,0,1.0,1,1.0,1,1.0,1,0.15621969932177188,48
1111,2,1480,835,645,0,0,0,1.0,1,1.0,1,1.0,1,0.20824450004423892,47
1112,4,1484,836,648,0,0,0,1.0,1,1.0,1,1.0,1,0.23712168989846105,46
1113,2,1486,837,649,0,0,0,1.0,1,1.0,1,1.0,1,0.25368892092251477,43
1114,1,1487,837,650,0,0,0,1.0,1,1.0,1,1.0,1,0.2574442620389344,41
1115,1,1488,838,650,0,0,0,1.0,1,1.0,1,1.0,1,0.24097638549687747,40
1116,1,1489,838,651,0,0,0,1.0,1,1.0,1,1.0,1,0.21840460069306955,39
1117,2,1491,840,651,0,0,0,1.0,1,1.0,1,1.0,1,0.21515069381633323,40
1118,0,1491,840,651,0,0,0,1.0,1,1.0,1,1.0,1,0.21718545603728895,40
1119,0,1491,840,651,0,0,0,1.0,1,1.0,1,1.0,1,0.21718545603728895,40
1120,0,1491,840,651,0,0,0,1.0,1,1.0,1,1.0,1,0.21718545603728895,40
1121,2,1493,842,651,0,0,0,1.0,1,1.0,1,1.0,1,0.2539588927708581,40
1122,0,1493,842,651,0,0,0,1.0,1,1.0,1,1.0,1,0.25829376879788146,41
1123,3,1496,844,652,0,0,0,1.0,1,1.0,1,1.0,1,0.3120806985763619,41
1124,2,1498,844,654,0,0,0,1.0,1,1.0,1,1.0,1,0.28087099292779555,41
1125,2,1500,845,655,0,0,0,1.0,1,1.0,1,1.0,1,0.31089957576366717,41
1126,4,1504,845,659,0,0,0,1.0,1,1.0,1,1.0,1,0.23664618583382507,41
1127,1,1505,845,660,0,0,0,1.0,1,1.0,1,1.0,1,0.22837237202962157,41
1128,0,1505,845,660,0,0,0,1.0,1,1.0,1,1.0,1,0.2430099482095353,42
1129,2,1507,846,661,0,0,0,1.0,1,1.0,1,1.0,1,0.24747341570084555,42
1130,0,1507,846,661,0,0,0,1.0,1,1.0,1,1.0,1,0.24747341570084555,42
1131,0,1507,846,661,0,0,0,1.0,1,1.0,1,1.0,1,0.24747341570084555,42
1132,2,1509,846,663,0,0,0,1.0,1,1.0,1,1.0,1,0.18868936131267716,43
1133,1,1510,846,664,0,0,0,1.0,1,1.0,1,1.0,1,0.17292289032576416,45
1134,0,1510,846,664,0,0,0,1.0,1,1.0,1,1.0,1,0.18107032391919675,46
1135,0,1510,846,664,0,0,0,1.0,1,1.0,1,1.0,1,0.194682775759513,45
1136,0,1510,846,664,0,0,0,1.0,1,1.0,1,1.0,1,0.19625107185146262,48
1137,0,1510,846,664,0,0,0,1.0,1,1.0,1,1.0,1,0.20556067674939726,49
1138,4,1514,846,668,0,0,0,1.0,1,1.0,1,1.0,1,0.1527434812364868,49
1139,1,1515,846,669,0,0,0,1.0,1,1.0,1,1.0,1,0.17696700125041365,49
1140,0,1515,846,669,0,0,0,1.0,1,1.0,1,1.0,1,0.17696700125041365,49
1141,4,1519,847,672,0,0,0,1.0,1,1.0,1,1.0,1,0.19064061967342763,48
1142,1,1520,848,672,0,0,0,1.0,1,1.0,1,1.0,1,0.17769732971261765,48
1143,5,1525,850,675,0,0,0,1.0,1,1.0,1,1.0,1,0.1760392701321702,48
1144,2,1527,850,677,0,0,0,1.0,1,1.0,1,1.0,1,0.14413546953684053,48
1145,2,1529,850,679,0,0,0,1.0,1,1.0,1,1.0,1,0.1506566138569992,48
1146,0,1529,850,679,0,0,0,1.0,1,1.0,1,1.0,1,0.16906259432569373,48
1147,3,1532,850,682,0,0,0,1.0,1,1.0,1,1.0,1,0.15458003964178801,46
1148,0,1532,850,682,0,0,0,1.0,1,1.0,1,1.0,1,0.15458003964178801,46
1149,1,1533,850,683,0,0,0,1.0,1,1.0,1,1.0,1,0.18119046149347035,45
1150,2,1535,850,685,0,0,0,1.0,1,1.0,1,1.0,1,0.17765825551770886,46
1151,2,1537,852,685,0,0,0,1.0,1,1.0,1,1.0,1,0.21308300119671514,44
1152,0,1537,852,685,0,0,0,1.0,1,1.0,1,1.0,1,0.18773460127245048,44
1153,3,1540,855,685,0,0,0,1.0,1,1.0,1,1.0,1,0.26234638131574817,43
1154,2,1542,855,687,0,0,0,1.0,1,1.0,1,1.0,1,0.22842518915352025,43
1155,2,1544,856,688,0,0,0,1.0,1,1.0,1,1.0,1,0.2529471304881923,43
1156,2,1546,856,690,0,0,0,1.0,1,1.0,1,1.0,1,0.21385413145995139,42
1157,0,1546,856,690,0,0,0,1.0,1,1.0,1,1.0,1,0.21515885763194514,42
1158,0,1546,856,690,0,0,0,1.0,1,1.0,1,1.0,1,0.20224394868298792,41
1159,0,1546,856,690,0,0,0,1.0,1,1.0,1,1.0,1,0.20163651109792985,41
1160,0,1546,856,690,0,0,0,1.0,1,1.0,1,1.0,1,0.20163651109792985,41
1161,1,1547,856,691,0,0,0,1.0,1,1.0,1,1.0,1,0.18988535850080882,42
1162,0,1547,856,691,0,0,0,1.0,1,1.0,1,1.0,1,0.17940042932824785,43
1163,0,1547,856,691,0,0,0,1.0,1,1.0,1,1.0,1,0.17940042932824785,43
1164,0,1547,856,691,0,0,0,1.0,1,1.0,1,1.0,1,0.1645029421699861,44
1165,0,1547,856,691,0,0,0,1.0,1,1.0,1,1.0,1,0.1645029421699861,44
1166,3,1550,857,693,0,0,0,1.0,1,1.0,1,1.0,1,0.13521155609021662,46
1167,2,1552,858,694,0,0,0,1.0,1,1.0,1,1.0,1,0.1363902429230195,46
1168,2,1554,858,696,0,0,0,1.0,1,1.0,1,1.0,1,0.1071230119657246,47
1169,0,1554,858,696,0,0,0,1.0,1,1.0,1,1.0,1,0.08973088780171845,46
1170,0,1554,858,696,0,0,0,1.0,1,1.0,1,1.0,1,0.09390602398277698,48
1171,1,1555,859,696,0,0,0,1.0,1,1.0,1,1.0,1,0.1211716158415062,49
1172,0,1555,859,696,0,0,0,1.0,1,1.0,1,1.0,1,0.1211716158415062,49
1173,0,1555,859,696,0,0,0,1.0,1,1.0,1,1.0,1,0.1211716158415062,49
1174,1,1556,860,696,0,0,0,1.0,1,1.0,1,1.0,1,0.14272983182399776,49
1175,0,1556,860,696,0,0,0,1.0,1,1.0,1,1.0,1,0.15064524210459548,50
1176,3,1559,860,699,0,0,0,1.0,1,1.0,1,1.0,1,0.1376266780782666,52
1177,4,1563,862,701,0,0,0,1.0,1,1.0,1,1.0,1,0.1493030615787356,52
1178,0,1563,862,701,0,0,0,1.0,1,1.0,1,1.0,1,0.1493030615787356,52
1179,0,1563,862,701,0,0,0,1.0,1,1.0,1,1.0,1,0.13004019887495716,53
1180,1,1564,863,701,0,0,0,1.0,1,1.0,1,1.0,1,0.1398257266178434,54
1181,0,1564,863,701,0,0,0,1.0,1,1.0,1,1.0,1,0.14986560996940773,55
1182,0,1564,863,701,0,0,0,1.0,1,1.0,1,1.0,1,0.14986560996940773,55
1183,1,1565,864,701,0,0,0,1.0,1,1.0,1,1.0,1,0.18386018557494066,53
1184,2,1567,865,702,0,0,0,1.0,1,1.0,1,1.0,1,0.17935255803773972,54
1185,0,1567,865,702,0,0,0,1.0,1,1.0,1,1.0,1,0.1886148187610969,53
1186,4,1571,866,705,0,0,0,1.0,1,1.0,1,1.0,1,0.19349928641574893,54
1187,2,1573,867,706,0,0,0,1.0,1,1.0,1,1.0,1,0.22602663670699893,55
1188,1,1574,867,707,0,0,0,1.0,1,1.0,1,1.0,1,0.21422758261279232,55
1189,0,1574,867,707,0,0,0,1.0,1,1.0,1,1.0,1,0.21423119694476384,54
1190,0,1574,867,707,0,0,0,1.0,1,1.0,1,1.0,1,0.20329890236129688,55
1191,2,1576,867,709,0,0,0,1.0,1,1.0,1,1.0,1,0.1824804625229602,54
1192,2,1578,867,711,0,0,0,1.0,1,1.0,1,1.0,1,0.1559316172240561,52
1193,0,1578,867,711,0,0,0,1.0,1,1.0,1,1.0,1,0.157507297998439,53
1194,2,1580,867,713,0,0,0,1.0,1,1.0,1,1.0,1,0.1362883388333818,53
1195,1,1581,867,714,0,0,0,1.0,1,1.0,1,1.0,1,0.11194785077609407,54
1196,1,1582,867,715,0,0,0,1.0,1,1.0,1,1.0,1,0.1183124098830942,56
1197,2,1584,868,716,0,0,0,1.0,1,1.0,1,1.0,1,0.10493110148143321,56
1198,2,1586,869,717,0,0,0,1.0,1,1.0,1,1.0,1,0.08394112116496721,58
1199,1,1587,870,717,0,0,0,1.0,1,1.0,1,1.0,1,0.08732112047964624,58
1200,0,1587,870,717,0,0,0,1.0,1,1.0,1,1.0,1,0.08732112047964624,58
1201,1,1588,871,717,0,0,0,1.0,1,1.0,1,1.0,1,0.10695831065214605,58
1202,0,1588,871,717,0,0,0,1.0,1,1.0,1,1.0,1,0.0877430537295925,60
1203,0,1588,871,717,0,0,0,1.0,1,1.0,1,1.0,1,0.0933977861518275,58
1204,2,1590,872,718,0,0,0,1.0,1,1.0,1,1.0,1,0.10805311030316302,59
1205,2,1592,873,719,0,0,0,1.0,1,1.0,1,1.0,1,0.12001051562649703,59
1206,1,1593,873,720,0,0,0,1.0,1,1.0,1,1.0,1,0.12520233910592074,58
1207,2,1595,873,722,0,0,0,1.0,1,1.0,1,1.0,1,0.11400497964384317,60
1208,0,1595,873,722,0,0,0,1.0,1,1.0,1,1.0,1,0.11400497964384317,60
1209,1,1596,873,723,0,0,0,1.0,1,1.0,1,1.0,1,0.11447423524172391,61
1210,1,1597,873,724,0,0,0,1.0,1,1.0,1,1.0,1,0.10734018368713018,61
1211,1,1598,873,725,0,0,0,1.0,1,1.0,1,1.0,1,0.0863503110382416,63
1212,0,1598,873,725,0,0,0,1.0,1,1.0,1,1.0,1,0.0863503110382416,63
1213,0,1598,873,725,0,0,0,1.0,1,1.0,1,1.0,1,0.0863503110382416,63
1214,3,1601,875,726,0,0,0,1.0,1,1.0,1,1.0,1,0.15266260376481272,62
1215,1,1602,875,727,0,0,0,1.0,1,1.0,1,1.0,1,0.14106771016858533,63
1216,4,1606,876,730,0,0,0,1.0,1,1.0,1,1.0,1,0.1619449550596967,64
1217,1,1607,876,731,0,0,0,1.0,1,1.0,1,1.0,1,0.15393892588882166,65
1218,1,1608,876,732,0,0,0,1.0,1,1.0,1,1.0,1,0.1608499543146304,64
1219,3,1611,876,735,0,0,0,1.0,1,1.0,1,1.0,1,0.14697424048832627,65
1220,1,1612,876,736,0,0,0,1.0,1,1.0,1,1.0,1,0.1484793345445761,64
1221,1,1613,876,737,0,0,0,1.0,1,1.0,1,1.0,1,0.14231951090758163,65
1222,2,1615,876,739,0,0,0,1.0,1,1.0,1,1.0,1,0.118564058229325,66
1223,0,1615,876,739,0,0,0,1.0,1,1.0,1,1.0,1,0.12805763487783045,64
1224,1,1616,877,739,0,0,0,1.0,1,1.0,1,1.0,1,0.11567788644258097,66
1225,3,1619,878,741,0,0,0,1.0,1,1.0,1,1.0,1,0.13125367289001813,66
1226,3,1622,879,743,0,0,0,1.0,1,1.0,1,1.0,1,0.14624186018588148,68
1227,1,1623,880,743,0,0,0,1.0,1,1.0,1,1.0,1,0.14171410728944103,64
1228,3,1626,880,746,0,0,0,1.0,1,1.0,1,1.0,1,0.13282518936365334,62
1229,1,1627,880,747,0,0,0,1.0,1,1.0,1,1.0,1,0.11243969565338398,61
1230,0,1627,880,747,0,0,0,1.0,1,1.0,1,1.0,1,0.12092737734015907,58
1231,0,1627,880,747,0,0,0,1.0,1,1.0,1,1.0,1,0.11234468641497594,57
1232,1,1628,881,747,0,0,0,1.0,1,1.0,1,1.0,1,0.16398954961549067,53
1233,1,1629,882,747,0,0,0,1.0,1,1.0,1,1.0,1,0.17140306771970126,53
1234,1,1630,882,748,0,0,0,1.0,1,1.0,1,1.0,1,0.13616116509481907,54
1235,0,1630,882,748,0,0,0,1.0,1,1.0,1,1.0,1,0.1595918173523961,55
1236,2,1632,884,748,0,0,0,1.0,1,1.0,1,1.0,1,0.18641287905979032,55
1237,2,1634,884,750,0,0,0,1.0,1,1.0,1,1.0,1,0.16093598195992384,55
1238,1,1635,885,750,0,0,0,1.0,1,1.0,1,1.0,1,0.16382912827462043,54
1239,1,1636,885,751,0,0,0,1.0,1,1.0,1,1.0,1,0.1549433688285861,55
1240,2,1638,886,752,0,0,0,1.0,1,1.0,1,1.0,1,0.14252561375833792,55
1241,0,1638,886,752,0,0,0,1.0,1,1.0,1,1.0,1,0.12798798388427465,54
1242,0,1638,886,752,0,0,0,1.0,1,1.0,1,1.0,1,0.13173652587941334,54
1243,0,1638,886,752,0,0,0,1.0,1,1.0,1,1.0,1,0.13444281129577812,55
1244,2,1640,886,754,0,0,0,1.0,1,1.0,1,1.0,1,0.12650895860820494,55
1245,1,1641,887,754,0,0,0,1.0,1,1.0,1,1.0,1,0.1490119378826349,55
1246,2,1643,887,756,0,0,0,1.0,1,1.0,1,1.0,1,0.1510990611083392,55
1247,3,1646,888,758,0,0,0,1.0,1,1.0,1,1.0,1,0.17162317071952604,57
1248,1,1647,888,759,0,0,0,1.0,1,1.0,1,1.0,1,0.17137070409656635,56
1249,6,1653,890,763,0,0,0,1.0,1,1.0,1,1.0,1,0.20126474428349936,56
1250,1,1654,891,763,0,0,0,1.0,1,1.0,1,1.0,1,0.19231669867923154,56
1251,3,1657,891,766,0,0,0,1.0,1,1.0,1,1.0,1,0.16646051409124693,58
1252,4,1661,891,770,0,0,0,1.0,1,1.0,1,1.0,1,0.13014432618700028,58
1253,3,1664,893,771,0,0,0,1.0,1,1.0,1,1.0,1,0.14775325112895407,58
1254,0,1664,893,771,0,0,0,1.0,1,1.0,1,1.0,1,0.1232233750721014,60
1255,0,1664,893,771,0,0,0,1.0,1,1.0,1,1.0,1,0.13203175656456678,61
1256,0,1664,893,771,0,0,0,1.0,1,1.0,1,1.0,1,0.13203175656456678,61
1257,1,1665,894,771,0,0,0,1.0,1,1.0,1,1.0,1,0.15909783179726214,62
1258,3,1668,894,774,0,0,0,1.0,1,1.0,1,1.0,1,0.1468565632508958,63
1259,0,1668,894,774,0,0,0,1.0,1,1.0,1,1.0,1,0.1468565632508958,63
1260,1,1669,894,775,0,0,0,1.0,1,1.0,1,1.0,1,0.13078360939808617,63
1261,0,1669,894,775,0,0,0,1.0,1,1.0,1,1.0,1,0.13078360939808617,63
1262,2,1671,894,777,0,0,0,1.0,1,1.0,1,1.0,1,0.12309497504616622,64
1263,2,1673,895,778,0,0,0,1.0,1,1.0,1,1.0,1,0.14945588412579927,63
1264,3,1676,895,781,0,0,0,1.0,1,1.0,1,1.0,1,0.1107377294660445,63
1265,2,1678,897,781,0,0,0,1.0,1,1.0,1,1.0,1,0.1578995615363745,60
1266,1,1679,897,782,0,0,0,1.0,1,1.0,1,1.0,1,0.1531229748988915,61
1267,3,1682,898,784,0,0,0,1.0,1,1.0,1,1.0,1,0.12801848396222584,58
1268,1,1683,899,784,0,0,0,1.0,1,1.0,1,1.0,1,0.1667012517585896,54
1269,1,1684,899,785,0,0,0,1.0,1,1.0,1,1.0,1,0.1343436809440722,54
1270,1,1685,899,786,0,0,0,1.0,1,1.0,1,1.0,1,0.1100357561899193,51
1271,0,1685,899,786,0,0,0,1.0,1,1.0,1,1.0,1,0.12623497143769294,50
1272,0,1685,899,786,0,0,0,1.0,1,1.0,1,1.0,1,0.14254596268697703,47
1273,0,1685,899,786,0,0,0,1.0,1,1.0,1,1.0,1,0.14254596268697703,47
1274,1,1686,899,787,0,0,0,1.0,1,1.0,1,1.0,1,0.15295454009827641,49
1275,3,1689,901,788,0,0,0,1.0,1,1.0,1,1.0,1,0.1728404188542593,48
1276,4,1693,902,791,0,0,0,1.0,1,1.0,1,1.0,1,0.18090563642330826,49
1277,4,1697,905,792,0,0,0,1.0,1,1.0,1,1.0,1,0.1851635691067843,50
1278,1,1698,905,793,0,0,0,1.0,1,1.0,1,1.0,1,0.18250026919304616,51
1279,3,1701,905,796,0,0,0,1.0,1,1.0,1,1.0,1,0.15483509957488717,51
1280,2,1703,905,798,0,0,0,1.0,1,1.0,1,1.0,1,0.12784043692440542,52
1281,1,1704,906,798,0,0,0,1.0,1,1.0,1,1.0,1,0.13734945095041767,52
1282,1,1705,906,799,0,0,0,1.0,1,1.0,1,1.0,1,0.12996364482823142,52
1283,1,1706,907,799,0,0,0,1.0,1,1.0,1,1.0,1,0.1664857605376583,52
1284,3,1709,908,801,0,0,0,1.0,1,1.0,1,1.0,1,0.17536447927293114,52
1285,3,1712,908,804,0,0,0,1.0,1,1.0,1,1.0,1,0.17590858717147417,51
1286,1,1713,908,805,0,0,0,1.0,1,1.0,1,1.0,1,0.175755270158354,52
1287,2,1715,909,806,0,0,0,1.0,1,1.0,1,1.0,1,0.19190285999224743,54
1288,4,1719,909,810,0,0,0,1.0,1,1.0,1,1.0,1,0.1573719478156172,55
1289,2,1721,909,812,0,0,0,1.0,1,1.0,1,1.0,1,0.13072283523852127,56
1290,0,1721,909,812,0,0,0,1.0,1,1.0,1,1.0,1,0.11065933579588608,57
1291,1,1722,909,813,0,0,0,1.0,1,1.0,1,1.0,1,0.11497490433450981,58
1292,0,1722,909,813,0,0,0,1.0,1,1.0,1,1.0,1,0.10863268230470081,59
1293,1,1723,909,814,0,0,0,1.0,1,1.0,1,1.0,1,0.10156460296469334,59
1294,2,1725,910,815,0,0,0,1.0,1,1.0,1,1.0,1,0.08218669914249299,59
1295,0,1725,910,815,0,0,0,1.0,1,1.0,1,1.0,1,0.08218669914249299,59
1296,0,1725,910,815,0,0,0,1.0,1,1.0,1,1.0,1,0.11029139543955585,59
1297,1,1726,910,816,0,0,0,1.0,1,1.0,1,1.0,1,0.10523072500801764,61
1298,1,1727,910,817,0,0,0,1.0,1,1.0,1,1.0,1,0.11680584327197477,61
1299,1,1728,910,818,0,0,0,1.0,1,1.0,1,1.0,1,0.11976186821287803,60
1300,2,1730,910,820,0,0,0,1.0,1,1.0,1,1.0,1,0.10227894126162215,59
1301,3,1733,911,822,0,0,0,1.0,1,1.0,1,1.0,1,0.13117622341347948,59
1302,0,1733,911,822,0,0,0,1.0,1,1.0,1,1.0,1,0.13117622341347948,59
1303,3,1736,913,823,0,0,0,1.0,1,1.0,1,1.0,1,0.16298621852014683,55
1304,1,1737,914,823,0,0,0,1.0,1,1.0,1,1.0,1,0.13899994400429116,56
1305,1,1738,915,823,0,0,0,1.0,1,1.0,1,1.0,1,0.16650038639384013,54
1306,2,1740,916,824,0,0,0,1.0,1,1.0,1,1.0,1,0.13547045382674092,53
1307,3,1743,918,825,0,0,0,1.0,1,1.0,1,1.0,1,0.14234720787886668,52
1308,2,1745,920,825,0,0,0,1.0,1,1.0,1,1.0,1,0.20347280359166153,52
1309,6,1751,921,830,0,0,0,1.0,1,1.0,1,1.0,1,0.18135523083107039,54
1310,1,1752,922,830,0,0,0,1.0,1,1.0,1,1.0,1,0.20196440329279863,52
1311,1,1753,922,831,0,0,0,1.0,1,1.0,1,1.0,1,0.180897950623072,51
1312,2,1755,923,832,0,0,0,1.0,1,1.0,1,1.0,1,0.21378132772801922,49
1313,0,1755,923,832,0,0,0,1.0,1,1.0,1,1.0,1,0.2145594003556733,47
1314,1,1756,923,833,0,0,0,1.0,1,1.0,1,1.0,1,0.1898670371237932,46
1315,0,1756,923,833,0,0,0,1.0,1,1.0,1,1.0,1,0.20088927856711186,45
1316,1,1757,923,834,0,0,0,1.0,1,1.0,1,1.0,1,0.17827480402796164,46
1317,1,1758,923,835,0,0,0,1.0,1,1.0,1,1.0,1,0.1530278103443395,45
1318,1,1759,923,836,0,0,0,1.0,1,1.0,1,1.0,1,0.15416208542193885,46
1319,1,1760,923,837,0,0,0,1.0,1,1.0,1,1.0,1,0.14327281857113316,46
1320,0,1760,923,837,0,0,0,1.0,1,1.0,1,1.0,1,0.14327281857113316,46
1321,1,1761,923,838,0,0,0,1.0,1,1.0,1,1.0,1,0.10910541157245184,48
1322,0,1761,923,838,0,0,0,1.0,1,1.0,1,1.0,1,0.12299325039418131,49
1323,1,1762,923,839,0,0,0,1.0,1,1.0,1,1.0,1,0.11787586850986934,49
1324,1,1763,923,840,0,0,0,1.0,1,1.0,1,1.0,1,0.1225866273708239,50
1325,1,1764,923,841,0,0,0,1.0,1,1.0,1,1.0,1,0.1296968313231513,49
1326,2,1766,924,842,0,0,0,1.0,1,1.0,1,1.0,1,0.17531373345646897,50
1327,5,1771,925,846,0,0,0,1.0,1,1.0,1,1.0,1,0.15756678868265905,50
1328,0,1771,925,846,0,0,0,1.0,1,1.0,1,1.0,1,0.1756485075435082,49
1329,1,1772,925,847,0,0,0,1.0,1,1.0,1,1.0,1,0.16412834646330385,50
1330,2,1774,925,849,0,0,0,1.0,1,1.0,1,1.0,1,0.14312125056347727,50
1331,1,1775,926,849,0,0,0,1.0,1,1.0,1,1.0,1,0.1713422033534842,50
1332,0,1775,926,849,0,0,0,1.0,1,1.0,1,1.0,1,0.1650205076855644,51
1333,2,1777,926,851,0,0,0,1.0,1,1.0,1,1.0,1,0.15052417560545667,52
1334,3,1780,926,854,0,0,0,1.0,1,1.0,1,1.0,1,0.1290240180056869,54
1335,1,1781,926,855,0,0,0,1.0,1,1.0,1,1.0,1,0.1207911787658467,54
1336,1,1782,926,856,0,0,0,1.0,1,1.0,1,1.0,1,0.09985648614598848,56
1337,3,1785,928,857,0,0,0,1.0,1,1.0,1,1.0,1,0.1682304192860255,57
1338,1,1786,928,858,0,0,0,1.0,1,1.0,1,1.0,1,0.1603513205430312,57
1339,5,1791,930,861,0,0,0,1.0,1,1.0,1,1.0,1,0.18195813905429248,58
1340,1,1792,930,862,0,0,0,1.0,1,1.0,1,1.0,1,0.18639814916771524,59
1341,0,1792,930,862,0,0,0,1.0,1,1.0,1,1.0,1,0.16385281260431986,57
1342,0,1792,930,862,0,0,0,1.0,1,1.0,1,1.0,1,0.1498396209266084,57
1343,0,1792,930,862,0,0,0,1.0,1,1.0,1,1.0,1,0.13958194954231368,55
1344,0,1792,930,862,0,0,0,1.0,1,1.0,1,1.0,1,0.12804600991288767,54
1345,1,1793,930,863,0,0,0,1.0,1,1.0,1,1.0,1,0.12081940793204422,53
1346,0,1793,930,863,0,0,0,1.0,1,1.0,1,1.0,1,0.12670046959674028,53
1347,0,1793,930,863,0,0,0,1.0,1,1.0,1,1.0,1,0.13761512610412158,51
1348,1,1794,930,864,0,0,0,1.0,1,1.0,1,1.0,1,0.14632549188571453,52
1349,2,1796,932,864,0,0,0,1.0,1,1.0,1,1.0,1,0.18100640658676592,50
1350,1,1797,933,864,0,0,0,1.0,1,1.0,1,1.0,1,0.16653987985400084,51
1351,1,1798,933,865,0,0,0,1.0,1,1.0,1,1.0,1,0.16764832430747934,50
1352,2,1800,934,866,0,0,0,1.0,1,1.0,1,1.0,1,0.14414525724652597,50
1353,0,1800,934,866,0,0,0,1.0,1,1.0,1,1.0,1,0.14414525724652597,50
1354,3,1803,934,869,0,0,0,1.0,1,1.0,1,1.0,1,0.13748201449178038,51
1355,1,1804,935,869,0,0,0,1.0,1,1.0,1,1.0,1,0.10482044384017716,53
1356,2,1806,936,870,0,0,0,1.0,1,1.0,1,1.0,1,0.1369270877519176,52
1357,0,1806,936,870,0,0,0,1.0,1,1.0,1,1.0,1,0.14517393374302293,52
1358,2,1808,937,871,0,0,0,1.0,1,1.0,1,1.0,1,0.11242744151284213,53
1359,3,1811,939,872,0,0,0,1.0,1,1.0,1,1.0,1,0.1304119949970029,54
1360,1,1812,940,872,0,0,0,1.0,1,1.0,1,1.0,1,0.1247787022775884,55
1361,1,1813,941,872,0,0,0,1.0,1,1.0,1,1.0,1,0.13741702347004822,55
1362,0,1813,941,872,0,0,0,1.0,1,1.0,1,1.0,1,0.11959673343080103,56
1363,0,1813,941,872,0,0,0,1.0,1,1.0,1,1.0,1,0.11959673343080103,56
1364,1,1814,941,873,0,0,0,1.0,1,1.0,1,1.0,1,0.11120084684602849,55
1365,1,1815,941,874,0,0,0,1.0,1,1.0,1,1.0,1,0.10928855555084441,56
1366,2,1817,941,876,0,0,0,1.0,1,1.0,1,1.0,1,0.10359215632041745,57
1367,0,1817,941,876,0,0,0,1.0,1,1.0,1,1.0,1,0.10359215632041745,57
1368,1,1818,941,877,0,0,0,1.0,1,1.0,1,1.0,1,0.10861097805205508,58
1369,3,1821,943,878,0,0,0,1.0,1,1.0,1,1.0,1,0.12114232176913377,59
1370,4,1825,945,880,0,0,0,1.0,1,1.0,1,1.0,1,0.10042838296321811,60
1371,0,1825,945,880,0,0,0,1.0,1,1.0,1,1.0,1,0.09781619569441524,59
1372,3,1828,946,882,0,0,0,1.0,1,1.0,1,1.0,1,0.08161404918320103,59
1373,1,1829,947,882,0,0,0,1.0,1,1.0,1,1.0,1,0.0951861773495874,59
1374,1,1830,948,882,0,0,0,1.0,1,1.0,1,1.0,1,0.10148279624426162,59
1375,4,1834,948,886,0,0,0,1.0,1,1.0,1,1.0,1,0.0776907838177063,62
1376,2,1836,949,887,0,0,0,1.0,1,1.0,1,1.0,1,0.10237355104309312,61
1377,1,1837,949,888,0,0,0,1.0,1,1.0,1,1.0,1,0.09976987784719656,63
1378,4,1841,951,890,0,0,0,1.0,1,1.0,1,1.0,1,0.13891015306860205,62
1379,6,1847,954,893,0,0,0,1.0,1,1.0,1,1.0,1,0.17481748986323856,61
1380,0,1847,954,893,0,0,0,1.0,1,1.0,1,1.0,1,0.16676338708916122,60
1381,4,1851,955,896,0,0,0,1.0,1,1.0,1,1.0,1,0.16988586525110178,58
1382,0,1851,955,896,0,0,0,1.0,1,1.0,1,1.0,1,0.15586965166380248,56
1383,1,1852,955,897,0,0,0,1.0,1,1.0,1,1.0,1,0.14411379311812883,57
1384,3,1855,955,900,0,0,0,1.0,1,1.0,1,1.0,1,0.09551196150001733,55
1385,0,1855,955,900,0,0,0,1.0,1,1.0,1,1.0,1,0.10644440387691513,55
1386,0,1855,955,900,0,0,0,1.0,1,1.0,1,1.0,1,0.09563256273266418,54
1387,0,1855,955,900,0,0,0,1.0,1,1.0,1,1.0,1,0.10200008929030253,53
1388,3,1858,957,901,0,0,0,1.0,1,1.0,1,1.0,1,0.12255081531638169,52
1389,0,1858,957,901,0,0,0,1.0,1,1.0,1,1.0,1,0.14688771116971364,52
1390,1,1859,957,902,0,0,0,1.0,1,1.0,1,1.0,1,0.14949894715350198,51
1391,1,1860,957,903,0,0,0,1.0,1,1.0,1,1.0,1,0.15064308720217606,52
1392,0,1860,957,903,0,0,0,1.0,1,1.0,1,1.0,1,0.14041153067243142,51
1393,1,1861,958,903,0,0,0,1.0,1,1.0,1,1.0,1,0.1618408575609709,51
1394,2,1863,958,905,0,0,0,1.0,1,1.0,1,1.0,1,0.1547017036588679,52
1395,0,1863,958,905,0,0,0,1.0,1,1.0,1,1.0,1,0.1547017036588679,52
1396,1,1864,958,906,0,0,0,1.0,1,1.0,1,1.0,1,0.14172711512087244,53
1397,0,1864,958,906,0,0,0,1.0,1,1.0,1,1.0,1,0.14536744120637726,56
1398,1,1865,959,906,0,0,0,1.0,1,1.0,1,1.0,1,0.13845169036845184,56
1399,3,1868,960,908,0,0,0,1.0,1,1.0,1,1.0,1,0.124149265252139,57
1400,2,1870,962,908,0,0,0,1.0,1,1.0,1,1.0,1,0.13851002917472569,57
1401,0,1870,962,908,0,0,0,1.0,1,1.0,1,1.0,1,0.13851002917472569,57
1402,5,1875,966,909,0,0,0,1.0,1,1.0,1,1.0,1,0.18301168421011968,57
1403,3,1878,966,912,0,0,0,1.0,1,1.0,1,1.0,1,0.17194959689777717,56
1404,3,1881,968,913,0,0,0,1.0,1,1.0,1,1.0,1,0.1653191217578615,58
1405,5,1886,969,917,0,0,0,1.0,1,1.0,1,1.0,1,0.18867054368957503,58
1406,0,1886,969,917,0,0,0,1.0,1,1.0,1,1.0,1,0.18867054368957503,58
1407,0,1886,969,917,0,0,0,1.0,1,1.0,1,1.0,1,0.2089014923024192,57
1408,1,1887,969,918,0,0,0,1.0,1,1.0,1,1.0,1,0.21099251175898182,58
1409,0,1887,969,918,0,0,0,1.0,1,1.0,1,1.0,1,0.2055962576878692,57
1410,1,1888,970,918,0,0,0,1.0,1,1.0,1,1.0,1,0.2113450222989354,57
1411,0,1888,970,918,0,0,0,1.0,1,1.0,1,1.0,1,0.22729366183320784,56
1412,0,1888,970,918,0,0,0,1.0,1,1.0,1,1.0,1,0.22699269292308388,55
1413,0,1888,970,918,0,0,0,1.0,1,1.0,1,1.0,1,0.22947951647654247,57
1414,0,1888,970,918,0,0,0,1.0,1,1.0,1,1.0,1,0.22947951647654247,57
1415,1,1889,971,918,0,0,0,1.0,1,1.0,1,1.0,1,0.2474540312925641,60
1416,1,1890,971,919,0,0,0,1.0,1,1.0,1,1.0,1,0.23598770177612313,61
1417,2,1892,971,921,0,0,0,1.0,1,1.0,1,1.0,1,0.19957919400114066,59
1418,2,1894,971,923,0,0,0,1.0,1,1.0,1,1.0,1,0.18274799639610087,60
1419,2,1896,972,924,0,0,0,1.0,1,1.0,1,1.0,1,0.18538400739403638,59
1420,1,1897,972,925,0,0,0,1.0,1,1.0,1,1.0,1,0.16556495219688025,58
1421,1,1898,972,926,0,0,0,1.0,1,1.0,1,1.0,1,0.14374198493428705,57
1422,0,1898,972,926,0,0,0,1.0,1,1.0,1,1.0,1,0.14374198493428705,57
1423,1,1899,972,927,0,0,0,1.0,1,1.0,1,1.0,1,0.1215918210269837,56
1424,0,1899,972,927,0,0,0,1.0,1,1.0,1,1.0,1,0.12913078475509748,57
1425,1,1900,972,928,0,0,0,1.0,1,1.0,1,1.0,1,0.13497524875407185,54
1426,1,1901,972,929,0,0,0,1.0,1,1.0,1,1.0,1,0.1449423593232505,54
1427,1,1902,973,929,0,0,0,1.0,1,1.0,1,1.0,1,0.2015242172439354,53
1428,0,1902,973,929,0,0,0,1.0,1,1.0,1,1.0,1,0.2096828083519872,52
1429,2,1904,973,931,0,0,0,1.0,1,1.0,1,1.0,1,0.19084744804287043,52
1430,2,1906,975,931,0,0,0,1.0,1,1.0,1,1.0,1,0.21648183383251252,51
1431,0,1906,975,931,0,0,0,1.0,1,1.0,1,1.0,1,0.21634642259042644,51
1432,4,1910,977,933,0,0,0,1.0,1,1.0,1,1.0,1,0.1984296663929153,52
1433,0,1910,977,933,0,0,0,1.0,1,1.0,1,1.0,1,0.1984296663929153,52
1434,2,1912,979,933,0,0,0,1.0,1,1.0,1,1.0,1,0.20198395129357538,52
1435,1,1913,980,933,0,0,0,1.0,1,1.0,1,1.0,1,0.22801526689209142,50
1436,2,1915,981,934,0,0,0,1.0,1,1.0,1,1.0,1,0.23084362722203902,50
1437,1,1916,982,934,0,0,0,1.0,1,1.0,1,1.0,1,0.26359150729647934,49
1438,4,1920,983,937,0,0,0,1.0,1,1.0,1,1.0,1,0.23266302948411052,49
1439,1,1921,984,937,0,0,0,1.0,1,1.0,1,1.0,1,0.2529219081013673,50
1440,2,1923,986,937,0,0,0,1.0,1,1.0,1,1.0,1,0.28170054034492603,50
1441,1,1924,987,937,0,0,0,1.0,1,1.0,1,1.0,1,0.28597038599553576,51
1442,0,1924,987,937,0,0,0,1.0,1,1.0,1,1.0,1,0.2980799350145125,50
1443,1,1925,987,938,0,0,0,1.0,1,1.0,1,1.0,1,0.2815140475592869,51
1444,3,1928,987,941,0,0,0,1.0,1,1.0,1,1.0,1,0.23965598675455685,51
1445,4,1932,988,944,0,0,0,1.0,1,1.0,1,1.0,1,0.2465244751578612,51
1446,3,1935,989,946,0,0,0,1.0,1,1.0,1,1.0,1,0.21685079082736564,51
1447,2,1937,989,948,0,0,0,1.0,1,1.0,1,1.0,1,0.1916025335227619,51
1448,4,1941,990,951,0,0,0,1.0,1,1.0,1,1.0,1,0.13321742194488306,51
1449,0,1941,990,951,0,0,0,1.0,1,1.0,1,1.0,1,0.13321742194488306,51
1450,3,1944,990,954,0,0,0,1.0,1,1.0,1,1.0,1,0.0991997997937211,52
1451,1,1945,991,954,0,0,0,1.0,1,1.0,1,1.0,1,0.10085249677105473,54
1452,2,1947,991,956,0,0,0,1.0,1,1.0,1,1.0,1,0.10799442624763288,56
1453,5,1952,993,959,0,0,0,1.0,1,1.0,1,1.0,1,0.12211210392892795,56
1454,1,1953,993,960,0,0,0,1.0,1,1.0,1,1.0,1,0.1371981736922077,58
1455,4,1957,995,962,0,0,0,1.0,1,1.0,1,1.0,1,0.1536388690155772,55
1456,3,1960,995,965,0,0,0,1.0,1,1.0,1,1.0,1,0.13907751349739073,56
1457,2,1962,996,966,0,0,0,1.0,1,1.0,1,1.0,1,0.17058609536297195,54
1458,2,1964,997,967,0,0,0,1.0,1,1.0,1,1.0,1,0.1648525145459367,52
1459,1,1965,997,968,0,0,0,1.0,1,1.0,1,1.0,1,0.1612261139859112,52
1460,1,1966,997,969,0,0,0,1.0,1,1.0,1,1.0,1,0.12956543002161297,50
1461,1,1967,998,969,0,0,0,1.0,1,1.0,1,1.0,1,0.15206601653718346,53
1462,2,1969,999,970,0,0,0,1.0,1,1.0,1,1.0,1,0.1548329841160001,51
1463,0,1969,999,970,0,0,0,1.0,1,1.0,1,1.0,1,0.16611473919945466,51
1464,0,1969,999,970,0,0,0,1.0,1,1.0,1,1.0,1,0.16611473919945466,51
1465,2,1971,999,972,0,0,0,1.0,1,1.0,1,1.0,1,0.12781349415698645,49
1466,2,1973,1000,973,0,0,0,1.0,1,1.0,1,1.0,1,0.14451378874875617,49
1467,1,1974,1001,973,0,0,0,1.0,1,1.0,1,1.0,1,0.18829813567938733,47
1468,2,1976,1002,974,0,0,0,1.0,1,1.0,1,1.0,1,0.20602364278438415,48
1469,1,1977,1003,974,0,0,0,1.0,1,1.0,1,1.0,1,0.2381884465849719,47
1470,1,1978,1003,975,0,0,0,1.0,1,1.0,1,1.0,1,0.21833334488143485,49
1471,1,1979,1003,976,0,0,0,1.0,1,1.0,1,1.0,1,0.23425127911986965,48
1472,0,1979,1003,976,0,0,0,1.0,1,1.0,1,1.0,1,0.2263125515885625,48
1473,0,1979,1003,976,0,0,0,1.0,1,1.0,1,1.0,1,0.2346383847619097,49
1474,1,1980,1003,977,0,0,0,1.0,1,1.0,1,1.0,1,0.22143174016193584,49
1475,0,1980,1003,977,0,0,0,1.0,1,1.0,1,1.0,1,0.22143174016193584,49
1476,1,1981,1003,978,0,0,0,1.0,1,1.0,1,1.0,1,0.21244394566932637,51
1477,0,1981,1003,978,0,0,0,1.0,1,1.0,1,1.0,1,0.21244394566932637,51
1478,2,1983,1003,980,0,0,0,1.0,1,1.0,1,1.0,1,0.1762630307916976,52
1479,2,1985,1003,982,0,0,0,1.0,1,1.0,1,1.0,1,0.16473216831550566,53
1480,4,1989,1004,985,0,0,0,1.0,1,1.0,1,1.0,1,0.15637540122996987,53
1481,1,1990,1004,986,0,0,0,1.0,1,1.0,1,1.0,1,0.1464821772847329,53
1482,1,1991,1005,986,0,0,0,1.0,1,1.0,1,1.0,1,0.18685989914898346,52
1483,1,1992,1005,987,0,0,0,1.0,1,1.0,1,1.0,1,0.17587887437356708,52
1484,2,1994,1005,989,0,0,0,1.0,1,1.0,1,1.0,1,0.18516011788271097,53
1485,2,1996,1005,991,0,0,0,1.0,1,1.0,1,1.0,1,0.16728874782954906,53
1486,5,2001,1005,996,0,0,0,1.0,1,1.0,1,1.0,1,0.15420380225597013,54
1487,1,2002,1005,997,0,0,0,1.0,1,1.0,1,1.0,1,0.15234166125271728,55
1488,1,2003,1005,998,0,0,0,1.0,1,1.0,1,1.0,1,0.15322965088344145,57
1489,2,2005,1005,1000,0,0,0,1.0,1,1.0,1,1.0,1,0.1269456275173916,58
1490,0,2005,1005,1000,0,0,0,1.0,1,1.0,1,1.0,1,0.1269456275173916,58
1491,1,2006,1006,1000,0,0,0,1.0,1,1.0,1,1.0,1,0.15399601243118358,59
1492,2,2008,1006,1002,0,0,0,1.0,1,1.0,1,1.0,1,0.130889658356411,59
1493,1,2009,1007,1002,0,0,0,1.0,1,1.0,1,1.0,1,0.13264495534828175,58
1494,1,2010,1008,1002,0,0,0,1.0,1,1.0,1,1.0,1,0.16243881207257818,58
1495,1,2011,1009,1002,0,0,0,1.0,1,1.0,1,1.0,1,0.17784347348275498,57
1496,0,2011,1009,1002,0,0,0,1.0,1,1.0,1,1.0,1,0.1695740106842065,59
1497,1,2012,1010,1002,0,0,0,1.0,1,1.0,1,1.0,1,0.185941214154335,58
1498,3,2015,1011,1004,0,0,0,1.0,1,1.0,1,1.0,1,0.18351618539374376,58
1499,0,2015,1011,1004,0,0,0,1.0,1,1.0,1,1.0,1,0.1649407326253285,56
1500,1,2016,1011,1005,0,0,0,1.0,1,1.0,1,1.0,1,0.16642788970630124,57
1501,0,2016,1011,1005,0,0,0,1.0,1,1.0,1,1.0,1,0.15499400268242947,55
1502,0,2016,1011,1005,0,0,0,1.0,1,1.0,1,1.0,1,0.15515525923073703,55
1503,1,2017,1012,1005,0,0,0,1.0,1,1.0,1,1.0,1,0.18725270047834716,54
1504,2,2019,1012,1007,0,0,0,1.0,1,1.0,1,1.0,1,0.12358204994045548,55
1505,1,2020,1012,1008,0,0,0,1.0,1,1.0,1,1.0,1,0.12887730869640443,53
1506,0,2020,1012,1008,0,0,0,1.0,1,1.0,1,1.0,1,0.1450013695041886,55
1507,3,2023,1012,1011,0,0,0,1.0,1,1.0,1,1.0,1,0.13634325140844725,53
1508,1,2024,1012,1012,0,0,0,1.0,1,1.0,1,1.0,1,0.12452038816132636,53
1509,0,2024,1012,1012,0,0,0,1.0,1,1.0,1,1.0,1,0.1608314683518196,52
1510,2,2026,1012,1014,0,0,0,1.0,1,1.0,1,1.0,1,0.16463530826684333,50
1511,0,2026,1012,1014,0,0,0,1.0,1,1.0,1,1.0,1,0.17380394467506338,49
1512,2,2028,1014,1014,0,0,0,1.0,1,1.0,1,1.0,1,0.23082628885383127,48
1513,1,2029,1014,1015,0,0,0,1.0,1,1.0,1,1.0,1,0.2599145357009122,47
1514,2,2031,1014,1017,0,0,0,1.0,1,1.0,1,1.0,1,0.2196514234301519,48
1515,1,2032,1014,1018,0,0,0,1.0,1,1.0,1,1.0,1,0.2117182662012,48
1516,3,2035,1014,1021,0,0,0,1.0,1,1.0,1,1.0,1,0.1875321189700761,47
1517,2,2037,1014,1023,0,0,0,1.0,1,1.0,1,1.0,1,0.17957953658624398,48
1518,1,2038,1014,1024,0,0,0,1.0,1,1.0,1,1.0,1,0.16761016837782583,48
1519,2,2040,1014,1026,0,0,0,1.0,1,1.0,1,1.0,1,0.15758956767727453,47
1520,0,2040,1014,1026,0,0,0,1.0,1,1.0,1,1.0,1,0.1666826298234754,48
1521,0,2040,1014,1026,0,0,0,1.0,1,1.0,1,1.0,1,0.1589640231436347,49
1522,1,2041,1014,1027,0,0,0,1.0,1,1.0,1,1.0,1,0.14834921441594656,48
1523,1,2042,1014,1028,0,0,0,1.0,1,1.0,1,1.0,1,0.14976559408696702,49
1524,1,2043,1015,1028,0,0,0,1.0,1,1.0,1,1.0,1,0.16879904229380352,49
1525,0,2043,1015,1028,0,0,0,1.0,1,1.0,1,1.0,1,0.17329852504108248,51
1526,0,2043,1015,1028,0,0,0,1.0,1,1.0,1,1.0,1,0.15445008740126798,52
1527,1,2044,1015,1029,0,0,0,1.0,1,1.0,1,1.0,1,0.14807454991679048,54
1528,1,2045,1015,1030,0,0,0,1.0,1,1.0,1,1.0,1,0.1263472568815404,54
1529,0,2045,1015,1030,0,0,0,1.0,1,1.0,1,1.0,1,0.1263472568815404,54
1530,1,2046,1016,1030,0,0,0,1.0,1,1.0,1,1.0,1,0.15388486906578028,54
1531,2,2048,1016,1032,0,0,0,1.0,1,1.0,1,1.0,1,0.11419313984175351,54
1532,2,2050,1017,1033,0,0,0,1.0,1,1.0,1,1.0,1,0.08856938521208176,54
1533,0,2050,1017,1033,0,0,0,1.0,1,1.0,1,1.0,1,0.09221554597192741,54
1534,1,2051,1017,1034,0,0,0,1.0,1,1.0,1,1.0,1,0.06995419539987849,54
1535,0,2051,1017,1034,0,0,0,1.0,1,1.0,1,1.0,1,0.06995419539987849,54
1536,0,2051,1017,1034,0,0,0,1.0,1,1.0,1,1.0,1,0.0799791926598756,55
1537,0,2051,1017,1034,0,0,0,1.0,1,1.0,1,1.0,1,0.08825182854203803,53
1538,1,2052,1017,1035,0,0,0,1.0,1,1.0,1,1.0,1,0.09038474873617511,54
1539,0,2052,1017,1035,0,0,0,1.0,1,1.0,1,1.0,1,0.11184386397795401,54
1540,2,2054,1018,1036,0,0,0,1.0,1,1.0,1,1.0,1,0.10801664961830588,54
1541,1,2055,1018,1037,0,0,0,1.0,1,1.0,1,1.0,1,0.09535187099483691,54
1542,3,2058,1019,1039,0,0,0,1.0,1,1.0,1,1.0,1,0.09027614968479321,57
1543,2,2060,1020,1040,0,0,0,1.0,1,1.0,1,1.0,1,0.11738760407668021,55
1544,4,2064,1022,1042,0,0,0,1.0,1,1.0,1,1.0,1,0.1139627832360314,54
1545,1,2065,1022,1043,0,0,0,1.0,1,1.0,1,1.0,1,0.12052742898354593,54
1546,3,2068,1024,1044,0,0,0,1.0,1,1.0,1,1.0,1,0.10116965930939802,53
1547,2,2070,1026,1044,0,0,0,1.0,1,1.0,1,1.0,1,0.08492539015248575,53
1548,3,2073,1029,1044,0,0,0,1.0,1,1.0,1,1.0,1,0.08907584954394603,54
1549,5,2078,1031,1047,0,0,0,1.0,1,1.0,1,1.0,1,0.08631521892969095,52
1550,3,2081,1034,1047,0,0,0,1.0,1,1.0,1,1.0,1,0.11307547822568352,52
1551,3,2084,1036,1048,0,0,0,1.0,1,1.0,1,1.0,1,0.13179798975892948,52
1552,4,2088,1037,1051,0,0,0,1.0,1,1.0,1,1.0,1,0.13080351126271533,51
1553,2,2090,1037,1053,0,0,0,1.0,1,1.0,1,1.0,1,0.15049223216081462,51
1554,4,2094,1039,1055,0,0,0,1.0,1,1.0,1,1.0,1,0.0988918243738184,51
1555,2,2096,1040,1056,0,0,0,1.0,1,1.0,1,1.0,1,0.11703913619676803,50
1556,2,2098,1042,1056,0,0,0,1.0,1,1.0,1,1.0,1,0.11052989863116093,51
1557,2,2100,1044,1056,0,0,0,1.0,1,1.0,1,1.0,1,0.1206388427607061,51
1558,2,2102,1044,1058,0,0,0,1.0,1,1.0,1,1.0,1,0.09864031305420312,52
1559,0,2102,1044,1058,0,0,0,1.0,1,1.0,1,1.0,1,0.08277248927328879,53
1560,2,2104,1046,1058,0,0,0,1.0,1,1.0,1,1.0,1,0.1023121073268219,51
1561,1,2105,1047,1058,0,0,0,1.0,1,1.0,1,1.0,1,0.12376153047627886,51
1562,1,2106,1047,1059,0,0,0,1.0,1,1.0,1,1.0,1,0.11632505379352116,52
1563,0,2106,1047,1059,0,0,0,1.0,1,1.0,1,1.0,1,0.11632505379352116,52
1564,0,2106,1047,1059,0,0,0,1.0,1,1.0,1,1.0,1,0.1014284962162795,51
1565,1,2107,1047,1060,0,0,0,1.0,1,1.0,1,1.0,1,0.0974983333885462,53
1566,1,2108,1047,1061,0,0,0,1.0,1,1.0,1,1.0,1,0.08348780721760711,53
1567,2,2110,1048,1062,0,0,0,1.0,1,1.0,1,1.0,1,0.05810087869829932,52
1568,2,2112,1049,1063,0,0,0,1.0,1,1.0,1,1.0,1,0.06587714858549504,52
1569,2,2114,1050,1064,0,0,0,1.0,1,1.0,1,1.0,1,0.08229623415701315,49
1570,3,2117,1051,1066,0,0,0,1.0,1,1.0,1,1.0,1,0.0652488581467641,48
1571,1,2118,1052,1066,0,0,0,1.0,1,1.0,1,1.0,1,0.09510733397812254,46
1572,4,2122,1055,1067,0,0,0,1.0,1,1.0,1,1.0,1,0.07436413095269091,47
1573,2,2124,1056,1068,0,0,0,1.0,1,1.0,1,1.0,1,0.07783138790644187,48
1574,2,2126,1058,1068,0,0,0,1.0,1,1.0,1,1.0,1,0.07061917157341888,46
1575,1,2127,1059,1068,0,0,0,1.0,1,1.0,1,1.0,1,0.09707140884778398,47
1576,2,2129,1061,1068,0,0,0,1.0,1,1.0,1,1.0,1,0.07756898284072378,46
1577,0,2129,1061,1068,0,0,0,1.0,1,1.0,1,1.0,1,0.06417085441258383,45
1578,1,2130,1062,1068,0,0,0,1.0,1,1.0,1,1.0,1,0.05761568656593319,44
1579,0,2130,1062,1068,0,0,0,1.0,1,1.0,1,1.0,1,0.055874015219510444,43
1580,0,2130,1062,1068,0,0,0,1.0,1,1.0,1,1.0,1,0.055874015219510444,43
1581,1,2131,1062,1069,0,0,0,1.0,1,1.0,1,1.0,1,0.07420420115571508,42
1582,0,2131,1062,1069,0,0,0,1.0,1,1.0,1,1.0,1,0.07420420115571508,42
1583,0,2131,1062,1069,0,0,0,1.0,1,1.0,1,1.0,1,0.06511456833438405,43
1584,1,2132,1062,1070,0,0,0,1.0,1,1.0,1,1.0,1,0.05522807888704547,41
1585,4,2136,1066,1070,0,0,0,1.0,1,1.0,1,1.0,1,0.09107833096344843,43
1586,2,2138,1067,1071,0,0,0,1.0,1,1.0,1,1.0,1,0.10154421398381829,42
1587,2,2140,1068,1072,0,0,0,1.0,1,1.0,1,1.0,1,0.15825477806440327,42
1588,3,2143,1070,1073,0,0,0,1.0,1,1.0,1,1.0,1,0.1771907769204791,42
1589,1,2144,1071,1073,0,0,0,1.0,1,1.0,1,1.0,1,0.14096529175407577,42
1590,1,2145,1071,1074,0,0,0,1.0,1,1.0,1,1.0,1,0.19558143598549446,41
1591,3,2148,1072,1076,0,0,0,1.0,1,1.0,1,1.0,1,0.1384077372506803,40
1592,1,2149,1072,1077,0,0,0,1.0,1,1.0,1,1.0,1,0.1558751552154592,39
1593,0,2149,1072,1077,0,0,0,1.0,1,1.0,1,1.0,1,0.15965821095095506,39
1594,3,2152,1072,1080,0,0,0,1.0,1,1.0,1,1.0,1,0.1489160410519487,39
1595,2,2154,1072,1082,0,0,0,1.0,1,1.0,1,1.0,1,0.11235268925807514,42
1596,1,2155,1072,1083,0,0,0,1.0,1,1.0,1,1.0,1,0.13159070814606227,41
1597,1,2156,1072,1084,0,0,0,1.0,1,1.0,1,1.0,1,0.12366521886237146,41
1598,0,2156,1072,1084,0,0,0,1.0,1,1.0,1,1.0,1,0.16349924178297714,39
1599,2,2158,1074,1084,0,0,0,1.0,1,1.0,1,1.0,1,0.166583715923191,39
1600,3,2161,1074,1087,0,0,0,1.0,1,1.0,1,1.0,1,0.1214662778043449,40
1601,2,2163,1076,1087,0,0,0,1.0,1,1.0,1,1.0,1,0.16395122296110076,41
1602,0,2163,1076,1087,0,0,0,1.0,1,1.0,1,1.0,1,0.14482251848123895,41
1603,3,2166,1077,1089,0,0,0,1.0,1,1.0,1,1.0,1,0.12338814411406498,43
1604,2,2168,1078,1090,0,0,0,1.0,1,1.0,1,1.0,1,0.1220369246651765,43
1605,2,2170,1079,1091,0,0,0,1.0,1,1.0,1,1.0,1,0.1313578306894577,44
1606,2,2172,1080,1092,0,0,0,1.0,1,1.0,1,1.0,1,0.12888887457967974,44
1607,1,2173,1081,1092,0,0,0,1.0,1,1.0,1,1.0,1,0.10728422868696127,42
1608,0,2173,1081,1092,0,0,0,1.0,1,1.0,1,1.0,1,0.11133817792557711,41
1609,0,2173,1081,1092,0,0,0,1.0,1,1.0,1,1.0,1,0.0691900167021822,39
1610,0,2173,1081,1092,0,0,0,1.0,1,1.0,1,1.0,1,0.024401943615690057,39
1611,0,2173,1081,1092,0,0,0,1.0,1,1.0,1,1.0,1,0.04003127765553917,40
1612,0,2173,1081,1092,0,0,0,1.0,1,1.0,1,1.0,1,0.03630079143045043,39
1613,0,2173,1081,1092,0,0,0,1.0,1,1.0,1,1.0,1,0.031789650373791084,41
1614,2,2175,1083,1092,0,0,0,1.0,1,1.0,1,1.0,1,0.03613242396180439,41
1615,1,2176,1084,1092,0,0,0,1.0,1,1.0,1,1.0,1,0.047886497328359236,41
1616,1,2177,1085,1092,0,0,0,1.0,1,1.0,1,1.0,1,0.04429815330346227,43
1617,1,2178,1086,1092,0,0,0,1.0,1,1.0,1,1.0,1,0.07734765626446019,44
1618,0,2178,1086,1092,0,0,0,1.0,1,1.0,1,1.0,1,0.07734765626446019,44
1619,2,2180,1088,1092,0,0,0,1.0,1,1.0,1,1.0,1,0.12775185607502118,44
1620,2,2182,1088,1094,0,0,0,1.0,1,1.0,1,1.0,1,0.12178582296111902,45
1621,1,2183,1088,1095,0,0,0,1.0,1,1.0,1,1.0,1,0.10470200364696654,44
1622,2,2185,1090,1095,0,0,0,1.0,1,1.0,1,1.0,1,0.12826672829856064,44
1623,1,2186,1091,1095,0,0,0,1.0,1,1.0,1,1.0,1,0.14414446616620333,43
1624,2,2188,1092,1096,0,0,0,1.0,1,1.0,1,1.0,1,0.11556595870781493,43
1625,1,2189,1093,1096,0,0,0,1.0,1,1.0,1,1.0,1,0.12320162751605031,43
1626,1,2190,1093,1097,0,0,0,1.0,1,1.0,1,1.0,1,0.11996993527616448,42
1627,2,2192,1094,1098,0,0,0,1.0,1,1.0,1,1.0,1,0.1017445424736288,42
1628,0,2192,1094,1098,0,0,0,1.0,1,1.0,1,1.0,1,0.1159772215622364,42
1629,1,2193,1095,1098,0,0,0,1.0,1,1.0,1,1.0,1,0.1182947209808741,41
1630,2,2195,1096,1099,0,0,0,1.0,1,1.0,1,1.0,1,0.10150814963102099,41
1631,0,2195,1096,1099,0,0,0,1.0,1,1.0,1,1.0,1,0.12656642306723767,40
1632,0,2195,1096,1099,0,0,0,1.0,1,1.0,1,1.0,1,0.13381437815687555,39
1633,1,2196,1096,1100,0,0,0,1.0,1,1.0,1,1.0,1,0.1186436055608947,39
1634,0,2196,1096,1100,0,0,0,1.0,1,1.0,1,1.0,1,0.1186436055608947,39
1635,1,2197,1096,1101,0,0,0,1.0,1,1.0,1,1.0,1,0.11465098871479634,40
1636,1,2198,1096,1102,0,0,0,1.0,1,1.0,1,1.0,1,0.11990415139156839,41
1637,1,2199,1096,1103,0,0,0,1.0,1,1.0,1,1.0,1,0.123716079363209,41
1638,2,2201,1097,1104,0,0,0,1.0,1,1.0,1,1.0,1,0.1350793976562577,42
1639,2,2203,1098,1105,0,0,0,1.0,1,1.0,1,1.0,1,0.10129531399614235,43
1640,2,2205,1100,1105,0,0,0,1.0,1,1.0,1,1.0,1,0.06561595229969293,43
1641,1,2206,1101,1105,0,0,0,1.0,1,1.0,1,1.0,1,0.05100798325962506,44
1642,6,2212,1105,1107,0,0,0,1.0,1,1.0,1,1.0,1,0.09820849368523643,45
1643,1,2213,1106,1107,0,0,0,1.0,1,1.0,1,1.0,1,0.1275593825073199,44
1644,2,2215,1107,1108,0,0,0,1.0,1,1.0,1,1.0,1,0.10920648145065841,45
1645,0,2215,1107,1108,0,0,0,1.0,1,1.0,1,1.0,1,0.09607340556538674,44
1646,1,2216,1107,1109,0,0,0,1.0,1,1.0,1,1.0,1,0.06705502821196156,43
1647,1,2217,1108,1109,0,0,0,1.0,1,1.0,1,1.0,1,0.1065965421713783,43
1648,0,2217,1108,1109,0,0,0,1.0,1,1.0,1,1.0,1,0.12738723247701272,42
1649,0,2217,1108,1109,0,0,0,1.0,1,1.0,1,1.0,1,0.153113270509203,41
1650,0,2217,1108,1109,0,0,0,1.0,1,1.0,1,1.0,1,0.153113270509203,41
1651,1,2218,1108,1110,0,0,0,1.0,1,1.0,1,1.0,1,0.1187953342336026,40
1652,1,2219,1108,1111,0,0,0,1.0,1,1.0,1,1.0,1,0.07689309486679244,39
1653,1,2220,1108,1112,0,0,0,1.0,1,1.0,1,1.0,1,0.08021638649640259,39
1654,1,2221,1108,1113,0,0,0,1.0,1,1.0,1,1.0,1,0.03550171621601029,39
1655,2,2223,1110,1113,0,0,0,1.0,1,1.0,1,1.0,1,0.07979393949939426,40
1656,1,2224,1111,1113,0,0,0,1.0,1,1.0,1,1.0,1,0.1258806825892799,40
1657,1,2225,1112,1113,0,0,0,1.0,1,1.0,1,1.0,1,0.11538396348562724,40
1658,1,2226,1113,1113,0,0,0,1.0,1,1.0,1,1.0,1,0.10889830725309804,40
1659,3,2229,1116,1113,0,0,0,1.0,1,1.0,1,1.0,1,0.18124760320938824,40
1660,5,2234,1118,1116,0,0,0,1.0,1,1.0,1,1.0,1,0.07200708106306719,41
1661,3,2237,1119,1118,0,0,0,1.0,1,1.0,1,1.0,1,0.06785073872117822,42
1662,1,2238,1120,1118,0,0,0,1.0,1,1.0,1,1.0,1,0.02041491685375778,44
1663,1,2239,1121,1118,0,0,0,1.0,1,1.0,1,1.0,1,0.06969133088693338,43
1664,1,2240,1122,1118,0,0,0,1.0,1,1.0,1,1.0,1,0.058807239320099174,42
1665,1,2241,1123,1118,0,0,0,1.0,1,1.0,1,1.0,1,0.0848844794858825,42
1666,3,2244,1126,1118,0,0,0,1.0,1,1.0,1,1.0,1,0.051488603928079565,43
1667,2,2246,1128,1118,0,0,0,1.0,1,1.0,1,1.0,1,0.0659066994303784,40
1668,0,2246,1128,1118,0,0,0,1.0,1,1.0,1,1.0,1,0.0740619740595411,40
1669,3,2249,1131,1118,0,0,0,1.0,1,1.0,1,1.0,1,0.08899005028231295,40
1670,1,2250,1132,1118,0,0,0,1.0,1,1.0,1,1.0,1,0.10076475384446648,39
1671,1,2251,1133,1118,0,0,0,1.0,1,1.0,1,1.0,1,0.11626261078709287,39
1672,2,2253,1135,1118,0,0,0,1.0,1,1.0,1,1.0,1,0.1594908234578741,38
1673,2,2255,1137,1118,0,0,0,1.0,1,1.0,1,1.0,1,0.1877964048739457,38
1674,2,2257,1138,1119,0,0,0,1.0,1,1.0,1,1.0,1,0.17308582382977605,38
1675,0,2257,1138,1119,0,0,0,1.0,1,1.0,1,1.0,1,0.151619888123614,39
1676,1,2258,1138,1120,0,0,0,1.0,1,1.0,1,1.0,1,0.1565388462276758,39
1677,0,2258,1138,1120,0,0,0,1.0,1,1.0,1,1.0,1,0.13932709443313024,40
1678,1,2259,1139,1120,0,0,0,1.0,1,1.0,1,1.0,1,0.17994832298883606,39
1679,0,2259,1139,1120,0,0,0,1.0,1,1.0,1,1.0,1,0.17994832298883606,39
1680,0,2259,1139,1120,0,0,0,1.0,1,1.0,1,1.0,1,0.1822003385349831,40
1681,1,2260,1140,1120,0,0,0,1.0,1,1.0,1,1.0,1,0.16818391843506408,41
1682,2,2262,1140,1122,0,0,0,1.0,1,1.0,1,1.0,1,0.12038222995420968,40
1683,5,2267,1144,1123,0,0,0,1.0,1,1.0,1,1.0,1,0.13442373249707407,43
1684,1,2268,1145,1123,0,0,0,1.0,1,1.0,1,1.0,1,0.1728737915398043,42
1685,3,2271,1147,1124,0,0,0,1.0,1,1.0,1,1.0,1,0.13314596254540986,41
1686,1,2272,1147,1125,0,0,0,1.0,1,1.0,1,1.0,1,0.1127996748439575,39
1687,6,2278,1151,1127,0,0,0,1.0,1,1.0,1,1.0,1,0.1266521553860619,41
1688,0,2278,1151,1127,0,0,0,1.0,1,1.0,1,1.0,1,0.11520722268077374,39
1689,3,2281,1154,1127,0,0,0,1.0,1,1.0,1,1.0,1,0.10369555778169945,37
1690,2,2283,1154,1129,0,0,0,1.0,1,1.0,1,1.0,1,0.08221913845027787,36
1691,1,2284,1155,1129,0,0,0,1.0,1,1.0,1,1.0,1,0.11504209475417942,36
1692,0,2284,1155,1129,0,0,0,1.0,1,1.0,1,1.0,1,0.11369089923092802,34
1693,1,2285,1156,1129,0,0,0,1.0,1,1.0,1,1.0,1,0.08493305056684165,33
1694,0,2285,1156,1129,0,0,0,1.0,1,1.0,1,1.0,1,0.12125196872629801,32
1695,0,2285,1156,1129,0,0,0,1.0,1,1.0,1,1.0,1,0.11368862983777887,32
1696,2,2287,1157,1130,0,0,0,1.0,1,1.0,1,1.0,1,0.12379558599088249,34
1697,1,2288,1158,1130,0,0,0,1.0,1,1.0,1,1.0,1,0.15729670545292407,34
1698,3,2291,1160,1131,0,0,0,1.0,1,1.0,1,1.0,1,0.16812598089302613,36
1699,3,2294,1162,1132,0,0,0,1.0,1,1.0,1,1.0,1,0.17357362438612933,36
1700,0,2294,1162,1132,0,0,0,1.0,1,1.0,1,1.0,1,0.1762415269541791,37
1701,1,2295,1162,1133,0,0,0,1.0,1,1.0,1,1.0,1,0.16975872171289766,39
1702,1,2296,1162,1134,0,0,0,1.0,1,1.0,1,1.0,1,0.1436648809200569,39
1703,1,2297,1163,1134,0,0,0,1.0,1,1.0,1,1.0,1,0.1548553732708648,38
1704,0,2297,1163,1134,0,0,0,1.0,1,1.0,1,1.0,1,0.11849067683164757,38
1705,3,2300,1165,1135,0,0,0,1.0,1,1.0,1,1.0,1,0.1263653353585539,37
1706,3,2303,1166,1137,0,0,0,1.0,1,1.0,1,1.0,1,0.08277337257438824,37
1707,1,2304,1167,1137,0,0,0,1.0,1,1.0,1,1.0,1,0.11742401502841042,36
1708,2,2306,1167,1139,0,0,0,1.0,1,1.0,1,1.0,1,0.11324975916920155,34
1709,1,2307,1167,1140,0,0,0,1.0,1,1.0,1,1.0,1,0.07356770056290965,34
1710,4,2311,1170,1141,0,0,0,1.0,1,1.0,1,1.0,1,0.20942237907700822,33
1711,1,2312,1170,1142,0,0,0,1.0,1,1.0,1,1.0,1,0.16019009529303,32
1712,1,2313,1171,1142,0,0,0,1.0,1,1.0,1,1.0,1,0.20527649069555312,31
1713,0,2313,1171,1142,0,0,0,1.0,1,1.0,1,1.0,1,0.2069877269023932,32
1714,1,2314,1171,1143,0,0,0,1.0,1,1.0,1,1.0,1,0.19099750789767134,32
1715,0,2314,1171,1143,0,0,0,1.0,1,1.0,1,1.0,1,0.19099750789767134,32
1716,3,2317,1172,1145,0,0,0,1.0,1,1.0,1,1.0,1,0.12748579901553542,34
1717,1,2318,1172,1146,0,0,0,1.0,1,1.0,1,1.0,1,0.08986817394118887,34
1718,1,2319,1172,1147,0,0,0,1.0,1,1.0,1,1.0,1,0.10223537626812598,34
1719,1,2320,1173,1147,0,0,0,1.0,1,1.0,1,1.0,1,0.147505811147926,34
1720,2,2322,1174,1148,0,0,0,1.0,1,1.0,1,1.0,1,0.14892755007992994,34
1721,3,2325,1175,1150,0,0,0,1.0,1,1.0,1,1.0,1,0.14644575113983685,35
1722,0,2325,1175,1150,0,0,0,1.0,1,1.0,1,1.0,1,0.12127440414255979,35
1723,0,2325,1175,1150,0,0,0,1.0,1,1.0,1,1.0,1,0.10408316280311858,34
1724,0,2325,1175,1150,0,0,0,1.0,1,1.0,1,1.0,1,0.11011321534801037,33
1725,1,2326,1176,1150,0,0,0,1.0,1,1.0,1,1.0,1,0.0846265828754513,35
1726,2,2328,1176,1152,0,0,0,1.0,1,1.0,1,1.0,1,0.06822122723561885,34
1727,0,2328,1176,1152,0,0,0,1.0,1,1.0,1,1.0,1,0.06822122723561885,34
1728,1,2329,1177,1152,0,0,0,1.0,1,1.0,1,1.0,1,0.053283339239467195,35
1729,1,2330,1178,1152,0,0,0,1.0,1,1.0,1,1.0,1,0.06095429828503595,35
1730,0,2330,1178,1152,0,0,0,1.0,1,1.0,1,1.0,1,0.06095429828503595,35
1731,1,2331,1179,1152,0,0,0,1.0,1,1.0,1,1.0,1,0.1366730095714134,35
1732,1,2332,1179,1153,0,0,0,1.0,1,1.0,1,1.0,1,0.10593984076303077,35
1733,0,2332,1179,1153,0,0,0,1.0,1,1.0,1,1.0,1,0.12075056364319299,33
1734,1,2333,1180,1153,0,0,0,1.0,1,1.0,1,1.0,1,0.12652990518451784,34
1735,0,2333,1180,1153,0,0,0,1.0,1,1.0,1,1.0,1,0.155309711821129,33
1736,3,2336,1183,1153,0,0,0,1.0,1,1.0,1,1.0,1,0.18034092093982543,33
1737,1,2337,1183,1154,0,0,0,1.0,1,1.0,1,1.0,1,0.15531868859139708,35
1738,2,2339,1184,1155,0,0,0,1.0,1,1.0,1,1.0,1,0.11464801877653041,36
1739,3,2342,1186,1156,0,0,0,1.0,1,1.0,1,1.0,1,0.08608741167856426,36
1740,1,2343,1187,1156,0,0,0,1.0,1,1.0,1,1.0,1,0.09008078039511917,37
1741,0,2343,1187,1156,0,0,0,1.0,1,1.0,1,1.0,1,0.09740410239429118,36
1742,0,2343,1187,1156,0,0,0,1.0,1,1.0,1,1.0,1,0.09740410239429118,36
1743,3,2346,1189,1157,0,0,0,1.0,1,1.0,1,1.0,1,0.13173009384894885,37
1744,2,2348,1189,1159,0,0,0,1.0,1,1.0,1,1.0,1,0.10560428758846413,37
1745,4,2352,1193,1159,0,0,0,1.0,1,1.0,1,1.0,1,0.22864785727908793,38
1746,3,2355,1193,1162,0,0,0,1.0,1,1.0,1,1.0,1,0.18976560687919675,38
1747,4,2359,1194,1165,0,0,0,1.0,1,1.0,1,1.0,1,0.1790370238194986,37
1748,1,2360,1194,1166,0,0,0,1.0,1,1.0,1,1.0,1,0.17075040222921656,38
1749,0,2360,1194,1166,0,0,0,1.0,1,1.0,1,1.0,1,0.17075040222921656,38
1750,1,2361,1194,1167,0,0,0,1.0,1,1.0,1,1.0,1,0.17749678295085436,39
1751,0,2361,1194,1167,0,0,0,1.0,1,1.0,1,1.0,1,0.16997432431994938,41
1752,1,2362,1195,1167,0,0,0,1.0,1,1.0,1,1.0,1,0.1603258615845342,41
1753,1,2363,1195,1168,0,0,0,1.0,1,1.0,1,1.0,1,0.15909717985873584,41
1754,2,2365,1196,1169,0,0,0,1.0,1,1.0,1,1.0,1,0.1387987311548579,40
1755,0,2365,1196,1169,0,0,0,1.0,1,1.0,1,1.0,1,0.14087159372097946,41
1756,2,2367,1196,1171,0,0,0,1.0,1,1.0,1,1.0,1,0.15262570328598507,41
1757,0,2367,1196,1171,0,0,0,1.0,1,1.0,1,1.0,1,0.1689100809055719,40
1758,1,2368,1196,1172,0,0,0,1.0,1,1.0,1,1.0,1,0.14621344047774232,41
1759,1,2369,1197,1172,0,0,0,1.0,1,1.0,1,1.0,1,0.18169862949215057,38
1760,3,2372,1198,1174,0,0,0,1.0,1,1.0,1,1.0,1,0.14892305633982555,38
1761,1,2373,1199,1174,0,0,0,1.0,1,1.0,1,1.0,1,0.17399447266746698,37
1762,2,2375,1200,1175,0,0,0,1.0,1,1.0,1,1.0,1,0.16308545905275057,37
1763,3,2378,1202,1176,0,0,0,1.0,1,1.0,1,1.0,1,0.15184336330864115,37
1764,2,2380,1203,1177,0,0,0,1.0,1,1.0,1,1.0,1,0.16797944596270925,36
1765,5,2385,1206,1179,0,0,0,1.0,1,1.0,1,1.0,1,0.2000186044106826,36
1766,2,2387,1207,1180,0,0,0,1.0,1,1.0,1,1.0,1,0.1833589736751609,37
1767,1,2388,1208,1180,0,0,0,1.0,1,1.0,1,1.0,1,0.22067205475687293,37
1768,1,2389,1208,1181,0,0,0,1.0,1,1.0,1,1.0,1,0.16152913572158692,37
1769,3,2392,1209,1183,0,0,0,1.0,1,1.0,1,1.0,1,0.12522957610959656,38
1770,1,2393,1210,1183,0,0,0,1.0,1,1.0,1,1.0,1,0.15846030570315453,39
1771,1,2394,1210,1184,0,0,0,1.0,1,1.0,1,1.0,1,0.13646234297846366,39
1772,0,2394,1210,1184,0,0,0,1.0,1,1.0,1,1.0,1,0.13646234297846366,39
1773,2,2396,1211,1185,0,0,0,1.0,1,1.0,1,1.0,1,0.1038096809772349,41
1774,1,2397,1212,1185,0,0,0,1.0,1,1.0,1,1.0,1,0.13017049493730143,41
1775,0,2397,1212,1185,0,0,0,1.0,1,1.0,1,1.0,1,0.13385594158337363,42
1776,1,2398,1213,1185,0,0,0,1.0,1,1.0,1,1.0,1,0.14585679767410756,43
1777,2,2400,1214,1186,0,0,0,1.0,1,1.0,1,1.0,1,0.10993534310077682,43
1778,0,2400,1214,1186,0,0,0,1.0,1,1.0,1,1.0,1,0.12481814084914011,44
1779,1,2401,1214,1187,0,0,0,1.0,1,1.0,1,1.0,1,0.11388453330895483,46
1780,1,2402,1214,1188,0,0,0,1.0,1,1.0,1,1.0,1,0.10449361933722191,46
1781,0,2402,1214,1188,0,0,0,1.0,1,1.0,1,1.0,1,0.10449361933722191,46
1782,0,2402,1214,1188,0,0,0,1.0,1,1.0,1,1.0,1,0.1118728453557346,46
1783,1,2403,1214,1189,0,0,0,1.0,1,1.0,1,1.0,1,0.11859220325614742,44
1784,0,2403,1214,1189,0,0,0,1.0,1,1.0,1,1.0,1,0.09886841121940564,45
1785,1,2404,1215,1189,0,0,0,1.0,1,1.0,1,1.0,1,0.12456415271288593,42
1786,3,2407,1217,1190,0,0,0,1.0,1,1.0,1,1.0,1,0.10834532895240051,43
1787,0,2407,1217,1190,0,0,0,1.0,1,1.0,1,1.0,1,0.1367491710271122,41
1788,2,2409,1218,1191,0,0,0,1.0,1,1.0,1,1.0,1,0.16089553935696085,41
1789,3,2412,1218,1194,0,0,0,1.0,1,1.0,1,1.0,1,0.1368870053312672,41
1790,1,2413,1219,1194,0,0,0,1.0,1,1.0,1,1.0,1,0.1486133839776905,41
1791,2,2415,1220,1195,0,0,0,1.0,1,1.0,1,1.0,1,0.12289353587699134,40
1792,4,2419,1224,1195,0,0,0,1.0,1,1.0,1,1.0,1,0.10595895824319679,40
1793,2,2421,1225,1196,0,0,0,1.0,1,1.0,1,1.0,1,0.08682097391405552,41
1794,0,2421,1225,1196,0,0,0,1.0,1,1.0,1,1.0,1,0.08682097391405552,41
1795,6,2427,1229,1198,0,0,0,1.0,1,1.0,1,1.0,1,0.11300383112966819,40
1796,2,2429,1230,1199,0,0,0,1.0,1,1.0,1,1.0,1,0.10004328011908568,40
1797,1,2430,1231,1199,0,0,0,1.0,1,1.0,1,1.0,1,0.11660215511424507,37
1798,2,2432,1232,1200,0,0,0,1.0,1,1.0,1,1.0,1,0.1314517951042925,37
1799,0,2432,1232,1200,0,0,0,1.0,1,1.0,1,1.0,1,0.11567716493283887,36
1800,0,2432,1232,1200,0,0,0,1.0,1,1.0,1,1.0,1,0.11567716493283887,36
1801,0,2432,1232,1200,0,0,0,1.0,1,1.0,1,1.0,1,0.0923037987741655,34
1802,1,2433,1233,1200,0,0,0,1.0,1,1.0,1,1.0,1,0.0752482989419019,33
1803,2,2435,1235,1200,0,0,0,1.0,1,1.0,1,1.0,1,0.09634712783859604,33
1804,1,2436,1236,1200,0,0,0,1.0,1,1.0,1,1.0,1,0.13895475216636602,33
1805,3,2439,1238,1201,0,0,0,1.0,1,1.0,1,1.0,1,0.12387988413220945,35
1806,1,2440,1239,1201,0,0,0,1.0,1,1.0,1,1.0,1,0.15249223600510117,35
1807,2,2442,1239,1203,0,0,0,1.0,1,1.0,1,1.0,1,0.07111112225549966,35
1808,0,2442,1239,1203,0,0,0,1.0,1,1.0,1,1.0,1,0.036713293123969676,36
1809,0,2442,1239,1203,0,0,0,1.0,1,1.0,1,1.0,1,0.034656395621539854,36
1810,3,2445,1241,1204,0,0,0,1.0,1,1.0,1,1.0,1,0.11262705244308382,35
1811,5,2450,1242,1208,0,0,0,1.0,1,1.0,1,1.0,1,0.14673205259174354,36
1812,0,2450,1242,1208,0,0,0,1.0,1,1.0,1,1.0,1,0.1345445683600834,36
1813,0,2450,1242,1208,0,0,0,1.0,1,1.0,1,1.0,1,0.1345445683600834,36
1814,0,2450,1242,1208,0,0,0,1.0,1,1.0,1,1.0,1,0.13295192428270547,34
1815,0,2450,1242,1208,0,0,0,1.0,1,1.0,1,1.0,1,0.14101742460660607,35
1816,1,2451,1242,1209,0,0,0,1.0,1,1.0,1,1.0,1,0.133062308345493,34
1817,1,2452,1243,1209,0,0,0,1.0,1,1.0,1,1.0,1,0.11973636438318047,34
1818,0,2452,1243,1209,0,0,0,1.0,1,1.0,1,1.0,1,0.11973636438318047,34
1819,3,2455,1245,1210,0,0,0,1.0,1,1.0,1,1.0,1,0.11412105018086244,35
1820,0,2455,1245,1210,0,0,0,1.0,1,1.0,1,1.0,1,0.09125269981901364,36
1821,0,2455,1245,1210,0,0,0,1.0,1,1.0,1,1.0,1,0.09125269981901364,36
1822,2,2457,1247,1210,0,0,0,1.0,1,1.0,1,1.0,1,0.03603568841418553,37
1823,1,2458,1248,1210,0,0,0,1.0,1,1.0,1,1.0,1,0.10213889821232232,38
1824,1,2459,1249,1210,0,0,0,1.0,1,1.0,1,1.0,1,0.1010486137833985,37
1825,2,2461,1251,1210,0,0,0,1.0,1,1.0,1,1.0,1,0.12204762613622837,36
1826,1,2462,1252,1210,0,0,0,1.0,1,1.0,1,1.0,1,0.12796057002069128,35
1827,2,2464,1253,1211,0,0,0,1.0,1,1.0,1,1.0,1,0.11919337499877262,35
1828,3,2467,1253,1214,0,0,0,1.0,1,1.0,1,1.0,1,0.05826448804790107,33
1829,0,2467,1253,1214,0,0,0,1.0,1,1.0,1,1.0,1,0.10814675717987979,32
1830,1,2468,1254,1214,0,0,0,1.0,1,1.0,1,1.0,1,0.10286425736983563,32
1831,2,2470,1255,1215,0,0,0,1.0,1,1.0,1,1.0,1,0.1520039245601149,30
1832,0,2470,1255,1215,0,0,0,1.0,1,1.0,1,1.0,1,0.1520039245601149,30
1833,2,2472,1256,1216,0,0,0,1.0,1,1.0,1,1.0,1,0.19323532352944842,29
1834,2,2474,1257,1217,0,0,0,1.0,1,1.0,1,1.0,1,0.16523438552618666,28
1835,4,2478,1259,1219,0,0,0,1.0,1,1.0,1,1.0,1,0.1781734788449039,28
1836,1,2479,1259,1220,0,0,0,1.0,1,1.0,1,1.0,1,0.16875597667344325,29
1837,2,2481,1260,1221,0,0,0,1.0,1,1.0,1,1.0,1,0.1925052758367455,28
1838,1,2482,1260,1222,0,0,0,1.0,1,1.0,1,1.0,1,0.13559141111076217,28
1839,0,2482,1260,1222,0,0,0,1.0,1,1.0,1,1.0,1,0.14857503716857598,27
1840,1,2483,1260,1223,0,0,0,1.0,1,1.0,1,1.0,1,0.20005520431761778,26
1841,0,2483,1260,1223,0,0,0,1.0,1,1.0,1,1.0,1,0.19851736781555634,25
1842,2,2485,1261,1224,0,0,0,1.0,1,1.0,1,1.0,1,0.13014813369983658,26
1843,1,2486,1261,1225,0,0,0,1.0,1,1.0,1,1.0,1,0.10492041518074079,26
1844,0,2486,1261,1225,0,0,0,1.0,1,1.0,1,1.0,1,0.10492041518074079,26
1845,0,2486,1261,1225,0,0,0,1.0,1,1.0,1,1.0,1,0.10492041518074079,26
1846,2,2488,1263,1225,0,0,0,1.0,1,1.0,1,1.0,1,0.1299133354543359,26
1847,1,2489,1263,1226,0,0,0,1.0,1,1.0,1,1.0,1,0.11023224331474268,26
1848,0,2489,1263,1226,0,0,0,1.0,1,1.0,1,1.0,1,0.11560278098471426,27
1849,1,2490,1263,1227,0,0,0,1.0,1,1.0,1,1.0,1,0.0725198103849087,27
1850,0,2490,1263,1227,0,0,0,1.0,1,1.0,1,1.0,1,0.09662208886084883,28
1851,0,2490,1263,1227,0,0,0,1.0,1,1.0,1,1.0,1,0.09662208886084883,28
1852,0,2490,1263,1227,0,0,0,1.0,1,1.0,1,1.0,1,0.09662208886084883,28
1853,0,2490,1263,1227,0,0,0,1.0,1,1.0,1,1.0,1,0.12655388086252606,27
1854,0,2490,1263,1227,0,0,0,1.0,1,1.0,1,1.0,1,0.13166388388301503,28
1855,0,2490,1263,1227,0,0,0,1.0,1,1.0,1,1.0,1,0.13166388388301503,28
1856,6,2496,1266,1230,0,0,0,1.0,1,1.0,1,1.0,1,0.15292745573889646,30
1857,3,2499,1266,1233,0,0,0,1.0,1,1.0,1,1.0,1,0.13402408599098936,31
1858,2,2501,1268,1233,0,0,0,1.0,1,1.0,1,1.0,1,0.23038615869469642,31
1859,0,2501,1268,1233,0,0,0,1.0,1,1.0,1,1.0,1,0.23038615869469642,31
1860,1,2502,1269,1233,0,0,0,1.0,1,1.0,1,1.0,1,0.21534609861980947,31
1861,0,2502,1269,1233,0,0,0,1.0,1,1.0,1,1.0,1,0.21534609861980947,31
1862,1,2503,1270,1233,0,0,0,1.0,1,1.0,1,1.0,1,0.21994226260992789,31
1863,1,2504,1270,1234,0,0,0,1.0,1,1.0,1,1.0,1,0.1937464485185304,31
1864,2,2506,1272,1234,0,0,0,1.0,1,1.0,1,1.0,1,0.17724297294242522,30
1865,1,2507,1273,1234,0,0,0,1.0,1,1.0,1,1.0,1,0.14889998487646489,27
1866,1,2508,1274,1234,0,0,0,1.0,1,1.0,1,1.0,1,0.15449613646365293,28
1867,1,2509,1274,1235,0,0,0,1.0,1,1.0,1,1.0,1,0.13148995131834595,26
1868,2,2511,1275,1236,0,0,0,1.0,1,1.0,1,1.0,1,0.1622921574107949,26
1869,0,2511,1275,1236,0,0,0,1.0,1,1.0,1,1.0,1,0.17524597167067502,25
1870,1,2512,1276,1236,0,0,0,1.0,1,1.0,1,1.0,1,0.15227806390595408,25
1871,0,2512,1276,1236,0,0,0,1.0,1,1.0,1,1.0,1,0.1559767301545701,26
1872,0,2512,1276,1236,0,0,0,1.0,1,1.0,1,1.0,1,0.14144398601268354,25
1873,0,2512,1276,1236,0,0,0,1.0,1,1.0,1,1.0,1,0.15865835696933267,23
1874,1,2513,1277,1236,0,0,0,1.0,1,1.0,1,1.0,1,0.14537227577196504,23
1875,1,2514,1277,1237,0,0,0,1.0,1,1.0,1,1.0,1,0.1446155012370726,21
1876,1,2515,1278,1237,0,0,0,1.0,1,1.0,1,1.0,1,0.1840163115092038,24
1877,2,2517,1279,1238,0,0,0,1.0,1,1.0,1,1.0,1,0.17946214697840715,24
1878,2,2519,1280,1239,0,0,0,1.0,1,1.0,1,1.0,1,0.09652346870873421,26
1879,0,2519,1280,1239,0,0,0,1.0,1,1.0,1,1.0,1,0.09652346870873421,26
1880,0,2519,1280,1239,0,0,0,1.0,1,1.0,1,1.0,1,0.09652346870873421,26
1881,0,2519,1280,1239,0,0,0,1.0,1,1.0,1,1.0,1,0.09652346870873421,26
1882,0,2519,1280,1239,0,0,0,1.0,1,1.0,1,1.0,1,0.11998979489848303,25
1883,0,2519,1280,1239,0,0,0,1.0,1,1.0,1,1.0,1,0.11998979489848303,25
1884,0,2519,1280,1239,0,0,0,1.0,1,1.0,1,1.0,1,0.11998979489848303,25
1885,0,2519,1280,1239,0,0,0,1.0,1,1.0,1,1.0,1,0.11998979489848303,25
1886,0,2519,1280,1239,0,0,0,1.0,1,1.0,1,1.0,1,0.07907484685077458,26
1887,0,2519,1280,1239,0,0,0,1.0,1,1.0,1,1.0,1,0.07907484685077458,26
1888,1,2520,1281,1239,0,0,0,1.0,1,1.0,1,1.0,1,0.10740684944216769,27
1889,0,2520,1281,1239,0,0,0,1.0,1,1.0,1,1.0,1,0.13616041249849026,28
1890,0,2520,1281,1239,0,0,0,1.0,1,1.0,1,1.0,1,0.13616041249849026,28
1891,1,2521,1281,1240,0,0,0,1.0,1,1.0,1,1.0,1,0.13084221032202972,29
1892,0,2521,1281,1240,0,0,0,1.0,1,1.0,1,1.0,1,0.13084221032202972,29
1893,0,2521,1281,1240,0,0,0,1.0,1,1.0,1,1.0,1,0.13084221032202972,29
1894,0,2521,1281,1240,0,0,0,1.0,1,1.0,1,1.0,1,0.13084221032202972,29
1895,2,2523,1282,1241,0,0,0,1.0,1,1.0,1,1.0,1,0.10533209134415371,31
1896,2,2525,1283,1242,0,0,0,1.0,1,1.0,1,1.0,1,0.08127692035786906,31
1897,0,2525,1283,1242,0,0,0,1.0,1,1.0,1,1.0,1,0.08127692035786906,31
1898,0,2525,1283,1242,0,0,0,1.0,1,1.0,1,1.0,1,0.08127692035786906,31
1899,0,2525,1283,1242,0,0,0,1.0,1,1.0,1,1.0,1,0.08062118200039779,32
1900,0,2525,1283,1242,0,0,0,1.0,1,1.0,1,1.0,1,0.08062118200039779,32
1901,0,2525,1283,1242,0,0,0,1.0,1,1.0,1,1.0,1,0.08062118200039779,32
1902,1,2526,1284,1242,0,0,0,1.0,1,1.0,1,1.0,1,0.10295701729303401,32
1903,0,2526,1284,1242,0,0,0,1.0,1,1.0,1,1.0,1,0.10295701729303401,32
1904,0,2526,1284,1242,0,0,0,1.0,1,1.0,1,1.0,1,0.0690498618298815,34
1905,0,2526,1284,1242,0,0,0,1.0,1,1.0,1,1.0,1,0.0690498618298815,34
1906,0,2526,1284,1242,0,0,0,1.0,1,1.0,1,1.0,1,0.08226520308504236,35
1907,0,2526,1284,1242,0,0,0,1.0,1,1.0,1,1.0,1,0.08083088986172242,36
1908,0,2526,1284,1242,0,0,0,1.0,1,1.0,1,1.0,1,0.08083088986172242,36
1909,0,2526,1284,1242,0,0,0,1.0,1,1.0,1,1.0,1,0.08348415867086752,37
1910,1,2527,1284,1243,0,0,0,1.0,1,1.0,1,1.0,1,0.05544374455134643,38
1911,0,2527,1284,1243,0,0,0,1.0,1,1.0,1,1.0,1,0.04979256791862823,37
1912,2,2529,1286,1243,0,0,0,1.0,1,1.0,1,1.0,1,0.0574601239755471,37
1913,0,2529,1286,1243,0,0,0,1.0,1,1.0,1,1.0,1,0.07322757945260785,36
1914,3,2532,1289,1243,0,0,0,1.0,1,1.0,1,1.0,1,0.11799365991613288,37
1915,2,2534,1290,1244,0,0,0,1.0,1,1.0,1,1.0,1,0.09559336939117315,37
1916,2,2536,1291,1245,0,0,0,1.0,1,1.0,1,1.0,1,0.13222358042294677,39
1917,2,2538,1293,1245,0,0,0,1.0,1,1.0,1,1.0,1,0.22923983967863182,38
1918,6,2544,1295,1249,0,0,0,1.0,1,1.0,1,1.0,1,0.1977181921076678,38
1919,1,2545,1295,1250,0,0,0,1.0,1,1.0,1,1.0,1,0.2202510472718777,38
1920,2,2547,1296,1251,0,0,0,1.0,1,1.0,1,1.0,1,0.18811359533076524,39
1921,1,2548,1296,1252,0,0,0,1.0,1,1.0,1,1.0,1,0.154315605189462,38
1922,2,2550,1297,1253,0,0,0,1.0,1,1.0,1,1.0,1,0.14335081304625222,39
1923,2,2552,1299,1253,0,0,0,1.0,1,1.0,1,1.0,1,0.15645262935566512,40
1924,3,2555,1299,1256,0,0,0,1.0,1,1.0,1,1.0,1,0.0781541223783673,40
1925,0,2555,1299,1256,0,0,0,1.0,1,1.0,1,1.0,1,0.044038981827200736,40
1926,1,2556,1300,1256,0,0,0,1.0,1,1.0,1,1.0,1,0.049904295574439116,40
1927,1,2557,1300,1257,0,0,0,1.0,1,1.0,1,1.0,1,0.0409151600385579,41
1928,0,2557,1300,1257,0,0,0,1.0,1,1.0,1,1.0,1,0.0409151600385579,41
1929,1,2558,1301,1257,0,0,0,1.0,1,1.0,1,1.0,1,0.07424001352832636,40
1930,2,2560,1302,1258,0,0,0,1.0,1,1.0,1,1.0,1,0.09910211970682899,40
1931,0,2560,1302,1258,0,0,0,1.0,1,1.0,1,1.0,1,0.09910211970682899,40
1932,0,2560,1302,1258,0,0,0,1.0,1,1.0,1,1.0,1,0.09910211970682899,40
1933,1,2561,1302,1259,0,0,0,1.0,1,1.0,1,1.0,1,0.092705339628628,42
1934,2,2563,1302,1261,0,0,0,1.0,1,1.0,1,1.0,1,0.06999575372664682,44
1935,0,2563,1302,1261,0,0,0,1.0,1,1.0,1,1.0,1,0.06999575372664682,44
1936,1,2564,1303,1261,0,0,0,1.0,1,1.0,1,1.0,1,0.10683186687269965,46
1937,1,2565,1304,1261,0,0,0,1.0,1,1.0,1,1.0,1,0.08126160248923696,47
1938,1,2566,1304,1262,0,0,0,1.0,1,1.0,1,1.0,1,0.0730780471393926,47
1939,1,2567,1305,1262,0,0,0,1.0,1,1.0,1,1.0,1,0.06542134340062804,47
1940,1,2568,1306,1262,0,0,0,1.0,1,1.0,1,1.0,1,0.06205571972693538,47
1941,1,2569,1307,1262,0,0,0,1.0,1,1.0,1,1.0,1,0.06849886517512743,47
1942,3,2572,1308,1264,0,0,0,1.0,1,1.0,1,1.0,1,0.05176262817689033,49
1943,2,2574,1310,1264,0,0,0,1.0,1,1.0,1,1.0,1,0.10324770591921868,47
1944,1,2575,1310,1265,0,0,0,1.0,1,1.0,1,1.0,1,0.081805267375616,47
1945,2,2577,1311,1266,0,0,0,1.0,1,1.0,1,1.0,1,0.13211924225559463,45
1946,2,2579,1311,1268,0,0,0,1.0,1,1.0,1,1.0,1,0.09861694448801016,45
1947,5,2584,1314,1270,0,0,0,1.0,1,1.0,1,1.0,1,0.14568880384799426,45
1948,4,2588,1314,1274,0,0,0,1.0,1,1.0,1,1.0,1,0.1161543908667758,45
1949,2,2590,1316,1274,0,0,0,1.0,1,1.0,1,1.0,1,0.1533001167806183,42
1950,0,2590,1316,1274,0,0,0,1.0,1,1.0,1,1.0,1,0.1419618777894371,42
1951,1,2591,1316,1275,0,0,0,1.0,1,1.0,1,1.0,1,0.13572883319070647,38
1952,2,2593,1317,1276,0,0,0,1.0,1,1.0,1,1.0,1,0.1080985291430335,36
1953,2,2595,1317,1278,0,0,0,1.0,1,1.0,1,1.0,1,0.09322329395047182,35
1954,0,2595,1317,1278,0,0,0,1.0,1,1.0,1,1.0,1,0.12848283364515603,32
1955,1,2596,1317,1279,0,0,0,1.0,1,1.0,1,1.0,1,0.07385433893680562,33
1956,2,2598,1319,1279,0,0,0,1.0,1,1.0,1,1.0,1,0.12677540504504176,31
1957,2,2600,1319,1281,0,0,0,1.0,1,1.0,1,1.0,1,0.049817891353996356,33
1958,2,2602,1321,1281,0,0,0,1.0,1,1.0,1,1.0,1,0.12770902033588832,34
1959,0,2602,1321,1281,0,0,0,1.0,1,1.0,1,1.0,1,0.10122802462820345,35
1960,3,2605,1323,1282,0,0,0,1.0,1,1.0,1,1.0,1,0.11030035383504075,36
1961,1,2606,1324,1282,0,0,0,1.0,1,1.0,1,1.0,1,0.13468461910884807,36
1962,0,2606,1324,1282,0,0,0,1.0,1,1.0,1,1.0,1,0.11285991111653866,35
1963,1,2607,1324,1283,0,0,0,1.0,1,1.0,1,1.0,1,0.11190859040180216,36
1964,2,2609,1326,1283,0,0,0,1.0,1,1.0,1,1.0,1,0.12927198017357466,35
1965,3,2612,1328,1284,0,0,0,1.0,1,1.0,1,1.0,1,0.0809098412939209,36
1966,4,2616,1330,1286,0,0,0,1.0,1,1.0,1,1.0,1,0.10992106110784595,36
1967,1,2617,1331,1286,0,0,0,1.0,1,1.0,1,1.0,1,0.09307650828979559,36
1968,1,2618,1332,1286,0,0,0,1.0,1,1.0,1,1.0,1,0.08608910052659874,37
1969,0,2618,1332,1286,0,0,0,1.0,1,1.0,1,1.0,1,0.08608910052659874,37
1970,1,2619,1333,1286,0,0,0,1.0,1,1.0,1,1.0,1,0.13197459251322677,38
1971,0,2619,1333,1286,0,0,0,1.0,1,1.0,1,1.0,1,0.14721649960263095,37
1972,1,2620,1333,1287,0,0,0,1.0,1,1.0,1,1.0,1,0.13027872298951323,37
1973,1,2621,1333,1288,0,0,0,1.0,1,1.0,1,1.0,1,0.13915616928325147,37
1974,1,2622,1333,1289,0,0,0,1.0,1,1.0,1,1.0,1,0.11327555523939724,38
1975,1,2623,1333,1290,0,0,0,1.0,1,1.0,1,1.0,1,0.1293612777008455,37
1976,2,2625,1333,1292,0,0,0,1.0,1,1.0,1,1.0,1,0.12025927129294438,39
1977,1,2626,1333,1293,0,0,0,1.0,1,1.0,1,1.0,1,0.09385367929674944,42
1978,0,2626,1333,1293,0,0,0,1.0,1,1.0,1,1.0,1,0.09385367929674944,42
1979,0,2626,1333,1293,0,0,0,1.0,1,1.0,1,1.0,1,0.09385367929674944,42
1980,0,2626,1333,1293,0,0,0,1.0,1,1.0,1,1.0,1,0.10655896600664226,43
1981,0,2626,1333,1293,0,0,0,1.0,1,1.0,1,1.0,1,0.11779992195415755,44
1982,3,2629,1335,1294,0,0,0,1.0,1,1.0,1,1.0,1,0.0814099421282383,44
1983,1,2630,1336,1294,0,0,0,1.0,1,1.0,1,1.0,1,0.08599107446205584,44
1984,2,2632,1337,1295,0,0,0,1.0,1,1.0,1,1.0,1,0.09825637337249972,42
1985,0,2632,1337,1295,0,0,0,1.0,1,1.0,1,1.0,1,0.0946362625549463,41
1986,0,2632,1337,1295,0,0,0,1.0,1,1.0,1,1.0,1,0.10532448505115075,40
1987,1,2633,1337,1296,0,0,0,1.0,1,1.0,1,1.0,1,0.06689330390403259,37
1988,2,2635,1339,1296,0,0,0,1.0,1,1.0,1,1.0,1,0.10614275152707742,35
1989,2,2637,1341,1296,0,0,0,1.0,1,1.0,1,1.0,1,0.14834267253927913,32
1990,3,2640,1343,1297,0,0,0,1.0,1,1.0,1,1.0,1,0.10762679146131329,31
1991,0,2640,1343,1297,0,0,0,1.0,1,1.0,1,1.0,1,0.13275551205251587,32
1992,2,2642,1345,1297,0,0,0,1.0,1,1.0,1,1.0,1,0.16046974488124358,32
1993,4,2646,1348,1298,0,0,0,1.0,1,1.0,1,1.0,1,0.14132339139096028,32
1994,0,2646,1348,1298,0,0,0,1.0,1,1.0,1,1.0,1,0.12797469715821314,31
1995,0,2646,1348,1298,0,0,0,1.0,1,1.0,1,1.0,1,0.11343058634239152,32
1996,1,2647,1348,1299,0,0,0,1.0,1,1.0,1,1.0,1,0.10778411179730102,32
1997,0,2647,1348,1299,0,0,0,1.0,1,1.0,1,1.0,1,0.14183439293307903,31
1998,0,2647,1348,1299,0,0,0,1.0,1,1.0,1,1.0,1,0.11343753771113659,32
1999,1,2648,1348,1300,0,0,0,1.0,1,1.0,1,1.0,1,0.12323324956790392,31
2000,0,2648,1348,1300,0,0,0,1.0,1,1.0,1,1.0,1,0.11835035558095382,30
2001,1,2649,1348,1301,0,0,0,1.0,1,1.0,1,1.0,1,0.14304870089087432,29
2002,1,2650,1348,1302,0,0,0,1.0,1,1.0,1,1.0,1,0.08420557617796569,31
2003,0,2650,1348,1302,0,0,0,1.0,1,1.0,1,1.0,1,0.11244550224008619,33
2004,2,2652,1349,1303,0,0,0,1.0,1,1.0,1,1.0,1,0.13608833651013658,34
2005,1,2653,1349,1304,0,0,0,1.0,1,1.0,1,1.0,1,0.1247324839452214,35
2006,1,2654,1350,1304,0,0,0,1.0,1,1.0,1,1.0,1,0.1139872713703826,36
2007,1,2655,1351,1304,0,0,0,1.0,1,1.0,1,1.0,1,0.10421266458810304,36
2008,4,2659,1353,1306,0,0,0,1.0,1,1.0,1,1.0,1,0.12921499194347752,36
2009,1,2660,1354,1306,0,0,0,1.0,1,1.0,1,1.0,1,0.10947796361709018,37
2010,1,2661,1355,1306,0,0,0,1.0,1,1.0,1,1.0,1,0.098804963872497,37
2011,0,2661,1355,1306,0,0,0,1.0,1,1.0,1,1.0,1,0.098804963872497,37
2012,1,2662,1356,1306,0,0,0,1.0,1,1.0,1,1.0,1,0.09779880962423385,37
2013,1,2663,1356,1307,0,0,0,1.0,1,1.0,1,1.0,1,0.09218818253282425,39
2014,0,2663,1356,1307,0,0,0,1.0,1,1.0,1,1.0,1,0.1311499711202187,39
2015,0,2663,1356,1307,0,0,0,1.0,1,1.0,1,1.0,1,0.1311499711202187,39
2016,2,2665,1358,1307,0,0,0,1.0,1,1.0,1,1.0,1,0.10640799679637657,41
2017,1,2666,1358,1308,0,0,0,1.0,1,1.0,1,1.0,1,0.08581683381326745,41
2018,5,2671,1361,1310,0,0,0,1.0,1,1.0,1,1.0,1,0.09548427744094189,42
2019,1,2672,1362,1310,0,0,0,1.0,1,1.0,1,1.0,1,0.10002032993340122,43
2020,3,2675,1364,1311,0,0,0,1.0,1,1.0,1,1.0,1,0.11836535589986615,43
2021,0,2675,1364,1311,0,0,0,1.0,1,1.0,1,1.0,1,0.11836535589986615,43
2022,0,2675,1364,1311,0,0,0,1.0,1,1.0,1,1.0,1,0.1011363949401943,44
2023,2,2677,1366,1311,0,0,0,1.0,1,1.0,1,1.0,1,0.20385723566129046,42
2024,3,2680,1368,1312,0,0,0,1.0,1,1.0,1,1.0,1,0.17396281084144405,41
2025,2,2682,1370,1312,0,0,0,1.0,1,1.0,1,1.0,1,0.2467119410349627,39
2026,4,2686,1370,1316,0,0,0,1.0,1,1.0,1,1.0,1,0.17832780251056804,39
2027,3,2689,1371,1318,0,0,0,1.0,1,1.0,1,1.0,1,0.23816243571555018,38
2028,0,2689,1371,1318,0,0,0,1.0,1,1.0,1,1.0,1,0.22018403700904096,37
2029,2,2691,1372,1319,0,0,0,1.0,1,1.0,1,1.0,1,0.1890370695271897,35
2030,2,2693,1372,1321,0,0,0,1.0,1,1.0,1,1.0,1,0.13717820489353819,32
2031,0,2693,1372,1321,0,0,0,1.0,1,1.0,1,1.0,1,0.1581467302836006,34
2032,1,2694,1372,1322,0,0,0,1.0,1,1.0,1,1.0,1,0.12162420730639947,35
2033,3,2697,1375,1322,0,0,0,1.0,1,1.0,1,1.0,1,0.10888469537656494,35
2034,2,2699,1376,1323,0,0,0,1.0,1,1.0,1,1.0,1,0.10969401599872783,35
2035,3,2702,1378,1324,0,0,0,1.0,1,1.0,1,1.0,1,0.08301222737117937,36
2036,3,2705,1380,1325,0,0,0,1.0,1,1.0,1,1.0,1,0.14471583922488787,35
2037,2,2707,1381,1326,0,0,0,1.0,1,1.0,1,1.0,1,0.12673918711210128,36
2038,2,2709,1382,1327,0,0,0,1.0,1,1.0,1,1.0,1,0.1369733799206734,38
2039,2,2711,1383,1328,0,0,0,1.0,1,1.0,1,1.0,1,0.10169980362046933,38
2040,0,2711,1383,1328,0,0,0,1.0,1,1.0,1,1.0,1,0.08747965215114545,37
2041,0,2711,1383,1328,0,0,0,1.0,1,1.0,1,1.0,1,0.09177913864348552,38
2042,0,2711,1383,1328,0,0,0,1.0,1,1.0,1,1.0,1,0.09177913864348552,38
2043,2,2713,1385,1328,0,0,0,1.0,1,1.0,1,1.0,1,0.09697859779490292,38
2044,0,2713,1385,1328,0,0,0,1.0,1,1.0,1,1.0,1,0.09073661810798948,39
2045,0,2713,1385,1328,0,0,0,1.0,1,1.0,1,1.0,1,0.10855539146173102,40
2046,1,2714,1386,1328,0,0,0,1.0,1,1.0,1,1.0,1,0.08156453621679774,41
2047,1,2715,1387,1328,0,0,0,1.0,1,1.0,1,1.0,1,0.08716996086391972,41
2048,1,2716,1388,1328,0,0,0,1.0,1,1.0,1,1.0,1,0.05314988535259352,43
2049,1,2717,1388,1329,0,0,0,1.0,1,1.0,1,1.0,1,0.02640907894355972,43
2050,0,2717,1388,1329,0,0,0,1.0,1,1.0,1,1.0,1,0.02843834803457933,43
2051,1,2718,1389,1329,0,0,0,1.0,1,1.0,1,1.0,1,0.08597458946170768,43
2052,0,2718,1389,1329,0,0,0,1.0,1,1.0,1,1.0,1,0.09075386659317582,44
2053,1,2719,1390,1329,0,0,0,1.0,1,1.0,1,1.0,1,0.1391671347651375,43
2054,3,2722,1392,1330,0,0,0,1.0,1,1.0,1,1.0,1,0.13018422625129156,44
2055,2,2724,1392,1332,0,0,0,1.0,1,1.0,1,1.0,1,0.09779036393584357,43
2056,1,2725,1392,1333,0,0,0,1.0,1,1.0,1,1.0,1,0.07320664696922895,44
2057,2,2727,1394,1333,0,0,0,1.0,1,1.0,1,1.0,1,0.0923720880585724,44
2058,2,2729,1396,1333,0,0,0,1.0,1,1.0,1,1.0,1,0.09446178088432255,44
2059,1,2730,1396,1334,0,0,0,1.0,1,1.0,1,1.0,1,0.07263477648839992,45
2060,2,2732,1397,1335,0,0,0,1.0,1,1.0,1,1.0,1,0.09618672987014744,46
2061,1,2733,1398,1335,0,0,0,1.0,1,1.0,1,1.0,1,0.0987881114439875,48
2062,2,2735,1398,1337,0,0,0,1.0,1,1.0,1,1.0,1,0.06771548941649873,48
2063,0,2735,1398,1337,0,0,0,1.0,1,1.0,1,1.0,1,0.09908025793909908,45
2064,1,2736,1399,1337,0,0,0,1.0,1,1.0,1,1.0,1,0.09784697243565524,44
2065,1,2737,1399,1338,0,0,0,1.0,1,1.0,1,1.0,1,0.09224594712571275,42
2066,2,2739,1401,1338,0,0,0,1.0,1,1.0,1,1.0,1,0.04085847464491654,42
2067,0,2739,1401,1338,0,0,0,1.0,1,1.0,1,1.0,1,0.055194450792695235,38
2068,1,2740,1402,1338,0,0,0,1.0,1,1.0,1,1.0,1,0.11047530541506222,37
2069,0,2740,1402,1338,0,0,0,1.0,1,1.0,1,1.0,1,0.13266496351474535,35
2070,3,2743,1404,1339,0,0,0,1.0,1,1.0,1,1.0,1,0.11730521773621252,35
2071,0,2743,1404,1339,0,0,0,1.0,1,1.0,1,1.0,1,0.1449993688516816,34
2072,4,2747,1406,1341,0,0,0,1.0,1,1.0,1,1.0,1,0.13664000533415502,35
2073,2,2749,1406,1343,0,0,0,1.0,1,1.0,1,1.0,1,0.10177839286189239,37
2074,0,2749,1406,1343,0,0,0,1.0,1,1.0,1,1.0,1,0.08462173128805757,36
2075,1,2750,1406,1344,0,0,0,1.0,1,1.0,1,1.0,1,0.05742130587737704,38
2076,0,2750,1406,1344,0,0,0,1.0,1,1.0,1,1.0,1,0.03756488958489314,37
2077,0,2750,1406,1344,0,0,0,1.0,1,1.0,1,1.0,1,0.03756488958489314,37
2078,0,2750,1406,1344,0,0,0,1.0,1,1.0,1,1.0,1,0.03756488958489314,37
2079,0,2750,1406,1344,0,0,0,1.0,1,1.0,1,1.0,1,0.03756488958489314,37
2080,0,2750,1406,1344,0,0,0,1.0,1,1.0,1,1.0,1,0.0354309562156669,36
2081,1,2751,1407,1344,0,0,0,1.0,1,1.0,1,1.0,1,0.055812260548237,37
2082,1,2752,1408,1344,0,0,0,1.0,1,1.0,1,1.0,1,0.09826100298017737,38
2083,1,2753,1409,1344,0,0,0,1.0,1,1.0,1,1.0,1,0.09270372247571672,39
2084,1,2754,1410,1344,0,0,0,1.0,1,1.0,1,1.0,1,0.14035782973769717,41
2085,3,2757,1413,1344,0,0,0,1.0,1,1.0,1,1.0,1,0.16414139577852263,41
2086,3,2760,1413,1347,0,0,0,1.0,1,1.0,1,1.0,1,0.09700610851595082,44
2087,2,2762,1415,1347,0,0,0,1.0,1,1.0,1,1.0,1,0.11051678604618534,44
2088,1,2763,1415,1348,0,0,0,1.0,1,1.0,1,1.0,1,0.10341152265278684,45
2089,2,2765,1416,1349,0,0,0,1.0,1,1.0,1,1.0,1,0.06852142647401095,46
2090,1,2766,1416,1350,0,0,0,1.0,1,1.0,1,1.0,1,0.04973204758431597,47
2091,3,2769,1418,1351,0,0,0,1.0,1,1.0,1,1.0,1,0.06184589785418155,48
2092,2,2771,1419,1352,0,0,0,1.0,1,1.0,1,1.0,1,0.06600694847801664,48
2093,1,2772,1419,1353,0,0,0,1.0,1,1.0,1,1.0,1,0.04137934606258971,48
2094,0,2772,1419,1353,0,0,0,1.0,1,1.0,1,1.0,1,0.04452012174557395,47
2095,1,2773,1420,1353,0,0,0,1.0,1,1.0,1,1.0,1,0.04390374027913152,49
2096,0,2773,1420,1353,0,0,0,1.0,1,1.0,1,1.0,1,0.03794807293999453,50
2097,0,2773,1420,1353,0,0,0,1.0,1,1.0,1,1.0,1,0.03794807293999453,50
2098,1,2774,1421,1353,0,0,0,1.0,1,1.0,1,1.0,1,0.05547264528142073,51
2099,2,2776,1422,1354,0,0,0,1.0,1,1.0,1,1.0,1,0.0746856953322446,50
2100,1,2777,1423,1354,0,0,0,1.0,1,1.0,1,1.0,1,0.07797730433635064,49
2101,2,2779,1423,1356,0,0,0,1.0,1,1.0,1,1.0,1,0.07462282557018027,48
2102,4,2783,1426,1357,0,0,0,1.0,1,1.0,1,1.0,1,0.12209235182619067,49
2103,1,2784,1427,1357,0,0,0,1.0,1,1.0,1,1.0,1,0.11083701556887474,44
2104,0,2784,1427,1357,0,0,0,1.0,1,1.0,1,1.0,1,0.12841864232241942,42
2105,2,2786,1429,1357,0,0,0,1.0,1,1.0,1,1.0,1,0.1466774168947014,40
2106,0,2786,1429,1357,0,0,0,1.0,1,1.0,1,1.0,1,0.17371398362434812,39
2107,1,2787,1430,1357,0,0,0,1.0,1,1.0,1,1.0,1,0.15605717231876656,37
2108,1,2788,1431,1357,0,0,0,1.0,1,1.0,1,1.0,1,0.14660079630315462,37
2109,0,2788,1431,1357,0,0,0,1.0,1,1.0,1,1.0,1,0.12843719044324198,36
2110,0,2788,1431,1357,0,0,0,1.0,1,1.0,1,1.0,1,0.09801846072806311,35
2111,3,2791,1433,1358,0,0,0,1.0,1,1.0,1,1.0,1,0.08764556808278819,35
2112,0,2791,1433,1358,0,0,0,1.0,1,1.0,1,1.0,1,0.08764556808278819,35
2113,1,2792,1434,1358,0,0,0,1.0,1,1.0,1,1.0,1,0.11603439836981311,35
2114,1,2793,1435,1358,0,0,0,1.0,1,1.0,1,1.0,1,0.10816448599252561,36
2115,0,2793,1435,1358,0,0,0,1.0,1,1.0,1,1.0,1,0.10970013919580492,37
2116,3,2796,1437,1359,0,0,0,1.0,1,1.0,1,1.0,1,0.10890810058788916,39
2117,0,2796,1437,1359,0,0,0,1.0,1,1.0,1,1.0,1,0.07882076211161096,39
2118,1,2797,1437,1360,0,0,0,1.0,1,1.0,1,1.0,1,0.0691689564906031,41
2119,1,2798,1438,1360,0,0,0,1.0,1,1.0,1,1.0,1,0.0909891034218715,42
2120,1,2799,1438,1361,0,0,0,1.0,1,1.0,1,1.0,1,0.06017032518468727,42
2121,1,2800,1439,1361,0,0,0,1.0,1,1.0,1,1.0,1,0.07405232940121002,42
2122,1,2801,1439,1362,0,0,0,1.0,1,1.0,1,1.0,1,0.06533987898866467,43
2123,0,2801,1439,1362,0,0,0,1.0,1,1.0,1,1.0,1,0.08785071135261993,42
2124,0,2801,1439,1362,0,0,0,1.0,1,1.0,1,1.0,1,0.08785071135261993,42
2125,0,2801,1439,1362,0,0,0,1.0,1,1.0,1,1.0,1,0.09396346102171735,41
2126,0,2801,1439,1362,0,0,0,1.0,1,1.0,1,1.0,1,0.09396346102171735,41
2127,0,2801,1439,1362,0,0,0,1.0,1,1.0,1,1.0,1,0.09396346102171735,41
2128,1,2802,1439,1363,0,0,0,1.0,1,1.0,1,1.0,1,0.05037588732304949,42
2129,0,2802,1439,1363,0,0,0,1.0,1,1.0,1,1.0,1,0.06299694802950175,43
2130,1,2803,1439,1364,0,0,0,1.0,1,1.0,1,1.0,1,0.04202544978672176,45
2131,2,2805,1440,1365,0,0,0,1.0,1,1.0,1,1.0,1,0.033915746569967375,44
2132,0,2805,1440,1365,0,0,0,1.0,1,1.0,1,1.0,1,0.033915746569967375,44
2133,1,2806,1441,1365,0,0,0,1.0,1,1.0,1,1.0,1,0.032347111294969005,45
2134,2,2808,1443,1365,0,0,0,1.0,1,1.0,1,1.0,1,0.0593645760354297,45
2135,2,2810,1445,1365,0,0,0,1.0,1,1.0,1,1.0,1,0.042246613839509936,46
2136,3,2813,1447,1366,0,0,0,1.0,1,1.0,1,1.0,1,0.07938989781185345,47
2137,5,2818,1451,1367,0,0,0,1.0,1,1.0,1,1.0,1,0.1427410593276923,47
2138,3,2821,1453,1368,0,0,0,1.0,1,1.0,1,1.0,1,0.13849984153076708,45
2139,2,2823,1454,1369,0,0,0,1.0,1,1.0,1,1.0,1,0.14051372061831546,45
2140,4,2827,1456,1371,0,0,0,1.0,1,1.0,1,1.0,1,0.06507087465196502,44
2141,2,2829,1458,1371,0,0,0,1.0,1,1.0,1,1.0,1,0.06343944012899502,45
2142,2,2831,1459,1372,0,0,0,1.0,1,1.0,1,1.0,1,0.055344205343093186,46
2143,4,2835,1460,1375,0,0,0,1.0,1,1.0,1,1.0,1,0.0398581750297372,46
2144,1,2836,1461,1375,0,0,0,1.0,1,1.0,1,1.0,1,0.0541515854041322,48
2145,2,2838,1463,1375,0,0,0,1.0,1,1.0,1,1.0,1,0.04906950773474805,46
2146,1,2839,1464,1375,0,0,0,1.0,1,1.0,1,1.0,1,0.05020309142010912,45
2147,2,2841,1466,1375,0,0,0,1.0,1,1.0,1,1.0,1,0.07735646856803767,44
2148,1,2842,1467,1375,0,0,0,1.0,1,1.0,1,1.0,1,0.042676976392275266,44
2149,3,2845,1470,1375,0,0,0,1.0,1,1.0,1,1.0,1,0.07007013216136196,42
2150,2,2847,1472,1375,0,0,0,1.0,1,1.0,1,1.0,1,0.05110724851446571,40
2151,1,2848,1473,1375,0,0,0,1.0,1,1.0,1,1.0,1,0.057624996506205346,39
2152,1,2849,1474,1375,0,0,0,1.0,1,1.0,1,1.0,1,0.04117449252129179,40
2153,2,2851,1476,1375,0,0,0,1.0,1,1.0,1,1.0,1,0.08888955355047339,42
2154,2,2853,1476,1377,0,0,0,1.0,1,1.0,1,1.0,1,0.08419735238655303,42
2155,0,2853,1476,1377,0,0,0,1.0,1,1.0,1,1.0,1,0.0837673678431463,41
2156,1,2854,1476,1378,0,0,0,1.0,1,1.0,1,1.0,1,0.10966145636637799,40
2157,0,2854,1476,1378,0,0,0,1.0,1,1.0,1,1.0,1,0.10966145636637799,40
2158,2,2856,1477,1379,0,0,0,1.0,1,1.0,1,1.0,1,0.09895092904025692,38
2159,0,2856,1477,1379,0,0,0,1.0,1,1.0,1,1.0,1,0.10329168211173519,38
2160,1,2857,1478,1379,0,0,0,1.0,1,1.0,1,1.0,1,0.11211914242578845,38
2161,3,2860,1480,1380,0,0,0,1.0,1,1.0,1,1.0,1,0.12323646315373253,38
2162,1,2861,1481,1380,0,0,0,1.0,1,1.0,1,1.0,1,0.15478949873918382,38
2163,2,2863,1483,1380,0,0,0,1.0,1,1.0,1,1.0,1,0.20822023418945176,40
2164,4,2867,1484,1383,0,0,0,1.0,1,1.0,1,1.0,1,0.23361337189556805,41
2165,3,2870,1486,1384,0,0,0,1.0,1,1.0,1,1.0,1,0.20447767530329067,42
2166,0,2870,1486,1384,0,0,0,1.0,1,1.0,1,1.0,1,0.20447767530329067,42
2167,2,2872,1486,1386,0,0,0,1.0,1,1.0,1,1.0,1,0.1543537353469435,43
2168,0,2872,1486,1386,0,0,0,1.0,1,1.0,1,1.0,1,0.1351152400024232,43
2169,2,2874,1486,1388,0,0,0,1.0,1,1.0,1,1.0,1,0.11081187639658943,45
2170,5,2879,1488,1391,0,0,0,1.0,1,1.0,1,1.0,1,0.0918831700157145,46
2171,0,2879,1488,1391,0,0,0,1.0,1,1.0,1,1.0,1,0.09949614251065499,48
2172,1,2880,1489,1391,0,0,0,1.0,1,1.0,1,1.0,1,0.10807692778805894,49
2173,2,2882,1490,1392,0,0,0,1.0,1,1.0,1,1.0,1,0.07861751048129953,49
2174,2,2884,1491,1393,0,0,0,1.0,1,1.0,1,1.0,1,0.06453493209810447,49
2175,0,2884,1491,1393,0,0,0,1.0,1,1.0,1,1.0,1,0.06453493209810447,49
2176,0,2884,1491,1393,0,0,0,1.0,1,1.0,1,1.0,1,0.06578796409488583,51
2177,1,2885,1492,1393,0,0,0,1.0,1,1.0,1,1.0,1,0.04499804132377361,51
2178,2,2887,1494,1393,0,0,0,1.0,1,1.0,1,1.0,1,0.064372426596748,50
2179,3,2890,1497,1393,0,0,0,1.0,1,1.0,1,1.0,1,0.06914281080155617,49
2180,0,2890,1497,1393,0,0,0,1.0,1,1.0,1,1.0,1,0.081224567431589,47
2181,2,2892,1499,1393,0,0,0,1.0,1,1.0,1,1.0,1,0.040781665511217285,47
2182,1,2893,1500,1393,0,0,0,1.0,1,1.0,1,1.0,1,0.011432519931577434,45
2183,2,2895,1502,1393,0,0,0,1.0,1,1.0,1,1.0,1,0.03564037461852969,44
2184,2,2897,1504,1393,0,0,0,1.0,1,1.0,1,1.0,1,0.07499197661394112,43
2185,4,2901,1508,1393,0,0,0,1.0,1,1.0,1,1.0,1,0.13459029760891497,40
2186,4,2905,1512,1393,0,0,0,1.0,1,1.0,1,1.0,1,0.11391737215972979,38
2187,3,2908,1515,1393,0,0,0,1.0,1,1.0,1,1.0,1,0.1097485633410739,35
2188,1,2909,1516,1393,0,0,0,1.0,1,1.0,1,1.0,1,0.1345726808447345,34
2189,0,2909,1516,1393,0,0,0,1.0,1,1.0,1,1.0,1,0.0970426800209183,31
2190,1,2910,1517,1393,0,0,0,1.0,1,1.0,1,1.0,1,0.1514697148992697,29
2191,1,2911,1518,1393,0,0,0,1.0,1,1.0,1,1.0,1,0.17537882783758776,28
2192,2,2913,1519,1394,0,0,0,1.0,1,1.0,1,1.0,1,0.20952346592738966,29
2193,1,2914,1520,1394,0,0,0,1.0,1,1.0,1,1.0,1,0.23415560960251927,28
2194,1,2915,1520,1395,0,0,0,1.0,1,1.0,1,1.0,1,0.20872234180141697,27
2195,2,2917,1522,1395,0,0,0,1.0,1,1.0,1,1.0,1,0.19167730312788134,27
2196,4,2921,1523,1398,0,0,0,1.0,1,1.0,1,1.0,1,0.2050782536541594,27
2197,2,2923,1524,1399,0,0,0,1.0,1,1.0,1,1.0,1,0.16467644612082002,27
2198,0,2923,1524,1399,0,0,0,1.0,1,1.0,1,1.0,1,0.13461085161205594,28
2199,2,2925,1525,1400,0,0,0,1.0,1,1.0,1,1.0,1,0.13071905805742337,29
2200,2,2927,1525,1402,0,0,0,1.0,1,1.0,1,1.0,1,0.10243989872010431,31
2201,1,2928,1526,1402,0,0,0,1.0,1,1.0,1,1.0,1,0.11038629393473,32
2202,1,2929,1527,1402,0,0,0,1.0,1,1.0,1,1.0,1,0.1490704792201326,31
2203,0,2929,1527,1402,0,0,0,1.0,1,1.0,1,1.0,1,0.11497135147925147,32
2204,0,2929,1527,1402,0,0,0,1.0,1,1.0,1,1.0,1,0.11497135147925147,32
2205,0,2929,1527,1402,0,0,0,1.0,1,1.0,1,1.0,1,0.12747953675498502,33
2206,1,2930,1528,1402,0,0,0,1.0,1,1.0,1,1.0,1,0.1268997283295121,32
2207,1,2931,1528,1403,0,0,0,1.0,1,1.0,1,1.0,1,0.09547622815777888,33
2208,1,2932,1528,1404,0,0,0,1.0,1,1.0,1,1.0,1,0.05451260612066917,35
2209,1,2933,1529,1404,0,0,0,1.0,1,1.0,1,1.0,1,0.09638127649912717,36
2210,0,2933,1529,1404,0,0,0,1.0,1,1.0,1,1.0,1,0.11459920191816655,35
2211,0,2933,1529,1404,0,0,0,1.0,1,1.0,1,1.0,1,0.12928859685371297,36
2212,1,2934,1530,1404,0,0,0,1.0,1,1.0,1,1.0,1,0.12360674514374603,37
2213,4,2938,1534,1404,0,0,0,1.0,1,1.0,1,1.0,1,0.12157568450616774,37
2214,1,2939,1534,1405,0,0,0,1.0,1,1.0,1,1.0,1,0.07793400248764537,39
2215,4,2943,1538,1405,0,0,0,1.0,1,1.0,1,1.0,1,0.09160797397679714,36
2216,2,2945,1540,1405,0,0,0,1.0,1,1.0,1,1.0,1,0.08358563577091602,37
2217,2,2947,1542,1405,0,0,0,1.0,1,1.0,1,1.0,1,0.10914115948940488,35
2218,1,2948,1542,1406,0,0,0,1.0,1,1.0,1,1.0,1,0.09323106559052288,35
2219,0,2948,1542,1406,0,0,0,1.0,1,1.0,1,1.0,1,0.05967210161685619,33
2220,0,2948,1542,1406,0,0,0,1.0,1,1.0,1,1.0,1,0.05249248218697206,31
2221,0,2948,1542,1406,0,0,0,1.0,1,1.0,1,1.0,1,0.05249248218697206,31
2222,1,2949,1543,1406,0,0,0,1.0,1,1.0,1,1.0,1,0.08608031246781625,30
2223,0,2949,1543,1406,0,0,0,1.0,1,1.0,1,1.0,1,0.08218382364764597,28
2224,3,2952,1546,1406,0,0,0,1.0,1,1.0,1,1.0,1,0.11249197429847595,29
2225,2,2954,1548,1406,0,0,0,1.0,1,1.0,1,1.0,1,0.12333880707134566,28
2226,1,2955,1549,1406,0,0,0,1.0,1,1.0,1,1.0,1,0.08345296643927204,30
2227,0,2955,1549,1406,0,0,0,1.0,1,1.0,1,1.0,1,0.1290684431862684,28
2228,2,2957,1551,1406,0,0,0,1.0,1,1.0,1,1.0,1,0.10127181670041611,29
2229,1,2958,1552,1406,0,0,0,1.0,1,1.0,1,1.0,1,0.10409773342252288,28
2230,0,2958,1552,1406,0,0,0,1.0,1,1.0,1,1.0,1,0.10143681405157325,28
2231,1,2959,1553,1406,0,0,0,1.0,1,1.0,1,1.0,1,0.19161556150489975,27
2232,1,2960,1553,1407,0,0,0,1.0,1,1.0,1,1.0,1,0.14796701583664829,27
2233,1,2961,1553,1408,0,0,0,1.0,1,1.0,1,1.0,1,0.09185793368589623,28
2234,2,2963,1555,1408,0,0,0,1.0,1,1.0,1,1.0,1,0.08027334265586344,26
2235,0,2963,1555,1408,0,0,0,1.0,1,1.0,1,1.0,1,0.08027334265586344,26
2236,1,2964,1556,1408,0,0,0,1.0,1,1.0,1,1.0,1,0.017525384786216205,26
2237,4,2968,1560,1408,0,0,0,1.0,1,1.0,1,1.0,1,0.1000584246602748,26
2238,1,2969,1561,1408,0,0,0,1.0,1,1.0,1,1.0,1,0.13078701483882402,27
2239,3,2972,1563,1409,0,0,0,1.0,1,1.0,1,1.0,1,0.13920711740710137,28
2240,4,2976,1566,1410,0,0,0,1.0,1,1.0,1,1.0,1,0.1311964415394928,30
2241,1,2977,1567,1410,0,0,0,1.0,1,1.0,1,1.0,1,0.17244956563106523,29
2242,3,2980,1569,1411,0,0,0,1.0,1,1.0,1,1.0,1,0.1378183362859078,29
2243,1,2981,1570,1411,0,0,0,1.0,1,1.0,1,1.0,1,0.1520969384103788,29
2244,0,2981,1570,1411,0,0,0,1.0,1,1.0,1,1.0,1,0.1520969384103788,29
2245,1,2982,1570,1412,0,0,0,1.0,1,1.0,1,1.0,1,0.12650456647026975,30
2246,1,2983,1570,1413,0,0,0,1.0,1,1.0,1,1.0,1,0.09242973448344785,33
2247,0,2983,1570,1413,0,0,0,1.0,1,1.0,1,1.0,1,0.07494733465778952,34
2248,0,2983,1570,1413,0,0,0,1.0,1,1.0,1,1.0,1,0.07494733465778952,34
2249,0,2983,1570,1413,0,0,0,1.0,1,1.0,1,1.0,1,0.07387828481834338,35
2250,1,2984,1571,1413,0,0,0,1.0,1,1.0,1,1.0,1,0.10847465050850322,35
2251,1,2985,1572,1413,0,0,0,1.0,1,1.0,1,1.0,1,0.11913827018845878,36
2252,1,2986,1573,1413,0,0,0,1.0,1,1.0,1,1.0,1,0.16909654596812615,37
2253,2,2988,1575,1413,0,0,0,1.0,1,1.0,1,1.0,1,0.19915110755218687,35
2254,0,2988,1575,1413,0,0,0,1.0,1,1.0,1,1.0,1,0.16705606286052027,33
2255,1,2989,1576,1413,0,0,0,1.0,1,1.0,1,1.0,1,0.19819675331470188,35
2256,5,2994,1578,1416,0,0,0,1.0,1,1.0,1,1.0,1,0.15683434238432467,34
2257,3,2997,1580,1417,0,0,0,1.0,1,1.0,1,1.0,1,0.12979439028520864,36
2258,1,2998,1581,1417,0,0,0,1.0,1,1.0,1,1.0,1,0.13001607461463852,35
2259,0,2998,1581,1417,0,0,0,1.0,1,1.0,1,1.0,1,0.13397243984514381,35
2260,2,3000,1582,1418,0,0,0,1.0,1,1.0,1,1.0,1,0.09361629151885387,33
2261,1,3001,1583,1418,0,0,0,1.0,1,1.0,1,1.0,1,0.1159678576094462,33
2262,1,3002,1583,1419,0,0,0,1.0,1,1.0,1,1.0,1,0.1218689730317064,32
2263,2,3004,1585,1419,0,0,0,1.0,1,1.0,1,1.0,1,0.16675574506116808,31
2264,1,3005,1585,1420,0,0,0,1.0,1,1.0,1,1.0,1,0.14980710523440885,30
2265,1,3006,1586,1420,0,0,0,1.0,1,1.0,1,1.0,1,0.1510816457241499,29
2266,2,3008,1588,1420,0,0,0,1.0,1,1.0,1,1.0,1,0.05290234273318982,30
2267,1,3009,1589,1420,0,0,0,1.0,1,1.0,1,1.0,1,0.055934999754539506,29
2268,4,3013,1593,1420,0,0,0,1.0,1,1.0,1,1.0,1,0.09755472001676217,30
2269,1,3014,1594,1420,0,0,0,1.0,1,1.0,1,1.0,1,0.09562747996027124,31
2270,4,3018,1597,1421,0,0,0,1.0,1,1.0,1,1.0,1,0.14296276795844706,31
2271,2,3020,1599,1421,0,0,0,1.0,1,1.0,1,1.0,1,0.15276769120749462,31
2272,4,3024,1600,1424,0,0,0,1.0,1,1.0,1,1.0,1,0.09694941811630342,31
2273,0,3024,1600,1424,0,0,0,1.0,1,1.0,1,1.0,1,0.09813730568787998,30
2274,1,3025,1601,1424,0,0,0,1.0,1,1.0,1,1.0,1,0.05905749495088452,31
2275,0,3025,1601,1424,0,0,0,1.0,1,1.0,1,1.0,1,0.07266441265262844,32
2276,0,3025,1601,1424,0,0,0,1.0,1,1.0,1,1.0,1,0.10080122526885142,31
2277,0,3025,1601,1424,0,0,0,1.0,1,1.0,1,1.0,1,0.11127451783167248,31
2278,2,3027,1603,1424,0,0,0,1.0,1,1.0,1,1.0,1,0.1461181042776175,32
2279,2,3029,1604,1425,0,0,0,1.0,1,1.0,1,1.0,1,0.15469003506702084,32
2280,0,3029,1604,1425,0,0,0,1.0,1,1.0,1,1.0,1,0.12901115958250237,33
2281,2,3031,1604,1427,0,0,0,1.0,1,1.0,1,1.0,1,0.07645357320905562,34
2282,1,3032,1605,1427,0,0,0,1.0,1,1.0,1,1.0,1,0.11364647906259108,34
2283,0,3032,1605,1427,0,0,0,1.0,1,1.0,1,1.0,1,0.11364647906259108,34
2284,0,3032,1605,1427,0,0,0,1.0,1,1.0,1,1.0,1,0.11364647906259108,34
2285,1,3033,1605,1428,0,0,0,1.0,1,1.0,1,1.0,1,0.09585520670141746,35
2286,0,3033,1605,1428,0,0,0,1.0,1,1.0,1,1.0,1,0.09125174549373997,34
2287,1,3034,1606,1428,0,0,0,1.0,1,1.0,1,1.0,1,0.10450161970431078,35
2288,0,3034,1606,1428,0,0,0,1.0,1,1.0,1,1.0,1,0.06674091035917258,35
2289,3,3037,1608,1429,0,0,0,1.0,1,1.0,1,1.0,1,0.1087491016865721,37
2290,0,3037,1608,1429,0,0,0,1.0,1,1.0,1,1.0,1,0.1059116593874237,37
2291,2,3039,1610,1429,0,0,0,1.0,1,1.0,1,1.0,1,0.1621393721762656,35
2292,0,3039,1610,1429,0,0,0,1.0,1,1.0,1,1.0,1,0.16801968025413183,35
2293,1,3040,1611,1429,0,0,0,1.0,1,1.0,1,1.0,1,0.18370003654895206,34
2294,1,3041,1611,1430,0,0,0,1.0,1,1.0,1,1.0,1,0.1369900523177824,33
2295,0,3041,1611,1430,0,0,0,1.0,1,1.0,1,1.0,1,0.13974624615975642,34
2296,2,3043,1612,1431,0,0,0,1.0,1,1.0,1,1.0,1,0.07252993568171325,33
2297,0,3043,1612,1431,0,0,0,1.0,1,1.0,1,1.0,1,0.09850903781695695,32
2298,1,3044,1613,1431,0,0,0,1.0,1,1.0,1,1.0,1,0.1545069044172311,32
2299,1,3045,1614,1431,0,0,0,1.0,1,1.0,1,1.0,1,0.159426119420106,33
2300,1,3046,1615,1431,0,0,0,1.0,1,1.0,1,1.0,1,0.15579964566023202,33
2301,2,3048,1617,1431,0,0,0,1.0,1,1.0,1,1.0,1,0.18689820686583186,33
2302,2,3050,1619,1431,0,0,0,1.0,1,1.0,1,1.0,1,0.2059763845447957,34
2303,4,3054,1621,1433,0,0,0,1.0,1,1.0,1,1.0,1,0.2081496233434221,34
2304,1,3055,1621,1434,0,0,0,1.0,1,1.0,1,1.0,1,0.16004023595853561,33
2305,1,3056,1622,1434,0,0,0,1.0,1,1.0,1,1.0,1,0.16240215221869034,33
2306,4,3060,1625,1435,0,0,0,1.0,1,1.0,1,1.0,1,0.23312037029318605,33
2307,0,3060,1625,1435,0,0,0,1.0,1,1.0,1,1.0,1,0.21483463457980215,35
2308,3,3063,1627,1436,0,0,0,1.0,1,1.0,1,1.0,1,0.22364039834756633,34
2309,2,3065,1628,1437,0,0,0,1.0,1,1.0,1,1.0,1,0.16538207141340475,34
2310,1,3066,1629,1437,0,0,0,1.0,1,1.0,1,1.0,1,0.1743140343025217,34
2311,0,3066,1629,1437,0,0,0,1.0,1,1.0,1,1.0,1,0.14429317798797925,35
2312,1,3067,1630,1437,0,0,0,1.0,1,1.0,1,1.0,1,0.13649249136143357,34
2313,0,3067,1630,1437,0,0,0,1.0,1,1.0,1,1.0,1,0.08340939099411189,35
2314,1,3068,1631,1437,0,0,0,1.0,1,1.0,1,1.0,1,0.1278207422956003,35
2315,0,3068,1631,1437,0,0,0,1.0,1,1.0,1,1.0,1,0.14788973935506566,34
2316,1,3069,1631,1438,0,0,0,1.0,1,1.0,1,1.0,1,0.10886445081504915,35
2317,1,3070,1632,1438,0,0,0,1.0,1,1.0,1,1.0,1,0.14433194697320129,32
2318,0,3070,1632,1438,0,0,0,1.0,1,1.0,1,1.0,1,0.14433194697320129,32
2319,1,3071,1633,1438,0,0,0,1.0,1,1.0,1,1.0,1,0.16365254207037677,32
2320,1,3072,1633,1439,0,0,0,1.0,1,1.0,1,1.0,1,0.13590618782729297,32
2321,0,3072,1633,1439,0,0,0,1.0,1,1.0,1,1.0,1,0.12452306340126232,33
2322,0,3072,1633,1439,0,0,0,1.0,1,1.0,1,1.0,1,0.12452306340126232,33
2323,1,3073,1633,1440,0,0,0,1.0,1,1.0,1,1.0,1,0.10248294870415336,33
2324,0,3073,1633,1440,0,0,0,1.0,1,1.0,1,1.0,1,0.10693527890511083,34
2325,0,3073,1633,1440,0,0,0,1.0,1,1.0,1,1.0,1,0.09776674024909547,35
2326,0,3073,1633,1440,0,0,0,1.0,1,1.0,1,1.0,1,0.09776674024909547,35
2327,0,3073,1633,1440,0,0,0,1.0,1,1.0,1,1.0,1,0.1188823755980398,36
2328,0,3073,1633,1440,0,0,0,1.0,1,1.0,1,1.0,1,0.12329152082503177,37
2329,0,3073,1633,1440,0,0,0,1.0,1,1.0,1,1.0,1,0.10328979037374356,37
2330,0,3073,1633,1440,0,0,0,1.0,1,1.0,1,1.0,1,0.10337054183340615,38
2331,0,3073,1633,1440,0,0,0,1.0,1,1.0,1,1.0,1,0.10322016582249322,40
2332,0,3073,1633,1440,0,0,0,1.0,1,1.0,1,1.0,1,0.10322016582249322,40
2333,1,3074,1634,1440,0,0,0,1.0,1,1.0,1,1.0,1,0.12047024502570265,41
2334,0,3074,1634,1440,0,0,0,1.0,1,1.0,1,1.0,1,0.12047024502570265,41
2335,0,3074,1634,1440,0,0,0,1.0,1,1.0,1,1.0,1,0.12047024502570265,41
2336,1,3075,1634,1441,0,0,0,1.0,1,1.0,1,1.0,1,0.09091958281238345,41
2337,1,3076,1634,1442,0,0,0,1.0,1,1.0,1,1.0,1,0.06982017043870128,42
2338,5,3081,1637,1444,0,0,0,1.0,1,1.0,1,1.0,1,0.09492178463107329,43
2339,2,3083,1637,1446,0,0,0,1.0,1,1.0,1,1.0,1,0.06449260712316969,43
2340,3,3086,1639,1447,0,0,0,1.0,1,1.0,1,1.0,1,0.07739210340699362,45
2341,0,3086,1639,1447,0,0,0,1.0,1,1.0,1,1.0,1,0.06995677799117596,45
2342,4,3090,1641,1449,0,0,0,1.0,1,1.0,1,1.0,1,0.09623396915797268,46
2343,0,3090,1641,1449,0,0,0,1.0,1,1.0,1,1.0,1,0.08465103210175597,45
2344,4,3094,1643,1451,0,0,0,1.0,1,1.0,1,1.0,1,0.08900666170337088,44
2345,1,3095,1644,1451,0,0,0,1.0,1,1.0,1,1.0,1,0.13503019294051183,44
2346,0,3095,1644,1451,0,0,0,1.0,1,1.0,1,1.0,1,0.13503019294051183,44
2347,5,3100,1645,1455,0,0,0,1.0,1,1.0,1,1.0,1,0.08950576183959935,44
2348,0,3100,1645,1455,0,0,0,1.0,1,1.0,1,1.0,1,0.08284438160379204,45
2349,0,3100,1645,1455,0,0,0,1.0,1,1.0,1,1.0,1,0.09143009378024224,46
2350,2,3102,1646,1456,0,0,0,1.0,1,1.0,1,1.0,1,0.10191897192751473,47
2351,0,3102,1646,1456,0,0,0,1.0,1,1.0,1,1.0,1,0.10191897192751473,47
2352,0,3102,1646,1456,0,0,0,1.0,1,1.0,1,1.0,1,0.10191897192751473,47
2353,1,3103,1647,1456,0,0,0,1.0,1,1.0,1,1.0,1,0.13708924817015014,46
2354,3,3106,1650,1456,0,0,0,1.0,1,1.0,1,1.0,1,0.12889353831872533,47
2355,1,3107,1650,1457,0,0,0,1.0,1,1.0,1,1.0,1,0.12151695249594044,47
2356,3,3110,1652,1458,0,0,0,1.0,1,1.0,1,1.0,1,0.09907138898471661,47
2357,1,3111,1653,1458,0,0,0,1.0,1,1.0,1,1.0,1,0.11123234223563562,47
2358,1,3112,1653,1459,0,0,0,1.0,1,1.0,1,1.0,1,0.07870274183998252,48
2359,2,3114,1653,1461,0,0,0,1.0,1,1.0,1,1.0,1,0.0491865639429983,49
2360,1,3115,1654,1461,0,0,0,1.0,1,1.0,1,1.0,1,0.037474884029392794,49
2361,0,3115,1654,1461,0,0,0,1.0,1,1.0,1,1.0,1,0.0346891435205025,50
2362,0,3115,1654,1461,0,0,0,1.0,1,1.0,1,1.0,1,0.026992348358872154,51
2363,0,3115,1654,1461,0,0,0,1.0,1,1.0,1,1.0,1,0.026992348358872154,51
2364,1,3116,1655,1461,0,0,0,1.0,1,1.0,1,1.0,1,0.03722384329601364,52
2365,2,3118,1657,1461,0,0,0,1.0,1,1.0,1,1.0,1,0.04398576240247573,53
2366,4,3122,1659,1463,0,0,0,1.0,1,1.0,1,1.0,1,0.047126593437393276,54
2367,3,3125,1662,1463,0,0,0,1.0,1,1.0,1,1.0,1,0.06863362490360984,52
2368,5,3130,1665,1465,0,0,0,1.0,1,1.0,1,1.0,1,0.07282710844320554,51
2369,2,3132,1667,1465,0,0,0,1.0,1,1.0,1,1.0,1,0.07799874911801863,51
2370,3,3135,1670,1465,0,0,0,1.0,1,1.0,1,1.0,1,0.11825730003327758,52
2371,5,3140,1673,1467,0,0,0,1.0,1,1.0,1,1.0,1,0.10471475075733881,52
2372,1,3141,1674,1467,0,0,0,1.0,1,1.0,1,1.0,1,0.12910270189563286,49
2373,1,3142,1675,1467,0,0,0,1.0,1,1.0,1,1.0,1,0.1279572890796128,47
2374,1,3143,1675,1468,0,0,0,1.0,1,1.0,1,1.0,1,0.08156302651155514,45
2375,0,3143,1675,1468,0,0,0,1.0,1,1.0,1,1.0,1,0.05839919935417311,45
2376,0,3143,1675,1468,0,0,0,1.0,1,1.0,1,1.0,1,0.05900444617787479,43
2377,2,3145,1676,1469,0,0,0,1.0,1,1.0,1,1.0,1,0.05937708105446999,44
2378,2,3147,1678,1469,0,0,0,1.0,1,1.0,1,1.0,1,0.0709255488299121,43
2379,2,3149,1679,1470,0,0,0,1.0,1,1.0,1,1.0,1,0.07434968288440141,43
2380,1,3150,1679,1471,0,0,0,1.0,1,1.0,1,1.0,1,0.04503552670284924,43
2381,2,3152,1681,1471,0,0,0,1.0,1,1.0,1,1.0,1,0.06750119908771463,44
2382,1,3153,1681,1472,0,0,0,1.0,1,1.0,1,1.0,1,0.04383448282337392,44
2383,2,3155,1683,1472,0,0,0,1.0,1,1.0,1,1.0,1,0.04305290052388125,45
2384,2,3157,1684,1473,0,0,0,1.0,1,1.0,1,1.0,1,0.051469339597218736,45
2385,1,3158,1685,1473,0,0,0,1.0,1,1.0,1,1.0,1,0.05016188776826643,45
2386,2,3160,1687,1473,0,0,0,1.0,1,1.0,1,1.0,1,0.023038426122121872,46
2387,1,3161,1688,1473,0,0,0,1.0,1,1.0,1,1.0,1,0.06460887052109063,44
2388,1,3162,1689,1473,0,0,0,1.0,1,1.0,1,1.0,1,0.045936475390030235,44
2389,1,3163,1690,1473,0,0,0,1.0,1,1.0,1,1.0,1,0.05366246486429491,43
2390,3,3166,1692,1474,0,0,0,1.0,1,1.0,1,1.0,1,0.04942874381016729,44
2391,0,3166,1692,1474,0,0,0,1.0,1,1.0,1,1.0,1,0.05572988895173377,43
2392,1,3167,1693,1474,0,0,0,1.0,1,1.0,1,1.0,1,0.09084384964015141,44
2393,2,3169,1695,1474,0,0,0,1.0,1,1.0,1,1.0,1,0.1421392019834008,45
2394,1,3170,1696,1474,0,0,0,1.0,1,1.0,1,1.0,1,0.15490216265790935,44
2395,1,3171,1697,1474,0,0,0,1.0,1,1.0,1,1.0,1,0.19328109537945393,44
2396,5,3176,1698,1478,0,0,0,1.0,1,1.0,1,1.0,1,0.17987798959543275,45
2397,1,3177,1698,1479,0,0,0,1.0,1,1.0,1,1.0,1,0.1935283048168742,44
2398,4,3181,1699,1482,0,0,0,1.0,1,1.0,1,1.0,1,0.19967615487336834,44
2399,1,3182,1699,1483,0,0,0,1.0,1,1.0,1,1.0,1,0.19344737037175852,45
2400,1,3183,1699,1484,0,0,0,1.0,1,1.0,1,1.0,1,0.18368094187793624,45
2401,3,3186,1699,1487,0,0,0,1.0,1,1.0,1,1.0,1,0.13997058800259854,46
2402,0,3186,1699,1487,0,0,0,1.0,1,1.0,1,1.0,1,0.10776270904644514,47
2403,0,3186,1699,1487,0,0,0,1.0,1,1.0,1,1.0,1,0.10051566684522592,48
2404,2,3188,1701,1487,0,0,0,1.0,1,1.0,1,1.0,1,0.08873149321775987,47
2405,0,3188,1701,1487,0,0,0,1.0,1,1.0,1,1.0,1,0.06791494032190898,45
2406,1,3189,1702,1487,0,0,0,1.0,1,1.0,1,1.0,1,0.10479828622012566,45
2407,2,3191,1704,1487,0,0,0,1.0,1,1.0,1,1.0,1,0.040205499337120636,42
2408,1,3192,1705,1487,0,0,0,1.0,1,1.0,1,1.0,1,0.0598910896322451,41
2409,3,3195,1708,1487,0,0,0,1.0,1,1.0,1,1.0,1,0.05950796774377006,41
2410,0,3195,1708,1487,0,0,0,1.0,1,1.0,1,1.0,1,0.04858685566026724,40
2411,3,3198,1711,1487,0,0,0,1.0,1,1.0,1,1.0,1,0.07965273585412841,40
2412,1,3199,1712,1487,0,0,0,1.0,1,1.0,1,1.0,1,0.06991048560280631,38
2413,2,3201,1714,1487,0,0,0,1.0,1,1.0,1,1.0,1,0.1453629555456156,38
2414,2,3203,1716,1487,0,0,0,1.0,1,1.0,1,1.0,1,0.13117409439960218,36
2415,2,3205,1717,1488,0,0,0,1.0,1,1.0,1,1.0,1,0.17522854422596976,36
2416,3,3208,1717,1491,0,0,0,1.0,1,1.0,1,1.0,1,0.07417151314112422,35
2417,0,3208,1717,1491,0,0,0,1.0,1,1.0,1,1.0,1,0.14636191111679128,33
2418,0,3208,1717,1491,0,0,0,1.0,1,1.0,1,1.0,1,0.14636191111679128,33
2419,1,3209,1718,1491,0,0,0,1.0,1,1.0,1,1.0,1,0.23347240737311994,33
2420,2,3211,1720,1491,0,0,0,1.0,1,1.0,1,1.0,1,0.1251533025886837,34
2421,1,3212,1720,1492,0,0,0,1.0,1,1.0,1,1.0,1,0.1156349270226495,34
2422,4,3216,1723,1493,0,0,0,1.0,1,1.0,1,1.0,1,0.03964433418278179,35
2423,1,3217,1724,1493,0,0,0,1.0,1,1.0,1,1.0,1,0.04186103515721184,36
2424,1,3218,1725,1493,0,0,0,1.0,1,1.0,1,1.0,1,0.04935493537654446,35
2425,3,3221,1728,1493,0,0,0,1.0,1,1.0,1,1.0,1,0.14445520352521218,33
2426,1,3222,1728,1494,0,0,0,1.0,1,1.0,1,1.0,1,0.13501848499937882,34
2427,1,3223,1729,1494,0,0,0,1.0,1,1.0,1,1.0,1,0.12203376743657765,34
2428,1,3224,1729,1495,0,0,0,1.0,1,1.0,1,1.0,1,0.10973108934263115,34
2429,1,3225,1730,1495,0,0,0,1.0,1,1.0,1,1.0,1,0.16575935263991293,34
2430,0,3225,1730,1495,0,0,0,1.0,1,1.0,1,1.0,1,0.1990691569730505,33
2431,3,3228,1730,1498,0,0,0,1.0,1,1.0,1,1.0,1,0.1340253012923927,33
2432,0,3228,1730,1498,0,0,0,1.0,1,1.0,1,1.0,1,0.18187674429760983,33
2433,3,3231,1732,1499,0,0,0,1.0,1,1.0,1,1.0,1,0.1492918581591787,34
2434,1,3232,1732,1500,0,0,0,1.0,1,1.0,1,1.0,1,0.11690850603973191,34
2435,0,3232,1732,1500,0,0,0,1.0,1,1.0,1,1.0,1,0.11690850603973191,34
2436,0,3232,1732,1500,0,0,0,1.0,1,1.0,1,1.0,1,0.1392210411019518,33
2437,2,3234,1734,1500,0,0,0,1.0,1,1.0,1,1.0,1,0.20902253002374138,33
2438,2,3236,1735,1501,0,0,0,1.0,1,1.0,1,1.0,1,0.1520394344596559,34
2439,1,3237,1735,1502,0,0,0,1.0,1,1.0,1,1.0,1,0.13265252688754933,35
2440,1,3238,1735,1503,0,0,0,1.0,1,1.0,1,1.0,1,0.12282642084214,35
2441,2,3240,1737,1503,0,0,0,1.0,1,1.0,1,1.0,1,0.129285922647727,35
2442,0,3240,1737,1503,0,0,0,1.0,1,1.0,1,1.0,1,0.11217278316711132,35
2443,3,3243,1740,1503,0,0,0,1.0,1,1.0,1,1.0,1,0.2083154131562689,35
2444,2,3245,1740,1505,0,0,0,1.0,1,1.0,1,1.0,1,0.21045349152422685,34
2445,1,3246,1741,1505,0,0,0,1.0,1,1.0,1,1.0,1,0.25002334818065874,33
2446,5,3251,1741,1510,0,0,0,1.0,1,1.0,1,1.0,1,0.1589288482448597,30
2447,0,3251,1741,1510,0,0,0,1.0,1,1.0,1,1.0,1,0.13702807835361158,29
2448,1,3252,1742,1510,0,0,0,1.0,1,1.0,1,1.0,1,0.11752284426687061,27
2449,1,3253,1742,1511,0,0,0,1.0,1,1.0,1,1.0,1,0.0898132711257172,26
2450,1,3254,1743,1511,0,0,0,1.0,1,1.0,1,1.0,1,0.12242080302419966,28
2451,0,3254,1743,1511,0,0,0,1.0,1,1.0,1,1.0,1,0.12242080302419966,28
2452,1,3255,1744,1511,0,0,0,1.0,1,1.0,1,1.0,1,0.11533288864135027,29
2453,1,3256,1745,1511,0,0,0,1.0,1,1.0,1,1.0,1,0.11957279966937992,30
2454,3,3259,1747,1512,0,0,0,1.0,1,1.0,1,1.0,1,0.10147785662532914,32
2455,2,3261,1748,1513,0,0,0,1.0,1,1.0,1,1.0,1,0.027874879358218058,33
2456,2,3263,1750,1513,0,0,0,1.0,1,1.0,1,1.0,1,0.07136446485192621,34
2457,2,3265,1751,1514,0,0,0,1.0,1,1.0,1,1.0,1,0.08598156068274644,34
2458,1,3266,1751,1515,0,0,0,1.0,1,1.0,1,1.0,1,0.08546486785071024,36
2459,0,3266,1751,1515,0,0,0,1.0,1,1.0,1,1.0,1,0.08546486785071024,36
2460,1,3267,1752,1515,0,0,0,1.0,1,1.0,1,1.0,1,0.07947232366469922,37
2461,1,3268,1753,1515,0,0,0,1.0,1,1.0,1,1.0,1,0.12569065781288588,37
2462,1,3269,1754,1515,0,0,0,1.0,1,1.0,1,1.0,1,0.1666795750200668,38
2463,1,3270,1755,1515,0,0,0,1.0,1,1.0,1,1.0,1,0.12939699999226403,38
2464,3,3273,1756,1517,0,0,0,1.0,1,1.0,1,1.0,1,0.0623371633786096,37
2465,1,3274,1757,1517,0,0,0,1.0,1,1.0,1,1.0,1,0.07687884415905914,36
2466,1,3275,1758,1517,0,0,0,1.0,1,1.0,1,1.0,1,0.09477511161288305,36
2467,2,3277,1758,1519,0,0,0,1.0,1,1.0,1,1.0,1,0.08950134443796383,34
2468,1,3278,1759,1519,0,0,0,1.0,1,1.0,1,1.0,1,0.09405931182239084,33
2469,1,3279,1760,1519,0,0,0,1.0,1,1.0,1,1.0,1,0.10352657274035458,32
2470,1,3280,1760,1520,0,0,0,1.0,1,1.0,1,1.0,1,0.05235653631958285,33
2471,0,3280,1760,1520,0,0,0,1.0,1,1.0,1,1.0,1,0.1180464605476187,31
2472,0,3280,1760,1520,0,0,0,1.0,1,1.0,1,1.0,1,0.11069034327962844,32
2473,1,3281,1761,1520,0,0,0,1.0,1,1.0,1,1.0,1,0.15376035608157096,31
2474,1,3282,1761,1521,0,0,0,1.0,1,1.0,1,1.0,1,0.12811830186828574,33
2475,2,3284,1762,1522,0,0,0,1.0,1,1.0,1,1.0,1,0.15919570096683416,33
2476,2,3286,1763,1523,0,0,0,1.0,1,1.0,1,1.0,1,0.19730538410589432,33
2477,1,3287,1764,1523,0,0,0,1.0,1,1.0,1,1.0,1,0.22834278532026558,33
2478,0,3287,1764,1523,0,0,0,1.0,1,1.0,1,1.0,1,0.22834278532026558,33
2479,4,3291,1766,1525,0,0,0,1.0,1,1.0,1,1.0,1,0.22709733269273832,33
2480,1,3292,1766,1526,0,0,0,1.0,1,1.0,1,1.0,1,0.21211965266654012,34
2481,5,3297,1769,1528,0,0,0,1.0,1,1.0,1,1.0,1,0.14079269270532704,33
2482,3,3300,1770,1530,0,0,0,1.0,1,1.0,1,1.0,1,0.07531244847246116,34
2483,0,3300,1770,1530,0,0,0,1.0,1,1.0,1,1.0,1,0.05857664010348715,33
2484,1,3301,1771,1530,0,0,0,1.0,1,1.0,1,1.0,1,0.048163024043858395,32
2485,2,3303,1773,1530,0,0,0,1.0,1,1.0,1,1.0,1,0.01859005872199869,31
2486,2,3305,1775,1530,0,0,0,1.0,1,1.0,1,1.0,1,0.054212818869091205,29
2487,0,3305,1775,1530,0,0,0,1.0,1,1.0,1,1.0,1,0.054212818869091205,29
2488,2,3307,1777,1530,0,0,0,1.0,1,1.0,1,1.0,1,0.08734180313904152,30
2489,1,3308,1778,1530,0,0,0,1.0,1,1.0,1,1.0,1,0.050390625644773854,29
2490,0,3308,1778,1530,0,0,0,1.0,1,1.0,1,1.0,1,0.04330120301770222,30
2491,0,3308,1778,1530,0,0,0,1.0,1,1.0,1,1.0,1,0.050957970351775794,30
2492,1,3309,1779,1530,0,0,0,1.0,1,1.0,1,1.0,1,0.06830322750878114,29
2493,0,3309,1779,1530,0,0,0,1.0,1,1.0,1,1.0,1,0.06830322750878114,29
2494,1,3310,1780,1530,0,0,0,1.0,1,1.0,1,1.0,1,0.04022448684119389,28
2495,0,3310,1780,1530,0,0,0,1.0,1,1.0,1,1.0,1,0.029828197411195172,29
2496,0,3310,1780,1530,0,0,0,1.0,1,1.0,1,1.0,1,0.033076827980018604,28
2497,0,3310,1780,1530,0,0,0,1.0,1,1.0,1,1.0,1,0.05878160705921434,28
2498,0,3310,1780,1530,0,0,0,1.0,1,1.0,1,1.0,1,0.08478432861664846,29
2499,1,3311,1780,1531,0,0,0,1.0,1,1.0,1,1.0,1,0.0667427703021427,30
2500,0,3311,1780,1531,0,0,0,1.0,1,1.0,1,1.0,1,0.09923724451117542,29
2501,4,3315,1783,1532,0,0,0,1.0,1,1.0,1,1.0,1,0.05746007634166975,33
2502,1,3316,1784,1532,0,0,0,1.0,1,1.0,1,1.0,1,0.0715929603571923,33
2503,2,3318,1786,1532,0,0,0,1.0,1,1.0,1,1.0,1,0.09668752248951125,31
2504,2,3320,1788,1532,0,0,0,1.0,1,1.0,1,1.0,1,0.06714180120663626,31
2505,2,3322,1790,1532,0,0,0,1.0,1,1.0,1,1.0,1,0.040050577011630756,32
2506,2,3324,1792,1532,0,0,0,1.0,1,1.0,1,1.0,1,0.10099986457226252,31
2507,3,3327,1795,1532,0,0,0,1.0,1,1.0,1,1.0,1,0.18683204146879606,29
2508,3,3330,1797,1533,0,0,0,1.0,1,1.0,1,1.0,1,0.1553484696729587,31
2509,2,3332,1797,1535,0,0,0,1.0,1,1.0,1,1.0,1,0.10343955608742102,30
2510,1,3333,1797,1536,0,0,0,1.0,1,1.0,1,1.0,1,0.09764058718004463,31
2511,0,3333,1797,1536,0,0,0,1.0,1,1.0,1,1.0,1,0.09060293168694131,32
2512,3,3336,1799,1537,0,0,0,1.0,1,1.0,1,1.0,1,0.09305690205631637,32
2513,1,3337,1800,1537,0,0,0,1.0,1,1.0,1,1.0,1,0.07782074703577262,34
2514,3,3340,1801,1539,0,0,0,1.0,1,1.0,1,1.0,1,0.029664792359485458,35
2515,0,3340,1801,1539,0,0,0,1.0,1,1.0,1,1.0,1,0.029664792359485458,35
2516,1,3341,1802,1539,0,0,0,1.0,1,1.0,1,1.0,1,0.14129077859061956,34
2517,2,3343,1803,1540,0,0,0,1.0,1,1.0,1,1.0,1,0.14221484383054925,34
2518,1,3344,1804,1540,0,0,0,1.0,1,1.0,1,1.0,1,0.18808063105172212,33
2519,1,3345,1805,1540,0,0,0,1.0,1,1.0,1,1.0,1,0.14125411960610876,32
2520,3,3348,1806,1542,0,0,0,1.0,1,1.0,1,1.0,1,0.03198250687624602,31
2521,1,3349,1807,1542,0,0,0,1.0,1,1.0,1,1.0,1,0.07552152177380718,31
2522,0,3349,1807,1542,0,0,0,1.0,1,1.0,1,1.0,1,0.06497019366952687,30
2523,0,3349,1807,1542,0,0,0,1.0,1,1.0,1,1.0,1,0.08143646970963501,30
2524,1,3350,1807,1543,0,0,0,1.0,1,1.0,1,1.0,1,0.11329654963329071,29
2525,0,3350,1807,1543,0,0,0,1.0,1,1.0,1,1.0,1,0.11329654963329071,29
2526,0,3350,1807,1543,0,0,0,1.0,1,1.0,1,1.0,1,0.14543538464143765,27
2527,0,3350,1807,1543,0,0,0,1.0,1,1.0,1,1.0,1,0.13480181472867994,28
2528,0,3350,1807,1543,0,0,0,1.0,1,1.0,1,1.0,1,0.13480181472867994,28
2529,0,3350,1807,1543,0,0,0,1.0,1,1.0,1,1.0,1,0.13480181472867994,28
2530,0,3350,1807,1543,0,0,0,1.0,1,1.0,1,1.0,1,0.13182207107925664,29
2531,0,3350,1807,1543,0,0,0,1.0,1,1.0,1,1.0,1,0.13598216810400282,30
2532,0,3350,1807,1543,0,0,0,1.0,1,1.0,1,1.0,1,0.12647719845028463,31
2533,0,3350,1807,1543,0,0,0,1.0,1,1.0,1,1.0,1,0.12647719845028463,31
2534,0,3350,1807,1543,0,0,0,1.0,1,1.0,1,1.0,1,0.12647719845028463,31
2535,1,3351,1808,1543,0,0,0,1.0,1,1.0,1,1.0,1,0.15954456514211393,31
2536,0,3351,1808,1543,0,0,0,1.0,1,1.0,1,1.0,1,0.1549667733203458,32
2537,3,3354,1810,1544,0,0,0,1.0,1,1.0,1,1.0,1,0.17056087177215848,33
2538,1,3355,1810,1545,0,0,0,1.0,1,1.0,1,1.0,1,0.13114412730919375,35
2539,3,3358,1813,1545,0,0,0,1.0,1,1.0,1,1.0,1,0.15293856666932415,37
2540,6,3364,1817,1547,0,0,0,1.0,1,1.0,1,1.0,1,0.17336353443311048,38
2541,1,3365,1817,1548,0,0,0,1.0,1,1.0,1,1.0,1,0.15143873995365362,39
2542,3,3368,1820,1548,0,0,0,1.0,1,1.0,1,1.0,1,0.19876976129383497,38
2543,2,3370,1822,1548,0,0,0,1.0,1,1.0,1,1.0,1,0.17959767761772452,41
2544,1,3371,1823,1548,0,0,0,1.0,1,1.0,1,1.0,1,0.16648272391899016,39
2545,1,3372,1824,1548,0,0,0,1.0,1,1.0,1,1.0,1,0.1964751899485969,40
2546,1,3373,1825,1548,0,0,0,1.0,1,1.0,1,1.0,1,0.17352878429110485,38
2547,3,3376,1828,1548,0,0,0,1.0,1,1.0,1,1.0,1,0.1641384554800979,38
2548,0,3376,1828,1548,0,0,0,1.0,1,1.0,1,1.0,1,0.1441279960492192,35
2549,0,3376,1828,1548,0,0,0,1.0,1,1.0,1,1.0,1,0.13150372165720253,35
2550,0,3376,1828,1548,0,0,0,1.0,1,1.0,1,1.0,1,0.1344470346973982,33
2551,1,3377,1829,1548,0,0,0,1.0,1,1.0,1,1.0,1,0.19306211362615286,31
2552,0,3377,1829,1548,0,0,0,1.0,1,1.0,1,1.0,1,0.2008464373572543,30
2553,1,3378,1830,1548,0,0,0,1.0,1,1.0,1,1.0,1,0.23718493544276756,30
2554,2,3380,1830,1550,0,0,0,1.0,1,1.0,1,1.0,1,0.18061767375510168,32
2555,0,3380,1830,1550,0,0,0,1.0,1,1.0,1,1.0,1,0.22837092370159048,32
2556,1,3381,1831,1550,0,0,0,1.0,1,1.0,1,1.0,1,0.19564645231789315,32
2557,0,3381,1831,1550,0,0,0,1.0,1,1.0,1,1.0,1,0.20778725431280282,30
2558,0,3381,1831,1550,0,0,0,1.0,1,1.0,1,1.0,1,0.1717019809754598,31
2559,0,3381,1831,1550,0,0,0,1.0,1,1.0,1,1.0,1,0.15954741200548278,30
2560,0,3381,1831,1550,0,0,0,1.0,1,1.0,1,1.0,1,0.15954741200548278,30
2561,0,3381,1831,1550,0,0,0,1.0,1,1.0,1,1.0,1,0.15954741200548278,30
2562,0,3381,1831,1550,0,0,0,1.0,1,1.0,1,1.0,1,0.16646273489155242,33
2563,0,3381,1831,1550,0,0,0,1.0,1,1.0,1,1.0,1,0.16646273489155242,33
2564,0,3381,1831,1550,0,0,0,1.0,1,1.0,1,1.0,1,0.16646273489155242,33
2565,1,3382,1832,1550,0,0,0,1.0,1,1.0,1,1.0,1,0.14100354075954258,33
2566,1,3383,1833,1550,0,0,0,1.0,1,1.0,1,1.0,1,0.14074663476196111,35
2567,2,3385,1835,1550,0,0,0,1.0,1,1.0,1,1.0,1,0.1646074323090838,36
2568,2,3387,1836,1551,0,0,0,1.0,1,1.0,1,1.0,1,0.18581192482967052,37
2569,0,3387,1836,1551,0,0,0,1.0,1,1.0,1,1.0,1,0.18581192482967052,37
2570,0,3387,1836,1551,0,0,0,1.0,1,1.0,1,1.0,1,0.19714944090878272,37
2571,0,3387,1836,1551,0,0,0,1.0,1,1.0,1,1.0,1,0.19714944090878272,37
2572,0,3387,1836,1551,0,0,0,1.0,1,1.0,1,1.0,1,0.17665526384990732,39
2573,0,3387,1836,1551,0,0,0,1.0,1,1.0,1,1.0,1,0.17665526384990732,39
2574,0,3387,1836,1551,0,0,0,1.0,1,1.0,1,1.0,1,0.17471569501214215,38
2575,0,3387,1836,1551,0,0,0,1.0,1,1.0,1,1.0,1,0.17471569501214215,38
2576,0,3387,1836,1551,0,0,0,1.0,1,1.0,1,1.0,1,0.2031741225103959,37
2577,1,3388,1837,1551,0,0,0,1.0,1,1.0,1,1.0,1,0.2169964576149346,39
2578,3,3391,1839,1552,0,0,0,1.0,1,1.0,1,1.0,1,0.2384413399205996,40
2579,1,3392,1839,1553,0,0,0,1.0,1,1.0,1,1.0,1,0.20763343653966196,41
2580,4,3396,1840,1556,0,0,0,1.0,1,1.0,1,1.0,1,0.16638324356868536,42
2581,2,3398,1840,1558,0,0,0,1.0,1,1.0,1,1.0,1,0.11153900548983581,43
2582,2,3400,1840,1560,0,0,0,1.0,1,1.0,1,1.0,1,0.05868261317362092,43
2583,3,3403,1841,1562,0,0,0,1.0,1,1.0,1,1.0,1,0.04217154413257558,43
2584,0,3403,1841,1562,0,0,0,1.0,1,1.0,1,1.0,1,0.04022886698910468,43
2585,1,3404,1842,1562,0,0,0,1.0,1,1.0,1,1.0,1,0.049624843683344744,44
2586,0,3404,1842,1562,0,0,0,1.0,1,1.0,1,1.0,1,0.04275964347690986,43
2587,4,3408,1846,1562,0,0,0,1.0,1,1.0,1,1.0,1,0.10235405523136729,44
2588,0,3408,1846,1562,0,0,0,1.0,1,1.0,1,1.0,1,0.10235405523136729,44
2589,3,3411,1848,1563,0,0,0,1.0,1,1.0,1,1.0,1,0.07736710126243275,44
2590,2,3413,1849,1564,0,0,0,1.0,1,1.0,1,1.0,1,0.032350013650562184,44
2591,1,3414,1850,1564,0,0,0,1.0,1,1.0,1,1.0,1,0.04761974451814784,44
2592,2,3416,1851,1565,0,0,0,1.0,1,1.0,1,1.0,1,0.05686766926992997,44
2593,2,3418,1853,1565,0,0,0,1.0,1,1.0,1,1.0,1,0.07244715979119302,43
2594,1,3419,1854,1565,0,0,0,1.0,1,1.0,1,1.0,1,0.038006661502655394,48
2595,1,3420,1855,1565,0,0,0,1.0,1,1.0,1,1.0,1,0.05134120910274286,45
2596,1,3421,1856,1565,0,0,0,1.0,1,1.0,1,1.0,1,0.07546824205316396,46
2597,1,3422,1857,1565,0,0,0,1.0,1,1.0,1,1.0,1,0.0642926109013367,45
2598,0,3422,1857,1565,0,0,0,1.0,1,1.0,1,1.0,1,0.0642926109013367,45
2599,4,3426,1860,1566,0,0,0,1.0,1,1.0,1,1.0,1,0.07096794933328479,45
2600,1,3427,1861,1566,0,0,0,1.0,1,1.0,1,1.0,1,0.049130126154022485,48
2601,2,3429,1861,1568,0,0,0,1.0,1,1.0,1,1.0,1,0.023659901546601626,47
2602,0,3429,1861,1568,0,0,0,1.0,1,1.0,1,1.0,1,0.022614736911397742,48
2603,0,3429,1861,1568,0,0,0,1.0,1,1.0,1,1.0,1,0.022614736911397742,48
2604,0,3429,1861,1568,0,0,0,1.0,1,1.0,1,1.0,1,0.026984109400368314,47
2605,0,3429,1861,1568,0,0,0,1.0,1,1.0,1,1.0,1,0.026984109400368314,47
2606,0,3429,1861,1568,0,0,0,1.0,1,1.0,1,1.0,1,0.022943848523555507,46
2607,0,3429,1861,1568,0,0,0,1.0,1,1.0,1,1.0,1,0.04150443148666734,45
2608,1,3430,1862,1568,0,0,0,1.0,1,1.0,1,1.0,1,0.026112331044504056,45
2609,1,3431,1863,1568,0,0,0,1.0,1,1.0,1,1.0,1,0.03079167247515341,44
2610,2,3433,1865,1568,0,0,0,1.0,1,1.0,1,1.0,1,0.09669310679161969,45
2611,6,3439,1870,1569,0,0,0,1.0,1,1.0,1,1.0,1,0.11514701916633586,46
2612,2,3441,1872,1569,0,0,0,1.0,1,1.0,1,1.0,1,0.12615226894085263,47
2613,1,3442,1873,1569,0,0,0,1.0,1,1.0,1,1.0,1,0.1590490115266324,48
2614,4,3446,1875,1571,0,0,0,1.0,1,1.0,1,1.0,1,0.20109177773451908,48
2615,4,3450,1878,1572,0,0,0,1.0,1,1.0,1,1.0,1,0.174946219449382,49
2616,0,3450,1878,1572,0,0,0,1.0,1,1.0,1,1.0,1,0.174946219449382,49
2617,1,3451,1878,1573,0,0,0,1.0,1,1.0,1,1.0,1,0.14725523609254954,48
2618,1,3452,1878,1574,0,0,0,1.0,1,1.0,1,1.0,1,0.14611422731701726,47
2619,0,3452,1878,1574,0,0,0,1.0,1,1.0,1,1.0,1,0.12274221437175956,50
2620,4,3456,1881,1575,0,0,0,1.0,1,1.0,1,1.0,1,0.12218370480116462,51
2621,3,3459,1882,1577,0,0,0,1.0,1,1.0,1,1.0,1,0.12927580658036342,52
2622,2,3461,1884,1577,0,0,0,1.0,1,1.0,1,1.0,1,0.1242715497543958,52
2623,2,3463,1884,1579,0,0,0,1.0,1,1.0,1,1.0,1,0.0893166849373634,53
2624,0,3463,1884,1579,0,0,0,1.0,1,1.0,1,1.0,1,0.12756045615794034,51
2625,2,3465,1886,1579,0,0,0,1.0,1,1.0,1,1.0,1,0.129110737096358,50
2626,2,3467,1886,1581,0,0,0,1.0,1,1.0,1,1.0,1,0.1231215104959473,49
2627,1,3468,1887,1581,0,0,0,1.0,1,1.0,1,1.0,1,0.12523302729370567,48
2628,1,3469,1888,1581,0,0,0,1.0,1,1.0,1,1.0,1,0.1416692293280789,48
2629,2,3471,1888,1583,0,0,0,1.0,1,1.0,1,1.0,1,0.11694235387736845,47
2630,0,3471,1888,1583,0,0,0,1.0,1,1.0,1,1.0,1,0.1325948874575985,47
2631,1,3472,1889,1583,0,0,0,1.0,1,1.0,1,1.0,1,0.12379687458465576,47
2632,1,3473,1889,1584,0,0,0,1.0,1,1.0,1,1.0,1,0.119515546663672,47
2633,1,3474,1890,1584,0,0,0,1.0,1,1.0,1,1.0,1,0.11314432570833671,44
2634,2,3476,1890,1586,0,0,0,1.0,1,1.0,1,1.0,1,0.07070773496156962,44
2635,3,3479,1892,1587,0,0,0,1.0,1,1.0,1,1.0,1,0.048838628892368785,45
2636,3,3482,1895,1587,0,0,0,1.0,1,1.0,1,1.0,1,0.12469753320223391,40
2637,3,3485,1898,1587,0,0,0,1.0,1,1.0,1,1.0,1,0.11948304750956552,41
2638,4,3489,1901,1588,0,0,0,1.0,1,1.0,1,1.0,1,0.15410936883698975,38
2639,1,3490,1901,1589,0,0,0,1.0,1,1.0,1,1.0,1,0.1317075224573825,39
2640,2,3492,1903,1589,0,0,0,1.0,1,1.0,1,1.0,1,0.15362795729195405,38
2641,1,3493,1904,1589,0,0,0,1.0,1,1.0,1,1.0,1,0.145083785091127,37
2642,3,3496,1906,1590,0,0,0,1.0,1,1.0,1,1.0,1,0.13835157158486192,38
2643,1,3497,1906,1591,0,0,0,1.0,1,1.0,1,1.0,1,0.07500643881801011,37
2644,2,3499,1908,1591,0,0,0,1.0,1,1.0,1,1.0,1,0.09366061993075016,36
2645,0,3499,1908,1591,0,0,0,1.0,1,1.0,1,1.0,1,0.07075563241243073,35
2646,1,3500,1909,1591,0,0,0,1.0,1,1.0,1,1.0,1,0.10593391096775509,35
2647,3,3503,1912,1591,0,0,0,1.0,1,1.0,1,1.0,1,0.09870430341916012,35
2648,0,3503,1912,1591,0,0,0,1.0,1,1.0,1,1.0,1,0.0708901797788678,36
2649,0,3503,1912,1591,0,0,0,1.0,1,1.0,1,1.0,1,0.08334265024472444,37
2650,3,3506,1914,1592,0,0,0,1.0,1,1.0,1,1.0,1,0.06843949871749003,39
2651,1,3507,1915,1592,0,0,0,1.0,1,1.0,1,1.0,1,0.05685317759630819,39
2652,0,3507,1915,1592,0,0,0,1.0,1,1.0,1,1.0,1,0.05685317759630819,39
2653,0,3507,1915,1592,0,0,0,1.0,1,1.0,1,1.0,1,0.05685317759630819,39
2654,1,3508,1916,1592,0,0,0,1.0,1,1.0,1,1.0,1,0.062199893277907974,40
2655,0,3508,1916,1592,0,0,0,1.0,1,1.0,1,1.0,1,0.062199893277907974,40
2656,1,3509,1917,1592,0,0,0,1.0,1,1.0,1,1.0,1,0.06952308344626056,39
2657,1,3510,1917,1593,0,0,0,1.0,1,1.0,1,1.0,1,0.06443549362005785,40
2658,0,3510,1917,1593,0,0,0,1.0,1,1.0,1,1.0,1,0.08012617295626001,41
2659,0,3510,1917,1593,0,0,0,1.0,1,1.0,1,1.0,1,0.08012617295626001,41
2660,3,3513,1919,1594,0,0,0,1.0,1,1.0,1,1.0,1,0.07209086079901292,40
2661,2,3515,1921,1594,0,0,0,1.0,1,1.0,1,1.0,1,0.08228036738434757,40
2662,2,3517,1922,1595,0,0,0,1.0,1,1.0,1,1.0,1,0.035144199949930496,42
2663,2,3519,1924,1595,0,0,0,1.0,1,1.0,1,1.0,1,0.025745514982917186,41
2664,1,3520,1925,1595,0,0,0,1.0,1,1.0,1,1.0,1,0.06261763109987953,42
2665,4,3524,1928,1596,0,0,0,1.0,1,1.0,1,1.0,1,0.10813286250714053,43
2666,2,3526,1930,1596,0,0,0,1.0,1,1.0,1,1.0,1,0.13168620335809456,44
2667,3,3529,1931,1598,0,0,0,1.0,1,1.0,1,1.0,1,0.16899467243456565,42
2668,5,3534,1931,1603,0,0,0,1.0,1,1.0,1,1.0,1,0.11502493653869117,41
2669,1,3535,1931,1604,0,0,0,1.0,1,1.0,1,1.0,1,0.10032183758423527,42
2670,0,3535,1931,1604,0,0,0,1.0,1,1.0,1,1.0,1,0.12390959772560761,40
2671,1,3536,1932,1604,0,0,0,1.0,1,1.0,1,1.0,1,0.10624381081992113,39
2672,0,3536,1932,1604,0,0,0,1.0,1,1.0,1,1.0,1,0.10144439646313017,36
2673,3,3539,1934,1605,0,0,0,1.0,1,1.0,1,1.0,1,0.09957450967793242,35
2674,2,3541,1936,1605,0,0,0,1.0,1,1.0,1,1.0,1,0.07208556337286473,33
2675,2,3543,1938,1605,0,0,0,1.0,1,1.0,1,1.0,1,0.14230639879007767,34
2676,1,3544,1939,1605,0,0,0,1.0,1,1.0,1,1.0,1,0.07333181594074589,32
2677,4,3548,1942,1606,0,0,0,1.0,1,1.0,1,1.0,1,0.14742977787130696,33
2678,0,3548,1942,1606,0,0,0,1.0,1,1.0,1,1.0,1,0.1366666481653247,33
2679,2,3550,1944,1606,0,0,0,1.0,1,1.0,1,1.0,1,0.15287838923074432,32
2680,2,3552,1945,1607,0,0,0,1.0,1,1.0,1,1.0,1,0.08090039635103678,32
2681,0,3552,1945,1607,0,0,0,1.0,1,1.0,1,1.0,1,0.0405799390917988,32
2682,1,3553,1945,1608,0,0,0,1.0,1,1.0,1,1.0,1,0.04590340050435462,33
2683,0,3553,1945,1608,0,0,0,1.0,1,1.0,1,1.0,1,0.05171725398883269,32
2684,0,3553,1945,1608,0,0,0,1.0,1,1.0,1,1.0,1,0.030056963974362777,31
2685,0,3553,1945,1608,0,0,0,1.0,1,1.0,1,1.0,1,0.030056963974362777,31
2686,0,3553,1945,1608,0,0,0,1.0,1,1.0,1,1.0,1,0.006720176228111409,30
2687,0,3553,1945,1608,0,0,0,1.0,1,1.0,1,1.0,1,0.006720176228111409,30
2688,1,3554,1946,1608,0,0,0,1.0,1,1.0,1,1.0,1,0.027211663784057143,30
2689,2,3556,1948,1608,0,0,0,1.0,1,1.0,1,1.0,1,0.06022648310190584,31
2690,5,3561,1952,1609,0,0,0,1.0,1,1.0,1,1.0,1,0.12025095892921585,31
2691,1,3562,1953,1609,0,0,0,1.0,1,1.0,1,1.0,1,0.13378128582124166,32
2692,4,3566,1955,1611,0,0,0,1.0,1,1.0,1,1.0,1,0.1281114495834225,32
2693,2,3568,1957,1611,0,0,0,1.0,1,1.0,1,1.0,1,0.10632178254112025,33
2694,0,3568,1957,1611,0,0,0,1.0,1,1.0,1,1.0,1,0.1266864928090083,34
2695,1,3569,1957,1612,0,0,0,1.0,1,1.0,1,1.0,1,0.07521416465514949,35
2696,0,3569,1957,1612,0,0,0,1.0,1,1.0,1,1.0,1,0.07521416465514949,35
2697,2,3571,1959,1612,0,0,0,1.0,1,1.0,1,1.0,1,0.07046109526892806,35
2698,1,3572,1959,1613,0,0,0,1.0,1,1.0,1,1.0,1,0.026793016148853623,36
2699,0,3572,1959,1613,0,0,0,1.0,1,1.0,1,1.0,1,0.05645317107913383,36
2700,0,3572,1959,1613,0,0,0,1.0,1,1.0,1,1.0,1,0.06958709081942693,37
2701,1,3573,1960,1613,0,0,0,1.0,1,1.0,1,1.0,1,0.042829484924042795,37
2702,3,3576,1963,1613,0,0,0,1.0,1,1.0,1,1.0,1,0.14152906721771694,37
2703,1,3577,1964,1613,0,0,0,1.0,1,1.0,1,1.0,1,0.11979274651756829,38
2704,4,3581,1965,1616,0,0,0,1.0,1,1.0,1,1.0,1,0.10583330868348344,37
2705,1,3582,1966,1616,0,0,0,1.0,1,1.0,1,1.0,1,0.10389489658420786,36
2706,2,3584,1968,1616,0,0,0,1.0,1,1.0,1,1.0,1,0.1252891508765243,36
2707,3,3587,1969,1618,0,0,0,1.0,1,1.0,1,1.0,1,0.1253030386268,35
2708,3,3590,1970,1620,0,0,0,1.0,1,1.0,1,1.0,1,0.09724175595835287,36
2709,2,3592,1972,1620,0,0,0,1.0,1,1.0,1,1.0,1,0.11697167576393827,32
2710,0,3592,1972,1620,0,0,0,1.0,1,1.0,1,1.0,1,0.11281885391462648,29
2711,0,3592,1972,1620,0,0,0,1.0,1,1.0,1,1.0,1,0.055665082674846635,29
2712,0,3592,1972,1620,0,0,0,1.0,1,1.0,1,1.0,1,0.07906631551354033,28
2713,0,3592,1972,1620,0,0,0,1.0,1,1.0,1,1.0,1,0.04864956650648529,28
2714,1,3593,1973,1620,0,0,0,1.0,1,1.0,1,1.0,1,0.08054496848836602,26
2715,0,3593,1973,1620,0,0,0,1.0,1,1.0,1,1.0,1,0.11104669101595473,24
2716,2,3595,1974,1621,0,0,0,1.0,1,1.0,1,1.0,1,0.11749118956113674,24
2717,4,3599,1978,1621,0,0,0,1.0,1,1.0,1,1.0,1,0.14732207861937271,25
2718,1,3600,1978,1622,0,0,0,1.0,1,1.0,1,1.0,1,0.1535936915165338,25
2719,3,3603,1980,1623,0,0,0,1.0,1,1.0,1,1.0,1,0.15064575069437616,25
2720,4,3607,1982,1625,0,0,0,1.0,1,1.0,1,1.0,1,0.20319442222491366,25
2721,2,3609,1984,1625,0,0,0,1.0,1,1.0,1,1.0,1,0.2388760360039678,25
2722,3,3612,1985,1627,0,0,0,1.0,1,1.0,1,1.0,1,0.20800054093970546,26
2723,0,3612,1985,1627,0,0,0,1.0,1,1.0,1,1.0,1,0.20800054093970546,26
2724,1,3613,1986,1627,0,0,0,1.0,1,1.0,1,1.0,1,0.15066250422123673,27
2725,0,3613,1986,1627,0,0,0,1.0,1,1.0,1,1.0,1,0.12219483758398247,28
2726,0,3613,1986,1627,0,0,0,1.0,1,1.0,1,1.0,1,0.12219483758398247,28
2727,1,3614,1986,1628,0,0,0,1.0,1,1.0,1,1.0,1,0.10139756026259707,29
2728,0,3614,1986,1628,0,0,0,1.0,1,1.0,1,1.0,1,0.10139756026259707,29
2729,0,3614,1986,1628,0,0,0,1.0,1,1.0,1,1.0,1,0.10739796343577719,29
2730,1,3615,1987,1628,0,0,0,1.0,1,1.0,1,1.0,1,0.10907889634837911,29
2731,0,3615,1987,1628,0,0,0,1.0,1,1.0,1,1.0,1,0.0790469652287871,30
2732,2,3617,1989,1628,0,0,0,1.0,1,1.0,1,1.0,1,0.09108358254412142,29
2733,1,3618,1990,1628,0,0,0,1.0,1,1.0,1,1.0,1,0.10847199623787163,29
2734,0,3618,1990,1628,0,0,0,1.0,1,1.0,1,1.0,1,0.10847199623787163,29
2735,1,3619,1991,1628,0,0,0,1.0,1,1.0,1,1.0,1,0.14158704754079765,29
2736,1,3620,1991,1629,0,0,0,1.0,1,1.0,1,1.0,1,0.13801691026320098,30
2737,1,3621,1991,1630,0,0,0,1.0,1,1.0,1,1.0,1,0.12344771233545683,30
2738,2,3623,1992,1631,0,0,0,1.0,1,1.0,1,1.0,1,0.11823668114037729,30
2739,1,3624,1993,1631,0,0,0,1.0,1,1.0,1,1.0,1,0.11505110175509078,29
2740,1,3625,1993,1632,0,0,0,1.0,1,1.0,1,1.0,1,0.08259233693184359,29
2741,0,3625,1993,1632,0,0,0,1.0,1,1.0,1,1.0,1,0.11040662499892685,28
2742,1,3626,1994,1632,0,0,0,1.0,1,1.0,1,1.0,1,0.14580237392133016,28
2743,2,3628,1995,1633,0,0,0,1.0,1,1.0,1,1.0,1,0.16371930780730895,29
2744,0,3628,1995,1633,0,0,0,1.0,1,1.0,1,1.0,1,0.12241731146242575,27
2745,2,3630,1997,1633,0,0,0,1.0,1,1.0,1,1.0,1,0.1686740852168431,25
2746,1,3631,1997,1634,0,0,0,1.0,1,1.0,1,1.0,1,0.1318030784398514,25
2747,1,3632,1998,1634,0,0,0,1.0,1,1.0,1,1.0,1,0.16752885665658496,23
2748,0,3632,1998,1634,0,0,0,1.0,1,1.0,1,1.0,1,0.1374893372389379,22
2749,0,3632,1998,1634,0,0,0,1.0,1,1.0,1,1.0,1,0.16410214528955425,19
2750,0,3632,1998,1634,0,0,0,1.0,1,1.0,1,1.0,1,0.13996664675650927,18
2751,0,3632,1998,1634,0,0,0,1.0,1,1.0,1,1.0,1,0.19284218737271253,16
2752,1,3633,1999,1634,0,0,0,1.0,1,1.0,1,1.0,1,0.16211180106105527,15
2753,0,3633,1999,1634,0,0,0,1.0,1,1.0,1,1.0,1,0.16211180106105527,15
2754,0,3633,1999,1634,0,0,0,1.0,1,1.0,1,1.0,1,0.16211180106105527,15
2755,0,3633,1999,1634,0,0,0,1.0,1,1.0,1,1.0,1,0.16211180106105527,15
2756,1,3634,1999,1635,0,0,0,1.0,1,1.0,1,1.0,1,0.12824168057583576,16
2757,0,3634,1999,1635,0,0,0,1.0,1,1.0,1,1.0,1,0.07752905412346474,17
2758,0,3634,1999,1635,0,0,0,1.0,1,1.0,1,1.0,1,0.07752905412346474,17
2759,0,3634,1999,1635,0,0,0,1.0,1,1.0,1,1.0,1,0.07271757591458759,18
2760,0,3634,1999,1635,0,0,0,1.0,1,1.0,1,1.0,1,0.07271757591458759,18
2761,0,3634,1999,1635,0,0,0,1.0,1,1.0,1,1.0,1,0.07271757591458759,18
2762,0,3634,1999,1635,0,0,0,1.0,1,1.0,1,1.0,1,0.07271757591458759,18
2763,0,3634,1999,1635,0,0,0,1.0,1,1.0,1,1.0,1,0.07803400305854893,17
2764,2,3636,2001,1635,0,0,0,1.0,1,1.0,1,1.0,1,0.22142638973461062,17
2765,1,3637,2002,1635,0,0,0,1.0,1,1.0,1,1.0,1,0.2243764412110456,18
2766,0,3637,2002,1635,0,0,0,1.0,1,1.0,1,1.0,1,0.2243764412110456,18
2767,0,3637,2002,1635,0,0,0,1.0,1,1.0,1,1.0,1,0.2243764412110456,18
2768,1,3638,2003,1635,0,0,0,1.0,1,1.0,1,1.0,1,0.20204123685961162,18
2769,1,3639,2004,1635,0,0,0,1.0,1,1.0,1,1.0,1,0.21161643441893813,18
2770,2,3641,2005,1636,0,0,0,1.0,1,1.0,1,1.0,1,0.19177282187428893,18
2771,0,3641,2005,1636,0,0,0,1.0,1,1.0,1,1.0,1,0.19177282187428893,18
2772,0,3641,2005,1636,0,0,0,1.0,1,1.0,1,1.0,1,0.19177282187428893,18
2773,1,3642,2005,1637,0,0,0,1.0,1,1.0,1,1.0,1,0.12170335215039514,18
2774,0,3642,2005,1637,0,0,0,1.0,1,1.0,1,1.0,1,0.16368986912201833,20
2775,2,3644,2007,1637,0,0,0,1.0,1,1.0,1,1.0,1,0.18023376031839586,21
2776,1,3645,2008,1637,0,0,0,1.0,1,1.0,1,1.0,1,0.14992566622316542,21
2777,0,3645,2008,1637,0,0,0,1.0,1,1.0,1,1.0,1,0.1334586679534875,22
2778,1,3646,2009,1637,0,0,0,1.0,1,1.0,1,1.0,1,0.1649917049892392,24
2779,2,3648,2011,1637,0,0,0,1.0,1,1.0,1,1.0,1,0.17382909218791726,24
2780,1,3649,2012,1637,0,0,0,1.0,1,1.0,1,1.0,1,0.12449919475374403,24
2781,0,3649,2012,1637,0,0,0,1.0,1,1.0,1,1.0,1,0.12449919475374403,24
2782,0,3649,2012,1637,0,0,0,1.0,1,1.0,1,1.0,1,0.12449919475374403,24
2783,0,3649,2012,1637,0,0,0,1.0,1,1.0,1,1.0,1,0.12449919475374403,24
2784,1,3650,2012,1638,0,0,0,1.0,1,1.0,1,1.0,1,0.15878243052761543,24
2785,0,3650,2012,1638,0,0,0,1.0,1,1.0,1,1.0,1,0.11784943567171635,22
2786,0,3650,2012,1638,0,0,0,1.0,1,1.0,1,1.0,1,0.18084605617973845,22
2787,1,3651,2013,1638,0,0,0,1.0,1,1.0,1,1.0,1,0.1124925434902004,21
2788,0,3651,2013,1638,0,0,0,1.0,1,1.0,1,1.0,1,0.10839850324062805,20
2789,1,3652,2014,1638,0,0,0,1.0,1,1.0,1,1.0,1,0.1455553602696606,20
2790,1,3653,2014,1639,0,0,0,1.0,1,1.0,1,1.0,1,0.15056148937403233,21
2791,0,3653,2014,1639,0,0,0,1.0,1,1.0,1,1.0,1,0.15056148937403233,21
2792,0,3653,2014,1639,0,0,0,1.0,1,1.0,1,1.0,1,0.15056148937403233,21
2793,0,3653,2014,1639,0,0,0,1.0,1,1.0,1,1.0,1,0.1881545757831891,18
2794,1,3654,2014,1640,0,0,0,1.0,1,1.0,1,1.0,1,0.10751675156366487,18
2795,1,3655,2015,1640,0,0,0,1.0,1,1.0,1,1.0,1,0.11395115248850278,20
2796,1,3656,2016,1640,0,0,0,1.0,1,1.0,1,1.0,1,0.09388484094596024,21
2797,0,3656,2016,1640,0,0,0,1.0,1,1.0,1,1.0,1,0.09388484094596024,21
2798,0,3656,2016,1640,0,0,0,1.0,1,1.0,1,1.0,1,0.09388484094596024,21
2799,0,3656,2016,1640,0,0,0,1.0,1,1.0,1,1.0,1,0.10825345303252093,22
2800,0,3656,2016,1640,0,0,0,1.0,1,1.0,1,1.0,1,0.10825345303252093,22
2801,3,3659,2018,1641,0,0,0,1.0,1,1.0,1,1.0,1,0.16492780027126777,22
2802,0,3659,2018,1641,0,0,0,1.0,1,1.0,1,1.0,1,0.16492780027126777,22
2803,1,3660,2019,1641,0,0,0,1.0,1,1.0,1,1.0,1,0.20275967141115447,22
2804,0,3660,2019,1641,0,0,0,1.0,1,1.0,1,1.0,1,0.21361126634119743,23
2805,0,3660,2019,1641,0,0,0,1.0,1,1.0,1,1.0,1,0.21361126634119743,23
2806,0,3660,2019,1641,0,0,0,1.0,1,1.0,1,1.0,1,0.21361126634119743,23
2807,1,3661,2019,1642,0,0,0,1.0,1,1.0,1,1.0,1,0.171492075557058,24
2808,0,3661,2019,1642,0,0,0,1.0,1,1.0,1,1.0,1,0.171492075557058,24
2809,0,3661,2019,1642,0,0,0,1.0,1,1.0,1,1.0,1,0.1871897422619123,25
2810,0,3661,2019,1642,0,0,0,1.0,1,1.0,1,1.0,1,0.18488639072155397,24
2811,1,3662,2020,1642,0,0,0,1.0,1,1.0,1,1.0,1,0.16084613044796112,26
2812,0,3662,2020,1642,0,0,0,1.0,1,1.0,1,1.0,1,0.16084613044796112,26
2813,1,3663,2021,1642,0,0,0,1.0,1,1.0,1,1.0,1,0.14274197905166247,27
2814,3,3666,2022,1644,0,0,0,1.0,1,1.0,1,1.0,1,0.17451707743546116,29
2815,1,3667,2023,1644,0,0,0,1.0,1,1.0,1,1.0,1,0.16267971216611918,29
2816,0,3667,2023,1644,0,0,0,1.0,1,1.0,1,1.0,1,0.16638034301714763,29
2817,1,3668,2024,1644,0,0,0,1.0,1,1.0,1,1.0,1,0.14310058173265625,29
2818,2,3670,2026,1644,0,0,0,1.0,1,1.0,1,1.0,1,0.159424994142891,29
2819,2,3672,2027,1645,0,0,0,1.0,1,1.0,1,1.0,1,0.12435397795390561,30
2820,1,3673,2028,1645,0,0,0,1.0,1,1.0,1,1.0,1,0.1837233094498894,30
2821,2,3675,2029,1646,0,0,0,1.0,1,1.0,1,1.0,1,0.14392807174751684,31
2822,0,3675,2029,1646,0,0,0,1.0,1,1.0,1,1.0,1,0.16225518075919473,30
2823,2,3677,2030,1647,0,0,0,1.0,1,1.0,1,1.0,1,0.05920019837151451,27
2824,0,3677,2030,1647,0,0,0,1.0,1,1.0,1,1.0,1,0.044180438083132274,28
2825,3,3680,2033,1647,0,0,0,1.0,1,1.0,1,1.0,1,0.11507043895310279,28
2826,1,3681,2034,1647,0,0,0,1.0,1,1.0,1,1.0,1,0.18059772833976567,27
2827,1,3682,2034,1648,0,0,0,1.0,1,1.0,1,1.0,1,0.18433495929213797,28
2828,0,3682,2034,1648,0,0,0,1.0,1,1.0,1,1.0,1,0.21145367189887795,28
2829,1,3683,2035,1648,0,0,0,1.0,1,1.0,1,1.0,1,0.20303635679128781,27
2830,3,3686,2036,1650,0,0,0,1.0,1,1.0,1,1.0,1,0.16943712008006914,27
2831,3,3689,2038,1651,0,0,0,1.0,1,1.0,1,1.0,1,0.1677167979890369,27
2832,1,3690,2038,1652,0,0,0,1.0,1,1.0,1,1.0,1,0.1999320519358917,27
2833,1,3691,2039,1652,0,0,0,1.0,1,1.0,1,1.0,1,0.21393009069017324,26
2834,1,3692,2040,1652,0,0,0,1.0,1,1.0,1,1.0,1,0.12093623932234537,26
2835,1,3693,2041,1652,0,0,0,1.0,1,1.0,1,1.0,1,0.08254133378591387,25
2836,0,3693,2041,1652,0,0,0,1.0,1,1.0,1,1.0,1,0.11561818237610517,27
2837,1,3694,2042,1652,0,0,0,1.0,1,1.0,1,1.0,1,0.15778487480783493,27
2838,0,3694,2042,1652,0,0,0,1.0,1,1.0,1,1.0,1,0.15778487480783493,27
2839,2,3696,2043,1653,0,0,0,1.0,1,1.0,1,1.0,1,0.18425821968354106,29
2840,1,3697,2043,1654,0,0,0,1.0,1,1.0,1,1.0,1,0.17095254050134406,29
2841,2,3699,2044,1655,0,0,0,1.0,1,1.0,1,1.0,1,0.17926453787568444,31
2842,1,3700,2044,1656,0,0,0,1.0,1,1.0,1,1.0,1,0.15774770961043627,31
2843,1,3701,2044,1657,0,0,0,1.0,1,1.0,1,1.0,1,0.07100297023779319,32
2844,3,3704,2046,1658,0,0,0,1.0,1,1.0,1,1.0,1,0.056510263444018514,33
2845,0,3704,2046,1658,0,0,0,1.0,1,1.0,1,1.0,1,0.07364571716366863,32
2846,2,3706,2048,1658,0,0,0,1.0,1,1.0,1,1.0,1,0.07570529687525836,33
2847,2,3708,2049,1659,0,0,0,1.0,1,1.0,1,1.0,1,0.136715007855712,32
2848,3,3711,2051,1660,0,0,0,1.0,1,1.0,1,1.0,1,0.14133283453647297,33
2849,1,3712,2051,1661,0,0,0,1.0,1,1.0,1,1.0,1,0.11522538462146865,34
2850,0,3712,2051,1661,0,0,0,1.0,1,1.0,1,1.0,1,0.11522538462146865,34
2851,0,3712,2051,1661,0,0,0,1.0,1,1.0,1,1.0,1,0.11522538462146865,34
2852,7,3719,2056,1663,0,0,0,1.0,1,1.0,1,1.0,1,0.10288060641657121,35
2853,0,3719,2056,1663,0,0,0,1.0,1,1.0,1,1.0,1,0.10699684858266893,36
2854,1,3720,2056,1664,0,0,0,1.0,1,1.0,1,1.0,1,0.0855391194018777,37
2855,1,3721,2057,1664,0,0,0,1.0,1,1.0,1,1.0,1,0.05841442349695464,38
2856,0,3721,2057,1664,0,0,0,1.0,1,1.0,1,1.0,1,0.05841442349695464,38
2857,2,3723,2059,1664,0,0,0,1.0,1,1.0,1,1.0,1,0.06147115110331267,39
2858,1,3724,2060,1664,0,0,0,1.0,1,1.0,1,1.0,1,0.06471814527046542,40
2859,2,3726,2062,1664,0,0,0,1.0,1,1.0,1,1.0,1,0.13790390337209385,40
2860,3,3729,2063,1666,0,0,0,1.0,1,1.0,1,1.0,1,0.06927225842498058,40
2861,1,3730,2064,1666,0,0,0,1.0,1,1.0,1,1.0,1,0.07863133149225217,38
2862,1,3731,2065,1666,0,0,0,1.0,1,1.0,1,1.0,1,0.13699776015274795,38
2863,3,3734,2067,1667,0,0,0,1.0,1,1.0,1,1.0,1,0.11109966912298777,38
2864,1,3735,2068,1667,0,0,0,1.0,1,1.0,1,1.0,1,0.15163270922732666,36
2865,3,3738,2071,1667,0,0,0,1.0,1,1.0,1,1.0,1,0.14004063966791305,34
2866,0,3738,2071,1667,0,0,0,1.0,1,1.0,1,1.0,1,0.11232949570442108,31
2867,1,3739,2072,1667,0,0,0,1.0,1,1.0,1,1.0,1,0.15080375399194737,30
2868,2,3741,2074,1667,0,0,0,1.0,1,1.0,1,1.0,1,0.17323845267276078,27
2869,0,3741,2074,1667,0,0,0,1.0,1,1.0,1,1.0,1,0.20403886170829405,27
2870,1,3742,2075,1667,0,0,0,1.0,1,1.0,1,1.0,1,0.20586324805586695,25
2871,0,3742,2075,1667,0,0,0,1.0,1,1.0,1,1.0,1,0.205606733858358,25
2872,3,3745,2076,1669,0,0,0,1.0,1,1.0,1,1.0,1,0.12664589140418372,23
2873,0,3745,2076,1669,0,0,0,1.0,1,1.0,1,1.0,1,0.15230218518831715,24
2874,1,3746,2076,1670,0,0,0,1.0,1,1.0,1,1.0,1,0.11548187565217274,24
2875,1,3747,2076,1671,0,0,0,1.0,1,1.0,1,1.0,1,0.15878823296876113,23
2876,1,3748,2077,1671,0,0,0,1.0,1,1.0,1,1.0,1,0.1977786897650785,24
2877,1,3749,2078,1671,0,0,0,1.0,1,1.0,1,1.0,1,0.18370723025223562,24
2878,2,3751,2079,1672,0,0,0,1.0,1,1.0,1,1.0,1,0.1692986494968267,24
2879,2,3753,2081,1672,0,0,0,1.0,1,1.0,1,1.0,1,0.2422523301434011,25
2880,0,3753,2081,1672,0,0,0,1.0,1,1.0,1,1.0,1,0.24255113252747956,26
2881,1,3754,2081,1673,0,0,0,1.0,1,1.0,1,1.0,1,0.19230780464562688,26
2882,0,3754,2081,1673,0,0,0,1.0,1,1.0,1,1.0,1,0.1673445336564429,27
2883,1,3755,2081,1674,0,0,0,1.0,1,1.0,1,1.0,1,0.1395609670907533,28
2884,0,3755,2081,1674,0,0,0,1.0,1,1.0,1,1.0,1,0.16711097671268618,29
2885,1,3756,2081,1675,0,0,0,1.0,1,1.0,1,1.0,1,0.14414632825607318,31
2886,1,3757,2082,1675,0,0,0,1.0,1,1.0,1,1.0,1,0.17207391870578467,31
2887,0,3757,2082,1675,0,0,0,1.0,1,1.0,1,1.0,1,0.1461015824966486,33
2888,5,3762,2084,1678,0,0,0,1.0,1,1.0,1,1.0,1,0.13397317281107993,34
2889,2,3764,2086,1678,0,0,0,1.0,1,1.0,1,1.0,1,0.16674704529221746,35
2890,0,3764,2086,1678,0,0,0,1.0,1,1.0,1,1.0,1,0.16674704529221746,35
2891,1,3765,2086,1679,0,0,0,1.0,1,1.0,1,1.0,1,0.1459183554800309,35
2892,2,3767,2088,1679,0,0,0,1.0,1,1.0,1,1.0,1,0.1842677567170531,35
2893,2,3769,2088,1681,0,0,0,1.0,1,1.0,1,1.0,1,0.1554529429238952,37
2894,0,3769,2088,1681,0,0,0,1.0,1,1.0,1,1.0,1,0.1554529429238952,37
2895,0,3769,2088,1681,0,0,0,1.0,1,1.0,1,1.0,1,0.1554529429238952,37
2896,2,3771,2089,1682,0,0,0,1.0,1,1.0,1,1.0,1,0.1944686186271169,38
2897,0,3771,2089,1682,0,0,0,1.0,1,1.0,1,1.0,1,0.22552674516284213,37
2898,0,3771,2089,1682,0,0,0,1.0,1,1.0,1,1.0,1,0.23956807542463743,38
2899,2,3773,2091,1682,0,0,0,1.0,1,1.0,1,1.0,1,0.263759822847514,37
2900,0,3773,2091,1682,0,0,0,1.0,1,1.0,1,1.0,1,0.24574313397518138,36
2901,1,3774,2091,1683,0,0,0,1.0,1,1.0,1,1.0,1,0.18672766791360335,37
2902,0,3774,2091,1683,0,0,0,1.0,1,1.0,1,1.0,1,0.17461431410509218,35
2903,0,3774,2091,1683,0,0,0,1.0,1,1.0,1,1.0,1,0.18477621971076133,35
2904,0,3774,2091,1683,0,0,0,1.0,1,1.0,1,1.0,1,0.1814644399308316,33
2905,1,3775,2091,1684,0,0,0,1.0,1,1.0,1,1.0,1,0.18267759223408103,34
2906,3,3778,2093,1685,0,0,0,1.0,1,1.0,1,1.0,1,0.2611136568886312,34
2907,0,3778,2093,1685,0,0,0,1.0,1,1.0,1,1.0,1,0.24965548480796623,35
2908,0,3778,2093,1685,0,0,0,1.0,1,1.0,1,1.0,1,0.2570370985441164,36
2909,0,3778,2093,1685,0,0,0,1.0,1,1.0,1,1.0,1,0.26131482906740117,38
2910,0,3778,2093,1685,0,0,0,1.0,1,1.0,1,1.0,1,0.26131482906740117,38
2911,1,3779,2094,1685,0,0,0,1.0,1,1.0,1,1.0,1,0.2794927929246266,37
2912,0,3779,2094,1685,0,0,0,1.0,1,1.0,1,1.0,1,0.2794927929246266,37
2913,1,3780,2094,1686,0,0,0,1.0,1,1.0,1,1.0,1,0.277105392408614,38
2914,2,3782,2094,1688,0,0,0,1.0,1,1.0,1,1.0,1,0.25755562096359474,38
2915,1,3783,2094,1689,0,0,0,1.0,1,1.0,1,1.0,1,0.23341975620795238,39
2916,1,3784,2094,1690,0,0,0,1.0,1,1.0,1,1.0,1,0.23512995444749576,40
2917,2,3786,2094,1692,0,0,0,1.0,1,1.0,1,1.0,1,0.18700404513516886,41
2918,0,3786,2094,1692,0,0,0,1.0,1,1.0,1,1.0,1,0.2082086859797705,41
2919,0,3786,2094,1692,0,0,0,1.0,1,1.0,1,1.0,1,0.2082086859797705,41
2920,1,3787,2094,1693,0,0,0,1.0,1,1.0,1,1.0,1,0.19111701443936693,43
2921,0,3787,2094,1693,0,0,0,1.0,1,1.0,1,1.0,1,0.1894286320015916,42
2922,0,3787,2094,1693,0,0,0,1.0,1,1.0,1,1.0,1,0.16650666991588717,43
2923,1,3788,2094,1694,0,0,0,1.0,1,1.0,1,1.0,1,0.16759729857070096,44
2924,0,3788,2094,1694,0,0,0,1.0,1,1.0,1,1.0,1,0.1414784128472027,45
2925,1,3789,2095,1694,0,0,0,1.0,1,1.0,1,1.0,1,0.18350340797680925,45
2926,1,3790,2096,1694,0,0,0,1.0,1,1.0,1,1.0,1,0.14116546843862995,47
2927,0,3790,2096,1694,0,0,0,1.0,1,1.0,1,1.0,1,0.14116546843862995,47
2928,2,3792,2097,1695,0,0,0,1.0,1,1.0,1,1.0,1,0.15162335208771568,48
2929,0,3792,2097,1695,0,0,0,1.0,1,1.0,1,1.0,1,0.15162335208771568,48
2930,0,3792,2097,1695,0,0,0,1.0,1,1.0,1,1.0,1,0.15190791114813929,50
2931,0,3792,2097,1695,0,0,0,1.0,1,1.0,1,1.0,1,0.14601575464058938,51
2932,0,3792,2097,1695,0,0,0,1.0,1,1.0,1,1.0,1,0.14601575464058938,51
2933,1,3793,2097,1696,0,0,0,1.0,1,1.0,1,1.0,1,0.15075181200720192,52
2934,0,3793,2097,1696,0,0,0,1.0,1,1.0,1,1.0,1,0.15075181200720192,52
2935,0,3793,2097,1696,0,0,0,1.0,1,1.0,1,1.0,1,0.17033489474832575,51
2936,1,3794,2098,1696,0,0,0,1.0,1,1.0,1,1.0,1,0.18413669944098546,49
2937,0,3794,2098,1696,0,0,0,1.0,1,1.0,1,1.0,1,0.18757620786082127,50
2938,3,3797,2100,1697,0,0,0,1.0,1,1.0,1,1.0,1,0.19285187400925485,50
2939,0,3797,2100,1697,0,0,0,1.0,1,1.0,1,1.0,1,0.19412816488099574,51
2940,3,3800,2102,1698,0,0,0,1.0,1,1.0,1,1.0,1,0.2003014811439676,52
2941,5,3805,2104,1701,0,0,0,1.0,1,1.0,1,1.0,1,0.21233828878884065,53
2942,0,3805,2104,1701,0,0,0,1.0,1,1.0,1,1.0,1,0.21166366724146005,52
2943,2,3807,2106,1701,0,0,0,1.0,1,1.0,1,1.0,1,0.2481760350485358,51
2944,2,3809,2106,1703,0,0,0,1.0,1,1.0,1,1.0,1,0.20740046093576725,52
2945,2,3811,2107,1704,0,0,0,1.0,1,1.0,1,1.0,1,0.19776124447845767,50
2946,0,3811,2107,1704,0,0,0,1.0,1,1.0,1,1.0,1,0.20870093206445348,51
2947,1,3812,2108,1704,0,0,0,1.0,1,1.0,1,1.0,1,0.20457835552855705,50
2948,2,3814,2109,1705,0,0,0,1.0,1,1.0,1,1.0,1,0.16856106357658102,50
2949,0,3814,2109,1705,0,0,0,1.0,1,1.0,1,1.0,1,0.15718661487164004,49
2950,1,3815,2109,1706,0,0,0,1.0,1,1.0,1,1.0,1,0.16401198253372345,48
2951,0,3815,2109,1706,0,0,0,1.0,1,1.0,1,1.0,1,0.14906683247755764,48
2952,0,3815,2109,1706,0,0,0,1.0,1,1.0,1,1.0,1,0.14467007738054516,46
2953,0,3815,2109,1706,0,0,0,1.0,1,1.0,1,1.0,1,0.14467007738054516,46
2954,1,3816,2110,1706,0,0,0,1.0,1,1.0,1,1.0,1,0.17717376436982427,48
2955,4,3820,2110,1710,0,0,0,1.0,1,1.0,1,1.0,1,0.10685040208632852,48
2956,1,3821,2110,1711,0,0,0,1.0,1,1.0,1,1.0,1,0.1101302778934534,47
2957,2,3823,2110,1713,0,0,0,1.0,1,1.0,1,1.0,1,0.09227458908613202,48
2958,1,3824,2110,1714,0,0,0,1.0,1,1.0,1,1.0,1,0.06665446024340926,49
2959,1,3825,2111,1714,0,0,0,1.0,1,1.0,1,1.0,1,0.04986688050098925,49
2960,0,3825,2111,1714,0,0,0,1.0,1,1.0,1,1.0,1,0.04986688050098925,49
2961,2,3827,2113,1714,0,0,0,1.0,1,1.0,1,1.0,1,0.03627163540762955,51
2962,2,3829,2115,1714,0,0,0,1.0,1,1.0,1,1.0,1,0.050197430189412376,51
2963,2,3831,2117,1714,0,0,0,1.0,1,1.0,1,1.0,1,0.08111544205076596,51
2964,1,3832,2118,1714,0,0,0,1.0,1,1.0,1,1.0,1,0.1025539369615486,52
2965,3,3835,2120,1715,0,0,0,1.0,1,1.0,1,1.0,1,0.09036406102272702,53
2966,4,3839,2122,1717,0,0,0,1.0,1,1.0,1,1.0,1,0.04903076562522595,53
2967,1,3840,2122,1718,0,0,0,1.0,1,1.0,1,1.0,1,0.01642187973673754,53
2968,0,3840,2122,1718,0,0,0,1.0,1,1.0,1,1.0,1,0.021680218117571762,54
2969,2,3842,2124,1718,0,0,0,1.0,1,1.0,1,1.0,1,0.011177254227185258,55
2970,0,3842,2124,1718,0,0,0,1.0,1,1.0,1,1.0,1,0.011177254227185258,55
2971,1,3843,2125,1718,0,0,0,1.0,1,1.0,1,1.0,1,0.02569622893198039,55
2972,1,3844,2126,1718,0,0,0,1.0,1,1.0,1,1.0,1,0.057672262701984146,55
2973,0,3844,2126,1718,0,0,0,1.0,1,1.0,1,1.0,1,0.07419343926843723,55
2974,1,3845,2126,1719,0,0,0,1.0,1,1.0,1,1.0,1,0.07830944366099159,56
2975,0,3845,2126,1719,0,0,0,1.0,1,1.0,1,1.0,1,0.08250311518215542,55
2976,0,3845,2126,1719,0,0,0,1.0,1,1.0,1,1.0,1,0.07770112932965785,57
2977,2,3847,2126,1721,0,0,0,1.0,1,1.0,1,1.0,1,0.05712063778312919,59
2978,2,3849,2128,1721,0,0,0,1.0,1,1.0,1,1.0,1,0.1036898314875282,59
2979,0,3849,2128,1721,0,0,0,1.0,1,1.0,1,1.0,1,0.1036898314875282,59
2980,2,3851,2129,1722,0,0,0,1.0,1,1.0,1,1.0,1,0.12949349432144724,59
2981,4,3855,2131,1724,0,0,0,1.0,1,1.0,1,1.0,1,0.11578045761084034,59
2982,2,3857,2132,1725,0,0,0,1.0,1,1.0,1,1.0,1,0.10334683619132577,61
2983,2,3859,2134,1725,0,0,0,1.0,1,1.0,1,1.0,1,0.08089012758979836,61
2984,3,3862,2135,1727,0,0,0,1.0,1,1.0,1,1.0,1,0.050680033829307046,61
2985,4,3866,2139,1727,0,0,0,1.0,1,1.0,1,1.0,1,0.07581330553741633,57
2986,3,3869,2142,1727,0,0,0,1.0,1,1.0,1,1.0,1,0.04518919778503978,58
2987,3,3872,2144,1728,0,0,0,1.0,1,1.0,1,1.0,1,0.039009096611912514,56
2988,3,3875,2147,1728,0,0,0,1.0,1,1.0,1,1.0,1,0.04794382114276869,55
2989,3,3878,2150,1728,0,0,0,1.0,1,1.0,1,1.0,1,0.09047049952578239,53
2990,3,3881,2153,1728,0,0,0,1.0,1,1.0,1,1.0,1,0.0835247606293649,52
2991,2,3883,2155,1728,0,0,0,1.0,1,1.0,1,1.0,1,0.08647000290086126,54
2992,2,3885,2156,1729,0,0,0,1.0,1,1.0,1,1.0,1,0.07604321500756782,55
2993,2,3887,2158,1729,0,0,0,1.0,1,1.0,1,1.0,1,0.06814460432710388,53
2994,1,3888,2158,1730,0,0,0,1.0,1,1.0,1,1.0,1,0.08467792661255763,53
2995,2,3890,2158,1732,0,0,0,1.0,1,1.0,1,1.0,1,0.06995788345123775,51
2996,1,3891,2159,1732,0,0,0,1.0,1,1.0,1,1.0,1,0.09647784605233824,52
2997,1,3892,2160,1732,0,0,0,1.0,1,1.0,1,1.0,1,0.11489730639805552,50
2998,4,3896,2161,1735,0,0,0,1.0,1,1.0,1,1.0,1,0.05283493154752181,51
2999,0,3896,2161,1735,0,0,0,1.0,1,1.0,1,1.0,1,0.07194739112810912,48
3000,1,3897,2162,1735,0,0,0,1.0,1,1.0,1,1.0,1,0.08871442597014248,48
3001,0,3897,2162,1735,0,0,0,1.0,1,1.0,1,1.0,1,0.07652541518328491,49
3002,1,3898,2163,1735,0,0,0,1.0,1,1.0,1,1.0,1,0.0953992058313806,50
3003,0,3898,2163,1735,0,0,0,1.0,1,1.0,1,1.0,1,0.0953992058313806,50
3004,0,3898,2163,1735,0,0,0,1.0,1,1.0,1,1.0,1,0.08425022072879515,51
3005,0,3898,2163,1735,0,0,0,1.0,1,1.0,1,1.0,1,0.08124541212882308,50
3006,0,3898,2163,1735,0,0,0,1.0,1,1.0,1,1.0,1,0.09692286144270326,51
3007,0,3898,2163,1735,0,0,0,1.0,1,1.0,1,1.0,1,0.08482754691396639,51
3008,3,3901,2163,1738,0,0,0,1.0,1,1.0,1,1.0,1,0.0508031885330484,53
3009,1,3902,2163,1739,0,0,0,1.0,1,1.0,1,1.0,1,0.04930341789383735,52
3010,0,3902,2163,1739,0,0,0,1.0,1,1.0,1,1.0,1,0.04930341789383735,52
3011,1,3903,2164,1739,0,0,0,1.0,1,1.0,1,1.0,1,0.0854720651324723,51
3012,3,3906,2166,1740,0,0,0,1.0,1,1.0,1,1.0,1,0.10178626708380782,54
3013,4,3910,2170,1740,0,0,0,1.0,1,1.0,1,1.0,1,0.09524507859194684,52
3014,2,3912,2172,1740,0,0,0,1.0,1,1.0,1,1.0,1,0.12100566906036121,51
3015,2,3914,2174,1740,0,0,0,1.0,1,1.0,1,1.0,1,0.13163340432147674,50
3016,4,3918,2176,1742,0,0,0,1.0,1,1.0,1,1.0,1,0.10759661702093562,50
3017,3,3921,2179,1742,0,0,0,1.0,1,1.0,1,1.0,1,0.15028752480465454,48
3018,2,3923,2181,1742,0,0,0,1.0,1,1.0,1,1.0,1,0.1434995284967731,48
3019,3,3926,2182,1744,0,0,0,1.0,1,1.0,1,1.0,1,0.10367896783387263,47
3020,2,3928,2184,1744,0,0,0,1.0,1,1.0,1,1.0,1,0.10784697882531322,47
3021,3,3931,2186,1745,0,0,0,1.0,1,1.0,1,1.0,1,0.094835575605261,46
3022,2,3933,2188,1745,0,0,0,1.0,1,1.0,1,1.0,1,0.13932158095331112,45
3023,2,3935,2190,1745,0,0,0,1.0,1,1.0,1,1.0,1,0.11350057888133468,41
3024,4,3939,2193,1746,0,0,0,1.0,1,1.0,1,1.0,1,0.09588490708458768,43
3025,3,3942,2194,1748,0,0,0,1.0,1,1.0,1,1.0,1,0.08284740675339301,39
3026,1,3943,2195,1748,0,0,0,1.0,1,1.0,1,1.0,1,0.13570802908603796,38
3027,1,3944,2196,1748,0,0,0,1.0,1,1.0,1,1.0,1,0.12602301807704827,38
3028,2,3946,2197,1749,0,0,0,1.0,1,1.0,1,1.0,1,0.1239082243897244,38
3029,1,3947,2198,1749,0,0,0,1.0,1,1.0,1,1.0,1,0.15220135539302762,37
3030,0,3947,2198,1749,0,0,0,1.0,1,1.0,1,1.0,1,0.15512963181585016,38
3031,2,3949,2199,1750,0,0,0,1.0,1,1.0,1,1.0,1,0.1583796671638856,39
3032,1,3950,2199,1751,0,0,0,1.0,1,1.0,1,1.0,1,0.13621129023930845,39
3033,1,3951,2199,1752,0,0,0,1.0,1,1.0,1,1.0,1,0.13568314479414972,39
3034,0,3951,2199,1752,0,0,0,1.0,1,1.0,1,1.0,1,0.14435316458504685,38
3035,0,3951,2199,1752,0,0,0,1.0,1,1.0,1,1.0,1,0.1232872390883653,39
3036,0,3951,2199,1752,0,0,0,1.0,1,1.0,1,1.0,1,0.13471989279043337,39
3037,1,3952,2199,1753,0,0,0,1.0,1,1.0,1,1.0,1,0.14706568032790446,39
3038,2,3954,2200,1754,0,0,0,1.0,1,1.0,1,1.0,1,0.11066182820234743,40
3039,1,3955,2201,1754,0,0,0,1.0,1,1.0,1,1.0,1,0.14157679667161693,41
3040,3,3958,2203,1755,0,0,0,1.0,1,1.0,1,1.0,1,0.12905533690165008,42
3041,0,3958,2203,1755,0,0,0,1.0,1,1.0,1,1.0,1,0.11841375404852554,43
3042,2,3960,2205,1755,0,0,0,1.0,1,1.0,1,1.0,1,0.1367744904282687,45
3043,2,3962,2206,1756,0,0,0,1.0,1,1.0,1,1.0,1,0.15313715602835398,45
3044,3,3965,2207,1758,0,0,0,1.0,1,1.0,1,1.0,1,0.09055820361011496,45
3045,0,3965,2207,1758,0,0,0,1.0,1,1.0,1,1.0,1,0.09055820361011496,45
3046,1,3966,2207,1759,0,0,0,1.0,1,1.0,1,1.0,1,0.08269747298858028,46
3047,0,3966,2207,1759,0,0,0,1.0,1,1.0,1,1.0,1,0.08269747298858028,46
3048,1,3967,2207,1760,0,0,0,1.0,1,1.0,1,1.0,1,0.07909490542804502,49
3049,1,3968,2208,1760,0,0,0,1.0,1,1.0,1,1.0,1,0.08975892527396122,50
3050,1,3969,2208,1761,0,0,0,1.0,1,1.0,1,1.0,1,0.07636351877874124,50
3051,2,3971,2210,1761,0,0,0,1.0,1,1.0,1,1.0,1,0.08107521110278722,50
3052,1,3972,2210,1762,0,0,0,1.0,1,1.0,1,1.0,1,0.07159159381491534,50
3053,2,3974,2212,1762,0,0,0,1.0,1,1.0,1,1.0,1,0.0911274163898592,49
3054,1,3975,2213,1762,0,0,0,1.0,1,1.0,1,1.0,1,0.10392325141139885,47
3055,2,3977,2214,1763,0,0,0,1.0,1,1.0,1,1.0,1,0.10685652277653623,48
3056,1,3978,2215,1763,0,0,0,1.0,1,1.0,1,1.0,1,0.11916679106225539,47
3057,1,3979,2216,1763,0,0,0,1.0,1,1.0,1,1.0,1,0.14180767262428465,48
3058,4,3983,2217,1766,0,0,0,1.0,1,1.0,1,1.0,1,0.09491653029974996,46
3059,0,3983,2217,1766,0,0,0,1.0,1,1.0,1,1.0,1,0.10163084232361619,44
3060,1,3984,2218,1766,0,0,0,1.0,1,1.0,1,1.0,1,0.07280158841178423,44
3061,1,3985,2219,1766,0,0,0,1.0,1,1.0,1,1.0,1,0.07547470101897266,42
3062,3,3988,2221,1767,0,0,0,1.0,1,1.0,1,1.0,1,0.07023941839339026,42
3063,3,3991,2224,1767,0,0,0,1.0,1,1.0,1,1.0,1,0.12801102644817766,41
3064,2,3993,2225,1768,0,0,0,1.0,1,1.0,1,1.0,1,0.06892099112142991,42
3065,1,3994,2226,1768,0,0,0,1.0,1,1.0,1,1.0,1,0.07085267442671969,40
3066,3,3997,2228,1769,0,0,0,1.0,1,1.0,1,1.0,1,0.07284727256261928,42
3067,5,4002,2231,1771,0,0,0,1.0,1,1.0,1,1.0,1,0.08528965424479569,40
3068,1,4003,2232,1771,0,0,0,1.0,1,1.0,1,1.0,1,0.1133476816353733,39
3069,0,4003,2232,1771,0,0,0,1.0,1,1.0,1,1.0,1,0.14470819259154563,38
3070,1,4004,2232,1772,0,0,0,1.0,1,1.0,1,1.0,1,0.13122581722913434,39
3071,0,4004,2232,1772,0,0,0,1.0,1,1.0,1,1.0,1,0.1476181888310251,39
3072,4,4008,2233,1775,0,0,0,1.0,1,1.0,1,1.0,1,0.1464311563061965,40
3073,3,4011,2234,1777,0,0,0,1.0,1,1.0,1,1.0,1,0.17089495745784045,38
3074,0,4011,2234,1777,0,0,0,1.0,1,1.0,1,1.0,1,0.15432253732615442,38
3075,3,4014,2235,1779,0,0,0,1.0,1,1.0,1,1.0,1,0.17706599608849982,41
3076,4,4018,2236,1782,0,0,0,1.0,1,1.0,1,1.0,1,0.12167771128468251,42
3077,1,4019,2236,1783,0,0,0,1.0,1,1.0,1,1.0,1,0.1063030355149126,42
3078,0,4019,2236,1783,0,0,0,1.0,1,1.0,1,1.0,1,0.1063030355149126,42
3079,0,4019,2236,1783,0,0,0,1.0,1,1.0,1,1.0,1,0.1063030355149126,42
3080,0,4019,2236,1783,0,0,0,1.0,1,1.0,1,1.0,1,0.09991588888128342,43
3081,0,4019,2236,1783,0,0,0,1.0,1,1.0,1,1.0,1,0.09405277995813052,44
3082,0,4019,2236,1783,0,0,0,1.0,1,1.0,1,1.0,1,0.11420766420200668,45
3083,0,4019,2236,1783,0,0,0,1.0,1,1.0,1,1.0,1,0.11420766420200668,45
3084,1,4020,2237,1783,0,0,0,1.0,1,1.0,1,1.0,1,0.10109848991546085,45
3085,1,4021,2237,1784,0,0,0,1.0,1,1.0,1,1.0,1,0.11791511453215343,46
3086,1,4022,2238,1784,0,0,0,1.0,1,1.0,1,1.0,1,0.10879691059323948,46
3087,2,4024,2239,1785,0,0,0,1.0,1,1.0,1,1.0,1,0.12147476346515178,47
3088,1,4025,2240,1785,0,0,0,1.0,1,1.0,1,1.0,1,0.1531458014835805,48
3089,0,4025,2240,1785,0,0,0,1.0,1,1.0,1,1.0,1,0.1288760441497447,46
3090,1,4026,2240,1786,0,0,0,1.0,1,1.0,1,1.0,1,0.12129311570479895,46
3091,1,4027,2240,1787,0,0,0,1.0,1,1.0,1,1.0,1,0.10929070263885717,46
3092,3,4030,2242,1788,0,0,0,1.0,1,1.0,1,1.0,1,0.0862612501222826,47
3093,0,4030,2242,1788,0,0,0,1.0,1,1.0,1,1.0,1,0.07025027710680377,47
3094,0,4030,2242,1788,0,0,0,1.0,1,1.0,1,1.0,1,0.06254944481190838,45
3095,1,4031,2243,1788,0,0,0,1.0,1,1.0,1,1.0,1,0.04958505663977672,46
3096,0,4031,2243,1788,0,0,0,1.0,1,1.0,1,1.0,1,0.048014361786890045,46
3097,2,4033,2245,1788,0,0,0,1.0,1,1.0,1,1.0,1,0.08020455366799883,47
3098,0,4033,2245,1788,0,0,0,1.0,1,1.0,1,1.0,1,0.08020455366799883,47
3099,0,4033,2245,1788,0,0,0,1.0,1,1.0,1,1.0,1,0.08020455366799883,47
3100,2,4035,2246,1789,0,0,0,1.0,1,1.0,1,1.0,1,0.028097757622375753,47
3101,0,4035,2246,1789,0,0,0,1.0,1,1.0,1,1.0,1,0.023509472810688256,48
3102,0,4035,2246,1789,0,0,0,1.0,1,1.0,1,1.0,1,0.023509472810688256,48
3103,1,4036,2247,1789,0,0,0,1.0,1,1.0,1,1.0,1,0.03330622553814754,49
3104,1,4037,2248,1789,0,0,0,1.0,1,1.0,1,1.0,1,0.058563510469211884,48
3105,1,4038,2249,1789,0,0,0,1.0,1,1.0,1,1.0,1,0.11616535351488805,45
3106,3,4041,2250,1791,0,0,0,1.0,1,1.0,1,1.0,1,0.14238354357629393,46
3107,2,4043,2251,1792,0,0,0,1.0,1,1.0,1,1.0,1,0.15312045975554478,44
3108,2,4045,2253,1792,0,0,0,1.0,1,1.0,1,1.0,1,0.1682816607175877,45
3109,3,4048,2253,1795,0,0,0,1.0,1,1.0,1,1.0,1,0.12928656761512844,44
3110,4,4052,2256,1796,0,0,0,1.0,1,1.0,1,1.0,1,0.08422971581456552,46
3111,1,4053,2257,1796,0,0,0,1.0,1,1.0,1,1.0,1,0.10329964322330308,46
3112,1,4054,2257,1797,0,0,0,1.0,1,1.0,1,1.0,1,0.09115235398363722,47
3113,1,4055,2258,1797,0,0,0,1.0,1,1.0,1,1.0,1,0.08174063543803263,48
3114,0,4055,2258,1797,0,0,0,1.0,1,1.0,1,1.0,1,0.0811412344235038,48
3115,1,4056,2258,1798,0,0,0,1.0,1,1.0,1,1.0,1,0.08794896033924786,49
3116,0,4056,2258,1798,0,0,0,1.0,1,1.0,1,1.0,1,0.0965984711020433,48
3117,4,4060,2260,1800,0,0,0,1.0,1,1.0,1,1.0,1,0.12698526678542482,49
3118,4,4064,2260,1804,0,0,0,1.0,1,1.0,1,1.0,1,0.09619698113462839,50
3119,0,4064,2260,1804,0,0,0,1.0,1,1.0,1,1.0,1,0.09619698113462839,50
3120,0,4064,2260,1804,0,0,0,1.0,1,1.0,1,1.0,1,0.11935235093633008,50
3121,2,4066,2261,1805,0,0,0,1.0,1,1.0,1,1.0,1,0.1004273258726631,50
3122,0,4066,2261,1805,0,0,0,1.0,1,1.0,1,1.0,1,0.1004273258726631,50
3123,2,4068,2263,1805,0,0,0,1.0,1,1.0,1,1.0,1,0.09719430604342127,51
3124,1,4069,2264,1805,0,0,0,1.0,1,1.0,1,1.0,1,0.11217701360052905,51
3125,3,4072,2265,1807,0,0,0,1.0,1,1.0,1,1.0,1,0.08538074968616642,51
3126,1,4073,2266,1807,0,0,0,1.0,1,1.0,1,1.0,1,0.08849832376490047,54
3127,4,4077,2268,1809,0,0,0,1.0,1,1.0,1,1.0,1,0.07475268121591844,53
3128,0,4077,2268,1809,0,0,0,1.0,1,1.0,1,1.0,1,0.05725423512083751,52
3129,2,4079,2270,1809,0,0,0,1.0,1,1.0,1,1.0,1,0.0836771285405487,51
3130,0,4079,2270,1809,0,0,0,1.0,1,1.0,1,1.0,1,0.06829349928194657,50
3131,2,4081,2272,1809,0,0,0,1.0,1,1.0,1,1.0,1,0.11694148955074107,50
3132,0,4081,2272,1809,0,0,0,1.0,1,1.0,1,1.0,1,0.09150534439994079,49
3133,0,4081,2272,1809,0,0,0,1.0,1,1.0,1,1.0,1,0.09150534439994079,49
3134,0,4081,2272,1809,0,0,0,1.0,1,1.0,1,1.0,1,0.0928845788409808,46
3135,2,4083,2274,1809,0,0,0,1.0,1,1.0,1,1.0,1,0.12822556372147895,47
3136,1,4084,2275,1809,0,0,0,1.0,1,1.0,1,1.0,1,0.09936251723800893,46
3137,2,4086,2277,1809,0,0,0,1.0,1,1.0,1,1.0,1,0.13355481292246102,49
3138,1,4087,2278,1809,0,0,0,1.0,1,1.0,1,1.0,1,0.16091574534945263,49
3139,3,4090,2280,1810,0,0,0,1.0,1,1.0,1,1.0,1,0.1649004442739553,50
3140,2,4092,2281,1811,0,0,0,1.0,1,1.0,1,1.0,1,0.179462193641364,51
3141,2,4094,2281,1813,0,0,0,1.0,1,1.0,1,1.0,1,0.1758028220621,50
3142,1,4095,2281,1814,0,0,0,1.0,1,1.0,1,1.0,1,0.16871518665317428,50
3143,0,4095,2281,1814,0,0,0,1.0,1,1.0,1,1.0,1,0.18642375431808614,49
3144,1,4096,2281,1815,0,0,0,1.0,1,1.0,1,1.0,1,0.17714346042758067,49
3145,3,4099,2282,1817,0,0,0,1.0,1,1.0,1,1.0,1,0.19016140572874207,48
3146,2,4101,2282,1819,0,0,0,1.0,1,1.0,1,1.0,1,0.16014678817804365,49
3147,1,4102,2282,1820,0,0,0,1.0,1,1.0,1,1.0,1,0.19292181080220983,48
3148,3,4105,2282,1823,0,0,0,1.0,1,1.0,1,1.0,1,0.16414451475638894,48
3149,2,4107,2283,1824,0,0,0,1.0,1,1.0,1,1.0,1,0.15414122978150044,47
3150,0,4107,2283,1824,0,0,0,1.0,1,1.0,1,1.0,1,0.15414122978150044,47
3151,2,4109,2283,1826,0,0,0,1.0,1,1.0,1,1.0,1,0.14319024221403528,48
3152,0,4109,2283,1826,0,0,0,1.0,1,1.0,1,1.0,1,0.15353088874942983,47
3153,0,4109,2283,1826,0,0,0,1.0,1,1.0,1,1.0,1,0.15353088874942983,47
3154,5,4114,2284,1830,0,0,0,1.0,1,1.0,1,1.0,1,0.11435351652718866,48
3155,0,4114,2284,1830,0,0,0,1.0,1,1.0,1,1.0,1,0.11250074800825861,48
3156,0,4114,2284,1830,0,0,0,1.0,1,1.0,1,1.0,1,0.11027501058099685,48
3157,3,4117,2284,1833,0,0,0,1.0,1,1.0,1,1.0,1,0.09185726808421285,48
3158,0,4117,2284,1833,0,0,0,1.0,1,1.0,1,1.0,1,0.09185726808421285,48
3159,0,4117,2284,1833,0,0,0,1.0,1,1.0,1,1.0,1,0.08028589863317143,49
3160,1,4118,2284,1834,0,0,0,1.0,1,1.0,1,1.0,1,0.08838201203883338,51
3161,0,4118,2284,1834,0,0,0,1.0,1,1.0,1,1.0,1,0.07996900705711686,52
3162,2,4120,2285,1835,0,0,0,1.0,1,1.0,1,1.0,1,0.08977318141931788,51
3163,1,4121,2286,1835,0,0,0,1.0,1,1.0,1,1.0,1,0.08333323298729345,51
3164,1,4122,2287,1835,0,0,0,1.0,1,1.0,1,1.0,1,0.10984270416000534,52
3165,0,4122,2287,1835,0,0,0,1.0,1,1.0,1,1.0,1,0.08495393780395437,50
3166,1,4123,2287,1836,0,0,0,1.0,1,1.0,1,1.0,1,0.06241003752812783,50
3167,4,4127,2291,1836,0,0,0,1.0,1,1.0,1,1.0,1,0.07665843530678701,49
3168,1,4128,2292,1836,0,0,0,1.0,1,1.0,1,1.0,1,0.10511995582316407,47
3169,2,4130,2293,1837,0,0,0,1.0,1,1.0,1,1.0,1,0.13994038411371093,48
3170,1,4131,2294,1837,0,0,0,1.0,1,1.0,1,1.0,1,0.20285793446251302,47
3171,4,4135,2295,1840,0,0,0,1.0,1,1.0,1,1.0,1,0.1807870433307184,47
3172,4,4139,2295,1844,0,0,0,1.0,1,1.0,1,1.0,1,0.15634587054462432,46
3173,0,4139,2295,1844,0,0,0,1.0,1,1.0,1,1.0,1,0.11539714910051464,45
3174,0,4139,2295,1844,0,0,0,1.0,1,1.0,1,1.0,1,0.13027073931882646,43
3175,1,4140,2295,1845,0,0,0,1.0,1,1.0,1,1.0,1,0.11281303006924492,43
3176,0,4140,2295,1845,0,0,0,1.0,1,1.0,1,1.0,1,0.09754956026922912,44
3177,2,4142,2297,1845,0,0,0,1.0,1,1.0,1,1.0,1,0.10402303429012966,44
3178,1,4143,2297,1846,0,0,0,1.0,1,1.0,1,1.0,1,0.07053712065016916,47
3179,1,4144,2298,1846,0,0,0,1.0,1,1.0,1,1.0,1,0.10660034520154005,48
3180,0,4144,2298,1846,0,0,0,1.0,1,1.0,1,1.0,1,0.10660034520154005,48
3181,1,4145,2298,1847,0,0,0,1.0,1,1.0,1,1.0,1,0.09266902690183558,48
3182,2,4147,2298,1849,0,0,0,1.0,1,1.0,1,1.0,1,0.047866005970333685,51
3183,1,4148,2299,1849,0,0,0,1.0,1,1.0,1,1.0,1,0.050397731014269365,50
3184,3,4151,2300,1851,0,0,0,1.0,1,1.0,1,1.0,1,0.02976397863806427,50
3185,0,4151,2300,1851,0,0,0,1.0,1,1.0,1,1.0,1,0.06061941808688727,48
3186,1,4152,2301,1851,0,0,0,1.0,1,1.0,1,1.0,1,0.07324397639487339,48
3187,1,4153,2301,1852,0,0,0,1.0,1,1.0,1,1.0,1,0.06371588326286408,48
3188,1,4154,2302,1852,0,0,0,1.0,1,1.0,1,1.0,1,0.08485581624847457,48
3189,0,4154,2302,1852,0,0,0,1.0,1,1.0,1,1.0,1,0.09527751609194221,49
3190,4,4158,2303,1855,0,0,0,1.0,1,1.0,1,1.0,1,0.07248994546371931,51
3191,1,4159,2304,1855,0,0,0,1.0,1,1.0,1,1.0,1,0.06174416787272398,52
3192,1,4160,2305,1855,0,0,0,1.0,1,1.0,1,1.0,1,0.04923588060950101,52
3193,2,4162,2306,1856,0,0,0,1.0,1,1.0,1,1.0,1,0.05499256064265755,52
3194,0,4162,2306,1856,0,0,0,1.0,1,1.0,1,1.0,1,0.05599396754028031,54
3195,0,4162,2306,1856,0,0,0,1.0,1,1.0,1,1.0,1,0.05599396754028031,54
3196,1,4163,2307,1856,0,0,0,1.0,1,1.0,1,1.0,1,0.04755381719775975,54
3197,0,4163,2307,1856,0,0,0,1.0,1,1.0,1,1.0,1,0.04568237367509258,54
3198,2,4165,2309,1856,0,0,0,1.0,1,1.0,1,1.0,1,0.06733584766868637,54
3199,3,4168,2311,1857,0,0,0,1.0,1,1.0,1,1.0,1,0.044926912182089454,56
3200,1,4169,2312,1857,0,0,0,1.0,1,1.0,1,1.0,1,0.06967960273412672,56
3201,0,4169,2312,1857,0,0,0,1.0,1,1.0,1,1.0,1,0.06967960273412672,56
3202,3,4172,2314,1858,0,0,0,1.0,1,1.0,1,1.0,1,0.08909612868075695,57
3203,2,4174,2315,1859,0,0,0,1.0,1,1.0,1,1.0,1,0.0845993097454112,56
3204,0,4174,2315,1859,0,0,0,1.0,1,1.0,1,1.0,1,0.07858110800010266,55
3205,2,4176,2315,1861,0,0,0,1.0,1,1.0,1,1.0,1,0.050901870530860406,54
3206,4,4180,2319,1861,0,0,0,1.0,1,1.0,1,1.0,1,0.10491842715278582,56
3207,0,4180,2319,1861,0,0,0,1.0,1,1.0,1,1.0,1,0.1327931859694306,54
3208,3,4183,2321,1862,0,0,0,1.0,1,1.0,1,1.0,1,0.16483460996081428,53
3209,0,4183,2321,1862,0,0,0,1.0,1,1.0,1,1.0,1,0.1573236417312364,54
3210,2,4185,2323,1862,0,0,0,1.0,1,1.0,1,1.0,1,0.1994209130139378,53
3211,1,4186,2324,1862,0,0,0,1.0,1,1.0,1,1.0,1,0.21397971958898224,53
3212,1,4187,2324,1863,0,0,0,1.0,1,1.0,1,1.0,1,0.20235760995131297,54
3213,0,4187,2324,1863,0,0,0,1.0,1,1.0,1,1.0,1,0.18820093640050523,54
3214,1,4188,2324,1864,0,0,0,1.0,1,1.0,1,1.0,1,0.18206585588173543,55
3215,2,4190,2325,1865,0,0,0,1.0,1,1.0,1,1.0,1,0.1626511333340056,55
3216,1,4191,2326,1865,0,0,0,1.0,1,1.0,1,1.0,1,0.17198288336909096,55
3217,4,4195,2329,1866,0,0,0,1.0,1,1.0,1,1.0,1,0.20187408227108444,54
3218,0,4195,2329,1866,0,0,0,1.0,1,1.0,1,1.0,1,0.20187408227108444,54
3219,1,4196,2330,1866,0,0,0,1.0,1,1.0,1,1.0,1,0.21118476280718237,55
3220,0,4196,2330,1866,0,0,0,1.0,1,1.0,1,1.0,1,0.18940764956409983,56
3221,0,4196,2330,1866,0,0,0,1.0,1,1.0,1,1.0,1,0.19789546712671693,57
3222,0,4196,2330,1866,0,0,0,1.0,1,1.0,1,1.0,1,0.19789546712671693,57
3223,0,4196,2330,1866,0,0,0,1.0,1,1.0,1,1.0,1,0.2045590397278665,56
3224,2,4198,2331,1867,0,0,0,1.0,1,1.0,1,1.0,1,0.17729821472100732,58
3225,3,4201,2334,1867,0,0,0,1.0,1,1.0,1,1.0,1,0.1888230033344756,55
3226,1,4202,2335,1867,0,0,0,1.0,1,1.0,1,1.0,1,0.19581452616560224,54
3227,1,4203,2336,1867,0,0,0,1.0,1,1.0,1,1.0,1,0.17406956288852166,53
3228,2,4205,2337,1868,0,0,0,1.0,1,1.0,1,1.0,1,0.14294747664071628,52
3229,0,4205,2337,1868,0,0,0,1.0,1,1.0,1,1.0,1,0.1251583364850813,52
3230,2,4207,2339,1868,0,0,0,1.0,1,1.0,1,1.0,1,0.12357070450900692,50
3231,1,4208,2340,1868,0,0,0,1.0,1,1.0,1,1.0,1,0.14513856885154303,50
3232,3,4211,2343,1868,0,0,0,1.0,1,1.0,1,1.0,1,0.16486401597116926,50
3233,0,4211,2343,1868,0,0,0,1.0,1,1.0,1,1.0,1,0.17385274326697134,50
3234,2,4213,2344,1869,0,0,0,1.0,1,1.0,1,1.0,1,0.19236340904915378,49
3235,3,4216,2346,1870,0,0,0,1.0,1,1.0,1,1.0,1,0.22211495143837603,49
3236,1,4217,2346,1871,0,0,0,1.0,1,1.0,1,1.0,1,0.2005229828667898,51
3237,0,4217,2346,1871,0,0,0,1.0,1,1.0,1,1.0,1,0.2099198656740556,53
3238,1,4218,2347,1871,0,0,0,1.0,1,1.0,1,1.0,1,0.23446835669858,53
3239,0,4218,2347,1871,0,0,0,1.0,1,1.0,1,1.0,1,0.23446835669858,53
3240,1,4219,2347,1872,0,0,0,1.0,1,1.0,1,1.0,1,0.21533084038146616,53
3241,0,4219,2347,1872,0,0,0,1.0,1,1.0,1,1.0,1,0.20910695396296008,53
3242,1,4220,2348,1872,0,0,0,1.0,1,1.0,1,1.0,1,0.21864337408646897,53
3243,1,4221,2348,1873,0,0,0,1.0,1,1.0,1,1.0,1,0.17752101525025782,56
3244,0,4221,2348,1873,0,0,0,1.0,1,1.0,1,1.0,1,0.18520428987319387,57
3245,1,4222,2348,1874,0,0,0,1.0,1,1.0,1,1.0,1,0.166122996324446,59
3246,0,4222,2348,1874,0,0,0,1.0,1,1.0,1,1.0,1,0.166122996324446,59
3247,1,4223,2349,1874,0,0,0,1.0,1,1.0,1,1.0,1,0.17731786103175473,59
3248,1,4224,2349,1875,0,0,0,1.0,1,1.0,1,1.0,1,0.15650028297654503,59
3249,1,4225,2349,1876,0,0,0,1.0,1,1.0,1,1.0,1,0.15567818659600316,58
3250,0,4225,2349,1876,0,0,0,1.0,1,1.0,1,1.0,1,0.15567818659600316,58
3251,1,4226,2350,1876,0,0,0,1.0,1,1.0,1,1.0,1,0.17542338337732133,57
3252,1,4227,2350,1877,0,0,0,1.0,1,1.0,1,1.0,1,0.18928754723380045,57
3253,1,4228,2350,1878,0,0,0,1.0,1,1.0,1,1.0,1,0.18000321652877982,56
3254,1,4229,2350,1879,0,0,0,1.0,1,1.0,1,1.0,1,0.15478953842494783,57
3255,2,4231,2351,1880,0,0,0,1.0,1,1.0,1,1.0,1,0.14008578904591779,57
3256,2,4233,2351,1882,0,0,0,1.0,1,1.0,1,1.0,1,0.11266580941692514,57
3257,1,4234,2351,1883,0,0,0,1.0,1,1.0,1,1.0,1,0.0920821478071472,57
3258,3,4237,2352,1885,0,0,0,1.0,1,1.0,1,1.0,1,0.0370513272068007,58
3259,0,4237,2352,1885,0,0,0,1.0,1,1.0,1,1.0,1,0.03359834827479793,59
3260,2,4239,2354,1885,0,0,0,1.0,1,1.0,1,1.0,1,0.020631010516585654,60
3261,3,4242,2357,1885,0,0,0,1.0,1,1.0,1,1.0,1,0.0784771206111921,60
3262,6,4248,2361,1887,0,0,0,1.0,1,1.0,1,1.0,1,0.0635396017409917,61
3263,3,4251,2364,1887,0,0,0,1.0,1,1.0,1,1.0,1,0.06020592373920495,62
3264,2,4253,2366,1887,0,0,0,1.0,1,1.0,1,1.0,1,0.07547617183179355,60
3265,4,4257,2369,1888,0,0,0,1.0,1,1.0,1,1.0,1,0.06942121529785811,58
3266,3,4260,2371,1889,0,0,0,1.0,1,1.0,1,1.0,1,0.08911311832256712,59
3267,2,4262,2372,1890,0,0,0,1.0,1,1.0,1,1.0,1,0.11437942093872744,60
3268,3,4265,2373,1892,0,0,0,1.0,1,1.0,1,1.0,1,0.1312348511055317,58
3269,1,4266,2374,1892,0,0,0,1.0,1,1.0,1,1.0,1,0.08671735340986768,57
3270,2,4268,2375,1893,0,0,0,1.0,1,1.0,1,1.0,1,0.06436906364304891,56
3271,2,4270,2377,1893,0,0,0,1.0,1,1.0,1,1.0,1,0.05964324381131388,55
3272,1,4271,2378,1893,0,0,0,1.0,1,1.0,1,1.0,1,0.07608488578214137,55
3273,1,4272,2379,1893,0,0,0,1.0,1,1.0,1,1.0,1,0.06225427033075454,55
3274,1,4273,2379,1894,0,0,0,1.0,1,1.0,1,1.0,1,0.03923184412943193,55
3275,1,4274,2380,1894,0,0,0,1.0,1,1.0,1,1.0,1,0.0384858013271929,55
3276,1,4275,2380,1895,0,0,0,1.0,1,1.0,1,1.0,1,0.044155426876449515,55
3277,0,4275,2380,1895,0,0,0,1.0,1,1.0,1,1.0,1,0.02612658982125298,57
3278,0,4275,2380,1895,0,0,0,1.0,1,1.0,1,1.0,1,0.01750567737594502,56
3279,1,4276,2381,1895,0,0,0,1.0,1,1.0,1,1.0,1,0.017468960402149885,54
3280,0,4276,2381,1895,0,0,0,1.0,1,1.0,1,1.0,1,0.036106267728167704,53
3281,2,4278,2383,1895,0,0,0,1.0,1,1.0,1,1.0,1,0.08277402577021895,52
3282,0,4278,2383,1895,0,0,0,1.0,1,1.0,1,1.0,1,0.08290333322868594,50
3283,4,4282,2384,1898,0,0,0,1.0,1,1.0,1,1.0,1,0.07756622577650905,50
3284,3,4285,2387,1898,0,0,0,1.0,1,1.0,1,1.0,1,0.09426638335775858,47
3285,0,4285,2387,1898,0,0,0,1.0,1,1.0,1,1.0,1,0.07655166407416528,48
3286,5,4290,2392,1898,0,0,0,1.0,1,1.0,1,1.0,1,0.08738306651847486,46
3287,3,4293,2394,1899,0,0,0,1.0,1,1.0,1,1.0,1,0.13539766687952198,46
3288,4,4297,2397,1900,0,0,0,1.0,1,1.0,1,1.0,1,0.18448315232172582,46
3289,9,4306,2399,1907,0,0,0,1.0,1,1.0,1,1.0,1,0.05652561750258121,48
3290,4,4310,2401,1909,0,0,0,1.0,1,1.0,1,1.0,1,0.04906777349019283,48
3291,1,4311,2402,1909,0,0,0,1.0,1,1.0,1,1.0,1,0.06504540725902366,50
3292,3,4314,2403,1911,0,0,0,1.0,1,1.0,1,1.0,1,0.0582849299236483,50
3293,0,4314,2403,1911,0,0,0,1.0,1,1.0,1,1.0,1,0.04039818007010136,51
3294,1,4315,2404,1911,0,0,0,1.0,1,1.0,1,1.0,1,0.06897404729276792,50
3295,3,4318,2407,1911,0,0,0,1.0,1,1.0,1,1.0,1,0.07754495251132777,50
3296,1,4319,2407,1912,0,0,0,1.0,1,1.0,1,1.0,1,0.060490088613415746,50
3297,2,4321,2409,1912,0,0,0,1.0,1,1.0,1,1.0,1,0.03722698036324219,51
3298,1,4322,2410,1912,0,0,0,1.0,1,1.0,1,1.0,1,0.044231677960941705,52
3299,1,4323,2411,1912,0,0,0,1.0,1,1.0,1,1.0,1,0.04264802671713389,53
3300,2,4325,2412,1913,0,0,0,1.0,1,1.0,1,1.0,1,0.021506406380996282,53
3301,0,4325,2412,1913,0,0,0,1.0,1,1.0,1,1.0,1,0.021506406380996282,53
3302,2,4327,2414,1913,0,0,0,1.0,1,1.0,1,1.0,1,0.053333303574539984,53
3303,0,4327,2414,1913,0,0,0,1.0,1,1.0,1,1.0,1,0.05004856414612411,52
3304,0,4327,2414,1913,0,0,0,1.0,1,1.0,1,1.0,1,0.0295478160189147,52
3305,2,4329,2415,1914,0,0,0,1.0,1,1.0,1,1.0,1,0.05860746375317907,51
3306,0,4329,2415,1914,0,0,0,1.0,1,1.0,1,1.0,1,0.04183425707916058,51
3307,1,4330,2416,1914,0,0,0,1.0,1,1.0,1,1.0,1,0.06362719425213458,48
3308,1,4331,2417,1914,0,0,0,1.0,1,1.0,1,1.0,1,0.08340933884479838,48
3309,1,4332,2418,1914,0,0,0,1.0,1,1.0,1,1.0,1,0.09209224304101496,48
3310,0,4332,2418,1914,0,0,0,1.0,1,1.0,1,1.0,1,0.11748333137787026,47
3311,5,4337,2421,1916,0,0,0,1.0,1,1.0,1,1.0,1,0.1137030712145655,49
3312,1,4338,2422,1916,0,0,0,1.0,1,1.0,1,1.0,1,0.1523450603061842,48
3313,3,4341,2425,1916,0,0,0,1.0,1,1.0,1,1.0,1,0.19071776783931418,49
3314,3,4344,2426,1918,0,0,0,1.0,1,1.0,1,1.0,1,0.20670246454352864,47
3315,1,4345,2427,1918,0,0,0,1.0,1,1.0,1,1.0,1,0.2331106257921353,47
3316,4,4349,2427,1922,0,0,0,1.0,1,1.0,1,1.0,1,0.19154503436497847,47
3317,1,4350,2427,1923,0,0,0,1.0,1,1.0,1,1.0,1,0.15035975615626102,46
3318,0,4350,2427,1923,0,0,0,1.0,1,1.0,1,1.0,1,0.1339743853632631,45
3319,3,4353,2429,1924,0,0,0,1.0,1,1.0,1,1.0,1,0.10927451700585508,44
3320,0,4353,2429,1924,0,0,0,1.0,1,1.0,1,1.0,1,0.10574755247647934,43
3321,2,4355,2431,1924,0,0,0,1.0,1,1.0,1,1.0,1,0.09884915252000823,43
3322,1,4356,2432,1924,0,0,0,1.0,1,1.0,1,1.0,1,0.09327689647356767,40
3323,4,4360,2436,1924,0,0,0,1.0,1,1.0,1,1.0,1,0.15677170800861054,40
3324,1,4361,2437,1924,0,0,0,1.0,1,1.0,1,1.0,1,0.15677741665679495,40
3325,4,4365,2439,1926,0,0,0,1.0,1,1.0,1,1.0,1,0.15588498596896458,40
3326,4,4369,2442,1927,0,0,0,1.0,1,1.0,1,1.0,1,0.1293556160932843,41
3327,1,4370,2443,1927,0,0,0,1.0,1,1.0,1,1.0,1,0.13825788383803828,39
3328,3,4373,2445,1928,0,0,0,1.0,1,1.0,1,1.0,1,0.12796955937665785,41
3329,0,4373,2445,1928,0,0,0,1.0,1,1.0,1,1.0,1,0.10320046658275647,39
3330,2,4375,2446,1929,0,0,0,1.0,1,1.0,1,1.0,1,0.08578106924196294,40
3331,1,4376,2446,1930,0,0,0,1.0,1,1.0,1,1.0,1,0.04023179685029934,38
3332,0,4376,2446,1930,0,0,0,1.0,1,1.0,1,1.0,1,0.05057844886929562,38
3333,1,4377,2447,1930,0,0,0,1.0,1,1.0,1,1.0,1,0.0836683342289883,38
3334,1,4378,2447,1931,0,0,0,1.0,1,1.0,1,1.0,1,0.08925423722495053,40
3335,0,4378,2447,1931,0,0,0,1.0,1,1.0,1,1.0,1,0.08925423722495053,40
3336,0,4378,2447,1931,0,0,0,1.0,1,1.0,1,1.0,1,0.11620112955171136,39
3337,0,4378,2447,1931,0,0,0,1.0,1,1.0,1,1.0,1,0.11766235851685286,40
3338,4,4382,2450,1932,0,0,0,1.0,1,1.0,1,1.0,1,0.11523537363915577,41
3339,1,4383,2451,1932,0,0,0,1.0,1,1.0,1,1.0,1,0.10519830502155232,42
3340,4,4387,2454,1933,0,0,0,1.0,1,1.0,1,1.0,1,0.10307660648262965,43
3341,0,4387,2454,1933,0,0,0,1.0,1,1.0,1,1.0,1,0.10307660648262965,43
3342,3,4390,2455,1935,0,0,0,1.0,1,1.0,1,1.0,1,0.0976308913632341,44
3343,0,4390,2455,1935,0,0,0,1.0,1,1.0,1,1.0,1,0.0976308913632341,44
3344,1,4391,2455,1936,0,0,0,1.0,1,1.0,1,1.0,1,0.12067555294362764,44
3345,0,4391,2455,1936,0,0,0,1.0,1,1.0,1,1.0,1,0.13474327284266593,43
3346,0,4391,2455,1936,0,0,0,1.0,1,1.0,1,1.0,1,0.15909188067018795,42
3347,0,4391,2455,1936,0,0,0,1.0,1,1.0,1,1.0,1,0.13495883477825182,44
3348,1,4392,2455,1937,0,0,0,1.0,1,1.0,1,1.0,1,0.13169760727098176,45
3349,2,4394,2457,1937,0,0,0,1.0,1,1.0,1,1.0,1,0.14326561996842904,45
3350,0,4394,2457,1937,0,0,0,1.0,1,1.0,1,1.0,1,0.12285067737028255,46
3351,0,4394,2457,1937,0,0,0,1.0,1,1.0,1,1.0,1,0.13442164477852125,47
3352,0,4394,2457,1937,0,0,0,1.0,1,1.0,1,1.0,1,0.13442164477852125,47
3353,1,4395,2457,1938,0,0,0,1.0,1,1.0,1,1.0,1,0.10830189720031405,48
3354,1,4396,2458,1938,0,0,0,1.0,1,1.0,1,1.0,1,0.13441360527267576,48
3355,2,4398,2459,1939,0,0,0,1.0,1,1.0,1,1.0,1,0.13051479590453652,48
3356,0,4398,2459,1939,0,0,0,1.0,1,1.0,1,1.0,1,0.10689669895877858,48
3357,1,4399,2460,1939,0,0,0,1.0,1,1.0,1,1.0,1,0.1133994998558373,47
3358,2,4401,2461,1940,0,0,0,1.0,1,1.0,1,1.0,1,0.11448972619654253,46
3359,1,4402,2462,1940,0,0,0,1.0,1,1.0,1,1.0,1,0.13041686488230197,45
3360,2,4404,2464,1940,0,0,0,1.0,1,1.0,1,1.0,1,0.18094725450696267,44
3361,3,4407,2465,1942,0,0,0,1.0,1,1.0,1,1.0,1,0.16128945918763582,43
3362,1,4408,2466,1942,0,0,0,1.0,1,1.0,1,1.0,1,0.20078142984728276,42
3363,2,4410,2467,1943,0,0,0,1.0,1,1.0,1,1.0,1,0.21966539325838685,41
3364,1,4411,2467,1944,0,0,0,1.0,1,1.0,1,1.0,1,0.1795810816176022,41
3365,0,4411,2467,1944,0,0,0,1.0,1,1.0,1,1.0,1,0.18043716353134048,41
3366,0,4411,2467,1944,0,0,0,1.0,1,1.0,1,1.0,1,0.16512347424886586,40
3367,1,4412,2467,1945,0,0,0,1.0,1,1.0,1,1.0,1,0.1359054565967242,39
3368,1,4413,2468,1945,0,0,0,1.0,1,1.0,1,1.0,1,0.12246314209227357,39
3369,0,4413,2468,1945,0,0,0,1.0,1,1.0,1,1.0,1,0.10715116712130657,40
3370,2,4415,2470,1945,0,0,0,1.0,1,1.0,1,1.0,1,0.09392296519087996,41
3371,1,4416,2471,1945,0,0,0,1.0,1,1.0,1,1.0,1,0.12387422567839063,41
3372,2,4418,2473,1945,0,0,0,1.0,1,1.0,1,1.0,1,0.14337163134336361,40
3373,3,4421,2473,1948,0,0,0,1.0,1,1.0,1,1.0,1,0.10092733778875229,41
3374,1,4422,2473,1949,0,0,0,1.0,1,1.0,1,1.0,1,0.08292430681955262,42
3375,0,4422,2473,1949,0,0,0,1.0,1,1.0,1,1.0,1,0.09846774854462391,44
3376,3,4425,2473,1952,0,0,0,1.0,1,1.0,1,1.0,1,0.04510263097983701,46
3377,0,4425,2473,1952,0,0,0,1.0,1,1.0,1,1.0,1,0.060203514727233384,47
3378,2,4427,2474,1953,0,0,0,1.0,1,1.0,1,1.0,1,0.05091030321884153,48
3379,0,4427,2474,1953,0,0,0,1.0,1,1.0,1,1.0,1,0.05091030321884153,48
3380,0,4427,2474,1953,0,0,0,1.0,1,1.0,1,1.0,1,0.05091030321884153,48
3381,0,4427,2474,1953,0,0,0,1.0,1,1.0,1,1.0,1,0.05091030321884153,48
3382,2,4429,2475,1954,0,0,0,1.0,1,1.0,1,1.0,1,0.053072495473920796,49
3383,0,4429,2475,1954,0,0,0,1.0,1,1.0,1,1.0,1,0.06305455160171541,47
3384,3,4432,2477,1955,0,0,0,1.0,1,1.0,1,1.0,1,0.10917757118899334,48
3385,2,4434,2477,1957,0,0,0,1.0,1,1.0,1,1.0,1,0.11117658353367761,47
3386,4,4438,2478,1960,0,0,0,1.0,1,1.0,1,1.0,1,0.12620272983599262,49
3387,0,4438,2478,1960,0,0,0,1.0,1,1.0,1,1.0,1,0.1338323754525098,48
3388,3,4441,2479,1962,0,0,0,1.0,1,1.0,1,1.0,1,0.14383813345490754,48
3389,0,4441,2479,1962,0,0,0,1.0,1,1.0,1,1.0,1,0.16217769344563263,50
3390,1,4442,2480,1962,0,0,0,1.0,1,1.0,1,1.0,1,0.1563590013074649,51
3391,3,4445,2481,1964,0,0,0,1.0,1,1.0,1,1.0,1,0.16762784935032043,51
3392,2,4447,2481,1966,0,0,0,1.0,1,1.0,1,1.0,1,0.1364043129631309,52
3393,3,4450,2482,1968,0,0,0,1.0,1,1.0,1,1.0,1,0.09901410576214399,52
3394,0,4450,2482,1968,0,0,0,1.0,1,1.0,1,1.0,1,0.09901410576214399,52
3395,0,4450,2482,1968,0,0,0,1.0,1,1.0,1,1.0,1,0.0908700977873074,50
3396,0,4450,2482,1968,0,0,0,1.0,1,1.0,1,1.0,1,0.09052658178564585,49
3397,2,4452,2483,1969,0,0,0,1.0,1,1.0,1,1.0,1,0.0670751222154381,49
3398,0,4452,2483,1969,0,0,0,1.0,1,1.0,1,1.0,1,0.06433789530534972,48
3399,1,4453,2484,1969,0,0,0,1.0,1,1.0,1,1.0,1,0.07078919945715499,49
3400,2,4455,2485,1970,0,0,0,1.0,1,1.0,1,1.0,1,0.04310727336019612,50
3401,0,4455,2485,1970,0,0,0,1.0,1,1.0,1,1.0,1,0.04748712046267424,51
3402,1,4456,2486,1970,0,0,0,1.0,1,1.0,1,1.0,1,0.06634731976481709,51
3403,2,4458,2488,1970,0,0,0,1.0,1,1.0,1,1.0,1,0.09060444290397437,51
3404,1,4459,2489,1970,0,0,0,1.0,1,1.0,1,1.0,1,0.10420127004148123,51
3405,1,4460,2490,1970,0,0,0,1.0,1,1.0,1,1.0,1,0.11464166907103387,51
3406,0,4460,2490,1970,0,0,0,1.0,1,1.0,1,1.0,1,0.1197110447706108,51
3407,1,4461,2491,1970,0,0,0,1.0,1,1.0,1,1.0,1,0.12472807857245775,52
3408,0,4461,2491,1970,0,0,0,1.0,1,1.0,1,1.0,1,0.13586376884154847,53
3409,1,4462,2492,1970,0,0,0,1.0,1,1.0,1,1.0,1,0.12513343587869025,54
3410,1,4463,2493,1970,0,0,0,1.0,1,1.0,1,1.0,1,0.13360912823755833,54
3411,1,4464,2494,1970,0,0,0,1.0,1,1.0,1,1.0,1,0.1324957422929008,54
3412,3,4467,2495,1972,0,0,0,1.0,1,1.0,1,1.0,1,0.13312467115430243,55
3413,0,4467,2495,1972,0,0,0,1.0,1,1.0,1,1.0,1,0.13312467115430243,55
3414,0,4467,2495,1972,0,0,0,1.0,1,1.0,1,1.0,1,0.13886024750418258,55
3415,3,4470,2497,1973,0,0,0,1.0,1,1.0,1,1.0,1,0.13694657668211188,56
3416,2,4472,2497,1975,0,0,0,1.0,1,1.0,1,1.0,1,0.12078021142005183,55
3417,2,4474,2497,1977,0,0,0,1.0,1,1.0,1,1.0,1,0.1182862403050281,56
3418,2,4476,2498,1978,0,0,0,1.0,1,1.0,1,1.0,1,0.1504783091797041,55
3419,2,4478,2498,1980,0,0,0,1.0,1,1.0,1,1.0,1,0.14630082634142666,56
3420,1,4479,2498,1981,0,0,0,1.0,1,1.0,1,1.0,1,0.15732710424189836,55
3421,2,4481,2498,1983,0,0,0,1.0,1,1.0,1,1.0,1,0.1406189804787132,57
3422,0,4481,2498,1983,0,0,0,1.0,1,1.0,1,1.0,1,0.14623459527196728,56
3423,2,4483,2499,1984,0,0,0,1.0,1,1.0,1,1.0,1,0.1263806806299502,56
3424,4,4487,2500,1987,0,0,0,1.0,1,1.0,1,1.0,1,0.0925282413536113,56
3425,0,4487,2500,1987,0,0,0,1.0,1,1.0,1,1.0,1,0.0925282413536113,56
3426,0,4487,2500,1987,0,0,0,1.0,1,1.0,1,1.0,1,0.11601881776257894,55
3427,3,4490,2500,1990,0,0,0,1.0,1,1.0,1,1.0,1,0.09980560413739073,55
3428,0,4490,2500,1990,0,0,0,1.0,1,1.0,1,1.0,1,0.10320882426993848,55
3429,1,4491,2501,1990,0,0,0,1.0,1,1.0,1,1.0,1,0.13879766231505775,54
3430,2,4493,2501,1992,0,0,0,1.0,1,1.0,1,1.0,1,0.11245268971574965,56
3431,1,4494,2502,1992,0,0,0,1.0,1,1.0,1,1.0,1,0.10852987153003953,54
3432,2,4496,2503,1993,0,0,0,1.0,1,1.0,1,1.0,1,0.12368422152992242,56
3433,2,4498,2504,1994,0,0,0,1.0,1,1.0,1,1.0,1,0.1250119203766458,53
3434,3,4501,2506,1995,0,0,0,1.0,1,1.0,1,1.0,1,0.10710695566217933,51
3435,3,4504,2509,1995,0,0,0,1.0,1,1.0,1,1.0,1,0.12929030897901828,51
3436,3,4507,2510,1997,0,0,0,1.0,1,1.0,1,1.0,1,0.10540656999256515,51
3437,3,4510,2512,1998,0,0,0,1.0,1,1.0,1,1.0,1,0.10271391439468902,53
3438,1,4511,2512,1999,0,0,0,1.0,1,1.0,1,1.0,1,0.05416135514969918,52
3439,2,4513,2513,2000,0,0,0,1.0,1,1.0,1,1.0,1,0.05409550219813042,54
3440,1,4514,2514,2000,0,0,0,1.0,1,1.0,1,1.0,1,0.05925165094818869,52
3441,0,4514,2514,2000,0,0,0,1.0,1,1.0,1,1.0,1,0.05801655318134105,53
3442,1,4515,2514,2001,0,0,0,1.0,1,1.0,1,1.0,1,0.028374365839893088,53
3443,0,4515,2514,2001,0,0,0,1.0,1,1.0,1,1.0,1,0.034594764180949394,53
3444,0,4515,2514,2001,0,0,0,1.0,1,1.0,1,1.0,1,0.03846505272171862,52
3445,2,4517,2516,2001,0,0,0,1.0,1,1.0,1,1.0,1,0.051998160887416725,53
3446,1,4518,2517,2001,0,0,0,1.0,1,1.0,1,1.0,1,0.10916899436094608,53
3447,0,4518,2517,2001,0,0,0,1.0,1,1.0,1,1.0,1,0.10916899436094608,53
3448,4,4522,2519,2003,0,0,0,1.0,1,1.0,1,1.0,1,0.17482809106410155,52
3449,2,4524,2520,2004,0,0,0,1.0,1,1.0,1,1.0,1,0.15505591662346205,52
3450,2,4526,2522,2004,0,0,0,1.0,1,1.0,1,1.0,1,0.1638337110819467,52
3451,8,4534,2526,2008,0,0,0,1.0,1,1.0,1,1.0,1,0.15165946119212845,54
3452,1,4535,2527,2008,0,0,0,1.0,1,1.0,1,1.0,1,0.1427776114345582,54
3453,1,4536,2528,2008,0,0,0,1.0,1,1.0,1,1.0,1,0.13650780484536118,54
3454,2,4538,2528,2010,0,0,0,1.0,1,1.0,1,1.0,1,0.11054267898363224,57
3455,0,4538,2528,2010,0,0,0,1.0,1,1.0,1,1.0,1,0.11054267898363224,57
3456,2,4540,2528,2012,0,0,0,1.0,1,1.0,1,1.0,1,0.10176856365973919,58
3457,1,4541,2528,2013,0,0,0,1.0,1,1.0,1,1.0,1,0.11278808607133432,57
3458,0,4541,2528,2013,0,0,0,1.0,1,1.0,1,1.0,1,0.1132871082013495,57
3459,0,4541,2528,2013,0,0,0,1.0,1,1.0,1,1.0,1,0.1132871082013495,57
3460,1,4542,2528,2014,0,0,0,1.0,1,1.0,1,1.0,1,0.09613047577728938,58
3461,2,4544,2528,2016,0,0,0,1.0,1,1.0,1,1.0,1,0.0881459507084879,59
3462,3,4547,2529,2018,0,0,0,1.0,1,1.0,1,1.0,1,0.06721595268298329,59
3463,1,4548,2529,2019,0,0,0,1.0,1,1.0,1,1.0,1,0.05381052749902465,59
3464,1,4549,2529,2020,0,0,0,1.0,1,1.0,1,1.0,1,0.061777796884038776,59
3465,1,4550,2530,2020,0,0,0,1.0,1,1.0,1,1.0,1,0.06245656184187575,57
3466,0,4550,2530,2020,0,0,0,1.0,1,1.0,1,1.0,1,0.06245656184187575,57
3467,4,4554,2532,2022,0,0,0,1.0,1,1.0,1,1.0,1,0.10299223596658573,57
3468,0,4554,2532,2022,0,0,0,1.0,1,1.0,1,1.0,1,0.1071320744815018,57
3469,4,4558,2536,2022,0,0,0,1.0,1,1.0,1,1.0,1,0.10758099668150072,53
3470,1,4559,2537,2022,0,0,0,1.0,1,1.0,1,1.0,1,0.12796819075904953,50
3471,2,4561,2539,2022,0,0,0,1.0,1,1.0,1,1.0,1,0.17417022655438344,49
3472,3,4564,2540,2024,0,0,0,1.0,1,1.0,1,1.0,1,0.13711954122320727,47
3473,2,4566,2542,2024,0,0,0,1.0,1,1.0,1,1.0,1,0.1869623406916453,45
3474,2,4568,2543,2025,0,0,0,1.0,1,1.0,1,1.0,1,0.16956064203029006,42
3475,6,4574,2545,2029,0,0,0,1.0,1,1.0,1,1.0,1,0.20066354291455235,43
3476,2,4576,2547,2029,0,0,0,1.0,1,1.0,1,1.0,1,0.21091402738930695,41
3477,3,4579,2549,2030,0,0,0,1.0,1,1.0,1,1.0,1,0.1722190999296793,42
3478,3,4582,2551,2031,0,0,0,1.0,1,1.0,1,1.0,1,0.15877272710221174,40
3479,0,4582,2551,2031,0,0,0,1.0,1,1.0,1,1.0,1,0.12553453330062153,40
3480,1,4583,2552,2031,0,0,0,1.0,1,1.0,1,1.0,1,0.1292328834943125,40
3481,1,4584,2552,2032,0,0,0,1.0,1,1.0,1,1.0,1,0.1070488137461388,40
3482,0,4584,2552,2032,0,0,0,1.0,1,1.0,1,1.0,1,0.1070488137461388,40
3483,2,4586,2554,2032,0,0,0,1.0,1,1.0,1,1.0,1,0.15530330236245168,39
3484,2,4588,2554,2034,0,0,0,1.0,1,1.0,1,1.0,1,0.12734721351545833,39
3485,3,4591,2556,2035,0,0,0,1.0,1,1.0,1,1.0,1,0.2027023080104699,40
3486,2,4593,2556,2037,0,0,0,1.0,1,1.0,1,1.0,1,0.18229618033624628,41
3487,4,4597,2556,2041,0,0,0,1.0,1,1.0,1,1.0,1,0.14399211722221733,41
3488,0,4597,2556,2041,0,0,0,1.0,1,1.0,1,1.0,1,0.13177486321622423,42
3489,1,4598,2556,2042,0,0,0,1.0,1,1.0,1,1.0,1,0.10954950100771715,44
3490,2,4600,2556,2044,0,0,0,1.0,1,1.0,1,1.0,1,0.08532812106586181,44
3491,0,4600,2556,2044,0,0,0,1.0,1,1.0,1,1.0,1,0.10130566941250968,45
3492,1,4601,2557,2044,0,0,0,1.0,1,1.0,1,1.0,1,0.09592460517790766,45
3493,1,4602,2558,2044,0,0,0,1.0,1,1.0,1,1.0,1,0.0914069547309908,45
3494,0,4602,2558,2044,0,0,0,1.0,1,1.0,1,1.0,1,0.0914069547309908,45
3495,0,4602,2558,2044,0,0,0,1.0,1,1.0,1,1.0,1,0.0914069547309908,45
3496,2,4604,2558,2046,0,0,0,1.0,1,1.0,1,1.0,1,0.0720582660087207,46
3497,1,4605,2559,2046,0,0,0,1.0,1,1.0,1,1.0,1,0.07336199552816591,47
3498,1,4606,2560,2046,0,0,0,1.0,1,1.0,1,1.0,1,0.10009984924321137,48
3499,0,4606,2560,2046,0,0,0,1.0,1,1.0,1,1.0,1,0.11588327890153523,47
3500,2,4608,2560,2048,0,0,0,1.0,1,1.0,1,1.0,1,0.09576313503412977,50
3501,1,4609,2561,2048,0,0,0,1.0,1,1.0,1,1.0,1,0.11170175994762488,50
3502,1,4610,2562,2048,0,0,0,1.0,1,1.0,1,1.0,1,0.1407342218083723,50
3503,0,4610,2562,2048,0,0,0,1.0,1,1.0,1,1.0,1,0.1407342218083723,50
3504,1,4611,2563,2048,0,0,0,1.0,1,1.0,1,1.0,1,0.2029765260215758,47
3505,0,4611,2563,2048,0,0,0,1.0,1,1.0,1,1.0,1,0.21480104347359352,48
3506,0,4611,2563,2048,0,0,0,1.0,1,1.0,1,1.0,1,0.2200097317701307,49
3507,1,4612,2563,2049,0,0,0,1.0,1,1.0,1,1.0,1,0.19546149459685955,46
3508,2,4614,2565,2049,0,0,0,1.0,1,1.0,1,1.0,1,0.2620625748846111,47
3509,0,4614,2565,2049,0,0,0,1.0,1,1.0,1,1.0,1,0.23695757761490097,44
3510,2,4616,2566,2050,0,0,0,1.0,1,1.0,1,1.0,1,0.25681708059679015,45
3511,0,4616,2566,2050,0,0,0,1.0,1,1.0,1,1.0,1,0.2456129616254441,44
3512,0,4616,2566,2050,0,0,0,1.0,1,1.0,1,1.0,1,0.23418329430899218,42
3513,0,4616,2566,2050,0,0,0,1.0,1,1.0,1,1.0,1,0.23418329430899218,42
3514,0,4616,2566,2050,0,0,0,1.0,1,1.0,1,1.0,1,0.22719121993277366,42
3515,2,4618,2566,2052,0,0,0,1.0,1,1.0,1,1.0,1,0.17873606483034063,42
3516,0,4618,2566,2052,0,0,0,1.0,1,1.0,1,1.0,1,0.19222562133174845,41
3517,1,4619,2566,2053,0,0,0,1.0,1,1.0,1,1.0,1,0.168734943455881,44
3518,0,4619,2566,2053,0,0,0,1.0,1,1.0,1,1.0,1,0.17855960566110696,43
3519,0,4619,2566,2053,0,0,0,1.0,1,1.0,1,1.0,1,0.16799951384327955,44
3520,1,4620,2566,2054,0,0,0,1.0,1,1.0,1,1.0,1,0.17442783333945436,45
3521,0,4620,2566,2054,0,0,0,1.0,1,1.0,1,1.0,1,0.17442783333945436,45
3522,1,4621,2566,2055,0,0,0,1.0,1,1.0,1,1.0,1,0.16718469751606424,46
3523,0,4621,2566,2055,0,0,0,1.0,1,1.0,1,1.0,1,0.16718469751606424,46
3524,0,4621,2566,2055,0,0,0,1.0,1,1.0,1,1.0,1,0.14534472086335037,47
3525,0,4621,2566,2055,0,0,0,1.0,1,1.0,1,1.0,1,0.16151932059505847,48
3526,0,4621,2566,2055,0,0,0,1.0,1,1.0,1,1.0,1,0.14206911487312723,49
3527,3,4624,2568,2056,0,0,0,1.0,1,1.0,1,1.0,1,0.19308204903028114,49
3528,1,4625,2568,2057,0,0,0,1.0,1,1.0,1,1.0,1,0.18543880293928716,51
3529,0,4625,2568,2057,0,0,0,1.0,1,1.0,1,1.0,1,0.18543880293928716,51
3530,1,4626,2568,2058,0,0,0,1.0,1,1.0,1,1.0,1,0.1789714527076837,52
3531,0,4626,2568,2058,0,0,0,1.0,1,1.0,1,1.0,1,0.1789714527076837,52
3532,0,4626,2568,2058,0,0,0,1.0,1,1.0,1,1.0,1,0.1789714527076837,52
3533,0,4626,2568,2058,0,0,0,1.0,1,1.0,1,1.0,1,0.1789714527076837,52
3534,0,4626,2568,2058,0,0,0,1.0,1,1.0,1,1.0,1,0.1789714527076837,52
3535,0,4626,2568,2058,0,0,0,1.0,1,1.0,1,1.0,1,0.1789714527076837,52
3536,1,4627,2568,2059,0,0,0,1.0,1,1.0,1,1.0,1,0.17536368175207817,54
3537,0,4627,2568,2059,0,0,0,1.0,1,1.0,1,1.0,1,0.1766488345371272,55
3538,1,4628,2569,2059,0,0,0,1.0,1,1.0,1,1.0,1,0.16802222210376447,55
3539,1,4629,2569,2060,0,0,0,1.0,1,1.0,1,1.0,1,0.14963593153589821,58
3540,5,4634,2573,2061,0,0,0,1.0,1,1.0,1,1.0,1,0.18624576547612884,59
3541,3,4637,2573,2064,0,0,0,1.0,1,1.0,1,1.0,1,0.1506797866451806,59
3542,3,4640,2575,2065,0,0,0,1.0,1,1.0,1,1.0,1,0.16892990128922736,61
3543,1,4641,2575,2066,0,0,0,1.0,1,1.0,1,1.0,1,0.1532534814498654,62
3544,2,4643,2577,2066,0,0,0,1.0,1,1.0,1,1.0,1,0.16940649416448122,59
3545,2,4645,2578,2067,0,0,0,1.0,1,1.0,1,1.0,1,0.1769246915503021,59
3546,0,4645,2578,2067,0,0,0,1.0,1,1.0,1,1.0,1,0.16692708002419201,57
3547,2,4647,2579,2068,0,0,0,1.0,1,1.0,1,1.0,1,0.1670766274645039,53
3548,0,4647,2579,2068,0,0,0,1.0,1,1.0,1,1.0,1,0.1670766274645039,53
3549,0,4647,2579,2068,0,0,0,1.0,1,1.0,1,1.0,1,0.1531454378281786,52
3550,2,4649,2579,2070,0,0,0,1.0,1,1.0,1,1.0,1,0.1560023596321781,51
3551,1,4650,2579,2071,0,0,0,1.0,1,1.0,1,1.0,1,0.1386725993516863,51
3552,1,4651,2579,2072,0,0,0,1.0,1,1.0,1,1.0,1,0.1211010269651098,51
3553,2,4653,2579,2074,0,0,0,1.0,1,1.0,1,1.0,1,0.11106576079104269,49
3554,2,4655,2579,2076,0,0,0,1.0,1,1.0,1,1.0,1,0.07238990461581442,49
3555,1,4656,2579,2077,0,0,0,1.0,1,1.0,1,1.0,1,0.07706694644827577,51
3556,1,4657,2579,2078,0,0,0,1.0,1,1.0,1,1.0,1,0.05734484023165728,51
3557,2,4659,2580,2079,0,0,0,1.0,1,1.0,1,1.0,1,0.05078709546676269,52
3558,1,4660,2581,2079,0,0,0,1.0,1,1.0,1,1.0,1,0.07568146125101759,52
3559,2,4662,2582,2080,0,0,0,1.0,1,1.0,1,1.0,1,0.07864492007192071,52
3560,1,4663,2583,2080,0,0,0,1.0,1,1.0,1,1.0,1,0.05902083044854108,53
3561,1,4664,2584,2080,0,0,0,1.0,1,1.0,1,1.0,1,0.08092627557890905,54
3562,2,4666,2586,2080,0,0,0,1.0,1,1.0,1,1.0,1,0.1125150686356298,54
3563,1,4667,2587,2080,0,0,0,1.0,1,1.0,1,1.0,1,0.13970156373520506,55
3564,1,4668,2587,2081,0,0,0,1.0,1,1.0,1,1.0,1,0.10572578761271317,57
3565,0,4668,2587,2081,0,0,0,1.0,1,1.0,1,1.0,1,0.11235100003818188,56
3566,0,4668,2587,2081,0,0,0,1.0,1,1.0,1,1.0,1,0.12524867719484578,57
3567,0,4668,2587,2081,0,0,0,1.0,1,1.0,1,1.0,1,0.12524867719484578,57
3568,0,4668,2587,2081,0,0,0,1.0,1,1.0,1,1.0,1,0.12524867719484578,57
3569,1,4669,2587,2082,0,0,0,1.0,1,1.0,1,1.0,1,0.10297414244048572,57
3570,2,4671,2589,2082,0,0,0,1.0,1,1.0,1,1.0,1,0.1441391324696376,59
3571,2,4673,2589,2084,0,0,0,1.0,1,1.0,1,1.0,1,0.10992766446631028,60
3572,0,4673,2589,2084,0,0,0,1.0,1,1.0,1,1.0,1,0.10057797095544439,61
3573,2,4675,2590,2085,0,0,0,1.0,1,1.0,1,1.0,1,0.10197196862584208,62
3574,0,4675,2590,2085,0,0,0,1.0,1,1.0,1,1.0,1,0.09583103182727869,63
3575,0,4675,2590,2085,0,0,0,1.0,1,1.0,1,1.0,1,0.09583103182727869,63
3576,1,4676,2591,2085,0,0,0,1.0,1,1.0,1,1.0,1,0.11295471401904648,63
3577,0,4676,2591,2085,0,0,0,1.0,1,1.0,1,1.0,1,0.10539602768671727,64
3578,0,4676,2591,2085,0,0,0,1.0,1,1.0,1,1.0,1,0.09617769451833887,64
3579,0,4676,2591,2085,0,0,0,1.0,1,1.0,1,1.0,1,0.09617769451833887,64
3580,0,4676,2591,2085,0,0,0,1.0,1,1.0,1,1.0,1,0.10654248300984819,65
3581,1,4677,2592,2085,0,0,0,1.0,1,1.0,1,1.0,1,0.11443755545039899,68
3582,0,4677,2592,2085,0,0,0,1.0,1,1.0,1,1.0,1,0.13924128416666554,68
3583,4,4681,2596,2085,0,0,0,1.0,1,1.0,1,1.0,1,0.17321062747160829,65
3584,3,4684,2599,2085,0,0,0,1.0,1,1.0,1,1.0,1,0.21570268412884455,64
3585,2,4686,2601,2085,0,0,0,1.0,1,1.0,1,1.0,1,0.1990063660829884,64
3586,10,4696,2605,2091,0,0,0,1.0,1,1.0,1,1.0,1,0.16116685561497618,65
3587,2,4698,2606,2092,0,0,0,1.0,1,1.0,1,1.0,1,0.11872214725868366,64
3588,2,4700,2608,2092,0,0,0,1.0,1,1.0,1,1.0,1,0.12226214217415468,62
3589,6,4706,2611,2095,0,0,0,1.0,1,1.0,1,1.0,1,0.1282356032177125,63
3590,3,4709,2612,2097,0,0,0,1.0,1,1.0,1,1.0,1,0.12081630744194609,63
3591,2,4711,2613,2098,0,0,0,1.0,1,1.0,1,1.0,1,0.10945473143613137,62
3592,3,4714,2614,2100,0,0,0,1.0,1,1.0,1,1.0,1,0.07925724533027348,59
3593,0,4714,2614,2100,0,0,0,1.0,1,1.0,1,1.0,1,0.06735191170443436,58
3594,0,4714,2614,2100,0,0,0,1.0,1,1.0,1,1.0,1,0.08328154655271498,57
3595,1,4715,2614,2101,0,0,0,1.0,1,1.0,1,1.0,1,0.06929833436492894,59
3596,1,4716,2615,2101,0,0,0,1.0,1,1.0,1,1.0,1,0.05691968595017631,57
3597,0,4716,2615,2101,0,0,0,1.0,1,1.0,1,1.0,1,0.08145161537864733,57
3598,2,4718,2616,2102,0,0,0,1.0,1,1.0,1,1.0,1,0.08867876607759718,57
3599,0,4718,2616,2102,0,0,0,1.0,1,1.0,1,1.0,1,0.09876265425433611,58
3600,2,4720,2617,2103,0,0,0,1.0,1,1.0,1,1.0,1,0.08515735538447379,58
3601,3,4723,2618,2105,0,0,0,1.0,1,1.0,1,1.0,1,0.06868351629557944,58
3602,0,4723,2618,2105,0,0,0,1.0,1,1.0,1,1.0,1,0.05535462829268139,60
3603,2,4725,2619,2106,0,0,0,1.0,1,1.0,1,1.0,1,0.06275122358468693,60
3604,1,4726,2620,2106,0,0,0,1.0,1,1.0,1,1.0,1,0.09247748031598979,60
3605,3,4729,2622,2107,0,0,0,1.0,1,1.0,1,1.0,1,0.10610451975559022,61
3606,4,4733,2624,2109,0,0,0,1.0,1,1.0,1,1.0,1,0.0798777558684617,63
3607,1,4734,2625,2109,0,0,0,1.0,1,1.0,1,1.0,1,0.09015206069152032,63
3608,0,4734,2625,2109,0,0,0,1.0,1,1.0,1,1.0,1,0.09768312330090158,64
3609,1,4735,2625,2110,0,0,0,1.0,1,1.0,1,1.0,1,0.10666645899534069,66
3610,3,4738,2627,2111,0,0,0,1.0,1,1.0,1,1.0,1,0.11554120730846794,67
3611,2,4740,2629,2111,0,0,0,1.0,1,1.0,1,1.0,1,0.13920096179903266,67
3612,1,4741,2630,2111,0,0,0,1.0,1,1.0,1,1.0,1,0.1569636735654544,66
3613,3,4744,2630,2114,0,0,0,1.0,1,1.0,1,1.0,1,0.1312980752278357,66
3614,2,4746,2631,2115,0,0,0,1.0,1,1.0,1,1.0,1,0.13624010740959888,65
3615,0,4746,2631,2115,0,0,0,1.0,1,1.0,1,1.0,1,0.12109108055667893,65
3616,0,4746,2631,2115,0,0,0,1.0,1,1.0,1,1.0,1,0.12109108055667893,65
3617,0,4746,2631,2115,0,0,0,1.0,1,1.0,1,1.0,1,0.11381991042539953,66
3618,0,4746,2631,2115,0,0,0,1.0,1,1.0,1,1.0,1,0.11381991042539953,66
3619,1,4747,2632,2115,0,0,0,1.0,1,1.0,1,1.0,1,0.12126472157971532,65
3620,4,4751,2633,2118,0,0,0,1.0,1,1.0,1,1.0,1,0.1337427614312705,66
3621,2,4753,2634,2119,0,0,0,1.0,1,1.0,1,1.0,1,0.11912797919945996,65
3622,3,4756,2635,2121,0,0,0,1.0,1,1.0,1,1.0,1,0.09417991008979826,65
3623,2,4758,2636,2122,0,0,0,1.0,1,1.0,1,1.0,1,0.08907419955967917,62
3624,3,4761,2639,2122,0,0,0,1.0,1,1.0,1,1.0,1,0.12117556022753427,62
3625,4,4765,2641,2124,0,0,0,1.0,1,1.0,1,1.0,1,0.12875757501268964,61
3626,2,4767,2641,2126,0,0,0,1.0,1,1.0,1,1.0,1,0.08181383513944235,58
3627,1,4768,2642,2126,0,0,0,1.0,1,1.0,1,1.0,1,0.12789524412444753,58
3628,3,4771,2642,2129,0,0,0,1.0,1,1.0,1,1.0,1,0.06899611756636152,57
3629,1,4772,2642,2130,0,0,0,1.0,1,1.0,1,1.0,1,0.09862255678689756,57
3630,1,4773,2643,2130,0,0,0,1.0,1,1.0,1,1.0,1,0.05211442330033826,56
3631,1,4774,2644,2130,0,0,0,1.0,1,1.0,1,1.0,1,0.0714797634761191,54
3632,0,4774,2644,2130,0,0,0,1.0,1,1.0,1,1.0,1,0.06713352037697451,52
3633,2,4776,2645,2131,0,0,0,1.0,1,1.0,1,1.0,1,0.08434192468731647,52
3634,2,4778,2646,2132,0,0,0,1.0,1,1.0,1,1.0,1,0.08480019965136984,49
3635,1,4779,2647,2132,0,0,0,1.0,1,1.0,1,1.0,1,0.13629275325295628,47
3636,3,4782,2647,2135,0,0,0,1.0,1,1.0,1,1.0,1,0.11446050446693315,48
3637,6,4788,2650,2138,0,0,0,1.0,1,1.0,1,1.0,1,0.1438393445235655,49
3638,3,4791,2650,2141,0,0,0,1.0,1,1.0,1,1.0,1,0.10630950209571424,50
3639,2,4793,2652,2141,0,0,0,1.0,1,1.0,1,1.0,1,0.1440284366188766,52
3640,3,4796,2653,2143,0,0,0,1.0,1,1.0,1,1.0,1,0.12479937709896274,52
3641,0,4796,2653,2143,0,0,0,1.0,1,1.0,1,1.0,1,0.12479937709896274,52
3642,0,4796,2653,2143,0,0,0,1.0,1,1.0,1,1.0,1,0.12479937709896274,52
3643,0,4796,2653,2143,0,0,0,1.0,1,1.0,1,1.0,1,0.12479937709896274,52
3644,2,4798,2653,2145,0,0,0,1.0,1,1.0,1,1.0,1,0.09217888739392166,52
3645,1,4799,2654,2145,0,0,0,1.0,1,1.0,1,1.0,1,0.08023712635603927,53
3646,0,4799,2654,2145,0,0,0,1.0,1,1.0,1,1.0,1,0.08023712635603927,53
3647,0,4799,2654,2145,0,0,0,1.0,1,1.0,1,1.0,1,0.08387844301439334,55
3648,0,4799,2654,2145,0,0,0,1.0,1,1.0,1,1.0,1,0.09653864679088951,57
3649,0,4799,2654,2145,0,0,0,1.0,1,1.0,1,1.0,1,0.09653864679088951,57
3650,0,4799,2654,2145,0,0,0,1.0,1,1.0,1,1.0,1,0.1027683484617745,59
3651,0,4799,2654,2145,0,0,0,1.0,1,1.0,1,1.0,1,0.1027683484617745,59
3652,0,4799,2654,2145,0,0,0,1.0,1,1.0,1,1.0,1,0.1027683484617745,59
3653,0,4799,2654,2145,0,0,0,1.0,1,1.0,1,1.0,1,0.1027683484617745,59
3654,2,4801,2654,2147,0,0,0,1.0,1,1.0,1,1.0,1,0.08610836624129511,59
3655,1,4802,2654,2148,0,0,0,1.0,1,1.0,1,1.0,1,0.05908333890474139,62
3656,0,4802,2654,2148,0,0,0,1.0,1,1.0,1,1.0,1,0.05908333890474139,62
3657,2,4804,2655,2149,0,0,0,1.0,1,1.0,1,1.0,1,0.07761075861050903,63
3658,1,4805,2656,2149,0,0,0,1.0,1,1.0,1,1.0,1,0.10338117727784514,63
3659,3,4808,2657,2151,0,0,0,1.0,1,1.0,1,1.0,1,0.10516699990326468,62
3660,2,4810,2659,2151,0,0,0,1.0,1,1.0,1,1.0,1,0.1425772091329539,62
3661,5,4815,2660,2155,0,0,0,1.0,1,1.0,1,1.0,1,0.10712918936547716,61
3662,1,4816,2661,2155,0,0,0,1.0,1,1.0,1,1.0,1,0.13704528240077327,60
3663,3,4819,2662,2157,0,0,0,1.0,1,1.0,1,1.0,1,0.128081008891461,61
3664,3,4822,2663,2159,0,0,0,1.0,1,1.0,1,1.0,1,0.10760716732538993,58
3665,1,4823,2664,2159,0,0,0,1.0,1,1.0,1,1.0,1,0.13003547977274338,58
3666,1,4824,2664,2160,0,0,0,1.0,1,1.0,1,1.0,1,0.1142788575920692,58
3667,1,4825,2665,2160,0,0,0,1.0,1,1.0,1,1.0,1,0.1007440165902222,58
3668,0,4825,2665,2160,0,0,0,1.0,1,1.0,1,1.0,1,0.10255875270591382,58
3669,1,4826,2666,2160,0,0,0,1.0,1,1.0,1,1.0,1,0.1039076275210903,57
3670,1,4827,2667,2160,0,0,0,1.0,1,1.0,1,1.0,1,0.11690852969169788,56
3671,1,4828,2668,2160,0,0,0,1.0,1,1.0,1,1.0,1,0.1537489189825003,57
3672,1,4829,2669,2160,0,0,0,1.0,1,1.0,1,1.0,1,0.18623027101519624,57
3673,1,4830,2669,2161,0,0,0,1.0,1,1.0,1,1.0,1,0.16249502849820102,58
3674,0,4830,2669,2161,0,0,0,1.0,1,1.0,1,1.0,1,0.17338853519314132,57
3675,0,4830,2669,2161,0,0,0,1.0,1,1.0,1,1.0,1,0.17501199913930168,58
3676,3,4833,2671,2162,0,0,0,1.0,1,1.0,1,1.0,1,0.18514321570697337,59
3677,0,4833,2671,2162,0,0,0,1.0,1,1.0,1,1.0,1,0.17668583635446156,60
3678,1,4834,2671,2163,0,0,0,1.0,1,1.0,1,1.0,1,0.19013280715050662,62
3679,0,4834,2671,2163,0,0,0,1.0,1,1.0,1,1.0,1,0.19013280715050662,62
3680,0,4834,2671,2163,0,0,0,1.0,1,1.0,1,1.0,1,0.17091432584451974,63
3681,1,4835,2671,2164,0,0,0,1.0,1,1.0,1,1.0,1,0.1723928763290162,64
3682,0,4835,2671,2164,0,0,0,1.0,1,1.0,1,1.0,1,0.1723928763290162,64
3683,0,4835,2671,2164,0,0,0,1.0,1,1.0,1,1.0,1,0.1723928763290162,64
3684,1,4836,2672,2164,0,0,0,1.0,1,1.0,1,1.0,1,0.1914137538762967,64
3685,0,4836,2672,2164,0,0,0,1.0,1,1.0,1,1.0,1,0.1914137538762967,64
3686,2,4838,2673,2165,0,0,0,1.0,1,1.0,1,1.0,1,0.19528088843474425,65
3687,0,4838,2673,2165,0,0,0,1.0,1,1.0,1,1.0,1,0.19528088843474425,65
3688,0,4838,2673,2165,0,0,0,1.0,1,1.0,1,1.0,1,0.20465822724804542,66
3689,0,4838,2673,2165,0,0,0,1.0,1,1.0,1,1.0,1,0.20465822724804542,66
3690,2,4840,2673,2167,0,0,0,1.0,1,1.0,1,1.0,1,0.1961651193731891,67
3691,1,4841,2673,2168,0,0,0,1.0,1,1.0,1,1.0,1,0.17959726730169534,68
3692,0,4841,2673,2168,0,0,0,1.0,1,1.0,1,1.0,1,0.17413261703826594,69
3693,0,4841,2673,2168,0,0,0,1.0,1,1.0,1,1.0,1,0.17153054511729945,69
3694,1,4842,2674,2168,0,0,0,1.0,1,1.0,1,1.0,1,0.18812036509101146,70
3695,0,4842,2674,2168,0,0,0,1.0,1,1.0,1,1.0,1,0.18812036509101146,70
3696,2,4844,2676,2168,0,0,0,1.0,1,1.0,1,1.0,1,0.17350221942635882,71
3697,3,4847,2678,2169,0,0,0,1.0,1,1.0,1,1.0,1,0.18976713636079323,70
3698,0,4847,2678,2169,0,0,0,1.0,1,1.0,1,1.0,1,0.189482982930798,70
3699,2,4849,2679,2170,0,0,0,1.0,1,1.0,1,1.0,1,0.1771781243255713,70
3700,4,4853,2682,2171,0,0,0,1.0,1,1.0,1,1.0,1,0.19109089958395167,68
3701,1,4854,2683,2171,0,0,0,1.0,1,1.0,1,1.0,1,0.21108385306603478,69
3702,1,4855,2684,2171,0,0,0,1.0,1,1.0,1,1.0,1,0.21704214926976315,69
3703,2,4857,2685,2172,0,0,0,1.0,1,1.0,1,1.0,1,0.24141120749299705,70
3704,2,4859,2687,2172,0,0,0,1.0,1,1.0,1,1.0,1,0.26493277770718576,69
3705,1,4860,2687,2173,0,0,0,1.0,1,1.0,1,1.0,1,0.23383078555983167,69
3706,3,4863,2689,2174,0,0,0,1.0,1,1.0,1,1.0,1,0.23038241473106114,69
3707,0,4863,2689,2174,0,0,0,1.0,1,1.0,1,1.0,1,0.21380315220127352,67
3708,1,4864,2690,2174,0,0,0,1.0,1,1.0,1,1.0,1,0.19859561025230835,67
3709,0,4864,2690,2174,0,0,0,1.0,1,1.0,1,1.0,1,0.19859561025230835,67
3710,2,4866,2692,2174,0,0,0,1.0,1,1.0,1,1.0,1,0.19128109811869384,67
3711,0,4866,2692,2174,0,0,0,1.0,1,1.0,1,1.0,1,0.19218741503221592,68
3712,1,4867,2693,2174,0,0,0,1.0,1,1.0,1,1.0,1,0.19993354943308841,68
3713,3,4870,2694,2176,0,0,0,1.0,1,1.0,1,1.0,1,0.1765967364724852,68
3714,0,4870,2694,2176,0,0,0,1.0,1,1.0,1,1.0,1,0.1932203563549547,67
3715,2,4872,2694,2178,0,0,0,1.0,1,1.0,1,1.0,1,0.18005532152448686,68
3716,2,4874,2694,2180,0,0,0,1.0,1,1.0,1,1.0,1,0.1770244841530117,67
3717,1,4875,2695,2180,0,0,0,1.0,1,1.0,1,1.0,1,0.20884912772399034,68
3718,2,4877,2695,2182,0,0,0,1.0,1,1.0,1,1.0,1,0.2033703099908533,68
3719,2,4879,2696,2183,0,0,0,1.0,1,1.0,1,1.0,1,0.24139211917511824,68
3720,0,4879,2696,2183,0,0,0,1.0,1,1.0,1,1.0,1,0.24139211917511824,68
3721,2,4881,2697,2184,0,0,0,1.0,1,1.0,1,1.0,1,0.20628771111744226,70
3722,0,4881,2697,2184,0,0,0,1.0,1,1.0,1,1.0,1,0.21308397647322136,71
3723,4,4885,2697,2188,0,0,0,1.0,1,1.0,1,1.0,1,0.18679444409986748,71
3724,1,4886,2697,2189,0,0,0,1.0,1,1.0,1,1.0,1,0.17632919066226624,72
3725,5,4891,2699,2192,0,0,0,1.0,1,1.0,1,1.0,1,0.19949093977293583,72
3726,1,4892,2699,2193,0,0,0,1.0,1,1.0,1,1.0,1,0.18994663723223718,71
3727,3,4895,2700,2195,0,0,0,1.0,1,1.0,1,1.0,1,0.1978326549681985,71
3728,3,4898,2700,2198,0,0,0,1.0,1,1.0,1,1.0,1,0.189016857475565,70
3729,0,4898,2700,2198,0,0,0,1.0,1,1.0,1,1.0,1,0.189016857475565,70
3730,2,4900,2701,2199,0,0,0,1.0,1,1.0,1,1.0,1,0.21268100971863713,71
3731,0,4900,2701,2199,0,0,0,1.0,1,1.0,1,1.0,1,0.21268100971863713,71
3732,1,4901,2701,2200,0,0,0,1.0,1,1.0,1,1.0,1,0.20158317784501378,72
3733,1,4902,2702,2200,0,0,0,1.0,1,1.0,1,1.0,1,0.216089419088529,73
3734,2,4904,2703,2201,0,0,0,1.0,1,1.0,1,1.0,1,0.2338111686115033,74
3735,2,4906,2704,2202,0,0,0,1.0,1,1.0,1,1.0,1,0.23287506882506442,72
3736,1,4907,2704,2203,0,0,0,1.0,1,1.0,1,1.0,1,0.20269252070716165,72
3737,1,4908,2704,2204,0,0,0,1.0,1,1.0,1,1.0,1,0.19202929558518544,73
3738,0,4908,2704,2204,0,0,0,1.0,1,1.0,1,1.0,1,0.1795520317203613,72
3739,0,4908,2704,2204,0,0,0,1.0,1,1.0,1,1.0,1,0.17379986450924792,73
3740,1,4909,2704,2205,0,0,0,1.0,1,1.0,1,1.0,1,0.17343606394962502,70
3741,0,4909,2704,2205,0,0,0,1.0,1,1.0,1,1.0,1,0.17343606394962502,70
3742,0,4909,2704,2205,0,0,0,1.0,1,1.0,1,1.0,1,0.17343606394962502,70
3743,0,4909,2704,2205,0,0,0,1.0,1,1.0,1,1.0,1,0.20118142305969236,69
3744,5,4914,2706,2208,0,0,0,1.0,1,1.0,1,1.0,1,0.22198296145235064,69
3745,4,4918,2706,2212,0,0,0,1.0,1,1.0,1,1.0,1,0.18872334622025372,68
3746,1,4919,2706,2213,0,0,0,1.0,1,1.0,1,1.0,1,0.20069359657139088,66
3747,2,4921,2706,2215,0,0,0,1.0,1,1.0,1,1.0,1,0.18920971235616652,66
3748,2,4923,2706,2217,0,0,0,1.0,1,1.0,1,1.0,1,0.15717268619211486,65
3749,0,4923,2706,2217,0,0,0,1.0,1,1.0,1,1.0,1,0.16191835325106094,64
3750,0,4923,2706,2217,0,0,0,1.0,1,1.0,1,1.0,1,0.1681041120044499,63
3751,1,4924,2706,2218,0,0,0,1.0,1,1.0,1,1.0,1,0.15272213098474435,64
3752,1,4925,2707,2218,0,0,0,1.0,1,1.0,1,1.0,1,0.1433331842982538,64
3753,2,4927,2707,2220,0,0,0,1.0,1,1.0,1,1.0,1,0.1330564587139107,65
3754,2,4929,2708,2221,0,0,0,1.0,1,1.0,1,1.0,1,0.14666400092701087,65
3755,3,4932,2709,2223,0,0,0,1.0,1,1.0,1,1.0,1,0.1647104607233132,65
3756,0,4932,2709,2223,0,0,0,1.0,1,1.0,1,1.0,1,0.17310109466694695,65
3757,5,4937,2711,2226,0,0,0,1.0,1,1.0,1,1.0,1,0.18632272162562474,65
3758,0,4937,2711,2226,0,0,0,1.0,1,1.0,1,1.0,1,0.19469749617077506,64
3759,2,4939,2712,2227,0,0,0,1.0,1,1.0,1,1.0,1,0.20426426187205826,64
3760,1,4940,2712,2228,0,0,0,1.0,1,1.0,1,1.0,1,0.21979627656451867,63
3761,0,4940,2712,2228,0,0,0,1.0,1,1.0,1,1.0,1,0.21979627656451867,63
3762,1,4941,2712,2229,0,0,0,1.0,1,1.0,1,1.0,1,0.2117454845896847,65
3763,0,4941,2712,2229,0,0,0,1.0,1,1.0,1,1.0,1,0.2117454845896847,65
3764,3,4944,2713,2231,0,0,0,1.0,1,1.0,1,1.0,1,0.19499997371046035,66
3765,2,4946,2713,2233,0,0,0,1.0,1,1.0,1,1.0,1,0.19369532161987268,67
3766,3,4949,2713,2236,0,0,0,1.0,1,1.0,1,1.0,1,0.17548434868389312,67
3767,0,4949,2713,2236,0,0,0,1.0,1,1.0,1,1.0,1,0.17069321344860283,68
3768,4,4953,2715,2238,0,0,0,1.0,1,1.0,1,1.0,1,0.20057733559723004,67
3769,3,4956,2715,2241,0,0,0,1.0,1,1.0,1,1.0,1,0.15795766794517302,69
3770,0,4956,2715,2241,0,0,0,1.0,1,1.0,1,1.0,1,0.15795766794517302,69
3771,4,4960,2716,2244,0,0,0,1.0,1,1.0,1,1.0,1,0.16777461378094377,69
3772,2,4962,2716,2246,0,0,0,1.0,1,1.0,1,1.0,1,0.15788440715896532,70
3773,4,4966,2717,2249,0,0,0,1.0,1,1.0,1,1.0,1,0.1534646910749472,68
3774,0,4966,2717,2249,0,0,0,1.0,1,1.0,1,1.0,1,0.15287441984723338,68
3775,3,4969,2718,2251,0,0,0,1.0,1,1.0,1,1.0,1,0.17117627596130242,68
3776,2,4971,2718,2253,0,0,0,1.0,1,1.0,1,1.0,1,0.14712819561263224,66
3777,1,4972,2718,2254,0,0,0,1.0,1,1.0,1,1.0,1,0.13085991079063042,65
3778,0,4972,2718,2254,0,0,0,1.0,1,1.0,1,1.0,1,0.1150113159116976,65
3779,1,4973,2719,2254,0,0,0,1.0,1,1.0,1,1.0,1,0.13913295652884342,65
3780,0,4973,2719,2254,0,0,0,1.0,1,1.0,1,1.0,1,0.12687727033240048,64
3781,0,4973,2719,2254,0,0,0,1.0,1,1.0,1,1.0,1,0.12687727033240048,64
3782,0,4973,2719,2254,0,0,0,1.0,1,1.0,1,1.0,1,0.13712825514810345,67
3783,0,4973,2719,2254,0,0,0,1.0,1,1.0,1,1.0,1,0.1327206199047142,65
3784,1,4974,2719,2255,0,0,0,1.0,1,1.0,1,1.0,1,0.12625265928972895,65
3785,2,4976,2721,2255,0,0,0,1.0,1,1.0,1,1.0,1,0.16394131662484077,63
3786,2,4978,2721,2257,0,0,0,1.0,1,1.0,1,1.0,1,0.1431210339104728,66
3787,1,4979,2722,2257,0,0,0,1.0,1,1.0,1,1.0,1,0.17492022455413359,65
3788,2,4981,2722,2259,0,0,0,1.0,1,1.0,1,1.0,1,0.15703872224243004,65
3789,2,4983,2724,2259,0,0,0,1.0,1,1.0,1,1.0,1,0.17708181544307747,65
3790,2,4985,2725,2260,0,0,0,1.0,1,1.0,1,1.0,1,0.20221570178916645,64
3791,1,4986,2726,2260,0,0,0,1.0,1,1.0,1,1.0,1,0.19895804138467285,64
3792,3,4989,2729,2260,0,0,0,1.0,1,1.0,1,1.0,1,0.21743114689699863,65
3793,3,4992,2730,2262,0,0,0,1.0,1,1.0,1,1.0,1,0.21441891647958908,68
3794,2,4994,2731,2263,0,0,0,1.0,1,1.0,1,1.0,1,0.20764296421388212,68
3795,2,4996,2731,2265,0,0,0,1.0,1,1.0,1,1.0,1,0.1862014830188953,69
3796,2,4998,2731,2267,0,0,0,1.0,1,1.0,1,1.0,1,0.17175680755314823,69
3797,3,5001,2731,2270,0,0,0,1.0,1,1.0,1,1.0,1,0.1684894357613999,70
3798,1,5002,2731,2271,0,0,0,1.0,1,1.0,1,1.0,1,0.1612593128557273,70
3799,2,5004,2731,2273,0,0,0,1.0,1,1.0,1,1.0,1,0.15710717023824927,69
3800,2,5006,2731,2275,0,0,0,1.0,1,1.0,1,1.0,1,0.1455162243863843,69
3801,1,5007,2731,2276,0,0,0,1.0,1,1.0,1,1.0,1,0.15045321169531184,67
3802,4,5011,2731,2280,0,0,0,1.0,1,1.0,1,1.0,1,0.12238769391522503,67
3803,1,5012,2731,2281,0,0,0,1.0,1,1.0,1,1.0,1,0.12017758716907027,69
3804,1,5013,2731,2282,0,0,0,1.0,1,1.0,1,1.0,1,0.11637397605765298,70
3805,2,5015,2731,2284,0,0,0,1.0,1,1.0,1,1.0,1,0.11231631045362198,71
3806,0,5015,2731,2284,0,0,0,1.0,1,1.0,1,1.0,1,0.11231631045362198,71
3807,0,5015,2731,2284,0,0,0,1.0,1,1.0,1,1.0,1,0.11904148476882569,72
3808,1,5016,2731,2285,0,0,0,1.0,1,1.0,1,1.0,1,0.1112952865434473,72
3809,1,5017,2732,2285,0,0,0,1.0,1,1.0,1,1.0,1,0.13719571004029715,72
3810,3,5020,2733,2287,0,0,0,1.0,1,1.0,1,1.0,1,0.1437549553802636,72
3811,1,5021,2734,2287,0,0,0,1.0,1,1.0,1,1.0,1,0.14324393194746451,71
3812,0,5021,2734,2287,0,0,0,1.0,1,1.0,1,1.0,1,0.15272675094833615,72
3813,2,5023,2735,2288,0,0,0,1.0,1,1.0,1,1.0,1,0.1591615062442597,71
3814,0,5023,2735,2288,0,0,0,1.0,1,1.0,1,1.0,1,0.16786314599391855,72
3815,0,5023,2735,2288,0,0,0,1.0,1,1.0,1,1.0,1,0.1537337396279516,71
3816,0,5023,2735,2288,0,0,0,1.0,1,1.0,1,1.0,1,0.15082174546077295,69
3817,1,5024,2736,2288,0,0,0,1.0,1,1.0,1,1.0,1,0.1777301194554737,72
3818,1,5025,2737,2288,0,0,0,1.0,1,1.0,1,1.0,1,0.17743909665465815,72
3819,1,5026,2738,2288,0,0,0,1.0,1,1.0,1,1.0,1,0.18634501488398145,72
3820,2,5028,2739,2289,0,0,0,1.0,1,1.0,1,1.0,1,0.1819261623185349,72
3821,1,5029,2740,2289,0,0,0,1.0,1,1.0,1,1.0,1,0.19468713508346353,72
3822,0,5029,2740,2289,0,0,0,1.0,1,1.0,1,1.0,1,0.20610068497667886,69
3823,0,5029,2740,2289,0,0,0,1.0,1,1.0,1,1.0,1,0.20610068497667886,69
3824,3,5032,2740,2292,0,0,0,1.0,1,1.0,1,1.0,1,0.2007941004584381,65
3825,0,5032,2740,2292,0,0,0,1.0,1,1.0,1,1.0,1,0.2115048156765119,64
3826,1,5033,2740,2293,0,0,0,1.0,1,1.0,1,1.0,1,0.1977253697531314,65
3827,1,5034,2740,2294,0,0,0,1.0,1,1.0,1,1.0,1,0.1975379647887279,64
3828,2,5036,2741,2295,0,0,0,1.0,1,1.0,1,1.0,1,0.17726892308436873,65
3829,2,5038,2742,2296,0,0,0,1.0,1,1.0,1,1.0,1,0.1871993053383022,65
3830,1,5039,2742,2297,0,0,0,1.0,1,1.0,1,1.0,1,0.18344843619913442,64
3831,1,5040,2743,2297,0,0,0,1.0,1,1.0,1,1.0,1,0.1837772492374219,63
3832,2,5042,2743,2299,0,0,0,1.0,1,1.0,1,1.0,1,0.1819843335864762,64
3833,0,5042,2743,2299,0,0,0,1.0,1,1.0,1,1.0,1,0.1819843335864762,64
3834,0,5042,2743,2299,0,0,0,1.0,1,1.0,1,1.0,1,0.20426225961943378,63
3835,1,5043,2743,2300,0,0,0,1.0,1,1.0,1,1.0,1,0.1965716369766649,63
3836,3,5046,2745,2301,0,0,0,1.0,1,1.0,1,1.0,1,0.18352410818617498,63
3837,2,5048,2746,2302,0,0,0,1.0,1,1.0,1,1.0,1,0.1908456978442495,62
3838,1,5049,2747,2302,0,0,0,1.0,1,1.0,1,1.0,1,0.19407889138756262,62
3839,1,5050,2748,2302,0,0,0,1.0,1,1.0,1,1.0,1,0.21795891010435683,60
3840,1,5051,2748,2303,0,0,0,1.0,1,1.0,1,1.0,1,0.1994543270762574,62
3841,1,5052,2748,2304,0,0,0,1.0,1,1.0,1,1.0,1,0.18477911985359233,62
3842,2,5054,2748,2306,0,0,0,1.0,1,1.0,1,1.0,1,0.15023231607300175,63
3843,1,5055,2748,2307,0,0,0,1.0,1,1.0,1,1.0,1,0.13758606663823678,64
3844,3,5058,2748,2310,0,0,0,1.0,1,1.0,1,1.0,1,0.09803733597405519,65
3845,1,5059,2748,2311,0,0,0,1.0,1,1.0,1,1.0,1,0.09423716088080461,66
3846,1,5060,2748,2312,0,0,0,1.0,1,1.0,1,1.0,1,0.08533705092012152,67
3847,1,5061,2748,2313,0,0,0,1.0,1,1.0,1,1.0,1,0.07547647413149432,67
3848,2,5063,2749,2314,0,0,0,1.0,1,1.0,1,1.0,1,0.06352903771906453,67
3849,1,5064,2749,2315,0,0,0,1.0,1,1.0,1,1.0,1,0.0393269031310968,67
3850,2,5066,2751,2315,0,0,0,1.0,1,1.0,1,1.0,1,0.05352124125938709,68
3851,2,5068,2753,2315,0,0,0,1.0,1,1.0,1,1.0,1,0.08637885306910359,68
3852,1,5069,2753,2316,0,0,0,1.0,1,1.0,1,1.0,1,0.08937817571323863,70
3853,5,5074,2755,2319,0,0,0,1.0,1,1.0,1,1.0,1,0.1134150224214819,70
3854,3,5077,2757,2320,0,0,0,1.0,1,1.0,1,1.0,1,0.12170190351928353,70
3855,1,5078,2758,2320,0,0,0,1.0,1,1.0,1,1.0,1,0.13378264290899478,69
3856,2,5080,2759,2321,0,0,0,1.0,1,1.0,1,1.0,1,0.14509295170216863,70
3857,3,5083,2760,2323,0,0,0,1.0,1,1.0,1,1.0,1,0.16246272225983363,68
3858,0,5083,2760,2323,0,0,0,1.0,1,1.0,1,1.0,1,0.15201629989941978,67
3859,1,5084,2760,2324,0,0,0,1.0,1,1.0,1,1.0,1,0.12838298396284167,66
3860,0,5084,2760,2324,0,0,0,1.0,1,1.0,1,1.0,1,0.13168713870168058,66
3861,0,5084,2760,2324,0,0,0,1.0,1,1.0,1,1.0,1,0.13290673655086202,66
3862,0,5084,2760,2324,0,0,0,1.0,1,1.0,1,1.0,1,0.13290673655086202,66
3863,1,5085,2761,2324,0,0,0,1.0,1,1.0,1,1.0,1,0.13518569678205666,63
3864,1,5086,2762,2324,0,0,0,1.0,1,1.0,1,1.0,1,0.1468850422661828,63
3865,1,5087,2762,2325,0,0,0,1.0,1,1.0,1,1.0,1,0.13322161595818496,61
3866,0,5087,2762,2325,0,0,0,1.0,1,1.0,1,1.0,1,0.14152561262399327,61
3867,0,5087,2762,2325,0,0,0,1.0,1,1.0,1,1.0,1,0.14892276569061166,60
3868,4,5091,2764,2327,0,0,0,1.0,1,1.0,1,1.0,1,0.17042034768564449,59
3869,0,5091,2764,2327,0,0,0,1.0,1,1.0,1,1.0,1,0.16713248731497055,61
3870,1,5092,2764,2328,0,0,0,1.0,1,1.0,1,1.0,1,0.16864272823131768,61
3871,2,5094,2764,2330,0,0,0,1.0,1,1.0,1,1.0,1,0.157163656133145,64
3872,1,5095,2764,2331,0,0,0,1.0,1,1.0,1,1.0,1,0.15436699694535252,63
3873,1,5096,2764,2332,0,0,0,1.0,1,1.0,1,1.0,1,0.15441140502754427,62
3874,0,5096,2764,2332,0,0,0,1.0,1,1.0,1,1.0,1,0.1491912398554718,63
3875,0,5096,2764,2332,0,0,0,1.0,1,1.0,1,1.0,1,0.14627002318339408,61
3876,0,5096,2764,2332,0,0,0,1.0,1,1.0,1,1.0,1,0.1388279809092564,62
3877,2,5098,2766,2332,0,0,0,1.0,1,1.0,1,1.0,1,0.16132460312483513,63
3878,0,5098,2766,2332,0,0,0,1.0,1,1.0,1,1.0,1,0.16132460312483513,63
3879,1,5099,2767,2332,0,0,0,1.0,1,1.0,1,1.0,1,0.1671180533977048,63
3880,0,5099,2767,2332,0,0,0,1.0,1,1.0,1,1.0,1,0.15671104728593346,65
3881,1,5100,2768,2332,0,0,0,1.0,1,1.0,1,1.0,1,0.17514893371982926,65
3882,3,5103,2770,2333,0,0,0,1.0,1,1.0,1,1.0,1,0.16820287778047846,66
3883,1,5104,2771,2333,0,0,0,1.0,1,1.0,1,1.0,1,0.17857906888478892,66
3884,2,5106,2772,2334,0,0,0,1.0,1,1.0,1,1.0,1,0.2006244426498197,66
3885,2,5108,2773,2335,0,0,0,1.0,1,1.0,1,1.0,1,0.21014358416417667,66
3886,1,5109,2774,2335,0,0,0,1.0,1,1.0,1,1.0,1,0.2169593825828095,65
3887,1,5110,2774,2336,0,0,0,1.0,1,1.0,1,1.0,1,0.1975189809967696,65
3888,1,5111,2774,2337,0,0,0,1.0,1,1.0,1,1.0,1,0.20356013094359568,66
3889,1,5112,2775,2337,0,0,0,1.0,1,1.0,1,1.0,1,0.20394294529264273,64
3890,3,5115,2777,2338,0,0,0,1.0,1,1.0,1,1.0,1,0.20648503825933084,63
3891,2,5117,2777,2340,0,0,0,1.0,1,1.0,1,1.0,1,0.17038706570045187,66
3892,3,5120,2778,2342,0,0,0,1.0,1,1.0,1,1.0,1,0.1428539227776032,67
3893,0,5120,2778,2342,0,0,0,1.0,1,1.0,1,1.0,1,0.14156731346770657,66
3894,3,5123,2779,2344,0,0,0,1.0,1,1.0,1,1.0,1,0.13684461720016522,67
3895,1,5124,2779,2345,0,0,0,1.0,1,1.0,1,1.0,1,0.12890765882401006,66
3896,2,5126,2780,2346,0,0,0,1.0,1,1.0,1,1.0,1,0.13264507076631984,66
3897,2,5128,2780,2348,0,0,0,1.0,1,1.0,1,1.0,1,0.1190595123293922,65
3898,6,5134,2782,2352,0,0,0,1.0,1,1.0,1,1.0,1,0.14851560342895478,65
3899,2,5136,2784,2352,0,0,0,1.0,1,1.0,1,1.0,1,0.17143764452771568,64
3900,1,5137,2785,2352,0,0,0,1.0,1,1.0,1,1.0,1,0.20276984547951024,63
3901,3,5140,2787,2353,0,0,0,1.0,1,1.0,1,1.0,1,0.20415246342715274,63
3902,2,5142,2788,2354,0,0,0,1.0,1,1.0,1,1.0,1,0.21418685517250563,64
3903,3,5145,2788,2357,0,0,0,1.0,1,1.0,1,1.0,1,0.17467846654716854,64
3904,0,5145,2788,2357,0,0,0,1.0,1,1.0,1,1.0,1,0.18064610673597023,63
3905,1,5146,2788,2358,0,0,0,1.0,1,1.0,1,1.0,1,0.15874957660429978,63
3906,0,5146,2788,2358,0,0,0,1.0,1,1.0,1,1.0,1,0.146378335904179,64
3907,2,5148,2788,2360,0,0,0,1.0,1,1.0,1,1.0,1,0.1495606334822242,64
3908,1,5149,2789,2360,0,0,0,1.0,1,1.0,1,1.0,1,0.16176834529874484,63
3909,1,5150,2789,2361,0,0,0,1.0,1,1.0,1,1.0,1,0.17366853584581562,62
3910,1,5151,2789,2362,0,0,0,1.0,1,1.0,1,1.0,1,0.17583813657885813,62
3911,1,5152,2790,2362,0,0,0,1.0,1,1.0,1,1.0,1,0.17764381445005062,64
3912,1,5153,2791,2362,0,0,0,1.0,1,1.0,1,1.0,1,0.2042099972358393,64
3913,1,5154,2791,2363,0,0,0,1.0,1,1.0,1,1.0,1,0.20843461093049204,65
3914,1,5155,2791,2364,0,0,0,1.0,1,1.0,1,1.0,1,0.20641718292331765,65
3915,1,5156,2792,2364,0,0,0,1.0,1,1.0,1,1.0,1,0.18962730345803877,66
3916,2,5158,2793,2365,0,0,0,1.0,1,1.0,1,1.0,1,0.20998140699357531,66
3917,1,5159,2793,2366,0,0,0,1.0,1,1.0,1,1.0,1,0.20307280402860667,66
3918,3,5162,2795,2367,0,0,0,1.0,1,1.0,1,1.0,1,0.18918062747057846,67
3919,0,5162,2795,2367,0,0,0,1.0,1,1.0,1,1.0,1,0.18364817898689717,68
3920,1,5163,2796,2367,0,0,0,1.0,1,1.0,1,1.0,1,0.16824010296976108,69
3921,1,5164,2796,2368,0,0,0,1.0,1,1.0,1,1.0,1,0.17239425242371229,68
3922,3,5167,2798,2369,0,0,0,1.0,1,1.0,1,1.0,1,0.19729424319139346,68
3923,1,5168,2798,2370,0,0,0,1.0,1,1.0,1,1.0,1,0.1995942868080831,69
3924,3,5171,2799,2372,0,0,0,1.0,1,1.0,1,1.0,1,0.1808416799771305,69
3925,4,5175,2801,2374,0,0,0,1.0,1,1.0,1,1.0,1,0.19682694570351653,67
3926,1,5176,2801,2375,0,0,0,1.0,1,1.0,1,1.0,1,0.19817355042754792,67
3927,1,5177,2801,2376,0,0,0,1.0,1,1.0,1,1.0,1,0.20179943660306937,65
3928,3,5180,2801,2379,0,0,0,1.0,1,1.0,1,1.0,1,0.17856443399455613,65
3929,1,5181,2802,2379,0,0,0,1.0,1,1.0,1,1.0,1,0.1838808456587436,64
3930,0,5181,2802,2379,0,0,0,1.0,1,1.0,1,1.0,1,0.17825755277746433,64
3931,0,5181,2802,2379,0,0,0,1.0,1,1.0,1,1.0,1,0.16558813472616302,62
3932,0,5181,2802,2379,0,0,0,1.0,1,1.0,1,1.0,1,0.16558813472616302,62
3933,1,5182,2803,2379,0,0,0,1.0,1,1.0,1,1.0,1,0.15494146763670577,62
3934,2,5184,2804,2380,0,0,0,1.0,1,1.0,1,1.0,1,0.12988530751067215,61
3935,0,5184,2804,2380,0,0,0,1.0,1,1.0,1,1.0,1,0.1352757815839797,64
3936,0,5184,2804,2380,0,0,0,1.0,1,1.0,1,1.0,1,0.14286617402981522,65
3937,1,5185,2804,2381,0,0,0,1.0,1,1.0,1,1.0,1,0.11918820766565304,66
3938,0,5185,2804,2381,0,0,0,1.0,1,1.0,1,1.0,1,0.11918820766565304,66
3939,0,5185,2804,2381,0,0,0,1.0,1,1.0,1,1.0,1,0.13016309544391041,67
3940,1,5186,2804,2382,0,0,0,1.0,1,1.0,1,1.0,1,0.10946694736058402,69
3941,0,5186,2804,2382,0,0,0,1.0,1,1.0,1,1.0,1,0.10946694736058402,69
3942,2,5188,2805,2383,0,0,0,1.0,1,1.0,1,1.0,1,0.11935291900221821,69
3943,1,5189,2806,2383,0,0,0,1.0,1,1.0,1,1.0,1,0.14979392399259087,68
3944,2,5191,2806,2385,0,0,0,1.0,1,1.0,1,1.0,1,0.147996754451251,68
3945,4,5195,2809,2386,0,0,0,1.0,1,1.0,1,1.0,1,0.1484039773449226,67
3946,4,5199,2811,2388,0,0,0,1.0,1,1.0,1,1.0,1,0.1695003555634211,67
3947,2,5201,2812,2389,0,0,0,1.0,1,1.0,1,1.0,1,0.16294990317247288,66
3948,3,5204,2814,2390,0,0,0,1.0,1,1.0,1,1.0,1,0.14141165605939265,67
3949,5,5209,2818,2391,0,0,0,1.0,1,1.0,1,1.0,1,0.23001259974721974,66
3950,0,5209,2818,2391,0,0,0,1.0,1,1.0,1,1.0,1,0.23873676258354576,65
3951,1,5210,2818,2392,0,0,0,1.0,1,1.0,1,1.0,1,0.22597418957768797,65
3952,4,5214,2819,2395,0,0,0,1.0,1,1.0,1,1.0,1,0.19804261307158683,65
3953,1,5215,2819,2396,0,0,0,1.0,1,1.0,1,1.0,1,0.20145169837266005,65
3954,1,5216,2819,2397,0,0,0,1.0,1,1.0,1,1.0,1,0.20115904732859965,64
3955,2,5218,2819,2399,0,0,0,1.0,1,1.0,1,1.0,1,0.20464528204485063,64
3956,1,5219,2819,2400,0,0,0,1.0,1,1.0,1,1.0,1,0.19051837396562624,63
3957,1,5220,2819,2401,0,0,0,1.0,1,1.0,1,1.0,1,0.1839446885980462,63
3958,1,5221,2819,2402,0,0,0,1.0,1,1.0,1,1.0,1,0.18564920146474406,63
3959,0,5221,2819,2402,0,0,0,1.0,1,1.0,1,1.0,1,0.18474938142082367,62
3960,0,5221,2819,2402,0,0,0,1.0,1,1.0,1,1.0,1,0.18474938142082367,62
3961,2,5223,2821,2402,0,0,0,1.0,1,1.0,1,1.0,1,0.1943267146870058,64
3962,1,5224,2821,2403,0,0,0,1.0,1,1.0,1,1.0,1,0.18525283941206833,64
3963,5,5229,2825,2404,0,0,0,1.0,1,1.0,1,1.0,1,0.21424272095056504,62
3964,1,5230,2825,2405,0,0,0,1.0,1,1.0,1,1.0,1,0.18704378000562655,63
3965,4,5234,2825,2409,0,0,0,1.0,1,1.0,1,1.0,1,0.13071021884448702,63
3966,0,5234,2825,2409,0,0,0,1.0,1,1.0,1,1.0,1,0.1287888843364072,62
3967,3,5237,2825,2412,0,0,0,1.0,1,1.0,1,1.0,1,0.10160260991906706,64
3968,0,5237,2825,2412,0,0,0,1.0,1,1.0,1,1.0,1,0.09971649900907119,63
3969,1,5238,2825,2413,0,0,0,1.0,1,1.0,1,1.0,1,0.09947292720080553,63
3970,0,5238,2825,2413,0,0,0,1.0,1,1.0,1,1.0,1,0.09719153691233316,65
3971,0,5238,2825,2413,0,0,0,1.0,1,1.0,1,1.0,1,0.09719153691233316,65
3972,3,5241,2827,2414,0,0,0,1.0,1,1.0,1,1.0,1,0.12276689353754941,66
3973,2,5243,2827,2416,0,0,0,1.0,1,1.0,1,1.0,1,0.09879214086618236,66
3974,1,5244,2828,2416,0,0,0,1.0,1,1.0,1,1.0,1,0.11952692724693052,66
3975,3,5247,2830,2417,0,0,0,1.0,1,1.0,1,1.0,1,0.12490250945290216,66
3976,3,5250,2831,2419,0,0,0,1.0,1,1.0,1,1.0,1,0.12373588457293866,66
3977,2,5252,2833,2419,0,0,0,1.0,1,1.0,1,1.0,1,0.13110173973994815,64
3978,3,5255,2835,2420,0,0,0,1.0,1,1.0,1,1.0,1,0.14592188497925077,63
3979,2,5257,2835,2422,0,0,0,1.0,1,1.0,1,1.0,1,0.14418309989123218,63
3980,1,5258,2835,2423,0,0,0,1.0,1,1.0,1,1.0,1,0.13647037940482856,63
3981,1,5259,2835,2424,0,0,0,1.0,1,1.0,1,1.0,1,0.13741009212876718,64
3982,1,5260,2835,2425,0,0,0,1.0,1,1.0,1,1.0,1,0.12318924794519875,65
3983,0,5260,2835,2425,0,0,0,1.0,1,1.0,1,1.0,1,0.12729091375587423,64
3984,1,5261,2835,2426,0,0,0,1.0,1,1.0,1,1.0,1,0.12617264700112787,65
3985,2,5263,2836,2427,0,0,0,1.0,1,1.0,1,1.0,1,0.13106646009233194,64
3986,1,5264,2836,2428,0,0,0,1.0,1,1.0,1,1.0,1,0.12778658053750247,63
3987,0,5264,2836,2428,0,0,0,1.0,1,1.0,1,1.0,1,0.143168199890971,63
3988,0,5264,2836,2428,0,0,0,1.0,1,1.0,1,1.0,1,0.14117971426196763,63
3989,0,5264,2836,2428,0,0,0,1.0,1,1.0,1,1.0,1,0.15750256155192,63
3990,1,5265,2837,2428,0,0,0,1.0,1,1.0,1,1.0,1,0.18730691999138724,62
3991,1,5266,2837,2429,0,0,0,1.0,1,1.0,1,1.0,1,0.17483350233128098,62
3992,0,5266,2837,2429,0,0,0,1.0,1,1.0,1,1.0,1,0.16576815769834868,65
3993,0,5266,2837,2429,0,0,0,1.0,1,1.0,1,1.0,1,0.16576815769834868,65
3994,1,5267,2837,2430,0,0,0,1.0,1,1.0,1,1.0,1,0.1525562558264215,64
3995,0,5267,2837,2430,0,0,0,1.0,1,1.0,1,1.0,1,0.1525562558264215,64
3996,1,5268,2837,2431,0,0,0,1.0,1,1.0,1,1.0,1,0.13281302875426515,67
3997,3,5271,2838,2433,0,0,0,1.0,1,1.0,1,1.0,1,0.12314803583356981,69
3998,2,5273,2839,2434,0,0,0,1.0,1,1.0,1,1.0,1,0.1291480175745952,69
3999,2,5275,2841,2434,0,0,0,1.0,1,1.0,1,1.0,1,0.13321499338005077,69
4000,0,5275,2841,2434,0,0,0,1.0,1,1.0,1,1.0,1,0.11362646540513986,69
4001,0,5275,2841,2434,0,0,0,1.0,1,1.0,1,1.0,1,0.10493433899239218,68
4002,1,5276,2842,2434,0,0,0,1.0,1,1.0,1,1.0,1,0.0894800469685928,68
4003,2,5278,2844,2434,0,0,0,1.0,1,1.0,1,1.0,1,0.12393258125030013,68
4004,5,5283,2847,2436,0,0,0,1.0,1,1.0,1,1.0,1,0.08993609616170248,67
4005,1,5284,2848,2436,0,0,0,1.0,1,1.0,1,1.0,1,0.09745216265821306,67
4006,4,5288,2850,2438,0,0,0,1.0,1,1.0,1,1.0,1,0.09420582999528314,67
4007,1,5289,2851,2438,0,0,0,1.0,1,1.0,1,1.0,1,0.11347185388807657,67
4008,4,5293,2853,2440,0,0,0,1.0,1,1.0,1,1.0,1,0.11038702941068813,67
4009,3,5296,2854,2442,0,0,0,1.0,1,1.0,1,1.0,1,0.12003068206122099,67
4010,2,5298,2855,2443,0,0,0,1.0,1,1.0,1,1.0,1,0.11931907468505268,66
4011,1,5299,2856,2443,0,0,0,1.0,1,1.0,1,1.0,1,0.11524719206790848,66
4012,4,5303,2858,2445,0,0,0,1.0,1,1.0,1,1.0,1,0.10288332336902106,66
4013,1,5304,2858,2446,0,0,0,1.0,1,1.0,1,1.0,1,0.07673942322976428,66
4014,1,5305,2859,2446,0,0,0,1.0,1,1.0,1,1.0,1,0.08742305195622965,66
4015,0,5305,2859,2446,0,0,0,1.0,1,1.0,1,1.0,1,0.10944738960790222,64
4016,1,5306,2860,2446,0,0,0,1.0,1,1.0,1,1.0,1,0.15093228268640427,64
4017,3,5309,2862,2447,0,0,0,1.0,1,1.0,1,1.0,1,0.16662134850660432,66
4018,0,5309,2862,2447,0,0,0,1.0,1,1.0,1,1.0,1,0.1740534690112749,67
4019,1,5310,2863,2447,0,0,0,1.0,1,1.0,1,1.0,1,0.1853120843584725,67
4020,0,5310,2863,2447,0,0,0,1.0,1,1.0,1,1.0,1,0.20444897942988485,66
4021,1,5311,2864,2447,0,0,0,1.0,1,1.0,1,1.0,1,0.21519796024930574,66
4022,0,5311,2864,2447,0,0,0,1.0,1,1.0,1,1.0,1,0.21519796024930574,66
4023,1,5312,2865,2447,0,0,0,1.0,1,1.0,1,1.0,1,0.21496612508346805,66
4024,3,5315,2866,2449,0,0,0,1.0,1,1.0,1,1.0,1,0.20036575758227013,66
4025,1,5316,2866,2450,0,0,0,1.0,1,1.0,1,1.0,1,0.1733376341410482,66
4026,0,5316,2866,2450,0,0,0,1.0,1,1.0,1,1.0,1,0.1738253623713078,66
4027,2,5318,2867,2451,0,0,0,1.0,1,1.0,1,1.0,1,0.18002285145533806,64
4028,3,5321,2869,2452,0,0,0,1.0,1,1.0,1,1.0,1,0.19779471542259228,63
4029,0,5321,2869,2452,0,0,0,1.0,1,1.0,1,1.0,1,0.207718657804143,62
4030,2,5323,2869,2454,0,0,0,1.0,1,1.0,1,1.0,1,0.15482408951046028,63
4031,0,5323,2869,2454,0,0,0,1.0,1,1.0,1,1.0,1,0.16199325748836535,62
4032,1,5324,2870,2454,0,0,0,1.0,1,1.0,1,1.0,1,0.1797530456879286,62
4033,0,5324,2870,2454,0,0,0,1.0,1,1.0,1,1.0,1,0.19191356349304603,61
4034,4,5328,2872,2456,0,0,0,1.0,1,1.0,1,1.0,1,0.202816952915974,60
4035,1,5329,2872,2457,0,0,0,1.0,1,1.0,1,1.0,1,0.19689353303899104,59
4036,3,5332,2874,2458,0,0,0,1.0,1,1.0,1,1.0,1,0.21630816249537074,58
4037,3,5335,2876,2459,0,0,0,1.0,1,1.0,1,1.0,1,0.2159546993634677,59
4038,2,5337,2876,2461,0,0,0,1.0,1,1.0,1,1.0,1,0.18852509094704642,58
4039,1,5338,2876,2462,0,0,0,1.0,1,1.0,1,1.0,1,0.20600920916131757,56
4040,0,5338,2876,2462,0,0,0,1.0,1,1.0,1,1.0,1,0.21517540949957575,55
4041,3,5341,2878,2463,0,0,0,1.0,1,1.0,1,1.0,1,0.24699247710263939,54
4042,1,5342,2879,2463,0,0,0,1.0,1,1.0,1,1.0,1,0.25588549204589583,56
4043,2,5344,2880,2464,0,0,0,1.0,1,1.0,1,1.0,1,0.274375126308033,56
4044,1,5345,2881,2464,0,0,0,1.0,1,1.0,1,1.0,1,0.28876331720797044,56
4045,2,5347,2883,2464,0,0,0,1.0,1,1.0,1,1.0,1,0.31434597699295985,57
4046,0,5347,2883,2464,0,0,0,1.0,1,1.0,1,1.0,1,0.32044817802996756,59
4047,2,5349,2885,2464,0,0,0,1.0,1,1.0,1,1.0,1,0.3546161997867782,59
4048,1,5350,2885,2465,0,0,0,1.0,1,1.0,1,1.0,1,0.3475613426442978,59
4049,0,5350,2885,2465,0,0,0,1.0,1,1.0,1,1.0,1,0.3316321899126436,60
4050,1,5351,2885,2466,0,0,0,1.0,1,1.0,1,1.0,1,0.3098737952068248,60
4051,1,5352,2886,2466,0,0,0,1.0,1,1.0,1,1.0,1,0.31881743787304173,60
4052,0,5352,2886,2466,0,0,0,1.0,1,1.0,1,1.0,1,0.31881743787304173,60
4053,0,5352,2886,2466,0,0,0,1.0,1,1.0,1,1.0,1,0.31881743787304173,60
4054,1,5353,2887,2466,0,0,0,1.0,1,1.0,1,1.0,1,0.31669623514396233,61
4055,0,5353,2887,2466,0,0,0,1.0,1,1.0,1,1.0,1,0.31669623514396233,61
4056,0,5353,2887,2466,0,0,0,1.0,1,1.0,1,1.0,1,0.31951939402447777,62
4057,0,5353,2887,2466,0,0,0,1.0,1,1.0,1,1.0,1,0.3207811789228135,63
4058,0,5353,2887,2466,0,0,0,1.0,1,1.0,1,1.0,1,0.3369449024955372,64
4059,0,5353,2887,2466,0,0,0,1.0,1,1.0,1,1.0,1,0.35424895800303385,63
4060,0,5353,2887,2466,0,0,0,1.0,1,1.0,1,1.0,1,0.35424895800303385,63
4061,0,5353,2887,2466,0,0,0,1.0,1,1.0,1,1.0,1,0.3598353198683357,63
4062,0,5353,2887,2466,0,0,0,1.0,1,1.0,1,1.0,1,0.3471917861020705,65
4063,1,5354,2887,2467,0,0,0,1.0,1,1.0,1,1.0,1,0.31975550749353604,64
4064,1,5355,2887,2468,0,0,0,1.0,1,1.0,1,1.0,1,0.3085268341531517,65
4065,5,5360,2890,2470,0,0,0,1.0,1,1.0,1,1.0,1,0.2581491436753283,64
4066,1,5361,2890,2471,0,0,0,1.0,1,1.0,1,1.0,1,0.24587256575041214,64
4067,4,5365,2892,2473,0,0,0,1.0,1,1.0,1,1.0,1,0.21416324560722289,63
4068,1,5366,2892,2474,0,0,0,1.0,1,1.0,1,1.0,1,0.20223788685051272,64
4069,8,5374,2895,2479,0,0,0,1.0,1,1.0,1,1.0,1,0.22273537011207936,62
4070,2,5376,2895,2481,0,0,0,1.0,1,1.0,1,1.0,1,0.2033796180265252,61
4071,4,5380,2898,2482,0,0,0,1.0,1,1.0,1,1.0,1,0.2655717306013766,61
4072,7,5387,2899,2488,0,0,0,1.0,1,1.0,1,1.0,1,0.24095953681160479,60
4073,3,5390,2899,2491,0,0,0,1.0,1,1.0,1,1.0,1,0.21018555463592237,60
4074,2,5392,2901,2491,0,0,0,1.0,1,1.0,1,1.0,1,0.2617803347478077,60
4075,5,5397,2901,2496,0,0,0,1.0,1,1.0,1,1.0,1,0.20482475054869564,59
4076,1,5398,2901,2497,0,0,0,1.0,1,1.0,1,1.0,1,0.1957312365421353,60
4077,0,5398,2901,2497,0,0,0,1.0,1,1.0,1,1.0,1,0.20370174718144712,61
4078,2,5400,2901,2499,0,0,0,1.0,1,1.0,1,1.0,1,0.2013890254849458,60
4079,0,5400,2901,2499,0,0,0,1.0,1,1.0,1,1.0,1,0.21778001492248833,58
4080,1,5401,2902,2499,0,0,0,1.0,1,1.0,1,1.0,1,0.2234569634459187,56
4081,2,5403,2903,2500,0,0,0,1.0,1,1.0,1,1.0,1,0.20895873964480235,56
4082,1,5404,2903,2501,0,0,0,1.0,1,1.0,1,1.0,1,0.2171629820164956,55
4083,0,5404,2903,2501,0,0,0,1.0,1,1.0,1,1.0,1,0.2171629820164956,55
4084,2,5406,2904,2502,0,0,0,1.0,1,1.0,1,1.0,1,0.22248771889340155,55
4085,3,5409,2906,2503,0,0,0,1.0,1,1.0,1,1.0,1,0.2240035934956433,56
4086,2,5411,2907,2504,0,0,0,1.0,1,1.0,1,1.0,1,0.22157675084131379,57
4087,2,5413,2908,2505,0,0,0,1.0,1,1.0,1,1.0,1,0.2263868605351498,57
4088,1,5414,2908,2506,0,0,0,1.0,1,1.0,1,1.0,1,0.2151738422419217,57
4089,0,5414,2908,2506,0,0,0,1.0,1,1.0,1,1.0,1,0.23561918621640687,56
4090,1,5415,2909,2506,0,0,0,1.0,1,1.0,1,1.0,1,0.25770290415203345,56
4091,2,5417,2909,2508,0,0,0,1.0,1,1.0,1,1.0,1,0.2519650845561941,56
4092,1,5418,2909,2509,0,0,0,1.0,1,1.0,1,1.0,1,0.23989566335343532,57
4093,6,5424,2909,2515,0,0,0,1.0,1,1.0,1,1.0,1,0.17257162499567674,58
4094,1,5425,2909,2516,0,0,0,1.0,1,1.0,1,1.0,1,0.15488452477264347,57
4095,1,5426,2909,2517,0,0,0,1.0,1,1.0,1,1.0,1,0.1468164537933175,57
4096,5,5431,2909,2522,0,0,0,1.0,1,1.0,1,1.0,1,0.11001550120776396,59
4097,0,5431,2909,2522,0,0,0,1.0,1,1.0,1,1.0,1,0.11001550120776396,59
4098,0,5431,2909,2522,0,0,0,1.0,1,1.0,1,1.0,1,0.11001550120776396,59
4099,1,5432,2910,2522,0,0,0,1.0,1,1.0,1,1.0,1,0.08995836093787475,60
4100,0,5432,2910,2522,0,0,0,1.0,1,1.0,1,1.0,1,0.08995836093787475,60
4101,1,5433,2911,2522,0,0,0,1.0,1,1.0,1,1.0,1,0.10929059647078085,60
4102,3,5436,2914,2522,0,0,0,1.0,1,1.0,1,1.0,1,0.1674138901044618,60
4103,2,5438,2915,2523,0,0,0,1.0,1,1.0,1,1.0,1,0.1989350570868264,58
4104,3,5441,2916,2525,0,0,0,1.0,1,1.0,1,1.0,1,0.16454979195034763,60
4105,2,5443,2916,2527,0,0,0,1.0,1,1.0,1,1.0,1,0.14286717518499384,59
4106,2,5445,2917,2528,0,0,0,1.0,1,1.0,1,1.0,1,0.14843338196716446,61
4107,0,5445,2917,2528,0,0,0,1.0,1,1.0,1,1.0,1,0.15122217159354226,59
4108,1,5446,2918,2528,0,0,0,1.0,1,1.0,1,1.0,1,0.1456088109629639,60
4109,1,5447,2918,2529,0,0,0,1.0,1,1.0,1,1.0,1,0.13354750334201307,59
4110,1,5448,2919,2529,0,0,0,1.0,1,1.0,1,1.0,1,0.12785446523323385,60
4111,0,5448,2919,2529,0,0,0,1.0,1,1.0,1,1.0,1,0.14838709002037834,61
4112,1,5449,2920,2529,0,0,0,1.0,1,1.0,1,1.0,1,0.15974801653556508,60
4113,3,5452,2920,2532,0,0,0,1.0,1,1.0,1,1.0,1,0.09534489785671951,61
4114,0,5452,2920,2532,0,0,0,1.0,1,1.0,1,1.0,1,0.08335538358856497,62
4115,2,5454,2920,2534,0,0,0,1.0,1,1.0,1,1.0,1,0.10137552302687751,60
4116,0,5454,2920,2534,0,0,0,1.0,1,1.0,1,1.0,1,0.09865305702374,59
4117,4,5458,2922,2536,0,0,0,1.0,1,1.0,1,1.0,1,0.09433863156023058,56
4118,0,5458,2922,2536,0,0,0,1.0,1,1.0,1,1.0,1,0.11364946721942876,55
4119,1,5459,2923,2536,0,0,0,1.0,1,1.0,1,1.0,1,0.14163208043238215,53
4120,3,5462,2925,2537,0,0,0,1.0,1,1.0,1,1.0,1,0.12967081400103658,52
4121,5,5467,2930,2537,0,0,0,1.0,1,1.0,1,1.0,1,0.11526332464113231,53
4122,1,5468,2931,2537,0,0,0,1.0,1,1.0,1,1.0,1,0.14659523710027061,52
4123,4,5472,2934,2538,0,0,0,1.0,1,1.0,1,1.0,1,0.1596703440161498,51
4124,1,5473,2934,2539,0,0,0,1.0,1,1.0,1,1.0,1,0.14876184981332446,51
4125,1,5474,2935,2539,0,0,0,1.0,1,1.0,1,1.0,1,0.1572948785347987,50
4126,3,5477,2936,2541,0,0,0,1.0,1,1.0,1,1.0,1,0.16549713394579418,50
4127,1,5478,2937,2541,0,0,0,1.0,1,1.0,1,1.0,1,0.17297926832852045,49
4128,0,5478,2937,2541,0,0,0,1.0,1,1.0,1,1.0,1,0.17297926832852045,49
4129,1,5479,2937,2542,0,0,0,1.0,1,1.0,1,1.0,1,0.16433652051822686,49
4130,1,5480,2938,2542,0,0,0,1.0,1,1.0,1,1.0,1,0.14288526321807227,50
4131,2,5482,2940,2542,0,0,0,1.0,1,1.0,1,1.0,1,0.1791588515173602,50
4132,2,5484,2940,2544,0,0,0,1.0,1,1.0,1,1.0,1,0.1368017946650592,50
4133,2,5486,2942,2544,0,0,0,1.0,1,1.0,1,1.0,1,0.15065541112031972,51
4134,2,5488,2944,2544,0,0,0,1.0,1,1.0,1,1.0,1,0.14876336229979137,53
4135,1,5489,2945,2544,0,0,0,1.0,1,1.0,1,1.0,1,0.16716415958331746,54
4136,0,5489,2945,2544,0,0,0,1.0,1,1.0,1,1.0,1,0.16716415958331746,54
4137,1,5490,2946,2544,0,0,0,1.0,1,1.0,1,1.0,1,0.1431999192358932,55
4138,1,5491,2947,2544,0,0,0,1.0,1,1.0,1,1.0,1,0.15921495637543426,54
4139,1,5492,2948,2544,0,0,0,1.0,1,1.0,1,1.0,1,0.17701867937927096,54
4140,0,5492,2948,2544,0,0,0,1.0,1,1.0,1,1.0,1,0.15969803800874685,55
4141,0,5492,2948,2544,0,0,0,1.0,1,1.0,1,1.0,1,0.16002045935309803,55
4142,0,5492,2948,2544,0,0,0,1.0,1,1.0,1,1.0,1,0.16002045935309803,55
4143,2,5494,2948,2546,0,0,0,1.0,1,1.0,1,1.0,1,0.1346193951967137,53
4144,0,5494,2948,2546,0,0,0,1.0,1,1.0,1,1.0,1,0.15418416666067533,52
4145,2,5496,2948,2548,0,0,0,1.0,1,1.0,1,1.0,1,0.1344462746657881,51
4146,4,5500,2951,2549,0,0,0,1.0,1,1.0,1,1.0,1,0.15077540875625403,51
4147,2,5502,2952,2550,0,0,0,1.0,1,1.0,1,1.0,1,0.14800142337973005,50
4148,1,5503,2953,2550,0,0,0,1.0,1,1.0,1,1.0,1,0.17542883700839915,52
4149,0,5503,2953,2550,0,0,0,1.0,1,1.0,1,1.0,1,0.1554206457748603,53
4150,2,5505,2955,2550,0,0,0,1.0,1,1.0,1,1.0,1,0.17516327684424546,53
4151,1,5506,2956,2550,0,0,0,1.0,1,1.0,1,1.0,1,0.18184234608660826,53
4152,1,5507,2957,2550,0,0,0,1.0,1,1.0,1,1.0,1,0.1698383669642978,54
4153,2,5509,2959,2550,0,0,0,1.0,1,1.0,1,1.0,1,0.1962609123264006,51
4154,2,5511,2959,2552,0,0,0,1.0,1,1.0,1,1.0,1,0.1468816603145461,51
4155,2,5513,2961,2552,0,0,0,1.0,1,1.0,1,1.0,1,0.1706649075211903,51
4156,7,5520,2965,2555,0,0,0,1.0,1,1.0,1,1.0,1,0.18677457752560186,52
4157,1,5521,2965,2556,0,0,0,1.0,1,1.0,1,1.0,1,0.16441495616438515,52
4158,1,5522,2966,2556,0,0,0,1.0,1,1.0,1,1.0,1,0.18342746179317934,52
4159,3,5525,2968,2557,0,0,0,1.0,1,1.0,1,1.0,1,0.18107992353303354,52
4160,3,5528,2971,2557,0,0,0,1.0,1,1.0,1,1.0,1,0.22794575865120514,50
4161,1,5529,2972,2557,0,0,0,1.0,1,1.0,1,1.0,1,0.24954561368104258,50
4162,2,5531,2974,2557,0,0,0,1.0,1,1.0,1,1.0,1,0.2599095118457302,51
4163,3,5534,2975,2559,0,0,0,1.0,1,1.0,1,1.0,1,0.23318143984111503,48
4164,2,5536,2976,2560,0,0,0,1.0,1,1.0,1,1.0,1,0.2509068155594737,50
4165,3,5539,2976,2563,0,0,0,1.0,1,1.0,1,1.0,1,0.20853114104807915,49
4166,2,5541,2977,2564,0,0,0,1.0,1,1.0,1,1.0,1,0.2053456764248482,50
4167,0,5541,2977,2564,0,0,0,1.0,1,1.0,1,1.0,1,0.2055583720374316,50
4168,1,5542,2977,2565,0,0,0,1.0,1,1.0,1,1.0,1,0.20338624190375876,50
4169,1,5543,2977,2566,0,0,0,1.0,1,1.0,1,1.0,1,0.1923349085375172,51
4170,0,5543,2977,2566,0,0,0,1.0,1,1.0,1,1.0,1,0.210405138108431,50
4171,3,5546,2979,2567,0,0,0,1.0,1,1.0,1,1.0,1,0.22411441209826083,50
4172,1,5547,2979,2568,0,0,0,1.0,1,1.0,1,1.0,1,0.23037217421515718,49
4173,3,5550,2979,2571,0,0,0,1.0,1,1.0,1,1.0,1,0.20012839237031502,48
4174,2,5552,2980,2572,0,0,0,1.0,1,1.0,1,1.0,1,0.2070049245442829,48
4175,2,5554,2980,2574,0,0,0,1.0,1,1.0,1,1.0,1,0.18066116022449152,48
4176,1,5555,2980,2575,0,0,0,1.0,1,1.0,1,1.0,1,0.16973861447649324,50
4177,2,5557,2980,2577,0,0,0,1.0,1,1.0,1,1.0,1,0.13682936646468036,52
4178,1,5558,2981,2577,0,0,0,1.0,1,1.0,1,1.0,1,0.14518460392317442,53
4179,1,5559,2981,2578,0,0,0,1.0,1,1.0,1,1.0,1,0.13260451912021187,54
4180,1,5560,2981,2579,0,0,0,1.0,1,1.0,1,1.0,1,0.1239275202252954,55
4181,1,5561,2981,2580,0,0,0,1.0,1,1.0,1,1.0,1,0.09725039155476688,56
4182,0,5561,2981,2580,0,0,0,1.0,1,1.0,1,1.0,1,0.09725039155476688,56
4183,2,5563,2982,2581,0,0,0,1.0,1,1.0,1,1.0,1,0.08963102690703867,57
4184,1,5564,2982,2582,0,0,0,1.0,1,1.0,1,1.0,1,0.09162657155842702,57
4185,0,5564,2982,2582,0,0,0,1.0,1,1.0,1,1.0,1,0.09803164981539658,54
4186,2,5566,2983,2583,0,0,0,1.0,1,1.0,1,1.0,1,0.11019537581177968,55
4187,1,5567,2984,2583,0,0,0,1.0,1,1.0,1,1.0,1,0.10853081822023714,53
4188,1,5568,2984,2584,0,0,0,1.0,1,1.0,1,1.0,1,0.09027493911897869,53
4189,1,5569,2984,2585,0,0,0,1.0,1,1.0,1,1.0,1,0.057903378003284545,53
4190,3,5572,2987,2585,0,0,0,1.0,1,1.0,1,1.0,1,0.08877674556647909,53
4191,1,5573,2988,2585,0,0,0,1.0,1,1.0,1,1.0,1,0.09717674724472168,51
4192,4,5577,2991,2586,0,0,0,1.0,1,1.0,1,1.0,1,0.09427408433841329,51
4193,2,5579,2993,2586,0,0,0,1.0,1,1.0,1,1.0,1,0.09494640213227394,50
4194,1,5580,2994,2586,0,0,0,1.0,1,1.0,1,1.0,1,0.10770374652137334,50
4195,3,5583,2995,2588,0,0,0,1.0,1,1.0,1,1.0,1,0.08933063894865376,50
4196,4,5587,2997,2590,0,0,0,1.0,1,1.0,1,1.0,1,0.06774936283572351,51
4197,1,5588,2998,2590,0,0,0,1.0,1,1.0,1,1.0,1,0.09319731602455432,50
4198,2,5590,2999,2591,0,0,0,1.0,1,1.0,1,1.0,1,0.10906716629611284,48
4199,1,5591,2999,2592,0,0,0,1.0,1,1.0,1,1.0,1,0.14133182917262233,48
4200,0,5591,2999,2592,0,0,0,1.0,1,1.0,1,1.0,1,0.15871965745331926,48
4201,1,5592,3000,2592,0,0,0,1.0,1,1.0,1,1.0,1,0.21118501099097237,47
4202,0,5592,3000,2592,0,0,0,1.0,1,1.0,1,1.0,1,0.21118501099097237,47
4203,0,5592,3000,2592,0,0,0,1.0,1,1.0,1,1.0,1,0.21118501099097237,47
4204,2,5594,3002,2592,0,0,0,1.0,1,1.0,1,1.0,1,0.2378914051941325,48
4205,1,5595,3002,2593,0,0,0,1.0,1,1.0,1,1.0,1,0.2040147889717411,49
4206,1,5596,3003,2593,0,0,0,1.0,1,1.0,1,1.0,1,0.2361797973603601,49
4207,0,5596,3003,2593,0,0,0,1.0,1,1.0,1,1.0,1,0.225470906851085,48
4208,3,5599,3005,2594,0,0,0,1.0,1,1.0,1,1.0,1,0.20426676453883144,49
4209,3,5602,3007,2595,0,0,0,1.0,1,1.0,1,1.0,1,0.21274590709676472,51
4210,2,5604,3008,2596,0,0,0,1.0,1,1.0,1,1.0,1,0.2291385686200853,52
4211,2,5606,3009,2597,0,0,0,1.0,1,1.0,1,1.0,1,0.22407529727554887,53
4212,1,5607,3009,2598,0,0,0,1.0,1,1.0,1,1.0,1,0.18690813969464506,53
4213,0,5607,3009,2598,0,0,0,1.0,1,1.0,1,1.0,1,0.18775933246739387,54
4214,1,5608,3010,2598,0,0,0,1.0,1,1.0,1,1.0,1,0.19489153149373678,54
4215,0,5608,3010,2598,0,0,0,1.0,1,1.0,1,1.0,1,0.19489153149373678,54
4216,1,5609,3010,2599,0,0,0,1.0,1,1.0,1,1.0,1,0.19100214220969675,53
4217,1,5610,3011,2599,0,0,0,1.0,1,1.0,1,1.0,1,0.21657107147139135,54
4218,2,5612,3012,2600,0,0,0,1.0,1,1.0,1,1.0,1,0.23391286030482467,53
4219,0,5612,3012,2600,0,0,0,1.0,1,1.0,1,1.0,1,0.23391286030482467,53
4220,0,5612,3012,2600,0,0,0,1.0,1,1.0,1,1.0,1,0.24125874635429304,53
4221,2,5614,3013,2601,0,0,0,1.0,1,1.0,1,1.0,1,0.25389808128224545,54
4222,3,5617,3015,2602,0,0,0,1.0,1,1.0,1,1.0,1,0.2733719780662226,55
4223,1,5618,3016,2602,0,0,0,1.0,1,1.0,1,1.0,1,0.27368320707574206,56
4224,0,5618,3016,2602,0,0,0,1.0,1,1.0,1,1.0,1,0.26913118632053346,55
4225,1,5619,3017,2602,0,0,0,1.0,1,1.0,1,1.0,1,0.259254914807686,53
4226,1,5620,3018,2602,0,0,0,1.0,1,1.0,1,1.0,1,0.28096608363844355,54
4227,0,5620,3018,2602,0,0,0,1.0,1,1.0,1,1.0,1,0.28195353582971605,52
4228,1,5621,3019,2602,0,0,0,1.0,1,1.0,1,1.0,1,0.2702785283130592,51
4229,1,5622,3020,2602,0,0,0,1.0,1,1.0,1,1.0,1,0.28314917817504726,48
4230,2,5624,3021,2603,0,0,0,1.0,1,1.0,1,1.0,1,0.2654857871298702,48
4231,1,5625,3022,2603,0,0,0,1.0,1,1.0,1,1.0,1,0.25305763968308975,48
4232,1,5626,3023,2603,0,0,0,1.0,1,1.0,1,1.0,1,0.23136219984316755,48
4233,1,5627,3023,2604,0,0,0,1.0,1,1.0,1,1.0,1,0.18084358744069806,48
4234,0,5627,3023,2604,0,0,0,1.0,1,1.0,1,1.0,1,0.17395490812287867,49
4235,0,5627,3023,2604,0,0,0,1.0,1,1.0,1,1.0,1,0.1695617867485915,47
4236,1,5628,3023,2605,0,0,0,1.0,1,1.0,1,1.0,1,0.12662981105858057,47
4237,1,5629,3023,2606,0,0,0,1.0,1,1.0,1,1.0,1,0.10150714640020003,48
4238,0,5629,3023,2606,0,0,0,1.0,1,1.0,1,1.0,1,0.11711004062055967,47
4239,0,5629,3023,2606,0,0,0,1.0,1,1.0,1,1.0,1,0.12073231477045078,48
4240,2,5631,3024,2607,0,0,0,1.0,1,1.0,1,1.0,1,0.1055254868150284,47
4241,0,5631,3024,2607,0,0,0,1.0,1,1.0,1,1.0,1,0.10471054991689373,49
4242,0,5631,3024,2607,0,0,0,1.0,1,1.0,1,1.0,1,0.10062470483050504,49
4243,3,5634,3025,2609,0,0,0,1.0,1,1.0,1,1.0,1,0.056901473560506954,50
4244,1,5635,3025,2610,0,0,0,1.0,1,1.0,1,1.0,1,0.0596709875953931,51
4245,0,5635,3025,2610,0,0,0,1.0,1,1.0,1,1.0,1,0.08533988104977958,51
4246,1,5636,3025,2611,0,0,0,1.0,1,1.0,1,1.0,1,0.06472132999205449,51
4247,1,5637,3025,2612,0,0,0,1.0,1,1.0,1,1.0,1,0.04692801135564115,52
4248,0,5637,3025,2612,0,0,0,1.0,1,1.0,1,1.0,1,0.04692801135564115,52
4249,0,5637,3025,2612,0,0,0,1.0,1,1.0,1,1.0,1,0.04692801135564115,52
4250,3,5640,3028,2612,0,0,0,1.0,1,1.0,1,1.0,1,0.1077422092106127,52
4251,5,5645,3032,2613,0,0,0,1.0,1,1.0,1,1.0,1,0.09761149018899191,53
4252,6,5651,3036,2615,0,0,0,1.0,1,1.0,1,1.0,1,0.1239461210081469,53
4253,3,5654,3038,2616,0,0,0,1.0,1,1.0,1,1.0,1,0.09570835044193937,54
4254,2,5656,3040,2616,0,0,0,1.0,1,1.0,1,1.0,1,0.12439445442893854,54
4255,4,5660,3041,2619,0,0,0,1.0,1,1.0,1,1.0,1,0.10644671373804453,55
4256,2,5662,3041,2621,0,0,0,1.0,1,1.0,1,1.0,1,0.06850923264835057,57
4257,0,5662,3041,2621,0,0,0,1.0,1,1.0,1,1.0,1,0.06850923264835057,57
4258,1,5663,3041,2622,0,0,0,1.0,1,1.0,1,1.0,1,0.06914503045635033,57
4259,0,5663,3041,2622,0,0,0,1.0,1,1.0,1,1.0,1,0.06914503045635033,57
4260,3,5666,3042,2624,0,0,0,1.0,1,1.0,1,1.0,1,0.06985877433593396,58
4261,2,5668,3043,2625,0,0,0,1.0,1,1.0,1,1.0,1,0.06650137589767001,59
4262,0,5668,3043,2625,0,0,0,1.0,1,1.0,1,1.0,1,0.05579084288267625,60
4263,0,5668,3043,2625,0,0,0,1.0,1,1.0,1,1.0,1,0.052180681665183214,59
4264,0,5668,3043,2625,0,0,0,1.0,1,1.0,1,1.0,1,0.048769310787349814,58
4265,1,5669,3044,2625,0,0,0,1.0,1,1.0,1,1.0,1,0.0405582775894186,58
4266,1,5670,3045,2625,0,0,0,1.0,1,1.0,1,1.0,1,0.04016520215733597,58
4267,0,5670,3045,2625,0,0,0,1.0,1,1.0,1,1.0,1,0.04915675842023008,55
4268,0,5670,3045,2625,0,0,0,1.0,1,1.0,1,1.0,1,0.04915675842023008,55
4269,2,5672,3047,2625,0,0,0,1.0,1,1.0,1,1.0,1,0.08404685038068171,50
4270,2,5674,3048,2626,0,0,0,1.0,1,1.0,1,1.0,1,0.051347005031098784,47
4271,2,5676,3050,2626,0,0,0,1.0,1,1.0,1,1.0,1,0.10464381976896435,47
4272,1,5677,3050,2627,0,0,0,1.0,1,1.0,1,1.0,1,0.07255279868896412,46
4273,2,5679,3052,2627,0,0,0,1.0,1,1.0,1,1.0,1,0.1356727562603495,47
4274,3,5682,3055,2627,0,0,0,1.0,1,1.0,1,1.0,1,0.11301147293380129,45
4275,6,5688,3059,2629,0,0,0,1.0,1,1.0,1,1.0,1,0.10290521259425206,44
4276,5,5693,3062,2631,0,0,0,1.0,1,1.0,1,1.0,1,0.1349128541093271,43
4277,4,5697,3065,2632,0,0,0,1.0,1,1.0,1,1.0,1,0.19341546102767337,42
4278,3,5700,3066,2634,0,0,0,1.0,1,1.0,1,1.0,1,0.19009127799431022,43
4279,6,5706,3068,2638,0,0,0,1.0,1,1.0,1,1.0,1,0.17858265167583995,42
4280,4,5710,3070,2640,0,0,0,1.0,1,1.0,1,1.0,1,0.18347367964700362,44
4281,2,5712,3071,2641,0,0,0,1.0,1,1.0,1,1.0,1,0.1617460901108473,44
4282,2,5714,3071,2643,0,0,0,1.0,1,1.0,1,1.0,1,0.11132040837059287,44
4283,2,5716,3071,2645,0,0,0,1.0,1,1.0,1,1.0,1,0.041473356142917944,45
4284,0,5716,3071,2645,0,0,0,1.0,1,1.0,1,1.0,1,0.041473356142917944,45
4285,2,5718,3072,2646,0,0,0,1.0,1,1.0,1,1.0,1,0.033678874244191484,47
4286,1,5719,3073,2646,0,0,0,1.0,1,1.0,1,1.0,1,0.06752411250567086,47
4287,1,5720,3074,2646,0,0,0,1.0,1,1.0,1,1.0,1,0.05208838669476082,49
4288,1,5721,3074,2647,0,0,0,1.0,1,1.0,1,1.0,1,0.03824561243848695,49
4289,0,5721,3074,2647,0,0,0,1.0,1,1.0,1,1.0,1,0.041858181212442926,50
4290,0,5721,3074,2647,0,0,0,1.0,1,1.0,1,1.0,1,0.03592924828359872,51
4291,2,5723,3075,2648,0,0,0,1.0,1,1.0,1,1.0,1,0.028218970297744027,50
4292,2,5725,3076,2649,0,0,0,1.0,1,1.0,1,1.0,1,0.02499776170640041,51
4293,0,5725,3076,2649,0,0,0,1.0,1,1.0,1,1.0,1,0.01329762826042579,51
4294,0,5725,3076,2649,0,0,0,1.0,1,1.0,1,1.0,1,0.028628496583297025,50
4295,0,5725,3076,2649,0,0,0,1.0,1,1.0,1,1.0,1,0.04642536355103071,50
4296,0,5725,3076,2649,0,0,0,1.0,1,1.0,1,1.0,1,0.06403771213904558,49
4297,1,5726,3076,2650,0,0,0,1.0,1,1.0,1,1.0,1,0.04683775086164083,49
4298,0,5726,3076,2650,0,0,0,1.0,1,1.0,1,1.0,1,0.04683775086164083,49
4299,0,5726,3076,2650,0,0,0,1.0,1,1.0,1,1.0,1,0.05837800221687502,48
4300,1,5727,3077,2650,0,0,0,1.0,1,1.0,1,1.0,1,0.04504054394718638,49
4301,0,5727,3077,2650,0,0,0,1.0,1,1.0,1,1.0,1,0.027354970537981298,50
4302,0,5727,3077,2650,0,0,0,1.0,1,1.0,1,1.0,1,0.029535973482598822,51
4303,1,5728,3078,2650,0,0,0,1.0,1,1.0,1,1.0,1,0.0496346656091577,51
4304,0,5728,3078,2650,0,0,0,1.0,1,1.0,1,1.0,1,0.07789707997578692,51
4305,4,5732,3082,2650,0,0,0,1.0,1,1.0,1,1.0,1,0.09705470048638001,49
4306,3,5735,3083,2652,0,0,0,1.0,1,1.0,1,1.0,1,0.06759170622863218,49
4307,4,5739,3087,2652,0,0,0,1.0,1,1.0,1,1.0,1,0.11893037118928522,46
4308,3,5742,3088,2654,0,0,0,1.0,1,1.0,1,1.0,1,0.09883743208959166,44
4309,6,5748,3091,2657,0,0,0,1.0,1,1.0,1,1.0,1,0.06868556770446878,44
4310,0,5748,3091,2657,0,0,0,1.0,1,1.0,1,1.0,1,0.09049641168086033,42
4311,3,5751,3093,2658,0,0,0,1.0,1,1.0,1,1.0,1,0.08876432726079196,42
4312,1,5752,3093,2659,0,0,0,1.0,1,1.0,1,1.0,1,0.09731850983525162,40
4313,1,5753,3094,2659,0,0,0,1.0,1,1.0,1,1.0,1,0.08419933442635356,40
4314,2,5755,3096,2659,0,0,0,1.0,1,1.0,1,1.0,1,0.10128418987558296,36
4315,1,5756,3097,2659,0,0,0,1.0,1,1.0,1,1.0,1,0.08935212405635683,37
4316,2,5758,3099,2659,0,0,0,1.0,1,1.0,1,1.0,1,0.07610279398741329,37
4317,0,5758,3099,2659,0,0,0,1.0,1,1.0,1,1.0,1,0.08659591254881835,36
4318,2,5760,3100,2660,0,0,0,1.0,1,1.0,1,1.0,1,0.0820585054986948,34
4319,1,5761,3101,2660,0,0,0,1.0,1,1.0,1,1.0,1,0.08792754960301619,34
4320,0,5761,3101,2660,0,0,0,1.0,1,1.0,1,1.0,1,0.08792754960301619,34
4321,2,5763,3102,2661,0,0,0,1.0,1,1.0,1,1.0,1,0.10316240366125161,35
4322,0,5763,3102,2661,0,0,0,1.0,1,1.0,1,1.0,1,0.10316240366125161,35
4323,2,5765,3103,2662,0,0,0,1.0,1,1.0,1,1.0,1,0.1495740828843444,35
4324,2,5767,3103,2664,0,0,0,1.0,1,1.0,1,1.0,1,0.145404618723174,34
4325,1,5768,3104,2664,0,0,0,1.0,1,1.0,1,1.0,1,0.13387259389252576,34
4326,2,5770,3105,2665,0,0,0,1.0,1,1.0,1,1.0,1,0.13625971235150897,36
4327,1,5771,3105,2666,0,0,0,1.0,1,1.0,1,1.0,1,0.14056805329476646,35
4328,1,5772,3106,2666,0,0,0,1.0,1,1.0,1,1.0,1,0.12837604193143629,35
4329,2,5774,3107,2667,0,0,0,1.0,1,1.0,1,1.0,1,0.10468023671324675,38
4330,2,5776,3109,2667,0,0,0,1.0,1,1.0,1,1.0,1,0.15076283642484287,38
4331,0,5776,3109,2667,0,0,0,1.0,1,1.0,1,1.0,1,0.13974229279210781,39
4332,0,5776,3109,2667,0,0,0,1.0,1,1.0,1,1.0,1,0.15643616629580764,40
4333,1,5777,3109,2668,0,0,0,1.0,1,1.0,1,1.0,1,0.1260086076712561,41
4334,1,5778,3109,2669,0,0,0,1.0,1,1.0,1,1.0,1,0.09509493171461077,41
4335,4,5782,3111,2671,0,0,0,1.0,1,1.0,1,1.0,1,0.053045064989897854,42
4336,0,5782,3111,2671,0,0,0,1.0,1,1.0,1,1.0,1,0.06536467815980228,43
4337,0,5782,3111,2671,0,0,0,1.0,1,1.0,1,1.0,1,0.07072368932767506,44
4338,0,5782,3111,2671,0,0,0,1.0,1,1.0,1,1.0,1,0.07072368932767506,44
4339,2,5784,3112,2672,0,0,0,1.0,1,1.0,1,1.0,1,0.05239985210216385,46
4340,1,5785,3112,2673,0,0,0,1.0,1,1.0,1,1.0,1,0.025370333498748027,47
4341,1,5786,3113,2673,0,0,0,1.0,1,1.0,1,1.0,1,0.05571927906670142,47
4342,0,5786,3113,2673,0,0,0,1.0,1,1.0,1,1.0,1,0.05571927906670142,47
4343,0,5786,3113,2673,0,0,0,1.0,1,1.0,1,1.0,1,0.039274248920146054,42
4344,3,5789,3116,2673,0,0,0,1.0,1,1.0,1,1.0,1,0.08830216940826424,42
4345,0,5789,3116,2673,0,0,0,1.0,1,1.0,1,1.0,1,0.0772563613946635,39
4346,2,5791,3118,2673,0,0,0,1.0,1,1.0,1,1.0,1,0.0667560898181858,37
4347,1,5792,3119,2673,0,0,0,1.0,1,1.0,1,1.0,1,0.12614365497144026,37
4348,3,5795,3121,2674,0,0,0,1.0,1,1.0,1,1.0,1,0.20224593745176458,38
4349,1,5796,3121,2675,0,0,0,1.0,1,1.0,1,1.0,1,0.18529132040040575,36
4350,2,5798,3123,2675,0,0,0,1.0,1,1.0,1,1.0,1,0.24615742591140552,37
4351,0,5798,3123,2675,0,0,0,1.0,1,1.0,1,1.0,1,0.2229070126587392,35
4352,1,5799,3123,2676,0,0,0,1.0,1,1.0,1,1.0,1,0.2386428813911868,34
4353,2,5801,3123,2678,0,0,0,1.0,1,1.0,1,1.0,1,0.16928302032847825,34
4354,1,5802,3123,2679,0,0,0,1.0,1,1.0,1,1.0,1,0.14484389493263053,32
4355,1,5803,3124,2679,0,0,0,1.0,1,1.0,1,1.0,1,0.16414614144047443,32
4356,3,5806,3126,2680,0,0,0,1.0,1,1.0,1,1.0,1,0.13786986865302994,34
4357,2,5808,3126,2682,0,0,0,1.0,1,1.0,1,1.0,1,0.06887145525788003,35
4358,2,5810,3128,2682,0,0,0,1.0,1,1.0,1,1.0,1,0.0850369145980346,35
4359,2,5812,3129,2683,0,0,0,1.0,1,1.0,1,1.0,1,0.12212487512988526,37
4360,0,5812,3129,2683,0,0,0,1.0,1,1.0,1,1.0,1,0.1406490368052946,38
4361,0,5812,3129,2683,0,0,0,1.0,1,1.0,1,1.0,1,0.11116385598533073,39
4362,3,5815,3131,2684,0,0,0,1.0,1,1.0,1,1.0,1,0.12199482564247756,38
4363,0,5815,3131,2684,0,0,0,1.0,1,1.0,1,1.0,1,0.12199482564247756,38
4364,4,5819,3133,2686,0,0,0,1.0,1,1.0,1,1.0,1,0.02369206909202095,39
4365,0,5819,3133,2686,0,0,0,1.0,1,1.0,1,1.0,1,0.02369206909202095,39
4366,1,5820,3134,2686,0,0,0,1.0,1,1.0,1,1.0,1,0.02043332583717767,39
4367,1,5821,3135,2686,0,0,0,1.0,1,1.0,1,1.0,1,0.023028991369253474,41
4368,1,5822,3136,2686,0,0,0,1.0,1,1.0,1,1.0,1,0.06833433947741518,41
4369,0,5822,3136,2686,0,0,0,1.0,1,1.0,1,1.0,1,0.05523530919817073,42
4370,0,5822,3136,2686,0,0,0,1.0,1,1.0,1,1.0,1,0.05523530919817073,42
4371,0,5822,3136,2686,0,0,0,1.0,1,1.0,1,1.0,1,0.04795238761761597,43
4372,0,5822,3136,2686,0,0,0,1.0,1,1.0,1,1.0,1,0.04795238761761597,43
4373,0,5822,3136,2686,0,0,0,1.0,1,1.0,1,1.0,1,0.04795238761761597,43
4374,0,5822,3136,2686,0,0,0,1.0,1,1.0,1,1.0,1,0.04708289314208461,44
4375,5,5827,3139,2688,0,0,0,1.0,1,1.0,1,1.0,1,0.1357155924254891,45
4376,1,5828,3139,2689,0,0,0,1.0,1,1.0,1,1.0,1,0.1231927892346531,46
4377,6,5834,3144,2690,0,0,0,1.0,1,1.0,1,1.0,1,0.1787138341377434,47
4378,1,5835,3144,2691,0,0,0,1.0,1,1.0,1,1.0,1,0.15181915164500706,49
4379,4,5839,3147,2692,0,0,0,1.0,1,1.0,1,1.0,1,0.14004682849328212,51
4380,0,5839,3147,2692,0,0,0,1.0,1,1.0,1,1.0,1,0.12825888990623352,50
4381,2,5841,3148,2693,0,0,0,1.0,1,1.0,1,1.0,1,0.12595427910306403,49
4382,3,5844,3151,2693,0,0,0,1.0,1,1.0,1,1.0,1,0.1768809053476945,47
4383,1,5845,3151,2694,0,0,0,1.0,1,1.0,1,1.0,1,0.17018097912977223,47
4384,2,5847,3151,2696,0,0,0,1.0,1,1.0,1,1.0,1,0.17710846025537474,44
4385,2,5849,3152,2697,0,0,0,1.0,1,1.0,1,1.0,1,0.1526926411566361,42
4386,0,5849,3152,2697,0,0,0,1.0,1,1.0,1,1.0,1,0.20980730876447654,41
4387,3,5852,3153,2699,0,0,0,1.0,1,1.0,1,1.0,1,0.15552770260919282,39
4388,0,5852,3153,2699,0,0,0,1.0,1,1.0,1,1.0,1,0.15552770260919282,39
4389,2,5854,3155,2699,0,0,0,1.0,1,1.0,1,1.0,1,0.14762154042609468,38
4390,2,5856,3155,2701,0,0,0,1.0,1,1.0,1,1.0,1,0.06740066775025552,38
4391,1,5857,3156,2701,0,0,0,1.0,1,1.0,1,1.0,1,0.07464266355639236,39
4392,1,5858,3156,2702,0,0,0,1.0,1,1.0,1,1.0,1,0.0609021100411809,39
4393,1,5859,3157,2702,0,0,0,1.0,1,1.0,1,1.0,1,0.11228737831664512,40
4394,0,5859,3157,2702,0,0,0,1.0,1,1.0,1,1.0,1,0.09836616799510685,39
4395,0,5859,3157,2702,0,0,0,1.0,1,1.0,1,1.0,1,0.09836616799510685,39
4396,1,5860,3158,2702,0,0,0,1.0,1,1.0,1,1.0,1,0.0959845927230475,39
4397,1,5861,3158,2703,0,0,0,1.0,1,1.0,1,1.0,1,0.07999067383936401,38
4398,0,5861,3158,2703,0,0,0,1.0,1,1.0,1,1.0,1,0.08516647046580116,39
4399,1,5862,3158,2704,0,0,0,1.0,1,1.0,1,1.0,1,0.07259763080605502,42
4400,0,5862,3158,2704,0,0,0,1.0,1,1.0,1,1.0,1,0.05568168921805848,43
4401,0,5862,3158,2704,0,0,0,1.0,1,1.0,1,1.0,1,0.05080916875744579,44
4402,0,5862,3158,2704,0,0,0,1.0,1,1.0,1,1.0,1,0.05080916875744579,44
4403,0,5862,3158,2704,0,0,0,1.0,1,1.0,1,1.0,1,0.04915940700418242,45
4404,0,5862,3158,2704,0,0,0,1.0,1,1.0,1,1.0,1,0.04915940700418242,45
4405,0,5862,3158,2704,0,0,0,1.0,1,1.0,1,1.0,1,0.026355138002269747,46
4406,1,5863,3159,2704,0,0,0,1.0,1,1.0,1,1.0,1,0.045078214001262114,46
4407,1,5864,3160,2704,0,0,0,1.0,1,1.0,1,1.0,1,0.07424059073531729,46
4408,0,5864,3160,2704,0,0,0,1.0,1,1.0,1,1.0,1,0.06818057550319799,47
4409,1,5865,3161,2704,0,0,0,1.0,1,1.0,1,1.0,1,0.10635723592081663,48
4410,1,5866,3161,2705,0,0,0,1.0,1,1.0,1,1.0,1,0.09011716743014968,48
4411,1,5867,3161,2706,0,0,0,1.0,1,1.0,1,1.0,1,0.06842413904761309,50
4412,2,5869,3162,2707,0,0,0,1.0,1,1.0,1,1.0,1,0.08315644015126389,50
4413,0,5869,3162,2707,0,0,0,1.0,1,1.0,1,1.0,1,0.08939896671535169,50
4414,0,5869,3162,2707,0,0,0,1.0,1,1.0,1,1.0,1,0.08230480583065594,51
4415,1,5870,3163,2707,0,0,0,1.0,1,1.0,1,1.0,1,0.07186959350781773,51
4416,2,5872,3164,2708,0,0,0,1.0,1,1.0,1,1.0,1,0.09015805091951133,51
4417,2,5874,3166,2708,0,0,0,1.0,1,1.0,1,1.0,1,0.09677126652029282,51
4418,1,5875,3166,2709,0,0,0,1.0,1,1.0,1,1.0,1,0.06068155233035377,51
4419,0,5875,3166,2709,0,0,0,1.0,1,1.0,1,1.0,1,0.05118579744061342,50
4420,0,5875,3166,2709,0,0,0,1.0,1,1.0,1,1.0,1,0.06294819949050119,50
4421,1,5876,3166,2710,0,0,0,1.0,1,1.0,1,1.0,1,0.049674391380784735,52
4422,0,5876,3166,2710,0,0,0,1.0,1,1.0,1,1.0,1,0.05131719519233987,51
4423,0,5876,3166,2710,0,0,0,1.0,1,1.0,1,1.0,1,0.05131719519233987,51
4424,0,5876,3166,2710,0,0,0,1.0,1,1.0,1,1.0,1,0.03730895064813447,53
4425,0,5876,3166,2710,0,0,0,1.0,1,1.0,1,1.0,1,0.03639262818956421,54
4426,1,5877,3167,2710,0,0,0,1.0,1,1.0,1,1.0,1,0.026634939480350405,55
4427,0,5877,3167,2710,0,0,0,1.0,1,1.0,1,1.0,1,0.026634939480350405,55
4428,1,5878,3168,2710,0,0,0,1.0,1,1.0,1,1.0,1,0.02527241520744042,55
4429,0,5878,3168,2710,0,0,0,1.0,1,1.0,1,1.0,1,0.01597660133065433,56
4430,2,5880,3170,2710,0,0,0,1.0,1,1.0,1,1.0,1,0.0734248393114713,55
4431,0,5880,3170,2710,0,0,0,1.0,1,1.0,1,1.0,1,0.06621096065320849,56
4432,2,5882,3171,2711,0,0,0,1.0,1,1.0,1,1.0,1,0.08643687292828754,56
4433,0,5882,3171,2711,0,0,0,1.0,1,1.0,1,1.0,1,0.08900694173008211,57
4434,1,5883,3172,2711,0,0,0,1.0,1,1.0,1,1.0,1,0.07043559332201489,56
4435,3,5886,3174,2712,0,0,0,1.0,1,1.0,1,1.0,1,0.07407947251202987,56
4436,6,5892,3176,2716,0,0,0,1.0,1,1.0,1,1.0,1,0.04832919879498848,55
4437,1,5893,3177,2716,0,0,0,1.0,1,1.0,1,1.0,1,0.07674116018631824,54
4438,1,5894,3178,2716,0,0,0,1.0,1,1.0,1,1.0,1,0.07563582486210722,54
4439,5,5899,3181,2718,0,0,0,1.0,1,1.0,1,1.0,1,0.10288307762197575,55
4440,0,5899,3181,2718,0,0,0,1.0,1,1.0,1,1.0,1,0.10288307762197575,55
4441,3,5902,3184,2718,0,0,0,1.0,1,1.0,1,1.0,1,0.09421289217764163,59
4442,1,5903,3185,2718,0,0,0,1.0,1,1.0,1,1.0,1,0.08051443257017556,61
4443,2,5905,3187,2718,0,0,0,1.0,1,1.0,1,1.0,1,0.0769296496063945,60
4444,1,5906,3187,2719,0,0,0,1.0,1,1.0,1,1.0,1,0.08263018336641115,61
4445,0,5906,3187,2719,0,0,0,1.0,1,1.0,1,1.0,1,0.08263018336641115,61
4446,2,5908,3188,2720,0,0,0,1.0,1,1.0,1,1.0,1,0.0751489407824452,62
4447,0,5908,3188,2720,0,0,0,1.0,1,1.0,1,1.0,1,0.07122382952818117,63
4448,0,5908,3188,2720,0,0,0,1.0,1,1.0,1,1.0,1,0.07122382952818117,63
4449,0,5908,3188,2720,0,0,0,1.0,1,1.0,1,1.0,1,0.07122382952818117,63
4450,0,5908,3188,2720,0,0,0,1.0,1,1.0,1,1.0,1,0.0816994491442905,62
4451,0,5908,3188,2720,0,0,0,1.0,1,1.0,1,1.0,1,0.0702770010729122,63
4452,0,5908,3188,2720,0,0,0,1.0,1,1.0,1,1.0,1,0.0787718539331983,64
4453,0,5908,3188,2720,0,0,0,1.0,1,1.0,1,1.0,1,0.08579789203106346,65
4454,1,5909,3189,2720,0,0,0,1.0,1,1.0,1,1.0,1,0.07428934994705955,66
4455,3,5912,3191,2721,0,0,0,1.0,1,1.0,1,1.0,1,0.08148616671864206,67
4456,4,5916,3192,2724,0,0,0,1.0,1,1.0,1,1.0,1,0.07547593571522214,67
4457,2,5918,3194,2724,0,0,0,1.0,1,1.0,1,1.0,1,0.07484503042485535,65
4458,0,5918,3194,2724,0,0,0,1.0,1,1.0,1,1.0,1,0.0697137972027657,65
4459,3,5921,3197,2724,0,0,0,1.0,1,1.0,1,1.0,1,0.09994302715601351,64
4460,1,5922,3197,2725,0,0,0,1.0,1,1.0,1,1.0,1,0.08450003521119617,63
4461,3,5925,3199,2726,0,0,0,1.0,1,1.0,1,1.0,1,0.12026255215118904,62
4462,3,5928,3201,2727,0,0,0,1.0,1,1.0,1,1.0,1,0.12848991393654854,61
4463,3,5931,3203,2728,0,0,0,1.0,1,1.0,1,1.0,1,0.16939322107331345,61
4464,0,5931,3203,2728,0,0,0,1.0,1,1.0,1,1.0,1,0.1750302589311124,58
4465,5,5936,3204,2732,0,0,0,1.0,1,1.0,1,1.0,1,0.1499352931873251,57
4466,3,5939,3205,2734,0,0,0,1.0,1,1.0,1,1.0,1,0.18067838738914452,54
4467,1,5940,3205,2735,0,0,0,1.0,1,1.0,1,1.0,1,0.14067930429241135,52
4468,4,5944,3206,2738,0,0,0,1.0,1,1.0,1,1.0,1,0.10586508459683235,52
4469,1,5945,3207,2738,0,0,0,1.0,1,1.0,1,1.0,1,0.11026504784070876,51
4470,0,5945,3207,2738,0,0,0,1.0,1,1.0,1,1.0,1,0.11122224927236819,51
4471,1,5946,3208,2738,0,0,0,1.0,1,1.0,1,1.0,1,0.13191940120152576,50
4472,0,5946,3208,2738,0,0,0,1.0,1,1.0,1,1.0,1,0.14763709458817081,48
4473,1,5947,3208,2739,0,0,0,1.0,1,1.0,1,1.0,1,0.1302970033354659,47
4474,2,5949,3209,2740,0,0,0,1.0,1,1.0,1,1.0,1,0.11656150081821363,49
4475,1,5950,3209,2741,0,0,0,1.0,1,1.0,1,1.0,1,0.1407344427748101,47
4476,0,5950,3209,2741,0,0,0,1.0,1,1.0,1,1.0,1,0.12270440230119709,49
4477,4,5954,3210,2744,0,0,0,1.0,1,1.0,1,1.0,1,0.1298870103152536,48
4478,1,5955,3210,2745,0,0,0,1.0,1,1.0,1,1.0,1,0.12131287291280193,48
4479,1,5956,3211,2745,0,0,0,1.0,1,1.0,1,1.0,1,0.1515694507198939,48
4480,2,5958,3211,2747,0,0,0,1.0,1,1.0,1,1.0,1,0.13662753522110127,49
4481,0,5958,3211,2747,0,0,0,1.0,1,1.0,1,1.0,1,0.17384260225206122,49
4482,1,5959,3212,2747,0,0,0,1.0,1,1.0,1,1.0,1,0.16634581831446457,49
4483,1,5960,3212,2748,0,0,0,1.0,1,1.0,1,1.0,1,0.1302866074428744,50
4484,2,5962,3214,2748,0,0,0,1.0,1,1.0,1,1.0,1,0.12781115802649998,52
4485,1,5963,3214,2749,0,0,0,1.0,1,1.0,1,1.0,1,0.11579452297955786,53
4486,5,5968,3217,2751,0,0,0,1.0,1,1.0,1,1.0,1,0.0950960864105234,55
4487,3,5971,3219,2752,0,0,0,1.0,1,1.0,1,1.0,1,0.09453483677322704,55
4488,2,5973,3220,2753,0,0,0,1.0,1,1.0,1,1.0,1,0.1245445838553607,54
4489,2,5975,3220,2755,0,0,0,1.0,1,1.0,1,1.0,1,0.11457158025046783,53
4490,0,5975,3220,2755,0,0,0,1.0,1,1.0,1,1.0,1,0.11457158025046783,53
4491,0,5975,3220,2755,0,0,0,1.0,1,1.0,1,1.0,1,0.13020456211351125,52
4492,2,5977,3220,2757,0,0,0,1.0,1,1.0,1,1.0,1,0.1049487399166946,52
4493,1,5978,3221,2757,0,0,0,1.0,1,1.0,1,1.0,1,0.11968269070804667,52
4494,0,5978,3221,2757,0,0,0,1.0,1,1.0,1,1.0,1,0.13037218490915198,53
4495,3,5981,3224,2757,0,0,0,1.0,1,1.0,1,1.0,1,0.15669235875662754,50
4496,3,5984,3225,2759,0,0,0,1.0,1,1.0,1,1.0,1,0.14067707953711703,51
4497,2,5986,3227,2759,0,0,0,1.0,1,1.0,1,1.0,1,0.13128240957389034,50
4498,2,5988,3227,2761,0,0,0,1.0,1,1.0,1,1.0,1,0.09299591461560525,49
4499,1,5989,3228,2761,0,0,0,1.0,1,1.0,1,1.0,1,0.10315386682518031,48
4500,3,5992,3230,2762,0,0,0,1.0,1,1.0,1,1.0,1,0.07979329675788514,48
4501,0,5992,3230,2762,0,0,0,1.0,1,1.0,1,1.0,1,0.07979329675788514,48
4502,3,5995,3232,2763,0,0,0,1.0,1,1.0,1,1.0,1,0.11187040084605199,49
4503,2,5997,3234,2763,0,0,0,1.0,1,1.0,1,1.0,1,0.1607801817688168,49
4504,1,5998,3234,2764,0,0,0,1.0,1,1.0,1,1.0,1,0.14287284955424706,45
4505,0,5998,3234,2764,0,0,0,1.0,1,1.0,1,1.0,1,0.1399011063366797,46
4506,2,6000,3236,2764,0,0,0,1.0,1,1.0,1,1.0,1,0.19914795502875254,45
4507,4,6004,3236,2768,0,0,0,1.0,1,1.0,1,1.0,1,0.14988955688512037,45
4508,2,6006,3237,2769,0,0,0,1.0,1,1.0,1,1.0,1,0.13823343465231522,43
4509,3,6009,3238,2771,0,0,0,1.0,1,1.0,1,1.0,1,0.1105752337907098,41
4510,2,6011,3239,2772,0,0,0,1.0,1,1.0,1,1.0,1,0.10932407350727338,42
4511,1,6012,3240,2772,0,0,0,1.0,1,1.0,1,1.0,1,0.14125769068830168,41
4512,0,6012,3240,2772,0,0,0,1.0,1,1.0,1,1.0,1,0.14125769068830168,41
4513,1,6013,3240,2773,0,0,0,1.0,1,1.0,1,1.0,1,0.12281838944243663,41
4514,3,6016,3242,2774,0,0,0,1.0,1,1.0,1,1.0,1,0.09315972960668008,42
4515,1,6017,3242,2775,0,0,0,1.0,1,1.0,1,1.0,1,0.12577729706196977,41
4516,3,6020,3244,2776,0,0,0,1.0,1,1.0,1,1.0,1,0.10034711144542757,42
4517,1,6021,3244,2777,0,0,0,1.0,1,1.0,1,1.0,1,0.089104598257984,43
4518,0,6021,3244,2777,0,0,0,1.0,1,1.0,1,1.0,1,0.1113966730250955,42
4519,1,6022,3245,2777,0,0,0,1.0,1,1.0,1,1.0,1,0.1567500762790883,42
4520,1,6023,3245,2778,0,0,0,1.0,1,1.0,1,1.0,1,0.18145196061940544,42
4521,0,6023,3245,2778,0,0,0,1.0,1,1.0,1,1.0,1,0.18145196061940544,42
4522,2,6025,3247,2778,0,0,0,1.0,1,1.0,1,1.0,1,0.15846911117898685,42
4523,0,6025,3247,2778,0,0,0,1.0,1,1.0,1,1.0,1,0.15846911117898685,42
4524,2,6027,3249,2778,0,0,0,1.0,1,1.0,1,1.0,1,0.14538588441239322,43
4525,4,6031,3251,2780,0,0,0,1.0,1,1.0,1,1.0,1,0.06892038321598763,46
4526,3,6034,3254,2780,0,0,0,1.0,1,1.0,1,1.0,1,0.04983266230800357,46
4527,1,6035,3255,2780,0,0,0,1.0,1,1.0,1,1.0,1,0.05276908865490119,47
4528,1,6036,3255,2781,0,0,0,1.0,1,1.0,1,1.0,1,0.04724710592265496,49
4529,1,6037,3256,2781,0,0,0,1.0,1,1.0,1,1.0,1,0.04733359435574134,50
4530,2,6039,3257,2782,0,0,0,1.0,1,1.0,1,1.0,1,0.032101340805790246,51
4531,2,6041,3259,2782,0,0,0,1.0,1,1.0,1,1.0,1,0.057844915280245886,51
4532,0,6041,3259,2782,0,0,0,1.0,1,1.0,1,1.0,1,0.057844915280245886,51
4533,2,6043,3261,2782,0,0,0,1.0,1,1.0,1,1.0,1,0.09542643210552718,50
4534,2,6045,3262,2783,0,0,0,1.0,1,1.0,1,1.0,1,0.07512657737544404,51
4535,3,6048,3264,2784,0,0,0,1.0,1,1.0,1,1.0,1,0.0886518132278424,50
4536,0,6048,3264,2784,0,0,0,1.0,1,1.0,1,1.0,1,0.09079157059295474,48
4537,2,6050,3265,2785,0,0,0,1.0,1,1.0,1,1.0,1,0.12032885063057219,49
4538,0,6050,3265,2785,0,0,0,1.0,1,1.0,1,1.0,1,0.11555426089485299,48
4539,1,6051,3265,2786,0,0,0,1.0,1,1.0,1,1.0,1,0.11865472187612357,50
4540,2,6053,3266,2787,0,0,0,1.0,1,1.0,1,1.0,1,0.08524471314237801,49
4541,1,6054,3266,2788,0,0,0,1.0,1,1.0,1,1.0,1,0.06329108501018149,49
4542,0,6054,3266,2788,0,0,0,1.0,1,1.0,1,1.0,1,0.09075001248050733,47
4543,1,6055,3266,2789,0,0,0,1.0,1,1.0,1,1.0,1,0.09003861110503067,45
4544,1,6056,3267,2789,0,0,0,1.0,1,1.0,1,1.0,1,0.10449214985753252,45
4545,1,6057,3268,2789,0,0,0,1.0,1,1.0,1,1.0,1,0.1067386348269927,43
4546,1,6058,3269,2789,0,0,0,1.0,1,1.0,1,1.0,1,0.09624848532569133,43
4547,0,6058,3269,2789,0,0,0,1.0,1,1.0,1,1.0,1,0.11603248354932334,41
4548,0,6058,3269,2789,0,0,0,1.0,1,1.0,1,1.0,1,0.10968699567800937,42
4549,2,6060,3271,2789,0,0,0,1.0,1,1.0,1,1.0,1,0.09382494463293517,41
4550,3,6063,3274,2789,0,0,0,1.0,1,1.0,1,1.0,1,0.12049763014397384,41
4551,0,6063,3274,2789,0,0,0,1.0,1,1.0,1,1.0,1,0.09874095279788969,39
4552,0,6063,3274,2789,0,0,0,1.0,1,1.0,1,1.0,1,0.10427835578868368,38
4553,0,6063,3274,2789,0,0,0,1.0,1,1.0,1,1.0,1,0.11636697138006602,39
4554,0,6063,3274,2789,0,0,0,1.0,1,1.0,1,1.0,1,0.12363323136328624,38
4555,0,6063,3274,2789,0,0,0,1.0,1,1.0,1,1.0,1,0.13184681450863325,37
4556,5,6068,3277,2791,0,0,0,1.0,1,1.0,1,1.0,1,0.11125813687236923,36
4557,0,6068,3277,2791,0,0,0,1.0,1,1.0,1,1.0,1,0.11544347248133599,38
4558,1,6069,3278,2791,0,0,0,1.0,1,1.0,1,1.0,1,0.13125939875988835,39
4559,3,6072,3280,2792,0,0,0,1.0,1,1.0,1,1.0,1,0.17584437442083528,38
4560,2,6074,3281,2793,0,0,0,1.0,1,1.0,1,1.0,1,0.18104667398292804,41
4561,0,6074,3281,2793,0,0,0,1.0,1,1.0,1,1.0,1,0.18104667398292804,41
4562,3,6077,3282,2795,0,0,0,1.0,1,1.0,1,1.0,1,0.1674987510620318,43
4563,0,6077,3282,2795,0,0,0,1.0,1,1.0,1,1.0,1,0.1525339311593955,42
4564,1,6078,3282,2796,0,0,0,1.0,1,1.0,1,1.0,1,0.14692182380906654,43
4565,1,6079,3282,2797,0,0,0,1.0,1,1.0,1,1.0,1,0.15245554126738028,44
4566,1,6080,3283,2797,0,0,0,1.0,1,1.0,1,1.0,1,0.11418057220205494,45
4567,4,6084,3286,2798,0,0,0,1.0,1,1.0,1,1.0,1,0.13835405713831908,47
4568,2,6086,3287,2799,0,0,0,1.0,1,1.0,1,1.0,1,0.09269152479307541,47
4569,1,6087,3288,2799,0,0,0,1.0,1,1.0,1,1.0,1,0.08521332147409952,49
4570,1,6088,3289,2799,0,0,0,1.0,1,1.0,1,1.0,1,0.10373636549430638,49
4571,2,6090,3291,2799,0,0,0,1.0,1,1.0,1,1.0,1,0.11000476650565927,48
4572,1,6091,3292,2799,0,0,0,1.0,1,1.0,1,1.0,1,0.12292339175145982,48
4573,2,6093,3294,2799,0,0,0,1.0,1,1.0,1,1.0,1,0.1509544532126081,48
4574,2,6095,3296,2799,0,0,0,1.0,1,1.0,1,1.0,1,0.18005278924959248,50
4575,1,6096,3296,2800,0,0,0,1.0,1,1.0,1,1.0,1,0.14539021655693182,51
4576,1,6097,3296,2801,0,0,0,1.0,1,1.0,1,1.0,1,0.1314800957331911,48
4577,0,6097,3296,2801,0,0,0,1.0,1,1.0,1,1.0,1,0.12706826032807492,47
4578,1,6098,3297,2801,0,0,0,1.0,1,1.0,1,1.0,1,0.11984976816537607,46
4579,0,6098,3297,2801,0,0,0,1.0,1,1.0,1,1.0,1,0.11820686063370814,46
4580,0,6098,3297,2801,0,0,0,1.0,1,1.0,1,1.0,1,0.1032451446512668,47
4581,1,6099,3298,2801,0,0,0,1.0,1,1.0,1,1.0,1,0.12846291090554585,47
4582,0,6099,3298,2801,0,0,0,1.0,1,1.0,1,1.0,1,0.13134748496393525,48
4583,0,6099,3298,2801,0,0,0,1.0,1,1.0,1,1.0,1,0.13134748496393525,48
4584,1,6100,3298,2802,0,0,0,1.0,1,1.0,1,1.0,1,0.12788624952252758,50
4585,1,6101,3299,2802,0,0,0,1.0,1,1.0,1,1.0,1,0.1510039123062005,50
4586,0,6101,3299,2802,0,0,0,1.0,1,1.0,1,1.0,1,0.1510039123062005,50
4587,0,6101,3299,2802,0,0,0,1.0,1,1.0,1,1.0,1,0.1510039123062005,50
4588,0,6101,3299,2802,0,0,0,1.0,1,1.0,1,1.0,1,0.1510039123062005,50
4589,0,6101,3299,2802,0,0,0,1.0,1,1.0,1,1.0,1,0.14721756107412545,52
4590,0,6101,3299,2802,0,0,0,1.0,1,1.0,1,1.0,1,0.14721756107412545,52
4591,1,6102,3299,2803,0,0,0,1.0,1,1.0,1,1.0,1,0.1385361202907861,53
4592,0,6102,3299,2803,0,0,0,1.0,1,1.0,1,1.0,1,0.15213209725522742,54
4593,2,6104,3301,2803,0,0,0,1.0,1,1.0,1,1.0,1,0.18085385858970918,56
4594,1,6105,3301,2804,0,0,0,1.0,1,1.0,1,1.0,1,0.1831547582276765,57
4595,0,6105,3301,2804,0,0,0,1.0,1,1.0,1,1.0,1,0.17285110323076577,56
4596,0,6105,3301,2804,0,0,0,1.0,1,1.0,1,1.0,1,0.17285110323076577,56
4597,2,6107,3303,2804,0,0,0,1.0,1,1.0,1,1.0,1,0.17221459730213043,56
4598,2,6109,3305,2804,0,0,0,1.0,1,1.0,1,1.0,1,0.20232911599619388,57
4599,0,6109,3305,2804,0,0,0,1.0,1,1.0,1,1.0,1,0.174945929638277,59
4600,0,6109,3305,2804,0,0,0,1.0,1,1.0,1,1.0,1,0.17620743666321187,60
4601,1,6110,3306,2804,0,0,0,1.0,1,1.0,1,1.0,1,0.18521955832149417,60
4602,1,6111,3306,2805,0,0,0,1.0,1,1.0,1,1.0,1,0.1651489443655743,62
4603,0,6111,3306,2805,0,0,0,1.0,1,1.0,1,1.0,1,0.1651489443655743,62
4604,1,6112,3307,2805,0,0,0,1.0,1,1.0,1,1.0,1,0.16640526651574905,63
4605,0,6112,3307,2805,0,0,0,1.0,1,1.0,1,1.0,1,0.16640526651574905,63
4606,0,6112,3307,2805,0,0,0,1.0,1,1.0,1,1.0,1,0.17414135138660713,64
4607,2,6114,3308,2806,0,0,0,1.0,1,1.0,1,1.0,1,0.16761427985805805,65
4608,1,6115,3309,2806,0,0,0,1.0,1,1.0,1,1.0,1,0.185793604846877,66
4609,1,6116,3310,2806,0,0,0,1.0,1,1.0,1,1.0,1,0.19816212992395632,65
4610,1,6117,3310,2807,0,0,0,1.0,1,1.0,1,1.0,1,0.1706646238897229,63
4611,5,6122,3314,2808,0,0,0,1.0,1,1.0,1,1.0,1,0.19751314936109443,64
4612,2,6124,3314,2810,0,0,0,1.0,1,1.0,1,1.0,1,0.16503696976034082,62
4613,1,6125,3315,2810,0,0,0,1.0,1,1.0,1,1.0,1,0.18536626151569202,63
4614,3,6128,3315,2813,0,0,0,1.0,1,1.0,1,1.0,1,0.13363479603622894,61
4615,2,6130,3316,2814,0,0,0,1.0,1,1.0,1,1.0,1,0.11918034994432604,59
4616,1,6131,3316,2815,0,0,0,1.0,1,1.0,1,1.0,1,0.10330373780634183,58
4617,1,6132,3317,2815,0,0,0,1.0,1,1.0,1,1.0,1,0.12143790597086536,58
4618,3,6135,3318,2817,0,0,0,1.0,1,1.0,1,1.0,1,0.141389859633464,57
4619,4,6139,3320,2819,0,0,0,1.0,1,1.0,1,1.0,1,0.17097142410689153,57
4620,0,6139,3320,2819,0,0,0,1.0,1,1.0,1,1.0,1,0.17097142410689153,57
4621,4,6143,3321,2822,0,0,0,1.0,1,1.0,1,1.0,1,0.15948821731287977,59
4622,1,6144,3321,2823,0,0,0,1.0,1,1.0,1,1.0,1,0.15300666476960456,60
4623,1,6145,3321,2824,0,0,0,1.0,1,1.0,1,1.0,1,0.16389962151011317,59
4624,2,6147,3323,2824,0,0,0,1.0,1,1.0,1,1.0,1,0.20604255936399815,59
4625,2,6149,3324,2825,0,0,0,1.0,1,1.0,1,1.0,1,0.19544630123962728,57
4626,2,6151,3326,2825,0,0,0,1.0,1,1.0,1,1.0,1,0.21780600738224468,56
4627,2,6153,3326,2827,0,0,0,1.0,1,1.0,1,1.0,1,0.20224780146432697,56
4628,0,6153,3326,2827,0,0,0,1.0,1,1.0,1,1.0,1,0.19565892706445195,56
4629,2,6155,3327,2828,0,0,0,1.0,1,1.0,1,1.0,1,0.23498821102211853,56
4630,1,6156,3327,2829,0,0,0,1.0,1,1.0,1,1.0,1,0.217919744048283,57
4631,0,6156,3327,2829,0,0,0,1.0,1,1.0,1,1.0,1,0.2544017256084409,56
4632,2,6158,3328,2830,0,0,0,1.0,1,1.0,1,1.0,1,0.2852756246107873,57
4633,1,6159,3328,2831,0,0,0,1.0,1,1.0,1,1.0,1,0.2623497886398755,58
4634,0,6159,3328,2831,0,0,0,1.0,1,1.0,1,1.0,1,0.2623497886398755,58
4635,0,6159,3328,2831,0,0,0,1.0,1,1.0,1,1.0,1,0.2513574843282056,59
4636,0,6159,3328,2831,0,0,0,1.0,1,1.0,1,1.0,1,0.23271545700935542,60
4637,3,6162,3330,2832,0,0,0,1.0,1,1.0,1,1.0,1,0.20558325467593877,60
4638,1,6163,3330,2833,0,0,0,1.0,1,1.0,1,1.0,1,0.21101504527054887,61
4639,3,6166,3332,2834,0,0,0,1.0,1,1.0,1,1.0,1,0.19310586590194315,62
4640,0,6166,3332,2834,0,0,0,1.0,1,1.0,1,1.0,1,0.20448216938342986,63
4641,4,6170,3334,2836,0,0,0,1.0,1,1.0,1,1.0,1,0.17063181033580965,63
4642,1,6171,3334,2837,0,0,0,1.0,1,1.0,1,1.0,1,0.17642776657170386,62
4643,3,6174,3335,2839,0,0,0,1.0,1,1.0,1,1.0,1,0.1710282897359454,63
4644,2,6176,3335,2841,0,0,0,1.0,1,1.0,1,1.0,1,0.1726291140197645,62
4645,4,6180,3336,2844,0,0,0,1.0,1,1.0,1,1.0,1,0.1658266913206011,63
4646,3,6183,3338,2845,0,0,0,1.0,1,1.0,1,1.0,1,0.1910866769366774,63
4647,3,6186,3339,2847,0,0,0,1.0,1,1.0,1,1.0,1,0.18654134903111338,62
4648,3,6189,3340,2849,0,0,0,1.0,1,1.0,1,1.0,1,0.19602951805290073,63
4649,2,6191,3340,2851,0,0,0,1.0,1,1.0,1,1.0,1,0.16390270915050528,61
4650,0,6191,3340,2851,0,0,0,1.0,1,1.0,1,1.0,1,0.14039469086956982,63
4651,1,6192,3340,2852,0,0,0,1.0,1,1.0,1,1.0,1,0.13207610974546677,62
4652,0,6192,3340,2852,0,0,0,1.0,1,1.0,1,1.0,1,0.11768990547751478,59
4653,1,6193,3340,2853,0,0,0,1.0,1,1.0,1,1.0,1,0.11170692520224804,60
4654,0,6193,3340,2853,0,0,0,1.0,1,1.0,1,1.0,1,0.11270185556770973,60
4655,1,6194,3341,2853,0,0,0,1.0,1,1.0,1,1.0,1,0.12999443006990427,60
4656,4,6198,3343,2855,0,0,0,1.0,1,1.0,1,1.0,1,0.16786372009912034,61
4657,1,6199,3343,2856,0,0,0,1.0,1,1.0,1,1.0,1,0.15539893015715037,62
4658,2,6201,3345,2856,0,0,0,1.0,1,1.0,1,1.0,1,0.18050695960211627,62
4659,0,6201,3345,2856,0,0,0,1.0,1,1.0,1,1.0,1,0.17106079914580316,61
4660,3,6204,3347,2857,0,0,0,1.0,1,1.0,1,1.0,1,0.22269114546093127,61
4661,0,6204,3347,2857,0,0,0,1.0,1,1.0,1,1.0,1,0.2220603492947597,61
4662,0,6204,3347,2857,0,0,0,1.0,1,1.0,1,1.0,1,0.21054870681512325,62
4663,1,6205,3347,2858,0,0,0,1.0,1,1.0,1,1.0,1,0.2077837440201732,61
4664,2,6207,3347,2860,0,0,0,1.0,1,1.0,1,1.0,1,0.2017034166214099,62
4665,0,6207,3347,2860,0,0,0,1.0,1,1.0,1,1.0,1,0.21171756337659015,61
4666,3,6210,3348,2862,0,0,0,1.0,1,1.0,1,1.0,1,0.20484573678488174,61
4667,1,6211,3349,2862,0,0,0,1.0,1,1.0,1,1.0,1,0.21214143939861152,59
4668,3,6214,3350,2864,0,0,0,1.0,1,1.0,1,1.0,1,0.21222673527225538,59
4669,3,6217,3350,2867,0,0,0,1.0,1,1.0,1,1.0,1,0.20917372674808626,58
4670,2,6219,3351,2868,0,0,0,1.0,1,1.0,1,1.0,1,0.2084463671117998,57
4671,0,6219,3351,2868,0,0,0,1.0,1,1.0,1,1.0,1,0.22681623967476444,55
4672,4,6223,3353,2870,0,0,0,1.0,1,1.0,1,1.0,1,0.2228037219983456,56
4673,2,6225,3353,2872,0,0,0,1.0,1,1.0,1,1.0,1,0.18691265480711566,58
4674,2,6227,3354,2873,0,0,0,1.0,1,1.0,1,1.0,1,0.2018780554889284,58
4675,3,6230,3354,2876,0,0,0,1.0,1,1.0,1,1.0,1,0.20673094162487424,57
4676,0,6230,3354,2876,0,0,0,1.0,1,1.0,1,1.0,1,0.21528863702922685,58
4677,1,6231,3354,2877,0,0,0,1.0,1,1.0,1,1.0,1,0.2203147292279154,57
4678,2,6233,3354,2879,0,0,0,1.0,1,1.0,1,1.0,1,0.20246190520110033,57
4679,0,6233,3354,2879,0,0,0,1.0,1,1.0,1,1.0,1,0.20246190520110033,57
4680,1,6234,3354,2880,0,0,0,1.0,1,1.0,1,1.0,1,0.19695537991911852,59
4681,1,6235,3354,2881,0,0,0,1.0,1,1.0,1,1.0,1,0.1886211234655253,60
4682,0,6235,3354,2881,0,0,0,1.0,1,1.0,1,1.0,1,0.1886211234655253,60
4683,4,6239,3355,2884,0,0,0,1.0,1,1.0,1,1.0,1,0.1562285483756628,60
4684,1,6240,3356,2884,0,0,0,1.0,1,1.0,1,1.0,1,0.17577031739434654,60
4685,2,6242,3357,2885,0,0,0,1.0,1,1.0,1,1.0,1,0.17817792910745014,59
4686,3,6245,3359,2886,0,0,0,1.0,1,1.0,1,1.0,1,0.17780883904651648,60
4687,2,6247,3360,2887,0,0,0,1.0,1,1.0,1,1.0,1,0.18151899383938275,59
4688,1,6248,3361,2887,0,0,0,1.0,1,1.0,1,1.0,1,0.2051794755832528,59
4689,3,6251,3362,2889,0,0,0,1.0,1,1.0,1,1.0,1,0.21379955583708585,59
4690,3,6254,3363,2891,0,0,0,1.0,1,1.0,1,1.0,1,0.1832651106935105,58
4691,0,6254,3363,2891,0,0,0,1.0,1,1.0,1,1.0,1,0.18224728706634566,57
4692,0,6254,3363,2891,0,0,0,1.0,1,1.0,1,1.0,1,0.1775646407872045,58
4693,1,6255,3363,2892,0,0,0,1.0,1,1.0,1,1.0,1,0.1685432435343294,57
4694,2,6257,3363,2894,0,0,0,1.0,1,1.0,1,1.0,1,0.14162715893038402,57
4695,1,6258,3363,2895,0,0,0,1.0,1,1.0,1,1.0,1,0.14133210905357854,56
4696,1,6259,3364,2895,0,0,0,1.0,1,1.0,1,1.0,1,0.1558674600154702,57
4697,1,6260,3364,2896,0,0,0,1.0,1,1.0,1,1.0,1,0.13837162273294254,58
4698,2,6262,3364,2898,0,0,0,1.0,1,1.0,1,1.0,1,0.08727146796374605,59
4699,0,6262,3364,2898,0,0,0,1.0,1,1.0,1,1.0,1,0.10054817223133468,58
4700,0,6262,3364,2898,0,0,0,1.0,1,1.0,1,1.0,1,0.0816758842130708,59
4701,0,6262,3364,2898,0,0,0,1.0,1,1.0,1,1.0,1,0.09071770732811664,60
4702,0,6262,3364,2898,0,0,0,1.0,1,1.0,1,1.0,1,0.09912285156938824,61
4703,1,6263,3365,2898,0,0,0,1.0,1,1.0,1,1.0,1,0.12859373828340584,59
4704,1,6264,3365,2899,0,0,0,1.0,1,1.0,1,1.0,1,0.12384492700144452,58
4705,5,6269,3368,2901,0,0,0,1.0,1,1.0,1,1.0,1,0.12307525674804236,58
4706,3,6272,3370,2902,0,0,0,1.0,1,1.0,1,1.0,1,0.15522826286272096,60
4707,0,6272,3370,2902,0,0,0,1.0,1,1.0,1,1.0,1,0.16503580394700829,57
4708,3,6275,3372,2903,0,0,0,1.0,1,1.0,1,1.0,1,0.19373031752830322,57
4709,2,6277,3374,2903,0,0,0,1.0,1,1.0,1,1.0,1,0.2317351413519139,55
4710,1,6278,3375,2903,0,0,0,1.0,1,1.0,1,1.0,1,0.243086253097949,53
4711,1,6279,3375,2904,0,0,0,1.0,1,1.0,1,1.0,1,0.22010743469554814,52
4712,0,6279,3375,2904,0,0,0,1.0,1,1.0,1,1.0,1,0.2198303095248561,52
4713,2,6281,3376,2905,0,0,0,1.0,1,1.0,1,1.0,1,0.23063508761368637,51
4714,1,6282,3376,2906,0,0,0,1.0,1,1.0,1,1.0,1,0.22216058158663532,50
4715,2,6284,3376,2908,0,0,0,1.0,1,1.0,1,1.0,1,0.1626083524312339,50
4716,1,6285,3377,2908,0,0,0,1.0,1,1.0,1,1.0,1,0.19525131698048548,49
4717,4,6289,3378,2911,0,0,0,1.0,1,1.0,1,1.0,1,0.17851559147809226,49
4718,0,6289,3378,2911,0,0,0,1.0,1,1.0,1,1.0,1,0.179240362890903,50
4719,1,6290,3378,2912,0,0,0,1.0,1,1.0,1,1.0,1,0.1746089066553883,49
4720,2,6292,3378,2914,0,0,0,1.0,1,1.0,1,1.0,1,0.12995535885107998,49
4721,0,6292,3378,2914,0,0,0,1.0,1,1.0,1,1.0,1,0.12386960814089679,50
4722,1,6293,3378,2915,0,0,0,1.0,1,1.0,1,1.0,1,0.12849202150772024,51
4723,0,6293,3378,2915,0,0,0,1.0,1,1.0,1,1.0,1,0.09659671271704653,50
4724,2,6295,3380,2915,0,0,0,1.0,1,1.0,1,1.0,1,0.1342658575671943,50
4725,2,6297,3380,2917,0,0,0,1.0,1,1.0,1,1.0,1,0.11964956772073174,52
4726,1,6298,3381,2917,0,0,0,1.0,1,1.0,1,1.0,1,0.15180596069487903,51
4727,1,6299,3382,2917,0,0,0,1.0,1,1.0,1,1.0,1,0.164933954400837,52
4728,1,6300,3383,2917,0,0,0,1.0,1,1.0,1,1.0,1,0.1749901088238959,52
4729,0,6300,3383,2917,0,0,0,1.0,1,1.0,1,1.0,1,0.1749901088238959,52
4730,1,6301,3383,2918,0,0,0,1.0,1,1.0,1,1.0,1,0.18133290931957416,50
4731,3,6304,3386,2918,0,0,0,1.0,1,1.0,1,1.0,1,0.2106275796693228,51
4732,1,6305,3386,2919,0,0,0,1.0,1,1.0,1,1.0,1,0.19897578226829082,52
4733,7,6312,3389,2923,0,0,0,1.0,1,1.0,1,1.0,1,0.2593773100777928,53
4734,2,6314,3389,2925,0,0,0,1.0,1,1.0,1,1.0,1,0.2596383219402602,53
4735,2,6316,3390,2926,0,0,0,1.0,1,1.0,1,1.0,1,0.2602043412969442,53
4736,1,6317,3391,2926,0,0,0,1.0,1,1.0,1,1.0,1,0.2778612601221048,55
4737,0,6317,3391,2926,0,0,0,1.0,1,1.0,1,1.0,1,0.2665931743706117,57
4738,0,6317,3391,2926,0,0,0,1.0,1,1.0,1,1.0,1,0.2665931743706117,57
4739,0,6317,3391,2926,0,0,0,1.0,1,1.0,1,1.0,1,0.2665931743706117,57
4740,1,6318,3391,2927,0,0,0,1.0,1,1.0,1,1.0,1,0.23865228086154006,57
4741,0,6318,3391,2927,0,0,0,1.0,1,1.0,1,1.0,1,0.24489382449717115,58
4742,1,6319,3392,2927,0,0,0,1.0,1,1.0,1,1.0,1,0.2534290421736039,58
4743,1,6320,3392,2928,0,0,0,1.0,1,1.0,1,1.0,1,0.2150752160378854,56
4744,0,6320,3392,2928,0,0,0,1.0,1,1.0,1,1.0,1,0.20482533529007352,57
4745,3,6323,3394,2929,0,0,0,1.0,1,1.0,1,1.0,1,0.1990591022515118,56
4746,1,6324,3395,2929,0,0,0,1.0,1,1.0,1,1.0,1,0.20938233915187637,56
4747,1,6325,3396,2929,0,0,0,1.0,1,1.0,1,1.0,1,0.1896935804263167,55
4748,1,6326,3397,2929,0,0,0,1.0,1,1.0,1,1.0,1,0.19845423348776287,55
4749,1,6327,3397,2930,0,0,0,1.0,1,1.0,1,1.0,1,0.17716129025110303,54
4750,1,6328,3398,2930,0,0,0,1.0,1,1.0,1,1.0,1,0.16335982292536863,53
4751,0,6328,3398,2930,0,0,0,1.0,1,1.0,1,1.0,1,0.19389215056798406,53
4752,1,6329,3399,2930,0,0,0,1.0,1,1.0,1,1.0,1,0.18240732352736883,53
4753,0,6329,3399,2930,0,0,0,1.0,1,1.0,1,1.0,1,0.20517829141041408,52
4754,2,6331,3399,2932,0,0,0,1.0,1,1.0,1,1.0,1,0.15477187391337802,52
4755,2,6333,3399,2934,0,0,0,1.0,1,1.0,1,1.0,1,0.11085036594628142,51
4756,2,6335,3399,2936,0,0,0,1.0,1,1.0,1,1.0,1,0.09987784081129995,52
4757,1,6336,3399,2937,0,0,0,1.0,1,1.0,1,1.0,1,0.08335696576620115,51
4758,1,6337,3399,2938,0,0,0,1.0,1,1.0,1,1.0,1,0.07367026989562625,51
4759,0,6337,3399,2938,0,0,0,1.0,1,1.0,1,1.0,1,0.07367026989562625,51
4760,1,6338,3400,2938,0,0,0,1.0,1,1.0,1,1.0,1,0.05763314691550077,52
4761,2,6340,3402,2938,0,0,0,1.0,1,1.0,1,1.0,1,0.060211503853394334,50
4762,8,6348,3407,2941,0,0,0,1.0,1,1.0,1,1.0,1,0.10906379990483939,51
4763,0,6348,3407,2941,0,0,0,1.0,1,1.0,1,1.0,1,0.10906379990483939,51
4764,5,6353,3411,2942,0,0,0,1.0,1,1.0,1,1.0,1,0.14761285664721643,53
4765,5,6358,3411,2947,0,0,0,1.0,1,1.0,1,1.0,1,0.05800531994397196,53
4766,1,6359,3412,2947,0,0,0,1.0,1,1.0,1,1.0,1,0.09244515622844898,55
4767,0,6359,3412,2947,0,0,0,1.0,1,1.0,1,1.0,1,0.07357343737668474,56
4768,0,6359,3412,2947,0,0,0,1.0,1,1.0,1,1.0,1,0.059431740598945036,56
4769,1,6360,3413,2947,0,0,0,1.0,1,1.0,1,1.0,1,0.07864636733167232,56
4770,1,6361,3414,2947,0,0,0,1.0,1,1.0,1,1.0,1,0.060950438901184845,56
4771,0,6361,3414,2947,0,0,0,1.0,1,1.0,1,1.0,1,0.0713745658493881,55
4772,1,6362,3415,2947,0,0,0,1.0,1,1.0,1,1.0,1,0.10572492643657637,56
4773,1,6363,3415,2948,0,0,0,1.0,1,1.0,1,1.0,1,0.0956199008762385,56
4774,2,6365,3415,2950,0,0,0,1.0,1,1.0,1,1.0,1,0.0559916754840374,58
4775,0,6365,3415,2950,0,0,0,1.0,1,1.0,1,1.0,1,0.05845529721504042,59
4776,0,6365,3415,2950,0,0,0,1.0,1,1.0,1,1.0,1,0.05845529721504042,59
4777,1,6366,3416,2950,0,0,0,1.0,1,1.0,1,1.0,1,0.0700038310033248,60
4778,0,6366,3416,2950,0,0,0,1.0,1,1.0,1,1.0,1,0.0700038310033248,60
4779,1,6367,3416,2951,0,0,0,1.0,1,1.0,1,1.0,1,0.06446899938439529,61
4780,2,6369,3417,2952,0,0,0,1.0,1,1.0,1,1.0,1,0.05291952217729847,63
4781,1,6370,3418,2952,0,0,0,1.0,1,1.0,1,1.0,1,0.05398368877921615,62
4782,1,6371,3419,2952,0,0,0,1.0,1,1.0,1,1.0,1,0.06900067813815457,63
4783,3,6374,3420,2954,0,0,0,1.0,1,1.0,1,1.0,1,0.03897715219758057,62
4784,0,6374,3420,2954,0,0,0,1.0,1,1.0,1,1.0,1,0.04831382382047627,62
4785,2,6376,3422,2954,0,0,0,1.0,1,1.0,1,1.0,1,0.048484893737349724,62
4786,4,6380,3426,2954,0,0,0,1.0,1,1.0,1,1.0,1,0.062514987121197,63
4787,2,6382,3428,2954,0,0,0,1.0,1,1.0,1,1.0,1,0.07189165008501518,62
4788,3,6385,3431,2954,0,0,0,1.0,1,1.0,1,1.0,1,0.12332916787741831,62
4789,7,6392,3435,2957,0,0,0,1.0,1,1.0,1,1.0,1,0.09300362158235995,60
4790,4,6396,3438,2958,0,0,0,1.0,1,1.0,1,1.0,1,0.11550152195524019,61
4791,2,6398,3439,2959,0,0,0,1.0,1,1.0,1,1.0,1,0.11272077938970611,60
4792,4,6402,3442,2960,0,0,0,1.0,1,1.0,1,1.0,1,0.09337148530999187,60
4793,3,6405,3443,2962,0,0,0,1.0,1,1.0,1,1.0,1,0.05612498686570059,61
4794,2,6407,3444,2963,0,0,0,1.0,1,1.0,1,1.0,1,0.06962929310127597,59
4795,3,6410,3445,2965,0,0,0,1.0,1,1.0,1,1.0,1,0.02977249759115888,61
4796,0,6410,3445,2965,0,0,0,1.0,1,1.0,1,1.0,1,0.06408493340884222,59
4797,2,6412,3447,2965,0,0,0,1.0,1,1.0,1,1.0,1,0.10002058303443777,58
4798,2,6414,3447,2967,0,0,0,1.0,1,1.0,1,1.0,1,0.0800241835255959,59
4799,0,6414,3447,2967,0,0,0,1.0,1,1.0,1,1.0,1,0.0745851856516583,57
4800,1,6415,3448,2967,0,0,0,1.0,1,1.0,1,1.0,1,0.10855778231389314,58
4801,4,6419,3450,2969,0,0,0,1.0,1,1.0,1,1.0,1,0.08318456538725046,57
4802,0,6419,3450,2969,0,0,0,1.0,1,1.0,1,1.0,1,0.08318456538725046,57
4803,0,6419,3450,2969,0,0,0,1.0,1,1.0,1,1.0,1,0.08152760488744644,56
4804,1,6420,3450,2970,0,0,0,1.0,1,1.0,1,1.0,1,0.07572504150036677,54
4805,1,6421,3450,2971,0,0,0,1.0,1,1.0,1,1.0,1,0.06931936537913164,56
4806,0,6421,3450,2971,0,0,0,1.0,1,1.0,1,1.0,1,0.06670166572268288,55
4807,1,6422,3450,2972,0,0,0,1.0,1,1.0,1,1.0,1,0.056616238026189356,54
4808,0,6422,3450,2972,0,0,0,1.0,1,1.0,1,1.0,1,0.07341949103020967,53
4809,0,6422,3450,2972,0,0,0,1.0,1,1.0,1,1.0,1,0.07341949103020967,53
4810,2,6424,3451,2973,0,0,0,1.0,1,1.0,1,1.0,1,0.040636754858990085,51
4811,3,6427,3453,2974,0,0,0,1.0,1,1.0,1,1.0,1,0.04626209967203528,52
4812,1,6428,3454,2974,0,0,0,1.0,1,1.0,1,1.0,1,0.061962110324010236,52
4813,0,6428,3454,2974,0,0,0,1.0,1,1.0,1,1.0,1,0.061962110324010236,52
4814,2,6430,3456,2974,0,0,0,1.0,1,1.0,1,1.0,1,0.11899700260108809,53
4815,6,6436,3461,2975,0,0,0,1.0,1,1.0,1,1.0,1,0.14087266095805615,54
4816,4,6440,3462,2978,0,0,0,1.0,1,1.0,1,1.0,1,0.09725485743562702,54
4817,4,6444,3464,2980,0,0,0,1.0,1,1.0,1,1.0,1,0.13107706334548597,55
4818,3,6447,3467,2980,0,0,0,1.0,1,1.0,1,1.0,1,0.13303048521101013,55
4819,6,6453,3468,2985,0,0,0,1.0,1,1.0,1,1.0,1,0.059766350641407014,55
4820,1,6454,3468,2986,0,0,0,1.0,1,1.0,1,1.0,1,0.046454789005321157,55
4821,1,6455,3469,2986,0,0,0,1.0,1,1.0,1,1.0,1,0.06206015575318239,55
4822,2,6457,3470,2987,0,0,0,1.0,1,1.0,1,1.0,1,0.032909144346324054,54
4823,0,6457,3470,2987,0,0,0,1.0,1,1.0,1,1.0,1,0.029561816375069667,54
4824,1,6458,3471,2987,0,0,0,1.0,1,1.0,1,1.0,1,0.02808554745962794,55
4825,1,6459,3472,2987,0,0,0,1.0,1,1.0,1,1.0,1,0.06534097037971202,53
4826,1,6460,3472,2988,0,0,0,1.0,1,1.0,1,1.0,1,0.0449823957811239,54
4827,2,6462,3474,2988,0,0,0,1.0,1,1.0,1,1.0,1,0.12718744108489993,53
4828,1,6463,3474,2989,0,0,0,1.0,1,1.0,1,1.0,1,0.09803786909312948,54
4829,0,6463,3474,2989,0,0,0,1.0,1,1.0,1,1.0,1,0.0955342932570872,54
4830,0,6463,3474,2989,0,0,0,1.0,1,1.0,1,1.0,1,0.07927405102592922,53
4831,3,6466,3475,2991,0,0,0,1.0,1,1.0,1,1.0,1,0.04897779750773607,52
4832,0,6466,3475,2991,0,0,0,1.0,1,1.0,1,1.0,1,0.04770204562757578,50
4833,0,6466,3475,2991,0,0,0,1.0,1,1.0,1,1.0,1,0.0619763325544866,51
4834,1,6467,3475,2992,0,0,0,1.0,1,1.0,1,1.0,1,0.06197467236656726,51
4835,0,6467,3475,2992,0,0,0,1.0,1,1.0,1,1.0,1,0.09748300190022763,50
4836,0,6467,3475,2992,0,0,0,1.0,1,1.0,1,1.0,1,0.07942975358882844,50
4837,3,6470,3476,2994,0,0,0,1.0,1,1.0,1,1.0,1,0.08658517438301071,46
4838,3,6473,3479,2994,0,0,0,1.0,1,1.0,1,1.0,1,0.11834796415080359,47
4839,2,6475,3481,2994,0,0,0,1.0,1,1.0,1,1.0,1,0.14254080710850456,45
4840,2,6477,3481,2996,0,0,0,1.0,1,1.0,1,1.0,1,0.11906477565273267,45
4841,2,6479,3482,2997,0,0,0,1.0,1,1.0,1,1.0,1,0.14434436543847115,43
4842,0,6479,3482,2997,0,0,0,1.0,1,1.0,1,1.0,1,0.13002845049841497,43
4843,3,6482,3483,2999,0,0,0,1.0,1,1.0,1,1.0,1,0.07643564036797865,44
4844,0,6482,3483,2999,0,0,0,1.0,1,1.0,1,1.0,1,0.0722455779240591,43
4845,1,6483,3484,2999,0,0,0,1.0,1,1.0,1,1.0,1,0.07362755647031899,44
4846,1,6484,3485,2999,0,0,0,1.0,1,1.0,1,1.0,1,0.054796877251493195,43
4847,1,6485,3486,2999,0,0,0,1.0,1,1.0,1,1.0,1,0.0684771252739091,42
4848,4,6489,3488,3001,0,0,0,1.0,1,1.0,1,1.0,1,0.08062166372145782,41
4849,3,6492,3490,3002,0,0,0,1.0,1,1.0,1,1.0,1,0.07719665323496037,41
4850,0,6492,3490,3002,0,0,0,1.0,1,1.0,1,1.0,1,0.11791938360887123,41
4851,0,6492,3490,3002,0,0,0,1.0,1,1.0,1,1.0,1,0.11791938360887123,41
4852,2,6494,3491,3003,0,0,0,1.0,1,1.0,1,1.0,1,0.13344971722441828,43
4853,0,6494,3491,3003,0,0,0,1.0,1,1.0,1,1.0,1,0.15038968937481428,44
4854,0,6494,3491,3003,0,0,0,1.0,1,1.0,1,1.0,1,0.141340546029201,45
4855,0,6494,3491,3003,0,0,0,1.0,1,1.0,1,1.0,1,0.1435699897031285,44
4856,0,6494,3491,3003,0,0,0,1.0,1,1.0,1,1.0,1,0.1435699897031285,44
4857,0,6494,3491,3003,0,0,0,1.0,1,1.0,1,1.0,1,0.15607914289904576,44
4858,2,6496,3491,3005,0,0,0,1.0,1,1.0,1,1.0,1,0.13057581469541857,45
4859,1,6497,3491,3006,0,0,0,1.0,1,1.0,1,1.0,1,0.1315500143157844,46
4860,0,6497,3491,3006,0,0,0,1.0,1,1.0,1,1.0,1,0.1315500143157844,46
4861,0,6497,3491,3006,0,0,0,1.0,1,1.0,1,1.0,1,0.11941808713290929,46
4862,1,6498,3491,3007,0,0,0,1.0,1,1.0,1,1.0,1,0.11595153518804027,47
4863,2,6500,3492,3008,0,0,0,1.0,1,1.0,1,1.0,1,0.08039459117069164,47
4864,0,6500,3492,3008,0,0,0,1.0,1,1.0,1,1.0,1,0.079633226820091,47
4865,0,6500,3492,3008,0,0,0,1.0,1,1.0,1,1.0,1,0.09404433158150385,48
4866,0,6500,3492,3008,0,0,0,1.0,1,1.0,1,1.0,1,0.08961712627258024,49
4867,0,6500,3492,3008,0,0,0,1.0,1,1.0,1,1.0,1,0.09353465391372334,50
4868,2,6502,3494,3008,0,0,0,1.0,1,1.0,1,1.0,1,0.09591795645287995,50
4869,0,6502,3494,3008,0,0,0,1.0,1,1.0,1,1.0,1,0.09591795645287995,50
4870,3,6505,3496,3009,0,0,0,1.0,1,1.0,1,1.0,1,0.09690823823848126,52
4871,0,6505,3496,3009,0,0,0,1.0,1,1.0,1,1.0,1,0.09690823823848126,52
4872,0,6505,3496,3009,0,0,0,1.0,1,1.0,1,1.0,1,0.07781821002443441,53
4873,5,6510,3498,3012,0,0,0,1.0,1,1.0,1,1.0,1,0.08511671959137236,55
4874,2,6512,3499,3013,0,0,0,1.0,1,1.0,1,1.0,1,0.0843239415632646,56
4875,2,6514,3501,3013,0,0,0,1.0,1,1.0,1,1.0,1,0.09354067615967343,55
4876,2,6516,3502,3014,0,0,0,1.0,1,1.0,1,1.0,1,0.09622610974573777,55
4877,3,6519,3504,3015,0,0,0,1.0,1,1.0,1,1.0,1,0.12644671077172562,54
4878,2,6521,3506,3015,0,0,0,1.0,1,1.0,1,1.0,1,0.14994686877657812,53
4879,4,6525,3507,3018,0,0,0,1.0,1,1.0,1,1.0,1,0.1402638773613479,54
4880,3,6528,3509,3019,0,0,0,1.0,1,1.0,1,1.0,1,0.1462678823718138,54
4881,2,6530,3510,3020,0,0,0,1.0,1,1.0,1,1.0,1,0.14352375257325234,53
4882,2,6532,3511,3021,0,0,0,1.0,1,1.0,1,1.0,1,0.14301732181148827,53
4883,0,6532,3511,3021,0,0,0,1.0,1,1.0,1,1.0,1,0.1430882098782208,53
4884,0,6532,3511,3021,0,0,0,1.0,1,1.0,1,1.0,1,0.12710798777146043,51
4885,0,6532,3511,3021,0,0,0,1.0,1,1.0,1,1.0,1,0.12964180029622416,50
4886,0,6532,3511,3021,0,0,0,1.0,1,1.0,1,1.0,1,0.14581934890665912,48
4887,0,6532,3511,3021,0,0,0,1.0,1,1.0,1,1.0,1,0.14581934890665912,48
4888,1,6533,3511,3022,0,0,0,1.0,1,1.0,1,1.0,1,0.12230983870848942,48
4889,0,6533,3511,3022,0,0,0,1.0,1,1.0,1,1.0,1,0.12230983870848942,48
4890,0,6533,3511,3022,0,0,0,1.0,1,1.0,1,1.0,1,0.11306434200161124,49
4891,1,6534,3512,3022,0,0,0,1.0,1,1.0,1,1.0,1,0.14846766803723319,50
4892,1,6535,3512,3023,0,0,0,1.0,1,1.0,1,1.0,1,0.13863291778457118,49
4893,1,6536,3512,3024,0,0,0,1.0,1,1.0,1,1.0,1,0.12947465820715623,50
4894,1,6537,3512,3025,0,0,0,1.0,1,1.0,1,1.0,1,0.10771998916527617,51
4895,1,6538,3512,3026,0,0,0,1.0,1,1.0,1,1.0,1,0.1115369729711083,52
4896,1,6539,3512,3027,0,0,0,1.0,1,1.0,1,1.0,1,0.09274856769667959,53
4897,1,6540,3512,3028,0,0,0,1.0,1,1.0,1,1.0,1,0.08477968891325546,53
4898,0,6540,3512,3028,0,0,0,1.0,1,1.0,1,1.0,1,0.08477968891325546,53
4899,2,6542,3513,3029,0,0,0,1.0,1,1.0,1,1.0,1,0.06671469854603787,55
4900,2,6544,3514,3030,0,0,0,1.0,1,1.0,1,1.0,1,0.08018398065594422,55
4901,0,6544,3514,3030,0,0,0,1.0,1,1.0,1,1.0,1,0.0937336286843342,56
4902,3,6547,3515,3032,0,0,0,1.0,1,1.0,1,1.0,1,0.11233931812506139,58
4903,2,6549,3516,3033,0,0,0,1.0,1,1.0,1,1.0,1,0.11953911677045717,58
4904,0,6549,3516,3033,0,0,0,1.0,1,1.0,1,1.0,1,0.11660141228397294,57
4905,1,6550,3517,3033,0,0,0,1.0,1,1.0,1,1.0,1,0.161394703195787,54
4906,3,6553,3517,3036,0,0,0,1.0,1,1.0,1,1.0,1,0.14937091526371502,55
4907,0,6553,3517,3036,0,0,0,1.0,1,1.0,1,1.0,1,0.1643252613971901,52
4908,1,6554,3518,3036,0,0,0,1.0,1,1.0,1,1.0,1,0.18535601040548894,53
4909,2,6556,3518,3038,0,0,0,1.0,1,1.0,1,1.0,1,0.1747147262473388,52
4910,3,6559,3520,3039,0,0,0,1.0,1,1.0,1,1.0,1,0.19588764678943804,53
4911,0,6559,3520,3039,0,0,0,1.0,1,1.0,1,1.0,1,0.19574057967693867,55
4912,3,6562,3522,3040,0,0,0,1.0,1,1.0,1,1.0,1,0.20738620590625656,54
4913,0,6562,3522,3040,0,0,0,1.0,1,1.0,1,1.0,1,0.19559345882261944,53
4914,2,6564,3523,3041,0,0,0,1.0,1,1.0,1,1.0,1,0.1679461406102399,53
4915,1,6565,3523,3042,0,0,0,1.0,1,1.0,1,1.0,1,0.1599114080199318,54
4916,2,6567,3523,3044,0,0,0,1.0,1,1.0,1,1.0,1,0.1301364615206852,52
4917,1,6568,3524,3044,0,0,0,1.0,1,1.0,1,1.0,1,0.13128453688869404,52
4918,2,6570,3524,3046,0,0,0,1.0,1,1.0,1,1.0,1,0.0876983422700171,51
4919,1,6571,3525,3046,0,0,0,1.0,1,1.0,1,1.0,1,0.12672949011097254,50
4920,1,6572,3525,3047,0,0,0,1.0,1,1.0,1,1.0,1,0.10794837812291606,51
4921,0,6572,3525,3047,0,0,0,1.0,1,1.0,1,1.0,1,0.10794837812291606,51
4922,2,6574,3526,3048,0,0,0,1.0,1,1.0,1,1.0,1,0.1356105182344159,53
4923,1,6575,3526,3049,0,0,0,1.0,1,1.0,1,1.0,1,0.12315565954848755,53
4924,2,6577,3526,3051,0,0,0,1.0,1,1.0,1,1.0,1,0.10815909766020754,55
4925,1,6578,3527,3051,0,0,0,1.0,1,1.0,1,1.0,1,0.09261643075500588,56
4926,0,6578,3527,3051,0,0,0,1.0,1,1.0,1,1.0,1,0.07737551285151842,55
4927,3,6581,3529,3052,0,0,0,1.0,1,1.0,1,1.0,1,0.08161836851595015,55
4928,0,6581,3529,3052,0,0,0,1.0,1,1.0,1,1.0,1,0.08161836851595015,55
4929,0,6581,3529,3052,0,0,0,1.0,1,1.0,1,1.0,1,0.07691681147089877,56
4930,2,6583,3529,3054,0,0,0,1.0,1,1.0,1,1.0,1,0.06768744096703129,58
4931,0,6583,3529,3054,0,0,0,1.0,1,1.0,1,1.0,1,0.06309907556938209,59
4932,0,6583,3529,3054,0,0,0,1.0,1,1.0,1,1.0,1,0.07753395246895146,60
4933,2,6585,3530,3055,0,0,0,1.0,1,1.0,1,1.0,1,0.09124991503751154,60
4934,1,6586,3531,3055,0,0,0,1.0,1,1.0,1,1.0,1,0.10947042470330108,60
4935,0,6586,3531,3055,0,0,0,1.0,1,1.0,1,1.0,1,0.10947042470330108,60
4936,2,6588,3532,3056,0,0,0,1.0,1,1.0,1,1.0,1,0.1293246015316374,61
4937,3,6591,3533,3058,0,0,0,1.0,1,1.0,1,1.0,1,0.1551206876194475,62
4938,1,6592,3533,3059,0,0,0,1.0,1,1.0,1,1.0,1,0.14690166980584124,62
4939,5,6597,3536,3061,0,0,0,1.0,1,1.0,1,1.0,1,0.12272558669089685,64
4940,2,6599,3536,3063,0,0,0,1.0,1,1.0,1,1.0,1,0.11574788345349506,67
4941,0,6599,3536,3063,0,0,0,1.0,1,1.0,1,1.0,1,0.1254198535805296,66
4942,1,6600,3536,3064,0,0,0,1.0,1,1.0,1,1.0,1,0.12300941837007218,67
4943,0,6600,3536,3064,0,0,0,1.0,1,1.0,1,1.0,1,0.14027335640228786,65
4944,0,6600,3536,3064,0,0,0,1.0,1,1.0,1,1.0,1,0.14027335640228786,65
4945,2,6602,3536,3066,0,0,0,1.0,1,1.0,1,1.0,1,0.14966887529930348,62
4946,1,6603,3536,3067,0,0,0,1.0,1,1.0,1,1.0,1,0.14679040146272437,61
4947,1,6604,3537,3067,0,0,0,1.0,1,1.0,1,1.0,1,0.16082100093556917,59
4948,5,6609,3538,3071,0,0,0,1.0,1,1.0,1,1.0,1,0.14995280754012966,59
4949,1,6610,3538,3072,0,0,0,1.0,1,1.0,1,1.0,1,0.14784602257329155,57
4950,4,6614,3541,3073,0,0,0,1.0,1,1.0,1,1.0,1,0.17610498376429845,58
4951,6,6620,3546,3074,0,0,0,1.0,1,1.0,1,1.0,1,0.17292373771063618,55
4952,1,6621,3547,3074,0,0,0,1.0,1,1.0,1,1.0,1,0.16743352085428134,53
4953,3,6624,3549,3075,0,0,0,1.0,1,1.0,1,1.0,1,0.18310624060890687,54
4954,1,6625,3549,3076,0,0,0,1.0,1,1.0,1,1.0,1,0.14089752460972968,52
4955,2,6627,3549,3078,0,0,0,1.0,1,1.0,1,1.0,1,0.11749899840829103,51
4956,0,6627,3549,3078,0,0,0,1.0,1,1.0,1,1.0,1,0.12471957953499292,47
4957,3,6630,3549,3081,0,0,0,1.0,1,1.0,1,1.0,1,0.07942553354265869,48
4958,0,6630,3549,3081,0,0,0,1.0,1,1.0,1,1.0,1,0.0664980767017169,47
4959,0,6630,3549,3081,0,0,0,1.0,1,1.0,1,1.0,1,0.0664980767017169,47
4960,0,6630,3549,3081,0,0,0,1.0,1,1.0,1,1.0,1,0.08156847610954986,48
4961,0,6630,3549,3081,0,0,0,1.0,1,1.0,1,1.0,1,0.07491437273553835,49
4962,1,6631,3550,3081,0,0,0,1.0,1,1.0,1,1.0,1,0.07239781962127696,49
4963,1,6632,3550,3082,0,0,0,1.0,1,1.0,1,1.0,1,0.07830076708178293,51
4964,2,6634,3551,3083,0,0,0,1.0,1,1.0,1,1.0,1,0.09574404495427677,51
4965,3,6637,3553,3084,0,0,0,1.0,1,1.0,1,1.0,1,0.11771326615221575,51
4966,2,6639,3554,3085,0,0,0,1.0,1,1.0,1,1.0,1,0.10979539306242907,51
4967,3,6642,3556,3086,0,0,0,1.0,1,1.0,1,1.0,1,0.14509452941758644,51
4968,2,6644,3557,3087,0,0,0,1.0,1,1.0,1,1.0,1,0.11629989280716013,52
4969,2,6646,3557,3089,0,0,0,1.0,1,1.0,1,1.0,1,0.10742337703750761,53
4970,2,6648,3558,3090,0,0,0,1.0,1,1.0,1,1.0,1,0.11748010164215408,54
4971,2,6650,3558,3092,0,0,0,1.0,1,1.0,1,1.0,1,0.10497939992582996,55
4972,2,6652,3559,3093,0,0,0,1.0,1,1.0,1,1.0,1,0.11077927951925762,56
4973,1,6653,3559,3094,0,0,0,1.0,1,1.0,1,1.0,1,0.08436888076586394,57
4974,0,6653,3559,3094,0,0,0,1.0,1,1.0,1,1.0,1,0.1084386829635174,56
4975,2,6655,3560,3095,0,0,0,1.0,1,1.0,1,1.0,1,0.12672731389241923,57
4976,2,6657,3561,3096,0,0,0,1.0,1,1.0,1,1.0,1,0.11018753160718753,57
4977,0,6657,3561,3096,0,0,0,1.0,1,1.0,1,1.0,1,0.11018753160718753,57
4978,2,6659,3562,3097,0,0,0,1.0,1,1.0,1,1.0,1,0.09511171579255215,58
4979,1,6660,3563,3097,0,0,0,1.0,1,1.0,1,1.0,1,0.10622667907822617,58
4980,2,6662,3564,3098,0,0,0,1.0,1,1.0,1,1.0,1,0.11962008641953698,59
4981,4,6666,3565,3101,0,0,0,1.0,1,1.0,1,1.0,1,0.10906035023238535,60
4982,0,6666,3565,3101,0,0,0,1.0,1,1.0,1,1.0,1,0.0965144664657593,61
4983,1,6667,3566,3101,0,0,0,1.0,1,1.0,1,1.0,1,0.0749940518977571,61
4984,2,6669,3566,3103,0,0,0,1.0,1,1.0,1,1.0,1,0.07602864816626362,59
4985,0,6669,3566,3103,0,0,0,1.0,1,1.0,1,1.0,1,0.10882565779793119,58
4986,0,6669,3566,3103,0,0,0,1.0,1,1.0,1,1.0,1,0.09247750783074948,59
4987,5,6674,3567,3107,0,0,0,1.0,1,1.0,1,1.0,1,0.08760347124259289,58
4988,1,6675,3567,3108,0,0,0,1.0,1,1.0,1,1.0,1,0.07672451983495297,57
4989,2,6677,3569,3108,0,0,0,1.0,1,1.0,1,1.0,1,0.12322649552969395,54
4990,3,6680,3570,3110,0,0,0,1.0,1,1.0,1,1.0,1,0.08978969310404615,53
4991,4,6684,3573,3111,0,0,0,1.0,1,1.0,1,1.0,1,0.10715379998339465,52
4992,1,6685,3574,3111,0,0,0,1.0,1,1.0,1,1.0,1,0.13455623224514662,48
4993,2,6687,3575,3112,0,0,0,1.0,1,1.0,1,1.0,1,0.12309180058242078,48
4994,2,6689,3576,3113,0,0,0,1.0,1,1.0,1,1.0,1,0.09749167520841626,45
4995,2,6691,3578,3113,0,0,0,1.0,1,1.0,1,1.0,1,0.1424683354338634,45
4996,2,6693,3579,3114,0,0,0,1.0,1,1.0,1,1.0,1,0.06521565017084754,45
4997,4,6697,3581,3116,0,0,0,1.0,1,1.0,1,1.0,1,0.09142333883115743,42
4998,1,6698,3582,3116,0,0,0,1.0,1,1.0,1,1.0,1,0.12852842494213768,44
4999,3,6701,3583,3118,0,0,0,1.0,1,1.0,1,1.0,1,0.13587997817876654,44
5000,1,6702,3584,3118,0,0,0,1.0,1,1.0,1,1.0,1,0.18388063236064592,42
5001,0,6702,3584,3118,0,0,0,1.0,1,1.0,1,1.0,1,0.17750465054575962,42
5002,1,6703,3585,3118,0,0,0,1.0,1,1.0,1,1.0,1,0.18136660323943005,41
5003,2,6705,3586,3119,0,0,0,1.0,1,1.0,1,1.0,1,0.2306908513779317,41
5004,0,6705,3586,3119,0,0,0,1.0,1,1.0,1,1.0,1,0.23818782954414422,41
5005,0,6705,3586,3119,0,0,0,1.0,1,1.0,1,1.0,1,0.23818782954414422,41
5006,0,6705,3586,3119,0,0,0,1.0,1,1.0,1,1.0,1,0.2245117971786109,42
5007,0,6705,3586,3119,0,0,0,1.0,1,1.0,1,1.0,1,0.21881086247165477,43
5008,0,6705,3586,3119,0,0,0,1.0,1,1.0,1,1.0,1,0.19780078875083187,46
5009,0,6705,3586,3119,0,0,0,1.0,1,1.0,1,1.0,1,0.19780078875083187,46
5010,1,6706,3586,3120,0,0,0,1.0,1,1.0,1,1.0,1,0.20276730386493932,46
5011,0,6706,3586,3120,0,0,0,1.0,1,1.0,1,1.0,1,0.19179829609346608,47
5012,0,6706,3586,3120,0,0,0,1.0,1,1.0,1,1.0,1,0.1929042747520659,48
5013,0,6706,3586,3120,0,0,0,1.0,1,1.0,1,1.0,1,0.1929042747520659,48
5014,0,6706,3586,3120,0,0,0,1.0,1,1.0,1,1.0,1,0.1855642910941162,49
5015,2,6708,3586,3122,0,0,0,1.0,1,1.0,1,1.0,1,0.15120945498850197,50
5016,1,6709,3587,3122,0,0,0,1.0,1,1.0,1,1.0,1,0.1905813750515018,51
5017,3,6712,3587,3125,0,0,0,1.0,1,1.0,1,1.0,1,0.14869029445131418,51
5018,0,6712,3587,3125,0,0,0,1.0,1,1.0,1,1.0,1,0.14869029445131418,51
5019,0,6712,3587,3125,0,0,0,1.0,1,1.0,1,1.0,1,0.1555623101217772,51
5020,2,6714,3587,3127,0,0,0,1.0,1,1.0,1,1.0,1,0.1271229959161109,51
5021,0,6714,3587,3127,0,0,0,1.0,1,1.0,1,1.0,1,0.14229847814499363,52
5022,1,6715,3588,3127,0,0,0,1.0,1,1.0,1,1.0,1,0.14329219296555648,52
5023,2,6717,3589,3128,0,0,0,1.0,1,1.0,1,1.0,1,0.13292572811874592,52
5024,0,6717,3589,3128,0,0,0,1.0,1,1.0,1,1.0,1,0.11813003717745009,51
5025,0,6717,3589,3128,0,0,0,1.0,1,1.0,1,1.0,1,0.12372617931307532,50
5026,2,6719,3590,3129,0,0,0,1.0,1,1.0,1,1.0,1,0.1687759874809975,49
5027,1,6720,3591,3129,0,0,0,1.0,1,1.0,1,1.0,1,0.17976339537330402,47
5028,1,6721,3592,3129,0,0,0,1.0,1,1.0,1,1.0,1,0.22197477455932774,47
5029,2,6723,3593,3130,0,0,0,1.0,1,1.0,1,1.0,1,0.16918265847736652,46
5030,1,6724,3594,3130,0,0,0,1.0,1,1.0,1,1.0,1,0.1559341323797669,48
5031,1,6725,3595,3130,0,0,0,1.0,1,1.0,1,1.0,1,0.16841389929196213,46
5032,0,6725,3595,3130,0,0,0,1.0,1,1.0,1,1.0,1,0.16841389929196213,46
5033,2,6727,3596,3131,0,0,0,1.0,1,1.0,1,1.0,1,0.17225383182609955,47
5034,0,6727,3596,3131,0,0,0,1.0,1,1.0,1,1.0,1,0.15572445480261582,48
5035,0,6727,3596,3131,0,0,0,1.0,1,1.0,1,1.0,1,0.1539702004769743,47
5036,0,6727,3596,3131,0,0,0,1.0,1,1.0,1,1.0,1,0.1539702004769743,47
5037,0,6727,3596,3131,0,0,0,1.0,1,1.0,1,1.0,1,0.1620993590028702,47
5038,0,6727,3596,3131,0,0,0,1.0,1,1.0,1,1.0,1,0.17225777229588132,48
5039,1,6728,3597,3131,0,0,0,1.0,1,1.0,1,1.0,1,0.22294411887800072,47
5040,0,6728,3597,3131,0,0,0,1.0,1,1.0,1,1.0,1,0.21550303133011764,48
5041,1,6729,3597,3132,0,0,0,1.0,1,1.0,1,1.0,1,0.19608851049586928,49
5042,0,6729,3597,3132,0,0,0,1.0,1,1.0,1,1.0,1,0.18428225722796263,50
5043,1,6730,3597,3133,0,0,0,1.0,1,1.0,1,1.0,1,0.14945490020901464,51
5044,0,6730,3597,3133,0,0,0,1.0,1,1.0,1,1.0,1,0.14945490020901464,51
5045,1,6731,3597,3134,0,0,0,1.0,1,1.0,1,1.0,1,0.13764218014223512,51
5046,1,6732,3598,3134,0,0,0,1.0,1,1.0,1,1.0,1,0.1579910542007685,52
5047,1,6733,3598,3135,0,0,0,1.0,1,1.0,1,1.0,1,0.13852286388502882,52
5048,1,6734,3598,3136,0,0,0,1.0,1,1.0,1,1.0,1,0.13036978115250036,52
5049,1,6735,3598,3137,0,0,0,1.0,1,1.0,1,1.0,1,0.14996580589796069,52
5050,1,6736,3598,3138,0,0,0,1.0,1,1.0,1,1.0,1,0.13319015694706848,55
5051,1,6737,3598,3139,0,0,0,1.0,1,1.0,1,1.0,1,0.14466952004503872,55
5052,0,6737,3598,3139,0,0,0,1.0,1,1.0,1,1.0,1,0.14466952004503872,55
5053,1,6738,3598,3140,0,0,0,1.0,1,1.0,1,1.0,1,0.14782001315184207,54
5054,2,6740,3599,3141,0,0,0,1.0,1,1.0,1,1.0,1,0.1413945730804686,54
5055,1,6741,3599,3142,0,0,0,1.0,1,1.0,1,1.0,1,0.13557185164016164,54
5056,2,6743,3599,3144,0,0,0,1.0,1,1.0,1,1.0,1,0.12287051534937392,55
5057,1,6744,3599,3145,0,0,0,1.0,1,1.0,1,1.0,1,0.12023438040781212,56
5058,4,6748,3601,3147,0,0,0,1.0,1,1.0,1,1.0,1,0.08314038863566219,58
5059,0,6748,3601,3147,0,0,0,1.0,1,1.0,1,1.0,1,0.08314038863566219,58
5060,4,6752,3604,3148,0,0,0,1.0,1,1.0,1,1.0,1,0.06671543071700992,59
5061,0,6752,3604,3148,0,0,0,1.0,1,1.0,1,1.0,1,0.07885824005401677,58
5062,3,6755,3605,3150,0,0,0,1.0,1,1.0,1,1.0,1,0.016255385398062122,58
5063,3,6758,3608,3150,0,0,0,1.0,1,1.0,1,1.0,1,0.07487631448415775,57
5064,2,6760,3609,3151,0,0,0,1.0,1,1.0,1,1.0,1,0.10428684502989849,57
5065,3,6763,3610,3153,0,0,0,1.0,1,1.0,1,1.0,1,0.10285526776389964,56
5066,2,6765,3612,3153,0,0,0,1.0,1,1.0,1,1.0,1,0.15756552612779298,55
5067,0,6765,3612,3153,0,0,0,1.0,1,1.0,1,1.0,1,0.14472252952462356,54
5068,2,6767,3613,3154,0,0,0,1.0,1,1.0,1,1.0,1,0.16216036113491084,54
5069,2,6769,3614,3155,0,0,0,1.0,1,1.0,1,1.0,1,0.17342658041151532,53
5070,2,6771,3615,3156,0,0,0,1.0,1,1.0,1,1.0,1,0.2010804057972956,53
5071,1,6772,3616,3156,0,0,0,1.0,1,1.0,1,1.0,1,0.18355762065499914,53
5072,2,6774,3616,3158,0,0,0,1.0,1,1.0,1,1.0,1,0.1499580556947023,53
5073,2,6776,3616,3160,0,0,0,1.0,1,1.0,1,1.0,1,0.12290424066402662,53
5074,0,6776,3616,3160,0,0,0,1.0,1,1.0,1,1.0,1,0.09984025874132246,52
5075,0,6776,3616,3160,0,0,0,1.0,1,1.0,1,1.0,1,0.09984025874132246,52
5076,1,6777,3616,3161,0,0,0,1.0,1,1.0,1,1.0,1,0.05907554056964293,55
5077,2,6779,3618,3161,0,0,0,1.0,1,1.0,1,1.0,1,0.10983909104582695,55
5078,0,6779,3618,3161,0,0,0,1.0,1,1.0,1,1.0,1,0.10983909104582695,55
5079,0,6779,3618,3161,0,0,0,1.0,1,1.0,1,1.0,1,0.12394363208283399,54
5080,2,6781,3619,3162,0,0,0,1.0,1,1.0,1,1.0,1,0.1303027828213714,55
5081,0,6781,3619,3162,0,0,0,1.0,1,1.0,1,1.0,1,0.14138106561786815,57
5082,0,6781,3619,3162,0,0,0,1.0,1,1.0,1,1.0,1,0.14138106561786815,57
5083,2,6783,3619,3164,0,0,0,1.0,1,1.0,1,1.0,1,0.11696007332504962,58
5084,1,6784,3619,3165,0,0,0,1.0,1,1.0,1,1.0,1,0.10757516329280044,58
5085,0,6784,3619,3165,0,0,0,1.0,1,1.0,1,1.0,1,0.1022929353492798,59
5086,2,6786,3621,3165,0,0,0,1.0,1,1.0,1,1.0,1,0.09429449466972643,60
5087,1,6787,3622,3165,0,0,0,1.0,1,1.0,1,1.0,1,0.11086128498835568,61
5088,3,6790,3624,3166,0,0,0,1.0,1,1.0,1,1.0,1,0.14287584059697483,62
5089,5,6795,3627,3168,0,0,0,1.0,1,1.0,1,1.0,1,0.12102116128736189,63
5090,2,6797,3627,3170,0,0,0,1.0,1,1.0,1,1.0,1,0.09974603632711786,63
5091,3,6800,3630,3170,0,0,0,1.0,1,1.0,1,1.0,1,0.14487611768480346,63
5092,4,6804,3630,3174,0,0,0,1.0,1,1.0,1,1.0,1,0.10001207361685006,63
5093,1,6805,3630,3175,0,0,0,1.0,1,1.0,1,1.0,1,0.09297075019570925,63
5094,1,6806,3631,3175,0,0,0,1.0,1,1.0,1,1.0,1,0.09205748680035386,64
5095,3,6809,3631,3178,0,0,0,1.0,1,1.0,1,1.0,1,0.0539488115623096,64
5096,0,6809,3631,3178,0,0,0,1.0,1,1.0,1,1.0,1,0.049153059811685704,67
5097,1,6810,3632,3178,0,0,0,1.0,1,1.0,1,1.0,1,0.07050960841435391,67
5098,1,6811,3632,3179,0,0,0,1.0,1,1.0,1,1.0,1,0.06040882113926132,68
5099,2,6813,3633,3180,0,0,0,1.0,1,1.0,1,1.0,1,0.06786822560676331,70
5100,0,6813,3633,3180,0,0,0,1.0,1,1.0,1,1.0,1,0.054453083334323485,71
5101,2,6815,3634,3181,0,0,0,1.0,1,1.0,1,1.0,1,0.056984996549844735,71
5102,1,6816,3635,3181,0,0,0,1.0,1,1.0,1,1.0,1,0.06641896379567065,70
5103,1,6817,3636,3181,0,0,0,1.0,1,1.0,1,1.0,1,0.07366634868619999,67
5104,3,6820,3638,3182,0,0,0,1.0,1,1.0,1,1.0,1,0.07263936284399411,67
5105,3,6823,3641,3182,0,0,0,1.0,1,1.0,1,1.0,1,0.09340475648605359,63
5106,1,6824,3642,3182,0,0,0,1.0,1,1.0,1,1.0,1,0.13180689767798678,63
5107,4,6828,3645,3183,0,0,0,1.0,1,1.0,1,1.0,1,0.15853591727720315,60
5108,2,6830,3647,3183,0,0,0,1.0,1,1.0,1,1.0,1,0.197430291221815,56
5109,2,6832,3648,3184,0,0,0,1.0,1,1.0,1,1.0,1,0.1946545350225718,56
5110,4,6836,3650,3186,0,0,0,1.0,1,1.0,1,1.0,1,0.19003438415282883,52
5111,4,6840,3654,3186,0,0,0,1.0,1,1.0,1,1.0,1,0.2166368610060473,51
5112,2,6842,3655,3187,0,0,0,1.0,1,1.0,1,1.0,1,0.2262714544674037,50
5113,6,6848,3657,3191,0,0,0,1.0,1,1.0,1,1.0,1,0.19903954919294312,48
5114,3,6851,3658,3193,0,0,0,1.0,1,1.0,1,1.0,1,0.14905739045117236,46
5115,0,6851,3658,3193,0,0,0,1.0,1,1.0,1,1.0,1,0.1252088572624382,44
5116,1,6852,3658,3194,0,0,0,1.0,1,1.0,1,1.0,1,0.11538776474330682,44
5117,2,6854,3658,3196,0,0,0,1.0,1,1.0,1,1.0,1,0.08953503204155576,46
5118,0,6854,3658,3196,0,0,0,1.0,1,1.0,1,1.0,1,0.08953503204155576,46
5119,2,6856,3659,3197,0,0,0,1.0,1,1.0,1,1.0,1,0.10365229787882412,46
5120,1,6857,3660,3197,0,0,0,1.0,1,1.0,1,1.0,1,0.13557666511912578,46
5121,2,6859,3661,3198,0,0,0,1.0,1,1.0,1,1.0,1,0.16972288831077426,46
5122,2,6861,3662,3199,0,0,0,1.0,1,1.0,1,1.0,1,0.183929234728318,46
5123,3,6864,3664,3200,0,0,0,1.0,1,1.0,1,1.0,1,0.16704262842855175,45
5124,2,6866,3665,3201,0,0,0,1.0,1,1.0,1,1.0,1,0.17917464561001692,47
5125,4,6870,3666,3204,0,0,0,1.0,1,1.0,1,1.0,1,0.1479612821533904,50
5126,3,6873,3666,3207,0,0,0,1.0,1,1.0,1,1.0,1,0.1076551187592765,50
5127,0,6873,3666,3207,0,0,0,1.0,1,1.0,1,1.0,1,0.11315195604961928,52
5128,2,6875,3666,3209,0,0,0,1.0,1,1.0,1,1.0,1,0.09703117273009029,53
5129,0,6875,3666,3209,0,0,0,1.0,1,1.0,1,1.0,1,0.10009800941545322,55
5130,0,6875,3666,3209,0,0,0,1.0,1,1.0,1,1.0,1,0.10009800941545322,55
5131,1,6876,3666,3210,0,0,0,1.0,1,1.0,1,1.0,1,0.10904344194414467,54
5132,0,6876,3666,3210,0,0,0,1.0,1,1.0,1,1.0,1,0.11732348066001133,54
5133,0,6876,3666,3210,0,0,0,1.0,1,1.0,1,1.0,1,0.11732348066001133,54
5134,1,6877,3666,3211,0,0,0,1.0,1,1.0,1,1.0,1,0.12124579212680588,53
5135,1,6878,3666,3212,0,0,0,1.0,1,1.0,1,1.0,1,0.12373404198324654,54
5136,0,6878,3666,3212,0,0,0,1.0,1,1.0,1,1.0,1,0.15861371233007737,54
5137,2,6880,3667,3213,0,0,0,1.0,1,1.0,1,1.0,1,0.13667659641268987,54
5138,2,6882,3668,3214,0,0,0,1.0,1,1.0,1,1.0,1,0.16510478157173245,54
5139,1,6883,3669,3214,0,0,0,1.0,1,1.0,1,1.0,1,0.14727283114412432,55
5140,5,6888,3672,3216,0,0,0,1.0,1,1.0,1,1.0,1,0.13419217897405572,55
5141,2,6890,3673,3217,0,0,0,1.0,1,1.0,1,1.0,1,0.12630013639724122,53
5142,0,6890,3673,3217,0,0,0,1.0,1,1.0,1,1.0,1,0.11093237204575401,54
5143,3,6893,3675,3218,0,0,0,1.0,1,1.0,1,1.0,1,0.14603659068395358,52
5144,0,6893,3675,3218,0,0,0,1.0,1,1.0,1,1.0,1,0.11899924963030482,50
5145,0,6893,3675,3218,0,0,0,1.0,1,1.0,1,1.0,1,0.12996843065756694,49
5146,1,6894,3675,3219,0,0,0,1.0,1,1.0,1,1.0,1,0.12240834542663817,49
5147,0,6894,3675,3219,0,0,0,1.0,1,1.0,1,1.0,1,0.1277407576462236,46
5148,1,6895,3676,3219,0,0,0,1.0,1,1.0,1,1.0,1,0.08393220236097408,46
5149,0,6895,3676,3219,0,0,0,1.0,1,1.0,1,1.0,1,0.10035419854495632,45
5150,4,6899,3678,3221,0,0,0,1.0,1,1.0,1,1.0,1,0.10380063280073465,47
5151,1,6900,3679,3221,0,0,0,1.0,1,1.0,1,1.0,1,0.15082375462903158,46
5152,4,6904,3681,3223,0,0,0,1.0,1,1.0,1,1.0,1,0.1701840567240584,46
5153,0,6904,3681,3223,0,0,0,1.0,1,1.0,1,1.0,1,0.1796781819548336,45
5154,2,6906,3682,3224,0,0,0,1.0,1,1.0,1,1.0,1,0.19836708198099082,47
5155,4,6910,3683,3227,0,0,0,1.0,1,1.0,1,1.0,1,0.2058017488272904,47
5156,1,6911,3683,3228,0,0,0,1.0,1,1.0,1,1.0,1,0.1792783289578585,47
5157,0,6911,3683,3228,0,0,0,1.0,1,1.0,1,1.0,1,0.19065689449728995,46
5158,3,6914,3683,3231,0,0,0,1.0,1,1.0,1,1.0,1,0.1562138519782202,47
5159,1,6915,3683,3232,0,0,0,1.0,1,1.0,1,1.0,1,0.16137626888685397,49
5160,0,6915,3683,3232,0,0,0,1.0,1,1.0,1,1.0,1,0.1691804505502924,48
5161,1,6916,3683,3233,0,0,0,1.0,1,1.0,1,1.0,1,0.15486313324641493,48
5162,1,6917,3683,3234,0,0,0,1.0,1,1.0,1,1.0,1,0.13546143121477766,49
5163,2,6919,3683,3236,0,0,0,1.0,1,1.0,1,1.0,1,0.1243780369208029,51
5164,1,6920,3683,3237,0,0,0,1.0,1,1.0,1,1.0,1,0.1172705534047584,51
5165,0,6920,3683,3237,0,0,0,1.0,1,1.0,1,1.0,1,0.13361811707189886,52
5166,2,6922,3685,3237,0,0,0,1.0,1,1.0,1,1.0,1,0.13601267423963778,52
5167,3,6925,3686,3239,0,0,0,1.0,1,1.0,1,1.0,1,0.10907105804920249,52
5168,1,6926,3686,3240,0,0,0,1.0,1,1.0,1,1.0,1,0.09234855134236754,52
5169,1,6927,3687,3240,0,0,0,1.0,1,1.0,1,1.0,1,0.09430026303612253,53
5170,2,6929,3687,3242,0,0,0,1.0,1,1.0,1,1.0,1,0.07308585234254812,53
5171,0,6929,3687,3242,0,0,0,1.0,1,1.0,1,1.0,1,0.06917602775992361,52
5172,1,6930,3688,3242,0,0,0,1.0,1,1.0,1,1.0,1,0.06376150451571706,53
5173,2,6932,3688,3244,0,0,0,1.0,1,1.0,1,1.0,1,0.0643415569914435,54
5174,0,6932,3688,3244,0,0,0,1.0,1,1.0,1,1.0,1,0.06925357853595046,56
5175,3,6935,3689,3246,0,0,0,1.0,1,1.0,1,1.0,1,0.046408248107203294,58
5176,1,6936,3690,3246,0,0,0,1.0,1,1.0,1,1.0,1,0.07299677657998493,58
5177,1,6937,3690,3247,0,0,0,1.0,1,1.0,1,1.0,1,0.0809709401017221,59
5178,3,6940,3692,3248,0,0,0,1.0,1,1.0,1,1.0,1,0.08259546511283797,57
5179,1,6941,3692,3249,0,0,0,1.0,1,1.0,1,1.0,1,0.08571229961748866,58
5180,0,6941,3692,3249,0,0,0,1.0,1,1.0,1,1.0,1,0.06396077539326397,56
5181,2,6943,3694,3249,0,0,0,1.0,1,1.0,1,1.0,1,0.09951643211694816,57
5182,0,6943,3694,3249,0,0,0,1.0,1,1.0,1,1.0,1,0.09096694259163647,56
5183,3,6946,3696,3250,0,0,0,1.0,1,1.0,1,1.0,1,0.13888040200801094,57
5184,0,6946,3696,3250,0,0,0,1.0,1,1.0,1,1.0,1,0.1438582437133094,56
5185,2,6948,3696,3252,0,0,0,1.0,1,1.0,1,1.0,1,0.1433999671900943,56
5186,2,6950,3697,3253,0,0,0,1.0,1,1.0,1,1.0,1,0.1422178213798807,54
5187,0,6950,3697,3253,0,0,0,1.0,1,1.0,1,1.0,1,0.13401209966691516,51
5188,1,6951,3697,3254,0,0,0,1.0,1,1.0,1,1.0,1,0.10744529020725382,50
5189,0,6951,3697,3254,0,0,0,1.0,1,1.0,1,1.0,1,0.12875282612190245,49
5190,1,6952,3698,3254,0,0,0,1.0,1,1.0,1,1.0,1,0.1232740251396868,50
5191,1,6953,3698,3255,0,0,0,1.0,1,1.0,1,1.0,1,0.11302493789513497,50
5192,2,6955,3700,3255,0,0,0,1.0,1,1.0,1,1.0,1,0.10975054490397139,49
5193,0,6955,3700,3255,0,0,0,1.0,1,1.0,1,1.0,1,0.125883732215145,50
5194,4,6959,3701,3258,0,0,0,1.0,1,1.0,1,1.0,1,0.11910034803959109,51
5195,2,6961,3702,3259,0,0,0,1.0,1,1.0,1,1.0,1,0.12045645577598216,51
5196,0,6961,3702,3259,0,0,0,1.0,1,1.0,1,1.0,1,0.12045645577598216,51
5197,0,6961,3702,3259,0,0,0,1.0,1,1.0,1,1.0,1,0.12045645577598216,51
5198,0,6961,3702,3259,0,0,0,1.0,1,1.0,1,1.0,1,0.12045645577598216,51
5199,0,6961,3702,3259,0,0,0,1.0,1,1.0,1,1.0,1,0.10149791670233256,54
5200,1,6962,3703,3259,0,0,0,1.0,1,1.0,1,1.0,1,0.1005141469791676,54
5201,3,6965,3705,3260,0,0,0,1.0,1,1.0,1,1.0,1,0.12272734225054292,55
5202,0,6965,3705,3260,0,0,0,1.0,1,1.0,1,1.0,1,0.12067193715334183,56
5203,0,6965,3705,3260,0,0,0,1.0,1,1.0,1,1.0,1,0.12067193715334183,56
5204,1,6966,3706,3260,0,0,0,1.0,1,1.0,1,1.0,1,0.11925883329826201,58
5205,1,6967,3706,3261,0,0,0,1.0,1,1.0,1,1.0,1,0.10513413384538985,58
5206,3,6970,3707,3263,0,0,0,1.0,1,1.0,1,1.0,1,0.08981691674350303,58
5207,0,6970,3707,3263,0,0,0,1.0,1,1.0,1,1.0,1,0.09836657347124592,59
5208,1,6971,3708,3263,0,0,0,1.0,1,1.0,1,1.0,1,0.10552629968848348,58
5209,1,6972,3708,3264,0,0,0,1.0,1,1.0,1,1.0,1,0.09207742034665124,58
5210,1,6973,3708,3265,0,0,0,1.0,1,1.0,1,1.0,1,0.07745327408204898,57
5211,0,6973,3708,3265,0,0,0,1.0,1,1.0,1,1.0,1,0.07745327408204898,57
5212,2,6975,3708,3267,0,0,0,1.0,1,1.0,1,1.0,1,0.07150655660911695,59
5213,3,6978,3710,3268,0,0,0,1.0,1,1.0,1,1.0,1,0.1147545360364592,59
5214,4,6982,3711,3271,0,0,0,1.0,1,1.0,1,1.0,1,0.14356133365480925,59
5215,5,6987,3712,3275,0,0,0,1.0,1,1.0,1,1.0,1,0.14516063392201364,58
5216,1,6988,3713,3275,0,0,0,1.0,1,1.0,1,1.0,1,0.14669750989127936,59
5217,1,6989,3714,3275,0,0,0,1.0,1,1.0,1,1.0,1,0.14087368473102965,58
5218,3,6992,3716,3276,0,0,0,1.0,1,1.0,1,1.0,1,0.15680509102227702,58
5219,3,6995,3717,3278,0,0,0,1.0,1,1.0,1,1.0,1,0.14176796865758384,57
5220,0,6995,3717,3278,0,0,0,1.0,1,1.0,1,1.0,1,0.12298949456546379,56
5221,1,6996,3717,3279,0,0,0,1.0,1,1.0,1,1.0,1,0.1270684711776561,58
5222,0,6996,3717,3279,0,0,0,1.0,1,1.0,1,1.0,1,0.11137429774063448,56
5223,3,6999,3719,3280,0,0,0,1.0,1,1.0,1,1.0,1,0.15672940575244484,55
5224,0,6999,3719,3280,0,0,0,1.0,1,1.0,1,1.0,1,0.16273648441315244,56
5225,2,7001,3720,3281,0,0,0,1.0,1,1.0,1,1.0,1,0.1954861658945585,55
5226,0,7001,3720,3281,0,0,0,1.0,1,1.0,1,1.0,1,0.1954861658945585,55
5227,1,7002,3720,3282,0,0,0,1.0,1,1.0,1,1.0,1,0.17910394287624581,53
5228,1,7003,3720,3283,0,0,0,1.0,1,1.0,1,1.0,1,0.16477175355269005,51
5229,0,7003,3720,3283,0,0,0,1.0,1,1.0,1,1.0,1,0.1434253186033323,51
5230,0,7003,3720,3283,0,0,0,1.0,1,1.0,1,1.0,1,0.14501862546298025,51
5231,1,7004,3721,3283,0,0,0,1.0,1,1.0,1,1.0,1,0.17447849726086873,52
5232,1,7005,3722,3283,0,0,0,1.0,1,1.0,1,1.0,1,0.21680945866754653,52
5233,2,7007,3723,3284,0,0,0,1.0,1,1.0,1,1.0,1,0.20828710080877313,53
5234,3,7010,3724,3286,0,0,0,1.0,1,1.0,1,1.0,1,0.21612071834627825,53
5235,1,7011,3725,3286,0,0,0,1.0,1,1.0,1,1.0,1,0.20890428295277372,53
5236,4,7015,3725,3290,0,0,0,1.0,1,1.0,1,1.0,1,0.1846640229917355,52
5237,1,7016,3725,3291,0,0,0,1.0,1,1.0,1,1.0,1,0.19672427920153165,52
5238,1,7017,3725,3292,0,0,0,1.0,1,1.0,1,1.0,1,0.186787297885157,52
5239,1,7018,3725,3293,0,0,0,1.0,1,1.0,1,1.0,1,0.1897273936324112,51
5240,2,7020,3725,3295,0,0,0,1.0,1,1.0,1,1.0,1,0.17625982285481576,53
5241,1,7021,3725,3296,0,0,0,1.0,1,1.0,1,1.0,1,0.18076866720619694,53
5242,2,7023,3726,3297,0,0,0,1.0,1,1.0,1,1.0,1,0.16963738519402308,51
5243,3,7026,3727,3299,0,0,0,1.0,1,1.0,1,1.0,1,0.1768190051702799,51
5244,1,7027,3728,3299,0,0,0,1.0,1,1.0,1,1.0,1,0.1787198324124374,52
5245,5,7032,3730,3302,0,0,0,1.0,1,1.0,1,1.0,1,0.1480331835957921,53
5246,0,7032,3730,3302,0,0,0,1.0,1,1.0,1,1.0,1,0.1480331835957921,53
5247,2,7034,3731,3303,0,0,0,1.0,1,1.0,1,1.0,1,0.13116253403101738,54
5248,1,7035,3731,3304,0,0,0,1.0,1,1.0,1,1.0,1,0.11500265088461213,54
5249,0,7035,3731,3304,0,0,0,1.0,1,1.0,1,1.0,1,0.09805893556388633,55
5250,2,7037,3731,3306,0,0,0,1.0,1,1.0,1,1.0,1,0.09890301932888955,57
5251,1,7038,3731,3307,0,0,0,1.0,1,1.0,1,1.0,1,0.07435214887727104,58
5252,2,7040,3733,3307,0,0,0,1.0,1,1.0,1,1.0,1,0.09930572162049764,58
5253,3,7043,3735,3308,0,0,0,1.0,1,1.0,1,1.0,1,0.12981063471417953,58
5254,1,7044,3736,3308,0,0,0,1.0,1,1.0,1,1.0,1,0.15483309911874896,59
5255,3,7047,3738,3309,0,0,0,1.0,1,1.0,1,1.0,1,0.158696571579396,58
5256,0,7047,3738,3309,0,0,0,1.0,1,1.0,1,1.0,1,0.16527723798928984,58
5257,1,7048,3739,3309,0,0,0,1.0,1,1.0,1,1.0,1,0.18223002290012516,57
5258,1,7049,3739,3310,0,0,0,1.0,1,1.0,1,1.0,1,0.14907142608743335,55
5259,0,7049,3739,3310,0,0,0,1.0,1,1.0,1,1.0,1,0.14425340428177047,56
5260,1,7050,3739,3311,0,0,0,1.0,1,1.0,1,1.0,1,0.12437473384675816,55
5261,0,7050,3739,3311,0,0,0,1.0,1,1.0,1,1.0,1,0.11945041683480391,54
5262,1,7051,3740,3311,0,0,0,1.0,1,1.0,1,1.0,1,0.14277183258703913,54
5263,0,7051,3740,3311,0,0,0,1.0,1,1.0,1,1.0,1,0.15685858233952116,55
5264,2,7053,3741,3312,0,0,0,1.0,1,1.0,1,1.0,1,0.1490571100582902,53
5265,1,7054,3742,3312,0,0,0,1.0,1,1.0,1,1.0,1,0.15808857889556657,52
5266,2,7056,3742,3314,0,0,0,1.0,1,1.0,1,1.0,1,0.1388516665244916,49
5267,4,7060,3743,3317,0,0,0,1.0,1,1.0,1,1.0,1,0.13115436685264045,49
5268,1,7061,3744,3317,0,0,0,1.0,1,1.0,1,1.0,1,0.1617003544862663,46
5269,4,7065,3745,3320,0,0,0,1.0,1,1.0,1,1.0,1,0.12160878512398089,45
5270,3,7068,3746,3322,0,0,0,1.0,1,1.0,1,1.0,1,0.09049722493550479,46
5271,2,7070,3748,3322,0,0,0,1.0,1,1.0,1,1.0,1,0.14890742783072677,46
5272,4,7074,3748,3326,0,0,0,1.0,1,1.0,1,1.0,1,0.08070912417552635,45
5273,0,7074,3748,3326,0,0,0,1.0,1,1.0,1,1.0,1,0.09931219310291868,45
5274,0,7074,3748,3326,0,0,0,1.0,1,1.0,1,1.0,1,0.09859704093084416,45
5275,5,7079,3751,3328,0,0,0,1.0,1,1.0,1,1.0,1,0.1257762982527983,46
5276,4,7083,3754,3329,0,0,0,1.0,1,1.0,1,1.0,1,0.15745370653711893,45
5277,0,7083,3754,3329,0,0,0,1.0,1,1.0,1,1.0,1,0.15883496209758793,45
5278,4,7087,3756,3331,0,0,0,1.0,1,1.0,1,1.0,1,0.17246957228399956,44
5279,1,7088,3757,3331,0,0,0,1.0,1,1.0,1,1.0,1,0.20152133229959912,45
5280,1,7089,3758,3331,0,0,0,1.0,1,1.0,1,1.0,1,0.19939626315836725,46
5281,1,7090,3758,3332,0,0,0,1.0,1,1.0,1,1.0,1,0.1827327067171252,46
5282,2,7092,3759,3333,0,0,0,1.0,1,1.0,1,1.0,1,0.1975479318120183,47
5283,0,7092,3759,3333,0,0,0,1.0,1,1.0,1,1.0,1,0.20934678781276883,48
5284,1,7093,3759,3334,0,0,0,1.0,1,1.0,1,1.0,1,0.1990391173799684,48
5285,0,7093,3759,3334,0,0,0,1.0,1,1.0,1,1.0,1,0.1762061464063716,48
5286,1,7094,3759,3335,0,0,0,1.0,1,1.0,1,1.0,1,0.1718658478518674,50
5287,2,7096,3759,3337,0,0,0,1.0,1,1.0,1,1.0,1,0.15298131338546742,50
5288,0,7096,3759,3337,0,0,0,1.0,1,1.0,1,1.0,1,0.14570793802146093,51
5289,0,7096,3759,3337,0,0,0,1.0,1,1.0,1,1.0,1,0.14570793802146093,51
5290,1,7097,3759,3338,0,0,0,1.0,1,1.0,1,1.0,1,0.13163699920625122,52
5291,2,7099,3761,3338,0,0,0,1.0,1,1.0,1,1.0,1,0.14458682625448407,52
5292,1,7100,3761,3339,0,0,0,1.0,1,1.0,1,1.0,1,0.14067155103209705,53
5293,1,7101,3762,3339,0,0,0,1.0,1,1.0,1,1.0,1,0.16111909684446157,51
5294,0,7101,3762,3339,0,0,0,1.0,1,1.0,1,1.0,1,0.14780631408650607,50
5295,0,7101,3762,3339,0,0,0,1.0,1,1.0,1,1.0,1,0.1720956424221828,49
5296,0,7101,3762,3339,0,0,0,1.0,1,1.0,1,1.0,1,0.17096872272672148,48
5297,0,7101,3762,3339,0,0,0,1.0,1,1.0,1,1.0,1,0.19517082869906835,46
5298,0,7101,3762,3339,0,0,0,1.0,1,1.0,1,1.0,1,0.1959048127016835,46
5299,1,7102,3763,3339,0,0,0,1.0,1,1.0,1,1.0,1,0.22083403456765766,47
5300,0,7102,3763,3339,0,0,0,1.0,1,1.0,1,1.0,1,0.19846434641533153,48
5301,0,7102,3763,3339,0,0,0,1.0,1,1.0,1,1.0,1,0.19846434641533153,48
5302,1,7103,3764,3339,0,0,0,1.0,1,1.0,1,1.0,1,0.2221151077204386,49
5303,0,7103,3764,3339,0,0,0,1.0,1,1.0,1,1.0,1,0.22137076175952167,48
5304,1,7104,3765,3339,0,0,0,1.0,1,1.0,1,1.0,1,0.20294396320397867,48
5305,0,7104,3765,3339,0,0,0,1.0,1,1.0,1,1.0,1,0.21035294624732648,47
5306,2,7106,3767,3339,0,0,0,1.0,1,1.0,1,1.0,1,0.2126511403115539,48
5307,1,7107,3768,3339,0,0,0,1.0,1,1.0,1,1.0,1,0.22570059890342348,48
5308,1,7108,3768,3340,0,0,0,1.0,1,1.0,1,1.0,1,0.20540879096304315,47
5309,1,7109,3768,3341,0,0,0,1.0,1,1.0,1,1.0,1,0.2063500031448781,46
5310,1,7110,3768,3342,0,0,0,1.0,1,1.0,1,1.0,1,0.19724051090406752,46
5311,2,7112,3769,3343,0,0,0,1.0,1,1.0,1,1.0,1,0.155355621885613,46
5312,0,7112,3769,3343,0,0,0,1.0,1,1.0,1,1.0,1,0.1792773942958657,46
5313,2,7114,3769,3345,0,0,0,1.0,1,1.0,1,1.0,1,0.1730309052685108,46
5314,2,7116,3769,3347,0,0,0,1.0,1,1.0,1,1.0,1,0.15450251251775626,46
5315,1,7117,3769,3348,0,0,0,1.0,1,1.0,1,1.0,1,0.13765071618231897,47
5316,3,7120,3769,3351,0,0,0,1.0,1,1.0,1,1.0,1,0.12913535169695076,48
5317,2,7122,3769,3353,0,0,0,1.0,1,1.0,1,1.0,1,0.10233210251971656,49
5318,3,7125,3772,3353,0,0,0,1.0,1,1.0,1,1.0,1,0.09634481541326066,49
5319,2,7127,3773,3354,0,0,0,1.0,1,1.0,1,1.0,1,0.08714325459689327,50
5320,2,7129,3774,3355,0,0,0,1.0,1,1.0,1,1.0,1,0.09043350289023702,51
5321,0,7129,3774,3355,0,0,0,1.0,1,1.0,1,1.0,1,0.07164805006468317,52
5322,0,7129,3774,3355,0,0,0,1.0,1,1.0,1,1.0,1,0.08488467094127064,53
5323,1,7130,3774,3356,0,0,0,1.0,1,1.0,1,1.0,1,0.05369198920653141,53
5324,1,7131,3774,3357,0,0,0,1.0,1,1.0,1,1.0,1,0.035716266740391585,55
5325,1,7132,3775,3357,0,0,0,1.0,1,1.0,1,1.0,1,0.04798535540949867,55
5326,3,7135,3777,3358,0,0,0,1.0,1,1.0,1,1.0,1,0.02376601399280816,55
5327,2,7137,3778,3359,0,0,0,1.0,1,1.0,1,1.0,1,0.025723265896650666,56
5328,1,7138,3779,3359,0,0,0,1.0,1,1.0,1,1.0,1,0.04559206525204426,57
5329,1,7139,3780,3359,0,0,0,1.0,1,1.0,1,1.0,1,0.06842158235089912,57
5330,2,7141,3781,3360,0,0,0,1.0,1,1.0,1,1.0,1,0.07093290992529999,56
5331,1,7142,3782,3360,0,0,0,1.0,1,1.0,1,1.0,1,0.07637123915641414,57
5332,1,7143,3782,3361,0,0,0,1.0,1,1.0,1,1.0,1,0.05967803822850489,58
5333,2,7145,3783,3362,0,0,0,1.0,1,1.0,1,1.0,1,0.05871272964555474,59
5334,1,7146,3784,3362,0,0,0,1.0,1,1.0,1,1.0,1,0.07209328718332804,59
5335,0,7146,3784,3362,0,0,0,1.0,1,1.0,1,1.0,1,0.06134974926838777,58
5336,2,7148,3785,3363,0,0,0,1.0,1,1.0,1,1.0,1,0.056838676085942334,59
5337,0,7148,3785,3363,0,0,0,1.0,1,1.0,1,1.0,1,0.05194115216753485,60
5338,2,7150,3787,3363,0,0,0,1.0,1,1.0,1,1.0,1,0.07248721692338209,60
5339,0,7150,3787,3363,0,0,0,1.0,1,1.0,1,1.0,1,0.07248721692338209,60
5340,3,7153,3790,3363,0,0,0,1.0,1,1.0,1,1.0,1,0.11864988775757959,60
5341,4,7157,3791,3366,0,0,0,1.0,1,1.0,1,1.0,1,0.1122797361321237,61
5342,2,7159,3792,3367,0,0,0,1.0,1,1.0,1,1.0,1,0.07981798739576741,59
5343,1,7160,3793,3367,0,0,0,1.0,1,1.0,1,1.0,1,0.11319084174904999,58
5344,1,7161,3793,3368,0,0,0,1.0,1,1.0,1,1.0,1,0.09912220239354617,58
5345,2,7163,3795,3368,0,0,0,1.0,1,1.0,1,1.0,1,0.09796870863091546,54
5346,0,7163,3795,3368,0,0,0,1.0,1,1.0,1,1.0,1,0.09796870863091546,54
5347,4,7167,3799,3368,0,0,0,1.0,1,1.0,1,1.0,1,0.10379285532281382,54
5348,2,7169,3799,3370,0,0,0,1.0,1,1.0,1,1.0,1,0.09865969862840848,55
5349,1,7170,3800,3370,0,0,0,1.0,1,1.0,1,1.0,1,0.130465438850008,56
5350,3,7173,3801,3372,0,0,0,1.0,1,1.0,1,1.0,1,0.12275976208870562,56
5351,1,7174,3801,3373,0,0,0,1.0,1,1.0,1,1.0,1,0.09325661849629935,57
5352,1,7175,3802,3373,0,0,0,1.0,1,1.0,1,1.0,1,0.11710268883134803,57
5353,3,7178,3803,3375,0,0,0,1.0,1,1.0,1,1.0,1,0.08516954105023455,57
5354,0,7178,3803,3375,0,0,0,1.0,1,1.0,1,1.0,1,0.0920890464908127,56
5355,0,7178,3803,3375,0,0,0,1.0,1,1.0,1,1.0,1,0.08524259632870727,57
5356,0,7178,3803,3375,0,0,0,1.0,1,1.0,1,1.0,1,0.09764260864484255,56
5357,1,7179,3803,3376,0,0,0,1.0,1,1.0,1,1.0,1,0.11040864628976495,56
5358,1,7180,3803,3377,0,0,0,1.0,1,1.0,1,1.0,1,0.08399207842561777,57
5359,1,7181,3804,3377,0,0,0,1.0,1,1.0,1,1.0,1,0.09584223789668068,57
5360,0,7181,3804,3377,0,0,0,1.0,1,1.0,1,1.0,1,0.11793114910399594,55
5361,4,7185,3807,3378,0,0,0,1.0,1,1.0,1,1.0,1,0.15768330713753018,56
5362,1,7186,3807,3379,0,0,0,1.0,1,1.0,1,1.0,1,0.12294906468447032,57
5363,1,7187,3808,3379,0,0,0,1.0,1,1.0,1,1.0,1,0.14429430962749534,57
5364,0,7187,3808,3379,0,0,0,1.0,1,1.0,1,1.0,1,0.15373086865009924,58
5365,0,7187,3808,3379,0,0,0,1.0,1,1.0,1,1.0,1,0.13770359125469023,59
5366,2,7189,3809,3380,0,0,0,1.0,1,1.0,1,1.0,1,0.14563657149370127,60
5367,1,7190,3810,3380,0,0,0,1.0,1,1.0,1,1.0,1,0.16788853464580325,60
5368,0,7190,3810,3380,0,0,0,1.0,1,1.0,1,1.0,1,0.16184766448158497,58
5369,2,7192,3812,3380,0,0,0,1.0,1,1.0,1,1.0,1,0.17056501915959366,58
5370,0,7192,3812,3380,0,0,0,1.0,1,1.0,1,1.0,1,0.16490909438024995,57
5371,3,7195,3815,3380,0,0,0,1.0,1,1.0,1,1.0,1,0.2225607055516338,56
5372,1,7196,3816,3380,0,0,0,1.0,1,1.0,1,1.0,1,0.19571116409888667,55
5373,6,7202,3820,3382,0,0,0,1.0,1,1.0,1,1.0,1,0.22116790879619083,54
5374,1,7203,3821,3382,0,0,0,1.0,1,1.0,1,1.0,1,0.21079671577592066,53
5375,4,7207,3823,3384,0,0,0,1.0,1,1.0,1,1.0,1,0.18423004122282452,52
5376,2,7209,3825,3384,0,0,0,1.0,1,1.0,1,1.0,1,0.20630392400524558,52
5377,4,7213,3826,3387,0,0,0,1.0,1,1.0,1,1.0,1,0.15388699437731262,51
5378,3,7216,3828,3388,0,0,0,1.0,1,1.0,1,1.0,1,0.20817386069026425,52
5379,0,7216,3828,3388,0,0,0,1.0,1,1.0,1,1.0,1,0.18846011164674567,50
5380,2,7218,3829,3389,0,0,0,1.0,1,1.0,1,1.0,1,0.21257422553615413,51
5381,2,7220,3830,3390,0,0,0,1.0,1,1.0,1,1.0,1,0.197811967106509,50
5382,0,7220,3830,3390,0,0,0,1.0,1,1.0,1,1.0,1,0.21565583460862478,48
5383,2,7222,3830,3392,0,0,0,1.0,1,1.0,1,1.0,1,0.19469357666987558,48
5384,2,7224,3830,3394,0,0,0,1.0,1,1.0,1,1.0,1,0.16523782001250736,48
5385,0,7224,3830,3394,0,0,0,1.0,1,1.0,1,1.0,1,0.1729955426535152,47
5386,5,7229,3833,3396,0,0,0,1.0,1,1.0,1,1.0,1,0.1751110637698752,48
5387,2,7231,3834,3397,0,0,0,1.0,1,1.0,1,1.0,1,0.17177265506719522,48
5388,0,7231,3834,3397,0,0,0,1.0,1,1.0,1,1.0,1,0.17177265506719522,48
5389,3,7234,3835,3399,0,0,0,1.0,1,1.0,1,1.0,1,0.11568243753981379,50
5390,2,7236,3836,3400,0,0,0,1.0,1,1.0,1,1.0,1,0.10923523064557165,52
5391,0,7236,3836,3400,0,0,0,1.0,1,1.0,1,1.0,1,0.10923523064557165,52
5392,1,7237,3836,3401,0,0,0,1.0,1,1.0,1,1.0,1,0.11630684952527162,51
5393,1,7238,3837,3401,0,0,0,1.0,1,1.0,1,1.0,1,0.1268460287096676,50
5394,1,7239,3837,3402,0,0,0,1.0,1,1.0,1,1.0,1,0.11184404470528048,50
5395,1,7240,3838,3402,0,0,0,1.0,1,1.0,1,1.0,1,0.13615080665350104,49
5396,2,7242,3838,3404,0,0,0,1.0,1,1.0,1,1.0,1,0.11043812519102277,48
5397,2,7244,3839,3405,0,0,0,1.0,1,1.0,1,1.0,1,0.08914711276171046,48
5398,3,7247,3840,3407,0,0,0,1.0,1,1.0,1,1.0,1,0.10807337123549539,46
5399,3,7250,3843,3407,0,0,0,1.0,1,1.0,1,1.0,1,0.11096335274394276,46
5400,2,7252,3845,3407,0,0,0,1.0,1,1.0,1,1.0,1,0.1283345729914799,48
5401,2,7254,3845,3409,0,0,0,1.0,1,1.0,1,1.0,1,0.06671307467681739,49
5402,0,7254,3845,3409,0,0,0,1.0,1,1.0,1,1.0,1,0.0,0
