,SuccessfulHandoverCount,TotalSuccessfulHandoverCount,TotalSuccessfulHandoverCountRange,TotalSuccessfulHandoverCountLoadBalancing,TotalSuccessfulHandoverCountOverload,FailedHandoverCount,TotalFailedHandoverCount,AvgQoS,MinQoS,AvgQoS_LoadBased,MinQoS_LoadBased,AvgQoS_RangeBased,MinQoS_RangeBased,GiniLoad,VehicleCount
0,0,0,0,0,0,0,0,1.0,1,1.0,1,1.0,1,0.0,0
1,11,11,0,11,0,0,0,1.0,1,1.0,1,1.0,1,0.2655473127736556,26
2,9,20,0,20,0,0,0,1.0,1,1.0,1,1.0,1,0.16272431613789476,27
3,4,24,0,24,0,0,0,1.0,1,1.0,1,1.0,1,0.20302059887784218,28
4,5,29,0,29,0,0,0,1.0,1,1.0,1,1.0,1,0.17593128176082087,29
5,5,34,0,34,0,0,0,1.0,1,1.0,1,1.0,1,0.18504327244413957,29
6,6,40,0,40,0,0,0,1.0,1,1.0,1,1.0,1,0.23297775368904033,32
7,7,47,0,47,0,0,0,1.0,1,1.0,1,1.0,1,0.2523105710181928,33
8,13,60,0,60,0,0,0,1.0,1,1.0,1,1.0,1,0.13169774894319916,35
9,13,73,0,73,0,0,0,1.0,1,1.0,1,1.0,1,0.22498150261032737,35
10,10,83,0,83,0,0,0,1.0,1,1.0,1,1.0,1,0.21350498429896592,35
11,3,86,0,86,0,0,0,1.0,1,1.0,1,1.0,1,0.1472277616978558,35
12,1,87,1,86,0,0,0,1.0,1,1.0,1,1.0,1,0.14757921154356712,34
13,0,87,1,86,0,0,0,1.0,1,1.0,1,1.0,1,0.20959732519938173,32
14,2,89,3,86,0,0,0,1.0,1,1.0,1,1.0,1,0.2720320262839769,31
15,1,90,4,86,0,0,0,1.0,1,1.0,1,1.0,1,0.27059069174021866,30
16,0,90,4,86,0,0,0,1.0,1,1.0,1,1.0,1,0.32056142302213086,30
17,0,90,4,86,0,0,0,1.0,1,1.0,1,1.0,1,0.350170412615694,29
18,2,92,5,87,0,0,0,1.0,1,1.0,1,1.0,1,0.35929619400600316,29
19,0,92,5,87,0,0,0,1.0,1,1.0,1,1.0,1,0.362112309766427,28
20,1,93,6,87,0,0,0,1.0,1,1.0,1,1.0,1,0.3384269836468425,28
21,2,95,7,88,0,0,0,1.0,1,1.0,1,1.0,1,0.31323948149391895,28
22,1,96,8,88,0,0,0,1.0,1,1.0,1,1.0,1,0.32281134204286743,28
23,2,98,9,89,0,0,0,1.0,1,1.0,1,1.0,1,0.31308455031190086,27
24,3,101,12,89,0,0,0,1.0,1,1.0,1,1.0,1,0.33788709270706824,28
25,4,105,15,90,0,0,0,1.0,1,1.0,1,1.0,1,0.25261695270150114,28
26,4,109,17,92,0,0,0,1.0,1,1.0,1,1.0,1,0.1859443931412928,30
27,2,111,18,93,0,0,0,1.0,1,1.0,1,1.0,1,0.1726157591782315,30
28,2,113,20,93,0,0,0,1.0,1,1.0,1,1.0,1,0.18930955230521654,31
29,0,113,20,93,0,0,0,1.0,1,1.0,1,1.0,1,0.19240375262066278,30
30,1,114,21,93,0,0,0,1.0,1,1.0,1,1.0,1,0.19370401723998446,30
31,0,114,21,93,0,0,0,1.0,1,1.0,1,1.0,1,0.2047723026426069,31
32,5,119,23,96,0,0,0,1.0,1,1.0,1,1.0,1,0.23530252150953043,31
33,2,121,25,96,0,0,0,1.0,1,1.0,1,1.0,1,0.29849375197736416,31
34,2,123,26,97,0,0,0,1.0,1,1.0,1,1.0,1,0.28964826311153086,29
35,0,123,26,97,0,0,0,1.0,1,1.0,1,1.0,1,0.2871034231155779,30
36,0,123,26,97,0,0,0,1.0,1,1.0,1,1.0,1,0.3079042509854282,30
37,2,125,27,98,0,0,0,1.0,1,1.0,1,1.0,1,0.31024485204539093,31
38,0,125,27,98,0,0,0,1.0,1,1.0,1,1.0,1,0.30568361609324096,32
39,5,130,27,103,0,0,0,1.0,1,1.0,1,1.0,1,0.2551971234638716,36
40,0,130,27,103,0,0,0,1.0,1,1.0,1,1.0,1,0.2579403340241946,37
41,0,130,27,103,0,0,0,1.0,1,1.0,1,1.0,1,0.2579403340241946,37
42,2,132,27,105,0,0,0,1.0,1,1.0,1,1.0,1,0.20417881776558788,38
43,5,137,29,108,0,0,0,1.0,1,1.0,1,1.0,1,0.23992544157959875,40
44,1,138,29,109,0,0,0,1.0,1,1.0,1,1.0,1,0.2387763784042832,39
45,2,140,30,110,0,0,0,1.0,1,1.0,1,1.0,1,0.25698415742872294,40
46,0,140,30,110,0,0,0,1.0,1,1.0,1,1.0,1,0.2563106462246923,39
47,0,140,30,110,0,0,0,1.0,1,1.0,1,1.0,1,0.2563106462246923,39
48,0,140,30,110,0,0,0,1.0,1,1.0,1,1.0,1,0.2563106462246923,39
49,2,142,32,110,0,0,0,1.0,1,1.0,1,1.0,1,0.25785190018777526,37
50,0,142,32,110,0,0,0,1.0,1,1.0,1,1.0,1,0.27763142454588813,35
51,2,144,32,112,0,0,0,1.0,1,1.0,1,1.0,1,0.24332759337539905,34
52,0,144,32,112,0,0,0,1.0,1,1.0,1,1.0,1,0.25462197633417577,34
53,2,146,33,113,0,0,0,1.0,1,1.0,1,1.0,1,0.20499600791650296,35
54,0,146,33,113,0,0,0,1.0,1,1.0,1,1.0,1,0.22806333589872826,36
55,2,148,34,114,0,0,0,1.0,1,1.0,1,1.0,1,0.15962450834720654,36
56,3,151,36,115,0,0,0,1.0,1,1.0,1,1.0,1,0.19168597278699961,36
57,1,152,36,116,0,0,0,1.0,1,1.0,1,1.0,1,0.19667860599132247,37
58,3,155,39,116,0,0,0,1.0,1,1.0,1,1.0,1,0.25833059798706365,38
59,1,156,40,116,0,0,0,1.0,1,1.0,1,1.0,1,0.2450167712736331,37
60,2,158,40,118,0,0,0,1.0,1,1.0,1,1.0,1,0.20471988924142734,38
61,4,162,41,121,0,0,0,1.0,1,1.0,1,1.0,1,0.19597977183854226,37
62,2,164,42,122,0,0,0,1.0,1,1.0,1,1.0,1,0.19561561098863187,39
63,1,165,43,122,0,0,0,1.0,1,1.0,1,1.0,1,0.22850154723060975,39
64,1,166,44,122,0,0,0,1.0,1,1.0,1,1.0,1,0.23716219197904595,38
65,1,167,45,122,0,0,0,1.0,1,1.0,1,1.0,1,0.23049553348166682,39
66,2,169,47,122,0,0,0,1.0,1,1.0,1,1.0,1,0.28269822892027835,39
67,0,169,47,122,0,0,0,1.0,1,1.0,1,1.0,1,0.28634588707783576,36
68,2,171,48,123,0,0,0,1.0,1,1.0,1,1.0,1,0.3050066714372847,36
69,1,172,48,124,0,0,0,1.0,1,1.0,1,1.0,1,0.3091906762196093,37
70,0,172,48,124,0,0,0,1.0,1,1.0,1,1.0,1,0.3428383577076211,36
71,5,177,48,129,0,0,0,1.0,1,1.0,1,1.0,1,0.22579945572400603,38
72,2,179,49,130,0,0,0,1.0,1,1.0,1,1.0,1,0.20476347374391346,38
73,1,180,49,131,0,0,0,1.0,1,1.0,1,1.0,1,0.2001357579320006,37
74,0,180,49,131,0,0,0,1.0,1,1.0,1,1.0,1,0.20058936126958904,38
75,0,180,49,131,0,0,0,1.0,1,1.0,1,1.0,1,0.20058936126958904,38
76,1,181,50,131,0,0,0,1.0,1,1.0,1,1.0,1,0.23877808410434723,39
77,1,182,50,132,0,0,0,1.0,1,1.0,1,1.0,1,0.22589036621940745,40
78,0,182,50,132,0,0,0,1.0,1,1.0,1,1.0,1,0.23838914224936553,41
79,1,183,51,132,0,0,0,1.0,1,1.0,1,1.0,1,0.2549755410827703,41
80,0,183,51,132,0,0,0,1.0,1,1.0,1,1.0,1,0.2549755410827703,41
81,1,184,52,132,0,0,0,1.0,1,1.0,1,1.0,1,0.29699667339968594,41
82,3,187,52,135,0,0,0,1.0,1,1.0,1,1.0,1,0.25941236864382394,44
83,0,187,52,135,0,0,0,1.0,1,1.0,1,1.0,1,0.25941236864382394,44
84,2,189,52,137,0,0,0,1.0,1,1.0,1,1.0,1,0.23767286908937224,45
85,0,189,52,137,0,0,0,1.0,1,1.0,1,1.0,1,0.23767286908937224,45
86,0,189,52,137,0,0,0,1.0,1,1.0,1,1.0,1,0.23767286908937224,45
87,2,191,53,138,0,0,0,1.0,1,1.0,1,1.0,1,0.2858306343318253,44
88,0,191,53,138,0,0,0,1.0,1,1.0,1,1.0,1,0.2858306343318253,44
89,1,192,54,138,0,0,0,1.0,1,1.0,1,1.0,1,0.2900571741482897,43
90,0,192,54,138,0,0,0,1.0,1,1.0,1,1.0,1,0.3375045378469467,44
91,1,193,55,138,0,0,0,1.0,1,1.0,1,1.0,1,0.3646589717967026,44
92,0,193,55,138,0,0,0,1.0,1,1.0,1,1.0,1,0.3517070289453085,43
93,0,193,55,138,0,0,0,1.0,1,1.0,1,1.0,1,0.36620360830107707,44
94,2,195,57,138,0,0,0,1.0,1,1.0,1,1.0,1,0.38714025620965786,44
95,0,195,57,138,0,0,0,1.0,1,1.0,1,1.0,1,0.3806449717880146,43
96,1,196,58,138,0,0,0,1.0,1,1.0,1,1.0,1,0.36833479129647173,44
97,0,196,58,138,0,0,0,1.0,1,1.0,1,1.0,1,0.36833479129647173,44
98,0,196,58,138,0,0,0,1.0,1,1.0,1,1.0,1,0.3871441812311328,43
99,0,196,58,138,0,0,0,1.0,1,1.0,1,1.0,1,0.3871441812311328,43
100,3,199,58,141,0,0,0,1.0,1,1.0,1,1.0,1,0.33673972960588416,47
101,2,201,58,143,0,0,0,1.0,1,1.0,1,1.0,1,0.3078198238444935,47
102,1,202,59,143,0,0,0,1.0,1,1.0,1,1.0,1,0.32458606307834303,47
103,3,205,61,144,0,0,0,1.0,1,1.0,1,1.0,1,0.31100930522738207,46
104,4,209,63,146,0,0,0,1.0,1,1.0,1,1.0,1,0.30740259544140697,45
105,4,213,65,148,0,0,0,1.0,1,1.0,1,1.0,1,0.2755651670505319,44
106,3,216,68,148,0,0,0,1.0,1,1.0,1,1.0,1,0.2931504868228868,45
107,2,218,69,149,0,0,0,1.0,1,1.0,1,1.0,1,0.2412733327676219,44
108,4,222,71,151,0,0,0,1.0,1,1.0,1,1.0,1,0.230589689544737,46
109,3,225,72,153,0,0,0,1.0,1,1.0,1,1.0,1,0.19730221887223315,46
110,4,229,74,155,0,0,0,1.0,1,1.0,1,1.0,1,0.17975529374705973,46
111,3,232,75,157,0,0,0,1.0,1,1.0,1,1.0,1,0.17587220706278198,46
112,2,234,77,157,0,0,0,1.0,1,1.0,1,1.0,1,0.18912073372903523,46
113,1,235,77,158,0,0,0,1.0,1,1.0,1,1.0,1,0.16526298606649287,46
114,1,236,78,158,0,0,0,1.0,1,1.0,1,1.0,1,0.1547060337741228,46
115,2,238,79,159,0,0,0,1.0,1,1.0,1,1.0,1,0.2002396586125117,47
116,1,239,80,159,0,0,0,1.0,1,1.0,1,1.0,1,0.23483737570948884,47
117,3,242,81,161,0,0,0,1.0,1,1.0,1,1.0,1,0.2523189406549353,45
118,3,245,82,163,0,0,0,1.0,1,1.0,1,1.0,1,0.23086963184796144,46
119,1,246,82,164,0,0,0,1.0,1,1.0,1,1.0,1,0.23288174088628777,46
120,0,246,82,164,0,0,0,1.0,1,1.0,1,1.0,1,0.2142254738302972,47
121,2,248,83,165,0,0,0,1.0,1,1.0,1,1.0,1,0.1881009650440147,46
122,0,248,83,165,0,0,0,1.0,1,1.0,1,1.0,1,0.1881009650440147,46
123,0,248,83,165,0,0,0,1.0,1,1.0,1,1.0,1,0.20936709637841888,45
124,2,250,84,166,0,0,0,1.0,1,1.0,1,1.0,1,0.1960947400353222,46
125,1,251,85,166,0,0,0,1.0,1,1.0,1,1.0,1,0.22498726650933,44
126,0,251,85,166,0,0,0,1.0,1,1.0,1,1.0,1,0.2353637589755756,45
127,2,253,85,168,0,0,0,1.0,1,1.0,1,1.0,1,0.18826996693421472,45
128,0,253,85,168,0,0,0,1.0,1,1.0,1,1.0,1,0.19584187285261753,46
129,1,254,85,169,0,0,0,1.0,1,1.0,1,1.0,1,0.2009276100425506,48
130,5,259,87,172,0,0,0,1.0,1,1.0,1,1.0,1,0.22922144576656905,48
131,1,260,87,173,0,0,0,1.0,1,1.0,1,1.0,1,0.20219001354459773,49
132,3,263,88,175,0,0,0,1.0,1,1.0,1,1.0,1,0.19232932898240368,51
133,3,266,91,175,0,0,0,1.0,1,1.0,1,1.0,1,0.2227383580754385,49
134,5,271,94,177,0,0,0,1.0,1,1.0,1,1.0,1,0.2018262036670088,49
135,0,271,94,177,0,0,0,1.0,1,1.0,1,1.0,1,0.22003587080541812,49
136,5,276,98,178,0,0,0,1.0,1,1.0,1,1.0,1,0.1836414591737744,48
137,0,276,98,178,0,0,0,1.0,1,1.0,1,1.0,1,0.19798466252955327,47
138,4,280,100,180,0,0,0,1.0,1,1.0,1,1.0,1,0.18981808256745258,48
139,2,282,101,181,0,0,0,1.0,1,1.0,1,1.0,1,0.1799327045673968,48
140,3,285,102,183,0,0,0,1.0,1,1.0,1,1.0,1,0.19861540883635107,49
141,4,289,104,185,0,0,0,1.0,1,1.0,1,1.0,1,0.1583236982181459,49
142,1,290,105,185,0,0,0,1.0,1,1.0,1,1.0,1,0.14127473823373,49
143,2,292,107,185,0,0,0,1.0,1,1.0,1,1.0,1,0.15522054867198753,47
144,2,294,109,185,0,0,0,1.0,1,1.0,1,1.0,1,0.16663732874976475,46
145,0,294,109,185,0,0,0,1.0,1,1.0,1,1.0,1,0.15892948719648967,44
146,2,296,111,185,0,0,0,1.0,1,1.0,1,1.0,1,0.1791605813514378,44
147,1,297,112,185,0,0,0,1.0,1,1.0,1,1.0,1,0.21856854963294595,43
148,1,298,112,186,0,0,0,1.0,1,1.0,1,1.0,1,0.18516275914497715,43
149,1,299,113,186,0,0,0,1.0,1,1.0,1,1.0,1,0.1914496770229113,43
150,2,301,115,186,0,0,0,1.0,1,1.0,1,1.0,1,0.18808483945782126,42
151,1,302,116,186,0,0,0,1.0,1,1.0,1,1.0,1,0.21856408895018084,42
152,2,304,117,187,0,0,0,1.0,1,1.0,1,1.0,1,0.2184974039218436,42
153,0,304,117,187,0,0,0,1.0,1,1.0,1,1.0,1,0.22967061181013873,42
154,1,305,118,187,0,0,0,1.0,1,1.0,1,1.0,1,0.2633892660746457,43
155,3,308,118,190,0,0,0,1.0,1,1.0,1,1.0,1,0.23328815813073533,43
156,0,308,118,190,0,0,0,1.0,1,1.0,1,1.0,1,0.21570610584196356,42
157,1,309,118,191,0,0,0,1.0,1,1.0,1,1.0,1,0.2201561626919476,41
158,1,310,118,192,0,0,0,1.0,1,1.0,1,1.0,1,0.19610535594282488,42
159,0,310,118,192,0,0,0,1.0,1,1.0,1,1.0,1,0.20218345235648205,43
160,5,315,121,194,0,0,0,1.0,1,1.0,1,1.0,1,0.19490891626495702,44
161,4,319,122,197,0,0,0,1.0,1,1.0,1,1.0,1,0.18743171728364622,44
162,4,323,124,199,0,0,0,1.0,1,1.0,1,1.0,1,0.22780788364571292,45
163,2,325,125,200,0,0,0,1.0,1,1.0,1,1.0,1,0.25187613570008244,43
164,2,327,127,200,0,0,0,1.0,1,1.0,1,1.0,1,0.24201729665850383,42
165,5,332,131,201,0,0,0,1.0,1,1.0,1,1.0,1,0.23644635828631666,42
166,0,332,131,201,0,0,0,1.0,1,1.0,1,1.0,1,0.27291332044391625,42
167,1,333,132,201,0,0,0,1.0,1,1.0,1,1.0,1,0.2697407175933601,41
168,1,334,132,202,0,0,0,1.0,1,1.0,1,1.0,1,0.21125409231225456,40
169,1,335,133,202,0,0,0,1.0,1,1.0,1,1.0,1,0.181167336113851,40
170,0,335,133,202,0,0,0,1.0,1,1.0,1,1.0,1,0.15421905094086916,38
171,0,335,133,202,0,0,0,1.0,1,1.0,1,1.0,1,0.15840206989938732,37
172,3,338,136,202,0,0,0,1.0,1,1.0,1,1.0,1,0.17500864791804058,35
173,3,341,138,203,0,0,0,1.0,1,1.0,1,1.0,1,0.28001839752459856,36
174,2,343,140,203,0,0,0,1.0,1,1.0,1,1.0,1,0.27431163601050074,34
175,0,343,140,203,0,0,0,1.0,1,1.0,1,1.0,1,0.327656019634029,33
176,3,346,141,205,0,0,0,1.0,1,1.0,1,1.0,1,0.28727464040717177,34
177,0,346,141,205,0,0,0,1.0,1,1.0,1,1.0,1,0.2541001867501562,36
178,1,347,142,205,0,0,0,1.0,1,1.0,1,1.0,1,0.2416405684825567,37
179,1,348,143,205,0,0,0,1.0,1,1.0,1,1.0,1,0.2742171167327855,37
180,0,348,143,205,0,0,0,1.0,1,1.0,1,1.0,1,0.28376371733287115,36
181,0,348,143,205,0,0,0,1.0,1,1.0,1,1.0,1,0.28376371733287115,36
182,2,350,144,206,0,0,0,1.0,1,1.0,1,1.0,1,0.2786808272170528,38
183,1,351,145,206,0,0,0,1.0,1,1.0,1,1.0,1,0.2750572922308875,37
184,3,354,148,206,0,0,0,1.0,1,1.0,1,1.0,1,0.304122126081216,36
185,3,357,149,208,0,0,0,1.0,1,1.0,1,1.0,1,0.26512785997625643,35
186,0,357,149,208,0,0,0,1.0,1,1.0,1,1.0,1,0.27200753550908285,34
187,3,360,152,208,0,0,0,1.0,1,1.0,1,1.0,1,0.3024405838989319,33
188,3,363,153,210,0,0,0,1.0,1,1.0,1,1.0,1,0.2574656458239655,33
189,4,367,157,210,0,0,0,1.0,1,1.0,1,1.0,1,0.34320337694443925,33
190,1,368,157,211,0,0,0,1.0,1,1.0,1,1.0,1,0.3137698695460485,32
191,3,371,158,213,0,0,0,1.0,1,1.0,1,1.0,1,0.292552111318358,34
192,1,372,158,214,0,0,0,1.0,1,1.0,1,1.0,1,0.2755824022277767,34
193,0,372,158,214,0,0,0,1.0,1,1.0,1,1.0,1,0.2623321223079003,35
194,2,374,158,216,0,0,0,1.0,1,1.0,1,1.0,1,0.23510341550260846,37
195,0,374,158,216,0,0,0,1.0,1,1.0,1,1.0,1,0.2356297499362254,36
196,1,375,158,217,0,0,0,1.0,1,1.0,1,1.0,1,0.1950536158192811,36
197,3,378,159,219,0,0,0,1.0,1,1.0,1,1.0,1,0.1991120787648021,37
198,2,380,160,220,0,0,0,1.0,1,1.0,1,1.0,1,0.17445876795784943,37
199,0,380,160,220,0,0,0,1.0,1,1.0,1,1.0,1,0.17445876795784943,37
200,0,380,160,220,0,0,0,1.0,1,1.0,1,1.0,1,0.17445876795784943,37
201,0,380,160,220,0,0,0,1.0,1,1.0,1,1.0,1,0.1454841345551401,36
202,1,381,161,220,0,0,0,1.0,1,1.0,1,1.0,1,0.12106046350853839,36
203,1,382,162,220,0,0,0,1.0,1,1.0,1,1.0,1,0.09891078536926003,35
204,1,383,163,220,0,0,0,1.0,1,1.0,1,1.0,1,0.1554491661216094,35
205,3,386,166,220,0,0,0,1.0,1,1.0,1,1.0,1,0.21215658427391798,35
206,2,388,167,221,0,0,0,1.0,1,1.0,1,1.0,1,0.23214582188963354,34
207,0,388,167,221,0,0,0,1.0,1,1.0,1,1.0,1,0.25709715922969084,34
208,2,390,168,222,0,0,0,1.0,1,1.0,1,1.0,1,0.3142643164583524,33
209,0,390,168,222,0,0,0,1.0,1,1.0,1,1.0,1,0.32083771295028346,33
210,2,392,170,222,0,0,0,1.0,1,1.0,1,1.0,1,0.3540209004664093,34
211,3,395,171,224,0,0,0,1.0,1,1.0,1,1.0,1,0.3746221395924614,33
212,1,396,171,225,0,0,0,1.0,1,1.0,1,1.0,1,0.3244367917266749,33
213,1,397,171,226,0,0,0,1.0,1,1.0,1,1.0,1,0.3057167245058115,35
214,3,400,173,227,0,0,0,1.0,1,1.0,1,1.0,1,0.2472132561502484,34
215,1,401,174,227,0,0,0,1.0,1,1.0,1,1.0,1,0.23710623012944548,35
216,1,402,175,227,0,0,0,1.0,1,1.0,1,1.0,1,0.2701084647525871,36
217,2,404,176,228,0,0,0,1.0,1,1.0,1,1.0,1,0.26785137479660664,36
218,5,409,179,230,0,0,0,1.0,1,1.0,1,1.0,1,0.31986068326063527,36
219,3,412,180,232,0,0,0,1.0,1,1.0,1,1.0,1,0.2706692545208642,37
220,2,414,181,233,0,0,0,1.0,1,1.0,1,1.0,1,0.24120502221692883,38
221,2,416,181,235,0,0,0,1.0,1,1.0,1,1.0,1,0.19775824903647748,37
222,2,418,182,236,0,0,0,1.0,1,1.0,1,1.0,1,0.14572760082588293,38
223,1,419,183,236,0,0,0,1.0,1,1.0,1,1.0,1,0.16071372149702087,38
224,5,424,186,238,0,0,0,1.0,1,1.0,1,1.0,1,0.2478736339309748,38
225,0,424,186,238,0,0,0,1.0,1,1.0,1,1.0,1,0.22362832467422092,36
226,4,428,187,241,0,0,0,1.0,1,1.0,1,1.0,1,0.21491626420847268,37
227,2,430,189,241,0,0,0,1.0,1,1.0,1,1.0,1,0.21509929818175888,35
228,1,431,190,241,0,0,0,1.0,1,1.0,1,1.0,1,0.23198532705215003,35
229,3,434,193,241,0,0,0,1.0,1,1.0,1,1.0,1,0.21272324033639514,35
230,2,436,194,242,0,0,0,1.0,1,1.0,1,1.0,1,0.22135862685408117,35
231,4,440,197,243,0,0,0,1.0,1,1.0,1,1.0,1,0.1374274261352185,35
232,3,443,199,244,0,0,0,1.0,1,1.0,1,1.0,1,0.1571625834928061,36
233,1,444,199,245,0,0,0,1.0,1,1.0,1,1.0,1,0.12149564681600666,36
234,1,445,200,245,0,0,0,1.0,1,1.0,1,1.0,1,0.16487032496695547,34
235,2,447,202,245,0,0,0,1.0,1,1.0,1,1.0,1,0.2315803363536224,33
236,0,447,202,245,0,0,0,1.0,1,1.0,1,1.0,1,0.21075343753993028,31
237,2,449,203,246,0,0,0,1.0,1,1.0,1,1.0,1,0.22034819363751248,32
238,2,451,205,246,0,0,0,1.0,1,1.0,1,1.0,1,0.25996072380535096,31
239,1,452,206,246,0,0,0,1.0,1,1.0,1,1.0,1,0.2523609347829732,30
240,1,453,207,246,0,0,0,1.0,1,1.0,1,1.0,1,0.2690042480437177,27
241,3,456,210,246,0,0,0,1.0,1,1.0,1,1.0,1,0.3084091671275191,27
242,1,457,210,247,0,0,0,1.0,1,1.0,1,1.0,1,0.28424118216212724,28
243,1,458,211,247,0,0,0,1.0,1,1.0,1,1.0,1,0.30595888916849334,28
244,1,459,212,247,0,0,0,1.0,1,1.0,1,1.0,1,0.34038913287107375,27
245,3,462,214,248,0,0,0,1.0,1,1.0,1,1.0,1,0.39783724420361555,27
246,1,463,215,248,0,0,0,1.0,1,1.0,1,1.0,1,0.3925102324338904,25
247,0,463,215,248,0,0,0,1.0,1,1.0,1,1.0,1,0.3846592294197104,24
248,1,464,215,249,0,0,0,1.0,1,1.0,1,1.0,1,0.33322789066651953,24
249,1,465,216,249,0,0,0,1.0,1,1.0,1,1.0,1,0.4074044163947722,25
250,2,467,216,251,0,0,0,1.0,1,1.0,1,1.0,1,0.3426095138554335,27
251,1,468,216,252,0,0,0,1.0,1,1.0,1,1.0,1,0.3038458502497676,27
252,3,471,217,254,0,0,0,1.0,1,1.0,1,1.0,1,0.26722006623380085,27
253,1,472,217,255,0,0,0,1.0,1,1.0,1,1.0,1,0.2795619334784458,29
254,2,474,219,255,0,0,0,1.0,1,1.0,1,1.0,1,0.28852766176992706,30
255,1,475,220,255,0,0,0,1.0,1,1.0,1,1.0,1,0.33368792205979253,31
256,2,477,222,255,0,0,0,1.0,1,1.0,1,1.0,1,0.296994746583311,31
257,4,481,222,259,0,0,0,1.0,1,1.0,1,1.0,1,0.24612073253279845,33
258,1,482,222,260,0,0,0,1.0,1,1.0,1,1.0,1,0.22443754513019287,33
259,0,482,222,260,0,0,0,1.0,1,1.0,1,1.0,1,0.22443754513019287,33
260,6,488,225,263,0,0,0,1.0,1,1.0,1,1.0,1,0.2929732549671668,35
261,1,489,225,264,0,0,0,1.0,1,1.0,1,1.0,1,0.2840468483005562,35
262,3,492,227,265,0,0,0,1.0,1,1.0,1,1.0,1,0.337926642922402,35
263,0,492,227,265,0,0,0,1.0,1,1.0,1,1.0,1,0.342234483617839,34
264,0,492,227,265,0,0,0,1.0,1,1.0,1,1.0,1,0.33879650268585654,32
265,1,493,228,265,0,0,0,1.0,1,1.0,1,1.0,1,0.3202287001473794,30
266,3,496,230,266,0,0,0,1.0,1,1.0,1,1.0,1,0.32983757012253867,31
267,1,497,231,266,0,0,0,1.0,1,1.0,1,1.0,1,0.33762081163723284,30
268,0,497,231,266,0,0,0,1.0,1,1.0,1,1.0,1,0.3619116332371095,31
269,1,498,232,266,0,0,0,1.0,1,1.0,1,1.0,1,0.3510671018874394,31
270,3,501,233,268,0,0,0,1.0,1,1.0,1,1.0,1,0.38977767584644857,32
271,0,501,233,268,0,0,0,1.0,1,1.0,1,1.0,1,0.39942148051224063,31
272,3,504,234,270,0,0,0,1.0,1,1.0,1,1.0,1,0.44566130275831994,32
273,1,505,234,271,0,0,0,1.0,1,1.0,1,1.0,1,0.4350160961372587,32
274,1,506,235,271,0,0,0,1.0,1,1.0,1,1.0,1,0.44424921233309905,32
275,3,509,235,274,0,0,0,1.0,1,1.0,1,1.0,1,0.30538439456907923,33
276,4,513,236,277,0,0,0,1.0,1,1.0,1,1.0,1,0.279825272505502,34
277,1,514,237,277,0,0,0,1.0,1,1.0,1,1.0,1,0.24335769506669225,32
278,0,514,237,277,0,0,0,1.0,1,1.0,1,1.0,1,0.22314829193219243,31
279,1,515,237,278,0,0,0,1.0,1,1.0,1,1.0,1,0.19334630435973926,31
280,3,518,238,280,0,0,0,1.0,1,1.0,1,1.0,1,0.19142390058109446,30
281,0,518,238,280,0,0,0,1.0,1,1.0,1,1.0,1,0.16093656906493245,31
282,0,518,238,280,0,0,0,1.0,1,1.0,1,1.0,1,0.149853644350745,30
283,0,518,238,280,0,0,0,1.0,1,1.0,1,1.0,1,0.1787948161739301,31
284,1,519,239,280,0,0,0,1.0,1,1.0,1,1.0,1,0.2258003677544031,31
285,3,522,240,282,0,0,0,1.0,1,1.0,1,1.0,1,0.21081499350326594,31
286,0,522,240,282,0,0,0,1.0,1,1.0,1,1.0,1,0.21081499350326594,31
287,4,526,242,284,0,0,0,1.0,1,1.0,1,1.0,1,0.23899987253653923,33
288,0,526,242,284,0,0,0,1.0,1,1.0,1,1.0,1,0.22544144748024453,32
289,1,527,243,284,0,0,0,1.0,1,1.0,1,1.0,1,0.3140856311010941,32
290,0,527,243,284,0,0,0,1.0,1,1.0,1,1.0,1,0.30030337094872644,31
291,0,527,243,284,0,0,0,1.0,1,1.0,1,1.0,1,0.2947578935181123,30
292,1,528,244,284,0,0,0,1.0,1,1.0,1,1.0,1,0.2860534005679541,32
293,0,528,244,284,0,0,0,1.0,1,1.0,1,1.0,1,0.2860534005679541,32
294,0,528,244,284,0,0,0,1.0,1,1.0,1,1.0,1,0.2860534005679541,32
295,1,529,244,285,0,0,0,1.0,1,1.0,1,1.0,1,0.2930618675953085,34
296,1,530,245,285,0,0,0,1.0,1,1.0,1,1.0,1,0.26345353498153407,34
297,3,533,246,287,0,0,0,1.0,1,1.0,1,1.0,1,0.23802434587123816,34
298,0,533,246,287,0,0,0,1.0,1,1.0,1,1.0,1,0.24551344339999973,35
299,1,534,246,288,0,0,0,1.0,1,1.0,1,1.0,1,0.2674225363580717,35
300,2,536,248,288,0,0,0,1.0,1,1.0,1,1.0,1,0.29389955575664856,35
301,1,537,248,289,0,0,0,1.0,1,1.0,1,1.0,1,0.276771751982861,38
302,2,539,250,289,0,0,0,1.0,1,1.0,1,1.0,1,0.31140730489306473,38
303,4,543,253,290,0,0,0,1.0,1,1.0,1,1.0,1,0.3125957340367976,37
304,1,544,253,291,0,0,0,1.0,1,1.0,1,1.0,1,0.30152487333559685,37
305,2,546,255,291,0,0,0,1.0,1,1.0,1,1.0,1,0.3674632942995471,36
306,2,548,255,293,0,0,0,1.0,1,1.0,1,1.0,1,0.3313130080663676,36
307,0,548,255,293,0,0,0,1.0,1,1.0,1,1.0,1,0.3341048617479847,35
308,1,549,256,293,0,0,0,1.0,1,1.0,1,1.0,1,0.3093679651331189,37
309,1,550,256,294,0,0,0,1.0,1,1.0,1,1.0,1,0.29397783202799893,37
310,0,550,256,294,0,0,0,1.0,1,1.0,1,1.0,1,0.29397783202799893,37
311,2,552,256,296,0,0,0,1.0,1,1.0,1,1.0,1,0.2425025686803542,39
312,0,552,256,296,0,0,0,1.0,1,1.0,1,1.0,1,0.25512065400953765,40
313,0,552,256,296,0,0,0,1.0,1,1.0,1,1.0,1,0.24549251180231407,39
314,0,552,256,296,0,0,0,1.0,1,1.0,1,1.0,1,0.25676271252232447,40
315,0,552,256,296,0,0,0,1.0,1,1.0,1,1.0,1,0.23570829568595345,39
316,0,552,256,296,0,0,0,1.0,1,1.0,1,1.0,1,0.23570829568595345,39
317,0,552,256,296,0,0,0,1.0,1,1.0,1,1.0,1,0.24679930474360445,40
318,3,555,257,298,0,0,0,1.0,1,1.0,1,1.0,1,0.18902357982415563,41
319,0,555,257,298,0,0,0,1.0,1,1.0,1,1.0,1,0.25254677841930223,41
320,1,556,258,298,0,0,0,1.0,1,1.0,1,1.0,1,0.2728929213228444,41
321,3,559,258,301,0,0,0,1.0,1,1.0,1,1.0,1,0.20963630159941574,41
322,3,562,260,302,0,0,0,1.0,1,1.0,1,1.0,1,0.18610104765586133,41
323,0,562,260,302,0,0,0,1.0,1,1.0,1,1.0,1,0.18610104765586133,41
324,4,566,262,304,0,0,0,1.0,1,1.0,1,1.0,1,0.22017449024629807,42
325,1,567,263,304,0,0,0,1.0,1,1.0,1,1.0,1,0.23993867555347304,42
326,4,571,264,307,0,0,0,1.0,1,1.0,1,1.0,1,0.2779285103684894,42
327,1,572,264,308,0,0,0,1.0,1,1.0,1,1.0,1,0.24346449016569377,42
328,2,574,264,310,0,0,0,1.0,1,1.0,1,1.0,1,0.22988390253198795,43
329,1,575,264,311,0,0,0,1.0,1,1.0,1,1.0,1,0.21570085733987088,43
330,1,576,264,312,0,0,0,1.0,1,1.0,1,1.0,1,0.21734100511090865,45
331,3,579,264,315,0,0,0,1.0,1,1.0,1,1.0,1,0.1711937212955023,45
332,1,580,265,315,0,0,0,1.0,1,1.0,1,1.0,1,0.1878693355328318,45
333,1,581,265,316,0,0,0,1.0,1,1.0,1,1.0,1,0.18264698231751575,46
334,1,582,265,317,0,0,0,1.0,1,1.0,1,1.0,1,0.15392765753162033,48
335,0,582,265,317,0,0,0,1.0,1,1.0,1,1.0,1,0.15392765753162033,48
336,1,583,266,317,0,0,0,1.0,1,1.0,1,1.0,1,0.1656358007667154,48
337,1,584,266,318,0,0,0,1.0,1,1.0,1,1.0,1,0.17340634167829638,49
338,1,585,267,318,0,0,0,1.0,1,1.0,1,1.0,1,0.15412925504739255,50
339,0,585,267,318,0,0,0,1.0,1,1.0,1,1.0,1,0.15412925504739255,50
340,0,585,267,318,0,0,0,1.0,1,1.0,1,1.0,1,0.15412925504739255,50
341,1,586,267,319,0,0,0,1.0,1,1.0,1,1.0,1,0.1258407759263155,51
342,3,589,268,321,0,0,0,1.0,1,1.0,1,1.0,1,0.13714922165249088,51
343,0,589,268,321,0,0,0,1.0,1,1.0,1,1.0,1,0.14163561301074892,51
344,0,589,268,321,0,0,0,1.0,1,1.0,1,1.0,1,0.14159245205105228,50
345,2,591,269,322,0,0,0,1.0,1,1.0,1,1.0,1,0.13359024445705886,51
346,3,594,270,324,0,0,0,1.0,1,1.0,1,1.0,1,0.179140142216616,51
347,6,600,274,326,0,0,0,1.0,1,1.0,1,1.0,1,0.18066813461784698,51
348,3,603,276,327,0,0,0,1.0,1,1.0,1,1.0,1,0.23885180167472234,53
349,2,605,276,329,0,0,0,1.0,1,1.0,1,1.0,1,0.19865462838119227,55
350,0,605,276,329,0,0,0,1.0,1,1.0,1,1.0,1,0.21446566840693043,54
351,6,611,278,333,0,0,0,1.0,1,1.0,1,1.0,1,0.16945949129830384,54
352,1,612,279,333,0,0,0,1.0,1,1.0,1,1.0,1,0.18863871012320577,53
353,2,614,281,333,0,0,0,1.0,1,1.0,1,1.0,1,0.19623929389343633,53
354,0,614,281,333,0,0,0,1.0,1,1.0,1,1.0,1,0.17923289342444862,50
355,1,615,281,334,0,0,0,1.0,1,1.0,1,1.0,1,0.1900503053183544,51
356,0,615,281,334,0,0,0,1.0,1,1.0,1,1.0,1,0.2155937199594685,51
357,2,617,283,334,0,0,0,1.0,1,1.0,1,1.0,1,0.21732005675054095,50
358,1,618,284,334,0,0,0,1.0,1,1.0,1,1.0,1,0.26291872929604704,48
359,4,622,286,336,0,0,0,1.0,1,1.0,1,1.0,1,0.27457253214357946,47
360,0,622,286,336,0,0,0,1.0,1,1.0,1,1.0,1,0.2932897712471732,45
361,2,624,286,338,0,0,0,1.0,1,1.0,1,1.0,1,0.28010810196765246,44
362,0,624,286,338,0,0,0,1.0,1,1.0,1,1.0,1,0.2831741050593058,44
363,2,626,287,339,0,0,0,1.0,1,1.0,1,1.0,1,0.2857554476727627,44
364,1,627,288,339,0,0,0,1.0,1,1.0,1,1.0,1,0.24380397730693823,43
365,1,628,289,339,0,0,0,1.0,1,1.0,1,1.0,1,0.23707793233549593,43
366,1,629,290,339,0,0,0,1.0,1,1.0,1,1.0,1,0.2789642276308966,45
367,2,631,291,340,0,0,0,1.0,1,1.0,1,1.0,1,0.26909437146440635,44
368,1,632,291,341,0,0,0,1.0,1,1.0,1,1.0,1,0.2339170482292074,46
369,1,633,292,341,0,0,0,1.0,1,1.0,1,1.0,1,0.2732896447108717,45
370,0,633,292,341,0,0,0,1.0,1,1.0,1,1.0,1,0.27811347765018346,46
371,2,635,292,343,0,0,0,1.0,1,1.0,1,1.0,1,0.28912675547333677,47
372,0,635,292,343,0,0,0,1.0,1,1.0,1,1.0,1,0.2937994164123725,48
373,2,637,292,345,0,0,0,1.0,1,1.0,1,1.0,1,0.2686124828128979,48
374,0,637,292,345,0,0,0,1.0,1,1.0,1,1.0,1,0.28116700601740674,49
375,4,641,292,349,0,0,0,1.0,1,1.0,1,1.0,1,0.2109296764236852,49
376,1,642,293,349,0,0,0,1.0,1,1.0,1,1.0,1,0.21111956206102347,49
377,2,644,295,349,0,0,0,1.0,1,1.0,1,1.0,1,0.2188914212730669,49
378,3,647,297,350,0,0,0,1.0,1,1.0,1,1.0,1,0.21167887920244427,49
379,4,651,298,353,0,0,0,1.0,1,1.0,1,1.0,1,0.1743034690643005,50
380,1,652,299,353,0,0,0,1.0,1,1.0,1,1.0,1,0.19617886545643884,50
381,4,656,300,356,0,0,0,1.0,1,1.0,1,1.0,1,0.14237279269185785,51
382,2,658,301,357,0,0,0,1.0,1,1.0,1,1.0,1,0.13909526598850744,50
383,1,659,302,357,0,0,0,1.0,1,1.0,1,1.0,1,0.1549638177285056,51
384,0,659,302,357,0,0,0,1.0,1,1.0,1,1.0,1,0.16299376416226488,50
385,1,660,303,357,0,0,0,1.0,1,1.0,1,1.0,1,0.173032958567101,50
386,0,660,303,357,0,0,0,1.0,1,1.0,1,1.0,1,0.16829357010874868,48
387,0,660,303,357,0,0,0,1.0,1,1.0,1,1.0,1,0.18839065946651887,47
388,2,662,305,357,0,0,0,1.0,1,1.0,1,1.0,1,0.2037455582632642,48
389,0,662,305,357,0,0,0,1.0,1,1.0,1,1.0,1,0.20790845778094205,47
390,2,664,306,358,0,0,0,1.0,1,1.0,1,1.0,1,0.20467712528170856,49
391,4,668,309,359,0,0,0,1.0,1,1.0,1,1.0,1,0.19355492039888958,46
392,3,671,310,361,0,0,0,1.0,1,1.0,1,1.0,1,0.24004609149302136,46
393,3,674,313,361,0,0,0,1.0,1,1.0,1,1.0,1,0.2896309074152903,44
394,3,677,315,362,0,0,0,1.0,1,1.0,1,1.0,1,0.31248771721047947,43
395,2,679,315,364,0,0,0,1.0,1,1.0,1,1.0,1,0.3051943261418689,42
396,2,681,317,364,0,0,0,1.0,1,1.0,1,1.0,1,0.39127279305856677,39
397,2,683,318,365,0,0,0,1.0,1,1.0,1,1.0,1,0.42159137874809377,39
398,0,683,318,365,0,0,0,1.0,1,1.0,1,1.0,1,0.42635135680875835,36
399,0,683,318,365,0,0,0,1.0,1,1.0,1,1.0,1,0.42635135680875835,36
400,2,685,320,365,0,0,0,1.0,1,1.0,1,1.0,1,0.457453852157875,34
401,6,691,321,370,0,0,0,1.0,1,1.0,1,1.0,1,0.31151264174254967,33
402,1,692,321,371,0,0,0,1.0,1,1.0,1,1.0,1,0.2765884655007982,34
403,0,692,321,371,0,0,0,1.0,1,1.0,1,1.0,1,0.2731405956117176,36
404,2,694,323,371,0,0,0,1.0,1,1.0,1,1.0,1,0.27525902781907136,36
405,0,694,323,371,0,0,0,1.0,1,1.0,1,1.0,1,0.27163337656680714,37
406,0,694,323,371,0,0,0,1.0,1,1.0,1,1.0,1,0.27163337656680714,37
407,1,695,323,372,0,0,0,1.0,1,1.0,1,1.0,1,0.23332819874004349,39
408,3,698,323,375,0,0,0,1.0,1,1.0,1,1.0,1,0.24993928748201394,40
409,7,705,323,382,0,0,0,1.0,1,1.0,1,1.0,1,0.27897350268330234,41
410,6,711,325,386,0,0,0,1.0,1,1.0,1,1.0,1,0.2893250530832177,42
411,3,714,325,389,0,0,0,1.0,1,1.0,1,1.0,1,0.26382193749599814,43
412,1,715,326,389,0,0,0,1.0,1,1.0,1,1.0,1,0.25846825099150916,44
413,1,716,327,389,0,0,0,1.0,1,1.0,1,1.0,1,0.25096896634923177,44
414,0,716,327,389,0,0,0,1.0,1,1.0,1,1.0,1,0.25563659823311874,45
415,0,716,327,389,0,0,0,1.0,1,1.0,1,1.0,1,0.25563659823311874,45
416,1,717,327,390,0,0,0,1.0,1,1.0,1,1.0,1,0.2372410803413892,46
417,3,720,329,391,0,0,0,1.0,1,1.0,1,1.0,1,0.2172906521508116,46
418,2,722,329,393,0,0,0,1.0,1,1.0,1,1.0,1,0.19406362317083084,47
419,0,722,329,393,0,0,0,1.0,1,1.0,1,1.0,1,0.19406362317083084,47
420,0,722,329,393,0,0,0,1.0,1,1.0,1,1.0,1,0.19406362317083084,47
421,1,723,330,393,0,0,0,1.0,1,1.0,1,1.0,1,0.19955502013759746,47
422,2,725,332,393,0,0,0,1.0,1,1.0,1,1.0,1,0.24285254910830098,49
423,2,727,333,394,0,0,0,1.0,1,1.0,1,1.0,1,0.2465588659513526,47
424,3,730,335,395,0,0,0,1.0,1,1.0,1,1.0,1,0.2590435911925171,45
425,1,731,336,395,0,0,0,1.0,1,1.0,1,1.0,1,0.2843164140250346,46
426,2,733,337,396,0,0,0,1.0,1,1.0,1,1.0,1,0.2962400975496837,46
427,4,737,338,399,0,0,0,1.0,1,1.0,1,1.0,1,0.27442060423815834,45
428,2,739,339,400,0,0,0,1.0,1,1.0,1,1.0,1,0.2653640780856933,45
429,1,740,340,400,0,0,0,1.0,1,1.0,1,1.0,1,0.27891051510691467,42
430,3,743,342,401,0,0,0,1.0,1,1.0,1,1.0,1,0.30779790372485355,40
431,6,749,344,405,0,0,0,1.0,1,1.0,1,1.0,1,0.194196360162203,39
432,2,751,346,405,0,0,0,1.0,1,1.0,1,1.0,1,0.2277202881027835,37
433,2,753,348,405,0,0,0,1.0,1,1.0,1,1.0,1,0.2612549606812749,35
434,1,754,348,406,0,0,0,1.0,1,1.0,1,1.0,1,0.2718581675603463,33
435,0,754,348,406,0,0,0,1.0,1,1.0,1,1.0,1,0.2718581675603463,33
436,0,754,348,406,0,0,0,1.0,1,1.0,1,1.0,1,0.2718581675603463,33
437,2,756,350,406,0,0,0,1.0,1,1.0,1,1.0,1,0.2441253311243822,33
438,0,756,350,406,0,0,0,1.0,1,1.0,1,1.0,1,0.2797267776181597,32
439,2,758,352,406,0,0,0,1.0,1,1.0,1,1.0,1,0.21447754379717487,34
440,0,758,352,406,0,0,0,1.0,1,1.0,1,1.0,1,0.21447754379717487,34
441,1,759,352,407,0,0,0,1.0,1,1.0,1,1.0,1,0.20160425043353705,35
442,2,761,354,407,0,0,0,1.0,1,1.0,1,1.0,1,0.23540790964734848,37
443,6,767,358,409,0,0,0,1.0,1,1.0,1,1.0,1,0.24815278882887348,37
444,0,767,358,409,0,0,0,1.0,1,1.0,1,1.0,1,0.24761107556444306,38
445,3,770,359,411,0,0,0,1.0,1,1.0,1,1.0,1,0.2576497688319768,39
446,2,772,359,413,0,0,0,1.0,1,1.0,1,1.0,1,0.23404218574044627,39
447,3,775,360,415,0,0,0,1.0,1,1.0,1,1.0,1,0.2590867206907039,41
448,4,779,360,419,0,0,0,1.0,1,1.0,1,1.0,1,0.2623402083259229,41
449,4,783,360,423,0,0,0,1.0,1,1.0,1,1.0,1,0.2786290866310308,40
450,5,788,361,427,0,0,0,1.0,1,1.0,1,1.0,1,0.2836950966740356,40
451,4,792,361,431,0,0,0,1.0,1,1.0,1,1.0,1,0.24149849692403738,41
452,0,792,361,431,0,0,0,1.0,1,1.0,1,1.0,1,0.24149849692403738,41
453,0,792,361,431,0,0,0,1.0,1,1.0,1,1.0,1,0.25517263462950374,40
454,2,794,361,433,0,0,0,1.0,1,1.0,1,1.0,1,0.23315699972411763,41
455,3,797,363,434,0,0,0,1.0,1,1.0,1,1.0,1,0.22055373639836032,41
456,1,798,363,435,0,0,0,1.0,1,1.0,1,1.0,1,0.19712064156821787,43
457,2,800,364,436,0,0,0,1.0,1,1.0,1,1.0,1,0.19312083651142734,43
458,1,801,365,436,0,0,0,1.0,1,1.0,1,1.0,1,0.1732171800797465,43
459,0,801,365,436,0,0,0,1.0,1,1.0,1,1.0,1,0.16661794021509355,44
460,3,804,365,439,0,0,0,1.0,1,1.0,1,1.0,1,0.15871853321331736,47
461,1,805,366,439,0,0,0,1.0,1,1.0,1,1.0,1,0.16328109513240682,48
462,0,805,366,439,0,0,0,1.0,1,1.0,1,1.0,1,0.1697687164582411,49
463,0,805,366,439,0,0,0,1.0,1,1.0,1,1.0,1,0.16221857422783093,47
464,3,808,369,439,0,0,0,1.0,1,1.0,1,1.0,1,0.1640946319827865,48
465,2,810,371,439,0,0,0,1.0,1,1.0,1,1.0,1,0.1414505341501721,47
466,1,811,372,439,0,0,0,1.0,1,1.0,1,1.0,1,0.14964260260967258,46
467,4,815,376,439,0,0,0,1.0,1,1.0,1,1.0,1,0.175641195966713,44
468,4,819,380,439,0,0,0,1.0,1,1.0,1,1.0,1,0.1674115566763856,41
469,2,821,382,439,0,0,0,1.0,1,1.0,1,1.0,1,0.15345719106280578,40
470,2,823,384,439,0,0,0,1.0,1,1.0,1,1.0,1,0.22201867363653988,39
471,3,826,386,440,0,0,0,1.0,1,1.0,1,1.0,1,0.19631170686483318,38
472,5,831,390,441,0,0,0,1.0,1,1.0,1,1.0,1,0.2610719069197771,36
473,5,836,393,443,0,0,0,1.0,1,1.0,1,1.0,1,0.29820860622381906,36
474,2,838,394,444,0,0,0,1.0,1,1.0,1,1.0,1,0.24411210290510607,34
475,2,840,396,444,0,0,0,1.0,1,1.0,1,1.0,1,0.30430720806965617,34
476,1,841,397,444,0,0,0,1.0,1,1.0,1,1.0,1,0.2978610294924834,32
477,1,842,398,444,0,0,0,1.0,1,1.0,1,1.0,1,0.3184702210851249,32
478,0,842,398,444,0,0,0,1.0,1,1.0,1,1.0,1,0.2902773503961235,30
479,2,844,400,444,0,0,0,1.0,1,1.0,1,1.0,1,0.354723374850627,31
480,0,844,400,444,0,0,0,1.0,1,1.0,1,1.0,1,0.4174201788211183,27
481,3,847,401,446,0,0,0,1.0,1,1.0,1,1.0,1,0.33951497538058417,28
482,1,848,402,446,0,0,0,1.0,1,1.0,1,1.0,1,0.34374932244683526,28
483,2,850,403,447,0,0,0,1.0,1,1.0,1,1.0,1,0.32313676269276675,29
484,1,851,404,447,0,0,0,1.0,1,1.0,1,1.0,1,0.3503054127618672,29
485,2,853,404,449,0,0,0,1.0,1,1.0,1,1.0,1,0.29069799084163667,29
486,5,858,405,453,0,0,0,1.0,1,1.0,1,1.0,1,0.21150792101110813,31
487,1,859,405,454,0,0,0,1.0,1,1.0,1,1.0,1,0.2227195610136365,33
488,0,859,405,454,0,0,0,1.0,1,1.0,1,1.0,1,0.2328863421838908,34
489,1,860,406,454,0,0,0,1.0,1,1.0,1,1.0,1,0.27214087045195307,34
490,0,860,406,454,0,0,0,1.0,1,1.0,1,1.0,1,0.27214087045195307,34
491,0,860,406,454,0,0,0,1.0,1,1.0,1,1.0,1,0.27214087045195307,34
492,1,861,406,455,0,0,0,1.0,1,1.0,1,1.0,1,0.24473646887957573,34
493,1,862,407,455,0,0,0,1.0,1,1.0,1,1.0,1,0.27423076678998815,34
494,2,864,408,456,0,0,0,1.0,1,1.0,1,1.0,1,0.27920021121332345,36
495,1,865,408,457,0,0,0,1.0,1,1.0,1,1.0,1,0.2533885046363385,36
496,0,865,408,457,0,0,0,1.0,1,1.0,1,1.0,1,0.23677875888202474,37
497,0,865,408,457,0,0,0,1.0,1,1.0,1,1.0,1,0.22249425854782573,39
498,1,866,409,457,0,0,0,1.0,1,1.0,1,1.0,1,0.23916334028425673,40
499,1,867,410,457,0,0,0,1.0,1,1.0,1,1.0,1,0.23671271873816122,40
500,2,869,412,457,0,0,0,1.0,1,1.0,1,1.0,1,0.2931820855397457,42
501,5,874,412,462,0,0,0,1.0,1,1.0,1,1.0,1,0.1865744345807847,42
502,1,875,413,462,0,0,0,1.0,1,1.0,1,1.0,1,0.2087638498176738,42
503,2,877,415,462,0,0,0,1.0,1,1.0,1,1.0,1,0.21530894896299316,41
504,3,880,417,463,0,0,0,1.0,1,1.0,1,1.0,1,0.29392487952414303,42
505,2,882,418,464,0,0,0,1.0,1,1.0,1,1.0,1,0.3051873258866439,38
506,1,883,418,465,0,0,0,1.0,1,1.0,1,1.0,1,0.2816909251832766,37
507,2,885,419,466,0,0,0,1.0,1,1.0,1,1.0,1,0.3037889869593223,35
508,2,887,421,466,0,0,0,1.0,1,1.0,1,1.0,1,0.4181922702452225,35
509,1,888,422,466,0,0,0,1.0,1,1.0,1,1.0,1,0.3771767666957038,34
510,1,889,422,467,0,0,0,1.0,1,1.0,1,1.0,1,0.36144135279410083,34
511,9,898,425,473,0,0,0,1.0,1,1.0,1,1.0,1,0.2486426335959419,32
512,1,899,426,473,0,0,0,1.0,1,1.0,1,1.0,1,0.2734219442932837,30
513,0,899,426,473,0,0,0,1.0,1,1.0,1,1.0,1,0.2478605543683711,31
514,0,899,426,473,0,0,0,1.0,1,1.0,1,1.0,1,0.2478605543683711,31
515,2,901,427,474,0,0,0,1.0,1,1.0,1,1.0,1,0.27033441459293883,32
516,0,901,427,474,0,0,0,1.0,1,1.0,1,1.0,1,0.2532973345519675,31
517,1,902,428,474,0,0,0,1.0,1,1.0,1,1.0,1,0.24063275451970967,32
518,0,902,428,474,0,0,0,1.0,1,1.0,1,1.0,1,0.22534683431446134,31
519,2,904,430,474,0,0,0,1.0,1,1.0,1,1.0,1,0.22015641738067482,31
520,2,906,432,474,0,0,0,1.0,1,1.0,1,1.0,1,0.24811412755431392,33
521,2,908,433,475,0,0,0,1.0,1,1.0,1,1.0,1,0.2305985723655525,34
522,3,911,435,476,0,0,0,1.0,1,1.0,1,1.0,1,0.18018456751522602,34
523,0,911,435,476,0,0,0,1.0,1,1.0,1,1.0,1,0.19449352801166458,33
524,0,911,435,476,0,0,0,1.0,1,1.0,1,1.0,1,0.1991004400606816,34
525,0,911,435,476,0,0,0,1.0,1,1.0,1,1.0,1,0.2337474962540328,32
526,0,911,435,476,0,0,0,1.0,1,1.0,1,1.0,1,0.2337474962540328,32
527,0,911,435,476,0,0,0,1.0,1,1.0,1,1.0,1,0.2650780870684606,31
528,4,915,437,478,0,0,0,1.0,1,1.0,1,1.0,1,0.26727067426787543,31
529,0,915,437,478,0,0,0,1.0,1,1.0,1,1.0,1,0.2816502186672242,30
530,2,917,439,478,0,0,0,1.0,1,1.0,1,1.0,1,0.32825291453670685,30
531,0,917,439,478,0,0,0,1.0,1,1.0,1,1.0,1,0.3435226512296868,32
532,1,918,440,478,0,0,0,1.0,1,1.0,1,1.0,1,0.3932326821775196,32
533,3,921,442,479,0,0,0,1.0,1,1.0,1,1.0,1,0.39360891407021315,34
534,3,924,443,481,0,0,0,1.0,1,1.0,1,1.0,1,0.36011793253965746,34
535,4,928,445,483,0,0,0,1.0,1,1.0,1,1.0,1,0.36974058122952513,37
536,1,929,445,484,0,0,0,1.0,1,1.0,1,1.0,1,0.36380206967048145,37
537,1,930,446,484,0,0,0,1.0,1,1.0,1,1.0,1,0.3736689143270871,37
538,2,932,447,485,0,0,0,1.0,1,1.0,1,1.0,1,0.36893150242140127,38
539,4,936,447,489,0,0,0,1.0,1,1.0,1,1.0,1,0.3405395720530728,38
540,0,936,447,489,0,0,0,1.0,1,1.0,1,1.0,1,0.3405395720530728,38
541,1,937,447,490,0,0,0,1.0,1,1.0,1,1.0,1,0.2946546244864557,39
542,2,939,448,491,0,0,0,1.0,1,1.0,1,1.0,1,0.28231321012140714,40
543,2,941,450,491,0,0,0,1.0,1,1.0,1,1.0,1,0.310215276552792,37
544,4,945,452,493,0,0,0,1.0,1,1.0,1,1.0,1,0.3318910716548491,35
545,0,945,452,493,0,0,0,1.0,1,1.0,1,1.0,1,0.27732015541627725,35
546,3,948,454,494,0,0,0,1.0,1,1.0,1,1.0,1,0.2792020388128448,35
547,1,949,455,494,0,0,0,1.0,1,1.0,1,1.0,1,0.2554641348630814,34
548,1,950,456,494,0,0,0,1.0,1,1.0,1,1.0,1,0.2980298547344064,34
549,3,953,459,494,0,0,0,1.0,1,1.0,1,1.0,1,0.4114432329233704,31
550,0,953,459,494,0,0,0,1.0,1,1.0,1,1.0,1,0.398084050738442,30
551,7,960,463,497,0,0,0,1.0,1,1.0,1,1.0,1,0.40215581118995175,31
552,3,963,463,500,0,0,0,1.0,1,1.0,1,1.0,1,0.26613979268384663,29
553,1,964,463,501,0,0,0,1.0,1,1.0,1,1.0,1,0.21599675209785185,30
554,1,965,463,502,0,0,0,1.0,1,1.0,1,1.0,1,0.18957244900064768,30
555,1,966,463,503,0,0,0,1.0,1,1.0,1,1.0,1,0.1603999647129858,30
556,1,967,463,504,0,0,0,1.0,1,1.0,1,1.0,1,0.19084163857412387,31
557,0,967,463,504,0,0,0,1.0,1,1.0,1,1.0,1,0.25031122020805446,31
558,1,968,463,505,0,0,0,1.0,1,1.0,1,1.0,1,0.23831222762475918,31
559,1,969,463,506,0,0,0,1.0,1,1.0,1,1.0,1,0.19721410612024326,31
560,2,971,463,508,0,0,0,1.0,1,1.0,1,1.0,1,0.1488627332456164,32
561,2,973,465,508,0,0,0,1.0,1,1.0,1,1.0,1,0.13642203367677208,33
562,0,973,465,508,0,0,0,1.0,1,1.0,1,1.0,1,0.13642203367677208,33
563,2,975,467,508,0,0,0,1.0,1,1.0,1,1.0,1,0.17456911709551573,33
564,2,977,468,509,0,0,0,1.0,1,1.0,1,1.0,1,0.19507162356956925,34
565,0,977,468,509,0,0,0,1.0,1,1.0,1,1.0,1,0.20018697543189629,35
566,1,978,468,510,0,0,0,1.0,1,1.0,1,1.0,1,0.20355623291603123,36
567,6,984,471,513,0,0,0,1.0,1,1.0,1,1.0,1,0.24748764374849852,37
568,3,987,472,515,0,0,0,1.0,1,1.0,1,1.0,1,0.2878485588421971,36
569,1,988,473,515,0,0,0,1.0,1,1.0,1,1.0,1,0.24767129316209704,37
570,4,992,473,519,0,0,0,1.0,1,1.0,1,1.0,1,0.22289111548137358,38
571,1,993,473,520,0,0,0,1.0,1,1.0,1,1.0,1,0.17404302151475262,38
572,0,993,473,520,0,0,0,1.0,1,1.0,1,1.0,1,0.18441307662224532,39
573,1,994,474,520,0,0,0,1.0,1,1.0,1,1.0,1,0.19976032756566625,39
574,0,994,474,520,0,0,0,1.0,1,1.0,1,1.0,1,0.22206040239108024,41
575,0,994,474,520,0,0,0,1.0,1,1.0,1,1.0,1,0.22206040239108024,41
576,3,997,474,523,0,0,0,1.0,1,1.0,1,1.0,1,0.15990823005506383,42
577,0,997,474,523,0,0,0,1.0,1,1.0,1,1.0,1,0.15990823005506383,42
578,1,998,475,523,0,0,0,1.0,1,1.0,1,1.0,1,0.19079465577348034,41
579,1,999,476,523,0,0,0,1.0,1,1.0,1,1.0,1,0.21708923644515493,42
580,3,1002,478,524,0,0,0,1.0,1,1.0,1,1.0,1,0.2718609426314554,43
581,2,1004,479,525,0,0,0,1.0,1,1.0,1,1.0,1,0.25078867594801535,42
582,4,1008,479,529,0,0,0,1.0,1,1.0,1,1.0,1,0.2518445015568624,41
583,3,1011,481,530,0,0,0,1.0,1,1.0,1,1.0,1,0.2720210896162372,40
584,0,1011,481,530,0,0,0,1.0,1,1.0,1,1.0,1,0.24504901493703768,38
585,3,1014,483,531,0,0,0,1.0,1,1.0,1,1.0,1,0.14680424563730518,38
586,4,1018,487,531,0,0,0,1.0,1,1.0,1,1.0,1,0.14609160686229994,37
587,1,1019,488,531,0,0,0,1.0,1,1.0,1,1.0,1,0.1773766539569892,35
588,1,1020,489,531,0,0,0,1.0,1,1.0,1,1.0,1,0.2013932777983094,35
589,1,1021,489,532,0,0,0,1.0,1,1.0,1,1.0,1,0.1852459977505756,34
590,1,1022,490,532,0,0,0,1.0,1,1.0,1,1.0,1,0.20600780994177578,36
591,2,1024,492,532,0,0,0,1.0,1,1.0,1,1.0,1,0.221829883146642,35
592,3,1027,493,534,0,0,0,1.0,1,1.0,1,1.0,1,0.16861671362282593,37
593,1,1028,494,534,0,0,0,1.0,1,1.0,1,1.0,1,0.18776698589840932,36
594,2,1030,495,535,0,0,0,1.0,1,1.0,1,1.0,1,0.2109848791118927,35
595,0,1030,495,535,0,0,0,1.0,1,1.0,1,1.0,1,0.19415013931538916,34
596,0,1030,495,535,0,0,0,1.0,1,1.0,1,1.0,1,0.20436091712825957,34
597,2,1032,496,536,0,0,0,1.0,1,1.0,1,1.0,1,0.20125225483454828,33
598,0,1032,496,536,0,0,0,1.0,1,1.0,1,1.0,1,0.21329805426980392,33
599,0,1032,496,536,0,0,0,1.0,1,1.0,1,1.0,1,0.21329805426980392,33
600,2,1034,498,536,0,0,0,1.0,1,1.0,1,1.0,1,0.2724505296316303,33
601,3,1037,499,538,0,0,0,1.0,1,1.0,1,1.0,1,0.27239246035623654,34
602,3,1040,500,540,0,0,0,1.0,1,1.0,1,1.0,1,0.26351101332218985,35
603,0,1040,500,540,0,0,0,1.0,1,1.0,1,1.0,1,0.2727809890797533,35
604,0,1040,500,540,0,0,0,1.0,1,1.0,1,1.0,1,0.25071117575636986,35
605,0,1040,500,540,0,0,0,1.0,1,1.0,1,1.0,1,0.28061554323038007,35
606,1,1041,500,541,0,0,0,1.0,1,1.0,1,1.0,1,0.2805275773788062,35
607,1,1042,501,541,0,0,0,1.0,1,1.0,1,1.0,1,0.3239375208895077,35
608,0,1042,501,541,0,0,0,1.0,1,1.0,1,1.0,1,0.33943765588810226,36
609,2,1044,502,542,0,0,0,1.0,1,1.0,1,1.0,1,0.31359835820290466,37
610,1,1045,502,543,0,0,0,1.0,1,1.0,1,1.0,1,0.30466783262217756,37
611,5,1050,503,547,0,0,0,1.0,1,1.0,1,1.0,1,0.22499506933268693,39
612,3,1053,504,549,0,0,0,1.0,1,1.0,1,1.0,1,0.18376326855025202,39
613,3,1056,506,550,0,0,0,1.0,1,1.0,1,1.0,1,0.20738874075147834,39
614,2,1058,507,551,0,0,0,1.0,1,1.0,1,1.0,1,0.23696514035955066,39
615,0,1058,507,551,0,0,0,1.0,1,1.0,1,1.0,1,0.23696514035955066,39
616,1,1059,508,551,0,0,0,1.0,1,1.0,1,1.0,1,0.25227108392229747,38
617,2,1061,510,551,0,0,0,1.0,1,1.0,1,1.0,1,0.26032826215992944,39
618,2,1063,511,552,0,0,0,1.0,1,1.0,1,1.0,1,0.2847141186742401,40
619,2,1065,512,553,0,0,0,1.0,1,1.0,1,1.0,1,0.27996930961943334,39
620,1,1066,513,553,0,0,0,1.0,1,1.0,1,1.0,1,0.22515173786723672,38
621,2,1068,514,554,0,0,0,1.0,1,1.0,1,1.0,1,0.2173716976095305,38
622,1,1069,515,554,0,0,0,1.0,1,1.0,1,1.0,1,0.15126624563814967,38
623,5,1074,520,554,0,0,0,1.0,1,1.0,1,1.0,1,0.23312263683347056,37
624,4,1078,522,556,0,0,0,1.0,1,1.0,1,1.0,1,0.1625774983177296,33
625,1,1079,523,556,0,0,0,1.0,1,1.0,1,1.0,1,0.15999739591005863,32
626,4,1083,527,556,0,0,0,1.0,1,1.0,1,1.0,1,0.24974351975908213,31
627,2,1085,528,557,0,0,0,1.0,1,1.0,1,1.0,1,0.22039050198983542,30
628,4,1089,531,558,0,0,0,1.0,1,1.0,1,1.0,1,0.2551110224747174,32
629,1,1090,532,558,0,0,0,1.0,1,1.0,1,1.0,1,0.28379230968470365,29
630,2,1092,533,559,0,0,0,1.0,1,1.0,1,1.0,1,0.2839935351275486,29
631,3,1095,534,561,0,0,0,1.0,1,1.0,1,1.0,1,0.42625947886574533,25
632,0,1095,534,561,0,0,0,1.0,1,1.0,1,1.0,1,0.46029339567411726,24
633,0,1095,534,561,0,0,0,1.0,1,1.0,1,1.0,1,0.44488039335332463,23
634,1,1096,535,561,0,0,0,1.0,1,1.0,1,1.0,1,0.4458350224902113,23
635,2,1098,536,562,0,0,0,1.0,1,1.0,1,1.0,1,0.4369439600183112,22
636,0,1098,536,562,0,0,0,1.0,1,1.0,1,1.0,1,0.48773905366645987,22
637,1,1099,537,562,0,0,0,1.0,1,1.0,1,1.0,1,0.5089713592201536,23
638,0,1099,537,562,0,0,0,1.0,1,1.0,1,1.0,1,0.5089713592201536,23
639,2,1101,537,564,0,0,0,1.0,1,1.0,1,1.0,1,0.4336439432135582,24
640,1,1102,538,564,0,0,0,1.0,1,1.0,1,1.0,1,0.46698543002364434,24
641,4,1106,538,568,0,0,0,1.0,1,1.0,1,1.0,1,0.33745439150588213,25
642,0,1106,538,568,0,0,0,1.0,1,1.0,1,1.0,1,0.2871531015579865,26
643,2,1108,538,570,0,0,0,1.0,1,1.0,1,1.0,1,0.22123095933274184,28
644,1,1109,539,570,0,0,0,1.0,1,1.0,1,1.0,1,0.19790189518714407,28
645,3,1112,540,572,0,0,0,1.0,1,1.0,1,1.0,1,0.21316557215104148,28
646,2,1114,540,574,0,0,0,1.0,1,1.0,1,1.0,1,0.23773185418483722,29
647,4,1118,541,577,0,0,0,1.0,1,1.0,1,1.0,1,0.2962124115267616,30
648,2,1120,541,579,0,0,0,1.0,1,1.0,1,1.0,1,0.2950336302609439,30
649,4,1124,542,582,0,0,0,1.0,1,1.0,1,1.0,1,0.3206202680190897,31
650,5,1129,543,586,0,0,0,1.0,1,1.0,1,1.0,1,0.2980259654749954,31
651,4,1133,544,589,0,0,0,1.0,1,1.0,1,1.0,1,0.21218788794203183,32
652,0,1133,544,589,0,0,0,1.0,1,1.0,1,1.0,1,0.21218788794203183,32
653,0,1133,544,589,0,0,0,1.0,1,1.0,1,1.0,1,0.2026787127746355,33
654,0,1133,544,589,0,0,0,1.0,1,1.0,1,1.0,1,0.2026787127746355,33
655,2,1135,545,590,0,0,0,1.0,1,1.0,1,1.0,1,0.2014823981043936,36
656,0,1135,545,590,0,0,0,1.0,1,1.0,1,1.0,1,0.2014823981043936,36
657,1,1136,546,590,0,0,0,1.0,1,1.0,1,1.0,1,0.20405252621704267,35
658,1,1137,547,590,0,0,0,1.0,1,1.0,1,1.0,1,0.24289611918050494,33
659,2,1139,549,590,0,0,0,1.0,1,1.0,1,1.0,1,0.2955765595656696,35
660,1,1140,550,590,0,0,0,1.0,1,1.0,1,1.0,1,0.30995545009675396,34
661,0,1140,550,590,0,0,0,1.0,1,1.0,1,1.0,1,0.34116581439133403,33
662,3,1143,553,590,0,0,0,1.0,1,1.0,1,1.0,1,0.4520499826371393,31
663,2,1145,553,592,0,0,0,1.0,1,1.0,1,1.0,1,0.3901170495963609,29
664,1,1146,554,592,0,0,0,1.0,1,1.0,1,1.0,1,0.4124655701149401,27
665,2,1148,555,593,0,0,0,1.0,1,1.0,1,1.0,1,0.39096658046678917,27
666,6,1154,557,597,0,0,0,1.0,1,1.0,1,1.0,1,0.33856025762583986,28
667,1,1155,557,598,0,0,0,1.0,1,1.0,1,1.0,1,0.26570885167424396,26
668,2,1157,558,599,0,0,0,1.0,1,1.0,1,1.0,1,0.3034139171346612,26
669,2,1159,560,599,0,0,0,1.0,1,1.0,1,1.0,1,0.24829728398204323,25
670,0,1159,560,599,0,0,0,1.0,1,1.0,1,1.0,1,0.24059948919521582,24
671,0,1159,560,599,0,0,0,1.0,1,1.0,1,1.0,1,0.24059948919521582,24
672,3,1162,561,601,0,0,0,1.0,1,1.0,1,1.0,1,0.1700704779848047,25
673,3,1165,564,601,0,0,0,1.0,1,1.0,1,1.0,1,0.12131745771265875,25
674,0,1165,564,601,0,0,0,1.0,1,1.0,1,1.0,1,0.12131745771265875,25
675,2,1167,565,602,0,0,0,1.0,1,1.0,1,1.0,1,0.1990594223414813,26
676,2,1169,567,602,0,0,0,1.0,1,1.0,1,1.0,1,0.14211219329881775,27
677,1,1170,567,603,0,0,0,1.0,1,1.0,1,1.0,1,0.14020194495962676,28
678,1,1171,568,603,0,0,0,1.0,1,1.0,1,1.0,1,0.13999929122608432,28
679,0,1171,568,603,0,0,0,1.0,1,1.0,1,1.0,1,0.14891672969951344,30
680,0,1171,568,603,0,0,0,1.0,1,1.0,1,1.0,1,0.1763375453310644,29
681,1,1172,569,603,0,0,0,1.0,1,1.0,1,1.0,1,0.2181947410904964,29
682,0,1172,569,603,0,0,0,1.0,1,1.0,1,1.0,1,0.2269849046026968,30
683,1,1173,569,604,0,0,0,1.0,1,1.0,1,1.0,1,0.17884220691718564,30
684,1,1174,569,605,0,0,0,1.0,1,1.0,1,1.0,1,0.1749828285665779,31
685,1,1175,570,605,0,0,0,1.0,1,1.0,1,1.0,1,0.2534479834951981,30
686,0,1175,570,605,0,0,0,1.0,1,1.0,1,1.0,1,0.2534479834951981,30
687,2,1177,572,605,0,0,0,1.0,1,1.0,1,1.0,1,0.3613194930251411,30
688,2,1179,572,607,0,0,0,1.0,1,1.0,1,1.0,1,0.30257587838029204,31
689,0,1179,572,607,0,0,0,1.0,1,1.0,1,1.0,1,0.289483843356128,32
690,1,1180,572,608,0,0,0,1.0,1,1.0,1,1.0,1,0.2815176054112564,32
691,2,1182,572,610,0,0,0,1.0,1,1.0,1,1.0,1,0.19576368249451997,32
692,2,1184,574,610,0,0,0,1.0,1,1.0,1,1.0,1,0.2710497013354451,32
693,0,1184,574,610,0,0,0,1.0,1,1.0,1,1.0,1,0.24872586731853336,34
694,4,1188,577,611,0,0,0,1.0,1,1.0,1,1.0,1,0.3257687660861934,36
695,1,1189,578,611,0,0,0,1.0,1,1.0,1,1.0,1,0.29826072828243755,34
696,4,1193,579,614,0,0,0,1.0,1,1.0,1,1.0,1,0.3037342210763674,33
697,2,1195,579,616,0,0,0,1.0,1,1.0,1,1.0,1,0.25793984907359313,33
698,3,1198,581,617,0,0,0,1.0,1,1.0,1,1.0,1,0.2049382163392894,34
699,0,1198,581,617,0,0,0,1.0,1,1.0,1,1.0,1,0.18391097761388805,33
700,0,1198,581,617,0,0,0,1.0,1,1.0,1,1.0,1,0.15646444627250564,32
701,0,1198,581,617,0,0,0,1.0,1,1.0,1,1.0,1,0.17400271977855322,33
702,2,1200,583,617,0,0,0,1.0,1,1.0,1,1.0,1,0.26889724555262745,34
703,2,1202,584,618,0,0,0,1.0,1,1.0,1,1.0,1,0.2373252517044832,32
704,0,1202,584,618,0,0,0,1.0,1,1.0,1,1.0,1,0.21590648866289935,31
705,5,1207,588,619,0,0,0,1.0,1,1.0,1,1.0,1,0.2857777849819291,33
706,3,1210,590,620,0,0,0,1.0,1,1.0,1,1.0,1,0.33761113673133303,33
707,1,1211,591,620,0,0,0,1.0,1,1.0,1,1.0,1,0.32232814421179684,31
708,1,1212,592,620,0,0,0,1.0,1,1.0,1,1.0,1,0.353806820552258,31
709,1,1213,593,620,0,0,0,1.0,1,1.0,1,1.0,1,0.3785369578750033,30
710,0,1213,593,620,0,0,0,1.0,1,1.0,1,1.0,1,0.3785369578750033,30
711,2,1215,593,622,0,0,0,1.0,1,1.0,1,1.0,1,0.3237711367492106,30
712,0,1215,593,622,0,0,0,1.0,1,1.0,1,1.0,1,0.3448148647533773,30
713,0,1215,593,622,0,0,0,1.0,1,1.0,1,1.0,1,0.36340987802761876,31
714,1,1216,593,623,0,0,0,1.0,1,1.0,1,1.0,1,0.35670159237476706,31
715,0,1216,593,623,0,0,0,1.0,1,1.0,1,1.0,1,0.3558097333443249,30
716,1,1217,594,623,0,0,0,1.0,1,1.0,1,1.0,1,0.38785012272349184,31
717,2,1219,594,625,0,0,0,1.0,1,1.0,1,1.0,1,0.34141277905318385,32
718,0,1219,594,625,0,0,0,1.0,1,1.0,1,1.0,1,0.34141277905318385,32
719,1,1220,595,625,0,0,0,1.0,1,1.0,1,1.0,1,0.33724457315658063,32
720,1,1221,595,626,0,0,0,1.0,1,1.0,1,1.0,1,0.30666582457113284,34
721,0,1221,595,626,0,0,0,1.0,1,1.0,1,1.0,1,0.30666582457113284,34
722,1,1222,595,627,0,0,0,1.0,1,1.0,1,1.0,1,0.2816415346485673,34
723,0,1222,595,627,0,0,0,1.0,1,1.0,1,1.0,1,0.2938202507905054,35
724,1,1223,596,627,0,0,0,1.0,1,1.0,1,1.0,1,0.3266350292513796,36
725,2,1225,596,629,0,0,0,1.0,1,1.0,1,1.0,1,0.27729486767590444,37
726,1,1226,596,630,0,0,0,1.0,1,1.0,1,1.0,1,0.2368565510013746,37
727,2,1228,596,632,0,0,0,1.0,1,1.0,1,1.0,1,0.20447543931916592,38
728,0,1228,596,632,0,0,0,1.0,1,1.0,1,1.0,1,0.20070138419458006,39
729,0,1228,596,632,0,0,0,1.0,1,1.0,1,1.0,1,0.20070138419458006,39
730,0,1228,596,632,0,0,0,1.0,1,1.0,1,1.0,1,0.2098001014912755,40
731,0,1228,596,632,0,0,0,1.0,1,1.0,1,1.0,1,0.2098001014912755,40
732,1,1229,596,633,0,0,0,1.0,1,1.0,1,1.0,1,0.22316963323836675,41
733,1,1230,597,633,0,0,0,1.0,1,1.0,1,1.0,1,0.21417352149812674,41
734,1,1231,598,633,0,0,0,1.0,1,1.0,1,1.0,1,0.2388276006636755,42
735,1,1232,599,633,0,0,0,1.0,1,1.0,1,1.0,1,0.2414187593611564,42
736,1,1233,599,634,0,0,0,1.0,1,1.0,1,1.0,1,0.2975894601224842,41
737,1,1234,600,634,0,0,0,1.0,1,1.0,1,1.0,1,0.35614387011753057,41
738,2,1236,600,636,0,0,0,1.0,1,1.0,1,1.0,1,0.30736684011865484,39
739,0,1236,600,636,0,0,0,1.0,1,1.0,1,1.0,1,0.30736684011865484,39
740,0,1236,600,636,0,0,0,1.0,1,1.0,1,1.0,1,0.3388665552577669,39
741,2,1238,600,638,0,0,0,1.0,1,1.0,1,1.0,1,0.27845469529228706,38
742,1,1239,601,638,0,0,0,1.0,1,1.0,1,1.0,1,0.2916901726429117,39
743,4,1243,603,640,0,0,0,1.0,1,1.0,1,1.0,1,0.25558025112667626,39
744,4,1247,605,642,0,0,0,1.0,1,1.0,1,1.0,1,0.23084215348143547,39
745,2,1249,607,642,0,0,0,1.0,1,1.0,1,1.0,1,0.25550228938371317,39
746,3,1252,609,643,0,0,0,1.0,1,1.0,1,1.0,1,0.2572186187193444,40
747,6,1258,611,647,0,0,0,1.0,1,1.0,1,1.0,1,0.23584617402291125,41
748,4,1262,613,649,0,0,0,1.0,1,1.0,1,1.0,1,0.22712752359363841,41
749,2,1264,614,650,0,0,0,1.0,1,1.0,1,1.0,1,0.21355951163416798,41
750,1,1265,615,650,0,0,0,1.0,1,1.0,1,1.0,1,0.19981220132867833,39
751,1,1266,615,651,0,0,0,1.0,1,1.0,1,1.0,1,0.1876525408297917,41
752,3,1269,618,651,0,0,0,1.0,1,1.0,1,1.0,1,0.2488778397488042,41
753,4,1273,618,655,0,0,0,1.0,1,1.0,1,1.0,1,0.19370390995267928,41
754,4,1277,622,655,0,0,0,1.0,1,1.0,1,1.0,1,0.26497714727858707,41
755,2,1279,623,656,0,0,0,1.0,1,1.0,1,1.0,1,0.27699089561945356,41
756,0,1279,623,656,0,0,0,1.0,1,1.0,1,1.0,1,0.27699089561945356,41
757,2,1281,624,657,0,0,0,1.0,1,1.0,1,1.0,1,0.28365316727204665,39
758,1,1282,624,658,0,0,0,1.0,1,1.0,1,1.0,1,0.24897909002436483,39
759,0,1282,624,658,0,0,0,1.0,1,1.0,1,1.0,1,0.2494515398660176,39
760,0,1282,624,658,0,0,0,1.0,1,1.0,1,1.0,1,0.26996951886373477,40
761,5,1287,624,663,0,0,0,1.0,1,1.0,1,1.0,1,0.15742952963228682,41
762,1,1288,624,664,0,0,0,1.0,1,1.0,1,1.0,1,0.16248858143777262,42
763,0,1288,624,664,0,0,0,1.0,1,1.0,1,1.0,1,0.18070444271087852,43
764,0,1288,624,664,0,0,0,1.0,1,1.0,1,1.0,1,0.18070444271087852,43
765,1,1289,624,665,0,0,0,1.0,1,1.0,1,1.0,1,0.13096009734980907,45
766,1,1290,625,665,0,0,0,1.0,1,1.0,1,1.0,1,0.1267203771883441,45
767,0,1290,625,665,0,0,0,1.0,1,1.0,1,1.0,1,0.13736324760666965,46
768,0,1290,625,665,0,0,0,1.0,1,1.0,1,1.0,1,0.13868910265568216,45
769,0,1290,625,665,0,0,0,1.0,1,1.0,1,1.0,1,0.15542111959391572,46
770,0,1290,625,665,0,0,0,1.0,1,1.0,1,1.0,1,0.15041754280313852,47
771,4,1294,628,666,0,0,0,1.0,1,1.0,1,1.0,1,0.2042887973336259,47
772,0,1294,628,666,0,0,0,1.0,1,1.0,1,1.0,1,0.19272271358011078,46
773,2,1296,630,666,0,0,0,1.0,1,1.0,1,1.0,1,0.20152950272907227,45
774,0,1296,630,666,0,0,0,1.0,1,1.0,1,1.0,1,0.23762897101693417,45
775,2,1298,631,667,0,0,0,1.0,1,1.0,1,1.0,1,0.23735927055440656,45
776,0,1298,631,667,0,0,0,1.0,1,1.0,1,1.0,1,0.21142358520488166,43
777,0,1298,631,667,0,0,0,1.0,1,1.0,1,1.0,1,0.2236441385176883,44
778,2,1300,633,667,0,0,0,1.0,1,1.0,1,1.0,1,0.27642293011112096,45
779,1,1301,633,668,0,0,0,1.0,1,1.0,1,1.0,1,0.26398549420762557,45
780,1,1302,634,668,0,0,0,1.0,1,1.0,1,1.0,1,0.29074009933318784,45
781,2,1304,634,670,0,0,0,1.0,1,1.0,1,1.0,1,0.2464117679060419,46
782,1,1305,634,671,0,0,0,1.0,1,1.0,1,1.0,1,0.2792017107369345,47
783,1,1306,635,671,0,0,0,1.0,1,1.0,1,1.0,1,0.2423254820563667,46
784,1,1307,635,672,0,0,0,1.0,1,1.0,1,1.0,1,0.23081238535143547,45
785,1,1308,635,673,0,0,0,1.0,1,1.0,1,1.0,1,0.22090312026447195,43
786,3,1311,636,675,0,0,0,1.0,1,1.0,1,1.0,1,0.19106848781903255,43
787,1,1312,637,675,0,0,0,1.0,1,1.0,1,1.0,1,0.22012101277738613,43
788,2,1314,638,676,0,0,0,1.0,1,1.0,1,1.0,1,0.21859560036833917,44
789,0,1314,638,676,0,0,0,1.0,1,1.0,1,1.0,1,0.20834795599720954,46
790,1,1315,639,676,0,0,0,1.0,1,1.0,1,1.0,1,0.21980739806475733,46
791,2,1317,639,678,0,0,0,1.0,1,1.0,1,1.0,1,0.2056327318220897,46
792,0,1317,639,678,0,0,0,1.0,1,1.0,1,1.0,1,0.20930195980909094,47
793,0,1317,639,678,0,0,0,1.0,1,1.0,1,1.0,1,0.22829847642940623,48
794,0,1317,639,678,0,0,0,1.0,1,1.0,1,1.0,1,0.23182680678148948,48
795,0,1317,639,678,0,0,0,1.0,1,1.0,1,1.0,1,0.2287596369009129,47
796,1,1318,640,678,0,0,0,1.0,1,1.0,1,1.0,1,0.28648633541002205,45
797,0,1318,640,678,0,0,0,1.0,1,1.0,1,1.0,1,0.2972681131850651,47
798,4,1322,642,680,0,0,0,1.0,1,1.0,1,1.0,1,0.3069095759635362,48
799,4,1326,644,682,0,0,0,1.0,1,1.0,1,1.0,1,0.28157600612298944,48
800,3,1329,646,683,0,0,0,1.0,1,1.0,1,1.0,1,0.29154908163943016,48
801,5,1334,647,687,0,0,0,1.0,1,1.0,1,1.0,1,0.22840735929817285,49
802,4,1338,649,689,0,0,0,1.0,1,1.0,1,1.0,1,0.2390809062570569,50
803,0,1338,649,689,0,0,0,1.0,1,1.0,1,1.0,1,0.2390809062570569,50
804,0,1338,649,689,0,0,0,1.0,1,1.0,1,1.0,1,0.2390809062570569,50
805,1,1339,650,689,0,0,0,1.0,1,1.0,1,1.0,1,0.26149879211598764,50
806,0,1339,650,689,0,0,0,1.0,1,1.0,1,1.0,1,0.25236523582741405,51
807,0,1339,650,689,0,0,0,1.0,1,1.0,1,1.0,1,0.25236523582741405,51
808,1,1340,650,690,0,0,0,1.0,1,1.0,1,1.0,1,0.22526599856250856,53
809,0,1340,650,690,0,0,0,1.0,1,1.0,1,1.0,1,0.23356103944653286,51
810,1,1341,650,691,0,0,0,1.0,1,1.0,1,1.0,1,0.24643808660580024,52
811,3,1344,651,693,0,0,0,1.0,1,1.0,1,1.0,1,0.25549952984073054,50
812,2,1346,651,695,0,0,0,1.0,1,1.0,1,1.0,1,0.23577288198478033,51
813,1,1347,652,695,0,0,0,1.0,1,1.0,1,1.0,1,0.25616583172249147,51
814,1,1348,653,695,0,0,0,1.0,1,1.0,1,1.0,1,0.28826655105753685,52
815,2,1350,654,696,0,0,0,1.0,1,1.0,1,1.0,1,0.28682515660544483,50
816,0,1350,654,696,0,0,0,1.0,1,1.0,1,1.0,1,0.28682515660544483,50
817,0,1350,654,696,0,0,0,1.0,1,1.0,1,1.0,1,0.3019395396292949,49
818,2,1352,655,697,0,0,0,1.0,1,1.0,1,1.0,1,0.2802352041198282,49
819,0,1352,655,697,0,0,0,1.0,1,1.0,1,1.0,1,0.2843295603399579,50
820,1,1353,655,698,0,0,0,1.0,1,1.0,1,1.0,1,0.286788943078803,49
821,3,1356,655,701,0,0,0,1.0,1,1.0,1,1.0,1,0.2846992795503401,49
822,3,1359,656,703,0,0,0,1.0,1,1.0,1,1.0,1,0.26722552868423316,49
823,2,1361,658,703,0,0,0,1.0,1,1.0,1,1.0,1,0.3134188242915651,47
824,7,1368,662,706,0,0,0,1.0,1,1.0,1,1.0,1,0.2855712020344378,45
825,0,1368,662,706,0,0,0,1.0,1,1.0,1,1.0,1,0.2874785381413333,43
826,3,1371,664,707,0,0,0,1.0,1,1.0,1,1.0,1,0.2906501073141756,44
827,2,1373,666,707,0,0,0,1.0,1,1.0,1,1.0,1,0.29705381451193913,43
828,2,1375,667,708,0,0,0,1.0,1,1.0,1,1.0,1,0.2963292794230743,43
829,6,1381,670,711,0,0,0,1.0,1,1.0,1,1.0,1,0.2865036724114713,45
830,3,1384,671,713,0,0,0,1.0,1,1.0,1,1.0,1,0.24842657701554446,46
831,4,1388,672,716,0,0,0,1.0,1,1.0,1,1.0,1,0.21981325054844156,48
832,1,1389,673,716,0,0,0,1.0,1,1.0,1,1.0,1,0.22615419654606767,47
833,3,1392,674,718,0,0,0,1.0,1,1.0,1,1.0,1,0.20299997627043284,47
834,0,1392,674,718,0,0,0,1.0,1,1.0,1,1.0,1,0.20989152359447527,46
835,0,1392,674,718,0,0,0,1.0,1,1.0,1,1.0,1,0.2096683501931339,45
836,0,1392,674,718,0,0,0,1.0,1,1.0,1,1.0,1,0.22230512531273308,46
837,1,1393,674,719,0,0,0,1.0,1,1.0,1,1.0,1,0.1922730604898988,46
838,0,1393,674,719,0,0,0,1.0,1,1.0,1,1.0,1,0.1987886400740593,45
839,3,1396,675,721,0,0,0,1.0,1,1.0,1,1.0,1,0.17904431966948475,46
840,2,1398,675,723,0,0,0,1.0,1,1.0,1,1.0,1,0.14848501332884273,46
841,0,1398,675,723,0,0,0,1.0,1,1.0,1,1.0,1,0.14848501332884273,46
842,1,1399,676,723,0,0,0,1.0,1,1.0,1,1.0,1,0.17789434214042843,46
843,0,1399,676,723,0,0,0,1.0,1,1.0,1,1.0,1,0.17789434214042843,46
844,3,1402,679,723,0,0,0,1.0,1,1.0,1,1.0,1,0.2132223416081802,47
845,3,1405,680,725,0,0,0,1.0,1,1.0,1,1.0,1,0.24956289951623883,48
846,0,1405,680,725,0,0,0,1.0,1,1.0,1,1.0,1,0.23951262892671468,47
847,4,1409,680,729,0,0,0,1.0,1,1.0,1,1.0,1,0.22279252626289647,48
848,0,1409,680,729,0,0,0,1.0,1,1.0,1,1.0,1,0.2063351010182885,48
849,1,1410,681,729,0,0,0,1.0,1,1.0,1,1.0,1,0.2506785611103008,48
850,0,1410,681,729,0,0,0,1.0,1,1.0,1,1.0,1,0.2515196970755832,46
851,3,1413,681,732,0,0,0,1.0,1,1.0,1,1.0,1,0.22171827515226375,45
852,2,1415,683,732,0,0,0,1.0,1,1.0,1,1.0,1,0.2531973161330919,44
853,3,1418,684,734,0,0,0,1.0,1,1.0,1,1.0,1,0.20837131866583372,44
854,2,1420,686,734,0,0,0,1.0,1,1.0,1,1.0,1,0.22795485172941723,45
855,1,1421,686,735,0,0,0,1.0,1,1.0,1,1.0,1,0.21218034496042334,46
856,1,1422,687,735,0,0,0,1.0,1,1.0,1,1.0,1,0.20815383925569175,46
857,0,1422,687,735,0,0,0,1.0,1,1.0,1,1.0,1,0.19842792731467568,47
858,1,1423,688,735,0,0,0,1.0,1,1.0,1,1.0,1,0.20131357002142627,48
859,0,1423,688,735,0,0,0,1.0,1,1.0,1,1.0,1,0.20131357002142627,48
860,0,1423,688,735,0,0,0,1.0,1,1.0,1,1.0,1,0.20637042774056605,49
861,3,1426,689,737,0,0,0,1.0,1,1.0,1,1.0,1,0.20211049063162342,49
862,1,1427,690,737,0,0,0,1.0,1,1.0,1,1.0,1,0.19115713540474866,49
863,3,1430,693,737,0,0,0,1.0,1,1.0,1,1.0,1,0.23838913510733986,48
864,3,1433,695,738,0,0,0,1.0,1,1.0,1,1.0,1,0.26678819374869334,49
865,1,1434,695,739,0,0,0,1.0,1,1.0,1,1.0,1,0.2343541075987856,48
866,2,1436,696,740,0,0,0,1.0,1,1.0,1,1.0,1,0.2304304761387608,50
867,1,1437,697,740,0,0,0,1.0,1,1.0,1,1.0,1,0.2287032421027741,50
868,3,1440,699,741,0,0,0,1.0,1,1.0,1,1.0,1,0.24110016337103252,51
869,4,1444,700,744,0,0,0,1.0,1,1.0,1,1.0,1,0.20045787412226598,49
870,2,1446,701,745,0,0,0,1.0,1,1.0,1,1.0,1,0.20546742006981786,49
871,3,1449,702,747,0,0,0,1.0,1,1.0,1,1.0,1,0.16299578406218532,49
872,1,1450,702,748,0,0,0,1.0,1,1.0,1,1.0,1,0.15223918705445544,48
873,4,1454,706,748,0,0,0,1.0,1,1.0,1,1.0,1,0.1886322025505694,49
874,3,1457,707,750,0,0,0,1.0,1,1.0,1,1.0,1,0.12391915823652801,49
875,0,1457,707,750,0,0,0,1.0,1,1.0,1,1.0,1,0.1370417361473333,50
876,1,1458,708,750,0,0,0,1.0,1,1.0,1,1.0,1,0.1298983134762175,50
877,3,1461,711,750,0,0,0,1.0,1,1.0,1,1.0,1,0.16687539890039943,50
878,1,1462,712,750,0,0,0,1.0,1,1.0,1,1.0,1,0.1833194832832227,49
879,1,1463,713,750,0,0,0,1.0,1,1.0,1,1.0,1,0.2051906715125384,49
880,1,1464,714,750,0,0,0,1.0,1,1.0,1,1.0,1,0.2548257496443919,48
881,5,1469,715,754,0,0,0,1.0,1,1.0,1,1.0,1,0.19495125912898606,49
882,0,1469,715,754,0,0,0,1.0,1,1.0,1,1.0,1,0.2240512364356326,48
883,0,1469,715,754,0,0,0,1.0,1,1.0,1,1.0,1,0.22645306075369745,50
884,0,1469,715,754,0,0,0,1.0,1,1.0,1,1.0,1,0.22479667659714953,50
885,4,1473,717,756,0,0,0,1.0,1,1.0,1,1.0,1,0.21087048783498225,49
886,3,1476,718,758,0,0,0,1.0,1,1.0,1,1.0,1,0.24043001203797176,49
887,3,1479,719,760,0,0,0,1.0,1,1.0,1,1.0,1,0.24844771704584462,49
888,1,1480,719,761,0,0,0,1.0,1,1.0,1,1.0,1,0.2666284734896182,47
889,8,1488,722,766,0,0,0,1.0,1,1.0,1,1.0,1,0.2950177214500863,46
890,2,1490,722,768,0,0,0,1.0,1,1.0,1,1.0,1,0.30494068879605,44
891,5,1495,722,773,0,0,0,1.0,1,1.0,1,1.0,1,0.2237892951709082,45
892,3,1498,723,775,0,0,0,1.0,1,1.0,1,1.0,1,0.20768369529282774,45
893,1,1499,723,776,0,0,0,1.0,1,1.0,1,1.0,1,0.18288969004416208,45
894,0,1499,723,776,0,0,0,1.0,1,1.0,1,1.0,1,0.16762251784044505,44
895,0,1499,723,776,0,0,0,1.0,1,1.0,1,1.0,1,0.17770410319918054,45
896,2,1501,724,777,0,0,0,1.0,1,1.0,1,1.0,1,0.1870309009429324,44
897,0,1501,724,777,0,0,0,1.0,1,1.0,1,1.0,1,0.1870309009429324,44
898,1,1502,724,778,0,0,0,1.0,1,1.0,1,1.0,1,0.17592022359127285,45
899,1,1503,725,778,0,0,0,1.0,1,1.0,1,1.0,1,0.22690777307772564,44
900,2,1505,725,780,0,0,0,1.0,1,1.0,1,1.0,1,0.21920519038484435,46
901,0,1505,725,780,0,0,0,1.0,1,1.0,1,1.0,1,0.2302478365061349,45
902,5,1510,728,782,0,0,0,1.0,1,1.0,1,1.0,1,0.20861558625346174,45
903,3,1513,730,783,0,0,0,1.0,1,1.0,1,1.0,1,0.25207600820887727,44
904,0,1513,730,783,0,0,0,1.0,1,1.0,1,1.0,1,0.21897657398793402,45
905,1,1514,730,784,0,0,0,1.0,1,1.0,1,1.0,1,0.2503532497877453,45
906,0,1514,730,784,0,0,0,1.0,1,1.0,1,1.0,1,0.2503532497877453,45
907,2,1516,730,786,0,0,0,1.0,1,1.0,1,1.0,1,0.21790246565000487,46
908,0,1516,730,786,0,0,0,1.0,1,1.0,1,1.0,1,0.20877004868688076,46
909,4,1520,734,786,0,0,0,1.0,1,1.0,1,1.0,1,0.23307094696897088,46
910,0,1520,734,786,0,0,0,1.0,1,1.0,1,1.0,1,0.25379744816326266,44
911,3,1523,735,788,0,0,0,1.0,1,1.0,1,1.0,1,0.22621779495768873,45
912,0,1523,735,788,0,0,0,1.0,1,1.0,1,1.0,1,0.23154834572238334,44
913,0,1523,735,788,0,0,0,1.0,1,1.0,1,1.0,1,0.24278809530695428,45
914,1,1524,736,788,0,0,0,1.0,1,1.0,1,1.0,1,0.25901080623441053,45
915,1,1525,736,789,0,0,0,1.0,1,1.0,1,1.0,1,0.22017086783056355,45
916,0,1525,736,789,0,0,0,1.0,1,1.0,1,1.0,1,0.22017086783056355,45
917,1,1526,736,790,0,0,0,1.0,1,1.0,1,1.0,1,0.2267335335808381,46
918,1,1527,737,790,0,0,0,1.0,1,1.0,1,1.0,1,0.25265631132068395,47
919,1,1528,737,791,0,0,0,1.0,1,1.0,1,1.0,1,0.22785436019175456,47
920,1,1529,738,791,0,0,0,1.0,1,1.0,1,1.0,1,0.23538671620220364,47
921,6,1535,741,794,0,0,0,1.0,1,1.0,1,1.0,1,0.18901413086780267,49
922,1,1536,741,795,0,0,0,1.0,1,1.0,1,1.0,1,0.17137733793349824,49
923,3,1539,743,796,0,0,0,1.0,1,1.0,1,1.0,1,0.2222070570629987,47
924,5,1544,745,799,0,0,0,1.0,1,1.0,1,1.0,1,0.22466678642249077,47
925,2,1546,746,800,0,0,0,1.0,1,1.0,1,1.0,1,0.2857063348195009,47
926,1,1547,747,800,0,0,0,1.0,1,1.0,1,1.0,1,0.2792765249809164,46
927,1,1548,747,801,0,0,0,1.0,1,1.0,1,1.0,1,0.25416975007187215,45
928,1,1549,747,802,0,0,0,1.0,1,1.0,1,1.0,1,0.21202655240912324,43
929,0,1549,747,802,0,0,0,1.0,1,1.0,1,1.0,1,0.233110548985057,42
930,1,1550,748,802,0,0,0,1.0,1,1.0,1,1.0,1,0.24595062987691751,41
931,4,1554,750,804,0,0,0,1.0,1,1.0,1,1.0,1,0.19317586739962056,40
932,1,1555,750,805,0,0,0,1.0,1,1.0,1,1.0,1,0.18929014438747696,40
933,2,1557,752,805,0,0,0,1.0,1,1.0,1,1.0,1,0.17554928769003103,39
934,2,1559,753,806,0,0,0,1.0,1,1.0,1,1.0,1,0.2025035898350416,39
935,2,1561,755,806,0,0,0,1.0,1,1.0,1,1.0,1,0.2476532814912612,41
936,0,1561,755,806,0,0,0,1.0,1,1.0,1,1.0,1,0.22301554959010067,42
937,1,1562,756,806,0,0,0,1.0,1,1.0,1,1.0,1,0.26457725909659824,43
938,2,1564,756,808,0,0,0,1.0,1,1.0,1,1.0,1,0.2652011860453639,44
939,0,1564,756,808,0,0,0,1.0,1,1.0,1,1.0,1,0.2812826510954901,46
940,0,1564,756,808,0,0,0,1.0,1,1.0,1,1.0,1,0.28831671261177394,46
941,2,1566,758,808,0,0,0,1.0,1,1.0,1,1.0,1,0.30156555501161775,46
942,2,1568,760,808,0,0,0,1.0,1,1.0,1,1.0,1,0.3282516810628052,46
943,4,1572,762,810,0,0,0,1.0,1,1.0,1,1.0,1,0.2753274156613447,45
944,2,1574,764,810,0,0,0,1.0,1,1.0,1,1.0,1,0.28947795014578726,45
945,3,1577,765,812,0,0,0,1.0,1,1.0,1,1.0,1,0.24267051262671224,44
946,1,1578,766,812,0,0,0,1.0,1,1.0,1,1.0,1,0.257909871504389,46
947,0,1578,766,812,0,0,0,1.0,1,1.0,1,1.0,1,0.24351812504151457,44
948,0,1578,766,812,0,0,0,1.0,1,1.0,1,1.0,1,0.24351812504151457,44
949,3,1581,767,814,0,0,0,1.0,1,1.0,1,1.0,1,0.25399239545938795,44
950,3,1584,768,816,0,0,0,1.0,1,1.0,1,1.0,1,0.23265468406391085,43
951,3,1587,768,819,0,0,0,1.0,1,1.0,1,1.0,1,0.21658714346734118,42
952,1,1588,769,819,0,0,0,1.0,1,1.0,1,1.0,1,0.22896109321701422,42
953,0,1588,769,819,0,0,0,1.0,1,1.0,1,1.0,1,0.2224889728150424,41
954,1,1589,770,819,0,0,0,1.0,1,1.0,1,1.0,1,0.23951226398429656,40
955,0,1589,770,819,0,0,0,1.0,1,1.0,1,1.0,1,0.2423848303884557,42
956,3,1592,772,820,0,0,0,1.0,1,1.0,1,1.0,1,0.25220620527012494,43
957,0,1592,772,820,0,0,0,1.0,1,1.0,1,1.0,1,0.2515810652786734,42
958,1,1593,772,821,0,0,0,1.0,1,1.0,1,1.0,1,0.2886205540128506,43
959,4,1597,772,825,0,0,0,1.0,1,1.0,1,1.0,1,0.273229433936772,45
960,2,1599,773,826,0,0,0,1.0,1,1.0,1,1.0,1,0.2876714328402645,47
961,3,1602,774,828,0,0,0,1.0,1,1.0,1,1.0,1,0.3032332653764419,45
962,2,1604,776,828,0,0,0,1.0,1,1.0,1,1.0,1,0.3296875053100217,45
963,5,1609,777,832,0,0,0,1.0,1,1.0,1,1.0,1,0.2763263858879917,44
964,2,1611,778,833,0,0,0,1.0,1,1.0,1,1.0,1,0.2915455301867373,44
965,2,1613,778,835,0,0,0,1.0,1,1.0,1,1.0,1,0.2608053523032745,45
966,0,1613,778,835,0,0,0,1.0,1,1.0,1,1.0,1,0.2407083439215278,43
967,0,1613,778,835,0,0,0,1.0,1,1.0,1,1.0,1,0.2407083439215278,43
968,2,1615,778,837,0,0,0,1.0,1,1.0,1,1.0,1,0.23175235579186393,43
969,0,1615,778,837,0,0,0,1.0,1,1.0,1,1.0,1,0.2474652777054781,42
970,0,1615,778,837,0,0,0,1.0,1,1.0,1,1.0,1,0.27088747894980497,42
971,2,1617,778,839,0,0,0,1.0,1,1.0,1,1.0,1,0.2232660897042937,42
972,1,1618,779,839,0,0,0,1.0,1,1.0,1,1.0,1,0.21203361742567903,42
973,1,1619,779,840,0,0,0,1.0,1,1.0,1,1.0,1,0.22460367835010148,43
974,1,1620,780,840,0,0,0,1.0,1,1.0,1,1.0,1,0.24398827045457172,43
975,1,1621,780,841,0,0,0,1.0,1,1.0,1,1.0,1,0.21398080592090585,43
976,0,1621,780,841,0,0,0,1.0,1,1.0,1,1.0,1,0.2327745074166422,45
977,0,1621,780,841,0,0,0,1.0,1,1.0,1,1.0,1,0.23712291735877325,44
978,1,1622,781,841,0,0,0,1.0,1,1.0,1,1.0,1,0.2599149000505079,44
979,0,1622,781,841,0,0,0,1.0,1,1.0,1,1.0,1,0.28914947198192326,45
980,2,1624,782,842,0,0,0,1.0,1,1.0,1,1.0,1,0.27463213723532937,45
981,1,1625,783,842,0,0,0,1.0,1,1.0,1,1.0,1,0.28171791884520814,45
982,4,1629,786,843,0,0,0,1.0,1,1.0,1,1.0,1,0.38072889017073747,46
983,4,1633,788,845,0,0,0,1.0,1,1.0,1,1.0,1,0.3836309422345532,45
984,1,1634,789,845,0,0,0,1.0,1,1.0,1,1.0,1,0.3850943914805062,45
985,6,1640,793,847,0,0,0,1.0,1,1.0,1,1.0,1,0.4398377028279628,45
986,1,1641,794,847,0,0,0,1.0,1,1.0,1,1.0,1,0.4394164476645646,44
987,5,1646,794,852,0,0,0,1.0,1,1.0,1,1.0,1,0.4165993426419796,45
988,7,1653,796,857,0,0,0,1.0,1,1.0,1,1.0,1,0.34603095778758897,44
989,0,1653,796,857,0,0,0,1.0,1,1.0,1,1.0,1,0.33187084471106837,43
990,1,1654,797,857,0,0,0,1.0,1,1.0,1,1.0,1,0.34441247063070884,42
991,0,1654,797,857,0,0,0,1.0,1,1.0,1,1.0,1,0.3276925646605772,42
992,0,1654,797,857,0,0,0,1.0,1,1.0,1,1.0,1,0.3196743325362351,43
993,2,1656,798,858,0,0,0,1.0,1,1.0,1,1.0,1,0.3263658347021222,43
994,1,1657,799,858,0,0,0,1.0,1,1.0,1,1.0,1,0.3561070680662333,43
995,0,1657,799,858,0,0,0,1.0,1,1.0,1,1.0,1,0.342349546288839,43
996,1,1658,799,859,0,0,0,1.0,1,1.0,1,1.0,1,0.34728426895001835,44
997,0,1658,799,859,0,0,0,1.0,1,1.0,1,1.0,1,0.34728426895001835,44
998,0,1658,799,859,0,0,0,1.0,1,1.0,1,1.0,1,0.360193384500986,45
999,0,1658,799,859,0,0,0,1.0,1,1.0,1,1.0,1,0.3711616201041917,42
1000,0,1658,799,859,0,0,0,1.0,1,1.0,1,1.0,1,0.37373021143101715,43
1001,4,1662,799,863,0,0,0,1.0,1,1.0,1,1.0,1,0.340668212365438,42
1002,0,1662,799,863,0,0,0,1.0,1,1.0,1,1.0,1,0.3332474729457221,43
1003,0,1662,799,863,0,0,0,1.0,1,1.0,1,1.0,1,0.3332474729457221,43
1004,0,1662,799,863,0,0,0,1.0,1,1.0,1,1.0,1,0.3332474729457221,43
1005,0,1662,799,863,0,0,0,1.0,1,1.0,1,1.0,1,0.3460148920534584,44
1006,1,1663,799,864,0,0,0,1.0,1,1.0,1,1.0,1,0.3280134861288063,46
1007,2,1665,799,866,0,0,0,1.0,1,1.0,1,1.0,1,0.3045037651914311,46
1008,4,1669,799,870,0,0,0,1.0,1,1.0,1,1.0,1,0.25543843543626576,47
1009,1,1670,799,871,0,0,0,1.0,1,1.0,1,1.0,1,0.22333203890705075,48
1010,1,1671,799,872,0,0,0,1.0,1,1.0,1,1.0,1,0.20193882993137727,48
1011,1,1672,799,873,0,0,0,1.0,1,1.0,1,1.0,1,0.18510891423265388,48
1012,1,1673,800,873,0,0,0,1.0,1,1.0,1,1.0,1,0.1798471273311575,49
1013,1,1674,801,873,0,0,0,1.0,1,1.0,1,1.0,1,0.17547618868954484,50
1014,1,1675,802,873,0,0,0,1.0,1,1.0,1,1.0,1,0.19038672487050307,50
1015,0,1675,802,873,0,0,0,1.0,1,1.0,1,1.0,1,0.20668606987237248,51
1016,1,1676,803,873,0,0,0,1.0,1,1.0,1,1.0,1,0.2125598925041437,51
1017,2,1678,803,875,0,0,0,1.0,1,1.0,1,1.0,1,0.2018704290689161,52
1018,1,1679,803,876,0,0,0,1.0,1,1.0,1,1.0,1,0.1765069348918372,52
1019,2,1681,804,877,0,0,0,1.0,1,1.0,1,1.0,1,0.20664225137363446,52
1020,2,1683,805,878,0,0,0,1.0,1,1.0,1,1.0,1,0.19016627762419258,53
1021,2,1685,805,880,0,0,0,1.0,1,1.0,1,1.0,1,0.16963397493019144,53
1022,1,1686,805,881,0,0,0,1.0,1,1.0,1,1.0,1,0.16069750409015376,54
1023,1,1687,806,881,0,0,0,1.0,1,1.0,1,1.0,1,0.17870734892534376,55
1024,0,1687,806,881,0,0,0,1.0,1,1.0,1,1.0,1,0.182945765285207,55
1025,0,1687,806,881,0,0,0,1.0,1,1.0,1,1.0,1,0.18058157230364094,56
1026,4,1691,807,884,0,0,0,1.0,1,1.0,1,1.0,1,0.1858030082449553,57
1027,1,1692,807,885,0,0,0,1.0,1,1.0,1,1.0,1,0.17492228905881413,58
1028,1,1693,808,885,0,0,0,1.0,1,1.0,1,1.0,1,0.19353802042126933,58
1029,1,1694,809,885,0,0,0,1.0,1,1.0,1,1.0,1,0.19247734135278963,59
1030,2,1696,810,886,0,0,0,1.0,1,1.0,1,1.0,1,0.21894038017722942,60
1031,1,1697,811,886,0,0,0,1.0,1,1.0,1,1.0,1,0.23576818033694108,60
1032,0,1697,811,886,0,0,0,1.0,1,1.0,1,1.0,1,0.24345813133836577,61
1033,2,1699,811,888,0,0,0,1.0,1,1.0,1,1.0,1,0.19836018890304907,60
1034,2,1701,812,889,0,0,0,1.0,1,1.0,1,1.0,1,0.1938715660577445,60
1035,1,1702,813,889,0,0,0,1.0,1,1.0,1,1.0,1,0.19597729543241882,59
1036,5,1707,817,890,0,0,0,1.0,1,1.0,1,1.0,1,0.20938724447386503,60
1037,3,1710,818,892,0,0,0,1.0,1,1.0,1,1.0,1,0.21862123064182887,59
1038,4,1714,820,894,0,0,0,1.0,1,1.0,1,1.0,1,0.20428145719893498,60
1039,2,1716,822,894,0,0,0,1.0,1,1.0,1,1.0,1,0.23783037398172308,60
1040,6,1722,823,899,0,0,0,1.0,1,1.0,1,1.0,1,0.20360375219705254,58
1041,7,1729,825,904,0,0,0,1.0,1,1.0,1,1.0,1,0.14110042905189862,56
1042,2,1731,825,906,0,0,0,1.0,1,1.0,1,1.0,1,0.15823750350960883,55
1043,0,1731,825,906,0,0,0,1.0,1,1.0,1,1.0,1,0.15823750350960883,55
1044,2,1733,827,906,0,0,0,1.0,1,1.0,1,1.0,1,0.15644629603828517,52
1045,0,1733,827,906,0,0,0,1.0,1,1.0,1,1.0,1,0.175459629987446,52
1046,4,1737,828,909,0,0,0,1.0,1,1.0,1,1.0,1,0.18314127604793085,53
1047,4,1741,828,913,0,0,0,1.0,1,1.0,1,1.0,1,0.17850450216243194,54
1048,3,1744,829,915,0,0,0,1.0,1,1.0,1,1.0,1,0.1804412900483286,56
1049,3,1747,830,917,0,0,0,1.0,1,1.0,1,1.0,1,0.2352544064706016,55
1050,2,1749,830,919,0,0,0,1.0,1,1.0,1,1.0,1,0.21587864731240103,56
1051,2,1751,830,921,0,0,0,1.0,1,1.0,1,1.0,1,0.17736285215305045,55
1052,1,1752,830,922,0,0,0,1.0,1,1.0,1,1.0,1,0.1805287189443241,56
1053,3,1755,832,923,0,0,0,1.0,1,1.0,1,1.0,1,0.16214919587943338,56
1054,0,1755,832,923,0,0,0,1.0,1,1.0,1,1.0,1,0.16771186207940272,57
1055,3,1758,832,926,0,0,0,1.0,1,1.0,1,1.0,1,0.1373482060563565,58
1056,2,1760,832,928,0,0,0,1.0,1,1.0,1,1.0,1,0.11581244996026842,59
1057,1,1761,832,929,0,0,0,1.0,1,1.0,1,1.0,1,0.1309518109158799,60
1058,2,1763,834,929,0,0,0,1.0,1,1.0,1,1.0,1,0.184961701839054,60
1059,2,1765,835,930,0,0,0,1.0,1,1.0,1,1.0,1,0.1777215865511979,60
1060,1,1766,836,930,0,0,0,1.0,1,1.0,1,1.0,1,0.20255039465643446,60
1061,5,1771,838,933,0,0,0,1.0,1,1.0,1,1.0,1,0.1412231675284782,59
1062,2,1773,839,934,0,0,0,1.0,1,1.0,1,1.0,1,0.14667996102061032,59
1063,1,1774,840,934,0,0,0,1.0,1,1.0,1,1.0,1,0.16066157731933672,58
1064,2,1776,842,934,0,0,0,1.0,1,1.0,1,1.0,1,0.21379390712783075,58
1065,5,1781,844,937,0,0,0,1.0,1,1.0,1,1.0,1,0.18316267824244825,60
1066,4,1785,846,939,0,0,0,1.0,1,1.0,1,1.0,1,0.21004972514601059,58
1067,6,1791,848,943,0,0,0,1.0,1,1.0,1,1.0,1,0.23633393116824297,59
1068,0,1791,848,943,0,0,0,1.0,1,1.0,1,1.0,1,0.23633393116824297,59
1069,3,1794,849,945,0,0,0,1.0,1,1.0,1,1.0,1,0.27447156179907223,58
1070,2,1796,851,945,0,0,0,1.0,1,1.0,1,1.0,1,0.2553700664583283,58
1071,6,1802,852,950,0,0,0,1.0,1,1.0,1,1.0,1,0.2160277077639752,57
1072,2,1804,853,951,0,0,0,1.0,1,1.0,1,1.0,1,0.21513858071313716,56
1073,2,1806,853,953,0,0,0,1.0,1,1.0,1,1.0,1,0.20729184742676862,54
1074,1,1807,853,954,0,0,0,1.0,1,1.0,1,1.0,1,0.19664672389760943,54
1075,0,1807,853,954,0,0,0,1.0,1,1.0,1,1.0,1,0.18220977063916513,51
1076,1,1808,853,955,0,0,0,1.0,1,1.0,1,1.0,1,0.19589583012622638,51
1077,2,1810,854,956,0,0,0,1.0,1,1.0,1,1.0,1,0.20285450271996697,51
1078,3,1813,855,958,0,0,0,1.0,1,1.0,1,1.0,1,0.2512521949844315,52
1079,3,1816,857,959,0,0,0,1.0,1,1.0,1,1.0,1,0.2535082934131564,51
1080,4,1820,859,961,0,0,0,1.0,1,1.0,1,1.0,1,0.27818538852837055,51
1081,3,1823,860,963,0,0,0,1.0,1,1.0,1,1.0,1,0.29934188656871674,48
1082,2,1825,861,964,0,0,0,1.0,1,1.0,1,1.0,1,0.29074549097143815,47
1083,2,1827,863,964,0,0,0,1.0,1,1.0,1,1.0,1,0.3355347109974668,46
1084,1,1828,863,965,0,0,0,1.0,1,1.0,1,1.0,1,0.313659516191186,45
1085,1,1829,863,966,0,0,0,1.0,1,1.0,1,1.0,1,0.31779658129886873,46
1086,2,1831,863,968,0,0,0,1.0,1,1.0,1,1.0,1,0.26592138462202664,45
1087,0,1831,863,968,0,0,0,1.0,1,1.0,1,1.0,1,0.2899965760115282,44
1088,1,1832,864,968,0,0,0,1.0,1,1.0,1,1.0,1,0.2704351091437316,45
1089,2,1834,866,968,0,0,0,1.0,1,1.0,1,1.0,1,0.2760690158743084,46
1090,0,1834,866,968,0,0,0,1.0,1,1.0,1,1.0,1,0.2816947021144036,47
1091,3,1837,867,970,0,0,0,1.0,1,1.0,1,1.0,1,0.2660494138147843,47
1092,0,1837,867,970,0,0,0,1.0,1,1.0,1,1.0,1,0.2558233561846207,48
1093,2,1839,868,971,0,0,0,1.0,1,1.0,1,1.0,1,0.24981948822468947,48
1094,5,1844,870,974,0,0,0,1.0,1,1.0,1,1.0,1,0.2504634803210147,48
1095,0,1844,870,974,0,0,0,1.0,1,1.0,1,1.0,1,0.26889392465276035,49
1096,1,1845,870,975,0,0,0,1.0,1,1.0,1,1.0,1,0.24264805092037012,49
1097,1,1846,871,975,0,0,0,1.0,1,1.0,1,1.0,1,0.2606998798193367,50
1098,1,1847,871,976,0,0,0,1.0,1,1.0,1,1.0,1,0.25683489910769974,51
1099,3,1850,871,979,0,0,0,1.0,1,1.0,1,1.0,1,0.16407909717401414,54
1100,0,1850,871,979,0,0,0,1.0,1,1.0,1,1.0,1,0.16407909717401414,54
1101,0,1850,871,979,0,0,0,1.0,1,1.0,1,1.0,1,0.16407909717401414,54
1102,1,1851,872,979,0,0,0,1.0,1,1.0,1,1.0,1,0.16563612038635311,54
1103,1,1852,873,979,0,0,0,1.0,1,1.0,1,1.0,1,0.16746529338992297,53
1104,3,1855,876,979,0,0,0,1.0,1,1.0,1,1.0,1,0.1692446237782669,53
1105,2,1857,878,979,0,0,0,1.0,1,1.0,1,1.0,1,0.19988309961955178,52
1106,1,1858,879,979,0,0,0,1.0,1,1.0,1,1.0,1,0.2204503860429142,52
1107,4,1862,881,981,0,0,0,1.0,1,1.0,1,1.0,1,0.24444846162951206,52
1108,3,1865,884,981,0,0,0,1.0,1,1.0,1,1.0,1,0.29427235581328104,51
1109,3,1868,887,981,0,0,0,1.0,1,1.0,1,1.0,1,0.3099424152017732,49
1110,0,1868,887,981,0,0,0,1.0,1,1.0,1,1.0,1,0.32419848684482927,48
1111,5,1873,888,985,0,0,0,1.0,1,1.0,1,1.0,1,0.2451683478639255,47
1112,1,1874,889,985,0,0,0,1.0,1,1.0,1,1.0,1,0.28414922798234565,46
1113,1,1875,890,985,0,0,0,1.0,1,1.0,1,1.0,1,0.28010610943357916,43
1114,0,1875,890,985,0,0,0,1.0,1,1.0,1,1.0,1,0.30770494250799496,41
1115,4,1879,893,986,0,0,0,1.0,1,1.0,1,1.0,1,0.2530851257311046,40
1116,4,1883,895,988,0,0,0,1.0,1,1.0,1,1.0,1,0.22681801401101848,39
1117,6,1889,899,990,0,0,0,1.0,1,1.0,1,1.0,1,0.26345410392129437,40
1118,1,1890,899,991,0,0,0,1.0,1,1.0,1,1.0,1,0.2432307956945394,40
1119,2,1892,899,993,0,0,0,1.0,1,1.0,1,1.0,1,0.23673160575752578,40
1120,3,1895,899,996,0,0,0,1.0,1,1.0,1,1.0,1,0.2543423482276036,40
1121,3,1898,900,998,0,0,0,1.0,1,1.0,1,1.0,1,0.22924680824815113,40
1122,1,1899,900,999,0,0,0,1.0,1,1.0,1,1.0,1,0.2254771039143991,41
1123,6,1905,902,1003,0,0,0,1.0,1,1.0,1,1.0,1,0.21112531383585934,41
1124,0,1905,902,1003,0,0,0,1.0,1,1.0,1,1.0,1,0.21112531383585934,41
1125,1,1906,903,1003,0,0,0,1.0,1,1.0,1,1.0,1,0.2829080410039112,41
1126,0,1906,903,1003,0,0,0,1.0,1,1.0,1,1.0,1,0.25221131556429127,41
1127,1,1907,903,1004,0,0,0,1.0,1,1.0,1,1.0,1,0.26511246470759336,41
1128,1,1908,903,1005,0,0,0,1.0,1,1.0,1,1.0,1,0.2652076521955358,42
1129,0,1908,903,1005,0,0,0,1.0,1,1.0,1,1.0,1,0.2652076521955358,42
1130,0,1908,903,1005,0,0,0,1.0,1,1.0,1,1.0,1,0.2652076521955358,42
1131,1,1909,903,1006,0,0,0,1.0,1,1.0,1,1.0,1,0.23024631299331225,42
1132,2,1911,904,1007,0,0,0,1.0,1,1.0,1,1.0,1,0.17383443446978994,43
1133,1,1912,904,1008,0,0,0,1.0,1,1.0,1,1.0,1,0.15759201022950645,45
1134,0,1912,904,1008,0,0,0,1.0,1,1.0,1,1.0,1,0.16796271996956255,46
1135,0,1912,904,1008,0,0,0,1.0,1,1.0,1,1.0,1,0.18194296428761234,45
1136,2,1914,904,1010,0,0,0,1.0,1,1.0,1,1.0,1,0.16924529681304765,48
1137,3,1917,904,1013,0,0,0,1.0,1,1.0,1,1.0,1,0.15131190118612833,49
1138,0,1917,904,1013,0,0,0,1.0,1,1.0,1,1.0,1,0.15131190118612833,49
1139,0,1917,904,1013,0,0,0,1.0,1,1.0,1,1.0,1,0.19154828394928525,49
1140,1,1918,904,1014,0,0,0,1.0,1,1.0,1,1.0,1,0.18994565833106455,49
1141,3,1921,906,1015,0,0,0,1.0,1,1.0,1,1.0,1,0.2264587845030462,48
1142,4,1925,909,1016,0,0,0,1.0,1,1.0,1,1.0,1,0.21213107009271043,48
1143,4,1929,912,1017,0,0,0,1.0,1,1.0,1,1.0,1,0.2426799610205973,48
1144,4,1933,914,1019,0,0,0,1.0,1,1.0,1,1.0,1,0.2470415420189375,48
1145,6,1939,916,1023,0,0,0,1.0,1,1.0,1,1.0,1,0.23380739707481915,48
1146,1,1940,917,1023,0,0,0,1.0,1,1.0,1,1.0,1,0.23232114741899382,48
1147,1,1941,918,1023,0,0,0,1.0,1,1.0,1,1.0,1,0.2617554556642958,46
1148,0,1941,918,1023,0,0,0,1.0,1,1.0,1,1.0,1,0.2617554556642958,46
1149,1,1942,919,1023,0,0,0,1.0,1,1.0,1,1.0,1,0.34106970887440197,45
1150,4,1946,921,1025,0,0,0,1.0,1,1.0,1,1.0,1,0.32547569975972657,46
1151,8,1954,924,1030,0,0,0,1.0,1,1.0,1,1.0,1,0.2974786914830811,44
1152,4,1958,924,1034,0,0,0,1.0,1,1.0,1,1.0,1,0.22721951793433282,44
1153,2,1960,925,1035,0,0,0,1.0,1,1.0,1,1.0,1,0.23914837007815776,43
1154,5,1965,926,1039,0,0,0,1.0,1,1.0,1,1.0,1,0.2302161705234402,43
1155,5,1970,927,1043,0,0,0,1.0,1,1.0,1,1.0,1,0.2590716525011146,43
1156,6,1976,927,1049,0,0,0,1.0,1,1.0,1,1.0,1,0.24363018106441228,42
1157,5,1981,927,1054,0,0,0,1.0,1,1.0,1,1.0,1,0.2379495320555489,42
1158,1,1982,927,1055,0,0,0,1.0,1,1.0,1,1.0,1,0.21306829883369657,41
1159,1,1983,927,1056,0,0,0,1.0,1,1.0,1,1.0,1,0.22142432303657403,41
1160,3,1986,928,1058,0,0,0,1.0,1,1.0,1,1.0,1,0.23346371057372997,41
1161,3,1989,928,1061,0,0,0,1.0,1,1.0,1,1.0,1,0.17871396468595918,42
1162,0,1989,928,1061,0,0,0,1.0,1,1.0,1,1.0,1,0.1955449577837684,43
1163,0,1989,928,1061,0,0,0,1.0,1,1.0,1,1.0,1,0.1955449577837684,43
1164,0,1989,928,1061,0,0,0,1.0,1,1.0,1,1.0,1,0.1827972191318819,44
1165,0,1989,928,1061,0,0,0,1.0,1,1.0,1,1.0,1,0.1827972191318819,44
1166,3,1992,929,1063,0,0,0,1.0,1,1.0,1,1.0,1,0.18621176910634732,46
1167,1,1993,930,1063,0,0,0,1.0,1,1.0,1,1.0,1,0.1732213932329405,46
1168,3,1996,931,1065,0,0,0,1.0,1,1.0,1,1.0,1,0.16215673117941354,47
1169,1,1997,931,1066,0,0,0,1.0,1,1.0,1,1.0,1,0.1533939091291913,46
1170,1,1998,931,1067,0,0,0,1.0,1,1.0,1,1.0,1,0.17316184399247223,48
1171,3,2001,932,1069,0,0,0,1.0,1,1.0,1,1.0,1,0.1697620525577794,49
1172,0,2001,932,1069,0,0,0,1.0,1,1.0,1,1.0,1,0.1697620525577794,49
1173,0,2001,932,1069,0,0,0,1.0,1,1.0,1,1.0,1,0.1697620525577794,49
1174,0,2001,932,1069,0,0,0,1.0,1,1.0,1,1.0,1,0.1697620525577794,49
1175,0,2001,932,1069,0,0,0,1.0,1,1.0,1,1.0,1,0.17898581036831307,50
1176,0,2001,932,1069,0,0,0,1.0,1,1.0,1,1.0,1,0.20503321788691264,52
1177,3,2004,934,1070,0,0,0,1.0,1,1.0,1,1.0,1,0.22521917229833582,52
1178,0,2004,934,1070,0,0,0,1.0,1,1.0,1,1.0,1,0.22521917229833582,52
1179,0,2004,934,1070,0,0,0,1.0,1,1.0,1,1.0,1,0.20661783411525497,53
1180,0,2004,934,1070,0,0,0,1.0,1,1.0,1,1.0,1,0.2129724758071045,54
1181,1,2005,934,1071,0,0,0,1.0,1,1.0,1,1.0,1,0.21208792876598223,55
1182,4,2009,936,1073,0,0,0,1.0,1,1.0,1,1.0,1,0.21848405456105663,55
1183,1,2010,937,1073,0,0,0,1.0,1,1.0,1,1.0,1,0.19036564257722882,53
1184,3,2013,939,1074,0,0,0,1.0,1,1.0,1,1.0,1,0.21401553316489483,54
1185,0,2013,939,1074,0,0,0,1.0,1,1.0,1,1.0,1,0.21719501661138496,53
1186,3,2016,941,1075,0,0,0,1.0,1,1.0,1,1.0,1,0.2515310003703346,54
1187,6,2022,942,1080,0,0,0,1.0,1,1.0,1,1.0,1,0.25453886978669016,55
1188,0,2022,942,1080,0,0,0,1.0,1,1.0,1,1.0,1,0.25453886978669016,55
1189,0,2022,942,1080,0,0,0,1.0,1,1.0,1,1.0,1,0.2556456519563436,54
1190,1,2023,942,1081,0,0,0,1.0,1,1.0,1,1.0,1,0.2522701717234787,55
1191,6,2029,942,1087,0,0,0,1.0,1,1.0,1,1.0,1,0.14383868687145632,54
1192,3,2032,943,1089,0,0,0,1.0,1,1.0,1,1.0,1,0.11763885470375139,52
1193,1,2033,943,1090,0,0,0,1.0,1,1.0,1,1.0,1,0.1324054551318649,53
1194,1,2034,944,1090,0,0,0,1.0,1,1.0,1,1.0,1,0.16077194028073283,53
1195,1,2035,945,1090,0,0,0,1.0,1,1.0,1,1.0,1,0.1720372342173984,54
1196,0,2035,945,1090,0,0,0,1.0,1,1.0,1,1.0,1,0.18828710882042604,56
1197,3,2038,948,1090,0,0,0,1.0,1,1.0,1,1.0,1,0.24127778674260797,56
1198,3,2041,949,1092,0,0,0,1.0,1,1.0,1,1.0,1,0.2425674247902734,58
1199,1,2042,950,1092,0,0,0,1.0,1,1.0,1,1.0,1,0.262009059497128,58
1200,2,2044,950,1094,0,0,0,1.0,1,1.0,1,1.0,1,0.2564967588272119,58
1201,6,2050,951,1099,0,0,0,1.0,1,1.0,1,1.0,1,0.16947584110485542,58
1202,0,2050,951,1099,0,0,0,1.0,1,1.0,1,1.0,1,0.1638348999238241,60
1203,1,2051,951,1100,0,0,0,1.0,1,1.0,1,1.0,1,0.16749181145065212,58
1204,3,2054,952,1102,0,0,0,1.0,1,1.0,1,1.0,1,0.17381873813978468,59
1205,1,2055,953,1102,0,0,0,1.0,1,1.0,1,1.0,1,0.19244732895062436,59
1206,1,2056,953,1103,0,0,0,1.0,1,1.0,1,1.0,1,0.20678327326499277,58
1207,3,2059,953,1106,0,0,0,1.0,1,1.0,1,1.0,1,0.20261463467470445,60
1208,0,2059,953,1106,0,0,0,1.0,1,1.0,1,1.0,1,0.20261463467470445,60
1209,4,2063,953,1110,0,0,0,1.0,1,1.0,1,1.0,1,0.16979629275174124,61
1210,0,2063,953,1110,0,0,0,1.0,1,1.0,1,1.0,1,0.16979629275174124,61
1211,3,2066,953,1113,0,0,0,1.0,1,1.0,1,1.0,1,0.1197228084210679,63
1212,0,2066,953,1113,0,0,0,1.0,1,1.0,1,1.0,1,0.1197228084210679,63
1213,1,2067,954,1113,0,0,0,1.0,1,1.0,1,1.0,1,0.143564346820213,63
1214,1,2068,955,1113,0,0,0,1.0,1,1.0,1,1.0,1,0.19451747428297325,62
1215,2,2070,955,1115,0,0,0,1.0,1,1.0,1,1.0,1,0.1671219353961736,63
1216,0,2070,955,1115,0,0,0,1.0,1,1.0,1,1.0,1,0.19990166058207984,64
1217,0,2070,955,1115,0,0,0,1.0,1,1.0,1,1.0,1,0.20475514428552574,65
1218,2,2072,955,1117,0,0,0,1.0,1,1.0,1,1.0,1,0.19216702694633983,64
1219,2,2074,955,1119,0,0,0,1.0,1,1.0,1,1.0,1,0.19104234220935984,65
1220,2,2076,956,1120,0,0,0,1.0,1,1.0,1,1.0,1,0.20491830991369295,64
1221,2,2078,956,1122,0,0,0,1.0,1,1.0,1,1.0,1,0.20463164507807302,65
1222,1,2079,957,1122,0,0,0,1.0,1,1.0,1,1.0,1,0.209717546038013,66
1223,2,2081,958,1123,0,0,0,1.0,1,1.0,1,1.0,1,0.19275925373190303,64
1224,5,2086,961,1125,0,0,0,1.0,1,1.0,1,1.0,1,0.187282154337542,66
1225,3,2089,963,1126,0,0,0,1.0,1,1.0,1,1.0,1,0.18443990879480757,66
1226,3,2092,964,1128,0,0,0,1.0,1,1.0,1,1.0,1,0.17900031171843495,68
1227,2,2094,966,1128,0,0,0,1.0,1,1.0,1,1.0,1,0.19173648164531476,64
1228,0,2094,966,1128,0,0,0,1.0,1,1.0,1,1.0,1,0.19066640329300916,62
1229,0,2094,966,1128,0,0,0,1.0,1,1.0,1,1.0,1,0.20220844986552375,61
1230,0,2094,966,1128,0,0,0,1.0,1,1.0,1,1.0,1,0.2235542507671619,58
1231,7,2101,967,1134,0,0,0,1.0,1,1.0,1,1.0,1,0.12805194752993285,57
1232,1,2102,968,1134,0,0,0,1.0,1,1.0,1,1.0,1,0.16045516029509946,53
1233,2,2104,970,1134,0,0,0,1.0,1,1.0,1,1.0,1,0.16657362114834295,53
1234,0,2104,970,1134,0,0,0,1.0,1,1.0,1,1.0,1,0.15693137729837456,54
1235,1,2105,970,1135,0,0,0,1.0,1,1.0,1,1.0,1,0.17485497465304106,55
1236,1,2106,971,1135,0,0,0,1.0,1,1.0,1,1.0,1,0.2135109102650169,55
1237,2,2108,973,1135,0,0,0,1.0,1,1.0,1,1.0,1,0.21019037475362337,55
1238,2,2110,974,1136,0,0,0,1.0,1,1.0,1,1.0,1,0.21178784225101213,54
1239,0,2110,974,1136,0,0,0,1.0,1,1.0,1,1.0,1,0.21120588130553078,55
1240,2,2112,975,1137,0,0,0,1.0,1,1.0,1,1.0,1,0.20461663473327427,55
1241,0,2112,975,1137,0,0,0,1.0,1,1.0,1,1.0,1,0.18817679550415575,54
1242,0,2112,975,1137,0,0,0,1.0,1,1.0,1,1.0,1,0.18479526027043122,54
1243,2,2114,976,1138,0,0,0,1.0,1,1.0,1,1.0,1,0.1680198006855619,55
1244,0,2114,976,1138,0,0,0,1.0,1,1.0,1,1.0,1,0.18856250120694748,55
1245,1,2115,977,1138,0,0,0,1.0,1,1.0,1,1.0,1,0.19355836893990128,55
1246,2,2117,978,1139,0,0,0,1.0,1,1.0,1,1.0,1,0.25007690948779476,55
1247,3,2120,980,1140,0,0,0,1.0,1,1.0,1,1.0,1,0.28598826318616294,57
1248,4,2124,980,1144,0,0,0,1.0,1,1.0,1,1.0,1,0.26265804927662156,56
1249,6,2130,982,1148,0,0,0,1.0,1,1.0,1,1.0,1,0.22971549344198003,56
1250,2,2132,984,1148,0,0,0,1.0,1,1.0,1,1.0,1,0.2218939458385611,56
1251,4,2136,984,1152,0,0,0,1.0,1,1.0,1,1.0,1,0.16498786745504604,58
1252,0,2136,984,1152,0,0,0,1.0,1,1.0,1,1.0,1,0.16498786745504604,58
1253,2,2138,986,1152,0,0,0,1.0,1,1.0,1,1.0,1,0.1849360902912467,58
1254,0,2138,986,1152,0,0,0,1.0,1,1.0,1,1.0,1,0.16580201462169877,60
1255,0,2138,986,1152,0,0,0,1.0,1,1.0,1,1.0,1,0.1759991907457018,61
1256,0,2138,986,1152,0,0,0,1.0,1,1.0,1,1.0,1,0.1759991907457018,61
1257,4,2142,987,1155,0,0,0,1.0,1,1.0,1,1.0,1,0.18351095157232816,62
1258,0,2142,987,1155,0,0,0,1.0,1,1.0,1,1.0,1,0.18890266485657212,63
1259,0,2142,987,1155,0,0,0,1.0,1,1.0,1,1.0,1,0.18890266485657212,63
1260,1,2143,987,1156,0,0,0,1.0,1,1.0,1,1.0,1,0.19005512245787548,63
1261,2,2145,987,1158,0,0,0,1.0,1,1.0,1,1.0,1,0.14859309637333068,63
1262,2,2147,987,1160,0,0,0,1.0,1,1.0,1,1.0,1,0.1371413574792012,64
1263,2,2149,989,1160,0,0,0,1.0,1,1.0,1,1.0,1,0.1678006436213699,63
1264,2,2151,991,1160,0,0,0,1.0,1,1.0,1,1.0,1,0.19609751118593205,63
1265,3,2154,993,1161,0,0,0,1.0,1,1.0,1,1.0,1,0.22481150539858372,60
1266,8,2162,997,1165,0,0,0,1.0,1,1.0,1,1.0,1,0.2519589394881948,61
1267,2,2164,998,1166,0,0,0,1.0,1,1.0,1,1.0,1,0.2437066009638048,58
1268,4,2168,1000,1168,0,0,0,1.0,1,1.0,1,1.0,1,0.2398554298966595,54
1269,0,2168,1000,1168,0,0,0,1.0,1,1.0,1,1.0,1,0.22167188109496352,54
1270,1,2169,1001,1168,0,0,0,1.0,1,1.0,1,1.0,1,0.23164721494325224,51
1271,3,2172,1001,1171,0,0,0,1.0,1,1.0,1,1.0,1,0.19445076856358876,50
1272,0,2172,1001,1171,0,0,0,1.0,1,1.0,1,1.0,1,0.18927249802301233,47
1273,1,2173,1002,1171,0,0,0,1.0,1,1.0,1,1.0,1,0.20796678310360045,47
1274,2,2175,1003,1172,0,0,0,1.0,1,1.0,1,1.0,1,0.23802804814578993,49
1275,2,2177,1004,1173,0,0,0,1.0,1,1.0,1,1.0,1,0.21734383715173325,48
1276,3,2180,1004,1176,0,0,0,1.0,1,1.0,1,1.0,1,0.17983980011817396,49
1277,5,2185,1008,1177,0,0,0,1.0,1,1.0,1,1.0,1,0.24670865051345683,50
1278,2,2187,1008,1179,0,0,0,1.0,1,1.0,1,1.0,1,0.24447282903082473,51
1279,1,2188,1008,1180,0,0,0,1.0,1,1.0,1,1.0,1,0.23834335085995054,51
1280,0,2188,1008,1180,0,0,0,1.0,1,1.0,1,1.0,1,0.2104518388174528,52
1281,3,2191,1008,1183,0,0,0,1.0,1,1.0,1,1.0,1,0.16349575250692838,52
1282,2,2193,1010,1183,0,0,0,1.0,1,1.0,1,1.0,1,0.15769296483876072,52
1283,1,2194,1010,1184,0,0,0,1.0,1,1.0,1,1.0,1,0.1314708371063352,52
1284,1,2195,1011,1184,0,0,0,1.0,1,1.0,1,1.0,1,0.1439056496854182,52
1285,1,2196,1011,1185,0,0,0,1.0,1,1.0,1,1.0,1,0.15963396397896756,51
1286,1,2197,1011,1186,0,0,0,1.0,1,1.0,1,1.0,1,0.16866470891590504,52
1287,2,2199,1012,1187,0,0,0,1.0,1,1.0,1,1.0,1,0.20074700824063113,54
1288,0,2199,1012,1187,0,0,0,1.0,1,1.0,1,1.0,1,0.20141249666176858,55
1289,3,2202,1012,1190,0,0,0,1.0,1,1.0,1,1.0,1,0.17884923903137173,56
1290,0,2202,1012,1190,0,0,0,1.0,1,1.0,1,1.0,1,0.15445253445537813,57
1291,2,2204,1012,1192,0,0,0,1.0,1,1.0,1,1.0,1,0.15912769592409282,58
1292,0,2204,1012,1192,0,0,0,1.0,1,1.0,1,1.0,1,0.16100281072711684,59
1293,1,2205,1013,1192,0,0,0,1.0,1,1.0,1,1.0,1,0.1592505909674629,59
1294,0,2205,1013,1192,0,0,0,1.0,1,1.0,1,1.0,1,0.1592505909674629,59
1295,1,2206,1014,1192,0,0,0,1.0,1,1.0,1,1.0,1,0.1748526353579522,59
1296,0,2206,1014,1192,0,0,0,1.0,1,1.0,1,1.0,1,0.19158614650635733,59
1297,5,2211,1015,1196,0,0,0,1.0,1,1.0,1,1.0,1,0.17416538864135597,61
1298,1,2212,1016,1196,0,0,0,1.0,1,1.0,1,1.0,1,0.18954313929693137,61
1299,0,2212,1016,1196,0,0,0,1.0,1,1.0,1,1.0,1,0.20178200259683574,60
1300,0,2212,1016,1196,0,0,0,1.0,1,1.0,1,1.0,1,0.19785623937006513,59
1301,4,2216,1016,1200,0,0,0,1.0,1,1.0,1,1.0,1,0.174422124114911,59
1302,5,2221,1020,1201,0,0,0,1.0,1,1.0,1,1.0,1,0.2143243412513699,59
1303,9,2230,1025,1205,0,0,0,1.0,1,1.0,1,1.0,1,0.21675790629823358,55
1304,5,2235,1030,1205,0,0,0,1.0,1,1.0,1,1.0,1,0.23358448024527484,56
1305,4,2239,1032,1207,0,0,0,1.0,1,1.0,1,1.0,1,0.21066052150809056,54
1306,2,2241,1034,1207,0,0,0,1.0,1,1.0,1,1.0,1,0.2010915302854408,53
1307,3,2244,1036,1208,0,0,0,1.0,1,1.0,1,1.0,1,0.22620533128714634,52
1308,1,2245,1037,1208,0,0,0,1.0,1,1.0,1,1.0,1,0.23692134076821691,52
1309,0,2245,1037,1208,0,0,0,1.0,1,1.0,1,1.0,1,0.24164205468676458,54
1310,3,2248,1040,1208,0,0,0,1.0,1,1.0,1,1.0,1,0.24936516689174312,52
1311,3,2251,1041,1210,0,0,0,1.0,1,1.0,1,1.0,1,0.22648605240852934,51
1312,5,2256,1043,1213,0,0,0,1.0,1,1.0,1,1.0,1,0.2546484247034229,49
1313,0,2256,1043,1213,0,0,0,1.0,1,1.0,1,1.0,1,0.244264906877986,47
1314,0,2256,1043,1213,0,0,0,1.0,1,1.0,1,1.0,1,0.2256787338067561,46
1315,1,2257,1043,1214,0,0,0,1.0,1,1.0,1,1.0,1,0.1983547735948127,45
1316,1,2258,1043,1215,0,0,0,1.0,1,1.0,1,1.0,1,0.18100132747727843,46
1317,0,2258,1043,1215,0,0,0,1.0,1,1.0,1,1.0,1,0.16378044107536305,45
1318,1,2259,1044,1215,0,0,0,1.0,1,1.0,1,1.0,1,0.20251608255637477,46
1319,3,2262,1045,1217,0,0,0,1.0,1,1.0,1,1.0,1,0.17906259477835781,46
1320,0,2262,1045,1217,0,0,0,1.0,1,1.0,1,1.0,1,0.17906259477835781,46
1321,1,2263,1045,1218,0,0,0,1.0,1,1.0,1,1.0,1,0.14950924343637295,48
1322,1,2264,1045,1219,0,0,0,1.0,1,1.0,1,1.0,1,0.15290139006386885,49
1323,0,2264,1045,1219,0,0,0,1.0,1,1.0,1,1.0,1,0.1646453560151678,49
1324,0,2264,1045,1219,0,0,0,1.0,1,1.0,1,1.0,1,0.18486393278101756,50
1325,0,2264,1045,1219,0,0,0,1.0,1,1.0,1,1.0,1,0.19758236689835249,49
1326,5,2269,1046,1223,0,0,0,1.0,1,1.0,1,1.0,1,0.20336065693692165,50
1327,1,2270,1047,1223,0,0,0,1.0,1,1.0,1,1.0,1,0.24018201771578163,50
1328,0,2270,1047,1223,0,0,0,1.0,1,1.0,1,1.0,1,0.2580409008970321,49
1329,1,2271,1047,1224,0,0,0,1.0,1,1.0,1,1.0,1,0.22799746816080005,50
1330,1,2272,1048,1224,0,0,0,1.0,1,1.0,1,1.0,1,0.22350222271282416,50
1331,2,2274,1049,1225,0,0,0,1.0,1,1.0,1,1.0,1,0.2362693885510136,50
1332,2,2276,1051,1225,0,0,0,1.0,1,1.0,1,1.0,1,0.20718688471991528,51
1333,1,2277,1051,1226,0,0,0,1.0,1,1.0,1,1.0,1,0.2023408693359949,52
1334,1,2278,1052,1226,0,0,0,1.0,1,1.0,1,1.0,1,0.22583045279894473,54
1335,0,2278,1052,1226,0,0,0,1.0,1,1.0,1,1.0,1,0.22583045279894473,54
1336,3,2281,1052,1229,0,0,0,1.0,1,1.0,1,1.0,1,0.18443419303764322,56
1337,5,2286,1054,1232,0,0,0,1.0,1,1.0,1,1.0,1,0.18838878832879294,57
1338,1,2287,1055,1232,0,0,0,1.0,1,1.0,1,1.0,1,0.20214893870163583,57
1339,3,2290,1057,1233,0,0,0,1.0,1,1.0,1,1.0,1,0.2575156220895967,58
1340,4,2294,1057,1237,0,0,0,1.0,1,1.0,1,1.0,1,0.22480412304430722,59
1341,3,2297,1058,1239,0,0,0,1.0,1,1.0,1,1.0,1,0.17338498919591744,57
1342,2,2299,1060,1239,0,0,0,1.0,1,1.0,1,1.0,1,0.192451534788194,57
1343,1,2300,1061,1239,0,0,0,1.0,1,1.0,1,1.0,1,0.19277460184723552,55
1344,1,2301,1062,1239,0,0,0,1.0,1,1.0,1,1.0,1,0.19773256565243233,54
1345,0,2301,1062,1239,0,0,0,1.0,1,1.0,1,1.0,1,0.18762598204295597,53
1346,0,2301,1062,1239,0,0,0,1.0,1,1.0,1,1.0,1,0.17937860558072882,53
1347,1,2302,1063,1239,0,0,0,1.0,1,1.0,1,1.0,1,0.15486604220396355,51
1348,1,2303,1064,1239,0,0,0,1.0,1,1.0,1,1.0,1,0.17631655765665796,52
1349,0,2303,1064,1239,0,0,0,1.0,1,1.0,1,1.0,1,0.17190084999656913,50
1350,2,2305,1066,1239,0,0,0,1.0,1,1.0,1,1.0,1,0.22608556449742104,51
1351,4,2309,1066,1243,0,0,0,1.0,1,1.0,1,1.0,1,0.1366802791366755,50
1352,0,2309,1066,1243,0,0,0,1.0,1,1.0,1,1.0,1,0.1117410399525978,50
1353,1,2310,1067,1243,0,0,0,1.0,1,1.0,1,1.0,1,0.1287226822862505,50
1354,2,2312,1068,1244,0,0,0,1.0,1,1.0,1,1.0,1,0.1424721659781453,51
1355,1,2313,1069,1244,0,0,0,1.0,1,1.0,1,1.0,1,0.13055309210554372,53
1356,2,2315,1071,1244,0,0,0,1.0,1,1.0,1,1.0,1,0.14711513661609163,52
1357,1,2316,1072,1244,0,0,0,1.0,1,1.0,1,1.0,1,0.1598954055667126,52
1358,1,2317,1073,1244,0,0,0,1.0,1,1.0,1,1.0,1,0.1877058555988951,53
1359,3,2320,1075,1245,0,0,0,1.0,1,1.0,1,1.0,1,0.23580123973512487,54
1360,2,2322,1076,1246,0,0,0,1.0,1,1.0,1,1.0,1,0.24001488424370615,55
1361,3,2325,1077,1248,0,0,0,1.0,1,1.0,1,1.0,1,0.22510486472611554,55
1362,1,2326,1077,1249,0,0,0,1.0,1,1.0,1,1.0,1,0.1971213341536574,56
1363,0,2326,1077,1249,0,0,0,1.0,1,1.0,1,1.0,1,0.1971213341536574,56
1364,0,2326,1077,1249,0,0,0,1.0,1,1.0,1,1.0,1,0.19270158889106218,55
1365,0,2326,1077,1249,0,0,0,1.0,1,1.0,1,1.0,1,0.20610700890686806,56
1366,3,2329,1078,1251,0,0,0,1.0,1,1.0,1,1.0,1,0.20684707073456404,57
1367,0,2329,1078,1251,0,0,0,1.0,1,1.0,1,1.0,1,0.20684707073456404,57
1368,4,2333,1079,1254,0,0,0,1.0,1,1.0,1,1.0,1,0.17089397321137553,58
1369,4,2337,1081,1256,0,0,0,1.0,1,1.0,1,1.0,1,0.16472875847640972,59
1370,2,2339,1082,1257,0,0,0,1.0,1,1.0,1,1.0,1,0.16692585276021735,60
1371,6,2345,1083,1262,0,0,0,1.0,1,1.0,1,1.0,1,0.09646646528792663,59
1372,3,2348,1086,1262,0,0,0,1.0,1,1.0,1,1.0,1,0.14399793767602215,59
1373,3,2351,1088,1263,0,0,0,1.0,1,1.0,1,1.0,1,0.14646942331528148,59
1374,1,2352,1088,1264,0,0,0,1.0,1,1.0,1,1.0,1,0.13463135875107896,59
1375,1,2353,1088,1265,0,0,0,1.0,1,1.0,1,1.0,1,0.13351871947220673,62
1376,1,2354,1089,1265,0,0,0,1.0,1,1.0,1,1.0,1,0.1472219893923396,61
1377,1,2355,1090,1265,0,0,0,1.0,1,1.0,1,1.0,1,0.18019203479790874,63
1378,3,2358,1092,1266,0,0,0,1.0,1,1.0,1,1.0,1,0.18983280699823044,62
1379,7,2365,1095,1270,0,0,0,1.0,1,1.0,1,1.0,1,0.2459556334611033,61
1380,0,2365,1095,1270,0,0,0,1.0,1,1.0,1,1.0,1,0.23700788315819157,60
1381,7,2372,1097,1275,0,0,0,1.0,1,1.0,1,1.0,1,0.18962078152411055,58
1382,3,2375,1098,1277,0,0,0,1.0,1,1.0,1,1.0,1,0.17273483583639893,56
1383,0,2375,1098,1277,0,0,0,1.0,1,1.0,1,1.0,1,0.16187796872696483,57
1384,1,2376,1099,1277,0,0,0,1.0,1,1.0,1,1.0,1,0.15481437222475178,55
1385,2,2378,1101,1277,0,0,0,1.0,1,1.0,1,1.0,1,0.16945700197461036,55
1386,1,2379,1102,1277,0,0,0,1.0,1,1.0,1,1.0,1,0.17925058062376342,54
1387,3,2382,1103,1279,0,0,0,1.0,1,1.0,1,1.0,1,0.22006556081601814,53
1388,2,2384,1105,1279,0,0,0,1.0,1,1.0,1,1.0,1,0.24137973924455647,52
1389,0,2384,1105,1279,0,0,0,1.0,1,1.0,1,1.0,1,0.2635337167554435,52
1390,0,2384,1105,1279,0,0,0,1.0,1,1.0,1,1.0,1,0.27747088943868287,51
1391,5,2389,1105,1284,0,0,0,1.0,1,1.0,1,1.0,1,0.21327732203268707,52
1392,2,2391,1106,1285,0,0,0,1.0,1,1.0,1,1.0,1,0.2044178621654226,51
1393,1,2392,1107,1285,0,0,0,1.0,1,1.0,1,1.0,1,0.21611416525361382,51
1394,1,2393,1107,1286,0,0,0,1.0,1,1.0,1,1.0,1,0.22748586856897252,52
1395,0,2393,1107,1286,0,0,0,1.0,1,1.0,1,1.0,1,0.22748586856897252,52
1396,3,2396,1108,1288,0,0,0,1.0,1,1.0,1,1.0,1,0.20032713548721454,53
1397,4,2400,1108,1292,0,0,0,1.0,1,1.0,1,1.0,1,0.16474462548271054,56
1398,0,2400,1108,1292,0,0,0,1.0,1,1.0,1,1.0,1,0.16474462548271054,56
1399,0,2400,1108,1292,0,0,0,1.0,1,1.0,1,1.0,1,0.16503354733034156,57
1400,1,2401,1109,1292,0,0,0,1.0,1,1.0,1,1.0,1,0.173390958063955,57
1401,1,2402,1109,1293,0,0,0,1.0,1,1.0,1,1.0,1,0.1633217876843252,57
1402,2,2404,1111,1293,0,0,0,1.0,1,1.0,1,1.0,1,0.1997764536763197,57
1403,2,2406,1112,1294,0,0,0,1.0,1,1.0,1,1.0,1,0.1981681585294838,56
1404,1,2407,1112,1295,0,0,0,1.0,1,1.0,1,1.0,1,0.19446739144985195,58
1405,1,2408,1113,1295,0,0,0,1.0,1,1.0,1,1.0,1,0.2553280146927269,58
1406,0,2408,1113,1295,0,0,0,1.0,1,1.0,1,1.0,1,0.2553280146927269,58
1407,0,2408,1113,1295,0,0,0,1.0,1,1.0,1,1.0,1,0.2741734575342364,57
1408,2,2410,1113,1297,0,0,0,1.0,1,1.0,1,1.0,1,0.2729554203834663,58
1409,0,2410,1113,1297,0,0,0,1.0,1,1.0,1,1.0,1,0.2747146870542553,57
1410,0,2410,1113,1297,0,0,0,1.0,1,1.0,1,1.0,1,0.2747146870542553,57
1411,1,2411,1113,1298,0,0,0,1.0,1,1.0,1,1.0,1,0.2807455628257795,56
1412,0,2411,1113,1298,0,0,0,1.0,1,1.0,1,1.0,1,0.286133805820934,55
1413,1,2412,1114,1298,0,0,0,1.0,1,1.0,1,1.0,1,0.2568065390742047,57
1414,0,2412,1114,1298,0,0,0,1.0,1,1.0,1,1.0,1,0.2568065390742047,57
1415,3,2415,1115,1300,0,0,0,1.0,1,1.0,1,1.0,1,0.22152336982373247,60
1416,2,2417,1116,1301,0,0,0,1.0,1,1.0,1,1.0,1,0.20656564579260975,61
1417,0,2417,1116,1301,0,0,0,1.0,1,1.0,1,1.0,1,0.20614278407119,59
1418,4,2421,1117,1304,0,0,0,1.0,1,1.0,1,1.0,1,0.17783299324187554,60
1419,2,2423,1119,1304,0,0,0,1.0,1,1.0,1,1.0,1,0.190658202290813,59
1420,1,2424,1119,1305,0,0,0,1.0,1,1.0,1,1.0,1,0.21158443242178052,58
1421,1,2425,1119,1306,0,0,0,1.0,1,1.0,1,1.0,1,0.1799389655153076,57
1422,0,2425,1119,1306,0,0,0,1.0,1,1.0,1,1.0,1,0.1799389655153076,57
1423,0,2425,1119,1306,0,0,0,1.0,1,1.0,1,1.0,1,0.16798148484770226,56
1424,1,2426,1120,1306,0,0,0,1.0,1,1.0,1,1.0,1,0.17590552879311672,57
1425,3,2429,1123,1306,0,0,0,1.0,1,1.0,1,1.0,1,0.22843384973011238,54
1426,6,2435,1125,1310,0,0,0,1.0,1,1.0,1,1.0,1,0.19091256426813458,54
1427,5,2440,1128,1312,0,0,0,1.0,1,1.0,1,1.0,1,0.21718828284923392,53
1428,1,2441,1129,1312,0,0,0,1.0,1,1.0,1,1.0,1,0.23143056478018964,52
1429,1,2442,1129,1313,0,0,0,1.0,1,1.0,1,1.0,1,0.21125788509591242,52
1430,1,2443,1130,1313,0,0,0,1.0,1,1.0,1,1.0,1,0.21073081676695296,51
1431,2,2445,1130,1315,0,0,0,1.0,1,1.0,1,1.0,1,0.20132259097790361,51
1432,3,2448,1131,1317,0,0,0,1.0,1,1.0,1,1.0,1,0.16762711094798707,52
1433,4,2452,1132,1320,0,0,0,1.0,1,1.0,1,1.0,1,0.15638465301549034,52
1434,4,2456,1135,1321,0,0,0,1.0,1,1.0,1,1.0,1,0.1729662421560955,52
1435,2,2458,1137,1321,0,0,0,1.0,1,1.0,1,1.0,1,0.21856979699091508,50
1436,4,2462,1139,1323,0,0,0,1.0,1,1.0,1,1.0,1,0.2367773643013998,50
1437,1,2463,1139,1324,0,0,0,1.0,1,1.0,1,1.0,1,0.23208793543102835,49
1438,2,2465,1141,1324,0,0,0,1.0,1,1.0,1,1.0,1,0.2613048651653957,49
1439,3,2468,1143,1325,0,0,0,1.0,1,1.0,1,1.0,1,0.2955718852175739,50
1440,6,2474,1148,1326,0,0,0,1.0,1,1.0,1,1.0,1,0.31445749059711114,50
1441,8,2482,1149,1333,0,0,0,1.0,1,1.0,1,1.0,1,0.24691093399717404,51
1442,2,2484,1149,1335,0,0,0,1.0,1,1.0,1,1.0,1,0.2315732325849388,50
1443,1,2485,1149,1336,0,0,0,1.0,1,1.0,1,1.0,1,0.2175122647274028,51
1444,1,2486,1149,1337,0,0,0,1.0,1,1.0,1,1.0,1,0.2311420640811675,51
1445,1,2487,1149,1338,0,0,0,1.0,1,1.0,1,1.0,1,0.2175122647274028,51
1446,1,2488,1149,1339,0,0,0,1.0,1,1.0,1,1.0,1,0.22809884326318058,51
1447,1,2489,1149,1340,0,0,0,1.0,1,1.0,1,1.0,1,0.2150954421610261,51
1448,2,2491,1149,1342,0,0,0,1.0,1,1.0,1,1.0,1,0.2150954421610261,51
1449,1,2492,1149,1343,0,0,0,1.0,1,1.0,1,1.0,1,0.22809884326318058,51
1450,2,2494,1149,1345,0,0,0,1.0,1,1.0,1,1.0,1,0.21703842586184166,52
1451,5,2499,1150,1349,0,0,0,1.0,1,1.0,1,1.0,1,0.17165314103322124,54
1452,3,2502,1150,1352,0,0,0,1.0,1,1.0,1,1.0,1,0.19072215205079643,56
1453,1,2503,1151,1352,0,0,0,1.0,1,1.0,1,1.0,1,0.18867868536042062,56
1454,2,2505,1152,1353,0,0,0,1.0,1,1.0,1,1.0,1,0.22189451863119009,58
1455,3,2508,1153,1355,0,0,0,1.0,1,1.0,1,1.0,1,0.22664454352908503,55
1456,5,2513,1153,1360,0,0,0,1.0,1,1.0,1,1.0,1,0.2127497251930878,56
1457,0,2513,1153,1360,0,0,0,1.0,1,1.0,1,1.0,1,0.22253394368698654,54
1458,2,2515,1155,1360,0,0,0,1.0,1,1.0,1,1.0,1,0.25966304533789175,52
1459,1,2516,1156,1360,0,0,0,1.0,1,1.0,1,1.0,1,0.25700146862758655,52
1460,1,2517,1157,1360,0,0,0,1.0,1,1.0,1,1.0,1,0.23466625174512395,50
1461,3,2520,1159,1361,0,0,0,1.0,1,1.0,1,1.0,1,0.21079452199554916,53
1462,5,2525,1164,1361,0,0,0,1.0,1,1.0,1,1.0,1,0.24792199304813514,51
1463,3,2528,1167,1361,0,0,0,1.0,1,1.0,1,1.0,1,0.27326600469697154,51
1464,4,2532,1169,1363,0,0,0,1.0,1,1.0,1,1.0,1,0.2877898168185704,51
1465,0,2532,1169,1363,0,0,0,1.0,1,1.0,1,1.0,1,0.2915023749168752,49
1466,2,2534,1171,1363,0,0,0,1.0,1,1.0,1,1.0,1,0.2946480532455659,49
1467,2,2536,1173,1363,0,0,0,1.0,1,1.0,1,1.0,1,0.3231336717070718,47
1468,1,2537,1174,1363,0,0,0,1.0,1,1.0,1,1.0,1,0.32146581068429875,48
1469,4,2541,1175,1366,0,0,0,1.0,1,1.0,1,1.0,1,0.3088123504847981,47
1470,0,2541,1175,1366,0,0,0,1.0,1,1.0,1,1.0,1,0.2899055743798714,49
1471,8,2549,1175,1374,0,0,0,1.0,1,1.0,1,1.0,1,0.21884632146608668,48
1472,2,2551,1175,1376,0,0,0,1.0,1,1.0,1,1.0,1,0.18407571556442096,48
1473,0,2551,1175,1376,0,0,0,1.0,1,1.0,1,1.0,1,0.19525002598712163,49
1474,0,2551,1175,1376,0,0,0,1.0,1,1.0,1,1.0,1,0.19525002598712163,49
1475,2,2553,1175,1378,0,0,0,1.0,1,1.0,1,1.0,1,0.16754296059965879,49
1476,1,2554,1176,1378,0,0,0,1.0,1,1.0,1,1.0,1,0.179930078385648,51
1477,0,2554,1176,1378,0,0,0,1.0,1,1.0,1,1.0,1,0.179930078385648,51
1478,0,2554,1176,1378,0,0,0,1.0,1,1.0,1,1.0,1,0.16401887275029592,52
1479,0,2554,1176,1378,0,0,0,1.0,1,1.0,1,1.0,1,0.17795380592445262,53
1480,1,2555,1177,1378,0,0,0,1.0,1,1.0,1,1.0,1,0.1877273925734733,53
1481,2,2557,1177,1380,0,0,0,1.0,1,1.0,1,1.0,1,0.1389651902109061,53
1482,1,2558,1178,1380,0,0,0,1.0,1,1.0,1,1.0,1,0.17774666785313922,52
1483,0,2558,1178,1380,0,0,0,1.0,1,1.0,1,1.0,1,0.17774666785313922,52
1484,1,2559,1178,1381,0,0,0,1.0,1,1.0,1,1.0,1,0.2021666139800791,53
1485,0,2559,1178,1381,0,0,0,1.0,1,1.0,1,1.0,1,0.2021666139800791,53
1486,2,2561,1178,1383,0,0,0,1.0,1,1.0,1,1.0,1,0.22808497064263664,54
1487,6,2567,1181,1386,0,0,0,1.0,1,1.0,1,1.0,1,0.22382654725519308,55
1488,1,2568,1181,1387,0,0,0,1.0,1,1.0,1,1.0,1,0.23939916095690827,57
1489,4,2572,1184,1388,0,0,0,1.0,1,1.0,1,1.0,1,0.25441682189009734,58
1490,3,2575,1185,1390,0,0,0,1.0,1,1.0,1,1.0,1,0.26149820466746254,58
1491,10,2585,1187,1398,0,0,0,1.0,1,1.0,1,1.0,1,0.21131594665650255,59
1492,1,2586,1187,1399,0,0,0,1.0,1,1.0,1,1.0,1,0.21750056863157552,59
1493,2,2588,1187,1401,0,0,0,1.0,1,1.0,1,1.0,1,0.21206053559708302,58
1494,3,2591,1188,1403,0,0,0,1.0,1,1.0,1,1.0,1,0.2354363091955105,58
1495,4,2595,1190,1405,0,0,0,1.0,1,1.0,1,1.0,1,0.25886274839937856,57
1496,3,2598,1190,1408,0,0,0,1.0,1,1.0,1,1.0,1,0.25105382532258264,59
1497,4,2602,1191,1411,0,0,0,1.0,1,1.0,1,1.0,1,0.25825020243501495,58
1498,6,2608,1193,1415,0,0,0,1.0,1,1.0,1,1.0,1,0.28782296466959134,58
1499,2,2610,1193,1417,0,0,0,1.0,1,1.0,1,1.0,1,0.27145084815375603,56
1500,4,2614,1194,1420,0,0,0,1.0,1,1.0,1,1.0,1,0.24053624671412205,57
1501,2,2616,1194,1422,0,0,0,1.0,1,1.0,1,1.0,1,0.20689906804487473,55
1502,1,2617,1194,1423,0,0,0,1.0,1,1.0,1,1.0,1,0.1700506359442136,55
1503,2,2619,1195,1424,0,0,0,1.0,1,1.0,1,1.0,1,0.16786832212234687,54
1504,0,2619,1195,1424,0,0,0,1.0,1,1.0,1,1.0,1,0.14362473076483895,55
1505,1,2620,1196,1424,0,0,0,1.0,1,1.0,1,1.0,1,0.13991508217462867,53
1506,1,2621,1197,1424,0,0,0,1.0,1,1.0,1,1.0,1,0.14825792506141305,55
1507,1,2622,1197,1425,0,0,0,1.0,1,1.0,1,1.0,1,0.1451820837174834,53
1508,3,2625,1200,1425,0,0,0,1.0,1,1.0,1,1.0,1,0.16159407611768084,53
1509,1,2626,1200,1426,0,0,0,1.0,1,1.0,1,1.0,1,0.14771185412011958,52
1510,2,2628,1202,1426,0,0,0,1.0,1,1.0,1,1.0,1,0.17253666972912254,50
1511,2,2630,1203,1427,0,0,0,1.0,1,1.0,1,1.0,1,0.1736583902975727,49
1512,1,2631,1204,1427,0,0,0,1.0,1,1.0,1,1.0,1,0.19322410619694574,48
1513,1,2632,1205,1427,0,0,0,1.0,1,1.0,1,1.0,1,0.2528079143772715,47
1514,1,2633,1206,1427,0,0,0,1.0,1,1.0,1,1.0,1,0.23874411394869996,48
1515,0,2633,1206,1427,0,0,0,1.0,1,1.0,1,1.0,1,0.23874411394869996,48
1516,0,2633,1206,1427,0,0,0,1.0,1,1.0,1,1.0,1,0.23540418867775198,47
1517,2,2635,1206,1429,0,0,0,1.0,1,1.0,1,1.0,1,0.2380873171301692,48
1518,2,2637,1207,1430,0,0,0,1.0,1,1.0,1,1.0,1,0.22491756025629556,48
1519,0,2637,1207,1430,0,0,0,1.0,1,1.0,1,1.0,1,0.23842147171834258,47
1520,3,2640,1210,1430,0,0,0,1.0,1,1.0,1,1.0,1,0.2836127304967604,48
1521,7,2647,1210,1437,0,0,0,1.0,1,1.0,1,1.0,1,0.17884884316619992,49
1522,2,2649,1211,1438,0,0,0,1.0,1,1.0,1,1.0,1,0.1846687107924003,48
1523,1,2650,1212,1438,0,0,0,1.0,1,1.0,1,1.0,1,0.20486596517907024,49
1524,0,2650,1212,1438,0,0,0,1.0,1,1.0,1,1.0,1,0.20486596517907024,49
1525,0,2650,1212,1438,0,0,0,1.0,1,1.0,1,1.0,1,0.22761953874040217,51
1526,0,2650,1212,1438,0,0,0,1.0,1,1.0,1,1.0,1,0.22298851330575997,52
1527,2,2652,1214,1438,0,0,0,1.0,1,1.0,1,1.0,1,0.26164682239870984,54
1528,1,2653,1214,1439,0,0,0,1.0,1,1.0,1,1.0,1,0.24928043943092273,54
1529,0,2653,1214,1439,0,0,0,1.0,1,1.0,1,1.0,1,0.24928043943092273,54
1530,0,2653,1214,1439,0,0,0,1.0,1,1.0,1,1.0,1,0.26732481144763803,54
1531,5,2658,1214,1444,0,0,0,1.0,1,1.0,1,1.0,1,0.1884907316404316,54
1532,2,2660,1215,1445,0,0,0,1.0,1,1.0,1,1.0,1,0.17906305269731912,54
1533,2,2662,1215,1447,0,0,0,1.0,1,1.0,1,1.0,1,0.13158641509885802,54
1534,0,2662,1215,1447,0,0,0,1.0,1,1.0,1,1.0,1,0.13158641509885802,54
1535,1,2663,1215,1448,0,0,0,1.0,1,1.0,1,1.0,1,0.12808448135467404,54
1536,0,2663,1215,1448,0,0,0,1.0,1,1.0,1,1.0,1,0.13590828928828302,55
1537,0,2663,1215,1448,0,0,0,1.0,1,1.0,1,1.0,1,0.15387543649490337,53
1538,0,2663,1215,1448,0,0,0,1.0,1,1.0,1,1.0,1,0.16615268522921994,54
1539,0,2663,1215,1448,0,0,0,1.0,1,1.0,1,1.0,1,0.192613078471412,54
1540,2,2665,1217,1448,0,0,0,1.0,1,1.0,1,1.0,1,0.22389083734527696,54
1541,1,2666,1217,1449,0,0,0,1.0,1,1.0,1,1.0,1,0.21663632360484109,54
1542,6,2672,1220,1452,0,0,0,1.0,1,1.0,1,1.0,1,0.2647609353827688,57
1543,6,2678,1222,1456,0,0,0,1.0,1,1.0,1,1.0,1,0.23393913227714155,55
1544,4,2682,1225,1457,0,0,0,1.0,1,1.0,1,1.0,1,0.2909222709069853,54
1545,3,2685,1225,1460,0,0,0,1.0,1,1.0,1,1.0,1,0.25422137803537853,54
1546,4,2689,1227,1462,0,0,0,1.0,1,1.0,1,1.0,1,0.24663417929968226,53
1547,5,2694,1228,1466,0,0,0,1.0,1,1.0,1,1.0,1,0.18799089039532124,53
1548,3,2697,1230,1467,0,0,0,1.0,1,1.0,1,1.0,1,0.20573206095073113,54
1549,3,2700,1232,1468,0,0,0,1.0,1,1.0,1,1.0,1,0.15985559021079165,52
1550,4,2704,1236,1468,0,0,0,1.0,1,1.0,1,1.0,1,0.1867786589594678,52
1551,5,2709,1239,1470,0,0,0,1.0,1,1.0,1,1.0,1,0.1906232681997457,52
1552,3,2712,1241,1471,0,0,0,1.0,1,1.0,1,1.0,1,0.17050295073863095,51
1553,3,2715,1243,1472,0,0,0,1.0,1,1.0,1,1.0,1,0.19698204605717384,51
1554,5,2720,1245,1475,0,0,0,1.0,1,1.0,1,1.0,1,0.15118528146679544,51
1555,2,2722,1246,1476,0,0,0,1.0,1,1.0,1,1.0,1,0.15504782414094417,50
1556,2,2724,1247,1477,0,0,0,1.0,1,1.0,1,1.0,1,0.2011293053068128,51
1557,4,2728,1250,1478,0,0,0,1.0,1,1.0,1,1.0,1,0.24245786602900685,51
1558,4,2732,1251,1481,0,0,0,1.0,1,1.0,1,1.0,1,0.18703827635784212,52
1559,3,2735,1254,1481,0,0,0,1.0,1,1.0,1,1.0,1,0.22816447770248663,53
1560,8,2743,1256,1487,0,0,0,1.0,1,1.0,1,1.0,1,0.2056095173405973,51
1561,2,2745,1256,1489,0,0,0,1.0,1,1.0,1,1.0,1,0.16464564661981146,51
1562,1,2746,1256,1490,0,0,0,1.0,1,1.0,1,1.0,1,0.16254988359870462,52
1563,0,2746,1256,1490,0,0,0,1.0,1,1.0,1,1.0,1,0.16254988359870462,52
1564,0,2746,1256,1490,0,0,0,1.0,1,1.0,1,1.0,1,0.17952355425121366,51
1565,1,2747,1257,1490,0,0,0,1.0,1,1.0,1,1.0,1,0.18676028940441422,53
1566,0,2747,1257,1490,0,0,0,1.0,1,1.0,1,1.0,1,0.20932337995237568,53
1567,0,2747,1257,1490,0,0,0,1.0,1,1.0,1,1.0,1,0.22013187364703354,52
1568,1,2748,1258,1490,0,0,0,1.0,1,1.0,1,1.0,1,0.24546384042544156,52
1569,0,2748,1258,1490,0,0,0,1.0,1,1.0,1,1.0,1,0.24631868232618012,49
1570,1,2749,1259,1490,0,0,0,1.0,1,1.0,1,1.0,1,0.2895334370949768,48
1571,5,2754,1261,1493,0,0,0,1.0,1,1.0,1,1.0,1,0.2543480496692125,46
1572,4,2758,1263,1495,0,0,0,1.0,1,1.0,1,1.0,1,0.2460173074733968,47
1573,0,2758,1263,1495,0,0,0,1.0,1,1.0,1,1.0,1,0.23314980856441112,48
1574,2,2760,1265,1495,0,0,0,1.0,1,1.0,1,1.0,1,0.21121370566909878,46
1575,3,2763,1267,1496,0,0,0,1.0,1,1.0,1,1.0,1,0.23880214051359955,47
1576,3,2766,1269,1497,0,0,0,1.0,1,1.0,1,1.0,1,0.20712917836790323,46
1577,1,2767,1270,1497,0,0,0,1.0,1,1.0,1,1.0,1,0.22068614075927506,45
1578,0,2767,1270,1497,0,0,0,1.0,1,1.0,1,1.0,1,0.20626078508746243,44
1579,0,2767,1270,1497,0,0,0,1.0,1,1.0,1,1.0,1,0.2621160693088396,43
1580,0,2767,1270,1497,0,0,0,1.0,1,1.0,1,1.0,1,0.2621160693088396,43
1581,3,2770,1270,1500,0,0,0,1.0,1,1.0,1,1.0,1,0.22355780398325745,42
1582,1,2771,1271,1500,0,0,0,1.0,1,1.0,1,1.0,1,0.20797777988339666,42
1583,3,2774,1274,1500,0,0,0,1.0,1,1.0,1,1.0,1,0.2803635391708158,43
1584,4,2778,1276,1502,0,0,0,1.0,1,1.0,1,1.0,1,0.2756119918548509,41
1585,8,2786,1279,1507,0,0,0,1.0,1,1.0,1,1.0,1,0.21023701393373478,43
1586,0,2786,1279,1507,0,0,0,1.0,1,1.0,1,1.0,1,0.20243536398759773,42
1587,3,2789,1280,1509,0,0,0,1.0,1,1.0,1,1.0,1,0.20715958430386536,42
1588,2,2791,1282,1509,0,0,0,1.0,1,1.0,1,1.0,1,0.23799393735373742,42
1589,1,2792,1283,1509,0,0,0,1.0,1,1.0,1,1.0,1,0.24184961168518243,42
1590,4,2796,1284,1512,0,0,0,1.0,1,1.0,1,1.0,1,0.25973970182847883,41
1591,3,2799,1285,1514,0,0,0,1.0,1,1.0,1,1.0,1,0.19000829127101013,40
1592,2,2801,1286,1515,0,0,0,1.0,1,1.0,1,1.0,1,0.21135432624327632,39
1593,1,2802,1287,1515,0,0,0,1.0,1,1.0,1,1.0,1,0.20587308327629686,39
1594,0,2802,1287,1515,0,0,0,1.0,1,1.0,1,1.0,1,0.21021381107495024,39
1595,2,2804,1288,1516,0,0,0,1.0,1,1.0,1,1.0,1,0.21994722900968877,42
1596,0,2804,1288,1516,0,0,0,1.0,1,1.0,1,1.0,1,0.23000612297696643,41
1597,1,2805,1289,1516,0,0,0,1.0,1,1.0,1,1.0,1,0.26636648631903137,41
1598,1,2806,1289,1517,0,0,0,1.0,1,1.0,1,1.0,1,0.2645948795808361,39
1599,1,2807,1290,1517,0,0,0,1.0,1,1.0,1,1.0,1,0.2536347408309076,39
1600,1,2808,1290,1518,0,0,0,1.0,1,1.0,1,1.0,1,0.23647476989300367,40
1601,5,2813,1292,1521,0,0,0,1.0,1,1.0,1,1.0,1,0.2466013471876626,41
1602,0,2813,1292,1521,0,0,0,1.0,1,1.0,1,1.0,1,0.22447105213441246,41
1603,2,2815,1293,1522,0,0,0,1.0,1,1.0,1,1.0,1,0.26918749533682307,43
1604,0,2815,1293,1522,0,0,0,1.0,1,1.0,1,1.0,1,0.26918749533682307,43
1605,2,2817,1294,1523,0,0,0,1.0,1,1.0,1,1.0,1,0.28806988353972435,44
1606,3,2820,1295,1525,0,0,0,1.0,1,1.0,1,1.0,1,0.271760568370305,44
1607,1,2821,1296,1525,0,0,0,1.0,1,1.0,1,1.0,1,0.2934279606955521,42
1608,1,2822,1297,1525,0,0,0,1.0,1,1.0,1,1.0,1,0.28686042430711745,41
1609,0,2822,1297,1525,0,0,0,1.0,1,1.0,1,1.0,1,0.25568134304872464,39
1610,1,2823,1298,1525,0,0,0,1.0,1,1.0,1,1.0,1,0.24647438405993324,39
1611,1,2824,1298,1526,0,0,0,1.0,1,1.0,1,1.0,1,0.2144416189812831,40
1612,0,2824,1298,1526,0,0,0,1.0,1,1.0,1,1.0,1,0.19449155727150347,39
1613,0,2824,1298,1526,0,0,0,1.0,1,1.0,1,1.0,1,0.21460410247594214,41
1614,2,2826,1299,1527,0,0,0,1.0,1,1.0,1,1.0,1,0.17442775117416945,41
1615,0,2826,1299,1527,0,0,0,1.0,1,1.0,1,1.0,1,0.17442775117416945,41
1616,0,2826,1299,1527,0,0,0,1.0,1,1.0,1,1.0,1,0.19537469968392154,43
1617,1,2827,1300,1527,0,0,0,1.0,1,1.0,1,1.0,1,0.2224137727363835,44
1618,1,2828,1301,1527,0,0,0,1.0,1,1.0,1,1.0,1,0.23232299237978507,44
1619,1,2829,1302,1527,0,0,0,1.0,1,1.0,1,1.0,1,0.27265909263718635,44
1620,6,2835,1304,1531,0,0,0,1.0,1,1.0,1,1.0,1,0.2947366066736566,45
1621,3,2838,1304,1534,0,0,0,1.0,1,1.0,1,1.0,1,0.2648470670007521,44
1622,1,2839,1305,1534,0,0,0,1.0,1,1.0,1,1.0,1,0.2751277463764482,44
1623,1,2840,1305,1535,0,0,0,1.0,1,1.0,1,1.0,1,0.2769763865393208,43
1624,1,2841,1305,1536,0,0,0,1.0,1,1.0,1,1.0,1,0.2448667421777615,43
1625,2,2843,1307,1536,0,0,0,1.0,1,1.0,1,1.0,1,0.2868461861772475,43
1626,5,2848,1310,1538,0,0,0,1.0,1,1.0,1,1.0,1,0.2846823681798713,42
1627,0,2848,1310,1538,0,0,0,1.0,1,1.0,1,1.0,1,0.2870130162114654,42
1628,4,2852,1312,1540,0,0,0,1.0,1,1.0,1,1.0,1,0.3112971613992246,42
1629,1,2853,1312,1541,0,0,0,1.0,1,1.0,1,1.0,1,0.2872793492154607,41
1630,2,2855,1314,1541,0,0,0,1.0,1,1.0,1,1.0,1,0.3433653281017389,41
1631,2,2857,1315,1542,0,0,0,1.0,1,1.0,1,1.0,1,0.34498146532731927,40
1632,1,2858,1315,1543,0,0,0,1.0,1,1.0,1,1.0,1,0.30359856385996536,39
1633,1,2859,1315,1544,0,0,0,1.0,1,1.0,1,1.0,1,0.28503716105591975,39
1634,1,2860,1315,1545,0,0,0,1.0,1,1.0,1,1.0,1,0.2727961839380398,39
1635,1,2861,1315,1546,0,0,0,1.0,1,1.0,1,1.0,1,0.25942233706297024,40
1636,2,2863,1316,1547,0,0,0,1.0,1,1.0,1,1.0,1,0.23877737837624777,41
1637,4,2867,1317,1550,0,0,0,1.0,1,1.0,1,1.0,1,0.22467703531856487,41
1638,2,2869,1318,1551,0,0,0,1.0,1,1.0,1,1.0,1,0.2605814919111521,42
1639,5,2874,1318,1556,0,0,0,1.0,1,1.0,1,1.0,1,0.24623467141505176,43
1640,2,2876,1318,1558,0,0,0,1.0,1,1.0,1,1.0,1,0.21533461465784293,43
1641,2,2878,1318,1560,0,0,0,1.0,1,1.0,1,1.0,1,0.17241737917897831,44
1642,5,2883,1320,1563,0,0,0,1.0,1,1.0,1,1.0,1,0.16075277575650118,45
1643,2,2885,1321,1564,0,0,0,1.0,1,1.0,1,1.0,1,0.1959578549461956,44
1644,2,2887,1323,1564,0,0,0,1.0,1,1.0,1,1.0,1,0.22323172044793874,45
1645,0,2887,1323,1564,0,0,0,1.0,1,1.0,1,1.0,1,0.23324852095942852,44
1646,1,2888,1324,1564,0,0,0,1.0,1,1.0,1,1.0,1,0.2501674382406519,43
1647,2,2890,1326,1564,0,0,0,1.0,1,1.0,1,1.0,1,0.2587617279839369,43
1648,2,2892,1326,1566,0,0,0,1.0,1,1.0,1,1.0,1,0.2618210496077905,42
1649,0,2892,1326,1566,0,0,0,1.0,1,1.0,1,1.0,1,0.2939406184425584,41
1650,0,2892,1326,1566,0,0,0,1.0,1,1.0,1,1.0,1,0.2939406184425584,41
1651,2,2894,1327,1567,0,0,0,1.0,1,1.0,1,1.0,1,0.27837792593981636,40
1652,0,2894,1327,1567,0,0,0,1.0,1,1.0,1,1.0,1,0.28258576375000444,39
1653,0,2894,1327,1567,0,0,0,1.0,1,1.0,1,1.0,1,0.3259930421279374,39
1654,1,2895,1327,1568,0,0,0,1.0,1,1.0,1,1.0,1,0.28338880365850355,39
1655,3,2898,1328,1570,0,0,0,1.0,1,1.0,1,1.0,1,0.2762721604559513,40
1656,1,2899,1328,1571,0,0,0,1.0,1,1.0,1,1.0,1,0.27261591598336393,40
1657,1,2900,1328,1572,0,0,0,1.0,1,1.0,1,1.0,1,0.227450565926387,40
1658,3,2903,1328,1575,0,0,0,1.0,1,1.0,1,1.0,1,0.17810430376984143,40
1659,3,2906,1330,1576,0,0,0,1.0,1,1.0,1,1.0,1,0.20279381825980095,40
1660,2,2908,1330,1578,0,0,0,1.0,1,1.0,1,1.0,1,0.14324671525756372,41
1661,2,2910,1332,1578,0,0,0,1.0,1,1.0,1,1.0,1,0.1813922714366623,42
1662,3,2913,1334,1579,0,0,0,1.0,1,1.0,1,1.0,1,0.15638471021930836,44
1663,2,2915,1336,1579,0,0,0,1.0,1,1.0,1,1.0,1,0.21910224450154123,43
1664,5,2920,1341,1579,0,0,0,1.0,1,1.0,1,1.0,1,0.3321922446707504,42
1665,3,2923,1342,1581,0,0,0,1.0,1,1.0,1,1.0,1,0.2740783030472465,42
1666,9,2932,1347,1585,0,0,0,1.0,1,1.0,1,1.0,1,0.24448016402825062,43
1667,2,2934,1349,1585,0,0,0,1.0,1,1.0,1,1.0,1,0.24113386791590147,40
1668,0,2934,1349,1585,0,0,0,1.0,1,1.0,1,1.0,1,0.24001696929005503,40
1669,2,2936,1351,1585,0,0,0,1.0,1,1.0,1,1.0,1,0.25892931786120793,40
1670,0,2936,1351,1585,0,0,0,1.0,1,1.0,1,1.0,1,0.28237599221644655,39
1671,4,2940,1352,1588,0,0,0,1.0,1,1.0,1,1.0,1,0.23157463665150207,39
1672,4,2944,1353,1591,0,0,0,1.0,1,1.0,1,1.0,1,0.1730290589131822,38
1673,2,2946,1355,1591,0,0,0,1.0,1,1.0,1,1.0,1,0.17355221786026453,38
1674,1,2947,1355,1592,0,0,0,1.0,1,1.0,1,1.0,1,0.16536637201982723,38
1675,2,2949,1357,1592,0,0,0,1.0,1,1.0,1,1.0,1,0.2044170441887352,39
1676,2,2951,1357,1594,0,0,0,1.0,1,1.0,1,1.0,1,0.19081713048795043,39
1677,2,2953,1358,1595,0,0,0,1.0,1,1.0,1,1.0,1,0.1907112637183079,40
1678,0,2953,1358,1595,0,0,0,1.0,1,1.0,1,1.0,1,0.2082272461741269,39
1679,0,2953,1358,1595,0,0,0,1.0,1,1.0,1,1.0,1,0.2082272461741269,39
1680,1,2954,1358,1596,0,0,0,1.0,1,1.0,1,1.0,1,0.2210252271056323,40
1681,0,2954,1358,1596,0,0,0,1.0,1,1.0,1,1.0,1,0.20614912242928785,41
1682,1,2955,1359,1596,0,0,0,1.0,1,1.0,1,1.0,1,0.21194155694998695,40
1683,1,2956,1360,1596,0,0,0,1.0,1,1.0,1,1.0,1,0.2438610603755844,43
1684,3,2959,1361,1598,0,0,0,1.0,1,1.0,1,1.0,1,0.24111557304696185,42
1685,1,2960,1362,1598,0,0,0,1.0,1,1.0,1,1.0,1,0.22996449762684704,41
1686,1,2961,1362,1599,0,0,0,1.0,1,1.0,1,1.0,1,0.22680356099374482,39
1687,3,2964,1365,1599,0,0,0,1.0,1,1.0,1,1.0,1,0.3028581595320283,41
1688,4,2968,1368,1600,0,0,0,1.0,1,1.0,1,1.0,1,0.3128884330087256,39
1689,3,2971,1370,1601,0,0,0,1.0,1,1.0,1,1.0,1,0.31380833223129145,37
1690,0,2971,1370,1601,0,0,0,1.0,1,1.0,1,1.0,1,0.3134012592483522,36
1691,3,2974,1372,1602,0,0,0,1.0,1,1.0,1,1.0,1,0.3050516027219531,36
1692,0,2974,1372,1602,0,0,0,1.0,1,1.0,1,1.0,1,0.278795531751913,34
1693,2,2976,1374,1602,0,0,0,1.0,1,1.0,1,1.0,1,0.31783379989080773,33
1694,0,2976,1374,1602,0,0,0,1.0,1,1.0,1,1.0,1,0.319691857770902,32
1695,1,2977,1374,1603,0,0,0,1.0,1,1.0,1,1.0,1,0.2631413105478454,32
1696,1,2978,1375,1603,0,0,0,1.0,1,1.0,1,1.0,1,0.30096028791121465,34
1697,1,2979,1376,1603,0,0,0,1.0,1,1.0,1,1.0,1,0.31287944562147374,34
1698,3,2982,1379,1603,0,0,0,1.0,1,1.0,1,1.0,1,0.3248554109548569,36
1699,6,2988,1382,1606,0,0,0,1.0,1,1.0,1,1.0,1,0.3307747482822028,36
1700,0,2988,1382,1606,0,0,0,1.0,1,1.0,1,1.0,1,0.3494644286406464,37
1701,4,2992,1383,1609,0,0,0,1.0,1,1.0,1,1.0,1,0.33054998537562513,39
1702,4,2996,1384,1612,0,0,0,1.0,1,1.0,1,1.0,1,0.30865415673806806,39
1703,1,2997,1385,1612,0,0,0,1.0,1,1.0,1,1.0,1,0.31702436836441206,38
1704,3,3000,1387,1613,0,0,0,1.0,1,1.0,1,1.0,1,0.2901449852634168,38
1705,2,3002,1387,1615,0,0,0,1.0,1,1.0,1,1.0,1,0.23758266851887774,37
1706,1,3003,1388,1615,0,0,0,1.0,1,1.0,1,1.0,1,0.24751219221893914,37
1707,2,3005,1389,1616,0,0,0,1.0,1,1.0,1,1.0,1,0.21893568485471673,36
1708,0,3005,1389,1616,0,0,0,1.0,1,1.0,1,1.0,1,0.23828012142666286,34
1709,2,3007,1391,1616,0,0,0,1.0,1,1.0,1,1.0,1,0.24550985333230763,34
1710,1,3008,1392,1616,0,0,0,1.0,1,1.0,1,1.0,1,0.30755218105833304,33
1711,4,3012,1393,1619,0,0,0,1.0,1,1.0,1,1.0,1,0.270242858696215,32
1712,2,3014,1394,1620,0,0,0,1.0,1,1.0,1,1.0,1,0.2999655569089088,31
1713,1,3015,1394,1621,0,0,0,1.0,1,1.0,1,1.0,1,0.2941885748213744,32
1714,0,3015,1394,1621,0,0,0,1.0,1,1.0,1,1.0,1,0.2941885748213744,32
1715,0,3015,1394,1621,0,0,0,1.0,1,1.0,1,1.0,1,0.2941885748213744,32
1716,2,3017,1395,1622,0,0,0,1.0,1,1.0,1,1.0,1,0.2616266933832026,34
1717,1,3018,1396,1622,0,0,0,1.0,1,1.0,1,1.0,1,0.2732370708085257,34
1718,0,3018,1396,1622,0,0,0,1.0,1,1.0,1,1.0,1,0.28623359609101656,34
1719,1,3019,1397,1622,0,0,0,1.0,1,1.0,1,1.0,1,0.3126797466369402,34
1720,0,3019,1397,1622,0,0,0,1.0,1,1.0,1,1.0,1,0.2950647509038757,34
1721,1,3020,1397,1623,0,0,0,1.0,1,1.0,1,1.0,1,0.264170613301758,35
1722,0,3020,1397,1623,0,0,0,1.0,1,1.0,1,1.0,1,0.2682598049520732,35
1723,0,3020,1397,1623,0,0,0,1.0,1,1.0,1,1.0,1,0.2875854517660912,34
1724,1,3021,1398,1623,0,0,0,1.0,1,1.0,1,1.0,1,0.2265840328480541,33
1725,1,3022,1399,1623,0,0,0,1.0,1,1.0,1,1.0,1,0.2924222009880635,35
1726,0,3022,1399,1623,0,0,0,1.0,1,1.0,1,1.0,1,0.2961572861649937,34
1727,2,3024,1400,1624,0,0,0,1.0,1,1.0,1,1.0,1,0.33495369659423874,34
1728,1,3025,1400,1625,0,0,0,1.0,1,1.0,1,1.0,1,0.31558560446821793,35
1729,1,3026,1401,1625,0,0,0,1.0,1,1.0,1,1.0,1,0.3499259951166704,35
1730,1,3027,1402,1625,0,0,0,1.0,1,1.0,1,1.0,1,0.371559042015976,35
1731,2,3029,1403,1626,0,0,0,1.0,1,1.0,1,1.0,1,0.36949955121738437,35
1732,1,3030,1403,1627,0,0,0,1.0,1,1.0,1,1.0,1,0.3613067426289888,35
1733,3,3033,1403,1630,0,0,0,1.0,1,1.0,1,1.0,1,0.317621219993414,33
1734,1,3034,1404,1630,0,0,0,1.0,1,1.0,1,1.0,1,0.3233597927777264,34
1735,2,3036,1404,1632,0,0,0,1.0,1,1.0,1,1.0,1,0.27557070760282043,33
1736,4,3040,1406,1634,0,0,0,1.0,1,1.0,1,1.0,1,0.2287575433523624,33
1737,1,3041,1406,1635,0,0,0,1.0,1,1.0,1,1.0,1,0.23816004411000866,35
1738,2,3043,1407,1636,0,0,0,1.0,1,1.0,1,1.0,1,0.2183628677991326,36
1739,3,3046,1409,1637,0,0,0,1.0,1,1.0,1,1.0,1,0.21859465406398318,36
1740,1,3047,1410,1637,0,0,0,1.0,1,1.0,1,1.0,1,0.2588937941153619,37
1741,1,3048,1410,1638,0,0,0,1.0,1,1.0,1,1.0,1,0.24441707484364525,36
1742,1,3049,1411,1638,0,0,0,1.0,1,1.0,1,1.0,1,0.23047177882126094,36
1743,3,3052,1413,1639,0,0,0,1.0,1,1.0,1,1.0,1,0.21245088550759286,37
1744,0,3052,1413,1639,0,0,0,1.0,1,1.0,1,1.0,1,0.2254064362287349,37
1745,7,3059,1417,1642,0,0,0,1.0,1,1.0,1,1.0,1,0.20941496609278104,38
1746,1,3060,1417,1643,0,0,0,1.0,1,1.0,1,1.0,1,0.20410310310378554,38
1747,0,3060,1417,1643,0,0,0,1.0,1,1.0,1,1.0,1,0.20994991858516635,37
1748,1,3061,1418,1643,0,0,0,1.0,1,1.0,1,1.0,1,0.20287481317929063,38
1749,1,3062,1419,1643,0,0,0,1.0,1,1.0,1,1.0,1,0.2152452260558285,38
1750,1,3063,1419,1644,0,0,0,1.0,1,1.0,1,1.0,1,0.22168201973863078,39
1751,3,3066,1420,1646,0,0,0,1.0,1,1.0,1,1.0,1,0.19743575395108295,41
1752,1,3067,1421,1646,0,0,0,1.0,1,1.0,1,1.0,1,0.21345036292172567,41
1753,0,3067,1421,1646,0,0,0,1.0,1,1.0,1,1.0,1,0.2174567435644137,41
1754,1,3068,1422,1646,0,0,0,1.0,1,1.0,1,1.0,1,0.22247168265802622,40
1755,1,3069,1423,1646,0,0,0,1.0,1,1.0,1,1.0,1,0.22293003412576734,41
1756,0,3069,1423,1646,0,0,0,1.0,1,1.0,1,1.0,1,0.25353038941214007,41
1757,0,3069,1423,1646,0,0,0,1.0,1,1.0,1,1.0,1,0.2714934058541306,40
1758,2,3071,1424,1647,0,0,0,1.0,1,1.0,1,1.0,1,0.2964813760988076,41
1759,3,3074,1425,1649,0,0,0,1.0,1,1.0,1,1.0,1,0.31830707925050056,38
1760,3,3077,1426,1651,0,0,0,1.0,1,1.0,1,1.0,1,0.33601084337716103,38
1761,5,3082,1427,1655,0,0,0,1.0,1,1.0,1,1.0,1,0.27923924857159416,37
1762,0,3082,1427,1655,0,0,0,1.0,1,1.0,1,1.0,1,0.27923924857159416,37
1763,4,3086,1430,1656,0,0,0,1.0,1,1.0,1,1.0,1,0.3098589831130245,37
1764,1,3087,1431,1656,0,0,0,1.0,1,1.0,1,1.0,1,0.29074428648691136,36
1765,5,3092,1434,1658,0,0,0,1.0,1,1.0,1,1.0,1,0.2643286062151176,36
1766,1,3093,1435,1658,0,0,0,1.0,1,1.0,1,1.0,1,0.2629030425887211,37
1767,2,3095,1436,1659,0,0,0,1.0,1,1.0,1,1.0,1,0.25142595935320255,37
1768,1,3096,1437,1659,0,0,0,1.0,1,1.0,1,1.0,1,0.23127179782720306,37
1769,1,3097,1437,1660,0,0,0,1.0,1,1.0,1,1.0,1,0.21538890818541248,38
1770,2,3099,1438,1661,0,0,0,1.0,1,1.0,1,1.0,1,0.21957511336992072,39
1771,3,3102,1438,1664,0,0,0,1.0,1,1.0,1,1.0,1,0.1419558725110478,39
1772,0,3102,1438,1664,0,0,0,1.0,1,1.0,1,1.0,1,0.1419558725110478,39
1773,0,3102,1438,1664,0,0,0,1.0,1,1.0,1,1.0,1,0.13175132407526471,41
1774,0,3102,1438,1664,0,0,0,1.0,1,1.0,1,1.0,1,0.13175132407526471,41
1775,0,3102,1438,1664,0,0,0,1.0,1,1.0,1,1.0,1,0.13414265602934466,42
1776,1,3103,1439,1664,0,0,0,1.0,1,1.0,1,1.0,1,0.17907053693485459,43
1777,0,3103,1439,1664,0,0,0,1.0,1,1.0,1,1.0,1,0.17907053693485459,43
1778,0,3103,1439,1664,0,0,0,1.0,1,1.0,1,1.0,1,0.19349154480660463,44
1779,0,3103,1439,1664,0,0,0,1.0,1,1.0,1,1.0,1,0.20471758583608063,46
1780,0,3103,1439,1664,0,0,0,1.0,1,1.0,1,1.0,1,0.20471758583608063,46
1781,0,3103,1439,1664,0,0,0,1.0,1,1.0,1,1.0,1,0.20471758583608063,46
1782,2,3105,1440,1665,0,0,0,1.0,1,1.0,1,1.0,1,0.2342449284129227,46
1783,3,3108,1441,1667,0,0,0,1.0,1,1.0,1,1.0,1,0.2035546485566824,44
1784,3,3111,1444,1667,0,0,0,1.0,1,1.0,1,1.0,1,0.24388262108038242,45
1785,3,3114,1446,1668,0,0,0,1.0,1,1.0,1,1.0,1,0.2780663105067129,42
1786,4,3118,1449,1669,0,0,0,1.0,1,1.0,1,1.0,1,0.24482148739493426,43
1787,2,3120,1451,1669,0,0,0,1.0,1,1.0,1,1.0,1,0.261793061337413,41
1788,2,3122,1452,1670,0,0,0,1.0,1,1.0,1,1.0,1,0.2918291191920076,41
1789,3,3125,1454,1671,0,0,0,1.0,1,1.0,1,1.0,1,0.2932512527507917,41
1790,3,3128,1456,1672,0,0,0,1.0,1,1.0,1,1.0,1,0.31185149425921316,41
1791,3,3131,1457,1674,0,0,0,1.0,1,1.0,1,1.0,1,0.2627664580129909,40
1792,3,3134,1458,1676,0,0,0,1.0,1,1.0,1,1.0,1,0.23252576477967518,40
1793,0,3134,1458,1676,0,0,0,1.0,1,1.0,1,1.0,1,0.237132471454738,41
1794,3,3137,1459,1678,0,0,0,1.0,1,1.0,1,1.0,1,0.21485558696808868,41
1795,2,3139,1461,1678,0,0,0,1.0,1,1.0,1,1.0,1,0.2870320530577718,40
1796,5,3144,1463,1681,0,0,0,1.0,1,1.0,1,1.0,1,0.20659361576453464,40
1797,2,3146,1464,1682,0,0,0,1.0,1,1.0,1,1.0,1,0.2596953931208502,37
1798,2,3148,1465,1683,0,0,0,1.0,1,1.0,1,1.0,1,0.2426369830564579,37
1799,1,3149,1466,1683,0,0,0,1.0,1,1.0,1,1.0,1,0.2950974144006476,36
1800,1,3150,1466,1684,0,0,0,1.0,1,1.0,1,1.0,1,0.2816057492335653,36
1801,1,3151,1466,1685,0,0,0,1.0,1,1.0,1,1.0,1,0.23284960691990497,34
1802,0,3151,1466,1685,0,0,0,1.0,1,1.0,1,1.0,1,0.2363643896575925,33
1803,0,3151,1466,1685,0,0,0,1.0,1,1.0,1,1.0,1,0.2363643896575925,33
1804,2,3153,1467,1686,0,0,0,1.0,1,1.0,1,1.0,1,0.2570952618206384,33
1805,1,3154,1467,1687,0,0,0,1.0,1,1.0,1,1.0,1,0.2537477905994747,35
1806,2,3156,1469,1687,0,0,0,1.0,1,1.0,1,1.0,1,0.3259220032962635,35
1807,0,3156,1469,1687,0,0,0,1.0,1,1.0,1,1.0,1,0.34834875287834216,35
1808,1,3157,1469,1688,0,0,0,1.0,1,1.0,1,1.0,1,0.29772475706938945,36
1809,0,3157,1469,1688,0,0,0,1.0,1,1.0,1,1.0,1,0.34520612814833174,36
1810,0,3157,1469,1688,0,0,0,1.0,1,1.0,1,1.0,1,0.3654779238536672,35
1811,4,3161,1471,1690,0,0,0,1.0,1,1.0,1,1.0,1,0.3257897156718127,36
1812,1,3162,1471,1691,0,0,0,1.0,1,1.0,1,1.0,1,0.322720634262269,36
1813,2,3164,1473,1691,0,0,0,1.0,1,1.0,1,1.0,1,0.329889770798287,36
1814,0,3164,1473,1691,0,0,0,1.0,1,1.0,1,1.0,1,0.32522525261277047,34
1815,0,3164,1473,1691,0,0,0,1.0,1,1.0,1,1.0,1,0.3315873469616589,35
1816,1,3165,1473,1692,0,0,0,1.0,1,1.0,1,1.0,1,0.31823708322747063,34
1817,5,3170,1475,1695,0,0,0,1.0,1,1.0,1,1.0,1,0.256641858279032,34
1818,1,3171,1475,1696,0,0,0,1.0,1,1.0,1,1.0,1,0.23759985979157305,34
1819,2,3173,1477,1696,0,0,0,1.0,1,1.0,1,1.0,1,0.2745603484214936,35
1820,0,3173,1477,1696,0,0,0,1.0,1,1.0,1,1.0,1,0.2547961524762546,36
1821,2,3175,1477,1698,0,0,0,1.0,1,1.0,1,1.0,1,0.23575234157036903,36
1822,2,3177,1478,1699,0,0,0,1.0,1,1.0,1,1.0,1,0.20437336031342765,37
1823,6,3183,1483,1700,0,0,0,1.0,1,1.0,1,1.0,1,0.26535368261907116,38
1824,2,3185,1485,1700,0,0,0,1.0,1,1.0,1,1.0,1,0.2963482540869775,37
1825,6,3191,1487,1704,0,0,0,1.0,1,1.0,1,1.0,1,0.27822921146001856,36
1826,3,3194,1487,1707,0,0,0,1.0,1,1.0,1,1.0,1,0.2536519426098295,35
1827,2,3196,1487,1709,0,0,0,1.0,1,1.0,1,1.0,1,0.25666793807265137,35
1828,0,3196,1487,1709,0,0,0,1.0,1,1.0,1,1.0,1,0.25126409040140724,33
1829,2,3198,1487,1711,0,0,0,1.0,1,1.0,1,1.0,1,0.2572746022188923,32
1830,4,3202,1489,1713,0,0,0,1.0,1,1.0,1,1.0,1,0.313527253108692,32
1831,3,3205,1490,1715,0,0,0,1.0,1,1.0,1,1.0,1,0.3134840469385758,30
1832,1,3206,1490,1716,0,0,0,1.0,1,1.0,1,1.0,1,0.28562136179774616,30
1833,1,3207,1491,1716,0,0,0,1.0,1,1.0,1,1.0,1,0.3647747254428986,29
1834,2,3209,1492,1717,0,0,0,1.0,1,1.0,1,1.0,1,0.3057472770685806,28
1835,1,3210,1493,1717,0,0,0,1.0,1,1.0,1,1.0,1,0.3629603409761285,28
1836,3,3213,1494,1719,0,0,0,1.0,1,1.0,1,1.0,1,0.30236581413318653,29
1837,0,3213,1494,1719,0,0,0,1.0,1,1.0,1,1.0,1,0.32610624048054637,28
1838,2,3215,1495,1720,0,0,0,1.0,1,1.0,1,1.0,1,0.35261549150352894,28
1839,1,3216,1496,1720,0,0,0,1.0,1,1.0,1,1.0,1,0.4235148268833003,27
1840,0,3216,1496,1720,0,0,0,1.0,1,1.0,1,1.0,1,0.4635121478126089,26
1841,2,3218,1496,1722,0,0,0,1.0,1,1.0,1,1.0,1,0.3589130660111656,25
1842,3,3221,1497,1724,0,0,0,1.0,1,1.0,1,1.0,1,0.3126019425404975,26
1843,0,3221,1497,1724,0,0,0,1.0,1,1.0,1,1.0,1,0.3126019425404975,26
1844,1,3222,1498,1724,0,0,0,1.0,1,1.0,1,1.0,1,0.3411870616066786,26
1845,0,3222,1498,1724,0,0,0,1.0,1,1.0,1,1.0,1,0.3411870616066786,26
1846,3,3225,1500,1725,0,0,0,1.0,1,1.0,1,1.0,1,0.31146373102335795,26
1847,0,3225,1500,1725,0,0,0,1.0,1,1.0,1,1.0,1,0.31146373102335795,26
1848,0,3225,1500,1725,0,0,0,1.0,1,1.0,1,1.0,1,0.3331927400803815,27
1849,0,3225,1500,1725,0,0,0,1.0,1,1.0,1,1.0,1,0.3331927400803815,27
1850,1,3226,1500,1726,0,0,0,1.0,1,1.0,1,1.0,1,0.3369133670610762,28
1851,0,3226,1500,1726,0,0,0,1.0,1,1.0,1,1.0,1,0.3369133670610762,28
1852,0,3226,1500,1726,0,0,0,1.0,1,1.0,1,1.0,1,0.3369133670610762,28
1853,1,3227,1500,1727,0,0,0,1.0,1,1.0,1,1.0,1,0.3400382648455803,27
1854,1,3228,1500,1728,0,0,0,1.0,1,1.0,1,1.0,1,0.31668753449898773,28
1855,0,3228,1500,1728,0,0,0,1.0,1,1.0,1,1.0,1,0.31668753449898773,28
1856,3,3231,1501,1730,0,0,0,1.0,1,1.0,1,1.0,1,0.27722375271321675,30
1857,1,3232,1502,1730,0,0,0,1.0,1,1.0,1,1.0,1,0.30127458993060663,31
1858,6,3238,1505,1733,0,0,0,1.0,1,1.0,1,1.0,1,0.32307147100586564,31
1859,2,3240,1505,1735,0,0,0,1.0,1,1.0,1,1.0,1,0.32559815249930824,31
1860,3,3243,1506,1737,0,0,0,1.0,1,1.0,1,1.0,1,0.33526693621787784,31
1861,1,3244,1506,1738,0,0,0,1.0,1,1.0,1,1.0,1,0.30735350892689245,31
1862,1,3245,1507,1738,0,0,0,1.0,1,1.0,1,1.0,1,0.3163831738452091,31
1863,1,3246,1508,1738,0,0,0,1.0,1,1.0,1,1.0,1,0.33553625896414,31
1864,1,3247,1509,1738,0,0,0,1.0,1,1.0,1,1.0,1,0.3522282141692017,30
1865,0,3247,1509,1738,0,0,0,1.0,1,1.0,1,1.0,1,0.3461636818996972,27
1866,2,3249,1511,1738,0,0,0,1.0,1,1.0,1,1.0,1,0.39191808526176153,28
1867,1,3250,1512,1738,0,0,0,1.0,1,1.0,1,1.0,1,0.4144621249159125,26
1868,0,3250,1512,1738,0,0,0,1.0,1,1.0,1,1.0,1,0.4144621249159125,26
1869,0,3250,1512,1738,0,0,0,1.0,1,1.0,1,1.0,1,0.428219059052617,25
1870,1,3251,1513,1738,0,0,0,1.0,1,1.0,1,1.0,1,0.39041946391840154,25
1871,2,3253,1513,1740,0,0,0,1.0,1,1.0,1,1.0,1,0.3515117679681512,26
1872,0,3253,1513,1740,0,0,0,1.0,1,1.0,1,1.0,1,0.3383314583781172,25
1873,0,3253,1513,1740,0,0,0,1.0,1,1.0,1,1.0,1,0.39022543640653345,23
1874,0,3253,1513,1740,0,0,0,1.0,1,1.0,1,1.0,1,0.34010160926163896,23
1875,0,3253,1513,1740,0,0,0,1.0,1,1.0,1,1.0,1,0.4262871771434443,21
1876,2,3255,1514,1741,0,0,0,1.0,1,1.0,1,1.0,1,0.4061062851367239,24
1877,1,3256,1515,1741,0,0,0,1.0,1,1.0,1,1.0,1,0.44973405117933996,24
1878,2,3258,1516,1742,0,0,0,1.0,1,1.0,1,1.0,1,0.3773909443449849,26
1879,1,3259,1516,1743,0,0,0,1.0,1,1.0,1,1.0,1,0.32495565749307964,26
1880,0,3259,1516,1743,0,0,0,1.0,1,1.0,1,1.0,1,0.32495565749307964,26
1881,1,3260,1516,1744,0,0,0,1.0,1,1.0,1,1.0,1,0.2909996044895483,26
1882,0,3260,1516,1744,0,0,0,1.0,1,1.0,1,1.0,1,0.2807401804205148,25
1883,0,3260,1516,1744,0,0,0,1.0,1,1.0,1,1.0,1,0.2807401804205148,25
1884,0,3260,1516,1744,0,0,0,1.0,1,1.0,1,1.0,1,0.2807401804205148,25
1885,0,3260,1516,1744,0,0,0,1.0,1,1.0,1,1.0,1,0.2807401804205148,25
1886,0,3260,1516,1744,0,0,0,1.0,1,1.0,1,1.0,1,0.3007213149815379,26
1887,0,3260,1516,1744,0,0,0,1.0,1,1.0,1,1.0,1,0.3007213149815379,26
1888,1,3261,1517,1744,0,0,0,1.0,1,1.0,1,1.0,1,0.3509443806381741,27
1889,2,3263,1517,1746,0,0,0,1.0,1,1.0,1,1.0,1,0.31906290837011203,28
1890,0,3263,1517,1746,0,0,0,1.0,1,1.0,1,1.0,1,0.31906290837011203,28
1891,0,3263,1517,1746,0,0,0,1.0,1,1.0,1,1.0,1,0.335123500591045,29
1892,0,3263,1517,1746,0,0,0,1.0,1,1.0,1,1.0,1,0.335123500591045,29
1893,0,3263,1517,1746,0,0,0,1.0,1,1.0,1,1.0,1,0.335123500591045,29
1894,0,3263,1517,1746,0,0,0,1.0,1,1.0,1,1.0,1,0.335123500591045,29
1895,1,3264,1518,1746,0,0,0,1.0,1,1.0,1,1.0,1,0.33937091162727,31
1896,1,3265,1518,1747,0,0,0,1.0,1,1.0,1,1.0,1,0.3219016202774332,31
1897,0,3265,1518,1747,0,0,0,1.0,1,1.0,1,1.0,1,0.3219016202774332,31
1898,0,3265,1518,1747,0,0,0,1.0,1,1.0,1,1.0,1,0.3219016202774332,31
1899,2,3267,1518,1749,0,0,0,1.0,1,1.0,1,1.0,1,0.30789527576235387,32
1900,0,3267,1518,1749,0,0,0,1.0,1,1.0,1,1.0,1,0.30789527576235387,32
1901,1,3268,1518,1750,0,0,0,1.0,1,1.0,1,1.0,1,0.2976569272772163,32
1902,0,3268,1518,1750,0,0,0,1.0,1,1.0,1,1.0,1,0.2976569272772163,32
1903,0,3268,1518,1750,0,0,0,1.0,1,1.0,1,1.0,1,0.2976569272772163,32
1904,0,3268,1518,1750,0,0,0,1.0,1,1.0,1,1.0,1,0.2697815097836819,34
1905,0,3268,1518,1750,0,0,0,1.0,1,1.0,1,1.0,1,0.2697815097836819,34
1906,0,3268,1518,1750,0,0,0,1.0,1,1.0,1,1.0,1,0.2816729820155747,35
1907,1,3269,1519,1750,0,0,0,1.0,1,1.0,1,1.0,1,0.2703562544937528,36
1908,0,3269,1519,1750,0,0,0,1.0,1,1.0,1,1.0,1,0.2703562544937528,36
1909,2,3271,1519,1752,0,0,0,1.0,1,1.0,1,1.0,1,0.253188493991525,37
1910,1,3272,1520,1752,0,0,0,1.0,1,1.0,1,1.0,1,0.2824080238849715,38
1911,0,3272,1520,1752,0,0,0,1.0,1,1.0,1,1.0,1,0.2724103578369498,37
1912,2,3274,1522,1752,0,0,0,1.0,1,1.0,1,1.0,1,0.296535306109448,37
1913,2,3276,1523,1753,0,0,0,1.0,1,1.0,1,1.0,1,0.23997331566858585,36
1914,1,3277,1524,1753,0,0,0,1.0,1,1.0,1,1.0,1,0.25672357503345716,37
1915,1,3278,1525,1753,0,0,0,1.0,1,1.0,1,1.0,1,0.2999279258269396,37
1916,2,3280,1527,1753,0,0,0,1.0,1,1.0,1,1.0,1,0.27667400093178396,39
1917,3,3283,1528,1755,0,0,0,1.0,1,1.0,1,1.0,1,0.2350703756622015,38
1918,0,3283,1528,1755,0,0,0,1.0,1,1.0,1,1.0,1,0.24191805652817114,38
1919,1,3284,1529,1755,0,0,0,1.0,1,1.0,1,1.0,1,0.2913930798827853,38
1920,1,3285,1530,1755,0,0,0,1.0,1,1.0,1,1.0,1,0.28756301963328984,39
1921,2,3287,1530,1757,0,0,0,1.0,1,1.0,1,1.0,1,0.22173585513109775,38
1922,2,3289,1532,1757,0,0,0,1.0,1,1.0,1,1.0,1,0.22000526223316585,39
1923,4,3293,1535,1758,0,0,0,1.0,1,1.0,1,1.0,1,0.28234257534862306,40
1924,2,3295,1535,1760,0,0,0,1.0,1,1.0,1,1.0,1,0.23364571029236791,40
1925,0,3295,1535,1760,0,0,0,1.0,1,1.0,1,1.0,1,0.2581753754595417,40
1926,0,3295,1535,1760,0,0,0,1.0,1,1.0,1,1.0,1,0.2581753754595417,40
1927,0,3295,1535,1760,0,0,0,1.0,1,1.0,1,1.0,1,0.2293296952783929,41
1928,1,3296,1536,1760,0,0,0,1.0,1,1.0,1,1.0,1,0.2480372853489567,41
1929,0,3296,1536,1760,0,0,0,1.0,1,1.0,1,1.0,1,0.24538249664703998,40
1930,1,3297,1537,1760,0,0,0,1.0,1,1.0,1,1.0,1,0.2639846946586014,40
1931,3,3300,1537,1763,0,0,0,1.0,1,1.0,1,1.0,1,0.18138468243691208,40
1932,0,3300,1537,1763,0,0,0,1.0,1,1.0,1,1.0,1,0.18138468243691208,40
1933,0,3300,1537,1763,0,0,0,1.0,1,1.0,1,1.0,1,0.20873388019977007,42
1934,3,3303,1537,1766,0,0,0,1.0,1,1.0,1,1.0,1,0.17247802891318365,44
1935,2,3305,1537,1768,0,0,0,1.0,1,1.0,1,1.0,1,0.15418204843668637,44
1936,1,3306,1538,1768,0,0,0,1.0,1,1.0,1,1.0,1,0.18921093534053476,46
1937,1,3307,1539,1768,0,0,0,1.0,1,1.0,1,1.0,1,0.15838012517333871,47
1938,0,3307,1539,1768,0,0,0,1.0,1,1.0,1,1.0,1,0.15838012517333871,47
1939,1,3308,1539,1769,0,0,0,1.0,1,1.0,1,1.0,1,0.16316458928865799,47
1940,1,3309,1540,1769,0,0,0,1.0,1,1.0,1,1.0,1,0.19419653400576678,47
1941,3,3312,1542,1770,0,0,0,1.0,1,1.0,1,1.0,1,0.17395323292016576,47
1942,2,3314,1543,1771,0,0,0,1.0,1,1.0,1,1.0,1,0.1921361066230782,49
1943,3,3317,1545,1772,0,0,0,1.0,1,1.0,1,1.0,1,0.20453037946346941,47
1944,5,3322,1548,1774,0,0,0,1.0,1,1.0,1,1.0,1,0.19799247655132554,47
1945,1,3323,1549,1774,0,0,0,1.0,1,1.0,1,1.0,1,0.23417292854566282,45
1946,1,3324,1550,1774,0,0,0,1.0,1,1.0,1,1.0,1,0.24656439930168608,45
1947,5,3329,1553,1776,0,0,0,1.0,1,1.0,1,1.0,1,0.2830516660379257,45
1948,5,3334,1555,1779,0,0,0,1.0,1,1.0,1,1.0,1,0.3136383841902759,45
1949,5,3339,1559,1780,0,0,0,1.0,1,1.0,1,1.0,1,0.33737424365659496,42
1950,3,3342,1561,1781,0,0,0,1.0,1,1.0,1,1.0,1,0.29887939464214625,42
1951,3,3345,1563,1782,0,0,0,1.0,1,1.0,1,1.0,1,0.3464516552902444,38
1952,2,3347,1565,1782,0,0,0,1.0,1,1.0,1,1.0,1,0.3135935870058311,36
1953,3,3350,1567,1783,0,0,0,1.0,1,1.0,1,1.0,1,0.27408130760197563,35
1954,1,3351,1568,1783,0,0,0,1.0,1,1.0,1,1.0,1,0.27365698579410996,32
1955,1,3352,1569,1783,0,0,0,1.0,1,1.0,1,1.0,1,0.2846489584653776,33
1956,2,3354,1571,1783,0,0,0,1.0,1,1.0,1,1.0,1,0.32872003537388156,31
1957,1,3355,1572,1783,0,0,0,1.0,1,1.0,1,1.0,1,0.32636653187506237,33
1958,2,3357,1572,1785,0,0,0,1.0,1,1.0,1,1.0,1,0.27436795533236735,34
1959,1,3358,1572,1786,0,0,0,1.0,1,1.0,1,1.0,1,0.27840546437519,35
1960,2,3360,1573,1787,0,0,0,1.0,1,1.0,1,1.0,1,0.30350728884543327,36
1961,5,3365,1574,1791,0,0,0,1.0,1,1.0,1,1.0,1,0.20789638880869094,36
1962,1,3366,1574,1792,0,0,0,1.0,1,1.0,1,1.0,1,0.23531163165737018,35
1963,0,3366,1574,1792,0,0,0,1.0,1,1.0,1,1.0,1,0.24586873891195055,36
1964,1,3367,1575,1792,0,0,0,1.0,1,1.0,1,1.0,1,0.25207185341522226,35
1965,1,3368,1576,1792,0,0,0,1.0,1,1.0,1,1.0,1,0.24301342598324152,36
1966,3,3371,1577,1794,0,0,0,1.0,1,1.0,1,1.0,1,0.21310383393498444,36
1967,1,3372,1577,1795,0,0,0,1.0,1,1.0,1,1.0,1,0.19718314583082644,36
1968,2,3374,1577,1797,0,0,0,1.0,1,1.0,1,1.0,1,0.2050568751191173,37
1969,3,3377,1578,1799,0,0,0,1.0,1,1.0,1,1.0,1,0.22421589680438284,37
1970,4,3381,1580,1801,0,0,0,1.0,1,1.0,1,1.0,1,0.2646672453126592,38
1971,2,3383,1580,1803,0,0,0,1.0,1,1.0,1,1.0,1,0.23204399162230535,37
1972,0,3383,1580,1803,0,0,0,1.0,1,1.0,1,1.0,1,0.23204399162230535,37
1973,1,3384,1581,1803,0,0,0,1.0,1,1.0,1,1.0,1,0.27706735241445823,37
1974,1,3385,1582,1803,0,0,0,1.0,1,1.0,1,1.0,1,0.292719722362442,38
1975,0,3385,1582,1803,0,0,0,1.0,1,1.0,1,1.0,1,0.30176430250983227,37
1976,5,3390,1585,1805,0,0,0,1.0,1,1.0,1,1.0,1,0.3429817286327458,39
1977,6,3396,1586,1810,0,0,0,1.0,1,1.0,1,1.0,1,0.2595348938881642,42
1978,2,3398,1587,1811,0,0,0,1.0,1,1.0,1,1.0,1,0.2125482049824133,42
1979,0,3398,1587,1811,0,0,0,1.0,1,1.0,1,1.0,1,0.2125482049824133,42
1980,2,3400,1587,1813,0,0,0,1.0,1,1.0,1,1.0,1,0.17592877249977473,43
1981,0,3400,1587,1813,0,0,0,1.0,1,1.0,1,1.0,1,0.18239265222971252,44
1982,1,3401,1588,1813,0,0,0,1.0,1,1.0,1,1.0,1,0.19070243349237936,44
1983,2,3403,1590,1813,0,0,0,1.0,1,1.0,1,1.0,1,0.19922787683595117,44
1984,1,3404,1591,1813,0,0,0,1.0,1,1.0,1,1.0,1,0.23089701314007824,42
1985,2,3406,1593,1813,0,0,0,1.0,1,1.0,1,1.0,1,0.20394583594909912,41
1986,3,3409,1596,1813,0,0,0,1.0,1,1.0,1,1.0,1,0.28386780534923645,40
1987,2,3411,1598,1813,0,0,0,1.0,1,1.0,1,1.0,1,0.2897704515053729,37
1988,3,3414,1600,1814,0,0,0,1.0,1,1.0,1,1.0,1,0.3172380127257571,35
1989,0,3414,1600,1814,0,0,0,1.0,1,1.0,1,1.0,1,0.3035812771502782,32
1990,1,3415,1601,1814,0,0,0,1.0,1,1.0,1,1.0,1,0.29732639218487306,31
1991,2,3417,1602,1815,0,0,0,1.0,1,1.0,1,1.0,1,0.33173019385931635,32
1992,1,3418,1603,1815,0,0,0,1.0,1,1.0,1,1.0,1,0.3532389881867568,32
1993,3,3421,1604,1817,0,0,0,1.0,1,1.0,1,1.0,1,0.38285721461101574,32
1994,0,3421,1604,1817,0,0,0,1.0,1,1.0,1,1.0,1,0.3864238715004667,31
1995,1,3422,1604,1818,0,0,0,1.0,1,1.0,1,1.0,1,0.3419063950799738,32
1996,0,3422,1604,1818,0,0,0,1.0,1,1.0,1,1.0,1,0.32685195335826545,32
1997,0,3422,1604,1818,0,0,0,1.0,1,1.0,1,1.0,1,0.3572996909155558,31
1998,2,3424,1605,1819,0,0,0,1.0,1,1.0,1,1.0,1,0.32229278460890404,32
1999,2,3426,1606,1820,0,0,0,1.0,1,1.0,1,1.0,1,0.3037307177155975,31
2000,0,3426,1606,1820,0,0,0,1.0,1,1.0,1,1.0,1,0.3237408485287552,30
2001,1,3427,1606,1821,0,0,0,1.0,1,1.0,1,1.0,1,0.30030669651219477,29
2002,1,3428,1607,1821,0,0,0,1.0,1,1.0,1,1.0,1,0.28935969464367195,31
2003,5,3433,1609,1824,0,0,0,1.0,1,1.0,1,1.0,1,0.3018580738180952,33
2004,4,3437,1610,1827,0,0,0,1.0,1,1.0,1,1.0,1,0.29282060407334637,34
2005,2,3439,1610,1829,0,0,0,1.0,1,1.0,1,1.0,1,0.28809853578943934,35
2006,3,3442,1611,1831,0,0,0,1.0,1,1.0,1,1.0,1,0.23861288453947715,36
2007,0,3442,1611,1831,0,0,0,1.0,1,1.0,1,1.0,1,0.23861288453947715,36
2008,2,3444,1613,1831,0,0,0,1.0,1,1.0,1,1.0,1,0.2771378985787672,36
2009,1,3445,1613,1832,0,0,0,1.0,1,1.0,1,1.0,1,0.24923275941599243,37
2010,1,3446,1614,1832,0,0,0,1.0,1,1.0,1,1.0,1,0.2649067246269813,37
2011,1,3447,1614,1833,0,0,0,1.0,1,1.0,1,1.0,1,0.24146806050419634,37
2012,1,3448,1614,1834,0,0,0,1.0,1,1.0,1,1.0,1,0.21762348963171665,37
2013,1,3449,1614,1835,0,0,0,1.0,1,1.0,1,1.0,1,0.20640051734009904,39
2014,1,3450,1614,1836,0,0,0,1.0,1,1.0,1,1.0,1,0.22734438453336736,39
2015,0,3450,1614,1836,0,0,0,1.0,1,1.0,1,1.0,1,0.22734438453336736,39
2016,0,3450,1614,1836,0,0,0,1.0,1,1.0,1,1.0,1,0.22288687711865307,41
2017,1,3451,1614,1837,0,0,0,1.0,1,1.0,1,1.0,1,0.2061344425837072,41
2018,2,3453,1615,1838,0,0,0,1.0,1,1.0,1,1.0,1,0.21853956878406738,42
2019,0,3453,1615,1838,0,0,0,1.0,1,1.0,1,1.0,1,0.2003709569386494,43
2020,2,3455,1617,1838,0,0,0,1.0,1,1.0,1,1.0,1,0.22362128884632293,43
2021,3,3458,1618,1840,0,0,0,1.0,1,1.0,1,1.0,1,0.1931705265120341,43
2022,0,3458,1618,1840,0,0,0,1.0,1,1.0,1,1.0,1,0.19836408592685356,44
2023,2,3460,1620,1840,0,0,0,1.0,1,1.0,1,1.0,1,0.2715251920291295,42
2024,2,3462,1622,1840,0,0,0,1.0,1,1.0,1,1.0,1,0.2764230305997285,41
2025,2,3464,1624,1840,0,0,0,1.0,1,1.0,1,1.0,1,0.3200518645009256,39
2026,1,3465,1625,1840,0,0,0,1.0,1,1.0,1,1.0,1,0.3490342237520624,39
2027,4,3469,1627,1842,0,0,0,1.0,1,1.0,1,1.0,1,0.41234138661801617,38
2028,2,3471,1628,1843,0,0,0,1.0,1,1.0,1,1.0,1,0.41364944436695905,37
2029,2,3473,1629,1844,0,0,0,1.0,1,1.0,1,1.0,1,0.371808338924879,35
2030,1,3474,1629,1845,0,0,0,1.0,1,1.0,1,1.0,1,0.3227626477785179,32
2031,4,3478,1631,1847,0,0,0,1.0,1,1.0,1,1.0,1,0.30255757467218686,34
2032,2,3480,1632,1848,0,0,0,1.0,1,1.0,1,1.0,1,0.35404160938254003,35
2033,3,3483,1633,1850,0,0,0,1.0,1,1.0,1,1.0,1,0.316587651273715,35
2034,1,3484,1633,1851,0,0,0,1.0,1,1.0,1,1.0,1,0.3142255137786342,35
2035,1,3485,1634,1851,0,0,0,1.0,1,1.0,1,1.0,1,0.30877626801175434,36
2036,0,3485,1634,1851,0,0,0,1.0,1,1.0,1,1.0,1,0.31502031720962903,35
2037,2,3487,1635,1852,0,0,0,1.0,1,1.0,1,1.0,1,0.3170467139071979,36
2038,3,3490,1637,1853,0,0,0,1.0,1,1.0,1,1.0,1,0.30030579300499843,38
2039,2,3492,1638,1854,0,0,0,1.0,1,1.0,1,1.0,1,0.3060220998512423,38
2040,0,3492,1638,1854,0,0,0,1.0,1,1.0,1,1.0,1,0.287534718239089,37
2041,2,3494,1639,1855,0,0,0,1.0,1,1.0,1,1.0,1,0.27686299141005527,38
2042,2,3496,1639,1857,0,0,0,1.0,1,1.0,1,1.0,1,0.24233683217099286,38
2043,1,3497,1639,1858,0,0,0,1.0,1,1.0,1,1.0,1,0.2242125370902871,38
2044,0,3497,1639,1858,0,0,0,1.0,1,1.0,1,1.0,1,0.2161332756689265,39
2045,0,3497,1639,1858,0,0,0,1.0,1,1.0,1,1.0,1,0.232854063435216,40
2046,1,3498,1639,1859,0,0,0,1.0,1,1.0,1,1.0,1,0.2102776204928423,41
2047,0,3498,1639,1859,0,0,0,1.0,1,1.0,1,1.0,1,0.2102776204928423,41
2048,0,3498,1639,1859,0,0,0,1.0,1,1.0,1,1.0,1,0.2247608995484983,43
2049,2,3500,1641,1859,0,0,0,1.0,1,1.0,1,1.0,1,0.2317450851653567,43
2050,1,3501,1641,1860,0,0,0,1.0,1,1.0,1,1.0,1,0.20538290507439,43
2051,1,3502,1641,1861,0,0,0,1.0,1,1.0,1,1.0,1,0.2245147495577967,43
2052,2,3504,1642,1862,0,0,0,1.0,1,1.0,1,1.0,1,0.21186537522293955,44
2053,2,3506,1643,1863,0,0,0,1.0,1,1.0,1,1.0,1,0.22456079256474978,43
2054,0,3506,1643,1863,0,0,0,1.0,1,1.0,1,1.0,1,0.22765593516977864,44
2055,0,3506,1643,1863,0,0,0,1.0,1,1.0,1,1.0,1,0.23121861205718522,43
2056,1,3507,1643,1864,0,0,0,1.0,1,1.0,1,1.0,1,0.20776528240392925,44
2057,4,3511,1647,1864,0,0,0,1.0,1,1.0,1,1.0,1,0.23751106435701635,44
2058,4,3515,1649,1866,0,0,0,1.0,1,1.0,1,1.0,1,0.2026233283369017,44
2059,1,3516,1650,1866,0,0,0,1.0,1,1.0,1,1.0,1,0.22817950367844944,45
2060,1,3517,1650,1867,0,0,0,1.0,1,1.0,1,1.0,1,0.23888726500866525,46
2061,8,3525,1652,1873,0,0,0,1.0,1,1.0,1,1.0,1,0.18228510277589982,48
2062,3,3528,1654,1874,0,0,0,1.0,1,1.0,1,1.0,1,0.19562311355689643,48
2063,0,3528,1654,1874,0,0,0,1.0,1,1.0,1,1.0,1,0.20628492122713904,45
2064,7,3535,1656,1879,0,0,0,1.0,1,1.0,1,1.0,1,0.25618712838187085,44
2065,2,3537,1657,1880,0,0,0,1.0,1,1.0,1,1.0,1,0.21563816007144274,42
2066,3,3540,1660,1880,0,0,0,1.0,1,1.0,1,1.0,1,0.3080423794730468,42
2067,1,3541,1660,1881,0,0,0,1.0,1,1.0,1,1.0,1,0.2706163153177758,38
2068,1,3542,1661,1881,0,0,0,1.0,1,1.0,1,1.0,1,0.2880662930509551,37
2069,0,3542,1661,1881,0,0,0,1.0,1,1.0,1,1.0,1,0.2971558720992357,35
2070,2,3544,1663,1881,0,0,0,1.0,1,1.0,1,1.0,1,0.31551657755015716,35
2071,3,3547,1664,1883,0,0,0,1.0,1,1.0,1,1.0,1,0.32291061728731074,34
2072,2,3549,1665,1884,0,0,0,1.0,1,1.0,1,1.0,1,0.33481353756370513,35
2073,0,3549,1665,1884,0,0,0,1.0,1,1.0,1,1.0,1,0.34462119040351996,37
2074,1,3550,1666,1884,0,0,0,1.0,1,1.0,1,1.0,1,0.3241394445944483,36
2075,2,3552,1666,1886,0,0,0,1.0,1,1.0,1,1.0,1,0.26778587470753157,38
2076,2,3554,1666,1888,0,0,0,1.0,1,1.0,1,1.0,1,0.22668176796280326,37
2077,1,3555,1666,1889,0,0,0,1.0,1,1.0,1,1.0,1,0.18314931741838072,37
2078,1,3556,1666,1890,0,0,0,1.0,1,1.0,1,1.0,1,0.1833281012264955,37
2079,2,3558,1667,1891,0,0,0,1.0,1,1.0,1,1.0,1,0.16142301809680054,37
2080,0,3558,1667,1891,0,0,0,1.0,1,1.0,1,1.0,1,0.16966014077920227,36
2081,1,3559,1668,1891,0,0,0,1.0,1,1.0,1,1.0,1,0.21374933796670928,37
2082,5,3564,1670,1894,0,0,0,1.0,1,1.0,1,1.0,1,0.2602070167012353,38
2083,0,3564,1670,1894,0,0,0,1.0,1,1.0,1,1.0,1,0.2785350686368597,39
2084,4,3568,1671,1897,0,0,0,1.0,1,1.0,1,1.0,1,0.2700056703840087,41
2085,2,3570,1672,1898,0,0,0,1.0,1,1.0,1,1.0,1,0.2717241532976942,41
2086,2,3572,1672,1900,0,0,0,1.0,1,1.0,1,1.0,1,0.24953490514559754,44
2087,0,3572,1672,1900,0,0,0,1.0,1,1.0,1,1.0,1,0.24953490514559754,44
2088,1,3573,1672,1901,0,0,0,1.0,1,1.0,1,1.0,1,0.25969508615613573,45
2089,0,3573,1672,1901,0,0,0,1.0,1,1.0,1,1.0,1,0.24769863005769435,46
2090,2,3575,1672,1903,0,0,0,1.0,1,1.0,1,1.0,1,0.24658039935089943,47
2091,3,3578,1672,1906,0,0,0,1.0,1,1.0,1,1.0,1,0.17747329787201419,48
2092,1,3579,1673,1906,0,0,0,1.0,1,1.0,1,1.0,1,0.17428218812318597,48
2093,0,3579,1673,1906,0,0,0,1.0,1,1.0,1,1.0,1,0.17428218812318597,48
2094,0,3579,1673,1906,0,0,0,1.0,1,1.0,1,1.0,1,0.15929190058247453,47
2095,0,3579,1673,1906,0,0,0,1.0,1,1.0,1,1.0,1,0.18198932616911864,49
2096,1,3580,1674,1906,0,0,0,1.0,1,1.0,1,1.0,1,0.2038712883551109,50
2097,0,3580,1674,1906,0,0,0,1.0,1,1.0,1,1.0,1,0.2038712883551109,50
2098,2,3582,1675,1907,0,0,0,1.0,1,1.0,1,1.0,1,0.2120074423504378,51
2099,0,3582,1675,1907,0,0,0,1.0,1,1.0,1,1.0,1,0.22943203731654152,50
2100,3,3585,1677,1908,0,0,0,1.0,1,1.0,1,1.0,1,0.23737741687180627,49
2101,0,3585,1677,1908,0,0,0,1.0,1,1.0,1,1.0,1,0.2748895420350591,48
2102,4,3589,1681,1908,0,0,0,1.0,1,1.0,1,1.0,1,0.3544895577432615,49
2103,3,3592,1682,1910,0,0,0,1.0,1,1.0,1,1.0,1,0.3346757832326707,44
2104,4,3596,1685,1911,0,0,0,1.0,1,1.0,1,1.0,1,0.4094000575290798,42
2105,2,3598,1685,1913,0,0,0,1.0,1,1.0,1,1.0,1,0.3548910648356641,40
2106,3,3601,1686,1915,0,0,0,1.0,1,1.0,1,1.0,1,0.3846763237660965,39
2107,3,3604,1687,1917,0,0,0,1.0,1,1.0,1,1.0,1,0.3224627847060128,37
2108,1,3605,1687,1918,0,0,0,1.0,1,1.0,1,1.0,1,0.31484005012026606,37
2109,2,3607,1689,1918,0,0,0,1.0,1,1.0,1,1.0,1,0.37681333007830414,36
2110,0,3607,1689,1918,0,0,0,1.0,1,1.0,1,1.0,1,0.35920441807024095,35
2111,4,3611,1690,1921,0,0,0,1.0,1,1.0,1,1.0,1,0.2533118459937208,35
2112,1,3612,1691,1921,0,0,0,1.0,1,1.0,1,1.0,1,0.269552375494458,35
2113,0,3612,1691,1921,0,0,0,1.0,1,1.0,1,1.0,1,0.268666073673982,35
2114,2,3614,1692,1922,0,0,0,1.0,1,1.0,1,1.0,1,0.2731432110526886,36
2115,1,3615,1692,1923,0,0,0,1.0,1,1.0,1,1.0,1,0.2761676616085745,37
2116,3,3618,1694,1924,0,0,0,1.0,1,1.0,1,1.0,1,0.3002120515310188,39
2117,3,3621,1694,1927,0,0,0,1.0,1,1.0,1,1.0,1,0.27472798415801025,39
2118,0,3621,1694,1927,0,0,0,1.0,1,1.0,1,1.0,1,0.2833279369982181,41
2119,2,3623,1695,1928,0,0,0,1.0,1,1.0,1,1.0,1,0.27136438314430117,42
2120,0,3623,1695,1928,0,0,0,1.0,1,1.0,1,1.0,1,0.27136438314430117,42
2121,3,3626,1695,1931,0,0,0,1.0,1,1.0,1,1.0,1,0.19691349218868545,42
2122,2,3628,1695,1933,0,0,0,1.0,1,1.0,1,1.0,1,0.19376412445299745,43
2123,1,3629,1696,1933,0,0,0,1.0,1,1.0,1,1.0,1,0.2365118882806602,42
2124,0,3629,1696,1933,0,0,0,1.0,1,1.0,1,1.0,1,0.2365118882806602,42
2125,0,3629,1696,1933,0,0,0,1.0,1,1.0,1,1.0,1,0.2507444197168442,41
2126,0,3629,1696,1933,0,0,0,1.0,1,1.0,1,1.0,1,0.2507444197168442,41
2127,0,3629,1696,1933,0,0,0,1.0,1,1.0,1,1.0,1,0.2507444197168442,41
2128,0,3629,1696,1933,0,0,0,1.0,1,1.0,1,1.0,1,0.25434808066015674,42
2129,2,3631,1696,1935,0,0,0,1.0,1,1.0,1,1.0,1,0.2720687122953902,43
2130,0,3631,1696,1935,0,0,0,1.0,1,1.0,1,1.0,1,0.2721202143837785,45
2131,2,3633,1696,1937,0,0,0,1.0,1,1.0,1,1.0,1,0.23995076690616865,44
2132,0,3633,1696,1937,0,0,0,1.0,1,1.0,1,1.0,1,0.23995076690616865,44
2133,1,3634,1696,1938,0,0,0,1.0,1,1.0,1,1.0,1,0.22859564703122232,45
2134,1,3635,1697,1938,0,0,0,1.0,1,1.0,1,1.0,1,0.24974554139357205,45
2135,5,3640,1698,1942,0,0,0,1.0,1,1.0,1,1.0,1,0.1743030646559526,46
2136,0,3640,1698,1942,0,0,0,1.0,1,1.0,1,1.0,1,0.1841274316384782,47
2137,2,3642,1700,1942,0,0,0,1.0,1,1.0,1,1.0,1,0.20338337706976406,47
2138,1,3643,1701,1942,0,0,0,1.0,1,1.0,1,1.0,1,0.22157968593612784,45
2139,1,3644,1702,1942,0,0,0,1.0,1,1.0,1,1.0,1,0.20645063396403207,45
2140,1,3645,1703,1942,0,0,0,1.0,1,1.0,1,1.0,1,0.21961726444219473,44
2141,3,3648,1704,1944,0,0,0,1.0,1,1.0,1,1.0,1,0.16906455033422013,45
2142,3,3651,1707,1944,0,0,0,1.0,1,1.0,1,1.0,1,0.1922000243499274,46
2143,1,3652,1707,1945,0,0,0,1.0,1,1.0,1,1.0,1,0.15142918577991304,46
2144,2,3654,1708,1946,0,0,0,1.0,1,1.0,1,1.0,1,0.14116844177475016,48
2145,5,3659,1713,1946,0,0,0,1.0,1,1.0,1,1.0,1,0.21266259030367587,46
2146,4,3663,1716,1947,0,0,0,1.0,1,1.0,1,1.0,1,0.20418624924080514,45
2147,8,3671,1719,1952,0,0,0,1.0,1,1.0,1,1.0,1,0.15207504590656448,44
2148,3,3674,1720,1954,0,0,0,1.0,1,1.0,1,1.0,1,0.1607695161052872,44
2149,2,3676,1722,1954,0,0,0,1.0,1,1.0,1,1.0,1,0.1722373814350354,42
2150,0,3676,1722,1954,0,0,0,1.0,1,1.0,1,1.0,1,0.14258566248501614,40
2151,3,3679,1723,1956,0,0,0,1.0,1,1.0,1,1.0,1,0.22697071608015984,39
2152,2,3681,1724,1957,0,0,0,1.0,1,1.0,1,1.0,1,0.2472765906867951,40
2153,0,3681,1724,1957,0,0,0,1.0,1,1.0,1,1.0,1,0.2622991490100413,42
2154,3,3684,1725,1959,0,0,0,1.0,1,1.0,1,1.0,1,0.25802099822449287,42
2155,2,3686,1727,1959,0,0,0,1.0,1,1.0,1,1.0,1,0.2747520124306482,41
2156,0,3686,1727,1959,0,0,0,1.0,1,1.0,1,1.0,1,0.27369532702452176,40
2157,1,3687,1728,1959,0,0,0,1.0,1,1.0,1,1.0,1,0.31862347160279514,40
2158,0,3687,1728,1959,0,0,0,1.0,1,1.0,1,1.0,1,0.34047431134128103,38
2159,0,3687,1728,1959,0,0,0,1.0,1,1.0,1,1.0,1,0.33299018669786107,38
2160,1,3688,1729,1959,0,0,0,1.0,1,1.0,1,1.0,1,0.3159544218323532,38
2161,4,3692,1731,1961,0,0,0,1.0,1,1.0,1,1.0,1,0.26796148315485546,38
2162,5,3697,1732,1965,0,0,0,1.0,1,1.0,1,1.0,1,0.17255359977429405,38
2163,3,3700,1734,1966,0,0,0,1.0,1,1.0,1,1.0,1,0.22088697685397776,40
2164,2,3702,1735,1967,0,0,0,1.0,1,1.0,1,1.0,1,0.2360033373527568,41
2165,2,3704,1735,1969,0,0,0,1.0,1,1.0,1,1.0,1,0.22953814602141348,42
2166,0,3704,1735,1969,0,0,0,1.0,1,1.0,1,1.0,1,0.22953814602141348,42
2167,0,3704,1735,1969,0,0,0,1.0,1,1.0,1,1.0,1,0.20228090839055615,43
2168,1,3705,1735,1970,0,0,0,1.0,1,1.0,1,1.0,1,0.19531689306656183,43
2169,0,3705,1735,1970,0,0,0,1.0,1,1.0,1,1.0,1,0.22105086778142874,45
2170,1,3706,1736,1970,0,0,0,1.0,1,1.0,1,1.0,1,0.2263866752506078,46
2171,6,3712,1737,1975,0,0,0,1.0,1,1.0,1,1.0,1,0.15808455381988898,48
2172,2,3714,1737,1977,0,0,0,1.0,1,1.0,1,1.0,1,0.13361382923370674,49
2173,0,3714,1737,1977,0,0,0,1.0,1,1.0,1,1.0,1,0.13361382923370674,49
2174,2,3716,1738,1978,0,0,0,1.0,1,1.0,1,1.0,1,0.1551344989046206,49
2175,0,3716,1738,1978,0,0,0,1.0,1,1.0,1,1.0,1,0.1551344989046206,49
2176,5,3721,1741,1980,0,0,0,1.0,1,1.0,1,1.0,1,0.20279939490828663,51
2177,4,3725,1742,1983,0,0,0,1.0,1,1.0,1,1.0,1,0.1695964088079636,51
2178,0,3725,1742,1983,0,0,0,1.0,1,1.0,1,1.0,1,0.1632878139119353,50
2179,1,3726,1743,1983,0,0,0,1.0,1,1.0,1,1.0,1,0.1710179987748716,49
2180,2,3728,1744,1984,0,0,0,1.0,1,1.0,1,1.0,1,0.16655268296649575,47
2181,3,3731,1747,1984,0,0,0,1.0,1,1.0,1,1.0,1,0.14796063024344655,47
2182,2,3733,1748,1985,0,0,0,1.0,1,1.0,1,1.0,1,0.1850887744848494,45
2183,1,3734,1749,1985,0,0,0,1.0,1,1.0,1,1.0,1,0.19168671754957406,44
2184,5,3739,1753,1986,0,0,0,1.0,1,1.0,1,1.0,1,0.2526726239625208,43
2185,6,3745,1757,1988,0,0,0,1.0,1,1.0,1,1.0,1,0.27104259635388056,40
2186,2,3747,1759,1988,0,0,0,1.0,1,1.0,1,1.0,1,0.32726430322232214,38
2187,3,3750,1762,1988,0,0,0,1.0,1,1.0,1,1.0,1,0.3294746847462668,35
2188,2,3752,1764,1988,0,0,0,1.0,1,1.0,1,1.0,1,0.3671443846883899,34
2189,0,3752,1764,1988,0,0,0,1.0,1,1.0,1,1.0,1,0.3212288822891566,31
2190,3,3755,1766,1989,0,0,0,1.0,1,1.0,1,1.0,1,0.3201497014979667,29
2191,3,3758,1767,1991,0,0,0,1.0,1,1.0,1,1.0,1,0.2812424348731098,28
2192,3,3761,1768,1993,0,0,0,1.0,1,1.0,1,1.0,1,0.2658871713626064,29
2193,1,3762,1769,1993,0,0,0,1.0,1,1.0,1,1.0,1,0.33533514088562544,28
2194,0,3762,1769,1993,0,0,0,1.0,1,1.0,1,1.0,1,0.32559050296188735,27
2195,2,3764,1771,1993,0,0,0,1.0,1,1.0,1,1.0,1,0.3163732022810086,27
2196,1,3765,1772,1993,0,0,0,1.0,1,1.0,1,1.0,1,0.3965682696313451,27
2197,1,3766,1772,1994,0,0,0,1.0,1,1.0,1,1.0,1,0.3863259300240129,27
2198,0,3766,1772,1994,0,0,0,1.0,1,1.0,1,1.0,1,0.3568569020319518,28
2199,0,3766,1772,1994,0,0,0,1.0,1,1.0,1,1.0,1,0.37908688018733466,29
2200,2,3768,1772,1996,0,0,0,1.0,1,1.0,1,1.0,1,0.3676958145127749,31
2201,4,3772,1774,1998,0,0,0,1.0,1,1.0,1,1.0,1,0.2865959540593786,32
2202,0,3772,1774,1998,0,0,0,1.0,1,1.0,1,1.0,1,0.2949658877439609,31
2203,0,3772,1774,1998,0,0,0,1.0,1,1.0,1,1.0,1,0.28380435725556175,32
2204,0,3772,1774,1998,0,0,0,1.0,1,1.0,1,1.0,1,0.28380435725556175,32
2205,1,3773,1775,1998,0,0,0,1.0,1,1.0,1,1.0,1,0.3358908601682693,33
2206,1,3774,1776,1998,0,0,0,1.0,1,1.0,1,1.0,1,0.3284600507378599,32
2207,1,3775,1776,1999,0,0,0,1.0,1,1.0,1,1.0,1,0.30033704717823717,33
2208,0,3775,1776,1999,0,0,0,1.0,1,1.0,1,1.0,1,0.28221854227529736,35
2209,5,3780,1778,2002,0,0,0,1.0,1,1.0,1,1.0,1,0.27999613500510157,36
2210,0,3780,1778,2002,0,0,0,1.0,1,1.0,1,1.0,1,0.2743546928803045,35
2211,1,3781,1778,2003,0,0,0,1.0,1,1.0,1,1.0,1,0.2692819555181189,36
2212,5,3786,1779,2007,0,0,0,1.0,1,1.0,1,1.0,1,0.24475106763076795,37
2213,2,3788,1781,2007,0,0,0,1.0,1,1.0,1,1.0,1,0.273772150316063,37
2214,1,3789,1781,2008,0,0,0,1.0,1,1.0,1,1.0,1,0.2600969657535914,39
2215,2,3791,1783,2008,0,0,0,1.0,1,1.0,1,1.0,1,0.28519583108457797,36
2216,2,3793,1785,2008,0,0,0,1.0,1,1.0,1,1.0,1,0.3188553811058096,37
2217,1,3794,1786,2008,0,0,0,1.0,1,1.0,1,1.0,1,0.29974328750235596,35
2218,2,3796,1787,2009,0,0,0,1.0,1,1.0,1,1.0,1,0.31458645349325776,35
2219,1,3797,1788,2009,0,0,0,1.0,1,1.0,1,1.0,1,0.2963905318909877,33
2220,1,3798,1789,2009,0,0,0,1.0,1,1.0,1,1.0,1,0.29903043676540153,31
2221,3,3801,1790,2011,0,0,0,1.0,1,1.0,1,1.0,1,0.23044065002646758,31
2222,2,3803,1791,2012,0,0,0,1.0,1,1.0,1,1.0,1,0.2161536195309262,30
2223,2,3805,1793,2012,0,0,0,1.0,1,1.0,1,1.0,1,0.2982771676434716,28
2224,3,3808,1795,2013,0,0,0,1.0,1,1.0,1,1.0,1,0.36191329606369865,29
2225,2,3810,1797,2013,0,0,0,1.0,1,1.0,1,1.0,1,0.40381837155148914,28
2226,4,3814,1797,2017,0,0,0,1.0,1,1.0,1,1.0,1,0.26024103546156807,30
2227,0,3814,1797,2017,0,0,0,1.0,1,1.0,1,1.0,1,0.31992502911181836,28
2228,3,3817,1799,2018,0,0,0,1.0,1,1.0,1,1.0,1,0.3501180679265242,29
2229,1,3818,1800,2018,0,0,0,1.0,1,1.0,1,1.0,1,0.3322689862842531,28
2230,0,3818,1800,2018,0,0,0,1.0,1,1.0,1,1.0,1,0.32986532581552874,28
2231,1,3819,1801,2018,0,0,0,1.0,1,1.0,1,1.0,1,0.3013437390771037,27
2232,2,3821,1801,2020,0,0,0,1.0,1,1.0,1,1.0,1,0.281774858677412,27
2233,2,3823,1802,2021,0,0,0,1.0,1,1.0,1,1.0,1,0.24297434410920268,28
2234,2,3825,1803,2022,0,0,0,1.0,1,1.0,1,1.0,1,0.21588476949070742,26
2235,1,3826,1803,2023,0,0,0,1.0,1,1.0,1,1.0,1,0.17492212248435252,26
2236,1,3827,1804,2023,0,0,0,1.0,1,1.0,1,1.0,1,0.2849606648234604,26
2237,3,3830,1806,2024,0,0,0,1.0,1,1.0,1,1.0,1,0.32285550080293357,26
2238,2,3832,1807,2025,0,0,0,1.0,1,1.0,1,1.0,1,0.32928252293976096,27
2239,2,3834,1807,2027,0,0,0,1.0,1,1.0,1,1.0,1,0.31556593053823306,28
2240,4,3838,1808,2030,0,0,0,1.0,1,1.0,1,1.0,1,0.3106106501617258,30
2241,2,3840,1809,2031,0,0,0,1.0,1,1.0,1,1.0,1,0.27750070032607815,29
2242,1,3841,1809,2032,0,0,0,1.0,1,1.0,1,1.0,1,0.1992237293581981,29
2243,2,3843,1810,2033,0,0,0,1.0,1,1.0,1,1.0,1,0.17672479786476844,29
2244,0,3843,1810,2033,0,0,0,1.0,1,1.0,1,1.0,1,0.17672479786476844,29
2245,0,3843,1810,2033,0,0,0,1.0,1,1.0,1,1.0,1,0.18811703875196534,30
2246,0,3843,1810,2033,0,0,0,1.0,1,1.0,1,1.0,1,0.18729429554097063,33
2247,0,3843,1810,2033,0,0,0,1.0,1,1.0,1,1.0,1,0.18871182064064876,34
2248,0,3843,1810,2033,0,0,0,1.0,1,1.0,1,1.0,1,0.18871182064064876,34
2249,0,3843,1810,2033,0,0,0,1.0,1,1.0,1,1.0,1,0.1771033604652278,35
2250,0,3843,1810,2033,0,0,0,1.0,1,1.0,1,1.0,1,0.1771033604652278,35
2251,0,3843,1810,2033,0,0,0,1.0,1,1.0,1,1.0,1,0.17146870785044677,36
2252,2,3845,1811,2034,0,0,0,1.0,1,1.0,1,1.0,1,0.20166272595257267,37
2253,3,3848,1813,2035,0,0,0,1.0,1,1.0,1,1.0,1,0.25898312851013894,35
2254,2,3850,1813,2037,0,0,0,1.0,1,1.0,1,1.0,1,0.24240447528404369,33
2255,0,3850,1813,2037,0,0,0,1.0,1,1.0,1,1.0,1,0.2470891553715188,35
2256,3,3853,1816,2037,0,0,0,1.0,1,1.0,1,1.0,1,0.25851003655612165,34
2257,3,3856,1819,2037,0,0,0,1.0,1,1.0,1,1.0,1,0.2999349790476845,36
2258,3,3859,1820,2039,0,0,0,1.0,1,1.0,1,1.0,1,0.22112965884695182,35
2259,2,3861,1821,2040,0,0,0,1.0,1,1.0,1,1.0,1,0.22264497166483616,35
2260,1,3862,1821,2041,0,0,0,1.0,1,1.0,1,1.0,1,0.210432426416565,33
2261,0,3862,1821,2041,0,0,0,1.0,1,1.0,1,1.0,1,0.210432426416565,33
2262,1,3863,1822,2041,0,0,0,1.0,1,1.0,1,1.0,1,0.31001884803442636,32
2263,1,3864,1823,2041,0,0,0,1.0,1,1.0,1,1.0,1,0.320119663826435,31
2264,2,3866,1824,2042,0,0,0,1.0,1,1.0,1,1.0,1,0.37756125511739763,30
2265,0,3866,1824,2042,0,0,0,1.0,1,1.0,1,1.0,1,0.31948803563944855,29
2266,3,3869,1826,2043,0,0,0,1.0,1,1.0,1,1.0,1,0.35975631190382007,30
2267,2,3871,1828,2043,0,0,0,1.0,1,1.0,1,1.0,1,0.37214893883993444,29
2268,2,3873,1830,2043,0,0,0,1.0,1,1.0,1,1.0,1,0.33121681039085576,30
2269,2,3875,1832,2043,0,0,0,1.0,1,1.0,1,1.0,1,0.3534121196803803,31
2270,2,3877,1834,2043,0,0,0,1.0,1,1.0,1,1.0,1,0.3501371998191521,31
2271,6,3883,1838,2045,0,0,0,1.0,1,1.0,1,1.0,1,0.23795588029013973,31
2272,3,3886,1840,2046,0,0,0,1.0,1,1.0,1,1.0,1,0.22132677517978502,31
2273,0,3886,1840,2046,0,0,0,1.0,1,1.0,1,1.0,1,0.24835182436280087,30
2274,0,3886,1840,2046,0,0,0,1.0,1,1.0,1,1.0,1,0.2525463432900935,31
2275,1,3887,1840,2047,0,0,0,1.0,1,1.0,1,1.0,1,0.2337878640545211,32
2276,1,3888,1841,2047,0,0,0,1.0,1,1.0,1,1.0,1,0.24777431023966046,31
2277,1,3889,1841,2048,0,0,0,1.0,1,1.0,1,1.0,1,0.20039769439984995,31
2278,0,3889,1841,2048,0,0,0,1.0,1,1.0,1,1.0,1,0.2185314565054751,32
2279,0,3889,1841,2048,0,0,0,1.0,1,1.0,1,1.0,1,0.21912846068227573,32
2280,1,3890,1841,2049,0,0,0,1.0,1,1.0,1,1.0,1,0.20245342296832258,33
2281,1,3891,1841,2050,0,0,0,1.0,1,1.0,1,1.0,1,0.2027598856407586,34
2282,0,3891,1841,2050,0,0,0,1.0,1,1.0,1,1.0,1,0.2027598856407586,34
2283,0,3891,1841,2050,0,0,0,1.0,1,1.0,1,1.0,1,0.2027598856407586,34
2284,1,3892,1842,2050,0,0,0,1.0,1,1.0,1,1.0,1,0.231545340287654,34
2285,0,3892,1842,2050,0,0,0,1.0,1,1.0,1,1.0,1,0.22605209734468587,35
2286,0,3892,1842,2050,0,0,0,1.0,1,1.0,1,1.0,1,0.25295365384915874,34
2287,2,3894,1844,2050,0,0,0,1.0,1,1.0,1,1.0,1,0.24849655895636424,35
2288,0,3894,1844,2050,0,0,0,1.0,1,1.0,1,1.0,1,0.29447909704684255,35
2289,5,3899,1846,2053,0,0,0,1.0,1,1.0,1,1.0,1,0.3000020618852977,37
2290,2,3901,1846,2055,0,0,0,1.0,1,1.0,1,1.0,1,0.25021778794408994,37
2291,2,3903,1848,2055,0,0,0,1.0,1,1.0,1,1.0,1,0.24645976894334176,35
2292,1,3904,1849,2055,0,0,0,1.0,1,1.0,1,1.0,1,0.29590156054431405,35
2293,1,3905,1850,2055,0,0,0,1.0,1,1.0,1,1.0,1,0.28566859893831037,34
2294,0,3905,1850,2055,0,0,0,1.0,1,1.0,1,1.0,1,0.32041621083634164,33
2295,1,3906,1851,2055,0,0,0,1.0,1,1.0,1,1.0,1,0.35666008430908763,34
2296,1,3907,1851,2056,0,0,0,1.0,1,1.0,1,1.0,1,0.3599713248479095,33
2297,0,3907,1851,2056,0,0,0,1.0,1,1.0,1,1.0,1,0.369482872088849,32
2298,0,3907,1851,2056,0,0,0,1.0,1,1.0,1,1.0,1,0.3823839576650163,32
2299,0,3907,1851,2056,0,0,0,1.0,1,1.0,1,1.0,1,0.37313283262668584,33
2300,2,3909,1853,2056,0,0,0,1.0,1,1.0,1,1.0,1,0.41011546696198775,33
2301,3,3912,1854,2058,0,0,0,1.0,1,1.0,1,1.0,1,0.3624391245516476,33
2302,4,3916,1856,2060,0,0,0,1.0,1,1.0,1,1.0,1,0.3361381460573726,34
2303,6,3922,1861,2061,0,0,0,1.0,1,1.0,1,1.0,1,0.3731211361938868,34
2304,2,3924,1862,2062,0,0,0,1.0,1,1.0,1,1.0,1,0.3265589475151991,33
2305,1,3925,1863,2062,0,0,0,1.0,1,1.0,1,1.0,1,0.3586250830367735,33
2306,2,3927,1864,2063,0,0,0,1.0,1,1.0,1,1.0,1,0.3423532784259596,33
2307,3,3930,1864,2066,0,0,0,1.0,1,1.0,1,1.0,1,0.2799340135561436,35
2308,2,3932,1865,2067,0,0,0,1.0,1,1.0,1,1.0,1,0.26810324989142403,34
2309,2,3934,1867,2067,0,0,0,1.0,1,1.0,1,1.0,1,0.28052888250959485,34
2310,1,3935,1867,2068,0,0,0,1.0,1,1.0,1,1.0,1,0.22560515128628372,34
2311,2,3937,1868,2069,0,0,0,1.0,1,1.0,1,1.0,1,0.2572680648745083,35
2312,4,3941,1871,2070,0,0,0,1.0,1,1.0,1,1.0,1,0.26840363354029456,34
2313,1,3942,1872,2070,0,0,0,1.0,1,1.0,1,1.0,1,0.25100229928021317,35
2314,0,3942,1872,2070,0,0,0,1.0,1,1.0,1,1.0,1,0.2678257709128135,35
2315,0,3942,1872,2070,0,0,0,1.0,1,1.0,1,1.0,1,0.28395127831429207,34
2316,0,3942,1872,2070,0,0,0,1.0,1,1.0,1,1.0,1,0.2874140527443165,35
2317,0,3942,1872,2070,0,0,0,1.0,1,1.0,1,1.0,1,0.32685015992673383,32
2318,1,3943,1873,2070,0,0,0,1.0,1,1.0,1,1.0,1,0.36274670240541573,32
2319,0,3943,1873,2070,0,0,0,1.0,1,1.0,1,1.0,1,0.36274670240541573,32
2320,0,3943,1873,2070,0,0,0,1.0,1,1.0,1,1.0,1,0.3783974972227988,32
2321,5,3948,1873,2075,0,0,0,1.0,1,1.0,1,1.0,1,0.25397873260845855,33
2322,0,3948,1873,2075,0,0,0,1.0,1,1.0,1,1.0,1,0.25397873260845855,33
2323,0,3948,1873,2075,0,0,0,1.0,1,1.0,1,1.0,1,0.25397873260845855,33
2324,3,3951,1875,2076,0,0,0,1.0,1,1.0,1,1.0,1,0.279894576390802,34
2325,2,3953,1875,2078,0,0,0,1.0,1,1.0,1,1.0,1,0.24589513508712713,35
2326,1,3954,1876,2078,0,0,0,1.0,1,1.0,1,1.0,1,0.2648966628612092,35
2327,1,3955,1876,2079,0,0,0,1.0,1,1.0,1,1.0,1,0.2686555914622139,36
2328,0,3955,1876,2079,0,0,0,1.0,1,1.0,1,1.0,1,0.2887641892325102,37
2329,0,3955,1876,2079,0,0,0,1.0,1,1.0,1,1.0,1,0.3167477166397228,37
2330,1,3956,1876,2080,0,0,0,1.0,1,1.0,1,1.0,1,0.2874333733644902,38
2331,3,3959,1876,2083,0,0,0,1.0,1,1.0,1,1.0,1,0.27312533240113196,40
2332,1,3960,1876,2084,0,0,0,1.0,1,1.0,1,1.0,1,0.25582549776814595,40
2333,0,3960,1876,2084,0,0,0,1.0,1,1.0,1,1.0,1,0.26346920837152205,41
2334,0,3960,1876,2084,0,0,0,1.0,1,1.0,1,1.0,1,0.26346920837152205,41
2335,0,3960,1876,2084,0,0,0,1.0,1,1.0,1,1.0,1,0.26346920837152205,41
2336,1,3961,1876,2085,0,0,0,1.0,1,1.0,1,1.0,1,0.255361791173601,41
2337,1,3962,1876,2086,0,0,0,1.0,1,1.0,1,1.0,1,0.2646937936545553,42
2338,0,3962,1876,2086,0,0,0,1.0,1,1.0,1,1.0,1,0.2803858791519552,43
2339,0,3962,1876,2086,0,0,0,1.0,1,1.0,1,1.0,1,0.2803858791519552,43
2340,5,3967,1876,2091,0,0,0,1.0,1,1.0,1,1.0,1,0.2074772060038564,45
2341,3,3970,1876,2094,0,0,0,1.0,1,1.0,1,1.0,1,0.1641580795724034,45
2342,1,3971,1877,2094,0,0,0,1.0,1,1.0,1,1.0,1,0.2012484583417648,46
2343,3,3974,1878,2096,0,0,0,1.0,1,1.0,1,1.0,1,0.18995427267803078,45
2344,4,3978,1880,2098,0,0,0,1.0,1,1.0,1,1.0,1,0.2183785190613888,44
2345,1,3979,1881,2098,0,0,0,1.0,1,1.0,1,1.0,1,0.19857667594127118,44
2346,2,3981,1882,2099,0,0,0,1.0,1,1.0,1,1.0,1,0.21281412858614493,44
2347,5,3986,1884,2102,0,0,0,1.0,1,1.0,1,1.0,1,0.15236174219828538,44
2348,0,3986,1884,2102,0,0,0,1.0,1,1.0,1,1.0,1,0.16273244985211144,45
2349,0,3986,1884,2102,0,0,0,1.0,1,1.0,1,1.0,1,0.17305413101879494,46
2350,2,3988,1885,2103,0,0,0,1.0,1,1.0,1,1.0,1,0.19017012783846265,47
2351,2,3990,1885,2105,0,0,0,1.0,1,1.0,1,1.0,1,0.162327625844684,47
2352,2,3992,1886,2106,0,0,0,1.0,1,1.0,1,1.0,1,0.16969336575312438,47
2353,2,3994,1886,2108,0,0,0,1.0,1,1.0,1,1.0,1,0.11700136192333528,46
2354,3,3997,1887,2110,0,0,0,1.0,1,1.0,1,1.0,1,0.13731363654643475,47
2355,0,3997,1887,2110,0,0,0,1.0,1,1.0,1,1.0,1,0.13731363654643475,47
2356,3,4000,1889,2111,0,0,0,1.0,1,1.0,1,1.0,1,0.13674743643023785,47
2357,1,4001,1890,2111,0,0,0,1.0,1,1.0,1,1.0,1,0.17256684214097684,47
2358,0,4001,1890,2111,0,0,0,1.0,1,1.0,1,1.0,1,0.15281533454029,48
2359,2,4003,1891,2112,0,0,0,1.0,1,1.0,1,1.0,1,0.18010318078182538,49
2360,0,4003,1891,2112,0,0,0,1.0,1,1.0,1,1.0,1,0.18010318078182538,49
2361,2,4005,1891,2114,0,0,0,1.0,1,1.0,1,1.0,1,0.1415790018288074,50
2362,0,4005,1891,2114,0,0,0,1.0,1,1.0,1,1.0,1,0.14289442027747032,51
2363,0,4005,1891,2114,0,0,0,1.0,1,1.0,1,1.0,1,0.14289442027747032,51
2364,1,4006,1891,2115,0,0,0,1.0,1,1.0,1,1.0,1,0.13877088027586845,52
2365,3,4009,1893,2116,0,0,0,1.0,1,1.0,1,1.0,1,0.13801770618872364,53
2366,5,4014,1896,2118,0,0,0,1.0,1,1.0,1,1.0,1,0.1436224255356349,54
2367,7,4021,1898,2123,0,0,0,1.0,1,1.0,1,1.0,1,0.1728489520952269,52
2368,6,4027,1901,2126,0,0,0,1.0,1,1.0,1,1.0,1,0.20929102849505157,51
2369,4,4031,1902,2129,0,0,0,1.0,1,1.0,1,1.0,1,0.23625862688975668,51
2370,9,4040,1905,2135,0,0,0,1.0,1,1.0,1,1.0,1,0.2503682798811525,52
2371,10,4050,1907,2143,0,0,0,1.0,1,1.0,1,1.0,1,0.09773649107635717,52
2372,2,4052,1909,2143,0,0,0,1.0,1,1.0,1,1.0,1,0.16887004599616667,49
2373,3,4055,1911,2144,0,0,0,1.0,1,1.0,1,1.0,1,0.14888004631400367,47
2374,0,4055,1911,2144,0,0,0,1.0,1,1.0,1,1.0,1,0.16307417801708213,45
2375,0,4055,1911,2144,0,0,0,1.0,1,1.0,1,1.0,1,0.17479709200015967,45
2376,0,4055,1911,2144,0,0,0,1.0,1,1.0,1,1.0,1,0.20648762940157203,43
2377,1,4056,1911,2145,0,0,0,1.0,1,1.0,1,1.0,1,0.1788046404427448,44
2378,0,4056,1911,2145,0,0,0,1.0,1,1.0,1,1.0,1,0.1790118225922977,43
2379,0,4056,1911,2145,0,0,0,1.0,1,1.0,1,1.0,1,0.1790118225922977,43
2380,1,4057,1912,2145,0,0,0,1.0,1,1.0,1,1.0,1,0.16427865913169482,43
2381,2,4059,1913,2146,0,0,0,1.0,1,1.0,1,1.0,1,0.15698343167736967,44
2382,3,4062,1916,2146,0,0,0,1.0,1,1.0,1,1.0,1,0.20243404166157225,44
2383,4,4066,1918,2148,0,0,0,1.0,1,1.0,1,1.0,1,0.18805884423497804,45
2384,3,4069,1920,2149,0,0,0,1.0,1,1.0,1,1.0,1,0.2303640375346079,45
2385,2,4071,1921,2150,0,0,0,1.0,1,1.0,1,1.0,1,0.13855930947029824,45
2386,4,4075,1923,2152,0,0,0,1.0,1,1.0,1,1.0,1,0.1896211897790641,46
2387,0,4075,1923,2152,0,0,0,1.0,1,1.0,1,1.0,1,0.16418454626655982,44
2388,2,4077,1924,2153,0,0,0,1.0,1,1.0,1,1.0,1,0.18382163886987776,44
2389,1,4078,1924,2154,0,0,0,1.0,1,1.0,1,1.0,1,0.18542397414719108,43
2390,3,4081,1927,2154,0,0,0,1.0,1,1.0,1,1.0,1,0.2514110382112364,44
2391,6,4087,1927,2160,0,0,0,1.0,1,1.0,1,1.0,1,0.14679595810969326,43
2392,3,4090,1929,2161,0,0,0,1.0,1,1.0,1,1.0,1,0.17603002944497276,44
2393,2,4092,1930,2162,0,0,0,1.0,1,1.0,1,1.0,1,0.16787306631980306,45
2394,0,4092,1930,2162,0,0,0,1.0,1,1.0,1,1.0,1,0.14639529982653562,44
2395,0,4092,1930,2162,0,0,0,1.0,1,1.0,1,1.0,1,0.14426410701521253,44
2396,2,4094,1931,2163,0,0,0,1.0,1,1.0,1,1.0,1,0.14025033904612846,45
2397,2,4096,1931,2165,0,0,0,1.0,1,1.0,1,1.0,1,0.1152540805404813,44
2398,1,4097,1932,2165,0,0,0,1.0,1,1.0,1,1.0,1,0.15583308514301175,44
2399,0,4097,1932,2165,0,0,0,1.0,1,1.0,1,1.0,1,0.1681030911652773,45
2400,0,4097,1932,2165,0,0,0,1.0,1,1.0,1,1.0,1,0.1681030911652773,45
2401,0,4097,1932,2165,0,0,0,1.0,1,1.0,1,1.0,1,0.16215452235796105,46
2402,2,4099,1932,2167,0,0,0,1.0,1,1.0,1,1.0,1,0.13177570200849642,47
2403,1,4100,1933,2167,0,0,0,1.0,1,1.0,1,1.0,1,0.17023159129114418,48
2404,1,4101,1934,2167,0,0,0,1.0,1,1.0,1,1.0,1,0.15094623910298421,47
2405,1,4102,1934,2168,0,0,0,1.0,1,1.0,1,1.0,1,0.09274293820269244,45
2406,1,4103,1935,2168,0,0,0,1.0,1,1.0,1,1.0,1,0.11374477592806416,45
2407,2,4105,1937,2168,0,0,0,1.0,1,1.0,1,1.0,1,0.1599038674211288,42
2408,2,4107,1938,2169,0,0,0,1.0,1,1.0,1,1.0,1,0.20904950198737562,41
2409,1,4108,1939,2169,0,0,0,1.0,1,1.0,1,1.0,1,0.18182041337872804,41
2410,0,4108,1939,2169,0,0,0,1.0,1,1.0,1,1.0,1,0.2547677221358277,40
2411,4,4112,1942,2170,0,0,0,1.0,1,1.0,1,1.0,1,0.23212746980831445,40
2412,1,4113,1943,2170,0,0,0,1.0,1,1.0,1,1.0,1,0.23174657365883042,38
2413,5,4118,1947,2171,0,0,0,1.0,1,1.0,1,1.0,1,0.3279386640491376,38
2414,2,4120,1948,2172,0,0,0,1.0,1,1.0,1,1.0,1,0.24912108289400905,36
2415,1,4121,1949,2172,0,0,0,1.0,1,1.0,1,1.0,1,0.28122872635876495,36
2416,0,4121,1949,2172,0,0,0,1.0,1,1.0,1,1.0,1,0.2840281348949361,35
2417,0,4121,1949,2172,0,0,0,1.0,1,1.0,1,1.0,1,0.34445122227325164,33
2418,2,4123,1950,2173,0,0,0,1.0,1,1.0,1,1.0,1,0.29836004724597326,33
2419,2,4125,1952,2173,0,0,0,1.0,1,1.0,1,1.0,1,0.3431982796251196,33
2420,3,4128,1955,2173,0,0,0,1.0,1,1.0,1,1.0,1,0.23076006337171506,34
2421,4,4132,1957,2175,0,0,0,1.0,1,1.0,1,1.0,1,0.23705890184388798,34
2422,5,4137,1961,2176,0,0,0,1.0,1,1.0,1,1.0,1,0.24408179209549485,35
2423,3,4140,1962,2178,0,0,0,1.0,1,1.0,1,1.0,1,0.2188210237030022,36
2424,2,4142,1964,2178,0,0,0,1.0,1,1.0,1,1.0,1,0.268418657424491,35
2425,2,4144,1966,2178,0,0,0,1.0,1,1.0,1,1.0,1,0.24740583793843712,33
2426,2,4146,1966,2180,0,0,0,1.0,1,1.0,1,1.0,1,0.23861950138167234,34
2427,1,4147,1966,2181,0,0,0,1.0,1,1.0,1,1.0,1,0.21072107536781007,34
2428,1,4148,1967,2181,0,0,0,1.0,1,1.0,1,1.0,1,0.2335334783252644,34
2429,1,4149,1968,2181,0,0,0,1.0,1,1.0,1,1.0,1,0.27932824335213535,34
2430,0,4149,1968,2181,0,0,0,1.0,1,1.0,1,1.0,1,0.29177174421038693,33
2431,2,4151,1969,2182,0,0,0,1.0,1,1.0,1,1.0,1,0.25376602706530443,33
2432,0,4151,1969,2182,0,0,0,1.0,1,1.0,1,1.0,1,0.28618776479895736,33
2433,2,4153,1970,2183,0,0,0,1.0,1,1.0,1,1.0,1,0.25082924564227904,34
2434,3,4156,1970,2186,0,0,0,1.0,1,1.0,1,1.0,1,0.16345022242951496,34
2435,0,4156,1970,2186,0,0,0,1.0,1,1.0,1,1.0,1,0.16345022242951496,34
2436,0,4156,1970,2186,0,0,0,1.0,1,1.0,1,1.0,1,0.17696255089986693,33
2437,0,4156,1970,2186,0,0,0,1.0,1,1.0,1,1.0,1,0.17696255089986693,33
2438,2,4158,1971,2187,0,0,0,1.0,1,1.0,1,1.0,1,0.16162939781969002,34
2439,0,4158,1971,2187,0,0,0,1.0,1,1.0,1,1.0,1,0.18471907406272622,35
2440,0,4158,1971,2187,0,0,0,1.0,1,1.0,1,1.0,1,0.18471907406272622,35
2441,4,4162,1974,2188,0,0,0,1.0,1,1.0,1,1.0,1,0.22193660606474006,35
2442,0,4162,1974,2188,0,0,0,1.0,1,1.0,1,1.0,1,0.21503658892645736,35
2443,4,4166,1977,2189,0,0,0,1.0,1,1.0,1,1.0,1,0.24454431934874166,35
2444,1,4167,1978,2189,0,0,0,1.0,1,1.0,1,1.0,1,0.2938621165406453,34
2445,5,4172,1981,2191,0,0,0,1.0,1,1.0,1,1.0,1,0.3661613902699969,33
2446,1,4173,1982,2191,0,0,0,1.0,1,1.0,1,1.0,1,0.45245396794220766,30
2447,2,4175,1984,2191,0,0,0,1.0,1,1.0,1,1.0,1,0.38848090387852036,29
2448,3,4178,1986,2192,0,0,0,1.0,1,1.0,1,1.0,1,0.37561990171054443,27
2449,0,4178,1986,2192,0,0,0,1.0,1,1.0,1,1.0,1,0.39161431095454097,26
2450,2,4180,1988,2192,0,0,0,1.0,1,1.0,1,1.0,1,0.448288260376628,28
2451,4,4184,1988,2196,0,0,0,1.0,1,1.0,1,1.0,1,0.316747702475058,28
2452,2,4186,1988,2198,0,0,0,1.0,1,1.0,1,1.0,1,0.2802115597397108,29
2453,1,4187,1989,2198,0,0,0,1.0,1,1.0,1,1.0,1,0.2705145026295815,30
2454,1,4188,1989,2199,0,0,0,1.0,1,1.0,1,1.0,1,0.26040942492037766,32
2455,0,4188,1989,2199,0,0,0,1.0,1,1.0,1,1.0,1,0.2428437619793471,33
2456,1,4189,1990,2199,0,0,0,1.0,1,1.0,1,1.0,1,0.24356463783301147,34
2457,2,4191,1990,2201,0,0,0,1.0,1,1.0,1,1.0,1,0.21257838934697362,34
2458,2,4193,1990,2203,0,0,0,1.0,1,1.0,1,1.0,1,0.22651984955266544,36
2459,1,4194,1990,2204,0,0,0,1.0,1,1.0,1,1.0,1,0.24060015143591326,36
2460,1,4195,1990,2205,0,0,0,1.0,1,1.0,1,1.0,1,0.2295461579555227,37
2461,2,4197,1990,2207,0,0,0,1.0,1,1.0,1,1.0,1,0.2103476372936866,37
2462,3,4200,1992,2208,0,0,0,1.0,1,1.0,1,1.0,1,0.22835411917913181,38
2463,1,4201,1993,2208,0,0,0,1.0,1,1.0,1,1.0,1,0.23247308637922354,38
2464,1,4202,1994,2208,0,0,0,1.0,1,1.0,1,1.0,1,0.23086562323745277,37
2465,1,4203,1995,2208,0,0,0,1.0,1,1.0,1,1.0,1,0.2023524815962735,36
2466,2,4205,1997,2208,0,0,0,1.0,1,1.0,1,1.0,1,0.24643804587071197,36
2467,1,4206,1997,2209,0,0,0,1.0,1,1.0,1,1.0,1,0.24084703610111521,34
2468,1,4207,1998,2209,0,0,0,1.0,1,1.0,1,1.0,1,0.2755547234943199,33
2469,2,4209,2000,2209,0,0,0,1.0,1,1.0,1,1.0,1,0.24512003717775296,32
2470,3,4212,2003,2209,0,0,0,1.0,1,1.0,1,1.0,1,0.36699281047186605,33
2471,1,4213,2003,2210,0,0,0,1.0,1,1.0,1,1.0,1,0.35786665562529857,31
2472,1,4214,2003,2211,0,0,0,1.0,1,1.0,1,1.0,1,0.32559685694779456,32
2473,1,4215,2003,2212,0,0,0,1.0,1,1.0,1,1.0,1,0.2810063074764466,31
2474,3,4218,2004,2214,0,0,0,1.0,1,1.0,1,1.0,1,0.27936204645504076,33
2475,0,4218,2004,2214,0,0,0,1.0,1,1.0,1,1.0,1,0.28342560073465173,33
2476,5,4223,2005,2218,0,0,0,1.0,1,1.0,1,1.0,1,0.19445306938448279,33
2477,1,4224,2006,2218,0,0,0,1.0,1,1.0,1,1.0,1,0.2213353142928402,33
2478,1,4225,2006,2219,0,0,0,1.0,1,1.0,1,1.0,1,0.186795945212444,33
2479,2,4227,2008,2219,0,0,0,1.0,1,1.0,1,1.0,1,0.2376973077935946,33
2480,5,4232,2011,2221,0,0,0,1.0,1,1.0,1,1.0,1,0.2563171215433233,34
2481,2,4234,2012,2222,0,0,0,1.0,1,1.0,1,1.0,1,0.24471119569330768,33
2482,3,4237,2014,2223,0,0,0,1.0,1,1.0,1,1.0,1,0.23882113883138473,34
2483,1,4238,2014,2224,0,0,0,1.0,1,1.0,1,1.0,1,0.2129770710549613,33
2484,2,4240,2015,2225,0,0,0,1.0,1,1.0,1,1.0,1,0.2019666773154345,32
2485,0,4240,2015,2225,0,0,0,1.0,1,1.0,1,1.0,1,0.19079281877096818,31
2486,1,4241,2016,2225,0,0,0,1.0,1,1.0,1,1.0,1,0.24794352830411745,29
2487,1,4242,2017,2225,0,0,0,1.0,1,1.0,1,1.0,1,0.21508910560273797,29
2488,1,4243,2018,2225,0,0,0,1.0,1,1.0,1,1.0,1,0.2664256118411729,30
2489,1,4244,2019,2225,0,0,0,1.0,1,1.0,1,1.0,1,0.23175758436488036,29
2490,2,4246,2021,2225,0,0,0,1.0,1,1.0,1,1.0,1,0.35899706360390315,30
2491,2,4248,2021,2227,0,0,0,1.0,1,1.0,1,1.0,1,0.2749615890602638,30
2492,0,4248,2021,2227,0,0,0,1.0,1,1.0,1,1.0,1,0.2537650491520038,29
2493,1,4249,2021,2228,0,0,0,1.0,1,1.0,1,1.0,1,0.2327597395009075,29
2494,0,4249,2021,2228,0,0,0,1.0,1,1.0,1,1.0,1,0.2538916783361955,28
2495,1,4250,2022,2228,0,0,0,1.0,1,1.0,1,1.0,1,0.2857409157631745,29
2496,0,4250,2022,2228,0,0,0,1.0,1,1.0,1,1.0,1,0.27910887725422145,28
2497,0,4250,2022,2228,0,0,0,1.0,1,1.0,1,1.0,1,0.33881471965858,28
2498,2,4252,2023,2229,0,0,0,1.0,1,1.0,1,1.0,1,0.33178357298652783,29
2499,3,4255,2024,2231,0,0,0,1.0,1,1.0,1,1.0,1,0.36107691839022166,30
2500,3,4258,2026,2232,0,0,0,1.0,1,1.0,1,1.0,1,0.34495276660672564,29
2501,3,4261,2027,2234,0,0,0,1.0,1,1.0,1,1.0,1,0.2887709556581228,33
2502,3,4264,2028,2236,0,0,0,1.0,1,1.0,1,1.0,1,0.22770918140132057,33
2503,0,4264,2028,2236,0,0,0,1.0,1,1.0,1,1.0,1,0.20152347342356697,31
2504,4,4268,2032,2236,0,0,0,1.0,1,1.0,1,1.0,1,0.25119968826678585,31
2505,2,4270,2033,2237,0,0,0,1.0,1,1.0,1,1.0,1,0.24618083225627566,32
2506,4,4274,2036,2238,0,0,0,1.0,1,1.0,1,1.0,1,0.2794660285019119,31
2507,4,4278,2039,2239,0,0,0,1.0,1,1.0,1,1.0,1,0.16842948040566486,29
2508,2,4280,2041,2239,0,0,0,1.0,1,1.0,1,1.0,1,0.18277935893434302,31
2509,0,4280,2041,2239,0,0,0,1.0,1,1.0,1,1.0,1,0.16107203966037137,30
2510,0,4280,2041,2239,0,0,0,1.0,1,1.0,1,1.0,1,0.16883296928962943,31
2511,1,4281,2042,2239,0,0,0,1.0,1,1.0,1,1.0,1,0.19764753092339082,32
2512,3,4284,2044,2240,0,0,0,1.0,1,1.0,1,1.0,1,0.1982723375347427,32
2513,2,4286,2046,2240,0,0,0,1.0,1,1.0,1,1.0,1,0.19890275408147814,34
2514,3,4289,2047,2242,0,0,0,1.0,1,1.0,1,1.0,1,0.18657463197722146,35
2515,2,4291,2048,2243,0,0,0,1.0,1,1.0,1,1.0,1,0.17283131320139533,35
2516,2,4293,2049,2244,0,0,0,1.0,1,1.0,1,1.0,1,0.19505743595727407,34
2517,3,4296,2050,2246,0,0,0,1.0,1,1.0,1,1.0,1,0.2119792814927871,34
2518,2,4298,2052,2246,0,0,0,1.0,1,1.0,1,1.0,1,0.2354253895500206,33
2519,0,4298,2052,2246,0,0,0,1.0,1,1.0,1,1.0,1,0.20374769317161406,32
2520,2,4300,2054,2246,0,0,0,1.0,1,1.0,1,1.0,1,0.27723948755660915,31
2521,2,4302,2055,2247,0,0,0,1.0,1,1.0,1,1.0,1,0.22558234643766914,31
2522,0,4302,2055,2247,0,0,0,1.0,1,1.0,1,1.0,1,0.2691540682787845,30
2523,0,4302,2055,2247,0,0,0,1.0,1,1.0,1,1.0,1,0.28378244563087046,30
2524,1,4303,2055,2248,0,0,0,1.0,1,1.0,1,1.0,1,0.32296996474385997,29
2525,0,4303,2055,2248,0,0,0,1.0,1,1.0,1,1.0,1,0.32296996474385997,29
2526,0,4303,2055,2248,0,0,0,1.0,1,1.0,1,1.0,1,0.32461780146619434,27
2527,0,4303,2055,2248,0,0,0,1.0,1,1.0,1,1.0,1,0.348037588172995,28
2528,0,4303,2055,2248,0,0,0,1.0,1,1.0,1,1.0,1,0.348037588172995,28
2529,0,4303,2055,2248,0,0,0,1.0,1,1.0,1,1.0,1,0.348037588172995,28
2530,0,4303,2055,2248,0,0,0,1.0,1,1.0,1,1.0,1,0.3516685824929295,29
2531,2,4305,2055,2250,0,0,0,1.0,1,1.0,1,1.0,1,0.32584471065014786,30
2532,0,4305,2055,2250,0,0,0,1.0,1,1.0,1,1.0,1,0.33970991278827145,31
2533,1,4306,2055,2251,0,0,0,1.0,1,1.0,1,1.0,1,0.32526610194186145,31
2534,0,4306,2055,2251,0,0,0,1.0,1,1.0,1,1.0,1,0.32526610194186145,31
2535,2,4308,2056,2252,0,0,0,1.0,1,1.0,1,1.0,1,0.3625206133824477,31
2536,0,4308,2056,2252,0,0,0,1.0,1,1.0,1,1.0,1,0.37577131127715707,32
2537,2,4310,2058,2252,0,0,0,1.0,1,1.0,1,1.0,1,0.32412784460664745,33
2538,2,4312,2058,2254,0,0,0,1.0,1,1.0,1,1.0,1,0.30713137503702787,35
2539,2,4314,2059,2255,0,0,0,1.0,1,1.0,1,1.0,1,0.3080365056397448,37
2540,4,4318,2062,2256,0,0,0,1.0,1,1.0,1,1.0,1,0.3298909250141819,38
2541,4,4322,2063,2259,0,0,0,1.0,1,1.0,1,1.0,1,0.2683385240483645,39
2542,1,4323,2063,2260,0,0,0,1.0,1,1.0,1,1.0,1,0.2759350313492357,38
2543,2,4325,2065,2260,0,0,0,1.0,1,1.0,1,1.0,1,0.29746326705476067,41
2544,1,4326,2066,2260,0,0,0,1.0,1,1.0,1,1.0,1,0.2855202696926529,39
2545,3,4329,2068,2261,0,0,0,1.0,1,1.0,1,1.0,1,0.3257535852790549,40
2546,1,4330,2068,2262,0,0,0,1.0,1,1.0,1,1.0,1,0.2674213791516595,38
2547,4,4334,2072,2262,0,0,0,1.0,1,1.0,1,1.0,1,0.3669132123084588,38
2548,1,4335,2072,2263,0,0,0,1.0,1,1.0,1,1.0,1,0.32450496794803624,35
2549,2,4337,2073,2264,0,0,0,1.0,1,1.0,1,1.0,1,0.4022020951449268,35
2550,2,4339,2074,2265,0,0,0,1.0,1,1.0,1,1.0,1,0.4061937193845961,33
2551,3,4342,2075,2267,0,0,0,1.0,1,1.0,1,1.0,1,0.42401741760829503,31
2552,0,4342,2075,2267,0,0,0,1.0,1,1.0,1,1.0,1,0.4174907935161303,30
2553,0,4342,2075,2267,0,0,0,1.0,1,1.0,1,1.0,1,0.4174907935161303,30
2554,0,4342,2075,2267,0,0,0,1.0,1,1.0,1,1.0,1,0.41277943760685715,32
2555,4,4346,2076,2270,0,0,0,1.0,1,1.0,1,1.0,1,0.41925818800691583,32
2556,3,4349,2076,2273,0,0,0,1.0,1,1.0,1,1.0,1,0.30709910696624865,32
2557,1,4350,2076,2274,0,0,0,1.0,1,1.0,1,1.0,1,0.3269842480078743,30
2558,2,4352,2077,2275,0,0,0,1.0,1,1.0,1,1.0,1,0.3444052793051779,31
2559,0,4352,2077,2275,0,0,0,1.0,1,1.0,1,1.0,1,0.33233928330330964,30
2560,0,4352,2077,2275,0,0,0,1.0,1,1.0,1,1.0,1,0.33233928330330964,30
2561,2,4354,2077,2277,0,0,0,1.0,1,1.0,1,1.0,1,0.296464589248576,30
2562,1,4355,2077,2278,0,0,0,1.0,1,1.0,1,1.0,1,0.27482470080438826,33
2563,0,4355,2077,2278,0,0,0,1.0,1,1.0,1,1.0,1,0.27482470080438826,33
2564,0,4355,2077,2278,0,0,0,1.0,1,1.0,1,1.0,1,0.27482470080438826,33
2565,0,4355,2077,2278,0,0,0,1.0,1,1.0,1,1.0,1,0.27482470080438826,33
2566,1,4356,2078,2278,0,0,0,1.0,1,1.0,1,1.0,1,0.28786606687940275,35
2567,3,4359,2079,2280,0,0,0,1.0,1,1.0,1,1.0,1,0.288631456124574,36
2568,5,4364,2080,2284,0,0,0,1.0,1,1.0,1,1.0,1,0.28418803575776336,37
2569,1,4365,2080,2285,0,0,0,1.0,1,1.0,1,1.0,1,0.2550747991397495,37
2570,0,4365,2080,2285,0,0,0,1.0,1,1.0,1,1.0,1,0.2610638061438651,37
2571,0,4365,2080,2285,0,0,0,1.0,1,1.0,1,1.0,1,0.2610638061438651,37
2572,0,4365,2080,2285,0,0,0,1.0,1,1.0,1,1.0,1,0.24746840472916756,39
2573,0,4365,2080,2285,0,0,0,1.0,1,1.0,1,1.0,1,0.24746840472916756,39
2574,0,4365,2080,2285,0,0,0,1.0,1,1.0,1,1.0,1,0.27157799128431753,38
2575,0,4365,2080,2285,0,0,0,1.0,1,1.0,1,1.0,1,0.27157799128431753,38
2576,0,4365,2080,2285,0,0,0,1.0,1,1.0,1,1.0,1,0.29241492978343725,37
2577,0,4365,2080,2285,0,0,0,1.0,1,1.0,1,1.0,1,0.3031762125992862,39
2578,2,4367,2080,2287,0,0,0,1.0,1,1.0,1,1.0,1,0.298687304862973,40
2579,0,4367,2080,2287,0,0,0,1.0,1,1.0,1,1.0,1,0.29977976884039914,41
2580,1,4368,2080,2288,0,0,0,1.0,1,1.0,1,1.0,1,0.2945604331707164,42
2581,1,4369,2080,2289,0,0,0,1.0,1,1.0,1,1.0,1,0.2803745463902045,43
2582,3,4372,2081,2291,0,0,0,1.0,1,1.0,1,1.0,1,0.2587641576075769,43
2583,2,4374,2082,2292,0,0,0,1.0,1,1.0,1,1.0,1,0.29254693898601497,43
2584,3,4377,2082,2295,0,0,0,1.0,1,1.0,1,1.0,1,0.2577195244971147,43
2585,2,4379,2083,2296,0,0,0,1.0,1,1.0,1,1.0,1,0.2674272998840662,44
2586,3,4382,2083,2299,0,0,0,1.0,1,1.0,1,1.0,1,0.2108207537938575,43
2587,2,4384,2085,2299,0,0,0,1.0,1,1.0,1,1.0,1,0.25448046195411017,44
2588,2,4386,2086,2300,0,0,0,1.0,1,1.0,1,1.0,1,0.2567364634344022,44
2589,3,4389,2088,2301,0,0,0,1.0,1,1.0,1,1.0,1,0.2474458462480029,44
2590,2,4391,2088,2303,0,0,0,1.0,1,1.0,1,1.0,1,0.18989419357374185,44
2591,2,4393,2088,2305,0,0,0,1.0,1,1.0,1,1.0,1,0.1742972707788386,44
2592,2,4395,2089,2306,0,0,0,1.0,1,1.0,1,1.0,1,0.19299715021338054,44
2593,1,4396,2090,2306,0,0,0,1.0,1,1.0,1,1.0,1,0.1725197738506702,43
2594,2,4398,2091,2307,0,0,0,1.0,1,1.0,1,1.0,1,0.23515170596898333,48
2595,1,4399,2092,2307,0,0,0,1.0,1,1.0,1,1.0,1,0.21852235730657202,45
2596,3,4402,2094,2308,0,0,0,1.0,1,1.0,1,1.0,1,0.25050362027109163,46
2597,1,4403,2095,2308,0,0,0,1.0,1,1.0,1,1.0,1,0.25116509484597516,45
2598,0,4403,2095,2308,0,0,0,1.0,1,1.0,1,1.0,1,0.25116509484597516,45
2599,3,4406,2096,2310,0,0,0,1.0,1,1.0,1,1.0,1,0.19314755436890965,45
2600,2,4408,2098,2310,0,0,0,1.0,1,1.0,1,1.0,1,0.2351385969784181,48
2601,3,4411,2099,2312,0,0,0,1.0,1,1.0,1,1.0,1,0.21531083318770458,47
2602,2,4413,2099,2314,0,0,0,1.0,1,1.0,1,1.0,1,0.1964140237999416,48
2603,0,4413,2099,2314,0,0,0,1.0,1,1.0,1,1.0,1,0.1964140237999416,48
2604,1,4414,2100,2314,0,0,0,1.0,1,1.0,1,1.0,1,0.20165286009476732,47
2605,1,4415,2101,2314,0,0,0,1.0,1,1.0,1,1.0,1,0.22895903248324423,47
2606,0,4415,2101,2314,0,0,0,1.0,1,1.0,1,1.0,1,0.22095274668603132,46
2607,1,4416,2102,2314,0,0,0,1.0,1,1.0,1,1.0,1,0.26089027648891067,45
2608,1,4417,2102,2315,0,0,0,1.0,1,1.0,1,1.0,1,0.23318320837762,45
2609,2,4419,2104,2315,0,0,0,1.0,1,1.0,1,1.0,1,0.23897774501353067,44
2610,3,4422,2105,2317,0,0,0,1.0,1,1.0,1,1.0,1,0.19965950753791492,45
2611,5,4427,2108,2319,0,0,0,1.0,1,1.0,1,1.0,1,0.21159053568204608,46
2612,2,4429,2109,2320,0,0,0,1.0,1,1.0,1,1.0,1,0.20552134338065,47
2613,2,4431,2110,2321,0,0,0,1.0,1,1.0,1,1.0,1,0.21028429425363898,48
2614,2,4433,2112,2321,0,0,0,1.0,1,1.0,1,1.0,1,0.26165721771583217,48
2615,2,4435,2114,2321,0,0,0,1.0,1,1.0,1,1.0,1,0.24277663004349836,49
2616,0,4435,2114,2321,0,0,0,1.0,1,1.0,1,1.0,1,0.24277663004349836,49
2617,0,4435,2114,2321,0,0,0,1.0,1,1.0,1,1.0,1,0.23364536582704215,48
2618,0,4435,2114,2321,0,0,0,1.0,1,1.0,1,1.0,1,0.23386042164399753,47
2619,1,4436,2114,2322,0,0,0,1.0,1,1.0,1,1.0,1,0.22855458617226118,50
2620,2,4438,2115,2323,0,0,0,1.0,1,1.0,1,1.0,1,0.22117337924348565,51
2621,3,4441,2117,2324,0,0,0,1.0,1,1.0,1,1.0,1,0.15955763910967005,52
2622,1,4442,2118,2324,0,0,0,1.0,1,1.0,1,1.0,1,0.1456364404069996,52
2623,5,4447,2121,2326,0,0,0,1.0,1,1.0,1,1.0,1,0.17599634334058142,53
2624,1,4448,2122,2326,0,0,0,1.0,1,1.0,1,1.0,1,0.19084479729821732,51
2625,3,4451,2125,2326,0,0,0,1.0,1,1.0,1,1.0,1,0.20625933801504362,50
2626,2,4453,2126,2327,0,0,0,1.0,1,1.0,1,1.0,1,0.1989208448257123,49
2627,2,4455,2127,2328,0,0,0,1.0,1,1.0,1,1.0,1,0.16809474397436044,48
2628,1,4456,2128,2328,0,0,0,1.0,1,1.0,1,1.0,1,0.19242078138012494,48
2629,0,4456,2128,2328,0,0,0,1.0,1,1.0,1,1.0,1,0.1642570462444987,47
2630,3,4459,2130,2329,0,0,0,1.0,1,1.0,1,1.0,1,0.17474156497630966,47
2631,1,4460,2131,2329,0,0,0,1.0,1,1.0,1,1.0,1,0.2005471117603752,47
2632,1,4461,2132,2329,0,0,0,1.0,1,1.0,1,1.0,1,0.18771831132387043,47
2633,1,4462,2133,2329,0,0,0,1.0,1,1.0,1,1.0,1,0.19240520314100037,44
2634,1,4463,2134,2329,0,0,0,1.0,1,1.0,1,1.0,1,0.25178955631646743,44
2635,7,4470,2136,2334,0,0,0,1.0,1,1.0,1,1.0,1,0.22750227516246047,45
2636,1,4471,2137,2334,0,0,0,1.0,1,1.0,1,1.0,1,0.26990273228154027,40
2637,4,4475,2140,2335,0,0,0,1.0,1,1.0,1,1.0,1,0.29011036696096826,41
2638,4,4479,2144,2335,0,0,0,1.0,1,1.0,1,1.0,1,0.3337999164738136,38
2639,1,4480,2144,2336,0,0,0,1.0,1,1.0,1,1.0,1,0.313707728160896,39
2640,1,4481,2145,2336,0,0,0,1.0,1,1.0,1,1.0,1,0.37026798178412085,38
2641,6,4487,2147,2340,0,0,0,1.0,1,1.0,1,1.0,1,0.26959923418877807,37
2642,5,4492,2150,2342,0,0,0,1.0,1,1.0,1,1.0,1,0.2744671704022158,38
2643,1,4493,2150,2343,0,0,0,1.0,1,1.0,1,1.0,1,0.24473027344827472,37
2644,2,4495,2152,2343,0,0,0,1.0,1,1.0,1,1.0,1,0.2544542090737581,36
2645,1,4496,2153,2343,0,0,0,1.0,1,1.0,1,1.0,1,0.24546462845498407,35
2646,1,4497,2154,2343,0,0,0,1.0,1,1.0,1,1.0,1,0.26458703055488997,35
2647,2,4499,2156,2343,0,0,0,1.0,1,1.0,1,1.0,1,0.2142008593554744,35
2648,0,4499,2156,2343,0,0,0,1.0,1,1.0,1,1.0,1,0.20841450341624718,36
2649,1,4500,2157,2343,0,0,0,1.0,1,1.0,1,1.0,1,0.20489162403759892,37
2650,0,4500,2157,2343,0,0,0,1.0,1,1.0,1,1.0,1,0.21661147517282842,39
2651,2,4502,2158,2344,0,0,0,1.0,1,1.0,1,1.0,1,0.18322793629641326,39
2652,0,4502,2158,2344,0,0,0,1.0,1,1.0,1,1.0,1,0.18322793629641326,39
2653,0,4502,2158,2344,0,0,0,1.0,1,1.0,1,1.0,1,0.18322793629641326,39
2654,3,4505,2158,2347,0,0,0,1.0,1,1.0,1,1.0,1,0.14724931480577186,40
2655,0,4505,2158,2347,0,0,0,1.0,1,1.0,1,1.0,1,0.14724931480577186,40
2656,0,4505,2158,2347,0,0,0,1.0,1,1.0,1,1.0,1,0.16841619197771915,39
2657,0,4505,2158,2347,0,0,0,1.0,1,1.0,1,1.0,1,0.19040446873734976,40
2658,3,4508,2159,2349,0,0,0,1.0,1,1.0,1,1.0,1,0.27192205250191465,41
2659,2,4510,2161,2349,0,0,0,1.0,1,1.0,1,1.0,1,0.3270808078414108,41
2660,1,4511,2162,2349,0,0,0,1.0,1,1.0,1,1.0,1,0.33671308885131035,40
2661,5,4516,2163,2353,0,0,0,1.0,1,1.0,1,1.0,1,0.26236170680806575,40
2662,4,4520,2165,2355,0,0,0,1.0,1,1.0,1,1.0,1,0.27825292506873306,42
2663,3,4523,2166,2357,0,0,0,1.0,1,1.0,1,1.0,1,0.19101191250070126,41
2664,2,4525,2167,2358,0,0,0,1.0,1,1.0,1,1.0,1,0.195611094828415,42
2665,3,4528,2168,2360,0,0,0,1.0,1,1.0,1,1.0,1,0.1479446352361915,43
2666,0,4528,2168,2360,0,0,0,1.0,1,1.0,1,1.0,1,0.15877768385645835,44
2667,4,4532,2171,2361,0,0,0,1.0,1,1.0,1,1.0,1,0.2030371122545538,42
2668,3,4535,2172,2363,0,0,0,1.0,1,1.0,1,1.0,1,0.22098036609203373,41
2669,6,4541,2172,2369,0,0,0,1.0,1,1.0,1,1.0,1,0.25080339305912974,42
2670,4,4545,2173,2372,0,0,0,1.0,1,1.0,1,1.0,1,0.2908024149123217,40
2671,3,4548,2175,2373,0,0,0,1.0,1,1.0,1,1.0,1,0.3108594584493163,39
2672,0,4548,2175,2373,0,0,0,1.0,1,1.0,1,1.0,1,0.31351468093774754,36
2673,2,4550,2176,2374,0,0,0,1.0,1,1.0,1,1.0,1,0.30683833664812804,35
2674,0,4550,2176,2374,0,0,0,1.0,1,1.0,1,1.0,1,0.3370171975157723,33
2675,0,4550,2176,2374,0,0,0,1.0,1,1.0,1,1.0,1,0.3149020966839346,34
2676,0,4550,2176,2374,0,0,0,1.0,1,1.0,1,1.0,1,0.37501284983503397,32
2677,1,4551,2177,2374,0,0,0,1.0,1,1.0,1,1.0,1,0.4069194700667225,33
2678,1,4552,2177,2375,0,0,0,1.0,1,1.0,1,1.0,1,0.3460046116461394,33
2679,1,4553,2178,2375,0,0,0,1.0,1,1.0,1,1.0,1,0.3763649721643009,32
2680,2,4555,2179,2376,0,0,0,1.0,1,1.0,1,1.0,1,0.35096355608591473,32
2681,2,4557,2179,2378,0,0,0,1.0,1,1.0,1,1.0,1,0.24913199306621284,32
2682,1,4558,2180,2378,0,0,0,1.0,1,1.0,1,1.0,1,0.28111106414918074,33
2683,0,4558,2180,2378,0,0,0,1.0,1,1.0,1,1.0,1,0.26371885605306067,32
2684,1,4559,2181,2378,0,0,0,1.0,1,1.0,1,1.0,1,0.3172533960489293,31
2685,2,4561,2181,2380,0,0,0,1.0,1,1.0,1,1.0,1,0.2526328377040686,31
2686,0,4561,2181,2380,0,0,0,1.0,1,1.0,1,1.0,1,0.2552785018963392,30
2687,0,4561,2181,2380,0,0,0,1.0,1,1.0,1,1.0,1,0.2552785018963392,30
2688,3,4564,2182,2382,0,0,0,1.0,1,1.0,1,1.0,1,0.26184380108013205,30
2689,3,4567,2184,2383,0,0,0,1.0,1,1.0,1,1.0,1,0.3013286908491888,31
2690,3,4570,2186,2384,0,0,0,1.0,1,1.0,1,1.0,1,0.29357447620398264,31
2691,1,4571,2187,2384,0,0,0,1.0,1,1.0,1,1.0,1,0.33905682816085536,32
2692,6,4577,2190,2387,0,0,0,1.0,1,1.0,1,1.0,1,0.2880882139225477,32
2693,2,4579,2191,2388,0,0,0,1.0,1,1.0,1,1.0,1,0.2790410673126744,33
2694,2,4581,2191,2390,0,0,0,1.0,1,1.0,1,1.0,1,0.2485992117777892,34
2695,1,4582,2191,2391,0,0,0,1.0,1,1.0,1,1.0,1,0.21069444591922726,35
2696,0,4582,2191,2391,0,0,0,1.0,1,1.0,1,1.0,1,0.21069444591922726,35
2697,0,4582,2191,2391,0,0,0,1.0,1,1.0,1,1.0,1,0.21069444591922726,35
2698,1,4583,2192,2391,0,0,0,1.0,1,1.0,1,1.0,1,0.185236477426088,36
2699,0,4583,2192,2391,0,0,0,1.0,1,1.0,1,1.0,1,0.20995672784808977,36
2700,2,4585,2193,2392,0,0,0,1.0,1,1.0,1,1.0,1,0.20202433972613346,37
2701,1,4586,2194,2392,0,0,0,1.0,1,1.0,1,1.0,1,0.23147636346140474,37
2702,2,4588,2195,2393,0,0,0,1.0,1,1.0,1,1.0,1,0.24992287568852917,37
2703,3,4591,2197,2394,0,0,0,1.0,1,1.0,1,1.0,1,0.2563905293026691,38
2704,3,4594,2199,2395,0,0,0,1.0,1,1.0,1,1.0,1,0.3141985627251755,37
2705,2,4596,2200,2396,0,0,0,1.0,1,1.0,1,1.0,1,0.296902337922298,36
2706,1,4597,2200,2397,0,0,0,1.0,1,1.0,1,1.0,1,0.2675947607123473,36
2707,1,4598,2201,2397,0,0,0,1.0,1,1.0,1,1.0,1,0.3071116282269208,35
2708,2,4600,2203,2397,0,0,0,1.0,1,1.0,1,1.0,1,0.3547268496550403,36
2709,3,4603,2205,2398,0,0,0,1.0,1,1.0,1,1.0,1,0.31817399923251644,32
2710,1,4604,2206,2398,0,0,0,1.0,1,1.0,1,1.0,1,0.29818713083164294,29
2711,4,4608,2207,2401,0,0,0,1.0,1,1.0,1,1.0,1,0.1936517085822627,29
2712,1,4609,2208,2401,0,0,0,1.0,1,1.0,1,1.0,1,0.2720265240184113,28
2713,0,4609,2208,2401,0,0,0,1.0,1,1.0,1,1.0,1,0.2647293331536984,28
2714,3,4612,2210,2402,0,0,0,1.0,1,1.0,1,1.0,1,0.354195963308065,26
2715,0,4612,2210,2402,0,0,0,1.0,1,1.0,1,1.0,1,0.34770709088556045,24
2716,1,4613,2210,2403,0,0,0,1.0,1,1.0,1,1.0,1,0.35144661053312903,24
2717,2,4615,2211,2404,0,0,0,1.0,1,1.0,1,1.0,1,0.41392566205112274,25
2718,2,4617,2211,2406,0,0,0,1.0,1,1.0,1,1.0,1,0.3844688863865409,25
2719,7,4624,2214,2410,0,0,0,1.0,1,1.0,1,1.0,1,0.31191318500140663,25
2720,5,4629,2216,2413,0,0,0,1.0,1,1.0,1,1.0,1,0.35155900691715886,25
2721,4,4633,2218,2415,0,0,0,1.0,1,1.0,1,1.0,1,0.2724389038723961,25
2722,2,4635,2219,2416,0,0,0,1.0,1,1.0,1,1.0,1,0.1701745408778461,26
2723,0,4635,2219,2416,0,0,0,1.0,1,1.0,1,1.0,1,0.1701745408778461,26
2724,1,4636,2220,2416,0,0,0,1.0,1,1.0,1,1.0,1,0.1751050433763904,27
2725,1,4637,2220,2417,0,0,0,1.0,1,1.0,1,1.0,1,0.15552263763561544,28
2726,1,4638,2221,2417,0,0,0,1.0,1,1.0,1,1.0,1,0.17911867522462038,28
2727,0,4638,2221,2417,0,0,0,1.0,1,1.0,1,1.0,1,0.20529568738067436,29
2728,1,4639,2222,2417,0,0,0,1.0,1,1.0,1,1.0,1,0.24675433983175274,29
2729,0,4639,2222,2417,0,0,0,1.0,1,1.0,1,1.0,1,0.25807008568714795,29
2730,0,4639,2222,2417,0,0,0,1.0,1,1.0,1,1.0,1,0.25807008568714795,29
2731,1,4640,2222,2418,0,0,0,1.0,1,1.0,1,1.0,1,0.24953946766412385,30
2732,0,4640,2222,2418,0,0,0,1.0,1,1.0,1,1.0,1,0.26201923996543686,29
2733,0,4640,2222,2418,0,0,0,1.0,1,1.0,1,1.0,1,0.26201923996543686,29
2734,0,4640,2222,2418,0,0,0,1.0,1,1.0,1,1.0,1,0.26201923996543686,29
2735,1,4641,2223,2418,0,0,0,1.0,1,1.0,1,1.0,1,0.30901479813755334,29
2736,2,4643,2224,2419,0,0,0,1.0,1,1.0,1,1.0,1,0.3209333258641688,30
2737,0,4643,2224,2419,0,0,0,1.0,1,1.0,1,1.0,1,0.34383309756023167,30
2738,4,4647,2227,2420,0,0,0,1.0,1,1.0,1,1.0,1,0.35123209349921114,30
2739,2,4649,2228,2421,0,0,0,1.0,1,1.0,1,1.0,1,0.4155129947490166,29
2740,2,4651,2228,2423,0,0,0,1.0,1,1.0,1,1.0,1,0.4176365414937634,29
2741,4,4655,2228,2427,0,0,0,1.0,1,1.0,1,1.0,1,0.3455806257165582,28
2742,2,4657,2229,2428,0,0,0,1.0,1,1.0,1,1.0,1,0.3435886777184527,28
2743,0,4657,2229,2428,0,0,0,1.0,1,1.0,1,1.0,1,0.3574215075715028,29
2744,1,4658,2230,2428,0,0,0,1.0,1,1.0,1,1.0,1,0.3439096044833205,27
2745,1,4659,2231,2428,0,0,0,1.0,1,1.0,1,1.0,1,0.362690740593342,25
2746,3,4662,2233,2429,0,0,0,1.0,1,1.0,1,1.0,1,0.4025992664143506,25
2747,2,4664,2235,2429,0,0,0,1.0,1,1.0,1,1.0,1,0.453856254870057,23
2748,0,4664,2235,2429,0,0,0,1.0,1,1.0,1,1.0,1,0.4336532973710133,22
2749,0,4664,2235,2429,0,0,0,1.0,1,1.0,1,1.0,1,0.38040917816907,19
2750,1,4665,2236,2429,0,0,0,1.0,1,1.0,1,1.0,1,0.417780183045213,18
2751,0,4665,2236,2429,0,0,0,1.0,1,1.0,1,1.0,1,0.3832826486298283,16
2752,0,4665,2236,2429,0,0,0,1.0,1,1.0,1,1.0,1,0.3595285191637423,15
2753,0,4665,2236,2429,0,0,0,1.0,1,1.0,1,1.0,1,0.3595285191637423,15
2754,0,4665,2236,2429,0,0,0,1.0,1,1.0,1,1.0,1,0.3595285191637423,15
2755,0,4665,2236,2429,0,0,0,1.0,1,1.0,1,1.0,1,0.3595285191637423,15
2756,0,4665,2236,2429,0,0,0,1.0,1,1.0,1,1.0,1,0.3348007693114904,16
2757,0,4665,2236,2429,0,0,0,1.0,1,1.0,1,1.0,1,0.36078416528625096,17
2758,0,4665,2236,2429,0,0,0,1.0,1,1.0,1,1.0,1,0.36078416528625096,17
2759,0,4665,2236,2429,0,0,0,1.0,1,1.0,1,1.0,1,0.3857466624228561,18
2760,0,4665,2236,2429,0,0,0,1.0,1,1.0,1,1.0,1,0.3857466624228561,18
2761,0,4665,2236,2429,0,0,0,1.0,1,1.0,1,1.0,1,0.3857466624228561,18
2762,0,4665,2236,2429,0,0,0,1.0,1,1.0,1,1.0,1,0.3857466624228561,18
2763,0,4665,2236,2429,0,0,0,1.0,1,1.0,1,1.0,1,0.4126900079687111,17
2764,2,4667,2238,2429,0,0,0,1.0,1,1.0,1,1.0,1,0.5295392561940855,17
2765,2,4669,2238,2431,0,0,0,1.0,1,1.0,1,1.0,1,0.4233642308813215,18
2766,0,4669,2238,2431,0,0,0,1.0,1,1.0,1,1.0,1,0.4233642308813215,18
2767,0,4669,2238,2431,0,0,0,1.0,1,1.0,1,1.0,1,0.4233642308813215,18
2768,2,4671,2240,2431,0,0,0,1.0,1,1.0,1,1.0,1,0.3028054691324579,18
2769,1,4672,2241,2431,0,0,0,1.0,1,1.0,1,1.0,1,0.2931794438836993,18
2770,2,4674,2242,2432,0,0,0,1.0,1,1.0,1,1.0,1,0.26435165671508853,18
2771,0,4674,2242,2432,0,0,0,1.0,1,1.0,1,1.0,1,0.26435165671508853,18
2772,0,4674,2242,2432,0,0,0,1.0,1,1.0,1,1.0,1,0.26435165671508853,18
2773,0,4674,2242,2432,0,0,0,1.0,1,1.0,1,1.0,1,0.26435165671508853,18
2774,0,4674,2242,2432,0,0,0,1.0,1,1.0,1,1.0,1,0.31284461598930324,20
2775,1,4675,2243,2432,0,0,0,1.0,1,1.0,1,1.0,1,0.3058300438246857,21
2776,0,4675,2243,2432,0,0,0,1.0,1,1.0,1,1.0,1,0.3058300438246857,21
2777,0,4675,2243,2432,0,0,0,1.0,1,1.0,1,1.0,1,0.31713574442151204,22
2778,4,4679,2245,2434,0,0,0,1.0,1,1.0,1,1.0,1,0.29000544444943605,24
2779,1,4680,2246,2434,0,0,0,1.0,1,1.0,1,1.0,1,0.3059096207079212,24
2780,1,4681,2247,2434,0,0,0,1.0,1,1.0,1,1.0,1,0.27984666933260877,24
2781,0,4681,2247,2434,0,0,0,1.0,1,1.0,1,1.0,1,0.27984666933260877,24
2782,0,4681,2247,2434,0,0,0,1.0,1,1.0,1,1.0,1,0.27984666933260877,24
2783,0,4681,2247,2434,0,0,0,1.0,1,1.0,1,1.0,1,0.27984666933260877,24
2784,2,4683,2247,2436,0,0,0,1.0,1,1.0,1,1.0,1,0.27371162177558206,24
2785,0,4683,2247,2436,0,0,0,1.0,1,1.0,1,1.0,1,0.21884075567729627,22
2786,0,4683,2247,2436,0,0,0,1.0,1,1.0,1,1.0,1,0.2893221565517981,22
2787,0,4683,2247,2436,0,0,0,1.0,1,1.0,1,1.0,1,0.31217212812131545,21
2788,0,4683,2247,2436,0,0,0,1.0,1,1.0,1,1.0,1,0.2928280581617983,20
2789,1,4684,2248,2436,0,0,0,1.0,1,1.0,1,1.0,1,0.32679925775367014,20
2790,0,4684,2248,2436,0,0,0,1.0,1,1.0,1,1.0,1,0.3521572328307071,21
2791,1,4685,2249,2436,0,0,0,1.0,1,1.0,1,1.0,1,0.3801898423389622,21
2792,0,4685,2249,2436,0,0,0,1.0,1,1.0,1,1.0,1,0.3801898423389622,21
2793,0,4685,2249,2436,0,0,0,1.0,1,1.0,1,1.0,1,0.4229035443291184,18
2794,0,4685,2249,2436,0,0,0,1.0,1,1.0,1,1.0,1,0.4229035443291184,18
2795,1,4686,2249,2437,0,0,0,1.0,1,1.0,1,1.0,1,0.3779755973038522,20
2796,1,4687,2250,2437,0,0,0,1.0,1,1.0,1,1.0,1,0.3653065030167258,21
2797,1,4688,2250,2438,0,0,0,1.0,1,1.0,1,1.0,1,0.32488722821308014,21
2798,0,4688,2250,2438,0,0,0,1.0,1,1.0,1,1.0,1,0.32488722821308014,21
2799,0,4688,2250,2438,0,0,0,1.0,1,1.0,1,1.0,1,0.32778966434984663,22
2800,0,4688,2250,2438,0,0,0,1.0,1,1.0,1,1.0,1,0.32778966434984663,22
2801,2,4690,2252,2438,0,0,0,1.0,1,1.0,1,1.0,1,0.3211134515450258,22
2802,0,4690,2252,2438,0,0,0,1.0,1,1.0,1,1.0,1,0.3211134515450258,22
2803,1,4691,2253,2438,0,0,0,1.0,1,1.0,1,1.0,1,0.37314385270932304,22
2804,1,4692,2253,2439,0,0,0,1.0,1,1.0,1,1.0,1,0.35016066622886494,23
2805,0,4692,2253,2439,0,0,0,1.0,1,1.0,1,1.0,1,0.35016066622886494,23
2806,0,4692,2253,2439,0,0,0,1.0,1,1.0,1,1.0,1,0.35016066622886494,23
2807,0,4692,2253,2439,0,0,0,1.0,1,1.0,1,1.0,1,0.33793776397667036,24
2808,0,4692,2253,2439,0,0,0,1.0,1,1.0,1,1.0,1,0.33793776397667036,24
2809,2,4694,2254,2440,0,0,0,1.0,1,1.0,1,1.0,1,0.36257118419404805,25
2810,0,4694,2254,2440,0,0,0,1.0,1,1.0,1,1.0,1,0.35956876007966276,24
2811,1,4695,2254,2441,0,0,0,1.0,1,1.0,1,1.0,1,0.3313924560779393,26
2812,0,4695,2254,2441,0,0,0,1.0,1,1.0,1,1.0,1,0.3313924560779393,26
2813,0,4695,2254,2441,0,0,0,1.0,1,1.0,1,1.0,1,0.3434643154707978,27
2814,4,4699,2256,2443,0,0,0,1.0,1,1.0,1,1.0,1,0.3448119906962482,29
2815,0,4699,2256,2443,0,0,0,1.0,1,1.0,1,1.0,1,0.3448119906962482,29
2816,0,4699,2256,2443,0,0,0,1.0,1,1.0,1,1.0,1,0.3574749492795312,29
2817,4,4703,2258,2445,0,0,0,1.0,1,1.0,1,1.0,1,0.41830645790947896,29
2818,1,4704,2258,2446,0,0,0,1.0,1,1.0,1,1.0,1,0.4668931481221464,29
2819,0,4704,2258,2446,0,0,0,1.0,1,1.0,1,1.0,1,0.47447616578273966,30
2820,2,4706,2259,2447,0,0,0,1.0,1,1.0,1,1.0,1,0.46408279504456296,30
2821,4,4710,2259,2451,0,0,0,1.0,1,1.0,1,1.0,1,0.36001294194748334,31
2822,1,4711,2260,2451,0,0,0,1.0,1,1.0,1,1.0,1,0.39211528160514775,30
2823,1,4712,2261,2451,0,0,0,1.0,1,1.0,1,1.0,1,0.3988085404595055,27
2824,3,4715,2261,2454,0,0,0,1.0,1,1.0,1,1.0,1,0.2976295331609057,28
2825,3,4718,2263,2455,0,0,0,1.0,1,1.0,1,1.0,1,0.3155873720410664,28
2826,1,4719,2264,2455,0,0,0,1.0,1,1.0,1,1.0,1,0.29399825399138707,27
2827,1,4720,2265,2455,0,0,0,1.0,1,1.0,1,1.0,1,0.3321801252317589,28
2828,2,4722,2265,2457,0,0,0,1.0,1,1.0,1,1.0,1,0.25010820191596533,28
2829,2,4724,2266,2458,0,0,0,1.0,1,1.0,1,1.0,1,0.20400305643465352,27
2830,0,4724,2266,2458,0,0,0,1.0,1,1.0,1,1.0,1,0.20400305643465352,27
2831,1,4725,2267,2458,0,0,0,1.0,1,1.0,1,1.0,1,0.22744232284812432,27
2832,1,4726,2267,2459,0,0,0,1.0,1,1.0,1,1.0,1,0.22053329382712045,27
2833,2,4728,2268,2460,0,0,0,1.0,1,1.0,1,1.0,1,0.2756427170668177,26
2834,0,4728,2268,2460,0,0,0,1.0,1,1.0,1,1.0,1,0.2571938790419507,26
2835,1,4729,2269,2460,0,0,0,1.0,1,1.0,1,1.0,1,0.3072498554348919,25
2836,0,4729,2269,2460,0,0,0,1.0,1,1.0,1,1.0,1,0.31060412831269246,27
2837,1,4730,2270,2460,0,0,0,1.0,1,1.0,1,1.0,1,0.3587851450678909,27
2838,0,4730,2270,2460,0,0,0,1.0,1,1.0,1,1.0,1,0.3587851450678909,27
2839,1,4731,2271,2460,0,0,0,1.0,1,1.0,1,1.0,1,0.4095450349464074,29
2840,1,4732,2272,2460,0,0,0,1.0,1,1.0,1,1.0,1,0.403749346148894,29
2841,3,4735,2272,2463,0,0,0,1.0,1,1.0,1,1.0,1,0.3237585173665345,31
2842,2,4737,2272,2465,0,0,0,1.0,1,1.0,1,1.0,1,0.26734946997173265,31
2843,1,4738,2272,2466,0,0,0,1.0,1,1.0,1,1.0,1,0.25703858653238393,32
2844,0,4738,2272,2466,0,0,0,1.0,1,1.0,1,1.0,1,0.2702772105779792,33
2845,0,4738,2272,2466,0,0,0,1.0,1,1.0,1,1.0,1,0.27623883304892155,32
2846,1,4739,2273,2466,0,0,0,1.0,1,1.0,1,1.0,1,0.2427939579558339,33
2847,2,4741,2274,2467,0,0,0,1.0,1,1.0,1,1.0,1,0.2775267755990796,32
2848,2,4743,2275,2468,0,0,0,1.0,1,1.0,1,1.0,1,0.30053121400177374,33
2849,1,4744,2275,2469,0,0,0,1.0,1,1.0,1,1.0,1,0.3297724862408625,34
2850,3,4747,2277,2470,0,0,0,1.0,1,1.0,1,1.0,1,0.26277918065127454,34
2851,1,4748,2277,2471,0,0,0,1.0,1,1.0,1,1.0,1,0.23759030584375757,34
2852,4,4752,2281,2471,0,0,0,1.0,1,1.0,1,1.0,1,0.27084392216055597,35
2853,2,4754,2282,2472,0,0,0,1.0,1,1.0,1,1.0,1,0.2696480307791166,36
2854,0,4754,2282,2472,0,0,0,1.0,1,1.0,1,1.0,1,0.2923114642382956,37
2855,3,4757,2284,2473,0,0,0,1.0,1,1.0,1,1.0,1,0.28395162489035414,38
2856,0,4757,2284,2473,0,0,0,1.0,1,1.0,1,1.0,1,0.28395162489035414,38
2857,1,4758,2285,2473,0,0,0,1.0,1,1.0,1,1.0,1,0.2819452741233855,39
2858,3,4761,2286,2475,0,0,0,1.0,1,1.0,1,1.0,1,0.21899088947853126,40
2859,2,4763,2287,2476,0,0,0,1.0,1,1.0,1,1.0,1,0.23123941775643456,40
2860,5,4768,2288,2480,0,0,0,1.0,1,1.0,1,1.0,1,0.11587929278702003,40
2861,1,4769,2289,2480,0,0,0,1.0,1,1.0,1,1.0,1,0.1542751832954538,38
2862,1,4770,2290,2480,0,0,0,1.0,1,1.0,1,1.0,1,0.20409606317406048,38
2863,4,4774,2292,2482,0,0,0,1.0,1,1.0,1,1.0,1,0.21909646826846804,38
2864,5,4779,2297,2482,0,0,0,1.0,1,1.0,1,1.0,1,0.32025680407592366,36
2865,4,4783,2299,2484,0,0,0,1.0,1,1.0,1,1.0,1,0.2653515438690276,34
2866,1,4784,2300,2484,0,0,0,1.0,1,1.0,1,1.0,1,0.260582896325185,31
2867,1,4785,2300,2485,0,0,0,1.0,1,1.0,1,1.0,1,0.2173464612698595,30
2868,0,4785,2300,2485,0,0,0,1.0,1,1.0,1,1.0,1,0.20667091742954746,27
2869,2,4787,2302,2485,0,0,0,1.0,1,1.0,1,1.0,1,0.2904082730335078,27
2870,2,4789,2304,2485,0,0,0,1.0,1,1.0,1,1.0,1,0.3449024065579879,25
2871,3,4792,2306,2486,0,0,0,1.0,1,1.0,1,1.0,1,0.413448575033844,25
2872,1,4793,2306,2487,0,0,0,1.0,1,1.0,1,1.0,1,0.3512853765919024,23
2873,1,4794,2307,2487,0,0,0,1.0,1,1.0,1,1.0,1,0.392743012524327,24
2874,1,4795,2307,2488,0,0,0,1.0,1,1.0,1,1.0,1,0.3457335714605927,24
2875,1,4796,2307,2489,0,0,0,1.0,1,1.0,1,1.0,1,0.34552201187002163,23
2876,1,4797,2308,2489,0,0,0,1.0,1,1.0,1,1.0,1,0.38011211234960557,24
2877,1,4798,2309,2489,0,0,0,1.0,1,1.0,1,1.0,1,0.4099681480146553,24
2878,1,4799,2310,2489,0,0,0,1.0,1,1.0,1,1.0,1,0.3849087285780782,24
2879,4,4803,2312,2491,0,0,0,1.0,1,1.0,1,1.0,1,0.3811715358172398,25
2880,0,4803,2312,2491,0,0,0,1.0,1,1.0,1,1.0,1,0.38937972219586536,26
2881,1,4804,2312,2492,0,0,0,1.0,1,1.0,1,1.0,1,0.3781651684203563,26
2882,1,4805,2312,2493,0,0,0,1.0,1,1.0,1,1.0,1,0.3298465925117767,27
2883,0,4805,2312,2493,0,0,0,1.0,1,1.0,1,1.0,1,0.3102303389617429,28
2884,1,4806,2312,2494,0,0,0,1.0,1,1.0,1,1.0,1,0.32093337895298574,29
2885,1,4807,2312,2495,0,0,0,1.0,1,1.0,1,1.0,1,0.30351315845639154,31
2886,2,4809,2313,2496,0,0,0,1.0,1,1.0,1,1.0,1,0.29483834608788706,31
2887,0,4809,2313,2496,0,0,0,1.0,1,1.0,1,1.0,1,0.2898874220924439,33
2888,3,4812,2313,2499,0,0,0,1.0,1,1.0,1,1.0,1,0.2443862804454329,34
2889,2,4814,2314,2500,0,0,0,1.0,1,1.0,1,1.0,1,0.24241266514475804,35
2890,1,4815,2315,2500,0,0,0,1.0,1,1.0,1,1.0,1,0.2637458049427071,35
2891,0,4815,2315,2500,0,0,0,1.0,1,1.0,1,1.0,1,0.2637458049427071,35
2892,3,4818,2317,2501,0,0,0,1.0,1,1.0,1,1.0,1,0.2866193199560319,35
2893,0,4818,2317,2501,0,0,0,1.0,1,1.0,1,1.0,1,0.3066879908256635,37
2894,0,4818,2317,2501,0,0,0,1.0,1,1.0,1,1.0,1,0.3066879908256635,37
2895,1,4819,2318,2501,0,0,0,1.0,1,1.0,1,1.0,1,0.3499108350630443,37
2896,1,4820,2318,2502,0,0,0,1.0,1,1.0,1,1.0,1,0.33712837367747905,38
2897,2,4822,2319,2503,0,0,0,1.0,1,1.0,1,1.0,1,0.34737261967492994,37
2898,2,4824,2319,2505,0,0,0,1.0,1,1.0,1,1.0,1,0.34312470264404404,38
2899,0,4824,2319,2505,0,0,0,1.0,1,1.0,1,1.0,1,0.320976812308999,37
2900,0,4824,2319,2505,0,0,0,1.0,1,1.0,1,1.0,1,0.3008721659317692,36
2901,0,4824,2319,2505,0,0,0,1.0,1,1.0,1,1.0,1,0.30882465917045093,37
2902,1,4825,2320,2505,0,0,0,1.0,1,1.0,1,1.0,1,0.3641994920059614,35
2903,0,4825,2320,2505,0,0,0,1.0,1,1.0,1,1.0,1,0.3559486965621402,35
2904,0,4825,2320,2505,0,0,0,1.0,1,1.0,1,1.0,1,0.3846181412962352,33
2905,0,4825,2320,2505,0,0,0,1.0,1,1.0,1,1.0,1,0.3802453085713074,34
2906,2,4827,2322,2505,0,0,0,1.0,1,1.0,1,1.0,1,0.42247965109559443,34
2907,1,4828,2322,2506,0,0,0,1.0,1,1.0,1,1.0,1,0.40162298063505125,35
2908,1,4829,2322,2507,0,0,0,1.0,1,1.0,1,1.0,1,0.3817212309849751,36
2909,0,4829,2322,2507,0,0,0,1.0,1,1.0,1,1.0,1,0.4004252431887283,38
2910,0,4829,2322,2507,0,0,0,1.0,1,1.0,1,1.0,1,0.4004252431887283,38
2911,1,4830,2323,2507,0,0,0,1.0,1,1.0,1,1.0,1,0.4214732383851455,37
2912,0,4830,2323,2507,0,0,0,1.0,1,1.0,1,1.0,1,0.4214732383851455,37
2913,2,4832,2323,2509,0,0,0,1.0,1,1.0,1,1.0,1,0.39830904142707446,38
2914,1,4833,2323,2510,0,0,0,1.0,1,1.0,1,1.0,1,0.38120872169287734,38
2915,4,4837,2323,2514,0,0,0,1.0,1,1.0,1,1.0,1,0.2815930562338198,39
2916,2,4839,2324,2515,0,0,0,1.0,1,1.0,1,1.0,1,0.2625916065945602,40
2917,1,4840,2325,2515,0,0,0,1.0,1,1.0,1,1.0,1,0.301328268677186,41
2918,1,4841,2326,2515,0,0,0,1.0,1,1.0,1,1.0,1,0.33092329862466785,41
2919,0,4841,2326,2515,0,0,0,1.0,1,1.0,1,1.0,1,0.33092329862466785,41
2920,1,4842,2326,2516,0,0,0,1.0,1,1.0,1,1.0,1,0.36222707463169956,43
2921,6,4848,2326,2522,0,0,0,1.0,1,1.0,1,1.0,1,0.30009411795978846,42
2922,0,4848,2326,2522,0,0,0,1.0,1,1.0,1,1.0,1,0.28571764329598176,43
2923,0,4848,2326,2522,0,0,0,1.0,1,1.0,1,1.0,1,0.29262378601874034,44
2924,0,4848,2326,2522,0,0,0,1.0,1,1.0,1,1.0,1,0.27796898145319543,45
2925,1,4849,2326,2523,0,0,0,1.0,1,1.0,1,1.0,1,0.27972450317312014,45
2926,0,4849,2326,2523,0,0,0,1.0,1,1.0,1,1.0,1,0.2747938507985766,47
2927,0,4849,2326,2523,0,0,0,1.0,1,1.0,1,1.0,1,0.2747938507985766,47
2928,3,4852,2327,2525,0,0,0,1.0,1,1.0,1,1.0,1,0.26385602686387954,48
2929,0,4852,2327,2525,0,0,0,1.0,1,1.0,1,1.0,1,0.26385602686387954,48
2930,2,4854,2327,2527,0,0,0,1.0,1,1.0,1,1.0,1,0.2739874201135979,50
2931,2,4856,2327,2529,0,0,0,1.0,1,1.0,1,1.0,1,0.2629229707225777,51
2932,0,4856,2327,2529,0,0,0,1.0,1,1.0,1,1.0,1,0.2629229707225777,51
2933,1,4857,2328,2529,0,0,0,1.0,1,1.0,1,1.0,1,0.2926299111398968,52
2934,1,4858,2329,2529,0,0,0,1.0,1,1.0,1,1.0,1,0.30889136377075266,52
2935,0,4858,2329,2529,0,0,0,1.0,1,1.0,1,1.0,1,0.318317106960058,51
2936,0,4858,2329,2529,0,0,0,1.0,1,1.0,1,1.0,1,0.31236412079809667,49
2937,4,4862,2329,2533,0,0,0,1.0,1,1.0,1,1.0,1,0.26896999105149877,50
2938,2,4864,2331,2533,0,0,0,1.0,1,1.0,1,1.0,1,0.2959507381517294,50
2939,0,4864,2331,2533,0,0,0,1.0,1,1.0,1,1.0,1,0.2943015280063039,51
2940,4,4868,2333,2535,0,0,0,1.0,1,1.0,1,1.0,1,0.2880836037678865,52
2941,4,4872,2334,2538,0,0,0,1.0,1,1.0,1,1.0,1,0.25376100343010244,53
2942,1,4873,2335,2538,0,0,0,1.0,1,1.0,1,1.0,1,0.26075644917086044,52
2943,1,4874,2336,2538,0,0,0,1.0,1,1.0,1,1.0,1,0.2806095399397475,51
2944,5,4879,2338,2541,0,0,0,1.0,1,1.0,1,1.0,1,0.2577807213104469,52
2945,2,4881,2338,2543,0,0,0,1.0,1,1.0,1,1.0,1,0.19817697143033278,50
2946,4,4885,2341,2544,0,0,0,1.0,1,1.0,1,1.0,1,0.25137147826489564,51
2947,2,4887,2342,2545,0,0,0,1.0,1,1.0,1,1.0,1,0.21547119131378073,50
2948,5,4892,2344,2548,0,0,0,1.0,1,1.0,1,1.0,1,0.22215348046223707,50
2949,1,4893,2344,2549,0,0,0,1.0,1,1.0,1,1.0,1,0.21138703548156249,49
2950,2,4895,2345,2550,0,0,0,1.0,1,1.0,1,1.0,1,0.22485774451788296,48
2951,4,4899,2345,2554,0,0,0,1.0,1,1.0,1,1.0,1,0.1349615925952102,48
2952,1,4900,2345,2555,0,0,0,1.0,1,1.0,1,1.0,1,0.16870689599774782,46
2953,0,4900,2345,2555,0,0,0,1.0,1,1.0,1,1.0,1,0.16870689599774782,46
2954,1,4901,2345,2556,0,0,0,1.0,1,1.0,1,1.0,1,0.14755611735397955,48
2955,0,4901,2345,2556,0,0,0,1.0,1,1.0,1,1.0,1,0.14755611735397955,48
2956,0,4901,2345,2556,0,0,0,1.0,1,1.0,1,1.0,1,0.17324390623738706,47
2957,1,4902,2345,2557,0,0,0,1.0,1,1.0,1,1.0,1,0.18165581767974565,48
2958,2,4904,2346,2558,0,0,0,1.0,1,1.0,1,1.0,1,0.18948949529964823,49
2959,2,4906,2347,2559,0,0,0,1.0,1,1.0,1,1.0,1,0.2006650539276074,49
2960,1,4907,2347,2560,0,0,0,1.0,1,1.0,1,1.0,1,0.1757075397175794,49
2961,3,4910,2349,2561,0,0,0,1.0,1,1.0,1,1.0,1,0.19715820778541557,51
2962,2,4912,2350,2562,0,0,0,1.0,1,1.0,1,1.0,1,0.15641802868318935,51
2963,0,4912,2350,2562,0,0,0,1.0,1,1.0,1,1.0,1,0.15641802868318935,51
2964,1,4913,2351,2562,0,0,0,1.0,1,1.0,1,1.0,1,0.16834669908669248,52
2965,2,4915,2352,2563,0,0,0,1.0,1,1.0,1,1.0,1,0.1519365296173343,53
2966,2,4917,2354,2563,0,0,0,1.0,1,1.0,1,1.0,1,0.14248462761665062,53
2967,1,4918,2354,2564,0,0,0,1.0,1,1.0,1,1.0,1,0.14172238721353997,53
2968,1,4919,2354,2565,0,0,0,1.0,1,1.0,1,1.0,1,0.12866814836716836,54
2969,1,4920,2355,2565,0,0,0,1.0,1,1.0,1,1.0,1,0.16804040382130025,55
2970,0,4920,2355,2565,0,0,0,1.0,1,1.0,1,1.0,1,0.16804040382130025,55
2971,0,4920,2355,2565,0,0,0,1.0,1,1.0,1,1.0,1,0.16804040382130025,55
2972,0,4920,2355,2565,0,0,0,1.0,1,1.0,1,1.0,1,0.16804040382130025,55
2973,2,4922,2355,2567,0,0,0,1.0,1,1.0,1,1.0,1,0.1586616688422093,55
2974,2,4924,2356,2568,0,0,0,1.0,1,1.0,1,1.0,1,0.1341749083529164,56
2975,0,4924,2356,2568,0,0,0,1.0,1,1.0,1,1.0,1,0.13020546350275186,55
2976,0,4924,2356,2568,0,0,0,1.0,1,1.0,1,1.0,1,0.14158551348028417,57
2977,0,4924,2356,2568,0,0,0,1.0,1,1.0,1,1.0,1,0.14611844426125034,59
2978,2,4926,2358,2568,0,0,0,1.0,1,1.0,1,1.0,1,0.17023488413728452,59
2979,0,4926,2358,2568,0,0,0,1.0,1,1.0,1,1.0,1,0.17023488413728452,59
2980,2,4928,2359,2569,0,0,0,1.0,1,1.0,1,1.0,1,0.17196327060325733,59
2981,3,4931,2361,2570,0,0,0,1.0,1,1.0,1,1.0,1,0.18107023590592725,59
2982,3,4934,2362,2572,0,0,0,1.0,1,1.0,1,1.0,1,0.18837980471620214,61
2983,8,4942,2366,2576,0,0,0,1.0,1,1.0,1,1.0,1,0.17803903644013583,61
2984,5,4947,2371,2576,0,0,0,1.0,1,1.0,1,1.0,1,0.24304973976242572,61
2985,7,4954,2375,2579,0,0,0,1.0,1,1.0,1,1.0,1,0.24119439873058288,57
2986,5,4959,2378,2581,0,0,0,1.0,1,1.0,1,1.0,1,0.21381565125794091,58
2987,3,4962,2380,2582,0,0,0,1.0,1,1.0,1,1.0,1,0.1980239320963267,56
2988,3,4965,2382,2583,0,0,0,1.0,1,1.0,1,1.0,1,0.19780857454104792,55
2989,5,4970,2386,2584,0,0,0,1.0,1,1.0,1,1.0,1,0.19101307034265358,53
2990,0,4970,2386,2584,0,0,0,1.0,1,1.0,1,1.0,1,0.2068973732815094,52
2991,2,4972,2386,2586,0,0,0,1.0,1,1.0,1,1.0,1,0.16253699353146986,54
2992,3,4975,2388,2587,0,0,0,1.0,1,1.0,1,1.0,1,0.18102360374786758,55
2993,3,4978,2391,2587,0,0,0,1.0,1,1.0,1,1.0,1,0.23073141645217496,53
2994,5,4983,2393,2590,0,0,0,1.0,1,1.0,1,1.0,1,0.21396828689950825,53
2995,1,4984,2394,2590,0,0,0,1.0,1,1.0,1,1.0,1,0.1928936456881522,51
2996,1,4985,2395,2590,0,0,0,1.0,1,1.0,1,1.0,1,0.23230692776301798,52
2997,4,4989,2396,2593,0,0,0,1.0,1,1.0,1,1.0,1,0.21392062789342026,50
2998,1,4990,2397,2593,0,0,0,1.0,1,1.0,1,1.0,1,0.2047078942160708,51
2999,0,4990,2397,2593,0,0,0,1.0,1,1.0,1,1.0,1,0.21570939781266632,48
3000,0,4990,2397,2593,0,0,0,1.0,1,1.0,1,1.0,1,0.21570939781266632,48
3001,2,4992,2397,2595,0,0,0,1.0,1,1.0,1,1.0,1,0.16612379781273934,49
3002,3,4995,2398,2597,0,0,0,1.0,1,1.0,1,1.0,1,0.15062042674486192,50
3003,0,4995,2398,2597,0,0,0,1.0,1,1.0,1,1.0,1,0.15062042674486192,50
3004,1,4996,2398,2598,0,0,0,1.0,1,1.0,1,1.0,1,0.14244014266172236,51
3005,0,4996,2398,2598,0,0,0,1.0,1,1.0,1,1.0,1,0.1610050035702753,50
3006,0,4996,2398,2598,0,0,0,1.0,1,1.0,1,1.0,1,0.17795123154756806,51
3007,0,4996,2398,2598,0,0,0,1.0,1,1.0,1,1.0,1,0.20623630091116424,51
3008,1,4997,2399,2598,0,0,0,1.0,1,1.0,1,1.0,1,0.2431127699642141,53
3009,0,4997,2399,2598,0,0,0,1.0,1,1.0,1,1.0,1,0.24278908123542398,52
3010,0,4997,2399,2598,0,0,0,1.0,1,1.0,1,1.0,1,0.24278908123542398,52
3011,6,5003,2399,2604,0,0,0,1.0,1,1.0,1,1.0,1,0.15403526584459032,51
3012,2,5005,2400,2605,0,0,0,1.0,1,1.0,1,1.0,1,0.17649651063011618,54
3013,2,5007,2402,2605,0,0,0,1.0,1,1.0,1,1.0,1,0.1503421912736582,52
3014,1,5008,2403,2605,0,0,0,1.0,1,1.0,1,1.0,1,0.14513254545864382,51
3015,2,5010,2405,2605,0,0,0,1.0,1,1.0,1,1.0,1,0.16329712777799607,50
3016,4,5014,2409,2605,0,0,0,1.0,1,1.0,1,1.0,1,0.18109224876089805,50
3017,3,5017,2412,2605,0,0,0,1.0,1,1.0,1,1.0,1,0.2180474976354177,48
3018,3,5020,2414,2606,0,0,0,1.0,1,1.0,1,1.0,1,0.23691445134688208,48
3019,4,5024,2416,2608,0,0,0,1.0,1,1.0,1,1.0,1,0.2035875301526337,47
3020,2,5026,2418,2608,0,0,0,1.0,1,1.0,1,1.0,1,0.20668241308280846,47
3021,7,5033,2422,2611,0,0,0,1.0,1,1.0,1,1.0,1,0.18311848811904477,46
3022,5,5038,2427,2611,0,0,0,1.0,1,1.0,1,1.0,1,0.2678624142982052,45
3023,2,5040,2428,2612,0,0,0,1.0,1,1.0,1,1.0,1,0.2176552986109022,41
3024,4,5044,2431,2613,0,0,0,1.0,1,1.0,1,1.0,1,0.27021373749306415,43
3025,3,5047,2432,2615,0,0,0,1.0,1,1.0,1,1.0,1,0.2682755398783955,39
3026,1,5048,2433,2615,0,0,0,1.0,1,1.0,1,1.0,1,0.27736111930851937,38
3027,2,5050,2435,2615,0,0,0,1.0,1,1.0,1,1.0,1,0.2974674891158639,38
3028,0,5050,2435,2615,0,0,0,1.0,1,1.0,1,1.0,1,0.3219231345241479,38
3029,1,5051,2435,2616,0,0,0,1.0,1,1.0,1,1.0,1,0.2891505892739503,37
3030,0,5051,2435,2616,0,0,0,1.0,1,1.0,1,1.0,1,0.29609639448570224,38
3031,4,5055,2436,2619,0,0,0,1.0,1,1.0,1,1.0,1,0.2520706824221624,39
3032,2,5057,2437,2620,0,0,0,1.0,1,1.0,1,1.0,1,0.22146765841552357,39
3033,1,5058,2437,2621,0,0,0,1.0,1,1.0,1,1.0,1,0.2094568649920447,39
3034,0,5058,2437,2621,0,0,0,1.0,1,1.0,1,1.0,1,0.221378705041721,38
3035,2,5060,2439,2621,0,0,0,1.0,1,1.0,1,1.0,1,0.24567084703267553,39
3036,3,5063,2439,2624,0,0,0,1.0,1,1.0,1,1.0,1,0.20539598858623825,39
3037,2,5065,2439,2626,0,0,0,1.0,1,1.0,1,1.0,1,0.19473794664527397,39
3038,3,5068,2440,2628,0,0,0,1.0,1,1.0,1,1.0,1,0.18880703812986652,40
3039,3,5071,2440,2631,0,0,0,1.0,1,1.0,1,1.0,1,0.19182889816022622,41
3040,2,5073,2441,2632,0,0,0,1.0,1,1.0,1,1.0,1,0.21071448076482122,42
3041,2,5075,2442,2633,0,0,0,1.0,1,1.0,1,1.0,1,0.2469807065623635,43
3042,7,5082,2444,2638,0,0,0,1.0,1,1.0,1,1.0,1,0.18513036213844136,45
3043,2,5084,2446,2638,0,0,0,1.0,1,1.0,1,1.0,1,0.21653072395612188,45
3044,3,5087,2448,2639,0,0,0,1.0,1,1.0,1,1.0,1,0.22107627589807252,45
3045,1,5088,2448,2640,0,0,0,1.0,1,1.0,1,1.0,1,0.205237270825412,45
3046,1,5089,2448,2641,0,0,0,1.0,1,1.0,1,1.0,1,0.20313198011855413,46
3047,1,5090,2449,2641,0,0,0,1.0,1,1.0,1,1.0,1,0.22157054358954384,46
3048,3,5093,2449,2644,0,0,0,1.0,1,1.0,1,1.0,1,0.20468982321224768,49
3049,0,5093,2449,2644,0,0,0,1.0,1,1.0,1,1.0,1,0.21188197595050626,50
3050,0,5093,2449,2644,0,0,0,1.0,1,1.0,1,1.0,1,0.21188197595050626,50
3051,2,5095,2449,2646,0,0,0,1.0,1,1.0,1,1.0,1,0.180772527038398,50
3052,3,5098,2450,2648,0,0,0,1.0,1,1.0,1,1.0,1,0.16273131982971972,50
3053,2,5100,2452,2648,0,0,0,1.0,1,1.0,1,1.0,1,0.15317532744458426,49
3054,0,5100,2452,2648,0,0,0,1.0,1,1.0,1,1.0,1,0.16061078162415213,47
3055,1,5101,2452,2649,0,0,0,1.0,1,1.0,1,1.0,1,0.17271576983855733,48
3056,1,5102,2453,2649,0,0,0,1.0,1,1.0,1,1.0,1,0.22873858894166577,47
3057,2,5104,2454,2650,0,0,0,1.0,1,1.0,1,1.0,1,0.2551456000906944,48
3058,1,5105,2455,2650,0,0,0,1.0,1,1.0,1,1.0,1,0.25594019689140823,46
3059,1,5106,2456,2650,0,0,0,1.0,1,1.0,1,1.0,1,0.28194967207708294,44
3060,2,5108,2457,2651,0,0,0,1.0,1,1.0,1,1.0,1,0.29792343973816066,44
3061,1,5109,2457,2652,0,0,0,1.0,1,1.0,1,1.0,1,0.2941367824681345,42
3062,5,5114,2461,2653,0,0,0,1.0,1,1.0,1,1.0,1,0.3128342289851483,42
3063,3,5117,2463,2654,0,0,0,1.0,1,1.0,1,1.0,1,0.301456048844925,41
3064,2,5119,2464,2655,0,0,0,1.0,1,1.0,1,1.0,1,0.32255130634002893,42
3065,2,5121,2465,2656,0,0,0,1.0,1,1.0,1,1.0,1,0.2627316854881417,40
3066,5,5126,2467,2659,0,0,0,1.0,1,1.0,1,1.0,1,0.18726269881746094,42
3067,3,5129,2469,2660,0,0,0,1.0,1,1.0,1,1.0,1,0.17688137561893708,40
3068,3,5132,2472,2660,0,0,0,1.0,1,1.0,1,1.0,1,0.2032678586955217,39
3069,0,5132,2472,2660,0,0,0,1.0,1,1.0,1,1.0,1,0.2056886776955911,38
3070,0,5132,2472,2660,0,0,0,1.0,1,1.0,1,1.0,1,0.22563358411737428,39
3071,1,5133,2472,2661,0,0,0,1.0,1,1.0,1,1.0,1,0.18176499443000182,39
3072,1,5134,2472,2662,0,0,0,1.0,1,1.0,1,1.0,1,0.19704589186192023,40
3073,1,5135,2473,2662,0,0,0,1.0,1,1.0,1,1.0,1,0.2445409533388004,38
3074,0,5135,2473,2662,0,0,0,1.0,1,1.0,1,1.0,1,0.21571421843325542,38
3075,5,5140,2475,2665,0,0,0,1.0,1,1.0,1,1.0,1,0.18993706235683527,41
3076,0,5140,2475,2665,0,0,0,1.0,1,1.0,1,1.0,1,0.14536603474533158,42
3077,2,5142,2477,2665,0,0,0,1.0,1,1.0,1,1.0,1,0.1888899120244691,42
3078,4,5146,2477,2669,0,0,0,1.0,1,1.0,1,1.0,1,0.13161883137500408,42
3079,3,5149,2477,2672,0,0,0,1.0,1,1.0,1,1.0,1,0.12013705003556634,42
3080,1,5150,2477,2673,0,0,0,1.0,1,1.0,1,1.0,1,0.12613623148655223,43
3081,0,5150,2477,2673,0,0,0,1.0,1,1.0,1,1.0,1,0.12638645920989994,44
3082,0,5150,2477,2673,0,0,0,1.0,1,1.0,1,1.0,1,0.1498154083865637,45
3083,0,5150,2477,2673,0,0,0,1.0,1,1.0,1,1.0,1,0.1498154083865637,45
3084,4,5154,2480,2674,0,0,0,1.0,1,1.0,1,1.0,1,0.18188711104057645,45
3085,1,5155,2480,2675,0,0,0,1.0,1,1.0,1,1.0,1,0.17748495892506475,46
3086,0,5155,2480,2675,0,0,0,1.0,1,1.0,1,1.0,1,0.17748495892506475,46
3087,1,5156,2481,2675,0,0,0,1.0,1,1.0,1,1.0,1,0.2096848951369651,47
3088,1,5157,2482,2675,0,0,0,1.0,1,1.0,1,1.0,1,0.23060363207738,48
3089,0,5157,2482,2675,0,0,0,1.0,1,1.0,1,1.0,1,0.21661945348670503,46
3090,0,5157,2482,2675,0,0,0,1.0,1,1.0,1,1.0,1,0.2499089669478562,46
3091,0,5157,2482,2675,0,0,0,1.0,1,1.0,1,1.0,1,0.2698158747637818,46
3092,2,5159,2484,2675,0,0,0,1.0,1,1.0,1,1.0,1,0.2551899329768005,47
3093,3,5162,2485,2677,0,0,0,1.0,1,1.0,1,1.0,1,0.2736487240443817,47
3094,2,5164,2486,2678,0,0,0,1.0,1,1.0,1,1.0,1,0.26365046562920663,45
3095,4,5168,2488,2680,0,0,0,1.0,1,1.0,1,1.0,1,0.22209159575423426,46
3096,0,5168,2488,2680,0,0,0,1.0,1,1.0,1,1.0,1,0.22440415748656253,46
3097,3,5171,2490,2681,0,0,0,1.0,1,1.0,1,1.0,1,0.24741384547834785,47
3098,4,5175,2490,2685,0,0,0,1.0,1,1.0,1,1.0,1,0.21130038718123373,47
3099,0,5175,2490,2685,0,0,0,1.0,1,1.0,1,1.0,1,0.21130038718123373,47
3100,1,5176,2491,2685,0,0,0,1.0,1,1.0,1,1.0,1,0.1916891927160546,47
3101,2,5178,2491,2687,0,0,0,1.0,1,1.0,1,1.0,1,0.16554271128300282,48
3102,1,5179,2492,2687,0,0,0,1.0,1,1.0,1,1.0,1,0.15983212068247515,48
3103,2,5181,2493,2688,0,0,0,1.0,1,1.0,1,1.0,1,0.18000393432905593,49
3104,1,5182,2494,2688,0,0,0,1.0,1,1.0,1,1.0,1,0.19907930853638553,48
3105,0,5182,2494,2688,0,0,0,1.0,1,1.0,1,1.0,1,0.2045466624607562,45
3106,2,5184,2496,2688,0,0,0,1.0,1,1.0,1,1.0,1,0.27689356613284194,46
3107,3,5187,2497,2690,0,0,0,1.0,1,1.0,1,1.0,1,0.2489661580345046,44
3108,1,5188,2497,2691,0,0,0,1.0,1,1.0,1,1.0,1,0.22914750279118998,45
3109,0,5188,2497,2691,0,0,0,1.0,1,1.0,1,1.0,1,0.2417881047879844,44
3110,3,5191,2498,2693,0,0,0,1.0,1,1.0,1,1.0,1,0.23686289605352934,46
3111,7,5198,2499,2699,0,0,0,1.0,1,1.0,1,1.0,1,0.13359838423779083,46
3112,0,5198,2499,2699,0,0,0,1.0,1,1.0,1,1.0,1,0.14803072295012593,47
3113,0,5198,2499,2699,0,0,0,1.0,1,1.0,1,1.0,1,0.13542452305040406,48
3114,0,5198,2499,2699,0,0,0,1.0,1,1.0,1,1.0,1,0.1441467012291799,48
3115,0,5198,2499,2699,0,0,0,1.0,1,1.0,1,1.0,1,0.16440254682218658,49
3116,0,5198,2499,2699,0,0,0,1.0,1,1.0,1,1.0,1,0.1911558607914993,48
3117,2,5200,2501,2699,0,0,0,1.0,1,1.0,1,1.0,1,0.22357386115246422,49
3118,2,5202,2502,2700,0,0,0,1.0,1,1.0,1,1.0,1,0.2569386723800864,50
3119,0,5202,2502,2700,0,0,0,1.0,1,1.0,1,1.0,1,0.2569386723800864,50
3120,1,5203,2502,2701,0,0,0,1.0,1,1.0,1,1.0,1,0.24531612047734044,50
3121,5,5208,2504,2704,0,0,0,1.0,1,1.0,1,1.0,1,0.18220051402347212,50
3122,2,5210,2504,2706,0,0,0,1.0,1,1.0,1,1.0,1,0.17064499189570723,50
3123,0,5210,2504,2706,0,0,0,1.0,1,1.0,1,1.0,1,0.15561644385716017,51
3124,2,5212,2505,2707,0,0,0,1.0,1,1.0,1,1.0,1,0.1820468877780177,51
3125,1,5213,2506,2707,0,0,0,1.0,1,1.0,1,1.0,1,0.20469490194510095,51
3126,5,5218,2507,2711,0,0,0,1.0,1,1.0,1,1.0,1,0.17636702029661613,54
3127,2,5220,2508,2712,0,0,0,1.0,1,1.0,1,1.0,1,0.20150260972366466,53
3128,1,5221,2509,2712,0,0,0,1.0,1,1.0,1,1.0,1,0.20083883992346926,52
3129,1,5222,2510,2712,0,0,0,1.0,1,1.0,1,1.0,1,0.1972244702800534,51
3130,0,5222,2510,2712,0,0,0,1.0,1,1.0,1,1.0,1,0.20297274336091542,50
3131,3,5225,2512,2713,0,0,0,1.0,1,1.0,1,1.0,1,0.2078308815211447,50
3132,0,5225,2512,2713,0,0,0,1.0,1,1.0,1,1.0,1,0.22786895686337183,49
3133,0,5225,2512,2713,0,0,0,1.0,1,1.0,1,1.0,1,0.22786895686337183,49
3134,1,5226,2513,2713,0,0,0,1.0,1,1.0,1,1.0,1,0.268322023434378,46
3135,2,5228,2513,2715,0,0,0,1.0,1,1.0,1,1.0,1,0.23811022878563307,47
3136,2,5230,2514,2716,0,0,0,1.0,1,1.0,1,1.0,1,0.2236121797510262,46
3137,2,5232,2515,2717,0,0,0,1.0,1,1.0,1,1.0,1,0.2250557649434625,49
3138,1,5233,2516,2717,0,0,0,1.0,1,1.0,1,1.0,1,0.24105214894041865,49
3139,2,5235,2518,2717,0,0,0,1.0,1,1.0,1,1.0,1,0.3028006025639381,50
3140,5,5240,2520,2720,0,0,0,1.0,1,1.0,1,1.0,1,0.2766000360824689,51
3141,0,5240,2520,2720,0,0,0,1.0,1,1.0,1,1.0,1,0.2898875342312902,50
3142,1,5241,2520,2721,0,0,0,1.0,1,1.0,1,1.0,1,0.2800490080350743,50
3143,1,5242,2520,2722,0,0,0,1.0,1,1.0,1,1.0,1,0.2796848790644691,49
3144,1,5243,2521,2722,0,0,0,1.0,1,1.0,1,1.0,1,0.2953822038453356,49
3145,0,5243,2521,2722,0,0,0,1.0,1,1.0,1,1.0,1,0.31063519818948515,48
3146,2,5245,2522,2723,0,0,0,1.0,1,1.0,1,1.0,1,0.30640526305687,49
3147,2,5247,2522,2725,0,0,0,1.0,1,1.0,1,1.0,1,0.2856072418132277,48
3148,5,5252,2526,2726,0,0,0,1.0,1,1.0,1,1.0,1,0.2585011515515037,48
3149,4,5256,2529,2727,0,0,0,1.0,1,1.0,1,1.0,1,0.25413998336662436,47
3150,2,5258,2530,2728,0,0,0,1.0,1,1.0,1,1.0,1,0.23019015102338938,47
3151,4,5262,2531,2731,0,0,0,1.0,1,1.0,1,1.0,1,0.226965641250122,48
3152,1,5263,2531,2732,0,0,0,1.0,1,1.0,1,1.0,1,0.19599988985172218,47
3153,0,5263,2531,2732,0,0,0,1.0,1,1.0,1,1.0,1,0.19599988985172218,47
3154,1,5264,2532,2732,0,0,0,1.0,1,1.0,1,1.0,1,0.22466139087596443,48
3155,2,5266,2533,2733,0,0,0,1.0,1,1.0,1,1.0,1,0.21347257564986977,48
3156,1,5267,2534,2733,0,0,0,1.0,1,1.0,1,1.0,1,0.23354535581924446,48
3157,1,5268,2534,2734,0,0,0,1.0,1,1.0,1,1.0,1,0.24408685017353746,48
3158,0,5268,2534,2734,0,0,0,1.0,1,1.0,1,1.0,1,0.24408685017353746,48
3159,0,5268,2534,2734,0,0,0,1.0,1,1.0,1,1.0,1,0.2466920752604855,49
3160,2,5270,2534,2736,0,0,0,1.0,1,1.0,1,1.0,1,0.23372579874749932,51
3161,1,5271,2534,2737,0,0,0,1.0,1,1.0,1,1.0,1,0.21104679275125268,52
3162,2,5273,2535,2738,0,0,0,1.0,1,1.0,1,1.0,1,0.1927905124203498,51
3163,1,5274,2535,2739,0,0,0,1.0,1,1.0,1,1.0,1,0.18245345653008932,51
3164,2,5276,2536,2740,0,0,0,1.0,1,1.0,1,1.0,1,0.20779532164927306,52
3165,2,5278,2537,2741,0,0,0,1.0,1,1.0,1,1.0,1,0.16515272026125188,50
3166,0,5278,2537,2741,0,0,0,1.0,1,1.0,1,1.0,1,0.16515272026125188,50
3167,2,5280,2539,2741,0,0,0,1.0,1,1.0,1,1.0,1,0.13665647921060542,49
3168,2,5282,2541,2741,0,0,0,1.0,1,1.0,1,1.0,1,0.1780459562587819,47
3169,2,5284,2542,2742,0,0,0,1.0,1,1.0,1,1.0,1,0.18048045745360816,48
3170,1,5285,2542,2743,0,0,0,1.0,1,1.0,1,1.0,1,0.18906515825966017,47
3171,1,5286,2543,2743,0,0,0,1.0,1,1.0,1,1.0,1,0.2221164955535689,47
3172,0,5286,2543,2743,0,0,0,1.0,1,1.0,1,1.0,1,0.24274391115437186,46
3173,0,5286,2543,2743,0,0,0,1.0,1,1.0,1,1.0,1,0.22039837587694375,45
3174,2,5288,2544,2744,0,0,0,1.0,1,1.0,1,1.0,1,0.28845268214947234,43
3175,3,5291,2546,2745,0,0,0,1.0,1,1.0,1,1.0,1,0.28725695568807696,43
3176,1,5292,2546,2746,0,0,0,1.0,1,1.0,1,1.0,1,0.26250109322206583,44
3177,3,5295,2548,2747,0,0,0,1.0,1,1.0,1,1.0,1,0.275968456489032,44
3178,2,5297,2550,2747,0,0,0,1.0,1,1.0,1,1.0,1,0.28412813763024747,47
3179,4,5301,2552,2749,0,0,0,1.0,1,1.0,1,1.0,1,0.25736295819058663,48
3180,0,5301,2552,2749,0,0,0,1.0,1,1.0,1,1.0,1,0.25736295819058663,48
3181,3,5304,2552,2752,0,0,0,1.0,1,1.0,1,1.0,1,0.19593955824413686,48
3182,0,5304,2552,2752,0,0,0,1.0,1,1.0,1,1.0,1,0.20999490432206058,51
3183,0,5304,2552,2752,0,0,0,1.0,1,1.0,1,1.0,1,0.20689746059860709,50
3184,4,5308,2554,2754,0,0,0,1.0,1,1.0,1,1.0,1,0.21994870094421878,50
3185,2,5310,2554,2756,0,0,0,1.0,1,1.0,1,1.0,1,0.2007574755110403,48
3186,1,5311,2555,2756,0,0,0,1.0,1,1.0,1,1.0,1,0.20895538354858792,48
3187,1,5312,2555,2757,0,0,0,1.0,1,1.0,1,1.0,1,0.20961765009217442,48
3188,1,5313,2556,2757,0,0,0,1.0,1,1.0,1,1.0,1,0.22437511217733236,48
3189,1,5314,2556,2758,0,0,0,1.0,1,1.0,1,1.0,1,0.22555790355097327,49
3190,4,5318,2556,2762,0,0,0,1.0,1,1.0,1,1.0,1,0.20347878797104507,51
3191,2,5320,2556,2764,0,0,0,1.0,1,1.0,1,1.0,1,0.1655391392135682,52
3192,2,5322,2557,2765,0,0,0,1.0,1,1.0,1,1.0,1,0.16819089891350633,52
3193,0,5322,2557,2765,0,0,0,1.0,1,1.0,1,1.0,1,0.16819089891350633,52
3194,1,5323,2558,2765,0,0,0,1.0,1,1.0,1,1.0,1,0.19607601493332855,54
3195,0,5323,2558,2765,0,0,0,1.0,1,1.0,1,1.0,1,0.19607601493332855,54
3196,1,5324,2558,2766,0,0,0,1.0,1,1.0,1,1.0,1,0.18120976053214857,54
3197,3,5327,2558,2769,0,0,0,1.0,1,1.0,1,1.0,1,0.18679683210155126,54
3198,5,5332,2559,2773,0,0,0,1.0,1,1.0,1,1.0,1,0.19171838773564642,54
3199,4,5336,2559,2777,0,0,0,1.0,1,1.0,1,1.0,1,0.1915157112168432,56
3200,6,5342,2562,2780,0,0,0,1.0,1,1.0,1,1.0,1,0.2568436656054671,56
3201,3,5345,2562,2783,0,0,0,1.0,1,1.0,1,1.0,1,0.2212190496034749,56
3202,1,5346,2562,2784,0,0,0,1.0,1,1.0,1,1.0,1,0.21118723458728117,57
3203,1,5347,2562,2785,0,0,0,1.0,1,1.0,1,1.0,1,0.1774920526039301,56
3204,2,5349,2563,2786,0,0,0,1.0,1,1.0,1,1.0,1,0.1666743555959097,55
3205,0,5349,2563,2786,0,0,0,1.0,1,1.0,1,1.0,1,0.17268607792837956,54
3206,4,5353,2566,2787,0,0,0,1.0,1,1.0,1,1.0,1,0.1985297614935654,56
3207,1,5354,2567,2787,0,0,0,1.0,1,1.0,1,1.0,1,0.2180066281478153,54
3208,2,5356,2569,2787,0,0,0,1.0,1,1.0,1,1.0,1,0.24602289361834467,53
3209,0,5356,2569,2787,0,0,0,1.0,1,1.0,1,1.0,1,0.2415683924607454,54
3210,2,5358,2570,2788,0,0,0,1.0,1,1.0,1,1.0,1,0.2623285654329353,53
3211,1,5359,2571,2788,0,0,0,1.0,1,1.0,1,1.0,1,0.2748878294363784,53
3212,0,5359,2571,2788,0,0,0,1.0,1,1.0,1,1.0,1,0.2856618387602772,54
3213,0,5359,2571,2788,0,0,0,1.0,1,1.0,1,1.0,1,0.2769300602166269,54
3214,1,5360,2571,2789,0,0,0,1.0,1,1.0,1,1.0,1,0.29492504208715187,55
3215,0,5360,2571,2789,0,0,0,1.0,1,1.0,1,1.0,1,0.29492504208715187,55
3216,1,5361,2572,2789,0,0,0,1.0,1,1.0,1,1.0,1,0.29345120537145397,55
3217,3,5364,2575,2789,0,0,0,1.0,1,1.0,1,1.0,1,0.33725711090016475,54
3218,0,5364,2575,2789,0,0,0,1.0,1,1.0,1,1.0,1,0.33725711090016475,54
3219,1,5365,2575,2790,0,0,0,1.0,1,1.0,1,1.0,1,0.3280637713311128,55
3220,0,5365,2575,2790,0,0,0,1.0,1,1.0,1,1.0,1,0.3019858080287985,56
3221,1,5366,2575,2791,0,0,0,1.0,1,1.0,1,1.0,1,0.28208190147093637,57
3222,1,5367,2576,2791,0,0,0,1.0,1,1.0,1,1.0,1,0.2884876138542377,57
3223,3,5370,2578,2792,0,0,0,1.0,1,1.0,1,1.0,1,0.2879916691594361,56
3224,4,5374,2581,2793,0,0,0,1.0,1,1.0,1,1.0,1,0.30041217464123604,58
3225,2,5376,2582,2794,0,0,0,1.0,1,1.0,1,1.0,1,0.2811736994020506,55
3226,3,5379,2585,2794,0,0,0,1.0,1,1.0,1,1.0,1,0.3372263372710208,54
3227,3,5382,2585,2797,0,0,0,1.0,1,1.0,1,1.0,1,0.2868046000401689,53
3228,3,5385,2587,2798,0,0,0,1.0,1,1.0,1,1.0,1,0.3088264931472319,52
3229,4,5389,2589,2800,0,0,0,1.0,1,1.0,1,1.0,1,0.29878543934434154,52
3230,1,5390,2590,2800,0,0,0,1.0,1,1.0,1,1.0,1,0.26785220946854355,50
3231,4,5394,2591,2803,0,0,0,1.0,1,1.0,1,1.0,1,0.23306941950118,50
3232,3,5397,2593,2804,0,0,0,1.0,1,1.0,1,1.0,1,0.23131400354442558,50
3233,2,5399,2594,2805,0,0,0,1.0,1,1.0,1,1.0,1,0.24400701692426358,50
3234,2,5401,2596,2805,0,0,0,1.0,1,1.0,1,1.0,1,0.2486813137860005,49
3235,1,5402,2597,2805,0,0,0,1.0,1,1.0,1,1.0,1,0.2514746755583593,49
3236,0,5402,2597,2805,0,0,0,1.0,1,1.0,1,1.0,1,0.25553699493602205,51
3237,1,5403,2598,2805,0,0,0,1.0,1,1.0,1,1.0,1,0.27832798774710954,53
3238,1,5404,2598,2806,0,0,0,1.0,1,1.0,1,1.0,1,0.27090722356603597,53
3239,0,5404,2598,2806,0,0,0,1.0,1,1.0,1,1.0,1,0.27090722356603597,53
3240,0,5404,2598,2806,0,0,0,1.0,1,1.0,1,1.0,1,0.27283199162184185,53
3241,3,5407,2598,2809,0,0,0,1.0,1,1.0,1,1.0,1,0.24958444456556275,53
3242,0,5407,2598,2809,0,0,0,1.0,1,1.0,1,1.0,1,0.24958444456556275,53
3243,1,5408,2598,2810,0,0,0,1.0,1,1.0,1,1.0,1,0.24690590515730626,56
3244,1,5409,2598,2811,0,0,0,1.0,1,1.0,1,1.0,1,0.2509780375881059,57
3245,0,5409,2598,2811,0,0,0,1.0,1,1.0,1,1.0,1,0.254202198761707,59
3246,1,5410,2598,2812,0,0,0,1.0,1,1.0,1,1.0,1,0.2432940821668691,59
3247,2,5412,2599,2813,0,0,0,1.0,1,1.0,1,1.0,1,0.2633260825965225,59
3248,2,5414,2600,2814,0,0,0,1.0,1,1.0,1,1.0,1,0.24443708199333922,59
3249,1,5415,2600,2815,0,0,0,1.0,1,1.0,1,1.0,1,0.2767286695785327,58
3250,1,5416,2601,2815,0,0,0,1.0,1,1.0,1,1.0,1,0.2736983002928688,58
3251,3,5419,2602,2817,0,0,0,1.0,1,1.0,1,1.0,1,0.2760305925576246,57
3252,2,5421,2603,2818,0,0,0,1.0,1,1.0,1,1.0,1,0.2703564602197089,57
3253,0,5421,2603,2818,0,0,0,1.0,1,1.0,1,1.0,1,0.2852069554509965,56
3254,2,5423,2604,2819,0,0,0,1.0,1,1.0,1,1.0,1,0.28414774409125887,57
3255,2,5425,2604,2821,0,0,0,1.0,1,1.0,1,1.0,1,0.24737588289373877,57
3256,2,5427,2605,2822,0,0,0,1.0,1,1.0,1,1.0,1,0.2479881036900679,57
3257,2,5429,2605,2824,0,0,0,1.0,1,1.0,1,1.0,1,0.20963379601591722,57
3258,1,5430,2605,2825,0,0,0,1.0,1,1.0,1,1.0,1,0.21423103546291763,58
3259,3,5433,2606,2827,0,0,0,1.0,1,1.0,1,1.0,1,0.1985585659396342,59
3260,2,5435,2607,2828,0,0,0,1.0,1,1.0,1,1.0,1,0.22435883519513738,60
3261,5,5440,2607,2833,0,0,0,1.0,1,1.0,1,1.0,1,0.16370882524888128,60
3262,3,5443,2609,2834,0,0,0,1.0,1,1.0,1,1.0,1,0.14234406085299192,61
3263,3,5446,2612,2834,0,0,0,1.0,1,1.0,1,1.0,1,0.16361710439874222,62
3264,3,5449,2615,2834,0,0,0,1.0,1,1.0,1,1.0,1,0.17849715564692167,60
3265,2,5451,2617,2834,0,0,0,1.0,1,1.0,1,1.0,1,0.16039511434465917,58
3266,5,5456,2620,2836,0,0,0,1.0,1,1.0,1,1.0,1,0.2001505700958101,59
3267,3,5459,2621,2838,0,0,0,1.0,1,1.0,1,1.0,1,0.18898331774291927,60
3268,7,5466,2626,2840,0,0,0,1.0,1,1.0,1,1.0,1,0.17922978772239212,58
3269,1,5467,2626,2841,0,0,0,1.0,1,1.0,1,1.0,1,0.16797408233638125,57
3270,2,5469,2628,2841,0,0,0,1.0,1,1.0,1,1.0,1,0.18714687387250623,56
3271,2,5471,2629,2842,0,0,0,1.0,1,1.0,1,1.0,1,0.17415458222377722,55
3272,1,5472,2629,2843,0,0,0,1.0,1,1.0,1,1.0,1,0.15114395093061672,55
3273,4,5476,2631,2845,0,0,0,1.0,1,1.0,1,1.0,1,0.19675763175489455,55
3274,1,5477,2632,2845,0,0,0,1.0,1,1.0,1,1.0,1,0.1610865916558114,55
3275,0,5477,2632,2845,0,0,0,1.0,1,1.0,1,1.0,1,0.1610865916558114,55
3276,0,5477,2632,2845,0,0,0,1.0,1,1.0,1,1.0,1,0.15658026657920826,55
3277,1,5478,2633,2845,0,0,0,1.0,1,1.0,1,1.0,1,0.1740649559647449,57
3278,2,5480,2634,2846,0,0,0,1.0,1,1.0,1,1.0,1,0.18874540723474847,56
3279,2,5482,2635,2847,0,0,0,1.0,1,1.0,1,1.0,1,0.13583253612195428,54
3280,1,5483,2636,2847,0,0,0,1.0,1,1.0,1,1.0,1,0.19834763627613924,53
3281,1,5484,2636,2848,0,0,0,1.0,1,1.0,1,1.0,1,0.20274537321072258,52
3282,0,5484,2636,2848,0,0,0,1.0,1,1.0,1,1.0,1,0.22674030938505185,50
3283,3,5487,2637,2850,0,0,0,1.0,1,1.0,1,1.0,1,0.23013171622050196,50
3284,4,5491,2640,2851,0,0,0,1.0,1,1.0,1,1.0,1,0.27405723357509854,47
3285,1,5492,2640,2852,0,0,0,1.0,1,1.0,1,1.0,1,0.24758843015474905,48
3286,2,5494,2641,2853,0,0,0,1.0,1,1.0,1,1.0,1,0.21104581673115305,46
3287,3,5497,2644,2853,0,0,0,1.0,1,1.0,1,1.0,1,0.16817316480583333,46
3288,5,5502,2648,2854,0,0,0,1.0,1,1.0,1,1.0,1,0.18893772379643564,46
3289,2,5504,2650,2854,0,0,0,1.0,1,1.0,1,1.0,1,0.2392970389723414,48
3290,2,5506,2652,2854,0,0,0,1.0,1,1.0,1,1.0,1,0.25041009817208637,48
3291,7,5513,2655,2858,0,0,0,1.0,1,1.0,1,1.0,1,0.20623792799817467,50
3292,2,5515,2656,2859,0,0,0,1.0,1,1.0,1,1.0,1,0.20216718284577312,50
3293,2,5517,2656,2861,0,0,0,1.0,1,1.0,1,1.0,1,0.14765067969627843,51
3294,2,5519,2657,2862,0,0,0,1.0,1,1.0,1,1.0,1,0.13639699261274502,50
3295,2,5521,2658,2863,0,0,0,1.0,1,1.0,1,1.0,1,0.15133087700157724,50
3296,0,5521,2658,2863,0,0,0,1.0,1,1.0,1,1.0,1,0.15133087700157724,50
3297,2,5523,2659,2864,0,0,0,1.0,1,1.0,1,1.0,1,0.09715433503410434,51
3298,0,5523,2659,2864,0,0,0,1.0,1,1.0,1,1.0,1,0.08376565158216837,52
3299,4,5527,2661,2866,0,0,0,1.0,1,1.0,1,1.0,1,0.09494400072990256,53
3300,0,5527,2661,2866,0,0,0,1.0,1,1.0,1,1.0,1,0.09494400072990256,53
3301,3,5530,2663,2867,0,0,0,1.0,1,1.0,1,1.0,1,0.10259521685818689,53
3302,2,5532,2665,2867,0,0,0,1.0,1,1.0,1,1.0,1,0.12920812159642128,53
3303,1,5533,2665,2868,0,0,0,1.0,1,1.0,1,1.0,1,0.11444962772447241,52
3304,1,5534,2666,2868,0,0,0,1.0,1,1.0,1,1.0,1,0.1517484909932019,52
3305,5,5539,2668,2871,0,0,0,1.0,1,1.0,1,1.0,1,0.1914694770395202,51
3306,5,5544,2670,2874,0,0,0,1.0,1,1.0,1,1.0,1,0.20028964237746083,51
3307,2,5546,2670,2876,0,0,0,1.0,1,1.0,1,1.0,1,0.2131098079279349,48
3308,3,5549,2671,2878,0,0,0,1.0,1,1.0,1,1.0,1,0.22549182088870914,48
3309,2,5551,2671,2880,0,0,0,1.0,1,1.0,1,1.0,1,0.2301984247372788,48
3310,3,5554,2671,2883,0,0,0,1.0,1,1.0,1,1.0,1,0.24465744360889163,47
3311,1,5555,2671,2884,0,0,0,1.0,1,1.0,1,1.0,1,0.2262199446958603,49
3312,2,5557,2672,2885,0,0,0,1.0,1,1.0,1,1.0,1,0.2313350009159659,48
3313,4,5561,2675,2886,0,0,0,1.0,1,1.0,1,1.0,1,0.2642435564082514,49
3314,2,5563,2676,2887,0,0,0,1.0,1,1.0,1,1.0,1,0.2608557659609633,47
3315,4,5567,2678,2889,0,0,0,1.0,1,1.0,1,1.0,1,0.23740828878927492,47
3316,0,5567,2678,2889,0,0,0,1.0,1,1.0,1,1.0,1,0.23740828878927492,47
3317,0,5567,2678,2889,0,0,0,1.0,1,1.0,1,1.0,1,0.24884215717093525,46
3318,1,5568,2679,2889,0,0,0,1.0,1,1.0,1,1.0,1,0.269437799969234,45
3319,1,5569,2680,2889,0,0,0,1.0,1,1.0,1,1.0,1,0.26531865568474516,44
3320,0,5569,2680,2889,0,0,0,1.0,1,1.0,1,1.0,1,0.26640928679913595,43
3321,4,5573,2682,2891,0,0,0,1.0,1,1.0,1,1.0,1,0.2639189843907829,43
3322,0,5573,2682,2891,0,0,0,1.0,1,1.0,1,1.0,1,0.2819930882533455,40
3323,2,5575,2684,2891,0,0,0,1.0,1,1.0,1,1.0,1,0.3137321459895988,40
3324,3,5578,2686,2892,0,0,0,1.0,1,1.0,1,1.0,1,0.3094688413563853,40
3325,6,5584,2689,2895,0,0,0,1.0,1,1.0,1,1.0,1,0.25610547210368345,40
3326,1,5585,2689,2896,0,0,0,1.0,1,1.0,1,1.0,1,0.18197118679428384,41
3327,1,5586,2690,2896,0,0,0,1.0,1,1.0,1,1.0,1,0.20056501199016105,39
3328,3,5589,2693,2896,0,0,0,1.0,1,1.0,1,1.0,1,0.2505134121852256,41
3329,3,5592,2695,2897,0,0,0,1.0,1,1.0,1,1.0,1,0.17392745196165987,39
3330,1,5593,2696,2897,0,0,0,1.0,1,1.0,1,1.0,1,0.22698074766105697,40
3331,2,5595,2696,2899,0,0,0,1.0,1,1.0,1,1.0,1,0.17335666570871416,38
3332,0,5595,2696,2899,0,0,0,1.0,1,1.0,1,1.0,1,0.21641324996521752,38
3333,0,5595,2696,2899,0,0,0,1.0,1,1.0,1,1.0,1,0.21641324996521752,38
3334,3,5598,2696,2902,0,0,0,1.0,1,1.0,1,1.0,1,0.1931034338511644,40
3335,0,5598,2696,2902,0,0,0,1.0,1,1.0,1,1.0,1,0.1931034338511644,40
3336,0,5598,2696,2902,0,0,0,1.0,1,1.0,1,1.0,1,0.22875569173433544,39
3337,0,5598,2696,2902,0,0,0,1.0,1,1.0,1,1.0,1,0.22874595145847365,40
3338,3,5601,2699,2902,0,0,0,1.0,1,1.0,1,1.0,1,0.25606741417599016,41
3339,2,5603,2700,2903,0,0,0,1.0,1,1.0,1,1.0,1,0.26419674046645314,42
3340,2,5605,2702,2903,0,0,0,1.0,1,1.0,1,1.0,1,0.28796512172475386,43
3341,2,5607,2702,2905,0,0,0,1.0,1,1.0,1,1.0,1,0.22876772264902479,43
3342,1,5608,2703,2905,0,0,0,1.0,1,1.0,1,1.0,1,0.28361318808869534,44
3343,3,5611,2705,2906,0,0,0,1.0,1,1.0,1,1.0,1,0.2634214015778722,44
3344,4,5615,2707,2908,0,0,0,1.0,1,1.0,1,1.0,1,0.2953697680467324,44
3345,0,5615,2707,2908,0,0,0,1.0,1,1.0,1,1.0,1,0.30558125473255543,43
3346,0,5615,2707,2908,0,0,0,1.0,1,1.0,1,1.0,1,0.3267160682864314,42
3347,0,5615,2707,2908,0,0,0,1.0,1,1.0,1,1.0,1,0.31117709798091103,44
3348,0,5615,2707,2908,0,0,0,1.0,1,1.0,1,1.0,1,0.32206013281056306,45
3349,1,5616,2708,2908,0,0,0,1.0,1,1.0,1,1.0,1,0.31279148824298275,45
3350,0,5616,2708,2908,0,0,0,1.0,1,1.0,1,1.0,1,0.2989256095234077,46
3351,0,5616,2708,2908,0,0,0,1.0,1,1.0,1,1.0,1,0.2853650244434516,47
3352,1,5617,2708,2909,0,0,0,1.0,1,1.0,1,1.0,1,0.25660637468980063,47
3353,2,5619,2708,2911,0,0,0,1.0,1,1.0,1,1.0,1,0.24401527861148262,48
3354,3,5622,2709,2913,0,0,0,1.0,1,1.0,1,1.0,1,0.22630429181197123,48
3355,1,5623,2709,2914,0,0,0,1.0,1,1.0,1,1.0,1,0.22350840454096657,48
3356,2,5625,2710,2915,0,0,0,1.0,1,1.0,1,1.0,1,0.2285088293013896,48
3357,1,5626,2711,2915,0,0,0,1.0,1,1.0,1,1.0,1,0.21783675724901805,47
3358,1,5627,2712,2915,0,0,0,1.0,1,1.0,1,1.0,1,0.2882841712153179,46
3359,2,5629,2714,2915,0,0,0,1.0,1,1.0,1,1.0,1,0.31947539558460614,45
3360,4,5633,2717,2916,0,0,0,1.0,1,1.0,1,1.0,1,0.3670658313791713,44
3361,3,5636,2718,2918,0,0,0,1.0,1,1.0,1,1.0,1,0.34269490175673195,43
3362,4,5640,2719,2921,0,0,0,1.0,1,1.0,1,1.0,1,0.2799025763253398,42
3363,1,5641,2720,2921,0,0,0,1.0,1,1.0,1,1.0,1,0.30710021573561225,41
3364,1,5642,2720,2922,0,0,0,1.0,1,1.0,1,1.0,1,0.2728786678985836,41
3365,0,5642,2720,2922,0,0,0,1.0,1,1.0,1,1.0,1,0.27381464568300506,41
3366,1,5643,2720,2923,0,0,0,1.0,1,1.0,1,1.0,1,0.26052800294227685,40
3367,0,5643,2720,2923,0,0,0,1.0,1,1.0,1,1.0,1,0.24888097246592739,39
3368,3,5646,2722,2924,0,0,0,1.0,1,1.0,1,1.0,1,0.1773003676617269,39
3369,0,5646,2722,2924,0,0,0,1.0,1,1.0,1,1.0,1,0.1631606185115916,40
3370,3,5649,2725,2924,0,0,0,1.0,1,1.0,1,1.0,1,0.20699530972326347,41
3371,2,5651,2726,2925,0,0,0,1.0,1,1.0,1,1.0,1,0.18243285560756942,41
3372,4,5655,2728,2927,0,0,0,1.0,1,1.0,1,1.0,1,0.1861114075085671,40
3373,1,5656,2728,2928,0,0,0,1.0,1,1.0,1,1.0,1,0.18523089870436868,41
3374,1,5657,2729,2928,0,0,0,1.0,1,1.0,1,1.0,1,0.1823746689605877,42
3375,0,5657,2729,2928,0,0,0,1.0,1,1.0,1,1.0,1,0.20226375627623086,44
3376,2,5659,2729,2930,0,0,0,1.0,1,1.0,1,1.0,1,0.17281245644330617,46
3377,0,5659,2729,2930,0,0,0,1.0,1,1.0,1,1.0,1,0.18314994388916042,47
3378,1,5660,2730,2930,0,0,0,1.0,1,1.0,1,1.0,1,0.2075351953686732,48
3379,0,5660,2730,2930,0,0,0,1.0,1,1.0,1,1.0,1,0.2075351953686732,48
3380,1,5661,2730,2931,0,0,0,1.0,1,1.0,1,1.0,1,0.19244780503099018,48
3381,2,5663,2730,2933,0,0,0,1.0,1,1.0,1,1.0,1,0.14036338771248175,48
3382,2,5665,2732,2933,0,0,0,1.0,1,1.0,1,1.0,1,0.20109043006899718,49
3383,0,5665,2732,2933,0,0,0,1.0,1,1.0,1,1.0,1,0.18175192720607214,47
3384,1,5666,2733,2933,0,0,0,1.0,1,1.0,1,1.0,1,0.22474479926995852,48
3385,0,5666,2733,2933,0,0,0,1.0,1,1.0,1,1.0,1,0.1952784005790073,47
3386,2,5668,2734,2934,0,0,0,1.0,1,1.0,1,1.0,1,0.23710574034630774,49
3387,2,5670,2734,2936,0,0,0,1.0,1,1.0,1,1.0,1,0.21243567665652036,48
3388,1,5671,2735,2936,0,0,0,1.0,1,1.0,1,1.0,1,0.23669806099638735,48
3389,0,5671,2735,2936,0,0,0,1.0,1,1.0,1,1.0,1,0.2500087674798232,50
3390,0,5671,2735,2936,0,0,0,1.0,1,1.0,1,1.0,1,0.23972563690463228,51
3391,2,5673,2735,2938,0,0,0,1.0,1,1.0,1,1.0,1,0.20211128712361442,51
3392,0,5673,2735,2938,0,0,0,1.0,1,1.0,1,1.0,1,0.22096935894642195,52
3393,2,5675,2736,2939,0,0,0,1.0,1,1.0,1,1.0,1,0.24584985383398192,52
3394,1,5676,2736,2940,0,0,0,1.0,1,1.0,1,1.0,1,0.22510026425320698,52
3395,0,5676,2736,2940,0,0,0,1.0,1,1.0,1,1.0,1,0.2308667605089543,50
3396,1,5677,2737,2940,0,0,0,1.0,1,1.0,1,1.0,1,0.2174865460491772,49
3397,1,5678,2738,2940,0,0,0,1.0,1,1.0,1,1.0,1,0.2690904389322956,49
3398,1,5679,2738,2941,0,0,0,1.0,1,1.0,1,1.0,1,0.23526923703570699,48
3399,1,5680,2739,2941,0,0,0,1.0,1,1.0,1,1.0,1,0.2690555530933781,49
3400,1,5681,2740,2941,0,0,0,1.0,1,1.0,1,1.0,1,0.272009940034964,50
3401,6,5687,2740,2947,0,0,0,1.0,1,1.0,1,1.0,1,0.1856156584777097,51
3402,1,5688,2741,2947,0,0,0,1.0,1,1.0,1,1.0,1,0.21512318394826327,51
3403,2,5690,2743,2947,0,0,0,1.0,1,1.0,1,1.0,1,0.23034909858395924,51
3404,1,5691,2744,2947,0,0,0,1.0,1,1.0,1,1.0,1,0.23472846107151962,51
3405,1,5692,2745,2947,0,0,0,1.0,1,1.0,1,1.0,1,0.2604536324426226,51
3406,1,5693,2745,2948,0,0,0,1.0,1,1.0,1,1.0,1,0.24425133657025294,51
3407,0,5693,2745,2948,0,0,0,1.0,1,1.0,1,1.0,1,0.2527310794231641,52
3408,1,5694,2745,2949,0,0,0,1.0,1,1.0,1,1.0,1,0.25541317105886824,53
3409,1,5695,2745,2950,0,0,0,1.0,1,1.0,1,1.0,1,0.2263016779142071,54
3410,3,5698,2748,2950,0,0,0,1.0,1,1.0,1,1.0,1,0.21009552381046792,54
3411,2,5700,2749,2951,0,0,0,1.0,1,1.0,1,1.0,1,0.17681418522416675,54
3412,1,5701,2749,2952,0,0,0,1.0,1,1.0,1,1.0,1,0.1880246451001316,55
3413,0,5701,2749,2952,0,0,0,1.0,1,1.0,1,1.0,1,0.1880246451001316,55
3414,2,5703,2749,2954,0,0,0,1.0,1,1.0,1,1.0,1,0.17071017407404987,55
3415,1,5704,2750,2954,0,0,0,1.0,1,1.0,1,1.0,1,0.18083818609407762,56
3416,1,5705,2750,2955,0,0,0,1.0,1,1.0,1,1.0,1,0.1824081314182686,55
3417,1,5706,2750,2956,0,0,0,1.0,1,1.0,1,1.0,1,0.19488914733446244,56
3418,2,5708,2752,2956,0,0,0,1.0,1,1.0,1,1.0,1,0.23507476547683487,55
3419,2,5710,2752,2958,0,0,0,1.0,1,1.0,1,1.0,1,0.24492267331524148,56
3420,0,5710,2752,2958,0,0,0,1.0,1,1.0,1,1.0,1,0.26279860331354327,55
3421,10,5720,2753,2967,0,0,0,1.0,1,1.0,1,1.0,1,0.1739632381619146,57
3422,0,5720,2753,2967,0,0,0,1.0,1,1.0,1,1.0,1,0.18269516924455897,56
3423,2,5722,2755,2967,0,0,0,1.0,1,1.0,1,1.0,1,0.18191882495654016,56
3424,1,5723,2756,2967,0,0,0,1.0,1,1.0,1,1.0,1,0.20996418100278075,56
3425,1,5724,2757,2967,0,0,0,1.0,1,1.0,1,1.0,1,0.20379157592178315,56
3426,2,5726,2758,2968,0,0,0,1.0,1,1.0,1,1.0,1,0.22368527233985147,55
3427,1,5727,2759,2968,0,0,0,1.0,1,1.0,1,1.0,1,0.26124473478334276,55
3428,3,5730,2761,2969,0,0,0,1.0,1,1.0,1,1.0,1,0.2567919177874661,55
3429,0,5730,2761,2969,0,0,0,1.0,1,1.0,1,1.0,1,0.27245965075148587,54
3430,0,5730,2761,2969,0,0,0,1.0,1,1.0,1,1.0,1,0.2732391304935328,56
3431,7,5737,2761,2976,0,0,0,1.0,1,1.0,1,1.0,1,0.18166821192727564,54
3432,5,5742,2764,2978,0,0,0,1.0,1,1.0,1,1.0,1,0.19914370810953322,56
3433,7,5749,2767,2982,0,0,0,1.0,1,1.0,1,1.0,1,0.16841738510837534,53
3434,1,5750,2767,2983,0,0,0,1.0,1,1.0,1,1.0,1,0.19996140986077002,51
3435,2,5752,2768,2984,0,0,0,1.0,1,1.0,1,1.0,1,0.21985056381333967,51
3436,4,5756,2769,2987,0,0,0,1.0,1,1.0,1,1.0,1,0.17786069389533815,51
3437,3,5759,2770,2989,0,0,0,1.0,1,1.0,1,1.0,1,0.22689009151814488,53
3438,4,5763,2770,2993,0,0,0,1.0,1,1.0,1,1.0,1,0.22925084801616127,52
3439,4,5767,2770,2997,0,0,0,1.0,1,1.0,1,1.0,1,0.2319299247953078,54
3440,1,5768,2770,2998,0,0,0,1.0,1,1.0,1,1.0,1,0.19247006647289866,52
3441,2,5770,2770,3000,0,0,0,1.0,1,1.0,1,1.0,1,0.17998029094692455,53
3442,2,5772,2772,3000,0,0,0,1.0,1,1.0,1,1.0,1,0.170085410657652,53
3443,1,5773,2772,3001,0,0,0,1.0,1,1.0,1,1.0,1,0.18359283667485446,53
3444,1,5774,2773,3001,0,0,0,1.0,1,1.0,1,1.0,1,0.20795087759942096,52
3445,0,5774,2773,3001,0,0,0,1.0,1,1.0,1,1.0,1,0.20815252461479938,53
3446,7,5781,2775,3006,0,0,0,1.0,1,1.0,1,1.0,1,0.2082823354961905,53
3447,1,5782,2776,3006,0,0,0,1.0,1,1.0,1,1.0,1,0.20527724341387307,53
3448,3,5785,2778,3007,0,0,0,1.0,1,1.0,1,1.0,1,0.23644977208930948,52
3449,3,5788,2781,3007,0,0,0,1.0,1,1.0,1,1.0,1,0.21678857123333356,52
3450,5,5793,2783,3010,0,0,0,1.0,1,1.0,1,1.0,1,0.24433520500611813,52
3451,6,5799,2786,3013,0,0,0,1.0,1,1.0,1,1.0,1,0.1809686177666624,54
3452,2,5801,2787,3014,0,0,0,1.0,1,1.0,1,1.0,1,0.18616257494351446,54
3453,0,5801,2787,3014,0,0,0,1.0,1,1.0,1,1.0,1,0.18616257494351446,54
3454,0,5801,2787,3014,0,0,0,1.0,1,1.0,1,1.0,1,0.17705096807337642,57
3455,0,5801,2787,3014,0,0,0,1.0,1,1.0,1,1.0,1,0.17705096807337642,57
3456,2,5803,2787,3016,0,0,0,1.0,1,1.0,1,1.0,1,0.16165253025781143,58
3457,0,5803,2787,3016,0,0,0,1.0,1,1.0,1,1.0,1,0.16303026567851894,57
3458,0,5803,2787,3016,0,0,0,1.0,1,1.0,1,1.0,1,0.18188803064281983,57
3459,0,5803,2787,3016,0,0,0,1.0,1,1.0,1,1.0,1,0.18188803064281983,57
3460,1,5804,2787,3017,0,0,0,1.0,1,1.0,1,1.0,1,0.16095333098992712,58
3461,2,5806,2787,3019,0,0,0,1.0,1,1.0,1,1.0,1,0.14856269580395898,59
3462,2,5808,2789,3019,0,0,0,1.0,1,1.0,1,1.0,1,0.17363676385831145,59
3463,2,5810,2790,3020,0,0,0,1.0,1,1.0,1,1.0,1,0.16652141386385524,59
3464,2,5812,2792,3020,0,0,0,1.0,1,1.0,1,1.0,1,0.21272053151152218,59
3465,2,5814,2793,3021,0,0,0,1.0,1,1.0,1,1.0,1,0.1986739323903912,57
3466,3,5817,2795,3022,0,0,0,1.0,1,1.0,1,1.0,1,0.22688579103159875,57
3467,0,5817,2795,3022,0,0,0,1.0,1,1.0,1,1.0,1,0.23323899296525863,57
3468,4,5821,2798,3023,0,0,0,1.0,1,1.0,1,1.0,1,0.2587272595760707,57
3469,4,5825,2801,3024,0,0,0,1.0,1,1.0,1,1.0,1,0.2589712105981777,53
3470,2,5827,2803,3024,0,0,0,1.0,1,1.0,1,1.0,1,0.28613884753909974,50
3471,4,5831,2803,3028,0,0,0,1.0,1,1.0,1,1.0,1,0.20193027454688126,49
3472,2,5833,2804,3029,0,0,0,1.0,1,1.0,1,1.0,1,0.24132956430378485,47
3473,6,5839,2809,3030,0,0,0,1.0,1,1.0,1,1.0,1,0.3274049998377761,45
3474,2,5841,2809,3032,0,0,0,1.0,1,1.0,1,1.0,1,0.2952305959684276,42
3475,3,5844,2811,3033,0,0,0,1.0,1,1.0,1,1.0,1,0.3374392288068523,43
3476,5,5849,2813,3036,0,0,0,1.0,1,1.0,1,1.0,1,0.38026872469709794,41
3477,4,5853,2816,3037,0,0,0,1.0,1,1.0,1,1.0,1,0.30096719593004273,42
3478,1,5854,2817,3037,0,0,0,1.0,1,1.0,1,1.0,1,0.32333158990108807,40
3479,2,5856,2818,3038,0,0,0,1.0,1,1.0,1,1.0,1,0.27871805526350313,40
3480,1,5857,2819,3038,0,0,0,1.0,1,1.0,1,1.0,1,0.3169958633951019,40
3481,4,5861,2819,3042,0,0,0,1.0,1,1.0,1,1.0,1,0.2045283313940504,40
3482,1,5862,2820,3042,0,0,0,1.0,1,1.0,1,1.0,1,0.20986800391256513,40
3483,1,5863,2821,3042,0,0,0,1.0,1,1.0,1,1.0,1,0.20649959511881397,39
3484,0,5863,2821,3042,0,0,0,1.0,1,1.0,1,1.0,1,0.20649959511881397,39
3485,1,5864,2822,3042,0,0,0,1.0,1,1.0,1,1.0,1,0.23542961418045558,40
3486,0,5864,2822,3042,0,0,0,1.0,1,1.0,1,1.0,1,0.236314253929286,41
3487,0,5864,2822,3042,0,0,0,1.0,1,1.0,1,1.0,1,0.2545283633701087,41
3488,1,5865,2823,3042,0,0,0,1.0,1,1.0,1,1.0,1,0.21338726628925658,42
3489,1,5866,2824,3042,0,0,0,1.0,1,1.0,1,1.0,1,0.17704140638719443,44
3490,0,5866,2824,3042,0,0,0,1.0,1,1.0,1,1.0,1,0.17704140638719443,44
3491,2,5868,2824,3044,0,0,0,1.0,1,1.0,1,1.0,1,0.17396610482268285,45
3492,1,5869,2825,3044,0,0,0,1.0,1,1.0,1,1.0,1,0.2041134557323065,45
3493,2,5871,2826,3045,0,0,0,1.0,1,1.0,1,1.0,1,0.21806850195388913,45
3494,0,5871,2826,3045,0,0,0,1.0,1,1.0,1,1.0,1,0.21806850195388913,45
3495,0,5871,2826,3045,0,0,0,1.0,1,1.0,1,1.0,1,0.21806850195388913,45
3496,1,5872,2827,3045,0,0,0,1.0,1,1.0,1,1.0,1,0.2748338887618978,46
3497,3,5875,2828,3047,0,0,0,1.0,1,1.0,1,1.0,1,0.2718082695306482,47
3498,3,5878,2829,3049,0,0,0,1.0,1,1.0,1,1.0,1,0.26660690044764407,48
3499,0,5878,2829,3049,0,0,0,1.0,1,1.0,1,1.0,1,0.2763339990350178,47
3500,0,5878,2829,3049,0,0,0,1.0,1,1.0,1,1.0,1,0.2834714848435801,50
3501,3,5881,2830,3051,0,0,0,1.0,1,1.0,1,1.0,1,0.2752801571300084,50
3502,1,5882,2831,3051,0,0,0,1.0,1,1.0,1,1.0,1,0.2903317939386767,50
3503,3,5885,2833,3052,0,0,0,1.0,1,1.0,1,1.0,1,0.31294079890707843,50
3504,3,5888,2836,3052,0,0,0,1.0,1,1.0,1,1.0,1,0.36639429724057637,47
3505,2,5890,2837,3053,0,0,0,1.0,1,1.0,1,1.0,1,0.38481258548575287,48
3506,1,5891,2837,3054,0,0,0,1.0,1,1.0,1,1.0,1,0.3759136395881261,49
3507,0,5891,2837,3054,0,0,0,1.0,1,1.0,1,1.0,1,0.3411691815515812,46
3508,2,5893,2839,3054,0,0,0,1.0,1,1.0,1,1.0,1,0.40046822461070064,47
3509,0,5893,2839,3054,0,0,0,1.0,1,1.0,1,1.0,1,0.3792667116509315,44
3510,0,5893,2839,3054,0,0,0,1.0,1,1.0,1,1.0,1,0.41133851646526864,45
3511,2,5895,2840,3055,0,0,0,1.0,1,1.0,1,1.0,1,0.353615980695576,44
3512,0,5895,2840,3055,0,0,0,1.0,1,1.0,1,1.0,1,0.3549764898166913,42
3513,0,5895,2840,3055,0,0,0,1.0,1,1.0,1,1.0,1,0.3549764898166913,42
3514,0,5895,2840,3055,0,0,0,1.0,1,1.0,1,1.0,1,0.3787207243547696,42
3515,1,5896,2841,3055,0,0,0,1.0,1,1.0,1,1.0,1,0.4316099875984457,42
3516,3,5899,2842,3057,0,0,0,1.0,1,1.0,1,1.0,1,0.3552943424499825,41
3517,4,5903,2843,3060,0,0,0,1.0,1,1.0,1,1.0,1,0.32663411185170205,44
3518,1,5904,2844,3060,0,0,0,1.0,1,1.0,1,1.0,1,0.3665423906029953,43
3519,0,5904,2844,3060,0,0,0,1.0,1,1.0,1,1.0,1,0.3762513170841773,44
3520,1,5905,2844,3061,0,0,0,1.0,1,1.0,1,1.0,1,0.3714995029437588,45
3521,8,5913,2844,3069,0,0,0,1.0,1,1.0,1,1.0,1,0.27988076886435376,45
3522,4,5917,2844,3073,0,0,0,1.0,1,1.0,1,1.0,1,0.2772335334438768,46
3523,1,5918,2844,3074,0,0,0,1.0,1,1.0,1,1.0,1,0.27750843588272056,46
3524,1,5919,2844,3075,0,0,0,1.0,1,1.0,1,1.0,1,0.26642640138196494,47
3525,1,5920,2844,3076,0,0,0,1.0,1,1.0,1,1.0,1,0.29334340708763956,48
3526,0,5920,2844,3076,0,0,0,1.0,1,1.0,1,1.0,1,0.28311196287608376,49
3527,5,5925,2846,3079,0,0,0,1.0,1,1.0,1,1.0,1,0.3151301585887122,49
3528,5,5930,2846,3084,0,0,0,1.0,1,1.0,1,1.0,1,0.2989934587616976,51
3529,2,5932,2846,3086,0,0,0,1.0,1,1.0,1,1.0,1,0.30006092769666304,51
3530,4,5936,2846,3090,0,0,0,1.0,1,1.0,1,1.0,1,0.3049087534567854,52
3531,3,5939,2847,3092,0,0,0,1.0,1,1.0,1,1.0,1,0.30459684390340214,52
3532,1,5940,2847,3093,0,0,0,1.0,1,1.0,1,1.0,1,0.2956977640318883,52
3533,0,5940,2847,3093,0,0,0,1.0,1,1.0,1,1.0,1,0.2956977640318883,52
3534,0,5940,2847,3093,0,0,0,1.0,1,1.0,1,1.0,1,0.2956977640318883,52
3535,0,5940,2847,3093,0,0,0,1.0,1,1.0,1,1.0,1,0.2956977640318883,52
3536,1,5941,2847,3094,0,0,0,1.0,1,1.0,1,1.0,1,0.3045205584744737,54
3537,0,5941,2847,3094,0,0,0,1.0,1,1.0,1,1.0,1,0.29993682653182585,55
3538,0,5941,2847,3094,0,0,0,1.0,1,1.0,1,1.0,1,0.29993682653182585,55
3539,1,5942,2847,3095,0,0,0,1.0,1,1.0,1,1.0,1,0.2853928295895939,58
3540,2,5944,2847,3097,0,0,0,1.0,1,1.0,1,1.0,1,0.28680927349491514,59
3541,2,5946,2847,3099,0,0,0,1.0,1,1.0,1,1.0,1,0.26172582365538954,59
3542,1,5947,2848,3099,0,0,0,1.0,1,1.0,1,1.0,1,0.27377558014616665,61
3543,5,5952,2850,3102,0,0,0,1.0,1,1.0,1,1.0,1,0.2675877523690518,62
3544,4,5956,2853,3103,0,0,0,1.0,1,1.0,1,1.0,1,0.2745133958138007,59
3545,3,5959,2855,3104,0,0,0,1.0,1,1.0,1,1.0,1,0.29077557854501423,59
3546,3,5962,2857,3105,0,0,0,1.0,1,1.0,1,1.0,1,0.32185841209893395,57
3547,1,5963,2858,3105,0,0,0,1.0,1,1.0,1,1.0,1,0.31365880611048336,53
3548,0,5963,2858,3105,0,0,0,1.0,1,1.0,1,1.0,1,0.31365880611048336,53
3549,1,5964,2859,3105,0,0,0,1.0,1,1.0,1,1.0,1,0.3036614733137745,52
3550,2,5966,2860,3106,0,0,0,1.0,1,1.0,1,1.0,1,0.3059077280258028,51
3551,7,5973,2861,3112,0,0,0,1.0,1,1.0,1,1.0,1,0.2241297836885845,51
3552,2,5975,2862,3113,0,0,0,1.0,1,1.0,1,1.0,1,0.2566984491348685,51
3553,0,5975,2862,3113,0,0,0,1.0,1,1.0,1,1.0,1,0.25900316420570746,49
3554,2,5977,2862,3115,0,0,0,1.0,1,1.0,1,1.0,1,0.1968530355889582,49
3555,0,5977,2862,3115,0,0,0,1.0,1,1.0,1,1.0,1,0.21849852205816378,51
3556,1,5978,2862,3116,0,0,0,1.0,1,1.0,1,1.0,1,0.21549468355173895,51
3557,1,5979,2863,3116,0,0,0,1.0,1,1.0,1,1.0,1,0.23483379258023154,52
3558,2,5981,2864,3117,0,0,0,1.0,1,1.0,1,1.0,1,0.25555414044011354,52
3559,2,5983,2865,3118,0,0,0,1.0,1,1.0,1,1.0,1,0.2602677354322868,52
3560,1,5984,2865,3119,0,0,0,1.0,1,1.0,1,1.0,1,0.22396362097378122,53
3561,5,5989,2866,3123,0,0,0,1.0,1,1.0,1,1.0,1,0.15730961815883612,54
3562,2,5991,2867,3124,0,0,0,1.0,1,1.0,1,1.0,1,0.16093062616001907,54
3563,3,5994,2868,3126,0,0,0,1.0,1,1.0,1,1.0,1,0.16796790465049383,55
3564,3,5997,2868,3129,0,0,0,1.0,1,1.0,1,1.0,1,0.14278245677365564,57
3565,0,5997,2868,3129,0,0,0,1.0,1,1.0,1,1.0,1,0.16220442600936605,56
3566,1,5998,2869,3129,0,0,0,1.0,1,1.0,1,1.0,1,0.1862695951117738,57
3567,0,5998,2869,3129,0,0,0,1.0,1,1.0,1,1.0,1,0.1862695951117738,57
3568,0,5998,2869,3129,0,0,0,1.0,1,1.0,1,1.0,1,0.1862695951117738,57
3569,1,5999,2870,3129,0,0,0,1.0,1,1.0,1,1.0,1,0.17788526757778453,57
3570,2,6001,2870,3131,0,0,0,1.0,1,1.0,1,1.0,1,0.18789578002068955,59
3571,2,6003,2870,3133,0,0,0,1.0,1,1.0,1,1.0,1,0.14930061051547627,60
3572,0,6003,2870,3133,0,0,0,1.0,1,1.0,1,1.0,1,0.14913201334176768,61
3573,0,6003,2870,3133,0,0,0,1.0,1,1.0,1,1.0,1,0.1577073814022386,62
3574,0,6003,2870,3133,0,0,0,1.0,1,1.0,1,1.0,1,0.16278474924694036,63
3575,2,6005,2871,3134,0,0,0,1.0,1,1.0,1,1.0,1,0.16748649302327495,63
3576,2,6007,2873,3134,0,0,0,1.0,1,1.0,1,1.0,1,0.19325437926995315,63
3577,0,6007,2873,3134,0,0,0,1.0,1,1.0,1,1.0,1,0.19684471225099345,64
3578,0,6007,2873,3134,0,0,0,1.0,1,1.0,1,1.0,1,0.20384864900728183,64
3579,0,6007,2873,3134,0,0,0,1.0,1,1.0,1,1.0,1,0.20384864900728183,64
3580,1,6008,2874,3134,0,0,0,1.0,1,1.0,1,1.0,1,0.2202730768529845,65
3581,8,6016,2875,3141,0,0,0,1.0,1,1.0,1,1.0,1,0.1661467043489065,68
3582,5,6021,2877,3144,0,0,0,1.0,1,1.0,1,1.0,1,0.17064825662127192,68
3583,3,6024,2880,3144,0,0,0,1.0,1,1.0,1,1.0,1,0.17011130439519617,65
3584,3,6027,2883,3144,0,0,0,1.0,1,1.0,1,1.0,1,0.18342487257831722,64
3585,2,6029,2885,3144,0,0,0,1.0,1,1.0,1,1.0,1,0.18485642703557054,64
3586,4,6033,2889,3144,0,0,0,1.0,1,1.0,1,1.0,1,0.2132055248984401,65
3587,1,6034,2889,3145,0,0,0,1.0,1,1.0,1,1.0,1,0.16728795677502387,64
3588,3,6037,2890,3147,0,0,0,1.0,1,1.0,1,1.0,1,0.17166049438507808,62
3589,3,6040,2892,3148,0,0,0,1.0,1,1.0,1,1.0,1,0.21061917498645732,63
3590,1,6041,2893,3148,0,0,0,1.0,1,1.0,1,1.0,1,0.2282937934689429,63
3591,3,6044,2894,3150,0,0,0,1.0,1,1.0,1,1.0,1,0.1958399984305926,62
3592,3,6047,2896,3151,0,0,0,1.0,1,1.0,1,1.0,1,0.18999144452895975,59
3593,4,6051,2897,3154,0,0,0,1.0,1,1.0,1,1.0,1,0.15030450007112947,58
3594,1,6052,2897,3155,0,0,0,1.0,1,1.0,1,1.0,1,0.18007752549233721,57
3595,0,6052,2897,3155,0,0,0,1.0,1,1.0,1,1.0,1,0.176586137430464,59
3596,1,6053,2897,3156,0,0,0,1.0,1,1.0,1,1.0,1,0.14487710488638644,57
3597,3,6056,2899,3157,0,0,0,1.0,1,1.0,1,1.0,1,0.1765554591423721,57
3598,1,6057,2899,3158,0,0,0,1.0,1,1.0,1,1.0,1,0.1590531189541433,57
3599,9,6066,2903,3163,0,0,0,1.0,1,1.0,1,1.0,1,0.16240247461036522,58
3600,0,6066,2903,3163,0,0,0,1.0,1,1.0,1,1.0,1,0.1612432336908739,58
3601,5,6071,2906,3165,0,0,0,1.0,1,1.0,1,1.0,1,0.16523614433029057,58
3602,3,6074,2907,3167,0,0,0,1.0,1,1.0,1,1.0,1,0.14498262075399493,60
3603,0,6074,2907,3167,0,0,0,1.0,1,1.0,1,1.0,1,0.14498262075399493,60
3604,0,6074,2907,3167,0,0,0,1.0,1,1.0,1,1.0,1,0.14498262075399493,60
3605,3,6077,2907,3170,0,0,0,1.0,1,1.0,1,1.0,1,0.11502887726596504,61
3606,1,6078,2907,3171,0,0,0,1.0,1,1.0,1,1.0,1,0.10757923109213387,63
3607,1,6079,2908,3171,0,0,0,1.0,1,1.0,1,1.0,1,0.13231901072179922,63
3608,0,6079,2908,3171,0,0,0,1.0,1,1.0,1,1.0,1,0.14100103103707198,64
3609,0,6079,2908,3171,0,0,0,1.0,1,1.0,1,1.0,1,0.1444450289893276,66
3610,2,6081,2910,3171,0,0,0,1.0,1,1.0,1,1.0,1,0.14815035810532906,67
3611,4,6085,2912,3173,0,0,0,1.0,1,1.0,1,1.0,1,0.16549323972220698,67
3612,1,6086,2913,3173,0,0,0,1.0,1,1.0,1,1.0,1,0.21548003435479152,66
3613,1,6087,2914,3173,0,0,0,1.0,1,1.0,1,1.0,1,0.23859877784166642,66
3614,3,6090,2916,3174,0,0,0,1.0,1,1.0,1,1.0,1,0.2492050593647701,65
3615,0,6090,2916,3174,0,0,0,1.0,1,1.0,1,1.0,1,0.22092377677729963,65
3616,0,6090,2916,3174,0,0,0,1.0,1,1.0,1,1.0,1,0.22092377677729963,65
3617,2,6092,2917,3175,0,0,0,1.0,1,1.0,1,1.0,1,0.1905335461710116,66
3618,1,6093,2918,3175,0,0,0,1.0,1,1.0,1,1.0,1,0.17848650367352123,66
3619,3,6096,2920,3176,0,0,0,1.0,1,1.0,1,1.0,1,0.17924683904220876,65
3620,3,6099,2921,3178,0,0,0,1.0,1,1.0,1,1.0,1,0.18882300399741178,66
3621,3,6102,2921,3181,0,0,0,1.0,1,1.0,1,1.0,1,0.12414913831742287,65
3622,2,6104,2922,3182,0,0,0,1.0,1,1.0,1,1.0,1,0.10318475395729697,65
3623,3,6107,2925,3182,0,0,0,1.0,1,1.0,1,1.0,1,0.10538228995328897,62
3624,4,6111,2929,3182,0,0,0,1.0,1,1.0,1,1.0,1,0.15439293829594763,62
3625,2,6113,2930,3183,0,0,0,1.0,1,1.0,1,1.0,1,0.13912484928946528,61
3626,2,6115,2932,3183,0,0,0,1.0,1,1.0,1,1.0,1,0.20409985180412724,58
3627,3,6118,2934,3184,0,0,0,1.0,1,1.0,1,1.0,1,0.20754493343853786,58
3628,4,6122,2936,3186,0,0,0,1.0,1,1.0,1,1.0,1,0.18131192597256557,57
3629,1,6123,2937,3186,0,0,0,1.0,1,1.0,1,1.0,1,0.20842703047869887,57
3630,2,6125,2939,3186,0,0,0,1.0,1,1.0,1,1.0,1,0.27403995453417684,56
3631,9,6134,2942,3192,0,0,0,1.0,1,1.0,1,1.0,1,0.22951265163128012,54
3632,2,6136,2942,3194,0,0,0,1.0,1,1.0,1,1.0,1,0.17972310555481374,52
3633,5,6141,2946,3195,0,0,0,1.0,1,1.0,1,1.0,1,0.2347425631267795,52
3634,1,6142,2946,3196,0,0,0,1.0,1,1.0,1,1.0,1,0.19679438431677254,49
3635,4,6146,2947,3199,0,0,0,1.0,1,1.0,1,1.0,1,0.2213054784625226,47
3636,1,6147,2948,3199,0,0,0,1.0,1,1.0,1,1.0,1,0.2578767452530606,48
3637,4,6151,2948,3203,0,0,0,1.0,1,1.0,1,1.0,1,0.24652985050460116,49
3638,3,6154,2948,3206,0,0,0,1.0,1,1.0,1,1.0,1,0.2743405786311914,50
3639,7,6161,2949,3212,0,0,0,1.0,1,1.0,1,1.0,1,0.2603511373255126,52
3640,4,6165,2950,3215,0,0,0,1.0,1,1.0,1,1.0,1,0.2711894143582108,52
3641,4,6169,2950,3219,0,0,0,1.0,1,1.0,1,1.0,1,0.20202211780430065,52
3642,2,6171,2950,3221,0,0,0,1.0,1,1.0,1,1.0,1,0.17234529384957206,52
3643,0,6171,2950,3221,0,0,0,1.0,1,1.0,1,1.0,1,0.17234529384957206,52
3644,0,6171,2950,3221,0,0,0,1.0,1,1.0,1,1.0,1,0.17234529384957206,52
3645,0,6171,2950,3221,0,0,0,1.0,1,1.0,1,1.0,1,0.15186153282432485,53
3646,0,6171,2950,3221,0,0,0,1.0,1,1.0,1,1.0,1,0.15186153282432485,53
3647,0,6171,2950,3221,0,0,0,1.0,1,1.0,1,1.0,1,0.16462175893596045,55
3648,0,6171,2950,3221,0,0,0,1.0,1,1.0,1,1.0,1,0.17105462880571984,57
3649,3,6174,2951,3223,0,0,0,1.0,1,1.0,1,1.0,1,0.15446913237961063,57
3650,4,6178,2951,3227,0,0,0,1.0,1,1.0,1,1.0,1,0.146278742341166,59
3651,2,6180,2952,3228,0,0,0,1.0,1,1.0,1,1.0,1,0.13207646458104888,59
3652,0,6180,2952,3228,0,0,0,1.0,1,1.0,1,1.0,1,0.13207646458104888,59
3653,0,6180,2952,3228,0,0,0,1.0,1,1.0,1,1.0,1,0.13207646458104888,59
3654,0,6180,2952,3228,0,0,0,1.0,1,1.0,1,1.0,1,0.13207646458104888,59
3655,1,6181,2952,3229,0,0,0,1.0,1,1.0,1,1.0,1,0.11233329335656358,62
3656,0,6181,2952,3229,0,0,0,1.0,1,1.0,1,1.0,1,0.11233329335656358,62
3657,1,6182,2953,3229,0,0,0,1.0,1,1.0,1,1.0,1,0.1433709226543593,63
3658,3,6185,2954,3231,0,0,0,1.0,1,1.0,1,1.0,1,0.1582757556922315,63
3659,1,6186,2954,3232,0,0,0,1.0,1,1.0,1,1.0,1,0.14286910597649308,62
3660,2,6188,2956,3232,0,0,0,1.0,1,1.0,1,1.0,1,0.1758530876272532,62
3661,1,6189,2956,3233,0,0,0,1.0,1,1.0,1,1.0,1,0.13679973313548524,61
3662,4,6193,2959,3234,0,0,0,1.0,1,1.0,1,1.0,1,0.15389082489626027,60
3663,2,6195,2961,3234,0,0,0,1.0,1,1.0,1,1.0,1,0.1539759883577797,61
3664,0,6195,2961,3234,0,0,0,1.0,1,1.0,1,1.0,1,0.14163428384758417,58
3665,2,6197,2963,3234,0,0,0,1.0,1,1.0,1,1.0,1,0.14801262394354145,58
3666,0,6197,2963,3234,0,0,0,1.0,1,1.0,1,1.0,1,0.14809683034545384,58
3667,3,6200,2966,3234,0,0,0,1.0,1,1.0,1,1.0,1,0.1930936852927341,58
3668,2,6202,2966,3236,0,0,0,1.0,1,1.0,1,1.0,1,0.1867156285872629,58
3669,1,6203,2967,3236,0,0,0,1.0,1,1.0,1,1.0,1,0.21067221152999654,57
3670,1,6204,2968,3236,0,0,0,1.0,1,1.0,1,1.0,1,0.18188310926880413,56
3671,4,6208,2969,3239,0,0,0,1.0,1,1.0,1,1.0,1,0.16785328646101874,57
3672,2,6210,2970,3240,0,0,0,1.0,1,1.0,1,1.0,1,0.1897604239859911,57
3673,2,6212,2971,3241,0,0,0,1.0,1,1.0,1,1.0,1,0.19849671390521761,58
3674,1,6213,2971,3242,0,0,0,1.0,1,1.0,1,1.0,1,0.19460908546919883,57
3675,0,6213,2971,3242,0,0,0,1.0,1,1.0,1,1.0,1,0.1985765416217991,58
3676,1,6214,2972,3242,0,0,0,1.0,1,1.0,1,1.0,1,0.21529421617104558,59
3677,1,6215,2973,3242,0,0,0,1.0,1,1.0,1,1.0,1,0.22956538026456547,60
3678,3,6218,2973,3245,0,0,0,1.0,1,1.0,1,1.0,1,0.20442272983002213,62
3679,2,6220,2973,3247,0,0,0,1.0,1,1.0,1,1.0,1,0.19910799774757884,62
3680,0,6220,2973,3247,0,0,0,1.0,1,1.0,1,1.0,1,0.18515386450447938,63
3681,2,6222,2973,3249,0,0,0,1.0,1,1.0,1,1.0,1,0.1630920580086432,64
3682,0,6222,2973,3249,0,0,0,1.0,1,1.0,1,1.0,1,0.1630920580086432,64
3683,0,6222,2973,3249,0,0,0,1.0,1,1.0,1,1.0,1,0.1630920580086432,64
3684,1,6223,2974,3249,0,0,0,1.0,1,1.0,1,1.0,1,0.1828606157944491,64
3685,0,6223,2974,3249,0,0,0,1.0,1,1.0,1,1.0,1,0.1828606157944491,64
3686,0,6223,2974,3249,0,0,0,1.0,1,1.0,1,1.0,1,0.18758364157322427,65
3687,0,6223,2974,3249,0,0,0,1.0,1,1.0,1,1.0,1,0.18758364157322427,65
3688,0,6223,2974,3249,0,0,0,1.0,1,1.0,1,1.0,1,0.19952688419439268,66
3689,0,6223,2974,3249,0,0,0,1.0,1,1.0,1,1.0,1,0.19952688419439268,66
3690,0,6223,2974,3249,0,0,0,1.0,1,1.0,1,1.0,1,0.20905093604479197,67
3691,1,6224,2974,3250,0,0,0,1.0,1,1.0,1,1.0,1,0.19872435462266475,68
3692,1,6225,2974,3251,0,0,0,1.0,1,1.0,1,1.0,1,0.18644622761910934,69
3693,1,6226,2974,3252,0,0,0,1.0,1,1.0,1,1.0,1,0.18133031975957897,69
3694,1,6227,2975,3252,0,0,0,1.0,1,1.0,1,1.0,1,0.1730472910479173,70
3695,1,6228,2975,3253,0,0,0,1.0,1,1.0,1,1.0,1,0.15814800699462228,70
3696,1,6229,2976,3253,0,0,0,1.0,1,1.0,1,1.0,1,0.15977693425816566,71
3697,4,6233,2979,3254,0,0,0,1.0,1,1.0,1,1.0,1,0.16161786196240394,70
3698,0,6233,2979,3254,0,0,0,1.0,1,1.0,1,1.0,1,0.15909863882396255,70
3699,1,6234,2980,3254,0,0,0,1.0,1,1.0,1,1.0,1,0.15701211296618375,70
3700,3,6237,2983,3254,0,0,0,1.0,1,1.0,1,1.0,1,0.1984401429121334,68
3701,4,6241,2984,3257,0,0,0,1.0,1,1.0,1,1.0,1,0.19281114966268753,69
3702,0,6241,2984,3257,0,0,0,1.0,1,1.0,1,1.0,1,0.17278832030075306,69
3703,0,6241,2984,3257,0,0,0,1.0,1,1.0,1,1.0,1,0.18368629059247052,70
3704,2,6243,2986,3257,0,0,0,1.0,1,1.0,1,1.0,1,0.19705491728420943,69
3705,1,6244,2986,3258,0,0,0,1.0,1,1.0,1,1.0,1,0.19840663165205744,69
3706,5,6249,2988,3261,0,0,0,1.0,1,1.0,1,1.0,1,0.18832457272737796,69
3707,1,6250,2988,3262,0,0,0,1.0,1,1.0,1,1.0,1,0.1620084112043484,67
3708,0,6250,2988,3262,0,0,0,1.0,1,1.0,1,1.0,1,0.15054889720612283,67
3709,1,6251,2988,3263,0,0,0,1.0,1,1.0,1,1.0,1,0.15003654510987158,67
3710,0,6251,2988,3263,0,0,0,1.0,1,1.0,1,1.0,1,0.14862700916654223,67
3711,4,6255,2988,3267,0,0,0,1.0,1,1.0,1,1.0,1,0.1102019256765104,68
3712,0,6255,2988,3267,0,0,0,1.0,1,1.0,1,1.0,1,0.1102019256765104,68
3713,2,6257,2990,3267,0,0,0,1.0,1,1.0,1,1.0,1,0.1292903860755184,68
3714,0,6257,2990,3267,0,0,0,1.0,1,1.0,1,1.0,1,0.14009389690571084,67
3715,1,6258,2991,3267,0,0,0,1.0,1,1.0,1,1.0,1,0.14667933568720146,68
3716,2,6260,2992,3268,0,0,0,1.0,1,1.0,1,1.0,1,0.15877293213852486,67
3717,1,6261,2993,3268,0,0,0,1.0,1,1.0,1,1.0,1,0.19085864200909836,68
3718,0,6261,2993,3268,0,0,0,1.0,1,1.0,1,1.0,1,0.20328059997640846,68
3719,1,6262,2994,3268,0,0,0,1.0,1,1.0,1,1.0,1,0.24692304803257423,68
3720,0,6262,2994,3268,0,0,0,1.0,1,1.0,1,1.0,1,0.24692304803257423,68
3721,8,6270,2998,3272,0,0,0,1.0,1,1.0,1,1.0,1,0.17337916003052362,70
3722,0,6270,2998,3272,0,0,0,1.0,1,1.0,1,1.0,1,0.184953454003142,71
3723,4,6274,3000,3274,0,0,0,1.0,1,1.0,1,1.0,1,0.19597447823549988,71
3724,3,6277,3001,3276,0,0,0,1.0,1,1.0,1,1.0,1,0.19344813498807759,72
3725,3,6280,3003,3277,0,0,0,1.0,1,1.0,1,1.0,1,0.21426569065788614,72
3726,0,6280,3003,3277,0,0,0,1.0,1,1.0,1,1.0,1,0.22179758136275923,71
3727,0,6280,3003,3277,0,0,0,1.0,1,1.0,1,1.0,1,0.22179758136275923,71
3728,0,6280,3003,3277,0,0,0,1.0,1,1.0,1,1.0,1,0.23044533418054927,70
3729,2,6282,3004,3278,0,0,0,1.0,1,1.0,1,1.0,1,0.234754684451101,70
3730,2,6284,3005,3279,0,0,0,1.0,1,1.0,1,1.0,1,0.2606325458879918,71
3731,10,6294,3005,3289,0,0,0,1.0,1,1.0,1,1.0,1,0.17039116445590372,71
3732,1,6295,3005,3290,0,0,0,1.0,1,1.0,1,1.0,1,0.16660832534402306,72
3733,2,6297,3005,3292,0,0,0,1.0,1,1.0,1,1.0,1,0.18431204715469215,73
3734,6,6303,3007,3296,0,0,0,1.0,1,1.0,1,1.0,1,0.21893789242567802,74
3735,4,6307,3008,3299,0,0,0,1.0,1,1.0,1,1.0,1,0.1948015900015544,72
3736,0,6307,3008,3299,0,0,0,1.0,1,1.0,1,1.0,1,0.1708785423515421,72
3737,1,6308,3008,3300,0,0,0,1.0,1,1.0,1,1.0,1,0.1851676108554743,73
3738,0,6308,3008,3300,0,0,0,1.0,1,1.0,1,1.0,1,0.1803645328167889,72
3739,3,6311,3008,3303,0,0,0,1.0,1,1.0,1,1.0,1,0.1802657091894209,73
3740,2,6313,3008,3305,0,0,0,1.0,1,1.0,1,1.0,1,0.17731466538471732,70
3741,1,6314,3008,3306,0,0,0,1.0,1,1.0,1,1.0,1,0.16188705472529416,70
3742,2,6316,3010,3306,0,0,0,1.0,1,1.0,1,1.0,1,0.18077311018999354,70
3743,4,6320,3010,3310,0,0,0,1.0,1,1.0,1,1.0,1,0.13390088300693273,69
3744,3,6323,3013,3310,0,0,0,1.0,1,1.0,1,1.0,1,0.19597982675976808,69
3745,2,6325,3013,3312,0,0,0,1.0,1,1.0,1,1.0,1,0.15660226860519758,68
3746,0,6325,3013,3312,0,0,0,1.0,1,1.0,1,1.0,1,0.17935392448966875,66
3747,1,6326,3013,3313,0,0,0,1.0,1,1.0,1,1.0,1,0.1650493800404551,66
3748,0,6326,3013,3313,0,0,0,1.0,1,1.0,1,1.0,1,0.16432718201352706,65
3749,2,6328,3015,3313,0,0,0,1.0,1,1.0,1,1.0,1,0.15553658372816198,64
3750,2,6330,3017,3313,0,0,0,1.0,1,1.0,1,1.0,1,0.1872850151040253,63
3751,2,6332,3017,3315,0,0,0,1.0,1,1.0,1,1.0,1,0.15246043401362722,64
3752,3,6335,3020,3315,0,0,0,1.0,1,1.0,1,1.0,1,0.1904695304083357,64
3753,2,6337,3020,3317,0,0,0,1.0,1,1.0,1,1.0,1,0.16176876266795318,65
3754,3,6340,3023,3317,0,0,0,1.0,1,1.0,1,1.0,1,0.15277269973263125,65
3755,2,6342,3025,3317,0,0,0,1.0,1,1.0,1,1.0,1,0.18245022630147262,65
3756,1,6343,3025,3318,0,0,0,1.0,1,1.0,1,1.0,1,0.191010700491071,65
3757,2,6345,3027,3318,0,0,0,1.0,1,1.0,1,1.0,1,0.2114952149168457,65
3758,0,6345,3027,3318,0,0,0,1.0,1,1.0,1,1.0,1,0.22269333848923067,64
3759,2,6347,3029,3318,0,0,0,1.0,1,1.0,1,1.0,1,0.2353954241525767,64
3760,2,6349,3029,3320,0,0,0,1.0,1,1.0,1,1.0,1,0.24097635857509817,63
3761,4,6353,3029,3324,0,0,0,1.0,1,1.0,1,1.0,1,0.19126833865582202,63
3762,7,6360,3029,3331,0,0,0,1.0,1,1.0,1,1.0,1,0.12270039394859848,65
3763,2,6362,3030,3332,0,0,0,1.0,1,1.0,1,1.0,1,0.141548842861287,65
3764,4,6366,3031,3335,0,0,0,1.0,1,1.0,1,1.0,1,0.1449228441666137,66
3765,3,6369,3031,3338,0,0,0,1.0,1,1.0,1,1.0,1,0.14301472393787384,67
3766,4,6373,3033,3340,0,0,0,1.0,1,1.0,1,1.0,1,0.15483609159309109,67
3767,2,6375,3034,3341,0,0,0,1.0,1,1.0,1,1.0,1,0.16069521114092133,68
3768,5,6380,3036,3344,0,0,0,1.0,1,1.0,1,1.0,1,0.20518619793185439,67
3769,3,6383,3036,3347,0,0,0,1.0,1,1.0,1,1.0,1,0.1644637787088822,69
3770,4,6387,3036,3351,0,0,0,1.0,1,1.0,1,1.0,1,0.16714505459781503,69
3771,0,6387,3036,3351,0,0,0,1.0,1,1.0,1,1.0,1,0.19011641383887723,69
3772,1,6388,3036,3352,0,0,0,1.0,1,1.0,1,1.0,1,0.17600786766539228,70
3773,1,6389,3036,3353,0,0,0,1.0,1,1.0,1,1.0,1,0.1514866717933979,68
3774,1,6390,3036,3354,0,0,0,1.0,1,1.0,1,1.0,1,0.14213138859534344,68
3775,1,6391,3037,3354,0,0,0,1.0,1,1.0,1,1.0,1,0.1745612085995738,68
3776,2,6393,3038,3355,0,0,0,1.0,1,1.0,1,1.0,1,0.1745492041262667,66
3777,2,6395,3040,3355,0,0,0,1.0,1,1.0,1,1.0,1,0.16279613653700145,65
3778,1,6396,3041,3355,0,0,0,1.0,1,1.0,1,1.0,1,0.1421048345868477,65
3779,1,6397,3042,3355,0,0,0,1.0,1,1.0,1,1.0,1,0.15714639387360368,65
3780,2,6399,3044,3355,0,0,0,1.0,1,1.0,1,1.0,1,0.16457948868214617,64
3781,1,6400,3044,3356,0,0,0,1.0,1,1.0,1,1.0,1,0.15618388137408426,64
3782,1,6401,3045,3356,0,0,0,1.0,1,1.0,1,1.0,1,0.1793883477051956,67
3783,1,6402,3046,3356,0,0,0,1.0,1,1.0,1,1.0,1,0.1798037222972413,65
3784,3,6405,3048,3357,0,0,0,1.0,1,1.0,1,1.0,1,0.1906260855918227,65
3785,3,6408,3050,3358,0,0,0,1.0,1,1.0,1,1.0,1,0.22824243046283552,63
3786,1,6409,3050,3359,0,0,0,1.0,1,1.0,1,1.0,1,0.2205468525498964,66
3787,1,6410,3051,3359,0,0,0,1.0,1,1.0,1,1.0,1,0.24702519969241699,65
3788,0,6410,3051,3359,0,0,0,1.0,1,1.0,1,1.0,1,0.24702519969241699,65
3789,5,6415,3053,3362,0,0,0,1.0,1,1.0,1,1.0,1,0.2534155379120849,65
3790,1,6416,3053,3363,0,0,0,1.0,1,1.0,1,1.0,1,0.25176440738391676,64
3791,13,6429,3056,3373,0,0,0,1.0,1,1.0,1,1.0,1,0.17223526151115295,64
3792,2,6431,3058,3373,0,0,0,1.0,1,1.0,1,1.0,1,0.19385411723660054,65
3793,7,6438,3059,3379,0,0,0,1.0,1,1.0,1,1.0,1,0.18171604529876054,68
3794,2,6440,3060,3380,0,0,0,1.0,1,1.0,1,1.0,1,0.19798039279144047,68
3795,2,6442,3060,3382,0,0,0,1.0,1,1.0,1,1.0,1,0.18584147806695922,69
3796,2,6444,3060,3384,0,0,0,1.0,1,1.0,1,1.0,1,0.19360884112527182,69
3797,1,6445,3060,3385,0,0,0,1.0,1,1.0,1,1.0,1,0.2204307241246655,70
3798,2,6447,3060,3387,0,0,0,1.0,1,1.0,1,1.0,1,0.2204307241246655,70
3799,2,6449,3060,3389,0,0,0,1.0,1,1.0,1,1.0,1,0.20099938181996851,69
3800,5,6454,3060,3394,0,0,0,1.0,1,1.0,1,1.0,1,0.177089663073183,69
3801,3,6457,3060,3397,0,0,0,1.0,1,1.0,1,1.0,1,0.177170242187897,67
3802,1,6458,3061,3397,0,0,0,1.0,1,1.0,1,1.0,1,0.17305665095972428,67
3803,2,6460,3063,3397,0,0,0,1.0,1,1.0,1,1.0,1,0.1838487652598617,69
3804,3,6463,3064,3399,0,0,0,1.0,1,1.0,1,1.0,1,0.17724915212775527,70
3805,3,6466,3066,3400,0,0,0,1.0,1,1.0,1,1.0,1,0.19476914858312439,71
3806,1,6467,3067,3400,0,0,0,1.0,1,1.0,1,1.0,1,0.203291213992916,71
3807,1,6468,3068,3400,0,0,0,1.0,1,1.0,1,1.0,1,0.22563195313786136,72
3808,2,6470,3068,3402,0,0,0,1.0,1,1.0,1,1.0,1,0.22635606662279814,72
3809,2,6472,3069,3403,0,0,0,1.0,1,1.0,1,1.0,1,0.23047105571478327,72
3810,6,6478,3071,3407,0,0,0,1.0,1,1.0,1,1.0,1,0.2642273164865576,72
3811,7,6485,3071,3414,0,0,0,1.0,1,1.0,1,1.0,1,0.17481618423177092,71
3812,0,6485,3071,3414,0,0,0,1.0,1,1.0,1,1.0,1,0.1763773797971089,72
3813,1,6486,3072,3414,0,0,0,1.0,1,1.0,1,1.0,1,0.20905455459645078,71
3814,1,6487,3073,3414,0,0,0,1.0,1,1.0,1,1.0,1,0.21806856025898608,72
3815,1,6488,3073,3415,0,0,0,1.0,1,1.0,1,1.0,1,0.20932885415379804,71
3816,0,6488,3073,3415,0,0,0,1.0,1,1.0,1,1.0,1,0.22215874951718928,69
3817,3,6491,3074,3417,0,0,0,1.0,1,1.0,1,1.0,1,0.2361983650776536,72
3818,0,6491,3074,3417,0,0,0,1.0,1,1.0,1,1.0,1,0.22378722182859906,72
3819,0,6491,3074,3417,0,0,0,1.0,1,1.0,1,1.0,1,0.22378722182859906,72
3820,3,6494,3075,3419,0,0,0,1.0,1,1.0,1,1.0,1,0.22815648097642174,72
3821,3,6497,3076,3421,0,0,0,1.0,1,1.0,1,1.0,1,0.2214895719455893,72
3822,1,6498,3077,3421,0,0,0,1.0,1,1.0,1,1.0,1,0.25523320873865973,69
3823,5,6503,3080,3423,0,0,0,1.0,1,1.0,1,1.0,1,0.2431480392085214,69
3824,4,6507,3081,3426,0,0,0,1.0,1,1.0,1,1.0,1,0.22417234084542634,65
3825,2,6509,3083,3426,0,0,0,1.0,1,1.0,1,1.0,1,0.23615340682226224,64
3826,1,6510,3084,3426,0,0,0,1.0,1,1.0,1,1.0,1,0.24632329911372725,65
3827,1,6511,3085,3426,0,0,0,1.0,1,1.0,1,1.0,1,0.25049809936755335,64
3828,2,6513,3085,3428,0,0,0,1.0,1,1.0,1,1.0,1,0.21882842041658743,65
3829,2,6515,3087,3428,0,0,0,1.0,1,1.0,1,1.0,1,0.23496976517110318,65
3830,0,6515,3087,3428,0,0,0,1.0,1,1.0,1,1.0,1,0.23516332358328187,64
3831,8,6523,3091,3432,0,0,0,1.0,1,1.0,1,1.0,1,0.22152883075956278,63
3832,2,6525,3092,3433,0,0,0,1.0,1,1.0,1,1.0,1,0.23136899565221497,64
3833,1,6526,3093,3433,0,0,0,1.0,1,1.0,1,1.0,1,0.23710386453463905,64
3834,2,6528,3095,3433,0,0,0,1.0,1,1.0,1,1.0,1,0.27055720442257536,63
3835,1,6529,3095,3434,0,0,0,1.0,1,1.0,1,1.0,1,0.25768720634311487,63
3836,0,6529,3095,3434,0,0,0,1.0,1,1.0,1,1.0,1,0.25768720634311487,63
3837,4,6533,3097,3436,0,0,0,1.0,1,1.0,1,1.0,1,0.25214003259931383,62
3838,2,6535,3098,3437,0,0,0,1.0,1,1.0,1,1.0,1,0.23857550540777644,62
3839,1,6536,3099,3437,0,0,0,1.0,1,1.0,1,1.0,1,0.27984436266621354,60
3840,2,6538,3099,3439,0,0,0,1.0,1,1.0,1,1.0,1,0.27060652308228517,62
3841,3,6541,3100,3441,0,0,0,1.0,1,1.0,1,1.0,1,0.27750590474953213,62
3842,1,6542,3100,3442,0,0,0,1.0,1,1.0,1,1.0,1,0.2547874680622108,63
3843,2,6544,3100,3444,0,0,0,1.0,1,1.0,1,1.0,1,0.23590290173763234,64
3844,0,6544,3100,3444,0,0,0,1.0,1,1.0,1,1.0,1,0.23572126334541899,65
3845,2,6546,3100,3446,0,0,0,1.0,1,1.0,1,1.0,1,0.2113600166788343,66
3846,3,6549,3101,3448,0,0,0,1.0,1,1.0,1,1.0,1,0.2076750348932778,67
3847,1,6550,3101,3449,0,0,0,1.0,1,1.0,1,1.0,1,0.2000299045678107,67
3848,2,6552,3102,3450,0,0,0,1.0,1,1.0,1,1.0,1,0.19641991546520407,67
3849,3,6555,3103,3452,0,0,0,1.0,1,1.0,1,1.0,1,0.2178637982900036,67
3850,2,6557,3105,3452,0,0,0,1.0,1,1.0,1,1.0,1,0.22589788488653403,68
3851,9,6566,3107,3459,0,0,0,1.0,1,1.0,1,1.0,1,0.15444627287651402,68
3852,3,6569,3108,3461,0,0,0,1.0,1,1.0,1,1.0,1,0.17488564136703105,70
3853,0,6569,3108,3461,0,0,0,1.0,1,1.0,1,1.0,1,0.17488564136703105,70
3854,0,6569,3108,3461,0,0,0,1.0,1,1.0,1,1.0,1,0.17488564136703105,70
3855,0,6569,3108,3461,0,0,0,1.0,1,1.0,1,1.0,1,0.1686843730101668,69
3856,1,6570,3109,3461,0,0,0,1.0,1,1.0,1,1.0,1,0.19482115963815194,70
3857,5,6575,3112,3463,0,0,0,1.0,1,1.0,1,1.0,1,0.2471897705672934,68
3858,2,6577,3113,3464,0,0,0,1.0,1,1.0,1,1.0,1,0.2571921598629473,67
3859,3,6580,3113,3467,0,0,0,1.0,1,1.0,1,1.0,1,0.2785872677346481,66
3860,8,6588,3114,3474,0,0,0,1.0,1,1.0,1,1.0,1,0.2877923102395372,66
3861,5,6593,3114,3479,0,0,0,1.0,1,1.0,1,1.0,1,0.23247344581253604,66
3862,1,6594,3115,3479,0,0,0,1.0,1,1.0,1,1.0,1,0.2456931909020769,66
3863,0,6594,3115,3479,0,0,0,1.0,1,1.0,1,1.0,1,0.233041018672357,63
3864,0,6594,3115,3479,0,0,0,1.0,1,1.0,1,1.0,1,0.233041018672357,63
3865,0,6594,3115,3479,0,0,0,1.0,1,1.0,1,1.0,1,0.22264430346079989,61
3866,1,6595,3116,3479,0,0,0,1.0,1,1.0,1,1.0,1,0.23547038548615,61
3867,2,6597,3118,3479,0,0,0,1.0,1,1.0,1,1.0,1,0.23559740099917625,60
3868,0,6597,3118,3479,0,0,0,1.0,1,1.0,1,1.0,1,0.22739398722672052,59
3869,1,6598,3119,3479,0,0,0,1.0,1,1.0,1,1.0,1,0.2257911730057487,61
3870,3,6601,3120,3481,0,0,0,1.0,1,1.0,1,1.0,1,0.21932678527272723,61
3871,4,6605,3121,3484,0,0,0,1.0,1,1.0,1,1.0,1,0.19759791854880981,64
3872,1,6606,3121,3485,0,0,0,1.0,1,1.0,1,1.0,1,0.18485510130599944,63
3873,2,6608,3122,3486,0,0,0,1.0,1,1.0,1,1.0,1,0.19122323267090868,62
3874,1,6609,3123,3486,0,0,0,1.0,1,1.0,1,1.0,1,0.18877135524636457,63
3875,2,6611,3124,3487,0,0,0,1.0,1,1.0,1,1.0,1,0.17726249746358835,61
3876,1,6612,3124,3488,0,0,0,1.0,1,1.0,1,1.0,1,0.16345758353210385,62
3877,0,6612,3124,3488,0,0,0,1.0,1,1.0,1,1.0,1,0.1860627132070584,63
3878,0,6612,3124,3488,0,0,0,1.0,1,1.0,1,1.0,1,0.1860627132070584,63
3879,2,6614,3125,3489,0,0,0,1.0,1,1.0,1,1.0,1,0.17631849299964295,63
3880,1,6615,3126,3489,0,0,0,1.0,1,1.0,1,1.0,1,0.17913401713350371,65
3881,6,6621,3127,3494,0,0,0,1.0,1,1.0,1,1.0,1,0.16243686103576882,65
3882,1,6622,3128,3494,0,0,0,1.0,1,1.0,1,1.0,1,0.15311001840939087,66
3883,0,6622,3128,3494,0,0,0,1.0,1,1.0,1,1.0,1,0.15311001840939087,66
3884,0,6622,3128,3494,0,0,0,1.0,1,1.0,1,1.0,1,0.15311001840939087,66
3885,0,6622,3128,3494,0,0,0,1.0,1,1.0,1,1.0,1,0.15311001840939087,66
3886,3,6625,3130,3495,0,0,0,1.0,1,1.0,1,1.0,1,0.1729297366096163,65
3887,2,6627,3130,3497,0,0,0,1.0,1,1.0,1,1.0,1,0.2235528264797159,65
3888,6,6633,3131,3502,0,0,0,1.0,1,1.0,1,1.0,1,0.23740924681865877,66
3889,3,6636,3132,3504,0,0,0,1.0,1,1.0,1,1.0,1,0.2696221290753653,64
3890,5,6641,3133,3508,0,0,0,1.0,1,1.0,1,1.0,1,0.30315264278870263,63
3891,5,6646,3134,3512,0,0,0,1.0,1,1.0,1,1.0,1,0.2444979292462451,66
3892,7,6653,3134,3519,0,0,0,1.0,1,1.0,1,1.0,1,0.1845066417151567,67
3893,0,6653,3134,3519,0,0,0,1.0,1,1.0,1,1.0,1,0.1823648735546788,66
3894,1,6654,3134,3520,0,0,0,1.0,1,1.0,1,1.0,1,0.1880408583160537,67
3895,1,6655,3134,3521,0,0,0,1.0,1,1.0,1,1.0,1,0.1887583894243236,66
3896,0,6655,3134,3521,0,0,0,1.0,1,1.0,1,1.0,1,0.1887583894243236,66
3897,0,6655,3134,3521,0,0,0,1.0,1,1.0,1,1.0,1,0.19676022818974082,65
3898,7,6662,3138,3524,0,0,0,1.0,1,1.0,1,1.0,1,0.2201408928028315,65
3899,4,6666,3139,3527,0,0,0,1.0,1,1.0,1,1.0,1,0.1922435223301497,64
3900,4,6670,3140,3530,0,0,0,1.0,1,1.0,1,1.0,1,0.2032346293664794,63
3901,2,6672,3141,3531,0,0,0,1.0,1,1.0,1,1.0,1,0.19620093431171215,63
3902,1,6673,3141,3532,0,0,0,1.0,1,1.0,1,1.0,1,0.1979030637751083,64
3903,1,6674,3142,3532,0,0,0,1.0,1,1.0,1,1.0,1,0.18397750715105832,64
3904,1,6675,3143,3532,0,0,0,1.0,1,1.0,1,1.0,1,0.18850658811295515,63
3905,1,6676,3143,3533,0,0,0,1.0,1,1.0,1,1.0,1,0.20398059179773417,63
3906,4,6680,3146,3534,0,0,0,1.0,1,1.0,1,1.0,1,0.17091155635463867,64
3907,1,6681,3147,3534,0,0,0,1.0,1,1.0,1,1.0,1,0.18896684830505234,64
3908,1,6682,3148,3534,0,0,0,1.0,1,1.0,1,1.0,1,0.17800644184112044,63
3909,0,6682,3148,3534,0,0,0,1.0,1,1.0,1,1.0,1,0.17980004819945788,62
3910,0,6682,3148,3534,0,0,0,1.0,1,1.0,1,1.0,1,0.19639933170690344,62
3911,3,6685,3148,3537,0,0,0,1.0,1,1.0,1,1.0,1,0.17112407995069948,64
3912,1,6686,3148,3538,0,0,0,1.0,1,1.0,1,1.0,1,0.15421322496262202,64
3913,1,6687,3148,3539,0,0,0,1.0,1,1.0,1,1.0,1,0.15844292366557677,65
3914,0,6687,3148,3539,0,0,0,1.0,1,1.0,1,1.0,1,0.18098338528411217,65
3915,0,6687,3148,3539,0,0,0,1.0,1,1.0,1,1.0,1,0.18262764391860617,66
3916,2,6689,3149,3540,0,0,0,1.0,1,1.0,1,1.0,1,0.18625622432734623,66
3917,0,6689,3149,3540,0,0,0,1.0,1,1.0,1,1.0,1,0.18625622432734623,66
3918,1,6690,3149,3541,0,0,0,1.0,1,1.0,1,1.0,1,0.17318905516345096,67
3919,2,6692,3150,3542,0,0,0,1.0,1,1.0,1,1.0,1,0.18488313377884671,68
3920,1,6693,3151,3542,0,0,0,1.0,1,1.0,1,1.0,1,0.17999838657475867,69
3921,5,6698,3151,3547,0,0,0,1.0,1,1.0,1,1.0,1,0.1544985594254796,68
3922,3,6701,3154,3547,0,0,0,1.0,1,1.0,1,1.0,1,0.17653330956277627,68
3923,0,6701,3154,3547,0,0,0,1.0,1,1.0,1,1.0,1,0.18650762701978,69
3924,1,6702,3155,3547,0,0,0,1.0,1,1.0,1,1.0,1,0.19795574309434147,69
3925,2,6704,3157,3547,0,0,0,1.0,1,1.0,1,1.0,1,0.24421147443318297,67
3926,2,6706,3158,3548,0,0,0,1.0,1,1.0,1,1.0,1,0.259738490087732,67
3927,2,6708,3158,3550,0,0,0,1.0,1,1.0,1,1.0,1,0.30320464043518486,65
3928,2,6710,3158,3552,0,0,0,1.0,1,1.0,1,1.0,1,0.28215842186409446,65
3929,4,6714,3161,3553,0,0,0,1.0,1,1.0,1,1.0,1,0.2655735835504943,64
3930,1,6715,3161,3554,0,0,0,1.0,1,1.0,1,1.0,1,0.25891614014472814,64
3931,5,6720,3163,3557,0,0,0,1.0,1,1.0,1,1.0,1,0.23257665021526333,62
3932,2,6722,3164,3558,0,0,0,1.0,1,1.0,1,1.0,1,0.23152320434811047,62
3933,2,6724,3165,3559,0,0,0,1.0,1,1.0,1,1.0,1,0.21836539479489717,62
3934,1,6725,3166,3559,0,0,0,1.0,1,1.0,1,1.0,1,0.22271951155586256,61
3935,0,6725,3166,3559,0,0,0,1.0,1,1.0,1,1.0,1,0.22963716620793964,64
3936,1,6726,3166,3560,0,0,0,1.0,1,1.0,1,1.0,1,0.2316285425449134,65
3937,0,6726,3166,3560,0,0,0,1.0,1,1.0,1,1.0,1,0.22542059909355217,66
3938,0,6726,3166,3560,0,0,0,1.0,1,1.0,1,1.0,1,0.22542059909355217,66
3939,0,6726,3166,3560,0,0,0,1.0,1,1.0,1,1.0,1,0.22922967997625002,67
3940,1,6727,3167,3560,0,0,0,1.0,1,1.0,1,1.0,1,0.2265042615068741,69
3941,2,6729,3167,3562,0,0,0,1.0,1,1.0,1,1.0,1,0.1933827493102052,69
3942,1,6730,3168,3562,0,0,0,1.0,1,1.0,1,1.0,1,0.2054324767029758,69
3943,1,6731,3169,3562,0,0,0,1.0,1,1.0,1,1.0,1,0.21278498936434073,68
3944,0,6731,3169,3562,0,0,0,1.0,1,1.0,1,1.0,1,0.21917558159039888,68
3945,6,6737,3174,3563,0,0,0,1.0,1,1.0,1,1.0,1,0.2138911035802799,67
3946,4,6741,3176,3565,0,0,0,1.0,1,1.0,1,1.0,1,0.20407161366631144,67
3947,1,6742,3177,3565,0,0,0,1.0,1,1.0,1,1.0,1,0.18694824717602523,66
3948,2,6744,3178,3566,0,0,0,1.0,1,1.0,1,1.0,1,0.19158836727375003,67
3949,4,6748,3182,3566,0,0,0,1.0,1,1.0,1,1.0,1,0.2516430608626885,66
3950,1,6749,3182,3567,0,0,0,1.0,1,1.0,1,1.0,1,0.23705666803219305,65
3951,5,6754,3183,3571,0,0,0,1.0,1,1.0,1,1.0,1,0.19478293451329207,65
3952,2,6756,3184,3572,0,0,0,1.0,1,1.0,1,1.0,1,0.18481003236584576,65
3953,0,6756,3184,3572,0,0,0,1.0,1,1.0,1,1.0,1,0.19968414401114273,65
3954,1,6757,3184,3573,0,0,0,1.0,1,1.0,1,1.0,1,0.1924396652587278,64
3955,0,6757,3184,3573,0,0,0,1.0,1,1.0,1,1.0,1,0.22061472325714157,64
3956,1,6758,3185,3573,0,0,0,1.0,1,1.0,1,1.0,1,0.21530318202891796,63
3957,1,6759,3186,3573,0,0,0,1.0,1,1.0,1,1.0,1,0.20634216338411643,63
3958,1,6760,3187,3573,0,0,0,1.0,1,1.0,1,1.0,1,0.24238699699991462,63
3959,2,6762,3188,3574,0,0,0,1.0,1,1.0,1,1.0,1,0.25240828188747544,62
3960,0,6762,3188,3574,0,0,0,1.0,1,1.0,1,1.0,1,0.25240828188747544,62
3961,8,6770,3190,3580,0,0,0,1.0,1,1.0,1,1.0,1,0.20967901352994534,64
3962,1,6771,3191,3580,0,0,0,1.0,1,1.0,1,1.0,1,0.21694100069942032,64
3963,3,6774,3193,3581,0,0,0,1.0,1,1.0,1,1.0,1,0.2347108533830013,62
3964,1,6775,3193,3582,0,0,0,1.0,1,1.0,1,1.0,1,0.22721126979522502,63
3965,2,6777,3193,3584,0,0,0,1.0,1,1.0,1,1.0,1,0.2441323922593242,63
3966,1,6778,3193,3585,0,0,0,1.0,1,1.0,1,1.0,1,0.2569003889324221,62
3967,2,6780,3193,3587,0,0,0,1.0,1,1.0,1,1.0,1,0.24574608588263605,64
3968,2,6782,3193,3589,0,0,0,1.0,1,1.0,1,1.0,1,0.23486629978883203,63
3969,3,6785,3193,3592,0,0,0,1.0,1,1.0,1,1.0,1,0.2253048798177551,63
3970,1,6786,3193,3593,0,0,0,1.0,1,1.0,1,1.0,1,0.2287275506770824,65
3971,4,6790,3193,3597,0,0,0,1.0,1,1.0,1,1.0,1,0.19399874327491587,65
3972,5,6795,3195,3600,0,0,0,1.0,1,1.0,1,1.0,1,0.21371292901836508,66
3973,0,6795,3195,3600,0,0,0,1.0,1,1.0,1,1.0,1,0.21371292901836508,66
3974,3,6798,3198,3600,0,0,0,1.0,1,1.0,1,1.0,1,0.25952012524691276,66
3975,3,6801,3199,3602,0,0,0,1.0,1,1.0,1,1.0,1,0.23964456811841583,66
3976,3,6804,3199,3605,0,0,0,1.0,1,1.0,1,1.0,1,0.22853986827896716,66
3977,1,6805,3200,3605,0,0,0,1.0,1,1.0,1,1.0,1,0.2198071685004196,64
3978,2,6807,3202,3605,0,0,0,1.0,1,1.0,1,1.0,1,0.2540691135399902,63
3979,1,6808,3202,3606,0,0,0,1.0,1,1.0,1,1.0,1,0.27368161663272705,63
3980,1,6809,3203,3606,0,0,0,1.0,1,1.0,1,1.0,1,0.27510336695446075,63
3981,4,6813,3203,3610,0,0,0,1.0,1,1.0,1,1.0,1,0.2294729016589019,64
3982,3,6816,3204,3612,0,0,0,1.0,1,1.0,1,1.0,1,0.22093593511279033,65
3983,2,6818,3205,3613,0,0,0,1.0,1,1.0,1,1.0,1,0.20326220212610402,64
3984,2,6820,3206,3614,0,0,0,1.0,1,1.0,1,1.0,1,0.20259417434210203,65
3985,3,6823,3208,3615,0,0,0,1.0,1,1.0,1,1.0,1,0.20810603384579157,64
3986,2,6825,3209,3616,0,0,0,1.0,1,1.0,1,1.0,1,0.190341346047298,63
3987,0,6825,3209,3616,0,0,0,1.0,1,1.0,1,1.0,1,0.19386591790474098,63
3988,0,6825,3209,3616,0,0,0,1.0,1,1.0,1,1.0,1,0.19567551772166886,63
3989,2,6827,3210,3617,0,0,0,1.0,1,1.0,1,1.0,1,0.21928625636406812,63
3990,1,6828,3211,3617,0,0,0,1.0,1,1.0,1,1.0,1,0.26047854796243375,62
3991,7,6835,3211,3624,0,0,0,1.0,1,1.0,1,1.0,1,0.1632033030893535,62
3992,0,6835,3211,3624,0,0,0,1.0,1,1.0,1,1.0,1,0.1749195757818414,65
3993,0,6835,3211,3624,0,0,0,1.0,1,1.0,1,1.0,1,0.1749195757818414,65
3994,0,6835,3211,3624,0,0,0,1.0,1,1.0,1,1.0,1,0.17123051920979612,64
3995,0,6835,3211,3624,0,0,0,1.0,1,1.0,1,1.0,1,0.17123051920979612,64
3996,0,6835,3211,3624,0,0,0,1.0,1,1.0,1,1.0,1,0.1930871806784283,67
3997,2,6837,3211,3626,0,0,0,1.0,1,1.0,1,1.0,1,0.1745918395583441,69
3998,2,6839,3212,3627,0,0,0,1.0,1,1.0,1,1.0,1,0.18533223209609823,69
3999,0,6839,3212,3627,0,0,0,1.0,1,1.0,1,1.0,1,0.18533223209609823,69
4000,2,6841,3213,3628,0,0,0,1.0,1,1.0,1,1.0,1,0.22025504939096988,69
4001,6,6847,3213,3634,0,0,0,1.0,1,1.0,1,1.0,1,0.14168874037983667,68
4002,2,6849,3214,3635,0,0,0,1.0,1,1.0,1,1.0,1,0.15668089448562092,68
4003,1,6850,3215,3635,0,0,0,1.0,1,1.0,1,1.0,1,0.17045320766725042,68
4004,2,6852,3217,3635,0,0,0,1.0,1,1.0,1,1.0,1,0.18148253233869582,67
4005,0,6852,3217,3635,0,0,0,1.0,1,1.0,1,1.0,1,0.18148253233869582,67
4006,1,6853,3217,3636,0,0,0,1.0,1,1.0,1,1.0,1,0.15606764788855756,67
4007,1,6854,3218,3636,0,0,0,1.0,1,1.0,1,1.0,1,0.18287034059006055,67
4008,4,6858,3222,3636,0,0,0,1.0,1,1.0,1,1.0,1,0.2063905237526071,67
4009,0,6858,3222,3636,0,0,0,1.0,1,1.0,1,1.0,1,0.2063905237526071,67
4010,1,6859,3222,3637,0,0,0,1.0,1,1.0,1,1.0,1,0.21760588472205494,66
4011,4,6863,3223,3640,0,0,0,1.0,1,1.0,1,1.0,1,0.2035754963250769,66
4012,0,6863,3223,3640,0,0,0,1.0,1,1.0,1,1.0,1,0.20139014188282395,66
4013,2,6865,3224,3641,0,0,0,1.0,1,1.0,1,1.0,1,0.2165260764260754,66
4014,2,6867,3226,3641,0,0,0,1.0,1,1.0,1,1.0,1,0.22004846732371097,66
4015,0,6867,3226,3641,0,0,0,1.0,1,1.0,1,1.0,1,0.24937302944452325,64
4016,2,6869,3228,3641,0,0,0,1.0,1,1.0,1,1.0,1,0.30172116054767106,64
4017,4,6873,3229,3644,0,0,0,1.0,1,1.0,1,1.0,1,0.28359427020686917,66
4018,0,6873,3229,3644,0,0,0,1.0,1,1.0,1,1.0,1,0.29820972618865554,67
4019,0,6873,3229,3644,0,0,0,1.0,1,1.0,1,1.0,1,0.29820972618865554,67
4020,0,6873,3229,3644,0,0,0,1.0,1,1.0,1,1.0,1,0.31788511198436264,66
4021,4,6877,3232,3645,0,0,0,1.0,1,1.0,1,1.0,1,0.29971816758719255,66
4022,2,6879,3233,3646,0,0,0,1.0,1,1.0,1,1.0,1,0.3198745694977321,66
4023,2,6881,3235,3646,0,0,0,1.0,1,1.0,1,1.0,1,0.3178140147186184,66
4024,4,6885,3237,3648,0,0,0,1.0,1,1.0,1,1.0,1,0.31114398275878846,66
4025,3,6888,3238,3650,0,0,0,1.0,1,1.0,1,1.0,1,0.2930111688166903,66
4026,6,6894,3240,3654,0,0,0,1.0,1,1.0,1,1.0,1,0.2767038795046919,66
4027,1,6895,3241,3654,0,0,0,1.0,1,1.0,1,1.0,1,0.2692016965663268,64
4028,4,6899,3244,3655,0,0,0,1.0,1,1.0,1,1.0,1,0.30785336541066904,63
4029,2,6901,3245,3656,0,0,0,1.0,1,1.0,1,1.0,1,0.28930361971569063,62
4030,2,6903,3245,3658,0,0,0,1.0,1,1.0,1,1.0,1,0.26965278751687344,63
4031,2,6905,3245,3660,0,0,0,1.0,1,1.0,1,1.0,1,0.23431903558888104,62
4032,4,6909,3249,3660,0,0,0,1.0,1,1.0,1,1.0,1,0.2580618969328392,62
4033,5,6914,3252,3662,0,0,0,1.0,1,1.0,1,1.0,1,0.29077509548193803,61
4034,2,6916,3254,3662,0,0,0,1.0,1,1.0,1,1.0,1,0.28307980085230783,60
4035,1,6917,3255,3662,0,0,0,1.0,1,1.0,1,1.0,1,0.31190640544934795,59
4036,3,6920,3257,3663,0,0,0,1.0,1,1.0,1,1.0,1,0.2931355719467073,58
4037,2,6922,3258,3664,0,0,0,1.0,1,1.0,1,1.0,1,0.25127811352635104,59
4038,0,6922,3258,3664,0,0,0,1.0,1,1.0,1,1.0,1,0.24657376810509868,58
4039,2,6924,3260,3664,0,0,0,1.0,1,1.0,1,1.0,1,0.3068510302834761,56
4040,1,6925,3260,3665,0,0,0,1.0,1,1.0,1,1.0,1,0.30233854164909485,55
4041,3,6928,3263,3665,0,0,0,1.0,1,1.0,1,1.0,1,0.36825531226408975,54
4042,1,6929,3264,3665,0,0,0,1.0,1,1.0,1,1.0,1,0.38117984646319386,56
4043,0,6929,3264,3665,0,0,0,1.0,1,1.0,1,1.0,1,0.38117984646319386,56
4044,2,6931,3265,3666,0,0,0,1.0,1,1.0,1,1.0,1,0.40757583438761796,56
4045,9,6940,3266,3674,0,0,0,1.0,1,1.0,1,1.0,1,0.3627111717401034,57
4046,4,6944,3266,3678,0,0,0,1.0,1,1.0,1,1.0,1,0.3700819767233938,59
4047,5,6949,3268,3681,0,0,0,1.0,1,1.0,1,1.0,1,0.38845395220170065,59
4048,2,6951,3268,3683,0,0,0,1.0,1,1.0,1,1.0,1,0.38845395220170065,59
4049,2,6953,3268,3685,0,0,0,1.0,1,1.0,1,1.0,1,0.37988016445900535,60
4050,1,6954,3268,3686,0,0,0,1.0,1,1.0,1,1.0,1,0.38043187449242954,60
4051,1,6955,3268,3687,0,0,0,1.0,1,1.0,1,1.0,1,0.37019324022432587,60
4052,0,6955,3268,3687,0,0,0,1.0,1,1.0,1,1.0,1,0.37019324022432587,60
4053,0,6955,3268,3687,0,0,0,1.0,1,1.0,1,1.0,1,0.37019324022432587,60
4054,1,6956,3269,3687,0,0,0,1.0,1,1.0,1,1.0,1,0.37245830643501254,61
4055,1,6957,3269,3688,0,0,0,1.0,1,1.0,1,1.0,1,0.3649874866874487,61
4056,0,6957,3269,3688,0,0,0,1.0,1,1.0,1,1.0,1,0.3708632097940971,62
4057,0,6957,3269,3688,0,0,0,1.0,1,1.0,1,1.0,1,0.37690860156444206,63
4058,1,6958,3269,3689,0,0,0,1.0,1,1.0,1,1.0,1,0.38511786895328304,64
4059,0,6958,3269,3689,0,0,0,1.0,1,1.0,1,1.0,1,0.39761086574017085,63
4060,0,6958,3269,3689,0,0,0,1.0,1,1.0,1,1.0,1,0.39761086574017085,63
4061,1,6959,3269,3690,0,0,0,1.0,1,1.0,1,1.0,1,0.389227466197734,63
4062,5,6964,3271,3693,0,0,0,1.0,1,1.0,1,1.0,1,0.357800853607888,65
4063,2,6966,3271,3695,0,0,0,1.0,1,1.0,1,1.0,1,0.32610486434176944,64
4064,4,6970,3273,3697,0,0,0,1.0,1,1.0,1,1.0,1,0.30878063789329274,65
4065,2,6972,3274,3698,0,0,0,1.0,1,1.0,1,1.0,1,0.2962366741111043,64
4066,3,6975,3276,3699,0,0,0,1.0,1,1.0,1,1.0,1,0.29906771714938163,64
4067,5,6980,3278,3702,0,0,0,1.0,1,1.0,1,1.0,1,0.30376076516059136,63
4068,4,6984,3280,3704,0,0,0,1.0,1,1.0,1,1.0,1,0.2993247412920132,64
4069,9,6993,3284,3709,0,0,0,1.0,1,1.0,1,1.0,1,0.24317057268509182,62
4070,4,6997,3286,3711,0,0,0,1.0,1,1.0,1,1.0,1,0.2744991143420517,61
4071,5,7002,3289,3713,0,0,0,1.0,1,1.0,1,1.0,1,0.2786330631432338,61
4072,4,7006,3292,3714,0,0,0,1.0,1,1.0,1,1.0,1,0.2623160294449736,60
4073,1,7007,3293,3714,0,0,0,1.0,1,1.0,1,1.0,1,0.26008203276194775,60
4074,7,7014,3298,3716,0,0,0,1.0,1,1.0,1,1.0,1,0.29105819457870624,60
4075,0,7014,3298,3716,0,0,0,1.0,1,1.0,1,1.0,1,0.27704250705091216,59
4076,2,7016,3299,3717,0,0,0,1.0,1,1.0,1,1.0,1,0.29936252354070714,60
4077,4,7020,3301,3719,0,0,0,1.0,1,1.0,1,1.0,1,0.3049598597829487,61
4078,1,7021,3301,3720,0,0,0,1.0,1,1.0,1,1.0,1,0.3155519313165297,60
4079,4,7025,3302,3723,0,0,0,1.0,1,1.0,1,1.0,1,0.32711723721981245,58
4080,1,7026,3303,3723,0,0,0,1.0,1,1.0,1,1.0,1,0.32626186877690694,56
4081,6,7032,3304,3728,0,0,0,1.0,1,1.0,1,1.0,1,0.2712024346079003,56
4082,1,7033,3304,3729,0,0,0,1.0,1,1.0,1,1.0,1,0.2846483911500018,55
4083,1,7034,3305,3729,0,0,0,1.0,1,1.0,1,1.0,1,0.30238143489129554,55
4084,1,7035,3306,3729,0,0,0,1.0,1,1.0,1,1.0,1,0.31069488170925624,55
4085,2,7037,3306,3731,0,0,0,1.0,1,1.0,1,1.0,1,0.27124443529018233,56
4086,2,7039,3307,3732,0,0,0,1.0,1,1.0,1,1.0,1,0.2588128284210962,57
4087,0,7039,3307,3732,0,0,0,1.0,1,1.0,1,1.0,1,0.2631521597525109,57
4088,2,7041,3307,3734,0,0,0,1.0,1,1.0,1,1.0,1,0.24376957532258653,57
4089,0,7041,3307,3734,0,0,0,1.0,1,1.0,1,1.0,1,0.2612639737785986,56
4090,1,7042,3308,3734,0,0,0,1.0,1,1.0,1,1.0,1,0.2628425862646295,56
4091,3,7045,3308,3737,0,0,0,1.0,1,1.0,1,1.0,1,0.24383518471873508,56
4092,1,7046,3308,3738,0,0,0,1.0,1,1.0,1,1.0,1,0.24229370376085949,57
4093,1,7047,3309,3738,0,0,0,1.0,1,1.0,1,1.0,1,0.26264445949587184,58
4094,2,7049,3310,3739,0,0,0,1.0,1,1.0,1,1.0,1,0.2580843315400073,57
4095,1,7050,3310,3740,0,0,0,1.0,1,1.0,1,1.0,1,0.2425777834846392,57
4096,2,7052,3311,3741,0,0,0,1.0,1,1.0,1,1.0,1,0.2306411826064947,59
4097,3,7055,3312,3743,0,0,0,1.0,1,1.0,1,1.0,1,0.20548301542389755,59
4098,2,7057,3313,3744,0,0,0,1.0,1,1.0,1,1.0,1,0.19398484017059314,59
4099,2,7059,3314,3745,0,0,0,1.0,1,1.0,1,1.0,1,0.20534369435828678,60
4100,1,7060,3315,3745,0,0,0,1.0,1,1.0,1,1.0,1,0.21844605291476277,60
4101,5,7065,3316,3749,0,0,0,1.0,1,1.0,1,1.0,1,0.17140089690158863,60
4102,9,7074,3323,3751,0,0,0,1.0,1,1.0,1,1.0,1,0.16981009437866199,60
4103,1,7075,3324,3751,0,0,0,1.0,1,1.0,1,1.0,1,0.18690888746315562,58
4104,3,7078,3327,3751,0,0,0,1.0,1,1.0,1,1.0,1,0.1939673151881742,60
4105,1,7079,3328,3751,0,0,0,1.0,1,1.0,1,1.0,1,0.19644316604382217,59
4106,0,7079,3328,3751,0,0,0,1.0,1,1.0,1,1.0,1,0.19836459216723237,61
4107,0,7079,3328,3751,0,0,0,1.0,1,1.0,1,1.0,1,0.21133751143213694,59
4108,0,7079,3328,3751,0,0,0,1.0,1,1.0,1,1.0,1,0.21059552406509882,60
4109,3,7082,3329,3753,0,0,0,1.0,1,1.0,1,1.0,1,0.18017701525071483,59
4110,1,7083,3330,3753,0,0,0,1.0,1,1.0,1,1.0,1,0.1894461468998201,60
4111,5,7088,3331,3757,0,0,0,1.0,1,1.0,1,1.0,1,0.1707966005290037,61
4112,1,7089,3332,3757,0,0,0,1.0,1,1.0,1,1.0,1,0.16461797681246546,60
4113,0,7089,3332,3757,0,0,0,1.0,1,1.0,1,1.0,1,0.16477513465641525,61
4114,0,7089,3332,3757,0,0,0,1.0,1,1.0,1,1.0,1,0.17403416095913277,62
4115,4,7093,3334,3759,0,0,0,1.0,1,1.0,1,1.0,1,0.15759293317906117,60
4116,1,7094,3335,3759,0,0,0,1.0,1,1.0,1,1.0,1,0.1630341633632866,59
4117,2,7096,3336,3760,0,0,0,1.0,1,1.0,1,1.0,1,0.17635375013819088,56
4118,0,7096,3336,3760,0,0,0,1.0,1,1.0,1,1.0,1,0.1729809417004011,55
4119,0,7096,3336,3760,0,0,0,1.0,1,1.0,1,1.0,1,0.20182641122949668,53
4120,2,7098,3338,3760,0,0,0,1.0,1,1.0,1,1.0,1,0.22021093845707898,52
4121,9,7107,3344,3763,0,0,0,1.0,1,1.0,1,1.0,1,0.22233982292721405,53
4122,1,7108,3345,3763,0,0,0,1.0,1,1.0,1,1.0,1,0.22344486973284694,52
4123,3,7111,3348,3763,0,0,0,1.0,1,1.0,1,1.0,1,0.25746682271604426,51
4124,1,7112,3349,3763,0,0,0,1.0,1,1.0,1,1.0,1,0.2783300910004526,51
4125,3,7115,3350,3765,0,0,0,1.0,1,1.0,1,1.0,1,0.24936036608715076,50
4126,3,7118,3353,3765,0,0,0,1.0,1,1.0,1,1.0,1,0.27403274150537726,50
4127,0,7118,3353,3765,0,0,0,1.0,1,1.0,1,1.0,1,0.27517672972491986,49
4128,1,7119,3353,3766,0,0,0,1.0,1,1.0,1,1.0,1,0.2594775504812253,49
4129,0,7119,3353,3766,0,0,0,1.0,1,1.0,1,1.0,1,0.2594775504812253,49
4130,1,7120,3354,3766,0,0,0,1.0,1,1.0,1,1.0,1,0.25883314030897225,50
4131,3,7123,3355,3768,0,0,0,1.0,1,1.0,1,1.0,1,0.20001745832370402,50
4132,0,7123,3355,3768,0,0,0,1.0,1,1.0,1,1.0,1,0.20001745832370402,50
4133,1,7124,3356,3768,0,0,0,1.0,1,1.0,1,1.0,1,0.21987351177396128,51
4134,0,7124,3356,3768,0,0,0,1.0,1,1.0,1,1.0,1,0.21555516146627862,53
4135,1,7125,3356,3769,0,0,0,1.0,1,1.0,1,1.0,1,0.20303909348933796,54
4136,0,7125,3356,3769,0,0,0,1.0,1,1.0,1,1.0,1,0.20303909348933796,54
4137,2,7127,3358,3769,0,0,0,1.0,1,1.0,1,1.0,1,0.25713658286568597,55
4138,2,7129,3359,3770,0,0,0,1.0,1,1.0,1,1.0,1,0.22807990974403838,54
4139,0,7129,3359,3770,0,0,0,1.0,1,1.0,1,1.0,1,0.22807990974403838,54
4140,0,7129,3359,3770,0,0,0,1.0,1,1.0,1,1.0,1,0.2283047150878262,55
4141,4,7133,3359,3774,0,0,0,1.0,1,1.0,1,1.0,1,0.20472440611026574,55
4142,3,7136,3360,3776,0,0,0,1.0,1,1.0,1,1.0,1,0.2105406950910544,55
4143,1,7137,3360,3777,0,0,0,1.0,1,1.0,1,1.0,1,0.21736169529492647,53
4144,2,7139,3360,3779,0,0,0,1.0,1,1.0,1,1.0,1,0.19667154513759214,52
4145,2,7141,3361,3780,0,0,0,1.0,1,1.0,1,1.0,1,0.18151579370195792,51
4146,0,7141,3361,3780,0,0,0,1.0,1,1.0,1,1.0,1,0.20449396739921152,51
4147,1,7142,3362,3780,0,0,0,1.0,1,1.0,1,1.0,1,0.22038036901863314,50
4148,5,7147,3363,3784,0,0,0,1.0,1,1.0,1,1.0,1,0.2290213954160564,52
4149,1,7148,3363,3785,0,0,0,1.0,1,1.0,1,1.0,1,0.19637963167707048,53
4150,2,7150,3365,3785,0,0,0,1.0,1,1.0,1,1.0,1,0.24276846041683647,53
4151,1,7151,3365,3786,0,0,0,1.0,1,1.0,1,1.0,1,0.2221131890993381,53
4152,4,7155,3368,3787,0,0,0,1.0,1,1.0,1,1.0,1,0.20337314365851544,54
4153,2,7157,3369,3788,0,0,0,1.0,1,1.0,1,1.0,1,0.210138536129381,51
4154,1,7158,3369,3789,0,0,0,1.0,1,1.0,1,1.0,1,0.19772090841445494,51
4155,4,7162,3372,3790,0,0,0,1.0,1,1.0,1,1.0,1,0.268209145353341,51
4156,4,7166,3375,3791,0,0,0,1.0,1,1.0,1,1.0,1,0.258572270529538,52
4157,0,7166,3375,3791,0,0,0,1.0,1,1.0,1,1.0,1,0.2678542890146513,52
4158,1,7167,3375,3792,0,0,0,1.0,1,1.0,1,1.0,1,0.2536773406706889,52
4159,0,7167,3375,3792,0,0,0,1.0,1,1.0,1,1.0,1,0.23741470170666415,52
4160,2,7169,3377,3792,0,0,0,1.0,1,1.0,1,1.0,1,0.2397036741230123,50
4161,1,7170,3377,3793,0,0,0,1.0,1,1.0,1,1.0,1,0.2238260821703286,50
4162,1,7171,3378,3793,0,0,0,1.0,1,1.0,1,1.0,1,0.2545761474552801,51
4163,2,7173,3378,3795,0,0,0,1.0,1,1.0,1,1.0,1,0.23654184314522023,48
4164,5,7178,3380,3798,0,0,0,1.0,1,1.0,1,1.0,1,0.2556479667842849,50
4165,0,7178,3380,3798,0,0,0,1.0,1,1.0,1,1.0,1,0.24409930129476193,49
4166,0,7178,3380,3798,0,0,0,1.0,1,1.0,1,1.0,1,0.2465538867673087,50
4167,0,7178,3380,3798,0,0,0,1.0,1,1.0,1,1.0,1,0.24747780138837888,50
4168,1,7179,3381,3798,0,0,0,1.0,1,1.0,1,1.0,1,0.27135374933705003,50
4169,1,7180,3382,3798,0,0,0,1.0,1,1.0,1,1.0,1,0.2643135165392595,51
4170,2,7182,3383,3799,0,0,0,1.0,1,1.0,1,1.0,1,0.2996391308225281,50
4171,2,7184,3385,3799,0,0,0,1.0,1,1.0,1,1.0,1,0.28353136826813075,50
4172,0,7184,3385,3799,0,0,0,1.0,1,1.0,1,1.0,1,0.3079681425854947,49
4173,3,7187,3386,3801,0,0,0,1.0,1,1.0,1,1.0,1,0.32115020781325154,48
4174,2,7189,3386,3803,0,0,0,1.0,1,1.0,1,1.0,1,0.3013992275235716,48
4175,1,7190,3387,3803,0,0,0,1.0,1,1.0,1,1.0,1,0.29611467293349314,48
4176,3,7193,3388,3805,0,0,0,1.0,1,1.0,1,1.0,1,0.3006633967325138,50
4177,2,7195,3390,3805,0,0,0,1.0,1,1.0,1,1.0,1,0.31603896326177827,52
4178,1,7196,3390,3806,0,0,0,1.0,1,1.0,1,1.0,1,0.302064599601763,53
4179,2,7198,3392,3806,0,0,0,1.0,1,1.0,1,1.0,1,0.315920170879099,54
4180,6,7204,3392,3812,0,0,0,1.0,1,1.0,1,1.0,1,0.26647312491847963,55
4181,5,7209,3392,3817,0,0,0,1.0,1,1.0,1,1.0,1,0.22020555314100204,56
4182,1,7210,3393,3817,0,0,0,1.0,1,1.0,1,1.0,1,0.22984456608022372,56
4183,2,7212,3394,3818,0,0,0,1.0,1,1.0,1,1.0,1,0.23124871119311086,57
4184,3,7215,3396,3819,0,0,0,1.0,1,1.0,1,1.0,1,0.2649446310748057,57
4185,2,7217,3396,3821,0,0,0,1.0,1,1.0,1,1.0,1,0.23903726217314072,54
4186,2,7219,3398,3821,0,0,0,1.0,1,1.0,1,1.0,1,0.2209303431189786,55
4187,0,7219,3398,3821,0,0,0,1.0,1,1.0,1,1.0,1,0.2093810208449455,53
4188,1,7220,3398,3822,0,0,0,1.0,1,1.0,1,1.0,1,0.19314081027097085,53
4189,1,7221,3398,3823,0,0,0,1.0,1,1.0,1,1.0,1,0.1843924694285218,53
4190,1,7222,3399,3823,0,0,0,1.0,1,1.0,1,1.0,1,0.1763173737039672,53
4191,2,7224,3399,3825,0,0,0,1.0,1,1.0,1,1.0,1,0.17999749956709044,51
4192,4,7228,3402,3826,0,0,0,1.0,1,1.0,1,1.0,1,0.1877427584035311,51
4193,2,7230,3404,3826,0,0,0,1.0,1,1.0,1,1.0,1,0.22917765733819764,50
4194,1,7231,3404,3827,0,0,0,1.0,1,1.0,1,1.0,1,0.2213483768517291,50
4195,2,7233,3404,3829,0,0,0,1.0,1,1.0,1,1.0,1,0.21416556049773092,50
4196,3,7236,3405,3831,0,0,0,1.0,1,1.0,1,1.0,1,0.24326142740913528,51
4197,2,7238,3406,3832,0,0,0,1.0,1,1.0,1,1.0,1,0.24843153671674376,50
4198,1,7239,3407,3832,0,0,0,1.0,1,1.0,1,1.0,1,0.25721259593346196,48
4199,1,7240,3407,3833,0,0,0,1.0,1,1.0,1,1.0,1,0.30473930202175264,48
4200,2,7242,3408,3834,0,0,0,1.0,1,1.0,1,1.0,1,0.32598358105858416,48
4201,4,7246,3408,3838,0,0,0,1.0,1,1.0,1,1.0,1,0.26710946819571213,47
4202,0,7246,3408,3838,0,0,0,1.0,1,1.0,1,1.0,1,0.26710946819571213,47
4203,0,7246,3408,3838,0,0,0,1.0,1,1.0,1,1.0,1,0.26710946819571213,47
4204,2,7248,3410,3838,0,0,0,1.0,1,1.0,1,1.0,1,0.3043693761070626,48
4205,0,7248,3410,3838,0,0,0,1.0,1,1.0,1,1.0,1,0.29903034328987094,49
4206,1,7249,3410,3839,0,0,0,1.0,1,1.0,1,1.0,1,0.2834380816460927,49
4207,0,7249,3410,3839,0,0,0,1.0,1,1.0,1,1.0,1,0.27062233036335104,48
4208,2,7251,3412,3839,0,0,0,1.0,1,1.0,1,1.0,1,0.27062707045167916,49
4209,4,7255,3414,3841,0,0,0,1.0,1,1.0,1,1.0,1,0.2584924334893014,51
4210,1,7256,3415,3841,0,0,0,1.0,1,1.0,1,1.0,1,0.28644053044927165,52
4211,3,7259,3415,3844,0,0,0,1.0,1,1.0,1,1.0,1,0.2646215328214516,53
4212,0,7259,3415,3844,0,0,0,1.0,1,1.0,1,1.0,1,0.2646215328214516,53
4213,1,7260,3415,3845,0,0,0,1.0,1,1.0,1,1.0,1,0.2540665677826659,54
4214,2,7262,3416,3846,0,0,0,1.0,1,1.0,1,1.0,1,0.2718886418887423,54
4215,2,7264,3417,3847,0,0,0,1.0,1,1.0,1,1.0,1,0.27023966442574004,54
4216,0,7264,3417,3847,0,0,0,1.0,1,1.0,1,1.0,1,0.2893678236602345,53
4217,2,7266,3419,3847,0,0,0,1.0,1,1.0,1,1.0,1,0.3237338132676482,54
4218,3,7269,3420,3849,0,0,0,1.0,1,1.0,1,1.0,1,0.32186809532385297,53
4219,5,7274,3421,3853,0,0,0,1.0,1,1.0,1,1.0,1,0.34786851153262704,53
4220,2,7276,3421,3855,0,0,0,1.0,1,1.0,1,1.0,1,0.37431765175080794,53
4221,4,7280,3421,3859,0,0,0,1.0,1,1.0,1,1.0,1,0.34237504222083437,54
4222,4,7284,3424,3860,0,0,0,1.0,1,1.0,1,1.0,1,0.3604316475104295,55
4223,6,7290,3425,3865,0,0,0,1.0,1,1.0,1,1.0,1,0.3173219140500163,56
4224,2,7292,3427,3865,0,0,0,1.0,1,1.0,1,1.0,1,0.3233439717425691,55
4225,0,7292,3427,3865,0,0,0,1.0,1,1.0,1,1.0,1,0.32227185569774525,53
4226,2,7294,3429,3865,0,0,0,1.0,1,1.0,1,1.0,1,0.3445013842019569,54
4227,0,7294,3429,3865,0,0,0,1.0,1,1.0,1,1.0,1,0.3412813812956675,52
4228,3,7297,3432,3865,0,0,0,1.0,1,1.0,1,1.0,1,0.3508741939958454,51
4229,2,7299,3434,3865,0,0,0,1.0,1,1.0,1,1.0,1,0.3642157140968146,48
4230,2,7301,3436,3865,0,0,0,1.0,1,1.0,1,1.0,1,0.3998503829647692,48
4231,4,7305,3436,3869,0,0,0,1.0,1,1.0,1,1.0,1,0.342644160794684,48
4232,0,7305,3436,3869,0,0,0,1.0,1,1.0,1,1.0,1,0.3197919253194597,48
4233,0,7305,3436,3869,0,0,0,1.0,1,1.0,1,1.0,1,0.2976462580955422,48
4234,4,7309,3437,3872,0,0,0,1.0,1,1.0,1,1.0,1,0.24832577778029583,49
4235,3,7312,3437,3875,0,0,0,1.0,1,1.0,1,1.0,1,0.19759943892921464,47
4236,1,7313,3438,3875,0,0,0,1.0,1,1.0,1,1.0,1,0.21440225117315326,47
4237,0,7313,3438,3875,0,0,0,1.0,1,1.0,1,1.0,1,0.20775069511311,48
4238,0,7313,3438,3875,0,0,0,1.0,1,1.0,1,1.0,1,0.23571301464909938,47
4239,2,7315,3438,3877,0,0,0,1.0,1,1.0,1,1.0,1,0.22646872012171698,48
4240,5,7320,3439,3881,0,0,0,1.0,1,1.0,1,1.0,1,0.1941243424749339,47
4241,0,7320,3439,3881,0,0,0,1.0,1,1.0,1,1.0,1,0.2038054658296181,49
4242,0,7320,3439,3881,0,0,0,1.0,1,1.0,1,1.0,1,0.20993830690325024,49
4243,3,7323,3440,3883,0,0,0,1.0,1,1.0,1,1.0,1,0.2071226592446532,50
4244,0,7323,3440,3883,0,0,0,1.0,1,1.0,1,1.0,1,0.23556292076860613,51
4245,1,7324,3440,3884,0,0,0,1.0,1,1.0,1,1.0,1,0.2555070794934112,51
4246,0,7324,3440,3884,0,0,0,1.0,1,1.0,1,1.0,1,0.2555070794934112,51
4247,0,7324,3440,3884,0,0,0,1.0,1,1.0,1,1.0,1,0.2633881037181468,52
4248,0,7324,3440,3884,0,0,0,1.0,1,1.0,1,1.0,1,0.2633881037181468,52
4249,0,7324,3440,3884,0,0,0,1.0,1,1.0,1,1.0,1,0.2633881037181468,52
4250,5,7329,3442,3887,0,0,0,1.0,1,1.0,1,1.0,1,0.21875964072051857,52
4251,4,7333,3444,3889,0,0,0,1.0,1,1.0,1,1.0,1,0.21347806748935147,53
4252,4,7337,3445,3892,0,0,0,1.0,1,1.0,1,1.0,1,0.21190906922280525,53
4253,4,7341,3447,3894,0,0,0,1.0,1,1.0,1,1.0,1,0.18596202428453665,54
4254,2,7343,3448,3895,0,0,0,1.0,1,1.0,1,1.0,1,0.19069651084330347,54
4255,2,7345,3449,3896,0,0,0,1.0,1,1.0,1,1.0,1,0.19973550391184042,55
4256,2,7347,3450,3897,0,0,0,1.0,1,1.0,1,1.0,1,0.17917202688675368,57
4257,1,7348,3450,3898,0,0,0,1.0,1,1.0,1,1.0,1,0.1699190388658078,57
4258,1,7349,3451,3898,0,0,0,1.0,1,1.0,1,1.0,1,0.20680855320131897,57
4259,2,7351,3451,3900,0,0,0,1.0,1,1.0,1,1.0,1,0.16599775053838844,57
4260,1,7352,3451,3901,0,0,0,1.0,1,1.0,1,1.0,1,0.16461845801587183,58
4261,2,7354,3452,3902,0,0,0,1.0,1,1.0,1,1.0,1,0.17150643200534815,59
4262,0,7354,3452,3902,0,0,0,1.0,1,1.0,1,1.0,1,0.17051844178526254,60
4263,2,7356,3454,3902,0,0,0,1.0,1,1.0,1,1.0,1,0.19053004977753485,59
4264,3,7359,3456,3903,0,0,0,1.0,1,1.0,1,1.0,1,0.21052077242919934,58
4265,1,7360,3457,3903,0,0,0,1.0,1,1.0,1,1.0,1,0.21604394654301898,58
4266,1,7361,3457,3904,0,0,0,1.0,1,1.0,1,1.0,1,0.2126096759509142,58
4267,1,7362,3457,3905,0,0,0,1.0,1,1.0,1,1.0,1,0.20089039105832515,55
4268,3,7365,3459,3906,0,0,0,1.0,1,1.0,1,1.0,1,0.22204277677906717,55
4269,1,7366,3459,3907,0,0,0,1.0,1,1.0,1,1.0,1,0.22085637591192858,50
4270,3,7369,3462,3907,0,0,0,1.0,1,1.0,1,1.0,1,0.26137825074465104,47
4271,6,7375,3464,3911,0,0,0,1.0,1,1.0,1,1.0,1,0.244329920329579,47
4272,0,7375,3464,3911,0,0,0,1.0,1,1.0,1,1.0,1,0.2509427382544024,46
4273,4,7379,3466,3913,0,0,0,1.0,1,1.0,1,1.0,1,0.2853335577922346,47
4274,2,7381,3466,3915,0,0,0,1.0,1,1.0,1,1.0,1,0.2809215539576578,45
4275,4,7385,3470,3915,0,0,0,1.0,1,1.0,1,1.0,1,0.25391299606828993,44
4276,2,7387,3471,3916,0,0,0,1.0,1,1.0,1,1.0,1,0.22860792576362868,43
4277,3,7390,3474,3916,0,0,0,1.0,1,1.0,1,1.0,1,0.22316178705950937,42
4278,3,7393,3476,3917,0,0,0,1.0,1,1.0,1,1.0,1,0.2554562746663934,43
4279,5,7398,3478,3920,0,0,0,1.0,1,1.0,1,1.0,1,0.3178277486013478,42
4280,3,7401,3480,3921,0,0,0,1.0,1,1.0,1,1.0,1,0.3385060212422154,44
4281,6,7407,3481,3926,0,0,0,1.0,1,1.0,1,1.0,1,0.22411161251090037,44
4282,2,7409,3481,3928,0,0,0,1.0,1,1.0,1,1.0,1,0.19615323214531669,44
4283,2,7411,3481,3930,0,0,0,1.0,1,1.0,1,1.0,1,0.186213225081642,45
4284,1,7412,3481,3931,0,0,0,1.0,1,1.0,1,1.0,1,0.17976130903548213,45
4285,0,7412,3481,3931,0,0,0,1.0,1,1.0,1,1.0,1,0.16420062224476673,47
4286,1,7413,3481,3932,0,0,0,1.0,1,1.0,1,1.0,1,0.16473973639608722,47
4287,2,7415,3481,3934,0,0,0,1.0,1,1.0,1,1.0,1,0.16517711293417972,49
4288,1,7416,3481,3935,0,0,0,1.0,1,1.0,1,1.0,1,0.15191304102469172,49
4289,4,7420,3481,3939,0,0,0,1.0,1,1.0,1,1.0,1,0.15827613722922926,50
4290,2,7422,3481,3941,0,0,0,1.0,1,1.0,1,1.0,1,0.12949996632273642,51
4291,2,7424,3482,3942,0,0,0,1.0,1,1.0,1,1.0,1,0.14361459978063854,50
4292,1,7425,3483,3942,0,0,0,1.0,1,1.0,1,1.0,1,0.18101627895045064,51
4293,0,7425,3483,3942,0,0,0,1.0,1,1.0,1,1.0,1,0.16933526315614802,51
4294,2,7427,3485,3942,0,0,0,1.0,1,1.0,1,1.0,1,0.2249965939074189,50
4295,1,7428,3486,3942,0,0,0,1.0,1,1.0,1,1.0,1,0.23689646410571252,50
4296,0,7428,3486,3942,0,0,0,1.0,1,1.0,1,1.0,1,0.2433782519713589,49
4297,0,7428,3486,3942,0,0,0,1.0,1,1.0,1,1.0,1,0.25776854710088876,49
4298,0,7428,3486,3942,0,0,0,1.0,1,1.0,1,1.0,1,0.25776854710088876,49
4299,0,7428,3486,3942,0,0,0,1.0,1,1.0,1,1.0,1,0.2744715309578357,48
4300,1,7429,3487,3942,0,0,0,1.0,1,1.0,1,1.0,1,0.256864774276067,49
4301,7,7436,3489,3947,0,0,0,1.0,1,1.0,1,1.0,1,0.14630861564116657,50
4302,1,7437,3489,3948,0,0,0,1.0,1,1.0,1,1.0,1,0.1395358163328588,51
4303,1,7438,3490,3948,0,0,0,1.0,1,1.0,1,1.0,1,0.15386559376928313,51
4304,4,7442,3493,3949,0,0,0,1.0,1,1.0,1,1.0,1,0.1945148602723327,51
4305,2,7444,3495,3949,0,0,0,1.0,1,1.0,1,1.0,1,0.18493451456309343,49
4306,3,7447,3498,3949,0,0,0,1.0,1,1.0,1,1.0,1,0.20144220521879455,49
4307,3,7450,3500,3950,0,0,0,1.0,1,1.0,1,1.0,1,0.13593675509702752,46
4308,1,7451,3501,3950,0,0,0,1.0,1,1.0,1,1.0,1,0.16389164025468397,44
4309,1,7452,3501,3951,0,0,0,1.0,1,1.0,1,1.0,1,0.16914959452335418,44
4310,1,7453,3502,3951,0,0,0,1.0,1,1.0,1,1.0,1,0.20028265385217864,42
4311,4,7457,3504,3953,0,0,0,1.0,1,1.0,1,1.0,1,0.20139518766105616,42
4312,1,7458,3505,3953,0,0,0,1.0,1,1.0,1,1.0,1,0.21187927318014285,40
4313,3,7461,3507,3954,0,0,0,1.0,1,1.0,1,1.0,1,0.22702317883322,40
4314,1,7462,3508,3954,0,0,0,1.0,1,1.0,1,1.0,1,0.30297594569198194,36
4315,5,7467,3510,3957,0,0,0,1.0,1,1.0,1,1.0,1,0.3078845771425693,37
4316,4,7471,3513,3958,0,0,0,1.0,1,1.0,1,1.0,1,0.35284785566383364,37
4317,4,7475,3515,3960,0,0,0,1.0,1,1.0,1,1.0,1,0.3643523274322171,36
4318,1,7476,3516,3960,0,0,0,1.0,1,1.0,1,1.0,1,0.3288460254997534,34
4319,0,7476,3516,3960,0,0,0,1.0,1,1.0,1,1.0,1,0.32628921318648163,34
4320,0,7476,3516,3960,0,0,0,1.0,1,1.0,1,1.0,1,0.32628921318648163,34
4321,2,7478,3516,3962,0,0,0,1.0,1,1.0,1,1.0,1,0.31036711940766515,35
4322,0,7478,3516,3962,0,0,0,1.0,1,1.0,1,1.0,1,0.31036711940766515,35
4323,1,7479,3516,3963,0,0,0,1.0,1,1.0,1,1.0,1,0.2869982133144181,35
4324,1,7480,3517,3963,0,0,0,1.0,1,1.0,1,1.0,1,0.2862067328944253,34
4325,0,7480,3517,3963,0,0,0,1.0,1,1.0,1,1.0,1,0.2862067328944253,34
4326,2,7482,3518,3964,0,0,0,1.0,1,1.0,1,1.0,1,0.2920193500450742,36
4327,0,7482,3518,3964,0,0,0,1.0,1,1.0,1,1.0,1,0.2952250631455622,35
4328,1,7483,3518,3965,0,0,0,1.0,1,1.0,1,1.0,1,0.2422324650878863,35
4329,3,7486,3519,3967,0,0,0,1.0,1,1.0,1,1.0,1,0.2202573385171619,38
4330,3,7489,3521,3968,0,0,0,1.0,1,1.0,1,1.0,1,0.26964899948412935,38
4331,4,7493,3521,3972,0,0,0,1.0,1,1.0,1,1.0,1,0.19335125508016476,39
4332,0,7493,3521,3972,0,0,0,1.0,1,1.0,1,1.0,1,0.21232810463538204,40
4333,0,7493,3521,3972,0,0,0,1.0,1,1.0,1,1.0,1,0.18934128513469625,41
4334,0,7493,3521,3972,0,0,0,1.0,1,1.0,1,1.0,1,0.18934128513469625,41
4335,3,7496,3523,3973,0,0,0,1.0,1,1.0,1,1.0,1,0.18334600822363095,42
4336,1,7497,3523,3974,0,0,0,1.0,1,1.0,1,1.0,1,0.18101551162149987,43
4337,0,7497,3523,3974,0,0,0,1.0,1,1.0,1,1.0,1,0.17603472152543037,44
4338,0,7497,3523,3974,0,0,0,1.0,1,1.0,1,1.0,1,0.17603472152543037,44
4339,3,7500,3524,3976,0,0,0,1.0,1,1.0,1,1.0,1,0.18695650345995538,46
4340,6,7506,3524,3982,0,0,0,1.0,1,1.0,1,1.0,1,0.16784900020086216,47
4341,2,7508,3524,3984,0,0,0,1.0,1,1.0,1,1.0,1,0.13970704966361192,47
4342,5,7513,3527,3986,0,0,0,1.0,1,1.0,1,1.0,1,0.15920143656399727,47
4343,1,7514,3528,3986,0,0,0,1.0,1,1.0,1,1.0,1,0.09912865081560855,42
4344,2,7516,3530,3986,0,0,0,1.0,1,1.0,1,1.0,1,0.1587394343428531,42
4345,3,7519,3533,3986,0,0,0,1.0,1,1.0,1,1.0,1,0.2460481719490638,39
4346,3,7522,3535,3987,0,0,0,1.0,1,1.0,1,1.0,1,0.24439019014317692,37
4347,1,7523,3536,3987,0,0,0,1.0,1,1.0,1,1.0,1,0.3069674286143038,37
4348,5,7528,3540,3988,0,0,0,1.0,1,1.0,1,1.0,1,0.4353577405436932,38
4349,3,7531,3540,3991,0,0,0,1.0,1,1.0,1,1.0,1,0.31498890688436876,36
4350,2,7533,3541,3992,0,0,0,1.0,1,1.0,1,1.0,1,0.32884041837925676,37
4351,1,7534,3542,3992,0,0,0,1.0,1,1.0,1,1.0,1,0.35176485985786443,35
4352,0,7534,3542,3992,0,0,0,1.0,1,1.0,1,1.0,1,0.3630987449880813,34
4353,2,7536,3542,3994,0,0,0,1.0,1,1.0,1,1.0,1,0.32503103878122463,34
4354,1,7537,3542,3995,0,0,0,1.0,1,1.0,1,1.0,1,0.30284424493058243,32
4355,2,7539,3542,3997,0,0,0,1.0,1,1.0,1,1.0,1,0.21615949200073925,32
4356,1,7540,3543,3997,0,0,0,1.0,1,1.0,1,1.0,1,0.2329447433412504,34
4357,0,7540,3543,3997,0,0,0,1.0,1,1.0,1,1.0,1,0.23937607393418064,35
4358,2,7542,3545,3997,0,0,0,1.0,1,1.0,1,1.0,1,0.28054186728427816,35
4359,5,7547,3547,4000,0,0,0,1.0,1,1.0,1,1.0,1,0.2539345212777787,37
4360,1,7548,3547,4001,0,0,0,1.0,1,1.0,1,1.0,1,0.29654965804132855,38
4361,3,7551,3547,4004,0,0,0,1.0,1,1.0,1,1.0,1,0.20269688353120702,39
4362,2,7553,3549,4004,0,0,0,1.0,1,1.0,1,1.0,1,0.24810302700016384,38
4363,0,7553,3549,4004,0,0,0,1.0,1,1.0,1,1.0,1,0.24810302700016384,38
4364,1,7554,3550,4004,0,0,0,1.0,1,1.0,1,1.0,1,0.2535755038455953,39
4365,1,7555,3550,4005,0,0,0,1.0,1,1.0,1,1.0,1,0.23744815310554646,39
4366,2,7557,3551,4006,0,0,0,1.0,1,1.0,1,1.0,1,0.2567081503072817,39
4367,5,7562,3552,4010,0,0,0,1.0,1,1.0,1,1.0,1,0.27626120409319554,41
4368,1,7563,3553,4010,0,0,0,1.0,1,1.0,1,1.0,1,0.3158761925976077,41
4369,2,7565,3553,4012,0,0,0,1.0,1,1.0,1,1.0,1,0.3129913682422868,42
4370,1,7566,3553,4013,0,0,0,1.0,1,1.0,1,1.0,1,0.3149946822981193,42
4371,3,7569,3553,4016,0,0,0,1.0,1,1.0,1,1.0,1,0.2688885425557603,43
4372,1,7570,3554,4016,0,0,0,1.0,1,1.0,1,1.0,1,0.2404425720301994,43
4373,1,7571,3554,4017,0,0,0,1.0,1,1.0,1,1.0,1,0.234865422163075,43
4374,1,7572,3554,4018,0,0,0,1.0,1,1.0,1,1.0,1,0.23260023382020473,44
4375,2,7574,3555,4019,0,0,0,1.0,1,1.0,1,1.0,1,0.21414660216773207,45
4376,3,7577,3555,4022,0,0,0,1.0,1,1.0,1,1.0,1,0.19612806428647853,46
4377,4,7581,3559,4022,0,0,0,1.0,1,1.0,1,1.0,1,0.24512204934592605,47
4378,3,7584,3559,4025,0,0,0,1.0,1,1.0,1,1.0,1,0.24206456132982657,49
4379,6,7590,3562,4028,0,0,0,1.0,1,1.0,1,1.0,1,0.300924430058254,51
4380,2,7592,3562,4030,0,0,0,1.0,1,1.0,1,1.0,1,0.2981612106426089,50
4381,7,7599,3562,4037,0,0,0,1.0,1,1.0,1,1.0,1,0.22646693293100087,49
4382,4,7603,3564,4039,0,0,0,1.0,1,1.0,1,1.0,1,0.23150594866462104,47
4383,2,7605,3565,4040,0,0,0,1.0,1,1.0,1,1.0,1,0.22344590228720798,47
4384,1,7606,3566,4040,0,0,0,1.0,1,1.0,1,1.0,1,0.2523222980220691,44
4385,1,7607,3567,4040,0,0,0,1.0,1,1.0,1,1.0,1,0.22572716411604377,42
4386,4,7611,3569,4042,0,0,0,1.0,1,1.0,1,1.0,1,0.3024787466795079,41
4387,2,7613,3569,4044,0,0,0,1.0,1,1.0,1,1.0,1,0.2673437681156423,39
4388,3,7616,3570,4046,0,0,0,1.0,1,1.0,1,1.0,1,0.28343102649973584,39
4389,5,7621,3572,4049,0,0,0,1.0,1,1.0,1,1.0,1,0.3105458353901649,38
4390,1,7622,3572,4050,0,0,0,1.0,1,1.0,1,1.0,1,0.2698012187984968,38
4391,1,7623,3572,4051,0,0,0,1.0,1,1.0,1,1.0,1,0.24226439987266815,39
4392,1,7624,3572,4052,0,0,0,1.0,1,1.0,1,1.0,1,0.21979707810137697,39
4393,0,7624,3572,4052,0,0,0,1.0,1,1.0,1,1.0,1,0.208281968172038,40
4394,0,7624,3572,4052,0,0,0,1.0,1,1.0,1,1.0,1,0.22745608479901808,39
4395,0,7624,3572,4052,0,0,0,1.0,1,1.0,1,1.0,1,0.22745608479901808,39
4396,0,7624,3572,4052,0,0,0,1.0,1,1.0,1,1.0,1,0.21623953563348622,39
4397,3,7627,3573,4054,0,0,0,1.0,1,1.0,1,1.0,1,0.2198510996475104,38
4398,0,7627,3573,4054,0,0,0,1.0,1,1.0,1,1.0,1,0.2247373420100024,39
4399,1,7628,3573,4055,0,0,0,1.0,1,1.0,1,1.0,1,0.22246055947600543,42
4400,0,7628,3573,4055,0,0,0,1.0,1,1.0,1,1.0,1,0.22605594128406553,43
4401,0,7628,3573,4055,0,0,0,1.0,1,1.0,1,1.0,1,0.21672364804430352,44
4402,0,7628,3573,4055,0,0,0,1.0,1,1.0,1,1.0,1,0.21672364804430352,44
4403,0,7628,3573,4055,0,0,0,1.0,1,1.0,1,1.0,1,0.21072437076644532,45
4404,0,7628,3573,4055,0,0,0,1.0,1,1.0,1,1.0,1,0.21072437076644532,45
4405,1,7629,3573,4056,0,0,0,1.0,1,1.0,1,1.0,1,0.21065640666483076,46
4406,1,7630,3574,4056,0,0,0,1.0,1,1.0,1,1.0,1,0.23798320632902603,46
4407,0,7630,3574,4056,0,0,0,1.0,1,1.0,1,1.0,1,0.23798320632902603,46
4408,0,7630,3574,4056,0,0,0,1.0,1,1.0,1,1.0,1,0.24185494716146164,47
4409,2,7632,3575,4057,0,0,0,1.0,1,1.0,1,1.0,1,0.2813495871531071,48
4410,1,7633,3575,4058,0,0,0,1.0,1,1.0,1,1.0,1,0.2664477749873905,48
4411,2,7635,3576,4059,0,0,0,1.0,1,1.0,1,1.0,1,0.24815950141446164,50
4412,3,7638,3577,4061,0,0,0,1.0,1,1.0,1,1.0,1,0.23437019495394296,50
4413,2,7640,3577,4063,0,0,0,1.0,1,1.0,1,1.0,1,0.21982101623960812,50
4414,1,7641,3577,4064,0,0,0,1.0,1,1.0,1,1.0,1,0.2138142512985472,51
4415,1,7642,3578,4064,0,0,0,1.0,1,1.0,1,1.0,1,0.20139507869356696,51
4416,0,7642,3578,4064,0,0,0,1.0,1,1.0,1,1.0,1,0.20139507869356696,51
4417,3,7645,3580,4065,0,0,0,1.0,1,1.0,1,1.0,1,0.2003589280989786,51
4418,1,7646,3581,4065,0,0,0,1.0,1,1.0,1,1.0,1,0.21273620019969422,51
4419,0,7646,3581,4065,0,0,0,1.0,1,1.0,1,1.0,1,0.20651967661735632,50
4420,1,7647,3582,4065,0,0,0,1.0,1,1.0,1,1.0,1,0.23481877587857966,50
4421,2,7649,3582,4067,0,0,0,1.0,1,1.0,1,1.0,1,0.19952942620830702,52
4422,1,7650,3582,4068,0,0,0,1.0,1,1.0,1,1.0,1,0.21140441620323977,51
4423,0,7650,3582,4068,0,0,0,1.0,1,1.0,1,1.0,1,0.21140441620323977,51
4424,0,7650,3582,4068,0,0,0,1.0,1,1.0,1,1.0,1,0.22227349520486878,53
4425,0,7650,3582,4068,0,0,0,1.0,1,1.0,1,1.0,1,0.2277337942010551,54
4426,2,7652,3583,4069,0,0,0,1.0,1,1.0,1,1.0,1,0.20635485111712118,55
4427,0,7652,3583,4069,0,0,0,1.0,1,1.0,1,1.0,1,0.20635485111712118,55
4428,0,7652,3583,4069,0,0,0,1.0,1,1.0,1,1.0,1,0.20635485111712118,55
4429,2,7654,3584,4070,0,0,0,1.0,1,1.0,1,1.0,1,0.20813476517502302,56
4430,1,7655,3584,4071,0,0,0,1.0,1,1.0,1,1.0,1,0.19469184880707335,55
4431,6,7661,3585,4076,0,0,0,1.0,1,1.0,1,1.0,1,0.1375539295677134,56
4432,0,7661,3585,4076,0,0,0,1.0,1,1.0,1,1.0,1,0.1375539295677134,56
4433,0,7661,3585,4076,0,0,0,1.0,1,1.0,1,1.0,1,0.1461112630237094,57
4434,0,7661,3585,4076,0,0,0,1.0,1,1.0,1,1.0,1,0.15052214350220672,56
4435,1,7662,3586,4076,0,0,0,1.0,1,1.0,1,1.0,1,0.15915923656463776,56
4436,2,7664,3588,4076,0,0,0,1.0,1,1.0,1,1.0,1,0.1666162917407283,55
4437,0,7664,3588,4076,0,0,0,1.0,1,1.0,1,1.0,1,0.18232052708829216,54
4438,1,7665,3589,4076,0,0,0,1.0,1,1.0,1,1.0,1,0.22356202288242694,54
4439,2,7667,3589,4078,0,0,0,1.0,1,1.0,1,1.0,1,0.21770193812696936,55
4440,1,7668,3590,4078,0,0,0,1.0,1,1.0,1,1.0,1,0.22402981230241117,55
4441,5,7673,3592,4081,0,0,0,1.0,1,1.0,1,1.0,1,0.17067688497490324,59
4442,3,7676,3593,4083,0,0,0,1.0,1,1.0,1,1.0,1,0.1573053873643818,61
4443,2,7678,3595,4083,0,0,0,1.0,1,1.0,1,1.0,1,0.19120231524204107,60
4444,2,7680,3595,4085,0,0,0,1.0,1,1.0,1,1.0,1,0.20452136902499635,61
4445,2,7682,3595,4087,0,0,0,1.0,1,1.0,1,1.0,1,0.19591149166406238,61
4446,0,7682,3595,4087,0,0,0,1.0,1,1.0,1,1.0,1,0.20545783550236513,62
4447,0,7682,3595,4087,0,0,0,1.0,1,1.0,1,1.0,1,0.19691804006274324,63
4448,0,7682,3595,4087,0,0,0,1.0,1,1.0,1,1.0,1,0.19691804006274324,63
4449,0,7682,3595,4087,0,0,0,1.0,1,1.0,1,1.0,1,0.19691804006274324,63
4450,0,7682,3595,4087,0,0,0,1.0,1,1.0,1,1.0,1,0.19679215265106137,62
4451,3,7685,3595,4090,0,0,0,1.0,1,1.0,1,1.0,1,0.17157126696617528,63
4452,0,7685,3595,4090,0,0,0,1.0,1,1.0,1,1.0,1,0.17767555532449766,64
4453,1,7686,3595,4091,0,0,0,1.0,1,1.0,1,1.0,1,0.1691679669853798,65
4454,0,7686,3595,4091,0,0,0,1.0,1,1.0,1,1.0,1,0.15608924140265626,66
4455,0,7686,3595,4091,0,0,0,1.0,1,1.0,1,1.0,1,0.14927880805734087,67
4456,5,7691,3598,4093,0,0,0,1.0,1,1.0,1,1.0,1,0.16018163955726408,67
4457,1,7692,3599,4093,0,0,0,1.0,1,1.0,1,1.0,1,0.17513271996954888,65
4458,1,7693,3599,4094,0,0,0,1.0,1,1.0,1,1.0,1,0.1878732560655651,65
4459,5,7698,3601,4097,0,0,0,1.0,1,1.0,1,1.0,1,0.23254385950852086,64
4460,1,7699,3601,4098,0,0,0,1.0,1,1.0,1,1.0,1,0.2427513438256013,63
4461,2,7701,3602,4099,0,0,0,1.0,1,1.0,1,1.0,1,0.26572677231129244,62
4462,8,7709,3608,4101,0,0,0,1.0,1,1.0,1,1.0,1,0.324261036079662,61
4463,7,7716,3611,4105,0,0,0,1.0,1,1.0,1,1.0,1,0.33273651727220305,61
4464,2,7718,3612,4106,0,0,0,1.0,1,1.0,1,1.0,1,0.3189101190332413,58
4465,3,7721,3614,4107,0,0,0,1.0,1,1.0,1,1.0,1,0.3302250219096727,57
4466,3,7724,3616,4108,0,0,0,1.0,1,1.0,1,1.0,1,0.35183286652885926,54
4467,3,7727,3618,4109,0,0,0,1.0,1,1.0,1,1.0,1,0.3062733246877078,52
4468,1,7728,3619,4109,0,0,0,1.0,1,1.0,1,1.0,1,0.3048411750809388,52
4469,3,7731,3620,4111,0,0,0,1.0,1,1.0,1,1.0,1,0.27058064179054964,51
4470,0,7731,3620,4111,0,0,0,1.0,1,1.0,1,1.0,1,0.2732417555625991,51
4471,5,7736,3622,4114,0,0,0,1.0,1,1.0,1,1.0,1,0.21250932127508457,50
4472,2,7738,3622,4116,0,0,0,1.0,1,1.0,1,1.0,1,0.18329967564760477,48
4473,0,7738,3622,4116,0,0,0,1.0,1,1.0,1,1.0,1,0.20999935645134213,47
4474,2,7740,3624,4116,0,0,0,1.0,1,1.0,1,1.0,1,0.1732742448061045,49
4475,0,7740,3624,4116,0,0,0,1.0,1,1.0,1,1.0,1,0.21121735684834914,47
4476,2,7742,3626,4116,0,0,0,1.0,1,1.0,1,1.0,1,0.21418808644390466,49
4477,1,7743,3627,4116,0,0,0,1.0,1,1.0,1,1.0,1,0.2542734606463546,48
4478,0,7743,3627,4116,0,0,0,1.0,1,1.0,1,1.0,1,0.2542734606463546,48
4479,1,7744,3628,4116,0,0,0,1.0,1,1.0,1,1.0,1,0.26316315153295783,48
4480,2,7746,3628,4118,0,0,0,1.0,1,1.0,1,1.0,1,0.2491193856222558,49
4481,4,7750,3628,4122,0,0,0,1.0,1,1.0,1,1.0,1,0.1803140939335389,49
4482,1,7751,3628,4123,0,0,0,1.0,1,1.0,1,1.0,1,0.17426019276842178,49
4483,0,7751,3628,4123,0,0,0,1.0,1,1.0,1,1.0,1,0.17068699487361524,50
4484,3,7754,3629,4125,0,0,0,1.0,1,1.0,1,1.0,1,0.15462434652979132,52
4485,2,7756,3630,4126,0,0,0,1.0,1,1.0,1,1.0,1,0.15618813813692314,53
4486,2,7758,3631,4127,0,0,0,1.0,1,1.0,1,1.0,1,0.17873919299721308,55
4487,4,7762,3633,4129,0,0,0,1.0,1,1.0,1,1.0,1,0.1648207256986438,55
4488,3,7765,3633,4132,0,0,0,1.0,1,1.0,1,1.0,1,0.1720598695250255,54
4489,5,7770,3634,4136,0,0,0,1.0,1,1.0,1,1.0,1,0.21919412132398708,53
4490,3,7773,3635,4138,0,0,0,1.0,1,1.0,1,1.0,1,0.2332253858194553,53
4491,1,7774,3635,4139,0,0,0,1.0,1,1.0,1,1.0,1,0.23238309089838283,52
4492,0,7774,3635,4139,0,0,0,1.0,1,1.0,1,1.0,1,0.23238309089838283,52
4493,3,7777,3636,4141,0,0,0,1.0,1,1.0,1,1.0,1,0.24357694880587133,52
4494,2,7779,3636,4143,0,0,0,1.0,1,1.0,1,1.0,1,0.20122555245016308,53
4495,4,7783,3640,4143,0,0,0,1.0,1,1.0,1,1.0,1,0.2496930970718437,50
4496,4,7787,3644,4143,0,0,0,1.0,1,1.0,1,1.0,1,0.3019300356001775,51
4497,4,7791,3646,4145,0,0,0,1.0,1,1.0,1,1.0,1,0.2931542420861345,50
4498,0,7791,3646,4145,0,0,0,1.0,1,1.0,1,1.0,1,0.27616445093577857,49
4499,0,7791,3646,4145,0,0,0,1.0,1,1.0,1,1.0,1,0.2643190468925382,48
4500,2,7793,3646,4147,0,0,0,1.0,1,1.0,1,1.0,1,0.21249789895563162,48
4501,3,7796,3647,4149,0,0,0,1.0,1,1.0,1,1.0,1,0.1823520062730601,48
4502,1,7797,3648,4149,0,0,0,1.0,1,1.0,1,1.0,1,0.196110032400417,49
4503,7,7804,3652,4152,0,0,0,1.0,1,1.0,1,1.0,1,0.23185408742657684,49
4504,1,7805,3653,4152,0,0,0,1.0,1,1.0,1,1.0,1,0.2647107275190771,45
4505,2,7807,3654,4153,0,0,0,1.0,1,1.0,1,1.0,1,0.26104222681070155,46
4506,3,7810,3657,4153,0,0,0,1.0,1,1.0,1,1.0,1,0.32122219702906857,45
4507,1,7811,3657,4154,0,0,0,1.0,1,1.0,1,1.0,1,0.31625964713983123,45
4508,5,7816,3659,4157,0,0,0,1.0,1,1.0,1,1.0,1,0.28203464644526266,43
4509,2,7818,3660,4158,0,0,0,1.0,1,1.0,1,1.0,1,0.2955987305063977,41
4510,0,7818,3660,4158,0,0,0,1.0,1,1.0,1,1.0,1,0.3025936318880437,42
4511,4,7822,3660,4162,0,0,0,1.0,1,1.0,1,1.0,1,0.2388036525481363,41
4512,0,7822,3660,4162,0,0,0,1.0,1,1.0,1,1.0,1,0.2388036525481363,41
4513,1,7823,3661,4162,0,0,0,1.0,1,1.0,1,1.0,1,0.21107477026978533,41
4514,4,7827,3664,4163,0,0,0,1.0,1,1.0,1,1.0,1,0.22580888414697686,42
4515,3,7830,3665,4165,0,0,0,1.0,1,1.0,1,1.0,1,0.24684356321843415,41
4516,0,7830,3665,4165,0,0,0,1.0,1,1.0,1,1.0,1,0.2810357382614416,42
4517,0,7830,3665,4165,0,0,0,1.0,1,1.0,1,1.0,1,0.28646118774000484,43
4518,0,7830,3665,4165,0,0,0,1.0,1,1.0,1,1.0,1,0.30251819333731883,42
4519,3,7833,3667,4166,0,0,0,1.0,1,1.0,1,1.0,1,0.3378431070399764,42
4520,0,7833,3667,4166,0,0,0,1.0,1,1.0,1,1.0,1,0.3739224159386233,42
4521,7,7840,3668,4172,0,0,0,1.0,1,1.0,1,1.0,1,0.27146821152863754,42
4522,0,7840,3668,4172,0,0,0,1.0,1,1.0,1,1.0,1,0.27146821152863754,42
4523,0,7840,3668,4172,0,0,0,1.0,1,1.0,1,1.0,1,0.27146821152863754,42
4524,2,7842,3670,4172,0,0,0,1.0,1,1.0,1,1.0,1,0.2547146880048647,43
4525,4,7846,3670,4176,0,0,0,1.0,1,1.0,1,1.0,1,0.19196259425178214,46
4526,1,7847,3671,4176,0,0,0,1.0,1,1.0,1,1.0,1,0.2032287107244074,46
4527,3,7850,3673,4177,0,0,0,1.0,1,1.0,1,1.0,1,0.2112920466383193,47
4528,1,7851,3673,4178,0,0,0,1.0,1,1.0,1,1.0,1,0.21620688694146914,49
4529,1,7852,3674,4178,0,0,0,1.0,1,1.0,1,1.0,1,0.20596972369910058,50
4530,1,7853,3675,4178,0,0,0,1.0,1,1.0,1,1.0,1,0.19191141957413244,51
4531,3,7856,3675,4181,0,0,0,1.0,1,1.0,1,1.0,1,0.14451510437643786,51
4532,2,7858,3676,4182,0,0,0,1.0,1,1.0,1,1.0,1,0.166613474547912,51
4533,0,7858,3676,4182,0,0,0,1.0,1,1.0,1,1.0,1,0.18127277564397606,50
4534,1,7859,3676,4183,0,0,0,1.0,1,1.0,1,1.0,1,0.17242717259729598,51
4535,1,7860,3677,4183,0,0,0,1.0,1,1.0,1,1.0,1,0.181266352301736,50
4536,0,7860,3677,4183,0,0,0,1.0,1,1.0,1,1.0,1,0.24072409220490104,48
4537,3,7863,3678,4185,0,0,0,1.0,1,1.0,1,1.0,1,0.2360288141454016,49
4538,1,7864,3678,4186,0,0,0,1.0,1,1.0,1,1.0,1,0.2603166741624498,48
4539,0,7864,3678,4186,0,0,0,1.0,1,1.0,1,1.0,1,0.27895250194046817,50
4540,0,7864,3678,4186,0,0,0,1.0,1,1.0,1,1.0,1,0.26762084813337855,49
4541,3,7867,3679,4188,0,0,0,1.0,1,1.0,1,1.0,1,0.24213429705400077,49
4542,4,7871,3682,4189,0,0,0,1.0,1,1.0,1,1.0,1,0.29518208306776444,47
4543,0,7871,3682,4189,0,0,0,1.0,1,1.0,1,1.0,1,0.2980821932672919,45
4544,1,7872,3683,4189,0,0,0,1.0,1,1.0,1,1.0,1,0.30784998655921614,45
4545,2,7874,3684,4190,0,0,0,1.0,1,1.0,1,1.0,1,0.32144511591287056,43
4546,1,7875,3685,4190,0,0,0,1.0,1,1.0,1,1.0,1,0.3380990791666086,43
4547,3,7878,3686,4192,0,0,0,1.0,1,1.0,1,1.0,1,0.33392427426129856,41
4548,2,7880,3688,4192,0,0,0,1.0,1,1.0,1,1.0,1,0.3587451835321987,42
4549,0,7880,3688,4192,0,0,0,1.0,1,1.0,1,1.0,1,0.32342610046918274,41
4550,2,7882,3690,4192,0,0,0,1.0,1,1.0,1,1.0,1,0.3607151256236645,41
4551,2,7884,3690,4194,0,0,0,1.0,1,1.0,1,1.0,1,0.3213704758363254,39
4552,1,7885,3691,4194,0,0,0,1.0,1,1.0,1,1.0,1,0.3263549170699233,38
4553,1,7886,3691,4195,0,0,0,1.0,1,1.0,1,1.0,1,0.3218287962153996,39
4554,1,7887,3692,4195,0,0,0,1.0,1,1.0,1,1.0,1,0.35041054631256635,38
4555,2,7889,3693,4196,0,0,0,1.0,1,1.0,1,1.0,1,0.3543391006271572,37
4556,0,7889,3693,4196,0,0,0,1.0,1,1.0,1,1.0,1,0.35109427724209175,36
4557,1,7890,3693,4197,0,0,0,1.0,1,1.0,1,1.0,1,0.32068594776921827,38
4558,2,7892,3694,4198,0,0,0,1.0,1,1.0,1,1.0,1,0.3272305436123765,39
4559,1,7893,3695,4198,0,0,0,1.0,1,1.0,1,1.0,1,0.29249410333049736,38
4560,0,7893,3695,4198,0,0,0,1.0,1,1.0,1,1.0,1,0.3220548082049802,41
4561,2,7895,3695,4200,0,0,0,1.0,1,1.0,1,1.0,1,0.28842656536933203,41
4562,3,7898,3696,4202,0,0,0,1.0,1,1.0,1,1.0,1,0.2729121080588069,43
4563,0,7898,3696,4202,0,0,0,1.0,1,1.0,1,1.0,1,0.291726688017104,42
4564,1,7899,3696,4203,0,0,0,1.0,1,1.0,1,1.0,1,0.2959689715895522,43
4565,2,7901,3696,4205,0,0,0,1.0,1,1.0,1,1.0,1,0.26940576728152926,44
4566,2,7903,3696,4207,0,0,0,1.0,1,1.0,1,1.0,1,0.22155094505894585,45
4567,2,7905,3697,4208,0,0,0,1.0,1,1.0,1,1.0,1,0.19798813477217192,47
4568,0,7905,3697,4208,0,0,0,1.0,1,1.0,1,1.0,1,0.19798813477217192,47
4569,2,7907,3698,4209,0,0,0,1.0,1,1.0,1,1.0,1,0.17940843805638373,49
4570,2,7909,3700,4209,0,0,0,1.0,1,1.0,1,1.0,1,0.1990819588652977,49
4571,1,7910,3700,4210,0,0,0,1.0,1,1.0,1,1.0,1,0.18770263481852903,48
4572,0,7910,3700,4210,0,0,0,1.0,1,1.0,1,1.0,1,0.18770263481852903,48
4573,0,7910,3700,4210,0,0,0,1.0,1,1.0,1,1.0,1,0.18770263481852903,48
4574,1,7911,3701,4210,0,0,0,1.0,1,1.0,1,1.0,1,0.21360187580426906,50
4575,4,7915,3704,4211,0,0,0,1.0,1,1.0,1,1.0,1,0.28046612513875135,51
4576,1,7916,3704,4212,0,0,0,1.0,1,1.0,1,1.0,1,0.27980379796667915,48
4577,0,7916,3704,4212,0,0,0,1.0,1,1.0,1,1.0,1,0.29425668285948153,47
4578,2,7918,3705,4213,0,0,0,1.0,1,1.0,1,1.0,1,0.2671374036867437,46
4579,0,7918,3705,4213,0,0,0,1.0,1,1.0,1,1.0,1,0.2596159693003784,46
4580,0,7918,3705,4213,0,0,0,1.0,1,1.0,1,1.0,1,0.25335481432118706,47
4581,2,7920,3706,4214,0,0,0,1.0,1,1.0,1,1.0,1,0.2663428707869659,47
4582,1,7921,3706,4215,0,0,0,1.0,1,1.0,1,1.0,1,0.26420033900055695,48
4583,0,7921,3706,4215,0,0,0,1.0,1,1.0,1,1.0,1,0.26420033900055695,48
4584,1,7922,3706,4216,0,0,0,1.0,1,1.0,1,1.0,1,0.2662572634011048,50
4585,1,7923,3707,4216,0,0,0,1.0,1,1.0,1,1.0,1,0.27884377217700257,50
4586,0,7923,3707,4216,0,0,0,1.0,1,1.0,1,1.0,1,0.27884377217700257,50
4587,0,7923,3707,4216,0,0,0,1.0,1,1.0,1,1.0,1,0.27884377217700257,50
4588,0,7923,3707,4216,0,0,0,1.0,1,1.0,1,1.0,1,0.27884377217700257,50
4589,0,7923,3707,4216,0,0,0,1.0,1,1.0,1,1.0,1,0.29098007429796136,52
4590,0,7923,3707,4216,0,0,0,1.0,1,1.0,1,1.0,1,0.29098007429796136,52
4591,2,7925,3707,4218,0,0,0,1.0,1,1.0,1,1.0,1,0.2747614316084843,53
4592,1,7926,3707,4219,0,0,0,1.0,1,1.0,1,1.0,1,0.2774758925293488,54
4593,3,7929,3708,4221,0,0,0,1.0,1,1.0,1,1.0,1,0.273879071203193,56
4594,2,7931,3708,4223,0,0,0,1.0,1,1.0,1,1.0,1,0.258660649607819,57
4595,1,7932,3709,4223,0,0,0,1.0,1,1.0,1,1.0,1,0.2602168593570291,56
4596,2,7934,3709,4225,0,0,0,1.0,1,1.0,1,1.0,1,0.24194295507722488,56
4597,1,7935,3710,4225,0,0,0,1.0,1,1.0,1,1.0,1,0.24394718786744907,56
4598,6,7941,3712,4229,0,0,0,1.0,1,1.0,1,1.0,1,0.25990427845594916,57
4599,0,7941,3712,4229,0,0,0,1.0,1,1.0,1,1.0,1,0.236009650051733,59
4600,1,7942,3712,4230,0,0,0,1.0,1,1.0,1,1.0,1,0.23968317594376845,60
4601,4,7946,3714,4232,0,0,0,1.0,1,1.0,1,1.0,1,0.2404193825548473,60
4602,1,7947,3714,4233,0,0,0,1.0,1,1.0,1,1.0,1,0.21902503948917418,62
4603,0,7947,3714,4233,0,0,0,1.0,1,1.0,1,1.0,1,0.21902503948917418,62
4604,0,7947,3714,4233,0,0,0,1.0,1,1.0,1,1.0,1,0.21328166408707214,63
4605,0,7947,3714,4233,0,0,0,1.0,1,1.0,1,1.0,1,0.21328166408707214,63
4606,1,7948,3714,4234,0,0,0,1.0,1,1.0,1,1.0,1,0.20147806939612573,64
4607,2,7950,3715,4235,0,0,0,1.0,1,1.0,1,1.0,1,0.22488372956467867,65
4608,7,7957,3716,4241,0,0,0,1.0,1,1.0,1,1.0,1,0.20600015207989478,66
4609,3,7960,3717,4243,0,0,0,1.0,1,1.0,1,1.0,1,0.20078349079090904,65
4610,0,7960,3717,4243,0,0,0,1.0,1,1.0,1,1.0,1,0.20346687463689486,63
4611,2,7962,3717,4245,0,0,0,1.0,1,1.0,1,1.0,1,0.19302997795635946,64
4612,0,7962,3717,4245,0,0,0,1.0,1,1.0,1,1.0,1,0.1898370605674044,62
4613,1,7963,3718,4245,0,0,0,1.0,1,1.0,1,1.0,1,0.2187742661966206,63
4614,2,7965,3720,4245,0,0,0,1.0,1,1.0,1,1.0,1,0.20213583967732862,61
4615,1,7966,3721,4245,0,0,0,1.0,1,1.0,1,1.0,1,0.24321588484981171,59
4616,1,7967,3722,4245,0,0,0,1.0,1,1.0,1,1.0,1,0.24203448666757818,58
4617,0,7967,3722,4245,0,0,0,1.0,1,1.0,1,1.0,1,0.2577389825535305,58
4618,1,7968,3722,4246,0,0,0,1.0,1,1.0,1,1.0,1,0.25931029451051074,57
4619,0,7968,3722,4246,0,0,0,1.0,1,1.0,1,1.0,1,0.25931029451051074,57
4620,0,7968,3722,4246,0,0,0,1.0,1,1.0,1,1.0,1,0.25931029451051074,57
4621,3,7971,3723,4248,0,0,0,1.0,1,1.0,1,1.0,1,0.26388372925790915,59
4622,2,7973,3724,4249,0,0,0,1.0,1,1.0,1,1.0,1,0.2724706265681911,60
4623,1,7974,3725,4249,0,0,0,1.0,1,1.0,1,1.0,1,0.28186673361206627,59
4624,5,7979,3729,4250,0,0,0,1.0,1,1.0,1,1.0,1,0.28478545455188115,59
4625,1,7980,3730,4250,0,0,0,1.0,1,1.0,1,1.0,1,0.2893728511633791,57
4626,3,7983,3732,4251,0,0,0,1.0,1,1.0,1,1.0,1,0.3018242682262148,56
4627,1,7984,3733,4251,0,0,0,1.0,1,1.0,1,1.0,1,0.30314020735134656,56
4628,0,7984,3733,4251,0,0,0,1.0,1,1.0,1,1.0,1,0.3266377842473626,56
4629,2,7986,3734,4252,0,0,0,1.0,1,1.0,1,1.0,1,0.3580470086571747,56
4630,1,7987,3735,4252,0,0,0,1.0,1,1.0,1,1.0,1,0.3425239329928491,57
4631,8,7995,3735,4260,0,0,0,1.0,1,1.0,1,1.0,1,0.28291750189034387,56
4632,2,7997,3736,4261,0,0,0,1.0,1,1.0,1,1.0,1,0.3232990143454223,57
4633,0,7997,3736,4261,0,0,0,1.0,1,1.0,1,1.0,1,0.3144753857330393,58
4634,1,7998,3736,4262,0,0,0,1.0,1,1.0,1,1.0,1,0.30997990510483403,58
4635,2,8000,3736,4264,0,0,0,1.0,1,1.0,1,1.0,1,0.27832259821127786,59
4636,0,8000,3736,4264,0,0,0,1.0,1,1.0,1,1.0,1,0.2568700066096976,60
4637,0,8000,3736,4264,0,0,0,1.0,1,1.0,1,1.0,1,0.2568700066096976,60
4638,2,8002,3736,4266,0,0,0,1.0,1,1.0,1,1.0,1,0.2438651710052752,61
4639,2,8004,3736,4268,0,0,0,1.0,1,1.0,1,1.0,1,0.2558300986381441,62
4640,6,8010,3736,4274,0,0,0,1.0,1,1.0,1,1.0,1,0.21036219641587045,63
4641,5,8015,3738,4277,0,0,0,1.0,1,1.0,1,1.0,1,0.1810334502012507,63
4642,0,8015,3738,4277,0,0,0,1.0,1,1.0,1,1.0,1,0.19346849142784994,62
4643,1,8016,3739,4277,0,0,0,1.0,1,1.0,1,1.0,1,0.20608772891072347,63
4644,0,8016,3739,4277,0,0,0,1.0,1,1.0,1,1.0,1,0.2169708434811622,62
4645,0,8016,3739,4277,0,0,0,1.0,1,1.0,1,1.0,1,0.214117830505959,63
4646,4,8020,3742,4278,0,0,0,1.0,1,1.0,1,1.0,1,0.27324573868079544,63
4647,5,8025,3742,4283,0,0,0,1.0,1,1.0,1,1.0,1,0.2515496115096562,62
4648,3,8028,3743,4285,0,0,0,1.0,1,1.0,1,1.0,1,0.2714188453324263,63
4649,0,8028,3743,4285,0,0,0,1.0,1,1.0,1,1.0,1,0.2735596844633187,61
4650,3,8031,3744,4287,0,0,0,1.0,1,1.0,1,1.0,1,0.25697640473780303,63
4651,3,8034,3745,4289,0,0,0,1.0,1,1.0,1,1.0,1,0.2335449078549392,62
4652,2,8036,3745,4291,0,0,0,1.0,1,1.0,1,1.0,1,0.20594977681988458,59
4653,0,8036,3745,4291,0,0,0,1.0,1,1.0,1,1.0,1,0.21788981647708727,60
4654,1,8037,3746,4291,0,0,0,1.0,1,1.0,1,1.0,1,0.21214873596758438,60
4655,0,8037,3746,4291,0,0,0,1.0,1,1.0,1,1.0,1,0.21214873596758438,60
4656,2,8039,3748,4291,0,0,0,1.0,1,1.0,1,1.0,1,0.24816419663854233,61
4657,0,8039,3748,4291,0,0,0,1.0,1,1.0,1,1.0,1,0.2440010402648183,62
4658,1,8040,3749,4291,0,0,0,1.0,1,1.0,1,1.0,1,0.27774004145890274,62
4659,0,8040,3749,4291,0,0,0,1.0,1,1.0,1,1.0,1,0.28921513526720977,61
4660,2,8042,3750,4292,0,0,0,1.0,1,1.0,1,1.0,1,0.33024128279353804,61
4661,1,8043,3750,4293,0,0,0,1.0,1,1.0,1,1.0,1,0.3209833842133308,61
4662,1,8044,3751,4293,0,0,0,1.0,1,1.0,1,1.0,1,0.3102494624326414,62
4663,2,8046,3751,4295,0,0,0,1.0,1,1.0,1,1.0,1,0.2709322126243833,61
4664,2,8048,3752,4296,0,0,0,1.0,1,1.0,1,1.0,1,0.27622294000341246,62
4665,1,8049,3753,4296,0,0,0,1.0,1,1.0,1,1.0,1,0.281784813255423,61
4666,6,8055,3755,4300,0,0,0,1.0,1,1.0,1,1.0,1,0.26269839033554543,61
4667,0,8055,3755,4300,0,0,0,1.0,1,1.0,1,1.0,1,0.259747497362706,59
4668,3,8058,3757,4301,0,0,0,1.0,1,1.0,1,1.0,1,0.23970767759377132,59
4669,3,8061,3759,4302,0,0,0,1.0,1,1.0,1,1.0,1,0.23634866167164295,58
4670,3,8064,3762,4302,0,0,0,1.0,1,1.0,1,1.0,1,0.27614346216161667,57
4671,8,8072,3762,4310,0,0,0,1.0,1,1.0,1,1.0,1,0.18437608609867853,55
4672,1,8073,3763,4310,0,0,0,1.0,1,1.0,1,1.0,1,0.2109682494740237,56
4673,1,8074,3763,4311,0,0,0,1.0,1,1.0,1,1.0,1,0.19290499201219005,58
4674,4,8078,3764,4314,0,0,0,1.0,1,1.0,1,1.0,1,0.1949065062636471,58
4675,2,8080,3764,4316,0,0,0,1.0,1,1.0,1,1.0,1,0.21834493576988576,57
4676,1,8081,3765,4316,0,0,0,1.0,1,1.0,1,1.0,1,0.2245269630694826,58
4677,1,8082,3766,4316,0,0,0,1.0,1,1.0,1,1.0,1,0.2256903006367067,57
4678,2,8084,3768,4316,0,0,0,1.0,1,1.0,1,1.0,1,0.24460737563672144,57
4679,1,8085,3768,4317,0,0,0,1.0,1,1.0,1,1.0,1,0.23706324514530155,57
4680,1,8086,3768,4318,0,0,0,1.0,1,1.0,1,1.0,1,0.23105900704798213,59
4681,5,8091,3769,4322,0,0,0,1.0,1,1.0,1,1.0,1,0.20283255808093545,60
4682,0,8091,3769,4322,0,0,0,1.0,1,1.0,1,1.0,1,0.20283255808093545,60
4683,1,8092,3770,4322,0,0,0,1.0,1,1.0,1,1.0,1,0.21521860388586522,60
4684,1,8093,3771,4322,0,0,0,1.0,1,1.0,1,1.0,1,0.2341998142424892,60
4685,1,8094,3772,4322,0,0,0,1.0,1,1.0,1,1.0,1,0.2675816535186117,59
4686,2,8096,3773,4323,0,0,0,1.0,1,1.0,1,1.0,1,0.2793313239763422,60
4687,3,8099,3774,4325,0,0,0,1.0,1,1.0,1,1.0,1,0.2702193379950244,59
4688,1,8100,3774,4326,0,0,0,1.0,1,1.0,1,1.0,1,0.26018565896365853,59
4689,3,8103,3775,4328,0,0,0,1.0,1,1.0,1,1.0,1,0.2750634274259038,59
4690,1,8104,3776,4328,0,0,0,1.0,1,1.0,1,1.0,1,0.27598569801463113,58
4691,4,8108,3777,4331,0,0,0,1.0,1,1.0,1,1.0,1,0.235449561206147,57
4692,0,8108,3777,4331,0,0,0,1.0,1,1.0,1,1.0,1,0.24728914412574957,58
4693,0,8108,3777,4331,0,0,0,1.0,1,1.0,1,1.0,1,0.23956310945182996,57
4694,2,8110,3778,4332,0,0,0,1.0,1,1.0,1,1.0,1,0.22250408188313603,57
4695,0,8110,3778,4332,0,0,0,1.0,1,1.0,1,1.0,1,0.24102575592745004,56
4696,1,8111,3779,4332,0,0,0,1.0,1,1.0,1,1.0,1,0.26486096839649625,57
4697,2,8113,3779,4334,0,0,0,1.0,1,1.0,1,1.0,1,0.24536233723776188,58
4698,0,8113,3779,4334,0,0,0,1.0,1,1.0,1,1.0,1,0.2526653380342929,59
4699,0,8113,3779,4334,0,0,0,1.0,1,1.0,1,1.0,1,0.26105970334355905,58
4700,0,8113,3779,4334,0,0,0,1.0,1,1.0,1,1.0,1,0.2502092312255172,59
4701,2,8115,3779,4336,0,0,0,1.0,1,1.0,1,1.0,1,0.2400985675058109,60
4702,4,8119,3780,4339,0,0,0,1.0,1,1.0,1,1.0,1,0.22806071488337648,61
4703,5,8124,3782,4342,0,0,0,1.0,1,1.0,1,1.0,1,0.23688178582088065,59
4704,3,8127,3784,4343,0,0,0,1.0,1,1.0,1,1.0,1,0.24096909004216818,58
4705,4,8131,3785,4346,0,0,0,1.0,1,1.0,1,1.0,1,0.23021428939366068,58
4706,2,8133,3787,4346,0,0,0,1.0,1,1.0,1,1.0,1,0.2645358221147807,60
4707,1,8134,3788,4346,0,0,0,1.0,1,1.0,1,1.0,1,0.28328679906956544,57
4708,4,8138,3790,4348,0,0,0,1.0,1,1.0,1,1.0,1,0.2942610134238516,57
4709,4,8142,3793,4349,0,0,0,1.0,1,1.0,1,1.0,1,0.30233742536370223,55
4710,1,8143,3794,4349,0,0,0,1.0,1,1.0,1,1.0,1,0.3028380677470564,53
4711,2,8145,3795,4350,0,0,0,1.0,1,1.0,1,1.0,1,0.32414973064000163,52
4712,1,8146,3796,4350,0,0,0,1.0,1,1.0,1,1.0,1,0.3375468887899715,52
4713,0,8146,3796,4350,0,0,0,1.0,1,1.0,1,1.0,1,0.33128775961446993,51
4714,0,8146,3796,4350,0,0,0,1.0,1,1.0,1,1.0,1,0.3294547189147506,50
4715,2,8148,3798,4350,0,0,0,1.0,1,1.0,1,1.0,1,0.34501649912172055,50
4716,4,8152,3799,4353,0,0,0,1.0,1,1.0,1,1.0,1,0.3085764043588565,49
4717,3,8155,3801,4354,0,0,0,1.0,1,1.0,1,1.0,1,0.3398999432573387,49
4718,1,8156,3801,4355,0,0,0,1.0,1,1.0,1,1.0,1,0.3408678451165253,50
4719,0,8156,3801,4355,0,0,0,1.0,1,1.0,1,1.0,1,0.348790592383389,49
4720,0,8156,3801,4355,0,0,0,1.0,1,1.0,1,1.0,1,0.348790592383389,49
4721,7,8163,3801,4362,0,0,0,1.0,1,1.0,1,1.0,1,0.26351118562647885,50
4722,1,8164,3801,4363,0,0,0,1.0,1,1.0,1,1.0,1,0.2602678919249027,51
4723,1,8165,3802,4363,0,0,0,1.0,1,1.0,1,1.0,1,0.2674416530480203,50
4724,1,8166,3802,4364,0,0,0,1.0,1,1.0,1,1.0,1,0.29006316872415455,50
4725,2,8168,3803,4365,0,0,0,1.0,1,1.0,1,1.0,1,0.29024407388039897,52
4726,1,8169,3803,4366,0,0,0,1.0,1,1.0,1,1.0,1,0.313524959547308,51
4727,0,8169,3803,4366,0,0,0,1.0,1,1.0,1,1.0,1,0.3146948705155194,52
4728,0,8169,3803,4366,0,0,0,1.0,1,1.0,1,1.0,1,0.3146948705155194,52
4729,1,8170,3804,4366,0,0,0,1.0,1,1.0,1,1.0,1,0.3400201726484702,52
4730,2,8172,3805,4367,0,0,0,1.0,1,1.0,1,1.0,1,0.3846932292368417,50
4731,5,8177,3806,4371,0,0,0,1.0,1,1.0,1,1.0,1,0.306306120183226,51
4732,1,8178,3806,4372,0,0,0,1.0,1,1.0,1,1.0,1,0.3303580144952429,52
4733,4,8182,3807,4375,0,0,0,1.0,1,1.0,1,1.0,1,0.2965998339845181,53
4734,1,8183,3808,4375,0,0,0,1.0,1,1.0,1,1.0,1,0.32345639891078304,53
4735,1,8184,3809,4375,0,0,0,1.0,1,1.0,1,1.0,1,0.3316535242343733,53
4736,2,8186,3810,4376,0,0,0,1.0,1,1.0,1,1.0,1,0.3416143308602426,55
4737,1,8187,3810,4377,0,0,0,1.0,1,1.0,1,1.0,1,0.3446081425850471,57
4738,3,8190,3810,4380,0,0,0,1.0,1,1.0,1,1.0,1,0.3267335341372781,57
4739,5,8195,3810,4385,0,0,0,1.0,1,1.0,1,1.0,1,0.2791035608606497,57
4740,1,8196,3810,4386,0,0,0,1.0,1,1.0,1,1.0,1,0.25442252643863006,57
4741,0,8196,3810,4386,0,0,0,1.0,1,1.0,1,1.0,1,0.25840994449756316,58
4742,4,8200,3813,4387,0,0,0,1.0,1,1.0,1,1.0,1,0.28173079277497143,58
4743,1,8201,3813,4388,0,0,0,1.0,1,1.0,1,1.0,1,0.246826451467549,56
4744,1,8202,3814,4388,0,0,0,1.0,1,1.0,1,1.0,1,0.2575714171450102,57
4745,2,8204,3814,4390,0,0,0,1.0,1,1.0,1,1.0,1,0.21685425959669385,56
4746,5,8209,3817,4392,0,0,0,1.0,1,1.0,1,1.0,1,0.22290969280519965,56
4747,2,8211,3819,4392,0,0,0,1.0,1,1.0,1,1.0,1,0.23696669467782897,55
4748,3,8214,3821,4393,0,0,0,1.0,1,1.0,1,1.0,1,0.24335611767194035,55
4749,3,8217,3823,4394,0,0,0,1.0,1,1.0,1,1.0,1,0.2557063287904839,54
4750,2,8219,3825,4394,0,0,0,1.0,1,1.0,1,1.0,1,0.2487053100495114,53
4751,5,8224,3827,4397,0,0,0,1.0,1,1.0,1,1.0,1,0.265969971640078,53
4752,1,8225,3828,4397,0,0,0,1.0,1,1.0,1,1.0,1,0.250601524499718,53
4753,1,8226,3829,4397,0,0,0,1.0,1,1.0,1,1.0,1,0.2797743578530311,52
4754,0,8226,3829,4397,0,0,0,1.0,1,1.0,1,1.0,1,0.27559283463896067,52
4755,0,8226,3829,4397,0,0,0,1.0,1,1.0,1,1.0,1,0.27964290715007006,51
4756,4,8230,3830,4400,0,0,0,1.0,1,1.0,1,1.0,1,0.2383746297872702,52
4757,0,8230,3830,4400,0,0,0,1.0,1,1.0,1,1.0,1,0.23550505523881476,51
4758,0,8230,3830,4400,0,0,0,1.0,1,1.0,1,1.0,1,0.23550505523881476,51
4759,0,8230,3830,4400,0,0,0,1.0,1,1.0,1,1.0,1,0.23550505523881476,51
4760,2,8232,3830,4402,0,0,0,1.0,1,1.0,1,1.0,1,0.21031599749040844,52
4761,3,8235,3831,4404,0,0,0,1.0,1,1.0,1,1.0,1,0.19368692098747034,50
4762,4,8239,3835,4404,0,0,0,1.0,1,1.0,1,1.0,1,0.2688741693840223,51
4763,1,8240,3836,4404,0,0,0,1.0,1,1.0,1,1.0,1,0.29354051932164527,51
4764,8,8248,3839,4409,0,0,0,1.0,1,1.0,1,1.0,1,0.2620122617377311,53
4765,2,8250,3840,4410,0,0,0,1.0,1,1.0,1,1.0,1,0.28493345667491526,53
4766,1,8251,3841,4410,0,0,0,1.0,1,1.0,1,1.0,1,0.27952295161739216,55
4767,3,8254,3842,4412,0,0,0,1.0,1,1.0,1,1.0,1,0.24382031167036983,56
4768,0,8254,3842,4412,0,0,0,1.0,1,1.0,1,1.0,1,0.24440289983745037,56
4769,0,8254,3842,4412,0,0,0,1.0,1,1.0,1,1.0,1,0.24440289983745037,56
4770,1,8255,3842,4413,0,0,0,1.0,1,1.0,1,1.0,1,0.2132619721189607,56
4771,3,8258,3842,4416,0,0,0,1.0,1,1.0,1,1.0,1,0.17494177913311476,55
4772,3,8261,3843,4418,0,0,0,1.0,1,1.0,1,1.0,1,0.16528864457876374,56
4773,0,8261,3843,4418,0,0,0,1.0,1,1.0,1,1.0,1,0.16528864457876374,56
4774,0,8261,3843,4418,0,0,0,1.0,1,1.0,1,1.0,1,0.1381974520856481,58
4775,0,8261,3843,4418,0,0,0,1.0,1,1.0,1,1.0,1,0.14497616035578956,59
4776,2,8263,3843,4420,0,0,0,1.0,1,1.0,1,1.0,1,0.16205626674758006,59
4777,1,8264,3844,4420,0,0,0,1.0,1,1.0,1,1.0,1,0.16434290934136378,60
4778,4,8268,3844,4424,0,0,0,1.0,1,1.0,1,1.0,1,0.1817543287494867,60
4779,0,8268,3844,4424,0,0,0,1.0,1,1.0,1,1.0,1,0.1868419417225206,61
4780,1,8269,3844,4425,0,0,0,1.0,1,1.0,1,1.0,1,0.19644972757033893,63
4781,5,8274,3844,4430,0,0,0,1.0,1,1.0,1,1.0,1,0.1522150015985753,62
4782,2,8276,3845,4431,0,0,0,1.0,1,1.0,1,1.0,1,0.17217992512524613,63
4783,2,8278,3846,4432,0,0,0,1.0,1,1.0,1,1.0,1,0.1597660969173133,62
4784,3,8281,3848,4433,0,0,0,1.0,1,1.0,1,1.0,1,0.17033646411130457,62
4785,3,8284,3850,4434,0,0,0,1.0,1,1.0,1,1.0,1,0.1834747797264391,62
4786,6,8290,3852,4438,0,0,0,1.0,1,1.0,1,1.0,1,0.20034981654409134,63
4787,9,8299,3855,4444,0,0,0,1.0,1,1.0,1,1.0,1,0.18968232894085243,62
4788,6,8305,3858,4447,0,0,0,1.0,1,1.0,1,1.0,1,0.21487071962034113,62
4789,7,8312,3861,4451,0,0,0,1.0,1,1.0,1,1.0,1,0.20992519595435422,60
4790,6,8318,3864,4454,0,0,0,1.0,1,1.0,1,1.0,1,0.20107338740890604,61
4791,5,8323,3865,4458,0,0,0,1.0,1,1.0,1,1.0,1,0.15299741971477646,60
4792,3,8326,3867,4459,0,0,0,1.0,1,1.0,1,1.0,1,0.14333301671901505,60
4793,3,8329,3869,4460,0,0,0,1.0,1,1.0,1,1.0,1,0.14659321029560876,61
4794,1,8330,3870,4460,0,0,0,1.0,1,1.0,1,1.0,1,0.16208717708502657,59
4795,2,8332,3871,4461,0,0,0,1.0,1,1.0,1,1.0,1,0.15252827258170365,61
4796,2,8334,3872,4462,0,0,0,1.0,1,1.0,1,1.0,1,0.1289418574318668,59
4797,1,8335,3872,4463,0,0,0,1.0,1,1.0,1,1.0,1,0.09080471944571801,58
4798,2,8337,3873,4464,0,0,0,1.0,1,1.0,1,1.0,1,0.09294248830755006,59
4799,1,8338,3873,4465,0,0,0,1.0,1,1.0,1,1.0,1,0.07383763783200228,57
4800,0,8338,3873,4465,0,0,0,1.0,1,1.0,1,1.0,1,0.0666643787714737,58
4801,4,8342,3875,4467,0,0,0,1.0,1,1.0,1,1.0,1,0.03887348917940762,57
4802,1,8343,3876,4467,0,0,0,1.0,1,1.0,1,1.0,1,0.04908344575331164,57
4803,0,8343,3876,4467,0,0,0,1.0,1,1.0,1,1.0,1,0.06481984579516462,56
4804,0,8343,3876,4467,0,0,0,1.0,1,1.0,1,1.0,1,0.05523892504743123,54
4805,1,8344,3877,4467,0,0,0,1.0,1,1.0,1,1.0,1,0.0906818395062043,56
4806,0,8344,3877,4467,0,0,0,1.0,1,1.0,1,1.0,1,0.07969547120711644,55
4807,0,8344,3877,4467,0,0,0,1.0,1,1.0,1,1.0,1,0.07115080939236014,54
4808,0,8344,3877,4467,0,0,0,1.0,1,1.0,1,1.0,1,0.1071269722950074,53
4809,1,8345,3878,4467,0,0,0,1.0,1,1.0,1,1.0,1,0.12024938201896476,53
4810,0,8345,3878,4467,0,0,0,1.0,1,1.0,1,1.0,1,0.13473060417171534,51
4811,4,8349,3880,4469,0,0,0,1.0,1,1.0,1,1.0,1,0.10738895333196465,52
4812,0,8349,3880,4469,0,0,0,1.0,1,1.0,1,1.0,1,0.13815778157217612,52
4813,0,8349,3880,4469,0,0,0,1.0,1,1.0,1,1.0,1,0.13815778157217612,52
4814,6,8355,3884,4471,0,0,0,1.0,1,1.0,1,1.0,1,0.195951962421262,53
4815,6,8361,3887,4474,0,0,0,1.0,1,1.0,1,1.0,1,0.19823645329401163,54
4816,1,8362,3888,4474,0,0,0,1.0,1,1.0,1,1.0,1,0.20695832995719216,54
4817,7,8369,3893,4476,0,0,0,1.0,1,1.0,1,1.0,1,0.3151531300284844,55
4818,8,8377,3896,4481,0,0,0,1.0,1,1.0,1,1.0,1,0.208674656904207,55
4819,3,8380,3898,4482,0,0,0,1.0,1,1.0,1,1.0,1,0.22969959839349732,55
4820,3,8383,3899,4484,0,0,0,1.0,1,1.0,1,1.0,1,0.26538287072726796,55
4821,10,8393,3901,4492,0,0,0,1.0,1,1.0,1,1.0,1,0.15543322775586021,55
4822,0,8393,3901,4492,0,0,0,1.0,1,1.0,1,1.0,1,0.16042321380330465,54
4823,2,8395,3901,4494,0,0,0,1.0,1,1.0,1,1.0,1,0.10098129730504485,54
4824,3,8398,3903,4495,0,0,0,1.0,1,1.0,1,1.0,1,0.10145976943596578,55
4825,0,8398,3903,4495,0,0,0,1.0,1,1.0,1,1.0,1,0.08374439434031442,53
4826,1,8399,3904,4495,0,0,0,1.0,1,1.0,1,1.0,1,0.10885554067923876,54
4827,2,8401,3904,4497,0,0,0,1.0,1,1.0,1,1.0,1,0.10236317620072054,53
4828,0,8401,3904,4497,0,0,0,1.0,1,1.0,1,1.0,1,0.09450806295956883,54
4829,1,8402,3905,4497,0,0,0,1.0,1,1.0,1,1.0,1,0.12182689671130215,54
4830,2,8404,3906,4498,0,0,0,1.0,1,1.0,1,1.0,1,0.12688464242643746,53
4831,3,8407,3908,4499,0,0,0,1.0,1,1.0,1,1.0,1,0.14710116805360138,52
4832,0,8407,3908,4499,0,0,0,1.0,1,1.0,1,1.0,1,0.15676159524720262,50
4833,1,8408,3908,4500,0,0,0,1.0,1,1.0,1,1.0,1,0.15487091768083291,51
4834,1,8409,3908,4501,0,0,0,1.0,1,1.0,1,1.0,1,0.16710736623932332,51
4835,0,8409,3908,4501,0,0,0,1.0,1,1.0,1,1.0,1,0.18315340302475733,50
4836,1,8410,3909,4501,0,0,0,1.0,1,1.0,1,1.0,1,0.20300176647223062,50
4837,1,8411,3910,4501,0,0,0,1.0,1,1.0,1,1.0,1,0.2544601482363468,46
4838,1,8412,3911,4501,0,0,0,1.0,1,1.0,1,1.0,1,0.24480820833296377,47
4839,3,8415,3913,4502,0,0,0,1.0,1,1.0,1,1.0,1,0.25845525276933434,45
4840,2,8417,3914,4503,0,0,0,1.0,1,1.0,1,1.0,1,0.2772694835174393,45
4841,3,8420,3915,4505,0,0,0,1.0,1,1.0,1,1.0,1,0.2482583163401813,43
4842,1,8421,3915,4506,0,0,0,1.0,1,1.0,1,1.0,1,0.22851909312083604,43
4843,0,8421,3915,4506,0,0,0,1.0,1,1.0,1,1.0,1,0.2270337936227594,44
4844,1,8422,3915,4507,0,0,0,1.0,1,1.0,1,1.0,1,0.22058605640132456,43
4845,3,8425,3917,4508,0,0,0,1.0,1,1.0,1,1.0,1,0.22082914790368205,44
4846,0,8425,3917,4508,0,0,0,1.0,1,1.0,1,1.0,1,0.22424830459012263,43
4847,3,8428,3919,4509,0,0,0,1.0,1,1.0,1,1.0,1,0.30042429659794023,42
4848,1,8429,3920,4509,0,0,0,1.0,1,1.0,1,1.0,1,0.304782764457688,41
4849,2,8431,3922,4509,0,0,0,1.0,1,1.0,1,1.0,1,0.30428288168863976,41
4850,3,8434,3922,4512,0,0,0,1.0,1,1.0,1,1.0,1,0.2781934501170428,41
4851,1,8435,3922,4513,0,0,0,1.0,1,1.0,1,1.0,1,0.2610572893057839,41
4852,1,8436,3922,4514,0,0,0,1.0,1,1.0,1,1.0,1,0.22927270965118896,43
4853,1,8437,3923,4514,0,0,0,1.0,1,1.0,1,1.0,1,0.2852553284408999,44
4854,1,8438,3924,4514,0,0,0,1.0,1,1.0,1,1.0,1,0.3048232384603532,45
4855,0,8438,3924,4514,0,0,0,1.0,1,1.0,1,1.0,1,0.3028735617845673,44
4856,0,8438,3924,4514,0,0,0,1.0,1,1.0,1,1.0,1,0.3028735617845673,44
4857,1,8439,3924,4515,0,0,0,1.0,1,1.0,1,1.0,1,0.3031653547920073,44
4858,3,8442,3924,4518,0,0,0,1.0,1,1.0,1,1.0,1,0.2529993183840949,45
4859,0,8442,3924,4518,0,0,0,1.0,1,1.0,1,1.0,1,0.26831918870404764,46
4860,0,8442,3924,4518,0,0,0,1.0,1,1.0,1,1.0,1,0.26831918870404764,46
4861,0,8442,3924,4518,0,0,0,1.0,1,1.0,1,1.0,1,0.2742663688139533,46
4862,3,8445,3924,4521,0,0,0,1.0,1,1.0,1,1.0,1,0.25806989013546944,47
4863,2,8447,3925,4522,0,0,0,1.0,1,1.0,1,1.0,1,0.25244216523030555,47
4864,1,8448,3925,4523,0,0,0,1.0,1,1.0,1,1.0,1,0.24658014469025744,47
4865,1,8449,3925,4524,0,0,0,1.0,1,1.0,1,1.0,1,0.24021789575519897,48
4866,1,8450,3925,4525,0,0,0,1.0,1,1.0,1,1.0,1,0.22369722101000689,49
4867,0,8450,3925,4525,0,0,0,1.0,1,1.0,1,1.0,1,0.22977882669705055,50
4868,2,8452,3927,4525,0,0,0,1.0,1,1.0,1,1.0,1,0.2329616025964487,50
4869,1,8453,3927,4526,0,0,0,1.0,1,1.0,1,1.0,1,0.21590679392975926,50
4870,5,8458,3929,4529,0,0,0,1.0,1,1.0,1,1.0,1,0.237144296019029,52
4871,5,8463,3929,4534,0,0,0,1.0,1,1.0,1,1.0,1,0.15949443599562352,52
4872,1,8464,3929,4535,0,0,0,1.0,1,1.0,1,1.0,1,0.13038170789924053,53
4873,1,8465,3930,4535,0,0,0,1.0,1,1.0,1,1.0,1,0.16857866226598717,55
4874,2,8467,3932,4535,0,0,0,1.0,1,1.0,1,1.0,1,0.18938287803361373,56
4875,6,8473,3933,4540,0,0,0,1.0,1,1.0,1,1.0,1,0.16135078146675869,55
4876,1,8474,3933,4541,0,0,0,1.0,1,1.0,1,1.0,1,0.1459525047989077,55
4877,2,8476,3934,4542,0,0,0,1.0,1,1.0,1,1.0,1,0.16221243141385466,54
4878,2,8478,3935,4543,0,0,0,1.0,1,1.0,1,1.0,1,0.19683632200083923,53
4879,2,8480,3936,4544,0,0,0,1.0,1,1.0,1,1.0,1,0.24700175290351614,54
4880,6,8486,3937,4549,0,0,0,1.0,1,1.0,1,1.0,1,0.24368052652988442,54
4881,3,8489,3937,4552,0,0,0,1.0,1,1.0,1,1.0,1,0.19582026242588138,53
4882,2,8491,3938,4553,0,0,0,1.0,1,1.0,1,1.0,1,0.22727041524912983,53
4883,0,8491,3938,4553,0,0,0,1.0,1,1.0,1,1.0,1,0.22741579986504343,53
4884,0,8491,3938,4553,0,0,0,1.0,1,1.0,1,1.0,1,0.23170098926184463,51
4885,1,8492,3939,4553,0,0,0,1.0,1,1.0,1,1.0,1,0.2562844699500347,50
4886,0,8492,3939,4553,0,0,0,1.0,1,1.0,1,1.0,1,0.2546836374040706,48
4887,0,8492,3939,4553,0,0,0,1.0,1,1.0,1,1.0,1,0.2546836374040706,48
4888,1,8493,3940,4553,0,0,0,1.0,1,1.0,1,1.0,1,0.273361386075629,48
4889,0,8493,3940,4553,0,0,0,1.0,1,1.0,1,1.0,1,0.273361386075629,48
4890,0,8493,3940,4553,0,0,0,1.0,1,1.0,1,1.0,1,0.2710996368445049,49
4891,1,8494,3941,4553,0,0,0,1.0,1,1.0,1,1.0,1,0.30271778277729355,50
4892,1,8495,3941,4554,0,0,0,1.0,1,1.0,1,1.0,1,0.3037525278028956,49
4893,1,8496,3941,4555,0,0,0,1.0,1,1.0,1,1.0,1,0.2910736834778508,50
4894,2,8498,3941,4557,0,0,0,1.0,1,1.0,1,1.0,1,0.2660286136987248,51
4895,1,8499,3941,4558,0,0,0,1.0,1,1.0,1,1.0,1,0.26834904979062524,52
4896,0,8499,3941,4558,0,0,0,1.0,1,1.0,1,1.0,1,0.26931871541194835,53
4897,1,8500,3941,4559,0,0,0,1.0,1,1.0,1,1.0,1,0.26143706619761814,53
4898,3,8503,3942,4561,0,0,0,1.0,1,1.0,1,1.0,1,0.23614077974727876,53
4899,2,8505,3943,4562,0,0,0,1.0,1,1.0,1,1.0,1,0.20811209043675738,55
4900,1,8506,3944,4562,0,0,0,1.0,1,1.0,1,1.0,1,0.20218705341237878,55
4901,1,8507,3945,4562,0,0,0,1.0,1,1.0,1,1.0,1,0.21326937205749988,56
4902,4,8511,3947,4564,0,0,0,1.0,1,1.0,1,1.0,1,0.24989624109926153,58
4903,2,8513,3949,4564,0,0,0,1.0,1,1.0,1,1.0,1,0.2507370768648778,58
4904,2,8515,3951,4564,0,0,0,1.0,1,1.0,1,1.0,1,0.2580839984763811,57
4905,0,8515,3951,4564,0,0,0,1.0,1,1.0,1,1.0,1,0.26785504580497393,54
4906,1,8516,3952,4564,0,0,0,1.0,1,1.0,1,1.0,1,0.29204176850668107,55
4907,0,8516,3952,4564,0,0,0,1.0,1,1.0,1,1.0,1,0.2943052239477302,52
4908,4,8520,3954,4566,0,0,0,1.0,1,1.0,1,1.0,1,0.29642034802751516,53
4909,0,8520,3954,4566,0,0,0,1.0,1,1.0,1,1.0,1,0.30114424821616803,52
4910,2,8522,3954,4568,0,0,0,1.0,1,1.0,1,1.0,1,0.29387778087372873,53
4911,6,8528,3954,4574,0,0,0,1.0,1,1.0,1,1.0,1,0.22838238628763693,55
4912,3,8531,3955,4576,0,0,0,1.0,1,1.0,1,1.0,1,0.20957768597091037,54
4913,3,8534,3955,4579,0,0,0,1.0,1,1.0,1,1.0,1,0.18986071381774114,53
4914,0,8534,3955,4579,0,0,0,1.0,1,1.0,1,1.0,1,0.2273896308591199,53
4915,3,8537,3956,4581,0,0,0,1.0,1,1.0,1,1.0,1,0.23983247554951712,54
4916,0,8537,3956,4581,0,0,0,1.0,1,1.0,1,1.0,1,0.25769388900431456,52
4917,0,8537,3956,4581,0,0,0,1.0,1,1.0,1,1.0,1,0.24984115015054542,52
4918,4,8541,3956,4585,0,0,0,1.0,1,1.0,1,1.0,1,0.2266633598108213,51
4919,2,8543,3956,4587,0,0,0,1.0,1,1.0,1,1.0,1,0.2657046532717181,50
4920,5,8548,3956,4592,0,0,0,1.0,1,1.0,1,1.0,1,0.27751728802087444,51
4921,4,8552,3957,4595,0,0,0,1.0,1,1.0,1,1.0,1,0.23680942397218355,51
4922,3,8555,3958,4597,0,0,0,1.0,1,1.0,1,1.0,1,0.2399470618383975,53
4923,1,8556,3958,4598,0,0,0,1.0,1,1.0,1,1.0,1,0.23613591988476718,53
4924,2,8558,3959,4599,0,0,0,1.0,1,1.0,1,1.0,1,0.22619229851057132,55
4925,3,8561,3961,4600,0,0,0,1.0,1,1.0,1,1.0,1,0.20855988458569927,56
4926,0,8561,3961,4600,0,0,0,1.0,1,1.0,1,1.0,1,0.20175849375278024,55
4927,2,8563,3963,4600,0,0,0,1.0,1,1.0,1,1.0,1,0.210047436779363,55
4928,0,8563,3963,4600,0,0,0,1.0,1,1.0,1,1.0,1,0.210047436779363,55
4929,1,8564,3963,4601,0,0,0,1.0,1,1.0,1,1.0,1,0.17682329024731144,56
4930,0,8564,3963,4601,0,0,0,1.0,1,1.0,1,1.0,1,0.18501061059979695,58
4931,4,8568,3963,4605,0,0,0,1.0,1,1.0,1,1.0,1,0.14671870472771112,59
4932,0,8568,3963,4605,0,0,0,1.0,1,1.0,1,1.0,1,0.1615910481293042,60
4933,0,8568,3963,4605,0,0,0,1.0,1,1.0,1,1.0,1,0.1615910481293042,60
4934,1,8569,3964,4605,0,0,0,1.0,1,1.0,1,1.0,1,0.18950417983401596,60
4935,2,8571,3964,4607,0,0,0,1.0,1,1.0,1,1.0,1,0.16906945851782265,60
4936,3,8574,3965,4609,0,0,0,1.0,1,1.0,1,1.0,1,0.19073516206516478,61
4937,0,8574,3965,4609,0,0,0,1.0,1,1.0,1,1.0,1,0.2047987445969164,62
4938,1,8575,3965,4610,0,0,0,1.0,1,1.0,1,1.0,1,0.1882400865117862,62
4939,5,8580,3968,4612,0,0,0,1.0,1,1.0,1,1.0,1,0.20767555748765992,64
4940,4,8584,3968,4616,0,0,0,1.0,1,1.0,1,1.0,1,0.1619906484323839,67
4941,2,8586,3968,4618,0,0,0,1.0,1,1.0,1,1.0,1,0.1508708814542009,66
4942,2,8588,3969,4619,0,0,0,1.0,1,1.0,1,1.0,1,0.15499220561609972,67
4943,1,8589,3970,4619,0,0,0,1.0,1,1.0,1,1.0,1,0.18526135961799708,65
4944,3,8592,3973,4619,0,0,0,1.0,1,1.0,1,1.0,1,0.21117433469897265,65
4945,2,8594,3974,4620,0,0,0,1.0,1,1.0,1,1.0,1,0.20847136100723157,62
4946,1,8595,3975,4620,0,0,0,1.0,1,1.0,1,1.0,1,0.2072554546941799,61
4947,1,8596,3976,4620,0,0,0,1.0,1,1.0,1,1.0,1,0.22967515920917866,59
4948,3,8599,3978,4621,0,0,0,1.0,1,1.0,1,1.0,1,0.2193121964995806,59
4949,1,8600,3979,4621,0,0,0,1.0,1,1.0,1,1.0,1,0.23738594832793553,57
4950,8,8608,3984,4624,0,0,0,1.0,1,1.0,1,1.0,1,0.2610227342885653,58
4951,6,8614,3988,4626,0,0,0,1.0,1,1.0,1,1.0,1,0.18317898241312955,55
4952,3,8617,3990,4627,0,0,0,1.0,1,1.0,1,1.0,1,0.2045933415771809,53
4953,5,8622,3995,4627,0,0,0,1.0,1,1.0,1,1.0,1,0.2603207334366349,54
4954,1,8623,3995,4628,0,0,0,1.0,1,1.0,1,1.0,1,0.22551310535362445,52
4955,1,8624,3996,4628,0,0,0,1.0,1,1.0,1,1.0,1,0.2439562096034729,51
4956,0,8624,3996,4628,0,0,0,1.0,1,1.0,1,1.0,1,0.2690176088510679,47
4957,2,8626,3997,4629,0,0,0,1.0,1,1.0,1,1.0,1,0.26141347220986205,48
4958,0,8626,3997,4629,0,0,0,1.0,1,1.0,1,1.0,1,0.2558852350640244,47
4959,0,8626,3997,4629,0,0,0,1.0,1,1.0,1,1.0,1,0.2558852350640244,47
4960,1,8627,3997,4630,0,0,0,1.0,1,1.0,1,1.0,1,0.2502372474542949,48
4961,8,8635,3998,4637,0,0,0,1.0,1,1.0,1,1.0,1,0.1736746553061399,49
4962,0,8635,3998,4637,0,0,0,1.0,1,1.0,1,1.0,1,0.1736746553061399,49
4963,2,8637,3998,4639,0,0,0,1.0,1,1.0,1,1.0,1,0.12921524849635765,51
4964,1,8638,3999,4639,0,0,0,1.0,1,1.0,1,1.0,1,0.14991137369035953,51
4965,1,8639,4000,4639,0,0,0,1.0,1,1.0,1,1.0,1,0.15775264707052877,51
4966,1,8640,4000,4640,0,0,0,1.0,1,1.0,1,1.0,1,0.1527823245911667,51
4967,3,8643,4003,4640,0,0,0,1.0,1,1.0,1,1.0,1,0.17194850206802945,51
4968,4,8647,4004,4643,0,0,0,1.0,1,1.0,1,1.0,1,0.188812826758605,52
4969,6,8653,4006,4647,0,0,0,1.0,1,1.0,1,1.0,1,0.21931208837090588,53
4970,4,8657,4007,4650,0,0,0,1.0,1,1.0,1,1.0,1,0.24011476633813947,54
4971,3,8660,4007,4653,0,0,0,1.0,1,1.0,1,1.0,1,0.18192914189914663,55
4972,3,8663,4007,4656,0,0,0,1.0,1,1.0,1,1.0,1,0.15706641996949058,56
4973,0,8663,4007,4656,0,0,0,1.0,1,1.0,1,1.0,1,0.14001743841772146,57
4974,1,8664,4007,4657,0,0,0,1.0,1,1.0,1,1.0,1,0.14897285197015822,56
4975,1,8665,4007,4658,0,0,0,1.0,1,1.0,1,1.0,1,0.1432428321736473,57
4976,1,8666,4007,4659,0,0,0,1.0,1,1.0,1,1.0,1,0.14082590505162393,57
4977,0,8666,4007,4659,0,0,0,1.0,1,1.0,1,1.0,1,0.14082590505162393,57
4978,3,8669,4010,4659,0,0,0,1.0,1,1.0,1,1.0,1,0.1941389683591294,58
4979,2,8671,4011,4660,0,0,0,1.0,1,1.0,1,1.0,1,0.2043727900149785,58
4980,4,8675,4013,4662,0,0,0,1.0,1,1.0,1,1.0,1,0.22750740650658272,59
4981,8,8683,4014,4669,0,0,0,1.0,1,1.0,1,1.0,1,0.16021625034070652,60
4982,1,8684,4014,4670,0,0,0,1.0,1,1.0,1,1.0,1,0.1442341979339447,61
4983,3,8687,4017,4670,0,0,0,1.0,1,1.0,1,1.0,1,0.18287041600577877,61
4984,3,8690,4018,4672,0,0,0,1.0,1,1.0,1,1.0,1,0.16557444899099363,59
4985,0,8690,4018,4672,0,0,0,1.0,1,1.0,1,1.0,1,0.1646749619047392,58
4986,2,8692,4018,4674,0,0,0,1.0,1,1.0,1,1.0,1,0.1497710651487324,59
4987,1,8693,4019,4674,0,0,0,1.0,1,1.0,1,1.0,1,0.17933719161007125,58
4988,2,8695,4021,4674,0,0,0,1.0,1,1.0,1,1.0,1,0.18209800544476537,57
4989,3,8698,4023,4675,0,0,0,1.0,1,1.0,1,1.0,1,0.20001354224945284,54
4990,2,8700,4023,4677,0,0,0,1.0,1,1.0,1,1.0,1,0.19489607919062046,53
4991,5,8705,4026,4679,0,0,0,1.0,1,1.0,1,1.0,1,0.19065448811221808,52
4992,2,8707,4027,4680,0,0,0,1.0,1,1.0,1,1.0,1,0.2356570100131917,48
4993,1,8708,4028,4680,0,0,0,1.0,1,1.0,1,1.0,1,0.24295289599489417,48
4994,1,8709,4029,4680,0,0,0,1.0,1,1.0,1,1.0,1,0.21963175352977568,45
4995,3,8712,4031,4681,0,0,0,1.0,1,1.0,1,1.0,1,0.21397727013492943,45
4996,1,8713,4032,4681,0,0,0,1.0,1,1.0,1,1.0,1,0.1701480534896525,45
4997,1,8714,4033,4681,0,0,0,1.0,1,1.0,1,1.0,1,0.1981153051077876,42
4998,1,8715,4034,4681,0,0,0,1.0,1,1.0,1,1.0,1,0.23418788494252443,44
4999,2,8717,4035,4682,0,0,0,1.0,1,1.0,1,1.0,1,0.2850252623909637,44
5000,1,8718,4036,4682,0,0,0,1.0,1,1.0,1,1.0,1,0.32813380921027263,42
5001,1,8719,4036,4683,0,0,0,1.0,1,1.0,1,1.0,1,0.31020701066159995,42
5002,2,8721,4037,4684,0,0,0,1.0,1,1.0,1,1.0,1,0.30845502416969,41
5003,3,8724,4038,4686,0,0,0,1.0,1,1.0,1,1.0,1,0.33000556679272797,41
5004,0,8724,4038,4686,0,0,0,1.0,1,1.0,1,1.0,1,0.345402525042578,41
5005,1,8725,4038,4687,0,0,0,1.0,1,1.0,1,1.0,1,0.31843378292055385,41
5006,1,8726,4038,4688,0,0,0,1.0,1,1.0,1,1.0,1,0.2920953480909491,42
5007,0,8726,4038,4688,0,0,0,1.0,1,1.0,1,1.0,1,0.29809047378920056,43
5008,0,8726,4038,4688,0,0,0,1.0,1,1.0,1,1.0,1,0.2683046714523365,46
5009,0,8726,4038,4688,0,0,0,1.0,1,1.0,1,1.0,1,0.2683046714523365,46
5010,0,8726,4038,4688,0,0,0,1.0,1,1.0,1,1.0,1,0.2879561938056696,46
5011,3,8729,4038,4691,0,0,0,1.0,1,1.0,1,1.0,1,0.25389275709117387,47
5012,0,8729,4038,4691,0,0,0,1.0,1,1.0,1,1.0,1,0.2659988577045663,48
5013,0,8729,4038,4691,0,0,0,1.0,1,1.0,1,1.0,1,0.2659988577045663,48
5014,0,8729,4038,4691,0,0,0,1.0,1,1.0,1,1.0,1,0.2629951169908572,49
5015,4,8733,4039,4694,0,0,0,1.0,1,1.0,1,1.0,1,0.2461065238716454,50
5016,5,8738,4040,4698,0,0,0,1.0,1,1.0,1,1.0,1,0.25605270079035863,51
5017,0,8738,4040,4698,0,0,0,1.0,1,1.0,1,1.0,1,0.25605270079035863,51
5018,1,8739,4041,4698,0,0,0,1.0,1,1.0,1,1.0,1,0.2412374678274815,51
5019,1,8740,4042,4698,0,0,0,1.0,1,1.0,1,1.0,1,0.26936180143595895,51
5020,0,8740,4042,4698,0,0,0,1.0,1,1.0,1,1.0,1,0.26936180143595895,51
5021,2,8742,4042,4700,0,0,0,1.0,1,1.0,1,1.0,1,0.24492917125425465,52
5022,1,8743,4043,4700,0,0,0,1.0,1,1.0,1,1.0,1,0.2472614670055887,52
5023,3,8746,4046,4700,0,0,0,1.0,1,1.0,1,1.0,1,0.29920017511062624,52
5024,3,8749,4048,4701,0,0,0,1.0,1,1.0,1,1.0,1,0.3277656327074501,51
5025,0,8749,4048,4701,0,0,0,1.0,1,1.0,1,1.0,1,0.31865282036940706,50
5026,2,8751,4050,4701,0,0,0,1.0,1,1.0,1,1.0,1,0.36286743708572844,49
5027,3,8754,4052,4702,0,0,0,1.0,1,1.0,1,1.0,1,0.3288718496571397,47
5028,2,8756,4053,4703,0,0,0,1.0,1,1.0,1,1.0,1,0.3291399924068517,47
5029,4,8760,4055,4705,0,0,0,1.0,1,1.0,1,1.0,1,0.30885956025368644,46
5030,1,8761,4055,4706,0,0,0,1.0,1,1.0,1,1.0,1,0.2779148377542621,48
5031,2,8763,4056,4707,0,0,0,1.0,1,1.0,1,1.0,1,0.2901962612027077,46
5032,2,8765,4057,4708,0,0,0,1.0,1,1.0,1,1.0,1,0.30741074150158076,46
5033,1,8766,4058,4708,0,0,0,1.0,1,1.0,1,1.0,1,0.32328813054781286,47
5034,1,8767,4059,4708,0,0,0,1.0,1,1.0,1,1.0,1,0.31056202128182997,48
5035,0,8767,4059,4708,0,0,0,1.0,1,1.0,1,1.0,1,0.3038832346834163,47
5036,1,8768,4060,4708,0,0,0,1.0,1,1.0,1,1.0,1,0.31724235654444316,47
5037,0,8768,4060,4708,0,0,0,1.0,1,1.0,1,1.0,1,0.32232127520495646,47
5038,5,8773,4061,4712,0,0,0,1.0,1,1.0,1,1.0,1,0.2939190737329134,48
5039,1,8774,4061,4713,0,0,0,1.0,1,1.0,1,1.0,1,0.25537339140576554,47
5040,0,8774,4061,4713,0,0,0,1.0,1,1.0,1,1.0,1,0.2654191964647512,48
5041,1,8775,4061,4714,0,0,0,1.0,1,1.0,1,1.0,1,0.2570052865290453,49
5042,1,8776,4061,4715,0,0,0,1.0,1,1.0,1,1.0,1,0.26231576898313574,50
5043,0,8776,4061,4715,0,0,0,1.0,1,1.0,1,1.0,1,0.23968236297506754,51
5044,0,8776,4061,4715,0,0,0,1.0,1,1.0,1,1.0,1,0.23968236297506754,51
5045,0,8776,4061,4715,0,0,0,1.0,1,1.0,1,1.0,1,0.23968236297506754,51
5046,1,8777,4061,4716,0,0,0,1.0,1,1.0,1,1.0,1,0.23476981030065597,52
5047,1,8778,4062,4716,0,0,0,1.0,1,1.0,1,1.0,1,0.2502662016175092,52
5048,0,8778,4062,4716,0,0,0,1.0,1,1.0,1,1.0,1,0.2502662016175092,52
5049,1,8779,4062,4717,0,0,0,1.0,1,1.0,1,1.0,1,0.280167137060056,52
5050,3,8782,4063,4719,0,0,0,1.0,1,1.0,1,1.0,1,0.2943989018056336,55
5051,3,8785,4063,4722,0,0,0,1.0,1,1.0,1,1.0,1,0.2624754657138539,55
5052,0,8785,4063,4722,0,0,0,1.0,1,1.0,1,1.0,1,0.2624754657138539,55
5053,1,8786,4063,4723,0,0,0,1.0,1,1.0,1,1.0,1,0.2720254491394579,54
5054,1,8787,4064,4723,0,0,0,1.0,1,1.0,1,1.0,1,0.27469752391481717,54
5055,0,8787,4064,4723,0,0,0,1.0,1,1.0,1,1.0,1,0.2962410151077587,54
5056,1,8788,4064,4724,0,0,0,1.0,1,1.0,1,1.0,1,0.2952043144980155,55
5057,3,8791,4064,4727,0,0,0,1.0,1,1.0,1,1.0,1,0.23277892126388028,56
5058,0,8791,4064,4727,0,0,0,1.0,1,1.0,1,1.0,1,0.24450620551113114,58
5059,4,8795,4064,4731,0,0,0,1.0,1,1.0,1,1.0,1,0.1822747054903373,58
5060,1,8796,4065,4731,0,0,0,1.0,1,1.0,1,1.0,1,0.18260835365391032,59
5061,4,8800,4066,4734,0,0,0,1.0,1,1.0,1,1.0,1,0.16218610243522025,58
5062,4,8804,4068,4736,0,0,0,1.0,1,1.0,1,1.0,1,0.15210729049496552,58
5063,6,8810,4071,4739,0,0,0,1.0,1,1.0,1,1.0,1,0.21809278281497455,57
5064,4,8814,4073,4741,0,0,0,1.0,1,1.0,1,1.0,1,0.25112355546115,57
5065,1,8815,4074,4741,0,0,0,1.0,1,1.0,1,1.0,1,0.2579728788686502,56
5066,1,8816,4075,4741,0,0,0,1.0,1,1.0,1,1.0,1,0.27328472694341915,55
5067,1,8817,4076,4741,0,0,0,1.0,1,1.0,1,1.0,1,0.2822185279107876,54
5068,3,8820,4077,4743,0,0,0,1.0,1,1.0,1,1.0,1,0.30222237780266814,54
5069,0,8820,4077,4743,0,0,0,1.0,1,1.0,1,1.0,1,0.3195307782198185,53
5070,4,8824,4079,4745,0,0,0,1.0,1,1.0,1,1.0,1,0.34006195910577497,53
5071,9,8833,4080,4753,0,0,0,1.0,1,1.0,1,1.0,1,0.17213928795450797,53
5072,2,8835,4081,4754,0,0,0,1.0,1,1.0,1,1.0,1,0.17589218930746994,53
5073,3,8838,4081,4757,0,0,0,1.0,1,1.0,1,1.0,1,0.17378934516194558,53
5074,1,8839,4081,4758,0,0,0,1.0,1,1.0,1,1.0,1,0.16754498439875357,52
5075,2,8841,4081,4760,0,0,0,1.0,1,1.0,1,1.0,1,0.17272539593125574,52
5076,2,8843,4082,4761,0,0,0,1.0,1,1.0,1,1.0,1,0.15887704544073616,55
5077,2,8845,4083,4762,0,0,0,1.0,1,1.0,1,1.0,1,0.2141312251826507,55
5078,2,8847,4083,4764,0,0,0,1.0,1,1.0,1,1.0,1,0.2141312251826507,55
5079,1,8848,4083,4765,0,0,0,1.0,1,1.0,1,1.0,1,0.21765938707925983,54
5080,2,8850,4083,4767,0,0,0,1.0,1,1.0,1,1.0,1,0.22150167634303572,55
5081,4,8854,4083,4771,0,0,0,1.0,1,1.0,1,1.0,1,0.1685985387481762,57
5082,0,8854,4083,4771,0,0,0,1.0,1,1.0,1,1.0,1,0.1685985387481762,57
5083,2,8856,4083,4773,0,0,0,1.0,1,1.0,1,1.0,1,0.15809184399775789,58
5084,1,8857,4083,4774,0,0,0,1.0,1,1.0,1,1.0,1,0.15009838059803843,58
5085,1,8858,4084,4774,0,0,0,1.0,1,1.0,1,1.0,1,0.1434516313914596,59
5086,5,8863,4087,4776,0,0,0,1.0,1,1.0,1,1.0,1,0.14236252803074373,60
5087,4,8867,4089,4778,0,0,0,1.0,1,1.0,1,1.0,1,0.16648857226609337,61
5088,2,8869,4090,4779,0,0,0,1.0,1,1.0,1,1.0,1,0.16649680165584882,62
5089,2,8871,4092,4779,0,0,0,1.0,1,1.0,1,1.0,1,0.17848035470038023,63
5090,2,8873,4092,4781,0,0,0,1.0,1,1.0,1,1.0,1,0.17794541433826985,63
5091,3,8876,4094,4782,0,0,0,1.0,1,1.0,1,1.0,1,0.21984300830485642,63
5092,0,8876,4094,4782,0,0,0,1.0,1,1.0,1,1.0,1,0.21984300830485642,63
5093,1,8877,4095,4782,0,0,0,1.0,1,1.0,1,1.0,1,0.21952028287336117,63
5094,1,8878,4096,4782,0,0,0,1.0,1,1.0,1,1.0,1,0.21221696509937263,64
5095,0,8878,4096,4782,0,0,0,1.0,1,1.0,1,1.0,1,0.21221696509937263,64
5096,5,8883,4097,4786,0,0,0,1.0,1,1.0,1,1.0,1,0.2020107217374076,67
5097,0,8883,4097,4786,0,0,0,1.0,1,1.0,1,1.0,1,0.19980855612380297,67
5098,2,8885,4097,4788,0,0,0,1.0,1,1.0,1,1.0,1,0.17423606871152247,68
5099,0,8885,4097,4788,0,0,0,1.0,1,1.0,1,1.0,1,0.19710725327480785,70
5100,0,8885,4097,4788,0,0,0,1.0,1,1.0,1,1.0,1,0.1845892932491167,71
5101,2,8887,4097,4790,0,0,0,1.0,1,1.0,1,1.0,1,0.1689861878295412,71
5102,4,8891,4101,4790,0,0,0,1.0,1,1.0,1,1.0,1,0.22502975610194104,70
5103,3,8894,4104,4790,0,0,0,1.0,1,1.0,1,1.0,1,0.21267350477658784,67
5104,1,8895,4105,4790,0,0,0,1.0,1,1.0,1,1.0,1,0.2489674526982958,67
5105,5,8900,4109,4791,0,0,0,1.0,1,1.0,1,1.0,1,0.26292581991100555,63
5106,5,8905,4112,4793,0,0,0,1.0,1,1.0,1,1.0,1,0.30679222091159297,63
5107,4,8909,4115,4794,0,0,0,1.0,1,1.0,1,1.0,1,0.3014779236187585,60
5108,2,8911,4116,4795,0,0,0,1.0,1,1.0,1,1.0,1,0.2689874925791596,56
5109,2,8913,4118,4795,0,0,0,1.0,1,1.0,1,1.0,1,0.3091111864133084,56
5110,5,8918,4121,4797,0,0,0,1.0,1,1.0,1,1.0,1,0.2567835003959893,52
5111,11,8929,4123,4806,0,0,0,1.0,1,1.0,1,1.0,1,0.20670580524589616,51
5112,2,8931,4123,4808,0,0,0,1.0,1,1.0,1,1.0,1,0.18347214679710597,50
5113,2,8933,4125,4808,0,0,0,1.0,1,1.0,1,1.0,1,0.1926317218892189,48
5114,1,8934,4126,4808,0,0,0,1.0,1,1.0,1,1.0,1,0.2044105132591725,46
5115,0,8934,4126,4808,0,0,0,1.0,1,1.0,1,1.0,1,0.19876653664495042,44
5116,0,8934,4126,4808,0,0,0,1.0,1,1.0,1,1.0,1,0.20087996994520005,44
5117,0,8934,4126,4808,0,0,0,1.0,1,1.0,1,1.0,1,0.19098385785083624,46
5118,4,8938,4129,4809,0,0,0,1.0,1,1.0,1,1.0,1,0.2114188172324125,46
5119,3,8941,4130,4811,0,0,0,1.0,1,1.0,1,1.0,1,0.21408445388069167,46
5120,1,8942,4131,4811,0,0,0,1.0,1,1.0,1,1.0,1,0.24407734081541074,46
5121,6,8948,4132,4816,0,0,0,1.0,1,1.0,1,1.0,1,0.13205991721812435,46
5122,0,8948,4132,4816,0,0,0,1.0,1,1.0,1,1.0,1,0.13205991721812435,46
5123,1,8949,4133,4816,0,0,0,1.0,1,1.0,1,1.0,1,0.14601806529675507,45
5124,3,8952,4134,4818,0,0,0,1.0,1,1.0,1,1.0,1,0.12466934762196273,47
5125,2,8954,4135,4819,0,0,0,1.0,1,1.0,1,1.0,1,0.17073063919774095,50
5126,1,8955,4136,4819,0,0,0,1.0,1,1.0,1,1.0,1,0.18112136712779345,50
5127,1,8956,4136,4820,0,0,0,1.0,1,1.0,1,1.0,1,0.17515707298136898,52
5128,2,8958,4137,4821,0,0,0,1.0,1,1.0,1,1.0,1,0.21658863272262338,53
5129,5,8963,4137,4826,0,0,0,1.0,1,1.0,1,1.0,1,0.1854887527963445,55
5130,2,8965,4138,4827,0,0,0,1.0,1,1.0,1,1.0,1,0.18702981536569976,55
5131,2,8967,4138,4829,0,0,0,1.0,1,1.0,1,1.0,1,0.15429676185163674,54
5132,0,8967,4138,4829,0,0,0,1.0,1,1.0,1,1.0,1,0.17556338271658023,54
5133,1,8968,4139,4829,0,0,0,1.0,1,1.0,1,1.0,1,0.16046963895471392,54
5134,0,8968,4139,4829,0,0,0,1.0,1,1.0,1,1.0,1,0.178061669399971,53
5135,0,8968,4139,4829,0,0,0,1.0,1,1.0,1,1.0,1,0.18560655132363602,54
5136,1,8969,4139,4830,0,0,0,1.0,1,1.0,1,1.0,1,0.20218394039799592,54
5137,0,8969,4139,4830,0,0,0,1.0,1,1.0,1,1.0,1,0.20218394039799592,54
5138,2,8971,4140,4831,0,0,0,1.0,1,1.0,1,1.0,1,0.1834240221051048,54
5139,1,8972,4141,4831,0,0,0,1.0,1,1.0,1,1.0,1,0.17824074036115053,55
5140,3,8975,4144,4831,0,0,0,1.0,1,1.0,1,1.0,1,0.20647052323996354,55
5141,2,8977,4145,4832,0,0,0,1.0,1,1.0,1,1.0,1,0.20882032854777685,53
5142,5,8982,4148,4834,0,0,0,1.0,1,1.0,1,1.0,1,0.21952084364870464,54
5143,3,8985,4151,4834,0,0,0,1.0,1,1.0,1,1.0,1,0.22154595244471745,52
5144,5,8990,4153,4837,0,0,0,1.0,1,1.0,1,1.0,1,0.2415041706335171,50
5145,2,8992,4154,4838,0,0,0,1.0,1,1.0,1,1.0,1,0.222118644800921,49
5146,1,8993,4155,4838,0,0,0,1.0,1,1.0,1,1.0,1,0.24130712103819013,49
5147,0,8993,4155,4838,0,0,0,1.0,1,1.0,1,1.0,1,0.22503768184485887,46
5148,0,8993,4155,4838,0,0,0,1.0,1,1.0,1,1.0,1,0.24117035448902222,46
5149,0,8993,4155,4838,0,0,0,1.0,1,1.0,1,1.0,1,0.2507167126894754,45
5150,3,8996,4158,4838,0,0,0,1.0,1,1.0,1,1.0,1,0.27179456110451067,47
5151,7,9003,4160,4843,0,0,0,1.0,1,1.0,1,1.0,1,0.16807974781624416,46
5152,2,9005,4162,4843,0,0,0,1.0,1,1.0,1,1.0,1,0.20505823260540923,46
5153,1,9006,4163,4843,0,0,0,1.0,1,1.0,1,1.0,1,0.19918825337542356,45
5154,1,9007,4164,4843,0,0,0,1.0,1,1.0,1,1.0,1,0.257672007750329,47
5155,2,9009,4165,4844,0,0,0,1.0,1,1.0,1,1.0,1,0.28434515322324294,47
5156,2,9011,4166,4845,0,0,0,1.0,1,1.0,1,1.0,1,0.2888204058668164,47
5157,2,9013,4168,4845,0,0,0,1.0,1,1.0,1,1.0,1,0.3033345331648079,46
5158,0,9013,4168,4845,0,0,0,1.0,1,1.0,1,1.0,1,0.3083396224843422,47
5159,1,9014,4168,4846,0,0,0,1.0,1,1.0,1,1.0,1,0.3065134079026453,49
5160,0,9014,4168,4846,0,0,0,1.0,1,1.0,1,1.0,1,0.30100678600222,48
5161,3,9017,4168,4849,0,0,0,1.0,1,1.0,1,1.0,1,0.2619637170943257,48
5162,1,9018,4168,4850,0,0,0,1.0,1,1.0,1,1.0,1,0.2458943724053744,49
5163,1,9019,4168,4851,0,0,0,1.0,1,1.0,1,1.0,1,0.24281420361480113,51
5164,1,9020,4169,4851,0,0,0,1.0,1,1.0,1,1.0,1,0.2276432961920092,51
5165,2,9022,4169,4853,0,0,0,1.0,1,1.0,1,1.0,1,0.21467607406839218,52
5166,3,9025,4171,4854,0,0,0,1.0,1,1.0,1,1.0,1,0.19050452902984605,52
5167,2,9027,4173,4854,0,0,0,1.0,1,1.0,1,1.0,1,0.20662764091442976,52
5168,1,9028,4173,4855,0,0,0,1.0,1,1.0,1,1.0,1,0.19057071807224338,52
5169,2,9030,4175,4855,0,0,0,1.0,1,1.0,1,1.0,1,0.20754252002984724,53
5170,3,9033,4175,4858,0,0,0,1.0,1,1.0,1,1.0,1,0.18727911055569862,53
5171,1,9034,4175,4859,0,0,0,1.0,1,1.0,1,1.0,1,0.1705548910715363,52
5172,0,9034,4175,4859,0,0,0,1.0,1,1.0,1,1.0,1,0.1544046613609881,53
5173,0,9034,4175,4859,0,0,0,1.0,1,1.0,1,1.0,1,0.17119889361164356,54
5174,3,9037,4175,4862,0,0,0,1.0,1,1.0,1,1.0,1,0.15066528897438058,56
5175,2,9039,4176,4863,0,0,0,1.0,1,1.0,1,1.0,1,0.14130460174099443,58
5176,0,9039,4176,4863,0,0,0,1.0,1,1.0,1,1.0,1,0.14130460174099443,58
5177,0,9039,4176,4863,0,0,0,1.0,1,1.0,1,1.0,1,0.1558264618197258,59
5178,1,9040,4177,4863,0,0,0,1.0,1,1.0,1,1.0,1,0.15244646944157972,57
5179,0,9040,4177,4863,0,0,0,1.0,1,1.0,1,1.0,1,0.16170243881160207,58
5180,2,9042,4179,4863,0,0,0,1.0,1,1.0,1,1.0,1,0.15270361375494607,56
5181,2,9044,4181,4863,0,0,0,1.0,1,1.0,1,1.0,1,0.1743204001349339,57
5182,3,9047,4184,4863,0,0,0,1.0,1,1.0,1,1.0,1,0.22887856671204168,56
5183,3,9050,4186,4864,0,0,0,1.0,1,1.0,1,1.0,1,0.23375790429884385,57
5184,3,9053,4187,4866,0,0,0,1.0,1,1.0,1,1.0,1,0.2183242886876657,56
5185,1,9054,4187,4867,0,0,0,1.0,1,1.0,1,1.0,1,0.21889173165502834,56
5186,2,9056,4189,4867,0,0,0,1.0,1,1.0,1,1.0,1,0.26880056432254174,54
5187,0,9056,4189,4867,0,0,0,1.0,1,1.0,1,1.0,1,0.28629866565574386,51
5188,2,9058,4190,4868,0,0,0,1.0,1,1.0,1,1.0,1,0.2770430385771675,50
5189,1,9059,4190,4869,0,0,0,1.0,1,1.0,1,1.0,1,0.2538928248239439,49
5190,1,9060,4191,4869,0,0,0,1.0,1,1.0,1,1.0,1,0.2753704018360803,50
5191,6,9066,4191,4875,0,0,0,1.0,1,1.0,1,1.0,1,0.18669845452198439,50
5192,2,9068,4193,4875,0,0,0,1.0,1,1.0,1,1.0,1,0.139683002221089,49
5193,0,9068,4193,4875,0,0,0,1.0,1,1.0,1,1.0,1,0.15842501769848702,50
5194,2,9070,4194,4876,0,0,0,1.0,1,1.0,1,1.0,1,0.1749439721748079,51
5195,1,9071,4195,4876,0,0,0,1.0,1,1.0,1,1.0,1,0.20608299060242544,51
5196,1,9072,4195,4877,0,0,0,1.0,1,1.0,1,1.0,1,0.19822809084056175,51
5197,1,9073,4195,4878,0,0,0,1.0,1,1.0,1,1.0,1,0.2029479718554236,51
5198,1,9074,4195,4879,0,0,0,1.0,1,1.0,1,1.0,1,0.19822809084056175,51
5199,1,9075,4195,4880,0,0,0,1.0,1,1.0,1,1.0,1,0.1933972668801348,54
5200,2,9077,4196,4881,0,0,0,1.0,1,1.0,1,1.0,1,0.17629926438064739,54
5201,7,9084,4198,4886,0,0,0,1.0,1,1.0,1,1.0,1,0.14631880818136309,55
5202,1,9085,4198,4887,0,0,0,1.0,1,1.0,1,1.0,1,0.17249657341409314,56
5203,0,9085,4198,4887,0,0,0,1.0,1,1.0,1,1.0,1,0.17249657341409314,56
5204,0,9085,4198,4887,0,0,0,1.0,1,1.0,1,1.0,1,0.18986539656123588,58
5205,1,9086,4198,4888,0,0,0,1.0,1,1.0,1,1.0,1,0.17915603378947195,58
5206,0,9086,4198,4888,0,0,0,1.0,1,1.0,1,1.0,1,0.17915603378947195,58
5207,2,9088,4199,4889,0,0,0,1.0,1,1.0,1,1.0,1,0.18478363793716843,59
5208,1,9089,4199,4890,0,0,0,1.0,1,1.0,1,1.0,1,0.18274227587732486,58
5209,0,9089,4199,4890,0,0,0,1.0,1,1.0,1,1.0,1,0.18274227587732486,58
5210,0,9089,4199,4890,0,0,0,1.0,1,1.0,1,1.0,1,0.19087076273945278,57
5211,2,9091,4200,4891,0,0,0,1.0,1,1.0,1,1.0,1,0.16257148754641143,57
5212,1,9092,4200,4892,0,0,0,1.0,1,1.0,1,1.0,1,0.17951438617616836,59
5213,2,9094,4202,4892,0,0,0,1.0,1,1.0,1,1.0,1,0.20829356528555523,59
5214,1,9095,4202,4893,0,0,0,1.0,1,1.0,1,1.0,1,0.21985026909426794,59
5215,2,9097,4203,4894,0,0,0,1.0,1,1.0,1,1.0,1,0.23997170459131514,58
5216,0,9097,4203,4894,0,0,0,1.0,1,1.0,1,1.0,1,0.22503968106316669,59
5217,4,9101,4206,4895,0,0,0,1.0,1,1.0,1,1.0,1,0.2182345844916578,58
5218,5,9106,4210,4896,0,0,0,1.0,1,1.0,1,1.0,1,0.28778754415048496,58
5219,0,9106,4210,4896,0,0,0,1.0,1,1.0,1,1.0,1,0.2487254705329238,57
5220,0,9106,4210,4896,0,0,0,1.0,1,1.0,1,1.0,1,0.27549533957943867,56
5221,6,9112,4211,4901,0,0,0,1.0,1,1.0,1,1.0,1,0.25487688095399524,58
5222,4,9116,4214,4902,0,0,0,1.0,1,1.0,1,1.0,1,0.2163233321350415,56
5223,3,9119,4216,4903,0,0,0,1.0,1,1.0,1,1.0,1,0.26902386224826313,55
5224,1,9120,4217,4903,0,0,0,1.0,1,1.0,1,1.0,1,0.2767376320006092,56
5225,3,9123,4219,4904,0,0,0,1.0,1,1.0,1,1.0,1,0.2833119680890155,55
5226,1,9124,4220,4904,0,0,0,1.0,1,1.0,1,1.0,1,0.282828618218379,55
5227,0,9124,4220,4904,0,0,0,1.0,1,1.0,1,1.0,1,0.27247396438438115,53
5228,1,9125,4221,4904,0,0,0,1.0,1,1.0,1,1.0,1,0.2596084892454431,51
5229,1,9126,4221,4905,0,0,0,1.0,1,1.0,1,1.0,1,0.24141483074058503,51
5230,0,9126,4221,4905,0,0,0,1.0,1,1.0,1,1.0,1,0.24060308634340521,51
5231,6,9132,4222,4910,0,0,0,1.0,1,1.0,1,1.0,1,0.1999131220115482,52
5232,2,9134,4224,4910,0,0,0,1.0,1,1.0,1,1.0,1,0.24858916033459275,52
5233,2,9136,4224,4912,0,0,0,1.0,1,1.0,1,1.0,1,0.23329341043322402,53
5234,4,9140,4225,4915,0,0,0,1.0,1,1.0,1,1.0,1,0.25765400488861323,53
5235,1,9141,4226,4915,0,0,0,1.0,1,1.0,1,1.0,1,0.255866786986359,53
5236,1,9142,4226,4916,0,0,0,1.0,1,1.0,1,1.0,1,0.21543596265764225,52
5237,1,9143,4226,4917,0,0,0,1.0,1,1.0,1,1.0,1,0.22113908279300337,52
5238,2,9145,4228,4917,0,0,0,1.0,1,1.0,1,1.0,1,0.2263234144261719,52
5239,2,9147,4228,4919,0,0,0,1.0,1,1.0,1,1.0,1,0.23194776027552505,51
5240,1,9148,4229,4919,0,0,0,1.0,1,1.0,1,1.0,1,0.24331653617755444,53
5241,2,9150,4229,4921,0,0,0,1.0,1,1.0,1,1.0,1,0.23590353085656895,53
5242,2,9152,4230,4922,0,0,0,1.0,1,1.0,1,1.0,1,0.23666691596957148,51
5243,0,9152,4230,4922,0,0,0,1.0,1,1.0,1,1.0,1,0.23666691596957148,51
5244,1,9153,4231,4922,0,0,0,1.0,1,1.0,1,1.0,1,0.23610366897301788,52
5245,0,9153,4231,4922,0,0,0,1.0,1,1.0,1,1.0,1,0.22747640245162407,53
5246,4,9157,4235,4922,0,0,0,1.0,1,1.0,1,1.0,1,0.23359838474078176,53
5247,0,9157,4235,4922,0,0,0,1.0,1,1.0,1,1.0,1,0.23404382160898268,54
5248,3,9160,4236,4924,0,0,0,1.0,1,1.0,1,1.0,1,0.2271868112696837,54
5249,2,9162,4237,4925,0,0,0,1.0,1,1.0,1,1.0,1,0.23093962251223538,55
5250,1,9163,4237,4926,0,0,0,1.0,1,1.0,1,1.0,1,0.2382917528285562,57
5251,4,9167,4237,4930,0,0,0,1.0,1,1.0,1,1.0,1,0.18156626966445422,58
5252,0,9167,4237,4930,0,0,0,1.0,1,1.0,1,1.0,1,0.18156626966445422,58
5253,2,9169,4239,4930,0,0,0,1.0,1,1.0,1,1.0,1,0.21647873490973088,58
5254,5,9174,4239,4935,0,0,0,1.0,1,1.0,1,1.0,1,0.203929638548204,59
5255,3,9177,4242,4935,0,0,0,1.0,1,1.0,1,1.0,1,0.2234465628713951,58
5256,1,9178,4242,4936,0,0,0,1.0,1,1.0,1,1.0,1,0.24199268844617697,58
5257,1,9179,4242,4937,0,0,0,1.0,1,1.0,1,1.0,1,0.23596425771539042,57
5258,0,9179,4242,4937,0,0,0,1.0,1,1.0,1,1.0,1,0.22200720008147312,55
5259,1,9180,4242,4938,0,0,0,1.0,1,1.0,1,1.0,1,0.21168474093502238,56
5260,0,9180,4242,4938,0,0,0,1.0,1,1.0,1,1.0,1,0.2070054562702393,55
5261,2,9182,4243,4939,0,0,0,1.0,1,1.0,1,1.0,1,0.23067141015209228,54
5262,1,9183,4244,4939,0,0,0,1.0,1,1.0,1,1.0,1,0.25192485935597697,54
5263,5,9188,4247,4941,0,0,0,1.0,1,1.0,1,1.0,1,0.2722196611243438,55
5264,2,9190,4249,4941,0,0,0,1.0,1,1.0,1,1.0,1,0.2953411110185162,53
5265,3,9193,4251,4942,0,0,0,1.0,1,1.0,1,1.0,1,0.3053357929172606,52
5266,2,9195,4252,4943,0,0,0,1.0,1,1.0,1,1.0,1,0.3075661870194018,49
5267,2,9197,4253,4944,0,0,0,1.0,1,1.0,1,1.0,1,0.3123750384844084,49
5268,2,9199,4253,4946,0,0,0,1.0,1,1.0,1,1.0,1,0.2968761889348159,46
5269,2,9201,4254,4947,0,0,0,1.0,1,1.0,1,1.0,1,0.2839393913247387,45
5270,5,9206,4257,4949,0,0,0,1.0,1,1.0,1,1.0,1,0.2609359868449625,46
5271,3,9209,4258,4951,0,0,0,1.0,1,1.0,1,1.0,1,0.2610786738777154,46
5272,2,9211,4259,4952,0,0,0,1.0,1,1.0,1,1.0,1,0.24814861809311267,45
5273,7,9218,4262,4956,0,0,0,1.0,1,1.0,1,1.0,1,0.24283309083004206,45
5274,1,9219,4262,4957,0,0,0,1.0,1,1.0,1,1.0,1,0.19844055684233813,45
5275,3,9222,4264,4958,0,0,0,1.0,1,1.0,1,1.0,1,0.21092731850470225,46
5276,3,9225,4266,4959,0,0,0,1.0,1,1.0,1,1.0,1,0.2098632646658588,45
5277,3,9228,4268,4960,0,0,0,1.0,1,1.0,1,1.0,1,0.20996941616515535,45
5278,2,9230,4270,4960,0,0,0,1.0,1,1.0,1,1.0,1,0.20094279579405117,44
5279,1,9231,4271,4960,0,0,0,1.0,1,1.0,1,1.0,1,0.23601909525156883,45
5280,0,9231,4271,4960,0,0,0,1.0,1,1.0,1,1.0,1,0.24201494190100947,46
5281,0,9231,4271,4960,0,0,0,1.0,1,1.0,1,1.0,1,0.24201494190100947,46
5282,0,9231,4271,4960,0,0,0,1.0,1,1.0,1,1.0,1,0.25213091701595824,47
5283,1,9232,4271,4961,0,0,0,1.0,1,1.0,1,1.0,1,0.24429976662015704,48
5284,1,9233,4271,4962,0,0,0,1.0,1,1.0,1,1.0,1,0.21239949022455692,48
5285,0,9233,4271,4962,0,0,0,1.0,1,1.0,1,1.0,1,0.20368308505685698,48
5286,1,9234,4271,4963,0,0,0,1.0,1,1.0,1,1.0,1,0.1969140553850223,50
5287,0,9234,4271,4963,0,0,0,1.0,1,1.0,1,1.0,1,0.1969140553850223,50
5288,2,9236,4271,4965,0,0,0,1.0,1,1.0,1,1.0,1,0.18582382815649917,51
5289,0,9236,4271,4965,0,0,0,1.0,1,1.0,1,1.0,1,0.18582382815649917,51
5290,1,9237,4271,4966,0,0,0,1.0,1,1.0,1,1.0,1,0.17945768233825393,52
5291,3,9240,4273,4967,0,0,0,1.0,1,1.0,1,1.0,1,0.24141189467223936,52
5292,0,9240,4273,4967,0,0,0,1.0,1,1.0,1,1.0,1,0.2509945140854265,53
5293,2,9242,4274,4968,0,0,0,1.0,1,1.0,1,1.0,1,0.3095109783891058,51
5294,3,9245,4275,4970,0,0,0,1.0,1,1.0,1,1.0,1,0.31509209908947833,50
5295,0,9245,4275,4970,0,0,0,1.0,1,1.0,1,1.0,1,0.34498849559348854,49
5296,1,9246,4276,4970,0,0,0,1.0,1,1.0,1,1.0,1,0.3550625907333473,48
5297,0,9246,4276,4970,0,0,0,1.0,1,1.0,1,1.0,1,0.369819758113152,46
5298,0,9246,4276,4970,0,0,0,1.0,1,1.0,1,1.0,1,0.3700642370560039,46
5299,0,9246,4276,4970,0,0,0,1.0,1,1.0,1,1.0,1,0.37443063637401747,47
5300,0,9246,4276,4970,0,0,0,1.0,1,1.0,1,1.0,1,0.3589629439195486,48
5301,2,9248,4276,4972,0,0,0,1.0,1,1.0,1,1.0,1,0.3366171091170928,48
5302,4,9252,4279,4973,0,0,0,1.0,1,1.0,1,1.0,1,0.33090444746605396,49
5303,4,9256,4281,4975,0,0,0,1.0,1,1.0,1,1.0,1,0.29460043606658465,48
5304,2,9258,4282,4976,0,0,0,1.0,1,1.0,1,1.0,1,0.26980964816551095,48
5305,1,9259,4283,4976,0,0,0,1.0,1,1.0,1,1.0,1,0.29012796763494103,47
5306,7,9266,4286,4980,0,0,0,1.0,1,1.0,1,1.0,1,0.29807988974148614,48
5307,2,9268,4286,4982,0,0,0,1.0,1,1.0,1,1.0,1,0.25226118848622614,48
5308,0,9268,4286,4982,0,0,0,1.0,1,1.0,1,1.0,1,0.24614321853514062,47
5309,1,9269,4287,4982,0,0,0,1.0,1,1.0,1,1.0,1,0.27613468047071343,46
5310,2,9271,4288,4983,0,0,0,1.0,1,1.0,1,1.0,1,0.281138607207592,46
5311,3,9274,4288,4986,0,0,0,1.0,1,1.0,1,1.0,1,0.2300267610605604,46
5312,2,9276,4289,4987,0,0,0,1.0,1,1.0,1,1.0,1,0.2587327706202069,46
5313,1,9277,4289,4988,0,0,0,1.0,1,1.0,1,1.0,1,0.25692030138970035,46
5314,1,9278,4289,4989,0,0,0,1.0,1,1.0,1,1.0,1,0.250018231759984,46
5315,4,9282,4291,4991,0,0,0,1.0,1,1.0,1,1.0,1,0.3082674078009649,47
5316,3,9285,4291,4994,0,0,0,1.0,1,1.0,1,1.0,1,0.27580133736974,48
5317,3,9288,4291,4997,0,0,0,1.0,1,1.0,1,1.0,1,0.22577729405636024,49
5318,6,9294,4293,5001,0,0,0,1.0,1,1.0,1,1.0,1,0.18373532704871948,49
5319,3,9297,4294,5003,0,0,0,1.0,1,1.0,1,1.0,1,0.18106369949506468,50
5320,1,9298,4295,5003,0,0,0,1.0,1,1.0,1,1.0,1,0.21560002883598997,51
5321,2,9300,4295,5005,0,0,0,1.0,1,1.0,1,1.0,1,0.16080187564062973,52
5322,0,9300,4295,5005,0,0,0,1.0,1,1.0,1,1.0,1,0.16633656946208808,53
5323,0,9300,4295,5005,0,0,0,1.0,1,1.0,1,1.0,1,0.15335535337977685,53
5324,1,9301,4296,5005,0,0,0,1.0,1,1.0,1,1.0,1,0.18963121335337096,55
5325,0,9301,4296,5005,0,0,0,1.0,1,1.0,1,1.0,1,0.18963121335337096,55
5326,1,9302,4297,5005,0,0,0,1.0,1,1.0,1,1.0,1,0.17462819618398073,55
5327,3,9305,4298,5007,0,0,0,1.0,1,1.0,1,1.0,1,0.18810543773877111,56
5328,3,9308,4299,5009,0,0,0,1.0,1,1.0,1,1.0,1,0.20840377363822762,57
5329,2,9310,4299,5011,0,0,0,1.0,1,1.0,1,1.0,1,0.19424281441570437,57
5330,2,9312,4300,5012,0,0,0,1.0,1,1.0,1,1.0,1,0.20495323353313513,56
5331,3,9315,4300,5015,0,0,0,1.0,1,1.0,1,1.0,1,0.14074874843188076,57
5332,0,9315,4300,5015,0,0,0,1.0,1,1.0,1,1.0,1,0.1488269953813011,58
5333,3,9318,4302,5016,0,0,0,1.0,1,1.0,1,1.0,1,0.14897103244742896,59
5334,2,9320,4303,5017,0,0,0,1.0,1,1.0,1,1.0,1,0.1417423802679317,59
5335,2,9322,4304,5018,0,0,0,1.0,1,1.0,1,1.0,1,0.1627037064883056,58
5336,1,9323,4305,5018,0,0,0,1.0,1,1.0,1,1.0,1,0.17947494140412673,59
5337,0,9323,4305,5018,0,0,0,1.0,1,1.0,1,1.0,1,0.18443884477901046,60
5338,0,9323,4305,5018,0,0,0,1.0,1,1.0,1,1.0,1,0.18443884477901046,60
5339,0,9323,4305,5018,0,0,0,1.0,1,1.0,1,1.0,1,0.18443884477901046,60
5340,1,9324,4306,5018,0,0,0,1.0,1,1.0,1,1.0,1,0.20174369361880107,60
5341,3,9327,4306,5021,0,0,0,1.0,1,1.0,1,1.0,1,0.1783404847568206,61
5342,1,9328,4307,5021,0,0,0,1.0,1,1.0,1,1.0,1,0.2107422457040411,59
5343,2,9330,4308,5022,0,0,0,1.0,1,1.0,1,1.0,1,0.21763963975473652,58
5344,3,9333,4309,5024,0,0,0,1.0,1,1.0,1,1.0,1,0.22334174416521677,58
5345,2,9335,4311,5024,0,0,0,1.0,1,1.0,1,1.0,1,0.24180812207278402,54
5346,3,9338,4312,5026,0,0,0,1.0,1,1.0,1,1.0,1,0.2359857660912639,54
5347,6,9344,4317,5027,0,0,0,1.0,1,1.0,1,1.0,1,0.24525806222683322,54
5348,2,9346,4318,5028,0,0,0,1.0,1,1.0,1,1.0,1,0.23436519844136552,55
5349,4,9350,4319,5031,0,0,0,1.0,1,1.0,1,1.0,1,0.22209930423273616,56
5350,1,9351,4320,5031,0,0,0,1.0,1,1.0,1,1.0,1,0.23195340160140843,56
5351,5,9356,4320,5036,0,0,0,1.0,1,1.0,1,1.0,1,0.12883205311607443,57
5352,2,9358,4321,5037,0,0,0,1.0,1,1.0,1,1.0,1,0.15526957783860454,57
5353,1,9359,4321,5038,0,0,0,1.0,1,1.0,1,1.0,1,0.1519285693227057,57
5354,0,9359,4321,5038,0,0,0,1.0,1,1.0,1,1.0,1,0.15630733319655424,56
5355,1,9360,4321,5039,0,0,0,1.0,1,1.0,1,1.0,1,0.12159979822307297,57
5356,0,9360,4321,5039,0,0,0,1.0,1,1.0,1,1.0,1,0.13652541281513828,56
5357,2,9362,4321,5041,0,0,0,1.0,1,1.0,1,1.0,1,0.13171588427559228,56
5358,0,9362,4321,5041,0,0,0,1.0,1,1.0,1,1.0,1,0.11677586467974942,57
5359,1,9363,4322,5041,0,0,0,1.0,1,1.0,1,1.0,1,0.12060312718555807,57
5360,0,9363,4322,5041,0,0,0,1.0,1,1.0,1,1.0,1,0.1490303344012329,55
5361,2,9365,4323,5042,0,0,0,1.0,1,1.0,1,1.0,1,0.1723576180705948,56
5362,1,9366,4324,5042,0,0,0,1.0,1,1.0,1,1.0,1,0.17699136781471497,57
5363,0,9366,4324,5042,0,0,0,1.0,1,1.0,1,1.0,1,0.17699136781471497,57
5364,0,9366,4324,5042,0,0,0,1.0,1,1.0,1,1.0,1,0.18808233994081408,58
5365,1,9367,4325,5042,0,0,0,1.0,1,1.0,1,1.0,1,0.21442111211281517,59
5366,5,9372,4327,5045,0,0,0,1.0,1,1.0,1,1.0,1,0.18770768930095197,60
5367,1,9373,4327,5046,0,0,0,1.0,1,1.0,1,1.0,1,0.18033939054328643,60
5368,2,9375,4328,5047,0,0,0,1.0,1,1.0,1,1.0,1,0.18390079298630646,58
5369,1,9376,4329,5047,0,0,0,1.0,1,1.0,1,1.0,1,0.17778222479497618,58
5370,1,9377,4330,5047,0,0,0,1.0,1,1.0,1,1.0,1,0.19771136944286877,57
5371,3,9380,4332,5048,0,0,0,1.0,1,1.0,1,1.0,1,0.19597768503467666,56
5372,3,9383,4335,5048,0,0,0,1.0,1,1.0,1,1.0,1,0.22434992958866287,55
5373,4,9387,4338,5049,0,0,0,1.0,1,1.0,1,1.0,1,0.238153395372574,54
5374,1,9388,4339,5049,0,0,0,1.0,1,1.0,1,1.0,1,0.24240951001513025,53
5375,3,9391,4340,5051,0,0,0,1.0,1,1.0,1,1.0,1,0.24894708518274244,52
5376,0,9391,4340,5051,0,0,0,1.0,1,1.0,1,1.0,1,0.2353782040064311,52
5377,1,9392,4341,5051,0,0,0,1.0,1,1.0,1,1.0,1,0.26546801118852476,51
5378,4,9396,4343,5053,0,0,0,1.0,1,1.0,1,1.0,1,0.2705563053081715,52
5379,1,9397,4344,5053,0,0,0,1.0,1,1.0,1,1.0,1,0.23524863812636945,50
5380,7,9404,4347,5057,0,0,0,1.0,1,1.0,1,1.0,1,0.25415894316240734,51
5381,2,9406,4347,5059,0,0,0,1.0,1,1.0,1,1.0,1,0.1713941439931342,50
5382,1,9407,4348,5059,0,0,0,1.0,1,1.0,1,1.0,1,0.18261421933101757,48
5383,1,9408,4348,5060,0,0,0,1.0,1,1.0,1,1.0,1,0.15889753842506824,48
5384,1,9409,4348,5061,0,0,0,1.0,1,1.0,1,1.0,1,0.13935493950781352,48
5385,0,9409,4348,5061,0,0,0,1.0,1,1.0,1,1.0,1,0.13927556080322387,47
5386,2,9411,4350,5061,0,0,0,1.0,1,1.0,1,1.0,1,0.17413834971191267,48
5387,0,9411,4350,5061,0,0,0,1.0,1,1.0,1,1.0,1,0.1738501554999363,48
5388,1,9412,4350,5062,0,0,0,1.0,1,1.0,1,1.0,1,0.17473519079699315,48
5389,0,9412,4350,5062,0,0,0,1.0,1,1.0,1,1.0,1,0.1651611907239699,50
5390,2,9414,4351,5063,0,0,0,1.0,1,1.0,1,1.0,1,0.18494136306585812,52
5391,1,9415,4352,5063,0,0,0,1.0,1,1.0,1,1.0,1,0.17983392358414382,52
5392,0,9415,4352,5063,0,0,0,1.0,1,1.0,1,1.0,1,0.18904116695272874,51
5393,3,9418,4355,5063,0,0,0,1.0,1,1.0,1,1.0,1,0.25476405670239877,50
5394,1,9419,4355,5064,0,0,0,1.0,1,1.0,1,1.0,1,0.23859017188216267,50
5395,2,9421,4357,5064,0,0,0,1.0,1,1.0,1,1.0,1,0.2590207779692777,49
5396,3,9424,4359,5065,0,0,0,1.0,1,1.0,1,1.0,1,0.2709523127600065,48
5397,4,9428,4362,5066,0,0,0,1.0,1,1.0,1,1.0,1,0.32606960157285453,48
5398,2,9430,4362,5068,0,0,0,1.0,1,1.0,1,1.0,1,0.3243510729012668,46
5399,3,9433,4364,5069,0,0,0,1.0,1,1.0,1,1.0,1,0.3037885301813365,46
5400,2,9435,4366,5069,0,0,0,1.0,1,1.0,1,1.0,1,0.34183541124292516,48
5401,5,9440,4366,5074,0,0,0,1.0,1,1.0,1,1.0,1,0.2469992528607986,49
5402,0,9440,4366,5074,0,0,0,1.0,1,1.0,1,1.0,1,0.0,0
