,SuccessfulHandoverCount,TotalSuccessfulHandoverCount,TotalSuccessfulHandoverCountRange,TotalSuccessfulHandoverCountLoadBalancing,TotalSuccessfulHandoverCountOverload,FailedHandoverCount,TotalFailedHandoverCount,AvgQoS,MinQoS,AvgQoS_LoadBased,MinQoS_LoadBased,AvgQoS_RangeBased,MinQoS_RangeBased,GiniLoad,VehicleCount
0,0,0,0,0,0,0,0,1.0,1,1.0,1,1.0,1,0.0,0
1,11,11,0,11,0,0,0,1.0,1,1.0,1,1.0,1,0.2655469490441757,26
2,9,20,0,20,0,0,0,1.0,1,1.0,1,1.0,1,0.16272410082778538,27
3,4,24,0,24,0,0,0,1.0,1,1.0,1,1.0,1,0.20302033641249814,28
4,4,28,0,28,0,0,0,1.0,1,1.0,1,1.0,1,0.17522474033099672,29
5,4,32,0,32,0,0,0,1.0,1,1.0,1,1.0,1,0.18433181406358987,29
6,5,37,0,37,0,0,0,1.0,1,1.0,1,1.0,1,0.2300087718693946,32
7,9,46,0,46,0,0,0,1.0,1,1.0,1,1.0,1,0.24131953011291885,33
8,18,64,0,64,0,0,0,1.0,1,1.0,1,1.0,1,0.18709365359979419,35
9,11,75,0,75,0,0,0,1.0,1,1.0,1,1.0,1,0.18527920089706748,35
10,7,82,0,82,0,0,0,1.0,1,1.0,1,1.0,1,0.12050118090937856,35
11,7,89,0,89,0,0,0,1.0,1,1.0,1,1.0,1,0.16006602807256126,35
12,9,98,0,98,0,0,0,1.0,1,1.0,1,1.0,1,0.19700706189881623,34
13,9,107,0,107,0,0,0,1.0,1,1.0,1,1.0,1,0.22717971041313423,32
14,12,119,3,116,0,0,0,1.0,1,1.0,1,1.0,1,0.3279868612875868,31
15,11,130,3,127,0,0,0,1.0,1,1.0,1,1.0,1,0.3094894018826918,30
16,9,139,3,136,0,0,0,1.0,1,1.0,1,1.0,1,0.33816161362457486,30
17,7,146,3,143,0,0,0,1.0,1,1.0,1,1.0,1,0.2606080058363325,29
18,7,153,5,148,0,0,0,1.0,1,1.0,1,1.0,1,0.36496015925313713,29
19,4,157,5,152,0,0,0,1.0,1,1.0,1,1.0,1,0.3317572061128233,28
20,8,165,5,160,0,0,0,1.0,1,1.0,1,1.0,1,0.36062946868251744,28
21,5,170,5,165,0,0,0,1.0,1,1.0,1,1.0,1,0.2874004351964549,28
22,2,172,5,167,0,0,0,1.0,1,1.0,1,1.0,1,0.30448090460299393,28
23,3,175,5,170,0,0,0,1.0,1,1.0,1,1.0,1,0.32137040196356825,27
24,7,182,7,175,0,0,0,1.0,1,1.0,1,1.0,1,0.3243703968982097,28
25,4,186,7,179,0,0,0,1.0,1,1.0,1,1.0,1,0.2831691136782053,28
26,7,193,8,185,0,0,0,1.0,1,1.0,1,1.0,1,0.21353290202803474,30
27,3,196,8,188,0,0,0,1.0,1,1.0,1,1.0,1,0.25370717382844343,30
28,6,202,8,194,0,0,0,1.0,1,1.0,1,1.0,1,0.24850188005584736,31
29,6,208,9,199,0,0,0,1.0,1,1.0,1,1.0,1,0.2219036805082086,30
30,3,211,9,202,0,0,0,1.0,1,1.0,1,1.0,1,0.23749312224338212,30
31,2,213,10,203,0,0,0,1.0,1,1.0,1,1.0,1,0.2415420867794113,31
32,1,214,10,204,0,0,0,1.0,1,1.0,1,1.0,1,0.225245836141464,31
33,1,215,11,204,0,0,0,1.0,1,1.0,1,1.0,1,0.25743801573106956,31
34,1,216,11,205,0,0,0,1.0,1,1.0,1,1.0,1,0.2185826092470296,29
35,1,217,12,205,0,0,0,1.0,1,1.0,1,1.0,1,0.24652846772326997,30
36,1,218,12,206,0,0,0,1.0,1,1.0,1,1.0,1,0.22477069463302227,30
37,0,218,12,206,0,0,0,1.0,1,1.0,1,1.0,1,0.2351794137934736,31
38,0,218,12,206,0,0,0,1.0,1,1.0,1,1.0,1,0.234785770685003,32
39,2,220,12,208,0,0,0,1.0,1,1.0,1,1.0,1,0.20041462512635141,36
40,0,220,12,208,0,0,0,1.0,1,1.0,1,1.0,1,0.20573820888525288,37
41,1,221,12,209,0,0,0,1.0,1,1.0,1,1.0,1,0.18770019408257632,37
42,0,221,12,209,0,0,0,1.0,1,1.0,1,1.0,1,0.202285374239267,38
43,3,224,13,211,0,0,0,1.0,1,1.0,1,1.0,1,0.25315066957617843,40
44,2,226,14,212,0,0,0,1.0,1,1.0,1,1.0,1,0.2661519047979634,39
45,1,227,15,212,0,0,0,1.0,1,1.0,1,1.0,1,0.31083094560780716,40
46,0,227,15,212,0,0,0,1.0,1,1.0,1,1.0,1,0.3065408861339471,39
47,1,228,15,213,0,0,0,1.0,1,1.0,1,1.0,1,0.27010584506808216,39
48,0,228,15,213,0,0,0,1.0,1,1.0,1,1.0,1,0.27010584506808216,39
49,1,229,16,213,0,0,0,1.0,1,1.0,1,1.0,1,0.2670630445564275,37
50,1,230,17,213,0,0,0,1.0,1,1.0,1,1.0,1,0.3028590845862831,35
51,0,230,17,213,0,0,0,1.0,1,1.0,1,1.0,1,0.2973560348949047,34
52,1,231,18,213,0,0,0,1.0,1,1.0,1,1.0,1,0.3269640391686597,34
53,1,232,18,214,0,0,0,1.0,1,1.0,1,1.0,1,0.3409948275850996,35
54,2,234,18,216,0,0,0,1.0,1,1.0,1,1.0,1,0.3306784179642633,36
55,3,237,20,217,0,0,0,1.0,1,1.0,1,1.0,1,0.3238891533586984,36
56,1,238,21,217,0,0,0,1.0,1,1.0,1,1.0,1,0.3361085855311796,36
57,1,239,21,218,0,0,0,1.0,1,1.0,1,1.0,1,0.3297758084901852,37
58,4,243,24,219,0,0,0,1.0,1,1.0,1,1.0,1,0.3544911826833241,38
59,1,244,25,219,0,0,0,1.0,1,1.0,1,1.0,1,0.3626549961195466,37
60,2,246,25,221,0,0,0,1.0,1,1.0,1,1.0,1,0.2985099678602554,38
61,2,248,25,223,0,0,0,1.0,1,1.0,1,1.0,1,0.2558906614017146,37
62,0,248,25,223,0,0,0,1.0,1,1.0,1,1.0,1,0.26384111596800913,39
63,2,250,26,224,0,0,0,1.0,1,1.0,1,1.0,1,0.25575565759621427,39
64,1,251,27,224,0,0,0,1.0,1,1.0,1,1.0,1,0.27302804936124103,38
65,4,255,29,226,0,0,0,1.0,1,1.0,1,1.0,1,0.28959079876582366,39
66,2,257,31,226,0,0,0,1.0,1,1.0,1,1.0,1,0.34069374719116713,39
67,0,257,31,226,0,0,0,1.0,1,1.0,1,1.0,1,0.34655761752576153,36
68,2,259,33,226,0,0,0,1.0,1,1.0,1,1.0,1,0.39274607807533435,36
69,0,259,33,226,0,0,0,1.0,1,1.0,1,1.0,1,0.3984964301086492,37
70,0,259,33,226,0,0,0,1.0,1,1.0,1,1.0,1,0.42342016026674933,36
71,0,259,33,226,0,0,0,1.0,1,1.0,1,1.0,1,0.4169485434092714,38
72,1,260,34,226,0,0,0,1.0,1,1.0,1,1.0,1,0.4044630927436812,38
73,1,261,35,226,0,0,0,1.0,1,1.0,1,1.0,1,0.4151790211457662,37
74,2,263,35,228,0,0,0,1.0,1,1.0,1,1.0,1,0.39685815797489576,38
75,0,263,35,228,0,0,0,1.0,1,1.0,1,1.0,1,0.39685815797489576,38
76,2,265,37,228,0,0,0,1.0,1,1.0,1,1.0,1,0.3845733854987649,39
77,1,266,37,229,0,0,0,1.0,1,1.0,1,1.0,1,0.38424118710112326,40
78,2,268,37,231,0,0,0,1.0,1,1.0,1,1.0,1,0.3881933220954126,41
79,1,269,37,232,0,0,0,1.0,1,1.0,1,1.0,1,0.3897874218043114,41
80,1,270,37,233,0,0,0,1.0,1,1.0,1,1.0,1,0.3881933220954126,41
81,1,271,37,234,0,0,0,1.0,1,1.0,1,1.0,1,0.39064678540955644,41
82,5,276,37,239,0,0,0,1.0,1,1.0,1,1.0,1,0.36738373006116726,44
83,3,279,37,242,0,0,0,1.0,1,1.0,1,1.0,1,0.37828538804425194,44
84,2,281,37,244,0,0,0,1.0,1,1.0,1,1.0,1,0.3750505915215253,45
85,2,283,38,245,0,0,0,1.0,1,1.0,1,1.0,1,0.3890573426512372,45
86,4,287,38,249,0,0,0,1.0,1,1.0,1,1.0,1,0.35920934070766447,45
87,1,288,38,250,0,0,0,1.0,1,1.0,1,1.0,1,0.34509338894235847,44
88,0,288,38,250,0,0,0,1.0,1,1.0,1,1.0,1,0.34509338894235847,44
89,2,290,39,251,0,0,0,1.0,1,1.0,1,1.0,1,0.3436340721858082,43
90,0,290,39,251,0,0,0,1.0,1,1.0,1,1.0,1,0.3848632674406561,44
91,7,297,41,256,0,0,0,1.0,1,1.0,1,1.0,1,0.35504647692860375,44
92,0,297,41,256,0,0,0,1.0,1,1.0,1,1.0,1,0.35243655290219816,43
93,0,297,41,256,0,0,0,1.0,1,1.0,1,1.0,1,0.36691343207887817,44
94,0,297,41,256,0,0,0,1.0,1,1.0,1,1.0,1,0.36691343207887817,44
95,1,298,41,257,0,0,0,1.0,1,1.0,1,1.0,1,0.34286243404872246,43
96,1,299,41,258,0,0,0,1.0,1,1.0,1,1.0,1,0.33171461761675214,44
97,2,301,42,259,0,0,0,1.0,1,1.0,1,1.0,1,0.3339111794434226,44
98,0,301,42,259,0,0,0,1.0,1,1.0,1,1.0,1,0.3519239193291362,43
99,0,301,42,259,0,0,0,1.0,1,1.0,1,1.0,1,0.3519239193291362,43
100,2,303,42,261,0,0,0,1.0,1,1.0,1,1.0,1,0.30177015801641927,47
101,0,303,42,261,0,0,0,1.0,1,1.0,1,1.0,1,0.30177015801641927,47
102,2,305,43,262,0,0,0,1.0,1,1.0,1,1.0,1,0.3085968655889097,47
103,2,307,44,263,0,0,0,1.0,1,1.0,1,1.0,1,0.3096592368721157,46
104,5,312,48,264,0,0,0,1.0,1,1.0,1,1.0,1,0.3058470927706426,45
105,3,315,50,265,0,0,0,1.0,1,1.0,1,1.0,1,0.2800177316514167,44
106,3,318,52,266,0,0,0,1.0,1,1.0,1,1.0,1,0.2528675645896844,45
107,2,320,53,267,0,0,0,1.0,1,1.0,1,1.0,1,0.22003299390775763,44
108,4,324,55,269,0,0,0,1.0,1,1.0,1,1.0,1,0.20431930070492346,46
109,4,328,58,270,0,0,0,1.0,1,1.0,1,1.0,1,0.1569250744362522,46
110,3,331,59,272,0,0,0,1.0,1,1.0,1,1.0,1,0.1241805540626853,46
111,3,334,60,274,0,0,0,1.0,1,1.0,1,1.0,1,0.17301345202514884,46
112,1,335,61,274,0,0,0,1.0,1,1.0,1,1.0,1,0.14247371001628098,46
113,1,336,61,275,0,0,0,1.0,1,1.0,1,1.0,1,0.10747228068126645,46
114,4,340,64,276,0,0,0,1.0,1,1.0,1,1.0,1,0.10362407832350494,46
115,1,341,65,276,0,0,0,1.0,1,1.0,1,1.0,1,0.09419362669917569,47
116,3,344,67,277,0,0,0,1.0,1,1.0,1,1.0,1,0.0712695663692872,47
117,2,346,68,278,0,0,0,1.0,1,1.0,1,1.0,1,0.11588691278223175,45
118,2,348,69,279,0,0,0,1.0,1,1.0,1,1.0,1,0.10205837087387815,46
119,1,349,69,280,0,0,0,1.0,1,1.0,1,1.0,1,0.14764565284938758,46
120,0,349,69,280,0,0,0,1.0,1,1.0,1,1.0,1,0.12535187457916155,47
121,1,350,69,281,0,0,0,1.0,1,1.0,1,1.0,1,0.09333801151693442,46
122,0,350,69,281,0,0,0,1.0,1,1.0,1,1.0,1,0.09333801151693442,46
123,0,350,69,281,0,0,0,1.0,1,1.0,1,1.0,1,0.1045149144742372,45
124,0,350,69,281,0,0,0,1.0,1,1.0,1,1.0,1,0.10664478124344728,46
125,1,351,70,281,0,0,0,1.0,1,1.0,1,1.0,1,0.1054168370492778,44
126,0,351,70,281,0,0,0,1.0,1,1.0,1,1.0,1,0.11439327832209627,45
127,0,351,70,281,0,0,0,1.0,1,1.0,1,1.0,1,0.10817721106881954,45
128,0,351,70,281,0,0,0,1.0,1,1.0,1,1.0,1,0.09996637388940256,46
129,0,351,70,281,0,0,0,1.0,1,1.0,1,1.0,1,0.11521246753370225,48
130,2,353,72,281,0,0,0,1.0,1,1.0,1,1.0,1,0.13089271260115815,48
131,1,354,73,281,0,0,0,1.0,1,1.0,1,1.0,1,0.14968888540293054,49
132,3,357,74,283,0,0,0,1.0,1,1.0,1,1.0,1,0.15608569548603834,51
133,3,360,76,284,0,0,0,1.0,1,1.0,1,1.0,1,0.1853558096405227,49
134,6,366,81,285,0,0,0,1.0,1,1.0,1,1.0,1,0.21182791139012233,49
135,3,369,82,287,0,0,0,1.0,1,1.0,1,1.0,1,0.24889665969167907,49
136,6,375,88,287,0,0,0,1.0,1,1.0,1,1.0,1,0.28247925001895413,48
137,2,377,88,289,0,0,0,1.0,1,1.0,1,1.0,1,0.2859639345268705,47
138,5,382,91,291,0,0,0,1.0,1,1.0,1,1.0,1,0.2785014394339845,48
139,3,385,91,294,0,0,0,1.0,1,1.0,1,1.0,1,0.2792708349991206,48
140,5,390,92,298,0,0,0,1.0,1,1.0,1,1.0,1,0.31654404158927074,49
141,4,394,93,301,0,0,0,1.0,1,1.0,1,1.0,1,0.3434335365479995,49
142,3,397,94,303,0,0,0,1.0,1,1.0,1,1.0,1,0.3484919360978003,49
143,1,398,95,303,0,0,0,1.0,1,1.0,1,1.0,1,0.3859656584262502,47
144,1,399,96,303,0,0,0,1.0,1,1.0,1,1.0,1,0.39492914808877333,46
145,2,401,97,304,0,0,0,1.0,1,1.0,1,1.0,1,0.4223104236462659,44
146,5,406,98,308,0,0,0,1.0,1,1.0,1,1.0,1,0.3976905928859971,44
147,2,408,98,310,0,0,0,1.0,1,1.0,1,1.0,1,0.40588666026362524,43
148,3,411,99,312,0,0,0,1.0,1,1.0,1,1.0,1,0.3889662779053878,43
149,3,414,101,313,0,0,0,1.0,1,1.0,1,1.0,1,0.42907804629121893,43
150,4,418,102,316,0,0,0,1.0,1,1.0,1,1.0,1,0.43218216084649136,42
151,5,423,103,320,0,0,0,1.0,1,1.0,1,1.0,1,0.33268191348510767,42
152,0,423,103,320,0,0,0,1.0,1,1.0,1,1.0,1,0.33268191348510767,42
153,0,423,103,320,0,0,0,1.0,1,1.0,1,1.0,1,0.3199468037768188,42
154,4,427,103,324,0,0,0,1.0,1,1.0,1,1.0,1,0.2321652722115979,43
155,2,429,103,326,0,0,0,1.0,1,1.0,1,1.0,1,0.19923100836295482,43
156,1,430,104,326,0,0,0,1.0,1,1.0,1,1.0,1,0.2260947594762751,42
157,3,433,104,329,0,0,0,1.0,1,1.0,1,1.0,1,0.2413670894563067,41
158,4,437,104,333,0,0,0,1.0,1,1.0,1,1.0,1,0.13095296866892206,42
159,2,439,104,335,0,0,0,1.0,1,1.0,1,1.0,1,0.09258975979619129,43
160,0,439,104,335,0,0,0,1.0,1,1.0,1,1.0,1,0.10471632635651602,44
161,2,441,105,336,0,0,0,1.0,1,1.0,1,1.0,1,0.1266175004285212,44
162,4,445,108,337,0,0,0,1.0,1,1.0,1,1.0,1,0.15657353671371466,45
163,3,448,110,338,0,0,0,1.0,1,1.0,1,1.0,1,0.2149242533313155,43
164,1,449,111,338,0,0,0,1.0,1,1.0,1,1.0,1,0.2182019698090396,42
165,2,451,113,338,0,0,0,1.0,1,1.0,1,1.0,1,0.22716017239282238,42
166,2,453,114,339,0,0,0,1.0,1,1.0,1,1.0,1,0.23872714852216656,42
167,1,454,115,339,0,0,0,1.0,1,1.0,1,1.0,1,0.23160262145661692,41
168,2,456,115,341,0,0,0,1.0,1,1.0,1,1.0,1,0.21988414594088082,40
169,2,458,117,341,0,0,0,1.0,1,1.0,1,1.0,1,0.20740982219897727,40
170,1,459,117,342,0,0,0,1.0,1,1.0,1,1.0,1,0.1838405560865132,38
171,3,462,120,342,0,0,0,1.0,1,1.0,1,1.0,1,0.25474590768965144,37
172,1,463,120,343,0,0,0,1.0,1,1.0,1,1.0,1,0.196666683015122,35
173,2,465,121,344,0,0,0,1.0,1,1.0,1,1.0,1,0.20508335893286675,36
174,1,466,122,344,0,0,0,1.0,1,1.0,1,1.0,1,0.1831143678522605,34
175,0,466,122,344,0,0,0,1.0,1,1.0,1,1.0,1,0.20568295239348885,33
176,0,466,122,344,0,0,0,1.0,1,1.0,1,1.0,1,0.201115988131661,34
177,1,467,122,345,0,0,0,1.0,1,1.0,1,1.0,1,0.2466439375197837,36
178,2,469,122,347,0,0,0,1.0,1,1.0,1,1.0,1,0.2558163363879169,37
179,2,471,123,348,0,0,0,1.0,1,1.0,1,1.0,1,0.28714811951409996,37
180,2,473,123,350,0,0,0,1.0,1,1.0,1,1.0,1,0.2893833472815803,36
181,4,477,123,354,0,0,0,1.0,1,1.0,1,1.0,1,0.18213606623382897,36
182,5,482,126,356,0,0,0,1.0,1,1.0,1,1.0,1,0.1675401192637,38
183,2,484,127,357,0,0,0,1.0,1,1.0,1,1.0,1,0.1938945201915845,37
184,2,486,129,357,0,0,0,1.0,1,1.0,1,1.0,1,0.24875980126924976,36
185,0,486,129,357,0,0,0,1.0,1,1.0,1,1.0,1,0.2449391431667128,35
186,1,487,130,357,0,0,0,1.0,1,1.0,1,1.0,1,0.29551281643918165,34
187,2,489,132,357,0,0,0,1.0,1,1.0,1,1.0,1,0.3189169280741389,33
188,1,490,133,357,0,0,0,1.0,1,1.0,1,1.0,1,0.31855585010749204,33
189,6,496,138,358,0,0,0,1.0,1,1.0,1,1.0,1,0.4030517424742944,33
190,1,497,138,359,0,0,0,1.0,1,1.0,1,1.0,1,0.3959688985384854,32
191,2,499,139,360,0,0,0,1.0,1,1.0,1,1.0,1,0.3951642780835408,34
192,4,503,139,364,0,0,0,1.0,1,1.0,1,1.0,1,0.38972006468827564,34
193,4,507,139,368,0,0,0,1.0,1,1.0,1,1.0,1,0.3959659200826732,35
194,5,512,140,372,0,0,0,1.0,1,1.0,1,1.0,1,0.4012065422644141,37
195,7,519,140,379,0,0,0,1.0,1,1.0,1,1.0,1,0.4187264341842195,36
196,5,524,140,384,0,0,0,1.0,1,1.0,1,1.0,1,0.39228546489368665,36
197,4,528,140,388,0,0,0,1.0,1,1.0,1,1.0,1,0.40823470545135987,37
198,9,537,143,394,0,0,0,1.0,1,1.0,1,1.0,1,0.41180628911337586,37
199,6,543,143,400,0,0,0,1.0,1,1.0,1,1.0,1,0.41180628911337586,37
200,5,548,144,404,0,0,0,1.0,1,1.0,1,1.0,1,0.4000263575379773,37
201,4,552,144,408,0,0,0,1.0,1,1.0,1,1.0,1,0.3222199565254881,36
202,3,555,145,410,0,0,0,1.0,1,1.0,1,1.0,1,0.3492129754281968,36
203,2,557,146,411,0,0,0,1.0,1,1.0,1,1.0,1,0.34389874165018464,35
204,0,557,146,411,0,0,0,1.0,1,1.0,1,1.0,1,0.3435300978368609,35
205,2,559,148,411,0,0,0,1.0,1,1.0,1,1.0,1,0.3497724157327897,35
206,8,567,151,416,0,0,0,1.0,1,1.0,1,1.0,1,0.36626596335783473,34
207,5,572,151,421,0,0,0,1.0,1,1.0,1,1.0,1,0.3359294087989495,34
208,4,576,151,425,0,0,0,1.0,1,1.0,1,1.0,1,0.25800168095174364,33
209,1,577,151,426,0,0,0,1.0,1,1.0,1,1.0,1,0.2598966934676774,33
210,1,578,151,427,0,0,0,1.0,1,1.0,1,1.0,1,0.28208522257251384,34
211,5,583,152,431,0,0,0,1.0,1,1.0,1,1.0,1,0.2499617546676513,33
212,2,585,153,432,0,0,0,1.0,1,1.0,1,1.0,1,0.19370691493689216,33
213,2,587,154,433,0,0,0,1.0,1,1.0,1,1.0,1,0.21208218272771356,35
214,0,587,154,433,0,0,0,1.0,1,1.0,1,1.0,1,0.20733015732362722,34
215,2,589,155,434,0,0,0,1.0,1,1.0,1,1.0,1,0.16962465906175697,35
216,3,592,157,435,0,0,0,1.0,1,1.0,1,1.0,1,0.1875752522042491,36
217,2,594,158,436,0,0,0,1.0,1,1.0,1,1.0,1,0.20326113414601044,36
218,2,596,159,437,0,0,0,1.0,1,1.0,1,1.0,1,0.221143525112817,36
219,1,597,159,438,0,0,0,1.0,1,1.0,1,1.0,1,0.1932720459656637,37
220,2,599,160,439,0,0,0,1.0,1,1.0,1,1.0,1,0.16037501659371925,38
221,1,600,160,440,0,0,0,1.0,1,1.0,1,1.0,1,0.17676737277597912,37
222,3,603,162,441,0,0,0,1.0,1,1.0,1,1.0,1,0.16059967982098028,38
223,2,605,163,442,0,0,0,1.0,1,1.0,1,1.0,1,0.1640646080822843,38
224,3,608,164,444,0,0,0,1.0,1,1.0,1,1.0,1,0.19213313351685404,38
225,2,610,165,445,0,0,0,1.0,1,1.0,1,1.0,1,0.1882601371110557,36
226,2,612,166,446,0,0,0,1.0,1,1.0,1,1.0,1,0.2062774644390788,37
227,2,614,167,447,0,0,0,1.0,1,1.0,1,1.0,1,0.14968405882745955,35
228,2,616,169,447,0,0,0,1.0,1,1.0,1,1.0,1,0.17061479690831496,35
229,1,617,170,447,0,0,0,1.0,1,1.0,1,1.0,1,0.15211984056459082,35
230,2,619,172,447,0,0,0,1.0,1,1.0,1,1.0,1,0.19389534626239868,35
231,5,624,175,449,0,0,0,1.0,1,1.0,1,1.0,1,0.12722808410717684,35
232,2,626,175,451,0,0,0,1.0,1,1.0,1,1.0,1,0.18118141277285518,36
233,2,628,177,451,0,0,0,1.0,1,1.0,1,1.0,1,0.2180031920715859,36
234,1,629,178,451,0,0,0,1.0,1,1.0,1,1.0,1,0.2694697632725661,34
235,2,631,180,451,0,0,0,1.0,1,1.0,1,1.0,1,0.2594929819132455,33
236,1,632,180,452,0,0,0,1.0,1,1.0,1,1.0,1,0.26510209949864194,31
237,1,633,181,452,0,0,0,1.0,1,1.0,1,1.0,1,0.26439406515012925,32
238,0,633,181,452,0,0,0,1.0,1,1.0,1,1.0,1,0.26681952976735884,31
239,2,635,183,452,0,0,0,1.0,1,1.0,1,1.0,1,0.22779550202755863,30
240,2,637,184,453,0,0,0,1.0,1,1.0,1,1.0,1,0.2448519075534807,27
241,4,641,187,454,0,0,0,1.0,1,1.0,1,1.0,1,0.23675686197297097,27
242,0,641,187,454,0,0,0,1.0,1,1.0,1,1.0,1,0.2714710839551407,28
243,1,642,188,454,0,0,0,1.0,1,1.0,1,1.0,1,0.2967283439496482,28
244,1,643,189,454,0,0,0,1.0,1,1.0,1,1.0,1,0.24566508181839378,27
245,1,644,190,454,0,0,0,1.0,1,1.0,1,1.0,1,0.2705127442792668,27
246,3,647,192,455,0,0,0,1.0,1,1.0,1,1.0,1,0.28735377554801594,25
247,0,647,192,455,0,0,0,1.0,1,1.0,1,1.0,1,0.25688321385828133,24
248,0,647,192,455,0,0,0,1.0,1,1.0,1,1.0,1,0.2583666142144869,24
249,0,647,192,455,0,0,0,1.0,1,1.0,1,1.0,1,0.28361041648114665,25
250,0,647,192,455,0,0,0,1.0,1,1.0,1,1.0,1,0.28898909063993544,27
251,0,647,192,455,0,0,0,1.0,1,1.0,1,1.0,1,0.28898909063993544,27
252,2,649,193,456,0,0,0,1.0,1,1.0,1,1.0,1,0.2800907796980857,27
253,1,650,193,457,0,0,0,1.0,1,1.0,1,1.0,1,0.28815146199492137,29
254,1,651,194,457,0,0,0,1.0,1,1.0,1,1.0,1,0.25730520162078946,30
255,1,652,195,457,0,0,0,1.0,1,1.0,1,1.0,1,0.28668960796426185,31
256,2,654,197,457,0,0,0,1.0,1,1.0,1,1.0,1,0.27759309849193814,31
257,3,657,198,459,0,0,0,1.0,1,1.0,1,1.0,1,0.2979520752890157,33
258,3,660,200,460,0,0,0,1.0,1,1.0,1,1.0,1,0.31319715943311277,33
259,2,662,200,462,0,0,0,1.0,1,1.0,1,1.0,1,0.28365538951801494,33
260,3,665,202,463,0,0,0,1.0,1,1.0,1,1.0,1,0.3450904256371546,35
261,5,670,204,466,0,0,0,1.0,1,1.0,1,1.0,1,0.39790901987287514,35
262,7,677,206,471,0,0,0,1.0,1,1.0,1,1.0,1,0.4098860968330361,35
263,2,679,206,473,0,0,0,1.0,1,1.0,1,1.0,1,0.39175856239768586,34
264,2,681,207,474,0,0,0,1.0,1,1.0,1,1.0,1,0.41317869699822307,32
265,1,682,207,475,0,0,0,1.0,1,1.0,1,1.0,1,0.39206772695705305,30
266,0,682,207,475,0,0,0,1.0,1,1.0,1,1.0,1,0.37726221850544356,31
267,1,683,207,476,0,0,0,1.0,1,1.0,1,1.0,1,0.39279162054321204,30
268,5,688,207,481,0,0,0,1.0,1,1.0,1,1.0,1,0.33680800536478295,31
269,3,691,209,482,0,0,0,1.0,1,1.0,1,1.0,1,0.3572414624408933,31
270,4,695,210,485,0,0,0,1.0,1,1.0,1,1.0,1,0.374876882984502,32
271,1,696,210,486,0,0,0,1.0,1,1.0,1,1.0,1,0.3419164473557518,31
272,1,697,211,486,0,0,0,1.0,1,1.0,1,1.0,1,0.4155361330094998,32
273,0,697,211,486,0,0,0,1.0,1,1.0,1,1.0,1,0.4155361330094998,32
274,1,698,212,486,0,0,0,1.0,1,1.0,1,1.0,1,0.43165260859265075,32
275,2,700,212,488,0,0,0,1.0,1,1.0,1,1.0,1,0.34664691981173335,33
276,3,703,213,490,0,0,0,1.0,1,1.0,1,1.0,1,0.32429968418344174,34
277,0,703,213,490,0,0,0,1.0,1,1.0,1,1.0,1,0.24765222407713514,32
278,0,703,213,490,0,0,0,1.0,1,1.0,1,1.0,1,0.2584744759317195,31
279,1,704,213,491,0,0,0,1.0,1,1.0,1,1.0,1,0.19947661112895554,31
280,2,706,213,493,0,0,0,1.0,1,1.0,1,1.0,1,0.18462864640670693,30
281,2,708,214,494,0,0,0,1.0,1,1.0,1,1.0,1,0.1798120417419058,31
282,1,709,214,495,0,0,0,1.0,1,1.0,1,1.0,1,0.15353846581538536,30
283,1,710,215,495,0,0,0,1.0,1,1.0,1,1.0,1,0.18081788900771548,31
284,1,711,216,495,0,0,0,1.0,1,1.0,1,1.0,1,0.21505072210334203,31
285,1,712,217,495,0,0,0,1.0,1,1.0,1,1.0,1,0.2616836625403774,31
286,0,712,217,495,0,0,0,1.0,1,1.0,1,1.0,1,0.2616836625403774,31
287,4,716,218,498,0,0,0,1.0,1,1.0,1,1.0,1,0.24637577213288825,33
288,0,716,218,498,0,0,0,1.0,1,1.0,1,1.0,1,0.21773874403210133,32
289,1,717,219,498,0,0,0,1.0,1,1.0,1,1.0,1,0.24520628955663812,32
290,0,717,219,498,0,0,0,1.0,1,1.0,1,1.0,1,0.229772504246962,31
291,0,717,219,498,0,0,0,1.0,1,1.0,1,1.0,1,0.24004846599826693,30
292,0,717,219,498,0,0,0,1.0,1,1.0,1,1.0,1,0.20129162578789356,32
293,0,717,219,498,0,0,0,1.0,1,1.0,1,1.0,1,0.20129162578789356,32
294,1,718,220,498,0,0,0,1.0,1,1.0,1,1.0,1,0.24839753352067745,32
295,1,719,221,498,0,0,0,1.0,1,1.0,1,1.0,1,0.24956654523667332,34
296,1,720,222,498,0,0,0,1.0,1,1.0,1,1.0,1,0.25665443944470895,34
297,1,721,223,498,0,0,0,1.0,1,1.0,1,1.0,1,0.2620275013928386,34
298,3,724,223,501,0,0,0,1.0,1,1.0,1,1.0,1,0.27440901478185936,35
299,1,725,223,502,0,0,0,1.0,1,1.0,1,1.0,1,0.2900071346221364,35
300,1,726,224,502,0,0,0,1.0,1,1.0,1,1.0,1,0.31785017660700393,35
301,8,734,225,509,0,0,0,1.0,1,1.0,1,1.0,1,0.19630425685600084,38
302,2,736,226,510,0,0,0,1.0,1,1.0,1,1.0,1,0.216056433376392,38
303,4,740,228,512,0,0,0,1.0,1,1.0,1,1.0,1,0.2844472203607378,37
304,5,745,229,516,0,0,0,1.0,1,1.0,1,1.0,1,0.27584369791274194,37
305,6,751,230,521,0,0,0,1.0,1,1.0,1,1.0,1,0.3347557581878646,36
306,8,759,231,528,0,0,0,1.0,1,1.0,1,1.0,1,0.2994269123952054,36
307,4,763,231,532,0,0,0,1.0,1,1.0,1,1.0,1,0.28335857802096515,35
308,3,766,231,535,0,0,0,1.0,1,1.0,1,1.0,1,0.2545654220808407,37
309,2,768,231,537,0,0,0,1.0,1,1.0,1,1.0,1,0.2411092286588905,37
310,1,769,231,538,0,0,0,1.0,1,1.0,1,1.0,1,0.2389558753382063,37
311,1,770,231,539,0,0,0,1.0,1,1.0,1,1.0,1,0.22462726281237705,39
312,3,773,232,541,0,0,0,1.0,1,1.0,1,1.0,1,0.2407519973129616,40
313,1,774,232,542,0,0,0,1.0,1,1.0,1,1.0,1,0.25309753622160325,39
314,1,775,232,543,0,0,0,1.0,1,1.0,1,1.0,1,0.25253113697278756,40
315,1,776,232,544,0,0,0,1.0,1,1.0,1,1.0,1,0.23952567858346452,39
316,2,778,232,546,0,0,0,1.0,1,1.0,1,1.0,1,0.22530322343953813,39
317,3,781,232,549,0,0,0,1.0,1,1.0,1,1.0,1,0.2456148557980524,40
318,5,786,232,554,0,0,0,1.0,1,1.0,1,1.0,1,0.2227067419982666,41
319,4,790,232,558,0,0,0,1.0,1,1.0,1,1.0,1,0.3148460778698435,41
320,2,792,232,560,0,0,0,1.0,1,1.0,1,1.0,1,0.2871080172201832,41
321,5,797,232,565,0,0,0,1.0,1,1.0,1,1.0,1,0.25380513581797914,41
322,1,798,232,566,0,0,0,1.0,1,1.0,1,1.0,1,0.22245406112337773,41
323,8,806,232,574,0,0,0,1.0,1,1.0,1,1.0,1,0.27223567590954006,41
324,2,808,234,574,0,0,0,1.0,1,1.0,1,1.0,1,0.2552782738394461,42
325,1,809,235,574,0,0,0,1.0,1,1.0,1,1.0,1,0.25120855320691676,42
326,0,809,235,574,0,0,0,1.0,1,1.0,1,1.0,1,0.25120855320691676,42
327,0,809,235,574,0,0,0,1.0,1,1.0,1,1.0,1,0.25120855320691676,42
328,1,810,235,575,0,0,0,1.0,1,1.0,1,1.0,1,0.2636070909230709,43
329,2,812,235,577,0,0,0,1.0,1,1.0,1,1.0,1,0.2650385328225545,43
330,2,814,235,579,0,0,0,1.0,1,1.0,1,1.0,1,0.2596430157597093,45
331,8,822,235,587,0,0,0,1.0,1,1.0,1,1.0,1,0.07596528969556547,45
332,1,823,235,588,0,0,0,1.0,1,1.0,1,1.0,1,0.09135698277285648,45
333,1,824,235,589,0,0,0,1.0,1,1.0,1,1.0,1,0.1042439992047317,46
334,0,824,235,589,0,0,0,1.0,1,1.0,1,1.0,1,0.10185361323853165,48
335,3,827,236,591,0,0,0,1.0,1,1.0,1,1.0,1,0.07212295806434017,48
336,1,828,236,592,0,0,0,1.0,1,1.0,1,1.0,1,0.08146214127772577,48
337,0,828,236,592,0,0,0,1.0,1,1.0,1,1.0,1,0.09657345169455657,49
338,1,829,237,592,0,0,0,1.0,1,1.0,1,1.0,1,0.10447479909169707,50
339,0,829,237,592,0,0,0,1.0,1,1.0,1,1.0,1,0.10447479909169707,50
340,0,829,237,592,0,0,0,1.0,1,1.0,1,1.0,1,0.10447479909169707,50
341,1,830,237,593,0,0,0,1.0,1,1.0,1,1.0,1,0.10515501539582424,51
342,1,831,238,593,0,0,0,1.0,1,1.0,1,1.0,1,0.13510639489799858,51
343,0,831,238,593,0,0,0,1.0,1,1.0,1,1.0,1,0.13944959172566787,51
344,0,831,238,593,0,0,0,1.0,1,1.0,1,1.0,1,0.13732476650512376,50
345,2,833,239,594,0,0,0,1.0,1,1.0,1,1.0,1,0.1696176618367677,51
346,5,838,241,597,0,0,0,1.0,1,1.0,1,1.0,1,0.16187832405957522,51
347,4,842,243,599,0,0,0,1.0,1,1.0,1,1.0,1,0.16627120727493927,51
348,4,846,245,601,0,0,0,1.0,1,1.0,1,1.0,1,0.23415763099827666,53
349,5,851,246,605,0,0,0,1.0,1,1.0,1,1.0,1,0.25019907482473686,55
350,4,855,246,609,0,0,0,1.0,1,1.0,1,1.0,1,0.2585457666694191,54
351,6,861,247,614,0,0,0,1.0,1,1.0,1,1.0,1,0.26447739846031626,54
352,2,863,247,616,0,0,0,1.0,1,1.0,1,1.0,1,0.24981073004249435,53
353,4,867,249,618,0,0,0,1.0,1,1.0,1,1.0,1,0.2349877387472181,53
354,0,867,249,618,0,0,0,1.0,1,1.0,1,1.0,1,0.21415940435418002,50
355,0,867,249,618,0,0,0,1.0,1,1.0,1,1.0,1,0.22507114248749896,51
356,1,868,250,618,0,0,0,1.0,1,1.0,1,1.0,1,0.22794040572915697,51
357,3,871,253,618,0,0,0,1.0,1,1.0,1,1.0,1,0.23289902179212302,50
358,4,875,257,618,0,0,0,1.0,1,1.0,1,1.0,1,0.24677143693920073,48
359,6,881,259,622,0,0,0,1.0,1,1.0,1,1.0,1,0.2956995268094052,47
360,2,883,259,624,0,0,0,1.0,1,1.0,1,1.0,1,0.3204379052971703,45
361,8,891,260,631,0,0,0,1.0,1,1.0,1,1.0,1,0.23056831248131454,44
362,1,892,260,632,0,0,0,1.0,1,1.0,1,1.0,1,0.24087927281940769,44
363,5,897,262,635,0,0,0,1.0,1,1.0,1,1.0,1,0.2221594541732091,44
364,1,898,262,636,0,0,0,1.0,1,1.0,1,1.0,1,0.22892237064687537,43
365,1,899,263,636,0,0,0,1.0,1,1.0,1,1.0,1,0.26622262230173355,43
366,1,900,264,636,0,0,0,1.0,1,1.0,1,1.0,1,0.24461819684248054,45
367,1,901,264,637,0,0,0,1.0,1,1.0,1,1.0,1,0.24105105661105639,44
368,2,903,264,639,0,0,0,1.0,1,1.0,1,1.0,1,0.21069437018930742,46
369,2,905,265,640,0,0,0,1.0,1,1.0,1,1.0,1,0.2546637290910164,45
370,1,906,265,641,0,0,0,1.0,1,1.0,1,1.0,1,0.2348449541553449,46
371,0,906,265,641,0,0,0,1.0,1,1.0,1,1.0,1,0.2570046278071471,47
372,1,907,265,642,0,0,0,1.0,1,1.0,1,1.0,1,0.26769068210781893,48
373,2,909,265,644,0,0,0,1.0,1,1.0,1,1.0,1,0.2274611312260621,48
374,0,909,265,644,0,0,0,1.0,1,1.0,1,1.0,1,0.23054542950496218,49
375,0,909,265,644,0,0,0,1.0,1,1.0,1,1.0,1,0.23054542950496218,49
376,4,913,269,644,0,0,0,1.0,1,1.0,1,1.0,1,0.24225290421763598,49
377,9,922,272,650,0,0,0,1.0,1,1.0,1,1.0,1,0.23198389591821772,49
378,5,927,273,654,0,0,0,1.0,1,1.0,1,1.0,1,0.24813331999820323,49
379,9,936,273,663,0,0,0,1.0,1,1.0,1,1.0,1,0.22069196340415229,50
380,8,944,274,670,0,0,0,1.0,1,1.0,1,1.0,1,0.23278830129133282,50
381,3,947,275,672,0,0,0,1.0,1,1.0,1,1.0,1,0.23711076245784016,51
382,2,949,275,674,0,0,0,1.0,1,1.0,1,1.0,1,0.2638347577148312,50
383,4,953,277,676,0,0,0,1.0,1,1.0,1,1.0,1,0.24818554919241242,51
384,3,956,277,679,0,0,0,1.0,1,1.0,1,1.0,1,0.265382045516724,50
385,4,960,279,681,0,0,0,1.0,1,1.0,1,1.0,1,0.23863560677495074,50
386,4,964,281,683,0,0,0,1.0,1,1.0,1,1.0,1,0.28234232040015605,48
387,3,967,282,685,0,0,0,1.0,1,1.0,1,1.0,1,0.2652516280009614,47
388,6,973,284,689,0,0,0,1.0,1,1.0,1,1.0,1,0.30621830813171425,48
389,3,976,285,691,0,0,0,1.0,1,1.0,1,1.0,1,0.29802286767210534,47
390,4,980,287,693,0,0,0,1.0,1,1.0,1,1.0,1,0.29563042994751065,49
391,4,984,287,697,0,0,0,1.0,1,1.0,1,1.0,1,0.19944462115032682,46
392,3,987,288,699,0,0,0,1.0,1,1.0,1,1.0,1,0.17600224776628162,46
393,4,991,290,701,0,0,0,1.0,1,1.0,1,1.0,1,0.18331760701529207,44
394,2,993,290,703,0,0,0,1.0,1,1.0,1,1.0,1,0.18457961518821597,43
395,1,994,290,704,0,0,0,1.0,1,1.0,1,1.0,1,0.23971810672453378,42
396,1,995,291,704,0,0,0,1.0,1,1.0,1,1.0,1,0.21508412969303506,39
397,3,998,293,705,0,0,0,1.0,1,1.0,1,1.0,1,0.3241973442941519,39
398,0,998,293,705,0,0,0,1.0,1,1.0,1,1.0,1,0.324400946032091,36
399,2,1000,295,705,0,0,0,1.0,1,1.0,1,1.0,1,0.32352052169923745,36
400,1,1001,296,705,0,0,0,1.0,1,1.0,1,1.0,1,0.34677547526345903,34
401,1,1002,297,705,0,0,0,1.0,1,1.0,1,1.0,1,0.3493568419879328,33
402,0,1002,297,705,0,0,0,1.0,1,1.0,1,1.0,1,0.3358171880007412,34
403,0,1002,297,705,0,0,0,1.0,1,1.0,1,1.0,1,0.32797122245219545,36
404,2,1004,299,705,0,0,0,1.0,1,1.0,1,1.0,1,0.3216232961159514,36
405,3,1007,300,707,0,0,0,1.0,1,1.0,1,1.0,1,0.31784921307239683,37
406,0,1007,300,707,0,0,0,1.0,1,1.0,1,1.0,1,0.31784921307239683,37
407,3,1010,301,709,0,0,0,1.0,1,1.0,1,1.0,1,0.3092048423278134,39
408,3,1013,302,711,0,0,0,1.0,1,1.0,1,1.0,1,0.32963412525407926,40
409,3,1016,304,712,0,0,0,1.0,1,1.0,1,1.0,1,0.36385136160946635,41
410,7,1023,305,718,0,0,0,1.0,1,1.0,1,1.0,1,0.38473904994584096,42
411,3,1026,305,721,0,0,0,1.0,1,1.0,1,1.0,1,0.3516495769357721,43
412,7,1033,306,727,0,0,0,1.0,1,1.0,1,1.0,1,0.381729162649325,44
413,6,1039,306,733,0,0,0,1.0,1,1.0,1,1.0,1,0.381729162649325,44
414,3,1042,306,736,0,0,0,1.0,1,1.0,1,1.0,1,0.427084384594234,45
415,6,1048,306,742,0,0,0,1.0,1,1.0,1,1.0,1,0.427084384594234,45
416,7,1055,306,749,0,0,0,1.0,1,1.0,1,1.0,1,0.39451034154213255,46
417,9,1064,307,757,0,0,0,1.0,1,1.0,1,1.0,1,0.3496589162922165,46
418,8,1072,307,765,0,0,0,1.0,1,1.0,1,1.0,1,0.35203048625758576,47
419,5,1077,307,770,0,0,0,1.0,1,1.0,1,1.0,1,0.3393354350970991,47
420,3,1080,308,772,0,0,0,1.0,1,1.0,1,1.0,1,0.3091899064707048,47
421,7,1087,310,777,0,0,0,1.0,1,1.0,1,1.0,1,0.29492201711981814,47
422,5,1092,312,780,0,0,0,1.0,1,1.0,1,1.0,1,0.28204376964077404,49
423,3,1095,314,781,0,0,0,1.0,1,1.0,1,1.0,1,0.2803523060120879,47
424,2,1097,315,782,0,0,0,1.0,1,1.0,1,1.0,1,0.28933558756936245,45
425,1,1098,315,783,0,0,0,1.0,1,1.0,1,1.0,1,0.3071898875727728,46
426,2,1100,315,785,0,0,0,1.0,1,1.0,1,1.0,1,0.3018951470977839,46
427,4,1104,316,788,0,0,0,1.0,1,1.0,1,1.0,1,0.2737192387176151,45
428,2,1106,316,790,0,0,0,1.0,1,1.0,1,1.0,1,0.2484261041654569,45
429,3,1109,317,792,0,0,0,1.0,1,1.0,1,1.0,1,0.24107497528316021,42
430,0,1109,317,792,0,0,0,1.0,1,1.0,1,1.0,1,0.24645136391009453,40
431,3,1112,320,792,0,0,0,1.0,1,1.0,1,1.0,1,0.2878452283242506,39
432,1,1113,321,792,0,0,0,1.0,1,1.0,1,1.0,1,0.31102496143584124,37
433,2,1115,323,792,0,0,0,1.0,1,1.0,1,1.0,1,0.3169971910291345,35
434,4,1119,324,795,0,0,0,1.0,1,1.0,1,1.0,1,0.35537991378476597,33
435,0,1119,324,795,0,0,0,1.0,1,1.0,1,1.0,1,0.35537991378476597,33
436,0,1119,324,795,0,0,0,1.0,1,1.0,1,1.0,1,0.35537991378476597,33
437,0,1119,324,795,0,0,0,1.0,1,1.0,1,1.0,1,0.36621238534506034,33
438,0,1119,324,795,0,0,0,1.0,1,1.0,1,1.0,1,0.3916847237664409,32
439,2,1121,326,795,0,0,0,1.0,1,1.0,1,1.0,1,0.38301074478758773,34
440,1,1122,326,796,0,0,0,1.0,1,1.0,1,1.0,1,0.3775699256833307,34
441,2,1124,327,797,0,0,0,1.0,1,1.0,1,1.0,1,0.4050527046242771,35
442,2,1126,329,797,0,0,0,1.0,1,1.0,1,1.0,1,0.4246453826156556,37
443,9,1135,334,801,0,0,0,1.0,1,1.0,1,1.0,1,0.4026748341477621,37
444,0,1135,334,801,0,0,0,1.0,1,1.0,1,1.0,1,0.3942625964941227,38
445,0,1135,334,801,0,0,0,1.0,1,1.0,1,1.0,1,0.3663813451673972,39
446,0,1135,334,801,0,0,0,1.0,1,1.0,1,1.0,1,0.3663813451673972,39
447,1,1136,335,801,0,0,0,1.0,1,1.0,1,1.0,1,0.36160003130404406,41
448,1,1137,335,802,0,0,0,1.0,1,1.0,1,1.0,1,0.35373448445737316,41
449,1,1138,335,803,0,0,0,1.0,1,1.0,1,1.0,1,0.35199200553695165,40
450,0,1138,335,803,0,0,0,1.0,1,1.0,1,1.0,1,0.354161971554988,40
451,8,1146,335,811,0,0,0,1.0,1,1.0,1,1.0,1,0.18322943208565529,41
452,0,1146,335,811,0,0,0,1.0,1,1.0,1,1.0,1,0.18322943208565529,41
453,1,1147,336,811,0,0,0,1.0,1,1.0,1,1.0,1,0.20411848767193483,40
454,0,1147,336,811,0,0,0,1.0,1,1.0,1,1.0,1,0.19915689965363997,41
455,5,1152,339,813,0,0,0,1.0,1,1.0,1,1.0,1,0.25076799221575496,41
456,4,1156,339,817,0,0,0,1.0,1,1.0,1,1.0,1,0.231753968957089,43
457,1,1157,340,817,0,0,0,1.0,1,1.0,1,1.0,1,0.2754016164458015,43
458,1,1158,341,817,0,0,0,1.0,1,1.0,1,1.0,1,0.254713767310924,43
459,0,1158,341,817,0,0,0,1.0,1,1.0,1,1.0,1,0.2329019432147645,44
460,2,1160,341,819,0,0,0,1.0,1,1.0,1,1.0,1,0.21314789131950382,47
461,4,1164,342,822,0,0,0,1.0,1,1.0,1,1.0,1,0.21269592778986776,48
462,4,1168,343,825,0,0,0,1.0,1,1.0,1,1.0,1,0.23133754959574795,49
463,4,1172,344,828,0,0,0,1.0,1,1.0,1,1.0,1,0.22236624514224707,47
464,4,1176,346,830,0,0,0,1.0,1,1.0,1,1.0,1,0.22444759385464083,48
465,2,1178,348,830,0,0,0,1.0,1,1.0,1,1.0,1,0.2559646563263194,47
466,6,1184,350,834,0,0,0,1.0,1,1.0,1,1.0,1,0.1959260714614102,46
467,3,1187,352,835,0,0,0,1.0,1,1.0,1,1.0,1,0.1930427079926547,44
468,3,1190,354,836,0,0,0,1.0,1,1.0,1,1.0,1,0.16378458233101398,41
469,4,1194,357,837,0,0,0,1.0,1,1.0,1,1.0,1,0.1912600292408825,40
470,3,1197,359,838,0,0,0,1.0,1,1.0,1,1.0,1,0.21506826725528458,39
471,2,1199,361,838,0,0,0,1.0,1,1.0,1,1.0,1,0.2155312645839294,38
472,3,1202,363,839,0,0,0,1.0,1,1.0,1,1.0,1,0.22459731308891195,36
473,4,1206,366,840,0,0,0,1.0,1,1.0,1,1.0,1,0.22909949929109527,36
474,1,1207,367,840,0,0,0,1.0,1,1.0,1,1.0,1,0.21701189704447243,34
475,2,1209,369,840,0,0,0,1.0,1,1.0,1,1.0,1,0.24518442048443317,34
476,2,1211,370,841,0,0,0,1.0,1,1.0,1,1.0,1,0.27512424198410995,32
477,1,1212,371,841,0,0,0,1.0,1,1.0,1,1.0,1,0.2920931816372153,32
478,0,1212,371,841,0,0,0,1.0,1,1.0,1,1.0,1,0.2637065879374248,30
479,1,1213,372,841,0,0,0,1.0,1,1.0,1,1.0,1,0.29136685117680217,31
480,0,1213,372,841,0,0,0,1.0,1,1.0,1,1.0,1,0.34084906892622624,27
481,5,1218,374,844,0,0,0,1.0,1,1.0,1,1.0,1,0.28205505130571956,28
482,3,1221,376,845,0,0,0,1.0,1,1.0,1,1.0,1,0.2985059846281618,28
483,1,1222,377,845,0,0,0,1.0,1,1.0,1,1.0,1,0.30957954694674866,29
484,3,1225,377,848,0,0,0,1.0,1,1.0,1,1.0,1,0.27275676307208224,29
485,0,1225,377,848,0,0,0,1.0,1,1.0,1,1.0,1,0.27275676307208224,29
486,2,1227,378,849,0,0,0,1.0,1,1.0,1,1.0,1,0.2827916957470991,31
487,4,1231,378,853,0,0,0,1.0,1,1.0,1,1.0,1,0.3220067085134894,33
488,3,1234,378,856,0,0,0,1.0,1,1.0,1,1.0,1,0.32197060389570153,34
489,4,1238,379,859,0,0,0,1.0,1,1.0,1,1.0,1,0.35652653184423483,34
490,1,1239,379,860,0,0,0,1.0,1,1.0,1,1.0,1,0.35202168096224495,34
491,3,1242,380,862,0,0,0,1.0,1,1.0,1,1.0,1,0.39955571089528275,34
492,5,1247,380,867,0,0,0,1.0,1,1.0,1,1.0,1,0.29014919808982464,34
493,5,1252,382,870,0,0,0,1.0,1,1.0,1,1.0,1,0.281647822769774,34
494,7,1259,383,876,0,0,0,1.0,1,1.0,1,1.0,1,0.33316371927051164,36
495,3,1262,383,879,0,0,0,1.0,1,1.0,1,1.0,1,0.2944482082291337,36
496,2,1264,383,881,0,0,0,1.0,1,1.0,1,1.0,1,0.27560339800554357,37
497,5,1269,383,886,0,0,0,1.0,1,1.0,1,1.0,1,0.2501972864887815,39
498,7,1276,384,892,0,0,0,1.0,1,1.0,1,1.0,1,0.2250072328416617,40
499,4,1280,384,896,0,0,0,1.0,1,1.0,1,1.0,1,0.2250072328416617,40
500,6,1286,385,901,0,0,0,1.0,1,1.0,1,1.0,1,0.24507800652533757,42
501,7,1293,386,907,0,0,0,1.0,1,1.0,1,1.0,1,0.2473225536901102,42
502,9,1302,388,914,0,0,0,1.0,1,1.0,1,1.0,1,0.30224622234240184,42
503,8,1310,389,921,0,0,0,1.0,1,1.0,1,1.0,1,0.29549340680987696,41
504,5,1315,391,924,0,0,0,1.0,1,1.0,1,1.0,1,0.33475117236032714,42
505,5,1320,393,927,0,0,0,1.0,1,1.0,1,1.0,1,0.3371179106698165,38
506,6,1326,393,933,0,0,0,1.0,1,1.0,1,1.0,1,0.3182328528813633,37
507,3,1329,394,935,0,0,0,1.0,1,1.0,1,1.0,1,0.3035872451494977,35
508,4,1333,396,937,0,0,0,1.0,1,1.0,1,1.0,1,0.3883490621858531,35
509,2,1335,397,938,0,0,0,1.0,1,1.0,1,1.0,1,0.37004308923252344,34
510,1,1336,397,939,0,0,0,1.0,1,1.0,1,1.0,1,0.3490962408195422,34
511,4,1340,399,941,0,0,0,1.0,1,1.0,1,1.0,1,0.27876909680088036,32
512,0,1340,399,941,0,0,0,1.0,1,1.0,1,1.0,1,0.3143483698295078,30
513,2,1342,400,942,0,0,0,1.0,1,1.0,1,1.0,1,0.3247703710852466,31
514,0,1342,400,942,0,0,0,1.0,1,1.0,1,1.0,1,0.3247703710852466,31
515,2,1344,400,944,0,0,0,1.0,1,1.0,1,1.0,1,0.3044036019584555,32
516,1,1345,400,945,0,0,0,1.0,1,1.0,1,1.0,1,0.27969371588159275,31
517,3,1348,400,948,0,0,0,1.0,1,1.0,1,1.0,1,0.22152206986283038,32
518,0,1348,400,948,0,0,0,1.0,1,1.0,1,1.0,1,0.2197250725241085,31
519,0,1348,400,948,0,0,0,1.0,1,1.0,1,1.0,1,0.18902174725518994,31
520,2,1350,402,948,0,0,0,1.0,1,1.0,1,1.0,1,0.21812287984231665,33
521,2,1352,403,949,0,0,0,1.0,1,1.0,1,1.0,1,0.18172782639469115,34
522,2,1354,404,950,0,0,0,1.0,1,1.0,1,1.0,1,0.14412605571371234,34
523,0,1354,404,950,0,0,0,1.0,1,1.0,1,1.0,1,0.15599720547464183,33
524,1,1355,405,950,0,0,0,1.0,1,1.0,1,1.0,1,0.19218447904541738,34
525,1,1356,405,951,0,0,0,1.0,1,1.0,1,1.0,1,0.18928673174698143,32
526,0,1356,405,951,0,0,0,1.0,1,1.0,1,1.0,1,0.18928673174698143,32
527,0,1356,405,951,0,0,0,1.0,1,1.0,1,1.0,1,0.2177446542763206,31
528,4,1360,408,952,0,0,0,1.0,1,1.0,1,1.0,1,0.2505256250524442,31
529,0,1360,408,952,0,0,0,1.0,1,1.0,1,1.0,1,0.26168829226947155,30
530,1,1361,408,953,0,0,0,1.0,1,1.0,1,1.0,1,0.26330460704164127,30
531,2,1363,409,954,0,0,0,1.0,1,1.0,1,1.0,1,0.21659259970466038,32
532,9,1372,413,959,0,0,0,1.0,1,1.0,1,1.0,1,0.306640313709866,32
533,2,1374,413,961,0,0,0,1.0,1,1.0,1,1.0,1,0.3113732928332348,34
534,5,1379,414,965,0,0,0,1.0,1,1.0,1,1.0,1,0.32085852418670685,34
535,5,1384,415,969,0,0,0,1.0,1,1.0,1,1.0,1,0.3606076719762423,37
536,2,1386,415,971,0,0,0,1.0,1,1.0,1,1.0,1,0.35373817976980576,37
537,5,1391,417,974,0,0,0,1.0,1,1.0,1,1.0,1,0.4298686004151793,37
538,4,1395,417,978,0,0,0,1.0,1,1.0,1,1.0,1,0.3931079069190653,38
539,4,1399,417,982,0,0,0,1.0,1,1.0,1,1.0,1,0.3686272041430838,38
540,2,1401,417,984,0,0,0,1.0,1,1.0,1,1.0,1,0.3597177582052274,38
541,4,1405,417,988,0,0,0,1.0,1,1.0,1,1.0,1,0.2882110808434764,39
542,2,1407,418,989,0,0,0,1.0,1,1.0,1,1.0,1,0.2729506831915225,40
543,1,1408,419,989,0,0,0,1.0,1,1.0,1,1.0,1,0.2953367165381898,37
544,0,1408,419,989,0,0,0,1.0,1,1.0,1,1.0,1,0.3185089920157189,35
545,1,1409,420,989,0,0,0,1.0,1,1.0,1,1.0,1,0.2831139772506937,35
546,3,1412,423,989,0,0,0,1.0,1,1.0,1,1.0,1,0.32882064218028045,35
547,1,1413,424,989,0,0,0,1.0,1,1.0,1,1.0,1,0.314139392772283,34
548,4,1417,426,991,0,0,0,1.0,1,1.0,1,1.0,1,0.3367012936972703,34
549,3,1420,428,992,0,0,0,1.0,1,1.0,1,1.0,1,0.4202939962302554,31
550,0,1420,428,992,0,0,0,1.0,1,1.0,1,1.0,1,0.40750131100180387,30
551,2,1422,430,992,0,0,0,1.0,1,1.0,1,1.0,1,0.48181295785274597,31
552,0,1422,430,992,0,0,0,1.0,1,1.0,1,1.0,1,0.46035258918344624,29
553,1,1423,430,993,0,0,0,1.0,1,1.0,1,1.0,1,0.4255662912207638,30
554,0,1423,430,993,0,0,0,1.0,1,1.0,1,1.0,1,0.4295761273245998,30
555,0,1423,430,993,0,0,0,1.0,1,1.0,1,1.0,1,0.42590070938216934,30
556,1,1424,430,994,0,0,0,1.0,1,1.0,1,1.0,1,0.42211364607601704,31
557,0,1424,430,994,0,0,0,1.0,1,1.0,1,1.0,1,0.44452448813737866,31
558,1,1425,430,995,0,0,0,1.0,1,1.0,1,1.0,1,0.4176522689299375,31
559,2,1427,430,997,0,0,0,1.0,1,1.0,1,1.0,1,0.38891941648768,31
560,3,1430,430,1000,0,0,0,1.0,1,1.0,1,1.0,1,0.3876356815238106,32
561,2,1432,430,1002,0,0,0,1.0,1,1.0,1,1.0,1,0.3573395590524084,33
562,1,1433,431,1002,0,0,0,1.0,1,1.0,1,1.0,1,0.3617447553438888,33
563,2,1435,433,1002,0,0,0,1.0,1,1.0,1,1.0,1,0.39676222588049614,33
564,2,1437,433,1004,0,0,0,1.0,1,1.0,1,1.0,1,0.4042120141607475,34
565,5,1442,434,1008,0,0,0,1.0,1,1.0,1,1.0,1,0.3950266385048132,35
566,2,1444,435,1009,0,0,0,1.0,1,1.0,1,1.0,1,0.3568677430871579,36
567,3,1447,436,1011,0,0,0,1.0,1,1.0,1,1.0,1,0.3836163468948857,37
568,2,1449,438,1011,0,0,0,1.0,1,1.0,1,1.0,1,0.3379156652932351,36
569,1,1450,438,1012,0,0,0,1.0,1,1.0,1,1.0,1,0.307152047807742,37
570,0,1450,438,1012,0,0,0,1.0,1,1.0,1,1.0,1,0.3256935381148696,38
571,8,1458,439,1019,0,0,0,1.0,1,1.0,1,1.0,1,0.14166681727792202,38
572,0,1458,439,1019,0,0,0,1.0,1,1.0,1,1.0,1,0.15284608236937985,39
573,0,1458,439,1019,0,0,0,1.0,1,1.0,1,1.0,1,0.15284608236937985,39
574,1,1459,439,1020,0,0,0,1.0,1,1.0,1,1.0,1,0.1793864167617778,41
575,1,1460,439,1021,0,0,0,1.0,1,1.0,1,1.0,1,0.1691473741359032,41
576,1,1461,439,1022,0,0,0,1.0,1,1.0,1,1.0,1,0.15280987942782523,42
577,0,1461,439,1022,0,0,0,1.0,1,1.0,1,1.0,1,0.15280987942782523,42
578,1,1462,440,1022,0,0,0,1.0,1,1.0,1,1.0,1,0.20317321119023593,41
579,1,1463,441,1022,0,0,0,1.0,1,1.0,1,1.0,1,0.24551287635610955,42
580,5,1468,443,1025,0,0,0,1.0,1,1.0,1,1.0,1,0.29268067226799216,43
581,4,1472,445,1027,0,0,0,1.0,1,1.0,1,1.0,1,0.29313504333350754,42
582,3,1475,445,1030,0,0,0,1.0,1,1.0,1,1.0,1,0.25717661159728195,41
583,2,1477,447,1030,0,0,0,1.0,1,1.0,1,1.0,1,0.2688269273056902,40
584,2,1479,448,1031,0,0,0,1.0,1,1.0,1,1.0,1,0.23780152850893918,38
585,0,1479,448,1031,0,0,0,1.0,1,1.0,1,1.0,1,0.2496554783985699,38
586,2,1481,449,1032,0,0,0,1.0,1,1.0,1,1.0,1,0.15502596522377263,37
587,2,1483,451,1032,0,0,0,1.0,1,1.0,1,1.0,1,0.2108311967521507,35
588,3,1486,453,1033,0,0,0,1.0,1,1.0,1,1.0,1,0.21368140685198672,35
589,0,1486,453,1033,0,0,0,1.0,1,1.0,1,1.0,1,0.21555040320342816,34
590,3,1489,455,1034,0,0,0,1.0,1,1.0,1,1.0,1,0.22947111131400225,36
591,2,1491,455,1036,0,0,0,1.0,1,1.0,1,1.0,1,0.16968743647216353,35
592,4,1495,458,1037,0,0,0,1.0,1,1.0,1,1.0,1,0.2567544901072011,37
593,0,1495,458,1037,0,0,0,1.0,1,1.0,1,1.0,1,0.24229570966528083,36
594,1,1496,459,1037,0,0,0,1.0,1,1.0,1,1.0,1,0.2513066024319921,35
595,1,1497,460,1037,0,0,0,1.0,1,1.0,1,1.0,1,0.26902428739615314,34
596,2,1499,462,1037,0,0,0,1.0,1,1.0,1,1.0,1,0.28949302122665693,34
597,1,1500,463,1037,0,0,0,1.0,1,1.0,1,1.0,1,0.31313863756186994,33
598,0,1500,463,1037,0,0,0,1.0,1,1.0,1,1.0,1,0.32589667505766823,33
599,3,1503,465,1038,0,0,0,1.0,1,1.0,1,1.0,1,0.33580563141618713,33
600,2,1505,467,1038,0,0,0,1.0,1,1.0,1,1.0,1,0.37268573822362994,33
601,3,1508,467,1041,0,0,0,1.0,1,1.0,1,1.0,1,0.3044208859216517,34
602,4,1512,468,1044,0,0,0,1.0,1,1.0,1,1.0,1,0.2517581361661108,35
603,1,1513,469,1044,0,0,0,1.0,1,1.0,1,1.0,1,0.3037099143298049,35
604,1,1514,469,1045,0,0,0,1.0,1,1.0,1,1.0,1,0.2758481222607623,35
605,0,1514,469,1045,0,0,0,1.0,1,1.0,1,1.0,1,0.2918252312911377,35
606,1,1515,469,1046,0,0,0,1.0,1,1.0,1,1.0,1,0.2876141558756891,35
607,2,1517,470,1047,0,0,0,1.0,1,1.0,1,1.0,1,0.3135658401451991,35
608,2,1519,470,1049,0,0,0,1.0,1,1.0,1,1.0,1,0.33609104129907796,36
609,0,1519,470,1049,0,0,0,1.0,1,1.0,1,1.0,1,0.3390154554030645,37
610,2,1521,470,1051,0,0,0,1.0,1,1.0,1,1.0,1,0.28511654449548374,37
611,1,1522,471,1051,0,0,0,1.0,1,1.0,1,1.0,1,0.2423830045667481,39
612,2,1524,472,1052,0,0,0,1.0,1,1.0,1,1.0,1,0.211586727496713,39
613,2,1526,473,1053,0,0,0,1.0,1,1.0,1,1.0,1,0.22628011784063093,39
614,3,1529,474,1055,0,0,0,1.0,1,1.0,1,1.0,1,0.2604490613673409,39
615,0,1529,474,1055,0,0,0,1.0,1,1.0,1,1.0,1,0.2604490613673409,39
616,1,1530,475,1055,0,0,0,1.0,1,1.0,1,1.0,1,0.3137278794316252,38
617,5,1535,477,1058,0,0,0,1.0,1,1.0,1,1.0,1,0.3333530091930096,39
618,9,1544,480,1064,0,0,0,1.0,1,1.0,1,1.0,1,0.36485914625017046,40
619,2,1546,481,1065,0,0,0,1.0,1,1.0,1,1.0,1,0.38564321863028217,39
620,2,1548,481,1067,0,0,0,1.0,1,1.0,1,1.0,1,0.3814761496078156,38
621,5,1553,483,1070,0,0,0,1.0,1,1.0,1,1.0,1,0.35338718608192643,38
622,2,1555,485,1070,0,0,0,1.0,1,1.0,1,1.0,1,0.29611523545988044,38
623,5,1560,489,1071,0,0,0,1.0,1,1.0,1,1.0,1,0.2672377845115487,37
624,5,1565,492,1073,0,0,0,1.0,1,1.0,1,1.0,1,0.28982938430151395,33
625,2,1567,492,1075,0,0,0,1.0,1,1.0,1,1.0,1,0.2912335326703669,32
626,1,1568,493,1075,0,0,0,1.0,1,1.0,1,1.0,1,0.3060757110437312,31
627,1,1569,494,1075,0,0,0,1.0,1,1.0,1,1.0,1,0.3786743074175732,30
628,3,1572,496,1076,0,0,0,1.0,1,1.0,1,1.0,1,0.33361950058984235,32
629,1,1573,497,1076,0,0,0,1.0,1,1.0,1,1.0,1,0.33315744454201024,29
630,1,1574,498,1076,0,0,0,1.0,1,1.0,1,1.0,1,0.37954645301237944,29
631,2,1576,500,1076,0,0,0,1.0,1,1.0,1,1.0,1,0.47897539283963,25
632,2,1578,501,1077,0,0,0,1.0,1,1.0,1,1.0,1,0.4959188457758086,24
633,2,1580,503,1077,0,0,0,1.0,1,1.0,1,1.0,1,0.5120094078205376,23
634,1,1581,503,1078,0,0,0,1.0,1,1.0,1,1.0,1,0.5043825718981346,23
635,3,1584,504,1080,0,0,0,1.0,1,1.0,1,1.0,1,0.43366410900514296,22
636,1,1585,504,1081,0,0,0,1.0,1,1.0,1,1.0,1,0.4493997277542341,22
637,0,1585,504,1081,0,0,0,1.0,1,1.0,1,1.0,1,0.4307838411218417,23
638,1,1586,505,1081,0,0,0,1.0,1,1.0,1,1.0,1,0.45563008051888554,23
639,0,1586,505,1081,0,0,0,1.0,1,1.0,1,1.0,1,0.45523071626626216,24
640,2,1588,507,1081,0,0,0,1.0,1,1.0,1,1.0,1,0.4516098831472206,24
641,0,1588,507,1081,0,0,0,1.0,1,1.0,1,1.0,1,0.47112198687010665,25
642,0,1588,507,1081,0,0,0,1.0,1,1.0,1,1.0,1,0.4227319680182072,26
643,1,1589,507,1082,0,0,0,1.0,1,1.0,1,1.0,1,0.37604814181853735,28
644,2,1591,508,1083,0,0,0,1.0,1,1.0,1,1.0,1,0.3014989783631223,28
645,1,1592,509,1083,0,0,0,1.0,1,1.0,1,1.0,1,0.2785043945726278,28
646,1,1593,509,1084,0,0,0,1.0,1,1.0,1,1.0,1,0.24193708678278925,29
647,0,1593,509,1084,0,0,0,1.0,1,1.0,1,1.0,1,0.2279580482830571,30
648,0,1593,509,1084,0,0,0,1.0,1,1.0,1,1.0,1,0.2279580482830571,30
649,1,1594,510,1084,0,0,0,1.0,1,1.0,1,1.0,1,0.27356275690780674,31
650,2,1596,511,1085,0,0,0,1.0,1,1.0,1,1.0,1,0.2436160912810155,31
651,2,1598,512,1086,0,0,0,1.0,1,1.0,1,1.0,1,0.19792709901390762,32
652,0,1598,512,1086,0,0,0,1.0,1,1.0,1,1.0,1,0.19792709901390762,32
653,0,1598,512,1086,0,0,0,1.0,1,1.0,1,1.0,1,0.21843849999929119,33
654,0,1598,512,1086,0,0,0,1.0,1,1.0,1,1.0,1,0.21843849999929119,33
655,3,1601,513,1088,0,0,0,1.0,1,1.0,1,1.0,1,0.22718993262681098,36
656,3,1604,516,1088,0,0,0,1.0,1,1.0,1,1.0,1,0.36034021753544954,36
657,2,1606,517,1089,0,0,0,1.0,1,1.0,1,1.0,1,0.33405166306315504,35
658,4,1610,520,1090,0,0,0,1.0,1,1.0,1,1.0,1,0.3267499946944164,33
659,3,1613,522,1091,0,0,0,1.0,1,1.0,1,1.0,1,0.3724774901926213,35
660,2,1615,523,1092,0,0,0,1.0,1,1.0,1,1.0,1,0.373928687767685,34
661,5,1620,523,1097,0,0,0,1.0,1,1.0,1,1.0,1,0.3058469305225787,33
662,2,1622,524,1098,0,0,0,1.0,1,1.0,1,1.0,1,0.3193526281771627,31
663,3,1625,525,1100,0,0,0,1.0,1,1.0,1,1.0,1,0.3454669613603295,29
664,2,1627,527,1100,0,0,0,1.0,1,1.0,1,1.0,1,0.3678716300221442,27
665,0,1627,527,1100,0,0,0,1.0,1,1.0,1,1.0,1,0.348297589238769,27
666,5,1632,529,1103,0,0,0,1.0,1,1.0,1,1.0,1,0.305647698846719,28
667,1,1633,530,1103,0,0,0,1.0,1,1.0,1,1.0,1,0.3340014333585022,26
668,3,1636,531,1105,0,0,0,1.0,1,1.0,1,1.0,1,0.32747148859920006,26
669,3,1639,534,1105,0,0,0,1.0,1,1.0,1,1.0,1,0.3441792289040272,25
670,2,1641,534,1107,0,0,0,1.0,1,1.0,1,1.0,1,0.2619821940393798,24
671,4,1645,534,1111,0,0,0,1.0,1,1.0,1,1.0,1,0.22682063373344855,24
672,2,1647,534,1113,0,0,0,1.0,1,1.0,1,1.0,1,0.2075941290682808,25
673,5,1652,535,1117,0,0,0,1.0,1,1.0,1,1.0,1,0.3163197793675401,25
674,2,1654,535,1119,0,0,0,1.0,1,1.0,1,1.0,1,0.25853414333077396,25
675,3,1657,535,1122,0,0,0,1.0,1,1.0,1,1.0,1,0.30359763823808533,26
676,6,1663,538,1125,0,0,0,1.0,1,1.0,1,1.0,1,0.3041292768520583,27
677,3,1666,538,1128,0,0,0,1.0,1,1.0,1,1.0,1,0.2808124758549229,28
678,4,1670,539,1131,0,0,0,1.0,1,1.0,1,1.0,1,0.3282542870958585,28
679,6,1676,540,1136,0,0,0,1.0,1,1.0,1,1.0,1,0.3070067635845103,30
680,2,1678,540,1138,0,0,0,1.0,1,1.0,1,1.0,1,0.3420631800879498,29
681,3,1681,541,1140,0,0,0,1.0,1,1.0,1,1.0,1,0.40592554459854796,29
682,2,1683,541,1142,0,0,0,1.0,1,1.0,1,1.0,1,0.4061216092982372,30
683,3,1686,541,1145,0,0,0,1.0,1,1.0,1,1.0,1,0.30094765022390535,30
684,0,1686,541,1145,0,0,0,1.0,1,1.0,1,1.0,1,0.320269742635449,31
685,0,1686,541,1145,0,0,0,1.0,1,1.0,1,1.0,1,0.3222429552303255,30
686,4,1690,544,1146,0,0,0,1.0,1,1.0,1,1.0,1,0.32230782091806365,30
687,2,1692,545,1147,0,0,0,1.0,1,1.0,1,1.0,1,0.3718134720182998,30
688,3,1695,545,1150,0,0,0,1.0,1,1.0,1,1.0,1,0.3256116469243225,31
689,3,1698,545,1153,0,0,0,1.0,1,1.0,1,1.0,1,0.3507687314263973,32
690,3,1701,545,1156,0,0,0,1.0,1,1.0,1,1.0,1,0.3045045980480868,32
691,3,1704,545,1159,0,0,0,1.0,1,1.0,1,1.0,1,0.19936934605774745,32
692,2,1706,547,1159,0,0,0,1.0,1,1.0,1,1.0,1,0.22988882688678006,32
693,1,1707,548,1159,0,0,0,1.0,1,1.0,1,1.0,1,0.22720280653740246,34
694,3,1710,549,1161,0,0,0,1.0,1,1.0,1,1.0,1,0.25515409985105286,36
695,1,1711,550,1161,0,0,0,1.0,1,1.0,1,1.0,1,0.22479811839661096,34
696,1,1712,551,1161,0,0,0,1.0,1,1.0,1,1.0,1,0.27996838797448625,33
697,0,1712,551,1161,0,0,0,1.0,1,1.0,1,1.0,1,0.2815969968005543,33
698,1,1713,552,1161,0,0,0,1.0,1,1.0,1,1.0,1,0.3118454561590495,34
699,1,1714,553,1161,0,0,0,1.0,1,1.0,1,1.0,1,0.3820976790609127,33
700,2,1716,554,1162,0,0,0,1.0,1,1.0,1,1.0,1,0.2835948236438184,32
701,0,1716,554,1162,0,0,0,1.0,1,1.0,1,1.0,1,0.27047239071650103,33
702,4,1720,557,1163,0,0,0,1.0,1,1.0,1,1.0,1,0.355599990689041,34
703,3,1723,559,1164,0,0,0,1.0,1,1.0,1,1.0,1,0.3502980939590453,32
704,2,1725,560,1165,0,0,0,1.0,1,1.0,1,1.0,1,0.34785107073533583,31
705,1,1726,561,1165,0,0,0,1.0,1,1.0,1,1.0,1,0.3616421408907942,33
706,1,1727,562,1165,0,0,0,1.0,1,1.0,1,1.0,1,0.3928902639075029,33
707,1,1728,563,1165,0,0,0,1.0,1,1.0,1,1.0,1,0.36414163346205297,31
708,1,1729,564,1165,0,0,0,1.0,1,1.0,1,1.0,1,0.3781019925147911,31
709,1,1730,565,1165,0,0,0,1.0,1,1.0,1,1.0,1,0.41035739977710495,30
710,2,1732,566,1166,0,0,0,1.0,1,1.0,1,1.0,1,0.40049548301623344,30
711,0,1732,566,1166,0,0,0,1.0,1,1.0,1,1.0,1,0.40518161609775327,30
712,0,1732,566,1166,0,0,0,1.0,1,1.0,1,1.0,1,0.4391699962135439,30
713,0,1732,566,1166,0,0,0,1.0,1,1.0,1,1.0,1,0.4545401810934394,31
714,1,1733,567,1166,0,0,0,1.0,1,1.0,1,1.0,1,0.4996496342135317,31
715,1,1734,567,1167,0,0,0,1.0,1,1.0,1,1.0,1,0.4976572224489422,30
716,0,1734,567,1167,0,0,0,1.0,1,1.0,1,1.0,1,0.5001399125597328,31
717,0,1734,567,1167,0,0,0,1.0,1,1.0,1,1.0,1,0.5090892415493592,32
718,5,1739,568,1171,0,0,0,1.0,1,1.0,1,1.0,1,0.39899633617743036,32
719,1,1740,569,1171,0,0,0,1.0,1,1.0,1,1.0,1,0.3759954536705684,32
720,0,1740,569,1171,0,0,0,1.0,1,1.0,1,1.0,1,0.36685380693802977,34
721,2,1742,570,1172,0,0,0,1.0,1,1.0,1,1.0,1,0.3752338351769888,34
722,2,1744,571,1173,0,0,0,1.0,1,1.0,1,1.0,1,0.36814141490451563,34
723,1,1745,571,1174,0,0,0,1.0,1,1.0,1,1.0,1,0.3518445275114005,35
724,0,1745,571,1174,0,0,0,1.0,1,1.0,1,1.0,1,0.3567961886559841,36
725,3,1748,571,1177,0,0,0,1.0,1,1.0,1,1.0,1,0.28528159215724685,37
726,0,1748,571,1177,0,0,0,1.0,1,1.0,1,1.0,1,0.28528159215724685,37
727,0,1748,571,1177,0,0,0,1.0,1,1.0,1,1.0,1,0.3008106572511782,38
728,0,1748,571,1177,0,0,0,1.0,1,1.0,1,1.0,1,0.29673888027414635,39
729,0,1748,571,1177,0,0,0,1.0,1,1.0,1,1.0,1,0.29673888027414635,39
730,1,1749,572,1177,0,0,0,1.0,1,1.0,1,1.0,1,0.31072381259230164,40
731,5,1754,574,1180,0,0,0,1.0,1,1.0,1,1.0,1,0.3111633064793685,40
732,0,1754,574,1180,0,0,0,1.0,1,1.0,1,1.0,1,0.3294267931946646,41
733,2,1756,574,1182,0,0,0,1.0,1,1.0,1,1.0,1,0.2634317251573542,41
734,0,1756,574,1182,0,0,0,1.0,1,1.0,1,1.0,1,0.26877191296255987,42
735,0,1756,574,1182,0,0,0,1.0,1,1.0,1,1.0,1,0.2576078124241821,42
736,1,1757,574,1183,0,0,0,1.0,1,1.0,1,1.0,1,0.21204385431258121,41
737,1,1758,575,1183,0,0,0,1.0,1,1.0,1,1.0,1,0.2281686638784861,41
738,3,1761,575,1186,0,0,0,1.0,1,1.0,1,1.0,1,0.23712834095202698,39
739,2,1763,575,1188,0,0,0,1.0,1,1.0,1,1.0,1,0.24813260106341614,39
740,2,1765,575,1190,0,0,0,1.0,1,1.0,1,1.0,1,0.2778363092469397,39
741,2,1767,575,1192,0,0,0,1.0,1,1.0,1,1.0,1,0.2757782022605786,38
742,1,1768,575,1193,0,0,0,1.0,1,1.0,1,1.0,1,0.29024213764358187,39
743,6,1774,579,1195,0,0,0,1.0,1,1.0,1,1.0,1,0.2198280054075754,39
744,2,1776,580,1196,0,0,0,1.0,1,1.0,1,1.0,1,0.24148614375662028,39
745,3,1779,582,1197,0,0,0,1.0,1,1.0,1,1.0,1,0.24439344274632238,39
746,5,1784,583,1201,0,0,0,1.0,1,1.0,1,1.0,1,0.25768070522221664,40
747,5,1789,584,1205,0,0,0,1.0,1,1.0,1,1.0,1,0.23719106584934163,41
748,7,1796,586,1210,0,0,0,1.0,1,1.0,1,1.0,1,0.19484709350807775,41
749,3,1799,587,1212,0,0,0,1.0,1,1.0,1,1.0,1,0.1953655594943618,41
750,4,1803,589,1214,0,0,0,1.0,1,1.0,1,1.0,1,0.18578455154928342,39
751,0,1803,589,1214,0,0,0,1.0,1,1.0,1,1.0,1,0.16884736069274742,41
752,1,1804,590,1214,0,0,0,1.0,1,1.0,1,1.0,1,0.18818458293815746,41
753,1,1805,590,1215,0,0,0,1.0,1,1.0,1,1.0,1,0.17450974685353401,41
754,3,1808,593,1215,0,0,0,1.0,1,1.0,1,1.0,1,0.1845689673986717,41
755,1,1809,594,1215,0,0,0,1.0,1,1.0,1,1.0,1,0.20583883224415508,41
756,0,1809,594,1215,0,0,0,1.0,1,1.0,1,1.0,1,0.20583883224415508,41
757,2,1811,596,1215,0,0,0,1.0,1,1.0,1,1.0,1,0.28501880688449843,39
758,0,1811,596,1215,0,0,0,1.0,1,1.0,1,1.0,1,0.25494454379216835,39
759,1,1812,596,1216,0,0,0,1.0,1,1.0,1,1.0,1,0.23123040979798715,39
760,2,1814,596,1218,0,0,0,1.0,1,1.0,1,1.0,1,0.1814053940453001,40
761,0,1814,596,1218,0,0,0,1.0,1,1.0,1,1.0,1,0.1678138381361471,41
762,1,1815,596,1219,0,0,0,1.0,1,1.0,1,1.0,1,0.16711945309406862,42
763,0,1815,596,1219,0,0,0,1.0,1,1.0,1,1.0,1,0.18521917027218604,43
764,0,1815,596,1219,0,0,0,1.0,1,1.0,1,1.0,1,0.18521917027218604,43
765,0,1815,596,1219,0,0,0,1.0,1,1.0,1,1.0,1,0.156073408597942,45
766,1,1816,597,1219,0,0,0,1.0,1,1.0,1,1.0,1,0.1682556942601473,45
767,0,1816,597,1219,0,0,0,1.0,1,1.0,1,1.0,1,0.17625612227430235,46
768,0,1816,597,1219,0,0,0,1.0,1,1.0,1,1.0,1,0.16552762667182566,45
769,1,1817,597,1220,0,0,0,1.0,1,1.0,1,1.0,1,0.16367744725718802,46
770,0,1817,597,1220,0,0,0,1.0,1,1.0,1,1.0,1,0.1546833794776834,47
771,4,1821,601,1220,0,0,0,1.0,1,1.0,1,1.0,1,0.21617023341053,47
772,2,1823,602,1221,0,0,0,1.0,1,1.0,1,1.0,1,0.23749209530835289,46
773,4,1827,604,1223,0,0,0,1.0,1,1.0,1,1.0,1,0.27072250386509905,45
774,1,1828,604,1224,0,0,0,1.0,1,1.0,1,1.0,1,0.3021507022010345,45
775,4,1832,606,1226,0,0,0,1.0,1,1.0,1,1.0,1,0.31221295349247374,45
776,1,1833,606,1227,0,0,0,1.0,1,1.0,1,1.0,1,0.29382282665783727,43
777,2,1835,606,1229,0,0,0,1.0,1,1.0,1,1.0,1,0.2858942017425212,44
778,8,1843,608,1235,0,0,0,1.0,1,1.0,1,1.0,1,0.31301785986611574,45
779,6,1849,608,1241,0,0,0,1.0,1,1.0,1,1.0,1,0.31946996049263,45
780,8,1857,610,1247,0,0,0,1.0,1,1.0,1,1.0,1,0.3734759513820958,45
781,5,1862,610,1252,0,0,0,1.0,1,1.0,1,1.0,1,0.2751539277592022,46
782,3,1865,610,1255,0,0,0,1.0,1,1.0,1,1.0,1,0.25780495443819385,47
783,0,1865,610,1255,0,0,0,1.0,1,1.0,1,1.0,1,0.22179134565488653,46
784,1,1866,610,1256,0,0,0,1.0,1,1.0,1,1.0,1,0.2103370580297786,45
785,1,1867,610,1257,0,0,0,1.0,1,1.0,1,1.0,1,0.18794426139854245,43
786,2,1869,611,1258,0,0,0,1.0,1,1.0,1,1.0,1,0.1635789264663188,43
787,1,1870,612,1258,0,0,0,1.0,1,1.0,1,1.0,1,0.1715099279152968,43
788,3,1873,614,1259,0,0,0,1.0,1,1.0,1,1.0,1,0.14817930957546954,44
789,2,1875,614,1261,0,0,0,1.0,1,1.0,1,1.0,1,0.14603975440750264,46
790,3,1878,615,1263,0,0,0,1.0,1,1.0,1,1.0,1,0.13969981034357273,46
791,1,1879,615,1264,0,0,0,1.0,1,1.0,1,1.0,1,0.16174843417085336,46
792,0,1879,615,1264,0,0,0,1.0,1,1.0,1,1.0,1,0.1662004489097893,47
793,1,1880,615,1265,0,0,0,1.0,1,1.0,1,1.0,1,0.16348544930412232,48
794,1,1881,616,1265,0,0,0,1.0,1,1.0,1,1.0,1,0.18618199774675578,48
795,0,1881,616,1265,0,0,0,1.0,1,1.0,1,1.0,1,0.1821505150118609,47
796,2,1883,618,1265,0,0,0,1.0,1,1.0,1,1.0,1,0.20484369289950652,45
797,2,1885,619,1266,0,0,0,1.0,1,1.0,1,1.0,1,0.23485109134036533,47
798,2,1887,620,1267,0,0,0,1.0,1,1.0,1,1.0,1,0.23551951334906274,48
799,4,1891,622,1269,0,0,0,1.0,1,1.0,1,1.0,1,0.24241644900244572,48
800,3,1894,624,1270,0,0,0,1.0,1,1.0,1,1.0,1,0.25024826558604985,48
801,4,1898,625,1273,0,0,0,1.0,1,1.0,1,1.0,1,0.24532748924135675,49
802,5,1903,627,1276,0,0,0,1.0,1,1.0,1,1.0,1,0.26064701200762525,50
803,2,1905,627,1278,0,0,0,1.0,1,1.0,1,1.0,1,0.26064701200762525,50
804,1,1906,627,1279,0,0,0,1.0,1,1.0,1,1.0,1,0.25498570156518213,50
805,1,1907,628,1279,0,0,0,1.0,1,1.0,1,1.0,1,0.278080376426574,50
806,0,1907,628,1279,0,0,0,1.0,1,1.0,1,1.0,1,0.27272335704478157,51
807,0,1907,628,1279,0,0,0,1.0,1,1.0,1,1.0,1,0.27272335704478157,51
808,6,1913,628,1285,0,0,0,1.0,1,1.0,1,1.0,1,0.206282940811278,53
809,3,1916,628,1288,0,0,0,1.0,1,1.0,1,1.0,1,0.2181481373300862,51
810,2,1918,628,1290,0,0,0,1.0,1,1.0,1,1.0,1,0.23538885278148414,52
811,4,1922,629,1293,0,0,0,1.0,1,1.0,1,1.0,1,0.21253149756356934,50
812,0,1922,629,1293,0,0,0,1.0,1,1.0,1,1.0,1,0.21945489942401547,51
813,2,1924,631,1293,0,0,0,1.0,1,1.0,1,1.0,1,0.2702098163752939,51
814,3,1927,632,1295,0,0,0,1.0,1,1.0,1,1.0,1,0.27148052330232353,52
815,2,1929,633,1296,0,0,0,1.0,1,1.0,1,1.0,1,0.24676182645736877,50
816,0,1929,633,1296,0,0,0,1.0,1,1.0,1,1.0,1,0.24676182645736877,50
817,0,1929,633,1296,0,0,0,1.0,1,1.0,1,1.0,1,0.2452621771048981,49
818,2,1931,635,1296,0,0,0,1.0,1,1.0,1,1.0,1,0.29090775254337536,49
819,1,1932,635,1297,0,0,0,1.0,1,1.0,1,1.0,1,0.3009152580135286,50
820,1,1933,636,1297,0,0,0,1.0,1,1.0,1,1.0,1,0.3400895386948921,49
821,1,1934,636,1298,0,0,0,1.0,1,1.0,1,1.0,1,0.32901091866878646,49
822,0,1934,636,1298,0,0,0,1.0,1,1.0,1,1.0,1,0.32901091866878646,49
823,5,1939,638,1301,0,0,0,1.0,1,1.0,1,1.0,1,0.32710797766627725,47
824,1,1940,639,1301,0,0,0,1.0,1,1.0,1,1.0,1,0.32435882236874436,45
825,2,1942,640,1302,0,0,0,1.0,1,1.0,1,1.0,1,0.3049397269149982,43
826,3,1945,643,1302,0,0,0,1.0,1,1.0,1,1.0,1,0.30969903040025587,44
827,2,1947,644,1303,0,0,0,1.0,1,1.0,1,1.0,1,0.29371262991480196,43
828,3,1950,647,1303,0,0,0,1.0,1,1.0,1,1.0,1,0.32623860423742757,43
829,2,1952,649,1303,0,0,0,1.0,1,1.0,1,1.0,1,0.32608640329513594,45
830,3,1955,650,1305,0,0,0,1.0,1,1.0,1,1.0,1,0.30727451924780425,46
831,6,1961,652,1309,0,0,0,1.0,1,1.0,1,1.0,1,0.2894489736343404,48
832,0,1961,652,1309,0,0,0,1.0,1,1.0,1,1.0,1,0.3065489748048336,47
833,3,1964,655,1309,0,0,0,1.0,1,1.0,1,1.0,1,0.3107068921131827,47
834,2,1966,655,1311,0,0,0,1.0,1,1.0,1,1.0,1,0.26549009946065233,46
835,0,1966,655,1311,0,0,0,1.0,1,1.0,1,1.0,1,0.28131250077445674,45
836,2,1968,656,1312,0,0,0,1.0,1,1.0,1,1.0,1,0.2613563655392555,46
837,0,1968,656,1312,0,0,0,1.0,1,1.0,1,1.0,1,0.2618612720501595,46
838,1,1969,656,1313,0,0,0,1.0,1,1.0,1,1.0,1,0.2569404532334652,45
839,1,1970,656,1314,0,0,0,1.0,1,1.0,1,1.0,1,0.24141978708680864,46
840,0,1970,656,1314,0,0,0,1.0,1,1.0,1,1.0,1,0.2500476831974696,46
841,2,1972,657,1315,0,0,0,1.0,1,1.0,1,1.0,1,0.2657320830556773,46
842,3,1975,658,1317,0,0,0,1.0,1,1.0,1,1.0,1,0.24142897421206613,46
843,3,1978,659,1319,0,0,0,1.0,1,1.0,1,1.0,1,0.2434182902243648,46
844,3,1981,661,1320,0,0,0,1.0,1,1.0,1,1.0,1,0.23524928676514834,47
845,2,1983,662,1321,0,0,0,1.0,1,1.0,1,1.0,1,0.27779714874840555,48
846,3,1986,663,1323,0,0,0,1.0,1,1.0,1,1.0,1,0.2788724270608324,47
847,3,1989,663,1326,0,0,0,1.0,1,1.0,1,1.0,1,0.2601276568396598,48
848,2,1991,663,1328,0,0,0,1.0,1,1.0,1,1.0,1,0.24012731005452131,48
849,5,1996,664,1332,0,0,0,1.0,1,1.0,1,1.0,1,0.2355716710504048,48
850,4,2000,664,1336,0,0,0,1.0,1,1.0,1,1.0,1,0.23972107361834485,46
851,3,2003,665,1338,0,0,0,1.0,1,1.0,1,1.0,1,0.25040984760417984,45
852,2,2005,666,1339,0,0,0,1.0,1,1.0,1,1.0,1,0.21557038795051428,44
853,1,2006,667,1339,0,0,0,1.0,1,1.0,1,1.0,1,0.21238703408508694,44
854,4,2010,668,1342,0,0,0,1.0,1,1.0,1,1.0,1,0.19856252766407848,45
855,1,2011,668,1343,0,0,0,1.0,1,1.0,1,1.0,1,0.2075019340524681,46
856,4,2015,669,1346,0,0,0,1.0,1,1.0,1,1.0,1,0.19878570809583446,46
857,2,2017,669,1348,0,0,0,1.0,1,1.0,1,1.0,1,0.19611054970869277,47
858,2,2019,670,1349,0,0,0,1.0,1,1.0,1,1.0,1,0.23984147223952842,48
859,4,2023,670,1353,0,0,0,1.0,1,1.0,1,1.0,1,0.2345395098614448,48
860,3,2026,671,1355,0,0,0,1.0,1,1.0,1,1.0,1,0.22660312793978954,49
861,3,2029,672,1357,0,0,0,1.0,1,1.0,1,1.0,1,0.2458118915543075,49
862,0,2029,672,1357,0,0,0,1.0,1,1.0,1,1.0,1,0.2458118915543075,49
863,1,2030,673,1357,0,0,0,1.0,1,1.0,1,1.0,1,0.2642683661903736,48
864,1,2031,673,1358,0,0,0,1.0,1,1.0,1,1.0,1,0.2554717489053381,49
865,2,2033,673,1360,0,0,0,1.0,1,1.0,1,1.0,1,0.2574337844115929,48
866,5,2038,673,1365,0,0,0,1.0,1,1.0,1,1.0,1,0.2271972366761483,50
867,2,2040,673,1367,0,0,0,1.0,1,1.0,1,1.0,1,0.2350802924033902,50
868,4,2044,677,1367,0,0,0,1.0,1,1.0,1,1.0,1,0.2527979606213109,51
869,2,2046,678,1368,0,0,0,1.0,1,1.0,1,1.0,1,0.2008631465791874,49
870,1,2047,679,1368,0,0,0,1.0,1,1.0,1,1.0,1,0.20671007624368096,49
871,4,2051,680,1371,0,0,0,1.0,1,1.0,1,1.0,1,0.16136753286723007,49
872,1,2052,680,1372,0,0,0,1.0,1,1.0,1,1.0,1,0.16578139023690083,48
873,4,2056,682,1374,0,0,0,1.0,1,1.0,1,1.0,1,0.18046166884023299,49
874,0,2056,682,1374,0,0,0,1.0,1,1.0,1,1.0,1,0.18203047812741557,49
875,1,2057,682,1375,0,0,0,1.0,1,1.0,1,1.0,1,0.1965876695532279,50
876,2,2059,684,1375,0,0,0,1.0,1,1.0,1,1.0,1,0.20457086273726577,50
877,6,2065,688,1377,0,0,0,1.0,1,1.0,1,1.0,1,0.15055646715953241,50
878,1,2066,689,1377,0,0,0,1.0,1,1.0,1,1.0,1,0.1875754865476695,49
879,0,2066,689,1377,0,0,0,1.0,1,1.0,1,1.0,1,0.1875754865476695,49
880,1,2067,690,1377,0,0,0,1.0,1,1.0,1,1.0,1,0.22681790097161886,48
881,4,2071,692,1379,0,0,0,1.0,1,1.0,1,1.0,1,0.22173719958256607,49
882,0,2071,692,1379,0,0,0,1.0,1,1.0,1,1.0,1,0.2455898983888502,48
883,0,2071,692,1379,0,0,0,1.0,1,1.0,1,1.0,1,0.22808318084334234,50
884,0,2071,692,1379,0,0,0,1.0,1,1.0,1,1.0,1,0.23656296709291388,50
885,2,2073,694,1379,0,0,0,1.0,1,1.0,1,1.0,1,0.2375634801146696,49
886,3,2076,695,1381,0,0,0,1.0,1,1.0,1,1.0,1,0.27066366719381113,49
887,1,2077,695,1382,0,0,0,1.0,1,1.0,1,1.0,1,0.26395313620805155,49
888,1,2078,696,1382,0,0,0,1.0,1,1.0,1,1.0,1,0.27939736247701463,47
889,5,2083,698,1385,0,0,0,1.0,1,1.0,1,1.0,1,0.2816148004099838,46
890,0,2083,698,1385,0,0,0,1.0,1,1.0,1,1.0,1,0.2558227400952653,44
891,2,2085,698,1387,0,0,0,1.0,1,1.0,1,1.0,1,0.27367809491645584,45
892,3,2088,699,1389,0,0,0,1.0,1,1.0,1,1.0,1,0.27204054455787186,45
893,1,2089,699,1390,0,0,0,1.0,1,1.0,1,1.0,1,0.26701470307130326,45
894,0,2089,699,1390,0,0,0,1.0,1,1.0,1,1.0,1,0.25746427465095667,44
895,2,2091,701,1390,0,0,0,1.0,1,1.0,1,1.0,1,0.23381497870947773,45
896,1,2092,702,1390,0,0,0,1.0,1,1.0,1,1.0,1,0.24336951718228741,44
897,0,2092,702,1390,0,0,0,1.0,1,1.0,1,1.0,1,0.24336951718228741,44
898,0,2092,702,1390,0,0,0,1.0,1,1.0,1,1.0,1,0.23837052128425226,45
899,0,2092,702,1390,0,0,0,1.0,1,1.0,1,1.0,1,0.2618280907197611,44
900,3,2095,703,1392,0,0,0,1.0,1,1.0,1,1.0,1,0.25912213842182563,46
901,4,2099,704,1395,0,0,0,1.0,1,1.0,1,1.0,1,0.23493844309408488,45
902,2,2101,706,1395,0,0,0,1.0,1,1.0,1,1.0,1,0.2524318555293531,45
903,2,2103,708,1395,0,0,0,1.0,1,1.0,1,1.0,1,0.3117806276684919,44
904,1,2104,708,1396,0,0,0,1.0,1,1.0,1,1.0,1,0.26139586212301885,45
905,2,2106,708,1398,0,0,0,1.0,1,1.0,1,1.0,1,0.252403300742834,45
906,2,2108,710,1398,0,0,0,1.0,1,1.0,1,1.0,1,0.2561561801169104,45
907,3,2111,711,1400,0,0,0,1.0,1,1.0,1,1.0,1,0.2442337688761628,46
908,0,2111,711,1400,0,0,0,1.0,1,1.0,1,1.0,1,0.23908749850677782,46
909,5,2116,715,1401,0,0,0,1.0,1,1.0,1,1.0,1,0.2450806353324239,46
910,1,2117,715,1402,0,0,0,1.0,1,1.0,1,1.0,1,0.2611974580454203,44
911,3,2120,717,1403,0,0,0,1.0,1,1.0,1,1.0,1,0.24867581465082686,45
912,0,2120,717,1403,0,0,0,1.0,1,1.0,1,1.0,1,0.27101041712415114,44
913,2,2122,718,1404,0,0,0,1.0,1,1.0,1,1.0,1,0.25037403082917864,45
914,2,2124,720,1404,0,0,0,1.0,1,1.0,1,1.0,1,0.2912499076270802,45
915,0,2124,720,1404,0,0,0,1.0,1,1.0,1,1.0,1,0.2912499076270802,45
916,1,2125,720,1405,0,0,0,1.0,1,1.0,1,1.0,1,0.2856138129838224,45
917,0,2125,720,1405,0,0,0,1.0,1,1.0,1,1.0,1,0.29993217708649234,46
918,3,2128,721,1407,0,0,0,1.0,1,1.0,1,1.0,1,0.2659820055475289,47
919,2,2130,722,1408,0,0,0,1.0,1,1.0,1,1.0,1,0.2744176391117929,47
920,2,2132,723,1409,0,0,0,1.0,1,1.0,1,1.0,1,0.263265419535073,47
921,4,2136,725,1411,0,0,0,1.0,1,1.0,1,1.0,1,0.29723414668022813,49
922,1,2137,726,1411,0,0,0,1.0,1,1.0,1,1.0,1,0.28338988751868255,49
923,1,2138,726,1412,0,0,0,1.0,1,1.0,1,1.0,1,0.2633996236643999,47
924,2,2140,726,1414,0,0,0,1.0,1,1.0,1,1.0,1,0.2501322575074288,47
925,2,2142,727,1415,0,0,0,1.0,1,1.0,1,1.0,1,0.267203201919295,47
926,2,2144,729,1415,0,0,0,1.0,1,1.0,1,1.0,1,0.2824343223074078,46
927,1,2145,729,1416,0,0,0,1.0,1,1.0,1,1.0,1,0.25397337511205265,45
928,1,2146,730,1416,0,0,0,1.0,1,1.0,1,1.0,1,0.2748961544323865,43
929,1,2147,731,1416,0,0,0,1.0,1,1.0,1,1.0,1,0.32642431289225776,42
930,1,2148,731,1417,0,0,0,1.0,1,1.0,1,1.0,1,0.3064368966194378,41
931,5,2153,733,1420,0,0,0,1.0,1,1.0,1,1.0,1,0.2967479552026159,40
932,3,2156,733,1423,0,0,0,1.0,1,1.0,1,1.0,1,0.22974052036073636,40
933,2,2158,735,1423,0,0,0,1.0,1,1.0,1,1.0,1,0.2513668296450607,39
934,1,2159,735,1424,0,0,0,1.0,1,1.0,1,1.0,1,0.23706666317879838,39
935,4,2163,737,1426,0,0,0,1.0,1,1.0,1,1.0,1,0.2995546616965511,41
936,2,2165,737,1428,0,0,0,1.0,1,1.0,1,1.0,1,0.261251772632542,42
937,1,2166,737,1429,0,0,0,1.0,1,1.0,1,1.0,1,0.26779331467805206,43
938,3,2169,738,1431,0,0,0,1.0,1,1.0,1,1.0,1,0.24048349420976975,44
939,1,2170,738,1432,0,0,0,1.0,1,1.0,1,1.0,1,0.2519602898158315,46
940,1,2171,739,1432,0,0,0,1.0,1,1.0,1,1.0,1,0.2510117640768365,46
941,1,2172,740,1432,0,0,0,1.0,1,1.0,1,1.0,1,0.27766226664337706,46
942,1,2173,741,1432,0,0,0,1.0,1,1.0,1,1.0,1,0.29255094408301585,46
943,4,2177,743,1434,0,0,0,1.0,1,1.0,1,1.0,1,0.28056661153384066,45
944,2,2179,744,1435,0,0,0,1.0,1,1.0,1,1.0,1,0.2742616021212872,45
945,3,2182,745,1437,0,0,0,1.0,1,1.0,1,1.0,1,0.27872633142907993,44
946,5,2187,747,1440,0,0,0,1.0,1,1.0,1,1.0,1,0.2864936776785233,46
947,3,2190,747,1443,0,0,0,1.0,1,1.0,1,1.0,1,0.27923321504886817,44
948,3,2193,748,1445,0,0,0,1.0,1,1.0,1,1.0,1,0.27484826519189387,44
949,8,2201,749,1452,0,0,0,1.0,1,1.0,1,1.0,1,0.32737099118285434,44
950,3,2204,749,1455,0,0,0,1.0,1,1.0,1,1.0,1,0.35484375414591857,43
951,4,2208,749,1459,0,0,0,1.0,1,1.0,1,1.0,1,0.355371286412171,42
952,3,2211,751,1460,0,0,0,1.0,1,1.0,1,1.0,1,0.382247712865536,42
953,2,2213,751,1462,0,0,0,1.0,1,1.0,1,1.0,1,0.3803796132661041,41
954,1,2214,751,1463,0,0,0,1.0,1,1.0,1,1.0,1,0.4058835844987302,40
955,6,2220,752,1468,0,0,0,1.0,1,1.0,1,1.0,1,0.3903637477692565,42
956,5,2225,753,1472,0,0,0,1.0,1,1.0,1,1.0,1,0.3658510406906455,43
957,1,2226,753,1473,0,0,0,1.0,1,1.0,1,1.0,1,0.37613178926982554,42
958,1,2227,753,1474,0,0,0,1.0,1,1.0,1,1.0,1,0.40696998986503624,43
959,2,2229,753,1476,0,0,0,1.0,1,1.0,1,1.0,1,0.38692220471008953,45
960,3,2232,754,1478,0,0,0,1.0,1,1.0,1,1.0,1,0.43435453840713517,47
961,5,2237,754,1483,0,0,0,1.0,1,1.0,1,1.0,1,0.30222018046840815,45
962,4,2241,756,1485,0,0,0,1.0,1,1.0,1,1.0,1,0.29702307581513604,45
963,3,2244,757,1487,0,0,0,1.0,1,1.0,1,1.0,1,0.28957494991728217,44
964,1,2245,757,1488,0,0,0,1.0,1,1.0,1,1.0,1,0.2739416811504973,44
965,2,2247,757,1490,0,0,0,1.0,1,1.0,1,1.0,1,0.2421224978291572,45
966,2,2249,758,1491,0,0,0,1.0,1,1.0,1,1.0,1,0.2749469070568015,43
967,1,2250,758,1492,0,0,0,1.0,1,1.0,1,1.0,1,0.27333293671534403,43
968,2,2252,758,1494,0,0,0,1.0,1,1.0,1,1.0,1,0.2531929881321525,43
969,1,2253,759,1494,0,0,0,1.0,1,1.0,1,1.0,1,0.2801527491934412,42
970,1,2254,759,1495,0,0,0,1.0,1,1.0,1,1.0,1,0.28242591087883046,42
971,1,2255,759,1496,0,0,0,1.0,1,1.0,1,1.0,1,0.2526478155628441,42
972,2,2257,760,1497,0,0,0,1.0,1,1.0,1,1.0,1,0.24296101295889755,42
973,0,2257,760,1497,0,0,0,1.0,1,1.0,1,1.0,1,0.23667214565903066,43
974,1,2258,761,1497,0,0,0,1.0,1,1.0,1,1.0,1,0.23007871311456107,43
975,0,2258,761,1497,0,0,0,1.0,1,1.0,1,1.0,1,0.2343309878098295,43
976,0,2258,761,1497,0,0,0,1.0,1,1.0,1,1.0,1,0.2469358411159003,45
977,0,2258,761,1497,0,0,0,1.0,1,1.0,1,1.0,1,0.25727044128744575,44
978,0,2258,761,1497,0,0,0,1.0,1,1.0,1,1.0,1,0.25727044128744575,44
979,0,2258,761,1497,0,0,0,1.0,1,1.0,1,1.0,1,0.27631099902690137,45
980,3,2261,763,1498,0,0,0,1.0,1,1.0,1,1.0,1,0.3198583291075694,45
981,1,2262,763,1499,0,0,0,1.0,1,1.0,1,1.0,1,0.3182840629738323,45
982,4,2266,766,1500,0,0,0,1.0,1,1.0,1,1.0,1,0.391242656740866,46
983,4,2270,768,1502,0,0,0,1.0,1,1.0,1,1.0,1,0.3882362754327189,45
984,0,2270,768,1502,0,0,0,1.0,1,1.0,1,1.0,1,0.3714698677978612,45
985,3,2273,771,1502,0,0,0,1.0,1,1.0,1,1.0,1,0.41621388026259015,45
986,1,2274,772,1502,0,0,0,1.0,1,1.0,1,1.0,1,0.41447034429714297,44
987,2,2276,773,1503,0,0,0,1.0,1,1.0,1,1.0,1,0.4370475544081248,45
988,2,2278,775,1503,0,0,0,1.0,1,1.0,1,1.0,1,0.46784680144285307,44
989,1,2279,776,1503,0,0,0,1.0,1,1.0,1,1.0,1,0.4824825785431515,43
990,3,2282,778,1504,0,0,0,1.0,1,1.0,1,1.0,1,0.44765518514675795,42
991,5,2287,778,1509,0,0,0,1.0,1,1.0,1,1.0,1,0.34230129036326173,42
992,1,2288,778,1510,0,0,0,1.0,1,1.0,1,1.0,1,0.3347195586276888,43
993,2,2290,780,1510,0,0,0,1.0,1,1.0,1,1.0,1,0.36341664084824443,43
994,2,2292,781,1511,0,0,0,1.0,1,1.0,1,1.0,1,0.3753542261107012,43
995,1,2293,781,1512,0,0,0,1.0,1,1.0,1,1.0,1,0.3492740337469145,43
996,3,2296,781,1515,0,0,0,1.0,1,1.0,1,1.0,1,0.29872404863960905,44
997,2,2298,782,1516,0,0,0,1.0,1,1.0,1,1.0,1,0.3143774633048504,44
998,0,2298,782,1516,0,0,0,1.0,1,1.0,1,1.0,1,0.32807089838490916,45
999,0,2298,782,1516,0,0,0,1.0,1,1.0,1,1.0,1,0.3372364416865746,42
1000,1,2299,782,1517,0,0,0,1.0,1,1.0,1,1.0,1,0.3410245520838755,43
1001,3,2302,782,1520,0,0,0,1.0,1,1.0,1,1.0,1,0.3046630014642824,42
1002,1,2303,782,1521,0,0,0,1.0,1,1.0,1,1.0,1,0.3010051807953956,43
1003,2,2305,782,1523,0,0,0,1.0,1,1.0,1,1.0,1,0.3010051807953956,43
1004,1,2306,782,1524,0,0,0,1.0,1,1.0,1,1.0,1,0.30004140070852847,43
1005,1,2307,782,1525,0,0,0,1.0,1,1.0,1,1.0,1,0.2954075441610259,44
1006,0,2307,782,1525,0,0,0,1.0,1,1.0,1,1.0,1,0.3104218699783705,46
1007,1,2308,782,1526,0,0,0,1.0,1,1.0,1,1.0,1,0.3065463936689839,46
1008,2,2310,783,1527,0,0,0,1.0,1,1.0,1,1.0,1,0.32120391590556413,47
1009,3,2313,783,1530,0,0,0,1.0,1,1.0,1,1.0,1,0.2618195784105084,48
1010,1,2314,783,1531,0,0,0,1.0,1,1.0,1,1.0,1,0.2873442751645424,48
1011,2,2316,783,1533,0,0,0,1.0,1,1.0,1,1.0,1,0.2873442751645424,48
1012,9,2325,785,1540,0,0,0,1.0,1,1.0,1,1.0,1,0.2685333627123663,49
1013,7,2332,786,1546,0,0,0,1.0,1,1.0,1,1.0,1,0.2882872567629054,50
1014,7,2339,787,1552,0,0,0,1.0,1,1.0,1,1.0,1,0.2674567543100609,50
1015,7,2346,787,1559,0,0,0,1.0,1,1.0,1,1.0,1,0.25327950899431323,51
1016,5,2351,788,1563,0,0,0,1.0,1,1.0,1,1.0,1,0.2448517912025872,51
1017,7,2358,788,1570,0,0,0,1.0,1,1.0,1,1.0,1,0.27511518433926807,52
1018,7,2365,789,1576,0,0,0,1.0,1,1.0,1,1.0,1,0.2324393189380214,52
1019,4,2369,789,1580,0,0,0,1.0,1,1.0,1,1.0,1,0.28626492025135364,52
1020,9,2378,789,1589,0,0,0,1.0,1,1.0,1,1.0,1,0.2669933313460596,53
1021,4,2382,789,1593,0,0,0,1.0,1,1.0,1,1.0,1,0.1606412604760513,53
1022,0,2382,789,1593,0,0,0,1.0,1,1.0,1,1.0,1,0.15566348460207577,54
1023,1,2383,790,1593,0,0,0,1.0,1,1.0,1,1.0,1,0.17746325394273593,55
1024,0,2383,790,1593,0,0,0,1.0,1,1.0,1,1.0,1,0.1717418445706903,55
1025,2,2385,790,1595,0,0,0,1.0,1,1.0,1,1.0,1,0.16016886802241276,56
1026,0,2385,790,1595,0,0,0,1.0,1,1.0,1,1.0,1,0.1703448294356534,57
1027,0,2385,790,1595,0,0,0,1.0,1,1.0,1,1.0,1,0.17891052784546774,58
1028,0,2385,790,1595,0,0,0,1.0,1,1.0,1,1.0,1,0.17891052784546774,58
1029,1,2386,790,1596,0,0,0,1.0,1,1.0,1,1.0,1,0.1730924672369621,59
1030,1,2387,790,1597,0,0,0,1.0,1,1.0,1,1.0,1,0.1628891996771262,60
1031,4,2391,792,1599,0,0,0,1.0,1,1.0,1,1.0,1,0.13588749504378922,60
1032,2,2393,793,1600,0,0,0,1.0,1,1.0,1,1.0,1,0.16002184930943578,61
1033,1,2394,793,1601,0,0,0,1.0,1,1.0,1,1.0,1,0.13057940810867066,60
1034,3,2397,796,1601,0,0,0,1.0,1,1.0,1,1.0,1,0.15234360869226307,60
1035,2,2399,798,1601,0,0,0,1.0,1,1.0,1,1.0,1,0.16368885909753203,59
1036,3,2402,800,1602,0,0,0,1.0,1,1.0,1,1.0,1,0.18707813210149066,60
1037,3,2405,803,1602,0,0,0,1.0,1,1.0,1,1.0,1,0.1766552219470177,59
1038,4,2409,806,1603,0,0,0,1.0,1,1.0,1,1.0,1,0.195310344413404,60
1039,5,2414,808,1606,0,0,0,1.0,1,1.0,1,1.0,1,0.26002621883686855,60
1040,2,2416,808,1608,0,0,0,1.0,1,1.0,1,1.0,1,0.2530908665992029,58
1041,1,2417,809,1608,0,0,0,1.0,1,1.0,1,1.0,1,0.2553387168367844,56
1042,1,2418,809,1609,0,0,0,1.0,1,1.0,1,1.0,1,0.2379676611107345,55
1043,0,2418,809,1609,0,0,0,1.0,1,1.0,1,1.0,1,0.2379676611107345,55
1044,4,2422,811,1611,0,0,0,1.0,1,1.0,1,1.0,1,0.2365310032629742,52
1045,0,2422,811,1611,0,0,0,1.0,1,1.0,1,1.0,1,0.233033348984043,52
1046,3,2425,812,1613,0,0,0,1.0,1,1.0,1,1.0,1,0.2464793491348345,53
1047,1,2426,812,1614,0,0,0,1.0,1,1.0,1,1.0,1,0.2153638642926167,54
1048,2,2428,814,1614,0,0,0,1.0,1,1.0,1,1.0,1,0.2710937421440727,56
1049,2,2430,815,1615,0,0,0,1.0,1,1.0,1,1.0,1,0.26826522303699135,55
1050,2,2432,815,1617,0,0,0,1.0,1,1.0,1,1.0,1,0.26448140491038546,56
1051,7,2439,815,1624,0,0,0,1.0,1,1.0,1,1.0,1,0.16017587937258998,55
1052,1,2440,816,1624,0,0,0,1.0,1,1.0,1,1.0,1,0.18164391432079927,56
1053,0,2440,816,1624,0,0,0,1.0,1,1.0,1,1.0,1,0.18164391432079927,56
1054,0,2440,816,1624,0,0,0,1.0,1,1.0,1,1.0,1,0.16789100967938456,57
1055,0,2440,816,1624,0,0,0,1.0,1,1.0,1,1.0,1,0.17952806360593215,58
1056,4,2444,816,1628,0,0,0,1.0,1,1.0,1,1.0,1,0.10494107437111765,59
1057,1,2445,816,1629,0,0,0,1.0,1,1.0,1,1.0,1,0.11392976164631795,60
1058,6,2451,819,1632,0,0,0,1.0,1,1.0,1,1.0,1,0.16765900864916986,60
1059,2,2453,819,1634,0,0,0,1.0,1,1.0,1,1.0,1,0.16955625878279665,60
1060,2,2455,820,1635,0,0,0,1.0,1,1.0,1,1.0,1,0.2023617402341646,60
1061,4,2459,823,1636,0,0,0,1.0,1,1.0,1,1.0,1,0.23508098643022732,59
1062,6,2465,824,1641,0,0,0,1.0,1,1.0,1,1.0,1,0.27054815630434903,59
1063,5,2470,827,1643,0,0,0,1.0,1,1.0,1,1.0,1,0.30394067147384485,58
1064,5,2475,828,1647,0,0,0,1.0,1,1.0,1,1.0,1,0.3011360411420442,58
1065,2,2477,828,1649,0,0,0,1.0,1,1.0,1,1.0,1,0.2819865013806063,60
1066,3,2480,829,1651,0,0,0,1.0,1,1.0,1,1.0,1,0.30135398785518086,58
1067,3,2483,830,1653,0,0,0,1.0,1,1.0,1,1.0,1,0.3243790374306132,59
1068,4,2487,830,1657,0,0,0,1.0,1,1.0,1,1.0,1,0.32634942799003197,59
1069,6,2493,831,1662,0,0,0,1.0,1,1.0,1,1.0,1,0.33603942307511475,58
1070,2,2495,832,1663,0,0,0,1.0,1,1.0,1,1.0,1,0.3334513123994262,58
1071,3,2498,834,1664,0,0,0,1.0,1,1.0,1,1.0,1,0.325720233739441,57
1072,1,2499,834,1665,0,0,0,1.0,1,1.0,1,1.0,1,0.31917453385557776,56
1073,1,2500,834,1666,0,0,0,1.0,1,1.0,1,1.0,1,0.3205267579533383,54
1074,1,2501,835,1666,0,0,0,1.0,1,1.0,1,1.0,1,0.3247628963144027,54
1075,1,2502,836,1666,0,0,0,1.0,1,1.0,1,1.0,1,0.3278940874122815,51
1076,1,2503,836,1667,0,0,0,1.0,1,1.0,1,1.0,1,0.3239139018958674,51
1077,1,2504,837,1667,0,0,0,1.0,1,1.0,1,1.0,1,0.3235257982334025,51
1078,5,2509,840,1669,0,0,0,1.0,1,1.0,1,1.0,1,0.3301731144547406,52
1079,4,2513,842,1671,0,0,0,1.0,1,1.0,1,1.0,1,0.3131290273023525,51
1080,2,2515,844,1671,0,0,0,1.0,1,1.0,1,1.0,1,0.29964941257703614,51
1081,5,2520,844,1676,0,0,0,1.0,1,1.0,1,1.0,1,0.20178322354231357,48
1082,2,2522,845,1677,0,0,0,1.0,1,1.0,1,1.0,1,0.19548462114028103,47
1083,2,2524,846,1678,0,0,0,1.0,1,1.0,1,1.0,1,0.24689350619085554,46
1084,1,2525,846,1679,0,0,0,1.0,1,1.0,1,1.0,1,0.24170181093075446,45
1085,2,2527,847,1680,0,0,0,1.0,1,1.0,1,1.0,1,0.24752841837845305,46
1086,0,2527,847,1680,0,0,0,1.0,1,1.0,1,1.0,1,0.23679491865248722,45
1087,0,2527,847,1680,0,0,0,1.0,1,1.0,1,1.0,1,0.26272285290726394,44
1088,2,2529,849,1680,0,0,0,1.0,1,1.0,1,1.0,1,0.2251201489147648,45
1089,2,2531,851,1680,0,0,0,1.0,1,1.0,1,1.0,1,0.23613049419513393,46
1090,0,2531,851,1680,0,0,0,1.0,1,1.0,1,1.0,1,0.23702279752113634,47
1091,1,2532,852,1680,0,0,0,1.0,1,1.0,1,1.0,1,0.25124713262603804,47
1092,0,2532,852,1680,0,0,0,1.0,1,1.0,1,1.0,1,0.23803571431023474,48
1093,1,2533,853,1680,0,0,0,1.0,1,1.0,1,1.0,1,0.26093820014106917,48
1094,3,2536,856,1680,0,0,0,1.0,1,1.0,1,1.0,1,0.28128434162248667,48
1095,2,2538,856,1682,0,0,0,1.0,1,1.0,1,1.0,1,0.29063921474784815,49
1096,2,2540,857,1683,0,0,0,1.0,1,1.0,1,1.0,1,0.2739968247659592,49
1097,7,2547,859,1688,0,0,0,1.0,1,1.0,1,1.0,1,0.2408814022853878,50
1098,4,2551,859,1692,0,0,0,1.0,1,1.0,1,1.0,1,0.23233515719229905,51
1099,1,2552,860,1692,0,0,0,1.0,1,1.0,1,1.0,1,0.21934841146170592,54
1100,3,2555,861,1694,0,0,0,1.0,1,1.0,1,1.0,1,0.21788695418156548,54
1101,2,2557,861,1696,0,0,0,1.0,1,1.0,1,1.0,1,0.21813218388550665,54
1102,1,2558,862,1696,0,0,0,1.0,1,1.0,1,1.0,1,0.2544779778430121,54
1103,4,2562,864,1698,0,0,0,1.0,1,1.0,1,1.0,1,0.2119805400133615,53
1104,1,2563,865,1698,0,0,0,1.0,1,1.0,1,1.0,1,0.18648535785972792,53
1105,1,2564,866,1698,0,0,0,1.0,1,1.0,1,1.0,1,0.20104128797040383,52
1106,0,2564,866,1698,0,0,0,1.0,1,1.0,1,1.0,1,0.21652724543785504,52
1107,5,2569,867,1702,0,0,0,1.0,1,1.0,1,1.0,1,0.2347765863144962,52
1108,2,2571,869,1702,0,0,0,1.0,1,1.0,1,1.0,1,0.25137513981828785,51
1109,3,2574,872,1702,0,0,0,1.0,1,1.0,1,1.0,1,0.27522423452911915,49
1110,1,2575,873,1702,0,0,0,1.0,1,1.0,1,1.0,1,0.2969122053977892,48
1111,6,2581,876,1705,0,0,0,1.0,1,1.0,1,1.0,1,0.34130738007818945,47
1112,0,2581,876,1705,0,0,0,1.0,1,1.0,1,1.0,1,0.34348480607837095,46
1113,3,2584,878,1706,0,0,0,1.0,1,1.0,1,1.0,1,0.35439468579467764,43
1114,1,2585,879,1706,0,0,0,1.0,1,1.0,1,1.0,1,0.3741590799862106,41
1115,2,2587,881,1706,0,0,0,1.0,1,1.0,1,1.0,1,0.36170520424200153,40
1116,1,2588,881,1707,0,0,0,1.0,1,1.0,1,1.0,1,0.3300893010296903,39
1117,3,2591,883,1708,0,0,0,1.0,1,1.0,1,1.0,1,0.30961561713935853,40
1118,2,2593,884,1709,0,0,0,1.0,1,1.0,1,1.0,1,0.3007048443647317,40
1119,4,2597,884,1713,0,0,0,1.0,1,1.0,1,1.0,1,0.2631605318673276,40
1120,0,2597,884,1713,0,0,0,1.0,1,1.0,1,1.0,1,0.2631605318673276,40
1121,5,2602,888,1714,0,0,0,1.0,1,1.0,1,1.0,1,0.3005847322084727,40
1122,0,2602,888,1714,0,0,0,1.0,1,1.0,1,1.0,1,0.30960664429261286,41
1123,2,2604,890,1714,0,0,0,1.0,1,1.0,1,1.0,1,0.3707014838878465,41
1124,2,2606,890,1716,0,0,0,1.0,1,1.0,1,1.0,1,0.35041474116434873,41
1125,1,2607,890,1717,0,0,0,1.0,1,1.0,1,1.0,1,0.34097552710556345,41
1126,1,2608,891,1717,0,0,0,1.0,1,1.0,1,1.0,1,0.30114427691508533,41
1127,1,2609,891,1718,0,0,0,1.0,1,1.0,1,1.0,1,0.29093243751523845,41
1128,1,2610,891,1719,0,0,0,1.0,1,1.0,1,1.0,1,0.28272919419760795,42
1129,0,2610,891,1719,0,0,0,1.0,1,1.0,1,1.0,1,0.28272919419760795,42
1130,0,2610,891,1719,0,0,0,1.0,1,1.0,1,1.0,1,0.28272919419760795,42
1131,0,2610,891,1719,0,0,0,1.0,1,1.0,1,1.0,1,0.28272919419760795,42
1132,0,2610,891,1719,0,0,0,1.0,1,1.0,1,1.0,1,0.24804036293869164,43
1133,3,2613,892,1721,0,0,0,1.0,1,1.0,1,1.0,1,0.20970326107029771,45
1134,0,2613,892,1721,0,0,0,1.0,1,1.0,1,1.0,1,0.21933495975449535,46
1135,1,2614,892,1722,0,0,0,1.0,1,1.0,1,1.0,1,0.22099071942929438,45
1136,0,2614,892,1722,0,0,0,1.0,1,1.0,1,1.0,1,0.24619339970853601,48
1137,2,2616,892,1724,0,0,0,1.0,1,1.0,1,1.0,1,0.23377138758176208,49
1138,0,2616,892,1724,0,0,0,1.0,1,1.0,1,1.0,1,0.23377138758176208,49
1139,0,2616,892,1724,0,0,0,1.0,1,1.0,1,1.0,1,0.2755710375998495,49
1140,1,2617,893,1724,0,0,0,1.0,1,1.0,1,1.0,1,0.28526134618290927,49
1141,9,2626,895,1731,0,0,0,1.0,1,1.0,1,1.0,1,0.20069016210833812,48
1142,3,2629,898,1731,0,0,0,1.0,1,1.0,1,1.0,1,0.2142990593602265,48
1143,3,2632,901,1731,0,0,0,1.0,1,1.0,1,1.0,1,0.2469020520349764,48
1144,5,2637,905,1732,0,0,0,1.0,1,1.0,1,1.0,1,0.20570414395775088,48
1145,2,2639,906,1733,0,0,0,1.0,1,1.0,1,1.0,1,0.22078171812732014,48
1146,2,2641,908,1733,0,0,0,1.0,1,1.0,1,1.0,1,0.2818653061381778,48
1147,0,2641,908,1733,0,0,0,1.0,1,1.0,1,1.0,1,0.2970557437890665,46
1148,2,2643,910,1733,0,0,0,1.0,1,1.0,1,1.0,1,0.30565189047462493,46
1149,1,2644,911,1733,0,0,0,1.0,1,1.0,1,1.0,1,0.3426966879554742,45
1150,2,2646,912,1734,0,0,0,1.0,1,1.0,1,1.0,1,0.33251299305976495,46
1151,3,2649,915,1734,0,0,0,1.0,1,1.0,1,1.0,1,0.36750935370969684,44
1152,2,2651,915,1736,0,0,0,1.0,1,1.0,1,1.0,1,0.36289855721561864,44
1153,4,2655,917,1738,0,0,0,1.0,1,1.0,1,1.0,1,0.3514818974194954,43
1154,1,2656,918,1738,0,0,0,1.0,1,1.0,1,1.0,1,0.35190849655947426,43
1155,1,2657,919,1738,0,0,0,1.0,1,1.0,1,1.0,1,0.3204552004912507,43
1156,0,2657,919,1738,0,0,0,1.0,1,1.0,1,1.0,1,0.3160954778180647,42
1157,4,2661,921,1740,0,0,0,1.0,1,1.0,1,1.0,1,0.2910038222208238,42
1158,0,2661,921,1740,0,0,0,1.0,1,1.0,1,1.0,1,0.2794349896382438,41
1159,0,2661,921,1740,0,0,0,1.0,1,1.0,1,1.0,1,0.2808222685304122,41
1160,0,2661,921,1740,0,0,0,1.0,1,1.0,1,1.0,1,0.2808222685304122,41
1161,1,2662,921,1741,0,0,0,1.0,1,1.0,1,1.0,1,0.2984225649392913,42
1162,0,2662,921,1741,0,0,0,1.0,1,1.0,1,1.0,1,0.296616634739691,43
1163,0,2662,921,1741,0,0,0,1.0,1,1.0,1,1.0,1,0.296616634739691,43
1164,0,2662,921,1741,0,0,0,1.0,1,1.0,1,1.0,1,0.2883467328274904,44
1165,0,2662,921,1741,0,0,0,1.0,1,1.0,1,1.0,1,0.2883467328274904,44
1166,2,2664,922,1742,0,0,0,1.0,1,1.0,1,1.0,1,0.3088696066623735,46
1167,1,2665,922,1743,0,0,0,1.0,1,1.0,1,1.0,1,0.2720810639972476,46
1168,0,2665,922,1743,0,0,0,1.0,1,1.0,1,1.0,1,0.27185395023399894,47
1169,3,2668,925,1743,0,0,0,1.0,1,1.0,1,1.0,1,0.2652599936102743,46
1170,0,2668,925,1743,0,0,0,1.0,1,1.0,1,1.0,1,0.2700231649002906,48
1171,8,2676,927,1749,0,0,0,1.0,1,1.0,1,1.0,1,0.18935347254546867,49
1172,0,2676,927,1749,0,0,0,1.0,1,1.0,1,1.0,1,0.18935347254546867,49
1173,0,2676,927,1749,0,0,0,1.0,1,1.0,1,1.0,1,0.18935347254546867,49
1174,1,2677,928,1749,0,0,0,1.0,1,1.0,1,1.0,1,0.2050642647037216,49
1175,0,2677,928,1749,0,0,0,1.0,1,1.0,1,1.0,1,0.21383521822542897,50
1176,2,2679,928,1751,0,0,0,1.0,1,1.0,1,1.0,1,0.22117368386770914,52
1177,1,2680,929,1751,0,0,0,1.0,1,1.0,1,1.0,1,0.2300932749199136,52
1178,0,2680,929,1751,0,0,0,1.0,1,1.0,1,1.0,1,0.2300932749199136,52
1179,0,2680,929,1751,0,0,0,1.0,1,1.0,1,1.0,1,0.21789531820759797,53
1180,1,2681,929,1752,0,0,0,1.0,1,1.0,1,1.0,1,0.2022074860195157,54
1181,1,2682,929,1753,0,0,0,1.0,1,1.0,1,1.0,1,0.20253207086023062,55
1182,2,2684,931,1753,0,0,0,1.0,1,1.0,1,1.0,1,0.20482135104912497,55
1183,1,2685,932,1753,0,0,0,1.0,1,1.0,1,1.0,1,0.2364330777049663,53
1184,2,2687,933,1754,0,0,0,1.0,1,1.0,1,1.0,1,0.2277293958373269,54
1185,0,2687,933,1754,0,0,0,1.0,1,1.0,1,1.0,1,0.23270447848000478,53
1186,4,2691,934,1757,0,0,0,1.0,1,1.0,1,1.0,1,0.22865534883547264,54
1187,3,2694,935,1759,0,0,0,1.0,1,1.0,1,1.0,1,0.26932093685150904,55
1188,2,2696,935,1761,0,0,0,1.0,1,1.0,1,1.0,1,0.2653764185217093,55
1189,1,2697,935,1762,0,0,0,1.0,1,1.0,1,1.0,1,0.25039453064358486,54
1190,2,2699,936,1763,0,0,0,1.0,1,1.0,1,1.0,1,0.24018858922540903,55
1191,0,2699,936,1763,0,0,0,1.0,1,1.0,1,1.0,1,0.22889709557089113,54
1192,2,2701,937,1764,0,0,0,1.0,1,1.0,1,1.0,1,0.204575803176366,52
1193,0,2701,937,1764,0,0,0,1.0,1,1.0,1,1.0,1,0.21548599989435452,53
1194,1,2702,938,1764,0,0,0,1.0,1,1.0,1,1.0,1,0.19340997515628358,53
1195,2,2704,940,1764,0,0,0,1.0,1,1.0,1,1.0,1,0.17397488427694613,54
1196,4,2708,941,1767,0,0,0,1.0,1,1.0,1,1.0,1,0.14715000912866086,56
1197,4,2712,943,1769,0,0,0,1.0,1,1.0,1,1.0,1,0.15449615214116336,56
1198,4,2716,944,1772,0,0,0,1.0,1,1.0,1,1.0,1,0.15867377049734613,58
1199,3,2719,945,1774,0,0,0,1.0,1,1.0,1,1.0,1,0.18660821413134918,58
1200,1,2720,945,1775,0,0,0,1.0,1,1.0,1,1.0,1,0.16670316812478161,58
1201,6,2726,947,1779,0,0,0,1.0,1,1.0,1,1.0,1,0.15467416094366496,58
1202,0,2726,947,1779,0,0,0,1.0,1,1.0,1,1.0,1,0.1431625172140453,60
1203,0,2726,947,1779,0,0,0,1.0,1,1.0,1,1.0,1,0.14024717123554326,58
1204,2,2728,948,1780,0,0,0,1.0,1,1.0,1,1.0,1,0.16208816001761847,59
1205,2,2730,949,1781,0,0,0,1.0,1,1.0,1,1.0,1,0.1598532151481316,59
1206,0,2730,949,1781,0,0,0,1.0,1,1.0,1,1.0,1,0.18164094436307182,58
1207,1,2731,949,1782,0,0,0,1.0,1,1.0,1,1.0,1,0.1900643084708919,60
1208,0,2731,949,1782,0,0,0,1.0,1,1.0,1,1.0,1,0.1900643084708919,60
1209,0,2731,949,1782,0,0,0,1.0,1,1.0,1,1.0,1,0.199567833081643,61
1210,0,2731,949,1782,0,0,0,1.0,1,1.0,1,1.0,1,0.199567833081643,61
1211,0,2731,949,1782,0,0,0,1.0,1,1.0,1,1.0,1,0.18654301368395418,63
1212,3,2734,950,1784,0,0,0,1.0,1,1.0,1,1.0,1,0.16557382832354012,63
1213,2,2736,951,1785,0,0,0,1.0,1,1.0,1,1.0,1,0.20497116135480412,63
1214,1,2737,951,1786,0,0,0,1.0,1,1.0,1,1.0,1,0.21291001815609215,62
1215,3,2740,951,1789,0,0,0,1.0,1,1.0,1,1.0,1,0.21285650992799743,63
1216,4,2744,951,1793,0,0,0,1.0,1,1.0,1,1.0,1,0.241525206403096,64
1217,4,2748,951,1797,0,0,0,1.0,1,1.0,1,1.0,1,0.23013294731698453,65
1218,2,2750,951,1799,0,0,0,1.0,1,1.0,1,1.0,1,0.24586888889752304,64
1219,3,2753,951,1802,0,0,0,1.0,1,1.0,1,1.0,1,0.250399566335854,65
1220,3,2756,952,1804,0,0,0,1.0,1,1.0,1,1.0,1,0.2581891997443772,64
1221,2,2758,952,1806,0,0,0,1.0,1,1.0,1,1.0,1,0.23768096082389256,65
1222,3,2761,952,1809,0,0,0,1.0,1,1.0,1,1.0,1,0.24571960593400197,66
1223,2,2763,953,1810,0,0,0,1.0,1,1.0,1,1.0,1,0.2191886106781252,64
1224,4,2767,954,1813,0,0,0,1.0,1,1.0,1,1.0,1,0.22189053744757606,66
1225,5,2772,957,1815,0,0,0,1.0,1,1.0,1,1.0,1,0.2490993870983517,66
1226,10,2782,958,1824,0,0,0,1.0,1,1.0,1,1.0,1,0.221941714999901,68
1227,3,2785,959,1826,0,0,0,1.0,1,1.0,1,1.0,1,0.204638094571257,64
1228,2,2787,960,1827,0,0,0,1.0,1,1.0,1,1.0,1,0.21757824284204735,62
1229,2,2789,961,1828,0,0,0,1.0,1,1.0,1,1.0,1,0.23629677144411387,61
1230,1,2790,962,1828,0,0,0,1.0,1,1.0,1,1.0,1,0.2716774265432024,58
1231,8,2798,963,1835,0,0,0,1.0,1,1.0,1,1.0,1,0.17373060215942002,57
1232,1,2799,964,1835,0,0,0,1.0,1,1.0,1,1.0,1,0.19262434544137166,53
1233,2,2801,966,1835,0,0,0,1.0,1,1.0,1,1.0,1,0.21296805277410982,53
1234,0,2801,966,1835,0,0,0,1.0,1,1.0,1,1.0,1,0.21246400416504393,54
1235,1,2802,966,1836,0,0,0,1.0,1,1.0,1,1.0,1,0.21977284613053244,55
1236,3,2805,968,1837,0,0,0,1.0,1,1.0,1,1.0,1,0.24018662315997358,55
1237,1,2806,969,1837,0,0,0,1.0,1,1.0,1,1.0,1,0.25204641442557685,55
1238,2,2808,971,1837,0,0,0,1.0,1,1.0,1,1.0,1,0.2559227803810164,54
1239,4,2812,971,1841,0,0,0,1.0,1,1.0,1,1.0,1,0.1849692183580012,55
1240,1,2813,972,1841,0,0,0,1.0,1,1.0,1,1.0,1,0.1772047282460552,55
1241,1,2814,973,1841,0,0,0,1.0,1,1.0,1,1.0,1,0.17644375893001532,54
1242,0,2814,973,1841,0,0,0,1.0,1,1.0,1,1.0,1,0.19301835730105496,54
1243,2,2816,974,1842,0,0,0,1.0,1,1.0,1,1.0,1,0.19229173542751501,55
1244,0,2816,974,1842,0,0,0,1.0,1,1.0,1,1.0,1,0.2062155659332011,55
1245,1,2817,974,1843,0,0,0,1.0,1,1.0,1,1.0,1,0.1967628149896639,55
1246,3,2820,976,1844,0,0,0,1.0,1,1.0,1,1.0,1,0.2597657266005168,55
1247,3,2823,977,1846,0,0,0,1.0,1,1.0,1,1.0,1,0.2389726646856938,57
1248,1,2824,977,1847,0,0,0,1.0,1,1.0,1,1.0,1,0.2561384716407528,56
1249,2,2826,979,1847,0,0,0,1.0,1,1.0,1,1.0,1,0.24986311200721892,56
1250,1,2827,980,1847,0,0,0,1.0,1,1.0,1,1.0,1,0.2533086121581396,56
1251,0,2827,980,1847,0,0,0,1.0,1,1.0,1,1.0,1,0.24165806643002585,58
1252,2,2829,981,1848,0,0,0,1.0,1,1.0,1,1.0,1,0.257543006939665,58
1253,1,2830,982,1848,0,0,0,1.0,1,1.0,1,1.0,1,0.2642932959451655,58
1254,0,2830,982,1848,0,0,0,1.0,1,1.0,1,1.0,1,0.23350744689655278,60
1255,1,2831,983,1848,0,0,0,1.0,1,1.0,1,1.0,1,0.2447831110793605,61
1256,0,2831,983,1848,0,0,0,1.0,1,1.0,1,1.0,1,0.2447831110793605,61
1257,2,2833,984,1849,0,0,0,1.0,1,1.0,1,1.0,1,0.24255755390749362,62
1258,0,2833,984,1849,0,0,0,1.0,1,1.0,1,1.0,1,0.24707024224103868,63
1259,0,2833,984,1849,0,0,0,1.0,1,1.0,1,1.0,1,0.24707024224103868,63
1260,0,2833,984,1849,0,0,0,1.0,1,1.0,1,1.0,1,0.2348036234393784,63
1261,7,2840,986,1854,0,0,0,1.0,1,1.0,1,1.0,1,0.15950328847380077,63
1262,2,2842,987,1855,0,0,0,1.0,1,1.0,1,1.0,1,0.14157938061897096,64
1263,4,2846,989,1857,0,0,0,1.0,1,1.0,1,1.0,1,0.15515445592913546,63
1264,3,2849,992,1857,0,0,0,1.0,1,1.0,1,1.0,1,0.1835192595643567,63
1265,4,2853,994,1859,0,0,0,1.0,1,1.0,1,1.0,1,0.18618237501600626,60
1266,5,2858,998,1860,0,0,0,1.0,1,1.0,1,1.0,1,0.23532121120474747,61
1267,4,2862,1000,1862,0,0,0,1.0,1,1.0,1,1.0,1,0.2565725314160633,58
1268,2,2864,1001,1863,0,0,0,1.0,1,1.0,1,1.0,1,0.273853858548666,54
1269,2,2866,1003,1863,0,0,0,1.0,1,1.0,1,1.0,1,0.27235058546165175,54
1270,1,2867,1004,1863,0,0,0,1.0,1,1.0,1,1.0,1,0.2800362956490927,51
1271,0,2867,1004,1863,0,0,0,1.0,1,1.0,1,1.0,1,0.2921116842583573,50
1272,0,2867,1004,1863,0,0,0,1.0,1,1.0,1,1.0,1,0.28631357799874835,47
1273,0,2867,1004,1863,0,0,0,1.0,1,1.0,1,1.0,1,0.28631357799874835,47
1274,1,2868,1005,1863,0,0,0,1.0,1,1.0,1,1.0,1,0.329707875246588,49
1275,2,2870,1007,1863,0,0,0,1.0,1,1.0,1,1.0,1,0.36220402119653866,48
1276,3,2873,1009,1864,0,0,0,1.0,1,1.0,1,1.0,1,0.3769727541426024,49
1277,3,2876,1012,1864,0,0,0,1.0,1,1.0,1,1.0,1,0.4122323396948957,50
1278,3,2879,1013,1866,0,0,0,1.0,1,1.0,1,1.0,1,0.39435031034652474,51
1279,1,2880,1013,1867,0,0,0,1.0,1,1.0,1,1.0,1,0.37523506752441177,51
1280,0,2880,1013,1867,0,0,0,1.0,1,1.0,1,1.0,1,0.3519457699199494,52
1281,0,2880,1013,1867,0,0,0,1.0,1,1.0,1,1.0,1,0.3519457699199494,52
1282,3,2883,1016,1867,0,0,0,1.0,1,1.0,1,1.0,1,0.38238655461593357,52
1283,1,2884,1017,1867,0,0,0,1.0,1,1.0,1,1.0,1,0.4041000105623618,52
1284,1,2885,1018,1867,0,0,0,1.0,1,1.0,1,1.0,1,0.40916645825090336,52
1285,0,2885,1018,1867,0,0,0,1.0,1,1.0,1,1.0,1,0.431231961622864,51
1286,2,2887,1018,1869,0,0,0,1.0,1,1.0,1,1.0,1,0.4240056210604715,52
1287,3,2890,1018,1872,0,0,0,1.0,1,1.0,1,1.0,1,0.40898259216531563,54
1288,3,2893,1018,1875,0,0,0,1.0,1,1.0,1,1.0,1,0.37608222093706384,55
1289,3,2896,1018,1878,0,0,0,1.0,1,1.0,1,1.0,1,0.3225452832194581,56
1290,2,2898,1018,1880,0,0,0,1.0,1,1.0,1,1.0,1,0.29096496546173645,57
1291,7,2905,1018,1887,0,0,0,1.0,1,1.0,1,1.0,1,0.18805324592408015,58
1292,0,2905,1018,1887,0,0,0,1.0,1,1.0,1,1.0,1,0.17532853317799058,59
1293,0,2905,1018,1887,0,0,0,1.0,1,1.0,1,1.0,1,0.17532853317799058,59
1294,2,2907,1019,1888,0,0,0,1.0,1,1.0,1,1.0,1,0.19317756660728708,59
1295,3,2910,1020,1890,0,0,0,1.0,1,1.0,1,1.0,1,0.21185048891620326,59
1296,3,2913,1020,1893,0,0,0,1.0,1,1.0,1,1.0,1,0.226461475469098,59
1297,3,2916,1021,1895,0,0,0,1.0,1,1.0,1,1.0,1,0.2290135759303585,61
1298,3,2919,1021,1898,0,0,0,1.0,1,1.0,1,1.0,1,0.19048415440791944,61
1299,2,2921,1021,1900,0,0,0,1.0,1,1.0,1,1.0,1,0.21601135114464376,60
1300,3,2924,1021,1903,0,0,0,1.0,1,1.0,1,1.0,1,0.22635320535285416,59
1301,3,2927,1022,1905,0,0,0,1.0,1,1.0,1,1.0,1,0.2833733044375558,59
1302,6,2933,1025,1908,0,0,0,1.0,1,1.0,1,1.0,1,0.23663424258451018,59
1303,7,2940,1029,1911,0,0,0,1.0,1,1.0,1,1.0,1,0.28870634947480056,55
1304,4,2944,1032,1912,0,0,0,1.0,1,1.0,1,1.0,1,0.2614230438695694,56
1305,2,2946,1033,1913,0,0,0,1.0,1,1.0,1,1.0,1,0.2931662216907547,54
1306,2,2948,1034,1914,0,0,0,1.0,1,1.0,1,1.0,1,0.2893567735165808,53
1307,2,2950,1036,1914,0,0,0,1.0,1,1.0,1,1.0,1,0.24998013630350613,52
1308,1,2951,1037,1914,0,0,0,1.0,1,1.0,1,1.0,1,0.23543124999458448,52
1309,3,2954,1039,1915,0,0,0,1.0,1,1.0,1,1.0,1,0.21434827947382817,54
1310,4,2958,1041,1917,0,0,0,1.0,1,1.0,1,1.0,1,0.2300502671734002,52
1311,2,2960,1042,1918,0,0,0,1.0,1,1.0,1,1.0,1,0.2351725182372926,51
1312,2,2962,1044,1918,0,0,0,1.0,1,1.0,1,1.0,1,0.3001523373080699,49
1313,0,2962,1044,1918,0,0,0,1.0,1,1.0,1,1.0,1,0.3080309168053847,47
1314,1,2963,1045,1918,0,0,0,1.0,1,1.0,1,1.0,1,0.28768609643736615,46
1315,1,2964,1046,1918,0,0,0,1.0,1,1.0,1,1.0,1,0.31173784572010677,45
1316,2,2966,1047,1919,0,0,0,1.0,1,1.0,1,1.0,1,0.2580085632378269,46
1317,0,2966,1047,1919,0,0,0,1.0,1,1.0,1,1.0,1,0.24257368697119538,45
1318,1,2967,1047,1920,0,0,0,1.0,1,1.0,1,1.0,1,0.25471971283597317,46
1319,1,2968,1048,1920,0,0,0,1.0,1,1.0,1,1.0,1,0.24928131182450725,46
1320,1,2969,1049,1920,0,0,0,1.0,1,1.0,1,1.0,1,0.22470575642707558,46
1321,3,2972,1049,1923,0,0,0,1.0,1,1.0,1,1.0,1,0.1404337383506817,48
1322,2,2974,1050,1924,0,0,0,1.0,1,1.0,1,1.0,1,0.15690628597195233,49
1323,0,2974,1050,1924,0,0,0,1.0,1,1.0,1,1.0,1,0.16490451114736826,49
1324,2,2976,1051,1925,0,0,0,1.0,1,1.0,1,1.0,1,0.16526193882950255,50
1325,0,2976,1051,1925,0,0,0,1.0,1,1.0,1,1.0,1,0.16687318533602066,49
1326,1,2977,1052,1925,0,0,0,1.0,1,1.0,1,1.0,1,0.21835821135030087,50
1327,2,2979,1052,1927,0,0,0,1.0,1,1.0,1,1.0,1,0.23143476387555298,50
1328,0,2979,1052,1927,0,0,0,1.0,1,1.0,1,1.0,1,0.25874131342657897,49
1329,1,2980,1052,1928,0,0,0,1.0,1,1.0,1,1.0,1,0.22794220616791153,50
1330,0,2980,1052,1928,0,0,0,1.0,1,1.0,1,1.0,1,0.22794220616791153,50
1331,4,2984,1053,1931,0,0,0,1.0,1,1.0,1,1.0,1,0.22525754874318332,50
1332,3,2987,1054,1933,0,0,0,1.0,1,1.0,1,1.0,1,0.1709331665435683,51
1333,2,2989,1055,1934,0,0,0,1.0,1,1.0,1,1.0,1,0.1891458705413936,52
1334,0,2989,1055,1934,0,0,0,1.0,1,1.0,1,1.0,1,0.20252388241954747,54
1335,1,2990,1056,1934,0,0,0,1.0,1,1.0,1,1.0,1,0.24103558610739043,54
1336,2,2992,1056,1936,0,0,0,1.0,1,1.0,1,1.0,1,0.2090131319477889,56
1337,2,2994,1057,1937,0,0,0,1.0,1,1.0,1,1.0,1,0.22197621276771526,57
1338,8,3002,1058,1944,0,0,0,1.0,1,1.0,1,1.0,1,0.22393144690339,57
1339,4,3006,1059,1947,0,0,0,1.0,1,1.0,1,1.0,1,0.22614883587394544,58
1340,5,3011,1060,1951,0,0,0,1.0,1,1.0,1,1.0,1,0.24499376059078692,59
1341,2,3013,1061,1952,0,0,0,1.0,1,1.0,1,1.0,1,0.23143100439968797,57
1342,6,3019,1063,1956,0,0,0,1.0,1,1.0,1,1.0,1,0.25581106983030133,57
1343,7,3026,1065,1961,0,0,0,1.0,1,1.0,1,1.0,1,0.23594867800652725,55
1344,2,3028,1066,1962,0,0,0,1.0,1,1.0,1,1.0,1,0.19793688546913926,54
1345,0,3028,1066,1962,0,0,0,1.0,1,1.0,1,1.0,1,0.1928999766200509,53
1346,1,3029,1067,1962,0,0,0,1.0,1,1.0,1,1.0,1,0.22277461016958233,53
1347,0,3029,1067,1962,0,0,0,1.0,1,1.0,1,1.0,1,0.21895851294511592,51
1348,2,3031,1068,1963,0,0,0,1.0,1,1.0,1,1.0,1,0.22930246704203952,52
1349,0,3031,1068,1963,0,0,0,1.0,1,1.0,1,1.0,1,0.23473224731247755,50
1350,0,3031,1068,1963,0,0,0,1.0,1,1.0,1,1.0,1,0.2308018673118932,51
1351,4,3035,1068,1967,0,0,0,1.0,1,1.0,1,1.0,1,0.1512198447422332,50
1352,1,3036,1069,1967,0,0,0,1.0,1,1.0,1,1.0,1,0.13772596170520576,50
1353,1,3037,1070,1967,0,0,0,1.0,1,1.0,1,1.0,1,0.14377359010367094,50
1354,0,3037,1070,1967,0,0,0,1.0,1,1.0,1,1.0,1,0.16016728502302494,51
1355,3,3040,1072,1968,0,0,0,1.0,1,1.0,1,1.0,1,0.1538554775338499,53
1356,2,3042,1073,1969,0,0,0,1.0,1,1.0,1,1.0,1,0.167295816958747,52
1357,1,3043,1073,1970,0,0,0,1.0,1,1.0,1,1.0,1,0.17766363037093244,52
1358,0,3043,1073,1970,0,0,0,1.0,1,1.0,1,1.0,1,0.18031212093482457,53
1359,4,3047,1075,1972,0,0,0,1.0,1,1.0,1,1.0,1,0.21484667442016106,54
1360,1,3048,1076,1972,0,0,0,1.0,1,1.0,1,1.0,1,0.22621117166543275,55
1361,1,3049,1077,1972,0,0,0,1.0,1,1.0,1,1.0,1,0.229017224833321,55
1362,0,3049,1077,1972,0,0,0,1.0,1,1.0,1,1.0,1,0.20658775480361302,56
1363,0,3049,1077,1972,0,0,0,1.0,1,1.0,1,1.0,1,0.20658775480361302,56
1364,0,3049,1077,1972,0,0,0,1.0,1,1.0,1,1.0,1,0.20099738855552696,55
1365,4,3053,1078,1975,0,0,0,1.0,1,1.0,1,1.0,1,0.16612900336125605,56
1366,1,3054,1079,1975,0,0,0,1.0,1,1.0,1,1.0,1,0.18848070893115146,57
1367,3,3057,1080,1977,0,0,0,1.0,1,1.0,1,1.0,1,0.18373372573775087,57
1368,1,3058,1080,1978,0,0,0,1.0,1,1.0,1,1.0,1,0.1885147621744151,58
1369,3,3061,1081,1980,0,0,0,1.0,1,1.0,1,1.0,1,0.1960431972016156,59
1370,3,3064,1082,1982,0,0,0,1.0,1,1.0,1,1.0,1,0.1717729702253914,60
1371,2,3066,1082,1984,0,0,0,1.0,1,1.0,1,1.0,1,0.1801675930931573,59
1372,5,3071,1084,1987,0,0,0,1.0,1,1.0,1,1.0,1,0.20758172756244653,59
1373,2,3073,1085,1988,0,0,0,1.0,1,1.0,1,1.0,1,0.18009138121411086,59
1374,0,3073,1085,1988,0,0,0,1.0,1,1.0,1,1.0,1,0.18009138121411086,59
1375,2,3075,1085,1990,0,0,0,1.0,1,1.0,1,1.0,1,0.20404144729351079,62
1376,5,3080,1087,1993,0,0,0,1.0,1,1.0,1,1.0,1,0.24390484631658052,61
1377,4,3084,1088,1996,0,0,0,1.0,1,1.0,1,1.0,1,0.2410499799927543,63
1378,4,3088,1091,1997,0,0,0,1.0,1,1.0,1,1.0,1,0.2819160356702011,62
1379,12,3100,1093,2007,0,0,0,1.0,1,1.0,1,1.0,1,0.278389223830602,61
1380,2,3102,1093,2009,0,0,0,1.0,1,1.0,1,1.0,1,0.2698928595608813,60
1381,5,3107,1094,2013,0,0,0,1.0,1,1.0,1,1.0,1,0.24523462311264138,58
1382,4,3111,1096,2015,0,0,0,1.0,1,1.0,1,1.0,1,0.22350705567527096,56
1383,2,3113,1097,2016,0,0,0,1.0,1,1.0,1,1.0,1,0.20068481778212022,57
1384,2,3115,1098,2017,0,0,0,1.0,1,1.0,1,1.0,1,0.16544926070114002,55
1385,2,3117,1099,2018,0,0,0,1.0,1,1.0,1,1.0,1,0.2007661576809839,55
1386,2,3119,1101,2018,0,0,0,1.0,1,1.0,1,1.0,1,0.18759363520816716,54
1387,1,3120,1102,2018,0,0,0,1.0,1,1.0,1,1.0,1,0.20440446625738415,53
1388,3,3123,1105,2018,0,0,0,1.0,1,1.0,1,1.0,1,0.25135265879275615,52
1389,2,3125,1105,2020,0,0,0,1.0,1,1.0,1,1.0,1,0.2506148107282312,52
1390,0,3125,1105,2020,0,0,0,1.0,1,1.0,1,1.0,1,0.25191999191458064,51
1391,0,3125,1105,2020,0,0,0,1.0,1,1.0,1,1.0,1,0.26395519033121717,52
1392,1,3126,1106,2020,0,0,0,1.0,1,1.0,1,1.0,1,0.2707171946021439,51
1393,2,3128,1107,2021,0,0,0,1.0,1,1.0,1,1.0,1,0.2615979170438462,51
1394,1,3129,1107,2022,0,0,0,1.0,1,1.0,1,1.0,1,0.28142384417856836,52
1395,2,3131,1107,2024,0,0,0,1.0,1,1.0,1,1.0,1,0.28142384417856836,52
1396,4,3135,1108,2027,0,0,0,1.0,1,1.0,1,1.0,1,0.24897998210563993,53
1397,1,3136,1108,2028,0,0,0,1.0,1,1.0,1,1.0,1,0.23571240868590418,56
1398,2,3138,1109,2029,0,0,0,1.0,1,1.0,1,1.0,1,0.247428675280523,56
1399,3,3141,1111,2030,0,0,0,1.0,1,1.0,1,1.0,1,0.2594854181601484,57
1400,0,3141,1111,2030,0,0,0,1.0,1,1.0,1,1.0,1,0.2594854181601484,57
1401,0,3141,1111,2030,0,0,0,1.0,1,1.0,1,1.0,1,0.2594854181601484,57
1402,3,3144,1114,2030,0,0,0,1.0,1,1.0,1,1.0,1,0.28810680063599003,57
1403,1,3145,1114,2031,0,0,0,1.0,1,1.0,1,1.0,1,0.28025846790523806,56
1404,3,3148,1114,2034,0,0,0,1.0,1,1.0,1,1.0,1,0.2744690382414501,58
1405,3,3151,1115,2036,0,0,0,1.0,1,1.0,1,1.0,1,0.3194069367725555,58
1406,2,3153,1115,2038,0,0,0,1.0,1,1.0,1,1.0,1,0.3194069367725555,58
1407,2,3155,1115,2040,0,0,0,1.0,1,1.0,1,1.0,1,0.3330552802934209,57
1408,3,3158,1115,2043,0,0,0,1.0,1,1.0,1,1.0,1,0.348520923742957,58
1409,5,3163,1115,2048,0,0,0,1.0,1,1.0,1,1.0,1,0.3131785219321908,57
1410,3,3166,1115,2051,0,0,0,1.0,1,1.0,1,1.0,1,0.31614779164209716,57
1411,8,3174,1116,2058,0,0,0,1.0,1,1.0,1,1.0,1,0.2337487316866397,56
1412,0,3174,1116,2058,0,0,0,1.0,1,1.0,1,1.0,1,0.23653516022436658,55
1413,1,3175,1116,2059,0,0,0,1.0,1,1.0,1,1.0,1,0.2272399450611355,57
1414,0,3175,1116,2059,0,0,0,1.0,1,1.0,1,1.0,1,0.2272399450611355,57
1415,1,3176,1116,2060,0,0,0,1.0,1,1.0,1,1.0,1,0.21244419524442248,60
1416,4,3180,1117,2063,0,0,0,1.0,1,1.0,1,1.0,1,0.2050731984155932,61
1417,1,3181,1117,2064,0,0,0,1.0,1,1.0,1,1.0,1,0.18921363556796894,59
1418,2,3183,1117,2066,0,0,0,1.0,1,1.0,1,1.0,1,0.1699239845338901,60
1419,3,3186,1118,2068,0,0,0,1.0,1,1.0,1,1.0,1,0.1718289273517555,59
1420,4,3190,1118,2072,0,0,0,1.0,1,1.0,1,1.0,1,0.14851789629029863,58
1421,1,3191,1118,2073,0,0,0,1.0,1,1.0,1,1.0,1,0.13088863954798188,57
1422,2,3193,1119,2074,0,0,0,1.0,1,1.0,1,1.0,1,0.13003835804895775,57
1423,1,3194,1120,2074,0,0,0,1.0,1,1.0,1,1.0,1,0.12019204356465948,56
1424,1,3195,1121,2074,0,0,0,1.0,1,1.0,1,1.0,1,0.13082012879783989,57
1425,3,3198,1123,2075,0,0,0,1.0,1,1.0,1,1.0,1,0.15892948419031827,54
1426,2,3200,1125,2075,0,0,0,1.0,1,1.0,1,1.0,1,0.2058796448098332,54
1427,2,3202,1127,2075,0,0,0,1.0,1,1.0,1,1.0,1,0.26554126063631933,53
1428,0,3202,1127,2075,0,0,0,1.0,1,1.0,1,1.0,1,0.2583658634815291,52
1429,0,3202,1127,2075,0,0,0,1.0,1,1.0,1,1.0,1,0.2583658634815291,52
1430,5,3207,1130,2077,0,0,0,1.0,1,1.0,1,1.0,1,0.26896760030227423,51
1431,1,3208,1130,2078,0,0,0,1.0,1,1.0,1,1.0,1,0.2529892328063193,51
1432,4,3212,1133,2079,0,0,0,1.0,1,1.0,1,1.0,1,0.2757154540749535,52
1433,3,3215,1134,2081,0,0,0,1.0,1,1.0,1,1.0,1,0.28194371290187353,52
1434,3,3218,1136,2082,0,0,0,1.0,1,1.0,1,1.0,1,0.23245251369527695,52
1435,3,3221,1138,2083,0,0,0,1.0,1,1.0,1,1.0,1,0.2583956468904263,50
1436,3,3224,1140,2084,0,0,0,1.0,1,1.0,1,1.0,1,0.2753190189926893,50
1437,0,3224,1140,2084,0,0,0,1.0,1,1.0,1,1.0,1,0.2977232163718057,49
1438,3,3227,1143,2084,0,0,0,1.0,1,1.0,1,1.0,1,0.36894384099156846,49
1439,6,3233,1146,2087,0,0,0,1.0,1,1.0,1,1.0,1,0.3836577861984655,50
1440,4,3237,1150,2087,0,0,0,1.0,1,1.0,1,1.0,1,0.38183863524041756,50
1441,7,3244,1150,2094,0,0,0,1.0,1,1.0,1,1.0,1,0.27740959931828424,51
1442,3,3247,1150,2097,0,0,0,1.0,1,1.0,1,1.0,1,0.24785851704017925,50
1443,2,3249,1150,2099,0,0,0,1.0,1,1.0,1,1.0,1,0.23685297296003469,51
1444,0,3249,1150,2099,0,0,0,1.0,1,1.0,1,1.0,1,0.23685297296003469,51
1445,1,3250,1150,2100,0,0,0,1.0,1,1.0,1,1.0,1,0.22490476842179316,51
1446,0,3250,1150,2100,0,0,0,1.0,1,1.0,1,1.0,1,0.2248898481221205,51
1447,0,3250,1150,2100,0,0,0,1.0,1,1.0,1,1.0,1,0.2248898481221205,51
1448,1,3251,1151,2100,0,0,0,1.0,1,1.0,1,1.0,1,0.21045385948035386,51
1449,1,3252,1151,2101,0,0,0,1.0,1,1.0,1,1.0,1,0.20151152988662557,51
1450,1,3253,1151,2102,0,0,0,1.0,1,1.0,1,1.0,1,0.19040219523149676,52
1451,2,3255,1151,2104,0,0,0,1.0,1,1.0,1,1.0,1,0.15256902475663428,54
1452,0,3255,1151,2104,0,0,0,1.0,1,1.0,1,1.0,1,0.17863786304326126,56
1453,2,3257,1152,2105,0,0,0,1.0,1,1.0,1,1.0,1,0.17211143320133585,56
1454,3,3260,1152,2108,0,0,0,1.0,1,1.0,1,1.0,1,0.1759004456813634,58
1455,6,3266,1154,2112,0,0,0,1.0,1,1.0,1,1.0,1,0.21817772518947254,55
1456,5,3271,1155,2116,0,0,0,1.0,1,1.0,1,1.0,1,0.22683136783646504,56
1457,3,3274,1156,2118,0,0,0,1.0,1,1.0,1,1.0,1,0.2721126113547946,54
1458,5,3279,1158,2121,0,0,0,1.0,1,1.0,1,1.0,1,0.28427515330679964,52
1459,3,3282,1159,2123,0,0,0,1.0,1,1.0,1,1.0,1,0.28178381798027563,52
1460,3,3285,1159,2126,0,0,0,1.0,1,1.0,1,1.0,1,0.2430087312730821,50
1461,5,3290,1160,2130,0,0,0,1.0,1,1.0,1,1.0,1,0.2612278179489118,53
1462,5,3295,1162,2133,0,0,0,1.0,1,1.0,1,1.0,1,0.2833415782407566,51
1463,1,3296,1163,2133,0,0,0,1.0,1,1.0,1,1.0,1,0.279929946834898,51
1464,3,3299,1166,2133,0,0,0,1.0,1,1.0,1,1.0,1,0.33523193974397614,51
1465,1,3300,1167,2133,0,0,0,1.0,1,1.0,1,1.0,1,0.330843318276378,49
1466,3,3303,1169,2134,0,0,0,1.0,1,1.0,1,1.0,1,0.3323315958985786,49
1467,2,3305,1170,2135,0,0,0,1.0,1,1.0,1,1.0,1,0.34981971297509523,47
1468,1,3306,1171,2135,0,0,0,1.0,1,1.0,1,1.0,1,0.32197492094794905,48
1469,1,3307,1171,2136,0,0,0,1.0,1,1.0,1,1.0,1,0.31400029467450097,47
1470,2,3309,1171,2138,0,0,0,1.0,1,1.0,1,1.0,1,0.28947717487990104,49
1471,5,3314,1171,2143,0,0,0,1.0,1,1.0,1,1.0,1,0.20284569081668888,48
1472,2,3316,1171,2145,0,0,0,1.0,1,1.0,1,1.0,1,0.17544306533826765,48
1473,0,3316,1171,2145,0,0,0,1.0,1,1.0,1,1.0,1,0.18585187450360957,49
1474,0,3316,1171,2145,0,0,0,1.0,1,1.0,1,1.0,1,0.18585187450360957,49
1475,2,3318,1171,2147,0,0,0,1.0,1,1.0,1,1.0,1,0.1452245644367959,49
1476,1,3319,1172,2147,0,0,0,1.0,1,1.0,1,1.0,1,0.16087711339858654,51
1477,0,3319,1172,2147,0,0,0,1.0,1,1.0,1,1.0,1,0.16087711339858654,51
1478,0,3319,1172,2147,0,0,0,1.0,1,1.0,1,1.0,1,0.1466775995361924,52
1479,0,3319,1172,2147,0,0,0,1.0,1,1.0,1,1.0,1,0.16094589229492112,53
1480,1,3320,1173,2147,0,0,0,1.0,1,1.0,1,1.0,1,0.17583511713522543,53
1481,0,3320,1173,2147,0,0,0,1.0,1,1.0,1,1.0,1,0.17583511713522543,53
1482,2,3322,1174,2148,0,0,0,1.0,1,1.0,1,1.0,1,0.21473954968731582,52
1483,0,3322,1174,2148,0,0,0,1.0,1,1.0,1,1.0,1,0.21473954968731582,52
1484,0,3322,1174,2148,0,0,0,1.0,1,1.0,1,1.0,1,0.25014629062398575,53
1485,0,3322,1174,2148,0,0,0,1.0,1,1.0,1,1.0,1,0.25014629062398575,53
1486,1,3323,1174,2149,0,0,0,1.0,1,1.0,1,1.0,1,0.2654946689739836,54
1487,3,3326,1177,2149,0,0,0,1.0,1,1.0,1,1.0,1,0.2642992402175326,55
1488,4,3330,1178,2152,0,0,0,1.0,1,1.0,1,1.0,1,0.2446968335520724,57
1489,5,3335,1181,2154,0,0,0,1.0,1,1.0,1,1.0,1,0.21850721904730674,58
1490,4,3339,1183,2156,0,0,0,1.0,1,1.0,1,1.0,1,0.21464386381180597,58
1491,3,3342,1185,2157,0,0,0,1.0,1,1.0,1,1.0,1,0.24703264358233673,59
1492,3,3345,1187,2158,0,0,0,1.0,1,1.0,1,1.0,1,0.2555713833859462,59
1493,4,3349,1187,2162,0,0,0,1.0,1,1.0,1,1.0,1,0.17390582258072934,58
1494,1,3350,1188,2162,0,0,0,1.0,1,1.0,1,1.0,1,0.20348697446218914,58
1495,1,3351,1189,2162,0,0,0,1.0,1,1.0,1,1.0,1,0.22058085561740537,57
1496,2,3353,1189,2164,0,0,0,1.0,1,1.0,1,1.0,1,0.2134353724537133,59
1497,2,3355,1189,2166,0,0,0,1.0,1,1.0,1,1.0,1,0.2224848092514278,58
1498,3,3358,1190,2168,0,0,0,1.0,1,1.0,1,1.0,1,0.24451595566453016,58
1499,2,3360,1190,2170,0,0,0,1.0,1,1.0,1,1.0,1,0.1941788134410963,56
1500,3,3363,1191,2172,0,0,0,1.0,1,1.0,1,1.0,1,0.20436098549690102,57
1501,3,3366,1192,2174,0,0,0,1.0,1,1.0,1,1.0,1,0.17582567968324322,55
1502,3,3369,1195,2174,0,0,0,1.0,1,1.0,1,1.0,1,0.22084791949593208,55
1503,3,3372,1196,2176,0,0,0,1.0,1,1.0,1,1.0,1,0.2117633129540708,54
1504,2,3374,1197,2177,0,0,0,1.0,1,1.0,1,1.0,1,0.1896731878316379,55
1505,1,3375,1198,2177,0,0,0,1.0,1,1.0,1,1.0,1,0.15831800120594208,53
1506,1,3376,1198,2178,0,0,0,1.0,1,1.0,1,1.0,1,0.15933862040794397,55
1507,0,3376,1198,2178,0,0,0,1.0,1,1.0,1,1.0,1,0.17232525025076245,53
1508,4,3380,1202,2178,0,0,0,1.0,1,1.0,1,1.0,1,0.2300709323078576,53
1509,1,3381,1202,2179,0,0,0,1.0,1,1.0,1,1.0,1,0.19802066388430498,52
1510,2,3383,1204,2179,0,0,0,1.0,1,1.0,1,1.0,1,0.24232449051973678,50
1511,1,3384,1205,2179,0,0,0,1.0,1,1.0,1,1.0,1,0.266994895322504,49
1512,4,3388,1208,2180,0,0,0,1.0,1,1.0,1,1.0,1,0.31253277410828323,48
1513,0,3388,1208,2180,0,0,0,1.0,1,1.0,1,1.0,1,0.34113192628242955,47
1514,1,3389,1209,2180,0,0,0,1.0,1,1.0,1,1.0,1,0.33212962378874367,48
1515,0,3389,1209,2180,0,0,0,1.0,1,1.0,1,1.0,1,0.33212962378874367,48
1516,2,3391,1210,2181,0,0,0,1.0,1,1.0,1,1.0,1,0.31746878420621494,47
1517,2,3393,1210,2183,0,0,0,1.0,1,1.0,1,1.0,1,0.31726897686550976,48
1518,2,3395,1211,2184,0,0,0,1.0,1,1.0,1,1.0,1,0.3095436473231157,48
1519,1,3396,1211,2185,0,0,0,1.0,1,1.0,1,1.0,1,0.3200085101202678,47
1520,3,3399,1214,2185,0,0,0,1.0,1,1.0,1,1.0,1,0.36888326539222455,48
1521,2,3401,1214,2187,0,0,0,1.0,1,1.0,1,1.0,1,0.32962054661436974,49
1522,1,3402,1215,2187,0,0,0,1.0,1,1.0,1,1.0,1,0.34481501576617896,48
1523,3,3405,1216,2189,0,0,0,1.0,1,1.0,1,1.0,1,0.37132543930832135,49
1524,1,3406,1216,2190,0,0,0,1.0,1,1.0,1,1.0,1,0.3692554586792036,49
1525,0,3406,1216,2190,0,0,0,1.0,1,1.0,1,1.0,1,0.37752505956069193,51
1526,0,3406,1216,2190,0,0,0,1.0,1,1.0,1,1.0,1,0.36984414190146053,52
1527,3,3409,1217,2192,0,0,0,1.0,1,1.0,1,1.0,1,0.3156401569485096,54
1528,0,3409,1217,2192,0,0,0,1.0,1,1.0,1,1.0,1,0.3156401569485096,54
1529,0,3409,1217,2192,0,0,0,1.0,1,1.0,1,1.0,1,0.3156401569485096,54
1530,2,3411,1217,2194,0,0,0,1.0,1,1.0,1,1.0,1,0.32750681204353804,54
1531,9,3420,1217,2203,0,0,0,1.0,1,1.0,1,1.0,1,0.1738724211248985,54
1532,3,3423,1218,2205,0,0,0,1.0,1,1.0,1,1.0,1,0.14446024942676614,54
1533,0,3423,1218,2205,0,0,0,1.0,1,1.0,1,1.0,1,0.14887849763047487,54
1534,0,3423,1218,2205,0,0,0,1.0,1,1.0,1,1.0,1,0.14887849763047487,54
1535,1,3424,1218,2206,0,0,0,1.0,1,1.0,1,1.0,1,0.1403023582517601,54
1536,1,3425,1218,2207,0,0,0,1.0,1,1.0,1,1.0,1,0.13867232542623756,55
1537,0,3425,1218,2207,0,0,0,1.0,1,1.0,1,1.0,1,0.15439002381884273,53
1538,0,3425,1218,2207,0,0,0,1.0,1,1.0,1,1.0,1,0.16548784529956817,54
1539,0,3425,1218,2207,0,0,0,1.0,1,1.0,1,1.0,1,0.19663795253729566,54
1540,1,3426,1219,2207,0,0,0,1.0,1,1.0,1,1.0,1,0.2033436103712431,54
1541,1,3427,1220,2207,0,0,0,1.0,1,1.0,1,1.0,1,0.20232042967724118,54
1542,4,3431,1222,2209,0,0,0,1.0,1,1.0,1,1.0,1,0.24993321420671108,57
1543,4,3435,1225,2210,0,0,0,1.0,1,1.0,1,1.0,1,0.2623565846859165,55
1544,3,3438,1227,2211,0,0,0,1.0,1,1.0,1,1.0,1,0.27383608427830586,54
1545,3,3441,1228,2213,0,0,0,1.0,1,1.0,1,1.0,1,0.24413129874260428,54
1546,3,3444,1230,2214,0,0,0,1.0,1,1.0,1,1.0,1,0.2376618780084785,53
1547,6,3450,1234,2216,0,0,0,1.0,1,1.0,1,1.0,1,0.22777235349612313,53
1548,4,3454,1237,2217,0,0,0,1.0,1,1.0,1,1.0,1,0.22154805705722497,54
1549,2,3456,1239,2217,0,0,0,1.0,1,1.0,1,1.0,1,0.22094481288202159,52
1550,3,3459,1241,2218,0,0,0,1.0,1,1.0,1,1.0,1,0.20057164123395005,52
1551,8,3467,1245,2222,0,0,0,1.0,1,1.0,1,1.0,1,0.2039298482432297,52
1552,3,3470,1247,2223,0,0,0,1.0,1,1.0,1,1.0,1,0.20273499535831366,51
1553,6,3476,1250,2226,0,0,0,1.0,1,1.0,1,1.0,1,0.23206073934864324,51
1554,5,3481,1253,2228,0,0,0,1.0,1,1.0,1,1.0,1,0.2280372463605735,51
1555,3,3484,1254,2230,0,0,0,1.0,1,1.0,1,1.0,1,0.23882660230161395,50
1556,1,3485,1255,2230,0,0,0,1.0,1,1.0,1,1.0,1,0.2292751281880254,51
1557,3,3488,1258,2230,0,0,0,1.0,1,1.0,1,1.0,1,0.27038201907842274,51
1558,4,3492,1259,2233,0,0,0,1.0,1,1.0,1,1.0,1,0.26436689241510414,52
1559,3,3495,1261,2234,0,0,0,1.0,1,1.0,1,1.0,1,0.23346647226021866,53
1560,1,3496,1262,2234,0,0,0,1.0,1,1.0,1,1.0,1,0.2573021627542123,51
1561,11,3507,1263,2244,0,0,0,1.0,1,1.0,1,1.0,1,0.17664339605624352,51
1562,1,3508,1263,2245,0,0,0,1.0,1,1.0,1,1.0,1,0.18694836181963984,52
1563,2,3510,1263,2247,0,0,0,1.0,1,1.0,1,1.0,1,0.18694836181963984,52
1564,2,3512,1263,2249,0,0,0,1.0,1,1.0,1,1.0,1,0.21442485181534643,51
1565,3,3515,1264,2251,0,0,0,1.0,1,1.0,1,1.0,1,0.20361121661221837,53
1566,2,3517,1264,2253,0,0,0,1.0,1,1.0,1,1.0,1,0.2321150226291687,53
1567,4,3521,1264,2257,0,0,0,1.0,1,1.0,1,1.0,1,0.22762400168647404,52
1568,4,3525,1265,2260,0,0,0,1.0,1,1.0,1,1.0,1,0.2650347916727051,52
1569,3,3528,1265,2263,0,0,0,1.0,1,1.0,1,1.0,1,0.24347832653343504,49
1570,0,3528,1265,2263,0,0,0,1.0,1,1.0,1,1.0,1,0.2354650117613792,48
1571,2,3530,1266,2264,0,0,0,1.0,1,1.0,1,1.0,1,0.2420901587119949,46
1572,1,3531,1267,2264,0,0,0,1.0,1,1.0,1,1.0,1,0.27163426385473716,47
1573,2,3533,1268,2265,0,0,0,1.0,1,1.0,1,1.0,1,0.28023624989885854,48
1574,3,3536,1270,2266,0,0,0,1.0,1,1.0,1,1.0,1,0.369295398713004,46
1575,3,3539,1272,2267,0,0,0,1.0,1,1.0,1,1.0,1,0.4038141392272602,47
1576,7,3546,1276,2270,0,0,0,1.0,1,1.0,1,1.0,1,0.4124275745722238,46
1577,3,3549,1276,2273,0,0,0,1.0,1,1.0,1,1.0,1,0.41957594669108583,45
1578,1,3550,1276,2274,0,0,0,1.0,1,1.0,1,1.0,1,0.4183634030695537,44
1579,3,3553,1276,2277,0,0,0,1.0,1,1.0,1,1.0,1,0.37616317090336576,43
1580,3,3556,1276,2280,0,0,0,1.0,1,1.0,1,1.0,1,0.31119053231376576,43
1581,3,3559,1276,2283,0,0,0,1.0,1,1.0,1,1.0,1,0.3388457918473547,42
1582,5,3564,1276,2288,0,0,0,1.0,1,1.0,1,1.0,1,0.3285735355306182,42
1583,4,3568,1278,2290,0,0,0,1.0,1,1.0,1,1.0,1,0.3325203107723688,43
1584,6,3574,1279,2295,0,0,0,1.0,1,1.0,1,1.0,1,0.31450933340959025,41
1585,7,3581,1282,2299,0,0,0,1.0,1,1.0,1,1.0,1,0.33838245521414584,43
1586,2,3583,1283,2300,0,0,0,1.0,1,1.0,1,1.0,1,0.3373050419044798,42
1587,4,3587,1285,2302,0,0,0,1.0,1,1.0,1,1.0,1,0.4002505398099194,42
1588,9,3596,1289,2307,0,0,0,1.0,1,1.0,1,1.0,1,0.4490333375733973,42
1589,6,3602,1289,2313,0,0,0,1.0,1,1.0,1,1.0,1,0.38665099257089147,42
1590,6,3608,1290,2318,0,0,0,1.0,1,1.0,1,1.0,1,0.3741894767423068,41
1591,7,3615,1290,2325,0,0,0,1.0,1,1.0,1,1.0,1,0.20807480555157173,40
1592,1,3616,1290,2326,0,0,0,1.0,1,1.0,1,1.0,1,0.20835319132113472,39
1593,1,3617,1290,2327,0,0,0,1.0,1,1.0,1,1.0,1,0.18624288731244643,39
1594,0,3617,1290,2327,0,0,0,1.0,1,1.0,1,1.0,1,0.21110105852479655,39
1595,4,3621,1292,2329,0,0,0,1.0,1,1.0,1,1.0,1,0.2142034525793059,42
1596,0,3621,1292,2329,0,0,0,1.0,1,1.0,1,1.0,1,0.22784795452000886,41
1597,2,3623,1293,2330,0,0,0,1.0,1,1.0,1,1.0,1,0.2290614120744685,41
1598,1,3624,1293,2331,0,0,0,1.0,1,1.0,1,1.0,1,0.25194393835589657,39
1599,0,3624,1293,2331,0,0,0,1.0,1,1.0,1,1.0,1,0.25194393835589657,39
1600,1,3625,1293,2332,0,0,0,1.0,1,1.0,1,1.0,1,0.2552483636559394,40
1601,3,3628,1295,2333,0,0,0,1.0,1,1.0,1,1.0,1,0.2605110160512051,41
1602,2,3630,1295,2335,0,0,0,1.0,1,1.0,1,1.0,1,0.20590830835683474,41
1603,3,3633,1296,2337,0,0,0,1.0,1,1.0,1,1.0,1,0.24359938063334136,43
1604,0,3633,1296,2337,0,0,0,1.0,1,1.0,1,1.0,1,0.24359938063334136,43
1605,1,3634,1297,2337,0,0,0,1.0,1,1.0,1,1.0,1,0.26102253825021404,44
1606,1,3635,1298,2337,0,0,0,1.0,1,1.0,1,1.0,1,0.2781227335180484,44
1607,0,3635,1298,2337,0,0,0,1.0,1,1.0,1,1.0,1,0.2795584056556214,42
1608,1,3636,1299,2337,0,0,0,1.0,1,1.0,1,1.0,1,0.26869882691814045,41
1609,1,3637,1300,2337,0,0,0,1.0,1,1.0,1,1.0,1,0.2690189432090299,39
1610,2,3639,1301,2338,0,0,0,1.0,1,1.0,1,1.0,1,0.2406576024960221,39
1611,2,3641,1301,2340,0,0,0,1.0,1,1.0,1,1.0,1,0.23793482241692854,40
1612,1,3642,1302,2340,0,0,0,1.0,1,1.0,1,1.0,1,0.21449892311262223,39
1613,1,3643,1302,2341,0,0,0,1.0,1,1.0,1,1.0,1,0.23404295458435398,41
1614,2,3645,1303,2342,0,0,0,1.0,1,1.0,1,1.0,1,0.2316686894352847,41
1615,3,3648,1303,2345,0,0,0,1.0,1,1.0,1,1.0,1,0.2149127218250717,41
1616,3,3651,1303,2348,0,0,0,1.0,1,1.0,1,1.0,1,0.265414931213564,43
1617,2,3653,1304,2349,0,0,0,1.0,1,1.0,1,1.0,1,0.2291646960558422,44
1618,2,3655,1304,2351,0,0,0,1.0,1,1.0,1,1.0,1,0.2291646960558422,44
1619,1,3656,1304,2352,0,0,0,1.0,1,1.0,1,1.0,1,0.26651337595337393,44
1620,4,3660,1306,2354,0,0,0,1.0,1,1.0,1,1.0,1,0.3259964100363125,45
1621,2,3662,1306,2356,0,0,0,1.0,1,1.0,1,1.0,1,0.27889996554343915,44
1622,2,3664,1308,2356,0,0,0,1.0,1,1.0,1,1.0,1,0.31878353849119706,44
1623,2,3666,1308,2358,0,0,0,1.0,1,1.0,1,1.0,1,0.29104914926605985,43
1624,0,3666,1308,2358,0,0,0,1.0,1,1.0,1,1.0,1,0.2649512359124525,43
1625,3,3669,1310,2359,0,0,0,1.0,1,1.0,1,1.0,1,0.2770903500235954,43
1626,2,3671,1311,2360,0,0,0,1.0,1,1.0,1,1.0,1,0.2842119407480602,42
1627,0,3671,1311,2360,0,0,0,1.0,1,1.0,1,1.0,1,0.28397282369892957,42
1628,4,3675,1313,2362,0,0,0,1.0,1,1.0,1,1.0,1,0.2680066788348482,42
1629,0,3675,1313,2362,0,0,0,1.0,1,1.0,1,1.0,1,0.26569162572944316,41
1630,2,3677,1315,2362,0,0,0,1.0,1,1.0,1,1.0,1,0.29889769293626817,41
1631,2,3679,1316,2363,0,0,0,1.0,1,1.0,1,1.0,1,0.3161344576325283,40
1632,0,3679,1316,2363,0,0,0,1.0,1,1.0,1,1.0,1,0.3129843900459449,39
1633,1,3680,1317,2363,0,0,0,1.0,1,1.0,1,1.0,1,0.32056703765470873,39
1634,1,3681,1317,2364,0,0,0,1.0,1,1.0,1,1.0,1,0.2906644959202685,39
1635,1,3682,1317,2365,0,0,0,1.0,1,1.0,1,1.0,1,0.27436997132996105,40
1636,4,3686,1318,2368,0,0,0,1.0,1,1.0,1,1.0,1,0.2287909997417263,41
1637,1,3687,1319,2368,0,0,0,1.0,1,1.0,1,1.0,1,0.27383654321727113,41
1638,3,3690,1321,2369,0,0,0,1.0,1,1.0,1,1.0,1,0.30810019358814345,42
1639,2,3692,1321,2371,0,0,0,1.0,1,1.0,1,1.0,1,0.28282365802293546,43
1640,1,3693,1321,2372,0,0,0,1.0,1,1.0,1,1.0,1,0.26742487381311747,43
1641,1,3694,1321,2373,0,0,0,1.0,1,1.0,1,1.0,1,0.26923251459801717,44
1642,8,3702,1324,2378,0,0,0,1.0,1,1.0,1,1.0,1,0.3003517135773919,45
1643,6,3708,1325,2383,0,0,0,1.0,1,1.0,1,1.0,1,0.3095226543250331,44
1644,2,3710,1327,2383,0,0,0,1.0,1,1.0,1,1.0,1,0.3271981780800979,45
1645,1,3711,1327,2384,0,0,0,1.0,1,1.0,1,1.0,1,0.32447302549829143,44
1646,4,3715,1328,2387,0,0,0,1.0,1,1.0,1,1.0,1,0.38252689277001295,43
1647,3,3718,1329,2389,0,0,0,1.0,1,1.0,1,1.0,1,0.3518170926574102,43
1648,2,3720,1329,2391,0,0,0,1.0,1,1.0,1,1.0,1,0.3646342225747429,42
1649,1,3721,1329,2392,0,0,0,1.0,1,1.0,1,1.0,1,0.35551631134257894,41
1650,1,3722,1329,2393,0,0,0,1.0,1,1.0,1,1.0,1,0.35475072868534907,41
1651,7,3729,1330,2399,0,0,0,1.0,1,1.0,1,1.0,1,0.2961723768941688,40
1652,2,3731,1330,2401,0,0,0,1.0,1,1.0,1,1.0,1,0.2464592908496107,39
1653,1,3732,1330,2402,0,0,0,1.0,1,1.0,1,1.0,1,0.294041765478791,39
1654,1,3733,1330,2403,0,0,0,1.0,1,1.0,1,1.0,1,0.2726000626889893,39
1655,1,3734,1331,2403,0,0,0,1.0,1,1.0,1,1.0,1,0.3150706097537397,40
1656,3,3737,1332,2405,0,0,0,1.0,1,1.0,1,1.0,1,0.3091093485465236,40
1657,0,3737,1332,2405,0,0,0,1.0,1,1.0,1,1.0,1,0.3091093485465236,40
1658,2,3739,1332,2407,0,0,0,1.0,1,1.0,1,1.0,1,0.30443131243367116,40
1659,2,3741,1333,2408,0,0,0,1.0,1,1.0,1,1.0,1,0.28365508647771176,40
1660,1,3742,1334,2408,0,0,0,1.0,1,1.0,1,1.0,1,0.29204968569856204,41
1661,3,3745,1335,2410,0,0,0,1.0,1,1.0,1,1.0,1,0.3174729229200051,42
1662,4,3749,1337,2412,0,0,0,1.0,1,1.0,1,1.0,1,0.26901637834780634,44
1663,2,3751,1338,2413,0,0,0,1.0,1,1.0,1,1.0,1,0.229037923008342,43
1664,4,3755,1340,2415,0,0,0,1.0,1,1.0,1,1.0,1,0.2147059383972028,42
1665,0,3755,1340,2415,0,0,0,1.0,1,1.0,1,1.0,1,0.20470191660394024,42
1666,4,3759,1343,2416,0,0,0,1.0,1,1.0,1,1.0,1,0.24777432700217233,43
1667,2,3761,1345,2416,0,0,0,1.0,1,1.0,1,1.0,1,0.2224143442014856,40
1668,1,3762,1345,2417,0,0,0,1.0,1,1.0,1,1.0,1,0.22253595381177427,40
1669,3,3765,1348,2417,0,0,0,1.0,1,1.0,1,1.0,1,0.25060434493791256,40
1670,2,3767,1349,2418,0,0,0,1.0,1,1.0,1,1.0,1,0.28141114023580616,39
1671,3,3770,1351,2419,0,0,0,1.0,1,1.0,1,1.0,1,0.2548008563779738,39
1672,2,3772,1351,2421,0,0,0,1.0,1,1.0,1,1.0,1,0.21203034439901217,38
1673,0,3772,1351,2421,0,0,0,1.0,1,1.0,1,1.0,1,0.21203034439901217,38
1674,2,3774,1353,2421,0,0,0,1.0,1,1.0,1,1.0,1,0.20773934922234255,38
1675,3,3777,1354,2423,0,0,0,1.0,1,1.0,1,1.0,1,0.2414888862070147,39
1676,3,3780,1355,2425,0,0,0,1.0,1,1.0,1,1.0,1,0.25406766382757345,39
1677,0,3780,1355,2425,0,0,0,1.0,1,1.0,1,1.0,1,0.26190135766981915,40
1678,0,3780,1355,2425,0,0,0,1.0,1,1.0,1,1.0,1,0.2504328496309395,39
1679,0,3780,1355,2425,0,0,0,1.0,1,1.0,1,1.0,1,0.2504328496309395,39
1680,2,3782,1355,2427,0,0,0,1.0,1,1.0,1,1.0,1,0.23754293227977016,40
1681,1,3783,1355,2428,0,0,0,1.0,1,1.0,1,1.0,1,0.23413185644505272,41
1682,0,3783,1355,2428,0,0,0,1.0,1,1.0,1,1.0,1,0.21994155121837117,40
1683,3,3786,1356,2430,0,0,0,1.0,1,1.0,1,1.0,1,0.18447175813181185,43
1684,4,3790,1359,2431,0,0,0,1.0,1,1.0,1,1.0,1,0.2304666903935581,42
1685,4,3794,1361,2433,0,0,0,1.0,1,1.0,1,1.0,1,0.18060132679419832,41
1686,0,3794,1361,2433,0,0,0,1.0,1,1.0,1,1.0,1,0.19887334567892287,39
1687,6,3800,1365,2435,0,0,0,1.0,1,1.0,1,1.0,1,0.21842571781588016,41
1688,4,3804,1367,2437,0,0,0,1.0,1,1.0,1,1.0,1,0.2656608919712045,39
1689,1,3805,1368,2437,0,0,0,1.0,1,1.0,1,1.0,1,0.22400800453304875,37
1690,0,3805,1368,2437,0,0,0,1.0,1,1.0,1,1.0,1,0.2259512448480025,36
1691,2,3807,1369,2438,0,0,0,1.0,1,1.0,1,1.0,1,0.24960403503542453,36
1692,0,3807,1369,2438,0,0,0,1.0,1,1.0,1,1.0,1,0.2713061316407719,34
1693,1,3808,1370,2438,0,0,0,1.0,1,1.0,1,1.0,1,0.31161374795885427,33
1694,1,3809,1371,2438,0,0,0,1.0,1,1.0,1,1.0,1,0.39508411282415684,32
1695,1,3810,1371,2439,0,0,0,1.0,1,1.0,1,1.0,1,0.3802530680645366,32
1696,2,3812,1371,2441,0,0,0,1.0,1,1.0,1,1.0,1,0.33897996062150026,34
1697,1,3813,1371,2442,0,0,0,1.0,1,1.0,1,1.0,1,0.34696588655205224,34
1698,1,3814,1372,2442,0,0,0,1.0,1,1.0,1,1.0,1,0.33222695666243585,36
1699,1,3815,1373,2442,0,0,0,1.0,1,1.0,1,1.0,1,0.3605614794481774,36
1700,0,3815,1373,2442,0,0,0,1.0,1,1.0,1,1.0,1,0.37900439476778797,37
1701,1,3816,1373,2443,0,0,0,1.0,1,1.0,1,1.0,1,0.3742625699919484,39
1702,2,3818,1375,2443,0,0,0,1.0,1,1.0,1,1.0,1,0.3860088419457279,39
1703,1,3819,1376,2443,0,0,0,1.0,1,1.0,1,1.0,1,0.391496778002981,38
1704,4,3823,1379,2444,0,0,0,1.0,1,1.0,1,1.0,1,0.3861910003974925,38
1705,2,3825,1380,2445,0,0,0,1.0,1,1.0,1,1.0,1,0.3841399014818803,37
1706,8,3833,1384,2449,0,0,0,1.0,1,1.0,1,1.0,1,0.45916959142299696,37
1707,5,3838,1385,2453,0,0,0,1.0,1,1.0,1,1.0,1,0.4431687452922637,36
1708,2,3840,1385,2455,0,0,0,1.0,1,1.0,1,1.0,1,0.44309377832349844,34
1709,3,3843,1386,2457,0,0,0,1.0,1,1.0,1,1.0,1,0.4287277884715576,34
1710,1,3844,1386,2458,0,0,0,1.0,1,1.0,1,1.0,1,0.4541322707871504,33
1711,5,3849,1386,2463,0,0,0,1.0,1,1.0,1,1.0,1,0.32397996246282584,32
1712,2,3851,1387,2464,0,0,0,1.0,1,1.0,1,1.0,1,0.33536844886173256,31
1713,0,3851,1387,2464,0,0,0,1.0,1,1.0,1,1.0,1,0.33459863675858786,32
1714,0,3851,1387,2464,0,0,0,1.0,1,1.0,1,1.0,1,0.33459863675858786,32
1715,0,3851,1387,2464,0,0,0,1.0,1,1.0,1,1.0,1,0.33459863675858786,32
1716,1,3852,1387,2465,0,0,0,1.0,1,1.0,1,1.0,1,0.34904270546465727,34
1717,0,3852,1387,2465,0,0,0,1.0,1,1.0,1,1.0,1,0.34904270546465727,34
1718,0,3852,1387,2465,0,0,0,1.0,1,1.0,1,1.0,1,0.3723764540821725,34
1719,0,3852,1387,2465,0,0,0,1.0,1,1.0,1,1.0,1,0.3723764540821725,34
1720,0,3852,1387,2465,0,0,0,1.0,1,1.0,1,1.0,1,0.35327014397036965,34
1721,1,3853,1387,2466,0,0,0,1.0,1,1.0,1,1.0,1,0.3211291713868796,35
1722,0,3853,1387,2466,0,0,0,1.0,1,1.0,1,1.0,1,0.3253580785234504,35
1723,1,3854,1388,2466,0,0,0,1.0,1,1.0,1,1.0,1,0.35432500696491376,34
1724,3,3857,1389,2468,0,0,0,1.0,1,1.0,1,1.0,1,0.32911978857729823,33
1725,1,3858,1390,2468,0,0,0,1.0,1,1.0,1,1.0,1,0.36015284637564,35
1726,2,3860,1390,2470,0,0,0,1.0,1,1.0,1,1.0,1,0.3470138013512868,34
1727,0,3860,1390,2470,0,0,0,1.0,1,1.0,1,1.0,1,0.3470138013512868,34
1728,0,3860,1390,2470,0,0,0,1.0,1,1.0,1,1.0,1,0.34900172926927664,35
1729,1,3861,1391,2470,0,0,0,1.0,1,1.0,1,1.0,1,0.37930598849064223,35
1730,1,3862,1392,2470,0,0,0,1.0,1,1.0,1,1.0,1,0.3922858027185603,35
1731,3,3865,1393,2472,0,0,0,1.0,1,1.0,1,1.0,1,0.4066260022002074,35
1732,2,3867,1393,2474,0,0,0,1.0,1,1.0,1,1.0,1,0.3828541020533445,35
1733,3,3870,1393,2477,0,0,0,1.0,1,1.0,1,1.0,1,0.33475791445063713,33
1734,3,3873,1394,2479,0,0,0,1.0,1,1.0,1,1.0,1,0.2955863609038472,34
1735,1,3874,1394,2480,0,0,0,1.0,1,1.0,1,1.0,1,0.29443330506032467,33
1736,2,3876,1396,2480,0,0,0,1.0,1,1.0,1,1.0,1,0.31375078753306684,33
1737,1,3877,1396,2481,0,0,0,1.0,1,1.0,1,1.0,1,0.29270642696670257,35
1738,2,3879,1397,2482,0,0,0,1.0,1,1.0,1,1.0,1,0.29450891565791576,36
1739,7,3886,1399,2487,0,0,0,1.0,1,1.0,1,1.0,1,0.30387920752174413,36
1740,3,3889,1400,2489,0,0,0,1.0,1,1.0,1,1.0,1,0.29622479652871625,37
1741,6,3895,1400,2495,0,0,0,1.0,1,1.0,1,1.0,1,0.19588965760282934,36
1742,1,3896,1400,2496,0,0,0,1.0,1,1.0,1,1.0,1,0.17376013068058077,36
1743,2,3898,1402,2496,0,0,0,1.0,1,1.0,1,1.0,1,0.1932239399104709,37
1744,3,3901,1402,2499,0,0,0,1.0,1,1.0,1,1.0,1,0.16337411071792426,37
1745,3,3904,1405,2499,0,0,0,1.0,1,1.0,1,1.0,1,0.2411259680804946,38
1746,1,3905,1405,2500,0,0,0,1.0,1,1.0,1,1.0,1,0.21621930997702207,38
1747,0,3905,1405,2500,0,0,0,1.0,1,1.0,1,1.0,1,0.22688530795396883,37
1748,1,3906,1406,2500,0,0,0,1.0,1,1.0,1,1.0,1,0.21366276932973527,38
1749,0,3906,1406,2500,0,0,0,1.0,1,1.0,1,1.0,1,0.21366276932973527,38
1750,1,3907,1406,2501,0,0,0,1.0,1,1.0,1,1.0,1,0.2158391960129555,39
1751,1,3908,1406,2502,0,0,0,1.0,1,1.0,1,1.0,1,0.22785184003002334,41
1752,3,3911,1406,2505,0,0,0,1.0,1,1.0,1,1.0,1,0.22551474558584653,41
1753,6,3917,1406,2511,0,0,0,1.0,1,1.0,1,1.0,1,0.23911184968796823,41
1754,3,3920,1407,2513,0,0,0,1.0,1,1.0,1,1.0,1,0.23615202503318253,40
1755,4,3924,1408,2516,0,0,0,1.0,1,1.0,1,1.0,1,0.22731123806161488,41
1756,1,3925,1408,2517,0,0,0,1.0,1,1.0,1,1.0,1,0.2519096719684954,41
1757,3,3928,1408,2520,0,0,0,1.0,1,1.0,1,1.0,1,0.2626270602029529,40
1758,5,3933,1409,2524,0,0,0,1.0,1,1.0,1,1.0,1,0.2875195465969855,41
1759,5,3938,1410,2528,0,0,0,1.0,1,1.0,1,1.0,1,0.31366212922086784,38
1760,4,3942,1411,2531,0,0,0,1.0,1,1.0,1,1.0,1,0.2634620003386158,38
1761,2,3944,1413,2531,0,0,0,1.0,1,1.0,1,1.0,1,0.3159806311216461,37
1762,7,3951,1415,2536,0,0,0,1.0,1,1.0,1,1.0,1,0.37919960294429533,37
1763,3,3954,1415,2539,0,0,0,1.0,1,1.0,1,1.0,1,0.32457031544052417,37
1764,3,3957,1415,2542,0,0,0,1.0,1,1.0,1,1.0,1,0.33429510026041676,36
1765,3,3960,1416,2544,0,0,0,1.0,1,1.0,1,1.0,1,0.32903970527088583,36
1766,3,3963,1417,2546,0,0,0,1.0,1,1.0,1,1.0,1,0.32362910312090115,37
1767,1,3964,1418,2546,0,0,0,1.0,1,1.0,1,1.0,1,0.3227520701281316,37
1768,3,3967,1419,2548,0,0,0,1.0,1,1.0,1,1.0,1,0.28763138747761946,37
1769,2,3969,1420,2549,0,0,0,1.0,1,1.0,1,1.0,1,0.3100735196064085,38
1770,1,3970,1420,2550,0,0,0,1.0,1,1.0,1,1.0,1,0.32373368733349456,39
1771,4,3974,1420,2554,0,0,0,1.0,1,1.0,1,1.0,1,0.21996217497871806,39
1772,0,3974,1420,2554,0,0,0,1.0,1,1.0,1,1.0,1,0.21996217497871806,39
1773,2,3976,1420,2556,0,0,0,1.0,1,1.0,1,1.0,1,0.18253861812674732,41
1774,1,3977,1421,2556,0,0,0,1.0,1,1.0,1,1.0,1,0.2011049092849413,41
1775,0,3977,1421,2556,0,0,0,1.0,1,1.0,1,1.0,1,0.22020197522142204,42
1776,1,3978,1421,2557,0,0,0,1.0,1,1.0,1,1.0,1,0.20977599961666563,43
1777,0,3978,1421,2557,0,0,0,1.0,1,1.0,1,1.0,1,0.20977599961666563,43
1778,4,3982,1421,2561,0,0,0,1.0,1,1.0,1,1.0,1,0.16262032379328067,44
1779,0,3982,1421,2561,0,0,0,1.0,1,1.0,1,1.0,1,0.15920789954997439,46
1780,1,3983,1422,2561,0,0,0,1.0,1,1.0,1,1.0,1,0.15782839298590254,46
1781,1,3984,1423,2561,0,0,0,1.0,1,1.0,1,1.0,1,0.20203941726353986,46
1782,3,3987,1425,2562,0,0,0,1.0,1,1.0,1,1.0,1,0.24570872739027136,46
1783,2,3989,1426,2563,0,0,0,1.0,1,1.0,1,1.0,1,0.21429345031624206,44
1784,1,3990,1426,2564,0,0,0,1.0,1,1.0,1,1.0,1,0.19974891422532537,45
1785,1,3991,1427,2564,0,0,0,1.0,1,1.0,1,1.0,1,0.19487638176319064,42
1786,5,3996,1428,2568,0,0,0,1.0,1,1.0,1,1.0,1,0.23193742112308305,43
1787,2,3998,1430,2568,0,0,0,1.0,1,1.0,1,1.0,1,0.23689394372707223,41
1788,2,4000,1430,2570,0,0,0,1.0,1,1.0,1,1.0,1,0.22152624063754273,41
1789,2,4002,1432,2570,0,0,0,1.0,1,1.0,1,1.0,1,0.2777572523331502,41
1790,3,4005,1435,2570,0,0,0,1.0,1,1.0,1,1.0,1,0.2896852798705704,41
1791,5,4010,1438,2572,0,0,0,1.0,1,1.0,1,1.0,1,0.28508150083239053,40
1792,3,4013,1440,2573,0,0,0,1.0,1,1.0,1,1.0,1,0.25260491631371595,40
1793,5,4018,1442,2576,0,0,0,1.0,1,1.0,1,1.0,1,0.20443620244325256,41
1794,1,4019,1442,2577,0,0,0,1.0,1,1.0,1,1.0,1,0.20096281161501936,41
1795,3,4022,1443,2579,0,0,0,1.0,1,1.0,1,1.0,1,0.18992096564633426,40
1796,0,4022,1443,2579,0,0,0,1.0,1,1.0,1,1.0,1,0.18992096564633426,40
1797,2,4024,1445,2579,0,0,0,1.0,1,1.0,1,1.0,1,0.23780515196438282,37
1798,0,4024,1445,2579,0,0,0,1.0,1,1.0,1,1.0,1,0.23780515196438282,37
1799,1,4025,1445,2580,0,0,0,1.0,1,1.0,1,1.0,1,0.22015853214033404,36
1800,1,4026,1446,2580,0,0,0,1.0,1,1.0,1,1.0,1,0.26245213735915324,36
1801,1,4027,1446,2581,0,0,0,1.0,1,1.0,1,1.0,1,0.2227963124869073,34
1802,1,4028,1447,2581,0,0,0,1.0,1,1.0,1,1.0,1,0.2006994574960436,33
1803,1,4029,1447,2582,0,0,0,1.0,1,1.0,1,1.0,1,0.16096911242705442,33
1804,1,4030,1448,2582,0,0,0,1.0,1,1.0,1,1.0,1,0.19152888738473506,33
1805,2,4032,1449,2583,0,0,0,1.0,1,1.0,1,1.0,1,0.2138828371685131,35
1806,2,4034,1450,2584,0,0,0,1.0,1,1.0,1,1.0,1,0.2566057265488352,35
1807,0,4034,1450,2584,0,0,0,1.0,1,1.0,1,1.0,1,0.2659307026665285,35
1808,1,4035,1450,2585,0,0,0,1.0,1,1.0,1,1.0,1,0.21831938390422204,36
1809,1,4036,1451,2585,0,0,0,1.0,1,1.0,1,1.0,1,0.18022141626344085,36
1810,0,4036,1451,2585,0,0,0,1.0,1,1.0,1,1.0,1,0.19872837205977756,35
1811,1,4037,1451,2586,0,0,0,1.0,1,1.0,1,1.0,1,0.22411807626364838,36
1812,3,4040,1452,2588,0,0,0,1.0,1,1.0,1,1.0,1,0.2051161701465849,36
1813,1,4041,1453,2588,0,0,0,1.0,1,1.0,1,1.0,1,0.21437387850366266,36
1814,2,4043,1455,2588,0,0,0,1.0,1,1.0,1,1.0,1,0.25017244651502124,34
1815,1,4044,1456,2588,0,0,0,1.0,1,1.0,1,1.0,1,0.2792922261805641,35
1816,2,4046,1457,2589,0,0,0,1.0,1,1.0,1,1.0,1,0.3394630214726663,34
1817,4,4050,1460,2590,0,0,0,1.0,1,1.0,1,1.0,1,0.26820644079209593,34
1818,1,4051,1460,2591,0,0,0,1.0,1,1.0,1,1.0,1,0.23158633055934774,34
1819,3,4054,1462,2592,0,0,0,1.0,1,1.0,1,1.0,1,0.21706316135636697,35
1820,0,4054,1462,2592,0,0,0,1.0,1,1.0,1,1.0,1,0.20653109335651115,36
1821,1,4055,1463,2592,0,0,0,1.0,1,1.0,1,1.0,1,0.19339609583298634,36
1822,4,4059,1466,2593,0,0,0,1.0,1,1.0,1,1.0,1,0.25521521509952383,37
1823,7,4066,1470,2596,0,0,0,1.0,1,1.0,1,1.0,1,0.3123100561802922,38
1824,2,4068,1472,2596,0,0,0,1.0,1,1.0,1,1.0,1,0.29947206670734355,37
1825,5,4073,1474,2599,0,0,0,1.0,1,1.0,1,1.0,1,0.3479105404968712,36
1826,1,4074,1474,2600,0,0,0,1.0,1,1.0,1,1.0,1,0.33364901580532375,35
1827,0,4074,1474,2600,0,0,0,1.0,1,1.0,1,1.0,1,0.3312125824540835,35
1828,1,4075,1475,2600,0,0,0,1.0,1,1.0,1,1.0,1,0.357292849874955,33
1829,2,4077,1475,2602,0,0,0,1.0,1,1.0,1,1.0,1,0.3673359613391404,32
1830,3,4080,1477,2603,0,0,0,1.0,1,1.0,1,1.0,1,0.36974583572575415,32
1831,2,4082,1478,2604,0,0,0,1.0,1,1.0,1,1.0,1,0.39304113428079224,30
1832,1,4083,1478,2605,0,0,0,1.0,1,1.0,1,1.0,1,0.3689789203210808,30
1833,0,4083,1478,2605,0,0,0,1.0,1,1.0,1,1.0,1,0.3823766274969395,29
1834,3,4086,1479,2607,0,0,0,1.0,1,1.0,1,1.0,1,0.2866639439761303,28
1835,0,4086,1479,2607,0,0,0,1.0,1,1.0,1,1.0,1,0.2752554549341173,28
1836,0,4086,1479,2607,0,0,0,1.0,1,1.0,1,1.0,1,0.27785695671055716,29
1837,1,4087,1479,2608,0,0,0,1.0,1,1.0,1,1.0,1,0.3046309892695379,28
1838,1,4088,1480,2608,0,0,0,1.0,1,1.0,1,1.0,1,0.3071770996370483,28
1839,1,4089,1481,2608,0,0,0,1.0,1,1.0,1,1.0,1,0.4386246462889263,27
1840,1,4090,1481,2609,0,0,0,1.0,1,1.0,1,1.0,1,0.4708928070237918,26
1841,0,4090,1481,2609,0,0,0,1.0,1,1.0,1,1.0,1,0.4583059357224034,25
1842,3,4093,1482,2611,0,0,0,1.0,1,1.0,1,1.0,1,0.39133518889142416,26
1843,0,4093,1482,2611,0,0,0,1.0,1,1.0,1,1.0,1,0.39133518889142416,26
1844,1,4094,1483,2611,0,0,0,1.0,1,1.0,1,1.0,1,0.4062979216963737,26
1845,2,4096,1484,2612,0,0,0,1.0,1,1.0,1,1.0,1,0.44013577477866633,26
1846,2,4098,1486,2612,0,0,0,1.0,1,1.0,1,1.0,1,0.46605512798117626,26
1847,0,4098,1486,2612,0,0,0,1.0,1,1.0,1,1.0,1,0.46605512798117626,26
1848,0,4098,1486,2612,0,0,0,1.0,1,1.0,1,1.0,1,0.4819667063920591,27
1849,0,4098,1486,2612,0,0,0,1.0,1,1.0,1,1.0,1,0.4819667063920591,27
1850,0,4098,1486,2612,0,0,0,1.0,1,1.0,1,1.0,1,0.49615483281413075,28
1851,0,4098,1486,2612,0,0,0,1.0,1,1.0,1,1.0,1,0.49615483281413075,28
1852,0,4098,1486,2612,0,0,0,1.0,1,1.0,1,1.0,1,0.49615483281413075,28
1853,2,4100,1486,2614,0,0,0,1.0,1,1.0,1,1.0,1,0.4877600677501952,27
1854,0,4100,1486,2614,0,0,0,1.0,1,1.0,1,1.0,1,0.5040342232398186,28
1855,3,4103,1486,2617,0,0,0,1.0,1,1.0,1,1.0,1,0.4968082244927972,28
1856,4,4107,1486,2621,0,0,0,1.0,1,1.0,1,1.0,1,0.4136826088287835,30
1857,3,4110,1486,2624,0,0,0,1.0,1,1.0,1,1.0,1,0.402403487956277,31
1858,8,4118,1488,2630,0,0,0,1.0,1,1.0,1,1.0,1,0.43595785192289843,31
1859,4,4122,1488,2634,0,0,0,1.0,1,1.0,1,1.0,1,0.4422243191207869,31
1860,1,4123,1488,2635,0,0,0,1.0,1,1.0,1,1.0,1,0.4324222685853734,31
1861,4,4127,1488,2639,0,0,0,1.0,1,1.0,1,1.0,1,0.3514556777217176,31
1862,0,4127,1488,2639,0,0,0,1.0,1,1.0,1,1.0,1,0.3514556777217176,31
1863,1,4128,1488,2640,0,0,0,1.0,1,1.0,1,1.0,1,0.3352970167690624,31
1864,2,4130,1490,2640,0,0,0,1.0,1,1.0,1,1.0,1,0.3450070410355358,30
1865,1,4131,1491,2640,0,0,0,1.0,1,1.0,1,1.0,1,0.3925905500395869,27
1866,2,4133,1493,2640,0,0,0,1.0,1,1.0,1,1.0,1,0.4386076626720078,28
1867,1,4134,1494,2640,0,0,0,1.0,1,1.0,1,1.0,1,0.4596032058833098,26
1868,1,4135,1495,2640,0,0,0,1.0,1,1.0,1,1.0,1,0.4596886122149184,26
1869,0,4135,1495,2640,0,0,0,1.0,1,1.0,1,1.0,1,0.46205804926947097,25
1870,1,4136,1496,2640,0,0,0,1.0,1,1.0,1,1.0,1,0.4783436943047394,25
1871,1,4137,1497,2640,0,0,0,1.0,1,1.0,1,1.0,1,0.4529842630925152,26
1872,0,4137,1497,2640,0,0,0,1.0,1,1.0,1,1.0,1,0.44107495664392826,25
1873,0,4137,1497,2640,0,0,0,1.0,1,1.0,1,1.0,1,0.44030038245609604,23
1874,1,4138,1498,2640,0,0,0,1.0,1,1.0,1,1.0,1,0.37362934779182866,23
1875,1,4139,1498,2641,0,0,0,1.0,1,1.0,1,1.0,1,0.4350370261415271,21
1876,2,4141,1499,2642,0,0,0,1.0,1,1.0,1,1.0,1,0.3949411278071535,24
1877,1,4142,1500,2642,0,0,0,1.0,1,1.0,1,1.0,1,0.44729436143109125,24
1878,0,4142,1500,2642,0,0,0,1.0,1,1.0,1,1.0,1,0.41077835641768407,26
1879,0,4142,1500,2642,0,0,0,1.0,1,1.0,1,1.0,1,0.41077835641768407,26
1880,1,4143,1500,2643,0,0,0,1.0,1,1.0,1,1.0,1,0.37582384332737534,26
1881,2,4145,1501,2644,0,0,0,1.0,1,1.0,1,1.0,1,0.3757207483295095,26
1882,0,4145,1501,2644,0,0,0,1.0,1,1.0,1,1.0,1,0.3897072994751378,25
1883,0,4145,1501,2644,0,0,0,1.0,1,1.0,1,1.0,1,0.3897072994751378,25
1884,0,4145,1501,2644,0,0,0,1.0,1,1.0,1,1.0,1,0.3897072994751378,25
1885,1,4146,1501,2645,0,0,0,1.0,1,1.0,1,1.0,1,0.381908731352319,25
1886,0,4146,1501,2645,0,0,0,1.0,1,1.0,1,1.0,1,0.3616225561126112,26
1887,0,4146,1501,2645,0,0,0,1.0,1,1.0,1,1.0,1,0.3616225561126112,26
1888,2,4148,1502,2646,0,0,0,1.0,1,1.0,1,1.0,1,0.39528238566074136,27
1889,1,4149,1502,2647,0,0,0,1.0,1,1.0,1,1.0,1,0.39444212155510894,28
1890,0,4149,1502,2647,0,0,0,1.0,1,1.0,1,1.0,1,0.39444212155510894,28
1891,6,4155,1502,2653,0,0,0,1.0,1,1.0,1,1.0,1,0.23194713408033577,29
1892,0,4155,1502,2653,0,0,0,1.0,1,1.0,1,1.0,1,0.23194713408033577,29
1893,0,4155,1502,2653,0,0,0,1.0,1,1.0,1,1.0,1,0.23194713408033577,29
1894,0,4155,1502,2653,0,0,0,1.0,1,1.0,1,1.0,1,0.23194713408033577,29
1895,2,4157,1503,2654,0,0,0,1.0,1,1.0,1,1.0,1,0.18616635624619476,31
1896,2,4159,1504,2655,0,0,0,1.0,1,1.0,1,1.0,1,0.20118841680683858,31
1897,0,4159,1504,2655,0,0,0,1.0,1,1.0,1,1.0,1,0.20118841680683858,31
1898,0,4159,1504,2655,0,0,0,1.0,1,1.0,1,1.0,1,0.20118841680683858,31
1899,0,4159,1504,2655,0,0,0,1.0,1,1.0,1,1.0,1,0.22456746412114964,32
1900,0,4159,1504,2655,0,0,0,1.0,1,1.0,1,1.0,1,0.22456746412114964,32
1901,0,4159,1504,2655,0,0,0,1.0,1,1.0,1,1.0,1,0.22456746412114964,32
1902,0,4159,1504,2655,0,0,0,1.0,1,1.0,1,1.0,1,0.22456746412114964,32
1903,0,4159,1504,2655,0,0,0,1.0,1,1.0,1,1.0,1,0.22456746412114964,32
1904,0,4159,1504,2655,0,0,0,1.0,1,1.0,1,1.0,1,0.2148540102153618,34
1905,0,4159,1504,2655,0,0,0,1.0,1,1.0,1,1.0,1,0.2148540102153618,34
1906,0,4159,1504,2655,0,0,0,1.0,1,1.0,1,1.0,1,0.21926385152180847,35
1907,1,4160,1504,2656,0,0,0,1.0,1,1.0,1,1.0,1,0.21412773022037765,36
1908,1,4161,1504,2657,0,0,0,1.0,1,1.0,1,1.0,1,0.23188743902048653,36
1909,2,4163,1504,2659,0,0,0,1.0,1,1.0,1,1.0,1,0.2054041603778333,37
1910,1,4164,1504,2660,0,0,0,1.0,1,1.0,1,1.0,1,0.20745655019431347,38
1911,3,4167,1504,2663,0,0,0,1.0,1,1.0,1,1.0,1,0.13722292547037604,37
1912,2,4169,1506,2663,0,0,0,1.0,1,1.0,1,1.0,1,0.16538050437188423,37
1913,0,4169,1506,2663,0,0,0,1.0,1,1.0,1,1.0,1,0.15251040053879125,36
1914,2,4171,1507,2664,0,0,0,1.0,1,1.0,1,1.0,1,0.16117343402287496,37
1915,4,4175,1507,2668,0,0,0,1.0,1,1.0,1,1.0,1,0.19350494472442337,37
1916,3,4178,1507,2671,0,0,0,1.0,1,1.0,1,1.0,1,0.17549249090104366,39
1917,6,4184,1508,2676,0,0,0,1.0,1,1.0,1,1.0,1,0.15304915021453855,38
1918,3,4187,1509,2678,0,0,0,1.0,1,1.0,1,1.0,1,0.2048551031406839,38
1919,5,4192,1510,2682,0,0,0,1.0,1,1.0,1,1.0,1,0.27239004409950773,38
1920,7,4199,1511,2688,0,0,0,1.0,1,1.0,1,1.0,1,0.25075977915125136,39
1921,1,4200,1511,2689,0,0,0,1.0,1,1.0,1,1.0,1,0.20614272140694478,38
1922,0,4200,1511,2689,0,0,0,1.0,1,1.0,1,1.0,1,0.21564023508996402,39
1923,2,4202,1513,2689,0,0,0,1.0,1,1.0,1,1.0,1,0.19734201816602426,40
1924,1,4203,1513,2690,0,0,0,1.0,1,1.0,1,1.0,1,0.1842303892242922,40
1925,0,4203,1513,2690,0,0,0,1.0,1,1.0,1,1.0,1,0.20818586018228522,40
1926,1,4204,1514,2690,0,0,0,1.0,1,1.0,1,1.0,1,0.20906216319602547,40
1927,0,4204,1514,2690,0,0,0,1.0,1,1.0,1,1.0,1,0.21641060720830918,41
1928,1,4205,1515,2690,0,0,0,1.0,1,1.0,1,1.0,1,0.21252292664141953,41
1929,0,4205,1515,2690,0,0,0,1.0,1,1.0,1,1.0,1,0.21229610755123726,40
1930,0,4205,1515,2690,0,0,0,1.0,1,1.0,1,1.0,1,0.21229610755123726,40
1931,0,4205,1515,2690,0,0,0,1.0,1,1.0,1,1.0,1,0.21229610755123726,40
1932,0,4205,1515,2690,0,0,0,1.0,1,1.0,1,1.0,1,0.21229610755123726,40
1933,1,4206,1516,2690,0,0,0,1.0,1,1.0,1,1.0,1,0.2254241594871468,42
1934,1,4207,1516,2691,0,0,0,1.0,1,1.0,1,1.0,1,0.22308788950971462,44
1935,0,4207,1516,2691,0,0,0,1.0,1,1.0,1,1.0,1,0.22308788950971462,44
1936,4,4211,1517,2694,0,0,0,1.0,1,1.0,1,1.0,1,0.20472356479871975,46
1937,2,4213,1519,2694,0,0,0,1.0,1,1.0,1,1.0,1,0.23414965942978724,47
1938,2,4215,1520,2695,0,0,0,1.0,1,1.0,1,1.0,1,0.21983335854334518,47
1939,1,4216,1521,2695,0,0,0,1.0,1,1.0,1,1.0,1,0.21640823206754004,47
1940,1,4217,1521,2696,0,0,0,1.0,1,1.0,1,1.0,1,0.21020574422226967,47
1941,4,4221,1523,2698,0,0,0,1.0,1,1.0,1,1.0,1,0.24140111991874558,47
1942,6,4227,1526,2701,0,0,0,1.0,1,1.0,1,1.0,1,0.25653199808697047,49
1943,2,4229,1527,2702,0,0,0,1.0,1,1.0,1,1.0,1,0.26148987019454295,47
1944,0,4229,1527,2702,0,0,0,1.0,1,1.0,1,1.0,1,0.26148987019454295,47
1945,6,4235,1530,2705,0,0,0,1.0,1,1.0,1,1.0,1,0.3050657936270337,45
1946,3,4238,1530,2708,0,0,0,1.0,1,1.0,1,1.0,1,0.30403269634214114,45
1947,4,4242,1533,2709,0,0,0,1.0,1,1.0,1,1.0,1,0.32821070172959094,45
1948,5,4247,1535,2712,0,0,0,1.0,1,1.0,1,1.0,1,0.3408807671797495,45
1949,5,4252,1538,2714,0,0,0,1.0,1,1.0,1,1.0,1,0.4217044640554149,42
1950,6,4258,1541,2717,0,0,0,1.0,1,1.0,1,1.0,1,0.30039786334238255,42
1951,3,4261,1541,2720,0,0,0,1.0,1,1.0,1,1.0,1,0.23005017531970517,38
1952,2,4263,1542,2721,0,0,0,1.0,1,1.0,1,1.0,1,0.23016243312066714,36
1953,1,4264,1543,2721,0,0,0,1.0,1,1.0,1,1.0,1,0.24053998986636121,35
1954,1,4265,1543,2722,0,0,0,1.0,1,1.0,1,1.0,1,0.2798155341381867,32
1955,2,4267,1545,2722,0,0,0,1.0,1,1.0,1,1.0,1,0.2585167696093634,33
1956,2,4269,1547,2722,0,0,0,1.0,1,1.0,1,1.0,1,0.2726272356505131,31
1957,1,4270,1548,2722,0,0,0,1.0,1,1.0,1,1.0,1,0.24995775787431368,33
1958,3,4273,1550,2723,0,0,0,1.0,1,1.0,1,1.0,1,0.20493215346681795,34
1959,0,4273,1550,2723,0,0,0,1.0,1,1.0,1,1.0,1,0.20749034908399985,35
1960,0,4273,1550,2723,0,0,0,1.0,1,1.0,1,1.0,1,0.2117051703432283,36
1961,1,4274,1551,2723,0,0,0,1.0,1,1.0,1,1.0,1,0.19699847697788275,36
1962,0,4274,1551,2723,0,0,0,1.0,1,1.0,1,1.0,1,0.18795237982080854,35
1963,1,4275,1552,2723,0,0,0,1.0,1,1.0,1,1.0,1,0.20820290384021667,36
1964,2,4277,1553,2724,0,0,0,1.0,1,1.0,1,1.0,1,0.23949935211388465,35
1965,2,4279,1553,2726,0,0,0,1.0,1,1.0,1,1.0,1,0.20185124102246818,36
1966,2,4281,1554,2727,0,0,0,1.0,1,1.0,1,1.0,1,0.230432041028594,36
1967,0,4281,1554,2727,0,0,0,1.0,1,1.0,1,1.0,1,0.230432041028594,36
1968,0,4281,1554,2727,0,0,0,1.0,1,1.0,1,1.0,1,0.24640617629878273,37
1969,1,4282,1555,2727,0,0,0,1.0,1,1.0,1,1.0,1,0.27724837820525483,37
1970,0,4282,1555,2727,0,0,0,1.0,1,1.0,1,1.0,1,0.27969712630669213,38
1971,1,4283,1556,2727,0,0,0,1.0,1,1.0,1,1.0,1,0.297883109207789,37
1972,1,4284,1557,2727,0,0,0,1.0,1,1.0,1,1.0,1,0.3104536168442864,37
1973,2,4286,1558,2728,0,0,0,1.0,1,1.0,1,1.0,1,0.3131577383882704,37
1974,1,4287,1558,2729,0,0,0,1.0,1,1.0,1,1.0,1,0.2972670017934942,38
1975,0,4287,1558,2729,0,0,0,1.0,1,1.0,1,1.0,1,0.3063914425735273,37
1976,3,4290,1561,2729,0,0,0,1.0,1,1.0,1,1.0,1,0.3225125129204173,39
1977,3,4293,1562,2731,0,0,0,1.0,1,1.0,1,1.0,1,0.29893440484791695,42
1978,4,4297,1565,2732,0,0,0,1.0,1,1.0,1,1.0,1,0.2983846638592979,42
1979,0,4297,1565,2732,0,0,0,1.0,1,1.0,1,1.0,1,0.2983846638592979,42
1980,1,4298,1566,2732,0,0,0,1.0,1,1.0,1,1.0,1,0.3330527012204639,43
1981,6,4304,1567,2737,0,0,0,1.0,1,1.0,1,1.0,1,0.23935891771490436,44
1982,2,4306,1569,2737,0,0,0,1.0,1,1.0,1,1.0,1,0.2345601556070905,44
1983,2,4308,1570,2738,0,0,0,1.0,1,1.0,1,1.0,1,0.23651381752386874,44
1984,4,4312,1571,2741,0,0,0,1.0,1,1.0,1,1.0,1,0.22145074362990347,42
1985,1,4313,1572,2741,0,0,0,1.0,1,1.0,1,1.0,1,0.1953577496893102,41
1986,3,4316,1575,2741,0,0,0,1.0,1,1.0,1,1.0,1,0.25740446318087457,40
1987,2,4318,1576,2742,0,0,0,1.0,1,1.0,1,1.0,1,0.22118618414628788,37
1988,5,4323,1578,2745,0,0,0,1.0,1,1.0,1,1.0,1,0.20635919649745432,35
1989,0,4323,1578,2745,0,0,0,1.0,1,1.0,1,1.0,1,0.24893628663727194,32
1990,2,4325,1580,2745,0,0,0,1.0,1,1.0,1,1.0,1,0.2017658119215512,31
1991,1,4326,1581,2745,0,0,0,1.0,1,1.0,1,1.0,1,0.2528119352301586,32
1992,3,4329,1583,2746,0,0,0,1.0,1,1.0,1,1.0,1,0.3081045264568702,32
1993,1,4330,1584,2746,0,0,0,1.0,1,1.0,1,1.0,1,0.3817767333981534,32
1994,0,4330,1584,2746,0,0,0,1.0,1,1.0,1,1.0,1,0.37545119124459175,31
1995,1,4331,1584,2747,0,0,0,1.0,1,1.0,1,1.0,1,0.33507529315071016,32
1996,0,4331,1584,2747,0,0,0,1.0,1,1.0,1,1.0,1,0.3160352764162305,32
1997,0,4331,1584,2747,0,0,0,1.0,1,1.0,1,1.0,1,0.32673698981413607,31
1998,1,4332,1585,2747,0,0,0,1.0,1,1.0,1,1.0,1,0.33777246961689494,32
1999,0,4332,1585,2747,0,0,0,1.0,1,1.0,1,1.0,1,0.34426972962631963,31
2000,0,4332,1585,2747,0,0,0,1.0,1,1.0,1,1.0,1,0.3716134040265124,30
2001,0,4332,1585,2747,0,0,0,1.0,1,1.0,1,1.0,1,0.39376282872900137,29
2002,1,4333,1586,2747,0,0,0,1.0,1,1.0,1,1.0,1,0.3919305205567271,31
2003,3,4336,1587,2749,0,0,0,1.0,1,1.0,1,1.0,1,0.38080380663410945,33
2004,3,4339,1588,2751,0,0,0,1.0,1,1.0,1,1.0,1,0.41012989302322744,34
2005,0,4339,1588,2751,0,0,0,1.0,1,1.0,1,1.0,1,0.42679880422266386,35
2006,1,4340,1589,2751,0,0,0,1.0,1,1.0,1,1.0,1,0.4212687939917796,36
2007,2,4342,1589,2753,0,0,0,1.0,1,1.0,1,1.0,1,0.38866429182809237,36
2008,2,4344,1590,2754,0,0,0,1.0,1,1.0,1,1.0,1,0.3984250574276173,36
2009,0,4344,1590,2754,0,0,0,1.0,1,1.0,1,1.0,1,0.3845947069554112,37
2010,1,4345,1591,2754,0,0,0,1.0,1,1.0,1,1.0,1,0.3964901198946649,37
2011,6,4351,1591,2760,0,0,0,1.0,1,1.0,1,1.0,1,0.25754523560838927,37
2012,3,4354,1592,2762,0,0,0,1.0,1,1.0,1,1.0,1,0.22081943207821778,37
2013,4,4358,1592,2766,0,0,0,1.0,1,1.0,1,1.0,1,0.14898583793929213,39
2014,1,4359,1592,2767,0,0,0,1.0,1,1.0,1,1.0,1,0.18246088336549957,39
2015,2,4361,1592,2769,0,0,0,1.0,1,1.0,1,1.0,1,0.13620177134810102,39
2016,2,4363,1592,2771,0,0,0,1.0,1,1.0,1,1.0,1,0.1558816629747909,41
2017,5,4368,1592,2776,0,0,0,1.0,1,1.0,1,1.0,1,0.14889568431959943,41
2018,7,4375,1593,2782,0,0,0,1.0,1,1.0,1,1.0,1,0.1960795044208276,42
2019,6,4381,1594,2787,0,0,0,1.0,1,1.0,1,1.0,1,0.1404259567299999,43
2020,5,4386,1596,2790,0,0,0,1.0,1,1.0,1,1.0,1,0.17453811364197092,43
2021,3,4389,1596,2793,0,0,0,1.0,1,1.0,1,1.0,1,0.1604219605868858,43
2022,2,4391,1597,2794,0,0,0,1.0,1,1.0,1,1.0,1,0.1631787918489076,44
2023,2,4393,1599,2794,0,0,0,1.0,1,1.0,1,1.0,1,0.22669157021229813,42
2024,0,4393,1599,2794,0,0,0,1.0,1,1.0,1,1.0,1,0.2154389247921933,41
2025,2,4395,1601,2794,0,0,0,1.0,1,1.0,1,1.0,1,0.25705093074890695,39
2026,2,4397,1603,2794,0,0,0,1.0,1,1.0,1,1.0,1,0.27207984118388406,39
2027,2,4399,1605,2794,0,0,0,1.0,1,1.0,1,1.0,1,0.37490248361482875,38
2028,1,4400,1606,2794,0,0,0,1.0,1,1.0,1,1.0,1,0.39301805446975924,37
2029,1,4401,1607,2794,0,0,0,1.0,1,1.0,1,1.0,1,0.3789649760295931,35
2030,5,4406,1610,2796,0,0,0,1.0,1,1.0,1,1.0,1,0.3592564805983699,32
2031,2,4408,1612,2796,0,0,0,1.0,1,1.0,1,1.0,1,0.3475521823880032,34
2032,2,4410,1614,2796,0,0,0,1.0,1,1.0,1,1.0,1,0.3991600818538123,35
2033,6,4416,1617,2799,0,0,0,1.0,1,1.0,1,1.0,1,0.40261167975215467,35
2034,1,4417,1617,2800,0,0,0,1.0,1,1.0,1,1.0,1,0.40563157256456556,35
2035,5,4422,1620,2802,0,0,0,1.0,1,1.0,1,1.0,1,0.38233999929903895,36
2036,2,4424,1621,2803,0,0,0,1.0,1,1.0,1,1.0,1,0.4169761102699877,35
2037,7,4431,1622,2809,0,0,0,1.0,1,1.0,1,1.0,1,0.3607717509201922,36
2038,3,4434,1623,2811,0,0,0,1.0,1,1.0,1,1.0,1,0.33192169212636896,38
2039,4,4438,1624,2814,0,0,0,1.0,1,1.0,1,1.0,1,0.36965461356247165,38
2040,5,4443,1624,2819,0,0,0,1.0,1,1.0,1,1.0,1,0.33874311280794805,37
2041,1,4444,1624,2820,0,0,0,1.0,1,1.0,1,1.0,1,0.30963033009698915,38
2042,1,4445,1624,2821,0,0,0,1.0,1,1.0,1,1.0,1,0.28104516920709843,38
2043,1,4446,1625,2821,0,0,0,1.0,1,1.0,1,1.0,1,0.2617406185914513,38
2044,1,4447,1625,2822,0,0,0,1.0,1,1.0,1,1.0,1,0.22215348922557024,39
2045,1,4448,1625,2823,0,0,0,1.0,1,1.0,1,1.0,1,0.2114824479801315,40
2046,3,4451,1625,2826,0,0,0,1.0,1,1.0,1,1.0,1,0.1435630741845814,41
2047,0,4451,1625,2826,0,0,0,1.0,1,1.0,1,1.0,1,0.1435630741845814,41
2048,2,4453,1626,2827,0,0,0,1.0,1,1.0,1,1.0,1,0.14103233811601013,43
2049,2,4455,1627,2828,0,0,0,1.0,1,1.0,1,1.0,1,0.13642902160384746,43
2050,1,4456,1627,2829,0,0,0,1.0,1,1.0,1,1.0,1,0.11442265706850846,43
2051,1,4457,1627,2830,0,0,0,1.0,1,1.0,1,1.0,1,0.13314830006213157,43
2052,0,4457,1627,2830,0,0,0,1.0,1,1.0,1,1.0,1,0.13074513048900888,44
2053,1,4458,1628,2830,0,0,0,1.0,1,1.0,1,1.0,1,0.17979975024284917,43
2054,4,4462,1630,2832,0,0,0,1.0,1,1.0,1,1.0,1,0.1990886518819113,44
2055,3,4465,1630,2835,0,0,0,1.0,1,1.0,1,1.0,1,0.21738995385261298,43
2056,4,4469,1631,2838,0,0,0,1.0,1,1.0,1,1.0,1,0.16628079187492048,44
2057,1,4470,1631,2839,0,0,0,1.0,1,1.0,1,1.0,1,0.1836831586682732,44
2058,2,4472,1631,2841,0,0,0,1.0,1,1.0,1,1.0,1,0.18327841564585112,44
2059,1,4473,1631,2842,0,0,0,1.0,1,1.0,1,1.0,1,0.1885306713645486,45
2060,1,4474,1632,2842,0,0,0,1.0,1,1.0,1,1.0,1,0.22634599052627613,46
2061,2,4476,1633,2843,0,0,0,1.0,1,1.0,1,1.0,1,0.2341686119036842,48
2062,3,4479,1634,2845,0,0,0,1.0,1,1.0,1,1.0,1,0.27328739449493666,48
2063,2,4481,1634,2847,0,0,0,1.0,1,1.0,1,1.0,1,0.2444905593285828,45
2064,0,4481,1634,2847,0,0,0,1.0,1,1.0,1,1.0,1,0.2767609547677332,44
2065,4,4485,1634,2851,0,0,0,1.0,1,1.0,1,1.0,1,0.22411782242820166,42
2066,4,4489,1636,2853,0,0,0,1.0,1,1.0,1,1.0,1,0.2563908552314416,42
2067,0,4489,1636,2853,0,0,0,1.0,1,1.0,1,1.0,1,0.2566613599087782,38
2068,1,4490,1637,2853,0,0,0,1.0,1,1.0,1,1.0,1,0.27128323115460745,37
2069,0,4490,1637,2853,0,0,0,1.0,1,1.0,1,1.0,1,0.26261300253298003,35
2070,1,4491,1638,2853,0,0,0,1.0,1,1.0,1,1.0,1,0.28804283586623997,35
2071,4,4495,1639,2856,0,0,0,1.0,1,1.0,1,1.0,1,0.2541469535101009,34
2072,2,4497,1640,2857,0,0,0,1.0,1,1.0,1,1.0,1,0.2721676622480022,35
2073,4,4501,1641,2860,0,0,0,1.0,1,1.0,1,1.0,1,0.26183979319308004,37
2074,0,4501,1641,2860,0,0,0,1.0,1,1.0,1,1.0,1,0.24632110802376786,36
2075,1,4502,1641,2861,0,0,0,1.0,1,1.0,1,1.0,1,0.24891573493846506,38
2076,2,4504,1641,2863,0,0,0,1.0,1,1.0,1,1.0,1,0.2106451335269797,37
2077,1,4505,1641,2864,0,0,0,1.0,1,1.0,1,1.0,1,0.1610963426041236,37
2078,0,4505,1641,2864,0,0,0,1.0,1,1.0,1,1.0,1,0.1610963426041236,37
2079,2,4507,1642,2865,0,0,0,1.0,1,1.0,1,1.0,1,0.17685274416944236,37
2080,0,4507,1642,2865,0,0,0,1.0,1,1.0,1,1.0,1,0.1882780914627296,36
2081,0,4507,1642,2865,0,0,0,1.0,1,1.0,1,1.0,1,0.2156206304164413,37
2082,3,4510,1644,2866,0,0,0,1.0,1,1.0,1,1.0,1,0.26642367547664897,38
2083,0,4510,1644,2866,0,0,0,1.0,1,1.0,1,1.0,1,0.2783357914010138,39
2084,2,4512,1644,2868,0,0,0,1.0,1,1.0,1,1.0,1,0.23713095147281135,41
2085,1,4513,1645,2868,0,0,0,1.0,1,1.0,1,1.0,1,0.2498971650024802,41
2086,0,4513,1645,2868,0,0,0,1.0,1,1.0,1,1.0,1,0.25547502734071387,44
2087,1,4514,1645,2869,0,0,0,1.0,1,1.0,1,1.0,1,0.23923075831026044,44
2088,0,4514,1645,2869,0,0,0,1.0,1,1.0,1,1.0,1,0.2429496878080781,45
2089,0,4514,1645,2869,0,0,0,1.0,1,1.0,1,1.0,1,0.23455953147350359,46
2090,1,4515,1645,2870,0,0,0,1.0,1,1.0,1,1.0,1,0.23607732360561212,47
2091,6,4521,1647,2874,0,0,0,1.0,1,1.0,1,1.0,1,0.18179706039182295,48
2092,2,4523,1648,2875,0,0,0,1.0,1,1.0,1,1.0,1,0.20886293747404308,48
2093,3,4526,1648,2878,0,0,0,1.0,1,1.0,1,1.0,1,0.18345711783576557,48
2094,1,4527,1648,2879,0,0,0,1.0,1,1.0,1,1.0,1,0.153037339647046,47
2095,2,4529,1648,2881,0,0,0,1.0,1,1.0,1,1.0,1,0.17164895870375327,49
2096,3,4532,1649,2883,0,0,0,1.0,1,1.0,1,1.0,1,0.2010689619254828,50
2097,1,4533,1649,2884,0,0,0,1.0,1,1.0,1,1.0,1,0.2139097119593307,50
2098,3,4536,1651,2885,0,0,0,1.0,1,1.0,1,1.0,1,0.24897439794762408,51
2099,2,4538,1651,2887,0,0,0,1.0,1,1.0,1,1.0,1,0.2398423144722416,50
2100,3,4541,1653,2888,0,0,0,1.0,1,1.0,1,1.0,1,0.24887020483233002,49
2101,4,4545,1655,2890,0,0,0,1.0,1,1.0,1,1.0,1,0.25691699842013405,48
2102,4,4549,1657,2892,0,0,0,1.0,1,1.0,1,1.0,1,0.2973776549677102,49
2103,1,4550,1658,2892,0,0,0,1.0,1,1.0,1,1.0,1,0.30019599287963916,44
2104,1,4551,1659,2892,0,0,0,1.0,1,1.0,1,1.0,1,0.32162774538978606,42
2105,0,4551,1659,2892,0,0,0,1.0,1,1.0,1,1.0,1,0.30342789623395355,40
2106,4,4555,1661,2894,0,0,0,1.0,1,1.0,1,1.0,1,0.33860082442691103,39
2107,2,4557,1662,2895,0,0,0,1.0,1,1.0,1,1.0,1,0.32007494229754596,37
2108,1,4558,1663,2895,0,0,0,1.0,1,1.0,1,1.0,1,0.3301397401341793,37
2109,2,4560,1665,2895,0,0,0,1.0,1,1.0,1,1.0,1,0.40307204518862794,36
2110,0,4560,1665,2895,0,0,0,1.0,1,1.0,1,1.0,1,0.3707062288274183,35
2111,1,4561,1666,2895,0,0,0,1.0,1,1.0,1,1.0,1,0.33489786087624845,35
2112,0,4561,1666,2895,0,0,0,1.0,1,1.0,1,1.0,1,0.33489786087624845,35
2113,0,4561,1666,2895,0,0,0,1.0,1,1.0,1,1.0,1,0.3341050725907318,35
2114,2,4563,1668,2895,0,0,0,1.0,1,1.0,1,1.0,1,0.3051010736433016,36
2115,2,4565,1669,2896,0,0,0,1.0,1,1.0,1,1.0,1,0.3053642213223048,37
2116,3,4568,1672,2896,0,0,0,1.0,1,1.0,1,1.0,1,0.3304084029849423,39
2117,0,4568,1672,2896,0,0,0,1.0,1,1.0,1,1.0,1,0.31763851847499247,39
2118,2,4570,1672,2898,0,0,0,1.0,1,1.0,1,1.0,1,0.30250816418632664,41
2119,1,4571,1672,2899,0,0,0,1.0,1,1.0,1,1.0,1,0.31219770898390464,42
2120,1,4572,1672,2900,0,0,0,1.0,1,1.0,1,1.0,1,0.2864293980150657,42
2121,1,4573,1673,2900,0,0,0,1.0,1,1.0,1,1.0,1,0.296024312096659,42
2122,0,4573,1673,2900,0,0,0,1.0,1,1.0,1,1.0,1,0.30910878138599923,43
2123,1,4574,1674,2900,0,0,0,1.0,1,1.0,1,1.0,1,0.3198219591127242,42
2124,0,4574,1674,2900,0,0,0,1.0,1,1.0,1,1.0,1,0.3198219591127242,42
2125,0,4574,1674,2900,0,0,0,1.0,1,1.0,1,1.0,1,0.3336374426916813,41
2126,0,4574,1674,2900,0,0,0,1.0,1,1.0,1,1.0,1,0.3336374426916813,41
2127,0,4574,1674,2900,0,0,0,1.0,1,1.0,1,1.0,1,0.3336374426916813,41
2128,0,4574,1674,2900,0,0,0,1.0,1,1.0,1,1.0,1,0.3406835834795544,42
2129,1,4575,1674,2901,0,0,0,1.0,1,1.0,1,1.0,1,0.3751557760604222,43
2130,0,4575,1674,2901,0,0,0,1.0,1,1.0,1,1.0,1,0.3818494614139525,45
2131,6,4581,1675,2906,0,0,0,1.0,1,1.0,1,1.0,1,0.34010870942422183,44
2132,1,4582,1675,2907,0,0,0,1.0,1,1.0,1,1.0,1,0.32910964584308405,44
2133,2,4584,1675,2909,0,0,0,1.0,1,1.0,1,1.0,1,0.3017867731381383,45
2134,2,4586,1676,2910,0,0,0,1.0,1,1.0,1,1.0,1,0.3041638429802697,45
2135,8,4594,1677,2917,0,0,0,1.0,1,1.0,1,1.0,1,0.16907147402740622,46
2136,2,4596,1678,2918,0,0,0,1.0,1,1.0,1,1.0,1,0.1386115169625976,47
2137,1,4597,1679,2918,0,0,0,1.0,1,1.0,1,1.0,1,0.14999710592128526,47
2138,1,4598,1680,2918,0,0,0,1.0,1,1.0,1,1.0,1,0.15099000152518255,45
2139,2,4600,1681,2919,0,0,0,1.0,1,1.0,1,1.0,1,0.12067012453182487,45
2140,0,4600,1681,2919,0,0,0,1.0,1,1.0,1,1.0,1,0.1310266005943468,44
2141,2,4602,1682,2920,0,0,0,1.0,1,1.0,1,1.0,1,0.12374666549907062,45
2142,3,4605,1685,2920,0,0,0,1.0,1,1.0,1,1.0,1,0.1468462638100947,46
2143,2,4607,1686,2921,0,0,0,1.0,1,1.0,1,1.0,1,0.12501975260264991,46
2144,6,4613,1689,2924,0,0,0,1.0,1,1.0,1,1.0,1,0.11492068072826415,48
2145,2,4615,1691,2924,0,0,0,1.0,1,1.0,1,1.0,1,0.13551309325858696,46
2146,1,4616,1691,2925,0,0,0,1.0,1,1.0,1,1.0,1,0.14521465797780014,45
2147,4,4620,1695,2925,0,0,0,1.0,1,1.0,1,1.0,1,0.20487735926348039,44
2148,2,4622,1696,2926,0,0,0,1.0,1,1.0,1,1.0,1,0.2221241318560877,44
2149,4,4626,1698,2928,0,0,0,1.0,1,1.0,1,1.0,1,0.22531620938072866,42
2150,0,4626,1698,2928,0,0,0,1.0,1,1.0,1,1.0,1,0.20238015004125154,40
2151,1,4627,1699,2928,0,0,0,1.0,1,1.0,1,1.0,1,0.2437205952855704,39
2152,1,4628,1700,2928,0,0,0,1.0,1,1.0,1,1.0,1,0.21602496696138102,40
2153,2,4630,1701,2929,0,0,0,1.0,1,1.0,1,1.0,1,0.19314479205136525,42
2154,3,4633,1702,2931,0,0,0,1.0,1,1.0,1,1.0,1,0.2312456212646238,42
2155,2,4635,1704,2931,0,0,0,1.0,1,1.0,1,1.0,1,0.23305279885658925,41
2156,0,4635,1704,2931,0,0,0,1.0,1,1.0,1,1.0,1,0.24026529127406165,40
2157,1,4636,1705,2931,0,0,0,1.0,1,1.0,1,1.0,1,0.28128607836989683,40
2158,2,4638,1706,2932,0,0,0,1.0,1,1.0,1,1.0,1,0.2544008045619234,38
2159,0,4638,1706,2932,0,0,0,1.0,1,1.0,1,1.0,1,0.24574205731766427,38
2160,1,4639,1707,2932,0,0,0,1.0,1,1.0,1,1.0,1,0.23513972585419862,38
2161,4,4643,1709,2934,0,0,0,1.0,1,1.0,1,1.0,1,0.1686989880730302,38
2162,2,4645,1711,2934,0,0,0,1.0,1,1.0,1,1.0,1,0.21534951896882018,38
2163,3,4648,1713,2935,0,0,0,1.0,1,1.0,1,1.0,1,0.1888683626933915,40
2164,4,4652,1714,2938,0,0,0,1.0,1,1.0,1,1.0,1,0.23496870551526525,41
2165,3,4655,1714,2941,0,0,0,1.0,1,1.0,1,1.0,1,0.2307737451281997,42
2166,2,4657,1714,2943,0,0,0,1.0,1,1.0,1,1.0,1,0.2307737451281997,42
2167,1,4658,1714,2944,0,0,0,1.0,1,1.0,1,1.0,1,0.1997865964770263,43
2168,2,4660,1714,2946,0,0,0,1.0,1,1.0,1,1.0,1,0.19917805233807462,43
2169,2,4662,1714,2948,0,0,0,1.0,1,1.0,1,1.0,1,0.21792415925953967,45
2170,1,4663,1715,2948,0,0,0,1.0,1,1.0,1,1.0,1,0.17067716462022706,46
2171,4,4667,1717,2950,0,0,0,1.0,1,1.0,1,1.0,1,0.18077377779019826,48
2172,1,4668,1717,2951,0,0,0,1.0,1,1.0,1,1.0,1,0.19463013169556898,49
2173,5,4673,1718,2955,0,0,0,1.0,1,1.0,1,1.0,1,0.16902485551073806,49
2174,2,4675,1719,2956,0,0,0,1.0,1,1.0,1,1.0,1,0.19818485977220635,49
2175,6,4681,1720,2961,0,0,0,1.0,1,1.0,1,1.0,1,0.19951879781865764,49
2176,6,4687,1723,2964,0,0,0,1.0,1,1.0,1,1.0,1,0.264313842655345,51
2177,8,4695,1726,2969,0,0,0,1.0,1,1.0,1,1.0,1,0.2608341468994016,51
2178,5,4700,1726,2974,0,0,0,1.0,1,1.0,1,1.0,1,0.22105936044680904,50
2179,5,4705,1727,2978,0,0,0,1.0,1,1.0,1,1.0,1,0.17691709763169558,49
2180,2,4707,1727,2980,0,0,0,1.0,1,1.0,1,1.0,1,0.18428521881669208,47
2181,2,4709,1729,2980,0,0,0,1.0,1,1.0,1,1.0,1,0.18137085835668787,47
2182,2,4711,1731,2980,0,0,0,1.0,1,1.0,1,1.0,1,0.1702819864769799,45
2183,1,4712,1732,2980,0,0,0,1.0,1,1.0,1,1.0,1,0.1638573226580626,44
2184,4,4716,1734,2982,0,0,0,1.0,1,1.0,1,1.0,1,0.22614941257525387,43
2185,3,4719,1736,2983,0,0,0,1.0,1,1.0,1,1.0,1,0.2571297355460628,40
2186,6,4725,1742,2983,0,0,0,1.0,1,1.0,1,1.0,1,0.24946864182419734,38
2187,2,4727,1744,2983,0,0,0,1.0,1,1.0,1,1.0,1,0.20104361565722528,35
2188,3,4730,1747,2983,0,0,0,1.0,1,1.0,1,1.0,1,0.25473923538902743,34
2189,1,4731,1748,2983,0,0,0,1.0,1,1.0,1,1.0,1,0.2657500918199896,31
2190,2,4733,1750,2983,0,0,0,1.0,1,1.0,1,1.0,1,0.3294056882595118,29
2191,6,4739,1752,2987,0,0,0,1.0,1,1.0,1,1.0,1,0.21014655107621766,28
2192,0,4739,1752,2987,0,0,0,1.0,1,1.0,1,1.0,1,0.20954263388740138,29
2193,1,4740,1753,2987,0,0,0,1.0,1,1.0,1,1.0,1,0.2512971182517093,28
2194,0,4740,1753,2987,0,0,0,1.0,1,1.0,1,1.0,1,0.2401506495882635,27
2195,2,4742,1755,2987,0,0,0,1.0,1,1.0,1,1.0,1,0.2939586208474898,27
2196,2,4744,1756,2988,0,0,0,1.0,1,1.0,1,1.0,1,0.3902272347312013,27
2197,0,4744,1756,2988,0,0,0,1.0,1,1.0,1,1.0,1,0.3902272347312013,27
2198,0,4744,1756,2988,0,0,0,1.0,1,1.0,1,1.0,1,0.36003121526735493,28
2199,2,4746,1756,2990,0,0,0,1.0,1,1.0,1,1.0,1,0.3140803324762673,29
2200,1,4747,1756,2991,0,0,0,1.0,1,1.0,1,1.0,1,0.3189942487963712,31
2201,2,4749,1758,2991,0,0,0,1.0,1,1.0,1,1.0,1,0.28571387021288835,32
2202,0,4749,1758,2991,0,0,0,1.0,1,1.0,1,1.0,1,0.2730469581399891,31
2203,0,4749,1758,2991,0,0,0,1.0,1,1.0,1,1.0,1,0.25464290574863013,32
2204,1,4750,1759,2991,0,0,0,1.0,1,1.0,1,1.0,1,0.26037068422372345,32
2205,2,4752,1760,2992,0,0,0,1.0,1,1.0,1,1.0,1,0.23817074560743287,33
2206,1,4753,1760,2993,0,0,0,1.0,1,1.0,1,1.0,1,0.20700113395317252,32
2207,0,4753,1760,2993,0,0,0,1.0,1,1.0,1,1.0,1,0.21475385325665558,33
2208,3,4756,1762,2994,0,0,0,1.0,1,1.0,1,1.0,1,0.26196380356405863,35
2209,4,4760,1764,2996,0,0,0,1.0,1,1.0,1,1.0,1,0.2855927962993809,36
2210,0,4760,1764,2996,0,0,0,1.0,1,1.0,1,1.0,1,0.292809578225852,35
2211,0,4760,1764,2996,0,0,0,1.0,1,1.0,1,1.0,1,0.3065543510673792,36
2212,2,4762,1764,2998,0,0,0,1.0,1,1.0,1,1.0,1,0.2883157385761662,37
2213,3,4765,1766,2999,0,0,0,1.0,1,1.0,1,1.0,1,0.28014558351905655,37
2214,1,4766,1767,2999,0,0,0,1.0,1,1.0,1,1.0,1,0.2690578205560089,39
2215,2,4768,1769,2999,0,0,0,1.0,1,1.0,1,1.0,1,0.2964070045911042,36
2216,2,4770,1771,2999,0,0,0,1.0,1,1.0,1,1.0,1,0.33142345796776634,37
2217,2,4772,1771,3001,0,0,0,1.0,1,1.0,1,1.0,1,0.2899243057035497,35
2218,1,4773,1772,3001,0,0,0,1.0,1,1.0,1,1.0,1,0.3187346157854726,35
2219,0,4773,1772,3001,0,0,0,1.0,1,1.0,1,1.0,1,0.28976390081903985,33
2220,0,4773,1772,3001,0,0,0,1.0,1,1.0,1,1.0,1,0.29253398596196206,31
2221,2,4775,1773,3002,0,0,0,1.0,1,1.0,1,1.0,1,0.25868952465942524,31
2222,4,4779,1775,3004,0,0,0,1.0,1,1.0,1,1.0,1,0.28632630418256777,30
2223,4,4783,1777,3006,0,0,0,1.0,1,1.0,1,1.0,1,0.26117895499428134,28
2224,2,4785,1779,3006,0,0,0,1.0,1,1.0,1,1.0,1,0.36823961286762275,29
2225,2,4787,1781,3006,0,0,0,1.0,1,1.0,1,1.0,1,0.36453602694670345,28
2226,2,4789,1781,3008,0,0,0,1.0,1,1.0,1,1.0,1,0.32403152935760904,30
2227,1,4790,1781,3009,0,0,0,1.0,1,1.0,1,1.0,1,0.2950169883327062,28
2228,2,4792,1783,3009,0,0,0,1.0,1,1.0,1,1.0,1,0.33354058384690244,29
2229,0,4792,1783,3009,0,0,0,1.0,1,1.0,1,1.0,1,0.3169690851798162,28
2230,0,4792,1783,3009,0,0,0,1.0,1,1.0,1,1.0,1,0.3166758766801571,28
2231,1,4793,1784,3009,0,0,0,1.0,1,1.0,1,1.0,1,0.3686255268481405,27
2232,0,4793,1784,3009,0,0,0,1.0,1,1.0,1,1.0,1,0.3735978303974411,27
2233,0,4793,1784,3009,0,0,0,1.0,1,1.0,1,1.0,1,0.3774651415476452,28
2234,2,4795,1786,3009,0,0,0,1.0,1,1.0,1,1.0,1,0.32617057172182623,26
2235,1,4796,1787,3009,0,0,0,1.0,1,1.0,1,1.0,1,0.28567962750840337,26
2236,1,4797,1788,3009,0,0,0,1.0,1,1.0,1,1.0,1,0.29172979457787757,26
2237,3,4800,1791,3009,0,0,0,1.0,1,1.0,1,1.0,1,0.34078844036467537,26
2238,3,4803,1793,3010,0,0,0,1.0,1,1.0,1,1.0,1,0.3265673959893234,27
2239,1,4804,1794,3010,0,0,0,1.0,1,1.0,1,1.0,1,0.35084061540293565,28
2240,5,4809,1797,3012,0,0,0,1.0,1,1.0,1,1.0,1,0.26322675697565723,30
2241,3,4812,1798,3014,0,0,0,1.0,1,1.0,1,1.0,1,0.20702505919869577,29
2242,1,4813,1799,3014,0,0,0,1.0,1,1.0,1,1.0,1,0.22948787369535717,29
2243,1,4814,1800,3014,0,0,0,1.0,1,1.0,1,1.0,1,0.2419841746043076,29
2244,0,4814,1800,3014,0,0,0,1.0,1,1.0,1,1.0,1,0.2419841746043076,29
2245,0,4814,1800,3014,0,0,0,1.0,1,1.0,1,1.0,1,0.25937783501588246,30
2246,0,4814,1800,3014,0,0,0,1.0,1,1.0,1,1.0,1,0.25677248523716373,33
2247,0,4814,1800,3014,0,0,0,1.0,1,1.0,1,1.0,1,0.2573468084470438,34
2248,0,4814,1800,3014,0,0,0,1.0,1,1.0,1,1.0,1,0.2573468084470438,34
2249,0,4814,1800,3014,0,0,0,1.0,1,1.0,1,1.0,1,0.23386634574213622,35
2250,0,4814,1800,3014,0,0,0,1.0,1,1.0,1,1.0,1,0.23386634574213622,35
2251,0,4814,1800,3014,0,0,0,1.0,1,1.0,1,1.0,1,0.21407577558023846,36
2252,5,4819,1801,3018,0,0,0,1.0,1,1.0,1,1.0,1,0.14490789661053935,37
2253,1,4820,1802,3018,0,0,0,1.0,1,1.0,1,1.0,1,0.1347159121226108,35
2254,0,4820,1802,3018,0,0,0,1.0,1,1.0,1,1.0,1,0.13213097261292608,33
2255,0,4820,1802,3018,0,0,0,1.0,1,1.0,1,1.0,1,0.1484836896983691,35
2256,2,4822,1804,3018,0,0,0,1.0,1,1.0,1,1.0,1,0.2045336622089638,34
2257,2,4824,1806,3018,0,0,0,1.0,1,1.0,1,1.0,1,0.22301353004961894,36
2258,1,4825,1807,3018,0,0,0,1.0,1,1.0,1,1.0,1,0.26090324026724526,35
2259,2,4827,1808,3019,0,0,0,1.0,1,1.0,1,1.0,1,0.2705381304559189,35
2260,1,4828,1808,3020,0,0,0,1.0,1,1.0,1,1.0,1,0.27563029288033525,33
2261,2,4830,1809,3021,0,0,0,1.0,1,1.0,1,1.0,1,0.27715529982928344,33
2262,2,4832,1810,3022,0,0,0,1.0,1,1.0,1,1.0,1,0.3401067146603587,32
2263,1,4833,1811,3022,0,0,0,1.0,1,1.0,1,1.0,1,0.347029189386684,31
2264,1,4834,1812,3022,0,0,0,1.0,1,1.0,1,1.0,1,0.40632732572977415,30
2265,0,4834,1812,3022,0,0,0,1.0,1,1.0,1,1.0,1,0.3859699780155138,29
2266,3,4837,1814,3023,0,0,0,1.0,1,1.0,1,1.0,1,0.3273461156442013,30
2267,2,4839,1816,3023,0,0,0,1.0,1,1.0,1,1.0,1,0.35246104787071464,29
2268,3,4842,1819,3023,0,0,0,1.0,1,1.0,1,1.0,1,0.36175757764646044,30
2269,2,4844,1820,3024,0,0,0,1.0,1,1.0,1,1.0,1,0.3689293063735979,31
2270,2,4846,1821,3025,0,0,0,1.0,1,1.0,1,1.0,1,0.2805422150035005,31
2271,4,4850,1825,3025,0,0,0,1.0,1,1.0,1,1.0,1,0.28642652067421476,31
2272,2,4852,1827,3025,0,0,0,1.0,1,1.0,1,1.0,1,0.30205528603935927,31
2273,1,4853,1828,3025,0,0,0,1.0,1,1.0,1,1.0,1,0.36408454590553274,30
2274,1,4854,1828,3026,0,0,0,1.0,1,1.0,1,1.0,1,0.3367558384545781,31
2275,1,4855,1829,3026,0,0,0,1.0,1,1.0,1,1.0,1,0.3812551556992369,32
2276,1,4856,1830,3026,0,0,0,1.0,1,1.0,1,1.0,1,0.3878682606231591,31
2277,1,4857,1830,3027,0,0,0,1.0,1,1.0,1,1.0,1,0.36267779461708216,31
2278,1,4858,1831,3027,0,0,0,1.0,1,1.0,1,1.0,1,0.3513888192829657,32
2279,1,4859,1831,3028,0,0,0,1.0,1,1.0,1,1.0,1,0.3361250714741065,32
2280,1,4860,1831,3029,0,0,0,1.0,1,1.0,1,1.0,1,0.3410346373136643,33
2281,5,4865,1831,3034,0,0,0,1.0,1,1.0,1,1.0,1,0.186809328560466,34
2282,0,4865,1831,3034,0,0,0,1.0,1,1.0,1,1.0,1,0.186809328560466,34
2283,0,4865,1831,3034,0,0,0,1.0,1,1.0,1,1.0,1,0.186809328560466,34
2284,0,4865,1831,3034,0,0,0,1.0,1,1.0,1,1.0,1,0.186809328560466,34
2285,0,4865,1831,3034,0,0,0,1.0,1,1.0,1,1.0,1,0.18833077871390094,35
2286,0,4865,1831,3034,0,0,0,1.0,1,1.0,1,1.0,1,0.2203955940483187,34
2287,3,4868,1833,3035,0,0,0,1.0,1,1.0,1,1.0,1,0.21262413039726533,35
2288,0,4868,1833,3035,0,0,0,1.0,1,1.0,1,1.0,1,0.21055903654055078,35
2289,3,4871,1834,3037,0,0,0,1.0,1,1.0,1,1.0,1,0.1492247736720291,37
2290,0,4871,1834,3037,0,0,0,1.0,1,1.0,1,1.0,1,0.20178632206073358,37
2291,2,4873,1836,3037,0,0,0,1.0,1,1.0,1,1.0,1,0.20866412584019878,35
2292,1,4874,1837,3037,0,0,0,1.0,1,1.0,1,1.0,1,0.2890089953900071,35
2293,1,4875,1838,3037,0,0,0,1.0,1,1.0,1,1.0,1,0.28622695047646607,34
2294,1,4876,1838,3038,0,0,0,1.0,1,1.0,1,1.0,1,0.30473703478304315,33
2295,2,4878,1839,3039,0,0,0,1.0,1,1.0,1,1.0,1,0.3021707856420675,34
2296,0,4878,1839,3039,0,0,0,1.0,1,1.0,1,1.0,1,0.283547342759769,33
2297,0,4878,1839,3039,0,0,0,1.0,1,1.0,1,1.0,1,0.313559247299179,32
2298,0,4878,1839,3039,0,0,0,1.0,1,1.0,1,1.0,1,0.3429549147484604,32
2299,1,4879,1840,3039,0,0,0,1.0,1,1.0,1,1.0,1,0.3570615865240125,33
2300,2,4881,1841,3040,0,0,0,1.0,1,1.0,1,1.0,1,0.3372037996356445,33
2301,1,4882,1842,3040,0,0,0,1.0,1,1.0,1,1.0,1,0.3036772354770908,33
2302,2,4884,1844,3040,0,0,0,1.0,1,1.0,1,1.0,1,0.3369295391089809,34
2303,4,4888,1848,3040,0,0,0,1.0,1,1.0,1,1.0,1,0.3920275180487591,34
2304,3,4891,1849,3042,0,0,0,1.0,1,1.0,1,1.0,1,0.35419029396844204,33
2305,2,4893,1851,3042,0,0,0,1.0,1,1.0,1,1.0,1,0.3547703772804932,33
2306,3,4896,1853,3043,0,0,0,1.0,1,1.0,1,1.0,1,0.36435887578783965,33
2307,3,4899,1854,3045,0,0,0,1.0,1,1.0,1,1.0,1,0.31245869842044405,35
2308,0,4899,1854,3045,0,0,0,1.0,1,1.0,1,1.0,1,0.3003037972866949,34
2309,2,4901,1856,3045,0,0,0,1.0,1,1.0,1,1.0,1,0.322956566109544,34
2310,3,4904,1857,3047,0,0,0,1.0,1,1.0,1,1.0,1,0.2678632629705315,34
2311,2,4906,1857,3049,0,0,0,1.0,1,1.0,1,1.0,1,0.21783967070141463,35
2312,2,4908,1859,3049,0,0,0,1.0,1,1.0,1,1.0,1,0.26506426924848014,34
2313,1,4909,1860,3049,0,0,0,1.0,1,1.0,1,1.0,1,0.25323087598699195,35
2314,0,4909,1860,3049,0,0,0,1.0,1,1.0,1,1.0,1,0.26692430499599873,35
2315,0,4909,1860,3049,0,0,0,1.0,1,1.0,1,1.0,1,0.28302938633551333,34
2316,1,4910,1861,3049,0,0,0,1.0,1,1.0,1,1.0,1,0.31709394360458226,35
2317,0,4910,1861,3049,0,0,0,1.0,1,1.0,1,1.0,1,0.32358020449579583,32
2318,0,4910,1861,3049,0,0,0,1.0,1,1.0,1,1.0,1,0.32358020449579583,32
2319,1,4911,1862,3049,0,0,0,1.0,1,1.0,1,1.0,1,0.34751733966754217,32
2320,0,4911,1862,3049,0,0,0,1.0,1,1.0,1,1.0,1,0.37619344976024327,32
2321,1,4912,1862,3050,0,0,0,1.0,1,1.0,1,1.0,1,0.3650968300991892,33
2322,0,4912,1862,3050,0,0,0,1.0,1,1.0,1,1.0,1,0.3650968300991892,33
2323,0,4912,1862,3050,0,0,0,1.0,1,1.0,1,1.0,1,0.3650968300991892,33
2324,3,4915,1864,3051,0,0,0,1.0,1,1.0,1,1.0,1,0.4185054573032345,34
2325,2,4917,1864,3053,0,0,0,1.0,1,1.0,1,1.0,1,0.37547566642981706,35
2326,0,4917,1864,3053,0,0,0,1.0,1,1.0,1,1.0,1,0.37547566642981706,35
2327,1,4918,1864,3054,0,0,0,1.0,1,1.0,1,1.0,1,0.3738335063793896,36
2328,2,4920,1865,3055,0,0,0,1.0,1,1.0,1,1.0,1,0.4221199055645364,37
2329,1,4921,1865,3056,0,0,0,1.0,1,1.0,1,1.0,1,0.4051299468224715,37
2330,0,4921,1865,3056,0,0,0,1.0,1,1.0,1,1.0,1,0.4072369071065031,38
2331,1,4922,1865,3057,0,0,0,1.0,1,1.0,1,1.0,1,0.38827401280433793,40
2332,0,4922,1865,3057,0,0,0,1.0,1,1.0,1,1.0,1,0.38827401280433793,40
2333,1,4923,1865,3058,0,0,0,1.0,1,1.0,1,1.0,1,0.3970845002258133,41
2334,1,4924,1865,3059,0,0,0,1.0,1,1.0,1,1.0,1,0.37721193405257275,41
2335,0,4924,1865,3059,0,0,0,1.0,1,1.0,1,1.0,1,0.37721193405257275,41
2336,0,4924,1865,3059,0,0,0,1.0,1,1.0,1,1.0,1,0.37721193405257275,41
2337,0,4924,1865,3059,0,0,0,1.0,1,1.0,1,1.0,1,0.3847852933325919,42
2338,1,4925,1866,3059,0,0,0,1.0,1,1.0,1,1.0,1,0.4098812874389745,43
2339,0,4925,1866,3059,0,0,0,1.0,1,1.0,1,1.0,1,0.4098812874389745,43
2340,3,4928,1866,3062,0,0,0,1.0,1,1.0,1,1.0,1,0.36682782525859964,45
2341,5,4933,1866,3067,0,0,0,1.0,1,1.0,1,1.0,1,0.29483881016661095,45
2342,3,4936,1867,3069,0,0,0,1.0,1,1.0,1,1.0,1,0.2677746158969225,46
2343,5,4941,1868,3073,0,0,0,1.0,1,1.0,1,1.0,1,0.2188640854759907,45
2344,3,4944,1870,3074,0,0,0,1.0,1,1.0,1,1.0,1,0.2553030443210404,44
2345,0,4944,1870,3074,0,0,0,1.0,1,1.0,1,1.0,1,0.2404078292228807,44
2346,1,4945,1871,3074,0,0,0,1.0,1,1.0,1,1.0,1,0.2679958998873123,44
2347,2,4947,1872,3075,0,0,0,1.0,1,1.0,1,1.0,1,0.22257655237634774,44
2348,0,4947,1872,3075,0,0,0,1.0,1,1.0,1,1.0,1,0.2191652102750191,45
2349,3,4950,1873,3077,0,0,0,1.0,1,1.0,1,1.0,1,0.20940875875572854,46
2350,1,4951,1874,3077,0,0,0,1.0,1,1.0,1,1.0,1,0.24638119509969875,47
2351,2,4953,1874,3079,0,0,0,1.0,1,1.0,1,1.0,1,0.19479826216377216,47
2352,1,4954,1875,3079,0,0,0,1.0,1,1.0,1,1.0,1,0.22986679415204483,47
2353,1,4955,1875,3080,0,0,0,1.0,1,1.0,1,1.0,1,0.1774800513000206,46
2354,1,4956,1876,3080,0,0,0,1.0,1,1.0,1,1.0,1,0.19326833906091,47
2355,1,4957,1876,3081,0,0,0,1.0,1,1.0,1,1.0,1,0.17892556544571442,47
2356,2,4959,1878,3081,0,0,0,1.0,1,1.0,1,1.0,1,0.17446945796944752,47
2357,2,4961,1879,3082,0,0,0,1.0,1,1.0,1,1.0,1,0.14752468964453797,47
2358,1,4962,1879,3083,0,0,0,1.0,1,1.0,1,1.0,1,0.158667073294656,48
2359,1,4963,1879,3084,0,0,0,1.0,1,1.0,1,1.0,1,0.19883206737213024,49
2360,2,4965,1880,3085,0,0,0,1.0,1,1.0,1,1.0,1,0.15695083154938708,49
2361,1,4966,1881,3085,0,0,0,1.0,1,1.0,1,1.0,1,0.18863800641083753,50
2362,1,4967,1881,3086,0,0,0,1.0,1,1.0,1,1.0,1,0.19375488489697917,51
2363,2,4969,1883,3086,0,0,0,1.0,1,1.0,1,1.0,1,0.14986184041101397,51
2364,0,4969,1883,3086,0,0,0,1.0,1,1.0,1,1.0,1,0.15992859675255153,52
2365,3,4972,1884,3088,0,0,0,1.0,1,1.0,1,1.0,1,0.13082811957458493,53
2366,4,4976,1886,3090,0,0,0,1.0,1,1.0,1,1.0,1,0.11992658373242379,54
2367,3,4979,1889,3090,0,0,0,1.0,1,1.0,1,1.0,1,0.13408682415658077,52
2368,5,4984,1892,3092,0,0,0,1.0,1,1.0,1,1.0,1,0.1635087800888678,51
2369,4,4988,1894,3094,0,0,0,1.0,1,1.0,1,1.0,1,0.14687395218341545,51
2370,4,4992,1897,3095,0,0,0,1.0,1,1.0,1,1.0,1,0.14439145306224288,52
2371,3,4995,1899,3096,0,0,0,1.0,1,1.0,1,1.0,1,0.1125723997215423,52
2372,4,4999,1901,3098,0,0,0,1.0,1,1.0,1,1.0,1,0.1813470618209531,49
2373,2,5001,1902,3099,0,0,0,1.0,1,1.0,1,1.0,1,0.1677592271277551,47
2374,1,5002,1902,3100,0,0,0,1.0,1,1.0,1,1.0,1,0.14459673161153347,45
2375,0,5002,1902,3100,0,0,0,1.0,1,1.0,1,1.0,1,0.1133582380038608,45
2376,0,5002,1902,3100,0,0,0,1.0,1,1.0,1,1.0,1,0.14050036673396799,43
2377,3,5005,1905,3100,0,0,0,1.0,1,1.0,1,1.0,1,0.185718329149103,44
2378,0,5005,1905,3100,0,0,0,1.0,1,1.0,1,1.0,1,0.17474366773166264,43
2379,0,5005,1905,3100,0,0,0,1.0,1,1.0,1,1.0,1,0.17474366773166264,43
2380,2,5007,1907,3100,0,0,0,1.0,1,1.0,1,1.0,1,0.18279774908874122,43
2381,2,5009,1908,3101,0,0,0,1.0,1,1.0,1,1.0,1,0.2060539208925986,44
2382,2,5011,1910,3101,0,0,0,1.0,1,1.0,1,1.0,1,0.18547200319598522,44
2383,2,5013,1912,3101,0,0,0,1.0,1,1.0,1,1.0,1,0.2160940868701867,45
2384,2,5015,1913,3102,0,0,0,1.0,1,1.0,1,1.0,1,0.2268355268829876,45
2385,2,5017,1914,3103,0,0,0,1.0,1,1.0,1,1.0,1,0.21536309593277414,45
2386,4,5021,1918,3103,0,0,0,1.0,1,1.0,1,1.0,1,0.2829997120278359,46
2387,1,5022,1918,3104,0,0,0,1.0,1,1.0,1,1.0,1,0.25945441710623196,44
2388,1,5023,1919,3104,0,0,0,1.0,1,1.0,1,1.0,1,0.26280860666837713,44
2389,1,5024,1919,3105,0,0,0,1.0,1,1.0,1,1.0,1,0.25665437739130637,43
2390,6,5030,1923,3107,0,0,0,1.0,1,1.0,1,1.0,1,0.31716887954091594,44
2391,4,5034,1926,3108,0,0,0,1.0,1,1.0,1,1.0,1,0.2858546906776054,43
2392,1,5035,1926,3109,0,0,0,1.0,1,1.0,1,1.0,1,0.2670114944550566,44
2393,2,5037,1927,3110,0,0,0,1.0,1,1.0,1,1.0,1,0.30184870055126484,45
2394,0,5037,1927,3110,0,0,0,1.0,1,1.0,1,1.0,1,0.30423149289956863,44
2395,0,5037,1927,3110,0,0,0,1.0,1,1.0,1,1.0,1,0.30456742801159153,44
2396,1,5038,1928,3110,0,0,0,1.0,1,1.0,1,1.0,1,0.3005953577473312,45
2397,0,5038,1928,3110,0,0,0,1.0,1,1.0,1,1.0,1,0.31484869307846913,44
2398,2,5040,1929,3111,0,0,0,1.0,1,1.0,1,1.0,1,0.31541260185329395,44
2399,2,5042,1929,3113,0,0,0,1.0,1,1.0,1,1.0,1,0.32846062011702865,45
2400,2,5044,1929,3115,0,0,0,1.0,1,1.0,1,1.0,1,0.3091462078264269,45
2401,5,5049,1929,3120,0,0,0,1.0,1,1.0,1,1.0,1,0.2079522798838729,46
2402,4,5053,1929,3124,0,0,0,1.0,1,1.0,1,1.0,1,0.14906171899845522,47
2403,3,5056,1930,3126,0,0,0,1.0,1,1.0,1,1.0,1,0.16880711812458032,48
2404,1,5057,1930,3127,0,0,0,1.0,1,1.0,1,1.0,1,0.14934147983593493,47
2405,1,5058,1931,3127,0,0,0,1.0,1,1.0,1,1.0,1,0.12770112859034694,45
2406,0,5058,1931,3127,0,0,0,1.0,1,1.0,1,1.0,1,0.12770112859034694,45
2407,2,5060,1932,3128,0,0,0,1.0,1,1.0,1,1.0,1,0.15814875243236134,42
2408,4,5064,1934,3130,0,0,0,1.0,1,1.0,1,1.0,1,0.19746557181521102,41
2409,5,5069,1936,3133,0,0,0,1.0,1,1.0,1,1.0,1,0.18098141746927332,41
2410,2,5071,1936,3135,0,0,0,1.0,1,1.0,1,1.0,1,0.20823783169302362,40
2411,2,5073,1937,3136,0,0,0,1.0,1,1.0,1,1.0,1,0.20461826594658541,40
2412,1,5074,1937,3137,0,0,0,1.0,1,1.0,1,1.0,1,0.20852243849424124,38
2413,2,5076,1938,3138,0,0,0,1.0,1,1.0,1,1.0,1,0.264779591242939,38
2414,5,5081,1940,3141,0,0,0,1.0,1,1.0,1,1.0,1,0.2639702211874463,36
2415,5,5086,1943,3143,0,0,0,1.0,1,1.0,1,1.0,1,0.32376343071849234,36
2416,5,5091,1943,3148,0,0,0,1.0,1,1.0,1,1.0,1,0.3052392178984063,35
2417,4,5095,1943,3152,0,0,0,1.0,1,1.0,1,1.0,1,0.361074092462319,33
2418,4,5099,1943,3156,0,0,0,1.0,1,1.0,1,1.0,1,0.361074092462319,33
2419,6,5105,1945,3160,0,0,0,1.0,1,1.0,1,1.0,1,0.4422306499756253,33
2420,5,5110,1948,3162,0,0,0,1.0,1,1.0,1,1.0,1,0.3369784927923906,34
2421,4,5114,1949,3165,0,0,0,1.0,1,1.0,1,1.0,1,0.3552715646135119,34
2422,3,5117,1952,3165,0,0,0,1.0,1,1.0,1,1.0,1,0.31516454914238834,35
2423,1,5118,1953,3165,0,0,0,1.0,1,1.0,1,1.0,1,0.3224859470901386,36
2424,3,5121,1955,3166,0,0,0,1.0,1,1.0,1,1.0,1,0.26811146874152364,35
2425,4,5125,1957,3168,0,0,0,1.0,1,1.0,1,1.0,1,0.2894604948443129,33
2426,1,5126,1958,3168,0,0,0,1.0,1,1.0,1,1.0,1,0.2865547273892549,34
2427,0,5126,1958,3168,0,0,0,1.0,1,1.0,1,1.0,1,0.2803042467478771,34
2428,3,5129,1960,3169,0,0,0,1.0,1,1.0,1,1.0,1,0.2825692545724703,34
2429,2,5131,1960,3171,0,0,0,1.0,1,1.0,1,1.0,1,0.3232763001600296,34
2430,0,5131,1960,3171,0,0,0,1.0,1,1.0,1,1.0,1,0.34232348114655475,33
2431,7,5138,1962,3176,0,0,0,1.0,1,1.0,1,1.0,1,0.1820843987904754,33
2432,1,5139,1962,3177,0,0,0,1.0,1,1.0,1,1.0,1,0.19523568964119095,33
2433,3,5142,1964,3178,0,0,0,1.0,1,1.0,1,1.0,1,0.18898913861221597,34
2434,1,5143,1964,3179,0,0,0,1.0,1,1.0,1,1.0,1,0.18096783744454473,34
2435,1,5144,1965,3179,0,0,0,1.0,1,1.0,1,1.0,1,0.18581250066902363,34
2436,0,5144,1965,3179,0,0,0,1.0,1,1.0,1,1.0,1,0.20105031211085686,33
2437,0,5144,1965,3179,0,0,0,1.0,1,1.0,1,1.0,1,0.20105031211085686,33
2438,2,5146,1967,3179,0,0,0,1.0,1,1.0,1,1.0,1,0.20276821128972752,34
2439,2,5148,1967,3181,0,0,0,1.0,1,1.0,1,1.0,1,0.21429818423206937,35
2440,1,5149,1967,3182,0,0,0,1.0,1,1.0,1,1.0,1,0.20363404970793222,35
2441,3,5152,1969,3183,0,0,0,1.0,1,1.0,1,1.0,1,0.23762645955731163,35
2442,0,5152,1969,3183,0,0,0,1.0,1,1.0,1,1.0,1,0.2292569281525067,35
2443,2,5154,1970,3184,0,0,0,1.0,1,1.0,1,1.0,1,0.30609058183564003,35
2444,5,5159,1973,3186,0,0,0,1.0,1,1.0,1,1.0,1,0.3284971811998006,34
2445,3,5162,1974,3188,0,0,0,1.0,1,1.0,1,1.0,1,0.3677513141492607,33
2446,5,5167,1976,3191,0,0,0,1.0,1,1.0,1,1.0,1,0.4525542874046704,30
2447,2,5169,1976,3193,0,0,0,1.0,1,1.0,1,1.0,1,0.3636143291719261,29
2448,2,5171,1976,3195,0,0,0,1.0,1,1.0,1,1.0,1,0.36985757325669405,27
2449,0,5171,1976,3195,0,0,0,1.0,1,1.0,1,1.0,1,0.37174866676284096,26
2450,2,5173,1977,3196,0,0,0,1.0,1,1.0,1,1.0,1,0.3741377863811099,28
2451,0,5173,1977,3196,0,0,0,1.0,1,1.0,1,1.0,1,0.3741377863811099,28
2452,2,5175,1977,3198,0,0,0,1.0,1,1.0,1,1.0,1,0.3241435913072439,29
2453,2,5177,1978,3199,0,0,0,1.0,1,1.0,1,1.0,1,0.39309449625305554,30
2454,6,5183,1978,3205,0,0,0,1.0,1,1.0,1,1.0,1,0.35307296579111885,32
2455,4,5187,1980,3207,0,0,0,1.0,1,1.0,1,1.0,1,0.4076148146821716,33
2456,7,5194,1982,3212,0,0,0,1.0,1,1.0,1,1.0,1,0.4759887085357278,34
2457,5,5199,1982,3217,0,0,0,1.0,1,1.0,1,1.0,1,0.43204347767973506,34
2458,9,5208,1984,3224,0,0,0,1.0,1,1.0,1,1.0,1,0.42623365841042343,36
2459,4,5212,1984,3228,0,0,0,1.0,1,1.0,1,1.0,1,0.4510097940259981,36
2460,4,5216,1984,3232,0,0,0,1.0,1,1.0,1,1.0,1,0.35523305595545357,37
2461,5,5221,1984,3237,0,0,0,1.0,1,1.0,1,1.0,1,0.24057148719475258,37
2462,2,5223,1985,3238,0,0,0,1.0,1,1.0,1,1.0,1,0.25015206850164634,38
2463,2,5225,1986,3239,0,0,0,1.0,1,1.0,1,1.0,1,0.20828350537237164,38
2464,2,5227,1986,3241,0,0,0,1.0,1,1.0,1,1.0,1,0.14559717331740876,37
2465,0,5227,1986,3241,0,0,0,1.0,1,1.0,1,1.0,1,0.12933372133326435,36
2466,2,5229,1988,3241,0,0,0,1.0,1,1.0,1,1.0,1,0.163222766541937,36
2467,1,5230,1988,3242,0,0,0,1.0,1,1.0,1,1.0,1,0.17464464257037157,34
2468,4,5234,1990,3244,0,0,0,1.0,1,1.0,1,1.0,1,0.17143370150859077,33
2469,1,5235,1991,3244,0,0,0,1.0,1,1.0,1,1.0,1,0.17344801785791655,32
2470,5,5240,1994,3246,0,0,0,1.0,1,1.0,1,1.0,1,0.2811947785836732,33
2471,0,5240,1994,3246,0,0,0,1.0,1,1.0,1,1.0,1,0.30115954558963476,31
2472,0,5240,1994,3246,0,0,0,1.0,1,1.0,1,1.0,1,0.3156099508697665,32
2473,0,5240,1994,3246,0,0,0,1.0,1,1.0,1,1.0,1,0.3244782673205981,31
2474,1,5241,1995,3246,0,0,0,1.0,1,1.0,1,1.0,1,0.3499247516121426,33
2475,4,5245,1996,3249,0,0,0,1.0,1,1.0,1,1.0,1,0.32094723163915023,33
2476,1,5246,1997,3249,0,0,0,1.0,1,1.0,1,1.0,1,0.3382009233984604,33
2477,3,5249,1999,3250,0,0,0,1.0,1,1.0,1,1.0,1,0.3604771541220498,33
2478,0,5249,1999,3250,0,0,0,1.0,1,1.0,1,1.0,1,0.3604771541220498,33
2479,1,5250,2000,3250,0,0,0,1.0,1,1.0,1,1.0,1,0.3856573841951752,33
2480,2,5252,2001,3251,0,0,0,1.0,1,1.0,1,1.0,1,0.3575952696655303,34
2481,2,5254,2002,3252,0,0,0,1.0,1,1.0,1,1.0,1,0.3645018415678874,33
2482,2,5256,2003,3253,0,0,0,1.0,1,1.0,1,1.0,1,0.30406704810155155,34
2483,1,5257,2003,3254,0,0,0,1.0,1,1.0,1,1.0,1,0.2472825821595731,33
2484,1,5258,2004,3254,0,0,0,1.0,1,1.0,1,1.0,1,0.23677438688600216,32
2485,0,5258,2004,3254,0,0,0,1.0,1,1.0,1,1.0,1,0.22604548831372748,31
2486,1,5259,2005,3254,0,0,0,1.0,1,1.0,1,1.0,1,0.21710442707749722,29
2487,0,5259,2005,3254,0,0,0,1.0,1,1.0,1,1.0,1,0.21710442707749722,29
2488,2,5261,2006,3255,0,0,0,1.0,1,1.0,1,1.0,1,0.2299667127827104,30
2489,1,5262,2006,3256,0,0,0,1.0,1,1.0,1,1.0,1,0.27916215569439906,29
2490,1,5263,2007,3256,0,0,0,1.0,1,1.0,1,1.0,1,0.3089698851648354,30
2491,2,5265,2009,3256,0,0,0,1.0,1,1.0,1,1.0,1,0.2762864930597665,30
2492,1,5266,2009,3257,0,0,0,1.0,1,1.0,1,1.0,1,0.23854263781086166,29
2493,0,5266,2009,3257,0,0,0,1.0,1,1.0,1,1.0,1,0.23854263781086166,29
2494,0,5266,2009,3257,0,0,0,1.0,1,1.0,1,1.0,1,0.23329528814181977,28
2495,1,5267,2010,3257,0,0,0,1.0,1,1.0,1,1.0,1,0.2812250802231264,29
2496,0,5267,2010,3257,0,0,0,1.0,1,1.0,1,1.0,1,0.2658938956929627,28
2497,0,5267,2010,3257,0,0,0,1.0,1,1.0,1,1.0,1,0.2756047235123785,28
2498,2,5269,2011,3258,0,0,0,1.0,1,1.0,1,1.0,1,0.2808886319332287,29
2499,1,5270,2012,3258,0,0,0,1.0,1,1.0,1,1.0,1,0.3244139354285826,30
2500,3,5273,2014,3259,0,0,0,1.0,1,1.0,1,1.0,1,0.28092948735532935,29
2501,2,5275,2015,3260,0,0,0,1.0,1,1.0,1,1.0,1,0.29212205792224066,33
2502,4,5279,2018,3261,0,0,0,1.0,1,1.0,1,1.0,1,0.2558631914507142,33
2503,1,5280,2019,3261,0,0,0,1.0,1,1.0,1,1.0,1,0.24500600808054473,31
2504,4,5284,2023,3261,0,0,0,1.0,1,1.0,1,1.0,1,0.2666718624379601,31
2505,3,5287,2024,3263,0,0,0,1.0,1,1.0,1,1.0,1,0.2352943299582655,32
2506,4,5291,2028,3263,0,0,0,1.0,1,1.0,1,1.0,1,0.3193962054347568,31
2507,2,5293,2030,3263,0,0,0,1.0,1,1.0,1,1.0,1,0.23320775580745187,29
2508,4,5297,2032,3265,0,0,0,1.0,1,1.0,1,1.0,1,0.2216918743578074,31
2509,0,5297,2032,3265,0,0,0,1.0,1,1.0,1,1.0,1,0.2304420436417116,30
2510,1,5298,2032,3266,0,0,0,1.0,1,1.0,1,1.0,1,0.21755229149337957,31
2511,0,5298,2032,3266,0,0,0,1.0,1,1.0,1,1.0,1,0.2036946580011946,32
2512,3,5301,2035,3266,0,0,0,1.0,1,1.0,1,1.0,1,0.193885701275167,32
2513,3,5304,2037,3267,0,0,0,1.0,1,1.0,1,1.0,1,0.17544908003022963,34
2514,4,5308,2039,3269,0,0,0,1.0,1,1.0,1,1.0,1,0.1941477309581835,35
2515,3,5311,2041,3270,0,0,0,1.0,1,1.0,1,1.0,1,0.20925806862743768,35
2516,1,5312,2042,3270,0,0,0,1.0,1,1.0,1,1.0,1,0.20882371108760908,34
2517,1,5313,2043,3270,0,0,0,1.0,1,1.0,1,1.0,1,0.24921604479941983,34
2518,2,5315,2045,3270,0,0,0,1.0,1,1.0,1,1.0,1,0.2832187426428477,33
2519,2,5317,2046,3271,0,0,0,1.0,1,1.0,1,1.0,1,0.24131458580153706,32
2520,1,5318,2047,3271,0,0,0,1.0,1,1.0,1,1.0,1,0.29262438289022474,31
2521,3,5321,2047,3274,0,0,0,1.0,1,1.0,1,1.0,1,0.16408471808932867,31
2522,0,5321,2047,3274,0,0,0,1.0,1,1.0,1,1.0,1,0.16260194423172145,30
2523,0,5321,2047,3274,0,0,0,1.0,1,1.0,1,1.0,1,0.1565248838709106,30
2524,1,5322,2047,3275,0,0,0,1.0,1,1.0,1,1.0,1,0.2718848699065716,29
2525,2,5324,2048,3276,0,0,0,1.0,1,1.0,1,1.0,1,0.28660928090778637,29
2526,0,5324,2048,3276,0,0,0,1.0,1,1.0,1,1.0,1,0.29124621665848954,27
2527,0,5324,2048,3276,0,0,0,1.0,1,1.0,1,1.0,1,0.3053138371262729,28
2528,0,5324,2048,3276,0,0,0,1.0,1,1.0,1,1.0,1,0.3053138371262729,28
2529,0,5324,2048,3276,0,0,0,1.0,1,1.0,1,1.0,1,0.3053138371262729,28
2530,0,5324,2048,3276,0,0,0,1.0,1,1.0,1,1.0,1,0.3161295774244863,29
2531,0,5324,2048,3276,0,0,0,1.0,1,1.0,1,1.0,1,0.3362918246682971,30
2532,1,5325,2048,3277,0,0,0,1.0,1,1.0,1,1.0,1,0.34406804895417714,31
2533,0,5325,2048,3277,0,0,0,1.0,1,1.0,1,1.0,1,0.34406804895417714,31
2534,0,5325,2048,3277,0,0,0,1.0,1,1.0,1,1.0,1,0.34406804895417714,31
2535,1,5326,2049,3277,0,0,0,1.0,1,1.0,1,1.0,1,0.39759496740731043,31
2536,2,5328,2050,3278,0,0,0,1.0,1,1.0,1,1.0,1,0.44707359688783116,32
2537,4,5332,2051,3281,0,0,0,1.0,1,1.0,1,1.0,1,0.3186184726242649,33
2538,0,5332,2051,3281,0,0,0,1.0,1,1.0,1,1.0,1,0.32772606187014797,35
2539,2,5334,2053,3281,0,0,0,1.0,1,1.0,1,1.0,1,0.31721622438874075,37
2540,1,5335,2054,3281,0,0,0,1.0,1,1.0,1,1.0,1,0.32174564355963003,38
2541,3,5338,2056,3282,0,0,0,1.0,1,1.0,1,1.0,1,0.28190886907126333,39
2542,3,5341,2058,3283,0,0,0,1.0,1,1.0,1,1.0,1,0.2955507100444388,38
2543,5,5346,2062,3284,0,0,0,1.0,1,1.0,1,1.0,1,0.33857054842101475,41
2544,3,5349,2064,3285,0,0,0,1.0,1,1.0,1,1.0,1,0.3470932657837388,39
2545,3,5352,2065,3287,0,0,0,1.0,1,1.0,1,1.0,1,0.3700685784885361,40
2546,1,5353,2065,3288,0,0,0,1.0,1,1.0,1,1.0,1,0.3168280529154946,38
2547,2,5355,2067,3288,0,0,0,1.0,1,1.0,1,1.0,1,0.3178592791288573,38
2548,1,5356,2067,3289,0,0,0,1.0,1,1.0,1,1.0,1,0.30022093129100913,35
2549,3,5359,2070,3289,0,0,0,1.0,1,1.0,1,1.0,1,0.3599070883545681,35
2550,2,5361,2071,3290,0,0,0,1.0,1,1.0,1,1.0,1,0.37227125426508545,33
2551,4,5365,2072,3293,0,0,0,1.0,1,1.0,1,1.0,1,0.338838475029483,31
2552,0,5365,2072,3293,0,0,0,1.0,1,1.0,1,1.0,1,0.37848012110734425,30
2553,1,5366,2072,3294,0,0,0,1.0,1,1.0,1,1.0,1,0.3617089749346817,30
2554,2,5368,2072,3296,0,0,0,1.0,1,1.0,1,1.0,1,0.3179310773192505,32
2555,3,5371,2073,3298,0,0,0,1.0,1,1.0,1,1.0,1,0.3325822486984035,32
2556,1,5372,2073,3299,0,0,0,1.0,1,1.0,1,1.0,1,0.2910436128714318,32
2557,0,5372,2073,3299,0,0,0,1.0,1,1.0,1,1.0,1,0.2711629840967229,30
2558,1,5373,2074,3299,0,0,0,1.0,1,1.0,1,1.0,1,0.29957504838868343,31
2559,0,5373,2074,3299,0,0,0,1.0,1,1.0,1,1.0,1,0.3171006344688119,30
2560,0,5373,2074,3299,0,0,0,1.0,1,1.0,1,1.0,1,0.3171006344688119,30
2561,0,5373,2074,3299,0,0,0,1.0,1,1.0,1,1.0,1,0.3171006344688119,30
2562,1,5374,2074,3300,0,0,0,1.0,1,1.0,1,1.0,1,0.32562172428967706,33
2563,0,5374,2074,3300,0,0,0,1.0,1,1.0,1,1.0,1,0.32562172428967706,33
2564,0,5374,2074,3300,0,0,0,1.0,1,1.0,1,1.0,1,0.32562172428967706,33
2565,0,5374,2074,3300,0,0,0,1.0,1,1.0,1,1.0,1,0.32562172428967706,33
2566,2,5376,2074,3302,0,0,0,1.0,1,1.0,1,1.0,1,0.27112403824268616,35
2567,0,5376,2074,3302,0,0,0,1.0,1,1.0,1,1.0,1,0.28805891575844134,36
2568,1,5377,2075,3302,0,0,0,1.0,1,1.0,1,1.0,1,0.3363805220839932,37
2569,1,5378,2075,3303,0,0,0,1.0,1,1.0,1,1.0,1,0.32211925477670245,37
2570,1,5379,2075,3304,0,0,0,1.0,1,1.0,1,1.0,1,0.3311574056745258,37
2571,2,5381,2075,3306,0,0,0,1.0,1,1.0,1,1.0,1,0.2874617021053292,37
2572,0,5381,2075,3306,0,0,0,1.0,1,1.0,1,1.0,1,0.27195929342241976,39
2573,0,5381,2075,3306,0,0,0,1.0,1,1.0,1,1.0,1,0.27195929342241976,39
2574,0,5381,2075,3306,0,0,0,1.0,1,1.0,1,1.0,1,0.2965676283780871,38
2575,0,5381,2075,3306,0,0,0,1.0,1,1.0,1,1.0,1,0.2965676283780871,38
2576,0,5381,2075,3306,0,0,0,1.0,1,1.0,1,1.0,1,0.3221664306946505,37
2577,1,5382,2075,3307,0,0,0,1.0,1,1.0,1,1.0,1,0.32256907638801097,39
2578,1,5383,2076,3307,0,0,0,1.0,1,1.0,1,1.0,1,0.34137329433378377,40
2579,0,5383,2076,3307,0,0,0,1.0,1,1.0,1,1.0,1,0.3326097040493097,41
2580,2,5385,2077,3308,0,0,0,1.0,1,1.0,1,1.0,1,0.33220843280248635,42
2581,3,5388,2077,3311,0,0,0,1.0,1,1.0,1,1.0,1,0.2994997517826242,43
2582,1,5389,2077,3312,0,0,0,1.0,1,1.0,1,1.0,1,0.27971243102168725,43
2583,4,5393,2078,3315,0,0,0,1.0,1,1.0,1,1.0,1,0.27724570986834346,43
2584,0,5393,2078,3315,0,0,0,1.0,1,1.0,1,1.0,1,0.2721370097354029,43
2585,1,5394,2079,3315,0,0,0,1.0,1,1.0,1,1.0,1,0.30964321399025535,44
2586,5,5399,2080,3319,0,0,0,1.0,1,1.0,1,1.0,1,0.2677023314049598,43
2587,2,5401,2082,3319,0,0,0,1.0,1,1.0,1,1.0,1,0.2703055283008343,44
2588,0,5401,2082,3319,0,0,0,1.0,1,1.0,1,1.0,1,0.2703055283008343,44
2589,7,5408,2084,3324,0,0,0,1.0,1,1.0,1,1.0,1,0.14575104947450135,44
2590,0,5408,2084,3324,0,0,0,1.0,1,1.0,1,1.0,1,0.14575104947450135,44
2591,0,5408,2084,3324,0,0,0,1.0,1,1.0,1,1.0,1,0.14575104947450135,44
2592,1,5409,2085,3324,0,0,0,1.0,1,1.0,1,1.0,1,0.18315608437005793,44
2593,1,5410,2086,3324,0,0,0,1.0,1,1.0,1,1.0,1,0.16153700939761056,43
2594,6,5416,2088,3328,0,0,0,1.0,1,1.0,1,1.0,1,0.19241013378240257,48
2595,1,5417,2088,3329,0,0,0,1.0,1,1.0,1,1.0,1,0.16817921050933582,45
2596,1,5418,2089,3329,0,0,0,1.0,1,1.0,1,1.0,1,0.17617646995243652,46
2597,1,5419,2090,3329,0,0,0,1.0,1,1.0,1,1.0,1,0.1815294217184099,45
2598,1,5420,2091,3329,0,0,0,1.0,1,1.0,1,1.0,1,0.19992457103435124,45
2599,2,5422,2093,3329,0,0,0,1.0,1,1.0,1,1.0,1,0.2392329001263521,45
2600,3,5425,2095,3330,0,0,0,1.0,1,1.0,1,1.0,1,0.28542958267777435,48
2601,1,5426,2096,3330,0,0,0,1.0,1,1.0,1,1.0,1,0.31690481534050113,47
2602,0,5426,2096,3330,0,0,0,1.0,1,1.0,1,1.0,1,0.33086081516738386,48
2603,0,5426,2096,3330,0,0,0,1.0,1,1.0,1,1.0,1,0.33086081516738386,48
2604,1,5427,2097,3330,0,0,0,1.0,1,1.0,1,1.0,1,0.33661754350633144,47
2605,2,5429,2098,3331,0,0,0,1.0,1,1.0,1,1.0,1,0.32506982702237347,47
2606,2,5431,2099,3332,0,0,0,1.0,1,1.0,1,1.0,1,0.31296649574055413,46
2607,1,5432,2099,3333,0,0,0,1.0,1,1.0,1,1.0,1,0.2985112325027148,45
2608,2,5434,2100,3334,0,0,0,1.0,1,1.0,1,1.0,1,0.2407598621084294,45
2609,2,5436,2101,3335,0,0,0,1.0,1,1.0,1,1.0,1,0.2587866428968817,44
2610,1,5437,2102,3335,0,0,0,1.0,1,1.0,1,1.0,1,0.24705674553661888,45
2611,8,5445,2106,3339,0,0,0,1.0,1,1.0,1,1.0,1,0.22596502024430443,46
2612,2,5447,2107,3340,0,0,0,1.0,1,1.0,1,1.0,1,0.23044902393778466,47
2613,5,5452,2108,3344,0,0,0,1.0,1,1.0,1,1.0,1,0.23076152549570264,48
2614,4,5456,2110,3346,0,0,0,1.0,1,1.0,1,1.0,1,0.22979782547979782,48
2615,3,5459,2112,3347,0,0,0,1.0,1,1.0,1,1.0,1,0.23369775945110455,49
2616,3,5462,2113,3349,0,0,0,1.0,1,1.0,1,1.0,1,0.22803072413261546,49
2617,2,5464,2113,3351,0,0,0,1.0,1,1.0,1,1.0,1,0.24250288776188764,48
2618,1,5465,2113,3352,0,0,0,1.0,1,1.0,1,1.0,1,0.24061187667721226,47
2619,0,5465,2113,3352,0,0,0,1.0,1,1.0,1,1.0,1,0.22683920835420726,50
2620,3,5468,2113,3355,0,0,0,1.0,1,1.0,1,1.0,1,0.22484953447935882,51
2621,3,5471,2114,3357,0,0,0,1.0,1,1.0,1,1.0,1,0.24887932623713435,52
2622,2,5473,2115,3358,0,0,0,1.0,1,1.0,1,1.0,1,0.21106454142235032,52
2623,3,5476,2118,3358,0,0,0,1.0,1,1.0,1,1.0,1,0.1946163032498162,53
2624,1,5477,2119,3358,0,0,0,1.0,1,1.0,1,1.0,1,0.2063952439325918,51
2625,1,5478,2120,3358,0,0,0,1.0,1,1.0,1,1.0,1,0.2179693594301736,50
2626,5,5483,2123,3360,0,0,0,1.0,1,1.0,1,1.0,1,0.2100376309126197,49
2627,1,5484,2124,3360,0,0,0,1.0,1,1.0,1,1.0,1,0.21774340335459105,48
2628,2,5486,2125,3361,0,0,0,1.0,1,1.0,1,1.0,1,0.2543408173051514,48
2629,2,5488,2127,3361,0,0,0,1.0,1,1.0,1,1.0,1,0.21450360086507073,47
2630,2,5490,2127,3363,0,0,0,1.0,1,1.0,1,1.0,1,0.19736311458023523,47
2631,0,5490,2127,3363,0,0,0,1.0,1,1.0,1,1.0,1,0.19744727937915824,47
2632,2,5492,2129,3363,0,0,0,1.0,1,1.0,1,1.0,1,0.24307612702905257,47
2633,0,5492,2129,3363,0,0,0,1.0,1,1.0,1,1.0,1,0.24855260089960607,44
2634,1,5493,2130,3363,0,0,0,1.0,1,1.0,1,1.0,1,0.27905241789549273,44
2635,4,5497,2134,3363,0,0,0,1.0,1,1.0,1,1.0,1,0.3496686865448706,45
2636,3,5500,2137,3363,0,0,0,1.0,1,1.0,1,1.0,1,0.3329288578950563,40
2637,3,5503,2139,3364,0,0,0,1.0,1,1.0,1,1.0,1,0.3331642235844784,41
2638,1,5504,2140,3364,0,0,0,1.0,1,1.0,1,1.0,1,0.3330411402563202,38
2639,1,5505,2141,3364,0,0,0,1.0,1,1.0,1,1.0,1,0.32724447109412597,39
2640,2,5507,2143,3364,0,0,0,1.0,1,1.0,1,1.0,1,0.36664336892045896,38
2641,11,5518,2146,3372,0,0,0,1.0,1,1.0,1,1.0,1,0.14470560187700188,37
2642,2,5520,2148,3372,0,0,0,1.0,1,1.0,1,1.0,1,0.20891668449413614,38
2643,0,5520,2148,3372,0,0,0,1.0,1,1.0,1,1.0,1,0.16684892333870677,37
2644,0,5520,2148,3372,0,0,0,1.0,1,1.0,1,1.0,1,0.14592706254812202,36
2645,2,5522,2149,3373,0,0,0,1.0,1,1.0,1,1.0,1,0.14540578678699212,35
2646,0,5522,2149,3373,0,0,0,1.0,1,1.0,1,1.0,1,0.14512065023791917,35
2647,0,5522,2149,3373,0,0,0,1.0,1,1.0,1,1.0,1,0.1682535368358303,35
2648,0,5522,2149,3373,0,0,0,1.0,1,1.0,1,1.0,1,0.16580560158587204,36
2649,1,5523,2150,3373,0,0,0,1.0,1,1.0,1,1.0,1,0.15552567495150194,37
2650,2,5525,2151,3374,0,0,0,1.0,1,1.0,1,1.0,1,0.19172517389108532,39
2651,1,5526,2152,3374,0,0,0,1.0,1,1.0,1,1.0,1,0.1824859353274177,39
2652,0,5526,2152,3374,0,0,0,1.0,1,1.0,1,1.0,1,0.1824859353274177,39
2653,0,5526,2152,3374,0,0,0,1.0,1,1.0,1,1.0,1,0.1824859353274177,39
2654,1,5527,2152,3375,0,0,0,1.0,1,1.0,1,1.0,1,0.19545604025476457,40
2655,1,5528,2152,3376,0,0,0,1.0,1,1.0,1,1.0,1,0.1814900030484892,40
2656,0,5528,2152,3376,0,0,0,1.0,1,1.0,1,1.0,1,0.19554995326694066,39
2657,0,5528,2152,3376,0,0,0,1.0,1,1.0,1,1.0,1,0.21653308515486844,40
2658,2,5530,2153,3377,0,0,0,1.0,1,1.0,1,1.0,1,0.288528121822404,41
2659,7,5537,2155,3382,0,0,0,1.0,1,1.0,1,1.0,1,0.35581445485624924,41
2660,5,5542,2155,3387,0,0,0,1.0,1,1.0,1,1.0,1,0.33811777280104427,40
2661,7,5549,2157,3392,0,0,0,1.0,1,1.0,1,1.0,1,0.3097631501006048,40
2662,4,5553,2159,3394,0,0,0,1.0,1,1.0,1,1.0,1,0.2629476862111082,42
2663,1,5554,2160,3394,0,0,0,1.0,1,1.0,1,1.0,1,0.21174516765260784,41
2664,2,5556,2161,3395,0,0,0,1.0,1,1.0,1,1.0,1,0.19479815348811724,42
2665,3,5559,2162,3397,0,0,0,1.0,1,1.0,1,1.0,1,0.13024730243510063,43
2666,2,5561,2164,3397,0,0,0,1.0,1,1.0,1,1.0,1,0.1441294365837313,44
2667,4,5565,2167,3398,0,0,0,1.0,1,1.0,1,1.0,1,0.18598352372537777,42
2668,1,5566,2168,3398,0,0,0,1.0,1,1.0,1,1.0,1,0.21156474906600886,41
2669,5,5571,2171,3400,0,0,0,1.0,1,1.0,1,1.0,1,0.2558215133946837,42
2670,2,5573,2172,3401,0,0,0,1.0,1,1.0,1,1.0,1,0.2909700468232848,40
2671,5,5578,2175,3403,0,0,0,1.0,1,1.0,1,1.0,1,0.32233378641732785,39
2672,1,5579,2176,3403,0,0,0,1.0,1,1.0,1,1.0,1,0.30974131701540003,36
2673,1,5580,2177,3403,0,0,0,1.0,1,1.0,1,1.0,1,0.34620015224315276,35
2674,1,5581,2177,3404,0,0,0,1.0,1,1.0,1,1.0,1,0.2571173670200738,33
2675,2,5583,2177,3406,0,0,0,1.0,1,1.0,1,1.0,1,0.18687256321174184,34
2676,0,5583,2177,3406,0,0,0,1.0,1,1.0,1,1.0,1,0.18709453319989292,32
2677,3,5586,2180,3406,0,0,0,1.0,1,1.0,1,1.0,1,0.24026000774606468,33
2678,0,5586,2180,3406,0,0,0,1.0,1,1.0,1,1.0,1,0.26132036126118363,33
2679,2,5588,2181,3407,0,0,0,1.0,1,1.0,1,1.0,1,0.32818993458389867,32
2680,2,5590,2183,3407,0,0,0,1.0,1,1.0,1,1.0,1,0.364268825591529,32
2681,0,5590,2183,3407,0,0,0,1.0,1,1.0,1,1.0,1,0.3509855294006243,32
2682,2,5592,2185,3407,0,0,0,1.0,1,1.0,1,1.0,1,0.36021884371123475,33
2683,0,5592,2185,3407,0,0,0,1.0,1,1.0,1,1.0,1,0.33490773055999473,32
2684,0,5592,2185,3407,0,0,0,1.0,1,1.0,1,1.0,1,0.34604020367006344,31
2685,0,5592,2185,3407,0,0,0,1.0,1,1.0,1,1.0,1,0.34604020367006344,31
2686,0,5592,2185,3407,0,0,0,1.0,1,1.0,1,1.0,1,0.367167233324541,30
2687,2,5594,2185,3409,0,0,0,1.0,1,1.0,1,1.0,1,0.30397228337356375,30
2688,1,5595,2186,3409,0,0,0,1.0,1,1.0,1,1.0,1,0.34563010682484874,30
2689,2,5597,2187,3410,0,0,0,1.0,1,1.0,1,1.0,1,0.3011601490330315,31
2690,3,5600,2190,3410,0,0,0,1.0,1,1.0,1,1.0,1,0.2330873702364907,31
2691,3,5603,2192,3411,0,0,0,1.0,1,1.0,1,1.0,1,0.2905455214314678,32
2692,2,5605,2193,3412,0,0,0,1.0,1,1.0,1,1.0,1,0.2782566839844305,32
2693,3,5608,2195,3413,0,0,0,1.0,1,1.0,1,1.0,1,0.33312676853444817,33
2694,1,5609,2195,3414,0,0,0,1.0,1,1.0,1,1.0,1,0.3165920343885817,34
2695,1,5610,2195,3415,0,0,0,1.0,1,1.0,1,1.0,1,0.3170813185065267,35
2696,0,5610,2195,3415,0,0,0,1.0,1,1.0,1,1.0,1,0.3170813185065267,35
2697,3,5613,2197,3416,0,0,0,1.0,1,1.0,1,1.0,1,0.29891245461201943,35
2698,4,5617,2198,3419,0,0,0,1.0,1,1.0,1,1.0,1,0.3149406009082478,36
2699,2,5619,2198,3421,0,0,0,1.0,1,1.0,1,1.0,1,0.3120437137907005,36
2700,3,5622,2198,3424,0,0,0,1.0,1,1.0,1,1.0,1,0.32264978756033036,37
2701,4,5626,2199,3427,0,0,0,1.0,1,1.0,1,1.0,1,0.2495836051402535,37
2702,4,5630,2201,3429,0,0,0,1.0,1,1.0,1,1.0,1,0.22800897551531482,37
2703,1,5631,2202,3429,0,0,0,1.0,1,1.0,1,1.0,1,0.22687747064704455,38
2704,2,5633,2203,3430,0,0,0,1.0,1,1.0,1,1.0,1,0.22993498298831788,37
2705,2,5635,2205,3430,0,0,0,1.0,1,1.0,1,1.0,1,0.24598884740713475,36
2706,1,5636,2206,3430,0,0,0,1.0,1,1.0,1,1.0,1,0.27505008068032016,36
2707,2,5638,2207,3431,0,0,0,1.0,1,1.0,1,1.0,1,0.2988846707627223,35
2708,2,5640,2209,3431,0,0,0,1.0,1,1.0,1,1.0,1,0.3355374743324013,36
2709,2,5642,2211,3431,0,0,0,1.0,1,1.0,1,1.0,1,0.2883944828034394,32
2710,2,5644,2213,3431,0,0,0,1.0,1,1.0,1,1.0,1,0.387282387605548,29
2711,1,5645,2214,3431,0,0,0,1.0,1,1.0,1,1.0,1,0.3997667202581414,29
2712,1,5646,2215,3431,0,0,0,1.0,1,1.0,1,1.0,1,0.4646395492044027,28
2713,1,5647,2215,3432,0,0,0,1.0,1,1.0,1,1.0,1,0.4401522324994056,28
2714,2,5649,2217,3432,0,0,0,1.0,1,1.0,1,1.0,1,0.5143000806586823,26
2715,0,5649,2217,3432,0,0,0,1.0,1,1.0,1,1.0,1,0.5138081326203511,24
2716,3,5652,2219,3433,0,0,0,1.0,1,1.0,1,1.0,1,0.4257727896172883,24
2717,3,5655,2221,3434,0,0,0,1.0,1,1.0,1,1.0,1,0.39633991006029906,25
2718,1,5656,2221,3435,0,0,0,1.0,1,1.0,1,1.0,1,0.31214617591818883,25
2719,6,5662,2224,3438,0,0,0,1.0,1,1.0,1,1.0,1,0.26635049185480086,25
2720,3,5665,2226,3439,0,0,0,1.0,1,1.0,1,1.0,1,0.2891585668756279,25
2721,2,5667,2228,3439,0,0,0,1.0,1,1.0,1,1.0,1,0.2780589498011665,25
2722,1,5668,2229,3439,0,0,0,1.0,1,1.0,1,1.0,1,0.2725622929032295,26
2723,0,5668,2229,3439,0,0,0,1.0,1,1.0,1,1.0,1,0.2725622929032295,26
2724,1,5669,2230,3439,0,0,0,1.0,1,1.0,1,1.0,1,0.29553885214209585,27
2725,1,5670,2230,3440,0,0,0,1.0,1,1.0,1,1.0,1,0.2660264494089238,28
2726,1,5671,2231,3440,0,0,0,1.0,1,1.0,1,1.0,1,0.27609609830589554,28
2727,1,5672,2231,3441,0,0,0,1.0,1,1.0,1,1.0,1,0.2685333731841212,29
2728,0,5672,2231,3441,0,0,0,1.0,1,1.0,1,1.0,1,0.2685333731841212,29
2729,0,5672,2231,3441,0,0,0,1.0,1,1.0,1,1.0,1,0.2530605614862149,29
2730,1,5673,2231,3442,0,0,0,1.0,1,1.0,1,1.0,1,0.2011981243370364,29
2731,2,5675,2232,3443,0,0,0,1.0,1,1.0,1,1.0,1,0.17908424335617895,30
2732,0,5675,2232,3443,0,0,0,1.0,1,1.0,1,1.0,1,0.16955823027543024,29
2733,0,5675,2232,3443,0,0,0,1.0,1,1.0,1,1.0,1,0.16955823027543024,29
2734,0,5675,2232,3443,0,0,0,1.0,1,1.0,1,1.0,1,0.16955823027543024,29
2735,1,5676,2233,3443,0,0,0,1.0,1,1.0,1,1.0,1,0.20097218374184322,29
2736,1,5677,2234,3443,0,0,0,1.0,1,1.0,1,1.0,1,0.2504435263795277,30
2737,0,5677,2234,3443,0,0,0,1.0,1,1.0,1,1.0,1,0.26292859611829467,30
2738,2,5679,2236,3443,0,0,0,1.0,1,1.0,1,1.0,1,0.30350313566454934,30
2739,1,5680,2237,3443,0,0,0,1.0,1,1.0,1,1.0,1,0.3705671061762897,29
2740,2,5682,2239,3443,0,0,0,1.0,1,1.0,1,1.0,1,0.4176322953429166,29
2741,4,5686,2240,3446,0,0,0,1.0,1,1.0,1,1.0,1,0.41711084184874825,28
2742,3,5689,2241,3448,0,0,0,1.0,1,1.0,1,1.0,1,0.40453637180683066,28
2743,0,5689,2241,3448,0,0,0,1.0,1,1.0,1,1.0,1,0.4143205677599927,29
2744,0,5689,2241,3448,0,0,0,1.0,1,1.0,1,1.0,1,0.39654343460586505,27
2745,1,5690,2242,3448,0,0,0,1.0,1,1.0,1,1.0,1,0.40515985404684335,25
2746,2,5692,2243,3449,0,0,0,1.0,1,1.0,1,1.0,1,0.4549074365239104,25
2747,3,5695,2245,3450,0,0,0,1.0,1,1.0,1,1.0,1,0.5001351542192316,23
2748,1,5696,2246,3450,0,0,0,1.0,1,1.0,1,1.0,1,0.5226051993170795,22
2749,0,5696,2246,3450,0,0,0,1.0,1,1.0,1,1.0,1,0.5636001111449305,19
2750,1,5697,2247,3450,0,0,0,1.0,1,1.0,1,1.0,1,0.5869602374003318,18
2751,0,5697,2247,3450,0,0,0,1.0,1,1.0,1,1.0,1,0.5997674759787625,16
2752,0,5697,2247,3450,0,0,0,1.0,1,1.0,1,1.0,1,0.5861841563124994,15
2753,0,5697,2247,3450,0,0,0,1.0,1,1.0,1,1.0,1,0.5861841563124994,15
2754,0,5697,2247,3450,0,0,0,1.0,1,1.0,1,1.0,1,0.5861841563124994,15
2755,0,5697,2247,3450,0,0,0,1.0,1,1.0,1,1.0,1,0.5861841563124994,15
2756,1,5698,2248,3450,0,0,0,1.0,1,1.0,1,1.0,1,0.555937786047402,16
2757,0,5698,2248,3450,0,0,0,1.0,1,1.0,1,1.0,1,0.5349144232134855,17
2758,0,5698,2248,3450,0,0,0,1.0,1,1.0,1,1.0,1,0.5349144232134855,17
2759,0,5698,2248,3450,0,0,0,1.0,1,1.0,1,1.0,1,0.5307627511792893,18
2760,0,5698,2248,3450,0,0,0,1.0,1,1.0,1,1.0,1,0.5307627511792893,18
2761,0,5698,2248,3450,0,0,0,1.0,1,1.0,1,1.0,1,0.5307627511792893,18
2762,0,5698,2248,3450,0,0,0,1.0,1,1.0,1,1.0,1,0.5307627511792893,18
2763,2,5700,2248,3452,0,0,0,1.0,1,1.0,1,1.0,1,0.4392296112776636,17
2764,0,5700,2248,3452,0,0,0,1.0,1,1.0,1,1.0,1,0.4392296112776636,17
2765,1,5701,2248,3453,0,0,0,1.0,1,1.0,1,1.0,1,0.39866333225153366,18
2766,0,5701,2248,3453,0,0,0,1.0,1,1.0,1,1.0,1,0.39866333225153366,18
2767,0,5701,2248,3453,0,0,0,1.0,1,1.0,1,1.0,1,0.39866333225153366,18
2768,1,5702,2248,3454,0,0,0,1.0,1,1.0,1,1.0,1,0.3646740311380843,18
2769,0,5702,2248,3454,0,0,0,1.0,1,1.0,1,1.0,1,0.3646740311380843,18
2770,1,5703,2249,3454,0,0,0,1.0,1,1.0,1,1.0,1,0.35941542687637307,18
2771,0,5703,2249,3454,0,0,0,1.0,1,1.0,1,1.0,1,0.35941542687637307,18
2772,0,5703,2249,3454,0,0,0,1.0,1,1.0,1,1.0,1,0.35941542687637307,18
2773,0,5703,2249,3454,0,0,0,1.0,1,1.0,1,1.0,1,0.35941542687637307,18
2774,1,5704,2250,3454,0,0,0,1.0,1,1.0,1,1.0,1,0.3940077451787959,20
2775,0,5704,2250,3454,0,0,0,1.0,1,1.0,1,1.0,1,0.3719609733179185,21
2776,1,5705,2251,3454,0,0,0,1.0,1,1.0,1,1.0,1,0.361058858001655,21
2777,1,5706,2251,3455,0,0,0,1.0,1,1.0,1,1.0,1,0.32927960800592865,22
2778,2,5708,2252,3456,0,0,0,1.0,1,1.0,1,1.0,1,0.2958723003984091,24
2779,1,5709,2253,3456,0,0,0,1.0,1,1.0,1,1.0,1,0.32138216438882883,24
2780,0,5709,2253,3456,0,0,0,1.0,1,1.0,1,1.0,1,0.32138216438882883,24
2781,0,5709,2253,3456,0,0,0,1.0,1,1.0,1,1.0,1,0.32138216438882883,24
2782,1,5710,2254,3456,0,0,0,1.0,1,1.0,1,1.0,1,0.34962880769032145,24
2783,2,5712,2255,3457,0,0,0,1.0,1,1.0,1,1.0,1,0.29876478917031524,24
2784,3,5715,2257,3458,0,0,0,1.0,1,1.0,1,1.0,1,0.3720328795054878,24
2785,2,5717,2258,3459,0,0,0,1.0,1,1.0,1,1.0,1,0.3355008167028677,22
2786,0,5717,2258,3459,0,0,0,1.0,1,1.0,1,1.0,1,0.3789476284284465,22
2787,0,5717,2258,3459,0,0,0,1.0,1,1.0,1,1.0,1,0.3510456534969237,21
2788,0,5717,2258,3459,0,0,0,1.0,1,1.0,1,1.0,1,0.3328763605806725,20
2789,1,5718,2259,3459,0,0,0,1.0,1,1.0,1,1.0,1,0.3664299720202772,20
2790,0,5718,2259,3459,0,0,0,1.0,1,1.0,1,1.0,1,0.38815939382359943,21
2791,2,5720,2261,3459,0,0,0,1.0,1,1.0,1,1.0,1,0.35273084466772253,21
2792,1,5721,2261,3460,0,0,0,1.0,1,1.0,1,1.0,1,0.30080920082847257,21
2793,0,5721,2261,3460,0,0,0,1.0,1,1.0,1,1.0,1,0.3425247663595033,18
2794,0,5721,2261,3460,0,0,0,1.0,1,1.0,1,1.0,1,0.3425247663595033,18
2795,0,5721,2261,3460,0,0,0,1.0,1,1.0,1,1.0,1,0.35708922692450645,20
2796,1,5722,2262,3460,0,0,0,1.0,1,1.0,1,1.0,1,0.3556110335628042,21
2797,1,5723,2262,3461,0,0,0,1.0,1,1.0,1,1.0,1,0.30295987550903447,21
2798,0,5723,2262,3461,0,0,0,1.0,1,1.0,1,1.0,1,0.30295987550903447,21
2799,0,5723,2262,3461,0,0,0,1.0,1,1.0,1,1.0,1,0.3157088350543498,22
2800,0,5723,2262,3461,0,0,0,1.0,1,1.0,1,1.0,1,0.3157088350543498,22
2801,1,5724,2263,3461,0,0,0,1.0,1,1.0,1,1.0,1,0.30316734319625865,22
2802,0,5724,2263,3461,0,0,0,1.0,1,1.0,1,1.0,1,0.30316734319625865,22
2803,1,5725,2264,3461,0,0,0,1.0,1,1.0,1,1.0,1,0.3570113221114193,22
2804,0,5725,2264,3461,0,0,0,1.0,1,1.0,1,1.0,1,0.3743035968424794,23
2805,0,5725,2264,3461,0,0,0,1.0,1,1.0,1,1.0,1,0.3743035968424794,23
2806,0,5725,2264,3461,0,0,0,1.0,1,1.0,1,1.0,1,0.3743035968424794,23
2807,0,5725,2264,3461,0,0,0,1.0,1,1.0,1,1.0,1,0.367298549750263,24
2808,0,5725,2264,3461,0,0,0,1.0,1,1.0,1,1.0,1,0.367298549750263,24
2809,1,5726,2265,3461,0,0,0,1.0,1,1.0,1,1.0,1,0.41289559933160075,25
2810,0,5726,2265,3461,0,0,0,1.0,1,1.0,1,1.0,1,0.4035894208966574,24
2811,2,5728,2265,3463,0,0,0,1.0,1,1.0,1,1.0,1,0.35072051862295184,26
2812,1,5729,2266,3463,0,0,0,1.0,1,1.0,1,1.0,1,0.378033696975239,26
2813,1,5730,2267,3463,0,0,0,1.0,1,1.0,1,1.0,1,0.3484739579926692,27
2814,3,5733,2269,3464,0,0,0,1.0,1,1.0,1,1.0,1,0.351704738910011,29
2815,1,5734,2270,3464,0,0,0,1.0,1,1.0,1,1.0,1,0.3043390599254469,29
2816,0,5734,2270,3464,0,0,0,1.0,1,1.0,1,1.0,1,0.316820547670067,29
2817,1,5735,2271,3464,0,0,0,1.0,1,1.0,1,1.0,1,0.33910624428951064,29
2818,3,5738,2272,3466,0,0,0,1.0,1,1.0,1,1.0,1,0.33471043010672585,29
2819,1,5739,2272,3467,0,0,0,1.0,1,1.0,1,1.0,1,0.3581304767867327,30
2820,2,5741,2273,3468,0,0,0,1.0,1,1.0,1,1.0,1,0.34225451586392486,30
2821,2,5743,2274,3469,0,0,0,1.0,1,1.0,1,1.0,1,0.3410970943332237,31
2822,2,5745,2275,3470,0,0,0,1.0,1,1.0,1,1.0,1,0.3537120864174583,30
2823,2,5747,2277,3470,0,0,0,1.0,1,1.0,1,1.0,1,0.31235804671205025,27
2824,1,5748,2277,3471,0,0,0,1.0,1,1.0,1,1.0,1,0.26191912891751834,28
2825,3,5751,2280,3471,0,0,0,1.0,1,1.0,1,1.0,1,0.30283631911290015,28
2826,1,5752,2281,3471,0,0,0,1.0,1,1.0,1,1.0,1,0.3569723010364183,27
2827,1,5753,2282,3471,0,0,0,1.0,1,1.0,1,1.0,1,0.3489629904246662,28
2828,1,5754,2282,3472,0,0,0,1.0,1,1.0,1,1.0,1,0.36317885579946596,28
2829,0,5754,2282,3472,0,0,0,1.0,1,1.0,1,1.0,1,0.34870431774075616,27
2830,2,5756,2283,3473,0,0,0,1.0,1,1.0,1,1.0,1,0.3085697826632514,27
2831,1,5757,2283,3474,0,0,0,1.0,1,1.0,1,1.0,1,0.2901260188043491,27
2832,4,5761,2284,3477,0,0,0,1.0,1,1.0,1,1.0,1,0.24969602134957414,27
2833,0,5761,2284,3477,0,0,0,1.0,1,1.0,1,1.0,1,0.287846549975474,26
2834,0,5761,2284,3477,0,0,0,1.0,1,1.0,1,1.0,1,0.2282685176046414,26
2835,1,5762,2285,3477,0,0,0,1.0,1,1.0,1,1.0,1,0.19868633577612319,25
2836,1,5763,2286,3477,0,0,0,1.0,1,1.0,1,1.0,1,0.2443240444984427,27
2837,0,5763,2286,3477,0,0,0,1.0,1,1.0,1,1.0,1,0.27013048448556265,27
2838,0,5763,2286,3477,0,0,0,1.0,1,1.0,1,1.0,1,0.27013048448556265,27
2839,1,5764,2287,3477,0,0,0,1.0,1,1.0,1,1.0,1,0.32572975839824914,29
2840,1,5765,2288,3477,0,0,0,1.0,1,1.0,1,1.0,1,0.31749136423820634,29
2841,0,5765,2288,3477,0,0,0,1.0,1,1.0,1,1.0,1,0.3145387518690348,31
2842,1,5766,2288,3478,0,0,0,1.0,1,1.0,1,1.0,1,0.2926860388015667,31
2843,1,5767,2288,3479,0,0,0,1.0,1,1.0,1,1.0,1,0.2602033445506592,32
2844,2,5769,2290,3479,0,0,0,1.0,1,1.0,1,1.0,1,0.23542872081769214,33
2845,1,5770,2291,3479,0,0,0,1.0,1,1.0,1,1.0,1,0.26278280261737913,32
2846,2,5772,2293,3479,0,0,0,1.0,1,1.0,1,1.0,1,0.23025288991913884,33
2847,0,5772,2293,3479,0,0,0,1.0,1,1.0,1,1.0,1,0.25456537903276016,32
2848,2,5774,2295,3479,0,0,0,1.0,1,1.0,1,1.0,1,0.30023786634688754,33
2849,2,5776,2295,3481,0,0,0,1.0,1,1.0,1,1.0,1,0.2796991710130395,34
2850,2,5778,2297,3481,0,0,0,1.0,1,1.0,1,1.0,1,0.24270448584011428,34
2851,0,5778,2297,3481,0,0,0,1.0,1,1.0,1,1.0,1,0.24270448584011428,34
2852,4,5782,2300,3482,0,0,0,1.0,1,1.0,1,1.0,1,0.2603763597270692,35
2853,2,5784,2301,3483,0,0,0,1.0,1,1.0,1,1.0,1,0.26575881134047363,36
2854,0,5784,2301,3483,0,0,0,1.0,1,1.0,1,1.0,1,0.2885645610526953,37
2855,3,5787,2303,3484,0,0,0,1.0,1,1.0,1,1.0,1,0.29121841583270347,38
2856,1,5788,2303,3485,0,0,0,1.0,1,1.0,1,1.0,1,0.2877765554110469,38
2857,1,5789,2304,3485,0,0,0,1.0,1,1.0,1,1.0,1,0.28385217710303884,39
2858,3,5792,2305,3487,0,0,0,1.0,1,1.0,1,1.0,1,0.23260339706784702,40
2859,2,5794,2306,3488,0,0,0,1.0,1,1.0,1,1.0,1,0.22830472859730003,40
2860,3,5797,2308,3489,0,0,0,1.0,1,1.0,1,1.0,1,0.24064271278080254,40
2861,1,5798,2309,3489,0,0,0,1.0,1,1.0,1,1.0,1,0.24946872378526372,38
2862,3,5801,2311,3490,0,0,0,1.0,1,1.0,1,1.0,1,0.27340962761251636,38
2863,5,5806,2312,3494,0,0,0,1.0,1,1.0,1,1.0,1,0.23153324946098194,38
2864,2,5808,2314,3494,0,0,0,1.0,1,1.0,1,1.0,1,0.19828543289827796,36
2865,3,5811,2317,3494,0,0,0,1.0,1,1.0,1,1.0,1,0.2827926889011559,34
2866,1,5812,2318,3494,0,0,0,1.0,1,1.0,1,1.0,1,0.29311413412211595,31
2867,1,5813,2319,3494,0,0,0,1.0,1,1.0,1,1.0,1,0.3072544388586803,30
2868,2,5815,2321,3494,0,0,0,1.0,1,1.0,1,1.0,1,0.39670835614075967,27
2869,1,5816,2322,3494,0,0,0,1.0,1,1.0,1,1.0,1,0.43754602819701,27
2870,2,5818,2324,3494,0,0,0,1.0,1,1.0,1,1.0,1,0.4886452242794559,25
2871,1,5819,2324,3495,0,0,0,1.0,1,1.0,1,1.0,1,0.46687909792016297,25
2872,1,5820,2325,3495,0,0,0,1.0,1,1.0,1,1.0,1,0.44711609597119106,23
2873,1,5821,2326,3495,0,0,0,1.0,1,1.0,1,1.0,1,0.49715747799744714,24
2874,0,5821,2326,3495,0,0,0,1.0,1,1.0,1,1.0,1,0.512106867536852,24
2875,1,5822,2326,3496,0,0,0,1.0,1,1.0,1,1.0,1,0.5115961634119405,23
2876,2,5824,2327,3497,0,0,0,1.0,1,1.0,1,1.0,1,0.5118091258471216,24
2877,1,5825,2328,3497,0,0,0,1.0,1,1.0,1,1.0,1,0.5507313241198989,24
2878,1,5826,2329,3497,0,0,0,1.0,1,1.0,1,1.0,1,0.517725545347047,24
2879,2,5828,2331,3497,0,0,0,1.0,1,1.0,1,1.0,1,0.5048984316494795,25
2880,1,5829,2331,3498,0,0,0,1.0,1,1.0,1,1.0,1,0.4783036297048078,26
2881,2,5831,2331,3500,0,0,0,1.0,1,1.0,1,1.0,1,0.4095553008959777,26
2882,2,5833,2331,3502,0,0,0,1.0,1,1.0,1,1.0,1,0.33178486047216343,27
2883,0,5833,2331,3502,0,0,0,1.0,1,1.0,1,1.0,1,0.3203224324711972,28
2884,1,5834,2331,3503,0,0,0,1.0,1,1.0,1,1.0,1,0.33220655299560287,29
2885,1,5835,2331,3504,0,0,0,1.0,1,1.0,1,1.0,1,0.30512699698438517,31
2886,1,5836,2331,3505,0,0,0,1.0,1,1.0,1,1.0,1,0.29010010593369484,31
2887,0,5836,2331,3505,0,0,0,1.0,1,1.0,1,1.0,1,0.2853762611477293,33
2888,3,5839,2331,3508,0,0,0,1.0,1,1.0,1,1.0,1,0.23303174370502636,34
2889,1,5840,2331,3509,0,0,0,1.0,1,1.0,1,1.0,1,0.20912486359744176,35
2890,1,5841,2332,3509,0,0,0,1.0,1,1.0,1,1.0,1,0.22520194963101853,35
2891,0,5841,2332,3509,0,0,0,1.0,1,1.0,1,1.0,1,0.22520194963101853,35
2892,1,5842,2333,3509,0,0,0,1.0,1,1.0,1,1.0,1,0.23032985766829994,35
2893,0,5842,2333,3509,0,0,0,1.0,1,1.0,1,1.0,1,0.25370286836633715,37
2894,0,5842,2333,3509,0,0,0,1.0,1,1.0,1,1.0,1,0.25370286836633715,37
2895,1,5843,2334,3509,0,0,0,1.0,1,1.0,1,1.0,1,0.2690060067738254,37
2896,4,5847,2336,3511,0,0,0,1.0,1,1.0,1,1.0,1,0.33388470748953825,38
2897,4,5851,2336,3515,0,0,0,1.0,1,1.0,1,1.0,1,0.32411993163315006,37
2898,2,5853,2336,3517,0,0,0,1.0,1,1.0,1,1.0,1,0.33926695545884933,38
2899,2,5855,2336,3519,0,0,0,1.0,1,1.0,1,1.0,1,0.31439474751101704,37
2900,2,5857,2336,3521,0,0,0,1.0,1,1.0,1,1.0,1,0.33366606832271406,36
2901,3,5860,2336,3524,0,0,0,1.0,1,1.0,1,1.0,1,0.33613080740994716,37
2902,2,5862,2337,3525,0,0,0,1.0,1,1.0,1,1.0,1,0.3851227860809809,35
2903,2,5864,2337,3527,0,0,0,1.0,1,1.0,1,1.0,1,0.3768646238469669,35
2904,2,5866,2337,3529,0,0,0,1.0,1,1.0,1,1.0,1,0.41856709849556234,33
2905,1,5867,2337,3530,0,0,0,1.0,1,1.0,1,1.0,1,0.4212554595175019,34
2906,4,5871,2339,3532,0,0,0,1.0,1,1.0,1,1.0,1,0.4676126006077166,34
2907,3,5874,2339,3535,0,0,0,1.0,1,1.0,1,1.0,1,0.45199147536453266,35
2908,1,5875,2339,3536,0,0,0,1.0,1,1.0,1,1.0,1,0.42889350389247993,36
2909,0,5875,2339,3536,0,0,0,1.0,1,1.0,1,1.0,1,0.43560818275219626,38
2910,0,5875,2339,3536,0,0,0,1.0,1,1.0,1,1.0,1,0.43560818275219626,38
2911,3,5878,2340,3538,0,0,0,1.0,1,1.0,1,1.0,1,0.38465131179902134,37
2912,0,5878,2340,3538,0,0,0,1.0,1,1.0,1,1.0,1,0.38465131179902134,37
2913,1,5879,2340,3539,0,0,0,1.0,1,1.0,1,1.0,1,0.36497689066743033,38
2914,1,5880,2340,3540,0,0,0,1.0,1,1.0,1,1.0,1,0.34651144943060175,38
2915,4,5884,2340,3544,0,0,0,1.0,1,1.0,1,1.0,1,0.2874994702378496,39
2916,0,5884,2340,3544,0,0,0,1.0,1,1.0,1,1.0,1,0.30101355382409306,40
2917,3,5887,2341,3546,0,0,0,1.0,1,1.0,1,1.0,1,0.2857885601875859,41
2918,0,5887,2341,3546,0,0,0,1.0,1,1.0,1,1.0,1,0.29328905102008684,41
2919,0,5887,2341,3546,0,0,0,1.0,1,1.0,1,1.0,1,0.29328905102008684,41
2920,0,5887,2341,3546,0,0,0,1.0,1,1.0,1,1.0,1,0.31650641566395266,43
2921,0,5887,2341,3546,0,0,0,1.0,1,1.0,1,1.0,1,0.3355924775530208,42
2922,4,5891,2342,3549,0,0,0,1.0,1,1.0,1,1.0,1,0.2890725420149586,43
2923,1,5892,2342,3550,0,0,0,1.0,1,1.0,1,1.0,1,0.2971323011144187,44
2924,1,5893,2342,3551,0,0,0,1.0,1,1.0,1,1.0,1,0.2914086718922013,45
2925,3,5896,2342,3554,0,0,0,1.0,1,1.0,1,1.0,1,0.27612310130434586,45
2926,2,5898,2343,3555,0,0,0,1.0,1,1.0,1,1.0,1,0.28918207090635273,47
2927,3,5901,2343,3558,0,0,0,1.0,1,1.0,1,1.0,1,0.27822670585206694,47
2928,1,5902,2344,3558,0,0,0,1.0,1,1.0,1,1.0,1,0.2821941793044546,48
2929,0,5902,2344,3558,0,0,0,1.0,1,1.0,1,1.0,1,0.2821941793044546,48
2930,3,5905,2344,3561,0,0,0,1.0,1,1.0,1,1.0,1,0.2535956610088471,50
2931,0,5905,2344,3561,0,0,0,1.0,1,1.0,1,1.0,1,0.2629093506626493,51
2932,0,5905,2344,3561,0,0,0,1.0,1,1.0,1,1.0,1,0.2629093506626493,51
2933,1,5906,2345,3561,0,0,0,1.0,1,1.0,1,1.0,1,0.29284888096582684,52
2934,1,5907,2346,3561,0,0,0,1.0,1,1.0,1,1.0,1,0.30422430578426435,52
2935,1,5908,2347,3561,0,0,0,1.0,1,1.0,1,1.0,1,0.32543495495527247,51
2936,1,5909,2347,3562,0,0,0,1.0,1,1.0,1,1.0,1,0.2904000001409574,49
2937,0,5909,2347,3562,0,0,0,1.0,1,1.0,1,1.0,1,0.2981731134475696,50
2938,1,5910,2347,3563,0,0,0,1.0,1,1.0,1,1.0,1,0.28569643685613294,50
2939,1,5911,2347,3564,0,0,0,1.0,1,1.0,1,1.0,1,0.28845149011832266,51
2940,2,5913,2348,3565,0,0,0,1.0,1,1.0,1,1.0,1,0.298458246909994,52
2941,8,5921,2348,3573,0,0,0,1.0,1,1.0,1,1.0,1,0.2425742894711295,53
2942,3,5924,2350,3574,0,0,0,1.0,1,1.0,1,1.0,1,0.2682779112534797,52
2943,1,5925,2351,3574,0,0,0,1.0,1,1.0,1,1.0,1,0.2611995017277703,51
2944,3,5928,2353,3575,0,0,0,1.0,1,1.0,1,1.0,1,0.27755541201972617,52
2945,4,5932,2354,3578,0,0,0,1.0,1,1.0,1,1.0,1,0.21073084842724948,50
2946,4,5936,2357,3579,0,0,0,1.0,1,1.0,1,1.0,1,0.2393054190811479,51
2947,2,5938,2359,3579,0,0,0,1.0,1,1.0,1,1.0,1,0.2694253396350436,50
2948,4,5942,2361,3581,0,0,0,1.0,1,1.0,1,1.0,1,0.26077055072294736,50
2949,0,5942,2361,3581,0,0,0,1.0,1,1.0,1,1.0,1,0.248551939093567,49
2950,1,5943,2362,3581,0,0,0,1.0,1,1.0,1,1.0,1,0.30741429455520825,48
2951,1,5944,2363,3581,0,0,0,1.0,1,1.0,1,1.0,1,0.3111651403654071,48
2952,1,5945,2363,3582,0,0,0,1.0,1,1.0,1,1.0,1,0.3148412519092056,46
2953,0,5945,2363,3582,0,0,0,1.0,1,1.0,1,1.0,1,0.3148412519092056,46
2954,0,5945,2363,3582,0,0,0,1.0,1,1.0,1,1.0,1,0.33140167869485465,48
2955,2,5947,2363,3584,0,0,0,1.0,1,1.0,1,1.0,1,0.2811086383443243,48
2956,2,5949,2364,3585,0,0,0,1.0,1,1.0,1,1.0,1,0.315666518735512,47
2957,3,5952,2365,3587,0,0,0,1.0,1,1.0,1,1.0,1,0.2873920763143986,48
2958,0,5952,2365,3587,0,0,0,1.0,1,1.0,1,1.0,1,0.2931062192843588,49
2959,3,5955,2367,3588,0,0,0,1.0,1,1.0,1,1.0,1,0.3322437895002047,49
2960,5,5960,2368,3592,0,0,0,1.0,1,1.0,1,1.0,1,0.2734618468775248,49
2961,4,5964,2370,3594,0,0,0,1.0,1,1.0,1,1.0,1,0.2743883103121216,51
2962,4,5968,2370,3598,0,0,0,1.0,1,1.0,1,1.0,1,0.18869246438508894,51
2963,0,5968,2370,3598,0,0,0,1.0,1,1.0,1,1.0,1,0.18869246438508894,51
2964,2,5970,2371,3599,0,0,0,1.0,1,1.0,1,1.0,1,0.18569905558762062,52
2965,2,5972,2372,3600,0,0,0,1.0,1,1.0,1,1.0,1,0.1700157083215299,53
2966,1,5973,2373,3600,0,0,0,1.0,1,1.0,1,1.0,1,0.16048791982913527,53
2967,0,5973,2373,3600,0,0,0,1.0,1,1.0,1,1.0,1,0.18557084727766376,53
2968,1,5974,2373,3601,0,0,0,1.0,1,1.0,1,1.0,1,0.19116684206988285,54
2969,1,5975,2373,3602,0,0,0,1.0,1,1.0,1,1.0,1,0.18642842180496283,55
2970,3,5978,2373,3605,0,0,0,1.0,1,1.0,1,1.0,1,0.1889075790404944,55
2971,3,5981,2374,3607,0,0,0,1.0,1,1.0,1,1.0,1,0.1556447062257208,55
2972,0,5981,2374,3607,0,0,0,1.0,1,1.0,1,1.0,1,0.1556447062257208,55
2973,1,5982,2374,3608,0,0,0,1.0,1,1.0,1,1.0,1,0.1706110208609141,55
2974,2,5984,2375,3609,0,0,0,1.0,1,1.0,1,1.0,1,0.17115714677829483,56
2975,0,5984,2375,3609,0,0,0,1.0,1,1.0,1,1.0,1,0.16197482569376098,55
2976,0,5984,2375,3609,0,0,0,1.0,1,1.0,1,1.0,1,0.18509216979670573,57
2977,1,5985,2375,3610,0,0,0,1.0,1,1.0,1,1.0,1,0.18667443062485475,59
2978,1,5986,2376,3610,0,0,0,1.0,1,1.0,1,1.0,1,0.18991794022132596,59
2979,1,5987,2377,3610,0,0,0,1.0,1,1.0,1,1.0,1,0.20077507115442922,59
2980,1,5988,2378,3610,0,0,0,1.0,1,1.0,1,1.0,1,0.2124330742864809,59
2981,4,5992,2380,3612,0,0,0,1.0,1,1.0,1,1.0,1,0.20025959817233388,59
2982,3,5995,2381,3614,0,0,0,1.0,1,1.0,1,1.0,1,0.21049000063136708,61
2983,7,6002,2384,3618,0,0,0,1.0,1,1.0,1,1.0,1,0.2010660175319619,61
2984,1,6003,2385,3618,0,0,0,1.0,1,1.0,1,1.0,1,0.22281276272233422,61
2985,5,6008,2389,3619,0,0,0,1.0,1,1.0,1,1.0,1,0.25466094542773027,57
2986,6,6014,2392,3622,0,0,0,1.0,1,1.0,1,1.0,1,0.27631099364887945,58
2987,4,6018,2395,3623,0,0,0,1.0,1,1.0,1,1.0,1,0.25437906278144656,56
2988,2,6020,2396,3624,0,0,0,1.0,1,1.0,1,1.0,1,0.2609373250293151,55
2989,5,6025,2401,3624,0,0,0,1.0,1,1.0,1,1.0,1,0.31153804455268863,53
2990,2,6027,2402,3625,0,0,0,1.0,1,1.0,1,1.0,1,0.2891887678173304,52
2991,2,6029,2402,3627,0,0,0,1.0,1,1.0,1,1.0,1,0.24176366938602226,54
2992,2,6031,2403,3628,0,0,0,1.0,1,1.0,1,1.0,1,0.22672028586880294,55
2993,0,6031,2403,3628,0,0,0,1.0,1,1.0,1,1.0,1,0.23748297485734915,53
2994,2,6033,2405,3628,0,0,0,1.0,1,1.0,1,1.0,1,0.27394168516104045,53
2995,2,6035,2406,3629,0,0,0,1.0,1,1.0,1,1.0,1,0.25777855939043515,51
2996,1,6036,2407,3629,0,0,0,1.0,1,1.0,1,1.0,1,0.28839953306368266,52
2997,2,6038,2409,3629,0,0,0,1.0,1,1.0,1,1.0,1,0.34505716636320594,50
2998,1,6039,2409,3630,0,0,0,1.0,1,1.0,1,1.0,1,0.34028318671017355,51
2999,0,6039,2409,3630,0,0,0,1.0,1,1.0,1,1.0,1,0.3289674486396312,48
3000,1,6040,2410,3630,0,0,0,1.0,1,1.0,1,1.0,1,0.3330986787810164,48
3001,4,6044,2410,3634,0,0,0,1.0,1,1.0,1,1.0,1,0.287555406297707,49
3002,1,6045,2410,3635,0,0,0,1.0,1,1.0,1,1.0,1,0.27572415436682923,50
3003,0,6045,2410,3635,0,0,0,1.0,1,1.0,1,1.0,1,0.27572415436682923,50
3004,4,6049,2411,3638,0,0,0,1.0,1,1.0,1,1.0,1,0.2410084182780297,51
3005,1,6050,2411,3639,0,0,0,1.0,1,1.0,1,1.0,1,0.22398912904599982,50
3006,1,6051,2411,3640,0,0,0,1.0,1,1.0,1,1.0,1,0.21557660101663903,51
3007,1,6052,2411,3641,0,0,0,1.0,1,1.0,1,1.0,1,0.21324988123391303,51
3008,5,6057,2413,3644,0,0,0,1.0,1,1.0,1,1.0,1,0.2426404474726831,53
3009,0,6057,2413,3644,0,0,0,1.0,1,1.0,1,1.0,1,0.24120216265771874,52
3010,0,6057,2413,3644,0,0,0,1.0,1,1.0,1,1.0,1,0.24120216265771874,52
3011,3,6060,2413,3647,0,0,0,1.0,1,1.0,1,1.0,1,0.16252938971959174,51
3012,1,6061,2413,3648,0,0,0,1.0,1,1.0,1,1.0,1,0.1783502221689892,54
3013,5,6066,2415,3651,0,0,0,1.0,1,1.0,1,1.0,1,0.13754151126023176,52
3014,4,6070,2416,3654,0,0,0,1.0,1,1.0,1,1.0,1,0.11985239364032858,51
3015,2,6072,2418,3654,0,0,0,1.0,1,1.0,1,1.0,1,0.14222336173422737,50
3016,3,6075,2421,3654,0,0,0,1.0,1,1.0,1,1.0,1,0.1980216498740235,50
3017,5,6080,2426,3654,0,0,0,1.0,1,1.0,1,1.0,1,0.2564262630072841,48
3018,3,6083,2428,3655,0,0,0,1.0,1,1.0,1,1.0,1,0.22941640093154197,48
3019,2,6085,2428,3657,0,0,0,1.0,1,1.0,1,1.0,1,0.2292381410667006,47
3020,3,6088,2429,3659,0,0,0,1.0,1,1.0,1,1.0,1,0.1749262725436428,47
3021,3,6091,2431,3660,0,0,0,1.0,1,1.0,1,1.0,1,0.2334295705304055,46
3022,5,6096,2436,3660,0,0,0,1.0,1,1.0,1,1.0,1,0.22666680096195269,45
3023,0,6096,2436,3660,0,0,0,1.0,1,1.0,1,1.0,1,0.23889085680553004,41
3024,4,6100,2438,3662,0,0,0,1.0,1,1.0,1,1.0,1,0.1462103562687721,43
3025,2,6102,2440,3662,0,0,0,1.0,1,1.0,1,1.0,1,0.1999615233102785,39
3026,2,6104,2442,3662,0,0,0,1.0,1,1.0,1,1.0,1,0.2466006773705346,38
3027,1,6105,2443,3662,0,0,0,1.0,1,1.0,1,1.0,1,0.2520873975085448,38
3028,1,6106,2444,3662,0,0,0,1.0,1,1.0,1,1.0,1,0.2864649966284497,38
3029,2,6108,2446,3662,0,0,0,1.0,1,1.0,1,1.0,1,0.2922307451331764,37
3030,0,6108,2446,3662,0,0,0,1.0,1,1.0,1,1.0,1,0.28583204575079196,38
3031,5,6113,2447,3666,0,0,0,1.0,1,1.0,1,1.0,1,0.2402578881267413,39
3032,3,6116,2448,3668,0,0,0,1.0,1,1.0,1,1.0,1,0.18936519343026356,39
3033,0,6116,2448,3668,0,0,0,1.0,1,1.0,1,1.0,1,0.17916662776324982,39
3034,0,6116,2448,3668,0,0,0,1.0,1,1.0,1,1.0,1,0.18244351358135596,38
3035,1,6117,2449,3668,0,0,0,1.0,1,1.0,1,1.0,1,0.20214943837237506,39
3036,0,6117,2449,3668,0,0,0,1.0,1,1.0,1,1.0,1,0.214662242449072,39
3037,0,6117,2449,3668,0,0,0,1.0,1,1.0,1,1.0,1,0.24907216600092968,39
3038,1,6118,2450,3668,0,0,0,1.0,1,1.0,1,1.0,1,0.24657802152086125,40
3039,3,6121,2451,3670,0,0,0,1.0,1,1.0,1,1.0,1,0.2609526532697418,41
3040,4,6125,2453,3672,0,0,0,1.0,1,1.0,1,1.0,1,0.24100411637722755,42
3041,2,6127,2454,3673,0,0,0,1.0,1,1.0,1,1.0,1,0.2610187917506387,43
3042,3,6130,2455,3675,0,0,0,1.0,1,1.0,1,1.0,1,0.2541622443071678,45
3043,2,6132,2457,3675,0,0,0,1.0,1,1.0,1,1.0,1,0.27883012560752046,45
3044,2,6134,2459,3675,0,0,0,1.0,1,1.0,1,1.0,1,0.29753981635856275,45
3045,5,6139,2461,3678,0,0,0,1.0,1,1.0,1,1.0,1,0.348793406722486,45
3046,3,6142,2461,3681,0,0,0,1.0,1,1.0,1,1.0,1,0.3498303949395675,46
3047,3,6145,2461,3684,0,0,0,1.0,1,1.0,1,1.0,1,0.35333162456150013,46
3048,11,6156,2461,3695,0,0,0,1.0,1,1.0,1,1.0,1,0.31636058996889804,49
3049,4,6160,2461,3699,0,0,0,1.0,1,1.0,1,1.0,1,0.32447784252391165,50
3050,4,6164,2461,3703,0,0,0,1.0,1,1.0,1,1.0,1,0.30969456544463936,50
3051,5,6169,2461,3708,0,0,0,1.0,1,1.0,1,1.0,1,0.32588959542333196,50
3052,5,6174,2461,3713,0,0,0,1.0,1,1.0,1,1.0,1,0.3103710815124012,50
3053,8,6182,2463,3719,0,0,0,1.0,1,1.0,1,1.0,1,0.2942490525917089,49
3054,9,6191,2464,3727,0,0,0,1.0,1,1.0,1,1.0,1,0.3121001795333658,47
3055,6,6197,2464,3733,0,0,0,1.0,1,1.0,1,1.0,1,0.33833825538856055,48
3056,8,6205,2465,3740,0,0,0,1.0,1,1.0,1,1.0,1,0.36069033691190056,47
3057,11,6216,2467,3749,0,0,0,1.0,1,1.0,1,1.0,1,0.33773213898764726,48
3058,2,6218,2467,3751,0,0,0,1.0,1,1.0,1,1.0,1,0.314663715835195,46
3059,2,6220,2468,3752,0,0,0,1.0,1,1.0,1,1.0,1,0.33746029687429546,44
3060,2,6222,2468,3754,0,0,0,1.0,1,1.0,1,1.0,1,0.3427033719680153,44
3061,3,6225,2468,3757,0,0,0,1.0,1,1.0,1,1.0,1,0.3194369862342235,42
3062,4,6229,2470,3759,0,0,0,1.0,1,1.0,1,1.0,1,0.2819910490849648,42
3063,2,6231,2472,3759,0,0,0,1.0,1,1.0,1,1.0,1,0.26257973896354375,41
3064,1,6232,2473,3759,0,0,0,1.0,1,1.0,1,1.0,1,0.28584660298986186,42
3065,1,6233,2474,3759,0,0,0,1.0,1,1.0,1,1.0,1,0.2551942758239233,40
3066,7,6240,2478,3762,0,0,0,1.0,1,1.0,1,1.0,1,0.22371534258489845,42
3067,3,6243,2480,3763,0,0,0,1.0,1,1.0,1,1.0,1,0.22918028658041,40
3068,2,6245,2482,3763,0,0,0,1.0,1,1.0,1,1.0,1,0.257437220072387,39
3069,0,6245,2482,3763,0,0,0,1.0,1,1.0,1,1.0,1,0.25329582386569893,38
3070,0,6245,2482,3763,0,0,0,1.0,1,1.0,1,1.0,1,0.26826787376714567,39
3071,0,6245,2482,3763,0,0,0,1.0,1,1.0,1,1.0,1,0.2603996365599613,39
3072,0,6245,2482,3763,0,0,0,1.0,1,1.0,1,1.0,1,0.2813747720414341,40
3073,1,6246,2483,3763,0,0,0,1.0,1,1.0,1,1.0,1,0.33311967378802104,38
3074,0,6246,2483,3763,0,0,0,1.0,1,1.0,1,1.0,1,0.31161105860187643,38
3075,2,6248,2485,3763,0,0,0,1.0,1,1.0,1,1.0,1,0.35825052008356234,41
3076,1,6249,2486,3763,0,0,0,1.0,1,1.0,1,1.0,1,0.31733258189572855,42
3077,2,6251,2487,3764,0,0,0,1.0,1,1.0,1,1.0,1,0.305776643455211,42
3078,1,6252,2487,3765,0,0,0,1.0,1,1.0,1,1.0,1,0.28761408619172707,42
3079,0,6252,2487,3765,0,0,0,1.0,1,1.0,1,1.0,1,0.28761408619172707,42
3080,0,6252,2487,3765,0,0,0,1.0,1,1.0,1,1.0,1,0.28524710450826646,43
3081,1,6253,2488,3765,0,0,0,1.0,1,1.0,1,1.0,1,0.2876468351418813,44
3082,1,6254,2489,3765,0,0,0,1.0,1,1.0,1,1.0,1,0.2999452159053535,45
3083,0,6254,2489,3765,0,0,0,1.0,1,1.0,1,1.0,1,0.2999452159053535,45
3084,0,6254,2489,3765,0,0,0,1.0,1,1.0,1,1.0,1,0.2999452159053535,45
3085,2,6256,2490,3766,0,0,0,1.0,1,1.0,1,1.0,1,0.3368133704622284,46
3086,2,6258,2490,3768,0,0,0,1.0,1,1.0,1,1.0,1,0.2983441002730756,46
3087,0,6258,2490,3768,0,0,0,1.0,1,1.0,1,1.0,1,0.3062233332106443,47
3088,2,6260,2491,3769,0,0,0,1.0,1,1.0,1,1.0,1,0.31609527311183494,48
3089,0,6260,2491,3769,0,0,0,1.0,1,1.0,1,1.0,1,0.2923801982452724,46
3090,0,6260,2491,3769,0,0,0,1.0,1,1.0,1,1.0,1,0.31543532218720904,46
3091,5,6265,2491,3774,0,0,0,1.0,1,1.0,1,1.0,1,0.258081585471797,46
3092,2,6267,2493,3774,0,0,0,1.0,1,1.0,1,1.0,1,0.2845615625602308,47
3093,4,6271,2494,3777,0,0,0,1.0,1,1.0,1,1.0,1,0.2981195643364703,47
3094,1,6272,2495,3777,0,0,0,1.0,1,1.0,1,1.0,1,0.3008479714394664,45
3095,3,6275,2497,3778,0,0,0,1.0,1,1.0,1,1.0,1,0.2781200698755065,46
3096,0,6275,2497,3778,0,0,0,1.0,1,1.0,1,1.0,1,0.281297124820563,46
3097,3,6278,2499,3779,0,0,0,1.0,1,1.0,1,1.0,1,0.2793826907770859,47
3098,1,6279,2499,3780,0,0,0,1.0,1,1.0,1,1.0,1,0.2728158047710241,47
3099,0,6279,2499,3780,0,0,0,1.0,1,1.0,1,1.0,1,0.2728158047710241,47
3100,0,6279,2499,3780,0,0,0,1.0,1,1.0,1,1.0,1,0.2728158047710241,47
3101,1,6280,2499,3781,0,0,0,1.0,1,1.0,1,1.0,1,0.2574327714603118,48
3102,3,6283,2501,3782,0,0,0,1.0,1,1.0,1,1.0,1,0.2059439837123475,48
3103,2,6285,2503,3782,0,0,0,1.0,1,1.0,1,1.0,1,0.20072841148140055,49
3104,3,6288,2505,3783,0,0,0,1.0,1,1.0,1,1.0,1,0.1959588808289504,48
3105,0,6288,2505,3783,0,0,0,1.0,1,1.0,1,1.0,1,0.19575905003333666,45
3106,4,6292,2506,3786,0,0,0,1.0,1,1.0,1,1.0,1,0.143576924808811,46
3107,0,6292,2506,3786,0,0,0,1.0,1,1.0,1,1.0,1,0.15780388881224924,44
3108,1,6293,2506,3787,0,0,0,1.0,1,1.0,1,1.0,1,0.10796007943386994,45
3109,1,6294,2506,3788,0,0,0,1.0,1,1.0,1,1.0,1,0.11703763924147531,44
3110,4,6298,2509,3789,0,0,0,1.0,1,1.0,1,1.0,1,0.15995777815640758,46
3111,2,6300,2510,3790,0,0,0,1.0,1,1.0,1,1.0,1,0.17414502617755187,46
3112,3,6303,2511,3792,0,0,0,1.0,1,1.0,1,1.0,1,0.1897419334752851,47
3113,0,6303,2511,3792,0,0,0,1.0,1,1.0,1,1.0,1,0.17645783177355584,48
3114,0,6303,2511,3792,0,0,0,1.0,1,1.0,1,1.0,1,0.19293824565605436,48
3115,1,6304,2512,3792,0,0,0,1.0,1,1.0,1,1.0,1,0.22195704637833982,49
3116,0,6304,2512,3792,0,0,0,1.0,1,1.0,1,1.0,1,0.25017220624932823,48
3117,2,6306,2514,3792,0,0,0,1.0,1,1.0,1,1.0,1,0.23225272956820056,49
3118,0,6306,2514,3792,0,0,0,1.0,1,1.0,1,1.0,1,0.2372212231970909,50
3119,0,6306,2514,3792,0,0,0,1.0,1,1.0,1,1.0,1,0.2372212231970909,50
3120,1,6307,2515,3792,0,0,0,1.0,1,1.0,1,1.0,1,0.2562426148929665,50
3121,4,6311,2517,3794,0,0,0,1.0,1,1.0,1,1.0,1,0.2252146263752634,50
3122,1,6312,2517,3795,0,0,0,1.0,1,1.0,1,1.0,1,0.22152152825471125,50
3123,2,6314,2518,3796,0,0,0,1.0,1,1.0,1,1.0,1,0.20777346075345007,51
3124,1,6315,2519,3796,0,0,0,1.0,1,1.0,1,1.0,1,0.22255080040571093,51
3125,2,6317,2520,3797,0,0,0,1.0,1,1.0,1,1.0,1,0.23209681614671013,51
3126,1,6318,2521,3797,0,0,0,1.0,1,1.0,1,1.0,1,0.2422899331581771,54
3127,3,6321,2522,3799,0,0,0,1.0,1,1.0,1,1.0,1,0.28490317293095213,53
3128,6,6327,2523,3804,0,0,0,1.0,1,1.0,1,1.0,1,0.28146771191427195,52
3129,2,6329,2524,3805,0,0,0,1.0,1,1.0,1,1.0,1,0.28146355696052106,51
3130,0,6329,2524,3805,0,0,0,1.0,1,1.0,1,1.0,1,0.2687902505104775,50
3131,4,6333,2526,3807,0,0,0,1.0,1,1.0,1,1.0,1,0.260195629252709,50
3132,0,6333,2526,3807,0,0,0,1.0,1,1.0,1,1.0,1,0.2582458601961787,49
3133,1,6334,2527,3807,0,0,0,1.0,1,1.0,1,1.0,1,0.27499608533866104,49
3134,1,6335,2527,3808,0,0,0,1.0,1,1.0,1,1.0,1,0.24670796673345965,46
3135,1,6336,2528,3808,0,0,0,1.0,1,1.0,1,1.0,1,0.2649402053051307,47
3136,2,6338,2529,3809,0,0,0,1.0,1,1.0,1,1.0,1,0.24077020612979663,46
3137,0,6338,2529,3809,0,0,0,1.0,1,1.0,1,1.0,1,0.238197096973155,49
3138,2,6340,2530,3810,0,0,0,1.0,1,1.0,1,1.0,1,0.25503999169350366,49
3139,1,6341,2531,3810,0,0,0,1.0,1,1.0,1,1.0,1,0.28440495697606044,50
3140,5,6346,2533,3813,0,0,0,1.0,1,1.0,1,1.0,1,0.2738584000903986,51
3141,0,6346,2533,3813,0,0,0,1.0,1,1.0,1,1.0,1,0.283976896267857,50
3142,0,6346,2533,3813,0,0,0,1.0,1,1.0,1,1.0,1,0.283976896267857,50
3143,0,6346,2533,3813,0,0,0,1.0,1,1.0,1,1.0,1,0.2978339353653782,49
3144,1,6347,2534,3813,0,0,0,1.0,1,1.0,1,1.0,1,0.3050177379337666,49
3145,3,6350,2536,3814,0,0,0,1.0,1,1.0,1,1.0,1,0.33779915054504916,48
3146,5,6355,2538,3817,0,0,0,1.0,1,1.0,1,1.0,1,0.34413018529868283,49
3147,4,6359,2538,3821,0,0,0,1.0,1,1.0,1,1.0,1,0.3423235250938044,48
3148,5,6364,2540,3824,0,0,0,1.0,1,1.0,1,1.0,1,0.28799187963634826,48
3149,0,6364,2540,3824,0,0,0,1.0,1,1.0,1,1.0,1,0.2999488520963622,47
3150,0,6364,2540,3824,0,0,0,1.0,1,1.0,1,1.0,1,0.2999488520963622,47
3151,5,6369,2540,3829,0,0,0,1.0,1,1.0,1,1.0,1,0.20901632836350487,48
3152,0,6369,2540,3829,0,0,0,1.0,1,1.0,1,1.0,1,0.22923931558237046,47
3153,2,6371,2541,3830,0,0,0,1.0,1,1.0,1,1.0,1,0.20557683630373635,47
3154,4,6375,2544,3831,0,0,0,1.0,1,1.0,1,1.0,1,0.242785437463969,48
3155,2,6377,2545,3832,0,0,0,1.0,1,1.0,1,1.0,1,0.25328265016857116,48
3156,0,6377,2545,3832,0,0,0,1.0,1,1.0,1,1.0,1,0.2529044055697367,48
3157,1,6378,2545,3833,0,0,0,1.0,1,1.0,1,1.0,1,0.2700473489111416,48
3158,0,6378,2545,3833,0,0,0,1.0,1,1.0,1,1.0,1,0.2700473489111416,48
3159,2,6380,2545,3835,0,0,0,1.0,1,1.0,1,1.0,1,0.23103329306258047,49
3160,1,6381,2545,3836,0,0,0,1.0,1,1.0,1,1.0,1,0.2500516120911916,51
3161,1,6382,2545,3837,0,0,0,1.0,1,1.0,1,1.0,1,0.23585774952719027,52
3162,1,6383,2546,3837,0,0,0,1.0,1,1.0,1,1.0,1,0.24279685312167248,51
3163,2,6385,2546,3839,0,0,0,1.0,1,1.0,1,1.0,1,0.215934776084428,51
3164,4,6389,2547,3842,0,0,0,1.0,1,1.0,1,1.0,1,0.21763006504345758,52
3165,4,6393,2548,3845,0,0,0,1.0,1,1.0,1,1.0,1,0.15344426996603538,50
3166,3,6396,2550,3846,0,0,0,1.0,1,1.0,1,1.0,1,0.19400186229068928,50
3167,3,6399,2552,3847,0,0,0,1.0,1,1.0,1,1.0,1,0.17785080617971732,49
3168,1,6400,2553,3847,0,0,0,1.0,1,1.0,1,1.0,1,0.20724878718210635,47
3169,1,6401,2553,3848,0,0,0,1.0,1,1.0,1,1.0,1,0.18001169438047376,48
3170,1,6402,2554,3848,0,0,0,1.0,1,1.0,1,1.0,1,0.22956326417381717,47
3171,1,6403,2554,3849,0,0,0,1.0,1,1.0,1,1.0,1,0.23318910717131866,47
3172,3,6406,2555,3851,0,0,0,1.0,1,1.0,1,1.0,1,0.2621947368929103,46
3173,2,6408,2555,3853,0,0,0,1.0,1,1.0,1,1.0,1,0.2423056232258212,45
3174,2,6410,2555,3855,0,0,0,1.0,1,1.0,1,1.0,1,0.2720016762356613,43
3175,3,6413,2557,3856,0,0,0,1.0,1,1.0,1,1.0,1,0.22420999541578293,43
3176,0,6413,2557,3856,0,0,0,1.0,1,1.0,1,1.0,1,0.21668428731155784,44
3177,3,6416,2559,3857,0,0,0,1.0,1,1.0,1,1.0,1,0.2046144447500005,44
3178,2,6418,2560,3858,0,0,0,1.0,1,1.0,1,1.0,1,0.2013423640859302,47
3179,3,6421,2561,3860,0,0,0,1.0,1,1.0,1,1.0,1,0.18852838284687787,48
3180,1,6422,2561,3861,0,0,0,1.0,1,1.0,1,1.0,1,0.19625777624799912,48
3181,1,6423,2561,3862,0,0,0,1.0,1,1.0,1,1.0,1,0.18467132121082291,48
3182,2,6425,2562,3863,0,0,0,1.0,1,1.0,1,1.0,1,0.18432593703173708,51
3183,0,6425,2562,3863,0,0,0,1.0,1,1.0,1,1.0,1,0.17749512362233533,50
3184,5,6430,2565,3865,0,0,0,1.0,1,1.0,1,1.0,1,0.23052523351167276,50
3185,1,6431,2565,3866,0,0,0,1.0,1,1.0,1,1.0,1,0.22634361521115515,48
3186,1,6432,2566,3866,0,0,0,1.0,1,1.0,1,1.0,1,0.23273518044610794,48
3187,0,6432,2566,3866,0,0,0,1.0,1,1.0,1,1.0,1,0.2484532330106381,48
3188,1,6433,2567,3866,0,0,0,1.0,1,1.0,1,1.0,1,0.25985187470848076,48
3189,5,6438,2567,3871,0,0,0,1.0,1,1.0,1,1.0,1,0.2048724886868077,49
3190,2,6440,2567,3873,0,0,0,1.0,1,1.0,1,1.0,1,0.21517310529142972,51
3191,4,6444,2568,3876,0,0,0,1.0,1,1.0,1,1.0,1,0.1833935887207319,52
3192,3,6447,2569,3878,0,0,0,1.0,1,1.0,1,1.0,1,0.16934493916598953,52
3193,3,6450,2570,3880,0,0,0,1.0,1,1.0,1,1.0,1,0.17703370614644445,52
3194,3,6453,2571,3882,0,0,0,1.0,1,1.0,1,1.0,1,0.1825547701224109,54
3195,0,6453,2571,3882,0,0,0,1.0,1,1.0,1,1.0,1,0.1825547701224109,54
3196,0,6453,2571,3882,0,0,0,1.0,1,1.0,1,1.0,1,0.1825547701224109,54
3197,0,6453,2571,3882,0,0,0,1.0,1,1.0,1,1.0,1,0.20505313658307228,54
3198,2,6455,2572,3883,0,0,0,1.0,1,1.0,1,1.0,1,0.2198171192787968,54
3199,3,6458,2572,3886,0,0,0,1.0,1,1.0,1,1.0,1,0.18584044794375656,56
3200,2,6460,2574,3886,0,0,0,1.0,1,1.0,1,1.0,1,0.21366645331112752,56
3201,1,6461,2574,3887,0,0,0,1.0,1,1.0,1,1.0,1,0.2179057265531346,56
3202,1,6462,2575,3887,0,0,0,1.0,1,1.0,1,1.0,1,0.24669937323265873,57
3203,2,6464,2576,3888,0,0,0,1.0,1,1.0,1,1.0,1,0.2494966325544721,56
3204,6,6470,2579,3891,0,0,0,1.0,1,1.0,1,1.0,1,0.28571317582313416,55
3205,3,6473,2579,3894,0,0,0,1.0,1,1.0,1,1.0,1,0.29952619405227376,54
3206,12,6485,2581,3904,0,0,0,1.0,1,1.0,1,1.0,1,0.28242224248390374,56
3207,8,6493,2581,3912,0,0,0,1.0,1,1.0,1,1.0,1,0.30618252056070255,54
3208,4,6497,2581,3916,0,0,0,1.0,1,1.0,1,1.0,1,0.28300057601994705,53
3209,4,6501,2581,3920,0,0,0,1.0,1,1.0,1,1.0,1,0.28515823679443386,54
3210,5,6506,2583,3923,0,0,0,1.0,1,1.0,1,1.0,1,0.3128113913213425,53
3211,4,6510,2584,3926,0,0,0,1.0,1,1.0,1,1.0,1,0.29095273853142173,53
3212,0,6510,2584,3926,0,0,0,1.0,1,1.0,1,1.0,1,0.2861113033872092,54
3213,0,6510,2584,3926,0,0,0,1.0,1,1.0,1,1.0,1,0.2760824119520849,54
3214,1,6511,2584,3927,0,0,0,1.0,1,1.0,1,1.0,1,0.2840133169695347,55
3215,0,6511,2584,3927,0,0,0,1.0,1,1.0,1,1.0,1,0.2840133169695347,55
3216,0,6511,2584,3927,0,0,0,1.0,1,1.0,1,1.0,1,0.2840133169695347,55
3217,2,6513,2586,3927,0,0,0,1.0,1,1.0,1,1.0,1,0.31555588612344115,54
3218,0,6513,2586,3927,0,0,0,1.0,1,1.0,1,1.0,1,0.31555588612344115,54
3219,2,6515,2587,3928,0,0,0,1.0,1,1.0,1,1.0,1,0.3287280993534863,55
3220,1,6516,2587,3929,0,0,0,1.0,1,1.0,1,1.0,1,0.2956167640891549,56
3221,1,6517,2588,3929,0,0,0,1.0,1,1.0,1,1.0,1,0.3070644150437621,57
3222,2,6519,2589,3930,0,0,0,1.0,1,1.0,1,1.0,1,0.306515464898259,57
3223,2,6521,2590,3931,0,0,0,1.0,1,1.0,1,1.0,1,0.3146528523162096,56
3224,4,6525,2593,3932,0,0,0,1.0,1,1.0,1,1.0,1,0.33149227068886006,58
3225,2,6527,2594,3933,0,0,0,1.0,1,1.0,1,1.0,1,0.3087523573799279,55
3226,6,6533,2596,3937,0,0,0,1.0,1,1.0,1,1.0,1,0.32994983662136024,54
3227,3,6536,2597,3939,0,0,0,1.0,1,1.0,1,1.0,1,0.2938612142942755,53
3228,2,6538,2599,3939,0,0,0,1.0,1,1.0,1,1.0,1,0.32093587581364547,52
3229,3,6541,2601,3940,0,0,0,1.0,1,1.0,1,1.0,1,0.3620731836809576,52
3230,1,6542,2602,3940,0,0,0,1.0,1,1.0,1,1.0,1,0.32948069576439,50
3231,3,6545,2604,3941,0,0,0,1.0,1,1.0,1,1.0,1,0.33404404790140063,50
3232,3,6548,2606,3942,0,0,0,1.0,1,1.0,1,1.0,1,0.34005780909049055,50
3233,4,6552,2607,3945,0,0,0,1.0,1,1.0,1,1.0,1,0.328576771504263,50
3234,3,6555,2609,3946,0,0,0,1.0,1,1.0,1,1.0,1,0.3147280948298215,49
3235,2,6557,2610,3947,0,0,0,1.0,1,1.0,1,1.0,1,0.31880110982285514,49
3236,0,6557,2610,3947,0,0,0,1.0,1,1.0,1,1.0,1,0.32321428804481545,51
3237,2,6559,2612,3947,0,0,0,1.0,1,1.0,1,1.0,1,0.3565182829309217,53
3238,1,6560,2613,3947,0,0,0,1.0,1,1.0,1,1.0,1,0.3410208453333163,53
3239,1,6561,2613,3948,0,0,0,1.0,1,1.0,1,1.0,1,0.33463241700433005,53
3240,1,6562,2614,3948,0,0,0,1.0,1,1.0,1,1.0,1,0.3492210274112278,53
3241,7,6569,2614,3955,0,0,0,1.0,1,1.0,1,1.0,1,0.259174438854296,53
3242,1,6570,2614,3956,0,0,0,1.0,1,1.0,1,1.0,1,0.24316239589282934,53
3243,1,6571,2614,3957,0,0,0,1.0,1,1.0,1,1.0,1,0.2271985757838468,56
3244,0,6571,2614,3957,0,0,0,1.0,1,1.0,1,1.0,1,0.23434318703985377,57
3245,1,6572,2614,3958,0,0,0,1.0,1,1.0,1,1.0,1,0.23534013106758178,59
3246,3,6575,2614,3961,0,0,0,1.0,1,1.0,1,1.0,1,0.21275114079729524,59
3247,1,6576,2615,3961,0,0,0,1.0,1,1.0,1,1.0,1,0.23406558916510026,59
3248,2,6578,2616,3962,0,0,0,1.0,1,1.0,1,1.0,1,0.22438077280571017,59
3249,0,6578,2616,3962,0,0,0,1.0,1,1.0,1,1.0,1,0.25586787131188554,58
3250,1,6579,2617,3962,0,0,0,1.0,1,1.0,1,1.0,1,0.249807136780043,58
3251,1,6580,2618,3962,0,0,0,1.0,1,1.0,1,1.0,1,0.28069142164470723,57
3252,2,6582,2619,3963,0,0,0,1.0,1,1.0,1,1.0,1,0.2621750530310299,57
3253,1,6583,2619,3964,0,0,0,1.0,1,1.0,1,1.0,1,0.2626428295045358,56
3254,0,6583,2619,3964,0,0,0,1.0,1,1.0,1,1.0,1,0.27168144211521833,57
3255,3,6586,2620,3966,0,0,0,1.0,1,1.0,1,1.0,1,0.2340164392551844,57
3256,0,6586,2620,3966,0,0,0,1.0,1,1.0,1,1.0,1,0.2340164392551844,57
3257,1,6587,2620,3967,0,0,0,1.0,1,1.0,1,1.0,1,0.22706377609090406,57
3258,3,6590,2621,3969,0,0,0,1.0,1,1.0,1,1.0,1,0.19320924368074013,58
3259,3,6593,2622,3971,0,0,0,1.0,1,1.0,1,1.0,1,0.1826794556705887,59
3260,0,6593,2622,3971,0,0,0,1.0,1,1.0,1,1.0,1,0.19182773561448124,60
3261,5,6598,2624,3974,0,0,0,1.0,1,1.0,1,1.0,1,0.1713607523119132,60
3262,2,6600,2625,3975,0,0,0,1.0,1,1.0,1,1.0,1,0.1779402307090998,61
3263,6,6606,2631,3975,0,0,0,1.0,1,1.0,1,1.0,1,0.21717474493781655,62
3264,3,6609,2633,3976,0,0,0,1.0,1,1.0,1,1.0,1,0.21703160366377106,60
3265,2,6611,2635,3976,0,0,0,1.0,1,1.0,1,1.0,1,0.23448492632831944,58
3266,4,6615,2638,3977,0,0,0,1.0,1,1.0,1,1.0,1,0.2713249935762439,59
3267,3,6618,2641,3977,0,0,0,1.0,1,1.0,1,1.0,1,0.2647891828875463,60
3268,4,6622,2645,3977,0,0,0,1.0,1,1.0,1,1.0,1,0.3094641077666142,58
3269,3,6625,2646,3979,0,0,0,1.0,1,1.0,1,1.0,1,0.2888210522545039,57
3270,1,6626,2647,3979,0,0,0,1.0,1,1.0,1,1.0,1,0.2930180014485233,56
3271,4,6630,2647,3983,0,0,0,1.0,1,1.0,1,1.0,1,0.21358988108255322,55
3272,1,6631,2647,3984,0,0,0,1.0,1,1.0,1,1.0,1,0.19085010750974968,55
3273,1,6632,2648,3984,0,0,0,1.0,1,1.0,1,1.0,1,0.2095604396424554,55
3274,4,6636,2649,3987,0,0,0,1.0,1,1.0,1,1.0,1,0.1592027545705741,55
3275,2,6638,2650,3988,0,0,0,1.0,1,1.0,1,1.0,1,0.17277143986479565,55
3276,0,6638,2650,3988,0,0,0,1.0,1,1.0,1,1.0,1,0.1604935930148521,55
3277,0,6638,2650,3988,0,0,0,1.0,1,1.0,1,1.0,1,0.17185095423949193,57
3278,5,6643,2651,3992,0,0,0,1.0,1,1.0,1,1.0,1,0.1546180226973484,56
3279,1,6644,2651,3993,0,0,0,1.0,1,1.0,1,1.0,1,0.14949177377458323,54
3280,2,6646,2653,3993,0,0,0,1.0,1,1.0,1,1.0,1,0.15990031549528952,53
3281,0,6646,2653,3993,0,0,0,1.0,1,1.0,1,1.0,1,0.17383528869903328,52
3282,1,6647,2654,3993,0,0,0,1.0,1,1.0,1,1.0,1,0.1994930054892227,50
3283,1,6648,2655,3993,0,0,0,1.0,1,1.0,1,1.0,1,0.1987925409213094,50
3284,1,6649,2656,3993,0,0,0,1.0,1,1.0,1,1.0,1,0.23302959702309575,47
3285,4,6653,2657,3996,0,0,0,1.0,1,1.0,1,1.0,1,0.1887425996417321,48
3286,2,6655,2659,3996,0,0,0,1.0,1,1.0,1,1.0,1,0.22338808064558222,46
3287,4,6659,2661,3998,0,0,0,1.0,1,1.0,1,1.0,1,0.28422128537920327,46
3288,6,6665,2664,4001,0,0,0,1.0,1,1.0,1,1.0,1,0.3514704828522949,46
3289,8,6673,2667,4006,0,0,0,1.0,1,1.0,1,1.0,1,0.3522285833579032,48
3290,3,6676,2668,4008,0,0,0,1.0,1,1.0,1,1.0,1,0.35212746482159757,48
3291,3,6679,2669,4010,0,0,0,1.0,1,1.0,1,1.0,1,0.34029189339632415,50
3292,5,6684,2671,4013,0,0,0,1.0,1,1.0,1,1.0,1,0.3506899195707008,50
3293,5,6689,2671,4018,0,0,0,1.0,1,1.0,1,1.0,1,0.3381001394223726,51
3294,5,6694,2672,4022,0,0,0,1.0,1,1.0,1,1.0,1,0.2991342531823489,50
3295,2,6696,2672,4024,0,0,0,1.0,1,1.0,1,1.0,1,0.3019136511421093,50
3296,1,6697,2672,4025,0,0,0,1.0,1,1.0,1,1.0,1,0.2925988206706143,50
3297,5,6702,2674,4028,0,0,0,1.0,1,1.0,1,1.0,1,0.27321441960416465,51
3298,2,6704,2675,4029,0,0,0,1.0,1,1.0,1,1.0,1,0.275217562660819,52
3299,1,6705,2675,4030,0,0,0,1.0,1,1.0,1,1.0,1,0.28671496551603937,53
3300,2,6707,2676,4031,0,0,0,1.0,1,1.0,1,1.0,1,0.2787332834185478,53
3301,5,6712,2677,4035,0,0,0,1.0,1,1.0,1,1.0,1,0.18044318931127523,53
3302,6,6718,2680,4038,0,0,0,1.0,1,1.0,1,1.0,1,0.13188043839062882,53
3303,2,6720,2681,4039,0,0,0,1.0,1,1.0,1,1.0,1,0.13303173304617527,52
3304,3,6723,2683,4040,0,0,0,1.0,1,1.0,1,1.0,1,0.15720638265057335,52
3305,2,6725,2684,4041,0,0,0,1.0,1,1.0,1,1.0,1,0.15753705077740354,51
3306,7,6732,2687,4045,0,0,0,1.0,1,1.0,1,1.0,1,0.204312282701636,51
3307,2,6734,2687,4047,0,0,0,1.0,1,1.0,1,1.0,1,0.172231260581573,48
3308,4,6738,2690,4048,0,0,0,1.0,1,1.0,1,1.0,1,0.20705205136258398,48
3309,0,6738,2690,4048,0,0,0,1.0,1,1.0,1,1.0,1,0.1807001886344463,48
3310,2,6740,2690,4050,0,0,0,1.0,1,1.0,1,1.0,1,0.22088514794124572,47
3311,2,6742,2691,4051,0,0,0,1.0,1,1.0,1,1.0,1,0.2760031565016604,49
3312,1,6743,2692,4051,0,0,0,1.0,1,1.0,1,1.0,1,0.26027996187217833,48
3313,4,6747,2695,4052,0,0,0,1.0,1,1.0,1,1.0,1,0.30974184674491445,49
3314,6,6753,2696,4057,0,0,0,1.0,1,1.0,1,1.0,1,0.3364968609324953,47
3315,7,6760,2698,4062,0,0,0,1.0,1,1.0,1,1.0,1,0.33543989620132686,47
3316,1,6761,2698,4063,0,0,0,1.0,1,1.0,1,1.0,1,0.34535660349625874,47
3317,2,6763,2699,4064,0,0,0,1.0,1,1.0,1,1.0,1,0.30464886618002707,46
3318,2,6765,2700,4065,0,0,0,1.0,1,1.0,1,1.0,1,0.31514269227093106,45
3319,0,6765,2700,4065,0,0,0,1.0,1,1.0,1,1.0,1,0.3156916348913117,44
3320,4,6769,2702,4067,0,0,0,1.0,1,1.0,1,1.0,1,0.29251351912604445,43
3321,3,6772,2704,4068,0,0,0,1.0,1,1.0,1,1.0,1,0.3184080956065797,43
3322,0,6772,2704,4068,0,0,0,1.0,1,1.0,1,1.0,1,0.3289418526815495,40
3323,1,6773,2705,4068,0,0,0,1.0,1,1.0,1,1.0,1,0.3054090415928041,40
3324,2,6775,2707,4068,0,0,0,1.0,1,1.0,1,1.0,1,0.27803274479591084,40
3325,1,6776,2708,4068,0,0,0,1.0,1,1.0,1,1.0,1,0.2580049845196978,40
3326,1,6777,2709,4068,0,0,0,1.0,1,1.0,1,1.0,1,0.21206175935977187,41
3327,1,6778,2710,4068,0,0,0,1.0,1,1.0,1,1.0,1,0.17550495844683242,39
3328,1,6779,2711,4068,0,0,0,1.0,1,1.0,1,1.0,1,0.23054346216778696,41
3329,1,6780,2712,4068,0,0,0,1.0,1,1.0,1,1.0,1,0.21846772335467549,39
3330,3,6783,2714,4069,0,0,0,1.0,1,1.0,1,1.0,1,0.26842618351647657,40
3331,4,6787,2714,4073,0,0,0,1.0,1,1.0,1,1.0,1,0.16267942779089561,38
3332,0,6787,2714,4073,0,0,0,1.0,1,1.0,1,1.0,1,0.20562318047648695,38
3333,0,6787,2714,4073,0,0,0,1.0,1,1.0,1,1.0,1,0.20562318047648695,38
3334,3,6790,2714,4076,0,0,0,1.0,1,1.0,1,1.0,1,0.22201443102812563,40
3335,0,6790,2714,4076,0,0,0,1.0,1,1.0,1,1.0,1,0.22201443102812563,40
3336,0,6790,2714,4076,0,0,0,1.0,1,1.0,1,1.0,1,0.25861928552713415,39
3337,0,6790,2714,4076,0,0,0,1.0,1,1.0,1,1.0,1,0.26109742503041666,40
3338,2,6792,2716,4076,0,0,0,1.0,1,1.0,1,1.0,1,0.2980417371202214,41
3339,2,6794,2716,4078,0,0,0,1.0,1,1.0,1,1.0,1,0.3187167954307978,42
3340,5,6799,2719,4080,0,0,0,1.0,1,1.0,1,1.0,1,0.316864751401723,43
3341,3,6802,2719,4083,0,0,0,1.0,1,1.0,1,1.0,1,0.2931651074794305,43
3342,8,6810,2720,4090,0,0,0,1.0,1,1.0,1,1.0,1,0.31249560088022404,44
3343,3,6813,2722,4091,0,0,0,1.0,1,1.0,1,1.0,1,0.31527923682190445,44
3344,2,6815,2723,4092,0,0,0,1.0,1,1.0,1,1.0,1,0.34936458272414733,44
3345,1,6816,2723,4093,0,0,0,1.0,1,1.0,1,1.0,1,0.359733744264597,43
3346,1,6817,2723,4094,0,0,0,1.0,1,1.0,1,1.0,1,0.3847680252599018,42
3347,1,6818,2723,4095,0,0,0,1.0,1,1.0,1,1.0,1,0.37202407196787896,44
3348,1,6819,2723,4096,0,0,0,1.0,1,1.0,1,1.0,1,0.3744845796355402,45
3349,3,6822,2724,4098,0,0,0,1.0,1,1.0,1,1.0,1,0.35589936123111093,45
3350,3,6825,2724,4101,0,0,0,1.0,1,1.0,1,1.0,1,0.326205395490009,46
3351,4,6829,2724,4105,0,0,0,1.0,1,1.0,1,1.0,1,0.331153752806526,47
3352,6,6835,2725,4110,0,0,0,1.0,1,1.0,1,1.0,1,0.3219235219628707,47
3353,9,6844,2725,4119,0,0,0,1.0,1,1.0,1,1.0,1,0.34715336426615767,48
3354,10,6854,2725,4129,0,0,0,1.0,1,1.0,1,1.0,1,0.3373020212445305,48
3355,14,6868,2726,4142,0,0,0,1.0,1,1.0,1,1.0,1,0.33524312946759854,48
3356,7,6875,2727,4148,0,0,0,1.0,1,1.0,1,1.0,1,0.34424723197054813,48
3357,8,6883,2728,4155,0,0,0,1.0,1,1.0,1,1.0,1,0.3320473353671343,47
3358,9,6892,2728,4164,0,0,0,1.0,1,1.0,1,1.0,1,0.3811753991098543,46
3359,9,6901,2729,4172,0,0,0,1.0,1,1.0,1,1.0,1,0.3802555629165746,45
3360,12,6913,2731,4182,0,0,0,1.0,1,1.0,1,1.0,1,0.44205058678188125,44
3361,9,6922,2732,4190,0,0,0,1.0,1,1.0,1,1.0,1,0.337676322703711,43
3362,2,6924,2732,4192,0,0,0,1.0,1,1.0,1,1.0,1,0.3395149823089598,42
3363,1,6925,2733,4192,0,0,0,1.0,1,1.0,1,1.0,1,0.3729037557133075,41
3364,4,6929,2733,4196,0,0,0,1.0,1,1.0,1,1.0,1,0.2319873471877695,41
3365,2,6931,2733,4198,0,0,0,1.0,1,1.0,1,1.0,1,0.22506787000326722,41
3366,2,6933,2734,4199,0,0,0,1.0,1,1.0,1,1.0,1,0.21373980759015263,40
3367,0,6933,2734,4199,0,0,0,1.0,1,1.0,1,1.0,1,0.20231283170427675,39
3368,0,6933,2734,4199,0,0,0,1.0,1,1.0,1,1.0,1,0.20231283170427675,39
3369,0,6933,2734,4199,0,0,0,1.0,1,1.0,1,1.0,1,0.19246789029960684,40
3370,3,6936,2736,4200,0,0,0,1.0,1,1.0,1,1.0,1,0.18015009740221308,41
3371,2,6938,2736,4202,0,0,0,1.0,1,1.0,1,1.0,1,0.15642028411881892,41
3372,1,6939,2737,4202,0,0,0,1.0,1,1.0,1,1.0,1,0.18299269220527337,40
3373,0,6939,2737,4202,0,0,0,1.0,1,1.0,1,1.0,1,0.19473996084072476,41
3374,1,6940,2737,4203,0,0,0,1.0,1,1.0,1,1.0,1,0.1783052706370757,42
3375,4,6944,2737,4207,0,0,0,1.0,1,1.0,1,1.0,1,0.20270465131618623,44
3376,7,6951,2737,4214,0,0,0,1.0,1,1.0,1,1.0,1,0.16991850617882284,46
3377,4,6955,2737,4218,0,0,0,1.0,1,1.0,1,1.0,1,0.17330681304042292,47
3378,5,6960,2738,4222,0,0,0,1.0,1,1.0,1,1.0,1,0.17335460101461067,48
3379,4,6964,2738,4226,0,0,0,1.0,1,1.0,1,1.0,1,0.11867638480279213,48
3380,5,6969,2740,4229,0,0,0,1.0,1,1.0,1,1.0,1,0.15355380995377532,48
3381,3,6972,2740,4232,0,0,0,1.0,1,1.0,1,1.0,1,0.12346995550536599,48
3382,5,6977,2742,4235,0,0,0,1.0,1,1.0,1,1.0,1,0.10659320524629574,49
3383,2,6979,2742,4237,0,0,0,1.0,1,1.0,1,1.0,1,0.14761720424618477,47
3384,5,6984,2745,4239,0,0,0,1.0,1,1.0,1,1.0,1,0.10560272818809638,48
3385,1,6985,2745,4240,0,0,0,1.0,1,1.0,1,1.0,1,0.11524240818491889,47
3386,2,6987,2747,4240,0,0,0,1.0,1,1.0,1,1.0,1,0.14245220079574147,49
3387,0,6987,2747,4240,0,0,0,1.0,1,1.0,1,1.0,1,0.14691706033194835,48
3388,3,6990,2748,4242,0,0,0,1.0,1,1.0,1,1.0,1,0.19445965823298378,48
3389,4,6994,2748,4246,0,0,0,1.0,1,1.0,1,1.0,1,0.19499217471479197,50
3390,8,7002,2750,4252,0,0,0,1.0,1,1.0,1,1.0,1,0.199912663196108,51
3391,7,7009,2750,4259,0,0,0,1.0,1,1.0,1,1.0,1,0.15041936382257706,51
3392,1,7010,2750,4260,0,0,0,1.0,1,1.0,1,1.0,1,0.15859774916537808,52
3393,4,7014,2750,4264,0,0,0,1.0,1,1.0,1,1.0,1,0.1344509155319201,52
3394,1,7015,2750,4265,0,0,0,1.0,1,1.0,1,1.0,1,0.15305663966137112,52
3395,3,7018,2751,4267,0,0,0,1.0,1,1.0,1,1.0,1,0.16528624055229568,50
3396,2,7020,2752,4268,0,0,0,1.0,1,1.0,1,1.0,1,0.20279720429024467,49
3397,2,7022,2752,4270,0,0,0,1.0,1,1.0,1,1.0,1,0.22601718978662455,49
3398,1,7023,2752,4271,0,0,0,1.0,1,1.0,1,1.0,1,0.2291703823027647,48
3399,1,7024,2752,4272,0,0,0,1.0,1,1.0,1,1.0,1,0.20408382726798927,49
3400,1,7025,2753,4272,0,0,0,1.0,1,1.0,1,1.0,1,0.20892616711907694,50
3401,1,7026,2753,4273,0,0,0,1.0,1,1.0,1,1.0,1,0.1982698338521471,51
3402,3,7029,2754,4275,0,0,0,1.0,1,1.0,1,1.0,1,0.19141338361963353,51
3403,1,7030,2754,4276,0,0,0,1.0,1,1.0,1,1.0,1,0.21065940734753902,51
3404,2,7032,2754,4278,0,0,0,1.0,1,1.0,1,1.0,1,0.21125905653764693,51
3405,1,7033,2754,4279,0,0,0,1.0,1,1.0,1,1.0,1,0.19900919662064842,51
3406,1,7034,2754,4280,0,0,0,1.0,1,1.0,1,1.0,1,0.20350184337893382,51
3407,1,7035,2754,4281,0,0,0,1.0,1,1.0,1,1.0,1,0.2125778144778482,52
3408,0,7035,2754,4281,0,0,0,1.0,1,1.0,1,1.0,1,0.22064080882899467,53
3409,0,7035,2754,4281,0,0,0,1.0,1,1.0,1,1.0,1,0.20248256025260442,54
3410,2,7037,2755,4282,0,0,0,1.0,1,1.0,1,1.0,1,0.20799307480751528,54
3411,7,7044,2756,4288,0,0,0,1.0,1,1.0,1,1.0,1,0.16702344556821871,54
3412,1,7045,2756,4289,0,0,0,1.0,1,1.0,1,1.0,1,0.17565782324593568,55
3413,1,7046,2757,4289,0,0,0,1.0,1,1.0,1,1.0,1,0.17107073085588734,55
3414,2,7048,2757,4291,0,0,0,1.0,1,1.0,1,1.0,1,0.19690638706643884,55
3415,3,7051,2760,4291,0,0,0,1.0,1,1.0,1,1.0,1,0.23008933594568814,56
3416,3,7054,2760,4294,0,0,0,1.0,1,1.0,1,1.0,1,0.24899336355246057,55
3417,4,7058,2760,4298,0,0,0,1.0,1,1.0,1,1.0,1,0.25418932662576177,56
3418,11,7069,2762,4307,0,0,0,1.0,1,1.0,1,1.0,1,0.282783612244282,55
3419,10,7079,2763,4316,0,0,0,1.0,1,1.0,1,1.0,1,0.3165270103755363,56
3420,10,7089,2765,4324,0,0,0,1.0,1,1.0,1,1.0,1,0.30482686391585523,55
3421,6,7095,2765,4330,0,0,0,1.0,1,1.0,1,1.0,1,0.23427923645002446,57
3422,1,7096,2766,4330,0,0,0,1.0,1,1.0,1,1.0,1,0.24208426570672573,56
3423,2,7098,2767,4331,0,0,0,1.0,1,1.0,1,1.0,1,0.20778302132917592,56
3424,0,7098,2767,4331,0,0,0,1.0,1,1.0,1,1.0,1,0.20975304545557308,56
3425,1,7099,2767,4332,0,0,0,1.0,1,1.0,1,1.0,1,0.1866842961982078,56
3426,2,7101,2767,4334,0,0,0,1.0,1,1.0,1,1.0,1,0.17010796508700787,55
3427,1,7102,2768,4334,0,0,0,1.0,1,1.0,1,1.0,1,0.19963903376310999,55
3428,1,7103,2768,4335,0,0,0,1.0,1,1.0,1,1.0,1,0.18656333122967128,55
3429,3,7106,2769,4337,0,0,0,1.0,1,1.0,1,1.0,1,0.20145556220377236,54
3430,2,7108,2769,4339,0,0,0,1.0,1,1.0,1,1.0,1,0.18109018147316158,56
3431,0,7108,2769,4339,0,0,0,1.0,1,1.0,1,1.0,1,0.18332255502062683,54
3432,2,7110,2770,4340,0,0,0,1.0,1,1.0,1,1.0,1,0.19503794787267995,56
3433,1,7111,2771,4340,0,0,0,1.0,1,1.0,1,1.0,1,0.21674560147029964,53
3434,1,7112,2772,4340,0,0,0,1.0,1,1.0,1,1.0,1,0.1946732687360948,51
3435,1,7113,2773,4340,0,0,0,1.0,1,1.0,1,1.0,1,0.22099095852896816,51
3436,0,7113,2773,4340,0,0,0,1.0,1,1.0,1,1.0,1,0.22105885823371507,51
3437,1,7114,2773,4341,0,0,0,1.0,1,1.0,1,1.0,1,0.2536794243728323,53
3438,2,7116,2774,4342,0,0,0,1.0,1,1.0,1,1.0,1,0.2502650995364168,52
3439,2,7118,2774,4344,0,0,0,1.0,1,1.0,1,1.0,1,0.24525376114093353,54
3440,2,7120,2775,4345,0,0,0,1.0,1,1.0,1,1.0,1,0.2679032627162098,52
3441,1,7121,2775,4346,0,0,0,1.0,1,1.0,1,1.0,1,0.2566772719929297,53
3442,2,7123,2777,4346,0,0,0,1.0,1,1.0,1,1.0,1,0.27470189962760444,53
3443,1,7124,2778,4346,0,0,0,1.0,1,1.0,1,1.0,1,0.2910822561862384,53
3444,0,7124,2778,4346,0,0,0,1.0,1,1.0,1,1.0,1,0.29299805864712675,52
3445,1,7125,2778,4347,0,0,0,1.0,1,1.0,1,1.0,1,0.2662871586544728,53
3446,3,7128,2780,4348,0,0,0,1.0,1,1.0,1,1.0,1,0.2631094020065573,53
3447,2,7130,2781,4349,0,0,0,1.0,1,1.0,1,1.0,1,0.24611646066063553,53
3448,5,7135,2783,4352,0,0,0,1.0,1,1.0,1,1.0,1,0.2588910030730964,52
3449,3,7138,2785,4353,0,0,0,1.0,1,1.0,1,1.0,1,0.22321774380767312,52
3450,2,7140,2787,4353,0,0,0,1.0,1,1.0,1,1.0,1,0.2263071933685963,52
3451,5,7145,2789,4356,0,0,0,1.0,1,1.0,1,1.0,1,0.206239581477052,54
3452,1,7146,2790,4356,0,0,0,1.0,1,1.0,1,1.0,1,0.22074210683467238,54
3453,3,7149,2792,4357,0,0,0,1.0,1,1.0,1,1.0,1,0.23371788980632513,54
3454,2,7151,2792,4359,0,0,0,1.0,1,1.0,1,1.0,1,0.19957209068384815,57
3455,0,7151,2792,4359,0,0,0,1.0,1,1.0,1,1.0,1,0.19957209068384815,57
3456,2,7153,2792,4361,0,0,0,1.0,1,1.0,1,1.0,1,0.17733857988740181,58
3457,0,7153,2792,4361,0,0,0,1.0,1,1.0,1,1.0,1,0.18072968872439424,57
3458,0,7153,2792,4361,0,0,0,1.0,1,1.0,1,1.0,1,0.20079024092284672,57
3459,0,7153,2792,4361,0,0,0,1.0,1,1.0,1,1.0,1,0.20079024092284672,57
3460,1,7154,2792,4362,0,0,0,1.0,1,1.0,1,1.0,1,0.17254717224482896,58
3461,1,7155,2792,4363,0,0,0,1.0,1,1.0,1,1.0,1,0.16870901864178045,59
3462,1,7156,2793,4363,0,0,0,1.0,1,1.0,1,1.0,1,0.17279212844242312,59
3463,1,7157,2794,4363,0,0,0,1.0,1,1.0,1,1.0,1,0.18641064318059128,59
3464,4,7161,2795,4366,0,0,0,1.0,1,1.0,1,1.0,1,0.1851030065941802,59
3465,2,7163,2797,4366,0,0,0,1.0,1,1.0,1,1.0,1,0.1879196025362279,57
3466,4,7167,2799,4368,0,0,0,1.0,1,1.0,1,1.0,1,0.1986722773305356,57
3467,2,7169,2800,4369,0,0,0,1.0,1,1.0,1,1.0,1,0.23790571800780846,57
3468,4,7173,2803,4370,0,0,0,1.0,1,1.0,1,1.0,1,0.27717103323604975,57
3469,3,7176,2803,4373,0,0,0,1.0,1,1.0,1,1.0,1,0.23528525621999002,53
3470,2,7178,2805,4373,0,0,0,1.0,1,1.0,1,1.0,1,0.2497597448578846,50
3471,1,7179,2806,4373,0,0,0,1.0,1,1.0,1,1.0,1,0.24904690839296717,49
3472,1,7180,2807,4373,0,0,0,1.0,1,1.0,1,1.0,1,0.3183879240497807,47
3473,2,7182,2809,4373,0,0,0,1.0,1,1.0,1,1.0,1,0.3490641488956177,45
3474,4,7186,2810,4376,0,0,0,1.0,1,1.0,1,1.0,1,0.3859016299085475,42
3475,4,7190,2812,4378,0,0,0,1.0,1,1.0,1,1.0,1,0.38948181157787576,43
3476,1,7191,2813,4378,0,0,0,1.0,1,1.0,1,1.0,1,0.4029277525029198,41
3477,5,7196,2818,4378,0,0,0,1.0,1,1.0,1,1.0,1,0.45383551891855656,42
3478,1,7197,2819,4378,0,0,0,1.0,1,1.0,1,1.0,1,0.4543212848976236,40
3479,1,7198,2819,4379,0,0,0,1.0,1,1.0,1,1.0,1,0.4204198883629208,40
3480,1,7199,2820,4379,0,0,0,1.0,1,1.0,1,1.0,1,0.43512643472543916,40
3481,10,7209,2820,4389,0,0,0,1.0,1,1.0,1,1.0,1,0.19522307315659923,40
3482,2,7211,2820,4391,0,0,0,1.0,1,1.0,1,1.0,1,0.15899308506767423,40
3483,0,7211,2820,4391,0,0,0,1.0,1,1.0,1,1.0,1,0.1606253950898527,39
3484,0,7211,2820,4391,0,0,0,1.0,1,1.0,1,1.0,1,0.1606253950898527,39
3485,0,7211,2820,4391,0,0,0,1.0,1,1.0,1,1.0,1,0.18290578627449847,40
3486,0,7211,2820,4391,0,0,0,1.0,1,1.0,1,1.0,1,0.1765895466241808,41
3487,0,7211,2820,4391,0,0,0,1.0,1,1.0,1,1.0,1,0.19739232683002253,41
3488,2,7213,2821,4392,0,0,0,1.0,1,1.0,1,1.0,1,0.16411881722110275,42
3489,2,7215,2822,4393,0,0,0,1.0,1,1.0,1,1.0,1,0.17641849644098045,44
3490,0,7215,2822,4393,0,0,0,1.0,1,1.0,1,1.0,1,0.17641849644098045,44
3491,0,7215,2822,4393,0,0,0,1.0,1,1.0,1,1.0,1,0.1936962364058404,45
3492,2,7217,2823,4394,0,0,0,1.0,1,1.0,1,1.0,1,0.19432846984037125,45
3493,1,7218,2824,4394,0,0,0,1.0,1,1.0,1,1.0,1,0.21030050800086653,45
3494,0,7218,2824,4394,0,0,0,1.0,1,1.0,1,1.0,1,0.21030050800086653,45
3495,1,7219,2824,4395,0,0,0,1.0,1,1.0,1,1.0,1,0.22441872755634368,45
3496,2,7221,2824,4397,0,0,0,1.0,1,1.0,1,1.0,1,0.21509941453620943,46
3497,2,7223,2825,4398,0,0,0,1.0,1,1.0,1,1.0,1,0.23593271022557102,47
3498,3,7226,2826,4400,0,0,0,1.0,1,1.0,1,1.0,1,0.24110440807203296,48
3499,1,7227,2826,4401,0,0,0,1.0,1,1.0,1,1.0,1,0.2584464112397384,47
3500,0,7227,2826,4401,0,0,0,1.0,1,1.0,1,1.0,1,0.25872653510754634,50
3501,2,7229,2827,4402,0,0,0,1.0,1,1.0,1,1.0,1,0.26311908996749866,50
3502,2,7231,2828,4403,0,0,0,1.0,1,1.0,1,1.0,1,0.28196657927125324,50
3503,2,7233,2830,4403,0,0,0,1.0,1,1.0,1,1.0,1,0.3168452535895346,50
3504,3,7236,2832,4404,0,0,0,1.0,1,1.0,1,1.0,1,0.36389502940317175,47
3505,2,7238,2833,4405,0,0,0,1.0,1,1.0,1,1.0,1,0.3712334551715076,48
3506,5,7243,2834,4409,0,0,0,1.0,1,1.0,1,1.0,1,0.3642197097749323,49
3507,1,7244,2835,4409,0,0,0,1.0,1,1.0,1,1.0,1,0.3632675549874143,46
3508,4,7248,2837,4411,0,0,0,1.0,1,1.0,1,1.0,1,0.35621475208528464,47
3509,1,7249,2837,4412,0,0,0,1.0,1,1.0,1,1.0,1,0.3122385895213609,44
3510,0,7249,2837,4412,0,0,0,1.0,1,1.0,1,1.0,1,0.33432233530378597,45
3511,0,7249,2837,4412,0,0,0,1.0,1,1.0,1,1.0,1,0.3265565176000549,44
3512,0,7249,2837,4412,0,0,0,1.0,1,1.0,1,1.0,1,0.3268406402026778,42
3513,0,7249,2837,4412,0,0,0,1.0,1,1.0,1,1.0,1,0.3268406402026778,42
3514,2,7251,2837,4414,0,0,0,1.0,1,1.0,1,1.0,1,0.30892087783902206,42
3515,3,7254,2838,4416,0,0,0,1.0,1,1.0,1,1.0,1,0.31893789304895404,42
3516,2,7256,2839,4417,0,0,0,1.0,1,1.0,1,1.0,1,0.25999390743216033,41
3517,1,7257,2839,4418,0,0,0,1.0,1,1.0,1,1.0,1,0.2670057632483333,44
3518,1,7258,2840,4418,0,0,0,1.0,1,1.0,1,1.0,1,0.3131997470936585,43
3519,0,7258,2840,4418,0,0,0,1.0,1,1.0,1,1.0,1,0.3221558406362046,44
3520,1,7259,2840,4419,0,0,0,1.0,1,1.0,1,1.0,1,0.29965485396121244,45
3521,0,7259,2840,4419,0,0,0,1.0,1,1.0,1,1.0,1,0.29965485396121244,45
3522,0,7259,2840,4419,0,0,0,1.0,1,1.0,1,1.0,1,0.28388051642626705,46
3523,0,7259,2840,4419,0,0,0,1.0,1,1.0,1,1.0,1,0.28388051642626705,46
3524,0,7259,2840,4419,0,0,0,1.0,1,1.0,1,1.0,1,0.2828871766296577,47
3525,3,7262,2840,4422,0,0,0,1.0,1,1.0,1,1.0,1,0.2761211254386633,48
3526,0,7262,2840,4422,0,0,0,1.0,1,1.0,1,1.0,1,0.27559852331440454,49
3527,3,7265,2842,4423,0,0,0,1.0,1,1.0,1,1.0,1,0.29081888248792137,49
3528,4,7269,2842,4427,0,0,0,1.0,1,1.0,1,1.0,1,0.27238547419421355,51
3529,0,7269,2842,4427,0,0,0,1.0,1,1.0,1,1.0,1,0.27238547419421355,51
3530,0,7269,2842,4427,0,0,0,1.0,1,1.0,1,1.0,1,0.2802214839941279,52
3531,3,7272,2843,4429,0,0,0,1.0,1,1.0,1,1.0,1,0.2956180373831389,52
3532,1,7273,2843,4430,0,0,0,1.0,1,1.0,1,1.0,1,0.28868789662195815,52
3533,0,7273,2843,4430,0,0,0,1.0,1,1.0,1,1.0,1,0.28868789662195815,52
3534,0,7273,2843,4430,0,0,0,1.0,1,1.0,1,1.0,1,0.28868789662195815,52
3535,0,7273,2843,4430,0,0,0,1.0,1,1.0,1,1.0,1,0.28868789662195815,52
3536,3,7276,2843,4433,0,0,0,1.0,1,1.0,1,1.0,1,0.28431276584774173,54
3537,2,7278,2843,4435,0,0,0,1.0,1,1.0,1,1.0,1,0.26933096849605953,55
3538,2,7280,2843,4437,0,0,0,1.0,1,1.0,1,1.0,1,0.26938340955587625,55
3539,0,7280,2843,4437,0,0,0,1.0,1,1.0,1,1.0,1,0.25789628463665704,58
3540,5,7285,2844,4441,0,0,0,1.0,1,1.0,1,1.0,1,0.25570315158231566,59
3541,2,7287,2845,4442,0,0,0,1.0,1,1.0,1,1.0,1,0.236178811035948,59
3542,3,7290,2845,4445,0,0,0,1.0,1,1.0,1,1.0,1,0.22299872426030382,61
3543,5,7295,2847,4448,0,0,0,1.0,1,1.0,1,1.0,1,0.19933829804669936,62
3544,2,7297,2849,4448,0,0,0,1.0,1,1.0,1,1.0,1,0.21145545213944117,59
3545,2,7299,2851,4448,0,0,0,1.0,1,1.0,1,1.0,1,0.2313769506594016,59
3546,4,7303,2853,4450,0,0,0,1.0,1,1.0,1,1.0,1,0.21356231964146277,57
3547,2,7305,2855,4450,0,0,0,1.0,1,1.0,1,1.0,1,0.24714420488436456,53
3548,1,7306,2856,4450,0,0,0,1.0,1,1.0,1,1.0,1,0.2792385591266859,53
3549,1,7307,2857,4450,0,0,0,1.0,1,1.0,1,1.0,1,0.2757582391228292,52
3550,2,7309,2858,4451,0,0,0,1.0,1,1.0,1,1.0,1,0.2764823847672118,51
3551,1,7310,2859,4451,0,0,0,1.0,1,1.0,1,1.0,1,0.28377988142377136,51
3552,0,7310,2859,4451,0,0,0,1.0,1,1.0,1,1.0,1,0.29421543184175003,51
3553,0,7310,2859,4451,0,0,0,1.0,1,1.0,1,1.0,1,0.3084944715670167,49
3554,4,7314,2859,4455,0,0,0,1.0,1,1.0,1,1.0,1,0.2563353374797433,49
3555,3,7317,2859,4458,0,0,0,1.0,1,1.0,1,1.0,1,0.2134719412977039,51
3556,0,7317,2859,4458,0,0,0,1.0,1,1.0,1,1.0,1,0.2134719412977039,51
3557,2,7319,2860,4459,0,0,0,1.0,1,1.0,1,1.0,1,0.19729930913158455,52
3558,2,7321,2861,4460,0,0,0,1.0,1,1.0,1,1.0,1,0.21641212051875394,52
3559,1,7322,2862,4460,0,0,0,1.0,1,1.0,1,1.0,1,0.22275636947729507,52
3560,2,7324,2863,4461,0,0,0,1.0,1,1.0,1,1.0,1,0.1788835950189759,53
3561,1,7325,2864,4461,0,0,0,1.0,1,1.0,1,1.0,1,0.17848674703359863,54
3562,0,7325,2864,4461,0,0,0,1.0,1,1.0,1,1.0,1,0.17848674703359863,54
3563,1,7326,2865,4461,0,0,0,1.0,1,1.0,1,1.0,1,0.1945033182222547,55
3564,0,7326,2865,4461,0,0,0,1.0,1,1.0,1,1.0,1,0.1673389940077443,57
3565,0,7326,2865,4461,0,0,0,1.0,1,1.0,1,1.0,1,0.18081630860137615,56
3566,0,7326,2865,4461,0,0,0,1.0,1,1.0,1,1.0,1,0.1953725586218954,57
3567,2,7328,2867,4461,0,0,0,1.0,1,1.0,1,1.0,1,0.22986967860528212,57
3568,1,7329,2868,4461,0,0,0,1.0,1,1.0,1,1.0,1,0.23965922402372256,57
3569,2,7331,2869,4462,0,0,0,1.0,1,1.0,1,1.0,1,0.1918053015207668,57
3570,2,7333,2871,4462,0,0,0,1.0,1,1.0,1,1.0,1,0.24730747428034713,59
3571,6,7339,2871,4468,0,0,0,1.0,1,1.0,1,1.0,1,0.1610523053725978,60
3572,2,7341,2872,4469,0,0,0,1.0,1,1.0,1,1.0,1,0.16245492376993934,61
3573,2,7343,2873,4470,0,0,0,1.0,1,1.0,1,1.0,1,0.17667659166415312,62
3574,2,7345,2873,4472,0,0,0,1.0,1,1.0,1,1.0,1,0.1528229470605596,63
3575,0,7345,2873,4472,0,0,0,1.0,1,1.0,1,1.0,1,0.1528229470605596,63
3576,3,7348,2875,4473,0,0,0,1.0,1,1.0,1,1.0,1,0.19211255958847978,63
3577,0,7348,2875,4473,0,0,0,1.0,1,1.0,1,1.0,1,0.1848952551941062,64
3578,3,7351,2876,4475,0,0,0,1.0,1,1.0,1,1.0,1,0.1995032438349233,64
3579,3,7354,2876,4478,0,0,0,1.0,1,1.0,1,1.0,1,0.18949794042270626,64
3580,3,7357,2876,4481,0,0,0,1.0,1,1.0,1,1.0,1,0.1713213071307485,65
3581,0,7357,2876,4481,0,0,0,1.0,1,1.0,1,1.0,1,0.18585615880091438,68
3582,4,7361,2877,4484,0,0,0,1.0,1,1.0,1,1.0,1,0.19598166649997012,68
3583,2,7363,2879,4484,0,0,0,1.0,1,1.0,1,1.0,1,0.1956166555805365,65
3584,2,7365,2881,4484,0,0,0,1.0,1,1.0,1,1.0,1,0.20947520246079251,64
3585,6,7371,2882,4489,0,0,0,1.0,1,1.0,1,1.0,1,0.18408838414123083,64
3586,5,7376,2885,4491,0,0,0,1.0,1,1.0,1,1.0,1,0.20849752941707864,65
3587,4,7380,2887,4493,0,0,0,1.0,1,1.0,1,1.0,1,0.18209623199595604,64
3588,3,7383,2889,4494,0,0,0,1.0,1,1.0,1,1.0,1,0.20367704973777495,62
3589,5,7388,2891,4497,0,0,0,1.0,1,1.0,1,1.0,1,0.21049643157934633,63
3590,2,7390,2891,4499,0,0,0,1.0,1,1.0,1,1.0,1,0.209093403537121,63
3591,5,7395,2893,4502,0,0,0,1.0,1,1.0,1,1.0,1,0.1981404268058947,62
3592,1,7396,2893,4503,0,0,0,1.0,1,1.0,1,1.0,1,0.16228490922992292,59
3593,4,7400,2896,4504,0,0,0,1.0,1,1.0,1,1.0,1,0.15787254811327076,58
3594,0,7400,2896,4504,0,0,0,1.0,1,1.0,1,1.0,1,0.2050729221116871,57
3595,1,7401,2896,4505,0,0,0,1.0,1,1.0,1,1.0,1,0.19560308177185282,59
3596,2,7403,2898,4505,0,0,0,1.0,1,1.0,1,1.0,1,0.20516719314237045,57
3597,2,7405,2900,4505,0,0,0,1.0,1,1.0,1,1.0,1,0.241005383550445,57
3598,1,7406,2900,4506,0,0,0,1.0,1,1.0,1,1.0,1,0.21788282070465262,57
3599,4,7410,2902,4508,0,0,0,1.0,1,1.0,1,1.0,1,0.20788393478211337,58
3600,0,7410,2902,4508,0,0,0,1.0,1,1.0,1,1.0,1,0.20728254184270026,58
3601,9,7419,2903,4516,0,0,0,1.0,1,1.0,1,1.0,1,0.08846334497184974,58
3602,1,7420,2903,4517,0,0,0,1.0,1,1.0,1,1.0,1,0.08010431262027426,60
3603,1,7421,2904,4517,0,0,0,1.0,1,1.0,1,1.0,1,0.10880127159989317,60
3604,0,7421,2904,4517,0,0,0,1.0,1,1.0,1,1.0,1,0.10880127159989317,60
3605,5,7426,2906,4520,0,0,0,1.0,1,1.0,1,1.0,1,0.10854541513355853,61
3606,1,7427,2906,4521,0,0,0,1.0,1,1.0,1,1.0,1,0.08155577528098347,63
3607,1,7428,2907,4521,0,0,0,1.0,1,1.0,1,1.0,1,0.10979810076458267,63
3608,0,7428,2907,4521,0,0,0,1.0,1,1.0,1,1.0,1,0.11689102372925392,64
3609,1,7429,2907,4522,0,0,0,1.0,1,1.0,1,1.0,1,0.12992002771899822,66
3610,2,7431,2909,4522,0,0,0,1.0,1,1.0,1,1.0,1,0.13664601219286007,67
3611,5,7436,2911,4525,0,0,0,1.0,1,1.0,1,1.0,1,0.1659852287784067,67
3612,2,7438,2912,4526,0,0,0,1.0,1,1.0,1,1.0,1,0.20543677472452557,66
3613,4,7442,2913,4529,0,0,0,1.0,1,1.0,1,1.0,1,0.22372212613004466,66
3614,6,7448,2915,4533,0,0,0,1.0,1,1.0,1,1.0,1,0.2198767742413986,65
3615,3,7451,2915,4536,0,0,0,1.0,1,1.0,1,1.0,1,0.24769600451067056,65
3616,1,7452,2915,4537,0,0,0,1.0,1,1.0,1,1.0,1,0.25146137390400125,65
3617,4,7456,2915,4541,0,0,0,1.0,1,1.0,1,1.0,1,0.2422073808632014,66
3618,6,7462,2917,4545,0,0,0,1.0,1,1.0,1,1.0,1,0.24617073362645306,66
3619,4,7466,2919,4547,0,0,0,1.0,1,1.0,1,1.0,1,0.26636348975768753,65
3620,10,7476,2921,4555,0,0,0,1.0,1,1.0,1,1.0,1,0.24252995295097793,66
3621,4,7480,2921,4559,0,0,0,1.0,1,1.0,1,1.0,1,0.22448163746563524,65
3622,2,7482,2923,4559,0,0,0,1.0,1,1.0,1,1.0,1,0.2502551065103086,65
3623,5,7487,2926,4561,0,0,0,1.0,1,1.0,1,1.0,1,0.2500757348032375,62
3624,5,7492,2929,4563,0,0,0,1.0,1,1.0,1,1.0,1,0.2890122860091137,62
3625,7,7499,2932,4567,0,0,0,1.0,1,1.0,1,1.0,1,0.28247304682813623,61
3626,1,7500,2932,4568,0,0,0,1.0,1,1.0,1,1.0,1,0.2711209507921813,58
3627,5,7505,2933,4572,0,0,0,1.0,1,1.0,1,1.0,1,0.2617362551571895,58
3628,2,7507,2933,4574,0,0,0,1.0,1,1.0,1,1.0,1,0.22618807671392477,57
3629,2,7509,2933,4576,0,0,0,1.0,1,1.0,1,1.0,1,0.2285368518709256,57
3630,1,7510,2933,4577,0,0,0,1.0,1,1.0,1,1.0,1,0.22078494665785472,56
3631,5,7515,2936,4579,0,0,0,1.0,1,1.0,1,1.0,1,0.18493104765409124,54
3632,0,7515,2936,4579,0,0,0,1.0,1,1.0,1,1.0,1,0.19730770990632324,52
3633,3,7518,2938,4580,0,0,0,1.0,1,1.0,1,1.0,1,0.20214716758271112,52
3634,3,7521,2941,4580,0,0,0,1.0,1,1.0,1,1.0,1,0.25693858723990487,49
3635,0,7521,2941,4580,0,0,0,1.0,1,1.0,1,1.0,1,0.26574187052795967,47
3636,0,7521,2941,4580,0,0,0,1.0,1,1.0,1,1.0,1,0.26439685199585683,48
3637,4,7525,2942,4583,0,0,0,1.0,1,1.0,1,1.0,1,0.256538762600473,49
3638,0,7525,2942,4583,0,0,0,1.0,1,1.0,1,1.0,1,0.2522395160740174,50
3639,2,7527,2944,4583,0,0,0,1.0,1,1.0,1,1.0,1,0.2754647268819429,52
3640,2,7529,2944,4585,0,0,0,1.0,1,1.0,1,1.0,1,0.2440733926711643,52
3641,0,7529,2944,4585,0,0,0,1.0,1,1.0,1,1.0,1,0.2440733926711643,52
3642,0,7529,2944,4585,0,0,0,1.0,1,1.0,1,1.0,1,0.2440733926711643,52
3643,0,7529,2944,4585,0,0,0,1.0,1,1.0,1,1.0,1,0.2440733926711643,52
3644,2,7531,2945,4586,0,0,0,1.0,1,1.0,1,1.0,1,0.23173069345723016,52
3645,0,7531,2945,4586,0,0,0,1.0,1,1.0,1,1.0,1,0.2213753629240653,53
3646,1,7532,2946,4586,0,0,0,1.0,1,1.0,1,1.0,1,0.2328517159900731,53
3647,3,7535,2946,4589,0,0,0,1.0,1,1.0,1,1.0,1,0.19485412294759993,55
3648,1,7536,2946,4590,0,0,0,1.0,1,1.0,1,1.0,1,0.19534533892301453,57
3649,1,7537,2947,4590,0,0,0,1.0,1,1.0,1,1.0,1,0.1862607909477994,57
3650,2,7539,2948,4591,0,0,0,1.0,1,1.0,1,1.0,1,0.19718309639024273,59
3651,2,7541,2950,4591,0,0,0,1.0,1,1.0,1,1.0,1,0.20434950671242105,59
3652,0,7541,2950,4591,0,0,0,1.0,1,1.0,1,1.0,1,0.20434950671242105,59
3653,0,7541,2950,4591,0,0,0,1.0,1,1.0,1,1.0,1,0.20434950671242105,59
3654,0,7541,2950,4591,0,0,0,1.0,1,1.0,1,1.0,1,0.20434950671242105,59
3655,1,7542,2950,4592,0,0,0,1.0,1,1.0,1,1.0,1,0.201515818912415,62
3656,1,7543,2950,4593,0,0,0,1.0,1,1.0,1,1.0,1,0.19821991578719902,62
3657,0,7543,2950,4593,0,0,0,1.0,1,1.0,1,1.0,1,0.2089608250521728,63
3658,3,7546,2951,4595,0,0,0,1.0,1,1.0,1,1.0,1,0.20964283689649624,63
3659,0,7546,2951,4595,0,0,0,1.0,1,1.0,1,1.0,1,0.23835723024109137,62
3660,6,7552,2956,4596,0,0,0,1.0,1,1.0,1,1.0,1,0.30173873373064813,62
3661,5,7557,2956,4601,0,0,0,1.0,1,1.0,1,1.0,1,0.2254805637595759,61
3662,5,7562,2959,4603,0,0,0,1.0,1,1.0,1,1.0,1,0.2525374799674192,60
3663,9,7571,2963,4608,0,0,0,1.0,1,1.0,1,1.0,1,0.169347366425916,61
3664,1,7572,2963,4609,0,0,0,1.0,1,1.0,1,1.0,1,0.15182672326634036,58
3665,2,7574,2965,4609,0,0,0,1.0,1,1.0,1,1.0,1,0.1743057203085678,58
3666,1,7575,2966,4609,0,0,0,1.0,1,1.0,1,1.0,1,0.169830506377346,58
3667,3,7578,2968,4610,0,0,0,1.0,1,1.0,1,1.0,1,0.15842534465008865,58
3668,1,7579,2968,4611,0,0,0,1.0,1,1.0,1,1.0,1,0.18348968458209475,58
3669,1,7580,2969,4611,0,0,0,1.0,1,1.0,1,1.0,1,0.17285017117750073,57
3670,0,7580,2969,4611,0,0,0,1.0,1,1.0,1,1.0,1,0.17639502284263242,56
3671,0,7580,2969,4611,0,0,0,1.0,1,1.0,1,1.0,1,0.19175311564849734,57
3672,1,7581,2970,4611,0,0,0,1.0,1,1.0,1,1.0,1,0.22171434050163102,57
3673,0,7581,2970,4611,0,0,0,1.0,1,1.0,1,1.0,1,0.2081492163235954,58
3674,0,7581,2970,4611,0,0,0,1.0,1,1.0,1,1.0,1,0.22103722630518982,57
3675,3,7584,2970,4614,0,0,0,1.0,1,1.0,1,1.0,1,0.21967168042654178,58
3676,1,7585,2971,4614,0,0,0,1.0,1,1.0,1,1.0,1,0.24252916721452034,59
3677,1,7586,2972,4614,0,0,0,1.0,1,1.0,1,1.0,1,0.24785030952734366,60
3678,1,7587,2972,4615,0,0,0,1.0,1,1.0,1,1.0,1,0.26565645505038515,62
3679,2,7589,2972,4617,0,0,0,1.0,1,1.0,1,1.0,1,0.23446599017107242,62
3680,0,7589,2972,4617,0,0,0,1.0,1,1.0,1,1.0,1,0.21426469498029008,63
3681,0,7589,2972,4617,0,0,0,1.0,1,1.0,1,1.0,1,0.22381950817348717,64
3682,0,7589,2972,4617,0,0,0,1.0,1,1.0,1,1.0,1,0.22381950817348717,64
3683,0,7589,2972,4617,0,0,0,1.0,1,1.0,1,1.0,1,0.22381950817348717,64
3684,1,7590,2973,4617,0,0,0,1.0,1,1.0,1,1.0,1,0.23098763485547852,64
3685,0,7590,2973,4617,0,0,0,1.0,1,1.0,1,1.0,1,0.23098763485547852,64
3686,0,7590,2973,4617,0,0,0,1.0,1,1.0,1,1.0,1,0.22735115568709205,65
3687,0,7590,2973,4617,0,0,0,1.0,1,1.0,1,1.0,1,0.22735115568709205,65
3688,3,7593,2973,4620,0,0,0,1.0,1,1.0,1,1.0,1,0.20538240640621147,66
3689,0,7593,2973,4620,0,0,0,1.0,1,1.0,1,1.0,1,0.20538240640621147,66
3690,1,7594,2973,4621,0,0,0,1.0,1,1.0,1,1.0,1,0.20107194533852576,67
3691,2,7596,2973,4623,0,0,0,1.0,1,1.0,1,1.0,1,0.1780554489428307,68
3692,1,7597,2973,4624,0,0,0,1.0,1,1.0,1,1.0,1,0.16494601859525349,69
3693,1,7598,2973,4625,0,0,0,1.0,1,1.0,1,1.0,1,0.17548327548607603,69
3694,1,7599,2974,4625,0,0,0,1.0,1,1.0,1,1.0,1,0.17519097291992433,70
3695,1,7600,2974,4626,0,0,0,1.0,1,1.0,1,1.0,1,0.16642203671008504,70
3696,1,7601,2975,4626,0,0,0,1.0,1,1.0,1,1.0,1,0.16820674845803488,71
3697,3,7604,2977,4627,0,0,0,1.0,1,1.0,1,1.0,1,0.2100858107179802,70
3698,0,7604,2977,4627,0,0,0,1.0,1,1.0,1,1.0,1,0.20669988938162948,70
3699,1,7605,2978,4627,0,0,0,1.0,1,1.0,1,1.0,1,0.20665245417786907,70
3700,4,7609,2982,4627,0,0,0,1.0,1,1.0,1,1.0,1,0.27594188283953075,68
3701,3,7612,2983,4629,0,0,0,1.0,1,1.0,1,1.0,1,0.276674330866885,69
3702,2,7614,2984,4630,0,0,0,1.0,1,1.0,1,1.0,1,0.26996971987018853,69
3703,5,7619,2984,4635,0,0,0,1.0,1,1.0,1,1.0,1,0.2687603353760909,70
3704,2,7621,2985,4636,0,0,0,1.0,1,1.0,1,1.0,1,0.2801708768485715,69
3705,1,7622,2985,4637,0,0,0,1.0,1,1.0,1,1.0,1,0.2600439121023647,69
3706,3,7625,2986,4639,0,0,0,1.0,1,1.0,1,1.0,1,0.22306056942516908,69
3707,1,7626,2986,4640,0,0,0,1.0,1,1.0,1,1.0,1,0.19363293332062503,67
3708,0,7626,2986,4640,0,0,0,1.0,1,1.0,1,1.0,1,0.17479789813854765,67
3709,1,7627,2986,4641,0,0,0,1.0,1,1.0,1,1.0,1,0.16508206431420988,67
3710,2,7629,2987,4642,0,0,0,1.0,1,1.0,1,1.0,1,0.16209477459231075,67
3711,1,7630,2987,4643,0,0,0,1.0,1,1.0,1,1.0,1,0.16972067271325558,68
3712,0,7630,2987,4643,0,0,0,1.0,1,1.0,1,1.0,1,0.16972067271325558,68
3713,2,7632,2989,4643,0,0,0,1.0,1,1.0,1,1.0,1,0.18599369325077975,68
3714,1,7633,2989,4644,0,0,0,1.0,1,1.0,1,1.0,1,0.19058281196158558,67
3715,0,7633,2989,4644,0,0,0,1.0,1,1.0,1,1.0,1,0.19460600319703728,68
3716,1,7634,2990,4644,0,0,0,1.0,1,1.0,1,1.0,1,0.2080770427931399,67
3717,0,7634,2990,4644,0,0,0,1.0,1,1.0,1,1.0,1,0.2271054075519305,68
3718,0,7634,2990,4644,0,0,0,1.0,1,1.0,1,1.0,1,0.2340031976283118,68
3719,6,7640,2992,4648,0,0,0,1.0,1,1.0,1,1.0,1,0.2540655360986007,68
3720,2,7642,2992,4650,0,0,0,1.0,1,1.0,1,1.0,1,0.2468393983914901,68
3721,8,7650,2996,4654,0,0,0,1.0,1,1.0,1,1.0,1,0.1841569689233993,70
3722,2,7652,2996,4656,0,0,0,1.0,1,1.0,1,1.0,1,0.18227594318281864,71
3723,3,7655,2998,4657,0,0,0,1.0,1,1.0,1,1.0,1,0.17751940406383232,71
3724,0,7655,2998,4657,0,0,0,1.0,1,1.0,1,1.0,1,0.16734247325493462,72
3725,2,7657,3000,4657,0,0,0,1.0,1,1.0,1,1.0,1,0.1835149901060638,72
3726,0,7657,3000,4657,0,0,0,1.0,1,1.0,1,1.0,1,0.1907669793208766,71
3727,0,7657,3000,4657,0,0,0,1.0,1,1.0,1,1.0,1,0.1907669793208766,71
3728,0,7657,3000,4657,0,0,0,1.0,1,1.0,1,1.0,1,0.1990119537247812,70
3729,0,7657,3000,4657,0,0,0,1.0,1,1.0,1,1.0,1,0.1990119537247812,70
3730,0,7657,3000,4657,0,0,0,1.0,1,1.0,1,1.0,1,0.20768147226272468,71
3731,0,7657,3000,4657,0,0,0,1.0,1,1.0,1,1.0,1,0.20768147226272468,71
3732,0,7657,3000,4657,0,0,0,1.0,1,1.0,1,1.0,1,0.19998214122356112,72
3733,1,7658,3001,4657,0,0,0,1.0,1,1.0,1,1.0,1,0.22167166848919306,73
3734,6,7664,3003,4661,0,0,0,1.0,1,1.0,1,1.0,1,0.2296566387702658,74
3735,2,7666,3004,4662,0,0,0,1.0,1,1.0,1,1.0,1,0.21411394945694806,72
3736,0,7666,3004,4662,0,0,0,1.0,1,1.0,1,1.0,1,0.19342796868028939,72
3737,1,7667,3004,4663,0,0,0,1.0,1,1.0,1,1.0,1,0.1783455703809033,73
3738,1,7668,3004,4664,0,0,0,1.0,1,1.0,1,1.0,1,0.1735500677798398,72
3739,1,7669,3004,4665,0,0,0,1.0,1,1.0,1,1.0,1,0.15964537034165385,73
3740,0,7669,3004,4665,0,0,0,1.0,1,1.0,1,1.0,1,0.1701905495105578,70
3741,0,7669,3004,4665,0,0,0,1.0,1,1.0,1,1.0,1,0.1701905495105578,70
3742,2,7671,3006,4665,0,0,0,1.0,1,1.0,1,1.0,1,0.178779379836789,70
3743,1,7672,3006,4666,0,0,0,1.0,1,1.0,1,1.0,1,0.16584432603081267,69
3744,3,7675,3009,4666,0,0,0,1.0,1,1.0,1,1.0,1,0.23028292111611237,69
3745,1,7676,3009,4667,0,0,0,1.0,1,1.0,1,1.0,1,0.17999970563052958,68
3746,2,7678,3010,4668,0,0,0,1.0,1,1.0,1,1.0,1,0.1953488966363081,66
3747,1,7679,3011,4668,0,0,0,1.0,1,1.0,1,1.0,1,0.19978854769059465,66
3748,2,7681,3013,4668,0,0,0,1.0,1,1.0,1,1.0,1,0.17949919626288574,65
3749,1,7682,3013,4669,0,0,0,1.0,1,1.0,1,1.0,1,0.1850126053134597,64
3750,3,7685,3015,4670,0,0,0,1.0,1,1.0,1,1.0,1,0.21308434037946863,63
3751,4,7689,3016,4673,0,0,0,1.0,1,1.0,1,1.0,1,0.17781448294954583,64
3752,3,7692,3019,4673,0,0,0,1.0,1,1.0,1,1.0,1,0.21058055456231267,64
3753,3,7695,3019,4676,0,0,0,1.0,1,1.0,1,1.0,1,0.16101686316503935,65
3754,1,7696,3020,4676,0,0,0,1.0,1,1.0,1,1.0,1,0.16573355126448786,65
3755,4,7700,3022,4678,0,0,0,1.0,1,1.0,1,1.0,1,0.1762638730747754,65
3756,1,7701,3022,4679,0,0,0,1.0,1,1.0,1,1.0,1,0.16825517449905933,65
3757,3,7704,3025,4679,0,0,0,1.0,1,1.0,1,1.0,1,0.1953333532645868,65
3758,0,7704,3025,4679,0,0,0,1.0,1,1.0,1,1.0,1,0.19971987936033467,64
3759,4,7708,3027,4681,0,0,0,1.0,1,1.0,1,1.0,1,0.1983944930159224,64
3760,1,7709,3027,4682,0,0,0,1.0,1,1.0,1,1.0,1,0.19279464821820197,63
3761,0,7709,3027,4682,0,0,0,1.0,1,1.0,1,1.0,1,0.19279464821820197,63
3762,1,7710,3027,4683,0,0,0,1.0,1,1.0,1,1.0,1,0.19372052772357576,65
3763,1,7711,3028,4683,0,0,0,1.0,1,1.0,1,1.0,1,0.20931635747928737,65
3764,4,7715,3028,4687,0,0,0,1.0,1,1.0,1,1.0,1,0.1688439405632232,66
3765,0,7715,3028,4687,0,0,0,1.0,1,1.0,1,1.0,1,0.18202057511088857,67
3766,4,7719,3031,4688,0,0,0,1.0,1,1.0,1,1.0,1,0.191968628511969,67
3767,2,7721,3032,4689,0,0,0,1.0,1,1.0,1,1.0,1,0.17614725482669438,68
3768,4,7725,3035,4690,0,0,0,1.0,1,1.0,1,1.0,1,0.2194162433862944,67
3769,2,7727,3035,4692,0,0,0,1.0,1,1.0,1,1.0,1,0.20737800336205667,69
3770,1,7728,3035,4693,0,0,0,1.0,1,1.0,1,1.0,1,0.22058816929308478,69
3771,3,7731,3035,4696,0,0,0,1.0,1,1.0,1,1.0,1,0.21307508777407913,69
3772,6,7737,3035,4702,0,0,0,1.0,1,1.0,1,1.0,1,0.20081603578721963,70
3773,4,7741,3035,4706,0,0,0,1.0,1,1.0,1,1.0,1,0.17727666272917064,68
3774,2,7743,3035,4708,0,0,0,1.0,1,1.0,1,1.0,1,0.19241842998001984,68
3775,6,7749,3037,4712,0,0,0,1.0,1,1.0,1,1.0,1,0.20008516611348703,68
3776,3,7752,3038,4714,0,0,0,1.0,1,1.0,1,1.0,1,0.2137005671214924,66
3777,5,7757,3040,4717,0,0,0,1.0,1,1.0,1,1.0,1,0.17845337269631864,65
3778,2,7759,3041,4718,0,0,0,1.0,1,1.0,1,1.0,1,0.19300808648655196,65
3779,5,7764,3043,4721,0,0,0,1.0,1,1.0,1,1.0,1,0.19641293521296346,65
3780,4,7768,3044,4724,0,0,0,1.0,1,1.0,1,1.0,1,0.1958798724688916,64
3781,3,7771,3044,4727,0,0,0,1.0,1,1.0,1,1.0,1,0.13794422406708695,64
3782,2,7773,3045,4728,0,0,0,1.0,1,1.0,1,1.0,1,0.17214725391050759,67
3783,3,7776,3047,4729,0,0,0,1.0,1,1.0,1,1.0,1,0.18956755311590823,65
3784,2,7778,3048,4730,0,0,0,1.0,1,1.0,1,1.0,1,0.18914267329434004,65
3785,2,7780,3048,4732,0,0,0,1.0,1,1.0,1,1.0,1,0.17722931412827264,63
3786,0,7780,3048,4732,0,0,0,1.0,1,1.0,1,1.0,1,0.19482717767163424,66
3787,3,7783,3049,4734,0,0,0,1.0,1,1.0,1,1.0,1,0.17684509054896091,65
3788,1,7784,3049,4735,0,0,0,1.0,1,1.0,1,1.0,1,0.15294252325967522,65
3789,1,7785,3050,4735,0,0,0,1.0,1,1.0,1,1.0,1,0.17216296446801224,65
3790,4,7789,3051,4738,0,0,0,1.0,1,1.0,1,1.0,1,0.16415687730383205,64
3791,1,7790,3052,4738,0,0,0,1.0,1,1.0,1,1.0,1,0.18825715131402074,64
3792,3,7793,3055,4738,0,0,0,1.0,1,1.0,1,1.0,1,0.209851621859804,65
3793,1,7794,3055,4739,0,0,0,1.0,1,1.0,1,1.0,1,0.23238529554755388,68
3794,4,7798,3056,4742,0,0,0,1.0,1,1.0,1,1.0,1,0.23508338577441917,68
3795,1,7799,3057,4742,0,0,0,1.0,1,1.0,1,1.0,1,0.2569726595357597,69
3796,1,7800,3057,4743,0,0,0,1.0,1,1.0,1,1.0,1,0.25295786334058046,69
3797,2,7802,3058,4744,0,0,0,1.0,1,1.0,1,1.0,1,0.25061768586124467,70
3798,3,7805,3058,4747,0,0,0,1.0,1,1.0,1,1.0,1,0.23792588069867687,70
3799,2,7807,3058,4749,0,0,0,1.0,1,1.0,1,1.0,1,0.24821767973936643,69
3800,1,7808,3058,4750,0,0,0,1.0,1,1.0,1,1.0,1,0.2394483818515424,69
3801,2,7810,3058,4752,0,0,0,1.0,1,1.0,1,1.0,1,0.2570392172707346,67
3802,2,7812,3059,4753,0,0,0,1.0,1,1.0,1,1.0,1,0.2551550470730149,67
3803,4,7816,3062,4754,0,0,0,1.0,1,1.0,1,1.0,1,0.2713839165830037,69
3804,3,7819,3063,4756,0,0,0,1.0,1,1.0,1,1.0,1,0.2801961682856102,70
3805,7,7826,3066,4760,0,0,0,1.0,1,1.0,1,1.0,1,0.30362783777468105,71
3806,7,7833,3067,4766,0,0,0,1.0,1,1.0,1,1.0,1,0.2803135576268837,71
3807,2,7835,3068,4767,0,0,0,1.0,1,1.0,1,1.0,1,0.30263883232271593,72
3808,2,7837,3068,4769,0,0,0,1.0,1,1.0,1,1.0,1,0.3028687834082816,72
3809,3,7840,3069,4771,0,0,0,1.0,1,1.0,1,1.0,1,0.307901931127634,72
3810,5,7845,3070,4775,0,0,0,1.0,1,1.0,1,1.0,1,0.29862445379455527,72
3811,13,7858,3070,4788,0,0,0,1.0,1,1.0,1,1.0,1,0.18712575043149596,71
3812,2,7860,3070,4790,0,0,0,1.0,1,1.0,1,1.0,1,0.1725621689422536,72
3813,2,7862,3071,4791,0,0,0,1.0,1,1.0,1,1.0,1,0.20702302925077212,71
3814,2,7864,3071,4793,0,0,0,1.0,1,1.0,1,1.0,1,0.19584805994744833,72
3815,3,7867,3071,4796,0,0,0,1.0,1,1.0,1,1.0,1,0.2258088732103308,71
3816,1,7868,3071,4797,0,0,0,1.0,1,1.0,1,1.0,1,0.21993455118661306,69
3817,2,7870,3072,4798,0,0,0,1.0,1,1.0,1,1.0,1,0.22541601928619806,72
3818,2,7872,3072,4800,0,0,0,1.0,1,1.0,1,1.0,1,0.22459032827514885,72
3819,2,7874,3072,4802,0,0,0,1.0,1,1.0,1,1.0,1,0.2254202807497057,72
3820,3,7877,3073,4804,0,0,0,1.0,1,1.0,1,1.0,1,0.21303742517222465,72
3821,4,7881,3073,4808,0,0,0,1.0,1,1.0,1,1.0,1,0.21329622755695954,72
3822,3,7884,3074,4810,0,0,0,1.0,1,1.0,1,1.0,1,0.2440725962070211,69
3823,4,7888,3076,4812,0,0,0,1.0,1,1.0,1,1.0,1,0.22131846635391453,69
3824,2,7890,3077,4813,0,0,0,1.0,1,1.0,1,1.0,1,0.25408336409810334,65
3825,1,7891,3077,4814,0,0,0,1.0,1,1.0,1,1.0,1,0.24341580721570646,64
3826,1,7892,3077,4815,0,0,0,1.0,1,1.0,1,1.0,1,0.2414680553611296,65
3827,3,7895,3078,4817,0,0,0,1.0,1,1.0,1,1.0,1,0.21568583899431504,64
3828,2,7897,3078,4819,0,0,0,1.0,1,1.0,1,1.0,1,0.20226744879111663,65
3829,5,7902,3081,4821,0,0,0,1.0,1,1.0,1,1.0,1,0.20463105897362735,65
3830,2,7904,3081,4823,0,0,0,1.0,1,1.0,1,1.0,1,0.18794853879806242,64
3831,2,7906,3083,4823,0,0,0,1.0,1,1.0,1,1.0,1,0.20335352082276265,63
3832,3,7909,3084,4825,0,0,0,1.0,1,1.0,1,1.0,1,0.20719361946734835,64
3833,2,7911,3085,4826,0,0,0,1.0,1,1.0,1,1.0,1,0.20801025888045338,64
3834,1,7912,3086,4826,0,0,0,1.0,1,1.0,1,1.0,1,0.2108425315736337,63
3835,2,7914,3088,4826,0,0,0,1.0,1,1.0,1,1.0,1,0.24599615169276465,63
3836,4,7918,3090,4828,0,0,0,1.0,1,1.0,1,1.0,1,0.24746950349727342,63
3837,4,7922,3092,4830,0,0,0,1.0,1,1.0,1,1.0,1,0.25298003460546165,62
3838,4,7926,3094,4832,0,0,0,1.0,1,1.0,1,1.0,1,0.2621881939868921,62
3839,3,7929,3096,4833,0,0,0,1.0,1,1.0,1,1.0,1,0.25500977582605905,60
3840,1,7930,3097,4833,0,0,0,1.0,1,1.0,1,1.0,1,0.27319435957091565,62
3841,3,7933,3097,4836,0,0,0,1.0,1,1.0,1,1.0,1,0.24097017199766468,62
3842,2,7935,3097,4838,0,0,0,1.0,1,1.0,1,1.0,1,0.21745099281552113,63
3843,0,7935,3097,4838,0,0,0,1.0,1,1.0,1,1.0,1,0.21504306723162808,64
3844,0,7935,3097,4838,0,0,0,1.0,1,1.0,1,1.0,1,0.21252481692203473,65
3845,3,7938,3097,4841,0,0,0,1.0,1,1.0,1,1.0,1,0.1878960236862874,66
3846,3,7941,3098,4843,0,0,0,1.0,1,1.0,1,1.0,1,0.18400570080512688,67
3847,0,7941,3098,4843,0,0,0,1.0,1,1.0,1,1.0,1,0.18400570080512688,67
3848,4,7945,3100,4845,0,0,0,1.0,1,1.0,1,1.0,1,0.20302908954553958,67
3849,4,7949,3101,4848,0,0,0,1.0,1,1.0,1,1.0,1,0.21138441228846488,67
3850,5,7954,3102,4852,0,0,0,1.0,1,1.0,1,1.0,1,0.22617448022142383,68
3851,2,7956,3103,4853,0,0,0,1.0,1,1.0,1,1.0,1,0.21394591826598924,68
3852,3,7959,3104,4855,0,0,0,1.0,1,1.0,1,1.0,1,0.23545386727549658,70
3853,3,7962,3105,4857,0,0,0,1.0,1,1.0,1,1.0,1,0.22355394236937143,70
3854,2,7964,3106,4858,0,0,0,1.0,1,1.0,1,1.0,1,0.22258812474969722,70
3855,0,7964,3106,4858,0,0,0,1.0,1,1.0,1,1.0,1,0.22754887705358307,69
3856,0,7964,3106,4858,0,0,0,1.0,1,1.0,1,1.0,1,0.20696386381902207,70
3857,2,7966,3108,4858,0,0,0,1.0,1,1.0,1,1.0,1,0.2304544196225905,68
3858,4,7970,3110,4860,0,0,0,1.0,1,1.0,1,1.0,1,0.23144759018131583,67
3859,1,7971,3110,4861,0,0,0,1.0,1,1.0,1,1.0,1,0.22008905481178648,66
3860,1,7972,3111,4861,0,0,0,1.0,1,1.0,1,1.0,1,0.2308580715776274,66
3861,0,7972,3111,4861,0,0,0,1.0,1,1.0,1,1.0,1,0.23088529210485265,66
3862,4,7976,3115,4861,0,0,0,1.0,1,1.0,1,1.0,1,0.21745466816777423,66
3863,2,7978,3116,4862,0,0,0,1.0,1,1.0,1,1.0,1,0.21103807904608793,63
3864,2,7980,3118,4862,0,0,0,1.0,1,1.0,1,1.0,1,0.21998487520826912,63
3865,2,7982,3120,4862,0,0,0,1.0,1,1.0,1,1.0,1,0.23873440260138482,61
3866,3,7985,3121,4864,0,0,0,1.0,1,1.0,1,1.0,1,0.22957222118999696,61
3867,1,7986,3121,4865,0,0,0,1.0,1,1.0,1,1.0,1,0.21531836870398918,60
3868,2,7988,3123,4865,0,0,0,1.0,1,1.0,1,1.0,1,0.22796486799696578,59
3869,0,7988,3123,4865,0,0,0,1.0,1,1.0,1,1.0,1,0.22658571438196518,61
3870,0,7988,3123,4865,0,0,0,1.0,1,1.0,1,1.0,1,0.23305180681832363,61
3871,6,7994,3124,4870,0,0,0,1.0,1,1.0,1,1.0,1,0.18541554643382094,64
3872,1,7995,3124,4871,0,0,0,1.0,1,1.0,1,1.0,1,0.17249680893601108,63
3873,0,7995,3124,4871,0,0,0,1.0,1,1.0,1,1.0,1,0.1799693033187383,62
3874,1,7996,3125,4871,0,0,0,1.0,1,1.0,1,1.0,1,0.18263000444127583,63
3875,1,7997,3126,4871,0,0,0,1.0,1,1.0,1,1.0,1,0.18939761528504917,61
3876,1,7998,3126,4872,0,0,0,1.0,1,1.0,1,1.0,1,0.17052992666021882,62
3877,4,8002,3128,4874,0,0,0,1.0,1,1.0,1,1.0,1,0.19426857490990862,63
3878,1,8003,3128,4875,0,0,0,1.0,1,1.0,1,1.0,1,0.1798351650815961,63
3879,2,8005,3129,4876,0,0,0,1.0,1,1.0,1,1.0,1,0.199228446698479,63
3880,0,8005,3129,4876,0,0,0,1.0,1,1.0,1,1.0,1,0.18382063733747225,65
3881,1,8006,3130,4876,0,0,0,1.0,1,1.0,1,1.0,1,0.19218718768361856,65
3882,1,8007,3131,4876,0,0,0,1.0,1,1.0,1,1.0,1,0.18698541722804735,66
3883,0,8007,3131,4876,0,0,0,1.0,1,1.0,1,1.0,1,0.18698541722804735,66
3884,2,8009,3132,4877,0,0,0,1.0,1,1.0,1,1.0,1,0.1946671273992783,66
3885,1,8010,3133,4877,0,0,0,1.0,1,1.0,1,1.0,1,0.2027541175633746,66
3886,3,8013,3135,4878,0,0,0,1.0,1,1.0,1,1.0,1,0.22394745892264134,65
3887,2,8015,3135,4880,0,0,0,1.0,1,1.0,1,1.0,1,0.21559158192175573,65
3888,2,8017,3136,4881,0,0,0,1.0,1,1.0,1,1.0,1,0.24306785753811397,66
3889,1,8018,3137,4881,0,0,0,1.0,1,1.0,1,1.0,1,0.24090621373511,64
3890,2,8020,3138,4882,0,0,0,1.0,1,1.0,1,1.0,1,0.2496836191612423,63
3891,3,8023,3139,4884,0,0,0,1.0,1,1.0,1,1.0,1,0.24281850918219475,66
3892,3,8026,3140,4886,0,0,0,1.0,1,1.0,1,1.0,1,0.20631219303513304,67
3893,2,8028,3141,4887,0,0,0,1.0,1,1.0,1,1.0,1,0.22798610927459237,66
3894,4,8032,3141,4891,0,0,0,1.0,1,1.0,1,1.0,1,0.22731724560769132,67
3895,9,8041,3142,4899,0,0,0,1.0,1,1.0,1,1.0,1,0.2566262051055413,66
3896,6,8047,3143,4904,0,0,0,1.0,1,1.0,1,1.0,1,0.26146484266184195,66
3897,1,8048,3143,4905,0,0,0,1.0,1,1.0,1,1.0,1,0.26707862413671274,65
3898,4,8052,3146,4906,0,0,0,1.0,1,1.0,1,1.0,1,0.2713381967574222,65
3899,4,8056,3148,4908,0,0,0,1.0,1,1.0,1,1.0,1,0.2784455119877671,64
3900,3,8059,3148,4911,0,0,0,1.0,1,1.0,1,1.0,1,0.2661115636353979,63
3901,5,8064,3150,4914,0,0,0,1.0,1,1.0,1,1.0,1,0.24617161217098224,63
3902,2,8066,3150,4916,0,0,0,1.0,1,1.0,1,1.0,1,0.24287941276437394,64
3903,1,8067,3151,4916,0,0,0,1.0,1,1.0,1,1.0,1,0.23391578751978173,64
3904,3,8070,3154,4916,0,0,0,1.0,1,1.0,1,1.0,1,0.22290849796045462,63
3905,1,8071,3154,4917,0,0,0,1.0,1,1.0,1,1.0,1,0.22847305657975728,63
3906,2,8073,3156,4917,0,0,0,1.0,1,1.0,1,1.0,1,0.2259641428091723,64
3907,5,8078,3158,4920,0,0,0,1.0,1,1.0,1,1.0,1,0.21960082322969998,64
3908,1,8079,3159,4920,0,0,0,1.0,1,1.0,1,1.0,1,0.20901758500626635,63
3909,0,8079,3159,4920,0,0,0,1.0,1,1.0,1,1.0,1,0.21898982682614604,62
3910,0,8079,3159,4920,0,0,0,1.0,1,1.0,1,1.0,1,0.23752475021331623,62
3911,2,8081,3160,4921,0,0,0,1.0,1,1.0,1,1.0,1,0.24552241106804534,64
3912,1,8082,3160,4922,0,0,0,1.0,1,1.0,1,1.0,1,0.22625644627196606,64
3913,0,8082,3160,4922,0,0,0,1.0,1,1.0,1,1.0,1,0.23399209836069426,65
3914,1,8083,3160,4923,0,0,0,1.0,1,1.0,1,1.0,1,0.2518705247750076,65
3915,0,8083,3160,4923,0,0,0,1.0,1,1.0,1,1.0,1,0.24887740465287145,66
3916,2,8085,3161,4924,0,0,0,1.0,1,1.0,1,1.0,1,0.25391549615671427,66
3917,0,8085,3161,4924,0,0,0,1.0,1,1.0,1,1.0,1,0.25391549615671427,66
3918,2,8087,3161,4926,0,0,0,1.0,1,1.0,1,1.0,1,0.24523503420797108,67
3919,2,8089,3162,4927,0,0,0,1.0,1,1.0,1,1.0,1,0.23478840986718422,68
3920,0,8089,3162,4927,0,0,0,1.0,1,1.0,1,1.0,1,0.21903225598671472,69
3921,1,8090,3162,4928,0,0,0,1.0,1,1.0,1,1.0,1,0.21910583142562878,68
3922,2,8092,3164,4928,0,0,0,1.0,1,1.0,1,1.0,1,0.24155425435646966,68
3923,0,8092,3164,4928,0,0,0,1.0,1,1.0,1,1.0,1,0.2506181512789976,69
3924,1,8093,3165,4928,0,0,0,1.0,1,1.0,1,1.0,1,0.2663871589827533,69
3925,6,8099,3168,4931,0,0,0,1.0,1,1.0,1,1.0,1,0.2673827632815889,67
3926,1,8100,3168,4932,0,0,0,1.0,1,1.0,1,1.0,1,0.2671479148173187,67
3927,0,8100,3168,4932,0,0,0,1.0,1,1.0,1,1.0,1,0.30831695510173324,65
3928,0,8100,3168,4932,0,0,0,1.0,1,1.0,1,1.0,1,0.30831695510173324,65
3929,4,8104,3172,4932,0,0,0,1.0,1,1.0,1,1.0,1,0.275803853935464,64
3930,1,8105,3172,4933,0,0,0,1.0,1,1.0,1,1.0,1,0.27880840501185405,64
3931,4,8109,3174,4935,0,0,0,1.0,1,1.0,1,1.0,1,0.28273805059842116,62
3932,3,8112,3175,4937,0,0,0,1.0,1,1.0,1,1.0,1,0.2614420525859729,62
3933,1,8113,3176,4937,0,0,0,1.0,1,1.0,1,1.0,1,0.27506687605308566,62
3934,1,8114,3177,4937,0,0,0,1.0,1,1.0,1,1.0,1,0.2825365309823924,61
3935,3,8117,3177,4940,0,0,0,1.0,1,1.0,1,1.0,1,0.24975804516514533,64
3936,2,8119,3178,4941,0,0,0,1.0,1,1.0,1,1.0,1,0.266699448495171,65
3937,1,8120,3178,4942,0,0,0,1.0,1,1.0,1,1.0,1,0.24859141923258882,66
3938,1,8121,3178,4943,0,0,0,1.0,1,1.0,1,1.0,1,0.24580388916524376,66
3939,0,8121,3178,4943,0,0,0,1.0,1,1.0,1,1.0,1,0.2531231810503513,67
3940,0,8121,3178,4943,0,0,0,1.0,1,1.0,1,1.0,1,0.24405834540798332,69
3941,1,8122,3178,4944,0,0,0,1.0,1,1.0,1,1.0,1,0.2224715863302312,69
3942,1,8123,3179,4944,0,0,0,1.0,1,1.0,1,1.0,1,0.2300106475646034,69
3943,1,8124,3180,4944,0,0,0,1.0,1,1.0,1,1.0,1,0.23616037566416972,68
3944,4,8128,3180,4948,0,0,0,1.0,1,1.0,1,1.0,1,0.20160498371277266,68
3945,4,8132,3184,4948,0,0,0,1.0,1,1.0,1,1.0,1,0.20020477073934967,67
3946,5,8137,3187,4950,0,0,0,1.0,1,1.0,1,1.0,1,0.2165001953030723,67
3947,1,8138,3187,4951,0,0,0,1.0,1,1.0,1,1.0,1,0.21817079457580438,66
3948,4,8142,3188,4954,0,0,0,1.0,1,1.0,1,1.0,1,0.21007670633074862,67
3949,5,8147,3192,4955,0,0,0,1.0,1,1.0,1,1.0,1,0.26380835106394057,66
3950,2,8149,3192,4957,0,0,0,1.0,1,1.0,1,1.0,1,0.2549087858951887,65
3951,0,8149,3192,4957,0,0,0,1.0,1,1.0,1,1.0,1,0.2445692799438137,65
3952,2,8151,3194,4957,0,0,0,1.0,1,1.0,1,1.0,1,0.2404948738448524,65
3953,0,8151,3194,4957,0,0,0,1.0,1,1.0,1,1.0,1,0.25239349145453244,65
3954,0,8151,3194,4957,0,0,0,1.0,1,1.0,1,1.0,1,0.26007724026690865,64
3955,1,8152,3195,4957,0,0,0,1.0,1,1.0,1,1.0,1,0.28293971782639404,64
3956,0,8152,3195,4957,0,0,0,1.0,1,1.0,1,1.0,1,0.2861194918396925,63
3957,0,8152,3195,4957,0,0,0,1.0,1,1.0,1,1.0,1,0.2861194918396925,63
3958,2,8154,3196,4958,0,0,0,1.0,1,1.0,1,1.0,1,0.30075184216391915,63
3959,1,8155,3197,4958,0,0,0,1.0,1,1.0,1,1.0,1,0.3075396696247616,62
3960,1,8156,3197,4959,0,0,0,1.0,1,1.0,1,1.0,1,0.299250805400661,62
3961,7,8163,3198,4965,0,0,0,1.0,1,1.0,1,1.0,1,0.23408990317789194,64
3962,1,8164,3199,4965,0,0,0,1.0,1,1.0,1,1.0,1,0.23912272442186094,64
3963,5,8169,3202,4967,0,0,0,1.0,1,1.0,1,1.0,1,0.2504261578731491,62
3964,1,8170,3203,4967,0,0,0,1.0,1,1.0,1,1.0,1,0.24603864684473126,63
3965,1,8171,3203,4968,0,0,0,1.0,1,1.0,1,1.0,1,0.2320702963640388,63
3966,0,8171,3203,4968,0,0,0,1.0,1,1.0,1,1.0,1,0.2414798855157792,62
3967,1,8172,3203,4969,0,0,0,1.0,1,1.0,1,1.0,1,0.23881450582397107,64
3968,1,8173,3203,4970,0,0,0,1.0,1,1.0,1,1.0,1,0.22162613168304443,63
3969,2,8175,3203,4972,0,0,0,1.0,1,1.0,1,1.0,1,0.21307394953576542,63
3970,3,8178,3203,4975,0,0,0,1.0,1,1.0,1,1.0,1,0.19882694276252216,65
3971,0,8178,3203,4975,0,0,0,1.0,1,1.0,1,1.0,1,0.19882694276252216,65
3972,1,8179,3203,4976,0,0,0,1.0,1,1.0,1,1.0,1,0.19344102431887383,66
3973,0,8179,3203,4976,0,0,0,1.0,1,1.0,1,1.0,1,0.19344102431887383,66
3974,2,8181,3205,4976,0,0,0,1.0,1,1.0,1,1.0,1,0.2206590259816358,66
3975,6,8187,3207,4980,0,0,0,1.0,1,1.0,1,1.0,1,0.19304442634680277,66
3976,3,8190,3209,4981,0,0,0,1.0,1,1.0,1,1.0,1,0.20517894112363652,66
3977,3,8193,3210,4983,0,0,0,1.0,1,1.0,1,1.0,1,0.22156650715690066,64
3978,4,8197,3211,4986,0,0,0,1.0,1,1.0,1,1.0,1,0.2664158898948478,63
3979,4,8201,3211,4990,0,0,0,1.0,1,1.0,1,1.0,1,0.2721796230458289,63
3980,2,8203,3212,4991,0,0,0,1.0,1,1.0,1,1.0,1,0.27106547798997743,63
3981,3,8206,3213,4993,0,0,0,1.0,1,1.0,1,1.0,1,0.2757344455611068,64
3982,5,8211,3213,4998,0,0,0,1.0,1,1.0,1,1.0,1,0.2673797552747417,65
3983,2,8213,3213,5000,0,0,0,1.0,1,1.0,1,1.0,1,0.2631413336812518,64
3984,0,8213,3213,5000,0,0,0,1.0,1,1.0,1,1.0,1,0.2681859775941196,65
3985,3,8216,3215,5001,0,0,0,1.0,1,1.0,1,1.0,1,0.2765142033672648,64
3986,3,8219,3216,5003,0,0,0,1.0,1,1.0,1,1.0,1,0.24822659708161604,63
3987,1,8220,3217,5003,0,0,0,1.0,1,1.0,1,1.0,1,0.2532617676515705,63
3988,1,8221,3218,5003,0,0,0,1.0,1,1.0,1,1.0,1,0.24415362080880304,63
3989,3,8224,3220,5004,0,0,0,1.0,1,1.0,1,1.0,1,0.25395269183891617,63
3990,2,8226,3222,5004,0,0,0,1.0,1,1.0,1,1.0,1,0.2749118322094802,62
3991,6,8232,3222,5010,0,0,0,1.0,1,1.0,1,1.0,1,0.19610727320776355,62
3992,1,8233,3222,5011,0,0,0,1.0,1,1.0,1,1.0,1,0.192245880394704,65
3993,0,8233,3222,5011,0,0,0,1.0,1,1.0,1,1.0,1,0.192245880394704,65
3994,1,8234,3222,5012,0,0,0,1.0,1,1.0,1,1.0,1,0.1905534851518143,64
3995,1,8235,3222,5013,0,0,0,1.0,1,1.0,1,1.0,1,0.17274455859850463,64
3996,3,8238,3222,5016,0,0,0,1.0,1,1.0,1,1.0,1,0.16962401970069366,67
3997,0,8238,3222,5016,0,0,0,1.0,1,1.0,1,1.0,1,0.17829704292060763,69
3998,2,8240,3223,5017,0,0,0,1.0,1,1.0,1,1.0,1,0.18457744073020008,69
3999,2,8242,3223,5019,0,0,0,1.0,1,1.0,1,1.0,1,0.16245048803158552,69
4000,4,8246,3224,5022,0,0,0,1.0,1,1.0,1,1.0,1,0.18775132410875248,69
4001,2,8248,3224,5024,0,0,0,1.0,1,1.0,1,1.0,1,0.17333987748099977,68
4002,2,8250,3225,5025,0,0,0,1.0,1,1.0,1,1.0,1,0.1856219295371064,68
4003,1,8251,3225,5026,0,0,0,1.0,1,1.0,1,1.0,1,0.20662901963977479,68
4004,1,8252,3225,5027,0,0,0,1.0,1,1.0,1,1.0,1,0.1964601091376815,67
4005,0,8252,3225,5027,0,0,0,1.0,1,1.0,1,1.0,1,0.1964601091376815,67
4006,2,8254,3226,5028,0,0,0,1.0,1,1.0,1,1.0,1,0.22087370573422613,67
4007,3,8257,3227,5030,0,0,0,1.0,1,1.0,1,1.0,1,0.2376732692517607,67
4008,10,8267,3231,5036,0,0,0,1.0,1,1.0,1,1.0,1,0.24362422359360555,67
4009,4,8271,3233,5038,0,0,0,1.0,1,1.0,1,1.0,1,0.2494297079748762,67
4010,7,8278,3234,5044,0,0,0,1.0,1,1.0,1,1.0,1,0.26951658156728664,66
4011,5,8283,3236,5047,0,0,0,1.0,1,1.0,1,1.0,1,0.28842200801625195,66
4012,5,8288,3236,5052,0,0,0,1.0,1,1.0,1,1.0,1,0.30197099301135405,66
4013,2,8290,3236,5054,0,0,0,1.0,1,1.0,1,1.0,1,0.28041651454323513,66
4014,5,8295,3237,5058,0,0,0,1.0,1,1.0,1,1.0,1,0.2840505090921209,66
4015,4,8299,3237,5062,0,0,0,1.0,1,1.0,1,1.0,1,0.2935064666916872,64
4016,4,8303,3238,5065,0,0,0,1.0,1,1.0,1,1.0,1,0.315294690858789,64
4017,4,8307,3238,5069,0,0,0,1.0,1,1.0,1,1.0,1,0.309843321460432,66
4018,5,8312,3238,5074,0,0,0,1.0,1,1.0,1,1.0,1,0.3179806952281295,67
4019,5,8317,3239,5078,0,0,0,1.0,1,1.0,1,1.0,1,0.32768937730078734,67
4020,4,8321,3239,5082,0,0,0,1.0,1,1.0,1,1.0,1,0.3550148490093416,66
4021,6,8327,3240,5087,0,0,0,1.0,1,1.0,1,1.0,1,0.3127172192215514,66
4022,3,8330,3241,5089,0,0,0,1.0,1,1.0,1,1.0,1,0.3192392738431982,66
4023,3,8333,3242,5091,0,0,0,1.0,1,1.0,1,1.0,1,0.2930349926729025,66
4024,2,8335,3244,5091,0,0,0,1.0,1,1.0,1,1.0,1,0.305408553448103,66
4025,0,8335,3244,5091,0,0,0,1.0,1,1.0,1,1.0,1,0.29449181443727246,66
4026,2,8337,3244,5093,0,0,0,1.0,1,1.0,1,1.0,1,0.27723727520315883,66
4027,0,8337,3244,5093,0,0,0,1.0,1,1.0,1,1.0,1,0.2716733680929653,64
4028,6,8343,3249,5094,0,0,0,1.0,1,1.0,1,1.0,1,0.290799028819229,63
4029,3,8346,3249,5097,0,0,0,1.0,1,1.0,1,1.0,1,0.25109185643970366,62
4030,1,8347,3250,5097,0,0,0,1.0,1,1.0,1,1.0,1,0.2698813104084371,63
4031,1,8348,3251,5097,0,0,0,1.0,1,1.0,1,1.0,1,0.2639122688074747,62
4032,3,8351,3254,5097,0,0,0,1.0,1,1.0,1,1.0,1,0.2816460439587077,62
4033,3,8354,3257,5097,0,0,0,1.0,1,1.0,1,1.0,1,0.31345111529144454,61
4034,3,8357,3258,5099,0,0,0,1.0,1,1.0,1,1.0,1,0.3008520234701632,60
4035,1,8358,3258,5100,0,0,0,1.0,1,1.0,1,1.0,1,0.32152832941872067,59
4036,2,8360,3260,5100,0,0,0,1.0,1,1.0,1,1.0,1,0.3120973612808053,58
4037,2,8362,3262,5100,0,0,0,1.0,1,1.0,1,1.0,1,0.30647454180905864,59
4038,0,8362,3262,5100,0,0,0,1.0,1,1.0,1,1.0,1,0.2977024799367963,58
4039,3,8365,3264,5101,0,0,0,1.0,1,1.0,1,1.0,1,0.3431403879505134,56
4040,2,8367,3264,5103,0,0,0,1.0,1,1.0,1,1.0,1,0.318169957386446,55
4041,3,8370,3267,5103,0,0,0,1.0,1,1.0,1,1.0,1,0.3840759284383159,54
4042,1,8371,3268,5103,0,0,0,1.0,1,1.0,1,1.0,1,0.3830307077378108,56
4043,1,8372,3268,5104,0,0,0,1.0,1,1.0,1,1.0,1,0.38885945639090985,56
4044,1,8373,3269,5104,0,0,0,1.0,1,1.0,1,1.0,1,0.40674308503214707,56
4045,3,8376,3270,5106,0,0,0,1.0,1,1.0,1,1.0,1,0.3896086777808765,57
4046,0,8376,3270,5106,0,0,0,1.0,1,1.0,1,1.0,1,0.4203383362870398,59
4047,3,8379,3272,5107,0,0,0,1.0,1,1.0,1,1.0,1,0.4434964851670286,59
4048,0,8379,3272,5107,0,0,0,1.0,1,1.0,1,1.0,1,0.4434964851670286,59
4049,0,8379,3272,5107,0,0,0,1.0,1,1.0,1,1.0,1,0.4337078287294347,60
4050,0,8379,3272,5107,0,0,0,1.0,1,1.0,1,1.0,1,0.4337078287294347,60
4051,5,8384,3272,5112,0,0,0,1.0,1,1.0,1,1.0,1,0.36965403683174597,60
4052,0,8384,3272,5112,0,0,0,1.0,1,1.0,1,1.0,1,0.36965403683174597,60
4053,0,8384,3272,5112,0,0,0,1.0,1,1.0,1,1.0,1,0.36965403683174597,60
4054,2,8386,3273,5113,0,0,0,1.0,1,1.0,1,1.0,1,0.3687546846966527,61
4055,0,8386,3273,5113,0,0,0,1.0,1,1.0,1,1.0,1,0.3687546846966527,61
4056,0,8386,3273,5113,0,0,0,1.0,1,1.0,1,1.0,1,0.3660101913002705,62
4057,0,8386,3273,5113,0,0,0,1.0,1,1.0,1,1.0,1,0.3723369643036248,63
4058,2,8388,3274,5114,0,0,0,1.0,1,1.0,1,1.0,1,0.373121567779616,64
4059,0,8388,3274,5114,0,0,0,1.0,1,1.0,1,1.0,1,0.38656466729677563,63
4060,4,8392,3275,5117,0,0,0,1.0,1,1.0,1,1.0,1,0.3714059119832266,63
4061,1,8393,3275,5118,0,0,0,1.0,1,1.0,1,1.0,1,0.36730461659869096,63
4062,3,8396,3276,5120,0,0,0,1.0,1,1.0,1,1.0,1,0.34113943460416396,65
4063,1,8397,3276,5121,0,0,0,1.0,1,1.0,1,1.0,1,0.3235835483957435,64
4064,3,8400,3277,5123,0,0,0,1.0,1,1.0,1,1.0,1,0.30140471689840564,65
4065,2,8402,3279,5123,0,0,0,1.0,1,1.0,1,1.0,1,0.29743611816334964,64
4066,2,8404,3281,5123,0,0,0,1.0,1,1.0,1,1.0,1,0.3034181000816766,64
4067,4,8408,3283,5125,0,0,0,1.0,1,1.0,1,1.0,1,0.30649743778533367,63
4068,5,8413,3285,5128,0,0,0,1.0,1,1.0,1,1.0,1,0.30355254940832394,64
4069,8,8421,3288,5133,0,0,0,1.0,1,1.0,1,1.0,1,0.2687782715298695,62
4070,5,8426,3290,5136,0,0,0,1.0,1,1.0,1,1.0,1,0.25807681655662856,61
4071,5,8431,3292,5139,0,0,0,1.0,1,1.0,1,1.0,1,0.2728240104573095,61
4072,4,8435,3294,5141,0,0,0,1.0,1,1.0,1,1.0,1,0.2534039846640563,60
4073,2,8437,3295,5142,0,0,0,1.0,1,1.0,1,1.0,1,0.2576302341419843,60
4074,7,8444,3301,5143,0,0,0,1.0,1,1.0,1,1.0,1,0.3039397155182683,60
4075,0,8444,3301,5143,0,0,0,1.0,1,1.0,1,1.0,1,0.2807760862269487,59
4076,1,8445,3302,5143,0,0,0,1.0,1,1.0,1,1.0,1,0.29924639725558505,60
4077,3,8448,3304,5144,0,0,0,1.0,1,1.0,1,1.0,1,0.3019838171799761,61
4078,0,8448,3304,5144,0,0,0,1.0,1,1.0,1,1.0,1,0.31821832866142763,60
4079,1,8449,3304,5145,0,0,0,1.0,1,1.0,1,1.0,1,0.3175988283597423,58
4080,0,8449,3304,5145,0,0,0,1.0,1,1.0,1,1.0,1,0.33192873618575,56
4081,8,8457,3304,5153,0,0,0,1.0,1,1.0,1,1.0,1,0.2312314988257818,56
4082,1,8458,3304,5154,0,0,0,1.0,1,1.0,1,1.0,1,0.2590497894819067,55
4083,1,8459,3305,5154,0,0,0,1.0,1,1.0,1,1.0,1,0.28269383146972016,55
4084,1,8460,3306,5154,0,0,0,1.0,1,1.0,1,1.0,1,0.29577455420398224,55
4085,4,8464,3307,5157,0,0,0,1.0,1,1.0,1,1.0,1,0.27741477412084686,56
4086,4,8468,3308,5160,0,0,0,1.0,1,1.0,1,1.0,1,0.24845236450059188,57
4087,3,8471,3309,5162,0,0,0,1.0,1,1.0,1,1.0,1,0.2647407586825497,57
4088,2,8473,3309,5164,0,0,0,1.0,1,1.0,1,1.0,1,0.2817325547604984,57
4089,2,8475,3309,5166,0,0,0,1.0,1,1.0,1,1.0,1,0.28535525639071624,56
4090,3,8478,3310,5168,0,0,0,1.0,1,1.0,1,1.0,1,0.2818595347168248,56
4091,3,8481,3310,5171,0,0,0,1.0,1,1.0,1,1.0,1,0.2829123629118108,56
4092,1,8482,3310,5172,0,0,0,1.0,1,1.0,1,1.0,1,0.2796200506538117,57
4093,3,8485,3312,5173,0,0,0,1.0,1,1.0,1,1.0,1,0.28162614739606107,58
4094,1,8486,3313,5173,0,0,0,1.0,1,1.0,1,1.0,1,0.292134026250424,57
4095,2,8488,3314,5174,0,0,0,1.0,1,1.0,1,1.0,1,0.30557016954072347,57
4096,6,8494,3316,5178,0,0,0,1.0,1,1.0,1,1.0,1,0.2986676426445035,59
4097,7,8501,3317,5184,0,0,0,1.0,1,1.0,1,1.0,1,0.2915161307812567,59
4098,4,8505,3318,5187,0,0,0,1.0,1,1.0,1,1.0,1,0.244646072747851,59
4099,5,8510,3320,5190,0,0,0,1.0,1,1.0,1,1.0,1,0.2962017336417622,60
4100,8,8518,3321,5197,0,0,0,1.0,1,1.0,1,1.0,1,0.30692249123799,60
4101,5,8523,3322,5201,0,0,0,1.0,1,1.0,1,1.0,1,0.35143181958868985,60
4102,5,8528,3325,5203,0,0,0,1.0,1,1.0,1,1.0,1,0.32270343995984074,60
4103,7,8535,3326,5209,0,0,0,1.0,1,1.0,1,1.0,1,0.37509464472029175,58
4104,4,8539,3328,5211,0,0,0,1.0,1,1.0,1,1.0,1,0.3590910249135495,60
4105,5,8544,3330,5214,0,0,0,1.0,1,1.0,1,1.0,1,0.3421924510587123,59
4106,6,8550,3331,5219,0,0,0,1.0,1,1.0,1,1.0,1,0.3329481767717945,61
4107,5,8555,3331,5224,0,0,0,1.0,1,1.0,1,1.0,1,0.3438578166201587,59
4108,7,8562,3332,5230,0,0,0,1.0,1,1.0,1,1.0,1,0.3239620920395087,60
4109,4,8566,3332,5234,0,0,0,1.0,1,1.0,1,1.0,1,0.3467215746775344,59
4110,4,8570,3332,5238,0,0,0,1.0,1,1.0,1,1.0,1,0.35581225123842336,60
4111,13,8583,3333,5250,0,0,0,1.0,1,1.0,1,1.0,1,0.23094910393291387,61
4112,2,8585,3334,5251,0,0,0,1.0,1,1.0,1,1.0,1,0.21163170529345024,60
4113,3,8588,3335,5253,0,0,0,1.0,1,1.0,1,1.0,1,0.21165620273674843,61
4114,7,8595,3335,5260,0,0,0,1.0,1,1.0,1,1.0,1,0.17747791769330104,62
4115,7,8602,3338,5264,0,0,0,1.0,1,1.0,1,1.0,1,0.18064132256236046,60
4116,2,8604,3338,5266,0,0,0,1.0,1,1.0,1,1.0,1,0.1548411041070732,59
4117,2,8606,3339,5267,0,0,0,1.0,1,1.0,1,1.0,1,0.15168911815785902,56
4118,1,8607,3339,5268,0,0,0,1.0,1,1.0,1,1.0,1,0.17084074868435248,55
4119,0,8607,3339,5268,0,0,0,1.0,1,1.0,1,1.0,1,0.19053692398035924,53
4120,0,8607,3339,5268,0,0,0,1.0,1,1.0,1,1.0,1,0.2101829381078562,52
4121,1,8608,3340,5268,0,0,0,1.0,1,1.0,1,1.0,1,0.1822671345510593,53
4122,2,8610,3341,5269,0,0,0,1.0,1,1.0,1,1.0,1,0.21266304122481108,52
4123,1,8611,3341,5270,0,0,0,1.0,1,1.0,1,1.0,1,0.20749981746321747,51
4124,3,8614,3344,5270,0,0,0,1.0,1,1.0,1,1.0,1,0.19026141190449455,51
4125,0,8614,3344,5270,0,0,0,1.0,1,1.0,1,1.0,1,0.19029362371321717,50
4126,0,8614,3344,5270,0,0,0,1.0,1,1.0,1,1.0,1,0.20632261347854988,50
4127,0,8614,3344,5270,0,0,0,1.0,1,1.0,1,1.0,1,0.21369314418301713,49
4128,0,8614,3344,5270,0,0,0,1.0,1,1.0,1,1.0,1,0.21369314418301713,49
4129,0,8614,3344,5270,0,0,0,1.0,1,1.0,1,1.0,1,0.21369314418301713,49
4130,1,8615,3345,5270,0,0,0,1.0,1,1.0,1,1.0,1,0.21753724378150574,50
4131,0,8615,3345,5270,0,0,0,1.0,1,1.0,1,1.0,1,0.21753724378150574,50
4132,4,8619,3346,5273,0,0,0,1.0,1,1.0,1,1.0,1,0.1986749658118999,50
4133,2,8621,3347,5274,0,0,0,1.0,1,1.0,1,1.0,1,0.23434227085759526,51
4134,1,8622,3347,5275,0,0,0,1.0,1,1.0,1,1.0,1,0.2126899679513394,53
4135,0,8622,3347,5275,0,0,0,1.0,1,1.0,1,1.0,1,0.2163395133311738,54
4136,1,8623,3348,5275,0,0,0,1.0,1,1.0,1,1.0,1,0.23786545459867325,54
4137,2,8625,3349,5276,0,0,0,1.0,1,1.0,1,1.0,1,0.23693189305952495,55
4138,1,8626,3350,5276,0,0,0,1.0,1,1.0,1,1.0,1,0.22833777604267055,54
4139,1,8627,3351,5276,0,0,0,1.0,1,1.0,1,1.0,1,0.21965410251549083,54
4140,1,8628,3352,5276,0,0,0,1.0,1,1.0,1,1.0,1,0.22662721388973164,55
4141,3,8631,3352,5279,0,0,0,1.0,1,1.0,1,1.0,1,0.2218842110335759,55
4142,0,8631,3352,5279,0,0,0,1.0,1,1.0,1,1.0,1,0.2218842110335759,55
4143,0,8631,3352,5279,0,0,0,1.0,1,1.0,1,1.0,1,0.25353912396872763,53
4144,2,8633,3353,5280,0,0,0,1.0,1,1.0,1,1.0,1,0.2481936423323852,52
4145,2,8635,3354,5281,0,0,0,1.0,1,1.0,1,1.0,1,0.2685026300871812,51
4146,1,8636,3355,5281,0,0,0,1.0,1,1.0,1,1.0,1,0.27810960830924203,51
4147,2,8638,3357,5281,0,0,0,1.0,1,1.0,1,1.0,1,0.3072604935731902,50
4148,4,8642,3358,5284,0,0,0,1.0,1,1.0,1,1.0,1,0.2885926206685022,52
4149,0,8642,3358,5284,0,0,0,1.0,1,1.0,1,1.0,1,0.2682119596053661,53
4150,3,8645,3360,5285,0,0,0,1.0,1,1.0,1,1.0,1,0.2863259273426508,53
4151,0,8645,3360,5285,0,0,0,1.0,1,1.0,1,1.0,1,0.2863259273426508,53
4152,1,8646,3361,5285,0,0,0,1.0,1,1.0,1,1.0,1,0.2606509213610172,54
4153,1,8647,3362,5285,0,0,0,1.0,1,1.0,1,1.0,1,0.3034426650855156,51
4154,3,8650,3363,5287,0,0,0,1.0,1,1.0,1,1.0,1,0.27566300942135513,51
4155,3,8653,3365,5288,0,0,0,1.0,1,1.0,1,1.0,1,0.29441666087505586,51
4156,5,8658,3368,5290,0,0,0,1.0,1,1.0,1,1.0,1,0.27066407633101824,52
4157,1,8659,3369,5290,0,0,0,1.0,1,1.0,1,1.0,1,0.2562168821209848,52
4158,2,8661,3371,5290,0,0,0,1.0,1,1.0,1,1.0,1,0.25026760086735844,52
4159,0,8661,3371,5290,0,0,0,1.0,1,1.0,1,1.0,1,0.24184694341896815,52
4160,3,8664,3374,5290,0,0,0,1.0,1,1.0,1,1.0,1,0.26507841400507043,50
4161,0,8664,3374,5290,0,0,0,1.0,1,1.0,1,1.0,1,0.26507841400507043,50
4162,1,8665,3375,5290,0,0,0,1.0,1,1.0,1,1.0,1,0.2826757465765369,51
4163,1,8666,3376,5290,0,0,0,1.0,1,1.0,1,1.0,1,0.3298640927429437,48
4164,4,8670,3378,5292,0,0,0,1.0,1,1.0,1,1.0,1,0.3497742956876529,50
4165,0,8670,3378,5292,0,0,0,1.0,1,1.0,1,1.0,1,0.3287127830465249,49
4166,2,8672,3378,5294,0,0,0,1.0,1,1.0,1,1.0,1,0.32668209878370774,50
4167,0,8672,3378,5294,0,0,0,1.0,1,1.0,1,1.0,1,0.32826942298185724,50
4168,0,8672,3378,5294,0,0,0,1.0,1,1.0,1,1.0,1,0.33819487926465464,50
4169,2,8674,3379,5295,0,0,0,1.0,1,1.0,1,1.0,1,0.34719908541398775,51
4170,1,8675,3380,5295,0,0,0,1.0,1,1.0,1,1.0,1,0.34727759442001954,50
4171,3,8678,3381,5297,0,0,0,1.0,1,1.0,1,1.0,1,0.31565978007148904,50
4172,0,8678,3381,5297,0,0,0,1.0,1,1.0,1,1.0,1,0.3312631932377091,49
4173,1,8679,3382,5297,0,0,0,1.0,1,1.0,1,1.0,1,0.3570055424632148,48
4174,2,8681,3383,5298,0,0,0,1.0,1,1.0,1,1.0,1,0.35124667803142184,48
4175,3,8684,3385,5299,0,0,0,1.0,1,1.0,1,1.0,1,0.2999823693096606,48
4176,2,8686,3386,5300,0,0,0,1.0,1,1.0,1,1.0,1,0.32331205703911214,50
4177,4,8690,3388,5302,0,0,0,1.0,1,1.0,1,1.0,1,0.31687924402491385,52
4178,3,8693,3390,5303,0,0,0,1.0,1,1.0,1,1.0,1,0.3154476495076804,53
4179,3,8696,3391,5305,0,0,0,1.0,1,1.0,1,1.0,1,0.2677120162238701,54
4180,0,8696,3391,5305,0,0,0,1.0,1,1.0,1,1.0,1,0.2728669982798008,55
4181,2,8698,3391,5307,0,0,0,1.0,1,1.0,1,1.0,1,0.2449940350899047,56
4182,1,8699,3392,5307,0,0,0,1.0,1,1.0,1,1.0,1,0.2397492723387094,56
4183,3,8702,3393,5309,0,0,0,1.0,1,1.0,1,1.0,1,0.2286324099424132,57
4184,4,8706,3396,5310,0,0,0,1.0,1,1.0,1,1.0,1,0.266475017372585,57
4185,2,8708,3396,5312,0,0,0,1.0,1,1.0,1,1.0,1,0.27294670798366805,54
4186,3,8711,3399,5312,0,0,0,1.0,1,1.0,1,1.0,1,0.2601338580026734,55
4187,0,8711,3399,5312,0,0,0,1.0,1,1.0,1,1.0,1,0.25510627709892375,53
4188,1,8712,3399,5313,0,0,0,1.0,1,1.0,1,1.0,1,0.25683755429004684,53
4189,2,8714,3399,5315,0,0,0,1.0,1,1.0,1,1.0,1,0.2550879255372363,53
4190,3,8717,3401,5316,0,0,0,1.0,1,1.0,1,1.0,1,0.26808314416799944,53
4191,1,8718,3401,5317,0,0,0,1.0,1,1.0,1,1.0,1,0.24904593337230352,51
4192,1,8719,3402,5317,0,0,0,1.0,1,1.0,1,1.0,1,0.2729921278291029,51
4193,1,8720,3403,5317,0,0,0,1.0,1,1.0,1,1.0,1,0.26854273404694007,50
4194,0,8720,3403,5317,0,0,0,1.0,1,1.0,1,1.0,1,0.2572601335198886,50
4195,0,8720,3403,5317,0,0,0,1.0,1,1.0,1,1.0,1,0.2603552984102827,50
4196,1,8721,3403,5318,0,0,0,1.0,1,1.0,1,1.0,1,0.24838241526115645,51
4197,3,8724,3406,5318,0,0,0,1.0,1,1.0,1,1.0,1,0.2657448869768523,50
4198,1,8725,3407,5318,0,0,0,1.0,1,1.0,1,1.0,1,0.29201512513427275,48
4199,0,8725,3407,5318,0,0,0,1.0,1,1.0,1,1.0,1,0.32429547118778296,48
4200,1,8726,3407,5319,0,0,0,1.0,1,1.0,1,1.0,1,0.3496675284603691,48
4201,4,8730,3407,5323,0,0,0,1.0,1,1.0,1,1.0,1,0.29968342101978906,47
4202,1,8731,3408,5323,0,0,0,1.0,1,1.0,1,1.0,1,0.3193450337179671,47
4203,0,8731,3408,5323,0,0,0,1.0,1,1.0,1,1.0,1,0.3193450337179671,47
4204,6,8737,3411,5326,0,0,0,1.0,1,1.0,1,1.0,1,0.30428024222374545,48
4205,0,8737,3411,5326,0,0,0,1.0,1,1.0,1,1.0,1,0.2920835236537409,49
4206,1,8738,3412,5326,0,0,0,1.0,1,1.0,1,1.0,1,0.31863349244514705,49
4207,1,8739,3412,5327,0,0,0,1.0,1,1.0,1,1.0,1,0.33037670259268326,48
4208,1,8740,3413,5327,0,0,0,1.0,1,1.0,1,1.0,1,0.32315098654713476,49
4209,2,8742,3414,5328,0,0,0,1.0,1,1.0,1,1.0,1,0.31230770085587467,51
4210,1,8743,3415,5328,0,0,0,1.0,1,1.0,1,1.0,1,0.316500516939949,52
4211,1,8744,3415,5329,0,0,0,1.0,1,1.0,1,1.0,1,0.30887842514284986,53
4212,0,8744,3415,5329,0,0,0,1.0,1,1.0,1,1.0,1,0.30887842514284986,53
4213,0,8744,3415,5329,0,0,0,1.0,1,1.0,1,1.0,1,0.31114216750145735,54
4214,2,8746,3415,5331,0,0,0,1.0,1,1.0,1,1.0,1,0.29739087039750894,54
4215,1,8747,3416,5331,0,0,0,1.0,1,1.0,1,1.0,1,0.2897905448416688,54
4216,1,8748,3416,5332,0,0,0,1.0,1,1.0,1,1.0,1,0.3044253558166626,53
4217,2,8750,3417,5333,0,0,0,1.0,1,1.0,1,1.0,1,0.3250450119918387,54
4218,2,8752,3419,5333,0,0,0,1.0,1,1.0,1,1.0,1,0.35400752007890757,53
4219,2,8754,3420,5334,0,0,0,1.0,1,1.0,1,1.0,1,0.3718398215786638,53
4220,2,8756,3420,5336,0,0,0,1.0,1,1.0,1,1.0,1,0.3729643354101432,53
4221,0,8756,3420,5336,0,0,0,1.0,1,1.0,1,1.0,1,0.3801273327239357,54
4222,6,8762,3425,5337,0,0,0,1.0,1,1.0,1,1.0,1,0.40684968174846126,55
4223,4,8766,3426,5340,0,0,0,1.0,1,1.0,1,1.0,1,0.3973111334900668,56
4224,2,8768,3427,5341,0,0,0,1.0,1,1.0,1,1.0,1,0.37598698796925295,55
4225,1,8769,3428,5341,0,0,0,1.0,1,1.0,1,1.0,1,0.37610820726310107,53
4226,2,8771,3429,5342,0,0,0,1.0,1,1.0,1,1.0,1,0.3805342575219585,54
4227,2,8773,3431,5342,0,0,0,1.0,1,1.0,1,1.0,1,0.39892973308024765,52
4228,4,8777,3433,5344,0,0,0,1.0,1,1.0,1,1.0,1,0.39492521967331884,51
4229,2,8779,3434,5345,0,0,0,1.0,1,1.0,1,1.0,1,0.39088046186918673,48
4230,1,8780,3435,5345,0,0,0,1.0,1,1.0,1,1.0,1,0.3975026030403059,48
4231,5,8785,3435,5350,0,0,0,1.0,1,1.0,1,1.0,1,0.34332009755356196,48
4232,1,8786,3435,5351,0,0,0,1.0,1,1.0,1,1.0,1,0.3137879679256926,48
4233,0,8786,3435,5351,0,0,0,1.0,1,1.0,1,1.0,1,0.30129270226355737,48
4234,2,8788,3437,5351,0,0,0,1.0,1,1.0,1,1.0,1,0.3253880956400941,49
4235,0,8788,3437,5351,0,0,0,1.0,1,1.0,1,1.0,1,0.3197329930725402,47
4236,1,8789,3438,5351,0,0,0,1.0,1,1.0,1,1.0,1,0.3452242996327226,47
4237,1,8790,3438,5352,0,0,0,1.0,1,1.0,1,1.0,1,0.3209338963294146,48
4238,4,8794,3438,5356,0,0,0,1.0,1,1.0,1,1.0,1,0.3100263750886158,47
4239,3,8797,3438,5359,0,0,0,1.0,1,1.0,1,1.0,1,0.26488360175149356,48
4240,0,8797,3438,5359,0,0,0,1.0,1,1.0,1,1.0,1,0.27211178835715205,47
4241,0,8797,3438,5359,0,0,0,1.0,1,1.0,1,1.0,1,0.28680408821463366,49
4242,0,8797,3438,5359,0,0,0,1.0,1,1.0,1,1.0,1,0.2893049494449366,49
4243,1,8798,3439,5359,0,0,0,1.0,1,1.0,1,1.0,1,0.3075496845177974,50
4244,2,8800,3439,5361,0,0,0,1.0,1,1.0,1,1.0,1,0.2973481075203372,51
4245,1,8801,3439,5362,0,0,0,1.0,1,1.0,1,1.0,1,0.31145098552175643,51
4246,1,8802,3439,5363,0,0,0,1.0,1,1.0,1,1.0,1,0.30354545602864536,51
4247,0,8802,3439,5363,0,0,0,1.0,1,1.0,1,1.0,1,0.30919983976972854,52
4248,5,8807,3440,5367,0,0,0,1.0,1,1.0,1,1.0,1,0.28838926139831134,52
4249,1,8808,3441,5367,0,0,0,1.0,1,1.0,1,1.0,1,0.2896845238251304,52
4250,1,8809,3442,5367,0,0,0,1.0,1,1.0,1,1.0,1,0.27874142167051574,52
4251,3,8812,3442,5370,0,0,0,1.0,1,1.0,1,1.0,1,0.2550688479497993,53
4252,4,8816,3444,5372,0,0,0,1.0,1,1.0,1,1.0,1,0.2334300439861148,53
4253,4,8820,3446,5374,0,0,0,1.0,1,1.0,1,1.0,1,0.24246527045472258,54
4254,2,8822,3447,5375,0,0,0,1.0,1,1.0,1,1.0,1,0.25966770562506136,54
4255,5,8827,3448,5379,0,0,0,1.0,1,1.0,1,1.0,1,0.26977703623878935,55
4256,5,8832,3449,5383,0,0,0,1.0,1,1.0,1,1.0,1,0.2711870694687491,57
4257,4,8836,3449,5387,0,0,0,1.0,1,1.0,1,1.0,1,0.26548209691061375,57
4258,3,8839,3450,5389,0,0,0,1.0,1,1.0,1,1.0,1,0.29963454895687486,57
4259,3,8842,3450,5392,0,0,0,1.0,1,1.0,1,1.0,1,0.28532463897044585,57
4260,4,8846,3450,5396,0,0,0,1.0,1,1.0,1,1.0,1,0.268433351063808,58
4261,6,8852,3451,5401,0,0,0,1.0,1,1.0,1,1.0,1,0.2493700765074705,59
4262,4,8856,3452,5404,0,0,0,1.0,1,1.0,1,1.0,1,0.2244143187267411,60
4263,0,8856,3452,5404,0,0,0,1.0,1,1.0,1,1.0,1,0.2140930624691443,59
4264,2,8858,3454,5404,0,0,0,1.0,1,1.0,1,1.0,1,0.2421706798925598,58
4265,1,8859,3454,5405,0,0,0,1.0,1,1.0,1,1.0,1,0.22635598368290377,58
4266,2,8861,3454,5407,0,0,0,1.0,1,1.0,1,1.0,1,0.18933843546333406,58
4267,1,8862,3455,5407,0,0,0,1.0,1,1.0,1,1.0,1,0.19974211072528314,55
4268,2,8864,3456,5408,0,0,0,1.0,1,1.0,1,1.0,1,0.20697700422210244,55
4269,2,8866,3457,5409,0,0,0,1.0,1,1.0,1,1.0,1,0.21279298846842973,50
4270,1,8867,3458,5409,0,0,0,1.0,1,1.0,1,1.0,1,0.2400116647310015,47
4271,0,8867,3458,5409,0,0,0,1.0,1,1.0,1,1.0,1,0.23923440774298052,47
4272,0,8867,3458,5409,0,0,0,1.0,1,1.0,1,1.0,1,0.24970510910793534,46
4273,1,8868,3459,5409,0,0,0,1.0,1,1.0,1,1.0,1,0.2672376563314871,47
4274,3,8871,3461,5410,0,0,0,1.0,1,1.0,1,1.0,1,0.2916448025356731,45
4275,3,8874,3464,5410,0,0,0,1.0,1,1.0,1,1.0,1,0.33604656094774576,44
4276,3,8877,3466,5411,0,0,0,1.0,1,1.0,1,1.0,1,0.316628302226751,43
4277,3,8880,3468,5412,0,0,0,1.0,1,1.0,1,1.0,1,0.34763113979597643,42
4278,4,8884,3469,5415,0,0,0,1.0,1,1.0,1,1.0,1,0.3202997582458664,43
4279,4,8888,3472,5416,0,0,0,1.0,1,1.0,1,1.0,1,0.28162890130319707,42
4280,2,8890,3474,5416,0,0,0,1.0,1,1.0,1,1.0,1,0.3417456559878959,44
4281,2,8892,3476,5416,0,0,0,1.0,1,1.0,1,1.0,1,0.35531430936235925,44
4282,0,8892,3476,5416,0,0,0,1.0,1,1.0,1,1.0,1,0.35531430936235925,44
4283,1,8893,3476,5417,0,0,0,1.0,1,1.0,1,1.0,1,0.3153138083518406,45
4284,0,8893,3476,5417,0,0,0,1.0,1,1.0,1,1.0,1,0.3153138083518406,45
4285,1,8894,3477,5417,0,0,0,1.0,1,1.0,1,1.0,1,0.2754039639800349,47
4286,0,8894,3477,5417,0,0,0,1.0,1,1.0,1,1.0,1,0.2754039639800349,47
4287,2,8896,3477,5419,0,0,0,1.0,1,1.0,1,1.0,1,0.24487828382710336,49
4288,1,8897,3477,5420,0,0,0,1.0,1,1.0,1,1.0,1,0.22649393793085096,49
4289,3,8900,3479,5421,0,0,0,1.0,1,1.0,1,1.0,1,0.2138077503994628,50
4290,1,8901,3479,5422,0,0,0,1.0,1,1.0,1,1.0,1,0.20589499651625268,51
4291,3,8904,3480,5424,0,0,0,1.0,1,1.0,1,1.0,1,0.17190037950799936,50
4292,1,8905,3481,5424,0,0,0,1.0,1,1.0,1,1.0,1,0.17873104927729624,51
4293,0,8905,3481,5424,0,0,0,1.0,1,1.0,1,1.0,1,0.17050781612386715,51
4294,1,8906,3482,5424,0,0,0,1.0,1,1.0,1,1.0,1,0.21458946674868506,50
4295,1,8907,3483,5424,0,0,0,1.0,1,1.0,1,1.0,1,0.23299561334691088,50
4296,0,8907,3483,5424,0,0,0,1.0,1,1.0,1,1.0,1,0.22798563155677237,49
4297,0,8907,3483,5424,0,0,0,1.0,1,1.0,1,1.0,1,0.2535695507697617,49
4298,1,8908,3484,5424,0,0,0,1.0,1,1.0,1,1.0,1,0.2542734313331884,49
4299,0,8908,3484,5424,0,0,0,1.0,1,1.0,1,1.0,1,0.2709254900500172,48
4300,2,8910,3486,5424,0,0,0,1.0,1,1.0,1,1.0,1,0.2884500981671059,49
4301,4,8914,3490,5424,0,0,0,1.0,1,1.0,1,1.0,1,0.31722347274459994,50
4302,6,8920,3491,5429,0,0,0,1.0,1,1.0,1,1.0,1,0.23044783585133197,51
4303,5,8925,3493,5432,0,0,0,1.0,1,1.0,1,1.0,1,0.22449315901027136,51
4304,4,8929,3496,5433,0,0,0,1.0,1,1.0,1,1.0,1,0.25471580768961266,51
4305,3,8932,3497,5435,0,0,0,1.0,1,1.0,1,1.0,1,0.24757706927754428,49
4306,3,8935,3498,5437,0,0,0,1.0,1,1.0,1,1.0,1,0.26303323432229053,49
4307,2,8937,3500,5437,0,0,0,1.0,1,1.0,1,1.0,1,0.29187366860507247,46
4308,1,8938,3501,5437,0,0,0,1.0,1,1.0,1,1.0,1,0.2740064292638635,44
4309,1,8939,3502,5437,0,0,0,1.0,1,1.0,1,1.0,1,0.30890574034279383,44
4310,2,8941,3504,5437,0,0,0,1.0,1,1.0,1,1.0,1,0.4091407351615338,42
4311,5,8946,3508,5438,0,0,0,1.0,1,1.0,1,1.0,1,0.39600569409503317,42
4312,1,8947,3508,5439,0,0,0,1.0,1,1.0,1,1.0,1,0.3371025404422646,40
4313,3,8950,3511,5439,0,0,0,1.0,1,1.0,1,1.0,1,0.2783047917172926,40
4314,0,8950,3511,5439,0,0,0,1.0,1,1.0,1,1.0,1,0.29067662139508227,36
4315,1,8951,3512,5439,0,0,0,1.0,1,1.0,1,1.0,1,0.2893009193167021,37
4316,3,8954,3515,5439,0,0,0,1.0,1,1.0,1,1.0,1,0.31635109039440734,37
4317,5,8959,3518,5441,0,0,0,1.0,1,1.0,1,1.0,1,0.34426999847458567,36
4318,1,8960,3519,5441,0,0,0,1.0,1,1.0,1,1.0,1,0.3657029356502929,34
4319,0,8960,3519,5441,0,0,0,1.0,1,1.0,1,1.0,1,0.3682031678721102,34
4320,0,8960,3519,5441,0,0,0,1.0,1,1.0,1,1.0,1,0.3682031678721102,34
4321,2,8962,3519,5443,0,0,0,1.0,1,1.0,1,1.0,1,0.3545911563090263,35
4322,0,8962,3519,5443,0,0,0,1.0,1,1.0,1,1.0,1,0.3545911563090263,35
4323,1,8963,3519,5444,0,0,0,1.0,1,1.0,1,1.0,1,0.32835407464308414,35
4324,1,8964,3520,5444,0,0,0,1.0,1,1.0,1,1.0,1,0.3305663867095688,34
4325,2,8966,3521,5445,0,0,0,1.0,1,1.0,1,1.0,1,0.26710281532293184,34
4326,3,8969,3522,5447,0,0,0,1.0,1,1.0,1,1.0,1,0.2603277047233077,36
4327,2,8971,3522,5449,0,0,0,1.0,1,1.0,1,1.0,1,0.2478056794086323,35
4328,1,8972,3522,5450,0,0,0,1.0,1,1.0,1,1.0,1,0.2027938177813847,35
4329,2,8974,3523,5451,0,0,0,1.0,1,1.0,1,1.0,1,0.18953474257367425,38
4330,5,8979,3525,5454,0,0,0,1.0,1,1.0,1,1.0,1,0.16961263211848152,38
4331,0,8979,3525,5454,0,0,0,1.0,1,1.0,1,1.0,1,0.1847031826598799,39
4332,0,8979,3525,5454,0,0,0,1.0,1,1.0,1,1.0,1,0.18168381547064544,40
4333,0,8979,3525,5454,0,0,0,1.0,1,1.0,1,1.0,1,0.15933668545153118,41
4334,0,8979,3525,5454,0,0,0,1.0,1,1.0,1,1.0,1,0.15933668545153118,41
4335,1,8980,3526,5454,0,0,0,1.0,1,1.0,1,1.0,1,0.12444508791349457,42
4336,0,8980,3526,5454,0,0,0,1.0,1,1.0,1,1.0,1,0.13307940545488217,43
4337,0,8980,3526,5454,0,0,0,1.0,1,1.0,1,1.0,1,0.10751855380310518,44
4338,0,8980,3526,5454,0,0,0,1.0,1,1.0,1,1.0,1,0.10751855380310518,44
4339,1,8981,3527,5454,0,0,0,1.0,1,1.0,1,1.0,1,0.11449614241639394,46
4340,0,8981,3527,5454,0,0,0,1.0,1,1.0,1,1.0,1,0.13003678564017632,47
4341,2,8983,3527,5456,0,0,0,1.0,1,1.0,1,1.0,1,0.12245419272764442,47
4342,6,8989,3532,5457,0,0,0,1.0,1,1.0,1,1.0,1,0.18080392595372888,47
4343,0,8989,3532,5457,0,0,0,1.0,1,1.0,1,1.0,1,0.1713074528175194,42
4344,8,8997,3537,5460,0,0,0,1.0,1,1.0,1,1.0,1,0.26176706233060837,42
4345,5,9002,3541,5461,0,0,0,1.0,1,1.0,1,1.0,1,0.2944535526541785,39
4346,3,9005,3543,5462,0,0,0,1.0,1,1.0,1,1.0,1,0.34359191273409334,37
4347,1,9006,3544,5462,0,0,0,1.0,1,1.0,1,1.0,1,0.39203192969851336,37
4348,4,9010,3545,5465,0,0,0,1.0,1,1.0,1,1.0,1,0.37285964772651636,38
4349,0,9010,3545,5465,0,0,0,1.0,1,1.0,1,1.0,1,0.3592588187434915,36
4350,5,9015,3550,5465,0,0,0,1.0,1,1.0,1,1.0,1,0.3863498721765603,37
4351,4,9019,3551,5468,0,0,0,1.0,1,1.0,1,1.0,1,0.34026309091055534,35
4352,1,9020,3551,5469,0,0,0,1.0,1,1.0,1,1.0,1,0.3331447376918285,34
4353,1,9021,3551,5470,0,0,0,1.0,1,1.0,1,1.0,1,0.32083081239198125,34
4354,1,9022,3551,5471,0,0,0,1.0,1,1.0,1,1.0,1,0.3110792274523042,32
4355,1,9023,3551,5472,0,0,0,1.0,1,1.0,1,1.0,1,0.30434546288760794,32
4356,4,9027,3553,5474,0,0,0,1.0,1,1.0,1,1.0,1,0.2969488087121359,34
4357,3,9030,3553,5477,0,0,0,1.0,1,1.0,1,1.0,1,0.23513198086406872,35
4358,2,9032,3555,5477,0,0,0,1.0,1,1.0,1,1.0,1,0.2487898383166996,35
4359,3,9035,3556,5479,0,0,0,1.0,1,1.0,1,1.0,1,0.2576897115555605,37
4360,2,9037,3556,5481,0,0,0,1.0,1,1.0,1,1.0,1,0.24957178335011282,38
4361,1,9038,3556,5482,0,0,0,1.0,1,1.0,1,1.0,1,0.21165353102342813,39
4362,4,9042,3558,5484,0,0,0,1.0,1,1.0,1,1.0,1,0.28193909594893446,38
4363,2,9044,3559,5485,0,0,0,1.0,1,1.0,1,1.0,1,0.27193912849718493,38
4364,0,9044,3559,5485,0,0,0,1.0,1,1.0,1,1.0,1,0.24947300641095524,39
4365,0,9044,3559,5485,0,0,0,1.0,1,1.0,1,1.0,1,0.24947300641095524,39
4366,2,9046,3560,5486,0,0,0,1.0,1,1.0,1,1.0,1,0.2808407000091125,39
4367,1,9047,3560,5487,0,0,0,1.0,1,1.0,1,1.0,1,0.2893253948260611,41
4368,3,9050,3561,5489,0,0,0,1.0,1,1.0,1,1.0,1,0.2977355329930929,41
4369,1,9051,3561,5490,0,0,0,1.0,1,1.0,1,1.0,1,0.307642134326714,42
4370,0,9051,3561,5490,0,0,0,1.0,1,1.0,1,1.0,1,0.307642134326714,42
4371,0,9051,3561,5490,0,0,0,1.0,1,1.0,1,1.0,1,0.3170417400723062,43
4372,1,9052,3562,5490,0,0,0,1.0,1,1.0,1,1.0,1,0.2959781275475917,43
4373,0,9052,3562,5490,0,0,0,1.0,1,1.0,1,1.0,1,0.2959781275475917,43
4374,3,9055,3562,5493,0,0,0,1.0,1,1.0,1,1.0,1,0.2952293400300079,44
4375,3,9058,3562,5496,0,0,0,1.0,1,1.0,1,1.0,1,0.2826314344887145,45
4376,1,9059,3562,5497,0,0,0,1.0,1,1.0,1,1.0,1,0.27382384832682277,46
4377,12,9071,3566,5505,0,0,0,1.0,1,1.0,1,1.0,1,0.30544550271486764,47
4378,3,9074,3566,5508,0,0,0,1.0,1,1.0,1,1.0,1,0.2887982290913087,49
4379,7,9081,3569,5512,0,0,0,1.0,1,1.0,1,1.0,1,0.3462666161867301,51
4380,10,9091,3569,5522,0,0,0,1.0,1,1.0,1,1.0,1,0.33291412219806144,50
4381,5,9096,3569,5527,0,0,0,1.0,1,1.0,1,1.0,1,0.27572476888883835,49
4382,2,9098,3571,5527,0,0,0,1.0,1,1.0,1,1.0,1,0.2947540381232188,47
4383,4,9102,3573,5529,0,0,0,1.0,1,1.0,1,1.0,1,0.2725085987727515,47
4384,3,9105,3575,5530,0,0,0,1.0,1,1.0,1,1.0,1,0.2913799008947581,44
4385,0,9105,3575,5530,0,0,0,1.0,1,1.0,1,1.0,1,0.25850274313755334,42
4386,1,9106,3576,5530,0,0,0,1.0,1,1.0,1,1.0,1,0.3265710445039476,41
4387,0,9106,3576,5530,0,0,0,1.0,1,1.0,1,1.0,1,0.30587544798844274,39
4388,1,9107,3577,5530,0,0,0,1.0,1,1.0,1,1.0,1,0.3146170645358115,39
4389,4,9111,3580,5531,0,0,0,1.0,1,1.0,1,1.0,1,0.3696600080610397,38
4390,1,9112,3580,5532,0,0,0,1.0,1,1.0,1,1.0,1,0.3209770468856646,38
4391,1,9113,3580,5533,0,0,0,1.0,1,1.0,1,1.0,1,0.2940018285130002,39
4392,2,9115,3580,5535,0,0,0,1.0,1,1.0,1,1.0,1,0.2780612725781876,39
4393,0,9115,3580,5535,0,0,0,1.0,1,1.0,1,1.0,1,0.2703438710251824,40
4394,0,9115,3580,5535,0,0,0,1.0,1,1.0,1,1.0,1,0.27139843491191556,39
4395,0,9115,3580,5535,0,0,0,1.0,1,1.0,1,1.0,1,0.27139843491191556,39
4396,1,9116,3581,5535,0,0,0,1.0,1,1.0,1,1.0,1,0.27452771727941905,39
4397,1,9117,3581,5536,0,0,0,1.0,1,1.0,1,1.0,1,0.26361271067878184,38
4398,0,9117,3581,5536,0,0,0,1.0,1,1.0,1,1.0,1,0.2548815968808512,39
4399,0,9117,3581,5536,0,0,0,1.0,1,1.0,1,1.0,1,0.25566725511878136,42
4400,0,9117,3581,5536,0,0,0,1.0,1,1.0,1,1.0,1,0.2510190868323227,43
4401,0,9117,3581,5536,0,0,0,1.0,1,1.0,1,1.0,1,0.24498221418859434,44
4402,0,9117,3581,5536,0,0,0,1.0,1,1.0,1,1.0,1,0.24498221418859434,44
4403,0,9117,3581,5536,0,0,0,1.0,1,1.0,1,1.0,1,0.24741795788714882,45
4404,1,9118,3581,5537,0,0,0,1.0,1,1.0,1,1.0,1,0.24689114747020355,45
4405,0,9118,3581,5537,0,0,0,1.0,1,1.0,1,1.0,1,0.24878390927268887,46
4406,1,9119,3582,5537,0,0,0,1.0,1,1.0,1,1.0,1,0.27162019372229795,46
4407,0,9119,3582,5537,0,0,0,1.0,1,1.0,1,1.0,1,0.27162019372229795,46
4408,0,9119,3582,5537,0,0,0,1.0,1,1.0,1,1.0,1,0.2681824123120125,47
4409,1,9120,3583,5537,0,0,0,1.0,1,1.0,1,1.0,1,0.2973055943764574,48
4410,0,9120,3583,5537,0,0,0,1.0,1,1.0,1,1.0,1,0.2973055943764574,48
4411,1,9121,3583,5538,0,0,0,1.0,1,1.0,1,1.0,1,0.2824771124531919,50
4412,3,9124,3584,5540,0,0,0,1.0,1,1.0,1,1.0,1,0.2807334865228941,50
4413,1,9125,3584,5541,0,0,0,1.0,1,1.0,1,1.0,1,0.28742854581265664,50
4414,1,9126,3585,5541,0,0,0,1.0,1,1.0,1,1.0,1,0.27281986891934024,51
4415,2,9128,3586,5542,0,0,0,1.0,1,1.0,1,1.0,1,0.2592879360265399,51
4416,0,9128,3586,5542,0,0,0,1.0,1,1.0,1,1.0,1,0.2592879360265399,51
4417,3,9131,3588,5543,0,0,0,1.0,1,1.0,1,1.0,1,0.2595866724075617,51
4418,4,9135,3589,5546,0,0,0,1.0,1,1.0,1,1.0,1,0.25362329046830395,51
4419,2,9137,3589,5548,0,0,0,1.0,1,1.0,1,1.0,1,0.24796671498431505,50
4420,3,9140,3590,5550,0,0,0,1.0,1,1.0,1,1.0,1,0.26353260857580396,50
4421,1,9141,3590,5551,0,0,0,1.0,1,1.0,1,1.0,1,0.24068671689406199,52
4422,0,9141,3590,5551,0,0,0,1.0,1,1.0,1,1.0,1,0.2498324302165432,51
4423,2,9143,3591,5552,0,0,0,1.0,1,1.0,1,1.0,1,0.2491258754846036,51
4424,0,9143,3591,5552,0,0,0,1.0,1,1.0,1,1.0,1,0.2476535914249627,53
4425,1,9144,3591,5553,0,0,0,1.0,1,1.0,1,1.0,1,0.23116652813665337,54
4426,4,9148,3592,5556,0,0,0,1.0,1,1.0,1,1.0,1,0.19954842252555738,55
4427,3,9151,3592,5559,0,0,0,1.0,1,1.0,1,1.0,1,0.19123187410173684,55
4428,2,9153,3592,5561,0,0,0,1.0,1,1.0,1,1.0,1,0.19123187410173684,55
4429,2,9155,3592,5563,0,0,0,1.0,1,1.0,1,1.0,1,0.1863237093768555,56
4430,3,9158,3592,5566,0,0,0,1.0,1,1.0,1,1.0,1,0.16112425234287517,55
4431,1,9159,3592,5567,0,0,0,1.0,1,1.0,1,1.0,1,0.19398826559432458,56
4432,2,9161,3592,5569,0,0,0,1.0,1,1.0,1,1.0,1,0.19398826559432458,56
4433,1,9162,3592,5570,0,0,0,1.0,1,1.0,1,1.0,1,0.1829734910863878,57
4434,1,9163,3592,5571,0,0,0,1.0,1,1.0,1,1.0,1,0.20443796564398722,56
4435,4,9167,3593,5574,0,0,0,1.0,1,1.0,1,1.0,1,0.20083491002058865,56
4436,2,9169,3595,5574,0,0,0,1.0,1,1.0,1,1.0,1,0.19217084042204738,55
4437,0,9169,3595,5574,0,0,0,1.0,1,1.0,1,1.0,1,0.20564634631501896,54
4438,2,9171,3597,5574,0,0,0,1.0,1,1.0,1,1.0,1,0.25020298352320064,54
4439,2,9173,3597,5576,0,0,0,1.0,1,1.0,1,1.0,1,0.23819229729475908,55
4440,2,9175,3598,5577,0,0,0,1.0,1,1.0,1,1.0,1,0.23259175102979815,55
4441,7,9182,3601,5581,0,0,0,1.0,1,1.0,1,1.0,1,0.19086917430446113,59
4442,2,9184,3602,5582,0,0,0,1.0,1,1.0,1,1.0,1,0.1929898532133353,61
4443,2,9186,3604,5582,0,0,0,1.0,1,1.0,1,1.0,1,0.2222421497601028,60
4444,3,9189,3604,5585,0,0,0,1.0,1,1.0,1,1.0,1,0.1964223642693455,61
4445,0,9189,3604,5585,0,0,0,1.0,1,1.0,1,1.0,1,0.1964223642693455,61
4446,2,9191,3605,5586,0,0,0,1.0,1,1.0,1,1.0,1,0.21859741751900835,62
4447,0,9191,3605,5586,0,0,0,1.0,1,1.0,1,1.0,1,0.2063514871989324,63
4448,0,9191,3605,5586,0,0,0,1.0,1,1.0,1,1.0,1,0.2063514871989324,63
4449,1,9192,3606,5586,0,0,0,1.0,1,1.0,1,1.0,1,0.21249816233916058,63
4450,1,9193,3606,5587,0,0,0,1.0,1,1.0,1,1.0,1,0.21147873701449027,62
4451,0,9193,3606,5587,0,0,0,1.0,1,1.0,1,1.0,1,0.20861384934851965,63
4452,2,9195,3606,5589,0,0,0,1.0,1,1.0,1,1.0,1,0.20638985164818943,64
4453,1,9196,3606,5590,0,0,0,1.0,1,1.0,1,1.0,1,0.1940858288561116,65
4454,0,9196,3606,5590,0,0,0,1.0,1,1.0,1,1.0,1,0.17723141787876157,66
4455,0,9196,3606,5590,0,0,0,1.0,1,1.0,1,1.0,1,0.16379152450500187,67
4456,4,9200,3607,5593,0,0,0,1.0,1,1.0,1,1.0,1,0.14815758645475252,67
4457,0,9200,3607,5593,0,0,0,1.0,1,1.0,1,1.0,1,0.14519219272867195,65
4458,3,9203,3608,5595,0,0,0,1.0,1,1.0,1,1.0,1,0.15089779994084787,65
4459,5,9208,3611,5597,0,0,0,1.0,1,1.0,1,1.0,1,0.19726454615581754,64
4460,1,9209,3611,5598,0,0,0,1.0,1,1.0,1,1.0,1,0.22053546371592067,63
4461,2,9211,3613,5598,0,0,0,1.0,1,1.0,1,1.0,1,0.2351833532309601,62
4462,3,9214,3616,5598,0,0,0,1.0,1,1.0,1,1.0,1,0.2840260373860569,61
4463,7,9221,3619,5602,0,0,0,1.0,1,1.0,1,1.0,1,0.35045587492673036,61
4464,4,9225,3621,5604,0,0,0,1.0,1,1.0,1,1.0,1,0.3325850333276932,58
4465,7,9232,3621,5611,0,0,0,1.0,1,1.0,1,1.0,1,0.298771018894484,57
4466,6,9238,3624,5614,0,0,0,1.0,1,1.0,1,1.0,1,0.31968896626299415,54
4467,8,9246,3627,5619,0,0,0,1.0,1,1.0,1,1.0,1,0.27208740399898684,52
4468,1,9247,3627,5620,0,0,0,1.0,1,1.0,1,1.0,1,0.25737686479099015,52
4469,3,9250,3628,5622,0,0,0,1.0,1,1.0,1,1.0,1,0.2471210635238993,51
4470,1,9251,3629,5622,0,0,0,1.0,1,1.0,1,1.0,1,0.24740866512196405,51
4471,2,9253,3630,5623,0,0,0,1.0,1,1.0,1,1.0,1,0.2353944643826177,50
4472,3,9256,3631,5625,0,0,0,1.0,1,1.0,1,1.0,1,0.19125394214230848,48
4473,1,9257,3632,5625,0,0,0,1.0,1,1.0,1,1.0,1,0.18815914356115288,47
4474,4,9261,3636,5625,0,0,0,1.0,1,1.0,1,1.0,1,0.22854139663338266,49
4475,1,9262,3636,5626,0,0,0,1.0,1,1.0,1,1.0,1,0.2263722154689957,47
4476,1,9263,3637,5626,0,0,0,1.0,1,1.0,1,1.0,1,0.23637422965674176,49
4477,1,9264,3637,5627,0,0,0,1.0,1,1.0,1,1.0,1,0.2627277494769633,48
4478,0,9264,3637,5627,0,0,0,1.0,1,1.0,1,1.0,1,0.2627277494769633,48
4479,0,9264,3637,5627,0,0,0,1.0,1,1.0,1,1.0,1,0.2627277494769633,48
4480,1,9265,3637,5628,0,0,0,1.0,1,1.0,1,1.0,1,0.24802315256460272,49
4481,0,9265,3637,5628,0,0,0,1.0,1,1.0,1,1.0,1,0.25685823261484786,49
4482,1,9266,3637,5629,0,0,0,1.0,1,1.0,1,1.0,1,0.25086108846862953,49
4483,1,9267,3637,5630,0,0,0,1.0,1,1.0,1,1.0,1,0.2280819931462095,50
4484,2,9269,3638,5631,0,0,0,1.0,1,1.0,1,1.0,1,0.22216074287347726,52
4485,0,9269,3638,5631,0,0,0,1.0,1,1.0,1,1.0,1,0.23203731474216252,53
4486,2,9271,3639,5632,0,0,0,1.0,1,1.0,1,1.0,1,0.20537166876704613,55
4487,2,9273,3641,5632,0,0,0,1.0,1,1.0,1,1.0,1,0.21077222100290174,55
4488,2,9275,3643,5632,0,0,0,1.0,1,1.0,1,1.0,1,0.19339366420615492,54
4489,0,9275,3643,5632,0,0,0,1.0,1,1.0,1,1.0,1,0.22262241310948974,53
4490,0,9275,3643,5632,0,0,0,1.0,1,1.0,1,1.0,1,0.22262241310948974,53
4491,0,9275,3643,5632,0,0,0,1.0,1,1.0,1,1.0,1,0.22111394177931046,52
4492,0,9275,3643,5632,0,0,0,1.0,1,1.0,1,1.0,1,0.22111394177931046,52
4493,1,9276,3644,5632,0,0,0,1.0,1,1.0,1,1.0,1,0.2631300809155464,52
4494,0,9276,3644,5632,0,0,0,1.0,1,1.0,1,1.0,1,0.27230719333316483,53
4495,6,9282,3648,5634,0,0,0,1.0,1,1.0,1,1.0,1,0.3105649196212311,50
4496,5,9287,3650,5637,0,0,0,1.0,1,1.0,1,1.0,1,0.3138751500454249,51
4497,5,9292,3652,5640,0,0,0,1.0,1,1.0,1,1.0,1,0.29204465148983294,50
4498,2,9294,3654,5640,0,0,0,1.0,1,1.0,1,1.0,1,0.27007006006937323,49
4499,0,9294,3654,5640,0,0,0,1.0,1,1.0,1,1.0,1,0.2619776580937781,48
4500,2,9296,3656,5640,0,0,0,1.0,1,1.0,1,1.0,1,0.2635023143413626,48
4501,3,9299,3657,5642,0,0,0,1.0,1,1.0,1,1.0,1,0.2215402755603256,48
4502,1,9300,3657,5643,0,0,0,1.0,1,1.0,1,1.0,1,0.20636505884809586,49
4503,3,9303,3660,5643,0,0,0,1.0,1,1.0,1,1.0,1,0.2208650588198344,49
4504,1,9304,3661,5643,0,0,0,1.0,1,1.0,1,1.0,1,0.2465616412187356,45
4505,3,9307,3662,5645,0,0,0,1.0,1,1.0,1,1.0,1,0.22036523031579405,46
4506,6,9313,3666,5647,0,0,0,1.0,1,1.0,1,1.0,1,0.22578333596497938,45
4507,2,9315,3666,5649,0,0,0,1.0,1,1.0,1,1.0,1,0.24764835319580014,45
4508,5,9320,3668,5652,0,0,0,1.0,1,1.0,1,1.0,1,0.2050738451554995,43
4509,1,9321,3669,5652,0,0,0,1.0,1,1.0,1,1.0,1,0.21571331472633287,41
4510,1,9322,3669,5653,0,0,0,1.0,1,1.0,1,1.0,1,0.22200500531840056,42
4511,1,9323,3670,5653,0,0,0,1.0,1,1.0,1,1.0,1,0.2491380638400711,41
4512,0,9323,3670,5653,0,0,0,1.0,1,1.0,1,1.0,1,0.2491380638400711,41
4513,1,9324,3670,5654,0,0,0,1.0,1,1.0,1,1.0,1,0.2597034148392511,41
4514,3,9327,3673,5654,0,0,0,1.0,1,1.0,1,1.0,1,0.23140889876270723,42
4515,1,9328,3673,5655,0,0,0,1.0,1,1.0,1,1.0,1,0.25181436694294806,41
4516,0,9328,3673,5655,0,0,0,1.0,1,1.0,1,1.0,1,0.24525103115212596,42
4517,1,9329,3674,5655,0,0,0,1.0,1,1.0,1,1.0,1,0.27550184957296525,43
4518,0,9329,3674,5655,0,0,0,1.0,1,1.0,1,1.0,1,0.2765460144057958,42
4519,2,9331,3676,5655,0,0,0,1.0,1,1.0,1,1.0,1,0.3019451504824491,42
4520,0,9331,3676,5655,0,0,0,1.0,1,1.0,1,1.0,1,0.3438653044446783,42
4521,1,9332,3677,5655,0,0,0,1.0,1,1.0,1,1.0,1,0.37953040443403857,42
4522,2,9334,3679,5655,0,0,0,1.0,1,1.0,1,1.0,1,0.3400241004677638,42
4523,1,9335,3679,5656,0,0,0,1.0,1,1.0,1,1.0,1,0.33320320478428517,42
4524,1,9336,3680,5656,0,0,0,1.0,1,1.0,1,1.0,1,0.31364645221022514,43
4525,4,9340,3683,5657,0,0,0,1.0,1,1.0,1,1.0,1,0.2579262104264769,46
4526,2,9342,3685,5657,0,0,0,1.0,1,1.0,1,1.0,1,0.2566492355840565,46
4527,4,9346,3688,5658,0,0,0,1.0,1,1.0,1,1.0,1,0.3008665804521518,47
4528,3,9349,3688,5661,0,0,0,1.0,1,1.0,1,1.0,1,0.24909500558425948,49
4529,1,9350,3689,5661,0,0,0,1.0,1,1.0,1,1.0,1,0.24605719933464384,50
4530,2,9352,3690,5662,0,0,0,1.0,1,1.0,1,1.0,1,0.26357290915298154,51
4531,3,9355,3690,5665,0,0,0,1.0,1,1.0,1,1.0,1,0.19094572548610603,51
4532,2,9357,3691,5666,0,0,0,1.0,1,1.0,1,1.0,1,0.21469683585266627,51
4533,2,9359,3693,5666,0,0,0,1.0,1,1.0,1,1.0,1,0.2379914765859827,50
4534,2,9361,3693,5668,0,0,0,1.0,1,1.0,1,1.0,1,0.1855394447071523,51
4535,1,9362,3694,5668,0,0,0,1.0,1,1.0,1,1.0,1,0.2004001951877288,50
4536,1,9363,3694,5669,0,0,0,1.0,1,1.0,1,1.0,1,0.21905555540708868,48
4537,0,9363,3694,5669,0,0,0,1.0,1,1.0,1,1.0,1,0.2308006192441391,49
4538,2,9365,3695,5670,0,0,0,1.0,1,1.0,1,1.0,1,0.2364867820728513,48
4539,1,9366,3696,5670,0,0,0,1.0,1,1.0,1,1.0,1,0.3002914070782371,50
4540,1,9367,3697,5670,0,0,0,1.0,1,1.0,1,1.0,1,0.2684916622757305,49
4541,4,9371,3700,5671,0,0,0,1.0,1,1.0,1,1.0,1,0.30195356266047035,49
4542,4,9375,3703,5672,0,0,0,1.0,1,1.0,1,1.0,1,0.3348822682629644,47
4543,1,9376,3704,5672,0,0,0,1.0,1,1.0,1,1.0,1,0.34573007083578733,45
4544,1,9377,3705,5672,0,0,0,1.0,1,1.0,1,1.0,1,0.3588293052074785,45
4545,3,9380,3706,5674,0,0,0,1.0,1,1.0,1,1.0,1,0.3755911380167695,43
4546,2,9382,3706,5676,0,0,0,1.0,1,1.0,1,1.0,1,0.3429914815138066,43
4547,0,9382,3706,5676,0,0,0,1.0,1,1.0,1,1.0,1,0.3660231556931205,41
4548,2,9384,3707,5677,0,0,0,1.0,1,1.0,1,1.0,1,0.37954660753832026,42
4549,0,9384,3707,5677,0,0,0,1.0,1,1.0,1,1.0,1,0.3748270576688808,41
4550,2,9386,3709,5677,0,0,0,1.0,1,1.0,1,1.0,1,0.40023884673239263,41
4551,1,9387,3710,5677,0,0,0,1.0,1,1.0,1,1.0,1,0.41534200641977603,39
4552,0,9387,3710,5677,0,0,0,1.0,1,1.0,1,1.0,1,0.42257139046710057,38
4553,1,9388,3710,5678,0,0,0,1.0,1,1.0,1,1.0,1,0.42127032436058837,39
4554,1,9389,3711,5678,0,0,0,1.0,1,1.0,1,1.0,1,0.43513783204613954,38
4555,1,9390,3712,5678,0,0,0,1.0,1,1.0,1,1.0,1,0.4583065685811764,37
4556,1,9391,3713,5678,0,0,0,1.0,1,1.0,1,1.0,1,0.4605328976289334,36
4557,0,9391,3713,5678,0,0,0,1.0,1,1.0,1,1.0,1,0.44287469400568036,38
4558,2,9393,3714,5679,0,0,0,1.0,1,1.0,1,1.0,1,0.4334246657928193,39
4559,4,9397,3715,5682,0,0,0,1.0,1,1.0,1,1.0,1,0.4380047103173233,38
4560,3,9400,3716,5684,0,0,0,1.0,1,1.0,1,1.0,1,0.4569854494155602,41
4561,6,9406,3716,5690,0,0,0,1.0,1,1.0,1,1.0,1,0.3473725175280049,41
4562,3,9409,3717,5692,0,0,0,1.0,1,1.0,1,1.0,1,0.2984911182977305,43
4563,0,9409,3717,5692,0,0,0,1.0,1,1.0,1,1.0,1,0.28300638429771685,42
4564,0,9409,3717,5692,0,0,0,1.0,1,1.0,1,1.0,1,0.2939667940148926,43
4565,2,9411,3717,5694,0,0,0,1.0,1,1.0,1,1.0,1,0.26250202663078337,44
4566,4,9415,3717,5698,0,0,0,1.0,1,1.0,1,1.0,1,0.1995357271960591,45
4567,4,9419,3718,5701,0,0,0,1.0,1,1.0,1,1.0,1,0.1979155576969092,47
4568,0,9419,3718,5701,0,0,0,1.0,1,1.0,1,1.0,1,0.1979155576969092,47
4569,3,9422,3719,5703,0,0,0,1.0,1,1.0,1,1.0,1,0.18217942982986365,49
4570,1,9423,3720,5703,0,0,0,1.0,1,1.0,1,1.0,1,0.18283217366664758,49
4571,0,9423,3720,5703,0,0,0,1.0,1,1.0,1,1.0,1,0.20160331704038517,48
4572,0,9423,3720,5703,0,0,0,1.0,1,1.0,1,1.0,1,0.20160331704038517,48
4573,0,9423,3720,5703,0,0,0,1.0,1,1.0,1,1.0,1,0.20160331704038517,48
4574,0,9423,3720,5703,0,0,0,1.0,1,1.0,1,1.0,1,0.19034269265797685,50
4575,5,9428,3723,5705,0,0,0,1.0,1,1.0,1,1.0,1,0.19569633095031103,51
4576,2,9430,3724,5706,0,0,0,1.0,1,1.0,1,1.0,1,0.22714248500441203,48
4577,0,9430,3724,5706,0,0,0,1.0,1,1.0,1,1.0,1,0.23671087631745044,47
4578,2,9432,3725,5707,0,0,0,1.0,1,1.0,1,1.0,1,0.24056717542405465,46
4579,1,9433,3726,5707,0,0,0,1.0,1,1.0,1,1.0,1,0.24787923764386238,46
4580,0,9433,3726,5707,0,0,0,1.0,1,1.0,1,1.0,1,0.23572463197474713,47
4581,1,9434,3727,5707,0,0,0,1.0,1,1.0,1,1.0,1,0.2553306653671833,47
4582,1,9435,3727,5708,0,0,0,1.0,1,1.0,1,1.0,1,0.25960655814413997,48
4583,0,9435,3727,5708,0,0,0,1.0,1,1.0,1,1.0,1,0.25960655814413997,48
4584,0,9435,3727,5708,0,0,0,1.0,1,1.0,1,1.0,1,0.2798716407198028,50
4585,2,9437,3729,5708,0,0,0,1.0,1,1.0,1,1.0,1,0.3106267739639081,50
4586,0,9437,3729,5708,0,0,0,1.0,1,1.0,1,1.0,1,0.3106267739639081,50
4587,0,9437,3729,5708,0,0,0,1.0,1,1.0,1,1.0,1,0.3106267739639081,50
4588,0,9437,3729,5708,0,0,0,1.0,1,1.0,1,1.0,1,0.3106267739639081,50
4589,0,9437,3729,5708,0,0,0,1.0,1,1.0,1,1.0,1,0.3146938660585857,52
4590,0,9437,3729,5708,0,0,0,1.0,1,1.0,1,1.0,1,0.3146938660585857,52
4591,8,9445,3729,5716,0,0,0,1.0,1,1.0,1,1.0,1,0.2810433144743592,53
4592,5,9450,3729,5721,0,0,0,1.0,1,1.0,1,1.0,1,0.203174194484647,54
4593,0,9450,3729,5721,0,0,0,1.0,1,1.0,1,1.0,1,0.2021349081734051,56
4594,3,9453,3729,5724,0,0,0,1.0,1,1.0,1,1.0,1,0.20517160905835108,57
4595,0,9453,3729,5724,0,0,0,1.0,1,1.0,1,1.0,1,0.21593918195609424,56
4596,1,9454,3729,5725,0,0,0,1.0,1,1.0,1,1.0,1,0.21244330227160965,56
4597,1,9455,3730,5725,0,0,0,1.0,1,1.0,1,1.0,1,0.21390102033702738,56
4598,6,9461,3732,5729,0,0,0,1.0,1,1.0,1,1.0,1,0.2401699152645686,57
4599,5,9466,3732,5734,0,0,0,1.0,1,1.0,1,1.0,1,0.21615446391035167,59
4600,3,9469,3732,5737,0,0,0,1.0,1,1.0,1,1.0,1,0.20409358852486464,60
4601,5,9474,3733,5741,0,0,0,1.0,1,1.0,1,1.0,1,0.21626210037015559,60
4602,2,9476,3733,5743,0,0,0,1.0,1,1.0,1,1.0,1,0.21088201150074337,62
4603,4,9480,3733,5747,0,0,0,1.0,1,1.0,1,1.0,1,0.21088201150074337,62
4604,4,9484,3733,5751,0,0,0,1.0,1,1.0,1,1.0,1,0.20201157118019236,63
4605,4,9488,3733,5755,0,0,0,1.0,1,1.0,1,1.0,1,0.20201157118019236,63
4606,3,9491,3733,5758,0,0,0,1.0,1,1.0,1,1.0,1,0.18768488930521138,64
4607,3,9494,3733,5761,0,0,0,1.0,1,1.0,1,1.0,1,0.20475653660909546,65
4608,7,9501,3734,5767,0,0,0,1.0,1,1.0,1,1.0,1,0.22347544773839956,66
4609,7,9508,3735,5773,0,0,0,1.0,1,1.0,1,1.0,1,0.21152991427957657,65
4610,2,9510,3735,5775,0,0,0,1.0,1,1.0,1,1.0,1,0.22595177214601334,63
4611,7,9517,3736,5781,0,0,0,1.0,1,1.0,1,1.0,1,0.2377201506210813,64
4612,9,9526,3736,5790,0,0,0,1.0,1,1.0,1,1.0,1,0.27769811721063586,62
4613,6,9532,3737,5795,0,0,0,1.0,1,1.0,1,1.0,1,0.29874405916335595,63
4614,8,9540,3738,5802,0,0,0,1.0,1,1.0,1,1.0,1,0.2802868293453615,61
4615,6,9546,3739,5807,0,0,0,1.0,1,1.0,1,1.0,1,0.3163956043649584,59
4616,8,9554,3741,5813,0,0,0,1.0,1,1.0,1,1.0,1,0.3066279348780217,58
4617,3,9557,3741,5816,0,0,0,1.0,1,1.0,1,1.0,1,0.3236648338493652,58
4618,4,9561,3741,5820,0,0,0,1.0,1,1.0,1,1.0,1,0.335233869622848,57
4619,2,9563,3741,5822,0,0,0,1.0,1,1.0,1,1.0,1,0.3280270618866823,57
4620,2,9565,3741,5824,0,0,0,1.0,1,1.0,1,1.0,1,0.335233869622848,57
4621,5,9570,3742,5828,0,0,0,1.0,1,1.0,1,1.0,1,0.29869366089671195,59
4622,3,9573,3743,5830,0,0,0,1.0,1,1.0,1,1.0,1,0.2868131335715034,60
4623,1,9574,3744,5830,0,0,0,1.0,1,1.0,1,1.0,1,0.2973854303500591,59
4624,7,9581,3749,5832,0,0,0,1.0,1,1.0,1,1.0,1,0.2886501377820445,59
4625,1,9582,3750,5832,0,0,0,1.0,1,1.0,1,1.0,1,0.2929905666513171,57
4626,4,9586,3753,5833,0,0,0,1.0,1,1.0,1,1.0,1,0.3342253376481256,56
4627,2,9588,3754,5834,0,0,0,1.0,1,1.0,1,1.0,1,0.31529634781903476,56
4628,6,9594,3755,5839,0,0,0,1.0,1,1.0,1,1.0,1,0.2669571046904475,56
4629,0,9594,3755,5839,0,0,0,1.0,1,1.0,1,1.0,1,0.289073460382839,56
4630,1,9595,3756,5839,0,0,0,1.0,1,1.0,1,1.0,1,0.28446067250695867,57
4631,1,9596,3756,5840,0,0,0,1.0,1,1.0,1,1.0,1,0.3068911570660269,56
4632,1,9597,3757,5840,0,0,0,1.0,1,1.0,1,1.0,1,0.34630424765867107,57
4633,0,9597,3757,5840,0,0,0,1.0,1,1.0,1,1.0,1,0.33445544422610773,58
4634,0,9597,3757,5840,0,0,0,1.0,1,1.0,1,1.0,1,0.33445544422610773,58
4635,3,9600,3757,5843,0,0,0,1.0,1,1.0,1,1.0,1,0.29295416125684226,59
4636,0,9600,3757,5843,0,0,0,1.0,1,1.0,1,1.0,1,0.2710714539359114,60
4637,1,9601,3757,5844,0,0,0,1.0,1,1.0,1,1.0,1,0.2545874720462843,60
4638,2,9603,3757,5846,0,0,0,1.0,1,1.0,1,1.0,1,0.24419654129783738,61
4639,4,9607,3757,5850,0,0,0,1.0,1,1.0,1,1.0,1,0.2380897523089235,62
4640,2,9609,3757,5852,0,0,0,1.0,1,1.0,1,1.0,1,0.2594588142537085,63
4641,4,9613,3759,5854,0,0,0,1.0,1,1.0,1,1.0,1,0.2543532641262278,63
4642,2,9615,3759,5856,0,0,0,1.0,1,1.0,1,1.0,1,0.26813370444958423,62
4643,4,9619,3762,5857,0,0,0,1.0,1,1.0,1,1.0,1,0.2887201217656864,63
4644,3,9622,3762,5860,0,0,0,1.0,1,1.0,1,1.0,1,0.2984478760932746,62
4645,1,9623,3762,5861,0,0,0,1.0,1,1.0,1,1.0,1,0.30428217820835873,63
4646,4,9627,3764,5863,0,0,0,1.0,1,1.0,1,1.0,1,0.32686411481976224,63
4647,1,9628,3764,5864,0,0,0,1.0,1,1.0,1,1.0,1,0.3177725211956225,62
4648,1,9629,3765,5864,0,0,0,1.0,1,1.0,1,1.0,1,0.3600759045310664,63
4649,2,9631,3767,5864,0,0,0,1.0,1,1.0,1,1.0,1,0.32724005201500017,61
4650,0,9631,3767,5864,0,0,0,1.0,1,1.0,1,1.0,1,0.3099630069876019,63
4651,7,9638,3768,5870,0,0,0,1.0,1,1.0,1,1.0,1,0.22409487531944144,62
4652,2,9640,3768,5872,0,0,0,1.0,1,1.0,1,1.0,1,0.20859127209910522,59
4653,0,9640,3768,5872,0,0,0,1.0,1,1.0,1,1.0,1,0.22027515718561214,60
4654,3,9643,3770,5873,0,0,0,1.0,1,1.0,1,1.0,1,0.24308230272773834,60
4655,1,9644,3770,5874,0,0,0,1.0,1,1.0,1,1.0,1,0.23138891808750442,60
4656,4,9648,3772,5876,0,0,0,1.0,1,1.0,1,1.0,1,0.25534839987545477,61
4657,0,9648,3772,5876,0,0,0,1.0,1,1.0,1,1.0,1,0.2452864132675185,62
4658,3,9651,3774,5877,0,0,0,1.0,1,1.0,1,1.0,1,0.2777606983656551,62
4659,0,9651,3774,5877,0,0,0,1.0,1,1.0,1,1.0,1,0.2689545922805933,61
4660,4,9655,3775,5880,0,0,0,1.0,1,1.0,1,1.0,1,0.2917486954113509,61
4661,0,9655,3775,5880,0,0,0,1.0,1,1.0,1,1.0,1,0.30565264783092977,61
4662,1,9656,3776,5880,0,0,0,1.0,1,1.0,1,1.0,1,0.2888540794189765,62
4663,3,9659,3777,5882,0,0,0,1.0,1,1.0,1,1.0,1,0.26515219828474534,61
4664,3,9662,3778,5884,0,0,0,1.0,1,1.0,1,1.0,1,0.23587350242393565,62
4665,1,9663,3779,5884,0,0,0,1.0,1,1.0,1,1.0,1,0.24014072640341116,61
4666,3,9666,3781,5885,0,0,0,1.0,1,1.0,1,1.0,1,0.23981149551609113,61
4667,0,9666,3781,5885,0,0,0,1.0,1,1.0,1,1.0,1,0.24354749457140537,59
4668,4,9670,3784,5886,0,0,0,1.0,1,1.0,1,1.0,1,0.2530881305221158,59
4669,4,9674,3787,5887,0,0,0,1.0,1,1.0,1,1.0,1,0.25195540590513354,58
4670,3,9677,3790,5887,0,0,0,1.0,1,1.0,1,1.0,1,0.25788977251451706,57
4671,0,9677,3790,5887,0,0,0,1.0,1,1.0,1,1.0,1,0.24606316045067178,55
4672,2,9679,3792,5887,0,0,0,1.0,1,1.0,1,1.0,1,0.2572286023884202,56
4673,3,9682,3792,5890,0,0,0,1.0,1,1.0,1,1.0,1,0.20225959200170004,58
4674,2,9684,3793,5891,0,0,0,1.0,1,1.0,1,1.0,1,0.20712789728757966,58
4675,1,9685,3793,5892,0,0,0,1.0,1,1.0,1,1.0,1,0.2351154913002504,57
4676,2,9687,3795,5892,0,0,0,1.0,1,1.0,1,1.0,1,0.24640534782596518,58
4677,1,9688,3796,5892,0,0,0,1.0,1,1.0,1,1.0,1,0.24734238415370682,57
4678,3,9691,3799,5892,0,0,0,1.0,1,1.0,1,1.0,1,0.2553542737631092,57
4679,0,9691,3799,5892,0,0,0,1.0,1,1.0,1,1.0,1,0.2553542737631092,57
4680,2,9693,3800,5893,0,0,0,1.0,1,1.0,1,1.0,1,0.25582394938655806,59
4681,7,9700,3802,5898,0,0,0,1.0,1,1.0,1,1.0,1,0.24062802600015162,60
4682,4,9704,3804,5900,0,0,0,1.0,1,1.0,1,1.0,1,0.24250133813058422,60
4683,3,9707,3805,5902,0,0,0,1.0,1,1.0,1,1.0,1,0.2406130434724898,60
4684,4,9711,3806,5905,0,0,0,1.0,1,1.0,1,1.0,1,0.2563711927545365,60
4685,2,9713,3806,5907,0,0,0,1.0,1,1.0,1,1.0,1,0.27086461290301705,59
4686,4,9717,3807,5910,0,0,0,1.0,1,1.0,1,1.0,1,0.28492817000185444,60
4687,5,9722,3808,5914,0,0,0,1.0,1,1.0,1,1.0,1,0.29221546007860216,59
4688,4,9726,3809,5917,0,0,0,1.0,1,1.0,1,1.0,1,0.30813658637543184,59
4689,8,9734,3811,5923,0,0,0,1.0,1,1.0,1,1.0,1,0.3392388550669201,59
4690,5,9739,3812,5927,0,0,0,1.0,1,1.0,1,1.0,1,0.3347395148819783,58
4691,7,9746,3814,5932,0,0,0,1.0,1,1.0,1,1.0,1,0.3072540223694484,57
4692,4,9750,3814,5936,0,0,0,1.0,1,1.0,1,1.0,1,0.3170422201740658,58
4693,3,9753,3814,5939,0,0,0,1.0,1,1.0,1,1.0,1,0.31069394045036514,57
4694,5,9758,3814,5944,0,0,0,1.0,1,1.0,1,1.0,1,0.32692323391551276,57
4695,4,9762,3815,5947,0,0,0,1.0,1,1.0,1,1.0,1,0.3150388686294739,56
4696,2,9764,3815,5949,0,0,0,1.0,1,1.0,1,1.0,1,0.31673506846204164,57
4697,6,9770,3815,5955,0,0,0,1.0,1,1.0,1,1.0,1,0.3023701443485392,58
4698,3,9773,3816,5957,0,0,0,1.0,1,1.0,1,1.0,1,0.3144179129870131,59
4699,6,9779,3816,5963,0,0,0,1.0,1,1.0,1,1.0,1,0.31176222126696956,58
4700,4,9783,3816,5967,0,0,0,1.0,1,1.0,1,1.0,1,0.3026571301851581,59
4701,3,9786,3816,5970,0,0,0,1.0,1,1.0,1,1.0,1,0.3262622951249669,60
4702,7,9793,3816,5977,0,0,0,1.0,1,1.0,1,1.0,1,0.3228512241700168,61
4703,4,9797,3816,5981,0,0,0,1.0,1,1.0,1,1.0,1,0.30316815565992067,59
4704,1,9798,3816,5982,0,0,0,1.0,1,1.0,1,1.0,1,0.3056001321656264,58
4705,1,9799,3817,5982,0,0,0,1.0,1,1.0,1,1.0,1,0.35608242389430045,58
4706,1,9800,3818,5982,0,0,0,1.0,1,1.0,1,1.0,1,0.34458603871263915,60
4707,2,9802,3819,5983,0,0,0,1.0,1,1.0,1,1.0,1,0.38116255880387284,57
4708,2,9804,3819,5985,0,0,0,1.0,1,1.0,1,1.0,1,0.3782588963564394,57
4709,6,9810,3822,5988,0,0,0,1.0,1,1.0,1,1.0,1,0.39549256778432706,55
4710,2,9812,3823,5989,0,0,0,1.0,1,1.0,1,1.0,1,0.43124794457064397,53
4711,9,9821,3824,5997,0,0,0,1.0,1,1.0,1,1.0,1,0.3500760856204174,52
4712,1,9822,3825,5997,0,0,0,1.0,1,1.0,1,1.0,1,0.36165887243214095,52
4713,1,9823,3826,5997,0,0,0,1.0,1,1.0,1,1.0,1,0.3749934020709723,51
4714,0,9823,3826,5997,0,0,0,1.0,1,1.0,1,1.0,1,0.3811598928996553,50
4715,3,9826,3827,5999,0,0,0,1.0,1,1.0,1,1.0,1,0.3877256842496522,50
4716,4,9830,3828,6002,0,0,0,1.0,1,1.0,1,1.0,1,0.3629788956988785,49
4717,2,9832,3830,6002,0,0,0,1.0,1,1.0,1,1.0,1,0.3852910361839106,49
4718,2,9834,3830,6004,0,0,0,1.0,1,1.0,1,1.0,1,0.374486670701545,50
4719,3,9837,3830,6007,0,0,0,1.0,1,1.0,1,1.0,1,0.3328352552558503,49
4720,1,9838,3830,6008,0,0,0,1.0,1,1.0,1,1.0,1,0.32364744186232564,49
4721,1,9839,3830,6009,0,0,0,1.0,1,1.0,1,1.0,1,0.3016587690539034,50
4722,0,9839,3830,6009,0,0,0,1.0,1,1.0,1,1.0,1,0.31507134019320016,51
4723,1,9840,3830,6010,0,0,0,1.0,1,1.0,1,1.0,1,0.27160927270814905,50
4724,3,9843,3833,6010,0,0,0,1.0,1,1.0,1,1.0,1,0.24654822860108108,50
4725,4,9847,3835,6012,0,0,0,1.0,1,1.0,1,1.0,1,0.26422209420551407,52
4726,2,9849,3836,6013,0,0,0,1.0,1,1.0,1,1.0,1,0.29800486231472584,51
4727,1,9850,3836,6014,0,0,0,1.0,1,1.0,1,1.0,1,0.2972806096842919,52
4728,0,9850,3836,6014,0,0,0,1.0,1,1.0,1,1.0,1,0.2972806096842919,52
4729,0,9850,3836,6014,0,0,0,1.0,1,1.0,1,1.0,1,0.2972806096842919,52
4730,1,9851,3837,6014,0,0,0,1.0,1,1.0,1,1.0,1,0.317237696792717,50
4731,2,9853,3839,6014,0,0,0,1.0,1,1.0,1,1.0,1,0.26776597694358223,51
4732,4,9857,3840,6017,0,0,0,1.0,1,1.0,1,1.0,1,0.2640205197041415,52
4733,5,9862,3843,6019,0,0,0,1.0,1,1.0,1,1.0,1,0.302493917341377,53
4734,1,9863,3843,6020,0,0,0,1.0,1,1.0,1,1.0,1,0.2978040340979482,53
4735,1,9864,3843,6021,0,0,0,1.0,1,1.0,1,1.0,1,0.2987662889385426,53
4736,1,9865,3844,6021,0,0,0,1.0,1,1.0,1,1.0,1,0.31599961812994226,55
4737,2,9867,3845,6022,0,0,0,1.0,1,1.0,1,1.0,1,0.29395642383834525,57
4738,2,9869,3846,6023,0,0,0,1.0,1,1.0,1,1.0,1,0.28810047764690283,57
4739,1,9870,3846,6024,0,0,0,1.0,1,1.0,1,1.0,1,0.2836679811199243,57
4740,0,9870,3846,6024,0,0,0,1.0,1,1.0,1,1.0,1,0.2836679811199243,57
4741,1,9871,3846,6025,0,0,0,1.0,1,1.0,1,1.0,1,0.277801993037414,58
4742,0,9871,3846,6025,0,0,0,1.0,1,1.0,1,1.0,1,0.277801993037414,58
4743,2,9873,3846,6027,0,0,0,1.0,1,1.0,1,1.0,1,0.24712345087653362,56
4744,3,9876,3849,6027,0,0,0,1.0,1,1.0,1,1.0,1,0.2401190853072421,57
4745,1,9877,3850,6027,0,0,0,1.0,1,1.0,1,1.0,1,0.23570601399944363,56
4746,5,9882,3853,6029,0,0,0,1.0,1,1.0,1,1.0,1,0.2527846758229434,56
4747,2,9884,3854,6030,0,0,0,1.0,1,1.0,1,1.0,1,0.25348890939125973,55
4748,3,9887,3856,6031,0,0,0,1.0,1,1.0,1,1.0,1,0.28804702120770576,55
4749,2,9889,3857,6032,0,0,0,1.0,1,1.0,1,1.0,1,0.29693706391779173,54
4750,2,9891,3859,6032,0,0,0,1.0,1,1.0,1,1.0,1,0.292680371112542,53
4751,2,9893,3859,6034,0,0,0,1.0,1,1.0,1,1.0,1,0.2969901951205478,53
4752,3,9896,3861,6035,0,0,0,1.0,1,1.0,1,1.0,1,0.24553690438288528,53
4753,0,9896,3861,6035,0,0,0,1.0,1,1.0,1,1.0,1,0.2516462977680424,52
4754,1,9897,3861,6036,0,0,0,1.0,1,1.0,1,1.0,1,0.2521027883108841,52
4755,0,9897,3861,6036,0,0,0,1.0,1,1.0,1,1.0,1,0.26219106212950033,51
4756,0,9897,3861,6036,0,0,0,1.0,1,1.0,1,1.0,1,0.27014509569701367,52
4757,0,9897,3861,6036,0,0,0,1.0,1,1.0,1,1.0,1,0.26952980596368775,51
4758,0,9897,3861,6036,0,0,0,1.0,1,1.0,1,1.0,1,0.26952980596368775,51
4759,3,9900,3862,6038,0,0,0,1.0,1,1.0,1,1.0,1,0.2670289560681716,51
4760,0,9900,3862,6038,0,0,0,1.0,1,1.0,1,1.0,1,0.2693895284139708,52
4761,4,9904,3863,6041,0,0,0,1.0,1,1.0,1,1.0,1,0.29390080232254295,50
4762,3,9907,3866,6041,0,0,0,1.0,1,1.0,1,1.0,1,0.2993240011957962,51
4763,5,9912,3867,6045,0,0,0,1.0,1,1.0,1,1.0,1,0.2860306088295865,51
4764,2,9914,3867,6047,0,0,0,1.0,1,1.0,1,1.0,1,0.2779694367461477,53
4765,3,9917,3868,6049,0,0,0,1.0,1,1.0,1,1.0,1,0.2790096182523342,53
4766,1,9918,3869,6049,0,0,0,1.0,1,1.0,1,1.0,1,0.28235384836340927,55
4767,3,9921,3870,6051,0,0,0,1.0,1,1.0,1,1.0,1,0.26675468181417705,56
4768,3,9924,3870,6054,0,0,0,1.0,1,1.0,1,1.0,1,0.25174590135422353,56
4769,5,9929,3871,6058,0,0,0,1.0,1,1.0,1,1.0,1,0.24753243755183776,56
4770,3,9932,3871,6061,0,0,0,1.0,1,1.0,1,1.0,1,0.22996243063084681,56
4771,1,9933,3871,6062,0,0,0,1.0,1,1.0,1,1.0,1,0.22098842058770657,55
4772,4,9937,3872,6065,0,0,0,1.0,1,1.0,1,1.0,1,0.18666215414394863,56
4773,1,9938,3872,6066,0,0,0,1.0,1,1.0,1,1.0,1,0.18195162941629975,56
4774,2,9940,3872,6068,0,0,0,1.0,1,1.0,1,1.0,1,0.13039737329858161,58
4775,0,9940,3872,6068,0,0,0,1.0,1,1.0,1,1.0,1,0.13544306025242714,59
4776,2,9942,3872,6070,0,0,0,1.0,1,1.0,1,1.0,1,0.10954113969424482,59
4777,2,9944,3873,6071,0,0,0,1.0,1,1.0,1,1.0,1,0.10158399403982844,60
4778,1,9945,3873,6072,0,0,0,1.0,1,1.0,1,1.0,1,0.1056807461845946,60
4779,2,9947,3873,6074,0,0,0,1.0,1,1.0,1,1.0,1,0.11896004737172627,61
4780,3,9950,3873,6077,0,0,0,1.0,1,1.0,1,1.0,1,0.14360590756566785,63
4781,1,9951,3873,6078,0,0,0,1.0,1,1.0,1,1.0,1,0.14794991112739145,62
4782,4,9955,3875,6080,0,0,0,1.0,1,1.0,1,1.0,1,0.15584995561430304,63
4783,1,9956,3876,6080,0,0,0,1.0,1,1.0,1,1.0,1,0.14915389371137722,62
4784,6,9962,3879,6083,0,0,0,1.0,1,1.0,1,1.0,1,0.13845892391695241,62
4785,4,9966,3882,6084,0,0,0,1.0,1,1.0,1,1.0,1,0.17004720967267217,62
4786,5,9971,3884,6087,0,0,0,1.0,1,1.0,1,1.0,1,0.1204840404083069,63
4787,5,9976,3887,6089,0,0,0,1.0,1,1.0,1,1.0,1,0.14863116182219965,62
4788,4,9980,3889,6091,0,0,0,1.0,1,1.0,1,1.0,1,0.12703337848308985,62
4789,4,9984,3892,6092,0,0,0,1.0,1,1.0,1,1.0,1,0.14313644591130595,60
4790,5,9989,3896,6093,0,0,0,1.0,1,1.0,1,1.0,1,0.17312664988903645,61
4791,5,9994,3897,6097,0,0,0,1.0,1,1.0,1,1.0,1,0.1790586137404535,60
4792,4,9998,3899,6099,0,0,0,1.0,1,1.0,1,1.0,1,0.19472588820193812,60
4793,3,10001,3900,6101,0,0,0,1.0,1,1.0,1,1.0,1,0.17621728537232786,61
4794,5,10006,3903,6103,0,0,0,1.0,1,1.0,1,1.0,1,0.13841090830648892,59
4795,5,10011,3903,6108,0,0,0,1.0,1,1.0,1,1.0,1,0.11229742618663524,61
4796,6,10017,3905,6112,0,0,0,1.0,1,1.0,1,1.0,1,0.10816136631891929,59
4797,3,10020,3905,6115,0,0,0,1.0,1,1.0,1,1.0,1,0.12380659287413044,58
4798,3,10023,3905,6118,0,0,0,1.0,1,1.0,1,1.0,1,0.1249725979310705,59
4799,4,10027,3905,6122,0,0,0,1.0,1,1.0,1,1.0,1,0.1530798397235034,57
4800,5,10032,3906,6126,0,0,0,1.0,1,1.0,1,1.0,1,0.1591486947647688,58
4801,4,10036,3907,6129,0,0,0,1.0,1,1.0,1,1.0,1,0.10530985722103814,57
4802,1,10037,3908,6129,0,0,0,1.0,1,1.0,1,1.0,1,0.12415203189010214,57
4803,1,10038,3909,6129,0,0,0,1.0,1,1.0,1,1.0,1,0.10163810652082311,56
4804,0,10038,3909,6129,0,0,0,1.0,1,1.0,1,1.0,1,0.11346038997424172,54
4805,1,10039,3909,6130,0,0,0,1.0,1,1.0,1,1.0,1,0.10217819461985576,56
4806,0,10039,3909,6130,0,0,0,1.0,1,1.0,1,1.0,1,0.09717500143461973,55
4807,2,10041,3911,6130,0,0,0,1.0,1,1.0,1,1.0,1,0.10250336797110043,54
4808,0,10041,3911,6130,0,0,0,1.0,1,1.0,1,1.0,1,0.12098438377648231,53
4809,1,10042,3912,6130,0,0,0,1.0,1,1.0,1,1.0,1,0.14901248332558778,53
4810,0,10042,3912,6130,0,0,0,1.0,1,1.0,1,1.0,1,0.1562350319231489,51
4811,1,10043,3913,6130,0,0,0,1.0,1,1.0,1,1.0,1,0.1601070991700907,52
4812,0,10043,3913,6130,0,0,0,1.0,1,1.0,1,1.0,1,0.16226683693226782,52
4813,0,10043,3913,6130,0,0,0,1.0,1,1.0,1,1.0,1,0.16226683693226782,52
4814,4,10047,3917,6130,0,0,0,1.0,1,1.0,1,1.0,1,0.18605855571064084,53
4815,4,10051,3921,6130,0,0,0,1.0,1,1.0,1,1.0,1,0.20054862688639347,54
4816,1,10052,3922,6130,0,0,0,1.0,1,1.0,1,1.0,1,0.20406432664774277,54
4817,7,10059,3926,6133,0,0,0,1.0,1,1.0,1,1.0,1,0.2905257156817111,55
4818,7,10066,3929,6137,0,0,0,1.0,1,1.0,1,1.0,1,0.2546164663339407,55
4819,3,10069,3930,6139,0,0,0,1.0,1,1.0,1,1.0,1,0.27467962337447377,55
4820,4,10073,3932,6141,0,0,0,1.0,1,1.0,1,1.0,1,0.27585470164511844,55
4821,3,10076,3934,6142,0,0,0,1.0,1,1.0,1,1.0,1,0.29555543156829356,55
4822,2,10078,3935,6143,0,0,0,1.0,1,1.0,1,1.0,1,0.27271563784541364,54
4823,1,10079,3935,6144,0,0,0,1.0,1,1.0,1,1.0,1,0.24079153367936432,54
4824,2,10081,3937,6144,0,0,0,1.0,1,1.0,1,1.0,1,0.21861976427929966,55
4825,1,10082,3938,6144,0,0,0,1.0,1,1.0,1,1.0,1,0.2558813455481429,53
4826,3,10085,3940,6145,0,0,0,1.0,1,1.0,1,1.0,1,0.24888781413624908,54
4827,2,10087,3942,6145,0,0,0,1.0,1,1.0,1,1.0,1,0.27637791175611454,53
4828,2,10089,3943,6146,0,0,0,1.0,1,1.0,1,1.0,1,0.2609979177432654,54
4829,0,10089,3943,6146,0,0,0,1.0,1,1.0,1,1.0,1,0.25750894725055246,54
4830,2,10091,3945,6146,0,0,0,1.0,1,1.0,1,1.0,1,0.2537128853580804,53
4831,8,10099,3947,6152,0,0,0,1.0,1,1.0,1,1.0,1,0.17711783543932685,52
4832,0,10099,3947,6152,0,0,0,1.0,1,1.0,1,1.0,1,0.18785721312063366,50
4833,1,10100,3947,6153,0,0,0,1.0,1,1.0,1,1.0,1,0.1857007716887434,51
4834,2,10102,3948,6154,0,0,0,1.0,1,1.0,1,1.0,1,0.2172651896755643,51
4835,0,10102,3948,6154,0,0,0,1.0,1,1.0,1,1.0,1,0.20735600379137398,50
4836,1,10103,3949,6154,0,0,0,1.0,1,1.0,1,1.0,1,0.25328477538407945,50
4837,4,10107,3951,6156,0,0,0,1.0,1,1.0,1,1.0,1,0.24163125193561164,46
4838,3,10110,3953,6157,0,0,0,1.0,1,1.0,1,1.0,1,0.275115649641917,47
4839,2,10112,3955,6157,0,0,0,1.0,1,1.0,1,1.0,1,0.33076766920553724,45
4840,0,10112,3955,6157,0,0,0,1.0,1,1.0,1,1.0,1,0.33076766920553724,45
4841,1,10113,3956,6157,0,0,0,1.0,1,1.0,1,1.0,1,0.3248239432457819,43
4842,0,10113,3956,6157,0,0,0,1.0,1,1.0,1,1.0,1,0.30721443657562675,43
4843,3,10116,3956,6160,0,0,0,1.0,1,1.0,1,1.0,1,0.2836948845844601,44
4844,2,10118,3956,6162,0,0,0,1.0,1,1.0,1,1.0,1,0.30317692632186644,43
4845,1,10119,3957,6162,0,0,0,1.0,1,1.0,1,1.0,1,0.3322898751864523,44
4846,0,10119,3957,6162,0,0,0,1.0,1,1.0,1,1.0,1,0.31368121853025255,43
4847,1,10120,3958,6162,0,0,0,1.0,1,1.0,1,1.0,1,0.32371349249320436,42
4848,2,10122,3959,6163,0,0,0,1.0,1,1.0,1,1.0,1,0.3190602987501206,41
4849,1,10123,3959,6164,0,0,0,1.0,1,1.0,1,1.0,1,0.2687165875241022,41
4850,0,10123,3959,6164,0,0,0,1.0,1,1.0,1,1.0,1,0.3135096575815692,41
4851,0,10123,3959,6164,0,0,0,1.0,1,1.0,1,1.0,1,0.3135096575815692,41
4852,1,10124,3959,6165,0,0,0,1.0,1,1.0,1,1.0,1,0.31611976115821794,43
4853,1,10125,3960,6165,0,0,0,1.0,1,1.0,1,1.0,1,0.3139256592968328,44
4854,1,10126,3961,6165,0,0,0,1.0,1,1.0,1,1.0,1,0.3317908631153406,45
4855,1,10127,3962,6165,0,0,0,1.0,1,1.0,1,1.0,1,0.31085823125921663,44
4856,0,10127,3962,6165,0,0,0,1.0,1,1.0,1,1.0,1,0.31085823125921663,44
4857,0,10127,3962,6165,0,0,0,1.0,1,1.0,1,1.0,1,0.3289974868872075,44
4858,1,10128,3962,6166,0,0,0,1.0,1,1.0,1,1.0,1,0.3320777536295657,45
4859,0,10128,3962,6166,0,0,0,1.0,1,1.0,1,1.0,1,0.3294311130723502,46
4860,0,10128,3962,6166,0,0,0,1.0,1,1.0,1,1.0,1,0.3294311130723502,46
4861,2,10130,3962,6168,0,0,0,1.0,1,1.0,1,1.0,1,0.2795656276475521,46
4862,2,10132,3962,6170,0,0,0,1.0,1,1.0,1,1.0,1,0.26599396319996016,47
4863,1,10133,3963,6170,0,0,0,1.0,1,1.0,1,1.0,1,0.2808257301937376,47
4864,0,10133,3963,6170,0,0,0,1.0,1,1.0,1,1.0,1,0.28120699648283987,47
4865,2,10135,3963,6172,0,0,0,1.0,1,1.0,1,1.0,1,0.2541629721566295,48
4866,2,10137,3964,6173,0,0,0,1.0,1,1.0,1,1.0,1,0.24911205518333757,49
4867,1,10138,3964,6174,0,0,0,1.0,1,1.0,1,1.0,1,0.22835163560789806,50
4868,3,10141,3966,6175,0,0,0,1.0,1,1.0,1,1.0,1,0.20508358885164055,50
4869,0,10141,3966,6175,0,0,0,1.0,1,1.0,1,1.0,1,0.20508358885164055,50
4870,5,10146,3969,6177,0,0,0,1.0,1,1.0,1,1.0,1,0.2515223403065219,52
4871,0,10146,3969,6177,0,0,0,1.0,1,1.0,1,1.0,1,0.2515223403065219,52
4872,1,10147,3969,6178,0,0,0,1.0,1,1.0,1,1.0,1,0.22118537872773772,53
4873,4,10151,3971,6180,0,0,0,1.0,1,1.0,1,1.0,1,0.23715433978294542,55
4874,11,10162,3974,6188,0,0,0,1.0,1,1.0,1,1.0,1,0.20581285922894968,56
4875,2,10164,3976,6188,0,0,0,1.0,1,1.0,1,1.0,1,0.23876637074186627,55
4876,2,10166,3976,6190,0,0,0,1.0,1,1.0,1,1.0,1,0.1973060483265537,55
4877,1,10167,3977,6190,0,0,0,1.0,1,1.0,1,1.0,1,0.2141861991392247,54
4878,0,10167,3977,6190,0,0,0,1.0,1,1.0,1,1.0,1,0.2046815148885503,53
4879,2,10169,3978,6191,0,0,0,1.0,1,1.0,1,1.0,1,0.19891039212974276,54
4880,2,10171,3978,6193,0,0,0,1.0,1,1.0,1,1.0,1,0.20704605229772632,54
4881,1,10172,3979,6193,0,0,0,1.0,1,1.0,1,1.0,1,0.20500396779134367,53
4882,3,10175,3980,6195,0,0,0,1.0,1,1.0,1,1.0,1,0.19678200127468404,53
4883,0,10175,3980,6195,0,0,0,1.0,1,1.0,1,1.0,1,0.20968929388272695,53
4884,1,10176,3981,6195,0,0,0,1.0,1,1.0,1,1.0,1,0.25142234057091134,51
4885,1,10177,3982,6195,0,0,0,1.0,1,1.0,1,1.0,1,0.27614374051895935,50
4886,0,10177,3982,6195,0,0,0,1.0,1,1.0,1,1.0,1,0.26019603969353605,48
4887,0,10177,3982,6195,0,0,0,1.0,1,1.0,1,1.0,1,0.26019603969353605,48
4888,2,10179,3983,6196,0,0,0,1.0,1,1.0,1,1.0,1,0.2716183840616027,48
4889,0,10179,3983,6196,0,0,0,1.0,1,1.0,1,1.0,1,0.2716183840616027,48
4890,2,10181,3984,6197,0,0,0,1.0,1,1.0,1,1.0,1,0.2758850726642814,49
4891,3,10184,3985,6199,0,0,0,1.0,1,1.0,1,1.0,1,0.28672215873230056,50
4892,1,10185,3985,6200,0,0,0,1.0,1,1.0,1,1.0,1,0.2974377210274095,49
4893,0,10185,3985,6200,0,0,0,1.0,1,1.0,1,1.0,1,0.3017782858610029,50
4894,0,10185,3985,6200,0,0,0,1.0,1,1.0,1,1.0,1,0.2939184376708914,51
4895,2,10187,3985,6202,0,0,0,1.0,1,1.0,1,1.0,1,0.2894469020653601,52
4896,3,10190,3987,6203,0,0,0,1.0,1,1.0,1,1.0,1,0.26229477832428694,53
4897,0,10190,3987,6203,0,0,0,1.0,1,1.0,1,1.0,1,0.26229477832428694,53
4898,2,10192,3989,6203,0,0,0,1.0,1,1.0,1,1.0,1,0.2358662585736324,53
4899,2,10194,3991,6203,0,0,0,1.0,1,1.0,1,1.0,1,0.21071139210511672,55
4900,2,10196,3992,6204,0,0,0,1.0,1,1.0,1,1.0,1,0.19609440690442942,55
4901,2,10198,3993,6205,0,0,0,1.0,1,1.0,1,1.0,1,0.2020709231545944,56
4902,5,10203,3994,6209,0,0,0,1.0,1,1.0,1,1.0,1,0.2326622081604285,58
4903,4,10207,3996,6211,0,0,0,1.0,1,1.0,1,1.0,1,0.21708121482912893,58
4904,7,10214,3999,6215,0,0,0,1.0,1,1.0,1,1.0,1,0.23727061513540879,57
4905,5,10219,3999,6220,0,0,0,1.0,1,1.0,1,1.0,1,0.23195090763149256,54
4906,8,10227,4000,6227,0,0,0,1.0,1,1.0,1,1.0,1,0.22368924050003675,55
4907,5,10232,4000,6232,0,0,0,1.0,1,1.0,1,1.0,1,0.23704406086437627,52
4908,7,10239,4002,6237,0,0,0,1.0,1,1.0,1,1.0,1,0.24448970013412008,53
4909,4,10243,4002,6241,0,0,0,1.0,1,1.0,1,1.0,1,0.2501454777434732,52
4910,5,10248,4003,6245,0,0,0,1.0,1,1.0,1,1.0,1,0.2902716564233925,53
4911,3,10251,4003,6248,0,0,0,1.0,1,1.0,1,1.0,1,0.2696511384285506,55
4912,3,10254,4004,6250,0,0,0,1.0,1,1.0,1,1.0,1,0.2706088275867613,54
4913,0,10254,4004,6250,0,0,0,1.0,1,1.0,1,1.0,1,0.26221222486252344,53
4914,2,10256,4005,6251,0,0,0,1.0,1,1.0,1,1.0,1,0.2464536681890112,53
4915,7,10263,4007,6256,0,0,0,1.0,1,1.0,1,1.0,1,0.2443690923256172,54
4916,0,10263,4007,6256,0,0,0,1.0,1,1.0,1,1.0,1,0.25611237223403677,52
4917,1,10264,4008,6256,0,0,0,1.0,1,1.0,1,1.0,1,0.24755193034227627,52
4918,3,10267,4009,6258,0,0,0,1.0,1,1.0,1,1.0,1,0.2662205170812648,51
4919,0,10267,4009,6258,0,0,0,1.0,1,1.0,1,1.0,1,0.29156014052054896,50
4920,1,10268,4009,6259,0,0,0,1.0,1,1.0,1,1.0,1,0.2895069167809782,51
4921,5,10273,4009,6264,0,0,0,1.0,1,1.0,1,1.0,1,0.20510186297913768,51
4922,6,10279,4010,6269,0,0,0,1.0,1,1.0,1,1.0,1,0.18618131225353302,53
4923,0,10279,4010,6269,0,0,0,1.0,1,1.0,1,1.0,1,0.18618131225353302,53
4924,0,10279,4010,6269,0,0,0,1.0,1,1.0,1,1.0,1,0.1884065028019145,55
4925,2,10281,4012,6269,0,0,0,1.0,1,1.0,1,1.0,1,0.1884083749249203,56
4926,0,10281,4012,6269,0,0,0,1.0,1,1.0,1,1.0,1,0.17863223305483977,55
4927,2,10283,4014,6269,0,0,0,1.0,1,1.0,1,1.0,1,0.18691981028912225,55
4928,0,10283,4014,6269,0,0,0,1.0,1,1.0,1,1.0,1,0.18691981028912225,55
4929,1,10284,4014,6270,0,0,0,1.0,1,1.0,1,1.0,1,0.15642322972269534,56
4930,2,10286,4015,6271,0,0,0,1.0,1,1.0,1,1.0,1,0.18542796866894193,58
4931,2,10288,4015,6273,0,0,0,1.0,1,1.0,1,1.0,1,0.14952293104603276,59
4932,0,10288,4015,6273,0,0,0,1.0,1,1.0,1,1.0,1,0.1577545229342648,60
4933,0,10288,4015,6273,0,0,0,1.0,1,1.0,1,1.0,1,0.1577545229342648,60
4934,1,10289,4016,6273,0,0,0,1.0,1,1.0,1,1.0,1,0.18574946371483372,60
4935,3,10292,4016,6276,0,0,0,1.0,1,1.0,1,1.0,1,0.1661291591685855,60
4936,1,10293,4017,6276,0,0,0,1.0,1,1.0,1,1.0,1,0.18643079760840983,61
4937,2,10295,4018,6277,0,0,0,1.0,1,1.0,1,1.0,1,0.22653213886790174,62
4938,1,10296,4018,6278,0,0,0,1.0,1,1.0,1,1.0,1,0.2200748793812397,62
4939,5,10301,4020,6281,0,0,0,1.0,1,1.0,1,1.0,1,0.1981233291606168,64
4940,4,10305,4020,6285,0,0,0,1.0,1,1.0,1,1.0,1,0.19799712834811117,67
4941,4,10309,4020,6289,0,0,0,1.0,1,1.0,1,1.0,1,0.2112084759992858,66
4942,2,10311,4021,6290,0,0,0,1.0,1,1.0,1,1.0,1,0.23087134400755227,67
4943,1,10312,4021,6291,0,0,0,1.0,1,1.0,1,1.0,1,0.22958730340052072,65
4944,5,10317,4023,6294,0,0,0,1.0,1,1.0,1,1.0,1,0.24357929118920849,65
4945,4,10321,4026,6295,0,0,0,1.0,1,1.0,1,1.0,1,0.26495535716133034,62
4946,2,10323,4027,6296,0,0,0,1.0,1,1.0,1,1.0,1,0.2488919844952752,61
4947,2,10325,4029,6296,0,0,0,1.0,1,1.0,1,1.0,1,0.29382743848106607,59
4948,3,10328,4030,6298,0,0,0,1.0,1,1.0,1,1.0,1,0.2806455941435894,59
4949,2,10330,4030,6300,0,0,0,1.0,1,1.0,1,1.0,1,0.2615452431344498,57
4950,8,10338,4035,6303,0,0,0,1.0,1,1.0,1,1.0,1,0.19657311382782822,58
4951,7,10345,4039,6306,0,0,0,1.0,1,1.0,1,1.0,1,0.14581793373533208,55
4952,3,10348,4042,6306,0,0,0,1.0,1,1.0,1,1.0,1,0.1671849059902347,53
4953,5,10353,4046,6307,0,0,0,1.0,1,1.0,1,1.0,1,0.166410869359447,54
4954,1,10354,4046,6308,0,0,0,1.0,1,1.0,1,1.0,1,0.12589880790115268,52
4955,1,10355,4047,6308,0,0,0,1.0,1,1.0,1,1.0,1,0.13657802938985827,51
4956,0,10355,4047,6308,0,0,0,1.0,1,1.0,1,1.0,1,0.19343026011138142,47
4957,2,10357,4048,6309,0,0,0,1.0,1,1.0,1,1.0,1,0.17575097522733965,48
4958,0,10357,4048,6309,0,0,0,1.0,1,1.0,1,1.0,1,0.17927516573922414,47
4959,0,10357,4048,6309,0,0,0,1.0,1,1.0,1,1.0,1,0.17927516573922414,47
4960,0,10357,4048,6309,0,0,0,1.0,1,1.0,1,1.0,1,0.1704131830467145,48
4961,1,10358,4049,6309,0,0,0,1.0,1,1.0,1,1.0,1,0.17492036982323264,49
4962,0,10358,4049,6309,0,0,0,1.0,1,1.0,1,1.0,1,0.17492036982323264,49
4963,2,10360,4050,6310,0,0,0,1.0,1,1.0,1,1.0,1,0.17493271342410044,51
4964,3,10363,4052,6311,0,0,0,1.0,1,1.0,1,1.0,1,0.20882728005576887,51
4965,0,10363,4052,6311,0,0,0,1.0,1,1.0,1,1.0,1,0.20882728005576887,51
4966,0,10363,4052,6311,0,0,0,1.0,1,1.0,1,1.0,1,0.20882728005576887,51
4967,2,10365,4054,6311,0,0,0,1.0,1,1.0,1,1.0,1,0.21467839245858186,51
4968,2,10367,4055,6312,0,0,0,1.0,1,1.0,1,1.0,1,0.20520748324260996,52
4969,2,10369,4057,6312,0,0,0,1.0,1,1.0,1,1.0,1,0.24469957716272206,53
4970,4,10373,4059,6314,0,0,0,1.0,1,1.0,1,1.0,1,0.2876193433317675,54
4971,8,10381,4060,6321,0,0,0,1.0,1,1.0,1,1.0,1,0.27145746868231396,55
4972,7,10388,4060,6328,0,0,0,1.0,1,1.0,1,1.0,1,0.25194248382649265,56
4973,2,10390,4061,6329,0,0,0,1.0,1,1.0,1,1.0,1,0.2362767093256602,57
4974,1,10391,4062,6329,0,0,0,1.0,1,1.0,1,1.0,1,0.2601859887732614,56
4975,4,10395,4063,6332,0,0,0,1.0,1,1.0,1,1.0,1,0.25886640595278343,57
4976,3,10398,4064,6334,0,0,0,1.0,1,1.0,1,1.0,1,0.23393090774254904,57
4977,2,10400,4064,6336,0,0,0,1.0,1,1.0,1,1.0,1,0.23284314912035245,57
4978,5,10405,4066,6339,0,0,0,1.0,1,1.0,1,1.0,1,0.2134273484657345,58
4979,1,10406,4066,6340,0,0,0,1.0,1,1.0,1,1.0,1,0.21347779935651062,58
4980,7,10413,4067,6346,0,0,0,1.0,1,1.0,1,1.0,1,0.2095281890683626,59
4981,6,10419,4068,6351,0,0,0,1.0,1,1.0,1,1.0,1,0.17109364661529486,60
4982,1,10420,4069,6351,0,0,0,1.0,1,1.0,1,1.0,1,0.16639555507051473,61
4983,0,10420,4069,6351,0,0,0,1.0,1,1.0,1,1.0,1,0.1488492985547269,61
4984,2,10422,4071,6351,0,0,0,1.0,1,1.0,1,1.0,1,0.1731116631305704,59
4985,2,10424,4072,6352,0,0,0,1.0,1,1.0,1,1.0,1,0.17064458191236703,58
4986,5,10429,4074,6355,0,0,0,1.0,1,1.0,1,1.0,1,0.15123549729264862,59
4987,1,10430,4075,6355,0,0,0,1.0,1,1.0,1,1.0,1,0.16477524309315805,58
4988,2,10432,4077,6355,0,0,0,1.0,1,1.0,1,1.0,1,0.17314685697258556,57
4989,2,10434,4078,6356,0,0,0,1.0,1,1.0,1,1.0,1,0.16841491472980916,54
4990,1,10435,4078,6357,0,0,0,1.0,1,1.0,1,1.0,1,0.16185051340574172,53
4991,3,10438,4081,6357,0,0,0,1.0,1,1.0,1,1.0,1,0.2152041036305302,52
4992,2,10440,4083,6357,0,0,0,1.0,1,1.0,1,1.0,1,0.23828483895316138,48
4993,4,10444,4085,6359,0,0,0,1.0,1,1.0,1,1.0,1,0.2503032611911099,48
4994,0,10444,4085,6359,0,0,0,1.0,1,1.0,1,1.0,1,0.24217159955897846,45
4995,1,10445,4086,6359,0,0,0,1.0,1,1.0,1,1.0,1,0.2770822596958563,45
4996,0,10445,4086,6359,0,0,0,1.0,1,1.0,1,1.0,1,0.21325873422829256,45
4997,1,10446,4087,6359,0,0,0,1.0,1,1.0,1,1.0,1,0.2624776527535235,42
4998,2,10448,4088,6360,0,0,0,1.0,1,1.0,1,1.0,1,0.23263171994004134,44
4999,2,10450,4090,6360,0,0,0,1.0,1,1.0,1,1.0,1,0.29214316510512767,44
5000,0,10450,4090,6360,0,0,0,1.0,1,1.0,1,1.0,1,0.28914180856634064,42
5001,0,10450,4090,6360,0,0,0,1.0,1,1.0,1,1.0,1,0.282335636259928,42
5002,1,10451,4091,6360,0,0,0,1.0,1,1.0,1,1.0,1,0.27262135393834563,41
5003,0,10451,4091,6360,0,0,0,1.0,1,1.0,1,1.0,1,0.2984519668297782,41
5004,0,10451,4091,6360,0,0,0,1.0,1,1.0,1,1.0,1,0.30634564394251784,41
5005,0,10451,4091,6360,0,0,0,1.0,1,1.0,1,1.0,1,0.30634564394251784,41
5006,0,10451,4091,6360,0,0,0,1.0,1,1.0,1,1.0,1,0.29148222622458775,42
5007,0,10451,4091,6360,0,0,0,1.0,1,1.0,1,1.0,1,0.2863774874453844,43
5008,1,10452,4092,6360,0,0,0,1.0,1,1.0,1,1.0,1,0.28177142835079777,46
5009,0,10452,4092,6360,0,0,0,1.0,1,1.0,1,1.0,1,0.28177142835079777,46
5010,0,10452,4092,6360,0,0,0,1.0,1,1.0,1,1.0,1,0.2919482358655764,46
5011,4,10456,4092,6364,0,0,0,1.0,1,1.0,1,1.0,1,0.23986357860117632,47
5012,1,10457,4093,6364,0,0,0,1.0,1,1.0,1,1.0,1,0.2182824715155218,48
5013,0,10457,4093,6364,0,0,0,1.0,1,1.0,1,1.0,1,0.2182824715155218,48
5014,1,10458,4093,6365,0,0,0,1.0,1,1.0,1,1.0,1,0.20947033122416966,49
5015,4,10462,4094,6368,0,0,0,1.0,1,1.0,1,1.0,1,0.19763850302159067,50
5016,4,10466,4096,6370,0,0,0,1.0,1,1.0,1,1.0,1,0.260117375991256,51
5017,4,10470,4096,6374,0,0,0,1.0,1,1.0,1,1.0,1,0.2490416622501719,51
5018,3,10473,4097,6376,0,0,0,1.0,1,1.0,1,1.0,1,0.2221413152171594,51
5019,2,10475,4099,6376,0,0,0,1.0,1,1.0,1,1.0,1,0.2661494826621446,51
5020,1,10476,4099,6377,0,0,0,1.0,1,1.0,1,1.0,1,0.27475777591216594,51
5021,0,10476,4099,6377,0,0,0,1.0,1,1.0,1,1.0,1,0.2897660340041976,52
5022,2,10478,4101,6377,0,0,0,1.0,1,1.0,1,1.0,1,0.31450874182317023,52
5023,6,10484,4104,6380,0,0,0,1.0,1,1.0,1,1.0,1,0.3172297428935606,52
5024,2,10486,4106,6380,0,0,0,1.0,1,1.0,1,1.0,1,0.30684657647227515,51
5025,0,10486,4106,6380,0,0,0,1.0,1,1.0,1,1.0,1,0.300252209473679,50
5026,2,10488,4106,6382,0,0,0,1.0,1,1.0,1,1.0,1,0.28047744995921026,49
5027,3,10491,4108,6383,0,0,0,1.0,1,1.0,1,1.0,1,0.3269166505213935,47
5028,4,10495,4110,6385,0,0,0,1.0,1,1.0,1,1.0,1,0.35296622738618155,47
5029,2,10497,4111,6386,0,0,0,1.0,1,1.0,1,1.0,1,0.34458013960479966,46
5030,2,10499,4112,6387,0,0,0,1.0,1,1.0,1,1.0,1,0.34922605043578475,48
5031,1,10500,4113,6387,0,0,0,1.0,1,1.0,1,1.0,1,0.38805895738714363,46
5032,0,10500,4113,6387,0,0,0,1.0,1,1.0,1,1.0,1,0.38805895738714363,46
5033,2,10502,4114,6388,0,0,0,1.0,1,1.0,1,1.0,1,0.3989215754796843,47
5034,0,10502,4114,6388,0,0,0,1.0,1,1.0,1,1.0,1,0.37021087403729624,48
5035,0,10502,4114,6388,0,0,0,1.0,1,1.0,1,1.0,1,0.3668017195372293,47
5036,1,10503,4115,6388,0,0,0,1.0,1,1.0,1,1.0,1,0.3748535244857811,47
5037,0,10503,4115,6388,0,0,0,1.0,1,1.0,1,1.0,1,0.38265407977604365,47
5038,5,10508,4116,6392,0,0,0,1.0,1,1.0,1,1.0,1,0.32570491581416133,48
5039,0,10508,4116,6392,0,0,0,1.0,1,1.0,1,1.0,1,0.3169492802533166,47
5040,0,10508,4116,6392,0,0,0,1.0,1,1.0,1,1.0,1,0.3214299638918342,48
5041,3,10511,4116,6395,0,0,0,1.0,1,1.0,1,1.0,1,0.2498221925791153,49
5042,0,10511,4116,6395,0,0,0,1.0,1,1.0,1,1.0,1,0.2645536589692536,50
5043,0,10511,4116,6395,0,0,0,1.0,1,1.0,1,1.0,1,0.245415118852854,51
5044,0,10511,4116,6395,0,0,0,1.0,1,1.0,1,1.0,1,0.245415118852854,51
5045,0,10511,4116,6395,0,0,0,1.0,1,1.0,1,1.0,1,0.245415118852854,51
5046,1,10512,4117,6395,0,0,0,1.0,1,1.0,1,1.0,1,0.27176103053983997,52
5047,1,10513,4118,6395,0,0,0,1.0,1,1.0,1,1.0,1,0.2874562172254138,52
5048,1,10514,4118,6396,0,0,0,1.0,1,1.0,1,1.0,1,0.2751776189615954,52
5049,0,10514,4118,6396,0,0,0,1.0,1,1.0,1,1.0,1,0.30933989946864726,52
5050,5,10519,4119,6400,0,0,0,1.0,1,1.0,1,1.0,1,0.2764671417506372,55
5051,0,10519,4119,6400,0,0,0,1.0,1,1.0,1,1.0,1,0.2864838399347688,55
5052,0,10519,4119,6400,0,0,0,1.0,1,1.0,1,1.0,1,0.2864838399347688,55
5053,0,10519,4119,6400,0,0,0,1.0,1,1.0,1,1.0,1,0.3031250870703591,54
5054,4,10523,4121,6402,0,0,0,1.0,1,1.0,1,1.0,1,0.29065323642712165,54
5055,1,10524,4121,6403,0,0,0,1.0,1,1.0,1,1.0,1,0.2886725938258473,54
5056,1,10525,4121,6404,0,0,0,1.0,1,1.0,1,1.0,1,0.2813243335119448,55
5057,3,10528,4121,6407,0,0,0,1.0,1,1.0,1,1.0,1,0.2758141452552673,56
5058,4,10532,4121,6411,0,0,0,1.0,1,1.0,1,1.0,1,0.23220152330920169,58
5059,1,10533,4121,6412,0,0,0,1.0,1,1.0,1,1.0,1,0.2215803569015297,58
5060,4,10537,4123,6414,0,0,0,1.0,1,1.0,1,1.0,1,0.25646599845364976,59
5061,4,10541,4124,6417,0,0,0,1.0,1,1.0,1,1.0,1,0.26674108809581937,58
5062,6,10547,4125,6422,0,0,0,1.0,1,1.0,1,1.0,1,0.2595752581270879,58
5063,4,10551,4126,6425,0,0,0,1.0,1,1.0,1,1.0,1,0.2831323440905809,57
5064,1,10552,4126,6426,0,0,0,1.0,1,1.0,1,1.0,1,0.2891832741607224,57
5065,4,10556,4128,6428,0,0,0,1.0,1,1.0,1,1.0,1,0.30960887699371287,56
5066,3,10559,4130,6429,0,0,0,1.0,1,1.0,1,1.0,1,0.33342654284290535,55
5067,7,10566,4131,6435,0,0,0,1.0,1,1.0,1,1.0,1,0.2756452241229785,54
5068,2,10568,4132,6436,0,0,0,1.0,1,1.0,1,1.0,1,0.25597332288719,54
5069,2,10570,4133,6437,0,0,0,1.0,1,1.0,1,1.0,1,0.2526321500965173,53
5070,1,10571,4134,6437,0,0,0,1.0,1,1.0,1,1.0,1,0.2939837362458363,53
5071,5,10576,4134,6442,0,0,0,1.0,1,1.0,1,1.0,1,0.2253361508292067,53
5072,1,10577,4135,6442,0,0,0,1.0,1,1.0,1,1.0,1,0.21697919294463297,53
5073,1,10578,4135,6443,0,0,0,1.0,1,1.0,1,1.0,1,0.2209787295707578,53
5074,0,10578,4135,6443,0,0,0,1.0,1,1.0,1,1.0,1,0.18961093627922668,52
5075,0,10578,4135,6443,0,0,0,1.0,1,1.0,1,1.0,1,0.18961093627922668,52
5076,4,10582,4136,6446,0,0,0,1.0,1,1.0,1,1.0,1,0.16815998141608737,55
5077,2,10584,4136,6448,0,0,0,1.0,1,1.0,1,1.0,1,0.19128442174103877,55
5078,0,10584,4136,6448,0,0,0,1.0,1,1.0,1,1.0,1,0.19128442174103877,55
5079,0,10584,4136,6448,0,0,0,1.0,1,1.0,1,1.0,1,0.20897588037481665,54
5080,1,10585,4137,6448,0,0,0,1.0,1,1.0,1,1.0,1,0.21373168779100454,55
5081,2,10587,4137,6450,0,0,0,1.0,1,1.0,1,1.0,1,0.17560413003934824,57
5082,1,10588,4137,6451,0,0,0,1.0,1,1.0,1,1.0,1,0.1702020137280564,57
5083,0,10588,4137,6451,0,0,0,1.0,1,1.0,1,1.0,1,0.1838241355966565,58
5084,2,10590,4137,6453,0,0,0,1.0,1,1.0,1,1.0,1,0.16644541959864637,58
5085,2,10592,4138,6454,0,0,0,1.0,1,1.0,1,1.0,1,0.21428044380282718,59
5086,1,10593,4138,6455,0,0,0,1.0,1,1.0,1,1.0,1,0.20852242105915667,60
5087,3,10596,4139,6457,0,0,0,1.0,1,1.0,1,1.0,1,0.19702145472831856,61
5088,2,10598,4139,6459,0,0,0,1.0,1,1.0,1,1.0,1,0.2252182432654225,62
5089,7,10605,4142,6463,0,0,0,1.0,1,1.0,1,1.0,1,0.24619231916615036,63
5090,5,10610,4142,6468,0,0,0,1.0,1,1.0,1,1.0,1,0.2324701765489531,63
5091,8,10618,4145,6473,0,0,0,1.0,1,1.0,1,1.0,1,0.25474875178098977,63
5092,3,10621,4145,6476,0,0,0,1.0,1,1.0,1,1.0,1,0.26116461162784493,63
5093,2,10623,4145,6478,0,0,0,1.0,1,1.0,1,1.0,1,0.2580896573146367,63
5094,4,10627,4146,6481,0,0,0,1.0,1,1.0,1,1.0,1,0.24068226502675716,64
5095,6,10633,4147,6486,0,0,0,1.0,1,1.0,1,1.0,1,0.28349320387806254,64
5096,14,10647,4149,6498,0,0,0,1.0,1,1.0,1,1.0,1,0.24863125534424704,67
5097,2,10649,4149,6500,0,0,0,1.0,1,1.0,1,1.0,1,0.240265050643135,67
5098,5,10654,4149,6505,0,0,0,1.0,1,1.0,1,1.0,1,0.25061849012681336,68
5099,6,10660,4149,6511,0,0,0,1.0,1,1.0,1,1.0,1,0.20264195793340758,70
5100,4,10664,4149,6515,0,0,0,1.0,1,1.0,1,1.0,1,0.21715310016293346,71
5101,6,10670,4150,6520,0,0,0,1.0,1,1.0,1,1.0,1,0.1565934439040575,71
5102,5,10675,4153,6522,0,0,0,1.0,1,1.0,1,1.0,1,0.1386747289542,70
5103,0,10675,4153,6522,0,0,0,1.0,1,1.0,1,1.0,1,0.129240091946815,67
5104,4,10679,4156,6523,0,0,0,1.0,1,1.0,1,1.0,1,0.17105175136558615,67
5105,3,10682,4158,6524,0,0,0,1.0,1,1.0,1,1.0,1,0.164164276719792,63
5106,3,10685,4161,6524,0,0,0,1.0,1,1.0,1,1.0,1,0.23541025002781357,63
5107,3,10688,4164,6524,0,0,0,1.0,1,1.0,1,1.0,1,0.24582239050886978,60
5108,4,10692,4167,6525,0,0,0,1.0,1,1.0,1,1.0,1,0.25623464268785384,56
5109,5,10697,4170,6527,0,0,0,1.0,1,1.0,1,1.0,1,0.2587334026641633,56
5110,2,10699,4172,6527,0,0,0,1.0,1,1.0,1,1.0,1,0.24328596564849034,52
5111,1,10700,4173,6527,0,0,0,1.0,1,1.0,1,1.0,1,0.2868167232925789,51
5112,1,10701,4174,6527,0,0,0,1.0,1,1.0,1,1.0,1,0.2619323454363237,50
5113,3,10704,4177,6527,0,0,0,1.0,1,1.0,1,1.0,1,0.28742233479488394,48
5114,3,10707,4180,6527,0,0,0,1.0,1,1.0,1,1.0,1,0.25300964616237653,46
5115,0,10707,4180,6527,0,0,0,1.0,1,1.0,1,1.0,1,0.24798259798108743,44
5116,1,10708,4181,6527,0,0,0,1.0,1,1.0,1,1.0,1,0.24143045800796215,44
5117,0,10708,4181,6527,0,0,0,1.0,1,1.0,1,1.0,1,0.24617455851470943,46
5118,2,10710,4183,6527,0,0,0,1.0,1,1.0,1,1.0,1,0.24412726900746531,46
5119,2,10712,4185,6527,0,0,0,1.0,1,1.0,1,1.0,1,0.2929471801091673,46
5120,0,10712,4185,6527,0,0,0,1.0,1,1.0,1,1.0,1,0.2929471801091673,46
5121,2,10714,4187,6527,0,0,0,1.0,1,1.0,1,1.0,1,0.2783285758039278,46
5122,0,10714,4187,6527,0,0,0,1.0,1,1.0,1,1.0,1,0.2783285758039278,46
5123,2,10716,4188,6528,0,0,0,1.0,1,1.0,1,1.0,1,0.28460964325649163,45
5124,3,10719,4190,6529,0,0,0,1.0,1,1.0,1,1.0,1,0.2211258178507233,47
5125,2,10721,4190,6531,0,0,0,1.0,1,1.0,1,1.0,1,0.2137267557746245,50
5126,1,10722,4191,6531,0,0,0,1.0,1,1.0,1,1.0,1,0.21799814506267437,50
5127,0,10722,4191,6531,0,0,0,1.0,1,1.0,1,1.0,1,0.2237101988339616,52
5128,1,10723,4192,6531,0,0,0,1.0,1,1.0,1,1.0,1,0.24017643507473233,53
5129,3,10726,4192,6534,0,0,0,1.0,1,1.0,1,1.0,1,0.22529063362865417,55
5130,1,10727,4193,6534,0,0,0,1.0,1,1.0,1,1.0,1,0.21754544820205646,55
5131,3,10730,4193,6537,0,0,0,1.0,1,1.0,1,1.0,1,0.20287305091698535,54
5132,0,10730,4193,6537,0,0,0,1.0,1,1.0,1,1.0,1,0.21164659215831103,54
5133,0,10730,4193,6537,0,0,0,1.0,1,1.0,1,1.0,1,0.21164659215831103,54
5134,0,10730,4193,6537,0,0,0,1.0,1,1.0,1,1.0,1,0.2300965677397443,53
5135,3,10733,4193,6540,0,0,0,1.0,1,1.0,1,1.0,1,0.20316238574541676,54
5136,0,10733,4193,6540,0,0,0,1.0,1,1.0,1,1.0,1,0.24427316317403414,54
5137,0,10733,4193,6540,0,0,0,1.0,1,1.0,1,1.0,1,0.24427316317403414,54
5138,2,10735,4195,6540,0,0,0,1.0,1,1.0,1,1.0,1,0.24745954666750952,54
5139,1,10736,4196,6540,0,0,0,1.0,1,1.0,1,1.0,1,0.23978159994856074,55
5140,5,10741,4200,6541,0,0,0,1.0,1,1.0,1,1.0,1,0.25856349392408234,55
5141,7,10748,4202,6546,0,0,0,1.0,1,1.0,1,1.0,1,0.20776188095281267,53
5142,3,10751,4205,6546,0,0,0,1.0,1,1.0,1,1.0,1,0.24448099205650117,54
5143,3,10754,4208,6546,0,0,0,1.0,1,1.0,1,1.0,1,0.2441423980789566,52
5144,1,10755,4209,6546,0,0,0,1.0,1,1.0,1,1.0,1,0.22291685267070097,50
5145,1,10756,4210,6546,0,0,0,1.0,1,1.0,1,1.0,1,0.23909085426284524,49
5146,3,10759,4213,6546,0,0,0,1.0,1,1.0,1,1.0,1,0.2917810867737849,49
5147,1,10760,4214,6546,0,0,0,1.0,1,1.0,1,1.0,1,0.2723290572075709,46
5148,3,10763,4216,6547,0,0,0,1.0,1,1.0,1,1.0,1,0.3006977039839685,46
5149,0,10763,4216,6547,0,0,0,1.0,1,1.0,1,1.0,1,0.293968357305197,45
5150,3,10766,4218,6548,0,0,0,1.0,1,1.0,1,1.0,1,0.3070973208629932,47
5151,1,10767,4219,6548,0,0,0,1.0,1,1.0,1,1.0,1,0.3095431782427177,46
5152,0,10767,4219,6548,0,0,0,1.0,1,1.0,1,1.0,1,0.3095431782427177,46
5153,2,10769,4221,6548,0,0,0,1.0,1,1.0,1,1.0,1,0.31789947422531123,45
5154,3,10772,4222,6550,0,0,0,1.0,1,1.0,1,1.0,1,0.3120944741622513,47
5155,3,10775,4224,6551,0,0,0,1.0,1,1.0,1,1.0,1,0.3276132687590147,47
5156,3,10778,4225,6553,0,0,0,1.0,1,1.0,1,1.0,1,0.2935847949856148,47
5157,1,10779,4226,6553,0,0,0,1.0,1,1.0,1,1.0,1,0.2754416063251878,46
5158,0,10779,4226,6553,0,0,0,1.0,1,1.0,1,1.0,1,0.2797984226994568,47
5159,1,10780,4226,6554,0,0,0,1.0,1,1.0,1,1.0,1,0.2807129259393679,49
5160,0,10780,4226,6554,0,0,0,1.0,1,1.0,1,1.0,1,0.2985957281026636,48
5161,2,10782,4226,6556,0,0,0,1.0,1,1.0,1,1.0,1,0.271220723284975,48
5162,1,10783,4226,6557,0,0,0,1.0,1,1.0,1,1.0,1,0.261601178865007,49
5163,3,10786,4226,6560,0,0,0,1.0,1,1.0,1,1.0,1,0.22765159827772072,51
5164,0,10786,4226,6560,0,0,0,1.0,1,1.0,1,1.0,1,0.22765159827772072,51
5165,2,10788,4226,6562,0,0,0,1.0,1,1.0,1,1.0,1,0.2298240870361195,52
5166,4,10792,4228,6564,0,0,0,1.0,1,1.0,1,1.0,1,0.19725301296165473,52
5167,3,10795,4230,6565,0,0,0,1.0,1,1.0,1,1.0,1,0.19312169061917497,52
5168,0,10795,4230,6565,0,0,0,1.0,1,1.0,1,1.0,1,0.19312169061917497,52
5169,3,10798,4232,6566,0,0,0,1.0,1,1.0,1,1.0,1,0.19716999417318967,53
5170,0,10798,4232,6566,0,0,0,1.0,1,1.0,1,1.0,1,0.19716999417318967,53
5171,0,10798,4232,6566,0,0,0,1.0,1,1.0,1,1.0,1,0.22108551686466055,52
5172,1,10799,4233,6566,0,0,0,1.0,1,1.0,1,1.0,1,0.21894255190802409,53
5173,4,10803,4233,6570,0,0,0,1.0,1,1.0,1,1.0,1,0.16021850298396742,54
5174,2,10805,4234,6571,0,0,0,1.0,1,1.0,1,1.0,1,0.1944447744748049,56
5175,6,10811,4235,6576,0,0,0,1.0,1,1.0,1,1.0,1,0.16558318095692384,58
5176,4,10815,4236,6579,0,0,0,1.0,1,1.0,1,1.0,1,0.1400671982268447,58
5177,1,10816,4236,6580,0,0,0,1.0,1,1.0,1,1.0,1,0.13668999798510517,59
5178,3,10819,4239,6580,0,0,0,1.0,1,1.0,1,1.0,1,0.1340321722966411,57
5179,1,10820,4239,6581,0,0,0,1.0,1,1.0,1,1.0,1,0.15647450780603797,58
5180,2,10822,4240,6582,0,0,0,1.0,1,1.0,1,1.0,1,0.12330152684609397,56
5181,0,10822,4240,6582,0,0,0,1.0,1,1.0,1,1.0,1,0.11390554429251917,57
5182,2,10824,4242,6582,0,0,0,1.0,1,1.0,1,1.0,1,0.12181168200007965,56
5183,4,10828,4245,6583,0,0,0,1.0,1,1.0,1,1.0,1,0.16457045842740028,57
5184,5,10833,4247,6586,0,0,0,1.0,1,1.0,1,1.0,1,0.1648336772630877,56
5185,4,10837,4248,6589,0,0,0,1.0,1,1.0,1,1.0,1,0.17286913709136856,56
5186,3,10840,4250,6590,0,0,0,1.0,1,1.0,1,1.0,1,0.20596508094931987,54
5187,0,10840,4250,6590,0,0,0,1.0,1,1.0,1,1.0,1,0.2003668224948147,51
5188,1,10841,4251,6590,0,0,0,1.0,1,1.0,1,1.0,1,0.21273584250944264,50
5189,4,10845,4251,6594,0,0,0,1.0,1,1.0,1,1.0,1,0.1411131965117374,49
5190,0,10845,4251,6594,0,0,0,1.0,1,1.0,1,1.0,1,0.15979275150982983,50
5191,1,10846,4251,6595,0,0,0,1.0,1,1.0,1,1.0,1,0.1259538293993111,50
5192,2,10848,4252,6596,0,0,0,1.0,1,1.0,1,1.0,1,0.11517364113560172,49
5193,0,10848,4252,6596,0,0,0,1.0,1,1.0,1,1.0,1,0.13452876487468318,50
5194,4,10852,4253,6599,0,0,0,1.0,1,1.0,1,1.0,1,0.12942433639941878,51
5195,2,10854,4254,6600,0,0,0,1.0,1,1.0,1,1.0,1,0.15825757087759035,51
5196,1,10855,4254,6601,0,0,0,1.0,1,1.0,1,1.0,1,0.16359490915827718,51
5197,2,10857,4254,6603,0,0,0,1.0,1,1.0,1,1.0,1,0.16359490915827718,51
5198,2,10859,4254,6605,0,0,0,1.0,1,1.0,1,1.0,1,0.16359490915827718,51
5199,2,10861,4254,6607,0,0,0,1.0,1,1.0,1,1.0,1,0.14842165245380218,54
5200,3,10864,4255,6609,0,0,0,1.0,1,1.0,1,1.0,1,0.13224744848765344,54
5201,3,10867,4257,6610,0,0,0,1.0,1,1.0,1,1.0,1,0.15352479549494338,55
5202,1,10868,4257,6611,0,0,0,1.0,1,1.0,1,1.0,1,0.15389980678135243,56
5203,1,10869,4258,6611,0,0,0,1.0,1,1.0,1,1.0,1,0.13469365927081137,56
5204,0,10869,4258,6611,0,0,0,1.0,1,1.0,1,1.0,1,0.14265658711276089,58
5205,0,10869,4258,6611,0,0,0,1.0,1,1.0,1,1.0,1,0.14265658711276089,58
5206,0,10869,4258,6611,0,0,0,1.0,1,1.0,1,1.0,1,0.14265658711276089,58
5207,4,10873,4259,6614,0,0,0,1.0,1,1.0,1,1.0,1,0.12824367578239726,59
5208,2,10875,4259,6616,0,0,0,1.0,1,1.0,1,1.0,1,0.14068341389320824,58
5209,2,10877,4259,6618,0,0,0,1.0,1,1.0,1,1.0,1,0.14068341389320824,58
5210,1,10878,4259,6619,0,0,0,1.0,1,1.0,1,1.0,1,0.16384315595550297,57
5211,1,10879,4260,6619,0,0,0,1.0,1,1.0,1,1.0,1,0.1947881187867942,57
5212,5,10884,4260,6624,0,0,0,1.0,1,1.0,1,1.0,1,0.1846050565174922,59
5213,2,10886,4262,6624,0,0,0,1.0,1,1.0,1,1.0,1,0.21385575645858207,59
5214,1,10887,4262,6625,0,0,0,1.0,1,1.0,1,1.0,1,0.22120762901322727,59
5215,2,10889,4264,6625,0,0,0,1.0,1,1.0,1,1.0,1,0.258709207344018,58
5216,0,10889,4264,6625,0,0,0,1.0,1,1.0,1,1.0,1,0.2413487608505535,59
5217,5,10894,4268,6626,0,0,0,1.0,1,1.0,1,1.0,1,0.22575771947853435,58
5218,8,10902,4272,6630,0,0,0,1.0,1,1.0,1,1.0,1,0.2637331008026745,58
5219,2,10904,4272,6632,0,0,0,1.0,1,1.0,1,1.0,1,0.2197888496011198,57
5220,1,10905,4272,6633,0,0,0,1.0,1,1.0,1,1.0,1,0.22006547483563602,56
5221,4,10909,4274,6635,0,0,0,1.0,1,1.0,1,1.0,1,0.24831725206721966,58
5222,4,10913,4276,6637,0,0,0,1.0,1,1.0,1,1.0,1,0.19439463633579357,56
5223,3,10916,4278,6638,0,0,0,1.0,1,1.0,1,1.0,1,0.25764958362326484,55
5224,1,10917,4279,6638,0,0,0,1.0,1,1.0,1,1.0,1,0.2650155305841514,56
5225,1,10918,4279,6639,0,0,0,1.0,1,1.0,1,1.0,1,0.25491598846118435,55
5226,1,10919,4280,6639,0,0,0,1.0,1,1.0,1,1.0,1,0.25758849519567156,55
5227,0,10919,4280,6639,0,0,0,1.0,1,1.0,1,1.0,1,0.2507890470941734,53
5228,1,10920,4281,6639,0,0,0,1.0,1,1.0,1,1.0,1,0.23680252155477063,51
5229,3,10923,4282,6641,0,0,0,1.0,1,1.0,1,1.0,1,0.23697344487785374,51
5230,0,10923,4282,6641,0,0,0,1.0,1,1.0,1,1.0,1,0.23616699298639218,51
5231,2,10925,4283,6642,0,0,0,1.0,1,1.0,1,1.0,1,0.26127997236678324,52
5232,3,10928,4285,6643,0,0,0,1.0,1,1.0,1,1.0,1,0.29318952292838685,52
5233,2,10930,4285,6645,0,0,0,1.0,1,1.0,1,1.0,1,0.2764382230251646,53
5234,1,10931,4286,6645,0,0,0,1.0,1,1.0,1,1.0,1,0.3057332530372324,53
5235,2,10933,4287,6646,0,0,0,1.0,1,1.0,1,1.0,1,0.3173712762148192,53
5236,2,10935,4289,6646,0,0,0,1.0,1,1.0,1,1.0,1,0.32780135141413935,52
5237,0,10935,4289,6646,0,0,0,1.0,1,1.0,1,1.0,1,0.35105405398643336,52
5238,3,10938,4291,6647,0,0,0,1.0,1,1.0,1,1.0,1,0.34349624303914766,52
5239,1,10939,4291,6648,0,0,0,1.0,1,1.0,1,1.0,1,0.33963526648103354,51
5240,5,10944,4292,6652,0,0,0,1.0,1,1.0,1,1.0,1,0.32396529399293356,53
5241,0,10944,4292,6652,0,0,0,1.0,1,1.0,1,1.0,1,0.3392558498567528,53
5242,1,10945,4292,6653,0,0,0,1.0,1,1.0,1,1.0,1,0.34850028426304985,51
5243,2,10947,4294,6653,0,0,0,1.0,1,1.0,1,1.0,1,0.4000203309042756,51
5244,5,10952,4297,6655,0,0,0,1.0,1,1.0,1,1.0,1,0.36048201210790465,52
5245,2,10954,4298,6656,0,0,0,1.0,1,1.0,1,1.0,1,0.3572774363562847,53
5246,2,10956,4300,6656,0,0,0,1.0,1,1.0,1,1.0,1,0.3606354213332237,53
5247,2,10958,4301,6657,0,0,0,1.0,1,1.0,1,1.0,1,0.3743097220723086,54
5248,1,10959,4302,6657,0,0,0,1.0,1,1.0,1,1.0,1,0.35815491852701614,54
5249,1,10960,4303,6657,0,0,0,1.0,1,1.0,1,1.0,1,0.3456650384509889,55
5250,3,10963,4303,6660,0,0,0,1.0,1,1.0,1,1.0,1,0.34085221058068416,57
5251,9,10972,4303,6669,0,0,0,1.0,1,1.0,1,1.0,1,0.19948662905426348,58
5252,1,10973,4304,6669,0,0,0,1.0,1,1.0,1,1.0,1,0.2034534157334434,58
5253,2,10975,4306,6669,0,0,0,1.0,1,1.0,1,1.0,1,0.2339692354759749,58
5254,0,10975,4306,6669,0,0,0,1.0,1,1.0,1,1.0,1,0.2472054565755329,59
5255,3,10978,4309,6669,0,0,0,1.0,1,1.0,1,1.0,1,0.2586918190405926,58
5256,2,10980,4309,6671,0,0,0,1.0,1,1.0,1,1.0,1,0.23741794404327773,58
5257,2,10982,4309,6673,0,0,0,1.0,1,1.0,1,1.0,1,0.20971157983386568,57
5258,0,10982,4309,6673,0,0,0,1.0,1,1.0,1,1.0,1,0.20672399228189411,55
5259,1,10983,4310,6673,0,0,0,1.0,1,1.0,1,1.0,1,0.2183455892984347,56
5260,0,10983,4310,6673,0,0,0,1.0,1,1.0,1,1.0,1,0.22068436275896886,55
5261,0,10983,4310,6673,0,0,0,1.0,1,1.0,1,1.0,1,0.23223034606468795,54
5262,0,10983,4310,6673,0,0,0,1.0,1,1.0,1,1.0,1,0.23223034606468795,54
5263,3,10986,4312,6674,0,0,0,1.0,1,1.0,1,1.0,1,0.2218589352338816,55
5264,2,10988,4314,6674,0,0,0,1.0,1,1.0,1,1.0,1,0.23072837768999907,53
5265,5,10993,4318,6675,0,0,0,1.0,1,1.0,1,1.0,1,0.2614991103626831,52
5266,2,10995,4319,6676,0,0,0,1.0,1,1.0,1,1.0,1,0.2696393984364914,49
5267,4,10999,4322,6677,0,0,0,1.0,1,1.0,1,1.0,1,0.2771569428321841,49
5268,0,10999,4322,6677,0,0,0,1.0,1,1.0,1,1.0,1,0.2837462237674289,46
5269,1,11000,4323,6677,0,0,0,1.0,1,1.0,1,1.0,1,0.28140834259519076,45
5270,1,11001,4323,6678,0,0,0,1.0,1,1.0,1,1.0,1,0.2830420574656518,46
5271,6,11007,4329,6678,0,0,0,1.0,1,1.0,1,1.0,1,0.3314529917453977,46
5272,0,11007,4329,6678,0,0,0,1.0,1,1.0,1,1.0,1,0.3221260384666956,45
5273,5,11012,4332,6680,0,0,0,1.0,1,1.0,1,1.0,1,0.25576494260005594,45
5274,0,11012,4332,6680,0,0,0,1.0,1,1.0,1,1.0,1,0.24351416734887094,45
5275,2,11014,4334,6680,0,0,0,1.0,1,1.0,1,1.0,1,0.29195605640100614,46
5276,5,11019,4337,6682,0,0,0,1.0,1,1.0,1,1.0,1,0.30363044956251595,45
5277,1,11020,4338,6682,0,0,0,1.0,1,1.0,1,1.0,1,0.31306025364917095,45
5278,2,11022,4339,6683,0,0,0,1.0,1,1.0,1,1.0,1,0.30099508305502787,44
5279,0,11022,4339,6683,0,0,0,1.0,1,1.0,1,1.0,1,0.29531946951299043,45
5280,0,11022,4339,6683,0,0,0,1.0,1,1.0,1,1.0,1,0.29812922749108606,46
5281,5,11027,4339,6688,0,0,0,1.0,1,1.0,1,1.0,1,0.22690947600879674,46
5282,0,11027,4339,6688,0,0,0,1.0,1,1.0,1,1.0,1,0.2372616659711372,47
5283,3,11030,4339,6691,0,0,0,1.0,1,1.0,1,1.0,1,0.21429920513602957,48
5284,0,11030,4339,6691,0,0,0,1.0,1,1.0,1,1.0,1,0.21429920513602957,48
5285,0,11030,4339,6691,0,0,0,1.0,1,1.0,1,1.0,1,0.20081263526390547,48
5286,2,11032,4339,6693,0,0,0,1.0,1,1.0,1,1.0,1,0.14560387717076057,50
5287,0,11032,4339,6693,0,0,0,1.0,1,1.0,1,1.0,1,0.14560387717076057,50
5288,2,11034,4339,6695,0,0,0,1.0,1,1.0,1,1.0,1,0.12490678464148701,51
5289,0,11034,4339,6695,0,0,0,1.0,1,1.0,1,1.0,1,0.12490678464148701,51
5290,0,11034,4339,6695,0,0,0,1.0,1,1.0,1,1.0,1,0.13319464194421884,52
5291,1,11035,4340,6695,0,0,0,1.0,1,1.0,1,1.0,1,0.18387320708463628,52
5292,1,11036,4340,6696,0,0,0,1.0,1,1.0,1,1.0,1,0.18058741249424531,53
5293,1,11037,4341,6696,0,0,0,1.0,1,1.0,1,1.0,1,0.23747319541355463,51
5294,2,11039,4342,6697,0,0,0,1.0,1,1.0,1,1.0,1,0.2567285704932197,50
5295,1,11040,4342,6698,0,0,0,1.0,1,1.0,1,1.0,1,0.292288280810968,49
5296,2,11042,4344,6698,0,0,0,1.0,1,1.0,1,1.0,1,0.31285693146013605,48
5297,1,11043,4344,6699,0,0,0,1.0,1,1.0,1,1.0,1,0.3438791263132489,46
5298,6,11049,4344,6705,0,0,0,1.0,1,1.0,1,1.0,1,0.3213544533830756,46
5299,1,11050,4344,6706,0,0,0,1.0,1,1.0,1,1.0,1,0.32723807129661603,47
5300,1,11051,4344,6707,0,0,0,1.0,1,1.0,1,1.0,1,0.300614022624624,48
5301,2,11053,4344,6709,0,0,0,1.0,1,1.0,1,1.0,1,0.30021981436001777,48
5302,4,11057,4346,6711,0,0,0,1.0,1,1.0,1,1.0,1,0.31373610974082766,49
5303,2,11059,4347,6712,0,0,0,1.0,1,1.0,1,1.0,1,0.29929248931194513,48
5304,1,11060,4347,6713,0,0,0,1.0,1,1.0,1,1.0,1,0.3018813953614348,48
5305,1,11061,4348,6713,0,0,0,1.0,1,1.0,1,1.0,1,0.30649917609761407,47
5306,5,11066,4350,6716,0,0,0,1.0,1,1.0,1,1.0,1,0.28442603619171203,48
5307,0,11066,4350,6716,0,0,0,1.0,1,1.0,1,1.0,1,0.29129335358465125,48
5308,1,11067,4351,6716,0,0,0,1.0,1,1.0,1,1.0,1,0.29808342086190054,47
5309,2,11069,4352,6717,0,0,0,1.0,1,1.0,1,1.0,1,0.3139608972373685,46
5310,4,11073,4353,6720,0,0,0,1.0,1,1.0,1,1.0,1,0.3019141776476615,46
5311,3,11076,4354,6722,0,0,0,1.0,1,1.0,1,1.0,1,0.28432455728925954,46
5312,3,11079,4355,6724,0,0,0,1.0,1,1.0,1,1.0,1,0.2964249571559278,46
5313,0,11079,4355,6724,0,0,0,1.0,1,1.0,1,1.0,1,0.29929320151742234,46
5314,0,11079,4355,6724,0,0,0,1.0,1,1.0,1,1.0,1,0.29929320151742234,46
5315,6,11085,4357,6728,0,0,0,1.0,1,1.0,1,1.0,1,0.3362790871408643,47
5316,5,11090,4357,6733,0,0,0,1.0,1,1.0,1,1.0,1,0.2744379810631474,48
5317,0,11090,4357,6733,0,0,0,1.0,1,1.0,1,1.0,1,0.27737693216850967,49
5318,6,11096,4360,6736,0,0,0,1.0,1,1.0,1,1.0,1,0.21108190465791832,49
5319,4,11100,4362,6738,0,0,0,1.0,1,1.0,1,1.0,1,0.20380826120255363,50
5320,4,11104,4363,6741,0,0,0,1.0,1,1.0,1,1.0,1,0.1982413456700674,51
5321,2,11106,4363,6743,0,0,0,1.0,1,1.0,1,1.0,1,0.18870342983909486,52
5322,0,11106,4363,6743,0,0,0,1.0,1,1.0,1,1.0,1,0.20103423994764066,53
5323,1,11107,4363,6744,0,0,0,1.0,1,1.0,1,1.0,1,0.1578563883735503,53
5324,3,11110,4365,6745,0,0,0,1.0,1,1.0,1,1.0,1,0.17712004378776716,55
5325,2,11112,4366,6746,0,0,0,1.0,1,1.0,1,1.0,1,0.1866566184118849,55
5326,0,11112,4366,6746,0,0,0,1.0,1,1.0,1,1.0,1,0.1866566184118849,55
5327,0,11112,4366,6746,0,0,0,1.0,1,1.0,1,1.0,1,0.1971499622318468,56
5328,4,11116,4367,6749,0,0,0,1.0,1,1.0,1,1.0,1,0.18631156280981082,57
5329,1,11117,4368,6749,0,0,0,1.0,1,1.0,1,1.0,1,0.2082044675523908,57
5330,2,11119,4369,6750,0,0,0,1.0,1,1.0,1,1.0,1,0.19929833834595284,56
5331,0,11119,4369,6750,0,0,0,1.0,1,1.0,1,1.0,1,0.20560527858250788,57
5332,0,11119,4369,6750,0,0,0,1.0,1,1.0,1,1.0,1,0.1986948354190078,58
5333,1,11120,4369,6751,0,0,0,1.0,1,1.0,1,1.0,1,0.20197934292706843,59
5334,2,11122,4370,6752,0,0,0,1.0,1,1.0,1,1.0,1,0.20414561980601034,59
5335,2,11124,4370,6754,0,0,0,1.0,1,1.0,1,1.0,1,0.21906334607873945,58
5336,0,11124,4370,6754,0,0,0,1.0,1,1.0,1,1.0,1,0.21531674956648778,59
5337,0,11124,4370,6754,0,0,0,1.0,1,1.0,1,1.0,1,0.22185952196570424,60
5338,0,11124,4370,6754,0,0,0,1.0,1,1.0,1,1.0,1,0.22185952196570424,60
5339,0,11124,4370,6754,0,0,0,1.0,1,1.0,1,1.0,1,0.22185952196570424,60
5340,4,11128,4372,6756,0,0,0,1.0,1,1.0,1,1.0,1,0.23983394007019518,60
5341,5,11133,4374,6759,0,0,0,1.0,1,1.0,1,1.0,1,0.22572591611076231,61
5342,3,11136,4376,6760,0,0,0,1.0,1,1.0,1,1.0,1,0.25902219452422653,59
5343,4,11140,4377,6763,0,0,0,1.0,1,1.0,1,1.0,1,0.2442063545934279,58
5344,4,11144,4379,6765,0,0,0,1.0,1,1.0,1,1.0,1,0.2828542297146172,58
5345,4,11148,4383,6765,0,0,0,1.0,1,1.0,1,1.0,1,0.24146607298854963,54
5346,0,11148,4383,6765,0,0,0,1.0,1,1.0,1,1.0,1,0.24146607298854963,54
5347,5,11153,4388,6765,0,0,0,1.0,1,1.0,1,1.0,1,0.21133515516736032,54
5348,1,11154,4389,6765,0,0,0,1.0,1,1.0,1,1.0,1,0.23956727650768328,55
5349,5,11159,4390,6769,0,0,0,1.0,1,1.0,1,1.0,1,0.19226122602230428,56
5350,1,11160,4391,6769,0,0,0,1.0,1,1.0,1,1.0,1,0.20398105676166367,56
5351,0,11160,4391,6769,0,0,0,1.0,1,1.0,1,1.0,1,0.18864034519126452,57
5352,3,11163,4393,6770,0,0,0,1.0,1,1.0,1,1.0,1,0.20369727569948226,57
5353,1,11164,4394,6770,0,0,0,1.0,1,1.0,1,1.0,1,0.20081648952631978,57
5354,1,11165,4395,6770,0,0,0,1.0,1,1.0,1,1.0,1,0.1916812090974762,56
5355,0,11165,4395,6770,0,0,0,1.0,1,1.0,1,1.0,1,0.17576499581330976,57
5356,0,11165,4395,6770,0,0,0,1.0,1,1.0,1,1.0,1,0.18820828395480316,56
5357,2,11167,4395,6772,0,0,0,1.0,1,1.0,1,1.0,1,0.19289738784776517,56
5358,1,11168,4395,6773,0,0,0,1.0,1,1.0,1,1.0,1,0.1898366185625304,57
5359,2,11170,4395,6775,0,0,0,1.0,1,1.0,1,1.0,1,0.18623017453871335,57
5360,0,11170,4395,6775,0,0,0,1.0,1,1.0,1,1.0,1,0.20910593986879247,55
5361,1,11171,4396,6775,0,0,0,1.0,1,1.0,1,1.0,1,0.24369740582279897,56
5362,1,11172,4397,6775,0,0,0,1.0,1,1.0,1,1.0,1,0.24647971310359054,57
5363,0,11172,4397,6775,0,0,0,1.0,1,1.0,1,1.0,1,0.24647971310359054,57
5364,3,11175,4397,6778,0,0,0,1.0,1,1.0,1,1.0,1,0.22266170941049293,58
5365,0,11175,4397,6778,0,0,0,1.0,1,1.0,1,1.0,1,0.23384660029269905,59
5366,1,11176,4398,6778,0,0,0,1.0,1,1.0,1,1.0,1,0.2332824665341156,60
5367,1,11177,4399,6778,0,0,0,1.0,1,1.0,1,1.0,1,0.2567415277933651,60
5368,0,11177,4399,6778,0,0,0,1.0,1,1.0,1,1.0,1,0.2516753006738843,58
5369,1,11178,4399,6779,0,0,0,1.0,1,1.0,1,1.0,1,0.243272497120353,58
5370,2,11180,4401,6779,0,0,0,1.0,1,1.0,1,1.0,1,0.23792805086841282,57
5371,4,11184,4402,6782,0,0,0,1.0,1,1.0,1,1.0,1,0.21201168924322575,56
5372,2,11186,4404,6782,0,0,0,1.0,1,1.0,1,1.0,1,0.24493152158729883,55
5373,6,11192,4407,6785,0,0,0,1.0,1,1.0,1,1.0,1,0.2542349429807916,54
5374,0,11192,4407,6785,0,0,0,1.0,1,1.0,1,1.0,1,0.24045007232864715,53
5375,2,11194,4408,6786,0,0,0,1.0,1,1.0,1,1.0,1,0.27407671375975656,52
5376,1,11195,4408,6787,0,0,0,1.0,1,1.0,1,1.0,1,0.2454110250069653,52
5377,1,11196,4409,6787,0,0,0,1.0,1,1.0,1,1.0,1,0.2751701943878345,51
5378,2,11198,4410,6788,0,0,0,1.0,1,1.0,1,1.0,1,0.2858037759807686,52
5379,1,11199,4410,6789,0,0,0,1.0,1,1.0,1,1.0,1,0.2955925758443893,50
5380,2,11201,4411,6790,0,0,0,1.0,1,1.0,1,1.0,1,0.30699323619958585,51
5381,2,11203,4413,6790,0,0,0,1.0,1,1.0,1,1.0,1,0.3003444952163698,50
5382,2,11205,4414,6791,0,0,0,1.0,1,1.0,1,1.0,1,0.24443001113359353,48
5383,1,11206,4414,6792,0,0,0,1.0,1,1.0,1,1.0,1,0.22368708257725514,48
5384,0,11206,4414,6792,0,0,0,1.0,1,1.0,1,1.0,1,0.22368708257725514,48
5385,1,11207,4414,6793,0,0,0,1.0,1,1.0,1,1.0,1,0.2228161697828631,47
5386,3,11210,4416,6794,0,0,0,1.0,1,1.0,1,1.0,1,0.2117063070619349,48
5387,0,11210,4416,6794,0,0,0,1.0,1,1.0,1,1.0,1,0.21343636353642695,48
5388,3,11213,4417,6796,0,0,0,1.0,1,1.0,1,1.0,1,0.2196755061970387,48
5389,2,11215,4419,6796,0,0,0,1.0,1,1.0,1,1.0,1,0.2431807023483666,50
5390,3,11218,4420,6798,0,0,0,1.0,1,1.0,1,1.0,1,0.2412684892046093,52
5391,3,11221,4422,6799,0,0,0,1.0,1,1.0,1,1.0,1,0.23624787684090554,52
5392,1,11222,4422,6800,0,0,0,1.0,1,1.0,1,1.0,1,0.23857639843377368,51
5393,2,11224,4424,6800,0,0,0,1.0,1,1.0,1,1.0,1,0.2720377429670209,50
5394,0,11224,4424,6800,0,0,0,1.0,1,1.0,1,1.0,1,0.2717526596547258,50
5395,2,11226,4426,6800,0,0,0,1.0,1,1.0,1,1.0,1,0.3282592159674037,49
5396,3,11229,4428,6801,0,0,0,1.0,1,1.0,1,1.0,1,0.3374701453856478,48
5397,2,11231,4430,6801,0,0,0,1.0,1,1.0,1,1.0,1,0.3521639291382916,48
5398,2,11233,4430,6803,0,0,0,1.0,1,1.0,1,1.0,1,0.36894807666391993,46
5399,2,11235,4432,6803,0,0,0,1.0,1,1.0,1,1.0,1,0.3737737270175931,46
5400,2,11237,4434,6803,0,0,0,1.0,1,1.0,1,1.0,1,0.3980235024940499,48
5401,10,11247,4434,6813,0,0,0,1.0,1,1.0,1,1.0,1,0.23192454711216579,49
5402,0,11247,4434,6813,0,0,0,1.0,1,1.0,1,1.0,1,0.0,0
