,SuccessfulHandoverCount,TotalSuccessfulHandoverCount,TotalSuccessfulHandoverCountRange,TotalSuccessfulHandoverCountLoadBalancing,TotalSuccessfulHandoverCountOverload,FailedHandoverCount,TotalFailedHandoverCount,AvgQoS,MinQoS,AvgQoS_LoadBased,MinQoS_LoadBased,AvgQoS_RangeBased,MinQoS_RangeBased,GiniLoad,VehicleCount
0,0,0,0,0,0,0,0,1.0,1,1.0,1,1.0,1,0.0,0
1,16,16,0,16,0,0,0,1.0,1,1.0,1,1.0,1,0.29816839317586874,30
2,13,29,0,29,0,0,0,1.0,1,1.0,1,1.0,1,0.31201973957963103,32
3,12,41,0,41,0,0,0,1.0,1,1.0,1,1.0,1,0.2975813495389383,33
4,14,55,0,55,0,0,0,1.0,1,1.0,1,1.0,1,0.24429833430659884,34
5,14,69,0,69,0,0,0,1.0,1,1.0,1,1.0,1,0.23627427373530635,36
6,14,83,0,83,0,0,0,1.0,1,1.0,1,1.0,1,0.18702316783465064,38
7,14,97,0,97,0,0,0,1.0,1,1.0,1,1.0,1,0.22062355819815602,40
8,18,115,0,115,0,0,0,1.0,1,1.0,1,1.0,1,0.21212122313990692,40
9,10,125,0,125,0,0,0,1.0,1,1.0,1,1.0,1,0.2219351887055718,40
10,13,138,0,138,0,0,0,1.0,1,1.0,1,1.0,1,0.1936781615886916,41
11,15,153,0,153,0,0,0,1.0,1,1.0,1,1.0,1,0.1834442563604673,40
12,14,167,0,167,0,0,0,1.0,1,1.0,1,1.0,1,0.18576290961327363,39
13,12,179,1,178,0,0,0,1.0,1,1.0,1,1.0,1,0.23053519215369955,37
14,12,191,1,190,0,0,0,1.0,1,1.0,1,1.0,1,0.26158247048369704,35
15,12,203,1,202,0,0,0,1.0,1,1.0,1,1.0,1,0.17948922364940836,36
16,0,203,1,202,0,0,0,1.0,1,1.0,1,1.0,1,0.2333528314955292,34
17,0,203,1,202,0,0,0,1.0,1,1.0,1,1.0,1,0.2550723173682696,33
18,0,203,1,202,0,0,0,1.0,1,1.0,1,1.0,1,0.2709435885439128,34
19,1,204,2,202,0,0,0,1.0,1,1.0,1,1.0,1,0.2846330621440542,34
20,0,204,2,202,0,0,0,1.0,1,1.0,1,1.0,1,0.2682892546728207,34
21,0,204,2,202,0,0,0,1.0,1,1.0,1,1.0,1,0.27551352637852305,36
22,0,204,2,202,0,0,0,1.0,1,1.0,1,1.0,1,0.28108186259753454,35
23,3,207,3,204,0,0,0,1.0,1,1.0,1,1.0,1,0.2721847047381469,35
24,0,207,3,204,0,0,0,1.0,1,1.0,1,1.0,1,0.24104733852993412,35
25,6,213,7,206,0,0,0,1.0,1,1.0,1,1.0,1,0.2764868071300542,35
26,3,216,8,208,0,0,0,1.0,1,1.0,1,1.0,1,0.28736508230100755,36
27,2,218,8,210,0,0,0,1.0,1,1.0,1,1.0,1,0.2378309477673962,34
28,1,219,9,210,0,0,0,1.0,1,1.0,1,1.0,1,0.24751953416179215,35
29,1,220,9,211,0,0,0,1.0,1,1.0,1,1.0,1,0.22386492136242728,33
30,1,221,10,211,0,0,0,1.0,1,1.0,1,1.0,1,0.2553250018220296,33
31,4,225,12,213,0,0,0,1.0,1,1.0,1,1.0,1,0.28853933354713907,33
32,1,226,13,213,0,0,0,1.0,1,1.0,1,1.0,1,0.324999537553797,32
33,0,226,13,213,0,0,0,1.0,1,1.0,1,1.0,1,0.3352123808472113,33
34,2,228,14,214,0,0,0,1.0,1,1.0,1,1.0,1,0.33248344899497423,33
35,0,228,14,214,0,0,0,1.0,1,1.0,1,1.0,1,0.32817576413146754,35
36,0,228,14,214,0,0,0,1.0,1,1.0,1,1.0,1,0.3387425467503167,36
37,2,230,15,215,0,0,0,1.0,1,1.0,1,1.0,1,0.29818697708263475,37
38,1,231,15,216,0,0,0,1.0,1,1.0,1,1.0,1,0.28477427181397047,36
39,2,233,15,218,0,0,0,1.0,1,1.0,1,1.0,1,0.2745623144272946,38
40,1,234,16,218,0,0,0,1.0,1,1.0,1,1.0,1,0.2641968665632735,40
41,0,234,16,218,0,0,0,1.0,1,1.0,1,1.0,1,0.2641968665632735,40
42,2,236,18,218,0,0,0,1.0,1,1.0,1,1.0,1,0.30415810476373983,40
43,4,240,19,221,0,0,0,1.0,1,1.0,1,1.0,1,0.2965203468351173,43
44,1,241,19,222,0,0,0,1.0,1,1.0,1,1.0,1,0.2801776766559217,43
45,1,242,20,222,0,0,0,1.0,1,1.0,1,1.0,1,0.27206663821694266,44
46,1,243,20,223,0,0,0,1.0,1,1.0,1,1.0,1,0.2577572437575642,44
47,0,243,20,223,0,0,0,1.0,1,1.0,1,1.0,1,0.2577572437575642,44
48,1,244,21,223,0,0,0,1.0,1,1.0,1,1.0,1,0.2854404199053719,44
49,1,245,22,223,0,0,0,1.0,1,1.0,1,1.0,1,0.27174138395851594,41
50,1,246,23,223,0,0,0,1.0,1,1.0,1,1.0,1,0.3074031225603841,40
51,0,246,23,223,0,0,0,1.0,1,1.0,1,1.0,1,0.32131371945359,38
52,1,247,24,223,0,0,0,1.0,1,1.0,1,1.0,1,0.34523224581550127,37
53,1,248,24,224,0,0,0,1.0,1,1.0,1,1.0,1,0.34167412104885647,38
54,4,252,26,226,0,0,0,1.0,1,1.0,1,1.0,1,0.3335208955468397,38
55,1,253,26,227,0,0,0,1.0,1,1.0,1,1.0,1,0.30444087057430635,38
56,0,253,26,227,0,0,0,1.0,1,1.0,1,1.0,1,0.3489612665965722,38
57,1,254,27,227,0,0,0,1.0,1,1.0,1,1.0,1,0.3435841108356181,38
58,3,257,30,227,0,0,0,1.0,1,1.0,1,1.0,1,0.3720035673554403,38
59,2,259,30,229,0,0,0,1.0,1,1.0,1,1.0,1,0.3417462136397346,40
60,2,261,31,230,0,0,0,1.0,1,1.0,1,1.0,1,0.36312498115017344,40
61,3,264,31,233,0,0,0,1.0,1,1.0,1,1.0,1,0.2884717170566007,40
62,2,266,32,234,0,0,0,1.0,1,1.0,1,1.0,1,0.29085075217551876,42
63,3,269,34,235,0,0,0,1.0,1,1.0,1,1.0,1,0.2929405144359666,40
64,0,269,34,235,0,0,0,1.0,1,1.0,1,1.0,1,0.28718975320646434,41
65,1,270,35,235,0,0,0,1.0,1,1.0,1,1.0,1,0.30644922843498923,41
66,3,273,36,237,0,0,0,1.0,1,1.0,1,1.0,1,0.289163837388795,41
67,1,274,36,238,0,0,0,1.0,1,1.0,1,1.0,1,0.2564151215731891,41
68,1,275,37,238,0,0,0,1.0,1,1.0,1,1.0,1,0.2639096979534071,41
69,1,276,38,238,0,0,0,1.0,1,1.0,1,1.0,1,0.2675754114192599,41
70,2,278,38,240,0,0,0,1.0,1,1.0,1,1.0,1,0.2498551003961838,42
71,3,281,40,241,0,0,0,1.0,1,1.0,1,1.0,1,0.26213892802546696,44
72,2,283,40,243,0,0,0,1.0,1,1.0,1,1.0,1,0.21366343010492952,44
73,2,285,40,245,0,0,0,1.0,1,1.0,1,1.0,1,0.19740530794997166,46
74,0,285,40,245,0,0,0,1.0,1,1.0,1,1.0,1,0.21797640616862748,44
75,1,286,40,246,0,0,0,1.0,1,1.0,1,1.0,1,0.19440244512364968,44
76,3,289,42,247,0,0,0,1.0,1,1.0,1,1.0,1,0.273770604208029,45
77,3,292,43,249,0,0,0,1.0,1,1.0,1,1.0,1,0.21694578091546135,44
78,1,293,43,250,0,0,0,1.0,1,1.0,1,1.0,1,0.22488973049352903,44
79,0,293,43,250,0,0,0,1.0,1,1.0,1,1.0,1,0.2457977489271773,43
80,1,294,44,250,0,0,0,1.0,1,1.0,1,1.0,1,0.2385436497387456,43
81,3,297,47,250,0,0,0,1.0,1,1.0,1,1.0,1,0.31840235598327915,44
82,3,300,48,252,0,0,0,1.0,1,1.0,1,1.0,1,0.2949069972253153,45
83,3,303,50,253,0,0,0,1.0,1,1.0,1,1.0,1,0.3516000469127172,45
84,4,307,50,257,0,0,0,1.0,1,1.0,1,1.0,1,0.30858687372621135,45
85,1,308,51,257,0,0,0,1.0,1,1.0,1,1.0,1,0.30946533766520046,45
86,0,308,51,257,0,0,0,1.0,1,1.0,1,1.0,1,0.30946533766520046,45
87,0,308,51,257,0,0,0,1.0,1,1.0,1,1.0,1,0.3152460365030949,44
88,0,308,51,257,0,0,0,1.0,1,1.0,1,1.0,1,0.3092692707696953,45
89,1,309,51,258,0,0,0,1.0,1,1.0,1,1.0,1,0.2788553508756538,46
90,0,309,51,258,0,0,0,1.0,1,1.0,1,1.0,1,0.3034725988415719,44
91,2,311,51,260,0,0,0,1.0,1,1.0,1,1.0,1,0.2706257532697189,45
92,0,311,51,260,0,0,0,1.0,1,1.0,1,1.0,1,0.28449039658523306,46
93,0,311,51,260,0,0,0,1.0,1,1.0,1,1.0,1,0.28449039658523306,46
94,2,313,52,261,0,0,0,1.0,1,1.0,1,1.0,1,0.27475779819650004,46
95,1,314,52,262,0,0,0,1.0,1,1.0,1,1.0,1,0.2903290490533679,46
96,2,316,53,263,0,0,0,1.0,1,1.0,1,1.0,1,0.28911946082060286,46
97,1,317,53,264,0,0,0,1.0,1,1.0,1,1.0,1,0.2777658221085264,47
98,0,317,53,264,0,0,0,1.0,1,1.0,1,1.0,1,0.2777658221085264,47
99,0,317,53,264,0,0,0,1.0,1,1.0,1,1.0,1,0.2901598118815029,46
100,2,319,54,265,0,0,0,1.0,1,1.0,1,1.0,1,0.31247225756058544,48
101,2,321,55,266,0,0,0,1.0,1,1.0,1,1.0,1,0.30571067348447845,49
102,1,322,56,266,0,0,0,1.0,1,1.0,1,1.0,1,0.3118125247326051,49
103,2,324,57,267,0,0,0,1.0,1,1.0,1,1.0,1,0.2950641241477953,48
104,4,328,59,269,0,0,0,1.0,1,1.0,1,1.0,1,0.3225695200107288,49
105,3,331,61,270,0,0,0,1.0,1,1.0,1,1.0,1,0.3184838846445676,48
106,5,336,62,274,0,0,0,1.0,1,1.0,1,1.0,1,0.24599886095346754,48
107,3,339,63,276,0,0,0,1.0,1,1.0,1,1.0,1,0.2367216739336565,47
108,0,339,63,276,0,0,0,1.0,1,1.0,1,1.0,1,0.22626190585124029,47
109,2,341,64,277,0,0,0,1.0,1,1.0,1,1.0,1,0.2560428164186461,47
110,2,343,66,277,0,0,0,1.0,1,1.0,1,1.0,1,0.257243199715959,47
111,3,346,68,278,0,0,0,1.0,1,1.0,1,1.0,1,0.17143673111392962,46
112,3,349,70,279,0,0,0,1.0,1,1.0,1,1.0,1,0.16395520813640707,46
113,4,353,73,280,0,0,0,1.0,1,1.0,1,1.0,1,0.15100347638743664,45
114,1,354,74,280,0,0,0,1.0,1,1.0,1,1.0,1,0.1886015738877976,46
115,2,356,76,280,0,0,0,1.0,1,1.0,1,1.0,1,0.22442902812395016,47
116,0,356,76,280,0,0,0,1.0,1,1.0,1,1.0,1,0.20407503947873154,48
117,3,359,77,282,0,0,0,1.0,1,1.0,1,1.0,1,0.22803056312259462,48
118,1,360,77,283,0,0,0,1.0,1,1.0,1,1.0,1,0.20553719641588528,49
119,0,360,77,283,0,0,0,1.0,1,1.0,1,1.0,1,0.19079698037323253,50
120,1,361,77,284,0,0,0,1.0,1,1.0,1,1.0,1,0.18074361376935014,51
121,0,361,77,284,0,0,0,1.0,1,1.0,1,1.0,1,0.18074361376935014,51
122,1,362,78,284,0,0,0,1.0,1,1.0,1,1.0,1,0.1672912982353582,51
123,0,362,78,284,0,0,0,1.0,1,1.0,1,1.0,1,0.1672912982353582,51
124,0,362,78,284,0,0,0,1.0,1,1.0,1,1.0,1,0.1672912982353582,51
125,0,362,78,284,0,0,0,1.0,1,1.0,1,1.0,1,0.21527492102028015,50
126,6,368,81,287,0,0,0,1.0,1,1.0,1,1.0,1,0.17689326626605928,52
127,1,369,82,287,0,0,0,1.0,1,1.0,1,1.0,1,0.19765094443339687,50
128,1,370,82,288,0,0,0,1.0,1,1.0,1,1.0,1,0.1904101700425834,50
129,0,370,82,288,0,0,0,1.0,1,1.0,1,1.0,1,0.21686674016442845,52
130,3,373,83,290,0,0,0,1.0,1,1.0,1,1.0,1,0.21158466616545113,52
131,2,375,83,292,0,0,0,1.0,1,1.0,1,1.0,1,0.20658939206447624,54
132,3,378,84,294,0,0,0,1.0,1,1.0,1,1.0,1,0.22172658724340366,54
133,0,378,84,294,0,0,0,1.0,1,1.0,1,1.0,1,0.2330679357908337,52
134,4,382,86,296,0,0,0,1.0,1,1.0,1,1.0,1,0.24663441558793417,52
135,5,387,91,296,0,0,0,1.0,1,1.0,1,1.0,1,0.3234017088234426,51
136,9,396,94,302,0,0,0,1.0,1,1.0,1,1.0,1,0.21438922024392632,51
137,3,399,95,304,0,0,0,1.0,1,1.0,1,1.0,1,0.1585912731596619,50
138,4,403,96,307,0,0,0,1.0,1,1.0,1,1.0,1,0.1228068736051479,52
139,3,406,99,307,0,0,0,1.0,1,1.0,1,1.0,1,0.15535018290018254,51
140,1,407,100,307,0,0,0,1.0,1,1.0,1,1.0,1,0.14255830218133622,51
141,1,408,101,307,0,0,0,1.0,1,1.0,1,1.0,1,0.19388858132292788,50
142,5,413,104,309,0,0,0,1.0,1,1.0,1,1.0,1,0.1413631547620092,51
143,1,414,104,310,0,0,0,1.0,1,1.0,1,1.0,1,0.15463085566461784,48
144,1,415,105,310,0,0,0,1.0,1,1.0,1,1.0,1,0.16425731601895188,49
145,2,417,107,310,0,0,0,1.0,1,1.0,1,1.0,1,0.15754061899444985,47
146,4,421,109,312,0,0,0,1.0,1,1.0,1,1.0,1,0.1805234978700702,49
147,1,422,110,312,0,0,0,1.0,1,1.0,1,1.0,1,0.20809257008267468,46
148,2,424,112,312,0,0,0,1.0,1,1.0,1,1.0,1,0.19159486126744113,47
149,1,425,113,312,0,0,0,1.0,1,1.0,1,1.0,1,0.21818964051053757,46
150,1,426,114,312,0,0,0,1.0,1,1.0,1,1.0,1,0.2164400863339013,47
151,5,431,114,317,0,0,0,1.0,1,1.0,1,1.0,1,0.12096244428616125,46
152,0,431,114,317,0,0,0,1.0,1,1.0,1,1.0,1,0.12806468307058355,45
153,0,431,114,317,0,0,0,1.0,1,1.0,1,1.0,1,0.14076898643326008,46
154,0,431,114,317,0,0,0,1.0,1,1.0,1,1.0,1,0.14484010369278233,44
155,3,434,116,318,0,0,0,1.0,1,1.0,1,1.0,1,0.19035475459434484,45
156,4,438,118,320,0,0,0,1.0,1,1.0,1,1.0,1,0.19960418132339802,43
157,1,439,119,320,0,0,0,1.0,1,1.0,1,1.0,1,0.21911781469792838,42
158,0,439,119,320,0,0,0,1.0,1,1.0,1,1.0,1,0.23838946306725037,43
159,3,442,121,321,0,0,0,1.0,1,1.0,1,1.0,1,0.23942076874683146,44
160,1,443,121,322,0,0,0,1.0,1,1.0,1,1.0,1,0.2161092653678278,44
161,2,445,123,322,0,0,0,1.0,1,1.0,1,1.0,1,0.2656509351852613,44
162,1,446,123,323,0,0,0,1.0,1,1.0,1,1.0,1,0.24372137871431215,44
163,6,452,128,324,0,0,0,1.0,1,1.0,1,1.0,1,0.3199610180478962,44
164,3,455,130,325,0,0,0,1.0,1,1.0,1,1.0,1,0.3546936952632762,44
165,2,457,132,325,0,0,0,1.0,1,1.0,1,1.0,1,0.3253633834517304,43
166,11,468,133,335,0,0,0,1.0,1,1.0,1,1.0,1,0.1791452491676737,43
167,0,468,133,335,0,0,0,1.0,1,1.0,1,1.0,1,0.16243580769347613,42
168,0,468,133,335,0,0,0,1.0,1,1.0,1,1.0,1,0.1238120975493938,40
169,0,468,133,335,0,0,0,1.0,1,1.0,1,1.0,1,0.0974767457546276,41
170,1,469,133,336,0,0,0,1.0,1,1.0,1,1.0,1,0.10398485097675574,39
171,1,470,134,336,0,0,0,1.0,1,1.0,1,1.0,1,0.15132307002712467,39
172,0,470,134,336,0,0,0,1.0,1,1.0,1,1.0,1,0.1629594072549602,38
173,2,472,135,337,0,0,0,1.0,1,1.0,1,1.0,1,0.18667167074359486,38
174,2,474,135,339,0,0,0,1.0,1,1.0,1,1.0,1,0.19980633827436203,37
175,2,476,137,339,0,0,0,1.0,1,1.0,1,1.0,1,0.2672303763205702,36
176,1,477,138,339,0,0,0,1.0,1,1.0,1,1.0,1,0.310550033029771,36
177,1,478,139,339,0,0,0,1.0,1,1.0,1,1.0,1,0.31921892978919414,38
178,0,478,139,339,0,0,0,1.0,1,1.0,1,1.0,1,0.3275205394959996,39
179,0,478,139,339,0,0,0,1.0,1,1.0,1,1.0,1,0.3452011275048334,40
180,0,478,139,339,0,0,0,1.0,1,1.0,1,1.0,1,0.3452011275048334,40
181,4,482,139,343,0,0,0,1.0,1,1.0,1,1.0,1,0.2962045114917751,39
182,2,484,140,344,0,0,0,1.0,1,1.0,1,1.0,1,0.27451899223479764,40
183,2,486,142,344,0,0,0,1.0,1,1.0,1,1.0,1,0.3231463572432747,40
184,2,488,143,345,0,0,0,1.0,1,1.0,1,1.0,1,0.3593456016321082,38
185,2,490,144,346,0,0,0,1.0,1,1.0,1,1.0,1,0.39024137941495407,38
186,1,491,144,347,0,0,0,1.0,1,1.0,1,1.0,1,0.34782158603688945,37
187,4,495,145,350,0,0,0,1.0,1,1.0,1,1.0,1,0.3227695822400146,36
188,2,497,146,351,0,0,0,1.0,1,1.0,1,1.0,1,0.3087396438174721,36
189,2,499,147,352,0,0,0,1.0,1,1.0,1,1.0,1,0.27717400428577715,36
190,2,501,148,353,0,0,0,1.0,1,1.0,1,1.0,1,0.28638223539322627,36
191,1,502,149,353,0,0,0,1.0,1,1.0,1,1.0,1,0.2891657265386653,37
192,0,502,149,353,0,0,0,1.0,1,1.0,1,1.0,1,0.2891657265386653,37
193,1,503,149,354,0,0,0,1.0,1,1.0,1,1.0,1,0.26226919878013505,38
194,0,503,149,354,0,0,0,1.0,1,1.0,1,1.0,1,0.2720645833015541,39
195,2,505,151,354,0,0,0,1.0,1,1.0,1,1.0,1,0.2943766308906761,40
196,6,511,152,359,0,0,0,1.0,1,1.0,1,1.0,1,0.13704245388902433,40
197,0,511,152,359,0,0,0,1.0,1,1.0,1,1.0,1,0.18445691040286918,40
198,1,512,153,359,0,0,0,1.0,1,1.0,1,1.0,1,0.1999755979456549,40
199,1,513,154,359,0,0,0,1.0,1,1.0,1,1.0,1,0.20519566344804133,40
200,1,514,154,360,0,0,0,1.0,1,1.0,1,1.0,1,0.18868469322591663,40
201,2,516,156,360,0,0,0,1.0,1,1.0,1,1.0,1,0.12790024638467837,39
202,1,517,156,361,0,0,0,1.0,1,1.0,1,1.0,1,0.12142565751142455,40
203,1,518,157,361,0,0,0,1.0,1,1.0,1,1.0,1,0.11806646995240763,39
204,2,520,159,361,0,0,0,1.0,1,1.0,1,1.0,1,0.16250262067438354,38
205,2,522,161,361,0,0,0,1.0,1,1.0,1,1.0,1,0.17473926114604219,37
206,0,522,161,361,0,0,0,1.0,1,1.0,1,1.0,1,0.1584970168415703,36
207,0,522,161,361,0,0,0,1.0,1,1.0,1,1.0,1,0.1753140896233584,37
208,0,522,161,361,0,0,0,1.0,1,1.0,1,1.0,1,0.24019993823457825,36
209,0,522,161,361,0,0,0,1.0,1,1.0,1,1.0,1,0.24019993823457825,36
210,2,524,163,361,0,0,0,1.0,1,1.0,1,1.0,1,0.28135698952099814,36
211,6,530,164,366,0,0,0,1.0,1,1.0,1,1.0,1,0.31258283347831806,34
212,4,534,165,369,0,0,0,1.0,1,1.0,1,1.0,1,0.30557318179397663,34
213,1,535,165,370,0,0,0,1.0,1,1.0,1,1.0,1,0.3229631114719478,36
214,5,540,167,373,0,0,0,1.0,1,1.0,1,1.0,1,0.30651340598154014,35
215,2,542,167,375,0,0,0,1.0,1,1.0,1,1.0,1,0.28921479196165084,35
216,3,545,167,378,0,0,0,1.0,1,1.0,1,1.0,1,0.26145509461651745,37
217,4,549,168,381,0,0,0,1.0,1,1.0,1,1.0,1,0.235032798479627,37
218,4,553,171,382,0,0,0,1.0,1,1.0,1,1.0,1,0.25577149499503293,37
219,2,555,172,383,0,0,0,1.0,1,1.0,1,1.0,1,0.2428825369389521,37
220,5,560,173,387,0,0,0,1.0,1,1.0,1,1.0,1,0.3001722679886203,38
221,4,564,174,390,0,0,0,1.0,1,1.0,1,1.0,1,0.23686336311616796,39
222,2,566,175,391,0,0,0,1.0,1,1.0,1,1.0,1,0.20852770613365437,39
223,2,568,176,392,0,0,0,1.0,1,1.0,1,1.0,1,0.16403200649483,40
224,4,572,179,393,0,0,0,1.0,1,1.0,1,1.0,1,0.21033604568524905,40
225,2,574,180,394,0,0,0,1.0,1,1.0,1,1.0,1,0.2570831434229651,39
226,4,578,184,394,0,0,0,1.0,1,1.0,1,1.0,1,0.18429029228021288,39
227,2,580,185,395,0,0,0,1.0,1,1.0,1,1.0,1,0.234123935736403,39
228,2,582,186,396,0,0,0,1.0,1,1.0,1,1.0,1,0.22190164505765952,38
229,5,587,189,398,0,0,0,1.0,1,1.0,1,1.0,1,0.2832437947685172,39
230,2,589,191,398,0,0,0,1.0,1,1.0,1,1.0,1,0.2976863173640659,38
231,3,592,192,400,0,0,0,1.0,1,1.0,1,1.0,1,0.22583974202842386,38
232,3,595,194,401,0,0,0,1.0,1,1.0,1,1.0,1,0.2528620650947009,37
233,0,595,194,401,0,0,0,1.0,1,1.0,1,1.0,1,0.24420814770964872,36
234,0,595,194,401,0,0,0,1.0,1,1.0,1,1.0,1,0.26410761102440494,34
235,3,598,195,403,0,0,0,1.0,1,1.0,1,1.0,1,0.2907126832229142,34
236,0,598,195,403,0,0,0,1.0,1,1.0,1,1.0,1,0.3189901800030769,33
237,0,598,195,403,0,0,0,1.0,1,1.0,1,1.0,1,0.3628936258536696,32
238,0,598,195,403,0,0,0,1.0,1,1.0,1,1.0,1,0.3657247091199668,32
239,2,600,197,403,0,0,0,1.0,1,1.0,1,1.0,1,0.4342792229598542,31
240,0,600,197,403,0,0,0,1.0,1,1.0,1,1.0,1,0.48549072985031905,28
241,6,606,199,407,0,0,0,1.0,1,1.0,1,1.0,1,0.34834395637447585,27
242,1,607,199,408,0,0,0,1.0,1,1.0,1,1.0,1,0.2893678603802325,29
243,2,609,200,409,0,0,0,1.0,1,1.0,1,1.0,1,0.25973670070372357,28
244,0,609,200,409,0,0,0,1.0,1,1.0,1,1.0,1,0.24053847151684282,28
245,1,610,200,410,0,0,0,1.0,1,1.0,1,1.0,1,0.1522319063810396,27
246,2,612,202,410,0,0,0,1.0,1,1.0,1,1.0,1,0.20208542247423722,25
247,0,612,202,410,0,0,0,1.0,1,1.0,1,1.0,1,0.21390014777517113,26
248,1,613,202,411,0,0,0,1.0,1,1.0,1,1.0,1,0.22690802926067866,27
249,1,614,203,411,0,0,0,1.0,1,1.0,1,1.0,1,0.2529207653184708,26
250,1,615,203,412,0,0,0,1.0,1,1.0,1,1.0,1,0.2640665526070155,27
251,1,616,203,413,0,0,0,1.0,1,1.0,1,1.0,1,0.2729403094811725,28
252,3,619,205,414,0,0,0,1.0,1,1.0,1,1.0,1,0.3032208782220851,28
253,1,620,206,414,0,0,0,1.0,1,1.0,1,1.0,1,0.294558236055906,28
254,1,621,206,415,0,0,0,1.0,1,1.0,1,1.0,1,0.30020918078671577,29
255,1,622,207,415,0,0,0,1.0,1,1.0,1,1.0,1,0.32722225348768313,30
256,1,623,207,416,0,0,0,1.0,1,1.0,1,1.0,1,0.31573529602227396,30
257,3,626,208,418,0,0,0,1.0,1,1.0,1,1.0,1,0.3125849384300925,32
258,1,627,209,418,0,0,0,1.0,1,1.0,1,1.0,1,0.28761499080029557,32
259,0,627,209,418,0,0,0,1.0,1,1.0,1,1.0,1,0.28761499080029557,32
260,0,627,209,418,0,0,0,1.0,1,1.0,1,1.0,1,0.2533923849539047,34
261,0,627,209,418,0,0,0,1.0,1,1.0,1,1.0,1,0.2687678859766742,35
262,3,630,211,419,0,0,0,1.0,1,1.0,1,1.0,1,0.3246678336342461,36
263,0,630,211,419,0,0,0,1.0,1,1.0,1,1.0,1,0.31686791841048506,34
264,2,632,213,419,0,0,0,1.0,1,1.0,1,1.0,1,0.37816029558758196,34
265,0,632,213,419,0,0,0,1.0,1,1.0,1,1.0,1,0.4150016559086702,33
266,1,633,214,419,0,0,0,1.0,1,1.0,1,1.0,1,0.43251259505945555,34
267,0,633,214,419,0,0,0,1.0,1,1.0,1,1.0,1,0.43221213493442867,33
268,1,634,214,420,0,0,0,1.0,1,1.0,1,1.0,1,0.43230945695281364,34
269,2,636,215,421,0,0,0,1.0,1,1.0,1,1.0,1,0.41182873159781425,34
270,2,638,215,423,0,0,0,1.0,1,1.0,1,1.0,1,0.3824801467490262,36
271,2,640,215,425,0,0,0,1.0,1,1.0,1,1.0,1,0.3416516563035389,36
272,2,642,215,427,0,0,0,1.0,1,1.0,1,1.0,1,0.31617510346835875,38
273,0,642,215,427,0,0,0,1.0,1,1.0,1,1.0,1,0.31617510346835875,38
274,2,644,217,427,0,0,0,1.0,1,1.0,1,1.0,1,0.35778866447428276,38
275,3,647,218,429,0,0,0,1.0,1,1.0,1,1.0,1,0.30646305485192626,38
276,0,647,218,429,0,0,0,1.0,1,1.0,1,1.0,1,0.3072860742333764,39
277,2,649,219,430,0,0,0,1.0,1,1.0,1,1.0,1,0.29502667484744294,38
278,1,650,219,431,0,0,0,1.0,1,1.0,1,1.0,1,0.25230318567840165,38
279,0,650,219,431,0,0,0,1.0,1,1.0,1,1.0,1,0.24173268595521563,38
280,0,650,219,431,0,0,0,1.0,1,1.0,1,1.0,1,0.24872618319064352,38
281,0,650,219,431,0,0,0,1.0,1,1.0,1,1.0,1,0.24362876732752556,38
282,1,651,219,432,0,0,0,1.0,1,1.0,1,1.0,1,0.2254218435106608,38
283,0,651,219,432,0,0,0,1.0,1,1.0,1,1.0,1,0.2254218435106608,38
284,0,651,219,432,0,0,0,1.0,1,1.0,1,1.0,1,0.21637308003080788,39
285,1,652,220,432,0,0,0,1.0,1,1.0,1,1.0,1,0.2633566406660601,39
286,1,653,220,433,0,0,0,1.0,1,1.0,1,1.0,1,0.24954454675273896,39
287,2,655,221,434,0,0,0,1.0,1,1.0,1,1.0,1,0.3179855282919982,39
288,2,657,221,436,0,0,0,1.0,1,1.0,1,1.0,1,0.2620771247833011,39
289,1,658,222,436,0,0,0,1.0,1,1.0,1,1.0,1,0.2745074204938424,39
290,0,658,222,436,0,0,0,1.0,1,1.0,1,1.0,1,0.274780535435118,39
291,1,659,222,437,0,0,0,1.0,1,1.0,1,1.0,1,0.2564339601779869,39
292,2,661,222,439,0,0,0,1.0,1,1.0,1,1.0,1,0.23125359771723475,40
293,2,663,223,440,0,0,0,1.0,1,1.0,1,1.0,1,0.2215296414832861,41
294,2,665,224,441,0,0,0,1.0,1,1.0,1,1.0,1,0.2163715038679731,40
295,3,668,226,442,0,0,0,1.0,1,1.0,1,1.0,1,0.24641372529306776,42
296,4,672,228,444,0,0,0,1.0,1,1.0,1,1.0,1,0.3092476806932951,42
297,7,679,230,449,0,0,0,1.0,1,1.0,1,1.0,1,0.27057363715005756,43
298,4,683,231,452,0,0,0,1.0,1,1.0,1,1.0,1,0.26611995895669066,44
299,1,684,231,453,0,0,0,1.0,1,1.0,1,1.0,1,0.27588460540383936,44
300,1,685,231,454,0,0,0,1.0,1,1.0,1,1.0,1,0.28311100597459393,45
301,6,691,232,459,0,0,0,1.0,1,1.0,1,1.0,1,0.16069296549718295,47
302,4,695,234,461,0,0,0,1.0,1,1.0,1,1.0,1,0.16790472571320336,46
303,2,697,236,461,0,0,0,1.0,1,1.0,1,1.0,1,0.1962696416671101,45
304,3,700,239,461,0,0,0,1.0,1,1.0,1,1.0,1,0.22713419873433216,45
305,0,700,239,461,0,0,0,1.0,1,1.0,1,1.0,1,0.21806485772474576,43
306,4,704,240,464,0,0,0,1.0,1,1.0,1,1.0,1,0.2010263259748345,44
307,1,705,241,464,0,0,0,1.0,1,1.0,1,1.0,1,0.21909744063050496,42
308,1,706,242,464,0,0,0,1.0,1,1.0,1,1.0,1,0.1841339985050929,41
309,0,706,242,464,0,0,0,1.0,1,1.0,1,1.0,1,0.19547964904290302,42
310,0,706,242,464,0,0,0,1.0,1,1.0,1,1.0,1,0.19688729425801446,41
311,0,706,242,464,0,0,0,1.0,1,1.0,1,1.0,1,0.19688729425801446,41
312,1,707,242,465,0,0,0,1.0,1,1.0,1,1.0,1,0.2119724736653186,44
313,0,707,242,465,0,0,0,1.0,1,1.0,1,1.0,1,0.2149178060021055,43
314,1,708,243,465,0,0,0,1.0,1,1.0,1,1.0,1,0.2191375898826906,43
315,1,709,244,465,0,0,0,1.0,1,1.0,1,1.0,1,0.24688823644951796,43
316,2,711,244,467,0,0,0,1.0,1,1.0,1,1.0,1,0.1968308802820091,43
317,2,713,244,469,0,0,0,1.0,1,1.0,1,1.0,1,0.1814222977864934,44
318,3,716,246,470,0,0,0,1.0,1,1.0,1,1.0,1,0.24793213949292636,45
319,2,718,246,472,0,0,0,1.0,1,1.0,1,1.0,1,0.1848612601817328,46
320,2,720,247,473,0,0,0,1.0,1,1.0,1,1.0,1,0.21946210277228104,45
321,1,721,248,473,0,0,0,1.0,1,1.0,1,1.0,1,0.18087735837786595,44
322,0,721,248,473,0,0,0,1.0,1,1.0,1,1.0,1,0.17711551700323874,42
323,3,724,250,474,0,0,0,1.0,1,1.0,1,1.0,1,0.21025222851818912,42
324,0,724,250,474,0,0,0,1.0,1,1.0,1,1.0,1,0.21963252029327573,43
325,2,726,252,474,0,0,0,1.0,1,1.0,1,1.0,1,0.26228750135538936,43
326,1,727,252,475,0,0,0,1.0,1,1.0,1,1.0,1,0.253886805824637,43
327,2,729,254,475,0,0,0,1.0,1,1.0,1,1.0,1,0.3016922166049353,44
328,2,731,255,476,0,0,0,1.0,1,1.0,1,1.0,1,0.31652107797489465,44
329,0,731,255,476,0,0,0,1.0,1,1.0,1,1.0,1,0.29754361618639863,45
330,0,731,255,476,0,0,0,1.0,1,1.0,1,1.0,1,0.29573348583699094,46
331,7,738,256,482,0,0,0,1.0,1,1.0,1,1.0,1,0.20192871843178123,46
332,2,740,256,484,0,0,0,1.0,1,1.0,1,1.0,1,0.16468887952391004,47
333,0,740,256,484,0,0,0,1.0,1,1.0,1,1.0,1,0.17825840016434524,48
334,0,740,256,484,0,0,0,1.0,1,1.0,1,1.0,1,0.17825840016434524,48
335,1,741,256,485,0,0,0,1.0,1,1.0,1,1.0,1,0.1710025434331796,49
336,3,744,256,488,0,0,0,1.0,1,1.0,1,1.0,1,0.17428414695739555,50
337,2,746,256,490,0,0,0,1.0,1,1.0,1,1.0,1,0.16260485994135263,51
338,1,747,256,491,0,0,0,1.0,1,1.0,1,1.0,1,0.1500791720836733,51
339,0,747,256,491,0,0,0,1.0,1,1.0,1,1.0,1,0.1500791720836733,51
340,1,748,257,491,0,0,0,1.0,1,1.0,1,1.0,1,0.1575342227456851,51
341,0,748,257,491,0,0,0,1.0,1,1.0,1,1.0,1,0.15989806191474723,51
342,1,749,258,491,0,0,0,1.0,1,1.0,1,1.0,1,0.1779659366394946,51
343,0,749,258,491,0,0,0,1.0,1,1.0,1,1.0,1,0.19354042225449228,51
344,1,750,259,491,0,0,0,1.0,1,1.0,1,1.0,1,0.23540859899218866,50
345,0,750,259,491,0,0,0,1.0,1,1.0,1,1.0,1,0.23540859899218866,50
346,5,755,261,494,0,0,0,1.0,1,1.0,1,1.0,1,0.2407306838772245,50
347,1,756,261,495,0,0,0,1.0,1,1.0,1,1.0,1,0.23086826967139426,51
348,2,758,263,495,0,0,0,1.0,1,1.0,1,1.0,1,0.218006065823972,52
349,2,760,265,495,0,0,0,1.0,1,1.0,1,1.0,1,0.23537599386044436,54
350,4,764,265,499,0,0,0,1.0,1,1.0,1,1.0,1,0.2534097617430132,54
351,4,768,267,501,0,0,0,1.0,1,1.0,1,1.0,1,0.24211796044518352,54
352,4,772,267,505,0,0,0,1.0,1,1.0,1,1.0,1,0.2170952527828393,56
353,2,774,269,505,0,0,0,1.0,1,1.0,1,1.0,1,0.18286983751437325,54
354,1,775,269,506,0,0,0,1.0,1,1.0,1,1.0,1,0.15956950047107982,53
355,2,777,271,506,0,0,0,1.0,1,1.0,1,1.0,1,0.17081715161532973,54
356,1,778,272,506,0,0,0,1.0,1,1.0,1,1.0,1,0.18611906049006988,54
357,3,781,275,506,0,0,0,1.0,1,1.0,1,1.0,1,0.22657754611959519,53
358,0,781,275,506,0,0,0,1.0,1,1.0,1,1.0,1,0.26099406199642267,49
359,0,781,275,506,0,0,0,1.0,1,1.0,1,1.0,1,0.2516193580463656,48
360,0,781,275,506,0,0,0,1.0,1,1.0,1,1.0,1,0.26987308976272495,47
361,2,783,275,508,0,0,0,1.0,1,1.0,1,1.0,1,0.21638078466317065,46
362,0,783,275,508,0,0,0,1.0,1,1.0,1,1.0,1,0.21880114257985667,46
363,0,783,275,508,0,0,0,1.0,1,1.0,1,1.0,1,0.2349166387241113,47
364,3,786,277,509,0,0,0,1.0,1,1.0,1,1.0,1,0.25073430955165676,47
365,2,788,278,510,0,0,0,1.0,1,1.0,1,1.0,1,0.25241302132893306,47
366,3,791,280,511,0,0,0,1.0,1,1.0,1,1.0,1,0.2863046140079698,50
367,0,791,280,511,0,0,0,1.0,1,1.0,1,1.0,1,0.2863046140079698,50
368,1,792,280,512,0,0,0,1.0,1,1.0,1,1.0,1,0.2592066648760606,51
369,0,792,280,512,0,0,0,1.0,1,1.0,1,1.0,1,0.2763416794743887,51
370,1,793,280,513,0,0,0,1.0,1,1.0,1,1.0,1,0.2729033192455505,51
371,1,794,280,514,0,0,0,1.0,1,1.0,1,1.0,1,0.30294856661053365,52
372,0,794,280,514,0,0,0,1.0,1,1.0,1,1.0,1,0.2964493939664593,53
373,3,797,282,515,0,0,0,1.0,1,1.0,1,1.0,1,0.2948772020209623,53
374,6,803,283,520,0,0,0,1.0,1,1.0,1,1.0,1,0.20423019400223838,53
375,6,809,287,522,0,0,0,1.0,1,1.0,1,1.0,1,0.20976814862337395,53
376,3,812,288,524,0,0,0,1.0,1,1.0,1,1.0,1,0.17768538577908372,53
377,2,814,290,524,0,0,0,1.0,1,1.0,1,1.0,1,0.17062814715987085,53
378,1,815,291,524,0,0,0,1.0,1,1.0,1,1.0,1,0.1687180654971281,53
379,1,816,292,524,0,0,0,1.0,1,1.0,1,1.0,1,0.1843490511122434,54
380,0,816,292,524,0,0,0,1.0,1,1.0,1,1.0,1,0.1843490511122434,54
381,1,817,293,524,0,0,0,1.0,1,1.0,1,1.0,1,0.20600698385122293,54
382,0,817,293,524,0,0,0,1.0,1,1.0,1,1.0,1,0.21565886703580275,55
383,3,820,294,526,0,0,0,1.0,1,1.0,1,1.0,1,0.1748795180319361,55
384,4,824,295,529,0,0,0,1.0,1,1.0,1,1.0,1,0.1412208395407003,54
385,1,825,296,529,0,0,0,1.0,1,1.0,1,1.0,1,0.15666917973359984,52
386,2,827,298,529,0,0,0,1.0,1,1.0,1,1.0,1,0.17203130364902405,52
387,4,831,300,531,0,0,0,1.0,1,1.0,1,1.0,1,0.14381429667720527,50
388,3,834,302,532,0,0,0,1.0,1,1.0,1,1.0,1,0.17009681262005985,52
389,2,836,303,533,0,0,0,1.0,1,1.0,1,1.0,1,0.14850461322889788,51
390,1,837,304,533,0,0,0,1.0,1,1.0,1,1.0,1,0.17475154767122814,50
391,2,839,305,534,0,0,0,1.0,1,1.0,1,1.0,1,0.14708359615550431,49
392,2,841,306,535,0,0,0,1.0,1,1.0,1,1.0,1,0.16495847361588262,47
393,4,845,307,538,0,0,0,1.0,1,1.0,1,1.0,1,0.1932786512684276,47
394,2,847,309,538,0,0,0,1.0,1,1.0,1,1.0,1,0.24747061246356084,48
395,3,850,311,539,0,0,0,1.0,1,1.0,1,1.0,1,0.3091344066035937,46
396,5,855,313,542,0,0,0,1.0,1,1.0,1,1.0,1,0.27592111806551173,43
397,0,855,313,542,0,0,0,1.0,1,1.0,1,1.0,1,0.29850145333709205,42
398,1,856,314,542,0,0,0,1.0,1,1.0,1,1.0,1,0.37311264420290685,40
399,0,856,314,542,0,0,0,1.0,1,1.0,1,1.0,1,0.3633534835934922,39
400,1,857,315,542,0,0,0,1.0,1,1.0,1,1.0,1,0.3368241566253606,38
401,1,858,316,542,0,0,0,1.0,1,1.0,1,1.0,1,0.35968800354531816,37
402,1,859,317,542,0,0,0,1.0,1,1.0,1,1.0,1,0.35016221269990394,36
403,1,860,318,542,0,0,0,1.0,1,1.0,1,1.0,1,0.3129465467079566,38
404,2,862,320,542,0,0,0,1.0,1,1.0,1,1.0,1,0.39052730090510196,39
405,2,864,320,544,0,0,0,1.0,1,1.0,1,1.0,1,0.3363227169479312,40
406,4,868,321,547,0,0,0,1.0,1,1.0,1,1.0,1,0.2759249713296361,41
407,0,868,321,547,0,0,0,1.0,1,1.0,1,1.0,1,0.2594391915707622,42
408,0,868,321,547,0,0,0,1.0,1,1.0,1,1.0,1,0.24870550503641964,43
409,3,871,321,550,0,0,0,1.0,1,1.0,1,1.0,1,0.17236509657172105,44
410,0,871,321,550,0,0,0,1.0,1,1.0,1,1.0,1,0.19117478810451868,46
411,1,872,322,550,0,0,0,1.0,1,1.0,1,1.0,1,0.2138106400096979,46
412,1,873,323,550,0,0,0,1.0,1,1.0,1,1.0,1,0.23039922425552864,47
413,0,873,323,550,0,0,0,1.0,1,1.0,1,1.0,1,0.23039922425552864,47
414,0,873,323,550,0,0,0,1.0,1,1.0,1,1.0,1,0.23039922425552864,47
415,2,875,323,552,0,0,0,1.0,1,1.0,1,1.0,1,0.21406183136381426,48
416,0,875,323,552,0,0,0,1.0,1,1.0,1,1.0,1,0.22088360017921438,49
417,2,877,323,554,0,0,0,1.0,1,1.0,1,1.0,1,0.1862770283155141,49
418,2,879,324,555,0,0,0,1.0,1,1.0,1,1.0,1,0.2176612817031356,50
419,0,879,324,555,0,0,0,1.0,1,1.0,1,1.0,1,0.2176612817031356,50
420,3,882,324,558,0,0,0,1.0,1,1.0,1,1.0,1,0.21481448566360198,50
421,1,883,324,559,0,0,0,1.0,1,1.0,1,1.0,1,0.19443584602529085,50
422,1,884,324,560,0,0,0,1.0,1,1.0,1,1.0,1,0.20148961899776116,50
423,3,887,326,561,0,0,0,1.0,1,1.0,1,1.0,1,0.22832527434345223,51
424,1,888,326,562,0,0,0,1.0,1,1.0,1,1.0,1,0.2100929357235341,49
425,3,891,328,563,0,0,0,1.0,1,1.0,1,1.0,1,0.2439801888025421,48
426,2,893,329,564,0,0,0,1.0,1,1.0,1,1.0,1,0.22199380942508531,50
427,1,894,330,564,0,0,0,1.0,1,1.0,1,1.0,1,0.2590112741833678,48
428,7,901,333,568,0,0,0,1.0,1,1.0,1,1.0,1,0.26813356642854425,49
429,2,903,334,569,0,0,0,1.0,1,1.0,1,1.0,1,0.25375045563800996,45
430,2,905,334,571,0,0,0,1.0,1,1.0,1,1.0,1,0.21950184399251516,44
431,2,907,336,571,0,0,0,1.0,1,1.0,1,1.0,1,0.2659331274036396,42
432,1,908,337,571,0,0,0,1.0,1,1.0,1,1.0,1,0.2879289066312808,40
433,1,909,338,571,0,0,0,1.0,1,1.0,1,1.0,1,0.29685559296921454,39
434,1,910,338,572,0,0,0,1.0,1,1.0,1,1.0,1,0.2872831990338951,39
435,3,913,341,572,0,0,0,1.0,1,1.0,1,1.0,1,0.36496255397762106,38
436,7,920,342,578,0,0,0,1.0,1,1.0,1,1.0,1,0.22879074236503377,38
437,2,922,342,580,0,0,0,1.0,1,1.0,1,1.0,1,0.19779098435217055,39
438,1,923,342,581,0,0,0,1.0,1,1.0,1,1.0,1,0.1771566814674225,38
439,3,926,342,584,0,0,0,1.0,1,1.0,1,1.0,1,0.14947931773106288,39
440,1,927,342,585,0,0,0,1.0,1,1.0,1,1.0,1,0.17552166397600485,39
441,5,932,344,588,0,0,0,1.0,1,1.0,1,1.0,1,0.16539610861496878,41
442,4,936,344,592,0,0,0,1.0,1,1.0,1,1.0,1,0.15682535828238076,42
443,2,938,345,593,0,0,0,1.0,1,1.0,1,1.0,1,0.17070072442567338,42
444,3,941,345,596,0,0,0,1.0,1,1.0,1,1.0,1,0.14881658379773985,43
445,4,945,345,600,0,0,0,1.0,1,1.0,1,1.0,1,0.14430459420415023,44
446,2,947,345,602,0,0,0,1.0,1,1.0,1,1.0,1,0.12400686862971559,44
447,4,951,346,605,0,0,0,1.0,1,1.0,1,1.0,1,0.1657898668494718,47
448,5,956,347,609,0,0,0,1.0,1,1.0,1,1.0,1,0.21697458780956735,46
449,2,958,347,611,0,0,0,1.0,1,1.0,1,1.0,1,0.1865585411342459,46
450,4,962,347,615,0,0,0,1.0,1,1.0,1,1.0,1,0.2432990483840901,46
451,4,966,347,619,0,0,0,1.0,1,1.0,1,1.0,1,0.1979167596921552,47
452,0,966,347,619,0,0,0,1.0,1,1.0,1,1.0,1,0.21325241302479625,47
453,0,966,347,619,0,0,0,1.0,1,1.0,1,1.0,1,0.21325241302479625,47
454,0,966,347,619,0,0,0,1.0,1,1.0,1,1.0,1,0.23032105576650277,46
455,3,969,349,620,0,0,0,1.0,1,1.0,1,1.0,1,0.24207843393161665,47
456,2,971,349,622,0,0,0,1.0,1,1.0,1,1.0,1,0.2026481440204724,49
457,2,973,350,623,0,0,0,1.0,1,1.0,1,1.0,1,0.20522049893573505,50
458,0,973,350,623,0,0,0,1.0,1,1.0,1,1.0,1,0.20522049893573505,50
459,1,974,350,624,0,0,0,1.0,1,1.0,1,1.0,1,0.2071955109449672,52
460,0,974,350,624,0,0,0,1.0,1,1.0,1,1.0,1,0.21612226169591772,53
461,6,980,350,630,0,0,0,1.0,1,1.0,1,1.0,1,0.17656020104846426,54
462,2,982,350,632,0,0,0,1.0,1,1.0,1,1.0,1,0.17410537854201824,54
463,6,988,352,636,0,0,0,1.0,1,1.0,1,1.0,1,0.16528781140629298,55
464,6,994,354,640,0,0,0,1.0,1,1.0,1,1.0,1,0.1734007912421485,56
465,2,996,354,642,0,0,0,1.0,1,1.0,1,1.0,1,0.15494218419652378,54
466,5,1001,358,643,0,0,0,1.0,1,1.0,1,1.0,1,0.17103507996130823,54
467,4,1005,361,644,0,0,0,1.0,1,1.0,1,1.0,1,0.16486088288017084,51
468,1,1006,362,644,0,0,0,1.0,1,1.0,1,1.0,1,0.16407040879374146,51
469,1,1007,363,644,0,0,0,1.0,1,1.0,1,1.0,1,0.19109095837567222,48
470,2,1009,365,644,0,0,0,1.0,1,1.0,1,1.0,1,0.15968164957097383,47
471,4,1013,369,644,0,0,0,1.0,1,1.0,1,1.0,1,0.2700590191794804,44
472,5,1018,373,645,0,0,0,1.0,1,1.0,1,1.0,1,0.2783464407838109,43
473,3,1021,375,646,0,0,0,1.0,1,1.0,1,1.0,1,0.290846441857607,41
474,1,1022,376,646,0,0,0,1.0,1,1.0,1,1.0,1,0.28635725210397955,39
475,2,1024,377,647,0,0,0,1.0,1,1.0,1,1.0,1,0.2551789772714952,40
476,3,1027,380,647,0,0,0,1.0,1,1.0,1,1.0,1,0.2944875028754412,38
477,0,1027,380,647,0,0,0,1.0,1,1.0,1,1.0,1,0.30445641512689114,35
478,0,1027,380,647,0,0,0,1.0,1,1.0,1,1.0,1,0.27903047771003897,35
479,1,1028,381,647,0,0,0,1.0,1,1.0,1,1.0,1,0.35035917032060143,32
480,0,1028,381,647,0,0,0,1.0,1,1.0,1,1.0,1,0.35229921900125405,32
481,2,1030,381,649,0,0,0,1.0,1,1.0,1,1.0,1,0.30684167964237224,33
482,3,1033,382,651,0,0,0,1.0,1,1.0,1,1.0,1,0.27812396192445993,34
483,1,1034,383,651,0,0,0,1.0,1,1.0,1,1.0,1,0.2675327165316285,32
484,2,1036,383,653,0,0,0,1.0,1,1.0,1,1.0,1,0.20284493798999972,33
485,3,1039,384,655,0,0,0,1.0,1,1.0,1,1.0,1,0.18766267704248474,34
486,0,1039,384,655,0,0,0,1.0,1,1.0,1,1.0,1,0.23551924504938365,36
487,0,1039,384,655,0,0,0,1.0,1,1.0,1,1.0,1,0.23551924504938365,36
488,1,1040,384,656,0,0,0,1.0,1,1.0,1,1.0,1,0.2396041309121311,37
489,6,1046,386,660,0,0,0,1.0,1,1.0,1,1.0,1,0.2504705520260301,38
490,1,1047,387,660,0,0,0,1.0,1,1.0,1,1.0,1,0.25722732388265507,38
491,0,1047,387,660,0,0,0,1.0,1,1.0,1,1.0,1,0.2594138598175913,37
492,1,1048,388,660,0,0,0,1.0,1,1.0,1,1.0,1,0.27908804363948614,37
493,0,1048,388,660,0,0,0,1.0,1,1.0,1,1.0,1,0.27908804363948614,37
494,5,1053,390,663,0,0,0,1.0,1,1.0,1,1.0,1,0.24546635510993087,39
495,0,1053,390,663,0,0,0,1.0,1,1.0,1,1.0,1,0.25154274862646775,40
496,1,1054,390,664,0,0,0,1.0,1,1.0,1,1.0,1,0.22308433118372845,40
497,2,1056,390,666,0,0,0,1.0,1,1.0,1,1.0,1,0.18049066690673546,43
498,0,1056,390,666,0,0,0,1.0,1,1.0,1,1.0,1,0.18049066690673546,43
499,1,1057,391,666,0,0,0,1.0,1,1.0,1,1.0,1,0.20741442148926437,44
500,2,1059,392,667,0,0,0,1.0,1,1.0,1,1.0,1,0.1813665997831682,45
501,1,1060,393,667,0,0,0,1.0,1,1.0,1,1.0,1,0.20553939433404037,45
502,2,1062,395,667,0,0,0,1.0,1,1.0,1,1.0,1,0.22356364062443046,45
503,2,1064,397,667,0,0,0,1.0,1,1.0,1,1.0,1,0.25528715183909495,46
504,4,1068,400,668,0,0,0,1.0,1,1.0,1,1.0,1,0.29994937779781666,47
505,0,1068,400,668,0,0,0,1.0,1,1.0,1,1.0,1,0.324712490620075,42
506,1,1069,401,668,0,0,0,1.0,1,1.0,1,1.0,1,0.3270385477668395,41
507,0,1069,401,668,0,0,0,1.0,1,1.0,1,1.0,1,0.3284453547249277,38
508,2,1071,403,668,0,0,0,1.0,1,1.0,1,1.0,1,0.40458660092263377,38
509,1,1072,404,668,0,0,0,1.0,1,1.0,1,1.0,1,0.4547549437663364,37
510,2,1074,404,670,0,0,0,1.0,1,1.0,1,1.0,1,0.43123564390005,36
511,3,1077,404,673,0,0,0,1.0,1,1.0,1,1.0,1,0.35048963293697416,34
512,0,1077,404,673,0,0,0,1.0,1,1.0,1,1.0,1,0.33659087869779214,32
513,0,1077,404,673,0,0,0,1.0,1,1.0,1,1.0,1,0.33659087869779214,32
514,1,1078,404,674,0,0,0,1.0,1,1.0,1,1.0,1,0.30646234881271245,35
515,2,1080,404,676,0,0,0,1.0,1,1.0,1,1.0,1,0.27628602094678617,35
516,4,1084,404,680,0,0,0,1.0,1,1.0,1,1.0,1,0.23768734492060548,36
517,0,1084,404,680,0,0,0,1.0,1,1.0,1,1.0,1,0.23768734492060548,36
518,0,1084,404,680,0,0,0,1.0,1,1.0,1,1.0,1,0.2711110160523166,39
519,1,1085,404,681,0,0,0,1.0,1,1.0,1,1.0,1,0.265529911348668,39
520,3,1088,404,684,0,0,0,1.0,1,1.0,1,1.0,1,0.2799973819389352,39
521,1,1089,404,685,0,0,0,1.0,1,1.0,1,1.0,1,0.25355045208939114,40
522,2,1091,404,687,0,0,0,1.0,1,1.0,1,1.0,1,0.23493799088879913,40
523,1,1092,405,687,0,0,0,1.0,1,1.0,1,1.0,1,0.2313993650495406,41
524,0,1092,405,687,0,0,0,1.0,1,1.0,1,1.0,1,0.2313993650495406,41
525,3,1095,406,689,0,0,0,1.0,1,1.0,1,1.0,1,0.24012929859456555,40
526,3,1098,406,692,0,0,0,1.0,1,1.0,1,1.0,1,0.19877578851362665,40
527,2,1100,407,693,0,0,0,1.0,1,1.0,1,1.0,1,0.21618667659720636,40
528,2,1102,408,694,0,0,0,1.0,1,1.0,1,1.0,1,0.2449660299896951,40
529,1,1103,408,695,0,0,0,1.0,1,1.0,1,1.0,1,0.24597761655033584,39
530,1,1104,409,695,0,0,0,1.0,1,1.0,1,1.0,1,0.236627886584169,39
531,3,1107,410,697,0,0,0,1.0,1,1.0,1,1.0,1,0.25340937233130667,39
532,0,1107,410,697,0,0,0,1.0,1,1.0,1,1.0,1,0.26084884441355477,40
533,2,1109,411,698,0,0,0,1.0,1,1.0,1,1.0,1,0.2809595474823084,40
534,2,1111,411,700,0,0,0,1.0,1,1.0,1,1.0,1,0.2880912982751912,42
535,3,1114,412,702,0,0,0,1.0,1,1.0,1,1.0,1,0.3246355958817882,42
536,3,1117,412,705,0,0,0,1.0,1,1.0,1,1.0,1,0.33411800987575024,43
537,3,1120,412,708,0,0,0,1.0,1,1.0,1,1.0,1,0.34370410309444366,43
538,2,1122,412,710,0,0,0,1.0,1,1.0,1,1.0,1,0.34885319780597296,44
539,0,1122,412,710,0,0,0,1.0,1,1.0,1,1.0,1,0.34885319780597296,44
540,3,1125,412,713,0,0,0,1.0,1,1.0,1,1.0,1,0.34336736072490104,44
541,5,1130,413,717,0,0,0,1.0,1,1.0,1,1.0,1,0.2460412061528591,45
542,4,1134,414,720,0,0,0,1.0,1,1.0,1,1.0,1,0.201503048563301,46
543,1,1135,415,720,0,0,0,1.0,1,1.0,1,1.0,1,0.25188095582214765,43
544,2,1137,417,720,0,0,0,1.0,1,1.0,1,1.0,1,0.2671514446888839,42
545,2,1139,418,721,0,0,0,1.0,1,1.0,1,1.0,1,0.2556827243349007,43
546,1,1140,419,721,0,0,0,1.0,1,1.0,1,1.0,1,0.3011996753504457,41
547,0,1140,419,721,0,0,0,1.0,1,1.0,1,1.0,1,0.2693770626339192,40
548,5,1145,423,722,0,0,0,1.0,1,1.0,1,1.0,1,0.3677046072572491,40
549,2,1147,424,723,0,0,0,1.0,1,1.0,1,1.0,1,0.39047380444587304,39
550,0,1147,424,723,0,0,0,1.0,1,1.0,1,1.0,1,0.37285584498358837,38
551,1,1148,425,723,0,0,0,1.0,1,1.0,1,1.0,1,0.38341667192596496,38
552,1,1149,426,723,0,0,0,1.0,1,1.0,1,1.0,1,0.4108830384757194,39
553,0,1149,426,723,0,0,0,1.0,1,1.0,1,1.0,1,0.40432367599562524,38
554,4,1153,427,726,0,0,0,1.0,1,1.0,1,1.0,1,0.37311249463049495,39
555,0,1153,427,726,0,0,0,1.0,1,1.0,1,1.0,1,0.38193417148885717,39
556,5,1158,427,731,0,0,0,1.0,1,1.0,1,1.0,1,0.30632161291543264,40
557,1,1159,427,732,0,0,0,1.0,1,1.0,1,1.0,1,0.321714271464255,40
558,1,1160,427,733,0,0,0,1.0,1,1.0,1,1.0,1,0.2915139211234372,40
559,2,1162,429,733,0,0,0,1.0,1,1.0,1,1.0,1,0.3177557284010904,40
560,2,1164,429,735,0,0,0,1.0,1,1.0,1,1.0,1,0.2979596327047966,41
561,3,1167,431,736,0,0,0,1.0,1,1.0,1,1.0,1,0.28163970695904716,42
562,4,1171,432,739,0,0,0,1.0,1,1.0,1,1.0,1,0.2889881445874748,42
563,2,1173,433,740,0,0,0,1.0,1,1.0,1,1.0,1,0.30739224850894153,42
564,1,1174,433,741,0,0,0,1.0,1,1.0,1,1.0,1,0.3211369615072234,43
565,5,1179,434,745,0,0,0,1.0,1,1.0,1,1.0,1,0.3387316756294159,44
566,3,1182,434,748,0,0,0,1.0,1,1.0,1,1.0,1,0.33619920286559146,45
567,1,1183,434,749,0,0,0,1.0,1,1.0,1,1.0,1,0.3290878040216714,45
568,3,1186,434,752,0,0,0,1.0,1,1.0,1,1.0,1,0.2522826950933526,46
569,2,1188,435,753,0,0,0,1.0,1,1.0,1,1.0,1,0.2524347819574061,47
570,1,1189,436,753,0,0,0,1.0,1,1.0,1,1.0,1,0.2907229202955432,48
571,2,1191,436,755,0,0,0,1.0,1,1.0,1,1.0,1,0.25777836295654016,48
572,1,1192,436,756,0,0,0,1.0,1,1.0,1,1.0,1,0.2559604443616757,47
573,0,1192,436,756,0,0,0,1.0,1,1.0,1,1.0,1,0.2619567736977688,49
574,0,1192,436,756,0,0,0,1.0,1,1.0,1,1.0,1,0.2619567736977688,49
575,1,1193,436,757,0,0,0,1.0,1,1.0,1,1.0,1,0.23263722463108147,50
576,2,1195,436,759,0,0,0,1.0,1,1.0,1,1.0,1,0.20357229008321862,51
577,0,1195,436,759,0,0,0,1.0,1,1.0,1,1.0,1,0.20357229008321862,51
578,0,1195,436,759,0,0,0,1.0,1,1.0,1,1.0,1,0.20357229008321862,51
579,1,1196,437,759,0,0,0,1.0,1,1.0,1,1.0,1,0.19094922803826336,52
580,2,1198,437,761,0,0,0,1.0,1,1.0,1,1.0,1,0.16931419820182886,52
581,1,1199,437,762,0,0,0,1.0,1,1.0,1,1.0,1,0.14128539617460648,52
582,0,1199,437,762,0,0,0,1.0,1,1.0,1,1.0,1,0.1520551531896561,53
583,3,1202,438,764,0,0,0,1.0,1,1.0,1,1.0,1,0.1201252145038876,51
584,2,1204,439,765,0,0,0,1.0,1,1.0,1,1.0,1,0.14930292830882844,51
585,3,1207,442,765,0,0,0,1.0,1,1.0,1,1.0,1,0.21640067137288058,49
586,1,1208,443,765,0,0,0,1.0,1,1.0,1,1.0,1,0.18545517436238196,49
587,1,1209,444,765,0,0,0,1.0,1,1.0,1,1.0,1,0.22378754025992284,48
588,2,1211,446,765,0,0,0,1.0,1,1.0,1,1.0,1,0.30455840637171006,46
589,7,1218,449,769,0,0,0,1.0,1,1.0,1,1.0,1,0.2634966207010256,48
590,3,1221,450,771,0,0,0,1.0,1,1.0,1,1.0,1,0.2046211329112778,47
591,2,1223,452,771,0,0,0,1.0,1,1.0,1,1.0,1,0.24387550038087896,48
592,3,1226,452,774,0,0,0,1.0,1,1.0,1,1.0,1,0.20364671515952987,47
593,2,1228,454,774,0,0,0,1.0,1,1.0,1,1.0,1,0.2480292671892783,45
594,0,1228,454,774,0,0,0,1.0,1,1.0,1,1.0,1,0.23214779486973744,44
595,2,1230,456,774,0,0,0,1.0,1,1.0,1,1.0,1,0.2725930499655729,43
596,4,1234,458,776,0,0,0,1.0,1,1.0,1,1.0,1,0.2848591104283435,44
597,0,1234,458,776,0,0,0,1.0,1,1.0,1,1.0,1,0.26930847644719136,43
598,2,1236,459,777,0,0,0,1.0,1,1.0,1,1.0,1,0.26433111945961996,45
599,3,1239,461,778,0,0,0,1.0,1,1.0,1,1.0,1,0.23946600538394844,44
600,3,1242,462,780,0,0,0,1.0,1,1.0,1,1.0,1,0.22313995208270732,44
601,1,1243,462,781,0,0,0,1.0,1,1.0,1,1.0,1,0.21141990780929568,45
602,1,1244,463,781,0,0,0,1.0,1,1.0,1,1.0,1,0.2630800317706914,46
603,1,1245,463,782,0,0,0,1.0,1,1.0,1,1.0,1,0.25730613764359833,46
604,0,1245,463,782,0,0,0,1.0,1,1.0,1,1.0,1,0.258114692716795,47
605,1,1246,464,782,0,0,0,1.0,1,1.0,1,1.0,1,0.2502063342597414,47
606,1,1247,464,783,0,0,0,1.0,1,1.0,1,1.0,1,0.2420640572480412,47
607,0,1247,464,783,0,0,0,1.0,1,1.0,1,1.0,1,0.24621158965072318,48
608,1,1248,464,784,0,0,0,1.0,1,1.0,1,1.0,1,0.2374012684725789,47
609,1,1249,464,785,0,0,0,1.0,1,1.0,1,1.0,1,0.22505519897464088,48
610,1,1250,464,786,0,0,0,1.0,1,1.0,1,1.0,1,0.21170455089458917,48
611,2,1252,466,786,0,0,0,1.0,1,1.0,1,1.0,1,0.19361311395246533,49
612,3,1255,466,789,0,0,0,1.0,1,1.0,1,1.0,1,0.19117321757787387,50
613,0,1255,466,789,0,0,0,1.0,1,1.0,1,1.0,1,0.19117321757787387,50
614,0,1255,466,789,0,0,0,1.0,1,1.0,1,1.0,1,0.19117321757787387,50
615,1,1256,467,789,0,0,0,1.0,1,1.0,1,1.0,1,0.191402952787398,50
616,5,1261,468,793,0,0,0,1.0,1,1.0,1,1.0,1,0.14636619496474343,50
617,0,1261,468,793,0,0,0,1.0,1,1.0,1,1.0,1,0.14608570313397826,52
618,2,1263,470,793,0,0,0,1.0,1,1.0,1,1.0,1,0.13891723843565854,52
619,3,1266,471,795,0,0,0,1.0,1,1.0,1,1.0,1,0.17592870127812005,50
620,1,1267,471,796,0,0,0,1.0,1,1.0,1,1.0,1,0.15647594459148143,50
621,1,1268,472,796,0,0,0,1.0,1,1.0,1,1.0,1,0.18054927663983925,49
622,0,1268,472,796,0,0,0,1.0,1,1.0,1,1.0,1,0.19706768760094656,49
623,1,1269,473,796,0,0,0,1.0,1,1.0,1,1.0,1,0.22340946145577753,48
624,5,1274,476,798,0,0,0,1.0,1,1.0,1,1.0,1,0.2784295561800236,46
625,4,1278,478,800,0,0,0,1.0,1,1.0,1,1.0,1,0.22811132040767243,45
626,2,1280,480,800,0,0,0,1.0,1,1.0,1,1.0,1,0.2588004376357208,44
627,2,1282,482,800,0,0,0,1.0,1,1.0,1,1.0,1,0.28503393086559636,44
628,3,1285,484,801,0,0,0,1.0,1,1.0,1,1.0,1,0.20771428218073867,44
629,0,1285,484,801,0,0,0,1.0,1,1.0,1,1.0,1,0.20421654151597815,41
630,1,1286,485,801,0,0,0,1.0,1,1.0,1,1.0,1,0.27545994697279497,40
631,4,1290,487,803,0,0,0,1.0,1,1.0,1,1.0,1,0.2383480003546181,38
632,3,1293,490,803,0,0,0,1.0,1,1.0,1,1.0,1,0.28068012475400383,38
633,1,1294,491,803,0,0,0,1.0,1,1.0,1,1.0,1,0.35427879282703706,36
634,1,1295,492,803,0,0,0,1.0,1,1.0,1,1.0,1,0.37174848463123905,35
635,0,1295,492,803,0,0,0,1.0,1,1.0,1,1.0,1,0.37174848463123905,35
636,0,1295,492,803,0,0,0,1.0,1,1.0,1,1.0,1,0.38239427563280864,36
637,1,1296,492,804,0,0,0,1.0,1,1.0,1,1.0,1,0.3573113247377321,35
638,1,1297,493,804,0,0,0,1.0,1,1.0,1,1.0,1,0.3768874065614829,34
639,3,1300,494,806,0,0,0,1.0,1,1.0,1,1.0,1,0.3119125140767616,36
640,4,1304,495,809,0,0,0,1.0,1,1.0,1,1.0,1,0.274466018283871,37
641,0,1304,495,809,0,0,0,1.0,1,1.0,1,1.0,1,0.274466018283871,37
642,0,1304,495,809,0,0,0,1.0,1,1.0,1,1.0,1,0.2415611758963921,38
643,0,1304,495,809,0,0,0,1.0,1,1.0,1,1.0,1,0.2523284413481009,39
644,1,1305,496,809,0,0,0,1.0,1,1.0,1,1.0,1,0.2759938109830962,39
645,0,1305,496,809,0,0,0,1.0,1,1.0,1,1.0,1,0.2707852112925306,39
646,5,1310,498,812,0,0,0,1.0,1,1.0,1,1.0,1,0.28144370648994527,40
647,2,1312,498,814,0,0,0,1.0,1,1.0,1,1.0,1,0.2555686739140408,40
648,1,1313,498,815,0,0,0,1.0,1,1.0,1,1.0,1,0.225749024788004,40
649,0,1313,498,815,0,0,0,1.0,1,1.0,1,1.0,1,0.225749024788004,40
650,2,1315,499,816,0,0,0,1.0,1,1.0,1,1.0,1,0.24150771578887897,41
651,4,1319,500,819,0,0,0,1.0,1,1.0,1,1.0,1,0.2094495133613256,42
652,2,1321,500,821,0,0,0,1.0,1,1.0,1,1.0,1,0.23294179139255836,41
653,0,1321,500,821,0,0,0,1.0,1,1.0,1,1.0,1,0.23294179139255836,41
654,1,1322,500,822,0,0,0,1.0,1,1.0,1,1.0,1,0.23761844836128335,42
655,0,1322,500,822,0,0,0,1.0,1,1.0,1,1.0,1,0.23380627985380506,45
656,4,1326,504,822,0,0,0,1.0,1,1.0,1,1.0,1,0.3343350802165301,45
657,0,1326,504,822,0,0,0,1.0,1,1.0,1,1.0,1,0.30821764670449814,43
658,4,1330,506,824,0,0,0,1.0,1,1.0,1,1.0,1,0.3453757760758613,43
659,1,1331,506,825,0,0,0,1.0,1,1.0,1,1.0,1,0.304932160071786,43
660,9,1340,508,832,0,0,0,1.0,1,1.0,1,1.0,1,0.3536756102297233,43
661,1,1341,508,833,0,0,0,1.0,1,1.0,1,1.0,1,0.32655274319671296,41
662,3,1344,510,834,0,0,0,1.0,1,1.0,1,1.0,1,0.36311785927397977,40
663,0,1344,510,834,0,0,0,1.0,1,1.0,1,1.0,1,0.35147437842286156,39
664,3,1347,511,836,0,0,0,1.0,1,1.0,1,1.0,1,0.32962051131727693,36
665,2,1349,511,838,0,0,0,1.0,1,1.0,1,1.0,1,0.2518940236145272,36
666,1,1350,511,839,0,0,0,1.0,1,1.0,1,1.0,1,0.22246921794120852,36
667,2,1352,512,840,0,0,0,1.0,1,1.0,1,1.0,1,0.18899378554106933,35
668,4,1356,515,841,0,0,0,1.0,1,1.0,1,1.0,1,0.1863040525277451,34
669,3,1359,518,841,0,0,0,1.0,1,1.0,1,1.0,1,0.2235090400686306,34
670,1,1360,519,841,0,0,0,1.0,1,1.0,1,1.0,1,0.25897374827815844,32
671,1,1361,520,841,0,0,0,1.0,1,1.0,1,1.0,1,0.2705390484154536,33
672,0,1361,520,841,0,0,0,1.0,1,1.0,1,1.0,1,0.2959282290778825,32
673,0,1361,520,841,0,0,0,1.0,1,1.0,1,1.0,1,0.2959282290778825,32
674,1,1362,521,841,0,0,0,1.0,1,1.0,1,1.0,1,0.3372881396311747,32
675,3,1365,522,843,0,0,0,1.0,1,1.0,1,1.0,1,0.3026213663915312,34
676,4,1369,522,847,0,0,0,1.0,1,1.0,1,1.0,1,0.18683947866569156,35
677,1,1370,523,847,0,0,0,1.0,1,1.0,1,1.0,1,0.18731502044017803,35
678,1,1371,523,848,0,0,0,1.0,1,1.0,1,1.0,1,0.18264205207166667,35
679,1,1372,524,848,0,0,0,1.0,1,1.0,1,1.0,1,0.24551242028839473,36
680,1,1373,525,848,0,0,0,1.0,1,1.0,1,1.0,1,0.20368919945981678,37
681,0,1373,525,848,0,0,0,1.0,1,1.0,1,1.0,1,0.20368919945981678,37
682,2,1375,526,849,0,0,0,1.0,1,1.0,1,1.0,1,0.19256700286728087,37
683,5,1380,527,853,0,0,0,1.0,1,1.0,1,1.0,1,0.20371645356438065,38
684,5,1385,528,857,0,0,0,1.0,1,1.0,1,1.0,1,0.23737001080349127,39
685,2,1387,528,859,0,0,0,1.0,1,1.0,1,1.0,1,0.23838836279196046,38
686,5,1392,528,864,0,0,0,1.0,1,1.0,1,1.0,1,0.25692476422536425,37
687,4,1396,528,868,0,0,0,1.0,1,1.0,1,1.0,1,0.2810895147500202,38
688,4,1400,528,872,0,0,0,1.0,1,1.0,1,1.0,1,0.2821323933386114,37
689,5,1405,529,876,0,0,0,1.0,1,1.0,1,1.0,1,0.270970918755286,39
690,5,1410,529,881,0,0,0,1.0,1,1.0,1,1.0,1,0.24727694820023488,38
691,3,1413,530,883,0,0,0,1.0,1,1.0,1,1.0,1,0.18229904950129078,38
692,1,1414,531,883,0,0,0,1.0,1,1.0,1,1.0,1,0.21680711000451816,38
693,2,1416,532,884,0,0,0,1.0,1,1.0,1,1.0,1,0.2020128688491399,40
694,2,1418,534,884,0,0,0,1.0,1,1.0,1,1.0,1,0.2652845075964788,42
695,2,1420,535,885,0,0,0,1.0,1,1.0,1,1.0,1,0.23734744539707855,40
696,2,1422,536,886,0,0,0,1.0,1,1.0,1,1.0,1,0.27218985332553236,39
697,0,1422,536,886,0,0,0,1.0,1,1.0,1,1.0,1,0.2758475515940162,39
698,1,1423,537,886,0,0,0,1.0,1,1.0,1,1.0,1,0.3016719437110331,37
699,1,1424,537,887,0,0,0,1.0,1,1.0,1,1.0,1,0.2601536497425923,37
700,3,1427,538,889,0,0,0,1.0,1,1.0,1,1.0,1,0.27903830682108655,37
701,2,1429,539,890,0,0,0,1.0,1,1.0,1,1.0,1,0.27622292781646907,37
702,0,1429,539,890,0,0,0,1.0,1,1.0,1,1.0,1,0.27327438117221053,38
703,5,1434,541,893,0,0,0,1.0,1,1.0,1,1.0,1,0.220707228613057,36
704,5,1439,545,894,0,0,0,1.0,1,1.0,1,1.0,1,0.2742372581841083,36
705,1,1440,546,894,0,0,0,1.0,1,1.0,1,1.0,1,0.2727739129096005,36
706,4,1444,549,895,0,0,0,1.0,1,1.0,1,1.0,1,0.27760097175092346,35
707,3,1447,551,896,0,0,0,1.0,1,1.0,1,1.0,1,0.274150075153808,36
708,4,1451,554,897,0,0,0,1.0,1,1.0,1,1.0,1,0.2557126554745006,36
709,1,1452,555,897,0,0,0,1.0,1,1.0,1,1.0,1,0.2507902263033745,34
710,1,1453,556,897,0,0,0,1.0,1,1.0,1,1.0,1,0.23532960064108,34
711,0,1453,556,897,0,0,0,1.0,1,1.0,1,1.0,1,0.23614014957259083,34
712,3,1456,557,899,0,0,0,1.0,1,1.0,1,1.0,1,0.20417575409277808,35
713,1,1457,558,899,0,0,0,1.0,1,1.0,1,1.0,1,0.2112621292167396,34
714,1,1458,559,899,0,0,0,1.0,1,1.0,1,1.0,1,0.21985049789699884,34
715,0,1458,559,899,0,0,0,1.0,1,1.0,1,1.0,1,0.23498265510250108,35
716,0,1458,559,899,0,0,0,1.0,1,1.0,1,1.0,1,0.23832893199776523,33
717,3,1461,562,899,0,0,0,1.0,1,1.0,1,1.0,1,0.3676710731958513,33
718,2,1463,563,900,0,0,0,1.0,1,1.0,1,1.0,1,0.3971054203419357,32
719,1,1464,563,901,0,0,0,1.0,1,1.0,1,1.0,1,0.36320311815274187,32
720,1,1465,564,901,0,0,0,1.0,1,1.0,1,1.0,1,0.35464466756291413,33
721,4,1469,565,904,0,0,0,1.0,1,1.0,1,1.0,1,0.27730711064241104,33
722,5,1474,567,907,0,0,0,1.0,1,1.0,1,1.0,1,0.2728678417241831,34
723,1,1475,567,908,0,0,0,1.0,1,1.0,1,1.0,1,0.25230007060714166,34
724,0,1475,567,908,0,0,0,1.0,1,1.0,1,1.0,1,0.270607655789596,36
725,0,1475,567,908,0,0,0,1.0,1,1.0,1,1.0,1,0.270607655789596,36
726,0,1475,567,908,0,0,0,1.0,1,1.0,1,1.0,1,0.270607655789596,36
727,0,1475,567,908,0,0,0,1.0,1,1.0,1,1.0,1,0.270607655789596,36
728,1,1476,568,908,0,0,0,1.0,1,1.0,1,1.0,1,0.2859030276653344,37
729,0,1476,568,908,0,0,0,1.0,1,1.0,1,1.0,1,0.2851598042784942,37
730,2,1478,568,910,0,0,0,1.0,1,1.0,1,1.0,1,0.24661933878533296,38
731,0,1478,568,910,0,0,0,1.0,1,1.0,1,1.0,1,0.26491314678163513,39
732,1,1479,568,911,0,0,0,1.0,1,1.0,1,1.0,1,0.22638150487901723,41
733,1,1480,569,911,0,0,0,1.0,1,1.0,1,1.0,1,0.2046871582648091,39
734,1,1481,570,911,0,0,0,1.0,1,1.0,1,1.0,1,0.24410582916567883,39
735,2,1483,571,912,0,0,0,1.0,1,1.0,1,1.0,1,0.2354375283057132,39
736,1,1484,571,913,0,0,0,1.0,1,1.0,1,1.0,1,0.22904691857892673,38
737,1,1485,572,913,0,0,0,1.0,1,1.0,1,1.0,1,0.267531676700269,39
738,0,1485,572,913,0,0,0,1.0,1,1.0,1,1.0,1,0.3076813366817316,37
739,1,1486,573,913,0,0,0,1.0,1,1.0,1,1.0,1,0.34066834077750535,37
740,0,1486,573,913,0,0,0,1.0,1,1.0,1,1.0,1,0.31630754954877494,35
741,0,1486,573,913,0,0,0,1.0,1,1.0,1,1.0,1,0.29550057397951607,33
742,2,1488,574,914,0,0,0,1.0,1,1.0,1,1.0,1,0.33389446033021714,35
743,3,1491,576,915,0,0,0,1.0,1,1.0,1,1.0,1,0.3500070005557394,35
744,3,1494,579,915,0,0,0,1.0,1,1.0,1,1.0,1,0.2885724744867134,34
745,1,1495,580,915,0,0,0,1.0,1,1.0,1,1.0,1,0.3253597655956285,34
746,3,1498,583,915,0,0,0,1.0,1,1.0,1,1.0,1,0.3195476378443688,33
747,2,1500,584,916,0,0,0,1.0,1,1.0,1,1.0,1,0.26459586909363886,32
748,1,1501,584,917,0,0,0,1.0,1,1.0,1,1.0,1,0.24790599387010107,33
749,0,1501,584,917,0,0,0,1.0,1,1.0,1,1.0,1,0.24790599387010107,33
750,2,1503,585,918,0,0,0,1.0,1,1.0,1,1.0,1,0.25767441896859333,34
751,1,1504,585,919,0,0,0,1.0,1,1.0,1,1.0,1,0.23674506170499285,36
752,0,1504,585,919,0,0,0,1.0,1,1.0,1,1.0,1,0.2370456060670695,35
753,3,1507,587,920,0,0,0,1.0,1,1.0,1,1.0,1,0.2773331897240336,37
754,3,1510,589,921,0,0,0,1.0,1,1.0,1,1.0,1,0.2960022439363513,37
755,2,1512,590,922,0,0,0,1.0,1,1.0,1,1.0,1,0.27886300296633576,35
756,5,1517,591,926,0,0,0,1.0,1,1.0,1,1.0,1,0.28107551856680707,36
757,0,1517,591,926,0,0,0,1.0,1,1.0,1,1.0,1,0.27393849602742376,35
758,0,1517,591,926,0,0,0,1.0,1,1.0,1,1.0,1,0.28004101431749734,36
759,1,1518,591,927,0,0,0,1.0,1,1.0,1,1.0,1,0.2655282991126735,37
760,1,1519,591,928,0,0,0,1.0,1,1.0,1,1.0,1,0.2558695569021534,36
761,0,1519,591,928,0,0,0,1.0,1,1.0,1,1.0,1,0.2558695569021534,36
762,0,1519,591,928,0,0,0,1.0,1,1.0,1,1.0,1,0.26369154305458475,37
763,0,1519,591,928,0,0,0,1.0,1,1.0,1,1.0,1,0.2751886719413546,38
764,0,1519,591,928,0,0,0,1.0,1,1.0,1,1.0,1,0.2751886719413546,38
765,0,1519,591,928,0,0,0,1.0,1,1.0,1,1.0,1,0.2751886719413546,38
766,1,1520,591,929,0,0,0,1.0,1,1.0,1,1.0,1,0.24318740796955873,40
767,0,1520,591,929,0,0,0,1.0,1,1.0,1,1.0,1,0.25194982240682584,41
768,2,1522,592,930,0,0,0,1.0,1,1.0,1,1.0,1,0.26320671688163905,41
769,2,1524,592,932,0,0,0,1.0,1,1.0,1,1.0,1,0.242026639813859,42
770,2,1526,593,933,0,0,0,1.0,1,1.0,1,1.0,1,0.24472310481196585,41
771,0,1526,593,933,0,0,0,1.0,1,1.0,1,1.0,1,0.2775584487961954,41
772,2,1528,595,933,0,0,0,1.0,1,1.0,1,1.0,1,0.28946734540593494,41
773,0,1528,595,933,0,0,0,1.0,1,1.0,1,1.0,1,0.2605959228801614,41
774,2,1530,597,933,0,0,0,1.0,1,1.0,1,1.0,1,0.28514890881534805,42
775,2,1532,597,935,0,0,0,1.0,1,1.0,1,1.0,1,0.26040213668901213,42
776,1,1533,597,936,0,0,0,1.0,1,1.0,1,1.0,1,0.2763827565422264,42
777,1,1534,597,937,0,0,0,1.0,1,1.0,1,1.0,1,0.2598776472152366,42
778,2,1536,599,937,0,0,0,1.0,1,1.0,1,1.0,1,0.2876100445631169,44
779,1,1537,599,938,0,0,0,1.0,1,1.0,1,1.0,1,0.279447158715654,44
780,0,1537,599,938,0,0,0,1.0,1,1.0,1,1.0,1,0.279447158715654,44
781,1,1538,599,939,0,0,0,1.0,1,1.0,1,1.0,1,0.2602386496620107,46
782,3,1541,601,940,0,0,0,1.0,1,1.0,1,1.0,1,0.29876246705435455,45
783,1,1542,602,940,0,0,0,1.0,1,1.0,1,1.0,1,0.29410784303237175,44
784,1,1543,603,940,0,0,0,1.0,1,1.0,1,1.0,1,0.33390307128009533,44
785,2,1545,604,941,0,0,0,1.0,1,1.0,1,1.0,1,0.3211074261510127,43
786,1,1546,605,941,0,0,0,1.0,1,1.0,1,1.0,1,0.31088824357180855,43
787,0,1546,605,941,0,0,0,1.0,1,1.0,1,1.0,1,0.31088824357180855,43
788,6,1552,607,945,0,0,0,1.0,1,1.0,1,1.0,1,0.3186392438865467,45
789,2,1554,608,946,0,0,0,1.0,1,1.0,1,1.0,1,0.2890560441538584,46
790,0,1554,608,946,0,0,0,1.0,1,1.0,1,1.0,1,0.3220437308709426,45
791,0,1554,608,946,0,0,0,1.0,1,1.0,1,1.0,1,0.3369131376794507,46
792,2,1556,608,948,0,0,0,1.0,1,1.0,1,1.0,1,0.2998132579786181,46
793,0,1556,608,948,0,0,0,1.0,1,1.0,1,1.0,1,0.2998132579786181,46
794,2,1558,609,949,0,0,0,1.0,1,1.0,1,1.0,1,0.32573953493034735,47
795,0,1558,609,949,0,0,0,1.0,1,1.0,1,1.0,1,0.32573953493034735,47
796,6,1564,610,954,0,0,0,1.0,1,1.0,1,1.0,1,0.26902736375983555,46
797,4,1568,612,956,0,0,0,1.0,1,1.0,1,1.0,1,0.23708259031204218,47
798,2,1570,613,957,0,0,0,1.0,1,1.0,1,1.0,1,0.23914180435972127,48
799,0,1570,613,957,0,0,0,1.0,1,1.0,1,1.0,1,0.23914180435972127,48
800,1,1571,614,957,0,0,0,1.0,1,1.0,1,1.0,1,0.247640344509121,48
801,1,1572,614,958,0,0,0,1.0,1,1.0,1,1.0,1,0.259007176489704,49
802,1,1573,614,959,0,0,0,1.0,1,1.0,1,1.0,1,0.22451603082943547,50
803,0,1573,614,959,0,0,0,1.0,1,1.0,1,1.0,1,0.22985594829656084,49
804,2,1575,616,959,0,0,0,1.0,1,1.0,1,1.0,1,0.20701466021579215,50
805,0,1575,616,959,0,0,0,1.0,1,1.0,1,1.0,1,0.20701466021579215,50
806,0,1575,616,959,0,0,0,1.0,1,1.0,1,1.0,1,0.20701466021579215,50
807,2,1577,617,960,0,0,0,1.0,1,1.0,1,1.0,1,0.219673448082325,51
808,4,1581,618,963,0,0,0,1.0,1,1.0,1,1.0,1,0.19696656654353153,51
809,1,1582,619,963,0,0,0,1.0,1,1.0,1,1.0,1,0.17705479934150983,51
810,1,1583,620,963,0,0,0,1.0,1,1.0,1,1.0,1,0.18634268479781516,52
811,1,1584,620,964,0,0,0,1.0,1,1.0,1,1.0,1,0.14555154610766247,50
812,1,1585,621,964,0,0,0,1.0,1,1.0,1,1.0,1,0.19366435067785312,48
813,3,1588,622,966,0,0,0,1.0,1,1.0,1,1.0,1,0.19181081659103183,49
814,0,1588,622,966,0,0,0,1.0,1,1.0,1,1.0,1,0.16772030528059675,48
815,5,1593,625,968,0,0,0,1.0,1,1.0,1,1.0,1,0.23351808157512752,48
816,2,1595,626,969,0,0,0,1.0,1,1.0,1,1.0,1,0.20987692766366434,46
817,0,1595,626,969,0,0,0,1.0,1,1.0,1,1.0,1,0.25021905752860435,44
818,0,1595,626,969,0,0,0,1.0,1,1.0,1,1.0,1,0.24801201013955262,46
819,0,1595,626,969,0,0,0,1.0,1,1.0,1,1.0,1,0.2578765484334177,44
820,0,1595,626,969,0,0,0,1.0,1,1.0,1,1.0,1,0.28439360947547404,44
821,0,1595,626,969,0,0,0,1.0,1,1.0,1,1.0,1,0.28439360947547404,44
822,2,1597,627,970,0,0,0,1.0,1,1.0,1,1.0,1,0.29496894724838446,44
823,1,1598,628,970,0,0,0,1.0,1,1.0,1,1.0,1,0.2854667390937959,42
824,4,1602,632,970,0,0,0,1.0,1,1.0,1,1.0,1,0.28333348977003164,42
825,1,1603,633,970,0,0,0,1.0,1,1.0,1,1.0,1,0.28232348588461087,40
826,7,1610,638,972,0,0,0,1.0,1,1.0,1,1.0,1,0.2754197379391368,41
827,4,1614,639,975,0,0,0,1.0,1,1.0,1,1.0,1,0.21177242045198652,40
828,3,1617,641,976,0,0,0,1.0,1,1.0,1,1.0,1,0.20863617871056425,40
829,0,1617,641,976,0,0,0,1.0,1,1.0,1,1.0,1,0.23165752984085866,42
830,3,1620,643,977,0,0,0,1.0,1,1.0,1,1.0,1,0.25763500677525114,42
831,3,1623,644,979,0,0,0,1.0,1,1.0,1,1.0,1,0.22159949962481026,43
832,1,1624,645,979,0,0,0,1.0,1,1.0,1,1.0,1,0.22350388044963193,42
833,1,1625,646,979,0,0,0,1.0,1,1.0,1,1.0,1,0.24967917493098507,41
834,2,1627,647,980,0,0,0,1.0,1,1.0,1,1.0,1,0.2657060990960779,41
835,1,1628,647,981,0,0,0,1.0,1,1.0,1,1.0,1,0.24773028691965213,41
836,1,1629,647,982,0,0,0,1.0,1,1.0,1,1.0,1,0.24144848942348146,40
837,0,1629,647,982,0,0,0,1.0,1,1.0,1,1.0,1,0.236045425078846,41
838,0,1629,647,982,0,0,0,1.0,1,1.0,1,1.0,1,0.236045425078846,41
839,2,1631,648,983,0,0,0,1.0,1,1.0,1,1.0,1,0.21837286797922187,41
840,4,1635,649,986,0,0,0,1.0,1,1.0,1,1.0,1,0.20075545961897998,42
841,0,1635,649,986,0,0,0,1.0,1,1.0,1,1.0,1,0.20075545961897998,42
842,2,1637,651,986,0,0,0,1.0,1,1.0,1,1.0,1,0.25599248162731847,42
843,3,1640,652,988,0,0,0,1.0,1,1.0,1,1.0,1,0.21993401576740945,42
844,2,1642,652,990,0,0,0,1.0,1,1.0,1,1.0,1,0.2274480695843693,42
845,2,1644,654,990,0,0,0,1.0,1,1.0,1,1.0,1,0.3004360309934654,44
846,4,1648,655,993,0,0,0,1.0,1,1.0,1,1.0,1,0.295337767043655,44
847,1,1649,655,994,0,0,0,1.0,1,1.0,1,1.0,1,0.267307862535288,42
848,2,1651,655,996,0,0,0,1.0,1,1.0,1,1.0,1,0.3012520080885403,43
849,0,1651,655,996,0,0,0,1.0,1,1.0,1,1.0,1,0.3056296736774015,43
850,1,1652,655,997,0,0,0,1.0,1,1.0,1,1.0,1,0.31813856115642614,41
851,2,1654,657,997,0,0,0,1.0,1,1.0,1,1.0,1,0.2789921369390794,40
852,2,1656,658,998,0,0,0,1.0,1,1.0,1,1.0,1,0.26786449918457506,40
853,1,1657,659,998,0,0,0,1.0,1,1.0,1,1.0,1,0.28891443617919843,40
854,2,1659,660,999,0,0,0,1.0,1,1.0,1,1.0,1,0.2726031389953505,40
855,1,1660,661,999,0,0,0,1.0,1,1.0,1,1.0,1,0.2860585292206018,41
856,5,1665,662,1003,0,0,0,1.0,1,1.0,1,1.0,1,0.17364858014660506,41
857,0,1665,662,1003,0,0,0,1.0,1,1.0,1,1.0,1,0.16435472938043963,42
858,0,1665,662,1003,0,0,0,1.0,1,1.0,1,1.0,1,0.17475225198308691,43
859,0,1665,662,1003,0,0,0,1.0,1,1.0,1,1.0,1,0.17475225198308691,43
860,2,1667,664,1003,0,0,0,1.0,1,1.0,1,1.0,1,0.18974937941427003,44
861,2,1669,665,1004,0,0,0,1.0,1,1.0,1,1.0,1,0.20032266906839866,44
862,1,1670,666,1004,0,0,0,1.0,1,1.0,1,1.0,1,0.20307123390021933,44
863,5,1675,668,1007,0,0,0,1.0,1,1.0,1,1.0,1,0.22709796213316108,44
864,3,1678,669,1009,0,0,0,1.0,1,1.0,1,1.0,1,0.230225996550608,44
865,1,1679,670,1009,0,0,0,1.0,1,1.0,1,1.0,1,0.2301424272137638,43
866,3,1682,672,1010,0,0,0,1.0,1,1.0,1,1.0,1,0.28784203705431294,45
867,1,1683,672,1011,0,0,0,1.0,1,1.0,1,1.0,1,0.25405175688067344,44
868,1,1684,672,1012,0,0,0,1.0,1,1.0,1,1.0,1,0.248321381327132,45
869,2,1686,674,1012,0,0,0,1.0,1,1.0,1,1.0,1,0.2947836477625178,44
870,0,1686,674,1012,0,0,0,1.0,1,1.0,1,1.0,1,0.2947836477625178,44
871,5,1691,675,1016,0,0,0,1.0,1,1.0,1,1.0,1,0.13982731342556085,43
872,1,1692,675,1017,0,0,0,1.0,1,1.0,1,1.0,1,0.14049717002154535,43
873,1,1693,676,1017,0,0,0,1.0,1,1.0,1,1.0,1,0.14530777097121067,43
874,8,1701,678,1023,0,0,0,1.0,1,1.0,1,1.0,1,0.14251256382373823,46
875,1,1702,679,1023,0,0,0,1.0,1,1.0,1,1.0,1,0.14621984281690864,43
876,2,1704,680,1024,0,0,0,1.0,1,1.0,1,1.0,1,0.17470473457110286,44
877,4,1708,680,1028,0,0,0,1.0,1,1.0,1,1.0,1,0.13961474830486764,44
878,2,1710,681,1029,0,0,0,1.0,1,1.0,1,1.0,1,0.17104118420688058,44
879,2,1712,682,1030,0,0,0,1.0,1,1.0,1,1.0,1,0.13994894101893549,44
880,4,1716,685,1031,0,0,0,1.0,1,1.0,1,1.0,1,0.22586440637043043,44
881,2,1718,685,1033,0,0,0,1.0,1,1.0,1,1.0,1,0.21101073622407931,43
882,4,1722,687,1035,0,0,0,1.0,1,1.0,1,1.0,1,0.2107219873753687,45
883,1,1723,687,1036,0,0,0,1.0,1,1.0,1,1.0,1,0.2485903538607631,45
884,0,1723,687,1036,0,0,0,1.0,1,1.0,1,1.0,1,0.2537350043242552,45
885,2,1725,687,1038,0,0,0,1.0,1,1.0,1,1.0,1,0.24251430593925513,43
886,4,1729,688,1041,0,0,0,1.0,1,1.0,1,1.0,1,0.22725310875750535,43
887,1,1730,688,1042,0,0,0,1.0,1,1.0,1,1.0,1,0.19390867718067087,41
888,0,1730,688,1042,0,0,0,1.0,1,1.0,1,1.0,1,0.21796387786651805,40
889,5,1735,692,1043,0,0,0,1.0,1,1.0,1,1.0,1,0.24513862493582392,40
890,0,1735,692,1043,0,0,0,1.0,1,1.0,1,1.0,1,0.25786103693377216,38
891,1,1736,693,1043,0,0,0,1.0,1,1.0,1,1.0,1,0.266540994407507,39
892,3,1739,695,1044,0,0,0,1.0,1,1.0,1,1.0,1,0.30761018532159845,39
893,2,1741,697,1044,0,0,0,1.0,1,1.0,1,1.0,1,0.31675535759081064,37
894,0,1741,697,1044,0,0,0,1.0,1,1.0,1,1.0,1,0.30975792970673843,36
895,0,1741,697,1044,0,0,0,1.0,1,1.0,1,1.0,1,0.31890374531675547,37
896,1,1742,698,1044,0,0,0,1.0,1,1.0,1,1.0,1,0.33940014880667185,36
897,2,1744,700,1044,0,0,0,1.0,1,1.0,1,1.0,1,0.3294343464767469,36
898,0,1744,700,1044,0,0,0,1.0,1,1.0,1,1.0,1,0.34726405607127575,35
899,1,1745,701,1044,0,0,0,1.0,1,1.0,1,1.0,1,0.3419183736283431,35
900,0,1745,701,1044,0,0,0,1.0,1,1.0,1,1.0,1,0.37355053639683067,36
901,3,1748,702,1046,0,0,0,1.0,1,1.0,1,1.0,1,0.3481131955799009,36
902,6,1754,707,1047,0,0,0,1.0,1,1.0,1,1.0,1,0.3944326984310489,36
903,2,1756,707,1049,0,0,0,1.0,1,1.0,1,1.0,1,0.3099945567740962,35
904,6,1762,710,1052,0,0,0,1.0,1,1.0,1,1.0,1,0.31820496353261946,37
905,4,1766,713,1053,0,0,0,1.0,1,1.0,1,1.0,1,0.3460534183951294,36
906,0,1766,713,1053,0,0,0,1.0,1,1.0,1,1.0,1,0.3535394644717925,37
907,3,1769,715,1054,0,0,0,1.0,1,1.0,1,1.0,1,0.3367653751651175,37
908,1,1770,716,1054,0,0,0,1.0,1,1.0,1,1.0,1,0.34587069524471975,36
909,1,1771,717,1054,0,0,0,1.0,1,1.0,1,1.0,1,0.3199936609357393,36
910,1,1772,717,1055,0,0,0,1.0,1,1.0,1,1.0,1,0.27458500106340133,37
911,2,1774,718,1056,0,0,0,1.0,1,1.0,1,1.0,1,0.3242176359035392,36
912,2,1776,720,1056,0,0,0,1.0,1,1.0,1,1.0,1,0.3326713484686802,34
913,6,1782,723,1059,0,0,0,1.0,1,1.0,1,1.0,1,0.27632961646980864,34
914,0,1782,723,1059,0,0,0,1.0,1,1.0,1,1.0,1,0.3050135591051187,33
915,0,1782,723,1059,0,0,0,1.0,1,1.0,1,1.0,1,0.3050135591051187,33
916,3,1785,723,1062,0,0,0,1.0,1,1.0,1,1.0,1,0.24391823583249123,34
917,1,1786,724,1062,0,0,0,1.0,1,1.0,1,1.0,1,0.2263230571516444,34
918,3,1789,724,1065,0,0,0,1.0,1,1.0,1,1.0,1,0.19309258758701986,36
919,0,1789,724,1065,0,0,0,1.0,1,1.0,1,1.0,1,0.19309258758701986,36
920,1,1790,725,1065,0,0,0,1.0,1,1.0,1,1.0,1,0.15682606759047474,37
921,0,1790,725,1065,0,0,0,1.0,1,1.0,1,1.0,1,0.15682606759047474,37
922,3,1793,727,1066,0,0,0,1.0,1,1.0,1,1.0,1,0.14774145602313937,38
923,0,1793,727,1066,0,0,0,1.0,1,1.0,1,1.0,1,0.12007895271253241,36
924,0,1793,727,1066,0,0,0,1.0,1,1.0,1,1.0,1,0.11584303660203096,35
925,2,1795,729,1066,0,0,0,1.0,1,1.0,1,1.0,1,0.1840458110614202,35
926,4,1799,731,1068,0,0,0,1.0,1,1.0,1,1.0,1,0.2019790237967168,34
927,2,1801,731,1070,0,0,0,1.0,1,1.0,1,1.0,1,0.1965638854420436,32
928,3,1804,732,1072,0,0,0,1.0,1,1.0,1,1.0,1,0.25738616423568744,32
929,2,1806,733,1073,0,0,0,1.0,1,1.0,1,1.0,1,0.3008878806331094,31
930,1,1807,733,1074,0,0,0,1.0,1,1.0,1,1.0,1,0.3295492458329706,30
931,2,1809,735,1074,0,0,0,1.0,1,1.0,1,1.0,1,0.3552461832792215,29
932,3,1812,737,1075,0,0,0,1.0,1,1.0,1,1.0,1,0.32806844379160305,29
933,1,1813,737,1076,0,0,0,1.0,1,1.0,1,1.0,1,0.3038274519772204,29
934,1,1814,738,1076,0,0,0,1.0,1,1.0,1,1.0,1,0.30000822709144226,29
935,2,1816,739,1077,0,0,0,1.0,1,1.0,1,1.0,1,0.3524388491518529,31
936,4,1820,740,1080,0,0,0,1.0,1,1.0,1,1.0,1,0.2936128406285397,31
937,2,1822,741,1081,0,0,0,1.0,1,1.0,1,1.0,1,0.2994245553974457,34
938,0,1822,741,1081,0,0,0,1.0,1,1.0,1,1.0,1,0.3139918021721891,33
939,4,1826,742,1084,0,0,0,1.0,1,1.0,1,1.0,1,0.2769434020514637,36
940,1,1827,742,1085,0,0,0,1.0,1,1.0,1,1.0,1,0.23769035059380075,36
941,1,1828,743,1085,0,0,0,1.0,1,1.0,1,1.0,1,0.21605029495036202,36
942,3,1831,745,1086,0,0,0,1.0,1,1.0,1,1.0,1,0.2293444860334991,36
943,3,1834,747,1087,0,0,0,1.0,1,1.0,1,1.0,1,0.22282609141497808,35
944,3,1837,749,1088,0,0,0,1.0,1,1.0,1,1.0,1,0.24084326043798313,35
945,1,1838,750,1088,0,0,0,1.0,1,1.0,1,1.0,1,0.23367196415057248,33
946,3,1841,750,1091,0,0,0,1.0,1,1.0,1,1.0,1,0.1951783600181525,36
947,0,1841,750,1091,0,0,0,1.0,1,1.0,1,1.0,1,0.22103412720118795,34
948,2,1843,752,1091,0,0,0,1.0,1,1.0,1,1.0,1,0.2831921386356254,33
949,1,1844,753,1091,0,0,0,1.0,1,1.0,1,1.0,1,0.34822543563393277,34
950,0,1844,753,1091,0,0,0,1.0,1,1.0,1,1.0,1,0.38229217698068957,33
951,0,1844,753,1091,0,0,0,1.0,1,1.0,1,1.0,1,0.38229217698068957,33
952,0,1844,753,1091,0,0,0,1.0,1,1.0,1,1.0,1,0.4023879033968224,32
953,0,1844,753,1091,0,0,0,1.0,1,1.0,1,1.0,1,0.4023879033968224,32
954,1,1845,754,1091,0,0,0,1.0,1,1.0,1,1.0,1,0.356913827187324,31
955,0,1845,754,1091,0,0,0,1.0,1,1.0,1,1.0,1,0.3772644398883683,32
956,2,1847,755,1092,0,0,0,1.0,1,1.0,1,1.0,1,0.3021234734707332,32
957,0,1847,755,1092,0,0,0,1.0,1,1.0,1,1.0,1,0.2852786255685014,33
958,0,1847,755,1092,0,0,0,1.0,1,1.0,1,1.0,1,0.30386593573228565,35
959,3,1850,756,1094,0,0,0,1.0,1,1.0,1,1.0,1,0.25893216520523743,36
960,0,1850,756,1094,0,0,0,1.0,1,1.0,1,1.0,1,0.2667713845042269,38
961,2,1852,758,1094,0,0,0,1.0,1,1.0,1,1.0,1,0.315103296911472,37
962,2,1854,759,1095,0,0,0,1.0,1,1.0,1,1.0,1,0.30273599110871624,35
963,0,1854,759,1095,0,0,0,1.0,1,1.0,1,1.0,1,0.3125331561647682,35
964,1,1855,759,1096,0,0,0,1.0,1,1.0,1,1.0,1,0.2925079488004397,34
965,0,1855,759,1096,0,0,0,1.0,1,1.0,1,1.0,1,0.29110431160092587,35
966,2,1857,760,1097,0,0,0,1.0,1,1.0,1,1.0,1,0.21404196085755897,34
967,0,1857,760,1097,0,0,0,1.0,1,1.0,1,1.0,1,0.22971295571722739,35
968,1,1858,761,1097,0,0,0,1.0,1,1.0,1,1.0,1,0.22717327858731665,36
969,1,1859,762,1097,0,0,0,1.0,1,1.0,1,1.0,1,0.26652620795356496,35
970,1,1860,762,1098,0,0,0,1.0,1,1.0,1,1.0,1,0.28716204007381063,34
971,0,1860,762,1098,0,0,0,1.0,1,1.0,1,1.0,1,0.29771987341184314,35
972,1,1861,763,1098,0,0,0,1.0,1,1.0,1,1.0,1,0.29107217435647603,35
973,1,1862,763,1099,0,0,0,1.0,1,1.0,1,1.0,1,0.2983390100151895,36
974,1,1863,764,1099,0,0,0,1.0,1,1.0,1,1.0,1,0.35193583054163186,35
975,1,1864,764,1100,0,0,0,1.0,1,1.0,1,1.0,1,0.3309828007471647,36
976,1,1865,765,1100,0,0,0,1.0,1,1.0,1,1.0,1,0.36789024510126594,38
977,0,1865,765,1100,0,0,0,1.0,1,1.0,1,1.0,1,0.36789024510126594,38
978,0,1865,765,1100,0,0,0,1.0,1,1.0,1,1.0,1,0.36789024510126594,38
979,5,1870,765,1105,0,0,0,1.0,1,1.0,1,1.0,1,0.2860798528498055,39
980,2,1872,767,1105,0,0,0,1.0,1,1.0,1,1.0,1,0.3523854211838403,39
981,2,1874,767,1107,0,0,0,1.0,1,1.0,1,1.0,1,0.3430886875626125,40
982,4,1878,769,1109,0,0,0,1.0,1,1.0,1,1.0,1,0.3785756632937086,40
983,1,1879,769,1110,0,0,0,1.0,1,1.0,1,1.0,1,0.30167463944972245,38
984,2,1881,771,1110,0,0,0,1.0,1,1.0,1,1.0,1,0.3335002276362201,39
985,3,1884,774,1110,0,0,0,1.0,1,1.0,1,1.0,1,0.3898379339970409,38
986,6,1890,777,1113,0,0,0,1.0,1,1.0,1,1.0,1,0.40516896851334366,38
987,3,1893,777,1116,0,0,0,1.0,1,1.0,1,1.0,1,0.3444168375751588,38
988,1,1894,778,1116,0,0,0,1.0,1,1.0,1,1.0,1,0.37192304749251287,38
989,0,1894,778,1116,0,0,0,1.0,1,1.0,1,1.0,1,0.36541952899190855,38
990,1,1895,778,1117,0,0,0,1.0,1,1.0,1,1.0,1,0.35539623724193353,38
991,4,1899,779,1120,0,0,0,1.0,1,1.0,1,1.0,1,0.36194538517120345,40
992,0,1899,779,1120,0,0,0,1.0,1,1.0,1,1.0,1,0.34658055861972886,39
993,0,1899,779,1120,0,0,0,1.0,1,1.0,1,1.0,1,0.33719599284790613,38
994,1,1900,779,1121,0,0,0,1.0,1,1.0,1,1.0,1,0.33200308534355005,39
995,0,1900,779,1121,0,0,0,1.0,1,1.0,1,1.0,1,0.32350319625202945,41
996,0,1900,779,1121,0,0,0,1.0,1,1.0,1,1.0,1,0.32949108197343396,40
997,1,1901,779,1122,0,0,0,1.0,1,1.0,1,1.0,1,0.33576745650599255,41
998,0,1901,779,1122,0,0,0,1.0,1,1.0,1,1.0,1,0.35827807210638035,40
999,0,1901,779,1122,0,0,0,1.0,1,1.0,1,1.0,1,0.35617515137906736,40
1000,1,1902,780,1122,0,0,0,1.0,1,1.0,1,1.0,1,0.37633457529082676,40
1001,0,1902,780,1122,0,0,0,1.0,1,1.0,1,1.0,1,0.37484640147398585,39
1002,0,1902,780,1122,0,0,0,1.0,1,1.0,1,1.0,1,0.37484640147398585,39
1003,1,1903,780,1123,0,0,0,1.0,1,1.0,1,1.0,1,0.36026831937137527,39
1004,0,1903,780,1123,0,0,0,1.0,1,1.0,1,1.0,1,0.36026831937137527,39
1005,1,1904,780,1124,0,0,0,1.0,1,1.0,1,1.0,1,0.3492793940535376,40
1006,4,1908,780,1128,0,0,0,1.0,1,1.0,1,1.0,1,0.2826809188455266,41
1007,0,1908,780,1128,0,0,0,1.0,1,1.0,1,1.0,1,0.2978306541095388,42
1008,2,1910,780,1130,0,0,0,1.0,1,1.0,1,1.0,1,0.26475570510967666,43
1009,2,1912,780,1132,0,0,0,1.0,1,1.0,1,1.0,1,0.23979442524156405,44
1010,1,1913,780,1133,0,0,0,1.0,1,1.0,1,1.0,1,0.22986975632069648,44
1011,0,1913,780,1133,0,0,0,1.0,1,1.0,1,1.0,1,0.22986975632069648,44
1012,5,1918,783,1135,0,0,0,1.0,1,1.0,1,1.0,1,0.21181384832980565,46
1013,2,1920,783,1137,0,0,0,1.0,1,1.0,1,1.0,1,0.21186862591805655,46
1014,1,1921,784,1137,0,0,0,1.0,1,1.0,1,1.0,1,0.23578419644938176,46
1015,0,1921,784,1137,0,0,0,1.0,1,1.0,1,1.0,1,0.23578419644938176,46
1016,3,1924,785,1139,0,0,0,1.0,1,1.0,1,1.0,1,0.21787981663247916,47
1017,4,1928,786,1142,0,0,0,1.0,1,1.0,1,1.0,1,0.2088615744376207,47
1018,5,1933,787,1146,0,0,0,1.0,1,1.0,1,1.0,1,0.1842208188481481,48
1019,1,1934,787,1147,0,0,0,1.0,1,1.0,1,1.0,1,0.18584559186964517,49
1020,1,1935,787,1148,0,0,0,1.0,1,1.0,1,1.0,1,0.1788195960278102,51
1021,2,1937,787,1150,0,0,0,1.0,1,1.0,1,1.0,1,0.14855337528503135,51
1022,1,1938,788,1150,0,0,0,1.0,1,1.0,1,1.0,1,0.14888787961082703,52
1023,0,1938,788,1150,0,0,0,1.0,1,1.0,1,1.0,1,0.15893630605111705,52
1024,1,1939,789,1150,0,0,0,1.0,1,1.0,1,1.0,1,0.19426527704684204,52
1025,1,1940,789,1151,0,0,0,1.0,1,1.0,1,1.0,1,0.18228076208295588,54
1026,1,1941,789,1152,0,0,0,1.0,1,1.0,1,1.0,1,0.1772778062568194,54
1027,1,1942,789,1153,0,0,0,1.0,1,1.0,1,1.0,1,0.14796004190470827,55
1028,1,1943,790,1153,0,0,0,1.0,1,1.0,1,1.0,1,0.16908659812748228,56
1029,0,1943,790,1153,0,0,0,1.0,1,1.0,1,1.0,1,0.16908659812748228,56
1030,2,1945,790,1155,0,0,0,1.0,1,1.0,1,1.0,1,0.15686542561440744,57
1031,1,1946,790,1156,0,0,0,1.0,1,1.0,1,1.0,1,0.1669419692958358,58
1032,4,1950,792,1158,0,0,0,1.0,1,1.0,1,1.0,1,0.20723813737739386,58
1033,0,1950,792,1158,0,0,0,1.0,1,1.0,1,1.0,1,0.20335509868702506,57
1034,2,1952,794,1158,0,0,0,1.0,1,1.0,1,1.0,1,0.21505496192561557,57
1035,5,1957,796,1161,0,0,0,1.0,1,1.0,1,1.0,1,0.24394739724020845,57
1036,9,1966,798,1168,0,0,0,1.0,1,1.0,1,1.0,1,0.15696719150418578,59
1037,2,1968,800,1168,0,0,0,1.0,1,1.0,1,1.0,1,0.1898317662489415,57
1038,3,1971,801,1170,0,0,0,1.0,1,1.0,1,1.0,1,0.21193093625360765,59
1039,2,1973,803,1170,0,0,0,1.0,1,1.0,1,1.0,1,0.22125895711750246,57
1040,2,1975,804,1171,0,0,0,1.0,1,1.0,1,1.0,1,0.2700301275491013,56
1041,2,1977,805,1172,0,0,0,1.0,1,1.0,1,1.0,1,0.25334399479917774,54
1042,0,1977,805,1172,0,0,0,1.0,1,1.0,1,1.0,1,0.2614508303439296,52
1043,2,1979,807,1172,0,0,0,1.0,1,1.0,1,1.0,1,0.30306103390260514,52
1044,1,1980,807,1173,0,0,0,1.0,1,1.0,1,1.0,1,0.2657752468824736,50
1045,3,1983,808,1175,0,0,0,1.0,1,1.0,1,1.0,1,0.26948990343726514,51
1046,2,1985,809,1176,0,0,0,1.0,1,1.0,1,1.0,1,0.24428760013172188,50
1047,1,1986,809,1177,0,0,0,1.0,1,1.0,1,1.0,1,0.19736533841082907,50
1048,0,1986,809,1177,0,0,0,1.0,1,1.0,1,1.0,1,0.19736533841082907,50
1049,2,1988,811,1177,0,0,0,1.0,1,1.0,1,1.0,1,0.2270257921887625,50
1050,0,1988,811,1177,0,0,0,1.0,1,1.0,1,1.0,1,0.2270257921887625,50
1051,4,1992,812,1180,0,0,0,1.0,1,1.0,1,1.0,1,0.17426668474656593,50
1052,2,1994,812,1182,0,0,0,1.0,1,1.0,1,1.0,1,0.16233029474690702,51
1053,0,1994,812,1182,0,0,0,1.0,1,1.0,1,1.0,1,0.16233029474690702,51
1054,2,1996,812,1184,0,0,0,1.0,1,1.0,1,1.0,1,0.135661917366008,53
1055,0,1996,812,1184,0,0,0,1.0,1,1.0,1,1.0,1,0.15104775217967684,54
1056,0,1996,812,1184,0,0,0,1.0,1,1.0,1,1.0,1,0.17798374183315957,54
1057,2,1998,813,1185,0,0,0,1.0,1,1.0,1,1.0,1,0.2005149516799813,55
1058,0,1998,813,1185,0,0,0,1.0,1,1.0,1,1.0,1,0.2057409224750569,54
1059,4,2002,815,1187,0,0,0,1.0,1,1.0,1,1.0,1,0.2568873420878592,53
1060,1,2003,815,1188,0,0,0,1.0,1,1.0,1,1.0,1,0.2514498445953852,53
1061,4,2007,818,1189,0,0,0,1.0,1,1.0,1,1.0,1,0.23570561115419672,53
1062,4,2011,822,1189,0,0,0,1.0,1,1.0,1,1.0,1,0.2219812586092434,54
1063,1,2012,822,1190,0,0,0,1.0,1,1.0,1,1.0,1,0.2568631782652055,53
1064,5,2017,825,1192,0,0,0,1.0,1,1.0,1,1.0,1,0.24585992370574156,55
1065,0,2017,825,1192,0,0,0,1.0,1,1.0,1,1.0,1,0.2692592652672183,54
1066,5,2022,825,1197,0,0,0,1.0,1,1.0,1,1.0,1,0.2242848685026302,55
1067,3,2025,826,1199,0,0,0,1.0,1,1.0,1,1.0,1,0.23574982002307088,55
1068,0,2025,826,1199,0,0,0,1.0,1,1.0,1,1.0,1,0.24993824375154777,55
1069,2,2027,827,1200,0,0,0,1.0,1,1.0,1,1.0,1,0.25390867581254206,55
1070,0,2027,827,1200,0,0,0,1.0,1,1.0,1,1.0,1,0.26907513680145345,54
1071,2,2029,827,1202,0,0,0,1.0,1,1.0,1,1.0,1,0.2245370511468719,55
1072,0,2029,827,1202,0,0,0,1.0,1,1.0,1,1.0,1,0.22079021865121146,54
1073,2,2031,829,1202,0,0,0,1.0,1,1.0,1,1.0,1,0.22297878328384538,54
1074,2,2033,829,1204,0,0,0,1.0,1,1.0,1,1.0,1,0.18946034371539466,52
1075,0,2033,829,1204,0,0,0,1.0,1,1.0,1,1.0,1,0.1813969644906286,51
1076,2,2035,830,1205,0,0,0,1.0,1,1.0,1,1.0,1,0.178098625936774,52
1077,2,2037,832,1205,0,0,0,1.0,1,1.0,1,1.0,1,0.1605130437352536,49
1078,2,2039,834,1205,0,0,0,1.0,1,1.0,1,1.0,1,0.21375245309093052,48
1079,2,2041,836,1205,0,0,0,1.0,1,1.0,1,1.0,1,0.22939194103111243,47
1080,2,2043,838,1205,0,0,0,1.0,1,1.0,1,1.0,1,0.28336679225017686,47
1081,8,2051,839,1212,0,0,0,1.0,1,1.0,1,1.0,1,0.23049211742819598,45
1082,3,2054,841,1213,0,0,0,1.0,1,1.0,1,1.0,1,0.3119562847752705,42
1083,2,2056,842,1214,0,0,0,1.0,1,1.0,1,1.0,1,0.36723525924347433,42
1084,0,2056,842,1214,0,0,0,1.0,1,1.0,1,1.0,1,0.35570596980003893,40
1085,1,2057,842,1215,0,0,0,1.0,1,1.0,1,1.0,1,0.29535527914506005,43
1086,1,2058,842,1216,0,0,0,1.0,1,1.0,1,1.0,1,0.2787693810754454,41
1087,0,2058,842,1216,0,0,0,1.0,1,1.0,1,1.0,1,0.261237423384253,41
1088,2,2060,844,1216,0,0,0,1.0,1,1.0,1,1.0,1,0.25119666076703656,41
1089,3,2063,846,1217,0,0,0,1.0,1,1.0,1,1.0,1,0.24217071966857984,42
1090,1,2064,846,1218,0,0,0,1.0,1,1.0,1,1.0,1,0.2496937390174552,43
1091,0,2064,846,1218,0,0,0,1.0,1,1.0,1,1.0,1,0.22558283937368234,43
1092,1,2065,847,1218,0,0,0,1.0,1,1.0,1,1.0,1,0.22147459733551472,43
1093,1,2066,848,1218,0,0,0,1.0,1,1.0,1,1.0,1,0.23493259053632462,43
1094,1,2067,849,1218,0,0,0,1.0,1,1.0,1,1.0,1,0.22627384247348628,43
1095,1,2068,850,1218,0,0,0,1.0,1,1.0,1,1.0,1,0.25743611746868916,44
1096,2,2070,851,1219,0,0,0,1.0,1,1.0,1,1.0,1,0.24572461967010412,44
1097,5,2075,853,1222,0,0,0,1.0,1,1.0,1,1.0,1,0.2872463979179979,45
1098,1,2076,853,1223,0,0,0,1.0,1,1.0,1,1.0,1,0.25982053539403865,46
1099,0,2076,853,1223,0,0,0,1.0,1,1.0,1,1.0,1,0.26657779075592386,48
1100,4,2080,854,1226,0,0,0,1.0,1,1.0,1,1.0,1,0.26147557555414686,49
1101,1,2081,854,1227,0,0,0,1.0,1,1.0,1,1.0,1,0.25762048761718415,49
1102,3,2084,857,1227,0,0,0,1.0,1,1.0,1,1.0,1,0.29791063217748975,50
1103,2,2086,857,1229,0,0,0,1.0,1,1.0,1,1.0,1,0.2509992521876815,48
1104,4,2090,861,1229,0,0,0,1.0,1,1.0,1,1.0,1,0.2495891799834783,50
1105,3,2093,863,1230,0,0,0,1.0,1,1.0,1,1.0,1,0.28465767557800953,48
1106,2,2095,863,1232,0,0,0,1.0,1,1.0,1,1.0,1,0.2755809937183308,48
1107,3,2098,865,1233,0,0,0,1.0,1,1.0,1,1.0,1,0.3093172608777324,47
1108,2,2100,866,1234,0,0,0,1.0,1,1.0,1,1.0,1,0.33363409020090873,47
1109,2,2102,867,1235,0,0,0,1.0,1,1.0,1,1.0,1,0.32408519107650197,46
1110,2,2104,868,1236,0,0,0,1.0,1,1.0,1,1.0,1,0.3676396473485866,43
1111,5,2109,869,1240,0,0,0,1.0,1,1.0,1,1.0,1,0.25748861601371015,44
1112,3,2112,871,1241,0,0,0,1.0,1,1.0,1,1.0,1,0.2746698936636419,43
1113,2,2114,872,1242,0,0,0,1.0,1,1.0,1,1.0,1,0.3159304287788124,39
1114,0,2114,872,1242,0,0,0,1.0,1,1.0,1,1.0,1,0.3159304287788124,39
1115,0,2114,872,1242,0,0,0,1.0,1,1.0,1,1.0,1,0.3264480351610966,37
1116,2,2116,874,1242,0,0,0,1.0,1,1.0,1,1.0,1,0.28459881957113303,37
1117,6,2122,876,1246,0,0,0,1.0,1,1.0,1,1.0,1,0.3137730304705334,36
1118,0,2122,876,1246,0,0,0,1.0,1,1.0,1,1.0,1,0.3148771249408011,36
1119,0,2122,876,1246,0,0,0,1.0,1,1.0,1,1.0,1,0.3148771249408011,36
1120,1,2123,876,1247,0,0,0,1.0,1,1.0,1,1.0,1,0.3168329721926744,36
1121,0,2123,876,1247,0,0,0,1.0,1,1.0,1,1.0,1,0.3168329721926744,36
1122,0,2123,876,1247,0,0,0,1.0,1,1.0,1,1.0,1,0.31832953767852196,37
1123,0,2123,876,1247,0,0,0,1.0,1,1.0,1,1.0,1,0.31832953767852196,37
1124,1,2124,876,1248,0,0,0,1.0,1,1.0,1,1.0,1,0.31369591995725693,37
1125,4,2128,878,1250,0,0,0,1.0,1,1.0,1,1.0,1,0.38649237023807365,38
1126,2,2130,878,1252,0,0,0,1.0,1,1.0,1,1.0,1,0.345763669833407,38
1127,2,2132,879,1253,0,0,0,1.0,1,1.0,1,1.0,1,0.34989394939137686,39
1128,0,2132,879,1253,0,0,0,1.0,1,1.0,1,1.0,1,0.34989394939137686,39
1129,1,2133,879,1254,0,0,0,1.0,1,1.0,1,1.0,1,0.32870408925561884,39
1130,0,2133,879,1254,0,0,0,1.0,1,1.0,1,1.0,1,0.32870408925561884,39
1131,0,2133,879,1254,0,0,0,1.0,1,1.0,1,1.0,1,0.32870408925561884,39
1132,0,2133,879,1254,0,0,0,1.0,1,1.0,1,1.0,1,0.32870408925561884,39
1133,1,2134,880,1254,0,0,0,1.0,1,1.0,1,1.0,1,0.27928761717473743,42
1134,0,2134,880,1254,0,0,0,1.0,1,1.0,1,1.0,1,0.27928761717473743,42
1135,2,2136,881,1255,0,0,0,1.0,1,1.0,1,1.0,1,0.29322993593828917,44
1136,3,2139,882,1257,0,0,0,1.0,1,1.0,1,1.0,1,0.31341906843474304,46
1137,0,2139,882,1257,0,0,0,1.0,1,1.0,1,1.0,1,0.33283520346502105,45
1138,5,2144,883,1261,0,0,0,1.0,1,1.0,1,1.0,1,0.32742253097219853,46
1139,7,2151,884,1267,0,0,0,1.0,1,1.0,1,1.0,1,0.3164600368092218,47
1140,2,2153,884,1269,0,0,0,1.0,1,1.0,1,1.0,1,0.3133046536890666,46
1141,2,2155,885,1270,0,0,0,1.0,1,1.0,1,1.0,1,0.2871632975905232,45
1142,1,2156,886,1270,0,0,0,1.0,1,1.0,1,1.0,1,0.3015879624940116,45
1143,3,2159,887,1272,0,0,0,1.0,1,1.0,1,1.0,1,0.2956805489588433,43
1144,4,2163,889,1274,0,0,0,1.0,1,1.0,1,1.0,1,0.23825506380307301,45
1145,2,2165,890,1275,0,0,0,1.0,1,1.0,1,1.0,1,0.24728560553324078,44
1146,6,2171,891,1280,0,0,0,1.0,1,1.0,1,1.0,1,0.18916522746868095,45
1147,2,2173,892,1281,0,0,0,1.0,1,1.0,1,1.0,1,0.18251283335799412,44
1148,3,2176,894,1282,0,0,0,1.0,1,1.0,1,1.0,1,0.18104347895333658,43
1149,0,2176,894,1282,0,0,0,1.0,1,1.0,1,1.0,1,0.19974681099112446,42
1150,1,2177,894,1283,0,0,0,1.0,1,1.0,1,1.0,1,0.21883483197543807,45
1151,1,2178,895,1283,0,0,0,1.0,1,1.0,1,1.0,1,0.2531183693671212,40
1152,2,2180,897,1283,0,0,0,1.0,1,1.0,1,1.0,1,0.28124639454435507,41
1153,2,2182,899,1283,0,0,0,1.0,1,1.0,1,1.0,1,0.32896209543854726,38
1154,2,2184,901,1283,0,0,0,1.0,1,1.0,1,1.0,1,0.35371623147106684,37
1155,0,2184,901,1283,0,0,0,1.0,1,1.0,1,1.0,1,0.3209654616485795,38
1156,5,2189,902,1287,0,0,0,1.0,1,1.0,1,1.0,1,0.2542183584127409,38
1157,0,2189,902,1287,0,0,0,1.0,1,1.0,1,1.0,1,0.25688362512306284,37
1158,0,2189,902,1287,0,0,0,1.0,1,1.0,1,1.0,1,0.23886224847036663,36
1159,0,2189,902,1287,0,0,0,1.0,1,1.0,1,1.0,1,0.22805473707491772,35
1160,1,2190,903,1287,0,0,0,1.0,1,1.0,1,1.0,1,0.24739019336889084,35
1161,0,2190,903,1287,0,0,0,1.0,1,1.0,1,1.0,1,0.2536334092109593,36
1162,0,2190,903,1287,0,0,0,1.0,1,1.0,1,1.0,1,0.24531585498617475,37
1163,0,2190,903,1287,0,0,0,1.0,1,1.0,1,1.0,1,0.24531585498617475,37
1164,0,2190,903,1287,0,0,0,1.0,1,1.0,1,1.0,1,0.23843506859609226,38
1165,1,2191,904,1287,0,0,0,1.0,1,1.0,1,1.0,1,0.269690899595012,38
1166,0,2191,904,1287,0,0,0,1.0,1,1.0,1,1.0,1,0.2982051549265102,40
1167,3,2194,906,1288,0,0,0,1.0,1,1.0,1,1.0,1,0.26613351115863976,40
1168,4,2198,908,1290,0,0,0,1.0,1,1.0,1,1.0,1,0.27034984555425734,40
1169,0,2198,908,1290,0,0,0,1.0,1,1.0,1,1.0,1,0.27099438112263574,41
1170,2,2200,910,1290,0,0,0,1.0,1,1.0,1,1.0,1,0.2920103484367443,41
1171,7,2207,911,1296,0,0,0,1.0,1,1.0,1,1.0,1,0.19394545943431513,43
1172,1,2208,912,1296,0,0,0,1.0,1,1.0,1,1.0,1,0.18307585045426436,43
1173,0,2208,912,1296,0,0,0,1.0,1,1.0,1,1.0,1,0.18307585045426436,43
1174,1,2209,913,1296,0,0,0,1.0,1,1.0,1,1.0,1,0.20711651305677478,43
1175,1,2210,913,1297,0,0,0,1.0,1,1.0,1,1.0,1,0.1914682369392423,44
1176,0,2210,913,1297,0,0,0,1.0,1,1.0,1,1.0,1,0.20480224327760838,45
1177,1,2211,914,1297,0,0,0,1.0,1,1.0,1,1.0,1,0.23470397409057453,45
1178,1,2212,915,1297,0,0,0,1.0,1,1.0,1,1.0,1,0.22457104245109424,45
1179,0,2212,915,1297,0,0,0,1.0,1,1.0,1,1.0,1,0.2509474999709608,46
1180,0,2212,915,1297,0,0,0,1.0,1,1.0,1,1.0,1,0.23290864639528802,47
1181,2,2214,915,1299,0,0,0,1.0,1,1.0,1,1.0,1,0.2061292073985403,48
1182,0,2214,915,1299,0,0,0,1.0,1,1.0,1,1.0,1,0.2061292073985403,48
1183,1,2215,916,1299,0,0,0,1.0,1,1.0,1,1.0,1,0.26308278989836287,46
1184,3,2218,918,1300,0,0,0,1.0,1,1.0,1,1.0,1,0.22703504227070714,47
1185,1,2219,919,1300,0,0,0,1.0,1,1.0,1,1.0,1,0.29429030623528873,44
1186,3,2222,919,1303,0,0,0,1.0,1,1.0,1,1.0,1,0.2592296792767972,47
1187,2,2224,919,1305,0,0,0,1.0,1,1.0,1,1.0,1,0.25754098656251656,49
1188,0,2224,919,1305,0,0,0,1.0,1,1.0,1,1.0,1,0.2536079811542334,50
1189,0,2224,919,1305,0,0,0,1.0,1,1.0,1,1.0,1,0.2318483184321727,48
1190,1,2225,920,1305,0,0,0,1.0,1,1.0,1,1.0,1,0.25586347907435486,48
1191,0,2225,920,1305,0,0,0,1.0,1,1.0,1,1.0,1,0.23824024904675603,46
1192,1,2226,921,1305,0,0,0,1.0,1,1.0,1,1.0,1,0.2607522737208814,46
1193,0,2226,921,1305,0,0,0,1.0,1,1.0,1,1.0,1,0.2883588996005562,45
1194,1,2227,921,1306,0,0,0,1.0,1,1.0,1,1.0,1,0.2807840077902051,45
1195,2,2229,922,1307,0,0,0,1.0,1,1.0,1,1.0,1,0.2816962141534179,47
1196,3,2232,923,1309,0,0,0,1.0,1,1.0,1,1.0,1,0.26334082545837695,48
1197,1,2233,923,1310,0,0,0,1.0,1,1.0,1,1.0,1,0.2413486811434629,49
1198,1,2234,924,1310,0,0,0,1.0,1,1.0,1,1.0,1,0.25994634521108584,49
1199,1,2235,924,1311,0,0,0,1.0,1,1.0,1,1.0,1,0.252649430285682,50
1200,1,2236,925,1311,0,0,0,1.0,1,1.0,1,1.0,1,0.265121825479471,50
1201,2,2238,925,1313,0,0,0,1.0,1,1.0,1,1.0,1,0.22025121722698665,50
1202,1,2239,926,1313,0,0,0,1.0,1,1.0,1,1.0,1,0.22887199726243676,51
1203,0,2239,926,1313,0,0,0,1.0,1,1.0,1,1.0,1,0.21860017538728407,52
1204,0,2239,926,1313,0,0,0,1.0,1,1.0,1,1.0,1,0.21860017538728407,52
1205,2,2241,927,1314,0,0,0,1.0,1,1.0,1,1.0,1,0.24600364567876917,53
1206,0,2241,927,1314,0,0,0,1.0,1,1.0,1,1.0,1,0.24600364567876917,53
1207,3,2244,927,1317,0,0,0,1.0,1,1.0,1,1.0,1,0.21465750454363308,55
1208,2,2246,927,1319,0,0,0,1.0,1,1.0,1,1.0,1,0.19457249806407537,56
1209,0,2246,927,1319,0,0,0,1.0,1,1.0,1,1.0,1,0.2068671040998873,55
1210,1,2247,927,1320,0,0,0,1.0,1,1.0,1,1.0,1,0.20070838669172394,55
1211,2,2249,927,1322,0,0,0,1.0,1,1.0,1,1.0,1,0.1717156278657034,57
1212,0,2249,927,1322,0,0,0,1.0,1,1.0,1,1.0,1,0.1717156278657034,57
1213,0,2249,927,1322,0,0,0,1.0,1,1.0,1,1.0,1,0.1717156278657034,57
1214,2,2251,929,1322,0,0,0,1.0,1,1.0,1,1.0,1,0.2138009514655097,57
1215,4,2255,929,1326,0,0,0,1.0,1,1.0,1,1.0,1,0.21603936132589768,59
1216,3,2258,929,1329,0,0,0,1.0,1,1.0,1,1.0,1,0.18622405209108756,61
1217,1,2259,929,1330,0,0,0,1.0,1,1.0,1,1.0,1,0.182505595588579,61
1218,2,2261,929,1332,0,0,0,1.0,1,1.0,1,1.0,1,0.17911051530344682,61
1219,1,2262,930,1332,0,0,0,1.0,1,1.0,1,1.0,1,0.1799723614959444,61
1220,1,2263,930,1333,0,0,0,1.0,1,1.0,1,1.0,1,0.17742151810083914,60
1221,2,2265,930,1335,0,0,0,1.0,1,1.0,1,1.0,1,0.1894048550587309,61
1222,1,2266,931,1335,0,0,0,1.0,1,1.0,1,1.0,1,0.19800860074359508,61
1223,4,2270,934,1336,0,0,0,1.0,1,1.0,1,1.0,1,0.1765094874993665,59
1224,2,2272,936,1336,0,0,0,1.0,1,1.0,1,1.0,1,0.18958543132681288,60
1225,2,2274,937,1337,0,0,0,1.0,1,1.0,1,1.0,1,0.22925240141697384,60
1226,4,2278,940,1338,0,0,0,1.0,1,1.0,1,1.0,1,0.22563661222859147,61
1227,2,2280,942,1338,0,0,0,1.0,1,1.0,1,1.0,1,0.21077193437369862,59
1228,2,2282,944,1338,0,0,0,1.0,1,1.0,1,1.0,1,0.21827592778631366,58
1229,3,2285,946,1339,0,0,0,1.0,1,1.0,1,1.0,1,0.20224598159130008,57
1230,2,2287,947,1340,0,0,0,1.0,1,1.0,1,1.0,1,0.2203671307162367,55
1231,5,2292,949,1343,0,0,0,1.0,1,1.0,1,1.0,1,0.21125369060547974,54
1232,2,2294,951,1343,0,0,0,1.0,1,1.0,1,1.0,1,0.24837327579836746,51
1233,1,2295,952,1343,0,0,0,1.0,1,1.0,1,1.0,1,0.262062047577489,49
1234,4,2299,955,1344,0,0,0,1.0,1,1.0,1,1.0,1,0.29377814368475863,49
1235,3,2302,956,1346,0,0,0,1.0,1,1.0,1,1.0,1,0.2972366496782006,48
1236,0,2302,956,1346,0,0,0,1.0,1,1.0,1,1.0,1,0.3126047982310087,49
1237,2,2304,957,1347,0,0,0,1.0,1,1.0,1,1.0,1,0.31983379775206827,48
1238,3,2307,957,1350,0,0,0,1.0,1,1.0,1,1.0,1,0.2784476183390191,47
1239,0,2307,957,1350,0,0,0,1.0,1,1.0,1,1.0,1,0.2652867823878013,48
1240,0,2307,957,1350,0,0,0,1.0,1,1.0,1,1.0,1,0.2751461043921155,49
1241,0,2307,957,1350,0,0,0,1.0,1,1.0,1,1.0,1,0.2751461043921155,49
1242,1,2308,957,1351,0,0,0,1.0,1,1.0,1,1.0,1,0.27077907304927823,49
1243,2,2310,957,1353,0,0,0,1.0,1,1.0,1,1.0,1,0.22720060389903113,50
1244,1,2311,957,1354,0,0,0,1.0,1,1.0,1,1.0,1,0.2282184220568311,50
1245,0,2311,957,1354,0,0,0,1.0,1,1.0,1,1.0,1,0.24223353378353701,51
1246,7,2318,957,1361,0,0,0,1.0,1,1.0,1,1.0,1,0.1794846147795655,52
1247,0,2318,957,1361,0,0,0,1.0,1,1.0,1,1.0,1,0.1794846147795655,52
1248,1,2319,958,1361,0,0,0,1.0,1,1.0,1,1.0,1,0.2303011504882574,51
1249,3,2322,960,1362,0,0,0,1.0,1,1.0,1,1.0,1,0.22248243463286008,51
1250,3,2325,963,1362,0,0,0,1.0,1,1.0,1,1.0,1,0.2322645398753438,51
1251,3,2328,963,1365,0,0,0,1.0,1,1.0,1,1.0,1,0.19614884261206883,53
1252,2,2330,964,1366,0,0,0,1.0,1,1.0,1,1.0,1,0.19499311944339878,52
1253,1,2331,965,1366,0,0,0,1.0,1,1.0,1,1.0,1,0.19380287656841072,52
1254,0,2331,965,1366,0,0,0,1.0,1,1.0,1,1.0,1,0.17320067042837048,53
1255,0,2331,965,1366,0,0,0,1.0,1,1.0,1,1.0,1,0.17494563939270852,55
1256,0,2331,965,1366,0,0,0,1.0,1,1.0,1,1.0,1,0.17494563939270852,55
1257,0,2331,965,1366,0,0,0,1.0,1,1.0,1,1.0,1,0.18458835767862924,57
1258,0,2331,965,1366,0,0,0,1.0,1,1.0,1,1.0,1,0.18479026728565195,57
1259,0,2331,965,1366,0,0,0,1.0,1,1.0,1,1.0,1,0.18479026728565195,57
1260,0,2331,965,1366,0,0,0,1.0,1,1.0,1,1.0,1,0.1946216232960387,56
1261,2,2333,966,1367,0,0,0,1.0,1,1.0,1,1.0,1,0.18889564484438917,57
1262,3,2336,967,1369,0,0,0,1.0,1,1.0,1,1.0,1,0.1971101992363319,58
1263,4,2340,970,1370,0,0,0,1.0,1,1.0,1,1.0,1,0.22032198102719278,58
1264,2,2342,971,1371,0,0,0,1.0,1,1.0,1,1.0,1,0.21191103235005077,57
1265,4,2346,972,1374,0,0,0,1.0,1,1.0,1,1.0,1,0.1934471801429175,56
1266,2,2348,973,1375,0,0,0,1.0,1,1.0,1,1.0,1,0.1971127953916057,55
1267,2,2350,975,1375,0,0,0,1.0,1,1.0,1,1.0,1,0.25959921166196864,53
1268,1,2351,976,1375,0,0,0,1.0,1,1.0,1,1.0,1,0.28565505643734784,52
1269,1,2352,977,1375,0,0,0,1.0,1,1.0,1,1.0,1,0.2810352678105287,51
1270,2,2354,978,1376,0,0,0,1.0,1,1.0,1,1.0,1,0.27029851969094626,47
1271,1,2355,979,1376,0,0,0,1.0,1,1.0,1,1.0,1,0.3030307530577131,46
1272,1,2356,980,1376,0,0,0,1.0,1,1.0,1,1.0,1,0.25410923025984344,43
1273,2,2358,982,1376,0,0,0,1.0,1,1.0,1,1.0,1,0.2624270994230453,44
1274,1,2359,983,1376,0,0,0,1.0,1,1.0,1,1.0,1,0.3218970447680067,44
1275,2,2361,984,1377,0,0,0,1.0,1,1.0,1,1.0,1,0.3180145365455565,45
1276,9,2370,985,1385,0,0,0,1.0,1,1.0,1,1.0,1,0.14767113780410512,43
1277,3,2373,987,1386,0,0,0,1.0,1,1.0,1,1.0,1,0.19269488118105232,44
1278,4,2377,990,1387,0,0,0,1.0,1,1.0,1,1.0,1,0.22858250464999505,45
1279,0,2377,990,1387,0,0,0,1.0,1,1.0,1,1.0,1,0.2219362426436136,47
1280,2,2379,990,1389,0,0,0,1.0,1,1.0,1,1.0,1,0.2142958777713721,47
1281,1,2380,990,1390,0,0,0,1.0,1,1.0,1,1.0,1,0.2085948056953311,47
1282,1,2381,991,1390,0,0,0,1.0,1,1.0,1,1.0,1,0.21859825326084562,46
1283,1,2382,992,1390,0,0,0,1.0,1,1.0,1,1.0,1,0.23425454769557394,46
1284,0,2382,992,1390,0,0,0,1.0,1,1.0,1,1.0,1,0.23425454769557394,46
1285,1,2383,992,1391,0,0,0,1.0,1,1.0,1,1.0,1,0.2272773869913737,46
1286,0,2383,992,1391,0,0,0,1.0,1,1.0,1,1.0,1,0.24539756665638887,45
1287,3,2386,992,1394,0,0,0,1.0,1,1.0,1,1.0,1,0.19943330347721414,49
1288,1,2387,992,1395,0,0,0,1.0,1,1.0,1,1.0,1,0.21126866458938556,49
1289,1,2388,992,1396,0,0,0,1.0,1,1.0,1,1.0,1,0.17902302515377824,52
1290,1,2389,992,1397,0,0,0,1.0,1,1.0,1,1.0,1,0.16259510598421167,52
1291,1,2390,992,1398,0,0,0,1.0,1,1.0,1,1.0,1,0.1549453634630728,52
1292,1,2391,992,1399,0,0,0,1.0,1,1.0,1,1.0,1,0.12295202126265348,53
1293,0,2391,992,1399,0,0,0,1.0,1,1.0,1,1.0,1,0.12295202126265348,53
1294,1,2392,992,1400,0,0,0,1.0,1,1.0,1,1.0,1,0.11426972611741021,53
1295,0,2392,992,1400,0,0,0,1.0,1,1.0,1,1.0,1,0.12497415307955691,54
1296,0,2392,992,1400,0,0,0,1.0,1,1.0,1,1.0,1,0.131148116416967,55
1297,0,2392,992,1400,0,0,0,1.0,1,1.0,1,1.0,1,0.15169022150638126,54
1298,1,2393,992,1401,0,0,0,1.0,1,1.0,1,1.0,1,0.15670425279451242,55
1299,0,2393,992,1401,0,0,0,1.0,1,1.0,1,1.0,1,0.17627454518943025,54
1300,2,2395,993,1402,0,0,0,1.0,1,1.0,1,1.0,1,0.16655744495299069,55
1301,4,2399,995,1404,0,0,0,1.0,1,1.0,1,1.0,1,0.208992249144917,54
1302,4,2403,997,1406,0,0,0,1.0,1,1.0,1,1.0,1,0.2232151649181219,54
1303,2,2405,999,1406,0,0,0,1.0,1,1.0,1,1.0,1,0.303186999531409,50
1304,5,2410,1003,1407,0,0,0,1.0,1,1.0,1,1.0,1,0.2841659123804706,51
1305,1,2411,1004,1407,0,0,0,1.0,1,1.0,1,1.0,1,0.30605370620647243,48
1306,10,2421,1009,1412,0,0,0,1.0,1,1.0,1,1.0,1,0.2851222218077724,48
1307,2,2423,1010,1413,0,0,0,1.0,1,1.0,1,1.0,1,0.23541119595811927,48
1308,2,2425,1011,1414,0,0,0,1.0,1,1.0,1,1.0,1,0.2743307673876463,46
1309,2,2427,1013,1414,0,0,0,1.0,1,1.0,1,1.0,1,0.2929076642048177,47
1310,1,2428,1013,1415,0,0,0,1.0,1,1.0,1,1.0,1,0.24940620370312927,46
1311,2,2430,1015,1415,0,0,0,1.0,1,1.0,1,1.0,1,0.29366826638730514,46
1312,2,2432,1017,1415,0,0,0,1.0,1,1.0,1,1.0,1,0.3199805702523423,45
1313,5,2437,1018,1419,0,0,0,1.0,1,1.0,1,1.0,1,0.2740763543601914,44
1314,0,2437,1018,1419,0,0,0,1.0,1,1.0,1,1.0,1,0.265382852906639,42
1315,1,2438,1019,1419,0,0,0,1.0,1,1.0,1,1.0,1,0.28238266456219635,40
1316,3,2441,1019,1422,0,0,0,1.0,1,1.0,1,1.0,1,0.23262129561076095,42
1317,0,2441,1019,1422,0,0,0,1.0,1,1.0,1,1.0,1,0.2330427917666671,42
1318,0,2441,1019,1422,0,0,0,1.0,1,1.0,1,1.0,1,0.2330427917666671,42
1319,1,2442,1019,1423,0,0,0,1.0,1,1.0,1,1.0,1,0.23416683855890505,42
1320,0,2442,1019,1423,0,0,0,1.0,1,1.0,1,1.0,1,0.23416683855890505,42
1321,0,2442,1019,1423,0,0,0,1.0,1,1.0,1,1.0,1,0.2070426043517231,45
1322,0,2442,1019,1423,0,0,0,1.0,1,1.0,1,1.0,1,0.2070426043517231,45
1323,1,2443,1020,1423,0,0,0,1.0,1,1.0,1,1.0,1,0.2093699969824057,46
1324,1,2444,1020,1424,0,0,0,1.0,1,1.0,1,1.0,1,0.21721969183521098,45
1325,4,2448,1021,1427,0,0,0,1.0,1,1.0,1,1.0,1,0.2081838127421948,46
1326,0,2448,1021,1427,0,0,0,1.0,1,1.0,1,1.0,1,0.2255833848968854,45
1327,0,2448,1021,1427,0,0,0,1.0,1,1.0,1,1.0,1,0.25313046850374094,46
1328,2,2450,1021,1429,0,0,0,1.0,1,1.0,1,1.0,1,0.22476618894637623,47
1329,2,2452,1022,1430,0,0,0,1.0,1,1.0,1,1.0,1,0.22174513493850279,47
1330,0,2452,1022,1430,0,0,0,1.0,1,1.0,1,1.0,1,0.23636601851374517,46
1331,2,2454,1023,1431,0,0,0,1.0,1,1.0,1,1.0,1,0.22146799261069458,46
1332,3,2457,1025,1432,0,0,0,1.0,1,1.0,1,1.0,1,0.25037343932188655,49
1333,0,2457,1025,1432,0,0,0,1.0,1,1.0,1,1.0,1,0.26615099511186013,50
1334,0,2457,1025,1432,0,0,0,1.0,1,1.0,1,1.0,1,0.26615099511186013,50
1335,4,2461,1025,1436,0,0,0,1.0,1,1.0,1,1.0,1,0.27431992527853627,52
1336,3,2464,1026,1438,0,0,0,1.0,1,1.0,1,1.0,1,0.2257228878206447,53
1337,0,2464,1026,1438,0,0,0,1.0,1,1.0,1,1.0,1,0.23944941969342715,54
1338,3,2467,1029,1438,0,0,0,1.0,1,1.0,1,1.0,1,0.2988940467079855,54
1339,6,2473,1031,1442,0,0,0,1.0,1,1.0,1,1.0,1,0.27926219243585076,54
1340,1,2474,1031,1443,0,0,0,1.0,1,1.0,1,1.0,1,0.25331428376674403,53
1341,1,2475,1031,1444,0,0,0,1.0,1,1.0,1,1.0,1,0.2517819762487704,53
1342,1,2476,1032,1444,0,0,0,1.0,1,1.0,1,1.0,1,0.2788533377967964,52
1343,1,2477,1033,1444,0,0,0,1.0,1,1.0,1,1.0,1,0.27211613649730004,50
1344,3,2480,1035,1445,0,0,0,1.0,1,1.0,1,1.0,1,0.2922976848733107,51
1345,0,2480,1035,1445,0,0,0,1.0,1,1.0,1,1.0,1,0.28099839018999384,50
1346,1,2481,1036,1445,0,0,0,1.0,1,1.0,1,1.0,1,0.30364555235308344,50
1347,0,2481,1036,1445,0,0,0,1.0,1,1.0,1,1.0,1,0.29683448690399894,48
1348,3,2484,1037,1447,0,0,0,1.0,1,1.0,1,1.0,1,0.29310617827722524,49
1349,1,2485,1038,1447,0,0,0,1.0,1,1.0,1,1.0,1,0.2912250148264792,48
1350,1,2486,1039,1447,0,0,0,1.0,1,1.0,1,1.0,1,0.34941577324974077,49
1351,8,2494,1039,1455,0,0,0,1.0,1,1.0,1,1.0,1,0.22440244871150444,48
1352,3,2497,1040,1457,0,0,0,1.0,1,1.0,1,1.0,1,0.20004897281583398,49
1353,0,2497,1040,1457,0,0,0,1.0,1,1.0,1,1.0,1,0.19193082894105137,49
1354,2,2499,1040,1459,0,0,0,1.0,1,1.0,1,1.0,1,0.21615881835060835,49
1355,3,2502,1041,1461,0,0,0,1.0,1,1.0,1,1.0,1,0.18515270416566215,50
1356,2,2504,1042,1462,0,0,0,1.0,1,1.0,1,1.0,1,0.18173175359015467,50
1357,5,2509,1046,1463,0,0,0,1.0,1,1.0,1,1.0,1,0.19656616997766885,50
1358,2,2511,1047,1464,0,0,0,1.0,1,1.0,1,1.0,1,0.23065110400008962,51
1359,5,2516,1048,1468,0,0,0,1.0,1,1.0,1,1.0,1,0.21454142669429113,53
1360,3,2519,1048,1471,0,0,0,1.0,1,1.0,1,1.0,1,0.2138830069757498,54
1361,1,2520,1048,1472,0,0,0,1.0,1,1.0,1,1.0,1,0.2045488776080238,54
1362,1,2521,1048,1473,0,0,0,1.0,1,1.0,1,1.0,1,0.19526919609102766,55
1363,0,2521,1048,1473,0,0,0,1.0,1,1.0,1,1.0,1,0.19526919609102766,55
1364,0,2521,1048,1473,0,0,0,1.0,1,1.0,1,1.0,1,0.20435344837872882,55
1365,3,2524,1049,1475,0,0,0,1.0,1,1.0,1,1.0,1,0.20028824459165787,56
1366,2,2526,1049,1477,0,0,0,1.0,1,1.0,1,1.0,1,0.1690304368406057,56
1367,0,2526,1049,1477,0,0,0,1.0,1,1.0,1,1.0,1,0.1690304368406057,56
1368,1,2527,1049,1478,0,0,0,1.0,1,1.0,1,1.0,1,0.16466258496331268,58
1369,0,2527,1049,1478,0,0,0,1.0,1,1.0,1,1.0,1,0.16517580819401034,59
1370,0,2527,1049,1478,0,0,0,1.0,1,1.0,1,1.0,1,0.16517580819401034,59
1371,2,2529,1050,1479,0,0,0,1.0,1,1.0,1,1.0,1,0.15103570094478574,59
1372,0,2529,1050,1479,0,0,0,1.0,1,1.0,1,1.0,1,0.15103570094478574,59
1373,0,2529,1050,1479,0,0,0,1.0,1,1.0,1,1.0,1,0.15103570094478574,59
1374,5,2534,1051,1483,0,0,0,1.0,1,1.0,1,1.0,1,0.1501436663195555,60
1375,3,2537,1052,1485,0,0,0,1.0,1,1.0,1,1.0,1,0.14952008538514416,61
1376,2,2539,1052,1487,0,0,0,1.0,1,1.0,1,1.0,1,0.1661589333453046,61
1377,2,2541,1053,1488,0,0,0,1.0,1,1.0,1,1.0,1,0.15434031506275914,61
1378,4,2545,1055,1490,0,0,0,1.0,1,1.0,1,1.0,1,0.21269108947946883,61
1379,0,2545,1055,1490,0,0,0,1.0,1,1.0,1,1.0,1,0.21614854082874166,60
1380,4,2549,1056,1493,0,0,0,1.0,1,1.0,1,1.0,1,0.2018170131120282,60
1381,5,2554,1057,1497,0,0,0,1.0,1,1.0,1,1.0,1,0.15876422270725954,58
1382,2,2556,1059,1497,0,0,0,1.0,1,1.0,1,1.0,1,0.22801200441400418,58
1383,3,2559,1061,1498,0,0,0,1.0,1,1.0,1,1.0,1,0.2081042909699892,57
1384,3,2562,1063,1499,0,0,0,1.0,1,1.0,1,1.0,1,0.20742962514397412,54
1385,0,2562,1063,1499,0,0,0,1.0,1,1.0,1,1.0,1,0.19648310698362811,52
1386,3,2565,1064,1501,0,0,0,1.0,1,1.0,1,1.0,1,0.18179495907090082,51
1387,1,2566,1065,1501,0,0,0,1.0,1,1.0,1,1.0,1,0.21224253285359176,51
1388,3,2569,1068,1501,0,0,0,1.0,1,1.0,1,1.0,1,0.20279857875691326,52
1389,0,2569,1068,1501,0,0,0,1.0,1,1.0,1,1.0,1,0.23629360624914478,50
1390,3,2572,1070,1502,0,0,0,1.0,1,1.0,1,1.0,1,0.22465295929378673,51
1391,0,2572,1070,1502,0,0,0,1.0,1,1.0,1,1.0,1,0.22707764010717527,50
1392,1,2573,1071,1502,0,0,0,1.0,1,1.0,1,1.0,1,0.21013548875031424,50
1393,0,2573,1071,1502,0,0,0,1.0,1,1.0,1,1.0,1,0.22914957513757078,49
1394,1,2574,1072,1502,0,0,0,1.0,1,1.0,1,1.0,1,0.24954828611323757,50
1395,0,2574,1072,1502,0,0,0,1.0,1,1.0,1,1.0,1,0.2615194360355779,51
1396,5,2579,1072,1507,0,0,0,1.0,1,1.0,1,1.0,1,0.19317420498548615,52
1397,1,2580,1073,1507,0,0,0,1.0,1,1.0,1,1.0,1,0.17721722269567422,52
1398,0,2580,1073,1507,0,0,0,1.0,1,1.0,1,1.0,1,0.15510049071723728,53
1399,3,2583,1075,1508,0,0,0,1.0,1,1.0,1,1.0,1,0.1771343555579581,54
1400,2,2585,1077,1508,0,0,0,1.0,1,1.0,1,1.0,1,0.21071789319713727,54
1401,5,2590,1079,1511,0,0,0,1.0,1,1.0,1,1.0,1,0.20508256383593915,54
1402,1,2591,1080,1511,0,0,0,1.0,1,1.0,1,1.0,1,0.20966941149728466,53
1403,0,2591,1080,1511,0,0,0,1.0,1,1.0,1,1.0,1,0.22805203736599824,52
1404,1,2592,1080,1512,0,0,0,1.0,1,1.0,1,1.0,1,0.23070639617531316,53
1405,0,2592,1080,1512,0,0,0,1.0,1,1.0,1,1.0,1,0.24957458515012673,52
1406,0,2592,1080,1512,0,0,0,1.0,1,1.0,1,1.0,1,0.23458368619252082,53
1407,0,2592,1080,1512,0,0,0,1.0,1,1.0,1,1.0,1,0.24402706661095952,54
1408,0,2592,1080,1512,0,0,0,1.0,1,1.0,1,1.0,1,0.25652172636047943,53
1409,0,2592,1080,1512,0,0,0,1.0,1,1.0,1,1.0,1,0.2581337697208379,55
1410,1,2593,1081,1512,0,0,0,1.0,1,1.0,1,1.0,1,0.24924128258943692,54
1411,5,2598,1081,1517,0,0,0,1.0,1,1.0,1,1.0,1,0.20988096256321612,54
1412,0,2598,1081,1517,0,0,0,1.0,1,1.0,1,1.0,1,0.21724204324515356,53
1413,0,2598,1081,1517,0,0,0,1.0,1,1.0,1,1.0,1,0.20783825985229046,54
1414,0,2598,1081,1517,0,0,0,1.0,1,1.0,1,1.0,1,0.22165629024009934,55
1415,1,2599,1082,1517,0,0,0,1.0,1,1.0,1,1.0,1,0.21530290818152734,57
1416,2,2601,1083,1518,0,0,0,1.0,1,1.0,1,1.0,1,0.21183350710657095,59
1417,1,2602,1084,1518,0,0,0,1.0,1,1.0,1,1.0,1,0.22726006838485435,58
1418,1,2603,1085,1518,0,0,0,1.0,1,1.0,1,1.0,1,0.22269021373923145,57
1419,4,2607,1086,1521,0,0,0,1.0,1,1.0,1,1.0,1,0.2229618556251144,56
1420,1,2608,1086,1522,0,0,0,1.0,1,1.0,1,1.0,1,0.25185494916056006,54
1421,0,2608,1086,1522,0,0,0,1.0,1,1.0,1,1.0,1,0.2482565867589711,55
1422,0,2608,1086,1522,0,0,0,1.0,1,1.0,1,1.0,1,0.22692396549057192,52
1423,1,2609,1087,1522,0,0,0,1.0,1,1.0,1,1.0,1,0.25865897035490265,52
1424,4,2613,1091,1522,0,0,0,1.0,1,1.0,1,1.0,1,0.3034111210074491,51
1425,0,2613,1091,1522,0,0,0,1.0,1,1.0,1,1.0,1,0.30534772463989407,50
1426,8,2621,1092,1529,0,0,0,1.0,1,1.0,1,1.0,1,0.21241818108917596,50
1427,0,2621,1092,1529,0,0,0,1.0,1,1.0,1,1.0,1,0.2173401004244653,48
1428,4,2625,1094,1531,0,0,0,1.0,1,1.0,1,1.0,1,0.23173027410648422,48
1429,0,2625,1094,1531,0,0,0,1.0,1,1.0,1,1.0,1,0.23633770588953146,48
1430,1,2626,1095,1531,0,0,0,1.0,1,1.0,1,1.0,1,0.24775128361157428,48
1431,1,2627,1095,1532,0,0,0,1.0,1,1.0,1,1.0,1,0.23568237670788256,48
1432,1,2628,1095,1533,0,0,0,1.0,1,1.0,1,1.0,1,0.20212136109313192,50
1433,3,2631,1097,1534,0,0,0,1.0,1,1.0,1,1.0,1,0.1856415463590456,51
1434,2,2633,1099,1534,0,0,0,1.0,1,1.0,1,1.0,1,0.17442502695336692,51
1435,5,2638,1102,1536,0,0,0,1.0,1,1.0,1,1.0,1,0.19337037264179802,50
1436,2,2640,1103,1537,0,0,0,1.0,1,1.0,1,1.0,1,0.21831649587517477,51
1437,0,2640,1103,1537,0,0,0,1.0,1,1.0,1,1.0,1,0.21831649587517477,51
1438,2,2642,1105,1537,0,0,0,1.0,1,1.0,1,1.0,1,0.21342244740180613,51
1439,4,2646,1107,1539,0,0,0,1.0,1,1.0,1,1.0,1,0.19962062190313373,50
1440,1,2647,1108,1539,0,0,0,1.0,1,1.0,1,1.0,1,0.24672954716351336,51
1441,4,2651,1108,1543,0,0,0,1.0,1,1.0,1,1.0,1,0.2060526033953576,51
1442,3,2654,1110,1544,0,0,0,1.0,1,1.0,1,1.0,1,0.21862197008164427,52
1443,4,2658,1110,1548,0,0,0,1.0,1,1.0,1,1.0,1,0.19107260089655057,53
1444,4,2662,1111,1551,0,0,0,1.0,1,1.0,1,1.0,1,0.19125279381061394,54
1445,2,2664,1111,1553,0,0,0,1.0,1,1.0,1,1.0,1,0.19125279381061394,54
1446,2,2666,1111,1555,0,0,0,1.0,1,1.0,1,1.0,1,0.20134519140405768,54
1447,0,2666,1111,1555,0,0,0,1.0,1,1.0,1,1.0,1,0.1902163562247506,55
1448,1,2667,1111,1556,0,0,0,1.0,1,1.0,1,1.0,1,0.19958585853733748,55
1449,3,2670,1112,1558,0,0,0,1.0,1,1.0,1,1.0,1,0.1820580583491524,55
1450,5,2675,1112,1563,0,0,0,1.0,1,1.0,1,1.0,1,0.14722321575955555,57
1451,3,2678,1113,1565,0,0,0,1.0,1,1.0,1,1.0,1,0.15408908803253166,57
1452,3,2681,1114,1567,0,0,0,1.0,1,1.0,1,1.0,1,0.13848730560483655,57
1453,5,2686,1116,1570,0,0,0,1.0,1,1.0,1,1.0,1,0.19323105661943749,57
1454,8,2694,1117,1577,0,0,0,1.0,1,1.0,1,1.0,1,0.20001429937497314,58
1455,7,2701,1117,1584,0,0,0,1.0,1,1.0,1,1.0,1,0.1751248766559355,56
1456,3,2704,1118,1586,0,0,0,1.0,1,1.0,1,1.0,1,0.15877300140356962,55
1457,0,2704,1118,1586,0,0,0,1.0,1,1.0,1,1.0,1,0.1811652743442284,54
1458,2,2706,1120,1586,0,0,0,1.0,1,1.0,1,1.0,1,0.17870727046398455,53
1459,2,2708,1121,1587,0,0,0,1.0,1,1.0,1,1.0,1,0.15169222860325124,52
1460,0,2708,1121,1587,0,0,0,1.0,1,1.0,1,1.0,1,0.1458350808570785,51
1461,2,2710,1123,1587,0,0,0,1.0,1,1.0,1,1.0,1,0.15214969610734633,51
1462,1,2711,1124,1587,0,0,0,1.0,1,1.0,1,1.0,1,0.15954726820230342,51
1463,5,2716,1127,1589,0,0,0,1.0,1,1.0,1,1.0,1,0.20227083694880632,52
1464,1,2717,1128,1589,0,0,0,1.0,1,1.0,1,1.0,1,0.19461244888491677,52
1465,3,2720,1129,1591,0,0,0,1.0,1,1.0,1,1.0,1,0.20481301988367753,51
1466,7,2727,1134,1593,0,0,0,1.0,1,1.0,1,1.0,1,0.22206051786464848,50
1467,1,2728,1135,1593,0,0,0,1.0,1,1.0,1,1.0,1,0.22889021467224133,48
1468,3,2731,1137,1594,0,0,0,1.0,1,1.0,1,1.0,1,0.21128961443609434,48
1469,1,2732,1137,1595,0,0,0,1.0,1,1.0,1,1.0,1,0.24201315329881243,48
1470,1,2733,1138,1595,0,0,0,1.0,1,1.0,1,1.0,1,0.24249314191075833,48
1471,5,2738,1141,1597,0,0,0,1.0,1,1.0,1,1.0,1,0.22796378877503098,45
1472,0,2738,1141,1597,0,0,0,1.0,1,1.0,1,1.0,1,0.22975230222145115,45
1473,2,2740,1142,1598,0,0,0,1.0,1,1.0,1,1.0,1,0.22389167620132447,46
1474,2,2742,1142,1600,0,0,0,1.0,1,1.0,1,1.0,1,0.20250036934746554,46
1475,0,2742,1142,1600,0,0,0,1.0,1,1.0,1,1.0,1,0.20250036934746554,46
1476,0,2742,1142,1600,0,0,0,1.0,1,1.0,1,1.0,1,0.21268885931261555,47
1477,0,2742,1142,1600,0,0,0,1.0,1,1.0,1,1.0,1,0.21268885931261555,47
1478,3,2745,1142,1603,0,0,0,1.0,1,1.0,1,1.0,1,0.19568184254332568,47
1479,2,2747,1143,1604,0,0,0,1.0,1,1.0,1,1.0,1,0.199239417702151,48
1480,2,2749,1144,1605,0,0,0,1.0,1,1.0,1,1.0,1,0.20096834173013448,47
1481,0,2749,1144,1605,0,0,0,1.0,1,1.0,1,1.0,1,0.20096834173013448,47
1482,3,2752,1147,1605,0,0,0,1.0,1,1.0,1,1.0,1,0.23656014026856184,46
1483,3,2755,1148,1607,0,0,0,1.0,1,1.0,1,1.0,1,0.22550520881468836,47
1484,1,2756,1149,1607,0,0,0,1.0,1,1.0,1,1.0,1,0.21665756192011287,47
1485,3,2759,1149,1610,0,0,0,1.0,1,1.0,1,1.0,1,0.2347496233383579,47
1486,3,2762,1149,1613,0,0,0,1.0,1,1.0,1,1.0,1,0.1843198262994542,49
1487,5,2767,1153,1614,0,0,0,1.0,1,1.0,1,1.0,1,0.15377463599107102,49
1488,2,2769,1155,1614,0,0,0,1.0,1,1.0,1,1.0,1,0.15614824933955637,51
1489,3,2772,1156,1616,0,0,0,1.0,1,1.0,1,1.0,1,0.16541344489037157,52
1490,0,2772,1156,1616,0,0,0,1.0,1,1.0,1,1.0,1,0.16541344489037157,52
1491,2,2774,1158,1616,0,0,0,1.0,1,1.0,1,1.0,1,0.18989070227123186,53
1492,6,2780,1161,1619,0,0,0,1.0,1,1.0,1,1.0,1,0.22608373127229286,53
1493,1,2781,1161,1620,0,0,0,1.0,1,1.0,1,1.0,1,0.1868847913521216,52
1494,3,2784,1163,1621,0,0,0,1.0,1,1.0,1,1.0,1,0.1890672449567111,50
1495,1,2785,1164,1621,0,0,0,1.0,1,1.0,1,1.0,1,0.2172258903085651,50
1496,2,2787,1166,1621,0,0,0,1.0,1,1.0,1,1.0,1,0.2660334590677717,52
1497,3,2790,1167,1623,0,0,0,1.0,1,1.0,1,1.0,1,0.21863590758507964,51
1498,1,2791,1167,1624,0,0,0,1.0,1,1.0,1,1.0,1,0.2111644056478226,50
1499,2,2793,1167,1626,0,0,0,1.0,1,1.0,1,1.0,1,0.1966206010205803,50
1500,1,2794,1168,1626,0,0,0,1.0,1,1.0,1,1.0,1,0.21982994397133823,49
1501,1,2795,1168,1627,0,0,0,1.0,1,1.0,1,1.0,1,0.18153804466353718,47
1502,3,2798,1171,1627,0,0,0,1.0,1,1.0,1,1.0,1,0.25449215171775386,47
1503,1,2799,1171,1628,0,0,0,1.0,1,1.0,1,1.0,1,0.2111465041193668,47
1504,2,2801,1173,1628,0,0,0,1.0,1,1.0,1,1.0,1,0.23133300059721218,48
1505,1,2802,1174,1628,0,0,0,1.0,1,1.0,1,1.0,1,0.2464795246263192,47
1506,2,2804,1176,1628,0,0,0,1.0,1,1.0,1,1.0,1,0.2496825325277888,47
1507,4,2808,1177,1631,0,0,0,1.0,1,1.0,1,1.0,1,0.20792307469771354,45
1508,3,2811,1180,1631,0,0,0,1.0,1,1.0,1,1.0,1,0.22516608851928485,45
1509,1,2812,1181,1631,0,0,0,1.0,1,1.0,1,1.0,1,0.23622044378777132,44
1510,2,2814,1183,1631,0,0,0,1.0,1,1.0,1,1.0,1,0.274851307469074,42
1511,0,2814,1183,1631,0,0,0,1.0,1,1.0,1,1.0,1,0.2726309815528872,40
1512,4,2818,1187,1631,0,0,0,1.0,1,1.0,1,1.0,1,0.37391783888583213,39
1513,1,2819,1187,1632,0,0,0,1.0,1,1.0,1,1.0,1,0.3610783595005634,39
1514,0,2819,1187,1632,0,0,0,1.0,1,1.0,1,1.0,1,0.3678755218825354,38
1515,1,2820,1187,1633,0,0,0,1.0,1,1.0,1,1.0,1,0.3786285250989753,39
1516,7,2827,1187,1640,0,0,0,1.0,1,1.0,1,1.0,1,0.20138133171621303,39
1517,0,2827,1187,1640,0,0,0,1.0,1,1.0,1,1.0,1,0.20138133171621303,39
1518,4,2831,1188,1643,0,0,0,1.0,1,1.0,1,1.0,1,0.21457370720475613,39
1519,1,2832,1188,1644,0,0,0,1.0,1,1.0,1,1.0,1,0.20894021430375495,39
1520,1,2833,1189,1644,0,0,0,1.0,1,1.0,1,1.0,1,0.23018149625690698,39
1521,4,2837,1190,1647,0,0,0,1.0,1,1.0,1,1.0,1,0.25688806149179505,40
1522,2,2839,1191,1648,0,0,0,1.0,1,1.0,1,1.0,1,0.28551304381213655,40
1523,2,2841,1191,1650,0,0,0,1.0,1,1.0,1,1.0,1,0.30253431319299257,41
1524,0,2841,1191,1650,0,0,0,1.0,1,1.0,1,1.0,1,0.3111995594096515,42
1525,6,2847,1192,1655,0,0,0,1.0,1,1.0,1,1.0,1,0.23644532515274527,45
1526,2,2849,1192,1657,0,0,0,1.0,1,1.0,1,1.0,1,0.2558792837090676,46
1527,2,2851,1192,1659,0,0,0,1.0,1,1.0,1,1.0,1,0.2166609624205156,46
1528,2,2853,1192,1661,0,0,0,1.0,1,1.0,1,1.0,1,0.21384256842608887,47
1529,1,2854,1192,1662,0,0,0,1.0,1,1.0,1,1.0,1,0.18316872975788098,47
1530,0,2854,1192,1662,0,0,0,1.0,1,1.0,1,1.0,1,0.1969324157853988,48
1531,1,2855,1192,1663,0,0,0,1.0,1,1.0,1,1.0,1,0.16978598288545993,46
1532,3,2858,1193,1665,0,0,0,1.0,1,1.0,1,1.0,1,0.1595343783465404,47
1533,0,2858,1193,1665,0,0,0,1.0,1,1.0,1,1.0,1,0.14954151722125195,46
1534,1,2859,1194,1665,0,0,0,1.0,1,1.0,1,1.0,1,0.15275638018564713,47
1535,1,2860,1195,1665,0,0,0,1.0,1,1.0,1,1.0,1,0.16170853658978074,47
1536,1,2861,1195,1666,0,0,0,1.0,1,1.0,1,1.0,1,0.1630706016067331,48
1537,1,2862,1195,1667,0,0,0,1.0,1,1.0,1,1.0,1,0.13423673288975294,46
1538,0,2862,1195,1667,0,0,0,1.0,1,1.0,1,1.0,1,0.1514742954506662,47
1539,1,2863,1196,1667,0,0,0,1.0,1,1.0,1,1.0,1,0.17922790379068052,47
1540,1,2864,1197,1667,0,0,0,1.0,1,1.0,1,1.0,1,0.19917703446813767,47
1541,0,2864,1197,1667,0,0,0,1.0,1,1.0,1,1.0,1,0.1992415000616156,47
1542,4,2868,1200,1668,0,0,0,1.0,1,1.0,1,1.0,1,0.2431187673318072,50
1543,3,2871,1203,1668,0,0,0,1.0,1,1.0,1,1.0,1,0.25629250042653845,47
1544,5,2876,1207,1669,0,0,0,1.0,1,1.0,1,1.0,1,0.3150749034227854,48
1545,6,2882,1208,1674,0,0,0,1.0,1,1.0,1,1.0,1,0.2474129554367703,47
1546,7,2889,1209,1680,0,0,0,1.0,1,1.0,1,1.0,1,0.15302003881406007,47
1547,2,2891,1210,1681,0,0,0,1.0,1,1.0,1,1.0,1,0.1586282925354828,47
1548,4,2895,1212,1683,0,0,0,1.0,1,1.0,1,1.0,1,0.16100014222017053,47
1549,3,2898,1215,1683,0,0,0,1.0,1,1.0,1,1.0,1,0.20729554347415818,46
1550,3,2901,1217,1684,0,0,0,1.0,1,1.0,1,1.0,1,0.27020898702324864,44
1551,4,2905,1219,1686,0,0,0,1.0,1,1.0,1,1.0,1,0.24896727724991172,45
1552,4,2909,1221,1688,0,0,0,1.0,1,1.0,1,1.0,1,0.2322918972680919,43
1553,3,2912,1223,1689,0,0,0,1.0,1,1.0,1,1.0,1,0.21294731558917118,43
1554,2,2914,1224,1690,0,0,0,1.0,1,1.0,1,1.0,1,0.27571274697105674,41
1555,2,2916,1225,1691,0,0,0,1.0,1,1.0,1,1.0,1,0.3015225956290993,44
1556,1,2917,1226,1691,0,0,0,1.0,1,1.0,1,1.0,1,0.2610075419014929,45
1557,2,2919,1227,1692,0,0,0,1.0,1,1.0,1,1.0,1,0.256864297654277,45
1558,1,2920,1227,1693,0,0,0,1.0,1,1.0,1,1.0,1,0.2304294917795957,46
1559,2,2922,1228,1694,0,0,0,1.0,1,1.0,1,1.0,1,0.18052432336398763,47
1560,1,2923,1228,1695,0,0,0,1.0,1,1.0,1,1.0,1,0.22039483266889529,46
1561,4,2927,1229,1698,0,0,0,1.0,1,1.0,1,1.0,1,0.13937061391608704,47
1562,4,2931,1229,1702,0,0,0,1.0,1,1.0,1,1.0,1,0.1065713350973567,47
1563,2,2933,1229,1704,0,0,0,1.0,1,1.0,1,1.0,1,0.1065713350973567,47
1564,1,2934,1229,1705,0,0,0,1.0,1,1.0,1,1.0,1,0.0861604285861897,47
1565,2,2936,1229,1707,0,0,0,1.0,1,1.0,1,1.0,1,0.14106721324960445,48
1566,4,2940,1230,1710,0,0,0,1.0,1,1.0,1,1.0,1,0.1493220349868752,48
1567,1,2941,1230,1711,0,0,0,1.0,1,1.0,1,1.0,1,0.18748059922045174,48
1568,2,2943,1231,1712,0,0,0,1.0,1,1.0,1,1.0,1,0.2320478164252645,48
1569,2,2945,1232,1713,0,0,0,1.0,1,1.0,1,1.0,1,0.21965117600787243,45
1570,2,2947,1232,1715,0,0,0,1.0,1,1.0,1,1.0,1,0.21838959461569765,44
1571,5,2952,1234,1718,0,0,0,1.0,1,1.0,1,1.0,1,0.21474642061432617,42
1572,4,2956,1235,1721,0,0,0,1.0,1,1.0,1,1.0,1,0.22098595211862884,43
1573,3,2959,1236,1723,0,0,0,1.0,1,1.0,1,1.0,1,0.22574895681356233,43
1574,4,2963,1238,1725,0,0,0,1.0,1,1.0,1,1.0,1,0.2735755206916299,42
1575,4,2967,1239,1728,0,0,0,1.0,1,1.0,1,1.0,1,0.25122151598877834,43
1576,7,2974,1241,1733,0,0,0,1.0,1,1.0,1,1.0,1,0.15675487774433217,41
1577,2,2976,1243,1733,0,0,0,1.0,1,1.0,1,1.0,1,0.19120239704471034,40
1578,0,2976,1243,1733,0,0,0,1.0,1,1.0,1,1.0,1,0.1870450750428028,40
1579,1,2977,1244,1733,0,0,0,1.0,1,1.0,1,1.0,1,0.21457596918822025,40
1580,2,2979,1245,1734,0,0,0,1.0,1,1.0,1,1.0,1,0.21092448317024157,40
1581,0,2979,1245,1734,0,0,0,1.0,1,1.0,1,1.0,1,0.21216114879171896,40
1582,3,2982,1247,1735,0,0,0,1.0,1,1.0,1,1.0,1,0.24531841057727,40
1583,0,2982,1247,1735,0,0,0,1.0,1,1.0,1,1.0,1,0.2357527488573025,38
1584,3,2985,1250,1735,0,0,0,1.0,1,1.0,1,1.0,1,0.211148559581205,39
1585,3,2988,1253,1735,0,0,0,1.0,1,1.0,1,1.0,1,0.21433660882839545,38
1586,4,2992,1256,1736,0,0,0,1.0,1,1.0,1,1.0,1,0.24298080355455517,38
1587,1,2993,1257,1736,0,0,0,1.0,1,1.0,1,1.0,1,0.19013988084832886,37
1588,4,2997,1259,1738,0,0,0,1.0,1,1.0,1,1.0,1,0.20896079773533774,39
1589,0,2997,1259,1738,0,0,0,1.0,1,1.0,1,1.0,1,0.1876638621812645,37
1590,2,2999,1261,1738,0,0,0,1.0,1,1.0,1,1.0,1,0.21475874753313795,37
1591,1,3000,1261,1739,0,0,0,1.0,1,1.0,1,1.0,1,0.21795283686577036,36
1592,2,3002,1261,1741,0,0,0,1.0,1,1.0,1,1.0,1,0.2286343147950516,34
1593,3,3005,1263,1742,0,0,0,1.0,1,1.0,1,1.0,1,0.26847629490613656,33
1594,0,3005,1263,1742,0,0,0,1.0,1,1.0,1,1.0,1,0.2804938077484049,31
1595,1,3006,1263,1743,0,0,0,1.0,1,1.0,1,1.0,1,0.27649480072601357,34
1596,0,3006,1263,1743,0,0,0,1.0,1,1.0,1,1.0,1,0.2908163905240311,33
1597,0,3006,1263,1743,0,0,0,1.0,1,1.0,1,1.0,1,0.2908163905240311,33
1598,0,3006,1263,1743,0,0,0,1.0,1,1.0,1,1.0,1,0.2943954277153479,33
1599,0,3006,1263,1743,0,0,0,1.0,1,1.0,1,1.0,1,0.2943954277153479,33
1600,1,3007,1263,1744,0,0,0,1.0,1,1.0,1,1.0,1,0.2832958589022166,34
1601,2,3009,1265,1744,0,0,0,1.0,1,1.0,1,1.0,1,0.3236992507977097,35
1602,0,3009,1265,1744,0,0,0,1.0,1,1.0,1,1.0,1,0.3025410049470421,36
1603,2,3011,1266,1745,0,0,0,1.0,1,1.0,1,1.0,1,0.3272900614946318,38
1604,3,3014,1267,1747,0,0,0,1.0,1,1.0,1,1.0,1,0.3056949238900653,38
1605,1,3015,1267,1748,0,0,0,1.0,1,1.0,1,1.0,1,0.2671265144205033,38
1606,5,3020,1269,1751,0,0,0,1.0,1,1.0,1,1.0,1,0.27290846126136103,39
1607,2,3022,1270,1752,0,0,0,1.0,1,1.0,1,1.0,1,0.2881722807552004,37
1608,4,3026,1271,1755,0,0,0,1.0,1,1.0,1,1.0,1,0.27867391093746724,36
1609,0,3026,1271,1755,0,0,0,1.0,1,1.0,1,1.0,1,0.2593396968560151,34
1610,1,3027,1272,1755,0,0,0,1.0,1,1.0,1,1.0,1,0.2645642833359208,34
1611,4,3031,1274,1757,0,0,0,1.0,1,1.0,1,1.0,1,0.2871805308032347,35
1612,1,3032,1274,1758,0,0,0,1.0,1,1.0,1,1.0,1,0.29468699214177624,33
1613,1,3033,1274,1759,0,0,0,1.0,1,1.0,1,1.0,1,0.3101995071651432,34
1614,3,3036,1274,1762,0,0,0,1.0,1,1.0,1,1.0,1,0.27390842455521497,35
1615,1,3037,1274,1763,0,0,0,1.0,1,1.0,1,1.0,1,0.26509562586196067,35
1616,2,3039,1274,1765,0,0,0,1.0,1,1.0,1,1.0,1,0.24662230211466862,37
1617,3,3042,1275,1767,0,0,0,1.0,1,1.0,1,1.0,1,0.2612741020494572,38
1618,2,3044,1276,1768,0,0,0,1.0,1,1.0,1,1.0,1,0.2778956015762639,38
1619,2,3046,1277,1769,0,0,0,1.0,1,1.0,1,1.0,1,0.2773273282122552,38
1620,2,3048,1278,1770,0,0,0,1.0,1,1.0,1,1.0,1,0.2787927733210661,39
1621,3,3051,1281,1770,0,0,0,1.0,1,1.0,1,1.0,1,0.29945493947470503,37
1622,2,3053,1281,1772,0,0,0,1.0,1,1.0,1,1.0,1,0.2751393493296827,37
1623,2,3055,1282,1773,0,0,0,1.0,1,1.0,1,1.0,1,0.2729558687465641,37
1624,2,3057,1283,1774,0,0,0,1.0,1,1.0,1,1.0,1,0.24758250815951674,37
1625,1,3058,1283,1775,0,0,0,1.0,1,1.0,1,1.0,1,0.2516176288078287,35
1626,1,3059,1284,1775,0,0,0,1.0,1,1.0,1,1.0,1,0.2755534361221862,35
1627,0,3059,1284,1775,0,0,0,1.0,1,1.0,1,1.0,1,0.26504829008983954,34
1628,5,3064,1287,1777,0,0,0,1.0,1,1.0,1,1.0,1,0.3103228332017875,35
1629,3,3067,1290,1777,0,0,0,1.0,1,1.0,1,1.0,1,0.3911337692662071,34
1630,0,3067,1290,1777,0,0,0,1.0,1,1.0,1,1.0,1,0.39089175051208347,32
1631,0,3067,1290,1777,0,0,0,1.0,1,1.0,1,1.0,1,0.4009496071281734,33
1632,2,3069,1291,1778,0,0,0,1.0,1,1.0,1,1.0,1,0.3773479031212885,32
1633,0,3069,1291,1778,0,0,0,1.0,1,1.0,1,1.0,1,0.3650182970100711,31
1634,0,3069,1291,1778,0,0,0,1.0,1,1.0,1,1.0,1,0.3650182970100711,31
1635,0,3069,1291,1778,0,0,0,1.0,1,1.0,1,1.0,1,0.36626033892137866,31
1636,2,3071,1292,1779,0,0,0,1.0,1,1.0,1,1.0,1,0.3026223119840554,33
1637,0,3071,1292,1779,0,0,0,1.0,1,1.0,1,1.0,1,0.3026223119840554,33
1638,3,3074,1292,1782,0,0,0,1.0,1,1.0,1,1.0,1,0.2547377539456432,36
1639,0,3074,1292,1782,0,0,0,1.0,1,1.0,1,1.0,1,0.2547377539456432,36
1640,1,3075,1293,1782,0,0,0,1.0,1,1.0,1,1.0,1,0.29803713664309334,36
1641,1,3076,1294,1782,0,0,0,1.0,1,1.0,1,1.0,1,0.2898986812964881,38
1642,5,3081,1297,1784,0,0,0,1.0,1,1.0,1,1.0,1,0.3367608007123671,37
1643,1,3082,1298,1784,0,0,0,1.0,1,1.0,1,1.0,1,0.31227128187879166,37
1644,1,3083,1299,1784,0,0,0,1.0,1,1.0,1,1.0,1,0.3756108565878534,38
1645,0,3083,1299,1784,0,0,0,1.0,1,1.0,1,1.0,1,0.34372707366573957,36
1646,1,3084,1300,1784,0,0,0,1.0,1,1.0,1,1.0,1,0.3848031698991496,37
1647,2,3086,1301,1785,0,0,0,1.0,1,1.0,1,1.0,1,0.3778382403438473,35
1648,1,3087,1301,1786,0,0,0,1.0,1,1.0,1,1.0,1,0.3792934564432901,38
1649,0,3087,1301,1786,0,0,0,1.0,1,1.0,1,1.0,1,0.403319545199473,35
1650,0,3087,1301,1786,0,0,0,1.0,1,1.0,1,1.0,1,0.4230725901634329,34
1651,1,3088,1301,1787,0,0,0,1.0,1,1.0,1,1.0,1,0.4206794390461667,32
1652,2,3090,1301,1789,0,0,0,1.0,1,1.0,1,1.0,1,0.39566721920705417,33
1653,0,3090,1301,1789,0,0,0,1.0,1,1.0,1,1.0,1,0.39566721920705417,33
1654,2,3092,1301,1791,0,0,0,1.0,1,1.0,1,1.0,1,0.37164247826995805,34
1655,5,3097,1301,1796,0,0,0,1.0,1,1.0,1,1.0,1,0.32228186583268287,35
1656,1,3098,1301,1797,0,0,0,1.0,1,1.0,1,1.0,1,0.3006576379013108,35
1657,4,3102,1301,1801,0,0,0,1.0,1,1.0,1,1.0,1,0.2523746866606959,36
1658,1,3103,1301,1802,0,0,0,1.0,1,1.0,1,1.0,1,0.26713168510143726,36
1659,0,3103,1301,1802,0,0,0,1.0,1,1.0,1,1.0,1,0.26713168510143726,36
1660,7,3110,1305,1805,0,0,0,1.0,1,1.0,1,1.0,1,0.27766632438882766,38
1661,2,3112,1305,1807,0,0,0,1.0,1,1.0,1,1.0,1,0.27766632438882766,38
1662,4,3116,1308,1808,0,0,0,1.0,1,1.0,1,1.0,1,0.24531843987621804,39
1663,5,3121,1309,1812,0,0,0,1.0,1,1.0,1,1.0,1,0.22273684405304642,40
1664,2,3123,1310,1813,0,0,0,1.0,1,1.0,1,1.0,1,0.2858920597831753,39
1665,4,3127,1311,1816,0,0,0,1.0,1,1.0,1,1.0,1,0.24864467680862498,40
1666,4,3131,1312,1819,0,0,0,1.0,1,1.0,1,1.0,1,0.20273639382868505,40
1667,1,3132,1313,1819,0,0,0,1.0,1,1.0,1,1.0,1,0.21829001738329137,40
1668,0,3132,1313,1819,0,0,0,1.0,1,1.0,1,1.0,1,0.216491297223178,41
1669,0,3132,1313,1819,0,0,0,1.0,1,1.0,1,1.0,1,0.19906802853637107,40
1670,1,3133,1314,1819,0,0,0,1.0,1,1.0,1,1.0,1,0.20105428769500067,40
1671,0,3133,1314,1819,0,0,0,1.0,1,1.0,1,1.0,1,0.22280186808909624,41
1672,1,3134,1315,1819,0,0,0,1.0,1,1.0,1,1.0,1,0.2545456734650474,40
1673,2,3136,1316,1820,0,0,0,1.0,1,1.0,1,1.0,1,0.25880272733851867,39
1674,1,3137,1317,1820,0,0,0,1.0,1,1.0,1,1.0,1,0.2873310588523503,40
1675,0,3137,1317,1820,0,0,0,1.0,1,1.0,1,1.0,1,0.28369733391604934,38
1676,0,3137,1317,1820,0,0,0,1.0,1,1.0,1,1.0,1,0.29479017210761904,39
1677,0,3137,1317,1820,0,0,0,1.0,1,1.0,1,1.0,1,0.2953890285217713,39
1678,1,3138,1317,1821,0,0,0,1.0,1,1.0,1,1.0,1,0.2668994352204073,39
1679,1,3139,1318,1821,0,0,0,1.0,1,1.0,1,1.0,1,0.27397698646812096,39
1680,4,3143,1320,1823,0,0,0,1.0,1,1.0,1,1.0,1,0.28894816822630415,41
1681,5,3148,1321,1827,0,0,0,1.0,1,1.0,1,1.0,1,0.21771915372911216,41
1682,3,3151,1321,1830,0,0,0,1.0,1,1.0,1,1.0,1,0.18865612273605456,43
1683,6,3157,1324,1833,0,0,0,1.0,1,1.0,1,1.0,1,0.22976597212869523,43
1684,3,3160,1325,1835,0,0,0,1.0,1,1.0,1,1.0,1,0.25015088821864107,42
1685,5,3165,1325,1840,0,0,0,1.0,1,1.0,1,1.0,1,0.24065177251658895,41
1686,4,3169,1327,1842,0,0,0,1.0,1,1.0,1,1.0,1,0.30174410597181694,41
1687,3,3172,1328,1844,0,0,0,1.0,1,1.0,1,1.0,1,0.2520152973811821,40
1688,3,3175,1330,1845,0,0,0,1.0,1,1.0,1,1.0,1,0.30603571650637534,39
1689,4,3179,1332,1847,0,0,0,1.0,1,1.0,1,1.0,1,0.3345235255270064,38
1690,3,3182,1332,1850,0,0,0,1.0,1,1.0,1,1.0,1,0.32639230864264446,38
1691,4,3186,1333,1853,0,0,0,1.0,1,1.0,1,1.0,1,0.3401562535475434,36
1692,3,3189,1334,1855,0,0,0,1.0,1,1.0,1,1.0,1,0.3403050322981081,36
1693,3,3192,1336,1856,0,0,0,1.0,1,1.0,1,1.0,1,0.3838058549503645,35
1694,2,3194,1336,1858,0,0,0,1.0,1,1.0,1,1.0,1,0.40913353318411844,33
1695,3,3197,1336,1861,0,0,0,1.0,1,1.0,1,1.0,1,0.34346835321658115,34
1696,3,3200,1336,1864,0,0,0,1.0,1,1.0,1,1.0,1,0.26777330727663645,35
1697,0,3200,1336,1864,0,0,0,1.0,1,1.0,1,1.0,1,0.2533108423547807,36
1698,1,3201,1337,1864,0,0,0,1.0,1,1.0,1,1.0,1,0.2369558582035017,38
1699,1,3202,1338,1864,0,0,0,1.0,1,1.0,1,1.0,1,0.2570109164836798,38
1700,0,3202,1338,1864,0,0,0,1.0,1,1.0,1,1.0,1,0.27256957086257383,39
1701,1,3203,1338,1865,0,0,0,1.0,1,1.0,1,1.0,1,0.2662589937956027,40
1702,2,3205,1340,1865,0,0,0,1.0,1,1.0,1,1.0,1,0.31442230637756785,41
1703,3,3208,1341,1867,0,0,0,1.0,1,1.0,1,1.0,1,0.3031893398608794,41
1704,4,3212,1345,1867,0,0,0,1.0,1,1.0,1,1.0,1,0.3328306301971269,41
1705,0,3212,1345,1867,0,0,0,1.0,1,1.0,1,1.0,1,0.3138722837110315,40
1706,2,3214,1346,1868,0,0,0,1.0,1,1.0,1,1.0,1,0.3238044690819007,40
1707,3,3217,1347,1870,0,0,0,1.0,1,1.0,1,1.0,1,0.2921342075019238,39
1708,4,3221,1350,1871,0,0,0,1.0,1,1.0,1,1.0,1,0.29397802137323775,39
1709,1,3222,1351,1871,0,0,0,1.0,1,1.0,1,1.0,1,0.299114678551697,38
1710,6,3228,1355,1873,0,0,0,1.0,1,1.0,1,1.0,1,0.33277501394571235,39
1711,5,3233,1356,1877,0,0,0,1.0,1,1.0,1,1.0,1,0.27773615539244617,38
1712,0,3233,1356,1877,0,0,0,1.0,1,1.0,1,1.0,1,0.27773615539244617,38
1713,0,3233,1356,1877,0,0,0,1.0,1,1.0,1,1.0,1,0.30010981246857316,37
1714,0,3233,1356,1877,0,0,0,1.0,1,1.0,1,1.0,1,0.31067771985437675,38
1715,4,3237,1357,1880,0,0,0,1.0,1,1.0,1,1.0,1,0.28094547474165515,40
1716,0,3237,1357,1880,0,0,0,1.0,1,1.0,1,1.0,1,0.29141260679001346,39
1717,1,3238,1358,1880,0,0,0,1.0,1,1.0,1,1.0,1,0.3032540102393959,38
1718,0,3238,1358,1880,0,0,0,1.0,1,1.0,1,1.0,1,0.3309307693341203,38
1719,0,3238,1358,1880,0,0,0,1.0,1,1.0,1,1.0,1,0.3309307693341203,38
1720,3,3241,1360,1881,0,0,0,1.0,1,1.0,1,1.0,1,0.3388840469656833,41
1721,1,3242,1360,1882,0,0,0,1.0,1,1.0,1,1.0,1,0.27421428844103835,39
1722,0,3242,1360,1882,0,0,0,1.0,1,1.0,1,1.0,1,0.2660034402617844,40
1723,0,3242,1360,1882,0,0,0,1.0,1,1.0,1,1.0,1,0.24004484755057182,38
1724,0,3242,1360,1882,0,0,0,1.0,1,1.0,1,1.0,1,0.2894800293924716,37
1725,3,3245,1360,1885,0,0,0,1.0,1,1.0,1,1.0,1,0.2667034909624336,38
1726,1,3246,1360,1886,0,0,0,1.0,1,1.0,1,1.0,1,0.24189044652407796,37
1727,1,3247,1360,1887,0,0,0,1.0,1,1.0,1,1.0,1,0.23372739547755092,37
1728,0,3247,1360,1887,0,0,0,1.0,1,1.0,1,1.0,1,0.25323925262604885,35
1729,0,3247,1360,1887,0,0,0,1.0,1,1.0,1,1.0,1,0.25067355553254805,37
1730,2,3249,1361,1888,0,0,0,1.0,1,1.0,1,1.0,1,0.30556843064331823,37
1731,0,3249,1361,1888,0,0,0,1.0,1,1.0,1,1.0,1,0.30556843064331823,37
1732,2,3251,1361,1890,0,0,0,1.0,1,1.0,1,1.0,1,0.32312991211707515,37
1733,3,3254,1362,1892,0,0,0,1.0,1,1.0,1,1.0,1,0.2870484144967239,36
1734,1,3255,1362,1893,0,0,0,1.0,1,1.0,1,1.0,1,0.2908027027440842,35
1735,3,3258,1364,1894,0,0,0,1.0,1,1.0,1,1.0,1,0.24614054388573786,34
1736,0,3258,1364,1894,0,0,0,1.0,1,1.0,1,1.0,1,0.2619549747986794,35
1737,5,3263,1367,1896,0,0,0,1.0,1,1.0,1,1.0,1,0.2336538456306981,36
1738,3,3266,1368,1898,0,0,0,1.0,1,1.0,1,1.0,1,0.25201412294529796,37
1739,2,3268,1369,1899,0,0,0,1.0,1,1.0,1,1.0,1,0.24013266729829072,38
1740,1,3269,1369,1900,0,0,0,1.0,1,1.0,1,1.0,1,0.230790533793698,37
1741,0,3269,1369,1900,0,0,0,1.0,1,1.0,1,1.0,1,0.24748287413204342,38
1742,4,3273,1372,1901,0,0,0,1.0,1,1.0,1,1.0,1,0.27595269325618177,39
1743,1,3274,1373,1901,0,0,0,1.0,1,1.0,1,1.0,1,0.27655856344930446,37
1744,3,3277,1376,1901,0,0,0,1.0,1,1.0,1,1.0,1,0.29108110275794213,38
1745,3,3280,1376,1904,0,0,0,1.0,1,1.0,1,1.0,1,0.2631282463936703,37
1746,2,3282,1377,1905,0,0,0,1.0,1,1.0,1,1.0,1,0.256080028845141,38
1747,1,3283,1377,1906,0,0,0,1.0,1,1.0,1,1.0,1,0.22001637675117972,38
1748,2,3285,1378,1907,0,0,0,1.0,1,1.0,1,1.0,1,0.23406367652159554,38
1749,0,3285,1378,1907,0,0,0,1.0,1,1.0,1,1.0,1,0.25155413462053466,37
1750,0,3285,1378,1907,0,0,0,1.0,1,1.0,1,1.0,1,0.25705457904003315,39
1751,0,3285,1378,1907,0,0,0,1.0,1,1.0,1,1.0,1,0.25660362640086537,38
1752,0,3285,1378,1907,0,0,0,1.0,1,1.0,1,1.0,1,0.2661629607338192,39
1753,0,3285,1378,1907,0,0,0,1.0,1,1.0,1,1.0,1,0.25933410101933707,40
1754,0,3285,1378,1907,0,0,0,1.0,1,1.0,1,1.0,1,0.2752447874184197,41
1755,2,3287,1378,1909,0,0,0,1.0,1,1.0,1,1.0,1,0.27112482470322713,41
1756,5,3292,1379,1913,0,0,0,1.0,1,1.0,1,1.0,1,0.1768814942609868,42
1757,2,3294,1380,1914,0,0,0,1.0,1,1.0,1,1.0,1,0.2044080206854984,42
1758,2,3296,1382,1914,0,0,0,1.0,1,1.0,1,1.0,1,0.25052955821332157,42
1759,2,3298,1382,1916,0,0,0,1.0,1,1.0,1,1.0,1,0.2665569441539023,39
1760,5,3303,1384,1919,0,0,0,1.0,1,1.0,1,1.0,1,0.3758490245882513,39
1761,5,3308,1386,1922,0,0,0,1.0,1,1.0,1,1.0,1,0.38209699455269747,38
1762,5,3313,1388,1925,0,0,0,1.0,1,1.0,1,1.0,1,0.33474923905103243,37
1763,1,3314,1388,1926,0,0,0,1.0,1,1.0,1,1.0,1,0.3604198852764022,37
1764,1,3315,1389,1926,0,0,0,1.0,1,1.0,1,1.0,1,0.3611198991414251,36
1765,2,3317,1391,1926,0,0,0,1.0,1,1.0,1,1.0,1,0.3862312177390092,37
1766,1,3318,1391,1927,0,0,0,1.0,1,1.0,1,1.0,1,0.3403963937128873,36
1767,1,3319,1392,1927,0,0,0,1.0,1,1.0,1,1.0,1,0.37886005775914144,36
1768,0,3319,1392,1927,0,0,0,1.0,1,1.0,1,1.0,1,0.37886005775914144,36
1769,2,3321,1393,1928,0,0,0,1.0,1,1.0,1,1.0,1,0.35179234175454205,38
1770,2,3323,1394,1929,0,0,0,1.0,1,1.0,1,1.0,1,0.3423746366697512,38
1771,4,3327,1394,1933,0,0,0,1.0,1,1.0,1,1.0,1,0.25627920546821126,38
1772,0,3327,1394,1933,0,0,0,1.0,1,1.0,1,1.0,1,0.24732234046484744,40
1773,2,3329,1395,1934,0,0,0,1.0,1,1.0,1,1.0,1,0.25467945312729784,40
1774,2,3331,1395,1936,0,0,0,1.0,1,1.0,1,1.0,1,0.22654712960556272,40
1775,3,3334,1396,1938,0,0,0,1.0,1,1.0,1,1.0,1,0.22677226352726368,41
1776,0,3334,1396,1938,0,0,0,1.0,1,1.0,1,1.0,1,0.2029654827595742,43
1777,0,3334,1396,1938,0,0,0,1.0,1,1.0,1,1.0,1,0.2131326105043913,44
1778,2,3336,1398,1938,0,0,0,1.0,1,1.0,1,1.0,1,0.20542349546832459,44
1779,0,3336,1398,1938,0,0,0,1.0,1,1.0,1,1.0,1,0.20542349546832459,44
1780,2,3338,1398,1940,0,0,0,1.0,1,1.0,1,1.0,1,0.16767372159207436,46
1781,2,3340,1399,1941,0,0,0,1.0,1,1.0,1,1.0,1,0.17592914936674528,46
1782,2,3342,1400,1942,0,0,0,1.0,1,1.0,1,1.0,1,0.1929285009876163,45
1783,1,3343,1401,1942,0,0,0,1.0,1,1.0,1,1.0,1,0.19785678155672773,44
1784,5,3348,1403,1945,0,0,0,1.0,1,1.0,1,1.0,1,0.21224991896050233,44
1785,2,3350,1404,1946,0,0,0,1.0,1,1.0,1,1.0,1,0.25226153214377867,42
1786,6,3356,1407,1949,0,0,0,1.0,1,1.0,1,1.0,1,0.2235766247868259,42
1787,2,3358,1408,1950,0,0,0,1.0,1,1.0,1,1.0,1,0.2593075460895029,41
1788,1,3359,1408,1951,0,0,0,1.0,1,1.0,1,1.0,1,0.26141058562122843,41
1789,0,3359,1408,1951,0,0,0,1.0,1,1.0,1,1.0,1,0.26198387581934357,41
1790,3,3362,1410,1952,0,0,0,1.0,1,1.0,1,1.0,1,0.286273405706081,41
1791,3,3365,1411,1954,0,0,0,1.0,1,1.0,1,1.0,1,0.24980733329427426,41
1792,2,3367,1412,1955,0,0,0,1.0,1,1.0,1,1.0,1,0.23461032995600314,43
1793,6,3373,1416,1957,0,0,0,1.0,1,1.0,1,1.0,1,0.18699571742579674,43
1794,1,3374,1417,1957,0,0,0,1.0,1,1.0,1,1.0,1,0.2309682597335577,41
1795,1,3375,1418,1957,0,0,0,1.0,1,1.0,1,1.0,1,0.2283154518031739,41
1796,3,3378,1419,1959,0,0,0,1.0,1,1.0,1,1.0,1,0.27299782416639984,40
1797,1,3379,1420,1959,0,0,0,1.0,1,1.0,1,1.0,1,0.30712362910151814,38
1798,0,3379,1420,1959,0,0,0,1.0,1,1.0,1,1.0,1,0.30712362910151814,38
1799,1,3380,1421,1959,0,0,0,1.0,1,1.0,1,1.0,1,0.29920134175489904,37
1800,1,3381,1422,1959,0,0,0,1.0,1,1.0,1,1.0,1,0.3258943714676425,35
1801,3,3384,1422,1962,0,0,0,1.0,1,1.0,1,1.0,1,0.2172252200380215,34
1802,1,3385,1422,1963,0,0,0,1.0,1,1.0,1,1.0,1,0.14929595392382283,33
1803,1,3386,1423,1963,0,0,0,1.0,1,1.0,1,1.0,1,0.20221282747382605,33
1804,1,3387,1424,1963,0,0,0,1.0,1,1.0,1,1.0,1,0.22585690321939222,33
1805,0,3387,1424,1963,0,0,0,1.0,1,1.0,1,1.0,1,0.22916197648167866,35
1806,0,3387,1424,1963,0,0,0,1.0,1,1.0,1,1.0,1,0.24195925110085276,36
1807,0,3387,1424,1963,0,0,0,1.0,1,1.0,1,1.0,1,0.24502332545858196,35
1808,2,3389,1425,1964,0,0,0,1.0,1,1.0,1,1.0,1,0.2446968619133824,37
1809,1,3390,1425,1965,0,0,0,1.0,1,1.0,1,1.0,1,0.28584576210639523,35
1810,3,3393,1425,1968,0,0,0,1.0,1,1.0,1,1.0,1,0.24457187280963713,36
1811,2,3395,1425,1970,0,0,0,1.0,1,1.0,1,1.0,1,0.23881998616786917,34
1812,3,3398,1426,1972,0,0,0,1.0,1,1.0,1,1.0,1,0.26834393780429106,36
1813,3,3401,1426,1975,0,0,0,1.0,1,1.0,1,1.0,1,0.28502006726657525,35
1814,1,3402,1426,1976,0,0,0,1.0,1,1.0,1,1.0,1,0.305124872481948,36
1815,6,3408,1427,1981,0,0,0,1.0,1,1.0,1,1.0,1,0.31742705740491456,35
1816,3,3411,1427,1984,0,0,0,1.0,1,1.0,1,1.0,1,0.2423097498561218,35
1817,1,3412,1428,1984,0,0,0,1.0,1,1.0,1,1.0,1,0.2831627253214175,35
1818,4,3416,1429,1987,0,0,0,1.0,1,1.0,1,1.0,1,0.16339674290781087,36
1819,2,3418,1431,1987,0,0,0,1.0,1,1.0,1,1.0,1,0.18232745055788746,37
1820,1,3419,1431,1988,0,0,0,1.0,1,1.0,1,1.0,1,0.18624055895497438,37
1821,1,3420,1432,1988,0,0,0,1.0,1,1.0,1,1.0,1,0.19312555664231246,38
1822,2,3422,1433,1989,0,0,0,1.0,1,1.0,1,1.0,1,0.2268722344850019,37
1823,2,3424,1435,1989,0,0,0,1.0,1,1.0,1,1.0,1,0.2800125008156864,36
1824,4,3428,1438,1990,0,0,0,1.0,1,1.0,1,1.0,1,0.31242321478025753,36
1825,2,3430,1440,1990,0,0,0,1.0,1,1.0,1,1.0,1,0.3191188857216719,34
1826,6,3436,1442,1994,0,0,0,1.0,1,1.0,1,1.0,1,0.2704583038976553,35
1827,1,3437,1443,1994,0,0,0,1.0,1,1.0,1,1.0,1,0.29588788290671686,34
1828,3,3440,1445,1995,0,0,0,1.0,1,1.0,1,1.0,1,0.24995691202112924,33
1829,0,3440,1445,1995,0,0,0,1.0,1,1.0,1,1.0,1,0.27317463226704225,31
1830,1,3441,1446,1995,0,0,0,1.0,1,1.0,1,1.0,1,0.29512167526188726,31
1831,4,3445,1447,1998,0,0,0,1.0,1,1.0,1,1.0,1,0.21532079083682532,30
1832,0,3445,1447,1998,0,0,0,1.0,1,1.0,1,1.0,1,0.23268046225766978,29
1833,2,3447,1449,1998,0,0,0,1.0,1,1.0,1,1.0,1,0.2919392719644108,28
1834,1,3448,1449,1999,0,0,0,1.0,1,1.0,1,1.0,1,0.2863238316824508,27
1835,2,3450,1450,2000,0,0,0,1.0,1,1.0,1,1.0,1,0.23880117686947347,26
1836,1,3451,1450,2001,0,0,0,1.0,1,1.0,1,1.0,1,0.26898983801947923,26
1837,1,3452,1451,2001,0,0,0,1.0,1,1.0,1,1.0,1,0.3511280527384223,25
1838,0,3452,1451,2001,0,0,0,1.0,1,1.0,1,1.0,1,0.35083013061733437,25
1839,0,3452,1451,2001,0,0,0,1.0,1,1.0,1,1.0,1,0.44182809492247127,24
1840,1,3453,1452,2001,0,0,0,1.0,1,1.0,1,1.0,1,0.533365723528865,23
1841,0,3453,1452,2001,0,0,0,1.0,1,1.0,1,1.0,1,0.5226626425840831,22
1842,2,3455,1453,2002,0,0,0,1.0,1,1.0,1,1.0,1,0.5319385597226572,23
1843,1,3456,1454,2002,0,0,0,1.0,1,1.0,1,1.0,1,0.5239181358863715,23
1844,0,3456,1454,2002,0,0,0,1.0,1,1.0,1,1.0,1,0.5239181358863715,23
1845,1,3457,1455,2002,0,0,0,1.0,1,1.0,1,1.0,1,0.52900678100637,23
1846,2,3459,1455,2004,0,0,0,1.0,1,1.0,1,1.0,1,0.43517014876502186,23
1847,1,3460,1455,2005,0,0,0,1.0,1,1.0,1,1.0,1,0.4364682917235213,24
1848,0,3460,1455,2005,0,0,0,1.0,1,1.0,1,1.0,1,0.4364682917235213,24
1849,2,3462,1455,2007,0,0,0,1.0,1,1.0,1,1.0,1,0.3988322977955037,25
1850,1,3463,1456,2007,0,0,0,1.0,1,1.0,1,1.0,1,0.4039769359089993,25
1851,0,3463,1456,2007,0,0,0,1.0,1,1.0,1,1.0,1,0.4039769359089993,25
1852,0,3463,1456,2007,0,0,0,1.0,1,1.0,1,1.0,1,0.4039769359089993,25
1853,0,3463,1456,2007,0,0,0,1.0,1,1.0,1,1.0,1,0.4097670345336289,25
1854,0,3463,1456,2007,0,0,0,1.0,1,1.0,1,1.0,1,0.4097670345336289,25
1855,3,3466,1456,2010,0,0,0,1.0,1,1.0,1,1.0,1,0.3749010419452841,26
1856,0,3466,1456,2010,0,0,0,1.0,1,1.0,1,1.0,1,0.3600701537722875,27
1857,0,3466,1456,2010,0,0,0,1.0,1,1.0,1,1.0,1,0.3561746074075656,28
1858,2,3468,1457,2011,0,0,0,1.0,1,1.0,1,1.0,1,0.35493031750487186,28
1859,5,3473,1459,2014,0,0,0,1.0,1,1.0,1,1.0,1,0.35849196043064024,28
1860,1,3474,1459,2015,0,0,0,1.0,1,1.0,1,1.0,1,0.3487464185429005,28
1861,1,3475,1459,2016,0,0,0,1.0,1,1.0,1,1.0,1,0.33285230938144644,28
1862,0,3475,1459,2016,0,0,0,1.0,1,1.0,1,1.0,1,0.33285230938144644,28
1863,1,3476,1460,2016,0,0,0,1.0,1,1.0,1,1.0,1,0.3465878045304771,29
1864,1,3477,1461,2016,0,0,0,1.0,1,1.0,1,1.0,1,0.348178795972917,27
1865,2,3479,1462,2017,0,0,0,1.0,1,1.0,1,1.0,1,0.39280492468173667,26
1866,1,3480,1463,2017,0,0,0,1.0,1,1.0,1,1.0,1,0.43367490420167365,26
1867,0,3480,1463,2017,0,0,0,1.0,1,1.0,1,1.0,1,0.43367490420167365,26
1868,0,3480,1463,2017,0,0,0,1.0,1,1.0,1,1.0,1,0.43367490420167365,26
1869,0,3480,1463,2017,0,0,0,1.0,1,1.0,1,1.0,1,0.43367490420167365,26
1870,1,3481,1463,2018,0,0,0,1.0,1,1.0,1,1.0,1,0.4229381081287167,27
1871,1,3482,1464,2018,0,0,0,1.0,1,1.0,1,1.0,1,0.4229381081287167,27
1872,0,3482,1464,2018,0,0,0,1.0,1,1.0,1,1.0,1,0.4266060953815464,25
1873,1,3483,1464,2019,0,0,0,1.0,1,1.0,1,1.0,1,0.3921035587777088,25
1874,0,3483,1464,2019,0,0,0,1.0,1,1.0,1,1.0,1,0.400763751477164,25
1875,0,3483,1464,2019,0,0,0,1.0,1,1.0,1,1.0,1,0.400763751477164,25
1876,3,3486,1464,2022,0,0,0,1.0,1,1.0,1,1.0,1,0.2959007613680127,26
1877,0,3486,1464,2022,0,0,0,1.0,1,1.0,1,1.0,1,0.2806747868697379,27
1878,1,3487,1465,2022,0,0,0,1.0,1,1.0,1,1.0,1,0.281622712418211,28
1879,2,3489,1465,2024,0,0,0,1.0,1,1.0,1,1.0,1,0.2109827779117387,29
1880,0,3489,1465,2024,0,0,0,1.0,1,1.0,1,1.0,1,0.2109827779117387,29
1881,0,3489,1465,2024,0,0,0,1.0,1,1.0,1,1.0,1,0.2109827779117387,29
1882,0,3489,1465,2024,0,0,0,1.0,1,1.0,1,1.0,1,0.24808728057224652,28
1883,0,3489,1465,2024,0,0,0,1.0,1,1.0,1,1.0,1,0.24808728057224652,28
1884,1,3490,1466,2024,0,0,0,1.0,1,1.0,1,1.0,1,0.26154707056705256,28
1885,1,3491,1466,2025,0,0,0,1.0,1,1.0,1,1.0,1,0.25838121552329685,28
1886,1,3492,1466,2026,0,0,0,1.0,1,1.0,1,1.0,1,0.2297475582883171,29
1887,0,3492,1466,2026,0,0,0,1.0,1,1.0,1,1.0,1,0.2297475582883171,29
1888,0,3492,1466,2026,0,0,0,1.0,1,1.0,1,1.0,1,0.2522189058117996,31
1889,0,3492,1466,2026,0,0,0,1.0,1,1.0,1,1.0,1,0.2522189058117996,31
1890,1,3493,1467,2026,0,0,0,1.0,1,1.0,1,1.0,1,0.2731702875845265,31
1891,1,3494,1467,2027,0,0,0,1.0,1,1.0,1,1.0,1,0.2777566996639735,32
1892,0,3494,1467,2027,0,0,0,1.0,1,1.0,1,1.0,1,0.2777566996639735,32
1893,0,3494,1467,2027,0,0,0,1.0,1,1.0,1,1.0,1,0.2777566996639735,32
1894,0,3494,1467,2027,0,0,0,1.0,1,1.0,1,1.0,1,0.2641416804435696,33
1895,3,3497,1468,2029,0,0,0,1.0,1,1.0,1,1.0,1,0.2265051324491719,35
1896,0,3497,1468,2029,0,0,0,1.0,1,1.0,1,1.0,1,0.24528550453135792,34
1897,0,3497,1468,2029,0,0,0,1.0,1,1.0,1,1.0,1,0.24528550453135792,34
1898,0,3497,1468,2029,0,0,0,1.0,1,1.0,1,1.0,1,0.24528550453135792,34
1899,0,3497,1468,2029,0,0,0,1.0,1,1.0,1,1.0,1,0.24528550453135792,34
1900,0,3497,1468,2029,0,0,0,1.0,1,1.0,1,1.0,1,0.25832871491809195,35
1901,0,3497,1468,2029,0,0,0,1.0,1,1.0,1,1.0,1,0.25832871491809195,35
1902,0,3497,1468,2029,0,0,0,1.0,1,1.0,1,1.0,1,0.25832871491809195,35
1903,0,3497,1468,2029,0,0,0,1.0,1,1.0,1,1.0,1,0.25832871491809195,35
1904,0,3497,1468,2029,0,0,0,1.0,1,1.0,1,1.0,1,0.25832871491809195,35
1905,0,3497,1468,2029,0,0,0,1.0,1,1.0,1,1.0,1,0.2523973237282767,37
1906,1,3498,1468,2030,0,0,0,1.0,1,1.0,1,1.0,1,0.20319793636405947,37
1907,0,3498,1468,2030,0,0,0,1.0,1,1.0,1,1.0,1,0.22452269739315014,39
1908,3,3501,1469,2032,0,0,0,1.0,1,1.0,1,1.0,1,0.2080499987980353,39
1909,2,3503,1469,2034,0,0,0,1.0,1,1.0,1,1.0,1,0.17023382697889064,41
1910,0,3503,1469,2034,0,0,0,1.0,1,1.0,1,1.0,1,0.17023382697889064,41
1911,0,3503,1469,2034,0,0,0,1.0,1,1.0,1,1.0,1,0.2072733129477576,40
1912,2,3505,1471,2034,0,0,0,1.0,1,1.0,1,1.0,1,0.23433179404966348,39
1913,2,3507,1472,2035,0,0,0,1.0,1,1.0,1,1.0,1,0.2214506283883049,40
1914,1,3508,1473,2035,0,0,0,1.0,1,1.0,1,1.0,1,0.2410245225130633,41
1915,2,3510,1474,2036,0,0,0,1.0,1,1.0,1,1.0,1,0.23731840511065885,42
1916,2,3512,1475,2037,0,0,0,1.0,1,1.0,1,1.0,1,0.2460332524353537,42
1917,1,3513,1475,2038,0,0,0,1.0,1,1.0,1,1.0,1,0.24273884001240595,41
1918,1,3514,1476,2038,0,0,0,1.0,1,1.0,1,1.0,1,0.2538843416712401,38
1919,1,3515,1477,2038,0,0,0,1.0,1,1.0,1,1.0,1,0.32313235860522893,38
1920,1,3516,1478,2038,0,0,0,1.0,1,1.0,1,1.0,1,0.3561063575673726,38
1921,3,3519,1479,2040,0,0,0,1.0,1,1.0,1,1.0,1,0.2689717046763493,39
1922,0,3519,1479,2040,0,0,0,1.0,1,1.0,1,1.0,1,0.24756748875471135,40
1923,2,3521,1480,2041,0,0,0,1.0,1,1.0,1,1.0,1,0.22452269989260507,41
1924,4,3525,1483,2042,0,0,0,1.0,1,1.0,1,1.0,1,0.29024869619700183,41
1925,0,3525,1483,2042,0,0,0,1.0,1,1.0,1,1.0,1,0.2824191238640849,41
1926,0,3525,1483,2042,0,0,0,1.0,1,1.0,1,1.0,1,0.2824191238640849,41
1927,1,3526,1483,2043,0,0,0,1.0,1,1.0,1,1.0,1,0.28371989612134874,41
1928,1,3527,1484,2043,0,0,0,1.0,1,1.0,1,1.0,1,0.2631920470751071,42
1929,0,3527,1484,2043,0,0,0,1.0,1,1.0,1,1.0,1,0.2837861549253845,41
1930,0,3527,1484,2043,0,0,0,1.0,1,1.0,1,1.0,1,0.2837861549253845,41
1931,0,3527,1484,2043,0,0,0,1.0,1,1.0,1,1.0,1,0.2837861549253845,41
1932,0,3527,1484,2043,0,0,0,1.0,1,1.0,1,1.0,1,0.2837861549253845,41
1933,2,3529,1485,2044,0,0,0,1.0,1,1.0,1,1.0,1,0.3042011383098259,43
1934,1,3530,1485,2045,0,0,0,1.0,1,1.0,1,1.0,1,0.2962639864201687,44
1935,0,3530,1485,2045,0,0,0,1.0,1,1.0,1,1.0,1,0.26748800129353656,45
1936,3,3533,1485,2048,0,0,0,1.0,1,1.0,1,1.0,1,0.19912810830412522,48
1937,1,3534,1486,2048,0,0,0,1.0,1,1.0,1,1.0,1,0.236024540369391,48
1938,2,3536,1487,2049,0,0,0,1.0,1,1.0,1,1.0,1,0.19757375825868037,48
1939,0,3536,1487,2049,0,0,0,1.0,1,1.0,1,1.0,1,0.19757375825868037,48
1940,0,3536,1487,2049,0,0,0,1.0,1,1.0,1,1.0,1,0.19757375825868037,48
1941,0,3536,1487,2049,0,0,0,1.0,1,1.0,1,1.0,1,0.19757375825868037,48
1942,4,3540,1487,2053,0,0,0,1.0,1,1.0,1,1.0,1,0.2256000820662384,49
1943,1,3541,1487,2054,0,0,0,1.0,1,1.0,1,1.0,1,0.21528730558320677,48
1944,3,3544,1489,2055,0,0,0,1.0,1,1.0,1,1.0,1,0.25519312974401326,47
1945,5,3549,1492,2057,0,0,0,1.0,1,1.0,1,1.0,1,0.25869073127184034,46
1946,3,3552,1493,2059,0,0,0,1.0,1,1.0,1,1.0,1,0.26931965435005967,46
1947,3,3555,1495,2060,0,0,0,1.0,1,1.0,1,1.0,1,0.3594940118993573,45
1948,0,3555,1495,2060,0,0,0,1.0,1,1.0,1,1.0,1,0.35954989609500876,46
1949,3,3558,1497,2061,0,0,0,1.0,1,1.0,1,1.0,1,0.4175304307134623,42
1950,0,3558,1497,2061,0,0,0,1.0,1,1.0,1,1.0,1,0.41627245566730237,40
1951,6,3564,1500,2064,0,0,0,1.0,1,1.0,1,1.0,1,0.34176879622439643,39
1952,1,3565,1501,2064,0,0,0,1.0,1,1.0,1,1.0,1,0.3930857834196637,35
1953,2,3567,1503,2064,0,0,0,1.0,1,1.0,1,1.0,1,0.3766700363120733,36
1954,3,3570,1504,2066,0,0,0,1.0,1,1.0,1,1.0,1,0.3682126458197603,34
1955,0,3570,1504,2066,0,0,0,1.0,1,1.0,1,1.0,1,0.3775608151304527,35
1956,5,3575,1505,2070,0,0,0,1.0,1,1.0,1,1.0,1,0.31754931753417526,37
1957,1,3576,1506,2070,0,0,0,1.0,1,1.0,1,1.0,1,0.295133131945318,37
1958,0,3576,1506,2070,0,0,0,1.0,1,1.0,1,1.0,1,0.2764803758699009,39
1959,0,3576,1506,2070,0,0,0,1.0,1,1.0,1,1.0,1,0.29203632347082387,41
1960,4,3580,1508,2072,0,0,0,1.0,1,1.0,1,1.0,1,0.3226760270855468,40
1961,1,3581,1509,2072,0,0,0,1.0,1,1.0,1,1.0,1,0.3061448604084733,41
1962,1,3582,1509,2073,0,0,0,1.0,1,1.0,1,1.0,1,0.3210968746069192,40
1963,1,3583,1509,2074,0,0,0,1.0,1,1.0,1,1.0,1,0.30524945697975964,41
1964,1,3584,1509,2075,0,0,0,1.0,1,1.0,1,1.0,1,0.31911214071453453,40
1965,1,3585,1509,2076,0,0,0,1.0,1,1.0,1,1.0,1,0.3006749881932183,41
1966,2,3587,1509,2078,0,0,0,1.0,1,1.0,1,1.0,1,0.2784965789227035,41
1967,1,3588,1510,2078,0,0,0,1.0,1,1.0,1,1.0,1,0.2903720505920537,42
1968,0,3588,1510,2078,0,0,0,1.0,1,1.0,1,1.0,1,0.30324942599499877,42
1969,1,3589,1511,2078,0,0,0,1.0,1,1.0,1,1.0,1,0.29706169436679847,43
1970,1,3590,1511,2079,0,0,0,1.0,1,1.0,1,1.0,1,0.309509583582207,42
1971,1,3591,1512,2079,0,0,0,1.0,1,1.0,1,1.0,1,0.3205236840962785,42
1972,2,3593,1512,2081,0,0,0,1.0,1,1.0,1,1.0,1,0.3220827991116672,42
1973,3,3596,1512,2084,0,0,0,1.0,1,1.0,1,1.0,1,0.32334959983174305,43
1974,1,3597,1512,2085,0,0,0,1.0,1,1.0,1,1.0,1,0.3338926237093386,43
1975,1,3598,1512,2086,0,0,0,1.0,1,1.0,1,1.0,1,0.34145070119462007,43
1976,3,3601,1514,2087,0,0,0,1.0,1,1.0,1,1.0,1,0.2960715098191923,43
1977,8,3609,1514,2095,0,0,0,1.0,1,1.0,1,1.0,1,0.27674081386981436,48
1978,3,3612,1516,2096,0,0,0,1.0,1,1.0,1,1.0,1,0.2698109732007198,48
1979,1,3613,1516,2097,0,0,0,1.0,1,1.0,1,1.0,1,0.270972069155196,49
1980,0,3613,1516,2097,0,0,0,1.0,1,1.0,1,1.0,1,0.2762846827604593,50
1981,1,3614,1516,2098,0,0,0,1.0,1,1.0,1,1.0,1,0.26813989932737137,50
1982,2,3616,1518,2098,0,0,0,1.0,1,1.0,1,1.0,1,0.2571104904440024,50
1983,1,3617,1518,2099,0,0,0,1.0,1,1.0,1,1.0,1,0.25310280423927595,49
1984,2,3619,1520,2099,0,0,0,1.0,1,1.0,1,1.0,1,0.26552978060772653,48
1985,2,3621,1522,2099,0,0,0,1.0,1,1.0,1,1.0,1,0.27283181609567997,46
1986,2,3623,1524,2099,0,0,0,1.0,1,1.0,1,1.0,1,0.2852715173685752,46
1987,1,3624,1525,2099,0,0,0,1.0,1,1.0,1,1.0,1,0.25732293933527267,42
1988,0,3624,1525,2099,0,0,0,1.0,1,1.0,1,1.0,1,0.27690699070834546,40
1989,3,3627,1528,2099,0,0,0,1.0,1,1.0,1,1.0,1,0.2963783751323173,38
1990,2,3629,1528,2101,0,0,0,1.0,1,1.0,1,1.0,1,0.25477125964250313,38
1991,1,3630,1529,2101,0,0,0,1.0,1,1.0,1,1.0,1,0.27478784367457304,38
1992,2,3632,1531,2101,0,0,0,1.0,1,1.0,1,1.0,1,0.32529567975239326,39
1993,3,3635,1534,2101,0,0,0,1.0,1,1.0,1,1.0,1,0.37418953786303516,38
1994,3,3638,1536,2102,0,0,0,1.0,1,1.0,1,1.0,1,0.30891265362264786,37
1995,0,3638,1536,2102,0,0,0,1.0,1,1.0,1,1.0,1,0.3773447762107346,37
1996,2,3640,1537,2103,0,0,0,1.0,1,1.0,1,1.0,1,0.35229685287300366,37
1997,3,3643,1538,2105,0,0,0,1.0,1,1.0,1,1.0,1,0.34212734592074384,35
1998,0,3643,1538,2105,0,0,0,1.0,1,1.0,1,1.0,1,0.3630995540115451,34
1999,2,3645,1540,2105,0,0,0,1.0,1,1.0,1,1.0,1,0.3843849216262773,35
2000,0,3645,1540,2105,0,0,0,1.0,1,1.0,1,1.0,1,0.4002515785416493,34
2001,0,3645,1540,2105,0,0,0,1.0,1,1.0,1,1.0,1,0.40703689905850227,35
2002,3,3648,1540,2108,0,0,0,1.0,1,1.0,1,1.0,1,0.32359862056539257,36
2003,1,3649,1540,2109,0,0,0,1.0,1,1.0,1,1.0,1,0.3177749001799075,37
2004,3,3652,1542,2110,0,0,0,1.0,1,1.0,1,1.0,1,0.2900475028238567,38
2005,1,3653,1543,2110,0,0,0,1.0,1,1.0,1,1.0,1,0.2860477719756213,38
2006,0,3653,1543,2110,0,0,0,1.0,1,1.0,1,1.0,1,0.2860477719756213,38
2007,1,3654,1544,2110,0,0,0,1.0,1,1.0,1,1.0,1,0.26910755008758586,40
2008,1,3655,1545,2110,0,0,0,1.0,1,1.0,1,1.0,1,0.2629857182497443,40
2009,2,3657,1547,2110,0,0,0,1.0,1,1.0,1,1.0,1,0.24777339535740317,41
2010,0,3657,1547,2110,0,0,0,1.0,1,1.0,1,1.0,1,0.24777339535740317,41
2011,0,3657,1547,2110,0,0,0,1.0,1,1.0,1,1.0,1,0.24777339535740317,41
2012,0,3657,1547,2110,0,0,0,1.0,1,1.0,1,1.0,1,0.24777339535740317,41
2013,2,3659,1547,2112,0,0,0,1.0,1,1.0,1,1.0,1,0.2406396572841858,43
2014,0,3659,1547,2112,0,0,0,1.0,1,1.0,1,1.0,1,0.258947864477394,43
2015,1,3660,1548,2112,0,0,0,1.0,1,1.0,1,1.0,1,0.2569772123213712,43
2016,2,3662,1549,2113,0,0,0,1.0,1,1.0,1,1.0,1,0.2767763225562852,44
2017,1,3663,1549,2114,0,0,0,1.0,1,1.0,1,1.0,1,0.25311289617440713,45
2018,3,3666,1552,2114,0,0,0,1.0,1,1.0,1,1.0,1,0.24206797602153024,46
2019,0,3666,1552,2114,0,0,0,1.0,1,1.0,1,1.0,1,0.2304232294510595,47
2020,1,3667,1553,2114,0,0,0,1.0,1,1.0,1,1.0,1,0.2605177616478118,47
2021,3,3670,1555,2115,0,0,0,1.0,1,1.0,1,1.0,1,0.2413909612085633,47
2022,2,3672,1557,2115,0,0,0,1.0,1,1.0,1,1.0,1,0.2748156217751492,48
2023,4,3676,1559,2117,0,0,0,1.0,1,1.0,1,1.0,1,0.2702980493640378,48
2024,5,3681,1563,2118,0,0,0,1.0,1,1.0,1,1.0,1,0.27327598003006803,45
2025,3,3684,1566,2118,0,0,0,1.0,1,1.0,1,1.0,1,0.3202220070456178,42
2026,7,3691,1569,2122,0,0,0,1.0,1,1.0,1,1.0,1,0.25758724026197516,44
2027,0,3691,1569,2122,0,0,0,1.0,1,1.0,1,1.0,1,0.24692030444288676,40
2028,0,3691,1569,2122,0,0,0,1.0,1,1.0,1,1.0,1,0.2949497546930755,39
2029,1,3692,1569,2123,0,0,0,1.0,1,1.0,1,1.0,1,0.29602212113129767,37
2030,1,3693,1570,2123,0,0,0,1.0,1,1.0,1,1.0,1,0.2872122470411855,34
2031,4,3697,1573,2124,0,0,0,1.0,1,1.0,1,1.0,1,0.2522931135370453,35
2032,1,3698,1574,2124,0,0,0,1.0,1,1.0,1,1.0,1,0.33426401887098467,34
2033,6,3704,1578,2126,0,0,0,1.0,1,1.0,1,1.0,1,0.30212417994271973,36
2034,0,3704,1578,2126,0,0,0,1.0,1,1.0,1,1.0,1,0.3229121337008215,34
2035,2,3706,1579,2127,0,0,0,1.0,1,1.0,1,1.0,1,0.30790906371854526,35
2036,1,3707,1580,2127,0,0,0,1.0,1,1.0,1,1.0,1,0.34313084872276245,34
2037,0,3707,1580,2127,0,0,0,1.0,1,1.0,1,1.0,1,0.3437267490487276,35
2038,0,3707,1580,2127,0,0,0,1.0,1,1.0,1,1.0,1,0.32316049625655796,36
2039,1,3708,1581,2127,0,0,0,1.0,1,1.0,1,1.0,1,0.3402367645305104,38
2040,0,3708,1581,2127,0,0,0,1.0,1,1.0,1,1.0,1,0.3402367645305104,38
2041,4,3712,1581,2131,0,0,0,1.0,1,1.0,1,1.0,1,0.23606785763573068,39
2042,1,3713,1581,2132,0,0,0,1.0,1,1.0,1,1.0,1,0.19228683177011877,39
2043,0,3713,1581,2132,0,0,0,1.0,1,1.0,1,1.0,1,0.19228683177011877,39
2044,0,3713,1581,2132,0,0,0,1.0,1,1.0,1,1.0,1,0.19228683177011877,39
2045,1,3714,1581,2133,0,0,0,1.0,1,1.0,1,1.0,1,0.18737736522449724,41
2046,0,3714,1581,2133,0,0,0,1.0,1,1.0,1,1.0,1,0.2066052102031472,42
2047,0,3714,1581,2133,0,0,0,1.0,1,1.0,1,1.0,1,0.2066052102031472,42
2048,1,3715,1581,2134,0,0,0,1.0,1,1.0,1,1.0,1,0.18129789096749843,43
2049,1,3716,1582,2134,0,0,0,1.0,1,1.0,1,1.0,1,0.21875095923692434,44
2050,2,3718,1582,2136,0,0,0,1.0,1,1.0,1,1.0,1,0.22268151755521637,44
2051,2,3720,1583,2137,0,0,0,1.0,1,1.0,1,1.0,1,0.2744733531459954,45
2052,2,3722,1583,2139,0,0,0,1.0,1,1.0,1,1.0,1,0.237709188927206,45
2053,1,3723,1584,2139,0,0,0,1.0,1,1.0,1,1.0,1,0.24219144293995779,45
2054,1,3724,1585,2139,0,0,0,1.0,1,1.0,1,1.0,1,0.24649711935342186,46
2055,0,3724,1585,2139,0,0,0,1.0,1,1.0,1,1.0,1,0.24649711935342186,46
2056,4,3728,1585,2143,0,0,0,1.0,1,1.0,1,1.0,1,0.1845820920135302,46
2057,8,3736,1590,2146,0,0,0,1.0,1,1.0,1,1.0,1,0.10876321886814154,47
2058,1,3737,1591,2146,0,0,0,1.0,1,1.0,1,1.0,1,0.1436066262097219,47
2059,3,3740,1593,2147,0,0,0,1.0,1,1.0,1,1.0,1,0.15095565091278937,48
2060,3,3743,1595,2148,0,0,0,1.0,1,1.0,1,1.0,1,0.1591473718649491,50
2061,2,3745,1596,2149,0,0,0,1.0,1,1.0,1,1.0,1,0.11060608622641609,51
2062,2,3747,1598,2149,0,0,0,1.0,1,1.0,1,1.0,1,0.15110536694441434,49
2063,2,3749,1599,2150,0,0,0,1.0,1,1.0,1,1.0,1,0.145030638157918,48
2064,2,3751,1601,2150,0,0,0,1.0,1,1.0,1,1.0,1,0.19071166327846545,45
2065,1,3752,1602,2150,0,0,0,1.0,1,1.0,1,1.0,1,0.19407327257868903,44
2066,2,3754,1602,2152,0,0,0,1.0,1,1.0,1,1.0,1,0.22266236801153258,42
2067,2,3756,1603,2153,0,0,0,1.0,1,1.0,1,1.0,1,0.25929951110188665,41
2068,0,3756,1603,2153,0,0,0,1.0,1,1.0,1,1.0,1,0.2826851036990161,40
2069,2,3758,1603,2155,0,0,0,1.0,1,1.0,1,1.0,1,0.26224169993231694,40
2070,0,3758,1603,2155,0,0,0,1.0,1,1.0,1,1.0,1,0.3038377843762895,40
2071,5,3763,1605,2158,0,0,0,1.0,1,1.0,1,1.0,1,0.22236525104173588,40
2072,2,3765,1605,2160,0,0,0,1.0,1,1.0,1,1.0,1,0.2065701161749694,41
2073,3,3768,1607,2161,0,0,0,1.0,1,1.0,1,1.0,1,0.2066129938345395,41
2074,1,3769,1607,2162,0,0,0,1.0,1,1.0,1,1.0,1,0.17276932223765878,41
2075,0,3769,1607,2162,0,0,0,1.0,1,1.0,1,1.0,1,0.17276932223765878,41
2076,3,3772,1609,2163,0,0,0,1.0,1,1.0,1,1.0,1,0.15067223477494363,41
2077,0,3772,1609,2163,0,0,0,1.0,1,1.0,1,1.0,1,0.15707805415220932,40
2078,2,3774,1610,2164,0,0,0,1.0,1,1.0,1,1.0,1,0.16426299182599402,40
2079,1,3775,1610,2165,0,0,0,1.0,1,1.0,1,1.0,1,0.12509947147347342,39
2080,0,3775,1610,2165,0,0,0,1.0,1,1.0,1,1.0,1,0.1396883081141047,38
2081,0,3775,1610,2165,0,0,0,1.0,1,1.0,1,1.0,1,0.15273093339206492,40
2082,3,3778,1612,2166,0,0,0,1.0,1,1.0,1,1.0,1,0.23457674293667496,41
2083,3,3781,1614,2167,0,0,0,1.0,1,1.0,1,1.0,1,0.2007989802266208,40
2084,7,3788,1617,2171,0,0,0,1.0,1,1.0,1,1.0,1,0.2448580375874954,42
2085,5,3793,1617,2176,0,0,0,1.0,1,1.0,1,1.0,1,0.2360916327500646,42
2086,3,3796,1618,2178,0,0,0,1.0,1,1.0,1,1.0,1,0.16547411581194196,43
2087,1,3797,1619,2178,0,0,0,1.0,1,1.0,1,1.0,1,0.1926415863438299,45
2088,1,3798,1620,2178,0,0,0,1.0,1,1.0,1,1.0,1,0.2126063201275351,46
2089,0,3798,1620,2178,0,0,0,1.0,1,1.0,1,1.0,1,0.20808682744013968,47
2090,3,3801,1620,2181,0,0,0,1.0,1,1.0,1,1.0,1,0.2011939602350387,49
2091,0,3801,1620,2181,0,0,0,1.0,1,1.0,1,1.0,1,0.2011939602350387,49
2092,1,3802,1621,2181,0,0,0,1.0,1,1.0,1,1.0,1,0.19145940331486067,49
2093,2,3804,1622,2182,0,0,0,1.0,1,1.0,1,1.0,1,0.17975212559283976,49
2094,1,3805,1622,2183,0,0,0,1.0,1,1.0,1,1.0,1,0.17539387765112233,49
2095,0,3805,1622,2183,0,0,0,1.0,1,1.0,1,1.0,1,0.14466284381698874,49
2096,1,3806,1622,2184,0,0,0,1.0,1,1.0,1,1.0,1,0.13476290548563982,51
2097,0,3806,1622,2184,0,0,0,1.0,1,1.0,1,1.0,1,0.13476290548563982,51
2098,3,3809,1624,2185,0,0,0,1.0,1,1.0,1,1.0,1,0.15103598394430304,52
2099,1,3810,1625,2185,0,0,0,1.0,1,1.0,1,1.0,1,0.19127615230911982,51
2100,1,3811,1625,2186,0,0,0,1.0,1,1.0,1,1.0,1,0.18785544534545012,51
2101,1,3812,1625,2187,0,0,0,1.0,1,1.0,1,1.0,1,0.20933193994063387,48
2102,2,3814,1627,2187,0,0,0,1.0,1,1.0,1,1.0,1,0.2727022786516792,49
2103,1,3815,1628,2187,0,0,0,1.0,1,1.0,1,1.0,1,0.2846830817423699,48
2104,1,3816,1629,2187,0,0,0,1.0,1,1.0,1,1.0,1,0.31894260930502116,43
2105,1,3817,1630,2187,0,0,0,1.0,1,1.0,1,1.0,1,0.34433688714002686,42
2106,4,3821,1632,2189,0,0,0,1.0,1,1.0,1,1.0,1,0.33439487698285714,40
2107,1,3822,1633,2189,0,0,0,1.0,1,1.0,1,1.0,1,0.3633147739806117,39
2108,4,3826,1636,2190,0,0,0,1.0,1,1.0,1,1.0,1,0.3830038540629396,38
2109,3,3829,1637,2192,0,0,0,1.0,1,1.0,1,1.0,1,0.3854323634384328,37
2110,3,3832,1639,2193,0,0,0,1.0,1,1.0,1,1.0,1,0.4165950880058384,38
2111,0,3832,1639,2193,0,0,0,1.0,1,1.0,1,1.0,1,0.4016091994653843,37
2112,1,3833,1640,2193,0,0,0,1.0,1,1.0,1,1.0,1,0.40300758278889337,36
2113,0,3833,1640,2193,0,0,0,1.0,1,1.0,1,1.0,1,0.4044134748215955,36
2114,0,3833,1640,2193,0,0,0,1.0,1,1.0,1,1.0,1,0.3955970056912242,36
2115,0,3833,1640,2193,0,0,0,1.0,1,1.0,1,1.0,1,0.3826551454080821,35
2116,1,3834,1640,2194,0,0,0,1.0,1,1.0,1,1.0,1,0.37146449448103974,37
2117,2,3836,1640,2196,0,0,0,1.0,1,1.0,1,1.0,1,0.31233821515131643,38
2118,1,3837,1640,2197,0,0,0,1.0,1,1.0,1,1.0,1,0.2954539425643138,40
2119,0,3837,1640,2197,0,0,0,1.0,1,1.0,1,1.0,1,0.2954539425643138,40
2120,0,3837,1640,2197,0,0,0,1.0,1,1.0,1,1.0,1,0.3044741568104338,41
2121,0,3837,1640,2197,0,0,0,1.0,1,1.0,1,1.0,1,0.3044741568104338,41
2122,0,3837,1640,2197,0,0,0,1.0,1,1.0,1,1.0,1,0.3148804674238532,42
2123,0,3837,1640,2197,0,0,0,1.0,1,1.0,1,1.0,1,0.3044427471950074,43
2124,0,3837,1640,2197,0,0,0,1.0,1,1.0,1,1.0,1,0.3326784228038597,41
2125,0,3837,1640,2197,0,0,0,1.0,1,1.0,1,1.0,1,0.3326784228038597,41
2126,0,3837,1640,2197,0,0,0,1.0,1,1.0,1,1.0,1,0.3589808534167963,40
2127,0,3837,1640,2197,0,0,0,1.0,1,1.0,1,1.0,1,0.3589808534167963,40
2128,1,3838,1640,2198,0,0,0,1.0,1,1.0,1,1.0,1,0.36145255432039225,41
2129,0,3838,1640,2198,0,0,0,1.0,1,1.0,1,1.0,1,0.35380976099619876,42
2130,4,3842,1640,2202,0,0,0,1.0,1,1.0,1,1.0,1,0.33288023299898317,45
2131,0,3842,1640,2202,0,0,0,1.0,1,1.0,1,1.0,1,0.33288023299898317,45
2132,2,3844,1641,2203,0,0,0,1.0,1,1.0,1,1.0,1,0.33951634219758886,46
2133,4,3848,1643,2205,0,0,0,1.0,1,1.0,1,1.0,1,0.3469087301525917,46
2134,2,3850,1643,2207,0,0,0,1.0,1,1.0,1,1.0,1,0.3163140601281798,47
2135,4,3854,1643,2211,0,0,0,1.0,1,1.0,1,1.0,1,0.2451515889654023,47
2136,3,3857,1643,2214,0,0,0,1.0,1,1.0,1,1.0,1,0.19769513084501794,47
2137,3,3860,1643,2217,0,0,0,1.0,1,1.0,1,1.0,1,0.1464634611555571,49
2138,1,3861,1644,2217,0,0,0,1.0,1,1.0,1,1.0,1,0.1973321685905691,49
2139,2,3863,1645,2218,0,0,0,1.0,1,1.0,1,1.0,1,0.16994062088048403,47
2140,2,3865,1646,2219,0,0,0,1.0,1,1.0,1,1.0,1,0.11668592189477024,48
2141,1,3866,1647,2219,0,0,0,1.0,1,1.0,1,1.0,1,0.11889302157412432,47
2142,0,3866,1647,2219,0,0,0,1.0,1,1.0,1,1.0,1,0.11889302157412432,47
2143,1,3867,1647,2220,0,0,0,1.0,1,1.0,1,1.0,1,0.12264393240117567,48
2144,3,3870,1649,2221,0,0,0,1.0,1,1.0,1,1.0,1,0.17150260135128756,48
2145,3,3873,1652,2221,0,0,0,1.0,1,1.0,1,1.0,1,0.2048660005778828,46
2146,5,3878,1654,2224,0,0,0,1.0,1,1.0,1,1.0,1,0.15410882453390687,47
2147,8,3886,1659,2227,0,0,0,1.0,1,1.0,1,1.0,1,0.1904056419942601,48
2148,1,3887,1659,2228,0,0,0,1.0,1,1.0,1,1.0,1,0.1431670461881844,46
2149,3,3890,1662,2228,0,0,0,1.0,1,1.0,1,1.0,1,0.12206539553291086,46
2150,1,3891,1663,2228,0,0,0,1.0,1,1.0,1,1.0,1,0.1513451426049453,46
2151,4,3895,1664,2231,0,0,0,1.0,1,1.0,1,1.0,1,0.1420263294284915,44
2152,1,3896,1665,2231,0,0,0,1.0,1,1.0,1,1.0,1,0.19052252916291232,45
2153,3,3899,1666,2233,0,0,0,1.0,1,1.0,1,1.0,1,0.19389893536134473,48
2154,1,3900,1666,2234,0,0,0,1.0,1,1.0,1,1.0,1,0.2255527533902845,47
2155,2,3902,1668,2234,0,0,0,1.0,1,1.0,1,1.0,1,0.2622969340932161,48
2156,0,3902,1668,2234,0,0,0,1.0,1,1.0,1,1.0,1,0.2612849374063552,45
2157,0,3902,1668,2234,0,0,0,1.0,1,1.0,1,1.0,1,0.2630223251561109,43
2158,2,3904,1669,2235,0,0,0,1.0,1,1.0,1,1.0,1,0.23940905759919298,43
2159,4,3908,1671,2237,0,0,0,1.0,1,1.0,1,1.0,1,0.31203158756259125,43
2160,1,3909,1672,2237,0,0,0,1.0,1,1.0,1,1.0,1,0.29384456311022616,41
2161,6,3915,1672,2243,0,0,0,1.0,1,1.0,1,1.0,1,0.16804838943179715,41
2162,1,3916,1672,2244,0,0,0,1.0,1,1.0,1,1.0,1,0.14342913512415198,42
2163,0,3916,1672,2244,0,0,0,1.0,1,1.0,1,1.0,1,0.1615634888378344,43
2164,2,3918,1674,2244,0,0,0,1.0,1,1.0,1,1.0,1,0.23801897216709852,44
2165,2,3920,1674,2246,0,0,0,1.0,1,1.0,1,1.0,1,0.2107973085713127,44
2166,2,3922,1674,2248,0,0,0,1.0,1,1.0,1,1.0,1,0.1993919441851618,46
2167,0,3922,1674,2248,0,0,0,1.0,1,1.0,1,1.0,1,0.1993919441851618,46
2168,0,3922,1674,2248,0,0,0,1.0,1,1.0,1,1.0,1,0.19167933248752253,45
2169,0,3922,1674,2248,0,0,0,1.0,1,1.0,1,1.0,1,0.18355088638447156,49
2170,0,3922,1674,2248,0,0,0,1.0,1,1.0,1,1.0,1,0.18355088638447156,49
2171,0,3922,1674,2248,0,0,0,1.0,1,1.0,1,1.0,1,0.18352443781534392,51
2172,2,3924,1676,2248,0,0,0,1.0,1,1.0,1,1.0,1,0.16624033265162327,52
2173,0,3924,1676,2248,0,0,0,1.0,1,1.0,1,1.0,1,0.16624033265162327,52
2174,4,3928,1679,2249,0,0,0,1.0,1,1.0,1,1.0,1,0.18785135210249435,52
2175,5,3933,1680,2253,0,0,0,1.0,1,1.0,1,1.0,1,0.17887733635927033,53
2176,2,3935,1680,2255,0,0,0,1.0,1,1.0,1,1.0,1,0.13396332262810856,54
2177,3,3938,1682,2256,0,0,0,1.0,1,1.0,1,1.0,1,0.1895606260063532,55
2178,6,3944,1685,2259,0,0,0,1.0,1,1.0,1,1.0,1,0.1655090032563062,54
2179,2,3946,1686,2260,0,0,0,1.0,1,1.0,1,1.0,1,0.2138202954621131,52
2180,4,3950,1688,2262,0,0,0,1.0,1,1.0,1,1.0,1,0.2621808519672235,51
2181,2,3952,1689,2263,0,0,0,1.0,1,1.0,1,1.0,1,0.20285195703424377,49
2182,1,3953,1690,2263,0,0,0,1.0,1,1.0,1,1.0,1,0.20461939246630262,49
2183,4,3957,1694,2263,0,0,0,1.0,1,1.0,1,1.0,1,0.25223198843955613,46
2184,3,3960,1695,2265,0,0,0,1.0,1,1.0,1,1.0,1,0.27617287552461384,45
2185,0,3960,1695,2265,0,0,0,1.0,1,1.0,1,1.0,1,0.282176571469735,44
2186,2,3962,1697,2265,0,0,0,1.0,1,1.0,1,1.0,1,0.33080842314193104,42
2187,4,3966,1701,2265,0,0,0,1.0,1,1.0,1,1.0,1,0.3340606513602318,40
2188,3,3969,1704,2265,0,0,0,1.0,1,1.0,1,1.0,1,0.35019402596287574,38
2189,1,3970,1705,2265,0,0,0,1.0,1,1.0,1,1.0,1,0.3936426167102859,36
2190,4,3974,1707,2267,0,0,0,1.0,1,1.0,1,1.0,1,0.3859435980488315,34
2191,6,3980,1708,2272,0,0,0,1.0,1,1.0,1,1.0,1,0.251550826276602,34
2192,3,3983,1710,2273,0,0,0,1.0,1,1.0,1,1.0,1,0.20564838106347377,33
2193,0,3983,1710,2273,0,0,0,1.0,1,1.0,1,1.0,1,0.20724469469114778,32
2194,2,3985,1711,2274,0,0,0,1.0,1,1.0,1,1.0,1,0.23173345124585512,32
2195,1,3986,1711,2275,0,0,0,1.0,1,1.0,1,1.0,1,0.23594018344835616,31
2196,2,3988,1713,2275,0,0,0,1.0,1,1.0,1,1.0,1,0.25925265219139815,32
2197,0,3988,1713,2275,0,0,0,1.0,1,1.0,1,1.0,1,0.28027463175297623,31
2198,0,3988,1713,2275,0,0,0,1.0,1,1.0,1,1.0,1,0.28027463175297623,31
2199,2,3990,1715,2275,0,0,0,1.0,1,1.0,1,1.0,1,0.26895867610260354,32
2200,4,3994,1715,2279,0,0,0,1.0,1,1.0,1,1.0,1,0.24650619349771424,35
2201,5,3999,1715,2284,0,0,0,1.0,1,1.0,1,1.0,1,0.2398455306147784,36
2202,1,4000,1716,2284,0,0,0,1.0,1,1.0,1,1.0,1,0.20782105866517056,36
2203,1,4001,1716,2285,0,0,0,1.0,1,1.0,1,1.0,1,0.2194102050918595,37
2204,1,4002,1717,2285,0,0,0,1.0,1,1.0,1,1.0,1,0.25110987907678256,36
2205,0,4002,1717,2285,0,0,0,1.0,1,1.0,1,1.0,1,0.22673590574695573,37
2206,3,4005,1719,2286,0,0,0,1.0,1,1.0,1,1.0,1,0.2718774820519662,35
2207,2,4007,1720,2287,0,0,0,1.0,1,1.0,1,1.0,1,0.20567216109536154,37
2208,0,4007,1720,2287,0,0,0,1.0,1,1.0,1,1.0,1,0.21848020587103847,36
2209,1,4008,1721,2287,0,0,0,1.0,1,1.0,1,1.0,1,0.258252669279712,35
2210,3,4011,1721,2290,0,0,0,1.0,1,1.0,1,1.0,1,0.2123554174513403,38
2211,0,4011,1721,2290,0,0,0,1.0,1,1.0,1,1.0,1,0.2500594254615755,37
2212,2,4013,1722,2291,0,0,0,1.0,1,1.0,1,1.0,1,0.26856189221952664,38
2213,2,4015,1722,2293,0,0,0,1.0,1,1.0,1,1.0,1,0.23000666349183527,38
2214,1,4016,1722,2294,0,0,0,1.0,1,1.0,1,1.0,1,0.22077761761705514,39
2215,1,4017,1723,2294,0,0,0,1.0,1,1.0,1,1.0,1,0.20250273508998445,39
2216,2,4019,1725,2294,0,0,0,1.0,1,1.0,1,1.0,1,0.2641812174012551,39
2217,1,4020,1725,2295,0,0,0,1.0,1,1.0,1,1.0,1,0.22661963794491002,38
2218,1,4021,1726,2295,0,0,0,1.0,1,1.0,1,1.0,1,0.25738890425383526,37
2219,3,4024,1727,2297,0,0,0,1.0,1,1.0,1,1.0,1,0.30001181212816874,36
2220,4,4028,1728,2300,0,0,0,1.0,1,1.0,1,1.0,1,0.29201760132783455,34
2221,2,4030,1728,2302,0,0,0,1.0,1,1.0,1,1.0,1,0.2277397001637895,35
2222,1,4031,1729,2302,0,0,0,1.0,1,1.0,1,1.0,1,0.25241697979316924,33
2223,2,4033,1730,2303,0,0,0,1.0,1,1.0,1,1.0,1,0.2137021929221525,34
2224,1,4034,1731,2303,0,0,0,1.0,1,1.0,1,1.0,1,0.21034386535460767,32
2225,1,4035,1732,2303,0,0,0,1.0,1,1.0,1,1.0,1,0.24162080100326455,33
2226,2,4037,1734,2303,0,0,0,1.0,1,1.0,1,1.0,1,0.26753783283197163,32
2227,1,4038,1735,2303,0,0,0,1.0,1,1.0,1,1.0,1,0.2734738027293738,31
2228,1,4039,1736,2303,0,0,0,1.0,1,1.0,1,1.0,1,0.2912862131605472,32
2229,1,4040,1737,2303,0,0,0,1.0,1,1.0,1,1.0,1,0.2730378988676483,32
2230,0,4040,1737,2303,0,0,0,1.0,1,1.0,1,1.0,1,0.2704160758047711,31
2231,0,4040,1737,2303,0,0,0,1.0,1,1.0,1,1.0,1,0.27110711452279973,32
2232,1,4041,1738,2303,0,0,0,1.0,1,1.0,1,1.0,1,0.3055848435983191,32
2233,0,4041,1738,2303,0,0,0,1.0,1,1.0,1,1.0,1,0.32516519550512474,31
2234,0,4041,1738,2303,0,0,0,1.0,1,1.0,1,1.0,1,0.33781504739593954,32
2235,2,4043,1739,2304,0,0,0,1.0,1,1.0,1,1.0,1,0.3775887794467041,31
2236,4,4047,1741,2306,0,0,0,1.0,1,1.0,1,1.0,1,0.36165275634083227,31
2237,2,4049,1743,2306,0,0,0,1.0,1,1.0,1,1.0,1,0.40431242798288547,31
2238,7,4056,1745,2311,0,0,0,1.0,1,1.0,1,1.0,1,0.35044665887794085,31
2239,1,4057,1745,2312,0,0,0,1.0,1,1.0,1,1.0,1,0.3319843618112634,31
2240,2,4059,1747,2312,0,0,0,1.0,1,1.0,1,1.0,1,0.3066970272798129,32
2241,1,4060,1748,2312,0,0,0,1.0,1,1.0,1,1.0,1,0.33168421267768683,32
2242,2,4062,1750,2312,0,0,0,1.0,1,1.0,1,1.0,1,0.3083517380965601,34
2243,1,4063,1751,2312,0,0,0,1.0,1,1.0,1,1.0,1,0.3210653484363643,34
2244,3,4066,1751,2315,0,0,0,1.0,1,1.0,1,1.0,1,0.2571478016696939,36
2245,1,4067,1751,2316,0,0,0,1.0,1,1.0,1,1.0,1,0.2518506097275081,36
2246,1,4068,1751,2317,0,0,0,1.0,1,1.0,1,1.0,1,0.23964017204414897,39
2247,0,4068,1751,2317,0,0,0,1.0,1,1.0,1,1.0,1,0.22552493236890656,40
2248,0,4068,1751,2317,0,0,0,1.0,1,1.0,1,1.0,1,0.22552493236890656,40
2249,0,4068,1751,2317,0,0,0,1.0,1,1.0,1,1.0,1,0.2120866259546037,41
2250,1,4069,1752,2317,0,0,0,1.0,1,1.0,1,1.0,1,0.22199828652928758,41
2251,1,4070,1752,2318,0,0,0,1.0,1,1.0,1,1.0,1,0.22964963141918085,42
2252,1,4071,1753,2318,0,0,0,1.0,1,1.0,1,1.0,1,0.2525660698832169,41
2253,1,4072,1753,2319,0,0,0,1.0,1,1.0,1,1.0,1,0.21223275096005764,40
2254,1,4073,1754,2319,0,0,0,1.0,1,1.0,1,1.0,1,0.2197886049629804,39
2255,0,4073,1754,2319,0,0,0,1.0,1,1.0,1,1.0,1,0.21909190479850818,39
2256,1,4074,1755,2319,0,0,0,1.0,1,1.0,1,1.0,1,0.21643690687416503,40
2257,2,4076,1757,2319,0,0,0,1.0,1,1.0,1,1.0,1,0.22412800920083778,40
2258,1,4077,1758,2319,0,0,0,1.0,1,1.0,1,1.0,1,0.22895565076444158,39
2259,2,4079,1760,2319,0,0,0,1.0,1,1.0,1,1.0,1,0.23325741379098247,41
2260,1,4080,1761,2319,0,0,0,1.0,1,1.0,1,1.0,1,0.2499843943655041,38
2261,4,4084,1764,2320,0,0,0,1.0,1,1.0,1,1.0,1,0.2908498231923439,38
2262,2,4086,1765,2321,0,0,0,1.0,1,1.0,1,1.0,1,0.30272747283838974,36
2263,3,4089,1767,2322,0,0,0,1.0,1,1.0,1,1.0,1,0.2906517560078741,35
2264,3,4092,1769,2323,0,0,0,1.0,1,1.0,1,1.0,1,0.338691102088856,33
2265,1,4093,1769,2324,0,0,0,1.0,1,1.0,1,1.0,1,0.30149941065971037,33
2266,1,4094,1770,2324,0,0,0,1.0,1,1.0,1,1.0,1,0.2971738499584766,33
2267,5,4099,1774,2325,0,0,0,1.0,1,1.0,1,1.0,1,0.324710241985834,33
2268,4,4103,1774,2329,0,0,0,1.0,1,1.0,1,1.0,1,0.22501451244753423,35
2269,3,4106,1776,2330,0,0,0,1.0,1,1.0,1,1.0,1,0.23785087550030953,36
2270,1,4107,1776,2331,0,0,0,1.0,1,1.0,1,1.0,1,0.2244509567367134,34
2271,5,4112,1780,2332,0,0,0,1.0,1,1.0,1,1.0,1,0.17034142121884135,34
2272,1,4113,1781,2332,0,0,0,1.0,1,1.0,1,1.0,1,0.15846725325753738,33
2273,1,4114,1782,2332,0,0,0,1.0,1,1.0,1,1.0,1,0.20517241605433603,32
2274,1,4115,1783,2332,0,0,0,1.0,1,1.0,1,1.0,1,0.18187726538470728,32
2275,1,4116,1783,2333,0,0,0,1.0,1,1.0,1,1.0,1,0.1970252088651184,32
2276,1,4117,1784,2333,0,0,0,1.0,1,1.0,1,1.0,1,0.20691112326571293,31
2277,1,4118,1785,2333,0,0,0,1.0,1,1.0,1,1.0,1,0.23586605364111568,30
2278,2,4120,1786,2334,0,0,0,1.0,1,1.0,1,1.0,1,0.2546263580401794,33
2279,0,4120,1786,2334,0,0,0,1.0,1,1.0,1,1.0,1,0.2546263580401794,33
2280,2,4122,1786,2336,0,0,0,1.0,1,1.0,1,1.0,1,0.19058094329693762,35
2281,1,4123,1786,2337,0,0,0,1.0,1,1.0,1,1.0,1,0.18247309708497841,36
2282,0,4123,1786,2337,0,0,0,1.0,1,1.0,1,1.0,1,0.18247309708497841,36
2283,1,4124,1787,2337,0,0,0,1.0,1,1.0,1,1.0,1,0.18413729187493608,36
2284,1,4125,1788,2337,0,0,0,1.0,1,1.0,1,1.0,1,0.22292368013474934,36
2285,1,4126,1788,2338,0,0,0,1.0,1,1.0,1,1.0,1,0.2084900582479579,37
2286,1,4127,1789,2338,0,0,0,1.0,1,1.0,1,1.0,1,0.24256647452390534,38
2287,1,4128,1789,2339,0,0,0,1.0,1,1.0,1,1.0,1,0.2118808266830635,38
2288,2,4130,1790,2340,0,0,0,1.0,1,1.0,1,1.0,1,0.24363679684343564,40
2289,1,4131,1790,2341,0,0,0,1.0,1,1.0,1,1.0,1,0.24156108135807422,40
2290,2,4133,1791,2342,0,0,0,1.0,1,1.0,1,1.0,1,0.24290215741265858,39
2291,2,4135,1792,2343,0,0,0,1.0,1,1.0,1,1.0,1,0.24973713753971677,37
2292,1,4136,1793,2343,0,0,0,1.0,1,1.0,1,1.0,1,0.2820674224589654,35
2293,1,4137,1794,2343,0,0,0,1.0,1,1.0,1,1.0,1,0.31579927558328746,35
2294,1,4138,1794,2344,0,0,0,1.0,1,1.0,1,1.0,1,0.2981587688642768,35
2295,1,4139,1794,2345,0,0,0,1.0,1,1.0,1,1.0,1,0.3038085282577278,36
2296,2,4141,1794,2347,0,0,0,1.0,1,1.0,1,1.0,1,0.3073495118090666,34
2297,0,4141,1794,2347,0,0,0,1.0,1,1.0,1,1.0,1,0.3270932313304281,35
2298,0,4141,1794,2347,0,0,0,1.0,1,1.0,1,1.0,1,0.3196772207263143,34
2299,1,4142,1795,2347,0,0,0,1.0,1,1.0,1,1.0,1,0.31108367498839284,35
2300,1,4143,1796,2347,0,0,0,1.0,1,1.0,1,1.0,1,0.32088507040904585,35
2301,1,4144,1796,2348,0,0,0,1.0,1,1.0,1,1.0,1,0.3048940485986605,35
2302,4,4148,1799,2349,0,0,0,1.0,1,1.0,1,1.0,1,0.3925049262140277,37
2303,2,4150,1800,2350,0,0,0,1.0,1,1.0,1,1.0,1,0.3065100176491506,35
2304,1,4151,1801,2350,0,0,0,1.0,1,1.0,1,1.0,1,0.353157843646109,36
2305,0,4151,1801,2350,0,0,0,1.0,1,1.0,1,1.0,1,0.3680149303807897,34
2306,1,4152,1801,2351,0,0,0,1.0,1,1.0,1,1.0,1,0.3475477543874155,35
2307,2,4154,1801,2353,0,0,0,1.0,1,1.0,1,1.0,1,0.32196531313310484,35
2308,0,4154,1801,2353,0,0,0,1.0,1,1.0,1,1.0,1,0.32196531313310484,35
2309,1,4155,1801,2354,0,0,0,1.0,1,1.0,1,1.0,1,0.31802352035776377,34
2310,2,4157,1801,2356,0,0,0,1.0,1,1.0,1,1.0,1,0.30302554120919184,36
2311,3,4160,1801,2359,0,0,0,1.0,1,1.0,1,1.0,1,0.2595772326320115,38
2312,2,4162,1803,2359,0,0,0,1.0,1,1.0,1,1.0,1,0.3178533719276304,39
2313,4,4166,1805,2361,0,0,0,1.0,1,1.0,1,1.0,1,0.20594721067797284,39
2314,1,4167,1805,2362,0,0,0,1.0,1,1.0,1,1.0,1,0.19323359649485686,39
2315,4,4171,1807,2364,0,0,0,1.0,1,1.0,1,1.0,1,0.20083940499438138,40
2316,1,4172,1807,2365,0,0,0,1.0,1,1.0,1,1.0,1,0.1675492882516095,40
2317,2,4174,1808,2366,0,0,0,1.0,1,1.0,1,1.0,1,0.20949740913593326,41
2318,1,4175,1809,2366,0,0,0,1.0,1,1.0,1,1.0,1,0.21575947654811395,41
2319,2,4177,1809,2368,0,0,0,1.0,1,1.0,1,1.0,1,0.1769278209845074,41
2320,0,4177,1809,2368,0,0,0,1.0,1,1.0,1,1.0,1,0.1984841458532496,42
2321,0,4177,1809,2368,0,0,0,1.0,1,1.0,1,1.0,1,0.1780534069136062,43
2322,1,4178,1809,2369,0,0,0,1.0,1,1.0,1,1.0,1,0.15784598678662667,42
2323,2,4180,1810,2370,0,0,0,1.0,1,1.0,1,1.0,1,0.217552095655997,43
2324,3,4183,1810,2373,0,0,0,1.0,1,1.0,1,1.0,1,0.21588093156163865,44
2325,0,4183,1810,2373,0,0,0,1.0,1,1.0,1,1.0,1,0.21588093156163865,44
2326,0,4183,1810,2373,0,0,0,1.0,1,1.0,1,1.0,1,0.19623162967451463,45
2327,0,4183,1810,2373,0,0,0,1.0,1,1.0,1,1.0,1,0.19623162967451463,45
2328,2,4185,1812,2373,0,0,0,1.0,1,1.0,1,1.0,1,0.23046183076613294,46
2329,0,4185,1812,2373,0,0,0,1.0,1,1.0,1,1.0,1,0.22502951971296498,45
2330,1,4186,1813,2373,0,0,0,1.0,1,1.0,1,1.0,1,0.25236239316009973,47
2331,0,4186,1813,2373,0,0,0,1.0,1,1.0,1,1.0,1,0.25693481542166685,48
2332,0,4186,1813,2373,0,0,0,1.0,1,1.0,1,1.0,1,0.25693481542166685,48
2333,1,4187,1813,2374,0,0,0,1.0,1,1.0,1,1.0,1,0.25967258601025134,49
2334,1,4188,1814,2374,0,0,0,1.0,1,1.0,1,1.0,1,0.28070856360543744,47
2335,1,4189,1815,2374,0,0,0,1.0,1,1.0,1,1.0,1,0.3240169385705142,46
2336,3,4192,1815,2377,0,0,0,1.0,1,1.0,1,1.0,1,0.2995696788893963,46
2337,1,4193,1815,2378,0,0,0,1.0,1,1.0,1,1.0,1,0.31609163475362106,45
2338,3,4196,1818,2378,0,0,0,1.0,1,1.0,1,1.0,1,0.29280224611150085,44
2339,1,4197,1819,2378,0,0,0,1.0,1,1.0,1,1.0,1,0.28630452358212805,45
2340,1,4198,1820,2378,0,0,0,1.0,1,1.0,1,1.0,1,0.28668481284111413,44
2341,4,4202,1820,2382,0,0,0,1.0,1,1.0,1,1.0,1,0.20572675013175423,45
2342,2,4204,1822,2382,0,0,0,1.0,1,1.0,1,1.0,1,0.208027429847285,47
2343,1,4205,1823,2382,0,0,0,1.0,1,1.0,1,1.0,1,0.22022905145733676,46
2344,3,4208,1824,2384,0,0,0,1.0,1,1.0,1,1.0,1,0.2079764761650975,46
2345,0,4208,1824,2384,0,0,0,1.0,1,1.0,1,1.0,1,0.21312065641374572,45
2346,0,4208,1824,2384,0,0,0,1.0,1,1.0,1,1.0,1,0.2085256993773737,46
2347,0,4208,1824,2384,0,0,0,1.0,1,1.0,1,1.0,1,0.22319006251030576,47
2348,3,4211,1825,2386,0,0,0,1.0,1,1.0,1,1.0,1,0.2233247604078603,49
2349,1,4212,1826,2386,0,0,0,1.0,1,1.0,1,1.0,1,0.2402495189457158,49
2350,4,4216,1827,2389,0,0,0,1.0,1,1.0,1,1.0,1,0.23184030298091587,50
2351,3,4219,1828,2391,0,0,0,1.0,1,1.0,1,1.0,1,0.208183472972074,50
2352,1,4220,1828,2392,0,0,0,1.0,1,1.0,1,1.0,1,0.2061643472048902,51
2353,0,4220,1828,2392,0,0,0,1.0,1,1.0,1,1.0,1,0.2061643472048902,51
2354,1,4221,1828,2393,0,0,0,1.0,1,1.0,1,1.0,1,0.20778724320123398,51
2355,2,4223,1829,2394,0,0,0,1.0,1,1.0,1,1.0,1,0.21038405480639524,50
2356,1,4224,1829,2395,0,0,0,1.0,1,1.0,1,1.0,1,0.1965604132055021,50
2357,1,4225,1830,2395,0,0,0,1.0,1,1.0,1,1.0,1,0.20430671102705059,49
2358,1,4226,1830,2396,0,0,0,1.0,1,1.0,1,1.0,1,0.21698692526108052,51
2359,1,4227,1830,2397,0,0,0,1.0,1,1.0,1,1.0,1,0.20119551690579163,51
2360,1,4228,1831,2397,0,0,0,1.0,1,1.0,1,1.0,1,0.23273530826097372,51
2361,2,4230,1832,2398,0,0,0,1.0,1,1.0,1,1.0,1,0.2523721934606657,52
2362,2,4232,1832,2400,0,0,0,1.0,1,1.0,1,1.0,1,0.2120198975349912,53
2363,1,4233,1832,2401,0,0,0,1.0,1,1.0,1,1.0,1,0.205906134336617,54
2364,1,4234,1832,2402,0,0,0,1.0,1,1.0,1,1.0,1,0.19540997319153303,55
2365,4,4238,1834,2404,0,0,0,1.0,1,1.0,1,1.0,1,0.165499117743049,53
2366,2,4240,1835,2405,0,0,0,1.0,1,1.0,1,1.0,1,0.1563286464863581,53
2367,2,4242,1837,2405,0,0,0,1.0,1,1.0,1,1.0,1,0.2126462061329947,51
2368,3,4245,1840,2405,0,0,0,1.0,1,1.0,1,1.0,1,0.2644608232483679,50
2369,1,4246,1841,2405,0,0,0,1.0,1,1.0,1,1.0,1,0.2948105645978177,47
2370,0,4246,1841,2405,0,0,0,1.0,1,1.0,1,1.0,1,0.3216997344266622,48
2371,9,4255,1842,2413,0,0,0,1.0,1,1.0,1,1.0,1,0.22170462374764494,49
2372,0,4255,1842,2413,0,0,0,1.0,1,1.0,1,1.0,1,0.2145314566636387,48
2373,1,4256,1843,2413,0,0,0,1.0,1,1.0,1,1.0,1,0.2297597292159022,49
2374,1,4257,1843,2414,0,0,0,1.0,1,1.0,1,1.0,1,0.21784508334868077,50
2375,2,4259,1845,2414,0,0,0,1.0,1,1.0,1,1.0,1,0.23237059477477998,50
2376,1,4260,1845,2415,0,0,0,1.0,1,1.0,1,1.0,1,0.2158899828637089,50
2377,0,4260,1845,2415,0,0,0,1.0,1,1.0,1,1.0,1,0.21884507331071845,49
2378,0,4260,1845,2415,0,0,0,1.0,1,1.0,1,1.0,1,0.21884507331071845,49
2379,5,4265,1846,2419,0,0,0,1.0,1,1.0,1,1.0,1,0.23563550925302468,50
2380,3,4268,1847,2421,0,0,0,1.0,1,1.0,1,1.0,1,0.2281251990492709,50
2381,5,4273,1848,2425,0,0,0,1.0,1,1.0,1,1.0,1,0.25243599571434094,51
2382,7,4280,1849,2431,0,0,0,1.0,1,1.0,1,1.0,1,0.24557527571403687,51
2383,3,4283,1850,2433,0,0,0,1.0,1,1.0,1,1.0,1,0.20660460107542675,52
2384,1,4284,1851,2433,0,0,0,1.0,1,1.0,1,1.0,1,0.16718856342939598,52
2385,0,4284,1851,2433,0,0,0,1.0,1,1.0,1,1.0,1,0.1821148933547927,51
2386,2,4286,1852,2434,0,0,0,1.0,1,1.0,1,1.0,1,0.18523374999804362,52
2387,1,4287,1853,2434,0,0,0,1.0,1,1.0,1,1.0,1,0.2086959211784462,49
2388,2,4289,1855,2434,0,0,0,1.0,1,1.0,1,1.0,1,0.2442443109406466,48
2389,3,4292,1858,2434,0,0,0,1.0,1,1.0,1,1.0,1,0.26565827524998653,48
2390,4,4296,1860,2436,0,0,0,1.0,1,1.0,1,1.0,1,0.23344372984638875,49
2391,4,4300,1862,2438,0,0,0,1.0,1,1.0,1,1.0,1,0.23332547380373414,48
2392,3,4303,1863,2440,0,0,0,1.0,1,1.0,1,1.0,1,0.24068998442011705,49
2393,4,4307,1864,2443,0,0,0,1.0,1,1.0,1,1.0,1,0.2157786271139687,50
2394,2,4309,1866,2443,0,0,0,1.0,1,1.0,1,1.0,1,0.2457348752102289,50
2395,0,4309,1866,2443,0,0,0,1.0,1,1.0,1,1.0,1,0.25406731559009976,49
2396,0,4309,1866,2443,0,0,0,1.0,1,1.0,1,1.0,1,0.2448644111336933,50
2397,3,4312,1869,2443,0,0,0,1.0,1,1.0,1,1.0,1,0.2924918213302442,51
2398,1,4313,1870,2443,0,0,0,1.0,1,1.0,1,1.0,1,0.28767428055026845,49
2399,0,4313,1870,2443,0,0,0,1.0,1,1.0,1,1.0,1,0.2905720124270447,50
2400,3,4316,1871,2445,0,0,0,1.0,1,1.0,1,1.0,1,0.3330500110436379,51
2401,7,4323,1871,2452,0,0,0,1.0,1,1.0,1,1.0,1,0.22193797364622847,50
2402,1,4324,1871,2453,0,0,0,1.0,1,1.0,1,1.0,1,0.207512145618806,51
2403,2,4326,1872,2454,0,0,0,1.0,1,1.0,1,1.0,1,0.21503148963786736,52
2404,3,4329,1872,2457,0,0,0,1.0,1,1.0,1,1.0,1,0.21078368324058652,53
2405,1,4330,1873,2457,0,0,0,1.0,1,1.0,1,1.0,1,0.22326027098476003,52
2406,3,4333,1875,2458,0,0,0,1.0,1,1.0,1,1.0,1,0.23156777082566332,52
2407,2,4335,1876,2459,0,0,0,1.0,1,1.0,1,1.0,1,0.2670854281483527,51
2408,1,4336,1876,2460,0,0,0,1.0,1,1.0,1,1.0,1,0.2365403923970294,50
2409,0,4336,1876,2460,0,0,0,1.0,1,1.0,1,1.0,1,0.2399654238067413,50
2410,1,4337,1877,2460,0,0,0,1.0,1,1.0,1,1.0,1,0.2685909641341328,49
2411,0,4337,1877,2460,0,0,0,1.0,1,1.0,1,1.0,1,0.2831736544594571,48
2412,1,4338,1877,2461,0,0,0,1.0,1,1.0,1,1.0,1,0.2759014131283718,47
2413,0,4338,1877,2461,0,0,0,1.0,1,1.0,1,1.0,1,0.256641285068944,47
2414,6,4344,1879,2465,0,0,0,1.0,1,1.0,1,1.0,1,0.31404020158652163,47
2415,4,4348,1879,2469,0,0,0,1.0,1,1.0,1,1.0,1,0.3193410819369391,46
2416,3,4351,1879,2472,0,0,0,1.0,1,1.0,1,1.0,1,0.2552020479024896,47
2417,2,4353,1880,2473,0,0,0,1.0,1,1.0,1,1.0,1,0.268816637672986,46
2418,4,4357,1881,2476,0,0,0,1.0,1,1.0,1,1.0,1,0.27969797110691236,48
2419,1,4358,1881,2477,0,0,0,1.0,1,1.0,1,1.0,1,0.26904394830922146,47
2420,0,4358,1881,2477,0,0,0,1.0,1,1.0,1,1.0,1,0.25504724019060937,49
2421,3,4361,1882,2479,0,0,0,1.0,1,1.0,1,1.0,1,0.22712156139801853,50
2422,3,4364,1883,2481,0,0,0,1.0,1,1.0,1,1.0,1,0.19191781267248145,50
2423,0,4364,1883,2481,0,0,0,1.0,1,1.0,1,1.0,1,0.19717620152330215,51
2424,3,4367,1886,2481,0,0,0,1.0,1,1.0,1,1.0,1,0.1972123871840705,50
2425,0,4367,1886,2481,0,0,0,1.0,1,1.0,1,1.0,1,0.20296343678880674,48
2426,5,4372,1891,2481,0,0,0,1.0,1,1.0,1,1.0,1,0.22934501323359754,51
2427,1,4373,1892,2481,0,0,0,1.0,1,1.0,1,1.0,1,0.23120137869230753,50
2428,3,4376,1893,2483,0,0,0,1.0,1,1.0,1,1.0,1,0.18250778145015556,49
2429,2,4378,1895,2483,0,0,0,1.0,1,1.0,1,1.0,1,0.2346293813103541,49
2430,0,4378,1895,2483,0,0,0,1.0,1,1.0,1,1.0,1,0.2417733417261608,46
2431,3,4381,1896,2485,0,0,0,1.0,1,1.0,1,1.0,1,0.2303194291524563,45
2432,1,4382,1897,2485,0,0,0,1.0,1,1.0,1,1.0,1,0.30339185690749965,44
2433,0,4382,1897,2485,0,0,0,1.0,1,1.0,1,1.0,1,0.27867343700434694,45
2434,3,4385,1898,2487,0,0,0,1.0,1,1.0,1,1.0,1,0.2739420705463057,44
2435,2,4387,1898,2489,0,0,0,1.0,1,1.0,1,1.0,1,0.2310330399471142,44
2436,1,4388,1898,2490,0,0,0,1.0,1,1.0,1,1.0,1,0.20233744569454581,44
2437,1,4389,1899,2490,0,0,0,1.0,1,1.0,1,1.0,1,0.22276936412818302,45
2438,1,4390,1900,2490,0,0,0,1.0,1,1.0,1,1.0,1,0.2474356485948163,45
2439,1,4391,1900,2491,0,0,0,1.0,1,1.0,1,1.0,1,0.2271462170118558,46
2440,0,4391,1900,2491,0,0,0,1.0,1,1.0,1,1.0,1,0.24119860738049004,45
2441,5,4396,1901,2495,0,0,0,1.0,1,1.0,1,1.0,1,0.2256954850885916,45
2442,1,4397,1901,2496,0,0,0,1.0,1,1.0,1,1.0,1,0.21231172458117586,46
2443,1,4398,1901,2497,0,0,0,1.0,1,1.0,1,1.0,1,0.2540521537360645,45
2444,8,4406,1906,2500,0,0,0,1.0,1,1.0,1,1.0,1,0.32914082412454315,46
2445,2,4408,1907,2501,0,0,0,1.0,1,1.0,1,1.0,1,0.3600833095340229,44
2446,6,4414,1909,2505,0,0,0,1.0,1,1.0,1,1.0,1,0.2746421286063426,44
2447,3,4417,1911,2506,0,0,0,1.0,1,1.0,1,1.0,1,0.2703872815738668,42
2448,4,4421,1914,2507,0,0,0,1.0,1,1.0,1,1.0,1,0.254203891982623,41
2449,3,4424,1915,2509,0,0,0,1.0,1,1.0,1,1.0,1,0.24641282882752927,40
2450,0,4424,1915,2509,0,0,0,1.0,1,1.0,1,1.0,1,0.22872899705876862,42
2451,0,4424,1915,2509,0,0,0,1.0,1,1.0,1,1.0,1,0.2232469686379464,43
2452,0,4424,1915,2509,0,0,0,1.0,1,1.0,1,1.0,1,0.2232469686379464,43
2453,0,4424,1915,2509,0,0,0,1.0,1,1.0,1,1.0,1,0.24072487440602014,45
2454,4,4428,1918,2510,0,0,0,1.0,1,1.0,1,1.0,1,0.26970161844701035,47
2455,0,4428,1918,2510,0,0,0,1.0,1,1.0,1,1.0,1,0.2658075847255432,48
2456,1,4429,1919,2510,0,0,0,1.0,1,1.0,1,1.0,1,0.29884417666346036,49
2457,3,4432,1920,2512,0,0,0,1.0,1,1.0,1,1.0,1,0.3087188929683377,48
2458,0,4432,1920,2512,0,0,0,1.0,1,1.0,1,1.0,1,0.29545471903072706,49
2459,1,4433,1920,2513,0,0,0,1.0,1,1.0,1,1.0,1,0.2904279820596922,49
2460,3,4436,1921,2515,0,0,0,1.0,1,1.0,1,1.0,1,0.2868978723489239,50
2461,1,4437,1921,2516,0,0,0,1.0,1,1.0,1,1.0,1,0.2733753517262201,50
2462,5,4442,1924,2518,0,0,0,1.0,1,1.0,1,1.0,1,0.2880258882606137,51
2463,2,4444,1924,2520,0,0,0,1.0,1,1.0,1,1.0,1,0.25251120838272345,51
2464,2,4446,1926,2520,0,0,0,1.0,1,1.0,1,1.0,1,0.238625354840844,50
2465,1,4447,1926,2521,0,0,0,1.0,1,1.0,1,1.0,1,0.2145634592576602,49
2466,2,4449,1926,2523,0,0,0,1.0,1,1.0,1,1.0,1,0.18085189460007503,49
2467,0,4449,1926,2523,0,0,0,1.0,1,1.0,1,1.0,1,0.2147145375422574,48
2468,3,4452,1929,2523,0,0,0,1.0,1,1.0,1,1.0,1,0.20822494317367687,47
2469,1,4453,1930,2523,0,0,0,1.0,1,1.0,1,1.0,1,0.2039136399111389,46
2470,1,4454,1931,2523,0,0,0,1.0,1,1.0,1,1.0,1,0.23389892095747247,44
2471,1,4455,1932,2523,0,0,0,1.0,1,1.0,1,1.0,1,0.2589050934444048,44
2472,0,4455,1932,2523,0,0,0,1.0,1,1.0,1,1.0,1,0.2836586344184864,44
2473,1,4456,1933,2523,0,0,0,1.0,1,1.0,1,1.0,1,0.29280406579632656,43
2474,2,4458,1935,2523,0,0,0,1.0,1,1.0,1,1.0,1,0.33093686379209486,44
2475,3,4461,1936,2525,0,0,0,1.0,1,1.0,1,1.0,1,0.3053761677778397,46
2476,8,4469,1937,2532,0,0,0,1.0,1,1.0,1,1.0,1,0.17632198256785017,46
2477,3,4472,1938,2534,0,0,0,1.0,1,1.0,1,1.0,1,0.1770979713652947,46
2478,1,4473,1938,2535,0,0,0,1.0,1,1.0,1,1.0,1,0.160526175313322,46
2479,2,4475,1938,2537,0,0,0,1.0,1,1.0,1,1.0,1,0.16103878992276383,46
2480,2,4477,1939,2538,0,0,0,1.0,1,1.0,1,1.0,1,0.1932729332386487,47
2481,2,4479,1940,2539,0,0,0,1.0,1,1.0,1,1.0,1,0.19170382691602475,47
2482,2,4481,1941,2540,0,0,0,1.0,1,1.0,1,1.0,1,0.23051265944266214,45
2483,1,4482,1941,2541,0,0,0,1.0,1,1.0,1,1.0,1,0.22490333742763338,45
2484,3,4485,1943,2542,0,0,0,1.0,1,1.0,1,1.0,1,0.3063437112880796,46
2485,4,4489,1944,2545,0,0,0,1.0,1,1.0,1,1.0,1,0.2628813370305411,44
2486,1,4490,1944,2546,0,0,0,1.0,1,1.0,1,1.0,1,0.2427855812647866,43
2487,2,4492,1945,2547,0,0,0,1.0,1,1.0,1,1.0,1,0.2838777212579901,44
2488,5,4497,1948,2549,0,0,0,1.0,1,1.0,1,1.0,1,0.30168187740494906,45
2489,1,4498,1948,2550,0,0,0,1.0,1,1.0,1,1.0,1,0.3142944926246423,44
2490,4,4502,1950,2552,0,0,0,1.0,1,1.0,1,1.0,1,0.3335255125768014,44
2491,3,4505,1952,2553,0,0,0,1.0,1,1.0,1,1.0,1,0.27787699391851983,44
2492,1,4506,1953,2553,0,0,0,1.0,1,1.0,1,1.0,1,0.2797956384419591,44
2493,0,4506,1953,2553,0,0,0,1.0,1,1.0,1,1.0,1,0.2981201709956835,42
2494,0,4506,1953,2553,0,0,0,1.0,1,1.0,1,1.0,1,0.2981201709956835,42
2495,0,4506,1953,2553,0,0,0,1.0,1,1.0,1,1.0,1,0.2978729271989229,42
2496,1,4507,1954,2553,0,0,0,1.0,1,1.0,1,1.0,1,0.3265914395146939,42
2497,0,4507,1954,2553,0,0,0,1.0,1,1.0,1,1.0,1,0.33926276445135706,44
2498,3,4510,1955,2555,0,0,0,1.0,1,1.0,1,1.0,1,0.33112903245171066,43
2499,0,4510,1955,2555,0,0,0,1.0,1,1.0,1,1.0,1,0.33112903245171066,43
2500,2,4512,1956,2556,0,0,0,1.0,1,1.0,1,1.0,1,0.27636417182109363,44
2501,2,4514,1956,2558,0,0,0,1.0,1,1.0,1,1.0,1,0.2508727287262635,46
2502,4,4518,1958,2560,0,0,0,1.0,1,1.0,1,1.0,1,0.23995027751748063,47
2503,1,4519,1958,2561,0,0,0,1.0,1,1.0,1,1.0,1,0.2277403712525354,47
2504,1,4520,1959,2561,0,0,0,1.0,1,1.0,1,1.0,1,0.25905799189116585,46
2505,5,4525,1963,2562,0,0,0,1.0,1,1.0,1,1.0,1,0.2639985311813365,46
2506,7,4532,1965,2567,0,0,0,1.0,1,1.0,1,1.0,1,0.22007588159860053,45
2507,2,4534,1966,2568,0,0,0,1.0,1,1.0,1,1.0,1,0.2220984057258846,45
2508,3,4537,1967,2570,0,0,0,1.0,1,1.0,1,1.0,1,0.19248192757842797,46
2509,1,4538,1968,2570,0,0,0,1.0,1,1.0,1,1.0,1,0.20796808188328486,45
2510,1,4539,1969,2570,0,0,0,1.0,1,1.0,1,1.0,1,0.21453684924825353,46
2511,0,4539,1969,2570,0,0,0,1.0,1,1.0,1,1.0,1,0.19412779069219477,47
2512,0,4539,1969,2570,0,0,0,1.0,1,1.0,1,1.0,1,0.2101366030190556,47
2513,3,4542,1971,2571,0,0,0,1.0,1,1.0,1,1.0,1,0.18272025239998785,48
2514,2,4544,1972,2572,0,0,0,1.0,1,1.0,1,1.0,1,0.21388636515783044,48
2515,1,4545,1972,2573,0,0,0,1.0,1,1.0,1,1.0,1,0.21310760025059305,49
2516,3,4548,1973,2575,0,0,0,1.0,1,1.0,1,1.0,1,0.22403846321470516,49
2517,0,4548,1973,2575,0,0,0,1.0,1,1.0,1,1.0,1,0.24385119902746275,49
2518,2,4550,1974,2576,0,0,0,1.0,1,1.0,1,1.0,1,0.2810166432812877,48
2519,1,4551,1975,2576,0,0,0,1.0,1,1.0,1,1.0,1,0.3024399031732015,48
2520,0,4551,1975,2576,0,0,0,1.0,1,1.0,1,1.0,1,0.30107376200153085,46
2521,3,4554,1977,2577,0,0,0,1.0,1,1.0,1,1.0,1,0.27541781414587646,47
2522,2,4556,1979,2577,0,0,0,1.0,1,1.0,1,1.0,1,0.33935762117611945,45
2523,2,4558,1980,2578,0,0,0,1.0,1,1.0,1,1.0,1,0.33087457146385324,44
2524,0,4558,1980,2578,0,0,0,1.0,1,1.0,1,1.0,1,0.349905034882627,42
2525,0,4558,1980,2578,0,0,0,1.0,1,1.0,1,1.0,1,0.3817965786284873,42
2526,1,4559,1980,2579,0,0,0,1.0,1,1.0,1,1.0,1,0.3502561664065949,41
2527,0,4559,1980,2579,0,0,0,1.0,1,1.0,1,1.0,1,0.3502561664065949,41
2528,0,4559,1980,2579,0,0,0,1.0,1,1.0,1,1.0,1,0.3875004784861732,41
2529,0,4559,1980,2579,0,0,0,1.0,1,1.0,1,1.0,1,0.388408267446908,42
2530,1,4560,1980,2580,0,0,0,1.0,1,1.0,1,1.0,1,0.3538597416091304,41
2531,0,4560,1980,2580,0,0,0,1.0,1,1.0,1,1.0,1,0.3538597416091304,41
2532,0,4560,1980,2580,0,0,0,1.0,1,1.0,1,1.0,1,0.362873784664886,43
2533,0,4560,1980,2580,0,0,0,1.0,1,1.0,1,1.0,1,0.362873784664886,43
2534,0,4560,1980,2580,0,0,0,1.0,1,1.0,1,1.0,1,0.362873784664886,43
2535,2,4562,1982,2580,0,0,0,1.0,1,1.0,1,1.0,1,0.4004015301657285,44
2536,6,4568,1982,2586,0,0,0,1.0,1,1.0,1,1.0,1,0.37153113971048235,44
2537,1,4569,1982,2587,0,0,0,1.0,1,1.0,1,1.0,1,0.3556848783654123,45
2538,2,4571,1982,2589,0,0,0,1.0,1,1.0,1,1.0,1,0.3266215531314269,48
2539,2,4573,1983,2590,0,0,0,1.0,1,1.0,1,1.0,1,0.3222972131412472,48
2540,3,4576,1984,2592,0,0,0,1.0,1,1.0,1,1.0,1,0.2860043264779481,50
2541,4,4580,1985,2595,0,0,0,1.0,1,1.0,1,1.0,1,0.3032235514991245,52
2542,6,4586,1987,2599,0,0,0,1.0,1,1.0,1,1.0,1,0.25632665196161936,52
2543,4,4590,1989,2601,0,0,0,1.0,1,1.0,1,1.0,1,0.2588189468747978,51
2544,4,4594,1992,2602,0,0,0,1.0,1,1.0,1,1.0,1,0.27472095743777325,51
2545,1,4595,1992,2603,0,0,0,1.0,1,1.0,1,1.0,1,0.2378976990674256,50
2546,2,4597,1994,2603,0,0,0,1.0,1,1.0,1,1.0,1,0.23768608161051416,50
2547,3,4600,1995,2605,0,0,0,1.0,1,1.0,1,1.0,1,0.2563462905302819,47
2548,0,4600,1995,2605,0,0,0,1.0,1,1.0,1,1.0,1,0.2509376472998884,46
2549,5,4605,1999,2606,0,0,0,1.0,1,1.0,1,1.0,1,0.2681537568493586,46
2550,2,4607,2001,2606,0,0,0,1.0,1,1.0,1,1.0,1,0.264027906877674,44
2551,3,4610,2002,2608,0,0,0,1.0,1,1.0,1,1.0,1,0.21514963670694903,43
2552,0,4610,2002,2608,0,0,0,1.0,1,1.0,1,1.0,1,0.2549557371495213,43
2553,0,4610,2002,2608,0,0,0,1.0,1,1.0,1,1.0,1,0.2607515308656313,44
2554,2,4612,2004,2608,0,0,0,1.0,1,1.0,1,1.0,1,0.31205352868418,45
2555,1,4613,2004,2609,0,0,0,1.0,1,1.0,1,1.0,1,0.29805685298115353,44
2556,1,4614,2004,2610,0,0,0,1.0,1,1.0,1,1.0,1,0.26391017003774525,44
2557,1,4615,2005,2610,0,0,0,1.0,1,1.0,1,1.0,1,0.3207941737657048,41
2558,0,4615,2005,2610,0,0,0,1.0,1,1.0,1,1.0,1,0.32454328381315173,40
2559,1,4616,2005,2611,0,0,0,1.0,1,1.0,1,1.0,1,0.3025471280009725,41
2560,0,4616,2005,2611,0,0,0,1.0,1,1.0,1,1.0,1,0.3025471280009725,41
2561,0,4616,2005,2611,0,0,0,1.0,1,1.0,1,1.0,1,0.3140546693748347,43
2562,2,4618,2006,2612,0,0,0,1.0,1,1.0,1,1.0,1,0.32151750250984434,44
2563,0,4618,2006,2612,0,0,0,1.0,1,1.0,1,1.0,1,0.32151750250984434,44
2564,1,4619,2007,2612,0,0,0,1.0,1,1.0,1,1.0,1,0.32956914478794086,44
2565,2,4621,2009,2612,0,0,0,1.0,1,1.0,1,1.0,1,0.3382629182575073,45
2566,5,4626,2010,2616,0,0,0,1.0,1,1.0,1,1.0,1,0.29740807397582725,46
2567,2,4628,2011,2617,0,0,0,1.0,1,1.0,1,1.0,1,0.3055976474192819,48
2568,3,4631,2013,2618,0,0,0,1.0,1,1.0,1,1.0,1,0.30780565925044673,48
2569,0,4631,2013,2618,0,0,0,1.0,1,1.0,1,1.0,1,0.32239318997886723,49
2570,0,4631,2013,2618,0,0,0,1.0,1,1.0,1,1.0,1,0.32644439263937736,48
2571,2,4633,2013,2620,0,0,0,1.0,1,1.0,1,1.0,1,0.30346422137369944,48
2572,0,4633,2013,2620,0,0,0,1.0,1,1.0,1,1.0,1,0.28594611974722783,49
2573,0,4633,2013,2620,0,0,0,1.0,1,1.0,1,1.0,1,0.287028029791448,50
2574,1,4634,2013,2621,0,0,0,1.0,1,1.0,1,1.0,1,0.30676394180165956,49
2575,0,4634,2013,2621,0,0,0,1.0,1,1.0,1,1.0,1,0.30793606641016036,48
2576,0,4634,2013,2621,0,0,0,1.0,1,1.0,1,1.0,1,0.30793606641016036,48
2577,2,4636,2013,2623,0,0,0,1.0,1,1.0,1,1.0,1,0.3103169534839147,50
2578,1,4637,2014,2623,0,0,0,1.0,1,1.0,1,1.0,1,0.3144364379330978,50
2579,4,4641,2015,2626,0,0,0,1.0,1,1.0,1,1.0,1,0.2796862290339329,51
2580,0,4641,2015,2626,0,0,0,1.0,1,1.0,1,1.0,1,0.2929162140491256,52
2581,4,4645,2015,2630,0,0,0,1.0,1,1.0,1,1.0,1,0.2578625699342084,51
2582,1,4646,2016,2630,0,0,0,1.0,1,1.0,1,1.0,1,0.2756687712891545,51
2583,0,4646,2016,2630,0,0,0,1.0,1,1.0,1,1.0,1,0.27687009493275305,51
2584,7,4653,2019,2634,0,0,0,1.0,1,1.0,1,1.0,1,0.22696934392496473,51
2585,0,4653,2019,2634,0,0,0,1.0,1,1.0,1,1.0,1,0.21278169208860176,50
2586,3,4656,2022,2634,0,0,0,1.0,1,1.0,1,1.0,1,0.23744743512400673,50
2587,2,4658,2023,2635,0,0,0,1.0,1,1.0,1,1.0,1,0.2051773011177496,48
2588,3,4661,2024,2637,0,0,0,1.0,1,1.0,1,1.0,1,0.18539648970855271,50
2589,3,4664,2026,2638,0,0,0,1.0,1,1.0,1,1.0,1,0.14783641797525054,48
2590,0,4664,2026,2638,0,0,0,1.0,1,1.0,1,1.0,1,0.15199655542570978,47
2591,1,4665,2027,2638,0,0,0,1.0,1,1.0,1,1.0,1,0.16604101034341995,47
2592,1,4666,2028,2638,0,0,0,1.0,1,1.0,1,1.0,1,0.1903051245884501,47
2593,1,4667,2029,2638,0,0,0,1.0,1,1.0,1,1.0,1,0.2276511833029832,47
2594,5,4672,2033,2639,0,0,0,1.0,1,1.0,1,1.0,1,0.2174733677559977,49
2595,2,4674,2033,2641,0,0,0,1.0,1,1.0,1,1.0,1,0.17861170246387897,48
2596,2,4676,2034,2642,0,0,0,1.0,1,1.0,1,1.0,1,0.17034376234544155,47
2597,2,4678,2036,2642,0,0,0,1.0,1,1.0,1,1.0,1,0.18750404850826236,48
2598,2,4680,2038,2642,0,0,0,1.0,1,1.0,1,1.0,1,0.19425632755975225,48
2599,1,4681,2039,2642,0,0,0,1.0,1,1.0,1,1.0,1,0.19182487395957662,49
2600,2,4683,2040,2643,0,0,0,1.0,1,1.0,1,1.0,1,0.20051607410734162,52
2601,4,4687,2042,2645,0,0,0,1.0,1,1.0,1,1.0,1,0.2242396396958126,51
2602,0,4687,2042,2645,0,0,0,1.0,1,1.0,1,1.0,1,0.22029589669703595,52
2603,1,4688,2042,2646,0,0,0,1.0,1,1.0,1,1.0,1,0.2280921767276031,53
2604,1,4689,2042,2647,0,0,0,1.0,1,1.0,1,1.0,1,0.2121989257655018,53
2605,0,4689,2042,2647,0,0,0,1.0,1,1.0,1,1.0,1,0.23658508073749462,52
2606,1,4690,2042,2648,0,0,0,1.0,1,1.0,1,1.0,1,0.2127900973068749,52
2607,0,4690,2042,2648,0,0,0,1.0,1,1.0,1,1.0,1,0.22805703265798247,52
2608,1,4691,2042,2649,0,0,0,1.0,1,1.0,1,1.0,1,0.21536758979830103,52
2609,1,4692,2042,2650,0,0,0,1.0,1,1.0,1,1.0,1,0.1846251026905703,53
2610,1,4693,2043,2650,0,0,0,1.0,1,1.0,1,1.0,1,0.19921248041981582,54
2611,2,4695,2044,2651,0,0,0,1.0,1,1.0,1,1.0,1,0.1908695888621672,54
2612,4,4699,2046,2653,0,0,0,1.0,1,1.0,1,1.0,1,0.17026532476157025,56
2613,4,4703,2048,2655,0,0,0,1.0,1,1.0,1,1.0,1,0.1372341916877371,56
2614,1,4704,2049,2655,0,0,0,1.0,1,1.0,1,1.0,1,0.1536212265921274,56
2615,2,4706,2050,2656,0,0,0,1.0,1,1.0,1,1.0,1,0.15056816267101036,57
2616,2,4708,2050,2658,0,0,0,1.0,1,1.0,1,1.0,1,0.08356344431435181,57
2617,2,4710,2051,2659,0,0,0,1.0,1,1.0,1,1.0,1,0.06901249435013393,58
2618,0,4710,2051,2659,0,0,0,1.0,1,1.0,1,1.0,1,0.06901249435013393,58
2619,0,4710,2051,2659,0,0,0,1.0,1,1.0,1,1.0,1,0.08291303042477619,58
2620,1,4711,2052,2659,0,0,0,1.0,1,1.0,1,1.0,1,0.09422382840230253,60
2621,0,4711,2052,2659,0,0,0,1.0,1,1.0,1,1.0,1,0.11105290147464192,59
2622,3,4714,2054,2660,0,0,0,1.0,1,1.0,1,1.0,1,0.1286957269417258,60
2623,4,4718,2055,2663,0,0,0,1.0,1,1.0,1,1.0,1,0.1180148595649755,59
2624,5,4723,2060,2663,0,0,0,1.0,1,1.0,1,1.0,1,0.17030514118060947,58
2625,2,4725,2061,2664,0,0,0,1.0,1,1.0,1,1.0,1,0.18384874311870514,58
2626,3,4728,2063,2665,0,0,0,1.0,1,1.0,1,1.0,1,0.18527097131158124,57
2627,0,4728,2063,2665,0,0,0,1.0,1,1.0,1,1.0,1,0.1705922049602488,55
2628,2,4730,2065,2665,0,0,0,1.0,1,1.0,1,1.0,1,0.18744139331683693,55
2629,0,4730,2065,2665,0,0,0,1.0,1,1.0,1,1.0,1,0.188466517287307,54
2630,3,4733,2067,2666,0,0,0,1.0,1,1.0,1,1.0,1,0.23100851165291156,55
2631,3,4736,2068,2668,0,0,0,1.0,1,1.0,1,1.0,1,0.20196420525241846,55
2632,1,4737,2069,2668,0,0,0,1.0,1,1.0,1,1.0,1,0.22438418645828487,55
2633,1,4738,2070,2668,0,0,0,1.0,1,1.0,1,1.0,1,0.23513377930481008,53
2634,1,4739,2071,2668,0,0,0,1.0,1,1.0,1,1.0,1,0.2514092617634481,52
2635,1,4740,2071,2669,0,0,0,1.0,1,1.0,1,1.0,1,0.2420228642495764,52
2636,5,4745,2073,2672,0,0,0,1.0,1,1.0,1,1.0,1,0.22539391201566947,51
2637,1,4746,2074,2672,0,0,0,1.0,1,1.0,1,1.0,1,0.22051002709343617,50
2638,3,4749,2076,2673,0,0,0,1.0,1,1.0,1,1.0,1,0.25135449499689855,48
2639,0,4749,2076,2673,0,0,0,1.0,1,1.0,1,1.0,1,0.2576570905633294,48
2640,3,4752,2079,2673,0,0,0,1.0,1,1.0,1,1.0,1,0.2555738215503265,46
2641,8,4760,2081,2679,0,0,0,1.0,1,1.0,1,1.0,1,0.1822974965406525,46
2642,8,4768,2085,2683,0,0,0,1.0,1,1.0,1,1.0,1,0.12442529486851317,47
2643,1,4769,2086,2683,0,0,0,1.0,1,1.0,1,1.0,1,0.12690872547136772,45
2644,3,4772,2089,2683,0,0,0,1.0,1,1.0,1,1.0,1,0.23890342939117268,44
2645,1,4773,2090,2683,0,0,0,1.0,1,1.0,1,1.0,1,0.22536493754178571,42
2646,4,4777,2092,2685,0,0,0,1.0,1,1.0,1,1.0,1,0.27365567780475,43
2647,0,4777,2092,2685,0,0,0,1.0,1,1.0,1,1.0,1,0.2670210039407366,40
2648,1,4778,2093,2685,0,0,0,1.0,1,1.0,1,1.0,1,0.21251931512593067,41
2649,1,4779,2093,2686,0,0,0,1.0,1,1.0,1,1.0,1,0.2094624265367191,43
2650,0,4779,2093,2686,0,0,0,1.0,1,1.0,1,1.0,1,0.24814419693351175,43
2651,1,4780,2094,2686,0,0,0,1.0,1,1.0,1,1.0,1,0.2370676146346449,44
2652,1,4781,2095,2686,0,0,0,1.0,1,1.0,1,1.0,1,0.20580238826542568,44
2653,0,4781,2095,2686,0,0,0,1.0,1,1.0,1,1.0,1,0.20580238826542568,44
2654,3,4784,2096,2688,0,0,0,1.0,1,1.0,1,1.0,1,0.18092018101444657,45
2655,1,4785,2097,2688,0,0,0,1.0,1,1.0,1,1.0,1,0.17457925675442867,45
2656,1,4786,2098,2688,0,0,0,1.0,1,1.0,1,1.0,1,0.14059112851824543,45
2657,0,4786,2098,2688,0,0,0,1.0,1,1.0,1,1.0,1,0.1599775552830197,45
2658,2,4788,2099,2689,0,0,0,1.0,1,1.0,1,1.0,1,0.17083245652606194,47
2659,0,4788,2099,2689,0,0,0,1.0,1,1.0,1,1.0,1,0.19504810870655429,46
2660,1,4789,2100,2689,0,0,0,1.0,1,1.0,1,1.0,1,0.2115217554198311,46
2661,1,4790,2101,2689,0,0,0,1.0,1,1.0,1,1.0,1,0.22087166601908576,46
2662,6,4796,2103,2693,0,0,0,1.0,1,1.0,1,1.0,1,0.14993540603809705,47
2663,4,4800,2106,2694,0,0,0,1.0,1,1.0,1,1.0,1,0.1681389771101543,46
2664,2,4802,2107,2695,0,0,0,1.0,1,1.0,1,1.0,1,0.14586557975008166,45
2665,0,4802,2107,2695,0,0,0,1.0,1,1.0,1,1.0,1,0.15504099295512996,47
2666,4,4806,2111,2695,0,0,0,1.0,1,1.0,1,1.0,1,0.1899851825973797,47
2667,3,4809,2113,2696,0,0,0,1.0,1,1.0,1,1.0,1,0.2265380124484957,45
2668,1,4810,2114,2696,0,0,0,1.0,1,1.0,1,1.0,1,0.2280111305021558,45
2669,1,4811,2115,2696,0,0,0,1.0,1,1.0,1,1.0,1,0.24708016188253362,45
2670,3,4814,2118,2696,0,0,0,1.0,1,1.0,1,1.0,1,0.25914075535710984,45
2671,5,4819,2120,2699,0,0,0,1.0,1,1.0,1,1.0,1,0.18727941322281844,41
2672,2,4821,2121,2700,0,0,0,1.0,1,1.0,1,1.0,1,0.21665988783335546,40
2673,1,4822,2122,2700,0,0,0,1.0,1,1.0,1,1.0,1,0.20825782486726016,39
2674,3,4825,2124,2701,0,0,0,1.0,1,1.0,1,1.0,1,0.2872403378086322,37
2675,0,4825,2124,2701,0,0,0,1.0,1,1.0,1,1.0,1,0.24907905840377556,35
2676,4,4829,2125,2704,0,0,0,1.0,1,1.0,1,1.0,1,0.29606633979943564,34
2677,2,4831,2126,2705,0,0,0,1.0,1,1.0,1,1.0,1,0.29833018705149744,32
2678,2,4833,2127,2706,0,0,0,1.0,1,1.0,1,1.0,1,0.3117565504119938,33
2679,0,4833,2127,2706,0,0,0,1.0,1,1.0,1,1.0,1,0.3207524640469518,33
2680,4,4837,2130,2707,0,0,0,1.0,1,1.0,1,1.0,1,0.360271836692213,33
2681,1,4838,2130,2708,0,0,0,1.0,1,1.0,1,1.0,1,0.2759376141606721,32
2682,1,4839,2131,2708,0,0,0,1.0,1,1.0,1,1.0,1,0.3018595924700203,32
2683,1,4840,2132,2708,0,0,0,1.0,1,1.0,1,1.0,1,0.2717455169351379,32
2684,1,4841,2133,2708,0,0,0,1.0,1,1.0,1,1.0,1,0.30265478634385834,31
2685,1,4842,2134,2708,0,0,0,1.0,1,1.0,1,1.0,1,0.32896160589839535,30
2686,2,4844,2134,2710,0,0,0,1.0,1,1.0,1,1.0,1,0.26724850557579416,29
2687,0,4844,2134,2710,0,0,0,1.0,1,1.0,1,1.0,1,0.25597573633932097,28
2688,0,4844,2134,2710,0,0,0,1.0,1,1.0,1,1.0,1,0.25597573633932097,28
2689,1,4845,2134,2711,0,0,0,1.0,1,1.0,1,1.0,1,0.2799313706301108,29
2690,2,4847,2135,2712,0,0,0,1.0,1,1.0,1,1.0,1,0.29507991806750505,29
2691,3,4850,2137,2713,0,0,0,1.0,1,1.0,1,1.0,1,0.25946290177090303,29
2692,3,4853,2137,2716,0,0,0,1.0,1,1.0,1,1.0,1,0.19948632676638509,31
2693,2,4855,2139,2716,0,0,0,1.0,1,1.0,1,1.0,1,0.23800763907461844,32
2694,2,4857,2140,2717,0,0,0,1.0,1,1.0,1,1.0,1,0.2642364898161844,32
2695,0,4857,2140,2717,0,0,0,1.0,1,1.0,1,1.0,1,0.24507392453021556,33
2696,0,4857,2140,2717,0,0,0,1.0,1,1.0,1,1.0,1,0.24507392453021556,33
2697,2,4859,2142,2717,0,0,0,1.0,1,1.0,1,1.0,1,0.3138588860108229,34
2698,2,4861,2144,2717,0,0,0,1.0,1,1.0,1,1.0,1,0.2688119928095491,34
2699,2,4863,2145,2718,0,0,0,1.0,1,1.0,1,1.0,1,0.22432924718751865,36
2700,2,4865,2145,2720,0,0,0,1.0,1,1.0,1,1.0,1,0.23324353111726726,36
2701,2,4867,2145,2722,0,0,0,1.0,1,1.0,1,1.0,1,0.17852190156837283,36
2702,1,4868,2146,2722,0,0,0,1.0,1,1.0,1,1.0,1,0.1463733840115307,36
2703,1,4869,2147,2722,0,0,0,1.0,1,1.0,1,1.0,1,0.17062272982542115,38
2704,2,4871,2148,2723,0,0,0,1.0,1,1.0,1,1.0,1,0.1952955014728917,37
2705,3,4874,2150,2724,0,0,0,1.0,1,1.0,1,1.0,1,0.22835642157955968,36
2706,1,4875,2151,2724,0,0,0,1.0,1,1.0,1,1.0,1,0.2682344412032012,34
2707,0,4875,2151,2724,0,0,0,1.0,1,1.0,1,1.0,1,0.25040820735302216,36
2708,4,4879,2154,2725,0,0,0,1.0,1,1.0,1,1.0,1,0.29529523244644085,36
2709,0,4879,2154,2725,0,0,0,1.0,1,1.0,1,1.0,1,0.2657348595363708,33
2710,2,4881,2156,2725,0,0,0,1.0,1,1.0,1,1.0,1,0.346546158435472,32
2711,1,4882,2157,2725,0,0,0,1.0,1,1.0,1,1.0,1,0.329787189654995,29
2712,0,4882,2157,2725,0,0,0,1.0,1,1.0,1,1.0,1,0.3855446955552568,28
2713,2,4884,2158,2726,0,0,0,1.0,1,1.0,1,1.0,1,0.4349055351441468,28
2714,2,4886,2159,2727,0,0,0,1.0,1,1.0,1,1.0,1,0.5009172526316582,25
2715,3,4889,2160,2729,0,0,0,1.0,1,1.0,1,1.0,1,0.3910701246483732,24
2716,5,4894,2162,2732,0,0,0,1.0,1,1.0,1,1.0,1,0.33975766667132823,23
2717,1,4895,2162,2733,0,0,0,1.0,1,1.0,1,1.0,1,0.2851167196202219,24
2718,0,4895,2162,2733,0,0,0,1.0,1,1.0,1,1.0,1,0.2851167196202219,24
2719,0,4895,2162,2733,0,0,0,1.0,1,1.0,1,1.0,1,0.30127688668512326,25
2720,2,4897,2164,2733,0,0,0,1.0,1,1.0,1,1.0,1,0.2629001159939811,25
2721,2,4899,2166,2733,0,0,0,1.0,1,1.0,1,1.0,1,0.33432483541936164,26
2722,1,4900,2167,2733,0,0,0,1.0,1,1.0,1,1.0,1,0.3788444269115487,26
2723,2,4902,2168,2734,0,0,0,1.0,1,1.0,1,1.0,1,0.3039817072735148,26
2724,1,4903,2169,2734,0,0,0,1.0,1,1.0,1,1.0,1,0.3193663780548867,27
2725,0,4903,2169,2734,0,0,0,1.0,1,1.0,1,1.0,1,0.3193663780548867,27
2726,1,4904,2169,2735,0,0,0,1.0,1,1.0,1,1.0,1,0.27410278142114997,28
2727,0,4904,2169,2735,0,0,0,1.0,1,1.0,1,1.0,1,0.26194540375110487,29
2728,0,4904,2169,2735,0,0,0,1.0,1,1.0,1,1.0,1,0.25110750750633976,28
2729,0,4904,2169,2735,0,0,0,1.0,1,1.0,1,1.0,1,0.25110750750633976,28
2730,0,4904,2169,2735,0,0,0,1.0,1,1.0,1,1.0,1,0.25548057709097727,29
2731,2,4906,2170,2736,0,0,0,1.0,1,1.0,1,1.0,1,0.2236127883960845,30
2732,0,4906,2170,2736,0,0,0,1.0,1,1.0,1,1.0,1,0.23944891305929042,29
2733,0,4906,2170,2736,0,0,0,1.0,1,1.0,1,1.0,1,0.23944891305929042,29
2734,0,4906,2170,2736,0,0,0,1.0,1,1.0,1,1.0,1,0.23944891305929042,29
2735,1,4907,2171,2736,0,0,0,1.0,1,1.0,1,1.0,1,0.2990946751686988,29
2736,1,4908,2171,2737,0,0,0,1.0,1,1.0,1,1.0,1,0.30596044248185245,30
2737,0,4908,2171,2737,0,0,0,1.0,1,1.0,1,1.0,1,0.30596044248185245,30
2738,3,4911,2174,2737,0,0,0,1.0,1,1.0,1,1.0,1,0.34279205188701667,29
2739,1,4912,2174,2738,0,0,0,1.0,1,1.0,1,1.0,1,0.35085737109428705,30
2740,0,4912,2174,2738,0,0,0,1.0,1,1.0,1,1.0,1,0.3810180344093674,29
2741,1,4913,2175,2738,0,0,0,1.0,1,1.0,1,1.0,1,0.3533461870374842,29
2742,3,4916,2177,2739,0,0,0,1.0,1,1.0,1,1.0,1,0.4002392420562186,29
2743,3,4919,2178,2741,0,0,0,1.0,1,1.0,1,1.0,1,0.41363889840570234,30
2744,6,4925,2180,2745,0,0,0,1.0,1,1.0,1,1.0,1,0.47809412727467004,28
2745,0,4925,2180,2745,0,0,0,1.0,1,1.0,1,1.0,1,0.47498500913112923,27
2746,5,4930,2181,2749,0,0,0,1.0,1,1.0,1,1.0,1,0.36454800940914145,26
2747,1,4931,2182,2749,0,0,0,1.0,1,1.0,1,1.0,1,0.37673122993615593,22
2748,0,4931,2182,2749,0,0,0,1.0,1,1.0,1,1.0,1,0.4158685819119139,22
2749,0,4931,2182,2749,0,0,0,1.0,1,1.0,1,1.0,1,0.4712451395055088,20
2750,0,4931,2182,2749,0,0,0,1.0,1,1.0,1,1.0,1,0.48616458072327745,17
2751,0,4931,2182,2749,0,0,0,1.0,1,1.0,1,1.0,1,0.48616458072327745,17
2752,0,4931,2182,2749,0,0,0,1.0,1,1.0,1,1.0,1,0.48326025187482397,16
2753,1,4932,2182,2750,0,0,0,1.0,1,1.0,1,1.0,1,0.39375153044461375,16
2754,0,4932,2182,2750,0,0,0,1.0,1,1.0,1,1.0,1,0.39375153044461375,16
2755,1,4933,2183,2750,0,0,0,1.0,1,1.0,1,1.0,1,0.44780916340424226,16
2756,0,4933,2183,2750,0,0,0,1.0,1,1.0,1,1.0,1,0.47340423182706726,17
2757,2,4935,2183,2752,0,0,0,1.0,1,1.0,1,1.0,1,0.3780684504017242,18
2758,0,4935,2183,2752,0,0,0,1.0,1,1.0,1,1.0,1,0.3780684504017242,18
2759,0,4935,2183,2752,0,0,0,1.0,1,1.0,1,1.0,1,0.40087913105661505,19
2760,0,4935,2183,2752,0,0,0,1.0,1,1.0,1,1.0,1,0.36480750522867617,18
2761,0,4935,2183,2752,0,0,0,1.0,1,1.0,1,1.0,1,0.36480750522867617,18
2762,0,4935,2183,2752,0,0,0,1.0,1,1.0,1,1.0,1,0.36480750522867617,18
2763,0,4935,2183,2752,0,0,0,1.0,1,1.0,1,1.0,1,0.36480750522867617,18
2764,0,4935,2183,2752,0,0,0,1.0,1,1.0,1,1.0,1,0.36480750522867617,18
2765,1,4936,2184,2752,0,0,0,1.0,1,1.0,1,1.0,1,0.36870969727013225,18
2766,0,4936,2184,2752,0,0,0,1.0,1,1.0,1,1.0,1,0.36870969727013225,18
2767,0,4936,2184,2752,0,0,0,1.0,1,1.0,1,1.0,1,0.4251506809202003,17
2768,0,4936,2184,2752,0,0,0,1.0,1,1.0,1,1.0,1,0.4251506809202003,17
2769,0,4936,2184,2752,0,0,0,1.0,1,1.0,1,1.0,1,0.4251506809202003,17
2770,0,4936,2184,2752,0,0,0,1.0,1,1.0,1,1.0,1,0.4251506809202003,17
2771,0,4936,2184,2752,0,0,0,1.0,1,1.0,1,1.0,1,0.4251506809202003,17
2772,0,4936,2184,2752,0,0,0,1.0,1,1.0,1,1.0,1,0.4251506809202003,17
2773,1,4937,2185,2752,0,0,0,1.0,1,1.0,1,1.0,1,0.4905889565732102,17
2774,1,4938,2185,2753,0,0,0,1.0,1,1.0,1,1.0,1,0.40716951654854505,18
2775,2,4940,2187,2753,0,0,0,1.0,1,1.0,1,1.0,1,0.4003687839460093,20
2776,0,4940,2187,2753,0,0,0,1.0,1,1.0,1,1.0,1,0.37919663743518606,21
2777,0,4940,2187,2753,0,0,0,1.0,1,1.0,1,1.0,1,0.37919663743518606,21
2778,4,4944,2189,2755,0,0,0,1.0,1,1.0,1,1.0,1,0.43071730082714377,21
2779,2,4946,2190,2756,0,0,0,1.0,1,1.0,1,1.0,1,0.44171875995045257,22
2780,2,4948,2191,2757,0,0,0,1.0,1,1.0,1,1.0,1,0.5024321293635269,22
2781,3,4951,2191,2760,0,0,0,1.0,1,1.0,1,1.0,1,0.4054235354773331,22
2782,1,4952,2192,2760,0,0,0,1.0,1,1.0,1,1.0,1,0.39696085544237814,23
2783,0,4952,2192,2760,0,0,0,1.0,1,1.0,1,1.0,1,0.37479285444480387,22
2784,1,4953,2192,2761,0,0,0,1.0,1,1.0,1,1.0,1,0.3082000832340991,21
2785,0,4953,2192,2761,0,0,0,1.0,1,1.0,1,1.0,1,0.27967864456662184,19
2786,1,4954,2193,2761,0,0,0,1.0,1,1.0,1,1.0,1,0.3073446088885302,19
2787,0,4954,2193,2761,0,0,0,1.0,1,1.0,1,1.0,1,0.2988487702356434,20
2788,1,4955,2194,2761,0,0,0,1.0,1,1.0,1,1.0,1,0.32312276008043933,20
2789,0,4955,2194,2761,0,0,0,1.0,1,1.0,1,1.0,1,0.33329122934920946,19
2790,0,4955,2194,2761,0,0,0,1.0,1,1.0,1,1.0,1,0.32306339260852174,20
2791,0,4955,2194,2761,0,0,0,1.0,1,1.0,1,1.0,1,0.32306339260852174,20
2792,0,4955,2194,2761,0,0,0,1.0,1,1.0,1,1.0,1,0.32306339260852174,20
2793,0,4955,2194,2761,0,0,0,1.0,1,1.0,1,1.0,1,0.36231375183546877,19
2794,0,4955,2194,2761,0,0,0,1.0,1,1.0,1,1.0,1,0.38214942221120796,20
2795,0,4955,2194,2761,0,0,0,1.0,1,1.0,1,1.0,1,0.3974434377398254,21
2796,0,4955,2194,2761,0,0,0,1.0,1,1.0,1,1.0,1,0.379311590354273,22
2797,0,4955,2194,2761,0,0,0,1.0,1,1.0,1,1.0,1,0.39894531435011515,21
2798,1,4956,2195,2761,0,0,0,1.0,1,1.0,1,1.0,1,0.4457146354952952,21
2799,0,4956,2195,2761,0,0,0,1.0,1,1.0,1,1.0,1,0.42709834260186724,20
2800,0,4956,2195,2761,0,0,0,1.0,1,1.0,1,1.0,1,0.42709834260186724,20
2801,0,4956,2195,2761,0,0,0,1.0,1,1.0,1,1.0,1,0.42709834260186724,20
2802,1,4957,2195,2762,0,0,0,1.0,1,1.0,1,1.0,1,0.37431586615879164,20
2803,1,4958,2195,2763,0,0,0,1.0,1,1.0,1,1.0,1,0.3390355258984285,21
2804,1,4959,2195,2764,0,0,0,1.0,1,1.0,1,1.0,1,0.3134386425086334,22
2805,1,4960,2196,2764,0,0,0,1.0,1,1.0,1,1.0,1,0.3098846580777012,22
2806,2,4962,2197,2765,0,0,0,1.0,1,1.0,1,1.0,1,0.31037341059496915,23
2807,2,4964,2199,2765,0,0,0,1.0,1,1.0,1,1.0,1,0.3619760192781457,24
2808,2,4966,2201,2765,0,0,0,1.0,1,1.0,1,1.0,1,0.39108507437187917,24
2809,4,4970,2201,2769,0,0,0,1.0,1,1.0,1,1.0,1,0.2739417486269009,26
2810,0,4970,2201,2769,0,0,0,1.0,1,1.0,1,1.0,1,0.24654246744797334,26
2811,0,4970,2201,2769,0,0,0,1.0,1,1.0,1,1.0,1,0.2205894520450251,27
2812,0,4970,2201,2769,0,0,0,1.0,1,1.0,1,1.0,1,0.2205894520450251,27
2813,0,4970,2201,2769,0,0,0,1.0,1,1.0,1,1.0,1,0.19213099210880188,28
2814,2,4972,2203,2769,0,0,0,1.0,1,1.0,1,1.0,1,0.2482687512434403,29
2815,1,4973,2203,2770,0,0,0,1.0,1,1.0,1,1.0,1,0.22187135751073728,30
2816,1,4974,2204,2770,0,0,0,1.0,1,1.0,1,1.0,1,0.1975420121860056,31
2817,0,4974,2204,2770,0,0,0,1.0,1,1.0,1,1.0,1,0.1975420121860056,31
2818,1,4975,2205,2770,0,0,0,1.0,1,1.0,1,1.0,1,0.22053150085815443,32
2819,0,4975,2205,2770,0,0,0,1.0,1,1.0,1,1.0,1,0.22053150085815443,32
2820,0,4975,2205,2770,0,0,0,1.0,1,1.0,1,1.0,1,0.22316126775841422,33
2821,1,4976,2205,2771,0,0,0,1.0,1,1.0,1,1.0,1,0.22838474410173865,34
2822,1,4977,2206,2771,0,0,0,1.0,1,1.0,1,1.0,1,0.21092641722308358,35
2823,1,4978,2207,2771,0,0,0,1.0,1,1.0,1,1.0,1,0.2145777357845759,31
2824,3,4981,2209,2772,0,0,0,1.0,1,1.0,1,1.0,1,0.2880706650937427,33
2825,0,4981,2209,2772,0,0,0,1.0,1,1.0,1,1.0,1,0.25487402353769323,31
2826,1,4982,2210,2772,0,0,0,1.0,1,1.0,1,1.0,1,0.2933310721004635,31
2827,2,4984,2212,2772,0,0,0,1.0,1,1.0,1,1.0,1,0.2880091666733429,32
2828,4,4988,2214,2774,0,0,0,1.0,1,1.0,1,1.0,1,0.3685297871756038,33
2829,2,4990,2214,2776,0,0,0,1.0,1,1.0,1,1.0,1,0.31936696612108095,33
2830,0,4990,2214,2776,0,0,0,1.0,1,1.0,1,1.0,1,0.33243335491111425,32
2831,3,4993,2215,2778,0,0,0,1.0,1,1.0,1,1.0,1,0.3742270497061898,31
2832,3,4996,2216,2780,0,0,0,1.0,1,1.0,1,1.0,1,0.3855406607703709,30
2833,2,4998,2217,2781,0,0,0,1.0,1,1.0,1,1.0,1,0.4022986259852555,29
2834,3,5001,2220,2781,0,0,0,1.0,1,1.0,1,1.0,1,0.44321384978241696,29
2835,4,5005,2221,2784,0,0,0,1.0,1,1.0,1,1.0,1,0.5257770583521246,27
2836,10,5015,2222,2793,0,0,0,1.0,1,1.0,1,1.0,1,0.3127993087201721,27
2837,1,5016,2222,2794,0,0,0,1.0,1,1.0,1,1.0,1,0.2837605954102031,28
2838,0,5016,2222,2794,0,0,0,1.0,1,1.0,1,1.0,1,0.28399059825724754,29
2839,2,5018,2222,2796,0,0,0,1.0,1,1.0,1,1.0,1,0.27436979153540647,29
2840,1,5019,2222,2797,0,0,0,1.0,1,1.0,1,1.0,1,0.24028971861009576,29
2841,3,5022,2222,2800,0,0,0,1.0,1,1.0,1,1.0,1,0.19313060282609937,31
2842,1,5023,2222,2801,0,0,0,1.0,1,1.0,1,1.0,1,0.22150661573944078,32
2843,1,5024,2222,2802,0,0,0,1.0,1,1.0,1,1.0,1,0.2107767126537564,32
2844,4,5028,2222,2806,0,0,0,1.0,1,1.0,1,1.0,1,0.17769464221368844,33
2845,3,5031,2223,2808,0,0,0,1.0,1,1.0,1,1.0,1,0.20050209503206884,34
2846,2,5033,2223,2810,0,0,0,1.0,1,1.0,1,1.0,1,0.20282109214907437,34
2847,4,5037,2223,2814,0,0,0,1.0,1,1.0,1,1.0,1,0.15748013400998498,35
2848,4,5041,2224,2817,0,0,0,1.0,1,1.0,1,1.0,1,0.1755888789631823,37
2849,1,5042,2224,2818,0,0,0,1.0,1,1.0,1,1.0,1,0.18293272458942578,37
2850,2,5044,2224,2820,0,0,0,1.0,1,1.0,1,1.0,1,0.18293272458942578,37
2851,2,5046,2225,2821,0,0,0,1.0,1,1.0,1,1.0,1,0.16343495338413913,38
2852,0,5046,2225,2821,0,0,0,1.0,1,1.0,1,1.0,1,0.20456232712597394,36
2853,0,5046,2225,2821,0,0,0,1.0,1,1.0,1,1.0,1,0.24301581652157522,36
2854,1,5047,2225,2822,0,0,0,1.0,1,1.0,1,1.0,1,0.255737919223917,37
2855,0,5047,2225,2822,0,0,0,1.0,1,1.0,1,1.0,1,0.2992248269279371,37
2856,1,5048,2225,2823,0,0,0,1.0,1,1.0,1,1.0,1,0.25992681089133773,38
2857,0,5048,2225,2823,0,0,0,1.0,1,1.0,1,1.0,1,0.27333141232214625,39
2858,3,5051,2226,2825,0,0,0,1.0,1,1.0,1,1.0,1,0.2781260539030555,39
2859,1,5052,2226,2826,0,0,0,1.0,1,1.0,1,1.0,1,0.2697959646436168,39
2860,3,5055,2228,2827,0,0,0,1.0,1,1.0,1,1.0,1,0.2779227529524033,40
2861,1,5056,2229,2827,0,0,0,1.0,1,1.0,1,1.0,1,0.24741148538071192,38
2862,8,5064,2235,2829,0,0,0,1.0,1,1.0,1,1.0,1,0.3045327426117124,38
2863,1,5065,2236,2829,0,0,0,1.0,1,1.0,1,1.0,1,0.3037872902996546,37
2864,2,5067,2237,2830,0,0,0,1.0,1,1.0,1,1.0,1,0.3498050532251302,35
2865,2,5069,2238,2831,0,0,0,1.0,1,1.0,1,1.0,1,0.3802310632697114,33
2866,4,5073,2240,2833,0,0,0,1.0,1,1.0,1,1.0,1,0.291096738427175,31
2867,3,5076,2242,2834,0,0,0,1.0,1,1.0,1,1.0,1,0.34992007340102355,30
2868,4,5080,2244,2836,0,0,0,1.0,1,1.0,1,1.0,1,0.3579423887304222,31
2869,4,5084,2246,2838,0,0,0,1.0,1,1.0,1,1.0,1,0.3881680498228369,30
2870,0,5084,2246,2838,0,0,0,1.0,1,1.0,1,1.0,1,0.4093518842356406,26
2871,1,5085,2246,2839,0,0,0,1.0,1,1.0,1,1.0,1,0.3807113509873229,27
2872,2,5087,2247,2840,0,0,0,1.0,1,1.0,1,1.0,1,0.32874001571783046,25
2873,0,5087,2247,2840,0,0,0,1.0,1,1.0,1,1.0,1,0.33949463900790183,24
2874,0,5087,2247,2840,0,0,0,1.0,1,1.0,1,1.0,1,0.2870154418053027,25
2875,0,5087,2247,2840,0,0,0,1.0,1,1.0,1,1.0,1,0.3081547429928106,26
2876,1,5088,2247,2841,0,0,0,1.0,1,1.0,1,1.0,1,0.24578705662528458,28
2877,0,5088,2247,2841,0,0,0,1.0,1,1.0,1,1.0,1,0.24950172249439842,29
2878,0,5088,2247,2841,0,0,0,1.0,1,1.0,1,1.0,1,0.2502944150115456,31
2879,0,5088,2247,2841,0,0,0,1.0,1,1.0,1,1.0,1,0.2502944150115456,31
2880,1,5089,2248,2841,0,0,0,1.0,1,1.0,1,1.0,1,0.16620727598886165,32
2881,1,5090,2248,2842,0,0,0,1.0,1,1.0,1,1.0,1,0.14581411980525363,31
2882,0,5090,2248,2842,0,0,0,1.0,1,1.0,1,1.0,1,0.14581411980525363,31
2883,1,5091,2249,2842,0,0,0,1.0,1,1.0,1,1.0,1,0.20089751380868084,32
2884,2,5093,2250,2843,0,0,0,1.0,1,1.0,1,1.0,1,0.22624105201284156,32
2885,1,5094,2250,2844,0,0,0,1.0,1,1.0,1,1.0,1,0.2068888210274501,33
2886,3,5097,2252,2845,0,0,0,1.0,1,1.0,1,1.0,1,0.18317383037129023,34
2887,1,5098,2252,2846,0,0,0,1.0,1,1.0,1,1.0,1,0.17497726557025498,34
2888,1,5099,2253,2846,0,0,0,1.0,1,1.0,1,1.0,1,0.20279556200330065,34
2889,0,5099,2253,2846,0,0,0,1.0,1,1.0,1,1.0,1,0.20893051853588382,37
2890,0,5099,2253,2846,0,0,0,1.0,1,1.0,1,1.0,1,0.20893051853588382,37
2891,2,5101,2255,2846,0,0,0,1.0,1,1.0,1,1.0,1,0.2902637038340721,37
2892,0,5101,2255,2846,0,0,0,1.0,1,1.0,1,1.0,1,0.2902637038340721,37
2893,3,5104,2257,2847,0,0,0,1.0,1,1.0,1,1.0,1,0.2995646327716547,38
2894,1,5105,2257,2848,0,0,0,1.0,1,1.0,1,1.0,1,0.2971870165787638,39
2895,2,5107,2258,2849,0,0,0,1.0,1,1.0,1,1.0,1,0.27022030763183436,40
2896,4,5111,2259,2852,0,0,0,1.0,1,1.0,1,1.0,1,0.22789443486584754,41
2897,3,5114,2260,2854,0,0,0,1.0,1,1.0,1,1.0,1,0.20796892547483692,41
2898,1,5115,2261,2854,0,0,0,1.0,1,1.0,1,1.0,1,0.2645787443403254,41
2899,1,5116,2261,2855,0,0,0,1.0,1,1.0,1,1.0,1,0.27354765863328245,39
2900,5,5121,2263,2858,0,0,0,1.0,1,1.0,1,1.0,1,0.3195916798741598,40
2901,0,5121,2263,2858,0,0,0,1.0,1,1.0,1,1.0,1,0.28900132560849173,40
2902,3,5124,2264,2860,0,0,0,1.0,1,1.0,1,1.0,1,0.2981569333923145,38
2903,0,5124,2264,2860,0,0,0,1.0,1,1.0,1,1.0,1,0.2690322530899915,36
2904,2,5126,2265,2861,0,0,0,1.0,1,1.0,1,1.0,1,0.30887390296075334,36
2905,2,5128,2266,2862,0,0,0,1.0,1,1.0,1,1.0,1,0.28947511156290817,35
2906,0,5128,2266,2862,0,0,0,1.0,1,1.0,1,1.0,1,0.30484560949518785,36
2907,1,5129,2267,2862,0,0,0,1.0,1,1.0,1,1.0,1,0.32512542643157094,37
2908,2,5131,2267,2864,0,0,0,1.0,1,1.0,1,1.0,1,0.3098076124970583,38
2909,0,5131,2267,2864,0,0,0,1.0,1,1.0,1,1.0,1,0.3074121218587297,37
2910,0,5131,2267,2864,0,0,0,1.0,1,1.0,1,1.0,1,0.31937071898463715,37
2911,1,5132,2267,2865,0,0,0,1.0,1,1.0,1,1.0,1,0.310134609304758,36
2912,2,5134,2269,2865,0,0,0,1.0,1,1.0,1,1.0,1,0.3542565459262302,36
2913,3,5137,2270,2867,0,0,0,1.0,1,1.0,1,1.0,1,0.3246411304671327,36
2914,1,5138,2271,2867,0,0,0,1.0,1,1.0,1,1.0,1,0.35347593936310623,38
2915,0,5138,2271,2867,0,0,0,1.0,1,1.0,1,1.0,1,0.34178818408756223,37
2916,2,5140,2272,2868,0,0,0,1.0,1,1.0,1,1.0,1,0.29655351834058225,39
2917,5,5145,2273,2872,0,0,0,1.0,1,1.0,1,1.0,1,0.2198737309408704,40
2918,3,5148,2275,2873,0,0,0,1.0,1,1.0,1,1.0,1,0.23484882952085603,40
2919,1,5149,2276,2873,0,0,0,1.0,1,1.0,1,1.0,1,0.22521154451547185,42
2920,0,5149,2276,2873,0,0,0,1.0,1,1.0,1,1.0,1,0.22521154451547185,42
2921,0,5149,2276,2873,0,0,0,1.0,1,1.0,1,1.0,1,0.22521154451547185,42
2922,0,5149,2276,2873,0,0,0,1.0,1,1.0,1,1.0,1,0.1971421901375481,43
2923,4,5153,2276,2877,0,0,0,1.0,1,1.0,1,1.0,1,0.17168777729991208,45
2924,1,5154,2277,2877,0,0,0,1.0,1,1.0,1,1.0,1,0.17214209992631532,46
2925,0,5154,2277,2877,0,0,0,1.0,1,1.0,1,1.0,1,0.17214209992631532,46
2926,2,5156,2277,2879,0,0,0,1.0,1,1.0,1,1.0,1,0.1375060763451982,46
2927,1,5157,2278,2879,0,0,0,1.0,1,1.0,1,1.0,1,0.14994299315224846,48
2928,1,5158,2279,2879,0,0,0,1.0,1,1.0,1,1.0,1,0.18325377430677714,48
2929,1,5159,2279,2880,0,0,0,1.0,1,1.0,1,1.0,1,0.17250630988206153,48
2930,2,5161,2279,2882,0,0,0,1.0,1,1.0,1,1.0,1,0.19244638369035696,50
2931,3,5164,2280,2884,0,0,0,1.0,1,1.0,1,1.0,1,0.19634063641595736,51
2932,3,5167,2280,2887,0,0,0,1.0,1,1.0,1,1.0,1,0.1890301731233291,52
2933,0,5167,2280,2887,0,0,0,1.0,1,1.0,1,1.0,1,0.1946702976494946,53
2934,2,5169,2281,2888,0,0,0,1.0,1,1.0,1,1.0,1,0.22609882425172856,54
2935,2,5171,2282,2889,0,0,0,1.0,1,1.0,1,1.0,1,0.2268808839961204,53
2936,1,5172,2282,2890,0,0,0,1.0,1,1.0,1,1.0,1,0.22923450484721372,53
2937,1,5173,2282,2891,0,0,0,1.0,1,1.0,1,1.0,1,0.2376578846286546,51
2938,4,5177,2284,2893,0,0,0,1.0,1,1.0,1,1.0,1,0.27930189544145834,53
2939,7,5184,2284,2900,0,0,0,1.0,1,1.0,1,1.0,1,0.2537988931117651,52
2940,3,5187,2285,2902,0,0,0,1.0,1,1.0,1,1.0,1,0.27908309736797365,52
2941,2,5189,2285,2904,0,0,0,1.0,1,1.0,1,1.0,1,0.23392708953094632,50
2942,1,5190,2286,2904,0,0,0,1.0,1,1.0,1,1.0,1,0.25501792951145724,50
2943,2,5192,2287,2905,0,0,0,1.0,1,1.0,1,1.0,1,0.2345613163668235,49
2944,2,5194,2287,2907,0,0,0,1.0,1,1.0,1,1.0,1,0.2017817117980598,48
2945,2,5196,2288,2908,0,0,0,1.0,1,1.0,1,1.0,1,0.19693600868845743,48
2946,2,5198,2289,2909,0,0,0,1.0,1,1.0,1,1.0,1,0.1773874826604255,47
2947,0,5198,2289,2909,0,0,0,1.0,1,1.0,1,1.0,1,0.16578130676499736,47
2948,1,5199,2290,2909,0,0,0,1.0,1,1.0,1,1.0,1,0.1612986347125002,48
2949,2,5201,2290,2911,0,0,0,1.0,1,1.0,1,1.0,1,0.1622281705955933,48
2950,2,5203,2292,2911,0,0,0,1.0,1,1.0,1,1.0,1,0.1621689358299864,48
2951,1,5204,2292,2912,0,0,0,1.0,1,1.0,1,1.0,1,0.15631863087697717,50
2952,0,5204,2292,2912,0,0,0,1.0,1,1.0,1,1.0,1,0.15631863087697717,50
2953,0,5204,2292,2912,0,0,0,1.0,1,1.0,1,1.0,1,0.1758062758295314,51
2954,0,5204,2292,2912,0,0,0,1.0,1,1.0,1,1.0,1,0.1758062758295314,51
2955,1,5205,2292,2913,0,0,0,1.0,1,1.0,1,1.0,1,0.15753309475449065,51
2956,2,5207,2292,2915,0,0,0,1.0,1,1.0,1,1.0,1,0.11736515104590585,51
2957,0,5207,2292,2915,0,0,0,1.0,1,1.0,1,1.0,1,0.12626684570403723,52
2958,1,5208,2292,2916,0,0,0,1.0,1,1.0,1,1.0,1,0.11377469608404406,52
2959,1,5209,2293,2916,0,0,0,1.0,1,1.0,1,1.0,1,0.15242042792185218,53
2960,0,5209,2293,2916,0,0,0,1.0,1,1.0,1,1.0,1,0.14018516959479402,52
2961,1,5210,2294,2916,0,0,0,1.0,1,1.0,1,1.0,1,0.1289825921346537,53
2962,1,5211,2295,2916,0,0,0,1.0,1,1.0,1,1.0,1,0.13731226844099245,54
2963,3,5214,2297,2917,0,0,0,1.0,1,1.0,1,1.0,1,0.16933036190434106,55
2964,1,5215,2297,2918,0,0,0,1.0,1,1.0,1,1.0,1,0.16958183778201236,55
2965,0,5215,2297,2918,0,0,0,1.0,1,1.0,1,1.0,1,0.18365259796245798,55
2966,1,5216,2298,2918,0,0,0,1.0,1,1.0,1,1.0,1,0.1726901951751377,55
2967,3,5219,2298,2921,0,0,0,1.0,1,1.0,1,1.0,1,0.18149578895835647,56
2968,1,5220,2298,2922,0,0,0,1.0,1,1.0,1,1.0,1,0.17629149981563375,56
2969,1,5221,2299,2922,0,0,0,1.0,1,1.0,1,1.0,1,0.18703471641866176,55
2970,2,5223,2299,2924,0,0,0,1.0,1,1.0,1,1.0,1,0.19409842902518654,57
2971,4,5227,2302,2925,0,0,0,1.0,1,1.0,1,1.0,1,0.17904760920454954,56
2972,1,5228,2303,2925,0,0,0,1.0,1,1.0,1,1.0,1,0.20752267896371412,57
2973,1,5229,2304,2925,0,0,0,1.0,1,1.0,1,1.0,1,0.21491454534082366,59
2974,1,5230,2305,2925,0,0,0,1.0,1,1.0,1,1.0,1,0.22185602445651753,60
2975,2,5232,2307,2925,0,0,0,1.0,1,1.0,1,1.0,1,0.24729369001972962,58
2976,3,5235,2308,2927,0,0,0,1.0,1,1.0,1,1.0,1,0.24348730877097313,59
2977,3,5238,2309,2929,0,0,0,1.0,1,1.0,1,1.0,1,0.23732226186065963,59
2978,2,5240,2311,2929,0,0,0,1.0,1,1.0,1,1.0,1,0.26565683881899166,58
2979,3,5243,2313,2930,0,0,0,1.0,1,1.0,1,1.0,1,0.27252896468611953,57
2980,0,5243,2313,2930,0,0,0,1.0,1,1.0,1,1.0,1,0.26647331258813944,56
2981,1,5244,2314,2930,0,0,0,1.0,1,1.0,1,1.0,1,0.2865138645968328,56
2982,1,5245,2315,2930,0,0,0,1.0,1,1.0,1,1.0,1,0.2682962246901419,57
2983,9,5254,2319,2935,0,0,0,1.0,1,1.0,1,1.0,1,0.21808390637755912,57
2984,4,5258,2321,2937,0,0,0,1.0,1,1.0,1,1.0,1,0.17516438881915095,56
2985,2,5260,2322,2938,0,0,0,1.0,1,1.0,1,1.0,1,0.21309011818953996,55
2986,9,5269,2326,2943,0,0,0,1.0,1,1.0,1,1.0,1,0.18645004295390263,55
2987,0,5269,2326,2943,0,0,0,1.0,1,1.0,1,1.0,1,0.19531750612441415,51
2988,0,5269,2326,2943,0,0,0,1.0,1,1.0,1,1.0,1,0.19321553980885314,52
2989,0,5269,2326,2943,0,0,0,1.0,1,1.0,1,1.0,1,0.20821902569598452,50
2990,2,5271,2328,2943,0,0,0,1.0,1,1.0,1,1.0,1,0.22406318561548916,50
2991,0,5271,2328,2943,0,0,0,1.0,1,1.0,1,1.0,1,0.2159329516431042,50
2992,1,5272,2329,2943,0,0,0,1.0,1,1.0,1,1.0,1,0.22159780461837122,50
2993,3,5275,2330,2945,0,0,0,1.0,1,1.0,1,1.0,1,0.23060051687278182,51
2994,4,5279,2332,2947,0,0,0,1.0,1,1.0,1,1.0,1,0.220031063688065,51
2995,1,5280,2332,2948,0,0,0,1.0,1,1.0,1,1.0,1,0.2001991186336167,51
2996,3,5283,2333,2950,0,0,0,1.0,1,1.0,1,1.0,1,0.20487945073936134,52
2997,0,5283,2333,2950,0,0,0,1.0,1,1.0,1,1.0,1,0.2259424145482966,52
2998,4,5287,2337,2950,0,0,0,1.0,1,1.0,1,1.0,1,0.24349605511001873,51
2999,0,5287,2337,2950,0,0,0,1.0,1,1.0,1,1.0,1,0.24349605511001873,51
3000,2,5289,2339,2950,0,0,0,1.0,1,1.0,1,1.0,1,0.24345200517366922,52
3001,4,5293,2339,2954,0,0,0,1.0,1,1.0,1,1.0,1,0.18310471568816583,52
3002,1,5294,2340,2954,0,0,0,1.0,1,1.0,1,1.0,1,0.21833946962135653,53
3003,0,5294,2340,2954,0,0,0,1.0,1,1.0,1,1.0,1,0.21208250537871448,54
3004,1,5295,2340,2955,0,0,0,1.0,1,1.0,1,1.0,1,0.21215637880404153,55
3005,2,5297,2340,2957,0,0,0,1.0,1,1.0,1,1.0,1,0.19652818517123288,56
3006,1,5298,2340,2958,0,0,0,1.0,1,1.0,1,1.0,1,0.19201472354424548,57
3007,0,5298,2340,2958,0,0,0,1.0,1,1.0,1,1.0,1,0.2037277617743924,58
3008,2,5300,2342,2958,0,0,0,1.0,1,1.0,1,1.0,1,0.20761641264075703,59
3009,0,5300,2342,2958,0,0,0,1.0,1,1.0,1,1.0,1,0.20761641264075703,59
3010,3,5303,2342,2961,0,0,0,1.0,1,1.0,1,1.0,1,0.19013591990020412,59
3011,1,5304,2342,2962,0,0,0,1.0,1,1.0,1,1.0,1,0.16838993094446453,59
3012,1,5305,2342,2963,0,0,0,1.0,1,1.0,1,1.0,1,0.17872171637681636,61
3013,3,5308,2343,2965,0,0,0,1.0,1,1.0,1,1.0,1,0.18485965283722028,59
3014,3,5311,2344,2967,0,0,0,1.0,1,1.0,1,1.0,1,0.19959036257190632,60
3015,5,5316,2345,2971,0,0,0,1.0,1,1.0,1,1.0,1,0.2239881961825557,58
3016,4,5320,2347,2973,0,0,0,1.0,1,1.0,1,1.0,1,0.2718400920845097,57
3017,5,5325,2350,2975,0,0,0,1.0,1,1.0,1,1.0,1,0.2839601376093696,58
3018,0,5325,2350,2975,0,0,0,1.0,1,1.0,1,1.0,1,0.30946938442779126,55
3019,2,5327,2351,2976,0,0,0,1.0,1,1.0,1,1.0,1,0.32567570819536285,56
3020,6,5333,2352,2981,0,0,0,1.0,1,1.0,1,1.0,1,0.32210013479689575,55
3021,1,5334,2352,2982,0,0,0,1.0,1,1.0,1,1.0,1,0.3220829152665962,55
3022,3,5337,2353,2984,0,0,0,1.0,1,1.0,1,1.0,1,0.31916225572039286,55
3023,1,5338,2353,2985,0,0,0,1.0,1,1.0,1,1.0,1,0.28734190041900387,54
3024,2,5340,2354,2986,0,0,0,1.0,1,1.0,1,1.0,1,0.26921552031436674,54
3025,5,5345,2357,2988,0,0,0,1.0,1,1.0,1,1.0,1,0.24956711229738712,54
3026,2,5347,2357,2990,0,0,0,1.0,1,1.0,1,1.0,1,0.2270878661425789,53
3027,2,5349,2358,2991,0,0,0,1.0,1,1.0,1,1.0,1,0.2040571935608682,53
3028,4,5353,2360,2993,0,0,0,1.0,1,1.0,1,1.0,1,0.21066494214818157,51
3029,3,5356,2361,2995,0,0,0,1.0,1,1.0,1,1.0,1,0.2470019884923686,51
3030,4,5360,2363,2997,0,0,0,1.0,1,1.0,1,1.0,1,0.26830102970023495,52
3031,4,5364,2365,2999,0,0,0,1.0,1,1.0,1,1.0,1,0.21527048536714347,51
3032,1,5365,2365,3000,0,0,0,1.0,1,1.0,1,1.0,1,0.18661942504577125,50
3033,1,5366,2366,3000,0,0,0,1.0,1,1.0,1,1.0,1,0.20507019460351447,52
3034,0,5366,2366,3000,0,0,0,1.0,1,1.0,1,1.0,1,0.20474996325017056,51
3035,1,5367,2366,3001,0,0,0,1.0,1,1.0,1,1.0,1,0.17055087398299124,51
3036,2,5369,2366,3003,0,0,0,1.0,1,1.0,1,1.0,1,0.15357345338455164,53
3037,0,5369,2366,3003,0,0,0,1.0,1,1.0,1,1.0,1,0.15573991107801538,52
3038,1,5370,2366,3004,0,0,0,1.0,1,1.0,1,1.0,1,0.14820338577699377,52
3039,0,5370,2366,3004,0,0,0,1.0,1,1.0,1,1.0,1,0.1458836815312626,54
3040,0,5370,2366,3004,0,0,0,1.0,1,1.0,1,1.0,1,0.15542176017911188,55
3041,1,5371,2366,3005,0,0,0,1.0,1,1.0,1,1.0,1,0.1539830142687719,56
3042,4,5375,2368,3007,0,0,0,1.0,1,1.0,1,1.0,1,0.14343097116418754,56
3043,1,5376,2368,3008,0,0,0,1.0,1,1.0,1,1.0,1,0.13382806624750807,57
3044,2,5378,2370,3008,0,0,0,1.0,1,1.0,1,1.0,1,0.16892156626930824,57
3045,1,5379,2370,3009,0,0,0,1.0,1,1.0,1,1.0,1,0.17240764426672592,56
3046,4,5383,2372,3011,0,0,0,1.0,1,1.0,1,1.0,1,0.17161220008477324,57
3047,1,5384,2372,3012,0,0,0,1.0,1,1.0,1,1.0,1,0.1639955878105717,56
3048,2,5386,2372,3014,0,0,0,1.0,1,1.0,1,1.0,1,0.16118413854482141,58
3049,2,5388,2372,3016,0,0,0,1.0,1,1.0,1,1.0,1,0.18043117380260634,59
3050,0,5388,2372,3016,0,0,0,1.0,1,1.0,1,1.0,1,0.19596104787783364,60
3051,1,5389,2373,3016,0,0,0,1.0,1,1.0,1,1.0,1,0.2352054514305146,59
3052,2,5391,2374,3017,0,0,0,1.0,1,1.0,1,1.0,1,0.2145503253335831,58
3053,3,5394,2376,3018,0,0,0,1.0,1,1.0,1,1.0,1,0.2845575380998369,57
3054,3,5397,2378,3019,0,0,0,1.0,1,1.0,1,1.0,1,0.3199980455738908,55
3055,2,5399,2379,3020,0,0,0,1.0,1,1.0,1,1.0,1,0.30866060151985103,54
3056,4,5403,2381,3022,0,0,0,1.0,1,1.0,1,1.0,1,0.32718135718938657,55
3057,1,5404,2381,3023,0,0,0,1.0,1,1.0,1,1.0,1,0.34763439737295804,54
3058,4,5408,2381,3027,0,0,0,1.0,1,1.0,1,1.0,1,0.34152686742199495,55
3059,6,5414,2381,3033,0,0,0,1.0,1,1.0,1,1.0,1,0.35515675034877187,56
3060,5,5419,2381,3038,0,0,0,1.0,1,1.0,1,1.0,1,0.3648055696188034,56
3061,7,5426,2382,3044,0,0,0,1.0,1,1.0,1,1.0,1,0.25444690921637225,56
3062,3,5429,2384,3045,0,0,0,1.0,1,1.0,1,1.0,1,0.2620596528166362,57
3063,0,5429,2384,3045,0,0,0,1.0,1,1.0,1,1.0,1,0.24662544444175466,55
3064,3,5432,2386,3046,0,0,0,1.0,1,1.0,1,1.0,1,0.2637665172335105,56
3065,1,5433,2386,3047,0,0,0,1.0,1,1.0,1,1.0,1,0.24508581329554044,55
3066,4,5437,2387,3050,0,0,0,1.0,1,1.0,1,1.0,1,0.22621820991040636,55
3067,2,5439,2388,3051,0,0,0,1.0,1,1.0,1,1.0,1,0.23469152725899997,54
3068,5,5444,2391,3053,0,0,0,1.0,1,1.0,1,1.0,1,0.24766313112407418,53
3069,1,5445,2392,3053,0,0,0,1.0,1,1.0,1,1.0,1,0.2547017309392546,51
3070,1,5446,2392,3054,0,0,0,1.0,1,1.0,1,1.0,1,0.24482448478071372,50
3071,1,5447,2393,3054,0,0,0,1.0,1,1.0,1,1.0,1,0.23081483803625358,51
3072,2,5449,2395,3054,0,0,0,1.0,1,1.0,1,1.0,1,0.24319266072873696,53
3073,0,5449,2395,3054,0,0,0,1.0,1,1.0,1,1.0,1,0.24769330785650162,51
3074,3,5452,2397,3055,0,0,0,1.0,1,1.0,1,1.0,1,0.19562803139067003,50
3075,0,5452,2397,3055,0,0,0,1.0,1,1.0,1,1.0,1,0.21107324651221415,52
3076,1,5453,2397,3056,0,0,0,1.0,1,1.0,1,1.0,1,0.210543290007597,53
3077,0,5453,2397,3056,0,0,0,1.0,1,1.0,1,1.0,1,0.19243475731309664,52
3078,0,5453,2397,3056,0,0,0,1.0,1,1.0,1,1.0,1,0.22647608432543676,53
3079,1,5454,2398,3056,0,0,0,1.0,1,1.0,1,1.0,1,0.22920160171977225,53
3080,1,5455,2398,3057,0,0,0,1.0,1,1.0,1,1.0,1,0.23705551159495775,52
3081,1,5456,2399,3057,0,0,0,1.0,1,1.0,1,1.0,1,0.2719233275135617,54
3082,5,5461,2402,3059,0,0,0,1.0,1,1.0,1,1.0,1,0.2883991673447135,54
3083,2,5463,2402,3061,0,0,0,1.0,1,1.0,1,1.0,1,0.2761104206591092,54
3084,2,5465,2403,3062,0,0,0,1.0,1,1.0,1,1.0,1,0.285619011732593,55
3085,2,5467,2404,3063,0,0,0,1.0,1,1.0,1,1.0,1,0.29023347969704894,55
3086,3,5470,2404,3066,0,0,0,1.0,1,1.0,1,1.0,1,0.30487910447132927,56
3087,4,5474,2405,3069,0,0,0,1.0,1,1.0,1,1.0,1,0.32919980182131214,57
3088,4,5478,2405,3073,0,0,0,1.0,1,1.0,1,1.0,1,0.3254865514153939,56
3089,3,5481,2405,3076,0,0,0,1.0,1,1.0,1,1.0,1,0.32333057224270634,55
3090,3,5484,2405,3079,0,0,0,1.0,1,1.0,1,1.0,1,0.3280157137043372,54
3091,7,5491,2405,3086,0,0,0,1.0,1,1.0,1,1.0,1,0.26550631236651623,53
3092,1,5492,2405,3087,0,0,0,1.0,1,1.0,1,1.0,1,0.24176610274017918,56
3093,2,5494,2406,3088,0,0,0,1.0,1,1.0,1,1.0,1,0.22833720078285058,56
3094,0,5494,2406,3088,0,0,0,1.0,1,1.0,1,1.0,1,0.24677673043938408,58
3095,1,5495,2406,3089,0,0,0,1.0,1,1.0,1,1.0,1,0.2409507652343708,59
3096,0,5495,2406,3089,0,0,0,1.0,1,1.0,1,1.0,1,0.24856400472670895,60
3097,3,5498,2407,3091,0,0,0,1.0,1,1.0,1,1.0,1,0.24570965060148342,60
3098,1,5499,2407,3092,0,0,0,1.0,1,1.0,1,1.0,1,0.251403095016641,58
3099,0,5499,2407,3092,0,0,0,1.0,1,1.0,1,1.0,1,0.2677760558142431,57
3100,0,5499,2407,3092,0,0,0,1.0,1,1.0,1,1.0,1,0.2677760558142431,57
3101,1,5500,2408,3092,0,0,0,1.0,1,1.0,1,1.0,1,0.2645178444195569,58
3102,4,5504,2410,3094,0,0,0,1.0,1,1.0,1,1.0,1,0.28581610527071294,59
3103,2,5506,2410,3096,0,0,0,1.0,1,1.0,1,1.0,1,0.23652373264547477,58
3104,3,5509,2413,3096,0,0,0,1.0,1,1.0,1,1.0,1,0.2637921464473825,58
3105,4,5513,2414,3099,0,0,0,1.0,1,1.0,1,1.0,1,0.21708079938305747,56
3106,6,5519,2417,3102,0,0,0,1.0,1,1.0,1,1.0,1,0.23332861031585192,57
3107,4,5523,2419,3104,0,0,0,1.0,1,1.0,1,1.0,1,0.1769689918320221,55
3108,2,5525,2421,3104,0,0,0,1.0,1,1.0,1,1.0,1,0.20428849297048693,55
3109,2,5527,2422,3105,0,0,0,1.0,1,1.0,1,1.0,1,0.18764780596800912,54
3110,3,5530,2424,3106,0,0,0,1.0,1,1.0,1,1.0,1,0.17458561704145237,54
3111,0,5530,2424,3106,0,0,0,1.0,1,1.0,1,1.0,1,0.17458561704145237,54
3112,9,5539,2431,3108,0,0,0,1.0,1,1.0,1,1.0,1,0.2484810939102917,56
3113,4,5543,2434,3109,0,0,0,1.0,1,1.0,1,1.0,1,0.23500124666868627,55
3114,3,5546,2435,3111,0,0,0,1.0,1,1.0,1,1.0,1,0.23345981444464403,54
3115,0,5546,2435,3111,0,0,0,1.0,1,1.0,1,1.0,1,0.22667884830555105,56
3116,1,5547,2436,3111,0,0,0,1.0,1,1.0,1,1.0,1,0.23156556027861602,56
3117,2,5549,2436,3113,0,0,0,1.0,1,1.0,1,1.0,1,0.24580939180778458,58
3118,2,5551,2437,3114,0,0,0,1.0,1,1.0,1,1.0,1,0.23807449362609853,57
3119,2,5553,2438,3115,0,0,0,1.0,1,1.0,1,1.0,1,0.2457814659280509,57
3120,1,5554,2438,3116,0,0,0,1.0,1,1.0,1,1.0,1,0.2349296591019499,56
3121,7,5561,2439,3122,0,0,0,1.0,1,1.0,1,1.0,1,0.1281891381213433,57
3122,1,5562,2439,3123,0,0,0,1.0,1,1.0,1,1.0,1,0.09753901437831308,57
3123,1,5563,2439,3124,0,0,0,1.0,1,1.0,1,1.0,1,0.10315261673622433,57
3124,1,5564,2439,3125,0,0,0,1.0,1,1.0,1,1.0,1,0.10247348575665978,59
3125,4,5568,2442,3126,0,0,0,1.0,1,1.0,1,1.0,1,0.143729311667175,61
3126,0,5568,2442,3126,0,0,0,1.0,1,1.0,1,1.0,1,0.15724615070955733,60
3127,2,5570,2443,3127,0,0,0,1.0,1,1.0,1,1.0,1,0.1631422267868016,58
3128,2,5572,2444,3128,0,0,0,1.0,1,1.0,1,1.0,1,0.20132614456537778,58
3129,1,5573,2445,3128,0,0,0,1.0,1,1.0,1,1.0,1,0.226274443712559,56
3130,0,5573,2445,3128,0,0,0,1.0,1,1.0,1,1.0,1,0.2332648374303388,56
3131,2,5575,2447,3128,0,0,0,1.0,1,1.0,1,1.0,1,0.27841316644011066,55
3132,1,5576,2448,3128,0,0,0,1.0,1,1.0,1,1.0,1,0.23749674170906834,53
3133,1,5577,2449,3128,0,0,0,1.0,1,1.0,1,1.0,1,0.22650978954384235,52
3134,3,5580,2452,3128,0,0,0,1.0,1,1.0,1,1.0,1,0.221551047673229,52
3135,3,5583,2453,3130,0,0,0,1.0,1,1.0,1,1.0,1,0.1945009282813958,53
3136,6,5589,2456,3133,0,0,0,1.0,1,1.0,1,1.0,1,0.1380625830925431,54
3137,1,5590,2457,3133,0,0,0,1.0,1,1.0,1,1.0,1,0.15446474949365516,55
3138,2,5592,2458,3134,0,0,0,1.0,1,1.0,1,1.0,1,0.1924278597672221,57
3139,2,5594,2458,3136,0,0,0,1.0,1,1.0,1,1.0,1,0.20135908826274276,56
3140,1,5595,2458,3137,0,0,0,1.0,1,1.0,1,1.0,1,0.1699130817334506,56
3141,1,5596,2459,3137,0,0,0,1.0,1,1.0,1,1.0,1,0.1596701375564597,56
3142,1,5597,2460,3137,0,0,0,1.0,1,1.0,1,1.0,1,0.16992314755491522,56
3143,3,5600,2462,3138,0,0,0,1.0,1,1.0,1,1.0,1,0.2098642922016871,56
3144,2,5602,2463,3139,0,0,0,1.0,1,1.0,1,1.0,1,0.23146991072347495,54
3145,5,5607,2464,3143,0,0,0,1.0,1,1.0,1,1.0,1,0.23447752687607426,55
3146,1,5608,2464,3144,0,0,0,1.0,1,1.0,1,1.0,1,0.2484239354511318,53
3147,5,5613,2465,3148,0,0,0,1.0,1,1.0,1,1.0,1,0.24812247785093033,54
3148,1,5614,2465,3149,0,0,0,1.0,1,1.0,1,1.0,1,0.24086650214809532,54
3149,1,5615,2465,3150,0,0,0,1.0,1,1.0,1,1.0,1,0.2540765711477404,53
3150,2,5617,2465,3152,0,0,0,1.0,1,1.0,1,1.0,1,0.22519521111464247,53
3151,9,5626,2465,3161,0,0,0,1.0,1,1.0,1,1.0,1,0.12141137879122213,53
3152,1,5627,2465,3162,0,0,0,1.0,1,1.0,1,1.0,1,0.10032661082412993,54
3153,0,5627,2465,3162,0,0,0,1.0,1,1.0,1,1.0,1,0.12027686262306961,53
3154,1,5628,2466,3162,0,0,0,1.0,1,1.0,1,1.0,1,0.14878491394326704,55
3155,1,5629,2466,3163,0,0,0,1.0,1,1.0,1,1.0,1,0.15253055331508122,56
3156,0,5629,2466,3163,0,0,0,1.0,1,1.0,1,1.0,1,0.17779044863736085,56
3157,2,5631,2466,3165,0,0,0,1.0,1,1.0,1,1.0,1,0.18245243400124544,56
3158,3,5634,2466,3168,0,0,0,1.0,1,1.0,1,1.0,1,0.18218935466903993,57
3159,2,5636,2467,3169,0,0,0,1.0,1,1.0,1,1.0,1,0.21417979607740245,56
3160,3,5639,2468,3171,0,0,0,1.0,1,1.0,1,1.0,1,0.22263489547316723,58
3161,3,5642,2469,3173,0,0,0,1.0,1,1.0,1,1.0,1,0.22785736217113245,59
3162,4,5646,2470,3176,0,0,0,1.0,1,1.0,1,1.0,1,0.23976147510988435,59
3163,6,5652,2472,3180,0,0,0,1.0,1,1.0,1,1.0,1,0.26950635494453923,59
3164,9,5661,2474,3187,0,0,0,1.0,1,1.0,1,1.0,1,0.24525695320106505,60
3165,9,5670,2476,3194,0,0,0,1.0,1,1.0,1,1.0,1,0.2453947635452636,58
3166,6,5676,2476,3200,0,0,0,1.0,1,1.0,1,1.0,1,0.14708557904587502,59
3167,2,5678,2477,3201,0,0,0,1.0,1,1.0,1,1.0,1,0.1483066454539126,57
3168,3,5681,2478,3203,0,0,0,1.0,1,1.0,1,1.0,1,0.1356938517144302,58
3169,1,5682,2479,3203,0,0,0,1.0,1,1.0,1,1.0,1,0.13548061429764957,57
3170,1,5683,2480,3203,0,0,0,1.0,1,1.0,1,1.0,1,0.11405797534121968,55
3171,1,5684,2481,3203,0,0,0,1.0,1,1.0,1,1.0,1,0.13836669972150506,56
3172,0,5684,2481,3203,0,0,0,1.0,1,1.0,1,1.0,1,0.1426385557585351,54
3173,3,5687,2482,3205,0,0,0,1.0,1,1.0,1,1.0,1,0.11420332746600602,53
3174,0,5687,2482,3205,0,0,0,1.0,1,1.0,1,1.0,1,0.1382966577681008,53
3175,2,5689,2483,3206,0,0,0,1.0,1,1.0,1,1.0,1,0.18009357047161334,52
3176,3,5692,2486,3206,0,0,0,1.0,1,1.0,1,1.0,1,0.20475102383827823,53
3177,5,5697,2488,3209,0,0,0,1.0,1,1.0,1,1.0,1,0.28856288416380826,52
3178,5,5702,2489,3213,0,0,0,1.0,1,1.0,1,1.0,1,0.29940585144056064,53
3179,0,5702,2489,3213,0,0,0,1.0,1,1.0,1,1.0,1,0.29912742122906183,54
3180,2,5704,2489,3215,0,0,0,1.0,1,1.0,1,1.0,1,0.2815638774011338,54
3181,6,5710,2489,3221,0,0,0,1.0,1,1.0,1,1.0,1,0.19699755866550425,55
3182,1,5711,2489,3222,0,0,0,1.0,1,1.0,1,1.0,1,0.20146513616782286,54
3183,3,5714,2490,3224,0,0,0,1.0,1,1.0,1,1.0,1,0.19796229934232393,56
3184,5,5719,2492,3227,0,0,0,1.0,1,1.0,1,1.0,1,0.20422635765867708,54
3185,1,5720,2492,3228,0,0,0,1.0,1,1.0,1,1.0,1,0.18961382168625932,53
3186,2,5722,2493,3229,0,0,0,1.0,1,1.0,1,1.0,1,0.20255845185274385,52
3187,0,5722,2493,3229,0,0,0,1.0,1,1.0,1,1.0,1,0.21320062775455847,50
3188,1,5723,2494,3229,0,0,0,1.0,1,1.0,1,1.0,1,0.2153852852928379,50
3189,2,5725,2496,3229,0,0,0,1.0,1,1.0,1,1.0,1,0.26346393372556726,49
3190,1,5726,2497,3229,0,0,0,1.0,1,1.0,1,1.0,1,0.28323620684487105,50
3191,2,5728,2498,3230,0,0,0,1.0,1,1.0,1,1.0,1,0.2924546719961542,49
3192,0,5728,2498,3230,0,0,0,1.0,1,1.0,1,1.0,1,0.2924546719961542,49
3193,0,5728,2498,3230,0,0,0,1.0,1,1.0,1,1.0,1,0.2887273134216809,49
3194,1,5729,2499,3230,0,0,0,1.0,1,1.0,1,1.0,1,0.3159883075287691,50
3195,0,5729,2499,3230,0,0,0,1.0,1,1.0,1,1.0,1,0.327743371505669,49
3196,2,5731,2499,3232,0,0,0,1.0,1,1.0,1,1.0,1,0.27688574781134023,49
3197,1,5732,2499,3233,0,0,0,1.0,1,1.0,1,1.0,1,0.23920774692982094,50
3198,2,5734,2499,3235,0,0,0,1.0,1,1.0,1,1.0,1,0.19066869731023234,50
3199,2,5736,2499,3237,0,0,0,1.0,1,1.0,1,1.0,1,0.16225338552176582,52
3200,0,5736,2499,3237,0,0,0,1.0,1,1.0,1,1.0,1,0.14928982406978328,53
3201,3,5739,2501,3238,0,0,0,1.0,1,1.0,1,1.0,1,0.19687959278536993,55
3202,1,5740,2501,3239,0,0,0,1.0,1,1.0,1,1.0,1,0.17522705368976885,55
3203,1,5741,2501,3240,0,0,0,1.0,1,1.0,1,1.0,1,0.1637510924839244,53
3204,2,5743,2502,3241,0,0,0,1.0,1,1.0,1,1.0,1,0.1973168074295611,53
3205,3,5746,2504,3242,0,0,0,1.0,1,1.0,1,1.0,1,0.23463650705251557,53
3206,0,5746,2504,3242,0,0,0,1.0,1,1.0,1,1.0,1,0.24804843289649936,52
3207,2,5748,2505,3243,0,0,0,1.0,1,1.0,1,1.0,1,0.2643588082910757,53
3208,4,5752,2505,3247,0,0,0,1.0,1,1.0,1,1.0,1,0.26195883488615385,51
3209,2,5754,2505,3249,0,0,0,1.0,1,1.0,1,1.0,1,0.255903425935209,52
3210,1,5755,2505,3250,0,0,0,1.0,1,1.0,1,1.0,1,0.2330450254474482,49
3211,2,5757,2506,3251,0,0,0,1.0,1,1.0,1,1.0,1,0.21791106242472572,48
3212,2,5759,2507,3252,0,0,0,1.0,1,1.0,1,1.0,1,0.23308371698291905,48
3213,1,5760,2507,3253,0,0,0,1.0,1,1.0,1,1.0,1,0.2218243350382824,49
3214,4,5764,2509,3255,0,0,0,1.0,1,1.0,1,1.0,1,0.1668857308213927,51
3215,0,5764,2509,3255,0,0,0,1.0,1,1.0,1,1.0,1,0.1668857308213927,51
3216,2,5766,2511,3255,0,0,0,1.0,1,1.0,1,1.0,1,0.14729647455462772,51
3217,2,5768,2512,3256,0,0,0,1.0,1,1.0,1,1.0,1,0.15429203714893638,51
3218,0,5768,2512,3256,0,0,0,1.0,1,1.0,1,1.0,1,0.15429203714893638,51
3219,1,5769,2512,3257,0,0,0,1.0,1,1.0,1,1.0,1,0.16117982356199806,52
3220,0,5769,2512,3257,0,0,0,1.0,1,1.0,1,1.0,1,0.16117982356199806,52
3221,1,5770,2512,3258,0,0,0,1.0,1,1.0,1,1.0,1,0.1521135162829118,54
3222,0,5770,2512,3258,0,0,0,1.0,1,1.0,1,1.0,1,0.15046198716927023,54
3223,0,5770,2512,3258,0,0,0,1.0,1,1.0,1,1.0,1,0.1672590132830399,56
3224,1,5771,2513,3258,0,0,0,1.0,1,1.0,1,1.0,1,0.17276009436589043,57
3225,4,5775,2513,3262,0,0,0,1.0,1,1.0,1,1.0,1,0.16544102751282627,58
3226,1,5776,2513,3263,0,0,0,1.0,1,1.0,1,1.0,1,0.15256191769371255,58
3227,0,5776,2513,3263,0,0,0,1.0,1,1.0,1,1.0,1,0.15256191769371255,58
3228,0,5776,2513,3263,0,0,0,1.0,1,1.0,1,1.0,1,0.15256191769371255,58
3229,3,5779,2514,3265,0,0,0,1.0,1,1.0,1,1.0,1,0.17305216748728727,60
3230,0,5779,2514,3265,0,0,0,1.0,1,1.0,1,1.0,1,0.17098128360446263,61
3231,0,5779,2514,3265,0,0,0,1.0,1,1.0,1,1.0,1,0.17098128360446263,61
3232,0,5779,2514,3265,0,0,0,1.0,1,1.0,1,1.0,1,0.17098128360446263,61
3233,0,5779,2514,3265,0,0,0,1.0,1,1.0,1,1.0,1,0.18984359903946954,63
3234,1,5780,2515,3265,0,0,0,1.0,1,1.0,1,1.0,1,0.22464594290073645,64
3235,0,5780,2515,3265,0,0,0,1.0,1,1.0,1,1.0,1,0.22697214485027106,65
3236,2,5782,2515,3267,0,0,0,1.0,1,1.0,1,1.0,1,0.21888878278053037,66
3237,0,5782,2515,3267,0,0,0,1.0,1,1.0,1,1.0,1,0.22357213597699443,67
3238,1,5783,2515,3268,0,0,0,1.0,1,1.0,1,1.0,1,0.20360862529104803,67
3239,2,5785,2517,3268,0,0,0,1.0,1,1.0,1,1.0,1,0.18683208533252624,69
3240,0,5785,2517,3268,0,0,0,1.0,1,1.0,1,1.0,1,0.18683208533252624,69
3241,4,5789,2520,3269,0,0,0,1.0,1,1.0,1,1.0,1,0.18243406765514555,68
3242,1,5790,2521,3269,0,0,0,1.0,1,1.0,1,1.0,1,0.20713249392281002,67
3243,3,5793,2523,3270,0,0,0,1.0,1,1.0,1,1.0,1,0.17651889390327516,68
3244,1,5794,2523,3271,0,0,0,1.0,1,1.0,1,1.0,1,0.15034803491357568,68
3245,0,5794,2523,3271,0,0,0,1.0,1,1.0,1,1.0,1,0.16332071843429,69
3246,1,5795,2524,3271,0,0,0,1.0,1,1.0,1,1.0,1,0.16572187827867405,68
3247,1,5796,2524,3272,0,0,0,1.0,1,1.0,1,1.0,1,0.1612474749770007,68
3248,1,5797,2525,3272,0,0,0,1.0,1,1.0,1,1.0,1,0.1820049225094586,68
3249,0,5797,2525,3272,0,0,0,1.0,1,1.0,1,1.0,1,0.1892617955196703,69
3250,1,5798,2525,3273,0,0,0,1.0,1,1.0,1,1.0,1,0.1796457386989179,69
3251,1,5799,2526,3273,0,0,0,1.0,1,1.0,1,1.0,1,0.21131067374740337,68
3252,0,5799,2526,3273,0,0,0,1.0,1,1.0,1,1.0,1,0.1883060219533689,68
3253,1,5800,2527,3273,0,0,0,1.0,1,1.0,1,1.0,1,0.18557231226150592,69
3254,0,5800,2527,3273,0,0,0,1.0,1,1.0,1,1.0,1,0.18557231226150592,69
3255,3,5803,2527,3276,0,0,0,1.0,1,1.0,1,1.0,1,0.16682015265541694,70
3256,3,5806,2527,3279,0,0,0,1.0,1,1.0,1,1.0,1,0.13411021274610987,70
3257,1,5807,2527,3280,0,0,0,1.0,1,1.0,1,1.0,1,0.13799425745164887,71
3258,4,5811,2530,3281,0,0,0,1.0,1,1.0,1,1.0,1,0.11690912519930419,72
3259,3,5814,2532,3282,0,0,0,1.0,1,1.0,1,1.0,1,0.14372155129196426,71
3260,3,5817,2533,3284,0,0,0,1.0,1,1.0,1,1.0,1,0.17739753588520388,72
3261,3,5820,2533,3287,0,0,0,1.0,1,1.0,1,1.0,1,0.1819174859461907,74
3262,3,5823,2534,3289,0,0,0,1.0,1,1.0,1,1.0,1,0.19303931518985643,73
3263,3,5826,2535,3291,0,0,0,1.0,1,1.0,1,1.0,1,0.20454872963251,73
3264,2,5828,2536,3292,0,0,0,1.0,1,1.0,1,1.0,1,0.2306166926730429,71
3265,1,5829,2537,3292,0,0,0,1.0,1,1.0,1,1.0,1,0.23392859833309132,70
3266,5,5834,2542,3292,0,0,0,1.0,1,1.0,1,1.0,1,0.22480869583529411,69
3267,2,5836,2544,3292,0,0,0,1.0,1,1.0,1,1.0,1,0.22631086936701686,69
3268,2,5838,2546,3292,0,0,0,1.0,1,1.0,1,1.0,1,0.2463914143800265,68
3269,1,5839,2547,3292,0,0,0,1.0,1,1.0,1,1.0,1,0.264671229812651,68
3270,0,5839,2547,3292,0,0,0,1.0,1,1.0,1,1.0,1,0.27717872547717365,67
3271,7,5846,2548,3298,0,0,0,1.0,1,1.0,1,1.0,1,0.22728949827494194,66
3272,0,5846,2548,3298,0,0,0,1.0,1,1.0,1,1.0,1,0.21555132707816013,67
3273,2,5848,2548,3300,0,0,0,1.0,1,1.0,1,1.0,1,0.21893139639219852,66
3274,2,5850,2549,3301,0,0,0,1.0,1,1.0,1,1.0,1,0.23360271474082347,68
3275,3,5853,2549,3304,0,0,0,1.0,1,1.0,1,1.0,1,0.2242248681867377,68
3276,1,5854,2549,3305,0,0,0,1.0,1,1.0,1,1.0,1,0.21610313992740868,69
3277,1,5855,2549,3306,0,0,0,1.0,1,1.0,1,1.0,1,0.19343710761641997,68
3278,0,5855,2549,3306,0,0,0,1.0,1,1.0,1,1.0,1,0.20030616463308618,69
3279,1,5856,2550,3306,0,0,0,1.0,1,1.0,1,1.0,1,0.19267232365517448,67
3280,2,5858,2551,3307,0,0,0,1.0,1,1.0,1,1.0,1,0.20462789748772095,66
3281,5,5863,2553,3310,0,0,0,1.0,1,1.0,1,1.0,1,0.21781068095827016,67
3282,3,5866,2555,3311,0,0,0,1.0,1,1.0,1,1.0,1,0.23800366898032022,66
3283,3,5869,2557,3312,0,0,0,1.0,1,1.0,1,1.0,1,0.27620296218931845,67
3284,3,5872,2557,3315,0,0,0,1.0,1,1.0,1,1.0,1,0.2074795558593782,66
3285,1,5873,2557,3316,0,0,0,1.0,1,1.0,1,1.0,1,0.191209132175783,66
3286,1,5874,2557,3317,0,0,0,1.0,1,1.0,1,1.0,1,0.1715417666677475,63
3287,0,5874,2557,3317,0,0,0,1.0,1,1.0,1,1.0,1,0.1875634774848551,61
3288,0,5874,2557,3317,0,0,0,1.0,1,1.0,1,1.0,1,0.19640556164686357,63
3289,1,5875,2558,3317,0,0,0,1.0,1,1.0,1,1.0,1,0.22611739062494068,62
3290,1,5876,2559,3317,0,0,0,1.0,1,1.0,1,1.0,1,0.24200940771327534,63
3291,1,5877,2559,3318,0,0,0,1.0,1,1.0,1,1.0,1,0.24196137540591636,62
3292,0,5877,2559,3318,0,0,0,1.0,1,1.0,1,1.0,1,0.24659413964342686,63
3293,3,5880,2561,3319,0,0,0,1.0,1,1.0,1,1.0,1,0.24868901807225643,65
3294,0,5880,2561,3319,0,0,0,1.0,1,1.0,1,1.0,1,0.24868901807225643,65
3295,2,5882,2563,3319,0,0,0,1.0,1,1.0,1,1.0,1,0.25041557496549616,65
3296,0,5882,2563,3319,0,0,0,1.0,1,1.0,1,1.0,1,0.25041557496549616,65
3297,1,5883,2564,3319,0,0,0,1.0,1,1.0,1,1.0,1,0.24405553465430696,66
3298,1,5884,2565,3319,0,0,0,1.0,1,1.0,1,1.0,1,0.24860509166737385,66
3299,0,5884,2565,3319,0,0,0,1.0,1,1.0,1,1.0,1,0.25371458266666547,67
3300,2,5886,2567,3319,0,0,0,1.0,1,1.0,1,1.0,1,0.2842745067506589,67
3301,10,5896,2568,3328,0,0,0,1.0,1,1.0,1,1.0,1,0.23384438024490586,68
3302,1,5897,2568,3329,0,0,0,1.0,1,1.0,1,1.0,1,0.23406377431447511,67
3303,2,5899,2570,3329,0,0,0,1.0,1,1.0,1,1.0,1,0.23536718549264513,67
3304,1,5900,2571,3329,0,0,0,1.0,1,1.0,1,1.0,1,0.2400998540196413,67
3305,2,5902,2571,3331,0,0,0,1.0,1,1.0,1,1.0,1,0.2402783526024295,69
3306,1,5903,2571,3332,0,0,0,1.0,1,1.0,1,1.0,1,0.22433332893564736,70
3307,1,5904,2571,3333,0,0,0,1.0,1,1.0,1,1.0,1,0.2213036158339553,70
3308,0,5904,2571,3333,0,0,0,1.0,1,1.0,1,1.0,1,0.2213036158339553,70
3309,0,5904,2571,3333,0,0,0,1.0,1,1.0,1,1.0,1,0.23594765065290166,72
3310,3,5907,2571,3336,0,0,0,1.0,1,1.0,1,1.0,1,0.23566514045341533,74
3311,2,5909,2571,3338,0,0,0,1.0,1,1.0,1,1.0,1,0.21124206137506224,74
3312,0,5909,2571,3338,0,0,0,1.0,1,1.0,1,1.0,1,0.21124206137506224,74
3313,0,5909,2571,3338,0,0,0,1.0,1,1.0,1,1.0,1,0.22817731071234085,75
3314,2,5911,2571,3340,0,0,0,1.0,1,1.0,1,1.0,1,0.2286515945115608,76
3315,2,5913,2572,3341,0,0,0,1.0,1,1.0,1,1.0,1,0.25730614707357946,75
3316,10,5923,2575,3348,0,0,0,1.0,1,1.0,1,1.0,1,0.23526273475142953,76
3317,5,5928,2577,3351,0,0,0,1.0,1,1.0,1,1.0,1,0.21712559046878752,73
3318,4,5932,2580,3352,0,0,0,1.0,1,1.0,1,1.0,1,0.24502601443617156,72
3319,2,5934,2581,3353,0,0,0,1.0,1,1.0,1,1.0,1,0.24359841713630534,71
3320,1,5935,2582,3353,0,0,0,1.0,1,1.0,1,1.0,1,0.2274185104358589,70
3321,1,5936,2583,3353,0,0,0,1.0,1,1.0,1,1.0,1,0.24658851938176157,69
3322,3,5939,2586,3353,0,0,0,1.0,1,1.0,1,1.0,1,0.22307022601425927,68
3323,1,5940,2587,3353,0,0,0,1.0,1,1.0,1,1.0,1,0.2372677816134515,69
3324,2,5942,2588,3354,0,0,0,1.0,1,1.0,1,1.0,1,0.21693785298577123,69
3325,0,5942,2588,3354,0,0,0,1.0,1,1.0,1,1.0,1,0.21775079494553903,70
3326,2,5944,2589,3355,0,0,0,1.0,1,1.0,1,1.0,1,0.22100997101779682,69
3327,1,5945,2590,3355,0,0,0,1.0,1,1.0,1,1.0,1,0.2168761136468534,70
3328,2,5947,2591,3356,0,0,0,1.0,1,1.0,1,1.0,1,0.21758503306546065,73
3329,1,5948,2592,3356,0,0,0,1.0,1,1.0,1,1.0,1,0.2334732807572752,72
3330,0,5948,2592,3356,0,0,0,1.0,1,1.0,1,1.0,1,0.2334732807572752,72
3331,4,5952,2594,3358,0,0,0,1.0,1,1.0,1,1.0,1,0.22211071473346075,72
3332,1,5953,2594,3359,0,0,0,1.0,1,1.0,1,1.0,1,0.21995694785754705,73
3333,0,5953,2594,3359,0,0,0,1.0,1,1.0,1,1.0,1,0.2269868338342561,72
3334,1,5954,2594,3360,0,0,0,1.0,1,1.0,1,1.0,1,0.21348635713889313,73
3335,1,5955,2595,3360,0,0,0,1.0,1,1.0,1,1.0,1,0.2383512082902362,74
3336,1,5956,2595,3361,0,0,0,1.0,1,1.0,1,1.0,1,0.23087238873042903,74
3337,0,5956,2595,3361,0,0,0,1.0,1,1.0,1,1.0,1,0.23087238873042903,74
3338,0,5956,2595,3361,0,0,0,1.0,1,1.0,1,1.0,1,0.23087238873042903,74
3339,3,5959,2596,3363,0,0,0,1.0,1,1.0,1,1.0,1,0.22061672907929458,75
3340,1,5960,2596,3364,0,0,0,1.0,1,1.0,1,1.0,1,0.22988133996855956,75
3341,0,5960,2596,3364,0,0,0,1.0,1,1.0,1,1.0,1,0.2399868541304866,76
3342,4,5964,2597,3367,0,0,0,1.0,1,1.0,1,1.0,1,0.2336701008097808,76
3343,4,5968,2599,3369,0,0,0,1.0,1,1.0,1,1.0,1,0.22266986827541452,75
3344,1,5969,2600,3369,0,0,0,1.0,1,1.0,1,1.0,1,0.2490527919764511,75
3345,1,5970,2601,3369,0,0,0,1.0,1,1.0,1,1.0,1,0.2670058163898164,72
3346,6,5976,2601,3375,0,0,0,1.0,1,1.0,1,1.0,1,0.23173513684030692,73
3347,4,5980,2604,3376,0,0,0,1.0,1,1.0,1,1.0,1,0.2110803454580964,73
3348,1,5981,2605,3376,0,0,0,1.0,1,1.0,1,1.0,1,0.22246514471179094,73
3349,3,5984,2607,3377,0,0,0,1.0,1,1.0,1,1.0,1,0.21314046830686026,74
3350,3,5987,2608,3379,0,0,0,1.0,1,1.0,1,1.0,1,0.20963667324496535,73
3351,1,5988,2609,3379,0,0,0,1.0,1,1.0,1,1.0,1,0.2117726584588184,72
3352,1,5989,2610,3379,0,0,0,1.0,1,1.0,1,1.0,1,0.21886424847766883,72
3353,2,5991,2612,3379,0,0,0,1.0,1,1.0,1,1.0,1,0.24873775841521847,72
3354,4,5995,2614,3381,0,0,0,1.0,1,1.0,1,1.0,1,0.23384258561112586,70
3355,4,5999,2616,3383,0,0,0,1.0,1,1.0,1,1.0,1,0.2846485189756633,69
3356,3,6002,2617,3385,0,0,0,1.0,1,1.0,1,1.0,1,0.2597649786686794,69
3357,3,6005,2618,3387,0,0,0,1.0,1,1.0,1,1.0,1,0.268017708551991,68
3358,1,6006,2619,3387,0,0,0,1.0,1,1.0,1,1.0,1,0.28057291317198874,68
3359,1,6007,2620,3387,0,0,0,1.0,1,1.0,1,1.0,1,0.26648933589082224,66
3360,4,6011,2622,3389,0,0,0,1.0,1,1.0,1,1.0,1,0.30667877136298016,65
3361,5,6016,2622,3394,0,0,0,1.0,1,1.0,1,1.0,1,0.2582588467589818,64
3362,0,6016,2622,3394,0,0,0,1.0,1,1.0,1,1.0,1,0.2582588467589818,64
3363,0,6016,2622,3394,0,0,0,1.0,1,1.0,1,1.0,1,0.2513297560439543,65
3364,1,6017,2622,3395,0,0,0,1.0,1,1.0,1,1.0,1,0.24550609103041976,66
3365,1,6018,2622,3396,0,0,0,1.0,1,1.0,1,1.0,1,0.2426074766365936,68
3366,1,6019,2623,3396,0,0,0,1.0,1,1.0,1,1.0,1,0.2654200736918429,66
3367,1,6020,2623,3397,0,0,0,1.0,1,1.0,1,1.0,1,0.26523680807155753,68
3368,2,6022,2624,3398,0,0,0,1.0,1,1.0,1,1.0,1,0.25858534130241534,68
3369,2,6024,2624,3400,0,0,0,1.0,1,1.0,1,1.0,1,0.24325291967347754,69
3370,2,6026,2624,3402,0,0,0,1.0,1,1.0,1,1.0,1,0.21744660546682543,71
3371,0,6026,2624,3402,0,0,0,1.0,1,1.0,1,1.0,1,0.21744660546682543,71
3372,4,6030,2626,3404,0,0,0,1.0,1,1.0,1,1.0,1,0.2009581203462031,71
3373,1,6031,2626,3405,0,0,0,1.0,1,1.0,1,1.0,1,0.20436849556195652,72
3374,0,6031,2626,3405,0,0,0,1.0,1,1.0,1,1.0,1,0.1999625556284686,72
3375,2,6033,2627,3406,0,0,0,1.0,1,1.0,1,1.0,1,0.19712476078320929,73
3376,2,6035,2627,3408,0,0,0,1.0,1,1.0,1,1.0,1,0.18432870227509687,75
3377,1,6036,2628,3408,0,0,0,1.0,1,1.0,1,1.0,1,0.19173247624323156,77
3378,0,6036,2628,3408,0,0,0,1.0,1,1.0,1,1.0,1,0.19173247624323156,77
3379,5,6041,2632,3409,0,0,0,1.0,1,1.0,1,1.0,1,0.224446909199804,77
3380,3,6044,2632,3412,0,0,0,1.0,1,1.0,1,1.0,1,0.22056377179756695,76
3381,2,6046,2634,3412,0,0,0,1.0,1,1.0,1,1.0,1,0.22936243833795772,76
3382,1,6047,2635,3412,0,0,0,1.0,1,1.0,1,1.0,1,0.2389575333681332,78
3383,0,6047,2635,3412,0,0,0,1.0,1,1.0,1,1.0,1,0.23424118436487268,77
3384,3,6050,2638,3412,0,0,0,1.0,1,1.0,1,1.0,1,0.2630745436040198,77
3385,3,6053,2639,3414,0,0,0,1.0,1,1.0,1,1.0,1,0.26449377566389115,75
3386,4,6057,2641,3416,0,0,0,1.0,1,1.0,1,1.0,1,0.27590767590043663,76
3387,4,6061,2641,3420,0,0,0,1.0,1,1.0,1,1.0,1,0.2783121464852925,75
3388,4,6065,2642,3423,0,0,0,1.0,1,1.0,1,1.0,1,0.2766876230495587,76
3389,4,6069,2642,3427,0,0,0,1.0,1,1.0,1,1.0,1,0.28612660176508425,77
3390,0,6069,2642,3427,0,0,0,1.0,1,1.0,1,1.0,1,0.2899378350014392,76
3391,8,6077,2643,3434,0,0,0,1.0,1,1.0,1,1.0,1,0.19762823933812088,77
3392,2,6079,2643,3436,0,0,0,1.0,1,1.0,1,1.0,1,0.17706076496065865,78
3393,2,6081,2644,3437,0,0,0,1.0,1,1.0,1,1.0,1,0.16487512768523643,76
3394,3,6084,2645,3439,0,0,0,1.0,1,1.0,1,1.0,1,0.1997712599131537,75
3395,4,6088,2645,3443,0,0,0,1.0,1,1.0,1,1.0,1,0.1780085091127704,73
3396,0,6088,2645,3443,0,0,0,1.0,1,1.0,1,1.0,1,0.1780085091127704,73
3397,0,6088,2645,3443,0,0,0,1.0,1,1.0,1,1.0,1,0.17181764154746484,74
3398,1,6089,2646,3443,0,0,0,1.0,1,1.0,1,1.0,1,0.17287510262724934,74
3399,1,6090,2647,3443,0,0,0,1.0,1,1.0,1,1.0,1,0.18074393505683464,75
3400,3,6093,2648,3445,0,0,0,1.0,1,1.0,1,1.0,1,0.19739630785826812,75
3401,3,6096,2649,3447,0,0,0,1.0,1,1.0,1,1.0,1,0.18002318801384895,77
3402,4,6100,2650,3450,0,0,0,1.0,1,1.0,1,1.0,1,0.2054717426377386,77
3403,6,6106,2651,3455,0,0,0,1.0,1,1.0,1,1.0,1,0.19498211198628837,78
3404,1,6107,2651,3456,0,0,0,1.0,1,1.0,1,1.0,1,0.18915381910027448,78
3405,1,6108,2651,3457,0,0,0,1.0,1,1.0,1,1.0,1,0.19498211198628837,78
3406,6,6114,2653,3461,0,0,0,1.0,1,1.0,1,1.0,1,0.18165178755938094,78
3407,0,6114,2653,3461,0,0,0,1.0,1,1.0,1,1.0,1,0.17831688290886435,78
3408,1,6115,2653,3462,0,0,0,1.0,1,1.0,1,1.0,1,0.16381644691242464,79
3409,2,6117,2653,3464,0,0,0,1.0,1,1.0,1,1.0,1,0.1487186845901798,81
3410,0,6117,2653,3464,0,0,0,1.0,1,1.0,1,1.0,1,0.1571092209554066,82
3411,3,6120,2653,3467,0,0,0,1.0,1,1.0,1,1.0,1,0.14024453071936185,84
3412,2,6122,2653,3469,0,0,0,1.0,1,1.0,1,1.0,1,0.14133508697483352,84
3413,1,6123,2653,3470,0,0,0,1.0,1,1.0,1,1.0,1,0.14264121376027353,84
3414,1,6124,2653,3471,0,0,0,1.0,1,1.0,1,1.0,1,0.14133508697483352,84
3415,4,6128,2655,3473,0,0,0,1.0,1,1.0,1,1.0,1,0.15477375147305664,85
3416,5,6133,2656,3477,0,0,0,1.0,1,1.0,1,1.0,1,0.16193924877200483,85
3417,1,6134,2656,3478,0,0,0,1.0,1,1.0,1,1.0,1,0.17413560798256916,86
3418,3,6137,2657,3480,0,0,0,1.0,1,1.0,1,1.0,1,0.16870387719913948,86
3419,1,6138,2658,3480,0,0,0,1.0,1,1.0,1,1.0,1,0.19195031298301113,87
3420,0,6138,2658,3480,0,0,0,1.0,1,1.0,1,1.0,1,0.1970060679090531,88
3421,5,6143,2659,3484,0,0,0,1.0,1,1.0,1,1.0,1,0.17862176021136247,89
3422,2,6145,2659,3486,0,0,0,1.0,1,1.0,1,1.0,1,0.17684007429224788,90
3423,1,6146,2659,3487,0,0,0,1.0,1,1.0,1,1.0,1,0.17080165822462512,90
3424,0,6146,2659,3487,0,0,0,1.0,1,1.0,1,1.0,1,0.16311497528629593,91
3425,1,6147,2660,3487,0,0,0,1.0,1,1.0,1,1.0,1,0.16407879071834244,90
3426,2,6149,2662,3487,0,0,0,1.0,1,1.0,1,1.0,1,0.17726120404554707,92
3427,0,6149,2662,3487,0,0,0,1.0,1,1.0,1,1.0,1,0.1833945079398204,92
3428,1,6150,2662,3488,0,0,0,1.0,1,1.0,1,1.0,1,0.1840154122118233,91
3429,2,6152,2662,3490,0,0,0,1.0,1,1.0,1,1.0,1,0.1840154122118233,91
3430,5,6157,2666,3491,0,0,0,1.0,1,1.0,1,1.0,1,0.20359751626880646,91
3431,3,6160,2666,3494,0,0,0,1.0,1,1.0,1,1.0,1,0.17839954385733336,90
3432,3,6163,2668,3495,0,0,0,1.0,1,1.0,1,1.0,1,0.19036876671553554,91
3433,2,6165,2668,3497,0,0,0,1.0,1,1.0,1,1.0,1,0.18593004416285802,90
3434,2,6167,2668,3499,0,0,0,1.0,1,1.0,1,1.0,1,0.1828250474023782,89
3435,1,6168,2669,3499,0,0,0,1.0,1,1.0,1,1.0,1,0.19466445759418993,88
3436,4,6172,2669,3503,0,0,0,1.0,1,1.0,1,1.0,1,0.1767545988517602,86
3437,2,6174,2670,3504,0,0,0,1.0,1,1.0,1,1.0,1,0.16854752239133397,86
3438,1,6175,2671,3504,0,0,0,1.0,1,1.0,1,1.0,1,0.17108390630328751,87
3439,1,6176,2672,3504,0,0,0,1.0,1,1.0,1,1.0,1,0.19369033371976224,86
3440,2,6178,2672,3506,0,0,0,1.0,1,1.0,1,1.0,1,0.17321659045729815,86
3441,1,6179,2673,3506,0,0,0,1.0,1,1.0,1,1.0,1,0.1682354620220137,85
3442,0,6179,2673,3506,0,0,0,1.0,1,1.0,1,1.0,1,0.16870638093961296,85
3443,1,6180,2674,3506,0,0,0,1.0,1,1.0,1,1.0,1,0.17411422306081564,85
3444,2,6182,2675,3507,0,0,0,1.0,1,1.0,1,1.0,1,0.171554825219807,85
3445,2,6184,2677,3507,0,0,0,1.0,1,1.0,1,1.0,1,0.1913681070303934,84
3446,4,6188,2679,3509,0,0,0,1.0,1,1.0,1,1.0,1,0.21950025115539934,85
3447,1,6189,2680,3509,0,0,0,1.0,1,1.0,1,1.0,1,0.22895000106158708,85
3448,3,6192,2681,3511,0,0,0,1.0,1,1.0,1,1.0,1,0.22997980796530096,85
3449,0,6192,2681,3511,0,0,0,1.0,1,1.0,1,1.0,1,0.2416807238466177,84
3450,1,6193,2682,3511,0,0,0,1.0,1,1.0,1,1.0,1,0.23739421631807278,84
3451,10,6203,2684,3519,0,0,0,1.0,1,1.0,1,1.0,1,0.19988428348297602,85
3452,2,6205,2685,3520,0,0,0,1.0,1,1.0,1,1.0,1,0.19357440107890786,86
3453,2,6207,2685,3522,0,0,0,1.0,1,1.0,1,1.0,1,0.1799196545307074,85
3454,1,6208,2685,3523,0,0,0,1.0,1,1.0,1,1.0,1,0.16503972640989412,88
3455,0,6208,2685,3523,0,0,0,1.0,1,1.0,1,1.0,1,0.16503972640989412,88
3456,0,6208,2685,3523,0,0,0,1.0,1,1.0,1,1.0,1,0.16503972640989412,88
3457,0,6208,2685,3523,0,0,0,1.0,1,1.0,1,1.0,1,0.1716594886602016,89
3458,0,6208,2685,3523,0,0,0,1.0,1,1.0,1,1.0,1,0.17929327503022055,88
3459,0,6208,2685,3523,0,0,0,1.0,1,1.0,1,1.0,1,0.17929327503022055,88
3460,1,6209,2685,3524,0,0,0,1.0,1,1.0,1,1.0,1,0.17018628746065864,89
3461,0,6209,2685,3524,0,0,0,1.0,1,1.0,1,1.0,1,0.17018628746065864,89
3462,0,6209,2685,3524,0,0,0,1.0,1,1.0,1,1.0,1,0.17661572832597572,90
3463,3,6212,2685,3527,0,0,0,1.0,1,1.0,1,1.0,1,0.1635470418299941,89
3464,1,6213,2686,3527,0,0,0,1.0,1,1.0,1,1.0,1,0.16404645890327013,88
3465,1,6214,2686,3528,0,0,0,1.0,1,1.0,1,1.0,1,0.1850761882178651,87
3466,3,6217,2686,3531,0,0,0,1.0,1,1.0,1,1.0,1,0.15805646202391296,87
3467,0,6217,2686,3531,0,0,0,1.0,1,1.0,1,1.0,1,0.1567294532380301,87
3468,6,6223,2688,3535,0,0,0,1.0,1,1.0,1,1.0,1,0.15435616530026386,88
3469,3,6226,2689,3537,0,0,0,1.0,1,1.0,1,1.0,1,0.15819188612671253,85
3470,2,6228,2691,3537,0,0,0,1.0,1,1.0,1,1.0,1,0.1815620118961561,86
3471,3,6231,2693,3538,0,0,0,1.0,1,1.0,1,1.0,1,0.19454881146655706,84
3472,0,6231,2693,3538,0,0,0,1.0,1,1.0,1,1.0,1,0.19977749239579176,83
3473,0,6231,2693,3538,0,0,0,1.0,1,1.0,1,1.0,1,0.20414563167623848,81
3474,0,6231,2693,3538,0,0,0,1.0,1,1.0,1,1.0,1,0.17603439491875728,80
3475,2,6233,2695,3538,0,0,0,1.0,1,1.0,1,1.0,1,0.21783643531430774,82
3476,2,6235,2697,3538,0,0,0,1.0,1,1.0,1,1.0,1,0.20064159768462206,81
3477,5,6240,2701,3539,0,0,0,1.0,1,1.0,1,1.0,1,0.209258963240852,83
3478,0,6240,2701,3539,0,0,0,1.0,1,1.0,1,1.0,1,0.20557965832447678,83
3479,3,6243,2703,3540,0,0,0,1.0,1,1.0,1,1.0,1,0.2005892665096887,83
3480,0,6243,2703,3540,0,0,0,1.0,1,1.0,1,1.0,1,0.2005892665096887,83
3481,3,6246,2704,3542,0,0,0,1.0,1,1.0,1,1.0,1,0.1783158378652803,83
3482,1,6247,2704,3543,0,0,0,1.0,1,1.0,1,1.0,1,0.17654468907171145,83
3483,3,6250,2706,3544,0,0,0,1.0,1,1.0,1,1.0,1,0.1797607787288096,82
3484,1,6251,2707,3544,0,0,0,1.0,1,1.0,1,1.0,1,0.1938155902092327,82
3485,9,6260,2710,3550,0,0,0,1.0,1,1.0,1,1.0,1,0.199517685079865,83
3486,4,6264,2710,3554,0,0,0,1.0,1,1.0,1,1.0,1,0.18227430782182139,83
3487,2,6266,2710,3556,0,0,0,1.0,1,1.0,1,1.0,1,0.18729996941670593,84
3488,3,6269,2710,3559,0,0,0,1.0,1,1.0,1,1.0,1,0.18870057464799886,84
3489,2,6271,2710,3561,0,0,0,1.0,1,1.0,1,1.0,1,0.19441653047717225,84
3490,5,6276,2710,3566,0,0,0,1.0,1,1.0,1,1.0,1,0.18592060070367725,84
3491,4,6280,2710,3570,0,0,0,1.0,1,1.0,1,1.0,1,0.160227448719055,86
3492,3,6283,2710,3573,0,0,0,1.0,1,1.0,1,1.0,1,0.1592166731380224,86
3493,5,6288,2710,3578,0,0,0,1.0,1,1.0,1,1.0,1,0.15730266951050972,86
3494,2,6290,2710,3580,0,0,0,1.0,1,1.0,1,1.0,1,0.14618105295806638,86
3495,2,6292,2710,3582,0,0,0,1.0,1,1.0,1,1.0,1,0.1534566873070105,87
3496,1,6293,2710,3583,0,0,0,1.0,1,1.0,1,1.0,1,0.1506081345624466,88
3497,3,6296,2711,3585,0,0,0,1.0,1,1.0,1,1.0,1,0.15534129094686228,89
3498,2,6298,2711,3587,0,0,0,1.0,1,1.0,1,1.0,1,0.15055544972517304,89
3499,2,6300,2712,3588,0,0,0,1.0,1,1.0,1,1.0,1,0.13124980879850218,91
3500,2,6302,2713,3589,0,0,0,1.0,1,1.0,1,1.0,1,0.1258220980726286,90
3501,0,6302,2713,3589,0,0,0,1.0,1,1.0,1,1.0,1,0.1258220980726286,90
3502,0,6302,2713,3589,0,0,0,1.0,1,1.0,1,1.0,1,0.1329466090772542,91
3503,4,6306,2716,3590,0,0,0,1.0,1,1.0,1,1.0,1,0.14113868283617237,91
3504,4,6310,2720,3590,0,0,0,1.0,1,1.0,1,1.0,1,0.18639108061229817,89
3505,2,6312,2721,3591,0,0,0,1.0,1,1.0,1,1.0,1,0.2000383350073786,87
3506,4,6316,2724,3592,0,0,0,1.0,1,1.0,1,1.0,1,0.21921023109177332,87
3507,2,6318,2726,3592,0,0,0,1.0,1,1.0,1,1.0,1,0.19464719041246228,84
3508,1,6319,2727,3592,0,0,0,1.0,1,1.0,1,1.0,1,0.2248623036741602,83
3509,1,6320,2728,3592,0,0,0,1.0,1,1.0,1,1.0,1,0.2248077440406054,80
3510,1,6321,2728,3593,0,0,0,1.0,1,1.0,1,1.0,1,0.2218086002863093,78
3511,9,6330,2730,3600,0,0,0,1.0,1,1.0,1,1.0,1,0.12047144874762501,77
3512,1,6331,2731,3600,0,0,0,1.0,1,1.0,1,1.0,1,0.1282888330786149,74
3513,2,6333,2732,3601,0,0,0,1.0,1,1.0,1,1.0,1,0.1537972018367781,76
3514,2,6335,2733,3602,0,0,0,1.0,1,1.0,1,1.0,1,0.1369482495634318,76
3515,0,6335,2733,3602,0,0,0,1.0,1,1.0,1,1.0,1,0.1401995611041824,75
3516,1,6336,2734,3602,0,0,0,1.0,1,1.0,1,1.0,1,0.16553546173743003,73
3517,4,6340,2737,3603,0,0,0,1.0,1,1.0,1,1.0,1,0.1877158173158335,74
3518,0,6340,2737,3603,0,0,0,1.0,1,1.0,1,1.0,1,0.20594549276223748,74
3519,0,6340,2737,3603,0,0,0,1.0,1,1.0,1,1.0,1,0.2170951235330619,73
3520,1,6341,2737,3604,0,0,0,1.0,1,1.0,1,1.0,1,0.19940622516336734,74
3521,0,6341,2737,3604,0,0,0,1.0,1,1.0,1,1.0,1,0.20875758751962478,75
3522,0,6341,2737,3604,0,0,0,1.0,1,1.0,1,1.0,1,0.20875758751962478,75
3523,0,6341,2737,3604,0,0,0,1.0,1,1.0,1,1.0,1,0.20875758751962478,75
3524,2,6343,2738,3605,0,0,0,1.0,1,1.0,1,1.0,1,0.17799525562555618,75
3525,0,6343,2738,3605,0,0,0,1.0,1,1.0,1,1.0,1,0.1911643688918542,75
3526,6,6349,2740,3609,0,0,0,1.0,1,1.0,1,1.0,1,0.15417864468872422,76
3527,3,6352,2742,3610,0,0,0,1.0,1,1.0,1,1.0,1,0.20810009014067005,77
3528,5,6357,2743,3614,0,0,0,1.0,1,1.0,1,1.0,1,0.19994716124973905,77
3529,3,6360,2744,3616,0,0,0,1.0,1,1.0,1,1.0,1,0.21427915695923952,78
3530,1,6361,2744,3617,0,0,0,1.0,1,1.0,1,1.0,1,0.2452469670612499,78
3531,5,6366,2745,3621,0,0,0,1.0,1,1.0,1,1.0,1,0.2570169597586276,79
3532,6,6372,2746,3626,0,0,0,1.0,1,1.0,1,1.0,1,0.26832432521786415,79
3533,4,6376,2747,3629,0,0,0,1.0,1,1.0,1,1.0,1,0.3040897371933855,79
3534,8,6384,2749,3635,0,0,0,1.0,1,1.0,1,1.0,1,0.31063691773195923,80
3535,11,6395,2749,3646,0,0,0,1.0,1,1.0,1,1.0,1,0.3021924257205951,81
3536,13,6408,2749,3659,0,0,0,1.0,1,1.0,1,1.0,1,0.2867211772169173,82
3537,6,6414,2749,3665,0,0,0,1.0,1,1.0,1,1.0,1,0.2627922228587345,82
3538,9,6423,2749,3674,0,0,0,1.0,1,1.0,1,1.0,1,0.2725682061219947,83
3539,5,6428,2749,3679,0,0,0,1.0,1,1.0,1,1.0,1,0.27005553903145185,83
3540,9,6437,2749,3688,0,0,0,1.0,1,1.0,1,1.0,1,0.26421314950095753,85
3541,7,6444,2749,3695,0,0,0,1.0,1,1.0,1,1.0,1,0.20742667604992499,85
3542,5,6449,2749,3700,0,0,0,1.0,1,1.0,1,1.0,1,0.17682891038887227,88
3543,1,6450,2750,3700,0,0,0,1.0,1,1.0,1,1.0,1,0.1755243118525429,87
3544,1,6451,2751,3700,0,0,0,1.0,1,1.0,1,1.0,1,0.1705710225501791,87
3545,1,6452,2752,3700,0,0,0,1.0,1,1.0,1,1.0,1,0.16648791643061714,85
3546,1,6453,2753,3700,0,0,0,1.0,1,1.0,1,1.0,1,0.1668641483500216,83
3547,0,6453,2753,3700,0,0,0,1.0,1,1.0,1,1.0,1,0.18388504978203246,82
3548,1,6454,2754,3700,0,0,0,1.0,1,1.0,1,1.0,1,0.1875397285507099,82
3549,2,6456,2755,3701,0,0,0,1.0,1,1.0,1,1.0,1,0.18833531251877822,81
3550,2,6458,2756,3702,0,0,0,1.0,1,1.0,1,1.0,1,0.1772716775097434,79
3551,1,6459,2757,3702,0,0,0,1.0,1,1.0,1,1.0,1,0.1773609491612935,80
3552,4,6463,2758,3705,0,0,0,1.0,1,1.0,1,1.0,1,0.1511528097040678,78
3553,2,6465,2758,3707,0,0,0,1.0,1,1.0,1,1.0,1,0.15756169702668363,79
3554,2,6467,2758,3709,0,0,0,1.0,1,1.0,1,1.0,1,0.15583868430753015,77
3555,3,6470,2759,3711,0,0,0,1.0,1,1.0,1,1.0,1,0.1519907974241464,77
3556,3,6473,2759,3714,0,0,0,1.0,1,1.0,1,1.0,1,0.14436976723924508,76
3557,0,6473,2759,3714,0,0,0,1.0,1,1.0,1,1.0,1,0.14423114029538528,76
3558,2,6475,2760,3715,0,0,0,1.0,1,1.0,1,1.0,1,0.15700030560094416,76
3559,1,6476,2760,3716,0,0,0,1.0,1,1.0,1,1.0,1,0.15134312393219146,76
3560,2,6478,2761,3717,0,0,0,1.0,1,1.0,1,1.0,1,0.15732493788624863,78
3561,2,6480,2762,3718,0,0,0,1.0,1,1.0,1,1.0,1,0.15097481744293667,79
3562,2,6482,2763,3719,0,0,0,1.0,1,1.0,1,1.0,1,0.16514516287059436,79
3563,1,6483,2764,3719,0,0,0,1.0,1,1.0,1,1.0,1,0.16466694762523607,79
3564,5,6488,2764,3724,0,0,0,1.0,1,1.0,1,1.0,1,0.16163783161971346,80
3565,5,6493,2765,3728,0,0,0,1.0,1,1.0,1,1.0,1,0.17611056452544258,83
3566,4,6497,2767,3730,0,0,0,1.0,1,1.0,1,1.0,1,0.20509193710581236,84
3567,1,6498,2767,3731,0,0,0,1.0,1,1.0,1,1.0,1,0.1982202936500198,84
3568,7,6505,2767,3738,0,0,0,1.0,1,1.0,1,1.0,1,0.18164163623717386,84
3569,6,6511,2768,3743,0,0,0,1.0,1,1.0,1,1.0,1,0.19165461007185852,84
3570,11,6522,2769,3753,0,0,0,1.0,1,1.0,1,1.0,1,0.18134387491685633,87
3571,7,6529,2771,3758,0,0,0,1.0,1,1.0,1,1.0,1,0.14925070741584534,86
3572,3,6532,2773,3759,0,0,0,1.0,1,1.0,1,1.0,1,0.15445818935646677,87
3573,4,6536,2775,3761,0,0,0,1.0,1,1.0,1,1.0,1,0.16039710659643308,87
3574,2,6538,2777,3761,0,0,0,1.0,1,1.0,1,1.0,1,0.16683449031669378,88
3575,1,6539,2777,3762,0,0,0,1.0,1,1.0,1,1.0,1,0.1518571402550214,88
3576,2,6541,2778,3763,0,0,0,1.0,1,1.0,1,1.0,1,0.14437559916846607,90
3577,0,6541,2778,3763,0,0,0,1.0,1,1.0,1,1.0,1,0.14437559916846607,90
3578,2,6543,2778,3765,0,0,0,1.0,1,1.0,1,1.0,1,0.14554449022593227,91
3579,1,6544,2779,3765,0,0,0,1.0,1,1.0,1,1.0,1,0.148116025148056,91
3580,0,6544,2779,3765,0,0,0,1.0,1,1.0,1,1.0,1,0.16517455640671078,91
3581,2,6546,2781,3765,0,0,0,1.0,1,1.0,1,1.0,1,0.18418175489840022,91
3582,2,6548,2782,3766,0,0,0,1.0,1,1.0,1,1.0,1,0.18095587972627725,92
3583,2,6550,2783,3767,0,0,0,1.0,1,1.0,1,1.0,1,0.18543022997538694,88
3584,2,6552,2785,3767,0,0,0,1.0,1,1.0,1,1.0,1,0.19425044225291063,87
3585,1,6553,2786,3767,0,0,0,1.0,1,1.0,1,1.0,1,0.20809970987268012,84
3586,6,6559,2790,3769,0,0,0,1.0,1,1.0,1,1.0,1,0.16102188994951966,83
3587,3,6562,2791,3771,0,0,0,1.0,1,1.0,1,1.0,1,0.1296132841619934,82
3588,1,6563,2792,3771,0,0,0,1.0,1,1.0,1,1.0,1,0.1298664858969762,81
3589,6,6569,2797,3772,0,0,0,1.0,1,1.0,1,1.0,1,0.15877339057589968,80
3590,2,6571,2799,3772,0,0,0,1.0,1,1.0,1,1.0,1,0.19164026711061458,78
3591,2,6573,2801,3772,0,0,0,1.0,1,1.0,1,1.0,1,0.1891964727708226,77
3592,1,6574,2802,3772,0,0,0,1.0,1,1.0,1,1.0,1,0.22049401979124542,75
3593,1,6575,2802,3773,0,0,0,1.0,1,1.0,1,1.0,1,0.2260663743015202,76
3594,1,6576,2803,3773,0,0,0,1.0,1,1.0,1,1.0,1,0.23053754550827688,74
3595,1,6577,2804,3773,0,0,0,1.0,1,1.0,1,1.0,1,0.2203102011354613,74
3596,1,6578,2805,3773,0,0,0,1.0,1,1.0,1,1.0,1,0.2079776945925963,73
3597,3,6581,2807,3774,0,0,0,1.0,1,1.0,1,1.0,1,0.2123820597880506,73
3598,2,6583,2809,3774,0,0,0,1.0,1,1.0,1,1.0,1,0.2179789452588828,73
3599,1,6584,2810,3774,0,0,0,1.0,1,1.0,1,1.0,1,0.22928775585609654,73
3600,0,6584,2810,3774,0,0,0,1.0,1,1.0,1,1.0,1,0.2368073405975653,74
3601,10,6594,2812,3782,0,0,0,1.0,1,1.0,1,1.0,1,0.19473702572813623,75
3602,1,6595,2812,3783,0,0,0,1.0,1,1.0,1,1.0,1,0.18305837148621715,76
3603,3,6598,2813,3785,0,0,0,1.0,1,1.0,1,1.0,1,0.15606762819818584,77
3604,2,6600,2815,3785,0,0,0,1.0,1,1.0,1,1.0,1,0.1912299837462216,78
3605,2,6602,2817,3785,0,0,0,1.0,1,1.0,1,1.0,1,0.20302707197876785,77
3606,4,6606,2818,3788,0,0,0,1.0,1,1.0,1,1.0,1,0.17781244144648573,79
3607,3,6609,2819,3790,0,0,0,1.0,1,1.0,1,1.0,1,0.1737026080553304,79
3608,1,6610,2819,3791,0,0,0,1.0,1,1.0,1,1.0,1,0.16835040316482863,79
3609,0,6610,2819,3791,0,0,0,1.0,1,1.0,1,1.0,1,0.16835040316482863,79
3610,2,6612,2821,3791,0,0,0,1.0,1,1.0,1,1.0,1,0.185812683532304,80
3611,1,6613,2822,3791,0,0,0,1.0,1,1.0,1,1.0,1,0.1808586910350132,80
3612,5,6618,2824,3794,0,0,0,1.0,1,1.0,1,1.0,1,0.18111086107993088,79
3613,2,6620,2826,3794,0,0,0,1.0,1,1.0,1,1.0,1,0.18069460731138637,79
3614,3,6623,2829,3794,0,0,0,1.0,1,1.0,1,1.0,1,0.1928238589824131,78
3615,1,6624,2829,3795,0,0,0,1.0,1,1.0,1,1.0,1,0.1897054095066906,79
3616,5,6629,2830,3799,0,0,0,1.0,1,1.0,1,1.0,1,0.14693446905159105,79
3617,3,6632,2831,3801,0,0,0,1.0,1,1.0,1,1.0,1,0.14474533250334592,80
3618,3,6635,2832,3803,0,0,0,1.0,1,1.0,1,1.0,1,0.15985243648475472,82
3619,1,6636,2832,3804,0,0,0,1.0,1,1.0,1,1.0,1,0.17484797789303277,82
3620,3,6639,2834,3805,0,0,0,1.0,1,1.0,1,1.0,1,0.18331577179111996,81
3621,2,6641,2834,3807,0,0,0,1.0,1,1.0,1,1.0,1,0.1808300903480942,83
3622,0,6641,2834,3807,0,0,0,1.0,1,1.0,1,1.0,1,0.16725428674805465,81
3623,0,6641,2834,3807,0,0,0,1.0,1,1.0,1,1.0,1,0.16725428674805465,81
3624,1,6642,2835,3807,0,0,0,1.0,1,1.0,1,1.0,1,0.1719470056884869,79
3625,4,6646,2837,3809,0,0,0,1.0,1,1.0,1,1.0,1,0.16572498028352523,80
3626,1,6647,2837,3810,0,0,0,1.0,1,1.0,1,1.0,1,0.1455878746918077,78
3627,5,6652,2838,3814,0,0,0,1.0,1,1.0,1,1.0,1,0.16685328111212125,78
3628,0,6652,2838,3814,0,0,0,1.0,1,1.0,1,1.0,1,0.15199348788141087,77
3629,0,6652,2838,3814,0,0,0,1.0,1,1.0,1,1.0,1,0.14587031196922348,76
3630,1,6653,2839,3814,0,0,0,1.0,1,1.0,1,1.0,1,0.14549074821575708,77
3631,4,6657,2841,3816,0,0,0,1.0,1,1.0,1,1.0,1,0.11529728528783938,75
3632,2,6659,2843,3816,0,0,0,1.0,1,1.0,1,1.0,1,0.15704825088242932,74
3633,2,6661,2845,3816,0,0,0,1.0,1,1.0,1,1.0,1,0.16167499925429496,75
3634,4,6665,2848,3817,0,0,0,1.0,1,1.0,1,1.0,1,0.20703528505104815,74
3635,3,6668,2850,3818,0,0,0,1.0,1,1.0,1,1.0,1,0.20692360250503042,74
3636,0,6668,2850,3818,0,0,0,1.0,1,1.0,1,1.0,1,0.2192045478737873,74
3637,1,6669,2850,3819,0,0,0,1.0,1,1.0,1,1.0,1,0.22839680569812928,74
3638,0,6669,2850,3819,0,0,0,1.0,1,1.0,1,1.0,1,0.2361304042470231,75
3639,6,6675,2854,3821,0,0,0,1.0,1,1.0,1,1.0,1,0.2331135064338348,76
3640,0,6675,2854,3821,0,0,0,1.0,1,1.0,1,1.0,1,0.2331135064338348,76
3641,3,6678,2856,3822,0,0,0,1.0,1,1.0,1,1.0,1,0.2595212672158595,75
3642,5,6683,2858,3825,0,0,0,1.0,1,1.0,1,1.0,1,0.28454953242273834,75
3643,0,6683,2858,3825,0,0,0,1.0,1,1.0,1,1.0,1,0.29286367906249283,74
3644,0,6683,2858,3825,0,0,0,1.0,1,1.0,1,1.0,1,0.29286367906249283,74
3645,0,6683,2858,3825,0,0,0,1.0,1,1.0,1,1.0,1,0.29286367906249283,74
3646,10,6693,2858,3835,0,0,0,1.0,1,1.0,1,1.0,1,0.1991294480660205,75
3647,0,6693,2858,3835,0,0,0,1.0,1,1.0,1,1.0,1,0.20670773387894015,77
3648,1,6694,2858,3836,0,0,0,1.0,1,1.0,1,1.0,1,0.2115536778169839,78
3649,2,6696,2858,3838,0,0,0,1.0,1,1.0,1,1.0,1,0.19049180237570232,80
3650,2,6698,2859,3839,0,0,0,1.0,1,1.0,1,1.0,1,0.21275521696104316,81
3651,1,6699,2859,3840,0,0,0,1.0,1,1.0,1,1.0,1,0.19791752832217144,81
3652,1,6700,2860,3840,0,0,0,1.0,1,1.0,1,1.0,1,0.2294083964561099,83
3653,2,6702,2860,3842,0,0,0,1.0,1,1.0,1,1.0,1,0.21630299559461078,83
3654,2,6704,2860,3844,0,0,0,1.0,1,1.0,1,1.0,1,0.21630299559461078,83
3655,2,6706,2860,3846,0,0,0,1.0,1,1.0,1,1.0,1,0.2082133027702073,84
3656,2,6708,2860,3848,0,0,0,1.0,1,1.0,1,1.0,1,0.21214475892982237,85
3657,3,6711,2860,3851,0,0,0,1.0,1,1.0,1,1.0,1,0.19750956843185757,86
3658,6,6717,2861,3856,0,0,0,1.0,1,1.0,1,1.0,1,0.20698315847013543,87
3659,2,6719,2861,3858,0,0,0,1.0,1,1.0,1,1.0,1,0.20409222717316478,87
3660,3,6722,2861,3861,0,0,0,1.0,1,1.0,1,1.0,1,0.1952642137507218,86
3661,3,6725,2862,3863,0,0,0,1.0,1,1.0,1,1.0,1,0.19109728548446758,86
3662,0,6725,2862,3863,0,0,0,1.0,1,1.0,1,1.0,1,0.20288569600698358,83
3663,5,6730,2865,3865,0,0,0,1.0,1,1.0,1,1.0,1,0.21796549881750243,85
3664,2,6732,2866,3866,0,0,0,1.0,1,1.0,1,1.0,1,0.20300748011629635,82
3665,2,6734,2867,3867,0,0,0,1.0,1,1.0,1,1.0,1,0.2002861897939832,81
3666,3,6737,2869,3868,0,0,0,1.0,1,1.0,1,1.0,1,0.2042237594359834,79
3667,1,6738,2870,3868,0,0,0,1.0,1,1.0,1,1.0,1,0.2159776092840704,79
3668,1,6739,2871,3868,0,0,0,1.0,1,1.0,1,1.0,1,0.23071632716448892,77
3669,2,6741,2873,3868,0,0,0,1.0,1,1.0,1,1.0,1,0.24313243014392816,75
3670,3,6744,2876,3868,0,0,0,1.0,1,1.0,1,1.0,1,0.26894554758286643,76
3671,1,6745,2877,3868,0,0,0,1.0,1,1.0,1,1.0,1,0.24812066883980652,74
3672,1,6746,2878,3868,0,0,0,1.0,1,1.0,1,1.0,1,0.25857649745106953,75
3673,0,6746,2878,3868,0,0,0,1.0,1,1.0,1,1.0,1,0.25857649745106953,75
3674,2,6748,2880,3868,0,0,0,1.0,1,1.0,1,1.0,1,0.27342303967325426,75
3675,2,6750,2880,3870,0,0,0,1.0,1,1.0,1,1.0,1,0.25919871989712767,75
3676,9,6759,2881,3878,0,0,0,1.0,1,1.0,1,1.0,1,0.19232314351548271,75
3677,2,6761,2881,3880,0,0,0,1.0,1,1.0,1,1.0,1,0.18244070636026244,75
3678,0,6761,2881,3880,0,0,0,1.0,1,1.0,1,1.0,1,0.19169006180879816,77
3679,1,6762,2882,3880,0,0,0,1.0,1,1.0,1,1.0,1,0.21096884578441621,78
3680,2,6764,2882,3882,0,0,0,1.0,1,1.0,1,1.0,1,0.19234669097372695,80
3681,3,6767,2882,3885,0,0,0,1.0,1,1.0,1,1.0,1,0.198411968732786,81
3682,1,6768,2882,3886,0,0,0,1.0,1,1.0,1,1.0,1,0.18578937860074146,81
3683,1,6769,2883,3886,0,0,0,1.0,1,1.0,1,1.0,1,0.19938104298407663,81
3684,0,6769,2883,3886,0,0,0,1.0,1,1.0,1,1.0,1,0.19938104298407663,81
3685,0,6769,2883,3886,0,0,0,1.0,1,1.0,1,1.0,1,0.19938104298407663,81
3686,0,6769,2883,3886,0,0,0,1.0,1,1.0,1,1.0,1,0.19938104298407663,81
3687,0,6769,2883,3886,0,0,0,1.0,1,1.0,1,1.0,1,0.19044799607502116,82
3688,0,6769,2883,3886,0,0,0,1.0,1,1.0,1,1.0,1,0.20302409803175944,84
3689,0,6769,2883,3886,0,0,0,1.0,1,1.0,1,1.0,1,0.20302409803175944,84
3690,2,6771,2884,3887,0,0,0,1.0,1,1.0,1,1.0,1,0.21089747180991877,85
3691,1,6772,2884,3888,0,0,0,1.0,1,1.0,1,1.0,1,0.19855716025080714,86
3692,0,6772,2884,3888,0,0,0,1.0,1,1.0,1,1.0,1,0.18653700981433863,86
3693,1,6773,2884,3889,0,0,0,1.0,1,1.0,1,1.0,1,0.182238102096572,86
3694,0,6773,2884,3889,0,0,0,1.0,1,1.0,1,1.0,1,0.182238102096572,86
3695,1,6774,2885,3889,0,0,0,1.0,1,1.0,1,1.0,1,0.20041023542192676,86
3696,0,6774,2885,3889,0,0,0,1.0,1,1.0,1,1.0,1,0.18751463671786764,87
3697,1,6775,2886,3889,0,0,0,1.0,1,1.0,1,1.0,1,0.17321567440271743,85
3698,1,6776,2887,3889,0,0,0,1.0,1,1.0,1,1.0,1,0.17858967901471842,85
3699,1,6777,2888,3889,0,0,0,1.0,1,1.0,1,1.0,1,0.17231463549619364,85
3700,2,6779,2890,3889,0,0,0,1.0,1,1.0,1,1.0,1,0.20181194314138426,84
3701,1,6780,2890,3890,0,0,0,1.0,1,1.0,1,1.0,1,0.19896349505374028,85
3702,2,6782,2892,3890,0,0,0,1.0,1,1.0,1,1.0,1,0.21513878318204857,85
3703,0,6782,2892,3890,0,0,0,1.0,1,1.0,1,1.0,1,0.21513878318204857,85
3704,4,6786,2894,3892,0,0,0,1.0,1,1.0,1,1.0,1,0.22216272983225388,85
3705,1,6787,2894,3893,0,0,0,1.0,1,1.0,1,1.0,1,0.20875585393792084,86
3706,3,6790,2895,3895,0,0,0,1.0,1,1.0,1,1.0,1,0.19828564802659768,86
3707,5,6795,2897,3898,0,0,0,1.0,1,1.0,1,1.0,1,0.18599208768960782,85
3708,2,6797,2897,3900,0,0,0,1.0,1,1.0,1,1.0,1,0.16825046614663933,84
3709,0,6797,2897,3900,0,0,0,1.0,1,1.0,1,1.0,1,0.1687207176726842,85
3710,0,6797,2897,3900,0,0,0,1.0,1,1.0,1,1.0,1,0.16788613665474775,84
3711,1,6798,2897,3901,0,0,0,1.0,1,1.0,1,1.0,1,0.1609233220019089,85
3712,1,6799,2897,3902,0,0,0,1.0,1,1.0,1,1.0,1,0.15700164929888083,85
3713,0,6799,2897,3902,0,0,0,1.0,1,1.0,1,1.0,1,0.15700164929888083,85
3714,1,6800,2898,3902,0,0,0,1.0,1,1.0,1,1.0,1,0.1762738454831339,85
3715,1,6801,2899,3902,0,0,0,1.0,1,1.0,1,1.0,1,0.1743401810825747,85
3716,0,6801,2899,3902,0,0,0,1.0,1,1.0,1,1.0,1,0.18367306801312458,84
3717,0,6801,2899,3902,0,0,0,1.0,1,1.0,1,1.0,1,0.1842348837362072,86
3718,0,6801,2899,3902,0,0,0,1.0,1,1.0,1,1.0,1,0.19569135702232382,85
3719,1,6802,2900,3902,0,0,0,1.0,1,1.0,1,1.0,1,0.1998970205612639,84
3720,2,6804,2900,3904,0,0,0,1.0,1,1.0,1,1.0,1,0.2078001910864818,84
3721,10,6814,2904,3910,0,0,0,1.0,1,1.0,1,1.0,1,0.19542692590414412,85
3722,1,6815,2904,3911,0,0,0,1.0,1,1.0,1,1.0,1,0.18943459340145444,85
3723,3,6818,2905,3913,0,0,0,1.0,1,1.0,1,1.0,1,0.1866593507480964,85
3724,0,6818,2905,3913,0,0,0,1.0,1,1.0,1,1.0,1,0.1790895208815792,86
3725,2,6820,2907,3913,0,0,0,1.0,1,1.0,1,1.0,1,0.18108162542139394,86
3726,0,6820,2907,3913,0,0,0,1.0,1,1.0,1,1.0,1,0.18108162542139394,86
3727,0,6820,2907,3913,0,0,0,1.0,1,1.0,1,1.0,1,0.18108162542139394,86
3728,0,6820,2907,3913,0,0,0,1.0,1,1.0,1,1.0,1,0.18108162542139394,86
3729,0,6820,2907,3913,0,0,0,1.0,1,1.0,1,1.0,1,0.18108162542139394,86
3730,1,6821,2908,3913,0,0,0,1.0,1,1.0,1,1.0,1,0.19159051406111807,85
3731,1,6822,2908,3914,0,0,0,1.0,1,1.0,1,1.0,1,0.19646448382155862,86
3732,2,6824,2909,3915,0,0,0,1.0,1,1.0,1,1.0,1,0.20473059322887924,87
3733,1,6825,2909,3916,0,0,0,1.0,1,1.0,1,1.0,1,0.18871074128334597,87
3734,0,6825,2909,3916,0,0,0,1.0,1,1.0,1,1.0,1,0.18871074128334597,87
3735,5,6830,2911,3919,0,0,0,1.0,1,1.0,1,1.0,1,0.18559977280313764,86
3736,2,6832,2911,3921,0,0,0,1.0,1,1.0,1,1.0,1,0.16228005645302343,87
3737,3,6835,2913,3922,0,0,0,1.0,1,1.0,1,1.0,1,0.19682248498767488,87
3738,1,6836,2914,3922,0,0,0,1.0,1,1.0,1,1.0,1,0.19806994899933586,87
3739,3,6839,2914,3925,0,0,0,1.0,1,1.0,1,1.0,1,0.17840107962617363,88
3740,3,6842,2915,3927,0,0,0,1.0,1,1.0,1,1.0,1,0.18055116998058576,87
3741,2,6844,2915,3929,0,0,0,1.0,1,1.0,1,1.0,1,0.17331345970102968,87
3742,3,6847,2916,3931,0,0,0,1.0,1,1.0,1,1.0,1,0.17950699784488208,86
3743,3,6850,2916,3934,0,0,0,1.0,1,1.0,1,1.0,1,0.18939518970870126,84
3744,5,6855,2919,3936,0,0,0,1.0,1,1.0,1,1.0,1,0.21074831777212868,83
3745,3,6858,2919,3939,0,0,0,1.0,1,1.0,1,1.0,1,0.19628503071565695,83
3746,2,6860,2919,3941,0,0,0,1.0,1,1.0,1,1.0,1,0.22197550725544302,83
3747,4,6864,2920,3944,0,0,0,1.0,1,1.0,1,1.0,1,0.20288054764850938,81
3748,4,6868,2920,3948,0,0,0,1.0,1,1.0,1,1.0,1,0.21233284796763702,81
3749,5,6873,2920,3953,0,0,0,1.0,1,1.0,1,1.0,1,0.183577184380475,80
3750,0,6873,2920,3953,0,0,0,1.0,1,1.0,1,1.0,1,0.18721278339693886,79
3751,9,6882,2923,3959,0,0,0,1.0,1,1.0,1,1.0,1,0.16966574051544467,80
3752,2,6884,2924,3960,0,0,0,1.0,1,1.0,1,1.0,1,0.1814796818865943,80
3753,3,6887,2927,3960,0,0,0,1.0,1,1.0,1,1.0,1,0.20990359696931965,81
3754,5,6892,2928,3964,0,0,0,1.0,1,1.0,1,1.0,1,0.2277366878466198,81
3755,3,6895,2929,3966,0,0,0,1.0,1,1.0,1,1.0,1,0.21213013673118847,80
3756,2,6897,2931,3966,0,0,0,1.0,1,1.0,1,1.0,1,0.2139575431911842,79
3757,0,6897,2931,3966,0,0,0,1.0,1,1.0,1,1.0,1,0.22352603125326748,80
3758,0,6897,2931,3966,0,0,0,1.0,1,1.0,1,1.0,1,0.2313157934116457,79
3759,1,6898,2932,3966,0,0,0,1.0,1,1.0,1,1.0,1,0.2462132133989036,79
3760,0,6898,2932,3966,0,0,0,1.0,1,1.0,1,1.0,1,0.2462132133989036,79
3761,0,6898,2932,3966,0,0,0,1.0,1,1.0,1,1.0,1,0.25741372393283135,78
3762,3,6901,2932,3969,0,0,0,1.0,1,1.0,1,1.0,1,0.23385374807362808,80
3763,1,6902,2932,3970,0,0,0,1.0,1,1.0,1,1.0,1,0.23661259888564984,80
3764,3,6905,2934,3971,0,0,0,1.0,1,1.0,1,1.0,1,0.2617983939272516,80
3765,2,6907,2934,3973,0,0,0,1.0,1,1.0,1,1.0,1,0.27132974743542493,81
3766,8,6915,2936,3979,0,0,0,1.0,1,1.0,1,1.0,1,0.21197095166745056,83
3767,3,6918,2936,3982,0,0,0,1.0,1,1.0,1,1.0,1,0.1971441067160131,83
3768,2,6920,2937,3983,0,0,0,1.0,1,1.0,1,1.0,1,0.19135819130770676,84
3769,0,6920,2937,3983,0,0,0,1.0,1,1.0,1,1.0,1,0.17744493203314432,86
3770,0,6920,2937,3983,0,0,0,1.0,1,1.0,1,1.0,1,0.18009990619514543,87
3771,1,6921,2938,3983,0,0,0,1.0,1,1.0,1,1.0,1,0.1833205458007733,87
3772,0,6921,2938,3983,0,0,0,1.0,1,1.0,1,1.0,1,0.2018488707543516,88
3773,0,6921,2938,3983,0,0,0,1.0,1,1.0,1,1.0,1,0.21766079939988012,85
3774,5,6926,2939,3987,0,0,0,1.0,1,1.0,1,1.0,1,0.190605752334445,85
3775,2,6928,2940,3988,0,0,0,1.0,1,1.0,1,1.0,1,0.21137889794879214,83
3776,3,6931,2941,3990,0,0,0,1.0,1,1.0,1,1.0,1,0.22394992693883525,82
3777,4,6935,2943,3992,0,0,0,1.0,1,1.0,1,1.0,1,0.23094057169848237,81
3778,2,6937,2943,3994,0,0,0,1.0,1,1.0,1,1.0,1,0.22543993210625032,81
3779,5,6942,2945,3997,0,0,0,1.0,1,1.0,1,1.0,1,0.24300280817303016,80
3780,2,6944,2946,3998,0,0,0,1.0,1,1.0,1,1.0,1,0.23940625430508736,80
3781,4,6948,2946,4002,0,0,0,1.0,1,1.0,1,1.0,1,0.2014814352546911,80
3782,0,6948,2946,4002,0,0,0,1.0,1,1.0,1,1.0,1,0.2014814352546911,80
3783,3,6951,2948,4003,0,0,0,1.0,1,1.0,1,1.0,1,0.21382918629578662,80
3784,1,6952,2948,4004,0,0,0,1.0,1,1.0,1,1.0,1,0.20753567412617216,79
3785,1,6953,2949,4004,0,0,0,1.0,1,1.0,1,1.0,1,0.23452760464940434,77
3786,3,6956,2952,4004,0,0,0,1.0,1,1.0,1,1.0,1,0.22447286958914345,78
3787,1,6957,2952,4005,0,0,0,1.0,1,1.0,1,1.0,1,0.20524290205018425,77
3788,1,6958,2952,4006,0,0,0,1.0,1,1.0,1,1.0,1,0.19857118786249883,78
3789,2,6960,2953,4007,0,0,0,1.0,1,1.0,1,1.0,1,0.2020428668938152,77
3790,1,6961,2954,4007,0,0,0,1.0,1,1.0,1,1.0,1,0.21718468405237615,77
3791,1,6962,2955,4007,0,0,0,1.0,1,1.0,1,1.0,1,0.22350584336350968,77
3792,0,6962,2955,4007,0,0,0,1.0,1,1.0,1,1.0,1,0.20817379917833773,78
3793,2,6964,2957,4007,0,0,0,1.0,1,1.0,1,1.0,1,0.21546960844474403,80
3794,0,6964,2957,4007,0,0,0,1.0,1,1.0,1,1.0,1,0.21284112730949067,82
3795,2,6966,2957,4009,0,0,0,1.0,1,1.0,1,1.0,1,0.20874335442921008,83
3796,2,6968,2957,4011,0,0,0,1.0,1,1.0,1,1.0,1,0.1885908032672111,83
3797,0,6968,2957,4011,0,0,0,1.0,1,1.0,1,1.0,1,0.19857695474897236,82
3798,1,6969,2957,4012,0,0,0,1.0,1,1.0,1,1.0,1,0.19709728577217436,82
3799,1,6970,2957,4013,0,0,0,1.0,1,1.0,1,1.0,1,0.19733613684956955,83
3800,5,6975,2957,4018,0,0,0,1.0,1,1.0,1,1.0,1,0.18848346866458437,83
3801,2,6977,2958,4019,0,0,0,1.0,1,1.0,1,1.0,1,0.1912522167224158,83
3802,1,6978,2958,4020,0,0,0,1.0,1,1.0,1,1.0,1,0.2013600448265918,82
3803,0,6978,2958,4020,0,0,0,1.0,1,1.0,1,1.0,1,0.19701149238192314,84
3804,0,6978,2958,4020,0,0,0,1.0,1,1.0,1,1.0,1,0.19701149238192314,84
3805,3,6981,2959,4022,0,0,0,1.0,1,1.0,1,1.0,1,0.22161682545290243,86
3806,3,6984,2961,4023,0,0,0,1.0,1,1.0,1,1.0,1,0.206346959639473,86
3807,1,6985,2962,4023,0,0,0,1.0,1,1.0,1,1.0,1,0.22018973980477846,86
3808,1,6986,2963,4023,0,0,0,1.0,1,1.0,1,1.0,1,0.21567575291059304,85
3809,1,6987,2964,4023,0,0,0,1.0,1,1.0,1,1.0,1,0.2304309750592039,85
3810,1,6988,2965,4023,0,0,0,1.0,1,1.0,1,1.0,1,0.23648707738689853,85
3811,6,6994,2967,4027,0,0,0,1.0,1,1.0,1,1.0,1,0.19869497010587653,84
3812,2,6996,2967,4029,0,0,0,1.0,1,1.0,1,1.0,1,0.1778937025745984,83
3813,0,6996,2967,4029,0,0,0,1.0,1,1.0,1,1.0,1,0.16064578825433318,82
3814,2,6998,2969,4029,0,0,0,1.0,1,1.0,1,1.0,1,0.1730361606779053,81
3815,1,6999,2969,4030,0,0,0,1.0,1,1.0,1,1.0,1,0.15227470630355117,82
3816,2,7001,2970,4031,0,0,0,1.0,1,1.0,1,1.0,1,0.14347870180819308,81
3817,0,7001,2970,4031,0,0,0,1.0,1,1.0,1,1.0,1,0.14347870180819308,81
3818,2,7003,2971,4032,0,0,0,1.0,1,1.0,1,1.0,1,0.15422618857103246,81
3819,1,7004,2972,4032,0,0,0,1.0,1,1.0,1,1.0,1,0.18049216562970416,82
3820,2,7006,2972,4034,0,0,0,1.0,1,1.0,1,1.0,1,0.17020916611057346,84
3821,4,7010,2975,4035,0,0,0,1.0,1,1.0,1,1.0,1,0.22300554917201035,84
3822,1,7011,2975,4036,0,0,0,1.0,1,1.0,1,1.0,1,0.20773667521024516,82
3823,3,7014,2978,4036,0,0,0,1.0,1,1.0,1,1.0,1,0.21227641777753734,81
3824,0,7014,2978,4036,0,0,0,1.0,1,1.0,1,1.0,1,0.21873024042695077,78
3825,1,7015,2978,4037,0,0,0,1.0,1,1.0,1,1.0,1,0.23035814279207587,76
3826,6,7021,2979,4042,0,0,0,1.0,1,1.0,1,1.0,1,0.2233684962590403,76
3827,6,7027,2981,4046,0,0,0,1.0,1,1.0,1,1.0,1,0.19631983469173314,75
3828,2,7029,2982,4047,0,0,0,1.0,1,1.0,1,1.0,1,0.20301880591483623,74
3829,3,7032,2984,4048,0,0,0,1.0,1,1.0,1,1.0,1,0.2309693142817714,74
3830,2,7034,2986,4048,0,0,0,1.0,1,1.0,1,1.0,1,0.22258549814860024,74
3831,3,7037,2988,4049,0,0,0,1.0,1,1.0,1,1.0,1,0.25543914233267506,74
3832,1,7038,2988,4050,0,0,0,1.0,1,1.0,1,1.0,1,0.2605524425584012,73
3833,2,7040,2988,4052,0,0,0,1.0,1,1.0,1,1.0,1,0.2617545551071867,73
3834,1,7041,2988,4053,0,0,0,1.0,1,1.0,1,1.0,1,0.2644043120468525,74
3835,1,7042,2989,4053,0,0,0,1.0,1,1.0,1,1.0,1,0.2899144386873327,75
3836,1,7043,2989,4054,0,0,0,1.0,1,1.0,1,1.0,1,0.2901912530931581,75
3837,5,7048,2990,4058,0,0,0,1.0,1,1.0,1,1.0,1,0.30519018588259955,78
3838,2,7050,2991,4059,0,0,0,1.0,1,1.0,1,1.0,1,0.307544534269133,78
3839,1,7051,2991,4060,0,0,0,1.0,1,1.0,1,1.0,1,0.3085450660764131,79
3840,4,7055,2992,4063,0,0,0,1.0,1,1.0,1,1.0,1,0.31505346430708603,82
3841,10,7065,2992,4073,0,0,0,1.0,1,1.0,1,1.0,1,0.21419135341801634,82
3842,1,7066,2992,4074,0,0,0,1.0,1,1.0,1,1.0,1,0.20955770262448262,82
3843,1,7067,2992,4075,0,0,0,1.0,1,1.0,1,1.0,1,0.1913768525907789,82
3844,0,7067,2992,4075,0,0,0,1.0,1,1.0,1,1.0,1,0.18874265340174476,83
3845,0,7067,2992,4075,0,0,0,1.0,1,1.0,1,1.0,1,0.18926384664560378,84
3846,2,7069,2992,4077,0,0,0,1.0,1,1.0,1,1.0,1,0.17316226217232805,85
3847,0,7069,2992,4077,0,0,0,1.0,1,1.0,1,1.0,1,0.1850434035721234,84
3848,3,7072,2995,4077,0,0,0,1.0,1,1.0,1,1.0,1,0.20424357769962173,84
3849,0,7072,2995,4077,0,0,0,1.0,1,1.0,1,1.0,1,0.19610479991959184,83
3850,2,7074,2995,4079,0,0,0,1.0,1,1.0,1,1.0,1,0.2028308203122968,80
3851,0,7074,2995,4079,0,0,0,1.0,1,1.0,1,1.0,1,0.2028308203122968,80
3852,0,7074,2995,4079,0,0,0,1.0,1,1.0,1,1.0,1,0.22002496819818332,79
3853,1,7075,2996,4079,0,0,0,1.0,1,1.0,1,1.0,1,0.23281415895106514,79
3854,2,7077,2998,4079,0,0,0,1.0,1,1.0,1,1.0,1,0.26173713795079584,78
3855,2,7079,2999,4080,0,0,0,1.0,1,1.0,1,1.0,1,0.272949527370837,78
3856,5,7084,3000,4084,0,0,0,1.0,1,1.0,1,1.0,1,0.2531481663795471,80
3857,1,7085,3000,4085,0,0,0,1.0,1,1.0,1,1.0,1,0.23360666327274537,81
3858,1,7086,3001,4085,0,0,0,1.0,1,1.0,1,1.0,1,0.2389317586129291,81
3859,1,7087,3001,4086,0,0,0,1.0,1,1.0,1,1.0,1,0.24132669867258394,83
3860,2,7089,3002,4087,0,0,0,1.0,1,1.0,1,1.0,1,0.25944833367936215,82
3861,4,7093,3003,4090,0,0,0,1.0,1,1.0,1,1.0,1,0.28286457133567827,84
3862,3,7096,3005,4091,0,0,0,1.0,1,1.0,1,1.0,1,0.2995470299142557,85
3863,5,7101,3005,4096,0,0,0,1.0,1,1.0,1,1.0,1,0.27454454252237726,84
3864,3,7104,3006,4098,0,0,0,1.0,1,1.0,1,1.0,1,0.2664242930371884,83
3865,1,7105,3007,4098,0,0,0,1.0,1,1.0,1,1.0,1,0.2692138245250888,82
3866,2,7107,3008,4099,0,0,0,1.0,1,1.0,1,1.0,1,0.27044989067374514,81
3867,5,7112,3011,4101,0,0,0,1.0,1,1.0,1,1.0,1,0.26609363816842635,81
3868,2,7114,3013,4101,0,0,0,1.0,1,1.0,1,1.0,1,0.2755885391105608,81
3869,2,7116,3014,4102,0,0,0,1.0,1,1.0,1,1.0,1,0.2827001743534983,81
3870,0,7116,3014,4102,0,0,0,1.0,1,1.0,1,1.0,1,0.268614552361707,80
3871,12,7128,3018,4110,0,0,0,1.0,1,1.0,1,1.0,1,0.17160349966420718,82
3872,0,7128,3018,4110,0,0,0,1.0,1,1.0,1,1.0,1,0.16827256644482597,81
3873,1,7129,3018,4111,0,0,0,1.0,1,1.0,1,1.0,1,0.16119930101238877,81
3874,4,7133,3020,4113,0,0,0,1.0,1,1.0,1,1.0,1,0.1461141484657355,78
3875,0,7133,3020,4113,0,0,0,1.0,1,1.0,1,1.0,1,0.1457051456682939,77
3876,3,7136,3022,4114,0,0,0,1.0,1,1.0,1,1.0,1,0.13345895141045772,78
3877,1,7137,3022,4115,0,0,0,1.0,1,1.0,1,1.0,1,0.12865736437010036,75
3878,2,7139,3023,4116,0,0,0,1.0,1,1.0,1,1.0,1,0.1286157209633989,75
3879,0,7139,3023,4116,0,0,0,1.0,1,1.0,1,1.0,1,0.1552577513466142,73
3880,0,7139,3023,4116,0,0,0,1.0,1,1.0,1,1.0,1,0.14361769922027823,74
3881,2,7141,3024,4117,0,0,0,1.0,1,1.0,1,1.0,1,0.14679134200687036,75
3882,1,7142,3024,4118,0,0,0,1.0,1,1.0,1,1.0,1,0.14738413388849592,76
3883,0,7142,3024,4118,0,0,0,1.0,1,1.0,1,1.0,1,0.1464548455959433,77
3884,2,7144,3024,4120,0,0,0,1.0,1,1.0,1,1.0,1,0.1449397781678208,78
3885,0,7144,3024,4120,0,0,0,1.0,1,1.0,1,1.0,1,0.1449397781678208,78
3886,7,7151,3026,4125,0,0,0,1.0,1,1.0,1,1.0,1,0.12304846583737326,79
3887,2,7153,3027,4126,0,0,0,1.0,1,1.0,1,1.0,1,0.11689241009661555,78
3888,4,7157,3029,4128,0,0,0,1.0,1,1.0,1,1.0,1,0.16273236627030147,80
3889,6,7163,3030,4133,0,0,0,1.0,1,1.0,1,1.0,1,0.15159693237296207,82
3890,4,7167,3031,4136,0,0,0,1.0,1,1.0,1,1.0,1,0.15526653358687056,82
3891,3,7170,3032,4138,0,0,0,1.0,1,1.0,1,1.0,1,0.17196479663954128,85
3892,3,7173,3034,4139,0,0,0,1.0,1,1.0,1,1.0,1,0.20199819495175575,87
3893,2,7175,3035,4140,0,0,0,1.0,1,1.0,1,1.0,1,0.19674468532396772,86
3894,1,7176,3035,4141,0,0,0,1.0,1,1.0,1,1.0,1,0.19958586419766375,87
3895,3,7179,3036,4143,0,0,0,1.0,1,1.0,1,1.0,1,0.21217924732298485,87
3896,6,7185,3036,4149,0,0,0,1.0,1,1.0,1,1.0,1,0.22382643036211103,85
3897,7,7192,3038,4154,0,0,0,1.0,1,1.0,1,1.0,1,0.1991964144841254,85
3898,7,7199,3038,4161,0,0,0,1.0,1,1.0,1,1.0,1,0.20945257575221,86
3899,5,7204,3039,4165,0,0,0,1.0,1,1.0,1,1.0,1,0.2089909239165159,86
3900,5,7209,3039,4170,0,0,0,1.0,1,1.0,1,1.0,1,0.20558995105198616,86
3901,4,7213,3039,4174,0,0,0,1.0,1,1.0,1,1.0,1,0.18353652162252007,86
3902,1,7214,3040,4174,0,0,0,1.0,1,1.0,1,1.0,1,0.1838934133733943,87
3903,1,7215,3040,4175,0,0,0,1.0,1,1.0,1,1.0,1,0.16965967244720911,87
3904,1,7216,3041,4175,0,0,0,1.0,1,1.0,1,1.0,1,0.17662739567159588,85
3905,0,7216,3041,4175,0,0,0,1.0,1,1.0,1,1.0,1,0.18227167395222496,84
3906,3,7219,3042,4177,0,0,0,1.0,1,1.0,1,1.0,1,0.1728810178301152,86
3907,2,7221,3043,4178,0,0,0,1.0,1,1.0,1,1.0,1,0.1756457506011542,84
3908,0,7221,3043,4178,0,0,0,1.0,1,1.0,1,1.0,1,0.1732123840599802,83
3909,2,7223,3044,4179,0,0,0,1.0,1,1.0,1,1.0,1,0.18352372373745657,81
3910,3,7226,3046,4180,0,0,0,1.0,1,1.0,1,1.0,1,0.16036332285469498,82
3911,2,7228,3048,4180,0,0,0,1.0,1,1.0,1,1.0,1,0.17497835900729916,81
3912,1,7229,3048,4181,0,0,0,1.0,1,1.0,1,1.0,1,0.1672264182037529,80
3913,3,7232,3051,4181,0,0,0,1.0,1,1.0,1,1.0,1,0.19195697423139255,80
3914,2,7234,3052,4182,0,0,0,1.0,1,1.0,1,1.0,1,0.19786291758300067,81
3915,3,7237,3054,4183,0,0,0,1.0,1,1.0,1,1.0,1,0.2229466763839994,81
3916,8,7245,3057,4188,0,0,0,1.0,1,1.0,1,1.0,1,0.20639777896620193,81
3917,2,7247,3058,4189,0,0,0,1.0,1,1.0,1,1.0,1,0.20410625550375597,82
3918,11,7258,3059,4199,0,0,0,1.0,1,1.0,1,1.0,1,0.17516333362042846,85
3919,3,7261,3060,4201,0,0,0,1.0,1,1.0,1,1.0,1,0.1813978188314536,85
3920,2,7263,3061,4202,0,0,0,1.0,1,1.0,1,1.0,1,0.18430418395604858,85
3921,2,7265,3061,4204,0,0,0,1.0,1,1.0,1,1.0,1,0.1740344436153401,88
3922,2,7267,3062,4205,0,0,0,1.0,1,1.0,1,1.0,1,0.1676517991295441,88
3923,7,7274,3063,4211,0,0,0,1.0,1,1.0,1,1.0,1,0.1489813936067202,89
3924,2,7276,3063,4213,0,0,0,1.0,1,1.0,1,1.0,1,0.14902634855687932,90
3925,1,7277,3064,4213,0,0,0,1.0,1,1.0,1,1.0,1,0.14531650528940313,88
3926,0,7277,3064,4213,0,0,0,1.0,1,1.0,1,1.0,1,0.14767392958877973,89
3927,4,7281,3064,4217,0,0,0,1.0,1,1.0,1,1.0,1,0.1527237803999488,89
3928,2,7283,3064,4219,0,0,0,1.0,1,1.0,1,1.0,1,0.14998517085713806,88
3929,1,7284,3064,4220,0,0,0,1.0,1,1.0,1,1.0,1,0.16058713630213556,88
3930,1,7285,3064,4221,0,0,0,1.0,1,1.0,1,1.0,1,0.16230657478490293,87
3931,4,7289,3065,4224,0,0,0,1.0,1,1.0,1,1.0,1,0.14618607768782954,86
3932,1,7290,3066,4224,0,0,0,1.0,1,1.0,1,1.0,1,0.15343474839653212,85
3933,1,7291,3067,4224,0,0,0,1.0,1,1.0,1,1.0,1,0.16507885757517632,84
3934,0,7291,3067,4224,0,0,0,1.0,1,1.0,1,1.0,1,0.17878248357278792,85
3935,2,7293,3069,4224,0,0,0,1.0,1,1.0,1,1.0,1,0.20633655490443842,84
3936,0,7293,3069,4224,0,0,0,1.0,1,1.0,1,1.0,1,0.20045480765598248,84
3937,2,7295,3069,4226,0,0,0,1.0,1,1.0,1,1.0,1,0.17520236079883236,82
3938,0,7295,3069,4226,0,0,0,1.0,1,1.0,1,1.0,1,0.17520236079883236,82
3939,1,7296,3070,4226,0,0,0,1.0,1,1.0,1,1.0,1,0.1651949633454677,84
3940,2,7298,3071,4227,0,0,0,1.0,1,1.0,1,1.0,1,0.1539613879942056,84
3941,1,7299,3072,4227,0,0,0,1.0,1,1.0,1,1.0,1,0.14055614484568116,85
3942,4,7303,3076,4227,0,0,0,1.0,1,1.0,1,1.0,1,0.19193294558707433,85
3943,3,7306,3077,4229,0,0,0,1.0,1,1.0,1,1.0,1,0.16398732778225292,84
3944,6,7312,3079,4233,0,0,0,1.0,1,1.0,1,1.0,1,0.17183207809543868,83
3945,1,7313,3080,4233,0,0,0,1.0,1,1.0,1,1.0,1,0.18000558974905406,83
3946,9,7322,3081,4241,0,0,0,1.0,1,1.0,1,1.0,1,0.14113766933385602,83
3947,0,7322,3081,4241,0,0,0,1.0,1,1.0,1,1.0,1,0.14113766933385602,83
3948,2,7324,3082,4242,0,0,0,1.0,1,1.0,1,1.0,1,0.16376324233105108,84
3949,0,7324,3082,4242,0,0,0,1.0,1,1.0,1,1.0,1,0.18223906168588977,84
3950,1,7325,3083,4242,0,0,0,1.0,1,1.0,1,1.0,1,0.18767200876864215,86
3951,2,7327,3083,4244,0,0,0,1.0,1,1.0,1,1.0,1,0.18982609799536426,87
3952,2,7329,3084,4245,0,0,0,1.0,1,1.0,1,1.0,1,0.190513971852011,86
3953,2,7331,3085,4246,0,0,0,1.0,1,1.0,1,1.0,1,0.2165670201479363,86
3954,2,7333,3085,4248,0,0,0,1.0,1,1.0,1,1.0,1,0.2010771334594533,85
3955,3,7336,3085,4251,0,0,0,1.0,1,1.0,1,1.0,1,0.19413661034722185,85
3956,1,7337,3085,4252,0,0,0,1.0,1,1.0,1,1.0,1,0.18911617372734063,84
3957,0,7337,3085,4252,0,0,0,1.0,1,1.0,1,1.0,1,0.19495282908860057,85
3958,1,7338,3086,4252,0,0,0,1.0,1,1.0,1,1.0,1,0.19928952087288437,84
3959,0,7338,3086,4252,0,0,0,1.0,1,1.0,1,1.0,1,0.20911635918898044,83
3960,1,7339,3087,4252,0,0,0,1.0,1,1.0,1,1.0,1,0.22051363974323807,84
3961,9,7348,3088,4260,0,0,0,1.0,1,1.0,1,1.0,1,0.18040425674964666,83
3962,1,7349,3088,4261,0,0,0,1.0,1,1.0,1,1.0,1,0.1668630710405115,84
3963,3,7352,3089,4263,0,0,0,1.0,1,1.0,1,1.0,1,0.1513428833889031,81
3964,1,7353,3090,4263,0,0,0,1.0,1,1.0,1,1.0,1,0.17010158387970575,81
3965,2,7355,3090,4265,0,0,0,1.0,1,1.0,1,1.0,1,0.1618673481969406,81
3966,1,7356,3091,4265,0,0,0,1.0,1,1.0,1,1.0,1,0.18615042312933938,79
3967,3,7359,3092,4267,0,0,0,1.0,1,1.0,1,1.0,1,0.1823867712134082,81
3968,0,7359,3092,4267,0,0,0,1.0,1,1.0,1,1.0,1,0.21031833904835615,79
3969,5,7364,3096,4268,0,0,0,1.0,1,1.0,1,1.0,1,0.25309353021920317,79
3970,2,7366,3097,4269,0,0,0,1.0,1,1.0,1,1.0,1,0.24224763592413281,78
3971,1,7367,3098,4269,0,0,0,1.0,1,1.0,1,1.0,1,0.2555930975537834,77
3972,1,7368,3099,4269,0,0,0,1.0,1,1.0,1,1.0,1,0.2554328934784183,78
3973,0,7368,3099,4269,0,0,0,1.0,1,1.0,1,1.0,1,0.25374606825457063,77
3974,0,7368,3099,4269,0,0,0,1.0,1,1.0,1,1.0,1,0.25374606825457063,77
3975,1,7369,3100,4269,0,0,0,1.0,1,1.0,1,1.0,1,0.2756509823742857,76
3976,5,7374,3100,4274,0,0,0,1.0,1,1.0,1,1.0,1,0.24183080689358571,77
3977,1,7375,3100,4275,0,0,0,1.0,1,1.0,1,1.0,1,0.24177846542388523,78
3978,3,7378,3101,4277,0,0,0,1.0,1,1.0,1,1.0,1,0.25102465864984574,79
3979,1,7379,3101,4278,0,0,0,1.0,1,1.0,1,1.0,1,0.24547824263236181,79
3980,0,7379,3101,4278,0,0,0,1.0,1,1.0,1,1.0,1,0.24547824263236181,79
3981,4,7383,3103,4280,0,0,0,1.0,1,1.0,1,1.0,1,0.25137428359717023,83
3982,2,7385,3104,4281,0,0,0,1.0,1,1.0,1,1.0,1,0.245933010690675,83
3983,2,7387,3106,4281,0,0,0,1.0,1,1.0,1,1.0,1,0.24215633595346908,82
3984,11,7398,3108,4290,0,0,0,1.0,1,1.0,1,1.0,1,0.2143247523011135,83
3985,2,7400,3109,4291,0,0,0,1.0,1,1.0,1,1.0,1,0.2114994990194654,84
3986,2,7402,3110,4292,0,0,0,1.0,1,1.0,1,1.0,1,0.2205353691053214,83
3987,3,7405,3111,4294,0,0,0,1.0,1,1.0,1,1.0,1,0.2338662750535316,82
3988,2,7407,3111,4296,0,0,0,1.0,1,1.0,1,1.0,1,0.2353644743203196,83
3989,4,7411,3111,4300,0,0,0,1.0,1,1.0,1,1.0,1,0.24748458259709843,81
3990,6,7417,3112,4305,0,0,0,1.0,1,1.0,1,1.0,1,0.2393236877770523,81
3991,11,7428,3113,4315,0,0,0,1.0,1,1.0,1,1.0,1,0.171174236383773,79
3992,2,7430,3113,4317,0,0,0,1.0,1,1.0,1,1.0,1,0.15765811960183287,81
3993,1,7431,3113,4318,0,0,0,1.0,1,1.0,1,1.0,1,0.16192278987263303,80
3994,1,7432,3113,4319,0,0,0,1.0,1,1.0,1,1.0,1,0.14842071598192594,80
3995,1,7433,3114,4319,0,0,0,1.0,1,1.0,1,1.0,1,0.1460866327795887,81
3996,0,7433,3114,4319,0,0,0,1.0,1,1.0,1,1.0,1,0.17456156259335878,80
3997,1,7434,3114,4320,0,0,0,1.0,1,1.0,1,1.0,1,0.16822550348920945,81
3998,1,7435,3115,4320,0,0,0,1.0,1,1.0,1,1.0,1,0.16231624948007622,82
3999,2,7437,3116,4321,0,0,0,1.0,1,1.0,1,1.0,1,0.15529250584806858,82
4000,4,7441,3119,4322,0,0,0,1.0,1,1.0,1,1.0,1,0.1676282263759721,82
4001,2,7443,3120,4323,0,0,0,1.0,1,1.0,1,1.0,1,0.16237990470564315,81
4002,2,7445,3122,4323,0,0,0,1.0,1,1.0,1,1.0,1,0.16334600139528588,81
4003,0,7445,3122,4323,0,0,0,1.0,1,1.0,1,1.0,1,0.16579620141579465,81
4004,2,7447,3124,4323,0,0,0,1.0,1,1.0,1,1.0,1,0.1608044730078584,80
4005,3,7450,3125,4325,0,0,0,1.0,1,1.0,1,1.0,1,0.13819689147331626,78
4006,3,7453,3126,4327,0,0,0,1.0,1,1.0,1,1.0,1,0.10439996305627358,76
4007,1,7454,3127,4327,0,0,0,1.0,1,1.0,1,1.0,1,0.1259111136537681,75
4008,2,7456,3128,4328,0,0,0,1.0,1,1.0,1,1.0,1,0.15076938894671552,74
4009,2,7458,3130,4328,0,0,0,1.0,1,1.0,1,1.0,1,0.21705055952933516,75
4010,3,7461,3130,4331,0,0,0,1.0,1,1.0,1,1.0,1,0.21703510320853397,75
4011,2,7463,3132,4331,0,0,0,1.0,1,1.0,1,1.0,1,0.2199149218147866,74
4012,3,7466,3133,4333,0,0,0,1.0,1,1.0,1,1.0,1,0.20762579908805157,74
4013,1,7467,3134,4333,0,0,0,1.0,1,1.0,1,1.0,1,0.20650539700873846,74
4014,1,7468,3135,4333,0,0,0,1.0,1,1.0,1,1.0,1,0.23949237580008492,73
4015,2,7470,3135,4335,0,0,0,1.0,1,1.0,1,1.0,1,0.2401520964330032,74
4016,2,7472,3136,4336,0,0,0,1.0,1,1.0,1,1.0,1,0.2675635429736205,74
4017,7,7479,3136,4343,0,0,0,1.0,1,1.0,1,1.0,1,0.2510710954014578,78
4018,4,7483,3136,4347,0,0,0,1.0,1,1.0,1,1.0,1,0.25881932512917866,78
4019,3,7486,3137,4349,0,0,0,1.0,1,1.0,1,1.0,1,0.26231616151159864,78
4020,4,7490,3137,4353,0,0,0,1.0,1,1.0,1,1.0,1,0.2660280795234336,78
4021,5,7495,3137,4358,0,0,0,1.0,1,1.0,1,1.0,1,0.21846113244777954,78
4022,1,7496,3137,4359,0,0,0,1.0,1,1.0,1,1.0,1,0.19806986993910458,79
4023,1,7497,3137,4360,0,0,0,1.0,1,1.0,1,1.0,1,0.19703532452448413,78
4024,1,7498,3138,4360,0,0,0,1.0,1,1.0,1,1.0,1,0.2320222562438297,77
4025,1,7499,3139,4360,0,0,0,1.0,1,1.0,1,1.0,1,0.26118472812324245,76
4026,2,7501,3140,4361,0,0,0,1.0,1,1.0,1,1.0,1,0.23745862757256506,76
4027,5,7506,3144,4362,0,0,0,1.0,1,1.0,1,1.0,1,0.24170246672803236,75
4028,4,7510,3145,4365,0,0,0,1.0,1,1.0,1,1.0,1,0.20809219584975386,76
4029,1,7511,3146,4365,0,0,0,1.0,1,1.0,1,1.0,1,0.215870589367422,75
4030,2,7513,3147,4366,0,0,0,1.0,1,1.0,1,1.0,1,0.21385492410433438,74
4031,4,7517,3150,4367,0,0,0,1.0,1,1.0,1,1.0,1,0.2453585421117162,73
4032,1,7518,3150,4368,0,0,0,1.0,1,1.0,1,1.0,1,0.25663458481767326,71
4033,0,7518,3150,4368,0,0,0,1.0,1,1.0,1,1.0,1,0.24698222435119138,73
4034,4,7522,3154,4368,0,0,0,1.0,1,1.0,1,1.0,1,0.20739665301273302,72
4035,0,7522,3154,4368,0,0,0,1.0,1,1.0,1,1.0,1,0.2262368619036868,71
4036,9,7531,3157,4374,0,0,0,1.0,1,1.0,1,1.0,1,0.13853266317537505,71
4037,0,7531,3157,4374,0,0,0,1.0,1,1.0,1,1.0,1,0.1423948833979908,70
4038,2,7533,3159,4374,0,0,0,1.0,1,1.0,1,1.0,1,0.15721308292570835,69
4039,1,7534,3160,4374,0,0,0,1.0,1,1.0,1,1.0,1,0.17954893532339564,68
4040,4,7538,3163,4375,0,0,0,1.0,1,1.0,1,1.0,1,0.2034404784198382,69
4041,3,7541,3164,4377,0,0,0,1.0,1,1.0,1,1.0,1,0.24388789208306993,67
4042,3,7544,3164,4380,0,0,0,1.0,1,1.0,1,1.0,1,0.28723524794121846,67
4043,6,7550,3165,4385,0,0,0,1.0,1,1.0,1,1.0,1,0.3255414610254935,66
4044,3,7553,3166,4387,0,0,0,1.0,1,1.0,1,1.0,1,0.3495039477388327,65
4045,4,7557,3166,4391,0,0,0,1.0,1,1.0,1,1.0,1,0.349329271458376,66
4046,4,7561,3166,4395,0,0,0,1.0,1,1.0,1,1.0,1,0.36205212063483566,68
4047,12,7573,3166,4407,0,0,0,1.0,1,1.0,1,1.0,1,0.35028696170133317,68
4048,5,7578,3166,4412,0,0,0,1.0,1,1.0,1,1.0,1,0.3645471551720022,69
4049,6,7584,3166,4418,0,0,0,1.0,1,1.0,1,1.0,1,0.37172685866514443,69
4050,4,7588,3166,4422,0,0,0,1.0,1,1.0,1,1.0,1,0.38325644670385195,69
4051,7,7595,3166,4429,0,0,0,1.0,1,1.0,1,1.0,1,0.30598048624502755,69
4052,1,7596,3166,4430,0,0,0,1.0,1,1.0,1,1.0,1,0.2929010851090553,69
4053,0,7596,3166,4430,0,0,0,1.0,1,1.0,1,1.0,1,0.2929010851090553,69
4054,2,7598,3167,4431,0,0,0,1.0,1,1.0,1,1.0,1,0.29461313058237587,70
4055,1,7599,3167,4432,0,0,0,1.0,1,1.0,1,1.0,1,0.2692173317710534,70
4056,0,7599,3167,4432,0,0,0,1.0,1,1.0,1,1.0,1,0.2692173317710534,70
4057,1,7600,3167,4433,0,0,0,1.0,1,1.0,1,1.0,1,0.25221055553405536,71
4058,0,7600,3167,4433,0,0,0,1.0,1,1.0,1,1.0,1,0.25221055553405536,71
4059,2,7602,3168,4434,0,0,0,1.0,1,1.0,1,1.0,1,0.24417906291471392,72
4060,3,7605,3168,4437,0,0,0,1.0,1,1.0,1,1.0,1,0.2276962317766521,71
4061,1,7606,3168,4438,0,0,0,1.0,1,1.0,1,1.0,1,0.22976077198955447,72
4062,1,7607,3169,4438,0,0,0,1.0,1,1.0,1,1.0,1,0.23011771200274195,72
4063,3,7610,3170,4440,0,0,0,1.0,1,1.0,1,1.0,1,0.21207861374154094,72
4064,8,7618,3172,4446,0,0,0,1.0,1,1.0,1,1.0,1,0.197267723262431,71
4065,3,7621,3173,4448,0,0,0,1.0,1,1.0,1,1.0,1,0.1793393413001185,70
4066,5,7626,3175,4451,0,0,0,1.0,1,1.0,1,1.0,1,0.18795000507515372,70
4067,0,7626,3175,4451,0,0,0,1.0,1,1.0,1,1.0,1,0.16364652569156382,68
4068,4,7630,3177,4453,0,0,0,1.0,1,1.0,1,1.0,1,0.1813066917973397,70
4069,2,7632,3178,4454,0,0,0,1.0,1,1.0,1,1.0,1,0.17352514977696584,68
4070,1,7633,3179,4454,0,0,0,1.0,1,1.0,1,1.0,1,0.17305449353480076,67
4071,1,7634,3179,4455,0,0,0,1.0,1,1.0,1,1.0,1,0.19077140852232888,68
4072,4,7638,3181,4457,0,0,0,1.0,1,1.0,1,1.0,1,0.1597307514885299,70
4073,5,7643,3185,4458,0,0,0,1.0,1,1.0,1,1.0,1,0.16031866577627732,70
4074,7,7650,3191,4459,0,0,0,1.0,1,1.0,1,1.0,1,0.18383219237109671,71
4075,4,7654,3195,4459,0,0,0,1.0,1,1.0,1,1.0,1,0.17828376574049268,72
4076,4,7658,3197,4461,0,0,0,1.0,1,1.0,1,1.0,1,0.2011860859524069,73
4077,4,7662,3199,4463,0,0,0,1.0,1,1.0,1,1.0,1,0.23765817633473998,72
4078,4,7666,3201,4465,0,0,0,1.0,1,1.0,1,1.0,1,0.26477511754187505,71
4079,3,7669,3201,4468,0,0,0,1.0,1,1.0,1,1.0,1,0.2554834510520391,69
4080,3,7672,3202,4470,0,0,0,1.0,1,1.0,1,1.0,1,0.264611049165281,67
4081,4,7676,3202,4474,0,0,0,1.0,1,1.0,1,1.0,1,0.21442699441052473,66
4082,1,7677,3202,4475,0,0,0,1.0,1,1.0,1,1.0,1,0.23580702445091437,65
4083,1,7678,3203,4475,0,0,0,1.0,1,1.0,1,1.0,1,0.24858486958935544,64
4084,3,7681,3204,4477,0,0,0,1.0,1,1.0,1,1.0,1,0.2562638840251859,64
4085,2,7683,3204,4479,0,0,0,1.0,1,1.0,1,1.0,1,0.21585561872957645,65
4086,2,7685,3205,4480,0,0,0,1.0,1,1.0,1,1.0,1,0.2108786043119275,66
4087,1,7686,3206,4480,0,0,0,1.0,1,1.0,1,1.0,1,0.20691094481627786,66
4088,0,7686,3206,4480,0,0,0,1.0,1,1.0,1,1.0,1,0.2429818859039508,65
4089,0,7686,3206,4480,0,0,0,1.0,1,1.0,1,1.0,1,0.2429818859039508,65
4090,0,7686,3206,4480,0,0,0,1.0,1,1.0,1,1.0,1,0.24968659503851767,65
4091,0,7686,3206,4480,0,0,0,1.0,1,1.0,1,1.0,1,0.24968659503851767,65
4092,0,7686,3206,4480,0,0,0,1.0,1,1.0,1,1.0,1,0.2618375178349096,64
4093,1,7687,3206,4481,0,0,0,1.0,1,1.0,1,1.0,1,0.24569435187944727,66
4094,3,7690,3208,4482,0,0,0,1.0,1,1.0,1,1.0,1,0.26750737247000733,65
4095,6,7696,3212,4484,0,0,0,1.0,1,1.0,1,1.0,1,0.2429615434057785,65
4096,3,7699,3212,4487,0,0,0,1.0,1,1.0,1,1.0,1,0.19422346092281664,67
4097,2,7701,3214,4487,0,0,0,1.0,1,1.0,1,1.0,1,0.1992050010445203,67
4098,3,7704,3216,4488,0,0,0,1.0,1,1.0,1,1.0,1,0.22518461507857063,68
4099,2,7706,3217,4489,0,0,0,1.0,1,1.0,1,1.0,1,0.21425485751932738,69
4100,1,7707,3218,4489,0,0,0,1.0,1,1.0,1,1.0,1,0.22603570266878642,70
4101,2,7709,3219,4490,0,0,0,1.0,1,1.0,1,1.0,1,0.23614340442978077,71
4102,1,7710,3220,4490,0,0,0,1.0,1,1.0,1,1.0,1,0.21867371938905117,71
4103,4,7714,3223,4491,0,0,0,1.0,1,1.0,1,1.0,1,0.19690574271637065,71
4104,1,7715,3224,4491,0,0,0,1.0,1,1.0,1,1.0,1,0.22300090152459284,69
4105,1,7716,3225,4491,0,0,0,1.0,1,1.0,1,1.0,1,0.2428814969559739,67
4106,1,7717,3226,4491,0,0,0,1.0,1,1.0,1,1.0,1,0.2472835428574898,68
4107,2,7719,3226,4493,0,0,0,1.0,1,1.0,1,1.0,1,0.2143380479617443,70
4108,0,7719,3226,4493,0,0,0,1.0,1,1.0,1,1.0,1,0.2122573780973347,70
4109,0,7719,3226,4493,0,0,0,1.0,1,1.0,1,1.0,1,0.22062714400659272,69
4110,1,7720,3227,4493,0,0,0,1.0,1,1.0,1,1.0,1,0.21521729680576052,71
4111,7,7727,3227,4500,0,0,0,1.0,1,1.0,1,1.0,1,0.12852859848510148,70
4112,2,7729,3227,4502,0,0,0,1.0,1,1.0,1,1.0,1,0.1184357001414521,72
4113,1,7730,3228,4502,0,0,0,1.0,1,1.0,1,1.0,1,0.12329645223199837,72
4114,2,7732,3230,4502,0,0,0,1.0,1,1.0,1,1.0,1,0.16864877401478637,72
4115,0,7732,3230,4502,0,0,0,1.0,1,1.0,1,1.0,1,0.16239547006837732,70
4116,1,7733,3231,4502,0,0,0,1.0,1,1.0,1,1.0,1,0.15941192042950275,67
4117,3,7736,3233,4503,0,0,0,1.0,1,1.0,1,1.0,1,0.177752948887365,67
4118,2,7738,3233,4505,0,0,0,1.0,1,1.0,1,1.0,1,0.2279473584245899,66
4119,2,7740,3234,4506,0,0,0,1.0,1,1.0,1,1.0,1,0.24789821479201074,67
4120,2,7742,3236,4506,0,0,0,1.0,1,1.0,1,1.0,1,0.31084098771993957,64
4121,5,7747,3236,4511,0,0,0,1.0,1,1.0,1,1.0,1,0.259577812601249,63
4122,6,7753,3240,4513,0,0,0,1.0,1,1.0,1,1.0,1,0.26871950074971135,63
4123,3,7756,3242,4514,0,0,0,1.0,1,1.0,1,1.0,1,0.2856716039113557,61
4124,7,7763,3245,4518,0,0,0,1.0,1,1.0,1,1.0,1,0.3081146681251454,62
4125,7,7770,3245,4525,0,0,0,1.0,1,1.0,1,1.0,1,0.3090597388083476,60
4126,5,7775,3246,4529,0,0,0,1.0,1,1.0,1,1.0,1,0.2565482612380335,59
4127,2,7777,3247,4530,0,0,0,1.0,1,1.0,1,1.0,1,0.2556059455948572,60
4128,1,7778,3248,4530,0,0,0,1.0,1,1.0,1,1.0,1,0.26620523015751557,60
4129,0,7778,3248,4530,0,0,0,1.0,1,1.0,1,1.0,1,0.27352386651230637,60
4130,2,7780,3250,4530,0,0,0,1.0,1,1.0,1,1.0,1,0.2652990545265344,61
4131,1,7781,3250,4531,0,0,0,1.0,1,1.0,1,1.0,1,0.26186854441211743,60
4132,1,7782,3251,4531,0,0,0,1.0,1,1.0,1,1.0,1,0.2623503740949031,60
4133,0,7782,3251,4531,0,0,0,1.0,1,1.0,1,1.0,1,0.2702979892819958,62
4134,2,7784,3253,4531,0,0,0,1.0,1,1.0,1,1.0,1,0.2809204003993687,63
4135,5,7789,3254,4535,0,0,0,1.0,1,1.0,1,1.0,1,0.25863872848335884,65
4136,1,7790,3254,4536,0,0,0,1.0,1,1.0,1,1.0,1,0.2510614888957818,65
4137,0,7790,3254,4536,0,0,0,1.0,1,1.0,1,1.0,1,0.2557921414647813,66
4138,2,7792,3255,4537,0,0,0,1.0,1,1.0,1,1.0,1,0.25025770545805326,67
4139,1,7793,3256,4537,0,0,0,1.0,1,1.0,1,1.0,1,0.24676225624251952,67
4140,1,7794,3256,4538,0,0,0,1.0,1,1.0,1,1.0,1,0.2312873285259086,66
4141,2,7796,3256,4540,0,0,0,1.0,1,1.0,1,1.0,1,0.2099352695011557,67
4142,0,7796,3256,4540,0,0,0,1.0,1,1.0,1,1.0,1,0.2099352695011557,67
4143,1,7797,3256,4541,0,0,0,1.0,1,1.0,1,1.0,1,0.1978025110917368,66
4144,1,7798,3257,4541,0,0,0,1.0,1,1.0,1,1.0,1,0.2062730739541913,64
4145,3,7801,3260,4541,0,0,0,1.0,1,1.0,1,1.0,1,0.2320776871066828,63
4146,3,7804,3261,4543,0,0,0,1.0,1,1.0,1,1.0,1,0.22646855841377497,62
4147,2,7806,3263,4543,0,0,0,1.0,1,1.0,1,1.0,1,0.26079803104046034,60
4148,3,7809,3265,4544,0,0,0,1.0,1,1.0,1,1.0,1,0.26538292392474155,62
4149,2,7811,3267,4544,0,0,0,1.0,1,1.0,1,1.0,1,0.26969350457214775,61
4150,2,7813,3269,4544,0,0,0,1.0,1,1.0,1,1.0,1,0.27850764550322676,60
4151,1,7814,3270,4544,0,0,0,1.0,1,1.0,1,1.0,1,0.2773371770671147,60
4152,2,7816,3272,4544,0,0,0,1.0,1,1.0,1,1.0,1,0.2785239504289421,60
4153,0,7816,3272,4544,0,0,0,1.0,1,1.0,1,1.0,1,0.28407566033343895,58
4154,0,7816,3272,4544,0,0,0,1.0,1,1.0,1,1.0,1,0.30461847889678756,57
4155,4,7820,3275,4545,0,0,0,1.0,1,1.0,1,1.0,1,0.28491599587907446,57
4156,10,7830,3277,4553,0,0,0,1.0,1,1.0,1,1.0,1,0.2199124245292311,58
4157,1,7831,3277,4554,0,0,0,1.0,1,1.0,1,1.0,1,0.20692215948851017,57
4158,1,7832,3277,4555,0,0,0,1.0,1,1.0,1,1.0,1,0.2313114034862102,55
4159,0,7832,3277,4555,0,0,0,1.0,1,1.0,1,1.0,1,0.23140075232942903,57
4160,0,7832,3277,4555,0,0,0,1.0,1,1.0,1,1.0,1,0.23118490130760908,58
4161,1,7833,3277,4556,0,0,0,1.0,1,1.0,1,1.0,1,0.20745740203816412,58
4162,0,7833,3277,4556,0,0,0,1.0,1,1.0,1,1.0,1,0.21942375117412877,57
4163,1,7834,3278,4556,0,0,0,1.0,1,1.0,1,1.0,1,0.23130805207451607,58
4164,5,7839,3281,4558,0,0,0,1.0,1,1.0,1,1.0,1,0.26544453415640895,56
4165,2,7841,3282,4559,0,0,0,1.0,1,1.0,1,1.0,1,0.29184405299205013,58
4166,0,7841,3282,4559,0,0,0,1.0,1,1.0,1,1.0,1,0.28642380051300426,57
4167,2,7843,3284,4559,0,0,0,1.0,1,1.0,1,1.0,1,0.3048781805682328,57
4168,1,7844,3284,4560,0,0,0,1.0,1,1.0,1,1.0,1,0.2988768782960547,58
4169,1,7845,3285,4560,0,0,0,1.0,1,1.0,1,1.0,1,0.2910522854750184,58
4170,0,7845,3285,4560,0,0,0,1.0,1,1.0,1,1.0,1,0.3175064760497262,58
4171,2,7847,3285,4562,0,0,0,1.0,1,1.0,1,1.0,1,0.3061543627963475,57
4172,0,7847,3285,4562,0,0,0,1.0,1,1.0,1,1.0,1,0.3061543627963475,57
4173,1,7848,3285,4563,0,0,0,1.0,1,1.0,1,1.0,1,0.31497623721626833,56
4174,1,7849,3285,4564,0,0,0,1.0,1,1.0,1,1.0,1,0.30827544392817385,56
4175,3,7852,3285,4567,0,0,0,1.0,1,1.0,1,1.0,1,0.30325998252566816,55
4176,1,7853,3285,4568,0,0,0,1.0,1,1.0,1,1.0,1,0.30859478146264674,57
4177,2,7855,3285,4570,0,0,0,1.0,1,1.0,1,1.0,1,0.28586317300372416,58
4178,6,7861,3288,4573,0,0,0,1.0,1,1.0,1,1.0,1,0.26490379648074747,60
4179,2,7863,3289,4574,0,0,0,1.0,1,1.0,1,1.0,1,0.2527402665652627,61
4180,2,7865,3289,4576,0,0,0,1.0,1,1.0,1,1.0,1,0.24213932358509224,62
4181,2,7867,3289,4578,0,0,0,1.0,1,1.0,1,1.0,1,0.23810559214489027,63
4182,2,7869,3290,4579,0,0,0,1.0,1,1.0,1,1.0,1,0.25058954074141876,63
4183,4,7873,3292,4581,0,0,0,1.0,1,1.0,1,1.0,1,0.240132671401391,63
4184,4,7877,3294,4583,0,0,0,1.0,1,1.0,1,1.0,1,0.24615239359269087,63
4185,1,7878,3294,4584,0,0,0,1.0,1,1.0,1,1.0,1,0.25065645098247974,61
4186,8,7886,3297,4589,0,0,0,1.0,1,1.0,1,1.0,1,0.17419372378435052,62
4187,1,7887,3298,4589,0,0,0,1.0,1,1.0,1,1.0,1,0.1941713783268004,60
4188,2,7889,3299,4590,0,0,0,1.0,1,1.0,1,1.0,1,0.17176124244052582,60
4189,1,7890,3300,4590,0,0,0,1.0,1,1.0,1,1.0,1,0.18446492766903838,60
4190,1,7891,3300,4591,0,0,0,1.0,1,1.0,1,1.0,1,0.1670205723098067,61
4191,0,7891,3300,4591,0,0,0,1.0,1,1.0,1,1.0,1,0.16351763032921876,59
4192,1,7892,3301,4591,0,0,0,1.0,1,1.0,1,1.0,1,0.17430933696098613,58
4193,3,7895,3304,4591,0,0,0,1.0,1,1.0,1,1.0,1,0.19707845867337692,57
4194,2,7897,3306,4591,0,0,0,1.0,1,1.0,1,1.0,1,0.226115146000178,54
4195,0,7897,3306,4591,0,0,0,1.0,1,1.0,1,1.0,1,0.22990932909172923,55
4196,2,7899,3307,4592,0,0,0,1.0,1,1.0,1,1.0,1,0.2867816599785205,56
4197,1,7900,3307,4593,0,0,0,1.0,1,1.0,1,1.0,1,0.26222756824842336,55
4198,1,7901,3308,4593,0,0,0,1.0,1,1.0,1,1.0,1,0.2898974652109073,56
4199,1,7902,3309,4593,0,0,0,1.0,1,1.0,1,1.0,1,0.315596091019449,55
4200,0,7902,3309,4593,0,0,0,1.0,1,1.0,1,1.0,1,0.31556420418160946,55
4201,2,7904,3309,4595,0,0,0,1.0,1,1.0,1,1.0,1,0.2823097590993009,56
4202,0,7904,3309,4595,0,0,0,1.0,1,1.0,1,1.0,1,0.2823097590993009,56
4203,2,7906,3309,4597,0,0,0,1.0,1,1.0,1,1.0,1,0.2800935651306333,57
4204,0,7906,3309,4597,0,0,0,1.0,1,1.0,1,1.0,1,0.2800935651306333,57
4205,2,7908,3310,4598,0,0,0,1.0,1,1.0,1,1.0,1,0.260085524553394,58
4206,2,7910,3312,4598,0,0,0,1.0,1,1.0,1,1.0,1,0.22120632462431455,58
4207,3,7913,3314,4599,0,0,0,1.0,1,1.0,1,1.0,1,0.21212061191391163,58
4208,1,7914,3315,4599,0,0,0,1.0,1,1.0,1,1.0,1,0.21153897129031232,60
4209,3,7917,3318,4599,0,0,0,1.0,1,1.0,1,1.0,1,0.23349916492743034,61
4210,1,7918,3319,4599,0,0,0,1.0,1,1.0,1,1.0,1,0.2274228858351761,62
4211,0,7918,3319,4599,0,0,0,1.0,1,1.0,1,1.0,1,0.22732298042563678,63
4212,0,7918,3319,4599,0,0,0,1.0,1,1.0,1,1.0,1,0.2077992038271409,64
4213,0,7918,3319,4599,0,0,0,1.0,1,1.0,1,1.0,1,0.19464544765828226,65
4214,0,7918,3319,4599,0,0,0,1.0,1,1.0,1,1.0,1,0.2114908769090649,65
4215,0,7918,3319,4599,0,0,0,1.0,1,1.0,1,1.0,1,0.2114908769090649,65
4216,2,7920,3319,4601,0,0,0,1.0,1,1.0,1,1.0,1,0.20248833683294729,64
4217,1,7921,3320,4601,0,0,0,1.0,1,1.0,1,1.0,1,0.21837049722360768,65
4218,2,7923,3320,4603,0,0,0,1.0,1,1.0,1,1.0,1,0.19798063308329156,65
4219,2,7925,3321,4604,0,0,0,1.0,1,1.0,1,1.0,1,0.21004945841255776,65
4220,1,7926,3321,4605,0,0,0,1.0,1,1.0,1,1.0,1,0.20316090386157884,65
4221,3,7929,3322,4607,0,0,0,1.0,1,1.0,1,1.0,1,0.2033519325396855,67
4222,1,7930,3322,4608,0,0,0,1.0,1,1.0,1,1.0,1,0.2024404703091828,68
4223,2,7932,3324,4608,0,0,0,1.0,1,1.0,1,1.0,1,0.21954924442894624,68
4224,1,7933,3325,4608,0,0,0,1.0,1,1.0,1,1.0,1,0.2358303388609051,68
4225,0,7933,3325,4608,0,0,0,1.0,1,1.0,1,1.0,1,0.23166167610070285,66
4226,1,7934,3326,4608,0,0,0,1.0,1,1.0,1,1.0,1,0.2420772567625571,66
4227,0,7934,3326,4608,0,0,0,1.0,1,1.0,1,1.0,1,0.2420772567625571,66
4228,0,7934,3326,4608,0,0,0,1.0,1,1.0,1,1.0,1,0.2648513268456497,65
4229,1,7935,3327,4608,0,0,0,1.0,1,1.0,1,1.0,1,0.2645054474912735,65
4230,1,7936,3328,4608,0,0,0,1.0,1,1.0,1,1.0,1,0.27865272618267395,64
4231,1,7937,3328,4609,0,0,0,1.0,1,1.0,1,1.0,1,0.2725456729721624,64
4232,4,7941,3329,4612,0,0,0,1.0,1,1.0,1,1.0,1,0.2500438278731174,65
4233,0,7941,3329,4612,0,0,0,1.0,1,1.0,1,1.0,1,0.24668240013743728,64
4234,3,7944,3330,4614,0,0,0,1.0,1,1.0,1,1.0,1,0.223779025207084,63
4235,2,7946,3332,4614,0,0,0,1.0,1,1.0,1,1.0,1,0.24104156132733598,63
4236,2,7948,3332,4616,0,0,0,1.0,1,1.0,1,1.0,1,0.23898613197191826,63
4237,5,7953,3334,4619,0,0,0,1.0,1,1.0,1,1.0,1,0.25739447653858333,65
4238,2,7955,3334,4621,0,0,0,1.0,1,1.0,1,1.0,1,0.2462490217826312,65
4239,0,7955,3334,4621,0,0,0,1.0,1,1.0,1,1.0,1,0.2462490217826312,65
4240,2,7957,3335,4622,0,0,0,1.0,1,1.0,1,1.0,1,0.2338794280487849,66
4241,0,7957,3335,4622,0,0,0,1.0,1,1.0,1,1.0,1,0.2338794280487849,66
4242,4,7961,3336,4625,0,0,0,1.0,1,1.0,1,1.0,1,0.21152751789059057,69
4243,5,7966,3336,4630,0,0,0,1.0,1,1.0,1,1.0,1,0.22064978041355732,71
4244,5,7971,3336,4635,0,0,0,1.0,1,1.0,1,1.0,1,0.21617428358406285,71
4245,2,7973,3336,4637,0,0,0,1.0,1,1.0,1,1.0,1,0.21976470518023294,73
4246,5,7978,3336,4642,0,0,0,1.0,1,1.0,1,1.0,1,0.16134017142141543,74
4247,1,7979,3336,4643,0,0,0,1.0,1,1.0,1,1.0,1,0.15346229653984278,74
4248,0,7979,3336,4643,0,0,0,1.0,1,1.0,1,1.0,1,0.15346229653984278,74
4249,1,7980,3336,4644,0,0,0,1.0,1,1.0,1,1.0,1,0.14253795872601235,74
4250,1,7981,3336,4645,0,0,0,1.0,1,1.0,1,1.0,1,0.13760473187227756,74
4251,2,7983,3336,4647,0,0,0,1.0,1,1.0,1,1.0,1,0.12340252318645688,75
4252,2,7985,3337,4648,0,0,0,1.0,1,1.0,1,1.0,1,0.14321041178607008,75
4253,1,7986,3337,4649,0,0,0,1.0,1,1.0,1,1.0,1,0.1385644600722037,76
4254,1,7987,3338,4649,0,0,0,1.0,1,1.0,1,1.0,1,0.15733632540874665,75
4255,3,7990,3341,4649,0,0,0,1.0,1,1.0,1,1.0,1,0.18048061541955773,76
4256,1,7991,3342,4649,0,0,0,1.0,1,1.0,1,1.0,1,0.20906958323890185,78
4257,2,7993,3343,4650,0,0,0,1.0,1,1.0,1,1.0,1,0.19994697740450537,78
4258,4,7997,3345,4652,0,0,0,1.0,1,1.0,1,1.0,1,0.2370532020240087,77
4259,5,8002,3347,4655,0,0,0,1.0,1,1.0,1,1.0,1,0.23256076494179345,78
4260,3,8005,3347,4658,0,0,0,1.0,1,1.0,1,1.0,1,0.21318560295829367,77
4261,4,8009,3348,4661,0,0,0,1.0,1,1.0,1,1.0,1,0.19022623015491286,76
4262,4,8013,3348,4665,0,0,0,1.0,1,1.0,1,1.0,1,0.1633371037205428,75
4263,2,8015,3350,4665,0,0,0,1.0,1,1.0,1,1.0,1,0.1600244281294761,74
4264,1,8016,3350,4666,0,0,0,1.0,1,1.0,1,1.0,1,0.1899036794614774,74
4265,3,8019,3353,4666,0,0,0,1.0,1,1.0,1,1.0,1,0.21063343981198807,73
4266,0,8019,3353,4666,0,0,0,1.0,1,1.0,1,1.0,1,0.23544766534542452,71
4267,3,8022,3356,4666,0,0,0,1.0,1,1.0,1,1.0,1,0.23661723443352956,69
4268,1,8023,3357,4666,0,0,0,1.0,1,1.0,1,1.0,1,0.2820830992320607,67
4269,2,8025,3359,4666,0,0,0,1.0,1,1.0,1,1.0,1,0.3230156145705528,64
4270,1,8026,3360,4666,0,0,0,1.0,1,1.0,1,1.0,1,0.29963049821211485,63
4271,1,8027,3361,4666,0,0,0,1.0,1,1.0,1,1.0,1,0.31470164976177833,63
4272,1,8028,3362,4666,0,0,0,1.0,1,1.0,1,1.0,1,0.31286625649502686,62
4273,0,8028,3362,4666,0,0,0,1.0,1,1.0,1,1.0,1,0.31286625649502686,62
4274,1,8029,3362,4667,0,0,0,1.0,1,1.0,1,1.0,1,0.30938427044096056,62
4275,2,8031,3363,4668,0,0,0,1.0,1,1.0,1,1.0,1,0.2883265431384611,61
4276,8,8039,3363,4676,0,0,0,1.0,1,1.0,1,1.0,1,0.2071152488303747,62
4277,1,8040,3363,4677,0,0,0,1.0,1,1.0,1,1.0,1,0.21048579075896717,63
4278,0,8040,3363,4677,0,0,0,1.0,1,1.0,1,1.0,1,0.20006215980550796,64
4279,1,8041,3363,4678,0,0,0,1.0,1,1.0,1,1.0,1,0.20765690461517966,65
4280,4,8045,3365,4680,0,0,0,1.0,1,1.0,1,1.0,1,0.22869037103958023,65
4281,4,8049,3366,4683,0,0,0,1.0,1,1.0,1,1.0,1,0.2362574853724456,65
4282,6,8055,3369,4686,0,0,0,1.0,1,1.0,1,1.0,1,0.24328289481753,66
4283,6,8061,3371,4690,0,0,0,1.0,1,1.0,1,1.0,1,0.2658136928064631,66
4284,5,8066,3372,4694,0,0,0,1.0,1,1.0,1,1.0,1,0.29160807917755766,66
4285,6,8072,3372,4700,0,0,0,1.0,1,1.0,1,1.0,1,0.2680815053766883,67
4286,3,8075,3372,4703,0,0,0,1.0,1,1.0,1,1.0,1,0.29236460202674114,67
4287,2,8077,3372,4705,0,0,0,1.0,1,1.0,1,1.0,1,0.2862544076107038,67
4288,4,8081,3374,4707,0,0,0,1.0,1,1.0,1,1.0,1,0.2604623917514895,68
4289,3,8084,3374,4710,0,0,0,1.0,1,1.0,1,1.0,1,0.27638949743065283,68
4290,2,8086,3375,4711,0,0,0,1.0,1,1.0,1,1.0,1,0.28079387186673194,70
4291,7,8093,3375,4718,0,0,0,1.0,1,1.0,1,1.0,1,0.2147357351637218,71
4292,0,8093,3375,4718,0,0,0,1.0,1,1.0,1,1.0,1,0.2147357351637218,71
4293,1,8094,3375,4719,0,0,0,1.0,1,1.0,1,1.0,1,0.20995784772114964,71
4294,0,8094,3375,4719,0,0,0,1.0,1,1.0,1,1.0,1,0.20995784772114964,71
4295,1,8095,3376,4719,0,0,0,1.0,1,1.0,1,1.0,1,0.22044401117257742,72
4296,1,8096,3377,4719,0,0,0,1.0,1,1.0,1,1.0,1,0.2287994742443456,73
4297,3,8099,3377,4722,0,0,0,1.0,1,1.0,1,1.0,1,0.2085324405495088,73
4298,2,8101,3378,4723,0,0,0,1.0,1,1.0,1,1.0,1,0.20271645726465218,74
4299,0,8101,3378,4723,0,0,0,1.0,1,1.0,1,1.0,1,0.18871606813220285,75
4300,1,8102,3378,4724,0,0,0,1.0,1,1.0,1,1.0,1,0.17713720055137464,75
4301,0,8102,3378,4724,0,0,0,1.0,1,1.0,1,1.0,1,0.1754439011114581,76
4302,0,8102,3378,4724,0,0,0,1.0,1,1.0,1,1.0,1,0.1754439011114581,76
4303,1,8103,3378,4725,0,0,0,1.0,1,1.0,1,1.0,1,0.15737079636630807,75
4304,3,8106,3380,4726,0,0,0,1.0,1,1.0,1,1.0,1,0.14413013003628583,75
4305,3,8109,3381,4728,0,0,0,1.0,1,1.0,1,1.0,1,0.17838554200717788,73
4306,4,8113,3383,4730,0,0,0,1.0,1,1.0,1,1.0,1,0.22103436847656366,74
4307,4,8117,3385,4732,0,0,0,1.0,1,1.0,1,1.0,1,0.22351495243184358,73
4308,1,8118,3386,4732,0,0,0,1.0,1,1.0,1,1.0,1,0.2562621554774531,71
4309,1,8119,3387,4732,0,0,0,1.0,1,1.0,1,1.0,1,0.2574995717235403,70
4310,4,8123,3389,4734,0,0,0,1.0,1,1.0,1,1.0,1,0.2635832479122989,69
4311,4,8127,3390,4737,0,0,0,1.0,1,1.0,1,1.0,1,0.2501569544479302,69
4312,3,8130,3392,4738,0,0,0,1.0,1,1.0,1,1.0,1,0.2619976864769433,66
4313,2,8132,3393,4739,0,0,0,1.0,1,1.0,1,1.0,1,0.26845510252925125,64
4314,1,8133,3394,4739,0,0,0,1.0,1,1.0,1,1.0,1,0.294222549192103,61
4315,4,8137,3398,4739,0,0,0,1.0,1,1.0,1,1.0,1,0.2708233846880357,61
4316,3,8140,3401,4739,0,0,0,1.0,1,1.0,1,1.0,1,0.2703786781190435,60
4317,1,8141,3401,4740,0,0,0,1.0,1,1.0,1,1.0,1,0.2514976974468741,62
4318,3,8144,3403,4741,0,0,0,1.0,1,1.0,1,1.0,1,0.2647764006733676,59
4319,0,8144,3403,4741,0,0,0,1.0,1,1.0,1,1.0,1,0.2605679215741434,60
4320,1,8145,3403,4742,0,0,0,1.0,1,1.0,1,1.0,1,0.24495937790488467,60
4321,1,8146,3404,4742,0,0,0,1.0,1,1.0,1,1.0,1,0.2423657212835424,61
4322,2,8148,3405,4743,0,0,0,1.0,1,1.0,1,1.0,1,0.24190311613626087,61
4323,1,8149,3405,4744,0,0,0,1.0,1,1.0,1,1.0,1,0.2394676600313821,61
4324,1,8150,3406,4744,0,0,0,1.0,1,1.0,1,1.0,1,0.2538488478228834,60
4325,1,8151,3406,4745,0,0,0,1.0,1,1.0,1,1.0,1,0.23849379214370664,60
4326,1,8152,3407,4745,0,0,0,1.0,1,1.0,1,1.0,1,0.24965654795747164,61
4327,1,8153,3407,4746,0,0,0,1.0,1,1.0,1,1.0,1,0.2478292894062798,62
4328,0,8153,3407,4746,0,0,0,1.0,1,1.0,1,1.0,1,0.2478292894062798,62
4329,1,8154,3407,4747,0,0,0,1.0,1,1.0,1,1.0,1,0.24311205655215337,65
4330,1,8155,3407,4748,0,0,0,1.0,1,1.0,1,1.0,1,0.22846674260909933,65
4331,0,8155,3407,4748,0,0,0,1.0,1,1.0,1,1.0,1,0.22846674260909933,65
4332,2,8157,3408,4749,0,0,0,1.0,1,1.0,1,1.0,1,0.23563111052587488,66
4333,0,8157,3408,4749,0,0,0,1.0,1,1.0,1,1.0,1,0.23563111052587488,66
4334,2,8159,3410,4749,0,0,0,1.0,1,1.0,1,1.0,1,0.2639489638768407,66
4335,0,8159,3410,4749,0,0,0,1.0,1,1.0,1,1.0,1,0.27824121053351175,65
4336,10,8169,3413,4756,0,0,0,1.0,1,1.0,1,1.0,1,0.22710023724342984,67
4337,3,8172,3414,4758,0,0,0,1.0,1,1.0,1,1.0,1,0.2636977814340367,69
4338,1,8173,3414,4759,0,0,0,1.0,1,1.0,1,1.0,1,0.2680706405161867,70
4339,2,8175,3414,4761,0,0,0,1.0,1,1.0,1,1.0,1,0.26450615643690517,70
4340,2,8177,3414,4763,0,0,0,1.0,1,1.0,1,1.0,1,0.2711983589418522,71
4341,3,8180,3415,4765,0,0,0,1.0,1,1.0,1,1.0,1,0.2819199818443356,70
4342,2,8182,3415,4767,0,0,0,1.0,1,1.0,1,1.0,1,0.27910236185823517,71
4343,3,8185,3418,4767,0,0,0,1.0,1,1.0,1,1.0,1,0.3242182364380499,67
4344,9,8194,3423,4771,0,0,0,1.0,1,1.0,1,1.0,1,0.3729950061544968,67
4345,10,8204,3427,4777,0,0,0,1.0,1,1.0,1,1.0,1,0.3947820944220989,64
4346,5,8209,3430,4779,0,0,0,1.0,1,1.0,1,1.0,1,0.38001956658866654,64
4347,3,8212,3432,4780,0,0,0,1.0,1,1.0,1,1.0,1,0.3729860253885059,62
4348,4,8216,3434,4782,0,0,0,1.0,1,1.0,1,1.0,1,0.38648383213730514,62
4349,6,8222,3435,4787,0,0,0,1.0,1,1.0,1,1.0,1,0.41826860395511717,61
4350,5,8227,3437,4790,0,0,0,1.0,1,1.0,1,1.0,1,0.42174821920007194,60
4351,14,8241,3440,4801,0,0,0,1.0,1,1.0,1,1.0,1,0.2908522346237184,60
4352,0,8241,3440,4801,0,0,0,1.0,1,1.0,1,1.0,1,0.30437361277781994,57
4353,2,8243,3440,4803,0,0,0,1.0,1,1.0,1,1.0,1,0.28285932853508494,55
4354,2,8245,3441,4804,0,0,0,1.0,1,1.0,1,1.0,1,0.2636509317936009,55
4355,1,8246,3441,4805,0,0,0,1.0,1,1.0,1,1.0,1,0.2779826791710474,53
4356,1,8247,3441,4806,0,0,0,1.0,1,1.0,1,1.0,1,0.2577502282859296,55
4357,1,8248,3441,4807,0,0,0,1.0,1,1.0,1,1.0,1,0.28089457342676183,55
4358,1,8249,3442,4807,0,0,0,1.0,1,1.0,1,1.0,1,0.29001312111545147,55
4359,3,8252,3443,4809,0,0,0,1.0,1,1.0,1,1.0,1,0.2691815311603612,54
4360,1,8253,3443,4810,0,0,0,1.0,1,1.0,1,1.0,1,0.24429616382784253,55
4361,4,8257,3444,4813,0,0,0,1.0,1,1.0,1,1.0,1,0.24538539224004363,54
4362,0,8257,3444,4813,0,0,0,1.0,1,1.0,1,1.0,1,0.23132227804820388,55
4363,1,8258,3445,4813,0,0,0,1.0,1,1.0,1,1.0,1,0.2174033017568533,55
4364,2,8260,3446,4814,0,0,0,1.0,1,1.0,1,1.0,1,0.22089779315802935,55
4365,0,8260,3446,4814,0,0,0,1.0,1,1.0,1,1.0,1,0.23811957715584248,54
4366,4,8264,3448,4816,0,0,0,1.0,1,1.0,1,1.0,1,0.23268576161564,54
4367,3,8267,3450,4817,0,0,0,1.0,1,1.0,1,1.0,1,0.21397332592193294,57
4368,1,8268,3451,4817,0,0,0,1.0,1,1.0,1,1.0,1,0.2527038036572791,57
4369,1,8269,3451,4818,0,0,0,1.0,1,1.0,1,1.0,1,0.2401130927783057,58
4370,4,8273,3452,4821,0,0,0,1.0,1,1.0,1,1.0,1,0.2410108037059452,59
4371,3,8276,3452,4824,0,0,0,1.0,1,1.0,1,1.0,1,0.22030803813198352,60
4372,2,8278,3453,4825,0,0,0,1.0,1,1.0,1,1.0,1,0.21091074542344457,60
4373,1,8279,3453,4826,0,0,0,1.0,1,1.0,1,1.0,1,0.20198762814726157,60
4374,1,8280,3454,4826,0,0,0,1.0,1,1.0,1,1.0,1,0.22626321894170473,59
4375,0,8280,3454,4826,0,0,0,1.0,1,1.0,1,1.0,1,0.23406474137676894,60
4376,0,8280,3454,4826,0,0,0,1.0,1,1.0,1,1.0,1,0.2502541547869398,60
4377,1,8281,3454,4827,0,0,0,1.0,1,1.0,1,1.0,1,0.2538173148611963,61
4378,3,8284,3454,4830,0,0,0,1.0,1,1.0,1,1.0,1,0.2368627023660038,64
4379,4,8288,3455,4833,0,0,0,1.0,1,1.0,1,1.0,1,0.24483160521527408,64
4380,4,8292,3456,4836,0,0,0,1.0,1,1.0,1,1.0,1,0.24934816392634043,65
4381,1,8293,3456,4837,0,0,0,1.0,1,1.0,1,1.0,1,0.22899297808230915,64
4382,0,8293,3456,4837,0,0,0,1.0,1,1.0,1,1.0,1,0.25160281816016417,64
4383,1,8294,3457,4837,0,0,0,1.0,1,1.0,1,1.0,1,0.27452627687795034,64
4384,1,8295,3458,4837,0,0,0,1.0,1,1.0,1,1.0,1,0.30010369799057546,60
4385,1,8296,3458,4838,0,0,0,1.0,1,1.0,1,1.0,1,0.26958212934618114,58
4386,2,8298,3460,4838,0,0,0,1.0,1,1.0,1,1.0,1,0.28523386026736125,58
4387,2,8300,3460,4840,0,0,0,1.0,1,1.0,1,1.0,1,0.249601335114101,55
4388,3,8303,3463,4840,0,0,0,1.0,1,1.0,1,1.0,1,0.30355657983268647,56
4389,0,8303,3463,4840,0,0,0,1.0,1,1.0,1,1.0,1,0.28761290226160563,55
4390,2,8305,3464,4841,0,0,0,1.0,1,1.0,1,1.0,1,0.2696055148804671,55
4391,2,8307,3466,4841,0,0,0,1.0,1,1.0,1,1.0,1,0.2820234966352046,56
4392,1,8308,3466,4842,0,0,0,1.0,1,1.0,1,1.0,1,0.28476218741793313,56
4393,3,8311,3467,4844,0,0,0,1.0,1,1.0,1,1.0,1,0.2765481137596087,55
4394,3,8314,3470,4844,0,0,0,1.0,1,1.0,1,1.0,1,0.2604509717463243,53
4395,1,8315,3471,4844,0,0,0,1.0,1,1.0,1,1.0,1,0.2802917893576723,53
4396,5,8320,3474,4846,0,0,0,1.0,1,1.0,1,1.0,1,0.2899730308057129,53
4397,1,8321,3474,4847,0,0,0,1.0,1,1.0,1,1.0,1,0.28720701680716704,50
4398,3,8324,3476,4848,0,0,0,1.0,1,1.0,1,1.0,1,0.3337097489554643,50
4399,1,8325,3476,4849,0,0,0,1.0,1,1.0,1,1.0,1,0.3400026677204189,52
4400,2,8327,3476,4851,0,0,0,1.0,1,1.0,1,1.0,1,0.3126046547684525,55
4401,0,8327,3476,4851,0,0,0,1.0,1,1.0,1,1.0,1,0.2985952331739685,56
4402,0,8327,3476,4851,0,0,0,1.0,1,1.0,1,1.0,1,0.2985952331739685,56
4403,6,8333,3478,4855,0,0,0,1.0,1,1.0,1,1.0,1,0.3120464212912153,57
4404,0,8333,3478,4855,0,0,0,1.0,1,1.0,1,1.0,1,0.3120464212912153,57
4405,0,8333,3478,4855,0,0,0,1.0,1,1.0,1,1.0,1,0.31067895722704464,58
4406,0,8333,3478,4855,0,0,0,1.0,1,1.0,1,1.0,1,0.31067895722704464,58
4407,0,8333,3478,4855,0,0,0,1.0,1,1.0,1,1.0,1,0.31067895722704464,58
4408,1,8334,3478,4856,0,0,0,1.0,1,1.0,1,1.0,1,0.31789525740905217,59
4409,2,8336,3478,4858,0,0,0,1.0,1,1.0,1,1.0,1,0.2965550823077427,59
4410,2,8338,3478,4860,0,0,0,1.0,1,1.0,1,1.0,1,0.28137723121073094,59
4411,1,8339,3478,4861,0,0,0,1.0,1,1.0,1,1.0,1,0.26369992779009194,62
4412,0,8339,3478,4861,0,0,0,1.0,1,1.0,1,1.0,1,0.26134362321076193,63
4413,0,8339,3478,4861,0,0,0,1.0,1,1.0,1,1.0,1,0.26134362321076193,63
4414,1,8340,3478,4862,0,0,0,1.0,1,1.0,1,1.0,1,0.2500199505005383,64
4415,1,8341,3478,4863,0,0,0,1.0,1,1.0,1,1.0,1,0.2398734346944617,64
4416,0,8341,3478,4863,0,0,0,1.0,1,1.0,1,1.0,1,0.2398734346944617,64
4417,2,8343,3479,4864,0,0,0,1.0,1,1.0,1,1.0,1,0.25446875162214144,65
4418,1,8344,3480,4864,0,0,0,1.0,1,1.0,1,1.0,1,0.274970764955235,65
4419,0,8344,3480,4864,0,0,0,1.0,1,1.0,1,1.0,1,0.30947044978465765,62
4420,2,8346,3480,4866,0,0,0,1.0,1,1.0,1,1.0,1,0.30858254702953897,62
4421,1,8347,3481,4866,0,0,0,1.0,1,1.0,1,1.0,1,0.3239532328352035,65
4422,4,8351,3482,4869,0,0,0,1.0,1,1.0,1,1.0,1,0.29404387244749053,64
4423,1,8352,3483,4869,0,0,0,1.0,1,1.0,1,1.0,1,0.2960927673567223,63
4424,3,8355,3484,4871,0,0,0,1.0,1,1.0,1,1.0,1,0.27980512635852645,63
4425,4,8359,3486,4873,0,0,0,1.0,1,1.0,1,1.0,1,0.29956019511119464,63
4426,8,8367,3488,4879,0,0,0,1.0,1,1.0,1,1.0,1,0.2616386324707024,63
4427,3,8370,3489,4881,0,0,0,1.0,1,1.0,1,1.0,1,0.23925144962944886,62
4428,1,8371,3489,4882,0,0,0,1.0,1,1.0,1,1.0,1,0.2219044703921393,61
4429,3,8374,3490,4884,0,0,0,1.0,1,1.0,1,1.0,1,0.25253452898329143,62
4430,3,8377,3491,4886,0,0,0,1.0,1,1.0,1,1.0,1,0.24916147855175302,60
4431,3,8380,3492,4888,0,0,0,1.0,1,1.0,1,1.0,1,0.197799911540292,59
4432,4,8384,3493,4891,0,0,0,1.0,1,1.0,1,1.0,1,0.17712861873082833,60
4433,4,8388,3495,4893,0,0,0,1.0,1,1.0,1,1.0,1,0.155997824033427,61
4434,4,8392,3496,4896,0,0,0,1.0,1,1.0,1,1.0,1,0.1756546889104287,61
4435,5,8397,3497,4900,0,0,0,1.0,1,1.0,1,1.0,1,0.18814795400735188,61
4436,1,8398,3497,4901,0,0,0,1.0,1,1.0,1,1.0,1,0.18315691135592105,61
4437,7,8405,3500,4905,0,0,0,1.0,1,1.0,1,1.0,1,0.18284483116393815,61
4438,0,8405,3500,4905,0,0,0,1.0,1,1.0,1,1.0,1,0.18043744257518932,62
4439,1,8406,3500,4906,0,0,0,1.0,1,1.0,1,1.0,1,0.1876512370571226,63
4440,0,8406,3500,4906,0,0,0,1.0,1,1.0,1,1.0,1,0.18523112649189252,64
4441,2,8408,3500,4908,0,0,0,1.0,1,1.0,1,1.0,1,0.1492545658114881,64
4442,3,8411,3503,4908,0,0,0,1.0,1,1.0,1,1.0,1,0.1533209332995149,67
4443,2,8413,3504,4909,0,0,0,1.0,1,1.0,1,1.0,1,0.15947638416204296,68
4444,0,8413,3504,4909,0,0,0,1.0,1,1.0,1,1.0,1,0.15808593051659428,69
4445,2,8415,3506,4909,0,0,0,1.0,1,1.0,1,1.0,1,0.19712851460684547,71
4446,3,8418,3506,4912,0,0,0,1.0,1,1.0,1,1.0,1,0.1854375734430058,71
4447,3,8421,3506,4915,0,0,0,1.0,1,1.0,1,1.0,1,0.17997332692336,72
4448,3,8424,3506,4918,0,0,0,1.0,1,1.0,1,1.0,1,0.17896192002974823,71
4449,2,8426,3507,4919,0,0,0,1.0,1,1.0,1,1.0,1,0.17269070368488362,70
4450,0,8426,3507,4919,0,0,0,1.0,1,1.0,1,1.0,1,0.1825331131568083,69
4451,0,8426,3507,4919,0,0,0,1.0,1,1.0,1,1.0,1,0.1845888817450865,69
4452,1,8427,3507,4920,0,0,0,1.0,1,1.0,1,1.0,1,0.19655673273285146,70
4453,3,8430,3507,4923,0,0,0,1.0,1,1.0,1,1.0,1,0.1855094647394901,70
4454,4,8434,3510,4924,0,0,0,1.0,1,1.0,1,1.0,1,0.22874978709611526,71
4455,3,8437,3510,4927,0,0,0,1.0,1,1.0,1,1.0,1,0.2266077522374882,71
4456,7,8444,3512,4932,0,0,0,1.0,1,1.0,1,1.0,1,0.15596189419589163,71
4457,2,8446,3513,4933,0,0,0,1.0,1,1.0,1,1.0,1,0.15649005463331306,69
4458,2,8448,3515,4933,0,0,0,1.0,1,1.0,1,1.0,1,0.174974170275906,70
4459,1,8449,3516,4933,0,0,0,1.0,1,1.0,1,1.0,1,0.1999825392304772,68
4460,4,8453,3520,4933,0,0,0,1.0,1,1.0,1,1.0,1,0.2303654954161223,68
4461,2,8455,3521,4934,0,0,0,1.0,1,1.0,1,1.0,1,0.22541809203789323,67
4462,4,8459,3525,4934,0,0,0,1.0,1,1.0,1,1.0,1,0.23576023385355635,66
4463,3,8462,3526,4936,0,0,0,1.0,1,1.0,1,1.0,1,0.2525563162804709,65
4464,4,8466,3530,4936,0,0,0,1.0,1,1.0,1,1.0,1,0.2681170393369332,62
4465,3,8469,3532,4937,0,0,0,1.0,1,1.0,1,1.0,1,0.27211737379062556,61
4466,0,8469,3532,4937,0,0,0,1.0,1,1.0,1,1.0,1,0.2707536910564235,60
4467,3,8472,3534,4938,0,0,0,1.0,1,1.0,1,1.0,1,0.28295743372107995,58
4468,1,8473,3535,4938,0,0,0,1.0,1,1.0,1,1.0,1,0.2955790594659044,57
4469,6,8479,3540,4939,0,0,0,1.0,1,1.0,1,1.0,1,0.3304991052603164,56
4470,3,8482,3542,4940,0,0,0,1.0,1,1.0,1,1.0,1,0.2980180667699755,55
4471,7,8489,3544,4945,0,0,0,1.0,1,1.0,1,1.0,1,0.23207661311178254,55
4472,4,8493,3547,4946,0,0,0,1.0,1,1.0,1,1.0,1,0.24506761239051483,55
4473,2,8495,3547,4948,0,0,0,1.0,1,1.0,1,1.0,1,0.23430012063886899,55
4474,1,8496,3548,4948,0,0,0,1.0,1,1.0,1,1.0,1,0.26180973214749514,55
4475,1,8497,3549,4948,0,0,0,1.0,1,1.0,1,1.0,1,0.24018136159248804,56
4476,1,8498,3549,4949,0,0,0,1.0,1,1.0,1,1.0,1,0.22355323002541677,56
4477,0,8498,3549,4949,0,0,0,1.0,1,1.0,1,1.0,1,0.23410931159447054,57
4478,0,8498,3549,4949,0,0,0,1.0,1,1.0,1,1.0,1,0.24697868305925774,55
4479,1,8499,3550,4949,0,0,0,1.0,1,1.0,1,1.0,1,0.2506365058394526,55
4480,0,8499,3550,4949,0,0,0,1.0,1,1.0,1,1.0,1,0.26598819371407323,54
4481,2,8501,3550,4951,0,0,0,1.0,1,1.0,1,1.0,1,0.28096927072417627,53
4482,2,8503,3552,4951,0,0,0,1.0,1,1.0,1,1.0,1,0.2874447656455348,54
4483,2,8505,3552,4953,0,0,0,1.0,1,1.0,1,1.0,1,0.2855228898102768,55
4484,6,8511,3555,4956,0,0,0,1.0,1,1.0,1,1.0,1,0.2624076440832347,57
4485,7,8518,3557,4961,0,0,0,1.0,1,1.0,1,1.0,1,0.29851386594250345,60
4486,5,8523,3558,4965,0,0,0,1.0,1,1.0,1,1.0,1,0.23592850297891071,60
4487,0,8523,3558,4965,0,0,0,1.0,1,1.0,1,1.0,1,0.23592850297891071,60
4488,0,8523,3558,4965,0,0,0,1.0,1,1.0,1,1.0,1,0.23592850297891071,60
4489,1,8524,3559,4965,0,0,0,1.0,1,1.0,1,1.0,1,0.2283704017505953,60
4490,1,8525,3559,4966,0,0,0,1.0,1,1.0,1,1.0,1,0.22587142891733747,60
4491,1,8526,3560,4966,0,0,0,1.0,1,1.0,1,1.0,1,0.22284358674779903,61
4492,1,8527,3560,4967,0,0,0,1.0,1,1.0,1,1.0,1,0.22865464385167114,61
4493,3,8530,3561,4969,0,0,0,1.0,1,1.0,1,1.0,1,0.25070750533682423,60
4494,3,8533,3562,4971,0,0,0,1.0,1,1.0,1,1.0,1,0.2522061534410461,61
4495,1,8534,3562,4972,0,0,0,1.0,1,1.0,1,1.0,1,0.25453946403004346,59
4496,3,8537,3562,4975,0,0,0,1.0,1,1.0,1,1.0,1,0.2455001255775665,60
4497,1,8538,3562,4976,0,0,0,1.0,1,1.0,1,1.0,1,0.2262855567177328,59
4498,0,8538,3562,4976,0,0,0,1.0,1,1.0,1,1.0,1,0.21700542408305618,57
4499,4,8542,3564,4978,0,0,0,1.0,1,1.0,1,1.0,1,0.24717701791944988,58
4500,1,8543,3564,4979,0,0,0,1.0,1,1.0,1,1.0,1,0.22136182084461617,56
4501,5,8548,3564,4984,0,0,0,1.0,1,1.0,1,1.0,1,0.16562673858246457,57
4502,6,8554,3567,4987,0,0,0,1.0,1,1.0,1,1.0,1,0.20267168326604967,56
4503,0,8554,3567,4987,0,0,0,1.0,1,1.0,1,1.0,1,0.2075359409889509,54
4504,1,8555,3567,4988,0,0,0,1.0,1,1.0,1,1.0,1,0.18849328670173265,54
4505,1,8556,3568,4988,0,0,0,1.0,1,1.0,1,1.0,1,0.21739698533486196,51
4506,1,8557,3569,4988,0,0,0,1.0,1,1.0,1,1.0,1,0.21044534389757572,49
4507,3,8560,3571,4989,0,0,0,1.0,1,1.0,1,1.0,1,0.269262260346853,48
4508,2,8562,3571,4991,0,0,0,1.0,1,1.0,1,1.0,1,0.26522577877768166,48
4509,2,8564,3573,4991,0,0,0,1.0,1,1.0,1,1.0,1,0.28687623993220257,46
4510,0,8564,3573,4991,0,0,0,1.0,1,1.0,1,1.0,1,0.30722864574233916,44
4511,2,8566,3574,4992,0,0,0,1.0,1,1.0,1,1.0,1,0.3247698528777498,45
4512,2,8568,3575,4993,0,0,0,1.0,1,1.0,1,1.0,1,0.3328775408239196,46
4513,3,8571,3577,4994,0,0,0,1.0,1,1.0,1,1.0,1,0.34881156482272924,45
4514,1,8572,3578,4994,0,0,0,1.0,1,1.0,1,1.0,1,0.333907456135411,46
4515,0,8572,3578,4994,0,0,0,1.0,1,1.0,1,1.0,1,0.3477084175072762,48
4516,5,8577,3578,4999,0,0,0,1.0,1,1.0,1,1.0,1,0.24699616120955192,49
4517,3,8580,3579,5001,0,0,0,1.0,1,1.0,1,1.0,1,0.24624745322722388,50
4518,1,8581,3580,5001,0,0,0,1.0,1,1.0,1,1.0,1,0.24674438437014592,50
4519,2,8583,3581,5002,0,0,0,1.0,1,1.0,1,1.0,1,0.26916391742153295,49
4520,1,8584,3581,5003,0,0,0,1.0,1,1.0,1,1.0,1,0.27213700583902356,50
4521,3,8587,3581,5006,0,0,0,1.0,1,1.0,1,1.0,1,0.24341711428536525,50
4522,0,8587,3581,5006,0,0,0,1.0,1,1.0,1,1.0,1,0.24341711428536525,50
4523,2,8589,3582,5007,0,0,0,1.0,1,1.0,1,1.0,1,0.24979930646165507,51
4524,2,8591,3583,5008,0,0,0,1.0,1,1.0,1,1.0,1,0.2516172807431121,52
4525,3,8594,3585,5009,0,0,0,1.0,1,1.0,1,1.0,1,0.26249332718494306,53
4526,1,8595,3585,5010,0,0,0,1.0,1,1.0,1,1.0,1,0.23286201957201774,54
4527,1,8596,3585,5011,0,0,0,1.0,1,1.0,1,1.0,1,0.23450887223363287,55
4528,3,8599,3585,5014,0,0,0,1.0,1,1.0,1,1.0,1,0.18308316739850447,55
4529,1,8600,3585,5015,0,0,0,1.0,1,1.0,1,1.0,1,0.17134249366862858,55
4530,2,8602,3585,5017,0,0,0,1.0,1,1.0,1,1.0,1,0.15731217953346974,56
4531,4,8606,3587,5019,0,0,0,1.0,1,1.0,1,1.0,1,0.15500746126013423,56
4532,1,8607,3588,5019,0,0,0,1.0,1,1.0,1,1.0,1,0.17541095307994545,55
4533,0,8607,3588,5019,0,0,0,1.0,1,1.0,1,1.0,1,0.1848453287791167,54
4534,1,8608,3588,5020,0,0,0,1.0,1,1.0,1,1.0,1,0.15423022882269494,55
4535,0,8608,3588,5020,0,0,0,1.0,1,1.0,1,1.0,1,0.2049722669782187,52
4536,3,8611,3591,5020,0,0,0,1.0,1,1.0,1,1.0,1,0.1643169276241435,53
4537,1,8612,3592,5020,0,0,0,1.0,1,1.0,1,1.0,1,0.20632488026545293,52
4538,1,8613,3593,5020,0,0,0,1.0,1,1.0,1,1.0,1,0.19942247126198537,52
4539,1,8614,3594,5020,0,0,0,1.0,1,1.0,1,1.0,1,0.21708755222805867,53
4540,2,8616,3595,5021,0,0,0,1.0,1,1.0,1,1.0,1,0.23202117257308694,54
4541,0,8616,3595,5021,0,0,0,1.0,1,1.0,1,1.0,1,0.25498867276443576,53
4542,4,8620,3599,5021,0,0,0,1.0,1,1.0,1,1.0,1,0.25114979978877766,53
4543,0,8620,3599,5021,0,0,0,1.0,1,1.0,1,1.0,1,0.25114979978877766,53
4544,2,8622,3601,5021,0,0,0,1.0,1,1.0,1,1.0,1,0.2746315632402699,52
4545,0,8622,3601,5021,0,0,0,1.0,1,1.0,1,1.0,1,0.28079379106827845,50
4546,4,8626,3602,5024,0,0,0,1.0,1,1.0,1,1.0,1,0.2292939423733153,49
4547,1,8627,3602,5025,0,0,0,1.0,1,1.0,1,1.0,1,0.22157040181323315,49
4548,0,8627,3602,5025,0,0,0,1.0,1,1.0,1,1.0,1,0.22157040181323315,49
4549,0,8627,3602,5025,0,0,0,1.0,1,1.0,1,1.0,1,0.2356741994438915,50
4550,1,8628,3603,5025,0,0,0,1.0,1,1.0,1,1.0,1,0.2601997726885448,49
4551,0,8628,3603,5025,0,0,0,1.0,1,1.0,1,1.0,1,0.2601997726885448,49
4552,2,8630,3605,5025,0,0,0,1.0,1,1.0,1,1.0,1,0.23980618702065593,49
4553,2,8632,3607,5025,0,0,0,1.0,1,1.0,1,1.0,1,0.26908664997196885,49
4554,3,8635,3609,5026,0,0,0,1.0,1,1.0,1,1.0,1,0.28267990516735547,49
4555,1,8636,3610,5026,0,0,0,1.0,1,1.0,1,1.0,1,0.29466380262200664,48
4556,1,8637,3610,5027,0,0,0,1.0,1,1.0,1,1.0,1,0.27736758998911104,48
4557,1,8638,3610,5028,0,0,0,1.0,1,1.0,1,1.0,1,0.2775700508705621,49
4558,2,8640,3611,5029,0,0,0,1.0,1,1.0,1,1.0,1,0.22738051262625902,49
4559,2,8642,3612,5030,0,0,0,1.0,1,1.0,1,1.0,1,0.23084684142737869,50
4560,0,8642,3612,5030,0,0,0,1.0,1,1.0,1,1.0,1,0.2386006155874268,51
4561,2,8644,3612,5032,0,0,0,1.0,1,1.0,1,1.0,1,0.22511874136376225,52
4562,1,8645,3613,5032,0,0,0,1.0,1,1.0,1,1.0,1,0.23554243327238852,53
4563,3,8648,3614,5034,0,0,0,1.0,1,1.0,1,1.0,1,0.1970168352110468,52
4564,1,8649,3614,5035,0,0,0,1.0,1,1.0,1,1.0,1,0.1906425972253088,54
4565,1,8650,3615,5035,0,0,0,1.0,1,1.0,1,1.0,1,0.19066122901179416,55
4566,2,8652,3616,5036,0,0,0,1.0,1,1.0,1,1.0,1,0.16601836889570903,55
4567,2,8654,3618,5036,0,0,0,1.0,1,1.0,1,1.0,1,0.15298803566458413,56
4568,2,8656,3619,5037,0,0,0,1.0,1,1.0,1,1.0,1,0.17924917569386736,58
4569,1,8657,3619,5038,0,0,0,1.0,1,1.0,1,1.0,1,0.1590274054910376,59
4570,3,8660,3621,5039,0,0,0,1.0,1,1.0,1,1.0,1,0.17496671257783822,59
4571,0,8660,3621,5039,0,0,0,1.0,1,1.0,1,1.0,1,0.16042248146955032,57
4572,1,8661,3622,5039,0,0,0,1.0,1,1.0,1,1.0,1,0.17158821193336118,56
4573,2,8663,3623,5040,0,0,0,1.0,1,1.0,1,1.0,1,0.16590343173700772,56
4574,0,8663,3623,5040,0,0,0,1.0,1,1.0,1,1.0,1,0.2161778164530545,55
4575,0,8663,3623,5040,0,0,0,1.0,1,1.0,1,1.0,1,0.2161778164530545,55
4576,1,8664,3623,5041,0,0,0,1.0,1,1.0,1,1.0,1,0.21838200304401692,55
4577,0,8664,3623,5041,0,0,0,1.0,1,1.0,1,1.0,1,0.23294921846543098,54
4578,2,8666,3624,5042,0,0,0,1.0,1,1.0,1,1.0,1,0.23523307217493336,54
4579,1,8667,3624,5043,0,0,0,1.0,1,1.0,1,1.0,1,0.21604194413354702,54
4580,0,8667,3624,5043,0,0,0,1.0,1,1.0,1,1.0,1,0.20805941567042652,55
4581,1,8668,3625,5043,0,0,0,1.0,1,1.0,1,1.0,1,0.24053001927166795,56
4582,0,8668,3625,5043,0,0,0,1.0,1,1.0,1,1.0,1,0.24053001927166795,56
4583,1,8669,3626,5043,0,0,0,1.0,1,1.0,1,1.0,1,0.25067888719334075,57
4584,1,8670,3627,5043,0,0,0,1.0,1,1.0,1,1.0,1,0.2755108533768566,57
4585,0,8670,3627,5043,0,0,0,1.0,1,1.0,1,1.0,1,0.2755108533768566,57
4586,0,8670,3627,5043,0,0,0,1.0,1,1.0,1,1.0,1,0.2755108533768566,57
4587,0,8670,3627,5043,0,0,0,1.0,1,1.0,1,1.0,1,0.2755108533768566,57
4588,2,8672,3627,5045,0,0,0,1.0,1,1.0,1,1.0,1,0.2655790896230212,58
4589,0,8672,3627,5045,0,0,0,1.0,1,1.0,1,1.0,1,0.26668312933628285,59
4590,1,8673,3627,5046,0,0,0,1.0,1,1.0,1,1.0,1,0.2666917298037241,60
4591,2,8675,3627,5048,0,0,0,1.0,1,1.0,1,1.0,1,0.24941473303385098,61
4592,0,8675,3627,5048,0,0,0,1.0,1,1.0,1,1.0,1,0.24883148511744185,62
4593,3,8678,3628,5050,0,0,0,1.0,1,1.0,1,1.0,1,0.2551171287223737,64
4594,1,8679,3628,5051,0,0,0,1.0,1,1.0,1,1.0,1,0.2494198012985429,64
4595,0,8679,3628,5051,0,0,0,1.0,1,1.0,1,1.0,1,0.25875007973838265,63
4596,0,8679,3628,5051,0,0,0,1.0,1,1.0,1,1.0,1,0.25875007973838265,63
4597,2,8681,3630,5051,0,0,0,1.0,1,1.0,1,1.0,1,0.2565519928192825,63
4598,3,8684,3631,5053,0,0,0,1.0,1,1.0,1,1.0,1,0.21517825670232574,65
4599,4,8688,3632,5056,0,0,0,1.0,1,1.0,1,1.0,1,0.215953119489619,66
4600,1,8689,3633,5056,0,0,0,1.0,1,1.0,1,1.0,1,0.2340984304104633,67
4601,2,8691,3633,5058,0,0,0,1.0,1,1.0,1,1.0,1,0.2340984304104633,67
4602,1,8692,3633,5059,0,0,0,1.0,1,1.0,1,1.0,1,0.22773971933115936,69
4603,1,8693,3634,5059,0,0,0,1.0,1,1.0,1,1.0,1,0.24307056306606276,69
4604,2,8695,3635,5060,0,0,0,1.0,1,1.0,1,1.0,1,0.21848512862025277,69
4605,0,8695,3635,5060,0,0,0,1.0,1,1.0,1,1.0,1,0.2073172008916666,70
4606,2,8697,3635,5062,0,0,0,1.0,1,1.0,1,1.0,1,0.1863674714318968,70
4607,2,8699,3636,5063,0,0,0,1.0,1,1.0,1,1.0,1,0.20384978709085214,72
4608,1,8700,3636,5064,0,0,0,1.0,1,1.0,1,1.0,1,0.1985246252636205,73
4609,0,8700,3636,5064,0,0,0,1.0,1,1.0,1,1.0,1,0.18808325646912105,72
4610,2,8702,3637,5065,0,0,0,1.0,1,1.0,1,1.0,1,0.17834287944409138,72
4611,1,8703,3638,5065,0,0,0,1.0,1,1.0,1,1.0,1,0.18805653978618417,71
4612,2,8705,3639,5066,0,0,0,1.0,1,1.0,1,1.0,1,0.1954167670731952,70
4613,0,8705,3639,5066,0,0,0,1.0,1,1.0,1,1.0,1,0.1858707076371281,69
4614,0,8705,3639,5066,0,0,0,1.0,1,1.0,1,1.0,1,0.20884920849581928,68
4615,2,8707,3641,5066,0,0,0,1.0,1,1.0,1,1.0,1,0.22333838194877195,68
4616,0,8707,3641,5066,0,0,0,1.0,1,1.0,1,1.0,1,0.24467961739374722,65
4617,2,8709,3643,5066,0,0,0,1.0,1,1.0,1,1.0,1,0.24988379995039162,66
4618,3,8712,3644,5068,0,0,0,1.0,1,1.0,1,1.0,1,0.2470036281296635,66
4619,0,8712,3644,5068,0,0,0,1.0,1,1.0,1,1.0,1,0.2520015837500317,65
4620,1,8713,3644,5069,0,0,0,1.0,1,1.0,1,1.0,1,0.2545204318371565,65
4621,9,8722,3647,5075,0,0,0,1.0,1,1.0,1,1.0,1,0.23044827461334588,67
4622,1,8723,3648,5075,0,0,0,1.0,1,1.0,1,1.0,1,0.23762444795042745,65
4623,5,8728,3652,5076,0,0,0,1.0,1,1.0,1,1.0,1,0.26851175842008324,66
4624,6,8734,3656,5078,0,0,0,1.0,1,1.0,1,1.0,1,0.2670325243941977,65
4625,2,8736,3656,5080,0,0,0,1.0,1,1.0,1,1.0,1,0.2540202257379616,64
4626,1,8737,3657,5080,0,0,0,1.0,1,1.0,1,1.0,1,0.2710776776483122,63
4627,2,8739,3658,5081,0,0,0,1.0,1,1.0,1,1.0,1,0.2330159569614636,65
4628,0,8739,3658,5081,0,0,0,1.0,1,1.0,1,1.0,1,0.2489798204192608,64
4629,2,8741,3660,5081,0,0,0,1.0,1,1.0,1,1.0,1,0.22989913604614004,64
4630,2,8743,3661,5082,0,0,0,1.0,1,1.0,1,1.0,1,0.21151514371806704,64
4631,3,8746,3663,5083,0,0,0,1.0,1,1.0,1,1.0,1,0.2694839011636176,66
4632,3,8749,3663,5086,0,0,0,1.0,1,1.0,1,1.0,1,0.25988818197007035,65
4633,1,8750,3663,5087,0,0,0,1.0,1,1.0,1,1.0,1,0.23169177127768573,66
4634,0,8750,3663,5087,0,0,0,1.0,1,1.0,1,1.0,1,0.23169177127768573,66
4635,0,8750,3663,5087,0,0,0,1.0,1,1.0,1,1.0,1,0.233791466206996,66
4636,3,8753,3663,5090,0,0,0,1.0,1,1.0,1,1.0,1,0.20755257379217593,66
4637,2,8755,3663,5092,0,0,0,1.0,1,1.0,1,1.0,1,0.17225029670833605,68
4638,0,8755,3663,5092,0,0,0,1.0,1,1.0,1,1.0,1,0.17225029670833605,68
4639,2,8757,3664,5093,0,0,0,1.0,1,1.0,1,1.0,1,0.17524262388062495,69
4640,0,8757,3664,5093,0,0,0,1.0,1,1.0,1,1.0,1,0.17524262388062495,69
4641,2,8759,3665,5094,0,0,0,1.0,1,1.0,1,1.0,1,0.19238770715268091,70
4642,0,8759,3665,5094,0,0,0,1.0,1,1.0,1,1.0,1,0.19720723933160997,69
4643,3,8762,3666,5096,0,0,0,1.0,1,1.0,1,1.0,1,0.20655781606416607,70
4644,1,8763,3667,5096,0,0,0,1.0,1,1.0,1,1.0,1,0.23686521356625032,69
4645,2,8765,3667,5098,0,0,0,1.0,1,1.0,1,1.0,1,0.2297400081756046,70
4646,2,8767,3668,5099,0,0,0,1.0,1,1.0,1,1.0,1,0.241751833971622,68
4647,4,8771,3670,5101,0,0,0,1.0,1,1.0,1,1.0,1,0.261808567894538,68
4648,1,8772,3670,5102,0,0,0,1.0,1,1.0,1,1.0,1,0.27745446920150396,67
4649,2,8774,3670,5104,0,0,0,1.0,1,1.0,1,1.0,1,0.27039273052591034,67
4650,1,8775,3670,5105,0,0,0,1.0,1,1.0,1,1.0,1,0.2506635163193932,67
4651,8,8783,3673,5110,0,0,0,1.0,1,1.0,1,1.0,1,0.2267467474894503,68
4652,0,8783,3673,5110,0,0,0,1.0,1,1.0,1,1.0,1,0.2502878664743319,66
4653,1,8784,3674,5110,0,0,0,1.0,1,1.0,1,1.0,1,0.2540369495454974,64
4654,2,8786,3675,5111,0,0,0,1.0,1,1.0,1,1.0,1,0.26923327937236147,65
4655,0,8786,3675,5111,0,0,0,1.0,1,1.0,1,1.0,1,0.2661947894469909,64
4656,3,8789,3676,5113,0,0,0,1.0,1,1.0,1,1.0,1,0.27350419102196794,65
4657,3,8792,3678,5114,0,0,0,1.0,1,1.0,1,1.0,1,0.2676267593945273,66
4658,2,8794,3679,5115,0,0,0,1.0,1,1.0,1,1.0,1,0.30730021376154065,65
4659,0,8794,3679,5115,0,0,0,1.0,1,1.0,1,1.0,1,0.30730021376154065,65
4660,0,8794,3679,5115,0,0,0,1.0,1,1.0,1,1.0,1,0.31261656385657505,66
4661,0,8794,3679,5115,0,0,0,1.0,1,1.0,1,1.0,1,0.3240612725753858,66
4662,2,8796,3680,5116,0,0,0,1.0,1,1.0,1,1.0,1,0.3201023234666815,68
4663,2,8798,3681,5117,0,0,0,1.0,1,1.0,1,1.0,1,0.3111914996059417,67
4664,6,8804,3682,5122,0,0,0,1.0,1,1.0,1,1.0,1,0.3106550210819905,67
4665,1,8805,3682,5123,0,0,0,1.0,1,1.0,1,1.0,1,0.30629824057863425,67
4666,9,8814,3682,5132,0,0,0,1.0,1,1.0,1,1.0,1,0.2038312819236801,67
4667,2,8816,3683,5133,0,0,0,1.0,1,1.0,1,1.0,1,0.19205776779029685,66
4668,3,8819,3685,5134,0,0,0,1.0,1,1.0,1,1.0,1,0.19924806809019735,66
4669,1,8820,3686,5134,0,0,0,1.0,1,1.0,1,1.0,1,0.2089297674582016,66
4670,0,8820,3686,5134,0,0,0,1.0,1,1.0,1,1.0,1,0.2258733071357535,64
4671,0,8820,3686,5134,0,0,0,1.0,1,1.0,1,1.0,1,0.2258733071357535,64
4672,1,8821,3686,5135,0,0,0,1.0,1,1.0,1,1.0,1,0.23411518945839824,64
4673,4,8825,3688,5137,0,0,0,1.0,1,1.0,1,1.0,1,0.20995490396465327,65
4674,3,8828,3690,5138,0,0,0,1.0,1,1.0,1,1.0,1,0.20315528664172255,66
4675,1,8829,3690,5139,0,0,0,1.0,1,1.0,1,1.0,1,0.21990779860751125,65
4676,0,8829,3690,5139,0,0,0,1.0,1,1.0,1,1.0,1,0.2409297841882303,65
4677,1,8830,3691,5139,0,0,0,1.0,1,1.0,1,1.0,1,0.25899482521944417,65
4678,0,8830,3691,5139,0,0,0,1.0,1,1.0,1,1.0,1,0.2780143982529663,64
4679,2,8832,3692,5140,0,0,0,1.0,1,1.0,1,1.0,1,0.27498927628697456,66
4680,0,8832,3692,5140,0,0,0,1.0,1,1.0,1,1.0,1,0.28304225804113825,67
4681,6,8838,3693,5145,0,0,0,1.0,1,1.0,1,1.0,1,0.24858602918124892,67
4682,2,8840,3695,5145,0,0,0,1.0,1,1.0,1,1.0,1,0.2765737429189084,67
4683,5,8845,3696,5149,0,0,0,1.0,1,1.0,1,1.0,1,0.2303679051127772,67
4684,0,8845,3696,5149,0,0,0,1.0,1,1.0,1,1.0,1,0.22160869192332944,66
4685,1,8846,3696,5150,0,0,0,1.0,1,1.0,1,1.0,1,0.20169707054295133,65
4686,1,8847,3697,5150,0,0,0,1.0,1,1.0,1,1.0,1,0.21667169504054082,65
4687,0,8847,3697,5150,0,0,0,1.0,1,1.0,1,1.0,1,0.20885172612163175,65
4688,0,8847,3697,5150,0,0,0,1.0,1,1.0,1,1.0,1,0.2007082678021,64
4689,2,8849,3699,5150,0,0,0,1.0,1,1.0,1,1.0,1,0.2516749606179133,65
4690,1,8850,3699,5151,0,0,0,1.0,1,1.0,1,1.0,1,0.2586770863477219,63
4691,3,8853,3702,5151,0,0,0,1.0,1,1.0,1,1.0,1,0.304891939179854,64
4692,4,8857,3702,5155,0,0,0,1.0,1,1.0,1,1.0,1,0.2936493375157701,63
4693,2,8859,3702,5157,0,0,0,1.0,1,1.0,1,1.0,1,0.2959158919303262,64
4694,2,8861,3702,5159,0,0,0,1.0,1,1.0,1,1.0,1,0.2632033739613406,63
4695,2,8863,3702,5161,0,0,0,1.0,1,1.0,1,1.0,1,0.2598701361661532,62
4696,5,8868,3704,5164,0,0,0,1.0,1,1.0,1,1.0,1,0.2278452420814744,61
4697,2,8870,3705,5165,0,0,0,1.0,1,1.0,1,1.0,1,0.20161439528037028,63
4698,0,8870,3705,5165,0,0,0,1.0,1,1.0,1,1.0,1,0.20490921780939786,63
4699,0,8870,3705,5165,0,0,0,1.0,1,1.0,1,1.0,1,0.1986358188608204,65
4700,0,8870,3705,5165,0,0,0,1.0,1,1.0,1,1.0,1,0.20873642572201953,64
4701,0,8870,3705,5165,0,0,0,1.0,1,1.0,1,1.0,1,0.20873642572201953,64
4702,1,8871,3705,5166,0,0,0,1.0,1,1.0,1,1.0,1,0.19799339596950274,66
4703,1,8872,3706,5166,0,0,0,1.0,1,1.0,1,1.0,1,0.20176415592388272,65
4704,4,8876,3709,5167,0,0,0,1.0,1,1.0,1,1.0,1,0.20982206864456843,64
4705,2,8878,3711,5167,0,0,0,1.0,1,1.0,1,1.0,1,0.27190633950780874,65
4706,6,8884,3716,5168,0,0,0,1.0,1,1.0,1,1.0,1,0.30669408122659464,65
4707,4,8888,3717,5171,0,0,0,1.0,1,1.0,1,1.0,1,0.29521755881108935,63
4708,1,8889,3718,5171,0,0,0,1.0,1,1.0,1,1.0,1,0.30185902213854,62
4709,3,8892,3721,5171,0,0,0,1.0,1,1.0,1,1.0,1,0.3487385597163007,61
4710,0,8892,3721,5171,0,0,0,1.0,1,1.0,1,1.0,1,0.3473778290819073,60
4711,10,8902,3723,5179,0,0,0,1.0,1,1.0,1,1.0,1,0.24046908625511496,59
4712,1,8903,3723,5180,0,0,0,1.0,1,1.0,1,1.0,1,0.23116964280685018,58
4713,1,8904,3724,5180,0,0,0,1.0,1,1.0,1,1.0,1,0.23692761139073093,58
4714,0,8904,3724,5180,0,0,0,1.0,1,1.0,1,1.0,1,0.23378386303977983,57
4715,0,8904,3724,5180,0,0,0,1.0,1,1.0,1,1.0,1,0.24087494717066493,57
4716,1,8905,3725,5180,0,0,0,1.0,1,1.0,1,1.0,1,0.2622007584026171,55
4717,2,8907,3726,5181,0,0,0,1.0,1,1.0,1,1.0,1,0.25167365467830327,57
4718,1,8908,3726,5182,0,0,0,1.0,1,1.0,1,1.0,1,0.22832513695947224,56
4719,2,8910,3727,5183,0,0,0,1.0,1,1.0,1,1.0,1,0.25582283734320066,56
4720,1,8911,3727,5184,0,0,0,1.0,1,1.0,1,1.0,1,0.24247308648206892,57
4721,1,8912,3727,5185,0,0,0,1.0,1,1.0,1,1.0,1,0.2110787005177499,57
4722,1,8913,3727,5186,0,0,0,1.0,1,1.0,1,1.0,1,0.2055338441469168,57
4723,2,8915,3729,5186,0,0,0,1.0,1,1.0,1,1.0,1,0.22244998979799657,57
4724,4,8919,3730,5189,0,0,0,1.0,1,1.0,1,1.0,1,0.22064915075176111,57
4725,3,8922,3731,5191,0,0,0,1.0,1,1.0,1,1.0,1,0.27048594735048354,57
4726,5,8927,3733,5194,0,0,0,1.0,1,1.0,1,1.0,1,0.23855892645674365,57
4727,0,8927,3733,5194,0,0,0,1.0,1,1.0,1,1.0,1,0.2480242730277703,56
4728,2,8929,3734,5195,0,0,0,1.0,1,1.0,1,1.0,1,0.2550239089407859,57
4729,0,8929,3734,5195,0,0,0,1.0,1,1.0,1,1.0,1,0.26867758466356595,56
4730,1,8930,3735,5195,0,0,0,1.0,1,1.0,1,1.0,1,0.2884594244294088,54
4731,3,8933,3736,5197,0,0,0,1.0,1,1.0,1,1.0,1,0.27271248149945326,54
4732,1,8934,3737,5197,0,0,0,1.0,1,1.0,1,1.0,1,0.31216371943575316,54
4733,3,8937,3738,5199,0,0,0,1.0,1,1.0,1,1.0,1,0.303169402369935,55
4734,3,8940,3740,5200,0,0,0,1.0,1,1.0,1,1.0,1,0.32218191890248105,56
4735,5,8945,3742,5203,0,0,0,1.0,1,1.0,1,1.0,1,0.338535017536583,56
4736,3,8948,3743,5205,0,0,0,1.0,1,1.0,1,1.0,1,0.34812835084542004,58
4737,1,8949,3743,5206,0,0,0,1.0,1,1.0,1,1.0,1,0.34019374371839367,59
4738,1,8950,3744,5206,0,0,0,1.0,1,1.0,1,1.0,1,0.3561184462592888,60
4739,1,8951,3744,5207,0,0,0,1.0,1,1.0,1,1.0,1,0.3626590154573568,60
4740,1,8952,3744,5208,0,0,0,1.0,1,1.0,1,1.0,1,0.3561184462592888,60
4741,4,8956,3744,5212,0,0,0,1.0,1,1.0,1,1.0,1,0.32035181646393346,61
4742,4,8960,3747,5213,0,0,0,1.0,1,1.0,1,1.0,1,0.32914510473398984,61
4743,0,8960,3747,5213,0,0,0,1.0,1,1.0,1,1.0,1,0.32010989315996663,60
4744,2,8962,3749,5213,0,0,0,1.0,1,1.0,1,1.0,1,0.3236877022989675,60
4745,1,8963,3749,5214,0,0,0,1.0,1,1.0,1,1.0,1,0.2924429884682977,59
4746,2,8965,3751,5214,0,0,0,1.0,1,1.0,1,1.0,1,0.31739108026437407,59
4747,3,8968,3753,5215,0,0,0,1.0,1,1.0,1,1.0,1,0.3054991344392239,58
4748,5,8973,3755,5218,0,0,0,1.0,1,1.0,1,1.0,1,0.2809012440845219,58
4749,7,8980,3757,5223,0,0,0,1.0,1,1.0,1,1.0,1,0.2551249393356456,58
4750,6,8986,3758,5228,0,0,0,1.0,1,1.0,1,1.0,1,0.23895714661350345,56
4751,7,8993,3761,5232,0,0,0,1.0,1,1.0,1,1.0,1,0.246261885267614,58
4752,2,8995,3761,5234,0,0,0,1.0,1,1.0,1,1.0,1,0.23113367151630337,55
4753,1,8996,3761,5235,0,0,0,1.0,1,1.0,1,1.0,1,0.22513940514309058,55
4754,2,8998,3761,5237,0,0,0,1.0,1,1.0,1,1.0,1,0.2064619421077058,54
4755,3,9001,3761,5240,0,0,0,1.0,1,1.0,1,1.0,1,0.18986556938497168,54
4756,4,9005,3762,5243,0,0,0,1.0,1,1.0,1,1.0,1,0.17982942161731794,54
4757,0,9005,3762,5243,0,0,0,1.0,1,1.0,1,1.0,1,0.17426586206882722,53
4758,0,9005,3762,5243,0,0,0,1.0,1,1.0,1,1.0,1,0.17426586206882722,53
4759,1,9006,3762,5244,0,0,0,1.0,1,1.0,1,1.0,1,0.14863622915274552,53
4760,2,9008,3763,5245,0,0,0,1.0,1,1.0,1,1.0,1,0.1604191422059509,53
4761,5,9013,3765,5248,0,0,0,1.0,1,1.0,1,1.0,1,0.19149290141120304,52
4762,3,9016,3766,5250,0,0,0,1.0,1,1.0,1,1.0,1,0.23095376593104858,54
4763,5,9021,3769,5252,0,0,0,1.0,1,1.0,1,1.0,1,0.24587623516233398,54
4764,3,9024,3770,5254,0,0,0,1.0,1,1.0,1,1.0,1,0.23885451348206266,55
4765,7,9031,3773,5258,0,0,0,1.0,1,1.0,1,1.0,1,0.30472153263610746,56
4766,1,9032,3773,5259,0,0,0,1.0,1,1.0,1,1.0,1,0.2910755610343056,58
4767,2,9034,3773,5261,0,0,0,1.0,1,1.0,1,1.0,1,0.28626724717884583,59
4768,5,9039,3774,5265,0,0,0,1.0,1,1.0,1,1.0,1,0.273990430433655,60
4769,3,9042,3774,5268,0,0,0,1.0,1,1.0,1,1.0,1,0.2537417232507105,59
4770,2,9044,3774,5270,0,0,0,1.0,1,1.0,1,1.0,1,0.26270866916671726,60
4771,4,9048,3774,5274,0,0,0,1.0,1,1.0,1,1.0,1,0.239692176054614,59
4772,1,9049,3775,5274,0,0,0,1.0,1,1.0,1,1.0,1,0.22235610382768775,59
4773,1,9050,3775,5275,0,0,0,1.0,1,1.0,1,1.0,1,0.20494331769227622,60
4774,0,9050,3775,5275,0,0,0,1.0,1,1.0,1,1.0,1,0.20494331769227622,60
4775,0,9050,3775,5275,0,0,0,1.0,1,1.0,1,1.0,1,0.20026312370853938,62
4776,0,9050,3775,5275,0,0,0,1.0,1,1.0,1,1.0,1,0.18986915494131948,63
4777,0,9050,3775,5275,0,0,0,1.0,1,1.0,1,1.0,1,0.18986915494131948,63
4778,3,9053,3776,5277,0,0,0,1.0,1,1.0,1,1.0,1,0.1786091674354026,63
4779,2,9055,3777,5278,0,0,0,1.0,1,1.0,1,1.0,1,0.17995843581288654,63
4780,5,9060,3778,5282,0,0,0,1.0,1,1.0,1,1.0,1,0.20064390077024505,65
4781,2,9062,3778,5284,0,0,0,1.0,1,1.0,1,1.0,1,0.214666169229177,64
4782,0,9062,3778,5284,0,0,0,1.0,1,1.0,1,1.0,1,0.22543708356726,65
4783,4,9066,3780,5286,0,0,0,1.0,1,1.0,1,1.0,1,0.21971141288357451,66
4784,1,9067,3781,5286,0,0,0,1.0,1,1.0,1,1.0,1,0.20849116070141863,64
4785,4,9071,3783,5288,0,0,0,1.0,1,1.0,1,1.0,1,0.2322596626530337,65
4786,10,9081,3786,5295,0,0,0,1.0,1,1.0,1,1.0,1,0.22044312727899087,66
4787,4,9085,3786,5299,0,0,0,1.0,1,1.0,1,1.0,1,0.145987606796609,63
4788,3,9088,3789,5299,0,0,0,1.0,1,1.0,1,1.0,1,0.16952573499421847,63
4789,4,9092,3792,5300,0,0,0,1.0,1,1.0,1,1.0,1,0.14523834692252022,60
4790,5,9097,3795,5302,0,0,0,1.0,1,1.0,1,1.0,1,0.15810775855997147,61
4791,3,9100,3798,5302,0,0,0,1.0,1,1.0,1,1.0,1,0.18526958241430264,59
4792,2,9102,3800,5302,0,0,0,1.0,1,1.0,1,1.0,1,0.1692691449567893,59
4793,3,9105,3802,5303,0,0,0,1.0,1,1.0,1,1.0,1,0.16562391981577496,61
4794,2,9107,3804,5303,0,0,0,1.0,1,1.0,1,1.0,1,0.17548187643940624,60
4795,0,9107,3804,5303,0,0,0,1.0,1,1.0,1,1.0,1,0.17735257119515355,61
4796,2,9109,3806,5303,0,0,0,1.0,1,1.0,1,1.0,1,0.20795685500293257,60
4797,3,9112,3808,5304,0,0,0,1.0,1,1.0,1,1.0,1,0.20321422321035332,61
4798,5,9117,3809,5308,0,0,0,1.0,1,1.0,1,1.0,1,0.19150134250685372,61
4799,3,9120,3809,5311,0,0,0,1.0,1,1.0,1,1.0,1,0.18768572108878254,59
4800,1,9121,3810,5311,0,0,0,1.0,1,1.0,1,1.0,1,0.18831525596583454,57
4801,5,9126,3811,5315,0,0,0,1.0,1,1.0,1,1.0,1,0.15348962461543098,58
4802,0,9126,3811,5315,0,0,0,1.0,1,1.0,1,1.0,1,0.15641868002986944,56
4803,2,9128,3813,5315,0,0,0,1.0,1,1.0,1,1.0,1,0.17870593681373587,57
4804,0,9128,3813,5315,0,0,0,1.0,1,1.0,1,1.0,1,0.1748976347255383,55
4805,2,9130,3814,5316,0,0,0,1.0,1,1.0,1,1.0,1,0.18515621759682108,56
4806,0,9130,3814,5316,0,0,0,1.0,1,1.0,1,1.0,1,0.18306064896205806,55
4807,0,9130,3814,5316,0,0,0,1.0,1,1.0,1,1.0,1,0.20481273653273752,53
4808,3,9133,3816,5317,0,0,0,1.0,1,1.0,1,1.0,1,0.21576202905242697,54
4809,0,9133,3816,5317,0,0,0,1.0,1,1.0,1,1.0,1,0.22634399111127776,53
4810,1,9134,3817,5317,0,0,0,1.0,1,1.0,1,1.0,1,0.21770265642552927,53
4811,2,9136,3817,5319,0,0,0,1.0,1,1.0,1,1.0,1,0.17392569989674433,54
4812,2,9138,3819,5319,0,0,0,1.0,1,1.0,1,1.0,1,0.17203488311099102,54
4813,0,9138,3819,5319,0,0,0,1.0,1,1.0,1,1.0,1,0.17272311784975677,55
4814,2,9140,3821,5319,0,0,0,1.0,1,1.0,1,1.0,1,0.1965739780706424,55
4815,1,9141,3821,5320,0,0,0,1.0,1,1.0,1,1.0,1,0.17998020053552477,56
4816,2,9143,3823,5320,0,0,0,1.0,1,1.0,1,1.0,1,0.19237984105643874,56
4817,5,9148,3825,5323,0,0,0,1.0,1,1.0,1,1.0,1,0.19645912135968668,58
4818,4,9152,3827,5325,0,0,0,1.0,1,1.0,1,1.0,1,0.22827873248931801,58
4819,0,9152,3827,5325,0,0,0,1.0,1,1.0,1,1.0,1,0.2223219878123482,58
4820,0,9152,3827,5325,0,0,0,1.0,1,1.0,1,1.0,1,0.2223219878123482,58
4821,1,9153,3828,5325,0,0,0,1.0,1,1.0,1,1.0,1,0.23832495364984982,58
4822,2,9155,3830,5325,0,0,0,1.0,1,1.0,1,1.0,1,0.25316621003491985,58
4823,3,9158,3833,5325,0,0,0,1.0,1,1.0,1,1.0,1,0.25686785425126,57
4824,1,9159,3834,5325,0,0,0,1.0,1,1.0,1,1.0,1,0.287810642728842,56
4825,3,9162,3835,5327,0,0,0,1.0,1,1.0,1,1.0,1,0.27222165499965034,57
4826,1,9163,3836,5327,0,0,0,1.0,1,1.0,1,1.0,1,0.28569101037207617,57
4827,3,9166,3837,5329,0,0,0,1.0,1,1.0,1,1.0,1,0.26809441345144036,56
4828,1,9167,3838,5329,0,0,0,1.0,1,1.0,1,1.0,1,0.26543306823024465,57
4829,0,9167,3838,5329,0,0,0,1.0,1,1.0,1,1.0,1,0.2683095536003014,56
4830,1,9168,3838,5330,0,0,0,1.0,1,1.0,1,1.0,1,0.254038129675781,57
4831,6,9174,3840,5334,0,0,0,1.0,1,1.0,1,1.0,1,0.25775624104357253,57
4832,0,9174,3840,5334,0,0,0,1.0,1,1.0,1,1.0,1,0.26216565267083713,55
4833,1,9175,3841,5334,0,0,0,1.0,1,1.0,1,1.0,1,0.27184933601342126,55
4834,3,9178,3842,5336,0,0,0,1.0,1,1.0,1,1.0,1,0.2502180749215593,55
4835,0,9178,3842,5336,0,0,0,1.0,1,1.0,1,1.0,1,0.2492494850789485,55
4836,1,9179,3842,5337,0,0,0,1.0,1,1.0,1,1.0,1,0.22262730904328962,55
4837,2,9181,3844,5337,0,0,0,1.0,1,1.0,1,1.0,1,0.2185392696731688,53
4838,1,9182,3845,5337,0,0,0,1.0,1,1.0,1,1.0,1,0.22568676578662913,54
4839,3,9185,3847,5338,0,0,0,1.0,1,1.0,1,1.0,1,0.23454749808342776,53
4840,2,9187,3848,5339,0,0,0,1.0,1,1.0,1,1.0,1,0.24137852896319892,52
4841,3,9190,3851,5339,0,0,0,1.0,1,1.0,1,1.0,1,0.25902400233116996,51
4842,4,9194,3853,5341,0,0,0,1.0,1,1.0,1,1.0,1,0.27509726233343623,50
4843,2,9196,3855,5341,0,0,0,1.0,1,1.0,1,1.0,1,0.28729119386365476,51
4844,1,9197,3856,5341,0,0,0,1.0,1,1.0,1,1.0,1,0.2756939336922819,50
4845,4,9201,3857,5344,0,0,0,1.0,1,1.0,1,1.0,1,0.29861461711151643,49
4846,6,9207,3859,5348,0,0,0,1.0,1,1.0,1,1.0,1,0.22603001318437108,49
4847,1,9208,3859,5349,0,0,0,1.0,1,1.0,1,1.0,1,0.243332066808755,48
4848,2,9210,3861,5349,0,0,0,1.0,1,1.0,1,1.0,1,0.2792968974684661,48
4849,1,9211,3862,5349,0,0,0,1.0,1,1.0,1,1.0,1,0.2734975363414077,48
4850,1,9212,3862,5350,0,0,0,1.0,1,1.0,1,1.0,1,0.26326576535944657,49
4851,2,9214,3863,5351,0,0,0,1.0,1,1.0,1,1.0,1,0.2500255591617153,49
4852,0,9214,3863,5351,0,0,0,1.0,1,1.0,1,1.0,1,0.27833568959264066,49
4853,0,9214,3863,5351,0,0,0,1.0,1,1.0,1,1.0,1,0.2748318011818177,50
4854,2,9216,3864,5352,0,0,0,1.0,1,1.0,1,1.0,1,0.2671172628890089,51
4855,1,9217,3864,5353,0,0,0,1.0,1,1.0,1,1.0,1,0.2762755348532792,51
4856,1,9218,3864,5354,0,0,0,1.0,1,1.0,1,1.0,1,0.275662986642092,50
4857,2,9220,3864,5356,0,0,0,1.0,1,1.0,1,1.0,1,0.24135107689701948,51
4858,2,9222,3864,5358,0,0,0,1.0,1,1.0,1,1.0,1,0.2443888626795504,51
4859,2,9224,3864,5360,0,0,0,1.0,1,1.0,1,1.0,1,0.2577609015488504,52
4860,2,9226,3864,5362,0,0,0,1.0,1,1.0,1,1.0,1,0.2577609015488504,52
4861,5,9231,3864,5367,0,0,0,1.0,1,1.0,1,1.0,1,0.20394438639474716,53
4862,2,9233,3865,5368,0,0,0,1.0,1,1.0,1,1.0,1,0.20798087134515728,53
4863,0,9233,3865,5368,0,0,0,1.0,1,1.0,1,1.0,1,0.22524786508082104,51
4864,2,9235,3866,5369,0,0,0,1.0,1,1.0,1,1.0,1,0.2084433581619464,53
4865,0,9235,3866,5369,0,0,0,1.0,1,1.0,1,1.0,1,0.21228233632279667,52
4866,2,9237,3867,5370,0,0,0,1.0,1,1.0,1,1.0,1,0.2218109545735974,53
4867,1,9238,3868,5370,0,0,0,1.0,1,1.0,1,1.0,1,0.23987104852898672,51
4868,3,9241,3869,5372,0,0,0,1.0,1,1.0,1,1.0,1,0.20389832718168616,53
4869,1,9242,3869,5373,0,0,0,1.0,1,1.0,1,1.0,1,0.2162554567890235,53
4870,5,9247,3871,5376,0,0,0,1.0,1,1.0,1,1.0,1,0.18274885878309602,55
4871,2,9249,3872,5377,0,0,0,1.0,1,1.0,1,1.0,1,0.2100436978318651,55
4872,6,9255,3874,5381,0,0,0,1.0,1,1.0,1,1.0,1,0.20270411599356938,56
4873,3,9258,3876,5382,0,0,0,1.0,1,1.0,1,1.0,1,0.19337661929795977,56
4874,4,9262,3877,5385,0,0,0,1.0,1,1.0,1,1.0,1,0.19175384860766442,58
4875,2,9264,3878,5386,0,0,0,1.0,1,1.0,1,1.0,1,0.17653616711512504,56
4876,6,9270,3880,5390,0,0,0,1.0,1,1.0,1,1.0,1,0.14913955957855754,56
4877,1,9271,3880,5391,0,0,0,1.0,1,1.0,1,1.0,1,0.145706354741623,54
4878,0,9271,3880,5391,0,0,0,1.0,1,1.0,1,1.0,1,0.145706354741623,54
4879,3,9274,3882,5392,0,0,0,1.0,1,1.0,1,1.0,1,0.12677995335774975,54
4880,0,9274,3882,5392,0,0,0,1.0,1,1.0,1,1.0,1,0.09649663965882514,53
4881,2,9276,3884,5392,0,0,0,1.0,1,1.0,1,1.0,1,0.1152628608206652,54
4882,1,9277,3885,5392,0,0,0,1.0,1,1.0,1,1.0,1,0.1588784979692366,52
4883,1,9278,3886,5392,0,0,0,1.0,1,1.0,1,1.0,1,0.19303564885543667,54
4884,0,9278,3886,5392,0,0,0,1.0,1,1.0,1,1.0,1,0.16472857255825474,52
4885,1,9279,3887,5392,0,0,0,1.0,1,1.0,1,1.0,1,0.1823090627462447,51
4886,0,9279,3887,5392,0,0,0,1.0,1,1.0,1,1.0,1,0.1692535162176833,50
4887,0,9279,3887,5392,0,0,0,1.0,1,1.0,1,1.0,1,0.1679940087298283,49
4888,0,9279,3887,5392,0,0,0,1.0,1,1.0,1,1.0,1,0.18272457643952117,48
4889,0,9279,3887,5392,0,0,0,1.0,1,1.0,1,1.0,1,0.18272457643952117,48
4890,0,9279,3887,5392,0,0,0,1.0,1,1.0,1,1.0,1,0.18272457643952117,48
4891,2,9281,3889,5392,0,0,0,1.0,1,1.0,1,1.0,1,0.2397882188392982,49
4892,2,9283,3889,5394,0,0,0,1.0,1,1.0,1,1.0,1,0.24429945832130828,51
4893,0,9283,3889,5394,0,0,0,1.0,1,1.0,1,1.0,1,0.24561449387309173,51
4894,1,9284,3889,5395,0,0,0,1.0,1,1.0,1,1.0,1,0.22796080567751162,52
4895,0,9284,3889,5395,0,0,0,1.0,1,1.0,1,1.0,1,0.22796080567751162,52
4896,2,9286,3891,5395,0,0,0,1.0,1,1.0,1,1.0,1,0.21632587305455767,51
4897,0,9286,3891,5395,0,0,0,1.0,1,1.0,1,1.0,1,0.20239612774589627,52
4898,2,9288,3893,5395,0,0,0,1.0,1,1.0,1,1.0,1,0.20914825956669725,52
4899,1,9289,3893,5396,0,0,0,1.0,1,1.0,1,1.0,1,0.17909259968454563,53
4900,4,9293,3896,5397,0,0,0,1.0,1,1.0,1,1.0,1,0.13292367214762973,54
4901,5,9298,3900,5398,0,0,0,1.0,1,1.0,1,1.0,1,0.15122685739568062,54
4902,1,9299,3901,5398,0,0,0,1.0,1,1.0,1,1.0,1,0.15753071906431487,55
4903,4,9303,3903,5400,0,0,0,1.0,1,1.0,1,1.0,1,0.1992274515173952,56
4904,4,9307,3904,5403,0,0,0,1.0,1,1.0,1,1.0,1,0.22278291520042115,55
4905,0,9307,3904,5403,0,0,0,1.0,1,1.0,1,1.0,1,0.2217914542325261,54
4906,4,9311,3904,5407,0,0,0,1.0,1,1.0,1,1.0,1,0.21061339402360574,54
4907,0,9311,3904,5407,0,0,0,1.0,1,1.0,1,1.0,1,0.2103834605491158,54
4908,1,9312,3904,5408,0,0,0,1.0,1,1.0,1,1.0,1,0.1986972701080409,53
4909,4,9316,3905,5411,0,0,0,1.0,1,1.0,1,1.0,1,0.19074304859305852,54
4910,0,9316,3905,5411,0,0,0,1.0,1,1.0,1,1.0,1,0.1959311880867261,55
4911,3,9319,3907,5412,0,0,0,1.0,1,1.0,1,1.0,1,0.2044536500531927,57
4912,4,9323,3910,5413,0,0,0,1.0,1,1.0,1,1.0,1,0.1735004906248245,57
4913,0,9323,3910,5413,0,0,0,1.0,1,1.0,1,1.0,1,0.15598449583737123,56
4914,1,9324,3911,5413,0,0,0,1.0,1,1.0,1,1.0,1,0.18463904858629648,56
4915,3,9327,3912,5415,0,0,0,1.0,1,1.0,1,1.0,1,0.131554085278577,56
4916,1,9328,3912,5416,0,0,0,1.0,1,1.0,1,1.0,1,0.15199970770861473,54
4917,3,9331,3913,5418,0,0,0,1.0,1,1.0,1,1.0,1,0.18773162717316963,53
4918,3,9334,3914,5420,0,0,0,1.0,1,1.0,1,1.0,1,0.21821328082740823,52
4919,3,9337,3915,5422,0,0,0,1.0,1,1.0,1,1.0,1,0.2945105443452842,49
4920,4,9341,3915,5426,0,0,0,1.0,1,1.0,1,1.0,1,0.2945105443452842,49
4921,6,9347,3916,5431,0,0,0,1.0,1,1.0,1,1.0,1,0.254189428965184,50
4922,2,9349,3916,5433,0,0,0,1.0,1,1.0,1,1.0,1,0.21989043888992438,50
4923,1,9350,3916,5434,0,0,0,1.0,1,1.0,1,1.0,1,0.2249299263082131,52
4924,4,9354,3917,5437,0,0,0,1.0,1,1.0,1,1.0,1,0.20566339153308963,53
4925,2,9356,3917,5439,0,0,0,1.0,1,1.0,1,1.0,1,0.15451528224798788,54
4926,0,9356,3917,5439,0,0,0,1.0,1,1.0,1,1.0,1,0.15451528224798788,54
4927,1,9357,3918,5439,0,0,0,1.0,1,1.0,1,1.0,1,0.1561395303271601,54
4928,0,9357,3918,5439,0,0,0,1.0,1,1.0,1,1.0,1,0.1561395303271601,54
4929,0,9357,3918,5439,0,0,0,1.0,1,1.0,1,1.0,1,0.15140586042448154,55
4930,0,9357,3918,5439,0,0,0,1.0,1,1.0,1,1.0,1,0.17352882709979833,58
4931,0,9357,3918,5439,0,0,0,1.0,1,1.0,1,1.0,1,0.17352882709979833,58
4932,2,9359,3919,5440,0,0,0,1.0,1,1.0,1,1.0,1,0.19499278010174118,59
4933,2,9361,3919,5442,0,0,0,1.0,1,1.0,1,1.0,1,0.15343593902070926,59
4934,0,9361,3919,5442,0,0,0,1.0,1,1.0,1,1.0,1,0.15343593902070926,59
4935,1,9362,3919,5443,0,0,0,1.0,1,1.0,1,1.0,1,0.1378301674834905,59
4936,1,9363,3920,5443,0,0,0,1.0,1,1.0,1,1.0,1,0.17059900947681264,59
4937,0,9363,3920,5443,0,0,0,1.0,1,1.0,1,1.0,1,0.182318652958198,61
4938,1,9364,3920,5444,0,0,0,1.0,1,1.0,1,1.0,1,0.18075414131487288,62
4939,3,9367,3921,5446,0,0,0,1.0,1,1.0,1,1.0,1,0.1541757592749761,63
4940,2,9369,3921,5448,0,0,0,1.0,1,1.0,1,1.0,1,0.1636690759470766,65
4941,1,9370,3922,5448,0,0,0,1.0,1,1.0,1,1.0,1,0.17442509318544075,65
4942,3,9373,3925,5448,0,0,0,1.0,1,1.0,1,1.0,1,0.21438595270549432,67
4943,1,9374,3925,5449,0,0,0,1.0,1,1.0,1,1.0,1,0.22311921373368587,66
4944,5,9379,3928,5451,0,0,0,1.0,1,1.0,1,1.0,1,0.25938191326928783,63
4945,2,9381,3929,5452,0,0,0,1.0,1,1.0,1,1.0,1,0.22364976044187487,61
4946,2,9383,3931,5452,0,0,0,1.0,1,1.0,1,1.0,1,0.27353554719064144,60
4947,0,9383,3931,5452,0,0,0,1.0,1,1.0,1,1.0,1,0.2607793220819812,58
4948,5,9388,3933,5455,0,0,0,1.0,1,1.0,1,1.0,1,0.2538276751040872,57
4949,3,9391,3934,5457,0,0,0,1.0,1,1.0,1,1.0,1,0.24305923030366286,56
4950,2,9393,3934,5459,0,0,0,1.0,1,1.0,1,1.0,1,0.21594470768819934,57
4951,7,9400,3936,5464,0,0,0,1.0,1,1.0,1,1.0,1,0.16103572964975738,55
4952,6,9406,3940,5466,0,0,0,1.0,1,1.0,1,1.0,1,0.17867868534152334,55
4953,2,9408,3941,5467,0,0,0,1.0,1,1.0,1,1.0,1,0.18956267991705375,54
4954,2,9410,3942,5468,0,0,0,1.0,1,1.0,1,1.0,1,0.19040274462733595,54
4955,1,9411,3942,5469,0,0,0,1.0,1,1.0,1,1.0,1,0.13585570470422295,52
4956,0,9411,3942,5469,0,0,0,1.0,1,1.0,1,1.0,1,0.13585570470422295,52
4957,2,9413,3943,5470,0,0,0,1.0,1,1.0,1,1.0,1,0.09691792013031791,53
4958,1,9414,3944,5470,0,0,0,1.0,1,1.0,1,1.0,1,0.10540538546632489,52
4959,1,9415,3945,5470,0,0,0,1.0,1,1.0,1,1.0,1,0.13705252500575008,51
4960,1,9416,3945,5471,0,0,0,1.0,1,1.0,1,1.0,1,0.12273143774264221,53
4961,0,9416,3945,5471,0,0,0,1.0,1,1.0,1,1.0,1,0.12273143774264221,53
4962,1,9417,3945,5472,0,0,0,1.0,1,1.0,1,1.0,1,0.13135583798021083,55
4963,1,9418,3946,5472,0,0,0,1.0,1,1.0,1,1.0,1,0.1250718046134719,54
4964,0,9418,3946,5472,0,0,0,1.0,1,1.0,1,1.0,1,0.1250718046134719,54
4965,0,9418,3946,5472,0,0,0,1.0,1,1.0,1,1.0,1,0.1250718046134719,54
4966,3,9421,3948,5473,0,0,0,1.0,1,1.0,1,1.0,1,0.13912975870792763,54
4967,2,9423,3950,5473,0,0,0,1.0,1,1.0,1,1.0,1,0.14005433911269996,55
4968,1,9424,3951,5473,0,0,0,1.0,1,1.0,1,1.0,1,0.17800293660648017,55
4969,3,9427,3952,5475,0,0,0,1.0,1,1.0,1,1.0,1,0.19508982903355718,57
4970,1,9428,3953,5475,0,0,0,1.0,1,1.0,1,1.0,1,0.23035436101195367,56
4971,4,9432,3953,5479,0,0,0,1.0,1,1.0,1,1.0,1,0.18637621280871183,57
4972,3,9435,3954,5481,0,0,0,1.0,1,1.0,1,1.0,1,0.2340451258358245,57
4973,1,9436,3954,5482,0,0,0,1.0,1,1.0,1,1.0,1,0.2298864773657245,60
4974,1,9437,3954,5483,0,0,0,1.0,1,1.0,1,1.0,1,0.2625791689901213,58
4975,2,9439,3954,5485,0,0,0,1.0,1,1.0,1,1.0,1,0.24948793720995663,59
4976,2,9441,3956,5485,0,0,0,1.0,1,1.0,1,1.0,1,0.23058418060257455,59
4977,4,9445,3960,5485,0,0,0,1.0,1,1.0,1,1.0,1,0.2213827515504705,59
4978,1,9446,3961,5485,0,0,0,1.0,1,1.0,1,1.0,1,0.22417652380163472,59
4979,0,9446,3961,5485,0,0,0,1.0,1,1.0,1,1.0,1,0.22887643916570305,61
4980,5,9451,3962,5489,0,0,0,1.0,1,1.0,1,1.0,1,0.21891690750658013,62
4981,5,9456,3963,5493,0,0,0,1.0,1,1.0,1,1.0,1,0.17872719465839537,62
4982,2,9458,3964,5494,0,0,0,1.0,1,1.0,1,1.0,1,0.14237222685869216,63
4983,1,9459,3964,5495,0,0,0,1.0,1,1.0,1,1.0,1,0.13751464433865912,63
4984,2,9461,3966,5495,0,0,0,1.0,1,1.0,1,1.0,1,0.17672608893745517,61
4985,0,9461,3966,5495,0,0,0,1.0,1,1.0,1,1.0,1,0.1764508437645061,59
4986,1,9462,3967,5495,0,0,0,1.0,1,1.0,1,1.0,1,0.19337600573570624,62
4987,1,9463,3968,5495,0,0,0,1.0,1,1.0,1,1.0,1,0.20521747110023175,60
4988,0,9463,3968,5495,0,0,0,1.0,1,1.0,1,1.0,1,0.2089523648510958,59
4989,5,9468,3970,5498,0,0,0,1.0,1,1.0,1,1.0,1,0.2050154587239013,57
4990,0,9468,3970,5498,0,0,0,1.0,1,1.0,1,1.0,1,0.21846976019151426,55
4991,2,9470,3972,5498,0,0,0,1.0,1,1.0,1,1.0,1,0.22352860126852017,54
4992,1,9471,3972,5499,0,0,0,1.0,1,1.0,1,1.0,1,0.22844150067710958,52
4993,0,9471,3972,5499,0,0,0,1.0,1,1.0,1,1.0,1,0.21281697248553763,51
4994,1,9472,3973,5499,0,0,0,1.0,1,1.0,1,1.0,1,0.19063514317358313,49
4995,6,9478,3977,5501,0,0,0,1.0,1,1.0,1,1.0,1,0.2366534602894768,48
4996,5,9483,3980,5503,0,0,0,1.0,1,1.0,1,1.0,1,0.18459746614332942,48
4997,1,9484,3981,5503,0,0,0,1.0,1,1.0,1,1.0,1,0.2118963650438796,46
4998,2,9486,3981,5505,0,0,0,1.0,1,1.0,1,1.0,1,0.19350710041116542,48
4999,2,9488,3983,5505,0,0,0,1.0,1,1.0,1,1.0,1,0.22724905174172225,48
5000,1,9489,3984,5505,0,0,0,1.0,1,1.0,1,1.0,1,0.20439829142774046,47
5001,1,9490,3985,5505,0,0,0,1.0,1,1.0,1,1.0,1,0.22632650512622818,45
5002,3,9493,3987,5506,0,0,0,1.0,1,1.0,1,1.0,1,0.26210003735642934,46
5003,1,9494,3988,5506,0,0,0,1.0,1,1.0,1,1.0,1,0.24524748024538343,46
5004,2,9496,3989,5507,0,0,0,1.0,1,1.0,1,1.0,1,0.23883144083902863,46
5005,0,9496,3989,5507,0,0,0,1.0,1,1.0,1,1.0,1,0.2655452160722852,45
5006,0,9496,3989,5507,0,0,0,1.0,1,1.0,1,1.0,1,0.2935256587084802,45
5007,0,9496,3989,5507,0,0,0,1.0,1,1.0,1,1.0,1,0.30047629681454385,46
5008,0,9496,3989,5507,0,0,0,1.0,1,1.0,1,1.0,1,0.3080139065780231,49
5009,0,9496,3989,5507,0,0,0,1.0,1,1.0,1,1.0,1,0.30920048671988676,49
5010,0,9496,3989,5507,0,0,0,1.0,1,1.0,1,1.0,1,0.31795288512597647,50
5011,2,9498,3989,5509,0,0,0,1.0,1,1.0,1,1.0,1,0.2935773681480657,51
5012,1,9499,3989,5510,0,0,0,1.0,1,1.0,1,1.0,1,0.28674181643752655,52
5013,0,9499,3989,5510,0,0,0,1.0,1,1.0,1,1.0,1,0.28674181643752655,52
5014,0,9499,3989,5510,0,0,0,1.0,1,1.0,1,1.0,1,0.2845709610483948,53
5015,4,9503,3990,5513,0,0,0,1.0,1,1.0,1,1.0,1,0.2726340476253784,54
5016,4,9507,3991,5516,0,0,0,1.0,1,1.0,1,1.0,1,0.2739935954701391,55
5017,1,9508,3991,5517,0,0,0,1.0,1,1.0,1,1.0,1,0.2642118781600099,55
5018,0,9508,3991,5517,0,0,0,1.0,1,1.0,1,1.0,1,0.273411765155597,56
5019,0,9508,3991,5517,0,0,0,1.0,1,1.0,1,1.0,1,0.273411765155597,56
5020,1,9509,3992,5517,0,0,0,1.0,1,1.0,1,1.0,1,0.2684212696761485,55
5021,2,9511,3992,5519,0,0,0,1.0,1,1.0,1,1.0,1,0.2602883731364383,56
5022,3,9514,3995,5519,0,0,0,1.0,1,1.0,1,1.0,1,0.2927043480589109,56
5023,1,9515,3996,5519,0,0,0,1.0,1,1.0,1,1.0,1,0.28259579716670186,55
5024,5,9520,4000,5520,0,0,0,1.0,1,1.0,1,1.0,1,0.2858750384323362,55
5025,3,9523,4001,5522,0,0,0,1.0,1,1.0,1,1.0,1,0.25797859547555285,53
5026,3,9526,4004,5522,0,0,0,1.0,1,1.0,1,1.0,1,0.27625546648219296,52
5027,3,9529,4006,5523,0,0,0,1.0,1,1.0,1,1.0,1,0.2905766222329317,51
5028,3,9532,4008,5524,0,0,0,1.0,1,1.0,1,1.0,1,0.3241066573025084,51
5029,0,9532,4008,5524,0,0,0,1.0,1,1.0,1,1.0,1,0.3366485846908119,50
5030,1,9533,4009,5524,0,0,0,1.0,1,1.0,1,1.0,1,0.32899967693269333,49
5031,2,9535,4011,5524,0,0,0,1.0,1,1.0,1,1.0,1,0.3645310025742515,49
5032,0,9535,4011,5524,0,0,0,1.0,1,1.0,1,1.0,1,0.3566289797805139,48
5033,7,9542,4014,5528,0,0,0,1.0,1,1.0,1,1.0,1,0.35153375118453983,50
5034,4,9546,4016,5530,0,0,0,1.0,1,1.0,1,1.0,1,0.3277533684795343,49
5035,2,9548,4017,5531,0,0,0,1.0,1,1.0,1,1.0,1,0.33000758983078304,49
5036,2,9550,4019,5531,0,0,0,1.0,1,1.0,1,1.0,1,0.33301947040951735,47
5037,1,9551,4020,5531,0,0,0,1.0,1,1.0,1,1.0,1,0.35204060416162003,47
5038,1,9552,4020,5532,0,0,0,1.0,1,1.0,1,1.0,1,0.35583561824325927,47
5039,0,9552,4020,5532,0,0,0,1.0,1,1.0,1,1.0,1,0.35761170016802163,48
5040,1,9553,4020,5533,0,0,0,1.0,1,1.0,1,1.0,1,0.35039786464499106,48
5041,7,9560,4020,5540,0,0,0,1.0,1,1.0,1,1.0,1,0.2107652409731456,48
5042,1,9561,4020,5541,0,0,0,1.0,1,1.0,1,1.0,1,0.19885550402574778,50
5043,0,9561,4020,5541,0,0,0,1.0,1,1.0,1,1.0,1,0.1934773521562589,51
5044,0,9561,4020,5541,0,0,0,1.0,1,1.0,1,1.0,1,0.1934773521562589,51
5045,1,9562,4020,5542,0,0,0,1.0,1,1.0,1,1.0,1,0.1956219200856574,52
5046,0,9562,4020,5542,0,0,0,1.0,1,1.0,1,1.0,1,0.20141768973087834,51
5047,0,9562,4020,5542,0,0,0,1.0,1,1.0,1,1.0,1,0.20141768973087834,51
5048,3,9565,4021,5544,0,0,0,1.0,1,1.0,1,1.0,1,0.19960583923062036,52
5049,1,9566,4022,5544,0,0,0,1.0,1,1.0,1,1.0,1,0.20831540771618098,54
5050,0,9566,4022,5544,0,0,0,1.0,1,1.0,1,1.0,1,0.22560926622972216,56
5051,1,9567,4022,5545,0,0,0,1.0,1,1.0,1,1.0,1,0.21624200694572057,55
5052,0,9567,4022,5545,0,0,0,1.0,1,1.0,1,1.0,1,0.21624200694572057,55
5053,1,9568,4023,5545,0,0,0,1.0,1,1.0,1,1.0,1,0.23367070441801638,55
5054,1,9569,4024,5545,0,0,0,1.0,1,1.0,1,1.0,1,0.23418880437954812,55
5055,0,9569,4024,5545,0,0,0,1.0,1,1.0,1,1.0,1,0.2604666229654379,55
5056,2,9571,4024,5547,0,0,0,1.0,1,1.0,1,1.0,1,0.2382572316975625,56
5057,1,9572,4024,5548,0,0,0,1.0,1,1.0,1,1.0,1,0.21699498117042357,58
5058,1,9573,4024,5549,0,0,0,1.0,1,1.0,1,1.0,1,0.21634049731326013,59
5059,0,9573,4024,5549,0,0,0,1.0,1,1.0,1,1.0,1,0.21634049731326013,59
5060,2,9575,4024,5551,0,0,0,1.0,1,1.0,1,1.0,1,0.18751515172502578,59
5061,2,9577,4025,5552,0,0,0,1.0,1,1.0,1,1.0,1,0.21131319981167102,59
5062,3,9580,4027,5553,0,0,0,1.0,1,1.0,1,1.0,1,0.2328756536578054,59
5063,3,9583,4029,5554,0,0,0,1.0,1,1.0,1,1.0,1,0.24471237020632727,59
5064,6,9589,4033,5556,0,0,0,1.0,1,1.0,1,1.0,1,0.28209708983878634,57
5065,2,9591,4034,5557,0,0,0,1.0,1,1.0,1,1.0,1,0.2539981412730044,55
5066,4,9595,4037,5558,0,0,0,1.0,1,1.0,1,1.0,1,0.2702943140175573,55
5067,2,9597,4038,5559,0,0,0,1.0,1,1.0,1,1.0,1,0.25508769685546795,54
5068,1,9598,4039,5559,0,0,0,1.0,1,1.0,1,1.0,1,0.26027700356527994,54
5069,3,9601,4040,5561,0,0,0,1.0,1,1.0,1,1.0,1,0.26305680694483025,54
5070,0,9601,4040,5561,0,0,0,1.0,1,1.0,1,1.0,1,0.2635441822892512,52
5071,3,9604,4041,5563,0,0,0,1.0,1,1.0,1,1.0,1,0.23219552847667724,54
5072,2,9606,4041,5565,0,0,0,1.0,1,1.0,1,1.0,1,0.1836114795065344,52
5073,0,9606,4041,5565,0,0,0,1.0,1,1.0,1,1.0,1,0.1698434018697064,51
5074,1,9607,4041,5566,0,0,0,1.0,1,1.0,1,1.0,1,0.1500831647116738,52
5075,0,9607,4041,5566,0,0,0,1.0,1,1.0,1,1.0,1,0.15705023175453695,53
5076,0,9607,4041,5566,0,0,0,1.0,1,1.0,1,1.0,1,0.15705023175453695,53
5077,2,9609,4043,5566,0,0,0,1.0,1,1.0,1,1.0,1,0.20486735785274132,56
5078,2,9611,4043,5568,0,0,0,1.0,1,1.0,1,1.0,1,0.19316778889143554,55
5079,0,9611,4043,5568,0,0,0,1.0,1,1.0,1,1.0,1,0.20399481856103555,56
5080,0,9611,4043,5568,0,0,0,1.0,1,1.0,1,1.0,1,0.1941434214190975,57
5081,0,9611,4043,5568,0,0,0,1.0,1,1.0,1,1.0,1,0.2048057882903554,58
5082,0,9611,4043,5568,0,0,0,1.0,1,1.0,1,1.0,1,0.2048057882903554,58
5083,0,9611,4043,5568,0,0,0,1.0,1,1.0,1,1.0,1,0.21045942791647929,59
5084,3,9614,4046,5568,0,0,0,1.0,1,1.0,1,1.0,1,0.20547982297040462,59
5085,3,9617,4047,5570,0,0,0,1.0,1,1.0,1,1.0,1,0.2215294501172574,60
5086,1,9618,4047,5571,0,0,0,1.0,1,1.0,1,1.0,1,0.20188883977443448,61
5087,6,9624,4050,5574,0,0,0,1.0,1,1.0,1,1.0,1,0.22002974827958405,62
5088,4,9628,4051,5577,0,0,0,1.0,1,1.0,1,1.0,1,0.19527121151780638,64
5089,3,9631,4054,5577,0,0,0,1.0,1,1.0,1,1.0,1,0.2053982108282233,64
5090,3,9634,4054,5580,0,0,0,1.0,1,1.0,1,1.0,1,0.1619817994479373,64
5091,2,9636,4056,5580,0,0,0,1.0,1,1.0,1,1.0,1,0.16582937153868077,64
5092,1,9637,4057,5580,0,0,0,1.0,1,1.0,1,1.0,1,0.18282028842033815,64
5093,1,9638,4057,5581,0,0,0,1.0,1,1.0,1,1.0,1,0.1786633057222932,64
5094,3,9641,4059,5582,0,0,0,1.0,1,1.0,1,1.0,1,0.17081629881399502,65
5095,6,9647,4061,5586,0,0,0,1.0,1,1.0,1,1.0,1,0.15763885790651336,66
5096,1,9648,4061,5587,0,0,0,1.0,1,1.0,1,1.0,1,0.17682138579045178,66
5097,1,9649,4062,5587,0,0,0,1.0,1,1.0,1,1.0,1,0.18362057332815632,67
5098,2,9651,4063,5588,0,0,0,1.0,1,1.0,1,1.0,1,0.1647398852237782,67
5099,2,9653,4064,5589,0,0,0,1.0,1,1.0,1,1.0,1,0.14460529843099446,70
5100,1,9654,4064,5590,0,0,0,1.0,1,1.0,1,1.0,1,0.1465875949897565,71
5101,1,9655,4064,5591,0,0,0,1.0,1,1.0,1,1.0,1,0.1232744993376575,72
5102,3,9658,4067,5591,0,0,0,1.0,1,1.0,1,1.0,1,0.12958107609283434,72
5103,0,9658,4067,5591,0,0,0,1.0,1,1.0,1,1.0,1,0.11257398672668173,70
5104,3,9661,4070,5591,0,0,0,1.0,1,1.0,1,1.0,1,0.14594277162119393,67
5105,8,9669,4074,5595,0,0,0,1.0,1,1.0,1,1.0,1,0.21175928238865696,66
5106,6,9675,4078,5597,0,0,0,1.0,1,1.0,1,1.0,1,0.2541851781295155,64
5107,5,9680,4081,5599,0,0,0,1.0,1,1.0,1,1.0,1,0.22630850940625466,61
5108,1,9681,4082,5599,0,0,0,1.0,1,1.0,1,1.0,1,0.26040676930291895,57
5109,2,9683,4084,5599,0,0,0,1.0,1,1.0,1,1.0,1,0.2889514863082734,55
5110,1,9684,4085,5599,0,0,0,1.0,1,1.0,1,1.0,1,0.28762320151143456,53
5111,2,9686,4087,5599,0,0,0,1.0,1,1.0,1,1.0,1,0.31153277292789294,52
5112,2,9688,4089,5599,0,0,0,1.0,1,1.0,1,1.0,1,0.2974060076385578,52
5113,1,9689,4090,5599,0,0,0,1.0,1,1.0,1,1.0,1,0.3419952309903578,49
5114,5,9694,4095,5599,0,0,0,1.0,1,1.0,1,1.0,1,0.32302901852718197,49
5115,0,9694,4095,5599,0,0,0,1.0,1,1.0,1,1.0,1,0.3171614528419459,48
5116,8,9702,4097,5605,0,0,0,1.0,1,1.0,1,1.0,1,0.18923735090343244,47
5117,0,9702,4097,5605,0,0,0,1.0,1,1.0,1,1.0,1,0.19943579193045408,48
5118,3,9705,4098,5607,0,0,0,1.0,1,1.0,1,1.0,1,0.20289192321221908,49
5119,2,9707,4099,5608,0,0,0,1.0,1,1.0,1,1.0,1,0.22098734192805317,49
5120,0,9707,4099,5608,0,0,0,1.0,1,1.0,1,1.0,1,0.24446833684301292,48
5121,3,9710,4100,5610,0,0,0,1.0,1,1.0,1,1.0,1,0.24452629532861014,48
5122,2,9712,4100,5612,0,0,0,1.0,1,1.0,1,1.0,1,0.25414147673901455,46
5123,1,9713,4100,5613,0,0,0,1.0,1,1.0,1,1.0,1,0.26165476292356765,46
5124,0,9713,4100,5613,0,0,0,1.0,1,1.0,1,1.0,1,0.24742377629356435,47
5125,6,9719,4102,5617,0,0,0,1.0,1,1.0,1,1.0,1,0.23694965694739986,49
5126,1,9720,4102,5618,0,0,0,1.0,1,1.0,1,1.0,1,0.21479699491288398,49
5127,4,9724,4103,5621,0,0,0,1.0,1,1.0,1,1.0,1,0.2208880669244156,51
5128,7,9731,4104,5627,0,0,0,1.0,1,1.0,1,1.0,1,0.24128791744542027,53
5129,6,9737,4105,5632,0,0,0,1.0,1,1.0,1,1.0,1,0.24195084785387316,55
5130,4,9741,4105,5636,0,0,0,1.0,1,1.0,1,1.0,1,0.22899855358017046,55
5131,2,9743,4105,5638,0,0,0,1.0,1,1.0,1,1.0,1,0.20742294060925867,55
5132,0,9743,4105,5638,0,0,0,1.0,1,1.0,1,1.0,1,0.20742294060925867,55
5133,0,9743,4105,5638,0,0,0,1.0,1,1.0,1,1.0,1,0.20358159990705518,56
5134,1,9744,4105,5639,0,0,0,1.0,1,1.0,1,1.0,1,0.21574090338903315,56
5135,3,9747,4107,5640,0,0,0,1.0,1,1.0,1,1.0,1,0.20472620719794463,56
5136,1,9748,4107,5641,0,0,0,1.0,1,1.0,1,1.0,1,0.2190256374414149,55
5137,3,9751,4108,5643,0,0,0,1.0,1,1.0,1,1.0,1,0.20865396101480913,55
5138,1,9752,4108,5644,0,0,0,1.0,1,1.0,1,1.0,1,0.19901590917847742,54
5139,1,9753,4109,5644,0,0,0,1.0,1,1.0,1,1.0,1,0.199734516504858,54
5140,3,9756,4111,5645,0,0,0,1.0,1,1.0,1,1.0,1,0.21837877662824265,54
5141,2,9758,4113,5645,0,0,0,1.0,1,1.0,1,1.0,1,0.23370963016934077,53
5142,7,9765,4118,5647,0,0,0,1.0,1,1.0,1,1.0,1,0.28737908486002994,55
5143,5,9770,4121,5649,0,0,0,1.0,1,1.0,1,1.0,1,0.2075823324620249,54
5144,2,9772,4123,5649,0,0,0,1.0,1,1.0,1,1.0,1,0.19918725395260287,50
5145,2,9774,4124,5650,0,0,0,1.0,1,1.0,1,1.0,1,0.20809866707000255,51
5146,4,9778,4125,5653,0,0,0,1.0,1,1.0,1,1.0,1,0.1427567767959365,48
5147,2,9780,4126,5654,0,0,0,1.0,1,1.0,1,1.0,1,0.15762471240539389,49
5148,0,9780,4126,5654,0,0,0,1.0,1,1.0,1,1.0,1,0.13303861339525233,47
5149,2,9782,4127,5655,0,0,0,1.0,1,1.0,1,1.0,1,0.14171807586160878,46
5150,5,9787,4132,5655,0,0,0,1.0,1,1.0,1,1.0,1,0.2036825948587609,46
5151,2,9789,4133,5656,0,0,0,1.0,1,1.0,1,1.0,1,0.1633906897387272,45
5152,2,9791,4135,5656,0,0,0,1.0,1,1.0,1,1.0,1,0.2126607213618929,45
5153,2,9793,4136,5657,0,0,0,1.0,1,1.0,1,1.0,1,0.234515084157477,45
5154,0,9793,4136,5657,0,0,0,1.0,1,1.0,1,1.0,1,0.22425678382526673,45
5155,1,9794,4137,5657,0,0,0,1.0,1,1.0,1,1.0,1,0.2276800270667678,44
5156,2,9796,4138,5658,0,0,0,1.0,1,1.0,1,1.0,1,0.2291366196937588,44
5157,1,9797,4139,5658,0,0,0,1.0,1,1.0,1,1.0,1,0.22211969618804053,42
5158,2,9799,4140,5659,0,0,0,1.0,1,1.0,1,1.0,1,0.20171124740179452,43
5159,1,9800,4140,5660,0,0,0,1.0,1,1.0,1,1.0,1,0.23123286680440325,43
5160,0,9800,4140,5660,0,0,0,1.0,1,1.0,1,1.0,1,0.23123286680440325,43
5161,2,9802,4140,5662,0,0,0,1.0,1,1.0,1,1.0,1,0.20413913677754209,43
5162,0,9802,4140,5662,0,0,0,1.0,1,1.0,1,1.0,1,0.20820931482745672,44
5163,1,9803,4140,5663,0,0,0,1.0,1,1.0,1,1.0,1,0.21173210486763214,46
5164,3,9806,4142,5664,0,0,0,1.0,1,1.0,1,1.0,1,0.19661652254881962,46
5165,0,9806,4142,5664,0,0,0,1.0,1,1.0,1,1.0,1,0.19661652254881962,46
5166,6,9812,4145,5667,0,0,0,1.0,1,1.0,1,1.0,1,0.18473709438533398,47
5167,1,9813,4145,5668,0,0,0,1.0,1,1.0,1,1.0,1,0.1790876849029105,47
5168,7,9820,4147,5673,0,0,0,1.0,1,1.0,1,1.0,1,0.21007428820711363,47
5169,2,9822,4147,5675,0,0,0,1.0,1,1.0,1,1.0,1,0.21069657214651083,47
5170,4,9826,4148,5678,0,0,0,1.0,1,1.0,1,1.0,1,0.2189146870180401,48
5171,3,9829,4149,5680,0,0,0,1.0,1,1.0,1,1.0,1,0.24617998656725784,48
5172,2,9831,4149,5682,0,0,0,1.0,1,1.0,1,1.0,1,0.21622612219984727,49
5173,2,9833,4149,5684,0,0,0,1.0,1,1.0,1,1.0,1,0.2166898314219188,49
5174,2,9835,4149,5686,0,0,0,1.0,1,1.0,1,1.0,1,0.2241537732522427,52
5175,2,9837,4149,5688,0,0,0,1.0,1,1.0,1,1.0,1,0.22393585618121667,53
5176,6,9843,4149,5694,0,0,0,1.0,1,1.0,1,1.0,1,0.13900025431667817,54
5177,2,9845,4150,5695,0,0,0,1.0,1,1.0,1,1.0,1,0.13636396985262472,54
5178,1,9846,4151,5695,0,0,0,1.0,1,1.0,1,1.0,1,0.1739590469119749,55
5179,1,9847,4151,5696,0,0,0,1.0,1,1.0,1,1.0,1,0.15984128591272986,53
5180,1,9848,4152,5696,0,0,0,1.0,1,1.0,1,1.0,1,0.2180473424525631,52
5181,3,9851,4155,5696,0,0,0,1.0,1,1.0,1,1.0,1,0.2188504839230086,52
5182,0,9851,4155,5696,0,0,0,1.0,1,1.0,1,1.0,1,0.2188504839230086,52
5183,8,9859,4159,5700,0,0,0,1.0,1,1.0,1,1.0,1,0.2251933526593464,52
5184,1,9860,4160,5700,0,0,0,1.0,1,1.0,1,1.0,1,0.24961087061971493,52
5185,1,9861,4161,5700,0,0,0,1.0,1,1.0,1,1.0,1,0.253255085734272,50
5186,1,9862,4162,5700,0,0,0,1.0,1,1.0,1,1.0,1,0.30945570440986125,48
5187,0,9862,4162,5700,0,0,0,1.0,1,1.0,1,1.0,1,0.3067139292010571,46
5188,0,9862,4162,5700,0,0,0,1.0,1,1.0,1,1.0,1,0.3302140797025832,44
5189,0,9862,4162,5700,0,0,0,1.0,1,1.0,1,1.0,1,0.3139472745327509,44
5190,1,9863,4163,5700,0,0,0,1.0,1,1.0,1,1.0,1,0.32383972371011205,45
5191,3,9866,4163,5703,0,0,0,1.0,1,1.0,1,1.0,1,0.28230764715074086,45
5192,2,9868,4163,5705,0,0,0,1.0,1,1.0,1,1.0,1,0.20997218250079083,45
5193,0,9868,4163,5705,0,0,0,1.0,1,1.0,1,1.0,1,0.20997218250079083,45
5194,0,9868,4163,5705,0,0,0,1.0,1,1.0,1,1.0,1,0.2188489714512892,45
5195,2,9870,4164,5706,0,0,0,1.0,1,1.0,1,1.0,1,0.21452570639514618,46
5196,0,9870,4164,5706,0,0,0,1.0,1,1.0,1,1.0,1,0.21452570639514618,46
5197,2,9872,4166,5706,0,0,0,1.0,1,1.0,1,1.0,1,0.22398707490713968,46
5198,2,9874,4166,5708,0,0,0,1.0,1,1.0,1,1.0,1,0.21345730647037617,47
5199,4,9878,4167,5711,0,0,0,1.0,1,1.0,1,1.0,1,0.2379266065133749,49
5200,4,9882,4168,5714,0,0,0,1.0,1,1.0,1,1.0,1,0.2252502157085507,49
5201,5,9887,4170,5717,0,0,0,1.0,1,1.0,1,1.0,1,0.22672222849101423,50
5202,0,9887,4170,5717,0,0,0,1.0,1,1.0,1,1.0,1,0.21533079922182508,52
5203,1,9888,4170,5718,0,0,0,1.0,1,1.0,1,1.0,1,0.2079561472210856,52
5204,0,9888,4170,5718,0,0,0,1.0,1,1.0,1,1.0,1,0.19613960745416767,54
5205,0,9888,4170,5718,0,0,0,1.0,1,1.0,1,1.0,1,0.19613960745416767,54
5206,2,9890,4170,5720,0,0,0,1.0,1,1.0,1,1.0,1,0.18508910301725626,55
5207,0,9890,4170,5720,0,0,0,1.0,1,1.0,1,1.0,1,0.1936676260637952,54
5208,1,9891,4170,5721,0,0,0,1.0,1,1.0,1,1.0,1,0.17614229066743237,54
5209,0,9891,4170,5721,0,0,0,1.0,1,1.0,1,1.0,1,0.17614229066743237,54
5210,1,9892,4170,5722,0,0,0,1.0,1,1.0,1,1.0,1,0.1550821048868282,54
5211,3,9895,4171,5724,0,0,0,1.0,1,1.0,1,1.0,1,0.15692123838809555,56
5212,1,9896,4171,5725,0,0,0,1.0,1,1.0,1,1.0,1,0.13293092407090543,57
5213,2,9898,4173,5725,0,0,0,1.0,1,1.0,1,1.0,1,0.1473466067928478,57
5214,1,9899,4174,5725,0,0,0,1.0,1,1.0,1,1.0,1,0.17706322835053892,58
5215,0,9899,4174,5725,0,0,0,1.0,1,1.0,1,1.0,1,0.1926308426483425,57
5216,1,9900,4175,5725,0,0,0,1.0,1,1.0,1,1.0,1,0.20848722873529588,57
5217,1,9901,4176,5725,0,0,0,1.0,1,1.0,1,1.0,1,0.18284454888586063,56
5218,2,9903,4178,5725,0,0,0,1.0,1,1.0,1,1.0,1,0.23434580161887786,56
5219,3,9906,4179,5727,0,0,0,1.0,1,1.0,1,1.0,1,0.2527638558032965,54
5220,2,9908,4180,5728,0,0,0,1.0,1,1.0,1,1.0,1,0.31515897288015116,53
5221,8,9916,4180,5736,0,0,0,1.0,1,1.0,1,1.0,1,0.18916020318825033,52
5222,1,9917,4180,5737,0,0,0,1.0,1,1.0,1,1.0,1,0.18377360620409858,52
5223,2,9919,4181,5738,0,0,0,1.0,1,1.0,1,1.0,1,0.18135053969418302,52
5224,3,9922,4183,5739,0,0,0,1.0,1,1.0,1,1.0,1,0.19870213178180915,52
5225,0,9922,4183,5739,0,0,0,1.0,1,1.0,1,1.0,1,0.21786389969066802,50
5226,2,9924,4185,5739,0,0,0,1.0,1,1.0,1,1.0,1,0.23071880209331222,51
5227,4,9928,4188,5740,0,0,0,1.0,1,1.0,1,1.0,1,0.25603594800415763,49
5228,2,9930,4188,5742,0,0,0,1.0,1,1.0,1,1.0,1,0.2770858248510625,48
5229,2,9932,4189,5743,0,0,0,1.0,1,1.0,1,1.0,1,0.21807696671273258,49
5230,0,9932,4189,5743,0,0,0,1.0,1,1.0,1,1.0,1,0.21807696671273258,49
5231,3,9935,4190,5745,0,0,0,1.0,1,1.0,1,1.0,1,0.22045661004288866,49
5232,1,9936,4191,5745,0,0,0,1.0,1,1.0,1,1.0,1,0.2028725689047886,51
5233,1,9937,4192,5745,0,0,0,1.0,1,1.0,1,1.0,1,0.24607476861186922,51
5234,6,9943,4195,5748,0,0,0,1.0,1,1.0,1,1.0,1,0.2384629092257036,52
5235,1,9944,4195,5749,0,0,0,1.0,1,1.0,1,1.0,1,0.22264333327684516,52
5236,4,9948,4195,5753,0,0,0,1.0,1,1.0,1,1.0,1,0.15175883345751892,52
5237,2,9950,4196,5754,0,0,0,1.0,1,1.0,1,1.0,1,0.1827943682370514,53
5238,0,9950,4196,5754,0,0,0,1.0,1,1.0,1,1.0,1,0.1827943682370514,53
5239,0,9950,4196,5754,0,0,0,1.0,1,1.0,1,1.0,1,0.1827943682370514,53
5240,3,9953,4197,5756,0,0,0,1.0,1,1.0,1,1.0,1,0.18729346774583341,55
5241,1,9954,4197,5757,0,0,0,1.0,1,1.0,1,1.0,1,0.1877499890264323,56
5242,3,9957,4198,5759,0,0,0,1.0,1,1.0,1,1.0,1,0.23974443155734998,54
5243,3,9960,4199,5761,0,0,0,1.0,1,1.0,1,1.0,1,0.22612456149777413,55
5244,5,9965,4199,5766,0,0,0,1.0,1,1.0,1,1.0,1,0.2341892944546206,55
5245,6,9971,4200,5771,0,0,0,1.0,1,1.0,1,1.0,1,0.23948281113491032,55
5246,5,9976,4200,5776,0,0,0,1.0,1,1.0,1,1.0,1,0.26821292867755864,55
5247,6,9982,4201,5781,0,0,0,1.0,1,1.0,1,1.0,1,0.28225696800128863,54
5248,6,9988,4201,5787,0,0,0,1.0,1,1.0,1,1.0,1,0.26843019430575427,53
5249,6,9994,4203,5791,0,0,0,1.0,1,1.0,1,1.0,1,0.26844154446777985,55
5250,9,10003,4205,5798,0,0,0,1.0,1,1.0,1,1.0,1,0.2741782411128385,55
5251,5,10008,4206,5802,0,0,0,1.0,1,1.0,1,1.0,1,0.22112080874558768,57
5252,3,10011,4206,5805,0,0,0,1.0,1,1.0,1,1.0,1,0.20941089975993066,58
5253,2,10013,4206,5807,0,0,0,1.0,1,1.0,1,1.0,1,0.18048548043329446,59
5254,2,10015,4207,5808,0,0,0,1.0,1,1.0,1,1.0,1,0.18452953104339498,59
5255,2,10017,4207,5810,0,0,0,1.0,1,1.0,1,1.0,1,0.1472589402966157,58
5256,1,10018,4208,5810,0,0,0,1.0,1,1.0,1,1.0,1,0.16030209221765973,59
5257,0,10018,4208,5810,0,0,0,1.0,1,1.0,1,1.0,1,0.13519454459141236,58
5258,1,10019,4209,5810,0,0,0,1.0,1,1.0,1,1.0,1,0.18180779926685314,56
5259,1,10020,4209,5811,0,0,0,1.0,1,1.0,1,1.0,1,0.17682008307436284,56
5260,1,10021,4209,5812,0,0,0,1.0,1,1.0,1,1.0,1,0.15733215704023723,55
5261,3,10024,4210,5814,0,0,0,1.0,1,1.0,1,1.0,1,0.13966858958511746,54
5262,1,10025,4211,5814,0,0,0,1.0,1,1.0,1,1.0,1,0.15604008863977534,54
5263,3,10028,4213,5815,0,0,0,1.0,1,1.0,1,1.0,1,0.156201441900831,53
5264,2,10030,4214,5816,0,0,0,1.0,1,1.0,1,1.0,1,0.14685884630491788,51
5265,3,10033,4217,5816,0,0,0,1.0,1,1.0,1,1.0,1,0.1924666521531728,50
5266,6,10039,4221,5818,0,0,0,1.0,1,1.0,1,1.0,1,0.18035377417200216,49
5267,2,10041,4222,5819,0,0,0,1.0,1,1.0,1,1.0,1,0.16876485934490978,48
5268,1,10042,4223,5819,0,0,0,1.0,1,1.0,1,1.0,1,0.1574639203343991,47
5269,1,10043,4224,5819,0,0,0,1.0,1,1.0,1,1.0,1,0.1967084056254066,45
5270,0,10043,4224,5819,0,0,0,1.0,1,1.0,1,1.0,1,0.20454662831741238,47
5271,2,10045,4225,5820,0,0,0,1.0,1,1.0,1,1.0,1,0.22342936242089093,45
5272,4,10049,4228,5821,0,0,0,1.0,1,1.0,1,1.0,1,0.21539680084308127,46
5273,2,10051,4229,5822,0,0,0,1.0,1,1.0,1,1.0,1,0.2894597461111568,44
5274,1,10052,4230,5822,0,0,0,1.0,1,1.0,1,1.0,1,0.31675638322636607,44
5275,3,10055,4231,5824,0,0,0,1.0,1,1.0,1,1.0,1,0.32009232657595843,46
5276,2,10057,4233,5824,0,0,0,1.0,1,1.0,1,1.0,1,0.31738267439376927,46
5277,1,10058,4234,5824,0,0,0,1.0,1,1.0,1,1.0,1,0.30095030874658085,46
5278,4,10062,4238,5824,0,0,0,1.0,1,1.0,1,1.0,1,0.3490719759174224,46
5279,2,10064,4239,5825,0,0,0,1.0,1,1.0,1,1.0,1,0.329914993975078,47
5280,1,10065,4240,5825,0,0,0,1.0,1,1.0,1,1.0,1,0.3415094102299255,47
5281,5,10070,4240,5830,0,0,0,1.0,1,1.0,1,1.0,1,0.26914339382634955,48
5282,1,10071,4241,5830,0,0,0,1.0,1,1.0,1,1.0,1,0.2727243758643305,48
5283,3,10074,4242,5832,0,0,0,1.0,1,1.0,1,1.0,1,0.27516467642698095,49
5284,1,10075,4242,5833,0,0,0,1.0,1,1.0,1,1.0,1,0.26128788888239235,49
5285,1,10076,4242,5834,0,0,0,1.0,1,1.0,1,1.0,1,0.2243352147669494,50
5286,0,10076,4242,5834,0,0,0,1.0,1,1.0,1,1.0,1,0.23743984591151898,51
5287,0,10076,4242,5834,0,0,0,1.0,1,1.0,1,1.0,1,0.23743984591151898,51
5288,1,10077,4242,5835,0,0,0,1.0,1,1.0,1,1.0,1,0.22061270915591563,51
5289,1,10078,4242,5836,0,0,0,1.0,1,1.0,1,1.0,1,0.23215650419439704,53
5290,1,10079,4242,5837,0,0,0,1.0,1,1.0,1,1.0,1,0.20505411492383202,53
5291,2,10081,4243,5838,0,0,0,1.0,1,1.0,1,1.0,1,0.23258941476698214,53
5292,3,10084,4244,5840,0,0,0,1.0,1,1.0,1,1.0,1,0.21262359917056553,53
5293,1,10085,4245,5840,0,0,0,1.0,1,1.0,1,1.0,1,0.2662103017480712,53
5294,3,10088,4246,5842,0,0,0,1.0,1,1.0,1,1.0,1,0.25333464965828817,54
5295,4,10092,4249,5843,0,0,0,1.0,1,1.0,1,1.0,1,0.32618210328758135,52
5296,5,10097,4249,5848,0,0,0,1.0,1,1.0,1,1.0,1,0.25926404748132326,49
5297,5,10102,4250,5852,0,0,0,1.0,1,1.0,1,1.0,1,0.2502883962073861,49
5298,1,10103,4250,5853,0,0,0,1.0,1,1.0,1,1.0,1,0.2256491646416797,49
5299,3,10106,4251,5855,0,0,0,1.0,1,1.0,1,1.0,1,0.22413704361085401,50
5300,0,10106,4251,5855,0,0,0,1.0,1,1.0,1,1.0,1,0.237298042615673,48
5301,1,10107,4252,5855,0,0,0,1.0,1,1.0,1,1.0,1,0.26213251236089313,46
5302,0,10107,4252,5855,0,0,0,1.0,1,1.0,1,1.0,1,0.2576700580814547,47
5303,1,10108,4253,5855,0,0,0,1.0,1,1.0,1,1.0,1,0.2499926006875402,46
5304,2,10110,4255,5855,0,0,0,1.0,1,1.0,1,1.0,1,0.2897479911183346,45
5305,1,10111,4256,5855,0,0,0,1.0,1,1.0,1,1.0,1,0.29361559648881197,44
5306,2,10113,4258,5855,0,0,0,1.0,1,1.0,1,1.0,1,0.34608873825006364,42
5307,3,10116,4260,5856,0,0,0,1.0,1,1.0,1,1.0,1,0.3471474203587431,42
5308,4,10120,4262,5858,0,0,0,1.0,1,1.0,1,1.0,1,0.36655540856371244,43
5309,0,10120,4262,5858,0,0,0,1.0,1,1.0,1,1.0,1,0.35375273514111644,41
5310,1,10121,4263,5858,0,0,0,1.0,1,1.0,1,1.0,1,0.378232872347531,41
5311,5,10126,4264,5862,0,0,0,1.0,1,1.0,1,1.0,1,0.3044729324751098,42
5312,2,10128,4264,5864,0,0,0,1.0,1,1.0,1,1.0,1,0.2688542006141492,43
5313,2,10130,4264,5866,0,0,0,1.0,1,1.0,1,1.0,1,0.23720775368061356,44
5314,1,10131,4264,5867,0,0,0,1.0,1,1.0,1,1.0,1,0.21806881698279448,44
5315,3,10134,4265,5869,0,0,0,1.0,1,1.0,1,1.0,1,0.1792127900921692,45
5316,1,10135,4265,5870,0,0,0,1.0,1,1.0,1,1.0,1,0.17560772806519698,46
5317,1,10136,4265,5871,0,0,0,1.0,1,1.0,1,1.0,1,0.17549178396914178,46
5318,3,10139,4266,5873,0,0,0,1.0,1,1.0,1,1.0,1,0.16631606268364635,46
5319,1,10140,4266,5874,0,0,0,1.0,1,1.0,1,1.0,1,0.17969768242259096,47
5320,4,10144,4267,5877,0,0,0,1.0,1,1.0,1,1.0,1,0.16984801150607914,48
5321,0,10144,4267,5877,0,0,0,1.0,1,1.0,1,1.0,1,0.1739921517473907,49
5322,2,10146,4267,5879,0,0,0,1.0,1,1.0,1,1.0,1,0.17041192433326383,49
5323,2,10148,4267,5881,0,0,0,1.0,1,1.0,1,1.0,1,0.17758391842719712,51
5324,0,10148,4267,5881,0,0,0,1.0,1,1.0,1,1.0,1,0.16712400041268918,53
5325,1,10149,4268,5881,0,0,0,1.0,1,1.0,1,1.0,1,0.18081033707338737,53
5326,2,10151,4269,5882,0,0,0,1.0,1,1.0,1,1.0,1,0.1837455004549994,53
5327,0,10151,4269,5882,0,0,0,1.0,1,1.0,1,1.0,1,0.2041337110501728,53
5328,2,10153,4270,5883,0,0,0,1.0,1,1.0,1,1.0,1,0.19829378235812953,54
5329,1,10154,4271,5883,0,0,0,1.0,1,1.0,1,1.0,1,0.21227568983933634,53
5330,1,10155,4272,5883,0,0,0,1.0,1,1.0,1,1.0,1,0.21872917782441212,52
5331,1,10156,4273,5883,0,0,0,1.0,1,1.0,1,1.0,1,0.2515569002864637,51
5332,2,10158,4273,5885,0,0,0,1.0,1,1.0,1,1.0,1,0.23966141895476192,52
5333,3,10161,4274,5887,0,0,0,1.0,1,1.0,1,1.0,1,0.2580616304215716,53
5334,0,10161,4274,5887,0,0,0,1.0,1,1.0,1,1.0,1,0.2657945805364535,54
5335,0,10161,4274,5887,0,0,0,1.0,1,1.0,1,1.0,1,0.27814372488862604,55
5336,1,10162,4274,5888,0,0,0,1.0,1,1.0,1,1.0,1,0.26674669452882216,54
5337,2,10164,4275,5889,0,0,0,1.0,1,1.0,1,1.0,1,0.296481995413527,55
5338,0,10164,4275,5889,0,0,0,1.0,1,1.0,1,1.0,1,0.296481995413527,55
5339,0,10164,4275,5889,0,0,0,1.0,1,1.0,1,1.0,1,0.296481995413527,55
5340,2,10166,4276,5890,0,0,0,1.0,1,1.0,1,1.0,1,0.30065065918246237,55
5341,6,10172,4278,5894,0,0,0,1.0,1,1.0,1,1.0,1,0.24961794628130562,54
5342,1,10173,4279,5894,0,0,0,1.0,1,1.0,1,1.0,1,0.2551668202075084,55
5343,2,10175,4281,5894,0,0,0,1.0,1,1.0,1,1.0,1,0.2698825511799769,54
5344,2,10177,4283,5894,0,0,0,1.0,1,1.0,1,1.0,1,0.2999851226985362,55
5345,2,10179,4283,5896,0,0,0,1.0,1,1.0,1,1.0,1,0.26534579723682006,53
5346,2,10181,4285,5896,0,0,0,1.0,1,1.0,1,1.0,1,0.30233709623915805,53
5347,5,10186,4287,5899,0,0,0,1.0,1,1.0,1,1.0,1,0.28453210894557335,51
5348,4,10190,4288,5902,0,0,0,1.0,1,1.0,1,1.0,1,0.24324864785108494,53
5349,3,10193,4290,5903,0,0,0,1.0,1,1.0,1,1.0,1,0.20209798463422016,52
5350,1,10194,4291,5903,0,0,0,1.0,1,1.0,1,1.0,1,0.22937891861848547,50
5351,2,10196,4292,5904,0,0,0,1.0,1,1.0,1,1.0,1,0.22647880194473968,52
5352,2,10198,4294,5904,0,0,0,1.0,1,1.0,1,1.0,1,0.24052553315759928,49
5353,1,10199,4294,5905,0,0,0,1.0,1,1.0,1,1.0,1,0.22866218660203136,49
5354,1,10200,4294,5906,0,0,0,1.0,1,1.0,1,1.0,1,0.18651309020845175,49
5355,1,10201,4294,5907,0,0,0,1.0,1,1.0,1,1.0,1,0.16206097357814622,48
5356,4,10205,4295,5910,0,0,0,1.0,1,1.0,1,1.0,1,0.16439682155866997,49
5357,0,10205,4295,5910,0,0,0,1.0,1,1.0,1,1.0,1,0.1758286712575065,47
5358,1,10206,4296,5910,0,0,0,1.0,1,1.0,1,1.0,1,0.20365418047941836,48
5359,1,10207,4296,5911,0,0,0,1.0,1,1.0,1,1.0,1,0.1999256497411215,48
5360,0,10207,4296,5911,0,0,0,1.0,1,1.0,1,1.0,1,0.1999256497411215,48
5361,1,10208,4297,5911,0,0,0,1.0,1,1.0,1,1.0,1,0.20443484812466253,50
5362,0,10208,4297,5911,0,0,0,1.0,1,1.0,1,1.0,1,0.20443484812466253,50
5363,1,10209,4298,5911,0,0,0,1.0,1,1.0,1,1.0,1,0.21362390404572984,50
5364,2,10211,4300,5911,0,0,0,1.0,1,1.0,1,1.0,1,0.22257701658185147,51
5365,1,10212,4300,5912,0,0,0,1.0,1,1.0,1,1.0,1,0.206213903241102,52
5366,0,10212,4300,5912,0,0,0,1.0,1,1.0,1,1.0,1,0.206213903241102,52
5367,3,10215,4301,5914,0,0,0,1.0,1,1.0,1,1.0,1,0.20772014400170946,54
5368,1,10216,4301,5915,0,0,0,1.0,1,1.0,1,1.0,1,0.21256278844486823,55
5369,4,10220,4303,5917,0,0,0,1.0,1,1.0,1,1.0,1,0.19154357888886225,53
5370,5,10225,4306,5919,0,0,0,1.0,1,1.0,1,1.0,1,0.2541949720440108,54
5371,6,10231,4308,5923,0,0,0,1.0,1,1.0,1,1.0,1,0.22546779331804256,53
5372,3,10234,4309,5925,0,0,0,1.0,1,1.0,1,1.0,1,0.27328982262818174,53
5373,0,10234,4309,5925,0,0,0,1.0,1,1.0,1,1.0,1,0.2612347651813784,52
5374,1,10235,4310,5925,0,0,0,1.0,1,1.0,1,1.0,1,0.2665458574242783,51
5375,0,10235,4310,5925,0,0,0,1.0,1,1.0,1,1.0,1,0.2312147528587812,52
5376,4,10239,4313,5926,0,0,0,1.0,1,1.0,1,1.0,1,0.24986908994580792,51
5377,1,10240,4313,5927,0,0,0,1.0,1,1.0,1,1.0,1,0.2511909444909269,52
5378,2,10242,4315,5927,0,0,0,1.0,1,1.0,1,1.0,1,0.28377056741061224,50
5379,1,10243,4315,5928,0,0,0,1.0,1,1.0,1,1.0,1,0.27424935101650033,50
5380,0,10243,4315,5928,0,0,0,1.0,1,1.0,1,1.0,1,0.28166220912562684,52
5381,0,10243,4315,5928,0,0,0,1.0,1,1.0,1,1.0,1,0.28166220912562684,52
5382,0,10243,4315,5928,0,0,0,1.0,1,1.0,1,1.0,1,0.2809081255894667,52
5383,3,10246,4315,5931,0,0,0,1.0,1,1.0,1,1.0,1,0.24331716773008827,51
5384,0,10246,4315,5931,0,0,0,1.0,1,1.0,1,1.0,1,0.25573775915668906,52
5385,2,10248,4316,5932,0,0,0,1.0,1,1.0,1,1.0,1,0.2717736856124825,51
5386,5,10253,4317,5936,0,0,0,1.0,1,1.0,1,1.0,1,0.20108861252901547,52
5387,4,10257,4318,5939,0,0,0,1.0,1,1.0,1,1.0,1,0.15955030932979725,53
5388,2,10259,4318,5941,0,0,0,1.0,1,1.0,1,1.0,1,0.11676001312110695,54
5389,4,10263,4319,5944,0,0,0,1.0,1,1.0,1,1.0,1,0.0858747993561514,55
5390,4,10267,4319,5948,0,0,0,1.0,1,1.0,1,1.0,1,0.07557977606632905,56
5391,0,10267,4319,5948,0,0,0,1.0,1,1.0,1,1.0,1,0.07557977606632905,56
5392,2,10269,4321,5948,0,0,0,1.0,1,1.0,1,1.0,1,0.10254954535687479,56
5393,0,10269,4321,5948,0,0,0,1.0,1,1.0,1,1.0,1,0.10790263782575457,54
5394,1,10270,4322,5948,0,0,0,1.0,1,1.0,1,1.0,1,0.11809083435071412,53
5395,0,10270,4322,5948,0,0,0,1.0,1,1.0,1,1.0,1,0.12209253556920698,53
5396,1,10271,4323,5948,0,0,0,1.0,1,1.0,1,1.0,1,0.1642919716283743,54
5397,1,10272,4324,5948,0,0,0,1.0,1,1.0,1,1.0,1,0.15000033776405985,53
5398,3,10275,4325,5950,0,0,0,1.0,1,1.0,1,1.0,1,0.12406602701316562,53
5399,2,10277,4326,5951,0,0,0,1.0,1,1.0,1,1.0,1,0.1674342671632531,55
5400,2,10279,4327,5952,0,0,0,1.0,1,1.0,1,1.0,1,0.1755184028235662,55
5401,4,10283,4328,5955,0,0,0,1.0,1,1.0,1,1.0,1,0.1421871663116742,56
5402,0,10283,4328,5955,0,0,0,1.0,1,1.0,1,1.0,1,0.0,0
