,SuccessfulHandoverCount,TotalSuccessfulHandoverCount,TotalSuccessfulHandoverCountRange,TotalSuccessfulHandoverCountLoadBalancing,TotalSuccessfulHandoverCountOverload,FailedHandoverCount,TotalFailedHandoverCount,AvgQoS,MinQoS,AvgQoS_LoadBased,MinQoS_LoadBased,AvgQoS_RangeBased,MinQoS_RangeBased,GiniLoad,VehicleCount
0,0,0,0,0,0,0,0,1.0,1.0,1.0,1.0,1.0,1,0.0,0
1,9,9,9,0,0,0,0,1.0,1.0,1.0,1.0,1.0,1,0.1497483039631829,26
2,2,11,11,0,0,0,0,1.0,1.0,1.0,1.0,1.0,1,0.07545762318592508,27
3,3,14,14,0,0,0,0,1.0,1.0,1.0,1.0,1.0,1,0.1806607837556408,28
4,6,20,20,0,0,0,0,1.0,1.0,1.0,1.0,1.0,1,0.15572544462554413,29
5,4,24,24,0,0,0,0,1.0,1.0,1.0,1.0,1.0,1,0.1332258984591269,29
6,3,27,27,0,0,0,0,1.0,1.0,1.0,1.0,1.0,1,0.163609449972421,32
7,1,28,28,0,0,0,0,1.0,1.0,1.0,1.0,1.0,1,0.15308381317171996,33
8,4,32,32,0,0,0,0,1.0,1.0,1.0,1.0,1.0,1,0.1594512302483623,35
9,1,33,33,0,0,0,0,1.0,1.0,1.0,1.0,1.0,1,0.1923865338222423,35
10,4,37,37,0,0,0,0,1.0,1.0,1.0,1.0,1.0,1,0.24704852854289727,35
11,1,38,38,0,0,0,0,1.0,1.0,1.0,1.0,1.0,1,0.2008435311785375,35
12,1,39,39,0,0,0,0,1.0,1.0,1.0,1.0,1.0,1,0.13908611898039594,34
13,2,41,41,0,0,0,0,1.0,1.0,1.0,1.0,1.0,1,0.11333676471968761,32
14,2,43,43,0,0,0,0,1.0,1.0,1.0,1.0,1.0,1,0.23779081121815765,31
15,1,44,44,0,0,0,0,1.0,1.0,1.0,1.0,1.0,1,0.19056182499066046,30
16,4,48,48,0,0,0,0,1.0,1.0,1.0,1.0,1.0,1,0.12397910897044172,30
17,0,48,48,0,0,0,0,1.0,1.0,1.0,1.0,1.0,1,0.11889703959910916,29
18,2,50,50,0,0,0,0,1.0,1.0,1.0,1.0,1.0,1,0.13832407830003424,29
19,3,53,53,0,0,0,0,1.0,1.0,1.0,1.0,1.0,1,0.15083059209643876,28
20,1,54,54,0,0,0,0,1.0,1.0,1.0,1.0,1.0,1,0.14198303138289511,28
21,4,58,58,0,0,0,0,1.0,1.0,1.0,1.0,1.0,1,0.2460810439912606,28
22,3,61,61,0,0,0,0,1.0,1.0,1.0,1.0,1.0,1,0.2593026743368447,28
23,7,68,68,0,0,0,0,1.0,1.0,1.0,1.0,1.0,1,0.3166754864582181,27
24,3,71,71,0,0,0,0,1.0,1.0,1.0,1.0,1.0,1,0.21643152716878905,28
25,2,73,73,0,0,0,0,1.0,1.0,1.0,1.0,1.0,1,0.05616465976105923,28
26,3,76,76,0,0,0,0,1.0,1.0,1.0,1.0,1.0,1,0.1541267733381083,30
27,1,77,77,0,0,0,0,1.0,1.0,1.0,1.0,1.0,1,0.1351854812138321,30
28,0,77,77,0,0,0,0,1.0,1.0,1.0,1.0,1.0,1,0.1260497494811886,31
29,0,77,77,0,0,0,0,1.0,1.0,1.0,1.0,1.0,1,0.1231735624742371,30
30,1,78,78,0,0,0,0,1.0,1.0,1.0,1.0,1.0,1,0.10902508101484285,30
31,2,80,80,0,0,0,0,1.0,1.0,1.0,1.0,1.0,1,0.0846735566504794,31
32,1,81,81,0,0,0,0,1.0,1.0,1.0,1.0,1.0,1,0.12200133857191862,31
33,4,85,85,0,0,0,0,1.0,1.0,1.0,1.0,1.0,1,0.04893967536871379,31
34,2,87,87,0,0,0,0,1.0,1.0,1.0,1.0,1.0,1,0.15492548009466026,29
35,5,92,92,0,0,0,0,1.0,1.0,1.0,1.0,1.0,1,0.1494543154840855,30
36,0,92,92,0,0,0,0,1.0,1.0,1.0,1.0,1.0,1,0.16925868471749575,30
37,3,95,95,0,0,0,0,1.0,1.0,1.0,1.0,1.0,1,0.18173427125005828,31
38,1,96,96,0,0,0,0,1.0,1.0,1.0,1.0,1.0,1,0.17953253803936578,32
39,1,97,97,0,0,0,0,1.0,1.0,1.0,1.0,1.0,1,0.13624429675139832,36
40,0,97,97,0,0,0,0,1.0,1.0,1.0,1.0,1.0,1,0.12467818781843602,37
41,2,99,99,0,0,0,0,1.0,1.0,1.0,1.0,1.0,1,0.11272800811231352,37
42,2,101,101,0,0,0,0,1.0,1.0,1.0,1.0,1.0,1,0.13515566630906986,38
43,2,103,103,0,0,0,0,1.0,1.0,1.0,1.0,1.0,1,0.16609618941031212,40
44,2,105,105,0,0,0,0,1.0,1.0,1.0,1.0,1.0,1,0.1638701060172445,39
45,0,105,105,0,0,0,0,1.0,1.0,1.0,1.0,1.0,1,0.14005003601507673,40
46,1,106,106,0,0,0,0,1.0,1.0,1.0,1.0,1.0,1,0.15328097562730292,39
47,2,108,108,0,0,0,0,1.0,1.0,1.0,1.0,1.0,1,0.1898239874098688,39
48,0,108,108,0,0,0,0,1.0,1.0,1.0,1.0,1.0,1,0.1898239874098688,39
49,0,108,108,0,0,0,0,1.0,1.0,1.0,1.0,1.0,1,0.15959589166426838,37
50,3,111,111,0,0,0,0,1.0,1.0,1.0,1.0,1.0,1,0.1474143891324241,35
51,1,112,112,0,0,0,0,1.0,1.0,1.0,1.0,1.0,1,0.1402988525274791,34
52,5,117,117,0,0,0,0,1.0,1.0,1.0,1.0,1.0,1,0.20652344706765496,34
53,1,118,118,0,0,0,0,1.0,1.0,1.0,1.0,1.0,1,0.24450571521687478,35
54,2,120,120,0,0,0,0,1.0,1.0,1.0,1.0,1.0,1,0.25045685632759584,36
55,4,124,124,0,0,0,0,1.0,1.0,1.0,1.0,1.0,1,0.2967140515020825,36
56,1,125,125,0,0,0,0,1.0,1.0,1.0,1.0,1.0,1,0.36076499374688253,36
57,4,129,129,0,0,0,0,1.0,1.0,1.0,1.0,1.0,1,0.31806600901138155,37
58,3,132,132,0,0,0,0,1.0,1.0,1.0,1.0,1.0,1,0.28847727454424654,38
59,0,132,132,0,0,0,0,1.0,1.0,1.0,1.0,1.0,1,0.2992755508062612,37
60,0,132,132,0,0,0,0,1.0,1.0,1.0,1.0,1.0,1,0.2893078146817641,38
61,1,133,133,0,0,0,0,1.0,1.0,1.0,1.0,1.0,1,0.2801584301500436,37
62,0,133,133,0,0,0,0,1.0,1.0,1.0,1.0,1.0,1,0.2635915368930734,39
63,3,136,136,0,0,0,0,1.0,1.0,1.0,1.0,1.0,1,0.2322418753944469,39
64,1,137,137,0,0,0,0,1.0,1.0,1.0,1.0,1.0,1,0.25725124099379676,38
65,2,139,139,0,0,0,0,1.0,1.0,1.0,1.0,1.0,1,0.23642664327286336,39
66,4,143,143,0,0,0,0,1.0,1.0,1.0,1.0,1.0,1,0.1826168810307063,39
67,2,145,145,0,0,0,0,1.0,1.0,1.0,1.0,1.0,1,0.16835436859578037,36
68,2,147,147,0,0,0,0,1.0,1.0,1.0,1.0,1.0,1,0.17140607214056866,36
69,0,147,147,0,0,0,0,1.0,1.0,1.0,1.0,1.0,1,0.17305698932362354,37
70,1,148,148,0,0,0,0,1.0,1.0,1.0,1.0,1.0,1,0.14742166083703195,36
71,1,149,149,0,0,0,0,1.0,1.0,1.0,1.0,1.0,1,0.09486159492103219,38
72,0,149,149,0,0,0,0,1.0,1.0,1.0,1.0,1.0,1,0.09486159492103219,38
73,1,150,150,0,0,0,0,1.0,1.0,1.0,1.0,1.0,1,0.08376192863428615,37
74,4,154,154,0,0,0,0,1.0,1.0,1.0,1.0,1.0,1,0.12326614914162927,38
75,0,154,154,0,0,0,0,1.0,1.0,1.0,1.0,1.0,1,0.12326614914162927,38
76,3,157,157,0,0,0,0,1.0,1.0,1.0,1.0,1.0,1,0.172702850397295,39
77,0,157,157,0,0,0,0,1.0,1.0,1.0,1.0,1.0,1,0.1826406158689409,40
78,2,159,159,0,0,0,0,1.0,1.0,1.0,1.0,1.0,1,0.2215911946919178,41
79,0,159,159,0,0,0,0,1.0,1.0,1.0,1.0,1.0,1,0.2215911946919178,41
80,0,159,159,0,0,0,0,1.0,1.0,1.0,1.0,1.0,1,0.2215911946919178,41
81,1,160,160,0,0,0,0,1.0,1.0,1.0,1.0,1.0,1,0.23548020184109691,41
82,1,161,161,0,0,0,0,1.0,1.0,1.0,1.0,1.0,1,0.28851643865497034,44
83,1,162,162,0,0,0,0,1.0,1.0,1.0,1.0,1.0,1,0.26842150161403017,44
84,4,166,166,0,0,0,0,1.0,1.0,1.0,1.0,1.0,1,0.22970588709937018,45
85,3,169,169,0,0,0,0,1.0,1.0,1.0,1.0,1.0,1,0.21277095003812888,45
86,5,174,174,0,0,0,0,1.0,1.0,1.0,1.0,1.0,1,0.2173064259720846,45
87,2,176,176,0,0,0,0,1.0,1.0,1.0,1.0,1.0,1,0.2591338791632584,44
88,2,178,178,0,0,0,0,1.0,1.0,1.0,1.0,1.0,1,0.3000404376034362,44
89,1,179,179,0,0,0,0,1.0,1.0,1.0,1.0,1.0,1,0.3613126547185299,43
90,2,181,181,0,0,0,0,1.0,1.0,1.0,1.0,1.0,1,0.3511956151207687,44
91,0,181,181,0,0,0,0,1.0,1.0,1.0,1.0,1.0,1,0.3511956151207687,44
92,1,182,182,0,0,0,0,1.0,1.0,1.0,1.0,1.0,1,0.37553847962452375,43
93,2,184,184,0,0,0,0,1.0,1.0,1.0,1.0,1.0,1,0.3845883519753464,44
94,1,185,185,0,0,0,0,1.0,1.0,1.0,1.0,1.0,1,0.3924376241794857,44
95,4,189,189,0,0,0,0,1.0,1.0,1.0,1.0,1.0,1,0.42652214193410176,43
96,1,190,190,0,0,0,0,1.0,1.0,1.0,1.0,1.0,1,0.3875714748276844,44
97,3,193,193,0,0,0,0,0.9833665570826149,0.9681795005058721,0.9833665570826149,0.9681795005058721,1.0,1,0.3930250189029311,44
98,0,193,193,0,0,0,0,0.9829797328287224,0.9681795005058721,0.9829797328287224,0.9681795005058721,1.0,1,0.41947016411507,43
99,0,193,193,0,0,0,0,0.9829797328287224,0.9681795005058721,0.9829797328287224,0.9681795005058721,1.0,1,0.41947016411507,43
100,2,195,195,0,0,0,0,0.9920351706824925,0.982984228276234,0.9920351706824925,0.982984228276234,1.0,1,0.32845683916410634,47
101,0,195,195,0,0,0,0,0.9920351706824925,0.982984228276234,0.9920351706824925,0.982984228276234,1.0,1,0.32845683916410634,47
102,0,195,195,0,0,0,0,0.9920351706824925,0.982984228276234,0.9920351706824925,0.982984228276234,1.0,1,0.32845683916410634,47
103,3,198,198,0,0,0,0,1.0,1.0,1.0,1.0,1.0,1,0.26996375784446286,46
104,3,201,201,0,0,0,0,1.0,1.0,1.0,1.0,1.0,1,0.2601720907163593,45
105,4,205,205,0,0,0,0,1.0,1.0,1.0,1.0,1.0,1,0.24532551318757692,44
106,4,209,209,0,0,0,0,1.0,1.0,1.0,1.0,1.0,1,0.20638394285635087,45
107,4,213,213,0,0,0,0,1.0,1.0,1.0,1.0,1.0,1,0.17723409358383754,44
108,3,216,216,0,0,0,0,1.0,1.0,1.0,1.0,1.0,1,0.13541323425679938,46
109,8,224,224,0,0,0,0,1.0,1.0,1.0,1.0,1.0,1,0.12411337868144276,46
110,3,227,227,0,0,0,0,1.0,1.0,1.0,1.0,1.0,1,0.10914326758188185,46
111,3,230,230,0,0,0,0,1.0,1.0,1.0,1.0,1.0,1,0.12361645832244267,46
112,0,230,230,0,0,0,0,1.0,1.0,1.0,1.0,1.0,1,0.12361645832244267,46
113,0,230,230,0,0,0,0,1.0,1.0,1.0,1.0,1.0,1,0.11722201646993739,46
114,1,231,231,0,0,0,0,1.0,1.0,1.0,1.0,1.0,1,0.09560566415257023,46
115,0,231,231,0,0,0,0,1.0,1.0,1.0,1.0,1.0,1,0.06699215506508899,47
116,1,232,232,0,0,0,0,1.0,1.0,1.0,1.0,1.0,1,0.0877899544375347,47
117,0,232,232,0,0,0,0,1.0,1.0,1.0,1.0,1.0,1,0.08762630972185945,45
118,4,236,236,0,0,0,0,1.0,1.0,1.0,1.0,1.0,1,0.03773432597180086,46
119,0,236,236,0,0,0,0,1.0,1.0,1.0,1.0,1.0,1,0.02547488571575275,46
120,4,240,240,0,0,0,0,1.0,1.0,1.0,1.0,1.0,1,0.13318415364343825,47
121,0,240,240,0,0,0,0,1.0,1.0,1.0,1.0,1.0,1,0.1208151988757226,46
122,1,241,241,0,0,0,0,1.0,1.0,1.0,1.0,1.0,1,0.144669595714039,46
123,4,245,245,0,0,0,0,1.0,1.0,1.0,1.0,1.0,1,0.16923548725552462,45
124,1,246,246,0,0,0,0,1.0,1.0,1.0,1.0,1.0,1,0.14180026936310067,46
125,3,249,249,0,0,0,0,1.0,1.0,1.0,1.0,1.0,1,0.12871060289376804,44
126,4,253,253,0,0,0,0,1.0,1.0,1.0,1.0,1.0,1,0.14252349737889747,45
127,2,255,255,0,0,0,0,1.0,1.0,1.0,1.0,1.0,1,0.12104479531326294,45
128,4,259,259,0,0,0,0,1.0,1.0,1.0,1.0,1.0,1,0.04053581603657162,46
129,3,262,262,0,0,0,0,1.0,1.0,1.0,1.0,1.0,1,0.038931377531706626,48
130,4,266,266,0,0,0,0,1.0,1.0,1.0,1.0,1.0,1,0.03186517722453772,48
131,3,269,269,0,0,0,0,1.0,1.0,1.0,1.0,1.0,1,0.06921471849520265,49
132,4,273,273,0,0,0,0,1.0,1.0,1.0,1.0,1.0,1,0.05836882367832395,51
133,5,278,278,0,0,0,0,1.0,1.0,1.0,1.0,1.0,1,0.07726807805834544,49
134,6,284,284,0,0,0,0,1.0,1.0,1.0,1.0,1.0,1,0.06856923412134515,49
135,6,290,290,0,0,0,0,1.0,1.0,1.0,1.0,1.0,1,0.11722612033204008,49
136,5,295,295,0,0,0,0,1.0,1.0,1.0,1.0,1.0,1,0.16908993905119044,48
137,5,300,300,0,0,0,0,1.0,1.0,1.0,1.0,1.0,1,0.19010679543962009,47
138,2,302,302,0,0,0,0,1.0,1.0,1.0,1.0,1.0,1,0.20359420335062986,48
139,1,303,303,0,0,0,0,1.0,1.0,1.0,1.0,1.0,1,0.1681283076945544,48
140,4,307,307,0,0,0,0,1.0,1.0,1.0,1.0,1.0,1,0.2381114390754404,49
141,0,307,307,0,0,0,0,1.0,1.0,1.0,1.0,1.0,1,0.2381114390754404,49
142,1,308,308,0,0,0,0,1.0,1.0,1.0,1.0,1.0,1,0.2550744689408178,49
143,2,310,310,0,0,0,0,1.0,1.0,1.0,1.0,1.0,1,0.26227214703811097,47
144,2,312,312,0,0,0,0,1.0,1.0,1.0,1.0,1.0,1,0.27373383594874295,46
145,2,314,314,0,0,0,0,1.0,1.0,1.0,1.0,1.0,1,0.2326629680769239,44
146,0,314,314,0,0,0,0,1.0,1.0,1.0,1.0,1.0,1,0.2296093066225964,44
147,3,317,317,0,0,0,0,1.0,1.0,1.0,1.0,1.0,1,0.14969759900027066,43
148,1,318,318,0,0,0,0,1.0,1.0,1.0,1.0,1.0,1,0.19455178582659133,43
149,1,319,319,0,0,0,0,1.0,1.0,1.0,1.0,1.0,1,0.2020612677572993,43
150,0,319,319,0,0,0,0,1.0,1.0,1.0,1.0,1.0,1,0.21997995280501337,42
151,0,319,319,0,0,0,0,1.0,1.0,1.0,1.0,1.0,1,0.21997995280501337,42
152,3,322,322,0,0,0,0,1.0,1.0,1.0,1.0,1.0,1,0.16282191837541135,42
153,3,325,325,0,0,0,0,1.0,1.0,1.0,1.0,1.0,1,0.15176190691894478,42
154,3,328,328,0,0,0,0,1.0,1.0,1.0,1.0,1.0,1,0.09301573710811338,43
155,2,330,330,0,0,0,0,1.0,1.0,1.0,1.0,1.0,1,0.08633224167866967,43
156,6,336,336,0,0,0,0,1.0,1.0,1.0,1.0,1.0,1,0.10173160854861076,42
157,1,337,337,0,0,0,0,1.0,1.0,1.0,1.0,1.0,1,0.14030755595539407,41
158,6,343,343,0,0,0,0,1.0,1.0,1.0,1.0,1.0,1,0.21189413656598852,42
159,3,346,346,0,0,0,0,1.0,1.0,1.0,1.0,1.0,1,0.21029530739281277,43
160,4,350,350,0,0,0,0,1.0,1.0,1.0,1.0,1.0,1,0.23800699370282083,44
161,2,352,352,0,0,0,0,1.0,1.0,1.0,1.0,1.0,1,0.2536310011443676,44
162,2,354,354,0,0,0,0,1.0,1.0,1.0,1.0,1.0,1,0.29484177180432053,45
163,3,357,357,0,0,0,0,1.0,1.0,1.0,1.0,1.0,1,0.29599538320710506,43
164,5,362,362,0,0,0,0,1.0,1.0,1.0,1.0,1.0,1,0.3242770089245181,42
165,0,362,362,0,0,0,0,1.0,1.0,1.0,1.0,1.0,1,0.2828969471285069,42
166,1,363,363,0,0,0,0,1.0,1.0,1.0,1.0,1.0,1,0.26107541683037144,42
167,2,365,365,0,0,0,0,1.0,1.0,1.0,1.0,1.0,1,0.280387627407577,41
168,1,366,366,0,0,0,0,1.0,1.0,1.0,1.0,1.0,1,0.25651787805400306,40
169,2,368,368,0,0,0,0,1.0,1.0,1.0,1.0,1.0,1,0.2284682822199812,40
170,2,370,370,0,0,0,0,1.0,1.0,1.0,1.0,1.0,1,0.22149557843071865,38
171,1,371,371,0,0,0,0,1.0,1.0,1.0,1.0,1.0,1,0.2692031933001289,37
172,3,374,374,0,0,0,0,1.0,1.0,1.0,1.0,1.0,1,0.27726430203701274,35
173,1,375,375,0,0,0,0,1.0,1.0,1.0,1.0,1.0,1,0.3240795933070608,36
174,1,376,376,0,0,0,0,1.0,1.0,1.0,1.0,1.0,1,0.2749959616091949,34
175,2,378,378,0,0,0,0,1.0,1.0,1.0,1.0,1.0,1,0.1747871501585663,33
176,1,379,379,0,0,0,0,1.0,1.0,1.0,1.0,1.0,1,0.16756069542123636,34
177,0,379,379,0,0,0,0,1.0,1.0,1.0,1.0,1.0,1,0.12605406713293876,36
178,1,380,380,0,0,0,0,1.0,1.0,1.0,1.0,1.0,1,0.13688399042677535,37
179,0,380,380,0,0,0,0,1.0,1.0,1.0,1.0,1.0,1,0.13688399042677535,37
180,0,380,380,0,0,0,0,1.0,1.0,1.0,1.0,1.0,1,0.1612713894565359,36
181,0,380,380,0,0,0,0,1.0,1.0,1.0,1.0,1.0,1,0.1612713894565359,36
182,1,381,381,0,0,0,0,1.0,1.0,1.0,1.0,1.0,1,0.20631739222617748,38
183,4,385,385,0,0,0,0,1.0,1.0,1.0,1.0,1.0,1,0.2131104016574278,37
184,1,386,386,0,0,0,0,1.0,1.0,1.0,1.0,1.0,1,0.248615103242215,36
185,3,389,389,0,0,0,0,1.0,1.0,1.0,1.0,1.0,1,0.2738380289846741,35
186,3,392,392,0,0,0,0,1.0,1.0,1.0,1.0,1.0,1,0.20669279974159618,34
187,6,398,398,0,0,0,0,1.0,1.0,1.0,1.0,1.0,1,0.21284900049713915,33
188,6,404,404,0,0,0,0,1.0,1.0,1.0,1.0,1.0,1,0.1387298696513491,33
189,2,406,406,0,0,0,0,1.0,1.0,1.0,1.0,1.0,1,0.19134271231866418,33
190,7,413,413,0,0,0,0,1.0,1.0,1.0,1.0,1.0,1,0.25665584060431357,32
191,2,415,415,0,0,0,0,1.0,1.0,1.0,1.0,1.0,1,0.2760178593796563,34
192,1,416,416,0,0,0,0,1.0,1.0,1.0,1.0,1.0,1,0.2912383982004351,34
193,4,420,420,0,0,0,0,1.0,1.0,1.0,1.0,1.0,1,0.2757257217405795,35
194,4,424,424,0,0,0,0,1.0,1.0,1.0,1.0,1.0,1,0.30474173261553167,37
195,1,425,425,0,0,0,0,1.0,1.0,1.0,1.0,1.0,1,0.3322056358988753,36
196,1,426,426,0,0,0,0,1.0,1.0,1.0,1.0,1.0,1,0.3115437582338428,36
197,0,426,426,0,0,0,0,1.0,1.0,1.0,1.0,1.0,1,0.27419318210433646,37
198,1,427,427,0,0,0,0,1.0,1.0,1.0,1.0,1.0,1,0.2645372249420355,37
199,0,427,427,0,0,0,0,1.0,1.0,1.0,1.0,1.0,1,0.2645372249420355,37
200,1,428,428,0,0,0,0,1.0,1.0,1.0,1.0,1.0,1,0.25129229049138546,37
201,2,430,430,0,0,0,0,1.0,1.0,1.0,1.0,1.0,1,0.24658686693531362,36
202,3,433,433,0,0,0,0,1.0,1.0,1.0,1.0,1.0,1,0.25542100371775484,36
203,2,435,435,0,0,0,0,1.0,1.0,1.0,1.0,1.0,1,0.2456876282708763,35
204,3,438,438,0,0,0,0,1.0,1.0,1.0,1.0,1.0,1,0.213978712830138,35
205,2,440,440,0,0,0,0,1.0,1.0,1.0,1.0,1.0,1,0.19906641633723632,35
206,2,442,442,0,0,0,0,1.0,1.0,1.0,1.0,1.0,1,0.21512499457193518,34
207,2,444,444,0,0,0,0,1.0,1.0,1.0,1.0,1.0,1,0.19745246117044313,34
208,1,445,445,0,0,0,0,1.0,1.0,1.0,1.0,1.0,1,0.20993258222467137,33
209,2,447,447,0,0,0,0,1.0,1.0,1.0,1.0,1.0,1,0.2209062518894722,33
210,3,450,450,0,0,0,0,1.0,1.0,1.0,1.0,1.0,1,0.16637251652538393,34
211,2,452,452,0,0,0,0,1.0,1.0,1.0,1.0,1.0,1,0.1514127347881149,33
212,1,453,453,0,0,0,0,1.0,1.0,1.0,1.0,1.0,1,0.12157651878810308,33
213,5,458,458,0,0,0,0,1.0,1.0,1.0,1.0,1.0,1,0.10391248460531158,35
214,2,460,460,0,0,0,0,1.0,1.0,1.0,1.0,1.0,1,0.06625330334669485,34
215,3,463,463,0,0,0,0,1.0,1.0,1.0,1.0,1.0,1,0.14101021739792588,35
216,1,464,464,0,0,0,0,1.0,1.0,1.0,1.0,1.0,1,0.15209339338880726,36
217,1,465,465,0,0,0,0,1.0,1.0,1.0,1.0,1.0,1,0.16386311703162154,36
218,3,468,468,0,0,0,0,1.0,1.0,1.0,1.0,1.0,1,0.221742463284004,36
219,4,472,472,0,0,0,0,1.0,1.0,1.0,1.0,1.0,1,0.20939142118600979,37
220,6,478,478,0,0,0,0,1.0,1.0,1.0,1.0,1.0,1,0.238138227530347,38
221,4,482,482,0,0,0,0,1.0,1.0,1.0,1.0,1.0,1,0.2845639253566926,37
222,2,484,484,0,0,0,0,1.0,1.0,1.0,1.0,1.0,1,0.23360279417753757,38
223,2,486,486,0,0,0,0,1.0,1.0,1.0,1.0,1.0,1,0.23165031696991156,38
224,4,490,490,0,0,0,0,1.0,1.0,1.0,1.0,1.0,1,0.21218684198277693,38
225,2,492,492,0,0,0,0,1.0,1.0,1.0,1.0,1.0,1,0.1705423766785713,36
226,1,493,493,0,0,0,0,1.0,1.0,1.0,1.0,1.0,1,0.21000583559023614,37
227,2,495,495,0,0,0,0,1.0,1.0,1.0,1.0,1.0,1,0.17958921484161225,35
228,3,498,498,0,0,0,0,1.0,1.0,1.0,1.0,1.0,1,0.1797827903100523,35
229,4,502,502,0,0,0,0,1.0,1.0,1.0,1.0,1.0,1,0.19566785197112294,35
230,0,502,502,0,0,0,0,1.0,1.0,1.0,1.0,1.0,1,0.19566785197112294,35
231,2,504,504,0,0,0,0,1.0,1.0,1.0,1.0,1.0,1,0.16793037533971816,35
232,1,505,505,0,0,0,0,1.0,1.0,1.0,1.0,1.0,1,0.19876606076441355,36
233,2,507,507,0,0,0,0,1.0,1.0,1.0,1.0,1.0,1,0.22553056465072463,36
234,1,508,508,0,0,0,0,1.0,1.0,1.0,1.0,1.0,1,0.2678346167405424,34
235,0,508,508,0,0,0,0,1.0,1.0,1.0,1.0,1.0,1,0.26827265732036876,33
236,1,509,509,0,0,0,0,1.0,1.0,1.0,1.0,1.0,1,0.31589388609538943,31
237,1,510,510,0,0,0,0,1.0,1.0,1.0,1.0,1.0,1,0.3262232839398039,32
238,4,514,514,0,0,0,0,1.0,1.0,1.0,1.0,1.0,1,0.26384433628105464,31
239,1,515,515,0,0,0,0,1.0,1.0,1.0,1.0,1.0,1,0.28393715006292947,30
240,1,516,516,0,0,0,0,1.0,1.0,1.0,1.0,1.0,1,0.21775022288632828,27
241,1,517,517,0,0,0,0,1.0,1.0,1.0,1.0,1.0,1,0.2569192388848808,27
242,2,519,519,0,0,0,0,1.0,1.0,1.0,1.0,1.0,1,0.18857167984728576,28
243,5,524,524,0,0,0,0,1.0,1.0,1.0,1.0,1.0,1,0.2334722266927209,28
244,3,527,527,0,0,0,0,1.0,1.0,1.0,1.0,1.0,1,0.2627508313333266,27
245,1,528,528,0,0,0,0,1.0,1.0,1.0,1.0,1.0,1,0.254240476048788,27
246,0,528,528,0,0,0,0,1.0,1.0,1.0,1.0,1.0,1,0.24154411441265905,25
247,1,529,529,0,0,0,0,1.0,1.0,1.0,1.0,1.0,1,0.3343221143736826,24
248,0,529,529,0,0,0,0,1.0,1.0,1.0,1.0,1.0,1,0.33480603398322584,24
249,3,532,532,0,0,0,0,1.0,1.0,1.0,1.0,1.0,1,0.32688847366648277,25
250,1,533,533,0,0,0,0,1.0,1.0,1.0,1.0,1.0,1,0.3228899878138193,27
251,1,534,534,0,0,0,0,1.0,1.0,1.0,1.0,1.0,1,0.3662620204783891,27
252,5,539,539,0,0,0,0,1.0,1.0,1.0,1.0,1.0,1,0.25281182087675874,27
253,1,540,540,0,0,0,0,1.0,1.0,1.0,1.0,1.0,1,0.29469570372069237,29
254,6,546,546,0,0,0,0,1.0,1.0,1.0,1.0,1.0,1,0.16995557894019842,30
255,1,547,547,0,0,0,0,1.0,1.0,1.0,1.0,1.0,1,0.09163728239113156,31
256,2,549,549,0,0,0,0,1.0,1.0,1.0,1.0,1.0,1,0.05515517848838974,31
257,3,552,552,0,0,0,0,1.0,1.0,1.0,1.0,1.0,1,0.09267943083302561,33
258,2,554,554,0,0,0,0,1.0,1.0,1.0,1.0,1.0,1,0.117427021119507,33
259,3,557,557,0,0,0,0,1.0,1.0,1.0,1.0,1.0,1,0.1664149894667874,33
260,1,558,558,0,0,0,0,1.0,1.0,1.0,1.0,1.0,1,0.13210788099297502,35
261,5,563,563,0,0,0,0,1.0,1.0,1.0,1.0,1.0,1,0.18263699720513604,35
262,0,563,563,0,0,0,0,1.0,1.0,1.0,1.0,1.0,1,0.18263699720513604,35
263,0,563,563,0,0,0,0,1.0,1.0,1.0,1.0,1.0,1,0.2172095136244287,34
264,3,566,566,0,0,0,0,1.0,1.0,1.0,1.0,1.0,1,0.2350576582302654,32
265,3,569,569,0,0,0,0,1.0,1.0,1.0,1.0,1.0,1,0.13589647498086385,30
266,3,572,572,0,0,0,0,1.0,1.0,1.0,1.0,1.0,1,0.17736166002883963,31
267,1,573,573,0,0,0,0,1.0,1.0,1.0,1.0,1.0,1,0.21907289192824556,30
268,3,576,576,0,0,0,0,1.0,1.0,1.0,1.0,1.0,1,0.18376734208284562,31
269,2,578,578,0,0,0,0,1.0,1.0,1.0,1.0,1.0,1,0.19497274981006096,31
270,2,580,580,0,0,0,0,1.0,1.0,1.0,1.0,1.0,1,0.27618613861281116,32
271,2,582,582,0,0,0,0,1.0,1.0,1.0,1.0,1.0,1,0.33504744782339146,31
272,1,583,583,0,0,0,0,1.0,1.0,1.0,1.0,1.0,1,0.3420194074941178,32
273,2,585,585,0,0,0,0,1.0,1.0,1.0,1.0,1.0,1,0.26778768186878393,32
274,0,585,585,0,0,0,0,1.0,1.0,1.0,1.0,1.0,1,0.26778768186878393,32
275,1,586,586,0,0,0,0,1.0,1.0,1.0,1.0,1.0,1,0.2069593756275537,33
276,2,588,588,0,0,0,0,1.0,1.0,1.0,1.0,1.0,1,0.21009542912671736,34
277,2,590,590,0,0,0,0,1.0,1.0,1.0,1.0,1.0,1,0.21116168634627325,32
278,1,591,591,0,0,0,0,1.0,1.0,1.0,1.0,1.0,1,0.17379457790643493,31
279,0,591,591,0,0,0,0,1.0,1.0,1.0,1.0,1.0,1,0.16023916405172303,31
280,2,593,593,0,0,0,0,1.0,1.0,1.0,1.0,1.0,1,0.2555636608370644,30
281,2,595,595,0,0,0,0,1.0,1.0,1.0,1.0,1.0,1,0.2009323929534445,31
282,1,596,596,0,0,0,0,1.0,1.0,1.0,1.0,1.0,1,0.20309476364019086,30
283,4,600,600,0,0,0,0,1.0,1.0,1.0,1.0,1.0,1,0.18571432848078417,31
284,2,602,602,0,0,0,0,1.0,1.0,1.0,1.0,1.0,1,0.21234409513219163,31
285,2,604,604,0,0,0,0,1.0,1.0,1.0,1.0,1.0,1,0.2000773464024095,31
286,1,605,605,0,0,0,0,1.0,1.0,1.0,1.0,1.0,1,0.21416955995912795,31
287,2,607,607,0,0,0,0,1.0,1.0,1.0,1.0,1.0,1,0.2582615076583845,33
288,3,610,610,0,0,0,0,1.0,1.0,1.0,1.0,1.0,1,0.17734606077790704,32
289,0,610,610,0,0,0,0,1.0,1.0,1.0,1.0,1.0,1,0.1852444816566818,32
290,2,612,612,0,0,0,0,1.0,1.0,1.0,1.0,1.0,1,0.22204189463477586,31
291,1,613,613,0,0,0,0,1.0,1.0,1.0,1.0,1.0,1,0.1608969867087448,30
292,4,617,617,0,0,0,0,1.0,1.0,1.0,1.0,1.0,1,0.27814046761166317,32
293,1,618,618,0,0,0,0,1.0,1.0,1.0,1.0,1.0,1,0.31170683141081196,32
294,1,619,619,0,0,0,0,1.0,1.0,1.0,1.0,1.0,1,0.30153040350162946,32
295,2,621,621,0,0,0,0,1.0,1.0,1.0,1.0,1.0,1,0.23121461874200808,34
296,0,621,621,0,0,0,0,1.0,1.0,1.0,1.0,1.0,1,0.23121461874200808,34
297,1,622,622,0,0,0,0,1.0,1.0,1.0,1.0,1.0,1,0.217601648065361,34
298,1,623,623,0,0,0,0,1.0,1.0,1.0,1.0,1.0,1,0.20100628106349666,35
299,2,625,625,0,0,0,0,1.0,1.0,1.0,1.0,1.0,1,0.16630688221015708,35
300,3,628,628,0,0,0,0,1.0,1.0,1.0,1.0,1.0,1,0.2552818304052852,35
301,0,628,628,0,0,0,0,1.0,1.0,1.0,1.0,1.0,1,0.2650337112391366,38
302,2,630,630,0,0,0,0,1.0,1.0,1.0,1.0,1.0,1,0.2801158457912908,38
303,3,633,633,0,0,0,0,1.0,1.0,1.0,1.0,1.0,1,0.21902399313048027,37
304,3,636,636,0,0,0,0,1.0,1.0,1.0,1.0,1.0,1,0.17799944137177515,37
305,0,636,636,0,0,0,0,1.0,1.0,1.0,1.0,1.0,1,0.17093722729705513,36
306,1,637,637,0,0,0,0,1.0,1.0,1.0,1.0,1.0,1,0.16713457226510964,36
307,0,637,637,0,0,0,0,1.0,1.0,1.0,1.0,1.0,1,0.16810835834850693,35
308,1,638,638,0,0,0,0,1.0,1.0,1.0,1.0,1.0,1,0.1663261674256394,37
309,0,638,638,0,0,0,0,1.0,1.0,1.0,1.0,1.0,1,0.1663261674256394,37
310,1,639,639,0,0,0,0,1.0,1.0,1.0,1.0,1.0,1,0.1424280472068992,37
311,0,639,639,0,0,0,0,1.0,1.0,1.0,1.0,1.0,1,0.10986547820292457,39
312,0,639,639,0,0,0,0,1.0,1.0,1.0,1.0,1.0,1,0.1124997310927831,40
313,1,640,640,0,0,0,0,1.0,1.0,1.0,1.0,1.0,1,0.09818039388499344,39
314,2,642,642,0,0,0,0,1.0,1.0,1.0,1.0,1.0,1,0.14178452047738568,40
315,2,644,644,0,0,0,0,1.0,1.0,1.0,1.0,1.0,1,0.17616420838806585,39
316,1,645,645,0,0,0,0,1.0,1.0,1.0,1.0,1.0,1,0.13083989623072928,39
317,3,648,648,0,0,0,0,1.0,1.0,1.0,1.0,1.0,1,0.16703986996243994,40
318,1,649,649,0,0,0,0,1.0,1.0,1.0,1.0,1.0,1,0.20136421982230884,41
319,5,654,654,0,0,0,0,1.0,1.0,1.0,1.0,1.0,1,0.13968191405732217,41
320,0,654,654,0,0,0,0,1.0,1.0,1.0,1.0,1.0,1,0.13965913052915632,41
321,4,658,658,0,0,0,0,1.0,1.0,1.0,1.0,1.0,1,0.09259922301425329,41
322,4,662,662,0,0,0,0,1.0,1.0,1.0,1.0,1.0,1,0.05519472200078892,41
323,5,667,667,0,0,0,0,1.0,1.0,1.0,1.0,1.0,1,0.06468714639236875,41
324,2,669,669,0,0,0,0,1.0,1.0,1.0,1.0,1.0,1,0.040819507230368264,42
325,2,671,671,0,0,0,0,1.0,1.0,1.0,1.0,1.0,1,0.06511757119045769,42
326,1,672,672,0,0,0,0,1.0,1.0,1.0,1.0,1.0,1,0.10772695627317232,42
327,2,674,674,0,0,0,0,1.0,1.0,1.0,1.0,1.0,1,0.18424277063067346,42
328,0,674,674,0,0,0,0,1.0,1.0,1.0,1.0,1.0,1,0.16598142790215664,43
329,0,674,674,0,0,0,0,1.0,1.0,1.0,1.0,1.0,1,0.16598142790215664,43
330,1,675,675,0,0,0,0,1.0,1.0,1.0,1.0,1.0,1,0.18584990211308292,45
331,5,680,680,0,0,0,0,1.0,1.0,1.0,1.0,1.0,1,0.2622389922601228,45
332,0,680,680,0,0,0,0,1.0,1.0,1.0,1.0,1.0,1,0.2810586742395794,45
333,2,682,682,0,0,0,0,1.0,1.0,1.0,1.0,1.0,1,0.22778560023301747,46
334,0,682,682,0,0,0,0,1.0,1.0,1.0,1.0,1.0,1,0.2147184075841636,48
335,0,682,682,0,0,0,0,1.0,1.0,1.0,1.0,1.0,1,0.2147184075841636,48
336,2,684,684,0,0,0,0,1.0,1.0,1.0,1.0,1.0,1,0.2087003710111199,48
337,1,685,685,0,0,0,0,1.0,1.0,1.0,1.0,1.0,1,0.17148398733416306,49
338,0,685,685,0,0,0,0,1.0,1.0,1.0,1.0,1.0,1,0.18491164019447479,50
339,0,685,685,0,0,0,0,1.0,1.0,1.0,1.0,1.0,1,0.18491164019447479,50
340,3,688,688,0,0,0,0,1.0,1.0,1.0,1.0,1.0,1,0.2301649105747109,50
341,0,688,688,0,0,0,0,1.0,1.0,1.0,1.0,1.0,1,0.23053465665343356,51
342,2,690,690,0,0,0,0,1.0,1.0,1.0,1.0,1.0,1,0.21000632899303906,51
343,2,692,692,0,0,0,0,0.9819674904105676,0.960014870040824,0.9819674904105676,0.960014870040824,1.0,1,0.24069072186414067,51
344,6,698,698,0,0,0,0,1.0,1.0,1.0,1.0,1.0,1,0.17689515636034792,50
345,3,701,701,0,0,0,0,1.0,1.0,1.0,1.0,1.0,1,0.1978200179946071,51
346,3,704,704,0,0,0,0,1.0,1.0,1.0,1.0,1.0,1,0.21524698343912796,51
347,3,707,707,0,0,0,0,1.0,1.0,1.0,1.0,1.0,1,0.2494266310181673,51
348,1,708,708,0,0,0,0,1.0,1.0,1.0,1.0,1.0,1,0.2126976166966585,53
349,3,711,711,0,0,0,0,1.0,1.0,1.0,1.0,1.0,1,0.25183814081731426,55
350,2,713,713,0,0,0,0,1.0,1.0,1.0,1.0,1.0,1,0.25651785858327225,54
351,2,715,715,0,0,0,0,1.0,1.0,1.0,1.0,1.0,1,0.2653668519507492,54
352,2,717,717,0,0,0,0,1.0,1.0,1.0,1.0,1.0,1,0.2643697933737115,53
353,2,719,719,0,0,0,0,1.0,1.0,1.0,1.0,1.0,1,0.2265749965630953,53
354,2,721,721,0,0,0,0,1.0,1.0,1.0,1.0,1.0,1,0.22753160515213378,50
355,4,725,725,0,0,0,0,1.0,1.0,1.0,1.0,1.0,1,0.20955232831683626,51
356,2,727,727,0,0,0,0,1.0,1.0,1.0,1.0,1.0,1,0.2066599392329887,51
357,2,729,729,0,0,0,0,1.0,1.0,1.0,1.0,1.0,1,0.22063544776028635,50
358,4,733,733,0,0,0,0,1.0,1.0,1.0,1.0,1.0,1,0.22779411956741707,48
359,0,733,733,0,0,0,0,1.0,1.0,1.0,1.0,1.0,1,0.2352884939800917,47
360,3,736,736,0,0,0,0,1.0,1.0,1.0,1.0,1.0,1,0.2781996269697578,45
361,2,738,738,0,0,0,0,1.0,1.0,1.0,1.0,1.0,1,0.27274877179715257,44
362,3,741,741,0,0,0,0,0.9818529082331466,0.966730331760769,0.9818529082331466,0.966730331760769,1.0,1,0.3620672846191901,44
363,0,741,741,0,0,0,0,0.9818529082331466,0.966730331760769,0.9818529082331466,0.966730331760769,1.0,1,0.363293800046767,44
364,4,745,745,0,0,0,0,0.9784108055801577,0.9613193599977827,0.9784108055801577,0.9613193599977827,1.0,1,0.4099832355545266,43
365,1,746,746,0,0,0,0,0.9992591012809992,0.998614841525346,0.9992591012809992,0.998614841525346,1.0,1,0.3998299703210313,43
366,3,749,749,0,0,0,0,1.0,1.0,1.0,1.0,1.0,1,0.2976499994427514,45
367,1,750,750,0,0,0,0,1.0,1.0,1.0,1.0,1.0,1,0.29795938771795394,44
368,3,753,753,0,0,0,0,1.0,1.0,1.0,1.0,1.0,1,0.24743917108128988,46
369,0,753,753,0,0,0,0,1.0,1.0,1.0,1.0,1.0,1,0.26930347680806543,45
370,1,754,754,0,0,0,0,1.0,1.0,1.0,1.0,1.0,1,0.2538006566759788,46
371,2,756,756,0,0,0,0,1.0,1.0,1.0,1.0,1.0,1,0.2857367850054673,47
372,1,757,757,0,0,0,0,1.0,1.0,1.0,1.0,1.0,1,0.26471204626358896,48
373,1,758,758,0,0,0,0,1.0,1.0,1.0,1.0,1.0,1,0.23828012627238757,48
374,8,766,766,0,0,0,0,1.0,1.0,1.0,1.0,1.0,1,0.24968615560261911,49
375,2,768,768,0,0,0,0,1.0,1.0,1.0,1.0,1.0,1,0.22331799775483857,49
376,7,775,775,0,0,0,0,1.0,1.0,1.0,1.0,1.0,1,0.14863417261338738,49
377,2,777,777,0,0,0,0,1.0,1.0,1.0,1.0,1.0,1,0.16016137252445806,49
378,4,781,781,0,0,0,0,1.0,1.0,1.0,1.0,1.0,1,0.201679524299524,49
379,2,783,783,0,0,0,0,1.0,1.0,1.0,1.0,1.0,1,0.16860227372369782,50
380,3,786,786,0,0,0,0,1.0,1.0,1.0,1.0,1.0,1,0.1760339815489998,50
381,1,787,787,0,0,0,0,1.0,1.0,1.0,1.0,1.0,1,0.18689967879653657,51
382,2,789,789,0,0,0,0,1.0,1.0,1.0,1.0,1.0,1,0.24513672986522025,50
383,0,789,789,0,0,0,0,1.0,1.0,1.0,1.0,1.0,1,0.23499817529619166,51
384,1,790,790,0,0,0,0,1.0,1.0,1.0,1.0,1.0,1,0.2585490651652431,50
385,0,790,790,0,0,0,0,1.0,1.0,1.0,1.0,1.0,1,0.2796239644339225,50
386,2,792,792,0,0,0,0,1.0,1.0,1.0,1.0,1.0,1,0.2637621933087773,48
387,0,792,792,0,0,0,0,1.0,1.0,1.0,1.0,1.0,1,0.2438495888902896,47
388,1,793,793,0,0,0,0,1.0,1.0,1.0,1.0,1.0,1,0.22632545202265267,48
389,0,793,793,0,0,0,0,1.0,1.0,1.0,1.0,1.0,1,0.234988725428495,47
390,4,797,797,0,0,0,0,1.0,1.0,1.0,1.0,1.0,1,0.22233761427507784,49
391,2,799,799,0,0,0,0,1.0,1.0,1.0,1.0,1.0,1,0.1932956647677623,46
392,3,802,802,0,0,0,0,1.0,1.0,1.0,1.0,1.0,1,0.22532799373336346,46
393,2,804,804,0,0,0,0,1.0,1.0,1.0,1.0,1.0,1,0.22678332992158023,44
394,2,806,806,0,0,0,0,1.0,1.0,1.0,1.0,1.0,1,0.2498054567844363,43
395,2,808,808,0,0,0,0,1.0,1.0,1.0,1.0,1.0,1,0.2855343373957447,42
396,5,813,813,0,0,0,0,1.0,1.0,1.0,1.0,1.0,1,0.3450830444899802,39
397,3,816,816,0,0,0,0,1.0,1.0,1.0,1.0,1.0,1,0.3274543056833065,39
398,4,820,820,0,0,0,0,1.0,1.0,1.0,1.0,1.0,1,0.30960722889484155,36
399,2,822,822,0,0,0,0,1.0,1.0,1.0,1.0,1.0,1,0.323744279095114,36
400,1,823,823,0,0,0,0,1.0,1.0,1.0,1.0,1.0,1,0.3526980277286071,34
401,1,824,824,0,0,0,0,1.0,1.0,1.0,1.0,1.0,1,0.3440917027599971,33
402,1,825,825,0,0,0,0,1.0,1.0,1.0,1.0,1.0,1,0.3161396149617245,34
403,0,825,825,0,0,0,0,1.0,1.0,1.0,1.0,1.0,1,0.29274365464132973,36
404,2,827,827,0,0,0,0,1.0,1.0,1.0,1.0,1.0,1,0.2907961927391137,36
405,1,828,828,0,0,0,0,1.0,1.0,1.0,1.0,1.0,1,0.3029570520728671,37
406,1,829,829,0,0,0,0,1.0,1.0,1.0,1.0,1.0,1,0.3263148747152046,37
407,1,830,830,0,0,0,0,1.0,1.0,1.0,1.0,1.0,1,0.3221808124047021,39
408,2,832,832,0,0,0,0,1.0,1.0,1.0,1.0,1.0,1,0.3078376483671452,40
409,4,836,836,0,0,0,0,1.0,1.0,1.0,1.0,1.0,1,0.3041330490155608,41
410,1,837,837,0,0,0,0,1.0,1.0,1.0,1.0,1.0,1,0.25777418797564683,42
411,2,839,839,0,0,0,0,1.0,1.0,1.0,1.0,1.0,1,0.28395328643327716,43
412,2,841,841,0,0,0,0,1.0,1.0,1.0,1.0,1.0,1,0.256804834139707,44
413,0,841,841,0,0,0,0,1.0,1.0,1.0,1.0,1.0,1,0.256804834139707,44
414,2,843,843,0,0,0,0,1.0,1.0,1.0,1.0,1.0,1,0.24823641799973933,45
415,0,843,843,0,0,0,0,1.0,1.0,1.0,1.0,1.0,1,0.24823641799973933,45
416,2,845,845,0,0,0,0,1.0,1.0,1.0,1.0,1.0,1,0.21555622180521763,46
417,1,846,846,0,0,0,0,1.0,1.0,1.0,1.0,1.0,1,0.18786411217203225,46
418,0,846,846,0,0,0,0,1.0,1.0,1.0,1.0,1.0,1,0.18943232732260074,47
419,0,846,846,0,0,0,0,1.0,1.0,1.0,1.0,1.0,1,0.18943232732260074,47
420,0,846,846,0,0,0,0,1.0,1.0,1.0,1.0,1.0,1,0.18943232732260074,47
421,0,846,846,0,0,0,0,1.0,1.0,1.0,1.0,1.0,1,0.18943232732260074,47
422,1,847,847,0,0,0,0,1.0,1.0,1.0,1.0,1.0,1,0.22352359974711736,49
423,0,847,847,0,0,0,0,1.0,1.0,1.0,1.0,1.0,1,0.22933495597584383,47
424,7,854,854,0,0,0,0,1.0,1.0,1.0,1.0,1.0,1,0.22949595679932414,45
425,3,857,857,0,0,0,0,1.0,1.0,1.0,1.0,1.0,1,0.23991997172226065,46
426,6,863,863,0,0,0,0,1.0,1.0,1.0,1.0,1.0,1,0.28874953498157474,46
427,4,867,867,0,0,0,0,1.0,1.0,1.0,1.0,1.0,1,0.26387464652667547,45
428,6,873,873,0,0,0,0,1.0,1.0,1.0,1.0,1.0,1,0.2331525923453926,45
429,1,874,874,0,0,0,0,1.0,1.0,1.0,1.0,1.0,1,0.25911570802273887,42
430,1,875,875,0,0,0,0,1.0,1.0,1.0,1.0,1.0,1,0.2438311577436298,40
431,2,877,877,0,0,0,0,1.0,1.0,1.0,1.0,1.0,1,0.26722911142699607,39
432,2,879,879,0,0,0,0,1.0,1.0,1.0,1.0,1.0,1,0.2733249005365454,37
433,0,879,879,0,0,0,0,1.0,1.0,1.0,1.0,1.0,1,0.2965397503681177,35
434,2,881,881,0,0,0,0,1.0,1.0,1.0,1.0,1.0,1,0.2614367049471192,33
435,3,884,884,0,0,0,0,1.0,1.0,1.0,1.0,1.0,1,0.22097188153880648,33
436,1,885,885,0,0,0,0,1.0,1.0,1.0,1.0,1.0,1,0.20103810549865808,33
437,1,886,886,0,0,0,0,1.0,1.0,1.0,1.0,1.0,1,0.2480752177652486,33
438,1,887,887,0,0,0,0,1.0,1.0,1.0,1.0,1.0,1,0.23505913040346318,32
439,2,889,889,0,0,0,0,1.0,1.0,1.0,1.0,1.0,1,0.2261434726231239,34
440,1,890,890,0,0,0,0,1.0,1.0,1.0,1.0,1.0,1,0.2100891570780781,34
441,3,893,893,0,0,0,0,1.0,1.0,1.0,1.0,1.0,1,0.16223501578305125,35
442,1,894,894,0,0,0,0,1.0,1.0,1.0,1.0,1.0,1,0.20280505484894687,37
443,4,898,898,0,0,0,0,1.0,1.0,1.0,1.0,1.0,1,0.11884060590996896,37
444,0,898,898,0,0,0,0,1.0,1.0,1.0,1.0,1.0,1,0.11101819461665884,38
445,1,899,899,0,0,0,0,1.0,1.0,1.0,1.0,1.0,1,0.05879591492984492,39
446,2,901,901,0,0,0,0,1.0,1.0,1.0,1.0,1.0,1,0.09544182004319404,39
447,0,901,901,0,0,0,0,1.0,1.0,1.0,1.0,1.0,1,0.10259021498551307,41
448,1,902,902,0,0,0,0,1.0,1.0,1.0,1.0,1.0,1,0.09374146673285699,41
449,1,903,903,0,0,0,0,1.0,1.0,1.0,1.0,1.0,1,0.1409382910638476,40
450,1,904,904,0,0,0,0,1.0,1.0,1.0,1.0,1.0,1,0.13493304840049739,40
451,4,908,908,0,0,0,0,1.0,1.0,1.0,1.0,1.0,1,0.15834663522481912,41
452,2,910,910,0,0,0,0,1.0,1.0,1.0,1.0,1.0,1,0.1427939975525254,41
453,5,915,915,0,0,0,0,1.0,1.0,1.0,1.0,1.0,1,0.18996011582940428,40
454,2,917,917,0,0,0,0,1.0,1.0,1.0,1.0,1.0,1,0.1501708629708794,41
455,3,920,920,0,0,0,0,1.0,1.0,1.0,1.0,1.0,1,0.17684775121557156,41
456,5,925,925,0,0,0,0,1.0,1.0,1.0,1.0,1.0,1,0.19055896802029312,43
457,3,928,928,0,0,0,0,1.0,1.0,1.0,1.0,1.0,1,0.21845886788091326,43
458,6,934,934,0,0,0,0,1.0,1.0,1.0,1.0,1.0,1,0.17463044936891864,43
459,1,935,935,0,0,0,0,1.0,1.0,1.0,1.0,1.0,1,0.1525552738684845,44
460,2,937,937,0,0,0,0,1.0,1.0,1.0,1.0,1.0,1,0.12249735793806144,47
461,3,940,940,0,0,0,0,1.0,1.0,1.0,1.0,1.0,1,0.1420672942562008,48
462,1,941,941,0,0,0,0,1.0,1.0,1.0,1.0,1.0,1,0.15326245411220435,49
463,1,942,942,0,0,0,0,1.0,1.0,1.0,1.0,1.0,1,0.17617180574653193,47
464,0,942,942,0,0,0,0,1.0,1.0,1.0,1.0,1.0,1,0.1776013682212821,48
465,4,946,946,0,0,0,0,1.0,1.0,1.0,1.0,1.0,1,0.15302723364711726,47
466,3,949,949,0,0,0,0,1.0,1.0,1.0,1.0,1.0,1,0.10462993474475123,46
467,2,951,951,0,0,0,0,1.0,1.0,1.0,1.0,1.0,1,0.11379960152977506,44
468,2,953,953,0,0,0,0,1.0,1.0,1.0,1.0,1.0,1,0.1381602873990854,41
469,2,955,955,0,0,0,0,1.0,1.0,1.0,1.0,1.0,1,0.09203952218833436,40
470,5,960,960,0,0,0,0,1.0,1.0,1.0,1.0,1.0,1,0.18958000694185675,39
471,4,964,964,0,0,0,0,1.0,1.0,1.0,1.0,1.0,1,0.20401757329788633,38
472,1,965,965,0,0,0,0,1.0,1.0,1.0,1.0,1.0,1,0.22502468274089868,36
473,4,969,969,0,0,0,0,1.0,1.0,1.0,1.0,1.0,1,0.22566634016239928,36
474,3,972,972,0,0,0,0,1.0,1.0,1.0,1.0,1.0,1,0.2572635968262937,34
475,3,975,975,0,0,0,0,1.0,1.0,1.0,1.0,1.0,1,0.23962173116049446,34
476,0,975,975,0,0,0,0,1.0,1.0,1.0,1.0,1.0,1,0.2331156085994557,32
477,2,977,977,0,0,0,0,1.0,1.0,1.0,1.0,1.0,1,0.23619222783736665,32
478,1,978,978,0,0,0,0,1.0,1.0,1.0,1.0,1.0,1,0.2159300620914781,30
479,2,980,980,0,0,0,0,1.0,1.0,1.0,1.0,1.0,1,0.2228670391489608,31
480,1,981,981,0,0,0,0,1.0,1.0,1.0,1.0,1.0,1,0.2553353135427512,27
481,1,982,982,0,0,0,0,1.0,1.0,1.0,1.0,1.0,1,0.19061059022348387,28
482,0,982,982,0,0,0,0,1.0,1.0,1.0,1.0,1.0,1,0.19697249420353644,28
483,3,985,985,0,0,0,0,1.0,1.0,1.0,1.0,1.0,1,0.07711500064086275,29
484,1,986,986,0,0,0,0,1.0,1.0,1.0,1.0,1.0,1,0.10425341279431213,29
485,2,988,988,0,0,0,0,1.0,1.0,1.0,1.0,1.0,1,0.11030879258659737,29
486,2,990,990,0,0,0,0,1.0,1.0,1.0,1.0,1.0,1,0.1633158552479022,31
487,4,994,994,0,0,0,0,1.0,1.0,1.0,1.0,1.0,1,0.13844990502295149,33
488,3,997,997,0,0,0,0,1.0,1.0,1.0,1.0,1.0,1,0.1555723350919107,34
489,1,998,998,0,0,0,0,1.0,1.0,1.0,1.0,1.0,1,0.17998313392752402,34
490,1,999,999,0,0,0,0,1.0,1.0,1.0,1.0,1.0,1,0.15453703410078454,34
491,0,999,999,0,0,0,0,1.0,1.0,1.0,1.0,1.0,1,0.15453703410078454,34
492,3,1002,1002,0,0,0,0,1.0,1.0,1.0,1.0,1.0,1,0.13416907046332943,34
493,2,1004,1004,0,0,0,0,1.0,1.0,1.0,1.0,1.0,1,0.11289246517820505,34
494,4,1008,1008,0,0,0,0,1.0,1.0,1.0,1.0,1.0,1,0.10829158693314588,36
495,2,1010,1010,0,0,0,0,1.0,1.0,1.0,1.0,1.0,1,0.10677526455932693,36
496,4,1014,1014,0,0,0,0,1.0,1.0,1.0,1.0,1.0,1,0.11993832631007256,37
497,2,1016,1016,0,0,0,0,1.0,1.0,1.0,1.0,1.0,1,0.1302969607175317,39
498,1,1017,1017,0,0,0,0,1.0,1.0,1.0,1.0,1.0,1,0.08792716794601951,40
499,3,1020,1020,0,0,0,0,1.0,1.0,1.0,1.0,1.0,1,0.1428193918525723,40
500,2,1022,1022,0,0,0,0,1.0,1.0,1.0,1.0,1.0,1,0.17475350218679458,42
501,1,1023,1023,0,0,0,0,1.0,1.0,1.0,1.0,1.0,1,0.19201069748217203,42
502,3,1026,1026,0,0,0,0,1.0,1.0,1.0,1.0,1.0,1,0.2154705685614969,42
503,3,1029,1029,0,0,0,0,1.0,1.0,1.0,1.0,1.0,1,0.22811211617278332,41
504,0,1029,1029,0,0,0,0,1.0,1.0,1.0,1.0,1.0,1,0.23418316048455362,42
505,3,1032,1032,0,0,0,0,1.0,1.0,1.0,1.0,1.0,1,0.2525279709436406,38
506,0,1032,1032,0,0,0,0,1.0,1.0,1.0,1.0,1.0,1,0.2716435215982516,37
507,4,1036,1036,0,0,0,0,1.0,1.0,1.0,1.0,1.0,1,0.24448446047783665,35
508,2,1038,1038,0,0,0,0,1.0,1.0,1.0,1.0,1.0,1,0.23803554302456809,35
509,0,1038,1038,0,0,0,0,1.0,1.0,1.0,1.0,1.0,1,0.2562777671598428,34
510,0,1038,1038,0,0,0,0,1.0,1.0,1.0,1.0,1.0,1,0.2700389294440461,34
511,0,1038,1038,0,0,0,0,1.0,1.0,1.0,1.0,1.0,1,0.25356036560093564,32
512,0,1038,1038,0,0,0,0,1.0,1.0,1.0,1.0,1.0,1,0.2839036412396331,30
513,2,1040,1040,0,0,0,0,1.0,1.0,1.0,1.0,1.0,1,0.23608092484887788,31
514,0,1040,1040,0,0,0,0,1.0,1.0,1.0,1.0,1.0,1,0.23608092484887788,31
515,4,1044,1044,0,0,0,0,1.0,1.0,1.0,1.0,1.0,1,0.21774952349073348,32
516,2,1046,1046,0,0,0,0,1.0,1.0,1.0,1.0,1.0,1,0.11293729024019204,31
517,4,1050,1050,0,0,0,0,1.0,1.0,1.0,1.0,1.0,1,0.15187565662342534,32
518,1,1051,1051,0,0,0,0,1.0,1.0,1.0,1.0,1.0,1,0.1110118178348552,31
519,3,1054,1054,0,0,0,0,1.0,1.0,1.0,1.0,1.0,1,0.09911411788280008,31
520,1,1055,1055,0,0,0,0,1.0,1.0,1.0,1.0,1.0,1,0.11771105263061303,33
521,1,1056,1056,0,0,0,0,1.0,1.0,1.0,1.0,1.0,1,0.10177824453883748,34
522,0,1056,1056,0,0,0,0,1.0,1.0,1.0,1.0,1.0,1,0.10177824453883748,34
523,1,1057,1057,0,0,0,0,1.0,1.0,1.0,1.0,1.0,1,0.0719854329303337,33
524,1,1058,1058,0,0,0,0,1.0,1.0,1.0,1.0,1.0,1,0.0470458008279584,34
525,0,1058,1058,0,0,0,0,1.0,1.0,1.0,1.0,1.0,1,0.06467432994876227,32
526,6,1064,1064,0,0,0,0,1.0,1.0,1.0,1.0,1.0,1,0.1438424415823365,32
527,1,1065,1065,0,0,0,0,1.0,1.0,1.0,1.0,1.0,1,0.1804640542128945,31
528,6,1071,1071,0,0,0,0,1.0,1.0,1.0,1.0,1.0,1,0.2614849849434167,31
529,2,1073,1073,0,0,0,0,1.0,1.0,1.0,1.0,1.0,1,0.26877236861404985,30
530,3,1076,1076,0,0,0,0,1.0,1.0,1.0,1.0,1.0,1,0.2919485620631478,30
531,0,1076,1076,0,0,0,0,1.0,1.0,1.0,1.0,1.0,1,0.30546400594410994,32
532,2,1078,1078,0,0,0,0,1.0,1.0,1.0,1.0,1.0,1,0.30166254435002127,32
533,2,1080,1080,0,0,0,0,1.0,1.0,1.0,1.0,1.0,1,0.31702562546720403,34
534,1,1081,1081,0,0,0,0,1.0,1.0,1.0,1.0,1.0,1,0.328735913381981,34
535,1,1082,1082,0,0,0,0,1.0,1.0,1.0,1.0,1.0,1,0.3325993871277797,37
536,0,1082,1082,0,0,0,0,1.0,1.0,1.0,1.0,1.0,1,0.3325993871277797,37
537,2,1084,1084,0,0,0,0,0.9846509081307641,0.9741856182199214,0.9846509081307641,0.9741856182199214,1.0,1,0.3791518460240752,37
538,0,1084,1084,0,0,0,0,0.9850548316010073,0.9741856182199214,0.9850548316010073,0.9741856182199214,1.0,1,0.37527286235529855,38
539,0,1084,1084,0,0,0,0,0.985054831601007,0.9741856182199214,0.985054831601007,0.9741856182199214,1.0,1,0.37527286235529855,38
540,1,1085,1085,0,0,0,0,1.0,1.0,1.0,1.0,1.0,1,0.3387713680643591,38
541,0,1085,1085,0,0,0,0,1.0,1.0,1.0,1.0,1.0,1,0.31776726765509444,39
542,0,1085,1085,0,0,0,0,1.0,1.0,1.0,1.0,1.0,1,0.3156782713025128,40
543,2,1087,1087,0,0,0,0,0.9795508666692339,0.9656082757618936,0.9795508666692339,0.9656082757618936,1.0,1,0.3665665879391258,37
544,0,1087,1087,0,0,0,0,1.0,1.0,1.0,1.0,1.0,1,0.3600557857095331,35
545,3,1090,1090,0,0,0,0,1.0,1.0,1.0,1.0,1.0,1,0.3563898434049954,35
546,0,1090,1090,0,0,0,0,1.0,1.0,1.0,1.0,1.0,1,0.3563898434049954,35
547,2,1092,1092,0,0,0,0,1.0,1.0,1.0,1.0,1.0,1,0.28454778791356355,34
548,1,1093,1093,0,0,0,0,1.0,1.0,1.0,1.0,1.0,1,0.2653363017289931,34
549,1,1094,1094,0,0,0,0,1.0,1.0,1.0,1.0,1.0,1,0.24350739478825942,31
550,1,1095,1095,0,0,0,0,1.0,1.0,1.0,1.0,1.0,1,0.25135416181104897,30
551,2,1097,1097,0,0,0,0,1.0,1.0,1.0,1.0,1.0,1,0.29614897029027676,31
552,0,1097,1097,0,0,0,0,1.0,1.0,1.0,1.0,1.0,1,0.26422226271230276,29
553,3,1100,1100,0,0,0,0,1.0,1.0,1.0,1.0,1.0,1,0.22936617404637477,30
554,2,1102,1102,0,0,0,0,1.0,1.0,1.0,1.0,1.0,1,0.22143056850492365,30
555,2,1104,1104,0,0,0,0,1.0,1.0,1.0,1.0,1.0,1,0.12673386101939296,30
556,3,1107,1107,0,0,0,0,1.0,1.0,1.0,1.0,1.0,1,0.11957821316467405,31
557,3,1110,1110,0,0,0,0,1.0,1.0,1.0,1.0,1.0,1,0.07607755888543301,31
558,3,1113,1113,0,0,0,0,1.0,1.0,1.0,1.0,1.0,1,0.17647813910096216,31
559,4,1117,1117,0,0,0,0,1.0,1.0,1.0,1.0,1.0,1,0.1880067891676924,31
560,8,1125,1125,0,0,0,0,1.0,1.0,1.0,1.0,1.0,1,0.14460024821887604,32
561,2,1127,1127,0,0,0,0,1.0,1.0,1.0,1.0,1.0,1,0.1331343498608004,33
562,7,1134,1134,0,0,0,0,1.0,1.0,1.0,1.0,1.0,1,0.17421078121964767,33
563,2,1136,1136,0,0,0,0,1.0,1.0,1.0,1.0,1.0,1,0.17925367824586955,33
564,4,1140,1140,0,0,0,0,1.0,1.0,1.0,1.0,1.0,1,0.20631953221741883,34
565,3,1143,1143,0,0,0,0,1.0,1.0,1.0,1.0,1.0,1,0.2607195624970588,35
566,1,1144,1144,0,0,0,0,1.0,1.0,1.0,1.0,1.0,1,0.28435877124844283,36
567,6,1150,1150,0,0,0,0,1.0,1.0,1.0,1.0,1.0,1,0.2788508897895598,37
568,1,1151,1151,0,0,0,0,1.0,1.0,1.0,1.0,1.0,1,0.2902176396879291,36
569,1,1152,1152,0,0,0,0,1.0,1.0,1.0,1.0,1.0,1,0.26383658434756546,37
570,1,1153,1153,0,0,0,0,1.0,1.0,1.0,1.0,1.0,1,0.27025551179539153,38
571,1,1154,1154,0,0,0,0,1.0,1.0,1.0,1.0,1.0,1,0.2845660175381456,38
572,1,1155,1155,0,0,0,0,1.0,1.0,1.0,1.0,1.0,1,0.29111055547829684,39
573,2,1157,1157,0,0,0,0,1.0,1.0,1.0,1.0,1.0,1,0.24435756173912096,39
574,1,1158,1158,0,0,0,0,1.0,1.0,1.0,1.0,1.0,1,0.25877563034705825,41
575,2,1160,1160,0,0,0,0,1.0,1.0,1.0,1.0,1.0,1,0.2306908196679415,41
576,0,1160,1160,0,0,0,0,1.0,1.0,1.0,1.0,1.0,1,0.24088206250605948,42
577,1,1161,1161,0,0,0,0,1.0,1.0,1.0,1.0,1.0,1,0.25265365088818625,42
578,1,1162,1162,0,0,0,0,1.0,1.0,1.0,1.0,1.0,1,0.24312431869444484,41
579,1,1163,1163,0,0,0,0,1.0,1.0,1.0,1.0,1.0,1,0.1886676246138224,42
580,3,1166,1166,0,0,0,0,1.0,1.0,1.0,1.0,1.0,1,0.19100329673733965,43
581,2,1168,1168,0,0,0,0,1.0,1.0,1.0,1.0,1.0,1,0.18109623381460158,42
582,3,1171,1171,0,0,0,0,1.0,1.0,1.0,1.0,1.0,1,0.2177449253382127,41
583,5,1176,1176,0,0,0,0,1.0,1.0,1.0,1.0,1.0,1,0.11799541348432874,40
584,6,1182,1182,0,0,0,0,1.0,1.0,1.0,1.0,1.0,1,0.13724683288561929,38
585,2,1184,1184,0,0,0,0,1.0,1.0,1.0,1.0,1.0,1,0.172945900437169,38
586,1,1185,1185,0,0,0,0,1.0,1.0,1.0,1.0,1.0,1,0.12070824149533041,37
587,4,1189,1189,0,0,0,0,1.0,1.0,1.0,1.0,1.0,1,0.16841426575652182,35
588,2,1191,1191,0,0,0,0,1.0,1.0,1.0,1.0,1.0,1,0.18615987333499218,35
589,1,1192,1192,0,0,0,0,1.0,1.0,1.0,1.0,1.0,1,0.1937757594345409,34
590,3,1195,1195,0,0,0,0,1.0,1.0,1.0,1.0,1.0,1,0.23647992417626887,36
591,0,1195,1195,0,0,0,0,1.0,1.0,1.0,1.0,1.0,1,0.21740210260991802,35
592,1,1196,1196,0,0,0,0,1.0,1.0,1.0,1.0,1.0,1,0.25873092361875943,37
593,2,1198,1198,0,0,0,0,1.0,1.0,1.0,1.0,1.0,1,0.2244101089385452,36
594,4,1202,1202,0,0,0,0,1.0,1.0,1.0,1.0,1.0,1,0.15844977012279648,35
595,2,1204,1204,0,0,0,0,1.0,1.0,1.0,1.0,1.0,1,0.15944849424758395,34
596,3,1207,1207,0,0,0,0,1.0,1.0,1.0,1.0,1.0,1,0.15153375408733155,34
597,1,1208,1208,0,0,0,0,1.0,1.0,1.0,1.0,1.0,1,0.17359170106970973,33
598,4,1212,1212,0,0,0,0,1.0,1.0,1.0,1.0,1.0,1,0.25986546286915707,33
599,1,1213,1213,0,0,0,0,1.0,1.0,1.0,1.0,1.0,1,0.2784616929290655,33
600,0,1213,1213,0,0,0,0,1.0,1.0,1.0,1.0,1.0,1,0.2784616929290655,33
601,2,1215,1215,0,0,0,0,1.0,1.0,1.0,1.0,1.0,1,0.32464088565578736,34
602,1,1216,1216,0,0,0,0,1.0,1.0,1.0,1.0,1.0,1,0.33694408663760333,35
603,3,1219,1219,0,0,0,0,1.0,1.0,1.0,1.0,1.0,1,0.24325828837482727,35
604,2,1221,1221,0,0,0,0,1.0,1.0,1.0,1.0,1.0,1,0.2683635506084753,35
605,2,1223,1223,0,0,0,0,1.0,1.0,1.0,1.0,1.0,1,0.2070431312543803,35
606,1,1224,1224,0,0,0,0,1.0,1.0,1.0,1.0,1.0,1,0.19472913008666118,35
607,4,1228,1228,0,0,0,0,1.0,1.0,1.0,1.0,1.0,1,0.18491734176474225,35
608,1,1229,1229,0,0,0,0,1.0,1.0,1.0,1.0,1.0,1,0.1909689292869203,36
609,1,1230,1230,0,0,0,0,1.0,1.0,1.0,1.0,1.0,1,0.17150552056104645,37
610,4,1234,1234,0,0,0,0,1.0,1.0,1.0,1.0,1.0,1,0.15860281056874256,37
611,2,1236,1236,0,0,0,0,1.0,1.0,1.0,1.0,1.0,1,0.200117291206076,39
612,4,1240,1240,0,0,0,0,1.0,1.0,1.0,1.0,1.0,1,0.2023147239547953,39
613,3,1243,1243,0,0,0,0,1.0,1.0,1.0,1.0,1.0,1,0.1545896158230046,39
614,3,1246,1246,0,0,0,0,1.0,1.0,1.0,1.0,1.0,1,0.14789812310884518,39
615,2,1248,1248,0,0,0,0,1.0,1.0,1.0,1.0,1.0,1,0.10469751151120374,39
616,1,1249,1249,0,0,0,0,1.0,1.0,1.0,1.0,1.0,1,0.10559850597717399,38
617,2,1251,1251,0,0,0,0,1.0,1.0,1.0,1.0,1.0,1,0.09728841205921705,39
618,2,1253,1253,0,0,0,0,1.0,1.0,1.0,1.0,1.0,1,0.18011464167306313,40
619,1,1254,1254,0,0,0,0,1.0,1.0,1.0,1.0,1.0,1,0.17529560053577997,39
620,0,1254,1254,0,0,0,0,1.0,1.0,1.0,1.0,1.0,1,0.16490018161214864,38
621,2,1256,1256,0,0,0,0,1.0,1.0,1.0,1.0,1.0,1,0.22838666130577592,38
622,3,1259,1259,0,0,0,0,1.0,1.0,1.0,1.0,1.0,1,0.17980585363937135,38
623,3,1262,1262,0,0,0,0,1.0,1.0,1.0,1.0,1.0,1,0.22977265367596678,37
624,3,1265,1265,0,0,0,0,1.0,1.0,1.0,1.0,1.0,1,0.1937226845655464,33
625,2,1267,1267,0,0,0,0,1.0,1.0,1.0,1.0,1.0,1,0.17708094599142649,32
626,4,1271,1271,0,0,0,0,1.0,1.0,1.0,1.0,1.0,1,0.18522641214733912,31
627,2,1273,1273,0,0,0,0,1.0,1.0,1.0,1.0,1.0,1,0.2807315019456787,30
628,6,1279,1279,0,0,0,0,1.0,1.0,1.0,1.0,1.0,1,0.25825376561999425,32
629,1,1280,1280,0,0,0,0,1.0,1.0,1.0,1.0,1.0,1,0.22027260136792295,29
630,4,1284,1284,0,0,0,0,1.0,1.0,1.0,1.0,1.0,1,0.25529637839115893,29
631,3,1287,1287,0,0,0,0,1.0,1.0,1.0,1.0,1.0,1,0.278121672620092,25
632,0,1287,1287,0,0,0,0,1.0,1.0,1.0,1.0,1.0,1,0.30320653817042464,24
633,3,1290,1290,0,0,0,0,1.0,1.0,1.0,1.0,1.0,1,0.24511074801197244,23
634,1,1291,1291,0,0,0,0,1.0,1.0,1.0,1.0,1.0,1,0.22003647797070466,23
635,4,1295,1295,0,0,0,0,1.0,1.0,1.0,1.0,1.0,1,0.29878618334237145,22
636,3,1298,1298,0,0,0,0,1.0,1.0,1.0,1.0,1.0,1,0.24924687126264577,22
637,1,1299,1299,0,0,0,0,1.0,1.0,1.0,1.0,1.0,1,0.26686280303858984,23
638,0,1299,1299,0,0,0,0,1.0,1.0,1.0,1.0,1.0,1,0.26686280303858984,23
639,0,1299,1299,0,0,0,0,1.0,1.0,1.0,1.0,1.0,1,0.2662607441079997,24
640,0,1299,1299,0,0,0,0,1.0,1.0,1.0,1.0,1.0,1,0.2662607441079997,24
641,3,1302,1302,0,0,0,0,1.0,1.0,1.0,1.0,1.0,1,0.2869652885642636,25
642,1,1303,1303,0,0,0,0,1.0,1.0,1.0,1.0,1.0,1,0.26199015594094616,26
643,2,1305,1305,0,0,0,0,1.0,1.0,1.0,1.0,1.0,1,0.2072999959643012,28
644,2,1307,1307,0,0,0,0,1.0,1.0,1.0,1.0,1.0,1,0.19288683507796495,28
645,3,1310,1310,0,0,0,0,1.0,1.0,1.0,1.0,1.0,1,0.17298709486469815,28
646,0,1310,1310,0,0,0,0,1.0,1.0,1.0,1.0,1.0,1,0.1958578123139146,29
647,3,1313,1313,0,0,0,0,1.0,1.0,1.0,1.0,1.0,1,0.2036585667445734,30
648,1,1314,1314,0,0,0,0,1.0,1.0,1.0,1.0,1.0,1,0.2263281360733376,30
649,3,1317,1317,0,0,0,0,1.0,1.0,1.0,1.0,1.0,1,0.20379355594914267,31
650,0,1317,1317,0,0,0,0,1.0,1.0,1.0,1.0,1.0,1,0.20379355594914267,31
651,2,1319,1319,0,0,0,0,1.0,1.0,1.0,1.0,1.0,1,0.2367151142815021,32
652,1,1320,1320,0,0,0,0,1.0,1.0,1.0,1.0,1.0,1,0.26678850539191684,32
653,3,1323,1323,0,0,0,0,1.0,1.0,1.0,1.0,1.0,1,0.20273789070931067,33
654,2,1325,1325,0,0,0,0,1.0,1.0,1.0,1.0,1.0,1,0.27360682991362456,33
655,3,1328,1328,0,0,0,0,1.0,1.0,1.0,1.0,1.0,1,0.282667491904125,36
656,1,1329,1329,0,0,0,0,1.0,1.0,1.0,1.0,1.0,1,0.24936374847225806,36
657,2,1331,1331,0,0,0,0,1.0,1.0,1.0,1.0,1.0,1,0.1986558809403128,35
658,1,1332,1332,0,0,0,0,1.0,1.0,1.0,1.0,1.0,1,0.22784678751107895,33
659,1,1333,1333,0,0,0,0,1.0,1.0,1.0,1.0,1.0,1,0.21173109440270288,35
660,1,1334,1334,0,0,0,0,1.0,1.0,1.0,1.0,1.0,1,0.23113280157748367,34
661,1,1335,1335,0,0,0,0,1.0,1.0,1.0,1.0,1.0,1,0.21469505782082454,33
662,2,1337,1337,0,0,0,0,1.0,1.0,1.0,1.0,1.0,1,0.17417139225266773,31
663,5,1342,1342,0,0,0,0,1.0,1.0,1.0,1.0,1.0,1,0.2218861593936724,29
664,3,1345,1345,0,0,0,0,1.0,1.0,1.0,1.0,1.0,1,0.27008301555526965,27
665,4,1349,1349,0,0,0,0,1.0,1.0,1.0,1.0,1.0,1,0.3084743522105552,27
666,5,1354,1354,0,0,0,0,1.0,1.0,1.0,1.0,1.0,1,0.1996736546893341,28
667,2,1356,1356,0,0,0,0,1.0,1.0,1.0,1.0,1.0,1,0.10667769046594515,26
668,3,1359,1359,0,0,0,0,1.0,1.0,1.0,1.0,1.0,1,0.06933932302807834,26
669,2,1361,1361,0,0,0,0,1.0,1.0,1.0,1.0,1.0,1,0.17536909840195783,25
670,0,1361,1361,0,0,0,0,1.0,1.0,1.0,1.0,1.0,1,0.2051592513542806,24
671,0,1361,1361,0,0,0,0,1.0,1.0,1.0,1.0,1.0,1,0.2051592513542806,24
672,1,1362,1362,0,0,0,0,1.0,1.0,1.0,1.0,1.0,1,0.2696072599376432,25
673,1,1363,1363,0,0,0,0,1.0,1.0,1.0,1.0,1.0,1,0.23142890731530694,25
674,1,1364,1364,0,0,0,0,1.0,1.0,1.0,1.0,1.0,1,0.19045474975409804,25
675,1,1365,1365,0,0,0,0,1.0,1.0,1.0,1.0,1.0,1,0.13647936738591449,26
676,3,1368,1368,0,0,0,0,1.0,1.0,1.0,1.0,1.0,1,0.1489117503568057,27
677,0,1368,1368,0,0,0,0,1.0,1.0,1.0,1.0,1.0,1,0.13799036156409844,28
678,1,1369,1369,0,0,0,0,1.0,1.0,1.0,1.0,1.0,1,0.09846919677775685,28
679,0,1369,1369,0,0,0,0,1.0,1.0,1.0,1.0,1.0,1,0.07641920976828484,30
680,0,1369,1369,0,0,0,0,1.0,1.0,1.0,1.0,1.0,1,0.11308689222814852,29
681,2,1371,1371,0,0,0,0,1.0,1.0,1.0,1.0,1.0,1,0.11975651428938545,29
682,0,1371,1371,0,0,0,0,1.0,1.0,1.0,1.0,1.0,1,0.13170992646215413,30
683,2,1373,1373,0,0,0,0,1.0,1.0,1.0,1.0,1.0,1,0.15243158960320072,30
684,1,1374,1374,0,0,0,0,1.0,1.0,1.0,1.0,1.0,1,0.12524170201841597,31
685,3,1377,1377,0,0,0,0,1.0,1.0,1.0,1.0,1.0,1,0.21358590372613814,30
686,4,1381,1381,0,0,0,0,1.0,1.0,1.0,1.0,1.0,1,0.20001753143760834,30
687,3,1384,1384,0,0,0,0,1.0,1.0,1.0,1.0,1.0,1,0.30442401381930234,30
688,4,1388,1388,0,0,0,0,1.0,1.0,1.0,1.0,1.0,1,0.23730444661071348,31
689,1,1389,1389,0,0,0,0,1.0,1.0,1.0,1.0,1.0,1,0.23846783641905855,32
690,3,1392,1392,0,0,0,0,1.0,1.0,1.0,1.0,1.0,1,0.20288288288599043,32
691,3,1395,1395,0,0,0,0,1.0,1.0,1.0,1.0,1.0,1,0.2327132877447156,32
692,0,1395,1395,0,0,0,0,1.0,1.0,1.0,1.0,1.0,1,0.2327132877447156,32
693,3,1398,1398,0,0,0,0,1.0,1.0,1.0,1.0,1.0,1,0.2906492904458317,34
694,3,1401,1401,0,0,0,0,1.0,1.0,1.0,1.0,1.0,1,0.39487051705348536,36
695,2,1403,1403,0,0,0,0,1.0,1.0,1.0,1.0,1.0,1,0.4281248563391975,34
696,5,1408,1408,0,0,0,0,1.0,1.0,1.0,1.0,1.0,1,0.27388200488199144,33
697,1,1409,1409,0,0,0,0,1.0,1.0,1.0,1.0,1.0,1,0.3275281943950147,33
698,3,1412,1412,0,0,0,0,1.0,1.0,1.0,1.0,1.0,1,0.2997431172459269,34
699,3,1415,1415,0,0,0,0,1.0,1.0,1.0,1.0,1.0,1,0.252853424140276,33
700,3,1418,1418,0,0,0,0,1.0,1.0,1.0,1.0,1.0,1,0.2386749843676199,32
701,1,1419,1419,0,0,0,0,1.0,1.0,1.0,1.0,1.0,1,0.23481027640762736,33
702,2,1421,1421,0,0,0,0,1.0,1.0,1.0,1.0,1.0,1,0.2643049139193645,34
703,1,1422,1422,0,0,0,0,1.0,1.0,1.0,1.0,1.0,1,0.31837235875202924,32
704,2,1424,1424,0,0,0,0,1.0,1.0,1.0,1.0,1.0,1,0.27217662038743634,31
705,1,1425,1425,0,0,0,0,1.0,1.0,1.0,1.0,1.0,1,0.3403784405724849,33
706,1,1426,1426,0,0,0,0,1.0,1.0,1.0,1.0,1.0,1,0.3069320148825392,33
707,2,1428,1428,0,0,0,0,1.0,1.0,1.0,1.0,1.0,1,0.2599518774066425,31
708,0,1428,1428,0,0,0,0,1.0,1.0,1.0,1.0,1.0,1,0.2599518774066425,31
709,0,1428,1428,0,0,0,0,1.0,1.0,1.0,1.0,1.0,1,0.29062463780108977,30
710,0,1428,1428,0,0,0,0,1.0,1.0,1.0,1.0,1.0,1,0.29062463780108977,30
711,0,1428,1428,0,0,0,0,1.0,1.0,1.0,1.0,1.0,1,0.27230367666212074,30
712,1,1429,1429,0,0,0,0,1.0,1.0,1.0,1.0,1.0,1,0.24752542111148157,30
713,0,1429,1429,0,0,0,0,1.0,1.0,1.0,1.0,1.0,1,0.23052131615620372,31
714,2,1431,1431,0,0,0,0,1.0,1.0,1.0,1.0,1.0,1,0.24832033068057002,31
715,4,1435,1435,0,0,0,0,1.0,1.0,1.0,1.0,1.0,1,0.28719516326222694,30
716,2,1437,1437,0,0,0,0,1.0,1.0,1.0,1.0,1.0,1,0.2513950380021094,31
717,5,1442,1442,0,0,0,0,1.0,1.0,1.0,1.0,1.0,1,0.24701885608923496,32
718,2,1444,1444,0,0,0,0,1.0,1.0,1.0,1.0,1.0,1,0.23943194683197647,32
719,2,1446,1446,0,0,0,0,1.0,1.0,1.0,1.0,1.0,1,0.265426065272033,32
720,1,1447,1447,0,0,0,0,1.0,1.0,1.0,1.0,1.0,1,0.2494858622045408,34
721,3,1450,1450,0,0,0,0,1.0,1.0,1.0,1.0,1.0,1,0.355872044372965,34
722,0,1450,1450,0,0,0,0,1.0,1.0,1.0,1.0,1.0,1,0.355872044372965,34
723,3,1453,1453,0,0,0,0,1.0,1.0,1.0,1.0,1.0,1,0.35718894967160836,35
724,0,1453,1453,0,0,0,0,1.0,1.0,1.0,1.0,1.0,1,0.3536769473522181,36
725,2,1455,1455,0,0,0,0,1.0,1.0,1.0,1.0,1.0,1,0.33867425495765235,37
726,2,1457,1457,0,0,0,0,1.0,1.0,1.0,1.0,1.0,1,0.31423966072555415,37
727,0,1457,1457,0,0,0,0,1.0,1.0,1.0,1.0,1.0,1,0.3254505216148191,38
728,0,1457,1457,0,0,0,0,1.0,1.0,1.0,1.0,1.0,1,0.323989944883543,39
729,1,1458,1458,0,0,0,0,1.0,1.0,1.0,1.0,1.0,1,0.3087406695655102,39
730,2,1460,1460,0,0,0,0,1.0,1.0,1.0,1.0,1.0,1,0.2799767248415884,40
731,0,1460,1460,0,0,0,0,1.0,1.0,1.0,1.0,1.0,1,0.2799767248415884,40
732,1,1461,1461,0,0,0,0,1.0,1.0,1.0,1.0,1.0,1,0.2877065298832053,41
733,0,1461,1461,0,0,0,0,1.0,1.0,1.0,1.0,1.0,1,0.2614727833227759,41
734,3,1464,1464,0,0,0,0,1.0,1.0,1.0,1.0,1.0,1,0.22565955358562467,42
735,1,1465,1465,0,0,0,0,1.0,1.0,1.0,1.0,1.0,1,0.23406844460449283,42
736,1,1466,1466,0,0,0,0,1.0,1.0,1.0,1.0,1.0,1,0.21244019984640203,41
737,0,1466,1466,0,0,0,0,1.0,1.0,1.0,1.0,1.0,1,0.21648094972297943,41
738,2,1468,1468,0,0,0,0,1.0,1.0,1.0,1.0,1.0,1,0.264378575946057,39
739,1,1469,1469,0,0,0,0,1.0,1.0,1.0,1.0,1.0,1,0.2353690078446406,39
740,7,1476,1476,0,0,0,0,1.0,1.0,1.0,1.0,1.0,1,0.2640091728651913,39
741,5,1481,1481,0,0,0,0,1.0,1.0,1.0,1.0,1.0,1,0.25471373090334554,38
742,4,1485,1485,0,0,0,0,1.0,1.0,1.0,1.0,1.0,1,0.18228956257107445,39
743,3,1488,1488,0,0,0,0,1.0,1.0,1.0,1.0,1.0,1,0.13878507870956974,39
744,3,1491,1491,0,0,0,0,1.0,1.0,1.0,1.0,1.0,1,0.11188200587943098,39
745,3,1494,1494,0,0,0,0,1.0,1.0,1.0,1.0,1.0,1,0.08320983928649678,39
746,2,1496,1496,0,0,0,0,1.0,1.0,1.0,1.0,1.0,1,0.06114294839745799,40
747,2,1498,1498,0,0,0,0,1.0,1.0,1.0,1.0,1.0,1,0.14772326924449075,41
748,1,1499,1499,0,0,0,0,1.0,1.0,1.0,1.0,1.0,1,0.17971042093611125,41
749,2,1501,1501,0,0,0,0,1.0,1.0,1.0,1.0,1.0,1,0.1776547170280204,41
750,1,1502,1502,0,0,0,0,1.0,1.0,1.0,1.0,1.0,1,0.2585697476852819,39
751,1,1503,1503,0,0,0,0,1.0,1.0,1.0,1.0,1.0,1,0.2533810497155699,41
752,2,1505,1505,0,0,0,0,1.0,1.0,1.0,1.0,1.0,1,0.2639233020260032,41
753,2,1507,1507,0,0,0,0,1.0,1.0,1.0,1.0,1.0,1,0.26998103277076524,41
754,2,1509,1509,0,0,0,0,1.0,1.0,1.0,1.0,1.0,1,0.2655788389119888,41
755,1,1510,1510,0,0,0,0,1.0,1.0,1.0,1.0,1.0,1,0.306438214560301,41
756,1,1511,1511,0,0,0,0,1.0,1.0,1.0,1.0,1.0,1,0.29259232917804345,41
757,3,1514,1514,0,0,0,0,1.0,1.0,1.0,1.0,1.0,1,0.3327772086633814,39
758,0,1514,1514,0,0,0,0,1.0,1.0,1.0,1.0,1.0,1,0.3362238515013017,39
759,1,1515,1515,0,0,0,0,1.0,1.0,1.0,1.0,1.0,1,0.3073627416706817,39
760,0,1515,1515,0,0,0,0,1.0,1.0,1.0,1.0,1.0,1,0.321664558587235,40
761,0,1515,1515,0,0,0,0,1.0,1.0,1.0,1.0,1.0,1,0.31985482936005705,41
762,0,1515,1515,0,0,0,0,1.0,1.0,1.0,1.0,1.0,1,0.30462231520064786,42
763,0,1515,1515,0,0,0,0,0.9885256256998788,0.9765048526235612,0.9885256256998788,0.9765048526235612,1.0,1,0.3158624024411765,43
764,3,1518,1518,0,0,0,0,1.0,1.0,1.0,1.0,1.0,1,0.2838843809760088,43
765,2,1520,1520,0,0,0,0,1.0,1.0,1.0,1.0,1.0,1,0.21736458946626852,45
766,4,1524,1524,0,0,0,0,1.0,1.0,1.0,1.0,1.0,1,0.20313059650417623,45
767,2,1526,1526,0,0,0,0,1.0,1.0,1.0,1.0,1.0,1,0.21764867696153067,46
768,4,1530,1530,0,0,0,0,1.0,1.0,1.0,1.0,1.0,1,0.25590479988091935,45
769,2,1532,1532,0,0,0,0,0.9960195597458202,0.9912809403956064,0.9960195597458202,0.9912809403956064,1.0,1,0.2586757155044468,46
770,2,1534,1534,0,0,0,0,0.9847190216805843,0.9657997151898791,0.9847190216805843,0.9657997151898791,1.0,1,0.23424605967766615,47
771,3,1537,1537,0,0,0,0,1.0,1.0,1.0,1.0,1.0,1,0.2278473545481339,47
772,1,1538,1538,0,0,0,0,1.0,1.0,1.0,1.0,1.0,1,0.22439850909447523,46
773,2,1540,1540,0,0,0,0,0.9590894016507463,0.9163192306492537,0.9590894016507463,0.9163192306492537,1.0,1,0.30548783815786995,45
774,2,1542,1542,0,0,0,0,0.9590894016507463,0.9163192306492537,0.9590894016507463,0.9163192306492537,1.0,1,0.2942776066741375,45
775,1,1543,1543,0,0,0,0,0.9590894016507463,0.9163192306492537,0.9590894016507463,0.9163192306492537,1.0,1,0.30122883698447445,45
776,3,1546,1546,0,0,0,0,0.9324807575750758,0.8737683728577502,0.9324807575750758,0.8737683728577502,1.0,1,0.3696241716733359,43
777,0,1546,1546,0,0,0,0,0.9143020335811637,0.8428870615654666,0.9143020335811637,0.8428870615654666,1.0,1,0.3773246987143229,44
778,4,1550,1550,0,0,0,0,0.8990587146928961,0.818305686447213,0.8990587146928961,0.818305686447213,1.0,1,0.3540584393839855,45
779,0,1550,1550,0,0,0,0,0.8990587146928961,0.818305686447213,0.8990587146928961,0.818305686447213,1.0,1,0.3540584393839855,45
780,2,1552,1552,0,0,0,0,0.9399011608366401,0.8824153146803828,0.9399011608366401,0.8824153146803828,1.0,1,0.3211019336383278,45
781,0,1552,1552,0,0,0,0,0.9412076573401914,0.8824153146803828,0.9412076573401914,0.8824153146803828,1.0,1,0.3054309380880417,46
782,1,1553,1553,0,0,0,0,0.9166362807727074,0.8367460498465522,0.9166362807727074,0.8367460498465522,1.0,1,0.32922583031286207,47
783,0,1553,1553,0,0,0,0,0.9148240260068967,0.8367460498465522,0.9148240260068967,0.8367460498465522,1.0,1,0.32138544366469957,46
784,1,1554,1554,0,0,0,0,0.9129312265848278,0.8367460498465522,0.9129312265848278,0.8367460498465522,1.0,1,0.3317319568553744,45
785,1,1555,1555,0,0,0,0,0.9088815161934245,0.8367460498465522,0.9088815161934245,0.8367460498465522,1.0,1,0.3495684954882838,43
786,3,1558,1558,0,0,0,0,0.9368535557688342,0.8819436042634724,0.9368535557688342,0.8819436042634724,1.0,1,0.32509764467900293,43
787,2,1560,1560,0,0,0,0,0.9632524643477324,0.9281752712251132,0.9632524643477324,0.9281752712251132,1.0,1,0.31875294444335994,43
788,3,1563,1563,0,0,0,0,0.9683509574022487,0.9367019148044976,0.9683509574022487,0.9367019148044976,1.0,1,0.29204088607403883,44
789,1,1564,1564,0,0,0,0,0.9491521932802484,0.8983043865604967,0.9491521932802484,0.8983043865604967,1.0,1,0.2814211039578486,46
790,2,1566,1566,0,0,0,0,0.9663554077770091,0.9296522162610193,0.9663554077770091,0.9296522162610193,1.0,1,0.2639566027596984,46
791,1,1567,1567,0,0,0,0,0.9866868353351184,0.9708378297816876,0.9866868353351184,0.9708378297816876,1.0,1,0.2717621526806688,46
792,0,1567,1567,0,0,0,0,0.9869700941577754,0.9708378297816876,0.9869700941577754,0.9708378297816876,1.0,1,0.2595037524646753,47
793,0,1567,1567,0,0,0,0,0.9872415505294884,0.9708378297816876,0.9872415505294884,0.9708378297816876,1.0,1,0.25923747812991876,48
794,4,1571,1571,0,0,0,0,0.9969643124669405,0.9927143499206571,0.9969643124669405,0.9927143499206571,1.0,1,0.25624151584275284,48
795,3,1574,1574,0,0,0,0,0.9882778953442488,0.9724530540589849,0.9882778953442488,0.9724530540589849,1.0,1,0.29860470198689765,47
796,3,1577,1577,0,0,0,0,0.9810623242133261,0.9573902294799835,0.9810623242133261,0.9573902294799835,1.0,1,0.32598145086699,45
797,4,1581,1581,0,0,0,0,0.9649545085329279,0.9215648524308387,0.9649545085329279,0.9215648524308387,1.0,1,0.3060840137087444,47
798,5,1586,1586,0,0,0,0,0.9231289888332337,0.8462579776664673,0.9231289888332337,0.8462579776664673,1.0,1,0.3155130445733229,48
799,5,1591,1591,0,0,0,0,0.9219268236348958,0.8438536472697914,0.9219268236348958,0.8438536472697914,1.0,1,0.30037952495409304,48
800,5,1596,1596,0,0,0,0,0.9779246120206428,0.9495419703328979,0.9779246120206428,0.9495419703328979,1.0,1,0.28769167331959533,48
801,2,1598,1598,0,0,0,0,0.9789656030569708,0.9509197404662652,0.9789656030569708,0.9509197404662652,1.0,1,0.26595603759070524,49
802,1,1599,1599,0,0,0,0,1.0,1.0,1.0,1.0,1.0,1,0.24291550713818313,50
803,1,1600,1600,0,0,0,0,0.9750101224608124,0.9405002915733628,0.9750101224608124,0.9405002915733628,1.0,1,0.26807941608874525,50
804,1,1601,1601,0,0,0,0,0.9957139609726922,0.9892849024317302,0.9957139609726922,0.9892849024317302,1.0,1,0.25723584635262864,50
805,1,1602,1602,0,0,0,0,1.0,1.0,1.0,1.0,1.0,1,0.24458667347572466,50
806,0,1602,1602,0,0,0,0,1.0,1.0,1.0,1.0,1.0,1,0.24471120887271222,51
807,2,1604,1604,0,0,0,0,1.0,1.0,1.0,1.0,1.0,1,0.26325624225013744,51
808,0,1604,1604,0,0,0,0,1.0,1.0,1.0,1.0,1.0,1,0.2511306753026972,53
809,2,1606,1606,0,0,0,0,1.0,1.0,1.0,1.0,1.0,1,0.23701586548769324,51
810,4,1610,1610,0,0,0,0,1.0,1.0,1.0,1.0,1.0,1,0.18341055715166438,52
811,0,1610,1610,0,0,0,0,1.0,1.0,1.0,1.0,1.0,1,0.19753383385801063,50
812,1,1611,1611,0,0,0,0,1.0,1.0,1.0,1.0,1.0,1,0.17958063896260096,51
813,3,1614,1614,0,0,0,0,1.0,1.0,1.0,1.0,1.0,1,0.20606155821549257,51
814,0,1614,1614,0,0,0,0,0.9939867586168242,0.984365572403743,0.9939867586168242,0.984365572403743,1.0,1,0.21941153492450466,52
815,3,1617,1617,0,0,0,0,0.9899661639901521,0.9749154099753802,0.9899661639901521,0.9749154099753802,1.0,1,0.25619002341159325,50
816,2,1619,1619,0,0,0,0,1.0,1.0,1.0,1.0,1.0,1,0.2253331382205134,50
817,2,1621,1621,0,0,0,0,0.9900785142499704,0.9756923599124275,0.9900785142499704,0.9756923599124275,1.0,1,0.26554928767925645,49
818,1,1622,1622,0,0,0,0,1.0,1.0,1.0,1.0,1.0,1,0.2543710933329177,49
819,2,1624,1624,0,0,0,0,0.9725301476989228,0.9345955897593398,0.9725301476989228,0.9345955897593398,1.0,1,0.27993519238488207,50
820,1,1625,1625,0,0,0,0,0.99096496005713,0.9778641521399684,0.99096496005713,0.9778641521399684,1.0,1,0.28434803806474707,49
821,1,1626,1626,0,0,0,0,0.9909649600571299,0.9778641521399684,0.9909649600571299,0.9778641521399684,1.0,1,0.2713869675336774,49
822,2,1628,1628,0,0,0,0,0.9968496141290434,0.9922815546161564,0.9968496141290434,0.9922815546161564,1.0,1,0.26228132767050727,49
823,1,1629,1629,0,0,0,0,0.9967155551558113,0.9922815546161564,0.9967155551558113,0.9922815546161564,1.0,1,0.2559480089028791,47
824,3,1632,1632,0,0,0,0,1.0,1.0,1.0,1.0,1.0,1,0.2299614351908216,45
825,1,1633,1633,0,0,0,0,1.0,1.0,1.0,1.0,1.0,1,0.20560094641701315,43
826,3,1636,1636,0,0,0,0,1.0,1.0,1.0,1.0,1.0,1,0.18618905324857876,44
827,2,1638,1638,0,0,0,0,1.0,1.0,1.0,1.0,1.0,1,0.2139172561285126,43
828,2,1640,1640,0,0,0,0,1.0,1.0,1.0,1.0,1.0,1,0.1917073916337284,43
829,1,1641,1641,0,0,0,0,1.0,1.0,1.0,1.0,1.0,1,0.17875407381306474,45
830,1,1642,1642,0,0,0,0,1.0,1.0,1.0,1.0,1.0,1,0.14375488224534258,46
831,0,1642,1642,0,0,0,0,1.0,1.0,1.0,1.0,1.0,1,0.14636103712492954,48
832,3,1645,1645,0,0,0,0,1.0,1.0,1.0,1.0,1.0,1,0.1778917032305437,47
833,2,1647,1647,0,0,0,0,1.0,1.0,1.0,1.0,1.0,1,0.19687678493222768,47
834,4,1651,1651,0,0,0,0,0.9895871536549443,0.9760504534063719,0.9895871536549443,0.9760504534063719,1.0,1,0.27561247030739056,46
835,1,1652,1652,0,0,0,0,0.9708089205844264,0.9374476869666275,0.9708089205844264,0.9374476869666275,1.0,1,0.29456168628438084,45
836,4,1656,1656,0,0,0,0,0.9639933051934367,0.9211281923284805,0.9639933051934367,0.9211281923284805,1.0,1,0.29022854576809437,46
837,1,1657,1657,0,0,0,0,0.9497235339239273,0.8948764800227572,0.9497235339239273,0.8948764800227572,1.0,1,0.30392233646715106,46
838,3,1660,1660,0,0,0,0,0.9486062791222368,0.8948764800227572,0.9486062791222368,0.8948764800227572,1.0,1,0.30976994251419376,45
839,1,1661,1661,0,0,0,0,0.9296744294596032,0.8593488589192065,0.9296744294596032,0.8593488589192065,1.0,1,0.31805669350311294,46
840,2,1663,1663,0,0,0,0,0.9243368633341587,0.8486737266683174,0.9243368633341587,0.8486737266683174,1.0,1,0.3097346797221599,46
841,3,1666,1666,0,0,0,0,0.9031254195951081,0.8143237208906238,0.9031254195951081,0.8143237208906238,1.0,1,0.3202644030173021,46
842,0,1666,1666,0,0,0,0,0.9031254195951081,0.8143237208906238,0.9031254195951081,0.8143237208906238,1.0,1,0.3202644030173021,46
843,3,1669,1669,0,0,0,0,0.9414653639247629,0.8776093972972314,0.9414653639247629,0.8776093972972314,1.0,1,0.30895108899700235,46
844,2,1671,1671,0,0,0,0,0.9276544369283165,0.8521634145926467,0.9276544369283165,0.8521634145926467,1.0,1,0.3273245173754381,47
845,3,1674,1674,0,0,0,0,0.9485305541679065,0.8877030272754325,0.9485305541679065,0.8877030272754325,1.0,1,0.3079411621867261,48
846,1,1675,1675,0,0,0,0,0.9671073983515599,0.9263832248820627,0.9671073983515599,0.9263832248820627,1.0,1,0.31102937195876096,47
847,3,1678,1678,0,0,0,0,0.9968381976867088,0.9924116744481013,0.9968381976867088,0.9924116744481013,1.0,1,0.26469454044279894,48
848,2,1680,1680,0,0,0,0,0.996838197686709,0.9924116744481013,0.996838197686709,0.9924116744481013,1.0,1,0.22664787919738233,48
849,2,1682,1682,0,0,0,0,0.994305384761224,0.9863329234269375,0.994305384761224,0.9863329234269375,1.0,1,0.22953049171995124,48
850,1,1683,1683,0,0,0,0,0.9940577927943207,0.9863329234269375,0.9940577927943207,0.9863329234269375,1.0,1,0.2379970512136925,46
851,3,1686,1686,0,0,0,0,1.0,1.0,1.0,1.0,1.0,1,0.21280711189035303,45
852,1,1687,1687,0,0,0,0,0.9770828166050148,0.9519830443152693,0.9770828166050148,0.9519830443152693,1.0,1,0.26447152876774904,44
853,3,1690,1690,0,0,0,0,1.0,1.0,1.0,1.0,1.0,1,0.20889121883767203,44
854,4,1694,1694,0,0,0,0,1.0,1.0,1.0,1.0,1.0,1,0.15836028228499302,45
855,1,1695,1695,0,0,0,0,1.0,1.0,1.0,1.0,1.0,1,0.17297753754348036,46
856,2,1697,1697,0,0,0,0,1.0,1.0,1.0,1.0,1.0,1,0.14901117667663577,46
857,2,1699,1699,0,0,0,0,1.0,1.0,1.0,1.0,1.0,1,0.17369539090228156,47
858,1,1700,1700,0,0,0,0,1.0,1.0,1.0,1.0,1.0,1,0.18015271542272968,48
859,0,1700,1700,0,0,0,0,1.0,1.0,1.0,1.0,1.0,1,0.18015271542272968,48
860,3,1703,1703,0,0,0,0,1.0,1.0,1.0,1.0,1.0,1,0.2187254676652831,49
861,0,1703,1703,0,0,0,0,1.0,1.0,1.0,1.0,1.0,1,0.2187254676652831,49
862,3,1706,1706,0,0,0,0,1.0,1.0,1.0,1.0,1.0,1,0.18525401145015516,49
863,1,1707,1707,0,0,0,0,1.0,1.0,1.0,1.0,1.0,1,0.15344010212755338,48
864,0,1707,1707,0,0,0,0,1.0,1.0,1.0,1.0,1.0,1,0.15313961697195344,49
865,1,1708,1708,0,0,0,0,1.0,1.0,1.0,1.0,1.0,1,0.10082269286982855,48
866,3,1711,1711,0,0,0,0,1.0,1.0,1.0,1.0,1.0,1,0.12487516662725398,50
867,2,1713,1713,0,0,0,0,1.0,1.0,1.0,1.0,1.0,1,0.10303451298545208,50
868,5,1718,1718,0,0,0,0,1.0,1.0,1.0,1.0,1.0,1,0.14835323487629912,51
869,2,1720,1720,0,0,0,0,1.0,1.0,1.0,1.0,1.0,1,0.14602537637021695,49
870,3,1723,1723,0,0,0,0,1.0,1.0,1.0,1.0,1.0,1,0.19567189261287732,49
871,3,1726,1726,0,0,0,0,1.0,1.0,1.0,1.0,1.0,1,0.18743734686368604,49
872,4,1730,1730,0,0,0,0,0.9827217958433083,0.9623021000217636,0.9827217958433083,0.9623021000217636,1.0,1,0.22988731247409488,48
873,3,1733,1733,0,0,0,0,1.0,1.0,1.0,1.0,1.0,1,0.21772142740687395,49
874,5,1738,1738,0,0,0,0,0.9876325238462996,0.9711425556413655,0.9876325238462996,0.9711425556413655,1.0,1,0.233022234966904,49
875,2,1740,1740,0,0,0,0,0.9640185465560398,0.9182239694455449,0.9640185465560398,0.9182239694455449,1.0,1,0.24688850115761699,50
876,4,1744,1744,0,0,0,0,0.961861055890921,0.9133205815702747,0.961861055890921,0.9133205815702747,1.0,1,0.2502694753689516,50
877,3,1747,1747,0,0,0,0,1.0,1.0,1.0,1.0,1.0,1,0.19772214101201663,50
878,3,1750,1750,0,0,0,0,1.0,1.0,1.0,1.0,1.0,1,0.18560302785848057,49
879,1,1751,1751,0,0,0,0,1.0,1.0,1.0,1.0,1.0,1,0.20300838308761737,49
880,2,1753,1753,0,0,0,0,1.0,1.0,1.0,1.0,1.0,1,0.2116644259052954,48
881,1,1754,1754,0,0,0,0,1.0,1.0,1.0,1.0,1.0,1,0.2151215497616899,49
882,1,1755,1755,0,0,0,0,1.0,1.0,1.0,1.0,1.0,1,0.2660961504137044,48
883,1,1756,1756,0,0,0,0,1.0,1.0,1.0,1.0,1.0,1,0.28072539686474834,50
884,1,1757,1757,0,0,0,0,1.0,1.0,1.0,1.0,1.0,1,0.2660332064366361,50
885,2,1759,1759,0,0,0,0,1.0,1.0,1.0,1.0,1.0,1,0.22303070719338713,49
886,1,1760,1760,0,0,0,0,1.0,1.0,1.0,1.0,1.0,1,0.22440687900998219,49
887,1,1761,1761,0,0,0,0,1.0,1.0,1.0,1.0,1.0,1,0.24943773763524407,49
888,1,1762,1762,0,0,0,0,1.0,1.0,1.0,1.0,1.0,1,0.2197452840249488,47
889,1,1763,1763,0,0,0,0,1.0,1.0,1.0,1.0,1.0,1,0.24231805370151416,46
890,3,1766,1766,0,0,0,0,1.0,1.0,1.0,1.0,1.0,1,0.27974428190339073,44
891,2,1768,1768,0,0,0,0,1.0,1.0,1.0,1.0,1.0,1,0.2671649944536455,45
892,0,1768,1768,0,0,0,0,1.0,1.0,1.0,1.0,1.0,1,0.2578434360169182,45
893,2,1770,1770,0,0,0,0,1.0,1.0,1.0,1.0,1.0,1,0.2509195748311848,45
894,2,1772,1772,0,0,0,0,1.0,1.0,1.0,1.0,1.0,1,0.23284929556397405,44
895,2,1774,1774,0,0,0,0,1.0,1.0,1.0,1.0,1.0,1,0.186681314773427,45
896,0,1774,1774,0,0,0,0,1.0,1.0,1.0,1.0,1.0,1,0.18510118751717658,44
897,2,1776,1776,0,0,0,0,1.0,1.0,1.0,1.0,1.0,1,0.15081435991986816,44
898,1,1777,1777,0,0,0,0,1.0,1.0,1.0,1.0,1.0,1,0.1301219206134849,45
899,0,1777,1777,0,0,0,0,1.0,1.0,1.0,1.0,1.0,1,0.1482793281336809,44
900,4,1781,1781,0,0,0,0,1.0,1.0,1.0,1.0,1.0,1,0.20975384721325346,46
901,2,1783,1783,0,0,0,0,1.0,1.0,1.0,1.0,1.0,1,0.2855605662285503,45
902,5,1788,1788,0,0,0,0,0.9255136510940402,0.8603380958013254,0.9255136510940402,0.8603380958013254,1.0,1,0.37030856649029625,45
903,3,1791,1791,0,0,0,0,1.0,1.0,1.0,1.0,1.0,1,0.3291782577943185,44
904,2,1793,1793,0,0,0,0,0.9512032173314512,0.904528033909361,0.9512032173314512,0.904528033909361,1.0,1,0.32915614784007907,45
905,5,1798,1798,0,0,0,0,0.9970889240121843,0.9937619800261094,0.9970889240121843,0.9937619800261094,1.0,1,0.2905809946859074,45
906,0,1798,1798,0,0,0,0,0.9970889240121844,0.9937619800261094,0.9970889240121844,0.9937619800261094,1.0,1,0.2905809946859074,45
907,4,1802,1802,0,0,0,0,0.9727678887864802,0.943060131099004,0.9727678887864802,0.943060131099004,1.0,1,0.28029105801544185,46
908,3,1805,1805,0,0,0,0,0.99252956095565,0.9836361811409476,0.99252956095565,0.9836361811409476,1.0,1,0.24212116512488605,46
909,1,1806,1806,0,0,0,0,0.9653631952738927,0.927577590118139,0.9653631952738927,0.927577590118139,1.0,1,0.2839081945017799,46
910,4,1810,1810,0,0,0,0,0.9436746231984313,0.892247105249173,0.9436746231984313,0.892247105249173,1.0,1,0.31254484860962056,44
911,2,1812,1812,0,0,0,0,0.9449262982384662,0.892247105249173,0.9449262982384662,0.892247105249173,1.0,1,0.32835715090378426,45
912,2,1814,1814,0,0,0,0,0.945095573670299,0.894965445282311,0.945095573670299,0.894965445282311,1.0,1,0.34123884031326135,44
913,0,1814,1814,0,0,0,0,0.9463156720331811,0.894965445282311,0.9463156720331811,0.894965445282311,1.0,1,0.3392726093596323,45
914,4,1818,1818,0,0,0,0,0.9648216276058843,0.9280442382847636,0.9648216276058843,0.9280442382847636,1.0,1,0.3351014998497555,45
915,1,1819,1819,0,0,0,0,0.9824247235841597,0.9623386933946279,0.9824247235841597,0.9623386933946279,1.0,1,0.3170345395032039,45
916,1,1820,1820,0,0,0,0,1.0,1.0,1.0,1.0,1.0,1,0.2889204405835936,45
917,2,1822,1822,0,0,0,0,1.0,1.0,1.0,1.0,1.0,1,0.2575261214738621,46
918,0,1822,1822,0,0,0,0,1.0,1.0,1.0,1.0,1.0,1,0.2666427968720303,47
919,3,1825,1825,0,0,0,0,1.0,1.0,1.0,1.0,1.0,1,0.2285167029116706,47
920,0,1825,1825,0,0,0,0,1.0,1.0,1.0,1.0,1.0,1,0.2285167029116706,47
921,6,1831,1831,0,0,0,0,0.9950644014345581,0.9879077835146677,0.9950644014345581,0.9879077835146677,1.0,1,0.25475489103925913,49
922,2,1833,1833,0,0,0,0,1.0,1.0,1.0,1.0,1.0,1,0.2231055323398489,49
923,3,1836,1836,0,0,0,0,1.0,1.0,1.0,1.0,1.0,1,0.16655849686182397,47
924,0,1836,1836,0,0,0,0,1.0,1.0,1.0,1.0,1.0,1,0.16655849686182397,47
925,3,1839,1839,0,0,0,0,1.0,1.0,1.0,1.0,1.0,1,0.10441902968853403,47
926,1,1840,1840,0,0,0,0,1.0,1.0,1.0,1.0,1.0,1,0.11514896166506512,46
927,3,1843,1843,0,0,0,0,1.0,1.0,1.0,1.0,1.0,1,0.14938197913380102,45
928,0,1843,1843,0,0,0,0,1.0,1.0,1.0,1.0,1.0,1,0.1638693614948011,43
929,2,1845,1845,0,0,0,0,1.0,1.0,1.0,1.0,1.0,1,0.14751084927719374,42
930,2,1847,1847,0,0,0,0,1.0,1.0,1.0,1.0,1.0,1,0.14870416642575,41
931,3,1850,1850,0,0,0,0,1.0,1.0,1.0,1.0,1.0,1,0.16240143519255243,40
932,3,1853,1853,0,0,0,0,1.0,1.0,1.0,1.0,1.0,1,0.18175159413179764,40
933,3,1856,1856,0,0,0,0,1.0,1.0,1.0,1.0,1.0,1,0.1497631305941289,39
934,6,1862,1862,0,0,0,0,1.0,1.0,1.0,1.0,1.0,1,0.21004367666111526,39
935,1,1863,1863,0,0,0,0,1.0,1.0,1.0,1.0,1.0,1,0.22031485670470718,41
936,6,1869,1869,0,0,0,0,1.0,1.0,1.0,1.0,1.0,1,0.24708253237594,42
937,2,1871,1871,0,0,0,0,1.0,1.0,1.0,1.0,1.0,1,0.23168994135670062,43
938,2,1873,1873,0,0,0,0,1.0,1.0,1.0,1.0,1.0,1,0.24294750493463868,44
939,1,1874,1874,0,0,0,0,1.0,1.0,1.0,1.0,1.0,1,0.24680710563085415,46
940,3,1877,1877,0,0,0,0,1.0,1.0,1.0,1.0,1.0,1,0.27547529250143854,46
941,1,1878,1878,0,0,0,0,1.0,1.0,1.0,1.0,1.0,1,0.26282355315966266,46
942,1,1879,1879,0,0,0,0,1.0,1.0,1.0,1.0,1.0,1,0.2305350549633863,46
943,1,1880,1880,0,0,0,0,1.0,1.0,1.0,1.0,1.0,1,0.25245673556907156,45
944,2,1882,1882,0,0,0,0,1.0,1.0,1.0,1.0,1.0,1,0.19529568622733887,45
945,0,1882,1882,0,0,0,0,1.0,1.0,1.0,1.0,1.0,1,0.18067682990882117,44
946,1,1883,1883,0,0,0,0,1.0,1.0,1.0,1.0,1.0,1,0.14958266636566925,46
947,0,1883,1883,0,0,0,0,1.0,1.0,1.0,1.0,1.0,1,0.1551493073895933,44
948,2,1885,1885,0,0,0,0,1.0,1.0,1.0,1.0,1.0,1,0.1201050343199755,44
949,0,1885,1885,0,0,0,0,1.0,1.0,1.0,1.0,1.0,1,0.12006651860113099,44
950,1,1886,1886,0,0,0,0,1.0,1.0,1.0,1.0,1.0,1,0.1538854257989101,43
951,0,1886,1886,0,0,0,0,1.0,1.0,1.0,1.0,1.0,1,0.1697963513123416,42
952,3,1889,1889,0,0,0,0,1.0,1.0,1.0,1.0,1.0,1,0.21213963631357516,42
953,2,1891,1891,0,0,0,0,1.0,1.0,1.0,1.0,1.0,1,0.27304774599301074,41
954,1,1892,1892,0,0,0,0,1.0,1.0,1.0,1.0,1.0,1,0.29174969639536874,40
955,0,1892,1892,0,0,0,0,1.0,1.0,1.0,1.0,1.0,1,0.29016499520210276,42
956,1,1893,1893,0,0,0,0,1.0,1.0,1.0,1.0,1.0,1,0.27365832881635227,43
957,0,1893,1893,0,0,0,0,1.0,1.0,1.0,1.0,1.0,1,0.29035073915740456,42
958,1,1894,1894,0,0,0,0,1.0,1.0,1.0,1.0,1.0,1,0.32278540586953697,43
959,0,1894,1894,0,0,0,0,1.0,1.0,1.0,1.0,1.0,1,0.3049758282586221,45
960,0,1894,1894,0,0,0,0,1.0,1.0,1.0,1.0,1.0,1,0.2759579952412526,47
961,1,1895,1895,0,0,0,0,1.0,1.0,1.0,1.0,1.0,1,0.2976804612495466,45
962,0,1895,1895,0,0,0,0,1.0,1.0,1.0,1.0,1.0,1,0.28099546950347604,45
963,3,1898,1898,0,0,0,0,1.0,1.0,1.0,1.0,1.0,1,0.22142467057136064,44
964,0,1898,1898,0,0,0,0,1.0,1.0,1.0,1.0,1.0,1,0.23637278558544766,44
965,4,1902,1902,0,0,0,0,1.0,1.0,1.0,1.0,1.0,1,0.1843701233385189,45
966,1,1903,1903,0,0,0,0,1.0,1.0,1.0,1.0,1.0,1,0.2149879729481369,43
967,1,1904,1904,0,0,0,0,1.0,1.0,1.0,1.0,1.0,1,0.1971375011719338,43
968,2,1906,1906,0,0,0,0,1.0,1.0,1.0,1.0,1.0,1,0.24776022945334697,43
969,3,1909,1909,0,0,0,0,1.0,1.0,1.0,1.0,1.0,1,0.24275629385818037,42
970,1,1910,1910,0,0,0,0,1.0,1.0,1.0,1.0,1.0,1,0.2640456739111623,42
971,3,1913,1913,0,0,0,0,1.0,1.0,1.0,1.0,1.0,1,0.3032230248543904,42
972,1,1914,1914,0,0,0,0,1.0,1.0,1.0,1.0,1.0,1,0.2878566562668423,42
973,0,1914,1914,0,0,0,0,1.0,1.0,1.0,1.0,1.0,1,0.287237979606985,43
974,4,1918,1918,0,0,0,0,1.0,1.0,1.0,1.0,1.0,1,0.31919384190156525,43
975,2,1920,1920,0,0,0,0,1.0,1.0,1.0,1.0,1.0,1,0.3470459120610172,43
976,2,1922,1922,0,0,0,0,1.0,1.0,1.0,1.0,1.0,1,0.3024938317552895,45
977,1,1923,1923,0,0,0,0,1.0,1.0,1.0,1.0,1.0,1,0.3022984922073664,44
978,1,1924,1924,0,0,0,0,1.0,1.0,1.0,1.0,1.0,1,0.30391397876098075,44
979,2,1926,1926,0,0,0,0,1.0,1.0,1.0,1.0,1.0,1,0.3325571631326306,45
980,2,1928,1928,0,0,0,0,1.0,1.0,1.0,1.0,1.0,1,0.3127386749044371,45
981,2,1930,1930,0,0,0,0,1.0,1.0,1.0,1.0,1.0,1,0.3290324547246038,45
982,1,1931,1931,0,0,0,0,1.0,1.0,1.0,1.0,1.0,1,0.34079207183757965,46
983,2,1933,1933,0,0,0,0,1.0,1.0,1.0,1.0,1.0,1,0.35002336821967145,45
984,2,1935,1935,0,0,0,0,1.0,1.0,1.0,1.0,1.0,1,0.32346973100557463,45
985,1,1936,1936,0,0,0,0,1.0,1.0,1.0,1.0,1.0,1,0.2915333240939391,45
986,0,1936,1936,0,0,0,0,1.0,1.0,1.0,1.0,1.0,1,0.27848497479114215,44
987,0,1936,1936,0,0,0,0,1.0,1.0,1.0,1.0,1.0,1,0.2620867523618679,45
988,0,1936,1936,0,0,0,0,1.0,1.0,1.0,1.0,1.0,1,0.24724604337773814,44
989,0,1936,1936,0,0,0,0,1.0,1.0,1.0,1.0,1.0,1,0.22393383286576532,43
990,1,1937,1937,0,0,0,0,1.0,1.0,1.0,1.0,1.0,1,0.23237493943985474,42
991,0,1937,1937,0,0,0,0,1.0,1.0,1.0,1.0,1.0,1,0.21160615332614263,42
992,0,1937,1937,0,0,0,0,1.0,1.0,1.0,1.0,1.0,1,0.2254859564008073,43
993,1,1938,1938,0,0,0,0,1.0,1.0,1.0,1.0,1.0,1,0.21080583021547086,43
994,1,1939,1939,0,0,0,0,1.0,1.0,1.0,1.0,1.0,1,0.23028767205274492,43
995,0,1939,1939,0,0,0,0,1.0,1.0,1.0,1.0,1.0,1,0.21585378959273782,43
996,1,1940,1940,0,0,0,0,1.0,1.0,1.0,1.0,1.0,1,0.1819612900333667,44
997,2,1942,1942,0,0,0,0,1.0,1.0,1.0,1.0,1.0,1,0.18055768411856182,44
998,0,1942,1942,0,0,0,0,1.0,1.0,1.0,1.0,1.0,1,0.1820247111567877,45
999,0,1942,1942,0,0,0,0,1.0,1.0,1.0,1.0,1.0,1,0.20787621354906413,42
1000,0,1942,1942,0,0,0,0,1.0,1.0,1.0,1.0,1.0,1,0.20889898150391456,43
1001,1,1943,1943,0,0,0,0,1.0,1.0,1.0,1.0,1.0,1,0.19862928809667293,42
1002,0,1943,1943,0,0,0,0,1.0,1.0,1.0,1.0,1.0,1,0.2105809924176304,43
1003,1,1944,1944,0,0,0,0,1.0,1.0,1.0,1.0,1.0,1,0.1890910102558438,43
1004,3,1947,1947,0,0,0,0,1.0,1.0,1.0,1.0,1.0,1,0.19484115394153262,43
1005,1,1948,1948,0,0,0,0,1.0,1.0,1.0,1.0,1.0,1,0.18281631902495585,44
1006,3,1951,1951,0,0,0,0,1.0,1.0,1.0,1.0,1.0,1,0.15763797740059815,46
1007,3,1954,1954,0,0,0,0,1.0,1.0,1.0,1.0,1.0,1,0.1604488598809824,46
1008,3,1957,1957,0,0,0,0,1.0,1.0,1.0,1.0,1.0,1,0.13881230508300735,47
1009,2,1959,1959,0,0,0,0,1.0,1.0,1.0,1.0,1.0,1,0.1558582344090942,48
1010,4,1963,1963,0,0,0,0,1.0,1.0,1.0,1.0,1.0,1,0.187382686558071,48
1011,2,1965,1965,0,0,0,0,1.0,1.0,1.0,1.0,1.0,1,0.23072420039357508,48
1012,1,1966,1966,0,0,0,0,1.0,1.0,1.0,1.0,1.0,1,0.257782048194893,49
1013,2,1968,1968,0,0,0,0,1.0,1.0,1.0,1.0,1.0,1,0.2365011196836286,50
1014,0,1968,1968,0,0,0,0,1.0,1.0,1.0,1.0,1.0,1,0.2365011196836286,50
1015,3,1971,1971,0,0,0,0,1.0,1.0,1.0,1.0,1.0,1,0.2550304319823431,51
1016,0,1971,1971,0,0,0,0,1.0,1.0,1.0,1.0,1.0,1,0.2550304319823431,51
1017,2,1973,1973,0,0,0,0,1.0,1.0,1.0,1.0,1.0,1,0.25520822937244425,52
1018,1,1974,1974,0,0,0,0,1.0,1.0,1.0,1.0,1.0,1,0.26043519814084926,52
1019,1,1975,1975,0,0,0,0,1.0,1.0,1.0,1.0,1.0,1,0.29614187710029455,52
1020,0,1975,1975,0,0,0,0,1.0,1.0,1.0,1.0,1.0,1,0.26898677149688494,53
1021,0,1975,1975,0,0,0,0,1.0,1.0,1.0,1.0,1.0,1,0.2584815740122905,53
1022,0,1975,1975,0,0,0,0,1.0,1.0,1.0,1.0,1.0,1,0.24878170711777223,54
1023,2,1977,1977,0,0,0,0,1.0,1.0,1.0,1.0,1.0,1,0.17786594683402454,55
1024,2,1979,1979,0,0,0,0,1.0,1.0,1.0,1.0,1.0,1,0.21672929107708733,55
1025,1,1980,1980,0,0,0,0,1.0,1.0,1.0,1.0,1.0,1,0.2004193932772386,56
1026,2,1982,1982,0,0,0,0,0.9989628686153196,0.9974297178727486,0.9989628686153196,0.9974297178727486,1.0,1,0.2543111590157174,57
1027,2,1984,1984,0,0,0,0,1.0,1.0,1.0,1.0,1.0,1,0.22407372804243014,58
1028,3,1987,1987,0,0,0,0,0.9710081613137093,0.9327389342478054,0.9710081613137093,0.9327389342478054,1.0,1,0.296669083613606,58
1029,4,1991,1991,0,0,0,0,0.969771211990228,0.9286600602969379,0.969771211990228,0.9286600602969379,1.0,1,0.29089163394255063,59
1030,4,1995,1995,0,0,0,0,0.9425727377865729,0.8723838617479397,0.9425727377865729,0.8723838617479397,1.0,1,0.3315212379024507,60
1031,6,2001,2001,0,0,0,0,0.9415202293380743,0.8700449540846098,0.9415202293380743,0.8700449540846098,1.0,1,0.32264454276840604,60
1032,2,2003,2003,0,0,0,0,0.9296886053222465,0.8468216044520372,0.9296886053222465,0.8468216044520372,1.0,1,0.331421886106657,61
1033,3,2006,2006,0,0,0,0,0.928516748744284,0.8468216044520372,0.928516748744284,0.8468216044520372,1.0,1,0.32614594812002334,60
1034,4,2010,2010,0,0,0,0,0.9285167487442841,0.8468216044520372,0.9285167487442841,0.8468216044520372,1.0,1,0.30158654013247177,60
1035,2,2012,2012,0,0,0,0,0.9273051682145262,0.8468216044520372,0.9273051682145262,0.8468216044520372,1.0,1,0.3160711996013022,59
1036,8,2020,2020,0,0,0,0,0.9677263925913073,0.9255224444414785,0.9677263925913073,0.9255224444414785,1.0,1,0.249073989897087,60
1037,3,2023,2023,0,0,0,0,0.9582062673922246,0.9086729546718981,0.9582062673922246,0.9086729546718981,1.0,1,0.24106015391092142,59
1038,6,2029,2029,0,0,0,0,0.9658580435979507,0.9212108698414246,0.9658580435979507,0.9212108698414246,1.0,1,0.22820559820845648,60
1039,1,2030,2030,0,0,0,0,0.960958608368218,0.9099044808497337,0.960958608368218,0.9099044808497337,1.0,1,0.22217826722313808,60
1040,3,2033,2033,0,0,0,0,1.0,1.0,1.0,1.0,1.0,1,0.18925868047492486,58
1041,2,2035,2035,0,0,0,0,1.0,1.0,1.0,1.0,1.0,1,0.16686550189415497,56
1042,1,2036,2036,0,0,0,0,1.0,1.0,1.0,1.0,1.0,1,0.15529871472109683,55
1043,1,2037,2037,0,0,0,0,1.0,1.0,1.0,1.0,1.0,1,0.14831762716025826,55
1044,7,2044,2044,0,0,0,0,1.0,1.0,1.0,1.0,1.0,1,0.1420015730984162,52
1045,2,2046,2046,0,0,0,0,1.0,1.0,1.0,1.0,1.0,1,0.14766638137695431,52
1046,4,2050,2050,0,0,0,0,1.0,1.0,1.0,1.0,1.0,1,0.13674102136335264,53
1047,1,2051,2051,0,0,0,0,1.0,1.0,1.0,1.0,1.0,1,0.11679782451469285,54
1048,1,2052,2052,0,0,0,0,1.0,1.0,1.0,1.0,1.0,1,0.07566860364741099,56
1049,2,2054,2054,0,0,0,0,1.0,1.0,1.0,1.0,1.0,1,0.0684717630360754,55
1050,1,2055,2055,0,0,0,0,1.0,1.0,1.0,1.0,1.0,1,0.09107538401854781,56
1051,0,2055,2055,0,0,0,0,1.0,1.0,1.0,1.0,1.0,1,0.08813179846075435,55
1052,1,2056,2056,0,0,0,0,1.0,1.0,1.0,1.0,1.0,1,0.08587492507462187,56
1053,1,2057,2057,0,0,0,0,1.0,1.0,1.0,1.0,1.0,1,0.06155115678727483,56
1054,2,2059,2059,0,0,0,0,1.0,1.0,1.0,1.0,1.0,1,0.07450860093055338,57
1055,1,2060,2060,0,0,0,0,1.0,1.0,1.0,1.0,1.0,1,0.09347417364608317,58
1056,0,2060,2060,0,0,0,0,1.0,1.0,1.0,1.0,1.0,1,0.1038262192960586,59
1057,3,2063,2063,0,0,0,0,1.0,1.0,1.0,1.0,1.0,1,0.1399441556465016,60
1058,3,2066,2066,0,0,0,0,1.0,1.0,1.0,1.0,1.0,1,0.16335023138213692,60
1059,3,2069,2069,0,0,0,0,1.0,1.0,1.0,1.0,1.0,1,0.15940488397923244,60
1060,6,2075,2075,0,0,0,0,0.9537145856960044,0.8842864642400111,0.9537145856960044,0.8842864642400111,1.0,1,0.2294902586924667,60
1061,2,2077,2077,0,0,0,0,0.9819699988688462,0.9516468151482693,0.9819699988688462,0.9516468151482693,1.0,1,0.2142490417429357,59
1062,1,2078,2078,0,0,0,0,0.9819699988688462,0.9516468151482693,0.9819699988688462,0.9516468151482693,1.0,1,0.2102308870664031,59
1063,4,2082,2082,0,0,0,0,0.9596568479359926,0.9025040491786486,0.9596568479359926,0.9025040491786486,1.0,1,0.25665966060767775,58
1064,3,2085,2085,0,0,0,0,0.9095603129177685,0.8057221536752065,0.9095603129177685,0.8057221536752065,1.0,1,0.29360750006944614,58
1065,2,2087,2087,0,0,0,0,0.912574969153843,0.8057221536752065,0.912574969153843,0.8057221536752065,1.0,1,0.2942271318502053,60
1066,1,2088,2088,0,0,0,0,0.8908913161706519,0.7739891549249216,0.8908913161706519,0.7739891549249216,1.0,1,0.32467510170500813,58
1067,2,2090,2090,0,0,0,0,0.8641185120559007,0.7327664070432713,0.8641185120559007,0.7327664070432713,1.0,1,0.3530670191875205,59
1068,1,2091,2091,0,0,0,0,0.8779077179991653,0.7516053573086465,0.8779077179991653,0.7516053573086465,1.0,1,0.3401565094893589,59
1069,4,2095,2095,0,0,0,0,0.8945143536742852,0.7814940183253051,0.8945143536742852,0.7814940183253051,1.0,1,0.3049881364053595,58
1070,3,2098,2098,0,0,0,0,0.933990589163982,0.8468581668604382,0.933990589163982,0.8468581668604382,1.0,1,0.2698660753894671,58
1071,0,2098,2098,0,0,0,0,0.9328325293247537,0.8468581668604382,0.9328325293247537,0.8468581668604382,1.0,1,0.2783885306727057,57
1072,4,2102,2102,0,0,0,0,0.9631350442345729,0.9102418468320034,0.9631350442345729,0.9102418468320034,1.0,1,0.26962918375122324,56
1073,3,2105,2105,0,0,0,0,0.9459860252601321,0.8784685568352968,0.9459860252601321,0.8784685568352968,1.0,1,0.31685711919090204,54
1074,4,2109,2109,0,0,0,0,0.9942714001846299,0.9859388913622733,0.9942714001846299,0.9859388913622733,1.0,1,0.30862073510716226,54
1075,4,2113,2113,0,0,0,0,1.0,1.0,1.0,1.0,1.0,1,0.27841460783974586,51
1076,1,2114,2114,0,0,0,0,1.0,1.0,1.0,1.0,1.0,1,0.2915283529389515,51
1077,4,2118,2118,0,0,0,0,0.9409312333340846,0.8794997160015323,0.9409312333340846,0.8794997160015323,1.0,1,0.32712629293249873,51
1078,2,2120,2120,0,0,0,0,0.9046166500271202,0.8162987333855648,0.9046166500271202,0.8162987333855648,1.0,1,0.34403000821042057,52
1079,1,2121,2121,0,0,0,0,0.9027463882629461,0.8162987333855648,0.9027463882629461,0.8162987333855648,1.0,1,0.33959294251304356,51
1080,2,2123,2123,0,0,0,0,0.9398190934012615,0.8772309505385735,0.9398190934012615,0.8772309505385735,1.0,1,0.3046762660101176,51
1081,0,2123,2123,0,0,0,0,0.9360577867388403,0.8772309505385735,0.9360577867388403,0.8772309505385735,1.0,1,0.3326048986800112,48
1082,3,2126,2126,0,0,0,0,0.9606953431652356,0.9230283803652531,0.9606953431652356,0.9230283803652531,1.0,1,0.32155050478911396,47
1083,2,2128,2128,0,0,0,0,0.9940951936031894,0.9876535866248506,0.9940951936031894,0.9876535866248506,1.0,1,0.2920890732953725,46
1084,2,2130,2130,0,0,0,0,0.972448933313,0.9460957390906524,0.972448933313,0.9460957390906524,1.0,1,0.31451968927136215,45
1085,1,2131,2131,0,0,0,0,0.9990600227257641,0.9980345929720521,0.9990600227257641,0.9980345929720521,1.0,1,0.2960072160098145,46
1086,1,2132,2132,0,0,0,0,0.9990391343418921,0.9980345929720521,0.9990391343418921,0.9980345929720521,1.0,1,0.2899286611701334,45
1087,3,2135,2135,0,0,0,0,1.0,1.0,1.0,1.0,1.0,1,0.24584485179923532,44
1088,0,2135,2135,0,0,0,0,1.0,1.0,1.0,1.0,1.0,1,0.24594197889486036,45
1089,1,2136,2136,0,0,0,0,1.0,1.0,1.0,1.0,1.0,1,0.22093365010945964,46
1090,3,2139,2139,0,0,0,0,1.0,1.0,1.0,1.0,1.0,1,0.2889164932572125,47
1091,2,2141,2141,0,0,0,0,1.0,1.0,1.0,1.0,1.0,1,0.3000932293282639,47
1092,1,2142,2142,0,0,0,0,1.0,1.0,1.0,1.0,1.0,1,0.30658335345555915,48
1093,3,2145,2145,0,0,0,0,1.0,1.0,1.0,1.0,1.0,1,0.32534332273188266,48
1094,1,2146,2146,0,0,0,0,1.0,1.0,1.0,1.0,1.0,1,0.30331216482402623,48
1095,4,2150,2150,0,0,0,0,1.0,1.0,1.0,1.0,1.0,1,0.3058633814177767,49
1096,2,2152,2152,0,0,0,0,1.0,1.0,1.0,1.0,1.0,1,0.28517998514620585,49
1097,3,2155,2155,0,0,0,0,1.0,1.0,1.0,1.0,1.0,1,0.2541849436323333,50
1098,1,2156,2156,0,0,0,0,1.0,1.0,1.0,1.0,1.0,1,0.23760821678467867,51
1099,3,2159,2159,0,0,0,0,1.0,1.0,1.0,1.0,1.0,1,0.19659540728126856,54
1100,0,2159,2159,0,0,0,0,1.0,1.0,1.0,1.0,1.0,1,0.19659540728126856,54
1101,1,2160,2160,0,0,0,0,1.0,1.0,1.0,1.0,1.0,1,0.19024594319039606,54
1102,2,2162,2162,0,0,0,0,1.0,1.0,1.0,1.0,1.0,1,0.15607534449380858,54
1103,1,2163,2163,0,0,0,0,1.0,1.0,1.0,1.0,1.0,1,0.18853295351802535,53
1104,4,2167,2167,0,0,0,0,1.0,1.0,1.0,1.0,1.0,1,0.14565212199640443,53
1105,1,2168,2168,0,0,0,0,1.0,1.0,1.0,1.0,1.0,1,0.1892853806090035,52
1106,2,2170,2170,0,0,0,0,1.0,1.0,1.0,1.0,1.0,1,0.18921204519092907,52
1107,3,2173,2173,0,0,0,0,1.0,1.0,1.0,1.0,1.0,1,0.21308191313166192,52
1108,1,2174,2174,0,0,0,0,1.0,1.0,1.0,1.0,1.0,1,0.22890870838964797,51
1109,1,2175,2175,0,0,0,0,1.0,1.0,1.0,1.0,1.0,1,0.25462902144110716,49
1110,1,2176,2176,0,0,0,0,1.0,1.0,1.0,1.0,1.0,1,0.2979620558830582,48
1111,2,2178,2178,0,0,0,0,1.0,1.0,1.0,1.0,1.0,1,0.3048039809862785,47
1112,4,2182,2182,0,0,0,0,1.0,1.0,1.0,1.0,1.0,1,0.3239601021098719,46
1113,2,2184,2184,0,0,0,0,1.0,1.0,1.0,1.0,1.0,1,0.3004013464707727,43
1114,2,2186,2186,0,0,0,0,1.0,1.0,1.0,1.0,1.0,1,0.29298367775411066,41
1115,1,2187,2187,0,0,0,0,1.0,1.0,1.0,1.0,1.0,1,0.307656962215424,40
1116,2,2189,2189,0,0,0,0,1.0,1.0,1.0,1.0,1.0,1,0.2642385206547713,39
1117,2,2191,2191,0,0,0,0,1.0,1.0,1.0,1.0,1.0,1,0.2684924117163455,40
1118,2,2193,2193,0,0,0,0,1.0,1.0,1.0,1.0,1.0,1,0.2928001479405682,40
1119,3,2196,2196,0,0,0,0,1.0,1.0,1.0,1.0,1.0,1,0.35258281595848334,40
1120,0,2196,2196,0,0,0,0,1.0,1.0,1.0,1.0,1.0,1,0.35258281595848334,40
1121,1,2197,2197,0,0,0,0,1.0,1.0,1.0,1.0,1.0,1,0.3658870134912565,40
1122,2,2199,2199,0,0,0,0,1.0,1.0,1.0,1.0,1.0,1,0.3837478814429671,41
1123,1,2200,2200,0,0,0,0,1.0,1.0,1.0,1.0,1.0,1,0.3706877021336499,41
1124,2,2202,2202,0,0,0,0,1.0,1.0,1.0,1.0,1.0,1,0.339477983602559,41
1125,1,2203,2203,0,0,0,0,1.0,1.0,1.0,1.0,1.0,1,0.3283915842817255,41
1126,1,2204,2204,0,0,0,0,1.0,1.0,1.0,1.0,1.0,1,0.2871966302199167,41
1127,1,2205,2205,0,0,0,0,1.0,1.0,1.0,1.0,1.0,1,0.27892281301115146,41
1128,2,2207,2207,0,0,0,0,1.0,1.0,1.0,1.0,1.0,1,0.2773443420110441,42
1129,1,2208,2208,0,0,0,0,1.0,1.0,1.0,1.0,1.0,1,0.2532463419466796,42
1130,1,2209,2209,0,0,0,0,1.0,1.0,1.0,1.0,1.0,1,0.2613700871987194,42
1131,2,2211,2211,0,0,0,0,1.0,1.0,1.0,1.0,1.0,1,0.24622338292149773,42
1132,2,2213,2213,0,0,0,0,1.0,1.0,1.0,1.0,1.0,1,0.21780430226213449,43
1133,1,2214,2214,0,0,0,0,1.0,1.0,1.0,1.0,1.0,1,0.21612970638559784,45
1134,1,2215,2215,0,0,0,0,1.0,1.0,1.0,1.0,1.0,1,0.2327433684636485,46
1135,1,2216,2216,0,0,0,0,1.0,1.0,1.0,1.0,1.0,1,0.2303841995786004,45
1136,0,2216,2216,0,0,0,0,1.0,1.0,1.0,1.0,1.0,1,0.2324821684091175,48
1137,0,2216,2216,0,0,0,0,1.0,1.0,1.0,1.0,1.0,1,0.25363367983669227,49
1138,7,2223,2223,0,0,0,0,1.0,1.0,1.0,1.0,1.0,1,0.18797162003358484,49
1139,3,2226,2226,0,0,0,0,1.0,1.0,1.0,1.0,1.0,1,0.2418509599583437,49
1140,4,2230,2230,0,0,0,0,1.0,1.0,1.0,1.0,1.0,1,0.15088075354222738,49
1141,3,2233,2233,0,0,0,0,1.0,1.0,1.0,1.0,1.0,1,0.20022663745996275,48
1142,4,2237,2237,0,0,0,0,1.0,1.0,1.0,1.0,1.0,1,0.15163576253616692,48
1143,3,2240,2240,0,0,0,0,1.0,1.0,1.0,1.0,1.0,1,0.11856725173622099,48
1144,3,2243,2243,0,0,0,0,1.0,1.0,1.0,1.0,1.0,1,0.13024140498832937,48
1145,2,2245,2245,0,0,0,0,1.0,1.0,1.0,1.0,1.0,1,0.1359490351780244,48
1146,4,2249,2249,0,0,0,0,1.0,1.0,1.0,1.0,1.0,1,0.17250586534582588,48
1147,2,2251,2251,0,0,0,0,1.0,1.0,1.0,1.0,1.0,1,0.23104051953453536,46
1148,1,2252,2252,0,0,0,0,1.0,1.0,1.0,1.0,1.0,1,0.2528906204966942,46
1149,1,2253,2253,0,0,0,0,1.0,1.0,1.0,1.0,1.0,1,0.25899388001042295,45
1150,4,2257,2257,0,0,0,0,1.0,1.0,1.0,1.0,1.0,1,0.30682573284340076,46
1151,2,2259,2259,0,0,0,0,1.0,1.0,1.0,1.0,1.0,1,0.3304840375575297,44
1152,1,2260,2260,0,0,0,0,1.0,1.0,1.0,1.0,1.0,1,0.3308913185527225,44
1153,0,2260,2260,0,0,0,0,1.0,1.0,1.0,1.0,1.0,1,0.33240117843788447,43
1154,4,2264,2264,0,0,0,0,1.0,1.0,1.0,1.0,1.0,1,0.31290938004205304,43
1155,2,2266,2266,0,0,0,0,1.0,1.0,1.0,1.0,1.0,1,0.27139514562102063,43
1156,1,2267,2267,0,0,0,0,1.0,1.0,1.0,1.0,1.0,1,0.24454153887211028,42
1157,1,2268,2268,0,0,0,0,1.0,1.0,1.0,1.0,1.0,1,0.22569896842139758,42
1158,1,2269,2269,0,0,0,0,1.0,1.0,1.0,1.0,1.0,1,0.2067968135510887,41
1159,0,2269,2269,0,0,0,0,1.0,1.0,1.0,1.0,1.0,1,0.2067489030811258,41
1160,2,2271,2271,0,0,0,0,1.0,1.0,1.0,1.0,1.0,1,0.2036958533284602,41
1161,0,2271,2271,0,0,0,0,1.0,1.0,1.0,1.0,1.0,1,0.19101220906528157,42
1162,0,2271,2271,0,0,0,0,1.0,1.0,1.0,1.0,1.0,1,0.20433602066610154,43
1163,1,2272,2272,0,0,0,0,1.0,1.0,1.0,1.0,1.0,1,0.23503319476835796,43
1164,0,2272,2272,0,0,0,0,1.0,1.0,1.0,1.0,1.0,1,0.21924395641569908,44
1165,1,2273,2273,0,0,0,0,1.0,1.0,1.0,1.0,1.0,1,0.20478361789433533,44
1166,3,2276,2276,0,0,0,0,1.0,1.0,1.0,1.0,1.0,1,0.22714479039410715,46
1167,3,2279,2279,0,0,0,0,1.0,1.0,1.0,1.0,1.0,1,0.21875338147296466,46
1168,4,2283,2283,0,0,0,0,1.0,1.0,1.0,1.0,1.0,1,0.17208047202965648,47
1169,1,2284,2284,0,0,0,0,1.0,1.0,1.0,1.0,1.0,1,0.18515887272784404,46
1170,3,2287,2287,0,0,0,0,1.0,1.0,1.0,1.0,1.0,1,0.16515980157271515,48
1171,0,2287,2287,0,0,0,0,1.0,1.0,1.0,1.0,1.0,1,0.15539792008287276,49
1172,5,2292,2292,0,0,0,0,1.0,1.0,1.0,1.0,1.0,1,0.19027475642557887,49
1173,1,2293,2293,0,0,0,0,1.0,1.0,1.0,1.0,1.0,1,0.20449607388813387,49
1174,2,2295,2295,0,0,0,0,1.0,1.0,1.0,1.0,1.0,1,0.21528815318439262,49
1175,1,2296,2296,0,0,0,0,1.0,1.0,1.0,1.0,1.0,1,0.23550782737077744,50
1176,0,2296,2296,0,0,0,0,1.0,1.0,1.0,1.0,1.0,1,0.24019536870811978,52
1177,0,2296,2296,0,0,0,0,1.0,1.0,1.0,1.0,1.0,1,0.24019536870811978,52
1178,0,2296,2296,0,0,0,0,1.0,1.0,1.0,1.0,1.0,1,0.24019536870811978,52
1179,2,2298,2298,0,0,0,0,1.0,1.0,1.0,1.0,1.0,1,0.24042395566404198,53
1180,0,2298,2298,0,0,0,0,1.0,1.0,1.0,1.0,1.0,1,0.2404813223098851,54
1181,0,2298,2298,0,0,0,0,1.0,1.0,1.0,1.0,1.0,1,0.2324108792311672,55
1182,1,2299,2299,0,0,0,0,0.9966122841238011,0.9906837813404529,0.9966122841238011,0.9906837813404529,1.0,1,0.2531718214566552,55
1183,1,2300,2300,0,0,0,0,0.9765283317556455,0.9407619801452003,0.9765283317556455,0.9407619801452003,1.0,1,0.273988511772534,53
1184,1,2301,2301,0,0,0,0,0.9769629922786891,0.9407619801452003,0.9769629922786891,0.9407619801452003,1.0,1,0.26988685543886526,54
1185,2,2303,2303,0,0,0,0,1.0,1.0,1.0,1.0,1.0,1,0.2599316531155742,53
1186,1,2304,2304,0,0,0,0,1.0,1.0,1.0,1.0,1.0,1,0.2300746099034207,54
1187,1,2305,2305,0,0,0,0,1.0,1.0,1.0,1.0,1.0,1,0.25306559960417996,55
1188,0,2305,2305,0,0,0,0,1.0,1.0,1.0,1.0,1.0,1,0.25306559960417996,55
1189,0,2305,2305,0,0,0,0,1.0,1.0,1.0,1.0,1.0,1,0.25507286457130207,54
1190,0,2305,2305,0,0,0,0,0.9947865297245828,0.9856629567426027,0.9947865297245828,0.9856629567426027,1.0,1,0.2567172996189924,55
1191,4,2309,2309,0,0,0,0,0.9771220322477482,0.9411709400656381,0.9771220322477482,0.9411709400656381,1.0,1,0.2613125395915531,54
1192,3,2312,2312,0,0,0,0,0.956471291480808,0.8971139616819096,0.956471291480808,0.8971139616819096,1.0,1,0.2708859529463964,52
1193,2,2314,2314,0,0,0,0,0.9406221526090496,0.8631727864469405,0.9406221526090496,0.8631727864469405,1.0,1,0.2717860164321529,53
1194,4,2318,2318,0,0,0,0,0.9994363293425009,0.9985062727576274,0.9994363293425009,0.9985062727576274,1.0,1,0.19009629763611938,53
1195,0,2318,2318,0,0,0,0,0.9994467676880101,0.9985062727576274,0.9994467676880101,0.9985062727576274,1.0,1,0.17440722547148244,54
1196,4,2322,2322,0,0,0,0,1.0,1.0,1.0,1.0,1.0,1,0.15719985026845132,56
1197,1,2323,2323,0,0,0,0,1.0,1.0,1.0,1.0,1.0,1,0.16963173912065335,56
1198,2,2325,2325,0,0,0,0,1.0,1.0,1.0,1.0,1.0,1,0.17639566268362697,58
1199,2,2327,2327,0,0,0,0,0.9781180990149106,0.9395642734697532,0.9781180990149106,0.9395642734697532,1.0,1,0.1936063923957726,58
1200,2,2329,2329,0,0,0,0,0.9967496733451221,0.990574052700854,0.9967496733451221,0.990574052700854,1.0,1,0.19948126420911574,58
1201,0,2329,2329,0,0,0,0,0.9967496733451221,0.990574052700854,0.9967496733451221,0.990574052700854,1.0,1,0.19948126420911574,58
1202,0,2329,2329,0,0,0,0,0.9968580175669514,0.990574052700854,0.9968580175669514,0.990574052700854,1.0,1,0.17285808576865855,60
1203,2,2331,2331,0,0,0,0,1.0,1.0,1.0,1.0,1.0,1,0.16354687468953377,58
1204,1,2332,2332,0,0,0,0,1.0,1.0,1.0,1.0,1.0,1,0.15511893785400077,59
1205,2,2334,2334,0,0,0,0,1.0,1.0,1.0,1.0,1.0,1,0.1336623491482016,59
1206,2,2336,2336,0,0,0,0,1.0,1.0,1.0,1.0,1.0,1,0.1626292180834436,58
1207,3,2339,2339,0,0,0,0,0.9901992171037362,0.9719977631535317,0.9901992171037362,0.9719977631535317,1.0,1,0.1609119379058564,60
1208,2,2341,2341,0,0,0,0,0.9753618437894614,0.9328050285167131,0.9753618437894614,0.9328050285167131,1.0,1,0.19000986003816425,60
1209,4,2345,2345,0,0,0,0,0.9567798672415766,0.8853726913798335,0.9567798672415766,0.8853726913798335,1.0,1,0.2060810530700402,61
1210,2,2347,2347,0,0,0,0,0.9567798672415766,0.8853726913798335,0.9567798672415766,0.8853726913798335,1.0,1,0.21261866161245505,61
1211,1,2348,2348,0,0,0,0,0.9472532231299803,0.8615397107161981,0.9472532231299803,0.8615397107161981,1.0,1,0.20024906340997958,63
1212,2,2350,2350,0,0,0,0,0.9324842849623917,0.8298603981052269,0.9324842849623917,0.8298603981052269,1.0,1,0.22392017851065313,63
1213,1,2351,2351,0,0,0,0,0.9324842849623917,0.8298603981052269,0.9324842849623917,0.8298603981052269,1.0,1,0.2405496030400663,63
1214,1,2352,2352,0,0,0,0,0.9150005899787629,0.7973090991801268,0.9150005899787629,0.7973090991801268,1.0,1,0.268721668371689,62
1215,3,2355,2355,0,0,0,0,0.9440364743634077,0.8530957452039452,0.9440364743634077,0.8530957452039452,1.0,1,0.22893928296082974,63
1216,3,2358,2358,0,0,0,0,0.912779741964342,0.7853039802199184,0.912779741964342,0.7853039802199184,1.0,1,0.26633820474819275,64
1217,1,2359,2359,0,0,0,0,0.9199087178562709,0.7997717946406775,0.9199087178562709,0.7997717946406775,1.0,1,0.2624349064645796,65
1218,3,2362,2362,0,0,0,0,0.9221708616281549,0.8084205824693044,0.9221708616281549,0.8084205824693044,1.0,1,0.2637409754453087,64
1219,2,2364,2364,0,0,0,0,0.9228573573992033,0.807143393498008,0.9228573573992033,0.807143393498008,1.0,1,0.2644839837167022,65
1220,2,2366,2366,0,0,0,0,0.9410090447970176,0.8489831546803653,0.9410090447970176,0.8489831546803653,1.0,1,0.24737226210217925,64
1221,1,2367,2367,0,0,0,0,0.9353363020748792,0.8318743853946858,0.9353363020748792,0.8318743853946858,1.0,1,0.238883646048443,65
1222,3,2370,2370,0,0,0,0,0.9326147408969981,0.8221029159680753,0.9326147408969981,0.8221029159680753,1.0,1,0.23528248266124394,66
1223,1,2371,2371,0,0,0,0,0.9459893469340713,0.8559715918241901,0.9459893469340713,0.8559715918241901,1.0,1,0.22439178181811753,64
1224,2,2373,2373,0,0,0,0,0.9502077339904919,0.8630712684738527,0.9502077339904919,0.8630712684738527,1.0,1,0.22076289498573173,66
1225,3,2376,2376,0,0,0,0,0.9478119063541596,0.9008659965815996,0.9478119063541596,0.9008659965815996,1.0,1,0.24235507445041873,66
1226,1,2377,2377,0,0,0,0,0.9310436164341269,0.8629122015762488,0.9310436164341269,0.8629122015762488,1.0,1,0.2408823887745268,68
1227,2,2379,2379,0,0,0,0,0.9653220851583522,0.903504932614545,0.9653220851583522,0.903504932614545,1.0,1,0.22454358030692745,64
1228,2,2381,2381,0,0,0,0,0.9811142516065848,0.9467765272549208,0.9811142516065848,0.9467765272549208,1.0,1,0.21256533014553744,62
1229,0,2381,2381,0,0,0,0,0.9808046491739058,0.9467765272549208,0.9808046491739058,0.9467765272549208,1.0,1,0.21187284209918947,61
1230,2,2383,2383,0,0,0,0,0.9578297933980033,0.8936577398732256,0.9578297933980033,0.8936577398732256,1.0,1,0.2558737115532282,58
1231,1,2384,2384,0,0,0,0,0.9570899652120033,0.8936577398732256,0.9570899652120033,0.8936577398732256,1.0,1,0.27821081254534025,57
1232,1,2385,2385,0,0,0,0,0.9382141475659811,0.8635562425415415,0.9382141475659811,0.8635562425415415,1.0,1,0.3132508020650715,53
1233,1,2386,2386,0,0,0,0,0.9382141475659811,0.8635562425415415,0.9382141475659811,0.8635562425415415,1.0,1,0.3026384709871556,53
1234,2,2388,2388,0,0,0,0,0.9345507668176667,0.8527392253397502,0.9345507668176667,0.8527392253397502,1.0,1,0.28286352574581264,54
1235,2,2390,2390,0,0,0,0,0.9579781186145059,0.899512892339036,0.9579781186145059,0.899512892339036,1.0,1,0.27241611189933246,55
1236,0,2390,2390,0,0,0,0,0.9579781186145059,0.899512892339036,0.9579781186145059,0.899512892339036,1.0,1,0.27241611189933246,55
1237,3,2393,2393,0,0,0,0,1.0,1.0,1.0,1.0,1.0,1,0.22046317146695402,55
1238,0,2393,2393,0,0,0,0,1.0,1.0,1.0,1.0,1.0,1,0.22968065628962148,54
1239,0,2393,2393,0,0,0,0,1.0,1.0,1.0,1.0,1.0,1,0.21004824717452247,55
1240,3,2396,2396,0,0,0,0,0.996730435673042,0.9918260891826048,0.996730435673042,0.9918260891826048,1.0,1,0.21591105795228088,55
1241,2,2398,2398,0,0,0,0,0.9714107716805133,0.9328774639455529,0.9714107716805133,0.9328774639455529,1.0,1,0.25898744729842127,54
1242,1,2399,2399,0,0,0,0,0.9574905876906323,0.904353822303923,0.9574905876906323,0.904353822303923,1.0,1,0.2756938410540955,54
1243,2,2401,2401,0,0,0,0,0.9198730300544202,0.8305006404997353,0.9198730300544202,0.8305006404997353,1.0,1,0.3158202725128263,55
1244,3,2404,2404,0,0,0,0,0.9370907334171489,0.8615996135177276,0.9370907334171489,0.8615996135177276,1.0,1,0.30079938697787484,55
1245,4,2408,2408,0,0,0,0,0.8723422303699058,0.7492436667980293,0.8723422303699058,0.7492436667980293,1.0,1,0.3461821107581972,55
1246,4,2412,2412,0,0,0,0,0.9544543358849626,0.8956245197363729,0.9544543358849626,0.8956245197363729,1.0,1,0.27150160329292666,55
1247,4,2416,2416,0,0,0,0,0.9432795453773674,0.8706773634603976,0.9432795453773674,0.8706773634603976,1.0,1,0.26888508462447197,57
1248,5,2421,2421,0,0,0,0,0.9479116226594633,0.8833220347571978,0.9479116226594633,0.8833220347571978,1.0,1,0.25546959914963907,56
1249,2,2423,2423,0,0,0,0,0.982358710734112,0.9570472957004466,0.982358710734112,0.9570472957004466,1.0,1,0.23302882815422687,56
1250,4,2427,2427,0,0,0,0,0.9970795362280852,0.9925660922169441,0.9970795362280852,0.9925660922169441,1.0,1,0.21113858593597645,56
1251,4,2431,2431,0,0,0,0,1.0,1.0,1.0,1.0,1.0,1,0.223295082326852,58
1252,3,2434,2434,0,0,0,0,1.0,1.0,1.0,1.0,1.0,1,0.2075400231865044,58
1253,1,2435,2435,0,0,0,0,1.0,1.0,1.0,1.0,1.0,1,0.21285155224230937,58
1254,2,2437,2437,0,0,0,0,1.0,1.0,1.0,1.0,1.0,1,0.20231899560544978,60
1255,1,2438,2438,0,0,0,0,1.0,1.0,1.0,1.0,1.0,1,0.2053775697282788,61
1256,2,2440,2440,0,0,0,0,0.987083253689089,0.9641853852288377,0.987083253689089,0.9641853852288377,1.0,1,0.2384464304689426,61
1257,1,2441,2441,0,0,0,0,0.999865944677251,0.9996042176185503,0.999865944677251,0.9996042176185503,1.0,1,0.22604640802544806,62
1258,1,2442,2442,0,0,0,0,0.9812996214450522,0.9464489159562858,0.9812996214450522,0.9464489159562858,1.0,1,0.2170218073113597,63
1259,0,2442,2442,0,0,0,0,0.9812996214450521,0.9464489159562858,0.9812996214450521,0.9464489159562858,1.0,1,0.2170218073113597,63
1260,2,2444,2444,0,0,0,0,0.963251884903579,0.8993421195184991,0.963251884903579,0.8993421195184991,1.0,1,0.2364528657795102,63
1261,1,2445,2445,0,0,0,0,0.9746786583317524,0.9274888852227451,0.9746786583317524,0.9274888852227451,1.0,1,0.2251917910135578,63
1262,2,2447,2447,0,0,0,0,0.9804511335870203,0.943130570434968,0.9804511335870203,0.943130570434968,1.0,1,0.20630707136326332,64
1263,1,2448,2448,0,0,0,0,0.9654698693655955,0.9054174682622833,0.9654698693655955,0.9054174682622833,1.0,1,0.2382698223617394,63
1264,2,2450,2450,0,0,0,0,0.9654698693655955,0.9054174682622833,0.9654698693655955,0.9054174682622833,1.0,1,0.21066891489283676,63
1265,2,2452,2452,0,0,0,0,0.9696712500646075,0.9208815219076721,0.9696712500646075,0.9208815219076721,1.0,1,0.20904196372457834,60
1266,3,2455,2455,0,0,0,0,0.9995485082372935,0.9986885239273763,0.9995485082372935,0.9986885239273763,1.0,1,0.18948891353610045,61
1267,3,2458,2458,0,0,0,0,1.0,1.0,1.0,1.0,1.0,1,0.20637066401333928,58
1268,0,2458,2458,0,0,0,0,1.0,1.0,1.0,1.0,1.0,1,0.2246334569718272,54
1269,2,2460,2460,0,0,0,0,1.0,1.0,1.0,1.0,1.0,1,0.18843745298018266,54
1270,1,2461,2461,0,0,0,0,1.0,1.0,1.0,1.0,1.0,1,0.22116801792624632,51
1271,0,2461,2461,0,0,0,0,1.0,1.0,1.0,1.0,1.0,1,0.23946047270031673,50
1272,1,2462,2462,0,0,0,0,1.0,1.0,1.0,1.0,1.0,1,0.2638483140607968,47
1273,2,2464,2464,0,0,0,0,1.0,1.0,1.0,1.0,1.0,1,0.2544907101251239,47
1274,6,2470,2470,0,0,0,0,1.0,1.0,1.0,1.0,1.0,1,0.2468583020179715,49
1275,3,2473,2473,0,0,0,0,1.0,1.0,1.0,1.0,1.0,1,0.23381061154141813,48
1276,5,2478,2478,0,0,0,0,1.0,1.0,1.0,1.0,1.0,1,0.21094749129458326,49
1277,0,2478,2478,0,0,0,0,1.0,1.0,1.0,1.0,1.0,1,0.22363250677410854,50
1278,5,2483,2483,0,0,0,0,1.0,1.0,1.0,1.0,1.0,1,0.24822405377137577,51
1279,4,2487,2487,0,0,0,0,1.0,1.0,1.0,1.0,1.0,1,0.28343423582134625,51
1280,5,2492,2492,0,0,0,0,0.9916391245110169,0.9792968797415657,0.9916391245110169,0.9792968797415657,1.0,1,0.2763532053830918,52
1281,2,2494,2494,0,0,0,0,0.9967311920069984,0.9919058087792341,0.9967311920069984,0.9919058087792341,1.0,1,0.28319719711351937,52
1282,0,2494,2494,0,0,0,0,0.9967311920069982,0.9919058087792341,0.9967311920069982,0.9919058087792341,1.0,1,0.28319719711351937,52
1283,1,2495,2495,0,0,0,0,1.0,1.0,1.0,1.0,1.0,1,0.25844464463588074,52
1284,2,2497,2497,0,0,0,0,1.0,1.0,1.0,1.0,1.0,1,0.2573335434267885,52
1285,0,2497,2497,0,0,0,0,1.0,1.0,1.0,1.0,1.0,1,0.2670440548920698,51
1286,1,2498,2498,0,0,0,0,1.0,1.0,1.0,1.0,1.0,1,0.27425141839668665,52
1287,2,2500,2500,0,0,0,0,1.0,1.0,1.0,1.0,1.0,1,0.24641150587263783,54
1288,1,2501,2501,0,0,0,0,1.0,1.0,1.0,1.0,1.0,1,0.2529480753993507,55
1289,2,2503,2503,0,0,0,0,1.0,1.0,1.0,1.0,1.0,1,0.2240060685517354,56
1290,0,2503,2503,0,0,0,0,1.0,1.0,1.0,1.0,1.0,1,0.20181750329977347,57
1291,2,2505,2505,0,0,0,0,1.0,1.0,1.0,1.0,1.0,1,0.1990431088514404,58
1292,2,2507,2507,0,0,0,0,0.9972707660193648,0.9923321521496441,0.9972707660193648,0.9923321521496441,1.0,1,0.21491513258555156,59
1293,4,2511,2511,0,0,0,0,0.9686363984786854,0.9195455439235846,0.9686363984786854,0.9195455439235846,1.0,1,0.222291064101811,59
1294,2,2513,2513,0,0,0,0,1.0,1.0,1.0,1.0,1.0,1,0.18434569837126627,59
1295,1,2514,2514,0,0,0,0,1.0,1.0,1.0,1.0,1.0,1,0.2062621788764244,59
1296,2,2516,2516,0,0,0,0,1.0,1.0,1.0,1.0,1.0,1,0.20024935361005386,59
1297,1,2517,2517,0,0,0,0,1.0,1.0,1.0,1.0,1.0,1,0.22349420367012937,61
1298,1,2518,2518,0,0,0,0,1.0,1.0,1.0,1.0,1.0,1,0.23643651838547697,61
1299,2,2520,2520,0,0,0,0,0.9870142563565417,0.964584335517841,0.9870142563565417,0.964584335517841,1.0,1,0.2577205813621463,60
1300,2,2522,2522,0,0,0,0,1.0,1.0,1.0,1.0,1.0,1,0.24656427445883267,59
1301,1,2523,2523,0,0,0,0,0.9900992794988122,0.9734480677468144,0.9900992794988122,0.9734480677468144,1.0,1,0.2571707816790607,59
1302,2,2525,2525,0,0,0,0,0.9936554333611667,0.9829850258322196,0.9936554333611667,0.9829850258322196,1.0,1,0.24145940800795607,59
1303,3,2528,2528,0,0,0,0,1.0,1.0,1.0,1.0,1.0,1,0.23696109981703964,55
1304,6,2534,2534,0,0,0,0,0.9985318479013109,0.9960849277368289,0.9985318479013109,0.9960849277368289,1.0,1,0.2501289427466922,56
1305,0,2534,2534,0,0,0,0,1.0,1.0,1.0,1.0,1.0,1,0.24537643461328987,54
1306,4,2538,2538,0,0,0,0,0.9849761413681604,0.9638061587505682,0.9849761413681604,0.9638061587505682,1.0,1,0.2699637071757785,53
1307,1,2539,2539,0,0,0,0,1.0,1.0,1.0,1.0,1.0,1,0.2284251158112841,52
1308,5,2544,2544,0,0,0,0,1.0,1.0,1.0,1.0,1.0,1,0.22065471911467363,52
1309,1,2545,2545,0,0,0,0,1.0,1.0,1.0,1.0,1.0,1,0.21848863113663822,54
1310,4,2549,2549,0,0,0,0,1.0,1.0,1.0,1.0,1.0,1,0.21590407642318513,52
1311,2,2551,2551,0,0,0,0,1.0,1.0,1.0,1.0,1.0,1,0.21683039757905906,51
1312,3,2554,2554,0,0,0,0,1.0,1.0,1.0,1.0,1.0,1,0.27041977778560483,49
1313,2,2556,2556,0,0,0,0,1.0,1.0,1.0,1.0,1.0,1,0.30392765266147376,47
1314,1,2557,2557,0,0,0,0,1.0,1.0,1.0,1.0,1.0,1,0.29614980171621297,46
1315,0,2557,2557,0,0,0,0,1.0,1.0,1.0,1.0,1.0,1,0.3113896674443391,45
1316,2,2559,2559,0,0,0,0,0.9880126706550354,0.976025341310071,0.9880126706550354,0.976025341310071,1.0,1,0.2967697953693776,46
1317,1,2560,2560,0,0,0,0,1.0,1.0,1.0,1.0,1.0,1,0.28639164774660475,45
1318,4,2564,2564,0,0,0,0,0.9868479419883586,0.9736958839767175,0.9868479419883586,0.9736958839767175,1.0,1,0.2884101970572889,46
1319,0,2564,2564,0,0,0,0,0.9868479419883588,0.9736958839767175,0.9868479419883588,0.9736958839767175,1.0,1,0.2884101970572889,46
1320,1,2565,2565,0,0,0,0,0.9868479419883588,0.9736958839767175,0.9868479419883588,0.9736958839767175,1.0,1,0.2624306058806392,46
1321,1,2566,2566,0,0,0,0,0.9873959444055104,0.9736958839767175,0.9873959444055104,0.9736958839767175,1.0,1,0.25036924982670106,48
1322,1,2567,2567,0,0,0,0,0.9876531700298877,0.9736958839767175,0.9876531700298877,0.9736958839767175,1.0,1,0.2210846860095923,49
1323,4,2571,2571,0,0,0,0,0.9873296643046165,0.9730066761272265,0.9873296643046165,0.9730066761272265,1.0,1,0.2504152988427664,49
1324,0,2571,2571,0,0,0,0,0.9875830710185243,0.9730066761272265,0.9875830710185243,0.9730066761272265,1.0,1,0.23425052874747812,50
1325,4,2575,2575,0,0,0,0,1.0,1.0,1.0,1.0,1.0,1,0.22541224103108345,49
1326,2,2577,2577,0,0,0,0,1.0,1.0,1.0,1.0,1.0,1,0.20518195532113342,50
1327,1,2578,2578,0,0,0,0,1.0,1.0,1.0,1.0,1.0,1,0.20122600641733457,50
1328,2,2580,2580,0,0,0,0,1.0,1.0,1.0,1.0,1.0,1,0.23331513202558465,49
1329,1,2581,2581,0,0,0,0,0.969243418936744,0.9359237894515502,0.969243418936744,0.9359237894515502,1.0,1,0.2592760078438236,50
1330,2,2583,2583,0,0,0,0,1.0,1.0,1.0,1.0,1.0,1,0.20411979605237954,50
1331,1,2584,2584,0,0,0,0,1.0,1.0,1.0,1.0,1.0,1,0.19527394292953346,50
1332,1,2585,2585,0,0,0,0,1.0,1.0,1.0,1.0,1.0,1,0.21397538396202748,51
1333,1,2586,2586,0,0,0,0,0.9813341952243764,0.9577990500725034,0.9813341952243764,0.9577990500725034,1.0,1,0.2477323794461806,52
1334,4,2590,2590,0,0,0,0,0.9785011772485793,0.9495245031053601,0.9785011772485793,0.9495245031053601,1.0,1,0.25506274702115417,54
1335,1,2591,2591,0,0,0,0,0.9785011772485793,0.9495245031053601,0.9785011772485793,0.9495245031053601,1.0,1,0.26971821086960973,54
1336,4,2595,2595,0,0,0,0,0.9876600764150335,0.96995496866269,0.9876600764150335,0.96995496866269,1.0,1,0.2466473214441644,56
1337,0,2595,2595,0,0,0,0,0.9878765663024891,0.96995496866269,0.9878765663024891,0.96995496866269,1.0,1,0.24671223437494116,57
1338,2,2597,2597,0,0,0,0,1.0,1.0,1.0,1.0,1.0,1,0.2168215377842925,57
1339,2,2599,2599,0,0,0,0,1.0,1.0,1.0,1.0,1.0,1,0.19812444728686443,58
1340,1,2600,2600,0,0,0,0,1.0,1.0,1.0,1.0,1.0,1,0.2022305201654334,59
1341,1,2601,2601,0,0,0,0,1.0,1.0,1.0,1.0,1.0,1,0.1838734395823524,57
1342,4,2605,2605,0,0,0,0,1.0,1.0,1.0,1.0,1.0,1,0.21763157325456028,57
1343,0,2605,2605,0,0,0,0,1.0,1.0,1.0,1.0,1.0,1,0.22854633887852802,55
1344,0,2605,2605,0,0,0,0,1.0,1.0,1.0,1.0,1.0,1,0.2175412129110136,54
1345,4,2609,2609,0,0,0,0,1.0,1.0,1.0,1.0,1.0,1,0.2604615189318635,53
1346,0,2609,2609,0,0,0,0,1.0,1.0,1.0,1.0,1.0,1,0.24657165668758765,53
1347,3,2612,2612,0,0,0,0,0.9860977104911521,0.9677719652294889,0.9860977104911521,0.9677719652294889,1.0,1,0.2780226419723247,51
1348,0,2612,2612,0,0,0,0,0.9863650622124761,0.9677719652294889,0.9863650622124761,0.9677719652294889,1.0,1,0.26414918476474636,52
1349,0,2612,2612,0,0,0,0,0.9858196647009752,0.9677719652294889,0.9858196647009752,0.9677719652294889,1.0,1,0.26471758622227914,50
1350,3,2615,2615,0,0,0,0,0.9481532350189769,0.8898256244153259,0.9481532350189769,0.8898256244153259,1.0,1,0.31192079420040764,51
1351,0,2615,2615,0,0,0,0,0.9471162997193564,0.8898256244153259,0.9471162997193564,0.8898256244153259,1.0,1,0.313582602449009,50
1352,2,2617,2617,0,0,0,0,0.9239522746460342,0.8479045492920686,0.9239522746460342,0.8479045492920686,1.0,1,0.3269721762159931,50
1353,4,2621,2621,0,0,0,0,0.9657501528500173,0.9255438105435155,0.9657501528500173,0.9255438105435155,1.0,1,0.27609868776974167,50
1354,2,2623,2623,0,0,0,0,0.9278368748475336,0.8527872246889685,0.9278368748475336,0.8527872246889685,1.0,1,0.28246876501498763,51
1355,3,2626,2626,0,0,0,0,0.9374388718558097,0.8673704083343166,0.9374388718558097,0.8673704083343166,1.0,1,0.2589042359477623,53
1356,2,2628,2628,0,0,0,0,0.9419532536689801,0.8792627676314786,0.9419532536689801,0.8792627676314786,1.0,1,0.2481756643762841,52
1357,3,2631,2631,0,0,0,0,0.9340409012233309,0.8628050745445287,0.9340409012233309,0.8628050745445287,1.0,1,0.27432856595740707,52
1358,3,2634,2634,0,0,0,0,0.9755317447854281,0.9436166292881605,0.9755317447854281,0.9436166292881605,1.0,1,0.224328525681354,53
1359,1,2635,2635,0,0,0,0,0.962438760412006,0.9154872109270136,0.962438760412006,0.9154872109270136,1.0,1,0.23132112844009026,54
1360,2,2637,2637,0,0,0,0,0.9631216920408786,0.9154872109270136,0.9631216920408786,0.9154872109270136,1.0,1,0.23870431834960695,55
1361,2,2639,2639,0,0,0,0,0.9764214995205035,0.9436166292881605,0.9764214995205035,0.9436166292881605,1.0,1,0.24621647650910944,55
1362,2,2641,2641,0,0,0,0,0.976842544171923,0.9436166292881605,0.976842544171923,0.9436166292881605,1.0,1,0.23392612812273972,56
1363,0,2641,2641,0,0,0,0,0.9768425441719231,0.9436166292881605,0.9768425441719231,0.9436166292881605,1.0,1,0.23392612812273972,56
1364,1,2642,2642,0,0,0,0,0.9917766850389408,0.9794417125973518,0.9917766850389408,0.9794417125973518,1.0,1,0.22007188877388728,55
1365,2,2644,2644,0,0,0,0,1.0,1.0,1.0,1.0,1.0,1,0.2185079836966925,56
1366,0,2644,2644,0,0,0,0,1.0,1.0,1.0,1.0,1.0,1,0.2190539072436384,57
1367,3,2647,2647,0,0,0,0,1.0,1.0,1.0,1.0,1.0,1,0.2463954216243083,57
1368,3,2650,2650,0,0,0,0,0.9893590742288031,0.9706107764414559,0.9893590742288031,0.9706107764414559,1.0,1,0.23413946441338207,58
1369,4,2654,2654,0,0,0,0,0.996125545231121,0.989609416756188,0.996125545231121,0.989609416756188,1.0,1,0.2108146541429223,59
1370,0,2654,2654,0,0,0,0,0.996190119477269,0.989609416756188,0.996190119477269,0.989609416756188,1.0,1,0.19839835854466242,60
1371,5,2659,2659,0,0,0,0,0.9873038660020376,0.9643299092438201,0.9873038660020376,0.9643299092438201,1.0,1,0.2325191791082208,59
1372,1,2660,2660,0,0,0,0,0.9873038660020376,0.9643299092438201,0.9873038660020376,0.9643299092438201,1.0,1,0.22495581110454604,59
1373,4,2664,2664,0,0,0,0,1.0,1.0,1.0,1.0,1.0,1,0.20693898919902498,59
1374,3,2667,2667,0,0,0,0,0.9947339978737754,0.9852050416453685,0.9947339978737754,0.9852050416453685,1.0,1,0.21059843700255193,59
1375,0,2667,2667,0,0,0,0,0.9661979512958028,0.9088814339278162,0.9661979512958028,0.9088814339278162,1.0,1,0.2271564652951763,62
1376,4,2671,2671,0,0,0,0,0.9960672439563945,0.9885762800638125,0.9960672439563945,0.9885762800638125,1.0,1,0.21746656776969683,61
1377,2,2673,2673,0,0,0,0,0.999967325277673,0.999901975833019,0.999967325277673,0.999901975833019,1.0,1,0.2064514900864031,63
1378,4,2677,2677,0,0,0,0,0.9914444841530285,0.9747408579756082,0.9914444841530285,0.9747408579756082,1.0,1,0.23330798994843333,62
1379,5,2682,2682,0,0,0,0,1.0,1.0,1.0,1.0,1.0,1,0.22091829404017313,61
1380,1,2683,2683,0,0,0,0,0.9845093200801004,0.9577526911275466,0.9845093200801004,0.9577526911275466,1.0,1,0.22856399192509466,60
1381,2,2685,2685,0,0,0,0,0.9679690178029117,0.9192262188073428,0.9679690178029117,0.9192262188073428,1.0,1,0.23886199659171378,58
1382,2,2687,2687,0,0,0,0,0.9618250293305659,0.9070522453265955,0.9618250293305659,0.9070522453265955,1.0,1,0.23542439300517973,56
1383,4,2691,2691,0,0,0,0,0.9817487198689406,0.95271259238771,0.9817487198689406,0.95271259238771,1.0,1,0.19150959482245278,57
1384,1,2692,2692,0,0,0,0,0.981085036955084,0.95271259238771,0.981085036955084,0.95271259238771,1.0,1,0.21066488749116838,55
1385,3,2695,2695,0,0,0,0,0.941693219135235,0.8663802938515801,0.941693219135235,0.8663802938515801,1.0,1,0.2168503653069859,55
1386,1,2696,2696,0,0,0,0,0.9474921659031765,0.8818573732821474,0.9474921659031765,0.8818573732821474,1.0,1,0.21496809892661095,54
1387,2,2698,2698,0,0,0,0,0.9634721440169227,0.9158271144737785,0.9634721440169227,0.9158271144737785,1.0,1,0.23339508482407678,53
1388,3,2701,2701,0,0,0,0,0.9654524977084186,0.9218926035146853,0.9654524977084186,0.9218926035146853,1.0,1,0.25152030774501577,52
1389,0,2701,2701,0,0,0,0,0.9654524977084186,0.9218926035146853,0.9654524977084186,0.9218926035146853,1.0,1,0.25837556974892584,52
1390,1,2702,2702,0,0,0,0,0.9783264801970709,0.949756840456846,0.9783264801970709,0.949756840456846,1.0,1,0.2606336453722778,51
1391,2,2704,2704,0,0,0,0,0.9577170155985267,0.904403687440147,0.9577170155985267,0.904403687440147,1.0,1,0.28806953588283,52
1392,1,2705,2705,0,0,0,0,0.9783264801970709,0.949756840456846,0.9783264801970709,0.949756840456846,1.0,1,0.2780047500682059,51
1393,1,2706,2706,0,0,0,0,0.9783264801970709,0.949756840456846,0.9783264801970709,0.949756840456846,1.0,1,0.284462784231583,51
1394,2,2708,2708,0,0,0,0,0.9944751979318966,0.9863195377361249,0.9944751979318966,0.9863195377361249,1.0,1,0.25943698782020447,52
1395,1,2709,2709,0,0,0,0,0.9944751979318966,0.9863195377361249,0.9944751979318966,0.9863195377361249,1.0,1,0.2520190938101466,52
1396,2,2711,2711,0,0,0,0,0.9945794394803514,0.9863195377361249,0.9945794394803514,0.9863195377361249,1.0,1,0.2887592487205486,53
1397,2,2713,2713,0,0,0,0,0.9784120742741579,0.9450489163342201,0.9784120742741579,0.9450489163342201,1.0,1,0.26716360990536453,56
1398,1,2714,2714,0,0,0,0,0.9707157691911606,0.9450489163342201,0.9707157691911606,0.9450489163342201,1.0,1,0.28956377324881705,56
1399,5,2719,2719,0,0,0,0,0.9756233215504154,0.9368422421988036,0.9756233215504154,0.9368422421988036,1.0,1,0.2463937908325736,57
1400,0,2719,2719,0,0,0,0,0.9756233215504154,0.9368422421988036,0.9756233215504154,0.9368422421988036,1.0,1,0.2463937908325736,57
1401,3,2722,2722,0,0,0,0,0.9924387178131956,0.9784503457676076,0.9924387178131956,0.9784503457676076,1.0,1,0.2293237781577347,57
1402,0,2722,2722,0,0,0,0,0.9924387178131956,0.9784503457676076,0.9924387178131956,0.9784503457676076,1.0,1,0.2293237781577347,57
1403,3,2725,2725,0,0,0,0,0.9923036949170028,0.9784503457676076,0.9923036949170028,0.9784503457676076,1.0,1,0.22209553292115636,56
1404,2,2727,2727,0,0,0,0,0.9652209932997522,0.9083098914266194,0.9652209932997522,0.9083098914266194,1.0,1,0.2532205518755378,58
1405,0,2727,2727,0,0,0,0,0.9470808129702462,0.8665516153162728,0.9470808129702462,0.8665516153162728,1.0,1,0.27604121665760595,58
1406,1,2728,2728,0,0,0,0,0.9470808129702462,0.8665516153162728,0.9470808129702462,0.8665516153162728,1.0,1,0.2840100182863135,58
1407,0,2728,2728,0,0,0,0,0.9461524061802504,0.8665516153162728,0.9461524061802504,0.8665516153162728,1.0,1,0.3062958029927795,57
1408,1,2729,2729,0,0,0,0,0.9291347647498548,0.8287423481454822,0.9291347647498548,0.8287423481454822,1.0,1,0.3065524371676849,58
1409,0,2729,2729,0,0,0,0,0.9278915150086241,0.8287423481454822,0.9278915150086241,0.8287423481454822,1.0,1,0.30210201662390285,57
1410,0,2729,2729,0,0,0,0,0.9278915150086241,0.8287423481454822,0.9278915150086241,0.8287423481454822,1.0,1,0.30210201662390285,57
1411,0,2729,2729,0,0,0,0,0.9266038634909209,0.8287423481454822,0.9266038634909209,0.8287423481454822,1.0,1,0.31955631280002855,56
1412,0,2729,2729,0,0,0,0,0.925269388281665,0.8287423481454822,0.925269388281665,0.8287423481454822,1.0,1,0.3204782709658235,55
1413,1,2730,2730,0,0,0,0,0.9127975222650311,0.801178350764271,0.9127975222650311,0.801178350764271,1.0,1,0.3124825479033456,57
1414,0,2730,2730,0,0,0,0,0.9127975222650311,0.801178350764271,0.9127975222650311,0.801178350764271,1.0,1,0.3124825479033456,57
1415,2,2732,2732,0,0,0,0,0.8814040734221134,0.7364534964935854,0.8814040734221134,0.7364534964935854,1.0,1,0.3248206460848208,60
1416,2,2734,2734,0,0,0,0,0.9143399082181186,0.7909893760522094,0.9143399082181186,0.7909893760522094,1.0,1,0.29578283097466257,61
1417,2,2736,2736,0,0,0,0,0.9600664389839448,0.8929054500023974,0.9600664389839448,0.8929054500023974,1.0,1,0.2612386514126328,59
1418,2,2738,2738,0,0,0,0,0.9898978168104098,0.9731648339755956,0.9898978168104098,0.9731648339755956,1.0,1,0.24517760379383402,60
1419,1,2739,2739,0,0,0,0,0.998823259815469,0.9966939204339368,0.998823259815469,0.9966939204339368,1.0,1,0.23227152101975498,59
1420,1,2740,2740,0,0,0,0,0.9988029711915978,0.9966939204339368,0.9988029711915978,0.9966939204339368,1.0,1,0.24385541002994868,58
1421,2,2742,2742,0,0,0,0,1.0,1.0,1.0,1.0,1.0,1,0.22216750064390411,57
1422,0,2742,2742,0,0,0,0,1.0,1.0,1.0,1.0,1.0,1,0.22216750064390411,57
1423,1,2743,2743,0,0,0,0,1.0,1.0,1.0,1.0,1.0,1,0.19787922733704963,56
1424,2,2745,2745,0,0,0,0,1.0,1.0,1.0,1.0,1.0,1,0.21023953100253737,57
1425,2,2747,2747,0,0,0,0,1.0,1.0,1.0,1.0,1.0,1,0.20919803572510975,54
1426,1,2748,2748,0,0,0,0,0.9981948052199,0.9951259740937298,0.9981948052199,0.9951259740937298,1.0,1,0.22016910410546794,54
1427,2,2750,2750,0,0,0,0,1.0,1.0,1.0,1.0,1.0,1,0.23925801141692601,53
1428,0,2750,2750,0,0,0,0,1.0,1.0,1.0,1.0,1.0,1,0.24809841727597057,52
1429,5,2755,2755,0,0,0,0,0.9836425363782405,0.9594958043651671,0.9836425363782405,0.9594958043651671,1.0,1,0.2562797423113709,52
1430,4,2759,2759,0,0,0,0,0.9672081050100491,0.9239824252505682,0.9672081050100491,0.9239824252505682,1.0,1,0.27152550853794066,51
1431,3,2762,2762,0,0,0,0,0.967208105010049,0.9239824252505682,0.967208105010049,0.9239824252505682,1.0,1,0.27111222267255075,51
1432,4,2766,2766,0,0,0,0,0.9678387183752404,0.9239824252505682,0.9678387183752404,0.9239824252505682,1.0,1,0.21474415401547317,52
1433,2,2768,2768,0,0,0,0,0.9678387183752405,0.9239824252505682,0.9678387183752405,0.9239824252505682,1.0,1,0.2205782803348349,52
1434,4,2772,2772,0,0,0,0,0.9479472471646476,0.8823155153287685,0.9479472471646476,0.8823155153287685,1.0,1,0.2300190904638397,52
1435,4,2776,2776,0,0,0,0,0.9065536048477013,0.8131072096954026,0.9065536048477013,0.8131072096954026,1.0,1,0.3040601411959356,50
1436,2,2778,2778,0,0,0,0,0.8880020548795728,0.7846193363068709,0.8880020548795728,0.7846193363068709,1.0,1,0.3137604961717347,50
1437,3,2781,2781,0,0,0,0,0.849348435632999,0.7363597623577481,0.849348435632999,0.7363597623577481,1.0,1,0.3686638925551249,49
1438,3,2784,2784,0,0,0,0,0.825648720726988,0.7054064591593936,0.825648720726988,0.7054064591593936,1.0,1,0.3898015884498119,49
1439,2,2786,2786,0,0,0,0,0.7932274015553452,0.6664958089602341,0.7932274015553452,0.6664958089602341,1.0,1,0.4056687489450073,50
1440,0,2786,2786,0,0,0,0,0.7932274015553452,0.6664958089602341,0.7932274015553452,0.6664958089602341,1.0,1,0.40497538084839685,50
1441,3,2789,2789,0,0,0,0,0.7961981619475328,0.6647131051394896,0.7961981619475328,0.6647131051394896,1.0,1,0.3721324764329425,51
1442,0,2789,2789,0,0,0,0,0.7921221251864834,0.6647131051394896,0.7921221251864834,0.6647131051394896,1.0,1,0.3974855986655557,50
1443,4,2793,2793,0,0,0,0,0.7599629894522785,0.6290337109717031,0.7599629894522785,0.6290337109717031,1.0,1,0.4458829424247665,51
1444,3,2796,2796,0,0,0,0,0.8052932665576228,0.6796760191754441,0.8052932665576228,0.6796760191754441,1.0,1,0.38868143965020435,51
1445,1,2797,2797,0,0,0,0,0.8243849629644471,0.7014544370395599,0.8243849629644471,0.7014544370395599,1.0,1,0.3794362987250219,51
1446,3,2800,2800,0,0,0,0,0.8633127981380868,0.7510340251800868,0.8633127981380868,0.7510340251800868,1.0,1,0.3414027152552807,51
1447,4,2804,2804,0,0,0,0,0.9006784455849964,0.8051769509551852,0.9006784455849964,0.8051769509551852,1.0,1,0.30309142844109693,51
1448,5,2809,2809,0,0,0,0,0.9757313540381812,0.9437408661794202,0.9757313540381812,0.9437408661794202,1.0,1,0.25753873706331687,51
1449,3,2812,2812,0,0,0,0,1.0,1.0,1.0,1.0,1.0,1,0.22759499212678339,51
1450,3,2815,2815,0,0,0,0,1.0,1.0,1.0,1.0,1.0,1,0.23264994083943843,52
1451,0,2815,2815,0,0,0,0,1.0,1.0,1.0,1.0,1.0,1,0.23640804095715132,54
1452,2,2817,2817,0,0,0,0,0.9923887314107749,0.9797032837620664,0.9923887314107749,0.9797032837620664,1.0,1,0.2412982912069872,56
1453,3,2820,2820,0,0,0,0,1.0,1.0,1.0,1.0,1.0,1,0.22445994634694744,56
1454,2,2822,2822,0,0,0,0,0.973508774866212,0.9301594973745587,0.973508774866212,0.9301594973745587,1.0,1,0.24455007401322504,58
1455,4,2826,2826,0,0,0,0,1.0,1.0,1.0,1.0,1.0,1,0.21759886424865127,55
1456,2,2828,2828,0,0,0,0,0.9942712418454855,0.9847233115879614,0.9942712418454855,0.9847233115879614,1.0,1,0.2275874590770894,56
1457,3,2831,2831,0,0,0,0,0.9926744314405447,0.9811628237042578,0.9926744314405447,0.9811628237042578,1.0,1,0.24979031660975962,54
1458,3,2834,2834,0,0,0,0,1.0,1.0,1.0,1.0,1.0,1,0.21607002786120588,52
1459,1,2835,2835,0,0,0,0,1.0,1.0,1.0,1.0,1.0,1,0.2233698879408626,52
1460,1,2836,2836,0,0,0,0,1.0,1.0,1.0,1.0,1.0,1,0.18113266828765168,50
1461,1,2837,2837,0,0,0,0,1.0,1.0,1.0,1.0,1.0,1,0.19849609700249052,53
1462,1,2838,2838,0,0,0,0,1.0,1.0,1.0,1.0,1.0,1,0.1865636268164301,51
1463,2,2840,2840,0,0,0,0,0.9913653666920675,0.9779816850647725,0.9913653666920675,0.9779816850647725,1.0,1,0.23570975358530308,51
1464,1,2841,2841,0,0,0,0,0.9789922277753348,0.9489811245972419,0.9789922277753348,0.9489811245972419,1.0,1,0.2543223012097745,51
1465,1,2842,2842,0,0,0,0,1.0,1.0,1.0,1.0,1.0,1,0.22465221470959706,49
1466,2,2844,2844,0,0,0,0,1.0,1.0,1.0,1.0,1.0,1,0.20803890852099147,49
1467,2,2846,2846,0,0,0,0,0.9873632595017164,0.9703036598290337,0.9873632595017164,0.9703036598290337,1.0,1,0.2652056943494517,47
1468,1,2847,2847,0,0,0,0,0.987626524928764,0.9703036598290337,0.987626524928764,0.9703036598290337,1.0,1,0.244810217523569,48
1469,3,2850,2850,0,0,0,0,0.9485148885706431,0.8900090801281922,0.9485148885706431,0.8900090801281922,1.0,1,0.29271439411191225,47
1470,0,2850,2850,0,0,0,0,0.9506163216902089,0.8900090801281922,0.9506163216902089,0.8900090801281922,1.0,1,0.28143067343241485,49
1471,1,2851,2851,0,0,0,0,0.9495874950587547,0.8900090801281922,0.9495874950587547,0.8900090801281922,1.0,1,0.2989834010718937,48
1472,0,2851,2851,0,0,0,0,0.9495874950587547,0.8900090801281922,0.9495874950587547,0.8900090801281922,1.0,1,0.2913033633594356,48
1473,0,2851,2851,0,0,0,0,0.9344991151638201,0.8604546366533561,0.9344991151638201,0.8604546366533561,1.0,1,0.2985959439703723,49
1474,1,2852,2852,0,0,0,0,0.9344991151638202,0.8604546366533561,0.9344991151638202,0.8604546366533561,1.0,1,0.2853892950179084,49
1475,1,2853,2853,0,0,0,0,0.9179350694472446,0.8324507667881242,0.9179350694472446,0.8324507667881242,1.0,1,0.3095482467762776,49
1476,2,2855,2855,0,0,0,0,0.877253187622274,0.7592274064898451,0.877253187622274,0.7592274064898451,1.0,1,0.33516446165434893,51
1477,0,2855,2855,0,0,0,0,0.877253187622274,0.7592274064898451,0.877253187622274,0.7592274064898451,1.0,1,0.33516446165434893,51
1478,5,2860,2860,0,0,0,0,0.937270602195441,0.8581770136592578,0.937270602195441,0.8581770136592578,1.0,1,0.27031541959389654,52
1479,4,2864,2864,0,0,0,0,0.9648369425745614,0.9152889980205342,0.9648369425745614,0.9152889980205342,1.0,1,0.2564037991953942,53
1480,4,2868,2868,0,0,0,0,0.9991391920475495,0.9977188589260061,0.9991391920475495,0.9977188589260061,1.0,1,0.23910799344389885,53
1481,1,2869,2869,0,0,0,0,1.0,1.0,1.0,1.0,1.0,1,0.22921476646560557,53
1482,2,2871,2871,0,0,0,0,1.0,1.0,1.0,1.0,1.0,1,0.25435638469471306,52
1483,2,2873,2873,0,0,0,0,0.9794604726324762,0.9491402179470837,0.9794604726324762,0.9491402179470837,1.0,1,0.25508490806480905,52
1484,5,2878,2878,0,0,0,0,1.0,1.0,1.0,1.0,1.0,1,0.2623496608044409,53
1485,3,2881,2881,0,0,0,0,1.0,1.0,1.0,1.0,1.0,1,0.24654337796738646,53
1486,3,2884,2884,0,0,0,0,1.0,1.0,1.0,1.0,1.0,1,0.20708554440214097,54
1487,2,2886,2886,0,0,0,0,1.0,1.0,1.0,1.0,1.0,1,0.218202574946114,55
1488,2,2888,2888,0,0,0,0,1.0,1.0,1.0,1.0,1.0,1,0.20957218086937382,57
1489,2,2890,2890,0,0,0,0,1.0,1.0,1.0,1.0,1.0,1,0.2136180976985418,58
1490,3,2893,2893,0,0,0,0,1.0,1.0,1.0,1.0,1.0,1,0.22584596560216394,58
1491,2,2895,2895,0,0,0,0,1.0,1.0,1.0,1.0,1.0,1,0.19933016296837072,59
1492,4,2899,2899,0,0,0,0,0.976822860098101,0.9378431248085438,0.976822860098101,0.9378431248085438,1.0,1,0.24159847272494706,59
1493,2,2901,2901,0,0,0,0,0.9725907276827179,0.9277391911635292,0.9725907276827179,0.9277391911635292,1.0,1,0.25952299231149717,58
1494,0,2901,2901,0,0,0,0,0.9725907276827179,0.9277391911635292,0.9725907276827179,0.9277391911635292,1.0,1,0.25952299231149717,58
1495,0,2901,2901,0,0,0,0,0.9933773458142624,0.9820242243529981,0.9933773458142624,0.9820242243529981,1.0,1,0.2489992745395298,57
1496,1,2902,2902,0,0,0,0,1.0,1.0,1.0,1.0,1.0,1,0.23539679502385596,59
1497,0,2902,2902,0,0,0,0,1.0,1.0,1.0,1.0,1.0,1,0.23021716115830715,58
1498,2,2904,2904,0,0,0,0,1.0,1.0,1.0,1.0,1.0,1,0.22258722025456967,58
1499,1,2905,2905,0,0,0,0,1.0,1.0,1.0,1.0,1.0,1,0.2209831077524169,56
1500,1,2906,2906,0,0,0,0,1.0,1.0,1.0,1.0,1.0,1,0.2026583142283402,57
1501,0,2906,2906,0,0,0,0,1.0,1.0,1.0,1.0,1.0,1,0.20095025498762425,55
1502,0,2906,2906,0,0,0,0,1.0,1.0,1.0,1.0,1.0,1,0.20188217398053568,55
1503,1,2907,2907,0,0,0,0,1.0,1.0,1.0,1.0,1.0,1,0.1929276543159019,54
1504,2,2909,2909,0,0,0,0,1.0,1.0,1.0,1.0,1.0,1,0.15914671684095663,55
1505,2,2911,2911,0,0,0,0,1.0,1.0,1.0,1.0,1.0,1,0.15567298838118918,53
1506,1,2912,2912,0,0,0,0,1.0,1.0,1.0,1.0,1.0,1,0.1585163022855232,55
1507,0,2912,2912,0,0,0,0,1.0,1.0,1.0,1.0,1.0,1,0.1827834148924859,53
1508,1,2913,2913,0,0,0,0,1.0,1.0,1.0,1.0,1.0,1,0.17687198144861216,53
1509,2,2915,2915,0,0,0,0,1.0,1.0,1.0,1.0,1.0,1,0.19993211268858818,52
1510,3,2918,2918,0,0,0,0,1.0,1.0,1.0,1.0,1.0,1,0.25931182688759336,50
1511,1,2919,2919,0,0,0,0,0.9918573816379245,0.9810005571551571,0.9918573816379245,0.9810005571551571,1.0,1,0.2778978450070384,49
1512,4,2923,2923,0,0,0,0,1.0,1.0,1.0,1.0,1.0,1,0.2797714743687993,48
1513,1,2924,2924,0,0,0,0,1.0,1.0,1.0,1.0,1.0,1,0.3229228422470279,47
1514,6,2930,2930,0,0,0,0,1.0,1.0,1.0,1.0,1.0,1,0.3041596908342689,48
1515,2,2932,2932,0,0,0,0,1.0,1.0,1.0,1.0,1.0,1,0.2622410879670239,48
1516,1,2933,2933,0,0,0,0,1.0,1.0,1.0,1.0,1.0,1,0.2802040375324395,47
1517,3,2936,2936,0,0,0,0,1.0,1.0,1.0,1.0,1.0,1,0.28841427410583953,48
1518,3,2939,2939,0,0,0,0,1.0,1.0,1.0,1.0,1.0,1,0.2627980307866227,48
1519,2,2941,2941,0,0,0,0,0.9718357715325074,0.9369657743822786,0.9718357715325074,0.9369657743822786,1.0,1,0.3010039675932855,47
1520,3,2944,2944,0,0,0,0,1.0,1.0,1.0,1.0,1.0,1,0.27136242310185577,48
1521,2,2946,2946,0,0,0,0,1.0,1.0,1.0,1.0,1.0,1,0.23760978650905987,49
1522,1,2947,2947,0,0,0,0,1.0,1.0,1.0,1.0,1.0,1,0.22305444672169314,48
1523,1,2948,2948,0,0,0,0,1.0,1.0,1.0,1.0,1.0,1,0.23169200698520478,49
1524,3,2951,2951,0,0,0,0,1.0,1.0,1.0,1.0,1.0,1,0.2527166072676528,49
1525,0,2951,2951,0,0,0,0,1.0,1.0,1.0,1.0,1.0,1,0.25136353099557907,51
1526,0,2951,2951,0,0,0,0,1.0,1.0,1.0,1.0,1.0,1,0.23092144923950747,52
1527,2,2953,2953,0,0,0,0,0.9690535388783168,0.9204233856871004,0.9690535388783168,0.9204233856871004,1.0,1,0.2595306288640071,54
1528,1,2954,2954,0,0,0,0,0.9909017484874073,0.9754347209159998,0.9909017484874073,0.9754347209159998,1.0,1,0.225523424158479,54
1529,0,2954,2954,0,0,0,0,0.9909017484874073,0.9754347209159998,0.9909017484874073,0.9754347209159998,1.0,1,0.225523424158479,54
1530,1,2955,2955,0,0,0,0,0.9524516732814857,0.8832904707818284,0.9524516732814857,0.8832904707818284,1.0,1,0.25496456016555263,54
1531,2,2957,2957,0,0,0,0,0.9736219760316158,0.9321707955098691,0.9736219760316158,0.9321707955098691,1.0,1,0.23535165537410457,54
1532,1,2958,2958,0,0,0,0,0.9923348727099746,0.9793041563169316,0.9923348727099746,0.9793041563169316,1.0,1,0.2069116443350408,54
1533,2,2960,2960,0,0,0,0,0.9471435745752087,0.870261501230058,0.9471435745752087,0.870261501230058,1.0,1,0.2538495175933918,54
1534,1,2961,2961,0,0,0,0,0.9686351551342158,0.9193475417736982,0.9686351551342158,0.9193475417736982,1.0,1,0.22045748204237053,54
1535,0,2961,2961,0,0,0,0,0.968635155134216,0.9193475417736982,0.968635155134216,0.9193475417736982,1.0,1,0.22045748204237053,54
1536,0,2961,2961,0,0,0,0,0.9692054250408666,0.9193475417736982,0.9692054250408666,0.9193475417736982,1.0,1,0.2208929876278437,55
1537,0,2961,2961,0,0,0,0,0.9680433656084465,0.9193475417736982,0.9680433656084465,0.9193475417736982,1.0,1,0.24089317568064608,53
1538,1,2962,2962,0,0,0,0,0.9826539193746379,0.9531655823115225,0.9826539193746379,0.9531655823115225,1.0,1,0.21999171685734345,54
1539,1,2963,2963,0,0,0,0,0.9665937789200348,0.9140982886515182,0.9665937789200348,0.9140982886515182,1.0,1,0.24416782304883525,54
1540,1,2964,2964,0,0,0,0,0.9665937789200348,0.9140982886515182,0.9665937789200348,0.9140982886515182,1.0,1,0.23691933371171353,54
1541,1,2965,2965,0,0,0,0,0.9869506201638408,0.96476667444237,0.9869506201638408,0.96476667444237,1.0,1,0.21497744873554994,54
1542,5,2970,2970,0,0,0,0,0.9911004326521831,0.9746362330587216,0.9911004326521831,0.9746362330587216,1.0,1,0.19660010940090258,57
1543,1,2971,2971,0,0,0,0,1.0,1.0,1.0,1.0,1.0,1,0.16940759091979113,55
1544,8,2979,2979,0,0,0,0,1.0,1.0,1.0,1.0,1.0,1,0.1920692594565912,54
1545,3,2982,2982,0,0,0,0,1.0,1.0,1.0,1.0,1.0,1,0.1647138555894005,54
1546,8,2990,2990,0,0,0,0,1.0,1.0,1.0,1.0,1.0,1,0.11314253096917232,53
1547,5,2995,2995,0,0,0,0,1.0,1.0,1.0,1.0,1.0,1,0.09202467992260055,53
1548,7,3002,3002,0,0,0,0,1.0,1.0,1.0,1.0,1.0,1,0.052902591924862914,54
1549,4,3006,3006,0,0,0,0,1.0,1.0,1.0,1.0,1.0,1,0.08969810419190866,52
1550,6,3012,3012,0,0,0,0,1.0,1.0,1.0,1.0,1.0,1,0.03330311896502697,52
1551,3,3015,3015,0,0,0,0,1.0,1.0,1.0,1.0,1.0,1,0.09019896429058104,52
1552,5,3020,3020,0,0,0,0,1.0,1.0,1.0,1.0,1.0,1,0.13066688523293477,51
1553,4,3024,3024,0,0,0,0,1.0,1.0,1.0,1.0,1.0,1,0.1522232928203439,51
1554,6,3030,3030,0,0,0,0,1.0,1.0,1.0,1.0,1.0,1,0.16601343871324054,51
1555,2,3032,3032,0,0,0,0,1.0,1.0,1.0,1.0,1.0,1,0.179939222779353,50
1556,3,3035,3035,0,0,0,0,1.0,1.0,1.0,1.0,1.0,1,0.15903756455735876,51
1557,2,3037,3037,0,0,0,0,1.0,1.0,1.0,1.0,1.0,1,0.21097723125814777,51
1558,2,3039,3039,0,0,0,0,1.0,1.0,1.0,1.0,1.0,1,0.19900608002420783,52
1559,1,3040,3040,0,0,0,0,1.0,1.0,1.0,1.0,1.0,1,0.18026843700658296,53
1560,1,3041,3041,0,0,0,0,1.0,1.0,1.0,1.0,1.0,1,0.1822845370361653,51
1561,1,3042,3042,0,0,0,0,1.0,1.0,1.0,1.0,1.0,1,0.17283658911699004,51
1562,2,3044,3044,0,0,0,0,1.0,1.0,1.0,1.0,1.0,1,0.19300192435105093,52
1563,2,3046,3046,0,0,0,0,1.0,1.0,1.0,1.0,1.0,1,0.1759078888705515,52
1564,0,3046,3046,0,0,0,0,1.0,1.0,1.0,1.0,1.0,1,0.19983833431038908,51
1565,2,3048,3048,0,0,0,0,1.0,1.0,1.0,1.0,1.0,1,0.17698793760561185,53
1566,1,3049,3049,0,0,0,0,1.0,1.0,1.0,1.0,1.0,1,0.19570749646017135,53
1567,1,3050,3050,0,0,0,0,1.0,1.0,1.0,1.0,1.0,1,0.20911016479150699,52
1568,4,3054,3054,0,0,0,0,0.9934607484574218,0.9852156052080843,0.9934607484574218,0.9852156052080843,1.0,1,0.2087689078882191,52
1569,0,3054,3054,0,0,0,0,1.0,1.0,1.0,1.0,1.0,1,0.213761522628973,49
1570,1,3055,3055,0,0,0,0,1.0,1.0,1.0,1.0,1.0,1,0.19048807339530166,48
1571,5,3060,3060,0,0,0,0,1.0,1.0,1.0,1.0,1.0,1,0.18792304175478847,46
1572,0,3060,3060,0,0,0,0,1.0,1.0,1.0,1.0,1.0,1,0.16153885443967053,47
1573,4,3064,3064,0,0,0,0,1.0,1.0,1.0,1.0,1.0,1,0.16003051908724938,48
1574,3,3067,3067,0,0,0,0,1.0,1.0,1.0,1.0,1.0,1,0.11426471333979217,46
1575,1,3068,3068,0,0,0,0,1.0,1.0,1.0,1.0,1.0,1,0.15503980606670978,47
1576,2,3070,3070,0,0,0,0,1.0,1.0,1.0,1.0,1.0,1,0.1624464783175742,46
1577,2,3072,3072,0,0,0,0,1.0,1.0,1.0,1.0,1.0,1,0.2007502825315605,45
1578,1,3073,3073,0,0,0,0,1.0,1.0,1.0,1.0,1.0,1,0.22706600709880811,44
1579,0,3073,3073,0,0,0,0,1.0,1.0,1.0,1.0,1.0,1,0.22685838365450536,43
1580,4,3077,3077,0,0,0,0,1.0,1.0,1.0,1.0,1.0,1,0.21521906628863172,43
1581,2,3079,3079,0,0,0,0,1.0,1.0,1.0,1.0,1.0,1,0.23541472394498122,42
1582,3,3082,3082,0,0,0,0,1.0,1.0,1.0,1.0,1.0,1,0.26663897412188137,42
1583,4,3086,3086,0,0,0,0,1.0,1.0,1.0,1.0,1.0,1,0.22650097392117374,43
1584,2,3088,3088,0,0,0,0,1.0,1.0,1.0,1.0,1.0,1,0.2226495641522452,41
1585,4,3092,3092,0,0,0,0,1.0,1.0,1.0,1.0,1.0,1,0.19553012535414196,43
1586,2,3094,3094,0,0,0,0,1.0,1.0,1.0,1.0,1.0,1,0.20479964712263343,42
1587,3,3097,3097,0,0,0,0,1.0,1.0,1.0,1.0,1.0,1,0.2086438768518578,42
1588,1,3098,3098,0,0,0,0,1.0,1.0,1.0,1.0,1.0,1,0.18131690050497284,42
1589,2,3100,3100,0,0,0,0,1.0,1.0,1.0,1.0,1.0,1,0.21785358824651835,42
1590,1,3101,3101,0,0,0,0,1.0,1.0,1.0,1.0,1.0,1,0.2153847077190621,41
1591,1,3102,3102,0,0,0,0,1.0,1.0,1.0,1.0,1.0,1,0.2096826667788175,40
1592,1,3103,3103,0,0,0,0,1.0,1.0,1.0,1.0,1.0,1,0.204547628684175,39
1593,2,3105,3105,0,0,0,0,1.0,1.0,1.0,1.0,1.0,1,0.1517708488908719,39
1594,0,3105,3105,0,0,0,0,1.0,1.0,1.0,1.0,1.0,1,0.186634733184131,39
1595,2,3107,3107,0,0,0,0,1.0,1.0,1.0,1.0,1.0,1,0.20889529825855607,42
1596,2,3109,3109,0,0,0,0,1.0,1.0,1.0,1.0,1.0,1,0.22888595244212018,41
1597,1,3110,3110,0,0,0,0,1.0,1.0,1.0,1.0,1.0,1,0.21434375591629437,41
1598,2,3112,3112,0,0,0,0,1.0,1.0,1.0,1.0,1.0,1,0.25658464351499327,39
1599,2,3114,3114,0,0,0,0,1.0,1.0,1.0,1.0,1.0,1,0.20130697216067034,39
1600,0,3114,3114,0,0,0,0,1.0,1.0,1.0,1.0,1.0,1,0.20443119719394498,40
1601,1,3115,3115,0,0,0,0,1.0,1.0,1.0,1.0,1.0,1,0.2241960209691953,41
1602,6,3121,3121,0,0,0,0,1.0,1.0,1.0,1.0,1.0,1,0.27592155838133464,41
1603,1,3122,3122,0,0,0,0,1.0,1.0,1.0,1.0,1.0,1,0.24677320214646523,43
1604,3,3125,3125,0,0,0,0,1.0,1.0,1.0,1.0,1.0,1,0.19598181617466703,43
1605,0,3125,3125,0,0,0,0,1.0,1.0,1.0,1.0,1.0,1,0.20552888706264102,44
1606,3,3128,3128,0,0,0,0,1.0,1.0,1.0,1.0,1.0,1,0.19837419178043544,44
1607,1,3129,3129,0,0,0,0,1.0,1.0,1.0,1.0,1.0,1,0.16645036643290945,42
1608,2,3131,3131,0,0,0,0,1.0,1.0,1.0,1.0,1.0,1,0.25386585432672815,41
1609,2,3133,3133,0,0,0,0,1.0,1.0,1.0,1.0,1.0,1,0.203028475323611,39
1610,1,3134,3134,0,0,0,0,1.0,1.0,1.0,1.0,1.0,1,0.16047885479829496,39
1611,2,3136,3136,0,0,0,0,1.0,1.0,1.0,1.0,1.0,1,0.19005262928674907,40
1612,0,3136,3136,0,0,0,0,1.0,1.0,1.0,1.0,1.0,1,0.1801041147258519,39
1613,2,3138,3138,0,0,0,0,1.0,1.0,1.0,1.0,1.0,1,0.20991562097217353,41
1614,4,3142,3142,0,0,0,0,1.0,1.0,1.0,1.0,1.0,1,0.16324734654928297,41
1615,3,3145,3145,0,0,0,0,1.0,1.0,1.0,1.0,1.0,1,0.1922209862456591,41
1616,4,3149,3149,0,0,0,0,1.0,1.0,1.0,1.0,1.0,1,0.144097153663845,43
1617,0,3149,3149,0,0,0,0,1.0,1.0,1.0,1.0,1.0,1,0.14606709002938853,44
1618,3,3152,3152,0,0,0,0,1.0,1.0,1.0,1.0,1.0,1,0.17332946218879355,44
1619,2,3154,3154,0,0,0,0,1.0,1.0,1.0,1.0,1.0,1,0.2049730080224331,44
1620,0,3154,3154,0,0,0,0,1.0,1.0,1.0,1.0,1.0,1,0.19614430250798265,45
1621,0,3154,3154,0,0,0,0,1.0,1.0,1.0,1.0,1.0,1,0.23854896263099423,44
1622,4,3158,3158,0,0,0,0,1.0,1.0,1.0,1.0,1.0,1,0.28430268204678816,44
1623,1,3159,3159,0,0,0,0,1.0,1.0,1.0,1.0,1.0,1,0.31652499812735263,43
1624,1,3160,3160,0,0,0,0,1.0,1.0,1.0,1.0,1.0,1,0.28789318200784964,43
1625,2,3162,3162,0,0,0,0,1.0,1.0,1.0,1.0,1.0,1,0.26709477313978675,43
1626,0,3162,3162,0,0,0,0,1.0,1.0,1.0,1.0,1.0,1,0.2278393461179278,42
1627,1,3163,3163,0,0,0,0,1.0,1.0,1.0,1.0,1.0,1,0.19701917578687714,42
1628,1,3164,3164,0,0,0,0,1.0,1.0,1.0,1.0,1.0,1,0.20311663503549665,42
1629,0,3164,3164,0,0,0,0,1.0,1.0,1.0,1.0,1.0,1,0.20729952903126506,41
1630,0,3164,3164,0,0,0,0,1.0,1.0,1.0,1.0,1.0,1,0.20729952903126506,41
1631,1,3165,3165,0,0,0,0,1.0,1.0,1.0,1.0,1.0,1,0.250747618742675,40
1632,0,3165,3165,0,0,0,0,1.0,1.0,1.0,1.0,1.0,1,0.2603857532305349,39
1633,2,3167,3167,0,0,0,0,1.0,1.0,1.0,1.0,1.0,1,0.2453363886609738,39
1634,2,3169,3169,0,0,0,0,1.0,1.0,1.0,1.0,1.0,1,0.23103347007123726,39
1635,5,3174,3174,0,0,0,0,1.0,1.0,1.0,1.0,1.0,1,0.18732889315037882,40
1636,0,3174,3174,0,0,0,0,1.0,1.0,1.0,1.0,1.0,1,0.17979584393022544,41
1637,1,3175,3175,0,0,0,0,1.0,1.0,1.0,1.0,1.0,1,0.14929486974267323,41
1638,2,3177,3177,0,0,0,0,1.0,1.0,1.0,1.0,1.0,1,0.19601725546885707,42
1639,3,3180,3180,0,0,0,0,1.0,1.0,1.0,1.0,1.0,1,0.19244528667524477,43
1640,0,3180,3180,0,0,0,0,1.0,1.0,1.0,1.0,1.0,1,0.19244528667524477,43
1641,3,3183,3183,0,0,0,0,1.0,1.0,1.0,1.0,1.0,1,0.18245130700689974,44
1642,0,3183,3183,0,0,0,0,1.0,1.0,1.0,1.0,1.0,1,0.1924743649725758,45
1643,2,3185,3185,0,0,0,0,1.0,1.0,1.0,1.0,1.0,1,0.20360259339333792,44
1644,1,3186,3186,0,0,0,0,1.0,1.0,1.0,1.0,1.0,1,0.2193792433435978,45
1645,2,3188,3188,0,0,0,0,1.0,1.0,1.0,1.0,1.0,1,0.21560292853252172,44
1646,3,3191,3191,0,0,0,0,1.0,1.0,1.0,1.0,1.0,1,0.23939321470562638,43
1647,2,3193,3193,0,0,0,0,1.0,1.0,1.0,1.0,1.0,1,0.23106231796861829,43
1648,3,3196,3196,0,0,0,0,1.0,1.0,1.0,1.0,1.0,1,0.2660008955878454,42
1649,2,3198,3198,0,0,0,0,1.0,1.0,1.0,1.0,1.0,1,0.23494321082292668,41
1650,3,3201,3201,0,0,0,0,1.0,1.0,1.0,1.0,1.0,1,0.26447918100647855,41
1651,0,3201,3201,0,0,0,0,1.0,1.0,1.0,1.0,1.0,1,0.2783235402516855,40
1652,3,3204,3204,0,0,0,0,1.0,1.0,1.0,1.0,1.0,1,0.3056973386040054,39
1653,5,3209,3209,0,0,0,0,1.0,1.0,1.0,1.0,1.0,1,0.35376344776622837,39
1654,3,3212,3212,0,0,0,0,1.0,1.0,1.0,1.0,1.0,1,0.36122764170264837,39
1655,6,3218,3218,0,0,0,0,1.0,1.0,1.0,1.0,1.0,1,0.32669192861678875,40
1656,2,3220,3220,0,0,0,0,1.0,1.0,1.0,1.0,1.0,1,0.30556853509482645,40
1657,4,3224,3224,0,0,0,0,1.0,1.0,1.0,1.0,1.0,1,0.2555157931949066,40
1658,2,3226,3226,0,0,0,0,1.0,1.0,1.0,1.0,1.0,1,0.21197388609527892,40
1659,2,3228,3228,0,0,0,0,1.0,1.0,1.0,1.0,1.0,1,0.1687508384640372,40
1660,0,3228,3228,0,0,0,0,1.0,1.0,1.0,1.0,1.0,1,0.14024069160138172,41
1661,0,3228,3228,0,0,0,0,1.0,1.0,1.0,1.0,1.0,1,0.1427865858652144,42
1662,1,3229,3229,0,0,0,0,1.0,1.0,1.0,1.0,1.0,1,0.1121395166658472,44
1663,0,3229,3229,0,0,0,0,1.0,1.0,1.0,1.0,1.0,1,0.11281013118315106,43
1664,4,3233,3233,0,0,0,0,1.0,1.0,1.0,1.0,1.0,1,0.15824853890154494,42
1665,0,3233,3233,0,0,0,0,1.0,1.0,1.0,1.0,1.0,1,0.11819560546432852,42
1666,3,3236,3236,0,0,0,0,1.0,1.0,1.0,1.0,1.0,1,0.15263249817251084,43
1667,2,3238,3238,0,0,0,0,1.0,1.0,1.0,1.0,1.0,1,0.1460101596242218,40
1668,0,3238,3238,0,0,0,0,1.0,1.0,1.0,1.0,1.0,1,0.10267868221560324,40
1669,2,3240,3240,0,0,0,0,1.0,1.0,1.0,1.0,1.0,1,0.14717095734853256,40
1670,2,3242,3242,0,0,0,0,1.0,1.0,1.0,1.0,1.0,1,0.1445358439375535,39
1671,2,3244,3244,0,0,0,0,1.0,1.0,1.0,1.0,1.0,1,0.19667417491780645,39
1672,2,3246,3246,0,0,0,0,1.0,1.0,1.0,1.0,1.0,1,0.18802039552332203,38
1673,1,3247,3247,0,0,0,0,1.0,1.0,1.0,1.0,1.0,1,0.1968777302365523,38
1674,1,3248,3248,0,0,0,0,1.0,1.0,1.0,1.0,1.0,1,0.2188279518037151,38
1675,3,3251,3251,0,0,0,0,1.0,1.0,1.0,1.0,1.0,1,0.2339389871363154,39
1676,1,3252,3252,0,0,0,0,1.0,1.0,1.0,1.0,1.0,1,0.2125338866868804,39
1677,1,3253,3253,0,0,0,0,1.0,1.0,1.0,1.0,1.0,1,0.21241381257179365,40
1678,2,3255,3255,0,0,0,0,1.0,1.0,1.0,1.0,1.0,1,0.290577362851679,39
1679,2,3257,3257,0,0,0,0,1.0,1.0,1.0,1.0,1.0,1,0.3158860987719086,39
1680,4,3261,3261,0,0,0,0,1.0,1.0,1.0,1.0,1.0,1,0.26765083265900536,40
1681,3,3264,3264,0,0,0,0,1.0,1.0,1.0,1.0,1.0,1,0.2691065115691006,41
1682,8,3272,3272,0,0,0,0,1.0,1.0,1.0,1.0,1.0,1,0.17928540127224427,40
1683,3,3275,3275,0,0,0,0,1.0,1.0,1.0,1.0,1.0,1,0.18823033292325497,43
1684,6,3281,3281,0,0,0,0,1.0,1.0,1.0,1.0,1.0,1,0.08293764397790593,42
1685,3,3284,3284,0,0,0,0,1.0,1.0,1.0,1.0,1.0,1,0.12058792562361262,41
1686,5,3289,3289,0,0,0,0,1.0,1.0,1.0,1.0,1.0,1,0.08874440968658984,39
1687,4,3293,3293,0,0,0,0,1.0,1.0,1.0,1.0,1.0,1,0.0674870247935076,41
1688,2,3295,3295,0,0,0,0,1.0,1.0,1.0,1.0,1.0,1,0.03746828517155402,39
1689,1,3296,3296,0,0,0,0,1.0,1.0,1.0,1.0,1.0,1,0.033883531571096276,37
1690,2,3298,3298,0,0,0,0,1.0,1.0,1.0,1.0,1.0,1,0.07704066719911021,36
1691,1,3299,3299,0,0,0,0,1.0,1.0,1.0,1.0,1.0,1,0.11081798417052527,36
1692,1,3300,3300,0,0,0,0,1.0,1.0,1.0,1.0,1.0,1,0.16708295057296446,34
1693,1,3301,3301,0,0,0,0,1.0,1.0,1.0,1.0,1.0,1,0.17906316087459095,33
1694,3,3304,3304,0,0,0,0,1.0,1.0,1.0,1.0,1.0,1,0.24889164693855498,32
1695,3,3307,3307,0,0,0,0,1.0,1.0,1.0,1.0,1.0,1,0.25970355507200305,32
1696,1,3308,3308,0,0,0,0,1.0,1.0,1.0,1.0,1.0,1,0.27394908919299127,34
1697,3,3311,3311,0,0,0,0,1.0,1.0,1.0,1.0,1.0,1,0.2794568179198833,34
1698,1,3312,3312,0,0,0,0,1.0,1.0,1.0,1.0,1.0,1,0.2854058115179375,36
1699,1,3313,3313,0,0,0,0,1.0,1.0,1.0,1.0,1.0,1,0.2909521149444757,36
1700,0,3313,3313,0,0,0,0,1.0,1.0,1.0,1.0,1.0,1,0.2895225520973085,37
1701,1,3314,3314,0,0,0,0,1.0,1.0,1.0,1.0,1.0,1,0.31126346414379036,39
1702,1,3315,3315,0,0,0,0,1.0,1.0,1.0,1.0,1.0,1,0.3302499951580017,39
1703,1,3316,3316,0,0,0,0,1.0,1.0,1.0,1.0,1.0,1,0.3406326780990409,38
1704,0,3316,3316,0,0,0,0,1.0,1.0,1.0,1.0,1.0,1,0.290260071772336,38
1705,2,3318,3318,0,0,0,0,1.0,1.0,1.0,1.0,1.0,1,0.20162420707540143,37
1706,2,3320,3320,0,0,0,0,1.0,1.0,1.0,1.0,1.0,1,0.1939668107230217,37
1707,2,3322,3322,0,0,0,0,1.0,1.0,1.0,1.0,1.0,1,0.12257464183067995,36
1708,3,3325,3325,0,0,0,0,1.0,1.0,1.0,1.0,1.0,1,0.12541946574397606,34
1709,1,3326,3326,0,0,0,0,1.0,1.0,1.0,1.0,1.0,1,0.14007899028541584,34
1710,3,3329,3329,0,0,0,0,1.0,1.0,1.0,1.0,1.0,1,0.2765403196432158,33
1711,1,3330,3330,0,0,0,0,1.0,1.0,1.0,1.0,1.0,1,0.3037529458195904,32
1712,1,3331,3331,0,0,0,0,1.0,1.0,1.0,1.0,1.0,1,0.3459389178359719,31
1713,3,3334,3334,0,0,0,0,1.0,1.0,1.0,1.0,1.0,1,0.2687127847806331,32
1714,1,3335,3335,0,0,0,0,1.0,1.0,1.0,1.0,1.0,1,0.3265647504184334,32
1715,2,3337,3337,0,0,0,0,1.0,1.0,1.0,1.0,1.0,1,0.36942910156506253,32
1716,2,3339,3339,0,0,0,0,1.0,1.0,1.0,1.0,1.0,1,0.29717391830390893,34
1717,1,3340,3340,0,0,0,0,1.0,1.0,1.0,1.0,1.0,1,0.2758168806799732,34
1718,2,3342,3342,0,0,0,0,1.0,1.0,1.0,1.0,1.0,1,0.27343102617842974,34
1719,2,3344,3344,0,0,0,0,1.0,1.0,1.0,1.0,1.0,1,0.3144887775121718,34
1720,2,3346,3346,0,0,0,0,1.0,1.0,1.0,1.0,1.0,1,0.24424136768481916,34
1721,1,3347,3347,0,0,0,0,1.0,1.0,1.0,1.0,1.0,1,0.2207604854619552,35
1722,0,3347,3347,0,0,0,0,1.0,1.0,1.0,1.0,1.0,1,0.19547379595969389,35
1723,1,3348,3348,0,0,0,0,1.0,1.0,1.0,1.0,1.0,1,0.16398571736255083,34
1724,0,3348,3348,0,0,0,0,1.0,1.0,1.0,1.0,1.0,1,0.17556855899603746,33
1725,3,3351,3351,0,0,0,0,1.0,1.0,1.0,1.0,1.0,1,0.18956331040475158,35
1726,1,3352,3352,0,0,0,0,1.0,1.0,1.0,1.0,1.0,1,0.22083065022274376,34
1727,1,3353,3353,0,0,0,0,1.0,1.0,1.0,1.0,1.0,1,0.20661519004167184,34
1728,2,3355,3355,0,0,0,0,1.0,1.0,1.0,1.0,1.0,1,0.2776334886210157,35
1729,1,3356,3356,0,0,0,0,1.0,1.0,1.0,1.0,1.0,1,0.2852297027481971,35
1730,1,3357,3357,0,0,0,0,1.0,1.0,1.0,1.0,1.0,1,0.23673159207773736,35
1731,1,3358,3358,0,0,0,0,1.0,1.0,1.0,1.0,1.0,1,0.2539486905089868,35
1732,2,3360,3360,0,0,0,0,1.0,1.0,1.0,1.0,1.0,1,0.2805987373324184,35
1733,2,3362,3362,0,0,0,0,1.0,1.0,1.0,1.0,1.0,1,0.3334157909729497,33
1734,2,3364,3364,0,0,0,0,1.0,1.0,1.0,1.0,1.0,1,0.3760619647549202,34
1735,6,3370,3370,0,0,0,0,1.0,1.0,1.0,1.0,1.0,1,0.3071918281702067,33
1736,3,3373,3373,0,0,0,0,1.0,1.0,1.0,1.0,1.0,1,0.26674769968667583,33
1737,1,3374,3374,0,0,0,0,1.0,1.0,1.0,1.0,1.0,1,0.19428936592839638,35
1738,3,3377,3377,0,0,0,0,1.0,1.0,1.0,1.0,1.0,1,0.18944970142255116,36
1739,2,3379,3379,0,0,0,0,1.0,1.0,1.0,1.0,1.0,1,0.18508937619793406,36
1740,1,3380,3380,0,0,0,0,1.0,1.0,1.0,1.0,1.0,1,0.22203538777030923,37
1741,1,3381,3381,0,0,0,0,1.0,1.0,1.0,1.0,1.0,1,0.2145773901014735,36
1742,1,3382,3382,0,0,0,0,1.0,1.0,1.0,1.0,1.0,1,0.2270523449027523,36
1743,3,3385,3385,0,0,0,0,1.0,1.0,1.0,1.0,1.0,1,0.20251550140196056,37
1744,0,3385,3385,0,0,0,0,1.0,1.0,1.0,1.0,1.0,1,0.18665989501308797,37
1745,2,3387,3387,0,0,0,0,1.0,1.0,1.0,1.0,1.0,1,0.19843834949759775,38
1746,0,3387,3387,0,0,0,0,1.0,1.0,1.0,1.0,1.0,1,0.20088377174582012,38
1747,1,3388,3388,0,0,0,0,1.0,1.0,1.0,1.0,1.0,1,0.2054619910745205,37
1748,0,3388,3388,0,0,0,0,1.0,1.0,1.0,1.0,1.0,1,0.2067609667640533,38
1749,1,3389,3389,0,0,0,0,1.0,1.0,1.0,1.0,1.0,1,0.20511233102288026,38
1750,3,3392,3392,0,0,0,0,1.0,1.0,1.0,1.0,1.0,1,0.21835493549846396,39
1751,4,3396,3396,0,0,0,0,1.0,1.0,1.0,1.0,1.0,1,0.23027313556103787,41
1752,2,3398,3398,0,0,0,0,1.0,1.0,1.0,1.0,1.0,1,0.25721819026004616,41
1753,2,3400,3400,0,0,0,0,1.0,1.0,1.0,1.0,1.0,1,0.28027721645041337,41
1754,3,3403,3403,0,0,0,0,1.0,1.0,1.0,1.0,1.0,1,0.2335786092627766,40
1755,2,3405,3405,0,0,0,0,1.0,1.0,1.0,1.0,1.0,1,0.2443163272049603,41
1756,3,3408,3408,0,0,0,0,1.0,1.0,1.0,1.0,1.0,1,0.22273316119530434,41
1757,4,3412,3412,0,0,0,0,1.0,1.0,1.0,1.0,1.0,1,0.3068044502921909,40
1758,2,3414,3414,0,0,0,0,1.0,1.0,1.0,1.0,1.0,1,0.26555652128710006,41
1759,3,3417,3417,0,0,0,0,1.0,1.0,1.0,1.0,1.0,1,0.354980597344506,38
1760,5,3422,3422,0,0,0,0,1.0,1.0,1.0,1.0,1.0,1,0.29497628753305527,38
1761,3,3425,3425,0,0,0,0,1.0,1.0,1.0,1.0,1.0,1,0.24897686716124132,37
1762,1,3426,3426,0,0,0,0,1.0,1.0,1.0,1.0,1.0,1,0.20366994234370214,37
1763,1,3427,3427,0,0,0,0,1.0,1.0,1.0,1.0,1.0,1,0.20320873552880458,37
1764,3,3430,3430,0,0,0,0,1.0,1.0,1.0,1.0,1.0,1,0.20341304209012775,36
1765,2,3432,3432,0,0,0,0,1.0,1.0,1.0,1.0,1.0,1,0.22884874204104952,36
1766,1,3433,3433,0,0,0,0,1.0,1.0,1.0,1.0,1.0,1,0.23172776028224468,37
1767,2,3435,3435,0,0,0,0,1.0,1.0,1.0,1.0,1.0,1,0.2412357681109397,37
1768,1,3436,3436,0,0,0,0,1.0,1.0,1.0,1.0,1.0,1,0.24693600043860725,37
1769,2,3438,3438,0,0,0,0,1.0,1.0,1.0,1.0,1.0,1,0.3077543227995923,38
1770,2,3440,3440,0,0,0,0,1.0,1.0,1.0,1.0,1.0,1,0.34229602944119225,39
1771,1,3441,3441,0,0,0,0,1.0,1.0,1.0,1.0,1.0,1,0.32851828515765397,39
1772,1,3442,3442,0,0,0,0,1.0,1.0,1.0,1.0,1.0,1,0.3153265992555659,39
1773,3,3445,3445,0,0,0,0,1.0,1.0,1.0,1.0,1.0,1,0.2531076039847138,41
1774,1,3446,3446,0,0,0,0,1.0,1.0,1.0,1.0,1.0,1,0.21481455383268075,41
1775,1,3447,3447,0,0,0,0,1.0,1.0,1.0,1.0,1.0,1,0.22663816896887198,42
1776,1,3448,3448,0,0,0,0,1.0,1.0,1.0,1.0,1.0,1,0.2363040600594753,43
1777,1,3449,3449,0,0,0,0,1.0,1.0,1.0,1.0,1.0,1,0.2003457444454472,43
1778,0,3449,3449,0,0,0,0,1.0,1.0,1.0,1.0,1.0,1,0.20150030673757088,44
1779,2,3451,3451,0,0,0,0,1.0,1.0,1.0,1.0,1.0,1,0.20312995840022088,46
1780,0,3451,3451,0,0,0,0,1.0,1.0,1.0,1.0,1.0,1,0.20312995840022088,46
1781,0,3451,3451,0,0,0,0,1.0,1.0,1.0,1.0,1.0,1,0.20312995840022088,46
1782,1,3452,3452,0,0,0,0,1.0,1.0,1.0,1.0,1.0,1,0.2635574910247006,46
1783,0,3452,3452,0,0,0,0,1.0,1.0,1.0,1.0,1.0,1,0.26417259613901406,44
1784,3,3455,3455,0,0,0,0,1.0,1.0,1.0,1.0,1.0,1,0.20326160284092448,45
1785,2,3457,3457,0,0,0,0,1.0,1.0,1.0,1.0,1.0,1,0.20392862490198432,42
1786,4,3461,3461,0,0,0,0,1.0,1.0,1.0,1.0,1.0,1,0.1704570308166659,43
1787,2,3463,3463,0,0,0,0,1.0,1.0,1.0,1.0,1.0,1,0.18369466448227312,41
1788,6,3469,3469,0,0,0,0,1.0,1.0,1.0,1.0,1.0,1,0.20711147271280475,41
1789,4,3473,3473,0,0,0,0,1.0,1.0,1.0,1.0,1.0,1,0.21087512432184657,41
1790,3,3476,3476,0,0,0,0,1.0,1.0,1.0,1.0,1.0,1,0.2567265399237329,41
1791,5,3481,3481,0,0,0,0,1.0,1.0,1.0,1.0,1.0,1,0.20416005175951782,40
1792,5,3486,3486,0,0,0,0,1.0,1.0,1.0,1.0,1.0,1,0.23092282847457535,40
1793,3,3489,3489,0,0,0,0,1.0,1.0,1.0,1.0,1.0,1,0.20057469576258588,41
1794,0,3489,3489,0,0,0,0,1.0,1.0,1.0,1.0,1.0,1,0.20057469576258588,41
1795,1,3490,3490,0,0,0,0,1.0,1.0,1.0,1.0,1.0,1,0.18253070553956427,40
1796,2,3492,3492,0,0,0,0,1.0,1.0,1.0,1.0,1.0,1,0.15426763316244257,40
1797,1,3493,3493,0,0,0,0,1.0,1.0,1.0,1.0,1.0,1,0.13025962408290073,37
1798,1,3494,3494,0,0,0,0,1.0,1.0,1.0,1.0,1.0,1,0.16458269924760396,37
1799,2,3496,3496,0,0,0,0,1.0,1.0,1.0,1.0,1.0,1,0.21925371756473092,36
1800,1,3497,3497,0,0,0,0,1.0,1.0,1.0,1.0,1.0,1,0.23563373334003104,36
1801,1,3498,3498,0,0,0,0,1.0,1.0,1.0,1.0,1.0,1,0.25454779452636545,34
1802,3,3501,3501,0,0,0,0,1.0,1.0,1.0,1.0,1.0,1,0.22209103156194393,33
1803,2,3503,3503,0,0,0,0,1.0,1.0,1.0,1.0,1.0,1,0.2101429535963452,33
1804,3,3506,3506,0,0,0,0,1.0,1.0,1.0,1.0,1.0,1,0.15736615472643561,33
1805,2,3508,3508,0,0,0,0,1.0,1.0,1.0,1.0,1.0,1,0.16303461398916966,35
1806,3,3511,3511,0,0,0,0,1.0,1.0,1.0,1.0,1.0,1,0.1561517187793429,35
1807,1,3512,3512,0,0,0,0,1.0,1.0,1.0,1.0,1.0,1,0.1868068524898419,35
1808,1,3513,3513,0,0,0,0,1.0,1.0,1.0,1.0,1.0,1,0.1219658378754832,36
1809,1,3514,3514,0,0,0,0,1.0,1.0,1.0,1.0,1.0,1,0.117055443193712,36
1810,0,3514,3514,0,0,0,0,1.0,1.0,1.0,1.0,1.0,1,0.11522763926972304,35
1811,1,3515,3515,0,0,0,0,1.0,1.0,1.0,1.0,1.0,1,0.1514134303042443,36
1812,0,3515,3515,0,0,0,0,1.0,1.0,1.0,1.0,1.0,1,0.16370369497257292,36
1813,2,3517,3517,0,0,0,0,1.0,1.0,1.0,1.0,1.0,1,0.1348962722811364,36
1814,3,3520,3520,0,0,0,0,1.0,1.0,1.0,1.0,1.0,1,0.20567810122769856,34
1815,4,3524,3524,0,0,0,0,1.0,1.0,1.0,1.0,1.0,1,0.1966171467945929,35
1816,3,3527,3527,0,0,0,0,1.0,1.0,1.0,1.0,1.0,1,0.21073492272570368,34
1817,1,3528,3528,0,0,0,0,1.0,1.0,1.0,1.0,1.0,1,0.2288350944103713,34
1818,2,3530,3530,0,0,0,0,1.0,1.0,1.0,1.0,1.0,1,0.18448350310946454,34
1819,2,3532,3532,0,0,0,0,1.0,1.0,1.0,1.0,1.0,1,0.14200807236969776,35
1820,5,3537,3537,0,0,0,0,1.0,1.0,1.0,1.0,1.0,1,0.2319477652869652,36
1821,3,3540,3540,0,0,0,0,1.0,1.0,1.0,1.0,1.0,1,0.2449646099132956,36
1822,2,3542,3542,0,0,0,0,1.0,1.0,1.0,1.0,1.0,1,0.2968765036472531,37
1823,1,3543,3543,0,0,0,0,1.0,1.0,1.0,1.0,1.0,1,0.24992279827936487,38
1824,0,3543,3543,0,0,0,0,1.0,1.0,1.0,1.0,1.0,1,0.23529877791842846,37
1825,0,3543,3543,0,0,0,0,1.0,1.0,1.0,1.0,1.0,1,0.23073264023130136,36
1826,1,3544,3544,0,0,0,0,1.0,1.0,1.0,1.0,1.0,1,0.18897636101584717,35
1827,2,3546,3546,0,0,0,0,1.0,1.0,1.0,1.0,1.0,1,0.25260948013860185,35
1828,2,3548,3548,0,0,0,0,1.0,1.0,1.0,1.0,1.0,1,0.23488376425501387,33
1829,1,3549,3549,0,0,0,0,1.0,1.0,1.0,1.0,1.0,1,0.23325128450708046,32
1830,2,3551,3551,0,0,0,0,1.0,1.0,1.0,1.0,1.0,1,0.2529152513533728,32
1831,0,3551,3551,0,0,0,0,1.0,1.0,1.0,1.0,1.0,1,0.31200362776472873,30
1832,1,3552,3552,0,0,0,0,1.0,1.0,1.0,1.0,1.0,1,0.32445813401817314,30
1833,3,3555,3555,0,0,0,0,1.0,1.0,1.0,1.0,1.0,1,0.2731488655540669,29
1834,0,3555,3555,0,0,0,0,1.0,1.0,1.0,1.0,1.0,1,0.2741945865967693,28
1835,3,3558,3558,0,0,0,0,1.0,1.0,1.0,1.0,1.0,1,0.19477511497237238,28
1836,0,3558,3558,0,0,0,0,1.0,1.0,1.0,1.0,1.0,1,0.21816736557556793,29
1837,1,3559,3559,0,0,0,0,1.0,1.0,1.0,1.0,1.0,1,0.25298201890814975,28
1838,0,3559,3559,0,0,0,0,1.0,1.0,1.0,1.0,1.0,1,0.26185611535048425,28
1839,0,3559,3559,0,0,0,0,1.0,1.0,1.0,1.0,1.0,1,0.2956170912281394,27
1840,2,3561,3561,0,0,0,0,1.0,1.0,1.0,1.0,1.0,1,0.3074715965604099,26
1841,2,3563,3563,0,0,0,0,1.0,1.0,1.0,1.0,1.0,1,0.3344169033857075,25
1842,1,3564,3564,0,0,0,0,1.0,1.0,1.0,1.0,1.0,1,0.32164834920829277,26
1843,2,3566,3566,0,0,0,0,1.0,1.0,1.0,1.0,1.0,1,0.29393226632770975,26
1844,3,3569,3569,0,0,0,0,1.0,1.0,1.0,1.0,1.0,1,0.24662939693937347,26
1845,1,3570,3570,0,0,0,0,1.0,1.0,1.0,1.0,1.0,1,0.22602166144503616,26
1846,0,3570,3570,0,0,0,0,1.0,1.0,1.0,1.0,1.0,1,0.22602166144503616,26
1847,5,3575,3575,0,0,0,0,1.0,1.0,1.0,1.0,1.0,1,0.20342213803724846,26
1848,0,3575,3575,0,0,0,0,1.0,1.0,1.0,1.0,1.0,1,0.18599950575450322,27
1849,0,3575,3575,0,0,0,0,1.0,1.0,1.0,1.0,1.0,1,0.18599950575450322,27
1850,1,3576,3576,0,0,0,0,1.0,1.0,1.0,1.0,1.0,1,0.1343305911130368,28
1851,0,3576,3576,0,0,0,0,1.0,1.0,1.0,1.0,1.0,1,0.1343305911130368,28
1852,3,3579,3579,0,0,0,0,1.0,1.0,1.0,1.0,1.0,1,0.21996406760719722,28
1853,0,3579,3579,0,0,0,0,1.0,1.0,1.0,1.0,1.0,1,0.25966513658294793,27
1854,2,3581,3581,0,0,0,0,1.0,1.0,1.0,1.0,1.0,1,0.3524397042401746,28
1855,0,3581,3581,0,0,0,0,1.0,1.0,1.0,1.0,1.0,1,0.3524397042401746,28
1856,0,3581,3581,0,0,0,0,1.0,1.0,1.0,1.0,1.0,1,0.36497632022577137,30
1857,3,3584,3584,0,0,0,0,1.0,1.0,1.0,1.0,1.0,1,0.3313294780457264,31
1858,0,3584,3584,0,0,0,0,1.0,1.0,1.0,1.0,1.0,1,0.3313294780457264,31
1859,0,3584,3584,0,0,0,0,1.0,1.0,1.0,1.0,1.0,1,0.3313294780457264,31
1860,0,3584,3584,0,0,0,0,1.0,1.0,1.0,1.0,1.0,1,0.3313294780457264,31
1861,2,3586,3586,0,0,0,0,1.0,1.0,1.0,1.0,1.0,1,0.3001521240372635,31
1862,0,3586,3586,0,0,0,0,1.0,1.0,1.0,1.0,1.0,1,0.3001521240372635,31
1863,3,3589,3589,0,0,0,0,1.0,1.0,1.0,1.0,1.0,1,0.34174698426385014,31
1864,0,3589,3589,0,0,0,0,1.0,1.0,1.0,1.0,1.0,1,0.33293174397989217,30
1865,3,3592,3592,0,0,0,0,1.0,1.0,1.0,1.0,1.0,1,0.31935621580618717,27
1866,2,3594,3594,0,0,0,0,1.0,1.0,1.0,1.0,1.0,1,0.23103272474290373,28
1867,1,3595,3595,0,0,0,0,1.0,1.0,1.0,1.0,1.0,1,0.210711353527035,26
1868,2,3597,3597,0,0,0,0,1.0,1.0,1.0,1.0,1.0,1,0.18799890195480734,26
1869,1,3598,3598,0,0,0,0,1.0,1.0,1.0,1.0,1.0,1,0.20106080440436527,25
1870,1,3599,3599,0,0,0,0,1.0,1.0,1.0,1.0,1.0,1,0.1703413679028618,25
1871,0,3599,3599,0,0,0,0,1.0,1.0,1.0,1.0,1.0,1,0.1733563602299465,26
1872,0,3599,3599,0,0,0,0,1.0,1.0,1.0,1.0,1.0,1,0.2086863294265911,25
1873,1,3600,3600,0,0,0,0,1.0,1.0,1.0,1.0,1.0,1,0.20516717938180723,23
1874,2,3602,3602,0,0,0,0,1.0,1.0,1.0,1.0,1.0,1,0.23096965968331104,23
1875,2,3604,3604,0,0,0,0,1.0,1.0,1.0,1.0,1.0,1,0.30673807323649604,21
1876,0,3604,3604,0,0,0,0,1.0,1.0,1.0,1.0,1.0,1,0.2658252385810446,24
1877,1,3605,3605,0,0,0,0,1.0,1.0,1.0,1.0,1.0,1,0.22253343535769915,24
1878,1,3606,3606,0,0,0,0,1.0,1.0,1.0,1.0,1.0,1,0.1792060085891025,26
1879,0,3606,3606,0,0,0,0,1.0,1.0,1.0,1.0,1.0,1,0.1792060085891025,26
1880,2,3608,3608,0,0,0,0,1.0,1.0,1.0,1.0,1.0,1,0.2023692174824267,26
1881,0,3608,3608,0,0,0,0,1.0,1.0,1.0,1.0,1.0,1,0.2023692174824267,26
1882,2,3610,3610,0,0,0,0,1.0,1.0,1.0,1.0,1.0,1,0.25296030798892066,25
1883,1,3611,3611,0,0,0,0,1.0,1.0,1.0,1.0,1.0,1,0.27162358940110193,25
1884,1,3612,3612,0,0,0,0,1.0,1.0,1.0,1.0,1.0,1,0.28833952910295585,25
1885,1,3613,3613,0,0,0,0,1.0,1.0,1.0,1.0,1.0,1,0.24348027159827776,25
1886,3,3616,3616,0,0,0,0,1.0,1.0,1.0,1.0,1.0,1,0.293871255429947,26
1887,1,3617,3617,0,0,0,0,1.0,1.0,1.0,1.0,1.0,1,0.2585048090788481,26
1888,0,3617,3617,0,0,0,0,1.0,1.0,1.0,1.0,1.0,1,0.24031591395737817,27
1889,1,3618,3618,0,0,0,0,1.0,1.0,1.0,1.0,1.0,1,0.3114909318235494,28
1890,0,3618,3618,0,0,0,0,1.0,1.0,1.0,1.0,1.0,1,0.3114909318235494,28
1891,0,3618,3618,0,0,0,0,1.0,1.0,1.0,1.0,1.0,1,0.33200531711109266,29
1892,1,3619,3619,0,0,0,0,1.0,1.0,1.0,1.0,1.0,1,0.36611676256351805,29
1893,0,3619,3619,0,0,0,0,1.0,1.0,1.0,1.0,1.0,1,0.36611676256351805,29
1894,2,3621,3621,0,0,0,0,1.0,1.0,1.0,1.0,1.0,1,0.3295522407217802,29
1895,0,3621,3621,0,0,0,0,1.0,1.0,1.0,1.0,1.0,1,0.3627647261302767,31
1896,0,3621,3621,0,0,0,0,1.0,1.0,1.0,1.0,1.0,1,0.3627647261302767,31
1897,1,3622,3622,0,0,0,0,1.0,1.0,1.0,1.0,1.0,1,0.3511992019766822,31
1898,0,3622,3622,0,0,0,0,1.0,1.0,1.0,1.0,1.0,1,0.3511992019766822,31
1899,1,3623,3623,0,0,0,0,1.0,1.0,1.0,1.0,1.0,1,0.3468458509867967,32
1900,1,3624,3624,0,0,0,0,1.0,1.0,1.0,1.0,1.0,1,0.3419440766393521,32
1901,1,3625,3625,0,0,0,0,1.0,1.0,1.0,1.0,1.0,1,0.3196082295170402,32
1902,1,3626,3626,0,0,0,0,1.0,1.0,1.0,1.0,1.0,1,0.2849698745522172,32
1903,0,3626,3626,0,0,0,0,1.0,1.0,1.0,1.0,1.0,1,0.2849698745522172,32
1904,0,3626,3626,0,0,0,0,1.0,1.0,1.0,1.0,1.0,1,0.2689503644945536,34
1905,0,3626,3626,0,0,0,0,1.0,1.0,1.0,1.0,1.0,1,0.2689503644945536,34
1906,0,3626,3626,0,0,0,0,1.0,1.0,1.0,1.0,1.0,1,0.27828619960702905,35
1907,1,3627,3627,0,0,0,0,1.0,1.0,1.0,1.0,1.0,1,0.259792011555884,36
1908,0,3627,3627,0,0,0,0,1.0,1.0,1.0,1.0,1.0,1,0.259792011555884,36
1909,3,3630,3630,0,0,0,0,1.0,1.0,1.0,1.0,1.0,1,0.2334523572786309,37
1910,0,3630,3630,0,0,0,0,1.0,1.0,1.0,1.0,1.0,1,0.23402821541949131,38
1911,1,3631,3631,0,0,0,0,1.0,1.0,1.0,1.0,1.0,1,0.22489629278715392,37
1912,4,3635,3635,0,0,0,0,1.0,1.0,1.0,1.0,1.0,1,0.22526058716274175,37
1913,1,3636,3636,0,0,0,0,1.0,1.0,1.0,1.0,1.0,1,0.23126702075997727,36
1914,1,3637,3637,0,0,0,0,1.0,1.0,1.0,1.0,1.0,1,0.21014080863685705,37
1915,1,3638,3638,0,0,0,0,1.0,1.0,1.0,1.0,1.0,1,0.19862924487102737,37
1916,3,3641,3641,0,0,0,0,1.0,1.0,1.0,1.0,1.0,1,0.21462585340214127,39
1917,1,3642,3642,0,0,0,0,1.0,1.0,1.0,1.0,1.0,1,0.22523914798373632,38
1918,0,3642,3642,0,0,0,0,1.0,1.0,1.0,1.0,1.0,1,0.22378586115954108,38
1919,1,3643,3643,0,0,0,0,1.0,1.0,1.0,1.0,1.0,1,0.20962834262282284,38
1920,6,3649,3649,0,0,0,0,1.0,1.0,1.0,1.0,1.0,1,0.30501999960047227,39
1921,3,3652,3652,0,0,0,0,1.0,1.0,1.0,1.0,1.0,1,0.28190592312546414,38
1922,2,3654,3654,0,0,0,0,1.0,1.0,1.0,1.0,1.0,1,0.2460717688848631,39
1923,2,3656,3656,0,0,0,0,1.0,1.0,1.0,1.0,1.0,1,0.26586169168948315,40
1924,4,3660,3660,0,0,0,0,1.0,1.0,1.0,1.0,1.0,1,0.2870653260343841,40
1925,3,3663,3663,0,0,0,0,1.0,1.0,1.0,1.0,1.0,1,0.26366434826579616,40
1926,3,3666,3666,0,0,0,0,1.0,1.0,1.0,1.0,1.0,1,0.26887353253590757,40
1927,1,3667,3667,0,0,0,0,1.0,1.0,1.0,1.0,1.0,1,0.2522934905560284,41
1928,1,3668,3668,0,0,0,0,1.0,1.0,1.0,1.0,1.0,1,0.2840157181647656,41
1929,2,3670,3670,0,0,0,0,1.0,1.0,1.0,1.0,1.0,1,0.30037617575035025,40
1930,2,3672,3672,0,0,0,0,1.0,1.0,1.0,1.0,1.0,1,0.2768011713789243,40
1931,0,3672,3672,0,0,0,0,1.0,1.0,1.0,1.0,1.0,1,0.2768011713789243,40
1932,1,3673,3673,0,0,0,0,1.0,1.0,1.0,1.0,1.0,1,0.2945704039160091,40
1933,0,3673,3673,0,0,0,0,1.0,1.0,1.0,1.0,1.0,1,0.2910997828042674,42
1934,1,3674,3674,0,0,0,0,1.0,1.0,1.0,1.0,1.0,1,0.2348741397557651,44
1935,2,3676,3676,0,0,0,0,1.0,1.0,1.0,1.0,1.0,1,0.20913315210724218,44
1936,2,3678,3678,0,0,0,0,1.0,1.0,1.0,1.0,1.0,1,0.22267354344894252,46
1937,2,3680,3680,0,0,0,0,1.0,1.0,1.0,1.0,1.0,1,0.17075069047151867,47
1938,1,3681,3681,0,0,0,0,1.0,1.0,1.0,1.0,1.0,1,0.15660002337997816,47
1939,0,3681,3681,0,0,0,0,1.0,1.0,1.0,1.0,1.0,1,0.15660002337997816,47
1940,1,3682,3682,0,0,0,0,1.0,1.0,1.0,1.0,1.0,1,0.13353012299251615,47
1941,3,3685,3685,0,0,0,0,1.0,1.0,1.0,1.0,1.0,1,0.12921443642986016,47
1942,1,3686,3686,0,0,0,0,1.0,1.0,1.0,1.0,1.0,1,0.14947876758455678,49
1943,3,3689,3689,0,0,0,0,1.0,1.0,1.0,1.0,1.0,1,0.18112980314624955,47
1944,2,3691,3691,0,0,0,0,1.0,1.0,1.0,1.0,1.0,1,0.15550356521515526,47
1945,6,3697,3697,0,0,0,0,1.0,1.0,1.0,1.0,1.0,1,0.14334303416225072,45
1946,1,3698,3698,0,0,0,0,1.0,1.0,1.0,1.0,1.0,1,0.18833852417553015,45
1947,2,3700,3700,0,0,0,0,1.0,1.0,1.0,1.0,1.0,1,0.20584767684788333,45
1948,3,3703,3703,0,0,0,0,1.0,1.0,1.0,1.0,1.0,1,0.17501046664221653,45
1949,0,3703,3703,0,0,0,0,1.0,1.0,1.0,1.0,1.0,1,0.1831572187659431,42
1950,0,3703,3703,0,0,0,0,1.0,1.0,1.0,1.0,1.0,1,0.17166754808228782,42
1951,1,3704,3704,0,0,0,0,1.0,1.0,1.0,1.0,1.0,1,0.16945778203646528,38
1952,1,3705,3705,0,0,0,0,1.0,1.0,1.0,1.0,1.0,1,0.15298886281785717,36
1953,3,3708,3708,0,0,0,0,1.0,1.0,1.0,1.0,1.0,1,0.18569303154774006,35
1954,4,3712,3712,0,0,0,0,1.0,1.0,1.0,1.0,1.0,1,0.22513371187093162,32
1955,3,3715,3715,0,0,0,0,1.0,1.0,1.0,1.0,1.0,1,0.1922496318609041,33
1956,5,3720,3720,0,0,0,0,1.0,1.0,1.0,1.0,1.0,1,0.27506680201210565,31
1957,2,3722,3722,0,0,0,0,1.0,1.0,1.0,1.0,1.0,1,0.23508424278863957,33
1958,5,3727,3727,0,0,0,0,1.0,1.0,1.0,1.0,1.0,1,0.22807808346891778,34
1959,0,3727,3727,0,0,0,0,1.0,1.0,1.0,1.0,1.0,1,0.2013985972154667,35
1960,3,3730,3730,0,0,0,0,1.0,1.0,1.0,1.0,1.0,1,0.23427620946844338,36
1961,0,3730,3730,0,0,0,0,1.0,1.0,1.0,1.0,1.0,1,0.23710753944099558,36
1962,2,3732,3732,0,0,0,0,1.0,1.0,1.0,1.0,1.0,1,0.25464075966316035,35
1963,1,3733,3733,0,0,0,0,1.0,1.0,1.0,1.0,1.0,1,0.21900191357337326,36
1964,4,3737,3737,0,0,0,0,1.0,1.0,1.0,1.0,1.0,1,0.18230226690170845,35
1965,2,3739,3739,0,0,0,0,1.0,1.0,1.0,1.0,1.0,1,0.20654409037846783,36
1966,2,3741,3741,0,0,0,0,1.0,1.0,1.0,1.0,1.0,1,0.17203231246160738,36
1967,4,3745,3745,0,0,0,0,1.0,1.0,1.0,1.0,1.0,1,0.12113594587006599,36
1968,0,3745,3745,0,0,0,0,1.0,1.0,1.0,1.0,1.0,1,0.12052790011896564,37
1969,2,3747,3747,0,0,0,0,1.0,1.0,1.0,1.0,1.0,1,0.07257839656136375,37
1970,0,3747,3747,0,0,0,0,1.0,1.0,1.0,1.0,1.0,1,0.10098566796521746,38
1971,1,3748,3748,0,0,0,0,1.0,1.0,1.0,1.0,1.0,1,0.14014624166737466,37
1972,2,3750,3750,0,0,0,0,1.0,1.0,1.0,1.0,1.0,1,0.13084406646539734,37
1973,2,3752,3752,0,0,0,0,1.0,1.0,1.0,1.0,1.0,1,0.16188530634530499,37
1974,2,3754,3754,0,0,0,0,1.0,1.0,1.0,1.0,1.0,1,0.1483054311283501,38
1975,4,3758,3758,0,0,0,0,1.0,1.0,1.0,1.0,1.0,1,0.13165028111991556,37
1976,2,3760,3760,0,0,0,0,1.0,1.0,1.0,1.0,1.0,1,0.15238573247845555,39
1977,0,3760,3760,0,0,0,0,1.0,1.0,1.0,1.0,1.0,1,0.13095795691264517,42
1978,1,3761,3761,0,0,0,0,1.0,1.0,1.0,1.0,1.0,1,0.14605749118322786,42
1979,1,3762,3762,0,0,0,0,1.0,1.0,1.0,1.0,1.0,1,0.17648394533382813,42
1980,1,3763,3763,0,0,0,0,1.0,1.0,1.0,1.0,1.0,1,0.18288491413067326,43
1981,0,3763,3763,0,0,0,0,1.0,1.0,1.0,1.0,1.0,1,0.1927924545480634,44
1982,0,3763,3763,0,0,0,0,1.0,1.0,1.0,1.0,1.0,1,0.1927924545480634,44
1983,3,3766,3766,0,0,0,0,1.0,1.0,1.0,1.0,1.0,1,0.22503800758254364,44
1984,1,3767,3767,0,0,0,0,1.0,1.0,1.0,1.0,1.0,1,0.20916387629442673,42
1985,2,3769,3769,0,0,0,0,1.0,1.0,1.0,1.0,1.0,1,0.2778881287972572,41
1986,1,3770,3770,0,0,0,0,1.0,1.0,1.0,1.0,1.0,1,0.25613999376455093,40
1987,4,3774,3774,0,0,0,0,1.0,1.0,1.0,1.0,1.0,1,0.25015634312924845,37
1988,6,3780,3780,0,0,0,0,1.0,1.0,1.0,1.0,1.0,1,0.2022434096653088,35
1989,1,3781,3781,0,0,0,0,1.0,1.0,1.0,1.0,1.0,1,0.20427471691962412,32
1990,6,3787,3787,0,0,0,0,1.0,1.0,1.0,1.0,1.0,1,0.23159494140442144,31
1991,1,3788,3788,0,0,0,0,1.0,1.0,1.0,1.0,1.0,1,0.19404935267949058,32
1992,2,3790,3790,0,0,0,0,1.0,1.0,1.0,1.0,1.0,1,0.1995681450644432,32
1993,0,3790,3790,0,0,0,0,1.0,1.0,1.0,1.0,1.0,1,0.22617461323169666,32
1994,2,3792,3792,0,0,0,0,1.0,1.0,1.0,1.0,1.0,1,0.2917363806942582,31
1995,1,3793,3793,0,0,0,0,1.0,1.0,1.0,1.0,1.0,1,0.2884298042398154,32
1996,1,3794,3794,0,0,0,0,1.0,1.0,1.0,1.0,1.0,1,0.3454067045397457,32
1997,1,3795,3795,0,0,0,0,1.0,1.0,1.0,1.0,1.0,1,0.3881992702603913,31
1998,1,3796,3796,0,0,0,0,1.0,1.0,1.0,1.0,1.0,1,0.35584868658269264,32
1999,1,3797,3797,0,0,0,0,1.0,1.0,1.0,1.0,1.0,1,0.37678029896363713,31
2000,2,3799,3799,0,0,0,0,1.0,1.0,1.0,1.0,1.0,1,0.4046827416111061,30
2001,2,3801,3801,0,0,0,0,1.0,1.0,1.0,1.0,1.0,1,0.42123437532828156,29
2002,2,3803,3803,0,0,0,0,1.0,1.0,1.0,1.0,1.0,1,0.34655996488963736,31
2003,1,3804,3804,0,0,0,0,1.0,1.0,1.0,1.0,1.0,1,0.3371494183841225,33
2004,2,3806,3806,0,0,0,0,1.0,1.0,1.0,1.0,1.0,1,0.3274614150966606,34
2005,1,3807,3807,0,0,0,0,1.0,1.0,1.0,1.0,1.0,1,0.29637197993909864,35
2006,3,3810,3810,0,0,0,0,1.0,1.0,1.0,1.0,1.0,1,0.30945096274473693,36
2007,2,3812,3812,0,0,0,0,1.0,1.0,1.0,1.0,1.0,1,0.3086741368673192,36
2008,3,3815,3815,0,0,0,0,1.0,1.0,1.0,1.0,1.0,1,0.2643893736326923,36
2009,1,3816,3816,0,0,0,0,1.0,1.0,1.0,1.0,1.0,1,0.2597043463279171,37
2010,0,3816,3816,0,0,0,0,1.0,1.0,1.0,1.0,1.0,1,0.2597043463279171,37
2011,0,3816,3816,0,0,0,0,1.0,1.0,1.0,1.0,1.0,1,0.2597043463279171,37
2012,1,3817,3817,0,0,0,0,1.0,1.0,1.0,1.0,1.0,1,0.27179187387729786,37
2013,2,3819,3819,0,0,0,0,1.0,1.0,1.0,1.0,1.0,1,0.19076220931253762,39
2014,1,3820,3820,0,0,0,0,1.0,1.0,1.0,1.0,1.0,1,0.20743198878146277,39
2015,2,3822,3822,0,0,0,0,1.0,1.0,1.0,1.0,1.0,1,0.13875156542093206,39
2016,2,3824,3824,0,0,0,0,1.0,1.0,1.0,1.0,1.0,1,0.19731195041917862,41
2017,4,3828,3828,0,0,0,0,1.0,1.0,1.0,1.0,1.0,1,0.14307583671759652,41
2018,3,3831,3831,0,0,0,0,1.0,1.0,1.0,1.0,1.0,1,0.19183566737055988,42
2019,2,3833,3833,0,0,0,0,1.0,1.0,1.0,1.0,1.0,1,0.16884498766291386,43
2020,0,3833,3833,0,0,0,0,1.0,1.0,1.0,1.0,1.0,1,0.16884498766291386,43
2021,3,3836,3836,0,0,0,0,1.0,1.0,1.0,1.0,1.0,1,0.1844550992192041,43
2022,4,3840,3840,0,0,0,0,1.0,1.0,1.0,1.0,1.0,1,0.19541267372891924,44
2023,3,3843,3843,0,0,0,0,1.0,1.0,1.0,1.0,1.0,1,0.25849659871578656,42
2024,6,3849,3849,0,0,0,0,1.0,1.0,1.0,1.0,1.0,1,0.26537455816669436,41
2025,2,3851,3851,0,0,0,0,1.0,1.0,1.0,1.0,1.0,1,0.2720363852512725,39
2026,3,3854,3854,0,0,0,0,1.0,1.0,1.0,1.0,1.0,1,0.2795235158443453,39
2027,4,3858,3858,0,0,0,0,1.0,1.0,1.0,1.0,1.0,1,0.27404975773994467,38
2028,3,3861,3861,0,0,0,0,1.0,1.0,1.0,1.0,1.0,1,0.2854346231335137,37
2029,4,3865,3865,0,0,0,0,1.0,1.0,1.0,1.0,1.0,1,0.24845854191304292,35
2030,1,3866,3866,0,0,0,0,1.0,1.0,1.0,1.0,1.0,1,0.3389552439061039,32
2031,5,3871,3871,0,0,0,0,1.0,1.0,1.0,1.0,1.0,1,0.27013223555087224,34
2032,2,3873,3873,0,0,0,0,1.0,1.0,1.0,1.0,1.0,1,0.2838227128162351,35
2033,2,3875,3875,0,0,0,0,1.0,1.0,1.0,1.0,1.0,1,0.23678372882514284,35
2034,3,3878,3878,0,0,0,0,1.0,1.0,1.0,1.0,1.0,1,0.24897635014988734,35
2035,2,3880,3880,0,0,0,0,1.0,1.0,1.0,1.0,1.0,1,0.26208323772564573,36
2036,3,3883,3883,0,0,0,0,1.0,1.0,1.0,1.0,1.0,1,0.2938405733122079,35
2037,0,3883,3883,0,0,0,0,1.0,1.0,1.0,1.0,1.0,1,0.2792436648018331,36
2038,2,3885,3885,0,0,0,0,1.0,1.0,1.0,1.0,1.0,1,0.21764896005002501,38
2039,0,3885,3885,0,0,0,0,1.0,1.0,1.0,1.0,1.0,1,0.19113795843537937,38
2040,1,3886,3886,0,0,0,0,1.0,1.0,1.0,1.0,1.0,1,0.16488219881926341,37
2041,1,3887,3887,0,0,0,0,1.0,1.0,1.0,1.0,1.0,1,0.14264076320450253,38
2042,1,3888,3888,0,0,0,0,1.0,1.0,1.0,1.0,1.0,1,0.15800643029384945,38
2043,1,3889,3889,0,0,0,0,1.0,1.0,1.0,1.0,1.0,1,0.13705373558305506,38
2044,1,3890,3890,0,0,0,0,1.0,1.0,1.0,1.0,1.0,1,0.11062108806136636,39
2045,3,3893,3893,0,0,0,0,1.0,1.0,1.0,1.0,1.0,1,0.10440939134733825,40
2046,0,3893,3893,0,0,0,0,1.0,1.0,1.0,1.0,1.0,1,0.09731696983606375,41
2047,3,3896,3896,0,0,0,0,1.0,1.0,1.0,1.0,1.0,1,0.11993074400757475,41
2048,1,3897,3897,0,0,0,0,1.0,1.0,1.0,1.0,1.0,1,0.10783169497807081,43
2049,2,3899,3899,0,0,0,0,1.0,1.0,1.0,1.0,1.0,1,0.1394624550470394,43
2050,3,3902,3902,0,0,0,0,1.0,1.0,1.0,1.0,1.0,1,0.16071696384427217,43
2051,1,3903,3903,0,0,0,0,1.0,1.0,1.0,1.0,1.0,1,0.17955725908346334,43
2052,2,3905,3905,0,0,0,0,1.0,1.0,1.0,1.0,1.0,1,0.1836125983559402,44
2053,3,3908,3908,0,0,0,0,1.0,1.0,1.0,1.0,1.0,1,0.18729377405775063,43
2054,4,3912,3912,0,0,0,0,1.0,1.0,1.0,1.0,1.0,1,0.16166466735845444,44
2055,1,3913,3913,0,0,0,0,1.0,1.0,1.0,1.0,1.0,1,0.155246946005039,43
2056,6,3919,3919,0,0,0,0,1.0,1.0,1.0,1.0,1.0,1,0.06604752548330577,44
2057,1,3920,3920,0,0,0,0,1.0,1.0,1.0,1.0,1.0,1,0.10787977902138575,44
2058,2,3922,3922,0,0,0,0,1.0,1.0,1.0,1.0,1.0,1,0.11505762973279955,44
2059,4,3926,3926,0,0,0,0,1.0,1.0,1.0,1.0,1.0,1,0.11960683457012437,45
2060,1,3927,3927,0,0,0,0,1.0,1.0,1.0,1.0,1.0,1,0.15682399689812968,46
2061,2,3929,3929,0,0,0,0,1.0,1.0,1.0,1.0,1.0,1,0.11964100635727476,48
2062,2,3931,3931,0,0,0,0,1.0,1.0,1.0,1.0,1.0,1,0.13797936178126596,48
2063,1,3932,3932,0,0,0,0,1.0,1.0,1.0,1.0,1.0,1,0.10344829730517406,45
2064,0,3932,3932,0,0,0,0,1.0,1.0,1.0,1.0,1.0,1,0.13250888722699594,44
2065,3,3935,3935,0,0,0,0,1.0,1.0,1.0,1.0,1.0,1,0.13141908431730207,42
2066,1,3936,3936,0,0,0,0,1.0,1.0,1.0,1.0,1.0,1,0.1440216061014578,42
2067,2,3938,3938,0,0,0,0,1.0,1.0,1.0,1.0,1.0,1,0.21045566328794055,38
2068,1,3939,3939,0,0,0,0,1.0,1.0,1.0,1.0,1.0,1,0.23511635180172896,37
2069,3,3942,3942,0,0,0,0,1.0,1.0,1.0,1.0,1.0,1,0.21932987726177483,35
2070,0,3942,3942,0,0,0,0,1.0,1.0,1.0,1.0,1.0,1,0.21950137053404184,35
2071,1,3943,3943,0,0,0,0,1.0,1.0,1.0,1.0,1.0,1,0.25830524510866043,34
2072,0,3943,3943,0,0,0,0,1.0,1.0,1.0,1.0,1.0,1,0.29718641063896856,35
2073,2,3945,3945,0,0,0,0,1.0,1.0,1.0,1.0,1.0,1,0.19709015176716885,37
2074,0,3945,3945,0,0,0,0,1.0,1.0,1.0,1.0,1.0,1,0.20048314644504867,36
2075,2,3947,3947,0,0,0,0,1.0,1.0,1.0,1.0,1.0,1,0.12563419870246298,38
2076,0,3947,3947,0,0,0,0,1.0,1.0,1.0,1.0,1.0,1,0.14228793038504922,37
2077,3,3950,3950,0,0,0,0,1.0,1.0,1.0,1.0,1.0,1,0.1256482491430585,37
2078,2,3952,3952,0,0,0,0,1.0,1.0,1.0,1.0,1.0,1,0.11311839335480621,37
2079,2,3954,3954,0,0,0,0,1.0,1.0,1.0,1.0,1.0,1,0.1426900696421086,37
2080,2,3956,3956,0,0,0,0,1.0,1.0,1.0,1.0,1.0,1,0.19954357684956786,36
2081,4,3960,3960,0,0,0,0,1.0,1.0,1.0,1.0,1.0,1,0.20402992811582085,37
2082,0,3960,3960,0,0,0,0,1.0,1.0,1.0,1.0,1.0,1,0.20496459345122048,38
2083,6,3966,3966,0,0,0,0,1.0,1.0,1.0,1.0,1.0,1,0.15919095742272013,39
2084,0,3966,3966,0,0,0,0,1.0,1.0,1.0,1.0,1.0,1,0.16194257797576886,41
2085,3,3969,3969,0,0,0,0,1.0,1.0,1.0,1.0,1.0,1,0.18896396288398792,41
2086,1,3970,3970,0,0,0,0,1.0,1.0,1.0,1.0,1.0,1,0.1912284161487592,44
2087,3,3973,3973,0,0,0,0,1.0,1.0,1.0,1.0,1.0,1,0.2654705415563233,44
2088,1,3974,3974,0,0,0,0,1.0,1.0,1.0,1.0,1.0,1,0.27677389476776404,45
2089,0,3974,3974,0,0,0,0,1.0,1.0,1.0,1.0,1.0,1,0.2609999107254515,46
2090,5,3979,3979,0,0,0,0,1.0,1.0,1.0,1.0,1.0,1,0.17003248126139267,47
2091,1,3980,3980,0,0,0,0,1.0,1.0,1.0,1.0,1.0,1,0.18291835774260168,48
2092,5,3985,3985,0,0,0,0,1.0,1.0,1.0,1.0,1.0,1,0.17621022354972402,48
2093,1,3986,3986,0,0,0,0,1.0,1.0,1.0,1.0,1.0,1,0.18617366553818632,48
2094,2,3988,3988,0,0,0,0,1.0,1.0,1.0,1.0,1.0,1,0.1611153064615454,47
2095,1,3989,3989,0,0,0,0,1.0,1.0,1.0,1.0,1.0,1,0.15966595955242707,49
2096,3,3992,3992,0,0,0,0,1.0,1.0,1.0,1.0,1.0,1,0.15431370146667714,50
2097,1,3993,3993,0,0,0,0,1.0,1.0,1.0,1.0,1.0,1,0.16417447756658154,50
2098,3,3996,3996,0,0,0,0,1.0,1.0,1.0,1.0,1.0,1,0.1803455205345721,51
2099,2,3998,3998,0,0,0,0,1.0,1.0,1.0,1.0,1.0,1,0.22907074734303043,50
2100,1,3999,3999,0,0,0,0,1.0,1.0,1.0,1.0,1.0,1,0.21229967796521573,49
2101,0,3999,3999,0,0,0,0,1.0,1.0,1.0,1.0,1.0,1,0.23641692755732638,48
2102,0,3999,3999,0,0,0,0,1.0,1.0,1.0,1.0,1.0,1,0.2423485678089683,49
2103,2,4001,4001,0,0,0,0,1.0,1.0,1.0,1.0,1.0,1,0.2707224022714582,44
2104,1,4002,4002,0,0,0,0,1.0,1.0,1.0,1.0,1.0,1,0.31939173287613265,42
2105,2,4004,4004,0,0,0,0,1.0,1.0,1.0,1.0,1.0,1,0.34290458447939254,40
2106,0,4004,4004,0,0,0,0,1.0,1.0,1.0,1.0,1.0,1,0.3799122650375385,39
2107,4,4008,4008,0,0,0,0,1.0,1.0,1.0,1.0,1.0,1,0.3220673309826384,37
2108,0,4008,4008,0,0,0,0,1.0,1.0,1.0,1.0,1.0,1,0.30149923896947917,37
2109,0,4008,4008,0,0,0,0,1.0,1.0,1.0,1.0,1.0,1,0.2879984010980692,36
2110,1,4009,4009,0,0,0,0,1.0,1.0,1.0,1.0,1.0,1,0.2915399508162427,35
2111,0,4009,4009,0,0,0,0,1.0,1.0,1.0,1.0,1.0,1,0.2915399508162427,35
2112,1,4010,4010,0,0,0,0,1.0,1.0,1.0,1.0,1.0,1,0.2622629817813548,35
2113,1,4011,4011,0,0,0,0,1.0,1.0,1.0,1.0,1.0,1,0.2719659068194669,35
2114,1,4012,4012,0,0,0,0,1.0,1.0,1.0,1.0,1.0,1,0.2725335579630775,36
2115,2,4014,4014,0,0,0,0,1.0,1.0,1.0,1.0,1.0,1,0.2543751790438777,37
2116,1,4015,4015,0,0,0,0,1.0,1.0,1.0,1.0,1.0,1,0.25067123023042437,39
2117,2,4017,4017,0,0,0,0,1.0,1.0,1.0,1.0,1.0,1,0.20027653830785805,39
2118,1,4018,4018,0,0,0,0,1.0,1.0,1.0,1.0,1.0,1,0.21920555398562233,41
2119,1,4019,4019,0,0,0,0,1.0,1.0,1.0,1.0,1.0,1,0.26061648756251754,42
2120,1,4020,4020,0,0,0,0,1.0,1.0,1.0,1.0,1.0,1,0.22529060958478955,42
2121,2,4022,4022,0,0,0,0,1.0,1.0,1.0,1.0,1.0,1,0.2157679669696432,42
2122,1,4023,4023,0,0,0,0,1.0,1.0,1.0,1.0,1.0,1,0.24543476371990525,43
2123,2,4025,4025,0,0,0,0,1.0,1.0,1.0,1.0,1.0,1,0.2956704518101507,42
2124,3,4028,4028,0,0,0,0,1.0,1.0,1.0,1.0,1.0,1,0.2694610404683784,42
2125,0,4028,4028,0,0,0,0,1.0,1.0,1.0,1.0,1.0,1,0.28790620709329184,41
2126,3,4031,4031,0,0,0,0,1.0,1.0,1.0,1.0,1.0,1,0.32455533766369193,41
2127,0,4031,4031,0,0,0,0,1.0,1.0,1.0,1.0,1.0,1,0.32455533766369193,41
2128,4,4035,4035,0,0,0,0,1.0,1.0,1.0,1.0,1.0,1,0.3232376035227604,42
2129,3,4038,4038,0,0,0,0,1.0,1.0,1.0,1.0,1.0,1,0.3397227529457735,43
2130,2,4040,4040,0,0,0,0,1.0,1.0,1.0,1.0,1.0,1,0.28218529274234916,45
2131,6,4046,4046,0,0,0,0,1.0,1.0,1.0,1.0,1.0,1,0.2588460811742481,44
2132,3,4049,4049,0,0,0,0,1.0,1.0,1.0,1.0,1.0,1,0.2638368537513069,44
2133,7,4056,4056,0,0,0,0,1.0,1.0,1.0,1.0,1.0,1,0.18865429857051425,45
2134,1,4057,4057,0,0,0,0,1.0,1.0,1.0,1.0,1.0,1,0.1918447286781036,45
2135,7,4064,4064,0,0,0,0,1.0,1.0,1.0,1.0,1.0,1,0.14894971436698531,46
2136,2,4066,4066,0,0,0,0,1.0,1.0,1.0,1.0,1.0,1,0.1139805660975522,47
2137,1,4067,4067,0,0,0,0,1.0,1.0,1.0,1.0,1.0,1,0.09823768838821878,47
2138,1,4068,4068,0,0,0,0,1.0,1.0,1.0,1.0,1.0,1,0.14026929097663787,45
2139,0,4068,4068,0,0,0,0,1.0,1.0,1.0,1.0,1.0,1,0.14026929097663787,45
2140,2,4070,4070,0,0,0,0,1.0,1.0,1.0,1.0,1.0,1,0.11402934366538589,44
2141,1,4071,4071,0,0,0,0,1.0,1.0,1.0,1.0,1.0,1,0.11428525750496779,45
2142,3,4074,4074,0,0,0,0,1.0,1.0,1.0,1.0,1.0,1,0.07256469000366156,46
2143,2,4076,4076,0,0,0,0,1.0,1.0,1.0,1.0,1.0,1,0.026871625380912176,46
2144,3,4079,4079,0,0,0,0,1.0,1.0,1.0,1.0,1.0,1,0.09175245058613335,48
2145,2,4081,4081,0,0,0,0,1.0,1.0,1.0,1.0,1.0,1,0.10007465073903224,46
2146,7,4088,4088,0,0,0,0,1.0,1.0,1.0,1.0,1.0,1,0.12261261636496237,45
2147,0,4088,4088,0,0,0,0,1.0,1.0,1.0,1.0,1.0,1,0.0886575697462051,44
2148,4,4092,4092,0,0,0,0,1.0,1.0,1.0,1.0,1.0,1,0.17749699557599152,44
2149,3,4095,4095,0,0,0,0,1.0,1.0,1.0,1.0,1.0,1,0.2027042109757306,42
2150,3,4098,4098,0,0,0,0,1.0,1.0,1.0,1.0,1.0,1,0.20405897356873196,40
2151,1,4099,4099,0,0,0,0,1.0,1.0,1.0,1.0,1.0,1,0.19091216806528377,39
2152,3,4102,4102,0,0,0,0,1.0,1.0,1.0,1.0,1.0,1,0.2085163463127386,40
2153,0,4102,4102,0,0,0,0,1.0,1.0,1.0,1.0,1.0,1,0.20644740169373849,42
2154,0,4102,4102,0,0,0,0,1.0,1.0,1.0,1.0,1.0,1,0.23083588668824132,42
2155,1,4103,4103,0,0,0,0,1.0,1.0,1.0,1.0,1.0,1,0.19715331765690922,41
2156,3,4106,4106,0,0,0,0,1.0,1.0,1.0,1.0,1.0,1,0.2199677881369727,40
2157,1,4107,4107,0,0,0,0,1.0,1.0,1.0,1.0,1.0,1,0.2028717803033345,40
2158,7,4114,4114,0,0,0,0,1.0,1.0,1.0,1.0,1.0,1,0.18005411994974066,38
2159,2,4116,4116,0,0,0,0,1.0,1.0,1.0,1.0,1.0,1,0.15685597113030167,38
2160,8,4124,4124,0,0,0,0,1.0,1.0,1.0,1.0,1.0,1,0.19464538722294242,38
2161,5,4129,4129,0,0,0,0,1.0,1.0,1.0,1.0,1.0,1,0.2225317910179499,38
2162,4,4133,4133,0,0,0,0,1.0,1.0,1.0,1.0,1.0,1,0.21030805421425736,38
2163,3,4136,4136,0,0,0,0,1.0,1.0,1.0,1.0,1.0,1,0.13162652943181974,40
2164,0,4136,4136,0,0,0,0,1.0,1.0,1.0,1.0,1.0,1,0.1236757475087787,41
2165,3,4139,4139,0,0,0,0,1.0,1.0,1.0,1.0,1.0,1,0.050002904711079516,42
2166,2,4141,4141,0,0,0,0,1.0,1.0,1.0,1.0,1.0,1,0.08954793875314325,42
2167,0,4141,4141,0,0,0,0,1.0,1.0,1.0,1.0,1.0,1,0.06902840670921355,43
2168,1,4142,4142,0,0,0,0,1.0,1.0,1.0,1.0,1.0,1,0.07953458408989655,43
2169,0,4142,4142,0,0,0,0,1.0,1.0,1.0,1.0,1.0,1,0.0869278890596141,45
2170,3,4145,4145,0,0,0,0,1.0,1.0,1.0,1.0,1.0,1,0.12731500370443963,46
2171,1,4146,4146,0,0,0,0,1.0,1.0,1.0,1.0,1.0,1,0.13619928077162874,48
2172,0,4146,4146,0,0,0,0,1.0,1.0,1.0,1.0,1.0,1,0.13929043894509188,49
2173,3,4149,4149,0,0,0,0,1.0,1.0,1.0,1.0,1.0,1,0.19653515698465607,49
2174,3,4152,4152,0,0,0,0,1.0,1.0,1.0,1.0,1.0,1,0.15765493814973625,49
2175,2,4154,4154,0,0,0,0,1.0,1.0,1.0,1.0,1.0,1,0.21558493870538656,49
2176,4,4158,4158,0,0,0,0,0.9652654436536048,0.9194789830151747,0.9652654436536048,0.9194789830151747,1.0,1,0.22693267923812438,51
2177,4,4162,4162,0,0,0,0,0.9555027861199585,0.8968473678235402,0.9555027861199585,0.8968473678235402,1.0,1,0.2548925027182333,51
2178,1,4163,4163,0,0,0,0,0.9791648366839167,0.95039246829504,0.9791648366839167,0.95039246829504,1.0,1,0.2546872841902056,50
2179,2,4165,4165,0,0,0,0,1.0,1.0,1.0,1.0,1.0,1,0.23448023215025676,49
2180,3,4168,4168,0,0,0,0,1.0,1.0,1.0,1.0,1.0,1,0.1867982956506205,47
2181,0,4168,4168,0,0,0,0,1.0,1.0,1.0,1.0,1.0,1,0.1867982956506205,47
2182,4,4172,4172,0,0,0,0,1.0,1.0,1.0,1.0,1.0,1,0.16049883705792423,45
2183,3,4175,4175,0,0,0,0,1.0,1.0,1.0,1.0,1.0,1,0.1720955480890106,44
2184,3,4178,4178,0,0,0,0,1.0,1.0,1.0,1.0,1.0,1,0.15661634973531244,43
2185,2,4180,4180,0,0,0,0,1.0,1.0,1.0,1.0,1.0,1,0.14529933550321122,40
2186,2,4182,4182,0,0,0,0,1.0,1.0,1.0,1.0,1.0,1,0.2289973075964251,38
2187,1,4183,4183,0,0,0,0,1.0,1.0,1.0,1.0,1.0,1,0.193330145082201,35
2188,0,4183,4183,0,0,0,0,1.0,1.0,1.0,1.0,1.0,1,0.22144204360311484,34
2189,3,4186,4186,0,0,0,0,1.0,1.0,1.0,1.0,1.0,1,0.22997370348013943,31
2190,2,4188,4188,0,0,0,0,1.0,1.0,1.0,1.0,1.0,1,0.29115901919508,29
2191,2,4190,4190,0,0,0,0,1.0,1.0,1.0,1.0,1.0,1,0.27497001769566076,28
2192,2,4192,4192,0,0,0,0,1.0,1.0,1.0,1.0,1.0,1,0.24569199263209934,29
2193,6,4198,4198,0,0,0,0,1.0,1.0,1.0,1.0,1.0,1,0.1617460174510155,28
2194,3,4201,4201,0,0,0,0,1.0,1.0,1.0,1.0,1.0,1,0.19630123209823447,27
2195,3,4204,4204,0,0,0,0,1.0,1.0,1.0,1.0,1.0,1,0.12190245717640899,27
2196,2,4206,4206,0,0,0,0,1.0,1.0,1.0,1.0,1.0,1,0.1734774218186274,27
2197,2,4208,4208,0,0,0,0,1.0,1.0,1.0,1.0,1.0,1,0.1499782622939015,27
2198,1,4209,4209,0,0,0,0,1.0,1.0,1.0,1.0,1.0,1,0.1644917794958354,28
2199,0,4209,4209,0,0,0,0,1.0,1.0,1.0,1.0,1.0,1,0.14711788846396473,29
2200,2,4211,4211,0,0,0,0,1.0,1.0,1.0,1.0,1.0,1,0.22519416531271558,31
2201,0,4211,4211,0,0,0,0,1.0,1.0,1.0,1.0,1.0,1,0.20194978689965204,32
2202,2,4213,4213,0,0,0,0,1.0,1.0,1.0,1.0,1.0,1,0.1909138501207174,31
2203,0,4213,4213,0,0,0,0,1.0,1.0,1.0,1.0,1.0,1,0.15522770636390815,32
2204,3,4216,4216,0,0,0,0,1.0,1.0,1.0,1.0,1.0,1,0.18934866567099137,32
2205,3,4219,4219,0,0,0,0,1.0,1.0,1.0,1.0,1.0,1,0.18116131652934073,33
2206,1,4220,4220,0,0,0,0,1.0,1.0,1.0,1.0,1.0,1,0.24760780158269463,32
2207,3,4223,4223,0,0,0,0,1.0,1.0,1.0,1.0,1.0,1,0.2935520078461445,33
2208,1,4224,4224,0,0,0,0,1.0,1.0,1.0,1.0,1.0,1,0.2772517121489791,35
2209,1,4225,4225,0,0,0,0,1.0,1.0,1.0,1.0,1.0,1,0.2947510667316565,36
2210,2,4227,4227,0,0,0,0,1.0,1.0,1.0,1.0,1.0,1,0.28129754150406544,35
2211,5,4232,4232,0,0,0,0,1.0,1.0,1.0,1.0,1.0,1,0.2664681999340738,36
2212,3,4235,4235,0,0,0,0,1.0,1.0,1.0,1.0,1.0,1,0.19371457644436632,37
2213,3,4238,4238,0,0,0,0,1.0,1.0,1.0,1.0,1.0,1,0.2274551169693047,37
2214,4,4242,4242,0,0,0,0,1.0,1.0,1.0,1.0,1.0,1,0.1771669974761293,39
2215,2,4244,4244,0,0,0,0,1.0,1.0,1.0,1.0,1.0,1,0.19101429520974145,36
2216,3,4247,4247,0,0,0,0,1.0,1.0,1.0,1.0,1.0,1,0.23864585426159282,37
2217,2,4249,4249,0,0,0,0,1.0,1.0,1.0,1.0,1.0,1,0.28213097219059946,35
2218,0,4249,4249,0,0,0,0,1.0,1.0,1.0,1.0,1.0,1,0.28213097219059946,35
2219,0,4249,4249,0,0,0,0,1.0,1.0,1.0,1.0,1.0,1,0.2582242266360392,33
2220,1,4250,4250,0,0,0,0,1.0,1.0,1.0,1.0,1.0,1,0.2716969628373662,31
2221,1,4251,4251,0,0,0,0,1.0,1.0,1.0,1.0,1.0,1,0.24119773215796148,31
2222,2,4253,4253,0,0,0,0,1.0,1.0,1.0,1.0,1.0,1,0.1953070926310615,30
2223,2,4255,4255,0,0,0,0,1.0,1.0,1.0,1.0,1.0,1,0.322196853600282,28
2224,3,4258,4258,0,0,0,0,1.0,1.0,1.0,1.0,1.0,1,0.22385992583794018,29
2225,1,4259,4259,0,0,0,0,1.0,1.0,1.0,1.0,1.0,1,0.27283271973890627,28
2226,4,4263,4263,0,0,0,0,1.0,1.0,1.0,1.0,1.0,1,0.11969638545456812,30
2227,0,4263,4263,0,0,0,0,1.0,1.0,1.0,1.0,1.0,1,0.07124023578296783,28
2228,4,4267,4267,0,0,0,0,1.0,1.0,1.0,1.0,1.0,1,0.16028508059518043,29
2229,2,4269,4269,0,0,0,0,1.0,1.0,1.0,1.0,1.0,1,0.1665183284351596,28
2230,2,4271,4271,0,0,0,0,1.0,1.0,1.0,1.0,1.0,1,0.2966235108394456,28
2231,0,4271,4271,0,0,0,0,1.0,1.0,1.0,1.0,1.0,1,0.2826281879810123,27
2232,1,4272,4272,0,0,0,0,1.0,1.0,1.0,1.0,1.0,1,0.22820438905767199,27
2233,2,4274,4274,0,0,0,0,1.0,1.0,1.0,1.0,1.0,1,0.16392275357631528,28
2234,2,4276,4276,0,0,0,0,1.0,1.0,1.0,1.0,1.0,1,0.21414799396408501,26
2235,2,4278,4278,0,0,0,0,1.0,1.0,1.0,1.0,1.0,1,0.2006351112089421,26
2236,5,4283,4283,0,0,0,0,1.0,1.0,1.0,1.0,1.0,1,0.17079427728934868,26
2237,1,4284,4284,0,0,0,0,1.0,1.0,1.0,1.0,1.0,1,0.22745422592281375,26
2238,4,4288,4288,0,0,0,0,1.0,1.0,1.0,1.0,1.0,1,0.15532990633779772,27
2239,3,4291,4291,0,0,0,0,1.0,1.0,1.0,1.0,1.0,1,0.03682806102465233,28
2240,1,4292,4292,0,0,0,0,1.0,1.0,1.0,1.0,1.0,1,0.07569441695232554,30
2241,3,4295,4295,0,0,0,0,1.0,1.0,1.0,1.0,1.0,1,0.18177638161251217,29
2242,3,4298,4298,0,0,0,0,1.0,1.0,1.0,1.0,1.0,1,0.29348794193610506,29
2243,0,4298,4298,0,0,0,0,1.0,1.0,1.0,1.0,1.0,1,0.29348794193610506,29
2244,4,4302,4302,0,0,0,0,1.0,1.0,1.0,1.0,1.0,1,0.3309388245813434,29
2245,2,4304,4304,0,0,0,0,1.0,1.0,1.0,1.0,1.0,1,0.4129134554590293,30
2246,2,4306,4306,0,0,0,0,1.0,1.0,1.0,1.0,1.0,1,0.32369834831101757,33
2247,2,4308,4308,0,0,0,0,1.0,1.0,1.0,1.0,1.0,1,0.290657549589348,34
2248,1,4309,4309,0,0,0,0,1.0,1.0,1.0,1.0,1.0,1,0.33234533515691295,34
2249,0,4309,4309,0,0,0,0,1.0,1.0,1.0,1.0,1.0,1,0.3296419473585089,35
2250,0,4309,4309,0,0,0,0,1.0,1.0,1.0,1.0,1.0,1,0.3296419473585089,35
2251,1,4310,4310,0,0,0,0,1.0,1.0,1.0,1.0,1.0,1,0.29130790087342806,36
2252,0,4310,4310,0,0,0,0,1.0,1.0,1.0,1.0,1.0,1,0.30842788369248786,37
2253,5,4315,4315,0,0,0,0,1.0,1.0,1.0,1.0,1.0,1,0.323576861358342,35
2254,1,4316,4316,0,0,0,0,1.0,1.0,1.0,1.0,1.0,1,0.32680382482043924,33
2255,5,4321,4321,0,0,0,0,1.0,1.0,1.0,1.0,1.0,1,0.3358941792083198,35
2256,1,4322,4322,0,0,0,0,1.0,1.0,1.0,1.0,1.0,1,0.3059670962928777,34
2257,1,4323,4323,0,0,0,0,1.0,1.0,1.0,1.0,1.0,1,0.3035343490595265,36
2258,0,4323,4323,0,0,0,0,1.0,1.0,1.0,1.0,1.0,1,0.2954360869446797,35
2259,0,4323,4323,0,0,0,0,1.0,1.0,1.0,1.0,1.0,1,0.28708536855869543,35
2260,3,4326,4326,0,0,0,0,1.0,1.0,1.0,1.0,1.0,1,0.20876786288127355,33
2261,2,4328,4328,0,0,0,0,1.0,1.0,1.0,1.0,1.0,1,0.194835325239843,33
2262,4,4332,4332,0,0,0,0,1.0,1.0,1.0,1.0,1.0,1,0.21163416988329276,32
2263,1,4333,4333,0,0,0,0,1.0,1.0,1.0,1.0,1.0,1,0.21182305946384755,31
2264,5,4338,4338,0,0,0,0,1.0,1.0,1.0,1.0,1.0,1,0.2568351105038825,30
2265,2,4340,4340,0,0,0,0,1.0,1.0,1.0,1.0,1.0,1,0.25208233406615704,29
2266,2,4342,4342,0,0,0,0,1.0,1.0,1.0,1.0,1.0,1,0.2964770868330069,30
2267,5,4347,4347,0,0,0,0,1.0,1.0,1.0,1.0,1.0,1,0.2694778757654149,29
2268,5,4352,4352,0,0,0,0,1.0,1.0,1.0,1.0,1.0,1,0.11729009123582539,30
2269,2,4354,4354,0,0,0,0,1.0,1.0,1.0,1.0,1.0,1,0.039003813142988494,31
2270,2,4356,4356,0,0,0,0,1.0,1.0,1.0,1.0,1.0,1,0.05924339474392111,31
2271,2,4358,4358,0,0,0,0,1.0,1.0,1.0,1.0,1.0,1,0.039931105886897036,31
2272,5,4363,4363,0,0,0,0,1.0,1.0,1.0,1.0,1.0,1,0.06187716851434479,31
2273,1,4364,4364,0,0,0,0,1.0,1.0,1.0,1.0,1.0,1,0.09101168502117091,30
2274,4,4368,4368,0,0,0,0,1.0,1.0,1.0,1.0,1.0,1,0.14826627212273943,31
2275,1,4369,4369,0,0,0,0,1.0,1.0,1.0,1.0,1.0,1,0.13167171360619684,32
2276,3,4372,4372,0,0,0,0,1.0,1.0,1.0,1.0,1.0,1,0.16061020686347222,31
2277,1,4373,4373,0,0,0,0,1.0,1.0,1.0,1.0,1.0,1,0.15224536450264564,31
2278,1,4374,4374,0,0,0,0,1.0,1.0,1.0,1.0,1.0,1,0.1795584570101999,32
2279,0,4374,4374,0,0,0,0,1.0,1.0,1.0,1.0,1.0,1,0.2046875643581776,32
2280,0,4374,4374,0,0,0,0,1.0,1.0,1.0,1.0,1.0,1,0.16756593410357054,33
2281,0,4374,4374,0,0,0,0,1.0,1.0,1.0,1.0,1.0,1,0.18393761940661782,34
2282,1,4375,4375,0,0,0,0,1.0,1.0,1.0,1.0,1.0,1,0.18441320880570006,34
2283,3,4378,4378,0,0,0,0,1.0,1.0,1.0,1.0,1.0,1,0.23781324810273036,34
2284,2,4380,4380,0,0,0,0,1.0,1.0,1.0,1.0,1.0,1,0.15691332575519695,34
2285,4,4384,4384,0,0,0,0,1.0,1.0,1.0,1.0,1.0,1,0.23386989566251576,35
2286,2,4386,4386,0,0,0,0,1.0,1.0,1.0,1.0,1.0,1,0.2073841855584407,34
2287,1,4387,4387,0,0,0,0,1.0,1.0,1.0,1.0,1.0,1,0.1753421433399351,35
2288,2,4389,4389,0,0,0,0,1.0,1.0,1.0,1.0,1.0,1,0.1715359030752093,35
2289,0,4389,4389,0,0,0,0,1.0,1.0,1.0,1.0,1.0,1,0.17051749108706932,37
2290,1,4390,4390,0,0,0,0,1.0,1.0,1.0,1.0,1.0,1,0.21489568107415374,37
2291,2,4392,4392,0,0,0,0,1.0,1.0,1.0,1.0,1.0,1,0.26878925886313776,35
2292,0,4392,4392,0,0,0,0,1.0,1.0,1.0,1.0,1.0,1,0.2736027617067063,35
2293,0,4392,4392,0,0,0,0,1.0,1.0,1.0,1.0,1.0,1,0.2547636289962191,34
2294,3,4395,4395,0,0,0,0,1.0,1.0,1.0,1.0,1.0,1,0.2101288948265419,33
2295,1,4396,4396,0,0,0,0,1.0,1.0,1.0,1.0,1.0,1,0.21521499207678133,34
2296,3,4399,4399,0,0,0,0,1.0,1.0,1.0,1.0,1.0,1,0.32285168619120075,33
2297,2,4401,4401,0,0,0,0,1.0,1.0,1.0,1.0,1.0,1,0.35954347262152353,32
2298,1,4402,4402,0,0,0,0,1.0,1.0,1.0,1.0,1.0,1,0.41014640615489945,32
2299,1,4403,4403,0,0,0,0,1.0,1.0,1.0,1.0,1.0,1,0.41971026430825215,33
2300,2,4405,4405,0,0,0,0,1.0,1.0,1.0,1.0,1.0,1,0.3892421711572851,33
2301,1,4406,4406,0,0,0,0,1.0,1.0,1.0,1.0,1.0,1,0.37673567886766873,33
2302,1,4407,4407,0,0,0,0,1.0,1.0,1.0,1.0,1.0,1,0.3727853642212049,34
2303,1,4408,4408,0,0,0,0,1.0,1.0,1.0,1.0,1.0,1,0.39221642104009696,34
2304,3,4411,4411,0,0,0,0,1.0,1.0,1.0,1.0,1.0,1,0.35688421074434623,33
2305,2,4413,4413,0,0,0,0,1.0,1.0,1.0,1.0,1.0,1,0.3250387771991769,33
2306,0,4413,4413,0,0,0,0,1.0,1.0,1.0,1.0,1.0,1,0.3130759997060097,33
2307,2,4415,4415,0,0,0,0,1.0,1.0,1.0,1.0,1.0,1,0.26781737910875975,35
2308,0,4415,4415,0,0,0,0,1.0,1.0,1.0,1.0,1.0,1,0.25754857751084026,34
2309,0,4415,4415,0,0,0,0,1.0,1.0,1.0,1.0,1.0,1,0.22767657012396905,34
2310,0,4415,4415,0,0,0,0,1.0,1.0,1.0,1.0,1.0,1,0.22525540592095644,34
2311,0,4415,4415,0,0,0,0,1.0,1.0,1.0,1.0,1.0,1,0.19358000666277483,35
2312,0,4415,4415,0,0,0,0,1.0,1.0,1.0,1.0,1.0,1,0.17422033328094866,34
2313,3,4418,4418,0,0,0,0,1.0,1.0,1.0,1.0,1.0,1,0.15596942655034016,35
2314,0,4418,4418,0,0,0,0,1.0,1.0,1.0,1.0,1.0,1,0.18752719565685175,35
2315,5,4423,4423,0,0,0,0,1.0,1.0,1.0,1.0,1.0,1,0.28071365844007873,34
2316,1,4424,4424,0,0,0,0,1.0,1.0,1.0,1.0,1.0,1,0.2287398513888897,35
2317,4,4428,4428,0,0,0,0,1.0,1.0,1.0,1.0,1.0,1,0.24546542477954705,32
2318,2,4430,4430,0,0,0,0,1.0,1.0,1.0,1.0,1.0,1,0.2770925886752281,32
2319,1,4431,4431,0,0,0,0,1.0,1.0,1.0,1.0,1.0,1,0.27016930294689534,32
2320,0,4431,4431,0,0,0,0,1.0,1.0,1.0,1.0,1.0,1,0.29761968978876807,32
2321,2,4433,4433,0,0,0,0,1.0,1.0,1.0,1.0,1.0,1,0.25612053078247665,33
2322,0,4433,4433,0,0,0,0,1.0,1.0,1.0,1.0,1.0,1,0.25612053078247665,33
2323,0,4433,4433,0,0,0,0,1.0,1.0,1.0,1.0,1.0,1,0.25612053078247665,33
2324,3,4436,4436,0,0,0,0,1.0,1.0,1.0,1.0,1.0,1,0.3394370870235882,34
2325,0,4436,4436,0,0,0,0,1.0,1.0,1.0,1.0,1.0,1,0.3242963050090807,35
2326,1,4437,4437,0,0,0,0,1.0,1.0,1.0,1.0,1.0,1,0.34742318137042716,35
2327,0,4437,4437,0,0,0,0,1.0,1.0,1.0,1.0,1.0,1,0.36045635474993704,36
2328,3,4440,4440,0,0,0,0,1.0,1.0,1.0,1.0,1.0,1,0.31782649501445376,37
2329,0,4440,4440,0,0,0,0,1.0,1.0,1.0,1.0,1.0,1,0.29820202362031367,37
2330,2,4442,4442,0,0,0,0,1.0,1.0,1.0,1.0,1.0,1,0.3210557356085614,38
2331,1,4443,4443,0,0,0,0,1.0,1.0,1.0,1.0,1.0,1,0.32815698375693947,40
2332,2,4445,4445,0,0,0,0,1.0,1.0,1.0,1.0,1.0,1,0.38216720347630145,40
2333,0,4445,4445,0,0,0,0,1.0,1.0,1.0,1.0,1.0,1,0.3499640724584699,41
2334,0,4445,4445,0,0,0,0,1.0,1.0,1.0,1.0,1.0,1,0.3499640724584699,41
2335,2,4447,4447,0,0,0,0,1.0,1.0,1.0,1.0,1.0,1,0.3666570696881096,41
2336,3,4450,4450,0,0,0,0,1.0,1.0,1.0,1.0,1.0,1,0.32432880590873,41
2337,5,4455,4455,0,0,0,0,1.0,1.0,1.0,1.0,1.0,1,0.303882039409947,42
2338,5,4460,4460,0,0,0,0,1.0,1.0,1.0,1.0,1.0,1,0.2706627628046135,43
2339,1,4461,4461,0,0,0,0,1.0,1.0,1.0,1.0,1.0,1,0.26638681154668387,43
2340,3,4464,4464,0,0,0,0,1.0,1.0,1.0,1.0,1.0,1,0.19076379549158268,45
2341,3,4467,4467,0,0,0,0,1.0,1.0,1.0,1.0,1.0,1,0.18808920384560318,45
2342,3,4470,4470,0,0,0,0,1.0,1.0,1.0,1.0,1.0,1,0.17834824200917734,46
2343,4,4474,4474,0,0,0,0,1.0,1.0,1.0,1.0,1.0,1,0.15117813727020976,45
2344,1,4475,4475,0,0,0,0,1.0,1.0,1.0,1.0,1.0,1,0.12586588806652366,44
2345,1,4476,4476,0,0,0,0,1.0,1.0,1.0,1.0,1.0,1,0.15840805456152354,44
2346,2,4478,4478,0,0,0,0,1.0,1.0,1.0,1.0,1.0,1,0.1117150474701709,44
2347,1,4479,4479,0,0,0,0,1.0,1.0,1.0,1.0,1.0,1,0.14252241306672808,44
2348,1,4480,4480,0,0,0,0,1.0,1.0,1.0,1.0,1.0,1,0.16803069380160446,45
2349,2,4482,4482,0,0,0,0,1.0,1.0,1.0,1.0,1.0,1,0.15163370830092532,46
2350,1,4483,4483,0,0,0,0,1.0,1.0,1.0,1.0,1.0,1,0.13697923125730982,47
2351,0,4483,4483,0,0,0,0,1.0,1.0,1.0,1.0,1.0,1,0.13697923125730982,47
2352,0,4483,4483,0,0,0,0,1.0,1.0,1.0,1.0,1.0,1,0.13697923125730982,47
2353,2,4485,4485,0,0,0,0,1.0,1.0,1.0,1.0,1.0,1,0.14933040699451489,46
2354,1,4486,4486,0,0,0,0,1.0,1.0,1.0,1.0,1.0,1,0.12701727602786295,47
2355,3,4489,4489,0,0,0,0,1.0,1.0,1.0,1.0,1.0,1,0.12208523685234049,47
2356,1,4490,4490,0,0,0,0,1.0,1.0,1.0,1.0,1.0,1,0.09660342317617593,47
2357,3,4493,4493,0,0,0,0,1.0,1.0,1.0,1.0,1.0,1,0.03769961006921593,47
2358,3,4496,4496,0,0,0,0,1.0,1.0,1.0,1.0,1.0,1,0.08875430823728224,48
2359,2,4498,4498,0,0,0,0,1.0,1.0,1.0,1.0,1.0,1,0.10868545082120855,49
2360,2,4500,4500,0,0,0,0,1.0,1.0,1.0,1.0,1.0,1,0.11287502701764322,49
2361,0,4500,4500,0,0,0,0,1.0,1.0,1.0,1.0,1.0,1,0.12714129880283834,50
2362,7,4507,4507,0,0,0,0,1.0,1.0,1.0,1.0,1.0,1,0.14053708784760358,51
2363,4,4511,4511,0,0,0,0,1.0,1.0,1.0,1.0,1.0,1,0.09986391343226275,51
2364,5,4516,4516,0,0,0,0,1.0,1.0,1.0,1.0,1.0,1,0.0778818598356565,52
2365,7,4523,4523,0,0,0,0,1.0,1.0,1.0,1.0,1.0,1,0.06872300541707922,53
2366,6,4529,4529,0,0,0,0,1.0,1.0,1.0,1.0,1.0,1,0.14237254008162478,54
2367,5,4534,4534,0,0,0,0,1.0,1.0,1.0,1.0,1.0,1,0.11789608018078607,52
2368,4,4538,4538,0,0,0,0,1.0,1.0,1.0,1.0,1.0,1,0.04364083630910157,51
2369,5,4543,4543,0,0,0,0,1.0,1.0,1.0,1.0,1.0,1,0.09116946733731884,51
2370,4,4547,4547,0,0,0,0,1.0,1.0,1.0,1.0,1.0,1,0.07354826749644976,52
2371,1,4548,4548,0,0,0,0,1.0,1.0,1.0,1.0,1.0,1,0.053431616072279746,52
2372,1,4549,4549,0,0,0,0,1.0,1.0,1.0,1.0,1.0,1,0.06382728611525897,49
2373,1,4550,4550,0,0,0,0,1.0,1.0,1.0,1.0,1.0,1,0.07707650736901692,47
2374,0,4550,4550,0,0,0,0,1.0,1.0,1.0,1.0,1.0,1,0.10418867386178546,45
2375,1,4551,4551,0,0,0,0,1.0,1.0,1.0,1.0,1.0,1,0.15194203975623138,45
2376,2,4553,4553,0,0,0,0,1.0,1.0,1.0,1.0,1.0,1,0.1757237428656544,43
2377,4,4557,4557,0,0,0,0,1.0,1.0,1.0,1.0,1.0,1,0.20099238390550292,44
2378,1,4558,4558,0,0,0,0,1.0,1.0,1.0,1.0,1.0,1,0.1903449113875526,43
2379,2,4560,4560,0,0,0,0,1.0,1.0,1.0,1.0,1.0,1,0.18793449526342249,43
2380,0,4560,4560,0,0,0,0,1.0,1.0,1.0,1.0,1.0,1,0.18793449526342249,43
2381,2,4562,4562,0,0,0,0,1.0,1.0,1.0,1.0,1.0,1,0.1466980307110503,44
2382,0,4562,4562,0,0,0,0,1.0,1.0,1.0,1.0,1.0,1,0.1466980307110503,44
2383,2,4564,4564,0,0,0,0,1.0,1.0,1.0,1.0,1.0,1,0.1346269334484978,45
2384,2,4566,4566,0,0,0,0,1.0,1.0,1.0,1.0,1.0,1,0.126902873046741,45
2385,1,4567,4567,0,0,0,0,1.0,1.0,1.0,1.0,1.0,1,0.1300569207990333,45
2386,1,4568,4568,0,0,0,0,1.0,1.0,1.0,1.0,1.0,1,0.12831081867793837,46
2387,4,4572,4572,0,0,0,0,1.0,1.0,1.0,1.0,1.0,1,0.15311991002824388,44
2388,1,4573,4573,0,0,0,0,1.0,1.0,1.0,1.0,1.0,1,0.14422252621005846,44
2389,3,4576,4576,0,0,0,0,1.0,1.0,1.0,1.0,1.0,1,0.12445519800999878,43
2390,5,4581,4581,0,0,0,0,1.0,1.0,1.0,1.0,1.0,1,0.18295476487897497,44
2391,0,4581,4581,0,0,0,0,1.0,1.0,1.0,1.0,1.0,1,0.18087199896353487,43
2392,7,4588,4588,0,0,0,0,1.0,1.0,1.0,1.0,1.0,1,0.24700377661991862,44
2393,2,4590,4590,0,0,0,0,1.0,1.0,1.0,1.0,1.0,1,0.19914959833074078,45
2394,3,4593,4593,0,0,0,0,1.0,1.0,1.0,1.0,1.0,1,0.25813107669834784,44
2395,2,4595,4595,0,0,0,0,1.0,1.0,1.0,1.0,1.0,1,0.3127922083829563,44
2396,5,4600,4600,0,0,0,0,1.0,1.0,1.0,1.0,1.0,1,0.2422250954601149,45
2397,3,4603,4603,0,0,0,0,1.0,1.0,1.0,1.0,1.0,1,0.22350138412225498,44
2398,4,4607,4607,0,0,0,0,1.0,1.0,1.0,1.0,1.0,1,0.2228073970310896,44
2399,1,4608,4608,0,0,0,0,1.0,1.0,1.0,1.0,1.0,1,0.22211152956209232,45
2400,0,4608,4608,0,0,0,0,1.0,1.0,1.0,1.0,1.0,1,0.22211152956209232,45
2401,4,4612,4612,0,0,0,0,1.0,1.0,1.0,1.0,1.0,1,0.21090578710563995,46
2402,1,4613,4613,0,0,0,0,1.0,1.0,1.0,1.0,1.0,1,0.19970178704056776,47
2403,2,4615,4615,0,0,0,0,1.0,1.0,1.0,1.0,1.0,1,0.1786204686656527,48
2404,2,4617,4617,0,0,0,0,1.0,1.0,1.0,1.0,1.0,1,0.20360477804207858,47
2405,1,4618,4618,0,0,0,0,1.0,1.0,1.0,1.0,1.0,1,0.2038444376874892,45
2406,2,4620,4620,0,0,0,0,1.0,1.0,1.0,1.0,1.0,1,0.2181405271276989,45
2407,1,4621,4621,0,0,0,0,1.0,1.0,1.0,1.0,1.0,1,0.1974277576847515,42
2408,3,4624,4624,0,0,0,0,1.0,1.0,1.0,1.0,1.0,1,0.19417563669617682,41
2409,4,4628,4628,0,0,0,0,1.0,1.0,1.0,1.0,1.0,1,0.15845331301175783,41
2410,1,4629,4629,0,0,0,0,1.0,1.0,1.0,1.0,1.0,1,0.16077572222215086,40
2411,1,4630,4630,0,0,0,0,1.0,1.0,1.0,1.0,1.0,1,0.14440145169112312,40
2412,2,4632,4632,0,0,0,0,1.0,1.0,1.0,1.0,1.0,1,0.11615024314818222,38
2413,1,4633,4633,0,0,0,0,1.0,1.0,1.0,1.0,1.0,1,0.12001477768074215,38
2414,1,4634,4634,0,0,0,0,1.0,1.0,1.0,1.0,1.0,1,0.12568272191177476,36
2415,1,4635,4635,0,0,0,0,1.0,1.0,1.0,1.0,1.0,1,0.17689542511025255,36
2416,2,4637,4637,0,0,0,0,1.0,1.0,1.0,1.0,1.0,1,0.17384264954644563,35
2417,3,4640,4640,0,0,0,0,1.0,1.0,1.0,1.0,1.0,1,0.22548912050404712,33
2418,3,4643,4643,0,0,0,0,1.0,1.0,1.0,1.0,1.0,1,0.18741174355799803,33
2419,4,4647,4647,0,0,0,0,1.0,1.0,1.0,1.0,1.0,1,0.24731794745013316,33
2420,3,4650,4650,0,0,0,0,1.0,1.0,1.0,1.0,1.0,1,0.2418706783359806,34
2421,2,4652,4652,0,0,0,0,1.0,1.0,1.0,1.0,1.0,1,0.27003231119232335,34
2422,3,4655,4655,0,0,0,0,1.0,1.0,1.0,1.0,1.0,1,0.3139206800124787,35
2423,4,4659,4659,0,0,0,0,1.0,1.0,1.0,1.0,1.0,1,0.25763788225291795,36
2424,1,4660,4660,0,0,0,0,1.0,1.0,1.0,1.0,1.0,1,0.2483576812870438,35
2425,1,4661,4661,0,0,0,0,1.0,1.0,1.0,1.0,1.0,1,0.26949635683615103,33
2426,2,4663,4663,0,0,0,0,1.0,1.0,1.0,1.0,1.0,1,0.3207469527913392,34
2427,1,4664,4664,0,0,0,0,1.0,1.0,1.0,1.0,1.0,1,0.3491550001495202,34
2428,1,4665,4665,0,0,0,0,1.0,1.0,1.0,1.0,1.0,1,0.3611379568768244,34
2429,1,4666,4666,0,0,0,0,1.0,1.0,1.0,1.0,1.0,1,0.3492968511344683,34
2430,3,4669,4669,0,0,0,0,1.0,1.0,1.0,1.0,1.0,1,0.25678449953457666,33
2431,2,4671,4671,0,0,0,0,1.0,1.0,1.0,1.0,1.0,1,0.25655349062054217,33
2432,4,4675,4675,0,0,0,0,1.0,1.0,1.0,1.0,1.0,1,0.21580708596198,33
2433,1,4676,4676,0,0,0,0,1.0,1.0,1.0,1.0,1.0,1,0.17009840273313884,34
2434,4,4680,4680,0,0,0,0,1.0,1.0,1.0,1.0,1.0,1,0.10821870889907689,34
2435,0,4680,4680,0,0,0,0,1.0,1.0,1.0,1.0,1.0,1,0.10821870889907689,34
2436,4,4684,4684,0,0,0,0,1.0,1.0,1.0,1.0,1.0,1,0.13678410343906008,33
2437,1,4685,4685,0,0,0,0,1.0,1.0,1.0,1.0,1.0,1,0.17014457112762263,33
2438,2,4687,4687,0,0,0,0,1.0,1.0,1.0,1.0,1.0,1,0.20867562365608658,34
2439,2,4689,4689,0,0,0,0,1.0,1.0,1.0,1.0,1.0,1,0.19836160698685992,35
2440,1,4690,4690,0,0,0,0,1.0,1.0,1.0,1.0,1.0,1,0.19874788314581127,35
2441,2,4692,4692,0,0,0,0,1.0,1.0,1.0,1.0,1.0,1,0.22682717590065493,35
2442,2,4694,4694,0,0,0,0,1.0,1.0,1.0,1.0,1.0,1,0.2199292067540075,35
2443,2,4696,4696,0,0,0,0,1.0,1.0,1.0,1.0,1.0,1,0.2545198489577103,35
2444,3,4699,4699,0,0,0,0,1.0,1.0,1.0,1.0,1.0,1,0.2127824005864082,34
2445,1,4700,4700,0,0,0,0,1.0,1.0,1.0,1.0,1.0,1,0.1955431750538587,33
2446,3,4703,4703,0,0,0,0,1.0,1.0,1.0,1.0,1.0,1,0.11695862077637537,30
2447,0,4703,4703,0,0,0,0,1.0,1.0,1.0,1.0,1.0,1,0.11202907840185843,29
2448,2,4705,4705,0,0,0,0,1.0,1.0,1.0,1.0,1.0,1,0.08122012895884159,27
2449,0,4705,4705,0,0,0,0,1.0,1.0,1.0,1.0,1.0,1,0.06369098707100963,26
2450,2,4707,4707,0,0,0,0,1.0,1.0,1.0,1.0,1.0,1,0.04171936798384686,28
2451,0,4707,4707,0,0,0,0,1.0,1.0,1.0,1.0,1.0,1,0.04171936798384686,28
2452,4,4711,4711,0,0,0,0,1.0,1.0,1.0,1.0,1.0,1,0.13946420643992877,29
2453,1,4712,4712,0,0,0,0,1.0,1.0,1.0,1.0,1.0,1,0.14082627059548936,30
2454,4,4716,4716,0,0,0,0,1.0,1.0,1.0,1.0,1.0,1,0.17275039445459175,32
2455,4,4720,4720,0,0,0,0,1.0,1.0,1.0,1.0,1.0,1,0.2465667438991814,33
2456,0,4720,4720,0,0,0,0,1.0,1.0,1.0,1.0,1.0,1,0.24665518396010555,34
2457,5,4725,4725,0,0,0,0,1.0,1.0,1.0,1.0,1.0,1,0.2547940634419763,34
2458,1,4726,4726,0,0,0,0,1.0,1.0,1.0,1.0,1.0,1,0.228262591843474,36
2459,0,4726,4726,0,0,0,0,1.0,1.0,1.0,1.0,1.0,1,0.228262591843474,36
2460,3,4729,4729,0,0,0,0,1.0,1.0,1.0,1.0,1.0,1,0.282164944204292,37
2461,1,4730,4730,0,0,0,0,1.0,1.0,1.0,1.0,1.0,1,0.3184541003606926,37
2462,1,4731,4731,0,0,0,0,1.0,1.0,1.0,1.0,1.0,1,0.32276183688863974,38
2463,2,4733,4733,0,0,0,0,1.0,1.0,1.0,1.0,1.0,1,0.35926041522015906,38
2464,3,4736,4736,0,0,0,0,1.0,1.0,1.0,1.0,1.0,1,0.24728722133264483,37
2465,2,4738,4738,0,0,0,0,1.0,1.0,1.0,1.0,1.0,1,0.27537358406712953,36
2466,3,4741,4741,0,0,0,0,1.0,1.0,1.0,1.0,1.0,1,0.20579574412692034,36
2467,1,4742,4742,0,0,0,0,1.0,1.0,1.0,1.0,1.0,1,0.2405268416102616,34
2468,4,4746,4746,0,0,0,0,1.0,1.0,1.0,1.0,1.0,1,0.1438193831311718,33
2469,0,4746,4746,0,0,0,0,1.0,1.0,1.0,1.0,1.0,1,0.14091789482861583,32
2470,3,4749,4749,0,0,0,0,1.0,1.0,1.0,1.0,1.0,1,0.07595458565933838,33
2471,2,4751,4751,0,0,0,0,1.0,1.0,1.0,1.0,1.0,1,0.20671017419239243,31
2472,2,4753,4753,0,0,0,0,1.0,1.0,1.0,1.0,1.0,1,0.24436622909629435,32
2473,2,4755,4755,0,0,0,0,1.0,1.0,1.0,1.0,1.0,1,0.21712519641153505,31
2474,1,4756,4756,0,0,0,0,1.0,1.0,1.0,1.0,1.0,1,0.198585881194201,33
2475,0,4756,4756,0,0,0,0,1.0,1.0,1.0,1.0,1.0,1,0.20539706172988725,33
2476,2,4758,4758,0,0,0,0,1.0,1.0,1.0,1.0,1.0,1,0.24298041486650518,33
2477,3,4761,4761,0,0,0,0,1.0,1.0,1.0,1.0,1.0,1,0.3040784451942606,33
2478,3,4764,4764,0,0,0,0,1.0,1.0,1.0,1.0,1.0,1,0.26390186678801847,33
2479,2,4766,4766,0,0,0,0,1.0,1.0,1.0,1.0,1.0,1,0.2159616360205269,33
2480,3,4769,4769,0,0,0,0,1.0,1.0,1.0,1.0,1.0,1,0.21767227202395042,34
2481,2,4771,4771,0,0,0,0,1.0,1.0,1.0,1.0,1.0,1,0.2671440361937033,33
2482,3,4774,4774,0,0,0,0,1.0,1.0,1.0,1.0,1.0,1,0.25209642491087597,34
2483,2,4776,4776,0,0,0,0,1.0,1.0,1.0,1.0,1.0,1,0.24242884666552914,33
2484,2,4778,4778,0,0,0,0,1.0,1.0,1.0,1.0,1.0,1,0.2051070878510658,32
2485,1,4779,4779,0,0,0,0,1.0,1.0,1.0,1.0,1.0,1,0.18892065502949593,31
2486,2,4781,4781,0,0,0,0,1.0,1.0,1.0,1.0,1.0,1,0.23172006194152162,29
2487,0,4781,4781,0,0,0,0,1.0,1.0,1.0,1.0,1.0,1,0.23172006194152162,29
2488,1,4782,4782,0,0,0,0,1.0,1.0,1.0,1.0,1.0,1,0.21616206816210845,30
2489,1,4783,4783,0,0,0,0,1.0,1.0,1.0,1.0,1.0,1,0.22180578418514194,29
2490,1,4784,4784,0,0,0,0,1.0,1.0,1.0,1.0,1.0,1,0.15986042378971235,30
2491,1,4785,4785,0,0,0,0,1.0,1.0,1.0,1.0,1.0,1,0.11165916646048356,30
2492,0,4785,4785,0,0,0,0,1.0,1.0,1.0,1.0,1.0,1,0.10175452178820467,29
2493,3,4788,4788,0,0,0,0,1.0,1.0,1.0,1.0,1.0,1,0.2353184490194191,29
2494,0,4788,4788,0,0,0,0,1.0,1.0,1.0,1.0,1.0,1,0.2533313805693209,28
2495,1,4789,4789,0,0,0,0,1.0,1.0,1.0,1.0,1.0,1,0.2924561820023261,29
2496,1,4790,4790,0,0,0,0,1.0,1.0,1.0,1.0,1.0,1,0.3528066957110133,28
2497,2,4792,4792,0,0,0,0,1.0,1.0,1.0,1.0,1.0,1,0.29513603511121034,28
2498,5,4797,4797,0,0,0,0,1.0,1.0,1.0,1.0,1.0,1,0.17846041416364092,29
2499,3,4800,4800,0,0,0,0,1.0,1.0,1.0,1.0,1.0,1,0.14254555344458295,30
2500,5,4805,4805,0,0,0,0,1.0,1.0,1.0,1.0,1.0,1,0.10042581143498065,29
2501,1,4806,4806,0,0,0,0,1.0,1.0,1.0,1.0,1.0,1,0.0940732925472617,33
2502,4,4810,4810,0,0,0,0,1.0,1.0,1.0,1.0,1.0,1,0.1932503864003033,33
2503,3,4813,4813,0,0,0,0,1.0,1.0,1.0,1.0,1.0,1,0.27127955859759023,31
2504,5,4818,4818,0,0,0,0,1.0,1.0,1.0,1.0,1.0,1,0.25570575103816273,31
2505,1,4819,4819,0,0,0,0,1.0,1.0,1.0,1.0,1.0,1,0.22110705828698474,32
2506,2,4821,4821,0,0,0,0,1.0,1.0,1.0,1.0,1.0,1,0.185578072812342,31
2507,1,4822,4822,0,0,0,0,1.0,1.0,1.0,1.0,1.0,1,0.1648274491550099,29
2508,2,4824,4824,0,0,0,0,1.0,1.0,1.0,1.0,1.0,1,0.11170284421807387,31
2509,1,4825,4825,0,0,0,0,1.0,1.0,1.0,1.0,1.0,1,0.10702924638035134,30
2510,1,4826,4826,0,0,0,0,1.0,1.0,1.0,1.0,1.0,1,0.09569372646345507,31
2511,0,4826,4826,0,0,0,0,1.0,1.0,1.0,1.0,1.0,1,0.11616515851242545,32
2512,4,4830,4830,0,0,0,0,1.0,1.0,1.0,1.0,1.0,1,0.10611984498333622,32
2513,1,4831,4831,0,0,0,0,1.0,1.0,1.0,1.0,1.0,1,0.13531128668069092,34
2514,2,4833,4833,0,0,0,0,1.0,1.0,1.0,1.0,1.0,1,0.1280319830652884,35
2515,3,4836,4836,0,0,0,0,1.0,1.0,1.0,1.0,1.0,1,0.0788139025994759,35
2516,2,4838,4838,0,0,0,0,1.0,1.0,1.0,1.0,1.0,1,0.08426222794755842,34
2517,3,4841,4841,0,0,0,0,1.0,1.0,1.0,1.0,1.0,1,0.10085583466979312,34
2518,3,4844,4844,0,0,0,0,1.0,1.0,1.0,1.0,1.0,1,0.12769272709236654,33
2519,2,4846,4846,0,0,0,0,1.0,1.0,1.0,1.0,1.0,1,0.07601077455233633,32
2520,0,4846,4846,0,0,0,0,1.0,1.0,1.0,1.0,1.0,1,0.04313886168936203,31
2521,1,4847,4847,0,0,0,0,1.0,1.0,1.0,1.0,1.0,1,0.09859309869402305,31
2522,1,4848,4848,0,0,0,0,1.0,1.0,1.0,1.0,1.0,1,0.13290698169981593,30
2523,2,4850,4850,0,0,0,0,1.0,1.0,1.0,1.0,1.0,1,0.21886325389291994,30
2524,0,4850,4850,0,0,0,0,1.0,1.0,1.0,1.0,1.0,1,0.244007292522229,29
2525,1,4851,4851,0,0,0,0,1.0,1.0,1.0,1.0,1.0,1,0.26812836041602073,29
2526,2,4853,4853,0,0,0,0,1.0,1.0,1.0,1.0,1.0,1,0.26436285453401953,27
2527,0,4853,4853,0,0,0,0,1.0,1.0,1.0,1.0,1.0,1,0.26376673150523927,28
2528,0,4853,4853,0,0,0,0,1.0,1.0,1.0,1.0,1.0,1,0.26376673150523927,28
2529,1,4854,4854,0,0,0,0,1.0,1.0,1.0,1.0,1.0,1,0.3014361078567207,28
2530,1,4855,4855,0,0,0,0,1.0,1.0,1.0,1.0,1.0,1,0.342369244101232,29
2531,0,4855,4855,0,0,0,0,1.0,1.0,1.0,1.0,1.0,1,0.35671866171374456,30
2532,4,4859,4859,0,0,0,0,1.0,1.0,1.0,1.0,1.0,1,0.26295658512842035,31
2533,1,4860,4860,0,0,0,0,1.0,1.0,1.0,1.0,1.0,1,0.2578901694370152,31
2534,3,4863,4863,0,0,0,0,1.0,1.0,1.0,1.0,1.0,1,0.3057256707142686,31
2535,1,4864,4864,0,0,0,0,1.0,1.0,1.0,1.0,1.0,1,0.3291320264651955,31
2536,2,4866,4866,0,0,0,0,1.0,1.0,1.0,1.0,1.0,1,0.39026226170431677,32
2537,0,4866,4866,0,0,0,0,1.0,1.0,1.0,1.0,1.0,1,0.3753152989498035,33
2538,2,4868,4868,0,0,0,0,1.0,1.0,1.0,1.0,1.0,1,0.376428371975818,35
2539,1,4869,4869,0,0,0,0,1.0,1.0,1.0,1.0,1.0,1,0.3303880962198582,37
2540,2,4871,4871,0,0,0,0,1.0,1.0,1.0,1.0,1.0,1,0.31303991127627184,38
2541,2,4873,4873,0,0,0,0,1.0,1.0,1.0,1.0,1.0,1,0.333921279392435,39
2542,4,4877,4877,0,0,0,0,1.0,1.0,1.0,1.0,1.0,1,0.2844755082474123,38
2543,0,4877,4877,0,0,0,0,1.0,1.0,1.0,1.0,1.0,1,0.2645841296958005,41
2544,1,4878,4878,0,0,0,0,1.0,1.0,1.0,1.0,1.0,1,0.25790118341463253,39
2545,0,4878,4878,0,0,0,0,1.0,1.0,1.0,1.0,1.0,1,0.27304624764605734,40
2546,2,4880,4880,0,0,0,0,1.0,1.0,1.0,1.0,1.0,1,0.22874270660293436,38
2547,1,4881,4881,0,0,0,0,1.0,1.0,1.0,1.0,1.0,1,0.21820561402132774,38
2548,0,4881,4881,0,0,0,0,1.0,1.0,1.0,1.0,1.0,1,0.20937606696285363,35
2549,1,4882,4882,0,0,0,0,1.0,1.0,1.0,1.0,1.0,1,0.2007175836439519,35
2550,0,4882,4882,0,0,0,0,1.0,1.0,1.0,1.0,1.0,1,0.2073226307801691,33
2551,0,4882,4882,0,0,0,0,1.0,1.0,1.0,1.0,1.0,1,0.23358275896835273,31
2552,0,4882,4882,0,0,0,0,1.0,1.0,1.0,1.0,1.0,1,0.23978672390339498,30
2553,2,4884,4884,0,0,0,0,1.0,1.0,1.0,1.0,1.0,1,0.31532304684592666,30
2554,1,4885,4885,0,0,0,0,1.0,1.0,1.0,1.0,1.0,1,0.30174286469185674,32
2555,1,4886,4886,0,0,0,0,1.0,1.0,1.0,1.0,1.0,1,0.38528824350671265,32
2556,0,4886,4886,0,0,0,0,1.0,1.0,1.0,1.0,1.0,1,0.3670982145604853,32
2557,1,4887,4887,0,0,0,0,1.0,1.0,1.0,1.0,1.0,1,0.319367647286817,30
2558,1,4888,4888,0,0,0,0,1.0,1.0,1.0,1.0,1.0,1,0.3087768362898245,31
2559,0,4888,4888,0,0,0,0,1.0,1.0,1.0,1.0,1.0,1,0.27368214940053676,30
2560,0,4888,4888,0,0,0,0,1.0,1.0,1.0,1.0,1.0,1,0.27368214940053676,30
2561,1,4889,4889,0,0,0,0,1.0,1.0,1.0,1.0,1.0,1,0.2934245429242306,30
2562,0,4889,4889,0,0,0,0,1.0,1.0,1.0,1.0,1.0,1,0.2914340596711502,33
2563,3,4892,4892,0,0,0,0,1.0,1.0,1.0,1.0,1.0,1,0.3081259900763072,33
2564,2,4894,4894,0,0,0,0,1.0,1.0,1.0,1.0,1.0,1,0.3560382416645513,33
2565,3,4897,4897,0,0,0,0,1.0,1.0,1.0,1.0,1.0,1,0.3024806375673342,33
2566,2,4899,4899,0,0,0,0,1.0,1.0,1.0,1.0,1.0,1,0.25658248541720036,35
2567,1,4900,4900,0,0,0,0,1.0,1.0,1.0,1.0,1.0,1,0.2884181188493063,36
2568,2,4902,4902,0,0,0,0,1.0,1.0,1.0,1.0,1.0,1,0.29555920359204607,37
2569,0,4902,4902,0,0,0,0,1.0,1.0,1.0,1.0,1.0,1,0.29555920359204607,37
2570,2,4904,4904,0,0,0,0,1.0,1.0,1.0,1.0,1.0,1,0.34396547822673706,37
2571,1,4905,4905,0,0,0,0,1.0,1.0,1.0,1.0,1.0,1,0.3542183290670154,37
2572,1,4906,4906,0,0,0,0,1.0,1.0,1.0,1.0,1.0,1,0.3235062297891995,39
2573,0,4906,4906,0,0,0,0,1.0,1.0,1.0,1.0,1.0,1,0.3235062297891995,39
2574,0,4906,4906,0,0,0,0,1.0,1.0,1.0,1.0,1.0,1,0.3386723527168604,38
2575,1,4907,4907,0,0,0,0,1.0,1.0,1.0,1.0,1.0,1,0.36032629044742287,38
2576,0,4907,4907,0,0,0,0,1.0,1.0,1.0,1.0,1.0,1,0.3863311163626934,37
2577,1,4908,4908,0,0,0,0,1.0,1.0,1.0,1.0,1.0,1,0.3479918885367566,39
2578,3,4911,4911,0,0,0,0,1.0,1.0,1.0,1.0,1.0,1,0.3590643465354996,40
2579,2,4913,4913,0,0,0,0,1.0,1.0,1.0,1.0,1.0,1,0.3257275749808904,41
2580,2,4915,4915,0,0,0,0,1.0,1.0,1.0,1.0,1.0,1,0.26976227246440987,42
2581,3,4918,4918,0,0,0,0,1.0,1.0,1.0,1.0,1.0,1,0.2589692668571272,43
2582,3,4921,4921,0,0,0,0,1.0,1.0,1.0,1.0,1.0,1,0.22593507510368102,43
2583,4,4925,4925,0,0,0,0,1.0,1.0,1.0,1.0,1.0,1,0.1699742928401424,43
2584,7,4932,4932,0,0,0,0,1.0,1.0,1.0,1.0,1.0,1,0.07203553118146205,43
2585,3,4935,4935,0,0,0,0,1.0,1.0,1.0,1.0,1.0,1,0.12015340448518196,44
2586,6,4941,4941,0,0,0,0,1.0,1.0,1.0,1.0,1.0,1,0.10787447675914165,43
2587,4,4945,4945,0,0,0,0,1.0,1.0,1.0,1.0,1.0,1,0.09569454402054589,44
2588,2,4947,4947,0,0,0,0,1.0,1.0,1.0,1.0,1.0,1,0.05121910552546967,44
2589,3,4950,4950,0,0,0,0,1.0,1.0,1.0,1.0,1.0,1,0.1169769592582657,44
2590,0,4950,4950,0,0,0,0,1.0,1.0,1.0,1.0,1.0,1,0.1169769592582657,44
2591,0,4950,4950,0,0,0,0,1.0,1.0,1.0,1.0,1.0,1,0.1169769592582657,44
2592,0,4950,4950,0,0,0,0,1.0,1.0,1.0,1.0,1.0,1,0.1169769592582657,44
2593,1,4951,4951,0,0,0,0,1.0,1.0,1.0,1.0,1.0,1,0.12864300974822307,43
2594,4,4955,4955,0,0,0,0,1.0,1.0,1.0,1.0,1.0,1,0.09668662629748513,48
2595,1,4956,4956,0,0,0,0,1.0,1.0,1.0,1.0,1.0,1,0.06277500968103435,45
2596,2,4958,4958,0,0,0,0,1.0,1.0,1.0,1.0,1.0,1,0.0685888467744443,46
2597,1,4959,4959,0,0,0,0,1.0,1.0,1.0,1.0,1.0,1,0.08625886658691034,45
2598,2,4961,4961,0,0,0,0,1.0,1.0,1.0,1.0,1.0,1,0.0940968929160594,45
2599,2,4963,4963,0,0,0,0,1.0,1.0,1.0,1.0,1.0,1,0.12066505035902095,45
2600,3,4966,4966,0,0,0,0,1.0,1.0,1.0,1.0,1.0,1,0.1217326108069903,48
2601,2,4968,4968,0,0,0,0,1.0,1.0,1.0,1.0,1.0,1,0.1452226651657046,47
2602,5,4973,4973,0,0,0,0,1.0,1.0,1.0,1.0,1.0,1,0.16440949838443789,48
2603,1,4974,4974,0,0,0,0,1.0,1.0,1.0,1.0,1.0,1,0.17239726779342868,48
2604,3,4977,4977,0,0,0,0,1.0,1.0,1.0,1.0,1.0,1,0.17942695238740494,47
2605,5,4982,4982,0,0,0,0,1.0,1.0,1.0,1.0,1.0,1,0.16906991698239318,47
2606,4,4986,4986,0,0,0,0,1.0,1.0,1.0,1.0,1.0,1,0.17662094382455454,46
2607,4,4990,4990,0,0,0,0,1.0,1.0,1.0,1.0,1.0,1,0.09855270664642223,45
2608,4,4994,4994,0,0,0,0,1.0,1.0,1.0,1.0,1.0,1,0.11003100286937852,45
2609,3,4997,4997,0,0,0,0,1.0,1.0,1.0,1.0,1.0,1,0.12658952144675376,44
2610,7,5004,5004,0,0,0,0,1.0,1.0,1.0,1.0,1.0,1,0.06947084775011672,45
2611,3,5007,5007,0,0,0,0,1.0,1.0,1.0,1.0,1.0,1,0.09070317695118113,46
2612,6,5013,5013,0,0,0,0,1.0,1.0,1.0,1.0,1.0,1,0.10899060262778391,47
2613,4,5017,5017,0,0,0,0,1.0,1.0,1.0,1.0,1.0,1,0.1129412817567007,48
2614,3,5020,5020,0,0,0,0,1.0,1.0,1.0,1.0,1.0,1,0.14097900993465812,48
2615,5,5025,5025,0,0,0,0,1.0,1.0,1.0,1.0,1.0,1,0.16214739742219436,49
2616,0,5025,5025,0,0,0,0,1.0,1.0,1.0,1.0,1.0,1,0.16214739742219436,49
2617,1,5026,5026,0,0,0,0,1.0,1.0,1.0,1.0,1.0,1,0.21909852779947012,48
2618,3,5029,5029,0,0,0,0,1.0,1.0,1.0,1.0,1.0,1,0.23528836444435938,47
2619,1,5030,5030,0,0,0,0,1.0,1.0,1.0,1.0,1.0,1,0.21350370728182577,50
2620,1,5031,5031,0,0,0,0,1.0,1.0,1.0,1.0,1.0,1,0.21716280071078173,51
2621,0,5031,5031,0,0,0,0,1.0,1.0,1.0,1.0,1.0,1,0.20410674777818108,52
2622,0,5031,5031,0,0,0,0,1.0,1.0,1.0,1.0,1.0,1,0.22243184382379635,52
2623,1,5032,5032,0,0,0,0,0.9675900025207654,0.9253160927652421,0.9675900025207654,0.9253160927652421,1.0,1,0.2666478464195159,53
2624,2,5034,5034,0,0,0,0,0.9663190222274621,0.9253160927652421,0.9663190222274621,0.9253160927652421,1.0,1,0.27391161324346225,51
2625,2,5036,5036,0,0,0,0,0.985061100513094,0.9660479557115773,0.985061100513094,0.9660479557115773,1.0,1,0.2894806815456128,50
2626,5,5041,5041,0,0,0,0,0.9947311214295397,0.988264770456702,0.9947311214295397,0.988264770456702,1.0,1,0.27346353448654254,49
2627,2,5043,5043,0,0,0,0,1.0,1.0,1.0,1.0,1.0,1,0.26665664337138584,48
2628,1,5044,5044,0,0,0,0,1.0,1.0,1.0,1.0,1.0,1,0.2524274379294006,48
2629,1,5045,5045,0,0,0,0,1.0,1.0,1.0,1.0,1.0,1,0.27896399329396054,47
2630,1,5046,5046,0,0,0,0,0.9907006481356334,0.9801332028352169,0.9907006481356334,0.9801332028352169,1.0,1,0.29719158978238314,47
2631,1,5047,5047,0,0,0,0,0.9907006481356334,0.9801332028352169,0.9907006481356334,0.9801332028352169,1.0,1,0.2898007318757954,47
2632,2,5049,5049,0,0,0,0,0.9626699437592929,0.9237168415950767,0.9626699437592929,0.9237168415950767,1.0,1,0.287219378758716,47
2633,2,5051,5051,0,0,0,0,0.9852664300891179,0.9705328601782358,0.9852664300891179,0.9705328601782358,1.0,1,0.2852763731719096,44
2634,5,5056,5056,0,0,0,0,1.0,1.0,1.0,1.0,1.0,1,0.2265761852362595,44
2635,4,5060,5060,0,0,0,0,1.0,1.0,1.0,1.0,1.0,1,0.24306652972869677,45
2636,5,5065,5065,0,0,0,0,1.0,1.0,1.0,1.0,1.0,1,0.19648000681742647,40
2637,2,5067,5067,0,0,0,0,1.0,1.0,1.0,1.0,1.0,1,0.19555362092807133,41
2638,4,5071,5071,0,0,0,0,1.0,1.0,1.0,1.0,1.0,1,0.21935885815562334,38
2639,3,5074,5074,0,0,0,0,1.0,1.0,1.0,1.0,1.0,1,0.2291824828075716,39
2640,2,5076,5076,0,0,0,0,1.0,1.0,1.0,1.0,1.0,1,0.22640829427932135,38
2641,4,5080,5080,0,0,0,0,1.0,1.0,1.0,1.0,1.0,1,0.25472191920787296,37
2642,1,5081,5081,0,0,0,0,1.0,1.0,1.0,1.0,1.0,1,0.2516890773612383,38
2643,3,5084,5084,0,0,0,0,1.0,1.0,1.0,1.0,1.0,1,0.2423950331020135,37
2644,3,5087,5087,0,0,0,0,1.0,1.0,1.0,1.0,1.0,1,0.16141161414568403,36
2645,4,5091,5091,0,0,0,0,1.0,1.0,1.0,1.0,1.0,1,0.15188028093773334,35
2646,0,5091,5091,0,0,0,0,1.0,1.0,1.0,1.0,1.0,1,0.15155513364287873,35
2647,2,5093,5093,0,0,0,0,1.0,1.0,1.0,1.0,1.0,1,0.15431056332735754,35
2648,1,5094,5094,0,0,0,0,1.0,1.0,1.0,1.0,1.0,1,0.17389832858763554,36
2649,1,5095,5095,0,0,0,0,1.0,1.0,1.0,1.0,1.0,1,0.16137763199253502,37
2650,0,5095,5095,0,0,0,0,1.0,1.0,1.0,1.0,1.0,1,0.1681347037023437,39
2651,3,5098,5098,0,0,0,0,1.0,1.0,1.0,1.0,1.0,1,0.20782457734511034,39
2652,0,5098,5098,0,0,0,0,1.0,1.0,1.0,1.0,1.0,1,0.20782457734511034,39
2653,0,5098,5098,0,0,0,0,1.0,1.0,1.0,1.0,1.0,1,0.20782457734511034,39
2654,3,5101,5101,0,0,0,0,1.0,1.0,1.0,1.0,1.0,1,0.23428348305302724,40
2655,0,5101,5101,0,0,0,0,1.0,1.0,1.0,1.0,1.0,1,0.23428348305302724,40
2656,3,5104,5104,0,0,0,0,1.0,1.0,1.0,1.0,1.0,1,0.21978988509497577,39
2657,2,5106,5106,0,0,0,0,1.0,1.0,1.0,1.0,1.0,1,0.2321176747885006,40
2658,2,5108,5108,0,0,0,0,1.0,1.0,1.0,1.0,1.0,1,0.23301799473520846,41
2659,2,5110,5110,0,0,0,0,1.0,1.0,1.0,1.0,1.0,1,0.2349138796698449,41
2660,4,5114,5114,0,0,0,0,1.0,1.0,1.0,1.0,1.0,1,0.2483653422618506,40
2661,1,5115,5115,0,0,0,0,1.0,1.0,1.0,1.0,1.0,1,0.21190105694366776,40
2662,2,5117,5117,0,0,0,0,1.0,1.0,1.0,1.0,1.0,1,0.1959955254635193,42
2663,4,5121,5121,0,0,0,0,1.0,1.0,1.0,1.0,1.0,1,0.1795806774145267,41
2664,1,5122,5122,0,0,0,0,1.0,1.0,1.0,1.0,1.0,1,0.17999970695561168,42
2665,2,5124,5124,0,0,0,0,1.0,1.0,1.0,1.0,1.0,1,0.1934852719284293,43
2666,1,5125,5125,0,0,0,0,1.0,1.0,1.0,1.0,1.0,1,0.22166733206527592,44
2667,2,5127,5127,0,0,0,0,1.0,1.0,1.0,1.0,1.0,1,0.2740436502399422,42
2668,3,5130,5130,0,0,0,0,1.0,1.0,1.0,1.0,1.0,1,0.2835693772855721,41
2669,4,5134,5134,0,0,0,0,1.0,1.0,1.0,1.0,1.0,1,0.2836051628563698,42
2670,4,5138,5138,0,0,0,0,1.0,1.0,1.0,1.0,1.0,1,0.3392506774038616,40
2671,3,5141,5141,0,0,0,0,1.0,1.0,1.0,1.0,1.0,1,0.31570287901282157,39
2672,1,5142,5142,0,0,0,0,1.0,1.0,1.0,1.0,1.0,1,0.35094127711440765,36
2673,6,5148,5148,0,0,0,0,1.0,1.0,1.0,1.0,1.0,1,0.30054298660408957,35
2674,2,5150,5150,0,0,0,0,1.0,1.0,1.0,1.0,1.0,1,0.2807305566465585,33
2675,3,5153,5153,0,0,0,0,1.0,1.0,1.0,1.0,1.0,1,0.2256108126513204,34
2676,2,5155,5155,0,0,0,0,1.0,1.0,1.0,1.0,1.0,1,0.19099401180649977,32
2677,2,5157,5157,0,0,0,0,1.0,1.0,1.0,1.0,1.0,1,0.15649703486675723,33
2678,0,5157,5157,0,0,0,0,1.0,1.0,1.0,1.0,1.0,1,0.1666133182606839,33
2679,1,5158,5158,0,0,0,0,1.0,1.0,1.0,1.0,1.0,1,0.15390014860164822,32
2680,1,5159,5159,0,0,0,0,1.0,1.0,1.0,1.0,1.0,1,0.17524809100554872,32
2681,1,5160,5160,0,0,0,0,1.0,1.0,1.0,1.0,1.0,1,0.1388155223152607,32
2682,1,5161,5161,0,0,0,0,1.0,1.0,1.0,1.0,1.0,1,0.16219391389567814,33
2683,1,5162,5162,0,0,0,0,1.0,1.0,1.0,1.0,1.0,1,0.15097193812625267,32
2684,0,5162,5162,0,0,0,0,1.0,1.0,1.0,1.0,1.0,1,0.16346525998366657,31
2685,0,5162,5162,0,0,0,0,1.0,1.0,1.0,1.0,1.0,1,0.16346525998366657,31
2686,3,5165,5165,0,0,0,0,1.0,1.0,1.0,1.0,1.0,1,0.19300075559914548,30
2687,5,5170,5170,0,0,0,0,1.0,1.0,1.0,1.0,1.0,1,0.1846757892592137,30
2688,4,5174,5174,0,0,0,0,1.0,1.0,1.0,1.0,1.0,1,0.1883388259773908,30
2689,6,5180,5180,0,0,0,0,1.0,1.0,1.0,1.0,1.0,1,0.08758126887403628,31
2690,0,5180,5180,0,0,0,0,1.0,1.0,1.0,1.0,1.0,1,0.08758126887403628,31
2691,5,5185,5185,0,0,0,0,1.0,1.0,1.0,1.0,1.0,1,0.10427863086513668,32
2692,0,5185,5185,0,0,0,0,1.0,1.0,1.0,1.0,1.0,1,0.10427863086513668,32
2693,4,5189,5189,0,0,0,0,1.0,1.0,1.0,1.0,1.0,1,0.13331997599342588,33
2694,0,5189,5189,0,0,0,0,1.0,1.0,1.0,1.0,1.0,1,0.10537345896399312,34
2695,1,5190,5190,0,0,0,0,1.0,1.0,1.0,1.0,1.0,1,0.12746601007520472,35
2696,1,5191,5191,0,0,0,0,1.0,1.0,1.0,1.0,1.0,1,0.11759413497824532,35
2697,0,5191,5191,0,0,0,0,1.0,1.0,1.0,1.0,1.0,1,0.11759413497824532,35
2698,2,5193,5193,0,0,0,0,1.0,1.0,1.0,1.0,1.0,1,0.1685318378891104,36
2699,1,5194,5194,0,0,0,0,1.0,1.0,1.0,1.0,1.0,1,0.18819855026673665,36
2700,3,5197,5197,0,0,0,0,1.0,1.0,1.0,1.0,1.0,1,0.32231646960126403,37
2701,2,5199,5199,0,0,0,0,1.0,1.0,1.0,1.0,1.0,1,0.32559862869825934,37
2702,2,5201,5201,0,0,0,0,1.0,1.0,1.0,1.0,1.0,1,0.2687621856318977,37
2703,4,5205,5205,0,0,0,0,1.0,1.0,1.0,1.0,1.0,1,0.2202932365018768,38
2704,2,5207,5207,0,0,0,0,1.0,1.0,1.0,1.0,1.0,1,0.19563547642918927,37
2705,5,5212,5212,0,0,0,0,1.0,1.0,1.0,1.0,1.0,1,0.13161211106400622,36
2706,2,5214,5214,0,0,0,0,1.0,1.0,1.0,1.0,1.0,1,0.11539469615863614,36
2707,2,5216,5216,0,0,0,0,1.0,1.0,1.0,1.0,1.0,1,0.10217068274095192,35
2708,3,5219,5219,0,0,0,0,1.0,1.0,1.0,1.0,1.0,1,0.15097459617432987,36
2709,0,5219,5219,0,0,0,0,1.0,1.0,1.0,1.0,1.0,1,0.17611461521599675,32
2710,1,5220,5220,0,0,0,0,1.0,1.0,1.0,1.0,1.0,1,0.23204709433074341,29
2711,0,5220,5220,0,0,0,0,1.0,1.0,1.0,1.0,1.0,1,0.21258196177989164,29
2712,1,5221,5221,0,0,0,0,1.0,1.0,1.0,1.0,1.0,1,0.2677038623288481,28
2713,3,5224,5224,0,0,0,0,1.0,1.0,1.0,1.0,1.0,1,0.17297742538932312,28
2714,3,5227,5227,0,0,0,0,1.0,1.0,1.0,1.0,1.0,1,0.2696807348203638,26
2715,3,5230,5230,0,0,0,0,1.0,1.0,1.0,1.0,1.0,1,0.19856474555175263,24
2716,2,5232,5232,0,0,0,0,1.0,1.0,1.0,1.0,1.0,1,0.1259225485930653,24
2717,4,5236,5236,0,0,0,0,1.0,1.0,1.0,1.0,1.0,1,0.09685779153052324,25
2718,2,5238,5238,0,0,0,0,1.0,1.0,1.0,1.0,1.0,1,0.23629553613121343,25
2719,3,5241,5241,0,0,0,0,1.0,1.0,1.0,1.0,1.0,1,0.20510333135307174,25
2720,5,5246,5246,0,0,0,0,1.0,1.0,1.0,1.0,1.0,1,0.15353806710020645,25
2721,1,5247,5247,0,0,0,0,1.0,1.0,1.0,1.0,1.0,1,0.1776374491114694,25
2722,1,5248,5248,0,0,0,0,1.0,1.0,1.0,1.0,1.0,1,0.14980351788609128,26
2723,1,5249,5249,0,0,0,0,1.0,1.0,1.0,1.0,1.0,1,0.16815103196995004,26
2724,0,5249,5249,0,0,0,0,1.0,1.0,1.0,1.0,1.0,1,0.16714668280715153,27
2725,1,5250,5250,0,0,0,0,1.0,1.0,1.0,1.0,1.0,1,0.21566965228228624,28
2726,1,5251,5251,0,0,0,0,1.0,1.0,1.0,1.0,1.0,1,0.19141831002762671,28
2727,0,5251,5251,0,0,0,0,1.0,1.0,1.0,1.0,1.0,1,0.2146097000488622,29
2728,0,5251,5251,0,0,0,0,1.0,1.0,1.0,1.0,1.0,1,0.2146097000488622,29
2729,3,5254,5254,0,0,0,0,1.0,1.0,1.0,1.0,1.0,1,0.24449451303869613,29
2730,0,5254,5254,0,0,0,0,1.0,1.0,1.0,1.0,1.0,1,0.24449451303869613,29
2731,3,5257,5257,0,0,0,0,1.0,1.0,1.0,1.0,1.0,1,0.24629104704199833,30
2732,1,5258,5258,0,0,0,0,1.0,1.0,1.0,1.0,1.0,1,0.26109049253648076,29
2733,3,5261,5261,0,0,0,0,1.0,1.0,1.0,1.0,1.0,1,0.3181953534469016,29
2734,4,5265,5265,0,0,0,0,1.0,1.0,1.0,1.0,1.0,1,0.2425216283699883,29
2735,2,5267,5267,0,0,0,0,1.0,1.0,1.0,1.0,1.0,1,0.3307744909427559,29
2736,4,5271,5271,0,0,0,0,1.0,1.0,1.0,1.0,1.0,1,0.24992471710158543,30
2737,2,5273,5273,0,0,0,0,1.0,1.0,1.0,1.0,1.0,1,0.3142497725693258,30
2738,2,5275,5275,0,0,0,0,1.0,1.0,1.0,1.0,1.0,1,0.2400913961740871,30
2739,1,5276,5276,0,0,0,0,1.0,1.0,1.0,1.0,1.0,1,0.24612009733544188,29
2740,2,5278,5278,0,0,0,0,1.0,1.0,1.0,1.0,1.0,1,0.2518774877748358,29
2741,0,5278,5278,0,0,0,0,1.0,1.0,1.0,1.0,1.0,1,0.2853470788929962,28
2742,1,5279,5279,0,0,0,0,1.0,1.0,1.0,1.0,1.0,1,0.3023056437212231,28
2743,2,5281,5281,0,0,0,0,1.0,1.0,1.0,1.0,1.0,1,0.26256182795207994,29
2744,0,5281,5281,0,0,0,0,1.0,1.0,1.0,1.0,1.0,1,0.22822301754247093,27
2745,0,5281,5281,0,0,0,0,1.0,1.0,1.0,1.0,1.0,1,0.1785618373833278,25
2746,0,5281,5281,0,0,0,0,1.0,1.0,1.0,1.0,1.0,1,0.1798625443346181,25
2747,2,5283,5283,0,0,0,0,1.0,1.0,1.0,1.0,1.0,1,0.2318120249393267,23
2748,0,5283,5283,0,0,0,0,1.0,1.0,1.0,1.0,1.0,1,0.2078971490125453,22
2749,0,5283,5283,0,0,0,0,1.0,1.0,1.0,1.0,1.0,1,0.1831437459130871,19
2750,0,5283,5283,0,0,0,0,1.0,1.0,1.0,1.0,1.0,1,0.16707161018007596,18
2751,0,5283,5283,0,0,0,0,1.0,1.0,1.0,1.0,1.0,1,0.19264505644746208,16
2752,0,5283,5283,0,0,0,0,1.0,1.0,1.0,1.0,1.0,1,0.19203741699360113,15
2753,0,5283,5283,0,0,0,0,1.0,1.0,1.0,1.0,1.0,1,0.19203741699360113,15
2754,0,5283,5283,0,0,0,0,1.0,1.0,1.0,1.0,1.0,1,0.19203741699360113,15
2755,0,5283,5283,0,0,0,0,1.0,1.0,1.0,1.0,1.0,1,0.19203741699360113,15
2756,0,5283,5283,0,0,0,0,1.0,1.0,1.0,1.0,1.0,1,0.2155915086297163,16
2757,0,5283,5283,0,0,0,0,1.0,1.0,1.0,1.0,1.0,1,0.21775917420072569,17
2758,0,5283,5283,0,0,0,0,1.0,1.0,1.0,1.0,1.0,1,0.21775917420072569,17
2759,0,5283,5283,0,0,0,0,1.0,1.0,1.0,1.0,1.0,1,0.21928313618350423,18
2760,0,5283,5283,0,0,0,0,1.0,1.0,1.0,1.0,1.0,1,0.21928313618350423,18
2761,0,5283,5283,0,0,0,0,1.0,1.0,1.0,1.0,1.0,1,0.21928313618350423,18
2762,1,5284,5284,0,0,0,0,1.0,1.0,1.0,1.0,1.0,1,0.2287380351115842,18
2763,0,5284,5284,0,0,0,0,1.0,1.0,1.0,1.0,1.0,1,0.20203306307352184,17
2764,1,5285,5285,0,0,0,0,1.0,1.0,1.0,1.0,1.0,1,0.15149206369980933,17
2765,0,5285,5285,0,0,0,0,1.0,1.0,1.0,1.0,1.0,1,0.13644828131882256,18
2766,3,5288,5288,0,0,0,0,1.0,1.0,1.0,1.0,1.0,1,0.1633207067623661,18
2767,3,5291,5291,0,0,0,0,1.0,1.0,1.0,1.0,1.0,1,0.19144360236045424,18
2768,1,5292,5292,0,0,0,0,1.0,1.0,1.0,1.0,1.0,1,0.16752968557234796,18
2769,0,5292,5292,0,0,0,0,1.0,1.0,1.0,1.0,1.0,1,0.16752968557234796,18
2770,3,5295,5295,0,0,0,0,1.0,1.0,1.0,1.0,1.0,1,0.22332760385564993,18
2771,1,5296,5296,0,0,0,0,1.0,1.0,1.0,1.0,1.0,1,0.24359314513036526,18
2772,1,5297,5297,0,0,0,0,1.0,1.0,1.0,1.0,1.0,1,0.27431994143404365,18
2773,3,5300,5300,0,0,0,0,1.0,1.0,1.0,1.0,1.0,1,0.3389915444758496,18
2774,3,5303,5303,0,0,0,0,1.0,1.0,1.0,1.0,1.0,1,0.21200719072198887,20
2775,2,5305,5305,0,0,0,0,1.0,1.0,1.0,1.0,1.0,1,0.1253013012729886,21
2776,2,5307,5307,0,0,0,0,1.0,1.0,1.0,1.0,1.0,1,0.19846922816639534,21
2777,2,5309,5309,0,0,0,0,1.0,1.0,1.0,1.0,1.0,1,0.16209753308904054,22
2778,1,5310,5310,0,0,0,0,1.0,1.0,1.0,1.0,1.0,1,0.14605375540507634,24
2779,1,5311,5311,0,0,0,0,1.0,1.0,1.0,1.0,1.0,1,0.17779818804476674,24
2780,1,5312,5312,0,0,0,0,1.0,1.0,1.0,1.0,1.0,1,0.2005889471222309,24
2781,0,5312,5312,0,0,0,0,1.0,1.0,1.0,1.0,1.0,1,0.2005889471222309,24
2782,3,5315,5315,0,0,0,0,1.0,1.0,1.0,1.0,1.0,1,0.1649653694931486,24
2783,0,5315,5315,0,0,0,0,1.0,1.0,1.0,1.0,1.0,1,0.1649653694931486,24
2784,2,5317,5317,0,0,0,0,1.0,1.0,1.0,1.0,1.0,1,0.22672648614132349,24
2785,0,5317,5317,0,0,0,0,1.0,1.0,1.0,1.0,1.0,1,0.18005299469965985,22
2786,0,5317,5317,0,0,0,0,1.0,1.0,1.0,1.0,1.0,1,0.22474619520707875,22
2787,0,5317,5317,0,0,0,0,1.0,1.0,1.0,1.0,1.0,1,0.2228680998754056,21
2788,0,5317,5317,0,0,0,0,1.0,1.0,1.0,1.0,1.0,1,0.22809833479783398,20
2789,0,5317,5317,0,0,0,0,1.0,1.0,1.0,1.0,1.0,1,0.22809833479783398,20
2790,0,5317,5317,0,0,0,0,1.0,1.0,1.0,1.0,1.0,1,0.2540056565676272,21
2791,0,5317,5317,0,0,0,0,1.0,1.0,1.0,1.0,1.0,1,0.2540056565676272,21
2792,1,5318,5318,0,0,0,0,1.0,1.0,1.0,1.0,1.0,1,0.22434920666764632,21
2793,1,5319,5319,0,0,0,0,1.0,1.0,1.0,1.0,1.0,1,0.2556933603495062,18
2794,0,5319,5319,0,0,0,0,1.0,1.0,1.0,1.0,1.0,1,0.2556933603495062,18
2795,1,5320,5320,0,0,0,0,1.0,1.0,1.0,1.0,1.0,1,0.19860547885059907,20
2796,0,5320,5320,0,0,0,0,1.0,1.0,1.0,1.0,1.0,1,0.22390015176713754,21
2797,0,5320,5320,0,0,0,0,1.0,1.0,1.0,1.0,1.0,1,0.22390015176713754,21
2798,1,5321,5321,0,0,0,0,1.0,1.0,1.0,1.0,1.0,1,0.24346672075615491,21
2799,0,5321,5321,0,0,0,0,1.0,1.0,1.0,1.0,1.0,1,0.24368396255095404,22
2800,2,5323,5323,0,0,0,0,1.0,1.0,1.0,1.0,1.0,1,0.29109209971337013,22
2801,0,5323,5323,0,0,0,0,1.0,1.0,1.0,1.0,1.0,1,0.29109209971337013,22
2802,2,5325,5325,0,0,0,0,1.0,1.0,1.0,1.0,1.0,1,0.20565322196424107,22
2803,0,5325,5325,0,0,0,0,1.0,1.0,1.0,1.0,1.0,1,0.20565322196424107,22
2804,2,5327,5327,0,0,0,0,1.0,1.0,1.0,1.0,1.0,1,0.24780939997925525,23
2805,0,5327,5327,0,0,0,0,1.0,1.0,1.0,1.0,1.0,1,0.24780939997925525,23
2806,2,5329,5329,0,0,0,0,1.0,1.0,1.0,1.0,1.0,1,0.27546768134555033,23
2807,1,5330,5330,0,0,0,0,1.0,1.0,1.0,1.0,1.0,1,0.21508854658815252,24
2808,1,5331,5331,0,0,0,0,1.0,1.0,1.0,1.0,1.0,1,0.24933424521054284,24
2809,0,5331,5331,0,0,0,0,1.0,1.0,1.0,1.0,1.0,1,0.22987469923282305,25
2810,1,5332,5332,0,0,0,0,1.0,1.0,1.0,1.0,1.0,1,0.18031651060718365,24
2811,1,5333,5333,0,0,0,0,1.0,1.0,1.0,1.0,1.0,1,0.2302537601845223,26
2812,3,5336,5336,0,0,0,0,1.0,1.0,1.0,1.0,1.0,1,0.1814921718586268,26
2813,0,5336,5336,0,0,0,0,1.0,1.0,1.0,1.0,1.0,1,0.183958859848677,27
2814,0,5336,5336,0,0,0,0,1.0,1.0,1.0,1.0,1.0,1,0.16647421503797782,29
2815,1,5337,5337,0,0,0,0,1.0,1.0,1.0,1.0,1.0,1,0.13256269358636832,29
2816,2,5339,5339,0,0,0,0,1.0,1.0,1.0,1.0,1.0,1,0.1101337996053028,29
2817,1,5340,5340,0,0,0,0,1.0,1.0,1.0,1.0,1.0,1,0.12881471288312102,29
2818,1,5341,5341,0,0,0,0,1.0,1.0,1.0,1.0,1.0,1,0.16881953701086153,29
2819,2,5343,5343,0,0,0,0,1.0,1.0,1.0,1.0,1.0,1,0.10259018055748281,30
2820,2,5345,5345,0,0,0,0,1.0,1.0,1.0,1.0,1.0,1,0.14973478620625205,30
2821,3,5348,5348,0,0,0,0,1.0,1.0,1.0,1.0,1.0,1,0.07622755771781578,31
2822,2,5350,5350,0,0,0,0,1.0,1.0,1.0,1.0,1.0,1,0.0766190188332357,30
2823,2,5352,5352,0,0,0,0,1.0,1.0,1.0,1.0,1.0,1,0.03846357115846563,27
2824,2,5354,5354,0,0,0,0,1.0,1.0,1.0,1.0,1.0,1,0.10811456433134799,28
2825,3,5357,5357,0,0,0,0,1.0,1.0,1.0,1.0,1.0,1,0.111448642783555,28
2826,2,5359,5359,0,0,0,0,1.0,1.0,1.0,1.0,1.0,1,0.15423182584161912,27
2827,2,5361,5361,0,0,0,0,1.0,1.0,1.0,1.0,1.0,1,0.13545762655511373,28
2828,0,5361,5361,0,0,0,0,1.0,1.0,1.0,1.0,1.0,1,0.1806879258821864,28
2829,3,5364,5364,0,0,0,0,1.0,1.0,1.0,1.0,1.0,1,0.18107524563501956,27
2830,1,5365,5365,0,0,0,0,1.0,1.0,1.0,1.0,1.0,1,0.20058311441440754,27
2831,0,5365,5365,0,0,0,0,1.0,1.0,1.0,1.0,1.0,1,0.20058311441440754,27
2832,1,5366,5366,0,0,0,0,1.0,1.0,1.0,1.0,1.0,1,0.2596886064807331,27
2833,0,5366,5366,0,0,0,0,1.0,1.0,1.0,1.0,1.0,1,0.2393683362086776,26
2834,3,5369,5369,0,0,0,0,1.0,1.0,1.0,1.0,1.0,1,0.2109621457627282,26
2835,0,5369,5369,0,0,0,0,1.0,1.0,1.0,1.0,1.0,1,0.19158602778245884,25
2836,1,5370,5370,0,0,0,0,1.0,1.0,1.0,1.0,1.0,1,0.19964163122882098,27
2837,2,5372,5372,0,0,0,0,1.0,1.0,1.0,1.0,1.0,1,0.26842583123110475,27
2838,3,5375,5375,0,0,0,0,1.0,1.0,1.0,1.0,1.0,1,0.18054212924611432,27
2839,4,5379,5379,0,0,0,0,1.0,1.0,1.0,1.0,1.0,1,0.15708539358706392,29
2840,3,5382,5382,0,0,0,0,1.0,1.0,1.0,1.0,1.0,1,0.10475868557702643,29
2841,1,5383,5383,0,0,0,0,1.0,1.0,1.0,1.0,1.0,1,0.08729272742645541,31
2842,5,5388,5388,0,0,0,0,1.0,1.0,1.0,1.0,1.0,1,0.16265187369377268,31
2843,0,5388,5388,0,0,0,0,1.0,1.0,1.0,1.0,1.0,1,0.23166031349866065,32
2844,5,5393,5393,0,0,0,0,1.0,1.0,1.0,1.0,1.0,1,0.2729325118808642,33
2845,2,5395,5395,0,0,0,0,1.0,1.0,1.0,1.0,1.0,1,0.3150733511322742,32
2846,2,5397,5397,0,0,0,0,1.0,1.0,1.0,1.0,1.0,1,0.2761276394964406,33
2847,3,5400,5400,0,0,0,0,1.0,1.0,1.0,1.0,1.0,1,0.2963613923725298,32
2848,2,5402,5402,0,0,0,0,1.0,1.0,1.0,1.0,1.0,1,0.2699387684854429,33
2849,3,5405,5405,0,0,0,0,1.0,1.0,1.0,1.0,1.0,1,0.25615008694124364,34
2850,1,5406,5406,0,0,0,0,1.0,1.0,1.0,1.0,1.0,1,0.21260107069971762,34
2851,1,5407,5407,0,0,0,0,1.0,1.0,1.0,1.0,1.0,1,0.1784896392361078,34
2852,1,5408,5408,0,0,0,0,1.0,1.0,1.0,1.0,1.0,1,0.10743413357304682,35
2853,3,5411,5411,0,0,0,0,1.0,1.0,1.0,1.0,1.0,1,0.14274421637296583,36
2854,2,5413,5413,0,0,0,0,1.0,1.0,1.0,1.0,1.0,1,0.17042686195084655,37
2855,2,5415,5415,0,0,0,0,1.0,1.0,1.0,1.0,1.0,1,0.18202406402599366,38
2856,2,5417,5417,0,0,0,0,1.0,1.0,1.0,1.0,1.0,1,0.20568826000687293,38
2857,3,5420,5420,0,0,0,0,1.0,1.0,1.0,1.0,1.0,1,0.26250133388906666,39
2858,1,5421,5421,0,0,0,0,1.0,1.0,1.0,1.0,1.0,1,0.22661510340719582,40
2859,3,5424,5424,0,0,0,0,1.0,1.0,1.0,1.0,1.0,1,0.2506962153992459,40
2860,1,5425,5425,0,0,0,0,1.0,1.0,1.0,1.0,1.0,1,0.23355911156512424,40
2861,1,5426,5426,0,0,0,0,1.0,1.0,1.0,1.0,1.0,1,0.18196961144820462,38
2862,2,5428,5428,0,0,0,0,1.0,1.0,1.0,1.0,1.0,1,0.1969937145595803,38
2863,4,5432,5432,0,0,0,0,1.0,1.0,1.0,1.0,1.0,1,0.2445133273279869,38
2864,2,5434,5434,0,0,0,0,1.0,1.0,1.0,1.0,1.0,1,0.2202082833292128,36
2865,3,5437,5437,0,0,0,0,1.0,1.0,1.0,1.0,1.0,1,0.29757173333367604,34
2866,2,5439,5439,0,0,0,0,1.0,1.0,1.0,1.0,1.0,1,0.2962228956716135,31
2867,0,5439,5439,0,0,0,0,1.0,1.0,1.0,1.0,1.0,1,0.29741652578059463,30
2868,1,5440,5440,0,0,0,0,1.0,1.0,1.0,1.0,1.0,1,0.31578694564140886,27
2869,0,5440,5440,0,0,0,0,1.0,1.0,1.0,1.0,1.0,1,0.33284824334933705,27
2870,2,5442,5442,0,0,0,0,1.0,1.0,1.0,1.0,1.0,1,0.34027062692380583,25
2871,0,5442,5442,0,0,0,0,1.0,1.0,1.0,1.0,1.0,1,0.340795262557488,25
2872,2,5444,5444,0,0,0,0,1.0,1.0,1.0,1.0,1.0,1,0.2251736439229595,23
2873,3,5447,5447,0,0,0,0,1.0,1.0,1.0,1.0,1.0,1,0.0994121462833234,24
2874,3,5450,5450,0,0,0,0,1.0,1.0,1.0,1.0,1.0,1,0.1020412051126748,24
2875,3,5453,5453,0,0,0,0,1.0,1.0,1.0,1.0,1.0,1,0.1474273407388431,23
2876,5,5458,5458,0,0,0,0,1.0,1.0,1.0,1.0,1.0,1,0.2614310552552092,24
2877,4,5462,5462,0,0,0,0,1.0,1.0,1.0,1.0,1.0,1,0.29932359218512106,24
2878,2,5464,5464,0,0,0,0,1.0,1.0,1.0,1.0,1.0,1,0.3694194232052715,24
2879,0,5464,5464,0,0,0,0,1.0,1.0,1.0,1.0,1.0,1,0.34839851663285437,25
2880,3,5467,5467,0,0,0,0,1.0,1.0,1.0,1.0,1.0,1,0.28587252527075674,26
2881,1,5468,5468,0,0,0,0,1.0,1.0,1.0,1.0,1.0,1,0.3179349691251302,26
2882,1,5469,5469,0,0,0,0,1.0,1.0,1.0,1.0,1.0,1,0.29324239243732014,27
2883,1,5470,5470,0,0,0,0,1.0,1.0,1.0,1.0,1.0,1,0.2683065714127064,28
2884,2,5472,5472,0,0,0,0,1.0,1.0,1.0,1.0,1.0,1,0.3117223568975675,29
2885,3,5475,5475,0,0,0,0,1.0,1.0,1.0,1.0,1.0,1,0.32669616499975596,31
2886,1,5476,5476,0,0,0,0,1.0,1.0,1.0,1.0,1.0,1,0.338638726454758,31
2887,1,5477,5477,0,0,0,0,1.0,1.0,1.0,1.0,1.0,1,0.295677866941325,33
2888,2,5479,5479,0,0,0,0,1.0,1.0,1.0,1.0,1.0,1,0.2715888735004044,34
2889,1,5480,5480,0,0,0,0,1.0,1.0,1.0,1.0,1.0,1,0.25797541042807465,35
2890,1,5481,5481,0,0,0,0,1.0,1.0,1.0,1.0,1.0,1,0.27134695235151424,35
2891,2,5483,5483,0,0,0,0,1.0,1.0,1.0,1.0,1.0,1,0.2715689380148932,35
2892,1,5484,5484,0,0,0,0,1.0,1.0,1.0,1.0,1.0,1,0.2694884878479165,35
2893,2,5486,5486,0,0,0,0,1.0,1.0,1.0,1.0,1.0,1,0.28618225198301356,37
2894,1,5487,5487,0,0,0,0,1.0,1.0,1.0,1.0,1.0,1,0.3151717003092222,37
2895,1,5488,5488,0,0,0,0,1.0,1.0,1.0,1.0,1.0,1,0.32515395626428556,37
2896,1,5489,5489,0,0,0,0,1.0,1.0,1.0,1.0,1.0,1,0.32303513746970974,38
2897,0,5489,5489,0,0,0,0,1.0,1.0,1.0,1.0,1.0,1,0.3583210914602189,37
2898,0,5489,5489,0,0,0,0,1.0,1.0,1.0,1.0,1.0,1,0.368807222627327,38
2899,1,5490,5490,0,0,0,0,1.0,1.0,1.0,1.0,1.0,1,0.33998261189476797,37
2900,0,5490,5490,0,0,0,0,1.0,1.0,1.0,1.0,1.0,1,0.3247902039031545,36
2901,0,5490,5490,0,0,0,0,1.0,1.0,1.0,1.0,1.0,1,0.28209954073185783,37
2902,1,5491,5491,0,0,0,0,1.0,1.0,1.0,1.0,1.0,1,0.3034166001876518,35
2903,0,5491,5491,0,0,0,0,1.0,1.0,1.0,1.0,1.0,1,0.3137822594307805,35
2904,2,5493,5493,0,0,0,0,1.0,1.0,1.0,1.0,1.0,1,0.3521734471152366,33
2905,0,5493,5493,0,0,0,0,1.0,1.0,1.0,1.0,1.0,1,0.36288571734480357,34
2906,4,5497,5497,0,0,0,0,1.0,1.0,1.0,1.0,1.0,1,0.3929680402773221,34
2907,0,5497,5497,0,0,0,0,1.0,1.0,1.0,1.0,1.0,1,0.3785539429491527,35
2908,0,5497,5497,0,0,0,0,1.0,1.0,1.0,1.0,1.0,1,0.3745441407081895,36
2909,1,5498,5498,0,0,0,0,1.0,1.0,1.0,1.0,1.0,1,0.36838745047352545,38
2910,1,5499,5499,0,0,0,0,1.0,1.0,1.0,1.0,1.0,1,0.35819758014241054,38
2911,0,5499,5499,0,0,0,0,1.0,1.0,1.0,1.0,1.0,1,0.3611242332748481,37
2912,0,5499,5499,0,0,0,0,1.0,1.0,1.0,1.0,1.0,1,0.3611242332748481,37
2913,2,5501,5501,0,0,0,0,1.0,1.0,1.0,1.0,1.0,1,0.3114481131239436,38
2914,0,5501,5501,0,0,0,0,1.0,1.0,1.0,1.0,1.0,1,0.3114481131239436,38
2915,3,5504,5504,0,0,0,0,1.0,1.0,1.0,1.0,1.0,1,0.27913149205902105,39
2916,2,5506,5506,0,0,0,0,1.0,1.0,1.0,1.0,1.0,1,0.2844088702548129,40
2917,2,5508,5508,0,0,0,0,1.0,1.0,1.0,1.0,1.0,1,0.28077233696846793,41
2918,0,5508,5508,0,0,0,0,1.0,1.0,1.0,1.0,1.0,1,0.28318434312806373,41
2919,0,5508,5508,0,0,0,0,1.0,1.0,1.0,1.0,1.0,1,0.28318434312806373,41
2920,0,5508,5508,0,0,0,0,1.0,1.0,1.0,1.0,1.0,1,0.267057827355499,43
2921,1,5509,5509,0,0,0,0,1.0,1.0,1.0,1.0,1.0,1,0.2751599943385901,42
2922,0,5509,5509,0,0,0,0,1.0,1.0,1.0,1.0,1.0,1,0.25014618602090943,43
2923,2,5511,5511,0,0,0,0,1.0,1.0,1.0,1.0,1.0,1,0.23571584144571578,44
2924,1,5512,5512,0,0,0,0,1.0,1.0,1.0,1.0,1.0,1,0.19439819865474497,45
2925,3,5515,5515,0,0,0,0,1.0,1.0,1.0,1.0,1.0,1,0.15605404545807297,45
2926,1,5516,5516,0,0,0,0,1.0,1.0,1.0,1.0,1.0,1,0.13085540617903813,47
2927,3,5519,5519,0,0,0,0,1.0,1.0,1.0,1.0,1.0,1,0.17630073952187456,47
2928,0,5519,5519,0,0,0,0,1.0,1.0,1.0,1.0,1.0,1,0.17743566666549648,48
2929,2,5521,5521,0,0,0,0,1.0,1.0,1.0,1.0,1.0,1,0.2251864850176342,48
2930,2,5523,5523,0,0,0,0,1.0,1.0,1.0,1.0,1.0,1,0.2719961826427174,50
2931,0,5523,5523,0,0,0,0,1.0,1.0,1.0,1.0,1.0,1,0.27900394280816687,51
2932,1,5524,5524,0,0,0,0,0.9918197362903872,0.980133645276655,0.9918197362903872,0.980133645276655,1.0,1,0.3050202755391338,51
2933,2,5526,5526,0,0,0,0,0.9919770490540339,0.980133645276655,0.9919770490540339,0.980133645276655,1.0,1,0.3307200686002237,52
2934,2,5528,5528,0,0,0,0,0.9605908070900091,0.9109009551600206,0.9605908070900091,0.9109009551600206,1.0,1,0.3625342927243072,52
2935,1,5529,5529,0,0,0,0,0.9598180778172642,0.9109009551600206,0.9598180778172642,0.9109009551600206,1.0,1,0.37395199379699745,51
2936,1,5530,5530,0,0,0,0,0.958177999360826,0.9109009551600206,0.958177999360826,0.9109009551600206,1.0,1,0.37384278113448804,49
2937,2,5532,5532,0,0,0,0,0.9590144393736095,0.9109009551600206,0.9590144393736095,0.9109009551600206,1.0,1,0.3577588781664273,50
2938,1,5533,5533,0,0,0,0,0.9785374404925407,0.951221455664865,0.9785374404925407,0.951221455664865,1.0,1,0.32850461457244745,50
2939,0,5533,5533,0,0,0,0,0.9789582749926868,0.951221455664865,0.9789582749926868,0.951221455664865,1.0,1,0.31558484882221977,51
2940,2,5535,5535,0,0,0,0,0.9576473220811159,0.9042461194877404,0.9576473220811159,0.9042461194877404,1.0,1,0.3068720912139408,52
2941,2,5537,5537,0,0,0,0,0.9710820582136378,0.9303340493328544,0.9710820582136378,0.9303340493328544,1.0,1,0.27781153563977157,53
2942,3,5540,5540,0,0,0,0,0.9466864219035304,0.8794649538688512,0.9466864219035304,0.8794649538688512,1.0,1,0.31110143794327216,52
2943,1,5541,5541,0,0,0,0,0.945443870294387,0.8790277123919016,0.945443870294387,0.8790277123919016,1.0,1,0.31198348709378926,51
2944,2,5543,5543,0,0,0,0,0.9266755035350855,0.841130257659352,0.9266755035350855,0.841130257659352,1.0,1,0.312599748916744,52
2945,3,5546,5546,0,0,0,0,0.9879089932320049,0.9712118886476309,0.9879089932320049,0.9712118886476309,1.0,1,0.28735084670356953,50
2946,0,5546,5546,0,0,0,0,0.9687313127480488,0.927513497734113,0.9687313127480488,0.927513497734113,1.0,1,0.2965157935709229,51
2947,1,5547,5547,0,0,0,0,1.0,1.0,1.0,1.0,1.0,1,0.24207161212660006,50
2948,0,5547,5547,0,0,0,0,1.0,1.0,1.0,1.0,1.0,1,0.21818816051621726,50
2949,1,5548,5548,0,0,0,0,1.0,1.0,1.0,1.0,1.0,1,0.2181056853615754,49
2950,1,5549,5549,0,0,0,0,1.0,1.0,1.0,1.0,1.0,1,0.24482923871473122,48
2951,0,5549,5549,0,0,0,0,1.0,1.0,1.0,1.0,1.0,1,0.22955030142309527,48
2952,1,5550,5550,0,0,0,0,1.0,1.0,1.0,1.0,1.0,1,0.2577873344978712,46
2953,1,5551,5551,0,0,0,0,1.0,1.0,1.0,1.0,1.0,1,0.24304840563250557,46
2954,1,5552,5552,0,0,0,0,1.0,1.0,1.0,1.0,1.0,1,0.253353917997928,48
2955,6,5558,5558,0,0,0,0,1.0,1.0,1.0,1.0,1.0,1,0.2071879167568627,48
2956,4,5562,5562,0,0,0,0,1.0,1.0,1.0,1.0,1.0,1,0.2540100588260257,47
2957,4,5566,5566,0,0,0,0,1.0,1.0,1.0,1.0,1.0,1,0.22892633153908962,48
2958,5,5571,5571,0,0,0,0,1.0,1.0,1.0,1.0,1.0,1,0.182696654563794,49
2959,5,5576,5576,0,0,0,0,1.0,1.0,1.0,1.0,1.0,1,0.14254047356875363,49
2960,3,5579,5579,0,0,0,0,1.0,1.0,1.0,1.0,1.0,1,0.11851205400711305,49
2961,8,5587,5587,0,0,0,0,1.0,1.0,1.0,1.0,1.0,1,0.16594874455014277,51
2962,1,5588,5588,0,0,0,0,1.0,1.0,1.0,1.0,1.0,1,0.1429602039891814,51
2963,2,5590,5590,0,0,0,0,1.0,1.0,1.0,1.0,1.0,1,0.1472447846701713,51
2964,0,5590,5590,0,0,0,0,1.0,1.0,1.0,1.0,1.0,1,0.14860855114448954,52
2965,1,5591,5591,0,0,0,0,1.0,1.0,1.0,1.0,1.0,1,0.19265786744521832,53
2966,3,5594,5594,0,0,0,0,1.0,1.0,1.0,1.0,1.0,1,0.18446803606912252,53
2967,1,5595,5595,0,0,0,0,1.0,1.0,1.0,1.0,1.0,1,0.211730289759236,53
2968,1,5596,5596,0,0,0,0,1.0,1.0,1.0,1.0,1.0,1,0.24069456264875286,54
2969,0,5596,5596,0,0,0,0,1.0,1.0,1.0,1.0,1.0,1,0.22413379046765097,55
2970,0,5596,5596,0,0,0,0,1.0,1.0,1.0,1.0,1.0,1,0.22413379046765097,55
2971,2,5598,5598,0,0,0,0,1.0,1.0,1.0,1.0,1.0,1,0.21018925067146002,55
2972,0,5598,5598,0,0,0,0,1.0,1.0,1.0,1.0,1.0,1,0.21018925067146002,55
2973,1,5599,5599,0,0,0,0,1.0,1.0,1.0,1.0,1.0,1,0.2508209425977451,55
2974,3,5602,5602,0,0,0,0,1.0,1.0,1.0,1.0,1.0,1,0.20661716282076015,56
2975,0,5602,5602,0,0,0,0,1.0,1.0,1.0,1.0,1.0,1,0.2124497791054509,55
2976,4,5606,5606,0,0,0,0,1.0,1.0,1.0,1.0,1.0,1,0.1718718897537847,57
2977,1,5607,5607,0,0,0,0,1.0,1.0,1.0,1.0,1.0,1,0.1584663799002998,59
2978,3,5610,5610,0,0,0,0,1.0,1.0,1.0,1.0,1.0,1,0.13110412148437026,59
2979,2,5612,5612,0,0,0,0,1.0,1.0,1.0,1.0,1.0,1,0.12387610528170104,59
2980,4,5616,5616,0,0,0,0,1.0,1.0,1.0,1.0,1.0,1,0.14080605839540286,59
2981,5,5621,5621,0,0,0,0,1.0,1.0,1.0,1.0,1.0,1,0.15564435157983142,59
2982,6,5627,5627,0,0,0,0,0.98691463916631,0.9652953473541264,0.98691463916631,0.9652953473541264,1.0,1,0.17516794635807217,61
2983,5,5632,5632,0,0,0,0,1.0,1.0,1.0,1.0,1.0,1,0.13491452598690512,61
2984,6,5638,5638,0,0,0,0,1.0,1.0,1.0,1.0,1.0,1,0.13567356809524933,61
2985,8,5646,5646,0,0,0,0,1.0,1.0,1.0,1.0,1.0,1,0.05616092958376493,57
2986,4,5650,5650,0,0,0,0,1.0,1.0,1.0,1.0,1.0,1,0.026422039835967887,58
2987,5,5655,5655,0,0,0,0,1.0,1.0,1.0,1.0,1.0,1,0.021854078434845957,56
2988,3,5658,5658,0,0,0,0,1.0,1.0,1.0,1.0,1.0,1,0.039640084243675024,55
2989,3,5661,5661,0,0,0,0,1.0,1.0,1.0,1.0,1.0,1,0.061650748242402624,53
2990,4,5665,5665,0,0,0,0,1.0,1.0,1.0,1.0,1.0,1,0.06590309964300611,52
2991,3,5668,5668,0,0,0,0,1.0,1.0,1.0,1.0,1.0,1,0.06916595315703891,54
2992,1,5669,5669,0,0,0,0,1.0,1.0,1.0,1.0,1.0,1,0.1193473311583872,55
2993,2,5671,5671,0,0,0,0,1.0,1.0,1.0,1.0,1.0,1,0.17195925631066108,53
2994,0,5671,5671,0,0,0,0,1.0,1.0,1.0,1.0,1.0,1,0.1778876053124216,53
2995,1,5672,5672,0,0,0,0,0.9896074476708563,0.9747609443435081,0.9896074476708563,0.9747609443435081,1.0,1,0.23225921836173255,51
2996,1,5673,5673,0,0,0,0,0.9650648048353401,0.9174259023380764,0.9650648048353401,0.9174259023380764,1.0,1,0.23007930401232876,52
2997,2,5675,5675,0,0,0,0,0.9923431048561671,0.9808577621404174,0.9923431048561671,0.9808577621404174,1.0,1,0.23191153459577304,50
2998,1,5676,5676,0,0,0,0,0.9924932400550657,0.9808577621404174,0.9924932400550657,0.9808577621404174,1.0,1,0.20734297554487735,51
2999,2,5678,5678,0,0,0,0,1.0,1.0,1.0,1.0,1.0,1,0.22049588654403154,48
3000,0,5678,5678,0,0,0,0,1.0,1.0,1.0,1.0,1.0,1,0.22049588654403154,48
3001,1,5679,5679,0,0,0,0,1.0,1.0,1.0,1.0,1.0,1,0.20697070584308278,49
3002,0,5679,5679,0,0,0,0,1.0,1.0,1.0,1.0,1.0,1,0.21906013525815346,50
3003,2,5681,5681,0,0,0,0,1.0,1.0,1.0,1.0,1.0,1,0.19735473646607343,50
3004,0,5681,5681,0,0,0,0,1.0,1.0,1.0,1.0,1.0,1,0.19145509411693143,51
3005,2,5683,5683,0,0,0,0,1.0,1.0,1.0,1.0,1.0,1,0.22733736324672318,50
3006,0,5683,5683,0,0,0,0,0.9969678939971294,0.99226812969268,0.9969678939971294,0.99226812969268,1.0,1,0.2395900189488566,51
3007,1,5684,5684,0,0,0,0,0.9969678939971293,0.99226812969268,0.9969678939971293,0.99226812969268,1.0,1,0.23827113559189758,51
3008,6,5690,5690,0,0,0,0,1.0,1.0,1.0,1.0,1.0,1,0.1968848743394864,53
3009,2,5692,5692,0,0,0,0,1.0,1.0,1.0,1.0,1.0,1,0.2196534817463146,52
3010,7,5699,5699,0,0,0,0,1.0,1.0,1.0,1.0,1.0,1,0.2003883632181199,52
3011,4,5703,5703,0,0,0,0,1.0,1.0,1.0,1.0,1.0,1,0.18010113445728113,51
3012,5,5708,5708,0,0,0,0,1.0,1.0,1.0,1.0,1.0,1,0.19892928974426166,54
3013,7,5715,5715,0,0,0,0,1.0,1.0,1.0,1.0,1.0,1,0.18533293398746334,52
3014,6,5721,5721,0,0,0,0,1.0,1.0,1.0,1.0,1.0,1,0.1844177250623627,51
3015,4,5725,5725,0,0,0,0,1.0,1.0,1.0,1.0,1.0,1,0.15907680083559628,50
3016,4,5729,5729,0,0,0,0,1.0,1.0,1.0,1.0,1.0,1,0.15884490155346545,50
3017,2,5731,5731,0,0,0,0,1.0,1.0,1.0,1.0,1.0,1,0.10354934677755462,48
3018,2,5733,5733,0,0,0,0,1.0,1.0,1.0,1.0,1.0,1,0.13782721146754584,48
3019,3,5736,5736,0,0,0,0,1.0,1.0,1.0,1.0,1.0,1,0.11154658594788787,47
3020,2,5738,5738,0,0,0,0,1.0,1.0,1.0,1.0,1.0,1,0.13705297606251526,47
3021,2,5740,5740,0,0,0,0,1.0,1.0,1.0,1.0,1.0,1,0.1539844021057974,46
3022,2,5742,5742,0,0,0,0,1.0,1.0,1.0,1.0,1.0,1,0.18405156864638963,45
3023,2,5744,5744,0,0,0,0,1.0,1.0,1.0,1.0,1.0,1,0.1472461960011186,41
3024,1,5745,5745,0,0,0,0,1.0,1.0,1.0,1.0,1.0,1,0.10312699654777546,43
3025,2,5747,5747,0,0,0,0,1.0,1.0,1.0,1.0,1.0,1,0.09458193348029577,39
3026,0,5747,5747,0,0,0,0,1.0,1.0,1.0,1.0,1.0,1,0.10078570205548648,38
3027,2,5749,5749,0,0,0,0,1.0,1.0,1.0,1.0,1.0,1,0.10750442976088247,38
3028,1,5750,5750,0,0,0,0,1.0,1.0,1.0,1.0,1.0,1,0.1522670049151983,38
3029,0,5750,5750,0,0,0,0,1.0,1.0,1.0,1.0,1.0,1,0.16905879863631076,37
3030,2,5752,5752,0,0,0,0,1.0,1.0,1.0,1.0,1.0,1,0.15718865931654905,38
3031,2,5754,5754,0,0,0,0,1.0,1.0,1.0,1.0,1.0,1,0.2043119357102318,39
3032,2,5756,5756,0,0,0,0,1.0,1.0,1.0,1.0,1.0,1,0.234304574124446,39
3033,1,5757,5757,0,0,0,0,1.0,1.0,1.0,1.0,1.0,1,0.23467705591224822,39
3034,0,5757,5757,0,0,0,0,1.0,1.0,1.0,1.0,1.0,1,0.24596274823692424,38
3035,3,5760,5760,0,0,0,0,1.0,1.0,1.0,1.0,1.0,1,0.27047943014219694,39
3036,1,5761,5761,0,0,0,0,1.0,1.0,1.0,1.0,1.0,1,0.27283583923649857,39
3037,3,5764,5764,0,0,0,0,1.0,1.0,1.0,1.0,1.0,1,0.32725594625397625,39
3038,4,5768,5768,0,0,0,0,1.0,1.0,1.0,1.0,1.0,1,0.2338454977720587,40
3039,3,5771,5771,0,0,0,0,1.0,1.0,1.0,1.0,1.0,1,0.3149189019573117,41
3040,1,5772,5772,0,0,0,0,1.0,1.0,1.0,1.0,1.0,1,0.2654031342463702,42
3041,3,5775,5775,0,0,0,0,1.0,1.0,1.0,1.0,1.0,1,0.2846740865274476,43
3042,6,5781,5781,0,0,0,0,1.0,1.0,1.0,1.0,1.0,1,0.2651542931653754,45
3043,3,5784,5784,0,0,0,0,1.0,1.0,1.0,1.0,1.0,1,0.23557916467314532,45
3044,5,5789,5789,0,0,0,0,1.0,1.0,1.0,1.0,1.0,1,0.25332555377901905,45
3045,5,5794,5794,0,0,0,0,1.0,1.0,1.0,1.0,1.0,1,0.21380593788510935,45
3046,5,5799,5799,0,0,0,0,1.0,1.0,1.0,1.0,1.0,1,0.24778979912113336,46
3047,1,5800,5800,0,0,0,0,1.0,1.0,1.0,1.0,1.0,1,0.2249837240519945,46
3048,2,5802,5802,0,0,0,0,1.0,1.0,1.0,1.0,1.0,1,0.22042109072729957,49
3049,3,5805,5805,0,0,0,0,1.0,1.0,1.0,1.0,1.0,1,0.21827939945955552,50
3050,3,5808,5808,0,0,0,0,1.0,1.0,1.0,1.0,1.0,1,0.16577796496447936,50
3051,1,5809,5809,0,0,0,0,1.0,1.0,1.0,1.0,1.0,1,0.1728593742136495,50
3052,0,5809,5809,0,0,0,0,1.0,1.0,1.0,1.0,1.0,1,0.1728593742136495,50
3053,1,5810,5810,0,0,0,0,1.0,1.0,1.0,1.0,1.0,1,0.2021386000945787,49
3054,0,5810,5810,0,0,0,0,1.0,1.0,1.0,1.0,1.0,1,0.21635734953806876,47
3055,3,5813,5813,0,0,0,0,1.0,1.0,1.0,1.0,1.0,1,0.21685053955466055,48
3056,0,5813,5813,0,0,0,0,1.0,1.0,1.0,1.0,1.0,1,0.22912918195479362,47
3057,3,5816,5816,0,0,0,0,1.0,1.0,1.0,1.0,1.0,1,0.24627672062754644,48
3058,1,5817,5817,0,0,0,0,1.0,1.0,1.0,1.0,1.0,1,0.2719617666054765,46
3059,2,5819,5819,0,0,0,0,1.0,1.0,1.0,1.0,1.0,1,0.2898998835167213,44
3060,0,5819,5819,0,0,0,0,1.0,1.0,1.0,1.0,1.0,1,0.2875506004354074,44
3061,4,5823,5823,0,0,0,0,1.0,1.0,1.0,1.0,1.0,1,0.2482322569995589,42
3062,2,5825,5825,0,0,0,0,1.0,1.0,1.0,1.0,1.0,1,0.2324876209495911,42
3063,5,5830,5830,0,0,0,0,1.0,1.0,1.0,1.0,1.0,1,0.12832927612828438,41
3064,3,5833,5833,0,0,0,0,1.0,1.0,1.0,1.0,1.0,1,0.1129722048661432,42
3065,1,5834,5834,0,0,0,0,1.0,1.0,1.0,1.0,1.0,1,0.05810214338839927,40
3066,0,5834,5834,0,0,0,0,1.0,1.0,1.0,1.0,1.0,1,0.05719385879616752,42
3067,2,5836,5836,0,0,0,0,1.0,1.0,1.0,1.0,1.0,1,0.026745819855273203,40
3068,1,5837,5837,0,0,0,0,1.0,1.0,1.0,1.0,1.0,1,0.062052013293173856,39
3069,2,5839,5839,0,0,0,0,1.0,1.0,1.0,1.0,1.0,1,0.17559979562160444,38
3070,1,5840,5840,0,0,0,0,1.0,1.0,1.0,1.0,1.0,1,0.18330725019513902,39
3071,1,5841,5841,0,0,0,0,1.0,1.0,1.0,1.0,1.0,1,0.20338372644361424,39
3072,1,5842,5842,0,0,0,0,1.0,1.0,1.0,1.0,1.0,1,0.2110179443010886,40
3073,2,5844,5844,0,0,0,0,1.0,1.0,1.0,1.0,1.0,1,0.2292837756762423,38
3074,1,5845,5845,0,0,0,0,1.0,1.0,1.0,1.0,1.0,1,0.24027591059057296,38
3075,2,5847,5847,0,0,0,0,1.0,1.0,1.0,1.0,1.0,1,0.21141724856078004,41
3076,3,5850,5850,0,0,0,0,1.0,1.0,1.0,1.0,1.0,1,0.17707970334923814,42
3077,4,5854,5854,0,0,0,0,1.0,1.0,1.0,1.0,1.0,1,0.16969606119149816,42
3078,2,5856,5856,0,0,0,0,1.0,1.0,1.0,1.0,1.0,1,0.16065622997145756,42
3079,3,5859,5859,0,0,0,0,1.0,1.0,1.0,1.0,1.0,1,0.1610618711420768,42
3080,2,5861,5861,0,0,0,0,1.0,1.0,1.0,1.0,1.0,1,0.19153286125323044,43
3081,2,5863,5863,0,0,0,0,1.0,1.0,1.0,1.0,1.0,1,0.21840037310572005,44
3082,1,5864,5864,0,0,0,0,1.0,1.0,1.0,1.0,1.0,1,0.2139005378920314,45
3083,0,5864,5864,0,0,0,0,1.0,1.0,1.0,1.0,1.0,1,0.2139005378920314,45
3084,2,5866,5866,0,0,0,0,1.0,1.0,1.0,1.0,1.0,1,0.2093137289785773,45
3085,2,5868,5868,0,0,0,0,1.0,1.0,1.0,1.0,1.0,1,0.2134957865017519,46
3086,0,5868,5868,0,0,0,0,1.0,1.0,1.0,1.0,1.0,1,0.2134957865017519,46
3087,2,5870,5870,0,0,0,0,1.0,1.0,1.0,1.0,1.0,1,0.21546252444903977,47
3088,1,5871,5871,0,0,0,0,1.0,1.0,1.0,1.0,1.0,1,0.24349509586411233,48
3089,0,5871,5871,0,0,0,0,1.0,1.0,1.0,1.0,1.0,1,0.2624673665414488,46
3090,2,5873,5873,0,0,0,0,1.0,1.0,1.0,1.0,1.0,1,0.25195912449830893,46
3091,3,5876,5876,0,0,0,0,1.0,1.0,1.0,1.0,1.0,1,0.23703743019497353,46
3092,4,5880,5880,0,0,0,0,1.0,1.0,1.0,1.0,1.0,1,0.18306795566015197,47
3093,3,5883,5883,0,0,0,0,1.0,1.0,1.0,1.0,1.0,1,0.20121235553376762,47
3094,1,5884,5884,0,0,0,0,1.0,1.0,1.0,1.0,1.0,1,0.2284318769764316,45
3095,2,5886,5886,0,0,0,0,1.0,1.0,1.0,1.0,1.0,1,0.20165308285186714,46
3096,2,5888,5888,0,0,0,0,1.0,1.0,1.0,1.0,1.0,1,0.19332976448104522,46
3097,2,5890,5890,0,0,0,0,1.0,1.0,1.0,1.0,1.0,1,0.18274335934116795,47
3098,0,5890,5890,0,0,0,0,1.0,1.0,1.0,1.0,1.0,1,0.18274335934116795,47
3099,0,5890,5890,0,0,0,0,1.0,1.0,1.0,1.0,1.0,1,0.18274335934116795,47
3100,0,5890,5890,0,0,0,0,1.0,1.0,1.0,1.0,1.0,1,0.18274335934116795,47
3101,3,5893,5893,0,0,0,0,1.0,1.0,1.0,1.0,1.0,1,0.1691385450834475,48
3102,0,5893,5893,0,0,0,0,1.0,1.0,1.0,1.0,1.0,1,0.1691385450834475,48
3103,1,5894,5894,0,0,0,0,1.0,1.0,1.0,1.0,1.0,1,0.16432397616190864,49
3104,4,5898,5898,0,0,0,0,1.0,1.0,1.0,1.0,1.0,1,0.18568461527782928,48
3105,1,5899,5899,0,0,0,0,1.0,1.0,1.0,1.0,1.0,1,0.19451875815853995,45
3106,3,5902,5902,0,0,0,0,1.0,1.0,1.0,1.0,1.0,1,0.18810887748610033,46
3107,2,5904,5904,0,0,0,0,1.0,1.0,1.0,1.0,1.0,1,0.17238353037896806,44
3108,2,5906,5906,0,0,0,0,1.0,1.0,1.0,1.0,1.0,1,0.16573928692225642,45
3109,2,5908,5908,0,0,0,0,1.0,1.0,1.0,1.0,1.0,1,0.22441608158277207,44
3110,5,5913,5913,0,0,0,0,1.0,1.0,1.0,1.0,1.0,1,0.19836522948817661,46
3111,4,5917,5917,0,0,0,0,1.0,1.0,1.0,1.0,1.0,1,0.17881563546297652,46
3112,3,5920,5920,0,0,0,0,1.0,1.0,1.0,1.0,1.0,1,0.22169970988753693,47
3113,3,5923,5923,0,0,0,0,1.0,1.0,1.0,1.0,1.0,1,0.22287703536291792,48
3114,2,5925,5925,0,0,0,0,1.0,1.0,1.0,1.0,1.0,1,0.22707156751046279,48
3115,3,5928,5928,0,0,0,0,0.9769496540187811,0.9486605930418306,0.9769496540187811,0.9486605930418306,1.0,1,0.2663635987419657,49
3116,1,5929,5929,0,0,0,0,0.9620992699045932,0.9209028241487163,0.9620992699045932,0.9209028241487163,1.0,1,0.2995072656826933,48
3117,4,5933,5933,0,0,0,0,1.0,1.0,1.0,1.0,1.0,1,0.22285301542774985,49
3118,1,5934,5934,0,0,0,0,0.9884150507121829,0.9736705698004159,0.9884150507121829,0.9736705698004159,1.0,1,0.28263807224141324,50
3119,1,5935,5935,0,0,0,0,0.9621532170289856,0.9177243848456209,0.9621532170289856,0.9177243848456209,1.0,1,0.30959771277284964,50
3120,5,5940,5940,0,0,0,0,0.9582741935070054,0.909291725015229,0.9582741935070054,0.909291725015229,1.0,1,0.2972619551771691,50
3121,0,5940,5940,0,0,0,0,0.9582741935070054,0.909291725015229,0.9582741935070054,0.909291725015229,1.0,1,0.2972619551771691,50
3122,4,5944,5944,0,0,0,0,0.9398213052096862,0.8746277191868463,0.9398213052096862,0.8746277191868463,1.0,1,0.27344189577189365,50
3123,1,5945,5945,0,0,0,0,0.9410012796173395,0.8746277191868463,0.9410012796173395,0.8746277191868463,1.0,1,0.27991046646252693,51
3124,2,5947,5947,0,0,0,0,0.9633034013688233,0.9186292812960865,0.9633034013688233,0.9186292812960865,1.0,1,0.2503182881024739,51
3125,0,5947,5947,0,0,0,0,0.9633034013688233,0.9186292812960865,0.9633034013688233,0.9186292812960865,1.0,1,0.2503182881024739,51
3126,2,5949,5949,0,0,0,0,0.9928916957264805,0.9817215032966643,0.9928916957264805,0.9817215032966643,1.0,1,0.2112772206471043,54
3127,0,5949,5949,0,0,0,0,0.9927575767779235,0.9817215032966643,0.9927575767779235,0.9817215032966643,1.0,1,0.21059994615415165,53
3128,1,5950,5950,0,0,0,0,1.0,1.0,1.0,1.0,1.0,1,0.19900175651654745,52
3129,1,5951,5951,0,0,0,0,1.0,1.0,1.0,1.0,1.0,1,0.18497128560471693,51
3130,3,5954,5954,0,0,0,0,1.0,1.0,1.0,1.0,1.0,1,0.18798371739181197,50
3131,1,5955,5955,0,0,0,0,1.0,1.0,1.0,1.0,1.0,1,0.21090337960908248,50
3132,2,5957,5957,0,0,0,0,1.0,1.0,1.0,1.0,1.0,1,0.21045629098789373,49
3133,0,5957,5957,0,0,0,0,1.0,1.0,1.0,1.0,1.0,1,0.21045629098789373,49
3134,2,5959,5959,0,0,0,0,1.0,1.0,1.0,1.0,1.0,1,0.27934135483859757,46
3135,2,5961,5961,0,0,0,0,1.0,1.0,1.0,1.0,1.0,1,0.26099868833274315,47
3136,2,5963,5963,0,0,0,0,1.0,1.0,1.0,1.0,1.0,1,0.25857233628735005,46
3137,2,5965,5965,0,0,0,0,0.9943330593009514,0.9867771383688866,0.9943330593009514,0.9867771383688866,1.0,1,0.26086238322080735,49
3138,2,5967,5967,0,0,0,0,1.0,1.0,1.0,1.0,1.0,1,0.2401095811429108,49
3139,3,5970,5970,0,0,0,0,1.0,1.0,1.0,1.0,1.0,1,0.19210406332468394,50
3140,1,5971,5971,0,0,0,0,1.0,1.0,1.0,1.0,1.0,1,0.20904209363173265,51
3141,1,5972,5972,0,0,0,0,1.0,1.0,1.0,1.0,1.0,1,0.20517235508788192,50
3142,1,5973,5973,0,0,0,0,1.0,1.0,1.0,1.0,1.0,1,0.1827429200758476,50
3143,1,5974,5974,0,0,0,0,1.0,1.0,1.0,1.0,1.0,1,0.1808963895963696,49
3144,6,5980,5980,0,0,0,0,1.0,1.0,1.0,1.0,1.0,1,0.23510927086169453,49
3145,2,5982,5982,0,0,0,0,1.0,1.0,1.0,1.0,1.0,1,0.24937539971451425,48
3146,3,5985,5985,0,0,0,0,1.0,1.0,1.0,1.0,1.0,1,0.21858128587307804,49
3147,5,5990,5990,0,0,0,0,1.0,1.0,1.0,1.0,1.0,1,0.18440918682279803,48
3148,2,5992,5992,0,0,0,0,1.0,1.0,1.0,1.0,1.0,1,0.18297409718078006,48
3149,1,5993,5993,0,0,0,0,1.0,1.0,1.0,1.0,1.0,1,0.20427759202405207,47
3150,2,5995,5995,0,0,0,0,1.0,1.0,1.0,1.0,1.0,1,0.2265192278772386,47
3151,1,5996,5996,0,0,0,0,1.0,1.0,1.0,1.0,1.0,1,0.24751634467880085,48
3152,3,5999,5999,0,0,0,0,1.0,1.0,1.0,1.0,1.0,1,0.2666492258648997,47
3153,2,6001,6001,0,0,0,0,1.0,1.0,1.0,1.0,1.0,1,0.22528915019558898,47
3154,2,6003,6003,0,0,0,0,1.0,1.0,1.0,1.0,1.0,1,0.2245266836525289,48
3155,0,6003,6003,0,0,0,0,1.0,1.0,1.0,1.0,1.0,1,0.22211367439681548,48
3156,1,6004,6004,0,0,0,0,1.0,1.0,1.0,1.0,1.0,1,0.2292219691459731,48
3157,2,6006,6006,0,0,0,0,1.0,1.0,1.0,1.0,1.0,1,0.2334458745723704,48
3158,0,6006,6006,0,0,0,0,1.0,1.0,1.0,1.0,1.0,1,0.2334458745723704,48
3159,1,6007,6007,0,0,0,0,1.0,1.0,1.0,1.0,1.0,1,0.2090992822463529,49
3160,1,6008,6008,0,0,0,0,1.0,1.0,1.0,1.0,1.0,1,0.20867946384112795,51
3161,1,6009,6009,0,0,0,0,1.0,1.0,1.0,1.0,1.0,1,0.21205821287939308,52
3162,1,6010,6010,0,0,0,0,1.0,1.0,1.0,1.0,1.0,1,0.19368498725389505,51
3163,3,6013,6013,0,0,0,0,1.0,1.0,1.0,1.0,1.0,1,0.20562313146416605,51
3164,2,6015,6015,0,0,0,0,1.0,1.0,1.0,1.0,1.0,1,0.17214373144305495,52
3165,2,6017,6017,0,0,0,0,1.0,1.0,1.0,1.0,1.0,1,0.20894965406216473,50
3166,2,6019,6019,0,0,0,0,1.0,1.0,1.0,1.0,1.0,1,0.21491683480985044,50
3167,2,6021,6021,0,0,0,0,1.0,1.0,1.0,1.0,1.0,1,0.18678396649212545,49
3168,5,6026,6026,0,0,0,0,1.0,1.0,1.0,1.0,1.0,1,0.19738503754274256,47
3169,0,6026,6026,0,0,0,0,1.0,1.0,1.0,1.0,1.0,1,0.198535514659821,48
3170,2,6028,6028,0,0,0,0,1.0,1.0,1.0,1.0,1.0,1,0.19615539048802624,47
3171,1,6029,6029,0,0,0,0,1.0,1.0,1.0,1.0,1.0,1,0.17387764379245488,47
3172,4,6033,6033,0,0,0,0,1.0,1.0,1.0,1.0,1.0,1,0.18233533348493935,46
3173,0,6033,6033,0,0,0,0,1.0,1.0,1.0,1.0,1.0,1,0.14414040889562413,45
3174,4,6037,6037,0,0,0,0,1.0,1.0,1.0,1.0,1.0,1,0.1188444843097496,43
3175,0,6037,6037,0,0,0,0,1.0,1.0,1.0,1.0,1.0,1,0.11627569596786141,43
3176,0,6037,6037,0,0,0,0,1.0,1.0,1.0,1.0,1.0,1,0.10095096463445523,44
3177,5,6042,6042,0,0,0,0,1.0,1.0,1.0,1.0,1.0,1,0.08825304661453533,44
3178,3,6045,6045,0,0,0,0,1.0,1.0,1.0,1.0,1.0,1,0.10781013619208143,47
3179,3,6048,6048,0,0,0,0,1.0,1.0,1.0,1.0,1.0,1,0.10041019143126621,48
3180,2,6050,6050,0,0,0,0,1.0,1.0,1.0,1.0,1.0,1,0.14521785965263947,48
3181,1,6051,6051,0,0,0,0,1.0,1.0,1.0,1.0,1.0,1,0.16646259239378414,48
3182,3,6054,6054,0,0,0,0,1.0,1.0,1.0,1.0,1.0,1,0.22737955070951438,51
3183,2,6056,6056,0,0,0,0,0.9849545391115242,0.9641774740750578,0.9849545391115242,0.9641774740750578,1.0,1,0.27796662551432927,50
3184,3,6059,6059,0,0,0,0,0.9548902914356573,0.9019354161644725,0.9548902914356573,0.9019354161644725,1.0,1,0.30859681241384634,50
3185,4,6063,6063,0,0,0,0,0.8863382576231406,0.7901629371504134,0.8863382576231406,0.7901629371504134,1.0,1,0.3583505854583214,48
3186,1,6064,6064,0,0,0,0,0.8668086238008993,0.7632153312015988,0.8668086238008993,0.7632153312015988,1.0,1,0.3872528741792331,48
3187,3,6067,6067,0,0,0,0,0.8096363532038416,0.6954181651261467,0.8096363532038416,0.6954181651261467,1.0,1,0.4307201988263218,48
3188,2,6069,6069,0,0,0,0,0.8294563754626444,0.7177208973174803,0.8294563754626444,0.7177208973174803,1.0,1,0.39455747896226084,48
3189,1,6070,6070,0,0,0,0,0.8505321421910167,0.7384312488342791,0.8505321421910167,0.7384312488342791,1.0,1,0.368399965977136,49
3190,1,6071,6071,0,0,0,0,0.8324967257870526,0.705425276384127,0.8324967257870526,0.705425276384127,1.0,1,0.35457508817645494,51
3191,1,6072,6072,0,0,0,0,0.8500696780477826,0.7215579735173104,0.8500696780477826,0.7215579735173104,1.0,1,0.3353339470500592,52
3192,0,6072,6072,0,0,0,0,0.8500696780477826,0.7215579735173104,0.8500696780477826,0.7215579735173104,1.0,1,0.3353339470500592,52
3193,1,6073,6073,0,0,0,0,0.8500696780477827,0.7215579735173104,0.8500696780477827,0.7215579735173104,1.0,1,0.33932205294701445,52
3194,4,6077,6077,0,0,0,0,0.8780071660788109,0.7560143321576219,0.8780071660788109,0.7560143321576219,1.0,1,0.2925679981403281,54
3195,1,6078,6078,0,0,0,0,0.8949325950968764,0.7817830821242819,0.8949325950968764,0.7817830821242819,1.0,1,0.28426620939441644,54
3196,4,6082,6082,0,0,0,0,0.9159549188859317,0.8184626247936126,0.9159549188859317,0.8184626247936126,1.0,1,0.2678433545824517,54
3197,2,6084,6084,0,0,0,0,0.9190064814178834,0.8250539998626285,0.9190064814178834,0.8250539998626285,1.0,1,0.3002769752417158,54
3198,1,6085,6085,0,0,0,0,0.935904250707769,0.8557845640924803,0.935904250707769,0.8557845640924803,1.0,1,0.29192167205520186,54
3199,5,6090,6090,0,0,0,0,0.9234241877899507,0.8284701806494896,0.9234241877899507,0.8284701806494896,1.0,1,0.2561208963544165,56
3200,2,6092,6092,0,0,0,0,0.9538897816016372,0.8877316421605079,0.9538897816016372,0.8877316421605079,1.0,1,0.2639167263290361,56
3201,2,6094,6094,0,0,0,0,0.959365904981623,0.9010648121291691,0.959365904981623,0.9010648121291691,1.0,1,0.25765630342057333,56
3202,1,6095,6095,0,0,0,0,0.9802602802563564,0.9488561806641957,0.9802602802563564,0.9488561806641957,1.0,1,0.24150555220108708,57
3203,1,6096,6096,0,0,0,0,0.9729411346274203,0.9311228881425242,0.9729411346274203,0.9311228881425242,1.0,1,0.25328163920663643,56
3204,2,6098,6098,0,0,0,0,0.9946964140472384,0.9861096558380051,0.9946964140472384,0.9861096558380051,1.0,1,0.26277809552793224,55
3205,0,6098,6098,0,0,0,0,0.9945981994925576,0.9861096558380051,0.9945981994925576,0.9861096558380051,1.0,1,0.2739769166774402,54
3206,1,6099,6099,0,0,0,0,0.9782413752759445,0.9446144097933133,0.9782413752759445,0.9446144097933133,1.0,1,0.2896031742879087,56
3207,1,6100,6100,0,0,0,0,0.9920881864900545,0.9870431113433228,0.9920881864900545,0.9870431113433228,1.0,1,0.3168449482120046,54
3208,1,6101,6101,0,0,0,0,0.975542110876558,0.9410787216571627,0.975542110876558,0.9410787216571627,1.0,1,0.3343864447056609,53
3209,0,6101,6101,0,0,0,0,0.9759950347492145,0.9410787216571627,0.9759950347492145,0.9410787216571627,1.0,1,0.3238055788139556,54
3210,1,6102,6102,0,0,0,0,0.9563277910994203,0.8993640403595342,0.9563277910994203,0.8993640403595342,1.0,1,0.3469032517216314,53
3211,0,6102,6102,0,0,0,0,0.9563277910994206,0.8993640403595342,0.9563277910994206,0.8993640403595342,1.0,1,0.3469032517216314,53
3212,2,6104,6104,0,0,0,0,0.9396509737615917,0.8642146909635813,0.9396509737615917,0.8642146909635813,1.0,1,0.3690272417970854,54
3213,1,6105,6105,0,0,0,0,0.9396509737615917,0.8642146909635813,0.9396509737615917,0.8642146909635813,1.0,1,0.3717610400292428,54
3214,3,6108,6108,0,0,0,0,0.9402745382588171,0.863129150176456,0.9402745382588171,0.863129150176456,1.0,1,0.3502501002567593,55
3215,4,6112,6112,0,0,0,0,0.9189901763945231,0.8991589441680302,0.9189901763945231,0.8991589441680302,1.0,1,0.3495678985974527,55
3216,1,6113,6113,0,0,0,0,0.8950389600480416,0.8618594834711039,0.8950389600480416,0.8618594834711039,1.0,1,0.3828115393103502,55
3217,1,6114,6114,0,0,0,0,0.9273705144565627,0.9048430004420882,0.9273705144565627,0.9048430004420882,1.0,1,0.35233415021296394,54
3218,2,6116,6116,0,0,0,0,0.8911844040592949,0.837007001890679,0.8911844040592949,0.837007001890679,1.0,1,0.40451820617996154,54
3219,0,6116,6116,0,0,0,0,0.893162869440035,0.837007001890679,0.893162869440035,0.837007001890679,1.0,1,0.3822190244851893,55
3220,0,6116,6116,0,0,0,0,0.8950706753428915,0.837007001890679,0.8950706753428915,0.837007001890679,1.0,1,0.3678951297213889,56
3221,0,6116,6116,0,0,0,0,0.8746777580387584,0.837007001890679,0.8746777580387584,0.837007001890679,1.0,1,0.3651457535205832,57
3222,0,6116,6116,0,0,0,0,0.8746777580387584,0.837007001890679,0.8746777580387584,0.837007001890679,1.0,1,0.3651457535205832,57
3223,0,6116,6116,0,0,0,0,0.8875431745710252,0.837007001890679,0.8875431745710252,0.837007001890679,1.0,1,0.3662918154295735,56
3224,3,6119,6119,0,0,0,0,0.912903133256983,0.8706365332246538,0.912903133256983,0.8706365332246538,1.0,1,0.3246797600902544,58
3225,0,6119,6119,0,0,0,0,0.9411984241930245,0.8706365332246538,0.9411984241930245,0.8706365332246538,1.0,1,0.33696072867732924,55
3226,3,6122,6122,0,0,0,0,0.9591813887022809,0.9351138446176268,0.9591813887022809,0.9351138446176268,1.0,1,0.32824707425890665,54
3227,1,6123,6123,0,0,0,0,1.0,1.0,1.0,1.0,1.0,1,0.29912496453467524,53
3228,1,6124,6124,0,0,0,0,1.0,1.0,1.0,1.0,1.0,1,0.272227778284828,52
3229,2,6126,6126,0,0,0,0,1.0,1.0,1.0,1.0,1.0,1,0.28096347758981494,52
3230,1,6127,6127,0,0,0,0,1.0,1.0,1.0,1.0,1.0,1,0.28661247961619074,50
3231,1,6128,6128,0,0,0,0,1.0,1.0,1.0,1.0,1.0,1,0.27876081118361845,50
3232,1,6129,6129,0,0,0,0,1.0,1.0,1.0,1.0,1.0,1,0.2647936864010176,50
3233,1,6130,6130,0,0,0,0,1.0,1.0,1.0,1.0,1.0,1,0.2800580494716804,50
3234,0,6130,6130,0,0,0,0,1.0,1.0,1.0,1.0,1.0,1,0.2700698426895988,49
3235,2,6132,6132,0,0,0,0,1.0,1.0,1.0,1.0,1.0,1,0.2897360638192542,49
3236,1,6133,6133,0,0,0,0,0.987577332894199,0.9724540859827888,0.987577332894199,0.9724540859827888,1.0,1,0.29478823746686705,51
3237,0,6133,6133,0,0,0,0,0.9712951506095672,0.9366101242627939,0.9712951506095672,0.9366101242627939,1.0,1,0.3015105722262069,53
3238,1,6134,6134,0,0,0,0,0.9746130747625765,0.9439372067673564,0.9746130747625765,0.9439372067673564,1.0,1,0.29950720579701356,53
3239,0,6134,6134,0,0,0,0,0.9746130747625765,0.9439372067673564,0.9746130747625765,0.9439372067673564,1.0,1,0.29950720579701356,53
3240,1,6135,6135,0,0,0,0,0.9904239957654105,0.9779335554594242,0.9904239957654105,0.9779335554594242,1.0,1,0.28083810550746435,53
3241,0,6135,6135,0,0,0,0,0.9904239957654105,0.9779335554594242,0.9904239957654105,0.9779335554594242,1.0,1,0.27481283055891476,53
3242,0,6135,6135,0,0,0,0,0.9904239957654105,0.9779335554594242,0.9904239957654105,0.9779335554594242,1.0,1,0.27481283055891476,53
3243,4,6139,6139,0,0,0,0,0.9486551169954968,0.8849874620699129,0.9486551169954968,0.8849874620699129,1.0,1,0.2671006159661286,56
3244,0,6139,6139,0,0,0,0,0.9326690615274477,0.8523898656563275,0.9326690615274477,0.8523898656563275,1.0,1,0.27505131904378505,57
3245,5,6144,6144,0,0,0,0,0.9163288043314589,0.8171629427983732,0.9163288043314589,0.8171629427983732,1.0,1,0.2811696053260377,59
3246,4,6148,6148,0,0,0,0,0.9163288043314589,0.8171629427983732,0.9163288043314589,0.8171629427983732,1.0,1,0.31015562274613034,59
3247,3,6151,6151,0,0,0,0,0.8967585718623622,0.7824555621385487,0.8967585718623622,0.7824555621385487,1.0,1,0.31633872834693955,59
3248,4,6155,6155,0,0,0,0,0.9170343005098044,0.8187045825954984,0.9170343005098044,0.8187045825954984,1.0,1,0.3137033137691745,59
3249,2,6157,6157,0,0,0,0,0.9336263993961125,0.8519358140374816,0.9336263993961125,0.8519358140374816,1.0,1,0.31391987635560764,58
3250,3,6160,6160,0,0,0,0,0.9336263993961125,0.8519358140374816,0.9336263993961125,0.8519358140374816,1.0,1,0.3339096704291066,58
3251,0,6160,6160,0,0,0,0,0.932461950262711,0.8519358140374816,0.932461950262711,0.8519358140374816,1.0,1,0.3420849395799588,57
3252,2,6162,6162,0,0,0,0,0.8839608098929621,0.8145944879043149,0.8839608098929621,0.8145944879043149,1.0,1,0.40722333946933903,57
3253,2,6164,6164,0,0,0,0,0.8975024845181719,0.8221693496065222,0.8975024845181719,0.8221693496065222,1.0,1,0.40746283302421826,56
3254,4,6168,6168,0,0,0,0,0.8830413529809199,0.8443296179389735,0.8830413529809199,0.8443296179389735,1.0,1,0.3924194388640909,57
3255,1,6169,6169,0,0,0,0,0.9057136095517596,0.889795547638047,0.9057136095517596,0.889795547638047,1.0,1,0.3607737866976444,57
3256,5,6174,6174,0,0,0,0,0.9338101348444231,0.8848146470608181,0.9338101348444231,0.8848146470608181,1.0,1,0.3480046811381384,57
3257,2,6176,6176,0,0,0,0,0.9555606456579437,0.9196485689707259,0.9555606456579437,0.9196485689707259,1.0,1,0.3296186133592882,57
3258,5,6181,6181,0,0,0,0,0.9993740627229439,0.9982712208538455,0.9993740627229439,0.9982712208538455,1.0,1,0.2680987755095168,58
3259,4,6185,6185,0,0,0,0,0.9996901751748886,0.9991295397770681,0.9996901751748886,0.9991295397770681,1.0,1,0.23779245669082658,59
3260,4,6189,6189,0,0,0,0,0.9938955123898877,0.9825586068282507,0.9938955123898877,0.9825586068282507,1.0,1,0.22505876340186676,60
3261,4,6193,6193,0,0,0,0,0.962163835815953,0.901296962998138,0.962163835815953,0.901296962998138,1.0,1,0.24390281061310062,60
3262,4,6197,6197,0,0,0,0,1.0,1.0,1.0,1.0,1.0,1,0.1961982013829975,61
3263,4,6201,6201,0,0,0,0,1.0,1.0,1.0,1.0,1.0,1,0.14872270022794207,62
3264,5,6206,6206,0,0,0,0,1.0,1.0,1.0,1.0,1.0,1,0.17934903528744303,60
3265,0,6206,6206,0,0,0,0,1.0,1.0,1.0,1.0,1.0,1,0.16696261837185936,58
3266,4,6210,6210,0,0,0,0,1.0,1.0,1.0,1.0,1.0,1,0.18676563953857833,59
3267,1,6211,6211,0,0,0,0,1.0,1.0,1.0,1.0,1.0,1,0.1789974943721698,60
3268,3,6214,6214,0,0,0,0,1.0,1.0,1.0,1.0,1.0,1,0.18007649116798652,58
3269,1,6215,6215,0,0,0,0,1.0,1.0,1.0,1.0,1.0,1,0.1712233260509797,57
3270,1,6216,6216,0,0,0,0,1.0,1.0,1.0,1.0,1.0,1,0.15933713425232673,56
3271,1,6217,6217,0,0,0,0,1.0,1.0,1.0,1.0,1.0,1,0.16017068434107629,55
3272,2,6219,6219,0,0,0,0,1.0,1.0,1.0,1.0,1.0,1,0.1840364878948631,55
3273,3,6222,6222,0,0,0,0,1.0,1.0,1.0,1.0,1.0,1,0.1989249923368684,55
3274,0,6222,6222,0,0,0,0,1.0,1.0,1.0,1.0,1.0,1,0.20321846411777844,55
3275,2,6224,6224,0,0,0,0,1.0,1.0,1.0,1.0,1.0,1,0.21099829906906836,55
3276,2,6226,6226,0,0,0,0,1.0,1.0,1.0,1.0,1.0,1,0.15715050796878763,55
3277,3,6229,6229,0,0,0,0,1.0,1.0,1.0,1.0,1.0,1,0.16509553232483648,57
3278,0,6229,6229,0,0,0,0,1.0,1.0,1.0,1.0,1.0,1,0.17599379272028676,56
3279,0,6229,6229,0,0,0,0,1.0,1.0,1.0,1.0,1.0,1,0.15527812305724126,54
3280,5,6234,6234,0,0,0,0,1.0,1.0,1.0,1.0,1.0,1,0.13547716623013709,53
3281,4,6238,6238,0,0,0,0,1.0,1.0,1.0,1.0,1.0,1,0.0957301900524331,52
3282,6,6244,6244,0,0,0,0,1.0,1.0,1.0,1.0,1.0,1,0.09022028174406237,50
3283,3,6247,6247,0,0,0,0,1.0,1.0,1.0,1.0,1.0,1,0.03896391876396363,50
3284,8,6255,6255,0,0,0,0,1.0,1.0,1.0,1.0,1.0,1,0.07273162130418796,47
3285,3,6258,6258,0,0,0,0,1.0,1.0,1.0,1.0,1.0,1,0.07219964209343815,48
3286,6,6264,6264,0,0,0,0,1.0,1.0,1.0,1.0,1.0,1,0.13297630774756034,46
3287,6,6270,6270,0,0,0,0,1.0,1.0,1.0,1.0,1.0,1,0.13275421618626096,46
3288,6,6276,6276,0,0,0,0,1.0,1.0,1.0,1.0,1.0,1,0.2142205153051836,46
3289,4,6280,6280,0,0,0,0,1.0,1.0,1.0,1.0,1.0,1,0.17428802579534808,48
3290,6,6286,6286,0,0,0,0,1.0,1.0,1.0,1.0,1.0,1,0.11178143017991592,48
3291,1,6287,6287,0,0,0,0,1.0,1.0,1.0,1.0,1.0,1,0.07571427797608278,50
3292,5,6292,6292,0,0,0,0,1.0,1.0,1.0,1.0,1.0,1,0.07165230705480934,50
3293,0,6292,6292,0,0,0,0,1.0,1.0,1.0,1.0,1.0,1,0.07559901137299779,51
3294,4,6296,6296,0,0,0,0,1.0,1.0,1.0,1.0,1.0,1,0.14091191501522965,50
3295,2,6298,6298,0,0,0,0,1.0,1.0,1.0,1.0,1.0,1,0.12554136375727856,50
3296,1,6299,6299,0,0,0,0,1.0,1.0,1.0,1.0,1.0,1,0.14073954337637073,50
3297,2,6301,6301,0,0,0,0,1.0,1.0,1.0,1.0,1.0,1,0.1950774305659337,51
3298,3,6304,6304,0,0,0,0,1.0,1.0,1.0,1.0,1.0,1,0.2062781182769437,52
3299,2,6306,6306,0,0,0,0,1.0,1.0,1.0,1.0,1.0,1,0.22700538543367862,53
3300,2,6308,6308,0,0,0,0,1.0,1.0,1.0,1.0,1.0,1,0.22755602842543413,53
3301,1,6309,6309,0,0,0,0,1.0,1.0,1.0,1.0,1.0,1,0.21317971407820177,53
3302,2,6311,6311,0,0,0,0,1.0,1.0,1.0,1.0,1.0,1,0.17830440081077367,53
3303,0,6311,6311,0,0,0,0,1.0,1.0,1.0,1.0,1.0,1,0.1771069360554459,52
3304,1,6312,6312,0,0,0,0,1.0,1.0,1.0,1.0,1.0,1,0.18803158794520847,52
3305,3,6315,6315,0,0,0,0,1.0,1.0,1.0,1.0,1.0,1,0.23662666782361355,51
3306,0,6315,6315,0,0,0,0,1.0,1.0,1.0,1.0,1.0,1,0.2628977655223128,51
3307,6,6321,6321,0,0,0,0,1.0,1.0,1.0,1.0,1.0,1,0.2559101642666915,48
3308,1,6322,6322,0,0,0,0,1.0,1.0,1.0,1.0,1.0,1,0.2432650032679934,48
3309,2,6324,6324,0,0,0,0,1.0,1.0,1.0,1.0,1.0,1,0.1978230698103649,48
3310,5,6329,6329,0,0,0,0,0.9915214978361001,0.9818868362862138,0.9915214978361001,0.9818868362862138,1.0,1,0.25021778533840416,47
3311,2,6331,6331,0,0,0,0,0.9761896798841599,0.9492736658401666,0.9761896798841599,0.9492736658401666,1.0,1,0.2278554812605079,49
3312,4,6335,6335,0,0,0,0,0.9756936315484132,0.9492736658401666,0.9756936315484132,0.9492736658401666,1.0,1,0.26130834093019434,48
3313,3,6338,6338,0,0,0,0,0.9546145902955818,0.9073381218534794,0.9546145902955818,0.9073381218534794,1.0,1,0.27319377965566854,49
3314,3,6341,6341,0,0,0,0,1.0,1.0,1.0,1.0,1.0,1,0.25364588496338386,47
3315,1,6342,6342,0,0,0,0,1.0,1.0,1.0,1.0,1.0,1,0.24152078518674008,47
3316,2,6344,6344,0,0,0,0,1.0,1.0,1.0,1.0,1.0,1,0.2217472653772318,47
3317,1,6345,6345,0,0,0,0,1.0,1.0,1.0,1.0,1.0,1,0.1573785913293285,46
3318,5,6350,6350,0,0,0,0,1.0,1.0,1.0,1.0,1.0,1,0.22859366575784465,45
3319,3,6353,6353,0,0,0,0,1.0,1.0,1.0,1.0,1.0,1,0.24872596399224015,44
3320,1,6354,6354,0,0,0,0,1.0,1.0,1.0,1.0,1.0,1,0.2576582598335251,43
3321,4,6358,6358,0,0,0,0,1.0,1.0,1.0,1.0,1.0,1,0.14508922714054504,43
3322,5,6363,6363,0,0,0,0,1.0,1.0,1.0,1.0,1.0,1,0.1758631084629113,40
3323,3,6366,6366,0,0,0,0,1.0,1.0,1.0,1.0,1.0,1,0.20610708569916678,40
3324,3,6369,6369,0,0,0,0,1.0,1.0,1.0,1.0,1.0,1,0.1967694555136148,40
3325,1,6370,6370,0,0,0,0,1.0,1.0,1.0,1.0,1.0,1,0.20197732564073378,40
3326,3,6373,6373,0,0,0,0,1.0,1.0,1.0,1.0,1.0,1,0.17831293865317172,41
3327,3,6376,6376,0,0,0,0,1.0,1.0,1.0,1.0,1.0,1,0.1950705723811423,39
3328,0,6376,6376,0,0,0,0,1.0,1.0,1.0,1.0,1.0,1,0.18882718367838686,41
3329,3,6379,6379,0,0,0,0,1.0,1.0,1.0,1.0,1.0,1,0.19703490703878818,39
3330,1,6380,6380,0,0,0,0,1.0,1.0,1.0,1.0,1.0,1,0.23860298068680508,40
3331,3,6383,6383,0,0,0,0,1.0,1.0,1.0,1.0,1.0,1,0.24199313144371956,38
3332,0,6383,6383,0,0,0,0,1.0,1.0,1.0,1.0,1.0,1,0.26367706970521554,38
3333,3,6386,6386,0,0,0,0,1.0,1.0,1.0,1.0,1.0,1,0.22387504702714478,38
3334,1,6387,6387,0,0,0,0,1.0,1.0,1.0,1.0,1.0,1,0.20324570693487362,40
3335,3,6390,6390,0,0,0,0,1.0,1.0,1.0,1.0,1.0,1,0.17583206942821977,40
3336,3,6393,6393,0,0,0,0,1.0,1.0,1.0,1.0,1.0,1,0.20483087001447603,39
3337,4,6397,6397,0,0,0,0,1.0,1.0,1.0,1.0,1.0,1,0.1328919732707457,40
3338,3,6400,6400,0,0,0,0,1.0,1.0,1.0,1.0,1.0,1,0.15503886195190805,41
3339,0,6400,6400,0,0,0,0,1.0,1.0,1.0,1.0,1.0,1,0.16569410744283214,42
3340,6,6406,6406,0,0,0,0,1.0,1.0,1.0,1.0,1.0,1,0.18670592057623558,43
3341,1,6407,6407,0,0,0,0,1.0,1.0,1.0,1.0,1.0,1,0.1484518314655113,43
3342,0,6407,6407,0,0,0,0,1.0,1.0,1.0,1.0,1.0,1,0.16181819602815795,44
3343,1,6408,6408,0,0,0,0,1.0,1.0,1.0,1.0,1.0,1,0.19323283054696375,44
3344,0,6408,6408,0,0,0,0,1.0,1.0,1.0,1.0,1.0,1,0.2212408772162322,44
3345,0,6408,6408,0,0,0,0,1.0,1.0,1.0,1.0,1.0,1,0.2331679690087244,43
3346,1,6409,6409,0,0,0,0,1.0,1.0,1.0,1.0,1.0,1,0.27460065894967617,42
3347,1,6410,6410,0,0,0,0,1.0,1.0,1.0,1.0,1.0,1,0.24180394859825563,44
3348,3,6413,6413,0,0,0,0,1.0,1.0,1.0,1.0,1.0,1,0.248764350616202,45
3349,2,6415,6415,0,0,0,0,1.0,1.0,1.0,1.0,1.0,1,0.26528721830972085,45
3350,0,6415,6415,0,0,0,0,1.0,1.0,1.0,1.0,1.0,1,0.24208355132680853,46
3351,2,6417,6417,0,0,0,0,1.0,1.0,1.0,1.0,1.0,1,0.29066197028490787,47
3352,1,6418,6418,0,0,0,0,1.0,1.0,1.0,1.0,1.0,1,0.27908940240898955,47
3353,3,6421,6421,0,0,0,0,1.0,1.0,1.0,1.0,1.0,1,0.29150629437000714,48
3354,3,6424,6424,0,0,0,0,1.0,1.0,1.0,1.0,1.0,1,0.29929734560062665,48
3355,0,6424,6424,0,0,0,0,1.0,1.0,1.0,1.0,1.0,1,0.2817647522631377,48
3356,1,6425,6425,0,0,0,0,1.0,1.0,1.0,1.0,1.0,1,0.2643315975514918,48
3357,1,6426,6426,0,0,0,0,1.0,1.0,1.0,1.0,1.0,1,0.26464359612872945,47
3358,0,6426,6426,0,0,0,0,1.0,1.0,1.0,1.0,1.0,1,0.26421795680580434,46
3359,0,6426,6426,0,0,0,0,1.0,1.0,1.0,1.0,1.0,1,0.2577169366243425,45
3360,1,6427,6427,0,0,0,0,1.0,1.0,1.0,1.0,1.0,1,0.2519872427178575,44
3361,0,6427,6427,0,0,0,0,1.0,1.0,1.0,1.0,1.0,1,0.24568439468275413,43
3362,1,6428,6428,0,0,0,0,1.0,1.0,1.0,1.0,1.0,1,0.2515482649995022,42
3363,3,6431,6431,0,0,0,0,1.0,1.0,1.0,1.0,1.0,1,0.2140833799315735,41
3364,2,6433,6433,0,0,0,0,1.0,1.0,1.0,1.0,1.0,1,0.1899398737120492,41
3365,5,6438,6438,0,0,0,0,1.0,1.0,1.0,1.0,1.0,1,0.17637184915475654,41
3366,2,6440,6440,0,0,0,0,1.0,1.0,1.0,1.0,1.0,1,0.1923563199353948,40
3367,2,6442,6442,0,0,0,0,1.0,1.0,1.0,1.0,1.0,1,0.18903362373005628,39
3368,0,6442,6442,0,0,0,0,1.0,1.0,1.0,1.0,1.0,1,0.18903362373005628,39
3369,4,6446,6446,0,0,0,0,1.0,1.0,1.0,1.0,1.0,1,0.26019038898265945,40
3370,3,6449,6449,0,0,0,0,1.0,1.0,1.0,1.0,1.0,1,0.17612811899184008,41
3371,0,6449,6449,0,0,0,0,1.0,1.0,1.0,1.0,1.0,1,0.17612811899184008,41
3372,1,6450,6450,0,0,0,0,1.0,1.0,1.0,1.0,1.0,1,0.16044005883661827,40
3373,0,6450,6450,0,0,0,0,1.0,1.0,1.0,1.0,1.0,1,0.16205085519329543,41
3374,2,6452,6452,0,0,0,0,1.0,1.0,1.0,1.0,1.0,1,0.10653930082497405,42
3375,2,6454,6454,0,0,0,0,1.0,1.0,1.0,1.0,1.0,1,0.13871169450338372,44
3376,3,6457,6457,0,0,0,0,1.0,1.0,1.0,1.0,1.0,1,0.10151651137228819,46
3377,1,6458,6458,0,0,0,0,1.0,1.0,1.0,1.0,1.0,1,0.10711895088639058,47
3378,1,6459,6459,0,0,0,0,1.0,1.0,1.0,1.0,1.0,1,0.1253207426860391,48
3379,1,6460,6460,0,0,0,0,1.0,1.0,1.0,1.0,1.0,1,0.13896092614252648,48
3380,3,6463,6463,0,0,0,0,1.0,1.0,1.0,1.0,1.0,1,0.2112254310704459,48
3381,1,6464,6464,0,0,0,0,1.0,1.0,1.0,1.0,1.0,1,0.23947508525029734,48
3382,6,6470,6470,0,0,0,0,1.0,1.0,1.0,1.0,1.0,1,0.25643203112866647,49
3383,1,6471,6471,0,0,0,0,1.0,1.0,1.0,1.0,1.0,1,0.23445378705002828,47
3384,4,6475,6475,0,0,0,0,1.0,1.0,1.0,1.0,1.0,1,0.21809465101811326,48
3385,3,6478,6478,0,0,0,0,1.0,1.0,1.0,1.0,1.0,1,0.1853568330439238,47
3386,1,6479,6479,0,0,0,0,1.0,1.0,1.0,1.0,1.0,1,0.17907665598565567,49
3387,1,6480,6480,0,0,0,0,1.0,1.0,1.0,1.0,1.0,1,0.17715138576909936,48
3388,1,6481,6481,0,0,0,0,1.0,1.0,1.0,1.0,1.0,1,0.18785158325028548,48
3389,1,6482,6482,0,0,0,0,1.0,1.0,1.0,1.0,1.0,1,0.19129270958428463,50
3390,0,6482,6482,0,0,0,0,1.0,1.0,1.0,1.0,1.0,1,0.1718753811307618,51
3391,0,6482,6482,0,0,0,0,1.0,1.0,1.0,1.0,1.0,1,0.1718753811307618,51
3392,2,6484,6484,0,0,0,0,1.0,1.0,1.0,1.0,1.0,1,0.1727643980174547,52
3393,3,6487,6487,0,0,0,0,1.0,1.0,1.0,1.0,1.0,1,0.16356929422309704,52
3394,1,6488,6488,0,0,0,0,1.0,1.0,1.0,1.0,1.0,1,0.13025250177156936,52
3395,1,6489,6489,0,0,0,0,1.0,1.0,1.0,1.0,1.0,1,0.12653283694142792,50
3396,1,6490,6490,0,0,0,0,1.0,1.0,1.0,1.0,1.0,1,0.13477358041856483,49
3397,0,6490,6490,0,0,0,0,1.0,1.0,1.0,1.0,1.0,1,0.13410763818093127,49
3398,5,6495,6495,0,0,0,0,1.0,1.0,1.0,1.0,1.0,1,0.21259624639068386,48
3399,2,6497,6497,0,0,0,0,1.0,1.0,1.0,1.0,1.0,1,0.20764495480524878,49
3400,2,6499,6499,0,0,0,0,1.0,1.0,1.0,1.0,1.0,1,0.22537989741975395,50
3401,2,6501,6501,0,0,0,0,1.0,1.0,1.0,1.0,1.0,1,0.19758839688608232,51
3402,2,6503,6503,0,0,0,0,1.0,1.0,1.0,1.0,1.0,1,0.21482721520407083,51
3403,0,6503,6503,0,0,0,0,1.0,1.0,1.0,1.0,1.0,1,0.21482721520407083,51
3404,1,6504,6504,0,0,0,0,1.0,1.0,1.0,1.0,1.0,1,0.20438681271048806,51
3405,0,6504,6504,0,0,0,0,1.0,1.0,1.0,1.0,1.0,1,0.20438681271048806,51
3406,1,6505,6505,0,0,0,0,1.0,1.0,1.0,1.0,1.0,1,0.21099051217058248,51
3407,0,6505,6505,0,0,0,0,1.0,1.0,1.0,1.0,1.0,1,0.21150521109112708,52
3408,2,6507,6507,0,0,0,0,1.0,1.0,1.0,1.0,1.0,1,0.21817538777843135,53
3409,0,6507,6507,0,0,0,0,1.0,1.0,1.0,1.0,1.0,1,0.19895946917739882,54
3410,1,6508,6508,0,0,0,0,1.0,1.0,1.0,1.0,1.0,1,0.21081801978723508,54
3411,1,6509,6509,0,0,0,0,1.0,1.0,1.0,1.0,1.0,1,0.204958358181798,54
3412,1,6510,6510,0,0,0,0,1.0,1.0,1.0,1.0,1.0,1,0.18173889642505794,55
3413,4,6514,6514,0,0,0,0,1.0,1.0,1.0,1.0,1.0,1,0.23112233279454292,55
3414,2,6516,6516,0,0,0,0,1.0,1.0,1.0,1.0,1.0,1,0.2445906680944703,55
3415,2,6518,6518,0,0,0,0,1.0,1.0,1.0,1.0,1.0,1,0.19886654532440043,56
3416,4,6522,6522,0,0,0,0,0.9866231692603691,0.9649654433009669,0.9866231692603691,0.9649654433009669,1.0,1,0.23680074710929438,55
3417,7,6529,6529,0,0,0,0,1.0,1.0,1.0,1.0,1.0,1,0.24338271506285988,56
3418,4,6533,6533,0,0,0,0,0.9773230695026194,0.9433076737565484,0.9773230695026194,0.9433076737565484,1.0,1,0.30368145639919103,55
3419,2,6535,6535,0,0,0,0,0.9728528290333098,0.9308981102666066,0.9728528290333098,0.9308981102666066,1.0,1,0.29618636871329845,56
3420,3,6538,6538,0,0,0,0,0.9363383969426623,0.8541088263269344,0.9363383969426623,0.8541088263269344,1.0,1,0.3290265280318675,55
3421,2,6540,6540,0,0,0,0,0.9077659955038957,0.7977946824508483,0.9077659955038957,0.7977946824508483,1.0,1,0.3323841768513247,57
3422,4,6544,6544,0,0,0,0,0.8723166331478145,0.7446332662956289,0.8723166331478145,0.7446332662956289,1.0,1,0.35810904222294265,56
3423,3,6547,6547,0,0,0,0,0.8906862170858769,0.773275116918856,0.8906862170858769,0.773275116918856,1.0,1,0.31872607979631395,56
3424,2,6549,6549,0,0,0,0,0.92498339726923,0.8319628098830751,0.92498339726923,0.8319628098830751,1.0,1,0.27635200068211024,56
3425,2,6551,6551,0,0,0,0,0.92498339726923,0.8319628098830751,0.92498339726923,0.8319628098830751,1.0,1,0.3130517142118854,56
3426,3,6554,6554,0,0,0,0,0.9246743397801397,0.8342835475163076,0.9246743397801397,0.8342835475163076,1.0,1,0.2951942637029999,55
3427,1,6555,6555,0,0,0,0,0.9451414164417927,0.8742824126791084,0.9451414164417927,0.8742824126791084,1.0,1,0.28389356529875315,55
3428,0,6555,6555,0,0,0,0,0.9451414164417927,0.8742824126791084,0.9451414164417927,0.8742824126791084,1.0,1,0.28603165178831763,55
3429,2,6557,6557,0,0,0,0,0.9441255167462704,0.8742824126791084,0.9441255167462704,0.8742824126791084,1.0,1,0.3024344830683784,54
3430,1,6558,6558,0,0,0,0,0.9623306040009562,0.9082832097414585,0.9623306040009562,0.9082832097414585,1.0,1,0.28332245659989896,56
3431,2,6560,6560,0,0,0,0,0.9824835981878215,0.9570051955519255,0.9824835981878215,0.9570051955519255,1.0,1,0.26297604013498,54
3432,4,6564,6564,0,0,0,0,0.9490573963677106,0.8811339248579912,0.9490573963677106,0.8811339248579912,1.0,1,0.28953609083952897,56
3433,1,6565,6565,0,0,0,0,0.9705148378401875,0.9320559306752147,0.9705148378401875,0.9320559306752147,1.0,1,0.2768874083054242,53
3434,4,6569,6569,0,0,0,0,0.9941851347899947,0.9865200851949877,0.9941851347899947,0.9865200851949877,1.0,1,0.24847872631625162,51
3435,2,6571,6571,0,0,0,0,1.0,1.0,1.0,1.0,1.0,1,0.21413966394542727,51
3436,2,6573,6573,0,0,0,0,1.0,1.0,1.0,1.0,1.0,1,0.1930459861150359,51
3437,2,6575,6575,0,0,0,0,0.9792976897797612,0.9501262526512431,0.9792976897797612,0.9501262526512431,1.0,1,0.24271416399772205,53
3438,3,6578,6578,0,0,0,0,1.0,1.0,1.0,1.0,1.0,1,0.1855513046858314,52
3439,1,6579,6579,0,0,0,0,0.9902067605283804,0.9748173842158351,0.9902067605283804,0.9748173842158351,1.0,1,0.21126303534627777,54
3440,2,6581,6581,0,0,0,0,1.0,1.0,1.0,1.0,1.0,1,0.14927409418865847,52
3441,1,6582,6582,0,0,0,0,1.0,1.0,1.0,1.0,1.0,1,0.15995858451882067,53
3442,3,6585,6585,0,0,0,0,1.0,1.0,1.0,1.0,1.0,1,0.16929623665901636,53
3443,2,6587,6587,0,0,0,0,1.0,1.0,1.0,1.0,1.0,1,0.14735858257855308,53
3444,3,6590,6590,0,0,0,0,1.0,1.0,1.0,1.0,1.0,1,0.18108299657846247,52
3445,5,6595,6595,0,0,0,0,1.0,1.0,1.0,1.0,1.0,1,0.1636350104801507,53
3446,4,6599,6599,0,0,0,0,1.0,1.0,1.0,1.0,1.0,1,0.16602782105879835,53
3447,4,6603,6603,0,0,0,0,1.0,1.0,1.0,1.0,1.0,1,0.16817631376033135,53
3448,4,6607,6607,0,0,0,0,1.0,1.0,1.0,1.0,1.0,1,0.1792399003800522,52
3449,5,6612,6612,0,0,0,0,1.0,1.0,1.0,1.0,1.0,1,0.17751261153690823,52
3450,6,6618,6618,0,0,0,0,1.0,1.0,1.0,1.0,1.0,1,0.12351926809347345,52
3451,4,6622,6622,0,0,0,0,1.0,1.0,1.0,1.0,1.0,1,0.1801055884305237,54
3452,3,6625,6625,0,0,0,0,1.0,1.0,1.0,1.0,1.0,1,0.18418165989358046,54
3453,5,6630,6630,0,0,0,0,1.0,1.0,1.0,1.0,1.0,1,0.18937701935957807,54
3454,3,6633,6633,0,0,0,0,1.0,1.0,1.0,1.0,1.0,1,0.21220525532525208,57
3455,2,6635,6635,0,0,0,0,1.0,1.0,1.0,1.0,1.0,1,0.2023544658402376,57
3456,2,6637,6637,0,0,0,0,1.0,1.0,1.0,1.0,1.0,1,0.22697959196883788,58
3457,4,6641,6641,0,0,0,0,1.0,1.0,1.0,1.0,1.0,1,0.22882312921210862,57
3458,1,6642,6642,0,0,0,0,0.9888995594352447,0.9712397676276795,0.9888995594352447,0.9712397676276795,1.0,1,0.2457887014608433,57
3459,0,6642,6642,0,0,0,0,0.9888995594352447,0.9712397676276795,0.9888995594352447,0.9712397676276795,1.0,1,0.2457887014608433,57
3460,2,6644,6644,0,0,0,0,0.9890909463415336,0.9712397676276795,0.9890909463415336,0.9712397676276795,1.0,1,0.23878951095235124,58
3461,0,6644,6644,0,0,0,0,0.9892758455560838,0.9712397676276795,0.9892758455560838,0.9712397676276795,1.0,1,0.2382396749363859,59
3462,2,6646,6646,0,0,0,0,0.9751718628675102,0.9363104308340479,0.9751718628675102,0.9363104308340479,1.0,1,0.23869234214511606,59
3463,1,6647,6647,0,0,0,0,0.9610177523669569,0.9041686412354356,0.9610177523669569,0.9041686412354356,1.0,1,0.2455126011147191,59
3464,3,6650,6650,0,0,0,0,1.0,1.0,1.0,1.0,1.0,1,0.20400057541517452,59
3465,1,6651,6651,0,0,0,0,1.0,1.0,1.0,1.0,1.0,1,0.20168804720490724,57
3466,2,6653,6653,0,0,0,0,1.0,1.0,1.0,1.0,1.0,1,0.1751765394680998,57
3467,0,6653,6653,0,0,0,0,1.0,1.0,1.0,1.0,1.0,1,0.18390963340333696,57
3468,3,6656,6656,0,0,0,0,1.0,1.0,1.0,1.0,1.0,1,0.14875832273907105,57
3469,3,6659,6659,0,0,0,0,1.0,1.0,1.0,1.0,1.0,1,0.15025470041421748,53
3470,1,6660,6660,0,0,0,0,1.0,1.0,1.0,1.0,1.0,1,0.17201565712026673,50
3471,0,6660,6660,0,0,0,0,1.0,1.0,1.0,1.0,1.0,1,0.15699184725536566,49
3472,2,6662,6662,0,0,0,0,1.0,1.0,1.0,1.0,1.0,1,0.15618888255421945,47
3473,3,6665,6665,0,0,0,0,1.0,1.0,1.0,1.0,1.0,1,0.15992982520369056,45
3474,4,6669,6669,0,0,0,0,1.0,1.0,1.0,1.0,1.0,1,0.15088690730064128,42
3475,5,6674,6674,0,0,0,0,1.0,1.0,1.0,1.0,1.0,1,0.15158270364454102,43
3476,1,6675,6675,0,0,0,0,1.0,1.0,1.0,1.0,1.0,1,0.1372808511310918,41
3477,4,6679,6679,0,0,0,0,1.0,1.0,1.0,1.0,1.0,1,0.0967046095856882,42
3478,1,6680,6680,0,0,0,0,1.0,1.0,1.0,1.0,1.0,1,0.09479161027891715,40
3479,1,6681,6681,0,0,0,0,1.0,1.0,1.0,1.0,1.0,1,0.07825994392104887,40
3480,4,6685,6685,0,0,0,0,1.0,1.0,1.0,1.0,1.0,1,0.09962906766580763,40
3481,2,6687,6687,0,0,0,0,1.0,1.0,1.0,1.0,1.0,1,0.19329965741232258,40
3482,0,6687,6687,0,0,0,0,1.0,1.0,1.0,1.0,1.0,1,0.19329965741232258,40
3483,3,6690,6690,0,0,0,0,1.0,1.0,1.0,1.0,1.0,1,0.22372025749605706,39
3484,5,6695,6695,0,0,0,0,1.0,1.0,1.0,1.0,1.0,1,0.19082467656151708,39
3485,1,6696,6696,0,0,0,0,1.0,1.0,1.0,1.0,1.0,1,0.23073028184396135,40
3486,4,6700,6700,0,0,0,0,1.0,1.0,1.0,1.0,1.0,1,0.15095362315012445,41
3487,2,6702,6702,0,0,0,0,1.0,1.0,1.0,1.0,1.0,1,0.17914335787612579,41
3488,0,6702,6702,0,0,0,0,1.0,1.0,1.0,1.0,1.0,1,0.16583609799189733,42
3489,1,6703,6703,0,0,0,0,1.0,1.0,1.0,1.0,1.0,1,0.15591632903411218,44
3490,1,6704,6704,0,0,0,0,1.0,1.0,1.0,1.0,1.0,1,0.17047511688443512,44
3491,4,6708,6708,0,0,0,0,1.0,1.0,1.0,1.0,1.0,1,0.15840393529152993,45
3492,1,6709,6709,0,0,0,0,1.0,1.0,1.0,1.0,1.0,1,0.19327006516795361,45
3493,3,6712,6712,0,0,0,0,1.0,1.0,1.0,1.0,1.0,1,0.21677681049673522,45
3494,1,6713,6713,0,0,0,0,1.0,1.0,1.0,1.0,1.0,1,0.2048944996552375,45
3495,1,6714,6714,0,0,0,0,1.0,1.0,1.0,1.0,1.0,1,0.21355818958660036,45
3496,1,6715,6715,0,0,0,0,1.0,1.0,1.0,1.0,1.0,1,0.218199882090035,46
3497,0,6715,6715,0,0,0,0,1.0,1.0,1.0,1.0,1.0,1,0.2032989432231743,47
3498,0,6715,6715,0,0,0,0,1.0,1.0,1.0,1.0,1.0,1,0.2148765553503514,48
3499,0,6715,6715,0,0,0,0,1.0,1.0,1.0,1.0,1.0,1,0.23279100001341255,47
3500,0,6715,6715,0,0,0,0,1.0,1.0,1.0,1.0,1.0,1,0.22880353228983236,50
3501,0,6715,6715,0,0,0,0,1.0,1.0,1.0,1.0,1.0,1,0.22880353228983236,50
3502,1,6716,6716,0,0,0,0,1.0,1.0,1.0,1.0,1.0,1,0.24341899600206054,50
3503,0,6716,6716,0,0,0,0,1.0,1.0,1.0,1.0,1.0,1,0.24341899600206054,50
3504,1,6717,6717,0,0,0,0,1.0,1.0,1.0,1.0,1.0,1,0.32012090762816675,47
3505,2,6719,6719,0,0,0,0,1.0,1.0,1.0,1.0,1.0,1,0.3294435521848397,48
3506,0,6719,6719,0,0,0,0,1.0,1.0,1.0,1.0,1.0,1,0.3243539283007618,49
3507,3,6722,6722,0,0,0,0,1.0,1.0,1.0,1.0,1.0,1,0.31744976007671827,46
3508,1,6723,6723,0,0,0,0,1.0,1.0,1.0,1.0,1.0,1,0.3109281657898652,47
3509,1,6724,6724,0,0,0,0,1.0,1.0,1.0,1.0,1.0,1,0.30333616154593,44
3510,0,6724,6724,0,0,0,0,1.0,1.0,1.0,1.0,1.0,1,0.29367551137356296,45
3511,0,6724,6724,0,0,0,0,1.0,1.0,1.0,1.0,1.0,1,0.2833087374608683,44
3512,0,6724,6724,0,0,0,0,1.0,1.0,1.0,1.0,1.0,1,0.2781897727162713,42
3513,2,6726,6726,0,0,0,0,1.0,1.0,1.0,1.0,1.0,1,0.24210625667522012,42
3514,0,6726,6726,0,0,0,0,1.0,1.0,1.0,1.0,1.0,1,0.22713017246437853,42
3515,3,6729,6729,0,0,0,0,1.0,1.0,1.0,1.0,1.0,1,0.187632103154434,42
3516,1,6730,6730,0,0,0,0,1.0,1.0,1.0,1.0,1.0,1,0.207306074622323,41
3517,1,6731,6731,0,0,0,0,1.0,1.0,1.0,1.0,1.0,1,0.18899148576697006,44
3518,2,6733,6733,0,0,0,0,1.0,1.0,1.0,1.0,1.0,1,0.2032794719215124,43
3519,1,6734,6734,0,0,0,0,1.0,1.0,1.0,1.0,1.0,1,0.20699901715080476,44
3520,2,6736,6736,0,0,0,0,1.0,1.0,1.0,1.0,1.0,1,0.23371892287974458,45
3521,1,6737,6737,0,0,0,0,1.0,1.0,1.0,1.0,1.0,1,0.2508432840652702,45
3522,1,6738,6738,0,0,0,0,0.9980083977128366,0.9956374426090704,0.9980083977128366,0.9956374426090704,1.0,1,0.2723947854140093,46
3523,3,6741,6741,0,0,0,0,0.9599190064998137,0.9198380129996273,0.9599190064998137,0.9198380129996273,1.0,1,0.32197200820866456,46
3524,4,6745,6745,0,0,0,0,0.9716989655665612,0.9421674513751467,0.9716989655665612,0.9421674513751467,1.0,1,0.30681314845323104,47
3525,2,6747,6747,0,0,0,0,0.9261150192488579,0.8581408369578072,0.9261150192488579,0.8581408369578072,1.0,1,0.3650569622154457,48
3526,3,6750,6750,0,0,0,0,0.9789335080103723,0.9530791769321929,0.9789335080103723,0.9530791769321929,1.0,1,0.309311942654954,49
3527,1,6751,6751,0,0,0,0,1.0,1.0,1.0,1.0,1.0,1,0.28342216420654726,49
3528,3,6754,6754,0,0,0,0,1.0,1.0,1.0,1.0,1.0,1,0.2772953005164688,51
3529,1,6755,6755,0,0,0,0,1.0,1.0,1.0,1.0,1.0,1,0.2687647262261428,51
3530,3,6758,6758,0,0,0,0,1.0,1.0,1.0,1.0,1.0,1,0.2590158416842297,52
3531,3,6761,6761,0,0,0,0,1.0,1.0,1.0,1.0,1.0,1,0.2700412798300866,52
3532,0,6761,6761,0,0,0,0,1.0,1.0,1.0,1.0,1.0,1,0.2700412798300866,52
3533,0,6761,6761,0,0,0,0,1.0,1.0,1.0,1.0,1.0,1,0.2700412798300866,52
3534,1,6762,6762,0,0,0,0,1.0,1.0,1.0,1.0,1.0,1,0.27747755089061465,52
3535,1,6763,6763,0,0,0,0,0.9814930109934242,0.9562562078026391,0.9814930109934242,0.9562562078026391,1.0,1,0.2877415438580321,52
3536,1,6764,6764,0,0,0,0,0.9416922632024084,0.868807592205419,0.9416922632024084,0.868807592205419,1.0,1,0.29748820263180387,54
3537,1,6765,6765,0,0,0,0,0.9427524038714556,0.868807592205419,0.9427524038714556,0.868807592205419,1.0,1,0.30340506296759984,55
3538,1,6766,6766,0,0,0,0,0.9427524038714555,0.868807592205419,0.9427524038714555,0.868807592205419,1.0,1,0.2966705093709377,55
3539,1,6767,6767,0,0,0,0,0.9629857493247849,0.906659715688588,0.9629857493247849,0.906659715688588,1.0,1,0.24436182973799048,58
3540,0,6767,6767,0,0,0,0,0.9481414499185268,0.8725143977163787,0.9481414499185268,0.8725143977163787,1.0,1,0.25215535463798294,59
3541,1,6768,6768,0,0,0,0,0.9650273866729163,0.9102876440740028,0.9650273866729163,0.9102876440740028,1.0,1,0.22668094330767685,59
3542,1,6769,6769,0,0,0,0,0.9374472399346647,0.8473712654405818,0.9374472399346647,0.8473712654405818,1.0,1,0.2351669592970401,61
3543,2,6771,6771,0,0,0,0,0.940065850632858,0.8513633095694879,0.940065850632858,0.8513633095694879,1.0,1,0.21667954804708964,62
3544,2,6773,6773,0,0,0,0,0.9569506738141119,0.894170406459692,0.9569506738141119,0.894170406459692,1.0,1,0.22676857419984028,59
3545,1,6774,6774,0,0,0,0,0.9701429388119073,0.9234101473870667,0.9701429388119073,0.9234101473870667,1.0,1,0.20209447964354274,59
3546,0,6774,6774,0,0,0,0,0.9852111349830203,0.96168339518328,0.9852111349830203,0.96168339518328,1.0,1,0.19282078576120276,57
3547,2,6776,6776,0,0,0,0,1.0,1.0,1.0,1.0,1.0,1,0.18162288616791256,53
3548,0,6776,6776,0,0,0,0,1.0,1.0,1.0,1.0,1.0,1,0.18162288616791256,53
3549,0,6776,6776,0,0,0,0,1.0,1.0,1.0,1.0,1.0,1,0.16803933086549303,52
3550,1,6777,6777,0,0,0,0,1.0,1.0,1.0,1.0,1.0,1,0.20690469839521458,51
3551,1,6778,6778,0,0,0,0,1.0,1.0,1.0,1.0,1.0,1,0.17488169144204896,51
3552,1,6779,6779,0,0,0,0,1.0,1.0,1.0,1.0,1.0,1,0.16639868330783425,51
3553,3,6782,6782,0,0,0,0,1.0,1.0,1.0,1.0,1.0,1,0.21997964140542434,49
3554,2,6784,6784,0,0,0,0,1.0,1.0,1.0,1.0,1.0,1,0.19703620829973756,49
3555,4,6788,6788,0,0,0,0,1.0,1.0,1.0,1.0,1.0,1,0.14450823204234847,51
3556,3,6791,6791,0,0,0,0,1.0,1.0,1.0,1.0,1.0,1,0.14715026795233332,51
3557,6,6797,6797,0,0,0,0,1.0,1.0,1.0,1.0,1.0,1,0.09446669040909084,52
3558,2,6799,6799,0,0,0,0,1.0,1.0,1.0,1.0,1.0,1,0.12178126780466622,52
3559,5,6804,6804,0,0,0,0,1.0,1.0,1.0,1.0,1.0,1,0.16654755567542917,52
3560,1,6805,6805,0,0,0,0,1.0,1.0,1.0,1.0,1.0,1,0.15010604510456624,53
3561,2,6807,6807,0,0,0,0,1.0,1.0,1.0,1.0,1.0,1,0.15399753102744115,54
3562,2,6809,6809,0,0,0,0,1.0,1.0,1.0,1.0,1.0,1,0.17326905777275836,54
3563,0,6809,6809,0,0,0,0,1.0,1.0,1.0,1.0,1.0,1,0.1801391041302137,55
3564,0,6809,6809,0,0,0,0,1.0,1.0,1.0,1.0,1.0,1,0.1544099622856783,57
3565,0,6809,6809,0,0,0,0,1.0,1.0,1.0,1.0,1.0,1,0.1619418950112543,56
3566,3,6812,6812,0,0,0,0,0.9566508087409854,0.8925693955754856,0.9566508087409854,0.8925693955754856,1.0,1,0.2064400903775375,57
3567,1,6813,6813,0,0,0,0,0.9753359288483312,0.9360976338343127,0.9753359288483312,0.9360976338343127,1.0,1,0.19698695828844273,57
3568,1,6814,6814,0,0,0,0,0.9567928911680741,0.8929215128947923,0.9567928911680741,0.8929215128947923,1.0,1,0.21573288689670092,57
3569,4,6818,6818,0,0,0,0,0.9585063200686169,0.8971678366917896,0.9585063200686169,0.8971678366917896,1.0,1,0.22605345607837696,57
3570,1,6819,6819,0,0,0,0,0.907602807960961,0.7903294488344885,0.907602807960961,0.7903294488344885,1.0,1,0.2623556012090896,59
3571,4,6823,6823,0,0,0,0,0.9155743245777562,0.8051715182563606,0.9155743245777562,0.8051715182563606,1.0,1,0.2530225020235871,60
3572,1,6824,6824,0,0,0,0,0.90177643960299,0.7780875116956442,0.90177643960299,0.7780875116956442,1.0,1,0.2696846253440988,61
3573,2,6826,6826,0,0,0,0,0.8708737205394826,0.7239369197740665,0.8708737205394826,0.7239369197740665,1.0,1,0.2976810447494885,62
3574,1,6827,6827,0,0,0,0,0.8585380837178458,0.7029299758074761,0.8585380837178458,0.7029299758074761,1.0,1,0.2999290917790415,63
3575,2,6829,6829,0,0,0,0,0.8269342821892204,0.6592768680600277,0.8269342821892204,0.6592768680600277,1.0,1,0.34676884638094213,63
3576,2,6831,6831,0,0,0,0,0.8462350087382707,0.6875098564680986,0.8462350087382707,0.6875098564680986,1.0,1,0.3275899513482407,63
3577,1,6832,6832,0,0,0,0,0.862933791578679,0.7075920887011821,0.862933791578679,0.7075920887011821,1.0,1,0.2984487765990231,64
3578,1,6833,6833,0,0,0,0,0.8779676489548585,0.7306872252796877,0.8779676489548585,0.7306872252796877,1.0,1,0.2863812559377277,64
3579,2,6835,6835,0,0,0,0,0.8779676489548585,0.7306872252796877,0.8779676489548585,0.7306872252796877,1.0,1,0.2941567862311377,64
3580,3,6838,6838,0,0,0,0,0.847395504897991,0.6800228328506263,0.847395504897991,0.6800228328506263,1.0,1,0.3074298126365879,65
3581,2,6840,6840,0,0,0,0,0.8371902473497559,0.6540292756182312,0.8371902473497559,0.6540292756182312,1.0,1,0.29166485285114857,68
3582,2,6842,6842,0,0,0,0,0.8217711010022611,0.6327404505501137,0.8217711010022611,0.6327404505501137,1.0,1,0.3022802205631293,68
3583,4,6846,6846,0,0,0,0,0.8442614179368318,0.6734513601901314,0.8442614179368318,0.6734513601901314,1.0,1,0.31208981380525314,65
3584,4,6850,6850,0,0,0,0,0.8227794171138363,0.6455588342276726,0.8227794171138363,0.6455588342276726,1.0,1,0.32093266824423705,64
3585,4,6854,6854,0,0,0,0,0.868526231772062,0.709850994255585,0.868526231772062,0.709850994255585,1.0,1,0.25389855240851866,64
3586,9,6863,6863,0,0,0,0,0.8096748431498694,0.6251171152951974,0.8096748431498694,0.6251171152951974,1.0,1,0.32241411726506747,65
3587,5,6868,6868,0,0,0,0,0.8852667367220133,0.7377525410788875,0.8852667367220133,0.7377525410788875,1.0,1,0.2704559600906323,64
3588,5,6873,6873,0,0,0,0,0.9307368486690273,0.8282273846991878,0.9307368486690273,0.8282273846991878,1.0,1,0.22190011593027895,62
3589,4,6877,6877,0,0,0,0,0.9478848081202171,0.86319762131557,0.9478848081202171,0.86319762131557,1.0,1,0.1947085887512048,63
3590,2,6879,6879,0,0,0,0,0.9438298038707897,0.8525532351608233,0.9438298038707897,0.8525532351608233,1.0,1,0.19738326949022544,63
3591,5,6884,6884,0,0,0,0,0.9761933719056322,0.932908593552236,0.9761933719056322,0.932908593552236,1.0,1,0.16077936831274414,62
3592,0,6884,6884,0,0,0,0,1.0,1.0,1.0,1.0,1.0,1,0.15313357914075945,59
3593,0,6884,6884,0,0,0,0,1.0,1.0,1.0,1.0,1.0,1,0.14253950882366642,58
3594,2,6886,6886,0,0,0,0,1.0,1.0,1.0,1.0,1.0,1,0.13000280065900915,57
3595,0,6886,6886,0,0,0,0,1.0,1.0,1.0,1.0,1.0,1,0.13271191588198356,59
3596,4,6890,6890,0,0,0,0,1.0,1.0,1.0,1.0,1.0,1,0.11502812087228412,57
3597,4,6894,6894,0,0,0,0,1.0,1.0,1.0,1.0,1.0,1,0.09657823384219467,57
3598,0,6894,6894,0,0,0,0,1.0,1.0,1.0,1.0,1.0,1,0.09657823384219467,57
3599,3,6897,6897,0,0,0,0,1.0,1.0,1.0,1.0,1.0,1,0.13946491618165485,58
3600,1,6898,6898,0,0,0,0,1.0,1.0,1.0,1.0,1.0,1,0.1327468504684937,58
3601,3,6901,6901,0,0,0,0,1.0,1.0,1.0,1.0,1.0,1,0.16475857503714497,58
3602,3,6904,6904,0,0,0,0,1.0,1.0,1.0,1.0,1.0,1,0.151419095782086,60
3603,3,6907,6907,0,0,0,0,0.9981199775400041,0.9948726660181935,0.9981199775400041,0.9948726660181935,1.0,1,0.15803023342279504,60
3604,5,6912,6912,0,0,0,0,0.9749035619503844,0.9345310311749159,0.9749035619503844,0.9345310311749159,1.0,1,0.17431640696423079,60
3605,1,6913,6913,0,0,0,0,0.937506453277346,0.8475157459967244,0.937506453277346,0.8475157459967244,1.0,1,0.21328686479621844,61
3606,3,6916,6916,0,0,0,0,0.9373660043356165,0.8421623309257535,0.9373660043356165,0.8421623309257535,1.0,1,0.20381792447392214,63
3607,5,6921,6921,0,0,0,0,0.9419454124476864,0.8537024393681697,0.9419454124476864,0.8537024393681697,1.0,1,0.19904201149715933,63
3608,3,6924,6924,0,0,0,0,0.9327577620684652,0.8344806450916067,0.9327577620684652,0.8344806450916067,1.0,1,0.21895699542287372,64
3609,3,6927,6927,0,0,0,0,0.9320731054269688,0.8275701906992285,0.9320731054269688,0.8275701906992285,1.0,1,0.21997082042271565,66
3610,1,6928,6928,0,0,0,0,0.9330869396743275,0.8275701906992285,0.9330869396743275,0.8275701906992285,1.0,1,0.2194806761415879,67
3611,2,6930,6930,0,0,0,0,0.9330869396743274,0.8275701906992285,0.9330869396743274,0.8275701906992285,1.0,1,0.2154264641214829,67
3612,2,6932,6932,0,0,0,0,0.914967234840119,0.7921421296091797,0.914967234840119,0.7921421296091797,1.0,1,0.24731507784669718,66
3613,3,6935,6935,0,0,0,0,0.9038663942348456,0.7733993578392789,0.9038663942348456,0.7733993578392789,1.0,1,0.23602630120532866,66
3614,2,6937,6937,0,0,0,0,0.883431175895589,0.7387250494211476,0.883431175895589,0.7387250494211476,1.0,1,0.26719467395478014,65
3615,1,6938,6938,0,0,0,0,0.883431175895589,0.7387250494211476,0.883431175895589,0.7387250494211476,1.0,1,0.27364845154137374,65
3616,1,6939,6939,0,0,0,0,0.883431175895589,0.7387250494211476,0.883431175895589,0.7387250494211476,1.0,1,0.26816430721913787,65
3617,3,6942,6942,0,0,0,0,0.866450949591905,0.706192089102191,0.866450949591905,0.706192089102191,1.0,1,0.2753024429149309,66
3618,2,6944,6944,0,0,0,0,0.8996993508780643,0.7635770413554371,0.8996993508780643,0.7635770413554371,1.0,1,0.24340803514663764,66
3619,0,6944,6944,0,0,0,0,0.898156263968496,0.7635770413554371,0.898156263968496,0.7635770413554371,1.0,1,0.25337908988068925,65
3620,3,6947,6947,0,0,0,0,0.9288025111302602,0.8192679128691222,0.9288025111302602,0.8192679128691222,1.0,1,0.23912166511727675,66
3621,4,6951,6951,0,0,0,0,0.9402232705301296,0.8445805033783369,0.9402232705301296,0.8445805033783369,1.0,1,0.2254009985893927,65
3622,3,6954,6954,0,0,0,0,0.9560394845371113,0.8809402706213432,0.9560394845371113,0.8809402706213432,1.0,1,0.2108320286153194,65
3623,3,6957,6957,0,0,0,0,0.9915766155370788,0.9762613710590402,0.9915766155370788,0.9762613710590402,1.0,1,0.16174021009338252,62
3624,5,6962,6962,0,0,0,0,1.0,1.0,1.0,1.0,1.0,1,0.14296867378647926,62
3625,2,6964,6964,0,0,0,0,1.0,1.0,1.0,1.0,1.0,1,0.12515282037982095,61
3626,6,6970,6970,0,0,0,0,1.0,1.0,1.0,1.0,1.0,1,0.0725367199556488,58
3627,4,6974,6974,0,0,0,0,1.0,1.0,1.0,1.0,1.0,1,0.0956501452796534,58
3628,3,6977,6977,0,0,0,0,1.0,1.0,1.0,1.0,1.0,1,0.1399133613802035,57
3629,1,6978,6978,0,0,0,0,1.0,1.0,1.0,1.0,1.0,1,0.11480287615447848,57
3630,3,6981,6981,0,0,0,0,1.0,1.0,1.0,1.0,1.0,1,0.16395236742992597,56
3631,1,6982,6982,0,0,0,0,1.0,1.0,1.0,1.0,1.0,1,0.17654153538103978,54
3632,2,6984,6984,0,0,0,0,1.0,1.0,1.0,1.0,1.0,1,0.1747129938133707,52
3633,3,6987,6987,0,0,0,0,1.0,1.0,1.0,1.0,1.0,1,0.12904777663911624,52
3634,2,6989,6989,0,0,0,0,1.0,1.0,1.0,1.0,1.0,1,0.13879634952083877,49
3635,4,6993,6993,0,0,0,0,1.0,1.0,1.0,1.0,1.0,1,0.18984489771024263,47
3636,2,6995,6995,0,0,0,0,1.0,1.0,1.0,1.0,1.0,1,0.21694551710677806,48
3637,1,6996,6996,0,0,0,0,1.0,1.0,1.0,1.0,1.0,1,0.2375444960348174,49
3638,3,6999,6999,0,0,0,0,1.0,1.0,1.0,1.0,1.0,1,0.22673009021049229,50
3639,2,7001,7001,0,0,0,0,0.9977128762175352,0.994336645871992,0.9977128762175352,0.994336645871992,1.0,1,0.24680350036230345,52
3640,1,7002,7002,0,0,0,0,0.9848157642152296,0.9641099881450883,0.9848157642152296,0.9641099881450883,1.0,1,0.2605854010772267,52
3641,1,7003,7003,0,0,0,0,0.9984867472377239,0.9962528979219828,0.9984867472377239,0.9962528979219828,1.0,1,0.25398058879049257,52
3642,1,7004,7004,0,0,0,0,0.9795071049425693,0.9515622480460726,0.9795071049425693,0.9515622480460726,1.0,1,0.2818933366931249,52
3643,0,7004,7004,0,0,0,0,0.9795071049425691,0.9515622480460726,0.9795071049425691,0.9515622480460726,1.0,1,0.2818933366931249,52
3644,3,7007,7007,0,0,0,0,0.9655866637744668,0.9221959354900988,0.9655866637744668,0.9221959354900988,1.0,1,0.26992559827018275,52
3645,2,7009,7009,0,0,0,0,0.9839825639577119,0.9614125404435786,0.9839825639577119,0.9614125404435786,1.0,1,0.23930250580284845,53
3646,2,7011,7011,0,0,0,0,0.963662642432687,0.9162660890840179,0.963662642432687,0.9162660890840179,1.0,1,0.26239391402846,53
3647,1,7012,7012,0,0,0,0,0.9202074383538613,0.824456364378495,0.9202074383538613,0.824456364378495,1.0,1,0.2773876322427432,55
3648,2,7014,7014,0,0,0,0,0.9248555320217359,0.8286706130095577,0.9248555320217359,0.8286706130095577,1.0,1,0.2522752966311105,57
3649,1,7015,7015,0,0,0,0,0.9455385602419994,0.8706540805747486,0.9455385602419994,0.8706540805747486,1.0,1,0.23967715822124666,57
3650,1,7016,7016,0,0,0,0,0.9502421287068302,0.8776785664042908,0.9502421287068302,0.8776785664042908,1.0,1,0.23841026961993225,59
3651,1,7017,7017,0,0,0,0,0.9502421287068301,0.8776785664042908,0.9502421287068301,0.8776785664042908,1.0,1,0.23198383015889315,59
3652,1,7018,7018,0,0,0,0,0.9502421287068302,0.8776785664042908,0.9502421287068302,0.8776785664042908,1.0,1,0.2429013112482744,59
3653,1,7019,7019,0,0,0,0,0.9341107637708345,0.8445014024991692,0.9341107637708345,0.8445014024991692,1.0,1,0.2661939721834268,59
3654,2,7021,7021,0,0,0,0,0.9684417807845457,0.9190463072299214,0.9684417807845457,0.9190463072299214,1.0,1,0.24953398533925453,59
3655,2,7023,7023,0,0,0,0,0.9851410909524134,0.9581248926840742,0.9851410909524134,0.9581248926840742,1.0,1,0.22253801220666405,62
3656,2,7025,7025,0,0,0,0,0.9776428972685837,0.9339933157453421,0.9776428972685837,0.9339933157453421,1.0,1,0.22704040906959486,62
3657,2,7027,7027,0,0,0,0,0.9499317606365177,0.8628565617435052,0.9499317606365177,0.8628565617435052,1.0,1,0.24190606676940696,63
3658,2,7029,7029,0,0,0,0,0.9605947626881878,0.9084707867625292,0.9605947626881878,0.9084707867625292,1.0,1,0.2488058924554542,63
3659,4,7033,7033,0,0,0,0,0.9439492659115365,0.8489067168050112,0.9439492659115365,0.8489067168050112,1.0,1,0.2521996081919715,62
3660,3,7036,7036,0,0,0,0,0.9324732211752429,0.8255558213693773,0.9324732211752429,0.8255558213693773,1.0,1,0.25562278847888653,62
3661,2,7038,7038,0,0,0,0,0.9313662248010666,0.8255558213693773,0.9313662248010666,0.8255558213693773,1.0,1,0.23107091408639646,61
3662,4,7042,7042,0,0,0,0,0.8961699009261291,0.7603920790602982,0.8961699009261291,0.7603920790602982,1.0,1,0.25103260149828666,60
3663,1,7043,7043,0,0,0,0,0.8816652970977839,0.7326512267764749,0.8816652970977839,0.7326512267764749,1.0,1,0.26762580748165193,61
3664,5,7048,7048,0,0,0,0,0.8896079307671855,0.7537407686344907,0.8896079307671855,0.7537407686344907,1.0,1,0.23936336234465944,58
3665,2,7050,7050,0,0,0,0,0.9099527157986069,0.7910903006527681,0.9099527157986069,0.7910903006527681,1.0,1,0.21564774586873747,58
3666,1,7051,7051,0,0,0,0,0.9099527157986069,0.7910903006527681,0.9099527157986069,0.7910903006527681,1.0,1,0.22510933804380806,58
3667,2,7053,7053,0,0,0,0,0.9137918816748695,0.7999971654856973,0.9137918816748695,0.7999971654856973,1.0,1,0.23536143130535123,58
3668,1,7054,7054,0,0,0,0,0.9137918816748695,0.7999971654856973,0.9137918816748695,0.7999971654856973,1.0,1,0.24891160819376082,58
3669,2,7056,7056,0,0,0,0,0.8920144886404033,0.7632625327885766,0.8920144886404033,0.7632625327885766,1.0,1,0.28144508120135076,57
3670,1,7057,7057,0,0,0,0,0.9108644562301021,0.800336381955429,0.9108644562301021,0.800336381955429,1.0,1,0.2951645533065585,56
3671,2,7059,7059,0,0,0,0,0.9125666491111019,0.800651959973312,0.9125666491111019,0.800651959973312,1.0,1,0.31141706097980915,57
3672,1,7060,7060,0,0,0,0,0.9125666491111017,0.800651959973312,0.9125666491111017,0.800651959973312,1.0,1,0.3009221659754964,57
3673,1,7061,7061,0,0,0,0,0.8973288823570227,0.7709644298733582,0.8973288823570227,0.7709644298733582,1.0,1,0.29442309674144834,58
3674,1,7062,7062,0,0,0,0,0.8809479319760145,0.7486678563938084,0.8809479319760145,0.7486678563938084,1.0,1,0.32769492758973107,57
3675,0,7062,7062,0,0,0,0,0.8630553521628379,0.7163289437658786,0.8630553521628379,0.7163289437658786,1.0,1,0.33664394395187247,58
3676,1,7063,7063,0,0,0,0,0.8818810045823531,0.7418881211244012,0.8818810045823531,0.7418881211244012,1.0,1,0.317200637008294,59
3677,1,7064,7064,0,0,0,0,0.8976366116979195,0.7637767962259683,0.8976366116979195,0.7637767962259683,1.0,1,0.29964756259205594,60
3678,1,7065,7065,0,0,0,0,0.9009386564818578,0.7637767962259683,0.9009386564818578,0.7637767962259683,1.0,1,0.310965257859733,62
3679,2,7067,7067,0,0,0,0,0.8729174329323457,0.7186028872073367,0.8729174329323457,0.7186028872073367,1.0,1,0.3243688001892583,62
3680,0,7067,7067,0,0,0,0,0.8749346165365941,0.7186028872073367,0.8749346165365941,0.7186028872073367,1.0,1,0.3024062202057503,63
3681,2,7069,7069,0,0,0,0,0.8778970849153963,0.7209076226637631,0.8778970849153963,0.7209076226637631,1.0,1,0.3009699236467464,64
3682,0,7069,7069,0,0,0,0,0.8778970849153963,0.7209076226637631,0.8778970849153963,0.7209076226637631,1.0,1,0.3009699236467464,64
3683,2,7071,7071,0,0,0,0,0.8730744861531315,0.7120864087646106,0.8730744861531315,0.7120864087646106,1.0,1,0.312715470335266,64
3684,0,7071,7071,0,0,0,0,0.8730744861531315,0.7120864087646106,0.8730744861531315,0.7120864087646106,1.0,1,0.312715470335266,64
3685,1,7072,7072,0,0,0,0,0.8533859794000946,0.7120864087646106,0.8533859794000946,0.7120864087646106,1.0,1,0.3328704596632023,64
3686,0,7072,7072,0,0,0,0,0.8556415797170163,0.7120864087646106,0.8556415797170163,0.7120864087646106,1.0,1,0.3224252416970305,65
3687,0,7072,7072,0,0,0,0,0.8556415797170163,0.7120864087646106,0.8556415797170163,0.7120864087646106,1.0,1,0.3224252416970305,65
3688,2,7074,7074,0,0,0,0,0.8407748208997328,0.6651281341579159,0.8407748208997328,0.6651281341579159,1.0,1,0.3362561141081985,66
3689,0,7074,7074,0,0,0,0,0.8407748208997328,0.6651281341579159,0.8407748208997328,0.6651281341579159,1.0,1,0.3362561141081985,66
3690,3,7077,7077,0,0,0,0,0.8222457503793771,0.627827039856821,0.8222457503793771,0.627827039856821,1.0,1,0.3415348834598252,67
3691,2,7079,7079,0,0,0,0,0.8259220687938801,0.630084396186995,0.8259220687938801,0.630084396186995,1.0,1,0.31303000928718183,68
3692,2,7081,7081,0,0,0,0,0.8145634907659983,0.6122691170561785,0.8145634907659983,0.6122691170561785,1.0,1,0.3187333153127674,69
3693,3,7084,7084,0,0,0,0,0.7984996983377113,0.5910729172147671,0.7984996983377113,0.5910729172147671,1.0,1,0.3216060584197992,69
3694,1,7085,7085,0,0,0,0,0.7897062861848559,0.5794125723697118,0.7897062861848559,0.5794125723697118,1.0,1,0.3174735657181537,70
3695,2,7087,7087,0,0,0,0,0.8050043550957606,0.5985383781383308,0.8050043550957606,0.5985383781383308,1.0,1,0.30700004565333455,70
3696,2,7089,7089,0,0,0,0,0.7938985211736257,0.5985383781383308,0.7938985211736257,0.5985383781383308,1.0,1,0.3284146881112352,71
3697,1,7090,7090,0,0,0,0,0.789075404694663,0.5781508093893258,0.789075404694663,0.5781508093893258,1.0,1,0.32936541026809524,70
3698,4,7094,7094,0,0,0,0,0.769841336919021,0.5638682734522622,0.769841336919021,0.5638682734522622,1.0,1,0.3728885203533526,70
3699,2,7096,7096,0,0,0,0,0.7733513830528476,0.5592943559360924,0.7733513830528476,0.5592943559360924,1.0,1,0.3560776210426126,70
3700,2,7098,7098,0,0,0,0,0.7828717401268589,0.5781508093893258,0.7828717401268589,0.5781508093893258,1.0,1,0.3671180181634278,68
3701,3,7101,7101,0,0,0,0,0.7599826132512969,0.5619331354799506,0.7599826132512969,0.5619331354799506,1.0,1,0.40245039096948876,69
3702,2,7103,7103,0,0,0,0,0.7701164553921515,0.559389872834957,0.7701164553921515,0.559389872834957,1.0,1,0.39662367864802617,69
3703,1,7104,7104,0,0,0,0,0.7486647462072278,0.559389872834957,0.7486647462072278,0.559389872834957,1.0,1,0.40682029461948027,70
3704,2,7106,7106,0,0,0,0,0.7460228990382882,0.5670551065112932,0.7460228990382882,0.5670551065112932,1.0,1,0.4103526908385765,69
3705,2,7108,7108,0,0,0,0,0.7618476310500029,0.5670551065112932,0.7618476310500029,0.5670551065112932,1.0,1,0.3814532790040031,69
3706,1,7109,7109,0,0,0,0,0.7902496952220383,0.5864922562948756,0.7902496952220383,0.5864922562948756,1.0,1,0.3604080691913551,69
3707,2,7111,7111,0,0,0,0,0.7839884920943381,0.5864922562948756,0.7839884920943381,0.5864922562948756,1.0,1,0.3498086749538661,67
3708,0,7111,7111,0,0,0,0,0.783988492094338,0.5864922562948756,0.783988492094338,0.5864922562948756,1.0,1,0.3424565717771472,67
3709,0,7111,7111,0,0,0,0,0.783988492094338,0.5864922562948756,0.783988492094338,0.5864922562948756,1.0,1,0.3424565717771472,67
3710,5,7116,7116,0,0,0,0,0.7533332132238898,0.5533331158378545,0.7533332132238898,0.5533331158378545,1.0,1,0.38545310687957357,67
3711,0,7116,7116,0,0,0,0,0.7569606659705973,0.5533331158378545,0.7569606659705973,0.5533331158378545,1.0,1,0.38336240920987574,68
3712,1,7117,7117,0,0,0,0,0.7698386139406042,0.5652507152211411,0.7698386139406042,0.5652507152211411,1.0,1,0.3776249815013482,68
3713,4,7121,7121,0,0,0,0,0.7854704779183185,0.5831997856698757,0.7854704779183185,0.5831997856698757,1.0,1,0.34650017397489236,68
3714,1,7122,7122,0,0,0,0,0.7671832633118401,0.5667021844970357,0.7671832633118401,0.5667021844970357,1.0,1,0.38147426988925215,67
3715,1,7123,7123,0,0,0,0,0.7718071605155609,0.5689690809738371,0.7718071605155609,0.5689690809738371,1.0,1,0.37064308825642023,68
3716,2,7125,7125,0,0,0,0,0.7929803586919054,0.5920495303634606,0.7929803586919054,0.5920495303634606,1.0,1,0.35534248146319014,67
3717,1,7126,7126,0,0,0,0,0.7960247651817304,0.5920495303634606,0.7960247651817304,0.5920495303634606,1.0,1,0.3522374636878613,68
3718,3,7129,7129,0,0,0,0,0.7935422033412035,0.5870844066824069,0.7935422033412035,0.5870844066824069,1.0,1,0.35538021371632667,68
3719,0,7129,7129,0,0,0,0,0.7935422033412034,0.5870844066824069,0.7935422033412034,0.5870844066824069,1.0,1,0.37097453656944196,68
3720,2,7131,7131,0,0,0,0,0.8077168487543012,0.6037801731906811,0.8077168487543012,0.6037801731906811,1.0,1,0.3447968520913199,68
3721,2,7133,7133,0,0,0,0,0.79721385940459,0.5824991223035677,0.79721385940459,0.5824991223035677,1.0,1,0.34232664059924833,70
3722,1,7134,7134,0,0,0,0,0.7855894852717596,0.5650529558369982,0.7855894852717596,0.5650529558369982,1.0,1,0.3484534024453076,71
3723,4,7138,7138,0,0,0,0,0.8014662880523439,0.5854148956387182,0.8014662880523439,0.5854148956387182,1.0,1,0.3307972002088549,71
3724,4,7142,7142,0,0,0,0,0.8171438474102505,0.6010411216223646,0.8171438474102505,0.6010411216223646,1.0,1,0.3192776190791583,72
3725,4,7146,7146,0,0,0,0,0.8244744505068771,0.6364672210800546,0.8244744505068771,0.6364672210800546,1.0,1,0.31615976168768267,72
3726,2,7148,7148,0,0,0,0,0.8215218249836009,0.6874977207318437,0.8215218249836009,0.6874977207318437,1.0,1,0.3173356045566559,71
3727,1,7149,7149,0,0,0,0,0.8086341094661462,0.6874977207318437,0.8086341094661462,0.6874977207318437,1.0,1,0.33003425010640247,71
3728,3,7152,7152,0,0,0,0,0.8337439063320163,0.7365365026803047,0.8337439063320163,0.7365365026803047,1.0,1,0.3087439953266826,70
3729,1,7153,7153,0,0,0,0,0.8338581105961579,0.7129241711631398,0.8338581105961579,0.7129241711631398,1.0,1,0.3153229910080892,70
3730,1,7154,7154,0,0,0,0,0.8200930312353321,0.6861580455633723,0.8200930312353321,0.6861580455633723,1.0,1,0.32207646985096117,71
3731,0,7154,7154,0,0,0,0,0.8200930312353321,0.6861580455633723,0.8200930312353321,0.6861580455633723,1.0,1,0.32207646985096117,71
3732,1,7155,7155,0,0,0,0,0.8232644118941207,0.6606877544750395,0.8232644118941207,0.6606877544750395,1.0,1,0.32426683003352835,72
3733,0,7155,7155,0,0,0,0,0.8120335893131037,0.6394853870235827,0.8120335893131037,0.6394853870235827,1.0,1,0.3302635451939065,73
3734,1,7156,7156,0,0,0,0,0.8031419534218821,0.6394853870235827,0.8031419534218821,0.6394853870235827,1.0,1,0.32153653677214894,74
3735,1,7157,7157,0,0,0,0,0.8366576260004186,0.6581639753010694,0.8366576260004186,0.6581639753010694,1.0,1,0.31075505764439676,72
3736,1,7158,7158,0,0,0,0,0.8491691391012491,0.6581639753010694,0.8491691391012491,0.6581639753010694,1.0,1,0.28653179062564194,72
3737,1,7159,7159,0,0,0,0,0.8631378212235086,0.6767731943567714,0.8631378212235086,0.6767731943567714,1.0,1,0.2689935330646943,73
3738,0,7159,7159,0,0,0,0,0.8580532186352117,0.659327724724508,0.8580532186352117,0.659327724724508,1.0,1,0.2747843465853464,72
3739,0,7159,7159,0,0,0,0,0.8599976950922635,0.659327724724508,0.8599976950922635,0.659327724724508,1.0,1,0.2677569138985067,73
3740,1,7160,7160,0,0,0,0,0.8539975963105034,0.659327724724508,0.8539975963105034,0.659327724724508,1.0,1,0.27239066449274596,70
3741,0,7160,7160,0,0,0,0,0.8539975963105034,0.659327724724508,0.8539975963105034,0.659327724724508,1.0,1,0.27239066449274596,70
3742,1,7161,7161,0,0,0,0,0.8539975963105034,0.659327724724508,0.8539975963105034,0.659327724724508,1.0,1,0.28851011022659506,70
3743,0,7161,7161,0,0,0,0,0.8467848034057326,0.659327724724508,0.8467848034057326,0.659327724724508,1.0,1,0.3133066304286022,69
3744,5,7166,7166,0,0,0,0,0.8547611244637227,0.665950586266562,0.8547611244637227,0.665950586266562,1.0,1,0.3022947867325242,69
3745,4,7170,7170,0,0,0,0,0.8676579331219152,0.6896806707686288,0.8676579331219152,0.6896806707686288,1.0,1,0.27706603766499754,68
3746,1,7171,7171,0,0,0,0,0.8812817104491855,0.7201640317730801,0.8812817104491855,0.7201640317730801,1.0,1,0.28218649665409,66
3747,4,7175,7175,0,0,0,0,0.882047645766829,0.721969450736097,0.882047645766829,0.721969450736097,1.0,1,0.26908309509212447,66
3748,2,7177,7177,0,0,0,0,0.9119443507150867,0.7798608767877169,0.9119443507150867,0.7798608767877169,1.0,1,0.23148768783234744,65
3749,1,7178,7178,0,0,0,0,0.9234487633204667,0.8040288341003945,0.9234487633204667,0.8040288341003945,1.0,1,0.21897367320791694,64
3750,3,7181,7181,0,0,0,0,0.9222336643255534,0.8040288341003945,0.9222336643255534,0.8040288341003945,1.0,1,0.24502253041076855,63
3751,2,7183,7183,0,0,0,0,0.8909643813324805,0.8040288341003945,0.8909643813324805,0.8040288341003945,1.0,1,0.27048449393060814,64
3752,1,7184,7184,0,0,0,0,0.8785135123121397,0.8040288341003945,0.8785135123121397,0.8040288341003945,1.0,1,0.2825268047794862,64
3753,4,7188,7188,0,0,0,0,0.8732238519734096,0.8024474288531115,0.8732238519734096,0.8024474288531115,1.0,1,0.28752287091077416,65
3754,2,7190,7190,0,0,0,0,0.8737979616813084,0.8316299611093642,0.8737979616813084,0.8316299611093642,1.0,1,0.2715750126664325,65
3755,3,7193,7193,0,0,0,0,0.8749095254572303,0.790948982026245,0.8749095254572303,0.790948982026245,1.0,1,0.2783395006159396,65
3756,2,7195,7195,0,0,0,0,0.860240922721826,0.7775166712037377,0.860240922721826,0.7775166712037377,1.0,1,0.29034171411776566,65
3757,2,7197,7197,0,0,0,0,0.8761537964937206,0.7754939708181012,0.8761537964937206,0.7754939708181012,1.0,1,0.2832464732510193,65
3758,3,7200,7200,0,0,0,0,0.8758084461400607,0.7388852959184203,0.8758084461400607,0.7388852959184203,1.0,1,0.30347195161429147,64
3759,1,7201,7201,0,0,0,0,0.8758084461400607,0.7388852959184203,0.8758084461400607,0.7388852959184203,1.0,1,0.2941416530896456,64
3760,2,7203,7203,0,0,0,0,0.8454623133533538,0.6754708580420428,0.8454623133533538,0.6754708580420428,1.0,1,0.34110517852510824,63
3761,2,7205,7205,0,0,0,0,0.8278354642843087,0.6501172338681113,0.8278354642843087,0.6501172338681113,1.0,1,0.34036819154045006,63
3762,2,7207,7207,0,0,0,0,0.8183716031134549,0.6310673188242053,0.8183716031134549,0.6310673188242053,1.0,1,0.35067443081444066,65
3763,1,7208,7208,0,0,0,0,0.818371603113455,0.6310673188242053,0.818371603113455,0.6310673188242053,1.0,1,0.34543820004907977,65
3764,5,7213,7213,0,0,0,0,0.8215541198002307,0.6319553720879757,0.8215541198002307,0.6319553720879757,1.0,1,0.34700570765477545,66
3765,2,7215,7215,0,0,0,0,0.8286307605819464,0.6492103065055524,0.8286307605819464,0.6492103065055524,1.0,1,0.3253438980844752,67
3766,4,7219,7219,0,0,0,0,0.8425794944843389,0.6618420000988732,0.8425794944843389,0.6618420000988732,1.0,1,0.3060863803990162,67
3767,0,7219,7219,0,0,0,0,0.8448945019183928,0.6618420000988732,0.8448945019183928,0.6618420000988732,1.0,1,0.29982460910989683,68
3768,2,7221,7221,0,0,0,0,0.8735343664960756,0.7117584438483059,0.8735343664960756,0.7117584438483059,1.0,1,0.2808350598604726,67
3769,2,7223,7223,0,0,0,0,0.8759382117121298,0.7086489457375872,0.8759382117121298,0.7086489457375872,1.0,1,0.2614147533877433,69
3770,0,7223,7223,0,0,0,0,0.8759382117121298,0.7086489457375872,0.8759382117121298,0.7086489457375872,1.0,1,0.2614147533877433,69
3771,3,7226,7226,0,0,0,0,0.8717889628180971,0.698424010963007,0.8717889628180971,0.698424010963007,1.0,1,0.27631198164625603,69
3772,3,7229,7229,0,0,0,0,0.8761397789357394,0.7406049561808495,0.8761397789357394,0.7406049561808495,1.0,1,0.2476843558124037,70
3773,4,7233,7233,0,0,0,0,0.8989819625736709,0.7455842020373934,0.8989819625736709,0.7455842020373934,1.0,1,0.23105777379482073,68
3774,4,7237,7237,0,0,0,0,0.9100416144631035,0.796565758079907,0.9100416144631035,0.796565758079907,1.0,1,0.22197222381413695,68
3775,1,7238,7238,0,0,0,0,0.9180363607890756,0.8202365468017151,0.9180363607890756,0.8202365468017151,1.0,1,0.20614055419343705,68
3776,3,7241,7241,0,0,0,0,0.9519031553328681,0.8716809347254426,0.9519031553328681,0.8716809347254426,1.0,1,0.19136824696335236,66
3777,3,7244,7244,0,0,0,0,0.9360506264161248,0.8337316286819244,0.9360506264161248,0.8337316286819244,1.0,1,0.20675448631469903,65
3778,4,7248,7248,0,0,0,0,0.9375017685490654,0.853006383615608,0.9375017685490654,0.853006383615608,1.0,1,0.22265827235066676,65
3779,1,7249,7249,0,0,0,0,0.9570082020045566,0.9017422339731092,0.9570082020045566,0.9017422339731092,1.0,1,0.19338975036439154,65
3780,1,7250,7250,0,0,0,0,0.9646886153340861,0.9017422339731092,0.9646886153340861,0.9017422339731092,1.0,1,0.20363483780027425,64
3781,1,7251,7251,0,0,0,0,0.948215404861044,0.8619077462961173,0.948215404861044,0.8619077462961173,1.0,1,0.21168507398638567,64
3782,1,7252,7252,0,0,0,0,0.913706760900932,0.8280139142626411,0.913706760900932,0.8280139142626411,1.0,1,0.234875738520175,67
3783,0,7252,7252,0,0,0,0,0.9267246023557371,0.8280139142626411,0.9267246023557371,0.8280139142626411,1.0,1,0.241529767430326,65
3784,2,7254,7254,0,0,0,0,0.9252842930320726,0.8638941631689332,0.9252842930320726,0.8638941631689332,1.0,1,0.24573842388676306,65
3785,3,7257,7257,0,0,0,0,0.8883708074690994,0.8280139142626411,0.8883708074690994,0.8280139142626411,1.0,1,0.2910256253319731,63
3786,1,7258,7258,0,0,0,0,0.8536266132538995,0.7964892501887175,0.8536266132538995,0.7964892501887175,1.0,1,0.2904983221713349,66
3787,1,7259,7259,0,0,0,0,0.8513747149962673,0.7964892501887175,0.8513747149962673,0.7964892501887175,1.0,1,0.2879004490401297,65
3788,2,7261,7261,0,0,0,0,0.8684936120664091,0.794985710252131,0.8684936120664091,0.794985710252131,1.0,1,0.27934172654134476,65
3789,2,7263,7263,0,0,0,0,0.8843468514082492,0.8280035609510001,0.8843468514082492,0.8280035609510001,1.0,1,0.25265311298701276,65
3790,4,7267,7267,0,0,0,0,0.8666131869512714,0.7934416926868879,0.8666131869512714,0.7934416926868879,1.0,1,0.28255453376641587,64
3791,3,7270,7270,0,0,0,0,0.8650190431220829,0.7419123018406806,0.8650190431220829,0.7419123018406806,1.0,1,0.28850811579114216,64
3792,2,7272,7272,0,0,0,0,0.8490920046196802,0.7155795913524803,0.8490920046196802,0.7155795913524803,1.0,1,0.3025619086793879,65
3793,2,7274,7274,0,0,0,0,0.8281811548965502,0.6943542289403981,0.8281811548965502,0.6943542289403981,1.0,1,0.2982399803564922,68
3794,5,7279,7279,0,0,0,0,0.8316052628563905,0.7181860379086465,0.8316052628563905,0.7181860379086465,1.0,1,0.29030814650464065,68
3795,4,7283,7283,0,0,0,0,0.8642229567976878,0.7158337339372994,0.8642229567976878,0.7158337339372994,1.0,1,0.26846556132019406,69
3796,0,7283,7283,0,0,0,0,0.8642229567976878,0.7158337339372994,0.8642229567976878,0.7158337339372994,1.0,1,0.26846556132019406,69
3797,2,7285,7285,0,0,0,0,0.8857957517623076,0.7761837409172899,0.8857957517623076,0.7761837409172899,1.0,1,0.24954329377740558,70
3798,2,7287,7287,0,0,0,0,0.8860654267058917,0.7398011678828839,0.8860654267058917,0.7398011678828839,1.0,1,0.25160591315716646,70
3799,2,7289,7289,0,0,0,0,0.8863002118580204,0.744448837482562,0.8863002118580204,0.744448837482562,1.0,1,0.2678050173225553,69
3800,3,7292,7292,0,0,0,0,0.8830577537553088,0.7716005891317845,0.8830577537553088,0.7716005891317845,1.0,1,0.2672052601395622,69
3801,5,7297,7297,0,0,0,0,0.9025074253974106,0.8451326040812038,0.9025074253974106,0.8451326040812038,1.0,1,0.26172824490521696,67
3802,1,7298,7298,0,0,0,0,0.9025074253974106,0.8451326040812038,0.9025074253974106,0.8451326040812038,1.0,1,0.25492111297465875,67
3803,5,7303,7303,0,0,0,0,0.896025608755018,0.7760996358720414,0.896025608755018,0.7760996358720414,1.0,1,0.25463752960472896,69
3804,3,7306,7306,0,0,0,0,0.897190697924693,0.7978928851128299,0.897190697924693,0.7978928851128299,1.0,1,0.24959439673011033,70
3805,5,7311,7311,0,0,0,0,0.8811844688022087,0.7321301079972206,0.8811844688022087,0.7321301079972206,1.0,1,0.271447305199161,71
3806,2,7313,7313,0,0,0,0,0.8701888401156931,0.6927802549404737,0.8701888401156931,0.6927802549404737,1.0,1,0.2827423267678647,71
3807,0,7313,7313,0,0,0,0,0.870992699334591,0.6927802549404737,0.870992699334591,0.6927802549404737,1.0,1,0.28239701778574494,72
3808,0,7313,7313,0,0,0,0,0.870992699334591,0.6927802549404737,0.870992699334591,0.6927802549404737,1.0,1,0.28239701778574494,72
3809,0,7313,7313,0,0,0,0,0.870992699334591,0.6927802549404737,0.870992699334591,0.6927802549404737,1.0,1,0.28239701778574494,72
3810,1,7314,7314,0,0,0,0,0.870992699334591,0.6927802549404737,0.870992699334591,0.6927802549404737,1.0,1,0.2753027406079621,72
3811,1,7315,7315,0,0,0,0,0.8869338271901124,0.7231828182930339,0.8869338271901124,0.7231828182930339,1.0,1,0.2597190447835588,71
3812,0,7315,7315,0,0,0,0,0.8815800267433875,0.7231828182930339,0.8815800267433875,0.7231828182930339,1.0,1,0.25956714854619645,72
3813,1,7316,7316,0,0,0,0,0.8757833775874005,0.7060206602901813,0.8757833775874005,0.7060206602901813,1.0,1,0.26264587028067077,71
3814,2,7318,7318,0,0,0,0,0.8696178875293045,0.7060206602901813,0.8696178875293045,0.7060206602901813,1.0,1,0.2801857701801967,72
3815,0,7318,7318,0,0,0,0,0.8757833775874005,0.7060206602901813,0.8757833775874005,0.7060206602901813,1.0,1,0.2753805470668002,71
3816,2,7320,7320,0,0,0,0,0.8596082626006353,0.6875151651433494,0.8596082626006353,0.6875151651433494,1.0,1,0.29941688100033037,69
3817,1,7321,7321,0,0,0,0,0.8617951248612811,0.6790080319358786,0.8617951248612811,0.6790080319358786,1.0,1,0.2957997114682621,72
3818,0,7321,7321,0,0,0,0,0.8617951248612811,0.6790080319358786,0.8617951248612811,0.6790080319358786,1.0,1,0.28519571036575175,72
3819,0,7321,7321,0,0,0,0,0.8617951248612811,0.6790080319358786,0.8617951248612811,0.6790080319358786,1.0,1,0.28519571036575175,72
3820,1,7322,7322,0,0,0,0,0.8753816447273323,0.7009159473455973,0.8753816447273323,0.7009159473455973,1.0,1,0.2650689442361103,72
3821,1,7323,7323,0,0,0,0,0.8637229986245935,0.6834856742248624,0.8637229986245935,0.6834856742248624,1.0,1,0.275674449731276,72
3822,0,7323,7323,0,0,0,0,0.8577979116082715,0.6834856742248624,0.8577979116082715,0.6834856742248624,1.0,1,0.2906070991269437,69
3823,2,7325,7325,0,0,0,0,0.8577979116082716,0.6834856742248624,0.8577979116082716,0.6834856742248624,1.0,1,0.31023968906767935,69
3824,5,7330,7330,0,0,0,0,0.8477800829707223,0.6808292062289338,0.8477800829707223,0.6808292062289338,1.0,1,0.33738953390047144,65
3825,1,7331,7331,0,0,0,0,0.8282402450661156,0.6564804901322313,0.8282402450661156,0.6564804901322313,1.0,1,0.3573749419589578,64
3826,3,7334,7334,0,0,0,0,0.8034417414759523,0.6242268587040264,0.8034417414759523,0.6242268587040264,1.0,1,0.38639941795391525,65
3827,2,7336,7336,0,0,0,0,0.8023486851103746,0.6279504660901171,0.8023486851103746,0.6279504660901171,1.0,1,0.3934128386343057,64
3828,2,7338,7338,0,0,0,0,0.8019397359655458,0.6213553775811905,0.8019397359655458,0.6213553775811905,1.0,1,0.39125360949921933,65
3829,3,7341,7341,0,0,0,0,0.791506547901302,0.6127978746738466,0.791506547901302,0.6127978746738466,1.0,1,0.3977733345585817,65
3830,1,7342,7342,0,0,0,0,0.8072789163023141,0.6372309012749442,0.8072789163023141,0.6372309012749442,1.0,1,0.38961003318790943,64
3831,1,7343,7343,0,0,0,0,0.8212475699022029,0.6587453607223873,0.8212475699022029,0.6587453607223873,1.0,1,0.3835529323924467,63
3832,1,7344,7344,0,0,0,0,0.8209363907167392,0.6527251213900398,0.8209363907167392,0.6527251213900398,1.0,1,0.37829677384924465,64
3833,2,7346,7346,0,0,0,0,0.8175279238955524,0.6461147614944047,0.8175279238955524,0.6461147614944047,1.0,1,0.39077525618299935,64
3834,3,7349,7349,0,0,0,0,0.8485601287649698,0.6922351003933256,0.8485601287649698,0.6922351003933256,1.0,1,0.37051331312327246,63
3835,1,7350,7350,0,0,0,0,0.8337941054260517,0.6727821450575393,0.8337941054260517,0.6727821450575393,1.0,1,0.3841830107066548,63
3836,2,7352,7352,0,0,0,0,0.8374389813450493,0.6799579945230658,0.8374389813450493,0.6799579945230658,1.0,1,0.38793318147527783,63
3837,2,7354,7354,0,0,0,0,0.8406547380918322,0.6912685550529251,0.8406547380918322,0.6912685550529251,1.0,1,0.39245387449100105,62
3838,1,7355,7355,0,0,0,0,0.8521233136865418,0.7066807650792967,0.8521233136865418,0.7066807650792967,1.0,1,0.38708075895154964,62
3839,0,7355,7355,0,0,0,0,0.8484517286243033,0.7066807650792967,0.8484517286243033,0.7066807650792967,1.0,1,0.3912248490787038,60
3840,1,7356,7356,0,0,0,0,0.863996042503839,0.7349759450131712,0.863996042503839,0.7349759450131712,1.0,1,0.3689949971961689,62
3841,0,7356,7356,0,0,0,0,0.863996042503839,0.7349759450131712,0.863996042503839,0.7349759450131712,1.0,1,0.3689949971961689,62
3842,3,7359,7359,0,0,0,0,0.8684606782080514,0.723767424236908,0.8684606782080514,0.723767424236908,1.0,1,0.3214757724562511,63
3843,3,7362,7362,0,0,0,0,0.8698329580943873,0.7223103106013595,0.8698329580943873,0.7223103106013595,1.0,1,0.32063118399010077,64
3844,3,7365,7365,0,0,0,0,0.9037060486347465,0.776460470044947,0.9037060486347465,0.776460470044947,1.0,1,0.27012422864512337,65
3845,4,7369,7369,0,0,0,0,0.9212741798780787,0.8075591063686369,0.9212741798780787,0.8075591063686369,1.0,1,0.23871823311160073,66
3846,3,7372,7372,0,0,0,0,0.9185143449018831,0.7977948558676359,0.9185143449018831,0.7977948558676359,1.0,1,0.20316158210797833,67
3847,5,7377,7377,0,0,0,0,0.9344440329433323,0.8310673156616641,0.9344440329433323,0.8310673156616641,1.0,1,0.17137786262098498,67
3848,2,7379,7379,0,0,0,0,0.9344440329433323,0.8310673156616641,0.9344440329433323,0.8310673156616641,1.0,1,0.18676749675211882,67
3849,3,7382,7382,0,0,0,0,0.9040416569715591,0.7703853934676596,0.9040416569715591,0.7703853934676596,1.0,1,0.22242701743910998,67
3850,3,7385,7385,0,0,0,0,0.9208924448196707,0.8007661573236151,0.9208924448196707,0.8007661573236151,1.0,1,0.20190875915023448,68
3851,1,7386,7386,0,0,0,0,0.9208924448196707,0.8007661573236151,0.9208924448196707,0.8007661573236151,1.0,1,0.21877474984091894,68
3852,2,7388,7388,0,0,0,0,0.8897236071251284,0.7338156034054825,0.8897236071251284,0.7338156034054825,1.0,1,0.25231032726701214,70
3853,1,7389,7389,0,0,0,0,0.9046906106683389,0.7617265266708475,0.9046906106683389,0.7617265266708475,1.0,1,0.24487750825284918,70
3854,3,7392,7392,0,0,0,0,0.8847851834335649,0.7218952703568808,0.8847851834335649,0.7218952703568808,1.0,1,0.25043701610303476,70
3855,3,7395,7395,0,0,0,0,0.8834854711918007,0.7227757762839397,0.8834854711918007,0.7227757762839397,1.0,1,0.2823963427149142,69
3856,1,7396,7396,0,0,0,0,0.900526130224436,0.7513153255610898,0.900526130224436,0.7513153255610898,1.0,1,0.26500170164117187,70
3857,0,7396,7396,0,0,0,0,0.8976004281722135,0.7513153255610898,0.8976004281722135,0.7513153255610898,1.0,1,0.2818641124816463,68
3858,5,7401,7401,0,0,0,0,0.8871898093758582,0.7393695595925003,0.8871898093758582,0.7393695595925003,1.0,1,0.2969640735463902,67
3859,1,7402,7402,0,0,0,0,0.8854805640633714,0.7393695595925003,0.8854805640633714,0.7393695595925003,1.0,1,0.3022001043887924,66
3860,3,7405,7405,0,0,0,0,0.8380699245860319,0.666019219458691,0.8380699245860319,0.666019219458691,1.0,1,0.35788903472645867,66
3861,0,7405,7405,0,0,0,0,0.8380699245860319,0.666019219458691,0.8380699245860319,0.666019219458691,1.0,1,0.35983141179913364,66
3862,3,7408,7408,0,0,0,0,0.7919665147583621,0.6077082849729114,0.7919665147583621,0.6077082849729114,1.0,1,0.40546257308493544,66
3863,0,7408,7408,0,0,0,0,0.7956529831336228,0.62135699815936,0.7956529831336228,0.62135699815936,1.0,1,0.4072055459461228,63
3864,3,7411,7411,0,0,0,0,0.7828601309683851,0.6091482357430932,0.7828601309683851,0.6091482357430932,1.0,1,0.42783888957672545,63
3865,3,7414,7414,0,0,0,0,0.7204529471003444,0.5512534150821319,0.7204529471003444,0.5512534150821319,1.0,1,0.5028410067685541,61
3866,2,7416,7416,0,0,0,0,0.7175601405078535,0.5466096992362912,0.7175601405078535,0.5466096992362912,1.0,1,0.48814371527367956,61
3867,2,7418,7418,0,0,0,0,0.7477449221691274,0.5795748702818789,0.7477449221691274,0.5795748702818789,1.0,1,0.4628843823866116,60
3868,0,7418,7418,0,0,0,0,0.7434694123753838,0.5795748702818789,0.7434694123753838,0.5795748702818789,1.0,1,0.44823540491089864,59
3869,0,7418,7418,0,0,0,0,0.7518802513138957,0.5795748702818789,0.7518802513138957,0.5795748702818789,1.0,1,0.42421903890040435,61
3870,0,7418,7418,0,0,0,0,0.7381122818494005,0.5682391673733358,0.7381122818494005,0.5682391673733358,1.0,1,0.4314348467524432,61
3871,1,7419,7419,0,0,0,0,0.7339499931292667,0.5519157779019228,0.7339499931292667,0.5519157779019228,1.0,1,0.4115553555351039,64
3872,2,7421,7421,0,0,0,0,0.7324752886734558,0.5564721891165189,0.7324752886734558,0.5564721891165189,1.0,1,0.4066661045680351,63
3873,3,7424,7424,0,0,0,0,0.7443287463218435,0.571577899242008,0.7443287463218435,0.571577899242008,1.0,1,0.3889977887966564,62
3874,2,7426,7426,0,0,0,0,0.7630543529452405,0.5853451176541707,0.7630543529452405,0.5853451176541707,1.0,1,0.3615605322587889,63
3875,1,7427,7427,0,0,0,0,0.7552856432057402,0.5853451176541707,0.7552856432057402,0.5853451176541707,1.0,1,0.37873657375660874,61
3876,0,7427,7427,0,0,0,0,0.7592326489604863,0.5853451176541707,0.7592326489604863,0.5853451176541707,1.0,1,0.3763188705864742,62
3877,4,7431,7431,0,0,0,0,0.746942448819998,0.569118223666483,0.746942448819998,0.569118223666483,1.0,1,0.3940672784309759,63
3878,0,7431,7431,0,0,0,0,0.7469424488199979,0.569118223666483,0.7469424488199979,0.569118223666483,1.0,1,0.3940672784309759,63
3879,2,7433,7433,0,0,0,0,0.746942448819998,0.569118223666483,0.746942448819998,0.569118223666483,1.0,1,0.4256675000212563,63
3880,2,7435,7435,0,0,0,0,0.7418088673375972,0.5583572730774689,0.7418088673375972,0.5583572730774689,1.0,1,0.4086832462461532,65
3881,2,7437,7437,0,0,0,0,0.7291126886359887,0.5485211477266476,0.7291126886359887,0.5485211477266476,1.0,1,0.42515561418094505,65
3882,2,7439,7439,0,0,0,0,0.7285500392129702,0.5406231432834882,0.7285500392129702,0.5406231432834882,1.0,1,0.41664222126673156,66
3883,2,7441,7441,0,0,0,0,0.7410101859695662,0.5501755861576678,0.7410101859695662,0.5501755861576678,1.0,1,0.40275029001858564,66
3884,3,7444,7444,0,0,0,0,0.7713163783338092,0.5807466936119834,0.7713163783338092,0.5807466936119834,1.0,1,0.39382081420412723,66
3885,0,7444,7444,0,0,0,0,0.7713163783338092,0.5807466936119834,0.7713163783338092,0.5807466936119834,1.0,1,0.39382081420412723,66
3886,2,7446,7446,0,0,0,0,0.7542482092364619,0.5682738810910817,0.7542482092364619,0.5682738810910817,1.0,1,0.3950488464683385,65
3887,0,7446,7446,0,0,0,0,0.7542482092364619,0.5682738810910817,0.7542482092364619,0.5682738810910817,1.0,1,0.3898572592961536,65
3888,3,7449,7449,0,0,0,0,0.7542220585779713,0.5615852936796244,0.7542220585779713,0.5615852936796244,1.0,1,0.39236172558450305,66
3889,1,7450,7450,0,0,0,0,0.7465414979085329,0.5615852936796244,0.7465414979085329,0.5615852936796244,1.0,1,0.4061823928399174,64
3890,2,7452,7452,0,0,0,0,0.7571856276823902,0.5750748484441827,0.7571856276823902,0.5750748484441827,1.0,1,0.40706550893041615,63
3891,2,7454,7454,0,0,0,0,0.7675766004530105,0.5738904341638527,0.7675766004530105,0.5738904341638527,1.0,1,0.3590251676122626,66
3892,6,7460,7460,0,0,0,0,0.744001318028181,0.5486339028391612,0.744001318028181,0.5486339028391612,1.0,1,0.3458831339163565,67
3893,0,7460,7460,0,0,0,0,0.7401225501195171,0.5486339028391612,0.7401225501195171,0.5486339028391612,1.0,1,0.3530384960392957,66
3894,3,7463,7463,0,0,0,0,0.7114517251622973,0.5166816396468479,0.7114517251622973,0.5166816396468479,1.0,1,0.3888866540368566,67
3895,2,7465,7465,0,0,0,0,0.7070930620633377,0.516703552404507,0.7070930620633377,0.516703552404507,1.0,1,0.41797244374587306,66
3896,4,7469,7469,0,0,0,0,0.6789419551439336,0.4954802152261814,0.6789419551439336,0.4954802152261814,1.0,1,0.44218325251994767,66
3897,2,7471,7471,0,0,0,0,0.7039211324985529,0.5188718403101484,0.7039211324985529,0.5188718403101484,1.0,1,0.43539713681507863,65
3898,1,7472,7472,0,0,0,0,0.7192511491989324,0.5320852486648874,0.7192511491989324,0.5320852486648874,1.0,1,0.4158808125028574,65
3899,2,7474,7474,0,0,0,0,0.733606512802839,0.5513372847205708,0.733606512802839,0.5513372847205708,1.0,1,0.39738412331053496,64
3900,3,7477,7477,0,0,0,0,0.6955760494955721,0.5205322779555259,0.6955760494955721,0.5205322779555259,1.0,1,0.4216664720468362,63
3901,3,7480,7480,0,0,0,0,0.7456941881244101,0.5669928068064282,0.7456941881244101,0.5669928068064282,1.0,1,0.3593245345358618,63
3902,0,7480,7480,0,0,0,0,0.7496677164349662,0.5669928068064282,0.7496677164349662,0.5669928068064282,1.0,1,0.3633760020132881,64
3903,4,7484,7484,0,0,0,0,0.7624130146396462,0.5776231371371489,0.7624130146396462,0.5776231371371489,1.0,1,0.3580827035044587,64
3904,0,7484,7484,0,0,0,0,0.7586417926497994,0.5776231371371489,0.7586417926497994,0.5776231371371489,1.0,1,0.3596014969131645,63
3905,2,7486,7486,0,0,0,0,0.797196219255673,0.6242165239149234,0.797196219255673,0.6242165239149234,1.0,1,0.3159392665916139,63
3906,0,7486,7486,0,0,0,0,0.800365028329803,0.6242165239149234,0.800365028329803,0.6242165239149234,1.0,1,0.30823486385810933,64
3907,4,7490,7490,0,0,0,0,0.8279105581500481,0.6558211163000962,0.8279105581500481,0.6558211163000962,1.0,1,0.2932053852668308,64
3908,2,7492,7492,0,0,0,0,0.7960470333785734,0.6220871500838273,0.7960470333785734,0.6220871500838273,1.0,1,0.3141080042234584,63
3909,1,7493,7493,0,0,0,0,0.7927574694008086,0.6220871500838273,0.7927574694008086,0.6220871500838273,1.0,1,0.35030394538473836,62
3910,3,7496,7496,0,0,0,0,0.8071066795670455,0.6375943676714189,0.8071066795670455,0.6375943676714189,1.0,1,0.3531223363936716,62
3911,3,7499,7499,0,0,0,0,0.7857972940004935,0.6083150518866167,0.7857972940004935,0.6083150518866167,1.0,1,0.3736114782204313,64
3912,2,7501,7501,0,0,0,0,0.7563287433964077,0.5785145831721646,0.7563287433964077,0.5785145831721646,1.0,1,0.3876384314193433,64
3913,1,7502,7502,0,0,0,0,0.7748506752933514,0.5934803859463289,0.7748506752933514,0.5934803859463289,1.0,1,0.36394126848883507,65
3914,2,7504,7504,0,0,0,0,0.7929033321891603,0.6153919026370119,0.7929033321891603,0.6153919026370119,1.0,1,0.3529226584867344,65
3915,2,7506,7506,0,0,0,0,0.7791275134994445,0.5950671080823149,0.7791275134994445,0.5950671080823149,1.0,1,0.3425615438449997,66
3916,0,7506,7506,0,0,0,0,0.7791275134994445,0.5950671080823149,0.7791275134994445,0.5950671080823149,1.0,1,0.3425615438449997,66
3917,3,7509,7509,0,0,0,0,0.7934833780103424,0.6105686556766456,0.7934833780103424,0.6105686556766456,1.0,1,0.3338681816385749,66
3918,1,7510,7510,0,0,0,0,0.8087879945727223,0.6231998716580116,0.8087879945727223,0.6231998716580116,1.0,1,0.3219670128050635,67
3919,0,7510,7510,0,0,0,0,0.8115999358290058,0.6231998716580116,0.8115999358290058,0.6231998716580116,1.0,1,0.3147618251634825,68
3920,1,7511,7511,0,0,0,0,0.8143303715416289,0.6231998716580116,0.8143303715416289,0.6231998716580116,1.0,1,0.3156321079474125,69
3921,2,7513,7513,0,0,0,0,0.8244941891261657,0.6383516624417959,0.8244941891261657,0.6383516624417959,1.0,1,0.3080081967783083,68
3922,0,7513,7513,0,0,0,0,0.8244941891261657,0.6383516624417959,0.8244941891261657,0.6383516624417959,1.0,1,0.3080081967783083,68
3923,1,7514,7514,0,0,0,0,0.8390521313129714,0.6529561581435944,0.8390521313129714,0.6529561581435944,1.0,1,0.29637756504082535,69
3924,1,7515,7515,0,0,0,0,0.855585582471708,0.6785614577596083,0.855585582471708,0.6785614577596083,1.0,1,0.2829190953000207,69
3925,2,7517,7517,0,0,0,0,0.866353157461971,0.7015220516650685,0.866353157461971,0.7015220516650685,1.0,1,0.2818353603864415,67
3926,4,7521,7521,0,0,0,0,0.8227308843147949,0.6400899772451895,0.8227308843147949,0.6400899772451895,1.0,1,0.3115553938392608,67
3927,5,7526,7526,0,0,0,0,0.7901102224015667,0.6102046987457667,0.7901102224015667,0.6102046987457667,1.0,1,0.3441282973363812,65
3928,4,7530,7530,0,0,0,0,0.7855987074446596,0.6018261709686537,0.7855987074446596,0.6018261709686537,1.0,1,0.35072649483205487,65
3929,3,7533,7533,0,0,0,0,0.7964493364685932,0.6168458098232343,0.7964493364685932,0.6168458098232343,1.0,1,0.3397222601076671,64
3930,1,7534,7534,0,0,0,0,0.77787948724533,0.5938367766771746,0.77787948724533,0.5938367766771746,1.0,1,0.3393625791236946,64
3931,2,7536,7536,0,0,0,0,0.7704626589385879,0.59339099583407,0.7704626589385879,0.59339099583407,1.0,1,0.35616983527726004,62
3932,3,7539,7539,0,0,0,0,0.7704626589385879,0.59339099583407,0.7704626589385879,0.59339099583407,1.0,1,0.3705096070314206,62
3933,0,7539,7539,0,0,0,0,0.7704626589385879,0.59339099583407,0.7704626589385879,0.59339099583407,1.0,1,0.3705096070314206,62
3934,1,7540,7540,0,0,0,0,0.7848067614721446,0.6139180132294358,0.7848067614721446,0.6139180132294358,1.0,1,0.367482550645959,61
3935,0,7540,7540,0,0,0,0,0.77623435959286,0.5908285432555155,0.77623435959286,0.5908285432555155,1.0,1,0.36395366964227066,64
3936,1,7541,7541,0,0,0,0,0.752891098736182,0.5658897680500494,0.752891098736182,0.5658897680500494,1.0,1,0.38066913931260915,65
3937,2,7543,7543,0,0,0,0,0.7581695010935375,0.5686266776263103,0.7581695010935375,0.5686266776263103,1.0,1,0.385509450834057,66
3938,2,7545,7545,0,0,0,0,0.7450532950019064,0.5571978281612059,0.7450532950019064,0.5571978281612059,1.0,1,0.4051390107800666,66
3939,0,7545,7545,0,0,0,0,0.7488584697033704,0.5571978281612059,0.7488584697033704,0.5571978281612059,1.0,1,0.39374087425700655,67
3940,2,7547,7547,0,0,0,0,0.7561379343496496,0.5571978281612059,0.7561379343496496,0.5571978281612059,1.0,1,0.3765949726054598,69
3941,0,7547,7547,0,0,0,0,0.7561379343496496,0.5571978281612059,0.7561379343496496,0.5571978281612059,1.0,1,0.3765949726054598,69
3942,3,7550,7550,0,0,0,0,0.7410748711352717,0.5419016950854807,0.7410748711352717,0.5419016950854807,1.0,1,0.3845648390875736,69
3943,1,7551,7551,0,0,0,0,0.737267148651967,0.5419016950854807,0.737267148651967,0.5419016950854807,1.0,1,0.37008114382430396,68
3944,3,7554,7554,0,0,0,0,0.7376580192128771,0.5425832129865549,0.7376580192128771,0.5425832129865549,1.0,1,0.3788530881978584,68
3945,4,7558,7558,0,0,0,0,0.7665174615592621,0.5772072952559613,0.7665174615592621,0.5772072952559613,1.0,1,0.365258083472068,67
3946,3,7561,7561,0,0,0,0,0.7463992305952457,0.5528618013126703,0.7463992305952457,0.5528618013126703,1.0,1,0.3772650931854432,67
3947,2,7563,7563,0,0,0,0,0.7733199270330314,0.5844198662272245,0.7733199270330314,0.5844198662272245,1.0,1,0.36462084496224184,66
3948,2,7565,7565,0,0,0,0,0.7913963306495557,0.6006729758148638,0.7913963306495557,0.6006729758148638,1.0,1,0.3472897883798688,67
3949,1,7566,7566,0,0,0,0,0.8056414398319998,0.6227157361444702,0.8056414398319998,0.6227157361444702,1.0,1,0.35192131602742227,66
3950,1,7567,7567,0,0,0,0,0.8026513081371075,0.6227157361444702,0.8026513081371075,0.6227157361444702,1.0,1,0.3558016230954113,65
3951,1,7568,7568,0,0,0,0,0.8170201016326708,0.6395850486704123,0.8170201016326708,0.6395850486704123,1.0,1,0.3355422526661424,65
3952,3,7571,7571,0,0,0,0,0.8131804820843472,0.63202216168129,0.8131804820843472,0.63202216168129,1.0,1,0.3459008490822966,65
3953,1,7572,7572,0,0,0,0,0.8276392489182834,0.6498922243652632,0.8276392489182834,0.6498922243652632,1.0,1,0.34280202650324343,65
3954,3,7575,7575,0,0,0,0,0.8245732551227003,0.6491465102454006,0.8245732551227003,0.6491465102454006,1.0,1,0.35625828132664467,64
3955,2,7577,7577,0,0,0,0,0.8597257866891181,0.7007483449367854,0.8597257866891181,0.7007483449367854,1.0,1,0.3120043771180789,64
3956,1,7578,7578,0,0,0,0,0.8890877344878402,0.7504474025976404,0.8890877344878402,0.7504474025976404,1.0,1,0.28256257738910917,63
3957,2,7580,7580,0,0,0,0,0.8890877344878402,0.7504474025976404,0.8890877344878402,0.7504474025976404,1.0,1,0.2933974182417802,63
3958,2,7582,7582,0,0,0,0,0.8589902135852313,0.7038794485289858,0.8589902135852313,0.7038794485289858,1.0,1,0.3413709756734581,63
3959,3,7585,7585,0,0,0,0,0.8553316598985494,0.7010187637903355,0.8553316598985494,0.7010187637903355,1.0,1,0.3291516394300244,62
3960,4,7589,7589,0,0,0,0,0.8213615564630107,0.6538880156470833,0.8213615564630107,0.6538880156470833,1.0,1,0.3804646164134791,62
3961,2,7591,7591,0,0,0,0,0.825412523240082,0.6508250464801639,0.825412523240082,0.6508250464801639,1.0,1,0.36324533155851263,64
3962,2,7593,7593,0,0,0,0,0.8287297330968127,0.6574594661936255,0.8287297330968127,0.6574594661936255,1.0,1,0.36071047038329446,64
3963,4,7597,7597,0,0,0,0,0.8088212845430048,0.6408157467171607,0.8088212845430048,0.6408157467171607,1.0,1,0.3545724867784578,62
3964,2,7599,7599,0,0,0,0,0.8091037689263528,0.6355617406775825,0.8091037689263528,0.6355617406775825,1.0,1,0.33534190654479645,63
3965,5,7604,7604,0,0,0,0,0.8100216551695961,0.637314068960138,0.8100216551695961,0.637314068960138,1.0,1,0.3258299078453806,63
3966,1,7605,7605,0,0,0,0,0.7926812612026055,0.6219481821929864,0.7926812612026055,0.6219481821929864,1.0,1,0.3482515101976609,62
3967,4,7609,7609,0,0,0,0,0.8126379976005063,0.6366312680737091,0.8126379976005063,0.6366312680737091,1.0,1,0.33593044432819325,64
3968,0,7609,7609,0,0,0,0,0.809663997562419,0.6366312680737091,0.809663997562419,0.6366312680737091,1.0,1,0.34337754362592116,63
3969,4,7613,7613,0,0,0,0,0.7637866309707879,0.5866266041988789,0.7637866309707879,0.5866266041988789,1.0,1,0.386170994492579,63
3970,1,7614,7614,0,0,0,0,0.7710547346332253,0.5866266041988789,0.7710547346332253,0.5866266041988789,1.0,1,0.37826556792848215,65
3971,2,7616,7616,0,0,0,0,0.7710547346332253,0.5866266041988789,0.7710547346332253,0.5866266041988789,1.0,1,0.37204778072027783,65
3972,1,7617,7617,0,0,0,0,0.7745236022902976,0.5866266041988789,0.7745236022902976,0.5866266041988789,1.0,1,0.377739537436356,66
3973,3,7620,7620,0,0,0,0,0.7780370367717692,0.5930679007482437,0.7780370367717692,0.5930679007482437,1.0,1,0.3693704305055137,66
3974,3,7623,7623,0,0,0,0,0.7978317676195062,0.6187684760824974,0.7978317676195062,0.6187684760824974,1.0,1,0.35714228983343743,66
3975,2,7625,7625,0,0,0,0,0.7828071515102284,0.6018131111020856,0.7828071515102284,0.6018131111020856,1.0,1,0.3550495941776156,66
3976,3,7628,7628,0,0,0,0,0.7949550818551732,0.6133438686411836,0.7949550818551732,0.6133438686411836,1.0,1,0.3483288752431441,66
3977,2,7630,7630,0,0,0,0,0.8215230259126689,0.653862838133661,0.8215230259126689,0.653862838133661,1.0,1,0.34653329436787045,64
3978,2,7632,7632,0,0,0,0,0.853426159354039,0.7021241303001439,0.853426159354039,0.7021241303001439,1.0,1,0.34110914350338695,63
3979,1,7633,7633,0,0,0,0,0.8337605756582935,0.6727161333272652,0.8337605756582935,0.6727161333272652,1.0,1,0.3470808872290353,63
3980,3,7636,7636,0,0,0,0,0.845134502876324,0.6852733445551099,0.845134502876324,0.6852733445551099,1.0,1,0.34430898879487937,63
3981,1,7637,7637,0,0,0,0,0.8475542762688815,0.6852733445551099,0.8475542762688815,0.6852733445551099,1.0,1,0.33718102960737506,64
3982,1,7638,7638,0,0,0,0,0.8660459388252241,0.7097662007879856,0.8660459388252241,0.7097662007879856,1.0,1,0.31138995299065747,65
3983,0,7638,7638,0,0,0,0,0.8639529066193682,0.7097662007879856,0.8639529066193682,0.7097662007879856,1.0,1,0.3125926433752198,64
3984,1,7639,7639,0,0,0,0,0.8660459388252241,0.7097662007879856,0.8660459388252241,0.7097662007879856,1.0,1,0.2911373075853045,65
3985,1,7640,7640,0,0,0,0,0.8639529066193682,0.7097662007879856,0.8639529066193682,0.7097662007879856,1.0,1,0.293221918159896,64
3986,2,7642,7642,0,0,0,0,0.8617934289466598,0.7097662007879856,0.8617934289466598,0.7097662007879856,1.0,1,0.2864997309843409,63
3987,1,7643,7643,0,0,0,0,0.8456243243975952,0.6862687882918869,0.8456243243975952,0.6862687882918869,1.0,1,0.3037215382761881,63
3988,2,7645,7645,0,0,0,0,0.8277946450927617,0.6609707075263747,0.8277946450927617,0.6609707075263747,1.0,1,0.3216885027635943,63
3989,3,7648,7648,0,0,0,0,0.800918243779777,0.6311132164154692,0.800918243779777,0.6311132164154692,1.0,1,0.32326933869384156,63
3990,1,7649,7649,0,0,0,0,0.8118108499967204,0.6464325060544442,0.8118108499967204,0.6464325060544442,1.0,1,0.32951314262873777,62
3991,2,7651,7651,0,0,0,0,0.8254791294560845,0.6618658133211637,0.8254791294560845,0.6618658133211637,1.0,1,0.316557639315509,62
3992,0,7651,7651,0,0,0,0,0.8335339388658036,0.6618658133211637,0.8335339388658036,0.6618658133211637,1.0,1,0.2933072496035524,65
3993,1,7652,7652,0,0,0,0,0.8335339388658036,0.6618658133211637,0.8335339388658036,0.6618658133211637,1.0,1,0.2992637684336596,65
3994,4,7656,7656,0,0,0,0,0.8130434570605193,0.6374176136931282,0.8130434570605193,0.6374176136931282,1.0,1,0.30875553929569716,64
3995,1,7657,7657,0,0,0,0,0.7979210663468403,0.6196161248881701,0.7979210663468403,0.6196161248881701,1.0,1,0.3163208510476445,64
3996,4,7661,7661,0,0,0,0,0.7899307280408359,0.5978673936781717,0.7899307280408359,0.5978673936781717,1.0,1,0.3021292553382219,67
3997,2,7663,7663,0,0,0,0,0.7667333848352819,0.5649892852333637,0.7667333848352819,0.5649892852333637,1.0,1,0.31094482620682007,69
3998,4,7667,7667,0,0,0,0,0.7686288980822532,0.568524161288526,0.7686288980822532,0.568524161288526,1.0,1,0.3126400930943516,69
3999,2,7669,7669,0,0,0,0,0.7568349019360269,0.5584633745680486,0.7568349019360269,0.5584633745680486,1.0,1,0.31744157512010085,69
4000,2,7671,7671,0,0,0,0,0.7715251014389429,0.5739251891699205,0.7715251014389429,0.5739251891699205,1.0,1,0.3006391588972859,69
4001,1,7672,7672,0,0,0,0,0.7517230382985132,0.5557149106394446,0.7517230382985132,0.5557149106394446,1.0,1,0.34216762882790963,68
4002,4,7676,7676,0,0,0,0,0.7411102798706414,0.548602539261631,0.7411102798706414,0.548602539261631,1.0,1,0.34829727176988445,68
4003,4,7680,7680,0,0,0,0,0.7166510327982818,0.530055371470321,0.7166510327982818,0.530055371470321,1.0,1,0.37363641921817176,68
4004,3,7683,7683,0,0,0,0,0.7437455992162351,0.5597680807048141,0.7437455992162351,0.5597680807048141,1.0,1,0.374159343527799,67
4005,4,7687,7687,0,0,0,0,0.7263394117417313,0.5416185146674,0.7263394117417313,0.5416185146674,1.0,1,0.40257070245820104,67
4006,2,7689,7689,0,0,0,0,0.758284545451344,0.5738174880326329,0.758284545451344,0.5738174880326329,1.0,1,0.385798425911,67
4007,6,7695,7695,0,0,0,0,0.7848195589356197,0.5995252902412922,0.7848195589356197,0.5995252902412922,1.0,1,0.35346161216639066,67
4008,1,7696,7696,0,0,0,0,0.7858515059212491,0.6014458582423244,0.7858515059212491,0.6014458582423244,1.0,1,0.3616594881033007,67
4009,2,7698,7698,0,0,0,0,0.7907768586652942,0.6106124869604087,0.7907768586652942,0.6106124869604087,1.0,1,0.3535523585060692,67
4010,2,7700,7700,0,0,0,0,0.8012674745009153,0.6252472376302974,0.8012674745009153,0.6252472376302974,1.0,1,0.34341898741823584,66
4011,1,7701,7701,0,0,0,0,0.8165106308885342,0.6438147540777427,0.8165106308885342,0.6438147540777427,1.0,1,0.33579819968243807,66
4012,1,7702,7702,0,0,0,0,0.8285873224189214,0.6571746448378429,0.8285873224189214,0.6571746448378429,1.0,1,0.33574031826050077,66
4013,1,7703,7703,0,0,0,0,0.8406898533246797,0.6714228224821519,0.8406898533246797,0.6714228224821519,1.0,1,0.33210269234935,66
4014,0,7703,7703,0,0,0,0,0.8406898533246797,0.6714228224821519,0.8406898533246797,0.6714228224821519,1.0,1,0.33210269234935,66
4015,1,7704,7704,0,0,0,0,0.8534062573813724,0.6973548539486398,0.8534062573813724,0.6973548539486398,1.0,1,0.35419399087245823,64
4016,0,7704,7704,0,0,0,0,0.8534062573813724,0.6973548539486398,0.8534062573813724,0.6973548539486398,1.0,1,0.36804548283653926,64
4017,1,7705,7705,0,0,0,0,0.8660898912261805,0.7267745610637716,0.8660898912261805,0.7267745610637716,1.0,1,0.34647246315591146,66
4018,0,7705,7705,0,0,0,0,0.8573957050901193,0.7267745610637716,0.8573957050901193,0.7267745610637716,1.0,1,0.3419638934368528,67
4019,1,7706,7706,0,0,0,0,0.8573957050901193,0.7267745610637716,0.8573957050901193,0.7267745610637716,1.0,1,0.350119051997602,67
4020,1,7707,7707,0,0,0,0,0.8427090901762891,0.7089201465325883,0.8427090901762891,0.7089201465325883,1.0,1,0.38438311209395276,66
4021,0,7707,7707,0,0,0,0,0.8427090901762891,0.7089201465325883,0.8427090901762891,0.7089201465325883,1.0,1,0.38438311209395276,66
4022,1,7708,7708,0,0,0,0,0.82674483733487,0.6850901204680182,0.82674483733487,0.6850901204680182,1.0,1,0.40102714554100627,66
4023,1,7709,7709,0,0,0,0,0.8444515840994855,0.6850901204680182,0.8444515840994855,0.6850901204680182,1.0,1,0.40258707233787855,66
4024,3,7712,7712,0,0,0,0,0.8675723306283092,0.7180572200473679,0.8675723306283092,0.7180572200473679,1.0,1,0.370398771798926,66
4025,2,7714,7714,0,0,0,0,0.8540603893918778,0.698999553120748,0.8540603893918778,0.698999553120748,1.0,1,0.35468520288793326,66
4026,2,7716,7716,0,0,0,0,0.8858405960220802,0.7491762314026675,0.8858405960220802,0.7491762314026675,1.0,1,0.33783300436303293,66
4027,0,7716,7716,0,0,0,0,0.8824263584700004,0.7491762314026675,0.8824263584700004,0.7491762314026675,1.0,1,0.3404284860696992,64
4028,5,7721,7721,0,0,0,0,0.8556376534522827,0.7157866302341814,0.8556376534522827,0.7157866302341814,1.0,1,0.3640048941623548,63
4029,0,7721,7721,0,0,0,0,0.8533092285079646,0.7157866302341814,0.8533092285079646,0.7157866302341814,1.0,1,0.356529933796278,62
4030,4,7725,7725,0,0,0,0,0.7879277439025018,0.6288735518293781,0.7879277439025018,0.6288735518293781,1.0,1,0.4093649318826048,63
4031,0,7725,7725,0,0,0,0,0.7845072236428647,0.6288735518293781,0.7845072236428647,0.6288735518293781,1.0,1,0.4121871806664996,62
4032,2,7727,7727,0,0,0,0,0.7706360324644149,0.6156603787241547,0.7706360324644149,0.6156603787241547,1.0,1,0.423764242474377,62
4033,1,7728,7728,0,0,0,0,0.7488736222775298,0.5968760778665612,0.7488736222775298,0.5968760778665612,1.0,1,0.4588253583709267,61
4034,3,7731,7731,0,0,0,0,0.7618337139142327,0.6137844009419989,0.7618337139142327,0.6137844009419989,1.0,1,0.44771322118766327,60
4035,2,7733,7733,0,0,0,0,0.7968282913079471,0.6575105482048249,0.7968282913079471,0.6575105482048249,1.0,1,0.4373687548306089,59
4036,1,7734,7734,0,0,0,0,0.8074650566455124,0.6715580378070507,0.8074650566455124,0.6715580378070507,1.0,1,0.4236554156379733,58
4037,2,7736,7736,0,0,0,0,0.8455771833441079,0.7152829317906991,0.8455771833441079,0.7152829317906991,1.0,1,0.39442244100117696,59
4038,1,7737,7737,0,0,0,0,0.8429147209879718,0.7152829317906991,0.8429147209879718,0.7152829317906991,1.0,1,0.3890709044079791,58
4039,3,7740,7740,0,0,0,0,0.8383106757403453,0.7170436825456042,0.8383106757403453,0.7170436825456042,1.0,1,0.43295006389836377,56
4040,1,7741,7741,0,0,0,0,0.8553295677641696,0.743326652484817,0.8553295677641696,0.743326652484817,1.0,1,0.4365771928035575,55
4041,1,7742,7742,0,0,0,0,0.8683223487487673,0.7629802277477813,0.8683223487487673,0.7629802277477813,1.0,1,0.43902315632098443,54
4042,2,7744,7744,0,0,0,0,0.8926104801234477,0.792627134031485,0.8926104801234477,0.792627134031485,1.0,1,0.41339361233699806,56
4043,1,7745,7745,0,0,0,0,0.9092079730249204,0.8184159460498407,0.9092079730249204,0.8184159460498407,1.0,1,0.40546378740398636,56
4044,1,7746,7746,0,0,0,0,0.9302014235112113,0.8807754695349311,0.9302014235112113,0.8807754695349311,1.0,1,0.38717278782227427,56
4045,2,7748,7748,0,0,0,0,0.9354166550064548,0.869404725779622,0.9354166550064548,0.869404725779622,1.0,1,0.37932463258832655,57
4046,0,7748,7748,0,0,0,0,0.8976808685384708,0.8241076216119854,0.8976808685384708,0.8241076216119854,1.0,1,0.3858101119090854,59
4047,1,7749,7749,0,0,0,0,0.901574279837296,0.7838483744636452,0.901574279837296,0.7838483744636452,1.0,1,0.39744214308001774,59
4048,1,7750,7750,0,0,0,0,0.8907608268994673,0.7612921772988359,0.8907608268994673,0.7612921772988359,1.0,1,0.4044970023292536,59
4049,0,7750,7750,0,0,0,0,0.8925814797844762,0.7612921772988359,0.8925814797844762,0.7612921772988359,1.0,1,0.38976306763590673,60
4050,1,7751,7751,0,0,0,0,0.9068557423390782,0.7850517130901805,0.9068557423390782,0.7850517130901805,1.0,1,0.3680046665787644,60
4051,1,7752,7752,0,0,0,0,0.9010450627284142,0.7850517130901805,0.9010450627284142,0.7850517130901805,1.0,1,0.37615599052120413,60
4052,1,7753,7753,0,0,0,0,0.8862196077253179,0.7850517130901805,0.8862196077253179,0.7850517130901805,1.0,1,0.3829731110663038,60
4053,1,7754,7754,0,0,0,0,0.903906574992032,0.7850517130901805,0.903906574992032,0.7850517130901805,1.0,1,0.37482178712386416,60
4054,0,7754,7754,0,0,0,0,0.905481877041343,0.7850517130901805,0.905481877041343,0.7850517130901805,1.0,1,0.36369727003047564,61
4055,0,7754,7754,0,0,0,0,0.9054818770413429,0.7850517130901805,0.9054818770413429,0.7850517130901805,1.0,1,0.36369727003047564,61
4056,0,7754,7754,0,0,0,0,0.8895609941601077,0.7529530251388687,0.8895609941601077,0.7529530251388687,1.0,1,0.3710716191370989,62
4057,0,7754,7754,0,0,0,0,0.8777851373355977,0.7529530251388687,0.8777851373355977,0.7529530251388687,1.0,1,0.36957885825666154,63
4058,0,7754,7754,0,0,0,0,0.8446574822267022,0.7264175347809899,0.8446574822267022,0.7264175347809899,1.0,1,0.3840563929202109,64
4059,0,7754,7754,0,0,0,0,0.8421917279763326,0.7264175347809899,0.8421917279763326,0.7264175347809899,1.0,1,0.40211046370580217,63
4060,0,7754,7754,0,0,0,0,0.8421917279763325,0.7264175347809899,0.8421917279763325,0.7264175347809899,1.0,1,0.40211046370580217,63
4061,0,7754,7754,0,0,0,0,0.8421917279763325,0.7264175347809899,0.8421917279763325,0.7264175347809899,1.0,1,0.4075951001826882,63
4062,3,7757,7757,0,0,0,0,0.7849979334287245,0.7080518525951953,0.7849979334287245,0.7080518525951953,1.0,1,0.41991175885198884,65
4063,1,7758,7758,0,0,0,0,0.8250981956399545,0.7813431758981021,0.8250981956399545,0.7813431758981021,1.0,1,0.3738385455277452,64
4064,5,7763,7763,0,0,0,0,0.7799166995416678,0.7434369339821968,0.7799166995416678,0.7434369339821968,1.0,1,0.4043134252416762,65
4065,5,7768,7768,0,0,0,0,0.8246279733059693,0.7459378307079849,0.8246279733059693,0.7459378307079849,1.0,1,0.37724236994990584,64
4066,7,7775,7775,0,0,0,0,0.8023789708742606,0.7093792686349429,0.8023789708742606,0.7093792686349429,1.0,1,0.4130720670499078,64
4067,5,7780,7780,0,0,0,0,0.8274552828714675,0.6705964491182562,0.8274552828714675,0.6705964491182562,1.0,1,0.4097598018655278,63
4068,3,7783,7783,0,0,0,0,0.8343666757901657,0.6787717348657758,0.8343666757901657,0.6787717348657758,1.0,1,0.3967016334527526,64
4069,7,7790,7790,0,0,0,0,0.8062369156594708,0.6466673167907995,0.8062369156594708,0.6466673167907995,1.0,1,0.40093354053969743,62
4070,6,7796,7796,0,0,0,0,0.8519077800652849,0.7085927285155607,0.8519077800652849,0.7085927285155607,1.0,1,0.36657857517735304,61
4071,5,7801,7801,0,0,0,0,0.8333573385277151,0.682337426568457,0.8333573385277151,0.682337426568457,1.0,1,0.3291448187685672,61
4072,5,7806,7806,0,0,0,0,0.8870663718095707,0.7663442175370428,0.8870663718095707,0.7663442175370428,1.0,1,0.2914258672256123,60
4073,3,7809,7809,0,0,0,0,0.925120837742639,0.8336018616503088,0.925120837742639,0.8336018616503088,1.0,1,0.2774623788260795,60
4074,1,7810,7810,0,0,0,0,0.9032410325268774,0.7926593554147374,0.9032410325268774,0.7926593554147374,1.0,1,0.28839706303966167,60
4075,3,7813,7813,0,0,0,0,0.9425423675007425,0.8696153724055313,0.9425423675007425,0.8696153724055313,1.0,1,0.2585909120733459,59
4076,1,7814,7814,0,0,0,0,0.9636841495586255,0.912841958940701,0.9636841495586255,0.912841958940701,1.0,1,0.24844065789062914,60
4077,0,7814,7814,0,0,0,0,0.9642794913691397,0.912841958940701,0.9642794913691397,0.912841958940701,1.0,1,0.2383722949582604,61
4078,1,7815,7815,0,0,0,0,0.9636841495586255,0.912841958940701,0.9636841495586255,0.912841958940701,1.0,1,0.23332597016272894,60
4079,0,7815,7815,0,0,0,0,0.9624318788537505,0.912841958940701,0.9624318788537505,0.912841958940701,1.0,1,0.2504890400138951,58
4080,1,7816,7816,0,0,0,0,0.9610901602413844,0.912841958940701,0.9610901602413844,0.912841958940701,1.0,1,0.2637142316065494,56
4081,1,7817,7817,0,0,0,0,0.9610901602413844,0.912841958940701,0.9610901602413844,0.912841958940701,1.0,1,0.24750915765708437,56
4082,2,7819,7819,0,0,0,0,0.9611141596609988,0.9144511512541974,0.9611141596609988,0.9144511512541974,1.0,1,0.26128782249434246,55
4083,3,7822,7822,0,0,0,0,0.9608040164609928,0.913768836214184,0.9608040164609928,0.913768836214184,1.0,1,0.27896881748154845,55
4084,1,7823,7823,0,0,0,0,0.9769986008716139,0.9472884603307818,0.9769986008716139,0.9472884603307818,1.0,1,0.2637382560300352,55
4085,5,7828,7828,0,0,0,0,0.9779117036210149,0.948460641782368,0.9779117036210149,0.948460641782368,1.0,1,0.25968449650487074,56
4086,0,7828,7828,0,0,0,0,0.9782992175925761,0.948460641782368,0.9782992175925761,0.948460641782368,1.0,1,0.24299121459076012,57
4087,2,7830,7830,0,0,0,0,1.0,1.0,1.0,1.0,1.0,1,0.2394561435222617,57
4088,1,7831,7831,0,0,0,0,1.0,1.0,1.0,1.0,1.0,1,0.23054694917875915,57
4089,0,7831,7831,0,0,0,0,1.0,1.0,1.0,1.0,1.0,1,0.2523954414436804,56
4090,0,7831,7831,0,0,0,0,1.0,1.0,1.0,1.0,1.0,1,0.2523954414436804,56
4091,4,7835,7835,0,0,0,0,0.9641182382303211,0.9162758892040825,0.9641182382303211,0.9162758892040825,1.0,1,0.2698409194405289,56
4092,2,7837,7837,0,0,0,0,0.9647477428227718,0.9162758892040825,0.9647477428227718,0.9162758892040825,1.0,1,0.2502690251638402,57
4093,5,7842,7842,0,0,0,0,0.9997236774757586,0.999271513345182,0.9997236774757586,0.999271513345182,1.0,1,0.2081206610612467,58
4094,5,7847,7847,0,0,0,0,1.0,1.0,1.0,1.0,1.0,1,0.17801407636777983,57
4095,2,7849,7849,0,0,0,0,1.0,1.0,1.0,1.0,1.0,1,0.13360754244916734,57
4096,8,7857,7857,0,0,0,0,0.9613864721695247,0.9050750774167481,0.9613864721695247,0.9050750774167481,1.0,1,0.1962528349346054,59
4097,3,7860,7860,0,0,0,0,0.9386376975215417,0.8551849661508384,0.9386376975215417,0.8551849661508384,1.0,1,0.20028660220672442,59
4098,8,7868,7868,0,0,0,0,0.923271077583606,0.8258843683627983,0.923271077583606,0.8258843683627983,1.0,1,0.22753031210469127,59
4099,0,7868,7868,0,0,0,0,0.9245498929572127,0.8258843683627983,0.9245498929572127,0.8258843683627983,1.0,1,0.2210194681298272,60
4100,5,7873,7873,0,0,0,0,0.8761256957556756,0.7437083360462254,0.8761256957556756,0.7437083360462254,1.0,1,0.2841464986019914,60
4101,2,7875,7875,0,0,0,0,0.8977015581564161,0.7807890531923201,0.8977015581564161,0.7807890531923201,1.0,1,0.27955336182817875,60
4102,1,7876,7876,0,0,0,0,0.8977015581564161,0.7807890531923201,0.8977015581564161,0.7807890531923201,1.0,1,0.2949211297384377,60
4103,5,7881,7881,0,0,0,0,0.9021139216145851,0.7972359804873548,0.9021139216145851,0.7972359804873548,1.0,1,0.3224960310304051,58
4104,3,7884,7884,0,0,0,0,0.9423890014328088,0.8670515417680205,0.9423890014328088,0.8670515417680205,1.0,1,0.2673798942506266,60
4105,2,7886,7886,0,0,0,0,0.9414125438299751,0.8670515417680205,0.9414125438299751,0.8670515417680205,1.0,1,0.29345289509440037,59
4106,1,7887,7887,0,0,0,0,0.9410630173659519,0.8617247715124258,0.9410630173659519,0.8617247715124258,1.0,1,0.2904355636645477,61
4107,1,7888,7888,0,0,0,0,0.9390651535478486,0.8617247715124258,0.9390651535478486,0.8617247715124258,1.0,1,0.3025978007993112,59
4108,0,7888,7888,0,0,0,0,0.9400807343220513,0.8617247715124258,0.9400807343220513,0.8617247715124258,1.0,1,0.29111744325189065,60
4109,1,7889,7889,0,0,0,0,0.9592504439732145,0.9038310477767861,0.9592504439732145,0.9038310477767861,1.0,1,0.2820495627642824,59
4110,2,7891,7891,0,0,0,0,0.9599296032403275,0.9038310477767861,0.9599296032403275,0.9038310477767861,1.0,1,0.2766357465858441,60
4111,0,7891,7891,0,0,0,0,0.9391659151010561,0.857273877737093,0.9391659151010561,0.857273877737093,1.0,1,0.2817937925753232,61
4112,0,7891,7891,0,0,0,0,0.9381520136860736,0.857273877737093,0.9381520136860736,0.857273877737093,1.0,1,0.2879751363606088,60
4113,2,7893,7893,0,0,0,0,0.9843542593696976,0.9602337425646479,0.9843542593696976,0.9602337425646479,1.0,1,0.23341713234025507,61
4114,0,7893,7893,0,0,0,0,0.984606610025025,0.9602337425646479,0.984606610025025,0.9602337425646479,1.0,1,0.2212059720492838,62
4115,5,7898,7898,0,0,0,0,0.9789076377065,0.9472690942662497,0.9789076377065,0.9472690942662497,1.0,1,0.2112520176064094,60
4116,1,7899,7899,0,0,0,0,0.9785501400405083,0.9472690942662497,0.9785501400405083,0.9472690942662497,1.0,1,0.2326163660789382,59
4117,6,7905,7905,0,0,0,0,1.0,1.0,1.0,1.0,1.0,1,0.18844572050103117,56
4118,1,7906,7906,0,0,0,0,1.0,1.0,1.0,1.0,1.0,1,0.2166571753003266,55
4119,3,7909,7909,0,0,0,0,0.966747270674574,0.926566889406351,0.966747270674574,0.926566889406351,1.0,1,0.25060272610018935,53
4120,4,7913,7913,0,0,0,0,1.0,1.0,1.0,1.0,1.0,1,0.2180510969065763,52
4121,2,7915,7915,0,0,0,0,1.0,1.0,1.0,1.0,1.0,1,0.20408005731789686,53
4122,0,7915,7915,0,0,0,0,1.0,1.0,1.0,1.0,1.0,1,0.17704920852322545,52
4123,2,7917,7917,0,0,0,0,1.0,1.0,1.0,1.0,1.0,1,0.14369478856807166,51
4124,3,7920,7920,0,0,0,0,1.0,1.0,1.0,1.0,1.0,1,0.14145996243145056,51
4125,2,7922,7922,0,0,0,0,1.0,1.0,1.0,1.0,1.0,1,0.15891168714390794,50
4126,2,7924,7924,0,0,0,0,1.0,1.0,1.0,1.0,1.0,1,0.17599773493107485,50
4127,1,7925,7925,0,0,0,0,1.0,1.0,1.0,1.0,1.0,1,0.166652028009741,49
4128,4,7929,7929,0,0,0,0,1.0,1.0,1.0,1.0,1.0,1,0.20710897743011236,49
4129,1,7930,7930,0,0,0,0,1.0,1.0,1.0,1.0,1.0,1,0.19867668538112693,49
4130,3,7933,7933,0,0,0,0,1.0,1.0,1.0,1.0,1.0,1,0.21292213867289614,50
4131,3,7936,7936,0,0,0,0,1.0,1.0,1.0,1.0,1.0,1,0.24532884814373968,50
4132,4,7940,7940,0,0,0,0,0.9621283879063537,0.9242567758127076,0.9621283879063537,0.9242567758127076,1.0,1,0.25692868492150855,50
4133,3,7943,7943,0,0,0,0,0.9232107212104289,0.8549535845085877,0.9232107212104289,0.8549535845085877,1.0,1,0.2755733429752047,51
4134,4,7947,7947,0,0,0,0,0.8770008185047306,0.7752083924396801,0.8770008185047306,0.7752083924396801,1.0,1,0.3172874413809323,53
4135,2,7949,7949,0,0,0,0,0.8963243834851113,0.8000541681498575,0.8963243834851113,0.8000541681498575,1.0,1,0.29178085311708113,54
4136,0,7949,7949,0,0,0,0,0.8963243834851113,0.8000541681498575,0.8963243834851113,0.8000541681498575,1.0,1,0.29178085311708113,54
4137,3,7952,7952,0,0,0,0,0.8984096570303447,0.80044754059532,0.8984096570303447,0.80044754059532,1.0,1,0.28685217208143604,55
4138,1,7953,7953,0,0,0,0,0.8794783988732355,0.7755804668674041,0.8794783988732355,0.7755804668674041,1.0,1,0.3077606964184979,54
4139,1,7954,7954,0,0,0,0,0.8794783988732355,0.7755804668674041,0.8794783988732355,0.7755804668674041,1.0,1,0.3162468876073525,54
4140,0,7954,7954,0,0,0,0,0.881669700711904,0.7755804668674041,0.881669700711904,0.7755804668674041,1.0,1,0.3025291915824053,55
4141,1,7955,7955,0,0,0,0,0.881669700711904,0.7755804668674041,0.881669700711904,0.7755804668674041,1.0,1,0.34257676250415847,55
4142,1,7956,7956,0,0,0,0,0.881669700711904,0.7755804668674041,0.881669700711904,0.7755804668674041,1.0,1,0.36295310344055665,55
4143,4,7960,7960,0,0,0,0,0.8733125814691427,0.7684678213056747,0.8733125814691427,0.7684678213056747,1.0,1,0.39791367388451315,53
4144,3,7963,7963,0,0,0,0,0.8224746323498126,0.7022155123287177,0.8224746323498126,0.7022155123287177,1.0,1,0.45179280145094025,52
4145,3,7966,7966,0,0,0,0,0.8584363751767675,0.7510432804832806,0.8584363751767675,0.7510432804832806,1.0,1,0.4215706086308586,51
4146,3,7969,7969,0,0,0,0,0.8536528136708889,0.7426308102488046,0.8536528136708889,0.7426308102488046,1.0,1,0.4109959649531598,51
4147,3,7972,7972,0,0,0,0,0.8910498280060277,0.7982404222333849,0.8910498280060277,0.7982404222333849,1.0,1,0.37273730329918453,50
4148,0,7972,7972,0,0,0,0,0.8756333260723339,0.7690333198486199,0.8756333260723339,0.7690333198486199,1.0,1,0.37727777519689987,52
4149,1,7973,7973,0,0,0,0,0.8779798670898369,0.7690333198486199,0.8779798670898369,0.7690333198486199,1.0,1,0.36205269059475875,53
4150,0,7973,7973,0,0,0,0,0.877979867089837,0.7690333198486199,0.877979867089837,0.7690333198486199,1.0,1,0.36205269059475875,53
4151,0,7973,7973,0,0,0,0,0.877979867089837,0.7690333198486199,0.877979867089837,0.7690333198486199,1.0,1,0.36205269059475875,53
4152,1,7974,7974,0,0,0,0,0.8973024654508627,0.7946049309017253,0.8973024654508627,0.7946049309017253,1.0,1,0.32927463774438154,54
4153,1,7975,7975,0,0,0,0,0.9090365157825111,0.8215716271118486,0.9090365157825111,0.8215716271118486,1.0,1,0.3396098638987366,51
4154,2,7977,7977,0,0,0,0,0.9423648102539104,0.8775252217895595,0.9423648102539104,0.8775252217895595,1.0,1,0.2987589756007293,51
4155,4,7981,7981,0,0,0,0,0.9431567470471095,0.8792080874751078,0.9431567470471095,0.8792080874751078,1.0,1,0.3123894592070207,51
4156,2,7983,7983,0,0,0,0,0.9409445573976198,0.8720465410281764,0.9409445573976198,0.8720465410281764,1.0,1,0.2955731035323893,52
4157,2,7985,7985,0,0,0,0,0.9557163202688282,0.8998803762599595,0.9557163202688282,0.8998803762599595,1.0,1,0.2935241986483249,52
4158,2,7987,7987,0,0,0,0,0.9737529009442785,0.9379614022319308,0.9737529009442785,0.9379614022319308,1.0,1,0.30005547912209773,52
4159,1,7988,7988,0,0,0,0,0.9737529009442785,0.9379614022319308,0.9737529009442785,0.9379614022319308,1.0,1,0.27756425563345555,52
4160,2,7990,7990,0,0,0,0,0.9534898910077362,0.8988910674081221,0.9534898910077362,0.8988910674081221,1.0,1,0.3099799811321741,50
4161,1,7991,7991,0,0,0,0,0.9534898910077362,0.8988910674081221,0.9534898910077362,0.8988910674081221,1.0,1,0.3336651033624228,50
4162,3,7994,7994,0,0,0,0,0.9534935901425875,0.8968770911857376,0.9534935901425875,0.8968770911857376,1.0,1,0.32569682600031313,51
4163,2,7996,7996,0,0,0,0,0.9820079936667568,0.9607447134547421,0.9820079936667568,0.9607447134547421,1.0,1,0.3081039683385521,48
4164,7,8003,8003,0,0,0,0,0.9194017843948106,0.8388035687896213,0.9194017843948106,0.8388035687896213,1.0,1,0.33134837137330403,50
4165,1,8004,8004,0,0,0,0,0.9330608065654676,0.8633324800711629,0.9330608065654676,0.8633324800711629,1.0,1,0.3108089005153568,49
4166,4,8008,8008,0,0,0,0,0.8866768623640268,0.7820708891615898,0.8866768623640268,0.7820708891615898,1.0,1,0.35605552890341,50
4167,0,8008,8008,0,0,0,0,0.8866768623640268,0.7820708891615898,0.8866768623640268,0.7820708891615898,1.0,1,0.3531687894621408,50
4168,3,8011,8011,0,0,0,0,0.863724701752608,0.7476383365789037,0.863724701752608,0.7476383365789037,1.0,1,0.404213801712306,50
4169,2,8013,8013,0,0,0,0,0.8663967664241256,0.7476383365789037,0.8663967664241256,0.7476383365789037,1.0,1,0.3850552459401367,51
4170,1,8014,8014,0,0,0,0,0.8414986252142694,0.7169618307397668,0.8414986252142694,0.7169618307397668,1.0,1,0.43173764468406217,50
4171,1,8015,8015,0,0,0,0,0.8414986252142694,0.7169618307397668,0.8414986252142694,0.7169618307397668,1.0,1,0.40801270443447163,50
4172,2,8017,8017,0,0,0,0,0.8322831457977894,0.7064955051461315,0.8322831457977894,0.7064955051461315,1.0,1,0.4388229196187767,49
4173,4,8021,8021,0,0,0,0,0.8485506055812073,0.7307566321443687,0.8485506055812073,0.7307566321443687,1.0,1,0.43686228910963265,48
4174,2,8023,8023,0,0,0,0,0.8705755923949942,0.7610626321138356,0.8705755923949942,0.7610626321138356,1.0,1,0.39353683296457664,48
4175,5,8028,8028,0,0,0,0,0.8954644311755348,0.7992917078570267,0.8954644311755348,0.7992917078570267,1.0,1,0.3836218112910702,48
4176,2,8030,8030,0,0,0,0,0.8650583635583579,0.7501080806636257,0.8650583635583579,0.7501080806636257,1.0,1,0.3702516087295229,50
4177,1,8031,8031,0,0,0,0,0.872175694988446,0.7538198570147852,0.872175694988446,0.7538198570147852,1.0,1,0.34232069698692463,52
4178,1,8032,8032,0,0,0,0,0.8885244165731582,0.7727613107068225,0.8885244165731582,0.7727613107068225,1.0,1,0.32772947626443927,53
4179,2,8034,8034,0,0,0,0,0.9034948587076215,0.7915488948084624,0.9034948587076215,0.7915488948084624,1.0,1,0.2878761467867289,54
4180,0,8034,8034,0,0,0,0,0.9052494976402103,0.7915488948084624,0.9052494976402103,0.7915488948084624,1.0,1,0.2794401447535722,55
4181,1,8035,8035,0,0,0,0,0.9249699155134541,0.8249298028647263,0.9249699155134541,0.8249298028647263,1.0,1,0.25416335034397003,56
4182,0,8035,8035,0,0,0,0,0.9249699155134541,0.8249298028647263,0.9249699155134541,0.8249298028647263,1.0,1,0.25416335034397003,56
4183,2,8037,8037,0,0,0,0,0.9471097617509716,0.8689241921654514,0.9471097617509716,0.8689241921654514,1.0,1,0.22958683142912414,57
4184,2,8039,8039,0,0,0,0,0.9457531822755254,0.8655622343349978,0.9457531822755254,0.8655622343349978,1.0,1,0.2400698843757132,57
4185,1,8040,8040,0,0,0,0,0.9427394701797213,0.8655622343349978,0.9427394701797213,0.8655622343349978,1.0,1,0.24007260610852005,54
4186,3,8043,8043,0,0,0,0,0.9575731341744775,0.8939328354361941,0.9575731341744775,0.8939328354361941,1.0,1,0.22963064347136466,55
4187,1,8044,8044,0,0,0,0,0.9559721203697409,0.8939328354361941,0.9559721203697409,0.8939328354361941,1.0,1,0.2081669474959424,53
4188,3,8047,8047,0,0,0,0,0.9617212523981992,0.9077830171411163,0.9617212523981992,0.9077830171411163,1.0,1,0.21817012858441578,53
4189,7,8054,8054,0,0,0,0,0.9610111916763984,0.9060724163113231,0.9610111916763984,0.9060724163113231,1.0,1,0.22460736183531896,53
4190,1,8055,8055,0,0,0,0,0.9610111916763983,0.9060724163113231,0.9610111916763983,0.9060724163113231,1.0,1,0.24522945916318784,53
4191,4,8059,8059,0,0,0,0,0.9941351393589211,0.9850446053652487,0.9941351393589211,0.9850446053652487,1.0,1,0.24722633540982877,51
4192,3,8062,8062,0,0,0,0,0.9977991069995026,0.9943877228487319,0.9977991069995026,0.9943877228487319,1.0,1,0.24518769900960413,51
4193,1,8063,8063,0,0,0,0,0.9747654134905075,0.939917651167875,0.9747654134905075,0.939917651167875,1.0,1,0.2570828877551509,50
4194,1,8064,8064,0,0,0,0,0.961959442122878,0.9135441866429045,0.961959442122878,0.9135441866429045,1.0,1,0.2563646227131004,50
4195,5,8069,8069,0,0,0,0,1.0,1.0,1.0,1.0,1.0,1,0.20755022094198186,50
4196,1,8070,8070,0,0,0,0,1.0,1.0,1.0,1.0,1.0,1,0.171614011415064,51
4197,0,8070,8070,0,0,0,0,1.0,1.0,1.0,1.0,1.0,1,0.18497852556571734,50
4198,4,8074,8074,0,0,0,0,1.0,1.0,1.0,1.0,1.0,1,0.23734694925680097,48
4199,1,8075,8075,0,0,0,0,1.0,1.0,1.0,1.0,1.0,1,0.2702463505021334,48
4200,1,8076,8076,0,0,0,0,0.9981536671259773,0.9955688011023456,0.9981536671259773,0.9955688011023456,1.0,1,0.3066482873790304,48
4201,3,8079,8079,0,0,0,0,0.9416350323464167,0.8807324574035472,0.9416350323464167,0.8807324574035472,1.0,1,0.37715410032008573,47
4202,1,8080,8080,0,0,0,0,0.9178669565801142,0.8391561233027237,0.9178669565801142,0.8391561233027237,1.0,1,0.4013286248519614,47
4203,3,8083,8083,0,0,0,0,0.9410724164342689,0.8795827640178537,0.9410724164342689,0.8795827640178537,1.0,1,0.40395032090229815,47
4204,1,8084,8084,0,0,0,0,0.9271813202217305,0.8543626404434612,0.9271813202217305,0.8543626404434612,1.0,1,0.418193858794945,48
4205,3,8087,8087,0,0,0,0,0.9223523957032288,0.8414694745607586,0.9223523957032288,0.8414694745607586,1.0,1,0.40625047099101796,49
4206,2,8089,8089,0,0,0,0,0.8903525399446045,0.7933567098956008,0.8903525399446045,0.7933567098956008,1.0,1,0.45125494253803045,49
4207,1,8090,8090,0,0,0,0,0.9342770979970849,0.8685541959941696,0.9342770979970849,0.8685541959941696,1.0,1,0.4322606941902333,48
4208,3,8093,8093,0,0,0,0,0.927708775083778,0.8524054157960469,0.927708775083778,0.8524054157960469,1.0,1,0.42731945576440605,49
4209,0,8093,8093,0,0,0,0,0.9126201952285067,0.8217451982661536,0.9126201952285067,0.8217451982661536,1.0,1,0.4067161102045527,51
4210,1,8094,8094,0,0,0,0,0.9143005760894969,0.8217451982661536,0.9143005760894969,0.8217451982661536,1.0,1,0.3937970963051505,52
4211,1,8095,8095,0,0,0,0,0.9159175463519592,0.8217451982661536,0.9159175463519592,0.8217451982661536,1.0,1,0.3642111479940573,53
4212,1,8096,8096,0,0,0,0,0.9159175463519592,0.8217451982661536,0.9159175463519592,0.8217451982661536,1.0,1,0.35182209162116096,53
4213,1,8097,8097,0,0,0,0,0.9174746288269229,0.8217451982661536,0.9174746288269229,0.8217451982661536,1.0,1,0.34309775955987976,54
4214,2,8099,8099,0,0,0,0,0.965070429169251,0.9142637806881613,0.965070429169251,0.9142637806881613,1.0,1,0.3042799661046513,54
4215,0,8099,8099,0,0,0,0,0.9650704291692508,0.9142637806881613,0.9650704291692508,0.9142637806881613,1.0,1,0.3042799661046513,54
4216,3,8102,8102,0,0,0,0,0.9850991604747988,0.9623931192935398,0.9850991604747988,0.9623931192935398,1.0,1,0.30073964546304166,53
4217,0,8102,8102,0,0,0,0,0.9729915320910679,0.9623931192935398,0.9729915320910679,0.9623931192935398,1.0,1,0.2995884266264529,54
4218,3,8105,8105,0,0,0,0,0.961404232865362,0.9404298949802786,0.961404232865362,0.9404298949802786,1.0,1,0.31867117959478675,53
4219,1,8106,8106,0,0,0,0,0.9457548921622793,0.9261809768188615,0.9457548921622793,0.9261809768188615,1.0,1,0.33743053264265516,53
4220,1,8107,8107,0,0,0,0,0.9702154870949562,0.9404298949802786,0.9702154870949562,0.9404298949802786,1.0,1,0.33181260652429945,53
4221,1,8108,8108,0,0,0,0,0.9551610107532263,0.8960749263407016,0.9551610107532263,0.8960749263407016,1.0,1,0.3404687674492886,54
4222,2,8110,8110,0,0,0,0,0.9372520307918716,0.8499505084153451,0.9372520307918716,0.8499505084153451,1.0,1,0.3316612400867677,55
4223,0,8110,8110,0,0,0,0,0.9383725302420167,0.8499505084153451,0.9383725302420167,0.8499505084153451,1.0,1,0.330681684984379,56
4224,2,8112,8112,0,0,0,0,0.9284625020806955,0.8360599006015939,0.9284625020806955,0.8360599006015939,1.0,1,0.33632446688076223,55
4225,0,8112,8112,0,0,0,0,0.9707066824496863,0.929429734992426,0.9707066824496863,0.929429734992426,1.0,1,0.31672798678509256,53
4226,0,8112,8112,0,0,0,0,0.956352171463232,0.8975224895223707,0.956352171463232,0.8975224895223707,1.0,1,0.32316454208314094,54
4227,1,8113,8113,0,0,0,0,0.9625325942319847,0.9114406772756002,0.9625325942319847,0.9114406772756002,1.0,1,0.3220882343836619,52
4228,0,8113,8113,0,0,0,0,0.9839758678213066,0.9610842504231734,0.9839758678213066,0.9610842504231734,1.0,1,0.3121432685256212,51
4229,0,8113,8113,0,0,0,0,1.0,1.0,1.0,1.0,1.0,1,0.3264585659932281,48
4230,1,8114,8114,0,0,0,0,1.0,1.0,1.0,1.0,1.0,1,0.298891139266767,48
4231,0,8114,8114,0,0,0,0,1.0,1.0,1.0,1.0,1.0,1,0.27781614200939153,48
4232,3,8117,8117,0,0,0,0,1.0,1.0,1.0,1.0,1.0,1,0.31264862610946553,48
4233,3,8120,8120,0,0,0,0,1.0,1.0,1.0,1.0,1.0,1,0.2519804755905409,48
4234,3,8123,8123,0,0,0,0,1.0,1.0,1.0,1.0,1.0,1,0.29640453555412294,49
4235,2,8125,8125,0,0,0,0,1.0,1.0,1.0,1.0,1.0,1,0.2814461943613394,47
4236,3,8128,8128,0,0,0,0,1.0,1.0,1.0,1.0,1.0,1,0.3107791654074046,47
4237,3,8131,8131,0,0,0,0,1.0,1.0,1.0,1.0,1.0,1,0.2752463128945933,48
4238,4,8135,8135,0,0,0,0,0.9921438397908483,0.9832163850077212,0.9921438397908483,0.9832163850077212,1.0,1,0.36646009015929293,47
4239,2,8137,8137,0,0,0,0,1.0,1.0,1.0,1.0,1.0,1,0.3301735376581606,48
4240,1,8138,8138,0,0,0,0,0.9956887207048324,0.9907895396875964,0.9956887207048324,0.9907895396875964,1.0,1,0.35937489690078267,47
4241,1,8139,8139,0,0,0,0,0.9958646912883087,0.9907895396875964,0.9958646912883087,0.9907895396875964,1.0,1,0.3175864134037503,49
4242,1,8140,8140,0,0,0,0,1.0,1.0,1.0,1.0,1.0,1,0.29528216306585586,49
4243,4,8144,8144,0,0,0,0,1.0,1.0,1.0,1.0,1.0,1,0.2645202650169081,50
4244,3,8147,8147,0,0,0,0,0.9550433137157581,0.9003134347610287,0.9550433137157581,0.9003134347610287,1.0,1,0.29285405101359,51
4245,2,8149,8149,0,0,0,0,0.9392259965150821,0.8708552425945496,0.9392259965150821,0.8708552425945496,1.0,1,0.3210477653956755,51
4246,4,8153,8153,0,0,0,0,1.0,1.0,1.0,1.0,1.0,1,0.22924593130596815,51
4247,2,8155,8155,0,0,0,0,0.9639046541138654,0.9183931310400435,0.9639046541138654,0.9183931310400435,1.0,1,0.25906866280176366,52
4248,2,8157,8157,0,0,0,0,0.9784711291350306,0.9491135779555271,0.9784711291350306,0.9491135779555271,1.0,1,0.23691758597809903,52
4249,6,8163,8163,0,0,0,0,0.9443269434310071,0.8793750441005156,0.9443269434310071,0.8793750441005156,1.0,1,0.25972435408310357,52
4250,4,8167,8167,0,0,0,0,0.9417190638710206,0.8737246383872109,0.9417190638710206,0.8737246383872109,1.0,1,0.2406313380100606,52
4251,5,8172,8172,0,0,0,0,1.0,1.0,1.0,1.0,1.0,1,0.16437302746439034,53
4252,3,8175,8175,0,0,0,0,1.0,1.0,1.0,1.0,1.0,1,0.15233339064284376,53
4253,3,8178,8178,0,0,0,0,1.0,1.0,1.0,1.0,1.0,1,0.12993328643927213,54
4254,1,8179,8179,0,0,0,0,1.0,1.0,1.0,1.0,1.0,1,0.11026722370784982,54
4255,4,8183,8183,0,0,0,0,1.0,1.0,1.0,1.0,1.0,1,0.14208670526607625,55
4256,3,8186,8186,0,0,0,0,1.0,1.0,1.0,1.0,1.0,1,0.17116266015363044,57
4257,0,8186,8186,0,0,0,0,1.0,1.0,1.0,1.0,1.0,1,0.17116266015363044,57
4258,1,8187,8187,0,0,0,0,1.0,1.0,1.0,1.0,1.0,1,0.17151633216205123,57
4259,1,8188,8188,0,0,0,0,1.0,1.0,1.0,1.0,1.0,1,0.15521885935589466,57
4260,1,8189,8189,0,0,0,0,1.0,1.0,1.0,1.0,1.0,1,0.14648327430085262,58
4261,1,8190,8190,0,0,0,0,1.0,1.0,1.0,1.0,1.0,1,0.16542958960059362,59
4262,0,8190,8190,0,0,0,0,1.0,1.0,1.0,1.0,1.0,1,0.17309774865719546,60
4263,3,8193,8193,0,0,0,0,1.0,1.0,1.0,1.0,1.0,1,0.22104832730643634,59
4264,0,8193,8193,0,0,0,0,1.0,1.0,1.0,1.0,1.0,1,0.22054905897250757,58
4265,2,8195,8195,0,0,0,0,0.9871643097500029,0.9661604529772805,0.9871643097500029,0.9661604529772805,1.0,1,0.24082851318041268,58
4266,6,8201,8201,0,0,0,0,1.0,1.0,1.0,1.0,1.0,1,0.189494968493031,58
4267,3,8204,8204,0,0,0,0,1.0,1.0,1.0,1.0,1.0,1,0.20835666973228337,55
4268,4,8208,8208,0,0,0,0,1.0,1.0,1.0,1.0,1.0,1,0.2085482760169464,55
4269,0,8208,8208,0,0,0,0,1.0,1.0,1.0,1.0,1.0,1,0.23277748799870146,50
4270,5,8213,8213,0,0,0,0,0.9529285928359148,0.903810602751652,0.9529285928359148,0.903810602751652,1.0,1,0.3423150355128733,47
4271,2,8215,8215,0,0,0,0,0.993696417000719,0.9858919809063713,0.993696417000719,0.9858919809063713,1.0,1,0.285812052552416,47
4272,2,8217,8217,0,0,0,0,0.9758468621917594,0.9494979845827697,0.9758468621917594,0.9494979845827697,1.0,1,0.2836705560663009,46
4273,4,8221,8221,0,0,0,0,0.9986272596354869,0.9969276763270419,0.9986272596354869,0.9969276763270419,1.0,1,0.23637365455844442,47
4274,5,8226,8226,0,0,0,0,0.988778922937966,0.9759548348670701,0.988778922937966,0.9759548348670701,1.0,1,0.23687714214518843,45
4275,5,8231,8231,0,0,0,0,1.0,1.0,1.0,1.0,1.0,1,0.21008291167803417,44
4276,4,8235,8235,0,0,0,0,1.0,1.0,1.0,1.0,1.0,1,0.195885913510738,43
4277,4,8239,8239,0,0,0,0,1.0,1.0,1.0,1.0,1.0,1,0.16849250264803833,42
4278,2,8241,8241,0,0,0,0,1.0,1.0,1.0,1.0,1.0,1,0.18422388503980017,43
4279,2,8243,8243,0,0,0,0,1.0,1.0,1.0,1.0,1.0,1,0.1545760502975398,42
4280,3,8246,8246,0,0,0,0,1.0,1.0,1.0,1.0,1.0,1,0.16662882942600488,44
4281,1,8247,8247,0,0,0,0,1.0,1.0,1.0,1.0,1.0,1,0.13699358683564725,44
4282,3,8250,8250,0,0,0,0,1.0,1.0,1.0,1.0,1.0,1,0.10713914529604497,44
4283,4,8254,8254,0,0,0,0,1.0,1.0,1.0,1.0,1.0,1,0.06520176828693147,45
4284,2,8256,8256,0,0,0,0,1.0,1.0,1.0,1.0,1.0,1,0.06533639854233622,45
4285,4,8260,8260,0,0,0,0,1.0,1.0,1.0,1.0,1.0,1,0.11430289214077673,47
4286,1,8261,8261,0,0,0,0,1.0,1.0,1.0,1.0,1.0,1,0.13449834445822464,47
4287,4,8265,8265,0,0,0,0,1.0,1.0,1.0,1.0,1.0,1,0.16483920520599946,49
4288,1,8266,8266,0,0,0,0,1.0,1.0,1.0,1.0,1.0,1,0.1728279948926535,49
4289,3,8269,8269,0,0,0,0,1.0,1.0,1.0,1.0,1.0,1,0.17795240341938615,50
4290,1,8270,8270,0,0,0,0,1.0,1.0,1.0,1.0,1.0,1,0.17916399169884517,51
4291,0,8270,8270,0,0,0,0,1.0,1.0,1.0,1.0,1.0,1,0.20245285662121976,50
4292,1,8271,8271,0,0,0,0,1.0,1.0,1.0,1.0,1.0,1,0.18135751645197717,51
4293,4,8275,8275,0,0,0,0,1.0,1.0,1.0,1.0,1.0,1,0.14931386221429718,51
4294,0,8275,8275,0,0,0,0,1.0,1.0,1.0,1.0,1.0,1,0.16737662883319723,50
4295,3,8278,8278,0,0,0,0,1.0,1.0,1.0,1.0,1.0,1,0.23628826988533766,50
4296,0,8278,8278,0,0,0,0,1.0,1.0,1.0,1.0,1.0,1,0.25952395138277773,49
4297,4,8282,8282,0,0,0,0,1.0,1.0,1.0,1.0,1.0,1,0.2225548610302146,49
4298,2,8284,8284,0,0,0,0,1.0,1.0,1.0,1.0,1.0,1,0.22403572842543606,49
4299,2,8286,8286,0,0,0,0,1.0,1.0,1.0,1.0,1.0,1,0.20242250051649807,48
4300,5,8291,8291,0,0,0,0,1.0,1.0,1.0,1.0,1.0,1,0.129884643455207,49
4301,0,8291,8291,0,0,0,0,1.0,1.0,1.0,1.0,1.0,1,0.12103048268875378,50
4302,4,8295,8295,0,0,0,0,1.0,1.0,1.0,1.0,1.0,1,0.17533188348971496,51
4303,1,8296,8296,0,0,0,0,1.0,1.0,1.0,1.0,1.0,1,0.18516281169348017,51
4304,4,8300,8300,0,0,0,0,1.0,1.0,1.0,1.0,1.0,1,0.15466734325918144,51
4305,1,8301,8301,0,0,0,0,1.0,1.0,1.0,1.0,1.0,1,0.16553992567821424,49
4306,1,8302,8302,0,0,0,0,1.0,1.0,1.0,1.0,1.0,1,0.14309912389187704,49
4307,3,8305,8305,0,0,0,0,1.0,1.0,1.0,1.0,1.0,1,0.13313516747939075,46
4308,3,8308,8308,0,0,0,0,1.0,1.0,1.0,1.0,1.0,1,0.07724981150744663,44
4309,1,8309,8309,0,0,0,0,1.0,1.0,1.0,1.0,1.0,1,0.08314300287752689,44
4310,4,8313,8313,0,0,0,0,1.0,1.0,1.0,1.0,1.0,1,0.13042002547588902,42
4311,1,8314,8314,0,0,0,0,1.0,1.0,1.0,1.0,1.0,1,0.1443786553130858,42
4312,2,8316,8316,0,0,0,0,1.0,1.0,1.0,1.0,1.0,1,0.13880125585928954,40
4313,1,8317,8317,0,0,0,0,1.0,1.0,1.0,1.0,1.0,1,0.13244480567886707,40
4314,1,8318,8318,0,0,0,0,1.0,1.0,1.0,1.0,1.0,1,0.14522134953786348,36
4315,3,8321,8321,0,0,0,0,1.0,1.0,1.0,1.0,1.0,1,0.12497232647830162,37
4316,2,8323,8323,0,0,0,0,1.0,1.0,1.0,1.0,1.0,1,0.15232506650411787,37
4317,2,8325,8325,0,0,0,0,1.0,1.0,1.0,1.0,1.0,1,0.23271602568226993,36
4318,0,8325,8325,0,0,0,0,1.0,1.0,1.0,1.0,1.0,1,0.20377830374330602,34
4319,2,8327,8327,0,0,0,0,1.0,1.0,1.0,1.0,1.0,1,0.1780275166204345,34
4320,0,8327,8327,0,0,0,0,1.0,1.0,1.0,1.0,1.0,1,0.1780275166204345,34
4321,0,8327,8327,0,0,0,0,1.0,1.0,1.0,1.0,1.0,1,0.2099528665848475,35
4322,1,8328,8328,0,0,0,0,1.0,1.0,1.0,1.0,1.0,1,0.21163061517357096,35
4323,2,8330,8330,0,0,0,0,1.0,1.0,1.0,1.0,1.0,1,0.18797725671996038,35
4324,4,8334,8334,0,0,0,0,1.0,1.0,1.0,1.0,1.0,1,0.17797054819953467,34
4325,3,8337,8337,0,0,0,0,1.0,1.0,1.0,1.0,1.0,1,0.20359745668689413,34
4326,2,8339,8339,0,0,0,0,1.0,1.0,1.0,1.0,1.0,1,0.19378104933105328,36
4327,5,8344,8344,0,0,0,0,1.0,1.0,1.0,1.0,1.0,1,0.16490049415315855,35
4328,1,8345,8345,0,0,0,0,1.0,1.0,1.0,1.0,1.0,1,0.19447834809930228,35
4329,3,8348,8348,0,0,0,0,1.0,1.0,1.0,1.0,1.0,1,0.19139961610494755,38
4330,2,8350,8350,0,0,0,0,1.0,1.0,1.0,1.0,1.0,1,0.12386489806520402,38
4331,0,8350,8350,0,0,0,0,1.0,1.0,1.0,1.0,1.0,1,0.1273334781192596,39
4332,4,8354,8354,0,0,0,0,1.0,1.0,1.0,1.0,1.0,1,0.18494164390150772,40
4333,0,8354,8354,0,0,0,0,1.0,1.0,1.0,1.0,1.0,1,0.16537541231416805,41
4334,5,8359,8359,0,0,0,0,1.0,1.0,1.0,1.0,1.0,1,0.15196456484812715,41
4335,1,8360,8360,0,0,0,0,1.0,1.0,1.0,1.0,1.0,1,0.12623370245590057,42
4336,3,8363,8363,0,0,0,0,1.0,1.0,1.0,1.0,1.0,1,0.11771908016043152,43
4337,1,8364,8364,0,0,0,0,1.0,1.0,1.0,1.0,1.0,1,0.11949196687361018,44
4338,1,8365,8365,0,0,0,0,1.0,1.0,1.0,1.0,1.0,1,0.1312876344361359,44
4339,3,8368,8368,0,0,0,0,1.0,1.0,1.0,1.0,1.0,1,0.11948894853132586,46
4340,1,8369,8369,0,0,0,0,1.0,1.0,1.0,1.0,1.0,1,0.14369398476710268,47
4341,3,8372,8372,0,0,0,0,1.0,1.0,1.0,1.0,1.0,1,0.16792516157732582,47
4342,1,8373,8373,0,0,0,0,1.0,1.0,1.0,1.0,1.0,1,0.17685604115356057,47
4343,2,8375,8375,0,0,0,0,1.0,1.0,1.0,1.0,1.0,1,0.23547168549285952,42
4344,0,8375,8375,0,0,0,0,1.0,1.0,1.0,1.0,1.0,1,0.23547168549285952,42
4345,2,8377,8377,0,0,0,0,1.0,1.0,1.0,1.0,1.0,1,0.30283808266688017,39
4346,2,8379,8379,0,0,0,0,1.0,1.0,1.0,1.0,1.0,1,0.33685243185908464,37
4347,1,8380,8380,0,0,0,0,0.9871825755786424,0.9762877648204884,0.9871825755786424,0.9762877648204884,1.0,1,0.36112024866968084,37
4348,4,8384,8384,0,0,0,0,1.0,1.0,1.0,1.0,1.0,1,0.35043476219329617,38
4349,1,8385,8385,0,0,0,0,1.0,1.0,1.0,1.0,1.0,1,0.351952420545796,36
4350,1,8386,8386,0,0,0,0,1.0,1.0,1.0,1.0,1.0,1,0.3262834890998236,37
4351,1,8387,8387,0,0,0,0,1.0,1.0,1.0,1.0,1.0,1,0.33511949075153924,35
4352,2,8389,8389,0,0,0,0,1.0,1.0,1.0,1.0,1.0,1,0.3782410194101898,34
4353,3,8392,8392,0,0,0,0,1.0,1.0,1.0,1.0,1.0,1,0.29158445309158537,34
4354,1,8393,8393,0,0,0,0,1.0,1.0,1.0,1.0,1.0,1,0.33631791492189744,32
4355,6,8399,8399,0,0,0,0,1.0,1.0,1.0,1.0,1.0,1,0.3028108915591265,32
4356,1,8400,8400,0,0,0,0,1.0,1.0,1.0,1.0,1.0,1,0.27541416270002483,34
4357,3,8403,8403,0,0,0,0,1.0,1.0,1.0,1.0,1.0,1,0.18507885950466244,35
4358,1,8404,8404,0,0,0,0,1.0,1.0,1.0,1.0,1.0,1,0.16126965360505321,35
4359,5,8409,8409,0,0,0,0,1.0,1.0,1.0,1.0,1.0,1,0.23367479861219137,37
4360,2,8411,8411,0,0,0,0,1.0,1.0,1.0,1.0,1.0,1,0.2222181433553262,38
4361,4,8415,8415,0,0,0,0,1.0,1.0,1.0,1.0,1.0,1,0.2213883621942936,39
4362,0,8415,8415,0,0,0,0,1.0,1.0,1.0,1.0,1.0,1,0.22040025310042408,38
4363,4,8419,8419,0,0,0,0,1.0,1.0,1.0,1.0,1.0,1,0.18192078624147434,38
4364,2,8421,8421,0,0,0,0,1.0,1.0,1.0,1.0,1.0,1,0.08284628479105495,39
4365,2,8423,8423,0,0,0,0,1.0,1.0,1.0,1.0,1.0,1,0.07263712026661395,39
4366,1,8424,8424,0,0,0,0,1.0,1.0,1.0,1.0,1.0,1,0.10143876243099895,39
4367,2,8426,8426,0,0,0,0,1.0,1.0,1.0,1.0,1.0,1,0.15486903106173847,41
4368,3,8429,8429,0,0,0,0,1.0,1.0,1.0,1.0,1.0,1,0.0847957376225591,41
4369,3,8432,8432,0,0,0,0,1.0,1.0,1.0,1.0,1.0,1,0.12594568946841825,42
4370,3,8435,8435,0,0,0,0,1.0,1.0,1.0,1.0,1.0,1,0.1556816624163908,42
4371,1,8436,8436,0,0,0,0,1.0,1.0,1.0,1.0,1.0,1,0.14399353820737676,43
4372,3,8439,8439,0,0,0,0,1.0,1.0,1.0,1.0,1.0,1,0.18664624160604962,43
4373,1,8440,8440,0,0,0,0,1.0,1.0,1.0,1.0,1.0,1,0.1944353353725627,43
4374,3,8443,8443,0,0,0,0,1.0,1.0,1.0,1.0,1.0,1,0.2417122337133938,44
4375,1,8444,8444,0,0,0,0,1.0,1.0,1.0,1.0,1.0,1,0.2540319812240588,45
4376,2,8446,8446,0,0,0,0,1.0,1.0,1.0,1.0,1.0,1,0.28236862589465545,46
4377,3,8449,8449,0,0,0,0,0.996372101456977,0.9918804175465673,0.996372101456977,0.9918804175465673,1.0,1,0.3006409000115614,47
4378,0,8449,8449,0,0,0,0,0.9780539047494454,0.9511200605783106,0.9780539047494454,0.9511200605783106,1.0,1,0.29935219924885537,49
4379,1,8450,8450,0,0,0,0,1.0,1.0,1.0,1.0,1.0,1,0.24329761273503298,51
4380,0,8450,8450,0,0,0,0,1.0,1.0,1.0,1.0,1.0,1,0.24316808253532615,50
4381,1,8451,8451,0,0,0,0,1.0,1.0,1.0,1.0,1.0,1,0.2230858021107595,49
4382,1,8452,8452,0,0,0,0,1.0,1.0,1.0,1.0,1.0,1,0.26348048242108946,47
4383,1,8453,8453,0,0,0,0,1.0,1.0,1.0,1.0,1.0,1,0.2462361303813925,47
4384,5,8458,8458,0,0,0,0,1.0,1.0,1.0,1.0,1.0,1,0.20893264214844262,44
4385,2,8460,8460,0,0,0,0,1.0,1.0,1.0,1.0,1.0,1,0.15803328480078097,42
4386,1,8461,8461,0,0,0,0,1.0,1.0,1.0,1.0,1.0,1,0.17915375220669733,41
4387,2,8463,8463,0,0,0,0,1.0,1.0,1.0,1.0,1.0,1,0.15075783981712781,39
4388,3,8466,8466,0,0,0,0,1.0,1.0,1.0,1.0,1.0,1,0.1135729081663098,39
4389,0,8466,8466,0,0,0,0,1.0,1.0,1.0,1.0,1.0,1,0.11084669885000781,38
4390,1,8467,8467,0,0,0,0,1.0,1.0,1.0,1.0,1.0,1,0.08624139109358289,38
4391,0,8467,8467,0,0,0,0,1.0,1.0,1.0,1.0,1.0,1,0.09133354977935078,39
4392,2,8469,8469,0,0,0,0,1.0,1.0,1.0,1.0,1.0,1,0.12214651627348037,39
4393,1,8470,8470,0,0,0,0,1.0,1.0,1.0,1.0,1.0,1,0.16295389107702163,40
4394,2,8472,8472,0,0,0,0,1.0,1.0,1.0,1.0,1.0,1,0.13062143284648262,39
4395,1,8473,8473,0,0,0,0,1.0,1.0,1.0,1.0,1.0,1,0.11624810328858004,39
4396,0,8473,8473,0,0,0,0,1.0,1.0,1.0,1.0,1.0,1,0.10554317605854464,39
4397,1,8474,8474,0,0,0,0,1.0,1.0,1.0,1.0,1.0,1,0.11417185066276953,38
4398,0,8474,8474,0,0,0,0,1.0,1.0,1.0,1.0,1.0,1,0.11785236983638928,39
4399,0,8474,8474,0,0,0,0,1.0,1.0,1.0,1.0,1.0,1,0.12739022785400503,42
4400,0,8474,8474,0,0,0,0,1.0,1.0,1.0,1.0,1.0,1,0.11962955200188315,43
4401,0,8474,8474,0,0,0,0,1.0,1.0,1.0,1.0,1.0,1,0.10576778147339011,44
4402,2,8476,8476,0,0,0,0,1.0,1.0,1.0,1.0,1.0,1,0.14316587381526755,44
4403,3,8479,8479,0,0,0,0,1.0,1.0,1.0,1.0,1.0,1,0.18166912666861218,45
4404,3,8482,8482,0,0,0,0,1.0,1.0,1.0,1.0,1.0,1,0.2640099269809904,45
4405,3,8485,8485,0,0,0,0,0.9988715734920166,0.9976405627560349,0.9988715734920166,0.9976405627560349,1.0,1,0.28507362158238625,46
4406,2,8487,8487,0,0,0,0,1.0,1.0,1.0,1.0,1.0,1,0.2721864012543235,46
4407,1,8488,8488,0,0,0,0,1.0,1.0,1.0,1.0,1.0,1,0.2798090689956363,46
4408,3,8491,8491,0,0,0,0,0.9666560080139917,0.9347013490274004,0.9666560080139917,0.9347013490274004,1.0,1,0.33002488390878953,47
4409,0,8491,8491,0,0,0,0,0.9673506745137002,0.9347013490274004,0.9673506745137002,0.9347013490274004,1.0,1,0.32776784032076717,48
4410,1,8492,8492,0,0,0,0,0.9673506745137002,0.9347013490274004,0.9673506745137002,0.9347013490274004,1.0,1,0.3115277660782104,48
4411,3,8495,8495,0,0,0,0,0.9840189410776664,0.9652585675601445,0.9840189410776664,0.9652585675601445,1.0,1,0.2603184949758512,50
4412,1,8496,8496,0,0,0,0,0.9840189410776665,0.9652585675601445,0.9840189410776665,0.9652585675601445,1.0,1,0.23880108278813988,50
4413,1,8497,8497,0,0,0,0,1.0,1.0,1.0,1.0,1.0,1,0.2111004879906175,50
4414,3,8500,8500,0,0,0,0,0.9732657408270426,0.9407196861817032,0.9732657408270426,0.9407196861817032,1.0,1,0.2081394524362668,51
4415,0,8500,8500,0,0,0,0,0.9732657408270426,0.9407196861817032,0.9732657408270426,0.9407196861817032,1.0,1,0.2081394524362668,51
4416,2,8502,8502,0,0,0,0,1.0,1.0,1.0,1.0,1.0,1,0.17638139217301038,51
4417,1,8503,8503,0,0,0,0,1.0,1.0,1.0,1.0,1.0,1,0.19012442526308818,51
4418,0,8503,8503,0,0,0,0,0.9772413289015107,0.9495351206076978,0.9772413289015107,0.9495351206076978,1.0,1,0.2076965788290981,51
4419,0,8503,8503,0,0,0,0,0.9767861554795411,0.9495351206076978,0.9767861554795411,0.9495351206076978,1.0,1,0.22015562537389158,50
4420,0,8503,8503,0,0,0,0,0.9616375244139328,0.9200781758623601,0.9616375244139328,0.9200781758623601,1.0,1,0.24840104113983116,50
4421,2,8505,8505,0,0,0,0,0.9417835048329386,0.8789096900525126,0.9417835048329386,0.8789096900525126,1.0,1,0.24461267645535173,52
4422,0,8505,8505,0,0,0,0,0.9406420049277022,0.8789096900525126,0.9406420049277022,0.8789096900525126,1.0,1,0.2473241255636645,51
4423,2,8507,8507,0,0,0,0,0.9106645795991511,0.8312553170206187,0.9106645795991511,0.8312553170206187,1.0,1,0.28654517793617834,51
4424,0,8507,8507,0,0,0,0,0.9140357275388058,0.8312553170206187,0.9140357275388058,0.8312553170206187,1.0,1,0.26320899859132674,53
4425,3,8510,8510,0,0,0,0,0.9052804327884405,0.8105608655768811,0.9052804327884405,0.8105608655768811,1.0,1,0.2723158781596111,54
4426,0,8510,8510,0,0,0,0,0.9070026067377416,0.8105608655768811,0.9070026067377416,0.8105608655768811,1.0,1,0.2616768068166073,55
4427,1,8511,8511,0,0,0,0,0.9070026067377416,0.8105608655768811,0.9070026067377416,0.8105608655768811,1.0,1,0.2554053762074225,55
4428,1,8512,8512,0,0,0,0,0.9070026067377416,0.8105608655768811,0.9070026067377416,0.8105608655768811,1.0,1,0.26712625330805656,55
4429,1,8513,8513,0,0,0,0,0.9086632744745676,0.8105608655768811,0.9086632744745676,0.8105608655768811,1.0,1,0.27095824786977485,56
4430,1,8514,8514,0,0,0,0,0.9231858609726598,0.8375085520575496,0.9231858609726598,0.8375085520575496,1.0,1,0.2684294354728684,55
4431,1,8515,8515,0,0,0,0,0.9011783958805234,0.7950366729373819,0.9011783958805234,0.7950366729373819,1.0,1,0.26950256167239667,56
4432,3,8518,8518,0,0,0,0,0.9384737408052745,0.8621811794038149,0.9384737408052745,0.8621811794038149,1.0,1,0.21305157443528858,56
4433,3,8521,8521,0,0,0,0,0.9395531488613224,0.8621811794038149,0.9395531488613224,0.8621811794038149,1.0,1,0.21286529437155133,57
4434,2,8523,8523,0,0,0,0,0.9513901693412677,0.8865770617962911,0.9513901693412677,0.8865770617962911,1.0,1,0.19399905426469566,56
4435,1,8524,8524,0,0,0,0,0.9650157766054692,0.9148210213002729,0.9650157766054692,0.9148210213002729,1.0,1,0.17442005914114264,56
4436,5,8529,8529,0,0,0,0,0.9223011934591451,0.8290626256101193,0.9223011934591451,0.8290626256101193,1.0,1,0.23320700449982695,55
4437,4,8533,8533,0,0,0,0,0.9268381278641085,0.8419703561864743,0.9268381278641085,0.8419703561864743,1.0,1,0.25031936231839713,54
4438,8,8541,8541,0,0,0,0,0.8720494526822881,0.7532382301729839,0.8720494526822881,0.7532382301729839,1.0,1,0.326074542560984,54
4439,4,8545,8545,0,0,0,0,0.8508966558352017,0.7172177955495204,0.8508966558352017,0.7172177955495204,1.0,1,0.35832030355763494,55
4440,5,8550,8550,0,0,0,0,0.8589625667591414,0.7325152128190612,0.8589625667591414,0.7325152128190612,1.0,1,0.3306398455685953,55
4441,3,8553,8553,0,0,0,0,0.8339081971328408,0.6838897945431487,0.8339081971328408,0.6838897945431487,1.0,1,0.34199747100415795,59
4442,1,8554,8554,0,0,0,0,0.8520183552345238,0.6991039889768652,0.8520183552345238,0.6991039889768652,1.0,1,0.30564924855703707,61
4443,5,8559,8559,0,0,0,0,0.9203668402569593,0.8162311698237524,0.9203668402569593,0.8162311698237524,1.0,1,0.2795321140561202,60
4444,4,8563,8563,0,0,0,0,0.9253988085775242,0.8249741278164993,0.9253988085775242,0.8249741278164993,1.0,1,0.266466633697228,61
4445,1,8564,8564,0,0,0,0,0.9078429849325373,0.7917934104031397,0.9078429849325373,0.7917934104031397,1.0,1,0.2830429116839522,61
4446,2,8566,8566,0,0,0,0,0.9020883493180581,0.7751658391748001,0.9020883493180581,0.7751658391748001,1.0,1,0.2925532263697855,62
4447,2,8568,8568,0,0,0,0,0.9197879284674766,0.805639980517347,0.9197879284674766,0.805639980517347,1.0,1,0.27127415616569905,63
4448,1,8569,8569,0,0,0,0,0.9197879284674766,0.805639980517347,0.9197879284674766,0.805639980517347,1.0,1,0.2769469700095078,63
4449,1,8570,8570,0,0,0,0,0.9197879284674766,0.805639980517347,0.9197879284674766,0.805639980517347,1.0,1,0.28217904681451605,63
4450,0,8570,8570,0,0,0,0,0.9184941853782422,0.805639980517347,0.9184941853782422,0.805639980517347,1.0,1,0.29534563754928866,62
4451,0,8570,8570,0,0,0,0,0.9197879284674766,0.805639980517347,0.9197879284674766,0.805639980517347,1.0,1,0.2809889976168563,63
4452,1,8571,8571,0,0,0,0,0.9210412420851722,0.805639980517347,0.9210412420851722,0.805639980517347,1.0,1,0.2656377850730361,64
4453,0,8571,8571,0,0,0,0,0.9222559922069388,0.805639980517347,0.9222559922069388,0.805639980517347,1.0,1,0.26547409750471523,65
4454,2,8573,8573,0,0,0,0,0.9119064738542589,0.7846602694215218,0.9119064738542589,0.7846602694215218,1.0,1,0.253513274720707,66
4455,1,8574,8574,0,0,0,0,0.8968175282638343,0.7530990854884604,0.8968175282638343,0.7530990854884604,1.0,1,0.25865438707572697,67
4456,2,8576,8576,0,0,0,0,0.8968175282638342,0.7530990854884604,0.8968175282638342,0.7530990854884604,1.0,1,0.25751066808136347,67
4457,2,8578,8578,0,0,0,0,0.9223902492109401,0.8059756230273504,0.9223902492109401,0.8059756230273504,1.0,1,0.23754269170127149,65
4458,0,8578,8578,0,0,0,0,0.9058415419385969,0.7733222305929185,0.9058415419385969,0.7733222305929185,1.0,1,0.25226563324465634,65
4459,2,8580,8580,0,0,0,0,0.9078271552167971,0.7815162197731487,0.9078271552167971,0.7815162197731487,1.0,1,0.26687285066934063,64
4460,0,8580,8580,0,0,0,0,0.9063640941884923,0.7815162197731487,0.9063640941884923,0.7815162197731487,1.0,1,0.2772206701162274,63
4461,3,8583,8583,0,0,0,0,0.9227950460055296,0.8158958789362629,0.9227950460055296,0.8158958789362629,1.0,1,0.2806896597249009,62
4462,2,8585,8585,0,0,0,0,0.9358926993418678,0.8435781863941573,0.9358926993418678,0.8435781863941573,1.0,1,0.258963976837819,61
4463,0,8585,8585,0,0,0,0,0.9189869840942578,0.8099310011442203,0.9189869840942578,0.8099310011442203,1.0,1,0.2892371304276969,61
4464,1,8586,8586,0,0,0,0,0.9358449862429636,0.8511603680836757,0.9358449862429636,0.8511603680836757,1.0,1,0.3001522348867646,58
4465,4,8590,8590,0,0,0,0,0.9704478729700103,0.9267621199691557,0.9704478729700103,0.9267621199691557,1.0,1,0.2734370174148568,57
4466,4,8594,8594,0,0,0,0,0.9518695959918791,0.891706590981728,0.9518695959918791,0.891706590981728,1.0,1,0.32899216592420444,54
4467,3,8597,8597,0,0,0,0,0.9917868099451383,0.9805870053248723,0.9917868099451383,0.9805870053248723,1.0,1,0.2503455488027506,52
4468,4,8601,8601,0,0,0,0,0.9679669314485171,0.9275774102314298,0.9679669314485171,0.9275774102314298,1.0,1,0.2668997739898269,52
4469,2,8603,8603,0,0,0,0,1.0,1.0,1.0,1.0,1.0,1,0.21860348357603399,51
4470,4,8607,8607,0,0,0,0,0.9660848057404527,0.9247967431636124,0.9660848057404527,0.9247967431636124,1.0,1,0.2756864499538626,51
4471,3,8610,8610,0,0,0,0,0.9509830479203412,0.8978813498340439,0.9509830479203412,0.8978813498340439,1.0,1,0.2752590146694749,50
4472,5,8615,8615,0,0,0,0,0.8996524854789639,0.8216044186292694,0.8996524854789639,0.8216044186292694,1.0,1,0.3423975538399868,48
4473,5,8620,8620,0,0,0,0,0.9501836991681626,0.9063453544361456,0.9501836991681626,0.9063453544361456,1.0,1,0.33199622551215324,47
4474,2,8622,8622,0,0,0,0,0.926982585229736,0.8623902567791177,0.926982585229736,0.8623902567791177,1.0,1,0.35841000906773696,49
4475,4,8626,8626,0,0,0,0,0.917853228331381,0.851503912752881,0.917853228331381,0.851503912752881,1.0,1,0.3857664602552052,47
4476,3,8629,8629,0,0,0,0,0.9048519350745381,0.8273238821723101,0.9048519350745381,0.8273238821723101,1.0,1,0.3649050681380885,49
4477,1,8630,8630,0,0,0,0,0.9026964817025291,0.827015967471163,0.9026964817025291,0.827015967471163,1.0,1,0.3717192254756267,48
4478,1,8631,8631,0,0,0,0,0.8756064963801656,0.7867539937945696,0.8756064963801656,0.7867539937945696,1.0,1,0.39659929385549053,48
4479,2,8633,8633,0,0,0,0,0.8957672569437952,0.8146973456778581,0.8957672569437952,0.8146973456778581,1.0,1,0.36840336576706434,48
4480,0,8633,8633,0,0,0,0,0.8816767293680614,0.7929342763941076,0.8816767293680614,0.7929342763941076,1.0,1,0.37426015198413787,49
4481,3,8636,8636,0,0,0,0,0.8816767293680614,0.7929342763941076,0.8816767293680614,0.7929342763941076,1.0,1,0.3955446057568652,49
4482,0,8636,8636,0,0,0,0,0.8816767293680614,0.7929342763941076,0.8816767293680614,0.7929342763941076,1.0,1,0.3955446057568652,49
4483,4,8640,8640,0,0,0,0,0.9101226333975305,0.8335604322176489,0.9101226333975305,0.8335604322176489,1.0,1,0.3419569448745613,50
4484,2,8642,8642,0,0,0,0,0.9136730376427167,0.8337406650896766,0.9136730376427167,0.8337406650896766,1.0,1,0.2991322052691672,52
4485,1,8643,8643,0,0,0,0,0.8748583922838059,0.7712929238290247,0.8748583922838059,0.7712929238290247,1.0,1,0.3188635477943544,53
4486,2,8645,8645,0,0,0,0,0.9086310320169103,0.8138780281825951,0.9086310320169103,0.8138780281825951,1.0,1,0.2774698046052647,55
4487,2,8647,8647,0,0,0,0,0.9246847921766556,0.840679368066002,0.9246847921766556,0.840679368066002,1.0,1,0.2854931346669851,55
4488,0,8647,8647,0,0,0,0,0.9232900661058528,0.840679368066002,0.9232900661058528,0.840679368066002,1.0,1,0.30635511153778033,54
4489,5,8652,8652,0,0,0,0,0.9596084313607325,0.9108019525882843,0.9596084313607325,0.9108019525882843,1.0,1,0.3063781807972348,53
4490,0,8652,8652,0,0,0,0,0.9596084313607325,0.9108019525882843,0.9596084313607325,0.9108019525882843,1.0,1,0.3063781807972348,53
4491,1,8653,8653,0,0,0,0,0.958831670425362,0.9108019525882843,0.958831670425362,0.9108019525882843,1.0,1,0.3123802868233826,52
4492,5,8658,8658,0,0,0,0,0.9789868965340163,0.9524921139029933,0.9789868965340163,0.9524921139029933,1.0,1,0.2607031580877111,52
4493,2,8660,8660,0,0,0,0,0.9790692020343544,0.9526781959037577,0.9790692020343544,0.9526781959037577,1.0,1,0.2667546510851667,52
4494,6,8666,8666,0,0,0,0,1.0,1.0,1.0,1.0,1.0,1,0.2127773176704319,53
4495,0,8666,8666,0,0,0,0,1.0,1.0,1.0,1.0,1.0,1,0.2004810098140794,50
4496,2,8668,8668,0,0,0,0,1.0,1.0,1.0,1.0,1.0,1,0.1868668783687491,51
4497,1,8669,8669,0,0,0,0,1.0,1.0,1.0,1.0,1.0,1,0.2018848708831431,50
4498,3,8672,8672,0,0,0,0,1.0,1.0,1.0,1.0,1.0,1,0.2358741188694655,49
4499,3,8675,8675,0,0,0,0,1.0,1.0,1.0,1.0,1.0,1,0.25451065563021763,48
4500,0,8675,8675,0,0,0,0,1.0,1.0,1.0,1.0,1.0,1,0.2249673265880791,48
4501,4,8679,8679,0,0,0,0,1.0,1.0,1.0,1.0,1.0,1,0.2653022781873024,48
4502,1,8680,8680,0,0,0,0,1.0,1.0,1.0,1.0,1.0,1,0.2460387032851678,49
4503,4,8684,8684,0,0,0,0,1.0,1.0,1.0,1.0,1.0,1,0.24633262361877636,49
4504,2,8686,8686,0,0,0,0,1.0,1.0,1.0,1.0,1.0,1,0.316744531485345,45
4505,6,8692,8692,0,0,0,0,1.0,1.0,1.0,1.0,1.0,1,0.2707209992863374,46
4506,4,8696,8696,0,0,0,0,1.0,1.0,1.0,1.0,1.0,1,0.2671829063304773,45
4507,3,8699,8699,0,0,0,0,1.0,1.0,1.0,1.0,1.0,1,0.2823163802590577,45
4508,3,8702,8702,0,0,0,0,1.0,1.0,1.0,1.0,1.0,1,0.30093209136522026,43
4509,2,8704,8704,0,0,0,0,1.0,1.0,1.0,1.0,1.0,1,0.27809124887117354,41
4510,1,8705,8705,0,0,0,0,0.9759000746637492,0.957825130661561,0.9759000746637492,0.957825130661561,1.0,1,0.323125708102377,42
4511,2,8707,8707,0,0,0,0,0.9753122716067674,0.957825130661561,0.9753122716067674,0.957825130661561,1.0,1,0.3229158702975459,41
4512,0,8707,8707,0,0,0,0,0.9753122716067674,0.957825130661561,0.9753122716067674,0.957825130661561,1.0,1,0.3229158702975459,41
4513,1,8708,8708,0,0,0,0,0.9953558652931297,0.9917213250877529,0.9953558652931297,0.9917213250877529,1.0,1,0.30355820419037693,41
4514,2,8710,8710,0,0,0,0,1.0,1.0,1.0,1.0,1.0,1,0.25811151203578425,42
4515,2,8712,8712,0,0,0,0,1.0,1.0,1.0,1.0,1.0,1,0.26751457782731536,41
4516,3,8715,8715,0,0,0,0,0.9930403109466821,0.9867133208982113,0.9930403109466821,0.9867133208982113,1.0,1,0.2983387421821682,42
4517,3,8718,8718,0,0,0,0,1.0,1.0,1.0,1.0,1.0,1,0.29505951947770925,43
4518,2,8720,8720,0,0,0,0,1.0,1.0,1.0,1.0,1.0,1,0.26440632728642227,42
4519,1,8721,8721,0,0,0,0,1.0,1.0,1.0,1.0,1.0,1,0.24826085053720076,42
4520,4,8725,8725,0,0,0,0,1.0,1.0,1.0,1.0,1.0,1,0.2858207989716068,42
4521,3,8728,8728,0,0,0,0,1.0,1.0,1.0,1.0,1.0,1,0.1945517055471005,42
4522,3,8731,8731,0,0,0,0,1.0,1.0,1.0,1.0,1.0,1,0.1978378849165099,42
4523,1,8732,8732,0,0,0,0,1.0,1.0,1.0,1.0,1.0,1,0.17040847150063146,42
4524,0,8732,8732,0,0,0,0,1.0,1.0,1.0,1.0,1.0,1,0.16150236452064706,43
4525,1,8733,8733,0,0,0,0,1.0,1.0,1.0,1.0,1.0,1,0.11342921571321328,46
4526,2,8735,8735,0,0,0,0,1.0,1.0,1.0,1.0,1.0,1,0.07919227295281428,46
4527,5,8740,8740,0,0,0,0,1.0,1.0,1.0,1.0,1.0,1,0.1213021379774012,47
4528,3,8743,8743,0,0,0,0,1.0,1.0,1.0,1.0,1.0,1,0.13325555426632932,49
4529,2,8745,8745,0,0,0,0,1.0,1.0,1.0,1.0,1.0,1,0.13538683501972,50
4530,3,8748,8748,0,0,0,0,1.0,1.0,1.0,1.0,1.0,1,0.13205496153906635,51
4531,2,8750,8750,0,0,0,0,1.0,1.0,1.0,1.0,1.0,1,0.1840566348469101,51
4532,1,8751,8751,0,0,0,0,1.0,1.0,1.0,1.0,1.0,1,0.21752337782259343,51
4533,3,8754,8754,0,0,0,0,1.0,1.0,1.0,1.0,1.0,1,0.18619397874192817,50
4534,2,8756,8756,0,0,0,0,1.0,1.0,1.0,1.0,1.0,1,0.18795779876635202,51
4535,3,8759,8759,0,0,0,0,1.0,1.0,1.0,1.0,1.0,1,0.17998136608622167,50
4536,0,8759,8759,0,0,0,0,1.0,1.0,1.0,1.0,1.0,1,0.19283141805041112,48
4537,2,8761,8761,0,0,0,0,1.0,1.0,1.0,1.0,1.0,1,0.16843578342273546,49
4538,3,8764,8764,0,0,0,0,1.0,1.0,1.0,1.0,1.0,1,0.19244782019686524,48
4539,0,8764,8764,0,0,0,0,1.0,1.0,1.0,1.0,1.0,1,0.20028621120857498,50
4540,5,8769,8769,0,0,0,0,1.0,1.0,1.0,1.0,1.0,1,0.2113371281416235,49
4541,1,8770,8770,0,0,0,0,1.0,1.0,1.0,1.0,1.0,1,0.23770583443133603,49
4542,2,8772,8772,0,0,0,0,1.0,1.0,1.0,1.0,1.0,1,0.34039970921101353,47
4543,1,8773,8773,0,0,0,0,1.0,1.0,1.0,1.0,1.0,1,0.363400233427679,45
4544,2,8775,8775,0,0,0,0,1.0,1.0,1.0,1.0,1.0,1,0.35726444107822125,45
4545,2,8777,8777,0,0,0,0,1.0,1.0,1.0,1.0,1.0,1,0.36242847877213435,43
4546,0,8777,8777,0,0,0,0,1.0,1.0,1.0,1.0,1.0,1,0.36280264757792646,43
4547,2,8779,8779,0,0,0,0,1.0,1.0,1.0,1.0,1.0,1,0.44089156839246013,41
4548,2,8781,8781,0,0,0,0,1.0,1.0,1.0,1.0,1.0,1,0.43807386992629954,42
4549,2,8783,8783,0,0,0,0,1.0,1.0,1.0,1.0,1.0,1,0.4176676312754499,41
4550,0,8783,8783,0,0,0,0,1.0,1.0,1.0,1.0,1.0,1,0.4176676312754499,41
4551,0,8783,8783,0,0,0,0,1.0,1.0,1.0,1.0,1.0,1,0.42625174725084075,39
4552,0,8783,8783,0,0,0,0,1.0,1.0,1.0,1.0,1.0,1,0.4305099157394756,38
4553,0,8783,8783,0,0,0,0,1.0,1.0,1.0,1.0,1.0,1,0.4136897360180803,39
4554,0,8783,8783,0,0,0,0,1.0,1.0,1.0,1.0,1.0,1,0.416936242454925,38
4555,1,8784,8784,0,0,0,0,1.0,1.0,1.0,1.0,1.0,1,0.4366300513030177,37
4556,0,8784,8784,0,0,0,0,1.0,1.0,1.0,1.0,1.0,1,0.44273349548189167,36
4557,2,8786,8786,0,0,0,0,1.0,1.0,1.0,1.0,1.0,1,0.4022396390976642,38
4558,1,8787,8787,0,0,0,0,1.0,1.0,1.0,1.0,1.0,1,0.366989918866199,39
4559,0,8787,8787,0,0,0,0,1.0,1.0,1.0,1.0,1.0,1,0.3703785691013026,38
4560,0,8787,8787,0,0,0,0,1.0,1.0,1.0,1.0,1.0,1,0.3534024960497439,41
4561,0,8787,8787,0,0,0,0,1.0,1.0,1.0,1.0,1.0,1,0.3534024960497439,41
4562,2,8789,8789,0,0,0,0,1.0,1.0,1.0,1.0,1.0,1,0.2840364201059561,43
4563,3,8792,8792,0,0,0,0,1.0,1.0,1.0,1.0,1.0,1,0.2940769523257409,42
4564,5,8797,8797,0,0,0,0,1.0,1.0,1.0,1.0,1.0,1,0.24693870305953433,43
4565,2,8799,8799,0,0,0,0,1.0,1.0,1.0,1.0,1.0,1,0.21841971368752794,44
4566,2,8801,8801,0,0,0,0,1.0,1.0,1.0,1.0,1.0,1,0.18000997251413198,45
4567,4,8805,8805,0,0,0,0,1.0,1.0,1.0,1.0,1.0,1,0.2513996083046912,47
4568,2,8807,8807,0,0,0,0,1.0,1.0,1.0,1.0,1.0,1,0.22368951782549784,47
4569,4,8811,8811,0,0,0,0,1.0,1.0,1.0,1.0,1.0,1,0.23760853630878262,49
4570,1,8812,8812,0,0,0,0,1.0,1.0,1.0,1.0,1.0,1,0.22853527805899942,49
4571,1,8813,8813,0,0,0,0,1.0,1.0,1.0,1.0,1.0,1,0.25029910541040656,48
4572,3,8816,8816,0,0,0,0,0.9854126722342573,0.9681731030565616,0.9854126722342573,0.9681731030565616,1.0,1,0.2803105245342283,48
4573,3,8819,8819,0,0,0,0,0.9704325295895994,0.9382939747956857,0.9704325295895994,0.9382939747956857,1.0,1,0.3036617865168856,48
4574,4,8823,8823,0,0,0,0,0.9304333296961357,0.8608666593922714,0.9304333296961357,0.8608666593922714,1.0,1,0.3136798942077655,50
4575,2,8825,8825,0,0,0,0,0.9264585098846163,0.8499753601646175,0.9264585098846163,0.8499753601646175,1.0,1,0.3062437442967456,51
4576,1,8826,8826,0,0,0,0,0.9231126038436638,0.8523761993798347,0.9231126038436638,0.8523761993798347,1.0,1,0.3362747977568209,48
4577,1,8827,8827,0,0,0,0,0.9050462629608381,0.828352859967669,0.9050462629608381,0.828352859967669,1.0,1,0.36811561352675504,47
4578,2,8829,8829,0,0,0,0,0.9284580808547171,0.8683628687726797,0.9284580808547171,0.8683628687726797,1.0,1,0.3538000492670226,46
4579,2,8831,8831,0,0,0,0,0.884950920761963,0.8039904575944554,0.884950920761963,0.8039904575944554,1.0,1,0.406623071694103,46
4580,3,8834,8834,0,0,0,0,0.9117638230479742,0.8404961416636456,0.9117638230479742,0.8404961416636456,1.0,1,0.3576431796469417,47
4581,1,8835,8835,0,0,0,0,0.8921257103195167,0.8122188290747143,0.8921257103195167,0.8122188290747143,1.0,1,0.3673110821973485,47
4582,1,8836,8836,0,0,0,0,0.870922218900246,0.7787238038289931,0.870922218900246,0.7787238038289931,1.0,1,0.37679350150982144,48
4583,0,8836,8836,0,0,0,0,0.870922218900246,0.7787238038289931,0.870922218900246,0.7787238038289931,1.0,1,0.37679350150982144,48
4584,1,8837,8837,0,0,0,0,0.8789031453217591,0.7837556166459982,0.8789031453217591,0.7837556166459982,1.0,1,0.35809690698666574,50
4585,0,8837,8837,0,0,0,0,0.8789031453217591,0.7837556166459982,0.8789031453217591,0.7837556166459982,1.0,1,0.35809690698666574,50
4586,1,8838,8838,0,0,0,0,0.878903145321759,0.7837556166459982,0.878903145321759,0.7837556166459982,1.0,1,0.3661546929121585,50
4587,0,8838,8838,0,0,0,0,0.8789031453217591,0.7837556166459982,0.8789031453217591,0.7837556166459982,1.0,1,0.3661546929121585,50
4588,0,8838,8838,0,0,0,0,0.8789031453217591,0.7837556166459982,0.8789031453217591,0.7837556166459982,1.0,1,0.3661546929121585,50
4589,1,8839,8839,0,0,0,0,0.8835607166555376,0.7837556166459982,0.8835607166555376,0.7837556166459982,1.0,1,0.36636522968249746,52
4590,0,8839,8839,0,0,0,0,0.8835607166555376,0.7837556166459982,0.8835607166555376,0.7837556166459982,1.0,1,0.36636522968249746,52
4591,1,8840,8840,0,0,0,0,0.8857576842658105,0.7837556166459982,0.8857576842658105,0.7837556166459982,1.0,1,0.3538310724196556,53
4592,2,8842,8842,0,0,0,0,0.8637594964045344,0.7463107864084436,0.8637594964045344,0.7463107864084436,1.0,1,0.36821640483991913,54
4593,0,8842,8842,0,0,0,0,0.868625228675801,0.7463107864084436,0.868625228675801,0.7463107864084436,1.0,1,0.3356029955887677,56
4594,3,8845,8845,0,0,0,0,0.855151222608064,0.7247873229553217,0.855151222608064,0.7247873229553217,1.0,1,0.34033711996885563,57
4595,1,8846,8846,0,0,0,0,0.8717660119279982,0.7523757471713068,0.8717660119279982,0.7523757471713068,1.0,1,0.31238337974441327,56
4596,4,8850,8850,0,0,0,0,0.8682963763219677,0.7456757611734548,0.8682963763219677,0.7456757611734548,1.0,1,0.31653564056555444,56
4597,2,8852,8852,0,0,0,0,0.8682963763219677,0.7456757611734548,0.8682963763219677,0.7456757611734548,1.0,1,0.34365128776941856,56
4598,3,8855,8855,0,0,0,0,0.8897660569060916,0.7755951872731149,0.8897660569060916,0.7755951872731149,1.0,1,0.3326156910265722,57
4599,1,8856,8856,0,0,0,0,0.8742947911417746,0.7442549199091276,0.8742947911417746,0.7442549199091276,1.0,1,0.31024324258787,59
4600,3,8859,8859,0,0,0,0,0.8596327927564908,0.7192655855129816,0.8596327927564908,0.7192655855129816,1.0,1,0.3552996060468007,60
4601,1,8860,8860,0,0,0,0,0.8784393835915858,0.7484952763963845,0.8784393835915858,0.7484952763963845,1.0,1,0.34552525940677076,60
4602,2,8862,8862,0,0,0,0,0.8660403479614189,0.723150052453599,0.8660403479614189,0.723150052453599,1.0,1,0.3513741723157525,62
4603,0,8862,8862,0,0,0,0,0.8660403479614189,0.723150052453599,0.8660403479614189,0.723150052453599,1.0,1,0.3513741723157525,62
4604,2,8864,8864,0,0,0,0,0.8681666916445709,0.723150052453599,0.8681666916445709,0.723150052453599,1.0,1,0.3762775066066839,63
4605,1,8865,8865,0,0,0,0,0.8681666916445709,0.723150052453599,0.8681666916445709,0.723150052453599,1.0,1,0.3666530106371236,63
4606,2,8867,8867,0,0,0,0,0.8404672924439703,0.6809345848879406,0.8404672924439703,0.6809345848879406,1.0,1,0.3796302412635648,64
4607,2,8869,8869,0,0,0,0,0.8283118211350621,0.6618263143569404,0.8283118211350621,0.6618263143569404,1.0,1,0.38885586014582374,65
4608,3,8872,8872,0,0,0,0,0.81907173579111,0.6487863106533311,0.81907173579111,0.6487863106533311,1.0,1,0.3867683014994066,66
4609,4,8876,8876,0,0,0,0,0.7585008544809733,0.5869093563490331,0.7585008544809733,0.5869093563490331,1.0,1,0.41635804646937274,65
4610,3,8879,8879,0,0,0,0,0.7449461092105187,0.5771474968490179,0.7449461092105187,0.5771474968490179,1.0,1,0.4157503530258863,63
4611,3,8882,8882,0,0,0,0,0.7677237475827813,0.5982248606837298,0.7677237475827813,0.5982248606837298,1.0,1,0.39299303735118285,64
4612,2,8884,8884,0,0,0,0,0.7570233454736011,0.5928499302530612,0.7570233454736011,0.5928499302530612,1.0,1,0.4020432887322779,62
4613,0,8884,8884,0,0,0,0,0.7608801177676708,0.5928499302530612,0.7608801177676708,0.5928499302530612,1.0,1,0.4003717076715945,63
4614,4,8888,8888,0,0,0,0,0.7690290844703912,0.6086326153526073,0.7690290844703912,0.6086326153526073,1.0,1,0.4020495197577145,61
4615,0,8888,8888,0,0,0,0,0.7611995619100654,0.6086326153526073,0.7611995619100654,0.6086326153526073,1.0,1,0.42722370516658514,59
4616,2,8890,8890,0,0,0,0,0.7855182233769568,0.6341193222312792,0.7855182233769568,0.6341193222312792,1.0,1,0.4249107048904481,58
4617,0,8890,8890,0,0,0,0,0.7855182233769568,0.6341193222312792,0.7855182233769568,0.6341193222312792,1.0,1,0.43756126863692885,58
4618,2,8892,8892,0,0,0,0,0.7674606497000709,0.6212930580829726,0.7674606497000709,0.6212930580829726,1.0,1,0.4496349830594692,57
4619,2,8894,8894,0,0,0,0,0.7729968471459298,0.6303091510662284,0.7729968471459298,0.6303091510662284,1.0,1,0.4363131327813679,57
4620,1,8895,8895,0,0,0,0,0.7729968471459298,0.6303091510662284,0.7729968471459298,0.6303091510662284,1.0,1,0.44314433425023453,57
4621,5,8900,8900,0,0,0,0,0.7644361453306343,0.6139370159585397,0.7644361453306343,0.6139370159585397,1.0,1,0.40739683577597113,59
4622,2,8902,8902,0,0,0,0,0.7500605795874186,0.5946928317633814,0.7500605795874186,0.5946928317633814,1.0,1,0.4324346776543435,60
4623,4,8906,8906,0,0,0,0,0.7610473499977735,0.6083831569407955,0.7610473499977735,0.6083831569407955,1.0,1,0.4044243647651047,59
4624,4,8910,8910,0,0,0,0,0.7935545017758594,0.6417563413169324,0.7935545017758594,0.6417563413169324,1.0,1,0.35959491880604566,59
4625,1,8911,8911,0,0,0,0,0.8225146444593399,0.6838542104431989,0.8225146444593399,0.6838542104431989,1.0,1,0.3448002385393108,57
4626,2,8913,8913,0,0,0,0,0.7988212141075943,0.658605696667433,0.7988212141075943,0.658605696667433,1.0,1,0.38424070977135766,56
4627,2,8915,8915,0,0,0,0,0.8172044872438189,0.6801078526766832,0.8172044872438189,0.6801078526766832,1.0,1,0.3794590597218466,56
4628,2,8917,8917,0,0,0,0,0.8326129665527261,0.697623423450086,0.8326129665527261,0.697623423450086,1.0,1,0.3569633143944896,56
4629,2,8919,8919,0,0,0,0,0.8248297020631965,0.6934519786105938,0.8248297020631965,0.6934519786105938,1.0,1,0.37190916618335196,56
4630,2,8921,8921,0,0,0,0,0.8135740531465762,0.677991546344086,0.8135740531465762,0.677991546344086,1.0,1,0.38398369034676144,57
4631,2,8923,8923,0,0,0,0,0.808143435561739,0.674425223983557,0.808143435561739,0.674425223983557,1.0,1,0.4201282687103349,56
4632,0,8923,8923,0,0,0,0,0.7939091732033381,0.6544947903703019,0.7939091732033381,0.6544947903703019,1.0,1,0.4259192576103432,57
4633,0,8923,8923,0,0,0,0,0.7974624633205218,0.6544947903703019,0.7974624633205218,0.6544947903703019,1.0,1,0.4119155622317913,58
4634,2,8925,8925,0,0,0,0,0.7974624633205218,0.6544947903703019,0.7974624633205218,0.6544947903703019,1.0,1,0.4236342675431667,58
4635,0,8925,8925,0,0,0,0,0.8008953029252587,0.6544947903703019,0.8008953029252587,0.6544947903703019,1.0,1,0.409181650922863,59
4636,1,8926,8926,0,0,0,0,0.804213714543171,0.6544947903703019,0.804213714543171,0.6544947903703019,1.0,1,0.3790405246100505,60
4637,1,8927,8927,0,0,0,0,0.8242293297039556,0.680416963098101,0.8242293297039556,0.680416963098101,1.0,1,0.3577567669894275,60
4638,2,8929,8929,0,0,0,0,0.8408090857292152,0.6965423196713166,0.8408090857292152,0.6965423196713166,1.0,1,0.3361868010777971,61
4639,2,8931,8931,0,0,0,0,0.8400270534546357,0.6900524160683565,0.8400270534546357,0.6900524160683565,1.0,1,0.33960128232938497,62
4640,4,8935,8935,0,0,0,0,0.7768149651178344,0.6094261889562101,0.7768149651178344,0.6094261889562101,1.0,1,0.37085575217827677,63
4641,2,8937,8937,0,0,0,0,0.8107517770174881,0.6493341750618163,0.8107517770174881,0.6493341750618163,1.0,1,0.3360495572986728,63
4642,3,8940,8940,0,0,0,0,0.7903479394874088,0.6286163499491242,0.7903479394874088,0.6286163499491242,1.0,1,0.3953357587666689,62
4643,3,8943,8943,0,0,0,0,0.8279278245370154,0.6714985741161206,0.8279278245370154,0.6714985741161206,1.0,1,0.3414827382777151,63
4644,2,8945,8945,0,0,0,0,0.8210565406523224,0.6638031975892118,0.8210565406523224,0.6638031975892118,1.0,1,0.3574654566827639,62
4645,3,8948,8948,0,0,0,0,0.8244932635648237,0.6649416849873906,0.8244932635648237,0.6649416849873906,1.0,1,0.35385505065432654,63
4646,2,8950,8950,0,0,0,0,0.855293324526002,0.7059186917786494,0.855293324526002,0.7059186917786494,1.0,1,0.314670578093033,63
4647,2,8952,8952,0,0,0,0,0.8716101668559131,0.7346610115022204,0.8716101668559131,0.7346610115022204,1.0,1,0.2944723741386319,62
4648,3,8955,8955,0,0,0,0,0.8885261368950662,0.7578326422203162,0.8885261368950662,0.7578326422203162,1.0,1,0.2667818107150827,63
4649,4,8959,8959,0,0,0,0,0.8628967867647959,0.7212234664217517,0.8628967867647959,0.7212234664217517,1.0,1,0.3092159855587913,61
4650,2,8961,8961,0,0,0,0,0.9006335897785988,0.7764255770018473,0.9006335897785988,0.7764255770018473,1.0,1,0.24597955825841875,63
4651,2,8963,8963,0,0,0,0,0.8990309057427698,0.7764255770018473,0.8990309057427698,0.7764255770018473,1.0,1,0.24939591949161047,62
4652,3,8966,8966,0,0,0,0,0.8950702869231256,0.7788981045880148,0.8950702869231256,0.7788981045880148,1.0,1,0.28654817936225396,59
4653,2,8968,8968,0,0,0,0,0.8964774195806339,0.7781658991013581,0.8964774195806339,0.7781658991013581,1.0,1,0.2935514577563792,60
4654,1,8969,8969,0,0,0,0,0.9134171476066631,0.8075936613481404,0.9134171476066631,0.8075936613481404,1.0,1,0.2728058040629826,60
4655,2,8971,8971,0,0,0,0,0.9134171476066631,0.8075936613481404,0.9134171476066631,0.8075936613481404,1.0,1,0.3065432385088737,60
4656,4,8975,8975,0,0,0,0,0.9227414843853916,0.8254529832410702,0.9227414843853916,0.8254529832410702,1.0,1,0.29891498654575493,61
4657,2,8977,8977,0,0,0,0,0.8892061259552251,0.7631303382491018,0.8892061259552251,0.7631303382491018,1.0,1,0.3121969756797414,62
4658,1,8978,8978,0,0,0,0,0.873331603697966,0.738218647642463,0.873331603697966,0.738218647642463,1.0,1,0.32760510131977,62
4659,1,8979,8979,0,0,0,0,0.8883290636653453,0.7651059615029676,0.8883290636653453,0.7651059615029676,1.0,1,0.3203235621894002,61
4660,0,8979,8979,0,0,0,0,0.8883290636653454,0.7651059615029676,0.8883290636653454,0.7651059615029676,1.0,1,0.3184414703429171,61
4661,0,8979,8979,0,0,0,0,0.8684172423821261,0.7324483928436565,0.8684172423821261,0.7324483928436565,1.0,1,0.35169463348430086,61
4662,0,8979,8979,0,0,0,0,0.8705395449243499,0.7324483928436565,0.8705395449243499,0.7324483928436565,1.0,1,0.33864779098203424,62
4663,1,8980,8980,0,0,0,0,0.8684172423821261,0.7324483928436565,0.8684172423821261,0.7324483928436565,1.0,1,0.3231238351988817,61
4664,2,8982,8982,0,0,0,0,0.886566592794449,0.7574871983881325,0.886566592794449,0.7574871983881325,1.0,1,0.2925221819759562,62
4665,1,8983,8983,0,0,0,0,0.90296273468037,0.7885973862679492,0.90296273468037,0.7885973862679492,1.0,1,0.2842527640431327,61
4666,1,8984,8984,0,0,0,0,0.9247272818307423,0.8299394145064916,0.9247272818307423,0.8299394145064916,1.0,1,0.2683783945820024,61
4667,1,8985,8985,0,0,0,0,0.9383976912257291,0.8602101454737697,0.9383976912257291,0.8602101454737697,1.0,1,0.2709615831976346,59
4668,3,8988,8988,0,0,0,0,0.9394861311170207,0.8626800667655473,0.9394861311170207,0.8626800667655473,1.0,1,0.28218175962883457,59
4669,3,8991,8991,0,0,0,0,0.9565048083507675,0.8990911553737804,0.9565048083507675,0.8990911553737804,1.0,1,0.2850741330043247,58
4670,2,8993,8993,0,0,0,0,0.9557210445114834,0.8990439814861823,0.9557210445114834,0.8990439814861823,1.0,1,0.29738634774746175,57
4671,1,8994,8994,0,0,0,0,0.9365018990751313,0.8656770941973929,0.9365018990751313,0.8656770941973929,1.0,1,0.32769830545753725,55
4672,2,8996,8996,0,0,0,0,0.9750732310426102,0.941837539099424,0.9750732310426102,0.941837539099424,1.0,1,0.2902967726424051,56
4673,4,9000,9000,0,0,0,0,0.9906750988952269,0.9764850319966593,0.9906750988952269,0.9764850319966593,1.0,1,0.23886289679803305,58
4674,4,9004,9004,0,0,0,0,0.9312745936311492,0.8466894781002557,0.9312745936311492,0.8466894781002557,1.0,1,0.25910082203126455,58
4675,3,9007,9007,0,0,0,0,0.9324709667987532,0.851955581058805,0.9324709667987532,0.851955581058805,1.0,1,0.28193294527686336,57
4676,2,9009,9009,0,0,0,0,0.8878028419789481,0.7675916012421067,0.8878028419789481,0.7675916012421067,1.0,1,0.3055006479700885,58
4677,3,9012,9012,0,0,0,0,0.9039019922211783,0.7971264280224877,0.9039019922211783,0.7971264280224877,1.0,1,0.28525886261468986,57
4678,5,9017,9017,0,0,0,0,0.8681357467414916,0.7408185366987937,0.8681357467414916,0.7408185366987937,1.0,1,0.30307469202239923,57
4679,3,9020,9020,0,0,0,0,0.8518302273322315,0.7184774319312399,0.8518302273322315,0.7184774319312399,1.0,1,0.3416097691745261,57
4680,1,9021,9021,0,0,0,0,0.8698217307398156,0.7351545556430734,0.8698217307398156,0.7351545556430734,1.0,1,0.3118038291900404,59
4681,2,9023,9023,0,0,0,0,0.8371688455304529,0.6848429268331346,0.8371688455304529,0.6848429268331346,1.0,1,0.34622012543043174,60
4682,3,9026,9026,0,0,0,0,0.8182743203577341,0.6592643506707513,0.8182743203577341,0.6592643506707513,1.0,1,0.3647449487051173,60
4683,5,9031,9031,0,0,0,0,0.8170852306363334,0.6570348074431253,0.8170852306363334,0.6570348074431253,1.0,1,0.372838588123156,60
4684,1,9032,9032,0,0,0,0,0.8170852306363334,0.6570348074431253,0.8170852306363334,0.6570348074431253,1.0,1,0.3818045016414706,60
4685,4,9036,9036,0,0,0,0,0.8365859790741438,0.6889862182378866,0.8365859790741438,0.6889862182378866,1.0,1,0.3862252272699707,59
4686,3,9039,9039,0,0,0,0,0.8573606784609062,0.7147213569218124,0.8573606784609062,0.7147213569218124,1.0,1,0.3745418019131198,60
4687,2,9041,9041,0,0,0,0,0.8376299491872988,0.6909731290984075,0.8376299491872988,0.6909731290984075,1.0,1,0.39445935611826566,59
4688,2,9043,9043,0,0,0,0,0.8707445170517498,0.7370319484845943,0.8707445170517498,0.7370319484845943,1.0,1,0.36077643329772674,59
4689,1,9044,9044,0,0,0,0,0.8707445170517498,0.7370319484845943,0.8707445170517498,0.7370319484845943,1.0,1,0.3435739498754053,59
4690,2,9046,9046,0,0,0,0,0.8815816958986827,0.7547049415044143,0.8815816958986827,0.7547049415044143,1.0,1,0.3302034392444527,58
4691,0,9046,9046,0,0,0,0,0.8795041817916421,0.7547049415044143,0.8795041817916421,0.7547049415044143,1.0,1,0.339052557844167,57
4692,1,9047,9047,0,0,0,0,0.8634593600020001,0.7269187200040003,0.8634593600020001,0.7269187200040003,1.0,1,0.3513829846505884,58
4693,1,9048,9048,0,0,0,0,0.8610639101774739,0.7269187200040003,0.8610639101774739,0.7269187200040003,1.0,1,0.3470959008722339,57
4694,2,9050,9050,0,0,0,0,0.8925323642972566,0.7731238801830971,0.8925323642972566,0.7731238801830971,1.0,1,0.3412010106097287,57
4695,2,9052,9052,0,0,0,0,0.9073706977926583,0.8004907337072641,0.9073706977926583,0.8004907337072641,1.0,1,0.33569461140283424,56
4696,2,9054,9054,0,0,0,0,0.9485225533816445,0.877741064281406,0.9485225533816445,0.877741064281406,1.0,1,0.29948760366581717,57
4697,2,9056,9056,0,0,0,0,0.9533254756019488,0.8872032327047095,0.9533254756019488,0.8872032327047095,1.0,1,0.28840085209561844,58
4698,3,9059,9059,0,0,0,0,0.9541165692358139,0.8872032327047095,0.9541165692358139,0.8872032327047095,1.0,1,0.25050120460195513,59
4699,0,9059,9059,0,0,0,0,0.9533254756019488,0.8872032327047095,0.9533254756019488,0.8872032327047095,1.0,1,0.2663662652129117,58
4700,0,9059,9059,0,0,0,0,0.954116569235814,0.8872032327047095,0.954116569235814,0.8872032327047095,1.0,1,0.24381473535630516,59
4701,1,9060,9060,0,0,0,0,0.9399920368332115,0.8559808883997077,0.9399920368332115,0.8559808883997077,1.0,1,0.2620650565760133,60
4702,1,9061,9061,0,0,0,0,0.9120462464598075,0.8012896679277131,0.9120462464598075,0.8012896679277131,1.0,1,0.283787037219842,61
4703,2,9063,9063,0,0,0,0,0.9299937641683262,0.8411396956127405,0.9299937641683262,0.8411396956127405,1.0,1,0.2982884504328096,59
4704,2,9065,9065,0,0,0,0,0.9453787178694417,0.8732786254571048,0.9453787178694417,0.8732786254571048,1.0,1,0.26369838347647223,58
4705,3,9068,9068,0,0,0,0,0.9309904107238353,0.8460555316147093,0.9309904107238353,0.8460555316147093,1.0,1,0.3023724778233492,58
4706,1,9069,9069,0,0,0,0,0.948318325791002,0.8759639818984045,0.948318325791002,0.8759639818984045,1.0,1,0.2931145727007601,60
4707,2,9071,9071,0,0,0,0,0.9824255830853456,0.956446010254987,0.9824255830853456,0.956446010254987,1.0,1,0.2980357051986528,57
4708,3,9074,9074,0,0,0,0,0.9270645826829828,0.8401031235742313,0.9270645826829828,0.8401031235742313,1.0,1,0.35281983502160225,57
4709,1,9075,9075,0,0,0,0,0.9037956992155596,0.8040282761798436,0.9037956992155596,0.8040282761798436,1.0,1,0.380095492341972,55
4710,3,9078,9078,0,0,0,0,0.8874776558534337,0.7870112771511424,0.8874776558534337,0.7870112771511424,1.0,1,0.3973978687300079,53
4711,1,9079,9079,0,0,0,0,0.8893458072569107,0.7944993563342626,0.8893458072569107,0.7944993563342626,1.0,1,0.406673005364892,52
4712,2,9081,9081,0,0,0,0,0.8455177236028961,0.7322307209116865,0.8455177236028961,0.7322307209116865,1.0,1,0.4527219578487351,52
4713,3,9084,9084,0,0,0,0,0.8569569543383193,0.7484415403880788,0.8569569543383193,0.7484415403880788,1.0,1,0.4630476395412546,51
4714,1,9085,9085,0,0,0,0,0.8289177653591365,0.7148629422652275,0.8289177653591365,0.7148629422652275,1.0,1,0.4951728411919972,50
4715,4,9089,9089,0,0,0,0,0.8703016904334165,0.7683958757739582,0.8703016904334165,0.7683958757739582,1.0,1,0.44662394451068965,50
4716,0,9089,9089,0,0,0,0,0.8676547861565476,0.7683958757739582,0.8676547861565476,0.7683958757739582,1.0,1,0.4219661875147216,49
4717,3,9092,9092,0,0,0,0,0.9073500054398148,0.8253903948673432,0.9073500054398148,0.8253903948673432,1.0,1,0.39190266197097356,49
4718,0,9092,9092,0,0,0,0,0.9092030053310185,0.8253903948673432,0.9092030053310185,0.8253903948673432,1.0,1,0.36741869260423426,50
4719,1,9093,9093,0,0,0,0,0.9073500054398148,0.8253903948673432,0.9073500054398148,0.8253903948673432,1.0,1,0.3584661867721231,49
4720,1,9094,9094,0,0,0,0,0.9073500054398147,0.8253903948673432,0.9073500054398147,0.8253903948673432,1.0,1,0.34779285384420255,49
4721,0,9094,9094,0,0,0,0,0.9092030053310185,0.8253903948673432,0.9092030053310185,0.8253903948673432,1.0,1,0.3462265036922685,50
4722,2,9096,9096,0,0,0,0,0.9109833385598219,0.8253903948673432,0.9109833385598219,0.8253903948673432,1.0,1,0.3022900152819817,51
4723,0,9096,9096,0,0,0,0,0.9092030053310184,0.8253903948673432,0.9092030053310184,0.8253903948673432,1.0,1,0.34838465387899675,50
4724,4,9100,9100,0,0,0,0,0.9233989622342957,0.8467979244685917,0.9233989622342957,0.8467979244685917,1.0,1,0.3520562794322589,50
4725,2,9102,9102,0,0,0,0,0.9493134006721615,0.8901790347896832,0.9493134006721615,0.8901790347896832,1.0,1,0.30587101023607155,52
4726,2,9104,9104,0,0,0,0,0.9460969073991393,0.885455928223171,0.9460969073991393,0.885455928223171,1.0,1,0.34445271855290416,51
4727,2,9106,9106,0,0,0,0,0.9643123158610138,0.9193148010770746,0.9643123158610138,0.9193148010770746,1.0,1,0.3318556231827164,52
4728,1,9107,9107,0,0,0,0,0.9840202179998794,0.962229606181533,0.9840202179998794,0.962229606181533,1.0,1,0.31174330766623026,52
4729,2,9109,9109,0,0,0,0,0.9869986730663095,0.9692695908840044,0.9869986730663095,0.9692695908840044,1.0,1,0.3291904307929175,52
4730,3,9112,9112,0,0,0,0,1.0,1.0,1.0,1.0,1.0,1,0.34037802342616574,50
4731,0,9112,9112,0,0,0,0,1.0,1.0,1.0,1.0,1.0,1,0.31131675312903484,51
4732,5,9117,9117,0,0,0,0,0.9906479129921603,0.9788561511127098,0.9906479129921603,0.9788561511127098,1.0,1,0.31752300376678555,52
4733,1,9118,9118,0,0,0,0,0.9908243674640062,0.9788561511127098,0.9908243674640062,0.9788561511127098,1.0,1,0.30670139127937773,53
4734,1,9119,9119,0,0,0,0,0.9660667829118632,0.9250641455970314,0.9660667829118632,0.9250641455970314,1.0,1,0.3186773076232336,53
4735,1,9120,9120,0,0,0,0,0.943910167375422,0.8810895548358946,0.943910167375422,0.8810895548358946,1.0,1,0.32955386976120227,53
4736,1,9121,9121,0,0,0,0,0.9320219560038902,0.8562002915466908,0.9320219560038902,0.8562002915466908,1.0,1,0.3396709440421661,55
4737,0,9121,9121,0,0,0,0,0.9144722086597482,0.8194413293928016,0.9144722086597482,0.8194413293928016,1.0,1,0.3357992362477056,57
4738,0,9121,9121,0,0,0,0,0.9144722086597482,0.8194413293928016,0.9144722086597482,0.8194413293928016,1.0,1,0.3357992362477056,57
4739,2,9123,9123,0,0,0,0,0.8961838440394246,0.7886599682231145,0.8961838440394246,0.7886599682231145,1.0,1,0.3567252591654996,57
4740,1,9124,9124,0,0,0,0,0.9163185566738534,0.8233391752003573,0.9163185566738534,0.8233391752003573,1.0,1,0.32653647936348396,57
4741,0,9124,9124,0,0,0,0,0.9042664894498099,0.8016948710031775,0.9042664894498099,0.8016948710031775,1.0,1,0.3317053042751947,58
4742,2,9126,9126,0,0,0,0,0.9042664894498098,0.8016948710031775,0.9042664894498098,0.8016948710031775,1.0,1,0.352008962094621,58
4743,3,9129,9129,0,0,0,0,0.9437926829896419,0.8789380864392288,0.9437926829896419,0.8789380864392288,1.0,1,0.3181017353672255,56
4744,2,9131,9131,0,0,0,0,0.9447787762705254,0.8789380864392288,0.9447787762705254,0.8789380864392288,1.0,1,0.32580991324723474,57
4745,5,9136,9136,0,0,0,0,0.9407517881579074,0.8723884668016465,0.9407517881579074,0.8723884668016465,1.0,1,0.3358606015650425,56
4746,2,9138,9138,0,0,0,0,0.9089743107767448,0.8723884668016465,0.9089743107767448,0.8723884668016465,1.0,1,0.3681572332454593,56
4747,3,9141,9141,0,0,0,0,0.9409474547019332,0.8750811541771663,0.9409474547019332,0.8750811541771663,1.0,1,0.3327350245311811,55
4748,1,9142,9142,0,0,0,0,0.9306729875538061,0.8691454552684221,0.9306729875538061,0.8691454552684221,1.0,1,0.34623479792645373,55
4749,1,9143,9143,0,0,0,0,0.970805019392889,0.9514266070306516,0.970805019392889,0.9514266070306516,1.0,1,0.3176211620576258,54
4750,0,9143,9143,0,0,0,0,0.9775897148599079,0.9434407089321483,0.9775897148599079,0.9434407089321483,1.0,1,0.3206928808730371,53
4751,1,9144,9144,0,0,0,0,0.9504044833601336,0.891967801479782,0.9504044833601336,0.891967801479782,1.0,1,0.3680122887687112,53
4752,0,9144,9144,0,0,0,0,0.9551564458972681,0.891967801479782,0.9551564458972681,0.891967801479782,1.0,1,0.36216642674071653,53
4753,0,9144,9144,0,0,0,0,0.9542940698568307,0.891967801479782,0.9542940698568307,0.891967801479782,1.0,1,0.3771165738225038,52
4754,3,9147,9147,0,0,0,0,0.996913314131323,0.99197461674144,0.996913314131323,0.99197461674144,1.0,1,0.31157008908065115,52
4755,4,9151,9151,0,0,0,0,0.9501718799613714,0.8895115599143455,0.9501718799613714,0.8895115599143455,1.0,1,0.33621131726502707,51
4756,3,9154,9154,0,0,0,0,0.9833184467085789,0.9586932966117192,0.9833184467085789,0.9586932966117192,1.0,1,0.26967828399806726,52
4757,4,9158,9158,0,0,0,0,0.9424861339769592,0.8724692536010835,0.9424861339769592,0.8724692536010835,1.0,1,0.2894359836220854,51
4758,2,9160,9160,0,0,0,0,0.966305534672238,0.9218901031038247,0.966305534672238,0.9218901031038247,1.0,1,0.25388390849530923,51
4759,6,9166,9166,0,0,0,0,0.9506288950988055,0.8905249413060472,0.9506288950988055,0.8905249413060472,1.0,1,0.24299980706252497,51
4760,2,9168,9168,0,0,0,0,0.9708894904889825,0.931193341155777,0.9708894904889825,0.931193341155777,1.0,1,0.20146493499431223,52
4761,4,9172,9172,0,0,0,0,0.9375249929401626,0.8641847672612232,0.9375249929401626,0.8641847672612232,1.0,1,0.2736405157802121,50
4762,2,9174,9174,0,0,0,0,0.9597761568333003,0.9067538181135597,0.9597761568333003,0.9067538181135597,1.0,1,0.242740346835985,51
4763,4,9178,9178,0,0,0,0,1.0,1.0,1.0,1.0,1.0,1,0.193470740592508,51
4764,3,9181,9181,0,0,0,0,1.0,1.0,1.0,1.0,1.0,1,0.20880308401909017,53
4765,1,9182,9182,0,0,0,0,1.0,1.0,1.0,1.0,1.0,1,0.19767981357466952,53
4766,2,9184,9184,0,0,0,0,1.0,1.0,1.0,1.0,1.0,1,0.16310626927380042,55
4767,0,9184,9184,0,0,0,0,1.0,1.0,1.0,1.0,1.0,1,0.1426516558417394,56
4768,0,9184,9184,0,0,0,0,1.0,1.0,1.0,1.0,1.0,1,0.12787425118754006,56
4769,1,9185,9185,0,0,0,0,1.0,1.0,1.0,1.0,1.0,1,0.11902628432031565,56
4770,0,9185,9185,0,0,0,0,1.0,1.0,1.0,1.0,1.0,1,0.11902628432031565,56
4771,2,9187,9187,0,0,0,0,1.0,1.0,1.0,1.0,1.0,1,0.10918301654544203,55
4772,1,9188,9188,0,0,0,0,1.0,1.0,1.0,1.0,1.0,1,0.11319581123789706,56
4773,2,9190,9190,0,0,0,0,1.0,1.0,1.0,1.0,1.0,1,0.10515289428383846,56
4774,3,9193,9193,0,0,0,0,1.0,1.0,1.0,1.0,1.0,1,0.06593853588083892,58
4775,2,9195,9195,0,0,0,0,1.0,1.0,1.0,1.0,1.0,1,0.08157209464742625,59
4776,3,9198,9198,0,0,0,0,1.0,1.0,1.0,1.0,1.0,1,0.12480948184003829,59
4777,5,9203,9203,0,0,0,0,1.0,1.0,1.0,1.0,1.0,1,0.10808141322688469,60
4778,6,9209,9209,0,0,0,0,1.0,1.0,1.0,1.0,1.0,1,0.14779197604272243,60
4779,3,9212,9212,0,0,0,0,1.0,1.0,1.0,1.0,1.0,1,0.16282466390915065,61
4780,4,9216,9216,0,0,0,0,0.9971311554080503,0.9943293561017976,0.9971311554080503,0.9943293561017976,1.0,1,0.1749606737921206,63
4781,4,9220,9220,0,0,0,0,1.0,1.0,1.0,1.0,1.0,1,0.16387490664068952,62
4782,2,9222,9222,0,0,0,0,0.9981905269295964,0.9943001598282287,0.9981905269295964,0.9943001598282287,1.0,1,0.16797373987617462,63
4783,5,9227,9227,0,0,0,0,0.9976623689691771,0.9927533438044494,0.9976623689691771,0.9927533438044494,1.0,1,0.15720430964630827,62
4784,6,9233,9233,0,0,0,0,0.9790208404522511,0.9380615289542654,0.9790208404522511,0.9380615289542654,1.0,1,0.1620387401176743,62
4785,5,9238,9238,0,0,0,0,1.0,1.0,1.0,1.0,1.0,1,0.10172012216605347,62
4786,5,9243,9243,0,0,0,0,1.0,1.0,1.0,1.0,1.0,1,0.12058787786687956,63
4787,6,9249,9249,0,0,0,0,1.0,1.0,1.0,1.0,1.0,1,0.11144900431310428,62
4788,1,9250,9250,0,0,0,0,1.0,1.0,1.0,1.0,1.0,1,0.08192105768301013,62
4789,7,9257,9257,0,0,0,0,1.0,1.0,1.0,1.0,1.0,1,0.0809400019200636,60
4790,1,9258,9258,0,0,0,0,1.0,1.0,1.0,1.0,1.0,1,0.09140123238483548,61
4791,2,9260,9260,0,0,0,0,1.0,1.0,1.0,1.0,1.0,1,0.09523941264725061,60
4792,0,9260,9260,0,0,0,0,1.0,1.0,1.0,1.0,1.0,1,0.09523941264725061,60
4793,1,9261,9261,0,0,0,0,1.0,1.0,1.0,1.0,1.0,1,0.13134572512662085,61
4794,1,9262,9262,0,0,0,0,1.0,1.0,1.0,1.0,1.0,1,0.13937583008711443,59
4795,2,9264,9264,0,0,0,0,1.0,1.0,1.0,1.0,1.0,1,0.1249013499168187,61
4796,1,9265,9265,0,0,0,0,1.0,1.0,1.0,1.0,1.0,1,0.12890201555294095,59
4797,0,9265,9265,0,0,0,0,1.0,1.0,1.0,1.0,1.0,1,0.11898566715218531,58
4798,3,9268,9268,0,0,0,0,1.0,1.0,1.0,1.0,1.0,1,0.1324106389771994,59
4799,0,9268,9268,0,0,0,0,1.0,1.0,1.0,1.0,1.0,1,0.11264860278308704,57
4800,1,9269,9269,0,0,0,0,1.0,1.0,1.0,1.0,1.0,1,0.113469656837599,58
4801,2,9271,9271,0,0,0,0,1.0,1.0,1.0,1.0,1.0,1,0.050741810101381506,57
4802,0,9271,9271,0,0,0,0,1.0,1.0,1.0,1.0,1.0,1,0.050741810101381506,57
4803,1,9272,9272,0,0,0,0,1.0,1.0,1.0,1.0,1.0,1,0.06238858429458461,56
4804,2,9274,9274,0,0,0,0,1.0,1.0,1.0,1.0,1.0,1,0.1095534798635311,54
4805,3,9277,9277,0,0,0,0,1.0,1.0,1.0,1.0,1.0,1,0.12803330926164627,56
4806,3,9280,9280,0,0,0,0,1.0,1.0,1.0,1.0,1.0,1,0.13748423683431626,55
4807,3,9283,9283,0,0,0,0,1.0,1.0,1.0,1.0,1.0,1,0.16927098954318504,54
4808,4,9287,9287,0,0,0,0,1.0,1.0,1.0,1.0,1.0,1,0.17858069649105965,53
4809,5,9292,9292,0,0,0,0,1.0,1.0,1.0,1.0,1.0,1,0.17234893458512623,53
4810,7,9299,9299,0,0,0,0,1.0,1.0,1.0,1.0,1.0,1,0.0983484864693694,51
4811,2,9301,9301,0,0,0,0,1.0,1.0,1.0,1.0,1.0,1,0.1394914013210398,52
4812,7,9308,9308,0,0,0,0,1.0,1.0,1.0,1.0,1.0,1,0.10415964939735471,52
4813,2,9310,9310,0,0,0,0,1.0,1.0,1.0,1.0,1.0,1,0.05924161830454327,52
4814,5,9315,9315,0,0,0,0,1.0,1.0,1.0,1.0,1.0,1,0.02705299699736699,53
4815,3,9318,9318,0,0,0,0,1.0,1.0,1.0,1.0,1.0,1,0.017110360973368398,54
4816,2,9320,9320,0,0,0,0,1.0,1.0,1.0,1.0,1.0,1,0.03842540288968019,54
4817,3,9323,9323,0,0,0,0,1.0,1.0,1.0,1.0,1.0,1,0.06051648523120627,55
4818,1,9324,9324,0,0,0,0,1.0,1.0,1.0,1.0,1.0,1,0.09504855642838342,55
4819,3,9327,9327,0,0,0,0,1.0,1.0,1.0,1.0,1.0,1,0.10848626396924717,55
4820,1,9328,9328,0,0,0,0,1.0,1.0,1.0,1.0,1.0,1,0.14636036830417945,55
4821,1,9329,9329,0,0,0,0,1.0,1.0,1.0,1.0,1.0,1,0.15836913676732006,55
4822,2,9331,9331,0,0,0,0,1.0,1.0,1.0,1.0,1.0,1,0.12012013160383107,54
4823,0,9331,9331,0,0,0,0,1.0,1.0,1.0,1.0,1.0,1,0.13558256862317777,54
4824,2,9333,9333,0,0,0,0,1.0,1.0,1.0,1.0,1.0,1,0.14476688488137313,55
4825,1,9334,9334,0,0,0,0,1.0,1.0,1.0,1.0,1.0,1,0.15436616838380432,53
4826,3,9337,9337,0,0,0,0,1.0,1.0,1.0,1.0,1.0,1,0.14131705913658865,54
4827,1,9338,9338,0,0,0,0,1.0,1.0,1.0,1.0,1.0,1,0.14111943953415435,53
4828,2,9340,9340,0,0,0,0,1.0,1.0,1.0,1.0,1.0,1,0.11891751677065675,54
4829,2,9342,9342,0,0,0,0,1.0,1.0,1.0,1.0,1.0,1,0.12871655131346954,54
4830,0,9342,9342,0,0,0,0,1.0,1.0,1.0,1.0,1.0,1,0.1505483271102659,53
4831,0,9342,9342,0,0,0,0,1.0,1.0,1.0,1.0,1.0,1,0.15583947774095425,52
4832,1,9343,9343,0,0,0,0,1.0,1.0,1.0,1.0,1.0,1,0.19091376053911369,50
4833,2,9345,9345,0,0,0,0,1.0,1.0,1.0,1.0,1.0,1,0.16854567336578474,51
4834,1,9346,9346,0,0,0,0,1.0,1.0,1.0,1.0,1.0,1,0.20540185749703485,51
4835,5,9351,9351,0,0,0,0,1.0,1.0,1.0,1.0,1.0,1,0.18352303945852164,50
4836,2,9353,9353,0,0,0,0,1.0,1.0,1.0,1.0,1.0,1,0.15989449239552234,50
4837,5,9358,9358,0,0,0,0,1.0,1.0,1.0,1.0,1.0,1,0.1858954613279699,46
4838,2,9360,9360,0,0,0,0,1.0,1.0,1.0,1.0,1.0,1,0.1769650068908822,47
4839,3,9363,9363,0,0,0,0,1.0,1.0,1.0,1.0,1.0,1,0.17770374099423075,45
4840,1,9364,9364,0,0,0,0,1.0,1.0,1.0,1.0,1.0,1,0.2206002307147625,45
4841,1,9365,9365,0,0,0,0,1.0,1.0,1.0,1.0,1.0,1,0.22311472269626878,43
4842,2,9367,9367,0,0,0,0,1.0,1.0,1.0,1.0,1.0,1,0.2927876135271993,43
4843,2,9369,9369,0,0,0,0,1.0,1.0,1.0,1.0,1.0,1,0.2469212940212531,44
4844,5,9374,9374,0,0,0,0,1.0,1.0,1.0,1.0,1.0,1,0.28372411088144295,43
4845,4,9378,9378,0,0,0,0,1.0,1.0,1.0,1.0,1.0,1,0.272702944045345,44
4846,3,9381,9381,0,0,0,0,1.0,1.0,1.0,1.0,1.0,1,0.2441973545923732,43
4847,2,9383,9383,0,0,0,0,1.0,1.0,1.0,1.0,1.0,1,0.23897402341359456,42
4848,1,9384,9384,0,0,0,0,1.0,1.0,1.0,1.0,1.0,1,0.2500257564737631,41
4849,3,9387,9387,0,0,0,0,1.0,1.0,1.0,1.0,1.0,1,0.24050831727688676,41
4850,1,9388,9388,0,0,0,0,1.0,1.0,1.0,1.0,1.0,1,0.30666566198028106,41
4851,1,9389,9389,0,0,0,0,1.0,1.0,1.0,1.0,1.0,1,0.33154674460502825,41
4852,0,9389,9389,0,0,0,0,1.0,1.0,1.0,1.0,1.0,1,0.31673406223253564,43
4853,1,9390,9390,0,0,0,0,1.0,1.0,1.0,1.0,1.0,1,0.28710388140897714,44
4854,1,9391,9391,0,0,0,0,1.0,1.0,1.0,1.0,1.0,1,0.3004169593372742,45
4855,0,9391,9391,0,0,0,0,1.0,1.0,1.0,1.0,1.0,1,0.29006018209502654,44
4856,1,9392,9392,0,0,0,0,1.0,1.0,1.0,1.0,1.0,1,0.3043556243253986,44
4857,2,9394,9394,0,0,0,0,1.0,1.0,1.0,1.0,1.0,1,0.3399321053148822,44
4858,0,9394,9394,0,0,0,0,1.0,1.0,1.0,1.0,1.0,1,0.33764763149347105,45
4859,1,9395,9395,0,0,0,0,1.0,1.0,1.0,1.0,1.0,1,0.29617974066182806,46
4860,0,9395,9395,0,0,0,0,1.0,1.0,1.0,1.0,1.0,1,0.29617974066182806,46
4861,0,9395,9395,0,0,0,0,1.0,1.0,1.0,1.0,1.0,1,0.2714475672938615,46
4862,1,9396,9396,0,0,0,0,1.0,1.0,1.0,1.0,1.0,1,0.23527341592030307,47
4863,1,9397,9397,0,0,0,0,1.0,1.0,1.0,1.0,1.0,1,0.19512340631612457,47
4864,2,9399,9399,0,0,0,0,1.0,1.0,1.0,1.0,1.0,1,0.2166991752829635,47
4865,3,9402,9402,0,0,0,0,1.0,1.0,1.0,1.0,1.0,1,0.19194381514129005,48
4866,2,9404,9404,0,0,0,0,1.0,1.0,1.0,1.0,1.0,1,0.1634057411911096,49
4867,4,9408,9408,0,0,0,0,1.0,1.0,1.0,1.0,1.0,1,0.19307139545953123,50
4868,2,9410,9410,0,0,0,0,1.0,1.0,1.0,1.0,1.0,1,0.23684823710361239,50
4869,2,9412,9412,0,0,0,0,1.0,1.0,1.0,1.0,1.0,1,0.2283930901908161,50
4870,2,9414,9414,0,0,0,0,1.0,1.0,1.0,1.0,1.0,1,0.21063374814130453,52
4871,2,9416,9416,0,0,0,0,1.0,1.0,1.0,1.0,1.0,1,0.23928681527144768,52
4872,2,9418,9418,0,0,0,0,1.0,1.0,1.0,1.0,1.0,1,0.2828749482153569,53
4873,3,9421,9421,0,0,0,0,0.997392316038194,0.9924514411631931,0.997392316038194,0.9924514411631931,1.0,1,0.24723678955131803,55
4874,1,9422,9422,0,0,0,0,0.9782439612995449,0.9390830916387258,0.9782439612995449,0.9390830916387258,1.0,1,0.25776183151580084,56
4875,2,9424,9424,0,0,0,0,0.9841147576552154,0.9768646125202137,0.9841147576552154,0.9768646125202137,1.0,1,0.2677987404547017,55
4876,2,9426,9426,0,0,0,0,0.9806873013684189,0.9682959718032221,0.9806873013684189,0.9682959718032221,1.0,1,0.2812145899694819,55
4877,1,9427,9427,0,0,0,0,1.0,1.0,1.0,1.0,1.0,1,0.260627834301297,54
4878,5,9432,9432,0,0,0,0,1.0,1.0,1.0,1.0,1.0,1,0.2536405272835368,53
4879,5,9437,9437,0,0,0,0,0.9788825367399334,0.948166226543473,0.9788825367399334,0.948166226543473,1.0,1,0.2766319055899551,54
4880,4,9441,9441,0,0,0,0,0.9778321983438796,0.9455881232077046,0.9778321983438796,0.9455881232077046,1.0,1,0.2613103820870855,54
4881,3,9444,9444,0,0,0,0,0.9538698170364012,0.8937000131708376,0.9538698170364012,0.8937000131708376,1.0,1,0.2723987762429273,53
4882,2,9446,9446,0,0,0,0,0.9497399556948576,0.8841833761664111,0.9497399556948576,0.8841833761664111,1.0,1,0.28940672375228566,53
4883,1,9447,9447,0,0,0,0,0.9324057710922938,0.8507294111621488,0.9324057710922938,0.8507294111621488,1.0,1,0.30666277798679614,53
4884,2,9449,9449,0,0,0,0,0.9846389551298218,0.9626946053152815,0.9846389551298218,0.9626946053152815,1.0,1,0.2901769717103279,51
4885,1,9450,9450,0,0,0,0,0.9623703110236523,0.91447797959921,0.9623703110236523,0.91447797959921,1.0,1,0.32567635527154193,50
4886,2,9452,9452,0,0,0,0,0.9390243766898064,0.8727465252656833,0.9390243766898064,0.8727465252656833,1.0,1,0.37295495773013615,48
4887,1,9453,9453,0,0,0,0,0.9190847152226785,0.8381694304453571,0.9190847152226785,0.8381694304453571,1.0,1,0.393753172512419,48
4888,3,9456,9456,0,0,0,0,0.8912338611545306,0.791169013416699,0.8912338611545306,0.791169013416699,1.0,1,0.44627541137498444,48
4889,0,9456,9456,0,0,0,0,0.8912338611545306,0.791169013416699,0.8912338611545306,0.791169013416699,1.0,1,0.44627541137498444,48
4890,2,9458,9458,0,0,0,0,0.8950626953049033,0.7943228827976107,0.8950626953049033,0.7943228827976107,1.0,1,0.4148139175555587,49
4891,0,9458,9458,0,0,0,0,0.8762033725402941,0.7619295625774886,0.8762033725402941,0.7619295625774886,1.0,1,0.4223388922722373,50
4892,2,9460,9460,0,0,0,0,0.8879872546126297,0.7804550190407543,0.8879872546126297,0.7804550190407543,1.0,1,0.4339505196942951,49
4893,2,9462,9462,0,0,0,0,0.8956171578356263,0.7912343156712526,0.8956171578356263,0.7912343156712526,1.0,1,0.4066641921142603,50
4894,2,9464,9464,0,0,0,0,0.9210289787371538,0.8321865798164517,0.9210289787371538,0.8321865798164517,1.0,1,0.37788967346756,51
4895,3,9467,9467,0,0,0,0,0.9239427872187718,0.8352093723073386,0.9239427872187718,0.8352093723073386,1.0,1,0.3453432256909174,52
4896,1,9468,9468,0,0,0,0,0.9253778289693608,0.8352093723073386,0.9253778289693608,0.8352093723073386,1.0,1,0.3332225368539806,53
4897,1,9469,9469,0,0,0,0,0.9379560976324672,0.8570292684574244,0.9379560976324672,0.8570292684574244,1.0,1,0.321273193060066,53
4898,2,9471,9471,0,0,0,0,0.9379560976324672,0.8570292684574244,0.9379560976324672,0.8570292684574244,1.0,1,0.30419775496595386,53
4899,2,9473,9473,0,0,0,0,0.9402122395367412,0.8570292684574244,0.9402122395367412,0.8570292684574244,1.0,1,0.27270052898595826,55
4900,1,9474,9474,0,0,0,0,0.9402122395367412,0.8570292684574244,0.9402122395367412,0.8570292684574244,1.0,1,0.26700472175694184,55
4901,1,9475,9475,0,0,0,0,0.9412798781164422,0.8570292684574244,0.9412798781164422,0.8570292684574244,1.0,1,0.26429244449922107,56
4902,2,9477,9477,0,0,0,0,0.9142198158041385,0.8009899726656013,0.9142198158041385,0.8009899726656013,1.0,1,0.25464370224117994,58
4903,2,9479,9479,0,0,0,0,0.9259637050865815,0.8210789539592387,0.9259637050865815,0.8210789539592387,1.0,1,0.2549685415636253,58
4904,2,9481,9481,0,0,0,0,0.9074183129680323,0.7889137535671138,0.9074183129680323,0.7889137535671138,1.0,1,0.26642832868224897,57
4905,0,9481,9481,0,0,0,0,0.9022748859107007,0.7889137535671138,0.9022748859107007,0.7889137535671138,1.0,1,0.28954874897842187,54
4906,1,9482,9482,0,0,0,0,0.8825763560299728,0.7516038300634039,0.8825763560299728,0.7516038300634039,1.0,1,0.301055849803969,55
4907,2,9484,9484,0,0,0,0,0.9151916893833845,0.8162486603306667,0.9151916893833845,0.8162486603306667,1.0,1,0.29380042656493455,52
4908,0,9484,9484,0,0,0,0,0.9167918461874716,0.8162486603306667,0.9167918461874716,0.8162486603306667,1.0,1,0.28371977318663194,53
4909,2,9486,9486,0,0,0,0,0.8923678994084603,0.7761252307695976,0.8923678994084603,0.7761252307695976,1.0,1,0.3140381698003941,52
4910,1,9487,9487,0,0,0,0,0.8732743934022982,0.741674725012377,0.8732743934022982,0.741674725012377,1.0,1,0.3317273627179144,53
4911,2,9489,9489,0,0,0,0,0.8778825972785782,0.741674725012377,0.8778825972785782,0.741674725012377,1.0,1,0.33333357127002433,55
4912,2,9491,9491,0,0,0,0,0.9097277582775903,0.7968874561245785,0.9097277582775903,0.7968874561245785,1.0,1,0.3115047850321805,54
4913,1,9492,9492,0,0,0,0,0.8885742011002021,0.7637773063324287,0.8885742011002021,0.7637773063324287,1.0,1,0.3233736898663521,53
4914,3,9495,9495,0,0,0,0,0.8917843782393575,0.7705828818674381,0.8917843782393575,0.7705828818674381,1.0,1,0.31530497763831994,53
4915,3,9498,9498,0,0,0,0,0.8597819897197985,0.7195639794395967,0.8597819897197985,0.7195639794395967,1.0,1,0.3120001117164662,54
4916,3,9501,9501,0,0,0,0,0.8590341154976073,0.7285101483657622,0.8590341154976073,0.7285101483657622,1.0,1,0.33733131835277724,52
4917,2,9503,9503,0,0,0,0,0.8576833080126034,0.7259085932094583,0.8576833080126034,0.7259085932094583,1.0,1,0.345756624388869,52
4918,2,9505,9505,0,0,0,0,0.8594656472943957,0.7345462226671919,0.8594656472943957,0.7345462226671919,1.0,1,0.3643485256567341,51
4919,4,9509,9509,0,0,0,0,0.77346273459158,0.6346173138573871,0.77346273459158,0.6346173138573871,1.0,1,0.5016956465185521,50
4920,1,9510,9510,0,0,0,0,0.8007017437541305,0.661192964382022,0.8007017437541305,0.661192964382022,1.0,1,0.4527576307397682,51
4921,2,9512,9512,0,0,0,0,0.8232983947957956,0.6892489011926058,0.8232983947957956,0.6892489011926058,1.0,1,0.4070140085630153,51
4922,1,9513,9513,0,0,0,0,0.829966379897841,0.6892489011926058,0.829966379897841,0.6892489011926058,1.0,1,0.3698188565530916,53
4923,3,9516,9516,0,0,0,0,0.871394218660907,0.7475516144084472,0.871394218660907,0.7475516144084472,1.0,1,0.3483738484301959,53
4924,2,9518,9518,0,0,0,0,0.8760707925277832,0.7475516144084472,0.8760707925277832,0.7475516144084472,1.0,1,0.2875020027976449,55
4925,2,9520,9520,0,0,0,0,0.8784511895903752,0.7478987635948521,0.8784511895903752,0.7478987635948521,1.0,1,0.3082419138513796,56
4926,0,9520,9520,0,0,0,0,0.876241211219291,0.7478987635948521,0.876241211219291,0.7478987635948521,1.0,1,0.3327764226902396,55
4927,2,9522,9522,0,0,0,0,0.9153448299851552,0.8137586259673414,0.9153448299851552,0.8137586259673414,1.0,1,0.3124001687875247,55
4928,0,9522,9522,0,0,0,0,0.9153448299851552,0.8137586259673414,0.9153448299851552,0.8137586259673414,1.0,1,0.3124001687875247,55
4929,3,9525,9525,0,0,0,0,0.9168565294497061,0.8137586259673414,0.9168565294497061,0.8137586259673414,1.0,1,0.2896288220978269,56
4930,2,9527,9527,0,0,0,0,0.9062172466469642,0.790792319443228,0.9062172466469642,0.790792319443228,1.0,1,0.2816962131479973,58
4931,2,9529,9529,0,0,0,0,0.8800077876240219,0.7471592667791888,0.8800077876240219,0.7471592667791888,1.0,1,0.30742102566577656,59
4932,2,9531,9531,0,0,0,0,0.8820076578302881,0.7471592667791888,0.8820076578302881,0.7471592667791888,1.0,1,0.3118790883313023,60
4933,3,9534,9534,0,0,0,0,0.8887396204367451,0.7527547120816559,0.8887396204367451,0.7527547120816559,1.0,1,0.3084259253814777,60
4934,2,9536,9536,0,0,0,0,0.8887396204367451,0.7527547120816559,0.8887396204367451,0.7527547120816559,1.0,1,0.301991285467731,60
4935,2,9538,9538,0,0,0,0,0.8566499257883103,0.7034136395620212,0.8566499257883103,0.7034136395620212,1.0,1,0.3343352614095707,60
4936,1,9539,9539,0,0,0,0,0.879057670289171,0.7365184959871225,0.879057670289171,0.7365184959871225,1.0,1,0.3111191477667176,61
4937,4,9543,9543,0,0,0,0,0.8678600307468622,0.7174938588381196,0.8678600307468622,0.7174938588381196,1.0,1,0.28716250834422213,62
4938,3,9546,9546,0,0,0,0,0.8832510131620146,0.741484386287318,0.8832510131620146,0.741484386287318,1.0,1,0.275897984846817,62
4939,1,9547,9547,0,0,0,0,0.8912237743474637,0.751368627079917,0.8912237743474637,0.751368627079917,1.0,1,0.25026127031488427,64
4940,1,9548,9548,0,0,0,0,0.8659319153390435,0.7005812775905303,0.8659319153390435,0.7005812775905303,1.0,1,0.25800703151794235,67
4941,1,9549,9549,0,0,0,0,0.8789802455563078,0.7245757312660799,0.8789802455563078,0.7245757312660799,1.0,1,0.26033993580230985,66
4942,2,9551,9551,0,0,0,0,0.8962259967327821,0.7516836350391571,0.8962259967327821,0.7516836350391571,1.0,1,0.23763990421075987,67
4943,2,9553,9553,0,0,0,0,0.9290871815218339,0.822717953804585,0.9290871815218339,0.822717953804585,1.0,1,0.22104609963229993,65
4944,2,9555,9555,0,0,0,0,0.9425469821883955,0.8506221536898286,0.9425469821883955,0.8506221536898286,1.0,1,0.22868951347826003,65
4945,2,9557,9557,0,0,0,0,0.9550765779214966,0.8839478262971994,0.9550765779214966,0.8839478262971994,1.0,1,0.25431998441475095,62
4946,4,9561,9561,0,0,0,0,0.9381488920814013,0.849083296678619,0.9381488920814013,0.849083296678619,1.0,1,0.2518222798338253,61
4947,4,9565,9565,0,0,0,0,0.930724099332354,0.8365088744243553,0.930724099332354,0.8365088744243553,1.0,1,0.28042699062868265,59
4948,3,9568,9568,0,0,0,0,0.9007427507738497,0.7831045294687828,0.9007427507738497,0.7831045294687828,1.0,1,0.29119407961463795,59
4949,5,9573,9573,0,0,0,0,0.8846053625454349,0.7650894880389211,0.8846053625454349,0.7650894880389211,1.0,1,0.30301566477337727,57
4950,5,9578,9578,0,0,0,0,0.8883220083389071,0.7686670172734504,0.8883220083389071,0.7686670172734504,1.0,1,0.2628063328302904,58
4951,2,9580,9580,0,0,0,0,0.8866541306145654,0.7773563279928963,0.8866541306145654,0.7773563279928963,1.0,1,0.2536611926411607,55
4952,1,9581,9581,0,0,0,0,0.8979873242731411,0.799752895795425,0.8979873242731411,0.799752895795425,1.0,1,0.2700964056250696,53
4953,3,9584,9584,0,0,0,0,0.9405602127539578,0.871610059548549,0.9405602127539578,0.871610059548549,1.0,1,0.23977517093333411,54
4954,0,9584,9584,0,0,0,0,0.9382740670906485,0.871610059548549,0.9382740670906485,0.871610059548549,1.0,1,0.23965361296698107,52
4955,3,9587,9587,0,0,0,0,0.9811076920689255,0.9581083606745737,0.9811076920689255,0.9581083606745737,1.0,1,0.22542340799302926,51
4956,0,9587,9587,0,0,0,0,0.9794998360747915,0.9581083606745737,0.9794998360747915,0.9581083606745737,1.0,1,0.245263617567467,47
4957,3,9590,9590,0,0,0,0,0.9973458978666433,0.9942092317090397,0.9973458978666433,0.9942092317090397,1.0,1,0.20567977020619516,48
4958,0,9590,9590,0,0,0,0,0.9972894276084867,0.9942092317090397,0.9972894276084867,0.9942092317090397,1.0,1,0.2063892164516806,47
4959,1,9591,9591,0,0,0,0,0.9972894276084867,0.9942092317090397,0.9972894276084867,0.9942092317090397,1.0,1,0.19585206344858547,47
4960,0,9591,9591,0,0,0,0,0.9973458978666433,0.9942092317090397,0.9973458978666433,0.9942092317090397,1.0,1,0.19704596105504038,48
4961,3,9594,9594,0,0,0,0,0.9974000632163036,0.9942092317090397,0.9974000632163036,0.9942092317090397,1.0,1,0.20964656948481517,49
4962,1,9595,9595,0,0,0,0,0.9693649550969407,0.9347340347717431,0.9693649550969407,0.9347340347717431,1.0,1,0.22306184817563915,49
4963,2,9597,9597,0,0,0,0,0.9479536717806623,0.8894015525339071,0.9479536717806623,0.8894015525339071,1.0,1,0.25491613231127314,51
4964,5,9602,9602,0,0,0,0,0.9955322522061624,0.9896429482961038,0.9955322522061624,0.9896429482961038,1.0,1,0.2216791074214067,51
4965,4,9606,9606,0,0,0,0,1.0,1.0,1.0,1.0,1.0,1,0.21411711347641743,51
4966,2,9608,9608,0,0,0,0,1.0,1.0,1.0,1.0,1.0,1,0.17296638218107074,51
4967,0,9608,9608,0,0,0,0,1.0,1.0,1.0,1.0,1.0,1,0.17296638218107074,51
4968,7,9615,9615,0,0,0,0,1.0,1.0,1.0,1.0,1.0,1,0.1817881265523243,52
4969,2,9617,9617,0,0,0,0,1.0,1.0,1.0,1.0,1.0,1,0.17959959709581588,53
4970,4,9621,9621,0,0,0,0,1.0,1.0,1.0,1.0,1.0,1,0.16720121961649748,54
4971,2,9623,9623,0,0,0,0,1.0,1.0,1.0,1.0,1.0,1,0.17504271353162498,55
4972,1,9624,9624,0,0,0,0,1.0,1.0,1.0,1.0,1.0,1,0.19365722216679004,56
4973,4,9628,9628,0,0,0,0,1.0,1.0,1.0,1.0,1.0,1,0.15373006389037622,57
4974,2,9630,9630,0,0,0,0,1.0,1.0,1.0,1.0,1.0,1,0.15543435176110695,56
4975,3,9633,9633,0,0,0,0,1.0,1.0,1.0,1.0,1.0,1,0.16460663640402368,57
4976,1,9634,9634,0,0,0,0,1.0,1.0,1.0,1.0,1.0,1,0.1448239049344914,57
4977,3,9637,9637,0,0,0,0,1.0,1.0,1.0,1.0,1.0,1,0.09807627474284689,57
4978,3,9640,9640,0,0,0,0,1.0,1.0,1.0,1.0,1.0,1,0.10864540947884703,58
4979,1,9641,9641,0,0,0,0,1.0,1.0,1.0,1.0,1.0,1,0.1407649411494972,58
4980,3,9644,9644,0,0,0,0,1.0,1.0,1.0,1.0,1.0,1,0.13104271024050962,59
4981,5,9649,9649,0,0,0,0,0.977761066260357,0.9393483625282464,0.977761066260357,0.9393483625282464,1.0,1,0.19140126863814094,60
4982,2,9651,9651,0,0,0,0,0.9479552717404834,0.8677196490070623,0.9479552717404834,0.8677196490070623,1.0,1,0.19968605449417193,61
4983,5,9656,9656,0,0,0,0,0.9637682497432133,0.9039070971450439,0.9637682497432133,0.9039070971450439,1.0,1,0.21030427772988927,61
4984,0,9656,9656,0,0,0,0,0.9625400548192544,0.9039070971450439,0.9625400548192544,0.9039070971450439,1.0,1,0.20910954652200667,59
4985,3,9659,9659,0,0,0,0,0.9431004193839564,0.8624926801778948,0.9431004193839564,0.8624926801778948,1.0,1,0.2284349018295011,58
4986,1,9660,9660,0,0,0,0,0.9292976906695222,0.8331425499800724,0.9292976906695222,0.8331425499800724,1.0,1,0.24280746590466648,59
4987,2,9662,9662,0,0,0,0,0.951750995243013,0.883398238503948,0.951750995243013,0.883398238503948,1.0,1,0.23067849058592976,58
4988,2,9664,9664,0,0,0,0,0.969271188327005,0.9238459884625774,0.969271188327005,0.9238459884625774,1.0,1,0.20967414951442664,57
4989,2,9666,9666,0,0,0,0,0.9643072283914712,0.9161995797017152,0.9643072283914712,0.9161995797017152,1.0,1,0.22093437580067923,54
4990,3,9669,9669,0,0,0,0,0.9817143740856669,0.955948264842743,0.9817143740856669,0.955948264842743,1.0,1,0.18907307059451986,53
4991,0,9669,9669,0,0,0,0,0.9813627274334683,0.955948264842743,0.9813627274334683,0.955948264842743,1.0,1,0.19909945130414225,52
4992,5,9674,9674,0,0,0,0,0.9977247971767399,0.9947995364039767,0.9977247971767399,0.9947995364039767,1.0,1,0.2561186545588736,48
4993,3,9677,9677,0,0,0,0,1.0,1.0,1.0,1.0,1.0,1,0.24289641057090547,48
4994,4,9681,9681,0,0,0,0,1.0,1.0,1.0,1.0,1.0,1,0.27074573750505876,45
4995,2,9683,9683,0,0,0,0,1.0,1.0,1.0,1.0,1.0,1,0.2452047969403025,45
4996,1,9684,9684,0,0,0,0,1.0,1.0,1.0,1.0,1.0,1,0.191086082237987,45
4997,2,9686,9686,0,0,0,0,1.0,1.0,1.0,1.0,1.0,1,0.2241223768296691,42
4998,1,9687,9687,0,0,0,0,1.0,1.0,1.0,1.0,1.0,1,0.23351654440176495,44
4999,1,9688,9688,0,0,0,0,1.0,1.0,1.0,1.0,1.0,1,0.2235751365288653,44
5000,1,9689,9689,0,0,0,0,1.0,1.0,1.0,1.0,1.0,1,0.2564011345118472,42
5001,0,9689,9689,0,0,0,0,1.0,1.0,1.0,1.0,1.0,1,0.2564732280234548,42
5002,1,9690,9690,0,0,0,0,1.0,1.0,1.0,1.0,1.0,1,0.2449381303164283,41
5003,0,9690,9690,0,0,0,0,1.0,1.0,1.0,1.0,1.0,1,0.2883457178384889,41
5004,0,9690,9690,0,0,0,0,1.0,1.0,1.0,1.0,1.0,1,0.295673581467709,41
5005,1,9691,9691,0,0,0,0,1.0,1.0,1.0,1.0,1.0,1,0.31905870857177726,41
5006,0,9691,9691,0,0,0,0,1.0,1.0,1.0,1.0,1.0,1,0.3031171634001317,42
5007,0,9691,9691,0,0,0,0,1.0,1.0,1.0,1.0,1.0,1,0.2982704251892655,43
5008,0,9691,9691,0,0,0,0,1.0,1.0,1.0,1.0,1.0,1,0.275992154570856,46
5009,0,9691,9691,0,0,0,0,1.0,1.0,1.0,1.0,1.0,1,0.275992154570856,46
5010,0,9691,9691,0,0,0,0,1.0,1.0,1.0,1.0,1.0,1,0.26796818813481194,46
5011,0,9691,9691,0,0,0,0,1.0,1.0,1.0,1.0,1.0,1,0.25408913892524704,47
5012,1,9692,9692,0,0,0,0,1.0,1.0,1.0,1.0,1.0,1,0.2391282112451703,48
5013,1,9693,9693,0,0,0,0,1.0,1.0,1.0,1.0,1.0,1,0.23221542735238004,48
5014,2,9695,9695,0,0,0,0,1.0,1.0,1.0,1.0,1.0,1,0.2510039269229526,49
5015,3,9698,9698,0,0,0,0,1.0,1.0,1.0,1.0,1.0,1,0.19922692273146098,50
5016,2,9700,9700,0,0,0,0,1.0,1.0,1.0,1.0,1.0,1,0.21915971003901763,51
5017,3,9703,9703,0,0,0,0,1.0,1.0,1.0,1.0,1.0,1,0.161349569202486,51
5018,2,9705,9705,0,0,0,0,1.0,1.0,1.0,1.0,1.0,1,0.19347800012602331,51
5019,1,9706,9706,0,0,0,0,1.0,1.0,1.0,1.0,1.0,1,0.20810411476131394,51
5020,3,9709,9709,0,0,0,0,0.9880785490330181,0.9710479047944721,0.9880785490330181,0.9710479047944721,1.0,1,0.26030704144623207,51
5021,1,9710,9710,0,0,0,0,0.971035877050716,0.931539345756238,0.971035877050716,0.931539345756238,1.0,1,0.26500244366431425,52
5022,0,9710,9710,0,0,0,0,0.9710358770507159,0.931539345756238,0.9710358770507159,0.931539345756238,1.0,1,0.26500244366431425,52
5023,1,9711,9711,0,0,0,0,0.9710358770507159,0.931539345756238,0.9710358770507159,0.931539345756238,1.0,1,0.27631038704916716,52
5024,4,9715,9715,0,0,0,0,0.9691489388417256,0.9284816309512729,0.9691489388417256,0.9284816309512729,1.0,1,0.28502526187850846,51
5025,3,9718,9718,0,0,0,0,0.9859382306303202,0.9665195967388575,0.9859382306303202,0.9665195967388575,1.0,1,0.2771272814627911,50
5026,1,9719,9719,0,0,0,0,1.0,1.0,1.0,1.0,1.0,1,0.29208352678767413,49
5027,2,9721,9721,0,0,0,0,1.0,1.0,1.0,1.0,1.0,1,0.2811822706019083,47
5028,0,9721,9721,0,0,0,0,1.0,1.0,1.0,1.0,1.0,1,0.28341214313253454,47
5029,5,9726,9726,0,0,0,0,1.0,1.0,1.0,1.0,1.0,1,0.2910179638422296,46
5030,1,9727,9727,0,0,0,0,1.0,1.0,1.0,1.0,1.0,1,0.2699284817192492,48
5031,1,9728,9728,0,0,0,0,1.0,1.0,1.0,1.0,1.0,1,0.3084639151563122,46
5032,2,9730,9730,0,0,0,0,1.0,1.0,1.0,1.0,1.0,1,0.30447114163571576,46
5033,1,9731,9731,0,0,0,0,0.984315337186847,0.9664918567173553,0.984315337186847,0.9664918567173553,1.0,1,0.3061241018890091,47
5034,0,9731,9731,0,0,0,0,0.999853576738508,0.9996653182594469,0.999853576738508,0.9996653182594469,1.0,1,0.2967981879551121,48
5035,0,9731,9731,0,0,0,0,1.0,1.0,1.0,1.0,1.0,1,0.2883651259284681,47
5036,1,9732,9732,0,0,0,0,1.0,1.0,1.0,1.0,1.0,1,0.297545409141494,47
5037,0,9732,9732,0,0,0,0,1.0,1.0,1.0,1.0,1.0,1,0.2742063884196567,47
5038,0,9732,9732,0,0,0,0,1.0,1.0,1.0,1.0,1.0,1,0.2644783724453886,48
5039,0,9732,9732,0,0,0,0,1.0,1.0,1.0,1.0,1.0,1,0.2505807795269629,47
5040,0,9732,9732,0,0,0,0,1.0,1.0,1.0,1.0,1.0,1,0.2584384170329542,48
5041,1,9733,9733,0,0,0,0,1.0,1.0,1.0,1.0,1.0,1,0.22824541182504246,49
5042,0,9733,9733,0,0,0,0,1.0,1.0,1.0,1.0,1.0,1,0.2420542608174295,50
5043,5,9738,9738,0,0,0,0,1.0,1.0,1.0,1.0,1.0,1,0.2319665123203939,51
5044,1,9739,9739,0,0,0,0,0.9959803653007893,0.9902380300162024,0.9959803653007893,0.9902380300162024,1.0,1,0.24440542283593472,51
5045,2,9741,9741,0,0,0,0,1.0,1.0,1.0,1.0,1.0,1,0.2132681154044074,51
5046,1,9742,9742,0,0,0,0,0.9795988129301674,0.9517790123803954,0.9795988129301674,0.9517790123803954,1.0,1,0.23025345826352908,52
5047,0,9742,9742,0,0,0,0,0.9795988129301674,0.9517790123803954,0.9795988129301674,0.9517790123803954,1.0,1,0.23259635107520923,52
5048,3,9745,9745,0,0,0,0,0.9958059549392636,0.9896147455638905,0.9958059549392636,0.9896147455638905,1.0,1,0.22687217547925276,52
5049,1,9746,9746,0,0,0,0,0.9958059549392636,0.9896147455638905,0.9958059549392636,0.9896147455638905,1.0,1,0.24994077115698854,52
5050,0,9746,9746,0,0,0,0,0.9735123224280269,0.9337808060700673,0.9735123224280269,0.9337808060700673,1.0,1,0.23181138690602915,55
5051,0,9746,9746,0,0,0,0,0.973512322428027,0.9337808060700673,0.973512322428027,0.9337808060700673,1.0,1,0.24221061416142323,55
5052,0,9746,9746,0,0,0,0,0.9735123224280269,0.9337808060700673,0.9735123224280269,0.9337808060700673,1.0,1,0.24221061416142323,55
5053,2,9748,9748,0,0,0,0,0.9896453629104388,0.9733737903411286,0.9896453629104388,0.9733737903411286,1.0,1,0.2450131841607843,54
5054,3,9751,9751,0,0,0,0,0.9938755759800897,0.9842514810916593,0.9938755759800897,0.9842514810916593,1.0,1,0.22386363776888346,54
5055,2,9753,9753,0,0,0,0,0.9973808910819075,0.9932651484963337,0.9973808910819075,0.9932651484963337,1.0,1,0.23449459585935709,54
5056,3,9756,9756,0,0,0,0,1.0,1.0,1.0,1.0,1.0,1,0.17452590211313632,55
5057,3,9759,9759,0,0,0,0,1.0,1.0,1.0,1.0,1.0,1,0.11933850602401143,56
5058,3,9762,9762,0,0,0,0,1.0,1.0,1.0,1.0,1.0,1,0.0969464490658697,58
5059,5,9767,9767,0,0,0,0,1.0,1.0,1.0,1.0,1.0,1,0.10851690503656278,58
5060,4,9771,9771,0,0,0,0,1.0,1.0,1.0,1.0,1.0,1,0.14491659348604335,59
5061,4,9775,9775,0,0,0,0,1.0,1.0,1.0,1.0,1.0,1,0.09669769694480215,58
5062,5,9780,9780,0,0,0,0,0.973794817253112,0.9309136091218404,0.973794817253112,0.9309136091218404,1.0,1,0.18095633853997858,58
5063,3,9783,9783,0,0,0,0,0.9447068530077893,0.8686787758934995,0.9447068530077893,0.8686787758934995,1.0,1,0.22183362643834892,57
5064,0,9783,9783,0,0,0,0,0.9264226703915237,0.8322436884926739,0.9264226703915237,0.8322436884926739,1.0,1,0.24184547561655437,57
5065,2,9785,9785,0,0,0,0,0.8952924797460617,0.7744761102222868,0.8952924797460617,0.7744761102222868,1.0,1,0.31534754607839705,56
5066,1,9786,9786,0,0,0,0,0.8783902227839997,0.7522763797451845,0.8783902227839997,0.7522763797451845,1.0,1,0.34808059687683235,55
5067,3,9789,9789,0,0,0,0,0.9176098832226691,0.8220373477609653,0.9176098832226691,0.8220373477609653,1.0,1,0.3528128775169975,54
5068,2,9791,9791,0,0,0,0,0.9345111684330675,0.852650128974402,0.9345111684330675,0.852650128974402,1.0,1,0.34071910065677047,54
5069,3,9794,9794,0,0,0,0,0.9285355599065725,0.8421826947936812,0.9285355599065725,0.8421826947936812,1.0,1,0.3457042318728192,53
5070,2,9796,9796,0,0,0,0,0.947489385276112,0.8789972791145189,0.947489385276112,0.8789972791145189,1.0,1,0.3234663306335178,53
5071,0,9796,9796,0,0,0,0,0.9682777551436763,0.9235782283006747,0.9682777551436763,0.9235782283006747,1.0,1,0.31278805517154806,53
5072,1,9797,9797,0,0,0,0,0.9917326460885966,0.9791347734616964,0.9917326460885966,0.9791347734616964,1.0,1,0.2866304129654217,53
5073,1,9798,9798,0,0,0,0,0.9917326460885968,0.9791347734616964,0.9917326460885968,0.9791347734616964,1.0,1,0.2740346171979643,53
5074,2,9800,9800,0,0,0,0,1.0,1.0,1.0,1.0,1.0,1,0.2369200343858596,52
5075,1,9801,9801,0,0,0,0,1.0,1.0,1.0,1.0,1.0,1,0.23018621239716316,52
5076,2,9803,9803,0,0,0,0,1.0,1.0,1.0,1.0,1.0,1,0.189606234385518,55
5077,0,9803,9803,0,0,0,0,1.0,1.0,1.0,1.0,1.0,1,0.2166207976219043,55
5078,0,9803,9803,0,0,0,0,1.0,1.0,1.0,1.0,1.0,1,0.2166207976219043,55
5079,1,9804,9804,0,0,0,0,1.0,1.0,1.0,1.0,1.0,1,0.25122890939912446,54
5080,2,9806,9806,0,0,0,0,1.0,1.0,1.0,1.0,1.0,1,0.22589177194372884,55
5081,2,9808,9808,0,0,0,0,0.9952846732726913,0.9877830171156095,0.9952846732726913,0.9877830171156095,1.0,1,0.2285063808170528,57
5082,5,9813,9813,0,0,0,0,1.0,1.0,1.0,1.0,1.0,1,0.25262257356934215,57
5083,6,9819,9819,0,0,0,0,1.0,1.0,1.0,1.0,1.0,1,0.19391940824385306,58
5084,4,9823,9823,0,0,0,0,1.0,1.0,1.0,1.0,1.0,1,0.1887197220169451,58
5085,8,9831,9831,0,0,0,0,1.0,1.0,1.0,1.0,1.0,1,0.1752967178137523,59
5086,4,9835,9835,0,0,0,0,1.0,1.0,1.0,1.0,1.0,1,0.17780783139603962,60
5087,6,9841,9841,0,0,0,0,1.0,1.0,1.0,1.0,1.0,1,0.15963855455063702,61
5088,3,9844,9844,0,0,0,0,1.0,1.0,1.0,1.0,1.0,1,0.15297089725837013,62
5089,1,9845,9845,0,0,0,0,1.0,1.0,1.0,1.0,1.0,1,0.16079293482316745,63
5090,6,9851,9851,0,0,0,0,0.9673675455356814,0.9143398070311635,0.9673675455356814,0.9143398070311635,1.0,1,0.1888568747194814,63
5091,1,9852,9852,0,0,0,0,0.9673675455356813,0.9143398070311635,0.9673675455356813,0.9143398070311635,1.0,1,0.18187065677265854,63
5092,3,9855,9855,0,0,0,0,0.9427058377341214,0.8611718375865248,0.9427058377341214,0.8611718375865248,1.0,1,0.21004315452229227,63
5093,4,9859,9859,0,0,0,0,0.9624024450725963,0.9052541615829429,0.9624024450725963,0.9052541615829429,1.0,1,0.19141546566476325,63
5094,3,9862,9862,0,0,0,0,0.9524525233589306,0.882960057498906,0.9524525233589306,0.882960057498906,1.0,1,0.21881287395928198,64
5095,3,9865,9865,0,0,0,0,0.9860958512197131,0.9629222699192348,0.9860958512197131,0.9629222699192348,1.0,1,0.1952743703894145,64
5096,2,9867,9867,0,0,0,0,0.9545615737836284,0.8829086709039654,0.9545615737836284,0.8829086709039654,1.0,1,0.21608336584549312,67
5097,2,9869,9869,0,0,0,0,0.9300905466387378,0.8327166651712653,0.9300905466387378,0.8327166651712653,1.0,1,0.2521601874342081,67
5098,1,9870,9870,0,0,0,0,0.9311186268352268,0.8327166651712653,0.9311186268352268,0.8327166651712653,1.0,1,0.2423503106882257,68
5099,2,9872,9872,0,0,0,0,0.9177492299205897,0.8014636584290097,0.9177492299205897,0.8014636584290097,1.0,1,0.2447433138952067,70
5100,0,9872,9872,0,0,0,0,0.9189076914710042,0.8014636584290097,0.9189076914710042,0.8014636584290097,1.0,1,0.23662824918723188,71
5101,0,9872,9872,0,0,0,0,0.9189076914710039,0.8014636584290097,0.9189076914710039,0.8014636584290097,1.0,1,0.23662824918723188,71
5102,2,9874,9874,0,0,0,0,0.9177492299205897,0.8014636584290097,0.9177492299205897,0.8014636584290097,1.0,1,0.23919625788152535,70
5103,1,9875,9875,0,0,0,0,0.9395503790211077,0.8553526926576507,0.9395503790211077,0.8553526926576507,1.0,1,0.2504076283668283,67
5104,4,9879,9879,0,0,0,0,0.9013623399448213,0.7797092258767674,0.9013623399448213,0.7797092258767674,1.0,1,0.30920413584997347,67
5105,1,9880,9880,0,0,0,0,0.952124306793425,0.8882900491846583,0.952124306793425,0.8882900491846583,1.0,1,0.2842831524380833,63
5106,2,9882,9882,0,0,0,0,0.9288716616473128,0.8454798166820934,0.9288716616473128,0.8454798166820934,1.0,1,0.31265621106530755,63
5107,3,9885,9885,0,0,0,0,0.9683333299310267,0.9269230690716004,0.9683333299310267,0.9269230690716004,1.0,1,0.28965192070710416,60
5108,4,9889,9889,0,0,0,0,0.9984865283230172,0.99646856608704,0.9984865283230172,0.99646856608704,1.0,1,0.25739911838321333,56
5109,4,9893,9893,0,0,0,0,1.0,1.0,1.0,1.0,1.0,1,0.25737797356200587,56
5110,6,9899,9899,0,0,0,0,1.0,1.0,1.0,1.0,1.0,1,0.22819905967926593,52
5111,3,9902,9902,0,0,0,0,1.0,1.0,1.0,1.0,1.0,1,0.23304284015120078,51
5112,0,9902,9902,0,0,0,0,1.0,1.0,1.0,1.0,1.0,1,0.2569135525116358,50
5113,0,9902,9902,0,0,0,0,1.0,1.0,1.0,1.0,1.0,1,0.26566328676595424,48
5114,2,9904,9904,0,0,0,0,1.0,1.0,1.0,1.0,1.0,1,0.21089501238231462,46
5115,1,9905,9905,0,0,0,0,1.0,1.0,1.0,1.0,1.0,1,0.17130014898315193,44
5116,6,9911,9911,0,0,0,0,1.0,1.0,1.0,1.0,1.0,1,0.15763265951500902,44
5117,1,9912,9912,0,0,0,0,1.0,1.0,1.0,1.0,1.0,1,0.15640322060487166,46
5118,6,9918,9918,0,0,0,0,1.0,1.0,1.0,1.0,1.0,1,0.17169850428527642,46
5119,5,9923,9923,0,0,0,0,1.0,1.0,1.0,1.0,1.0,1,0.18952536413173787,46
5120,5,9928,9928,0,0,0,0,1.0,1.0,1.0,1.0,1.0,1,0.18840401010383,46
5121,2,9930,9930,0,0,0,0,1.0,1.0,1.0,1.0,1.0,1,0.22795989067885142,46
5122,4,9934,9934,0,0,0,0,1.0,1.0,1.0,1.0,1.0,1,0.19143702652293473,46
5123,4,9938,9938,0,0,0,0,1.0,1.0,1.0,1.0,1.0,1,0.2222032186810953,45
5124,3,9941,9941,0,0,0,0,1.0,1.0,1.0,1.0,1.0,1,0.20304224949661398,47
5125,3,9944,9944,0,0,0,0,1.0,1.0,1.0,1.0,1.0,1,0.18918081890545357,50
5126,2,9946,9946,0,0,0,0,1.0,1.0,1.0,1.0,1.0,1,0.15444926252501656,50
5127,3,9949,9949,0,0,0,0,1.0,1.0,1.0,1.0,1.0,1,0.15895045966399124,52
5128,1,9950,9950,0,0,0,0,1.0,1.0,1.0,1.0,1.0,1,0.18834047787245148,53
5129,0,9950,9950,0,0,0,0,1.0,1.0,1.0,1.0,1.0,1,0.1830684263542732,55
5130,2,9952,9952,0,0,0,0,1.0,1.0,1.0,1.0,1.0,1,0.1723822502196362,55
5131,0,9952,9952,0,0,0,0,1.0,1.0,1.0,1.0,1.0,1,0.19167573380861164,54
5132,2,9954,9954,0,0,0,0,1.0,1.0,1.0,1.0,1.0,1,0.20581741321530747,54
5133,1,9955,9955,0,0,0,0,1.0,1.0,1.0,1.0,1.0,1,0.1984119913389141,54
5134,2,9957,9957,0,0,0,0,1.0,1.0,1.0,1.0,1.0,1,0.16203622399053944,53
5135,2,9959,9959,0,0,0,0,1.0,1.0,1.0,1.0,1.0,1,0.1820118428827299,54
5136,4,9963,9963,0,0,0,0,1.0,1.0,1.0,1.0,1.0,1,0.2155314209786783,54
5137,2,9965,9965,0,0,0,0,1.0,1.0,1.0,1.0,1.0,1,0.15569712424132287,54
5138,1,9966,9966,0,0,0,0,1.0,1.0,1.0,1.0,1.0,1,0.16938729876558775,54
5139,1,9967,9967,0,0,0,0,1.0,1.0,1.0,1.0,1.0,1,0.14156257407756428,55
5140,3,9970,9970,0,0,0,0,1.0,1.0,1.0,1.0,1.0,1,0.15099631654899018,55
5141,1,9971,9971,0,0,0,0,1.0,1.0,1.0,1.0,1.0,1,0.14819842692991916,53
5142,2,9973,9973,0,0,0,0,1.0,1.0,1.0,1.0,1.0,1,0.17894574296391005,54
5143,1,9974,9974,0,0,0,0,1.0,1.0,1.0,1.0,1.0,1,0.1778073384747486,52
5144,0,9974,9974,0,0,0,0,1.0,1.0,1.0,1.0,1.0,1,0.15670711277897761,50
5145,1,9975,9975,0,0,0,0,1.0,1.0,1.0,1.0,1.0,1,0.16004286883335866,49
5146,2,9977,9977,0,0,0,0,1.0,1.0,1.0,1.0,1.0,1,0.16171901117378976,49
5147,2,9979,9979,0,0,0,0,1.0,1.0,1.0,1.0,1.0,1,0.19096652655397553,46
5148,2,9981,9981,0,0,0,0,1.0,1.0,1.0,1.0,1.0,1,0.2039908337814049,46
5149,1,9982,9982,0,0,0,0,1.0,1.0,1.0,1.0,1.0,1,0.23401321313228587,45
5150,3,9985,9985,0,0,0,0,1.0,1.0,1.0,1.0,1.0,1,0.19726178695381233,47
5151,2,9987,9987,0,0,0,0,1.0,1.0,1.0,1.0,1.0,1,0.18903696254843558,46
5152,3,9990,9990,0,0,0,0,1.0,1.0,1.0,1.0,1.0,1,0.21539105450547866,46
5153,2,9992,9992,0,0,0,0,1.0,1.0,1.0,1.0,1.0,1,0.21284256630585324,45
5154,4,9996,9996,0,0,0,0,1.0,1.0,1.0,1.0,1.0,1,0.1886405648528493,47
5155,2,9998,9998,0,0,0,0,1.0,1.0,1.0,1.0,1.0,1,0.1834389179235519,47
5156,2,10000,10000,0,0,0,0,1.0,1.0,1.0,1.0,1.0,1,0.174530941460638,47
5157,1,10001,10001,0,0,0,0,1.0,1.0,1.0,1.0,1.0,1,0.16546926876682597,46
5158,0,10001,10001,0,0,0,0,1.0,1.0,1.0,1.0,1.0,1,0.15974379139852687,47
5159,0,10001,10001,0,0,0,0,1.0,1.0,1.0,1.0,1.0,1,0.17273043267844557,49
5160,2,10003,10003,0,0,0,0,1.0,1.0,1.0,1.0,1.0,1,0.20286309855993137,48
5161,1,10004,10004,0,0,0,0,1.0,1.0,1.0,1.0,1.0,1,0.1738934884229812,48
5162,3,10007,10007,0,0,0,0,1.0,1.0,1.0,1.0,1.0,1,0.1322931899255815,49
5163,3,10010,10010,0,0,0,0,1.0,1.0,1.0,1.0,1.0,1,0.13689849275628607,51
5164,0,10010,10010,0,0,0,0,1.0,1.0,1.0,1.0,1.0,1,0.13689849275628607,51
5165,3,10013,10013,0,0,0,0,1.0,1.0,1.0,1.0,1.0,1,0.1441132873394147,52
5166,2,10015,10015,0,0,0,0,1.0,1.0,1.0,1.0,1.0,1,0.1701451053548522,52
5167,5,10020,10020,0,0,0,0,1.0,1.0,1.0,1.0,1.0,1,0.12546565681518587,52
5168,3,10023,10023,0,0,0,0,1.0,1.0,1.0,1.0,1.0,1,0.16255210661491354,52
5169,3,10026,10026,0,0,0,0,1.0,1.0,1.0,1.0,1.0,1,0.12110866287525694,53
5170,0,10026,10026,0,0,0,0,1.0,1.0,1.0,1.0,1.0,1,0.12110866287525694,53
5171,1,10027,10027,0,0,0,0,1.0,1.0,1.0,1.0,1.0,1,0.13059453505844057,52
5172,2,10029,10029,0,0,0,0,1.0,1.0,1.0,1.0,1.0,1,0.16311630483836284,53
5173,0,10029,10029,0,0,0,0,1.0,1.0,1.0,1.0,1.0,1,0.17203151984732942,54
5174,1,10030,10030,0,0,0,0,1.0,1.0,1.0,1.0,1.0,1,0.1562988311772541,56
5175,1,10031,10031,0,0,0,0,1.0,1.0,1.0,1.0,1.0,1,0.15601374450896327,58
5176,1,10032,10032,0,0,0,0,1.0,1.0,1.0,1.0,1.0,1,0.14552301297107564,58
5177,0,10032,10032,0,0,0,0,1.0,1.0,1.0,1.0,1.0,1,0.15925608973565542,59
5178,3,10035,10035,0,0,0,0,1.0,1.0,1.0,1.0,1.0,1,0.19864982603673167,57
5179,2,10037,10037,0,0,0,0,0.9725754678335766,0.9276989606521566,0.9725754678335766,0.9276989606521566,1.0,1,0.2519472359070443,58
5180,2,10039,10039,0,0,0,0,0.9834852059799808,0.9559605492799488,0.9834852059799808,0.9559605492799488,1.0,1,0.27388150343773787,56
5181,2,10041,10041,0,0,0,0,0.9956736018817403,0.9876697653629599,0.9956736018817403,0.9876697653629599,1.0,1,0.23089049299108885,57
5182,2,10043,10043,0,0,0,0,0.995931605859985,0.9886084964079578,0.995931605859985,0.9886084964079578,1.0,1,0.2439479405181679,56
5183,1,10044,10044,0,0,0,0,1.0,1.0,1.0,1.0,1.0,1,0.21320621446698534,57
5184,2,10046,10046,0,0,0,0,1.0,1.0,1.0,1.0,1.0,1,0.1752912061946767,56
5185,2,10048,10048,0,0,0,0,1.0,1.0,1.0,1.0,1.0,1,0.19516488450225913,56
5186,2,10050,10050,0,0,0,0,1.0,1.0,1.0,1.0,1.0,1,0.1634916457005076,54
5187,5,10055,10055,0,0,0,0,1.0,1.0,1.0,1.0,1.0,1,0.19654737030571365,51
5188,2,10057,10057,0,0,0,0,1.0,1.0,1.0,1.0,1.0,1,0.19894872285391177,50
5189,2,10059,10059,0,0,0,0,1.0,1.0,1.0,1.0,1.0,1,0.17589447797603514,49
5190,1,10060,10060,0,0,0,0,1.0,1.0,1.0,1.0,1.0,1,0.19418523841415286,50
5191,3,10063,10063,0,0,0,0,1.0,1.0,1.0,1.0,1.0,1,0.1668145378125604,50
5192,1,10064,10064,0,0,0,0,1.0,1.0,1.0,1.0,1.0,1,0.1844196474427168,49
5193,4,10068,10068,0,0,0,0,0.9806079344282483,0.9559271237005643,0.9806079344282483,0.9559271237005643,1.0,1,0.2568667076293614,50
5194,1,10069,10069,0,0,0,0,1.0,1.0,1.0,1.0,1.0,1,0.21930330043482849,51
5195,0,10069,10069,0,0,0,0,1.0,1.0,1.0,1.0,1.0,1,0.21930330043482849,51
5196,0,10069,10069,0,0,0,0,1.0,1.0,1.0,1.0,1.0,1,0.21930330043482849,51
5197,1,10070,10070,0,0,0,0,1.0,1.0,1.0,1.0,1.0,1,0.2233876822517602,51
5198,0,10070,10070,0,0,0,0,1.0,1.0,1.0,1.0,1.0,1,0.2233876822517602,51
5199,1,10071,10071,0,0,0,0,0.9716615663864316,0.9334662862985788,0.9716615663864316,0.9334662862985788,1.0,1,0.213144401512293,54
5200,0,10071,10071,0,0,0,0,0.9716615663864316,0.9334662862985788,0.9716615663864316,0.9334662862985788,1.0,1,0.213144401512293,54
5201,1,10072,10072,0,0,0,0,0.972176810633951,0.9334662862985788,0.972176810633951,0.9334662862985788,1.0,1,0.2094664964387132,55
5202,0,10072,10072,0,0,0,0,0.9726736533012019,0.9334662862985788,0.9726736533012019,0.9334662862985788,1.0,1,0.20626342702029862,56
5203,1,10073,10073,0,0,0,0,0.972673653301202,0.9334662862985788,0.972673653301202,0.9334662862985788,1.0,1,0.21538114239894468,56
5204,1,10074,10074,0,0,0,0,0.9542135067662009,0.8893493080183189,0.9542135067662009,0.8893493080183189,1.0,1,0.20586894553537916,58
5205,3,10077,10077,0,0,0,0,0.969294874740896,0.9225696841292159,0.969294874740896,0.9225696841292159,1.0,1,0.19970407644323965,58
5206,2,10079,10079,0,0,0,0,0.9947113877625401,0.9853933566774915,0.9947113877625401,0.9853933566774915,1.0,1,0.16354210382086062,58
5207,1,10080,10080,0,0,0,0,0.9948010252580902,0.9853933566774915,0.9948010252580902,0.9853933566774915,1.0,1,0.1755876724126271,59
5208,0,10080,10080,0,0,0,0,1.0,1.0,1.0,1.0,1.0,1,0.16488075542561645,58
5209,2,10082,10082,0,0,0,0,1.0,1.0,1.0,1.0,1.0,1,0.18605352880010098,58
5210,3,10085,10085,0,0,0,0,0.997375020544401,0.9928750557633735,0.997375020544401,0.9928750557633735,1.0,1,0.20241382474047115,57
5211,3,10088,10088,0,0,0,0,0.9938019060802195,0.9814057182406583,0.9938019060802195,0.9814057182406583,1.0,1,0.22709077964760524,57
5212,1,10089,10089,0,0,0,0,0.9641459785577836,0.8992672730909157,0.9641459785577836,0.8992672730909157,1.0,1,0.2508942482461142,59
5213,2,10091,10091,0,0,0,0,0.9441779815498721,0.8502954959746571,0.9441779815498721,0.8502954959746571,1.0,1,0.27621966343979076,59
5214,6,10097,10097,0,0,0,0,0.9465663452629552,0.8567006532051981,0.9465663452629552,0.8567006532051981,1.0,1,0.27394393004937634,59
5215,2,10099,10099,0,0,0,0,0.9456450753536959,0.8567006532051981,0.9456450753536959,0.8567006532051981,1.0,1,0.2976275214264686,58
5216,4,10103,10103,0,0,0,0,0.9680130237785588,0.9217611553657974,0.9680130237785588,0.9217611553657974,1.0,1,0.2465725134039858,59
5217,1,10104,10104,0,0,0,0,1.0,1.0,1.0,1.0,1.0,1,0.2084946630143022,58
5218,3,10107,10107,0,0,0,0,0.9847056000816816,0.9577583240351206,0.9847056000816816,0.9577583240351206,1.0,1,0.2148742722087988,58
5219,3,10110,10110,0,0,0,0,0.9648532520156325,0.9089379711314114,0.9648532520156325,0.9089379711314114,1.0,1,0.25104710039712413,57
5220,4,10114,10114,0,0,0,0,0.9192482977675792,0.8115793614576848,0.9192482977675792,0.8115793614576848,1.0,1,0.29386542294454654,56
5221,3,10117,10117,0,0,0,0,0.873048247219328,0.7272888273600379,0.873048247219328,0.7272888273600379,1.0,1,0.33802735474980306,58
5222,2,10119,10119,0,0,0,0,0.8728699846212261,0.7363229310662467,0.8728699846212261,0.7363229310662467,1.0,1,0.35555426244600424,56
5223,2,10121,10121,0,0,0,0,0.8536399870816392,0.7125071174817913,0.8536399870816392,0.7125071174817913,1.0,1,0.3612255124325101,55
5224,1,10122,10122,0,0,0,0,0.8562535587408957,0.7125071174817913,0.8562535587408957,0.7125071174817913,1.0,1,0.3447758610185234,56
5225,1,10123,10123,0,0,0,0,0.8669703885071747,0.7290137543664671,0.8669703885071747,0.7290137543664671,1.0,1,0.3418757076607262,55
5226,1,10124,10124,0,0,0,0,0.853192440012443,0.7116280071672987,0.853192440012443,0.7116280071672987,1.0,1,0.34818937497948216,55
5227,2,10126,10126,0,0,0,0,0.8685884156192726,0.7420439269563499,0.8685884156192726,0.7420439269563499,1.0,1,0.3593024216861362,53
5228,1,10127,10127,0,0,0,0,0.8634350201533618,0.7420439269563499,0.8634350201533618,0.7420439269563499,1.0,1,0.3595464562043057,51
5229,2,10129,10129,0,0,0,0,0.8438381419643962,0.7155623300065787,0.8438381419643962,0.7155623300065787,1.0,1,0.4001084214443741,51
5230,2,10131,10131,0,0,0,0,0.8205867981490863,0.6844802312277036,0.8205867981490863,0.6844802312277036,1.0,1,0.4062056878932314,51
5231,2,10133,10133,0,0,0,0,0.8263318949472356,0.6885951219743537,0.8263318949472356,0.6885951219743537,1.0,1,0.39239522318902287,52
5232,2,10135,10135,0,0,0,0,0.8082188071013401,0.6675792656423228,0.8082188071013401,0.6675792656423228,1.0,1,0.3973441741421704,52
5233,0,10135,10135,0,0,0,0,0.8118373201748997,0.6675792656423228,0.8118373201748997,0.6675792656423228,1.0,1,0.38497902720682387,53
5234,3,10138,10138,0,0,0,0,0.865593431740169,0.7361648845269984,0.865593431740169,0.7361648845269984,1.0,1,0.34495147163937545,53
5235,0,10138,10138,0,0,0,0,0.865593431740169,0.7361648845269984,0.865593431740169,0.7361648845269984,1.0,1,0.34495147163937545,53
5236,4,10142,10142,0,0,0,0,0.8797731896844568,0.7595463793689138,0.8797731896844568,0.7595463793689138,1.0,1,0.32559609470945805,52
5237,0,10142,10142,0,0,0,0,0.8797731896844568,0.7595463793689138,0.8797731896844568,0.7595463793689138,1.0,1,0.3382497537991575,52
5238,2,10144,10144,0,0,0,0,0.9196807591163023,0.8259749780853216,0.9196807591163023,0.8259749780853216,1.0,1,0.3101154320126651,52
5239,1,10145,10145,0,0,0,0,0.9395537985565783,0.8659671185384996,0.9395537985565783,0.8659671185384996,1.0,1,0.3154568763556358,51
5240,2,10147,10147,0,0,0,0,0.9504401708500025,0.8857969154369623,0.9504401708500025,0.8857969154369623,1.0,1,0.277238218321057,53
5241,4,10151,10151,0,0,0,0,0.9139012475518431,0.8174706448099074,0.9139012475518431,0.8174706448099074,1.0,1,0.3381158013857012,53
5242,3,10154,10154,0,0,0,0,0.9137146854696002,0.8239779583579843,0.9137146854696002,0.8239779583579843,1.0,1,0.3738833943229924,51
5243,5,10159,10159,0,0,0,0,0.9770462387134203,0.9467890079265652,0.9770462387134203,0.9467890079265652,1.0,1,0.27526125695860276,51
5244,4,10163,10163,0,0,0,0,0.9876162158756883,0.9707292375243539,0.9876162158756883,0.9707292375243539,1.0,1,0.24685579491461898,52
5245,3,10166,10166,0,0,0,0,1.0,1.0,1.0,1.0,1.0,1,0.19824227072380227,53
5246,1,10167,10167,0,0,0,0,1.0,1.0,1.0,1.0,1.0,1,0.20651371473668326,53
5247,3,10170,10170,0,0,0,0,1.0,1.0,1.0,1.0,1.0,1,0.19828096013710217,54
5248,2,10172,10172,0,0,0,0,1.0,1.0,1.0,1.0,1.0,1,0.21004298601713925,54
5249,1,10173,10173,0,0,0,0,1.0,1.0,1.0,1.0,1.0,1,0.2026040881211696,55
5250,2,10175,10175,0,0,0,0,1.0,1.0,1.0,1.0,1.0,1,0.20755758053417436,57
5251,2,10177,10177,0,0,0,0,1.0,1.0,1.0,1.0,1.0,1,0.18066056176258088,58
5252,3,10180,10180,0,0,0,0,1.0,1.0,1.0,1.0,1.0,1,0.2005925127529404,58
5253,2,10182,10182,0,0,0,0,0.9884383985562597,0.9695194143755937,0.9884383985562597,0.9695194143755937,1.0,1,0.22824720329370976,58
5254,4,10186,10186,0,0,0,0,0.9557991219130466,0.8913395080362395,0.9557991219130466,0.8913395080362395,1.0,1,0.2562597146436719,59
5255,3,10189,10189,0,0,0,0,0.9329597109228949,0.844466529341116,0.9329597109228949,0.844466529341116,1.0,1,0.27185557352056483,58
5256,1,10190,10190,0,0,0,0,0.9128348844064733,0.8055547421375175,0.9128348844064733,0.8055547421375175,1.0,1,0.3043170259217499,58
5257,2,10192,10192,0,0,0,0,0.9283702822164094,0.8366842434534134,0.9283702822164094,0.8366842434534134,1.0,1,0.3046700908228495,57
5258,1,10193,10193,0,0,0,0,0.9257655652060971,0.8366842434534134,0.9257655652060971,0.8366842434534134,1.0,1,0.3044832485832652,55
5259,2,10195,10195,0,0,0,0,0.8867963408095797,0.7652072253828318,0.8867963408095797,0.7652072253828318,1.0,1,0.34453356919797096,56
5260,1,10196,10196,0,0,0,0,0.8669200236095265,0.7385929035187125,0.8669200236095265,0.7385929035187125,1.0,1,0.3742577454518644,55
5261,1,10197,10197,0,0,0,0,0.8644555796022955,0.7385929035187125,0.8644555796022955,0.7385929035187125,1.0,1,0.39304448623251376,54
5262,0,10197,10197,0,0,0,0,0.8644555796022954,0.7385929035187125,0.8644555796022954,0.7385929035187125,1.0,1,0.39304448623251376,54
5263,1,10198,10198,0,0,0,0,0.8463594841398,0.7086128147478963,0.8463594841398,0.7086128147478963,1.0,1,0.3992144780850034,55
5264,3,10201,10201,0,0,0,0,0.8438427171149981,0.7146091036929276,0.8438427171149981,0.7146091036929276,1.0,1,0.40079871286149427,53
5265,2,10203,10203,0,0,0,0,0.8781095911224829,0.7652481014210781,0.8781095911224829,0.7652481014210781,1.0,1,0.38525944501980586,52
5266,2,10205,10205,0,0,0,0,0.8746485542152926,0.772510339131457,0.8746485542152926,0.772510339131457,1.0,1,0.42031852209108667,49
5267,3,10208,10208,0,0,0,0,0.8817958849449616,0.7772307062424278,0.8817958849449616,0.7772307062424278,1.0,1,0.40046980512854813,49
5268,2,10210,10210,0,0,0,0,0.8893428296523863,0.7963908065603909,0.8893428296523863,0.7963908065603909,1.0,1,0.4313474061726281,46
5269,2,10212,10212,0,0,0,0,0.9131544532493976,0.8371645998426203,0.9131544532493976,0.8371645998426203,1.0,1,0.3837491317419475,45
5270,3,10215,10215,0,0,0,0,0.9223030678088414,0.8510808799669459,0.9223030678088414,0.8510808799669459,1.0,1,0.3606904509289025,46
5271,2,10217,10217,0,0,0,0,0.9360553775794489,0.8721107551588978,0.9360553775794489,0.8721107551588978,1.0,1,0.33433322428708356,46
5272,3,10220,10220,0,0,0,0,0.9349841238958575,0.8727950250136342,0.9349841238958575,0.8727950250136342,1.0,1,0.3362467364451246,45
5273,4,10224,10224,0,0,0,0,0.9810386672814082,0.9593685727458747,0.9810386672814082,0.9593685727458747,1.0,1,0.32051460888478445,45
5274,1,10225,10225,0,0,0,0,0.9956371980527758,0.9901836956187453,0.9956371980527758,0.9901836956187453,1.0,1,0.29092800220893883,45
5275,2,10227,10227,0,0,0,0,0.9957320415733675,0.9901836956187453,0.9957320415733675,0.9901836956187453,1.0,1,0.3137086064683005,46
5276,2,10229,10229,0,0,0,0,0.9986736532230815,0.9970157197519336,0.9986736532230815,0.9970157197519336,1.0,1,0.3137875837837731,45
5277,5,10234,10234,0,0,0,0,0.9965821504858116,0.9923098385930758,0.9965821504858116,0.9923098385930758,1.0,1,0.3165767056299916,45
5278,1,10235,10235,0,0,0,0,1.0,1.0,1.0,1.0,1.0,1,0.2954715933181061,44
5279,1,10236,10236,0,0,0,0,1.0,1.0,1.0,1.0,1.0,1,0.26994290168823526,45
5280,1,10237,10237,0,0,0,0,1.0,1.0,1.0,1.0,1.0,1,0.2747934292932435,46
5281,0,10237,10237,0,0,0,0,1.0,1.0,1.0,1.0,1.0,1,0.2747934292932435,46
5282,1,10238,10238,0,0,0,0,1.0,1.0,1.0,1.0,1.0,1,0.2739732768591873,47
5283,0,10238,10238,0,0,0,0,1.0,1.0,1.0,1.0,1.0,1,0.2734612734557065,48
5284,1,10239,10239,0,0,0,0,1.0,1.0,1.0,1.0,1.0,1,0.2631535994646156,48
5285,2,10241,10241,0,0,0,0,1.0,1.0,1.0,1.0,1.0,1,0.23157831273449206,48
5286,5,10246,10246,0,0,0,0,0.9941040591569406,0.9852601478923513,0.9941040591569406,0.9852601478923513,1.0,1,0.23296741244609653,50
5287,0,10246,10246,0,0,0,0,0.9941040591569406,0.9852601478923513,0.9941040591569406,0.9852601478923513,1.0,1,0.23296741244609653,50
5288,3,10249,10249,0,0,0,0,0.9285177684375978,0.8414959213181518,0.9285177684375978,0.8414959213181518,1.0,1,0.30357739021495284,51
5289,0,10249,10249,0,0,0,0,0.9285177684375978,0.8414959213181518,0.9285177684375978,0.8414959213181518,1.0,1,0.30357739021495284,51
5290,2,10251,10251,0,0,0,0,0.9499183564804365,0.8816252062264864,0.9499183564804365,0.8816252062264864,1.0,1,0.23878210918134404,52
5291,4,10255,10255,0,0,0,0,0.9016694343342823,0.795472423415307,0.9016694343342823,0.795472423415307,1.0,1,0.32137754671599733,52
5292,1,10256,10256,0,0,0,0,0.9035247280260882,0.795472423415307,0.9035247280260882,0.795472423415307,1.0,1,0.3343572045107327,53
5293,2,10258,10258,0,0,0,0,0.8776070001207072,0.759921423313695,0.8776070001207072,0.759921423313695,1.0,1,0.38073269571749097,51
5294,3,10261,10261,0,0,0,0,0.9032677544295605,0.8065355088591211,0.9032677544295605,0.8065355088591211,1.0,1,0.3874282549412917,50
5295,0,10261,10261,0,0,0,0,0.8851094255404593,0.7834754558262503,0.8851094255404593,0.7834754558262503,1.0,1,0.430744473381399,49
5296,1,10262,10262,0,0,0,0,0.9000470466899584,0.8080903296447199,0.9000470466899584,0.8080903296447199,1.0,1,0.4362475144283877,48
5297,0,10262,10262,0,0,0,0,0.8957012661112608,0.8080903296447199,0.8957012661112608,0.8080903296447199,1.0,1,0.4747123703805891,46
5298,1,10263,10263,0,0,0,0,0.9206586344402006,0.8479290493437178,0.9206586344402006,0.8479290493437178,1.0,1,0.46358731924154706,46
5299,0,10263,10263,0,0,0,0,0.9223467486010474,0.8479290493437178,0.9223467486010474,0.8479290493437178,1.0,1,0.460185948019843,47
5300,0,10263,10263,0,0,0,0,0.923964524671859,0.8479290493437178,0.923964524671859,0.8479290493437178,1.0,1,0.443822034985893,48
5301,0,10263,10263,0,0,0,0,0.9239645246718587,0.8479290493437178,0.9239645246718587,0.8479290493437178,1.0,1,0.443822034985893,48
5302,0,10263,10263,0,0,0,0,0.9255162690663108,0.8479290493437178,0.9255162690663108,0.8479290493437178,1.0,1,0.41754696890061693,49
5303,0,10263,10263,0,0,0,0,0.923964524671859,0.8479290493437178,0.923964524671859,0.8479290493437178,1.0,1,0.42201938901478686,48
5304,0,10263,10263,0,0,0,0,0.923964524671859,0.8479290493437178,0.923964524671859,0.8479290493437178,1.0,1,0.400410705680894,48
5305,1,10264,10264,0,0,0,0,0.9223467486010474,0.8479290493437178,0.9223467486010474,0.8479290493437178,1.0,1,0.41451240259250965,47
5306,1,10265,10265,0,0,0,0,0.9460872328596454,0.8874863990114338,0.9460872328596454,0.8874863990114338,1.0,1,0.399984135472192,48
5307,0,10265,10265,0,0,0,0,0.9460872328596452,0.8874863990114338,0.9460872328596452,0.8874863990114338,1.0,1,0.3936352863370388,48
5308,0,10265,10265,0,0,0,0,0.9449401527077229,0.8874863990114338,0.9449401527077229,0.8874863990114338,1.0,1,0.39615364714326434,47
5309,0,10265,10265,0,0,0,0,0.943743199505717,0.8874863990114338,0.943743199505717,0.8874863990114338,1.0,1,0.3937285838098527,46
5310,1,10266,10266,0,0,0,0,0.943743199505717,0.8874863990114338,0.943743199505717,0.8874863990114338,1.0,1,0.3745581544267665,46
5311,3,10269,10269,0,0,0,0,0.9285845497795621,0.863120387077494,0.9285845497795621,0.863120387077494,1.0,1,0.3619799565088303,46
5312,0,10269,10269,0,0,0,0,0.9285845497795621,0.863120387077494,0.9285845497795621,0.863120387077494,1.0,1,0.3525294236836401,46
5313,6,10275,10275,0,0,0,0,0.9460554665220561,0.892110933044112,0.9460554665220561,0.892110933044112,1.0,1,0.30741068075080025,46
5314,1,10276,10276,0,0,0,0,0.960531526436751,0.9174750098222975,0.960531526436751,0.9174750098222975,1.0,1,0.2858321785363494,46
5315,9,10285,10285,0,0,0,0,0.9872151442653246,0.9713862752604882,0.9872151442653246,0.9713862752604882,1.0,1,0.2497756056654486,47
5316,1,10286,10286,0,0,0,0,0.9846439766321353,0.9649005180163092,0.9846439766321353,0.9649005180163092,1.0,1,0.2614805659270066,48
5317,8,10294,10294,0,0,0,0,1.0,1.0,1.0,1.0,1.0,1,0.18231647403093929,49
5318,1,10295,10295,0,0,0,0,1.0,1.0,1.0,1.0,1.0,1,0.19906085680545105,49
5319,0,10295,10295,0,0,0,0,1.0,1.0,1.0,1.0,1.0,1,0.19036211230330877,50
5320,3,10298,10298,0,0,0,0,0.9861273488499245,0.9663092757783881,0.9861273488499245,0.9663092757783881,1.0,1,0.2450423330054557,51
5321,1,10299,10299,0,0,0,0,0.9691928371943592,0.9271830697321221,0.9691928371943592,0.9271830697321221,1.0,1,0.24057132499248007,52
5322,4,10303,10303,0,0,0,0,0.918847081560252,0.827955812907734,0.918847081560252,0.827955812907734,1.0,1,0.3039851036889591,53
5323,0,10303,10303,0,0,0,0,0.918847081560252,0.827955812907734,0.918847081560252,0.827955812907734,1.0,1,0.29127330520971145,53
5324,4,10307,10307,0,0,0,0,0.9087807030885708,0.8070361026873613,0.9087807030885708,0.8070361026873613,1.0,1,0.31166979074072637,55
5325,2,10309,10309,0,0,0,0,0.8877098103098592,0.7712607247052689,0.8877098103098592,0.7712607247052689,1.0,1,0.31060713605217277,55
5326,3,10312,10312,0,0,0,0,0.9149818100530172,0.8201538289583056,0.9149818100530172,0.8201538289583056,1.0,1,0.2903319287705756,55
5327,2,10314,10314,0,0,0,0,0.9166834377794647,0.8205489429096162,0.9166834377794647,0.8205489429096162,1.0,1,0.2834174011018572,56
5328,2,10316,10316,0,0,0,0,0.9262923974887861,0.838410256033108,0.9262923974887861,0.838410256033108,1.0,1,0.2684720758339105,57
5329,2,10318,10318,0,0,0,0,0.9316546433248233,0.8501659488274972,0.9316546433248233,0.8501659488274972,1.0,1,0.26542906873339644,57
5330,2,10320,10320,0,0,0,0,0.9542426917979164,0.8975036296273329,0.9542426917979164,0.8975036296273329,1.0,1,0.26232037924176893,56
5331,1,10321,10321,0,0,0,0,0.9790598525027591,0.9502671496940529,0.9790598525027591,0.9502671496940529,1.0,1,0.23165831995903305,57
5332,1,10322,10322,0,0,0,0,0.9794208895285736,0.9502671496940529,0.9794208895285736,0.9502671496940529,1.0,1,0.22632606610844017,58
5333,1,10323,10323,0,0,0,0,0.9797696880111402,0.9502671496940529,0.9797696880111402,0.9502671496940529,1.0,1,0.2033425048496774,59
5334,2,10325,10325,0,0,0,0,1.0,1.0,1.0,1.0,1.0,1,0.18761386771634692,59
5335,2,10327,10327,0,0,0,0,1.0,1.0,1.0,1.0,1.0,1,0.1911947012704398,58
5336,0,10327,10327,0,0,0,0,1.0,1.0,1.0,1.0,1.0,1,0.19924695512817817,59
5337,3,10330,10330,0,0,0,0,0.992414020086103,0.977242060258309,0.992414020086103,0.977242060258309,1.0,1,0.2145165382547344,60
5338,1,10331,10331,0,0,0,0,0.992414020086103,0.977242060258309,0.992414020086103,0.977242060258309,1.0,1,0.22374238080702866,60
5339,3,10334,10334,0,0,0,0,0.992414020086103,0.977242060258309,0.992414020086103,0.977242060258309,1.0,1,0.23207538617467452,60
5340,2,10336,10336,0,0,0,0,0.9818159725986171,0.9480456359960486,0.9818159725986171,0.9480456359960486,1.0,1,0.2468470809021754,60
5341,2,10338,10338,0,0,0,0,0.9989890250347779,0.9969165263560726,0.9989890250347779,0.9969165263560726,1.0,1,0.2257021903380494,61
5342,2,10340,10340,0,0,0,0,0.9989547546969737,0.9969165263560726,0.9989547546969737,0.9969165263560726,1.0,1,0.2146827503787973,59
5343,2,10342,10342,0,0,0,0,1.0,1.0,1.0,1.0,1.0,1,0.18140233020514587,58
5344,3,10345,10345,0,0,0,0,1.0,1.0,1.0,1.0,1.0,1,0.17320176556945013,58
5345,0,10345,10345,0,0,0,0,1.0,1.0,1.0,1.0,1.0,1,0.1872301015147967,54
5346,2,10347,10347,0,0,0,0,1.0,1.0,1.0,1.0,1.0,1,0.15197821698678657,54
5347,1,10348,10348,0,0,0,0,1.0,1.0,1.0,1.0,1.0,1,0.1426541539082275,54
5348,2,10350,10350,0,0,0,0,1.0,1.0,1.0,1.0,1.0,1,0.1523496668241785,55
5349,1,10351,10351,0,0,0,0,1.0,1.0,1.0,1.0,1.0,1,0.12082709490063272,56
5350,0,10351,10351,0,0,0,0,1.0,1.0,1.0,1.0,1.0,1,0.13257812760060284,56
5351,0,10351,10351,0,0,0,0,1.0,1.0,1.0,1.0,1.0,1,0.12580297698788762,57
5352,0,10351,10351,0,0,0,0,1.0,1.0,1.0,1.0,1.0,1,0.14282623563851238,57
5353,1,10352,10352,0,0,0,0,1.0,1.0,1.0,1.0,1.0,1,0.14282244903176736,57
5354,4,10356,10356,0,0,0,0,0.9598011241330017,0.9062026229770042,0.9598011241330017,0.9062026229770042,1.0,1,0.20198739296731794,56
5355,1,10357,10357,0,0,0,0,0.9839671248851056,0.9602663529761313,0.9839671248851056,0.9602663529761313,1.0,1,0.1715670335112108,57
5356,3,10360,10360,0,0,0,0,0.9657976999139831,0.9201946331326274,0.9657976999139831,0.9201946331326274,1.0,1,0.21660835159642244,56
5357,3,10363,10363,0,0,0,0,0.926874829576343,0.8424996329336619,0.926874829576343,0.8424996329336619,1.0,1,0.283529906955615,56
5358,2,10365,10365,0,0,0,0,0.9429613150316416,0.8699517982721428,0.9429613150316416,0.8699517982721428,1.0,1,0.2599755992210605,57
5359,0,10365,10365,0,0,0,0,0.9429613150316415,0.8699517982721428,0.9429613150316415,0.8699517982721428,1.0,1,0.2599755992210605,57
5360,3,10368,10368,0,0,0,0,0.9811283663576249,0.9548721804204074,0.9811283663576249,0.9548721804204074,1.0,1,0.26497196598249656,55
5361,0,10368,10368,0,0,0,0,0.9814653598155244,0.9548721804204074,0.9814653598155244,0.9548721804204074,1.0,1,0.2647206079196998,56
5362,0,10368,10368,0,0,0,0,0.9817905289415679,0.9548721804204074,0.9817905289415679,0.9548721804204074,1.0,1,0.2497904876002848,57
5363,1,10369,10369,0,0,0,0,0.9817905289415679,0.9548721804204074,0.9817905289415679,0.9548721804204074,1.0,1,0.26027475675937983,57
5364,2,10371,10371,0,0,0,0,0.9821044853391271,0.9548721804204074,0.9821044853391271,0.9548721804204074,1.0,1,0.27832765889658984,58
5365,1,10372,10372,0,0,0,0,0.9470968368809269,0.8751485350389876,0.9470968368809269,0.8751485350389876,1.0,1,0.2874523770375818,59
5366,2,10374,10374,0,0,0,0,0.942943691436151,0.8751485350389876,0.942943691436151,0.8751485350389876,1.0,1,0.30423310994461766,60
5367,2,10376,10376,0,0,0,0,0.9141931996485696,0.8093182214412658,0.9141931996485696,0.8093182214412658,1.0,1,0.3210393864652041,60
5368,4,10380,10380,0,0,0,0,0.9106359223351137,0.808032722053207,0.9106359223351137,0.808032722053207,1.0,1,0.3451731670306612,58
5369,6,10386,10386,0,0,0,0,0.8543300126862892,0.718371357860159,0.8543300126862892,0.718371357860159,1.0,1,0.36290343301787087,58
5370,3,10389,10389,0,0,0,0,0.8518044681452291,0.7184284894759354,0.8518044681452291,0.7184284894759354,1.0,1,0.3812102283456115,57
5371,5,10394,10394,0,0,0,0,0.8696852906283171,0.7483578025926123,0.8696852906283171,0.7483578025926123,1.0,1,0.3946020054583466,56
5372,4,10398,10398,0,0,0,0,0.8887053425196844,0.7813854942350943,0.8887053425196844,0.7813854942350943,1.0,1,0.3773713449698362,55
5373,3,10401,10401,0,0,0,0,0.9005267549393252,0.8010535098786504,0.9005267549393252,0.8010535098786504,1.0,1,0.3454086271387157,54
5374,5,10406,10406,0,0,0,0,0.9176137558609824,0.83205881002431,0.9176137558609824,0.83205881002431,1.0,1,0.34882598952160887,53
5375,7,10413,10413,0,0,0,0,0.9517152615759503,0.8953830667478924,0.9517152615759503,0.8953830667478924,1.0,1,0.33519953836780764,52
5376,1,10414,10414,0,0,0,0,0.9922228399510652,0.9816176217025179,0.9922228399510652,0.9816176217025179,1.0,1,0.2923466698113192,52
5377,2,10416,10416,0,0,0,0,1.0,1.0,1.0,1.0,1.0,1,0.24583216331584865,51
5378,0,10416,10416,0,0,0,0,1.0,1.0,1.0,1.0,1.0,1,0.25880362339841284,52
5379,3,10419,10419,0,0,0,0,0.9893638811098723,0.975827002522437,0.9893638811098723,0.975827002522437,1.0,1,0.2802925126625844,50
5380,1,10420,10420,0,0,0,0,0.9895724324606591,0.975827002522437,0.9895724324606591,0.975827002522437,1.0,1,0.2987186591450751,51
5381,1,10421,10421,0,0,0,0,1.0,1.0,1.0,1.0,1.0,1,0.28067707236369854,50
5382,1,10422,10422,0,0,0,0,1.0,1.0,1.0,1.0,1.0,1,0.33076274301233305,48
5383,3,10425,10425,0,0,0,0,0.9860984750504249,0.9696694001100178,0.9860984750504249,0.9696694001100178,1.0,1,0.318487167050359,48
5384,3,10428,10428,0,0,0,0,1.0,1.0,1.0,1.0,1.0,1,0.2664375133357958,48
5385,2,10430,10430,0,0,0,0,1.0,1.0,1.0,1.0,1.0,1,0.2801482536446293,47
5386,3,10433,10433,0,0,0,0,1.0,1.0,1.0,1.0,1.0,1,0.2547902111378667,48
5387,0,10433,10433,0,0,0,0,1.0,1.0,1.0,1.0,1.0,1,0.25783972436881963,48
5388,7,10440,10440,0,0,0,0,1.0,1.0,1.0,1.0,1.0,1,0.2623687347294471,48
5389,1,10441,10441,0,0,0,0,0.9753279113615041,0.9439270712761456,0.9753279113615041,0.9439270712761456,1.0,1,0.2649602885271167,50
5390,5,10446,10446,0,0,0,0,0.9659670341389852,0.923055903270749,0.9659670341389852,0.923055903270749,1.0,1,0.24228912450623707,52
5391,0,10446,10446,0,0,0,0,0.9659670341389852,0.923055903270749,0.9659670341389852,0.923055903270749,1.0,1,0.24228912450623707,52
5392,2,10448,10448,0,0,0,0,0.9670589535437206,0.9269568100317281,0.9670589535437206,0.9269568100317281,1.0,1,0.27502318496311146,51
5393,3,10451,10451,0,0,0,0,0.9084152762581899,0.8238755312657499,0.9084152762581899,0.8238755312657499,1.0,1,0.3604895771716719,50
5394,3,10454,10454,0,0,0,0,0.9505857628093214,0.8970536725194196,0.9505857628093214,0.8970536725194196,1.0,1,0.318114040814208,50
5395,4,10458,10458,0,0,0,0,0.9292369718836382,0.8613044648919309,0.9292369718836382,0.8613044648919309,1.0,1,0.34318262677228606,49
5396,7,10465,10465,0,0,0,0,0.8975494958255993,0.8108606076780293,0.8975494958255993,0.8108606076780293,1.0,1,0.40050315613611487,48
5397,2,10467,10467,0,0,0,0,0.9199293748959213,0.8462643998001689,0.9199293748959213,0.8462643998001689,1.0,1,0.366205145442983,48
5398,6,10473,10473,0,0,0,0,0.9476077033592247,0.8995814314385142,0.9476077033592247,0.8995814314385142,1.0,1,0.33746331966893,46
5399,3,10476,10476,0,0,0,0,0.9847374608186364,0.9680874180753308,0.9847374608186364,0.9680874180753308,1.0,1,0.27366720859103244,46
5400,1,10477,10477,0,0,0,0,0.9655845970128837,0.9281765502877571,0.9655845970128837,0.9281765502877571,1.0,1,0.2554762298977313,48
5401,4,10481,10481,0,0,0,0,1.0,1.0,1.0,1.0,1.0,1,0.22918609954521277,49
5402,0,10481,10481,0,0,0,0,1.0,1.0,1.0,1.0,1.0,1,0.0,0
