,SuccessfulHandoverCount,TotalSuccessfulHandoverCount,TotalSuccessfulHandoverCountRange,TotalSuccessfulHandoverCountLoadBalancing,TotalSuccessfulHandoverCountOverload,FailedHandoverCount,TotalFailedHandoverCount,AvgQoS,MinQoS,AvgQoS_LoadBased,MinQoS_LoadBased,AvgQoS_RangeBased,MinQoS_RangeBased,GiniLoad,VehicleCount
0,0,0,0,0,0,0,0,1.0,1,1.0,1,1.0,1,0.0,0
1,21,21,0,21,0,0,0,1.0,1,1.0,1,1.0,1,0.21657892356170347,26
2,17,38,0,38,0,0,0,1.0,1,1.0,1,1.0,1,0.18791845812517585,27
3,17,55,0,55,0,0,0,1.0,1,1.0,1,1.0,1,0.25024752654601423,28
4,13,68,0,68,0,0,0,1.0,1,1.0,1,1.0,1,0.2282232856460528,29
5,15,83,0,83,0,0,0,1.0,1,1.0,1,1.0,1,0.2692221329804045,29
6,17,100,0,100,0,0,0,1.0,1,1.0,1,1.0,1,0.2270842961719373,32
7,20,120,0,120,0,0,0,1.0,1,1.0,1,1.0,1,0.19626399996620253,33
8,20,140,0,140,0,0,0,1.0,1,1.0,1,1.0,1,0.2154769459355529,35
9,18,158,0,158,0,0,0,1.0,1,1.0,1,1.0,1,0.23368197703721189,35
10,18,176,0,176,0,0,0,1.0,1,1.0,1,1.0,1,0.18769854624512006,35
11,18,194,0,194,0,0,0,1.0,1,1.0,1,1.0,1,0.16795527971039256,35
12,12,206,0,206,0,0,0,1.0,1,1.0,1,1.0,1,0.23891424869164352,34
13,9,215,0,215,0,0,0,1.0,1,1.0,1,1.0,1,0.20249354877288966,32
14,13,228,1,227,0,0,0,1.0,1,1.0,1,1.0,1,0.31933391429386404,31
15,12,240,1,239,0,0,0,1.0,1,1.0,1,1.0,1,0.2297172262240594,30
16,12,252,1,251,0,0,0,1.0,1,1.0,1,1.0,1,0.2508737977000818,30
17,7,259,1,258,0,0,0,1.0,1,1.0,1,1.0,1,0.19035005003854555,29
18,8,267,2,265,0,0,0,1.0,1,1.0,1,1.0,1,0.25555612273564904,29
19,9,276,2,274,0,0,0,1.0,1,1.0,1,1.0,1,0.23747558488948717,28
20,12,288,2,286,0,0,0,1.0,1,1.0,1,1.0,1,0.2788028508664455,28
21,3,291,2,289,0,0,0,1.0,1,1.0,1,1.0,1,0.18889548705195097,28
22,2,293,3,290,0,0,0,1.0,1,1.0,1,1.0,1,0.19997679490285766,28
23,3,296,4,292,0,0,0,1.0,1,1.0,1,1.0,1,0.30183699181484647,27
24,3,299,6,293,0,0,0,1.0,1,1.0,1,1.0,1,0.23314456578577933,28
25,1,300,7,293,0,0,0,1.0,1,1.0,1,1.0,1,0.1604191114375072,28
26,3,303,9,294,0,0,0,1.0,1,1.0,1,1.0,1,0.207315767294863,30
27,1,304,9,295,0,0,0,1.0,1,1.0,1,1.0,1,0.15032939034380122,30
28,3,307,11,296,0,0,0,1.0,1,1.0,1,1.0,1,0.1905377276004019,31
29,1,308,11,297,0,0,0,1.0,1,1.0,1,1.0,1,0.22262762991574372,30
30,1,309,12,297,0,0,0,1.0,1,1.0,1,1.0,1,0.2472070042890947,30
31,1,310,13,297,0,0,0,1.0,1,1.0,1,1.0,1,0.23265382307096388,31
32,2,312,13,299,0,0,0,1.0,1,1.0,1,1.0,1,0.25500114852783423,31
33,3,315,15,300,0,0,0,1.0,1,1.0,1,1.0,1,0.18060749099409942,31
34,1,316,16,300,0,0,0,1.0,1,1.0,1,1.0,1,0.1619371593902085,29
35,1,317,17,300,0,0,0,1.0,1,1.0,1,1.0,1,0.19483458954520677,30
36,0,317,17,300,0,0,0,1.0,1,1.0,1,1.0,1,0.17515252882371193,30
37,1,318,17,301,0,0,0,1.0,1,1.0,1,1.0,1,0.1770909597716729,31
38,1,319,17,302,0,0,0,1.0,1,1.0,1,1.0,1,0.15861906870113512,32
39,1,320,17,303,0,0,0,1.0,1,1.0,1,1.0,1,0.1673858233425862,36
40,1,321,17,304,0,0,0,1.0,1,1.0,1,1.0,1,0.17125465324517242,37
41,3,324,17,307,0,0,0,1.0,1,1.0,1,1.0,1,0.09712906630419374,37
42,1,325,17,308,0,0,0,1.0,1,1.0,1,1.0,1,0.09101699476399323,38
43,1,326,18,308,0,0,0,1.0,1,1.0,1,1.0,1,0.08964969668159907,40
44,0,326,18,308,0,0,0,1.0,1,1.0,1,1.0,1,0.09869248413561994,39
45,1,327,19,308,0,0,0,1.0,1,1.0,1,1.0,1,0.14218551946067184,40
46,0,327,19,308,0,0,0,1.0,1,1.0,1,1.0,1,0.11737871171030301,39
47,0,327,19,308,0,0,0,1.0,1,1.0,1,1.0,1,0.11737871171030301,39
48,4,331,21,310,0,0,0,1.0,1,1.0,1,1.0,1,0.14567893015637953,39
49,3,334,22,312,0,0,0,1.0,1,1.0,1,1.0,1,0.17447941692251312,37
50,2,336,23,313,0,0,0,1.0,1,1.0,1,1.0,1,0.1607742509038738,35
51,0,336,23,313,0,0,0,1.0,1,1.0,1,1.0,1,0.1528191634608367,34
52,0,336,23,313,0,0,0,1.0,1,1.0,1,1.0,1,0.18242529129517257,34
53,2,338,23,315,0,0,0,1.0,1,1.0,1,1.0,1,0.19398109414771286,35
54,2,340,23,317,0,0,0,1.0,1,1.0,1,1.0,1,0.22969183344829552,36
55,4,344,24,320,0,0,0,1.0,1,1.0,1,1.0,1,0.22384715970285576,36
56,2,346,24,322,0,0,0,1.0,1,1.0,1,1.0,1,0.23907054341706516,36
57,0,346,24,322,0,0,0,1.0,1,1.0,1,1.0,1,0.23836107991703206,37
58,8,354,27,327,0,0,0,1.0,1,1.0,1,1.0,1,0.22488182809243212,38
59,3,357,29,328,0,0,0,1.0,1,1.0,1,1.0,1,0.22800461413904732,37
60,3,360,30,330,0,0,0,1.0,1,1.0,1,1.0,1,0.21277340203462927,38
61,4,364,30,334,0,0,0,1.0,1,1.0,1,1.0,1,0.1397105633375337,37
62,1,365,31,334,0,0,0,1.0,1,1.0,1,1.0,1,0.1455790487237001,39
63,3,368,32,336,0,0,0,1.0,1,1.0,1,1.0,1,0.14494781103890073,39
64,2,370,34,336,0,0,0,1.0,1,1.0,1,1.0,1,0.1795091518657184,38
65,2,372,35,337,0,0,0,1.0,1,1.0,1,1.0,1,0.1550200282277912,39
66,2,374,37,337,0,0,0,1.0,1,1.0,1,1.0,1,0.17890734052246746,39
67,2,376,37,339,0,0,0,1.0,1,1.0,1,1.0,1,0.16661962137075656,36
68,4,380,38,342,0,0,0,1.0,1,1.0,1,1.0,1,0.17858599973835843,36
69,4,384,39,345,0,0,0,1.0,1,1.0,1,1.0,1,0.19180518232374008,37
70,2,386,39,347,0,0,0,1.0,1,1.0,1,1.0,1,0.23348761123254885,36
71,1,387,39,348,0,0,0,1.0,1,1.0,1,1.0,1,0.23509994255759004,38
72,1,388,40,348,0,0,0,1.0,1,1.0,1,1.0,1,0.19850979695199925,38
73,4,392,41,351,0,0,0,1.0,1,1.0,1,1.0,1,0.2341078741847669,37
74,5,397,42,355,0,0,0,1.0,1,1.0,1,1.0,1,0.26586235185087387,38
75,7,404,42,362,0,0,0,1.0,1,1.0,1,1.0,1,0.2545976731133821,38
76,3,407,43,364,0,0,0,1.0,1,1.0,1,1.0,1,0.2899903216729637,39
77,3,410,43,367,0,0,0,1.0,1,1.0,1,1.0,1,0.2870089054913916,40
78,5,415,43,372,0,0,0,1.0,1,1.0,1,1.0,1,0.3103490006439076,41
79,6,421,43,378,0,0,0,1.0,1,1.0,1,1.0,1,0.2882457074316807,41
80,7,428,43,385,0,0,0,1.0,1,1.0,1,1.0,1,0.26485192452325473,41
81,5,433,44,389,0,0,0,1.0,1,1.0,1,1.0,1,0.17912970529672137,41
82,4,437,44,393,0,0,0,1.0,1,1.0,1,1.0,1,0.12062497535637047,44
83,0,437,44,393,0,0,0,1.0,1,1.0,1,1.0,1,0.12062497535637047,44
84,2,439,44,395,0,0,0,1.0,1,1.0,1,1.0,1,0.13662525019229685,45
85,2,441,44,397,0,0,0,1.0,1,1.0,1,1.0,1,0.14482272574194527,45
86,2,443,44,399,0,0,0,1.0,1,1.0,1,1.0,1,0.12103927168088127,45
87,1,444,44,400,0,0,0,1.0,1,1.0,1,1.0,1,0.16204872820907668,44
88,1,445,44,401,0,0,0,1.0,1,1.0,1,1.0,1,0.14088049421095528,44
89,4,449,44,405,0,0,0,1.0,1,1.0,1,1.0,1,0.15606799520681808,43
90,4,453,44,409,0,0,0,1.0,1,1.0,1,1.0,1,0.10702327213908068,44
91,4,457,46,411,0,0,0,1.0,1,1.0,1,1.0,1,0.11503940612250277,44
92,0,457,46,411,0,0,0,1.0,1,1.0,1,1.0,1,0.10064885253731666,43
93,0,457,46,411,0,0,0,1.0,1,1.0,1,1.0,1,0.11190564973756052,44
94,0,457,46,411,0,0,0,1.0,1,1.0,1,1.0,1,0.11190564973756052,44
95,3,460,46,414,0,0,0,1.0,1,1.0,1,1.0,1,0.11510107819016155,43
96,2,462,46,416,0,0,0,1.0,1,1.0,1,1.0,1,0.11137256469197276,44
97,3,465,47,418,0,0,0,1.0,1,1.0,1,1.0,1,0.12678130355923908,44
98,4,469,47,422,0,0,0,1.0,1,1.0,1,1.0,1,0.16078151751659503,43
99,1,470,47,423,0,0,0,1.0,1,1.0,1,1.0,1,0.16211664501987372,43
100,6,476,48,428,0,0,0,1.0,1,1.0,1,1.0,1,0.1627153646551686,47
101,2,478,49,429,0,0,0,1.0,1,1.0,1,1.0,1,0.17810322775407333,47
102,2,480,50,430,0,0,0,1.0,1,1.0,1,1.0,1,0.17679525917228578,47
103,5,485,53,432,0,0,0,1.0,1,1.0,1,1.0,1,0.21092845022118922,46
104,3,488,56,432,0,0,0,1.0,1,1.0,1,1.0,1,0.22551505070830494,45
105,2,490,56,434,0,0,0,1.0,1,1.0,1,1.0,1,0.21359836890752779,44
106,5,495,59,436,0,0,0,1.0,1,1.0,1,1.0,1,0.20441870235348375,45
107,1,496,59,437,0,0,0,1.0,1,1.0,1,1.0,1,0.1709348751958952,44
108,2,498,60,438,0,0,0,1.0,1,1.0,1,1.0,1,0.17416093367185445,46
109,5,503,63,440,0,0,0,1.0,1,1.0,1,1.0,1,0.13212738443896518,46
110,3,506,65,441,0,0,0,1.0,1,1.0,1,1.0,1,0.11791659361106888,46
111,3,509,66,443,0,0,0,1.0,1,1.0,1,1.0,1,0.1302631681090417,46
112,1,510,67,443,0,0,0,1.0,1,1.0,1,1.0,1,0.1452368528966868,46
113,0,510,67,443,0,0,0,1.0,1,1.0,1,1.0,1,0.13783841672311045,46
114,2,512,68,444,0,0,0,1.0,1,1.0,1,1.0,1,0.11322830937258183,46
115,3,515,69,446,0,0,0,1.0,1,1.0,1,1.0,1,0.11092697841033455,47
116,3,518,70,448,0,0,0,1.0,1,1.0,1,1.0,1,0.1424866694574378,47
117,2,520,71,449,0,0,0,1.0,1,1.0,1,1.0,1,0.1043065360417901,45
118,2,522,72,450,0,0,0,1.0,1,1.0,1,1.0,1,0.08391247315453375,46
119,0,522,72,450,0,0,0,1.0,1,1.0,1,1.0,1,0.10384079523561632,46
120,0,522,72,450,0,0,0,1.0,1,1.0,1,1.0,1,0.11127763462088293,47
121,2,524,72,452,0,0,0,1.0,1,1.0,1,1.0,1,0.08369928723532866,46
122,2,526,72,454,0,0,0,1.0,1,1.0,1,1.0,1,0.048844391473334796,46
123,0,526,72,454,0,0,0,1.0,1,1.0,1,1.0,1,0.06854194726669996,45
124,2,528,73,455,0,0,0,1.0,1,1.0,1,1.0,1,0.11256085811872331,46
125,2,530,74,456,0,0,0,1.0,1,1.0,1,1.0,1,0.0739555741833556,44
126,3,533,74,459,0,0,0,1.0,1,1.0,1,1.0,1,0.07505774848190643,45
127,1,534,74,460,0,0,0,1.0,1,1.0,1,1.0,1,0.07684318700250027,45
128,3,537,76,461,0,0,0,1.0,1,1.0,1,1.0,1,0.12298326561703574,46
129,4,541,76,465,0,0,0,1.0,1,1.0,1,1.0,1,0.12112243850407034,48
130,4,545,77,468,0,0,0,1.0,1,1.0,1,1.0,1,0.12259691037821205,48
131,1,546,78,468,0,0,0,1.0,1,1.0,1,1.0,1,0.14281491564268867,49
132,3,549,78,471,0,0,0,1.0,1,1.0,1,1.0,1,0.13669244468886727,51
133,4,553,80,473,0,0,0,1.0,1,1.0,1,1.0,1,0.12721564389885084,49
134,5,558,83,475,0,0,0,1.0,1,1.0,1,1.0,1,0.14986271629795547,49
135,4,562,84,478,0,0,0,1.0,1,1.0,1,1.0,1,0.17023916064534803,49
136,9,571,88,483,0,0,0,1.0,1,1.0,1,1.0,1,0.2281235711078387,48
137,3,574,88,486,0,0,0,1.0,1,1.0,1,1.0,1,0.22857244711882643,47
138,6,580,90,490,0,0,0,1.0,1,1.0,1,1.0,1,0.21758929463809215,48
139,4,584,91,493,0,0,0,1.0,1,1.0,1,1.0,1,0.20472102901468264,48
140,9,593,93,500,0,0,0,1.0,1,1.0,1,1.0,1,0.2040194264665067,49
141,5,598,95,503,0,0,0,1.0,1,1.0,1,1.0,1,0.16698886050105724,49
142,3,601,96,505,0,0,0,1.0,1,1.0,1,1.0,1,0.12636126048764232,49
143,1,602,97,505,0,0,0,1.0,1,1.0,1,1.0,1,0.11506741210435781,47
144,1,603,98,505,0,0,0,1.0,1,1.0,1,1.0,1,0.1119540462727526,46
145,4,607,99,508,0,0,0,1.0,1,1.0,1,1.0,1,0.1544457464250479,44
146,1,608,100,508,0,0,0,1.0,1,1.0,1,1.0,1,0.1807475295521868,44
147,0,608,100,508,0,0,0,1.0,1,1.0,1,1.0,1,0.16683740230481878,43
148,4,612,101,511,0,0,0,1.0,1,1.0,1,1.0,1,0.1646785969254547,43
149,2,614,102,512,0,0,0,1.0,1,1.0,1,1.0,1,0.13325014124952692,43
150,2,616,102,514,0,0,0,1.0,1,1.0,1,1.0,1,0.1330928451650044,42
151,2,618,103,515,0,0,0,1.0,1,1.0,1,1.0,1,0.14351639623004284,42
152,1,619,104,515,0,0,0,1.0,1,1.0,1,1.0,1,0.15297882803780743,42
153,0,619,104,515,0,0,0,1.0,1,1.0,1,1.0,1,0.17349001494243144,42
154,3,622,106,516,0,0,0,1.0,1,1.0,1,1.0,1,0.22307637083986515,43
155,1,623,106,517,0,0,0,1.0,1,1.0,1,1.0,1,0.21611296440270314,43
156,1,624,106,518,0,0,0,1.0,1,1.0,1,1.0,1,0.19631173508133537,42
157,3,627,106,521,0,0,0,1.0,1,1.0,1,1.0,1,0.2163749183769684,41
158,0,627,106,521,0,0,0,1.0,1,1.0,1,1.0,1,0.21380107669093265,42
159,3,630,106,524,0,0,0,1.0,1,1.0,1,1.0,1,0.24480928120592016,43
160,5,635,109,526,0,0,0,1.0,1,1.0,1,1.0,1,0.33794123380544216,44
161,10,645,110,535,0,0,0,1.0,1,1.0,1,1.0,1,0.17719988681568252,44
162,6,651,111,540,0,0,0,1.0,1,1.0,1,1.0,1,0.1674821862457345,45
163,2,653,111,542,0,0,0,1.0,1,1.0,1,1.0,1,0.16081795766018422,43
164,2,655,112,543,0,0,0,1.0,1,1.0,1,1.0,1,0.17345403867765527,42
165,4,659,114,545,0,0,0,1.0,1,1.0,1,1.0,1,0.17973591059343008,42
166,2,661,114,547,0,0,0,1.0,1,1.0,1,1.0,1,0.14240432877863093,42
167,4,665,116,549,0,0,0,1.0,1,1.0,1,1.0,1,0.15819702636368668,41
168,2,667,116,551,0,0,0,1.0,1,1.0,1,1.0,1,0.18939328023109311,40
169,6,673,117,556,0,0,0,1.0,1,1.0,1,1.0,1,0.2055918404730077,40
170,4,677,117,560,0,0,0,1.0,1,1.0,1,1.0,1,0.16029163655656403,38
171,3,680,118,562,0,0,0,1.0,1,1.0,1,1.0,1,0.20503403686900906,37
172,4,684,121,563,0,0,0,1.0,1,1.0,1,1.0,1,0.24592154477272937,35
173,3,687,122,565,0,0,0,1.0,1,1.0,1,1.0,1,0.3098806549112328,36
174,6,693,124,569,0,0,0,1.0,1,1.0,1,1.0,1,0.3070493840077724,34
175,4,697,124,573,0,0,0,1.0,1,1.0,1,1.0,1,0.3336144597342712,33
176,5,702,124,578,0,0,0,1.0,1,1.0,1,1.0,1,0.30587025764140197,34
177,8,710,124,586,0,0,0,1.0,1,1.0,1,1.0,1,0.3044343501752714,36
178,6,716,125,591,0,0,0,1.0,1,1.0,1,1.0,1,0.2517907827047222,37
179,8,724,125,599,0,0,0,1.0,1,1.0,1,1.0,1,0.2517907827047222,37
180,4,728,125,603,0,0,0,1.0,1,1.0,1,1.0,1,0.27683624187643663,36
181,4,732,125,607,0,0,0,1.0,1,1.0,1,1.0,1,0.1870095491868221,36
182,3,735,126,609,0,0,0,1.0,1,1.0,1,1.0,1,0.11594400975200406,38
183,1,736,127,609,0,0,0,1.0,1,1.0,1,1.0,1,0.12648433376555807,37
184,0,736,127,609,0,0,0,1.0,1,1.0,1,1.0,1,0.12534259952520216,36
185,1,737,127,610,0,0,0,1.0,1,1.0,1,1.0,1,0.1360464565426023,35
186,3,740,128,612,0,0,0,1.0,1,1.0,1,1.0,1,0.11490888090311879,34
187,4,744,130,614,0,0,0,1.0,1,1.0,1,1.0,1,0.1839843948564402,33
188,2,746,131,615,0,0,0,1.0,1,1.0,1,1.0,1,0.1984943752234527,33
189,8,754,135,619,0,0,0,1.0,1,1.0,1,1.0,1,0.2198710704279255,33
190,1,755,135,620,0,0,0,1.0,1,1.0,1,1.0,1,0.2372272812662017,32
191,2,757,136,621,0,0,0,1.0,1,1.0,1,1.0,1,0.2265812736932443,34
192,4,761,136,625,0,0,0,1.0,1,1.0,1,1.0,1,0.2585012078943909,34
193,4,765,136,629,0,0,0,1.0,1,1.0,1,1.0,1,0.25526544387919164,35
194,8,773,137,636,0,0,0,1.0,1,1.0,1,1.0,1,0.2634837093293767,37
195,8,781,137,644,0,0,0,1.0,1,1.0,1,1.0,1,0.30096565269302544,36
196,6,787,138,649,0,0,0,1.0,1,1.0,1,1.0,1,0.2430810083952423,36
197,3,790,138,652,0,0,0,1.0,1,1.0,1,1.0,1,0.23477516723021571,37
198,2,792,138,654,0,0,0,1.0,1,1.0,1,1.0,1,0.22689317219511745,37
199,4,796,139,657,0,0,0,1.0,1,1.0,1,1.0,1,0.26304358480252404,37
200,10,806,141,665,0,0,0,1.0,1,1.0,1,1.0,1,0.21918817087428985,37
201,7,813,141,672,0,0,0,1.0,1,1.0,1,1.0,1,0.16431276456753147,36
202,3,816,141,675,0,0,0,1.0,1,1.0,1,1.0,1,0.12278792684663115,36
203,1,817,141,676,0,0,0,1.0,1,1.0,1,1.0,1,0.13118236558180443,35
204,2,819,142,677,0,0,0,1.0,1,1.0,1,1.0,1,0.130733899505282,35
205,1,820,143,677,0,0,0,1.0,1,1.0,1,1.0,1,0.13067206427338104,35
206,2,822,144,678,0,0,0,1.0,1,1.0,1,1.0,1,0.14868140732512217,34
207,4,826,145,681,0,0,0,1.0,1,1.0,1,1.0,1,0.21179568267076485,34
208,4,830,146,684,0,0,0,1.0,1,1.0,1,1.0,1,0.25844109540574733,33
209,5,835,146,689,0,0,0,1.0,1,1.0,1,1.0,1,0.26862260019997836,33
210,6,841,148,693,0,0,0,1.0,1,1.0,1,1.0,1,0.306318210291037,34
211,4,845,149,696,0,0,0,1.0,1,1.0,1,1.0,1,0.3617837112476238,33
212,4,849,149,700,0,0,0,1.0,1,1.0,1,1.0,1,0.36997357617251525,33
213,8,857,150,707,0,0,0,1.0,1,1.0,1,1.0,1,0.2507675310629556,35
214,9,866,151,715,0,0,0,1.0,1,1.0,1,1.0,1,0.2396682154359581,34
215,5,871,152,719,0,0,0,1.0,1,1.0,1,1.0,1,0.19589795807159682,35
216,6,877,152,725,0,0,0,1.0,1,1.0,1,1.0,1,0.18785285818080688,36
217,3,880,153,727,0,0,0,1.0,1,1.0,1,1.0,1,0.22582534096351037,36
218,5,885,154,731,0,0,0,1.0,1,1.0,1,1.0,1,0.24214315183967475,36
219,2,887,154,733,0,0,0,1.0,1,1.0,1,1.0,1,0.1862232371662325,37
220,6,893,155,738,0,0,0,1.0,1,1.0,1,1.0,1,0.21374183428531765,38
221,4,897,156,741,0,0,0,1.0,1,1.0,1,1.0,1,0.1413330066783026,37
222,1,898,156,742,0,0,0,1.0,1,1.0,1,1.0,1,0.1207721105680424,38
223,1,899,157,742,0,0,0,1.0,1,1.0,1,1.0,1,0.14369480228224277,38
224,9,908,162,746,0,0,0,1.0,1,1.0,1,1.0,1,0.28494921801726897,38
225,1,909,162,747,0,0,0,1.0,1,1.0,1,1.0,1,0.2168087320394059,36
226,6,915,165,750,0,0,0,1.0,1,1.0,1,1.0,1,0.23390662806359705,37
227,3,918,167,751,0,0,0,1.0,1,1.0,1,1.0,1,0.2081765245410296,35
228,1,919,167,752,0,0,0,1.0,1,1.0,1,1.0,1,0.16989906943357894,35
229,2,921,169,752,0,0,0,1.0,1,1.0,1,1.0,1,0.15538841422835323,35
230,0,921,169,752,0,0,0,1.0,1,1.0,1,1.0,1,0.15538841422835323,35
231,0,921,169,752,0,0,0,1.0,1,1.0,1,1.0,1,0.15811237165891556,35
232,4,925,173,752,0,0,0,1.0,1,1.0,1,1.0,1,0.16021378405396294,36
233,2,927,173,754,0,0,0,1.0,1,1.0,1,1.0,1,0.14337833348966186,36
234,3,930,175,755,0,0,0,1.0,1,1.0,1,1.0,1,0.1401557209008768,34
235,5,935,178,757,0,0,0,1.0,1,1.0,1,1.0,1,0.11608640633892245,33
236,1,936,179,757,0,0,0,1.0,1,1.0,1,1.0,1,0.13533596998776018,31
237,3,939,180,759,0,0,0,1.0,1,1.0,1,1.0,1,0.18432628506969267,32
238,1,940,181,759,0,0,0,1.0,1,1.0,1,1.0,1,0.2358143709471789,31
239,4,944,183,761,0,0,0,1.0,1,1.0,1,1.0,1,0.24168952937996374,30
240,2,946,183,763,0,0,0,1.0,1,1.0,1,1.0,1,0.29646572722246295,27
241,7,953,184,769,0,0,0,1.0,1,1.0,1,1.0,1,0.21147411245333375,27
242,3,956,184,772,0,0,0,1.0,1,1.0,1,1.0,1,0.22448462018405238,28
243,3,959,184,775,0,0,0,1.0,1,1.0,1,1.0,1,0.23922458622182202,28
244,3,962,184,778,0,0,0,1.0,1,1.0,1,1.0,1,0.2919253496179588,27
245,3,965,184,781,0,0,0,1.0,1,1.0,1,1.0,1,0.25994210540689344,27
246,4,969,186,783,0,0,0,1.0,1,1.0,1,1.0,1,0.2285563084774789,25
247,0,969,186,783,0,0,0,1.0,1,1.0,1,1.0,1,0.23832361340768993,24
248,0,969,186,783,0,0,0,1.0,1,1.0,1,1.0,1,0.23585009734619222,24
249,1,970,187,783,0,0,0,1.0,1,1.0,1,1.0,1,0.28367901811210433,25
250,4,974,187,787,0,0,0,1.0,1,1.0,1,1.0,1,0.3170622069213697,27
251,3,977,188,789,0,0,0,1.0,1,1.0,1,1.0,1,0.29680734040430135,27
252,2,979,188,791,0,0,0,1.0,1,1.0,1,1.0,1,0.292561006474518,27
253,3,982,188,794,0,0,0,1.0,1,1.0,1,1.0,1,0.2766795494557217,29
254,8,990,192,798,0,0,0,1.0,1,1.0,1,1.0,1,0.41422160053688734,30
255,7,997,192,805,0,0,0,1.0,1,1.0,1,1.0,1,0.35682006900636587,31
256,8,1005,193,812,0,0,0,1.0,1,1.0,1,1.0,1,0.3854274752875622,31
257,12,1017,193,824,0,0,0,1.0,1,1.0,1,1.0,1,0.3715491542571386,33
258,5,1022,193,829,0,0,0,1.0,1,1.0,1,1.0,1,0.2926540789147056,33
259,4,1026,193,833,0,0,0,1.0,1,1.0,1,1.0,1,0.2926540789147056,33
260,7,1033,194,839,0,0,0,1.0,1,1.0,1,1.0,1,0.3304504965203231,35
261,9,1042,195,847,0,0,0,1.0,1,1.0,1,1.0,1,0.1650000409071792,35
262,0,1042,195,847,0,0,0,1.0,1,1.0,1,1.0,1,0.1650000409071792,35
263,0,1042,195,847,0,0,0,1.0,1,1.0,1,1.0,1,0.19467416530150722,34
264,1,1043,196,847,0,0,0,1.0,1,1.0,1,1.0,1,0.23750528577890812,32
265,1,1044,197,847,0,0,0,1.0,1,1.0,1,1.0,1,0.23460553196224523,30
266,1,1045,198,847,0,0,0,1.0,1,1.0,1,1.0,1,0.24901742092041396,31
267,2,1047,200,847,0,0,0,1.0,1,1.0,1,1.0,1,0.25474578107592943,30
268,1,1048,200,848,0,0,0,1.0,1,1.0,1,1.0,1,0.22048912292422032,31
269,2,1050,202,848,0,0,0,1.0,1,1.0,1,1.0,1,0.25499060427441034,31
270,2,1052,203,849,0,0,0,1.0,1,1.0,1,1.0,1,0.3133942141681612,32
271,3,1055,204,851,0,0,0,1.0,1,1.0,1,1.0,1,0.35069718319867826,31
272,5,1060,205,855,0,0,0,1.0,1,1.0,1,1.0,1,0.4106690038226641,32
273,1,1061,205,856,0,0,0,1.0,1,1.0,1,1.0,1,0.42000589621347295,32
274,0,1061,205,856,0,0,0,1.0,1,1.0,1,1.0,1,0.42000589621347295,32
275,1,1062,205,857,0,0,0,1.0,1,1.0,1,1.0,1,0.34576404785886733,33
276,5,1067,205,862,0,0,0,1.0,1,1.0,1,1.0,1,0.3092391190025279,34
277,1,1068,205,863,0,0,0,1.0,1,1.0,1,1.0,1,0.3145417950896323,32
278,2,1070,205,865,0,0,0,1.0,1,1.0,1,1.0,1,0.3155348391504056,31
279,1,1071,205,866,0,0,0,1.0,1,1.0,1,1.0,1,0.2781203343103895,31
280,0,1071,205,866,0,0,0,1.0,1,1.0,1,1.0,1,0.25744300877144277,30
281,5,1076,206,870,0,0,0,1.0,1,1.0,1,1.0,1,0.1110257005535512,31
282,0,1076,206,870,0,0,0,1.0,1,1.0,1,1.0,1,0.08375951168108732,30
283,0,1076,206,870,0,0,0,1.0,1,1.0,1,1.0,1,0.1010533829560273,31
284,3,1079,208,871,0,0,0,1.0,1,1.0,1,1.0,1,0.1742138062536421,31
285,4,1083,209,874,0,0,0,1.0,1,1.0,1,1.0,1,0.23788447643934277,31
286,4,1087,209,878,0,0,0,1.0,1,1.0,1,1.0,1,0.23788447643934277,31
287,4,1091,210,881,0,0,0,1.0,1,1.0,1,1.0,1,0.2391490100930012,33
288,4,1095,210,885,0,0,0,1.0,1,1.0,1,1.0,1,0.18991702489774223,32
289,5,1100,211,889,0,0,0,1.0,1,1.0,1,1.0,1,0.2548877323995166,32
290,2,1102,211,891,0,0,0,1.0,1,1.0,1,1.0,1,0.26144390110597443,31
291,4,1106,211,895,0,0,0,1.0,1,1.0,1,1.0,1,0.23773999025554676,30
292,2,1108,211,897,0,0,0,1.0,1,1.0,1,1.0,1,0.2159305106611408,32
293,2,1110,211,899,0,0,0,1.0,1,1.0,1,1.0,1,0.2366372849631934,32
294,6,1116,211,905,0,0,0,1.0,1,1.0,1,1.0,1,0.2558599328156779,32
295,6,1122,212,910,0,0,0,1.0,1,1.0,1,1.0,1,0.1764864690794534,34
296,6,1128,213,915,0,0,0,1.0,1,1.0,1,1.0,1,0.1904958503917559,34
297,5,1133,214,919,0,0,0,1.0,1,1.0,1,1.0,1,0.2258816644953078,34
298,6,1139,214,925,0,0,0,1.0,1,1.0,1,1.0,1,0.22846399335241827,35
299,8,1147,214,933,0,0,0,1.0,1,1.0,1,1.0,1,0.2522169311125134,35
300,6,1153,214,939,0,0,0,1.0,1,1.0,1,1.0,1,0.2562909330132717,35
301,12,1165,214,951,0,0,0,1.0,1,1.0,1,1.0,1,0.18236140358760125,38
302,4,1169,214,955,0,0,0,1.0,1,1.0,1,1.0,1,0.18096875719098407,38
303,5,1174,215,959,0,0,0,1.0,1,1.0,1,1.0,1,0.22618183619360732,37
304,7,1181,216,965,0,0,0,1.0,1,1.0,1,1.0,1,0.17800382023829553,37
305,6,1187,218,969,0,0,0,1.0,1,1.0,1,1.0,1,0.2136075369168877,36
306,7,1194,220,974,0,0,0,1.0,1,1.0,1,1.0,1,0.2653443865469896,36
307,2,1196,220,976,0,0,0,1.0,1,1.0,1,1.0,1,0.2773316219325545,35
308,8,1204,220,984,0,0,0,1.0,1,1.0,1,1.0,1,0.21926296394694875,37
309,5,1209,220,989,0,0,0,1.0,1,1.0,1,1.0,1,0.18871908329193757,37
310,1,1210,220,990,0,0,0,1.0,1,1.0,1,1.0,1,0.19025145561903498,37
311,2,1212,220,992,0,0,0,1.0,1,1.0,1,1.0,1,0.16524571941410449,39
312,3,1215,221,994,0,0,0,1.0,1,1.0,1,1.0,1,0.16405726569643075,40
313,4,1219,221,998,0,0,0,1.0,1,1.0,1,1.0,1,0.16310264654110437,39
314,3,1222,221,1001,0,0,0,1.0,1,1.0,1,1.0,1,0.18969822022796534,40
315,3,1225,222,1003,0,0,0,1.0,1,1.0,1,1.0,1,0.21810001036653828,39
316,2,1227,222,1005,0,0,0,1.0,1,1.0,1,1.0,1,0.21810001036653828,39
317,7,1234,222,1012,0,0,0,1.0,1,1.0,1,1.0,1,0.235083848793376,40
318,8,1242,222,1020,0,0,0,1.0,1,1.0,1,1.0,1,0.24194507820106842,41
319,4,1246,222,1024,0,0,0,1.0,1,1.0,1,1.0,1,0.2738479671963357,41
320,5,1251,223,1028,0,0,0,1.0,1,1.0,1,1.0,1,0.1810167160169784,41
321,6,1257,223,1034,0,0,0,1.0,1,1.0,1,1.0,1,0.11449760700564776,41
322,3,1260,223,1037,0,0,0,1.0,1,1.0,1,1.0,1,0.08792036594735084,41
323,1,1261,223,1038,0,0,0,1.0,1,1.0,1,1.0,1,0.11790356554954058,41
324,4,1265,225,1040,0,0,0,1.0,1,1.0,1,1.0,1,0.19001524902635036,42
325,4,1269,225,1044,0,0,0,1.0,1,1.0,1,1.0,1,0.19001524902635036,42
326,4,1273,226,1047,0,0,0,1.0,1,1.0,1,1.0,1,0.23008997617778618,42
327,4,1277,226,1051,0,0,0,1.0,1,1.0,1,1.0,1,0.19138194521727242,42
328,4,1281,226,1055,0,0,0,1.0,1,1.0,1,1.0,1,0.21179766157648233,43
329,4,1285,226,1059,0,0,0,1.0,1,1.0,1,1.0,1,0.22460626037223477,43
330,3,1288,226,1062,0,0,0,1.0,1,1.0,1,1.0,1,0.21363032674427135,45
331,5,1293,226,1067,0,0,0,1.0,1,1.0,1,1.0,1,0.19331918787649355,45
332,4,1297,226,1071,0,0,0,1.0,1,1.0,1,1.0,1,0.18057569424623468,45
333,4,1301,226,1075,0,0,0,1.0,1,1.0,1,1.0,1,0.18894757538365617,46
334,3,1304,227,1077,0,0,0,1.0,1,1.0,1,1.0,1,0.1500988780057635,48
335,8,1312,228,1084,0,0,0,1.0,1,1.0,1,1.0,1,0.15750093059933593,48
336,5,1317,228,1089,0,0,0,1.0,1,1.0,1,1.0,1,0.13436612496746178,48
337,4,1321,228,1093,0,0,0,1.0,1,1.0,1,1.0,1,0.1509700904584438,49
338,3,1324,228,1096,0,0,0,1.0,1,1.0,1,1.0,1,0.17555810995702342,50
339,2,1326,228,1098,0,0,0,1.0,1,1.0,1,1.0,1,0.12832049121085498,50
340,3,1329,228,1101,0,0,0,1.0,1,1.0,1,1.0,1,0.18678147938819223,50
341,7,1336,228,1108,0,0,0,1.0,1,1.0,1,1.0,1,0.06938441934120233,51
342,1,1337,228,1109,0,0,0,1.0,1,1.0,1,1.0,1,0.08211117306392424,51
343,1,1338,228,1110,0,0,0,1.0,1,1.0,1,1.0,1,0.08910839641189981,51
344,1,1339,228,1111,0,0,0,1.0,1,1.0,1,1.0,1,0.09380165980571067,50
345,3,1342,230,1112,0,0,0,1.0,1,1.0,1,1.0,1,0.13602641867182963,51
346,3,1345,230,1115,0,0,0,1.0,1,1.0,1,1.0,1,0.12741009416850205,51
347,5,1350,231,1119,0,0,0,1.0,1,1.0,1,1.0,1,0.11640887426397932,51
348,9,1359,232,1127,0,0,0,1.0,1,1.0,1,1.0,1,0.17153216264535728,53
349,7,1366,234,1132,0,0,0,1.0,1,1.0,1,1.0,1,0.17841105058511542,55
350,3,1369,235,1134,0,0,0,1.0,1,1.0,1,1.0,1,0.19754303521213826,54
351,2,1371,236,1135,0,0,0,1.0,1,1.0,1,1.0,1,0.2044019681329724,54
352,5,1376,238,1138,0,0,0,1.0,1,1.0,1,1.0,1,0.2159700428051267,53
353,2,1378,238,1140,0,0,0,1.0,1,1.0,1,1.0,1,0.21314152126003294,53
354,2,1380,238,1142,0,0,0,1.0,1,1.0,1,1.0,1,0.1986371779056989,50
355,3,1383,238,1145,0,0,0,1.0,1,1.0,1,1.0,1,0.1777221666073413,51
356,3,1386,239,1147,0,0,0,1.0,1,1.0,1,1.0,1,0.18829159858010966,51
357,8,1394,242,1152,0,0,0,1.0,1,1.0,1,1.0,1,0.18311369674499972,50
358,4,1398,243,1155,0,0,0,1.0,1,1.0,1,1.0,1,0.1976488862813652,48
359,3,1401,244,1157,0,0,0,1.0,1,1.0,1,1.0,1,0.2251895347920717,47
360,1,1402,244,1158,0,0,0,1.0,1,1.0,1,1.0,1,0.240627289534145,45
361,4,1406,244,1162,0,0,0,1.0,1,1.0,1,1.0,1,0.19723521160793828,44
362,1,1407,244,1163,0,0,0,1.0,1,1.0,1,1.0,1,0.19193275737748583,44
363,3,1410,246,1164,0,0,0,1.0,1,1.0,1,1.0,1,0.19077337055331708,44
364,0,1410,246,1164,0,0,0,1.0,1,1.0,1,1.0,1,0.21103805029882233,43
365,4,1414,247,1167,0,0,0,1.0,1,1.0,1,1.0,1,0.14862334440348607,43
366,3,1417,249,1168,0,0,0,1.0,1,1.0,1,1.0,1,0.155556237139786,45
367,1,1418,249,1169,0,0,0,1.0,1,1.0,1,1.0,1,0.16161576427767368,44
368,2,1420,251,1169,0,0,0,1.0,1,1.0,1,1.0,1,0.12436854131796249,46
369,2,1422,252,1170,0,0,0,1.0,1,1.0,1,1.0,1,0.1449870330553105,45
370,1,1423,252,1171,0,0,0,1.0,1,1.0,1,1.0,1,0.1543081354717256,46
371,1,1424,252,1172,0,0,0,1.0,1,1.0,1,1.0,1,0.1512201865740089,47
372,1,1425,252,1173,0,0,0,1.0,1,1.0,1,1.0,1,0.15614382234830085,48
373,0,1425,252,1173,0,0,0,1.0,1,1.0,1,1.0,1,0.15614382234830085,48
374,3,1428,253,1175,0,0,0,1.0,1,1.0,1,1.0,1,0.1651838491726882,49
375,3,1431,253,1178,0,0,0,1.0,1,1.0,1,1.0,1,0.14101951852029654,49
376,3,1434,253,1181,0,0,0,1.0,1,1.0,1,1.0,1,0.11520043543969384,49
377,1,1435,254,1181,0,0,0,1.0,1,1.0,1,1.0,1,0.10781289026507972,49
378,1,1436,255,1181,0,0,0,1.0,1,1.0,1,1.0,1,0.11386073679099164,49
379,2,1438,256,1182,0,0,0,1.0,1,1.0,1,1.0,1,0.14087743978528317,50
380,3,1441,257,1184,0,0,0,1.0,1,1.0,1,1.0,1,0.16169499681131433,50
381,4,1445,258,1187,0,0,0,1.0,1,1.0,1,1.0,1,0.12723598904551217,51
382,3,1448,259,1189,0,0,0,1.0,1,1.0,1,1.0,1,0.12402481971904449,50
383,1,1449,260,1189,0,0,0,1.0,1,1.0,1,1.0,1,0.14959916523352473,51
384,5,1454,263,1191,0,0,0,1.0,1,1.0,1,1.0,1,0.14972698785674363,50
385,4,1458,264,1194,0,0,0,1.0,1,1.0,1,1.0,1,0.15355629551031644,50
386,2,1460,264,1196,0,0,0,1.0,1,1.0,1,1.0,1,0.13506275845958055,48
387,0,1460,264,1196,0,0,0,1.0,1,1.0,1,1.0,1,0.1385320353174185,47
388,1,1461,264,1197,0,0,0,1.0,1,1.0,1,1.0,1,0.12022505223263391,48
389,2,1463,265,1198,0,0,0,1.0,1,1.0,1,1.0,1,0.1375963912282497,47
390,2,1465,266,1199,0,0,0,1.0,1,1.0,1,1.0,1,0.1343965841325103,49
391,2,1467,267,1200,0,0,0,1.0,1,1.0,1,1.0,1,0.1303842783331081,46
392,1,1468,268,1200,0,0,0,1.0,1,1.0,1,1.0,1,0.16513236655711144,46
393,2,1470,270,1200,0,0,0,1.0,1,1.0,1,1.0,1,0.16358943155491615,44
394,3,1473,271,1202,0,0,0,1.0,1,1.0,1,1.0,1,0.19543368419375357,43
395,0,1473,271,1202,0,0,0,1.0,1,1.0,1,1.0,1,0.20883557413926243,42
396,1,1474,272,1202,0,0,0,1.0,1,1.0,1,1.0,1,0.2733637943827608,39
397,6,1480,274,1206,0,0,0,1.0,1,1.0,1,1.0,1,0.31908646530806656,39
398,2,1482,274,1208,0,0,0,1.0,1,1.0,1,1.0,1,0.33099354646634854,36
399,0,1482,274,1208,0,0,0,1.0,1,1.0,1,1.0,1,0.33099354646634854,36
400,2,1484,276,1208,0,0,0,1.0,1,1.0,1,1.0,1,0.3404291013824607,34
401,10,1494,277,1217,0,0,0,1.0,1,1.0,1,1.0,1,0.12639777715918826,33
402,2,1496,277,1219,0,0,0,1.0,1,1.0,1,1.0,1,0.11849326080459127,34
403,1,1497,277,1220,0,0,0,1.0,1,1.0,1,1.0,1,0.15154249867486203,36
404,2,1499,278,1221,0,0,0,1.0,1,1.0,1,1.0,1,0.17110619454251674,36
405,3,1502,279,1223,0,0,0,1.0,1,1.0,1,1.0,1,0.22237018741044784,37
406,6,1508,279,1229,0,0,0,1.0,1,1.0,1,1.0,1,0.22237018741044784,37
407,6,1514,280,1234,0,0,0,1.0,1,1.0,1,1.0,1,0.259854180237258,39
408,10,1524,281,1243,0,0,0,1.0,1,1.0,1,1.0,1,0.28506294811394695,40
409,9,1533,281,1252,0,0,0,1.0,1,1.0,1,1.0,1,0.2727468878409783,41
410,11,1544,282,1262,0,0,0,1.0,1,1.0,1,1.0,1,0.2959664366539246,42
411,10,1554,282,1272,0,0,0,1.0,1,1.0,1,1.0,1,0.2824399808937578,43
412,13,1567,283,1284,0,0,0,1.0,1,1.0,1,1.0,1,0.26408898161174915,44
413,12,1579,284,1295,0,0,0,1.0,1,1.0,1,1.0,1,0.24886883096629558,44
414,5,1584,284,1300,0,0,0,1.0,1,1.0,1,1.0,1,0.25412703438570555,45
415,10,1594,284,1310,0,0,0,1.0,1,1.0,1,1.0,1,0.25299751365334977,45
416,13,1607,284,1323,0,0,0,1.0,1,1.0,1,1.0,1,0.23922936602708011,46
417,12,1619,285,1334,0,0,0,1.0,1,1.0,1,1.0,1,0.2393531088906866,46
418,12,1631,285,1346,0,0,0,1.0,1,1.0,1,1.0,1,0.24662562122970055,47
419,9,1640,285,1355,0,0,0,1.0,1,1.0,1,1.0,1,0.23575436251014978,47
420,4,1644,285,1359,0,0,0,1.0,1,1.0,1,1.0,1,0.22244662616570735,47
421,7,1651,285,1366,0,0,0,1.0,1,1.0,1,1.0,1,0.17439622615146902,47
422,7,1658,287,1371,0,0,0,1.0,1,1.0,1,1.0,1,0.20940505080921254,49
423,5,1663,287,1376,0,0,0,1.0,1,1.0,1,1.0,1,0.20069048281667415,47
424,4,1667,288,1379,0,0,0,1.0,1,1.0,1,1.0,1,0.23549486761559346,45
425,4,1671,288,1383,0,0,0,1.0,1,1.0,1,1.0,1,0.18515323003288284,46
426,7,1678,288,1390,0,0,0,1.0,1,1.0,1,1.0,1,0.20870662497305573,46
427,7,1685,290,1395,0,0,0,1.0,1,1.0,1,1.0,1,0.20501264927086324,45
428,7,1692,291,1401,0,0,0,1.0,1,1.0,1,1.0,1,0.15399497925518602,45
429,5,1697,293,1404,0,0,0,1.0,1,1.0,1,1.0,1,0.17780373083392703,42
430,4,1701,294,1407,0,0,0,1.0,1,1.0,1,1.0,1,0.17670428446805636,40
431,7,1708,298,1410,0,0,0,1.0,1,1.0,1,1.0,1,0.24772247128388203,39
432,4,1712,300,1412,0,0,0,1.0,1,1.0,1,1.0,1,0.3033856709577647,37
433,2,1714,302,1412,0,0,0,1.0,1,1.0,1,1.0,1,0.27894570557459014,35
434,2,1716,302,1414,0,0,0,1.0,1,1.0,1,1.0,1,0.31545323709127443,33
435,1,1717,302,1415,0,0,0,1.0,1,1.0,1,1.0,1,0.2803033583566873,33
436,0,1717,302,1415,0,0,0,1.0,1,1.0,1,1.0,1,0.2803033583566873,33
437,2,1719,304,1415,0,0,0,1.0,1,1.0,1,1.0,1,0.33376446256592024,33
438,2,1721,305,1416,0,0,0,1.0,1,1.0,1,1.0,1,0.3725135558290965,32
439,5,1726,306,1420,0,0,0,1.0,1,1.0,1,1.0,1,0.3805556201408136,34
440,4,1730,306,1424,0,0,0,1.0,1,1.0,1,1.0,1,0.35963628631370037,34
441,13,1743,307,1436,0,0,0,1.0,1,1.0,1,1.0,1,0.23669243626156516,35
442,8,1751,309,1442,0,0,0,1.0,1,1.0,1,1.0,1,0.22950902330587017,37
443,4,1755,310,1445,0,0,0,1.0,1,1.0,1,1.0,1,0.22726304761895297,37
444,3,1758,310,1448,0,0,0,1.0,1,1.0,1,1.0,1,0.24990672600926986,38
445,6,1764,310,1454,0,0,0,1.0,1,1.0,1,1.0,1,0.1390767706476765,39
446,4,1768,310,1458,0,0,0,1.0,1,1.0,1,1.0,1,0.15565077382724984,39
447,8,1776,311,1465,0,0,0,1.0,1,1.0,1,1.0,1,0.1533981688190078,41
448,7,1783,311,1472,0,0,0,1.0,1,1.0,1,1.0,1,0.1582526398941569,41
449,7,1790,312,1478,0,0,0,1.0,1,1.0,1,1.0,1,0.22245930035280106,40
450,4,1794,312,1482,0,0,0,1.0,1,1.0,1,1.0,1,0.2533069441065279,40
451,5,1799,312,1487,0,0,0,1.0,1,1.0,1,1.0,1,0.2553292628173617,41
452,7,1806,312,1494,0,0,0,1.0,1,1.0,1,1.0,1,0.2434215143531395,41
453,8,1814,313,1501,0,0,0,1.0,1,1.0,1,1.0,1,0.2414232452815167,40
454,8,1822,313,1509,0,0,0,1.0,1,1.0,1,1.0,1,0.25175980835852024,41
455,7,1829,315,1514,0,0,0,1.0,1,1.0,1,1.0,1,0.2904527294221968,41
456,13,1842,315,1527,0,0,0,1.0,1,1.0,1,1.0,1,0.2806985156644977,43
457,11,1853,316,1537,0,0,0,1.0,1,1.0,1,1.0,1,0.34671467553001256,43
458,10,1863,316,1547,0,0,0,1.0,1,1.0,1,1.0,1,0.2777068398020422,43
459,12,1875,316,1559,0,0,0,1.0,1,1.0,1,1.0,1,0.2659275287510684,44
460,9,1884,316,1568,0,0,0,1.0,1,1.0,1,1.0,1,0.2775658563718937,47
461,10,1894,316,1578,0,0,0,1.0,1,1.0,1,1.0,1,0.13798142127522747,48
462,3,1897,319,1578,0,0,0,1.0,1,1.0,1,1.0,1,0.10550300720175407,49
463,0,1897,319,1578,0,0,0,1.0,1,1.0,1,1.0,1,0.09059909142714057,47
464,1,1898,320,1578,0,0,0,1.0,1,1.0,1,1.0,1,0.1165186512020303,48
465,8,1906,325,1581,0,0,0,1.0,1,1.0,1,1.0,1,0.12294561452112535,47
466,3,1909,326,1583,0,0,0,1.0,1,1.0,1,1.0,1,0.12591777504809995,46
467,7,1916,329,1587,0,0,0,1.0,1,1.0,1,1.0,1,0.11938919717676173,44
468,1,1917,329,1588,0,0,0,1.0,1,1.0,1,1.0,1,0.09344144082436551,41
469,2,1919,330,1589,0,0,0,1.0,1,1.0,1,1.0,1,0.1528531193217005,40
470,2,1921,330,1591,0,0,0,1.0,1,1.0,1,1.0,1,0.10950379669605571,39
471,3,1924,333,1591,0,0,0,1.0,1,1.0,1,1.0,1,0.08698431575090124,38
472,4,1928,336,1592,0,0,0,1.0,1,1.0,1,1.0,1,0.1676315622581211,36
473,6,1934,339,1595,0,0,0,1.0,1,1.0,1,1.0,1,0.13124482855319872,36
474,2,1936,340,1596,0,0,0,1.0,1,1.0,1,1.0,1,0.20791827234010463,34
475,2,1938,341,1597,0,0,0,1.0,1,1.0,1,1.0,1,0.232913748704407,34
476,2,1940,341,1599,0,0,0,1.0,1,1.0,1,1.0,1,0.28605808330699717,32
477,1,1941,341,1600,0,0,0,1.0,1,1.0,1,1.0,1,0.280252998605474,32
478,1,1942,342,1600,0,0,0,1.0,1,1.0,1,1.0,1,0.2895187424630975,30
479,0,1942,342,1600,0,0,0,1.0,1,1.0,1,1.0,1,0.29621601761170374,31
480,0,1942,342,1600,0,0,0,1.0,1,1.0,1,1.0,1,0.31297474946226755,27
481,6,1948,344,1604,0,0,0,1.0,1,1.0,1,1.0,1,0.24883521994825583,28
482,0,1948,344,1604,0,0,0,1.0,1,1.0,1,1.0,1,0.2388681389195017,28
483,2,1950,344,1606,0,0,0,1.0,1,1.0,1,1.0,1,0.16506301244323984,29
484,2,1952,345,1607,0,0,0,1.0,1,1.0,1,1.0,1,0.16552502676652336,29
485,3,1955,345,1610,0,0,0,1.0,1,1.0,1,1.0,1,0.20543949962848457,29
486,2,1957,346,1611,0,0,0,1.0,1,1.0,1,1.0,1,0.19336442637570714,31
487,4,1961,346,1615,0,0,0,1.0,1,1.0,1,1.0,1,0.20602965686505703,33
488,7,1968,346,1622,0,0,0,1.0,1,1.0,1,1.0,1,0.17126062613515264,34
489,4,1972,346,1626,0,0,0,1.0,1,1.0,1,1.0,1,0.23849291043342818,34
490,1,1973,346,1627,0,0,0,1.0,1,1.0,1,1.0,1,0.23465920215210742,34
491,3,1976,347,1629,0,0,0,1.0,1,1.0,1,1.0,1,0.26452477867071766,34
492,6,1982,347,1635,0,0,0,1.0,1,1.0,1,1.0,1,0.25381443022898,34
493,5,1987,348,1639,0,0,0,1.0,1,1.0,1,1.0,1,0.253117001019572,34
494,9,1996,350,1646,0,0,0,1.0,1,1.0,1,1.0,1,0.3371180878784209,36
495,9,2005,351,1654,0,0,0,1.0,1,1.0,1,1.0,1,0.27734938563914135,36
496,11,2016,352,1664,0,0,0,1.0,1,1.0,1,1.0,1,0.31591791746989106,37
497,12,2028,352,1676,0,0,0,1.0,1,1.0,1,1.0,1,0.29769092541596703,39
498,13,2041,353,1688,0,0,0,1.0,1,1.0,1,1.0,1,0.3192083259163544,40
499,10,2051,353,1698,0,0,0,1.0,1,1.0,1,1.0,1,0.3275895690914376,40
500,15,2066,354,1712,0,0,0,1.0,1,1.0,1,1.0,1,0.26688932904240975,42
501,11,2077,354,1723,0,0,0,1.0,1,1.0,1,1.0,1,0.08857104786623606,42
502,5,2082,356,1726,0,0,0,1.0,1,1.0,1,1.0,1,0.13610964795189015,42
503,2,2084,357,1727,0,0,0,1.0,1,1.0,1,1.0,1,0.11760972954928181,41
504,6,2090,359,1731,0,0,0,1.0,1,1.0,1,1.0,1,0.1778879743586571,42
505,4,2094,359,1735,0,0,0,1.0,1,1.0,1,1.0,1,0.15145984693901818,38
506,3,2097,359,1738,0,0,0,1.0,1,1.0,1,1.0,1,0.13803502042151156,37
507,0,2097,359,1738,0,0,0,1.0,1,1.0,1,1.0,1,0.1665563294681213,35
508,2,2099,361,1738,0,0,0,1.0,1,1.0,1,1.0,1,0.15063263090681078,35
509,0,2099,361,1738,0,0,0,1.0,1,1.0,1,1.0,1,0.15502877321316455,34
510,2,2101,361,1740,0,0,0,1.0,1,1.0,1,1.0,1,0.21124945756388752,34
511,2,2103,362,1741,0,0,0,1.0,1,1.0,1,1.0,1,0.2210308638576079,32
512,1,2104,363,1741,0,0,0,1.0,1,1.0,1,1.0,1,0.23358649229335837,30
513,0,2104,363,1741,0,0,0,1.0,1,1.0,1,1.0,1,0.221192876267834,31
514,0,2104,363,1741,0,0,0,1.0,1,1.0,1,1.0,1,0.221192876267834,31
515,3,2107,365,1742,0,0,0,1.0,1,1.0,1,1.0,1,0.23526155234971977,32
516,1,2108,365,1743,0,0,0,1.0,1,1.0,1,1.0,1,0.1787783389351467,31
517,4,2112,368,1744,0,0,0,1.0,1,1.0,1,1.0,1,0.1547559339551612,32
518,1,2113,368,1745,0,0,0,1.0,1,1.0,1,1.0,1,0.13627704376769514,31
519,2,2115,369,1746,0,0,0,1.0,1,1.0,1,1.0,1,0.16391939967381186,31
520,1,2116,370,1746,0,0,0,1.0,1,1.0,1,1.0,1,0.17460306539791168,33
521,1,2117,371,1746,0,0,0,1.0,1,1.0,1,1.0,1,0.17822685190195423,34
522,3,2120,372,1748,0,0,0,1.0,1,1.0,1,1.0,1,0.13132593110950808,34
523,0,2120,372,1748,0,0,0,1.0,1,1.0,1,1.0,1,0.14979742097071105,33
524,2,2122,373,1749,0,0,0,1.0,1,1.0,1,1.0,1,0.10191129841388974,34
525,1,2123,373,1750,0,0,0,1.0,1,1.0,1,1.0,1,0.11115987511842432,32
526,1,2124,374,1750,0,0,0,1.0,1,1.0,1,1.0,1,0.1535729793820487,32
527,0,2124,374,1750,0,0,0,1.0,1,1.0,1,1.0,1,0.2021092448828168,31
528,4,2128,378,1750,0,0,0,1.0,1,1.0,1,1.0,1,0.26861671305775603,31
529,1,2129,378,1751,0,0,0,1.0,1,1.0,1,1.0,1,0.30199051951803546,30
530,3,2132,380,1752,0,0,0,1.0,1,1.0,1,1.0,1,0.3540059273232113,30
531,7,2139,381,1758,0,0,0,1.0,1,1.0,1,1.0,1,0.31952838813197565,32
532,5,2144,381,1763,0,0,0,1.0,1,1.0,1,1.0,1,0.3136660656123716,32
533,4,2148,381,1767,0,0,0,1.0,1,1.0,1,1.0,1,0.3245169171437802,34
534,5,2153,381,1772,0,0,0,1.0,1,1.0,1,1.0,1,0.3262047266559126,34
535,9,2162,382,1780,0,0,0,1.0,1,1.0,1,1.0,1,0.3336321317683876,37
536,6,2168,382,1786,0,0,0,1.0,1,1.0,1,1.0,1,0.31203969719277036,37
537,3,2171,383,1788,0,0,0,1.0,1,1.0,1,1.0,1,0.34698637947625416,37
538,8,2179,383,1796,0,0,0,1.0,1,1.0,1,1.0,1,0.33295726202387793,38
539,6,2185,383,1802,0,0,0,1.0,1,1.0,1,1.0,1,0.3553751254744993,38
540,5,2190,383,1807,0,0,0,1.0,1,1.0,1,1.0,1,0.32140495200607394,38
541,7,2197,383,1814,0,0,0,1.0,1,1.0,1,1.0,1,0.1864332591721056,39
542,1,2198,384,1814,0,0,0,1.0,1,1.0,1,1.0,1,0.1766281549580456,40
543,1,2199,385,1814,0,0,0,1.0,1,1.0,1,1.0,1,0.18678498307267272,37
544,1,2200,386,1814,0,0,0,1.0,1,1.0,1,1.0,1,0.2146709945027604,35
545,2,2202,387,1815,0,0,0,1.0,1,1.0,1,1.0,1,0.17694025583203468,35
546,3,2205,389,1816,0,0,0,1.0,1,1.0,1,1.0,1,0.22872037051334734,35
547,6,2211,392,1819,0,0,0,1.0,1,1.0,1,1.0,1,0.20484194535144506,34
548,3,2214,393,1821,0,0,0,1.0,1,1.0,1,1.0,1,0.21283370144939104,34
549,4,2218,395,1823,0,0,0,1.0,1,1.0,1,1.0,1,0.22380960409441267,31
550,1,2219,395,1824,0,0,0,1.0,1,1.0,1,1.0,1,0.195299879209443,30
551,2,2221,396,1825,0,0,0,1.0,1,1.0,1,1.0,1,0.187737337750547,31
552,1,2222,396,1826,0,0,0,1.0,1,1.0,1,1.0,1,0.13535490325751628,29
553,1,2223,397,1826,0,0,0,1.0,1,1.0,1,1.0,1,0.1379034804779957,30
554,0,2223,397,1826,0,0,0,1.0,1,1.0,1,1.0,1,0.12901862066293857,30
555,0,2223,397,1826,0,0,0,1.0,1,1.0,1,1.0,1,0.1815614826343993,30
556,5,2228,397,1831,0,0,0,1.0,1,1.0,1,1.0,1,0.16884957225705588,31
557,2,2230,397,1833,0,0,0,1.0,1,1.0,1,1.0,1,0.13802819059663868,31
558,2,2232,397,1835,0,0,0,1.0,1,1.0,1,1.0,1,0.1637688047224896,31
559,2,2234,397,1837,0,0,0,1.0,1,1.0,1,1.0,1,0.16894118707910422,31
560,4,2238,397,1841,0,0,0,1.0,1,1.0,1,1.0,1,0.18345838095190775,32
561,4,2242,397,1845,0,0,0,1.0,1,1.0,1,1.0,1,0.13885993083301446,33
562,1,2243,397,1846,0,0,0,1.0,1,1.0,1,1.0,1,0.11548986679493514,33
563,2,2245,399,1846,0,0,0,1.0,1,1.0,1,1.0,1,0.20186265159626696,33
564,2,2247,400,1847,0,0,0,1.0,1,1.0,1,1.0,1,0.20698633360682733,34
565,6,2253,402,1851,0,0,0,1.0,1,1.0,1,1.0,1,0.2762079116118039,35
566,6,2259,404,1855,0,0,0,1.0,1,1.0,1,1.0,1,0.23154995807926318,36
567,0,2259,404,1855,0,0,0,1.0,1,1.0,1,1.0,1,0.2036758686707136,37
568,1,2260,405,1855,0,0,0,1.0,1,1.0,1,1.0,1,0.2141602297510132,36
569,0,2260,405,1855,0,0,0,1.0,1,1.0,1,1.0,1,0.18882338712518157,37
570,1,2261,405,1856,0,0,0,1.0,1,1.0,1,1.0,1,0.1908234053913108,38
571,0,2261,405,1856,0,0,0,1.0,1,1.0,1,1.0,1,0.1908234053913108,38
572,0,2261,405,1856,0,0,0,1.0,1,1.0,1,1.0,1,0.1775354328331364,39
573,0,2261,405,1856,0,0,0,1.0,1,1.0,1,1.0,1,0.1775354328331364,39
574,1,2262,405,1857,0,0,0,1.0,1,1.0,1,1.0,1,0.17989042026032478,41
575,2,2264,406,1858,0,0,0,1.0,1,1.0,1,1.0,1,0.17365852077313584,41
576,3,2267,406,1861,0,0,0,1.0,1,1.0,1,1.0,1,0.15734272639218966,42
577,1,2268,406,1862,0,0,0,1.0,1,1.0,1,1.0,1,0.17388575772709844,42
578,1,2269,406,1863,0,0,0,1.0,1,1.0,1,1.0,1,0.17051880913304615,41
579,2,2271,406,1865,0,0,0,1.0,1,1.0,1,1.0,1,0.14764561241704502,42
580,5,2276,407,1869,0,0,0,1.0,1,1.0,1,1.0,1,0.2033332819361331,43
581,4,2280,408,1872,0,0,0,1.0,1,1.0,1,1.0,1,0.13936512081350316,42
582,2,2282,409,1873,0,0,0,1.0,1,1.0,1,1.0,1,0.12166481870158563,41
583,2,2284,411,1873,0,0,0,1.0,1,1.0,1,1.0,1,0.1540530805115771,40
584,8,2292,414,1878,0,0,0,1.0,1,1.0,1,1.0,1,0.18842860791746416,38
585,2,2294,414,1880,0,0,0,1.0,1,1.0,1,1.0,1,0.2420323961028658,38
586,4,2298,416,1882,0,0,0,1.0,1,1.0,1,1.0,1,0.21208911170969943,37
587,3,2301,419,1882,0,0,0,1.0,1,1.0,1,1.0,1,0.25160387652447547,35
588,3,2304,421,1883,0,0,0,1.0,1,1.0,1,1.0,1,0.23084340822557597,35
589,0,2304,421,1883,0,0,0,1.0,1,1.0,1,1.0,1,0.28578601694960304,34
590,2,2306,422,1884,0,0,0,1.0,1,1.0,1,1.0,1,0.2556074171383993,36
591,1,2307,422,1885,0,0,0,1.0,1,1.0,1,1.0,1,0.2110370802503005,35
592,3,2310,424,1886,0,0,0,1.0,1,1.0,1,1.0,1,0.24399405732551205,37
593,3,2313,425,1888,0,0,0,1.0,1,1.0,1,1.0,1,0.22282933533854415,36
594,1,2314,426,1888,0,0,0,1.0,1,1.0,1,1.0,1,0.21864262745184873,35
595,3,2317,428,1889,0,0,0,1.0,1,1.0,1,1.0,1,0.21340264544655915,34
596,5,2322,431,1891,0,0,0,1.0,1,1.0,1,1.0,1,0.263143924142183,34
597,4,2326,434,1892,0,0,0,1.0,1,1.0,1,1.0,1,0.3188804652451712,33
598,0,2326,434,1892,0,0,0,1.0,1,1.0,1,1.0,1,0.3352943938826973,33
599,1,2327,435,1892,0,0,0,1.0,1,1.0,1,1.0,1,0.33547599619499713,33
600,1,2328,436,1892,0,0,0,1.0,1,1.0,1,1.0,1,0.35996151883782684,33
601,5,2333,436,1897,0,0,0,1.0,1,1.0,1,1.0,1,0.25434088763728263,34
602,2,2335,436,1899,0,0,0,1.0,1,1.0,1,1.0,1,0.2544909265661983,35
603,4,2339,436,1903,0,0,0,1.0,1,1.0,1,1.0,1,0.21277198022138122,35
604,2,2341,436,1905,0,0,0,1.0,1,1.0,1,1.0,1,0.18968010399814306,35
605,3,2344,436,1908,0,0,0,1.0,1,1.0,1,1.0,1,0.1835737278215721,35
606,3,2347,436,1911,0,0,0,1.0,1,1.0,1,1.0,1,0.22217157577363975,35
607,2,2349,437,1912,0,0,0,1.0,1,1.0,1,1.0,1,0.2359255889173867,35
608,4,2353,437,1916,0,0,0,1.0,1,1.0,1,1.0,1,0.16841801301074336,36
609,8,2361,438,1923,0,0,0,1.0,1,1.0,1,1.0,1,0.14978183017434427,37
610,8,2369,438,1931,0,0,0,1.0,1,1.0,1,1.0,1,0.1785347143039376,37
611,8,2377,438,1939,0,0,0,1.0,1,1.0,1,1.0,1,0.2208835311265984,39
612,7,2384,439,1945,0,0,0,1.0,1,1.0,1,1.0,1,0.2268215688018036,39
613,14,2398,439,1959,0,0,0,1.0,1,1.0,1,1.0,1,0.228953129162874,39
614,9,2407,439,1968,0,0,0,1.0,1,1.0,1,1.0,1,0.2624254702286432,39
615,9,2416,439,1977,0,0,0,1.0,1,1.0,1,1.0,1,0.21517598115798314,39
616,9,2425,441,1984,0,0,0,1.0,1,1.0,1,1.0,1,0.26970673153834945,38
617,14,2439,442,1997,0,0,0,1.0,1,1.0,1,1.0,1,0.23130232634066436,39
618,5,2444,442,2002,0,0,0,1.0,1,1.0,1,1.0,1,0.2081628939683542,40
619,10,2454,443,2011,0,0,0,1.0,1,1.0,1,1.0,1,0.2862503651426677,39
620,6,2460,443,2017,0,0,0,1.0,1,1.0,1,1.0,1,0.28457119542802234,38
621,13,2473,444,2029,0,0,0,1.0,1,1.0,1,1.0,1,0.23728908983947208,38
622,6,2479,445,2034,0,0,0,1.0,1,1.0,1,1.0,1,0.23199082133418597,38
623,9,2488,446,2042,0,0,0,1.0,1,1.0,1,1.0,1,0.2060085637630099,37
624,7,2495,449,2046,0,0,0,1.0,1,1.0,1,1.0,1,0.2449822901489984,33
625,7,2502,450,2052,0,0,0,1.0,1,1.0,1,1.0,1,0.3711582834863814,32
626,6,2508,453,2055,0,0,0,1.0,1,1.0,1,1.0,1,0.3472801727609203,31
627,11,2519,455,2064,0,0,0,1.0,1,1.0,1,1.0,1,0.4222457630349578,30
628,11,2530,456,2074,0,0,0,1.0,1,1.0,1,1.0,1,0.42740798304411537,32
629,12,2542,457,2085,0,0,0,1.0,1,1.0,1,1.0,1,0.42279900805961423,29
630,11,2553,458,2095,0,0,0,1.0,1,1.0,1,1.0,1,0.40540189806403504,29
631,7,2560,459,2101,0,0,0,1.0,1,1.0,1,1.0,1,0.4959898393666362,25
632,1,2561,459,2102,0,0,0,1.0,1,1.0,1,1.0,1,0.5085532753692127,24
633,3,2564,459,2105,0,0,0,1.0,1,1.0,1,1.0,1,0.4926122315493352,23
634,5,2569,460,2109,0,0,0,1.0,1,1.0,1,1.0,1,0.42310552570202775,23
635,3,2572,460,2112,0,0,0,1.0,1,1.0,1,1.0,1,0.46209447366713063,22
636,2,2574,460,2114,0,0,0,1.0,1,1.0,1,1.0,1,0.43334812782987137,22
637,4,2578,460,2118,0,0,0,1.0,1,1.0,1,1.0,1,0.3960938253177441,23
638,2,2580,460,2120,0,0,0,1.0,1,1.0,1,1.0,1,0.3960938253177441,23
639,2,2582,460,2122,0,0,0,1.0,1,1.0,1,1.0,1,0.3704883797508695,24
640,1,2583,460,2123,0,0,0,1.0,1,1.0,1,1.0,1,0.2956074149196685,24
641,3,2586,460,2126,0,0,0,1.0,1,1.0,1,1.0,1,0.2093783531748664,25
642,1,2587,460,2127,0,0,0,1.0,1,1.0,1,1.0,1,0.20844099358164167,26
643,5,2592,460,2132,0,0,0,1.0,1,1.0,1,1.0,1,0.1964949537492388,28
644,4,2596,460,2136,0,0,0,1.0,1,1.0,1,1.0,1,0.1964949537492388,28
645,3,2599,460,2139,0,0,0,1.0,1,1.0,1,1.0,1,0.17777086314802923,28
646,3,2602,460,2142,0,0,0,1.0,1,1.0,1,1.0,1,0.19375545545421596,29
647,7,2609,462,2147,0,0,0,1.0,1,1.0,1,1.0,1,0.2582134405796436,30
648,5,2614,462,2152,0,0,0,1.0,1,1.0,1,1.0,1,0.270321590562121,30
649,9,2623,463,2160,0,0,0,1.0,1,1.0,1,1.0,1,0.24602561591167055,31
650,10,2633,463,2170,0,0,0,1.0,1,1.0,1,1.0,1,0.18125051478056714,31
651,4,2637,463,2174,0,0,0,1.0,1,1.0,1,1.0,1,0.14942098760005934,32
652,6,2643,464,2179,0,0,0,1.0,1,1.0,1,1.0,1,0.24216948128391305,32
653,12,2655,464,2191,0,0,0,1.0,1,1.0,1,1.0,1,0.18020201914574993,33
654,6,2661,464,2197,0,0,0,1.0,1,1.0,1,1.0,1,0.18020201914574993,33
655,12,2673,465,2208,0,0,0,1.0,1,1.0,1,1.0,1,0.1615185422846468,36
656,10,2683,466,2217,0,0,0,1.0,1,1.0,1,1.0,1,0.22775532478465135,36
657,13,2696,467,2229,0,0,0,1.0,1,1.0,1,1.0,1,0.22184788376079917,35
658,5,2701,467,2234,0,0,0,1.0,1,1.0,1,1.0,1,0.25037320190209494,33
659,4,2705,467,2238,0,0,0,1.0,1,1.0,1,1.0,1,0.23057273021289867,35
660,6,2711,468,2243,0,0,0,1.0,1,1.0,1,1.0,1,0.24710752736222721,34
661,5,2716,468,2248,0,0,0,1.0,1,1.0,1,1.0,1,0.2388579360147966,33
662,4,2720,470,2250,0,0,0,1.0,1,1.0,1,1.0,1,0.21054933379771168,31
663,6,2726,472,2254,0,0,0,1.0,1,1.0,1,1.0,1,0.22730898619388215,29
664,2,2728,473,2255,0,0,0,1.0,1,1.0,1,1.0,1,0.23601083654889868,27
665,1,2729,473,2256,0,0,0,1.0,1,1.0,1,1.0,1,0.19307922295178856,27
666,9,2738,475,2263,0,0,0,1.0,1,1.0,1,1.0,1,0.22128404396179083,28
667,3,2741,475,2266,0,0,0,1.0,1,1.0,1,1.0,1,0.2609044594967073,26
668,6,2747,477,2270,0,0,0,1.0,1,1.0,1,1.0,1,0.28580295553334906,26
669,5,2752,480,2272,0,0,0,1.0,1,1.0,1,1.0,1,0.33333670411823974,25
670,2,2754,480,2274,0,0,0,1.0,1,1.0,1,1.0,1,0.2607708616775896,24
671,1,2755,480,2275,0,0,0,1.0,1,1.0,1,1.0,1,0.26274574478059626,24
672,3,2758,481,2277,0,0,0,1.0,1,1.0,1,1.0,1,0.2371441679824182,25
673,1,2759,481,2278,0,0,0,1.0,1,1.0,1,1.0,1,0.26380204043437344,25
674,0,2759,481,2278,0,0,0,1.0,1,1.0,1,1.0,1,0.26380204043437344,25
675,2,2761,482,2279,0,0,0,1.0,1,1.0,1,1.0,1,0.28742640037786094,26
676,6,2767,484,2283,0,0,0,1.0,1,1.0,1,1.0,1,0.2677856321498728,27
677,4,2771,484,2287,0,0,0,1.0,1,1.0,1,1.0,1,0.31070010034458656,28
678,2,2773,485,2288,0,0,0,1.0,1,1.0,1,1.0,1,0.3243188384558728,28
679,4,2777,486,2291,0,0,0,1.0,1,1.0,1,1.0,1,0.3644021664486505,30
680,2,2779,486,2293,0,0,0,1.0,1,1.0,1,1.0,1,0.37947964192271877,29
681,6,2785,486,2299,0,0,0,1.0,1,1.0,1,1.0,1,0.16974869778210264,29
682,3,2788,486,2302,0,0,0,1.0,1,1.0,1,1.0,1,0.17392205369973174,30
683,2,2790,486,2304,0,0,0,1.0,1,1.0,1,1.0,1,0.18715527867176165,30
684,5,2795,486,2309,0,0,0,1.0,1,1.0,1,1.0,1,0.1776718188455986,31
685,4,2799,486,2313,0,0,0,1.0,1,1.0,1,1.0,1,0.17944854665204713,30
686,6,2805,487,2318,0,0,0,1.0,1,1.0,1,1.0,1,0.25547054238156003,30
687,6,2811,488,2323,0,0,0,1.0,1,1.0,1,1.0,1,0.23208649933823058,30
688,4,2815,488,2327,0,0,0,1.0,1,1.0,1,1.0,1,0.19155098284410416,31
689,7,2822,489,2333,0,0,0,1.0,1,1.0,1,1.0,1,0.24891809171755058,32
690,8,2830,489,2341,0,0,0,1.0,1,1.0,1,1.0,1,0.24610091233851042,32
691,6,2836,490,2346,0,0,0,1.0,1,1.0,1,1.0,1,0.21592248463253128,32
692,5,2841,491,2350,0,0,0,1.0,1,1.0,1,1.0,1,0.21399266537332548,32
693,5,2846,492,2354,0,0,0,1.0,1,1.0,1,1.0,1,0.17467907505779404,34
694,5,2851,493,2358,0,0,0,1.0,1,1.0,1,1.0,1,0.19373364172661076,36
695,6,2857,495,2362,0,0,0,1.0,1,1.0,1,1.0,1,0.23825034734707976,34
696,5,2862,496,2366,0,0,0,1.0,1,1.0,1,1.0,1,0.25011629521823625,33
697,4,2866,496,2370,0,0,0,1.0,1,1.0,1,1.0,1,0.2450870352527411,33
698,3,2869,496,2373,0,0,0,1.0,1,1.0,1,1.0,1,0.2369662403574086,34
699,2,2871,496,2375,0,0,0,1.0,1,1.0,1,1.0,1,0.188373925602758,33
700,3,2874,496,2378,0,0,0,1.0,1,1.0,1,1.0,1,0.17255428430787298,32
701,3,2877,496,2381,0,0,0,1.0,1,1.0,1,1.0,1,0.1337389104551913,33
702,6,2883,500,2383,0,0,0,1.0,1,1.0,1,1.0,1,0.21647203864499814,34
703,4,2887,501,2386,0,0,0,1.0,1,1.0,1,1.0,1,0.165436719182254,32
704,0,2887,501,2386,0,0,0,1.0,1,1.0,1,1.0,1,0.12838516359047977,31
705,3,2890,503,2387,0,0,0,1.0,1,1.0,1,1.0,1,0.12064756852612607,33
706,0,2890,503,2387,0,0,0,1.0,1,1.0,1,1.0,1,0.1123394033772852,33
707,1,2891,504,2387,0,0,0,1.0,1,1.0,1,1.0,1,0.2155466565493038,31
708,3,2894,506,2388,0,0,0,1.0,1,1.0,1,1.0,1,0.21201366635012067,31
709,0,2894,506,2388,0,0,0,1.0,1,1.0,1,1.0,1,0.2454486235943277,30
710,1,2895,507,2388,0,0,0,1.0,1,1.0,1,1.0,1,0.24280903386042277,30
711,0,2895,507,2388,0,0,0,1.0,1,1.0,1,1.0,1,0.22679705655768098,30
712,0,2895,507,2388,0,0,0,1.0,1,1.0,1,1.0,1,0.21278142799081648,30
713,1,2896,507,2389,0,0,0,1.0,1,1.0,1,1.0,1,0.19982494297307535,31
714,0,2896,507,2389,0,0,0,1.0,1,1.0,1,1.0,1,0.204052186137489,31
715,0,2896,507,2389,0,0,0,1.0,1,1.0,1,1.0,1,0.21162356255141812,30
716,1,2897,508,2389,0,0,0,1.0,1,1.0,1,1.0,1,0.23990796128040773,31
717,0,2897,508,2389,0,0,0,1.0,1,1.0,1,1.0,1,0.2548480578366231,32
718,3,2900,509,2391,0,0,0,1.0,1,1.0,1,1.0,1,0.23228284750100558,32
719,2,2902,509,2393,0,0,0,1.0,1,1.0,1,1.0,1,0.2688425708958326,32
720,3,2905,509,2396,0,0,0,1.0,1,1.0,1,1.0,1,0.22233658008322857,34
721,1,2906,509,2397,0,0,0,1.0,1,1.0,1,1.0,1,0.2103853717269039,34
722,2,2908,511,2397,0,0,0,1.0,1,1.0,1,1.0,1,0.2739934548685698,34
723,2,2910,511,2399,0,0,0,1.0,1,1.0,1,1.0,1,0.2369284837961578,35
724,1,2911,512,2399,0,0,0,1.0,1,1.0,1,1.0,1,0.252969211498972,36
725,3,2914,512,2402,0,0,0,1.0,1,1.0,1,1.0,1,0.20375472381983242,37
726,0,2914,512,2402,0,0,0,1.0,1,1.0,1,1.0,1,0.20375472381983242,37
727,2,2916,512,2404,0,0,0,1.0,1,1.0,1,1.0,1,0.20562251247097693,38
728,0,2916,512,2404,0,0,0,1.0,1,1.0,1,1.0,1,0.19678809167332356,39
729,0,2916,512,2404,0,0,0,1.0,1,1.0,1,1.0,1,0.19678809167332356,39
730,0,2916,512,2404,0,0,0,1.0,1,1.0,1,1.0,1,0.19698716165137145,40
731,1,2917,512,2405,0,0,0,1.0,1,1.0,1,1.0,1,0.18436342855693982,40
732,1,2918,512,2406,0,0,0,1.0,1,1.0,1,1.0,1,0.1926805451951599,41
733,1,2919,512,2407,0,0,0,1.0,1,1.0,1,1.0,1,0.15923841747960407,41
734,1,2920,512,2408,0,0,0,1.0,1,1.0,1,1.0,1,0.1729365137148775,42
735,1,2921,513,2408,0,0,0,1.0,1,1.0,1,1.0,1,0.12358902925602955,42
736,2,2923,513,2410,0,0,0,1.0,1,1.0,1,1.0,1,0.10643826126556284,41
737,2,2925,515,2410,0,0,0,1.0,1,1.0,1,1.0,1,0.1455480425666477,41
738,2,2927,516,2411,0,0,0,1.0,1,1.0,1,1.0,1,0.13559741757052585,39
739,1,2928,517,2411,0,0,0,1.0,1,1.0,1,1.0,1,0.18796279697998944,39
740,5,2933,517,2416,0,0,0,1.0,1,1.0,1,1.0,1,0.22471988281493246,39
741,3,2936,517,2419,0,0,0,1.0,1,1.0,1,1.0,1,0.18254025305202684,38
742,2,2938,518,2420,0,0,0,1.0,1,1.0,1,1.0,1,0.13458697019968452,39
743,4,2942,520,2422,0,0,0,1.0,1,1.0,1,1.0,1,0.14635881655967226,39
744,3,2945,523,2422,0,0,0,1.0,1,1.0,1,1.0,1,0.15057135709385827,39
745,4,2949,526,2423,0,0,0,1.0,1,1.0,1,1.0,1,0.1507908913532696,39
746,2,2951,527,2424,0,0,0,1.0,1,1.0,1,1.0,1,0.1629631562401897,40
747,4,2955,529,2426,0,0,0,1.0,1,1.0,1,1.0,1,0.17224486002085107,41
748,5,2960,531,2429,0,0,0,1.0,1,1.0,1,1.0,1,0.1618279834238022,41
749,3,2963,531,2432,0,0,0,1.0,1,1.0,1,1.0,1,0.13405943212329477,41
750,8,2971,533,2438,0,0,0,1.0,1,1.0,1,1.0,1,0.17295196213580852,39
751,7,2978,534,2444,0,0,0,1.0,1,1.0,1,1.0,1,0.15816410411565013,41
752,6,2984,535,2449,0,0,0,1.0,1,1.0,1,1.0,1,0.10942533208778088,41
753,8,2992,535,2457,0,0,0,1.0,1,1.0,1,1.0,1,0.13909101550867453,41
754,9,3001,539,2462,0,0,0,1.0,1,1.0,1,1.0,1,0.17937951754794973,41
755,8,3009,539,2470,0,0,0,1.0,1,1.0,1,1.0,1,0.24622637723629934,41
756,9,3018,540,2478,0,0,0,1.0,1,1.0,1,1.0,1,0.18630537704691913,41
757,9,3027,541,2486,0,0,0,1.0,1,1.0,1,1.0,1,0.2811797543227759,39
758,10,3037,541,2496,0,0,0,1.0,1,1.0,1,1.0,1,0.2422580894791568,39
759,6,3043,541,2502,0,0,0,1.0,1,1.0,1,1.0,1,0.2051524474127188,39
760,8,3051,541,2510,0,0,0,1.0,1,1.0,1,1.0,1,0.2458017759511078,40
761,10,3061,541,2520,0,0,0,1.0,1,1.0,1,1.0,1,0.1176365991099588,41
762,6,3067,541,2526,0,0,0,1.0,1,1.0,1,1.0,1,0.09411829763830987,42
763,3,3070,541,2529,0,0,0,1.0,1,1.0,1,1.0,1,0.11315352953830288,43
764,3,3073,541,2532,0,0,0,1.0,1,1.0,1,1.0,1,0.10440773926836745,43
765,3,3076,541,2535,0,0,0,1.0,1,1.0,1,1.0,1,0.08379496060098282,45
766,4,3080,541,2539,0,0,0,1.0,1,1.0,1,1.0,1,0.08379496060098282,45
767,3,3083,541,2542,0,0,0,1.0,1,1.0,1,1.0,1,0.11598207375129442,46
768,3,3086,541,2545,0,0,0,1.0,1,1.0,1,1.0,1,0.10081269509914385,45
769,6,3092,541,2551,0,0,0,1.0,1,1.0,1,1.0,1,0.11818505188246287,46
770,8,3100,541,2559,0,0,0,1.0,1,1.0,1,1.0,1,0.1179544569727857,47
771,8,3108,544,2564,0,0,0,1.0,1,1.0,1,1.0,1,0.12470309809248128,47
772,5,3113,545,2568,0,0,0,1.0,1,1.0,1,1.0,1,0.14207042124239036,46
773,7,3120,547,2573,0,0,0,1.0,1,1.0,1,1.0,1,0.1393460821060504,45
774,7,3127,547,2580,0,0,0,1.0,1,1.0,1,1.0,1,0.11931502141687907,45
775,5,3132,549,2583,0,0,0,1.0,1,1.0,1,1.0,1,0.16308693390377635,45
776,4,3136,549,2587,0,0,0,1.0,1,1.0,1,1.0,1,0.1128784506451728,43
777,6,3142,549,2593,0,0,0,1.0,1,1.0,1,1.0,1,0.12850641940918026,44
778,8,3150,550,2600,0,0,0,1.0,1,1.0,1,1.0,1,0.14912513805332825,45
779,4,3154,550,2604,0,0,0,1.0,1,1.0,1,1.0,1,0.14912513805332825,45
780,6,3160,552,2608,0,0,0,1.0,1,1.0,1,1.0,1,0.1815789424619639,45
781,1,3161,552,2609,0,0,0,1.0,1,1.0,1,1.0,1,0.1565521769425151,46
782,7,3168,553,2615,0,0,0,1.0,1,1.0,1,1.0,1,0.14394130612685402,47
783,2,3170,553,2617,0,0,0,1.0,1,1.0,1,1.0,1,0.13159612453014388,46
784,0,3170,553,2617,0,0,0,1.0,1,1.0,1,1.0,1,0.13607802604069386,45
785,1,3171,553,2618,0,0,0,1.0,1,1.0,1,1.0,1,0.1363612763803537,43
786,1,3172,554,2618,0,0,0,1.0,1,1.0,1,1.0,1,0.14504334490645163,43
787,2,3174,555,2619,0,0,0,1.0,1,1.0,1,1.0,1,0.16304110413511883,43
788,2,3176,556,2620,0,0,0,1.0,1,1.0,1,1.0,1,0.19404240324099215,44
789,2,3178,556,2622,0,0,0,1.0,1,1.0,1,1.0,1,0.1782124728322772,46
790,5,3183,557,2626,0,0,0,1.0,1,1.0,1,1.0,1,0.19088184905773534,46
791,6,3189,558,2631,0,0,0,1.0,1,1.0,1,1.0,1,0.17399767193189558,46
792,1,3190,558,2632,0,0,0,1.0,1,1.0,1,1.0,1,0.18237456471965255,47
793,3,3193,558,2635,0,0,0,1.0,1,1.0,1,1.0,1,0.20104407238468266,48
794,3,3196,558,2638,0,0,0,1.0,1,1.0,1,1.0,1,0.20483272741129818,48
795,1,3197,558,2639,0,0,0,1.0,1,1.0,1,1.0,1,0.18674847176671758,47
796,3,3200,559,2641,0,0,0,1.0,1,1.0,1,1.0,1,0.230394238250527,45
797,6,3206,560,2646,0,0,0,1.0,1,1.0,1,1.0,1,0.20150705116296685,47
798,3,3209,560,2649,0,0,0,1.0,1,1.0,1,1.0,1,0.22574381534618487,48
799,4,3213,560,2653,0,0,0,1.0,1,1.0,1,1.0,1,0.19608376166977445,48
800,5,3218,561,2657,0,0,0,1.0,1,1.0,1,1.0,1,0.25276083863549187,48
801,5,3223,562,2661,0,0,0,1.0,1,1.0,1,1.0,1,0.16719101764742897,49
802,4,3227,563,2664,0,0,0,1.0,1,1.0,1,1.0,1,0.16821881562053512,50
803,2,3229,563,2666,0,0,0,1.0,1,1.0,1,1.0,1,0.16821881562053512,50
804,5,3234,563,2671,0,0,0,1.0,1,1.0,1,1.0,1,0.13805100988614577,50
805,2,3236,564,2672,0,0,0,1.0,1,1.0,1,1.0,1,0.14988517075412125,50
806,2,3238,564,2674,0,0,0,1.0,1,1.0,1,1.0,1,0.1271421041537035,51
807,3,3241,565,2676,0,0,0,1.0,1,1.0,1,1.0,1,0.1382468988292504,51
808,2,3243,565,2678,0,0,0,1.0,1,1.0,1,1.0,1,0.11644505694114157,53
809,1,3244,565,2679,0,0,0,1.0,1,1.0,1,1.0,1,0.09702031923810041,51
810,0,3244,565,2679,0,0,0,1.0,1,1.0,1,1.0,1,0.090060016871303,52
811,7,3251,566,2685,0,0,0,1.0,1,1.0,1,1.0,1,0.10042167909958488,50
812,3,3254,567,2687,0,0,0,1.0,1,1.0,1,1.0,1,0.10008429925892669,51
813,7,3261,569,2692,0,0,0,1.0,1,1.0,1,1.0,1,0.1063806923326609,51
814,3,3264,570,2694,0,0,0,1.0,1,1.0,1,1.0,1,0.13568004738571635,52
815,2,3266,571,2695,0,0,0,1.0,1,1.0,1,1.0,1,0.14625966436555748,50
816,1,3267,572,2695,0,0,0,1.0,1,1.0,1,1.0,1,0.15625859708197756,50
817,3,3270,572,2698,0,0,0,1.0,1,1.0,1,1.0,1,0.14345114825129002,49
818,3,3273,574,2699,0,0,0,1.0,1,1.0,1,1.0,1,0.17111730240316325,49
819,4,3277,574,2703,0,0,0,1.0,1,1.0,1,1.0,1,0.15806041339344368,50
820,1,3278,574,2704,0,0,0,1.0,1,1.0,1,1.0,1,0.1698855206731604,49
821,4,3282,574,2708,0,0,0,1.0,1,1.0,1,1.0,1,0.13587435471861387,49
822,4,3286,576,2710,0,0,0,1.0,1,1.0,1,1.0,1,0.09889255310738407,49
823,3,3289,578,2711,0,0,0,1.0,1,1.0,1,1.0,1,0.1442920890401306,47
824,3,3292,580,2712,0,0,0,1.0,1,1.0,1,1.0,1,0.1590974370700462,45
825,0,3292,580,2712,0,0,0,1.0,1,1.0,1,1.0,1,0.17430782284488613,43
826,2,3294,582,2712,0,0,0,1.0,1,1.0,1,1.0,1,0.1454647506157288,44
827,2,3296,583,2713,0,0,0,1.0,1,1.0,1,1.0,1,0.14929362930621898,43
828,2,3298,585,2713,0,0,0,1.0,1,1.0,1,1.0,1,0.1854776871366475,43
829,4,3302,587,2715,0,0,0,1.0,1,1.0,1,1.0,1,0.17350534392628478,45
830,3,3305,588,2717,0,0,0,1.0,1,1.0,1,1.0,1,0.1970768254878198,46
831,3,3308,590,2718,0,0,0,1.0,1,1.0,1,1.0,1,0.22440765260022422,48
832,4,3312,591,2721,0,0,0,1.0,1,1.0,1,1.0,1,0.20954910767849635,47
833,5,3317,592,2725,0,0,0,1.0,1,1.0,1,1.0,1,0.20586288675019568,47
834,2,3319,593,2726,0,0,0,1.0,1,1.0,1,1.0,1,0.23258121404805324,46
835,0,3319,593,2726,0,0,0,1.0,1,1.0,1,1.0,1,0.24483470144944036,45
836,3,3322,595,2727,0,0,0,1.0,1,1.0,1,1.0,1,0.21008356293579122,46
837,2,3324,595,2729,0,0,0,1.0,1,1.0,1,1.0,1,0.21039282028666856,46
838,4,3328,596,2732,0,0,0,1.0,1,1.0,1,1.0,1,0.2582294429041499,45
839,5,3333,599,2734,0,0,0,1.0,1,1.0,1,1.0,1,0.2650440026924229,46
840,3,3336,599,2737,0,0,0,1.0,1,1.0,1,1.0,1,0.2484641660474406,46
841,9,3345,601,2744,0,0,0,1.0,1,1.0,1,1.0,1,0.12619531650873553,46
842,0,3345,601,2744,0,0,0,1.0,1,1.0,1,1.0,1,0.12619531650873553,46
843,2,3347,602,2745,0,0,0,1.0,1,1.0,1,1.0,1,0.13146456969833945,46
844,9,3356,605,2751,0,0,0,1.0,1,1.0,1,1.0,1,0.16111788017346684,47
845,4,3360,606,2754,0,0,0,1.0,1,1.0,1,1.0,1,0.17314977842196874,48
846,3,3363,606,2757,0,0,0,1.0,1,1.0,1,1.0,1,0.13076319261264055,47
847,2,3365,606,2759,0,0,0,1.0,1,1.0,1,1.0,1,0.12032288907200708,48
848,3,3368,606,2762,0,0,0,1.0,1,1.0,1,1.0,1,0.14387765650238907,48
849,5,3373,607,2766,0,0,0,1.0,1,1.0,1,1.0,1,0.15672807008619277,48
850,0,3373,607,2766,0,0,0,1.0,1,1.0,1,1.0,1,0.175268231883999,46
851,3,3376,608,2768,0,0,0,1.0,1,1.0,1,1.0,1,0.18334028463345944,45
852,3,3379,608,2771,0,0,0,1.0,1,1.0,1,1.0,1,0.1911861459175583,44
853,3,3382,608,2774,0,0,0,1.0,1,1.0,1,1.0,1,0.21359084685968535,44
854,2,3384,608,2776,0,0,0,1.0,1,1.0,1,1.0,1,0.1711377967389966,45
855,3,3387,608,2779,0,0,0,1.0,1,1.0,1,1.0,1,0.17940654858442598,46
856,6,3393,609,2784,0,0,0,1.0,1,1.0,1,1.0,1,0.18917605508896415,46
857,6,3399,609,2790,0,0,0,1.0,1,1.0,1,1.0,1,0.1915147658359199,47
858,6,3405,611,2794,0,0,0,1.0,1,1.0,1,1.0,1,0.2547809947369311,48
859,4,3409,611,2798,0,0,0,1.0,1,1.0,1,1.0,1,0.23401078904663988,48
860,7,3416,612,2804,0,0,0,1.0,1,1.0,1,1.0,1,0.24330748227017662,49
861,8,3424,613,2811,0,0,0,1.0,1,1.0,1,1.0,1,0.19744471969142346,49
862,6,3430,613,2817,0,0,0,1.0,1,1.0,1,1.0,1,0.16009065899491706,49
863,3,3433,614,2819,0,0,0,1.0,1,1.0,1,1.0,1,0.17678318080407582,48
864,5,3438,615,2823,0,0,0,1.0,1,1.0,1,1.0,1,0.14206898001416107,49
865,2,3440,615,2825,0,0,0,1.0,1,1.0,1,1.0,1,0.14178644719796327,48
866,3,3443,616,2827,0,0,0,1.0,1,1.0,1,1.0,1,0.12315725459094626,50
867,2,3445,616,2829,0,0,0,1.0,1,1.0,1,1.0,1,0.11783069929681972,50
868,9,3454,619,2835,0,0,0,1.0,1,1.0,1,1.0,1,0.1661942011924924,51
869,4,3458,619,2839,0,0,0,1.0,1,1.0,1,1.0,1,0.15093971528653427,49
870,6,3464,621,2843,0,0,0,1.0,1,1.0,1,1.0,1,0.1351648933402791,49
871,6,3470,622,2848,0,0,0,1.0,1,1.0,1,1.0,1,0.1735104176343389,49
872,5,3475,623,2852,0,0,0,1.0,1,1.0,1,1.0,1,0.19464517532812378,48
873,7,3482,626,2856,0,0,0,1.0,1,1.0,1,1.0,1,0.20245389548277715,49
874,3,3485,626,2859,0,0,0,1.0,1,1.0,1,1.0,1,0.20251366784176061,49
875,4,3489,628,2861,0,0,0,1.0,1,1.0,1,1.0,1,0.2135728144978728,50
876,7,3496,628,2868,0,0,0,1.0,1,1.0,1,1.0,1,0.26075507684332,50
877,13,3509,632,2877,0,0,0,1.0,1,1.0,1,1.0,1,0.2470104941922859,50
878,10,3519,632,2887,0,0,0,1.0,1,1.0,1,1.0,1,0.2800265516537518,49
879,11,3530,634,2896,0,0,0,1.0,1,1.0,1,1.0,1,0.3277583023765994,49
880,10,3540,634,2906,0,0,0,1.0,1,1.0,1,1.0,1,0.3106848554549303,48
881,20,3560,636,2924,0,0,0,1.0,1,1.0,1,1.0,1,0.17943484450906821,49
882,2,3562,636,2926,0,0,0,1.0,1,1.0,1,1.0,1,0.18299138340319052,48
883,1,3563,636,2927,0,0,0,1.0,1,1.0,1,1.0,1,0.18788919164115334,50
884,1,3564,636,2928,0,0,0,1.0,1,1.0,1,1.0,1,0.18804517640951482,50
885,1,3565,636,2929,0,0,0,1.0,1,1.0,1,1.0,1,0.12534829993821145,49
886,1,3566,636,2930,0,0,0,1.0,1,1.0,1,1.0,1,0.1591396656158285,49
887,5,3571,636,2935,0,0,0,1.0,1,1.0,1,1.0,1,0.16733192560382784,49
888,3,3574,636,2938,0,0,0,1.0,1,1.0,1,1.0,1,0.10371241363981581,47
889,4,3578,636,2942,0,0,0,1.0,1,1.0,1,1.0,1,0.15950818332685912,46
890,3,3581,636,2945,0,0,0,1.0,1,1.0,1,1.0,1,0.1471677945016167,44
891,4,3585,637,2948,0,0,0,1.0,1,1.0,1,1.0,1,0.14961878092368613,45
892,4,3589,637,2952,0,0,0,1.0,1,1.0,1,1.0,1,0.21530429485153643,45
893,4,3593,638,2955,0,0,0,1.0,1,1.0,1,1.0,1,0.2178474152635352,45
894,1,3594,638,2956,0,0,0,1.0,1,1.0,1,1.0,1,0.20249747826491216,44
895,4,3598,638,2960,0,0,0,1.0,1,1.0,1,1.0,1,0.19540159143912678,45
896,6,3604,639,2965,0,0,0,1.0,1,1.0,1,1.0,1,0.2731523089274382,44
897,6,3610,639,2971,0,0,0,1.0,1,1.0,1,1.0,1,0.29274417926534885,44
898,4,3614,639,2975,0,0,0,1.0,1,1.0,1,1.0,1,0.28475165986330325,45
899,3,3617,639,2978,0,0,0,1.0,1,1.0,1,1.0,1,0.28979387626672837,44
900,3,3620,639,2981,0,0,0,1.0,1,1.0,1,1.0,1,0.2875826436841673,46
901,10,3630,640,2990,0,0,0,1.0,1,1.0,1,1.0,1,0.17796550040322295,45
902,6,3636,642,2994,0,0,0,1.0,1,1.0,1,1.0,1,0.11388184417303393,45
903,4,3640,643,2997,0,0,0,1.0,1,1.0,1,1.0,1,0.14360536183815106,44
904,2,3642,643,2999,0,0,0,1.0,1,1.0,1,1.0,1,0.13514310033364252,45
905,1,3643,643,3000,0,0,0,1.0,1,1.0,1,1.0,1,0.1525827341184063,45
906,6,3649,643,3006,0,0,0,1.0,1,1.0,1,1.0,1,0.13683668566634297,45
907,4,3653,645,3008,0,0,0,1.0,1,1.0,1,1.0,1,0.09999906091698955,46
908,2,3655,645,3010,0,0,0,1.0,1,1.0,1,1.0,1,0.12482593794177134,46
909,7,3662,648,3014,0,0,0,1.0,1,1.0,1,1.0,1,0.1699745485383106,46
910,7,3669,648,3021,0,0,0,1.0,1,1.0,1,1.0,1,0.1614576291232262,44
911,7,3676,649,3027,0,0,0,1.0,1,1.0,1,1.0,1,0.16965984855163602,45
912,6,3682,649,3033,0,0,0,1.0,1,1.0,1,1.0,1,0.2042372112273236,44
913,4,3686,649,3037,0,0,0,1.0,1,1.0,1,1.0,1,0.2013702219835311,45
914,6,3692,651,3041,0,0,0,1.0,1,1.0,1,1.0,1,0.2387440278147427,45
915,4,3696,651,3045,0,0,0,1.0,1,1.0,1,1.0,1,0.2387440278147427,45
916,4,3700,651,3049,0,0,0,1.0,1,1.0,1,1.0,1,0.2387440278147427,45
917,9,3709,652,3057,0,0,0,1.0,1,1.0,1,1.0,1,0.21751996299355997,46
918,7,3716,653,3063,0,0,0,1.0,1,1.0,1,1.0,1,0.2151392316809337,47
919,8,3724,653,3071,0,0,0,1.0,1,1.0,1,1.0,1,0.22978913870999665,47
920,5,3729,653,3076,0,0,0,1.0,1,1.0,1,1.0,1,0.22985050191065606,47
921,7,3736,653,3083,0,0,0,1.0,1,1.0,1,1.0,1,0.11619963846350881,49
922,1,3737,653,3084,0,0,0,1.0,1,1.0,1,1.0,1,0.10539026249169221,49
923,4,3741,655,3086,0,0,0,1.0,1,1.0,1,1.0,1,0.1026389124535413,47
924,1,3742,655,3087,0,0,0,1.0,1,1.0,1,1.0,1,0.0634111606942698,47
925,4,3746,655,3091,0,0,0,1.0,1,1.0,1,1.0,1,0.07600217453915384,47
926,3,3749,657,3092,0,0,0,1.0,1,1.0,1,1.0,1,0.10024273724009977,46
927,4,3753,658,3095,0,0,0,1.0,1,1.0,1,1.0,1,0.11573562863276672,45
928,1,3754,658,3096,0,0,0,1.0,1,1.0,1,1.0,1,0.14190338751806547,43
929,3,3757,658,3099,0,0,0,1.0,1,1.0,1,1.0,1,0.14183234554470714,42
930,5,3762,659,3103,0,0,0,1.0,1,1.0,1,1.0,1,0.1748753411559122,41
931,3,3765,660,3105,0,0,0,1.0,1,1.0,1,1.0,1,0.18316047141151565,40
932,3,3768,660,3108,0,0,0,1.0,1,1.0,1,1.0,1,0.17791150727632804,40
933,3,3771,661,3110,0,0,0,1.0,1,1.0,1,1.0,1,0.22805391626295587,39
934,4,3775,662,3113,0,0,0,1.0,1,1.0,1,1.0,1,0.20933716996902557,39
935,3,3778,664,3114,0,0,0,1.0,1,1.0,1,1.0,1,0.22572039287866136,41
936,4,3782,664,3118,0,0,0,1.0,1,1.0,1,1.0,1,0.2165351225404494,42
937,5,3787,665,3122,0,0,0,1.0,1,1.0,1,1.0,1,0.24861469710458808,43
938,4,3791,666,3125,0,0,0,1.0,1,1.0,1,1.0,1,0.2935409132272299,44
939,5,3796,666,3130,0,0,0,1.0,1,1.0,1,1.0,1,0.28632110793399945,46
940,5,3801,666,3135,0,0,0,1.0,1,1.0,1,1.0,1,0.31064337118050317,46
941,9,3810,666,3144,0,0,0,1.0,1,1.0,1,1.0,1,0.16867709830455824,46
942,3,3813,666,3147,0,0,0,1.0,1,1.0,1,1.0,1,0.15867531401161455,46
943,3,3816,667,3149,0,0,0,1.0,1,1.0,1,1.0,1,0.1439008080479495,45
944,2,3818,667,3151,0,0,0,1.0,1,1.0,1,1.0,1,0.1258999667063387,45
945,4,3822,667,3155,0,0,0,1.0,1,1.0,1,1.0,1,0.14557497533314337,44
946,5,3827,668,3159,0,0,0,1.0,1,1.0,1,1.0,1,0.13727066243630995,46
947,1,3828,668,3160,0,0,0,1.0,1,1.0,1,1.0,1,0.1562570251775927,44
948,7,3835,670,3165,0,0,0,1.0,1,1.0,1,1.0,1,0.139573490991504,44
949,7,3842,671,3171,0,0,0,1.0,1,1.0,1,1.0,1,0.2231400841763692,44
950,3,3845,671,3174,0,0,0,1.0,1,1.0,1,1.0,1,0.2622464963300866,43
951,3,3848,671,3177,0,0,0,1.0,1,1.0,1,1.0,1,0.28699576245249847,42
952,4,3852,671,3181,0,0,0,1.0,1,1.0,1,1.0,1,0.28699576245249847,42
953,4,3856,671,3185,0,0,0,1.0,1,1.0,1,1.0,1,0.27559221479139767,41
954,3,3859,672,3187,0,0,0,1.0,1,1.0,1,1.0,1,0.27354151972674373,40
955,2,3861,672,3189,0,0,0,1.0,1,1.0,1,1.0,1,0.2477398873785406,42
956,7,3868,674,3194,0,0,0,1.0,1,1.0,1,1.0,1,0.23264374814614822,43
957,3,3871,674,3197,0,0,0,1.0,1,1.0,1,1.0,1,0.24855977764936976,42
958,6,3877,675,3202,0,0,0,1.0,1,1.0,1,1.0,1,0.25669020493137545,43
959,8,3885,676,3209,0,0,0,1.0,1,1.0,1,1.0,1,0.21940774734095075,45
960,4,3889,677,3212,0,0,0,1.0,1,1.0,1,1.0,1,0.2231536874575609,47
961,2,3891,678,3213,0,0,0,1.0,1,1.0,1,1.0,1,0.20570136172871975,45
962,4,3895,679,3216,0,0,0,1.0,1,1.0,1,1.0,1,0.19025082254890394,45
963,3,3898,680,3218,0,0,0,1.0,1,1.0,1,1.0,1,0.20748609376588953,44
964,0,3898,680,3218,0,0,0,1.0,1,1.0,1,1.0,1,0.2009566530416704,44
965,2,3900,681,3219,0,0,0,1.0,1,1.0,1,1.0,1,0.17612074298543623,45
966,2,3902,682,3220,0,0,0,1.0,1,1.0,1,1.0,1,0.1848153742737855,43
967,3,3905,682,3223,0,0,0,1.0,1,1.0,1,1.0,1,0.15121078966627127,43
968,1,3906,682,3224,0,0,0,1.0,1,1.0,1,1.0,1,0.15195391468280997,43
969,1,3907,682,3225,0,0,0,1.0,1,1.0,1,1.0,1,0.1598108848080749,42
970,2,3909,682,3227,0,0,0,1.0,1,1.0,1,1.0,1,0.16866661179037132,42
971,2,3911,682,3229,0,0,0,1.0,1,1.0,1,1.0,1,0.16866661179037132,42
972,2,3913,684,3229,0,0,0,1.0,1,1.0,1,1.0,1,0.13958721118850353,42
973,1,3914,684,3230,0,0,0,1.0,1,1.0,1,1.0,1,0.14522858828807947,43
974,3,3917,685,3232,0,0,0,1.0,1,1.0,1,1.0,1,0.16627522356989152,43
975,4,3921,685,3236,0,0,0,1.0,1,1.0,1,1.0,1,0.16592252684017958,43
976,7,3928,687,3241,0,0,0,1.0,1,1.0,1,1.0,1,0.23445874405488437,45
977,6,3934,687,3247,0,0,0,1.0,1,1.0,1,1.0,1,0.2411199423987304,44
978,6,3940,688,3252,0,0,0,1.0,1,1.0,1,1.0,1,0.277901890533176,44
979,8,3948,688,3260,0,0,0,1.0,1,1.0,1,1.0,1,0.23798734563425777,45
980,8,3956,689,3267,0,0,0,1.0,1,1.0,1,1.0,1,0.24299135780564396,45
981,8,3964,689,3275,0,0,0,1.0,1,1.0,1,1.0,1,0.12293758930354634,45
982,5,3969,691,3278,0,0,0,1.0,1,1.0,1,1.0,1,0.18201253911836598,46
983,3,3972,692,3280,0,0,0,1.0,1,1.0,1,1.0,1,0.15588016709415015,45
984,1,3973,692,3281,0,0,0,1.0,1,1.0,1,1.0,1,0.13849074016790525,45
985,4,3977,694,3283,0,0,0,1.0,1,1.0,1,1.0,1,0.16431754272693402,45
986,4,3981,695,3286,0,0,0,1.0,1,1.0,1,1.0,1,0.1617339336035511,44
987,2,3983,695,3288,0,0,0,1.0,1,1.0,1,1.0,1,0.17448678656195443,45
988,4,3987,698,3289,0,0,0,1.0,1,1.0,1,1.0,1,0.189913424281129,44
989,3,3990,699,3291,0,0,0,1.0,1,1.0,1,1.0,1,0.19700352873117558,43
990,4,3994,701,3293,0,0,0,1.0,1,1.0,1,1.0,1,0.19466080656240517,42
991,3,3997,701,3296,0,0,0,1.0,1,1.0,1,1.0,1,0.17424894111654401,42
992,1,3998,701,3297,0,0,0,1.0,1,1.0,1,1.0,1,0.1853272622578557,43
993,2,4000,702,3298,0,0,0,1.0,1,1.0,1,1.0,1,0.20452448541018434,43
994,3,4003,702,3301,0,0,0,1.0,1,1.0,1,1.0,1,0.19812969609129405,43
995,0,4003,702,3301,0,0,0,1.0,1,1.0,1,1.0,1,0.17246560666985175,43
996,1,4004,702,3302,0,0,0,1.0,1,1.0,1,1.0,1,0.17671579943447754,44
997,2,4006,703,3303,0,0,0,1.0,1,1.0,1,1.0,1,0.22033245901835496,44
998,9,4015,703,3312,0,0,0,1.0,1,1.0,1,1.0,1,0.22802008095591342,45
999,7,4022,703,3319,0,0,0,1.0,1,1.0,1,1.0,1,0.2059282934099914,42
1000,7,4029,703,3326,0,0,0,1.0,1,1.0,1,1.0,1,0.17793835898536728,43
1001,2,4031,703,3328,0,0,0,1.0,1,1.0,1,1.0,1,0.13785959085701222,42
1002,0,4031,703,3328,0,0,0,1.0,1,1.0,1,1.0,1,0.14224201433394462,43
1003,0,4031,703,3328,0,0,0,1.0,1,1.0,1,1.0,1,0.14224201433394462,43
1004,1,4032,703,3329,0,0,0,1.0,1,1.0,1,1.0,1,0.11863081308685945,43
1005,0,4032,703,3329,0,0,0,1.0,1,1.0,1,1.0,1,0.13376359110719618,44
1006,2,4034,703,3331,0,0,0,1.0,1,1.0,1,1.0,1,0.107590630362374,46
1007,0,4034,703,3331,0,0,0,1.0,1,1.0,1,1.0,1,0.107590630362374,46
1008,0,4034,703,3331,0,0,0,1.0,1,1.0,1,1.0,1,0.12190920121876389,47
1009,2,4036,703,3333,0,0,0,1.0,1,1.0,1,1.0,1,0.12536555201514887,48
1010,2,4038,704,3334,0,0,0,1.0,1,1.0,1,1.0,1,0.16967352168312458,48
1011,2,4040,704,3336,0,0,0,1.0,1,1.0,1,1.0,1,0.15210895488780654,48
1012,5,4045,705,3340,0,0,0,1.0,1,1.0,1,1.0,1,0.17480322606725696,49
1013,3,4048,706,3342,0,0,0,1.0,1,1.0,1,1.0,1,0.17986247123149263,50
1014,3,4051,707,3344,0,0,0,1.0,1,1.0,1,1.0,1,0.2002062029853826,50
1015,5,4056,707,3349,0,0,0,1.0,1,1.0,1,1.0,1,0.18537572582302136,51
1016,5,4061,707,3354,0,0,0,1.0,1,1.0,1,1.0,1,0.17505324591361343,51
1017,7,4068,707,3361,0,0,0,1.0,1,1.0,1,1.0,1,0.1748864100786106,52
1018,7,4075,708,3367,0,0,0,1.0,1,1.0,1,1.0,1,0.17918916915498104,52
1019,10,4085,709,3376,0,0,0,1.0,1,1.0,1,1.0,1,0.1752009121102938,52
1020,11,4096,710,3386,0,0,0,1.0,1,1.0,1,1.0,1,0.13742116353586753,53
1021,6,4102,711,3391,0,0,0,1.0,1,1.0,1,1.0,1,0.11882659574678459,53
1022,1,4103,711,3392,0,0,0,1.0,1,1.0,1,1.0,1,0.11397407554050334,54
1023,4,4107,712,3395,0,0,0,1.0,1,1.0,1,1.0,1,0.12870823424281194,55
1024,5,4112,713,3399,0,0,0,1.0,1,1.0,1,1.0,1,0.13587774805865757,55
1025,5,4117,713,3404,0,0,0,1.0,1,1.0,1,1.0,1,0.15443005270885973,56
1026,6,4123,714,3409,0,0,0,1.0,1,1.0,1,1.0,1,0.18960123436101212,57
1027,2,4125,714,3411,0,0,0,1.0,1,1.0,1,1.0,1,0.16295393096655422,58
1028,2,4127,715,3412,0,0,0,1.0,1,1.0,1,1.0,1,0.17193422284154697,58
1029,2,4129,715,3414,0,0,0,1.0,1,1.0,1,1.0,1,0.1835583516529676,59
1030,3,4132,715,3417,0,0,0,1.0,1,1.0,1,1.0,1,0.17089606535654062,60
1031,4,4136,717,3419,0,0,0,1.0,1,1.0,1,1.0,1,0.19638419174110952,60
1032,7,4143,718,3425,0,0,0,1.0,1,1.0,1,1.0,1,0.19857667864942194,61
1033,4,4147,718,3429,0,0,0,1.0,1,1.0,1,1.0,1,0.11773516588409208,60
1034,4,4151,719,3432,0,0,0,1.0,1,1.0,1,1.0,1,0.12347919252175665,60
1035,5,4156,720,3436,0,0,0,1.0,1,1.0,1,1.0,1,0.11055786670596092,59
1036,3,4159,720,3439,0,0,0,1.0,1,1.0,1,1.0,1,0.10660280364881676,60
1037,3,4162,722,3440,0,0,0,1.0,1,1.0,1,1.0,1,0.11123153128939917,59
1038,4,4166,725,3441,0,0,0,1.0,1,1.0,1,1.0,1,0.10044023539973411,60
1039,8,4174,729,3445,0,0,0,1.0,1,1.0,1,1.0,1,0.13380790406886592,60
1040,5,4179,730,3449,0,0,0,1.0,1,1.0,1,1.0,1,0.11565001201717467,58
1041,2,4181,731,3450,0,0,0,1.0,1,1.0,1,1.0,1,0.1184905842329384,56
1042,0,4181,731,3450,0,0,0,1.0,1,1.0,1,1.0,1,0.12748691461287276,55
1043,1,4182,731,3451,0,0,0,1.0,1,1.0,1,1.0,1,0.11700297363774452,55
1044,1,4183,732,3451,0,0,0,1.0,1,1.0,1,1.0,1,0.1270240970427257,52
1045,0,4183,732,3451,0,0,0,1.0,1,1.0,1,1.0,1,0.13725949050378108,52
1046,0,4183,732,3451,0,0,0,1.0,1,1.0,1,1.0,1,0.14727069939071225,53
1047,0,4183,732,3451,0,0,0,1.0,1,1.0,1,1.0,1,0.14208090597741943,54
1048,2,4185,734,3451,0,0,0,1.0,1,1.0,1,1.0,1,0.17075162622761753,56
1049,6,4191,737,3454,0,0,0,1.0,1,1.0,1,1.0,1,0.14941189030645077,55
1050,0,4191,737,3454,0,0,0,1.0,1,1.0,1,1.0,1,0.1530060726714621,56
1051,1,4192,738,3454,0,0,0,1.0,1,1.0,1,1.0,1,0.12791207030354018,55
1052,0,4192,738,3454,0,0,0,1.0,1,1.0,1,1.0,1,0.14627543922736796,56
1053,2,4194,739,3455,0,0,0,1.0,1,1.0,1,1.0,1,0.14634110956990357,56
1054,0,4194,739,3455,0,0,0,1.0,1,1.0,1,1.0,1,0.14508951842773773,57
1055,4,4198,740,3458,0,0,0,1.0,1,1.0,1,1.0,1,0.12603401937768738,58
1056,3,4201,740,3461,0,0,0,1.0,1,1.0,1,1.0,1,0.12237020579906757,59
1057,4,4205,741,3464,0,0,0,1.0,1,1.0,1,1.0,1,0.12761448072013673,60
1058,4,4209,742,3467,0,0,0,1.0,1,1.0,1,1.0,1,0.13799891610004153,60
1059,5,4214,742,3472,0,0,0,1.0,1,1.0,1,1.0,1,0.13175973094737561,60
1060,9,4223,744,3479,0,0,0,1.0,1,1.0,1,1.0,1,0.16434659306392663,60
1061,6,4229,748,3481,0,0,0,1.0,1,1.0,1,1.0,1,0.12728403551283113,59
1062,4,4233,750,3483,0,0,0,1.0,1,1.0,1,1.0,1,0.15402309331958225,59
1063,2,4235,751,3484,0,0,0,1.0,1,1.0,1,1.0,1,0.14425259788366673,58
1064,4,4239,754,3485,0,0,0,1.0,1,1.0,1,1.0,1,0.18341766315960728,58
1065,3,4242,755,3487,0,0,0,1.0,1,1.0,1,1.0,1,0.16446900233253336,60
1066,5,4247,757,3490,0,0,0,1.0,1,1.0,1,1.0,1,0.15666477792900635,58
1067,8,4255,759,3496,0,0,0,1.0,1,1.0,1,1.0,1,0.2063855543123216,59
1068,6,4261,761,3500,0,0,0,1.0,1,1.0,1,1.0,1,0.18831369465032743,59
1069,2,4263,762,3501,0,0,0,1.0,1,1.0,1,1.0,1,0.21897009769517795,58
1070,5,4268,764,3504,0,0,0,1.0,1,1.0,1,1.0,1,0.2047822476754413,58
1071,2,4270,766,3504,0,0,0,1.0,1,1.0,1,1.0,1,0.24108816789087598,57
1072,1,4271,766,3505,0,0,0,1.0,1,1.0,1,1.0,1,0.22627002024892798,56
1073,2,4273,766,3507,0,0,0,1.0,1,1.0,1,1.0,1,0.25493554990768913,54
1074,1,4274,767,3507,0,0,0,1.0,1,1.0,1,1.0,1,0.25145521818275407,54
1075,0,4274,767,3507,0,0,0,1.0,1,1.0,1,1.0,1,0.2656791688016309,51
1076,1,4275,767,3508,0,0,0,1.0,1,1.0,1,1.0,1,0.23472639446305119,51
1077,2,4277,768,3509,0,0,0,1.0,1,1.0,1,1.0,1,0.22684311120276984,51
1078,1,4278,769,3509,0,0,0,1.0,1,1.0,1,1.0,1,0.25248092978640785,52
1079,2,4280,771,3509,0,0,0,1.0,1,1.0,1,1.0,1,0.25984228432011935,51
1080,2,4282,773,3509,0,0,0,1.0,1,1.0,1,1.0,1,0.2710960684104897,51
1081,13,4295,774,3521,0,0,0,1.0,1,1.0,1,1.0,1,0.20806395208025627,48
1082,5,4300,775,3525,0,0,0,1.0,1,1.0,1,1.0,1,0.223773111775476,47
1083,7,4307,776,3531,0,0,0,1.0,1,1.0,1,1.0,1,0.27488641152764565,46
1084,7,4314,776,3538,0,0,0,1.0,1,1.0,1,1.0,1,0.25803766189134053,45
1085,5,4319,776,3543,0,0,0,1.0,1,1.0,1,1.0,1,0.2538935396170561,46
1086,5,4324,776,3548,0,0,0,1.0,1,1.0,1,1.0,1,0.22010855136434626,45
1087,3,4327,776,3551,0,0,0,1.0,1,1.0,1,1.0,1,0.25636612980181256,44
1088,4,4331,776,3555,0,0,0,1.0,1,1.0,1,1.0,1,0.23396579186902214,45
1089,6,4337,777,3560,0,0,0,1.0,1,1.0,1,1.0,1,0.2107709345241868,46
1090,3,4340,777,3563,0,0,0,1.0,1,1.0,1,1.0,1,0.1844958580096805,47
1091,3,4343,778,3565,0,0,0,1.0,1,1.0,1,1.0,1,0.18160567413577997,47
1092,4,4347,778,3569,0,0,0,1.0,1,1.0,1,1.0,1,0.16137495259681892,48
1093,3,4350,779,3571,0,0,0,1.0,1,1.0,1,1.0,1,0.1940710013447023,48
1094,6,4356,781,3575,0,0,0,1.0,1,1.0,1,1.0,1,0.20205055601045732,48
1095,2,4358,781,3577,0,0,0,1.0,1,1.0,1,1.0,1,0.19455644453266158,49
1096,3,4361,782,3579,0,0,0,1.0,1,1.0,1,1.0,1,0.2368149299081416,49
1097,7,4368,783,3585,0,0,0,1.0,1,1.0,1,1.0,1,0.2201504699027256,50
1098,8,4376,783,3593,0,0,0,1.0,1,1.0,1,1.0,1,0.2297103912941889,51
1099,6,4382,783,3599,0,0,0,1.0,1,1.0,1,1.0,1,0.2261709543643401,54
1100,10,4392,784,3608,0,0,0,1.0,1,1.0,1,1.0,1,0.21789293756603956,54
1101,6,4398,785,3613,0,0,0,1.0,1,1.0,1,1.0,1,0.1283807939392008,54
1102,2,4400,785,3615,0,0,0,1.0,1,1.0,1,1.0,1,0.1251026640688796,54
1103,5,4405,787,3618,0,0,0,1.0,1,1.0,1,1.0,1,0.11914647429990693,53
1104,2,4407,788,3619,0,0,0,1.0,1,1.0,1,1.0,1,0.10283617456256594,53
1105,4,4411,789,3622,0,0,0,1.0,1,1.0,1,1.0,1,0.1391422063558671,52
1106,1,4412,789,3623,0,0,0,1.0,1,1.0,1,1.0,1,0.16871311383815651,52
1107,6,4418,790,3628,0,0,0,1.0,1,1.0,1,1.0,1,0.21217368145643256,52
1108,5,4423,792,3631,0,0,0,1.0,1,1.0,1,1.0,1,0.18054992873499337,51
1109,4,4427,795,3632,0,0,0,1.0,1,1.0,1,1.0,1,0.21588358976626865,49
1110,2,4429,795,3634,0,0,0,1.0,1,1.0,1,1.0,1,0.22997985728555756,48
1111,5,4434,799,3635,0,0,0,1.0,1,1.0,1,1.0,1,0.24964265780624903,47
1112,0,4434,799,3635,0,0,0,1.0,1,1.0,1,1.0,1,0.26532539576632824,46
1113,3,4437,801,3636,0,0,0,1.0,1,1.0,1,1.0,1,0.25852484278316445,43
1114,3,4440,802,3638,0,0,0,1.0,1,1.0,1,1.0,1,0.2555361860061826,41
1115,4,4444,803,3641,0,0,0,1.0,1,1.0,1,1.0,1,0.30935597942044485,40
1116,1,4445,804,3641,0,0,0,1.0,1,1.0,1,1.0,1,0.3067099932003441,39
1117,3,4448,806,3642,0,0,0,1.0,1,1.0,1,1.0,1,0.2797723582084743,40
1118,4,4452,807,3645,0,0,0,1.0,1,1.0,1,1.0,1,0.3198559502284213,40
1119,4,4456,808,3648,0,0,0,1.0,1,1.0,1,1.0,1,0.3275918788132197,40
1120,3,4459,808,3651,0,0,0,1.0,1,1.0,1,1.0,1,0.31850875011107066,40
1121,9,4468,809,3659,0,0,0,1.0,1,1.0,1,1.0,1,0.2608924879971006,40
1122,6,4474,809,3665,0,0,0,1.0,1,1.0,1,1.0,1,0.2276231670008915,41
1123,2,4476,809,3667,0,0,0,1.0,1,1.0,1,1.0,1,0.18825817546295848,41
1124,5,4481,809,3672,0,0,0,1.0,1,1.0,1,1.0,1,0.1620666289582707,41
1125,8,4489,811,3678,0,0,0,1.0,1,1.0,1,1.0,1,0.27506230087753425,41
1126,4,4493,811,3682,0,0,0,1.0,1,1.0,1,1.0,1,0.2633365475382623,41
1127,6,4499,811,3688,0,0,0,1.0,1,1.0,1,1.0,1,0.2633365475382623,41
1128,7,4506,811,3695,0,0,0,1.0,1,1.0,1,1.0,1,0.25291787049707204,42
1129,8,4514,812,3702,0,0,0,1.0,1,1.0,1,1.0,1,0.26544868664889515,42
1130,6,4520,812,3708,0,0,0,1.0,1,1.0,1,1.0,1,0.26544868664889515,42
1131,7,4527,813,3714,0,0,0,1.0,1,1.0,1,1.0,1,0.2475636271891147,42
1132,7,4534,814,3720,0,0,0,1.0,1,1.0,1,1.0,1,0.17464221204021013,43
1133,3,4537,814,3723,0,0,0,1.0,1,1.0,1,1.0,1,0.1288070334113383,45
1134,7,4544,815,3729,0,0,0,1.0,1,1.0,1,1.0,1,0.1518976714815047,46
1135,8,4552,815,3737,0,0,0,1.0,1,1.0,1,1.0,1,0.16718288082964672,45
1136,8,4560,816,3744,0,0,0,1.0,1,1.0,1,1.0,1,0.2176670160840327,48
1137,6,4566,816,3750,0,0,0,1.0,1,1.0,1,1.0,1,0.22807265112491706,49
1138,11,4577,816,3761,0,0,0,1.0,1,1.0,1,1.0,1,0.22107160880566756,49
1139,5,4582,816,3766,0,0,0,1.0,1,1.0,1,1.0,1,0.23539125024718113,49
1140,4,4586,816,3770,0,0,0,1.0,1,1.0,1,1.0,1,0.2576926959785865,49
1141,9,4595,818,3777,0,0,0,1.0,1,1.0,1,1.0,1,0.12181452013790738,48
1142,5,4600,820,3780,0,0,0,1.0,1,1.0,1,1.0,1,0.12079025700675099,48
1143,8,4608,821,3787,0,0,0,1.0,1,1.0,1,1.0,1,0.1133389835634426,48
1144,5,4613,822,3791,0,0,0,1.0,1,1.0,1,1.0,1,0.11316160067586635,48
1145,5,4618,822,3796,0,0,0,1.0,1,1.0,1,1.0,1,0.15054402097991157,48
1146,7,4625,823,3802,0,0,0,1.0,1,1.0,1,1.0,1,0.17572189524360013,48
1147,1,4626,823,3803,0,0,0,1.0,1,1.0,1,1.0,1,0.22162788445423917,46
1148,4,4630,826,3804,0,0,0,1.0,1,1.0,1,1.0,1,0.23318278629230296,46
1149,1,4631,826,3805,0,0,0,1.0,1,1.0,1,1.0,1,0.2726801249132644,45
1150,4,4635,828,3807,0,0,0,1.0,1,1.0,1,1.0,1,0.25874313378244623,46
1151,2,4637,830,3807,0,0,0,1.0,1,1.0,1,1.0,1,0.2968323452313439,44
1152,5,4642,831,3811,0,0,0,1.0,1,1.0,1,1.0,1,0.22987299933722405,44
1153,4,4646,834,3812,0,0,0,1.0,1,1.0,1,1.0,1,0.2518495139611407,43
1154,1,4647,834,3813,0,0,0,1.0,1,1.0,1,1.0,1,0.2608210340879489,43
1155,1,4648,834,3814,0,0,0,1.0,1,1.0,1,1.0,1,0.23437298016574584,43
1156,1,4649,834,3815,0,0,0,1.0,1,1.0,1,1.0,1,0.2392827509534184,42
1157,2,4651,836,3815,0,0,0,1.0,1,1.0,1,1.0,1,0.2558896246989424,42
1158,0,4651,836,3815,0,0,0,1.0,1,1.0,1,1.0,1,0.2416532075480679,41
1159,0,4651,836,3815,0,0,0,1.0,1,1.0,1,1.0,1,0.2439719662081052,41
1160,0,4651,836,3815,0,0,0,1.0,1,1.0,1,1.0,1,0.2439719662081052,41
1161,5,4656,836,3820,0,0,0,1.0,1,1.0,1,1.0,1,0.21745335057443244,42
1162,3,4659,836,3823,0,0,0,1.0,1,1.0,1,1.0,1,0.1675970032189925,43
1163,3,4662,836,3826,0,0,0,1.0,1,1.0,1,1.0,1,0.1758527914907445,43
1164,1,4663,836,3827,0,0,0,1.0,1,1.0,1,1.0,1,0.1791244294630321,44
1165,2,4665,836,3829,0,0,0,1.0,1,1.0,1,1.0,1,0.1791244294630321,44
1166,7,4672,837,3835,0,0,0,1.0,1,1.0,1,1.0,1,0.16419950919428808,46
1167,3,4675,837,3838,0,0,0,1.0,1,1.0,1,1.0,1,0.1536700864631451,46
1168,5,4680,838,3842,0,0,0,1.0,1,1.0,1,1.0,1,0.1386008914272184,47
1169,3,4683,839,3844,0,0,0,1.0,1,1.0,1,1.0,1,0.17024469590123023,46
1170,5,4688,840,3848,0,0,0,1.0,1,1.0,1,1.0,1,0.17975613328268353,48
1171,5,4693,841,3852,0,0,0,1.0,1,1.0,1,1.0,1,0.19190098368390504,49
1172,6,4699,841,3858,0,0,0,1.0,1,1.0,1,1.0,1,0.17667057443944295,49
1173,6,4705,841,3864,0,0,0,1.0,1,1.0,1,1.0,1,0.18105896769586713,49
1174,2,4707,842,3865,0,0,0,1.0,1,1.0,1,1.0,1,0.1927657615125591,49
1175,4,4711,842,3869,0,0,0,1.0,1,1.0,1,1.0,1,0.17727243158348696,50
1176,8,4719,842,3877,0,0,0,1.0,1,1.0,1,1.0,1,0.20190165171765884,52
1177,6,4725,843,3882,0,0,0,1.0,1,1.0,1,1.0,1,0.21800615070599302,52
1178,3,4728,843,3885,0,0,0,1.0,1,1.0,1,1.0,1,0.20740752073705043,52
1179,10,4738,844,3894,0,0,0,1.0,1,1.0,1,1.0,1,0.21239483794136219,53
1180,9,4747,844,3903,0,0,0,1.0,1,1.0,1,1.0,1,0.22838983704336918,54
1181,10,4757,844,3913,0,0,0,1.0,1,1.0,1,1.0,1,0.06889253645783976,55
1182,1,4758,844,3914,0,0,0,1.0,1,1.0,1,1.0,1,0.08470247882008321,55
1183,3,4761,845,3916,0,0,0,1.0,1,1.0,1,1.0,1,0.12635724857444297,53
1184,2,4763,846,3917,0,0,0,1.0,1,1.0,1,1.0,1,0.13873413185343583,54
1185,1,4764,846,3918,0,0,0,1.0,1,1.0,1,1.0,1,0.15902618458662993,53
1186,4,4768,847,3921,0,0,0,1.0,1,1.0,1,1.0,1,0.17822985189370377,54
1187,4,4772,848,3924,0,0,0,1.0,1,1.0,1,1.0,1,0.2125804277977602,55
1188,2,4774,848,3926,0,0,0,1.0,1,1.0,1,1.0,1,0.20873626292223058,55
1189,5,4779,848,3931,0,0,0,1.0,1,1.0,1,1.0,1,0.19495580719107566,54
1190,6,4785,848,3937,0,0,0,1.0,1,1.0,1,1.0,1,0.15311598331836723,55
1191,8,4793,848,3945,0,0,0,1.0,1,1.0,1,1.0,1,0.15430587527481596,54
1192,6,4799,849,3950,0,0,0,1.0,1,1.0,1,1.0,1,0.15329157088636663,52
1193,7,4806,849,3957,0,0,0,1.0,1,1.0,1,1.0,1,0.15415630448927484,53
1194,4,4810,851,3959,0,0,0,1.0,1,1.0,1,1.0,1,0.1745324792598503,53
1195,6,4816,851,3965,0,0,0,1.0,1,1.0,1,1.0,1,0.15690060598975614,54
1196,3,4819,851,3968,0,0,0,1.0,1,1.0,1,1.0,1,0.17262781820556555,56
1197,9,4828,852,3976,0,0,0,1.0,1,1.0,1,1.0,1,0.18015783113607065,56
1198,10,4838,854,3984,0,0,0,1.0,1,1.0,1,1.0,1,0.19615465709610133,58
1199,5,4843,855,3988,0,0,0,1.0,1,1.0,1,1.0,1,0.1827002276454225,58
1200,2,4845,855,3990,0,0,0,1.0,1,1.0,1,1.0,1,0.18752131685358622,58
1201,8,4853,856,3997,0,0,0,1.0,1,1.0,1,1.0,1,0.08011320527788705,58
1202,5,4858,857,4001,0,0,0,1.0,1,1.0,1,1.0,1,0.11031449391432467,60
1203,3,4861,857,4004,0,0,0,1.0,1,1.0,1,1.0,1,0.11712687801124869,58
1204,6,4867,858,4009,0,0,0,1.0,1,1.0,1,1.0,1,0.1423670411697503,59
1205,4,4871,858,4013,0,0,0,1.0,1,1.0,1,1.0,1,0.11404135228690927,59
1206,5,4876,858,4018,0,0,0,1.0,1,1.0,1,1.0,1,0.1251451922408503,58
1207,3,4879,858,4021,0,0,0,1.0,1,1.0,1,1.0,1,0.16148907058536585,60
1208,3,4882,858,4024,0,0,0,1.0,1,1.0,1,1.0,1,0.14882302515601573,60
1209,6,4888,858,4030,0,0,0,1.0,1,1.0,1,1.0,1,0.14619343392261702,61
1210,2,4890,858,4032,0,0,0,1.0,1,1.0,1,1.0,1,0.1574504114699768,61
1211,4,4894,858,4036,0,0,0,1.0,1,1.0,1,1.0,1,0.1457983845636171,63
1212,7,4901,858,4043,0,0,0,1.0,1,1.0,1,1.0,1,0.1272522250293966,63
1213,6,4907,859,4048,0,0,0,1.0,1,1.0,1,1.0,1,0.12340571142855147,63
1214,9,4916,860,4056,0,0,0,1.0,1,1.0,1,1.0,1,0.1578044464850322,62
1215,8,4924,860,4064,0,0,0,1.0,1,1.0,1,1.0,1,0.1652766250274647,63
1216,8,4932,860,4072,0,0,0,1.0,1,1.0,1,1.0,1,0.1620294208739114,64
1217,6,4938,860,4078,0,0,0,1.0,1,1.0,1,1.0,1,0.2019404166852369,65
1218,5,4943,860,4083,0,0,0,1.0,1,1.0,1,1.0,1,0.20655828960992526,64
1219,8,4951,860,4091,0,0,0,1.0,1,1.0,1,1.0,1,0.2239552160174627,65
1220,7,4958,860,4098,0,0,0,1.0,1,1.0,1,1.0,1,0.21595292875966182,64
1221,9,4967,860,4107,0,0,0,1.0,1,1.0,1,1.0,1,0.13199293341100846,65
1222,2,4969,860,4109,0,0,0,1.0,1,1.0,1,1.0,1,0.11547242577186659,66
1223,2,4971,861,4110,0,0,0,1.0,1,1.0,1,1.0,1,0.09649659039266828,64
1224,2,4973,862,4111,0,0,0,1.0,1,1.0,1,1.0,1,0.12009728749688647,66
1225,6,4979,864,4115,0,0,0,1.0,1,1.0,1,1.0,1,0.09340310779084177,66
1226,2,4981,865,4116,0,0,0,1.0,1,1.0,1,1.0,1,0.12362536147580021,68
1227,6,4987,868,4119,0,0,0,1.0,1,1.0,1,1.0,1,0.12279607664078748,64
1228,3,4990,868,4122,0,0,0,1.0,1,1.0,1,1.0,1,0.19251598872982942,62
1229,3,4993,869,4124,0,0,0,1.0,1,1.0,1,1.0,1,0.1453330271147658,61
1230,0,4993,869,4124,0,0,0,1.0,1,1.0,1,1.0,1,0.19335964712560944,58
1231,1,4994,870,4124,0,0,0,1.0,1,1.0,1,1.0,1,0.18150555957422743,57
1232,1,4995,871,4124,0,0,0,1.0,1,1.0,1,1.0,1,0.24113328644754906,53
1233,2,4997,873,4124,0,0,0,1.0,1,1.0,1,1.0,1,0.2487222296591211,53
1234,1,4998,873,4125,0,0,0,1.0,1,1.0,1,1.0,1,0.22332612389218298,54
1235,0,4998,873,4125,0,0,0,1.0,1,1.0,1,1.0,1,0.25670537299432855,55
1236,3,5001,874,4127,0,0,0,1.0,1,1.0,1,1.0,1,0.2601857804450886,55
1237,2,5003,875,4128,0,0,0,1.0,1,1.0,1,1.0,1,0.2844914134191464,55
1238,4,5007,877,4130,0,0,0,1.0,1,1.0,1,1.0,1,0.27624757110810216,54
1239,5,5012,877,4135,0,0,0,1.0,1,1.0,1,1.0,1,0.26928872852519287,55
1240,4,5016,877,4139,0,0,0,1.0,1,1.0,1,1.0,1,0.26928872852519287,55
1241,16,5032,879,4153,0,0,0,1.0,1,1.0,1,1.0,1,0.06646712528310326,54
1242,2,5034,879,4155,0,0,0,1.0,1,1.0,1,1.0,1,0.10984076564662888,54
1243,5,5039,879,4160,0,0,0,1.0,1,1.0,1,1.0,1,0.11233994498432148,55
1244,1,5040,879,4161,0,0,0,1.0,1,1.0,1,1.0,1,0.1485678282087562,55
1245,3,5043,879,4164,0,0,0,1.0,1,1.0,1,1.0,1,0.16130151524440997,55
1246,7,5050,880,4170,0,0,0,1.0,1,1.0,1,1.0,1,0.13897311824002906,55
1247,5,5055,882,4173,0,0,0,1.0,1,1.0,1,1.0,1,0.19507358662785293,57
1248,4,5059,882,4177,0,0,0,1.0,1,1.0,1,1.0,1,0.16733649095404526,56
1249,4,5063,883,4180,0,0,0,1.0,1,1.0,1,1.0,1,0.2049967263163483,56
1250,8,5071,883,4188,0,0,0,1.0,1,1.0,1,1.0,1,0.18283151562450117,56
1251,9,5080,883,4197,0,0,0,1.0,1,1.0,1,1.0,1,0.14924614003285414,58
1252,4,5084,884,4200,0,0,0,1.0,1,1.0,1,1.0,1,0.17928966946905878,58
1253,10,5094,885,4209,0,0,0,1.0,1,1.0,1,1.0,1,0.21399879141997097,58
1254,5,5099,885,4214,0,0,0,1.0,1,1.0,1,1.0,1,0.20245296307071356,60
1255,10,5109,886,4223,0,0,0,1.0,1,1.0,1,1.0,1,0.2094383126104464,61
1256,5,5114,886,4228,0,0,0,1.0,1,1.0,1,1.0,1,0.22029938121460807,61
1257,16,5130,888,4242,0,0,0,1.0,1,1.0,1,1.0,1,0.2564766537186229,62
1258,11,5141,888,4253,0,0,0,1.0,1,1.0,1,1.0,1,0.23156257414443346,63
1259,9,5150,888,4262,0,0,0,1.0,1,1.0,1,1.0,1,0.2352891444024904,63
1260,14,5164,888,4276,0,0,0,1.0,1,1.0,1,1.0,1,0.2434307727362522,63
1261,10,5174,888,4286,0,0,0,1.0,1,1.0,1,1.0,1,0.08619744530857436,63
1262,2,5176,888,4288,0,0,0,1.0,1,1.0,1,1.0,1,0.07142506101385857,64
1263,1,5177,889,4288,0,0,0,1.0,1,1.0,1,1.0,1,0.08514031195090639,63
1264,1,5178,890,4288,0,0,0,1.0,1,1.0,1,1.0,1,0.08998134508669646,63
1265,2,5180,891,4289,0,0,0,1.0,1,1.0,1,1.0,1,0.11143525445537224,60
1266,0,5180,891,4289,0,0,0,1.0,1,1.0,1,1.0,1,0.1052613630882513,61
1267,2,5182,893,4289,0,0,0,1.0,1,1.0,1,1.0,1,0.13561784514826516,58
1268,4,5186,895,4291,0,0,0,1.0,1,1.0,1,1.0,1,0.23447645878447504,54
1269,5,5191,896,4295,0,0,0,1.0,1,1.0,1,1.0,1,0.16757104431040487,54
1270,2,5193,897,4296,0,0,0,1.0,1,1.0,1,1.0,1,0.18148973603664745,51
1271,0,5193,897,4296,0,0,0,1.0,1,1.0,1,1.0,1,0.1854179028496571,50
1272,0,5193,897,4296,0,0,0,1.0,1,1.0,1,1.0,1,0.20528998889767672,47
1273,1,5194,898,4296,0,0,0,1.0,1,1.0,1,1.0,1,0.2087967521315007,47
1274,3,5197,900,4297,0,0,0,1.0,1,1.0,1,1.0,1,0.25059123223817975,49
1275,4,5201,902,4299,0,0,0,1.0,1,1.0,1,1.0,1,0.2828993586902678,48
1276,2,5203,904,4299,0,0,0,1.0,1,1.0,1,1.0,1,0.27387130405885246,49
1277,5,5208,906,4302,0,0,0,1.0,1,1.0,1,1.0,1,0.3062315855233765,50
1278,3,5211,907,4304,0,0,0,1.0,1,1.0,1,1.0,1,0.29648130247904153,51
1279,4,5215,908,4307,0,0,0,1.0,1,1.0,1,1.0,1,0.31702930986083366,51
1280,4,5219,909,4310,0,0,0,1.0,1,1.0,1,1.0,1,0.29177122782218023,52
1281,16,5235,910,4325,0,0,0,1.0,1,1.0,1,1.0,1,0.15391850498347542,52
1282,6,5241,911,4330,0,0,0,1.0,1,1.0,1,1.0,1,0.17200975269548555,52
1283,6,5247,911,4336,0,0,0,1.0,1,1.0,1,1.0,1,0.18963785826876506,52
1284,7,5254,912,4342,0,0,0,1.0,1,1.0,1,1.0,1,0.19776729225867154,52
1285,5,5259,912,4347,0,0,0,1.0,1,1.0,1,1.0,1,0.2120402749169781,51
1286,4,5263,912,4351,0,0,0,1.0,1,1.0,1,1.0,1,0.2231383239157483,52
1287,9,5272,912,4360,0,0,0,1.0,1,1.0,1,1.0,1,0.21440733976903678,54
1288,10,5282,912,4370,0,0,0,1.0,1,1.0,1,1.0,1,0.20494196580661359,55
1289,8,5290,912,4378,0,0,0,1.0,1,1.0,1,1.0,1,0.19236530807347021,56
1290,9,5299,913,4386,0,0,0,1.0,1,1.0,1,1.0,1,0.19833659481850427,57
1291,9,5308,913,4395,0,0,0,1.0,1,1.0,1,1.0,1,0.19640283892434987,58
1292,13,5321,915,4406,0,0,0,1.0,1,1.0,1,1.0,1,0.2164378880909636,59
1293,14,5335,915,4420,0,0,0,1.0,1,1.0,1,1.0,1,0.2164378880909636,59
1294,10,5345,916,4429,0,0,0,1.0,1,1.0,1,1.0,1,0.1712445241451511,59
1295,10,5355,917,4438,0,0,0,1.0,1,1.0,1,1.0,1,0.19961604306016684,59
1296,12,5367,917,4450,0,0,0,1.0,1,1.0,1,1.0,1,0.20396163223836886,59
1297,6,5373,917,4456,0,0,0,1.0,1,1.0,1,1.0,1,0.19728291829580646,61
1298,6,5379,917,4462,0,0,0,1.0,1,1.0,1,1.0,1,0.21240888200435207,61
1299,7,5386,917,4469,0,0,0,1.0,1,1.0,1,1.0,1,0.22217322345623575,60
1300,9,5395,917,4478,0,0,0,1.0,1,1.0,1,1.0,1,0.20189482068461542,59
1301,10,5405,917,4488,0,0,0,1.0,1,1.0,1,1.0,1,0.12559631996396065,59
1302,5,5410,920,4490,0,0,0,1.0,1,1.0,1,1.0,1,0.13261248492093083,59
1303,6,5416,922,4494,0,0,0,1.0,1,1.0,1,1.0,1,0.13654325117618696,55
1304,4,5420,925,4495,0,0,0,1.0,1,1.0,1,1.0,1,0.15228135092200876,56
1305,5,5425,927,4498,0,0,0,1.0,1,1.0,1,1.0,1,0.18483811330412017,54
1306,4,5429,928,4501,0,0,0,1.0,1,1.0,1,1.0,1,0.18250112038341507,53
1307,5,5434,931,4503,0,0,0,1.0,1,1.0,1,1.0,1,0.2480894909619575,52
1308,8,5442,932,4510,0,0,0,1.0,1,1.0,1,1.0,1,0.22195260675357817,52
1309,7,5449,933,4516,0,0,0,1.0,1,1.0,1,1.0,1,0.24682061294063243,54
1310,7,5456,933,4523,0,0,0,1.0,1,1.0,1,1.0,1,0.25324491870093496,52
1311,6,5462,934,4528,0,0,0,1.0,1,1.0,1,1.0,1,0.3034657992576005,51
1312,10,5472,937,4535,0,0,0,1.0,1,1.0,1,1.0,1,0.3108178330844635,49
1313,8,5480,938,4542,0,0,0,1.0,1,1.0,1,1.0,1,0.3050726169090737,47
1314,10,5490,940,4550,0,0,0,1.0,1,1.0,1,1.0,1,0.3061367443968235,46
1315,8,5498,940,4558,0,0,0,1.0,1,1.0,1,1.0,1,0.2693366197247158,45
1316,6,5504,941,4563,0,0,0,1.0,1,1.0,1,1.0,1,0.25091703501475665,46
1317,8,5512,941,4571,0,0,0,1.0,1,1.0,1,1.0,1,0.25027652812188184,45
1318,2,5514,941,4573,0,0,0,1.0,1,1.0,1,1.0,1,0.2519321297030329,46
1319,4,5518,941,4577,0,0,0,1.0,1,1.0,1,1.0,1,0.21154666940367858,46
1320,4,5522,941,4581,0,0,0,1.0,1,1.0,1,1.0,1,0.21154666940367858,46
1321,5,5527,941,4586,0,0,0,1.0,1,1.0,1,1.0,1,0.11359842245300447,48
1322,3,5530,941,4589,0,0,0,1.0,1,1.0,1,1.0,1,0.10801283851436924,49
1323,1,5531,941,4590,0,0,0,1.0,1,1.0,1,1.0,1,0.10284035966855035,49
1324,0,5531,941,4590,0,0,0,1.0,1,1.0,1,1.0,1,0.11858059133431338,50
1325,3,5534,941,4593,0,0,0,1.0,1,1.0,1,1.0,1,0.12868024212547466,49
1326,6,5540,942,4598,0,0,0,1.0,1,1.0,1,1.0,1,0.1294186660810784,50
1327,3,5543,943,4600,0,0,0,1.0,1,1.0,1,1.0,1,0.1742826870098633,50
1328,2,5545,943,4602,0,0,0,1.0,1,1.0,1,1.0,1,0.19621933587454202,49
1329,4,5549,943,4606,0,0,0,1.0,1,1.0,1,1.0,1,0.15860071418891994,50
1330,3,5552,943,4609,0,0,0,1.0,1,1.0,1,1.0,1,0.1498439074301998,50
1331,2,5554,944,4610,0,0,0,1.0,1,1.0,1,1.0,1,0.17082019290938613,50
1332,2,5556,945,4611,0,0,0,1.0,1,1.0,1,1.0,1,0.17282239055024554,51
1333,2,5558,945,4613,0,0,0,1.0,1,1.0,1,1.0,1,0.17104515386582542,52
1334,5,5563,945,4618,0,0,0,1.0,1,1.0,1,1.0,1,0.19798691874733884,54
1335,2,5565,945,4620,0,0,0,1.0,1,1.0,1,1.0,1,0.19908446163312535,54
1336,6,5571,945,4626,0,0,0,1.0,1,1.0,1,1.0,1,0.14381274682130862,56
1337,13,5584,947,4637,0,0,0,1.0,1,1.0,1,1.0,1,0.2029355426136179,57
1338,10,5594,947,4647,0,0,0,1.0,1,1.0,1,1.0,1,0.24881838398799125,57
1339,13,5607,948,4659,0,0,0,1.0,1,1.0,1,1.0,1,0.25177927432942704,58
1340,16,5623,948,4675,0,0,0,1.0,1,1.0,1,1.0,1,0.29154723226765356,59
1341,10,5633,948,4685,0,0,0,1.0,1,1.0,1,1.0,1,0.17240622008197762,57
1342,1,5634,948,4686,0,0,0,1.0,1,1.0,1,1.0,1,0.15411184709770293,57
1343,1,5635,948,4687,0,0,0,1.0,1,1.0,1,1.0,1,0.15911199203695908,55
1344,0,5635,948,4687,0,0,0,1.0,1,1.0,1,1.0,1,0.15242356061048265,54
1345,1,5636,948,4688,0,0,0,1.0,1,1.0,1,1.0,1,0.1458395270257741,53
1346,2,5638,950,4688,0,0,0,1.0,1,1.0,1,1.0,1,0.16050951000763164,53
1347,4,5642,951,4691,0,0,0,1.0,1,1.0,1,1.0,1,0.15221921235956087,51
1348,2,5644,953,4691,0,0,0,1.0,1,1.0,1,1.0,1,0.17690645091348836,52
1349,0,5644,953,4691,0,0,0,1.0,1,1.0,1,1.0,1,0.17647581004233515,50
1350,1,5645,954,4691,0,0,0,1.0,1,1.0,1,1.0,1,0.16925443937558673,51
1351,3,5648,955,4693,0,0,0,1.0,1,1.0,1,1.0,1,0.16985442051423338,50
1352,3,5651,956,4695,0,0,0,1.0,1,1.0,1,1.0,1,0.10949942155203524,50
1353,2,5653,957,4696,0,0,0,1.0,1,1.0,1,1.0,1,0.12657125641617092,50
1354,2,5655,957,4698,0,0,0,1.0,1,1.0,1,1.0,1,0.15506635622052514,51
1355,3,5658,958,4700,0,0,0,1.0,1,1.0,1,1.0,1,0.14435690555151537,53
1356,6,5664,959,4705,0,0,0,1.0,1,1.0,1,1.0,1,0.17015277013267963,52
1357,6,5670,959,4711,0,0,0,1.0,1,1.0,1,1.0,1,0.16826270553281297,52
1358,3,5673,960,4713,0,0,0,1.0,1,1.0,1,1.0,1,0.20086044167968084,53
1359,4,5677,961,4716,0,0,0,1.0,1,1.0,1,1.0,1,0.23754673312663674,54
1360,7,5684,962,4722,0,0,0,1.0,1,1.0,1,1.0,1,0.21709965368239112,55
1361,11,5695,963,4732,0,0,0,1.0,1,1.0,1,1.0,1,0.08714248656278024,55
1362,2,5697,963,4734,0,0,0,1.0,1,1.0,1,1.0,1,0.07023908059778079,56
1363,3,5700,963,4737,0,0,0,1.0,1,1.0,1,1.0,1,0.06754444939686072,56
1364,2,5702,963,4739,0,0,0,1.0,1,1.0,1,1.0,1,0.06000255641548355,55
1365,4,5706,963,4743,0,0,0,1.0,1,1.0,1,1.0,1,0.08788070148906121,56
1366,5,5711,963,4748,0,0,0,1.0,1,1.0,1,1.0,1,0.08319509509520301,57
1367,2,5713,963,4750,0,0,0,1.0,1,1.0,1,1.0,1,0.08488937364328501,57
1368,5,5718,964,4754,0,0,0,1.0,1,1.0,1,1.0,1,0.11341488992443914,58
1369,6,5724,965,4759,0,0,0,1.0,1,1.0,1,1.0,1,0.08255670764929261,59
1370,11,5735,967,4768,0,0,0,1.0,1,1.0,1,1.0,1,0.10569378115268044,60
1371,9,5744,967,4777,0,0,0,1.0,1,1.0,1,1.0,1,0.11458873285855392,59
1372,12,5756,970,4786,0,0,0,1.0,1,1.0,1,1.0,1,0.17408224169233477,59
1373,9,5765,971,4794,0,0,0,1.0,1,1.0,1,1.0,1,0.14892704942416685,59
1374,5,5770,971,4799,0,0,0,1.0,1,1.0,1,1.0,1,0.17771181330596114,59
1375,13,5783,971,4812,0,0,0,1.0,1,1.0,1,1.0,1,0.16842241236791866,62
1376,11,5794,971,4823,0,0,0,1.0,1,1.0,1,1.0,1,0.19435043730306806,61
1377,11,5805,972,4833,0,0,0,1.0,1,1.0,1,1.0,1,0.19028271413046913,63
1378,6,5811,972,4839,0,0,0,1.0,1,1.0,1,1.0,1,0.19839530103499767,62
1379,14,5825,974,4851,0,0,0,1.0,1,1.0,1,1.0,1,0.2740379573159763,61
1380,11,5836,974,4862,0,0,0,1.0,1,1.0,1,1.0,1,0.23258520533701096,60
1381,6,5842,974,4868,0,0,0,1.0,1,1.0,1,1.0,1,0.12726578856475013,58
1382,5,5847,975,4872,0,0,0,1.0,1,1.0,1,1.0,1,0.1551579183765209,56
1383,2,5849,975,4874,0,0,0,1.0,1,1.0,1,1.0,1,0.12776351330584557,57
1384,5,5854,976,4878,0,0,0,1.0,1,1.0,1,1.0,1,0.14029854847864295,55
1385,7,5861,978,4883,0,0,0,1.0,1,1.0,1,1.0,1,0.1454264976999285,55
1386,2,5863,978,4885,0,0,0,1.0,1,1.0,1,1.0,1,0.14644454319282324,54
1387,4,5867,979,4888,0,0,0,1.0,1,1.0,1,1.0,1,0.19773203168106385,53
1388,6,5873,982,4891,0,0,0,1.0,1,1.0,1,1.0,1,0.21811610592837005,52
1389,5,5878,983,4895,0,0,0,1.0,1,1.0,1,1.0,1,0.2353645045664395,52
1390,1,5879,983,4896,0,0,0,1.0,1,1.0,1,1.0,1,0.2341901071909563,51
1391,2,5881,983,4898,0,0,0,1.0,1,1.0,1,1.0,1,0.23364953051126974,52
1392,1,5882,984,4898,0,0,0,1.0,1,1.0,1,1.0,1,0.20658318472833076,51
1393,0,5882,984,4898,0,0,0,1.0,1,1.0,1,1.0,1,0.20658318472833076,51
1394,3,5885,984,4901,0,0,0,1.0,1,1.0,1,1.0,1,0.23553834484629088,52
1395,4,5889,984,4905,0,0,0,1.0,1,1.0,1,1.0,1,0.23553834484629088,52
1396,3,5892,984,4908,0,0,0,1.0,1,1.0,1,1.0,1,0.20301996639140915,53
1397,4,5896,984,4912,0,0,0,1.0,1,1.0,1,1.0,1,0.19902321797794298,56
1398,4,5900,984,4916,0,0,0,1.0,1,1.0,1,1.0,1,0.20115024312584714,56
1399,3,5903,985,4918,0,0,0,1.0,1,1.0,1,1.0,1,0.22316054865731677,57
1400,8,5911,987,4924,0,0,0,1.0,1,1.0,1,1.0,1,0.22716619900770416,57
1401,11,5922,987,4935,0,0,0,1.0,1,1.0,1,1.0,1,0.09848282844762941,57
1402,4,5926,989,4937,0,0,0,1.0,1,1.0,1,1.0,1,0.1360160652880322,57
1403,2,5928,989,4939,0,0,0,1.0,1,1.0,1,1.0,1,0.14941402903619677,56
1404,8,5936,989,4947,0,0,0,1.0,1,1.0,1,1.0,1,0.1490822772703471,58
1405,4,5940,989,4951,0,0,0,1.0,1,1.0,1,1.0,1,0.14443501298766537,58
1406,1,5941,989,4952,0,0,0,1.0,1,1.0,1,1.0,1,0.1377529619381906,58
1407,2,5943,989,4954,0,0,0,1.0,1,1.0,1,1.0,1,0.1503337133490893,57
1408,4,5947,989,4958,0,0,0,1.0,1,1.0,1,1.0,1,0.15531392343349032,58
1409,2,5949,989,4960,0,0,0,1.0,1,1.0,1,1.0,1,0.15471247025272292,57
1410,1,5950,989,4961,0,0,0,1.0,1,1.0,1,1.0,1,0.15413414601763356,57
1411,3,5953,990,4963,0,0,0,1.0,1,1.0,1,1.0,1,0.15958036564059178,56
1412,2,5955,990,4965,0,0,0,1.0,1,1.0,1,1.0,1,0.1789112524251927,55
1413,3,5958,990,4968,0,0,0,1.0,1,1.0,1,1.0,1,0.1824328564579276,57
1414,2,5960,990,4970,0,0,0,1.0,1,1.0,1,1.0,1,0.1824328564579276,57
1415,7,5967,992,4975,0,0,0,1.0,1,1.0,1,1.0,1,0.20111637344158234,60
1416,5,5972,993,4979,0,0,0,1.0,1,1.0,1,1.0,1,0.17904523996058314,61
1417,4,5976,993,4983,0,0,0,1.0,1,1.0,1,1.0,1,0.1715984838277486,59
1418,5,5981,994,4987,0,0,0,1.0,1,1.0,1,1.0,1,0.17628818553589543,60
1419,5,5986,995,4991,0,0,0,1.0,1,1.0,1,1.0,1,0.19241999298742282,59
1420,7,5993,995,4998,0,0,0,1.0,1,1.0,1,1.0,1,0.18362180572624104,58
1421,6,5999,995,5004,0,0,0,1.0,1,1.0,1,1.0,1,0.0925340597874479,57
1422,2,6001,996,5005,0,0,0,1.0,1,1.0,1,1.0,1,0.09661015304610612,57
1423,2,6003,996,5007,0,0,0,1.0,1,1.0,1,1.0,1,0.08164929615520071,56
1424,2,6005,997,5008,0,0,0,1.0,1,1.0,1,1.0,1,0.088166558501643,57
1425,2,6007,999,5008,0,0,0,1.0,1,1.0,1,1.0,1,0.10431400922313001,54
1426,2,6009,1001,5008,0,0,0,1.0,1,1.0,1,1.0,1,0.15121143883974447,54
1427,3,6012,1004,5008,0,0,0,1.0,1,1.0,1,1.0,1,0.22170290597697276,53
1428,1,6013,1005,5008,0,0,0,1.0,1,1.0,1,1.0,1,0.2330188405006243,52
1429,1,6014,1005,5009,0,0,0,1.0,1,1.0,1,1.0,1,0.20880657148504683,52
1430,3,6017,1008,5009,0,0,0,1.0,1,1.0,1,1.0,1,0.2381833392476547,51
1431,2,6019,1008,5011,0,0,0,1.0,1,1.0,1,1.0,1,0.2112792874400659,51
1432,2,6021,1009,5012,0,0,0,1.0,1,1.0,1,1.0,1,0.1946873883669349,52
1433,2,6023,1010,5013,0,0,0,1.0,1,1.0,1,1.0,1,0.20279178162566397,52
1434,5,6028,1012,5016,0,0,0,1.0,1,1.0,1,1.0,1,0.19533440093808013,52
1435,5,6033,1015,5018,0,0,0,1.0,1,1.0,1,1.0,1,0.22811706846335056,50
1436,2,6035,1017,5018,0,0,0,1.0,1,1.0,1,1.0,1,0.26250653532702295,50
1437,1,6036,1018,5018,0,0,0,1.0,1,1.0,1,1.0,1,0.27992051180176947,49
1438,4,6040,1020,5020,0,0,0,1.0,1,1.0,1,1.0,1,0.295798874488006,49
1439,6,6046,1021,5025,0,0,0,1.0,1,1.0,1,1.0,1,0.2913889240803383,50
1440,6,6052,1025,5027,0,0,0,1.0,1,1.0,1,1.0,1,0.2761971633065876,50
1441,9,6061,1025,5036,0,0,0,1.0,1,1.0,1,1.0,1,0.16404556043942517,51
1442,3,6064,1025,5039,0,0,0,1.0,1,1.0,1,1.0,1,0.19199215133620767,50
1443,5,6069,1025,5044,0,0,0,1.0,1,1.0,1,1.0,1,0.18957958063127667,51
1444,4,6073,1025,5048,0,0,0,1.0,1,1.0,1,1.0,1,0.18957958063127667,51
1445,4,6077,1027,5050,0,0,0,1.0,1,1.0,1,1.0,1,0.20758906295078675,51
1446,2,6079,1027,5052,0,0,0,1.0,1,1.0,1,1.0,1,0.22337478317297035,51
1447,3,6082,1027,5055,0,0,0,1.0,1,1.0,1,1.0,1,0.2131961288308904,51
1448,3,6085,1028,5057,0,0,0,1.0,1,1.0,1,1.0,1,0.2073838144936825,51
1449,3,6088,1029,5059,0,0,0,1.0,1,1.0,1,1.0,1,0.17385269519677704,51
1450,2,6090,1029,5061,0,0,0,1.0,1,1.0,1,1.0,1,0.1648322094582482,52
1451,5,6095,1029,5066,0,0,0,1.0,1,1.0,1,1.0,1,0.1227818987606745,54
1452,3,6098,1029,5069,0,0,0,1.0,1,1.0,1,1.0,1,0.13755269278052254,56
1453,4,6102,1031,5071,0,0,0,1.0,1,1.0,1,1.0,1,0.151850771025316,56
1454,10,6112,1032,5080,0,0,0,1.0,1,1.0,1,1.0,1,0.17287714055314934,58
1455,9,6121,1034,5087,0,0,0,1.0,1,1.0,1,1.0,1,0.2211216693706301,55
1456,5,6126,1034,5092,0,0,0,1.0,1,1.0,1,1.0,1,0.23392901516260683,56
1457,14,6140,1035,5105,0,0,0,1.0,1,1.0,1,1.0,1,0.27389621191753244,54
1458,10,6150,1037,5113,0,0,0,1.0,1,1.0,1,1.0,1,0.2520674968375919,52
1459,8,6158,1038,5120,0,0,0,1.0,1,1.0,1,1.0,1,0.25434509473440586,52
1460,6,6164,1039,5125,0,0,0,1.0,1,1.0,1,1.0,1,0.21716542943649533,50
1461,8,6172,1041,5131,0,0,0,1.0,1,1.0,1,1.0,1,0.1666077537111702,53
1462,3,6175,1043,5132,0,0,0,1.0,1,1.0,1,1.0,1,0.16889451528365243,51
1463,2,6177,1044,5133,0,0,0,1.0,1,1.0,1,1.0,1,0.20314219092422683,51
1464,2,6179,1046,5133,0,0,0,1.0,1,1.0,1,1.0,1,0.1975562016083735,51
1465,1,6180,1047,5133,0,0,0,1.0,1,1.0,1,1.0,1,0.22598233980501023,49
1466,4,6184,1049,5135,0,0,0,1.0,1,1.0,1,1.0,1,0.2525737627184976,49
1467,6,6190,1052,5138,0,0,0,1.0,1,1.0,1,1.0,1,0.2819844748130182,47
1468,3,6193,1054,5139,0,0,0,1.0,1,1.0,1,1.0,1,0.2845691309940291,48
1469,2,6195,1054,5141,0,0,0,1.0,1,1.0,1,1.0,1,0.2915166054603761,47
1470,5,6200,1055,5145,0,0,0,1.0,1,1.0,1,1.0,1,0.27543282691302756,49
1471,5,6205,1055,5150,0,0,0,1.0,1,1.0,1,1.0,1,0.27879906397864174,48
1472,4,6209,1055,5154,0,0,0,1.0,1,1.0,1,1.0,1,0.23139336443784206,48
1473,1,6210,1055,5155,0,0,0,1.0,1,1.0,1,1.0,1,0.2333680524101067,49
1474,0,6210,1055,5155,0,0,0,1.0,1,1.0,1,1.0,1,0.2333680524101067,49
1475,1,6211,1055,5156,0,0,0,1.0,1,1.0,1,1.0,1,0.2168859506151613,49
1476,4,6215,1056,5159,0,0,0,1.0,1,1.0,1,1.0,1,0.20769754142860966,51
1477,0,6215,1056,5159,0,0,0,1.0,1,1.0,1,1.0,1,0.20769754142860966,51
1478,1,6216,1056,5160,0,0,0,1.0,1,1.0,1,1.0,1,0.1768865098751355,52
1479,0,6216,1056,5160,0,0,0,1.0,1,1.0,1,1.0,1,0.1905740703167866,53
1480,1,6217,1057,5160,0,0,0,1.0,1,1.0,1,1.0,1,0.20745640805811277,53
1481,10,6227,1057,5170,0,0,0,1.0,1,1.0,1,1.0,1,0.1539571397140377,53
1482,6,6233,1058,5175,0,0,0,1.0,1,1.0,1,1.0,1,0.13242626640123847,52
1483,8,6241,1058,5183,0,0,0,1.0,1,1.0,1,1.0,1,0.13260642938492434,52
1484,3,6244,1058,5186,0,0,0,1.0,1,1.0,1,1.0,1,0.21546251398156144,53
1485,6,6250,1058,5192,0,0,0,1.0,1,1.0,1,1.0,1,0.16207488479823812,53
1486,6,6256,1058,5198,0,0,0,1.0,1,1.0,1,1.0,1,0.20402450353035498,54
1487,8,6264,1059,5205,0,0,0,1.0,1,1.0,1,1.0,1,0.16715731697122985,55
1488,5,6269,1059,5210,0,0,0,1.0,1,1.0,1,1.0,1,0.2229791186764116,57
1489,10,6279,1062,5217,0,0,0,1.0,1,1.0,1,1.0,1,0.21652152996846313,58
1490,4,6283,1062,5221,0,0,0,1.0,1,1.0,1,1.0,1,0.18298003378457345,58
1491,14,6297,1064,5233,0,0,0,1.0,1,1.0,1,1.0,1,0.21772305327387262,59
1492,15,6312,1064,5248,0,0,0,1.0,1,1.0,1,1.0,1,0.19656206707560026,59
1493,7,6319,1065,5254,0,0,0,1.0,1,1.0,1,1.0,1,0.2427538724501247,58
1494,11,6330,1066,5264,0,0,0,1.0,1,1.0,1,1.0,1,0.1783011401189713,58
1495,15,6345,1067,5278,0,0,0,1.0,1,1.0,1,1.0,1,0.19534598631011543,57
1496,10,6355,1067,5288,0,0,0,1.0,1,1.0,1,1.0,1,0.22057237152287507,59
1497,12,6367,1068,5299,0,0,0,1.0,1,1.0,1,1.0,1,0.29974499436644114,58
1498,15,6382,1069,5313,0,0,0,1.0,1,1.0,1,1.0,1,0.28163234817140903,58
1499,9,6391,1069,5322,0,0,0,1.0,1,1.0,1,1.0,1,0.273183548338923,56
1500,15,6406,1070,5336,0,0,0,1.0,1,1.0,1,1.0,1,0.2528920244256877,57
1501,11,6417,1070,5347,0,0,0,1.0,1,1.0,1,1.0,1,0.10171076507808065,55
1502,2,6419,1071,5348,0,0,0,1.0,1,1.0,1,1.0,1,0.10623796334660565,55
1503,5,6424,1072,5352,0,0,0,1.0,1,1.0,1,1.0,1,0.09688515360176157,54
1504,1,6425,1072,5353,0,0,0,1.0,1,1.0,1,1.0,1,0.07826560507977073,55
1505,1,6426,1072,5354,0,0,0,1.0,1,1.0,1,1.0,1,0.10137302169259459,53
1506,5,6431,1073,5358,0,0,0,1.0,1,1.0,1,1.0,1,0.09427113541132756,55
1507,5,6436,1075,5361,0,0,0,1.0,1,1.0,1,1.0,1,0.09010728146714025,53
1508,4,6440,1078,5362,0,0,0,1.0,1,1.0,1,1.0,1,0.10202840142438785,53
1509,3,6443,1078,5365,0,0,0,1.0,1,1.0,1,1.0,1,0.09947454785244773,52
1510,1,6444,1079,5365,0,0,0,1.0,1,1.0,1,1.0,1,0.1165096464556049,50
1511,1,6445,1079,5366,0,0,0,1.0,1,1.0,1,1.0,1,0.16780157878844848,49
1512,5,6450,1081,5369,0,0,0,1.0,1,1.0,1,1.0,1,0.18305715739463274,48
1513,1,6451,1082,5369,0,0,0,1.0,1,1.0,1,1.0,1,0.2228446041900901,47
1514,0,6451,1082,5369,0,0,0,1.0,1,1.0,1,1.0,1,0.21366266684934973,48
1515,1,6452,1083,5369,0,0,0,1.0,1,1.0,1,1.0,1,0.2101121290296725,48
1516,3,6455,1083,5372,0,0,0,1.0,1,1.0,1,1.0,1,0.23126514320435704,47
1517,2,6457,1083,5374,0,0,0,1.0,1,1.0,1,1.0,1,0.24739390436216643,48
1518,0,6457,1083,5374,0,0,0,1.0,1,1.0,1,1.0,1,0.24739390436216643,48
1519,0,6457,1083,5374,0,0,0,1.0,1,1.0,1,1.0,1,0.2455225397960496,47
1520,4,6461,1085,5376,0,0,0,1.0,1,1.0,1,1.0,1,0.2569433417308096,48
1521,7,6468,1085,5383,0,0,0,1.0,1,1.0,1,1.0,1,0.16880311596164735,49
1522,6,6474,1086,5388,0,0,0,1.0,1,1.0,1,1.0,1,0.1717553479037758,48
1523,5,6479,1086,5393,0,0,0,1.0,1,1.0,1,1.0,1,0.15943391978752833,49
1524,4,6483,1086,5397,0,0,0,1.0,1,1.0,1,1.0,1,0.14869153471364072,49
1525,10,6493,1087,5406,0,0,0,1.0,1,1.0,1,1.0,1,0.1641724322966043,51
1526,4,6497,1087,5410,0,0,0,1.0,1,1.0,1,1.0,1,0.17648208141700727,52
1527,11,6508,1088,5420,0,0,0,1.0,1,1.0,1,1.0,1,0.18734018493340354,54
1528,10,6518,1088,5430,0,0,0,1.0,1,1.0,1,1.0,1,0.17369996682717925,54
1529,4,6522,1088,5434,0,0,0,1.0,1,1.0,1,1.0,1,0.1642193108078682,54
1530,6,6528,1088,5440,0,0,0,1.0,1,1.0,1,1.0,1,0.1950388024843237,54
1531,10,6538,1088,5450,0,0,0,1.0,1,1.0,1,1.0,1,0.19298582986293225,54
1532,7,6545,1090,5455,0,0,0,1.0,1,1.0,1,1.0,1,0.23662232088023988,54
1533,6,6551,1090,5461,0,0,0,1.0,1,1.0,1,1.0,1,0.21382167013864037,54
1534,11,6562,1090,5472,0,0,0,1.0,1,1.0,1,1.0,1,0.22822400710488353,54
1535,5,6567,1091,5476,0,0,0,1.0,1,1.0,1,1.0,1,0.22465509886658488,54
1536,6,6573,1092,5481,0,0,0,1.0,1,1.0,1,1.0,1,0.23215089918302514,55
1537,4,6577,1092,5485,0,0,0,1.0,1,1.0,1,1.0,1,0.24669752210819018,53
1538,4,6581,1092,5489,0,0,0,1.0,1,1.0,1,1.0,1,0.25479876157863035,54
1539,5,6586,1092,5494,0,0,0,1.0,1,1.0,1,1.0,1,0.2336476968888315,54
1540,8,6594,1092,5502,0,0,0,1.0,1,1.0,1,1.0,1,0.21802936422414682,54
1541,12,6606,1092,5514,0,0,0,1.0,1,1.0,1,1.0,1,0.10991613048523964,54
1542,6,6612,1093,5519,0,0,0,1.0,1,1.0,1,1.0,1,0.11350982047194261,57
1543,4,6616,1094,5522,0,0,0,1.0,1,1.0,1,1.0,1,0.15282349225216926,55
1544,8,6624,1097,5527,0,0,0,1.0,1,1.0,1,1.0,1,0.1550005623731186,54
1545,7,6631,1098,5533,0,0,0,1.0,1,1.0,1,1.0,1,0.18050821290242908,54
1546,8,6639,1098,5541,0,0,0,1.0,1,1.0,1,1.0,1,0.14888075482232374,53
1547,7,6646,1098,5548,0,0,0,1.0,1,1.0,1,1.0,1,0.1330526212434499,53
1548,8,6654,1100,5554,0,0,0,1.0,1,1.0,1,1.0,1,0.1379228214923597,54
1549,5,6659,1100,5559,0,0,0,1.0,1,1.0,1,1.0,1,0.13422017482096232,52
1550,5,6664,1102,5562,0,0,0,1.0,1,1.0,1,1.0,1,0.1465694167385642,52
1551,8,6672,1105,5567,0,0,0,1.0,1,1.0,1,1.0,1,0.15877995617436222,52
1552,7,6679,1109,5570,0,0,0,1.0,1,1.0,1,1.0,1,0.17444873335773323,51
1553,7,6686,1111,5575,0,0,0,1.0,1,1.0,1,1.0,1,0.2454409209288324,51
1554,12,6698,1113,5585,0,0,0,1.0,1,1.0,1,1.0,1,0.2188478392448683,51
1555,6,6704,1115,5589,0,0,0,1.0,1,1.0,1,1.0,1,0.2239318264531723,50
1556,5,6709,1115,5594,0,0,0,1.0,1,1.0,1,1.0,1,0.2572644394335123,51
1557,7,6716,1117,5599,0,0,0,1.0,1,1.0,1,1.0,1,0.2454464072180357,51
1558,7,6723,1118,5605,0,0,0,1.0,1,1.0,1,1.0,1,0.2809643144022902,52
1559,7,6730,1119,5611,0,0,0,1.0,1,1.0,1,1.0,1,0.2704164937613941,53
1560,6,6736,1119,5617,0,0,0,1.0,1,1.0,1,1.0,1,0.2812771856416356,51
1561,9,6745,1119,5626,0,0,0,1.0,1,1.0,1,1.0,1,0.1936713939120495,51
1562,8,6753,1119,5634,0,0,0,1.0,1,1.0,1,1.0,1,0.13803516140117464,52
1563,8,6761,1120,5641,0,0,0,1.0,1,1.0,1,1.0,1,0.16598898552347968,52
1564,6,6767,1120,5647,0,0,0,1.0,1,1.0,1,1.0,1,0.1734689736304551,51
1565,6,6773,1120,5653,0,0,0,1.0,1,1.0,1,1.0,1,0.20349473334911367,53
1566,6,6779,1120,5659,0,0,0,1.0,1,1.0,1,1.0,1,0.21627680616071185,53
1567,7,6786,1121,5665,0,0,0,1.0,1,1.0,1,1.0,1,0.20234900275650927,52
1568,5,6791,1121,5670,0,0,0,1.0,1,1.0,1,1.0,1,0.17940929641605813,52
1569,5,6796,1121,5675,0,0,0,1.0,1,1.0,1,1.0,1,0.1559205766096287,49
1570,6,6802,1122,5680,0,0,0,1.0,1,1.0,1,1.0,1,0.18084515174786123,48
1571,7,6809,1122,5687,0,0,0,1.0,1,1.0,1,1.0,1,0.21036524427294506,46
1572,8,6817,1124,5693,0,0,0,1.0,1,1.0,1,1.0,1,0.16647062624927036,47
1573,6,6823,1124,5699,0,0,0,1.0,1,1.0,1,1.0,1,0.22050977764413274,48
1574,8,6831,1125,5706,0,0,0,1.0,1,1.0,1,1.0,1,0.24691164382526085,46
1575,8,6839,1127,5712,0,0,0,1.0,1,1.0,1,1.0,1,0.27768098532955693,47
1576,5,6844,1129,5715,0,0,0,1.0,1,1.0,1,1.0,1,0.2686668243722685,46
1577,5,6849,1130,5719,0,0,0,1.0,1,1.0,1,1.0,1,0.27905421788445545,45
1578,8,6857,1130,5727,0,0,0,1.0,1,1.0,1,1.0,1,0.22629147538960304,44
1579,3,6860,1130,5730,0,0,0,1.0,1,1.0,1,1.0,1,0.3149380956128094,43
1580,3,6863,1130,5733,0,0,0,1.0,1,1.0,1,1.0,1,0.2563952895436473,43
1581,8,6871,1130,5741,0,0,0,1.0,1,1.0,1,1.0,1,0.1869435618568054,42
1582,2,6873,1131,5742,0,0,0,1.0,1,1.0,1,1.0,1,0.20491067268295063,42
1583,6,6879,1132,5747,0,0,0,1.0,1,1.0,1,1.0,1,0.18292309511004784,43
1584,3,6882,1134,5748,0,0,0,1.0,1,1.0,1,1.0,1,0.1921999480146146,41
1585,5,6887,1136,5751,0,0,0,1.0,1,1.0,1,1.0,1,0.18657969206147854,43
1586,2,6889,1137,5752,0,0,0,1.0,1,1.0,1,1.0,1,0.1625033432228517,42
1587,4,6893,1138,5755,0,0,0,1.0,1,1.0,1,1.0,1,0.15337624201159414,42
1588,7,6900,1141,5759,0,0,0,1.0,1,1.0,1,1.0,1,0.18112584773951035,42
1589,2,6902,1141,5761,0,0,0,1.0,1,1.0,1,1.0,1,0.18845106557680816,42
1590,2,6904,1141,5763,0,0,0,1.0,1,1.0,1,1.0,1,0.23593719288682463,41
1591,3,6907,1142,5765,0,0,0,1.0,1,1.0,1,1.0,1,0.23328434923301258,40
1592,5,6912,1143,5769,0,0,0,1.0,1,1.0,1,1.0,1,0.24180240457528077,39
1593,5,6917,1145,5772,0,0,0,1.0,1,1.0,1,1.0,1,0.286330649567276,39
1594,2,6919,1145,5774,0,0,0,1.0,1,1.0,1,1.0,1,0.28410860156774087,39
1595,5,6924,1145,5779,0,0,0,1.0,1,1.0,1,1.0,1,0.2754680357704247,42
1596,2,6926,1145,5781,0,0,0,1.0,1,1.0,1,1.0,1,0.292920188050147,41
1597,1,6927,1145,5782,0,0,0,1.0,1,1.0,1,1.0,1,0.2899976819785718,41
1598,3,6930,1146,5784,0,0,0,1.0,1,1.0,1,1.0,1,0.319742210199416,39
1599,5,6935,1146,5789,0,0,0,1.0,1,1.0,1,1.0,1,0.3571981152131475,39
1600,5,6940,1148,5792,0,0,0,1.0,1,1.0,1,1.0,1,0.2621874536507538,40
1601,12,6952,1150,5802,0,0,0,1.0,1,1.0,1,1.0,1,0.1767289421645115,41
1602,5,6957,1150,5807,0,0,0,1.0,1,1.0,1,1.0,1,0.15335314147874554,41
1603,8,6965,1151,5814,0,0,0,1.0,1,1.0,1,1.0,1,0.11956718209888827,43
1604,6,6971,1152,5819,0,0,0,1.0,1,1.0,1,1.0,1,0.1404284043849471,43
1605,3,6974,1153,5821,0,0,0,1.0,1,1.0,1,1.0,1,0.17965088270439464,44
1606,5,6979,1153,5826,0,0,0,1.0,1,1.0,1,1.0,1,0.18786680058176536,44
1607,5,6984,1154,5830,0,0,0,1.0,1,1.0,1,1.0,1,0.13418406263259353,42
1608,3,6987,1156,5831,0,0,0,1.0,1,1.0,1,1.0,1,0.15897904213682476,41
1609,1,6988,1156,5832,0,0,0,1.0,1,1.0,1,1.0,1,0.11917815643134949,39
1610,2,6990,1157,5833,0,0,0,1.0,1,1.0,1,1.0,1,0.17601121410135523,39
1611,4,6994,1157,5837,0,0,0,1.0,1,1.0,1,1.0,1,0.15210311370757593,40
1612,6,7000,1157,5843,0,0,0,1.0,1,1.0,1,1.0,1,0.1392622836370792,39
1613,3,7003,1158,5845,0,0,0,1.0,1,1.0,1,1.0,1,0.165992536512149,41
1614,6,7009,1158,5851,0,0,0,1.0,1,1.0,1,1.0,1,0.1542319004645675,41
1615,6,7015,1158,5857,0,0,0,1.0,1,1.0,1,1.0,1,0.1542319004645675,41
1616,5,7020,1158,5862,0,0,0,1.0,1,1.0,1,1.0,1,0.18399086326280045,43
1617,6,7026,1159,5867,0,0,0,1.0,1,1.0,1,1.0,1,0.21229412301329628,44
1618,7,7033,1160,5873,0,0,0,1.0,1,1.0,1,1.0,1,0.17453810583211227,44
1619,8,7041,1162,5879,0,0,0,1.0,1,1.0,1,1.0,1,0.20517208393184724,44
1620,8,7049,1162,5887,0,0,0,1.0,1,1.0,1,1.0,1,0.22641382365225113,45
1621,5,7054,1162,5892,0,0,0,1.0,1,1.0,1,1.0,1,0.18984963971269403,44
1622,7,7061,1164,5897,0,0,0,1.0,1,1.0,1,1.0,1,0.19235012055308198,44
1623,4,7065,1164,5901,0,0,0,1.0,1,1.0,1,1.0,1,0.1989200004941065,43
1624,3,7068,1165,5903,0,0,0,1.0,1,1.0,1,1.0,1,0.1830545155271318,43
1625,5,7073,1166,5907,0,0,0,1.0,1,1.0,1,1.0,1,0.1595687008932458,43
1626,8,7081,1168,5913,0,0,0,1.0,1,1.0,1,1.0,1,0.1870420122457256,42
1627,6,7087,1169,5918,0,0,0,1.0,1,1.0,1,1.0,1,0.18758981342224623,42
1628,9,7096,1171,5925,0,0,0,1.0,1,1.0,1,1.0,1,0.2036816316528458,42
1629,8,7104,1173,5931,0,0,0,1.0,1,1.0,1,1.0,1,0.19866214570344726,41
1630,5,7109,1174,5935,0,0,0,1.0,1,1.0,1,1.0,1,0.19908423914584153,41
1631,4,7113,1175,5938,0,0,0,1.0,1,1.0,1,1.0,1,0.23181744393084425,40
1632,6,7119,1175,5944,0,0,0,1.0,1,1.0,1,1.0,1,0.20780782258199157,39
1633,5,7124,1176,5948,0,0,0,1.0,1,1.0,1,1.0,1,0.23687463646247747,39
1634,4,7128,1176,5952,0,0,0,1.0,1,1.0,1,1.0,1,0.1936569500003764,39
1635,3,7131,1176,5955,0,0,0,1.0,1,1.0,1,1.0,1,0.20711955851385883,40
1636,6,7137,1177,5960,0,0,0,1.0,1,1.0,1,1.0,1,0.20245665650824912,41
1637,5,7142,1178,5964,0,0,0,1.0,1,1.0,1,1.0,1,0.19123785237274715,41
1638,7,7149,1180,5969,0,0,0,1.0,1,1.0,1,1.0,1,0.1772866776341783,42
1639,3,7152,1181,5971,0,0,0,1.0,1,1.0,1,1.0,1,0.19052838932871113,43
1640,3,7155,1181,5974,0,0,0,1.0,1,1.0,1,1.0,1,0.17673176805288293,43
1641,5,7160,1181,5979,0,0,0,1.0,1,1.0,1,1.0,1,0.07620474064480064,44
1642,4,7164,1183,5981,0,0,0,1.0,1,1.0,1,1.0,1,0.10672366105224257,45
1643,0,7164,1183,5981,0,0,0,1.0,1,1.0,1,1.0,1,0.11850763195841138,44
1644,4,7168,1186,5982,0,0,0,1.0,1,1.0,1,1.0,1,0.17529030636997403,45
1645,5,7173,1187,5986,0,0,0,1.0,1,1.0,1,1.0,1,0.13730735276183695,44
1646,3,7176,1188,5988,0,0,0,1.0,1,1.0,1,1.0,1,0.133328723937719,43
1647,2,7178,1188,5990,0,0,0,1.0,1,1.0,1,1.0,1,0.14930731377116863,43
1648,1,7179,1188,5991,0,0,0,1.0,1,1.0,1,1.0,1,0.19221161114813784,42
1649,4,7183,1188,5995,0,0,0,1.0,1,1.0,1,1.0,1,0.22562646826131377,41
1650,2,7185,1188,5997,0,0,0,1.0,1,1.0,1,1.0,1,0.1619791416238902,41
1651,5,7190,1189,6001,0,0,0,1.0,1,1.0,1,1.0,1,0.18285099847164724,40
1652,2,7192,1189,6003,0,0,0,1.0,1,1.0,1,1.0,1,0.2519943026941827,39
1653,5,7197,1189,6008,0,0,0,1.0,1,1.0,1,1.0,1,0.24490435900039603,39
1654,2,7199,1190,6009,0,0,0,1.0,1,1.0,1,1.0,1,0.2664706402593701,39
1655,10,7209,1192,6017,0,0,0,1.0,1,1.0,1,1.0,1,0.25216512043901324,40
1656,5,7214,1192,6022,0,0,0,1.0,1,1.0,1,1.0,1,0.30189138633417134,40
1657,7,7221,1193,6028,0,0,0,1.0,1,1.0,1,1.0,1,0.2534588777690784,40
1658,6,7227,1193,6034,0,0,0,1.0,1,1.0,1,1.0,1,0.23602497578478915,40
1659,3,7230,1194,6036,0,0,0,1.0,1,1.0,1,1.0,1,0.20760886320965175,40
1660,7,7237,1195,6042,0,0,0,1.0,1,1.0,1,1.0,1,0.20137999025398864,41
1661,2,7239,1196,6043,0,0,0,1.0,1,1.0,1,1.0,1,0.14624550139691117,42
1662,2,7241,1197,6044,0,0,0,1.0,1,1.0,1,1.0,1,0.19503022033562087,44
1663,4,7245,1198,6047,0,0,0,1.0,1,1.0,1,1.0,1,0.18253258040503864,43
1664,3,7248,1199,6049,0,0,0,1.0,1,1.0,1,1.0,1,0.19292907936397502,42
1665,2,7250,1199,6051,0,0,0,1.0,1,1.0,1,1.0,1,0.1865357836631712,42
1666,7,7257,1202,6055,0,0,0,1.0,1,1.0,1,1.0,1,0.19955686598227032,43
1667,4,7261,1204,6057,0,0,0,1.0,1,1.0,1,1.0,1,0.20170327300764482,40
1668,5,7266,1205,6061,0,0,0,1.0,1,1.0,1,1.0,1,0.2274965013443988,40
1669,4,7270,1207,6063,0,0,0,1.0,1,1.0,1,1.0,1,0.209373642201313,40
1670,1,7271,1208,6063,0,0,0,1.0,1,1.0,1,1.0,1,0.21391546652595597,39
1671,1,7272,1209,6063,0,0,0,1.0,1,1.0,1,1.0,1,0.2134125919425688,39
1672,2,7274,1210,6064,0,0,0,1.0,1,1.0,1,1.0,1,0.25444470075839504,38
1673,1,7275,1211,6064,0,0,0,1.0,1,1.0,1,1.0,1,0.25547200515354757,38
1674,0,7275,1211,6064,0,0,0,1.0,1,1.0,1,1.0,1,0.2659932138251165,38
1675,1,7276,1212,6064,0,0,0,1.0,1,1.0,1,1.0,1,0.2613161394022712,39
1676,1,7277,1212,6065,0,0,0,1.0,1,1.0,1,1.0,1,0.26145906560060056,39
1677,0,7277,1212,6065,0,0,0,1.0,1,1.0,1,1.0,1,0.24805662245362378,40
1678,0,7277,1212,6065,0,0,0,1.0,1,1.0,1,1.0,1,0.2698368712632997,39
1679,0,7277,1212,6065,0,0,0,1.0,1,1.0,1,1.0,1,0.2698368712632997,39
1680,2,7279,1212,6067,0,0,0,1.0,1,1.0,1,1.0,1,0.23907536229538276,40
1681,3,7282,1213,6069,0,0,0,1.0,1,1.0,1,1.0,1,0.15908009511090668,41
1682,0,7282,1213,6069,0,0,0,1.0,1,1.0,1,1.0,1,0.14254799401477913,40
1683,5,7287,1214,6073,0,0,0,1.0,1,1.0,1,1.0,1,0.14541004705019883,43
1684,1,7288,1215,6073,0,0,0,1.0,1,1.0,1,1.0,1,0.17335710707970453,42
1685,2,7290,1216,6074,0,0,0,1.0,1,1.0,1,1.0,1,0.15605696786817075,41
1686,4,7294,1217,6077,0,0,0,1.0,1,1.0,1,1.0,1,0.22003521528683,39
1687,7,7301,1220,6081,0,0,0,1.0,1,1.0,1,1.0,1,0.2658439216547043,41
1688,5,7306,1222,6084,0,0,0,1.0,1,1.0,1,1.0,1,0.18596312056015477,39
1689,8,7314,1224,6090,0,0,0,1.0,1,1.0,1,1.0,1,0.23752267488575604,37
1690,5,7319,1224,6095,0,0,0,1.0,1,1.0,1,1.0,1,0.23715632773091033,36
1691,9,7328,1225,6103,0,0,0,1.0,1,1.0,1,1.0,1,0.20692388559781028,36
1692,7,7335,1225,6110,0,0,0,1.0,1,1.0,1,1.0,1,0.27487609129649027,34
1693,5,7340,1226,6114,0,0,0,1.0,1,1.0,1,1.0,1,0.3371005507884643,33
1694,9,7349,1226,6123,0,0,0,1.0,1,1.0,1,1.0,1,0.34412204685882075,32
1695,8,7357,1226,6131,0,0,0,1.0,1,1.0,1,1.0,1,0.3133489329680163,32
1696,10,7367,1226,6141,0,0,0,1.0,1,1.0,1,1.0,1,0.3314283633156601,34
1697,5,7372,1226,6146,0,0,0,1.0,1,1.0,1,1.0,1,0.321706183732538,34
1698,9,7381,1227,6154,0,0,0,1.0,1,1.0,1,1.0,1,0.31325092338903565,36
1699,6,7387,1228,6159,0,0,0,1.0,1,1.0,1,1.0,1,0.3331871578521224,36
1700,5,7392,1228,6164,0,0,0,1.0,1,1.0,1,1.0,1,0.3250122335964583,37
1701,8,7400,1228,6172,0,0,0,1.0,1,1.0,1,1.0,1,0.18782504288805,39
1702,4,7404,1230,6174,0,0,0,1.0,1,1.0,1,1.0,1,0.14686180811663338,39
1703,0,7404,1230,6174,0,0,0,1.0,1,1.0,1,1.0,1,0.13581330975557074,38
1704,2,7406,1231,6175,0,0,0,1.0,1,1.0,1,1.0,1,0.13234378887881096,38
1705,0,7406,1231,6175,0,0,0,1.0,1,1.0,1,1.0,1,0.1658591451703308,37
1706,3,7409,1234,6175,0,0,0,1.0,1,1.0,1,1.0,1,0.13083707251369134,37
1707,2,7411,1236,6175,0,0,0,1.0,1,1.0,1,1.0,1,0.11154380702831249,36
1708,3,7414,1236,6178,0,0,0,1.0,1,1.0,1,1.0,1,0.17878927941712727,34
1709,3,7417,1238,6179,0,0,0,1.0,1,1.0,1,1.0,1,0.11444657644323433,34
1710,4,7421,1238,6183,0,0,0,1.0,1,1.0,1,1.0,1,0.1997518121446185,33
1711,7,7428,1240,6188,0,0,0,1.0,1,1.0,1,1.0,1,0.22722883913375894,32
1712,6,7434,1241,6193,0,0,0,1.0,1,1.0,1,1.0,1,0.26834583005885604,31
1713,3,7437,1241,6196,0,0,0,1.0,1,1.0,1,1.0,1,0.2899260972863436,32
1714,4,7441,1241,6200,0,0,0,1.0,1,1.0,1,1.0,1,0.28149418274959376,32
1715,2,7443,1241,6202,0,0,0,1.0,1,1.0,1,1.0,1,0.28149418274959376,32
1716,3,7446,1242,6204,0,0,0,1.0,1,1.0,1,1.0,1,0.29990821487875474,34
1717,4,7450,1243,6207,0,0,0,1.0,1,1.0,1,1.0,1,0.29947114459533614,34
1718,4,7454,1243,6211,0,0,0,1.0,1,1.0,1,1.0,1,0.3173991402047306,34
1719,4,7458,1243,6215,0,0,0,1.0,1,1.0,1,1.0,1,0.31329052954337333,34
1720,3,7461,1243,6218,0,0,0,1.0,1,1.0,1,1.0,1,0.31576633864726567,34
1721,6,7467,1243,6224,0,0,0,1.0,1,1.0,1,1.0,1,0.20987881021243937,35
1722,1,7468,1243,6225,0,0,0,1.0,1,1.0,1,1.0,1,0.19888403584034914,35
1723,0,7468,1243,6225,0,0,0,1.0,1,1.0,1,1.0,1,0.21092931719217556,34
1724,1,7469,1243,6226,0,0,0,1.0,1,1.0,1,1.0,1,0.18516025886193901,33
1725,1,7470,1244,6226,0,0,0,1.0,1,1.0,1,1.0,1,0.16320075215421126,35
1726,0,7470,1244,6226,0,0,0,1.0,1,1.0,1,1.0,1,0.18318900751636272,34
1727,1,7471,1245,6226,0,0,0,1.0,1,1.0,1,1.0,1,0.23235517134272723,34
1728,1,7472,1245,6227,0,0,0,1.0,1,1.0,1,1.0,1,0.2110805985195271,35
1729,2,7474,1246,6228,0,0,0,1.0,1,1.0,1,1.0,1,0.2143288729230572,35
1730,1,7475,1247,6228,0,0,0,1.0,1,1.0,1,1.0,1,0.24146067684034306,35
1731,1,7476,1248,6228,0,0,0,1.0,1,1.0,1,1.0,1,0.22058092403607232,35
1732,1,7477,1248,6229,0,0,0,1.0,1,1.0,1,1.0,1,0.19040836847688983,35
1733,2,7479,1248,6231,0,0,0,1.0,1,1.0,1,1.0,1,0.17449388814359043,33
1734,6,7485,1249,6236,0,0,0,1.0,1,1.0,1,1.0,1,0.15146775612991495,34
1735,3,7488,1249,6239,0,0,0,1.0,1,1.0,1,1.0,1,0.1346650479047352,33
1736,6,7494,1251,6243,0,0,0,1.0,1,1.0,1,1.0,1,0.11926654243369958,33
1737,3,7497,1251,6246,0,0,0,1.0,1,1.0,1,1.0,1,0.12378734586804141,35
1738,7,7504,1255,6249,0,0,0,1.0,1,1.0,1,1.0,1,0.20710318018370127,36
1739,7,7511,1257,6254,0,0,0,1.0,1,1.0,1,1.0,1,0.25485085661885404,36
1740,7,7518,1258,6260,0,0,0,1.0,1,1.0,1,1.0,1,0.2234160502104917,37
1741,4,7522,1258,6264,0,0,0,1.0,1,1.0,1,1.0,1,0.10335110866030899,36
1742,2,7524,1259,6265,0,0,0,1.0,1,1.0,1,1.0,1,0.08509906104049171,36
1743,3,7527,1262,6265,0,0,0,1.0,1,1.0,1,1.0,1,0.15800296063012476,37
1744,1,7528,1262,6266,0,0,0,1.0,1,1.0,1,1.0,1,0.08586336057619565,37
1745,3,7531,1264,6267,0,0,0,1.0,1,1.0,1,1.0,1,0.15863093030195455,38
1746,3,7534,1265,6269,0,0,0,1.0,1,1.0,1,1.0,1,0.11922639508140082,38
1747,0,7534,1265,6269,0,0,0,1.0,1,1.0,1,1.0,1,0.13024239201397325,37
1748,2,7536,1266,6270,0,0,0,1.0,1,1.0,1,1.0,1,0.16527954042986767,38
1749,2,7538,1266,6272,0,0,0,1.0,1,1.0,1,1.0,1,0.16527954042986767,38
1750,1,7539,1266,6273,0,0,0,1.0,1,1.0,1,1.0,1,0.18491481769120569,39
1751,2,7541,1266,6275,0,0,0,1.0,1,1.0,1,1.0,1,0.1544952629773526,41
1752,4,7545,1267,6278,0,0,0,1.0,1,1.0,1,1.0,1,0.16148312933352627,41
1753,1,7546,1267,6279,0,0,0,1.0,1,1.0,1,1.0,1,0.17375297347944604,41
1754,4,7550,1267,6283,0,0,0,1.0,1,1.0,1,1.0,1,0.18946989263974576,40
1755,3,7553,1268,6285,0,0,0,1.0,1,1.0,1,1.0,1,0.18696883071885564,41
1756,6,7559,1269,6290,0,0,0,1.0,1,1.0,1,1.0,1,0.24297679140069764,41
1757,4,7563,1269,6294,0,0,0,1.0,1,1.0,1,1.0,1,0.24599944824909198,40
1758,2,7565,1269,6296,0,0,0,1.0,1,1.0,1,1.0,1,0.23079077217327013,41
1759,5,7570,1272,6298,0,0,0,1.0,1,1.0,1,1.0,1,0.3041717776937919,38
1760,8,7578,1275,6303,0,0,0,1.0,1,1.0,1,1.0,1,0.37017044874306615,38
1761,8,7586,1275,6311,0,0,0,1.0,1,1.0,1,1.0,1,0.15708334396698057,37
1762,3,7589,1276,6313,0,0,0,1.0,1,1.0,1,1.0,1,0.18177923076242655,37
1763,3,7592,1276,6316,0,0,0,1.0,1,1.0,1,1.0,1,0.18309952725027254,37
1764,2,7594,1277,6317,0,0,0,1.0,1,1.0,1,1.0,1,0.21888457567399963,36
1765,5,7599,1279,6320,0,0,0,1.0,1,1.0,1,1.0,1,0.22677943884185006,36
1766,6,7605,1281,6324,0,0,0,1.0,1,1.0,1,1.0,1,0.24968506071365362,37
1767,6,7611,1283,6328,0,0,0,1.0,1,1.0,1,1.0,1,0.33268733632596964,37
1768,5,7616,1283,6333,0,0,0,1.0,1,1.0,1,1.0,1,0.291647855055231,37
1769,2,7618,1283,6335,0,0,0,1.0,1,1.0,1,1.0,1,0.22746720051033506,38
1770,2,7620,1283,6337,0,0,0,1.0,1,1.0,1,1.0,1,0.27549630749305665,39
1771,8,7628,1283,6345,0,0,0,1.0,1,1.0,1,1.0,1,0.2854124566752936,39
1772,3,7631,1283,6348,0,0,0,1.0,1,1.0,1,1.0,1,0.22379855617177935,39
1773,8,7639,1283,6356,0,0,0,1.0,1,1.0,1,1.0,1,0.22621490507674744,41
1774,7,7646,1284,6362,0,0,0,1.0,1,1.0,1,1.0,1,0.2777836911506235,41
1775,10,7656,1284,6372,0,0,0,1.0,1,1.0,1,1.0,1,0.2875745594808708,42
1776,11,7667,1285,6382,0,0,0,1.0,1,1.0,1,1.0,1,0.22298449725817773,43
1777,7,7674,1285,6389,0,0,0,1.0,1,1.0,1,1.0,1,0.2554607331901189,43
1778,5,7679,1285,6394,0,0,0,1.0,1,1.0,1,1.0,1,0.23448379254664548,44
1779,7,7686,1285,6401,0,0,0,1.0,1,1.0,1,1.0,1,0.24653859559245736,46
1780,8,7694,1285,6409,0,0,0,1.0,1,1.0,1,1.0,1,0.2570593433149208,46
1781,9,7703,1285,6418,0,0,0,1.0,1,1.0,1,1.0,1,0.14249122153417698,46
1782,5,7708,1286,6422,0,0,0,1.0,1,1.0,1,1.0,1,0.17738006962889016,46
1783,3,7711,1287,6424,0,0,0,1.0,1,1.0,1,1.0,1,0.13826090396232132,44
1784,1,7712,1288,6424,0,0,0,1.0,1,1.0,1,1.0,1,0.16457464955609027,45
1785,2,7714,1290,6424,0,0,0,1.0,1,1.0,1,1.0,1,0.21217751152523134,42
1786,6,7720,1292,6428,0,0,0,1.0,1,1.0,1,1.0,1,0.20107061370651055,43
1787,1,7721,1293,6428,0,0,0,1.0,1,1.0,1,1.0,1,0.2192473065205197,41
1788,4,7725,1294,6431,0,0,0,1.0,1,1.0,1,1.0,1,0.22072189824270952,41
1789,3,7728,1295,6433,0,0,0,1.0,1,1.0,1,1.0,1,0.2094216395442978,41
1790,4,7732,1297,6435,0,0,0,1.0,1,1.0,1,1.0,1,0.21036567295749795,41
1791,6,7738,1300,6438,0,0,0,1.0,1,1.0,1,1.0,1,0.21226116927333863,40
1792,4,7742,1301,6441,0,0,0,1.0,1,1.0,1,1.0,1,0.208131969782887,40
1793,6,7748,1302,6446,0,0,0,1.0,1,1.0,1,1.0,1,0.20125248344035182,41
1794,5,7753,1304,6449,0,0,0,1.0,1,1.0,1,1.0,1,0.2637135975128823,41
1795,6,7759,1305,6454,0,0,0,1.0,1,1.0,1,1.0,1,0.24485462060525778,40
1796,5,7764,1307,6457,0,0,0,1.0,1,1.0,1,1.0,1,0.27753092809368185,40
1797,4,7768,1308,6460,0,0,0,1.0,1,1.0,1,1.0,1,0.2833942218956385,37
1798,3,7771,1309,6462,0,0,0,1.0,1,1.0,1,1.0,1,0.3197715761401133,37
1799,7,7778,1310,6468,0,0,0,1.0,1,1.0,1,1.0,1,0.34400909225823295,36
1800,6,7784,1310,6474,0,0,0,1.0,1,1.0,1,1.0,1,0.34251548388462755,36
1801,5,7789,1310,6479,0,0,0,1.0,1,1.0,1,1.0,1,0.21899714324429273,34
1802,2,7791,1310,6481,0,0,0,1.0,1,1.0,1,1.0,1,0.16268808646508018,33
1803,1,7792,1310,6482,0,0,0,1.0,1,1.0,1,1.0,1,0.14184987771928328,33
1804,2,7794,1310,6484,0,0,0,1.0,1,1.0,1,1.0,1,0.09285564875198223,33
1805,3,7797,1310,6487,0,0,0,1.0,1,1.0,1,1.0,1,0.09266630505508466,35
1806,2,7799,1311,6488,0,0,0,1.0,1,1.0,1,1.0,1,0.08351567397373356,35
1807,2,7801,1311,6490,0,0,0,1.0,1,1.0,1,1.0,1,0.11112873654199149,35
1808,5,7806,1311,6495,0,0,0,1.0,1,1.0,1,1.0,1,0.18793366544433834,36
1809,3,7809,1312,6497,0,0,0,1.0,1,1.0,1,1.0,1,0.1822399932942036,36
1810,6,7815,1312,6503,0,0,0,1.0,1,1.0,1,1.0,1,0.2067082030131398,35
1811,4,7819,1312,6507,0,0,0,1.0,1,1.0,1,1.0,1,0.1741213657520916,36
1812,3,7822,1312,6510,0,0,0,1.0,1,1.0,1,1.0,1,0.16761706032637544,36
1813,2,7824,1312,6512,0,0,0,1.0,1,1.0,1,1.0,1,0.17966599089450952,36
1814,1,7825,1312,6513,0,0,0,1.0,1,1.0,1,1.0,1,0.17216436218836037,34
1815,2,7827,1313,6514,0,0,0,1.0,1,1.0,1,1.0,1,0.216309121774304,35
1816,3,7830,1314,6516,0,0,0,1.0,1,1.0,1,1.0,1,0.23066671861385285,34
1817,1,7831,1315,6516,0,0,0,1.0,1,1.0,1,1.0,1,0.23949185144845309,34
1818,3,7834,1315,6519,0,0,0,1.0,1,1.0,1,1.0,1,0.18689061574387808,34
1819,6,7840,1317,6523,0,0,0,1.0,1,1.0,1,1.0,1,0.1926593185274181,35
1820,5,7845,1317,6528,0,0,0,1.0,1,1.0,1,1.0,1,0.18908927092834563,36
1821,2,7847,1317,6530,0,0,0,1.0,1,1.0,1,1.0,1,0.14358782759427288,36
1822,1,7848,1318,6530,0,0,0,1.0,1,1.0,1,1.0,1,0.1490587010163579,37
1823,10,7858,1322,6536,0,0,0,1.0,1,1.0,1,1.0,1,0.18096621466585855,38
1824,4,7862,1324,6538,0,0,0,1.0,1,1.0,1,1.0,1,0.22366265477958117,37
1825,4,7866,1325,6541,0,0,0,1.0,1,1.0,1,1.0,1,0.22185326664871538,36
1826,1,7867,1325,6542,0,0,0,1.0,1,1.0,1,1.0,1,0.21124950738205697,35
1827,2,7869,1325,6544,0,0,0,1.0,1,1.0,1,1.0,1,0.21457514028594654,35
1828,2,7871,1326,6545,0,0,0,1.0,1,1.0,1,1.0,1,0.2261715750609785,33
1829,2,7873,1326,6547,0,0,0,1.0,1,1.0,1,1.0,1,0.2175896210504275,32
1830,5,7878,1329,6549,0,0,0,1.0,1,1.0,1,1.0,1,0.3130380439299134,32
1831,1,7879,1330,6549,0,0,0,1.0,1,1.0,1,1.0,1,0.34483155048908243,30
1832,0,7879,1330,6549,0,0,0,1.0,1,1.0,1,1.0,1,0.34483155048908243,30
1833,2,7881,1331,6550,0,0,0,1.0,1,1.0,1,1.0,1,0.36053993190804373,29
1834,1,7882,1332,6550,0,0,0,1.0,1,1.0,1,1.0,1,0.39453962147824867,28
1835,3,7885,1333,6552,0,0,0,1.0,1,1.0,1,1.0,1,0.3888835475947071,28
1836,3,7888,1334,6554,0,0,0,1.0,1,1.0,1,1.0,1,0.36690156885593317,29
1837,0,7888,1334,6554,0,0,0,1.0,1,1.0,1,1.0,1,0.36351734657288043,28
1838,3,7891,1335,6556,0,0,0,1.0,1,1.0,1,1.0,1,0.3918979826754894,28
1839,2,7893,1336,6557,0,0,0,1.0,1,1.0,1,1.0,1,0.428298496959547,27
1840,2,7895,1336,6559,0,0,0,1.0,1,1.0,1,1.0,1,0.4285154230326988,26
1841,9,7904,1336,6568,0,0,0,1.0,1,1.0,1,1.0,1,0.16877944603355505,25
1842,2,7906,1336,6570,0,0,0,1.0,1,1.0,1,1.0,1,0.1359384426021757,26
1843,3,7909,1336,6573,0,0,0,1.0,1,1.0,1,1.0,1,0.12414776992390457,26
1844,6,7915,1338,6577,0,0,0,1.0,1,1.0,1,1.0,1,0.17239690299641705,26
1845,3,7918,1338,6580,0,0,0,1.0,1,1.0,1,1.0,1,0.19711615086340833,26
1846,4,7922,1339,6583,0,0,0,1.0,1,1.0,1,1.0,1,0.19076820228216887,26
1847,3,7925,1339,6586,0,0,0,1.0,1,1.0,1,1.0,1,0.18358939678016445,26
1848,1,7926,1339,6587,0,0,0,1.0,1,1.0,1,1.0,1,0.15004646514069417,27
1849,1,7927,1339,6588,0,0,0,1.0,1,1.0,1,1.0,1,0.18433653968231883,27
1850,2,7929,1339,6590,0,0,0,1.0,1,1.0,1,1.0,1,0.205400520263028,28
1851,1,7930,1339,6591,0,0,0,1.0,1,1.0,1,1.0,1,0.1758076482172943,28
1852,4,7934,1339,6595,0,0,0,1.0,1,1.0,1,1.0,1,0.21095037821500076,28
1853,3,7937,1339,6598,0,0,0,1.0,1,1.0,1,1.0,1,0.18567461976499616,27
1854,2,7939,1339,6600,0,0,0,1.0,1,1.0,1,1.0,1,0.17826747289804362,28
1855,2,7941,1339,6602,0,0,0,1.0,1,1.0,1,1.0,1,0.23059550446572322,28
1856,7,7948,1340,6608,0,0,0,1.0,1,1.0,1,1.0,1,0.1967087038953397,30
1857,11,7959,1342,6617,0,0,0,1.0,1,1.0,1,1.0,1,0.3251316688224253,31
1858,15,7974,1346,6628,0,0,0,1.0,1,1.0,1,1.0,1,0.4474371468294748,31
1859,7,7981,1346,6635,0,0,0,1.0,1,1.0,1,1.0,1,0.4651733278533501,31
1860,6,7987,1346,6641,0,0,0,1.0,1,1.0,1,1.0,1,0.45296835624263765,31
1861,5,7992,1346,6646,0,0,0,1.0,1,1.0,1,1.0,1,0.36762628291558364,31
1862,4,7996,1346,6650,0,0,0,1.0,1,1.0,1,1.0,1,0.34169940640420343,31
1863,2,7998,1346,6652,0,0,0,1.0,1,1.0,1,1.0,1,0.32831867609835086,31
1864,4,8002,1348,6654,0,0,0,1.0,1,1.0,1,1.0,1,0.3510025301476588,30
1865,4,8006,1348,6658,0,0,0,1.0,1,1.0,1,1.0,1,0.31693238839308496,27
1866,5,8011,1349,6662,0,0,0,1.0,1,1.0,1,1.0,1,0.3094404343075225,28
1867,1,8012,1349,6663,0,0,0,1.0,1,1.0,1,1.0,1,0.3237607091704199,26
1868,1,8013,1349,6664,0,0,0,1.0,1,1.0,1,1.0,1,0.2715455309410271,26
1869,0,8013,1349,6664,0,0,0,1.0,1,1.0,1,1.0,1,0.3057722450130014,25
1870,1,8014,1350,6664,0,0,0,1.0,1,1.0,1,1.0,1,0.23549023974488628,25
1871,0,8014,1350,6664,0,0,0,1.0,1,1.0,1,1.0,1,0.25988062349535307,26
1872,1,8015,1351,6664,0,0,0,1.0,1,1.0,1,1.0,1,0.2958691530324188,25
1873,0,8015,1351,6664,0,0,0,1.0,1,1.0,1,1.0,1,0.33853134250575867,23
1874,0,8015,1351,6664,0,0,0,1.0,1,1.0,1,1.0,1,0.34277554683368755,23
1875,0,8015,1351,6664,0,0,0,1.0,1,1.0,1,1.0,1,0.43014894182138946,21
1876,1,8016,1351,6665,0,0,0,1.0,1,1.0,1,1.0,1,0.4073686484585808,24
1877,2,8018,1351,6667,0,0,0,1.0,1,1.0,1,1.0,1,0.4073686484585808,24
1878,2,8020,1352,6668,0,0,0,1.0,1,1.0,1,1.0,1,0.341264463772168,26
1879,1,8021,1352,6669,0,0,0,1.0,1,1.0,1,1.0,1,0.3657425092761881,26
1880,1,8022,1352,6670,0,0,0,1.0,1,1.0,1,1.0,1,0.31691293970063616,26
1881,3,8025,1352,6673,0,0,0,1.0,1,1.0,1,1.0,1,0.2134811584582434,26
1882,0,8025,1352,6673,0,0,0,1.0,1,1.0,1,1.0,1,0.23144901654466837,25
1883,0,8025,1352,6673,0,0,0,1.0,1,1.0,1,1.0,1,0.23144901654466837,25
1884,0,8025,1352,6673,0,0,0,1.0,1,1.0,1,1.0,1,0.23144901654466837,25
1885,0,8025,1352,6673,0,0,0,1.0,1,1.0,1,1.0,1,0.23144901654466837,25
1886,0,8025,1352,6673,0,0,0,1.0,1,1.0,1,1.0,1,0.20558971439311058,26
1887,0,8025,1352,6673,0,0,0,1.0,1,1.0,1,1.0,1,0.20558971439311058,26
1888,3,8028,1353,6675,0,0,0,1.0,1,1.0,1,1.0,1,0.1943599577235051,27
1889,0,8028,1353,6675,0,0,0,1.0,1,1.0,1,1.0,1,0.22503460750044985,28
1890,0,8028,1353,6675,0,0,0,1.0,1,1.0,1,1.0,1,0.22503460750044985,28
1891,2,8030,1353,6677,0,0,0,1.0,1,1.0,1,1.0,1,0.23307560358873614,29
1892,0,8030,1353,6677,0,0,0,1.0,1,1.0,1,1.0,1,0.23307560358873614,29
1893,0,8030,1353,6677,0,0,0,1.0,1,1.0,1,1.0,1,0.23307560358873614,29
1894,0,8030,1353,6677,0,0,0,1.0,1,1.0,1,1.0,1,0.23307560358873614,29
1895,2,8032,1354,6678,0,0,0,1.0,1,1.0,1,1.0,1,0.20921384474040927,31
1896,0,8032,1354,6678,0,0,0,1.0,1,1.0,1,1.0,1,0.20921384474040927,31
1897,0,8032,1354,6678,0,0,0,1.0,1,1.0,1,1.0,1,0.20921384474040927,31
1898,0,8032,1354,6678,0,0,0,1.0,1,1.0,1,1.0,1,0.20921384474040927,31
1899,0,8032,1354,6678,0,0,0,1.0,1,1.0,1,1.0,1,0.19989570296753514,32
1900,0,8032,1354,6678,0,0,0,1.0,1,1.0,1,1.0,1,0.19989570296753514,32
1901,0,8032,1354,6678,0,0,0,1.0,1,1.0,1,1.0,1,0.19989570296753514,32
1902,0,8032,1354,6678,0,0,0,1.0,1,1.0,1,1.0,1,0.19989570296753514,32
1903,0,8032,1354,6678,0,0,0,1.0,1,1.0,1,1.0,1,0.19989570296753514,32
1904,2,8034,1354,6680,0,0,0,1.0,1,1.0,1,1.0,1,0.16364582784829634,34
1905,0,8034,1354,6680,0,0,0,1.0,1,1.0,1,1.0,1,0.16364582784829634,34
1906,0,8034,1354,6680,0,0,0,1.0,1,1.0,1,1.0,1,0.17565848668705825,35
1907,0,8034,1354,6680,0,0,0,1.0,1,1.0,1,1.0,1,0.1937733591996262,36
1908,1,8035,1354,6681,0,0,0,1.0,1,1.0,1,1.0,1,0.17079983778848068,36
1909,1,8036,1354,6682,0,0,0,1.0,1,1.0,1,1.0,1,0.14423519883223948,37
1910,3,8039,1355,6684,0,0,0,1.0,1,1.0,1,1.0,1,0.15107826880164701,38
1911,0,8039,1355,6684,0,0,0,1.0,1,1.0,1,1.0,1,0.15267495895518707,37
1912,4,8043,1356,6687,0,0,0,1.0,1,1.0,1,1.0,1,0.1416293174945822,37
1913,1,8044,1356,6688,0,0,0,1.0,1,1.0,1,1.0,1,0.13667940148810867,36
1914,1,8045,1356,6689,0,0,0,1.0,1,1.0,1,1.0,1,0.15886404104937196,37
1915,1,8046,1357,6689,0,0,0,1.0,1,1.0,1,1.0,1,0.1885706802251767,37
1916,3,8049,1359,6690,0,0,0,1.0,1,1.0,1,1.0,1,0.1679272820014196,39
1917,2,8051,1360,6691,0,0,0,1.0,1,1.0,1,1.0,1,0.2069763493458583,38
1918,1,8052,1361,6691,0,0,0,1.0,1,1.0,1,1.0,1,0.24172972181710964,38
1919,4,8056,1363,6693,0,0,0,1.0,1,1.0,1,1.0,1,0.2780435119170348,38
1920,3,8059,1363,6696,0,0,0,1.0,1,1.0,1,1.0,1,0.2595790819260589,39
1921,4,8063,1363,6700,0,0,0,1.0,1,1.0,1,1.0,1,0.15540183421284287,38
1922,1,8064,1363,6701,0,0,0,1.0,1,1.0,1,1.0,1,0.15235420606719066,39
1923,4,8068,1365,6703,0,0,0,1.0,1,1.0,1,1.0,1,0.18664761388074144,40
1924,1,8069,1365,6704,0,0,0,1.0,1,1.0,1,1.0,1,0.16816725330188728,40
1925,3,8072,1366,6706,0,0,0,1.0,1,1.0,1,1.0,1,0.21417947180560837,40
1926,4,8076,1366,6710,0,0,0,1.0,1,1.0,1,1.0,1,0.21421668616587583,40
1927,2,8078,1367,6711,0,0,0,1.0,1,1.0,1,1.0,1,0.189708536191158,41
1928,2,8080,1368,6712,0,0,0,1.0,1,1.0,1,1.0,1,0.23543268226281167,41
1929,4,8084,1368,6716,0,0,0,1.0,1,1.0,1,1.0,1,0.23422083215300915,40
1930,3,8087,1369,6718,0,0,0,1.0,1,1.0,1,1.0,1,0.24988394968392713,40
1931,0,8087,1369,6718,0,0,0,1.0,1,1.0,1,1.0,1,0.24988394968392713,40
1932,1,8088,1369,6719,0,0,0,1.0,1,1.0,1,1.0,1,0.21803003860864184,40
1933,2,8090,1370,6720,0,0,0,1.0,1,1.0,1,1.0,1,0.229528341138551,42
1934,2,8092,1370,6722,0,0,0,1.0,1,1.0,1,1.0,1,0.2345143357977603,44
1935,1,8093,1370,6723,0,0,0,1.0,1,1.0,1,1.0,1,0.22627443550210619,44
1936,9,8102,1371,6731,0,0,0,1.0,1,1.0,1,1.0,1,0.20040089041912504,46
1937,5,8107,1371,6736,0,0,0,1.0,1,1.0,1,1.0,1,0.18857800803300984,47
1938,6,8113,1373,6740,0,0,0,1.0,1,1.0,1,1.0,1,0.21541999959784494,47
1939,6,8119,1373,6746,0,0,0,1.0,1,1.0,1,1.0,1,0.20312349657049636,47
1940,6,8125,1373,6752,0,0,0,1.0,1,1.0,1,1.0,1,0.15794160314273584,47
1941,5,8130,1374,6756,0,0,0,1.0,1,1.0,1,1.0,1,0.1375241791005849,47
1942,4,8134,1376,6758,0,0,0,1.0,1,1.0,1,1.0,1,0.17961638575765226,49
1943,3,8137,1377,6760,0,0,0,1.0,1,1.0,1,1.0,1,0.16731966747972574,47
1944,4,8141,1379,6762,0,0,0,1.0,1,1.0,1,1.0,1,0.16437271057782366,47
1945,1,8142,1380,6762,0,0,0,1.0,1,1.0,1,1.0,1,0.1860141819643294,45
1946,1,8143,1380,6763,0,0,0,1.0,1,1.0,1,1.0,1,0.17573197871530388,45
1947,3,8146,1381,6765,0,0,0,1.0,1,1.0,1,1.0,1,0.21939282146277295,45
1948,1,8147,1381,6766,0,0,0,1.0,1,1.0,1,1.0,1,0.2123975398119332,45
1949,5,8152,1383,6769,0,0,0,1.0,1,1.0,1,1.0,1,0.21964680778457768,42
1950,5,8157,1385,6772,0,0,0,1.0,1,1.0,1,1.0,1,0.1849701332385794,42
1951,1,8158,1386,6772,0,0,0,1.0,1,1.0,1,1.0,1,0.21936889609330448,38
1952,3,8161,1389,6772,0,0,0,1.0,1,1.0,1,1.0,1,0.27283312498668905,36
1953,4,8165,1389,6776,0,0,0,1.0,1,1.0,1,1.0,1,0.2435760684351242,35
1954,2,8167,1390,6777,0,0,0,1.0,1,1.0,1,1.0,1,0.2858812711300309,32
1955,1,8168,1390,6778,0,0,0,1.0,1,1.0,1,1.0,1,0.25129895197015056,33
1956,1,8169,1391,6778,0,0,0,1.0,1,1.0,1,1.0,1,0.27086679648594203,31
1957,1,8170,1392,6778,0,0,0,1.0,1,1.0,1,1.0,1,0.22270280825194463,33
1958,2,8172,1394,6778,0,0,0,1.0,1,1.0,1,1.0,1,0.276104532877735,34
1959,0,8172,1394,6778,0,0,0,1.0,1,1.0,1,1.0,1,0.25370231380881214,35
1960,3,8175,1397,6778,0,0,0,1.0,1,1.0,1,1.0,1,0.2548811013604203,36
1961,5,8180,1398,6782,0,0,0,1.0,1,1.0,1,1.0,1,0.14446148081509386,36
1962,0,8180,1398,6782,0,0,0,1.0,1,1.0,1,1.0,1,0.16672965063203687,35
1963,2,8182,1398,6784,0,0,0,1.0,1,1.0,1,1.0,1,0.13840730339628052,36
1964,0,8182,1398,6784,0,0,0,1.0,1,1.0,1,1.0,1,0.16914813281239,35
1965,2,8184,1398,6786,0,0,0,1.0,1,1.0,1,1.0,1,0.14340083873936962,36
1966,2,8186,1399,6787,0,0,0,1.0,1,1.0,1,1.0,1,0.16667615306615385,36
1967,1,8187,1400,6787,0,0,0,1.0,1,1.0,1,1.0,1,0.1839079668153124,36
1968,2,8189,1400,6789,0,0,0,1.0,1,1.0,1,1.0,1,0.16383502102400138,37
1969,1,8190,1401,6789,0,0,0,1.0,1,1.0,1,1.0,1,0.18583177274131982,37
1970,1,8191,1401,6790,0,0,0,1.0,1,1.0,1,1.0,1,0.22695869935250604,38
1971,0,8191,1401,6790,0,0,0,1.0,1,1.0,1,1.0,1,0.2368941386302857,37
1972,0,8191,1401,6790,0,0,0,1.0,1,1.0,1,1.0,1,0.2368941386302857,37
1973,6,8197,1403,6794,0,0,0,1.0,1,1.0,1,1.0,1,0.20263121871435352,37
1974,2,8199,1404,6795,0,0,0,1.0,1,1.0,1,1.0,1,0.24058090691942058,38
1975,3,8202,1404,6798,0,0,0,1.0,1,1.0,1,1.0,1,0.20463368447470212,37
1976,5,8207,1404,6803,0,0,0,1.0,1,1.0,1,1.0,1,0.17720984736690454,39
1977,1,8208,1404,6804,0,0,0,1.0,1,1.0,1,1.0,1,0.17367783383472626,42
1978,2,8210,1405,6805,0,0,0,1.0,1,1.0,1,1.0,1,0.16773104078847784,42
1979,1,8211,1405,6806,0,0,0,1.0,1,1.0,1,1.0,1,0.16668714553337166,42
1980,2,8213,1405,6808,0,0,0,1.0,1,1.0,1,1.0,1,0.17945001851594272,43
1981,4,8217,1405,6812,0,0,0,1.0,1,1.0,1,1.0,1,0.13347125056564654,44
1982,6,8223,1408,6815,0,0,0,1.0,1,1.0,1,1.0,1,0.10960496217877369,44
1983,1,8224,1409,6815,0,0,0,1.0,1,1.0,1,1.0,1,0.10845173420524014,44
1984,1,8225,1410,6815,0,0,0,1.0,1,1.0,1,1.0,1,0.14401934413151418,42
1985,2,8227,1412,6815,0,0,0,1.0,1,1.0,1,1.0,1,0.12375620517545997,41
1986,2,8229,1414,6815,0,0,0,1.0,1,1.0,1,1.0,1,0.1558891113069937,40
1987,2,8231,1415,6816,0,0,0,1.0,1,1.0,1,1.0,1,0.19308209349904232,37
1988,4,8235,1419,6816,0,0,0,1.0,1,1.0,1,1.0,1,0.17926775927202943,35
1989,0,8235,1419,6816,0,0,0,1.0,1,1.0,1,1.0,1,0.177368543090117,32
1990,0,8235,1419,6816,0,0,0,1.0,1,1.0,1,1.0,1,0.17518629380273912,31
1991,0,8235,1419,6816,0,0,0,1.0,1,1.0,1,1.0,1,0.16168855806327964,32
1992,1,8236,1420,6816,0,0,0,1.0,1,1.0,1,1.0,1,0.18626669290274037,32
1993,2,8238,1422,6816,0,0,0,1.0,1,1.0,1,1.0,1,0.24778574703400522,32
1994,0,8238,1422,6816,0,0,0,1.0,1,1.0,1,1.0,1,0.2560079212060281,31
1995,1,8239,1422,6817,0,0,0,1.0,1,1.0,1,1.0,1,0.23932421063507897,32
1996,1,8240,1423,6817,0,0,0,1.0,1,1.0,1,1.0,1,0.2153461922477324,32
1997,0,8240,1423,6817,0,0,0,1.0,1,1.0,1,1.0,1,0.2448318505190712,31
1998,1,8241,1423,6818,0,0,0,1.0,1,1.0,1,1.0,1,0.246212629590432,32
1999,1,8242,1423,6819,0,0,0,1.0,1,1.0,1,1.0,1,0.22831811835757151,31
2000,0,8242,1423,6819,0,0,0,1.0,1,1.0,1,1.0,1,0.21512266190831641,30
2001,1,8243,1423,6820,0,0,0,1.0,1,1.0,1,1.0,1,0.20397197688404758,29
2002,1,8244,1423,6821,0,0,0,1.0,1,1.0,1,1.0,1,0.18952229386338565,31
2003,3,8247,1424,6823,0,0,0,1.0,1,1.0,1,1.0,1,0.17691593213778067,33
2004,4,8251,1425,6826,0,0,0,1.0,1,1.0,1,1.0,1,0.18582642543279784,34
2005,2,8253,1425,6828,0,0,0,1.0,1,1.0,1,1.0,1,0.22459847512704342,35
2006,1,8254,1426,6828,0,0,0,1.0,1,1.0,1,1.0,1,0.22762531029794503,36
2007,2,8256,1427,6829,0,0,0,1.0,1,1.0,1,1.0,1,0.22480487927630707,36
2008,5,8261,1429,6832,0,0,0,1.0,1,1.0,1,1.0,1,0.22620186668981976,36
2009,2,8263,1429,6834,0,0,0,1.0,1,1.0,1,1.0,1,0.19390395113883754,37
2010,4,8267,1430,6837,0,0,0,1.0,1,1.0,1,1.0,1,0.17397315850827644,37
2011,2,8269,1430,6839,0,0,0,1.0,1,1.0,1,1.0,1,0.21294746231026226,37
2012,1,8270,1430,6840,0,0,0,1.0,1,1.0,1,1.0,1,0.21233502670003204,37
2013,2,8272,1430,6842,0,0,0,1.0,1,1.0,1,1.0,1,0.20916547564633584,39
2014,4,8276,1430,6846,0,0,0,1.0,1,1.0,1,1.0,1,0.22553583057245397,39
2015,10,8286,1431,6855,0,0,0,1.0,1,1.0,1,1.0,1,0.29172208564347357,39
2016,10,8296,1431,6865,0,0,0,1.0,1,1.0,1,1.0,1,0.22606262118678166,41
2017,8,8304,1431,6873,0,0,0,1.0,1,1.0,1,1.0,1,0.23384515422813518,41
2018,9,8313,1433,6880,0,0,0,1.0,1,1.0,1,1.0,1,0.2143274511413013,42
2019,5,8318,1433,6885,0,0,0,1.0,1,1.0,1,1.0,1,0.17573950026210786,43
2020,8,8326,1434,6892,0,0,0,1.0,1,1.0,1,1.0,1,0.1860169028138954,43
2021,3,8329,1434,6895,0,0,0,1.0,1,1.0,1,1.0,1,0.14420314539173532,43
2022,2,8331,1435,6896,0,0,0,1.0,1,1.0,1,1.0,1,0.14310786639832326,44
2023,2,8333,1437,6896,0,0,0,1.0,1,1.0,1,1.0,1,0.21415978639990013,42
2024,3,8336,1440,6896,0,0,0,1.0,1,1.0,1,1.0,1,0.26090487294033227,41
2025,4,8340,1441,6899,0,0,0,1.0,1,1.0,1,1.0,1,0.26650702472226356,39
2026,6,8346,1442,6904,0,0,0,1.0,1,1.0,1,1.0,1,0.17858959304291797,39
2027,3,8349,1443,6906,0,0,0,1.0,1,1.0,1,1.0,1,0.2140760354526285,38
2028,2,8351,1443,6908,0,0,0,1.0,1,1.0,1,1.0,1,0.22275189307117577,37
2029,1,8352,1443,6909,0,0,0,1.0,1,1.0,1,1.0,1,0.19031653986343905,35
2030,1,8353,1443,6910,0,0,0,1.0,1,1.0,1,1.0,1,0.2545302831333069,32
2031,2,8355,1445,6910,0,0,0,1.0,1,1.0,1,1.0,1,0.3042972338378144,34
2032,7,8362,1447,6915,0,0,0,1.0,1,1.0,1,1.0,1,0.37733196976578265,35
2033,6,8368,1450,6918,0,0,0,1.0,1,1.0,1,1.0,1,0.41873897648447983,35
2034,3,8371,1451,6920,0,0,0,1.0,1,1.0,1,1.0,1,0.3939173097038652,35
2035,8,8379,1454,6925,0,0,0,1.0,1,1.0,1,1.0,1,0.36294500301117116,36
2036,4,8383,1454,6929,0,0,0,1.0,1,1.0,1,1.0,1,0.30749021904181506,35
2037,4,8387,1455,6932,0,0,0,1.0,1,1.0,1,1.0,1,0.3096081204913066,36
2038,4,8391,1455,6936,0,0,0,1.0,1,1.0,1,1.0,1,0.28936900172190166,38
2039,2,8393,1455,6938,0,0,0,1.0,1,1.0,1,1.0,1,0.3106773134438911,38
2040,1,8394,1455,6939,0,0,0,1.0,1,1.0,1,1.0,1,0.29716386794421196,37
2041,7,8401,1455,6946,0,0,0,1.0,1,1.0,1,1.0,1,0.20559061117798785,38
2042,2,8403,1455,6948,0,0,0,1.0,1,1.0,1,1.0,1,0.1830423842996003,38
2043,1,8404,1455,6949,0,0,0,1.0,1,1.0,1,1.0,1,0.1963122455801056,38
2044,4,8408,1455,6953,0,0,0,1.0,1,1.0,1,1.0,1,0.1582443960129312,39
2045,1,8409,1455,6954,0,0,0,1.0,1,1.0,1,1.0,1,0.17981859438200146,40
2046,2,8411,1455,6956,0,0,0,1.0,1,1.0,1,1.0,1,0.14283834355230715,41
2047,1,8412,1455,6957,0,0,0,1.0,1,1.0,1,1.0,1,0.13724350689905007,41
2048,4,8416,1455,6961,0,0,0,1.0,1,1.0,1,1.0,1,0.08613538152032496,43
2049,2,8418,1456,6962,0,0,0,1.0,1,1.0,1,1.0,1,0.10082384402507734,43
2050,4,8422,1456,6966,0,0,0,1.0,1,1.0,1,1.0,1,0.09912631136807495,43
2051,3,8425,1457,6968,0,0,0,1.0,1,1.0,1,1.0,1,0.14086431230433774,43
2052,2,8427,1457,6970,0,0,0,1.0,1,1.0,1,1.0,1,0.1711384656151371,44
2053,5,8432,1458,6974,0,0,0,1.0,1,1.0,1,1.0,1,0.2227932397992919,43
2054,12,8444,1459,6985,0,0,0,1.0,1,1.0,1,1.0,1,0.21250564794788337,44
2055,10,8454,1459,6995,0,0,0,1.0,1,1.0,1,1.0,1,0.2482128291861534,43
2056,8,8462,1460,7002,0,0,0,1.0,1,1.0,1,1.0,1,0.17051219819212401,44
2057,10,8472,1460,7012,0,0,0,1.0,1,1.0,1,1.0,1,0.19118363446563982,44
2058,5,8477,1460,7017,0,0,0,1.0,1,1.0,1,1.0,1,0.20989452456656368,44
2059,6,8483,1460,7023,0,0,0,1.0,1,1.0,1,1.0,1,0.20891233787083494,45
2060,6,8489,1461,7028,0,0,0,1.0,1,1.0,1,1.0,1,0.2739908512674716,46
2061,16,8505,1462,7043,0,0,0,1.0,1,1.0,1,1.0,1,0.09689907727076814,48
2062,6,8511,1462,7049,0,0,0,1.0,1,1.0,1,1.0,1,0.09689907727076814,48
2063,3,8514,1462,7052,0,0,0,1.0,1,1.0,1,1.0,1,0.14740571978705896,45
2064,3,8517,1463,7054,0,0,0,1.0,1,1.0,1,1.0,1,0.08582860705601154,44
2065,3,8520,1463,7057,0,0,0,1.0,1,1.0,1,1.0,1,0.12119328470684847,42
2066,5,8525,1467,7058,0,0,0,1.0,1,1.0,1,1.0,1,0.09973427775813366,42
2067,5,8530,1468,7062,0,0,0,1.0,1,1.0,1,1.0,1,0.10132718879971946,38
2068,2,8532,1470,7062,0,0,0,1.0,1,1.0,1,1.0,1,0.09253434496456579,37
2069,1,8533,1471,7062,0,0,0,1.0,1,1.0,1,1.0,1,0.1283698020061922,35
2070,0,8533,1471,7062,0,0,0,1.0,1,1.0,1,1.0,1,0.12912061102434128,35
2071,4,8537,1472,7065,0,0,0,1.0,1,1.0,1,1.0,1,0.21987096415615667,34
2072,5,8542,1473,7069,0,0,0,1.0,1,1.0,1,1.0,1,0.25377591960208706,35
2073,3,8545,1474,7071,0,0,0,1.0,1,1.0,1,1.0,1,0.24684232054794425,37
2074,2,8547,1474,7073,0,0,0,1.0,1,1.0,1,1.0,1,0.2180595355134005,36
2075,1,8548,1474,7074,0,0,0,1.0,1,1.0,1,1.0,1,0.20023384476414777,38
2076,2,8550,1474,7076,0,0,0,1.0,1,1.0,1,1.0,1,0.1722904453411764,37
2077,3,8553,1474,7079,0,0,0,1.0,1,1.0,1,1.0,1,0.17739415608309989,37
2078,3,8556,1474,7082,0,0,0,1.0,1,1.0,1,1.0,1,0.18667141091928371,37
2079,1,8557,1475,7082,0,0,0,1.0,1,1.0,1,1.0,1,0.17413007679999712,37
2080,4,8561,1475,7086,0,0,0,1.0,1,1.0,1,1.0,1,0.18921818479224636,36
2081,4,8565,1477,7088,0,0,0,1.0,1,1.0,1,1.0,1,0.1763138050102894,37
2082,4,8569,1478,7091,0,0,0,1.0,1,1.0,1,1.0,1,0.20694663740479743,38
2083,7,8576,1480,7096,0,0,0,1.0,1,1.0,1,1.0,1,0.2284494245835365,39
2084,8,8584,1480,7104,0,0,0,1.0,1,1.0,1,1.0,1,0.21646456788804225,41
2085,8,8592,1481,7111,0,0,0,1.0,1,1.0,1,1.0,1,0.2225234087088807,41
2086,8,8600,1481,7119,0,0,0,1.0,1,1.0,1,1.0,1,0.1605996117387898,44
2087,8,8608,1482,7126,0,0,0,1.0,1,1.0,1,1.0,1,0.21415441691241693,44
2088,8,8616,1482,7134,0,0,0,1.0,1,1.0,1,1.0,1,0.1942571282952704,45
2089,8,8624,1483,7141,0,0,0,1.0,1,1.0,1,1.0,1,0.2093092925656692,46
2090,5,8629,1483,7146,0,0,0,1.0,1,1.0,1,1.0,1,0.24372144611017618,47
2091,6,8635,1483,7152,0,0,0,1.0,1,1.0,1,1.0,1,0.19156936224121768,48
2092,6,8641,1483,7158,0,0,0,1.0,1,1.0,1,1.0,1,0.23275815557856955,48
2093,11,8652,1483,7169,0,0,0,1.0,1,1.0,1,1.0,1,0.19176643940083732,48
2094,5,8657,1483,7174,0,0,0,1.0,1,1.0,1,1.0,1,0.16553100792914438,47
2095,10,8667,1483,7184,0,0,0,1.0,1,1.0,1,1.0,1,0.14731287729693784,49
2096,8,8675,1484,7191,0,0,0,1.0,1,1.0,1,1.0,1,0.15046992764040004,50
2097,6,8681,1484,7197,0,0,0,1.0,1,1.0,1,1.0,1,0.1723052781677798,50
2098,5,8686,1484,7202,0,0,0,1.0,1,1.0,1,1.0,1,0.16319119806841795,51
2099,5,8691,1485,7206,0,0,0,1.0,1,1.0,1,1.0,1,0.21138215322243795,50
2100,8,8699,1488,7211,0,0,0,1.0,1,1.0,1,1.0,1,0.23852071568359792,49
2101,7,8706,1488,7218,0,0,0,1.0,1,1.0,1,1.0,1,0.2081957202090782,48
2102,14,8720,1491,7229,0,0,0,1.0,1,1.0,1,1.0,1,0.1398644431715047,49
2103,5,8725,1491,7234,0,0,0,1.0,1,1.0,1,1.0,1,0.15021426953368403,44
2104,3,8728,1491,7237,0,0,0,1.0,1,1.0,1,1.0,1,0.1800599076252911,42
2105,1,8729,1491,7238,0,0,0,1.0,1,1.0,1,1.0,1,0.197065692271093,40
2106,4,8733,1493,7240,0,0,0,1.0,1,1.0,1,1.0,1,0.2249374345611558,39
2107,5,8738,1494,7244,0,0,0,1.0,1,1.0,1,1.0,1,0.23518356206834473,37
2108,2,8740,1495,7245,0,0,0,1.0,1,1.0,1,1.0,1,0.21584124869587237,37
2109,6,8746,1497,7249,0,0,0,1.0,1,1.0,1,1.0,1,0.23071682260116427,36
2110,5,8751,1497,7254,0,0,0,1.0,1,1.0,1,1.0,1,0.2791995880038509,35
2111,2,8753,1498,7255,0,0,0,1.0,1,1.0,1,1.0,1,0.2351685053968445,35
2112,2,8755,1499,7256,0,0,0,1.0,1,1.0,1,1.0,1,0.2376607855955498,35
2113,1,8756,1500,7256,0,0,0,1.0,1,1.0,1,1.0,1,0.24205430245627957,35
2114,2,8758,1500,7258,0,0,0,1.0,1,1.0,1,1.0,1,0.2264165041449443,36
2115,1,8759,1500,7259,0,0,0,1.0,1,1.0,1,1.0,1,0.24485556868469438,37
2116,7,8766,1501,7265,0,0,0,1.0,1,1.0,1,1.0,1,0.19771488095587003,39
2117,4,8770,1501,7269,0,0,0,1.0,1,1.0,1,1.0,1,0.1825067065339093,39
2118,2,8772,1502,7270,0,0,0,1.0,1,1.0,1,1.0,1,0.21853347599448833,41
2119,4,8776,1503,7273,0,0,0,1.0,1,1.0,1,1.0,1,0.23373248847353179,42
2120,3,8779,1503,7276,0,0,0,1.0,1,1.0,1,1.0,1,0.22200831305044416,42
2121,8,8787,1504,7283,0,0,0,1.0,1,1.0,1,1.0,1,0.15596872792758953,42
2122,4,8791,1504,7287,0,0,0,1.0,1,1.0,1,1.0,1,0.11845081517424849,43
2123,6,8797,1504,7293,0,0,0,1.0,1,1.0,1,1.0,1,0.14396668396284107,42
2124,5,8802,1504,7298,0,0,0,1.0,1,1.0,1,1.0,1,0.1482443923519112,42
2125,2,8804,1504,7300,0,0,0,1.0,1,1.0,1,1.0,1,0.1841156091790127,41
2126,4,8808,1504,7304,0,0,0,1.0,1,1.0,1,1.0,1,0.1841156091790127,41
2127,4,8812,1504,7308,0,0,0,1.0,1,1.0,1,1.0,1,0.1841156091790127,41
2128,4,8816,1504,7312,0,0,0,1.0,1,1.0,1,1.0,1,0.1806620053406936,42
2129,4,8820,1504,7316,0,0,0,1.0,1,1.0,1,1.0,1,0.19520284338679816,43
2130,5,8825,1504,7321,0,0,0,1.0,1,1.0,1,1.0,1,0.17951510784531707,45
2131,3,8828,1505,7323,0,0,0,1.0,1,1.0,1,1.0,1,0.16366865417001167,44
2132,3,8831,1505,7326,0,0,0,1.0,1,1.0,1,1.0,1,0.20313297475734934,44
2133,4,8835,1505,7330,0,0,0,1.0,1,1.0,1,1.0,1,0.1612661566431067,45
2134,2,8837,1505,7332,0,0,0,1.0,1,1.0,1,1.0,1,0.21284133797511715,45
2135,2,8839,1505,7334,0,0,0,1.0,1,1.0,1,1.0,1,0.17379846044506947,46
2136,4,8843,1506,7337,0,0,0,1.0,1,1.0,1,1.0,1,0.2010546639189159,47
2137,5,8848,1508,7340,0,0,0,1.0,1,1.0,1,1.0,1,0.1852421642999564,47
2138,8,8856,1510,7346,0,0,0,1.0,1,1.0,1,1.0,1,0.2334187404926691,45
2139,4,8860,1511,7349,0,0,0,1.0,1,1.0,1,1.0,1,0.18609661832993035,45
2140,3,8863,1512,7351,0,0,0,1.0,1,1.0,1,1.0,1,0.22678232367442672,44
2141,6,8869,1512,7357,0,0,0,1.0,1,1.0,1,1.0,1,0.12001901965113708,45
2142,1,8870,1512,7358,0,0,0,1.0,1,1.0,1,1.0,1,0.10549212545925128,46
2143,2,8872,1512,7360,0,0,0,1.0,1,1.0,1,1.0,1,0.07510506485764226,46
2144,1,8873,1513,7360,0,0,0,1.0,1,1.0,1,1.0,1,0.08153775667799613,48
2145,3,8876,1514,7362,0,0,0,1.0,1,1.0,1,1.0,1,0.06921300557092266,46
2146,2,8878,1515,7363,0,0,0,1.0,1,1.0,1,1.0,1,0.06537084557945928,45
2147,7,8885,1519,7366,0,0,0,1.0,1,1.0,1,1.0,1,0.16782834587938342,44
2148,5,8890,1522,7368,0,0,0,1.0,1,1.0,1,1.0,1,0.1413542278382771,44
2149,9,8899,1526,7373,0,0,0,1.0,1,1.0,1,1.0,1,0.1599851748285988,42
2150,3,8902,1527,7375,0,0,0,1.0,1,1.0,1,1.0,1,0.13115033518973737,40
2151,1,8903,1528,7375,0,0,0,1.0,1,1.0,1,1.0,1,0.11001531613632264,39
2152,3,8906,1529,7377,0,0,0,1.0,1,1.0,1,1.0,1,0.09313174403923466,40
2153,5,8911,1530,7381,0,0,0,1.0,1,1.0,1,1.0,1,0.13000035577571922,42
2154,2,8913,1531,7382,0,0,0,1.0,1,1.0,1,1.0,1,0.1848177865574342,42
2155,2,8915,1532,7383,0,0,0,1.0,1,1.0,1,1.0,1,0.1704708830656432,41
2156,1,8916,1532,7384,0,0,0,1.0,1,1.0,1,1.0,1,0.18109843700345687,40
2157,3,8919,1533,7386,0,0,0,1.0,1,1.0,1,1.0,1,0.22315037515887948,40
2158,4,8923,1534,7389,0,0,0,1.0,1,1.0,1,1.0,1,0.19188486850710865,38
2159,3,8926,1534,7392,0,0,0,1.0,1,1.0,1,1.0,1,0.17162181765366635,38
2160,1,8927,1535,7392,0,0,0,1.0,1,1.0,1,1.0,1,0.17562967475010102,38
2161,5,8932,1536,7396,0,0,0,1.0,1,1.0,1,1.0,1,0.10124340219726902,38
2162,2,8934,1537,7397,0,0,0,1.0,1,1.0,1,1.0,1,0.110876987142468,38
2163,4,8938,1539,7399,0,0,0,1.0,1,1.0,1,1.0,1,0.15489643185344149,40
2164,4,8942,1541,7401,0,0,0,1.0,1,1.0,1,1.0,1,0.15123286198175323,41
2165,1,8943,1541,7402,0,0,0,1.0,1,1.0,1,1.0,1,0.18516850370468524,42
2166,2,8945,1541,7404,0,0,0,1.0,1,1.0,1,1.0,1,0.18516850370468524,42
2167,3,8948,1541,7407,0,0,0,1.0,1,1.0,1,1.0,1,0.11959472463232733,43
2168,4,8952,1541,7411,0,0,0,1.0,1,1.0,1,1.0,1,0.1553845805818356,43
2169,7,8959,1541,7418,0,0,0,1.0,1,1.0,1,1.0,1,0.17324319834056662,45
2170,7,8966,1542,7424,0,0,0,1.0,1,1.0,1,1.0,1,0.14974183765955135,46
2171,8,8974,1542,7432,0,0,0,1.0,1,1.0,1,1.0,1,0.18935190268821966,48
2172,5,8979,1542,7437,0,0,0,1.0,1,1.0,1,1.0,1,0.15789480203088993,49
2173,6,8985,1544,7441,0,0,0,1.0,1,1.0,1,1.0,1,0.19470471237501943,49
2174,7,8992,1544,7448,0,0,0,1.0,1,1.0,1,1.0,1,0.16573366438084244,49
2175,5,8997,1544,7453,0,0,0,1.0,1,1.0,1,1.0,1,0.20328622173191738,49
2176,11,9008,1545,7463,0,0,0,1.0,1,1.0,1,1.0,1,0.19546099502240563,51
2177,8,9016,1546,7470,0,0,0,1.0,1,1.0,1,1.0,1,0.2260961118701471,51
2178,9,9025,1547,7478,0,0,0,1.0,1,1.0,1,1.0,1,0.22642740648148005,50
2179,6,9031,1548,7483,0,0,0,1.0,1,1.0,1,1.0,1,0.1554107874888934,49
2180,9,9040,1548,7492,0,0,0,1.0,1,1.0,1,1.0,1,0.16344623518310297,47
2181,4,9044,1550,7494,0,0,0,1.0,1,1.0,1,1.0,1,0.14507762343374433,47
2182,3,9047,1552,7495,0,0,0,1.0,1,1.0,1,1.0,1,0.15777007596622594,45
2183,1,9048,1553,7495,0,0,0,1.0,1,1.0,1,1.0,1,0.16070753620783013,44
2184,5,9053,1554,7499,0,0,0,1.0,1,1.0,1,1.0,1,0.14266889857507517,43
2185,5,9058,1558,7500,0,0,0,1.0,1,1.0,1,1.0,1,0.17876219223105905,40
2186,2,9060,1559,7501,0,0,0,1.0,1,1.0,1,1.0,1,0.1858921359075806,38
2187,3,9063,1562,7501,0,0,0,1.0,1,1.0,1,1.0,1,0.17746995665168255,35
2188,4,9067,1566,7501,0,0,0,1.0,1,1.0,1,1.0,1,0.22556337118412673,34
2189,1,9068,1567,7501,0,0,0,1.0,1,1.0,1,1.0,1,0.22224162968076067,31
2190,3,9071,1569,7502,0,0,0,1.0,1,1.0,1,1.0,1,0.21599185077009334,29
2191,0,9071,1569,7502,0,0,0,1.0,1,1.0,1,1.0,1,0.219491416838983,28
2192,1,9072,1570,7502,0,0,0,1.0,1,1.0,1,1.0,1,0.2683762999231148,29
2193,1,9073,1571,7502,0,0,0,1.0,1,1.0,1,1.0,1,0.31079347978009364,28
2194,0,9073,1571,7502,0,0,0,1.0,1,1.0,1,1.0,1,0.3177824635921718,27
2195,3,9076,1574,7502,0,0,0,1.0,1,1.0,1,1.0,1,0.3762400675433406,27
2196,4,9080,1575,7505,0,0,0,1.0,1,1.0,1,1.0,1,0.3719139676828537,27
2197,0,9080,1575,7505,0,0,0,1.0,1,1.0,1,1.0,1,0.3719139676828537,27
2198,0,9080,1575,7505,0,0,0,1.0,1,1.0,1,1.0,1,0.3451689436814928,28
2199,0,9080,1575,7505,0,0,0,1.0,1,1.0,1,1.0,1,0.36716080639080284,29
2200,1,9081,1575,7506,0,0,0,1.0,1,1.0,1,1.0,1,0.38527157744155993,31
2201,8,9089,1576,7513,0,0,0,1.0,1,1.0,1,1.0,1,0.21496286834534742,32
2202,1,9090,1577,7513,0,0,0,1.0,1,1.0,1,1.0,1,0.2560234662951747,31
2203,1,9091,1577,7514,0,0,0,1.0,1,1.0,1,1.0,1,0.21508060197832862,32
2204,1,9092,1578,7514,0,0,0,1.0,1,1.0,1,1.0,1,0.25910292816966335,32
2205,1,9093,1579,7514,0,0,0,1.0,1,1.0,1,1.0,1,0.28623333444844434,33
2206,0,9093,1579,7514,0,0,0,1.0,1,1.0,1,1.0,1,0.28197154980945616,32
2207,1,9094,1579,7515,0,0,0,1.0,1,1.0,1,1.0,1,0.2574182173697362,33
2208,6,9100,1580,7520,0,0,0,1.0,1,1.0,1,1.0,1,0.23770757301641268,35
2209,6,9106,1581,7525,0,0,0,1.0,1,1.0,1,1.0,1,0.27799102063785475,36
2210,6,9112,1581,7531,0,0,0,1.0,1,1.0,1,1.0,1,0.29946819078475845,35
2211,9,9121,1581,7540,0,0,0,1.0,1,1.0,1,1.0,1,0.25639930357813034,36
2212,7,9128,1581,7547,0,0,0,1.0,1,1.0,1,1.0,1,0.29139710223513704,37
2213,11,9139,1581,7558,0,0,0,1.0,1,1.0,1,1.0,1,0.30393342736121093,37
2214,15,9154,1581,7573,0,0,0,1.0,1,1.0,1,1.0,1,0.32013639691245144,39
2215,9,9163,1582,7581,0,0,0,1.0,1,1.0,1,1.0,1,0.3356851626815612,36
2216,5,9168,1582,7586,0,0,0,1.0,1,1.0,1,1.0,1,0.3353350040772077,37
2217,8,9176,1585,7591,0,0,0,1.0,1,1.0,1,1.0,1,0.34309710280091554,35
2218,11,9187,1587,7600,0,0,0,1.0,1,1.0,1,1.0,1,0.39168720153037234,35
2219,9,9196,1587,7609,0,0,0,1.0,1,1.0,1,1.0,1,0.37416153445725864,33
2220,2,9198,1587,7611,0,0,0,1.0,1,1.0,1,1.0,1,0.37328592760203017,31
2221,6,9204,1587,7617,0,0,0,1.0,1,1.0,1,1.0,1,0.16271894101328382,31
2222,1,9205,1587,7618,0,0,0,1.0,1,1.0,1,1.0,1,0.15569633972889274,30
2223,3,9208,1588,7620,0,0,0,1.0,1,1.0,1,1.0,1,0.08539452378438608,28
2224,5,9213,1590,7623,0,0,0,1.0,1,1.0,1,1.0,1,0.1395645940036387,29
2225,3,9216,1590,7626,0,0,0,1.0,1,1.0,1,1.0,1,0.1634466894847331,28
2226,4,9220,1591,7629,0,0,0,1.0,1,1.0,1,1.0,1,0.16180172770174767,30
2227,3,9223,1591,7632,0,0,0,1.0,1,1.0,1,1.0,1,0.24824946293175243,28
2228,5,9228,1592,7636,0,0,0,1.0,1,1.0,1,1.0,1,0.2736328558454561,29
2229,5,9233,1593,7640,0,0,0,1.0,1,1.0,1,1.0,1,0.28648892368207524,28
2230,3,9236,1593,7643,0,0,0,1.0,1,1.0,1,1.0,1,0.24206491045051556,28
2231,1,9237,1593,7644,0,0,0,1.0,1,1.0,1,1.0,1,0.23444894946924247,27
2232,2,9239,1593,7646,0,0,0,1.0,1,1.0,1,1.0,1,0.23002793065953553,27
2233,2,9241,1593,7648,0,0,0,1.0,1,1.0,1,1.0,1,0.19569266556969334,28
2234,4,9245,1595,7650,0,0,0,1.0,1,1.0,1,1.0,1,0.13728507697870884,26
2235,3,9248,1596,7652,0,0,0,1.0,1,1.0,1,1.0,1,0.1781834710651212,26
2236,1,9249,1597,7652,0,0,0,1.0,1,1.0,1,1.0,1,0.14937060513244177,26
2237,2,9251,1598,7653,0,0,0,1.0,1,1.0,1,1.0,1,0.18675729685626147,26
2238,5,9256,1601,7655,0,0,0,1.0,1,1.0,1,1.0,1,0.2031227865509826,27
2239,3,9259,1602,7657,0,0,0,1.0,1,1.0,1,1.0,1,0.24060204769256113,28
2240,4,9263,1604,7659,0,0,0,1.0,1,1.0,1,1.0,1,0.2505842610660954,30
2241,8,9271,1606,7665,0,0,0,1.0,1,1.0,1,1.0,1,0.253174329888676,29
2242,1,9272,1606,7666,0,0,0,1.0,1,1.0,1,1.0,1,0.27604661252001966,29
2243,3,9275,1608,7667,0,0,0,1.0,1,1.0,1,1.0,1,0.3274883367049517,29
2244,2,9277,1608,7669,0,0,0,1.0,1,1.0,1,1.0,1,0.29043118587188715,29
2245,4,9281,1609,7672,0,0,0,1.0,1,1.0,1,1.0,1,0.29467968945505474,30
2246,3,9284,1609,7675,0,0,0,1.0,1,1.0,1,1.0,1,0.23398730641332355,33
2247,2,9286,1609,7677,0,0,0,1.0,1,1.0,1,1.0,1,0.23505060646080672,34
2248,1,9287,1609,7678,0,0,0,1.0,1,1.0,1,1.0,1,0.21883740050840425,34
2249,1,9288,1609,7679,0,0,0,1.0,1,1.0,1,1.0,1,0.2058255140324359,35
2250,2,9290,1610,7680,0,0,0,1.0,1,1.0,1,1.0,1,0.21955199046523863,35
2251,1,9291,1610,7681,0,0,0,1.0,1,1.0,1,1.0,1,0.21093944741016546,36
2252,3,9294,1610,7684,0,0,0,1.0,1,1.0,1,1.0,1,0.208622231052686,37
2253,6,9300,1612,7688,0,0,0,1.0,1,1.0,1,1.0,1,0.21255417980867378,35
2254,1,9301,1612,7689,0,0,0,1.0,1,1.0,1,1.0,1,0.21434157821750366,33
2255,2,9303,1612,7691,0,0,0,1.0,1,1.0,1,1.0,1,0.12627347161268063,35
2256,1,9304,1612,7692,0,0,0,1.0,1,1.0,1,1.0,1,0.1512151488308356,34
2257,3,9307,1614,7693,0,0,0,1.0,1,1.0,1,1.0,1,0.15632310156045331,36
2258,5,9312,1615,7697,0,0,0,1.0,1,1.0,1,1.0,1,0.1908674054084489,35
2259,4,9316,1615,7701,0,0,0,1.0,1,1.0,1,1.0,1,0.18227616343372527,35
2260,3,9319,1615,7704,0,0,0,1.0,1,1.0,1,1.0,1,0.17187178051580346,33
2261,0,9319,1615,7704,0,0,0,1.0,1,1.0,1,1.0,1,0.17187178051580346,33
2262,1,9320,1616,7704,0,0,0,1.0,1,1.0,1,1.0,1,0.1985083061879932,32
2263,3,9323,1618,7705,0,0,0,1.0,1,1.0,1,1.0,1,0.2009262737842916,31
2264,1,9324,1619,7705,0,0,0,1.0,1,1.0,1,1.0,1,0.24046164804287695,30
2265,1,9325,1620,7705,0,0,0,1.0,1,1.0,1,1.0,1,0.21816060645531316,29
2266,6,9331,1623,7708,0,0,0,1.0,1,1.0,1,1.0,1,0.20367358964986232,30
2267,1,9332,1624,7708,0,0,0,1.0,1,1.0,1,1.0,1,0.21201454737499745,29
2268,1,9333,1625,7708,0,0,0,1.0,1,1.0,1,1.0,1,0.24566864678819658,30
2269,4,9337,1626,7711,0,0,0,1.0,1,1.0,1,1.0,1,0.2132483240377386,31
2270,1,9338,1627,7711,0,0,0,1.0,1,1.0,1,1.0,1,0.20783941870391662,31
2271,3,9341,1630,7711,0,0,0,1.0,1,1.0,1,1.0,1,0.19900166669098918,31
2272,1,9342,1631,7711,0,0,0,1.0,1,1.0,1,1.0,1,0.24358142717643208,31
2273,2,9344,1633,7711,0,0,0,1.0,1,1.0,1,1.0,1,0.30416261136872585,30
2274,0,9344,1633,7711,0,0,0,1.0,1,1.0,1,1.0,1,0.30407052400958595,31
2275,1,9345,1633,7712,0,0,0,1.0,1,1.0,1,1.0,1,0.2782415392609059,32
2276,1,9346,1634,7712,0,0,0,1.0,1,1.0,1,1.0,1,0.2979278352689128,31
2277,0,9346,1634,7712,0,0,0,1.0,1,1.0,1,1.0,1,0.3040598795718269,31
2278,2,9348,1634,7714,0,0,0,1.0,1,1.0,1,1.0,1,0.2866357365630318,32
2279,0,9348,1634,7714,0,0,0,1.0,1,1.0,1,1.0,1,0.29046786279174125,32
2280,0,9348,1634,7714,0,0,0,1.0,1,1.0,1,1.0,1,0.28095393690942455,33
2281,5,9353,1634,7719,0,0,0,1.0,1,1.0,1,1.0,1,0.14894167316465856,34
2282,0,9353,1634,7719,0,0,0,1.0,1,1.0,1,1.0,1,0.14894167316465856,34
2283,0,9353,1634,7719,0,0,0,1.0,1,1.0,1,1.0,1,0.14894167316465856,34
2284,2,9355,1635,7720,0,0,0,1.0,1,1.0,1,1.0,1,0.15901080634195505,34
2285,2,9357,1636,7721,0,0,0,1.0,1,1.0,1,1.0,1,0.1210906419398747,35
2286,1,9358,1636,7722,0,0,0,1.0,1,1.0,1,1.0,1,0.15327033809700072,34
2287,3,9361,1636,7725,0,0,0,1.0,1,1.0,1,1.0,1,0.10928796609020977,35
2288,1,9362,1636,7726,0,0,0,1.0,1,1.0,1,1.0,1,0.14537226745492418,35
2289,1,9363,1636,7727,0,0,0,1.0,1,1.0,1,1.0,1,0.12660674904456243,37
2290,1,9364,1637,7727,0,0,0,1.0,1,1.0,1,1.0,1,0.18793621332646449,37
2291,3,9367,1639,7728,0,0,0,1.0,1,1.0,1,1.0,1,0.21590275855259014,35
2292,5,9372,1640,7732,0,0,0,1.0,1,1.0,1,1.0,1,0.32443126564052926,35
2293,4,9376,1642,7734,0,0,0,1.0,1,1.0,1,1.0,1,0.31111353884957094,34
2294,3,9379,1642,7737,0,0,0,1.0,1,1.0,1,1.0,1,0.2909230448093421,33
2295,2,9381,1643,7738,0,0,0,1.0,1,1.0,1,1.0,1,0.2990129985769475,34
2296,4,9385,1643,7742,0,0,0,1.0,1,1.0,1,1.0,1,0.28015030230830856,33
2297,0,9385,1643,7742,0,0,0,1.0,1,1.0,1,1.0,1,0.306497848350631,32
2298,1,9386,1643,7743,0,0,0,1.0,1,1.0,1,1.0,1,0.3269392944958461,32
2299,4,9390,1644,7746,0,0,0,1.0,1,1.0,1,1.0,1,0.2596806351831107,33
2300,3,9393,1644,7749,0,0,0,1.0,1,1.0,1,1.0,1,0.2714522465411298,33
2301,8,9401,1646,7755,0,0,0,1.0,1,1.0,1,1.0,1,0.2414711594118363,33
2302,3,9404,1647,7757,0,0,0,1.0,1,1.0,1,1.0,1,0.22781342069309732,34
2303,4,9408,1649,7759,0,0,0,1.0,1,1.0,1,1.0,1,0.261245473623969,34
2304,3,9411,1651,7760,0,0,0,1.0,1,1.0,1,1.0,1,0.25132165995146377,33
2305,1,9412,1652,7760,0,0,0,1.0,1,1.0,1,1.0,1,0.28790453649576814,33
2306,5,9417,1653,7764,0,0,0,1.0,1,1.0,1,1.0,1,0.3029038533651564,33
2307,8,9425,1653,7772,0,0,0,1.0,1,1.0,1,1.0,1,0.2659585982893798,35
2308,6,9431,1655,7776,0,0,0,1.0,1,1.0,1,1.0,1,0.2712924128901896,34
2309,8,9439,1655,7784,0,0,0,1.0,1,1.0,1,1.0,1,0.24549187556268187,34
2310,5,9444,1655,7789,0,0,0,1.0,1,1.0,1,1.0,1,0.209995002519317,34
2311,8,9452,1656,7796,0,0,0,1.0,1,1.0,1,1.0,1,0.2260269828375863,35
2312,3,9455,1657,7798,0,0,0,1.0,1,1.0,1,1.0,1,0.20076684806995462,34
2313,4,9459,1657,7802,0,0,0,1.0,1,1.0,1,1.0,1,0.2526754812950142,35
2314,8,9467,1657,7810,0,0,0,1.0,1,1.0,1,1.0,1,0.2511769590293938,35
2315,4,9471,1657,7814,0,0,0,1.0,1,1.0,1,1.0,1,0.23602610359454543,34
2316,5,9476,1657,7819,0,0,0,1.0,1,1.0,1,1.0,1,0.2519260392733041,35
2317,5,9481,1657,7824,0,0,0,1.0,1,1.0,1,1.0,1,0.26481346066675054,32
2318,4,9485,1658,7827,0,0,0,1.0,1,1.0,1,1.0,1,0.26211262356126563,32
2319,1,9486,1658,7828,0,0,0,1.0,1,1.0,1,1.0,1,0.2768969910039944,32
2320,0,9486,1658,7828,0,0,0,1.0,1,1.0,1,1.0,1,0.2890603933575575,32
2321,10,9496,1658,7838,0,0,0,1.0,1,1.0,1,1.0,1,0.15749960739952956,33
2322,1,9497,1658,7839,0,0,0,1.0,1,1.0,1,1.0,1,0.1547248197893552,33
2323,0,9497,1658,7839,0,0,0,1.0,1,1.0,1,1.0,1,0.1547248197893552,33
2324,0,9497,1658,7839,0,0,0,1.0,1,1.0,1,1.0,1,0.16672339282044038,34
2325,0,9497,1658,7839,0,0,0,1.0,1,1.0,1,1.0,1,0.16439738568570472,35
2326,0,9497,1658,7839,0,0,0,1.0,1,1.0,1,1.0,1,0.16439738568570472,35
2327,2,9499,1658,7841,0,0,0,1.0,1,1.0,1,1.0,1,0.1477638524215427,36
2328,2,9501,1658,7843,0,0,0,1.0,1,1.0,1,1.0,1,0.1795366545015796,37
2329,6,9507,1658,7849,0,0,0,1.0,1,1.0,1,1.0,1,0.20158331263096665,37
2330,5,9512,1658,7854,0,0,0,1.0,1,1.0,1,1.0,1,0.1768069336995567,38
2331,3,9515,1658,7857,0,0,0,1.0,1,1.0,1,1.0,1,0.19923252502827196,40
2332,6,9521,1658,7863,0,0,0,1.0,1,1.0,1,1.0,1,0.19923252502827196,40
2333,5,9526,1659,7867,0,0,0,1.0,1,1.0,1,1.0,1,0.20113510251030667,41
2334,5,9531,1659,7872,0,0,0,1.0,1,1.0,1,1.0,1,0.22853496976348925,41
2335,7,9538,1659,7879,0,0,0,1.0,1,1.0,1,1.0,1,0.23212134449420047,41
2336,9,9547,1659,7888,0,0,0,1.0,1,1.0,1,1.0,1,0.21435533635371617,41
2337,11,9558,1659,7899,0,0,0,1.0,1,1.0,1,1.0,1,0.22104339247688437,42
2338,4,9562,1659,7903,0,0,0,1.0,1,1.0,1,1.0,1,0.21522027261184998,43
2339,8,9570,1659,7911,0,0,0,1.0,1,1.0,1,1.0,1,0.21486215880361859,43
2340,5,9575,1659,7916,0,0,0,1.0,1,1.0,1,1.0,1,0.18856102921701598,45
2341,4,9579,1659,7920,0,0,0,1.0,1,1.0,1,1.0,1,0.10548791131784796,45
2342,6,9585,1659,7926,0,0,0,1.0,1,1.0,1,1.0,1,0.09509540817452312,46
2343,6,9591,1660,7931,0,0,0,1.0,1,1.0,1,1.0,1,0.10607827140404807,45
2344,4,9595,1662,7933,0,0,0,1.0,1,1.0,1,1.0,1,0.12321209370221514,44
2345,4,9599,1662,7937,0,0,0,1.0,1,1.0,1,1.0,1,0.17060897086597065,44
2346,4,9603,1663,7940,0,0,0,1.0,1,1.0,1,1.0,1,0.17483756858331712,44
2347,7,9610,1664,7946,0,0,0,1.0,1,1.0,1,1.0,1,0.17198177633428538,44
2348,4,9614,1664,7950,0,0,0,1.0,1,1.0,1,1.0,1,0.1773277160978354,45
2349,7,9621,1665,7956,0,0,0,1.0,1,1.0,1,1.0,1,0.1565848476943784,46
2350,8,9629,1665,7964,0,0,0,1.0,1,1.0,1,1.0,1,0.16764226607720586,47
2351,6,9635,1665,7970,0,0,0,1.0,1,1.0,1,1.0,1,0.16221233442385752,47
2352,10,9645,1666,7979,0,0,0,1.0,1,1.0,1,1.0,1,0.1433491307416195,47
2353,3,9648,1666,7982,0,0,0,1.0,1,1.0,1,1.0,1,0.12782777257263428,46
2354,6,9654,1667,7987,0,0,0,1.0,1,1.0,1,1.0,1,0.16024620552487356,47
2355,5,9659,1668,7991,0,0,0,1.0,1,1.0,1,1.0,1,0.144602762069885,47
2356,5,9664,1669,7995,0,0,0,1.0,1,1.0,1,1.0,1,0.1625591515655253,47
2357,9,9673,1671,8002,0,0,0,1.0,1,1.0,1,1.0,1,0.15111470651796982,47
2358,6,9679,1672,8007,0,0,0,1.0,1,1.0,1,1.0,1,0.19537173455476645,48
2359,5,9684,1672,8012,0,0,0,1.0,1,1.0,1,1.0,1,0.17721937738848137,49
2360,9,9693,1673,8020,0,0,0,1.0,1,1.0,1,1.0,1,0.16440396108174532,49
2361,4,9697,1673,8024,0,0,0,1.0,1,1.0,1,1.0,1,0.1000766941247957,50
2362,4,9701,1673,8028,0,0,0,1.0,1,1.0,1,1.0,1,0.10925808948663547,51
2363,1,9702,1673,8029,0,0,0,1.0,1,1.0,1,1.0,1,0.09855046693169167,51
2364,2,9704,1673,8031,0,0,0,1.0,1,1.0,1,1.0,1,0.1103317569854781,52
2365,6,9710,1674,8036,0,0,0,1.0,1,1.0,1,1.0,1,0.1012341702398579,53
2366,7,9717,1674,8043,0,0,0,1.0,1,1.0,1,1.0,1,0.0927855771904188,54
2367,5,9722,1678,8044,0,0,0,1.0,1,1.0,1,1.0,1,0.04951822689052418,52
2368,6,9728,1680,8048,0,0,0,1.0,1,1.0,1,1.0,1,0.11931041445954871,51
2369,3,9731,1681,8050,0,0,0,1.0,1,1.0,1,1.0,1,0.1254009605015338,51
2370,8,9739,1684,8055,0,0,0,1.0,1,1.0,1,1.0,1,0.17215037213675055,52
2371,7,9746,1686,8060,0,0,0,1.0,1,1.0,1,1.0,1,0.20431345130604794,52
2372,2,9748,1687,8061,0,0,0,1.0,1,1.0,1,1.0,1,0.1930628699473915,49
2373,0,9748,1687,8061,0,0,0,1.0,1,1.0,1,1.0,1,0.19330281190483453,47
2374,1,9749,1687,8062,0,0,0,1.0,1,1.0,1,1.0,1,0.18233800154149485,45
2375,1,9750,1687,8063,0,0,0,1.0,1,1.0,1,1.0,1,0.17412454309008357,45
2376,1,9751,1687,8064,0,0,0,1.0,1,1.0,1,1.0,1,0.15938637337902695,43
2377,1,9752,1687,8065,0,0,0,1.0,1,1.0,1,1.0,1,0.1368567703126445,44
2378,0,9752,1687,8065,0,0,0,1.0,1,1.0,1,1.0,1,0.13326299041710962,43
2379,0,9752,1687,8065,0,0,0,1.0,1,1.0,1,1.0,1,0.13326299041710962,43
2380,0,9752,1687,8065,0,0,0,1.0,1,1.0,1,1.0,1,0.13326299041710962,43
2381,7,9759,1689,8070,0,0,0,1.0,1,1.0,1,1.0,1,0.11275812307505508,44
2382,2,9761,1690,8071,0,0,0,1.0,1,1.0,1,1.0,1,0.13678273877623998,44
2383,6,9767,1692,8075,0,0,0,1.0,1,1.0,1,1.0,1,0.1724579809768989,45
2384,10,9777,1695,8082,0,0,0,1.0,1,1.0,1,1.0,1,0.20152062243711982,45
2385,4,9781,1695,8086,0,0,0,1.0,1,1.0,1,1.0,1,0.14656581408294594,45
2386,4,9785,1697,8088,0,0,0,1.0,1,1.0,1,1.0,1,0.19137523879051757,46
2387,8,9793,1699,8094,0,0,0,1.0,1,1.0,1,1.0,1,0.10762025557590416,44
2388,5,9798,1700,8098,0,0,0,1.0,1,1.0,1,1.0,1,0.1715397879420924,44
2389,4,9802,1701,8101,0,0,0,1.0,1,1.0,1,1.0,1,0.14146377725021358,43
2390,8,9810,1703,8107,0,0,0,1.0,1,1.0,1,1.0,1,0.1304513334523114,44
2391,5,9815,1704,8111,0,0,0,1.0,1,1.0,1,1.0,1,0.15123764152576796,43
2392,5,9820,1706,8114,0,0,0,1.0,1,1.0,1,1.0,1,0.18907207730833112,44
2393,5,9825,1707,8118,0,0,0,1.0,1,1.0,1,1.0,1,0.19539218707750586,45
2394,7,9832,1708,8124,0,0,0,1.0,1,1.0,1,1.0,1,0.22345095025562067,44
2395,7,9839,1708,8131,0,0,0,1.0,1,1.0,1,1.0,1,0.23564692239246426,44
2396,9,9848,1710,8138,0,0,0,1.0,1,1.0,1,1.0,1,0.2359985897605877,45
2397,12,9860,1710,8150,0,0,0,1.0,1,1.0,1,1.0,1,0.3002432448997038,44
2398,10,9870,1711,8159,0,0,0,1.0,1,1.0,1,1.0,1,0.30930430558825606,44
2399,10,9880,1711,8169,0,0,0,1.0,1,1.0,1,1.0,1,0.29665420493574135,45
2400,13,9893,1711,8182,0,0,0,1.0,1,1.0,1,1.0,1,0.2617011876397055,45
2401,6,9899,1711,8188,0,0,0,1.0,1,1.0,1,1.0,1,0.14026990610718415,46
2402,4,9903,1711,8192,0,0,0,1.0,1,1.0,1,1.0,1,0.14052048274473009,47
2403,4,9907,1712,8195,0,0,0,1.0,1,1.0,1,1.0,1,0.15372915835638698,48
2404,3,9910,1713,8197,0,0,0,1.0,1,1.0,1,1.0,1,0.17251118313146313,47
2405,3,9913,1713,8200,0,0,0,1.0,1,1.0,1,1.0,1,0.18622437117977136,45
2406,4,9917,1713,8204,0,0,0,1.0,1,1.0,1,1.0,1,0.15105366296238865,45
2407,3,9920,1713,8207,0,0,0,1.0,1,1.0,1,1.0,1,0.1728006673571624,42
2408,4,9924,1714,8210,0,0,0,1.0,1,1.0,1,1.0,1,0.17680285483015612,41
2409,3,9927,1714,8213,0,0,0,1.0,1,1.0,1,1.0,1,0.18345368716425772,41
2410,4,9931,1714,8217,0,0,0,1.0,1,1.0,1,1.0,1,0.16119692038203065,40
2411,2,9933,1714,8219,0,0,0,1.0,1,1.0,1,1.0,1,0.1434385052942028,40
2412,2,9935,1714,8221,0,0,0,1.0,1,1.0,1,1.0,1,0.1442862937802925,38
2413,4,9939,1716,8223,0,0,0,1.0,1,1.0,1,1.0,1,0.15776127135005347,38
2414,2,9941,1716,8225,0,0,0,1.0,1,1.0,1,1.0,1,0.20383398314646242,36
2415,5,9946,1719,8227,0,0,0,1.0,1,1.0,1,1.0,1,0.22893875737766994,36
2416,6,9952,1720,8232,0,0,0,1.0,1,1.0,1,1.0,1,0.2295135268039158,35
2417,5,9957,1720,8237,0,0,0,1.0,1,1.0,1,1.0,1,0.3304654040297798,33
2418,5,9962,1720,8242,0,0,0,1.0,1,1.0,1,1.0,1,0.31347409698444156,33
2419,11,9973,1722,8251,0,0,0,1.0,1,1.0,1,1.0,1,0.29961776534478085,33
2420,6,9979,1723,8256,0,0,0,1.0,1,1.0,1,1.0,1,0.25756919977843834,34
2421,6,9985,1724,8261,0,0,0,1.0,1,1.0,1,1.0,1,0.21799160728921677,34
2422,5,9990,1725,8265,0,0,0,1.0,1,1.0,1,1.0,1,0.17670605128559752,35
2423,5,9995,1726,8269,0,0,0,1.0,1,1.0,1,1.0,1,0.13908338109886448,36
2424,4,9999,1728,8271,0,0,0,1.0,1,1.0,1,1.0,1,0.13725624466624814,35
2425,0,9999,1728,8271,0,0,0,1.0,1,1.0,1,1.0,1,0.1495662426849724,33
2426,0,9999,1728,8271,0,0,0,1.0,1,1.0,1,1.0,1,0.1464143604266428,34
2427,3,10002,1728,8274,0,0,0,1.0,1,1.0,1,1.0,1,0.20409492345970928,34
2428,3,10005,1730,8275,0,0,0,1.0,1,1.0,1,1.0,1,0.21824460643278382,34
2429,5,10010,1731,8279,0,0,0,1.0,1,1.0,1,1.0,1,0.2268765508301062,34
2430,4,10014,1731,8283,0,0,0,1.0,1,1.0,1,1.0,1,0.24971405572776598,33
2431,4,10018,1733,8285,0,0,0,1.0,1,1.0,1,1.0,1,0.2075358101426777,33
2432,0,10018,1733,8285,0,0,0,1.0,1,1.0,1,1.0,1,0.25317624280140505,33
2433,3,10021,1734,8287,0,0,0,1.0,1,1.0,1,1.0,1,0.2011206567884272,34
2434,3,10024,1734,8290,0,0,0,1.0,1,1.0,1,1.0,1,0.22033618529285715,34
2435,1,10025,1735,8290,0,0,0,1.0,1,1.0,1,1.0,1,0.20096511694415273,34
2436,0,10025,1735,8290,0,0,0,1.0,1,1.0,1,1.0,1,0.22813148599295782,33
2437,0,10025,1735,8290,0,0,0,1.0,1,1.0,1,1.0,1,0.22813148599295782,33
2438,1,10026,1736,8290,0,0,0,1.0,1,1.0,1,1.0,1,0.2139183018897236,34
2439,2,10028,1736,8292,0,0,0,1.0,1,1.0,1,1.0,1,0.2327554380109131,35
2440,5,10033,1737,8296,0,0,0,1.0,1,1.0,1,1.0,1,0.21106086504134386,35
2441,5,10038,1740,8298,0,0,0,1.0,1,1.0,1,1.0,1,0.15405598937501744,35
2442,0,10038,1740,8298,0,0,0,1.0,1,1.0,1,1.0,1,0.12297789891220132,35
2443,4,10042,1743,8299,0,0,0,1.0,1,1.0,1,1.0,1,0.14366620991211718,35
2444,4,10046,1745,8301,0,0,0,1.0,1,1.0,1,1.0,1,0.14817593038748597,34
2445,3,10049,1746,8303,0,0,0,1.0,1,1.0,1,1.0,1,0.2415974956727564,33
2446,5,10054,1747,8307,0,0,0,1.0,1,1.0,1,1.0,1,0.29071390238251227,30
2447,3,10057,1749,8308,0,0,0,1.0,1,1.0,1,1.0,1,0.15738712691154993,29
2448,2,10059,1751,8308,0,0,0,1.0,1,1.0,1,1.0,1,0.18142748301890582,27
2449,1,10060,1752,8308,0,0,0,1.0,1,1.0,1,1.0,1,0.2481928048689036,26
2450,8,10068,1754,8314,0,0,0,1.0,1,1.0,1,1.0,1,0.27273483553973293,28
2451,2,10070,1754,8316,0,0,0,1.0,1,1.0,1,1.0,1,0.27273483553973293,28
2452,3,10073,1756,8317,0,0,0,1.0,1,1.0,1,1.0,1,0.24755187623672534,29
2453,2,10075,1756,8319,0,0,0,1.0,1,1.0,1,1.0,1,0.29563530550602457,30
2454,2,10077,1756,8321,0,0,0,1.0,1,1.0,1,1.0,1,0.2545116026039513,32
2455,7,10084,1758,8326,0,0,0,1.0,1,1.0,1,1.0,1,0.32613560214719317,33
2456,9,10093,1759,8334,0,0,0,1.0,1,1.0,1,1.0,1,0.34157690789307693,34
2457,5,10098,1760,8338,0,0,0,1.0,1,1.0,1,1.0,1,0.2503071434413249,34
2458,6,10104,1760,8344,0,0,0,1.0,1,1.0,1,1.0,1,0.2664477958508502,36
2459,3,10107,1760,8347,0,0,0,1.0,1,1.0,1,1.0,1,0.22728845635179903,36
2460,3,10110,1760,8350,0,0,0,1.0,1,1.0,1,1.0,1,0.22995538964805584,37
2461,6,10116,1761,8355,0,0,0,1.0,1,1.0,1,1.0,1,0.1379475226654956,37
2462,2,10118,1763,8355,0,0,0,1.0,1,1.0,1,1.0,1,0.15942854927284927,38
2463,1,10119,1763,8356,0,0,0,1.0,1,1.0,1,1.0,1,0.14788089031623672,38
2464,1,10120,1764,8356,0,0,0,1.0,1,1.0,1,1.0,1,0.11437334578675912,37
2465,1,10121,1765,8356,0,0,0,1.0,1,1.0,1,1.0,1,0.14575984964277264,36
2466,3,10124,1768,8356,0,0,0,1.0,1,1.0,1,1.0,1,0.13284608595341432,36
2467,0,10124,1768,8356,0,0,0,1.0,1,1.0,1,1.0,1,0.17573149243615827,34
2468,3,10127,1770,8357,0,0,0,1.0,1,1.0,1,1.0,1,0.18946432987419853,33
2469,1,10128,1771,8357,0,0,0,1.0,1,1.0,1,1.0,1,0.19770295221216477,32
2470,6,10134,1774,8360,0,0,0,1.0,1,1.0,1,1.0,1,0.2412391154123284,33
2471,0,10134,1774,8360,0,0,0,1.0,1,1.0,1,1.0,1,0.2723893623487998,31
2472,0,10134,1774,8360,0,0,0,1.0,1,1.0,1,1.0,1,0.27623552306389554,32
2473,1,10135,1774,8361,0,0,0,1.0,1,1.0,1,1.0,1,0.28718442286890633,31
2474,5,10140,1775,8365,0,0,0,1.0,1,1.0,1,1.0,1,0.2535501778471477,33
2475,2,10142,1776,8366,0,0,0,1.0,1,1.0,1,1.0,1,0.30370113385814584,33
2476,2,10144,1778,8366,0,0,0,1.0,1,1.0,1,1.0,1,0.2927303497229903,33
2477,6,10150,1779,8371,0,0,0,1.0,1,1.0,1,1.0,1,0.3430665639931743,33
2478,5,10155,1781,8374,0,0,0,1.0,1,1.0,1,1.0,1,0.27105238271470794,33
2479,2,10157,1783,8374,0,0,0,1.0,1,1.0,1,1.0,1,0.303004908448856,33
2480,3,10160,1784,8376,0,0,0,1.0,1,1.0,1,1.0,1,0.30155375335592094,34
2481,7,10167,1786,8381,0,0,0,1.0,1,1.0,1,1.0,1,0.19113537297998587,33
2482,3,10170,1787,8383,0,0,0,1.0,1,1.0,1,1.0,1,0.1976033614112347,34
2483,2,10172,1787,8385,0,0,0,1.0,1,1.0,1,1.0,1,0.16350902919141616,33
2484,1,10173,1787,8386,0,0,0,1.0,1,1.0,1,1.0,1,0.15480940526713416,32
2485,1,10174,1787,8387,0,0,0,1.0,1,1.0,1,1.0,1,0.18175646124972172,31
2486,4,10178,1787,8391,0,0,0,1.0,1,1.0,1,1.0,1,0.16839279848414107,29
2487,2,10180,1787,8393,0,0,0,1.0,1,1.0,1,1.0,1,0.16839279848414107,29
2488,4,10184,1788,8396,0,0,0,1.0,1,1.0,1,1.0,1,0.14202406298201647,30
2489,2,10186,1788,8398,0,0,0,1.0,1,1.0,1,1.0,1,0.16288355675311933,29
2490,4,10190,1790,8400,0,0,0,1.0,1,1.0,1,1.0,1,0.27757114204003275,30
2491,2,10192,1790,8402,0,0,0,1.0,1,1.0,1,1.0,1,0.271445217476446,30
2492,3,10195,1790,8405,0,0,0,1.0,1,1.0,1,1.0,1,0.21347665843630978,29
2493,1,10196,1790,8406,0,0,0,1.0,1,1.0,1,1.0,1,0.2586668972758745,29
2494,2,10198,1790,8408,0,0,0,1.0,1,1.0,1,1.0,1,0.2558297753682452,28
2495,2,10200,1791,8409,0,0,0,1.0,1,1.0,1,1.0,1,0.2482659133095967,29
2496,2,10202,1791,8411,0,0,0,1.0,1,1.0,1,1.0,1,0.22280002856218373,28
2497,1,10203,1791,8412,0,0,0,1.0,1,1.0,1,1.0,1,0.2962690974997426,28
2498,1,10204,1791,8413,0,0,0,1.0,1,1.0,1,1.0,1,0.2895256687029041,29
2499,2,10206,1792,8414,0,0,0,1.0,1,1.0,1,1.0,1,0.3807565124346499,30
2500,5,10211,1793,8418,0,0,0,1.0,1,1.0,1,1.0,1,0.23583846677973577,29
2501,3,10214,1793,8421,0,0,0,1.0,1,1.0,1,1.0,1,0.19275511332792974,33
2502,2,10216,1794,8422,0,0,0,1.0,1,1.0,1,1.0,1,0.18756920427017032,33
2503,2,10218,1795,8423,0,0,0,1.0,1,1.0,1,1.0,1,0.16313802809214473,31
2504,7,10225,1799,8426,0,0,0,1.0,1,1.0,1,1.0,1,0.21428077814878355,31
2505,4,10229,1799,8430,0,0,0,1.0,1,1.0,1,1.0,1,0.18044555146070645,32
2506,4,10233,1802,8431,0,0,0,1.0,1,1.0,1,1.0,1,0.27011676554872954,31
2507,2,10235,1803,8432,0,0,0,1.0,1,1.0,1,1.0,1,0.28985686045790093,29
2508,9,10244,1806,8438,0,0,0,1.0,1,1.0,1,1.0,1,0.28325809574291655,31
2509,4,10248,1807,8441,0,0,0,1.0,1,1.0,1,1.0,1,0.26849216055364683,30
2510,8,10256,1807,8449,0,0,0,1.0,1,1.0,1,1.0,1,0.2686927069278437,31
2511,5,10261,1807,8454,0,0,0,1.0,1,1.0,1,1.0,1,0.20451187025716894,32
2512,4,10265,1808,8457,0,0,0,1.0,1,1.0,1,1.0,1,0.2388195833126397,32
2513,6,10271,1810,8461,0,0,0,1.0,1,1.0,1,1.0,1,0.1446681898486088,34
2514,6,10277,1811,8466,0,0,0,1.0,1,1.0,1,1.0,1,0.15255554836639612,35
2515,6,10283,1813,8470,0,0,0,1.0,1,1.0,1,1.0,1,0.1597975757467389,35
2516,1,10284,1813,8471,0,0,0,1.0,1,1.0,1,1.0,1,0.18378626930096753,34
2517,4,10288,1815,8473,0,0,0,1.0,1,1.0,1,1.0,1,0.18275384871508835,34
2518,2,10290,1816,8474,0,0,0,1.0,1,1.0,1,1.0,1,0.18201970377456714,33
2519,0,10290,1816,8474,0,0,0,1.0,1,1.0,1,1.0,1,0.1755121348892299,32
2520,1,10291,1817,8474,0,0,0,1.0,1,1.0,1,1.0,1,0.21554259466635162,31
2521,2,10293,1818,8475,0,0,0,1.0,1,1.0,1,1.0,1,0.1620540806987518,31
2522,1,10294,1819,8475,0,0,0,1.0,1,1.0,1,1.0,1,0.2537686894040802,30
2523,0,10294,1819,8475,0,0,0,1.0,1,1.0,1,1.0,1,0.22021430444532353,30
2524,2,10296,1819,8477,0,0,0,1.0,1,1.0,1,1.0,1,0.23407198814801003,29
2525,3,10299,1820,8479,0,0,0,1.0,1,1.0,1,1.0,1,0.2310846391279541,29
2526,0,10299,1820,8479,0,0,0,1.0,1,1.0,1,1.0,1,0.24962418561004943,27
2527,0,10299,1820,8479,0,0,0,1.0,1,1.0,1,1.0,1,0.25397129976522265,28
2528,0,10299,1820,8479,0,0,0,1.0,1,1.0,1,1.0,1,0.25397129976522265,28
2529,0,10299,1820,8479,0,0,0,1.0,1,1.0,1,1.0,1,0.25397129976522265,28
2530,0,10299,1820,8479,0,0,0,1.0,1,1.0,1,1.0,1,0.2582711848495148,29
2531,1,10300,1820,8480,0,0,0,1.0,1,1.0,1,1.0,1,0.22571154391603546,30
2532,2,10302,1820,8482,0,0,0,1.0,1,1.0,1,1.0,1,0.18179488920664863,31
2533,0,10302,1820,8482,0,0,0,1.0,1,1.0,1,1.0,1,0.18179488920664863,31
2534,1,10303,1820,8483,0,0,0,1.0,1,1.0,1,1.0,1,0.1493441807957112,31
2535,1,10304,1821,8483,0,0,0,1.0,1,1.0,1,1.0,1,0.20149008735374474,31
2536,3,10307,1822,8485,0,0,0,1.0,1,1.0,1,1.0,1,0.25901229991313524,32
2537,1,10308,1822,8486,0,0,0,1.0,1,1.0,1,1.0,1,0.19733142405501236,33
2538,2,10310,1823,8487,0,0,0,1.0,1,1.0,1,1.0,1,0.26408350416701826,35
2539,9,10319,1825,8494,0,0,0,1.0,1,1.0,1,1.0,1,0.30684448239942685,37
2540,4,10323,1826,8497,0,0,0,1.0,1,1.0,1,1.0,1,0.32968604362902854,38
2541,6,10329,1827,8502,0,0,0,1.0,1,1.0,1,1.0,1,0.2223211395061754,39
2542,3,10332,1828,8504,0,0,0,1.0,1,1.0,1,1.0,1,0.20601860465360738,38
2543,6,10338,1832,8506,0,0,0,1.0,1,1.0,1,1.0,1,0.21309955258524316,41
2544,7,10345,1834,8511,0,0,0,1.0,1,1.0,1,1.0,1,0.2326018649575281,39
2545,8,10353,1835,8518,0,0,0,1.0,1,1.0,1,1.0,1,0.22752574174862467,40
2546,1,10354,1835,8519,0,0,0,1.0,1,1.0,1,1.0,1,0.21229218447620357,38
2547,7,10361,1839,8522,0,0,0,1.0,1,1.0,1,1.0,1,0.2715586259727648,38
2548,5,10366,1839,8527,0,0,0,1.0,1,1.0,1,1.0,1,0.2586985937961707,35
2549,10,10376,1841,8535,0,0,0,1.0,1,1.0,1,1.0,1,0.32028515147606595,35
2550,4,10380,1842,8538,0,0,0,1.0,1,1.0,1,1.0,1,0.323892467846616,33
2551,2,10382,1842,8540,0,0,0,1.0,1,1.0,1,1.0,1,0.349308983313048,31
2552,2,10384,1842,8542,0,0,0,1.0,1,1.0,1,1.0,1,0.33701733335543466,30
2553,1,10385,1842,8543,0,0,0,1.0,1,1.0,1,1.0,1,0.3218996706913887,30
2554,4,10389,1843,8546,0,0,0,1.0,1,1.0,1,1.0,1,0.27756841011597727,32
2555,3,10392,1844,8548,0,0,0,1.0,1,1.0,1,1.0,1,0.317253751155665,32
2556,3,10395,1845,8550,0,0,0,1.0,1,1.0,1,1.0,1,0.3256424948882554,32
2557,2,10397,1845,8552,0,0,0,1.0,1,1.0,1,1.0,1,0.33351672215184686,30
2558,5,10402,1845,8557,0,0,0,1.0,1,1.0,1,1.0,1,0.3293824848890185,31
2559,1,10403,1845,8558,0,0,0,1.0,1,1.0,1,1.0,1,0.33871452999460344,30
2560,2,10405,1845,8560,0,0,0,1.0,1,1.0,1,1.0,1,0.32098338171816043,30
2561,8,10413,1845,8568,0,0,0,1.0,1,1.0,1,1.0,1,0.13441806439634518,30
2562,6,10419,1845,8574,0,0,0,1.0,1,1.0,1,1.0,1,0.11404270189204721,33
2563,2,10421,1845,8576,0,0,0,1.0,1,1.0,1,1.0,1,0.11404270189204721,33
2564,2,10423,1845,8578,0,0,0,1.0,1,1.0,1,1.0,1,0.11768973232053498,33
2565,1,10424,1845,8579,0,0,0,1.0,1,1.0,1,1.0,1,0.13655544265198716,33
2566,6,10430,1845,8585,0,0,0,1.0,1,1.0,1,1.0,1,0.13224462767318695,35
2567,7,10437,1846,8591,0,0,0,1.0,1,1.0,1,1.0,1,0.18233398897630296,36
2568,8,10445,1847,8598,0,0,0,1.0,1,1.0,1,1.0,1,0.18001238993167612,37
2569,7,10452,1847,8605,0,0,0,1.0,1,1.0,1,1.0,1,0.1676473523082685,37
2570,4,10456,1847,8609,0,0,0,1.0,1,1.0,1,1.0,1,0.22507669334863198,37
2571,3,10459,1847,8612,0,0,0,1.0,1,1.0,1,1.0,1,0.2111595982772497,37
2572,8,10467,1847,8620,0,0,0,1.0,1,1.0,1,1.0,1,0.18846019346312637,39
2573,5,10472,1847,8625,0,0,0,1.0,1,1.0,1,1.0,1,0.2050444031848763,39
2574,7,10479,1848,8631,0,0,0,1.0,1,1.0,1,1.0,1,0.17031896375588532,38
2575,8,10487,1848,8639,0,0,0,1.0,1,1.0,1,1.0,1,0.17031896375588532,38
2576,8,10495,1848,8647,0,0,0,1.0,1,1.0,1,1.0,1,0.196936147893882,37
2577,6,10501,1848,8653,0,0,0,1.0,1,1.0,1,1.0,1,0.1900157035683383,39
2578,7,10508,1848,8660,0,0,0,1.0,1,1.0,1,1.0,1,0.1950134882084044,40
2579,12,10520,1848,8672,0,0,0,1.0,1,1.0,1,1.0,1,0.16010024809171866,41
2580,9,10529,1848,8681,0,0,0,1.0,1,1.0,1,1.0,1,0.17631474810339368,42
2581,1,10530,1848,8682,0,0,0,1.0,1,1.0,1,1.0,1,0.14679511381447155,43
2582,0,10530,1848,8682,0,0,0,1.0,1,1.0,1,1.0,1,0.14679511381447155,43
2583,0,10530,1848,8682,0,0,0,1.0,1,1.0,1,1.0,1,0.14585849539565493,43
2584,3,10533,1848,8685,0,0,0,1.0,1,1.0,1,1.0,1,0.14146350922269388,43
2585,3,10536,1850,8686,0,0,0,1.0,1,1.0,1,1.0,1,0.15015786874437667,44
2586,3,10539,1850,8689,0,0,0,1.0,1,1.0,1,1.0,1,0.12210108471545489,43
2587,4,10543,1852,8691,0,0,0,1.0,1,1.0,1,1.0,1,0.1275291290349692,44
2588,1,10544,1852,8692,0,0,0,1.0,1,1.0,1,1.0,1,0.10701467363541348,44
2589,3,10547,1853,8694,0,0,0,1.0,1,1.0,1,1.0,1,0.11704386536729616,44
2590,2,10549,1854,8695,0,0,0,1.0,1,1.0,1,1.0,1,0.08910934319718518,44
2591,0,10549,1854,8695,0,0,0,1.0,1,1.0,1,1.0,1,0.08910934319718518,44
2592,0,10549,1854,8695,0,0,0,1.0,1,1.0,1,1.0,1,0.08910934319718518,44
2593,0,10549,1854,8695,0,0,0,1.0,1,1.0,1,1.0,1,0.06901004752325679,43
2594,6,10555,1857,8698,0,0,0,1.0,1,1.0,1,1.0,1,0.07717414763581591,48
2595,3,10558,1857,8701,0,0,0,1.0,1,1.0,1,1.0,1,0.07112876313101403,45
2596,5,10563,1859,8704,0,0,0,1.0,1,1.0,1,1.0,1,0.09571807511638863,46
2597,5,10568,1861,8707,0,0,0,1.0,1,1.0,1,1.0,1,0.11235200363837797,45
2598,2,10570,1862,8708,0,0,0,1.0,1,1.0,1,1.0,1,0.15442967294158638,45
2599,2,10572,1864,8708,0,0,0,1.0,1,1.0,1,1.0,1,0.1832364302320774,45
2600,5,10577,1865,8712,0,0,0,1.0,1,1.0,1,1.0,1,0.14056890300317365,48
2601,4,10581,1865,8716,0,0,0,1.0,1,1.0,1,1.0,1,0.08255515857239992,47
2602,1,10582,1865,8717,0,0,0,1.0,1,1.0,1,1.0,1,0.11549641802131554,48
2603,2,10584,1865,8719,0,0,0,1.0,1,1.0,1,1.0,1,0.09645171243858976,48
2604,0,10584,1865,8719,0,0,0,1.0,1,1.0,1,1.0,1,0.09921920551922843,47
2605,3,10587,1867,8720,0,0,0,1.0,1,1.0,1,1.0,1,0.13315972947498067,47
2606,1,10588,1867,8721,0,0,0,1.0,1,1.0,1,1.0,1,0.1017117627470662,46
2607,2,10590,1868,8722,0,0,0,1.0,1,1.0,1,1.0,1,0.15098530623078332,45
2608,5,10595,1871,8724,0,0,0,1.0,1,1.0,1,1.0,1,0.1770779682226109,45
2609,2,10597,1872,8725,0,0,0,1.0,1,1.0,1,1.0,1,0.15914198595700407,44
2610,4,10601,1873,8728,0,0,0,1.0,1,1.0,1,1.0,1,0.16505376395818602,45
2611,4,10605,1875,8730,0,0,0,1.0,1,1.0,1,1.0,1,0.17840028453928589,46
2612,2,10607,1876,8731,0,0,0,1.0,1,1.0,1,1.0,1,0.20134952684650473,47
2613,5,10612,1877,8735,0,0,0,1.0,1,1.0,1,1.0,1,0.19390216706389432,48
2614,5,10617,1879,8738,0,0,0,1.0,1,1.0,1,1.0,1,0.2484119106114568,48
2615,6,10623,1881,8742,0,0,0,1.0,1,1.0,1,1.0,1,0.23580769856213216,49
2616,6,10629,1881,8748,0,0,0,1.0,1,1.0,1,1.0,1,0.25430533687309165,49
2617,6,10635,1881,8754,0,0,0,1.0,1,1.0,1,1.0,1,0.2520080490453673,48
2618,5,10640,1881,8759,0,0,0,1.0,1,1.0,1,1.0,1,0.23181224029645242,47
2619,3,10643,1881,8762,0,0,0,1.0,1,1.0,1,1.0,1,0.2339416186844781,50
2620,7,10650,1882,8768,0,0,0,1.0,1,1.0,1,1.0,1,0.22633297328297416,51
2621,14,10664,1883,8781,0,0,0,1.0,1,1.0,1,1.0,1,0.14459570148169593,52
2622,7,10671,1885,8786,0,0,0,1.0,1,1.0,1,1.0,1,0.08863844645306174,52
2623,4,10675,1886,8789,0,0,0,1.0,1,1.0,1,1.0,1,0.14676200122420824,53
2624,4,10679,1886,8793,0,0,0,1.0,1,1.0,1,1.0,1,0.14783970781023406,51
2625,7,10686,1886,8800,0,0,0,1.0,1,1.0,1,1.0,1,0.19030941614269514,50
2626,5,10691,1888,8803,0,0,0,1.0,1,1.0,1,1.0,1,0.12588416513053874,49
2627,1,10692,1889,8803,0,0,0,1.0,1,1.0,1,1.0,1,0.1502408132746893,48
2628,3,10695,1891,8804,0,0,0,1.0,1,1.0,1,1.0,1,0.11818679925002071,48
2629,2,10697,1892,8805,0,0,0,1.0,1,1.0,1,1.0,1,0.13682085113710019,47
2630,1,10698,1893,8805,0,0,0,1.0,1,1.0,1,1.0,1,0.19227424835208531,47
2631,1,10699,1894,8805,0,0,0,1.0,1,1.0,1,1.0,1,0.16934545573407703,47
2632,0,10699,1894,8805,0,0,0,1.0,1,1.0,1,1.0,1,0.17432013786778067,47
2633,5,10704,1895,8809,0,0,0,1.0,1,1.0,1,1.0,1,0.1809888880622052,44
2634,0,10704,1895,8809,0,0,0,1.0,1,1.0,1,1.0,1,0.1808953852774432,44
2635,2,10706,1897,8809,0,0,0,1.0,1,1.0,1,1.0,1,0.18186847780433577,45
2636,6,10712,1899,8813,0,0,0,1.0,1,1.0,1,1.0,1,0.2361911957491661,40
2637,3,10715,1900,8815,0,0,0,1.0,1,1.0,1,1.0,1,0.15817614077054828,41
2638,1,10716,1901,8815,0,0,0,1.0,1,1.0,1,1.0,1,0.152302461815971,38
2639,0,10716,1901,8815,0,0,0,1.0,1,1.0,1,1.0,1,0.1682236865034392,39
2640,2,10718,1902,8816,0,0,0,1.0,1,1.0,1,1.0,1,0.21937526918195327,38
2641,7,10725,1904,8821,0,0,0,1.0,1,1.0,1,1.0,1,0.1348097065539173,37
2642,6,10731,1906,8825,0,0,0,1.0,1,1.0,1,1.0,1,0.11717389576702139,38
2643,3,10734,1907,8827,0,0,0,1.0,1,1.0,1,1.0,1,0.09710518908799569,37
2644,1,10735,1908,8827,0,0,0,1.0,1,1.0,1,1.0,1,0.11003492424023091,36
2645,1,10736,1909,8827,0,0,0,1.0,1,1.0,1,1.0,1,0.10207041005934933,35
2646,1,10737,1910,8827,0,0,0,1.0,1,1.0,1,1.0,1,0.1456768250696946,35
2647,4,10741,1913,8828,0,0,0,1.0,1,1.0,1,1.0,1,0.1336150879441535,35
2648,1,10742,1913,8829,0,0,0,1.0,1,1.0,1,1.0,1,0.14875701119102397,36
2649,1,10743,1913,8830,0,0,0,1.0,1,1.0,1,1.0,1,0.15750091308714742,37
2650,5,10748,1914,8834,0,0,0,1.0,1,1.0,1,1.0,1,0.18217526550298632,39
2651,2,10750,1915,8835,0,0,0,1.0,1,1.0,1,1.0,1,0.1336938662352088,39
2652,1,10751,1915,8836,0,0,0,1.0,1,1.0,1,1.0,1,0.14917545934036805,39
2653,2,10753,1915,8838,0,0,0,1.0,1,1.0,1,1.0,1,0.14917545934036805,39
2654,3,10756,1915,8841,0,0,0,1.0,1,1.0,1,1.0,1,0.11875745058184271,40
2655,4,10760,1916,8844,0,0,0,1.0,1,1.0,1,1.0,1,0.1705175498875905,40
2656,7,10767,1919,8848,0,0,0,1.0,1,1.0,1,1.0,1,0.27504788052639667,39
2657,6,10773,1921,8852,0,0,0,1.0,1,1.0,1,1.0,1,0.27019834113486113,40
2658,9,10782,1921,8861,0,0,0,1.0,1,1.0,1,1.0,1,0.30137404747898977,41
2659,5,10787,1921,8866,0,0,0,1.0,1,1.0,1,1.0,1,0.30851191311414783,41
2660,6,10793,1921,8872,0,0,0,1.0,1,1.0,1,1.0,1,0.2823183958011423,40
2661,8,10801,1921,8880,0,0,0,1.0,1,1.0,1,1.0,1,0.09718969730257539,40
2662,6,10807,1922,8885,0,0,0,1.0,1,1.0,1,1.0,1,0.14061340144525517,42
2663,2,10809,1922,8887,0,0,0,1.0,1,1.0,1,1.0,1,0.13564269395716996,41
2664,4,10813,1924,8889,0,0,0,1.0,1,1.0,1,1.0,1,0.1615684573676077,42
2665,7,10820,1925,8895,0,0,0,1.0,1,1.0,1,1.0,1,0.15670000521280372,43
2666,2,10822,1925,8897,0,0,0,1.0,1,1.0,1,1.0,1,0.15959362216880224,44
2667,5,10827,1927,8900,0,0,0,1.0,1,1.0,1,1.0,1,0.2486071980022052,42
2668,4,10831,1928,8903,0,0,0,1.0,1,1.0,1,1.0,1,0.22865371675041715,41
2669,4,10835,1928,8907,0,0,0,1.0,1,1.0,1,1.0,1,0.21018412561917527,42
2670,2,10837,1928,8909,0,0,0,1.0,1,1.0,1,1.0,1,0.23990393936667997,40
2671,4,10841,1930,8911,0,0,0,1.0,1,1.0,1,1.0,1,0.2616246365889656,39
2672,1,10842,1930,8912,0,0,0,1.0,1,1.0,1,1.0,1,0.27108242492047724,36
2673,3,10845,1931,8914,0,0,0,1.0,1,1.0,1,1.0,1,0.29598005229034874,35
2674,2,10847,1932,8915,0,0,0,1.0,1,1.0,1,1.0,1,0.32288499906006213,33
2675,4,10851,1933,8918,0,0,0,1.0,1,1.0,1,1.0,1,0.31309625082768866,34
2676,1,10852,1933,8919,0,0,0,1.0,1,1.0,1,1.0,1,0.35388234758408327,32
2677,3,10855,1933,8922,0,0,0,1.0,1,1.0,1,1.0,1,0.37258129225959613,33
2678,1,10856,1933,8923,0,0,0,1.0,1,1.0,1,1.0,1,0.3373952028736004,33
2679,2,10858,1933,8925,0,0,0,1.0,1,1.0,1,1.0,1,0.32024866715938083,32
2680,3,10861,1934,8927,0,0,0,1.0,1,1.0,1,1.0,1,0.35521813968499644,32
2681,7,10868,1934,8934,0,0,0,1.0,1,1.0,1,1.0,1,0.1537087297692293,32
2682,4,10872,1935,8937,0,0,0,1.0,1,1.0,1,1.0,1,0.1438912829776555,33
2683,0,10872,1935,8937,0,0,0,1.0,1,1.0,1,1.0,1,0.12628217858407748,32
2684,3,10875,1935,8940,0,0,0,1.0,1,1.0,1,1.0,1,0.1573141224949361,31
2685,3,10878,1935,8943,0,0,0,1.0,1,1.0,1,1.0,1,0.15132839718245708,31
2686,3,10881,1935,8946,0,0,0,1.0,1,1.0,1,1.0,1,0.16236429531114424,30
2687,7,10888,1936,8952,0,0,0,1.0,1,1.0,1,1.0,1,0.22813253983645107,30
2688,8,10896,1936,8960,0,0,0,1.0,1,1.0,1,1.0,1,0.2126222087141255,30
2689,9,10905,1937,8968,0,0,0,1.0,1,1.0,1,1.0,1,0.2246983455965483,31
2690,7,10912,1937,8975,0,0,0,1.0,1,1.0,1,1.0,1,0.22177820957475392,31
2691,4,10916,1938,8978,0,0,0,1.0,1,1.0,1,1.0,1,0.23274143322126623,32
2692,8,10924,1940,8984,0,0,0,1.0,1,1.0,1,1.0,1,0.2545399212081267,32
2693,5,10929,1942,8987,0,0,0,1.0,1,1.0,1,1.0,1,0.2522773809866014,33
2694,5,10934,1942,8992,0,0,0,1.0,1,1.0,1,1.0,1,0.2550344137364566,34
2695,6,10940,1943,8997,0,0,0,1.0,1,1.0,1,1.0,1,0.22525361255051227,35
2696,7,10947,1943,9004,0,0,0,1.0,1,1.0,1,1.0,1,0.2828675138115033,35
2697,6,10953,1943,9010,0,0,0,1.0,1,1.0,1,1.0,1,0.22224562419518828,35
2698,12,10965,1943,9022,0,0,0,1.0,1,1.0,1,1.0,1,0.27985409693956387,36
2699,5,10970,1944,9026,0,0,0,1.0,1,1.0,1,1.0,1,0.32692365938136264,36
2700,6,10976,1944,9032,0,0,0,1.0,1,1.0,1,1.0,1,0.3158539098422302,37
2701,10,10986,1944,9042,0,0,0,1.0,1,1.0,1,1.0,1,0.23281098155462068,37
2702,3,10989,1945,9044,0,0,0,1.0,1,1.0,1,1.0,1,0.20445133696513787,37
2703,4,10993,1946,9047,0,0,0,1.0,1,1.0,1,1.0,1,0.24501754971741838,38
2704,6,10999,1946,9053,0,0,0,1.0,1,1.0,1,1.0,1,0.26485288335175416,37
2705,8,11007,1947,9060,0,0,0,1.0,1,1.0,1,1.0,1,0.21546649214112704,36
2706,5,11012,1949,9063,0,0,0,1.0,1,1.0,1,1.0,1,0.24435821148900652,36
2707,2,11014,1949,9065,0,0,0,1.0,1,1.0,1,1.0,1,0.2446032344781394,35
2708,2,11016,1950,9066,0,0,0,1.0,1,1.0,1,1.0,1,0.25686442371030954,36
2709,2,11018,1951,9067,0,0,0,1.0,1,1.0,1,1.0,1,0.24097857008979068,32
2710,1,11019,1952,9067,0,0,0,1.0,1,1.0,1,1.0,1,0.3061443991974655,29
2711,2,11021,1954,9067,0,0,0,1.0,1,1.0,1,1.0,1,0.40683308940750657,29
2712,2,11023,1954,9069,0,0,0,1.0,1,1.0,1,1.0,1,0.4578287328188886,28
2713,2,11025,1954,9071,0,0,0,1.0,1,1.0,1,1.0,1,0.4469223485805076,28
2714,1,11026,1954,9072,0,0,0,1.0,1,1.0,1,1.0,1,0.42680457116742176,26
2715,0,11026,1954,9072,0,0,0,1.0,1,1.0,1,1.0,1,0.42525764532741245,24
2716,5,11031,1955,9076,0,0,0,1.0,1,1.0,1,1.0,1,0.3591577548838159,24
2717,3,11034,1956,9078,0,0,0,1.0,1,1.0,1,1.0,1,0.2697094377781711,25
2718,0,11034,1956,9078,0,0,0,1.0,1,1.0,1,1.0,1,0.28945034835090466,25
2719,4,11038,1959,9079,0,0,0,1.0,1,1.0,1,1.0,1,0.35343458305380904,25
2720,3,11041,1961,9080,0,0,0,1.0,1,1.0,1,1.0,1,0.37580182622266833,25
2721,10,11051,1964,9087,0,0,0,1.0,1,1.0,1,1.0,1,0.20615800112454916,25
2722,3,11054,1965,9089,0,0,0,1.0,1,1.0,1,1.0,1,0.2238316370487876,26
2723,2,11056,1965,9091,0,0,0,1.0,1,1.0,1,1.0,1,0.2238316370487876,26
2724,4,11060,1966,9094,0,0,0,1.0,1,1.0,1,1.0,1,0.18913222954030537,27
2725,3,11063,1966,9097,0,0,0,1.0,1,1.0,1,1.0,1,0.1974869845716514,28
2726,1,11064,1967,9097,0,0,0,1.0,1,1.0,1,1.0,1,0.2217074991677771,28
2727,2,11066,1967,9099,0,0,0,1.0,1,1.0,1,1.0,1,0.21250257545542747,29
2728,2,11068,1967,9101,0,0,0,1.0,1,1.0,1,1.0,1,0.22721112578134608,29
2729,7,11075,1969,9106,0,0,0,1.0,1,1.0,1,1.0,1,0.2563924432627675,29
2730,4,11079,1969,9110,0,0,0,1.0,1,1.0,1,1.0,1,0.30712395547199206,29
2731,7,11086,1970,9116,0,0,0,1.0,1,1.0,1,1.0,1,0.23646469231600153,30
2732,7,11093,1970,9123,0,0,0,1.0,1,1.0,1,1.0,1,0.29530921031526985,29
2733,4,11097,1970,9127,0,0,0,1.0,1,1.0,1,1.0,1,0.3290492957224238,29
2734,5,11102,1970,9132,0,0,0,1.0,1,1.0,1,1.0,1,0.32362724352185746,29
2735,5,11107,1971,9136,0,0,0,1.0,1,1.0,1,1.0,1,0.32743428914571115,29
2736,6,11113,1972,9141,0,0,0,1.0,1,1.0,1,1.0,1,0.3453568903935406,30
2737,5,11118,1972,9146,0,0,0,1.0,1,1.0,1,1.0,1,0.39105332617843985,30
2738,5,11123,1974,9149,0,0,0,1.0,1,1.0,1,1.0,1,0.3197641196560967,30
2739,9,11132,1975,9157,0,0,0,1.0,1,1.0,1,1.0,1,0.3093911093365517,29
2740,10,11142,1976,9166,0,0,0,1.0,1,1.0,1,1.0,1,0.36779453214221275,29
2741,9,11151,1976,9175,0,0,0,1.0,1,1.0,1,1.0,1,0.21225913719473546,28
2742,2,11153,1977,9176,0,0,0,1.0,1,1.0,1,1.0,1,0.20834860632096389,28
2743,4,11157,1978,9179,0,0,0,1.0,1,1.0,1,1.0,1,0.2513328960127112,29
2744,4,11161,1979,9182,0,0,0,1.0,1,1.0,1,1.0,1,0.207712050360736,27
2745,2,11163,1979,9184,0,0,0,1.0,1,1.0,1,1.0,1,0.11288843015637363,25
2746,1,11164,1979,9185,0,0,0,1.0,1,1.0,1,1.0,1,0.15574822278776293,25
2747,2,11166,1980,9186,0,0,0,1.0,1,1.0,1,1.0,1,0.15944574865022754,23
2748,2,11168,1981,9187,0,0,0,1.0,1,1.0,1,1.0,1,0.15519202607072416,22
2749,1,11169,1981,9188,0,0,0,1.0,1,1.0,1,1.0,1,0.21945610313260147,19
2750,3,11172,1983,9189,0,0,0,1.0,1,1.0,1,1.0,1,0.2505898873647071,18
2751,2,11174,1983,9191,0,0,0,1.0,1,1.0,1,1.0,1,0.30528170885085504,16
2752,1,11175,1983,9192,0,0,0,1.0,1,1.0,1,1.0,1,0.31824986300145475,15
2753,1,11176,1983,9193,0,0,0,1.0,1,1.0,1,1.0,1,0.34028286715745676,15
2754,2,11178,1983,9195,0,0,0,1.0,1,1.0,1,1.0,1,0.34028286715745676,15
2755,1,11179,1983,9196,0,0,0,1.0,1,1.0,1,1.0,1,0.31824986300145475,15
2756,4,11183,1983,9200,0,0,0,1.0,1,1.0,1,1.0,1,0.35419193629926027,16
2757,2,11185,1983,9202,0,0,0,1.0,1,1.0,1,1.0,1,0.289879971328777,17
2758,2,11187,1983,9204,0,0,0,1.0,1,1.0,1,1.0,1,0.289879971328777,17
2759,1,11188,1983,9205,0,0,0,1.0,1,1.0,1,1.0,1,0.26682468100710727,18
2760,2,11190,1983,9207,0,0,0,1.0,1,1.0,1,1.0,1,0.26682468100710727,18
2761,2,11192,1983,9209,0,0,0,1.0,1,1.0,1,1.0,1,0.23197046122319545,18
2762,1,11193,1983,9210,0,0,0,1.0,1,1.0,1,1.0,1,0.1822911302821986,18
2763,3,11196,1983,9213,0,0,0,1.0,1,1.0,1,1.0,1,0.20972529174596624,17
2764,5,11201,1986,9215,0,0,0,1.0,1,1.0,1,1.0,1,0.4237036782345613,17
2765,2,11203,1986,9217,0,0,0,1.0,1,1.0,1,1.0,1,0.4316366111903996,18
2766,1,11204,1986,9218,0,0,0,1.0,1,1.0,1,1.0,1,0.4071160191808437,18
2767,1,11205,1986,9219,0,0,0,1.0,1,1.0,1,1.0,1,0.4316366111903996,18
2768,3,11208,1986,9222,0,0,0,1.0,1,1.0,1,1.0,1,0.36029752124046394,18
2769,1,11209,1986,9223,0,0,0,1.0,1,1.0,1,1.0,1,0.3562991252678423,18
2770,2,11211,1986,9225,0,0,0,1.0,1,1.0,1,1.0,1,0.3562991252678423,18
2771,2,11213,1986,9227,0,0,0,1.0,1,1.0,1,1.0,1,0.3562991252678423,18
2772,3,11216,1986,9230,0,0,0,1.0,1,1.0,1,1.0,1,0.3602471393173967,18
2773,2,11218,1986,9232,0,0,0,1.0,1,1.0,1,1.0,1,0.3602471393173967,18
2774,2,11220,1986,9234,0,0,0,1.0,1,1.0,1,1.0,1,0.3439807560638533,20
2775,3,11223,1986,9237,0,0,0,1.0,1,1.0,1,1.0,1,0.3042417825546015,21
2776,2,11225,1987,9238,0,0,0,1.0,1,1.0,1,1.0,1,0.34539586611555273,21
2777,4,11229,1987,9242,0,0,0,1.0,1,1.0,1,1.0,1,0.3230486164139612,22
2778,3,11232,1987,9245,0,0,0,1.0,1,1.0,1,1.0,1,0.2828526862257241,24
2779,2,11234,1988,9246,0,0,0,1.0,1,1.0,1,1.0,1,0.3017072806877064,24
2780,2,11236,1988,9248,0,0,0,1.0,1,1.0,1,1.0,1,0.3017072806877064,24
2781,3,11239,1988,9251,0,0,0,1.0,1,1.0,1,1.0,1,0.1762732290499214,24
2782,1,11240,1988,9252,0,0,0,1.0,1,1.0,1,1.0,1,0.1634551307721879,24
2783,0,11240,1988,9252,0,0,0,1.0,1,1.0,1,1.0,1,0.1634551307721879,24
2784,3,11243,1990,9253,0,0,0,1.0,1,1.0,1,1.0,1,0.2891936795712008,24
2785,2,11245,1991,9254,0,0,0,1.0,1,1.0,1,1.0,1,0.2327592085109226,22
2786,1,11246,1991,9255,0,0,0,1.0,1,1.0,1,1.0,1,0.2294095952750253,22
2787,1,11247,1991,9256,0,0,0,1.0,1,1.0,1,1.0,1,0.18302682057095251,21
2788,0,11247,1991,9256,0,0,0,1.0,1,1.0,1,1.0,1,0.22685176643948657,20
2789,1,11248,1992,9256,0,0,0,1.0,1,1.0,1,1.0,1,0.22855361138709723,20
2790,0,11248,1992,9256,0,0,0,1.0,1,1.0,1,1.0,1,0.25180225384400473,21
2791,1,11249,1993,9256,0,0,0,1.0,1,1.0,1,1.0,1,0.261802268551972,21
2792,0,11249,1993,9256,0,0,0,1.0,1,1.0,1,1.0,1,0.261802268551972,21
2793,0,11249,1993,9256,0,0,0,1.0,1,1.0,1,1.0,1,0.28125723819413934,18
2794,0,11249,1993,9256,0,0,0,1.0,1,1.0,1,1.0,1,0.28125723819413934,18
2795,0,11249,1993,9256,0,0,0,1.0,1,1.0,1,1.0,1,0.21234281391529838,20
2796,1,11250,1994,9256,0,0,0,1.0,1,1.0,1,1.0,1,0.18907787650779978,21
2797,0,11250,1994,9256,0,0,0,1.0,1,1.0,1,1.0,1,0.18907787650779978,21
2798,0,11250,1994,9256,0,0,0,1.0,1,1.0,1,1.0,1,0.18907787650779978,21
2799,0,11250,1994,9256,0,0,0,1.0,1,1.0,1,1.0,1,0.21234767190876755,22
2800,0,11250,1994,9256,0,0,0,1.0,1,1.0,1,1.0,1,0.21234767190876755,22
2801,2,11252,1995,9257,0,0,0,1.0,1,1.0,1,1.0,1,0.2352017147453109,22
2802,0,11252,1995,9257,0,0,0,1.0,1,1.0,1,1.0,1,0.2352017147453109,22
2803,1,11253,1996,9257,0,0,0,1.0,1,1.0,1,1.0,1,0.2662996121917276,22
2804,0,11253,1996,9257,0,0,0,1.0,1,1.0,1,1.0,1,0.27051211936519776,23
2805,0,11253,1996,9257,0,0,0,1.0,1,1.0,1,1.0,1,0.27051211936519776,23
2806,0,11253,1996,9257,0,0,0,1.0,1,1.0,1,1.0,1,0.27051211936519776,23
2807,0,11253,1996,9257,0,0,0,1.0,1,1.0,1,1.0,1,0.25260798918287686,24
2808,0,11253,1996,9257,0,0,0,1.0,1,1.0,1,1.0,1,0.25260798918287686,24
2809,3,11256,1997,9259,0,0,0,1.0,1,1.0,1,1.0,1,0.28534831234420954,25
2810,1,11257,1997,9260,0,0,0,1.0,1,1.0,1,1.0,1,0.2587795006070972,24
2811,2,11259,1997,9262,0,0,0,1.0,1,1.0,1,1.0,1,0.2724676519129929,26
2812,2,11261,1998,9263,0,0,0,1.0,1,1.0,1,1.0,1,0.3210073944700037,26
2813,4,11265,1999,9266,0,0,0,1.0,1,1.0,1,1.0,1,0.24705843200619626,27
2814,6,11271,2001,9270,0,0,0,1.0,1,1.0,1,1.0,1,0.26810917277532603,29
2815,2,11273,2001,9272,0,0,0,1.0,1,1.0,1,1.0,1,0.2592229295336733,29
2816,3,11276,2001,9275,0,0,0,1.0,1,1.0,1,1.0,1,0.2681434656061031,29
2817,1,11277,2001,9276,0,0,0,1.0,1,1.0,1,1.0,1,0.26976022899292446,29
2818,8,11285,2002,9283,0,0,0,1.0,1,1.0,1,1.0,1,0.3689374851584068,29
2819,3,11288,2002,9286,0,0,0,1.0,1,1.0,1,1.0,1,0.3823352669684067,30
2820,8,11296,2002,9294,0,0,0,1.0,1,1.0,1,1.0,1,0.3508912372674924,30
2821,4,11300,2003,9297,0,0,0,1.0,1,1.0,1,1.0,1,0.23449889324998663,31
2822,6,11306,2004,9302,0,0,0,1.0,1,1.0,1,1.0,1,0.20235402468432115,30
2823,0,11306,2004,9302,0,0,0,1.0,1,1.0,1,1.0,1,0.1965940064997091,27
2824,4,11310,2004,9306,0,0,0,1.0,1,1.0,1,1.0,1,0.14919164033717017,28
2825,4,11314,2007,9307,0,0,0,1.0,1,1.0,1,1.0,1,0.156118170739431,28
2826,3,11317,2008,9309,0,0,0,1.0,1,1.0,1,1.0,1,0.23366832694436893,27
2827,1,11318,2009,9309,0,0,0,1.0,1,1.0,1,1.0,1,0.21341630066252096,28
2828,3,11321,2009,9312,0,0,0,1.0,1,1.0,1,1.0,1,0.2179737027727837,28
2829,1,11322,2010,9312,0,0,0,1.0,1,1.0,1,1.0,1,0.23288361694499637,27
2830,1,11323,2010,9313,0,0,0,1.0,1,1.0,1,1.0,1,0.22334107660273203,27
2831,0,11323,2010,9313,0,0,0,1.0,1,1.0,1,1.0,1,0.22334107660273203,27
2832,0,11323,2010,9313,0,0,0,1.0,1,1.0,1,1.0,1,0.2598772271133132,27
2833,0,11323,2010,9313,0,0,0,1.0,1,1.0,1,1.0,1,0.2567826429595286,26
2834,3,11326,2012,9314,0,0,0,1.0,1,1.0,1,1.0,1,0.12563695092715227,26
2835,2,11328,2013,9315,0,0,0,1.0,1,1.0,1,1.0,1,0.15642352426883993,25
2836,1,11329,2013,9316,0,0,0,1.0,1,1.0,1,1.0,1,0.12266246584469834,27
2837,0,11329,2013,9316,0,0,0,1.0,1,1.0,1,1.0,1,0.15140783321841958,27
2838,2,11331,2013,9318,0,0,0,1.0,1,1.0,1,1.0,1,0.15140783321841958,27
2839,2,11333,2014,9319,0,0,0,1.0,1,1.0,1,1.0,1,0.19923660080737066,29
2840,2,11335,2015,9320,0,0,0,1.0,1,1.0,1,1.0,1,0.18234438138362294,29
2841,3,11338,2015,9323,0,0,0,1.0,1,1.0,1,1.0,1,0.1199371280107998,31
2842,1,11339,2015,9324,0,0,0,1.0,1,1.0,1,1.0,1,0.13580134094208413,31
2843,5,11344,2016,9328,0,0,0,1.0,1,1.0,1,1.0,1,0.12654246017802834,32
2844,5,11349,2018,9331,0,0,0,1.0,1,1.0,1,1.0,1,0.17540482561678106,33
2845,7,11356,2018,9338,0,0,0,1.0,1,1.0,1,1.0,1,0.22766438081727414,32
2846,6,11362,2019,9343,0,0,0,1.0,1,1.0,1,1.0,1,0.2924482518343029,33
2847,3,11365,2019,9346,0,0,0,1.0,1,1.0,1,1.0,1,0.30677547110686876,32
2848,7,11372,2020,9352,0,0,0,1.0,1,1.0,1,1.0,1,0.32925844068543714,33
2849,7,11379,2020,9359,0,0,0,1.0,1,1.0,1,1.0,1,0.2782452254403928,34
2850,7,11386,2022,9364,0,0,0,1.0,1,1.0,1,1.0,1,0.23031579669308294,34
2851,4,11390,2022,9368,0,0,0,1.0,1,1.0,1,1.0,1,0.2639749098589138,34
2852,9,11399,2025,9374,0,0,0,1.0,1,1.0,1,1.0,1,0.24483506402679803,35
2853,9,11408,2027,9381,0,0,0,1.0,1,1.0,1,1.0,1,0.26644026008922356,36
2854,11,11419,2027,9392,0,0,0,1.0,1,1.0,1,1.0,1,0.2822621691398532,37
2855,13,11432,2029,9403,0,0,0,1.0,1,1.0,1,1.0,1,0.23393731819877053,38
2856,8,11440,2029,9411,0,0,0,1.0,1,1.0,1,1.0,1,0.2678503160437942,38
2857,8,11448,2030,9418,0,0,0,1.0,1,1.0,1,1.0,1,0.28690827920921763,39
2858,9,11457,2030,9427,0,0,0,1.0,1,1.0,1,1.0,1,0.27063381868216124,40
2859,8,11465,2030,9435,0,0,0,1.0,1,1.0,1,1.0,1,0.2612834506837354,40
2860,9,11474,2031,9443,0,0,0,1.0,1,1.0,1,1.0,1,0.21713510844762318,40
2861,3,11477,2032,9445,0,0,0,1.0,1,1.0,1,1.0,1,0.19497867784216946,38
2862,3,11480,2033,9447,0,0,0,1.0,1,1.0,1,1.0,1,0.20020672996985475,38
2863,3,11483,2034,9449,0,0,0,1.0,1,1.0,1,1.0,1,0.20397900880843245,38
2864,2,11485,2036,9449,0,0,0,1.0,1,1.0,1,1.0,1,0.24026814128632543,36
2865,3,11488,2039,9449,0,0,0,1.0,1,1.0,1,1.0,1,0.24510539390171615,34
2866,1,11489,2039,9450,0,0,0,1.0,1,1.0,1,1.0,1,0.22033791746541012,31
2867,2,11491,2040,9451,0,0,0,1.0,1,1.0,1,1.0,1,0.2707695434945381,30
2868,4,11495,2044,9451,0,0,0,1.0,1,1.0,1,1.0,1,0.33881828284507015,27
2869,2,11497,2045,9452,0,0,0,1.0,1,1.0,1,1.0,1,0.27309374405629205,27
2870,1,11498,2046,9452,0,0,0,1.0,1,1.0,1,1.0,1,0.33329833861137587,25
2871,2,11500,2047,9453,0,0,0,1.0,1,1.0,1,1.0,1,0.24265181574067918,25
2872,2,11502,2048,9454,0,0,0,1.0,1,1.0,1,1.0,1,0.24570966328266466,23
2873,1,11503,2049,9454,0,0,0,1.0,1,1.0,1,1.0,1,0.2533363605364229,24
2874,1,11504,2050,9454,0,0,0,1.0,1,1.0,1,1.0,1,0.29060528569030786,24
2875,1,11505,2050,9455,0,0,0,1.0,1,1.0,1,1.0,1,0.328100533857616,23
2876,0,11505,2050,9455,0,0,0,1.0,1,1.0,1,1.0,1,0.30555763828043353,24
2877,2,11507,2052,9455,0,0,0,1.0,1,1.0,1,1.0,1,0.3199288581493042,24
2878,1,11508,2053,9455,0,0,0,1.0,1,1.0,1,1.0,1,0.38007540446316174,24
2879,2,11510,2054,9456,0,0,0,1.0,1,1.0,1,1.0,1,0.3830369454111423,25
2880,0,11510,2054,9456,0,0,0,1.0,1,1.0,1,1.0,1,0.3938402708843464,26
2881,6,11516,2054,9462,0,0,0,1.0,1,1.0,1,1.0,1,0.25420073168928214,26
2882,1,11517,2054,9463,0,0,0,1.0,1,1.0,1,1.0,1,0.20466911130560925,27
2883,3,11520,2054,9466,0,0,0,1.0,1,1.0,1,1.0,1,0.15767775655162855,28
2884,0,11520,2054,9466,0,0,0,1.0,1,1.0,1,1.0,1,0.19075578958748454,29
2885,1,11521,2054,9467,0,0,0,1.0,1,1.0,1,1.0,1,0.18534673946285993,31
2886,1,11522,2054,9468,0,0,0,1.0,1,1.0,1,1.0,1,0.1792044938539718,31
2887,1,11523,2055,9468,0,0,0,1.0,1,1.0,1,1.0,1,0.1840400943399443,33
2888,4,11527,2056,9471,0,0,0,1.0,1,1.0,1,1.0,1,0.2221539527307259,34
2889,2,11529,2056,9473,0,0,0,1.0,1,1.0,1,1.0,1,0.21064406090122118,35
2890,2,11531,2057,9474,0,0,0,1.0,1,1.0,1,1.0,1,0.20680152790209863,35
2891,3,11534,2058,9476,0,0,0,1.0,1,1.0,1,1.0,1,0.20026762828432326,35
2892,3,11537,2059,9478,0,0,0,1.0,1,1.0,1,1.0,1,0.22694498552553619,35
2893,4,11541,2059,9482,0,0,0,1.0,1,1.0,1,1.0,1,0.21543284635056037,37
2894,2,11543,2059,9484,0,0,0,1.0,1,1.0,1,1.0,1,0.21543284635056037,37
2895,4,11547,2060,9487,0,0,0,1.0,1,1.0,1,1.0,1,0.24600229181371264,37
2896,6,11553,2060,9493,0,0,0,1.0,1,1.0,1,1.0,1,0.2287607246208042,38
2897,2,11555,2060,9495,0,0,0,1.0,1,1.0,1,1.0,1,0.2574340472832326,37
2898,1,11556,2061,9495,0,0,0,1.0,1,1.0,1,1.0,1,0.292211240672612,38
2899,3,11559,2061,9498,0,0,0,1.0,1,1.0,1,1.0,1,0.2644054124619082,37
2900,1,11560,2061,9499,0,0,0,1.0,1,1.0,1,1.0,1,0.24601083519407602,36
2901,0,11560,2061,9499,0,0,0,1.0,1,1.0,1,1.0,1,0.22025637075698143,37
2902,0,11560,2061,9499,0,0,0,1.0,1,1.0,1,1.0,1,0.24974227846563515,35
2903,0,11560,2061,9499,0,0,0,1.0,1,1.0,1,1.0,1,0.2555398860592934,35
2904,0,11560,2061,9499,0,0,0,1.0,1,1.0,1,1.0,1,0.2640329380327614,33
2905,1,11561,2061,9500,0,0,0,1.0,1,1.0,1,1.0,1,0.2429274915862562,34
2906,2,11563,2063,9500,0,0,0,1.0,1,1.0,1,1.0,1,0.29942627967578106,34
2907,1,11564,2063,9501,0,0,0,1.0,1,1.0,1,1.0,1,0.27278657110169363,35
2908,1,11565,2063,9502,0,0,0,1.0,1,1.0,1,1.0,1,0.2739690599268347,36
2909,4,11569,2063,9506,0,0,0,1.0,1,1.0,1,1.0,1,0.24111024811300386,38
2910,1,11570,2063,9507,0,0,0,1.0,1,1.0,1,1.0,1,0.23535878234933555,38
2911,2,11572,2064,9508,0,0,0,1.0,1,1.0,1,1.0,1,0.2590702473485073,37
2912,2,11574,2064,9510,0,0,0,1.0,1,1.0,1,1.0,1,0.2590702473485073,37
2913,5,11579,2064,9515,0,0,0,1.0,1,1.0,1,1.0,1,0.2681532107105374,38
2914,5,11584,2064,9520,0,0,0,1.0,1,1.0,1,1.0,1,0.24286028033193077,38
2915,4,11588,2064,9524,0,0,0,1.0,1,1.0,1,1.0,1,0.1828730670242151,39
2916,4,11592,2064,9528,0,0,0,1.0,1,1.0,1,1.0,1,0.19143450903887646,40
2917,3,11595,2064,9531,0,0,0,1.0,1,1.0,1,1.0,1,0.1727229003937439,41
2918,2,11597,2064,9533,0,0,0,1.0,1,1.0,1,1.0,1,0.19803317871599496,41
2919,4,11601,2064,9537,0,0,0,1.0,1,1.0,1,1.0,1,0.19803317871599496,41
2920,3,11604,2064,9540,0,0,0,1.0,1,1.0,1,1.0,1,0.2049466367056212,43
2921,2,11606,2064,9542,0,0,0,1.0,1,1.0,1,1.0,1,0.16224758885344742,42
2922,0,11606,2064,9542,0,0,0,1.0,1,1.0,1,1.0,1,0.1405310118354497,43
2923,0,11606,2064,9542,0,0,0,1.0,1,1.0,1,1.0,1,0.15409782459192103,44
2924,2,11608,2064,9544,0,0,0,1.0,1,1.0,1,1.0,1,0.1382225930965645,45
2925,1,11609,2065,9544,0,0,0,1.0,1,1.0,1,1.0,1,0.1504627175181818,45
2926,4,11613,2067,9546,0,0,0,1.0,1,1.0,1,1.0,1,0.11478278278161252,47
2927,3,11616,2067,9549,0,0,0,1.0,1,1.0,1,1.0,1,0.10688057914195433,47
2928,2,11618,2068,9550,0,0,0,1.0,1,1.0,1,1.0,1,0.08496785956604021,48
2929,0,11618,2068,9550,0,0,0,1.0,1,1.0,1,1.0,1,0.08496785956604021,48
2930,2,11620,2068,9552,0,0,0,1.0,1,1.0,1,1.0,1,0.10373279052022832,50
2931,3,11623,2068,9555,0,0,0,1.0,1,1.0,1,1.0,1,0.1289824882342251,51
2932,3,11626,2068,9558,0,0,0,1.0,1,1.0,1,1.0,1,0.1168123520218367,51
2933,4,11630,2069,9561,0,0,0,1.0,1,1.0,1,1.0,1,0.14261196439839927,52
2934,1,11631,2069,9562,0,0,0,1.0,1,1.0,1,1.0,1,0.14438733500292456,52
2935,3,11634,2070,9564,0,0,0,1.0,1,1.0,1,1.0,1,0.16986458808321134,51
2936,3,11637,2070,9567,0,0,0,1.0,1,1.0,1,1.0,1,0.15504474169825005,49
2937,5,11642,2070,9572,0,0,0,1.0,1,1.0,1,1.0,1,0.15038021511717548,50
2938,5,11647,2071,9576,0,0,0,1.0,1,1.0,1,1.0,1,0.17277132661892072,50
2939,5,11652,2071,9581,0,0,0,1.0,1,1.0,1,1.0,1,0.1723347103337806,51
2940,6,11658,2071,9587,0,0,0,1.0,1,1.0,1,1.0,1,0.1823415673024682,52
2941,7,11665,2073,9592,0,0,0,1.0,1,1.0,1,1.0,1,0.14205986727992354,53
2942,1,11666,2074,9592,0,0,0,1.0,1,1.0,1,1.0,1,0.1421463713838609,52
2943,0,11666,2074,9592,0,0,0,1.0,1,1.0,1,1.0,1,0.13437295694605855,51
2944,1,11667,2075,9592,0,0,0,1.0,1,1.0,1,1.0,1,0.14357126595187236,52
2945,1,11668,2076,9592,0,0,0,1.0,1,1.0,1,1.0,1,0.1399660921871508,50
2946,6,11674,2078,9596,0,0,0,1.0,1,1.0,1,1.0,1,0.14014654840931767,51
2947,3,11677,2080,9597,0,0,0,1.0,1,1.0,1,1.0,1,0.1423855046675916,50
2948,7,11684,2082,9602,0,0,0,1.0,1,1.0,1,1.0,1,0.16230462536861068,50
2949,1,11685,2082,9603,0,0,0,1.0,1,1.0,1,1.0,1,0.16795723562140136,49
2950,2,11687,2083,9604,0,0,0,1.0,1,1.0,1,1.0,1,0.17297921274833816,48
2951,2,11689,2085,9604,0,0,0,1.0,1,1.0,1,1.0,1,0.19163574146877677,48
2952,0,11689,2085,9604,0,0,0,1.0,1,1.0,1,1.0,1,0.2223755570812503,46
2953,0,11689,2085,9604,0,0,0,1.0,1,1.0,1,1.0,1,0.2223755570812503,46
2954,0,11689,2085,9604,0,0,0,1.0,1,1.0,1,1.0,1,0.2157295712028589,48
2955,1,11690,2085,9605,0,0,0,1.0,1,1.0,1,1.0,1,0.20927192377290055,48
2956,2,11692,2087,9605,0,0,0,1.0,1,1.0,1,1.0,1,0.21730519307470358,47
2957,4,11696,2089,9607,0,0,0,1.0,1,1.0,1,1.0,1,0.18748848293086706,48
2958,2,11698,2089,9609,0,0,0,1.0,1,1.0,1,1.0,1,0.2035093483692788,49
2959,5,11703,2091,9612,0,0,0,1.0,1,1.0,1,1.0,1,0.20888552098491006,49
2960,4,11707,2092,9615,0,0,0,1.0,1,1.0,1,1.0,1,0.18086713569104856,49
2961,10,11717,2094,9623,0,0,0,1.0,1,1.0,1,1.0,1,0.09226167793905346,51
2962,3,11720,2094,9626,0,0,0,1.0,1,1.0,1,1.0,1,0.07103070731930908,51
2963,1,11721,2095,9626,0,0,0,1.0,1,1.0,1,1.0,1,0.06109753947091665,51
2964,0,11721,2095,9626,0,0,0,1.0,1,1.0,1,1.0,1,0.05517964886818432,52
2965,2,11723,2095,9628,0,0,0,1.0,1,1.0,1,1.0,1,0.0844894365749425,53
2966,1,11724,2096,9628,0,0,0,1.0,1,1.0,1,1.0,1,0.09359290992257861,53
2967,1,11725,2096,9629,0,0,0,1.0,1,1.0,1,1.0,1,0.10261454358226908,53
2968,1,11726,2096,9630,0,0,0,1.0,1,1.0,1,1.0,1,0.09849892425352702,54
2969,0,11726,2096,9630,0,0,0,1.0,1,1.0,1,1.0,1,0.1083979110605953,55
2970,0,11726,2096,9630,0,0,0,1.0,1,1.0,1,1.0,1,0.1083979110605953,55
2971,1,11727,2097,9630,0,0,0,1.0,1,1.0,1,1.0,1,0.12425308672034933,55
2972,0,11727,2097,9630,0,0,0,1.0,1,1.0,1,1.0,1,0.12425308672034933,55
2973,4,11731,2098,9633,0,0,0,1.0,1,1.0,1,1.0,1,0.10187495984562032,55
2974,1,11732,2099,9633,0,0,0,1.0,1,1.0,1,1.0,1,0.10844323693893443,56
2975,0,11732,2099,9633,0,0,0,1.0,1,1.0,1,1.0,1,0.11596654460864775,55
2976,2,11734,2099,9635,0,0,0,1.0,1,1.0,1,1.0,1,0.12385806587554922,57
2977,2,11736,2099,9637,0,0,0,1.0,1,1.0,1,1.0,1,0.11170104037952679,59
2978,3,11739,2101,9638,0,0,0,1.0,1,1.0,1,1.0,1,0.133553084629995,59
2979,5,11744,2102,9642,0,0,0,1.0,1,1.0,1,1.0,1,0.10211848226886092,59
2980,2,11746,2104,9642,0,0,0,1.0,1,1.0,1,1.0,1,0.14143910878796973,59
2981,4,11750,2105,9645,0,0,0,1.0,1,1.0,1,1.0,1,0.10377984168958337,59
2982,5,11755,2105,9650,0,0,0,1.0,1,1.0,1,1.0,1,0.08171773238204966,61
2983,2,11757,2106,9651,0,0,0,1.0,1,1.0,1,1.0,1,0.08590798687816613,61
2984,3,11760,2107,9653,0,0,0,1.0,1,1.0,1,1.0,1,0.09270039168319191,61
2985,11,11771,2112,9659,0,0,0,1.0,1,1.0,1,1.0,1,0.1401192836013261,57
2986,5,11776,2114,9662,0,0,0,1.0,1,1.0,1,1.0,1,0.13903417060466056,58
2987,6,11782,2117,9665,0,0,0,1.0,1,1.0,1,1.0,1,0.15906538778021717,56
2988,4,11786,2118,9668,0,0,0,1.0,1,1.0,1,1.0,1,0.16107843596867147,55
2989,6,11792,2121,9671,0,0,0,1.0,1,1.0,1,1.0,1,0.17501157628166944,53
2990,4,11796,2123,9673,0,0,0,1.0,1,1.0,1,1.0,1,0.15746425035845812,52
2991,4,11800,2124,9676,0,0,0,1.0,1,1.0,1,1.0,1,0.1400632260984191,54
2992,5,11805,2125,9680,0,0,0,1.0,1,1.0,1,1.0,1,0.13679557298526673,55
2993,6,11811,2127,9684,0,0,0,1.0,1,1.0,1,1.0,1,0.12169538361641007,53
2994,8,11819,2130,9689,0,0,0,1.0,1,1.0,1,1.0,1,0.13818942461178096,53
2995,1,11820,2130,9690,0,0,0,1.0,1,1.0,1,1.0,1,0.1376609313559301,51
2996,7,11827,2132,9695,0,0,0,1.0,1,1.0,1,1.0,1,0.1393913954209094,52
2997,6,11833,2135,9698,0,0,0,1.0,1,1.0,1,1.0,1,0.19943355699673218,50
2998,2,11835,2136,9699,0,0,0,1.0,1,1.0,1,1.0,1,0.18809873957867143,51
2999,0,11835,2136,9699,0,0,0,1.0,1,1.0,1,1.0,1,0.1865305639704239,48
3000,2,11837,2137,9700,0,0,0,1.0,1,1.0,1,1.0,1,0.16591132599180317,48
3001,4,11841,2137,9704,0,0,0,1.0,1,1.0,1,1.0,1,0.11203991142918532,49
3002,1,11842,2137,9705,0,0,0,1.0,1,1.0,1,1.0,1,0.11631974927359692,50
3003,2,11844,2138,9706,0,0,0,1.0,1,1.0,1,1.0,1,0.11897674964741128,50
3004,1,11845,2138,9707,0,0,0,1.0,1,1.0,1,1.0,1,0.09652714759356086,51
3005,1,11846,2138,9708,0,0,0,1.0,1,1.0,1,1.0,1,0.10559633845197497,50
3006,0,11846,2138,9708,0,0,0,1.0,1,1.0,1,1.0,1,0.12383255645354012,51
3007,0,11846,2138,9708,0,0,0,1.0,1,1.0,1,1.0,1,0.1511323400423079,51
3008,4,11850,2139,9711,0,0,0,1.0,1,1.0,1,1.0,1,0.15975143242213427,53
3009,1,11851,2139,9712,0,0,0,1.0,1,1.0,1,1.0,1,0.16207437482807055,52
3010,1,11852,2139,9713,0,0,0,1.0,1,1.0,1,1.0,1,0.14001208796006512,52
3011,7,11859,2139,9720,0,0,0,1.0,1,1.0,1,1.0,1,0.10925580427020663,51
3012,3,11862,2140,9722,0,0,0,1.0,1,1.0,1,1.0,1,0.16134852154627566,54
3013,6,11868,2142,9726,0,0,0,1.0,1,1.0,1,1.0,1,0.1653846619782776,52
3014,5,11873,2142,9731,0,0,0,1.0,1,1.0,1,1.0,1,0.16064462836099117,51
3015,5,11878,2144,9734,0,0,0,1.0,1,1.0,1,1.0,1,0.13203320045236733,50
3016,4,11882,2147,9735,0,0,0,1.0,1,1.0,1,1.0,1,0.17390133270194857,50
3017,8,11890,2151,9739,0,0,0,1.0,1,1.0,1,1.0,1,0.19150197525537824,48
3018,3,11893,2153,9740,0,0,0,1.0,1,1.0,1,1.0,1,0.16685466988170708,48
3019,2,11895,2155,9740,0,0,0,1.0,1,1.0,1,1.0,1,0.1879466003542891,47
3020,2,11897,2157,9740,0,0,0,1.0,1,1.0,1,1.0,1,0.19799139512653188,47
3021,5,11902,2157,9745,0,0,0,1.0,1,1.0,1,1.0,1,0.13266301843479752,46
3022,6,11908,2160,9748,0,0,0,1.0,1,1.0,1,1.0,1,0.14329031548438467,45
3023,4,11912,2162,9750,0,0,0,1.0,1,1.0,1,1.0,1,0.13668618057939033,41
3024,6,11918,2165,9753,0,0,0,1.0,1,1.0,1,1.0,1,0.18074915991033147,43
3025,5,11923,2166,9757,0,0,0,1.0,1,1.0,1,1.0,1,0.2092455982719593,39
3026,2,11925,2166,9759,0,0,0,1.0,1,1.0,1,1.0,1,0.22125694712505217,38
3027,1,11926,2167,9759,0,0,0,1.0,1,1.0,1,1.0,1,0.2240099549333243,38
3028,1,11927,2168,9759,0,0,0,1.0,1,1.0,1,1.0,1,0.25246116586847245,38
3029,2,11929,2170,9759,0,0,0,1.0,1,1.0,1,1.0,1,0.2698263629254359,37
3030,1,11930,2170,9760,0,0,0,1.0,1,1.0,1,1.0,1,0.2903743600643156,38
3031,3,11933,2171,9762,0,0,0,1.0,1,1.0,1,1.0,1,0.26721695034078985,39
3032,3,11936,2171,9765,0,0,0,1.0,1,1.0,1,1.0,1,0.2711650548953885,39
3033,1,11937,2171,9766,0,0,0,1.0,1,1.0,1,1.0,1,0.24302252492467058,39
3034,0,11937,2171,9766,0,0,0,1.0,1,1.0,1,1.0,1,0.2435061182417221,38
3035,2,11939,2172,9767,0,0,0,1.0,1,1.0,1,1.0,1,0.22864430407210284,39
3036,0,11939,2172,9767,0,0,0,1.0,1,1.0,1,1.0,1,0.2172970760837566,39
3037,0,11939,2172,9767,0,0,0,1.0,1,1.0,1,1.0,1,0.2517364509998172,39
3038,2,11941,2173,9768,0,0,0,1.0,1,1.0,1,1.0,1,0.2556196260936424,40
3039,2,11943,2173,9770,0,0,0,1.0,1,1.0,1,1.0,1,0.21054656893849816,41
3040,2,11945,2174,9771,0,0,0,1.0,1,1.0,1,1.0,1,0.2220856424098034,42
3041,8,11953,2175,9778,0,0,0,1.0,1,1.0,1,1.0,1,0.12430314556842885,43
3042,3,11956,2176,9780,0,0,0,1.0,1,1.0,1,1.0,1,0.13408953435339777,45
3043,4,11960,2178,9782,0,0,0,1.0,1,1.0,1,1.0,1,0.1490127637021873,45
3044,5,11965,2179,9786,0,0,0,1.0,1,1.0,1,1.0,1,0.15848776271182924,45
3045,2,11967,2179,9788,0,0,0,1.0,1,1.0,1,1.0,1,0.15848776271182924,45
3046,0,11967,2179,9788,0,0,0,1.0,1,1.0,1,1.0,1,0.1600915493934295,46
3047,2,11969,2179,9790,0,0,0,1.0,1,1.0,1,1.0,1,0.1600915493934295,46
3048,5,11974,2179,9795,0,0,0,1.0,1,1.0,1,1.0,1,0.1364100941095459,49
3049,6,11980,2179,9801,0,0,0,1.0,1,1.0,1,1.0,1,0.13381257280997577,50
3050,2,11982,2179,9803,0,0,0,1.0,1,1.0,1,1.0,1,0.15640955310438093,50
3051,4,11986,2179,9807,0,0,0,1.0,1,1.0,1,1.0,1,0.13993612370589026,50
3052,8,11994,2181,9813,0,0,0,1.0,1,1.0,1,1.0,1,0.16372511146159116,50
3053,3,11997,2182,9815,0,0,0,1.0,1,1.0,1,1.0,1,0.10401812057656819,49
3054,2,11999,2183,9816,0,0,0,1.0,1,1.0,1,1.0,1,0.12121997382555294,47
3055,6,12005,2184,9821,0,0,0,1.0,1,1.0,1,1.0,1,0.15611305729819394,48
3056,9,12014,2186,9828,0,0,0,1.0,1,1.0,1,1.0,1,0.20542817757284132,47
3057,8,12022,2188,9834,0,0,0,1.0,1,1.0,1,1.0,1,0.22590692107238988,48
3058,7,12029,2189,9840,0,0,0,1.0,1,1.0,1,1.0,1,0.22753866921947202,46
3059,6,12035,2189,9846,0,0,0,1.0,1,1.0,1,1.0,1,0.23841351605182848,44
3060,10,12045,2191,9854,0,0,0,1.0,1,1.0,1,1.0,1,0.27016306857112043,44
3061,7,12052,2191,9861,0,0,0,1.0,1,1.0,1,1.0,1,0.21054309395033172,42
3062,6,12058,2193,9865,0,0,0,1.0,1,1.0,1,1.0,1,0.14176552473746876,42
3063,4,12062,2194,9868,0,0,0,1.0,1,1.0,1,1.0,1,0.1617016541170687,41
3064,6,12068,2196,9872,0,0,0,1.0,1,1.0,1,1.0,1,0.21216378815256165,42
3065,6,12074,2197,9877,0,0,0,1.0,1,1.0,1,1.0,1,0.17653254957693745,40
3066,5,12079,2197,9882,0,0,0,1.0,1,1.0,1,1.0,1,0.13039720020623385,42
3067,3,12082,2199,9883,0,0,0,1.0,1,1.0,1,1.0,1,0.13890195917341575,40
3068,3,12085,2200,9885,0,0,0,1.0,1,1.0,1,1.0,1,0.17581193194083378,39
3069,1,12086,2200,9886,0,0,0,1.0,1,1.0,1,1.0,1,0.19480821561149853,38
3070,2,12088,2200,9888,0,0,0,1.0,1,1.0,1,1.0,1,0.21507074916332916,39
3071,4,12092,2200,9892,0,0,0,1.0,1,1.0,1,1.0,1,0.2026443436292339,39
3072,7,12099,2202,9897,0,0,0,1.0,1,1.0,1,1.0,1,0.3408144601316043,40
3073,9,12108,2203,9905,0,0,0,1.0,1,1.0,1,1.0,1,0.3872241450434127,38
3074,6,12114,2203,9911,0,0,0,1.0,1,1.0,1,1.0,1,0.33897908401962185,38
3075,13,12127,2205,9922,0,0,0,1.0,1,1.0,1,1.0,1,0.4059290810276455,41
3076,9,12136,2206,9930,0,0,0,1.0,1,1.0,1,1.0,1,0.31773373640191827,42
3077,12,12148,2208,9940,0,0,0,1.0,1,1.0,1,1.0,1,0.3742296964176245,42
3078,5,12153,2208,9945,0,0,0,1.0,1,1.0,1,1.0,1,0.33712135499680307,42
3079,8,12161,2208,9953,0,0,0,1.0,1,1.0,1,1.0,1,0.32210398999375983,42
3080,9,12170,2209,9961,0,0,0,1.0,1,1.0,1,1.0,1,0.32026460437213466,43
3081,12,12182,2209,9973,0,0,0,1.0,1,1.0,1,1.0,1,0.16147059076761755,44
3082,6,12188,2209,9979,0,0,0,1.0,1,1.0,1,1.0,1,0.17478687143963395,45
3083,6,12194,2209,9985,0,0,0,1.0,1,1.0,1,1.0,1,0.17082556934896978,45
3084,5,12199,2209,9990,0,0,0,1.0,1,1.0,1,1.0,1,0.1632325828781564,45
3085,11,12210,2210,10000,0,0,0,1.0,1,1.0,1,1.0,1,0.1877085482300383,46
3086,7,12217,2210,10007,0,0,0,1.0,1,1.0,1,1.0,1,0.18060817329864262,46
3087,6,12223,2210,10013,0,0,0,1.0,1,1.0,1,1.0,1,0.1245031908352204,47
3088,4,12227,2210,10017,0,0,0,1.0,1,1.0,1,1.0,1,0.15940994415247187,48
3089,5,12232,2210,10022,0,0,0,1.0,1,1.0,1,1.0,1,0.14928748720229318,46
3090,4,12236,2210,10026,0,0,0,1.0,1,1.0,1,1.0,1,0.18552628495895016,46
3091,6,12242,2210,10032,0,0,0,1.0,1,1.0,1,1.0,1,0.2005428896698852,46
3092,10,12252,2212,10040,0,0,0,1.0,1,1.0,1,1.0,1,0.15685403600331785,47
3093,8,12260,2213,10047,0,0,0,1.0,1,1.0,1,1.0,1,0.16507724553778275,47
3094,13,12273,2214,10059,0,0,0,1.0,1,1.0,1,1.0,1,0.16985160125992588,45
3095,10,12283,2215,10068,0,0,0,1.0,1,1.0,1,1.0,1,0.17368882664177104,46
3096,10,12293,2215,10078,0,0,0,1.0,1,1.0,1,1.0,1,0.20787156050982966,46
3097,13,12306,2217,10089,0,0,0,1.0,1,1.0,1,1.0,1,0.18493139871567818,47
3098,12,12318,2217,10101,0,0,0,1.0,1,1.0,1,1.0,1,0.18962364788152747,47
3099,10,12328,2217,10111,0,0,0,1.0,1,1.0,1,1.0,1,0.20731700009628154,47
3100,13,12341,2217,10124,0,0,0,1.0,1,1.0,1,1.0,1,0.1871712347015209,47
3101,5,12346,2217,10129,0,0,0,1.0,1,1.0,1,1.0,1,0.12452781307121497,48
3102,1,12347,2217,10130,0,0,0,1.0,1,1.0,1,1.0,1,0.09966364375134519,48
3103,2,12349,2218,10131,0,0,0,1.0,1,1.0,1,1.0,1,0.08517677347643432,49
3104,3,12352,2220,10132,0,0,0,1.0,1,1.0,1,1.0,1,0.10547007735637409,48
3105,1,12353,2221,10132,0,0,0,1.0,1,1.0,1,1.0,1,0.09559078814433332,45
3106,1,12354,2222,10132,0,0,0,1.0,1,1.0,1,1.0,1,0.14826789234055354,46
3107,4,12358,2223,10135,0,0,0,1.0,1,1.0,1,1.0,1,0.10737689980792561,44
3108,1,12359,2223,10136,0,0,0,1.0,1,1.0,1,1.0,1,0.09835157239580533,45
3109,0,12359,2223,10136,0,0,0,1.0,1,1.0,1,1.0,1,0.10983015962078069,44
3110,7,12366,2226,10140,0,0,0,1.0,1,1.0,1,1.0,1,0.14267948248739518,46
3111,8,12374,2227,10147,0,0,0,1.0,1,1.0,1,1.0,1,0.11710092806042911,46
3112,5,12379,2227,10152,0,0,0,1.0,1,1.0,1,1.0,1,0.14482884971127055,47
3113,4,12383,2228,10155,0,0,0,1.0,1,1.0,1,1.0,1,0.12656599552627337,48
3114,2,12385,2228,10157,0,0,0,1.0,1,1.0,1,1.0,1,0.14772390325754836,48
3115,4,12389,2228,10161,0,0,0,1.0,1,1.0,1,1.0,1,0.14800513731299517,49
3116,7,12396,2228,10168,0,0,0,1.0,1,1.0,1,1.0,1,0.21223515161939957,48
3117,10,12406,2230,10176,0,0,0,1.0,1,1.0,1,1.0,1,0.22324813369218435,49
3118,8,12414,2230,10184,0,0,0,1.0,1,1.0,1,1.0,1,0.27143520900697893,50
3119,8,12422,2231,10191,0,0,0,1.0,1,1.0,1,1.0,1,0.25243922120964807,50
3120,7,12429,2231,10198,0,0,0,1.0,1,1.0,1,1.0,1,0.2595287883510957,50
3121,8,12437,2231,10206,0,0,0,1.0,1,1.0,1,1.0,1,0.12258266727509691,50
3122,2,12439,2231,10208,0,0,0,1.0,1,1.0,1,1.0,1,0.07844877515939443,50
3123,2,12441,2231,10210,0,0,0,1.0,1,1.0,1,1.0,1,0.07245514783235507,51
3124,1,12442,2232,10210,0,0,0,1.0,1,1.0,1,1.0,1,0.0958410830463876,51
3125,0,12442,2232,10210,0,0,0,1.0,1,1.0,1,1.0,1,0.0958410830463876,51
3126,3,12445,2233,10212,0,0,0,1.0,1,1.0,1,1.0,1,0.11092640755000467,54
3127,2,12447,2233,10214,0,0,0,1.0,1,1.0,1,1.0,1,0.100542264230502,53
3128,4,12451,2234,10217,0,0,0,1.0,1,1.0,1,1.0,1,0.07662886891954353,52
3129,1,12452,2235,10217,0,0,0,1.0,1,1.0,1,1.0,1,0.08839338296354773,51
3130,3,12455,2236,10219,0,0,0,1.0,1,1.0,1,1.0,1,0.10429184396140954,50
3131,2,12457,2238,10219,0,0,0,1.0,1,1.0,1,1.0,1,0.0926157395798397,50
3132,1,12458,2239,10219,0,0,0,1.0,1,1.0,1,1.0,1,0.10315407787573477,49
3133,4,12462,2241,10221,0,0,0,1.0,1,1.0,1,1.0,1,0.07177902206411053,49
3134,1,12463,2242,10221,0,0,0,1.0,1,1.0,1,1.0,1,0.11179397249589693,46
3135,2,12465,2243,10222,0,0,0,1.0,1,1.0,1,1.0,1,0.13580310404731039,47
3136,3,12468,2244,10224,0,0,0,1.0,1,1.0,1,1.0,1,0.13689701559272446,46
3137,1,12469,2245,10224,0,0,0,1.0,1,1.0,1,1.0,1,0.14843874342178617,49
3138,1,12470,2246,10224,0,0,0,1.0,1,1.0,1,1.0,1,0.17498695528892758,49
3139,4,12474,2249,10225,0,0,0,1.0,1,1.0,1,1.0,1,0.18183922367858416,50
3140,2,12476,2249,10227,0,0,0,1.0,1,1.0,1,1.0,1,0.17607566055066703,51
3141,2,12478,2249,10229,0,0,0,1.0,1,1.0,1,1.0,1,0.13619225552608816,50
3142,0,12478,2249,10229,0,0,0,1.0,1,1.0,1,1.0,1,0.13619225552608816,50
3143,2,12480,2250,10230,0,0,0,1.0,1,1.0,1,1.0,1,0.15611953517383464,49
3144,4,12484,2252,10232,0,0,0,1.0,1,1.0,1,1.0,1,0.14993899603439395,49
3145,0,12484,2252,10232,0,0,0,1.0,1,1.0,1,1.0,1,0.1571612993051803,48
3146,1,12485,2252,10233,0,0,0,1.0,1,1.0,1,1.0,1,0.15422844536305436,49
3147,2,12487,2253,10234,0,0,0,1.0,1,1.0,1,1.0,1,0.15772556138525629,48
3148,3,12490,2254,10236,0,0,0,1.0,1,1.0,1,1.0,1,0.1558970182363311,48
3149,2,12492,2256,10236,0,0,0,1.0,1,1.0,1,1.0,1,0.17063940573781214,47
3150,4,12496,2258,10238,0,0,0,1.0,1,1.0,1,1.0,1,0.13806277215616516,47
3151,1,12497,2258,10239,0,0,0,1.0,1,1.0,1,1.0,1,0.1545373183507062,48
3152,1,12498,2259,10239,0,0,0,1.0,1,1.0,1,1.0,1,0.14529862148397882,47
3153,1,12499,2260,10239,0,0,0,1.0,1,1.0,1,1.0,1,0.16685143229486638,47
3154,5,12504,2261,10243,0,0,0,1.0,1,1.0,1,1.0,1,0.16426006296930998,48
3155,5,12509,2262,10247,0,0,0,1.0,1,1.0,1,1.0,1,0.12194633644390052,48
3156,2,12511,2262,10249,0,0,0,1.0,1,1.0,1,1.0,1,0.15902291742710614,48
3157,5,12516,2262,10254,0,0,0,1.0,1,1.0,1,1.0,1,0.18115604127782114,48
3158,4,12520,2263,10257,0,0,0,1.0,1,1.0,1,1.0,1,0.15475204803816212,48
3159,2,12522,2263,10259,0,0,0,1.0,1,1.0,1,1.0,1,0.16203551177464806,49
3160,3,12525,2263,10262,0,0,0,1.0,1,1.0,1,1.0,1,0.18630050660433772,51
3161,5,12530,2263,10267,0,0,0,1.0,1,1.0,1,1.0,1,0.12679803406652276,52
3162,2,12532,2264,10268,0,0,0,1.0,1,1.0,1,1.0,1,0.13131887813790788,51
3163,2,12534,2264,10270,0,0,0,1.0,1,1.0,1,1.0,1,0.06239765170767108,51
3164,3,12537,2265,10272,0,0,0,1.0,1,1.0,1,1.0,1,0.06967572226189837,52
3165,3,12540,2266,10274,0,0,0,1.0,1,1.0,1,1.0,1,0.08357243231019215,50
3166,1,12541,2267,10274,0,0,0,1.0,1,1.0,1,1.0,1,0.08415671138886979,50
3167,1,12542,2268,10274,0,0,0,1.0,1,1.0,1,1.0,1,0.07376141282737507,49
3168,2,12544,2269,10275,0,0,0,1.0,1,1.0,1,1.0,1,0.09767832484049614,47
3169,2,12546,2269,10277,0,0,0,1.0,1,1.0,1,1.0,1,0.10704377371932489,48
3170,3,12549,2270,10279,0,0,0,1.0,1,1.0,1,1.0,1,0.13842056830962177,47
3171,9,12558,2272,10286,0,0,0,1.0,1,1.0,1,1.0,1,0.21754188036127134,47
3172,6,12564,2273,10291,0,0,0,1.0,1,1.0,1,1.0,1,0.2407901316090082,46
3173,7,12571,2274,10297,0,0,0,1.0,1,1.0,1,1.0,1,0.21562294219322747,45
3174,7,12578,2274,10304,0,0,0,1.0,1,1.0,1,1.0,1,0.21819381278157787,43
3175,5,12583,2276,10307,0,0,0,1.0,1,1.0,1,1.0,1,0.15318841941802197,43
3176,2,12585,2276,10309,0,0,0,1.0,1,1.0,1,1.0,1,0.15108884440753226,44
3177,5,12590,2278,10312,0,0,0,1.0,1,1.0,1,1.0,1,0.16494936097349755,44
3178,4,12594,2279,10315,0,0,0,1.0,1,1.0,1,1.0,1,0.1853916429793666,47
3179,6,12600,2282,10318,0,0,0,1.0,1,1.0,1,1.0,1,0.21274183129897195,48
3180,5,12605,2282,10323,0,0,0,1.0,1,1.0,1,1.0,1,0.2536562414721205,48
3181,7,12612,2282,10330,0,0,0,1.0,1,1.0,1,1.0,1,0.09602164859009094,48
3182,5,12617,2284,10333,0,0,0,1.0,1,1.0,1,1.0,1,0.13718562081668512,51
3183,2,12619,2284,10335,0,0,0,1.0,1,1.0,1,1.0,1,0.14164537778364558,50
3184,7,12626,2285,10341,0,0,0,1.0,1,1.0,1,1.0,1,0.15127776679231092,50
3185,5,12631,2285,10346,0,0,0,1.0,1,1.0,1,1.0,1,0.16704252144447246,48
3186,2,12633,2286,10347,0,0,0,1.0,1,1.0,1,1.0,1,0.15129569354100933,48
3187,4,12637,2286,10351,0,0,0,1.0,1,1.0,1,1.0,1,0.18006762408891794,48
3188,3,12640,2287,10353,0,0,0,1.0,1,1.0,1,1.0,1,0.1929341783097998,48
3189,3,12643,2287,10356,0,0,0,1.0,1,1.0,1,1.0,1,0.1599011025822151,49
3190,2,12645,2287,10358,0,0,0,1.0,1,1.0,1,1.0,1,0.17217519032447798,51
3191,4,12649,2288,10361,0,0,0,1.0,1,1.0,1,1.0,1,0.15369452872686615,52
3192,1,12650,2288,10362,0,0,0,1.0,1,1.0,1,1.0,1,0.1389763000892659,52
3193,1,12651,2288,10363,0,0,0,1.0,1,1.0,1,1.0,1,0.15369452872686615,52
3194,5,12656,2288,10368,0,0,0,1.0,1,1.0,1,1.0,1,0.12158102041143617,54
3195,6,12662,2288,10374,0,0,0,1.0,1,1.0,1,1.0,1,0.12146063714328242,54
3196,5,12667,2288,10379,0,0,0,1.0,1,1.0,1,1.0,1,0.10267592238932964,54
3197,6,12673,2288,10385,0,0,0,1.0,1,1.0,1,1.0,1,0.1291065299981932,54
3198,4,12677,2289,10388,0,0,0,1.0,1,1.0,1,1.0,1,0.12261762302186573,54
3199,8,12685,2290,10395,0,0,0,1.0,1,1.0,1,1.0,1,0.10464578909077499,56
3200,6,12691,2291,10400,0,0,0,1.0,1,1.0,1,1.0,1,0.15837589983458822,56
3201,4,12695,2291,10404,0,0,0,1.0,1,1.0,1,1.0,1,0.10087927770909709,56
3202,2,12697,2291,10406,0,0,0,1.0,1,1.0,1,1.0,1,0.07741479764585857,57
3203,0,12697,2291,10406,0,0,0,1.0,1,1.0,1,1.0,1,0.09426166711738211,56
3204,2,12699,2293,10406,0,0,0,1.0,1,1.0,1,1.0,1,0.11472510641952313,55
3205,0,12699,2293,10406,0,0,0,1.0,1,1.0,1,1.0,1,0.11867815301343002,54
3206,4,12703,2295,10408,0,0,0,1.0,1,1.0,1,1.0,1,0.12555254431082294,56
3207,3,12706,2297,10409,0,0,0,1.0,1,1.0,1,1.0,1,0.18205994734064904,54
3208,1,12707,2297,10410,0,0,0,1.0,1,1.0,1,1.0,1,0.17937915652748165,53
3209,0,12707,2297,10410,0,0,0,1.0,1,1.0,1,1.0,1,0.17613131088558515,54
3210,3,12710,2298,10412,0,0,0,1.0,1,1.0,1,1.0,1,0.21646339928638864,53
3211,0,12710,2298,10412,0,0,0,1.0,1,1.0,1,1.0,1,0.21646339928638864,53
3212,2,12712,2298,10414,0,0,0,1.0,1,1.0,1,1.0,1,0.20696517811924633,54
3213,1,12713,2299,10414,0,0,0,1.0,1,1.0,1,1.0,1,0.20455012382005494,54
3214,5,12718,2299,10419,0,0,0,1.0,1,1.0,1,1.0,1,0.19231080190042268,55
3215,1,12719,2299,10420,0,0,0,1.0,1,1.0,1,1.0,1,0.18355734566001958,55
3216,1,12720,2299,10421,0,0,0,1.0,1,1.0,1,1.0,1,0.1917447137172713,55
3217,6,12726,2302,10424,0,0,0,1.0,1,1.0,1,1.0,1,0.2043602166185265,54
3218,3,12729,2302,10427,0,0,0,1.0,1,1.0,1,1.0,1,0.22253959697233547,54
3219,3,12732,2303,10429,0,0,0,1.0,1,1.0,1,1.0,1,0.21987978372206293,55
3220,2,12734,2303,10431,0,0,0,1.0,1,1.0,1,1.0,1,0.19852506026580974,56
3221,5,12739,2304,10435,0,0,0,1.0,1,1.0,1,1.0,1,0.1810800352971747,57
3222,3,12742,2304,10438,0,0,0,1.0,1,1.0,1,1.0,1,0.16538837224023836,57
3223,5,12747,2305,10442,0,0,0,1.0,1,1.0,1,1.0,1,0.1547216779567795,56
3224,7,12754,2309,10445,0,0,0,1.0,1,1.0,1,1.0,1,0.1550159296314068,58
3225,7,12761,2311,10450,0,0,0,1.0,1,1.0,1,1.0,1,0.1291153124793479,55
3226,6,12767,2313,10454,0,0,0,1.0,1,1.0,1,1.0,1,0.11809754594046297,54
3227,3,12770,2314,10456,0,0,0,1.0,1,1.0,1,1.0,1,0.10731293231248978,53
3228,5,12775,2316,10459,0,0,0,1.0,1,1.0,1,1.0,1,0.14889010617105333,52
3229,5,12780,2318,10462,0,0,0,1.0,1,1.0,1,1.0,1,0.16600776465114528,52
3230,4,12784,2319,10465,0,0,0,1.0,1,1.0,1,1.0,1,0.17300817784448608,50
3231,6,12790,2322,10468,0,0,0,1.0,1,1.0,1,1.0,1,0.1667585083019554,50
3232,2,12792,2323,10469,0,0,0,1.0,1,1.0,1,1.0,1,0.18831620003163177,50
3233,1,12793,2324,10469,0,0,0,1.0,1,1.0,1,1.0,1,0.19161608023572083,50
3234,3,12796,2326,10470,0,0,0,1.0,1,1.0,1,1.0,1,0.2285012582649779,49
3235,1,12797,2327,10470,0,0,0,1.0,1,1.0,1,1.0,1,0.26103913365398895,49
3236,0,12797,2327,10470,0,0,0,1.0,1,1.0,1,1.0,1,0.23559039817498154,51
3237,1,12798,2328,10470,0,0,0,1.0,1,1.0,1,1.0,1,0.23157289712227327,53
3238,4,12802,2328,10474,0,0,0,1.0,1,1.0,1,1.0,1,0.2542139764108317,53
3239,2,12804,2328,10476,0,0,0,1.0,1,1.0,1,1.0,1,0.2542139764108317,53
3240,1,12805,2328,10477,0,0,0,1.0,1,1.0,1,1.0,1,0.25624125157807703,53
3241,9,12814,2328,10486,0,0,0,1.0,1,1.0,1,1.0,1,0.16143955165043183,53
3242,2,12816,2328,10488,0,0,0,1.0,1,1.0,1,1.0,1,0.16143955165043183,53
3243,5,12821,2328,10493,0,0,0,1.0,1,1.0,1,1.0,1,0.12480440596771275,56
3244,2,12823,2328,10495,0,0,0,1.0,1,1.0,1,1.0,1,0.14497544563488626,57
3245,5,12828,2328,10500,0,0,0,1.0,1,1.0,1,1.0,1,0.13872962562604632,59
3246,7,12835,2328,10507,0,0,0,1.0,1,1.0,1,1.0,1,0.1250514827808062,59
3247,5,12840,2329,10511,0,0,0,1.0,1,1.0,1,1.0,1,0.17919942828958704,59
3248,9,12849,2330,10519,0,0,0,1.0,1,1.0,1,1.0,1,0.16978932353079165,59
3249,5,12854,2330,10524,0,0,0,1.0,1,1.0,1,1.0,1,0.18806327867008413,58
3250,5,12859,2331,10528,0,0,0,1.0,1,1.0,1,1.0,1,0.18287521290524944,58
3251,5,12864,2332,10532,0,0,0,1.0,1,1.0,1,1.0,1,0.21892596365725508,57
3252,11,12875,2332,10543,0,0,0,1.0,1,1.0,1,1.0,1,0.1993787858133061,57
3253,6,12881,2332,10549,0,0,0,1.0,1,1.0,1,1.0,1,0.21729002366125408,56
3254,4,12885,2332,10553,0,0,0,1.0,1,1.0,1,1.0,1,0.24942473723694225,57
3255,11,12896,2333,10563,0,0,0,1.0,1,1.0,1,1.0,1,0.2543352404532419,57
3256,10,12906,2333,10573,0,0,0,1.0,1,1.0,1,1.0,1,0.22817302503792392,57
3257,5,12911,2333,10578,0,0,0,1.0,1,1.0,1,1.0,1,0.19911172694397736,57
3258,6,12917,2333,10584,0,0,0,1.0,1,1.0,1,1.0,1,0.17195445237247445,58
3259,10,12927,2336,10591,0,0,0,1.0,1,1.0,1,1.0,1,0.24171785886301012,59
3260,8,12935,2336,10599,0,0,0,1.0,1,1.0,1,1.0,1,0.20826524529101506,60
3261,11,12946,2337,10609,0,0,0,1.0,1,1.0,1,1.0,1,0.08953880969873178,60
3262,5,12951,2339,10612,0,0,0,1.0,1,1.0,1,1.0,1,0.04934219063997718,61
3263,2,12953,2341,10612,0,0,0,1.0,1,1.0,1,1.0,1,0.07670966290905587,62
3264,2,12955,2343,10612,0,0,0,1.0,1,1.0,1,1.0,1,0.09171120411256932,60
3265,1,12956,2344,10612,0,0,0,1.0,1,1.0,1,1.0,1,0.09384827085154424,58
3266,5,12961,2348,10613,0,0,0,1.0,1,1.0,1,1.0,1,0.09227258266536269,59
3267,4,12965,2350,10615,0,0,0,1.0,1,1.0,1,1.0,1,0.09526786962127526,60
3268,7,12972,2354,10618,0,0,0,1.0,1,1.0,1,1.0,1,0.09317470584992278,58
3269,3,12975,2355,10620,0,0,0,1.0,1,1.0,1,1.0,1,0.09431987159124008,57
3270,4,12979,2357,10622,0,0,0,1.0,1,1.0,1,1.0,1,0.08939202505277911,56
3271,5,12984,2358,10626,0,0,0,1.0,1,1.0,1,1.0,1,0.09942918088234078,55
3272,2,12986,2358,10628,0,0,0,1.0,1,1.0,1,1.0,1,0.11573245755079867,55
3273,4,12990,2359,10631,0,0,0,1.0,1,1.0,1,1.0,1,0.10647622988525356,55
3274,2,12992,2359,10633,0,0,0,1.0,1,1.0,1,1.0,1,0.10913481385514741,55
3275,9,13001,2361,10640,0,0,0,1.0,1,1.0,1,1.0,1,0.130684717828383,55
3276,5,13006,2361,10645,0,0,0,1.0,1,1.0,1,1.0,1,0.1362420010641423,55
3277,10,13016,2363,10653,0,0,0,1.0,1,1.0,1,1.0,1,0.17971678366319446,57
3278,9,13025,2364,10661,0,0,0,1.0,1,1.0,1,1.0,1,0.20885419265611987,56
3279,8,13033,2365,10668,0,0,0,1.0,1,1.0,1,1.0,1,0.16737740562897818,54
3280,3,13036,2365,10671,0,0,0,1.0,1,1.0,1,1.0,1,0.2172914222558108,53
3281,13,13049,2367,10682,0,0,0,1.0,1,1.0,1,1.0,1,0.08740994076068555,52
3282,1,13050,2367,10683,0,0,0,1.0,1,1.0,1,1.0,1,0.10729460087992108,50
3283,3,13053,2368,10685,0,0,0,1.0,1,1.0,1,1.0,1,0.11316547986272876,50
3284,6,13059,2371,10688,0,0,0,1.0,1,1.0,1,1.0,1,0.1673027019743545,47
3285,3,13062,2371,10691,0,0,0,1.0,1,1.0,1,1.0,1,0.14562281778566608,48
3286,5,13067,2374,10693,0,0,0,1.0,1,1.0,1,1.0,1,0.1919912674196672,46
3287,5,13072,2375,10697,0,0,0,1.0,1,1.0,1,1.0,1,0.20835334644392958,46
3288,3,13075,2377,10698,0,0,0,1.0,1,1.0,1,1.0,1,0.21860405600374638,46
3289,4,13079,2380,10699,0,0,0,1.0,1,1.0,1,1.0,1,0.2220001146045348,48
3290,2,13081,2381,10700,0,0,0,1.0,1,1.0,1,1.0,1,0.2040998953798262,48
3291,6,13087,2382,10705,0,0,0,1.0,1,1.0,1,1.0,1,0.16489235857952242,50
3292,7,13094,2383,10711,0,0,0,1.0,1,1.0,1,1.0,1,0.19357996775460456,50
3293,6,13100,2383,10717,0,0,0,1.0,1,1.0,1,1.0,1,0.19017080534777941,51
3294,7,13107,2385,10722,0,0,0,1.0,1,1.0,1,1.0,1,0.18424488192169636,50
3295,3,13110,2385,10725,0,0,0,1.0,1,1.0,1,1.0,1,0.18705225073921308,50
3296,4,13114,2386,10728,0,0,0,1.0,1,1.0,1,1.0,1,0.21267065061162477,50
3297,11,13125,2389,10736,0,0,0,1.0,1,1.0,1,1.0,1,0.22813006272362385,51
3298,9,13134,2389,10745,0,0,0,1.0,1,1.0,1,1.0,1,0.23378422190432332,52
3299,7,13141,2389,10752,0,0,0,1.0,1,1.0,1,1.0,1,0.23676349075767278,53
3300,8,13149,2390,10759,0,0,0,1.0,1,1.0,1,1.0,1,0.23503067084058019,53
3301,8,13157,2391,10766,0,0,0,1.0,1,1.0,1,1.0,1,0.1116889695828743,53
3302,6,13163,2394,10769,0,0,0,1.0,1,1.0,1,1.0,1,0.17068271760737463,53
3303,3,13166,2395,10771,0,0,0,1.0,1,1.0,1,1.0,1,0.15590968344121758,52
3304,6,13172,2398,10774,0,0,0,1.0,1,1.0,1,1.0,1,0.17592504548697113,52
3305,8,13180,2400,10780,0,0,0,1.0,1,1.0,1,1.0,1,0.18599713852654826,51
3306,5,13185,2401,10784,0,0,0,1.0,1,1.0,1,1.0,1,0.21163790650572065,51
3307,6,13191,2402,10789,0,0,0,1.0,1,1.0,1,1.0,1,0.2297701887717978,48
3308,10,13201,2406,10795,0,0,0,1.0,1,1.0,1,1.0,1,0.23380007644912496,48
3309,6,13207,2406,10801,0,0,0,1.0,1,1.0,1,1.0,1,0.2323489482996317,48
3310,7,13214,2406,10808,0,0,0,1.0,1,1.0,1,1.0,1,0.23942830163323484,47
3311,10,13224,2407,10817,0,0,0,1.0,1,1.0,1,1.0,1,0.27479671330191546,49
3312,14,13238,2410,10828,0,0,0,1.0,1,1.0,1,1.0,1,0.3094521574313933,48
3313,8,13246,2413,10833,0,0,0,1.0,1,1.0,1,1.0,1,0.3517174186579996,49
3314,10,13256,2415,10841,0,0,0,1.0,1,1.0,1,1.0,1,0.3800590818484409,47
3315,10,13266,2416,10850,0,0,0,1.0,1,1.0,1,1.0,1,0.38972596293923467,47
3316,8,13274,2416,10858,0,0,0,1.0,1,1.0,1,1.0,1,0.4121647096315031,47
3317,9,13283,2416,10867,0,0,0,1.0,1,1.0,1,1.0,1,0.3357838250299137,46
3318,11,13294,2418,10876,0,0,0,1.0,1,1.0,1,1.0,1,0.36246603192110094,45
3319,5,13299,2418,10881,0,0,0,1.0,1,1.0,1,1.0,1,0.35431526474247577,44
3320,7,13306,2418,10888,0,0,0,1.0,1,1.0,1,1.0,1,0.34293729050442473,43
3321,13,13319,2419,10900,0,0,0,1.0,1,1.0,1,1.0,1,0.15416863929095823,43
3322,2,13321,2419,10902,0,0,0,1.0,1,1.0,1,1.0,1,0.13803883018010737,40
3323,2,13323,2419,10904,0,0,0,1.0,1,1.0,1,1.0,1,0.1341447552026614,40
3324,2,13325,2419,10906,0,0,0,1.0,1,1.0,1,1.0,1,0.09959361458845534,40
3325,0,13325,2419,10906,0,0,0,1.0,1,1.0,1,1.0,1,0.13120739134394996,40
3326,0,13325,2419,10906,0,0,0,1.0,1,1.0,1,1.0,1,0.12443408233624498,41
3327,0,13325,2419,10906,0,0,0,1.0,1,1.0,1,1.0,1,0.131085706552252,39
3328,6,13331,2423,10908,0,0,0,1.0,1,1.0,1,1.0,1,0.15794661941687593,41
3329,5,13336,2424,10912,0,0,0,1.0,1,1.0,1,1.0,1,0.10616509339090598,39
3330,8,13344,2427,10917,0,0,0,1.0,1,1.0,1,1.0,1,0.18977665079899608,40
3331,7,13351,2427,10924,0,0,0,1.0,1,1.0,1,1.0,1,0.1585824791552908,38
3332,7,13358,2427,10931,0,0,0,1.0,1,1.0,1,1.0,1,0.21417036298060868,38
3333,6,13364,2429,10935,0,0,0,1.0,1,1.0,1,1.0,1,0.24715280419566876,38
3334,5,13369,2429,10940,0,0,0,1.0,1,1.0,1,1.0,1,0.19532033506769242,40
3335,6,13375,2429,10946,0,0,0,1.0,1,1.0,1,1.0,1,0.16205451588579695,40
3336,6,13381,2430,10951,0,0,0,1.0,1,1.0,1,1.0,1,0.177409518857592,39
3337,4,13385,2431,10954,0,0,0,1.0,1,1.0,1,1.0,1,0.20719028455235608,40
3338,6,13391,2433,10958,0,0,0,1.0,1,1.0,1,1.0,1,0.2187254129542431,41
3339,4,13395,2434,10961,0,0,0,1.0,1,1.0,1,1.0,1,0.2477271457775209,42
3340,7,13402,2436,10966,0,0,0,1.0,1,1.0,1,1.0,1,0.2233116910138372,43
3341,5,13407,2436,10971,0,0,0,1.0,1,1.0,1,1.0,1,0.15312758353595174,43
3342,4,13411,2437,10974,0,0,0,1.0,1,1.0,1,1.0,1,0.1500261632904449,44
3343,5,13416,2439,10977,0,0,0,1.0,1,1.0,1,1.0,1,0.18969465531284138,44
3344,1,13417,2439,10978,0,0,0,1.0,1,1.0,1,1.0,1,0.19294000887159643,44
3345,1,13418,2439,10979,0,0,0,1.0,1,1.0,1,1.0,1,0.1916089072374336,43
3346,0,13418,2439,10979,0,0,0,1.0,1,1.0,1,1.0,1,0.2110155433556163,42
3347,1,13419,2439,10980,0,0,0,1.0,1,1.0,1,1.0,1,0.16244943298859937,44
3348,2,13421,2439,10982,0,0,0,1.0,1,1.0,1,1.0,1,0.17605182263233665,45
3349,2,13423,2440,10983,0,0,0,1.0,1,1.0,1,1.0,1,0.19539440074126888,45
3350,1,13424,2440,10984,0,0,0,1.0,1,1.0,1,1.0,1,0.18214205366837571,46
3351,5,13429,2442,10987,0,0,0,1.0,1,1.0,1,1.0,1,0.1857982893942345,47
3352,4,13433,2444,10989,0,0,0,1.0,1,1.0,1,1.0,1,0.2153311466217234,47
3353,4,13437,2444,10993,0,0,0,1.0,1,1.0,1,1.0,1,0.2383958477231142,48
3354,8,13445,2444,11001,0,0,0,1.0,1,1.0,1,1.0,1,0.2290261620272606,48
3355,5,13450,2444,11006,0,0,0,1.0,1,1.0,1,1.0,1,0.2133227015371026,48
3356,5,13455,2445,11010,0,0,0,1.0,1,1.0,1,1.0,1,0.14398647608994422,48
3357,3,13458,2445,11013,0,0,0,1.0,1,1.0,1,1.0,1,0.14514139304300402,47
3358,3,13461,2446,11015,0,0,0,1.0,1,1.0,1,1.0,1,0.14962388037236835,46
3359,3,13464,2446,11018,0,0,0,1.0,1,1.0,1,1.0,1,0.14092994536738912,45
3360,4,13468,2448,11020,0,0,0,1.0,1,1.0,1,1.0,1,0.18604392014309024,44
3361,2,13470,2448,11022,0,0,0,1.0,1,1.0,1,1.0,1,0.14044864159437453,43
3362,1,13471,2448,11023,0,0,0,1.0,1,1.0,1,1.0,1,0.12018590817362305,42
3363,1,13472,2449,11023,0,0,0,1.0,1,1.0,1,1.0,1,0.1739419115690816,41
3364,0,13472,2449,11023,0,0,0,1.0,1,1.0,1,1.0,1,0.14426817503099126,41
3365,1,13473,2449,11024,0,0,0,1.0,1,1.0,1,1.0,1,0.14738602781732554,41
3366,4,13477,2451,11026,0,0,0,1.0,1,1.0,1,1.0,1,0.19974400301315867,40
3367,2,13479,2452,11027,0,0,0,1.0,1,1.0,1,1.0,1,0.15077039256675742,39
3368,0,13479,2452,11027,0,0,0,1.0,1,1.0,1,1.0,1,0.15077039256675742,39
3369,1,13480,2453,11027,0,0,0,1.0,1,1.0,1,1.0,1,0.14182214613748478,40
3370,1,13481,2454,11027,0,0,0,1.0,1,1.0,1,1.0,1,0.13827378423612297,41
3371,2,13483,2455,11028,0,0,0,1.0,1,1.0,1,1.0,1,0.147222388813656,41
3372,3,13486,2457,11029,0,0,0,1.0,1,1.0,1,1.0,1,0.1589917446763139,40
3373,3,13489,2458,11031,0,0,0,1.0,1,1.0,1,1.0,1,0.20536824908005588,41
3374,3,13492,2459,11033,0,0,0,1.0,1,1.0,1,1.0,1,0.21420531423816536,42
3375,3,13495,2459,11036,0,0,0,1.0,1,1.0,1,1.0,1,0.22826150475943957,44
3376,2,13497,2459,11038,0,0,0,1.0,1,1.0,1,1.0,1,0.21994412438048364,46
3377,2,13499,2459,11040,0,0,0,1.0,1,1.0,1,1.0,1,0.2296285509982434,47
3378,4,13503,2462,11041,0,0,0,1.0,1,1.0,1,1.0,1,0.2049730388789217,48
3379,2,13505,2462,11043,0,0,0,1.0,1,1.0,1,1.0,1,0.2049730388789217,48
3380,3,13508,2463,11045,0,0,0,1.0,1,1.0,1,1.0,1,0.21535871671484433,48
3381,6,13514,2463,11051,0,0,0,1.0,1,1.0,1,1.0,1,0.08315248344647203,48
3382,3,13517,2464,11053,0,0,0,1.0,1,1.0,1,1.0,1,0.12633938479802212,49
3383,1,13518,2464,11054,0,0,0,1.0,1,1.0,1,1.0,1,0.11114649502431188,47
3384,8,13526,2467,11059,0,0,0,1.0,1,1.0,1,1.0,1,0.1533983463168804,48
3385,5,13531,2467,11064,0,0,0,1.0,1,1.0,1,1.0,1,0.16550908125297384,47
3386,4,13535,2468,11067,0,0,0,1.0,1,1.0,1,1.0,1,0.17574955164183442,49
3387,2,13537,2468,11069,0,0,0,1.0,1,1.0,1,1.0,1,0.1792891911024732,48
3388,2,13539,2468,11071,0,0,0,1.0,1,1.0,1,1.0,1,0.16359521885651238,48
3389,4,13543,2468,11075,0,0,0,1.0,1,1.0,1,1.0,1,0.18944491867014554,50
3390,4,13547,2468,11079,0,0,0,1.0,1,1.0,1,1.0,1,0.17577671275793758,51
3391,5,13552,2469,11083,0,0,0,1.0,1,1.0,1,1.0,1,0.18553869934058884,51
3392,3,13555,2469,11086,0,0,0,1.0,1,1.0,1,1.0,1,0.1857915664158714,52
3393,3,13558,2469,11089,0,0,0,1.0,1,1.0,1,1.0,1,0.15064446327271167,52
3394,3,13561,2471,11090,0,0,0,1.0,1,1.0,1,1.0,1,0.14885302284077154,52
3395,3,13564,2472,11092,0,0,0,1.0,1,1.0,1,1.0,1,0.13892244665029488,50
3396,4,13568,2472,11096,0,0,0,1.0,1,1.0,1,1.0,1,0.14985638321495898,49
3397,5,13573,2473,11100,0,0,0,1.0,1,1.0,1,1.0,1,0.1891403333455779,49
3398,1,13574,2473,11101,0,0,0,1.0,1,1.0,1,1.0,1,0.17238525054543025,48
3399,5,13579,2474,11105,0,0,0,1.0,1,1.0,1,1.0,1,0.21675458833221925,49
3400,5,13584,2475,11109,0,0,0,1.0,1,1.0,1,1.0,1,0.20162430436908585,50
3401,7,13591,2475,11116,0,0,0,1.0,1,1.0,1,1.0,1,0.11878954496370071,51
3402,4,13595,2476,11119,0,0,0,1.0,1,1.0,1,1.0,1,0.1429353358479863,51
3403,3,13598,2477,11121,0,0,0,1.0,1,1.0,1,1.0,1,0.13776027266209967,51
3404,3,13601,2478,11123,0,0,0,1.0,1,1.0,1,1.0,1,0.1442671414617642,51
3405,2,13603,2479,11124,0,0,0,1.0,1,1.0,1,1.0,1,0.16972800632331247,51
3406,5,13608,2479,11129,0,0,0,1.0,1,1.0,1,1.0,1,0.1840906583395139,51
3407,6,13614,2479,11135,0,0,0,1.0,1,1.0,1,1.0,1,0.21091405424640852,52
3408,7,13621,2479,11142,0,0,0,1.0,1,1.0,1,1.0,1,0.21195993831933885,53
3409,5,13626,2479,11147,0,0,0,1.0,1,1.0,1,1.0,1,0.19067372802388088,54
3410,6,13632,2481,11151,0,0,0,1.0,1,1.0,1,1.0,1,0.18591651016466335,54
3411,7,13639,2482,11157,0,0,0,1.0,1,1.0,1,1.0,1,0.1777603820091945,54
3412,6,13645,2482,11163,0,0,0,1.0,1,1.0,1,1.0,1,0.15621281267869105,55
3413,5,13650,2482,11168,0,0,0,1.0,1,1.0,1,1.0,1,0.17737802021878227,55
3414,5,13655,2482,11173,0,0,0,1.0,1,1.0,1,1.0,1,0.1438936051746237,55
3415,8,13663,2483,11180,0,0,0,1.0,1,1.0,1,1.0,1,0.17865772606502384,56
3416,8,13671,2483,11188,0,0,0,1.0,1,1.0,1,1.0,1,0.16165050257759703,55
3417,10,13681,2483,11198,0,0,0,1.0,1,1.0,1,1.0,1,0.15632146954940548,56
3418,7,13688,2485,11203,0,0,0,1.0,1,1.0,1,1.0,1,0.2322183266139348,55
3419,17,13705,2487,11218,0,0,0,1.0,1,1.0,1,1.0,1,0.27471350386163335,56
3420,11,13716,2488,11228,0,0,0,1.0,1,1.0,1,1.0,1,0.23923342947461645,55
3421,10,13726,2489,11237,0,0,0,1.0,1,1.0,1,1.0,1,0.1500622123199721,57
3422,2,13728,2489,11239,0,0,0,1.0,1,1.0,1,1.0,1,0.15805388903254305,56
3423,3,13731,2490,11241,0,0,0,1.0,1,1.0,1,1.0,1,0.1524479663556369,56
3424,2,13733,2491,11242,0,0,0,1.0,1,1.0,1,1.0,1,0.1601778546978623,56
3425,2,13735,2492,11243,0,0,0,1.0,1,1.0,1,1.0,1,0.15068138150984256,56
3426,3,13738,2493,11245,0,0,0,1.0,1,1.0,1,1.0,1,0.14203920499025036,55
3427,5,13743,2495,11248,0,0,0,1.0,1,1.0,1,1.0,1,0.15391579063641844,55
3428,5,13748,2496,11252,0,0,0,1.0,1,1.0,1,1.0,1,0.13623781921140218,55
3429,0,13748,2496,11252,0,0,0,1.0,1,1.0,1,1.0,1,0.15462458426496062,54
3430,2,13750,2496,11254,0,0,0,1.0,1,1.0,1,1.0,1,0.15857471700248335,56
3431,1,13751,2496,11255,0,0,0,1.0,1,1.0,1,1.0,1,0.1229112811440516,54
3432,5,13756,2499,11257,0,0,0,1.0,1,1.0,1,1.0,1,0.17634170003510033,56
3433,3,13759,2500,11259,0,0,0,1.0,1,1.0,1,1.0,1,0.16344890499935188,53
3434,3,13762,2500,11262,0,0,0,1.0,1,1.0,1,1.0,1,0.2012873660146835,51
3435,9,13771,2500,11271,0,0,0,1.0,1,1.0,1,1.0,1,0.20867549468328137,51
3436,10,13781,2502,11279,0,0,0,1.0,1,1.0,1,1.0,1,0.17402621498413803,51
3437,9,13790,2502,11288,0,0,0,1.0,1,1.0,1,1.0,1,0.21664114050396857,53
3438,7,13797,2502,11295,0,0,0,1.0,1,1.0,1,1.0,1,0.17410058456013866,52
3439,6,13803,2504,11299,0,0,0,1.0,1,1.0,1,1.0,1,0.2357223778811926,54
3440,5,13808,2504,11304,0,0,0,1.0,1,1.0,1,1.0,1,0.20438504214174838,52
3441,10,13818,2504,11314,0,0,0,1.0,1,1.0,1,1.0,1,0.12759875550918792,53
3442,6,13824,2504,11320,0,0,0,1.0,1,1.0,1,1.0,1,0.11746227413307635,53
3443,3,13827,2504,11323,0,0,0,1.0,1,1.0,1,1.0,1,0.137978897726976,53
3444,6,13833,2504,11329,0,0,0,1.0,1,1.0,1,1.0,1,0.11912058803749749,52
3445,6,13839,2506,11333,0,0,0,1.0,1,1.0,1,1.0,1,0.16674325125210318,53
3446,10,13849,2507,11342,0,0,0,1.0,1,1.0,1,1.0,1,0.23186070095744227,53
3447,10,13859,2509,11350,0,0,0,1.0,1,1.0,1,1.0,1,0.25339991408852763,53
3448,7,13866,2510,11356,0,0,0,1.0,1,1.0,1,1.0,1,0.29887211407966363,52
3449,13,13879,2512,11367,0,0,0,1.0,1,1.0,1,1.0,1,0.25563295741352204,52
3450,10,13889,2514,11375,0,0,0,1.0,1,1.0,1,1.0,1,0.2352373016501392,52
3451,8,13897,2515,11382,0,0,0,1.0,1,1.0,1,1.0,1,0.2609894028134263,54
3452,11,13908,2516,11392,0,0,0,1.0,1,1.0,1,1.0,1,0.27688959430843024,54
3453,7,13915,2517,11398,0,0,0,1.0,1,1.0,1,1.0,1,0.2251512237907782,54
3454,9,13924,2517,11407,0,0,0,1.0,1,1.0,1,1.0,1,0.26284722362350005,57
3455,14,13938,2517,11421,0,0,0,1.0,1,1.0,1,1.0,1,0.2554058314001467,57
3456,12,13950,2517,11433,0,0,0,1.0,1,1.0,1,1.0,1,0.21277059670781043,58
3457,13,13963,2517,11446,0,0,0,1.0,1,1.0,1,1.0,1,0.2448123200196271,57
3458,8,13971,2517,11454,0,0,0,1.0,1,1.0,1,1.0,1,0.25304809967273756,57
3459,9,13980,2517,11463,0,0,0,1.0,1,1.0,1,1.0,1,0.23745565677474303,57
3460,5,13985,2517,11468,0,0,0,1.0,1,1.0,1,1.0,1,0.25518337592626555,58
3461,11,13996,2518,11478,0,0,0,1.0,1,1.0,1,1.0,1,0.1623467410492706,59
3462,4,14000,2518,11482,0,0,0,1.0,1,1.0,1,1.0,1,0.14079481124070406,59
3463,3,14003,2519,11484,0,0,0,1.0,1,1.0,1,1.0,1,0.12069398468678295,59
3464,2,14005,2520,11485,0,0,0,1.0,1,1.0,1,1.0,1,0.09751311728244944,59
3465,2,14007,2521,11486,0,0,0,1.0,1,1.0,1,1.0,1,0.12987989528008817,57
3466,4,14011,2523,11488,0,0,0,1.0,1,1.0,1,1.0,1,0.09646366564111356,57
3467,3,14014,2524,11490,0,0,0,1.0,1,1.0,1,1.0,1,0.1124257240447838,57
3468,1,14015,2525,11490,0,0,0,1.0,1,1.0,1,1.0,1,0.13080549423936783,57
3469,5,14020,2530,11490,0,0,0,1.0,1,1.0,1,1.0,1,0.17007007788826634,53
3470,3,14023,2532,11491,0,0,0,1.0,1,1.0,1,1.0,1,0.16502062283327254,50
3471,3,14026,2532,11494,0,0,0,1.0,1,1.0,1,1.0,1,0.1285571839124564,49
3472,1,14027,2533,11494,0,0,0,1.0,1,1.0,1,1.0,1,0.14265787391855692,47
3473,1,14028,2534,11494,0,0,0,1.0,1,1.0,1,1.0,1,0.12461713425798411,45
3474,1,14029,2535,11494,0,0,0,1.0,1,1.0,1,1.0,1,0.08959542952927728,42
3475,4,14033,2537,11496,0,0,0,1.0,1,1.0,1,1.0,1,0.1840680717909354,43
3476,2,14035,2539,11496,0,0,0,1.0,1,1.0,1,1.0,1,0.19861613965900876,41
3477,6,14041,2542,11499,0,0,0,1.0,1,1.0,1,1.0,1,0.24022522760908166,42
3478,2,14043,2543,11500,0,0,0,1.0,1,1.0,1,1.0,1,0.2467845352067518,40
3479,3,14046,2544,11502,0,0,0,1.0,1,1.0,1,1.0,1,0.28212860454453415,40
3480,4,14050,2545,11505,0,0,0,1.0,1,1.0,1,1.0,1,0.3253886207928989,40
3481,10,14060,2545,11515,0,0,0,1.0,1,1.0,1,1.0,1,0.1791607405390961,40
3482,3,14063,2545,11518,0,0,0,1.0,1,1.0,1,1.0,1,0.1525769561458276,40
3483,3,14066,2545,11521,0,0,0,1.0,1,1.0,1,1.0,1,0.18369600050756738,39
3484,2,14068,2545,11523,0,0,0,1.0,1,1.0,1,1.0,1,0.17571492659254284,39
3485,7,14075,2546,11529,0,0,0,1.0,1,1.0,1,1.0,1,0.2135506449266737,40
3486,6,14081,2546,11535,0,0,0,1.0,1,1.0,1,1.0,1,0.2133975049214363,41
3487,3,14084,2546,11538,0,0,0,1.0,1,1.0,1,1.0,1,0.2509538341194841,41
3488,9,14093,2547,11546,0,0,0,1.0,1,1.0,1,1.0,1,0.25757787437415836,42
3489,7,14100,2548,11552,0,0,0,1.0,1,1.0,1,1.0,1,0.2406769762887153,44
3490,9,14109,2548,11561,0,0,0,1.0,1,1.0,1,1.0,1,0.25137762842785194,44
3491,14,14123,2549,11574,0,0,0,1.0,1,1.0,1,1.0,1,0.23190678351536356,45
3492,9,14132,2549,11583,0,0,0,1.0,1,1.0,1,1.0,1,0.20937056463976697,45
3493,10,14142,2550,11592,0,0,0,1.0,1,1.0,1,1.0,1,0.23709637124753116,45
3494,13,14155,2550,11605,0,0,0,1.0,1,1.0,1,1.0,1,0.26425328088534733,45
3495,6,14161,2550,11611,0,0,0,1.0,1,1.0,1,1.0,1,0.24343214905478777,45
3496,8,14169,2550,11619,0,0,0,1.0,1,1.0,1,1.0,1,0.26631101189029516,46
3497,14,14183,2551,11632,0,0,0,1.0,1,1.0,1,1.0,1,0.287240813432274,47
3498,14,14197,2551,11646,0,0,0,1.0,1,1.0,1,1.0,1,0.24290530068005556,48
3499,11,14208,2551,11657,0,0,0,1.0,1,1.0,1,1.0,1,0.285132721196746,47
3500,7,14215,2551,11664,0,0,0,1.0,1,1.0,1,1.0,1,0.25857238217631423,50
3501,10,14225,2552,11673,0,0,0,1.0,1,1.0,1,1.0,1,0.20032433897111832,50
3502,3,14228,2552,11676,0,0,0,1.0,1,1.0,1,1.0,1,0.1732550252016334,50
3503,4,14232,2554,11678,0,0,0,1.0,1,1.0,1,1.0,1,0.19251887904115003,50
3504,4,14236,2556,11680,0,0,0,1.0,1,1.0,1,1.0,1,0.22784428933748,47
3505,2,14238,2557,11681,0,0,0,1.0,1,1.0,1,1.0,1,0.24735566471727038,48
3506,6,14244,2558,11686,0,0,0,1.0,1,1.0,1,1.0,1,0.26125135143820427,49
3507,5,14249,2559,11690,0,0,0,1.0,1,1.0,1,1.0,1,0.26173742172896036,46
3508,6,14255,2560,11695,0,0,0,1.0,1,1.0,1,1.0,1,0.24842921533492815,47
3509,4,14259,2560,11699,0,0,0,1.0,1,1.0,1,1.0,1,0.2442816965276851,44
3510,5,14264,2561,11703,0,0,0,1.0,1,1.0,1,1.0,1,0.2700004784211879,45
3511,3,14267,2561,11706,0,0,0,1.0,1,1.0,1,1.0,1,0.26819981388069775,44
3512,3,14270,2561,11709,0,0,0,1.0,1,1.0,1,1.0,1,0.2716418887205148,42
3513,3,14273,2561,11712,0,0,0,1.0,1,1.0,1,1.0,1,0.2752871721719821,42
3514,3,14276,2561,11715,0,0,0,1.0,1,1.0,1,1.0,1,0.2704355813152492,42
3515,4,14280,2562,11718,0,0,0,1.0,1,1.0,1,1.0,1,0.2752804206053289,42
3516,2,14282,2562,11720,0,0,0,1.0,1,1.0,1,1.0,1,0.24527627490164322,41
3517,0,14282,2562,11720,0,0,0,1.0,1,1.0,1,1.0,1,0.2151342368328554,44
3518,0,14282,2562,11720,0,0,0,1.0,1,1.0,1,1.0,1,0.22473867609106923,43
3519,0,14282,2562,11720,0,0,0,1.0,1,1.0,1,1.0,1,0.2254501934173855,44
3520,1,14283,2562,11721,0,0,0,1.0,1,1.0,1,1.0,1,0.21967989495574683,45
3521,6,14289,2562,11727,0,0,0,1.0,1,1.0,1,1.0,1,0.14621927874315943,45
3522,3,14292,2562,11730,0,0,0,1.0,1,1.0,1,1.0,1,0.11835290888899307,46
3523,1,14293,2562,11731,0,0,0,1.0,1,1.0,1,1.0,1,0.1286648561169223,46
3524,1,14294,2562,11732,0,0,0,1.0,1,1.0,1,1.0,1,0.09373855899557311,47
3525,5,14299,2562,11737,0,0,0,1.0,1,1.0,1,1.0,1,0.106114277986289,48
3526,7,14306,2563,11743,0,0,0,1.0,1,1.0,1,1.0,1,0.09896851197388218,49
3527,7,14313,2565,11748,0,0,0,1.0,1,1.0,1,1.0,1,0.18778800602012458,49
3528,4,14317,2565,11752,0,0,0,1.0,1,1.0,1,1.0,1,0.16279861799918505,51
3529,4,14321,2565,11756,0,0,0,1.0,1,1.0,1,1.0,1,0.16613341420262895,51
3530,5,14326,2565,11761,0,0,0,1.0,1,1.0,1,1.0,1,0.16277745831866472,52
3531,5,14331,2566,11765,0,0,0,1.0,1,1.0,1,1.0,1,0.1677630020585131,52
3532,4,14335,2566,11769,0,0,0,1.0,1,1.0,1,1.0,1,0.16740039327231254,52
3533,4,14339,2566,11773,0,0,0,1.0,1,1.0,1,1.0,1,0.16740039327231254,52
3534,4,14343,2566,11777,0,0,0,1.0,1,1.0,1,1.0,1,0.16740039327231254,52
3535,5,14348,2567,11781,0,0,0,1.0,1,1.0,1,1.0,1,0.18079513933571503,52
3536,4,14352,2567,11785,0,0,0,1.0,1,1.0,1,1.0,1,0.20400918669053839,54
3537,2,14354,2567,11787,0,0,0,1.0,1,1.0,1,1.0,1,0.19308772893296922,55
3538,5,14359,2567,11792,0,0,0,1.0,1,1.0,1,1.0,1,0.18827514537263454,55
3539,7,14366,2567,11799,0,0,0,1.0,1,1.0,1,1.0,1,0.16623071110476298,58
3540,3,14369,2567,11802,0,0,0,1.0,1,1.0,1,1.0,1,0.15545464889028265,59
3541,6,14375,2567,11808,0,0,0,1.0,1,1.0,1,1.0,1,0.07444974237993382,59
3542,3,14378,2567,11811,0,0,0,1.0,1,1.0,1,1.0,1,0.06584284013530688,61
3543,4,14382,2570,11812,0,0,0,1.0,1,1.0,1,1.0,1,0.08565747801166966,62
3544,4,14386,2572,11814,0,0,0,1.0,1,1.0,1,1.0,1,0.10638387719603197,59
3545,4,14390,2574,11816,0,0,0,1.0,1,1.0,1,1.0,1,0.14290913075080575,59
3546,2,14392,2574,11818,0,0,0,1.0,1,1.0,1,1.0,1,0.11649525648940946,57
3547,1,14393,2575,11818,0,0,0,1.0,1,1.0,1,1.0,1,0.10638793994101002,53
3548,2,14395,2576,11819,0,0,0,1.0,1,1.0,1,1.0,1,0.10983209340817,53
3549,0,14395,2576,11819,0,0,0,1.0,1,1.0,1,1.0,1,0.10041006320739658,52
3550,2,14397,2577,11820,0,0,0,1.0,1,1.0,1,1.0,1,0.11613546592794353,51
3551,0,14397,2577,11820,0,0,0,1.0,1,1.0,1,1.0,1,0.14000913798001346,51
3552,1,14398,2578,11820,0,0,0,1.0,1,1.0,1,1.0,1,0.16949597021527502,51
3553,0,14398,2578,11820,0,0,0,1.0,1,1.0,1,1.0,1,0.17531620459732564,49
3554,0,14398,2578,11820,0,0,0,1.0,1,1.0,1,1.0,1,0.17531620459732564,49
3555,3,14401,2578,11823,0,0,0,1.0,1,1.0,1,1.0,1,0.16482565781394937,51
3556,3,14404,2579,11825,0,0,0,1.0,1,1.0,1,1.0,1,0.16440965258740262,51
3557,1,14405,2580,11825,0,0,0,1.0,1,1.0,1,1.0,1,0.1582311544883386,52
3558,3,14408,2581,11827,0,0,0,1.0,1,1.0,1,1.0,1,0.19284894421406523,52
3559,2,14410,2582,11828,0,0,0,1.0,1,1.0,1,1.0,1,0.19966441898949053,52
3560,0,14410,2582,11828,0,0,0,1.0,1,1.0,1,1.0,1,0.1826919848815436,53
3561,10,14420,2584,11836,0,0,0,1.0,1,1.0,1,1.0,1,0.17224834383411575,54
3562,5,14425,2585,11840,0,0,0,1.0,1,1.0,1,1.0,1,0.16183836129493773,54
3563,7,14432,2585,11847,0,0,0,1.0,1,1.0,1,1.0,1,0.17480920093128208,55
3564,10,14442,2585,11857,0,0,0,1.0,1,1.0,1,1.0,1,0.16255633453337182,57
3565,7,14449,2585,11864,0,0,0,1.0,1,1.0,1,1.0,1,0.18041318382170202,56
3566,9,14458,2586,11872,0,0,0,1.0,1,1.0,1,1.0,1,0.2117597330443161,57
3567,6,14464,2586,11878,0,0,0,1.0,1,1.0,1,1.0,1,0.19773278868623279,57
3568,3,14467,2586,11881,0,0,0,1.0,1,1.0,1,1.0,1,0.1708818457789527,57
3569,6,14473,2587,11886,0,0,0,1.0,1,1.0,1,1.0,1,0.13679206167323008,57
3570,7,14480,2589,11891,0,0,0,1.0,1,1.0,1,1.0,1,0.19952984109831137,59
3571,6,14486,2590,11896,0,0,0,1.0,1,1.0,1,1.0,1,0.18826711637135268,60
3572,4,14490,2590,11900,0,0,0,1.0,1,1.0,1,1.0,1,0.18685926181103513,61
3573,7,14497,2591,11906,0,0,0,1.0,1,1.0,1,1.0,1,0.19202562158192055,62
3574,5,14502,2591,11911,0,0,0,1.0,1,1.0,1,1.0,1,0.16098414010231998,63
3575,11,14513,2593,11920,0,0,0,1.0,1,1.0,1,1.0,1,0.2187622240003488,63
3576,7,14520,2593,11927,0,0,0,1.0,1,1.0,1,1.0,1,0.20635184032399434,63
3577,5,14525,2593,11932,0,0,0,1.0,1,1.0,1,1.0,1,0.19116589511720483,64
3578,6,14531,2593,11938,0,0,0,1.0,1,1.0,1,1.0,1,0.19369028165405408,64
3579,6,14537,2593,11944,0,0,0,1.0,1,1.0,1,1.0,1,0.20478224211874183,64
3580,5,14542,2593,11949,0,0,0,1.0,1,1.0,1,1.0,1,0.21537409264878324,65
3581,9,14551,2593,11958,0,0,0,1.0,1,1.0,1,1.0,1,0.1579530035526259,68
3582,6,14557,2595,11962,0,0,0,1.0,1,1.0,1,1.0,1,0.12930298796693313,68
3583,3,14560,2597,11963,0,0,0,1.0,1,1.0,1,1.0,1,0.12184925727454897,65
3584,4,14564,2599,11965,0,0,0,1.0,1,1.0,1,1.0,1,0.13874259940985115,64
3585,2,14566,2600,11966,0,0,0,1.0,1,1.0,1,1.0,1,0.10558372721146908,64
3586,3,14569,2603,11966,0,0,0,1.0,1,1.0,1,1.0,1,0.14504293141653912,65
3587,3,14572,2603,11969,0,0,0,1.0,1,1.0,1,1.0,1,0.15067803973017602,64
3588,5,14577,2603,11974,0,0,0,1.0,1,1.0,1,1.0,1,0.14227916422094955,62
3589,5,14582,2605,11977,0,0,0,1.0,1,1.0,1,1.0,1,0.13130195354552124,63
3590,3,14585,2607,11978,0,0,0,1.0,1,1.0,1,1.0,1,0.14638450981816659,63
3591,0,14585,2607,11978,0,0,0,1.0,1,1.0,1,1.0,1,0.14046474847049786,62
3592,2,14587,2609,11978,0,0,0,1.0,1,1.0,1,1.0,1,0.13398255761041034,59
3593,1,14588,2610,11978,0,0,0,1.0,1,1.0,1,1.0,1,0.14343149618930537,58
3594,0,14588,2610,11978,0,0,0,1.0,1,1.0,1,1.0,1,0.13928369922850842,57
3595,1,14589,2611,11978,0,0,0,1.0,1,1.0,1,1.0,1,0.16007457779875664,59
3596,2,14591,2612,11979,0,0,0,1.0,1,1.0,1,1.0,1,0.1897901240973225,57
3597,3,14594,2614,11980,0,0,0,1.0,1,1.0,1,1.0,1,0.15262388479779657,57
3598,2,14596,2615,11981,0,0,0,1.0,1,1.0,1,1.0,1,0.19977886560386113,57
3599,6,14602,2619,11983,0,0,0,1.0,1,1.0,1,1.0,1,0.20358979115036074,58
3600,3,14605,2619,11986,0,0,0,1.0,1,1.0,1,1.0,1,0.18271417443428595,58
3601,10,14615,2620,11995,0,0,0,1.0,1,1.0,1,1.0,1,0.08030693614659058,58
3602,7,14622,2621,12001,0,0,0,1.0,1,1.0,1,1.0,1,0.06886100660832119,60
3603,6,14628,2621,12007,0,0,0,1.0,1,1.0,1,1.0,1,0.06886100660832119,60
3604,5,14633,2621,12012,0,0,0,1.0,1,1.0,1,1.0,1,0.12626011094923362,60
3605,10,14643,2623,12020,0,0,0,1.0,1,1.0,1,1.0,1,0.12909872962977734,61
3606,10,14653,2624,12029,0,0,0,1.0,1,1.0,1,1.0,1,0.14639576193079712,63
3607,7,14660,2625,12035,0,0,0,1.0,1,1.0,1,1.0,1,0.15737661744207024,63
3608,10,14670,2625,12045,0,0,0,1.0,1,1.0,1,1.0,1,0.11549179591968022,64
3609,8,14678,2625,12053,0,0,0,1.0,1,1.0,1,1.0,1,0.1740356932564404,66
3610,11,14689,2627,12062,0,0,0,1.0,1,1.0,1,1.0,1,0.16498281633088535,67
3611,9,14698,2627,12071,0,0,0,1.0,1,1.0,1,1.0,1,0.17362159318000991,67
3612,14,14712,2628,12084,0,0,0,1.0,1,1.0,1,1.0,1,0.23298892278418679,66
3613,11,14723,2629,12094,0,0,0,1.0,1,1.0,1,1.0,1,0.24092797079138928,66
3614,17,14740,2630,12110,0,0,0,1.0,1,1.0,1,1.0,1,0.24697147506524747,65
3615,12,14752,2630,12122,0,0,0,1.0,1,1.0,1,1.0,1,0.2889879579755888,65
3616,14,14766,2630,12136,0,0,0,1.0,1,1.0,1,1.0,1,0.2539179486742084,65
3617,12,14778,2631,12147,0,0,0,1.0,1,1.0,1,1.0,1,0.2796162289444549,66
3618,17,14795,2632,12163,0,0,0,1.0,1,1.0,1,1.0,1,0.23439707006589164,66
3619,13,14808,2633,12175,0,0,0,1.0,1,1.0,1,1.0,1,0.2852828541937258,65
3620,21,14829,2634,12195,0,0,0,1.0,1,1.0,1,1.0,1,0.23714730437715018,66
3621,12,14841,2634,12207,0,0,0,1.0,1,1.0,1,1.0,1,0.11449504556319944,65
3622,4,14845,2636,12209,0,0,0,1.0,1,1.0,1,1.0,1,0.08869752687008825,65
3623,1,14846,2637,12209,0,0,0,1.0,1,1.0,1,1.0,1,0.09947439774820883,62
3624,4,14850,2640,12210,0,0,0,1.0,1,1.0,1,1.0,1,0.16895950177068256,62
3625,7,14857,2641,12216,0,0,0,1.0,1,1.0,1,1.0,1,0.15373148048835591,61
3626,1,14858,2641,12217,0,0,0,1.0,1,1.0,1,1.0,1,0.1546206678788298,58
3627,2,14860,2642,12218,0,0,0,1.0,1,1.0,1,1.0,1,0.16529441629397149,58
3628,4,14864,2644,12220,0,0,0,1.0,1,1.0,1,1.0,1,0.1534142762743598,57
3629,3,14867,2645,12222,0,0,0,1.0,1,1.0,1,1.0,1,0.1936323671639257,57
3630,5,14872,2648,12224,0,0,0,1.0,1,1.0,1,1.0,1,0.1952882708838124,56
3631,10,14882,2651,12231,0,0,0,1.0,1,1.0,1,1.0,1,0.1449369296101671,54
3632,5,14887,2651,12236,0,0,0,1.0,1,1.0,1,1.0,1,0.17823960443624776,52
3633,6,14893,2655,12238,0,0,0,1.0,1,1.0,1,1.0,1,0.18553849916291146,52
3634,3,14896,2656,12240,0,0,0,1.0,1,1.0,1,1.0,1,0.1959549689737522,49
3635,3,14899,2657,12242,0,0,0,1.0,1,1.0,1,1.0,1,0.219917398575535,47
3636,3,14902,2658,12244,0,0,0,1.0,1,1.0,1,1.0,1,0.23024038465238822,48
3637,1,14903,2658,12245,0,0,0,1.0,1,1.0,1,1.0,1,0.28199204328741884,49
3638,1,14904,2659,12245,0,0,0,1.0,1,1.0,1,1.0,1,0.30378399384202337,50
3639,5,14909,2659,12250,0,0,0,1.0,1,1.0,1,1.0,1,0.31349319100991424,52
3640,8,14917,2661,12256,0,0,0,1.0,1,1.0,1,1.0,1,0.3544205632980997,52
3641,18,14935,2662,12273,0,0,0,1.0,1,1.0,1,1.0,1,0.1888022405962014,52
3642,1,14936,2662,12274,0,0,0,1.0,1,1.0,1,1.0,1,0.15960580668006583,52
3643,2,14938,2662,12276,0,0,0,1.0,1,1.0,1,1.0,1,0.15960580668006583,52
3644,1,14939,2662,12277,0,0,0,1.0,1,1.0,1,1.0,1,0.1888022405962014,52
3645,3,14942,2662,12280,0,0,0,1.0,1,1.0,1,1.0,1,0.1462944395260302,53
3646,4,14946,2662,12284,0,0,0,1.0,1,1.0,1,1.0,1,0.1462944395260302,53
3647,8,14954,2664,12290,0,0,0,1.0,1,1.0,1,1.0,1,0.14429049162395363,55
3648,7,14961,2664,12297,0,0,0,1.0,1,1.0,1,1.0,1,0.08399148028203239,57
3649,15,14976,2666,12310,0,0,0,1.0,1,1.0,1,1.0,1,0.12271643880907886,57
3650,13,14989,2666,12323,0,0,0,1.0,1,1.0,1,1.0,1,0.1230630094078461,59
3651,10,14999,2666,12333,0,0,0,1.0,1,1.0,1,1.0,1,0.18981630104854008,59
3652,10,15009,2666,12343,0,0,0,1.0,1,1.0,1,1.0,1,0.21435634272941212,59
3653,11,15020,2666,12354,0,0,0,1.0,1,1.0,1,1.0,1,0.19586878664629379,59
3654,8,15028,2666,12362,0,0,0,1.0,1,1.0,1,1.0,1,0.17271157347539348,59
3655,9,15037,2666,12371,0,0,0,1.0,1,1.0,1,1.0,1,0.13729572419928238,62
3656,9,15046,2666,12380,0,0,0,1.0,1,1.0,1,1.0,1,0.18163706150463022,62
3657,12,15058,2666,12392,0,0,0,1.0,1,1.0,1,1.0,1,0.15553059279281,63
3658,13,15071,2667,12404,0,0,0,1.0,1,1.0,1,1.0,1,0.1410217727897811,63
3659,10,15081,2669,12412,0,0,0,1.0,1,1.0,1,1.0,1,0.18987870920201275,62
3660,10,15091,2670,12421,0,0,0,1.0,1,1.0,1,1.0,1,0.17669079669868576,62
3661,4,15095,2671,12424,0,0,0,1.0,1,1.0,1,1.0,1,0.14277559315615743,61
3662,6,15101,2673,12428,0,0,0,1.0,1,1.0,1,1.0,1,0.1400609869606625,60
3663,4,15105,2674,12431,0,0,0,1.0,1,1.0,1,1.0,1,0.11908532165041996,61
3664,3,15108,2674,12434,0,0,0,1.0,1,1.0,1,1.0,1,0.1353073469966241,58
3665,3,15111,2676,12435,0,0,0,1.0,1,1.0,1,1.0,1,0.15313203470213865,58
3666,3,15114,2677,12437,0,0,0,1.0,1,1.0,1,1.0,1,0.12011681734315206,58
3667,2,15116,2678,12438,0,0,0,1.0,1,1.0,1,1.0,1,0.11640654584387125,58
3668,7,15123,2681,12442,0,0,0,1.0,1,1.0,1,1.0,1,0.19166645465820972,58
3669,3,15126,2682,12444,0,0,0,1.0,1,1.0,1,1.0,1,0.16603317146937113,57
3670,5,15131,2683,12448,0,0,0,1.0,1,1.0,1,1.0,1,0.1856601485702731,56
3671,3,15134,2683,12451,0,0,0,1.0,1,1.0,1,1.0,1,0.20216414495229987,57
3672,6,15140,2683,12457,0,0,0,1.0,1,1.0,1,1.0,1,0.20097046426790086,57
3673,4,15144,2684,12460,0,0,0,1.0,1,1.0,1,1.0,1,0.19499326898784375,58
3674,5,15149,2685,12464,0,0,0,1.0,1,1.0,1,1.0,1,0.2503082536296474,57
3675,5,15154,2685,12469,0,0,0,1.0,1,1.0,1,1.0,1,0.2305392789002866,58
3676,6,15160,2685,12475,0,0,0,1.0,1,1.0,1,1.0,1,0.22052537857809465,59
3677,8,15168,2685,12483,0,0,0,1.0,1,1.0,1,1.0,1,0.22118229067149772,60
3678,9,15177,2685,12492,0,0,0,1.0,1,1.0,1,1.0,1,0.202728335589014,62
3679,8,15185,2685,12500,0,0,0,1.0,1,1.0,1,1.0,1,0.202728335589014,62
3680,8,15193,2685,12508,0,0,0,1.0,1,1.0,1,1.0,1,0.1893955344704301,63
3681,8,15201,2685,12516,0,0,0,1.0,1,1.0,1,1.0,1,0.08738304119259378,64
3682,2,15203,2685,12518,0,0,0,1.0,1,1.0,1,1.0,1,0.10913742657463393,64
3683,1,15204,2685,12519,0,0,0,1.0,1,1.0,1,1.0,1,0.10531797207434478,64
3684,1,15205,2685,12520,0,0,0,1.0,1,1.0,1,1.0,1,0.10913742657463393,64
3685,2,15207,2685,12522,0,0,0,1.0,1,1.0,1,1.0,1,0.10913742657463393,64
3686,4,15211,2685,12526,0,0,0,1.0,1,1.0,1,1.0,1,0.10492027189189944,65
3687,2,15213,2685,12528,0,0,0,1.0,1,1.0,1,1.0,1,0.10492027189189944,65
3688,2,15215,2685,12530,0,0,0,1.0,1,1.0,1,1.0,1,0.11465796443581941,66
3689,2,15217,2685,12532,0,0,0,1.0,1,1.0,1,1.0,1,0.11465796443581941,66
3690,5,15222,2685,12537,0,0,0,1.0,1,1.0,1,1.0,1,0.10375568786819118,67
3691,2,15224,2685,12539,0,0,0,1.0,1,1.0,1,1.0,1,0.10382551647840566,68
3692,4,15228,2685,12543,0,0,0,1.0,1,1.0,1,1.0,1,0.1058423669752472,69
3693,3,15231,2685,12546,0,0,0,1.0,1,1.0,1,1.0,1,0.09448284255256913,69
3694,6,15237,2687,12550,0,0,0,1.0,1,1.0,1,1.0,1,0.1299583436592111,70
3695,10,15247,2687,12560,0,0,0,1.0,1,1.0,1,1.0,1,0.10553353153386245,70
3696,3,15250,2687,12563,0,0,0,1.0,1,1.0,1,1.0,1,0.10223123836650867,71
3697,6,15256,2688,12568,0,0,0,1.0,1,1.0,1,1.0,1,0.141021124328359,70
3698,7,15263,2688,12575,0,0,0,1.0,1,1.0,1,1.0,1,0.1348754689936096,70
3699,6,15269,2690,12579,0,0,0,1.0,1,1.0,1,1.0,1,0.18704108590945398,70
3700,10,15279,2694,12585,0,0,0,1.0,1,1.0,1,1.0,1,0.17797643983453493,68
3701,8,15287,2695,12592,0,0,0,1.0,1,1.0,1,1.0,1,0.12605507149062664,69
3702,1,15288,2695,12593,0,0,0,1.0,1,1.0,1,1.0,1,0.11641700247791428,69
3703,2,15290,2695,12595,0,0,0,1.0,1,1.0,1,1.0,1,0.12620821047203187,70
3704,4,15294,2697,12597,0,0,0,1.0,1,1.0,1,1.0,1,0.14459853110140783,69
3705,1,15295,2697,12598,0,0,0,1.0,1,1.0,1,1.0,1,0.11779608968858743,69
3706,7,15302,2699,12603,0,0,0,1.0,1,1.0,1,1.0,1,0.13727866004903755,69
3707,2,15304,2699,12605,0,0,0,1.0,1,1.0,1,1.0,1,0.11611982653794031,67
3708,1,15305,2699,12606,0,0,0,1.0,1,1.0,1,1.0,1,0.10412962364596443,67
3709,1,15306,2699,12607,0,0,0,1.0,1,1.0,1,1.0,1,0.10420669535563477,67
3710,2,15308,2700,12608,0,0,0,1.0,1,1.0,1,1.0,1,0.10997509826840501,67
3711,1,15309,2700,12609,0,0,0,1.0,1,1.0,1,1.0,1,0.10860082434137477,68
3712,0,15309,2700,12609,0,0,0,1.0,1,1.0,1,1.0,1,0.10860082434137477,68
3713,3,15312,2702,12610,0,0,0,1.0,1,1.0,1,1.0,1,0.11170593902452007,68
3714,2,15314,2702,12612,0,0,0,1.0,1,1.0,1,1.0,1,0.1261305890704054,67
3715,3,15317,2702,12615,0,0,0,1.0,1,1.0,1,1.0,1,0.12226362097639297,68
3716,2,15319,2703,12616,0,0,0,1.0,1,1.0,1,1.0,1,0.12161274929395648,67
3717,6,15325,2705,12620,0,0,0,1.0,1,1.0,1,1.0,1,0.15465845909753573,68
3718,8,15333,2705,12628,0,0,0,1.0,1,1.0,1,1.0,1,0.16099966955115838,68
3719,5,15338,2706,12632,0,0,0,1.0,1,1.0,1,1.0,1,0.20531893048398586,68
3720,4,15342,2706,12636,0,0,0,1.0,1,1.0,1,1.0,1,0.21941604093439582,68
3721,9,15351,2710,12641,0,0,0,1.0,1,1.0,1,1.0,1,0.16166398189016676,70
3722,5,15356,2710,12646,0,0,0,1.0,1,1.0,1,1.0,1,0.16231092117634646,71
3723,5,15361,2711,12650,0,0,0,1.0,1,1.0,1,1.0,1,0.16305231131997766,71
3724,4,15365,2712,12653,0,0,0,1.0,1,1.0,1,1.0,1,0.1543111571267264,72
3725,2,15367,2713,12654,0,0,0,1.0,1,1.0,1,1.0,1,0.15095581980293993,72
3726,3,15370,2714,12656,0,0,0,1.0,1,1.0,1,1.0,1,0.17268582578962985,71
3727,3,15373,2715,12658,0,0,0,1.0,1,1.0,1,1.0,1,0.18726307103416182,71
3728,2,15375,2715,12660,0,0,0,1.0,1,1.0,1,1.0,1,0.20123140881715132,70
3729,1,15376,2715,12661,0,0,0,1.0,1,1.0,1,1.0,1,0.20195000364676477,70
3730,3,15379,2716,12663,0,0,0,1.0,1,1.0,1,1.0,1,0.21391689925463558,71
3731,2,15381,2716,12665,0,0,0,1.0,1,1.0,1,1.0,1,0.208199457315861,71
3732,3,15384,2716,12668,0,0,0,1.0,1,1.0,1,1.0,1,0.21223542715494279,72
3733,5,15389,2717,12672,0,0,0,1.0,1,1.0,1,1.0,1,0.21258864353552223,73
3734,7,15396,2719,12677,0,0,0,1.0,1,1.0,1,1.0,1,0.2381938590222647,74
3735,3,15399,2720,12679,0,0,0,1.0,1,1.0,1,1.0,1,0.23292162468945546,72
3736,1,15400,2720,12680,0,0,0,1.0,1,1.0,1,1.0,1,0.20791251465639016,72
3737,4,15404,2721,12683,0,0,0,1.0,1,1.0,1,1.0,1,0.17990123612772793,73
3738,2,15406,2721,12685,0,0,0,1.0,1,1.0,1,1.0,1,0.18174661639957473,72
3739,6,15412,2721,12691,0,0,0,1.0,1,1.0,1,1.0,1,0.16667719436357875,73
3740,7,15419,2721,12698,0,0,0,1.0,1,1.0,1,1.0,1,0.1737620964728628,70
3741,5,15424,2721,12703,0,0,0,1.0,1,1.0,1,1.0,1,0.1446788796504436,70
3742,3,15427,2723,12704,0,0,0,1.0,1,1.0,1,1.0,1,0.1350173723317065,70
3743,2,15429,2723,12706,0,0,0,1.0,1,1.0,1,1.0,1,0.15990050237613393,69
3744,6,15435,2726,12709,0,0,0,1.0,1,1.0,1,1.0,1,0.2001848473312194,69
3745,4,15439,2726,12713,0,0,0,1.0,1,1.0,1,1.0,1,0.18267303586202982,68
3746,5,15444,2727,12717,0,0,0,1.0,1,1.0,1,1.0,1,0.1949490899270252,66
3747,6,15450,2731,12719,0,0,0,1.0,1,1.0,1,1.0,1,0.19460311232816097,66
3748,4,15454,2732,12722,0,0,0,1.0,1,1.0,1,1.0,1,0.1756800934904688,65
3749,4,15458,2733,12725,0,0,0,1.0,1,1.0,1,1.0,1,0.16126486835013656,64
3750,1,15459,2733,12726,0,0,0,1.0,1,1.0,1,1.0,1,0.17241506173236215,63
3751,1,15460,2733,12727,0,0,0,1.0,1,1.0,1,1.0,1,0.159149161035101,64
3752,4,15464,2736,12728,0,0,0,1.0,1,1.0,1,1.0,1,0.14922461286601585,64
3753,2,15466,2738,12728,0,0,0,1.0,1,1.0,1,1.0,1,0.17043837836048353,65
3754,4,15470,2741,12729,0,0,0,1.0,1,1.0,1,1.0,1,0.21181233418754067,65
3755,10,15480,2744,12736,0,0,0,1.0,1,1.0,1,1.0,1,0.19072792781578762,65
3756,6,15486,2744,12742,0,0,0,1.0,1,1.0,1,1.0,1,0.1906617543101666,65
3757,1,15487,2744,12743,0,0,0,1.0,1,1.0,1,1.0,1,0.18886131010973833,65
3758,2,15489,2744,12745,0,0,0,1.0,1,1.0,1,1.0,1,0.1998659295117803,64
3759,2,15491,2745,12746,0,0,0,1.0,1,1.0,1,1.0,1,0.19756071556649754,64
3760,3,15494,2745,12749,0,0,0,1.0,1,1.0,1,1.0,1,0.2339546334078573,63
3761,12,15506,2746,12760,0,0,0,1.0,1,1.0,1,1.0,1,0.14227934592788669,63
3762,6,15512,2746,12766,0,0,0,1.0,1,1.0,1,1.0,1,0.10304845269993752,65
3763,3,15515,2747,12768,0,0,0,1.0,1,1.0,1,1.0,1,0.13426094180255843,65
3764,4,15519,2747,12772,0,0,0,1.0,1,1.0,1,1.0,1,0.12854061767751176,66
3765,3,15522,2747,12775,0,0,0,1.0,1,1.0,1,1.0,1,0.13222149234530683,67
3766,7,15529,2748,12781,0,0,0,1.0,1,1.0,1,1.0,1,0.1563872332961546,67
3767,5,15534,2749,12785,0,0,0,1.0,1,1.0,1,1.0,1,0.14462937082473423,68
3768,11,15545,2751,12794,0,0,0,1.0,1,1.0,1,1.0,1,0.1784467368147563,67
3769,11,15556,2751,12805,0,0,0,1.0,1,1.0,1,1.0,1,0.1688459950058235,69
3770,6,15562,2751,12811,0,0,0,1.0,1,1.0,1,1.0,1,0.16663064961312524,69
3771,6,15568,2752,12816,0,0,0,1.0,1,1.0,1,1.0,1,0.19340534955137897,69
3772,10,15578,2752,12826,0,0,0,1.0,1,1.0,1,1.0,1,0.19914612129287482,70
3773,10,15588,2752,12836,0,0,0,1.0,1,1.0,1,1.0,1,0.1606562981269725,68
3774,5,15593,2753,12840,0,0,0,1.0,1,1.0,1,1.0,1,0.17633374904668395,68
3775,10,15603,2754,12849,0,0,0,1.0,1,1.0,1,1.0,1,0.2134433220886072,68
3776,5,15608,2754,12854,0,0,0,1.0,1,1.0,1,1.0,1,0.19094027319088025,66
3777,5,15613,2755,12858,0,0,0,1.0,1,1.0,1,1.0,1,0.20011660530783337,65
3778,6,15619,2757,12862,0,0,0,1.0,1,1.0,1,1.0,1,0.1772430892548082,65
3779,5,15624,2758,12866,0,0,0,1.0,1,1.0,1,1.0,1,0.19177102074197447,65
3780,8,15632,2760,12872,0,0,0,1.0,1,1.0,1,1.0,1,0.16632034159691197,64
3781,4,15636,2760,12876,0,0,0,1.0,1,1.0,1,1.0,1,0.09504487563530888,64
3782,2,15638,2760,12878,0,0,0,1.0,1,1.0,1,1.0,1,0.09028594356808084,67
3783,1,15639,2760,12879,0,0,0,1.0,1,1.0,1,1.0,1,0.090279096028755,65
3784,1,15640,2761,12879,0,0,0,1.0,1,1.0,1,1.0,1,0.08465815022181027,65
3785,2,15642,2763,12879,0,0,0,1.0,1,1.0,1,1.0,1,0.13102054455970474,63
3786,2,15644,2764,12880,0,0,0,1.0,1,1.0,1,1.0,1,0.15841767737327359,66
3787,3,15647,2765,12882,0,0,0,1.0,1,1.0,1,1.0,1,0.19600773185714693,65
3788,2,15649,2765,12884,0,0,0,1.0,1,1.0,1,1.0,1,0.17718429940258354,65
3789,3,15652,2766,12886,0,0,0,1.0,1,1.0,1,1.0,1,0.1769966203292981,65
3790,3,15655,2766,12889,0,0,0,1.0,1,1.0,1,1.0,1,0.1782896545024391,64
3791,3,15658,2767,12891,0,0,0,1.0,1,1.0,1,1.0,1,0.1984024571152065,64
3792,5,15663,2769,12894,0,0,0,1.0,1,1.0,1,1.0,1,0.19586716606609572,65
3793,6,15669,2769,12900,0,0,0,1.0,1,1.0,1,1.0,1,0.21912697904095627,68
3794,7,15676,2770,12906,0,0,0,1.0,1,1.0,1,1.0,1,0.2259023712588976,68
3795,6,15682,2771,12911,0,0,0,1.0,1,1.0,1,1.0,1,0.20820130874157822,69
3796,4,15686,2772,12914,0,0,0,1.0,1,1.0,1,1.0,1,0.21883240853462588,69
3797,7,15693,2773,12920,0,0,0,1.0,1,1.0,1,1.0,1,0.231855067468349,70
3798,8,15701,2773,12928,0,0,0,1.0,1,1.0,1,1.0,1,0.2303767298427371,70
3799,4,15705,2773,12932,0,0,0,1.0,1,1.0,1,1.0,1,0.2350355523815631,69
3800,6,15711,2773,12938,0,0,0,1.0,1,1.0,1,1.0,1,0.22515148885351807,69
3801,11,15722,2773,12949,0,0,0,1.0,1,1.0,1,1.0,1,0.16080972865039997,67
3802,1,15723,2773,12950,0,0,0,1.0,1,1.0,1,1.0,1,0.16157912849357645,67
3803,2,15725,2773,12952,0,0,0,1.0,1,1.0,1,1.0,1,0.15233627906781394,69
3804,2,15727,2774,12953,0,0,0,1.0,1,1.0,1,1.0,1,0.14557761671727207,70
3805,1,15728,2775,12953,0,0,0,1.0,1,1.0,1,1.0,1,0.13811356918720594,71
3806,2,15730,2776,12954,0,0,0,1.0,1,1.0,1,1.0,1,0.13287163036454022,71
3807,5,15735,2777,12958,0,0,0,1.0,1,1.0,1,1.0,1,0.1343963079934021,72
3808,2,15737,2777,12960,0,0,0,1.0,1,1.0,1,1.0,1,0.1343963079934021,72
3809,3,15740,2778,12962,0,0,0,1.0,1,1.0,1,1.0,1,0.14652128154170735,72
3810,2,15742,2779,12963,0,0,0,1.0,1,1.0,1,1.0,1,0.13694696166919512,72
3811,1,15743,2779,12964,0,0,0,1.0,1,1.0,1,1.0,1,0.1282088311154817,71
3812,1,15744,2779,12965,0,0,0,1.0,1,1.0,1,1.0,1,0.1332386611790235,72
3813,3,15747,2780,12967,0,0,0,1.0,1,1.0,1,1.0,1,0.1966868565140207,71
3814,8,15755,2781,12974,0,0,0,1.0,1,1.0,1,1.0,1,0.22701335075621262,72
3815,8,15763,2781,12982,0,0,0,1.0,1,1.0,1,1.0,1,0.18624052048638545,71
3816,2,15765,2781,12984,0,0,0,1.0,1,1.0,1,1.0,1,0.20850009324013385,69
3817,6,15771,2781,12990,0,0,0,1.0,1,1.0,1,1.0,1,0.21963009040035875,72
3818,5,15776,2782,12994,0,0,0,1.0,1,1.0,1,1.0,1,0.21775425896231998,72
3819,6,15782,2783,12999,0,0,0,1.0,1,1.0,1,1.0,1,0.2230280866905955,72
3820,9,15791,2784,13007,0,0,0,1.0,1,1.0,1,1.0,1,0.23085599000301765,72
3821,12,15803,2785,13018,0,0,0,1.0,1,1.0,1,1.0,1,0.15856895796056722,72
3822,3,15806,2785,13021,0,0,0,1.0,1,1.0,1,1.0,1,0.1595238263843832,69
3823,4,15810,2786,13024,0,0,0,1.0,1,1.0,1,1.0,1,0.14715375957031204,69
3824,3,15813,2788,13025,0,0,0,1.0,1,1.0,1,1.0,1,0.18588181667167936,65
3825,1,15814,2789,13025,0,0,0,1.0,1,1.0,1,1.0,1,0.18690417696798337,64
3826,1,15815,2790,13025,0,0,0,1.0,1,1.0,1,1.0,1,0.20243298036474847,65
3827,3,15818,2792,13026,0,0,0,1.0,1,1.0,1,1.0,1,0.21104400376791344,64
3828,1,15819,2792,13027,0,0,0,1.0,1,1.0,1,1.0,1,0.18629031061154588,65
3829,5,15824,2795,13029,0,0,0,1.0,1,1.0,1,1.0,1,0.19419295074076506,65
3830,3,15827,2795,13032,0,0,0,1.0,1,1.0,1,1.0,1,0.18441693914968557,64
3831,4,15831,2797,13034,0,0,0,1.0,1,1.0,1,1.0,1,0.19202489043107096,63
3832,4,15835,2798,13037,0,0,0,1.0,1,1.0,1,1.0,1,0.19333521576090482,64
3833,4,15839,2799,13040,0,0,0,1.0,1,1.0,1,1.0,1,0.19290944403443128,64
3834,5,15844,2800,13044,0,0,0,1.0,1,1.0,1,1.0,1,0.22171028995132558,63
3835,6,15850,2801,13049,0,0,0,1.0,1,1.0,1,1.0,1,0.21591910297872335,63
3836,4,15854,2804,13050,0,0,0,1.0,1,1.0,1,1.0,1,0.21418349003410617,63
3837,2,15856,2805,13051,0,0,0,1.0,1,1.0,1,1.0,1,0.23619826553247653,62
3838,4,15860,2808,13052,0,0,0,1.0,1,1.0,1,1.0,1,0.23804593009789943,62
3839,1,15861,2809,13052,0,0,0,1.0,1,1.0,1,1.0,1,0.2598825681945944,60
3840,2,15863,2809,13054,0,0,0,1.0,1,1.0,1,1.0,1,0.20611304923985416,62
3841,10,15873,2811,13062,0,0,0,1.0,1,1.0,1,1.0,1,0.1302725728073501,62
3842,4,15877,2811,13066,0,0,0,1.0,1,1.0,1,1.0,1,0.1371831070179642,63
3843,3,15880,2811,13069,0,0,0,1.0,1,1.0,1,1.0,1,0.12291395503183175,64
3844,4,15884,2811,13073,0,0,0,1.0,1,1.0,1,1.0,1,0.11710152646457582,65
3845,9,15893,2811,13082,0,0,0,1.0,1,1.0,1,1.0,1,0.09174570792009051,66
3846,6,15899,2811,13088,0,0,0,1.0,1,1.0,1,1.0,1,0.13762650176913668,67
3847,7,15906,2811,13095,0,0,0,1.0,1,1.0,1,1.0,1,0.1257986063404714,67
3848,5,15911,2813,13098,0,0,0,1.0,1,1.0,1,1.0,1,0.13164997925562325,67
3849,5,15916,2813,13103,0,0,0,1.0,1,1.0,1,1.0,1,0.1655975882990918,67
3850,8,15924,2814,13110,0,0,0,1.0,1,1.0,1,1.0,1,0.18594682976960514,68
3851,5,15929,2815,13114,0,0,0,1.0,1,1.0,1,1.0,1,0.19253546900218926,68
3852,7,15936,2816,13120,0,0,0,1.0,1,1.0,1,1.0,1,0.19768792608052693,70
3853,11,15947,2817,13130,0,0,0,1.0,1,1.0,1,1.0,1,0.2071888350525823,70
3854,6,15953,2818,13135,0,0,0,1.0,1,1.0,1,1.0,1,0.22142306802200393,70
3855,5,15958,2819,13139,0,0,0,1.0,1,1.0,1,1.0,1,0.2245108783347666,69
3856,11,15969,2819,13150,0,0,0,1.0,1,1.0,1,1.0,1,0.23148016208871725,70
3857,10,15979,2822,13157,0,0,0,1.0,1,1.0,1,1.0,1,0.26099985860795555,68
3858,13,15992,2823,13169,0,0,0,1.0,1,1.0,1,1.0,1,0.24072399391596647,67
3859,8,16000,2825,13175,0,0,0,1.0,1,1.0,1,1.0,1,0.2600983794222801,66
3860,12,16012,2826,13186,0,0,0,1.0,1,1.0,1,1.0,1,0.2334031113014705,66
3861,9,16021,2827,13194,0,0,0,1.0,1,1.0,1,1.0,1,0.15454442946368102,66
3862,3,16024,2828,13196,0,0,0,1.0,1,1.0,1,1.0,1,0.1672146678041558,66
3863,1,16025,2828,13197,0,0,0,1.0,1,1.0,1,1.0,1,0.16252004601391457,63
3864,1,16026,2829,13197,0,0,0,1.0,1,1.0,1,1.0,1,0.1706963945846353,63
3865,1,16027,2830,13197,0,0,0,1.0,1,1.0,1,1.0,1,0.17525039616471727,61
3866,0,16027,2830,13197,0,0,0,1.0,1,1.0,1,1.0,1,0.19035661007830756,61
3867,2,16029,2832,13197,0,0,0,1.0,1,1.0,1,1.0,1,0.19002084970166472,60
3868,1,16030,2833,13197,0,0,0,1.0,1,1.0,1,1.0,1,0.2141050784027721,59
3869,0,16030,2833,13197,0,0,0,1.0,1,1.0,1,1.0,1,0.2078210943969499,61
3870,1,16031,2834,13197,0,0,0,1.0,1,1.0,1,1.0,1,0.20381285063718815,61
3871,3,16034,2834,13200,0,0,0,1.0,1,1.0,1,1.0,1,0.17438832842181545,64
3872,2,16036,2835,13201,0,0,0,1.0,1,1.0,1,1.0,1,0.1855228591221568,63
3873,0,16036,2835,13201,0,0,0,1.0,1,1.0,1,1.0,1,0.20403514974013515,62
3874,1,16037,2835,13202,0,0,0,1.0,1,1.0,1,1.0,1,0.17152440315472198,63
3875,3,16040,2837,13203,0,0,0,1.0,1,1.0,1,1.0,1,0.20421614165736396,61
3876,1,16041,2837,13204,0,0,0,1.0,1,1.0,1,1.0,1,0.18513238792951997,62
3877,4,16045,2837,13208,0,0,0,1.0,1,1.0,1,1.0,1,0.21608453832333815,63
3878,2,16047,2837,13210,0,0,0,1.0,1,1.0,1,1.0,1,0.22038685665988353,63
3879,3,16050,2838,13212,0,0,0,1.0,1,1.0,1,1.0,1,0.22997265614421053,63
3880,2,16052,2839,13213,0,0,0,1.0,1,1.0,1,1.0,1,0.2241161492469605,65
3881,14,16066,2840,13226,0,0,0,1.0,1,1.0,1,1.0,1,0.1423399100830735,65
3882,9,16075,2842,13233,0,0,0,1.0,1,1.0,1,1.0,1,0.16375176691240223,66
3883,6,16081,2842,13239,0,0,0,1.0,1,1.0,1,1.0,1,0.1485806066811815,66
3884,9,16090,2842,13248,0,0,0,1.0,1,1.0,1,1.0,1,0.15575139554247527,66
3885,8,16098,2843,13255,0,0,0,1.0,1,1.0,1,1.0,1,0.17681512061502686,66
3886,7,16105,2845,13260,0,0,0,1.0,1,1.0,1,1.0,1,0.17540345760412218,65
3887,9,16114,2845,13269,0,0,0,1.0,1,1.0,1,1.0,1,0.18750097745183456,65
3888,9,16123,2845,13278,0,0,0,1.0,1,1.0,1,1.0,1,0.18928353360216493,66
3889,9,16132,2846,13286,0,0,0,1.0,1,1.0,1,1.0,1,0.21387818150567212,64
3890,11,16143,2848,13295,0,0,0,1.0,1,1.0,1,1.0,1,0.17899911895595078,63
3891,7,16150,2848,13302,0,0,0,1.0,1,1.0,1,1.0,1,0.18445672216332726,66
3892,13,16163,2848,13315,0,0,0,1.0,1,1.0,1,1.0,1,0.18714009422848915,67
3893,10,16173,2848,13325,0,0,0,1.0,1,1.0,1,1.0,1,0.1890112062027788,66
3894,13,16186,2848,13338,0,0,0,1.0,1,1.0,1,1.0,1,0.21228668293187775,67
3895,15,16201,2848,13353,0,0,0,1.0,1,1.0,1,1.0,1,0.19804462713019372,66
3896,12,16213,2849,13364,0,0,0,1.0,1,1.0,1,1.0,1,0.17596978929737644,66
3897,10,16223,2849,13374,0,0,0,1.0,1,1.0,1,1.0,1,0.19168889904107445,65
3898,17,16240,2851,13389,0,0,0,1.0,1,1.0,1,1.0,1,0.2503545005953552,65
3899,10,16250,2852,13398,0,0,0,1.0,1,1.0,1,1.0,1,0.25222702395273056,64
3900,16,16266,2853,13413,0,0,0,1.0,1,1.0,1,1.0,1,0.2899751737763469,63
3901,13,16279,2855,13424,0,0,0,1.0,1,1.0,1,1.0,1,0.17831490966461197,63
3902,3,16282,2855,13427,0,0,0,1.0,1,1.0,1,1.0,1,0.19140482564225594,64
3903,5,16287,2855,13432,0,0,0,1.0,1,1.0,1,1.0,1,0.1830248228943353,64
3904,5,16292,2858,13434,0,0,0,1.0,1,1.0,1,1.0,1,0.15275210824923754,63
3905,5,16297,2858,13439,0,0,0,1.0,1,1.0,1,1.0,1,0.1597337812665855,63
3906,9,16306,2861,13445,0,0,0,1.0,1,1.0,1,1.0,1,0.14734718306693415,64
3907,11,16317,2862,13455,0,0,0,1.0,1,1.0,1,1.0,1,0.1715343505954295,64
3908,7,16324,2863,13461,0,0,0,1.0,1,1.0,1,1.0,1,0.1601371734399571,63
3909,4,16328,2864,13464,0,0,0,1.0,1,1.0,1,1.0,1,0.1688399610861031,62
3910,3,16331,2864,13467,0,0,0,1.0,1,1.0,1,1.0,1,0.1819856725324922,62
3911,6,16337,2865,13472,0,0,0,1.0,1,1.0,1,1.0,1,0.21116525095271468,64
3912,6,16343,2865,13478,0,0,0,1.0,1,1.0,1,1.0,1,0.18740705559233192,64
3913,7,16350,2865,13485,0,0,0,1.0,1,1.0,1,1.0,1,0.1906234598478216,65
3914,7,16357,2865,13492,0,0,0,1.0,1,1.0,1,1.0,1,0.21633591608458216,65
3915,5,16362,2865,13497,0,0,0,1.0,1,1.0,1,1.0,1,0.21230668343870554,66
3916,10,16372,2866,13506,0,0,0,1.0,1,1.0,1,1.0,1,0.2136205140421425,66
3917,8,16380,2866,13514,0,0,0,1.0,1,1.0,1,1.0,1,0.2067775658874651,66
3918,7,16387,2866,13521,0,0,0,1.0,1,1.0,1,1.0,1,0.18899999751415678,67
3919,8,16395,2867,13528,0,0,0,1.0,1,1.0,1,1.0,1,0.20012421276449988,68
3920,7,16402,2867,13535,0,0,0,1.0,1,1.0,1,1.0,1,0.18460146220027024,69
3921,10,16412,2868,13544,0,0,0,1.0,1,1.0,1,1.0,1,0.13231896917561506,68
3922,7,16419,2870,13549,0,0,0,1.0,1,1.0,1,1.0,1,0.18119598490928276,68
3923,3,16422,2870,13552,0,0,0,1.0,1,1.0,1,1.0,1,0.1495213051621019,69
3924,3,16425,2871,13554,0,0,0,1.0,1,1.0,1,1.0,1,0.18612849932762968,69
3925,7,16432,2873,13559,0,0,0,1.0,1,1.0,1,1.0,1,0.2075249869576775,67
3926,5,16437,2873,13564,0,0,0,1.0,1,1.0,1,1.0,1,0.16852873672660057,67
3927,6,16443,2873,13570,0,0,0,1.0,1,1.0,1,1.0,1,0.2076796343057059,65
3928,4,16447,2873,13574,0,0,0,1.0,1,1.0,1,1.0,1,0.23061400060515247,65
3929,8,16455,2876,13579,0,0,0,1.0,1,1.0,1,1.0,1,0.20403643590205048,64
3930,7,16462,2876,13586,0,0,0,1.0,1,1.0,1,1.0,1,0.21271852828090518,64
3931,4,16466,2877,13589,0,0,0,1.0,1,1.0,1,1.0,1,0.17140945612868863,62
3932,2,16468,2877,13591,0,0,0,1.0,1,1.0,1,1.0,1,0.19314648622895958,62
3933,4,16472,2878,13594,0,0,0,1.0,1,1.0,1,1.0,1,0.16750016143623223,62
3934,2,16474,2879,13595,0,0,0,1.0,1,1.0,1,1.0,1,0.14478769503224653,61
3935,4,16478,2880,13598,0,0,0,1.0,1,1.0,1,1.0,1,0.17360820162325094,64
3936,3,16481,2881,13600,0,0,0,1.0,1,1.0,1,1.0,1,0.18422759229225225,65
3937,3,16484,2881,13603,0,0,0,1.0,1,1.0,1,1.0,1,0.21287641485230893,66
3938,6,16490,2881,13609,0,0,0,1.0,1,1.0,1,1.0,1,0.21287641485230893,66
3939,9,16499,2881,13618,0,0,0,1.0,1,1.0,1,1.0,1,0.22240171489277616,67
3940,5,16504,2881,13623,0,0,0,1.0,1,1.0,1,1.0,1,0.19374810166409323,69
3941,7,16511,2881,13630,0,0,0,1.0,1,1.0,1,1.0,1,0.12651070405112264,69
3942,2,16513,2882,13631,0,0,0,1.0,1,1.0,1,1.0,1,0.11132529703327672,69
3943,4,16517,2884,13633,0,0,0,1.0,1,1.0,1,1.0,1,0.12365090316776878,68
3944,1,16518,2885,13633,0,0,0,1.0,1,1.0,1,1.0,1,0.12710045015098678,68
3945,6,16524,2888,13636,0,0,0,1.0,1,1.0,1,1.0,1,0.15063501217955252,67
3946,8,16532,2890,13642,0,0,0,1.0,1,1.0,1,1.0,1,0.16431232337131085,67
3947,2,16534,2890,13644,0,0,0,1.0,1,1.0,1,1.0,1,0.169042158734921,66
3948,5,16539,2892,13647,0,0,0,1.0,1,1.0,1,1.0,1,0.18073273433136025,67
3949,9,16548,2895,13653,0,0,0,1.0,1,1.0,1,1.0,1,0.24697047328050328,66
3950,3,16551,2895,13656,0,0,0,1.0,1,1.0,1,1.0,1,0.23842072770715864,65
3951,3,16554,2896,13658,0,0,0,1.0,1,1.0,1,1.0,1,0.24117312158420526,65
3952,7,16561,2899,13662,0,0,0,1.0,1,1.0,1,1.0,1,0.23177390895352398,65
3953,4,16565,2900,13665,0,0,0,1.0,1,1.0,1,1.0,1,0.2172312526004742,65
3954,4,16569,2901,13668,0,0,0,1.0,1,1.0,1,1.0,1,0.25159415182940464,64
3955,5,16574,2902,13672,0,0,0,1.0,1,1.0,1,1.0,1,0.25697564662589156,64
3956,7,16581,2903,13678,0,0,0,1.0,1,1.0,1,1.0,1,0.24992259758983987,63
3957,3,16584,2903,13681,0,0,0,1.0,1,1.0,1,1.0,1,0.26387837176379736,63
3958,6,16590,2904,13686,0,0,0,1.0,1,1.0,1,1.0,1,0.28659661337916686,63
3959,7,16597,2905,13692,0,0,0,1.0,1,1.0,1,1.0,1,0.2616666585226374,62
3960,4,16601,2905,13696,0,0,0,1.0,1,1.0,1,1.0,1,0.2549137004368446,62
3961,13,16614,2906,13708,0,0,0,1.0,1,1.0,1,1.0,1,0.16312457875370534,64
3962,4,16618,2907,13711,0,0,0,1.0,1,1.0,1,1.0,1,0.1349727697860291,64
3963,4,16622,2907,13715,0,0,0,1.0,1,1.0,1,1.0,1,0.18096501230731987,62
3964,8,16630,2909,13721,0,0,0,1.0,1,1.0,1,1.0,1,0.1782382443464492,63
3965,5,16635,2909,13726,0,0,0,1.0,1,1.0,1,1.0,1,0.10749566883749902,63
3966,7,16642,2909,13733,0,0,0,1.0,1,1.0,1,1.0,1,0.11616753269284705,62
3967,12,16654,2909,13745,0,0,0,1.0,1,1.0,1,1.0,1,0.12424038396588184,64
3968,6,16660,2910,13750,0,0,0,1.0,1,1.0,1,1.0,1,0.16140280284343,63
3969,6,16666,2912,13754,0,0,0,1.0,1,1.0,1,1.0,1,0.15496208424279218,63
3970,4,16670,2912,13758,0,0,0,1.0,1,1.0,1,1.0,1,0.1737814047800283,65
3971,5,16675,2912,13763,0,0,0,1.0,1,1.0,1,1.0,1,0.16526552033208936,65
3972,9,16684,2912,13772,0,0,0,1.0,1,1.0,1,1.0,1,0.1927676636509051,66
3973,4,16688,2912,13776,0,0,0,1.0,1,1.0,1,1.0,1,0.14657017112006435,66
3974,10,16698,2915,13783,0,0,0,1.0,1,1.0,1,1.0,1,0.1736694504779038,66
3975,12,16710,2916,13794,0,0,0,1.0,1,1.0,1,1.0,1,0.18557405682279773,66
3976,8,16718,2917,13801,0,0,0,1.0,1,1.0,1,1.0,1,0.23043532261054792,66
3977,11,16729,2917,13812,0,0,0,1.0,1,1.0,1,1.0,1,0.22017087971988294,64
3978,8,16737,2918,13819,0,0,0,1.0,1,1.0,1,1.0,1,0.2397531445217497,63
3979,14,16751,2920,13831,0,0,0,1.0,1,1.0,1,1.0,1,0.2651569980201677,63
3980,9,16760,2921,13839,0,0,0,1.0,1,1.0,1,1.0,1,0.2769274137850554,63
3981,14,16774,2921,13853,0,0,0,1.0,1,1.0,1,1.0,1,0.24723311080228466,64
3982,14,16788,2921,13867,0,0,0,1.0,1,1.0,1,1.0,1,0.19298320283266787,65
3983,9,16797,2921,13876,0,0,0,1.0,1,1.0,1,1.0,1,0.18135749360919504,64
3984,11,16808,2922,13886,0,0,0,1.0,1,1.0,1,1.0,1,0.17242404193318855,65
3985,13,16821,2923,13898,0,0,0,1.0,1,1.0,1,1.0,1,0.2070750996922086,64
3986,14,16835,2924,13911,0,0,0,1.0,1,1.0,1,1.0,1,0.201059825667175,63
3987,10,16845,2925,13920,0,0,0,1.0,1,1.0,1,1.0,1,0.2284803408582107,63
3988,10,16855,2927,13928,0,0,0,1.0,1,1.0,1,1.0,1,0.16846561853595535,63
3989,12,16867,2928,13939,0,0,0,1.0,1,1.0,1,1.0,1,0.24248784493782705,63
3990,15,16882,2929,13953,0,0,0,1.0,1,1.0,1,1.0,1,0.2682692507307635,62
3991,8,16890,2929,13961,0,0,0,1.0,1,1.0,1,1.0,1,0.2019186527486937,62
3992,12,16902,2929,13973,0,0,0,1.0,1,1.0,1,1.0,1,0.2416666044507088,65
3993,15,16917,2929,13988,0,0,0,1.0,1,1.0,1,1.0,1,0.25243659140605296,65
3994,13,16930,2929,14001,0,0,0,1.0,1,1.0,1,1.0,1,0.24920873467595803,64
3995,14,16944,2929,14015,0,0,0,1.0,1,1.0,1,1.0,1,0.20451181843745816,64
3996,16,16960,2929,14031,0,0,0,1.0,1,1.0,1,1.0,1,0.22337654719334257,67
3997,16,16976,2929,14047,0,0,0,1.0,1,1.0,1,1.0,1,0.17297746559685906,69
3998,15,16991,2930,14061,0,0,0,1.0,1,1.0,1,1.0,1,0.23679035154781025,69
3999,18,17009,2930,14079,0,0,0,1.0,1,1.0,1,1.0,1,0.26135003949527175,69
4000,22,17031,2931,14100,0,0,0,1.0,1,1.0,1,1.0,1,0.21768545689826674,69
4001,15,17046,2931,14115,0,0,0,1.0,1,1.0,1,1.0,1,0.12272500515857117,68
4002,5,17051,2931,14120,0,0,0,1.0,1,1.0,1,1.0,1,0.15500464746788914,68
4003,5,17056,2931,14125,0,0,0,1.0,1,1.0,1,1.0,1,0.12896019216626906,68
4004,11,17067,2933,14134,0,0,0,1.0,1,1.0,1,1.0,1,0.19208027062271826,67
4005,12,17079,2933,14146,0,0,0,1.0,1,1.0,1,1.0,1,0.20041498141757488,67
4006,8,17087,2934,14153,0,0,0,1.0,1,1.0,1,1.0,1,0.15997421444943816,67
4007,18,17105,2935,14170,0,0,0,1.0,1,1.0,1,1.0,1,0.15302495686115056,67
4008,15,17120,2936,14184,0,0,0,1.0,1,1.0,1,1.0,1,0.14859214191827028,67
4009,6,17126,2936,14190,0,0,0,1.0,1,1.0,1,1.0,1,0.1825463920377851,67
4010,14,17140,2937,14203,0,0,0,1.0,1,1.0,1,1.0,1,0.21811230089054462,66
4011,8,17148,2938,14210,0,0,0,1.0,1,1.0,1,1.0,1,0.14728352363249222,66
4012,11,17159,2939,14220,0,0,0,1.0,1,1.0,1,1.0,1,0.1653946840380644,66
4013,6,17165,2939,14226,0,0,0,1.0,1,1.0,1,1.0,1,0.1926911441557045,66
4014,10,17175,2939,14236,0,0,0,1.0,1,1.0,1,1.0,1,0.18586729841232635,66
4015,13,17188,2939,14249,0,0,0,1.0,1,1.0,1,1.0,1,0.23259276981533536,64
4016,11,17199,2940,14259,0,0,0,1.0,1,1.0,1,1.0,1,0.22795127287067957,64
4017,16,17215,2940,14275,0,0,0,1.0,1,1.0,1,1.0,1,0.2334542766792525,66
4018,14,17229,2940,14289,0,0,0,1.0,1,1.0,1,1.0,1,0.2554860574450572,67
4019,14,17243,2941,14302,0,0,0,1.0,1,1.0,1,1.0,1,0.28992001766487185,67
4020,8,17251,2941,14310,0,0,0,1.0,1,1.0,1,1.0,1,0.2715900498295157,66
4021,16,17267,2943,14324,0,0,0,1.0,1,1.0,1,1.0,1,0.18260407230301665,66
4022,3,17270,2943,14327,0,0,0,1.0,1,1.0,1,1.0,1,0.19305830508451202,66
4023,4,17274,2943,14331,0,0,0,1.0,1,1.0,1,1.0,1,0.18966191068599897,66
4024,7,17281,2944,14337,0,0,0,1.0,1,1.0,1,1.0,1,0.1613441449691059,66
4025,5,17286,2945,14341,0,0,0,1.0,1,1.0,1,1.0,1,0.15216978275172935,66
4026,6,17292,2945,14347,0,0,0,1.0,1,1.0,1,1.0,1,0.13322885279402683,66
4027,3,17295,2945,14350,0,0,0,1.0,1,1.0,1,1.0,1,0.1704560890974486,64
4028,8,17303,2949,14354,0,0,0,1.0,1,1.0,1,1.0,1,0.1413321138204591,63
4029,4,17307,2949,14358,0,0,0,1.0,1,1.0,1,1.0,1,0.17105458539898424,62
4030,8,17315,2951,14364,0,0,0,1.0,1,1.0,1,1.0,1,0.1696930856244876,63
4031,4,17319,2952,14367,0,0,0,1.0,1,1.0,1,1.0,1,0.1622205955431174,62
4032,5,17324,2955,14369,0,0,0,1.0,1,1.0,1,1.0,1,0.17327129658046636,62
4033,3,17327,2957,14370,0,0,0,1.0,1,1.0,1,1.0,1,0.16241765776464304,61
4034,3,17330,2958,14372,0,0,0,1.0,1,1.0,1,1.0,1,0.19795760916297864,60
4035,1,17331,2958,14373,0,0,0,1.0,1,1.0,1,1.0,1,0.21065533640522763,59
4036,3,17334,2959,14375,0,0,0,1.0,1,1.0,1,1.0,1,0.21627217337052868,58
4037,5,17339,2963,14376,0,0,0,1.0,1,1.0,1,1.0,1,0.20767398098652212,59
4038,2,17341,2964,14377,0,0,0,1.0,1,1.0,1,1.0,1,0.22517238816571578,58
4039,2,17343,2966,14377,0,0,0,1.0,1,1.0,1,1.0,1,0.26345254258045725,56
4040,1,17344,2966,14378,0,0,0,1.0,1,1.0,1,1.0,1,0.2678100191308715,55
4041,12,17356,2967,14389,0,0,0,1.0,1,1.0,1,1.0,1,0.2000128691542405,54
4042,9,17365,2969,14396,0,0,0,1.0,1,1.0,1,1.0,1,0.2043932749438146,56
4043,13,17378,2972,14406,0,0,0,1.0,1,1.0,1,1.0,1,0.28751175422637004,56
4044,11,17389,2973,14416,0,0,0,1.0,1,1.0,1,1.0,1,0.3141323318210221,56
4045,15,17404,2973,14431,0,0,0,1.0,1,1.0,1,1.0,1,0.3044377067973073,57
4046,10,17414,2973,14441,0,0,0,1.0,1,1.0,1,1.0,1,0.3482620834343869,59
4047,19,17433,2974,14459,0,0,0,1.0,1,1.0,1,1.0,1,0.35843390769466227,59
4048,11,17444,2974,14470,0,0,0,1.0,1,1.0,1,1.0,1,0.3472892950159934,59
4049,11,17455,2974,14481,0,0,0,1.0,1,1.0,1,1.0,1,0.34744357166696815,60
4050,10,17465,2974,14491,0,0,0,1.0,1,1.0,1,1.0,1,0.3243258215136271,60
4051,9,17474,2974,14500,0,0,0,1.0,1,1.0,1,1.0,1,0.32820440420576125,60
4052,18,17492,2974,14518,0,0,0,1.0,1,1.0,1,1.0,1,0.32820440420576125,60
4053,9,17501,2974,14527,0,0,0,1.0,1,1.0,1,1.0,1,0.3243258215136271,60
4054,12,17513,2975,14538,0,0,0,1.0,1,1.0,1,1.0,1,0.3308747310119497,61
4055,16,17529,2975,14554,0,0,0,1.0,1,1.0,1,1.0,1,0.3370655585531378,61
4056,19,17548,2975,14573,0,0,0,1.0,1,1.0,1,1.0,1,0.3341082967216139,62
4057,10,17558,2975,14583,0,0,0,1.0,1,1.0,1,1.0,1,0.34756983674972824,63
4058,14,17572,2975,14597,0,0,0,1.0,1,1.0,1,1.0,1,0.34343142939586324,64
4059,19,17591,2975,14616,0,0,0,1.0,1,1.0,1,1.0,1,0.36300343587623957,63
4060,23,17614,2975,14639,0,0,0,1.0,1,1.0,1,1.0,1,0.3513475572885585,63
4061,11,17625,2975,14650,0,0,0,1.0,1,1.0,1,1.0,1,0.2677384919688424,63
4062,7,17632,2977,14655,0,0,0,1.0,1,1.0,1,1.0,1,0.2597657691091693,65
4063,9,17641,2977,14664,0,0,0,1.0,1,1.0,1,1.0,1,0.20688207150836785,64
4064,6,17647,2978,14669,0,0,0,1.0,1,1.0,1,1.0,1,0.19203934723766078,65
4065,5,17652,2979,14673,0,0,0,1.0,1,1.0,1,1.0,1,0.1787286491929362,64
4066,5,17657,2980,14677,0,0,0,1.0,1,1.0,1,1.0,1,0.17725278199910002,64
4067,5,17662,2982,14680,0,0,0,1.0,1,1.0,1,1.0,1,0.20761667247483342,63
4068,7,17669,2984,14685,0,0,0,1.0,1,1.0,1,1.0,1,0.21311173803883374,64
4069,10,17679,2986,14693,0,0,0,1.0,1,1.0,1,1.0,1,0.19146184005095923,62
4070,5,17684,2987,14697,0,0,0,1.0,1,1.0,1,1.0,1,0.17751124009461725,61
4071,10,17694,2991,14703,0,0,0,1.0,1,1.0,1,1.0,1,0.23617916902523026,61
4072,7,17701,2992,14709,0,0,0,1.0,1,1.0,1,1.0,1,0.24497265467962986,60
4073,5,17706,2993,14713,0,0,0,1.0,1,1.0,1,1.0,1,0.261168359281132,60
4074,7,17713,2995,14718,0,0,0,1.0,1,1.0,1,1.0,1,0.2636348485386018,60
4075,1,17714,2996,14718,0,0,0,1.0,1,1.0,1,1.0,1,0.2404870721464357,59
4076,6,17720,2997,14723,0,0,0,1.0,1,1.0,1,1.0,1,0.22664209550936038,60
4077,7,17727,3000,14727,0,0,0,1.0,1,1.0,1,1.0,1,0.20096298861205011,61
4078,2,17729,3000,14729,0,0,0,1.0,1,1.0,1,1.0,1,0.21712475541510473,60
4079,1,17730,3000,14730,0,0,0,1.0,1,1.0,1,1.0,1,0.2592196600168612,58
4080,0,17730,3000,14730,0,0,0,1.0,1,1.0,1,1.0,1,0.27377590098781374,56
4081,15,17745,3000,14745,0,0,0,1.0,1,1.0,1,1.0,1,0.1710567315317184,56
4082,4,17749,3000,14749,0,0,0,1.0,1,1.0,1,1.0,1,0.20850649744940378,55
4083,6,17755,3001,14754,0,0,0,1.0,1,1.0,1,1.0,1,0.2359460520513428,55
4084,3,17758,3001,14757,0,0,0,1.0,1,1.0,1,1.0,1,0.2093480612365828,55
4085,4,17762,3002,14760,0,0,0,1.0,1,1.0,1,1.0,1,0.21401604721047934,56
4086,6,17768,3003,14765,0,0,0,1.0,1,1.0,1,1.0,1,0.1895850293783314,57
4087,7,17775,3005,14770,0,0,0,1.0,1,1.0,1,1.0,1,0.21631417682957543,57
4088,4,17779,3005,14774,0,0,0,1.0,1,1.0,1,1.0,1,0.23190790384775503,57
4089,6,17785,3005,14780,0,0,0,1.0,1,1.0,1,1.0,1,0.2596258993811901,56
4090,5,17790,3007,14783,0,0,0,1.0,1,1.0,1,1.0,1,0.26107682481601374,56
4091,6,17796,3007,14789,0,0,0,1.0,1,1.0,1,1.0,1,0.2848409134429343,56
4092,7,17803,3007,14796,0,0,0,1.0,1,1.0,1,1.0,1,0.2625074612683313,57
4093,4,17807,3007,14800,0,0,0,1.0,1,1.0,1,1.0,1,0.273128882794689,58
4094,8,17815,3008,14807,0,0,0,1.0,1,1.0,1,1.0,1,0.24898519668498342,57
4095,11,17826,3008,14818,0,0,0,1.0,1,1.0,1,1.0,1,0.24545307829234228,57
4096,17,17843,3009,14834,0,0,0,1.0,1,1.0,1,1.0,1,0.24616587350739932,59
4097,12,17855,3009,14846,0,0,0,1.0,1,1.0,1,1.0,1,0.26018662123263037,59
4098,9,17864,3009,14855,0,0,0,1.0,1,1.0,1,1.0,1,0.23500860674865864,59
4099,14,17878,3011,14867,0,0,0,1.0,1,1.0,1,1.0,1,0.3020397817921874,60
4100,18,17896,3012,14884,0,0,0,1.0,1,1.0,1,1.0,1,0.25991514187974507,60
4101,13,17909,3014,14895,0,0,0,1.0,1,1.0,1,1.0,1,0.23296774452828695,60
4102,9,17918,3016,14902,0,0,0,1.0,1,1.0,1,1.0,1,0.17788753428701354,60
4103,7,17925,3017,14908,0,0,0,1.0,1,1.0,1,1.0,1,0.1975739518030571,58
4104,9,17934,3020,14914,0,0,0,1.0,1,1.0,1,1.0,1,0.24221404942527466,60
4105,8,17942,3021,14921,0,0,0,1.0,1,1.0,1,1.0,1,0.18427492739937829,59
4106,8,17950,3021,14929,0,0,0,1.0,1,1.0,1,1.0,1,0.15289713953043477,61
4107,5,17955,3021,14934,0,0,0,1.0,1,1.0,1,1.0,1,0.16448812184212672,59
4108,7,17962,3021,14941,0,0,0,1.0,1,1.0,1,1.0,1,0.16434023892186841,60
4109,10,17972,3021,14951,0,0,0,1.0,1,1.0,1,1.0,1,0.1491999431811777,59
4110,6,17978,3021,14957,0,0,0,1.0,1,1.0,1,1.0,1,0.16753408573983256,60
4111,12,17990,3021,14969,0,0,0,1.0,1,1.0,1,1.0,1,0.15702506299783217,61
4112,8,17998,3022,14976,0,0,0,1.0,1,1.0,1,1.0,1,0.164726210202956,60
4113,8,18006,3022,14984,0,0,0,1.0,1,1.0,1,1.0,1,0.145048607219984,61
4114,10,18016,3022,14994,0,0,0,1.0,1,1.0,1,1.0,1,0.14026532612301615,62
4115,12,18028,3023,15005,0,0,0,1.0,1,1.0,1,1.0,1,0.14279196430263688,60
4116,4,18032,3023,15009,0,0,0,1.0,1,1.0,1,1.0,1,0.19021891283835096,59
4117,8,18040,3025,15015,0,0,0,1.0,1,1.0,1,1.0,1,0.20469575600622633,56
4118,8,18048,3025,15023,0,0,0,1.0,1,1.0,1,1.0,1,0.20654593221305773,55
4119,9,18057,3025,15032,0,0,0,1.0,1,1.0,1,1.0,1,0.18674974063439836,53
4120,9,18066,3026,15040,0,0,0,1.0,1,1.0,1,1.0,1,0.2516030824120322,52
4121,12,18078,3029,15049,0,0,0,1.0,1,1.0,1,1.0,1,0.07764158076596778,53
4122,1,18079,3029,15050,0,0,0,1.0,1,1.0,1,1.0,1,0.07233521191787623,52
4123,5,18084,3030,15054,0,0,0,1.0,1,1.0,1,1.0,1,0.09548430628225647,51
4124,8,18092,3031,15061,0,0,0,1.0,1,1.0,1,1.0,1,0.13326814257028,51
4125,4,18096,3031,15065,0,0,0,1.0,1,1.0,1,1.0,1,0.121161924406055,50
4126,6,18102,3032,15070,0,0,0,1.0,1,1.0,1,1.0,1,0.15050446994350522,50
4127,4,18106,3032,15074,0,0,0,1.0,1,1.0,1,1.0,1,0.159356324825517,49
4128,3,18109,3032,15077,0,0,0,1.0,1,1.0,1,1.0,1,0.1138774030869485,49
4129,2,18111,3032,15079,0,0,0,1.0,1,1.0,1,1.0,1,0.1263870635870367,49
4130,5,18116,3033,15083,0,0,0,1.0,1,1.0,1,1.0,1,0.1620160233674172,50
4131,6,18122,3034,15088,0,0,0,1.0,1,1.0,1,1.0,1,0.15092096210258865,50
4132,5,18127,3034,15093,0,0,0,1.0,1,1.0,1,1.0,1,0.11954602420164637,50
4133,4,18131,3034,15097,0,0,0,1.0,1,1.0,1,1.0,1,0.13203090572228157,51
4134,5,18136,3035,15101,0,0,0,1.0,1,1.0,1,1.0,1,0.1400642040151291,53
4135,5,18141,3036,15105,0,0,0,1.0,1,1.0,1,1.0,1,0.1540218217672748,54
4136,6,18147,3036,15111,0,0,0,1.0,1,1.0,1,1.0,1,0.18056687650288214,54
4137,6,18153,3038,15115,0,0,0,1.0,1,1.0,1,1.0,1,0.1902563248585089,55
4138,5,18158,3039,15119,0,0,0,1.0,1,1.0,1,1.0,1,0.14849333604299841,54
4139,6,18164,3039,15125,0,0,0,1.0,1,1.0,1,1.0,1,0.13599384516822288,54
4140,7,18171,3040,15131,0,0,0,1.0,1,1.0,1,1.0,1,0.17932144366389818,55
4141,9,18180,3040,15140,0,0,0,1.0,1,1.0,1,1.0,1,0.14031547349079915,55
4142,2,18182,3040,15142,0,0,0,1.0,1,1.0,1,1.0,1,0.1568119897882992,55
4143,4,18186,3040,15146,0,0,0,1.0,1,1.0,1,1.0,1,0.1684170556688568,53
4144,3,18189,3041,15148,0,0,0,1.0,1,1.0,1,1.0,1,0.18944806123171026,52
4145,4,18193,3042,15151,0,0,0,1.0,1,1.0,1,1.0,1,0.17467696694983603,51
4146,4,18197,3044,15153,0,0,0,1.0,1,1.0,1,1.0,1,0.16598644957294292,51
4147,4,18201,3046,15155,0,0,0,1.0,1,1.0,1,1.0,1,0.22715644678031438,50
4148,8,18209,3047,15162,0,0,0,1.0,1,1.0,1,1.0,1,0.2316660069649529,52
4149,5,18214,3047,15167,0,0,0,1.0,1,1.0,1,1.0,1,0.20826473619647162,53
4150,6,18220,3049,15171,0,0,0,1.0,1,1.0,1,1.0,1,0.2222741975702716,53
4151,4,18224,3049,15175,0,0,0,1.0,1,1.0,1,1.0,1,0.24349315320920742,53
4152,9,18233,3051,15182,0,0,0,1.0,1,1.0,1,1.0,1,0.20707876367386135,54
4153,7,18240,3052,15188,0,0,0,1.0,1,1.0,1,1.0,1,0.2341460502288066,51
4154,4,18244,3052,15192,0,0,0,1.0,1,1.0,1,1.0,1,0.24507522470732707,51
4155,9,18253,3053,15200,0,0,0,1.0,1,1.0,1,1.0,1,0.23555741641017974,51
4156,7,18260,3054,15206,0,0,0,1.0,1,1.0,1,1.0,1,0.2569361195620052,52
4157,10,18270,3055,15215,0,0,0,1.0,1,1.0,1,1.0,1,0.23343855950192624,52
4158,4,18274,3055,15219,0,0,0,1.0,1,1.0,1,1.0,1,0.21678120335252793,52
4159,6,18280,3056,15224,0,0,0,1.0,1,1.0,1,1.0,1,0.2342302203113161,52
4160,11,18291,3058,15233,0,0,0,1.0,1,1.0,1,1.0,1,0.2663449940645958,50
4161,6,18297,3058,15239,0,0,0,1.0,1,1.0,1,1.0,1,0.16589989023001073,50
4162,2,18299,3058,15241,0,0,0,1.0,1,1.0,1,1.0,1,0.15431614191977155,51
4163,1,18300,3058,15242,0,0,0,1.0,1,1.0,1,1.0,1,0.12528091195259364,48
4164,3,18303,3060,15243,0,0,0,1.0,1,1.0,1,1.0,1,0.14978757814109597,50
4165,2,18305,3060,15245,0,0,0,1.0,1,1.0,1,1.0,1,0.14660415258672183,49
4166,2,18307,3061,15246,0,0,0,1.0,1,1.0,1,1.0,1,0.12567452817353109,50
4167,0,18307,3061,15246,0,0,0,1.0,1,1.0,1,1.0,1,0.15411586629370466,50
4168,0,18307,3061,15246,0,0,0,1.0,1,1.0,1,1.0,1,0.1485486935326088,50
4169,3,18310,3062,15248,0,0,0,1.0,1,1.0,1,1.0,1,0.14880348824682035,51
4170,5,18315,3064,15251,0,0,0,1.0,1,1.0,1,1.0,1,0.2196350199656164,50
4171,5,18320,3066,15254,0,0,0,1.0,1,1.0,1,1.0,1,0.22588502296747093,50
4172,3,18323,3066,15257,0,0,0,1.0,1,1.0,1,1.0,1,0.24829665194240863,49
4173,2,18325,3066,15259,0,0,0,1.0,1,1.0,1,1.0,1,0.27445166924400455,48
4174,2,18327,3066,15261,0,0,0,1.0,1,1.0,1,1.0,1,0.25356257652515146,48
4175,2,18329,3067,15262,0,0,0,1.0,1,1.0,1,1.0,1,0.21205274577301514,48
4176,2,18331,3068,15263,0,0,0,1.0,1,1.0,1,1.0,1,0.2430516220959917,50
4177,5,18336,3069,15267,0,0,0,1.0,1,1.0,1,1.0,1,0.23578864457491042,52
4178,5,18341,3070,15271,0,0,0,1.0,1,1.0,1,1.0,1,0.26164152259613677,53
4179,5,18346,3071,15275,0,0,0,1.0,1,1.0,1,1.0,1,0.21239287531593007,54
4180,7,18353,3071,15282,0,0,0,1.0,1,1.0,1,1.0,1,0.1967909615688369,55
4181,5,18358,3071,15287,0,0,0,1.0,1,1.0,1,1.0,1,0.158573441805988,56
4182,2,18360,3072,15288,0,0,0,1.0,1,1.0,1,1.0,1,0.1608853413720826,56
4183,4,18364,3073,15291,0,0,0,1.0,1,1.0,1,1.0,1,0.13131839887784325,57
4184,6,18370,3076,15294,0,0,0,1.0,1,1.0,1,1.0,1,0.16481948295442317,57
4185,1,18371,3076,15295,0,0,0,1.0,1,1.0,1,1.0,1,0.14330411026142417,54
4186,5,18376,3078,15298,0,0,0,1.0,1,1.0,1,1.0,1,0.153626268113481,55
4187,3,18379,3079,15300,0,0,0,1.0,1,1.0,1,1.0,1,0.16239799059797685,53
4188,3,18382,3080,15302,0,0,0,1.0,1,1.0,1,1.0,1,0.1920034209450714,53
4189,3,18385,3080,15305,0,0,0,1.0,1,1.0,1,1.0,1,0.1812668971786063,53
4190,3,18388,3081,15307,0,0,0,1.0,1,1.0,1,1.0,1,0.18120912447041193,53
4191,2,18390,3081,15309,0,0,0,1.0,1,1.0,1,1.0,1,0.17719971876597337,51
4192,2,18392,3082,15310,0,0,0,1.0,1,1.0,1,1.0,1,0.20971353319155764,51
4193,3,18395,3083,15312,0,0,0,1.0,1,1.0,1,1.0,1,0.2230651404024219,50
4194,2,18397,3084,15313,0,0,0,1.0,1,1.0,1,1.0,1,0.19557974879855175,50
4195,1,18398,3085,15313,0,0,0,1.0,1,1.0,1,1.0,1,0.2039247588389689,50
4196,2,18400,3086,15314,0,0,0,1.0,1,1.0,1,1.0,1,0.22643407031240495,51
4197,2,18402,3088,15314,0,0,0,1.0,1,1.0,1,1.0,1,0.2607992863010952,50
4198,3,18405,3089,15316,0,0,0,1.0,1,1.0,1,1.0,1,0.2715216382999146,48
4199,3,18408,3089,15319,0,0,0,1.0,1,1.0,1,1.0,1,0.2930771153149341,48
4200,3,18411,3089,15322,0,0,0,1.0,1,1.0,1,1.0,1,0.3075152738182291,48
4201,10,18421,3089,15332,0,0,0,1.0,1,1.0,1,1.0,1,0.14556818166695748,47
4202,2,18423,3089,15334,0,0,0,1.0,1,1.0,1,1.0,1,0.14556818166695748,47
4203,3,18426,3090,15336,0,0,0,1.0,1,1.0,1,1.0,1,0.18641469276052416,47
4204,3,18429,3092,15337,0,0,0,1.0,1,1.0,1,1.0,1,0.2061556191753701,48
4205,3,18432,3093,15339,0,0,0,1.0,1,1.0,1,1.0,1,0.2456300234738045,49
4206,4,18436,3095,15341,0,0,0,1.0,1,1.0,1,1.0,1,0.27026441756967984,49
4207,3,18439,3095,15344,0,0,0,1.0,1,1.0,1,1.0,1,0.2719768278033241,48
4208,3,18442,3097,15345,0,0,0,1.0,1,1.0,1,1.0,1,0.2855330047213525,49
4209,5,18447,3097,15350,0,0,0,1.0,1,1.0,1,1.0,1,0.2546930963417273,51
4210,2,18449,3098,15351,0,0,0,1.0,1,1.0,1,1.0,1,0.2613276849417469,52
4211,4,18453,3098,15355,0,0,0,1.0,1,1.0,1,1.0,1,0.2585809804327205,53
4212,5,18458,3098,15360,0,0,0,1.0,1,1.0,1,1.0,1,0.25067353026671224,53
4213,4,18462,3098,15364,0,0,0,1.0,1,1.0,1,1.0,1,0.2208758586101061,54
4214,2,18464,3098,15366,0,0,0,1.0,1,1.0,1,1.0,1,0.20602091236045156,54
4215,2,18466,3098,15368,0,0,0,1.0,1,1.0,1,1.0,1,0.20602091236045156,54
4216,2,18468,3098,15370,0,0,0,1.0,1,1.0,1,1.0,1,0.21352028027747116,53
4217,4,18472,3099,15373,0,0,0,1.0,1,1.0,1,1.0,1,0.21059881391304133,54
4218,1,18473,3099,15374,0,0,0,1.0,1,1.0,1,1.0,1,0.2393076393674159,53
4219,1,18474,3100,15374,0,0,0,1.0,1,1.0,1,1.0,1,0.24268696994943967,53
4220,0,18474,3100,15374,0,0,0,1.0,1,1.0,1,1.0,1,0.25158906977041345,53
4221,11,18485,3100,15385,0,0,0,1.0,1,1.0,1,1.0,1,0.18748065104367984,54
4222,5,18490,3103,15387,0,0,0,1.0,1,1.0,1,1.0,1,0.18945459452938093,55
4223,5,18495,3104,15391,0,0,0,1.0,1,1.0,1,1.0,1,0.20560412637766698,56
4224,9,18504,3107,15397,0,0,0,1.0,1,1.0,1,1.0,1,0.22437501828361744,55
4225,5,18509,3107,15402,0,0,0,1.0,1,1.0,1,1.0,1,0.22444082094101303,53
4226,10,18519,3111,15408,0,0,0,1.0,1,1.0,1,1.0,1,0.26091868536425217,54
4227,7,18526,3112,15414,0,0,0,1.0,1,1.0,1,1.0,1,0.23726832156753933,52
4228,6,18532,3112,15420,0,0,0,1.0,1,1.0,1,1.0,1,0.21200047532968563,51
4229,5,18537,3112,15425,0,0,0,1.0,1,1.0,1,1.0,1,0.2320998741053639,48
4230,4,18541,3113,15428,0,0,0,1.0,1,1.0,1,1.0,1,0.23474362165563414,48
4231,4,18545,3113,15432,0,0,0,1.0,1,1.0,1,1.0,1,0.19492122616832938,48
4232,3,18548,3114,15434,0,0,0,1.0,1,1.0,1,1.0,1,0.19200793958718199,48
4233,4,18552,3114,15438,0,0,0,1.0,1,1.0,1,1.0,1,0.19498108788696683,48
4234,9,18561,3116,15445,0,0,0,1.0,1,1.0,1,1.0,1,0.21874179407419952,49
4235,2,18563,3116,15447,0,0,0,1.0,1,1.0,1,1.0,1,0.23840953248994412,47
4236,7,18570,3117,15453,0,0,0,1.0,1,1.0,1,1.0,1,0.22335002325308737,47
4237,6,18576,3117,15459,0,0,0,1.0,1,1.0,1,1.0,1,0.2492241367377881,48
4238,6,18582,3117,15465,0,0,0,1.0,1,1.0,1,1.0,1,0.25494258135126285,47
4239,4,18586,3117,15469,0,0,0,1.0,1,1.0,1,1.0,1,0.2176654245654127,48
4240,4,18590,3117,15473,0,0,0,1.0,1,1.0,1,1.0,1,0.2278307201930303,47
4241,6,18596,3117,15479,0,0,0,1.0,1,1.0,1,1.0,1,0.12842400565298956,49
4242,4,18600,3117,15483,0,0,0,1.0,1,1.0,1,1.0,1,0.11967457878938369,49
4243,3,18603,3117,15486,0,0,0,1.0,1,1.0,1,1.0,1,0.14274408825907986,50
4244,5,18608,3117,15491,0,0,0,1.0,1,1.0,1,1.0,1,0.1397616539442575,51
4245,5,18613,3117,15496,0,0,0,1.0,1,1.0,1,1.0,1,0.15369890677351836,51
4246,4,18617,3117,15500,0,0,0,1.0,1,1.0,1,1.0,1,0.14239046828382046,51
4247,8,18625,3117,15508,0,0,0,1.0,1,1.0,1,1.0,1,0.14064259079549768,52
4248,5,18630,3117,15513,0,0,0,1.0,1,1.0,1,1.0,1,0.1785583708388799,52
4249,10,18640,3118,15522,0,0,0,1.0,1,1.0,1,1.0,1,0.1904770494225638,52
4250,10,18650,3119,15531,0,0,0,1.0,1,1.0,1,1.0,1,0.19656433904204887,52
4251,11,18661,3119,15542,0,0,0,1.0,1,1.0,1,1.0,1,0.1919032964018175,53
4252,10,18671,3120,15551,0,0,0,1.0,1,1.0,1,1.0,1,0.20975166333796091,53
4253,13,18684,3121,15563,0,0,0,1.0,1,1.0,1,1.0,1,0.24349559579091584,54
4254,18,18702,3122,15580,0,0,0,1.0,1,1.0,1,1.0,1,0.2049333909317424,54
4255,11,18713,3123,15590,0,0,0,1.0,1,1.0,1,1.0,1,0.20912637895470468,55
4256,13,18726,3123,15603,0,0,0,1.0,1,1.0,1,1.0,1,0.21492306448728007,57
4257,10,18736,3123,15613,0,0,0,1.0,1,1.0,1,1.0,1,0.2314571746623205,57
4258,9,18745,3123,15622,0,0,0,1.0,1,1.0,1,1.0,1,0.20889620147517157,57
4259,11,18756,3123,15633,0,0,0,1.0,1,1.0,1,1.0,1,0.1988326510398354,57
4260,8,18764,3123,15641,0,0,0,1.0,1,1.0,1,1.0,1,0.18297845688279388,58
4261,5,18769,3123,15646,0,0,0,1.0,1,1.0,1,1.0,1,0.1232161670942909,59
4262,3,18772,3124,15648,0,0,0,1.0,1,1.0,1,1.0,1,0.13059421415418696,60
4263,5,18777,3126,15651,0,0,0,1.0,1,1.0,1,1.0,1,0.13882975193886998,59
4264,5,18782,3128,15654,0,0,0,1.0,1,1.0,1,1.0,1,0.12665392592133115,58
4265,6,18788,3129,15659,0,0,0,1.0,1,1.0,1,1.0,1,0.17136836929193336,58
4266,6,18794,3129,15665,0,0,0,1.0,1,1.0,1,1.0,1,0.19592268684411826,58
4267,6,18800,3129,15671,0,0,0,1.0,1,1.0,1,1.0,1,0.1499193695598507,55
4268,1,18801,3130,15671,0,0,0,1.0,1,1.0,1,1.0,1,0.1552061964705457,55
4269,3,18804,3131,15673,0,0,0,1.0,1,1.0,1,1.0,1,0.155186879462405,50
4270,1,18805,3132,15673,0,0,0,1.0,1,1.0,1,1.0,1,0.15606832577452887,47
4271,0,18805,3132,15673,0,0,0,1.0,1,1.0,1,1.0,1,0.16629617900475988,47
4272,0,18805,3132,15673,0,0,0,1.0,1,1.0,1,1.0,1,0.14031962408057816,46
4273,2,18807,3134,15673,0,0,0,1.0,1,1.0,1,1.0,1,0.1711487965475384,47
4274,5,18812,3137,15675,0,0,0,1.0,1,1.0,1,1.0,1,0.1742016983084244,45
4275,4,18816,3140,15676,0,0,0,1.0,1,1.0,1,1.0,1,0.2356366021605822,44
4276,5,18821,3142,15679,0,0,0,1.0,1,1.0,1,1.0,1,0.23594557468681798,43
4277,3,18824,3144,15680,0,0,0,1.0,1,1.0,1,1.0,1,0.26804855359762336,42
4278,5,18829,3144,15685,0,0,0,1.0,1,1.0,1,1.0,1,0.2789573167146497,43
4279,3,18832,3146,15686,0,0,0,1.0,1,1.0,1,1.0,1,0.2905118921253924,42
4280,7,18839,3149,15690,0,0,0,1.0,1,1.0,1,1.0,1,0.32585612734822883,44
4281,19,18858,3149,15709,0,0,0,1.0,1,1.0,1,1.0,1,0.11605687271736254,44
4282,8,18866,3149,15717,0,0,0,1.0,1,1.0,1,1.0,1,0.16257946708187046,44
4283,10,18876,3149,15727,0,0,0,1.0,1,1.0,1,1.0,1,0.17278700725322022,45
4284,9,18885,3149,15736,0,0,0,1.0,1,1.0,1,1.0,1,0.16355217879501596,45
4285,13,18898,3149,15749,0,0,0,1.0,1,1.0,1,1.0,1,0.18663123990862,47
4286,12,18910,3149,15761,0,0,0,1.0,1,1.0,1,1.0,1,0.18663123990862,47
4287,12,18922,3149,15773,0,0,0,1.0,1,1.0,1,1.0,1,0.19258729349264397,49
4288,14,18936,3150,15786,0,0,0,1.0,1,1.0,1,1.0,1,0.20509130054676022,49
4289,13,18949,3150,15799,0,0,0,1.0,1,1.0,1,1.0,1,0.2085698542558698,50
4290,18,18967,3151,15816,0,0,0,1.0,1,1.0,1,1.0,1,0.2513913457097537,51
4291,16,18983,3152,15831,0,0,0,1.0,1,1.0,1,1.0,1,0.303615782765171,50
4292,12,18995,3154,15841,0,0,0,1.0,1,1.0,1,1.0,1,0.2876685103114195,51
4293,12,19007,3155,15852,0,0,0,1.0,1,1.0,1,1.0,1,0.3017704387367872,51
4294,13,19020,3156,15864,0,0,0,1.0,1,1.0,1,1.0,1,0.301068120402158,50
4295,13,19033,3156,15877,0,0,0,1.0,1,1.0,1,1.0,1,0.34298563863191456,50
4296,14,19047,3156,15891,0,0,0,1.0,1,1.0,1,1.0,1,0.33268847170735777,49
4297,19,19066,3156,15910,0,0,0,1.0,1,1.0,1,1.0,1,0.3270870717855089,49
4298,15,19081,3156,15925,0,0,0,1.0,1,1.0,1,1.0,1,0.36852433288795106,49
4299,13,19094,3156,15938,0,0,0,1.0,1,1.0,1,1.0,1,0.3744243840049174,48
4300,11,19105,3157,15948,0,0,0,1.0,1,1.0,1,1.0,1,0.30939780628244085,49
4301,17,19122,3157,15965,0,0,0,1.0,1,1.0,1,1.0,1,0.09370976122024922,50
4302,6,19128,3157,15971,0,0,0,1.0,1,1.0,1,1.0,1,0.13343747690745955,51
4303,8,19136,3158,15978,0,0,0,1.0,1,1.0,1,1.0,1,0.08627160733245337,51
4304,12,19148,3158,15990,0,0,0,1.0,1,1.0,1,1.0,1,0.10355031734006682,51
4305,8,19156,3158,15998,0,0,0,1.0,1,1.0,1,1.0,1,0.16548973191984342,49
4306,11,19167,3160,16007,0,0,0,1.0,1,1.0,1,1.0,1,0.19179206650968333,49
4307,13,19180,3161,16019,0,0,0,1.0,1,1.0,1,1.0,1,0.24183386003523916,46
4308,11,19191,3163,16028,0,0,0,1.0,1,1.0,1,1.0,1,0.24677315701709904,44
4309,13,19204,3165,16039,0,0,0,1.0,1,1.0,1,1.0,1,0.25148525485720097,44
4310,9,19213,3165,16048,0,0,0,1.0,1,1.0,1,1.0,1,0.27636544263065244,42
4311,10,19223,3169,16054,0,0,0,1.0,1,1.0,1,1.0,1,0.240717932245706,42
4312,7,19230,3170,16060,0,0,0,1.0,1,1.0,1,1.0,1,0.2500332525931712,40
4313,13,19243,3173,16070,0,0,0,1.0,1,1.0,1,1.0,1,0.20039536980352274,40
4314,7,19250,3173,16077,0,0,0,1.0,1,1.0,1,1.0,1,0.25919004311046556,36
4315,11,19261,3174,16087,0,0,0,1.0,1,1.0,1,1.0,1,0.25517653584143135,37
4316,11,19272,3176,16096,0,0,0,1.0,1,1.0,1,1.0,1,0.30096678451251024,37
4317,11,19283,3179,16104,0,0,0,1.0,1,1.0,1,1.0,1,0.3709247896189628,36
4318,8,19291,3181,16110,0,0,0,1.0,1,1.0,1,1.0,1,0.40972728401668107,34
4319,4,19295,3181,16114,0,0,0,1.0,1,1.0,1,1.0,1,0.334082884215361,34
4320,6,19301,3181,16120,0,0,0,1.0,1,1.0,1,1.0,1,0.334082884215361,34
4321,6,19307,3181,16126,0,0,0,1.0,1,1.0,1,1.0,1,0.16188731408099188,35
4322,2,19309,3181,16128,0,0,0,1.0,1,1.0,1,1.0,1,0.16188731408099188,35
4323,3,19312,3181,16131,0,0,0,1.0,1,1.0,1,1.0,1,0.1779742060311336,35
4324,3,19315,3181,16134,0,0,0,1.0,1,1.0,1,1.0,1,0.20860045595510057,34
4325,3,19318,3181,16137,0,0,0,1.0,1,1.0,1,1.0,1,0.18232162040712666,34
4326,11,19329,3181,16148,0,0,0,1.0,1,1.0,1,1.0,1,0.17602973034093478,36
4327,4,19333,3182,16151,0,0,0,1.0,1,1.0,1,1.0,1,0.2000837943069666,35
4328,5,19338,3182,16156,0,0,0,1.0,1,1.0,1,1.0,1,0.16626050657564298,35
4329,9,19347,3182,16165,0,0,0,1.0,1,1.0,1,1.0,1,0.16807212113144415,38
4330,5,19352,3183,16169,0,0,0,1.0,1,1.0,1,1.0,1,0.24808791984259881,38
4331,6,19358,3183,16175,0,0,0,1.0,1,1.0,1,1.0,1,0.1725193073917733,39
4332,8,19366,3183,16183,0,0,0,1.0,1,1.0,1,1.0,1,0.15751542669746635,40
4333,1,19367,3183,16184,0,0,0,1.0,1,1.0,1,1.0,1,0.1564887196566441,41
4334,1,19368,3183,16185,0,0,0,1.0,1,1.0,1,1.0,1,0.14946567287791573,41
4335,2,19370,3183,16187,0,0,0,1.0,1,1.0,1,1.0,1,0.1622582715917298,42
4336,4,19374,3183,16191,0,0,0,1.0,1,1.0,1,1.0,1,0.16218039692033653,43
4337,5,19379,3183,16196,0,0,0,1.0,1,1.0,1,1.0,1,0.17368672096897453,44
4338,4,19383,3183,16200,0,0,0,1.0,1,1.0,1,1.0,1,0.17368672096897453,44
4339,4,19387,3183,16204,0,0,0,1.0,1,1.0,1,1.0,1,0.18655650489151623,46
4340,7,19394,3183,16211,0,0,0,1.0,1,1.0,1,1.0,1,0.19877421539083484,47
4341,8,19402,3184,16218,0,0,0,1.0,1,1.0,1,1.0,1,0.14780212091519745,47
4342,7,19409,3188,16221,0,0,0,1.0,1,1.0,1,1.0,1,0.17827350718792948,47
4343,5,19414,3189,16225,0,0,0,1.0,1,1.0,1,1.0,1,0.11189220432729752,42
4344,3,19417,3191,16226,0,0,0,1.0,1,1.0,1,1.0,1,0.14202328333242686,42
4345,3,19420,3192,16228,0,0,0,1.0,1,1.0,1,1.0,1,0.1544556729204897,39
4346,0,19420,3192,16228,0,0,0,1.0,1,1.0,1,1.0,1,0.15743368022096604,37
4347,1,19421,3193,16228,0,0,0,1.0,1,1.0,1,1.0,1,0.16145215034263258,37
4348,5,19426,3198,16228,0,0,0,1.0,1,1.0,1,1.0,1,0.3363040228605873,38
4349,2,19428,3198,16230,0,0,0,1.0,1,1.0,1,1.0,1,0.26846606034095816,36
4350,4,19432,3201,16231,0,0,0,1.0,1,1.0,1,1.0,1,0.2973409656922175,37
4351,1,19433,3202,16231,0,0,0,1.0,1,1.0,1,1.0,1,0.26753657738331027,35
4352,1,19434,3202,16232,0,0,0,1.0,1,1.0,1,1.0,1,0.30763646802260425,34
4353,4,19438,3202,16236,0,0,0,1.0,1,1.0,1,1.0,1,0.2668717586018018,34
4354,1,19439,3202,16237,0,0,0,1.0,1,1.0,1,1.0,1,0.3029450974978847,32
4355,5,19444,3202,16242,0,0,0,1.0,1,1.0,1,1.0,1,0.23759133748713687,32
4356,1,19445,3203,16242,0,0,0,1.0,1,1.0,1,1.0,1,0.22392159897944994,34
4357,3,19448,3204,16244,0,0,0,1.0,1,1.0,1,1.0,1,0.24519013509476908,35
4358,4,19452,3205,16247,0,0,0,1.0,1,1.0,1,1.0,1,0.2554201671326178,35
4359,5,19457,3206,16251,0,0,0,1.0,1,1.0,1,1.0,1,0.268556114709049,37
4360,1,19458,3206,16252,0,0,0,1.0,1,1.0,1,1.0,1,0.2723506812080602,38
4361,11,19469,3207,16262,0,0,0,1.0,1,1.0,1,1.0,1,0.15694189315968235,39
4362,8,19477,3209,16268,0,0,0,1.0,1,1.0,1,1.0,1,0.21099475332247622,38
4363,4,19481,3210,16271,0,0,0,1.0,1,1.0,1,1.0,1,0.16100206351851415,38
4364,7,19488,3212,16276,0,0,0,1.0,1,1.0,1,1.0,1,0.2970902003478266,39
4365,6,19494,3212,16282,0,0,0,1.0,1,1.0,1,1.0,1,0.3026575182216131,39
4366,7,19501,3212,16289,0,0,0,1.0,1,1.0,1,1.0,1,0.2962830702587635,39
4367,7,19508,3212,16296,0,0,0,1.0,1,1.0,1,1.0,1,0.287747280880627,41
4368,13,19521,3212,16309,0,0,0,1.0,1,1.0,1,1.0,1,0.2611423473299062,41
4369,13,19534,3212,16322,0,0,0,1.0,1,1.0,1,1.0,1,0.25458011685968907,42
4370,10,19544,3212,16332,0,0,0,1.0,1,1.0,1,1.0,1,0.24515228459860616,42
4371,5,19549,3212,16337,0,0,0,1.0,1,1.0,1,1.0,1,0.25973914109098967,43
4372,7,19556,3212,16344,0,0,0,1.0,1,1.0,1,1.0,1,0.2563937386280579,43
4373,10,19566,3213,16353,0,0,0,1.0,1,1.0,1,1.0,1,0.2619690294213942,43
4374,9,19575,3213,16362,0,0,0,1.0,1,1.0,1,1.0,1,0.25514025889871883,44
4375,13,19588,3213,16375,0,0,0,1.0,1,1.0,1,1.0,1,0.25655220205995827,45
4376,10,19598,3213,16385,0,0,0,1.0,1,1.0,1,1.0,1,0.2322776402823379,46
4377,18,19616,3215,16401,0,0,0,1.0,1,1.0,1,1.0,1,0.27168552331241175,47
4378,12,19628,3217,16411,0,0,0,1.0,1,1.0,1,1.0,1,0.3567616393743847,49
4379,13,19641,3217,16424,0,0,0,1.0,1,1.0,1,1.0,1,0.28107621304539265,51
4380,19,19660,3217,16443,0,0,0,1.0,1,1.0,1,1.0,1,0.2768622368084448,50
4381,11,19671,3218,16453,0,0,0,1.0,1,1.0,1,1.0,1,0.2227240479111561,49
4382,4,19675,3219,16456,0,0,0,1.0,1,1.0,1,1.0,1,0.22442822698352102,47
4383,4,19679,3220,16459,0,0,0,1.0,1,1.0,1,1.0,1,0.2072812505497509,47
4384,0,19679,3220,16459,0,0,0,1.0,1,1.0,1,1.0,1,0.2190851169468911,44
4385,0,19679,3220,16459,0,0,0,1.0,1,1.0,1,1.0,1,0.2042404813485176,42
4386,5,19684,3222,16462,0,0,0,1.0,1,1.0,1,1.0,1,0.21476263985374955,41
4387,0,19684,3222,16462,0,0,0,1.0,1,1.0,1,1.0,1,0.2160506674088456,39
4388,4,19688,3223,16465,0,0,0,1.0,1,1.0,1,1.0,1,0.1745087724933775,39
4389,3,19691,3224,16467,0,0,0,1.0,1,1.0,1,1.0,1,0.20507786586696145,38
4390,1,19692,3224,16468,0,0,0,1.0,1,1.0,1,1.0,1,0.21469616617027884,38
4391,2,19694,3224,16470,0,0,0,1.0,1,1.0,1,1.0,1,0.20025977863568276,39
4392,5,19699,3224,16475,0,0,0,1.0,1,1.0,1,1.0,1,0.19360273144490106,39
4393,4,19703,3224,16479,0,0,0,1.0,1,1.0,1,1.0,1,0.17736400958044052,40
4394,2,19705,3224,16481,0,0,0,1.0,1,1.0,1,1.0,1,0.17540539585116777,39
4395,1,19706,3224,16482,0,0,0,1.0,1,1.0,1,1.0,1,0.16970296552702366,39
4396,1,19707,3224,16483,0,0,0,1.0,1,1.0,1,1.0,1,0.20115191547513483,39
4397,3,19710,3225,16485,0,0,0,1.0,1,1.0,1,1.0,1,0.20096867282950492,38
4398,1,19711,3225,16486,0,0,0,1.0,1,1.0,1,1.0,1,0.18532638575000168,39
4399,5,19716,3225,16491,0,0,0,1.0,1,1.0,1,1.0,1,0.20760916241887123,42
4400,2,19718,3225,16493,0,0,0,1.0,1,1.0,1,1.0,1,0.20528222220116135,43
4401,4,19722,3225,16497,0,0,0,1.0,1,1.0,1,1.0,1,0.1542812444696421,44
4402,0,19722,3225,16497,0,0,0,1.0,1,1.0,1,1.0,1,0.1542812444696421,44
4403,1,19723,3225,16498,0,0,0,1.0,1,1.0,1,1.0,1,0.14067875363740834,45
4404,0,19723,3225,16498,0,0,0,1.0,1,1.0,1,1.0,1,0.14067875363740834,45
4405,0,19723,3225,16498,0,0,0,1.0,1,1.0,1,1.0,1,0.14309542921964663,46
4406,1,19724,3226,16498,0,0,0,1.0,1,1.0,1,1.0,1,0.18256528319366513,46
4407,1,19725,3226,16499,0,0,0,1.0,1,1.0,1,1.0,1,0.1633617307196475,46
4408,0,19725,3226,16499,0,0,0,1.0,1,1.0,1,1.0,1,0.15681322919139928,47
4409,2,19727,3227,16500,0,0,0,1.0,1,1.0,1,1.0,1,0.16553024754140583,48
4410,0,19727,3227,16500,0,0,0,1.0,1,1.0,1,1.0,1,0.16553024754140583,48
4411,1,19728,3227,16501,0,0,0,1.0,1,1.0,1,1.0,1,0.13386421787668853,50
4412,0,19728,3227,16501,0,0,0,1.0,1,1.0,1,1.0,1,0.13386421787668853,50
4413,1,19729,3227,16502,0,0,0,1.0,1,1.0,1,1.0,1,0.1313275785601088,50
4414,4,19733,3229,16504,0,0,0,1.0,1,1.0,1,1.0,1,0.13135425456545266,51
4415,4,19737,3230,16507,0,0,0,1.0,1,1.0,1,1.0,1,0.13953597441406307,51
4416,0,19737,3230,16507,0,0,0,1.0,1,1.0,1,1.0,1,0.13953597441406307,51
4417,2,19739,3232,16507,0,0,0,1.0,1,1.0,1,1.0,1,0.20092461676006634,51
4418,4,19743,3232,16511,0,0,0,1.0,1,1.0,1,1.0,1,0.16165657047543272,51
4419,3,19746,3232,16514,0,0,0,1.0,1,1.0,1,1.0,1,0.1600017277346511,50
4420,4,19750,3233,16517,0,0,0,1.0,1,1.0,1,1.0,1,0.1305962498758334,50
4421,1,19751,3233,16518,0,0,0,1.0,1,1.0,1,1.0,1,0.1046575937317572,52
4422,0,19751,3233,16518,0,0,0,1.0,1,1.0,1,1.0,1,0.11568453205884087,51
4423,0,19751,3233,16518,0,0,0,1.0,1,1.0,1,1.0,1,0.11568453205884087,51
4424,0,19751,3233,16518,0,0,0,1.0,1,1.0,1,1.0,1,0.1179587884469525,53
4425,2,19753,3234,16519,0,0,0,1.0,1,1.0,1,1.0,1,0.12151735415861642,54
4426,2,19755,3235,16520,0,0,0,1.0,1,1.0,1,1.0,1,0.10410739510028959,55
4427,0,19755,3235,16520,0,0,0,1.0,1,1.0,1,1.0,1,0.10410739510028959,55
4428,3,19758,3235,16523,0,0,0,1.0,1,1.0,1,1.0,1,0.09795037049001606,55
4429,0,19758,3235,16523,0,0,0,1.0,1,1.0,1,1.0,1,0.09946620376322654,56
4430,2,19760,3235,16525,0,0,0,1.0,1,1.0,1,1.0,1,0.10775103975455931,55
4431,2,19762,3236,16526,0,0,0,1.0,1,1.0,1,1.0,1,0.12895338613744423,56
4432,2,19764,3237,16527,0,0,0,1.0,1,1.0,1,1.0,1,0.12916713349348516,56
4433,2,19766,3237,16529,0,0,0,1.0,1,1.0,1,1.0,1,0.1349107236449349,57
4434,3,19769,3237,16532,0,0,0,1.0,1,1.0,1,1.0,1,0.10347646855770591,56
4435,2,19771,3237,16534,0,0,0,1.0,1,1.0,1,1.0,1,0.1036635655087096,56
4436,4,19775,3239,16536,0,0,0,1.0,1,1.0,1,1.0,1,0.12889404548180325,55
4437,2,19777,3239,16538,0,0,0,1.0,1,1.0,1,1.0,1,0.11038300158549318,54
4438,5,19782,3240,16542,0,0,0,1.0,1,1.0,1,1.0,1,0.11586809242148463,54
4439,2,19784,3240,16544,0,0,0,1.0,1,1.0,1,1.0,1,0.14820371299950008,55
4440,4,19788,3241,16547,0,0,0,1.0,1,1.0,1,1.0,1,0.14530805920884107,55
4441,9,19797,3243,16554,0,0,0,1.0,1,1.0,1,1.0,1,0.11379590555586774,59
4442,7,19804,3244,16560,0,0,0,1.0,1,1.0,1,1.0,1,0.11155547675306392,61
4443,3,19807,3245,16562,0,0,0,1.0,1,1.0,1,1.0,1,0.1354899755950683,60
4444,4,19811,3245,16566,0,0,0,1.0,1,1.0,1,1.0,1,0.11733616810579853,61
4445,5,19816,3245,16571,0,0,0,1.0,1,1.0,1,1.0,1,0.11832729609982602,61
4446,10,19826,3246,16580,0,0,0,1.0,1,1.0,1,1.0,1,0.12648098444661984,62
4447,4,19830,3246,16584,0,0,0,1.0,1,1.0,1,1.0,1,0.131095027593659,63
4448,6,19836,3246,16590,0,0,0,1.0,1,1.0,1,1.0,1,0.131095027593659,63
4449,3,19839,3246,16593,0,0,0,1.0,1,1.0,1,1.0,1,0.11855652936507392,63
4450,6,19845,3246,16599,0,0,0,1.0,1,1.0,1,1.0,1,0.13606869373497477,62
4451,7,19852,3247,16605,0,0,0,1.0,1,1.0,1,1.0,1,0.1643196795151757,63
4452,8,19860,3247,16613,0,0,0,1.0,1,1.0,1,1.0,1,0.16193121460057003,64
4453,8,19868,3247,16621,0,0,0,1.0,1,1.0,1,1.0,1,0.14482094086503744,65
4454,4,19872,3247,16625,0,0,0,1.0,1,1.0,1,1.0,1,0.132481163255261,66
4455,5,19877,3247,16630,0,0,0,1.0,1,1.0,1,1.0,1,0.10271727007773022,67
4456,7,19884,3249,16635,0,0,0,1.0,1,1.0,1,1.0,1,0.12823511270402574,67
4457,4,19888,3249,16639,0,0,0,1.0,1,1.0,1,1.0,1,0.13753502986936839,65
4458,5,19893,3249,16644,0,0,0,1.0,1,1.0,1,1.0,1,0.1395098370792245,65
4459,5,19898,3252,16646,0,0,0,1.0,1,1.0,1,1.0,1,0.15727302282389255,64
4460,3,19901,3252,16649,0,0,0,1.0,1,1.0,1,1.0,1,0.17648498605121654,63
4461,7,19908,3254,16654,0,0,0,1.0,1,1.0,1,1.0,1,0.1715911725898135,62
4462,7,19915,3257,16658,0,0,0,1.0,1,1.0,1,1.0,1,0.1993556279454921,61
4463,4,19919,3259,16660,0,0,0,1.0,1,1.0,1,1.0,1,0.23490213669013024,61
4464,4,19923,3262,16661,0,0,0,1.0,1,1.0,1,1.0,1,0.24191005546543792,58
4465,2,19925,3262,16663,0,0,0,1.0,1,1.0,1,1.0,1,0.2249425041632438,57
4466,0,19925,3262,16663,0,0,0,1.0,1,1.0,1,1.0,1,0.24224385526849457,54
4467,2,19927,3264,16663,0,0,0,1.0,1,1.0,1,1.0,1,0.2254650472607663,52
4468,2,19929,3266,16663,0,0,0,1.0,1,1.0,1,1.0,1,0.2123833733134495,52
4469,2,19931,3268,16663,0,0,0,1.0,1,1.0,1,1.0,1,0.19568604942073764,51
4470,2,19933,3270,16663,0,0,0,1.0,1,1.0,1,1.0,1,0.196342594349908,51
4471,3,19936,3272,16664,0,0,0,1.0,1,1.0,1,1.0,1,0.18026939493061797,50
4472,1,19937,3273,16664,0,0,0,1.0,1,1.0,1,1.0,1,0.1821385203996354,48
4473,0,19937,3273,16664,0,0,0,1.0,1,1.0,1,1.0,1,0.18114035492700264,47
4474,4,19941,3276,16665,0,0,0,1.0,1,1.0,1,1.0,1,0.21406543836169764,49
4475,5,19946,3278,16668,0,0,0,1.0,1,1.0,1,1.0,1,0.2719497936239896,47
4476,6,19952,3279,16673,0,0,0,1.0,1,1.0,1,1.0,1,0.26207473550218796,49
4477,4,19956,3279,16677,0,0,0,1.0,1,1.0,1,1.0,1,0.31073938310909355,48
4478,2,19958,3279,16679,0,0,0,1.0,1,1.0,1,1.0,1,0.31073938310909355,48
4479,2,19960,3279,16681,0,0,0,1.0,1,1.0,1,1.0,1,0.31073938310909355,48
4480,3,19963,3279,16684,0,0,0,1.0,1,1.0,1,1.0,1,0.2521576448630283,49
4481,13,19976,3279,16697,0,0,0,1.0,1,1.0,1,1.0,1,0.1698459445455295,49
4482,3,19979,3280,16699,0,0,0,1.0,1,1.0,1,1.0,1,0.19469724975980549,49
4483,3,19982,3280,16702,0,0,0,1.0,1,1.0,1,1.0,1,0.14231020336072817,50
4484,6,19988,3282,16706,0,0,0,1.0,1,1.0,1,1.0,1,0.17271795227167944,52
4485,8,19996,3282,16714,0,0,0,1.0,1,1.0,1,1.0,1,0.17443629892741747,53
4486,6,20002,3282,16720,0,0,0,1.0,1,1.0,1,1.0,1,0.17471156682145877,55
4487,6,20008,3284,16724,0,0,0,1.0,1,1.0,1,1.0,1,0.2004991649226474,55
4488,4,20012,3284,16728,0,0,0,1.0,1,1.0,1,1.0,1,0.18629217622973437,54
4489,6,20018,3284,16734,0,0,0,1.0,1,1.0,1,1.0,1,0.20467631975328254,53
4490,3,20021,3284,16737,0,0,0,1.0,1,1.0,1,1.0,1,0.21474899936047642,53
4491,6,20027,3284,16743,0,0,0,1.0,1,1.0,1,1.0,1,0.2320914755464406,52
4492,6,20033,3284,16749,0,0,0,1.0,1,1.0,1,1.0,1,0.2320914755464406,52
4493,7,20040,3284,16756,0,0,0,1.0,1,1.0,1,1.0,1,0.2257368528408131,52
4494,5,20045,3284,16761,0,0,0,1.0,1,1.0,1,1.0,1,0.17918108232805233,53
4495,5,20050,3285,16765,0,0,0,1.0,1,1.0,1,1.0,1,0.16797829535215983,50
4496,4,20054,3287,16767,0,0,0,1.0,1,1.0,1,1.0,1,0.23801159485908163,51
4497,8,20062,3289,16773,0,0,0,1.0,1,1.0,1,1.0,1,0.24355355746513213,50
4498,7,20069,3292,16777,0,0,0,1.0,1,1.0,1,1.0,1,0.2867791233515519,49
4499,6,20075,3293,16782,0,0,0,1.0,1,1.0,1,1.0,1,0.29004356257452757,48
4500,5,20080,3294,16786,0,0,0,1.0,1,1.0,1,1.0,1,0.2727492795135598,48
4501,11,20091,3295,16796,0,0,0,1.0,1,1.0,1,1.0,1,0.17271963735966614,48
4502,4,20095,3297,16798,0,0,0,1.0,1,1.0,1,1.0,1,0.1638213032319943,49
4503,6,20101,3300,16801,0,0,0,1.0,1,1.0,1,1.0,1,0.16702230957237219,49
4504,3,20104,3301,16803,0,0,0,1.0,1,1.0,1,1.0,1,0.19946544449424405,45
4505,2,20106,3302,16804,0,0,0,1.0,1,1.0,1,1.0,1,0.1601677605330134,46
4506,1,20107,3302,16805,0,0,0,1.0,1,1.0,1,1.0,1,0.16998882745220098,45
4507,4,20111,3303,16808,0,0,0,1.0,1,1.0,1,1.0,1,0.18246994387436397,45
4508,6,20117,3305,16812,0,0,0,1.0,1,1.0,1,1.0,1,0.20493308409763508,43
4509,1,20118,3305,16813,0,0,0,1.0,1,1.0,1,1.0,1,0.2182496968468572,41
4510,4,20122,3307,16815,0,0,0,1.0,1,1.0,1,1.0,1,0.1969952391126924,42
4511,4,20126,3308,16818,0,0,0,1.0,1,1.0,1,1.0,1,0.23247034790802548,41
4512,2,20128,3308,16820,0,0,0,1.0,1,1.0,1,1.0,1,0.20546521564819337,41
4513,0,20128,3308,16820,0,0,0,1.0,1,1.0,1,1.0,1,0.20546521564819337,41
4514,3,20131,3310,16821,0,0,0,1.0,1,1.0,1,1.0,1,0.18270799626127432,42
4515,0,20131,3310,16821,0,0,0,1.0,1,1.0,1,1.0,1,0.21549368867431104,41
4516,0,20131,3310,16821,0,0,0,1.0,1,1.0,1,1.0,1,0.20582753054154485,42
4517,4,20135,3311,16824,0,0,0,1.0,1,1.0,1,1.0,1,0.17152757213115982,43
4518,3,20138,3311,16827,0,0,0,1.0,1,1.0,1,1.0,1,0.16215732558569962,42
4519,2,20140,3313,16827,0,0,0,1.0,1,1.0,1,1.0,1,0.20097182862272345,42
4520,0,20140,3313,16827,0,0,0,1.0,1,1.0,1,1.0,1,0.22672083004689805,42
4521,6,20146,3314,16832,0,0,0,1.0,1,1.0,1,1.0,1,0.15803999739096844,42
4522,0,20146,3314,16832,0,0,0,1.0,1,1.0,1,1.0,1,0.15803999739096844,42
4523,0,20146,3314,16832,0,0,0,1.0,1,1.0,1,1.0,1,0.15803999739096844,42
4524,2,20148,3316,16832,0,0,0,1.0,1,1.0,1,1.0,1,0.15528362764293382,43
4525,3,20151,3316,16835,0,0,0,1.0,1,1.0,1,1.0,1,0.15361315560570324,46
4526,4,20155,3319,16836,0,0,0,1.0,1,1.0,1,1.0,1,0.1835826542566889,46
4527,4,20159,3321,16838,0,0,0,1.0,1,1.0,1,1.0,1,0.1931579183923794,47
4528,6,20165,3321,16844,0,0,0,1.0,1,1.0,1,1.0,1,0.19228285133550793,49
4529,7,20172,3323,16849,0,0,0,1.0,1,1.0,1,1.0,1,0.2166570579161681,50
4530,8,20180,3323,16857,0,0,0,1.0,1,1.0,1,1.0,1,0.2731708734550567,51
4531,8,20188,3323,16865,0,0,0,1.0,1,1.0,1,1.0,1,0.24410860982325924,51
4532,6,20194,3324,16870,0,0,0,1.0,1,1.0,1,1.0,1,0.20539713501868576,51
4533,5,20199,3325,16874,0,0,0,1.0,1,1.0,1,1.0,1,0.2670439833967291,50
4534,12,20211,3325,16886,0,0,0,1.0,1,1.0,1,1.0,1,0.20927625420942847,51
4535,19,20230,3327,16903,0,0,0,1.0,1,1.0,1,1.0,1,0.25365446335664216,50
4536,9,20239,3327,16912,0,0,0,1.0,1,1.0,1,1.0,1,0.24662459532078596,48
4537,9,20248,3328,16920,0,0,0,1.0,1,1.0,1,1.0,1,0.3074048685063614,49
4538,10,20258,3328,16930,0,0,0,1.0,1,1.0,1,1.0,1,0.24422168940261105,48
4539,6,20264,3328,16936,0,0,0,1.0,1,1.0,1,1.0,1,0.2549406117248033,50
4540,2,20266,3328,16938,0,0,0,1.0,1,1.0,1,1.0,1,0.22882089315176152,49
4541,3,20269,3328,16941,0,0,0,1.0,1,1.0,1,1.0,1,0.21223260331217694,49
4542,1,20270,3328,16942,0,0,0,1.0,1,1.0,1,1.0,1,0.20541907777665938,47
4543,1,20271,3328,16943,0,0,0,1.0,1,1.0,1,1.0,1,0.19919086745003675,45
4544,1,20272,3329,16943,0,0,0,1.0,1,1.0,1,1.0,1,0.19625099300478663,45
4545,2,20274,3331,16943,0,0,0,1.0,1,1.0,1,1.0,1,0.21619398449476313,43
4546,3,20277,3332,16945,0,0,0,1.0,1,1.0,1,1.0,1,0.21966543409313097,43
4547,2,20279,3333,16946,0,0,0,1.0,1,1.0,1,1.0,1,0.23674064531660408,41
4548,7,20286,3337,16949,0,0,0,1.0,1,1.0,1,1.0,1,0.29489815767395344,42
4549,1,20287,3337,16950,0,0,0,1.0,1,1.0,1,1.0,1,0.2459391112718663,41
4550,2,20289,3338,16951,0,0,0,1.0,1,1.0,1,1.0,1,0.2465195090156338,41
4551,1,20290,3338,16952,0,0,0,1.0,1,1.0,1,1.0,1,0.20285206570848335,39
4552,1,20291,3339,16952,0,0,0,1.0,1,1.0,1,1.0,1,0.19355092973684274,38
4553,0,20291,3339,16952,0,0,0,1.0,1,1.0,1,1.0,1,0.20244551794960422,39
4554,2,20293,3341,16952,0,0,0,1.0,1,1.0,1,1.0,1,0.25154393352033577,38
4555,0,20293,3341,16952,0,0,0,1.0,1,1.0,1,1.0,1,0.2734734669145947,37
4556,2,20295,3343,16952,0,0,0,1.0,1,1.0,1,1.0,1,0.33667580944290504,36
4557,0,20295,3343,16952,0,0,0,1.0,1,1.0,1,1.0,1,0.2958441827201171,38
4558,1,20296,3344,16952,0,0,0,1.0,1,1.0,1,1.0,1,0.26420834235654655,39
4559,2,20298,3346,16952,0,0,0,1.0,1,1.0,1,1.0,1,0.30925669489915497,38
4560,3,20301,3347,16954,0,0,0,1.0,1,1.0,1,1.0,1,0.310280713924244,41
4561,9,20310,3347,16963,0,0,0,1.0,1,1.0,1,1.0,1,0.21045964483349422,41
4562,2,20312,3348,16964,0,0,0,1.0,1,1.0,1,1.0,1,0.23635848341821838,43
4563,7,20319,3348,16971,0,0,0,1.0,1,1.0,1,1.0,1,0.20788131958997016,42
4564,4,20323,3348,16975,0,0,0,1.0,1,1.0,1,1.0,1,0.18910618854772837,43
4565,6,20329,3348,16981,0,0,0,1.0,1,1.0,1,1.0,1,0.13951553364317598,44
4566,3,20332,3349,16983,0,0,0,1.0,1,1.0,1,1.0,1,0.11864443442622276,45
4567,12,20344,3351,16993,0,0,0,1.0,1,1.0,1,1.0,1,0.08572866092783807,47
4568,12,20356,3351,17005,0,0,0,1.0,1,1.0,1,1.0,1,0.1090558453640118,47
4569,16,20372,3354,17018,0,0,0,1.0,1,1.0,1,1.0,1,0.17329143593801216,49
4570,8,20380,3354,17026,0,0,0,1.0,1,1.0,1,1.0,1,0.12472418588446041,49
4571,4,20384,3354,17030,0,0,0,1.0,1,1.0,1,1.0,1,0.13081654446792346,48
4572,5,20389,3354,17035,0,0,0,1.0,1,1.0,1,1.0,1,0.09675559485440474,48
4573,6,20395,3354,17041,0,0,0,1.0,1,1.0,1,1.0,1,0.09616992008176266,48
4574,8,20403,3354,17049,0,0,0,1.0,1,1.0,1,1.0,1,0.11453414861921475,50
4575,16,20419,3356,17063,0,0,0,1.0,1,1.0,1,1.0,1,0.14534461278380148,51
4576,5,20424,3356,17068,0,0,0,1.0,1,1.0,1,1.0,1,0.13248883390225227,48
4577,7,20431,3356,17075,0,0,0,1.0,1,1.0,1,1.0,1,0.14138075543418346,47
4578,7,20438,3357,17081,0,0,0,1.0,1,1.0,1,1.0,1,0.18125660932536197,46
4579,6,20444,3358,17086,0,0,0,1.0,1,1.0,1,1.0,1,0.20449356011142444,46
4580,3,20447,3358,17089,0,0,0,1.0,1,1.0,1,1.0,1,0.19992860813734176,47
4581,4,20451,3359,17092,0,0,0,1.0,1,1.0,1,1.0,1,0.16103534966231187,47
4582,3,20454,3359,17095,0,0,0,1.0,1,1.0,1,1.0,1,0.16152484527051356,48
4583,1,20455,3359,17096,0,0,0,1.0,1,1.0,1,1.0,1,0.16388004002314774,48
4584,4,20459,3359,17100,0,0,0,1.0,1,1.0,1,1.0,1,0.17487535586880965,50
4585,4,20463,3361,17102,0,0,0,1.0,1,1.0,1,1.0,1,0.2201197373395335,50
4586,1,20464,3361,17103,0,0,0,1.0,1,1.0,1,1.0,1,0.2153442452867565,50
4587,4,20468,3361,17107,0,0,0,1.0,1,1.0,1,1.0,1,0.2153442452867565,50
4588,4,20472,3361,17111,0,0,0,1.0,1,1.0,1,1.0,1,0.2153442452867565,50
4589,11,20483,3362,17121,0,0,0,1.0,1,1.0,1,1.0,1,0.2011598557665319,52
4590,3,20486,3362,17124,0,0,0,1.0,1,1.0,1,1.0,1,0.2071593617105947,52
4591,4,20490,3362,17128,0,0,0,1.0,1,1.0,1,1.0,1,0.20345683600832393,53
4592,4,20494,3362,17132,0,0,0,1.0,1,1.0,1,1.0,1,0.19522801369770135,54
4593,7,20501,3363,17138,0,0,0,1.0,1,1.0,1,1.0,1,0.20385205968745704,56
4594,9,20510,3363,17147,0,0,0,1.0,1,1.0,1,1.0,1,0.18079452435900537,57
4595,5,20515,3363,17152,0,0,0,1.0,1,1.0,1,1.0,1,0.18188569973685687,56
4596,10,20525,3363,17162,0,0,0,1.0,1,1.0,1,1.0,1,0.18831662829632603,56
4597,8,20533,3363,17170,0,0,0,1.0,1,1.0,1,1.0,1,0.16733678081384273,56
4598,14,20547,3367,17180,0,0,0,1.0,1,1.0,1,1.0,1,0.19834833656106182,57
4599,13,20560,3367,17193,0,0,0,1.0,1,1.0,1,1.0,1,0.15910176598646697,59
4600,10,20570,3367,17203,0,0,0,1.0,1,1.0,1,1.0,1,0.21307877802301417,60
4601,8,20578,3368,17210,0,0,0,1.0,1,1.0,1,1.0,1,0.14150307585833616,60
4602,1,20579,3369,17210,0,0,0,1.0,1,1.0,1,1.0,1,0.13580153334682982,62
4603,0,20579,3369,17210,0,0,0,1.0,1,1.0,1,1.0,1,0.13580153334682982,62
4604,0,20579,3369,17210,0,0,0,1.0,1,1.0,1,1.0,1,0.13336950317023294,63
4605,0,20579,3369,17210,0,0,0,1.0,1,1.0,1,1.0,1,0.13336950317023294,63
4606,3,20582,3369,17213,0,0,0,1.0,1,1.0,1,1.0,1,0.118217128405244,64
4607,5,20587,3370,17217,0,0,0,1.0,1,1.0,1,1.0,1,0.12068692309325241,65
4608,9,20596,3371,17225,0,0,0,1.0,1,1.0,1,1.0,1,0.1350573660931173,66
4609,5,20601,3371,17230,0,0,0,1.0,1,1.0,1,1.0,1,0.14865179994151292,65
4610,2,20603,3371,17232,0,0,0,1.0,1,1.0,1,1.0,1,0.15912568579939487,63
4611,5,20608,3372,17236,0,0,0,1.0,1,1.0,1,1.0,1,0.1668366920941429,64
4612,4,20612,3372,17240,0,0,0,1.0,1,1.0,1,1.0,1,0.1944955349991615,62
4613,6,20618,3374,17244,0,0,0,1.0,1,1.0,1,1.0,1,0.2005549728340817,63
4614,4,20622,3376,17246,0,0,0,1.0,1,1.0,1,1.0,1,0.17525691687886497,61
4615,4,20626,3377,17249,0,0,0,1.0,1,1.0,1,1.0,1,0.19201387139965892,59
4616,3,20629,3378,17251,0,0,0,1.0,1,1.0,1,1.0,1,0.19861298908716596,58
4617,2,20631,3378,17253,0,0,0,1.0,1,1.0,1,1.0,1,0.2103048390426325,58
4618,2,20633,3378,17255,0,0,0,1.0,1,1.0,1,1.0,1,0.22291522642706546,57
4619,2,20635,3378,17257,0,0,0,1.0,1,1.0,1,1.0,1,0.22291522642706546,57
4620,1,20636,3378,17258,0,0,0,1.0,1,1.0,1,1.0,1,0.22914859007323604,57
4621,7,20643,3379,17264,0,0,0,1.0,1,1.0,1,1.0,1,0.18540789339686006,59
4622,2,20645,3379,17266,0,0,0,1.0,1,1.0,1,1.0,1,0.17804942274795615,60
4623,2,20647,3381,17266,0,0,0,1.0,1,1.0,1,1.0,1,0.186341291040773,59
4624,4,20651,3385,17266,0,0,0,1.0,1,1.0,1,1.0,1,0.2045321557608038,59
4625,1,20652,3386,17266,0,0,0,1.0,1,1.0,1,1.0,1,0.20620860334015728,57
4626,5,20657,3389,17268,0,0,0,1.0,1,1.0,1,1.0,1,0.21327003421677887,56
4627,3,20660,3391,17269,0,0,0,1.0,1,1.0,1,1.0,1,0.23263477961225282,56
4628,3,20663,3391,17272,0,0,0,1.0,1,1.0,1,1.0,1,0.2585416949205716,56
4629,4,20667,3392,17275,0,0,0,1.0,1,1.0,1,1.0,1,0.270709535133019,56
4630,3,20670,3393,17277,0,0,0,1.0,1,1.0,1,1.0,1,0.2816145626796453,57
4631,4,20674,3393,17281,0,0,0,1.0,1,1.0,1,1.0,1,0.28238371217861424,56
4632,5,20679,3393,17286,0,0,0,1.0,1,1.0,1,1.0,1,0.2791632934502037,57
4633,4,20683,3394,17289,0,0,0,1.0,1,1.0,1,1.0,1,0.28401056817215337,58
4634,2,20685,3394,17291,0,0,0,1.0,1,1.0,1,1.0,1,0.28401056817215337,58
4635,4,20689,3394,17295,0,0,0,1.0,1,1.0,1,1.0,1,0.22374650772632174,59
4636,2,20691,3394,17297,0,0,0,1.0,1,1.0,1,1.0,1,0.20291452439388302,60
4637,2,20693,3394,17299,0,0,0,1.0,1,1.0,1,1.0,1,0.20291452439388302,60
4638,2,20695,3394,17301,0,0,0,1.0,1,1.0,1,1.0,1,0.21278293989291075,61
4639,5,20700,3394,17306,0,0,0,1.0,1,1.0,1,1.0,1,0.24510138142480478,62
4640,6,20706,3394,17312,0,0,0,1.0,1,1.0,1,1.0,1,0.20267465920251473,63
4641,8,20714,3396,17318,0,0,0,1.0,1,1.0,1,1.0,1,0.14542723674223623,63
4642,0,20714,3396,17318,0,0,0,1.0,1,1.0,1,1.0,1,0.157577913123828,62
4643,6,20720,3398,17322,0,0,0,1.0,1,1.0,1,1.0,1,0.16090359415562006,63
4644,2,20722,3398,17324,0,0,0,1.0,1,1.0,1,1.0,1,0.16960075997652205,62
4645,4,20726,3398,17328,0,0,0,1.0,1,1.0,1,1.0,1,0.16555006234454528,63
4646,6,20732,3399,17333,0,0,0,1.0,1,1.0,1,1.0,1,0.1651221657533159,63
4647,5,20737,3401,17336,0,0,0,1.0,1,1.0,1,1.0,1,0.17612963736727033,62
4648,8,20745,3402,17343,0,0,0,1.0,1,1.0,1,1.0,1,0.21570608096741428,63
4649,3,20748,3402,17346,0,0,0,1.0,1,1.0,1,1.0,1,0.16097651355147619,61
4650,5,20753,3404,17349,0,0,0,1.0,1,1.0,1,1.0,1,0.19890626282681623,63
4651,7,20760,3405,17355,0,0,0,1.0,1,1.0,1,1.0,1,0.16468684095221767,62
4652,4,20764,3405,17359,0,0,0,1.0,1,1.0,1,1.0,1,0.15718468146118472,59
4653,6,20770,3405,17365,0,0,0,1.0,1,1.0,1,1.0,1,0.1541795248085433,60
4654,2,20772,3405,17367,0,0,0,1.0,1,1.0,1,1.0,1,0.1548458797921368,60
4655,2,20774,3405,17369,0,0,0,1.0,1,1.0,1,1.0,1,0.1589417045828101,60
4656,13,20787,3409,17378,0,0,0,1.0,1,1.0,1,1.0,1,0.19971229977716853,61
4657,3,20790,3409,17381,0,0,0,1.0,1,1.0,1,1.0,1,0.19635874545543983,62
4658,5,20795,3410,17385,0,0,0,1.0,1,1.0,1,1.0,1,0.2096658200707659,62
4659,6,20801,3410,17391,0,0,0,1.0,1,1.0,1,1.0,1,0.21084050228520648,61
4660,8,20809,3410,17399,0,0,0,1.0,1,1.0,1,1.0,1,0.18621859158355505,61
4661,2,20811,3410,17401,0,0,0,1.0,1,1.0,1,1.0,1,0.1787110194952381,61
4662,0,20811,3410,17401,0,0,0,1.0,1,1.0,1,1.0,1,0.16824485238244746,62
4663,2,20813,3410,17403,0,0,0,1.0,1,1.0,1,1.0,1,0.12114573569183092,61
4664,3,20816,3411,17405,0,0,0,1.0,1,1.0,1,1.0,1,0.11728754704410972,62
4665,4,20820,3413,17407,0,0,0,1.0,1,1.0,1,1.0,1,0.14840021870454706,61
4666,4,20824,3415,17409,0,0,0,1.0,1,1.0,1,1.0,1,0.16588364797797955,61
4667,2,20826,3415,17411,0,0,0,1.0,1,1.0,1,1.0,1,0.1784845007265223,59
4668,5,20831,3420,17411,0,0,0,1.0,1,1.0,1,1.0,1,0.18474500898325533,59
4669,3,20834,3422,17412,0,0,0,1.0,1,1.0,1,1.0,1,0.17634438030404992,58
4670,0,20834,3422,17412,0,0,0,1.0,1,1.0,1,1.0,1,0.18995198300849409,57
4671,1,20835,3422,17413,0,0,0,1.0,1,1.0,1,1.0,1,0.1968815223134556,55
4672,2,20837,3424,17413,0,0,0,1.0,1,1.0,1,1.0,1,0.23120526465100674,56
4673,3,20840,3424,17416,0,0,0,1.0,1,1.0,1,1.0,1,0.19065824641805124,58
4674,5,20845,3427,17418,0,0,0,1.0,1,1.0,1,1.0,1,0.20136009631596674,58
4675,4,20849,3427,17422,0,0,0,1.0,1,1.0,1,1.0,1,0.23537455557958906,57
4676,8,20857,3428,17429,0,0,0,1.0,1,1.0,1,1.0,1,0.2410908421252837,58
4677,3,20860,3428,17432,0,0,0,1.0,1,1.0,1,1.0,1,0.26384691067348914,57
4678,6,20866,3429,17437,0,0,0,1.0,1,1.0,1,1.0,1,0.2691735762609074,57
4679,4,20870,3429,17441,0,0,0,1.0,1,1.0,1,1.0,1,0.26815013541053573,57
4680,8,20878,3430,17448,0,0,0,1.0,1,1.0,1,1.0,1,0.24190757143793318,59
4681,15,20893,3431,17462,0,0,0,1.0,1,1.0,1,1.0,1,0.12468534681771513,60
4682,2,20895,3431,17464,0,0,0,1.0,1,1.0,1,1.0,1,0.12092549685366336,60
4683,6,20901,3432,17469,0,0,0,1.0,1,1.0,1,1.0,1,0.15221972123265062,60
4684,5,20906,3434,17472,0,0,0,1.0,1,1.0,1,1.0,1,0.18848967655979879,60
4685,9,20915,3436,17479,0,0,0,1.0,1,1.0,1,1.0,1,0.22489793122755392,59
4686,10,20925,3438,17487,0,0,0,1.0,1,1.0,1,1.0,1,0.24866432460080165,60
4687,11,20936,3440,17496,0,0,0,1.0,1,1.0,1,1.0,1,0.2490584798783257,59
4688,6,20942,3440,17502,0,0,0,1.0,1,1.0,1,1.0,1,0.2196050017248109,59
4689,9,20951,3440,17511,0,0,0,1.0,1,1.0,1,1.0,1,0.20735917944221605,59
4690,4,20955,3440,17515,0,0,0,1.0,1,1.0,1,1.0,1,0.22235654346831352,58
4691,9,20964,3441,17523,0,0,0,1.0,1,1.0,1,1.0,1,0.22826146709279174,57
4692,6,20970,3441,17529,0,0,0,1.0,1,1.0,1,1.0,1,0.20214224035742642,58
4693,5,20975,3441,17534,0,0,0,1.0,1,1.0,1,1.0,1,0.21925198609547036,57
4694,6,20981,3442,17539,0,0,0,1.0,1,1.0,1,1.0,1,0.24270450625496498,57
4695,5,20986,3442,17544,0,0,0,1.0,1,1.0,1,1.0,1,0.2681985496827414,56
4696,7,20993,3443,17550,0,0,0,1.0,1,1.0,1,1.0,1,0.27326599860557527,57
4697,16,21009,3443,17566,0,0,0,1.0,1,1.0,1,1.0,1,0.2233045952090333,58
4698,6,21015,3443,17572,0,0,0,1.0,1,1.0,1,1.0,1,0.24821731037263328,59
4699,12,21027,3443,17584,0,0,0,1.0,1,1.0,1,1.0,1,0.25933422919620736,58
4700,9,21036,3443,17593,0,0,0,1.0,1,1.0,1,1.0,1,0.2327107489215683,59
4701,8,21044,3443,17601,0,0,0,1.0,1,1.0,1,1.0,1,0.14716357088513968,60
4702,3,21047,3444,17603,0,0,0,1.0,1,1.0,1,1.0,1,0.12456813175773797,61
4703,2,21049,3445,17604,0,0,0,1.0,1,1.0,1,1.0,1,0.12871500836138938,59
4704,2,21051,3446,17605,0,0,0,1.0,1,1.0,1,1.0,1,0.12323242881051322,58
4705,3,21054,3448,17606,0,0,0,1.0,1,1.0,1,1.0,1,0.17173151100440126,58
4706,2,21056,3449,17607,0,0,0,1.0,1,1.0,1,1.0,1,0.1843214003805529,60
4707,2,21058,3451,17607,0,0,0,1.0,1,1.0,1,1.0,1,0.21537772692769663,57
4708,6,21064,3453,17611,0,0,0,1.0,1,1.0,1,1.0,1,0.16636093817316341,57
4709,4,21068,3456,17612,0,0,0,1.0,1,1.0,1,1.0,1,0.18877531978696607,55
4710,1,21069,3456,17613,0,0,0,1.0,1,1.0,1,1.0,1,0.17118444462414323,53
4711,0,21069,3456,17613,0,0,0,1.0,1,1.0,1,1.0,1,0.18782192529544003,52
4712,3,21072,3459,17613,0,0,0,1.0,1,1.0,1,1.0,1,0.2401158713844709,52
4713,4,21076,3460,17616,0,0,0,1.0,1,1.0,1,1.0,1,0.23005094217924715,51
4714,4,21080,3460,17620,0,0,0,1.0,1,1.0,1,1.0,1,0.2315608355868006,50
4715,7,21087,3463,17624,0,0,0,1.0,1,1.0,1,1.0,1,0.2590489963995343,50
4716,4,21091,3464,17627,0,0,0,1.0,1,1.0,1,1.0,1,0.26499669238057233,49
4717,7,21098,3466,17632,0,0,0,1.0,1,1.0,1,1.0,1,0.28888393441784493,49
4718,3,21101,3466,17635,0,0,0,1.0,1,1.0,1,1.0,1,0.28004248585120056,50
4719,3,21104,3466,17638,0,0,0,1.0,1,1.0,1,1.0,1,0.2654156200901621,49
4720,2,21106,3466,17640,0,0,0,1.0,1,1.0,1,1.0,1,0.27884393352056663,49
4721,9,21115,3466,17649,0,0,0,1.0,1,1.0,1,1.0,1,0.14498619871734897,50
4722,4,21119,3467,17652,0,0,0,1.0,1,1.0,1,1.0,1,0.18306766712103542,51
4723,4,21123,3468,17655,0,0,0,1.0,1,1.0,1,1.0,1,0.18051048738600853,50
4724,5,21128,3468,17660,0,0,0,1.0,1,1.0,1,1.0,1,0.19365524146966823,50
4725,3,21131,3468,17663,0,0,0,1.0,1,1.0,1,1.0,1,0.19307236448091106,52
4726,4,21135,3470,17665,0,0,0,1.0,1,1.0,1,1.0,1,0.25790191475470603,51
4727,7,21142,3470,17672,0,0,0,1.0,1,1.0,1,1.0,1,0.24422791265851254,52
4728,6,21148,3471,17677,0,0,0,1.0,1,1.0,1,1.0,1,0.26787900694999073,52
4729,7,21155,3472,17683,0,0,0,1.0,1,1.0,1,1.0,1,0.23137185927228227,52
4730,6,21161,3472,17689,0,0,0,1.0,1,1.0,1,1.0,1,0.24434745126660662,50
4731,7,21168,3473,17695,0,0,0,1.0,1,1.0,1,1.0,1,0.2411939645361854,51
4732,5,21173,3473,17700,0,0,0,1.0,1,1.0,1,1.0,1,0.25112949354958725,52
4733,11,21184,3475,17709,0,0,0,1.0,1,1.0,1,1.0,1,0.2766431976952556,53
4734,12,21196,3475,17721,0,0,0,1.0,1,1.0,1,1.0,1,0.26322677408167267,53
4735,6,21202,3475,17727,0,0,0,1.0,1,1.0,1,1.0,1,0.25772412993411364,53
4736,13,21215,3476,17739,0,0,0,1.0,1,1.0,1,1.0,1,0.2844823730572304,55
4737,14,21229,3476,17753,0,0,0,1.0,1,1.0,1,1.0,1,0.26736792223476497,57
4738,8,21237,3476,17761,0,0,0,1.0,1,1.0,1,1.0,1,0.28248434393402944,57
4739,8,21245,3476,17769,0,0,0,1.0,1,1.0,1,1.0,1,0.2741431879746909,57
4740,10,21255,3476,17779,0,0,0,1.0,1,1.0,1,1.0,1,0.28806006661732775,57
4741,11,21266,3476,17790,0,0,0,1.0,1,1.0,1,1.0,1,0.21915823872876458,58
4742,2,21268,3477,17791,0,0,0,1.0,1,1.0,1,1.0,1,0.21666446969501077,58
4743,2,21270,3477,17793,0,0,0,1.0,1,1.0,1,1.0,1,0.1715084216519566,56
4744,2,21272,3478,17794,0,0,0,1.0,1,1.0,1,1.0,1,0.1633443407320381,57
4745,2,21274,3478,17796,0,0,0,1.0,1,1.0,1,1.0,1,0.15242130331905707,56
4746,3,21277,3478,17799,0,0,0,1.0,1,1.0,1,1.0,1,0.15921440800052483,56
4747,2,21279,3479,17800,0,0,0,1.0,1,1.0,1,1.0,1,0.16146464769218272,55
4748,4,21283,3480,17803,0,0,0,1.0,1,1.0,1,1.0,1,0.1352106464683233,55
4749,5,21288,3482,17806,0,0,0,1.0,1,1.0,1,1.0,1,0.13414098303297722,54
4750,6,21294,3483,17811,0,0,0,1.0,1,1.0,1,1.0,1,0.14075696389300307,53
4751,8,21302,3485,17817,0,0,0,1.0,1,1.0,1,1.0,1,0.156337064409638,53
4752,5,21307,3486,17821,0,0,0,1.0,1,1.0,1,1.0,1,0.13424344614066067,53
4753,2,21309,3486,17823,0,0,0,1.0,1,1.0,1,1.0,1,0.16304485560474818,52
4754,7,21316,3487,17829,0,0,0,1.0,1,1.0,1,1.0,1,0.15403788115757547,52
4755,3,21319,3487,17832,0,0,0,1.0,1,1.0,1,1.0,1,0.13229352452749754,51
4756,6,21325,3488,17837,0,0,0,1.0,1,1.0,1,1.0,1,0.1507088761289535,52
4757,4,21329,3488,17841,0,0,0,1.0,1,1.0,1,1.0,1,0.15691341612006635,51
4758,3,21332,3488,17844,0,0,0,1.0,1,1.0,1,1.0,1,0.1579062781356765,51
4759,4,21336,3489,17847,0,0,0,1.0,1,1.0,1,1.0,1,0.15095240805424145,51
4760,5,21341,3489,17852,0,0,0,1.0,1,1.0,1,1.0,1,0.15252724021669342,52
4761,5,21346,3491,17855,0,0,0,1.0,1,1.0,1,1.0,1,0.09225873442527784,50
4762,5,21351,3494,17857,0,0,0,1.0,1,1.0,1,1.0,1,0.11312451510864349,51
4763,6,21357,3495,17862,0,0,0,1.0,1,1.0,1,1.0,1,0.15194346660370076,51
4764,5,21362,3496,17866,0,0,0,1.0,1,1.0,1,1.0,1,0.16980740872956304,53
4765,6,21368,3496,17872,0,0,0,1.0,1,1.0,1,1.0,1,0.1600146820482736,53
4766,4,21372,3496,17876,0,0,0,1.0,1,1.0,1,1.0,1,0.15918367194499697,55
4767,7,21379,3497,17882,0,0,0,1.0,1,1.0,1,1.0,1,0.18753927535272047,56
4768,8,21387,3497,17890,0,0,0,1.0,1,1.0,1,1.0,1,0.16794699663180568,56
4769,8,21395,3497,17898,0,0,0,1.0,1,1.0,1,1.0,1,0.16794699663180568,56
4770,5,21400,3497,17903,0,0,0,1.0,1,1.0,1,1.0,1,0.1584121008641919,56
4771,3,21403,3497,17906,0,0,0,1.0,1,1.0,1,1.0,1,0.16055205492027552,55
4772,4,21407,3497,17910,0,0,0,1.0,1,1.0,1,1.0,1,0.18588035690656957,56
4773,6,21413,3498,17915,0,0,0,1.0,1,1.0,1,1.0,1,0.19297599293966322,56
4774,8,21421,3499,17922,0,0,0,1.0,1,1.0,1,1.0,1,0.21682233365443096,58
4775,11,21432,3499,17933,0,0,0,1.0,1,1.0,1,1.0,1,0.21480363210429546,59
4776,11,21443,3499,17944,0,0,0,1.0,1,1.0,1,1.0,1,0.1863069695675555,59
4777,10,21453,3500,17953,0,0,0,1.0,1,1.0,1,1.0,1,0.1644625123318201,60
4778,7,21460,3500,17960,0,0,0,1.0,1,1.0,1,1.0,1,0.17766462129223576,60
4779,9,21469,3500,17969,0,0,0,1.0,1,1.0,1,1.0,1,0.14655044908849527,61
4780,12,21481,3500,17981,0,0,0,1.0,1,1.0,1,1.0,1,0.17959017303887975,63
4781,8,21489,3501,17988,0,0,0,1.0,1,1.0,1,1.0,1,0.0832106250055181,62
4782,4,21493,3502,17991,0,0,0,1.0,1,1.0,1,1.0,1,0.11562305092261742,63
4783,5,21498,3503,17995,0,0,0,1.0,1,1.0,1,1.0,1,0.08032216404680967,62
4784,3,21501,3504,17997,0,0,0,1.0,1,1.0,1,1.0,1,0.09082154549203787,62
4785,2,21503,3505,17998,0,0,0,1.0,1,1.0,1,1.0,1,0.0831277810950372,62
4786,6,21509,3506,18003,0,0,0,1.0,1,1.0,1,1.0,1,0.11683501055652257,63
4787,5,21514,3507,18007,0,0,0,1.0,1,1.0,1,1.0,1,0.12557045137779893,62
4788,3,21517,3509,18008,0,0,0,1.0,1,1.0,1,1.0,1,0.12734085579792773,62
4789,3,21520,3509,18011,0,0,0,1.0,1,1.0,1,1.0,1,0.11629692884260118,60
4790,10,21530,3514,18016,0,0,0,1.0,1,1.0,1,1.0,1,0.17680978302434824,61
4791,7,21537,3516,18021,0,0,0,1.0,1,1.0,1,1.0,1,0.11180302870723768,60
4792,3,21540,3518,18022,0,0,0,1.0,1,1.0,1,1.0,1,0.159584551108784,60
4793,6,21546,3520,18026,0,0,0,1.0,1,1.0,1,1.0,1,0.1660037828073194,61
4794,3,21549,3522,18027,0,0,0,1.0,1,1.0,1,1.0,1,0.17161541461343818,59
4795,5,21554,3523,18031,0,0,0,1.0,1,1.0,1,1.0,1,0.15628279287789582,61
4796,8,21562,3526,18036,0,0,0,1.0,1,1.0,1,1.0,1,0.1895965570633321,59
4797,7,21569,3528,18041,0,0,0,1.0,1,1.0,1,1.0,1,0.2651239161639502,58
4798,7,21576,3528,18048,0,0,0,1.0,1,1.0,1,1.0,1,0.23534013178407312,59
4799,5,21581,3528,18053,0,0,0,1.0,1,1.0,1,1.0,1,0.258584972138261,57
4800,3,21584,3528,18056,0,0,0,1.0,1,1.0,1,1.0,1,0.21083511262422103,58
4801,9,21593,3528,18065,0,0,0,1.0,1,1.0,1,1.0,1,0.08465420824856094,57
4802,1,21594,3528,18066,0,0,0,1.0,1,1.0,1,1.0,1,0.07166946605733894,57
4803,2,21596,3530,18066,0,0,0,1.0,1,1.0,1,1.0,1,0.10035888391811026,56
4804,2,21598,3530,18068,0,0,0,1.0,1,1.0,1,1.0,1,0.08492944544431287,54
4805,1,21599,3530,18069,0,0,0,1.0,1,1.0,1,1.0,1,0.08373114066594783,56
4806,2,21601,3531,18070,0,0,0,1.0,1,1.0,1,1.0,1,0.11529526087817696,55
4807,0,21601,3531,18070,0,0,0,1.0,1,1.0,1,1.0,1,0.11492357399297577,54
4808,1,21602,3531,18071,0,0,0,1.0,1,1.0,1,1.0,1,0.1574157403134959,53
4809,4,21606,3532,18074,0,0,0,1.0,1,1.0,1,1.0,1,0.15380122608517716,53
4810,4,21610,3533,18077,0,0,0,1.0,1,1.0,1,1.0,1,0.17549276882051149,51
4811,1,21611,3533,18078,0,0,0,1.0,1,1.0,1,1.0,1,0.15667814414727801,52
4812,4,21615,3534,18081,0,0,0,1.0,1,1.0,1,1.0,1,0.19273779298706026,52
4813,4,21619,3534,18085,0,0,0,1.0,1,1.0,1,1.0,1,0.18117980466942607,52
4814,5,21624,3536,18088,0,0,0,1.0,1,1.0,1,1.0,1,0.1854971615436209,53
4815,7,21631,3540,18091,0,0,0,1.0,1,1.0,1,1.0,1,0.17705951281805268,54
4816,5,21636,3541,18095,0,0,0,1.0,1,1.0,1,1.0,1,0.17095173644314732,54
4817,4,21640,3542,18098,0,0,0,1.0,1,1.0,1,1.0,1,0.18138801348250144,55
4818,4,21644,3544,18100,0,0,0,1.0,1,1.0,1,1.0,1,0.15039421668703104,55
4819,3,21647,3544,18103,0,0,0,1.0,1,1.0,1,1.0,1,0.14247144769802725,55
4820,7,21654,3546,18108,0,0,0,1.0,1,1.0,1,1.0,1,0.13919647656190418,55
4821,6,21660,3547,18113,0,0,0,1.0,1,1.0,1,1.0,1,0.100036110673261,55
4822,5,21665,3549,18116,0,0,0,1.0,1,1.0,1,1.0,1,0.07501853169376561,54
4823,2,21667,3549,18118,0,0,0,1.0,1,1.0,1,1.0,1,0.10024741103588203,54
4824,2,21669,3550,18119,0,0,0,1.0,1,1.0,1,1.0,1,0.08159672730478792,55
4825,1,21670,3550,18120,0,0,0,1.0,1,1.0,1,1.0,1,0.1125113684238795,53
4826,3,21673,3552,18121,0,0,0,1.0,1,1.0,1,1.0,1,0.10283687523149301,54
4827,1,21674,3553,18121,0,0,0,1.0,1,1.0,1,1.0,1,0.1595343334052719,53
4828,3,21677,3555,18122,0,0,0,1.0,1,1.0,1,1.0,1,0.12666579802633027,54
4829,2,21679,3556,18123,0,0,0,1.0,1,1.0,1,1.0,1,0.14376203944857022,54
4830,2,21681,3558,18123,0,0,0,1.0,1,1.0,1,1.0,1,0.12973279068933097,53
4831,3,21684,3560,18124,0,0,0,1.0,1,1.0,1,1.0,1,0.12594807083852427,52
4832,0,21684,3560,18124,0,0,0,1.0,1,1.0,1,1.0,1,0.1504076190658931,50
4833,1,21685,3560,18125,0,0,0,1.0,1,1.0,1,1.0,1,0.13877629959394755,51
4834,3,21688,3561,18127,0,0,0,1.0,1,1.0,1,1.0,1,0.1453377242678463,51
4835,2,21690,3561,18129,0,0,0,1.0,1,1.0,1,1.0,1,0.18363849010828945,50
4836,4,21694,3563,18131,0,0,0,1.0,1,1.0,1,1.0,1,0.20050590061862153,50
4837,8,21702,3567,18135,0,0,0,1.0,1,1.0,1,1.0,1,0.2366531758428167,46
4838,2,21704,3567,18137,0,0,0,1.0,1,1.0,1,1.0,1,0.2178310313366532,47
4839,1,21705,3568,18137,0,0,0,1.0,1,1.0,1,1.0,1,0.1993803462072546,45
4840,0,21705,3568,18137,0,0,0,1.0,1,1.0,1,1.0,1,0.1993803462072546,45
4841,7,21712,3569,18143,0,0,0,1.0,1,1.0,1,1.0,1,0.12192387188242877,43
4842,5,21717,3571,18146,0,0,0,1.0,1,1.0,1,1.0,1,0.1660947953277608,43
4843,7,21724,3572,18152,0,0,0,1.0,1,1.0,1,1.0,1,0.14015119931072315,44
4844,3,21727,3572,18155,0,0,0,1.0,1,1.0,1,1.0,1,0.14506025946934994,43
4845,2,21729,3572,18157,0,0,0,1.0,1,1.0,1,1.0,1,0.1563888584662892,44
4846,6,21735,3573,18162,0,0,0,1.0,1,1.0,1,1.0,1,0.19933630958260315,43
4847,3,21738,3573,18165,0,0,0,1.0,1,1.0,1,1.0,1,0.1842599975710816,42
4848,5,21743,3576,18167,0,0,0,1.0,1,1.0,1,1.0,1,0.2530040465894862,41
4849,4,21747,3576,18171,0,0,0,1.0,1,1.0,1,1.0,1,0.20016621656547867,41
4850,3,21750,3576,18174,0,0,0,1.0,1,1.0,1,1.0,1,0.1827434553811933,41
4851,4,21754,3576,18178,0,0,0,1.0,1,1.0,1,1.0,1,0.18186668588236385,41
4852,6,21760,3577,18183,0,0,0,1.0,1,1.0,1,1.0,1,0.21745310676851007,43
4853,5,21765,3578,18187,0,0,0,1.0,1,1.0,1,1.0,1,0.25136730594248785,44
4854,2,21767,3578,18189,0,0,0,1.0,1,1.0,1,1.0,1,0.28800739760591265,45
4855,4,21771,3578,18193,0,0,0,1.0,1,1.0,1,1.0,1,0.28744629878212424,44
4856,2,21773,3578,18195,0,0,0,1.0,1,1.0,1,1.0,1,0.25328854175203874,44
4857,8,21781,3578,18203,0,0,0,1.0,1,1.0,1,1.0,1,0.31103608262090815,44
4858,9,21790,3578,18212,0,0,0,1.0,1,1.0,1,1.0,1,0.2960894034073453,45
4859,8,21798,3578,18220,0,0,0,1.0,1,1.0,1,1.0,1,0.2685314295133664,46
4860,8,21806,3578,18228,0,0,0,1.0,1,1.0,1,1.0,1,0.3052132948711647,46
4861,8,21814,3578,18236,0,0,0,1.0,1,1.0,1,1.0,1,0.17196175871465266,46
4862,2,21816,3578,18238,0,0,0,1.0,1,1.0,1,1.0,1,0.1574644751264891,47
4863,1,21817,3578,18239,0,0,0,1.0,1,1.0,1,1.0,1,0.16471070186936998,47
4864,2,21819,3578,18241,0,0,0,1.0,1,1.0,1,1.0,1,0.1315570310441688,47
4865,8,21827,3578,18249,0,0,0,1.0,1,1.0,1,1.0,1,0.08947508813275895,48
4866,8,21835,3578,18257,0,0,0,1.0,1,1.0,1,1.0,1,0.09118681756486278,49
4867,9,21844,3578,18266,0,0,0,1.0,1,1.0,1,1.0,1,0.08074470004377575,50
4868,4,21848,3578,18270,0,0,0,1.0,1,1.0,1,1.0,1,0.11290597474383707,50
4869,6,21854,3578,18276,0,0,0,1.0,1,1.0,1,1.0,1,0.09151398855279459,50
4870,7,21861,3578,18283,0,0,0,1.0,1,1.0,1,1.0,1,0.07626124498705528,52
4871,5,21866,3578,18288,0,0,0,1.0,1,1.0,1,1.0,1,0.11947725157414606,52
4872,7,21873,3578,18295,0,0,0,1.0,1,1.0,1,1.0,1,0.06757725451166847,53
4873,2,21875,3578,18297,0,0,0,1.0,1,1.0,1,1.0,1,0.07787542257537852,55
4874,7,21882,3579,18303,0,0,0,1.0,1,1.0,1,1.0,1,0.11099066198234711,56
4875,5,21887,3580,18307,0,0,0,1.0,1,1.0,1,1.0,1,0.1097072040292616,55
4876,8,21895,3583,18312,0,0,0,1.0,1,1.0,1,1.0,1,0.12503179778297405,55
4877,5,21900,3584,18316,0,0,0,1.0,1,1.0,1,1.0,1,0.1379643615020516,54
4878,4,21904,3584,18320,0,0,0,1.0,1,1.0,1,1.0,1,0.11044211314812881,53
4879,5,21909,3587,18322,0,0,0,1.0,1,1.0,1,1.0,1,0.17572831776896802,54
4880,5,21914,3587,18327,0,0,0,1.0,1,1.0,1,1.0,1,0.18643650737303666,54
4881,6,21920,3587,18333,0,0,0,1.0,1,1.0,1,1.0,1,0.16152567591395564,53
4882,3,21923,3588,18335,0,0,0,1.0,1,1.0,1,1.0,1,0.18048396226865096,53
4883,5,21928,3588,18340,0,0,0,1.0,1,1.0,1,1.0,1,0.16797379386335212,53
4884,1,21929,3588,18341,0,0,0,1.0,1,1.0,1,1.0,1,0.16376147627335982,51
4885,2,21931,3589,18342,0,0,0,1.0,1,1.0,1,1.0,1,0.19378517782211097,50
4886,0,21931,3589,18342,0,0,0,1.0,1,1.0,1,1.0,1,0.19549422939918998,48
4887,0,21931,3589,18342,0,0,0,1.0,1,1.0,1,1.0,1,0.19549422939918998,48
4888,1,21932,3589,18343,0,0,0,1.0,1,1.0,1,1.0,1,0.18655092685278843,48
4889,1,21933,3589,18344,0,0,0,1.0,1,1.0,1,1.0,1,0.19540942895509703,48
4890,1,21934,3589,18345,0,0,0,1.0,1,1.0,1,1.0,1,0.18633985760116115,49
4891,2,21936,3590,18346,0,0,0,1.0,1,1.0,1,1.0,1,0.24411721615573576,50
4892,2,21938,3590,18348,0,0,0,1.0,1,1.0,1,1.0,1,0.23042850279921634,49
4893,1,21939,3590,18349,0,0,0,1.0,1,1.0,1,1.0,1,0.22275794799362458,50
4894,6,21945,3590,18355,0,0,0,1.0,1,1.0,1,1.0,1,0.18757633936364218,51
4895,5,21950,3590,18360,0,0,0,1.0,1,1.0,1,1.0,1,0.21713664139635488,52
4896,7,21957,3590,18367,0,0,0,1.0,1,1.0,1,1.0,1,0.1750095080796598,53
4897,6,21963,3590,18373,0,0,0,1.0,1,1.0,1,1.0,1,0.17346873968208507,53
4898,2,21965,3590,18375,0,0,0,1.0,1,1.0,1,1.0,1,0.15089423456846848,53
4899,2,21967,3591,18376,0,0,0,1.0,1,1.0,1,1.0,1,0.14456395698637053,55
4900,2,21969,3592,18377,0,0,0,1.0,1,1.0,1,1.0,1,0.12745725446605452,55
4901,4,21973,3593,18380,0,0,0,1.0,1,1.0,1,1.0,1,0.1070845688348548,56
4902,6,21979,3595,18384,0,0,0,1.0,1,1.0,1,1.0,1,0.1597245217415835,58
4903,10,21989,3598,18391,0,0,0,1.0,1,1.0,1,1.0,1,0.15453985892273922,58
4904,6,21995,3599,18396,0,0,0,1.0,1,1.0,1,1.0,1,0.1434649709663376,57
4905,3,21998,3599,18399,0,0,0,1.0,1,1.0,1,1.0,1,0.16358164697785024,54
4906,7,22005,3601,18404,0,0,0,1.0,1,1.0,1,1.0,1,0.2069834149916189,55
4907,5,22010,3601,18409,0,0,0,1.0,1,1.0,1,1.0,1,0.20791752060180904,52
4908,5,22015,3603,18412,0,0,0,1.0,1,1.0,1,1.0,1,0.22259011018567537,53
4909,3,22018,3603,18415,0,0,0,1.0,1,1.0,1,1.0,1,0.22500312890415966,52
4910,6,22024,3604,18420,0,0,0,1.0,1,1.0,1,1.0,1,0.24822185446263756,53
4911,3,22027,3604,18423,0,0,0,1.0,1,1.0,1,1.0,1,0.2599510942363019,55
4912,11,22038,3606,18432,0,0,0,1.0,1,1.0,1,1.0,1,0.275210851218641,54
4913,5,22043,3606,18437,0,0,0,1.0,1,1.0,1,1.0,1,0.2356014512168727,53
4914,5,22048,3607,18441,0,0,0,1.0,1,1.0,1,1.0,1,0.2334686434939186,53
4915,8,22056,3610,18446,0,0,0,1.0,1,1.0,1,1.0,1,0.26043618791768774,54
4916,10,22066,3612,18454,0,0,0,1.0,1,1.0,1,1.0,1,0.28109910510157216,52
4917,7,22073,3613,18460,0,0,0,1.0,1,1.0,1,1.0,1,0.28762435277357246,52
4918,3,22076,3613,18463,0,0,0,1.0,1,1.0,1,1.0,1,0.28583297950911013,51
4919,6,22082,3613,18469,0,0,0,1.0,1,1.0,1,1.0,1,0.3114520871454301,50
4920,3,22085,3613,18472,0,0,0,1.0,1,1.0,1,1.0,1,0.311795788973749,51
4921,10,22095,3613,18482,0,0,0,1.0,1,1.0,1,1.0,1,0.22150929445217715,51
4922,6,22101,3614,18487,0,0,0,1.0,1,1.0,1,1.0,1,0.215080853457919,53
4923,3,22104,3614,18490,0,0,0,1.0,1,1.0,1,1.0,1,0.22351900583173662,53
4924,2,22106,3615,18491,0,0,0,1.0,1,1.0,1,1.0,1,0.1839934707082528,55
4925,2,22108,3617,18491,0,0,0,1.0,1,1.0,1,1.0,1,0.15905671024818857,56
4926,1,22109,3617,18492,0,0,0,1.0,1,1.0,1,1.0,1,0.16257095451169426,55
4927,3,22112,3619,18493,0,0,0,1.0,1,1.0,1,1.0,1,0.18049730193860325,55
4928,0,22112,3619,18493,0,0,0,1.0,1,1.0,1,1.0,1,0.18049730193860325,55
4929,1,22113,3619,18494,0,0,0,1.0,1,1.0,1,1.0,1,0.14744770415675246,56
4930,1,22114,3620,18494,0,0,0,1.0,1,1.0,1,1.0,1,0.15476947054092144,58
4931,1,22115,3620,18495,0,0,0,1.0,1,1.0,1,1.0,1,0.15140304391592313,59
4932,6,22121,3621,18500,0,0,0,1.0,1,1.0,1,1.0,1,0.1856269757904885,60
4933,9,22130,3621,18509,0,0,0,1.0,1,1.0,1,1.0,1,0.17795914764661822,60
4934,7,22137,3621,18516,0,0,0,1.0,1,1.0,1,1.0,1,0.18539383584711408,60
4935,7,22144,3621,18523,0,0,0,1.0,1,1.0,1,1.0,1,0.16257221214185003,60
4936,4,22148,3621,18527,0,0,0,1.0,1,1.0,1,1.0,1,0.1508927795494972,61
4937,8,22156,3621,18535,0,0,0,1.0,1,1.0,1,1.0,1,0.15062755039356115,62
4938,8,22164,3621,18543,0,0,0,1.0,1,1.0,1,1.0,1,0.15910267869048086,62
4939,14,22178,3623,18555,0,0,0,1.0,1,1.0,1,1.0,1,0.19229797050780775,64
4940,16,22194,3623,18571,0,0,0,1.0,1,1.0,1,1.0,1,0.18011633535118626,67
4941,13,22207,3623,18584,0,0,0,1.0,1,1.0,1,1.0,1,0.14688092530999614,66
4942,7,22214,3624,18590,0,0,0,1.0,1,1.0,1,1.0,1,0.14064961840586326,67
4943,12,22226,3624,18602,0,0,0,1.0,1,1.0,1,1.0,1,0.13409037173507304,65
4944,6,22232,3627,18605,0,0,0,1.0,1,1.0,1,1.0,1,0.16411275981979506,65
4945,3,22235,3628,18607,0,0,0,1.0,1,1.0,1,1.0,1,0.15284119682052194,62
4946,3,22238,3628,18610,0,0,0,1.0,1,1.0,1,1.0,1,0.11527409118854537,61
4947,2,22240,3628,18612,0,0,0,1.0,1,1.0,1,1.0,1,0.13708752640498278,59
4948,2,22242,3629,18613,0,0,0,1.0,1,1.0,1,1.0,1,0.16369092432685176,59
4949,1,22243,3629,18614,0,0,0,1.0,1,1.0,1,1.0,1,0.17926873716077082,57
4950,4,22247,3630,18617,0,0,0,1.0,1,1.0,1,1.0,1,0.18078262013396681,58
4951,2,22249,3631,18618,0,0,0,1.0,1,1.0,1,1.0,1,0.15929579788048037,55
4952,4,22253,3633,18620,0,0,0,1.0,1,1.0,1,1.0,1,0.1995345391326558,53
4953,8,22261,3637,18624,0,0,0,1.0,1,1.0,1,1.0,1,0.21018332364035855,54
4954,1,22262,3637,18625,0,0,0,1.0,1,1.0,1,1.0,1,0.16643663713002244,52
4955,6,22268,3640,18628,0,0,0,1.0,1,1.0,1,1.0,1,0.2191544313602971,51
4956,0,22268,3640,18628,0,0,0,1.0,1,1.0,1,1.0,1,0.23117953978616704,47
4957,2,22270,3641,18629,0,0,0,1.0,1,1.0,1,1.0,1,0.23242954143292782,48
4958,4,22274,3641,18633,0,0,0,1.0,1,1.0,1,1.0,1,0.21913255861166536,47
4959,1,22275,3641,18634,0,0,0,1.0,1,1.0,1,1.0,1,0.2214948802504093,47
4960,2,22277,3641,18636,0,0,0,1.0,1,1.0,1,1.0,1,0.2362258264799618,48
4961,13,22290,3642,18648,0,0,0,1.0,1,1.0,1,1.0,1,0.16274548024081695,49
4962,4,22294,3642,18652,0,0,0,1.0,1,1.0,1,1.0,1,0.12090317574943754,49
4963,6,22300,3643,18657,0,0,0,1.0,1,1.0,1,1.0,1,0.13312498937732115,51
4964,8,22308,3645,18663,0,0,0,1.0,1,1.0,1,1.0,1,0.16258982222250748,51
4965,5,22313,3646,18667,0,0,0,1.0,1,1.0,1,1.0,1,0.1526454327849331,51
4966,13,22326,3647,18679,0,0,0,1.0,1,1.0,1,1.0,1,0.15439174948816126,51
4967,7,22333,3648,18685,0,0,0,1.0,1,1.0,1,1.0,1,0.22585361120498273,51
4968,10,22343,3649,18694,0,0,0,1.0,1,1.0,1,1.0,1,0.22307845167687154,52
4969,10,22353,3651,18702,0,0,0,1.0,1,1.0,1,1.0,1,0.20365385298695352,53
4970,14,22367,3651,18716,0,0,0,1.0,1,1.0,1,1.0,1,0.17848490527734887,54
4971,18,22385,3651,18734,0,0,0,1.0,1,1.0,1,1.0,1,0.19030136787340854,55
4972,9,22394,3651,18743,0,0,0,1.0,1,1.0,1,1.0,1,0.21593739533796208,56
4973,17,22411,3652,18759,0,0,0,1.0,1,1.0,1,1.0,1,0.2172811363992678,57
4974,9,22420,3652,18768,0,0,0,1.0,1,1.0,1,1.0,1,0.21390729421961174,56
4975,9,22429,3653,18776,0,0,0,1.0,1,1.0,1,1.0,1,0.25232473730498123,57
4976,10,22439,3654,18785,0,0,0,1.0,1,1.0,1,1.0,1,0.21652565179169014,57
4977,11,22450,3654,18796,0,0,0,1.0,1,1.0,1,1.0,1,0.16908392008506323,57
4978,13,22463,3655,18808,0,0,0,1.0,1,1.0,1,1.0,1,0.17263130673105137,58
4979,6,22469,3656,18813,0,0,0,1.0,1,1.0,1,1.0,1,0.224578059775343,58
4980,6,22475,3657,18818,0,0,0,1.0,1,1.0,1,1.0,1,0.21757111283430616,59
4981,13,22488,3658,18830,0,0,0,1.0,1,1.0,1,1.0,1,0.16023752410875736,60
4982,7,22495,3659,18836,0,0,0,1.0,1,1.0,1,1.0,1,0.09586278032111606,61
4983,5,22500,3659,18841,0,0,0,1.0,1,1.0,1,1.0,1,0.10125280091244626,61
4984,3,22503,3660,18843,0,0,0,1.0,1,1.0,1,1.0,1,0.06617165654782037,59
4985,5,22508,3660,18848,0,0,0,1.0,1,1.0,1,1.0,1,0.08753946173197263,58
4986,5,22513,3660,18853,0,0,0,1.0,1,1.0,1,1.0,1,0.08529390105653371,59
4987,5,22518,3662,18856,0,0,0,1.0,1,1.0,1,1.0,1,0.10142216219931599,58
4988,5,22523,3664,18859,0,0,0,1.0,1,1.0,1,1.0,1,0.1368290944437217,57
4989,1,22524,3664,18860,0,0,0,1.0,1,1.0,1,1.0,1,0.1337902824366454,54
4990,6,22530,3666,18864,0,0,0,1.0,1,1.0,1,1.0,1,0.17155636445622402,53
4991,6,22536,3668,18868,0,0,0,1.0,1,1.0,1,1.0,1,0.21010176664037986,52
4992,3,22539,3669,18870,0,0,0,1.0,1,1.0,1,1.0,1,0.19080492827907325,48
4993,0,22539,3669,18870,0,0,0,1.0,1,1.0,1,1.0,1,0.19080492827907325,48
4994,4,22543,3670,18873,0,0,0,1.0,1,1.0,1,1.0,1,0.2891174677274555,45
4995,4,22547,3672,18875,0,0,0,1.0,1,1.0,1,1.0,1,0.3158584156350873,45
4996,7,22554,3674,18880,0,0,0,1.0,1,1.0,1,1.0,1,0.2674837705904065,45
4997,2,22556,3675,18881,0,0,0,1.0,1,1.0,1,1.0,1,0.29193762240608906,42
4998,5,22561,3677,18884,0,0,0,1.0,1,1.0,1,1.0,1,0.28065810767276483,44
4999,8,22569,3678,18891,0,0,0,1.0,1,1.0,1,1.0,1,0.3337674220990423,44
5000,9,22578,3679,18899,0,0,0,1.0,1,1.0,1,1.0,1,0.3532194680859023,42
5001,10,22588,3679,18909,0,0,0,1.0,1,1.0,1,1.0,1,0.16371741674658816,42
5002,1,22589,3680,18909,0,0,0,1.0,1,1.0,1,1.0,1,0.15772762026969356,41
5003,0,22589,3680,18909,0,0,0,1.0,1,1.0,1,1.0,1,0.1860946093773689,41
5004,1,22590,3680,18910,0,0,0,1.0,1,1.0,1,1.0,1,0.19406485065317652,41
5005,0,22590,3680,18910,0,0,0,1.0,1,1.0,1,1.0,1,0.19406485065317652,41
5006,0,22590,3680,18910,0,0,0,1.0,1,1.0,1,1.0,1,0.18060953439914973,42
5007,0,22590,3680,18910,0,0,0,1.0,1,1.0,1,1.0,1,0.18308559054181842,43
5008,5,22595,3680,18915,0,0,0,1.0,1,1.0,1,1.0,1,0.21297730976079368,46
5009,6,22601,3681,18920,0,0,0,1.0,1,1.0,1,1.0,1,0.24772352142857257,46
5010,5,22606,3681,18925,0,0,0,1.0,1,1.0,1,1.0,1,0.2518960561006085,46
5011,4,22610,3681,18929,0,0,0,1.0,1,1.0,1,1.0,1,0.21171444921525714,47
5012,6,22616,3681,18935,0,0,0,1.0,1,1.0,1,1.0,1,0.21146163378484134,48
5013,5,22621,3681,18940,0,0,0,1.0,1,1.0,1,1.0,1,0.2412951782725351,48
5014,9,22630,3681,18949,0,0,0,1.0,1,1.0,1,1.0,1,0.2405441956934245,49
5015,9,22639,3681,18958,0,0,0,1.0,1,1.0,1,1.0,1,0.1955966971751733,50
5016,14,22653,3681,18972,0,0,0,1.0,1,1.0,1,1.0,1,0.23724193659715442,51
5017,13,22666,3681,18985,0,0,0,1.0,1,1.0,1,1.0,1,0.18267156953059754,51
5018,10,22676,3681,18995,0,0,0,1.0,1,1.0,1,1.0,1,0.21915136759172354,51
5019,8,22684,3682,19002,0,0,0,1.0,1,1.0,1,1.0,1,0.17866360584949648,51
5020,6,22690,3682,19008,0,0,0,1.0,1,1.0,1,1.0,1,0.14809887333427135,51
5021,5,22695,3682,19013,0,0,0,1.0,1,1.0,1,1.0,1,0.12131477158804371,52
5022,2,22697,3682,19015,0,0,0,1.0,1,1.0,1,1.0,1,0.09118416922255905,52
5023,5,22702,3684,19018,0,0,0,1.0,1,1.0,1,1.0,1,0.1292744696109282,52
5024,3,22705,3685,19020,0,0,0,1.0,1,1.0,1,1.0,1,0.09930781259936738,51
5025,0,22705,3685,19020,0,0,0,1.0,1,1.0,1,1.0,1,0.09129158472131942,50
5026,5,22710,3688,19022,0,0,0,1.0,1,1.0,1,1.0,1,0.19617192870377884,49
5027,5,22715,3690,19025,0,0,0,1.0,1,1.0,1,1.0,1,0.22473065047049137,47
5028,6,22721,3691,19030,0,0,0,1.0,1,1.0,1,1.0,1,0.17342402961031458,47
5029,6,22727,3693,19034,0,0,0,1.0,1,1.0,1,1.0,1,0.16708395663388936,46
5030,5,22732,3694,19038,0,0,0,1.0,1,1.0,1,1.0,1,0.19258383113492827,48
5031,2,22734,3694,19040,0,0,0,1.0,1,1.0,1,1.0,1,0.16348183005224837,46
5032,2,22736,3694,19042,0,0,0,1.0,1,1.0,1,1.0,1,0.1836446910727665,46
5033,4,22740,3696,19044,0,0,0,1.0,1,1.0,1,1.0,1,0.17153355957482722,47
5034,4,22744,3696,19048,0,0,0,1.0,1,1.0,1,1.0,1,0.14188415135150498,48
5035,2,22746,3696,19050,0,0,0,1.0,1,1.0,1,1.0,1,0.15363309131464659,47
5036,3,22749,3697,19052,0,0,0,1.0,1,1.0,1,1.0,1,0.15377980140161665,47
5037,2,22751,3697,19054,0,0,0,1.0,1,1.0,1,1.0,1,0.1754695176649956,47
5038,2,22753,3698,19055,0,0,0,1.0,1,1.0,1,1.0,1,0.19323778244822418,48
5039,2,22755,3698,19057,0,0,0,1.0,1,1.0,1,1.0,1,0.20535959473526313,47
5040,1,22756,3698,19058,0,0,0,1.0,1,1.0,1,1.0,1,0.20212365062914425,48
5041,6,22762,3698,19064,0,0,0,1.0,1,1.0,1,1.0,1,0.1253830088331912,49
5042,2,22764,3698,19066,0,0,0,1.0,1,1.0,1,1.0,1,0.1136848709458067,50
5043,2,22766,3698,19068,0,0,0,1.0,1,1.0,1,1.0,1,0.07597184364640193,51
5044,0,22766,3698,19068,0,0,0,1.0,1,1.0,1,1.0,1,0.07597184364640193,51
5045,2,22768,3698,19070,0,0,0,1.0,1,1.0,1,1.0,1,0.056387148237276724,51
5046,3,22771,3699,19072,0,0,0,1.0,1,1.0,1,1.0,1,0.08324015717912915,52
5047,1,22772,3699,19073,0,0,0,1.0,1,1.0,1,1.0,1,0.08583315621988505,52
5048,1,22773,3699,19074,0,0,0,1.0,1,1.0,1,1.0,1,0.0821657047542192,52
5049,2,22775,3699,19076,0,0,0,1.0,1,1.0,1,1.0,1,0.1123071492894928,52
5050,2,22777,3699,19078,0,0,0,1.0,1,1.0,1,1.0,1,0.09954046132541892,55
5051,3,22780,3699,19081,0,0,0,1.0,1,1.0,1,1.0,1,0.08996930773259937,55
5052,1,22781,3699,19082,0,0,0,1.0,1,1.0,1,1.0,1,0.0923762003156244,55
5053,3,22784,3699,19085,0,0,0,1.0,1,1.0,1,1.0,1,0.09868638270677745,54
5054,2,22786,3699,19087,0,0,0,1.0,1,1.0,1,1.0,1,0.10219084807486281,54
5055,3,22789,3699,19090,0,0,0,1.0,1,1.0,1,1.0,1,0.1292313212144407,54
5056,3,22792,3699,19093,0,0,0,1.0,1,1.0,1,1.0,1,0.12577852402736944,55
5057,2,22794,3699,19095,0,0,0,1.0,1,1.0,1,1.0,1,0.13552278533839396,56
5058,2,22796,3699,19097,0,0,0,1.0,1,1.0,1,1.0,1,0.14488810042810943,58
5059,6,22802,3699,19103,0,0,0,1.0,1,1.0,1,1.0,1,0.12275936693200372,58
5060,3,22805,3700,19105,0,0,0,1.0,1,1.0,1,1.0,1,0.14833491494140427,59
5061,8,22813,3700,19113,0,0,0,1.0,1,1.0,1,1.0,1,0.1683992829043432,58
5062,8,22821,3700,19121,0,0,0,1.0,1,1.0,1,1.0,1,0.1384478306704903,58
5063,10,22831,3702,19129,0,0,0,1.0,1,1.0,1,1.0,1,0.19146946153026084,57
5064,8,22839,3704,19135,0,0,0,1.0,1,1.0,1,1.0,1,0.21445606838621417,57
5065,12,22851,3706,19145,0,0,0,1.0,1,1.0,1,1.0,1,0.25862798376046964,56
5066,10,22861,3706,19155,0,0,0,1.0,1,1.0,1,1.0,1,0.25045227373653806,55
5067,9,22870,3706,19164,0,0,0,1.0,1,1.0,1,1.0,1,0.2542933393287939,54
5068,12,22882,3706,19176,0,0,0,1.0,1,1.0,1,1.0,1,0.25867362843949887,54
5069,9,22891,3706,19185,0,0,0,1.0,1,1.0,1,1.0,1,0.2213813708271047,53
5070,6,22897,3709,19188,0,0,0,1.0,1,1.0,1,1.0,1,0.249252577710336,53
5071,6,22903,3709,19194,0,0,0,1.0,1,1.0,1,1.0,1,0.24291960212955988,53
5072,4,22907,3709,19198,0,0,0,1.0,1,1.0,1,1.0,1,0.2719718637759351,53
5073,7,22914,3710,19204,0,0,0,1.0,1,1.0,1,1.0,1,0.28872618549908785,53
5074,6,22920,3710,19210,0,0,0,1.0,1,1.0,1,1.0,1,0.2147388969337315,52
5075,4,22924,3710,19214,0,0,0,1.0,1,1.0,1,1.0,1,0.24514372514401542,52
5076,6,22930,3710,19220,0,0,0,1.0,1,1.0,1,1.0,1,0.23124343519064156,55
5077,9,22939,3711,19228,0,0,0,1.0,1,1.0,1,1.0,1,0.23776394306143223,55
5078,12,22951,3711,19240,0,0,0,1.0,1,1.0,1,1.0,1,0.23259662726015878,55
5079,9,22960,3711,19249,0,0,0,1.0,1,1.0,1,1.0,1,0.20881744513664907,54
5080,12,22972,3711,19261,0,0,0,1.0,1,1.0,1,1.0,1,0.206058474332153,55
5081,8,22980,3711,19269,0,0,0,1.0,1,1.0,1,1.0,1,0.11854120191156572,57
5082,2,22982,3711,19271,0,0,0,1.0,1,1.0,1,1.0,1,0.11268822426784363,57
5083,4,22986,3711,19275,0,0,0,1.0,1,1.0,1,1.0,1,0.13713959054458172,58
5084,6,22992,3711,19281,0,0,0,1.0,1,1.0,1,1.0,1,0.12250036643356463,58
5085,4,22996,3712,19284,0,0,0,1.0,1,1.0,1,1.0,1,0.1279822743917523,59
5086,5,23001,3712,19289,0,0,0,1.0,1,1.0,1,1.0,1,0.13227069773785644,60
5087,4,23005,3713,19292,0,0,0,1.0,1,1.0,1,1.0,1,0.1493965907872,61
5088,5,23010,3713,19297,0,0,0,1.0,1,1.0,1,1.0,1,0.17342767490587052,62
5089,10,23020,3715,19305,0,0,0,1.0,1,1.0,1,1.0,1,0.21406927430444636,63
5090,9,23029,3715,19314,0,0,0,1.0,1,1.0,1,1.0,1,0.20760613251665372,63
5091,11,23040,3717,19323,0,0,0,1.0,1,1.0,1,1.0,1,0.248466736665357,63
5092,10,23050,3717,19333,0,0,0,1.0,1,1.0,1,1.0,1,0.21992723049724835,63
5093,9,23059,3717,19342,0,0,0,1.0,1,1.0,1,1.0,1,0.23409282741794807,63
5094,8,23067,3718,19349,0,0,0,1.0,1,1.0,1,1.0,1,0.22196402160801482,64
5095,7,23074,3718,19356,0,0,0,1.0,1,1.0,1,1.0,1,0.2089414568783126,64
5096,10,23084,3719,19365,0,0,0,1.0,1,1.0,1,1.0,1,0.1913006427566002,67
5097,8,23092,3719,19373,0,0,0,1.0,1,1.0,1,1.0,1,0.18788633538499905,67
5098,12,23104,3719,19385,0,0,0,1.0,1,1.0,1,1.0,1,0.20533872037645673,68
5099,11,23115,3719,19396,0,0,0,1.0,1,1.0,1,1.0,1,0.20026676218482434,70
5100,9,23124,3719,19405,0,0,0,1.0,1,1.0,1,1.0,1,0.1736809441587349,71
5101,10,23134,3719,19415,0,0,0,1.0,1,1.0,1,1.0,1,0.08777420458236938,71
5102,7,23141,3723,19418,0,0,0,1.0,1,1.0,1,1.0,1,0.09471333091070996,70
5103,2,23143,3724,19419,0,0,0,1.0,1,1.0,1,1.0,1,0.07085281161840996,67
5104,4,23147,3727,19420,0,0,0,1.0,1,1.0,1,1.0,1,0.12262949582094274,67
5105,5,23152,3730,19422,0,0,0,1.0,1,1.0,1,1.0,1,0.12460337755441304,63
5106,9,23161,3735,19426,0,0,0,1.0,1,1.0,1,1.0,1,0.18458649334509522,63
5107,6,23167,3738,19429,0,0,0,1.0,1,1.0,1,1.0,1,0.22901652708775344,60
5108,2,23169,3739,19430,0,0,0,1.0,1,1.0,1,1.0,1,0.21318903600544806,56
5109,3,23172,3740,19432,0,0,0,1.0,1,1.0,1,1.0,1,0.23172609420209112,56
5110,3,23175,3742,19433,0,0,0,1.0,1,1.0,1,1.0,1,0.2603724177181294,52
5111,2,23177,3744,19433,0,0,0,1.0,1,1.0,1,1.0,1,0.25759605356447113,51
5112,2,23179,3746,19433,0,0,0,1.0,1,1.0,1,1.0,1,0.304346045147102,50
5113,5,23184,3751,19433,0,0,0,1.0,1,1.0,1,1.0,1,0.3412711734623079,48
5114,4,23188,3752,19436,0,0,0,1.0,1,1.0,1,1.0,1,0.30748522920286925,46
5115,2,23190,3753,19437,0,0,0,1.0,1,1.0,1,1.0,1,0.2932525845791878,44
5116,1,23191,3754,19437,0,0,0,1.0,1,1.0,1,1.0,1,0.3000544977778269,44
5117,1,23192,3754,19438,0,0,0,1.0,1,1.0,1,1.0,1,0.281350255254764,46
5118,3,23195,3756,19439,0,0,0,1.0,1,1.0,1,1.0,1,0.2722710224397989,46
5119,4,23199,3759,19440,0,0,0,1.0,1,1.0,1,1.0,1,0.2509505528788145,46
5120,2,23201,3761,19440,0,0,0,1.0,1,1.0,1,1.0,1,0.2771424076105986,46
5121,8,23209,3762,19447,0,0,0,1.0,1,1.0,1,1.0,1,0.19831229605138317,46
5122,8,23217,3765,19452,0,0,0,1.0,1,1.0,1,1.0,1,0.20172085264507816,46
5123,3,23220,3765,19455,0,0,0,1.0,1,1.0,1,1.0,1,0.2350838113034419,45
5124,5,23225,3765,19460,0,0,0,1.0,1,1.0,1,1.0,1,0.20675506653446032,47
5125,6,23231,3765,19466,0,0,0,1.0,1,1.0,1,1.0,1,0.18352019647351134,50
5126,7,23238,3765,19473,0,0,0,1.0,1,1.0,1,1.0,1,0.14694392685307187,50
5127,5,23243,3765,19478,0,0,0,1.0,1,1.0,1,1.0,1,0.167680216832502,52
5128,9,23252,3766,19486,0,0,0,1.0,1,1.0,1,1.0,1,0.18268366589764476,53
5129,8,23260,3766,19494,0,0,0,1.0,1,1.0,1,1.0,1,0.17537421706892398,55
5130,11,23271,3767,19504,0,0,0,1.0,1,1.0,1,1.0,1,0.15669624753552983,55
5131,5,23276,3767,19509,0,0,0,1.0,1,1.0,1,1.0,1,0.19046341298855418,54
5132,4,23280,3767,19513,0,0,0,1.0,1,1.0,1,1.0,1,0.18596000201731175,54
5133,5,23285,3767,19518,0,0,0,1.0,1,1.0,1,1.0,1,0.20807793584210063,54
5134,4,23289,3767,19522,0,0,0,1.0,1,1.0,1,1.0,1,0.17351742474323723,53
5135,5,23294,3767,19527,0,0,0,1.0,1,1.0,1,1.0,1,0.1803006066716034,54
5136,6,23300,3767,19533,0,0,0,1.0,1,1.0,1,1.0,1,0.20553704971143846,54
5137,5,23305,3767,19538,0,0,0,1.0,1,1.0,1,1.0,1,0.1848681664162791,54
5138,3,23308,3767,19541,0,0,0,1.0,1,1.0,1,1.0,1,0.18706843229465733,54
5139,8,23316,3769,19547,0,0,0,1.0,1,1.0,1,1.0,1,0.2129886970915141,55
5140,8,23324,3772,19552,0,0,0,1.0,1,1.0,1,1.0,1,0.2537205733782221,55
5141,13,23337,3772,19565,0,0,0,1.0,1,1.0,1,1.0,1,0.1813460083794153,53
5142,10,23347,3774,19573,0,0,0,1.0,1,1.0,1,1.0,1,0.207865622251414,54
5143,7,23354,3775,19579,0,0,0,1.0,1,1.0,1,1.0,1,0.16338920976631854,52
5144,4,23358,3777,19581,0,0,0,1.0,1,1.0,1,1.0,1,0.17716087977447606,50
5145,6,23364,3778,19586,0,0,0,1.0,1,1.0,1,1.0,1,0.18713306734957097,49
5146,14,23378,3779,19599,0,0,0,1.0,1,1.0,1,1.0,1,0.2294524387050927,49
5147,8,23386,3780,19606,0,0,0,1.0,1,1.0,1,1.0,1,0.26263138216424947,46
5148,12,23398,3782,19616,0,0,0,1.0,1,1.0,1,1.0,1,0.24608280000383667,46
5149,5,23403,3782,19621,0,0,0,1.0,1,1.0,1,1.0,1,0.22323583308572786,45
5150,6,23409,3782,19627,0,0,0,1.0,1,1.0,1,1.0,1,0.22620727429665705,47
5151,4,23413,3782,19631,0,0,0,1.0,1,1.0,1,1.0,1,0.2277824783275072,46
5152,8,23421,3783,19638,0,0,0,1.0,1,1.0,1,1.0,1,0.21836958343455332,46
5153,5,23426,3784,19642,0,0,0,1.0,1,1.0,1,1.0,1,0.2741556336872384,45
5154,11,23437,3787,19650,0,0,0,1.0,1,1.0,1,1.0,1,0.25468522729699183,47
5155,13,23450,3789,19661,0,0,0,1.0,1,1.0,1,1.0,1,0.27841101402283763,47
5156,10,23460,3791,19669,0,0,0,1.0,1,1.0,1,1.0,1,0.309702404439894,47
5157,11,23471,3791,19680,0,0,0,1.0,1,1.0,1,1.0,1,0.27025646411392107,46
5158,11,23482,3791,19691,0,0,0,1.0,1,1.0,1,1.0,1,0.28049038599169523,47
5159,11,23493,3791,19702,0,0,0,1.0,1,1.0,1,1.0,1,0.2799477007860768,49
5160,7,23500,3791,19709,0,0,0,1.0,1,1.0,1,1.0,1,0.3083047364979313,48
5161,10,23510,3791,19719,0,0,0,1.0,1,1.0,1,1.0,1,0.1483675585602083,48
5162,3,23513,3791,19722,0,0,0,1.0,1,1.0,1,1.0,1,0.10048441099698664,49
5163,1,23514,3791,19723,0,0,0,1.0,1,1.0,1,1.0,1,0.08019329646125532,51
5164,3,23517,3791,19726,0,0,0,1.0,1,1.0,1,1.0,1,0.08478232853209937,51
5165,5,23522,3791,19731,0,0,0,1.0,1,1.0,1,1.0,1,0.07554758518235037,52
5166,6,23528,3791,19737,0,0,0,1.0,1,1.0,1,1.0,1,0.13392803257136981,52
5167,6,23534,3791,19743,0,0,0,1.0,1,1.0,1,1.0,1,0.1347698794429131,52
5168,10,23544,3791,19753,0,0,0,1.0,1,1.0,1,1.0,1,0.14867383951704247,52
5169,9,23553,3792,19761,0,0,0,1.0,1,1.0,1,1.0,1,0.17257261216825376,53
5170,6,23559,3792,19767,0,0,0,1.0,1,1.0,1,1.0,1,0.1387723397800432,53
5171,5,23564,3792,19772,0,0,0,1.0,1,1.0,1,1.0,1,0.1427289308658799,52
5172,8,23572,3792,19780,0,0,0,1.0,1,1.0,1,1.0,1,0.1457737906781351,53
5173,9,23581,3792,19789,0,0,0,1.0,1,1.0,1,1.0,1,0.13482577071186885,54
5174,12,23593,3792,19801,0,0,0,1.0,1,1.0,1,1.0,1,0.13434083448095774,56
5175,17,23610,3793,19817,0,0,0,1.0,1,1.0,1,1.0,1,0.12856540704208005,58
5176,13,23623,3794,19829,0,0,0,1.0,1,1.0,1,1.0,1,0.15766378979594123,58
5177,10,23633,3794,19839,0,0,0,1.0,1,1.0,1,1.0,1,0.17018054860436047,59
5178,13,23646,3795,19851,0,0,0,1.0,1,1.0,1,1.0,1,0.17305926924292395,57
5179,9,23655,3795,19860,0,0,0,1.0,1,1.0,1,1.0,1,0.15165311735532272,58
5180,11,23666,3795,19871,0,0,0,1.0,1,1.0,1,1.0,1,0.15214933451421367,56
5181,9,23675,3796,19879,0,0,0,1.0,1,1.0,1,1.0,1,0.08969568744393322,57
5182,1,23676,3797,19879,0,0,0,1.0,1,1.0,1,1.0,1,0.07757992705605447,56
5183,2,23678,3798,19880,0,0,0,1.0,1,1.0,1,1.0,1,0.08033579890071002,57
5184,5,23683,3800,19883,0,0,0,1.0,1,1.0,1,1.0,1,0.11278579788564527,56
5185,2,23685,3800,19885,0,0,0,1.0,1,1.0,1,1.0,1,0.10825287854436798,56
5186,2,23687,3801,19886,0,0,0,1.0,1,1.0,1,1.0,1,0.12726953083278936,54
5187,4,23691,3801,19890,0,0,0,1.0,1,1.0,1,1.0,1,0.12507246427272964,51
5188,3,23694,3803,19891,0,0,0,1.0,1,1.0,1,1.0,1,0.15994806047195942,50
5189,2,23696,3803,19893,0,0,0,1.0,1,1.0,1,1.0,1,0.0991105926656142,49
5190,2,23698,3804,19894,0,0,0,1.0,1,1.0,1,1.0,1,0.13366251916921187,50
5191,2,23700,3804,19896,0,0,0,1.0,1,1.0,1,1.0,1,0.13366251916921187,50
5192,3,23703,3805,19898,0,0,0,1.0,1,1.0,1,1.0,1,0.16535645539166338,49
5193,3,23706,3805,19901,0,0,0,1.0,1,1.0,1,1.0,1,0.15455319474859663,50
5194,6,23712,3806,19906,0,0,0,1.0,1,1.0,1,1.0,1,0.19986089073410046,51
5195,3,23715,3807,19908,0,0,0,1.0,1,1.0,1,1.0,1,0.22849730264041243,51
5196,3,23718,3807,19911,0,0,0,1.0,1,1.0,1,1.0,1,0.21030747387440804,51
5197,3,23721,3807,19914,0,0,0,1.0,1,1.0,1,1.0,1,0.2286479263976767,51
5198,4,23725,3807,19918,0,0,0,1.0,1,1.0,1,1.0,1,0.20973452232187006,51
5199,10,23735,3807,19928,0,0,0,1.0,1,1.0,1,1.0,1,0.21783303394157186,54
5200,9,23744,3807,19937,0,0,0,1.0,1,1.0,1,1.0,1,0.20617611008553718,54
5201,10,23754,3807,19947,0,0,0,1.0,1,1.0,1,1.0,1,0.10102428895517818,55
5202,3,23757,3807,19950,0,0,0,1.0,1,1.0,1,1.0,1,0.12070279449677933,56
5203,2,23759,3807,19952,0,0,0,1.0,1,1.0,1,1.0,1,0.10545382298737338,56
5204,6,23765,3807,19958,0,0,0,1.0,1,1.0,1,1.0,1,0.10675148934485372,58
5205,2,23767,3807,19960,0,0,0,1.0,1,1.0,1,1.0,1,0.10543838870383344,58
5206,2,23769,3807,19962,0,0,0,1.0,1,1.0,1,1.0,1,0.10536372266794763,58
5207,4,23773,3807,19966,0,0,0,1.0,1,1.0,1,1.0,1,0.11470006448375622,59
5208,5,23778,3808,19970,0,0,0,1.0,1,1.0,1,1.0,1,0.1171901643559055,58
5209,3,23781,3808,19973,0,0,0,1.0,1,1.0,1,1.0,1,0.11867838794648385,58
5210,5,23786,3808,19978,0,0,0,1.0,1,1.0,1,1.0,1,0.15505904068185433,57
5211,5,23791,3809,19982,0,0,0,1.0,1,1.0,1,1.0,1,0.15764189976560813,57
5212,6,23797,3809,19988,0,0,0,1.0,1,1.0,1,1.0,1,0.1632850122658666,59
5213,12,23809,3812,19997,0,0,0,1.0,1,1.0,1,1.0,1,0.2169459310676539,59
5214,8,23817,3812,20005,0,0,0,1.0,1,1.0,1,1.0,1,0.23189320867614535,59
5215,11,23828,3813,20015,0,0,0,1.0,1,1.0,1,1.0,1,0.27251202785210643,58
5216,16,23844,3814,20030,0,0,0,1.0,1,1.0,1,1.0,1,0.26344155257181445,59
5217,17,23861,3816,20045,0,0,0,1.0,1,1.0,1,1.0,1,0.23700613815295704,58
5218,12,23873,3820,20053,0,0,0,1.0,1,1.0,1,1.0,1,0.2903276596681618,58
5219,14,23887,3820,20067,0,0,0,1.0,1,1.0,1,1.0,1,0.260027575809331,57
5220,12,23899,3820,20079,0,0,0,1.0,1,1.0,1,1.0,1,0.23720588517224517,56
5221,13,23912,3821,20091,0,0,0,1.0,1,1.0,1,1.0,1,0.14732177870398086,58
5222,1,23913,3822,20091,0,0,0,1.0,1,1.0,1,1.0,1,0.15084863267088985,56
5223,2,23915,3823,20092,0,0,0,1.0,1,1.0,1,1.0,1,0.1910112664100975,55
5224,3,23918,3823,20095,0,0,0,1.0,1,1.0,1,1.0,1,0.20513386227792021,56
5225,8,23926,3824,20102,0,0,0,1.0,1,1.0,1,1.0,1,0.23479182574026886,55
5226,3,23929,3824,20105,0,0,0,1.0,1,1.0,1,1.0,1,0.23274504632563495,55
5227,4,23933,3824,20109,0,0,0,1.0,1,1.0,1,1.0,1,0.2379885780266418,53
5228,3,23936,3825,20111,0,0,0,1.0,1,1.0,1,1.0,1,0.20754391907874842,51
5229,2,23938,3826,20112,0,0,0,1.0,1,1.0,1,1.0,1,0.15753944266672104,51
5230,0,23938,3826,20112,0,0,0,1.0,1,1.0,1,1.0,1,0.1599462682633313,51
5231,3,23941,3828,20113,0,0,0,1.0,1,1.0,1,1.0,1,0.16036788789242454,52
5232,5,23946,3830,20116,0,0,0,1.0,1,1.0,1,1.0,1,0.1708450926288872,52
5233,4,23950,3830,20120,0,0,0,1.0,1,1.0,1,1.0,1,0.18783199683015814,53
5234,5,23955,3831,20124,0,0,0,1.0,1,1.0,1,1.0,1,0.23826135795201536,53
5235,9,23964,3832,20132,0,0,0,1.0,1,1.0,1,1.0,1,0.24946359569213944,53
5236,7,23971,3834,20137,0,0,0,1.0,1,1.0,1,1.0,1,0.24822564541963094,52
5237,6,23977,3834,20143,0,0,0,1.0,1,1.0,1,1.0,1,0.26484614128735484,52
5238,13,23990,3836,20154,0,0,0,1.0,1,1.0,1,1.0,1,0.243358602797997,52
5239,8,23998,3836,20162,0,0,0,1.0,1,1.0,1,1.0,1,0.2283937925231063,51
5240,4,24002,3837,20165,0,0,0,1.0,1,1.0,1,1.0,1,0.24974081864422354,53
5241,11,24013,3837,20176,0,0,0,1.0,1,1.0,1,1.0,1,0.20326264599274899,53
5242,5,24018,3838,20180,0,0,0,1.0,1,1.0,1,1.0,1,0.20528584725091917,51
5243,6,24024,3839,20185,0,0,0,1.0,1,1.0,1,1.0,1,0.18030586329171663,51
5244,10,24034,3840,20194,0,0,0,1.0,1,1.0,1,1.0,1,0.1929766759647212,52
5245,11,24045,3842,20203,0,0,0,1.0,1,1.0,1,1.0,1,0.2859358241760672,53
5246,11,24056,3844,20212,0,0,0,1.0,1,1.0,1,1.0,1,0.20175639779215576,53
5247,11,24067,3845,20222,0,0,0,1.0,1,1.0,1,1.0,1,0.2367511911836403,54
5248,11,24078,3846,20232,0,0,0,1.0,1,1.0,1,1.0,1,0.19259885480019387,54
5249,8,24086,3847,20239,0,0,0,1.0,1,1.0,1,1.0,1,0.2948577444271299,55
5250,12,24098,3847,20251,0,0,0,1.0,1,1.0,1,1.0,1,0.2308044548134111,57
5251,13,24111,3848,20263,0,0,0,1.0,1,1.0,1,1.0,1,0.23585421169347506,58
5252,17,24128,3849,20279,0,0,0,1.0,1,1.0,1,1.0,1,0.24292196941969155,58
5253,11,24139,3850,20289,0,0,0,1.0,1,1.0,1,1.0,1,0.20943029141108502,58
5254,14,24153,3850,20303,0,0,0,1.0,1,1.0,1,1.0,1,0.2141800347544691,59
5255,15,24168,3853,20315,0,0,0,1.0,1,1.0,1,1.0,1,0.22299051296474448,58
5256,15,24183,3853,20330,0,0,0,1.0,1,1.0,1,1.0,1,0.23231509398332675,58
5257,13,24196,3853,20343,0,0,0,1.0,1,1.0,1,1.0,1,0.17277745177290105,57
5258,16,24212,3853,20359,0,0,0,1.0,1,1.0,1,1.0,1,0.18498313329108515,55
5259,11,24223,3853,20370,0,0,0,1.0,1,1.0,1,1.0,1,0.2316073398116055,56
5260,11,24234,3853,20381,0,0,0,1.0,1,1.0,1,1.0,1,0.20648080206056618,55
5261,4,24238,3853,20385,0,0,0,1.0,1,1.0,1,1.0,1,0.16550934950261123,54
5262,1,24239,3854,20385,0,0,0,1.0,1,1.0,1,1.0,1,0.1754320667438887,54
5263,3,24242,3856,20386,0,0,0,1.0,1,1.0,1,1.0,1,0.14649723923386423,55
5264,2,24244,3856,20388,0,0,0,1.0,1,1.0,1,1.0,1,0.1293660320649749,53
5265,2,24246,3858,20388,0,0,0,1.0,1,1.0,1,1.0,1,0.12659416078797467,52
5266,0,24246,3858,20388,0,0,0,1.0,1,1.0,1,1.0,1,0.12907724717244592,49
5267,2,24248,3860,20388,0,0,0,1.0,1,1.0,1,1.0,1,0.16465272977863607,49
5268,3,24251,3862,20389,0,0,0,1.0,1,1.0,1,1.0,1,0.1674702950896485,46
5269,0,24251,3862,20389,0,0,0,1.0,1,1.0,1,1.0,1,0.16116067329057934,45
5270,1,24252,3863,20389,0,0,0,1.0,1,1.0,1,1.0,1,0.16263647667118933,46
5271,6,24258,3869,20389,0,0,0,1.0,1,1.0,1,1.0,1,0.20732526719385275,46
5272,3,24261,3871,20390,0,0,0,1.0,1,1.0,1,1.0,1,0.23857066164402696,45
5273,6,24267,3876,20391,0,0,0,1.0,1,1.0,1,1.0,1,0.2756584137677308,45
5274,2,24269,3877,20392,0,0,0,1.0,1,1.0,1,1.0,1,0.2965522857870983,45
5275,1,24270,3878,20392,0,0,0,1.0,1,1.0,1,1.0,1,0.30478527498462493,46
5276,5,24275,3882,20393,0,0,0,1.0,1,1.0,1,1.0,1,0.31663483108915896,45
5277,3,24278,3882,20396,0,0,0,1.0,1,1.0,1,1.0,1,0.3082112766572121,45
5278,4,24282,3883,20399,0,0,0,1.0,1,1.0,1,1.0,1,0.3148816152400798,44
5279,1,24283,3883,20400,0,0,0,1.0,1,1.0,1,1.0,1,0.2951154165983486,45
5280,2,24285,3883,20402,0,0,0,1.0,1,1.0,1,1.0,1,0.3122497386245475,46
5281,11,24296,3883,20413,0,0,0,1.0,1,1.0,1,1.0,1,0.1619647490265054,46
5282,3,24299,3883,20416,0,0,0,1.0,1,1.0,1,1.0,1,0.18103011871410796,47
5283,5,24304,3883,20421,0,0,0,1.0,1,1.0,1,1.0,1,0.17866615406841216,48
5284,4,24308,3883,20425,0,0,0,1.0,1,1.0,1,1.0,1,0.17866615406841216,48
5285,2,24310,3883,20427,0,0,0,1.0,1,1.0,1,1.0,1,0.15139210018696608,48
5286,6,24316,3883,20433,0,0,0,1.0,1,1.0,1,1.0,1,0.11509069803373867,50
5287,5,24321,3883,20438,0,0,0,1.0,1,1.0,1,1.0,1,0.11559462355383994,50
5288,3,24324,3883,20441,0,0,0,1.0,1,1.0,1,1.0,1,0.13195101203327292,51
5289,3,24327,3883,20444,0,0,0,1.0,1,1.0,1,1.0,1,0.12540844353816988,51
5290,2,24329,3883,20446,0,0,0,1.0,1,1.0,1,1.0,1,0.13856387000626216,52
5291,7,24336,3885,20451,0,0,0,1.0,1,1.0,1,1.0,1,0.18838356051954303,52
5292,7,24343,3885,20458,0,0,0,1.0,1,1.0,1,1.0,1,0.1765747192792006,53
5293,7,24350,3886,20464,0,0,0,1.0,1,1.0,1,1.0,1,0.20410202482354176,51
5294,5,24355,3887,20468,0,0,0,1.0,1,1.0,1,1.0,1,0.1940638591873932,50
5295,3,24358,3887,20471,0,0,0,1.0,1,1.0,1,1.0,1,0.23314010471104502,49
5296,4,24362,3888,20474,0,0,0,1.0,1,1.0,1,1.0,1,0.239914679533222,48
5297,3,24365,3888,20477,0,0,0,1.0,1,1.0,1,1.0,1,0.2740856109552798,46
5298,3,24368,3888,20480,0,0,0,1.0,1,1.0,1,1.0,1,0.2737780710702659,46
5299,3,24371,3888,20483,0,0,0,1.0,1,1.0,1,1.0,1,0.27488821008459224,47
5300,4,24375,3889,20486,0,0,0,1.0,1,1.0,1,1.0,1,0.2900600809476467,48
5301,12,24387,3889,20498,0,0,0,1.0,1,1.0,1,1.0,1,0.15136487995321293,48
5302,7,24394,3891,20503,0,0,0,1.0,1,1.0,1,1.0,1,0.2342382648696407,49
5303,8,24402,3891,20511,0,0,0,1.0,1,1.0,1,1.0,1,0.21980622007718426,48
5304,8,24410,3892,20518,0,0,0,1.0,1,1.0,1,1.0,1,0.1669677592001296,48
5305,5,24415,3892,20523,0,0,0,1.0,1,1.0,1,1.0,1,0.2266505939639788,47
5306,9,24424,3894,20530,0,0,0,1.0,1,1.0,1,1.0,1,0.1535845283175386,48
5307,7,24431,3895,20536,0,0,0,1.0,1,1.0,1,1.0,1,0.19996689090194886,48
5308,4,24435,3896,20539,0,0,0,1.0,1,1.0,1,1.0,1,0.18939172204004684,47
5309,3,24438,3897,20541,0,0,0,1.0,1,1.0,1,1.0,1,0.20579818539922484,46
5310,5,24443,3897,20546,0,0,0,1.0,1,1.0,1,1.0,1,0.17165591908296493,46
5311,7,24450,3898,20552,0,0,0,1.0,1,1.0,1,1.0,1,0.17961759491978424,46
5312,7,24457,3899,20558,0,0,0,1.0,1,1.0,1,1.0,1,0.1774716442254862,46
5313,7,24464,3899,20565,0,0,0,1.0,1,1.0,1,1.0,1,0.21352969108663006,46
5314,5,24469,3899,20570,0,0,0,1.0,1,1.0,1,1.0,1,0.22066997503365565,46
5315,10,24479,3901,20578,0,0,0,1.0,1,1.0,1,1.0,1,0.22187931070293015,47
5316,10,24489,3901,20588,0,0,0,1.0,1,1.0,1,1.0,1,0.2519217715622803,48
5317,13,24502,3904,20598,0,0,0,1.0,1,1.0,1,1.0,1,0.33365408633786936,49
5318,11,24513,3904,20609,0,0,0,1.0,1,1.0,1,1.0,1,0.297793173461949,49
5319,8,24521,3905,20616,0,0,0,1.0,1,1.0,1,1.0,1,0.26406347161418603,50
5320,11,24532,3906,20626,0,0,0,1.0,1,1.0,1,1.0,1,0.24022910377429105,51
5321,9,24541,3906,20635,0,0,0,1.0,1,1.0,1,1.0,1,0.1007872457804499,52
5322,2,24543,3906,20637,0,0,0,1.0,1,1.0,1,1.0,1,0.11616540198215286,53
5323,2,24545,3906,20639,0,0,0,1.0,1,1.0,1,1.0,1,0.11053922042324667,53
5324,5,24550,3908,20642,0,0,0,1.0,1,1.0,1,1.0,1,0.17790858237043497,55
5325,5,24555,3908,20647,0,0,0,1.0,1,1.0,1,1.0,1,0.1735436337787353,55
5326,10,24565,3908,20657,0,0,0,1.0,1,1.0,1,1.0,1,0.18129523671082567,55
5327,6,24571,3908,20663,0,0,0,1.0,1,1.0,1,1.0,1,0.20424229423626808,56
5328,6,24577,3908,20669,0,0,0,1.0,1,1.0,1,1.0,1,0.1878505114385178,57
5329,12,24589,3908,20681,0,0,0,1.0,1,1.0,1,1.0,1,0.1878505114385178,57
5330,14,24603,3910,20693,0,0,0,1.0,1,1.0,1,1.0,1,0.23759952710880552,56
5331,15,24618,3910,20708,0,0,0,1.0,1,1.0,1,1.0,1,0.19633635801781624,57
5332,11,24629,3910,20719,0,0,0,1.0,1,1.0,1,1.0,1,0.19953081353111615,58
5333,15,24644,3910,20734,0,0,0,1.0,1,1.0,1,1.0,1,0.2017815436592708,59
5334,8,24652,3910,20742,0,0,0,1.0,1,1.0,1,1.0,1,0.1840807931453498,59
5335,14,24666,3911,20755,0,0,0,1.0,1,1.0,1,1.0,1,0.22454345763896316,58
5336,12,24678,3911,20767,0,0,0,1.0,1,1.0,1,1.0,1,0.2341165170780587,59
5337,7,24685,3911,20774,0,0,0,1.0,1,1.0,1,1.0,1,0.24038888679555964,60
5338,8,24693,3911,20782,0,0,0,1.0,1,1.0,1,1.0,1,0.24095235370961995,60
5339,9,24702,3911,20791,0,0,0,1.0,1,1.0,1,1.0,1,0.2678270778927579,60
5340,7,24709,3913,20796,0,0,0,1.0,1,1.0,1,1.0,1,0.25406442612902835,60
5341,13,24722,3913,20809,0,0,0,1.0,1,1.0,1,1.0,1,0.14877078883970254,61
5342,5,24727,3914,20813,0,0,0,1.0,1,1.0,1,1.0,1,0.16128781179632531,59
5343,5,24732,3915,20817,0,0,0,1.0,1,1.0,1,1.0,1,0.1265351053436921,58
5344,4,24736,3916,20820,0,0,0,1.0,1,1.0,1,1.0,1,0.1254470399309362,58
5345,3,24739,3917,20822,0,0,0,1.0,1,1.0,1,1.0,1,0.09010423309969098,54
5346,1,24740,3918,20822,0,0,0,1.0,1,1.0,1,1.0,1,0.08785756661825513,54
5347,5,24745,3921,20824,0,0,0,1.0,1,1.0,1,1.0,1,0.0896319066634403,54
5348,2,24747,3922,20825,0,0,0,1.0,1,1.0,1,1.0,1,0.09885930618055676,55
5349,7,24754,3924,20830,0,0,0,1.0,1,1.0,1,1.0,1,0.12415722760381168,56
5350,7,24761,3925,20836,0,0,0,1.0,1,1.0,1,1.0,1,0.1522612741351532,56
5351,5,24766,3926,20840,0,0,0,1.0,1,1.0,1,1.0,1,0.12504315417928927,57
5352,9,24775,3927,20848,0,0,0,1.0,1,1.0,1,1.0,1,0.13503094725173984,57
5353,6,24781,3927,20854,0,0,0,1.0,1,1.0,1,1.0,1,0.16214078860809997,57
5354,7,24788,3928,20860,0,0,0,1.0,1,1.0,1,1.0,1,0.1487403929277538,56
5355,7,24795,3928,20867,0,0,0,1.0,1,1.0,1,1.0,1,0.13783021189907999,57
5356,5,24800,3928,20872,0,0,0,1.0,1,1.0,1,1.0,1,0.13400785084859462,56
5357,6,24806,3928,20878,0,0,0,1.0,1,1.0,1,1.0,1,0.16860476203394378,56
5358,5,24811,3928,20883,0,0,0,1.0,1,1.0,1,1.0,1,0.15596160172239648,57
5359,5,24816,3928,20888,0,0,0,1.0,1,1.0,1,1.0,1,0.14202240250430367,57
5360,4,24820,3928,20892,0,0,0,1.0,1,1.0,1,1.0,1,0.15326740014266027,55
5361,6,24826,3930,20896,0,0,0,1.0,1,1.0,1,1.0,1,0.15348970304132822,56
5362,2,24828,3931,20897,0,0,0,1.0,1,1.0,1,1.0,1,0.1487732870864452,57
5363,0,24828,3931,20897,0,0,0,1.0,1,1.0,1,1.0,1,0.1487732870864452,57
5364,2,24830,3931,20899,0,0,0,1.0,1,1.0,1,1.0,1,0.16001655085257452,58
5365,4,24834,3931,20903,0,0,0,1.0,1,1.0,1,1.0,1,0.12050802971108406,59
5366,5,24839,3933,20906,0,0,0,1.0,1,1.0,1,1.0,1,0.13124947082714974,60
5367,1,24840,3933,20907,0,0,0,1.0,1,1.0,1,1.0,1,0.12770488860477755,60
5368,3,24843,3934,20909,0,0,0,1.0,1,1.0,1,1.0,1,0.15532699517409226,58
5369,3,24846,3934,20912,0,0,0,1.0,1,1.0,1,1.0,1,0.12124582785589834,58
5370,5,24851,3935,20916,0,0,0,1.0,1,1.0,1,1.0,1,0.18150751411647847,57
5371,11,24862,3938,20924,0,0,0,1.0,1,1.0,1,1.0,1,0.25556419070475206,56
5372,14,24876,3941,20935,0,0,0,1.0,1,1.0,1,1.0,1,0.27994791231434984,55
5373,12,24888,3944,20944,0,0,0,1.0,1,1.0,1,1.0,1,0.2816158536102919,54
5374,7,24895,3945,20950,0,0,0,1.0,1,1.0,1,1.0,1,0.28876281220541516,53
5375,10,24905,3946,20959,0,0,0,1.0,1,1.0,1,1.0,1,0.2757486711684218,52
5376,3,24908,3946,20962,0,0,0,1.0,1,1.0,1,1.0,1,0.21714185043461742,52
5377,7,24915,3947,20968,0,0,0,1.0,1,1.0,1,1.0,1,0.23858328262963138,51
5378,10,24925,3948,20977,0,0,0,1.0,1,1.0,1,1.0,1,0.26101048065525984,52
5379,9,24934,3949,20985,0,0,0,1.0,1,1.0,1,1.0,1,0.2664524631039375,50
5380,9,24943,3950,20993,0,0,0,1.0,1,1.0,1,1.0,1,0.26554770280537937,51
5381,8,24951,3950,21001,0,0,0,1.0,1,1.0,1,1.0,1,0.11942882727255284,50
5382,2,24953,3951,21002,0,0,0,1.0,1,1.0,1,1.0,1,0.16591762627291207,48
5383,6,24959,3951,21008,0,0,0,1.0,1,1.0,1,1.0,1,0.09442425781171594,48
5384,4,24963,3951,21012,0,0,0,1.0,1,1.0,1,1.0,1,0.09442425781171594,48
5385,0,24963,3951,21012,0,0,0,1.0,1,1.0,1,1.0,1,0.105480525499604,47
5386,2,24965,3952,21013,0,0,0,1.0,1,1.0,1,1.0,1,0.12446497171347672,48
5387,2,24967,3953,21014,0,0,0,1.0,1,1.0,1,1.0,1,0.13798700568218839,48
5388,2,24969,3954,21015,0,0,0,1.0,1,1.0,1,1.0,1,0.14188685920485822,48
5389,2,24971,3955,21016,0,0,0,1.0,1,1.0,1,1.0,1,0.10425776061237552,50
5390,2,24973,3956,21017,0,0,0,1.0,1,1.0,1,1.0,1,0.1250810799365289,52
5391,1,24974,3957,21017,0,0,0,1.0,1,1.0,1,1.0,1,0.14341761289464827,52
5392,2,24976,3957,21019,0,0,0,1.0,1,1.0,1,1.0,1,0.15080440631077188,51
5393,1,24977,3958,21019,0,0,0,1.0,1,1.0,1,1.0,1,0.14905003541282022,50
5394,3,24980,3959,21021,0,0,0,1.0,1,1.0,1,1.0,1,0.16382021634212063,50
5395,2,24982,3961,21021,0,0,0,1.0,1,1.0,1,1.0,1,0.1916419451835782,49
5396,2,24984,3963,21021,0,0,0,1.0,1,1.0,1,1.0,1,0.22149468569144012,48
5397,3,24987,3965,21022,0,0,0,1.0,1,1.0,1,1.0,1,0.22535902910108216,48
5398,2,24989,3965,21024,0,0,0,1.0,1,1.0,1,1.0,1,0.20558115832938612,46
5399,3,24992,3966,21026,0,0,0,1.0,1,1.0,1,1.0,1,0.22125018475961278,46
5400,1,24993,3967,21026,0,0,0,1.0,1,1.0,1,1.0,1,0.18315010347265157,48
5401,6,24999,3967,21032,0,0,0,1.0,1,1.0,1,1.0,1,0.1254990508288909,49
5402,0,24999,3967,21032,0,0,0,1.0,1,1.0,1,1.0,1,0.0,0
