,SuccessfulHandoverCount,TotalSuccessfulHandoverCount,TotalSuccessfulHandoverCountRange,TotalSuccessfulHandoverCountLoadBalancing,TotalSuccessfulHandoverCountOverload,FailedHandoverCount,TotalFailedHandoverCount,AvgQoS,MinQoS,AvgQoS_LoadBased,MinQoS_LoadBased,AvgQoS_RangeBased,MinQoS_RangeBased,GiniLoad,VehicleCount
0,0,0,0,0,0,0,0,1.0,1,1.0,1,1.0,1,0.0,0
1,16,16,0,16,0,0,0,1.0,1,1.0,1,1.0,1,0.2981687554246577,30
2,1,17,0,17,0,0,0,1.0,1,1.0,1,1.0,1,0.26815842679650087,32
3,0,17,0,17,0,0,0,1.0,1,1.0,1,1.0,1,0.2503141718226758,33
4,0,17,0,17,0,0,0,1.0,1,1.0,1,1.0,1,0.25740835787003935,34
5,1,18,0,18,0,0,0,1.0,1,1.0,1,1.0,1,0.19254620483613413,36
6,1,19,0,19,0,0,0,1.0,1,1.0,1,1.0,1,0.19067938154112715,38
7,0,19,0,19,0,0,0,1.0,1,1.0,1,1.0,1,0.1900083894175545,40
8,0,19,0,19,0,0,0,1.0,1,1.0,1,1.0,1,0.1900083894175545,40
9,2,21,2,19,0,0,0,1.0,1,1.0,1,1.0,1,0.24113047830935966,40
10,5,26,5,21,0,0,0,1.0,1,1.0,1,1.0,1,0.2188339151221978,41
11,2,28,6,22,0,0,0,1.0,1,1.0,1,1.0,1,0.19315775243981095,40
12,1,29,6,23,0,0,0,1.0,1,1.0,1,1.0,1,0.162936473419929,39
13,1,30,7,23,0,0,0,1.0,1,1.0,1,1.0,1,0.2070398517223601,37
14,0,30,7,23,0,0,0,1.0,1,1.0,1,1.0,1,0.2649651327270919,35
15,1,31,8,23,0,0,0,1.0,1,1.0,1,1.0,1,0.22418757432960348,36
16,3,34,9,25,0,0,0,1.0,1,1.0,1,1.0,1,0.27145141523982813,34
17,0,34,9,25,0,0,0,1.0,1,1.0,1,1.0,1,0.2937864599251416,33
18,2,36,9,27,0,0,0,1.0,1,1.0,1,1.0,1,0.26804083887219976,34
19,1,37,10,27,0,0,0,1.0,1,1.0,1,1.0,1,0.2869621467474632,34
20,1,38,10,28,0,0,0,1.0,1,1.0,1,1.0,1,0.2316098980135853,34
21,2,40,11,29,0,0,0,1.0,1,1.0,1,1.0,1,0.2605649425948459,36
22,1,41,12,29,0,0,0,1.0,1,1.0,1,1.0,1,0.2723632605345455,35
23,4,45,13,32,0,0,0,1.0,1,1.0,1,1.0,1,0.24308251175903378,35
24,3,48,15,33,0,0,0,1.0,1,1.0,1,1.0,1,0.22340335642653336,35
25,5,53,19,34,0,0,0,1.0,1,1.0,1,1.0,1,0.28583984861974576,35
26,3,56,20,36,0,0,0,1.0,1,1.0,1,1.0,1,0.293101282678483,36
27,1,57,21,36,0,0,0,1.0,1,1.0,1,1.0,1,0.27329317369364176,34
28,3,60,22,38,0,0,0,1.0,1,1.0,1,1.0,1,0.2670360493214263,35
29,1,61,22,39,0,0,0,1.0,1,1.0,1,1.0,1,0.21381624011050798,33
30,2,63,23,40,0,0,0,1.0,1,1.0,1,1.0,1,0.23898425307087284,33
31,1,64,24,40,0,0,0,1.0,1,1.0,1,1.0,1,0.24415333090449282,33
32,2,66,25,41,0,0,0,1.0,1,1.0,1,1.0,1,0.26178314286355675,32
33,0,66,25,41,0,0,0,1.0,1,1.0,1,1.0,1,0.2679513070349008,33
34,1,67,26,41,0,0,0,1.0,1,1.0,1,1.0,1,0.28375704389002754,33
35,0,67,26,41,0,0,0,1.0,1,1.0,1,1.0,1,0.2772289093277998,35
36,0,67,26,41,0,0,0,1.0,1,1.0,1,1.0,1,0.2860613760666071,36
37,1,68,27,41,0,0,0,1.0,1,1.0,1,1.0,1,0.2955261109859665,37
38,2,70,27,43,0,0,0,1.0,1,1.0,1,1.0,1,0.24535118778943799,36
39,1,71,27,44,0,0,0,1.0,1,1.0,1,1.0,1,0.2502854154794842,38
40,0,71,27,44,0,0,0,1.0,1,1.0,1,1.0,1,0.2772499204640809,40
41,0,71,27,44,0,0,0,1.0,1,1.0,1,1.0,1,0.2772499204640809,40
42,2,73,29,44,0,0,0,1.0,1,1.0,1,1.0,1,0.29858559277648344,40
43,2,75,31,44,0,0,0,1.0,1,1.0,1,1.0,1,0.3694100065348325,43
44,2,77,31,46,0,0,0,1.0,1,1.0,1,1.0,1,0.32796306751381815,43
45,4,81,32,49,0,0,0,1.0,1,1.0,1,1.0,1,0.25986647460258777,44
46,0,81,32,49,0,0,0,1.0,1,1.0,1,1.0,1,0.25986647460258777,44
47,0,81,32,49,0,0,0,1.0,1,1.0,1,1.0,1,0.25986647460258777,44
48,3,84,34,50,0,0,0,1.0,1,1.0,1,1.0,1,0.28880582001501626,44
49,0,84,34,50,0,0,0,1.0,1,1.0,1,1.0,1,0.2624477211220638,41
50,1,85,35,50,0,0,0,1.0,1,1.0,1,1.0,1,0.2673648202768086,40
51,0,85,35,50,0,0,0,1.0,1,1.0,1,1.0,1,0.271662096539921,38
52,0,85,35,50,0,0,0,1.0,1,1.0,1,1.0,1,0.2989589043390412,37
53,1,86,35,51,0,0,0,1.0,1,1.0,1,1.0,1,0.30703225860635847,38
54,3,89,36,53,0,0,0,1.0,1,1.0,1,1.0,1,0.2956859163300222,38
55,2,91,36,55,0,0,0,1.0,1,1.0,1,1.0,1,0.25392503351830803,38
56,2,93,37,56,0,0,0,1.0,1,1.0,1,1.0,1,0.26656679808380906,38
57,1,94,38,56,0,0,0,1.0,1,1.0,1,1.0,1,0.2528042166540615,38
58,3,97,41,56,0,0,0,1.0,1,1.0,1,1.0,1,0.31939781440867704,38
59,1,98,41,57,0,0,0,1.0,1,1.0,1,1.0,1,0.30923956398284275,40
60,3,101,42,59,0,0,0,1.0,1,1.0,1,1.0,1,0.263894132531176,40
61,0,101,42,59,0,0,0,1.0,1,1.0,1,1.0,1,0.2591203378532265,40
62,2,103,43,60,0,0,0,1.0,1,1.0,1,1.0,1,0.27830924075075625,42
63,2,105,44,61,0,0,0,1.0,1,1.0,1,1.0,1,0.26726432176099507,40
64,0,105,44,61,0,0,0,1.0,1,1.0,1,1.0,1,0.2648390848826376,41
65,2,107,45,62,0,0,0,1.0,1,1.0,1,1.0,1,0.28310751887887836,41
66,3,110,46,64,0,0,0,1.0,1,1.0,1,1.0,1,0.2768148772946423,41
67,1,111,46,65,0,0,0,1.0,1,1.0,1,1.0,1,0.24614106484006398,41
68,2,113,47,66,0,0,0,1.0,1,1.0,1,1.0,1,0.2409454243471484,41
69,3,116,48,68,0,0,0,1.0,1,1.0,1,1.0,1,0.2300968576195691,41
70,2,118,48,70,0,0,0,1.0,1,1.0,1,1.0,1,0.21028285383323253,42
71,2,120,49,71,0,0,0,1.0,1,1.0,1,1.0,1,0.19903375567228623,44
72,0,120,49,71,0,0,0,1.0,1,1.0,1,1.0,1,0.19903375567228623,44
73,0,120,49,71,0,0,0,1.0,1,1.0,1,1.0,1,0.22303525296467264,46
74,2,122,49,73,0,0,0,1.0,1,1.0,1,1.0,1,0.2135784362638853,44
75,1,123,49,74,0,0,0,1.0,1,1.0,1,1.0,1,0.19976861334839657,44
76,3,126,52,74,0,0,0,1.0,1,1.0,1,1.0,1,0.29836872885749083,45
77,2,128,52,76,0,0,0,1.0,1,1.0,1,1.0,1,0.21805472603487447,44
78,1,129,53,76,0,0,0,1.0,1,1.0,1,1.0,1,0.2581266967627277,44
79,1,130,53,77,0,0,0,1.0,1,1.0,1,1.0,1,0.2570202576640233,43
80,1,131,54,77,0,0,0,1.0,1,1.0,1,1.0,1,0.24472139805598156,43
81,4,135,57,78,0,0,0,1.0,1,1.0,1,1.0,1,0.30028576279314273,44
82,2,137,58,79,0,0,0,1.0,1,1.0,1,1.0,1,0.2733665282509323,45
83,3,140,60,80,0,0,0,1.0,1,1.0,1,1.0,1,0.3004234993379114,45
84,0,140,60,80,0,0,0,1.0,1,1.0,1,1.0,1,0.3004234993379114,45
85,1,141,61,80,0,0,0,1.0,1,1.0,1,1.0,1,0.2961647096479049,45
86,1,142,61,81,0,0,0,1.0,1,1.0,1,1.0,1,0.2679145291827914,45
87,0,142,61,81,0,0,0,1.0,1,1.0,1,1.0,1,0.28952321117592766,44
88,0,142,61,81,0,0,0,1.0,1,1.0,1,1.0,1,0.28026363064486626,45
89,1,143,61,82,0,0,0,1.0,1,1.0,1,1.0,1,0.27896617980373656,46
90,0,143,61,82,0,0,0,1.0,1,1.0,1,1.0,1,0.3173301866928438,44
91,1,144,62,82,0,0,0,1.0,1,1.0,1,1.0,1,0.3040092447996126,45
92,1,145,62,83,0,0,0,1.0,1,1.0,1,1.0,1,0.3060853602819245,46
93,0,145,62,83,0,0,0,1.0,1,1.0,1,1.0,1,0.3060853602819245,46
94,2,147,63,84,0,0,0,1.0,1,1.0,1,1.0,1,0.2936527902466148,46
95,1,148,63,85,0,0,0,1.0,1,1.0,1,1.0,1,0.29327945765120766,46
96,2,150,64,86,0,0,0,1.0,1,1.0,1,1.0,1,0.29361336331345195,46
97,0,150,64,86,0,0,0,1.0,1,1.0,1,1.0,1,0.2883839531628796,47
98,0,150,64,86,0,0,0,1.0,1,1.0,1,1.0,1,0.2883839531628796,47
99,1,151,64,87,0,0,0,1.0,1,1.0,1,1.0,1,0.29674163239051,46
100,1,152,65,87,0,0,0,1.0,1,1.0,1,1.0,1,0.3261684934232972,48
101,1,153,66,87,0,0,0,1.0,1,1.0,1,1.0,1,0.342208565923668,49
102,4,157,68,89,0,0,0,1.0,1,1.0,1,1.0,1,0.3443944146796191,49
103,4,161,69,92,0,0,0,1.0,1,1.0,1,1.0,1,0.2694643538705255,48
104,4,165,71,94,0,0,0,1.0,1,1.0,1,1.0,1,0.28350134415858763,49
105,4,169,73,96,0,0,0,1.0,1,1.0,1,1.0,1,0.25718028581989877,48
106,1,170,74,96,0,0,0,1.0,1,1.0,1,1.0,1,0.25352663461424435,48
107,1,171,75,96,0,0,0,1.0,1,1.0,1,1.0,1,0.26524404599839085,47
108,4,175,75,100,0,0,0,1.0,1,1.0,1,1.0,1,0.18270352056657135,47
109,5,180,78,102,0,0,0,1.0,1,1.0,1,1.0,1,0.20872299798529598,47
110,2,182,79,103,0,0,0,1.0,1,1.0,1,1.0,1,0.21232252091903148,47
111,2,184,81,103,0,0,0,1.0,1,1.0,1,1.0,1,0.18069234715404206,46
112,4,188,83,105,0,0,0,1.0,1,1.0,1,1.0,1,0.14708842695566804,46
113,2,190,85,105,0,0,0,1.0,1,1.0,1,1.0,1,0.1447797659999804,45
114,0,190,85,105,0,0,0,1.0,1,1.0,1,1.0,1,0.14358235396364644,46
115,1,191,86,105,0,0,0,1.0,1,1.0,1,1.0,1,0.1710968730570937,47
116,0,191,86,105,0,0,0,1.0,1,1.0,1,1.0,1,0.1564666040326472,48
117,4,195,90,105,0,0,0,1.0,1,1.0,1,1.0,1,0.204916277495685,48
118,1,196,90,106,0,0,0,1.0,1,1.0,1,1.0,1,0.20123362641356285,49
119,1,197,91,106,0,0,0,1.0,1,1.0,1,1.0,1,0.21004279884296534,50
120,0,197,91,106,0,0,0,1.0,1,1.0,1,1.0,1,0.20593661639114635,51
121,0,197,91,106,0,0,0,1.0,1,1.0,1,1.0,1,0.20593661639114635,51
122,2,199,92,107,0,0,0,1.0,1,1.0,1,1.0,1,0.16908715517119047,51
123,0,199,92,107,0,0,0,1.0,1,1.0,1,1.0,1,0.16908715517119047,51
124,0,199,92,107,0,0,0,1.0,1,1.0,1,1.0,1,0.16908715517119047,51
125,0,199,92,107,0,0,0,1.0,1,1.0,1,1.0,1,0.22177510600059494,50
126,4,203,93,110,0,0,0,1.0,1,1.0,1,1.0,1,0.16090430981364726,52
127,0,203,93,110,0,0,0,1.0,1,1.0,1,1.0,1,0.18379955381159369,50
128,0,203,93,110,0,0,0,1.0,1,1.0,1,1.0,1,0.18379955381159369,50
129,0,203,93,110,0,0,0,1.0,1,1.0,1,1.0,1,0.20389439909352045,52
130,3,206,94,112,0,0,0,1.0,1,1.0,1,1.0,1,0.21869437254477242,52
131,6,212,95,117,0,0,0,1.0,1,1.0,1,1.0,1,0.15041192907979836,54
132,1,213,96,117,0,0,0,1.0,1,1.0,1,1.0,1,0.16688192848700173,54
133,1,214,96,118,0,0,0,1.0,1,1.0,1,1.0,1,0.17103316651343814,52
134,1,215,97,118,0,0,0,1.0,1,1.0,1,1.0,1,0.16507510518166485,52
135,4,219,100,119,0,0,0,1.0,1,1.0,1,1.0,1,0.15562184209466204,51
136,5,224,103,121,0,0,0,1.0,1,1.0,1,1.0,1,0.15877986194910562,51
137,1,225,104,121,0,0,0,1.0,1,1.0,1,1.0,1,0.14617228528641052,50
138,2,227,105,122,0,0,0,1.0,1,1.0,1,1.0,1,0.15030211687803355,52
139,4,231,107,124,0,0,0,1.0,1,1.0,1,1.0,1,0.16771861243063146,51
140,1,232,108,124,0,0,0,1.0,1,1.0,1,1.0,1,0.1621808635039973,51
141,1,233,109,124,0,0,0,1.0,1,1.0,1,1.0,1,0.20905615053827825,50
142,6,239,111,128,0,0,0,1.0,1,1.0,1,1.0,1,0.13088412040110425,51
143,2,241,112,129,0,0,0,1.0,1,1.0,1,1.0,1,0.12442877670266601,48
144,2,243,113,130,0,0,0,1.0,1,1.0,1,1.0,1,0.11709173632409307,49
145,2,245,115,130,0,0,0,1.0,1,1.0,1,1.0,1,0.10221790278361434,47
146,2,247,117,130,0,0,0,1.0,1,1.0,1,1.0,1,0.15149520803126082,49
147,0,247,117,130,0,0,0,1.0,1,1.0,1,1.0,1,0.12800690660294056,46
148,1,248,118,130,0,0,0,1.0,1,1.0,1,1.0,1,0.10231611725731089,47
149,1,249,119,130,0,0,0,1.0,1,1.0,1,1.0,1,0.09537354426547849,46
150,1,250,120,130,0,0,0,1.0,1,1.0,1,1.0,1,0.09632267696424915,47
151,1,251,121,130,0,0,0,1.0,1,1.0,1,1.0,1,0.1228229838194784,46
152,0,251,121,130,0,0,0,1.0,1,1.0,1,1.0,1,0.1392323558889522,45
153,0,251,121,130,0,0,0,1.0,1,1.0,1,1.0,1,0.1535501206849434,46
154,0,251,121,130,0,0,0,1.0,1,1.0,1,1.0,1,0.17144655411497087,44
155,2,253,123,130,0,0,0,1.0,1,1.0,1,1.0,1,0.2127927798667965,45
156,4,257,125,132,0,0,0,1.0,1,1.0,1,1.0,1,0.23706539394037934,43
157,0,257,125,132,0,0,0,1.0,1,1.0,1,1.0,1,0.22483001692119362,42
158,3,260,125,135,0,0,0,1.0,1,1.0,1,1.0,1,0.1830995668619082,43
159,2,262,126,136,0,0,0,1.0,1,1.0,1,1.0,1,0.2270875467842009,44
160,5,267,127,140,0,0,0,1.0,1,1.0,1,1.0,1,0.17410320246321745,44
161,3,270,129,141,0,0,0,1.0,1,1.0,1,1.0,1,0.1989474471050249,44
162,1,271,130,141,0,0,0,1.0,1,1.0,1,1.0,1,0.21981883559095075,44
163,7,278,136,142,0,0,0,1.0,1,1.0,1,1.0,1,0.2856490302439884,44
164,6,284,138,146,0,0,0,1.0,1,1.0,1,1.0,1,0.26827595158603246,44
165,2,286,139,147,0,0,0,1.0,1,1.0,1,1.0,1,0.23588612377082632,43
166,2,288,139,149,0,0,0,1.0,1,1.0,1,1.0,1,0.2392439997195959,43
167,1,289,139,150,0,0,0,1.0,1,1.0,1,1.0,1,0.2050545661899738,42
168,0,289,139,150,0,0,0,1.0,1,1.0,1,1.0,1,0.18739514458730203,40
169,1,290,140,150,0,0,0,1.0,1,1.0,1,1.0,1,0.14581228836267976,41
170,0,290,140,150,0,0,0,1.0,1,1.0,1,1.0,1,0.16482390595597185,39
171,2,292,142,150,0,0,0,1.0,1,1.0,1,1.0,1,0.21197746098429923,39
172,1,293,142,151,0,0,0,1.0,1,1.0,1,1.0,1,0.1873321300327707,38
173,2,295,144,151,0,0,0,1.0,1,1.0,1,1.0,1,0.27521939699303555,38
174,0,295,144,151,0,0,0,1.0,1,1.0,1,1.0,1,0.24925115459273886,37
175,0,295,144,151,0,0,0,1.0,1,1.0,1,1.0,1,0.27370459948568665,36
176,2,297,146,151,0,0,0,1.0,1,1.0,1,1.0,1,0.2866705462973021,36
177,3,300,147,153,0,0,0,1.0,1,1.0,1,1.0,1,0.24538452291990842,38
178,0,300,147,153,0,0,0,1.0,1,1.0,1,1.0,1,0.25907150053459743,39
179,0,300,147,153,0,0,0,1.0,1,1.0,1,1.0,1,0.2754007745882174,40
180,0,300,147,153,0,0,0,1.0,1,1.0,1,1.0,1,0.2754007745882174,40
181,1,301,148,153,0,0,0,1.0,1,1.0,1,1.0,1,0.283039441980714,39
182,4,305,150,155,0,0,0,1.0,1,1.0,1,1.0,1,0.2800561559526672,40
183,2,307,152,155,0,0,0,1.0,1,1.0,1,1.0,1,0.31385088641650905,40
184,1,308,152,156,0,0,0,1.0,1,1.0,1,1.0,1,0.3050068758117024,38
185,3,311,154,157,0,0,0,1.0,1,1.0,1,1.0,1,0.29720939254510975,38
186,4,315,156,159,0,0,0,1.0,1,1.0,1,1.0,1,0.3025481552875887,37
187,4,319,157,162,0,0,0,1.0,1,1.0,1,1.0,1,0.23448464111249678,36
188,3,322,159,163,0,0,0,1.0,1,1.0,1,1.0,1,0.18844800505361914,36
189,0,322,159,163,0,0,0,1.0,1,1.0,1,1.0,1,0.1892866259646009,36
190,1,323,160,163,0,0,0,1.0,1,1.0,1,1.0,1,0.2329766307599136,36
191,1,324,161,163,0,0,0,1.0,1,1.0,1,1.0,1,0.24517060800900548,37
192,2,326,162,164,0,0,0,1.0,1,1.0,1,1.0,1,0.2099589268978235,37
193,0,326,162,164,0,0,0,1.0,1,1.0,1,1.0,1,0.21101664662111091,38
194,2,328,162,166,0,0,0,1.0,1,1.0,1,1.0,1,0.18127733054150283,39
195,2,330,164,166,0,0,0,1.0,1,1.0,1,1.0,1,0.21865269045949193,40
196,0,330,164,166,0,0,0,1.0,1,1.0,1,1.0,1,0.21865269045949193,40
197,0,330,164,166,0,0,0,1.0,1,1.0,1,1.0,1,0.25508233217132437,40
198,1,331,165,166,0,0,0,1.0,1,1.0,1,1.0,1,0.2632334897081611,40
199,1,332,166,166,0,0,0,1.0,1,1.0,1,1.0,1,0.25622929045325765,40
200,2,334,167,167,0,0,0,1.0,1,1.0,1,1.0,1,0.19894310145889837,40
201,1,335,168,167,0,0,0,1.0,1,1.0,1,1.0,1,0.17052066826597925,39
202,0,335,168,167,0,0,0,1.0,1,1.0,1,1.0,1,0.163278043912535,40
203,3,338,171,167,0,0,0,1.0,1,1.0,1,1.0,1,0.20644953307207234,39
204,5,343,174,169,0,0,0,1.0,1,1.0,1,1.0,1,0.18821688623244712,38
205,1,344,175,169,0,0,0,1.0,1,1.0,1,1.0,1,0.18298652634898735,37
206,2,346,176,170,0,0,0,1.0,1,1.0,1,1.0,1,0.17537449932898222,36
207,1,347,176,171,0,0,0,1.0,1,1.0,1,1.0,1,0.16187856815850252,37
208,0,347,176,171,0,0,0,1.0,1,1.0,1,1.0,1,0.1547141599753799,36
209,1,348,177,171,0,0,0,1.0,1,1.0,1,1.0,1,0.1749232573403047,36
210,2,350,178,172,0,0,0,1.0,1,1.0,1,1.0,1,0.2015917683899568,36
211,0,350,178,172,0,0,0,1.0,1,1.0,1,1.0,1,0.2302704767140008,34
212,2,352,180,172,0,0,0,1.0,1,1.0,1,1.0,1,0.2828439816451462,34
213,1,353,180,173,0,0,0,1.0,1,1.0,1,1.0,1,0.28806277420883364,36
214,1,354,181,173,0,0,0,1.0,1,1.0,1,1.0,1,0.24762167723117942,35
215,3,357,183,174,0,0,0,1.0,1,1.0,1,1.0,1,0.21490600650430006,35
216,1,358,183,175,0,0,0,1.0,1,1.0,1,1.0,1,0.21361794968733627,37
217,2,360,184,176,0,0,0,1.0,1,1.0,1,1.0,1,0.21797221674325395,37
218,6,366,188,178,0,0,0,1.0,1,1.0,1,1.0,1,0.23526882276905864,37
219,3,369,189,180,0,0,0,1.0,1,1.0,1,1.0,1,0.22529957315823418,37
220,2,371,189,182,0,0,0,1.0,1,1.0,1,1.0,1,0.1897518214669472,38
221,1,372,190,182,0,0,0,1.0,1,1.0,1,1.0,1,0.14286937672024,39
222,1,373,191,182,0,0,0,1.0,1,1.0,1,1.0,1,0.14564817798421856,39
223,3,376,193,183,0,0,0,1.0,1,1.0,1,1.0,1,0.1823830865739472,40
224,3,379,194,185,0,0,0,1.0,1,1.0,1,1.0,1,0.1377622665438242,40
225,1,380,194,186,0,0,0,1.0,1,1.0,1,1.0,1,0.1550901171423302,39
226,3,383,197,186,0,0,0,1.0,1,1.0,1,1.0,1,0.18028596774819294,39
227,1,384,197,187,0,0,0,1.0,1,1.0,1,1.0,1,0.1641918642454747,39
228,3,387,200,187,0,0,0,1.0,1,1.0,1,1.0,1,0.2093595628640927,38
229,6,393,203,190,0,0,0,1.0,1,1.0,1,1.0,1,0.22308756751334768,39
230,3,396,205,191,0,0,0,1.0,1,1.0,1,1.0,1,0.18035437734981638,38
231,2,398,206,192,0,0,0,1.0,1,1.0,1,1.0,1,0.18766444014038705,38
232,1,399,206,193,0,0,0,1.0,1,1.0,1,1.0,1,0.18671839863428805,37
233,2,401,207,194,0,0,0,1.0,1,1.0,1,1.0,1,0.19076019311745296,36
234,1,402,208,194,0,0,0,1.0,1,1.0,1,1.0,1,0.21556067721779595,34
235,1,403,209,194,0,0,0,1.0,1,1.0,1,1.0,1,0.25870912124327855,34
236,0,403,209,194,0,0,0,1.0,1,1.0,1,1.0,1,0.26204564078827647,33
237,1,404,210,194,0,0,0,1.0,1,1.0,1,1.0,1,0.33388863154392656,32
238,1,405,210,195,0,0,0,1.0,1,1.0,1,1.0,1,0.30781758649630586,32
239,3,408,212,196,0,0,0,1.0,1,1.0,1,1.0,1,0.21428071273276764,31
240,0,408,212,196,0,0,0,1.0,1,1.0,1,1.0,1,0.2539246282517213,28
241,0,408,212,196,0,0,0,1.0,1,1.0,1,1.0,1,0.2806419430646445,27
242,2,410,213,197,0,0,0,1.0,1,1.0,1,1.0,1,0.28889457770597543,29
243,2,412,214,198,0,0,0,1.0,1,1.0,1,1.0,1,0.29116096901191213,28
244,0,412,214,198,0,0,0,1.0,1,1.0,1,1.0,1,0.25628197806499514,28
245,1,413,215,198,0,0,0,1.0,1,1.0,1,1.0,1,0.23076916383592266,27
246,3,416,217,199,0,0,0,1.0,1,1.0,1,1.0,1,0.23947931581461956,25
247,1,417,218,199,0,0,0,1.0,1,1.0,1,1.0,1,0.2661552594848443,26
248,0,417,218,199,0,0,0,1.0,1,1.0,1,1.0,1,0.286231576187877,27
249,1,418,219,199,0,0,0,1.0,1,1.0,1,1.0,1,0.3116524919177005,26
250,1,419,219,200,0,0,0,1.0,1,1.0,1,1.0,1,0.3184381440708456,27
251,1,420,219,201,0,0,0,1.0,1,1.0,1,1.0,1,0.32189011603708345,28
252,1,421,220,201,0,0,0,1.0,1,1.0,1,1.0,1,0.3401898831747168,28
253,1,422,220,202,0,0,0,1.0,1,1.0,1,1.0,1,0.30361659786554945,28
254,0,422,220,202,0,0,0,1.0,1,1.0,1,1.0,1,0.3299971702068494,29
255,4,426,221,205,0,0,0,1.0,1,1.0,1,1.0,1,0.29901575693757526,30
256,1,427,222,205,0,0,0,1.0,1,1.0,1,1.0,1,0.3678355143905412,30
257,3,430,223,207,0,0,0,1.0,1,1.0,1,1.0,1,0.37655471821120096,32
258,2,432,225,207,0,0,0,1.0,1,1.0,1,1.0,1,0.3724090548342685,32
259,1,433,225,208,0,0,0,1.0,1,1.0,1,1.0,1,0.3573249391847527,32
260,2,435,225,210,0,0,0,1.0,1,1.0,1,1.0,1,0.2673068233970081,34
261,0,435,225,210,0,0,0,1.0,1,1.0,1,1.0,1,0.2823456882676924,35
262,3,438,228,210,0,0,0,1.0,1,1.0,1,1.0,1,0.36042822187863804,36
263,1,439,228,211,0,0,0,1.0,1,1.0,1,1.0,1,0.3332318224099755,34
264,2,441,229,212,0,0,0,1.0,1,1.0,1,1.0,1,0.34088138025478687,34
265,1,442,229,213,0,0,0,1.0,1,1.0,1,1.0,1,0.35823906762840924,33
266,0,442,229,213,0,0,0,1.0,1,1.0,1,1.0,1,0.3540567649533414,34
267,1,443,229,214,0,0,0,1.0,1,1.0,1,1.0,1,0.328659938471236,33
268,1,444,229,215,0,0,0,1.0,1,1.0,1,1.0,1,0.31907513486655825,34
269,0,444,229,215,0,0,0,1.0,1,1.0,1,1.0,1,0.31907513486655825,34
270,2,446,229,217,0,0,0,1.0,1,1.0,1,1.0,1,0.303420659350459,36
271,0,446,229,217,0,0,0,1.0,1,1.0,1,1.0,1,0.303420659350459,36
272,0,446,229,217,0,0,0,1.0,1,1.0,1,1.0,1,0.31238551220474264,38
273,0,446,229,217,0,0,0,1.0,1,1.0,1,1.0,1,0.31238551220474264,38
274,1,447,230,217,0,0,0,1.0,1,1.0,1,1.0,1,0.3266636678288807,38
275,1,448,230,218,0,0,0,1.0,1,1.0,1,1.0,1,0.3117549856454904,38
276,0,448,230,218,0,0,0,1.0,1,1.0,1,1.0,1,0.33735628918124827,39
277,1,449,230,219,0,0,0,1.0,1,1.0,1,1.0,1,0.28766175673007993,38
278,1,450,230,220,0,0,0,1.0,1,1.0,1,1.0,1,0.2593216319664503,38
279,0,450,230,220,0,0,0,1.0,1,1.0,1,1.0,1,0.2461699829100619,38
280,0,450,230,220,0,0,0,1.0,1,1.0,1,1.0,1,0.2844383590809669,38
281,0,450,230,220,0,0,0,1.0,1,1.0,1,1.0,1,0.2803487089904538,38
282,2,452,231,221,0,0,0,1.0,1,1.0,1,1.0,1,0.29573578009487383,38
283,2,454,233,221,0,0,0,1.0,1,1.0,1,1.0,1,0.357801641297027,38
284,1,455,233,222,0,0,0,1.0,1,1.0,1,1.0,1,0.34010334065608677,39
285,1,456,233,223,0,0,0,1.0,1,1.0,1,1.0,1,0.333344988395664,39
286,0,456,233,223,0,0,0,1.0,1,1.0,1,1.0,1,0.333344988395664,39
287,2,458,233,225,0,0,0,1.0,1,1.0,1,1.0,1,0.3158085027098006,39
288,1,459,233,226,0,0,0,1.0,1,1.0,1,1.0,1,0.2673866784341212,39
289,1,460,234,226,0,0,0,1.0,1,1.0,1,1.0,1,0.31441743864516547,39
290,0,460,234,226,0,0,0,1.0,1,1.0,1,1.0,1,0.3146728123721397,39
291,0,460,234,226,0,0,0,1.0,1,1.0,1,1.0,1,0.3146728123721397,39
292,3,463,234,229,0,0,0,1.0,1,1.0,1,1.0,1,0.2687212343538202,40
293,3,466,235,231,0,0,0,1.0,1,1.0,1,1.0,1,0.20256774868456398,41
294,1,467,236,231,0,0,0,1.0,1,1.0,1,1.0,1,0.20902062519038556,40
295,3,470,237,233,0,0,0,1.0,1,1.0,1,1.0,1,0.18099715650165046,42
296,3,473,239,234,0,0,0,1.0,1,1.0,1,1.0,1,0.20261420638966293,42
297,3,476,241,235,0,0,0,1.0,1,1.0,1,1.0,1,0.1918369891459366,43
298,4,480,242,238,0,0,0,1.0,1,1.0,1,1.0,1,0.17351568598025666,44
299,2,482,243,239,0,0,0,1.0,1,1.0,1,1.0,1,0.15658649549508266,44
300,1,483,243,240,0,0,0,1.0,1,1.0,1,1.0,1,0.1536088895450056,45
301,2,485,245,240,0,0,0,1.0,1,1.0,1,1.0,1,0.21164460362936052,47
302,7,492,247,245,0,0,0,1.0,1,1.0,1,1.0,1,0.17477331723376732,46
303,2,494,248,246,0,0,0,1.0,1,1.0,1,1.0,1,0.15856613663294142,45
304,1,495,249,246,0,0,0,1.0,1,1.0,1,1.0,1,0.17134060424670206,45
305,0,495,249,246,0,0,0,1.0,1,1.0,1,1.0,1,0.16599726220341726,43
306,2,497,250,247,0,0,0,1.0,1,1.0,1,1.0,1,0.20071358623248495,44
307,2,499,251,248,0,0,0,1.0,1,1.0,1,1.0,1,0.20090771732128007,42
308,1,500,252,248,0,0,0,1.0,1,1.0,1,1.0,1,0.1891452934455865,41
309,1,501,252,249,0,0,0,1.0,1,1.0,1,1.0,1,0.16142782282381538,42
310,0,501,252,249,0,0,0,1.0,1,1.0,1,1.0,1,0.1774708256347915,41
311,0,501,252,249,0,0,0,1.0,1,1.0,1,1.0,1,0.1774708256347915,41
312,0,501,252,249,0,0,0,1.0,1,1.0,1,1.0,1,0.14489588922583999,44
313,0,501,252,249,0,0,0,1.0,1,1.0,1,1.0,1,0.16718442382107082,43
314,1,502,253,249,0,0,0,1.0,1,1.0,1,1.0,1,0.1607485820069556,43
315,0,502,253,249,0,0,0,1.0,1,1.0,1,1.0,1,0.1482097245639397,43
316,2,504,254,250,0,0,0,1.0,1,1.0,1,1.0,1,0.18193554341282991,43
317,1,505,254,251,0,0,0,1.0,1,1.0,1,1.0,1,0.14795696765232483,44
318,3,508,256,252,0,0,0,1.0,1,1.0,1,1.0,1,0.21977065052382594,45
319,2,510,256,254,0,0,0,1.0,1,1.0,1,1.0,1,0.22503024050904988,46
320,1,511,257,254,0,0,0,1.0,1,1.0,1,1.0,1,0.23510161694492912,45
321,0,511,257,254,0,0,0,1.0,1,1.0,1,1.0,1,0.22028209978610475,44
322,1,512,257,255,0,0,0,1.0,1,1.0,1,1.0,1,0.20048562918921697,42
323,2,514,259,255,0,0,0,1.0,1,1.0,1,1.0,1,0.21703514397914647,42
324,2,516,259,257,0,0,0,1.0,1,1.0,1,1.0,1,0.1744473617706833,43
325,3,519,261,258,0,0,0,1.0,1,1.0,1,1.0,1,0.20146911694736036,43
326,1,520,261,259,0,0,0,1.0,1,1.0,1,1.0,1,0.1828980479239442,43
327,2,522,262,260,0,0,0,1.0,1,1.0,1,1.0,1,0.19979156047677543,44
328,1,523,263,260,0,0,0,1.0,1,1.0,1,1.0,1,0.2132799030611723,44
329,0,523,263,260,0,0,0,1.0,1,1.0,1,1.0,1,0.1959278111773172,45
330,1,524,263,261,0,0,0,1.0,1,1.0,1,1.0,1,0.17628411474694292,46
331,0,524,263,261,0,0,0,1.0,1,1.0,1,1.0,1,0.17628411474694292,46
332,0,524,263,261,0,0,0,1.0,1,1.0,1,1.0,1,0.15998399669057953,47
333,0,524,263,261,0,0,0,1.0,1,1.0,1,1.0,1,0.17364168509680222,48
334,0,524,263,261,0,0,0,1.0,1,1.0,1,1.0,1,0.17364168509680222,48
335,2,526,264,262,0,0,0,1.0,1,1.0,1,1.0,1,0.17267100096473217,49
336,0,526,264,262,0,0,0,1.0,1,1.0,1,1.0,1,0.18707369398922238,50
337,1,527,265,262,0,0,0,1.0,1,1.0,1,1.0,1,0.2006189252857064,51
338,0,527,265,262,0,0,0,1.0,1,1.0,1,1.0,1,0.2006189252857064,51
339,2,529,266,263,0,0,0,1.0,1,1.0,1,1.0,1,0.2048712573523542,51
340,2,531,267,264,0,0,0,1.0,1,1.0,1,1.0,1,0.19409325075927117,51
341,2,533,267,266,0,0,0,1.0,1,1.0,1,1.0,1,0.16301721523871365,51
342,1,534,268,266,0,0,0,1.0,1,1.0,1,1.0,1,0.1920226849800259,51
343,0,534,268,266,0,0,0,1.0,1,1.0,1,1.0,1,0.1966765438363004,51
344,0,534,268,266,0,0,0,1.0,1,1.0,1,1.0,1,0.19628788376734663,50
345,0,534,268,266,0,0,0,1.0,1,1.0,1,1.0,1,0.19628788376734663,50
346,4,538,270,268,0,0,0,1.0,1,1.0,1,1.0,1,0.22533068388599956,50
347,1,539,270,269,0,0,0,1.0,1,1.0,1,1.0,1,0.2296215495266187,51
348,1,540,271,269,0,0,0,1.0,1,1.0,1,1.0,1,0.2545567937539846,52
349,4,544,275,269,0,0,0,1.0,1,1.0,1,1.0,1,0.23281996836475533,54
350,2,546,275,271,0,0,0,1.0,1,1.0,1,1.0,1,0.23554085481867382,54
351,6,552,278,274,0,0,0,1.0,1,1.0,1,1.0,1,0.19744424751746092,54
352,1,553,278,275,0,0,0,1.0,1,1.0,1,1.0,1,0.19550770708912704,56
353,2,555,279,276,0,0,0,1.0,1,1.0,1,1.0,1,0.1629731775760044,54
354,0,555,279,276,0,0,0,1.0,1,1.0,1,1.0,1,0.1734896255518088,53
355,1,556,280,276,0,0,0,1.0,1,1.0,1,1.0,1,0.15351428881669346,54
356,1,557,281,276,0,0,0,1.0,1,1.0,1,1.0,1,0.1792535331775158,54
357,5,562,285,277,0,0,0,1.0,1,1.0,1,1.0,1,0.22207019408455123,53
358,2,564,285,279,0,0,0,1.0,1,1.0,1,1.0,1,0.22805186700442814,49
359,0,564,285,279,0,0,0,1.0,1,1.0,1,1.0,1,0.24472822296175964,48
360,0,564,285,279,0,0,0,1.0,1,1.0,1,1.0,1,0.2628716780347059,47
361,2,566,285,281,0,0,0,1.0,1,1.0,1,1.0,1,0.2207616827494508,46
362,0,566,285,281,0,0,0,1.0,1,1.0,1,1.0,1,0.22295070326978195,46
363,0,566,285,281,0,0,0,1.0,1,1.0,1,1.0,1,0.22667566996025176,47
364,0,566,285,281,0,0,0,1.0,1,1.0,1,1.0,1,0.22667566996025176,47
365,1,567,285,282,0,0,0,1.0,1,1.0,1,1.0,1,0.21115776995778843,47
366,4,571,286,285,0,0,0,1.0,1,1.0,1,1.0,1,0.23215873164541612,50
367,1,572,286,286,0,0,0,1.0,1,1.0,1,1.0,1,0.2284192217128699,50
368,0,572,286,286,0,0,0,1.0,1,1.0,1,1.0,1,0.20699566109224884,51
369,0,572,286,286,0,0,0,1.0,1,1.0,1,1.0,1,0.2294861271356576,51
370,0,572,286,286,0,0,0,1.0,1,1.0,1,1.0,1,0.2294861271356576,51
371,3,575,286,289,0,0,0,1.0,1,1.0,1,1.0,1,0.2074106325422693,52
372,1,576,286,290,0,0,0,1.0,1,1.0,1,1.0,1,0.20468523783842213,53
373,3,579,288,291,0,0,0,1.0,1,1.0,1,1.0,1,0.1950056434748618,53
374,2,581,289,292,0,0,0,1.0,1,1.0,1,1.0,1,0.22299445704252652,53
375,3,584,291,293,0,0,0,1.0,1,1.0,1,1.0,1,0.2141417333321,53
376,3,587,292,295,0,0,0,1.0,1,1.0,1,1.0,1,0.16006380606015816,53
377,1,588,293,295,0,0,0,1.0,1,1.0,1,1.0,1,0.1575464708712122,53
378,1,589,294,295,0,0,0,1.0,1,1.0,1,1.0,1,0.14809899308580582,53
379,1,590,295,295,0,0,0,1.0,1,1.0,1,1.0,1,0.15530041173445852,54
380,0,590,295,295,0,0,0,1.0,1,1.0,1,1.0,1,0.15530041173445852,54
381,1,591,296,295,0,0,0,1.0,1,1.0,1,1.0,1,0.17300715777591058,54
382,2,593,297,296,0,0,0,1.0,1,1.0,1,1.0,1,0.15812479972444324,55
383,1,594,298,296,0,0,0,1.0,1,1.0,1,1.0,1,0.16967183668112562,55
384,2,596,299,297,0,0,0,1.0,1,1.0,1,1.0,1,0.19397878415305042,54
385,4,600,300,300,0,0,0,1.0,1,1.0,1,1.0,1,0.16479378572184183,52
386,1,601,301,300,0,0,0,1.0,1,1.0,1,1.0,1,0.16746093519414834,52
387,1,602,302,300,0,0,0,1.0,1,1.0,1,1.0,1,0.18933137447542536,50
388,2,604,303,301,0,0,0,1.0,1,1.0,1,1.0,1,0.1978316924711943,52
389,5,609,304,305,0,0,0,1.0,1,1.0,1,1.0,1,0.14814449070464802,51
390,2,611,306,305,0,0,0,1.0,1,1.0,1,1.0,1,0.15258079435191926,50
391,3,614,308,306,0,0,0,1.0,1,1.0,1,1.0,1,0.16832770643060932,49
392,2,616,310,306,0,0,0,1.0,1,1.0,1,1.0,1,0.18946663047217133,47
393,3,619,312,307,0,0,0,1.0,1,1.0,1,1.0,1,0.24814079025686406,47
394,6,625,314,311,0,0,0,1.0,1,1.0,1,1.0,1,0.20252523235566147,48
395,2,627,315,312,0,0,0,1.0,1,1.0,1,1.0,1,0.2783425124936486,46
396,3,630,316,314,0,0,0,1.0,1,1.0,1,1.0,1,0.297942457412581,43
397,2,632,316,316,0,0,0,1.0,1,1.0,1,1.0,1,0.2936401644782394,42
398,0,632,316,316,0,0,0,1.0,1,1.0,1,1.0,1,0.29401830007962393,40
399,1,633,316,317,0,0,0,1.0,1,1.0,1,1.0,1,0.25366738069665645,39
400,1,634,317,317,0,0,0,1.0,1,1.0,1,1.0,1,0.23919392716904914,38
401,1,635,317,318,0,0,0,1.0,1,1.0,1,1.0,1,0.25391700352769797,37
402,2,637,319,318,0,0,0,1.0,1,1.0,1,1.0,1,0.2682511986711895,36
403,3,640,320,320,0,0,0,1.0,1,1.0,1,1.0,1,0.1952236676562804,38
404,2,642,321,321,0,0,0,1.0,1,1.0,1,1.0,1,0.23241186847912101,39
405,1,643,321,322,0,0,0,1.0,1,1.0,1,1.0,1,0.19469879434355117,40
406,0,643,321,322,0,0,0,1.0,1,1.0,1,1.0,1,0.20743496869724523,41
407,0,643,321,322,0,0,0,1.0,1,1.0,1,1.0,1,0.1966036644119246,42
408,1,644,322,322,0,0,0,1.0,1,1.0,1,1.0,1,0.21646152609276123,43
409,1,645,323,322,0,0,0,1.0,1,1.0,1,1.0,1,0.25337694882265493,44
410,0,645,323,322,0,0,0,1.0,1,1.0,1,1.0,1,0.26720635392203795,46
411,0,645,323,322,0,0,0,1.0,1,1.0,1,1.0,1,0.26720635392203795,46
412,2,647,323,324,0,0,0,1.0,1,1.0,1,1.0,1,0.24495581963730623,47
413,1,648,324,324,0,0,0,1.0,1,1.0,1,1.0,1,0.2676894614741744,47
414,0,648,324,324,0,0,0,1.0,1,1.0,1,1.0,1,0.2676894614741744,47
415,3,651,324,327,0,0,0,1.0,1,1.0,1,1.0,1,0.25488166421171576,48
416,0,651,324,327,0,0,0,1.0,1,1.0,1,1.0,1,0.25493403338293813,49
417,0,651,324,327,0,0,0,1.0,1,1.0,1,1.0,1,0.25493403338293813,49
418,3,654,325,329,0,0,0,1.0,1,1.0,1,1.0,1,0.2389782056571277,50
419,1,655,325,330,0,0,0,1.0,1,1.0,1,1.0,1,0.22712519055229774,50
420,1,656,326,330,0,0,0,1.0,1,1.0,1,1.0,1,0.22619031515108223,50
421,0,656,326,330,0,0,0,1.0,1,1.0,1,1.0,1,0.22619031515108223,50
422,1,657,326,331,0,0,0,1.0,1,1.0,1,1.0,1,0.23754251606847995,50
423,4,661,328,333,0,0,0,1.0,1,1.0,1,1.0,1,0.2391903690555719,51
424,0,661,328,333,0,0,0,1.0,1,1.0,1,1.0,1,0.23429724237984415,49
425,2,663,329,334,0,0,0,1.0,1,1.0,1,1.0,1,0.2504318202847846,48
426,2,665,331,334,0,0,0,1.0,1,1.0,1,1.0,1,0.2728935975428137,50
427,3,668,332,336,0,0,0,1.0,1,1.0,1,1.0,1,0.2623500844308849,48
428,8,676,335,341,0,0,0,1.0,1,1.0,1,1.0,1,0.27790418778855125,49
429,1,677,335,342,0,0,0,1.0,1,1.0,1,1.0,1,0.271345706640319,45
430,3,680,336,344,0,0,0,1.0,1,1.0,1,1.0,1,0.27118279956090935,44
431,4,684,338,346,0,0,0,1.0,1,1.0,1,1.0,1,0.2471139337405275,42
432,0,684,338,346,0,0,0,1.0,1,1.0,1,1.0,1,0.2554135833252636,40
433,2,686,339,347,0,0,0,1.0,1,1.0,1,1.0,1,0.26234244952489294,39
434,1,687,340,347,0,0,0,1.0,1,1.0,1,1.0,1,0.24596023970936534,39
435,4,691,343,348,0,0,0,1.0,1,1.0,1,1.0,1,0.342040806793088,38
436,1,692,343,349,0,0,0,1.0,1,1.0,1,1.0,1,0.2874566282918761,38
437,1,693,344,349,0,0,0,1.0,1,1.0,1,1.0,1,0.29480903905480615,39
438,0,693,344,349,0,0,0,1.0,1,1.0,1,1.0,1,0.2968163680594927,38
439,2,695,344,351,0,0,0,1.0,1,1.0,1,1.0,1,0.250331746349309,39
440,0,695,344,351,0,0,0,1.0,1,1.0,1,1.0,1,0.250331746349309,39
441,1,696,345,351,0,0,0,1.0,1,1.0,1,1.0,1,0.26652630939377026,41
442,2,698,346,352,0,0,0,1.0,1,1.0,1,1.0,1,0.26844197050691965,42
443,3,701,347,354,0,0,0,1.0,1,1.0,1,1.0,1,0.19157509139940349,42
444,0,701,347,354,0,0,0,1.0,1,1.0,1,1.0,1,0.1938465480958832,43
445,2,703,348,355,0,0,0,1.0,1,1.0,1,1.0,1,0.21616952821750055,44
446,1,704,349,355,0,0,0,1.0,1,1.0,1,1.0,1,0.18537618159569794,44
447,1,705,350,355,0,0,0,1.0,1,1.0,1,1.0,1,0.2190661562718697,47
448,0,705,350,355,0,0,0,1.0,1,1.0,1,1.0,1,0.2339924598792254,46
449,1,706,350,356,0,0,0,1.0,1,1.0,1,1.0,1,0.21184900455724495,46
450,0,706,350,356,0,0,0,1.0,1,1.0,1,1.0,1,0.21197181870519052,46
451,1,707,350,357,0,0,0,1.0,1,1.0,1,1.0,1,0.21297402106613578,47
452,0,707,350,357,0,0,0,1.0,1,1.0,1,1.0,1,0.23512149186702502,47
453,0,707,350,357,0,0,0,1.0,1,1.0,1,1.0,1,0.23512149186702502,47
454,1,708,350,358,0,0,0,1.0,1,1.0,1,1.0,1,0.22488948412119544,46
455,4,712,352,360,0,0,0,1.0,1,1.0,1,1.0,1,0.18684150611894912,47
456,1,713,353,360,0,0,0,1.0,1,1.0,1,1.0,1,0.20345556094237247,49
457,1,714,354,360,0,0,0,1.0,1,1.0,1,1.0,1,0.22368161711107415,50
458,1,715,354,361,0,0,0,1.0,1,1.0,1,1.0,1,0.2101620123805999,50
459,1,716,354,362,0,0,0,1.0,1,1.0,1,1.0,1,0.17774032525636302,52
460,2,718,354,364,0,0,0,1.0,1,1.0,1,1.0,1,0.1715879411438546,53
461,1,719,354,365,0,0,0,1.0,1,1.0,1,1.0,1,0.17939499919087767,54
462,1,720,354,366,0,0,0,1.0,1,1.0,1,1.0,1,0.16853549445048843,54
463,1,721,355,366,0,0,0,1.0,1,1.0,1,1.0,1,0.1642093858738303,55
464,3,724,357,367,0,0,0,1.0,1,1.0,1,1.0,1,0.1686966082961283,56
465,1,725,357,368,0,0,0,1.0,1,1.0,1,1.0,1,0.1485833476849616,54
466,3,728,359,369,0,0,0,1.0,1,1.0,1,1.0,1,0.1818602886608893,54
467,2,730,360,370,0,0,0,1.0,1,1.0,1,1.0,1,0.2004758732934273,51
468,4,734,362,372,0,0,0,1.0,1,1.0,1,1.0,1,0.1599668776114708,51
469,5,739,364,375,0,0,0,1.0,1,1.0,1,1.0,1,0.14887373762713194,48
470,2,741,366,375,0,0,0,1.0,1,1.0,1,1.0,1,0.16197946038943067,47
471,2,743,367,376,0,0,0,1.0,1,1.0,1,1.0,1,0.14285615923194803,44
472,6,749,371,378,0,0,0,1.0,1,1.0,1,1.0,1,0.22875459634236103,43
473,1,750,372,378,0,0,0,1.0,1,1.0,1,1.0,1,0.20023356071025394,41
474,1,751,372,379,0,0,0,1.0,1,1.0,1,1.0,1,0.21473228175787468,39
475,2,753,373,380,0,0,0,1.0,1,1.0,1,1.0,1,0.2304883401846264,40
476,2,755,375,380,0,0,0,1.0,1,1.0,1,1.0,1,0.28230076418328787,38
477,3,758,377,381,0,0,0,1.0,1,1.0,1,1.0,1,0.3182489112176812,35
478,0,758,377,381,0,0,0,1.0,1,1.0,1,1.0,1,0.31043026264515183,35
479,1,759,378,381,0,0,0,1.0,1,1.0,1,1.0,1,0.35839888899255395,32
480,1,760,378,382,0,0,0,1.0,1,1.0,1,1.0,1,0.3580478649705587,32
481,0,760,378,382,0,0,0,1.0,1,1.0,1,1.0,1,0.3522153194144657,33
482,2,762,379,383,0,0,0,1.0,1,1.0,1,1.0,1,0.3533251904698737,34
483,1,763,380,383,0,0,0,1.0,1,1.0,1,1.0,1,0.33100662537405007,32
484,4,767,381,386,0,0,0,1.0,1,1.0,1,1.0,1,0.2805496889583534,33
485,3,770,382,388,0,0,0,1.0,1,1.0,1,1.0,1,0.26588419781099604,34
486,3,773,382,391,0,0,0,1.0,1,1.0,1,1.0,1,0.257541265581286,36
487,3,776,382,394,0,0,0,1.0,1,1.0,1,1.0,1,0.18590035139737196,36
488,0,776,382,394,0,0,0,1.0,1,1.0,1,1.0,1,0.19985723343102915,37
489,3,779,384,395,0,0,0,1.0,1,1.0,1,1.0,1,0.2537624648004183,38
490,2,781,385,396,0,0,0,1.0,1,1.0,1,1.0,1,0.23771455935747446,38
491,0,781,385,396,0,0,0,1.0,1,1.0,1,1.0,1,0.23860956297645602,37
492,1,782,386,396,0,0,0,1.0,1,1.0,1,1.0,1,0.2627824079085916,37
493,0,782,386,396,0,0,0,1.0,1,1.0,1,1.0,1,0.2627824079085916,37
494,4,786,389,397,0,0,0,1.0,1,1.0,1,1.0,1,0.2558417803856729,39
495,0,786,389,397,0,0,0,1.0,1,1.0,1,1.0,1,0.2585314082990194,40
496,0,786,389,397,0,0,0,1.0,1,1.0,1,1.0,1,0.2585314082990194,40
497,1,787,389,398,0,0,0,1.0,1,1.0,1,1.0,1,0.22517537328130255,43
498,1,788,390,398,0,0,0,1.0,1,1.0,1,1.0,1,0.20420719629037143,43
499,2,790,391,399,0,0,0,1.0,1,1.0,1,1.0,1,0.2194940683817685,44
500,1,791,391,400,0,0,0,1.0,1,1.0,1,1.0,1,0.19262447825650855,45
501,1,792,391,401,0,0,0,1.0,1,1.0,1,1.0,1,0.17264086514268234,45
502,3,795,394,401,0,0,0,1.0,1,1.0,1,1.0,1,0.19240453370641403,45
503,4,799,397,402,0,0,0,1.0,1,1.0,1,1.0,1,0.23023569137773536,46
504,6,805,400,405,0,0,0,1.0,1,1.0,1,1.0,1,0.28081352957297534,47
505,2,807,401,406,0,0,0,1.0,1,1.0,1,1.0,1,0.2490132614858674,42
506,0,807,401,406,0,0,0,1.0,1,1.0,1,1.0,1,0.26735782898930527,41
507,0,807,401,406,0,0,0,1.0,1,1.0,1,1.0,1,0.26266658015431915,38
508,1,808,402,406,0,0,0,1.0,1,1.0,1,1.0,1,0.316768488525934,38
509,3,811,402,409,0,0,0,1.0,1,1.0,1,1.0,1,0.2921317364481616,37
510,0,811,402,409,0,0,0,1.0,1,1.0,1,1.0,1,0.2850077654817031,36
511,2,813,403,410,0,0,0,1.0,1,1.0,1,1.0,1,0.34028656847456296,34
512,0,813,403,410,0,0,0,1.0,1,1.0,1,1.0,1,0.34184881831534064,32
513,0,813,403,410,0,0,0,1.0,1,1.0,1,1.0,1,0.34184881831534064,32
514,1,814,403,411,0,0,0,1.0,1,1.0,1,1.0,1,0.2965136716675644,35
515,2,816,403,413,0,0,0,1.0,1,1.0,1,1.0,1,0.24043997354529678,35
516,0,816,403,413,0,0,0,1.0,1,1.0,1,1.0,1,0.2594544729415086,36
517,0,816,403,413,0,0,0,1.0,1,1.0,1,1.0,1,0.2594544729415086,36
518,0,816,403,413,0,0,0,1.0,1,1.0,1,1.0,1,0.28583655078133996,39
519,2,818,404,414,0,0,0,1.0,1,1.0,1,1.0,1,0.26344637167129287,39
520,2,820,405,415,0,0,0,1.0,1,1.0,1,1.0,1,0.2750382528504112,39
521,0,820,405,415,0,0,0,1.0,1,1.0,1,1.0,1,0.26815397740474867,40
522,1,821,406,415,0,0,0,1.0,1,1.0,1,1.0,1,0.2557835196277874,40
523,1,822,407,415,0,0,0,1.0,1,1.0,1,1.0,1,0.25294632319098764,41
524,0,822,407,415,0,0,0,1.0,1,1.0,1,1.0,1,0.25294632319098764,41
525,4,826,409,417,0,0,0,1.0,1,1.0,1,1.0,1,0.24302087540820683,40
526,0,826,409,417,0,0,0,1.0,1,1.0,1,1.0,1,0.2538041705123755,40
527,1,827,410,417,0,0,0,1.0,1,1.0,1,1.0,1,0.2598415179598498,40
528,1,828,411,417,0,0,0,1.0,1,1.0,1,1.0,1,0.2504539860804497,40
529,1,829,411,418,0,0,0,1.0,1,1.0,1,1.0,1,0.2528134678438119,39
530,0,829,411,418,0,0,0,1.0,1,1.0,1,1.0,1,0.2528134678438119,39
531,1,830,412,418,0,0,0,1.0,1,1.0,1,1.0,1,0.25850164337964926,39
532,0,830,412,418,0,0,0,1.0,1,1.0,1,1.0,1,0.2698499067568218,40
533,1,831,413,418,0,0,0,1.0,1,1.0,1,1.0,1,0.33501609818362077,40
534,1,832,413,419,0,0,0,1.0,1,1.0,1,1.0,1,0.3097204718251068,42
535,1,833,414,419,0,0,0,1.0,1,1.0,1,1.0,1,0.37193009587342823,42
536,1,834,414,420,0,0,0,1.0,1,1.0,1,1.0,1,0.3530145022277702,43
537,2,836,414,422,0,0,0,1.0,1,1.0,1,1.0,1,0.331901860361306,43
538,2,838,414,424,0,0,0,1.0,1,1.0,1,1.0,1,0.31344704500032067,44
539,3,841,415,426,0,0,0,1.0,1,1.0,1,1.0,1,0.28432862661357905,44
540,0,841,415,426,0,0,0,1.0,1,1.0,1,1.0,1,0.28432862661357905,44
541,0,841,415,426,0,0,0,1.0,1,1.0,1,1.0,1,0.27170055314123776,45
542,4,845,416,429,0,0,0,1.0,1,1.0,1,1.0,1,0.2375199340532159,46
543,1,846,417,429,0,0,0,1.0,1,1.0,1,1.0,1,0.24886411571980252,43
544,3,849,419,430,0,0,0,1.0,1,1.0,1,1.0,1,0.25828205358935113,42
545,4,853,421,432,0,0,0,1.0,1,1.0,1,1.0,1,0.2610739868923772,43
546,6,859,424,435,0,0,0,1.0,1,1.0,1,1.0,1,0.28200857647969724,41
547,0,859,424,435,0,0,0,1.0,1,1.0,1,1.0,1,0.25038358721885273,40
548,5,864,428,436,0,0,0,1.0,1,1.0,1,1.0,1,0.3435644332126347,40
549,3,867,429,438,0,0,0,1.0,1,1.0,1,1.0,1,0.29923738581904097,39
550,0,867,429,438,0,0,0,1.0,1,1.0,1,1.0,1,0.2783943831929909,38
551,3,870,431,439,0,0,0,1.0,1,1.0,1,1.0,1,0.28017602528648383,38
552,1,871,432,439,0,0,0,1.0,1,1.0,1,1.0,1,0.31786703360453583,39
553,0,871,432,439,0,0,0,1.0,1,1.0,1,1.0,1,0.31263339747172686,38
554,1,872,433,439,0,0,0,1.0,1,1.0,1,1.0,1,0.33232404427590156,39
555,0,872,433,439,0,0,0,1.0,1,1.0,1,1.0,1,0.31276004805599145,39
556,1,873,433,440,0,0,0,1.0,1,1.0,1,1.0,1,0.3050970063873544,40
557,1,874,433,441,0,0,0,1.0,1,1.0,1,1.0,1,0.30822234390254594,40
558,1,875,433,442,0,0,0,1.0,1,1.0,1,1.0,1,0.28798839082996003,40
559,3,878,434,444,0,0,0,1.0,1,1.0,1,1.0,1,0.2552229573410401,40
560,0,878,434,444,0,0,0,1.0,1,1.0,1,1.0,1,0.2522260247739907,41
561,3,881,435,446,0,0,0,1.0,1,1.0,1,1.0,1,0.24164923835200228,42
562,1,882,436,446,0,0,0,1.0,1,1.0,1,1.0,1,0.2618058344668444,42
563,2,884,437,447,0,0,0,1.0,1,1.0,1,1.0,1,0.275906461009225,42
564,0,884,437,447,0,0,0,1.0,1,1.0,1,1.0,1,0.2937366475367147,43
565,4,888,438,450,0,0,0,1.0,1,1.0,1,1.0,1,0.24015098292445466,44
566,0,888,438,450,0,0,0,1.0,1,1.0,1,1.0,1,0.24102346286778972,45
567,0,888,438,450,0,0,0,1.0,1,1.0,1,1.0,1,0.24102346286778972,45
568,2,890,439,451,0,0,0,1.0,1,1.0,1,1.0,1,0.20500226884169845,46
569,1,891,440,451,0,0,0,1.0,1,1.0,1,1.0,1,0.20094444861134214,47
570,1,892,441,451,0,0,0,1.0,1,1.0,1,1.0,1,0.224666900333151,48
571,1,893,442,451,0,0,0,1.0,1,1.0,1,1.0,1,0.2559411886536321,48
572,0,893,442,451,0,0,0,1.0,1,1.0,1,1.0,1,0.24751416977197446,47
573,1,894,442,452,0,0,0,1.0,1,1.0,1,1.0,1,0.24443577611622308,49
574,1,895,442,453,0,0,0,1.0,1,1.0,1,1.0,1,0.22720258878279997,49
575,2,897,442,455,0,0,0,1.0,1,1.0,1,1.0,1,0.19130586205254477,50
576,2,899,442,457,0,0,0,1.0,1,1.0,1,1.0,1,0.17652679309180258,51
577,0,899,442,457,0,0,0,1.0,1,1.0,1,1.0,1,0.17652679309180258,51
578,0,899,442,457,0,0,0,1.0,1,1.0,1,1.0,1,0.17652679309180258,51
579,2,901,443,458,0,0,0,1.0,1,1.0,1,1.0,1,0.17825158008146816,52
580,2,903,443,460,0,0,0,1.0,1,1.0,1,1.0,1,0.18918961481034877,52
581,2,905,444,461,0,0,0,1.0,1,1.0,1,1.0,1,0.19889776879580762,52
582,1,906,445,461,0,0,0,1.0,1,1.0,1,1.0,1,0.21450284573514777,53
583,3,909,447,462,0,0,0,1.0,1,1.0,1,1.0,1,0.2565508227124368,51
584,7,916,450,466,0,0,0,1.0,1,1.0,1,1.0,1,0.1827312746592533,51
585,3,919,453,466,0,0,0,1.0,1,1.0,1,1.0,1,0.20639320451916351,49
586,6,925,456,469,0,0,0,1.0,1,1.0,1,1.0,1,0.17076511957674126,49
587,2,927,457,470,0,0,0,1.0,1,1.0,1,1.0,1,0.1874884203458532,48
588,3,930,459,471,0,0,0,1.0,1,1.0,1,1.0,1,0.164679300818312,46
589,4,934,461,473,0,0,0,1.0,1,1.0,1,1.0,1,0.1534141710799711,48
590,1,935,462,473,0,0,0,1.0,1,1.0,1,1.0,1,0.1682175084418964,47
591,0,935,462,473,0,0,0,1.0,1,1.0,1,1.0,1,0.17141025928815193,48
592,0,935,462,473,0,0,0,1.0,1,1.0,1,1.0,1,0.15857146656602022,47
593,0,935,462,473,0,0,0,1.0,1,1.0,1,1.0,1,0.1678974269791538,45
594,0,935,462,473,0,0,0,1.0,1,1.0,1,1.0,1,0.1537814978180667,44
595,2,937,464,473,0,0,0,1.0,1,1.0,1,1.0,1,0.18101715468534552,43
596,2,939,466,473,0,0,0,1.0,1,1.0,1,1.0,1,0.22290811670489888,44
597,2,941,466,475,0,0,0,1.0,1,1.0,1,1.0,1,0.18915077433128233,43
598,1,942,467,475,0,0,0,1.0,1,1.0,1,1.0,1,0.19253926736961252,45
599,3,945,470,475,0,0,0,1.0,1,1.0,1,1.0,1,0.216835370483188,44
600,2,947,470,477,0,0,0,1.0,1,1.0,1,1.0,1,0.15528069884186277,44
601,0,947,470,477,0,0,0,1.0,1,1.0,1,1.0,1,0.16782680846707113,45
602,1,948,470,478,0,0,0,1.0,1,1.0,1,1.0,1,0.16342215166352297,46
603,0,948,470,478,0,0,0,1.0,1,1.0,1,1.0,1,0.16342689707849095,46
604,0,948,470,478,0,0,0,1.0,1,1.0,1,1.0,1,0.16973939257586976,47
605,1,949,471,478,0,0,0,1.0,1,1.0,1,1.0,1,0.17836178711073522,47
606,1,950,471,479,0,0,0,1.0,1,1.0,1,1.0,1,0.1569025233532726,47
607,0,950,471,479,0,0,0,1.0,1,1.0,1,1.0,1,0.16832760814116723,48
608,0,950,471,479,0,0,0,1.0,1,1.0,1,1.0,1,0.1947444629791368,47
609,0,950,471,479,0,0,0,1.0,1,1.0,1,1.0,1,0.20440615278386462,48
610,4,954,471,483,0,0,0,1.0,1,1.0,1,1.0,1,0.13190303669082298,48
611,1,955,472,483,0,0,0,1.0,1,1.0,1,1.0,1,0.10750488381750511,49
612,1,956,472,484,0,0,0,1.0,1,1.0,1,1.0,1,0.128435887451905,50
613,1,957,473,484,0,0,0,1.0,1,1.0,1,1.0,1,0.12788407974072874,50
614,0,957,473,484,0,0,0,1.0,1,1.0,1,1.0,1,0.12788407974072874,50
615,1,958,474,484,0,0,0,1.0,1,1.0,1,1.0,1,0.14754143713681217,50
616,1,959,475,484,0,0,0,1.0,1,1.0,1,1.0,1,0.1545598583759082,50
617,3,962,476,486,0,0,0,1.0,1,1.0,1,1.0,1,0.15782169016408043,52
618,1,963,476,487,0,0,0,1.0,1,1.0,1,1.0,1,0.12995821978119165,52
619,1,964,476,488,0,0,0,1.0,1,1.0,1,1.0,1,0.13777231604587084,50
620,0,964,476,488,0,0,0,1.0,1,1.0,1,1.0,1,0.13242773940964483,50
621,3,967,479,488,0,0,0,1.0,1,1.0,1,1.0,1,0.1758541034980813,49
622,2,969,480,489,0,0,0,1.0,1,1.0,1,1.0,1,0.1949397043643993,49
623,6,975,484,491,0,0,0,1.0,1,1.0,1,1.0,1,0.2347636601503277,48
624,4,979,484,495,0,0,0,1.0,1,1.0,1,1.0,1,0.1877919792586613,46
625,0,979,484,495,0,0,0,1.0,1,1.0,1,1.0,1,0.16174938440740932,45
626,1,980,485,495,0,0,0,1.0,1,1.0,1,1.0,1,0.15883550131992122,44
627,3,983,488,495,0,0,0,1.0,1,1.0,1,1.0,1,0.21845581527003266,44
628,4,987,491,496,0,0,0,1.0,1,1.0,1,1.0,1,0.24695725857802947,44
629,1,988,492,496,0,0,0,1.0,1,1.0,1,1.0,1,0.2116247857810975,41
630,3,991,494,497,0,0,0,1.0,1,1.0,1,1.0,1,0.2716460287486574,40
631,6,997,497,500,0,0,0,1.0,1,1.0,1,1.0,1,0.32296745996683707,38
632,3,1000,499,501,0,0,0,1.0,1,1.0,1,1.0,1,0.292905865265201,38
633,0,1000,499,501,0,0,0,1.0,1,1.0,1,1.0,1,0.2985578080725524,36
634,0,1000,499,501,0,0,0,1.0,1,1.0,1,1.0,1,0.29200680640314247,35
635,0,1000,499,501,0,0,0,1.0,1,1.0,1,1.0,1,0.29200680640314247,35
636,4,1004,500,504,0,0,0,1.0,1,1.0,1,1.0,1,0.24570714059441262,36
637,1,1005,500,505,0,0,0,1.0,1,1.0,1,1.0,1,0.2492647101729446,35
638,0,1005,500,505,0,0,0,1.0,1,1.0,1,1.0,1,0.27485815398817387,34
639,1,1006,501,505,0,0,0,1.0,1,1.0,1,1.0,1,0.2503136758491549,36
640,3,1009,502,507,0,0,0,1.0,1,1.0,1,1.0,1,0.26216354169536826,37
641,1,1010,502,508,0,0,0,1.0,1,1.0,1,1.0,1,0.23310329212458722,37
642,0,1010,502,508,0,0,0,1.0,1,1.0,1,1.0,1,0.20325825034890782,38
643,0,1010,502,508,0,0,0,1.0,1,1.0,1,1.0,1,0.21499568161590757,39
644,1,1011,503,508,0,0,0,1.0,1,1.0,1,1.0,1,0.24438984131299457,39
645,1,1012,503,509,0,0,0,1.0,1,1.0,1,1.0,1,0.2206728137595768,39
646,2,1014,505,509,0,0,0,1.0,1,1.0,1,1.0,1,0.23914358072904213,40
647,0,1014,505,509,0,0,0,1.0,1,1.0,1,1.0,1,0.23914358072904213,40
648,1,1015,505,510,0,0,0,1.0,1,1.0,1,1.0,1,0.20430712499497194,40
649,0,1015,505,510,0,0,0,1.0,1,1.0,1,1.0,1,0.20430712499497194,40
650,2,1017,506,511,0,0,0,1.0,1,1.0,1,1.0,1,0.23769946584952584,41
651,2,1019,507,512,0,0,0,1.0,1,1.0,1,1.0,1,0.20765629853566905,42
652,0,1019,507,512,0,0,0,1.0,1,1.0,1,1.0,1,0.22930683907050348,41
653,1,1020,508,512,0,0,0,1.0,1,1.0,1,1.0,1,0.2313144467026531,41
654,2,1022,508,514,0,0,0,1.0,1,1.0,1,1.0,1,0.21750807307662723,42
655,3,1025,508,517,0,0,0,1.0,1,1.0,1,1.0,1,0.18675542175955126,45
656,3,1028,511,517,0,0,0,1.0,1,1.0,1,1.0,1,0.2970187777917232,45
657,3,1031,511,520,0,0,0,1.0,1,1.0,1,1.0,1,0.18274245503171835,43
658,4,1035,515,520,0,0,0,1.0,1,1.0,1,1.0,1,0.27048710082757893,43
659,0,1035,515,520,0,0,0,1.0,1,1.0,1,1.0,1,0.2683565981341249,43
660,3,1038,517,521,0,0,0,1.0,1,1.0,1,1.0,1,0.35099549735714153,43
661,2,1040,517,523,0,0,0,1.0,1,1.0,1,1.0,1,0.3138685077788405,41
662,0,1040,517,523,0,0,0,1.0,1,1.0,1,1.0,1,0.33077550292933716,40
663,2,1042,519,523,0,0,0,1.0,1,1.0,1,1.0,1,0.33935823619698935,39
664,3,1045,521,524,0,0,0,1.0,1,1.0,1,1.0,1,0.3630214257652578,36
665,3,1048,522,526,0,0,0,1.0,1,1.0,1,1.0,1,0.3109788681532427,36
666,3,1051,524,527,0,0,0,1.0,1,1.0,1,1.0,1,0.30540972444642117,36
667,0,1051,524,527,0,0,0,1.0,1,1.0,1,1.0,1,0.3002734514422356,35
668,3,1054,526,528,0,0,0,1.0,1,1.0,1,1.0,1,0.2996669898443621,34
669,4,1058,528,530,0,0,0,1.0,1,1.0,1,1.0,1,0.2665250816348928,34
670,2,1060,529,531,0,0,0,1.0,1,1.0,1,1.0,1,0.27423749926755386,32
671,2,1062,530,532,0,0,0,1.0,1,1.0,1,1.0,1,0.26607522323972665,33
672,1,1063,530,533,0,0,0,1.0,1,1.0,1,1.0,1,0.2657265807131147,32
673,0,1063,530,533,0,0,0,1.0,1,1.0,1,1.0,1,0.2657265807131147,32
674,3,1066,531,535,0,0,0,1.0,1,1.0,1,1.0,1,0.27749338860686756,32
675,3,1069,532,537,0,0,0,1.0,1,1.0,1,1.0,1,0.2190316410737549,34
676,1,1070,532,538,0,0,0,1.0,1,1.0,1,1.0,1,0.19357306172484065,35
677,0,1070,532,538,0,0,0,1.0,1,1.0,1,1.0,1,0.19357306172484065,35
678,1,1071,533,538,0,0,0,1.0,1,1.0,1,1.0,1,0.1929180996619853,35
679,2,1073,534,539,0,0,0,1.0,1,1.0,1,1.0,1,0.1724044208019519,36
680,1,1074,535,539,0,0,0,1.0,1,1.0,1,1.0,1,0.14404064878124873,37
681,0,1074,535,539,0,0,0,1.0,1,1.0,1,1.0,1,0.14404064878124873,37
682,1,1075,536,539,0,0,0,1.0,1,1.0,1,1.0,1,0.16363378186527267,37
683,0,1075,536,539,0,0,0,1.0,1,1.0,1,1.0,1,0.16282952971725292,38
684,1,1076,537,539,0,0,0,1.0,1,1.0,1,1.0,1,0.18926008671297465,39
685,0,1076,537,539,0,0,0,1.0,1,1.0,1,1.0,1,0.1806385644779679,38
686,0,1076,537,539,0,0,0,1.0,1,1.0,1,1.0,1,0.17908746366554068,37
687,5,1081,539,542,0,0,0,1.0,1,1.0,1,1.0,1,0.2328231582994639,38
688,1,1082,539,543,0,0,0,1.0,1,1.0,1,1.0,1,0.2201018288108108,37
689,2,1084,541,543,0,0,0,1.0,1,1.0,1,1.0,1,0.2861188612090572,39
690,1,1085,541,544,0,0,0,1.0,1,1.0,1,1.0,1,0.2676319771980128,38
691,1,1086,542,544,0,0,0,1.0,1,1.0,1,1.0,1,0.24885407080751829,38
692,1,1087,543,544,0,0,0,1.0,1,1.0,1,1.0,1,0.2516896994048691,38
693,2,1089,545,544,0,0,0,1.0,1,1.0,1,1.0,1,0.2828179715012999,40
694,3,1092,547,545,0,0,0,1.0,1,1.0,1,1.0,1,0.3293671227059596,42
695,1,1093,547,546,0,0,0,1.0,1,1.0,1,1.0,1,0.2794131569401191,40
696,3,1096,549,547,0,0,0,1.0,1,1.0,1,1.0,1,0.2718332572948155,39
697,2,1098,549,549,0,0,0,1.0,1,1.0,1,1.0,1,0.2508288324775469,39
698,3,1101,551,550,0,0,0,1.0,1,1.0,1,1.0,1,0.2255978512249814,37
699,0,1101,551,550,0,0,0,1.0,1,1.0,1,1.0,1,0.2156536857514787,37
700,4,1105,552,553,0,0,0,1.0,1,1.0,1,1.0,1,0.2045758203883892,37
701,0,1105,552,553,0,0,0,1.0,1,1.0,1,1.0,1,0.2045758203883892,37
702,0,1105,552,553,0,0,0,1.0,1,1.0,1,1.0,1,0.2144669317528123,38
703,2,1107,553,554,0,0,0,1.0,1,1.0,1,1.0,1,0.18761047521108618,36
704,1,1108,554,554,0,0,0,1.0,1,1.0,1,1.0,1,0.19480834007129041,36
705,2,1110,556,554,0,0,0,1.0,1,1.0,1,1.0,1,0.22566334680344516,36
706,5,1115,561,554,0,0,0,1.0,1,1.0,1,1.0,1,0.33413428973151765,35
707,5,1120,563,557,0,0,0,1.0,1,1.0,1,1.0,1,0.2686375021170816,36
708,2,1122,564,558,0,0,0,1.0,1,1.0,1,1.0,1,0.2751299753805973,36
709,1,1123,565,558,0,0,0,1.0,1,1.0,1,1.0,1,0.26167492169329654,34
710,0,1123,565,558,0,0,0,1.0,1,1.0,1,1.0,1,0.26167492169329654,34
711,0,1123,565,558,0,0,0,1.0,1,1.0,1,1.0,1,0.253252593609498,34
712,3,1126,568,558,0,0,0,1.0,1,1.0,1,1.0,1,0.30718948532171025,35
713,4,1130,569,561,0,0,0,1.0,1,1.0,1,1.0,1,0.25743271730560724,34
714,1,1131,570,561,0,0,0,1.0,1,1.0,1,1.0,1,0.2660914022250334,34
715,1,1132,570,562,0,0,0,1.0,1,1.0,1,1.0,1,0.2642369459824469,35
716,1,1133,571,562,0,0,0,1.0,1,1.0,1,1.0,1,0.29330990115458894,33
717,4,1137,573,564,0,0,0,1.0,1,1.0,1,1.0,1,0.3514896009386781,33
718,5,1142,574,568,0,0,0,1.0,1,1.0,1,1.0,1,0.3029567259917032,32
719,2,1144,574,570,0,0,0,1.0,1,1.0,1,1.0,1,0.2419054716433625,32
720,1,1145,575,570,0,0,0,1.0,1,1.0,1,1.0,1,0.2283038536632506,33
721,2,1147,576,571,0,0,0,1.0,1,1.0,1,1.0,1,0.21123059952399686,33
722,1,1148,577,571,0,0,0,1.0,1,1.0,1,1.0,1,0.26619070246779103,34
723,0,1148,577,571,0,0,0,1.0,1,1.0,1,1.0,1,0.26619070246779103,34
724,1,1149,577,572,0,0,0,1.0,1,1.0,1,1.0,1,0.256961780618932,36
725,0,1149,577,572,0,0,0,1.0,1,1.0,1,1.0,1,0.256961780618932,36
726,0,1149,577,572,0,0,0,1.0,1,1.0,1,1.0,1,0.256961780618932,36
727,1,1150,577,573,0,0,0,1.0,1,1.0,1,1.0,1,0.23300225396849042,36
728,2,1152,578,574,0,0,0,1.0,1,1.0,1,1.0,1,0.22341420251189356,37
729,0,1152,578,574,0,0,0,1.0,1,1.0,1,1.0,1,0.2036547162406252,37
730,1,1153,578,575,0,0,0,1.0,1,1.0,1,1.0,1,0.16877600831771505,38
731,0,1153,578,575,0,0,0,1.0,1,1.0,1,1.0,1,0.18928705417915923,39
732,0,1153,578,575,0,0,0,1.0,1,1.0,1,1.0,1,0.17984426903670236,41
733,1,1154,579,575,0,0,0,1.0,1,1.0,1,1.0,1,0.1478699470050261,39
734,2,1156,581,575,0,0,0,1.0,1,1.0,1,1.0,1,0.23021520252395364,39
735,2,1158,583,575,0,0,0,1.0,1,1.0,1,1.0,1,0.2676019720598408,39
736,1,1159,583,576,0,0,0,1.0,1,1.0,1,1.0,1,0.2996823311579911,38
737,3,1162,584,578,0,0,0,1.0,1,1.0,1,1.0,1,0.3038799213409009,39
738,0,1162,584,578,0,0,0,1.0,1,1.0,1,1.0,1,0.3268141503287345,37
739,0,1162,584,578,0,0,0,1.0,1,1.0,1,1.0,1,0.3268141503287345,37
740,0,1162,584,578,0,0,0,1.0,1,1.0,1,1.0,1,0.3147092701005567,35
741,0,1162,584,578,0,0,0,1.0,1,1.0,1,1.0,1,0.2936881577146557,33
742,1,1163,585,578,0,0,0,1.0,1,1.0,1,1.0,1,0.31421294809366285,35
743,3,1166,587,579,0,0,0,1.0,1,1.0,1,1.0,1,0.32954722945064546,35
744,4,1170,589,581,0,0,0,1.0,1,1.0,1,1.0,1,0.2757920175173064,34
745,1,1171,590,581,0,0,0,1.0,1,1.0,1,1.0,1,0.31287553089088405,34
746,5,1176,593,583,0,0,0,1.0,1,1.0,1,1.0,1,0.2419613485713926,33
747,0,1176,593,583,0,0,0,1.0,1,1.0,1,1.0,1,0.22786578305549834,32
748,0,1176,593,583,0,0,0,1.0,1,1.0,1,1.0,1,0.21787034574009195,33
749,0,1176,593,583,0,0,0,1.0,1,1.0,1,1.0,1,0.21787034574009195,33
750,1,1177,594,583,0,0,0,1.0,1,1.0,1,1.0,1,0.24829595365292537,34
751,2,1179,595,584,0,0,0,1.0,1,1.0,1,1.0,1,0.26308792144822124,36
752,3,1182,598,584,0,0,0,1.0,1,1.0,1,1.0,1,0.24139260551668099,35
753,3,1185,600,585,0,0,0,1.0,1,1.0,1,1.0,1,0.29350928627576195,37
754,2,1187,602,585,0,0,0,1.0,1,1.0,1,1.0,1,0.3120051072033436,37
755,3,1190,603,587,0,0,0,1.0,1,1.0,1,1.0,1,0.2776123553863629,35
756,2,1192,603,589,0,0,0,1.0,1,1.0,1,1.0,1,0.2744331746615511,36
757,0,1192,603,589,0,0,0,1.0,1,1.0,1,1.0,1,0.26103760933130427,35
758,0,1192,603,589,0,0,0,1.0,1,1.0,1,1.0,1,0.2733808485653718,36
759,1,1193,604,589,0,0,0,1.0,1,1.0,1,1.0,1,0.3074677697340742,37
760,1,1194,604,590,0,0,0,1.0,1,1.0,1,1.0,1,0.3066722221538678,36
761,0,1194,604,590,0,0,0,1.0,1,1.0,1,1.0,1,0.3066722221538678,36
762,0,1194,604,590,0,0,0,1.0,1,1.0,1,1.0,1,0.3158940597609189,37
763,0,1194,604,590,0,0,0,1.0,1,1.0,1,1.0,1,0.3259368754335485,38
764,0,1194,604,590,0,0,0,1.0,1,1.0,1,1.0,1,0.3259368754335485,38
765,0,1194,604,590,0,0,0,1.0,1,1.0,1,1.0,1,0.3259368754335485,38
766,0,1194,604,590,0,0,0,1.0,1,1.0,1,1.0,1,0.3162380213919534,40
767,0,1194,604,590,0,0,0,1.0,1,1.0,1,1.0,1,0.3254619334911601,41
768,2,1196,605,591,0,0,0,1.0,1,1.0,1,1.0,1,0.3458028968255124,41
769,2,1198,605,593,0,0,0,1.0,1,1.0,1,1.0,1,0.3225830167748828,42
770,2,1200,606,594,0,0,0,1.0,1,1.0,1,1.0,1,0.3008206382988522,41
771,1,1201,606,595,0,0,0,1.0,1,1.0,1,1.0,1,0.3171737242696686,41
772,4,1205,608,597,0,0,0,1.0,1,1.0,1,1.0,1,0.2701965606458871,41
773,1,1206,608,598,0,0,0,1.0,1,1.0,1,1.0,1,0.24430864876101505,41
774,4,1210,610,600,0,0,0,1.0,1,1.0,1,1.0,1,0.23645658134148412,42
775,0,1210,610,600,0,0,0,1.0,1,1.0,1,1.0,1,0.23645658134148412,42
776,0,1210,610,600,0,0,0,1.0,1,1.0,1,1.0,1,0.23645658134148412,42
777,1,1211,610,601,0,0,0,1.0,1,1.0,1,1.0,1,0.23051207840109442,42
778,0,1211,610,601,0,0,0,1.0,1,1.0,1,1.0,1,0.25504558306915837,44
779,0,1211,610,601,0,0,0,1.0,1,1.0,1,1.0,1,0.25504558306915837,44
780,1,1212,611,601,0,0,0,1.0,1,1.0,1,1.0,1,0.2690557716048905,44
781,1,1213,611,602,0,0,0,1.0,1,1.0,1,1.0,1,0.25672901923361974,46
782,4,1217,613,604,0,0,0,1.0,1,1.0,1,1.0,1,0.2743930792094032,45
783,2,1219,613,606,0,0,0,1.0,1,1.0,1,1.0,1,0.272257656780789,44
784,2,1221,614,607,0,0,0,1.0,1,1.0,1,1.0,1,0.2687106231072834,44
785,2,1223,615,608,0,0,0,1.0,1,1.0,1,1.0,1,0.217309412950575,43
786,1,1224,616,608,0,0,0,1.0,1,1.0,1,1.0,1,0.21301876906452089,43
787,0,1224,616,608,0,0,0,1.0,1,1.0,1,1.0,1,0.21301876906452089,43
788,3,1227,617,610,0,0,0,1.0,1,1.0,1,1.0,1,0.24590835926650803,45
789,3,1230,618,612,0,0,0,1.0,1,1.0,1,1.0,1,0.1965157147386273,46
790,1,1231,618,613,0,0,0,1.0,1,1.0,1,1.0,1,0.2089369678011129,45
791,3,1234,618,616,0,0,0,1.0,1,1.0,1,1.0,1,0.16868466093048257,46
792,2,1236,619,617,0,0,0,1.0,1,1.0,1,1.0,1,0.1993043525915014,46
793,0,1236,619,617,0,0,0,1.0,1,1.0,1,1.0,1,0.1993043525915014,46
794,2,1238,620,618,0,0,0,1.0,1,1.0,1,1.0,1,0.2125168703973967,47
795,0,1238,620,618,0,0,0,1.0,1,1.0,1,1.0,1,0.2125168703973967,47
796,2,1240,621,619,0,0,0,1.0,1,1.0,1,1.0,1,0.22169433211461184,46
797,4,1244,623,621,0,0,0,1.0,1,1.0,1,1.0,1,0.2225230395213903,47
798,3,1247,625,622,0,0,0,1.0,1,1.0,1,1.0,1,0.22996737096573364,48
799,0,1247,625,622,0,0,0,1.0,1,1.0,1,1.0,1,0.22996737096573364,48
800,1,1248,626,622,0,0,0,1.0,1,1.0,1,1.0,1,0.2568048809196925,48
801,5,1253,626,627,0,0,0,1.0,1,1.0,1,1.0,1,0.19591171220864984,49
802,1,1254,627,627,0,0,0,1.0,1,1.0,1,1.0,1,0.19437989221928131,50
803,1,1255,627,628,0,0,0,1.0,1,1.0,1,1.0,1,0.17668822076709198,49
804,2,1257,629,628,0,0,0,1.0,1,1.0,1,1.0,1,0.16223078246347636,50
805,0,1257,629,628,0,0,0,1.0,1,1.0,1,1.0,1,0.16223078246347636,50
806,0,1257,629,628,0,0,0,1.0,1,1.0,1,1.0,1,0.16223078246347636,50
807,0,1257,629,628,0,0,0,1.0,1,1.0,1,1.0,1,0.1780598005824736,51
808,0,1257,629,628,0,0,0,1.0,1,1.0,1,1.0,1,0.1780598005824736,51
809,5,1262,630,632,0,0,0,1.0,1,1.0,1,1.0,1,0.1362242999392424,51
810,1,1263,630,633,0,0,0,1.0,1,1.0,1,1.0,1,0.12558822589078364,52
811,1,1264,631,633,0,0,0,1.0,1,1.0,1,1.0,1,0.14395961523852818,50
812,2,1266,632,634,0,0,0,1.0,1,1.0,1,1.0,1,0.17160430446318986,48
813,3,1269,634,635,0,0,0,1.0,1,1.0,1,1.0,1,0.20739800085626553,49
814,1,1270,634,636,0,0,0,1.0,1,1.0,1,1.0,1,0.19804592138097357,48
815,4,1274,636,638,0,0,0,1.0,1,1.0,1,1.0,1,0.22809208805021872,48
816,2,1276,637,639,0,0,0,1.0,1,1.0,1,1.0,1,0.21407853398745194,46
817,2,1278,637,641,0,0,0,1.0,1,1.0,1,1.0,1,0.22259304997837612,44
818,0,1278,637,641,0,0,0,1.0,1,1.0,1,1.0,1,0.2139227466858719,46
819,1,1279,638,641,0,0,0,1.0,1,1.0,1,1.0,1,0.23758241082704545,44
820,0,1279,638,641,0,0,0,1.0,1,1.0,1,1.0,1,0.2461812480145892,44
821,2,1281,638,643,0,0,0,1.0,1,1.0,1,1.0,1,0.19470706996727574,44
822,1,1282,639,643,0,0,0,1.0,1,1.0,1,1.0,1,0.2317823101916059,44
823,4,1286,640,646,0,0,0,1.0,1,1.0,1,1.0,1,0.16386607956689994,42
824,2,1288,642,646,0,0,0,1.0,1,1.0,1,1.0,1,0.18128893049831543,42
825,2,1290,643,647,0,0,0,1.0,1,1.0,1,1.0,1,0.14768895015993083,40
826,5,1295,647,648,0,0,0,1.0,1,1.0,1,1.0,1,0.19642210178210512,41
827,2,1297,649,648,0,0,0,1.0,1,1.0,1,1.0,1,0.23433728572230908,40
828,5,1302,653,649,0,0,0,1.0,1,1.0,1,1.0,1,0.17851807167621944,40
829,2,1304,654,650,0,0,0,1.0,1,1.0,1,1.0,1,0.18796241462133254,42
830,4,1308,656,652,0,0,0,1.0,1,1.0,1,1.0,1,0.18570505140527568,42
831,2,1310,658,652,0,0,0,1.0,1,1.0,1,1.0,1,0.22178020900532278,43
832,2,1312,659,653,0,0,0,1.0,1,1.0,1,1.0,1,0.20182315809241194,42
833,0,1312,659,653,0,0,0,1.0,1,1.0,1,1.0,1,0.21109063821966728,41
834,2,1314,660,654,0,0,0,1.0,1,1.0,1,1.0,1,0.2228951649174755,41
835,1,1315,661,654,0,0,0,1.0,1,1.0,1,1.0,1,0.21509324319284168,41
836,0,1315,661,654,0,0,0,1.0,1,1.0,1,1.0,1,0.2211038331514778,40
837,0,1315,661,654,0,0,0,1.0,1,1.0,1,1.0,1,0.21410572959198956,41
838,3,1318,662,656,0,0,0,1.0,1,1.0,1,1.0,1,0.23485943166970238,41
839,3,1321,663,658,0,0,0,1.0,1,1.0,1,1.0,1,0.19207373470591105,41
840,1,1322,664,658,0,0,0,1.0,1,1.0,1,1.0,1,0.23479332045490112,42
841,2,1324,665,659,0,0,0,1.0,1,1.0,1,1.0,1,0.18492397864549948,42
842,1,1325,666,659,0,0,0,1.0,1,1.0,1,1.0,1,0.21980511545653977,42
843,4,1329,669,660,0,0,0,1.0,1,1.0,1,1.0,1,0.23044505489010986,42
844,0,1329,669,660,0,0,0,1.0,1,1.0,1,1.0,1,0.24464010227732505,42
845,3,1332,669,663,0,0,0,1.0,1,1.0,1,1.0,1,0.22882085612697362,44
846,1,1333,670,663,0,0,0,1.0,1,1.0,1,1.0,1,0.26087933133795027,44
847,1,1334,671,663,0,0,0,1.0,1,1.0,1,1.0,1,0.260375579159703,42
848,1,1335,671,664,0,0,0,1.0,1,1.0,1,1.0,1,0.2627679213331957,43
849,3,1338,671,667,0,0,0,1.0,1,1.0,1,1.0,1,0.20688119486916517,43
850,4,1342,672,670,0,0,0,1.0,1,1.0,1,1.0,1,0.22240495557303336,41
851,1,1343,673,670,0,0,0,1.0,1,1.0,1,1.0,1,0.21953934844976605,40
852,1,1344,673,671,0,0,0,1.0,1,1.0,1,1.0,1,0.19728238445716073,40
853,2,1346,674,672,0,0,0,1.0,1,1.0,1,1.0,1,0.20779902414223636,40
854,4,1350,675,675,0,0,0,1.0,1,1.0,1,1.0,1,0.17306012024865366,40
855,1,1351,676,675,0,0,0,1.0,1,1.0,1,1.0,1,0.16440139523408434,41
856,1,1352,677,675,0,0,0,1.0,1,1.0,1,1.0,1,0.19836917207283955,41
857,2,1354,678,676,0,0,0,1.0,1,1.0,1,1.0,1,0.17293883978869298,42
858,1,1355,678,677,0,0,0,1.0,1,1.0,1,1.0,1,0.15736281273266445,43
859,0,1355,678,677,0,0,0,1.0,1,1.0,1,1.0,1,0.15736281273266445,43
860,1,1356,679,677,0,0,0,1.0,1,1.0,1,1.0,1,0.17777605794347814,44
861,3,1359,681,678,0,0,0,1.0,1,1.0,1,1.0,1,0.1903032213868574,44
862,1,1360,681,679,0,0,0,1.0,1,1.0,1,1.0,1,0.1774954999190914,44
863,4,1364,683,681,0,0,0,1.0,1,1.0,1,1.0,1,0.21417140355497838,44
864,5,1369,684,685,0,0,0,1.0,1,1.0,1,1.0,1,0.1725647965891142,44
865,1,1370,685,685,0,0,0,1.0,1,1.0,1,1.0,1,0.17190597702880991,43
866,5,1375,688,687,0,0,0,1.0,1,1.0,1,1.0,1,0.2602014893243415,45
867,3,1378,688,690,0,0,0,1.0,1,1.0,1,1.0,1,0.17933684445026787,44
868,2,1380,690,690,0,0,0,1.0,1,1.0,1,1.0,1,0.1815362651658416,45
869,3,1383,692,691,0,0,0,1.0,1,1.0,1,1.0,1,0.17940884973169174,44
870,0,1383,692,691,0,0,0,1.0,1,1.0,1,1.0,1,0.17940884973169174,44
871,1,1384,693,691,0,0,0,1.0,1,1.0,1,1.0,1,0.2066641891871521,43
872,1,1385,693,692,0,0,0,1.0,1,1.0,1,1.0,1,0.16783828988299807,43
873,2,1387,694,693,0,0,0,1.0,1,1.0,1,1.0,1,0.18915555662831945,43
874,5,1392,697,695,0,0,0,1.0,1,1.0,1,1.0,1,0.1983260421825736,46
875,2,1394,698,696,0,0,0,1.0,1,1.0,1,1.0,1,0.18434539031525699,43
876,2,1396,698,698,0,0,0,1.0,1,1.0,1,1.0,1,0.11840539711045378,44
877,0,1396,698,698,0,0,0,1.0,1,1.0,1,1.0,1,0.15108785788586773,44
878,1,1397,699,698,0,0,0,1.0,1,1.0,1,1.0,1,0.1884640457636086,44
879,0,1397,699,698,0,0,0,1.0,1,1.0,1,1.0,1,0.1884640457636086,44
880,1,1398,700,698,0,0,0,1.0,1,1.0,1,1.0,1,0.23360228279184733,44
881,2,1400,701,699,0,0,0,1.0,1,1.0,1,1.0,1,0.20672024268799755,43
882,3,1403,703,700,0,0,0,1.0,1,1.0,1,1.0,1,0.2272222463925091,45
883,1,1404,703,701,0,0,0,1.0,1,1.0,1,1.0,1,0.20056044636681927,45
884,1,1405,704,701,0,0,0,1.0,1,1.0,1,1.0,1,0.16362465511902524,45
885,1,1406,705,701,0,0,0,1.0,1,1.0,1,1.0,1,0.13561744920094565,43
886,4,1410,707,703,0,0,0,1.0,1,1.0,1,1.0,1,0.21842466296659807,43
887,2,1412,708,704,0,0,0,1.0,1,1.0,1,1.0,1,0.18320066095679674,41
888,1,1413,708,705,0,0,0,1.0,1,1.0,1,1.0,1,0.22646925474396146,40
889,2,1415,710,705,0,0,0,1.0,1,1.0,1,1.0,1,0.3018809471686855,40
890,1,1416,711,705,0,0,0,1.0,1,1.0,1,1.0,1,0.27536842683796703,38
891,2,1418,713,705,0,0,0,1.0,1,1.0,1,1.0,1,0.3001765880169001,39
892,5,1423,714,709,0,0,0,1.0,1,1.0,1,1.0,1,0.24395862408364472,39
893,1,1424,715,709,0,0,0,1.0,1,1.0,1,1.0,1,0.2265369375991691,37
894,1,1425,715,710,0,0,0,1.0,1,1.0,1,1.0,1,0.21127432448578734,36
895,0,1425,715,710,0,0,0,1.0,1,1.0,1,1.0,1,0.20479853948188714,37
896,2,1427,717,710,0,0,0,1.0,1,1.0,1,1.0,1,0.2289651830319749,36
897,1,1428,718,710,0,0,0,1.0,1,1.0,1,1.0,1,0.2355100367546251,36
898,1,1429,719,710,0,0,0,1.0,1,1.0,1,1.0,1,0.2468375809293053,35
899,0,1429,719,710,0,0,0,1.0,1,1.0,1,1.0,1,0.2468375809293053,35
900,1,1430,720,710,0,0,0,1.0,1,1.0,1,1.0,1,0.30455453341643574,36
901,2,1432,721,711,0,0,0,1.0,1,1.0,1,1.0,1,0.29905550092308614,36
902,2,1434,723,711,0,0,0,1.0,1,1.0,1,1.0,1,0.3790151517416165,36
903,3,1437,723,714,0,0,0,1.0,1,1.0,1,1.0,1,0.27253492493696774,35
904,2,1439,725,714,0,0,0,1.0,1,1.0,1,1.0,1,0.27050139825370273,37
905,3,1442,727,715,0,0,0,1.0,1,1.0,1,1.0,1,0.261338249690625,36
906,0,1442,727,715,0,0,0,1.0,1,1.0,1,1.0,1,0.26893627325187686,37
907,1,1443,728,715,0,0,0,1.0,1,1.0,1,1.0,1,0.2646000416354572,37
908,4,1447,729,718,0,0,0,1.0,1,1.0,1,1.0,1,0.1994097419478119,36
909,1,1448,730,718,0,0,0,1.0,1,1.0,1,1.0,1,0.17986659044993653,36
910,1,1449,731,718,0,0,0,1.0,1,1.0,1,1.0,1,0.21388621093285454,37
911,2,1451,732,719,0,0,0,1.0,1,1.0,1,1.0,1,0.2229933526921757,36
912,2,1453,734,719,0,0,0,1.0,1,1.0,1,1.0,1,0.23883747792551632,34
913,3,1456,735,721,0,0,0,1.0,1,1.0,1,1.0,1,0.218027922271599,34
914,1,1457,736,721,0,0,0,1.0,1,1.0,1,1.0,1,0.25118332407119975,33
915,1,1458,736,722,0,0,0,1.0,1,1.0,1,1.0,1,0.21571069350605113,33
916,1,1459,736,723,0,0,0,1.0,1,1.0,1,1.0,1,0.2167618481775402,34
917,1,1460,737,723,0,0,0,1.0,1,1.0,1,1.0,1,0.23576466445511296,34
918,1,1461,737,724,0,0,0,1.0,1,1.0,1,1.0,1,0.18871155449223762,36
919,0,1461,737,724,0,0,0,1.0,1,1.0,1,1.0,1,0.18871155449223762,36
920,1,1462,738,724,0,0,0,1.0,1,1.0,1,1.0,1,0.20750126158222817,37
921,1,1463,738,725,0,0,0,1.0,1,1.0,1,1.0,1,0.18357347060897278,37
922,2,1465,740,725,0,0,0,1.0,1,1.0,1,1.0,1,0.20058715646123737,38
923,1,1466,741,725,0,0,0,1.0,1,1.0,1,1.0,1,0.23235589855485145,36
924,2,1468,742,726,0,0,0,1.0,1,1.0,1,1.0,1,0.1963213140829407,35
925,3,1471,743,728,0,0,0,1.0,1,1.0,1,1.0,1,0.23519757138425326,35
926,3,1474,746,728,0,0,0,1.0,1,1.0,1,1.0,1,0.2756387017664553,34
927,0,1474,746,728,0,0,0,1.0,1,1.0,1,1.0,1,0.2768906726253339,32
928,0,1474,746,728,0,0,0,1.0,1,1.0,1,1.0,1,0.2650633913164835,32
929,1,1475,747,728,0,0,0,1.0,1,1.0,1,1.0,1,0.2646674012973039,31
930,1,1476,747,729,0,0,0,1.0,1,1.0,1,1.0,1,0.26073149210458374,30
931,1,1477,748,729,0,0,0,1.0,1,1.0,1,1.0,1,0.31297899201664797,29
932,3,1480,750,730,0,0,0,1.0,1,1.0,1,1.0,1,0.25192074238614126,29
933,1,1481,750,731,0,0,0,1.0,1,1.0,1,1.0,1,0.23311058254436856,29
934,1,1482,751,731,0,0,0,1.0,1,1.0,1,1.0,1,0.24417730881299285,29
935,1,1483,751,732,0,0,0,1.0,1,1.0,1,1.0,1,0.2731154241290537,31
936,1,1484,752,732,0,0,0,1.0,1,1.0,1,1.0,1,0.3070098688599633,31
937,2,1486,753,733,0,0,0,1.0,1,1.0,1,1.0,1,0.30121647853782396,34
938,1,1487,753,734,0,0,0,1.0,1,1.0,1,1.0,1,0.2973361952279085,33
939,4,1491,753,738,0,0,0,1.0,1,1.0,1,1.0,1,0.24987821474404784,36
940,0,1491,753,738,0,0,0,1.0,1,1.0,1,1.0,1,0.2475476145625862,36
941,3,1494,755,739,0,0,0,1.0,1,1.0,1,1.0,1,0.2962421872403233,36
942,0,1494,755,739,0,0,0,1.0,1,1.0,1,1.0,1,0.2962421872403233,36
943,1,1495,756,739,0,0,0,1.0,1,1.0,1,1.0,1,0.28459670119588404,35
944,3,1498,759,739,0,0,0,1.0,1,1.0,1,1.0,1,0.28728984240232935,35
945,2,1500,760,740,0,0,0,1.0,1,1.0,1,1.0,1,0.2362009756388778,33
946,3,1503,762,741,0,0,0,1.0,1,1.0,1,1.0,1,0.3094391114336788,36
947,0,1503,762,741,0,0,0,1.0,1,1.0,1,1.0,1,0.2887760061492831,34
948,2,1505,764,741,0,0,0,1.0,1,1.0,1,1.0,1,0.3357242891174303,33
949,3,1508,764,744,0,0,0,1.0,1,1.0,1,1.0,1,0.28775907183214344,34
950,0,1508,764,744,0,0,0,1.0,1,1.0,1,1.0,1,0.297790217634202,33
951,0,1508,764,744,0,0,0,1.0,1,1.0,1,1.0,1,0.297790217634202,33
952,0,1508,764,744,0,0,0,1.0,1,1.0,1,1.0,1,0.31429122917344404,32
953,1,1509,764,745,0,0,0,1.0,1,1.0,1,1.0,1,0.2856638633910146,32
954,0,1509,764,745,0,0,0,1.0,1,1.0,1,1.0,1,0.313411478371224,31
955,1,1510,765,745,0,0,0,1.0,1,1.0,1,1.0,1,0.3672677820378422,32
956,2,1512,766,746,0,0,0,1.0,1,1.0,1,1.0,1,0.31776085083213346,32
957,1,1513,766,747,0,0,0,1.0,1,1.0,1,1.0,1,0.29624350578930714,33
958,0,1513,766,747,0,0,0,1.0,1,1.0,1,1.0,1,0.28390713542770574,35
959,3,1516,767,749,0,0,0,1.0,1,1.0,1,1.0,1,0.2690929605377131,36
960,0,1516,767,749,0,0,0,1.0,1,1.0,1,1.0,1,0.29293150999537726,38
961,4,1520,769,751,0,0,0,1.0,1,1.0,1,1.0,1,0.3670387974505282,37
962,2,1522,770,752,0,0,0,1.0,1,1.0,1,1.0,1,0.3423584831279137,35
963,0,1522,770,752,0,0,0,1.0,1,1.0,1,1.0,1,0.33135204369518106,35
964,1,1523,770,753,0,0,0,1.0,1,1.0,1,1.0,1,0.3465343626699205,34
965,1,1524,770,754,0,0,0,1.0,1,1.0,1,1.0,1,0.3195487734763476,35
966,0,1524,770,754,0,0,0,1.0,1,1.0,1,1.0,1,0.3143235217263462,34
967,0,1524,770,754,0,0,0,1.0,1,1.0,1,1.0,1,0.327665837211218,35
968,3,1527,771,756,0,0,0,1.0,1,1.0,1,1.0,1,0.27409382904391905,36
969,1,1528,771,757,0,0,0,1.0,1,1.0,1,1.0,1,0.291290673488753,35
970,0,1528,771,757,0,0,0,1.0,1,1.0,1,1.0,1,0.3295344581600713,34
971,0,1528,771,757,0,0,0,1.0,1,1.0,1,1.0,1,0.3389134994339537,35
972,1,1529,772,757,0,0,0,1.0,1,1.0,1,1.0,1,0.33328639877829064,35
973,2,1531,772,759,0,0,0,1.0,1,1.0,1,1.0,1,0.31318949565803145,36
974,2,1533,774,759,0,0,0,1.0,1,1.0,1,1.0,1,0.370764076028492,35
975,1,1534,774,760,0,0,0,1.0,1,1.0,1,1.0,1,0.3489537048964269,36
976,1,1535,775,760,0,0,0,1.0,1,1.0,1,1.0,1,0.38731530502381334,38
977,0,1535,775,760,0,0,0,1.0,1,1.0,1,1.0,1,0.38731530502381334,38
978,0,1535,775,760,0,0,0,1.0,1,1.0,1,1.0,1,0.38731530502381334,38
979,0,1535,775,760,0,0,0,1.0,1,1.0,1,1.0,1,0.398320808693064,39
980,2,1537,776,761,0,0,0,1.0,1,1.0,1,1.0,1,0.39126604081798616,39
981,4,1541,778,763,0,0,0,1.0,1,1.0,1,1.0,1,0.38929500251462085,40
982,6,1547,780,767,0,0,0,1.0,1,1.0,1,1.0,1,0.38094443099683717,40
983,2,1549,780,769,0,0,0,1.0,1,1.0,1,1.0,1,0.33772250996211906,38
984,2,1551,782,769,0,0,0,1.0,1,1.0,1,1.0,1,0.35839515270308336,39
985,6,1557,785,772,0,0,0,1.0,1,1.0,1,1.0,1,0.3741998817109411,38
986,4,1561,788,773,0,0,0,1.0,1,1.0,1,1.0,1,0.38504266455417296,38
987,3,1564,788,776,0,0,0,1.0,1,1.0,1,1.0,1,0.32624686605592945,38
988,0,1564,788,776,0,0,0,1.0,1,1.0,1,1.0,1,0.32624686605592945,38
989,0,1564,788,776,0,0,0,1.0,1,1.0,1,1.0,1,0.3177106905154892,38
990,1,1565,788,777,0,0,0,1.0,1,1.0,1,1.0,1,0.30553670609587996,38
991,1,1566,789,777,0,0,0,1.0,1,1.0,1,1.0,1,0.3253317057006254,40
992,1,1567,790,777,0,0,0,1.0,1,1.0,1,1.0,1,0.3477648487529607,39
993,1,1568,791,777,0,0,0,1.0,1,1.0,1,1.0,1,0.35312884035620085,38
994,1,1569,791,778,0,0,0,1.0,1,1.0,1,1.0,1,0.34852471252124395,39
995,0,1569,791,778,0,0,0,1.0,1,1.0,1,1.0,1,0.3491195520864132,41
996,0,1569,791,778,0,0,0,1.0,1,1.0,1,1.0,1,0.3553000327803816,40
997,2,1571,791,780,0,0,0,1.0,1,1.0,1,1.0,1,0.3502120161605602,41
998,1,1572,791,781,0,0,0,1.0,1,1.0,1,1.0,1,0.36054501785673165,40
999,4,1576,791,785,0,0,0,1.0,1,1.0,1,1.0,1,0.3125637785321972,40
1000,1,1577,791,786,0,0,0,1.0,1,1.0,1,1.0,1,0.29492261667614994,40
1001,0,1577,791,786,0,0,0,1.0,1,1.0,1,1.0,1,0.29480480168929757,39
1002,0,1577,791,786,0,0,0,1.0,1,1.0,1,1.0,1,0.29480480168929757,39
1003,0,1577,791,786,0,0,0,1.0,1,1.0,1,1.0,1,0.29480480168929757,39
1004,0,1577,791,786,0,0,0,1.0,1,1.0,1,1.0,1,0.29480480168929757,39
1005,0,1577,791,786,0,0,0,1.0,1,1.0,1,1.0,1,0.30278632932482485,40
1006,0,1577,791,786,0,0,0,1.0,1,1.0,1,1.0,1,0.2919705937435295,41
1007,0,1577,791,786,0,0,0,1.0,1,1.0,1,1.0,1,0.3052722371072676,42
1008,2,1579,791,788,0,0,0,1.0,1,1.0,1,1.0,1,0.28158151789049296,43
1009,0,1579,791,788,0,0,0,1.0,1,1.0,1,1.0,1,0.29109586942447047,44
1010,1,1580,792,788,0,0,0,1.0,1,1.0,1,1.0,1,0.2702038083099332,44
1011,0,1580,792,788,0,0,0,1.0,1,1.0,1,1.0,1,0.2702038083099332,44
1012,3,1583,795,788,0,0,0,1.0,1,1.0,1,1.0,1,0.3018060684165302,46
1013,1,1584,795,789,0,0,0,1.0,1,1.0,1,1.0,1,0.2762106726479593,46
1014,1,1585,796,789,0,0,0,1.0,1,1.0,1,1.0,1,0.29938639221539454,46
1015,1,1586,796,790,0,0,0,1.0,1,1.0,1,1.0,1,0.2847154428112412,46
1016,2,1588,797,791,0,0,0,1.0,1,1.0,1,1.0,1,0.2894689401245537,47
1017,2,1590,797,793,0,0,0,1.0,1,1.0,1,1.0,1,0.25695298407638617,47
1018,3,1593,798,795,0,0,0,1.0,1,1.0,1,1.0,1,0.2511988553224079,48
1019,3,1596,798,798,0,0,0,1.0,1,1.0,1,1.0,1,0.21807416608912086,49
1020,1,1597,798,799,0,0,0,1.0,1,1.0,1,1.0,1,0.19125685961569516,51
1021,1,1598,799,799,0,0,0,1.0,1,1.0,1,1.0,1,0.2099275742868721,51
1022,2,1600,800,800,0,0,0,1.0,1,1.0,1,1.0,1,0.18647942797364003,52
1023,2,1602,800,802,0,0,0,1.0,1,1.0,1,1.0,1,0.16440777127696815,52
1024,1,1603,801,802,0,0,0,1.0,1,1.0,1,1.0,1,0.18570987147079207,52
1025,0,1603,801,802,0,0,0,1.0,1,1.0,1,1.0,1,0.19528428178741875,54
1026,1,1604,801,803,0,0,0,1.0,1,1.0,1,1.0,1,0.16384431102793642,54
1027,0,1604,801,803,0,0,0,1.0,1,1.0,1,1.0,1,0.1668988404196146,55
1028,4,1608,803,805,0,0,0,1.0,1,1.0,1,1.0,1,0.17566965959936356,56
1029,1,1609,803,806,0,0,0,1.0,1,1.0,1,1.0,1,0.1477602737431149,56
1030,1,1610,803,807,0,0,0,1.0,1,1.0,1,1.0,1,0.15923784064520116,57
1031,0,1610,803,807,0,0,0,1.0,1,1.0,1,1.0,1,0.16674656784217312,58
1032,2,1612,805,807,0,0,0,1.0,1,1.0,1,1.0,1,0.19207310842832712,58
1033,0,1612,805,807,0,0,0,1.0,1,1.0,1,1.0,1,0.18430406348176645,57
1034,3,1615,808,807,0,0,0,1.0,1,1.0,1,1.0,1,0.18998543927409953,57
1035,2,1617,810,807,0,0,0,1.0,1,1.0,1,1.0,1,0.22397681741600498,57
1036,3,1620,812,808,0,0,0,1.0,1,1.0,1,1.0,1,0.24119280380887903,59
1037,6,1626,815,811,0,0,0,1.0,1,1.0,1,1.0,1,0.24425664890161225,57
1038,6,1632,816,816,0,0,0,1.0,1,1.0,1,1.0,1,0.21296217782969618,59
1039,3,1635,819,816,0,0,0,1.0,1,1.0,1,1.0,1,0.2106344036117357,57
1040,5,1640,820,820,0,0,0,1.0,1,1.0,1,1.0,1,0.21091184696201545,56
1041,1,1641,821,820,0,0,0,1.0,1,1.0,1,1.0,1,0.20725634489301986,54
1042,0,1641,821,820,0,0,0,1.0,1,1.0,1,1.0,1,0.20106544380100497,52
1043,0,1641,821,820,0,0,0,1.0,1,1.0,1,1.0,1,0.20106544380100497,52
1044,1,1642,822,820,0,0,0,1.0,1,1.0,1,1.0,1,0.21935685820957873,50
1045,2,1644,823,821,0,0,0,1.0,1,1.0,1,1.0,1,0.24076861373779815,51
1046,4,1648,824,824,0,0,0,1.0,1,1.0,1,1.0,1,0.20529914939924818,50
1047,1,1649,824,825,0,0,0,1.0,1,1.0,1,1.0,1,0.18468458463097973,50
1048,1,1650,824,826,0,0,0,1.0,1,1.0,1,1.0,1,0.1741273934561692,50
1049,1,1651,825,826,0,0,0,1.0,1,1.0,1,1.0,1,0.20374165337651487,50
1050,0,1651,825,826,0,0,0,1.0,1,1.0,1,1.0,1,0.20374165337651487,50
1051,0,1651,825,826,0,0,0,1.0,1,1.0,1,1.0,1,0.20292564166801166,50
1052,1,1652,826,826,0,0,0,1.0,1,1.0,1,1.0,1,0.2135969432276089,51
1053,0,1652,826,826,0,0,0,1.0,1,1.0,1,1.0,1,0.2135969432276089,51
1054,1,1653,826,827,0,0,0,1.0,1,1.0,1,1.0,1,0.18891403525874734,53
1055,2,1655,826,829,0,0,0,1.0,1,1.0,1,1.0,1,0.17073947076234036,54
1056,1,1656,826,830,0,0,0,1.0,1,1.0,1,1.0,1,0.1690630190069385,54
1057,2,1658,827,831,0,0,0,1.0,1,1.0,1,1.0,1,0.17960687934288494,55
1058,0,1658,827,831,0,0,0,1.0,1,1.0,1,1.0,1,0.19123493002840306,54
1059,3,1661,829,832,0,0,0,1.0,1,1.0,1,1.0,1,0.24025624961892256,53
1060,1,1662,829,833,0,0,0,1.0,1,1.0,1,1.0,1,0.22836207246784965,53
1061,3,1665,832,833,0,0,0,1.0,1,1.0,1,1.0,1,0.2246217850562924,53
1062,6,1671,837,834,0,0,0,1.0,1,1.0,1,1.0,1,0.23064928722055147,54
1063,4,1675,837,838,0,0,0,1.0,1,1.0,1,1.0,1,0.18299390638714474,53
1064,2,1677,838,839,0,0,0,1.0,1,1.0,1,1.0,1,0.17931891288146443,55
1065,2,1679,839,840,0,0,0,1.0,1,1.0,1,1.0,1,0.18271434028986386,54
1066,2,1681,839,842,0,0,0,1.0,1,1.0,1,1.0,1,0.16828183700608343,55
1067,3,1684,840,844,0,0,0,1.0,1,1.0,1,1.0,1,0.1729086241580765,55
1068,1,1685,840,845,0,0,0,1.0,1,1.0,1,1.0,1,0.1800838430315493,55
1069,0,1685,840,845,0,0,0,1.0,1,1.0,1,1.0,1,0.2050335493886539,55
1070,0,1685,840,845,0,0,0,1.0,1,1.0,1,1.0,1,0.22233895449365576,54
1071,2,1687,841,846,0,0,0,1.0,1,1.0,1,1.0,1,0.20878744221538192,55
1072,1,1688,841,847,0,0,0,1.0,1,1.0,1,1.0,1,0.1901024901986745,54
1073,0,1688,841,847,0,0,0,1.0,1,1.0,1,1.0,1,0.1901024901986745,54
1074,3,1691,843,848,0,0,0,1.0,1,1.0,1,1.0,1,0.17364931322238963,52
1075,0,1691,843,848,0,0,0,1.0,1,1.0,1,1.0,1,0.1693293708728663,51
1076,1,1692,844,848,0,0,0,1.0,1,1.0,1,1.0,1,0.18474350040675414,52
1077,5,1697,847,850,0,0,0,1.0,1,1.0,1,1.0,1,0.14214703101010556,49
1078,3,1700,850,850,0,0,0,1.0,1,1.0,1,1.0,1,0.22851596714115557,48
1079,5,1705,852,853,0,0,0,1.0,1,1.0,1,1.0,1,0.23134649082115147,47
1080,2,1707,854,853,0,0,0,1.0,1,1.0,1,1.0,1,0.2947423336933062,47
1081,2,1709,855,854,0,0,0,1.0,1,1.0,1,1.0,1,0.29060168896535693,45
1082,0,1709,855,854,0,0,0,1.0,1,1.0,1,1.0,1,0.2787760711013037,42
1083,1,1710,856,854,0,0,0,1.0,1,1.0,1,1.0,1,0.3244700499556289,42
1084,1,1711,856,855,0,0,0,1.0,1,1.0,1,1.0,1,0.3101719072084189,40
1085,1,1712,856,856,0,0,0,1.0,1,1.0,1,1.0,1,0.2606862877926511,43
1086,2,1714,857,857,0,0,0,1.0,1,1.0,1,1.0,1,0.26573744048424025,41
1087,2,1716,857,859,0,0,0,1.0,1,1.0,1,1.0,1,0.23966444260700556,41
1088,0,1716,857,859,0,0,0,1.0,1,1.0,1,1.0,1,0.23966444260700556,41
1089,2,1718,859,859,0,0,0,1.0,1,1.0,1,1.0,1,0.2423828395733998,42
1090,1,1719,859,860,0,0,0,1.0,1,1.0,1,1.0,1,0.23918122932018168,43
1091,1,1720,860,860,0,0,0,1.0,1,1.0,1,1.0,1,0.2887759227325147,43
1092,2,1722,861,861,0,0,0,1.0,1,1.0,1,1.0,1,0.253235383629708,43
1093,1,1723,862,861,0,0,0,1.0,1,1.0,1,1.0,1,0.2608329630521068,43
1094,1,1724,862,862,0,0,0,1.0,1,1.0,1,1.0,1,0.24536551548001223,43
1095,0,1724,862,862,0,0,0,1.0,1,1.0,1,1.0,1,0.26090565803400323,44
1096,0,1724,862,862,0,0,0,1.0,1,1.0,1,1.0,1,0.26090565803400323,44
1097,4,1728,864,864,0,0,0,1.0,1,1.0,1,1.0,1,0.3096970747560946,45
1098,2,1730,865,865,0,0,0,1.0,1,1.0,1,1.0,1,0.2734407573901618,46
1099,3,1733,866,867,0,0,0,1.0,1,1.0,1,1.0,1,0.28755778415827177,48
1100,2,1735,867,868,0,0,0,1.0,1,1.0,1,1.0,1,0.26575659248723776,49
1101,0,1735,867,868,0,0,0,1.0,1,1.0,1,1.0,1,0.26575659248723776,49
1102,2,1737,868,869,0,0,0,1.0,1,1.0,1,1.0,1,0.2503405437949817,50
1103,1,1738,868,870,0,0,0,1.0,1,1.0,1,1.0,1,0.22608132143846046,48
1104,2,1740,870,870,0,0,0,1.0,1,1.0,1,1.0,1,0.1977923443590351,50
1105,4,1744,874,870,0,0,0,1.0,1,1.0,1,1.0,1,0.2002737649639901,48
1106,2,1746,876,870,0,0,0,1.0,1,1.0,1,1.0,1,0.23804973487004819,48
1107,5,1751,879,872,0,0,0,1.0,1,1.0,1,1.0,1,0.25216709601405596,47
1108,4,1755,880,875,0,0,0,1.0,1,1.0,1,1.0,1,0.2523418721555302,47
1109,3,1758,881,877,0,0,0,1.0,1,1.0,1,1.0,1,0.20144103286871431,46
1110,2,1760,882,878,0,0,0,1.0,1,1.0,1,1.0,1,0.2353816583851984,43
1111,4,1764,883,881,0,0,0,1.0,1,1.0,1,1.0,1,0.21946965505034013,44
1112,3,1767,884,883,0,0,0,1.0,1,1.0,1,1.0,1,0.2489072730316152,43
1113,2,1769,885,884,0,0,0,1.0,1,1.0,1,1.0,1,0.281926121385987,39
1114,3,1772,886,886,0,0,0,1.0,1,1.0,1,1.0,1,0.270115750699633,39
1115,3,1775,888,887,0,0,0,1.0,1,1.0,1,1.0,1,0.2239261585822969,37
1116,4,1779,891,888,0,0,0,1.0,1,1.0,1,1.0,1,0.21398192231909505,37
1117,5,1784,893,891,0,0,0,1.0,1,1.0,1,1.0,1,0.20815149709056005,36
1118,1,1785,893,892,0,0,0,1.0,1,1.0,1,1.0,1,0.19058996140912277,36
1119,0,1785,893,892,0,0,0,1.0,1,1.0,1,1.0,1,0.19058996140912277,36
1120,0,1785,893,892,0,0,0,1.0,1,1.0,1,1.0,1,0.19058996140912277,36
1121,0,1785,893,892,0,0,0,1.0,1,1.0,1,1.0,1,0.19058996140912277,36
1122,0,1785,893,892,0,0,0,1.0,1,1.0,1,1.0,1,0.17461718929267034,37
1123,0,1785,893,892,0,0,0,1.0,1,1.0,1,1.0,1,0.17461718929267034,37
1124,0,1785,893,892,0,0,0,1.0,1,1.0,1,1.0,1,0.17461718929267034,37
1125,2,1787,895,892,0,0,0,1.0,1,1.0,1,1.0,1,0.2615810962474929,38
1126,2,1789,896,893,0,0,0,1.0,1,1.0,1,1.0,1,0.2699177819957216,38
1127,1,1790,897,893,0,0,0,1.0,1,1.0,1,1.0,1,0.30908071870375575,39
1128,0,1790,897,893,0,0,0,1.0,1,1.0,1,1.0,1,0.30908071870375575,39
1129,0,1790,897,893,0,0,0,1.0,1,1.0,1,1.0,1,0.30908071870375575,39
1130,1,1791,898,893,0,0,0,1.0,1,1.0,1,1.0,1,0.31981047940722324,39
1131,1,1792,899,893,0,0,0,1.0,1,1.0,1,1.0,1,0.28790936058968325,39
1132,0,1792,899,893,0,0,0,1.0,1,1.0,1,1.0,1,0.28790936058968325,39
1133,2,1794,900,894,0,0,0,1.0,1,1.0,1,1.0,1,0.25780357398247433,42
1134,0,1794,900,894,0,0,0,1.0,1,1.0,1,1.0,1,0.25780357398247433,42
1135,3,1797,901,896,0,0,0,1.0,1,1.0,1,1.0,1,0.307593031352348,44
1136,4,1801,902,899,0,0,0,1.0,1,1.0,1,1.0,1,0.28007363852315714,46
1137,0,1801,902,899,0,0,0,1.0,1,1.0,1,1.0,1,0.2929422518513428,45
1138,1,1802,903,899,0,0,0,1.0,1,1.0,1,1.0,1,0.3140920548785506,46
1139,0,1802,903,899,0,0,0,1.0,1,1.0,1,1.0,1,0.32380318379403417,47
1140,1,1803,903,900,0,0,0,1.0,1,1.0,1,1.0,1,0.3193790215868687,46
1141,1,1804,903,901,0,0,0,1.0,1,1.0,1,1.0,1,0.3078732170825157,45
1142,5,1809,907,902,0,0,0,1.0,1,1.0,1,1.0,1,0.3101115539824398,45
1143,6,1815,909,906,0,0,0,1.0,1,1.0,1,1.0,1,0.2605158260168009,43
1144,4,1819,911,908,0,0,0,1.0,1,1.0,1,1.0,1,0.23985619091525984,45
1145,4,1823,913,910,0,0,0,1.0,1,1.0,1,1.0,1,0.21869568106407702,44
1146,1,1824,913,911,0,0,0,1.0,1,1.0,1,1.0,1,0.21893669789563547,45
1147,1,1825,913,912,0,0,0,1.0,1,1.0,1,1.0,1,0.19642287576361334,44
1148,3,1828,915,913,0,0,0,1.0,1,1.0,1,1.0,1,0.20762878424059536,43
1149,4,1832,916,916,0,0,0,1.0,1,1.0,1,1.0,1,0.1633768770032695,42
1150,4,1836,918,918,0,0,0,1.0,1,1.0,1,1.0,1,0.18755652425342512,45
1151,1,1837,919,918,0,0,0,1.0,1,1.0,1,1.0,1,0.2667521695679775,40
1152,1,1838,920,918,0,0,0,1.0,1,1.0,1,1.0,1,0.2394585592397785,41
1153,4,1842,922,920,0,0,0,1.0,1,1.0,1,1.0,1,0.25495005297292783,38
1154,1,1843,923,920,0,0,0,1.0,1,1.0,1,1.0,1,0.24059727230604713,37
1155,1,1844,924,920,0,0,0,1.0,1,1.0,1,1.0,1,0.2451779566359135,38
1156,0,1844,924,920,0,0,0,1.0,1,1.0,1,1.0,1,0.28363058937665664,38
1157,0,1844,924,920,0,0,0,1.0,1,1.0,1,1.0,1,0.27215464094479475,37
1158,0,1844,924,920,0,0,0,1.0,1,1.0,1,1.0,1,0.3052613661419089,36
1159,0,1844,924,920,0,0,0,1.0,1,1.0,1,1.0,1,0.3009223061101366,35
1160,0,1844,924,920,0,0,0,1.0,1,1.0,1,1.0,1,0.3009223061101366,35
1161,0,1844,924,920,0,0,0,1.0,1,1.0,1,1.0,1,0.30530095815154396,36
1162,0,1844,924,920,0,0,0,1.0,1,1.0,1,1.0,1,0.30370555206150746,37
1163,0,1844,924,920,0,0,0,1.0,1,1.0,1,1.0,1,0.30370555206150746,37
1164,0,1844,924,920,0,0,0,1.0,1,1.0,1,1.0,1,0.290174604381928,38
1165,1,1845,924,921,0,0,0,1.0,1,1.0,1,1.0,1,0.27893454610472806,38
1166,0,1845,924,921,0,0,0,1.0,1,1.0,1,1.0,1,0.3070231555096037,40
1167,2,1847,926,921,0,0,0,1.0,1,1.0,1,1.0,1,0.3163679626652894,40
1168,3,1850,928,922,0,0,0,1.0,1,1.0,1,1.0,1,0.30551370875073336,40
1169,2,1852,928,924,0,0,0,1.0,1,1.0,1,1.0,1,0.297039167462549,41
1170,3,1855,930,925,0,0,0,1.0,1,1.0,1,1.0,1,0.3093677520933365,41
1171,7,1862,931,931,0,0,0,1.0,1,1.0,1,1.0,1,0.23933988361941286,43
1172,3,1865,932,933,0,0,0,1.0,1,1.0,1,1.0,1,0.18984464050205463,43
1173,1,1866,932,934,0,0,0,1.0,1,1.0,1,1.0,1,0.1811235115718498,43
1174,0,1866,932,934,0,0,0,1.0,1,1.0,1,1.0,1,0.1811235115718498,43
1175,0,1866,932,934,0,0,0,1.0,1,1.0,1,1.0,1,0.1957733876839413,44
1176,3,1869,933,936,0,0,0,1.0,1,1.0,1,1.0,1,0.16363250940003257,45
1177,1,1870,934,936,0,0,0,1.0,1,1.0,1,1.0,1,0.18733796064639244,45
1178,0,1870,934,936,0,0,0,1.0,1,1.0,1,1.0,1,0.18733796064639244,45
1179,0,1870,934,936,0,0,0,1.0,1,1.0,1,1.0,1,0.21707905136018382,46
1180,0,1870,934,936,0,0,0,1.0,1,1.0,1,1.0,1,0.19847415197599294,47
1181,0,1870,934,936,0,0,0,1.0,1,1.0,1,1.0,1,0.21298417489963403,48
1182,2,1872,936,936,0,0,0,1.0,1,1.0,1,1.0,1,0.2356388257770502,48
1183,1,1873,936,937,0,0,0,1.0,1,1.0,1,1.0,1,0.2088333656289152,46
1184,1,1874,937,937,0,0,0,1.0,1,1.0,1,1.0,1,0.21030636650611892,47
1185,1,1875,938,937,0,0,0,1.0,1,1.0,1,1.0,1,0.2418506890889433,44
1186,3,1878,938,940,0,0,0,1.0,1,1.0,1,1.0,1,0.22209143900062966,47
1187,2,1880,939,941,0,0,0,1.0,1,1.0,1,1.0,1,0.25715288152889426,49
1188,1,1881,939,942,0,0,0,1.0,1,1.0,1,1.0,1,0.23790542275299584,50
1189,1,1882,939,943,0,0,0,1.0,1,1.0,1,1.0,1,0.21391240227748806,48
1190,1,1883,940,943,0,0,0,1.0,1,1.0,1,1.0,1,0.27705217993358694,48
1191,2,1885,940,945,0,0,0,1.0,1,1.0,1,1.0,1,0.25531978095467983,46
1192,0,1885,940,945,0,0,0,1.0,1,1.0,1,1.0,1,0.25531978095467983,46
1193,1,1886,940,946,0,0,0,1.0,1,1.0,1,1.0,1,0.22213827062833236,45
1194,0,1886,940,946,0,0,0,1.0,1,1.0,1,1.0,1,0.22213827062833236,45
1195,2,1888,940,948,0,0,0,1.0,1,1.0,1,1.0,1,0.19803347418078934,47
1196,1,1889,941,948,0,0,0,1.0,1,1.0,1,1.0,1,0.1940796465192698,48
1197,1,1890,941,949,0,0,0,1.0,1,1.0,1,1.0,1,0.17489176636554213,49
1198,2,1892,942,950,0,0,0,1.0,1,1.0,1,1.0,1,0.16165591494543327,49
1199,0,1892,942,950,0,0,0,1.0,1,1.0,1,1.0,1,0.16885497219895462,50
1200,1,1893,943,950,0,0,0,1.0,1,1.0,1,1.0,1,0.1771179027746527,50
1201,0,1893,943,950,0,0,0,1.0,1,1.0,1,1.0,1,0.1771179027746527,50
1202,1,1894,944,950,0,0,0,1.0,1,1.0,1,1.0,1,0.19054242796294607,51
1203,0,1894,944,950,0,0,0,1.0,1,1.0,1,1.0,1,0.17802792803864007,52
1204,0,1894,944,950,0,0,0,1.0,1,1.0,1,1.0,1,0.17802792803864007,52
1205,1,1895,945,950,0,0,0,1.0,1,1.0,1,1.0,1,0.21521271946715362,53
1206,1,1896,945,951,0,0,0,1.0,1,1.0,1,1.0,1,0.1994891162764314,53
1207,1,1897,945,952,0,0,0,1.0,1,1.0,1,1.0,1,0.20072559464772416,55
1208,1,1898,945,953,0,0,0,1.0,1,1.0,1,1.0,1,0.2075447462496163,56
1209,1,1899,945,954,0,0,0,1.0,1,1.0,1,1.0,1,0.20617948269316935,55
1210,1,1900,946,954,0,0,0,1.0,1,1.0,1,1.0,1,0.19981961579228597,55
1211,1,1901,946,955,0,0,0,1.0,1,1.0,1,1.0,1,0.17753841931059022,57
1212,2,1903,947,956,0,0,0,1.0,1,1.0,1,1.0,1,0.17421089236739967,57
1213,1,1904,947,957,0,0,0,1.0,1,1.0,1,1.0,1,0.15140176720051873,57
1214,4,1908,951,957,0,0,0,1.0,1,1.0,1,1.0,1,0.2029223010586124,57
1215,4,1912,951,961,0,0,0,1.0,1,1.0,1,1.0,1,0.1820577292310191,59
1216,4,1916,952,964,0,0,0,1.0,1,1.0,1,1.0,1,0.17338801371807194,61
1217,0,1916,952,964,0,0,0,1.0,1,1.0,1,1.0,1,0.17338801371807194,61
1218,2,1918,954,964,0,0,0,1.0,1,1.0,1,1.0,1,0.2139536285504829,61
1219,1,1919,955,964,0,0,0,1.0,1,1.0,1,1.0,1,0.21637290428938086,61
1220,1,1920,955,965,0,0,0,1.0,1,1.0,1,1.0,1,0.21095890654141886,60
1221,2,1922,956,966,0,0,0,1.0,1,1.0,1,1.0,1,0.21381738522745775,61
1222,3,1925,957,968,0,0,0,1.0,1,1.0,1,1.0,1,0.19143770154757775,61
1223,2,1927,959,968,0,0,0,1.0,1,1.0,1,1.0,1,0.19912504641156736,59
1224,6,1933,964,969,0,0,0,1.0,1,1.0,1,1.0,1,0.1995082261820472,60
1225,5,1938,964,974,0,0,0,1.0,1,1.0,1,1.0,1,0.14277240675106825,60
1226,1,1939,964,975,0,0,0,1.0,1,1.0,1,1.0,1,0.15316191493399936,61
1227,2,1941,966,975,0,0,0,1.0,1,1.0,1,1.0,1,0.15049772402478354,59
1228,2,1943,967,976,0,0,0,1.0,1,1.0,1,1.0,1,0.11292718571017246,58
1229,2,1945,968,977,0,0,0,1.0,1,1.0,1,1.0,1,0.11785571422282641,57
1230,2,1947,970,977,0,0,0,1.0,1,1.0,1,1.0,1,0.1343579096515863,55
1231,3,1950,972,978,0,0,0,1.0,1,1.0,1,1.0,1,0.16268351872336342,54
1232,2,1952,974,978,0,0,0,1.0,1,1.0,1,1.0,1,0.19830249859430416,51
1233,2,1954,976,978,0,0,0,1.0,1,1.0,1,1.0,1,0.22102811073420803,49
1234,5,1959,979,980,0,0,0,1.0,1,1.0,1,1.0,1,0.26556780941124203,49
1235,4,1963,979,984,0,0,0,1.0,1,1.0,1,1.0,1,0.20713872835568872,48
1236,2,1965,979,986,0,0,0,1.0,1,1.0,1,1.0,1,0.2072852679829418,49
1237,1,1966,980,986,0,0,0,1.0,1,1.0,1,1.0,1,0.24440714044216102,48
1238,0,1966,980,986,0,0,0,1.0,1,1.0,1,1.0,1,0.24077441415328704,47
1239,1,1967,980,987,0,0,0,1.0,1,1.0,1,1.0,1,0.21727793716030513,48
1240,1,1968,980,988,0,0,0,1.0,1,1.0,1,1.0,1,0.22409556481966356,49
1241,0,1968,980,988,0,0,0,1.0,1,1.0,1,1.0,1,0.22409556481966356,49
1242,0,1968,980,988,0,0,0,1.0,1,1.0,1,1.0,1,0.2276839522538199,49
1243,1,1969,980,989,0,0,0,1.0,1,1.0,1,1.0,1,0.2214324356546746,50
1244,1,1970,981,989,0,0,0,1.0,1,1.0,1,1.0,1,0.25705884687497643,50
1245,2,1972,981,991,0,0,0,1.0,1,1.0,1,1.0,1,0.21710325164414354,51
1246,4,1976,983,993,0,0,0,1.0,1,1.0,1,1.0,1,0.24848694289538412,52
1247,2,1978,983,995,0,0,0,1.0,1,1.0,1,1.0,1,0.21112239377639658,52
1248,1,1979,983,996,0,0,0,1.0,1,1.0,1,1.0,1,0.21807151296523758,51
1249,1,1980,984,996,0,0,0,1.0,1,1.0,1,1.0,1,0.22415127838250237,51
1250,3,1983,987,996,0,0,0,1.0,1,1.0,1,1.0,1,0.2383957722288753,51
1251,2,1985,987,998,0,0,0,1.0,1,1.0,1,1.0,1,0.21186057598165065,53
1252,2,1987,989,998,0,0,0,1.0,1,1.0,1,1.0,1,0.2136698235321692,52
1253,1,1988,989,999,0,0,0,1.0,1,1.0,1,1.0,1,0.1912835295947103,52
1254,0,1988,989,999,0,0,0,1.0,1,1.0,1,1.0,1,0.18191774045756354,53
1255,2,1990,990,1000,0,0,0,1.0,1,1.0,1,1.0,1,0.18991848230111266,55
1256,0,1990,990,1000,0,0,0,1.0,1,1.0,1,1.0,1,0.18991848230111266,55
1257,2,1992,990,1002,0,0,0,1.0,1,1.0,1,1.0,1,0.1737158526008347,57
1258,0,1992,990,1002,0,0,0,1.0,1,1.0,1,1.0,1,0.17390586958582493,57
1259,0,1992,990,1002,0,0,0,1.0,1,1.0,1,1.0,1,0.17390586958582493,57
1260,0,1992,990,1002,0,0,0,1.0,1,1.0,1,1.0,1,0.17137993454854067,56
1261,0,1992,990,1002,0,0,0,1.0,1,1.0,1,1.0,1,0.17484214959251754,57
1262,1,1993,991,1002,0,0,0,1.0,1,1.0,1,1.0,1,0.20041137379424545,58
1263,3,1996,993,1003,0,0,0,1.0,1,1.0,1,1.0,1,0.21728165720939543,58
1264,1,1997,993,1004,0,0,0,1.0,1,1.0,1,1.0,1,0.18476941466428953,57
1265,2,1999,995,1004,0,0,0,1.0,1,1.0,1,1.0,1,0.2152935418739066,56
1266,5,2004,999,1005,0,0,0,1.0,1,1.0,1,1.0,1,0.3001224176733738,55
1267,7,2011,1001,1010,0,0,0,1.0,1,1.0,1,1.0,1,0.21298246350783526,53
1268,5,2016,1005,1011,0,0,0,1.0,1,1.0,1,1.0,1,0.25945985288539786,52
1269,3,2019,1006,1013,0,0,0,1.0,1,1.0,1,1.0,1,0.23361346302963915,51
1270,2,2021,1006,1015,0,0,0,1.0,1,1.0,1,1.0,1,0.17110061233649945,47
1271,0,2021,1006,1015,0,0,0,1.0,1,1.0,1,1.0,1,0.1833065965831054,46
1272,0,2021,1006,1015,0,0,0,1.0,1,1.0,1,1.0,1,0.15116852510414575,43
1273,1,2022,1007,1015,0,0,0,1.0,1,1.0,1,1.0,1,0.1633423736585924,44
1274,2,2024,1009,1015,0,0,0,1.0,1,1.0,1,1.0,1,0.2397408432868589,44
1275,4,2028,1010,1018,0,0,0,1.0,1,1.0,1,1.0,1,0.18852397543924962,45
1276,0,2028,1010,1018,0,0,0,1.0,1,1.0,1,1.0,1,0.19962770659894855,43
1277,4,2032,1013,1019,0,0,0,1.0,1,1.0,1,1.0,1,0.20273976912868039,44
1278,3,2035,1016,1019,0,0,0,1.0,1,1.0,1,1.0,1,0.2653521046741943,45
1279,5,2040,1016,1024,0,0,0,1.0,1,1.0,1,1.0,1,0.2011754913284745,47
1280,0,2040,1016,1024,0,0,0,1.0,1,1.0,1,1.0,1,0.2011754913284745,47
1281,0,2040,1016,1024,0,0,0,1.0,1,1.0,1,1.0,1,0.2011754913284745,47
1282,1,2041,1017,1024,0,0,0,1.0,1,1.0,1,1.0,1,0.22765063627190413,46
1283,3,2044,1018,1026,0,0,0,1.0,1,1.0,1,1.0,1,0.19449832507410533,46
1284,0,2044,1018,1026,0,0,0,1.0,1,1.0,1,1.0,1,0.19449832507410533,46
1285,0,2044,1018,1026,0,0,0,1.0,1,1.0,1,1.0,1,0.20709307855706127,46
1286,0,2044,1018,1026,0,0,0,1.0,1,1.0,1,1.0,1,0.2045012265862648,45
1287,4,2048,1019,1029,0,0,0,1.0,1,1.0,1,1.0,1,0.20298499251230123,49
1288,0,2048,1019,1029,0,0,0,1.0,1,1.0,1,1.0,1,0.20298499251230123,49
1289,3,2051,1019,1032,0,0,0,1.0,1,1.0,1,1.0,1,0.1599270993849719,52
1290,0,2051,1019,1032,0,0,0,1.0,1,1.0,1,1.0,1,0.1599270993849719,52
1291,0,2051,1019,1032,0,0,0,1.0,1,1.0,1,1.0,1,0.1599270993849719,52
1292,1,2052,1019,1033,0,0,0,1.0,1,1.0,1,1.0,1,0.13963947440224903,53
1293,0,2052,1019,1033,0,0,0,1.0,1,1.0,1,1.0,1,0.13963947440224903,53
1294,1,2053,1020,1033,0,0,0,1.0,1,1.0,1,1.0,1,0.13879524399211346,53
1295,1,2054,1021,1033,0,0,0,1.0,1,1.0,1,1.0,1,0.16268489800461444,54
1296,2,2056,1021,1035,0,0,0,1.0,1,1.0,1,1.0,1,0.12561891278710868,55
1297,0,2056,1021,1035,0,0,0,1.0,1,1.0,1,1.0,1,0.14604968209256092,54
1298,0,2056,1021,1035,0,0,0,1.0,1,1.0,1,1.0,1,0.15956611256425096,55
1299,1,2057,1021,1036,0,0,0,1.0,1,1.0,1,1.0,1,0.16580851225645526,54
1300,3,2060,1021,1039,0,0,0,1.0,1,1.0,1,1.0,1,0.1507524968707044,55
1301,1,2061,1022,1039,0,0,0,1.0,1,1.0,1,1.0,1,0.15672746870432724,54
1302,3,2064,1024,1040,0,0,0,1.0,1,1.0,1,1.0,1,0.17429598182308706,54
1303,6,2070,1028,1042,0,0,0,1.0,1,1.0,1,1.0,1,0.2520271138160135,50
1304,7,2077,1034,1043,0,0,0,1.0,1,1.0,1,1.0,1,0.26312785933213945,51
1305,4,2081,1036,1045,0,0,0,1.0,1,1.0,1,1.0,1,0.23318888408733837,48
1306,7,2088,1040,1048,0,0,0,1.0,1,1.0,1,1.0,1,0.29198125170002004,48
1307,4,2092,1040,1052,0,0,0,1.0,1,1.0,1,1.0,1,0.21002855299783205,48
1308,0,2092,1040,1052,0,0,0,1.0,1,1.0,1,1.0,1,0.1943279817074386,46
1309,3,2095,1042,1053,0,0,0,1.0,1,1.0,1,1.0,1,0.22017725510778907,47
1310,0,2095,1042,1053,0,0,0,1.0,1,1.0,1,1.0,1,0.19351592457304098,46
1311,2,2097,1044,1053,0,0,0,1.0,1,1.0,1,1.0,1,0.24961799122770414,46
1312,1,2098,1045,1053,0,0,0,1.0,1,1.0,1,1.0,1,0.25988546215387753,45
1313,0,2098,1045,1053,0,0,0,1.0,1,1.0,1,1.0,1,0.2737733433683364,44
1314,0,2098,1045,1053,0,0,0,1.0,1,1.0,1,1.0,1,0.26433969544391656,42
1315,0,2098,1045,1053,0,0,0,1.0,1,1.0,1,1.0,1,0.31016427440287286,40
1316,3,2101,1045,1056,0,0,0,1.0,1,1.0,1,1.0,1,0.25956587770836637,42
1317,1,2102,1046,1056,0,0,0,1.0,1,1.0,1,1.0,1,0.2986217845776988,42
1318,0,2102,1046,1056,0,0,0,1.0,1,1.0,1,1.0,1,0.2986217845776988,42
1319,0,2102,1046,1056,0,0,0,1.0,1,1.0,1,1.0,1,0.2986217845776988,42
1320,1,2103,1046,1057,0,0,0,1.0,1,1.0,1,1.0,1,0.2654965230259973,42
1321,3,2106,1046,1060,0,0,0,1.0,1,1.0,1,1.0,1,0.19312809034172995,45
1322,0,2106,1046,1060,0,0,0,1.0,1,1.0,1,1.0,1,0.19312809034172995,45
1323,2,2108,1047,1061,0,0,0,1.0,1,1.0,1,1.0,1,0.18927975580087394,46
1324,1,2109,1047,1062,0,0,0,1.0,1,1.0,1,1.0,1,0.18672669346609633,45
1325,1,2110,1048,1062,0,0,0,1.0,1,1.0,1,1.0,1,0.20351503938527557,46
1326,1,2111,1049,1062,0,0,0,1.0,1,1.0,1,1.0,1,0.2508626624859952,45
1327,1,2112,1049,1063,0,0,0,1.0,1,1.0,1,1.0,1,0.26310575171402634,46
1328,0,2112,1049,1063,0,0,0,1.0,1,1.0,1,1.0,1,0.2666395789828818,47
1329,1,2113,1050,1063,0,0,0,1.0,1,1.0,1,1.0,1,0.2776676875373165,47
1330,0,2113,1050,1063,0,0,0,1.0,1,1.0,1,1.0,1,0.29834294979064124,46
1331,1,2114,1051,1063,0,0,0,1.0,1,1.0,1,1.0,1,0.28935988810412344,46
1332,2,2116,1052,1064,0,0,0,1.0,1,1.0,1,1.0,1,0.27998012534646155,49
1333,1,2117,1052,1065,0,0,0,1.0,1,1.0,1,1.0,1,0.2857796685879744,50
1334,0,2117,1052,1065,0,0,0,1.0,1,1.0,1,1.0,1,0.2857796685879744,50
1335,2,2119,1052,1067,0,0,0,1.0,1,1.0,1,1.0,1,0.2867178548189092,52
1336,2,2121,1052,1069,0,0,0,1.0,1,1.0,1,1.0,1,0.24132228125987149,53
1337,2,2123,1054,1069,0,0,0,1.0,1,1.0,1,1.0,1,0.2904357677191998,54
1338,4,2127,1056,1071,0,0,0,1.0,1,1.0,1,1.0,1,0.2884701076051509,54
1339,3,2130,1057,1073,0,0,0,1.0,1,1.0,1,1.0,1,0.27748121787708435,54
1340,1,2131,1057,1074,0,0,0,1.0,1,1.0,1,1.0,1,0.29317395036050903,53
1341,0,2131,1057,1074,0,0,0,1.0,1,1.0,1,1.0,1,0.2775467562033551,53
1342,2,2133,1059,1074,0,0,0,1.0,1,1.0,1,1.0,1,0.28943882901311174,52
1343,2,2135,1060,1075,0,0,0,1.0,1,1.0,1,1.0,1,0.26714277990824775,50
1344,2,2137,1062,1075,0,0,0,1.0,1,1.0,1,1.0,1,0.30618814692733987,51
1345,2,2139,1062,1077,0,0,0,1.0,1,1.0,1,1.0,1,0.27996747939506583,50
1346,2,2141,1064,1077,0,0,0,1.0,1,1.0,1,1.0,1,0.27710478038096564,50
1347,0,2141,1064,1077,0,0,0,1.0,1,1.0,1,1.0,1,0.2621736257931275,48
1348,1,2142,1064,1078,0,0,0,1.0,1,1.0,1,1.0,1,0.25789019461785345,49
1349,1,2143,1065,1078,0,0,0,1.0,1,1.0,1,1.0,1,0.2533613625716003,48
1350,2,2145,1066,1079,0,0,0,1.0,1,1.0,1,1.0,1,0.2900015553393999,49
1351,0,2145,1066,1079,0,0,0,1.0,1,1.0,1,1.0,1,0.2756663925003697,48
1352,3,2148,1067,1081,0,0,0,1.0,1,1.0,1,1.0,1,0.2420818824913358,49
1353,1,2149,1067,1082,0,0,0,1.0,1,1.0,1,1.0,1,0.21325826943703394,49
1354,2,2151,1067,1084,0,0,0,1.0,1,1.0,1,1.0,1,0.20132282934445356,49
1355,1,2152,1067,1085,0,0,0,1.0,1,1.0,1,1.0,1,0.17984286044863765,50
1356,2,2154,1068,1086,0,0,0,1.0,1,1.0,1,1.0,1,0.18455400150324472,50
1357,5,2159,1072,1087,0,0,0,1.0,1,1.0,1,1.0,1,0.22042678292422369,50
1358,3,2162,1073,1089,0,0,0,1.0,1,1.0,1,1.0,1,0.21796326158285392,51
1359,5,2167,1074,1093,0,0,0,1.0,1,1.0,1,1.0,1,0.21611408997096973,53
1360,2,2169,1074,1095,0,0,0,1.0,1,1.0,1,1.0,1,0.17722368886776702,54
1361,0,2169,1074,1095,0,0,0,1.0,1,1.0,1,1.0,1,0.17722368886776702,54
1362,0,2169,1074,1095,0,0,0,1.0,1,1.0,1,1.0,1,0.16535325966606193,55
1363,0,2169,1074,1095,0,0,0,1.0,1,1.0,1,1.0,1,0.16535325966606193,55
1364,0,2169,1074,1095,0,0,0,1.0,1,1.0,1,1.0,1,0.17401654846133205,55
1365,1,2170,1075,1095,0,0,0,1.0,1,1.0,1,1.0,1,0.1952349324311151,56
1366,0,2170,1075,1095,0,0,0,1.0,1,1.0,1,1.0,1,0.1952349324311151,56
1367,2,2172,1076,1096,0,0,0,1.0,1,1.0,1,1.0,1,0.19044582227724383,56
1368,1,2173,1076,1097,0,0,0,1.0,1,1.0,1,1.0,1,0.19263753778944318,58
1369,1,2174,1076,1098,0,0,0,1.0,1,1.0,1,1.0,1,0.1894925448071013,59
1370,2,2176,1077,1099,0,0,0,1.0,1,1.0,1,1.0,1,0.17018429059471113,59
1371,2,2178,1077,1101,0,0,0,1.0,1,1.0,1,1.0,1,0.15541885396106772,59
1372,1,2179,1078,1101,0,0,0,1.0,1,1.0,1,1.0,1,0.1636965737259749,59
1373,1,2180,1078,1102,0,0,0,1.0,1,1.0,1,1.0,1,0.1608541266484068,59
1374,7,2187,1081,1106,0,0,0,1.0,1,1.0,1,1.0,1,0.13669758864834036,60
1375,4,2191,1081,1110,0,0,0,1.0,1,1.0,1,1.0,1,0.09269601578141715,61
1376,0,2191,1081,1110,0,0,0,1.0,1,1.0,1,1.0,1,0.11974064663624448,61
1377,0,2191,1081,1110,0,0,0,1.0,1,1.0,1,1.0,1,0.11974064663624448,61
1378,2,2193,1083,1110,0,0,0,1.0,1,1.0,1,1.0,1,0.17283822594379233,61
1379,1,2194,1084,1110,0,0,0,1.0,1,1.0,1,1.0,1,0.19612757781411178,60
1380,2,2196,1085,1111,0,0,0,1.0,1,1.0,1,1.0,1,0.22002901758697094,60
1381,2,2198,1085,1113,0,0,0,1.0,1,1.0,1,1.0,1,0.1894541538854936,58
1382,4,2202,1089,1113,0,0,0,1.0,1,1.0,1,1.0,1,0.22891427154714103,58
1383,4,2206,1092,1114,0,0,0,1.0,1,1.0,1,1.0,1,0.1812750904598022,57
1384,5,2211,1096,1115,0,0,0,1.0,1,1.0,1,1.0,1,0.21700794008913576,54
1385,5,2216,1097,1119,0,0,0,1.0,1,1.0,1,1.0,1,0.14804808163080474,52
1386,2,2218,1098,1120,0,0,0,1.0,1,1.0,1,1.0,1,0.1468091519288917,51
1387,2,2220,1099,1121,0,0,0,1.0,1,1.0,1,1.0,1,0.17411201820612243,51
1388,1,2221,1100,1121,0,0,0,1.0,1,1.0,1,1.0,1,0.1743272866188513,52
1389,2,2223,1100,1123,0,0,0,1.0,1,1.0,1,1.0,1,0.16403038399039893,50
1390,2,2225,1101,1124,0,0,0,1.0,1,1.0,1,1.0,1,0.17129833197397837,51
1391,0,2225,1101,1124,0,0,0,1.0,1,1.0,1,1.0,1,0.16166832188650354,50
1392,1,2226,1102,1124,0,0,0,1.0,1,1.0,1,1.0,1,0.17928758848021928,50
1393,2,2228,1102,1126,0,0,0,1.0,1,1.0,1,1.0,1,0.1484110483541827,49
1394,1,2229,1103,1126,0,0,0,1.0,1,1.0,1,1.0,1,0.17716874642020497,50
1395,1,2230,1103,1127,0,0,0,1.0,1,1.0,1,1.0,1,0.1614215099995281,51
1396,2,2232,1103,1129,0,0,0,1.0,1,1.0,1,1.0,1,0.16078701548328292,52
1397,0,2232,1103,1129,0,0,0,1.0,1,1.0,1,1.0,1,0.16078701548328292,52
1398,0,2232,1103,1129,0,0,0,1.0,1,1.0,1,1.0,1,0.1568536156874593,53
1399,2,2234,1104,1130,0,0,0,1.0,1,1.0,1,1.0,1,0.16200496714487703,54
1400,1,2235,1105,1130,0,0,0,1.0,1,1.0,1,1.0,1,0.1794678335329361,54
1401,2,2237,1107,1130,0,0,0,1.0,1,1.0,1,1.0,1,0.171548909970421,54
1402,2,2239,1109,1130,0,0,0,1.0,1,1.0,1,1.0,1,0.19189775248358998,53
1403,0,2239,1109,1130,0,0,0,1.0,1,1.0,1,1.0,1,0.2099830108914195,52
1404,0,2239,1109,1130,0,0,0,1.0,1,1.0,1,1.0,1,0.2183107572315589,53
1405,3,2242,1110,1132,0,0,0,1.0,1,1.0,1,1.0,1,0.26285323859345683,52
1406,2,2244,1110,1134,0,0,0,1.0,1,1.0,1,1.0,1,0.2288735710122289,53
1407,0,2244,1110,1134,0,0,0,1.0,1,1.0,1,1.0,1,0.23839937038047138,54
1408,0,2244,1110,1134,0,0,0,1.0,1,1.0,1,1.0,1,0.25863448054975013,53
1409,1,2245,1110,1135,0,0,0,1.0,1,1.0,1,1.0,1,0.24795071901135532,55
1410,0,2245,1110,1135,0,0,0,1.0,1,1.0,1,1.0,1,0.2507364095774081,54
1411,0,2245,1110,1135,0,0,0,1.0,1,1.0,1,1.0,1,0.2507364095774081,54
1412,2,2247,1110,1137,0,0,0,1.0,1,1.0,1,1.0,1,0.23781419208949706,53
1413,1,2248,1110,1138,0,0,0,1.0,1,1.0,1,1.0,1,0.2254467509267642,54
1414,1,2249,1110,1139,0,0,0,1.0,1,1.0,1,1.0,1,0.23176770356047793,55
1415,3,2252,1110,1142,0,0,0,1.0,1,1.0,1,1.0,1,0.18273928001365142,57
1416,2,2254,1111,1143,0,0,0,1.0,1,1.0,1,1.0,1,0.22058449069989855,59
1417,2,2256,1111,1145,0,0,0,1.0,1,1.0,1,1.0,1,0.18726365398592218,58
1418,1,2257,1112,1145,0,0,0,1.0,1,1.0,1,1.0,1,0.18979566502703432,57
1419,1,2258,1113,1145,0,0,0,1.0,1,1.0,1,1.0,1,0.2130019035655047,56
1420,5,2263,1113,1150,0,0,0,1.0,1,1.0,1,1.0,1,0.1732738055331919,54
1421,1,2264,1114,1150,0,0,0,1.0,1,1.0,1,1.0,1,0.18122448516954023,55
1422,0,2264,1114,1150,0,0,0,1.0,1,1.0,1,1.0,1,0.1521373307520664,52
1423,2,2266,1116,1150,0,0,0,1.0,1,1.0,1,1.0,1,0.19425323073745007,52
1424,4,2270,1120,1150,0,0,0,1.0,1,1.0,1,1.0,1,0.24429164425250166,51
1425,1,2271,1120,1151,0,0,0,1.0,1,1.0,1,1.0,1,0.22579903536053128,50
1426,4,2275,1122,1153,0,0,0,1.0,1,1.0,1,1.0,1,0.2236540453727841,50
1427,2,2277,1122,1155,0,0,0,1.0,1,1.0,1,1.0,1,0.17338906753495104,48
1428,3,2280,1125,1155,0,0,0,1.0,1,1.0,1,1.0,1,0.21924033851754735,48
1429,2,2282,1125,1157,0,0,0,1.0,1,1.0,1,1.0,1,0.1926151585662871,48
1430,0,2282,1125,1157,0,0,0,1.0,1,1.0,1,1.0,1,0.1926151585662871,48
1431,0,2282,1125,1157,0,0,0,1.0,1,1.0,1,1.0,1,0.1926151585662871,48
1432,3,2285,1125,1160,0,0,0,1.0,1,1.0,1,1.0,1,0.13343614005362486,50
1433,1,2286,1126,1160,0,0,0,1.0,1,1.0,1,1.0,1,0.1562878536000012,51
1434,3,2289,1129,1160,0,0,0,1.0,1,1.0,1,1.0,1,0.18958982544166253,51
1435,5,2294,1132,1162,0,0,0,1.0,1,1.0,1,1.0,1,0.17379844529516675,50
1436,4,2298,1133,1165,0,0,0,1.0,1,1.0,1,1.0,1,0.13734000442349695,51
1437,0,2298,1133,1165,0,0,0,1.0,1,1.0,1,1.0,1,0.13734000442349695,51
1438,1,2299,1134,1165,0,0,0,1.0,1,1.0,1,1.0,1,0.1594148527374248,51
1439,3,2302,1137,1165,0,0,0,1.0,1,1.0,1,1.0,1,0.19230907796905067,50
1440,3,2305,1138,1167,0,0,0,1.0,1,1.0,1,1.0,1,0.2249767997011372,51
1441,0,2305,1138,1167,0,0,0,1.0,1,1.0,1,1.0,1,0.2249767997011372,51
1442,3,2308,1139,1169,0,0,0,1.0,1,1.0,1,1.0,1,0.20328796091547774,52
1443,2,2310,1139,1171,0,0,0,1.0,1,1.0,1,1.0,1,0.2054719919782692,53
1444,2,2312,1140,1172,0,0,0,1.0,1,1.0,1,1.0,1,0.1862985234503197,54
1445,0,2312,1140,1172,0,0,0,1.0,1,1.0,1,1.0,1,0.1862985234503197,54
1446,1,2313,1140,1173,0,0,0,1.0,1,1.0,1,1.0,1,0.16937347386510856,54
1447,1,2314,1140,1174,0,0,0,1.0,1,1.0,1,1.0,1,0.16309701113844716,55
1448,0,2314,1140,1174,0,0,0,1.0,1,1.0,1,1.0,1,0.16309701113844716,55
1449,0,2314,1140,1174,0,0,0,1.0,1,1.0,1,1.0,1,0.16309701113844716,55
1450,3,2317,1141,1176,0,0,0,1.0,1,1.0,1,1.0,1,0.12816818936427363,57
1451,0,2317,1141,1176,0,0,0,1.0,1,1.0,1,1.0,1,0.12816818936427363,57
1452,0,2317,1141,1176,0,0,0,1.0,1,1.0,1,1.0,1,0.12816818936427363,57
1453,2,2319,1143,1176,0,0,0,1.0,1,1.0,1,1.0,1,0.16416943869403586,57
1454,1,2320,1144,1176,0,0,0,1.0,1,1.0,1,1.0,1,0.19343435352745608,58
1455,1,2321,1144,1177,0,0,0,1.0,1,1.0,1,1.0,1,0.17934704598870155,56
1456,4,2325,1146,1179,0,0,0,1.0,1,1.0,1,1.0,1,0.1648719302619327,55
1457,0,2325,1146,1179,0,0,0,1.0,1,1.0,1,1.0,1,0.1882891745885745,54
1458,1,2326,1147,1179,0,0,0,1.0,1,1.0,1,1.0,1,0.20573355664203247,53
1459,3,2329,1147,1182,0,0,0,1.0,1,1.0,1,1.0,1,0.14417408228774972,52
1460,0,2329,1147,1182,0,0,0,1.0,1,1.0,1,1.0,1,0.1340173082476017,51
1461,2,2331,1149,1182,0,0,0,1.0,1,1.0,1,1.0,1,0.15032459626276187,51
1462,3,2334,1152,1182,0,0,0,1.0,1,1.0,1,1.0,1,0.15936001250716295,51
1463,5,2339,1155,1184,0,0,0,1.0,1,1.0,1,1.0,1,0.19341711415767118,52
1464,3,2342,1158,1184,0,0,0,1.0,1,1.0,1,1.0,1,0.215221463288581,52
1465,5,2347,1158,1189,0,0,0,1.0,1,1.0,1,1.0,1,0.1706836601639698,51
1466,4,2351,1162,1189,0,0,0,1.0,1,1.0,1,1.0,1,0.18100179221328566,50
1467,2,2353,1164,1189,0,0,0,1.0,1,1.0,1,1.0,1,0.20582500289044778,48
1468,1,2354,1165,1189,0,0,0,1.0,1,1.0,1,1.0,1,0.18413523653966646,48
1469,7,2361,1167,1194,0,0,0,1.0,1,1.0,1,1.0,1,0.15334480675324633,48
1470,1,2362,1168,1194,0,0,0,1.0,1,1.0,1,1.0,1,0.16755442784836255,48
1471,1,2363,1169,1194,0,0,0,1.0,1,1.0,1,1.0,1,0.18973725717264622,45
1472,1,2364,1169,1195,0,0,0,1.0,1,1.0,1,1.0,1,0.17023851128490347,45
1473,2,2366,1170,1196,0,0,0,1.0,1,1.0,1,1.0,1,0.1603989627933743,46
1474,2,2368,1170,1198,0,0,0,1.0,1,1.0,1,1.0,1,0.1381625368661993,46
1475,0,2368,1170,1198,0,0,0,1.0,1,1.0,1,1.0,1,0.1381625368661993,46
1476,0,2368,1170,1198,0,0,0,1.0,1,1.0,1,1.0,1,0.1498906894854606,47
1477,1,2369,1171,1198,0,0,0,1.0,1,1.0,1,1.0,1,0.12509020150326164,47
1478,1,2370,1171,1199,0,0,0,1.0,1,1.0,1,1.0,1,0.1554748703049301,47
1479,1,2371,1172,1199,0,0,0,1.0,1,1.0,1,1.0,1,0.1611265714866919,48
1480,1,2372,1173,1199,0,0,0,1.0,1,1.0,1,1.0,1,0.16612492789667851,47
1481,0,2372,1173,1199,0,0,0,1.0,1,1.0,1,1.0,1,0.16612492789667851,47
1482,2,2374,1175,1199,0,0,0,1.0,1,1.0,1,1.0,1,0.21183034405248338,46
1483,3,2377,1176,1201,0,0,0,1.0,1,1.0,1,1.0,1,0.2084912484584471,47
1484,1,2378,1176,1202,0,0,0,1.0,1,1.0,1,1.0,1,0.20838228976327877,47
1485,2,2380,1176,1204,0,0,0,1.0,1,1.0,1,1.0,1,0.21926374330007806,47
1486,0,2380,1176,1204,0,0,0,1.0,1,1.0,1,1.0,1,0.2153194692520369,49
1487,5,2385,1180,1205,0,0,0,1.0,1,1.0,1,1.0,1,0.19205640497532708,49
1488,1,2386,1181,1205,0,0,0,1.0,1,1.0,1,1.0,1,0.2006058818680392,51
1489,5,2391,1182,1209,0,0,0,1.0,1,1.0,1,1.0,1,0.1685545623447936,52
1490,1,2392,1182,1210,0,0,0,1.0,1,1.0,1,1.0,1,0.15761692941438998,52
1491,3,2395,1185,1210,0,0,0,1.0,1,1.0,1,1.0,1,0.1576792917246815,53
1492,3,2398,1188,1210,0,0,0,1.0,1,1.0,1,1.0,1,0.20154435791979136,53
1493,1,2399,1188,1211,0,0,0,1.0,1,1.0,1,1.0,1,0.14579662826423503,52
1494,2,2401,1190,1211,0,0,0,1.0,1,1.0,1,1.0,1,0.15281000622644236,50
1495,2,2403,1192,1211,0,0,0,1.0,1,1.0,1,1.0,1,0.11925854246379608,50
1496,1,2404,1193,1211,0,0,0,1.0,1,1.0,1,1.0,1,0.1668104083917672,52
1497,2,2406,1194,1212,0,0,0,1.0,1,1.0,1,1.0,1,0.16299822427365998,51
1498,2,2408,1195,1213,0,0,0,1.0,1,1.0,1,1.0,1,0.14704128180447912,50
1499,1,2409,1196,1213,0,0,0,1.0,1,1.0,1,1.0,1,0.15894861592905646,50
1500,1,2410,1197,1213,0,0,0,1.0,1,1.0,1,1.0,1,0.18443072177501377,49
1501,0,2410,1197,1213,0,0,0,1.0,1,1.0,1,1.0,1,0.18723102284203633,47
1502,4,2414,1200,1214,0,0,0,1.0,1,1.0,1,1.0,1,0.2419536421278657,47
1503,2,2416,1201,1215,0,0,0,1.0,1,1.0,1,1.0,1,0.17741949456322773,47
1504,3,2419,1203,1216,0,0,0,1.0,1,1.0,1,1.0,1,0.1744839283772808,48
1505,2,2421,1205,1216,0,0,0,1.0,1,1.0,1,1.0,1,0.20364541132024866,47
1506,2,2423,1207,1216,0,0,0,1.0,1,1.0,1,1.0,1,0.2275063503895086,47
1507,2,2425,1209,1216,0,0,0,1.0,1,1.0,1,1.0,1,0.2356817877194587,45
1508,3,2428,1211,1217,0,0,0,1.0,1,1.0,1,1.0,1,0.23554579968344802,45
1509,3,2431,1213,1218,0,0,0,1.0,1,1.0,1,1.0,1,0.22849053364053185,44
1510,2,2433,1215,1218,0,0,0,1.0,1,1.0,1,1.0,1,0.2807430234471282,42
1511,2,2435,1215,1220,0,0,0,1.0,1,1.0,1,1.0,1,0.24400808515630246,40
1512,5,2440,1219,1221,0,0,0,1.0,1,1.0,1,1.0,1,0.3243011677380036,39
1513,2,2442,1219,1223,0,0,0,1.0,1,1.0,1,1.0,1,0.26600746929341557,39
1514,1,2443,1219,1224,0,0,0,1.0,1,1.0,1,1.0,1,0.25493057155421867,38
1515,1,2444,1220,1224,0,0,0,1.0,1,1.0,1,1.0,1,0.28060294155882914,39
1516,3,2447,1220,1227,0,0,0,1.0,1,1.0,1,1.0,1,0.20725379887480957,39
1517,2,2449,1221,1228,0,0,0,1.0,1,1.0,1,1.0,1,0.22258079850352164,39
1518,1,2450,1222,1228,0,0,0,1.0,1,1.0,1,1.0,1,0.24405229179917834,39
1519,0,2450,1222,1228,0,0,0,1.0,1,1.0,1,1.0,1,0.24405229179917834,39
1520,3,2453,1223,1230,0,0,0,1.0,1,1.0,1,1.0,1,0.2205175257427288,39
1521,2,2455,1224,1231,0,0,0,1.0,1,1.0,1,1.0,1,0.2281810581496027,40
1522,1,2456,1225,1231,0,0,0,1.0,1,1.0,1,1.0,1,0.221877605335736,40
1523,1,2457,1225,1232,0,0,0,1.0,1,1.0,1,1.0,1,0.21311397038199056,41
1524,1,2458,1226,1232,0,0,0,1.0,1,1.0,1,1.0,1,0.25327702531996205,42
1525,4,2462,1227,1235,0,0,0,1.0,1,1.0,1,1.0,1,0.19368174281474218,45
1526,0,2462,1227,1235,0,0,0,1.0,1,1.0,1,1.0,1,0.20666427836754103,46
1527,0,2462,1227,1235,0,0,0,1.0,1,1.0,1,1.0,1,0.20666427836754103,46
1528,0,2462,1227,1235,0,0,0,1.0,1,1.0,1,1.0,1,0.21606580616674262,47
1529,0,2462,1227,1235,0,0,0,1.0,1,1.0,1,1.0,1,0.21606580616674262,47
1530,2,2464,1227,1237,0,0,0,1.0,1,1.0,1,1.0,1,0.18736078582413782,48
1531,0,2464,1227,1237,0,0,0,1.0,1,1.0,1,1.0,1,0.19525830079208548,46
1532,1,2465,1227,1238,0,0,0,1.0,1,1.0,1,1.0,1,0.15234595640924262,47
1533,0,2465,1227,1238,0,0,0,1.0,1,1.0,1,1.0,1,0.15973145662967284,46
1534,1,2466,1228,1238,0,0,0,1.0,1,1.0,1,1.0,1,0.13518222763516383,47
1535,1,2467,1229,1238,0,0,0,1.0,1,1.0,1,1.0,1,0.13239247833706583,47
1536,0,2467,1229,1238,0,0,0,1.0,1,1.0,1,1.0,1,0.14369463910814526,48
1537,0,2467,1229,1238,0,0,0,1.0,1,1.0,1,1.0,1,0.1443601555063168,46
1538,1,2468,1230,1238,0,0,0,1.0,1,1.0,1,1.0,1,0.1729074402868916,47
1539,1,2469,1230,1239,0,0,0,1.0,1,1.0,1,1.0,1,0.19340143328429324,47
1540,1,2470,1231,1239,0,0,0,1.0,1,1.0,1,1.0,1,0.20829646098368731,47
1541,0,2470,1231,1239,0,0,0,1.0,1,1.0,1,1.0,1,0.20771378117703962,47
1542,3,2473,1233,1240,0,0,0,1.0,1,1.0,1,1.0,1,0.25542640375429726,50
1543,3,2476,1236,1240,0,0,0,1.0,1,1.0,1,1.0,1,0.2738693005600197,47
1544,7,2483,1240,1243,0,0,0,1.0,1,1.0,1,1.0,1,0.26614821172808045,48
1545,3,2486,1241,1245,0,0,0,1.0,1,1.0,1,1.0,1,0.2379708136020471,47
1546,5,2491,1241,1250,0,0,0,1.0,1,1.0,1,1.0,1,0.1447221289896681,47
1547,2,2493,1242,1251,0,0,0,1.0,1,1.0,1,1.0,1,0.14122826233801583,47
1548,5,2498,1246,1252,0,0,0,1.0,1,1.0,1,1.0,1,0.1775196790953557,47
1549,5,2503,1250,1253,0,0,0,1.0,1,1.0,1,1.0,1,0.16859496220620823,46
1550,3,2506,1251,1255,0,0,0,1.0,1,1.0,1,1.0,1,0.18312632305098986,44
1551,4,2510,1254,1256,0,0,0,1.0,1,1.0,1,1.0,1,0.20190631945700815,45
1552,5,2515,1255,1260,0,0,0,1.0,1,1.0,1,1.0,1,0.19079911962045265,43
1553,3,2518,1256,1262,0,0,0,1.0,1,1.0,1,1.0,1,0.1457029699599327,43
1554,0,2518,1256,1262,0,0,0,1.0,1,1.0,1,1.0,1,0.17596053852387447,41
1555,1,2519,1257,1262,0,0,0,1.0,1,1.0,1,1.0,1,0.177069918590179,44
1556,1,2520,1258,1262,0,0,0,1.0,1,1.0,1,1.0,1,0.19101270943243856,45
1557,1,2521,1258,1263,0,0,0,1.0,1,1.0,1,1.0,1,0.16715272817662752,45
1558,3,2524,1258,1266,0,0,0,1.0,1,1.0,1,1.0,1,0.12118375211789419,46
1559,0,2524,1258,1266,0,0,0,1.0,1,1.0,1,1.0,1,0.13361612991282754,47
1560,2,2526,1260,1266,0,0,0,1.0,1,1.0,1,1.0,1,0.08592306928262312,46
1561,0,2526,1260,1266,0,0,0,1.0,1,1.0,1,1.0,1,0.10027756539235486,47
1562,0,2526,1260,1266,0,0,0,1.0,1,1.0,1,1.0,1,0.11119925307717028,47
1563,0,2526,1260,1266,0,0,0,1.0,1,1.0,1,1.0,1,0.11119925307717028,47
1564,0,2526,1260,1266,0,0,0,1.0,1,1.0,1,1.0,1,0.11119925307717028,47
1565,0,2526,1260,1266,0,0,0,1.0,1,1.0,1,1.0,1,0.152595168614775,48
1566,1,2527,1261,1266,0,0,0,1.0,1,1.0,1,1.0,1,0.1574283006246262,48
1567,0,2527,1261,1266,0,0,0,1.0,1,1.0,1,1.0,1,0.2048018761857609,48
1568,2,2529,1263,1266,0,0,0,1.0,1,1.0,1,1.0,1,0.25270923541873624,48
1569,3,2532,1263,1269,0,0,0,1.0,1,1.0,1,1.0,1,0.19003927959780173,45
1570,1,2533,1263,1270,0,0,0,1.0,1,1.0,1,1.0,1,0.16797697936625128,44
1571,6,2539,1266,1273,0,0,0,1.0,1,1.0,1,1.0,1,0.1708107796691398,42
1572,3,2542,1267,1275,0,0,0,1.0,1,1.0,1,1.0,1,0.20140317695926768,43
1573,0,2542,1267,1275,0,0,0,1.0,1,1.0,1,1.0,1,0.20140317695926768,43
1574,4,2546,1270,1276,0,0,0,1.0,1,1.0,1,1.0,1,0.2457579602193828,42
1575,6,2552,1273,1279,0,0,0,1.0,1,1.0,1,1.0,1,0.2732649122361182,43
1576,3,2555,1276,1279,0,0,0,1.0,1,1.0,1,1.0,1,0.2611376934747245,41
1577,1,2556,1276,1280,0,0,0,1.0,1,1.0,1,1.0,1,0.22077990653941354,40
1578,0,2556,1276,1280,0,0,0,1.0,1,1.0,1,1.0,1,0.21830796216522808,40
1579,0,2556,1276,1280,0,0,0,1.0,1,1.0,1,1.0,1,0.217976203429733,40
1580,0,2556,1276,1280,0,0,0,1.0,1,1.0,1,1.0,1,0.217976203429733,40
1581,0,2556,1276,1280,0,0,0,1.0,1,1.0,1,1.0,1,0.21838930144355082,40
1582,7,2563,1280,1283,0,0,0,1.0,1,1.0,1,1.0,1,0.21195096115453738,40
1583,2,2565,1281,1284,0,0,0,1.0,1,1.0,1,1.0,1,0.206045662849348,38
1584,2,2567,1283,1284,0,0,0,1.0,1,1.0,1,1.0,1,0.20308374217642838,39
1585,2,2569,1285,1284,0,0,0,1.0,1,1.0,1,1.0,1,0.17786464665952342,38
1586,5,2574,1288,1286,0,0,0,1.0,1,1.0,1,1.0,1,0.17740668921016875,38
1587,1,2575,1289,1286,0,0,0,1.0,1,1.0,1,1.0,1,0.15542958205605462,37
1588,5,2580,1292,1288,0,0,0,1.0,1,1.0,1,1.0,1,0.18609844704492123,39
1589,4,2584,1295,1289,0,0,0,1.0,1,1.0,1,1.0,1,0.2141023558937005,37
1590,2,2586,1296,1290,0,0,0,1.0,1,1.0,1,1.0,1,0.17400619179722351,37
1591,2,2588,1297,1291,0,0,0,1.0,1,1.0,1,1.0,1,0.1992034542010524,36
1592,0,2588,1297,1291,0,0,0,1.0,1,1.0,1,1.0,1,0.24022389324400448,34
1593,2,2590,1298,1292,0,0,0,1.0,1,1.0,1,1.0,1,0.2521060798784891,33
1594,1,2591,1298,1293,0,0,0,1.0,1,1.0,1,1.0,1,0.2868518220293443,31
1595,2,2593,1298,1295,0,0,0,1.0,1,1.0,1,1.0,1,0.2290294458340404,34
1596,0,2593,1298,1295,0,0,0,1.0,1,1.0,1,1.0,1,0.24802226771239824,33
1597,0,2593,1298,1295,0,0,0,1.0,1,1.0,1,1.0,1,0.24802226771239824,33
1598,0,2593,1298,1295,0,0,0,1.0,1,1.0,1,1.0,1,0.23364295511882996,33
1599,0,2593,1298,1295,0,0,0,1.0,1,1.0,1,1.0,1,0.23364295511882996,33
1600,2,2595,1299,1296,0,0,0,1.0,1,1.0,1,1.0,1,0.22751851620062968,34
1601,1,2596,1300,1296,0,0,0,1.0,1,1.0,1,1.0,1,0.2589443136785249,35
1602,0,2596,1300,1296,0,0,0,1.0,1,1.0,1,1.0,1,0.23956969857821778,36
1603,2,2598,1301,1297,0,0,0,1.0,1,1.0,1,1.0,1,0.2763336589348797,38
1604,3,2601,1302,1299,0,0,0,1.0,1,1.0,1,1.0,1,0.22218206227972753,38
1605,0,2601,1302,1299,0,0,0,1.0,1,1.0,1,1.0,1,0.22218206227972753,38
1606,5,2606,1305,1301,0,0,0,1.0,1,1.0,1,1.0,1,0.2663794842214606,39
1607,2,2608,1306,1302,0,0,0,1.0,1,1.0,1,1.0,1,0.29761624132787895,37
1608,2,2610,1307,1303,0,0,0,1.0,1,1.0,1,1.0,1,0.32398139796831027,36
1609,2,2612,1307,1305,0,0,0,1.0,1,1.0,1,1.0,1,0.23731538067719632,34
1610,1,2613,1308,1305,0,0,0,1.0,1,1.0,1,1.0,1,0.24932162031985683,34
1611,2,2615,1310,1305,0,0,0,1.0,1,1.0,1,1.0,1,0.27320416897706457,35
1612,2,2617,1310,1307,0,0,0,1.0,1,1.0,1,1.0,1,0.19634772580505272,33
1613,0,2617,1310,1307,0,0,0,1.0,1,1.0,1,1.0,1,0.20761347026293384,34
1614,0,2617,1310,1307,0,0,0,1.0,1,1.0,1,1.0,1,0.21111966493159498,35
1615,0,2617,1310,1307,0,0,0,1.0,1,1.0,1,1.0,1,0.21111966493159498,35
1616,2,2619,1311,1308,0,0,0,1.0,1,1.0,1,1.0,1,0.17821021582283486,37
1617,1,2620,1312,1308,0,0,0,1.0,1,1.0,1,1.0,1,0.21468761636186384,38
1618,2,2622,1314,1308,0,0,0,1.0,1,1.0,1,1.0,1,0.25178462362723125,38
1619,2,2624,1315,1309,0,0,0,1.0,1,1.0,1,1.0,1,0.2464076552616382,38
1620,2,2626,1316,1310,0,0,0,1.0,1,1.0,1,1.0,1,0.25526436904438043,39
1621,3,2629,1317,1312,0,0,0,1.0,1,1.0,1,1.0,1,0.16476616382866582,37
1622,0,2629,1317,1312,0,0,0,1.0,1,1.0,1,1.0,1,0.19179975453073553,37
1623,2,2631,1319,1312,0,0,0,1.0,1,1.0,1,1.0,1,0.22749054544300631,37
1624,1,2632,1320,1312,0,0,0,1.0,1,1.0,1,1.0,1,0.24397427231309435,37
1625,1,2633,1321,1312,0,0,0,1.0,1,1.0,1,1.0,1,0.2324518281784126,35
1626,2,2635,1322,1313,0,0,0,1.0,1,1.0,1,1.0,1,0.28254701788099795,35
1627,0,2635,1322,1313,0,0,0,1.0,1,1.0,1,1.0,1,0.26624223470426206,34
1628,4,2639,1324,1315,0,0,0,1.0,1,1.0,1,1.0,1,0.27389058585465687,35
1629,3,2642,1325,1317,0,0,0,1.0,1,1.0,1,1.0,1,0.2503994175815387,34
1630,0,2642,1325,1317,0,0,0,1.0,1,1.0,1,1.0,1,0.2325172691421326,32
1631,0,2642,1325,1317,0,0,0,1.0,1,1.0,1,1.0,1,0.25342465421447524,33
1632,1,2643,1325,1318,0,0,0,1.0,1,1.0,1,1.0,1,0.26875035031370575,32
1633,0,2643,1325,1318,0,0,0,1.0,1,1.0,1,1.0,1,0.2611712101553162,31
1634,1,2644,1326,1318,0,0,0,1.0,1,1.0,1,1.0,1,0.3079027939753931,31
1635,0,2644,1326,1318,0,0,0,1.0,1,1.0,1,1.0,1,0.31582843453957904,31
1636,3,2647,1327,1320,0,0,0,1.0,1,1.0,1,1.0,1,0.2902251892085661,33
1637,2,2649,1327,1322,0,0,0,1.0,1,1.0,1,1.0,1,0.24458913145654843,33
1638,0,2649,1327,1322,0,0,0,1.0,1,1.0,1,1.0,1,0.2646824293462139,36
1639,0,2649,1327,1322,0,0,0,1.0,1,1.0,1,1.0,1,0.2646824293462139,36
1640,2,2651,1328,1323,0,0,0,1.0,1,1.0,1,1.0,1,0.27049920096694824,36
1641,1,2652,1329,1323,0,0,0,1.0,1,1.0,1,1.0,1,0.25697619523211285,38
1642,3,2655,1331,1324,0,0,0,1.0,1,1.0,1,1.0,1,0.24573651509149327,37
1643,3,2658,1333,1325,0,0,0,1.0,1,1.0,1,1.0,1,0.2757566301532836,37
1644,3,2661,1335,1326,0,0,0,1.0,1,1.0,1,1.0,1,0.32969615664893454,38
1645,0,2661,1335,1326,0,0,0,1.0,1,1.0,1,1.0,1,0.34054900533641325,36
1646,0,2661,1335,1326,0,0,0,1.0,1,1.0,1,1.0,1,0.3524163490041129,37
1647,1,2662,1336,1326,0,0,0,1.0,1,1.0,1,1.0,1,0.41581804541712064,35
1648,2,2664,1336,1328,0,0,0,1.0,1,1.0,1,1.0,1,0.3881589174834385,38
1649,1,2665,1337,1328,0,0,0,1.0,1,1.0,1,1.0,1,0.3888010396973225,35
1650,0,2665,1337,1328,0,0,0,1.0,1,1.0,1,1.0,1,0.4030380012316622,34
1651,0,2665,1337,1328,0,0,0,1.0,1,1.0,1,1.0,1,0.4250827834284705,32
1652,0,2665,1337,1328,0,0,0,1.0,1,1.0,1,1.0,1,0.4322626138758744,33
1653,0,2665,1337,1328,0,0,0,1.0,1,1.0,1,1.0,1,0.4322626138758744,33
1654,1,2666,1337,1329,0,0,0,1.0,1,1.0,1,1.0,1,0.41405037527429084,34
1655,3,2669,1337,1332,0,0,0,1.0,1,1.0,1,1.0,1,0.3710643186284187,35
1656,1,2670,1337,1333,0,0,0,1.0,1,1.0,1,1.0,1,0.3526708410498612,35
1657,5,2675,1337,1338,0,0,0,1.0,1,1.0,1,1.0,1,0.21837121881620686,36
1658,0,2675,1337,1338,0,0,0,1.0,1,1.0,1,1.0,1,0.21837121881620686,36
1659,0,2675,1337,1338,0,0,0,1.0,1,1.0,1,1.0,1,0.21837121881620686,36
1660,5,2680,1341,1339,0,0,0,1.0,1,1.0,1,1.0,1,0.2505019749411126,38
1661,1,2681,1341,1340,0,0,0,1.0,1,1.0,1,1.0,1,0.20796021550127575,38
1662,4,2685,1344,1341,0,0,0,1.0,1,1.0,1,1.0,1,0.2266994186090983,39
1663,1,2686,1345,1341,0,0,0,1.0,1,1.0,1,1.0,1,0.26633389434812077,40
1664,4,2690,1346,1344,0,0,0,1.0,1,1.0,1,1.0,1,0.22402729711428807,39
1665,4,2694,1347,1347,0,0,0,1.0,1,1.0,1,1.0,1,0.19526282074014847,40
1666,1,2695,1347,1348,0,0,0,1.0,1,1.0,1,1.0,1,0.1993134047994139,40
1667,1,2696,1348,1348,0,0,0,1.0,1,1.0,1,1.0,1,0.20113496816842047,40
1668,1,2697,1349,1348,0,0,0,1.0,1,1.0,1,1.0,1,0.2110414675976373,41
1669,0,2697,1349,1348,0,0,0,1.0,1,1.0,1,1.0,1,0.19923522630220108,40
1670,2,2699,1351,1348,0,0,0,1.0,1,1.0,1,1.0,1,0.19873851927160816,40
1671,2,2701,1352,1349,0,0,0,1.0,1,1.0,1,1.0,1,0.23242236489630652,41
1672,1,2702,1353,1349,0,0,0,1.0,1,1.0,1,1.0,1,0.2735728669025922,40
1673,1,2703,1353,1350,0,0,0,1.0,1,1.0,1,1.0,1,0.24231318045292055,39
1674,3,2706,1353,1353,0,0,0,1.0,1,1.0,1,1.0,1,0.199788066840539,40
1675,0,2706,1353,1353,0,0,0,1.0,1,1.0,1,1.0,1,0.20820751872456797,38
1676,2,2708,1354,1354,0,0,0,1.0,1,1.0,1,1.0,1,0.22226814471266254,39
1677,0,2708,1354,1354,0,0,0,1.0,1,1.0,1,1.0,1,0.2225298284499508,39
1678,0,2708,1354,1354,0,0,0,1.0,1,1.0,1,1.0,1,0.2225298284499508,39
1679,0,2708,1354,1354,0,0,0,1.0,1,1.0,1,1.0,1,0.2225298284499508,39
1680,3,2711,1355,1356,0,0,0,1.0,1,1.0,1,1.0,1,0.20783248789234837,41
1681,1,2712,1355,1357,0,0,0,1.0,1,1.0,1,1.0,1,0.17897952373782344,41
1682,4,2716,1356,1360,0,0,0,1.0,1,1.0,1,1.0,1,0.1853130078285085,43
1683,4,2720,1359,1361,0,0,0,1.0,1,1.0,1,1.0,1,0.2253240674870709,43
1684,4,2724,1360,1364,0,0,0,1.0,1,1.0,1,1.0,1,0.19146930593991598,42
1685,1,2725,1361,1364,0,0,0,1.0,1,1.0,1,1.0,1,0.20946680807662152,41
1686,4,2729,1363,1366,0,0,0,1.0,1,1.0,1,1.0,1,0.27237637965655875,41
1687,3,2732,1364,1368,0,0,0,1.0,1,1.0,1,1.0,1,0.24021952894953286,40
1688,2,2734,1366,1368,0,0,0,1.0,1,1.0,1,1.0,1,0.23850093945361406,39
1689,3,2737,1368,1369,0,0,0,1.0,1,1.0,1,1.0,1,0.24971641467856479,38
1690,2,2739,1369,1370,0,0,0,1.0,1,1.0,1,1.0,1,0.2313585103974502,38
1691,0,2739,1369,1370,0,0,0,1.0,1,1.0,1,1.0,1,0.2584805726661107,36
1692,0,2739,1369,1370,0,0,0,1.0,1,1.0,1,1.0,1,0.22973724271484625,36
1693,1,2740,1370,1370,0,0,0,1.0,1,1.0,1,1.0,1,0.2424925579889343,35
1694,0,2740,1370,1370,0,0,0,1.0,1,1.0,1,1.0,1,0.2535921722241548,33
1695,2,2742,1370,1372,0,0,0,1.0,1,1.0,1,1.0,1,0.22904436371860235,34
1696,0,2742,1370,1372,0,0,0,1.0,1,1.0,1,1.0,1,0.2501184401909282,35
1697,0,2742,1370,1372,0,0,0,1.0,1,1.0,1,1.0,1,0.24751694750812583,36
1698,2,2744,1371,1373,0,0,0,1.0,1,1.0,1,1.0,1,0.2689946013466267,38
1699,2,2746,1372,1374,0,0,0,1.0,1,1.0,1,1.0,1,0.28184280085752145,38
1700,3,2749,1373,1376,0,0,0,1.0,1,1.0,1,1.0,1,0.2341422807211877,39
1701,0,2749,1373,1376,0,0,0,1.0,1,1.0,1,1.0,1,0.24211352845628153,40
1702,3,2752,1376,1376,0,0,0,1.0,1,1.0,1,1.0,1,0.30648177110564523,41
1703,4,2756,1377,1379,0,0,0,1.0,1,1.0,1,1.0,1,0.3074719900087518,41
1704,3,2759,1379,1380,0,0,0,1.0,1,1.0,1,1.0,1,0.24221919913722514,41
1705,0,2759,1379,1380,0,0,0,1.0,1,1.0,1,1.0,1,0.22523420503387068,40
1706,0,2759,1379,1380,0,0,0,1.0,1,1.0,1,1.0,1,0.22523420503387068,40
1707,2,2761,1381,1380,0,0,0,1.0,1,1.0,1,1.0,1,0.23223275438512714,39
1708,3,2764,1382,1382,0,0,0,1.0,1,1.0,1,1.0,1,0.220908155581087,39
1709,1,2765,1383,1382,0,0,0,1.0,1,1.0,1,1.0,1,0.23653303353015503,38
1710,4,2769,1385,1384,0,0,0,1.0,1,1.0,1,1.0,1,0.22679705916383278,39
1711,1,2770,1385,1385,0,0,0,1.0,1,1.0,1,1.0,1,0.22825714175511397,38
1712,2,2772,1386,1386,0,0,0,1.0,1,1.0,1,1.0,1,0.23809573994495564,38
1713,0,2772,1386,1386,0,0,0,1.0,1,1.0,1,1.0,1,0.2660671700334319,37
1714,0,2772,1386,1386,0,0,0,1.0,1,1.0,1,1.0,1,0.2670100796830124,38
1715,3,2775,1387,1388,0,0,0,1.0,1,1.0,1,1.0,1,0.22866878191846615,40
1716,0,2775,1387,1388,0,0,0,1.0,1,1.0,1,1.0,1,0.24144065535614267,39
1717,0,2775,1387,1388,0,0,0,1.0,1,1.0,1,1.0,1,0.23930833099483986,38
1718,1,2776,1387,1389,0,0,0,1.0,1,1.0,1,1.0,1,0.25619967055971177,38
1719,1,2777,1387,1390,0,0,0,1.0,1,1.0,1,1.0,1,0.23782030632793377,38
1720,0,2777,1387,1390,0,0,0,1.0,1,1.0,1,1.0,1,0.2388443037637313,41
1721,0,2777,1387,1390,0,0,0,1.0,1,1.0,1,1.0,1,0.21323185182618187,39
1722,2,2779,1389,1390,0,0,0,1.0,1,1.0,1,1.0,1,0.2617384153861148,40
1723,3,2782,1391,1391,0,0,0,1.0,1,1.0,1,1.0,1,0.26207641490871003,38
1724,1,2783,1392,1391,0,0,0,1.0,1,1.0,1,1.0,1,0.30988475682484545,37
1725,3,2786,1392,1394,0,0,0,1.0,1,1.0,1,1.0,1,0.26600431498363714,38
1726,1,2787,1392,1395,0,0,0,1.0,1,1.0,1,1.0,1,0.2353843332969455,37
1727,0,2787,1392,1395,0,0,0,1.0,1,1.0,1,1.0,1,0.2353843332969455,37
1728,0,2787,1392,1395,0,0,0,1.0,1,1.0,1,1.0,1,0.23453950368750603,35
1729,1,2788,1393,1395,0,0,0,1.0,1,1.0,1,1.0,1,0.2372857899145838,37
1730,1,2789,1394,1395,0,0,0,1.0,1,1.0,1,1.0,1,0.3083746795393506,37
1731,1,2790,1395,1395,0,0,0,1.0,1,1.0,1,1.0,1,0.3391164984057065,37
1732,4,2794,1395,1399,0,0,0,1.0,1,1.0,1,1.0,1,0.26912026864896804,37
1733,2,2796,1396,1400,0,0,0,1.0,1,1.0,1,1.0,1,0.21275256613810817,36
1734,2,2798,1396,1402,0,0,0,1.0,1,1.0,1,1.0,1,0.208135832485822,35
1735,1,2799,1397,1402,0,0,0,1.0,1,1.0,1,1.0,1,0.2020946876780421,34
1736,1,2800,1397,1403,0,0,0,1.0,1,1.0,1,1.0,1,0.18930857151291647,35
1737,3,2803,1399,1404,0,0,0,1.0,1,1.0,1,1.0,1,0.181037419325921,36
1738,1,2804,1400,1404,0,0,0,1.0,1,1.0,1,1.0,1,0.245888343264122,37
1739,2,2806,1402,1404,0,0,0,1.0,1,1.0,1,1.0,1,0.22912518138872942,38
1740,0,2806,1402,1404,0,0,0,1.0,1,1.0,1,1.0,1,0.23683458711321248,37
1741,1,2807,1402,1405,0,0,0,1.0,1,1.0,1,1.0,1,0.23599802440157353,38
1742,2,2809,1404,1405,0,0,0,1.0,1,1.0,1,1.0,1,0.2773184599879759,39
1743,3,2812,1405,1407,0,0,0,1.0,1,1.0,1,1.0,1,0.2480033987066188,37
1744,3,2815,1408,1407,0,0,0,1.0,1,1.0,1,1.0,1,0.28377202801179535,38
1745,3,2818,1409,1409,0,0,0,1.0,1,1.0,1,1.0,1,0.284209621595376,37
1746,1,2819,1409,1410,0,0,0,1.0,1,1.0,1,1.0,1,0.236002142188091,38
1747,2,2821,1410,1411,0,0,0,1.0,1,1.0,1,1.0,1,0.24385751095474523,38
1748,3,2824,1411,1413,0,0,0,1.0,1,1.0,1,1.0,1,0.21697873897813155,38
1749,0,2824,1411,1413,0,0,0,1.0,1,1.0,1,1.0,1,0.22908803445955986,37
1750,1,2825,1411,1414,0,0,0,1.0,1,1.0,1,1.0,1,0.22780226017417068,39
1751,0,2825,1411,1414,0,0,0,1.0,1,1.0,1,1.0,1,0.2245331198917129,38
1752,1,2826,1412,1414,0,0,0,1.0,1,1.0,1,1.0,1,0.2098474211531373,39
1753,0,2826,1412,1414,0,0,0,1.0,1,1.0,1,1.0,1,0.20167912685238631,40
1754,1,2827,1413,1414,0,0,0,1.0,1,1.0,1,1.0,1,0.23396133894740992,41
1755,0,2827,1413,1414,0,0,0,1.0,1,1.0,1,1.0,1,0.2530711796439395,41
1756,2,2829,1414,1415,0,0,0,1.0,1,1.0,1,1.0,1,0.2818867579584105,42
1757,3,2832,1415,1417,0,0,0,1.0,1,1.0,1,1.0,1,0.27860955979863583,42
1758,3,2835,1417,1418,0,0,0,1.0,1,1.0,1,1.0,1,0.3047317448034834,42
1759,3,2838,1418,1420,0,0,0,1.0,1,1.0,1,1.0,1,0.3210679979372998,39
1760,2,2840,1419,1421,0,0,0,1.0,1,1.0,1,1.0,1,0.37220165601572613,39
1761,4,2844,1420,1424,0,0,0,1.0,1,1.0,1,1.0,1,0.26821555644087086,38
1762,2,2846,1421,1425,0,0,0,1.0,1,1.0,1,1.0,1,0.24682088646530045,37
1763,2,2848,1422,1426,0,0,0,1.0,1,1.0,1,1.0,1,0.2742403032114492,37
1764,2,2850,1423,1427,0,0,0,1.0,1,1.0,1,1.0,1,0.20528943833490007,36
1765,3,2853,1425,1428,0,0,0,1.0,1,1.0,1,1.0,1,0.17300931706410025,37
1766,1,2854,1425,1429,0,0,0,1.0,1,1.0,1,1.0,1,0.1504455430809361,36
1767,0,2854,1425,1429,0,0,0,1.0,1,1.0,1,1.0,1,0.1504455430809361,36
1768,0,2854,1425,1429,0,0,0,1.0,1,1.0,1,1.0,1,0.1504455430809361,36
1769,2,2856,1426,1430,0,0,0,1.0,1,1.0,1,1.0,1,0.12937621601120303,38
1770,0,2856,1426,1430,0,0,0,1.0,1,1.0,1,1.0,1,0.12937621601120303,38
1771,0,2856,1426,1430,0,0,0,1.0,1,1.0,1,1.0,1,0.12937621601120303,38
1772,0,2856,1426,1430,0,0,0,1.0,1,1.0,1,1.0,1,0.14013508816103526,40
1773,1,2857,1427,1430,0,0,0,1.0,1,1.0,1,1.0,1,0.16597527396831482,40
1774,0,2857,1427,1430,0,0,0,1.0,1,1.0,1,1.0,1,0.16597527396831482,40
1775,0,2857,1427,1430,0,0,0,1.0,1,1.0,1,1.0,1,0.17756564336691963,41
1776,0,2857,1427,1430,0,0,0,1.0,1,1.0,1,1.0,1,0.16928207018049318,43
1777,0,2857,1427,1430,0,0,0,1.0,1,1.0,1,1.0,1,0.179948480761007,44
1778,4,2861,1430,1431,0,0,0,1.0,1,1.0,1,1.0,1,0.19755151270315316,44
1779,0,2861,1430,1431,0,0,0,1.0,1,1.0,1,1.0,1,0.19755151270315316,44
1780,2,2863,1431,1432,0,0,0,1.0,1,1.0,1,1.0,1,0.19457465890641631,46
1781,1,2864,1431,1433,0,0,0,1.0,1,1.0,1,1.0,1,0.1641476011872382,46
1782,3,2867,1434,1433,0,0,0,1.0,1,1.0,1,1.0,1,0.2079138345076878,45
1783,2,2869,1435,1434,0,0,0,1.0,1,1.0,1,1.0,1,0.22664080203533185,44
1784,1,2870,1436,1434,0,0,0,1.0,1,1.0,1,1.0,1,0.2558675549839039,44
1785,5,2875,1439,1436,0,0,0,1.0,1,1.0,1,1.0,1,0.23537497649119588,42
1786,6,2881,1441,1440,0,0,0,1.0,1,1.0,1,1.0,1,0.21957185578975671,42
1787,0,2881,1441,1440,0,0,0,1.0,1,1.0,1,1.0,1,0.2218102734636005,41
1788,2,2883,1443,1440,0,0,0,1.0,1,1.0,1,1.0,1,0.28516779388349217,41
1789,6,2889,1445,1444,0,0,0,1.0,1,1.0,1,1.0,1,0.21595101009190915,41
1790,2,2891,1447,1444,0,0,0,1.0,1,1.0,1,1.0,1,0.25405283592155187,41
1791,3,2894,1449,1445,0,0,0,1.0,1,1.0,1,1.0,1,0.19983496269583642,41
1792,0,2894,1449,1445,0,0,0,1.0,1,1.0,1,1.0,1,0.198616893827147,43
1793,2,2896,1450,1446,0,0,0,1.0,1,1.0,1,1.0,1,0.1376140264101607,43
1794,1,2897,1451,1446,0,0,0,1.0,1,1.0,1,1.0,1,0.1690181858097438,41
1795,2,2899,1453,1446,0,0,0,1.0,1,1.0,1,1.0,1,0.19465561389533484,41
1796,3,2902,1454,1448,0,0,0,1.0,1,1.0,1,1.0,1,0.19008722250501503,40
1797,4,2906,1455,1451,0,0,0,1.0,1,1.0,1,1.0,1,0.23248073502264088,38
1798,0,2906,1455,1451,0,0,0,1.0,1,1.0,1,1.0,1,0.23248073502264088,38
1799,1,2907,1456,1451,0,0,0,1.0,1,1.0,1,1.0,1,0.21048880261535946,37
1800,1,2908,1457,1451,0,0,0,1.0,1,1.0,1,1.0,1,0.28276110854988323,35
1801,0,2908,1457,1451,0,0,0,1.0,1,1.0,1,1.0,1,0.28117516163468653,34
1802,1,2909,1458,1451,0,0,0,1.0,1,1.0,1,1.0,1,0.23155746298135474,33
1803,2,2911,1459,1452,0,0,0,1.0,1,1.0,1,1.0,1,0.2383755579059886,33
1804,2,2913,1461,1452,0,0,0,1.0,1,1.0,1,1.0,1,0.28678360160443184,33
1805,2,2915,1461,1454,0,0,0,1.0,1,1.0,1,1.0,1,0.22276327569735604,35
1806,2,2917,1462,1455,0,0,0,1.0,1,1.0,1,1.0,1,0.20257250876054395,36
1807,0,2917,1462,1455,0,0,0,1.0,1,1.0,1,1.0,1,0.215258472744816,35
1808,0,2917,1462,1455,0,0,0,1.0,1,1.0,1,1.0,1,0.19935286780074946,37
1809,0,2917,1462,1455,0,0,0,1.0,1,1.0,1,1.0,1,0.2080754208271659,35
1810,0,2917,1462,1455,0,0,0,1.0,1,1.0,1,1.0,1,0.22630301515339293,36
1811,0,2917,1462,1455,0,0,0,1.0,1,1.0,1,1.0,1,0.28605337827789357,34
1812,1,2918,1463,1455,0,0,0,1.0,1,1.0,1,1.0,1,0.29075561792813714,36
1813,0,2918,1463,1455,0,0,0,1.0,1,1.0,1,1.0,1,0.3186251201288688,35
1814,4,2922,1464,1458,0,0,0,1.0,1,1.0,1,1.0,1,0.2596739234890981,36
1815,1,2923,1464,1459,0,0,0,1.0,1,1.0,1,1.0,1,0.2394647009824639,35
1816,2,2925,1465,1460,0,0,0,1.0,1,1.0,1,1.0,1,0.19859003472517078,35
1817,0,2925,1465,1460,0,0,0,1.0,1,1.0,1,1.0,1,0.19859003472517078,35
1818,5,2930,1469,1461,0,0,0,1.0,1,1.0,1,1.0,1,0.17013141568142504,36
1819,3,2933,1471,1462,0,0,0,1.0,1,1.0,1,1.0,1,0.15951776875931434,37
1820,0,2933,1471,1462,0,0,0,1.0,1,1.0,1,1.0,1,0.15951776875931434,37
1821,1,2934,1472,1462,0,0,0,1.0,1,1.0,1,1.0,1,0.14600241381592918,38
1822,3,2937,1475,1462,0,0,0,1.0,1,1.0,1,1.0,1,0.20778439370586865,37
1823,4,2941,1478,1463,0,0,0,1.0,1,1.0,1,1.0,1,0.23160648713436102,36
1824,4,2945,1481,1464,0,0,0,1.0,1,1.0,1,1.0,1,0.2397231479683046,36
1825,1,2946,1482,1464,0,0,0,1.0,1,1.0,1,1.0,1,0.21828320180843472,34
1826,4,2950,1485,1465,0,0,0,1.0,1,1.0,1,1.0,1,0.22349913663740195,35
1827,1,2951,1486,1465,0,0,0,1.0,1,1.0,1,1.0,1,0.21339010502233877,34
1828,0,2951,1486,1465,0,0,0,1.0,1,1.0,1,1.0,1,0.20701459385634866,33
1829,1,2952,1487,1465,0,0,0,1.0,1,1.0,1,1.0,1,0.21899893547940474,31
1830,0,2952,1487,1465,0,0,0,1.0,1,1.0,1,1.0,1,0.2097508078431236,31
1831,0,2952,1487,1465,0,0,0,1.0,1,1.0,1,1.0,1,0.20141481024848032,30
1832,0,2952,1487,1465,0,0,0,1.0,1,1.0,1,1.0,1,0.20097017251137825,29
1833,4,2956,1490,1466,0,0,0,1.0,1,1.0,1,1.0,1,0.3512712162506017,28
1834,3,2959,1491,1468,0,0,0,1.0,1,1.0,1,1.0,1,0.26469318876681547,27
1835,3,2962,1494,1468,0,0,0,1.0,1,1.0,1,1.0,1,0.3497121571479444,26
1836,3,2965,1495,1470,0,0,0,1.0,1,1.0,1,1.0,1,0.2669760377044648,26
1837,2,2967,1495,1472,0,0,0,1.0,1,1.0,1,1.0,1,0.26417040475780046,25
1838,0,2967,1495,1472,0,0,0,1.0,1,1.0,1,1.0,1,0.24122206220278683,25
1839,0,2967,1495,1472,0,0,0,1.0,1,1.0,1,1.0,1,0.2948974181288173,24
1840,2,2969,1496,1473,0,0,0,1.0,1,1.0,1,1.0,1,0.341356996526797,23
1841,0,2969,1496,1473,0,0,0,1.0,1,1.0,1,1.0,1,0.31419388741562887,22
1842,2,2971,1497,1474,0,0,0,1.0,1,1.0,1,1.0,1,0.3155538362501663,23
1843,1,2972,1498,1474,0,0,0,1.0,1,1.0,1,1.0,1,0.30583200251772175,23
1844,0,2972,1498,1474,0,0,0,1.0,1,1.0,1,1.0,1,0.30583200251772175,23
1845,2,2974,1500,1474,0,0,0,1.0,1,1.0,1,1.0,1,0.3365759697486967,23
1846,2,2976,1501,1475,0,0,0,1.0,1,1.0,1,1.0,1,0.32095460954366395,23
1847,0,2976,1501,1475,0,0,0,1.0,1,1.0,1,1.0,1,0.3405313565794243,24
1848,0,2976,1501,1475,0,0,0,1.0,1,1.0,1,1.0,1,0.3405313565794243,24
1849,0,2976,1501,1475,0,0,0,1.0,1,1.0,1,1.0,1,0.3639169994503977,25
1850,0,2976,1501,1475,0,0,0,1.0,1,1.0,1,1.0,1,0.3639169994503977,25
1851,0,2976,1501,1475,0,0,0,1.0,1,1.0,1,1.0,1,0.3639169994503977,25
1852,0,2976,1501,1475,0,0,0,1.0,1,1.0,1,1.0,1,0.3639169994503977,25
1853,0,2976,1501,1475,0,0,0,1.0,1,1.0,1,1.0,1,0.3760248675480581,25
1854,0,2976,1501,1475,0,0,0,1.0,1,1.0,1,1.0,1,0.3760248675480581,25
1855,1,2977,1501,1476,0,0,0,1.0,1,1.0,1,1.0,1,0.3618561823328443,26
1856,0,2977,1501,1476,0,0,0,1.0,1,1.0,1,1.0,1,0.35101187219926594,27
1857,0,2977,1501,1476,0,0,0,1.0,1,1.0,1,1.0,1,0.34763169865063964,28
1858,2,2979,1503,1476,0,0,0,1.0,1,1.0,1,1.0,1,0.35390746280834134,28
1859,4,2983,1505,1478,0,0,0,1.0,1,1.0,1,1.0,1,0.35199362683441426,28
1860,0,2983,1505,1478,0,0,0,1.0,1,1.0,1,1.0,1,0.35199362683441426,28
1861,0,2983,1505,1478,0,0,0,1.0,1,1.0,1,1.0,1,0.35199362683441426,28
1862,0,2983,1505,1478,0,0,0,1.0,1,1.0,1,1.0,1,0.35199362683441426,28
1863,1,2984,1506,1478,0,0,0,1.0,1,1.0,1,1.0,1,0.3727249528314761,29
1864,2,2986,1508,1478,0,0,0,1.0,1,1.0,1,1.0,1,0.36126021817174925,27
1865,1,2987,1509,1478,0,0,0,1.0,1,1.0,1,1.0,1,0.39880844595713816,26
1866,1,2988,1510,1478,0,0,0,1.0,1,1.0,1,1.0,1,0.434719056037452,26
1867,1,2989,1510,1479,0,0,0,1.0,1,1.0,1,1.0,1,0.39718678776286526,26
1868,1,2990,1510,1480,0,0,0,1.0,1,1.0,1,1.0,1,0.3817501396325161,26
1869,0,2990,1510,1480,0,0,0,1.0,1,1.0,1,1.0,1,0.3817501396325161,26
1870,0,2990,1510,1480,0,0,0,1.0,1,1.0,1,1.0,1,0.3924919682915088,27
1871,1,2991,1511,1480,0,0,0,1.0,1,1.0,1,1.0,1,0.37823133160595107,27
1872,0,2991,1511,1480,0,0,0,1.0,1,1.0,1,1.0,1,0.3569490219458826,25
1873,0,2991,1511,1480,0,0,0,1.0,1,1.0,1,1.0,1,0.3569490219458826,25
1874,2,2993,1511,1482,0,0,0,1.0,1,1.0,1,1.0,1,0.34440110865352036,25
1875,0,2993,1511,1482,0,0,0,1.0,1,1.0,1,1.0,1,0.34440110865352036,25
1876,0,2993,1511,1482,0,0,0,1.0,1,1.0,1,1.0,1,0.34804695005492453,26
1877,0,2993,1511,1482,0,0,0,1.0,1,1.0,1,1.0,1,0.33332554197839054,27
1878,2,2995,1513,1482,0,0,0,1.0,1,1.0,1,1.0,1,0.35158707447841653,28
1879,1,2996,1513,1483,0,0,0,1.0,1,1.0,1,1.0,1,0.30524594364460184,29
1880,0,2996,1513,1483,0,0,0,1.0,1,1.0,1,1.0,1,0.30524594364460184,29
1881,0,2996,1513,1483,0,0,0,1.0,1,1.0,1,1.0,1,0.30524594364460184,29
1882,0,2996,1513,1483,0,0,0,1.0,1,1.0,1,1.0,1,0.29129968150849983,28
1883,0,2996,1513,1483,0,0,0,1.0,1,1.0,1,1.0,1,0.29129968150849983,28
1884,1,2997,1514,1483,0,0,0,1.0,1,1.0,1,1.0,1,0.28983688390526546,28
1885,0,2997,1514,1483,0,0,0,1.0,1,1.0,1,1.0,1,0.28983688390526546,28
1886,0,2997,1514,1483,0,0,0,1.0,1,1.0,1,1.0,1,0.29338579365536954,29
1887,0,2997,1514,1483,0,0,0,1.0,1,1.0,1,1.0,1,0.29338579365536954,29
1888,0,2997,1514,1483,0,0,0,1.0,1,1.0,1,1.0,1,0.32945493150631855,31
1889,0,2997,1514,1483,0,0,0,1.0,1,1.0,1,1.0,1,0.32945493150631855,31
1890,1,2998,1515,1483,0,0,0,1.0,1,1.0,1,1.0,1,0.3454233496017299,31
1891,1,2999,1515,1484,0,0,0,1.0,1,1.0,1,1.0,1,0.3491197592382329,32
1892,0,2999,1515,1484,0,0,0,1.0,1,1.0,1,1.0,1,0.3491197592382329,32
1893,0,2999,1515,1484,0,0,0,1.0,1,1.0,1,1.0,1,0.3491197592382329,32
1894,0,2999,1515,1484,0,0,0,1.0,1,1.0,1,1.0,1,0.33821616647322816,33
1895,2,3001,1516,1485,0,0,0,1.0,1,1.0,1,1.0,1,0.31753641674263694,35
1896,1,3002,1516,1486,0,0,0,1.0,1,1.0,1,1.0,1,0.3212606858730308,34
1897,1,3003,1516,1487,0,0,0,1.0,1,1.0,1,1.0,1,0.3117008303909289,34
1898,0,3003,1516,1487,0,0,0,1.0,1,1.0,1,1.0,1,0.3117008303909289,34
1899,0,3003,1516,1487,0,0,0,1.0,1,1.0,1,1.0,1,0.3117008303909289,34
1900,2,3005,1516,1489,0,0,0,1.0,1,1.0,1,1.0,1,0.29267782735084924,35
1901,1,3006,1516,1490,0,0,0,1.0,1,1.0,1,1.0,1,0.2799830472124339,35
1902,1,3007,1517,1490,0,0,0,1.0,1,1.0,1,1.0,1,0.32283300618014316,35
1903,0,3007,1517,1490,0,0,0,1.0,1,1.0,1,1.0,1,0.32283300618014316,35
1904,0,3007,1517,1490,0,0,0,1.0,1,1.0,1,1.0,1,0.32283300618014316,35
1905,0,3007,1517,1490,0,0,0,1.0,1,1.0,1,1.0,1,0.2975496851966766,37
1906,0,3007,1517,1490,0,0,0,1.0,1,1.0,1,1.0,1,0.2975496851966766,37
1907,1,3008,1517,1491,0,0,0,1.0,1,1.0,1,1.0,1,0.2766409267347742,39
1908,0,3008,1517,1491,0,0,0,1.0,1,1.0,1,1.0,1,0.2766409267347742,39
1909,1,3009,1517,1492,0,0,0,1.0,1,1.0,1,1.0,1,0.28027628915630387,41
1910,0,3009,1517,1492,0,0,0,1.0,1,1.0,1,1.0,1,0.28027628915630387,41
1911,0,3009,1517,1492,0,0,0,1.0,1,1.0,1,1.0,1,0.318405684790268,40
1912,2,3011,1519,1492,0,0,0,1.0,1,1.0,1,1.0,1,0.26996865953344645,39
1913,2,3013,1521,1492,0,0,0,1.0,1,1.0,1,1.0,1,0.29181377593675545,40
1914,0,3013,1521,1492,0,0,0,1.0,1,1.0,1,1.0,1,0.28788033489889214,41
1915,6,3019,1523,1496,0,0,0,1.0,1,1.0,1,1.0,1,0.26804050902181276,42
1916,6,3025,1525,1500,0,0,0,1.0,1,1.0,1,1.0,1,0.21775541577999577,42
1917,0,3025,1525,1500,0,0,0,1.0,1,1.0,1,1.0,1,0.23890752215283867,41
1918,1,3026,1526,1500,0,0,0,1.0,1,1.0,1,1.0,1,0.2206681490553347,38
1919,2,3028,1527,1501,0,0,0,1.0,1,1.0,1,1.0,1,0.27823129056713963,38
1920,1,3029,1527,1502,0,0,0,1.0,1,1.0,1,1.0,1,0.27296593479837133,38
1921,0,3029,1527,1502,0,0,0,1.0,1,1.0,1,1.0,1,0.24546314034816563,39
1922,0,3029,1527,1502,0,0,0,1.0,1,1.0,1,1.0,1,0.22741204295379303,40
1923,1,3030,1528,1502,0,0,0,1.0,1,1.0,1,1.0,1,0.2067236680772228,41
1924,4,3034,1531,1503,0,0,0,1.0,1,1.0,1,1.0,1,0.246338096716021,41
1925,3,3037,1531,1506,0,0,0,1.0,1,1.0,1,1.0,1,0.1663869892497571,41
1926,0,3037,1531,1506,0,0,0,1.0,1,1.0,1,1.0,1,0.1663869892497571,41
1927,0,3037,1531,1506,0,0,0,1.0,1,1.0,1,1.0,1,0.1663869892497571,41
1928,2,3039,1533,1506,0,0,0,1.0,1,1.0,1,1.0,1,0.16498148777375712,42
1929,0,3039,1533,1506,0,0,0,1.0,1,1.0,1,1.0,1,0.1672409112285253,41
1930,0,3039,1533,1506,0,0,0,1.0,1,1.0,1,1.0,1,0.1672409112285253,41
1931,0,3039,1533,1506,0,0,0,1.0,1,1.0,1,1.0,1,0.1672409112285253,41
1932,0,3039,1533,1506,0,0,0,1.0,1,1.0,1,1.0,1,0.1672409112285253,41
1933,2,3041,1534,1507,0,0,0,1.0,1,1.0,1,1.0,1,0.21082821136958202,43
1934,0,3041,1534,1507,0,0,0,1.0,1,1.0,1,1.0,1,0.2201074432908015,44
1935,0,3041,1534,1507,0,0,0,1.0,1,1.0,1,1.0,1,0.20366352356579198,45
1936,1,3042,1534,1508,0,0,0,1.0,1,1.0,1,1.0,1,0.19163332288613727,48
1937,3,3045,1536,1509,0,0,0,1.0,1,1.0,1,1.0,1,0.20952729929112565,48
1938,1,3046,1536,1510,0,0,0,1.0,1,1.0,1,1.0,1,0.18750847262386514,48
1939,0,3046,1536,1510,0,0,0,1.0,1,1.0,1,1.0,1,0.18750847262386514,48
1940,0,3046,1536,1510,0,0,0,1.0,1,1.0,1,1.0,1,0.18750847262386514,48
1941,0,3046,1536,1510,0,0,0,1.0,1,1.0,1,1.0,1,0.18750847262386514,48
1942,2,3048,1537,1511,0,0,0,1.0,1,1.0,1,1.0,1,0.24896547236721392,49
1943,0,3048,1537,1511,0,0,0,1.0,1,1.0,1,1.0,1,0.23785538042961762,48
1944,6,3054,1541,1513,0,0,0,1.0,1,1.0,1,1.0,1,0.30004250274182837,47
1945,5,3059,1542,1517,0,0,0,1.0,1,1.0,1,1.0,1,0.22619268019444702,46
1946,0,3059,1542,1517,0,0,0,1.0,1,1.0,1,1.0,1,0.23717380551124126,46
1947,3,3062,1545,1517,0,0,0,1.0,1,1.0,1,1.0,1,0.34288890923716664,45
1948,4,3066,1546,1520,0,0,0,1.0,1,1.0,1,1.0,1,0.2550463487601417,46
1949,3,3069,1549,1520,0,0,0,1.0,1,1.0,1,1.0,1,0.313702606507655,42
1950,0,3069,1549,1520,0,0,0,1.0,1,1.0,1,1.0,1,0.3072476259031497,40
1951,2,3071,1551,1520,0,0,0,1.0,1,1.0,1,1.0,1,0.36062191355951406,39
1952,2,3073,1552,1521,0,0,0,1.0,1,1.0,1,1.0,1,0.35698085363241927,35
1953,4,3077,1554,1523,0,0,0,1.0,1,1.0,1,1.0,1,0.3221471625463835,36
1954,2,3079,1555,1524,0,0,0,1.0,1,1.0,1,1.0,1,0.3207594354787223,34
1955,0,3079,1555,1524,0,0,0,1.0,1,1.0,1,1.0,1,0.3341490945317717,35
1956,3,3082,1556,1526,0,0,0,1.0,1,1.0,1,1.0,1,0.307148491143574,37
1957,0,3082,1556,1526,0,0,0,1.0,1,1.0,1,1.0,1,0.307148491143574,37
1958,2,3084,1556,1528,0,0,0,1.0,1,1.0,1,1.0,1,0.26386418422919816,39
1959,2,3086,1556,1530,0,0,0,1.0,1,1.0,1,1.0,1,0.24582394879772873,41
1960,2,3088,1558,1530,0,0,0,1.0,1,1.0,1,1.0,1,0.3204274156777023,40
1961,1,3089,1558,1531,0,0,0,1.0,1,1.0,1,1.0,1,0.3075814366762048,41
1962,1,3090,1558,1532,0,0,0,1.0,1,1.0,1,1.0,1,0.31911207120730906,40
1963,2,3092,1558,1534,0,0,0,1.0,1,1.0,1,1.0,1,0.2776214377902128,41
1964,1,3093,1559,1534,0,0,0,1.0,1,1.0,1,1.0,1,0.2893235801445852,40
1965,1,3094,1559,1535,0,0,0,1.0,1,1.0,1,1.0,1,0.2594921600283111,41
1966,0,3094,1559,1535,0,0,0,1.0,1,1.0,1,1.0,1,0.2594921600283111,41
1967,2,3096,1560,1536,0,0,0,1.0,1,1.0,1,1.0,1,0.2764816708536689,42
1968,2,3098,1560,1538,0,0,0,1.0,1,1.0,1,1.0,1,0.2246733578977805,42
1969,0,3098,1560,1538,0,0,0,1.0,1,1.0,1,1.0,1,0.23143928799797034,43
1970,0,3098,1560,1538,0,0,0,1.0,1,1.0,1,1.0,1,0.25376525022402874,42
1971,1,3099,1561,1538,0,0,0,1.0,1,1.0,1,1.0,1,0.2691412262957035,42
1972,0,3099,1561,1538,0,0,0,1.0,1,1.0,1,1.0,1,0.2691412262957035,42
1973,0,3099,1561,1538,0,0,0,1.0,1,1.0,1,1.0,1,0.2800077867422741,43
1974,0,3099,1561,1538,0,0,0,1.0,1,1.0,1,1.0,1,0.2975525423884506,43
1975,1,3100,1561,1539,0,0,0,1.0,1,1.0,1,1.0,1,0.2833740377939281,43
1976,2,3102,1562,1540,0,0,0,1.0,1,1.0,1,1.0,1,0.2580879019892757,43
1977,3,3105,1562,1543,0,0,0,1.0,1,1.0,1,1.0,1,0.26574627858883276,48
1978,5,3110,1566,1544,0,0,0,1.0,1,1.0,1,1.0,1,0.24280877219304586,48
1979,5,3115,1566,1549,0,0,0,1.0,1,1.0,1,1.0,1,0.20613955495459735,49
1980,0,3115,1566,1549,0,0,0,1.0,1,1.0,1,1.0,1,0.2114718035169355,50
1981,1,3116,1567,1549,0,0,0,1.0,1,1.0,1,1.0,1,0.20863497639599804,50
1982,3,3119,1569,1550,0,0,0,1.0,1,1.0,1,1.0,1,0.20282077276668148,50
1983,1,3120,1569,1551,0,0,0,1.0,1,1.0,1,1.0,1,0.20235071994250584,49
1984,2,3122,1571,1551,0,0,0,1.0,1,1.0,1,1.0,1,0.20637824314515246,48
1985,0,3122,1571,1551,0,0,0,1.0,1,1.0,1,1.0,1,0.1975366223572729,46
1986,1,3123,1572,1551,0,0,0,1.0,1,1.0,1,1.0,1,0.20591863036001343,46
1987,1,3124,1573,1551,0,0,0,1.0,1,1.0,1,1.0,1,0.21347105035578934,42
1988,2,3126,1573,1553,0,0,0,1.0,1,1.0,1,1.0,1,0.1884841882510576,40
1989,2,3128,1575,1553,0,0,0,1.0,1,1.0,1,1.0,1,0.22093092244898582,38
1990,0,3128,1575,1553,0,0,0,1.0,1,1.0,1,1.0,1,0.19268567450388743,38
1991,2,3130,1577,1553,0,0,0,1.0,1,1.0,1,1.0,1,0.20156783204892667,38
1992,1,3131,1577,1554,0,0,0,1.0,1,1.0,1,1.0,1,0.21369461732531342,39
1993,4,3135,1580,1555,0,0,0,1.0,1,1.0,1,1.0,1,0.32570671500667664,38
1994,4,3139,1582,1557,0,0,0,1.0,1,1.0,1,1.0,1,0.25322423642739683,37
1995,2,3141,1583,1558,0,0,0,1.0,1,1.0,1,1.0,1,0.29469911553143674,37
1996,2,3143,1584,1559,0,0,0,1.0,1,1.0,1,1.0,1,0.2530406749080962,37
1997,1,3144,1584,1560,0,0,0,1.0,1,1.0,1,1.0,1,0.27739069424801366,35
1998,0,3144,1584,1560,0,0,0,1.0,1,1.0,1,1.0,1,0.2964621554624221,34
1999,1,3145,1585,1560,0,0,0,1.0,1,1.0,1,1.0,1,0.2814179055597087,35
2000,1,3146,1586,1560,0,0,0,1.0,1,1.0,1,1.0,1,0.3193611600476099,34
2001,1,3147,1587,1560,0,0,0,1.0,1,1.0,1,1.0,1,0.3642403484273314,35
2002,5,3152,1588,1564,0,0,0,1.0,1,1.0,1,1.0,1,0.3174535991337316,36
2003,1,3153,1588,1565,0,0,0,1.0,1,1.0,1,1.0,1,0.3042232780501307,37
2004,3,3156,1589,1567,0,0,0,1.0,1,1.0,1,1.0,1,0.2522467804555267,38
2005,1,3157,1590,1567,0,0,0,1.0,1,1.0,1,1.0,1,0.2467603883169701,38
2006,1,3158,1590,1568,0,0,0,1.0,1,1.0,1,1.0,1,0.23428980933136456,38
2007,1,3159,1591,1568,0,0,0,1.0,1,1.0,1,1.0,1,0.22747955094421599,40
2008,2,3161,1592,1569,0,0,0,1.0,1,1.0,1,1.0,1,0.21220194551342092,40
2009,2,3163,1594,1569,0,0,0,1.0,1,1.0,1,1.0,1,0.22372418188733564,41
2010,0,3163,1594,1569,0,0,0,1.0,1,1.0,1,1.0,1,0.22372418188733564,41
2011,0,3163,1594,1569,0,0,0,1.0,1,1.0,1,1.0,1,0.22372418188733564,41
2012,0,3163,1594,1569,0,0,0,1.0,1,1.0,1,1.0,1,0.22372418188733564,41
2013,0,3163,1594,1569,0,0,0,1.0,1,1.0,1,1.0,1,0.24590168515837052,43
2014,2,3165,1594,1571,0,0,0,1.0,1,1.0,1,1.0,1,0.24047867914098212,43
2015,0,3165,1594,1571,0,0,0,1.0,1,1.0,1,1.0,1,0.24047867914098212,43
2016,2,3167,1595,1572,0,0,0,1.0,1,1.0,1,1.0,1,0.24452815044029072,44
2017,1,3168,1595,1573,0,0,0,1.0,1,1.0,1,1.0,1,0.2288548202218956,45
2018,2,3170,1597,1573,0,0,0,1.0,1,1.0,1,1.0,1,0.22936882340415946,46
2019,0,3170,1597,1573,0,0,0,1.0,1,1.0,1,1.0,1,0.21882639075477514,47
2020,3,3173,1599,1574,0,0,0,1.0,1,1.0,1,1.0,1,0.23120327128759016,47
2021,2,3175,1601,1574,0,0,0,1.0,1,1.0,1,1.0,1,0.23993816011186964,47
2022,6,3181,1601,1580,0,0,0,1.0,1,1.0,1,1.0,1,0.17264067231308552,48
2023,2,3183,1603,1580,0,0,0,1.0,1,1.0,1,1.0,1,0.20826065730011617,48
2024,2,3185,1605,1580,0,0,0,1.0,1,1.0,1,1.0,1,0.21109669367360406,45
2025,1,3186,1606,1580,0,0,0,1.0,1,1.0,1,1.0,1,0.22315988330380118,42
2026,1,3187,1607,1580,0,0,0,1.0,1,1.0,1,1.0,1,0.2594361016855839,44
2027,3,3190,1609,1581,0,0,0,1.0,1,1.0,1,1.0,1,0.269885048124101,40
2028,5,3195,1612,1583,0,0,0,1.0,1,1.0,1,1.0,1,0.35600297292807753,39
2029,7,3202,1613,1589,0,0,0,1.0,1,1.0,1,1.0,1,0.2548214580602571,37
2030,2,3204,1614,1590,0,0,0,1.0,1,1.0,1,1.0,1,0.27751128224480687,34
2031,2,3206,1615,1591,0,0,0,1.0,1,1.0,1,1.0,1,0.25705438988981166,35
2032,2,3208,1616,1592,0,0,0,1.0,1,1.0,1,1.0,1,0.28756578314166975,34
2033,3,3211,1618,1593,0,0,0,1.0,1,1.0,1,1.0,1,0.2796813285105018,36
2034,1,3212,1618,1594,0,0,0,1.0,1,1.0,1,1.0,1,0.28587939608911667,34
2035,1,3213,1619,1594,0,0,0,1.0,1,1.0,1,1.0,1,0.27788819155023464,35
2036,2,3215,1620,1595,0,0,0,1.0,1,1.0,1,1.0,1,0.2672950178058407,34
2037,2,3217,1620,1597,0,0,0,1.0,1,1.0,1,1.0,1,0.22792334773343267,35
2038,0,3217,1620,1597,0,0,0,1.0,1,1.0,1,1.0,1,0.2254754670574532,36
2039,1,3218,1621,1597,0,0,0,1.0,1,1.0,1,1.0,1,0.23196837850565405,38
2040,0,3218,1621,1597,0,0,0,1.0,1,1.0,1,1.0,1,0.23196837850565405,38
2041,0,3218,1621,1597,0,0,0,1.0,1,1.0,1,1.0,1,0.23234632935382452,39
2042,0,3218,1621,1597,0,0,0,1.0,1,1.0,1,1.0,1,0.23234632935382452,39
2043,1,3219,1621,1598,0,0,0,1.0,1,1.0,1,1.0,1,0.18949527400188532,39
2044,0,3219,1621,1598,0,0,0,1.0,1,1.0,1,1.0,1,0.18949527400188532,39
2045,1,3220,1621,1599,0,0,0,1.0,1,1.0,1,1.0,1,0.17601284747251097,41
2046,0,3220,1621,1599,0,0,0,1.0,1,1.0,1,1.0,1,0.19558310603381412,42
2047,0,3220,1621,1599,0,0,0,1.0,1,1.0,1,1.0,1,0.19558310603381412,42
2048,2,3222,1622,1600,0,0,0,1.0,1,1.0,1,1.0,1,0.21124572319059567,43
2049,2,3224,1623,1601,0,0,0,1.0,1,1.0,1,1.0,1,0.2290410221039535,44
2050,1,3225,1623,1602,0,0,0,1.0,1,1.0,1,1.0,1,0.21105002498276088,44
2051,4,3229,1624,1605,0,0,0,1.0,1,1.0,1,1.0,1,0.23262949028600102,45
2052,1,3230,1624,1606,0,0,0,1.0,1,1.0,1,1.0,1,0.21037934258869112,45
2053,1,3231,1625,1606,0,0,0,1.0,1,1.0,1,1.0,1,0.22585699389230893,45
2054,5,3236,1626,1610,0,0,0,1.0,1,1.0,1,1.0,1,0.17428367661789781,46
2055,2,3238,1626,1612,0,0,0,1.0,1,1.0,1,1.0,1,0.13864064600484716,46
2056,1,3239,1626,1613,0,0,0,1.0,1,1.0,1,1.0,1,0.13035882969973261,46
2057,4,3243,1630,1613,0,0,0,1.0,1,1.0,1,1.0,1,0.1542519987194205,47
2058,4,3247,1632,1615,0,0,0,1.0,1,1.0,1,1.0,1,0.1667192318871878,47
2059,2,3249,1632,1617,0,0,0,1.0,1,1.0,1,1.0,1,0.13822044671567593,48
2060,2,3251,1633,1618,0,0,0,1.0,1,1.0,1,1.0,1,0.1561079224577403,50
2061,1,3252,1633,1619,0,0,0,1.0,1,1.0,1,1.0,1,0.1411100200706099,51
2062,2,3254,1635,1619,0,0,0,1.0,1,1.0,1,1.0,1,0.1792024180235834,49
2063,2,3256,1636,1620,0,0,0,1.0,1,1.0,1,1.0,1,0.1669737706140732,48
2064,1,3257,1637,1620,0,0,0,1.0,1,1.0,1,1.0,1,0.18347234318581945,45
2065,0,3257,1637,1620,0,0,0,1.0,1,1.0,1,1.0,1,0.19281536328360308,44
2066,3,3260,1638,1622,0,0,0,1.0,1,1.0,1,1.0,1,0.16915561909177418,42
2067,3,3263,1639,1624,0,0,0,1.0,1,1.0,1,1.0,1,0.18221158961758682,41
2068,1,3264,1640,1624,0,0,0,1.0,1,1.0,1,1.0,1,0.18063748343289904,40
2069,1,3265,1641,1624,0,0,0,1.0,1,1.0,1,1.0,1,0.2188083526456284,40
2070,1,3266,1641,1625,0,0,0,1.0,1,1.0,1,1.0,1,0.19584203978322282,40
2071,1,3267,1642,1625,0,0,0,1.0,1,1.0,1,1.0,1,0.21537295854573948,40
2072,2,3269,1642,1627,0,0,0,1.0,1,1.0,1,1.0,1,0.20893486465711356,41
2073,1,3270,1643,1627,0,0,0,1.0,1,1.0,1,1.0,1,0.23374290280315346,41
2074,2,3272,1643,1629,0,0,0,1.0,1,1.0,1,1.0,1,0.17475546795250776,41
2075,0,3272,1643,1629,0,0,0,1.0,1,1.0,1,1.0,1,0.17475546795250776,41
2076,2,3274,1645,1629,0,0,0,1.0,1,1.0,1,1.0,1,0.18848040161686955,41
2077,0,3274,1645,1629,0,0,0,1.0,1,1.0,1,1.0,1,0.18480400878413106,40
2078,1,3275,1646,1629,0,0,0,1.0,1,1.0,1,1.0,1,0.20193549419168297,40
2079,2,3277,1646,1631,0,0,0,1.0,1,1.0,1,1.0,1,0.1471765051544924,39
2080,1,3278,1647,1631,0,0,0,1.0,1,1.0,1,1.0,1,0.1856828561282614,38
2081,1,3279,1648,1631,0,0,0,1.0,1,1.0,1,1.0,1,0.19815907449798653,40
2082,2,3281,1649,1632,0,0,0,1.0,1,1.0,1,1.0,1,0.24841680356110638,41
2083,4,3285,1651,1634,0,0,0,1.0,1,1.0,1,1.0,1,0.18283607742772795,40
2084,5,3290,1655,1635,0,0,0,1.0,1,1.0,1,1.0,1,0.22377681421617268,42
2085,1,3291,1655,1636,0,0,0,1.0,1,1.0,1,1.0,1,0.1988029846853345,42
2086,1,3292,1656,1636,0,0,0,1.0,1,1.0,1,1.0,1,0.1690425796461398,43
2087,1,3293,1657,1636,0,0,0,1.0,1,1.0,1,1.0,1,0.1941422393607332,45
2088,3,3296,1659,1637,0,0,0,1.0,1,1.0,1,1.0,1,0.22738296104005365,46
2089,0,3296,1659,1637,0,0,0,1.0,1,1.0,1,1.0,1,0.22004180556744984,47
2090,2,3298,1659,1639,0,0,0,1.0,1,1.0,1,1.0,1,0.22134605838901245,49
2091,1,3299,1659,1640,0,0,0,1.0,1,1.0,1,1.0,1,0.21122252809756548,49
2092,1,3300,1660,1640,0,0,0,1.0,1,1.0,1,1.0,1,0.19888095560254235,49
2093,2,3302,1661,1641,0,0,0,1.0,1,1.0,1,1.0,1,0.1961781778698208,49
2094,0,3302,1661,1641,0,0,0,1.0,1,1.0,1,1.0,1,0.1961781778698208,49
2095,1,3303,1661,1642,0,0,0,1.0,1,1.0,1,1.0,1,0.1604684771304845,49
2096,0,3303,1661,1642,0,0,0,1.0,1,1.0,1,1.0,1,0.17477667654024415,51
2097,0,3303,1661,1642,0,0,0,1.0,1,1.0,1,1.0,1,0.17477667654024415,51
2098,2,3305,1662,1643,0,0,0,1.0,1,1.0,1,1.0,1,0.18986550984255876,52
2099,2,3307,1662,1645,0,0,0,1.0,1,1.0,1,1.0,1,0.1670767632869393,51
2100,1,3308,1663,1645,0,0,0,1.0,1,1.0,1,1.0,1,0.19179141413122466,51
2101,2,3310,1663,1647,0,0,0,1.0,1,1.0,1,1.0,1,0.19063799441731724,48
2102,2,3312,1664,1648,0,0,0,1.0,1,1.0,1,1.0,1,0.20396589337147727,49
2103,6,3318,1667,1651,0,0,0,1.0,1,1.0,1,1.0,1,0.2413703133661485,48
2104,2,3320,1667,1653,0,0,0,1.0,1,1.0,1,1.0,1,0.23068581961406537,43
2105,1,3321,1668,1653,0,0,0,1.0,1,1.0,1,1.0,1,0.2676480533723751,42
2106,2,3323,1669,1654,0,0,0,1.0,1,1.0,1,1.0,1,0.2668155795494556,40
2107,0,3323,1669,1654,0,0,0,1.0,1,1.0,1,1.0,1,0.2627912957961371,39
2108,3,3326,1671,1655,0,0,0,1.0,1,1.0,1,1.0,1,0.27628721572935694,38
2109,3,3329,1672,1657,0,0,0,1.0,1,1.0,1,1.0,1,0.24830229072487506,37
2110,2,3331,1674,1657,0,0,0,1.0,1,1.0,1,1.0,1,0.3000840171372345,38
2111,2,3333,1675,1658,0,0,0,1.0,1,1.0,1,1.0,1,0.32499543957472105,37
2112,3,3336,1677,1659,0,0,0,1.0,1,1.0,1,1.0,1,0.28407345473503925,36
2113,2,3338,1677,1661,0,0,0,1.0,1,1.0,1,1.0,1,0.24004024562673826,36
2114,0,3338,1677,1661,0,0,0,1.0,1,1.0,1,1.0,1,0.23243462875109588,36
2115,0,3338,1677,1661,0,0,0,1.0,1,1.0,1,1.0,1,0.22104223263386816,35
2116,1,3339,1678,1661,0,0,0,1.0,1,1.0,1,1.0,1,0.30078253161873714,37
2117,1,3340,1679,1661,0,0,0,1.0,1,1.0,1,1.0,1,0.2781338881379102,38
2118,1,3341,1679,1662,0,0,0,1.0,1,1.0,1,1.0,1,0.26803294636542924,40
2119,2,3343,1680,1663,0,0,0,1.0,1,1.0,1,1.0,1,0.23059757366649455,40
2120,1,3344,1681,1663,0,0,0,1.0,1,1.0,1,1.0,1,0.2707542592726057,41
2121,0,3344,1681,1663,0,0,0,1.0,1,1.0,1,1.0,1,0.2707542592726057,41
2122,0,3344,1681,1663,0,0,0,1.0,1,1.0,1,1.0,1,0.28021463665056373,42
2123,0,3344,1681,1663,0,0,0,1.0,1,1.0,1,1.0,1,0.2787430454799524,43
2124,0,3344,1681,1663,0,0,0,1.0,1,1.0,1,1.0,1,0.31078489864335196,41
2125,1,3345,1682,1663,0,0,0,1.0,1,1.0,1,1.0,1,0.3358310778851543,41
2126,0,3345,1682,1663,0,0,0,1.0,1,1.0,1,1.0,1,0.3330316361757798,40
2127,0,3345,1682,1663,0,0,0,1.0,1,1.0,1,1.0,1,0.3330316361757798,40
2128,1,3346,1682,1664,0,0,0,1.0,1,1.0,1,1.0,1,0.33826687376513476,41
2129,0,3346,1682,1664,0,0,0,1.0,1,1.0,1,1.0,1,0.33718775628811287,42
2130,1,3347,1682,1665,0,0,0,1.0,1,1.0,1,1.0,1,0.33292285809146693,45
2131,0,3347,1682,1665,0,0,0,1.0,1,1.0,1,1.0,1,0.33292285809146693,45
2132,3,3350,1682,1668,0,0,0,1.0,1,1.0,1,1.0,1,0.29925470945961724,46
2133,3,3353,1683,1670,0,0,0,1.0,1,1.0,1,1.0,1,0.29066023457355905,46
2134,1,3354,1683,1671,0,0,0,1.0,1,1.0,1,1.0,1,0.28018801871184823,47
2135,3,3357,1683,1674,0,0,0,1.0,1,1.0,1,1.0,1,0.2258825676626866,47
2136,2,3359,1683,1676,0,0,0,1.0,1,1.0,1,1.0,1,0.20816519539916797,47
2137,6,3365,1686,1679,0,0,0,1.0,1,1.0,1,1.0,1,0.14488854507069504,49
2138,0,3365,1686,1679,0,0,0,1.0,1,1.0,1,1.0,1,0.14488854507069504,49
2139,0,3365,1686,1679,0,0,0,1.0,1,1.0,1,1.0,1,0.14388431799098247,47
2140,4,3369,1689,1680,0,0,0,1.0,1,1.0,1,1.0,1,0.16612856557021174,48
2141,2,3371,1690,1681,0,0,0,1.0,1,1.0,1,1.0,1,0.16092223463138133,47
2142,1,3372,1691,1681,0,0,0,1.0,1,1.0,1,1.0,1,0.16088842958656396,47
2143,2,3374,1692,1682,0,0,0,1.0,1,1.0,1,1.0,1,0.14151461506154162,48
2144,0,3374,1692,1682,0,0,0,1.0,1,1.0,1,1.0,1,0.1355036575733631,48
2145,3,3377,1695,1682,0,0,0,1.0,1,1.0,1,1.0,1,0.15125601941629163,46
2146,2,3379,1696,1683,0,0,0,1.0,1,1.0,1,1.0,1,0.16189750677958376,47
2147,6,3385,1702,1683,0,0,0,1.0,1,1.0,1,1.0,1,0.2108445575307808,48
2148,2,3387,1703,1684,0,0,0,1.0,1,1.0,1,1.0,1,0.2003716014420891,46
2149,2,3389,1705,1684,0,0,0,1.0,1,1.0,1,1.0,1,0.2049665554800415,46
2150,1,3390,1706,1684,0,0,0,1.0,1,1.0,1,1.0,1,0.20623301575775466,46
2151,2,3392,1708,1684,0,0,0,1.0,1,1.0,1,1.0,1,0.203153972352341,44
2152,2,3394,1709,1685,0,0,0,1.0,1,1.0,1,1.0,1,0.26138236948036725,45
2153,3,3397,1710,1687,0,0,0,1.0,1,1.0,1,1.0,1,0.2413332518653687,48
2154,3,3400,1711,1689,0,0,0,1.0,1,1.0,1,1.0,1,0.260134457412882,47
2155,2,3402,1713,1689,0,0,0,1.0,1,1.0,1,1.0,1,0.29590699060539816,48
2156,2,3404,1714,1690,0,0,0,1.0,1,1.0,1,1.0,1,0.3105506508734065,45
2157,1,3405,1714,1691,0,0,0,1.0,1,1.0,1,1.0,1,0.3147649236900434,43
2158,1,3406,1715,1691,0,0,0,1.0,1,1.0,1,1.0,1,0.29633953472138386,43
2159,2,3408,1716,1692,0,0,0,1.0,1,1.0,1,1.0,1,0.31450485914771265,43
2160,4,3412,1716,1696,0,0,0,1.0,1,1.0,1,1.0,1,0.20886709086037072,41
2161,1,3413,1716,1697,0,0,0,1.0,1,1.0,1,1.0,1,0.20330300597531906,41
2162,1,3414,1717,1697,0,0,0,1.0,1,1.0,1,1.0,1,0.20610011300520334,42
2163,1,3415,1718,1697,0,0,0,1.0,1,1.0,1,1.0,1,0.24075231895540114,43
2164,4,3419,1720,1699,0,0,0,1.0,1,1.0,1,1.0,1,0.24133661544537843,44
2165,2,3421,1721,1700,0,0,0,1.0,1,1.0,1,1.0,1,0.2085279110602455,44
2166,1,3422,1721,1701,0,0,0,1.0,1,1.0,1,1.0,1,0.19940611112792794,46
2167,1,3423,1722,1701,0,0,0,1.0,1,1.0,1,1.0,1,0.23491777041677883,46
2168,1,3424,1722,1702,0,0,0,1.0,1,1.0,1,1.0,1,0.18950791779808257,45
2169,3,3427,1722,1705,0,0,0,1.0,1,1.0,1,1.0,1,0.1559768004345739,49
2170,1,3428,1722,1706,0,0,0,1.0,1,1.0,1,1.0,1,0.1255835965041574,49
2171,0,3428,1722,1706,0,0,0,1.0,1,1.0,1,1.0,1,0.1402844707486089,51
2172,0,3428,1722,1706,0,0,0,1.0,1,1.0,1,1.0,1,0.1450230196325833,52
2173,1,3429,1722,1707,0,0,0,1.0,1,1.0,1,1.0,1,0.1325857733497634,52
2174,2,3431,1724,1707,0,0,0,1.0,1,1.0,1,1.0,1,0.16103910654090478,52
2175,3,3434,1724,1710,0,0,0,1.0,1,1.0,1,1.0,1,0.13517073755752074,53
2176,1,3435,1724,1711,0,0,0,1.0,1,1.0,1,1.0,1,0.10379317473786005,54
2177,1,3436,1725,1711,0,0,0,1.0,1,1.0,1,1.0,1,0.12197678504660908,55
2178,3,3439,1728,1711,0,0,0,1.0,1,1.0,1,1.0,1,0.15532872319535534,54
2179,3,3442,1730,1712,0,0,0,1.0,1,1.0,1,1.0,1,0.18813791298417135,52
2180,2,3444,1730,1714,0,0,0,1.0,1,1.0,1,1.0,1,0.15560276784357385,51
2181,1,3445,1730,1715,0,0,0,1.0,1,1.0,1,1.0,1,0.16695189311454364,49
2182,4,3449,1734,1715,0,0,0,1.0,1,1.0,1,1.0,1,0.22754537517718113,49
2183,4,3453,1738,1715,0,0,0,1.0,1,1.0,1,1.0,1,0.2688924811500454,46
2184,6,3459,1740,1719,0,0,0,1.0,1,1.0,1,1.0,1,0.22769890894745004,45
2185,3,3462,1741,1721,0,0,0,1.0,1,1.0,1,1.0,1,0.1978685619167397,44
2186,2,3464,1743,1721,0,0,0,1.0,1,1.0,1,1.0,1,0.2058314726657327,42
2187,4,3468,1747,1721,0,0,0,1.0,1,1.0,1,1.0,1,0.2637047163869006,40
2188,5,3473,1751,1722,0,0,0,1.0,1,1.0,1,1.0,1,0.21855790602703795,38
2189,1,3474,1751,1723,0,0,0,1.0,1,1.0,1,1.0,1,0.22086929323189836,36
2190,3,3477,1753,1724,0,0,0,1.0,1,1.0,1,1.0,1,0.30913124619421767,34
2191,4,3481,1755,1726,0,0,0,1.0,1,1.0,1,1.0,1,0.22826835854170696,34
2192,4,3485,1757,1728,0,0,0,1.0,1,1.0,1,1.0,1,0.19280423931894647,33
2193,0,3485,1757,1728,0,0,0,1.0,1,1.0,1,1.0,1,0.22972924754675145,32
2194,0,3485,1757,1728,0,0,0,1.0,1,1.0,1,1.0,1,0.22972924754675145,32
2195,0,3485,1757,1728,0,0,0,1.0,1,1.0,1,1.0,1,0.24951299725980844,31
2196,1,3486,1757,1729,0,0,0,1.0,1,1.0,1,1.0,1,0.23864032344681382,32
2197,2,3488,1757,1731,0,0,0,1.0,1,1.0,1,1.0,1,0.19760097652594663,31
2198,0,3488,1757,1731,0,0,0,1.0,1,1.0,1,1.0,1,0.19760097652594663,31
2199,2,3490,1759,1731,0,0,0,1.0,1,1.0,1,1.0,1,0.1490684567920957,32
2200,1,3491,1759,1732,0,0,0,1.0,1,1.0,1,1.0,1,0.16891003336728896,35
2201,0,3491,1759,1732,0,0,0,1.0,1,1.0,1,1.0,1,0.181810859327446,36
2202,2,3493,1761,1732,0,0,0,1.0,1,1.0,1,1.0,1,0.18062599646459757,36
2203,1,3494,1761,1733,0,0,0,1.0,1,1.0,1,1.0,1,0.18242518150103623,37
2204,1,3495,1762,1733,0,0,0,1.0,1,1.0,1,1.0,1,0.2348222916260701,36
2205,2,3497,1762,1735,0,0,0,1.0,1,1.0,1,1.0,1,0.17683448167623092,37
2206,2,3499,1764,1735,0,0,0,1.0,1,1.0,1,1.0,1,0.23929369802886225,35
2207,2,3501,1765,1736,0,0,0,1.0,1,1.0,1,1.0,1,0.23485803134171382,37
2208,1,3502,1765,1737,0,0,0,1.0,1,1.0,1,1.0,1,0.21049196244477694,36
2209,0,3502,1765,1737,0,0,0,1.0,1,1.0,1,1.0,1,0.20941056445185724,35
2210,0,3502,1765,1737,0,0,0,1.0,1,1.0,1,1.0,1,0.23925034827004224,38
2211,0,3502,1765,1737,0,0,0,1.0,1,1.0,1,1.0,1,0.27787521457794173,37
2212,3,3505,1767,1738,0,0,0,1.0,1,1.0,1,1.0,1,0.323304372212744,38
2213,4,3509,1768,1741,0,0,0,1.0,1,1.0,1,1.0,1,0.23623474950739964,38
2214,1,3510,1768,1742,0,0,0,1.0,1,1.0,1,1.0,1,0.21645572482524794,39
2215,1,3511,1769,1742,0,0,0,1.0,1,1.0,1,1.0,1,0.2119877178766453,39
2216,1,3512,1770,1742,0,0,0,1.0,1,1.0,1,1.0,1,0.22973345092457306,39
2217,2,3514,1771,1743,0,0,0,1.0,1,1.0,1,1.0,1,0.18890495389361675,38
2218,2,3516,1773,1743,0,0,0,1.0,1,1.0,1,1.0,1,0.2163238056492646,37
2219,1,3517,1774,1743,0,0,0,1.0,1,1.0,1,1.0,1,0.20495801894886093,36
2220,2,3519,1774,1745,0,0,0,1.0,1,1.0,1,1.0,1,0.17680521372905522,34
2221,1,3520,1775,1745,0,0,0,1.0,1,1.0,1,1.0,1,0.19863945471069996,35
2222,0,3520,1775,1745,0,0,0,1.0,1,1.0,1,1.0,1,0.21350002731529227,33
2223,2,3522,1776,1746,0,0,0,1.0,1,1.0,1,1.0,1,0.20962265211552636,34
2224,0,3522,1776,1746,0,0,0,1.0,1,1.0,1,1.0,1,0.18549528196721604,32
2225,5,3527,1779,1748,0,0,0,1.0,1,1.0,1,1.0,1,0.21371194938097107,33
2226,2,3529,1781,1748,0,0,0,1.0,1,1.0,1,1.0,1,0.2908391263283081,32
2227,1,3530,1781,1749,0,0,0,1.0,1,1.0,1,1.0,1,0.20440511839138573,31
2228,2,3532,1782,1750,0,0,0,1.0,1,1.0,1,1.0,1,0.17750234002669968,32
2229,0,3532,1782,1750,0,0,0,1.0,1,1.0,1,1.0,1,0.17750234002669968,32
2230,0,3532,1782,1750,0,0,0,1.0,1,1.0,1,1.0,1,0.20815191062115743,31
2231,1,3533,1782,1751,0,0,0,1.0,1,1.0,1,1.0,1,0.1606771054106331,32
2232,0,3533,1782,1751,0,0,0,1.0,1,1.0,1,1.0,1,0.17132696103714987,32
2233,1,3534,1782,1752,0,0,0,1.0,1,1.0,1,1.0,1,0.17811913115292796,31
2234,1,3535,1783,1752,0,0,0,1.0,1,1.0,1,1.0,1,0.23923735160944762,32
2235,1,3536,1783,1753,0,0,0,1.0,1,1.0,1,1.0,1,0.2570691660336014,31
2236,2,3538,1784,1754,0,0,0,1.0,1,1.0,1,1.0,1,0.25838545051101425,31
2237,2,3540,1785,1755,0,0,0,1.0,1,1.0,1,1.0,1,0.2786816033427999,31
2238,2,3542,1786,1756,0,0,0,1.0,1,1.0,1,1.0,1,0.29318484384835747,31
2239,0,3542,1786,1756,0,0,0,1.0,1,1.0,1,1.0,1,0.29318484384835747,31
2240,4,3546,1788,1758,0,0,0,1.0,1,1.0,1,1.0,1,0.2745458733920412,32
2241,1,3547,1789,1758,0,0,0,1.0,1,1.0,1,1.0,1,0.29855341345016784,32
2242,4,3551,1791,1760,0,0,0,1.0,1,1.0,1,1.0,1,0.23545864169320102,34
2243,0,3551,1791,1760,0,0,0,1.0,1,1.0,1,1.0,1,0.23545864169320102,34
2244,0,3551,1791,1760,0,0,0,1.0,1,1.0,1,1.0,1,0.25034208345006204,36
2245,0,3551,1791,1760,0,0,0,1.0,1,1.0,1,1.0,1,0.25034208345006204,36
2246,3,3554,1791,1763,0,0,0,1.0,1,1.0,1,1.0,1,0.1955377311434746,39
2247,0,3554,1791,1763,0,0,0,1.0,1,1.0,1,1.0,1,0.19428497917233195,40
2248,0,3554,1791,1763,0,0,0,1.0,1,1.0,1,1.0,1,0.19428497917233195,40
2249,0,3554,1791,1763,0,0,0,1.0,1,1.0,1,1.0,1,0.1903879898431269,41
2250,0,3554,1791,1763,0,0,0,1.0,1,1.0,1,1.0,1,0.1903879898431269,41
2251,0,3554,1791,1763,0,0,0,1.0,1,1.0,1,1.0,1,0.20976296740009068,42
2252,0,3554,1791,1763,0,0,0,1.0,1,1.0,1,1.0,1,0.23012314132621622,41
2253,1,3555,1792,1763,0,0,0,1.0,1,1.0,1,1.0,1,0.23643216780709617,40
2254,1,3556,1793,1763,0,0,0,1.0,1,1.0,1,1.0,1,0.27952539217852684,39
2255,1,3557,1794,1763,0,0,0,1.0,1,1.0,1,1.0,1,0.2875235142472329,39
2256,4,3561,1797,1764,0,0,0,1.0,1,1.0,1,1.0,1,0.32160714087836556,40
2257,4,3565,1799,1766,0,0,0,1.0,1,1.0,1,1.0,1,0.29829380709767883,40
2258,3,3568,1801,1767,0,0,0,1.0,1,1.0,1,1.0,1,0.2608310565345483,39
2259,4,3572,1803,1769,0,0,0,1.0,1,1.0,1,1.0,1,0.248418471570575,41
2260,1,3573,1804,1769,0,0,0,1.0,1,1.0,1,1.0,1,0.24781957053168574,38
2261,1,3574,1805,1769,0,0,0,1.0,1,1.0,1,1.0,1,0.2621124684296715,38
2262,2,3576,1805,1771,0,0,0,1.0,1,1.0,1,1.0,1,0.22909099433838426,36
2263,2,3578,1807,1771,0,0,0,1.0,1,1.0,1,1.0,1,0.27227433165172976,35
2264,2,3580,1809,1771,0,0,0,1.0,1,1.0,1,1.0,1,0.3280918318371438,33
2265,5,3585,1811,1774,0,0,0,1.0,1,1.0,1,1.0,1,0.34957802353555667,33
2266,3,3588,1813,1775,0,0,0,1.0,1,1.0,1,1.0,1,0.331939361553576,33
2267,3,3591,1815,1776,0,0,0,1.0,1,1.0,1,1.0,1,0.3193931140810014,33
2268,6,3597,1816,1781,0,0,0,1.0,1,1.0,1,1.0,1,0.2204046690642261,35
2269,2,3599,1817,1782,0,0,0,1.0,1,1.0,1,1.0,1,0.17759318739600283,36
2270,0,3599,1817,1782,0,0,0,1.0,1,1.0,1,1.0,1,0.17997630731997044,34
2271,3,3602,1820,1782,0,0,0,1.0,1,1.0,1,1.0,1,0.2705675419402859,34
2272,2,3604,1821,1783,0,0,0,1.0,1,1.0,1,1.0,1,0.23541583653976386,33
2273,1,3605,1822,1783,0,0,0,1.0,1,1.0,1,1.0,1,0.2174617876546084,32
2274,1,3606,1823,1783,0,0,0,1.0,1,1.0,1,1.0,1,0.2593889729432065,32
2275,1,3607,1823,1784,0,0,0,1.0,1,1.0,1,1.0,1,0.2414197227532559,32
2276,0,3607,1823,1784,0,0,0,1.0,1,1.0,1,1.0,1,0.2697922432802486,31
2277,1,3608,1824,1784,0,0,0,1.0,1,1.0,1,1.0,1,0.27367972333679474,30
2278,1,3609,1824,1785,0,0,0,1.0,1,1.0,1,1.0,1,0.26094003263933463,33
2279,0,3609,1824,1785,0,0,0,1.0,1,1.0,1,1.0,1,0.26094003263933463,33
2280,2,3611,1824,1787,0,0,0,1.0,1,1.0,1,1.0,1,0.23609573466959374,35
2281,1,3612,1825,1787,0,0,0,1.0,1,1.0,1,1.0,1,0.2693458678443093,36
2282,1,3613,1825,1788,0,0,0,1.0,1,1.0,1,1.0,1,0.26236385848685967,36
2283,0,3613,1825,1788,0,0,0,1.0,1,1.0,1,1.0,1,0.26236385848685967,36
2284,1,3614,1826,1788,0,0,0,1.0,1,1.0,1,1.0,1,0.27608188287351476,36
2285,2,3616,1826,1790,0,0,0,1.0,1,1.0,1,1.0,1,0.20686291555438466,37
2286,2,3618,1827,1791,0,0,0,1.0,1,1.0,1,1.0,1,0.23994666011927065,38
2287,0,3618,1827,1791,0,0,0,1.0,1,1.0,1,1.0,1,0.2239835856858813,38
2288,1,3619,1828,1791,0,0,0,1.0,1,1.0,1,1.0,1,0.25291062871228726,40
2289,1,3620,1828,1792,0,0,0,1.0,1,1.0,1,1.0,1,0.24004766005261913,40
2290,2,3622,1830,1792,0,0,0,1.0,1,1.0,1,1.0,1,0.3198456854719654,39
2291,2,3624,1832,1792,0,0,0,1.0,1,1.0,1,1.0,1,0.3404785173515246,37
2292,5,3629,1834,1795,0,0,0,1.0,1,1.0,1,1.0,1,0.3659047690497606,35
2293,5,3634,1836,1798,0,0,0,1.0,1,1.0,1,1.0,1,0.3704956459796663,35
2294,1,3635,1836,1799,0,0,0,1.0,1,1.0,1,1.0,1,0.3401615242320403,35
2295,0,3635,1836,1799,0,0,0,1.0,1,1.0,1,1.0,1,0.34176936603048663,36
2296,0,3635,1836,1799,0,0,0,1.0,1,1.0,1,1.0,1,0.31749372733217207,34
2297,0,3635,1836,1799,0,0,0,1.0,1,1.0,1,1.0,1,0.3374654261597541,35
2298,0,3635,1836,1799,0,0,0,1.0,1,1.0,1,1.0,1,0.340349596189224,34
2299,1,3636,1837,1799,0,0,0,1.0,1,1.0,1,1.0,1,0.32152670178897164,35
2300,1,3637,1838,1799,0,0,0,1.0,1,1.0,1,1.0,1,0.33030632101062873,35
2301,0,3637,1838,1799,0,0,0,1.0,1,1.0,1,1.0,1,0.33030632101062873,35
2302,4,3641,1841,1800,0,0,0,1.0,1,1.0,1,1.0,1,0.39692717616725604,37
2303,2,3643,1842,1801,0,0,0,1.0,1,1.0,1,1.0,1,0.32876471457618267,35
2304,2,3645,1843,1802,0,0,0,1.0,1,1.0,1,1.0,1,0.35056634608471754,36
2305,1,3646,1843,1803,0,0,0,1.0,1,1.0,1,1.0,1,0.3537976833097411,34
2306,0,3646,1843,1803,0,0,0,1.0,1,1.0,1,1.0,1,0.37401480376523777,35
2307,1,3647,1843,1804,0,0,0,1.0,1,1.0,1,1.0,1,0.3515856314574432,35
2308,0,3647,1843,1804,0,0,0,1.0,1,1.0,1,1.0,1,0.3515856314574432,35
2309,3,3650,1843,1807,0,0,0,1.0,1,1.0,1,1.0,1,0.3178024652359542,34
2310,1,3651,1843,1808,0,0,0,1.0,1,1.0,1,1.0,1,0.317358807684934,36
2311,1,3652,1843,1809,0,0,0,1.0,1,1.0,1,1.0,1,0.30945787796146423,38
2312,4,3656,1845,1811,0,0,0,1.0,1,1.0,1,1.0,1,0.3190540319730963,39
2313,3,3659,1846,1813,0,0,0,1.0,1,1.0,1,1.0,1,0.26189756514265217,39
2314,2,3661,1846,1815,0,0,0,1.0,1,1.0,1,1.0,1,0.2293536909186675,39
2315,5,3666,1848,1818,0,0,0,1.0,1,1.0,1,1.0,1,0.19838797514891993,40
2316,1,3667,1848,1819,0,0,0,1.0,1,1.0,1,1.0,1,0.17179232857011478,40
2317,1,3668,1849,1819,0,0,0,1.0,1,1.0,1,1.0,1,0.21582770172684151,41
2318,2,3670,1850,1820,0,0,0,1.0,1,1.0,1,1.0,1,0.2007146342808041,41
2319,0,3670,1850,1820,0,0,0,1.0,1,1.0,1,1.0,1,0.2007146342808041,41
2320,1,3671,1850,1821,0,0,0,1.0,1,1.0,1,1.0,1,0.2071330449778096,42
2321,0,3671,1850,1821,0,0,0,1.0,1,1.0,1,1.0,1,0.1948904927348778,43
2322,1,3672,1851,1821,0,0,0,1.0,1,1.0,1,1.0,1,0.21801063894123815,42
2323,0,3672,1851,1821,0,0,0,1.0,1,1.0,1,1.0,1,0.22490966662005094,43
2324,1,3673,1851,1822,0,0,0,1.0,1,1.0,1,1.0,1,0.21616827378099188,44
2325,1,3674,1852,1822,0,0,0,1.0,1,1.0,1,1.0,1,0.20770663916723872,44
2326,1,3675,1853,1822,0,0,0,1.0,1,1.0,1,1.0,1,0.21702725920910437,45
2327,1,3676,1853,1823,0,0,0,1.0,1,1.0,1,1.0,1,0.20140797390375664,45
2328,1,3677,1853,1824,0,0,0,1.0,1,1.0,1,1.0,1,0.19916504939040872,46
2329,2,3679,1854,1825,0,0,0,1.0,1,1.0,1,1.0,1,0.17122238276862536,45
2330,0,3679,1854,1825,0,0,0,1.0,1,1.0,1,1.0,1,0.15905971130266544,47
2331,0,3679,1854,1825,0,0,0,1.0,1,1.0,1,1.0,1,0.15464977988305878,48
2332,0,3679,1854,1825,0,0,0,1.0,1,1.0,1,1.0,1,0.15464977988305878,48
2333,1,3680,1855,1825,0,0,0,1.0,1,1.0,1,1.0,1,0.19966798369840227,49
2334,1,3681,1856,1825,0,0,0,1.0,1,1.0,1,1.0,1,0.23958769324520723,47
2335,3,3684,1857,1827,0,0,0,1.0,1,1.0,1,1.0,1,0.2720592739385097,46
2336,1,3685,1857,1828,0,0,0,1.0,1,1.0,1,1.0,1,0.2924480255267889,46
2337,0,3685,1857,1828,0,0,0,1.0,1,1.0,1,1.0,1,0.28089122704697717,45
2338,5,3690,1862,1828,0,0,0,1.0,1,1.0,1,1.0,1,0.2360057722365829,44
2339,1,3691,1863,1828,0,0,0,1.0,1,1.0,1,1.0,1,0.22003203790320328,45
2340,2,3693,1864,1829,0,0,0,1.0,1,1.0,1,1.0,1,0.19074135857754212,44
2341,0,3693,1864,1829,0,0,0,1.0,1,1.0,1,1.0,1,0.20807071848750153,45
2342,2,3695,1865,1830,0,0,0,1.0,1,1.0,1,1.0,1,0.19155902906829947,47
2343,1,3696,1865,1831,0,0,0,1.0,1,1.0,1,1.0,1,0.19267323436750752,46
2344,4,3700,1866,1834,0,0,0,1.0,1,1.0,1,1.0,1,0.16815106457365783,46
2345,1,3701,1866,1835,0,0,0,1.0,1,1.0,1,1.0,1,0.15485917707035649,45
2346,0,3701,1866,1835,0,0,0,1.0,1,1.0,1,1.0,1,0.15252402363099946,46
2347,0,3701,1866,1835,0,0,0,1.0,1,1.0,1,1.0,1,0.1703386870198268,47
2348,1,3702,1866,1836,0,0,0,1.0,1,1.0,1,1.0,1,0.18670501146249927,49
2349,2,3704,1867,1837,0,0,0,1.0,1,1.0,1,1.0,1,0.19191998273882477,49
2350,2,3706,1868,1838,0,0,0,1.0,1,1.0,1,1.0,1,0.1772047893884681,50
2351,1,3707,1869,1838,0,0,0,1.0,1,1.0,1,1.0,1,0.19430612938673206,50
2352,1,3708,1869,1839,0,0,0,1.0,1,1.0,1,1.0,1,0.19796759236132186,51
2353,0,3708,1869,1839,0,0,0,1.0,1,1.0,1,1.0,1,0.19796759236132186,51
2354,0,3708,1869,1839,0,0,0,1.0,1,1.0,1,1.0,1,0.21745590091779188,51
2355,2,3710,1870,1840,0,0,0,1.0,1,1.0,1,1.0,1,0.22755268721499752,50
2356,1,3711,1870,1841,0,0,0,1.0,1,1.0,1,1.0,1,0.20254619709331145,50
2357,0,3711,1870,1841,0,0,0,1.0,1,1.0,1,1.0,1,0.19475565047082627,49
2358,0,3711,1870,1841,0,0,0,1.0,1,1.0,1,1.0,1,0.21071555327565397,51
2359,0,3711,1870,1841,0,0,0,1.0,1,1.0,1,1.0,1,0.2016755342394237,51
2360,2,3713,1872,1841,0,0,0,1.0,1,1.0,1,1.0,1,0.24591075882580313,51
2361,4,3717,1873,1844,0,0,0,1.0,1,1.0,1,1.0,1,0.19983070760193133,52
2362,2,3719,1873,1846,0,0,0,1.0,1,1.0,1,1.0,1,0.1745085614844368,53
2363,2,3721,1874,1847,0,0,0,1.0,1,1.0,1,1.0,1,0.20174998289339266,54
2364,6,3727,1876,1851,0,0,0,1.0,1,1.0,1,1.0,1,0.16133600017768934,55
2365,0,3727,1876,1851,0,0,0,1.0,1,1.0,1,1.0,1,0.17080821141256933,53
2366,1,3728,1877,1851,0,0,0,1.0,1,1.0,1,1.0,1,0.17418623467599822,53
2367,4,3732,1880,1852,0,0,0,1.0,1,1.0,1,1.0,1,0.22371648381262738,51
2368,6,3738,1882,1856,0,0,0,1.0,1,1.0,1,1.0,1,0.18329575575429732,50
2369,3,3741,1884,1857,0,0,0,1.0,1,1.0,1,1.0,1,0.20058472673099823,47
2370,2,3743,1884,1859,0,0,0,1.0,1,1.0,1,1.0,1,0.2091805295087296,48
2371,1,3744,1885,1859,0,0,0,1.0,1,1.0,1,1.0,1,0.2229557501995076,49
2372,0,3744,1885,1859,0,0,0,1.0,1,1.0,1,1.0,1,0.2265499894602954,48
2373,0,3744,1885,1859,0,0,0,1.0,1,1.0,1,1.0,1,0.23223524413596058,49
2374,1,3745,1885,1860,0,0,0,1.0,1,1.0,1,1.0,1,0.2202768418971249,50
2375,1,3746,1886,1860,0,0,0,1.0,1,1.0,1,1.0,1,0.2324866845195968,50
2376,0,3746,1886,1860,0,0,0,1.0,1,1.0,1,1.0,1,0.24034797735809024,50
2377,0,3746,1886,1860,0,0,0,1.0,1,1.0,1,1.0,1,0.24972138597708482,49
2378,0,3746,1886,1860,0,0,0,1.0,1,1.0,1,1.0,1,0.24972138597708482,49
2379,3,3749,1887,1862,0,0,0,1.0,1,1.0,1,1.0,1,0.27018290289836344,50
2380,1,3750,1888,1862,0,0,0,1.0,1,1.0,1,1.0,1,0.2823746900587009,50
2381,2,3752,1889,1863,0,0,0,1.0,1,1.0,1,1.0,1,0.29468024408212196,51
2382,1,3753,1890,1863,0,0,0,1.0,1,1.0,1,1.0,1,0.3141829007649583,51
2383,6,3759,1891,1868,0,0,0,1.0,1,1.0,1,1.0,1,0.2574732755375498,52
2384,2,3761,1892,1869,0,0,0,1.0,1,1.0,1,1.0,1,0.21907525956563506,52
2385,1,3762,1893,1869,0,0,0,1.0,1,1.0,1,1.0,1,0.24664851809212315,51
2386,4,3766,1895,1871,0,0,0,1.0,1,1.0,1,1.0,1,0.2670801993491576,52
2387,0,3766,1895,1871,0,0,0,1.0,1,1.0,1,1.0,1,0.2680085572248027,49
2388,1,3767,1896,1871,0,0,0,1.0,1,1.0,1,1.0,1,0.2697426055111543,48
2389,1,3768,1897,1871,0,0,0,1.0,1,1.0,1,1.0,1,0.28215568677763675,48
2390,5,3773,1899,1874,0,0,0,1.0,1,1.0,1,1.0,1,0.254401164097164,49
2391,1,3774,1899,1875,0,0,0,1.0,1,1.0,1,1.0,1,0.2348281220922641,48
2392,3,3777,1901,1876,0,0,0,1.0,1,1.0,1,1.0,1,0.22755073017848512,49
2393,4,3781,1902,1879,0,0,0,1.0,1,1.0,1,1.0,1,0.20792521703578615,50
2394,3,3784,1904,1880,0,0,0,1.0,1,1.0,1,1.0,1,0.25626455521656527,50
2395,3,3787,1905,1882,0,0,0,1.0,1,1.0,1,1.0,1,0.19991099590598296,49
2396,0,3787,1905,1882,0,0,0,1.0,1,1.0,1,1.0,1,0.19582895505656397,50
2397,3,3790,1907,1883,0,0,0,1.0,1,1.0,1,1.0,1,0.2284998477093409,51
2398,3,3793,1908,1885,0,0,0,1.0,1,1.0,1,1.0,1,0.18523088094611068,49
2399,1,3794,1908,1886,0,0,0,1.0,1,1.0,1,1.0,1,0.16568684095876235,50
2400,0,3794,1908,1886,0,0,0,1.0,1,1.0,1,1.0,1,0.178562679774699,51
2401,1,3795,1909,1886,0,0,0,1.0,1,1.0,1,1.0,1,0.20357161756371267,50
2402,0,3795,1909,1886,0,0,0,1.0,1,1.0,1,1.0,1,0.19946753601320805,51
2403,1,3796,1909,1887,0,0,0,1.0,1,1.0,1,1.0,1,0.19050243503689607,52
2404,0,3796,1909,1887,0,0,0,1.0,1,1.0,1,1.0,1,0.20624990704075483,53
2405,0,3796,1909,1887,0,0,0,1.0,1,1.0,1,1.0,1,0.21130576305176968,52
2406,2,3798,1911,1887,0,0,0,1.0,1,1.0,1,1.0,1,0.22725732969560536,52
2407,1,3799,1911,1888,0,0,0,1.0,1,1.0,1,1.0,1,0.2341573936789686,51
2408,0,3799,1911,1888,0,0,0,1.0,1,1.0,1,1.0,1,0.2510990536301702,50
2409,1,3800,1912,1888,0,0,0,1.0,1,1.0,1,1.0,1,0.25937293718664944,50
2410,2,3802,1913,1889,0,0,0,1.0,1,1.0,1,1.0,1,0.26568904207986643,49
2411,1,3803,1914,1889,0,0,0,1.0,1,1.0,1,1.0,1,0.2839028183723811,48
2412,1,3804,1914,1890,0,0,0,1.0,1,1.0,1,1.0,1,0.2756169419304568,47
2413,1,3805,1914,1891,0,0,0,1.0,1,1.0,1,1.0,1,0.26217218457183183,47
2414,2,3807,1915,1892,0,0,0,1.0,1,1.0,1,1.0,1,0.2961849522092788,47
2415,0,3807,1915,1892,0,0,0,1.0,1,1.0,1,1.0,1,0.30686981182111717,46
2416,0,3807,1915,1892,0,0,0,1.0,1,1.0,1,1.0,1,0.2827715862167001,47
2417,2,3809,1916,1893,0,0,0,1.0,1,1.0,1,1.0,1,0.25999671173643435,46
2418,4,3813,1918,1895,0,0,0,1.0,1,1.0,1,1.0,1,0.2729243349803588,48
2419,3,3816,1920,1896,0,0,0,1.0,1,1.0,1,1.0,1,0.2563713299381892,47
2420,3,3819,1922,1897,0,0,0,1.0,1,1.0,1,1.0,1,0.2175206040594849,49
2421,1,3820,1923,1897,0,0,0,1.0,1,1.0,1,1.0,1,0.21754645281274693,50
2422,4,3824,1925,1899,0,0,0,1.0,1,1.0,1,1.0,1,0.18155967529379233,50
2423,1,3825,1925,1900,0,0,0,1.0,1,1.0,1,1.0,1,0.17473028181550215,51
2424,2,3827,1927,1900,0,0,0,1.0,1,1.0,1,1.0,1,0.17049074493658742,50
2425,0,3827,1927,1900,0,0,0,1.0,1,1.0,1,1.0,1,0.1779846117669088,48
2426,4,3831,1930,1901,0,0,0,1.0,1,1.0,1,1.0,1,0.17164883679766763,51
2427,1,3832,1931,1901,0,0,0,1.0,1,1.0,1,1.0,1,0.187329213157414,50
2428,2,3834,1933,1901,0,0,0,1.0,1,1.0,1,1.0,1,0.1770657080383153,49
2429,3,3837,1935,1902,0,0,0,1.0,1,1.0,1,1.0,1,0.21229117682013804,49
2430,2,3839,1935,1904,0,0,0,1.0,1,1.0,1,1.0,1,0.18785545770017958,46
2431,1,3840,1936,1904,0,0,0,1.0,1,1.0,1,1.0,1,0.2191876476660777,45
2432,1,3841,1937,1904,0,0,0,1.0,1,1.0,1,1.0,1,0.29138270318315007,44
2433,1,3842,1937,1905,0,0,0,1.0,1,1.0,1,1.0,1,0.2572563932580437,45
2434,1,3843,1938,1905,0,0,0,1.0,1,1.0,1,1.0,1,0.27460792995049543,44
2435,2,3845,1938,1907,0,0,0,1.0,1,1.0,1,1.0,1,0.22190270727431516,44
2436,0,3845,1938,1907,0,0,0,1.0,1,1.0,1,1.0,1,0.22190270727431516,44
2437,3,3848,1940,1908,0,0,0,1.0,1,1.0,1,1.0,1,0.23987209149735084,45
2438,3,3851,1941,1910,0,0,0,1.0,1,1.0,1,1.0,1,0.25896798362379464,45
2439,1,3852,1941,1911,0,0,0,1.0,1,1.0,1,1.0,1,0.22501414469155143,46
2440,1,3853,1941,1912,0,0,0,1.0,1,1.0,1,1.0,1,0.2232457303340095,45
2441,1,3854,1942,1912,0,0,0,1.0,1,1.0,1,1.0,1,0.23774377069496808,45
2442,0,3854,1942,1912,0,0,0,1.0,1,1.0,1,1.0,1,0.23195272150883225,46
2443,1,3855,1942,1913,0,0,0,1.0,1,1.0,1,1.0,1,0.24819804441919965,45
2444,4,3859,1946,1913,0,0,0,1.0,1,1.0,1,1.0,1,0.3627896273540665,46
2445,8,3867,1947,1920,0,0,0,1.0,1,1.0,1,1.0,1,0.3017274301822183,44
2446,3,3870,1948,1922,0,0,0,1.0,1,1.0,1,1.0,1,0.2607881136662358,44
2447,1,3871,1949,1922,0,0,0,1.0,1,1.0,1,1.0,1,0.2500108274121054,42
2448,4,3875,1952,1923,0,0,0,1.0,1,1.0,1,1.0,1,0.2415458044592554,41
2449,0,3875,1952,1923,0,0,0,1.0,1,1.0,1,1.0,1,0.2490280588362798,40
2450,3,3878,1954,1924,0,0,0,1.0,1,1.0,1,1.0,1,0.253678418343768,42
2451,4,3882,1954,1928,0,0,0,1.0,1,1.0,1,1.0,1,0.18639080431692265,43
2452,1,3883,1954,1929,0,0,0,1.0,1,1.0,1,1.0,1,0.1654947078768675,43
2453,0,3883,1954,1929,0,0,0,1.0,1,1.0,1,1.0,1,0.18751333374882984,45
2454,3,3886,1956,1930,0,0,0,1.0,1,1.0,1,1.0,1,0.2220799819926232,47
2455,0,3886,1956,1930,0,0,0,1.0,1,1.0,1,1.0,1,0.22849906435409487,48
2456,2,3888,1957,1931,0,0,0,1.0,1,1.0,1,1.0,1,0.25079750773986625,49
2457,1,3889,1958,1931,0,0,0,1.0,1,1.0,1,1.0,1,0.30159153405468214,48
2458,2,3891,1958,1933,0,0,0,1.0,1,1.0,1,1.0,1,0.2644209429728537,49
2459,2,3893,1958,1935,0,0,0,1.0,1,1.0,1,1.0,1,0.24657777631605526,49
2460,2,3895,1959,1936,0,0,0,1.0,1,1.0,1,1.0,1,0.2725677693854032,50
2461,0,3895,1959,1936,0,0,0,1.0,1,1.0,1,1.0,1,0.2725677693854032,50
2462,7,3902,1962,1940,0,0,0,1.0,1,1.0,1,1.0,1,0.2507002199034486,51
2463,4,3906,1963,1943,0,0,0,1.0,1,1.0,1,1.0,1,0.23694175257424496,51
2464,3,3909,1965,1944,0,0,0,1.0,1,1.0,1,1.0,1,0.2318362525119711,50
2465,2,3911,1965,1946,0,0,0,1.0,1,1.0,1,1.0,1,0.22001312632105632,49
2466,1,3912,1966,1946,0,0,0,1.0,1,1.0,1,1.0,1,0.22504423034118748,49
2467,1,3913,1967,1946,0,0,0,1.0,1,1.0,1,1.0,1,0.22335739383364314,48
2468,4,3917,1970,1947,0,0,0,1.0,1,1.0,1,1.0,1,0.23592374999942836,47
2469,2,3919,1971,1948,0,0,0,1.0,1,1.0,1,1.0,1,0.20191675001700904,46
2470,0,3919,1971,1948,0,0,0,1.0,1,1.0,1,1.0,1,0.20383439748487314,44
2471,1,3920,1971,1949,0,0,0,1.0,1,1.0,1,1.0,1,0.19963053991748614,44
2472,3,3923,1971,1952,0,0,0,1.0,1,1.0,1,1.0,1,0.19003834385696308,44
2473,2,3925,1973,1952,0,0,0,1.0,1,1.0,1,1.0,1,0.20214580547959968,43
2474,3,3928,1975,1953,0,0,0,1.0,1,1.0,1,1.0,1,0.23244303265182115,44
2475,4,3932,1976,1956,0,0,0,1.0,1,1.0,1,1.0,1,0.17713158086942682,46
2476,2,3934,1977,1957,0,0,0,1.0,1,1.0,1,1.0,1,0.17366785192380307,46
2477,0,3934,1977,1957,0,0,0,1.0,1,1.0,1,1.0,1,0.17366785192380307,46
2478,0,3934,1977,1957,0,0,0,1.0,1,1.0,1,1.0,1,0.17366785192380307,46
2479,0,3934,1977,1957,0,0,0,1.0,1,1.0,1,1.0,1,0.17366785192380307,46
2480,2,3936,1978,1958,0,0,0,1.0,1,1.0,1,1.0,1,0.1692000417438809,47
2481,1,3937,1979,1958,0,0,0,1.0,1,1.0,1,1.0,1,0.15011126075788292,47
2482,1,3938,1980,1958,0,0,0,1.0,1,1.0,1,1.0,1,0.18094722830252793,45
2483,0,3938,1980,1958,0,0,0,1.0,1,1.0,1,1.0,1,0.1930748306216077,45
2484,1,3939,1981,1958,0,0,0,1.0,1,1.0,1,1.0,1,0.2313890057015247,46
2485,1,3940,1982,1958,0,0,0,1.0,1,1.0,1,1.0,1,0.22281360151306534,44
2486,1,3941,1982,1959,0,0,0,1.0,1,1.0,1,1.0,1,0.1786623957235454,43
2487,1,3942,1983,1959,0,0,0,1.0,1,1.0,1,1.0,1,0.19659006908215884,44
2488,2,3944,1985,1959,0,0,0,1.0,1,1.0,1,1.0,1,0.22253499455168105,45
2489,0,3944,1985,1959,0,0,0,1.0,1,1.0,1,1.0,1,0.24113864922306208,44
2490,3,3947,1987,1960,0,0,0,1.0,1,1.0,1,1.0,1,0.2691625032929711,44
2491,3,3950,1987,1963,0,0,0,1.0,1,1.0,1,1.0,1,0.2578754304915927,44
2492,1,3951,1988,1963,0,0,0,1.0,1,1.0,1,1.0,1,0.23427691452622612,44
2493,1,3952,1988,1964,0,0,0,1.0,1,1.0,1,1.0,1,0.24978417845596787,42
2494,0,3952,1988,1964,0,0,0,1.0,1,1.0,1,1.0,1,0.24978417845596787,42
2495,1,3953,1988,1965,0,0,0,1.0,1,1.0,1,1.0,1,0.23659032683443165,42
2496,2,3955,1990,1965,0,0,0,1.0,1,1.0,1,1.0,1,0.23606511393687857,42
2497,2,3957,1990,1967,0,0,0,1.0,1,1.0,1,1.0,1,0.2216531984793613,44
2498,1,3958,1990,1968,0,0,0,1.0,1,1.0,1,1.0,1,0.2179340353286692,43
2499,0,3958,1990,1968,0,0,0,1.0,1,1.0,1,1.0,1,0.2179340353286692,43
2500,2,3960,1991,1969,0,0,0,1.0,1,1.0,1,1.0,1,0.21092417918936038,44
2501,2,3962,1991,1971,0,0,0,1.0,1,1.0,1,1.0,1,0.1880205787086064,46
2502,3,3965,1994,1971,0,0,0,1.0,1,1.0,1,1.0,1,0.20103979791450005,47
2503,3,3968,1995,1973,0,0,0,1.0,1,1.0,1,1.0,1,0.1862128258185443,47
2504,1,3969,1996,1973,0,0,0,1.0,1,1.0,1,1.0,1,0.2133167486050138,46
2505,4,3973,2000,1973,0,0,0,1.0,1,1.0,1,1.0,1,0.24402596166552196,46
2506,1,3974,2000,1974,0,0,0,1.0,1,1.0,1,1.0,1,0.2187384211757508,45
2507,4,3978,2002,1976,0,0,0,1.0,1,1.0,1,1.0,1,0.20707997943372267,45
2508,3,3981,2004,1977,0,0,0,1.0,1,1.0,1,1.0,1,0.21958344205834243,46
2509,2,3983,2005,1978,0,0,0,1.0,1,1.0,1,1.0,1,0.22293242073617758,45
2510,3,3986,2006,1980,0,0,0,1.0,1,1.0,1,1.0,1,0.2089542110863066,46
2511,0,3986,2006,1980,0,0,0,1.0,1,1.0,1,1.0,1,0.19409042706301016,47
2512,1,3987,2007,1980,0,0,0,1.0,1,1.0,1,1.0,1,0.21929111511235172,47
2513,2,3989,2007,1982,0,0,0,1.0,1,1.0,1,1.0,1,0.1637793201524084,48
2514,2,3991,2008,1983,0,0,0,1.0,1,1.0,1,1.0,1,0.18045421724846428,48
2515,2,3993,2008,1985,0,0,0,1.0,1,1.0,1,1.0,1,0.1442648965155461,49
2516,1,3994,2009,1985,0,0,0,1.0,1,1.0,1,1.0,1,0.16203412954235574,49
2517,3,3997,2011,1986,0,0,0,1.0,1,1.0,1,1.0,1,0.14976807370761933,49
2518,1,3998,2012,1986,0,0,0,1.0,1,1.0,1,1.0,1,0.1837255118026294,48
2519,1,3999,2013,1986,0,0,0,1.0,1,1.0,1,1.0,1,0.21623286650405998,48
2520,1,4000,2014,1986,0,0,0,1.0,1,1.0,1,1.0,1,0.26401842999567837,46
2521,4,4004,2016,1988,0,0,0,1.0,1,1.0,1,1.0,1,0.27478197520666353,47
2522,2,4006,2018,1988,0,0,0,1.0,1,1.0,1,1.0,1,0.3091821976355442,45
2523,2,4008,2018,1990,0,0,0,1.0,1,1.0,1,1.0,1,0.2812067738243447,44
2524,2,4010,2018,1992,0,0,0,1.0,1,1.0,1,1.0,1,0.26682346388725403,42
2525,2,4012,2019,1993,0,0,0,1.0,1,1.0,1,1.0,1,0.29534392617948946,42
2526,1,4013,2019,1994,0,0,0,1.0,1,1.0,1,1.0,1,0.2786854440883057,41
2527,0,4013,2019,1994,0,0,0,1.0,1,1.0,1,1.0,1,0.2786854440883057,41
2528,0,4013,2019,1994,0,0,0,1.0,1,1.0,1,1.0,1,0.3057611516801742,41
2529,1,4014,2020,1994,0,0,0,1.0,1,1.0,1,1.0,1,0.3221222861415972,42
2530,1,4015,2020,1995,0,0,0,1.0,1,1.0,1,1.0,1,0.31025694852552493,41
2531,0,4015,2020,1995,0,0,0,1.0,1,1.0,1,1.0,1,0.31025694852552493,41
2532,0,4015,2020,1995,0,0,0,1.0,1,1.0,1,1.0,1,0.33138918952421015,43
2533,0,4015,2020,1995,0,0,0,1.0,1,1.0,1,1.0,1,0.33138918952421015,43
2534,0,4015,2020,1995,0,0,0,1.0,1,1.0,1,1.0,1,0.33138918952421015,43
2535,3,4018,2021,1997,0,0,0,1.0,1,1.0,1,1.0,1,0.3481186101292295,44
2536,1,4019,2021,1998,0,0,0,1.0,1,1.0,1,1.0,1,0.32104322005220504,44
2537,2,4021,2021,2000,0,0,0,1.0,1,1.0,1,1.0,1,0.28989218560223623,45
2538,3,4024,2021,2003,0,0,0,1.0,1,1.0,1,1.0,1,0.2646842840939051,48
2539,0,4024,2021,2003,0,0,0,1.0,1,1.0,1,1.0,1,0.2646842840939051,48
2540,1,4025,2022,2003,0,0,0,1.0,1,1.0,1,1.0,1,0.26821453651413724,50
2541,2,4027,2023,2004,0,0,0,1.0,1,1.0,1,1.0,1,0.26293360288999773,52
2542,5,4032,2025,2007,0,0,0,1.0,1,1.0,1,1.0,1,0.2664202208042569,52
2543,5,4037,2028,2009,0,0,0,1.0,1,1.0,1,1.0,1,0.30062166202844737,51
2544,9,4046,2033,2013,0,0,0,1.0,1,1.0,1,1.0,1,0.2731960409186235,51
2545,4,4050,2034,2016,0,0,0,1.0,1,1.0,1,1.0,1,0.22341533429295857,50
2546,1,4051,2035,2016,0,0,0,1.0,1,1.0,1,1.0,1,0.2327799970084294,50
2547,0,4051,2035,2016,0,0,0,1.0,1,1.0,1,1.0,1,0.23040305662888616,47
2548,0,4051,2035,2016,0,0,0,1.0,1,1.0,1,1.0,1,0.22047369089889293,46
2549,4,4055,2038,2017,0,0,0,1.0,1,1.0,1,1.0,1,0.2597390400635376,46
2550,3,4058,2040,2018,0,0,0,1.0,1,1.0,1,1.0,1,0.25263147657623725,44
2551,0,4058,2040,2018,0,0,0,1.0,1,1.0,1,1.0,1,0.2410372548012774,43
2552,0,4058,2040,2018,0,0,0,1.0,1,1.0,1,1.0,1,0.27068763867422174,43
2553,1,4059,2040,2019,0,0,0,1.0,1,1.0,1,1.0,1,0.2555860057353235,44
2554,2,4061,2042,2019,0,0,0,1.0,1,1.0,1,1.0,1,0.2803256795145783,45
2555,4,4065,2043,2022,0,0,0,1.0,1,1.0,1,1.0,1,0.2769235946257617,44
2556,0,4065,2043,2022,0,0,0,1.0,1,1.0,1,1.0,1,0.2709945354897101,44
2557,2,4067,2044,2023,0,0,0,1.0,1,1.0,1,1.0,1,0.2896260011292927,41
2558,1,4068,2044,2024,0,0,0,1.0,1,1.0,1,1.0,1,0.2802809712763484,40
2559,2,4070,2044,2026,0,0,0,1.0,1,1.0,1,1.0,1,0.2604776162653914,41
2560,0,4070,2044,2026,0,0,0,1.0,1,1.0,1,1.0,1,0.2604776162653914,41
2561,0,4070,2044,2026,0,0,0,1.0,1,1.0,1,1.0,1,0.277896240968209,43
2562,0,4070,2044,2026,0,0,0,1.0,1,1.0,1,1.0,1,0.28649157175985474,44
2563,1,4071,2044,2027,0,0,0,1.0,1,1.0,1,1.0,1,0.27128546859257296,44
2564,2,4073,2046,2027,0,0,0,1.0,1,1.0,1,1.0,1,0.2718483300023336,44
2565,3,4076,2047,2029,0,0,0,1.0,1,1.0,1,1.0,1,0.2354358829997008,45
2566,2,4078,2047,2031,0,0,0,1.0,1,1.0,1,1.0,1,0.21767804306018604,46
2567,1,4079,2048,2031,0,0,0,1.0,1,1.0,1,1.0,1,0.24118134667867283,48
2568,3,4082,2050,2032,0,0,0,1.0,1,1.0,1,1.0,1,0.27039480581663455,48
2569,1,4083,2050,2033,0,0,0,1.0,1,1.0,1,1.0,1,0.27967685138308684,49
2570,1,4084,2050,2034,0,0,0,1.0,1,1.0,1,1.0,1,0.2837429384794394,48
2571,0,4084,2050,2034,0,0,0,1.0,1,1.0,1,1.0,1,0.2837429384794394,48
2572,0,4084,2050,2034,0,0,0,1.0,1,1.0,1,1.0,1,0.266686751653476,49
2573,1,4085,2050,2035,0,0,0,1.0,1,1.0,1,1.0,1,0.2518769505516276,50
2574,2,4087,2051,2036,0,0,0,1.0,1,1.0,1,1.0,1,0.2574662612569768,49
2575,2,4089,2051,2038,0,0,0,1.0,1,1.0,1,1.0,1,0.23022356372519162,48
2576,0,4089,2051,2038,0,0,0,1.0,1,1.0,1,1.0,1,0.23022356372519162,48
2577,2,4091,2051,2040,0,0,0,1.0,1,1.0,1,1.0,1,0.2248083539800017,50
2578,0,4091,2051,2040,0,0,0,1.0,1,1.0,1,1.0,1,0.2248083539800017,50
2579,2,4093,2052,2041,0,0,0,1.0,1,1.0,1,1.0,1,0.21166864603591498,51
2580,0,4093,2052,2041,0,0,0,1.0,1,1.0,1,1.0,1,0.2243703824225639,52
2581,0,4093,2052,2041,0,0,0,1.0,1,1.0,1,1.0,1,0.24183918360295031,51
2582,1,4094,2053,2041,0,0,0,1.0,1,1.0,1,1.0,1,0.2573417279417147,51
2583,3,4097,2054,2043,0,0,0,1.0,1,1.0,1,1.0,1,0.25167525727881945,51
2584,6,4103,2057,2046,0,0,0,1.0,1,1.0,1,1.0,1,0.2567968089103496,51
2585,2,4105,2057,2048,0,0,0,1.0,1,1.0,1,1.0,1,0.216837650113312,50
2586,3,4108,2059,2049,0,0,0,1.0,1,1.0,1,1.0,1,0.24928741646513153,50
2587,0,4108,2059,2049,0,0,0,1.0,1,1.0,1,1.0,1,0.22149028481665414,48
2588,5,4113,2060,2053,0,0,0,1.0,1,1.0,1,1.0,1,0.1806382957921592,50
2589,0,4113,2060,2053,0,0,0,1.0,1,1.0,1,1.0,1,0.15567321073501683,48
2590,2,4115,2061,2054,0,0,0,1.0,1,1.0,1,1.0,1,0.17001739122159104,47
2591,1,4116,2061,2055,0,0,0,1.0,1,1.0,1,1.0,1,0.1478534039172202,47
2592,2,4118,2062,2056,0,0,0,1.0,1,1.0,1,1.0,1,0.14977855851048597,47
2593,1,4119,2063,2056,0,0,0,1.0,1,1.0,1,1.0,1,0.18099394248361217,47
2594,7,4126,2065,2061,0,0,0,1.0,1,1.0,1,1.0,1,0.19364421887031566,49
2595,4,4130,2067,2063,0,0,0,1.0,1,1.0,1,1.0,1,0.19268115694063168,48
2596,0,4130,2067,2063,0,0,0,1.0,1,1.0,1,1.0,1,0.17243997936418767,47
2597,3,4133,2070,2063,0,0,0,1.0,1,1.0,1,1.0,1,0.19867300579240443,48
2598,3,4136,2072,2064,0,0,0,1.0,1,1.0,1,1.0,1,0.16125891422218788,48
2599,0,4136,2072,2064,0,0,0,1.0,1,1.0,1,1.0,1,0.14563785958692516,49
2600,1,4137,2073,2064,0,0,0,1.0,1,1.0,1,1.0,1,0.15927985530491498,52
2601,3,4140,2076,2064,0,0,0,1.0,1,1.0,1,1.0,1,0.2248540019280255,51
2602,2,4142,2076,2066,0,0,0,1.0,1,1.0,1,1.0,1,0.17986448695831825,52
2603,1,4143,2077,2066,0,0,0,1.0,1,1.0,1,1.0,1,0.22125160720992373,53
2604,1,4144,2077,2067,0,0,0,1.0,1,1.0,1,1.0,1,0.2047460173324627,53
2605,1,4145,2078,2067,0,0,0,1.0,1,1.0,1,1.0,1,0.23558878920397386,52
2606,2,4147,2078,2069,0,0,0,1.0,1,1.0,1,1.0,1,0.20844042267544327,52
2607,1,4148,2079,2069,0,0,0,1.0,1,1.0,1,1.0,1,0.20420830792052963,52
2608,1,4149,2079,2070,0,0,0,1.0,1,1.0,1,1.0,1,0.19074082852765192,52
2609,0,4149,2079,2070,0,0,0,1.0,1,1.0,1,1.0,1,0.18845240859520238,53
2610,1,4150,2080,2070,0,0,0,1.0,1,1.0,1,1.0,1,0.2189488620035487,54
2611,3,4153,2081,2072,0,0,0,1.0,1,1.0,1,1.0,1,0.16769792422810834,54
2612,2,4155,2082,2073,0,0,0,1.0,1,1.0,1,1.0,1,0.15167603065841198,56
2613,1,4156,2083,2073,0,0,0,1.0,1,1.0,1,1.0,1,0.1382625104299341,56
2614,2,4158,2084,2074,0,0,0,1.0,1,1.0,1,1.0,1,0.11953781686103927,56
2615,1,4159,2085,2074,0,0,0,1.0,1,1.0,1,1.0,1,0.13042392008480597,57
2616,0,4159,2085,2074,0,0,0,1.0,1,1.0,1,1.0,1,0.13042392008480597,57
2617,1,4160,2086,2074,0,0,0,1.0,1,1.0,1,1.0,1,0.14240347497593597,58
2618,2,4162,2087,2075,0,0,0,1.0,1,1.0,1,1.0,1,0.13403410881711894,58
2619,1,4163,2087,2076,0,0,0,1.0,1,1.0,1,1.0,1,0.1413875143164401,58
2620,1,4164,2087,2077,0,0,0,1.0,1,1.0,1,1.0,1,0.1494642796406147,60
2621,2,4166,2088,2078,0,0,0,1.0,1,1.0,1,1.0,1,0.12196161831263659,59
2622,1,4167,2088,2079,0,0,0,1.0,1,1.0,1,1.0,1,0.10263074287091332,60
2623,3,4170,2090,2080,0,0,0,1.0,1,1.0,1,1.0,1,0.12170559979007198,59
2624,2,4172,2092,2080,0,0,0,1.0,1,1.0,1,1.0,1,0.15963145747577237,58
2625,5,4177,2095,2082,0,0,0,1.0,1,1.0,1,1.0,1,0.15780824166598273,58
2626,4,4181,2098,2083,0,0,0,1.0,1,1.0,1,1.0,1,0.18425593962431533,57
2627,1,4182,2098,2084,0,0,0,1.0,1,1.0,1,1.0,1,0.15092363269648676,55
2628,2,4184,2100,2084,0,0,0,1.0,1,1.0,1,1.0,1,0.16495443570243126,55
2629,0,4184,2100,2084,0,0,0,1.0,1,1.0,1,1.0,1,0.1523168548175845,54
2630,1,4185,2101,2084,0,0,0,1.0,1,1.0,1,1.0,1,0.21228744021863263,55
2631,0,4185,2101,2084,0,0,0,1.0,1,1.0,1,1.0,1,0.21071087933824992,55
2632,3,4188,2103,2085,0,0,0,1.0,1,1.0,1,1.0,1,0.24307964970690032,55
2633,2,4190,2104,2086,0,0,0,1.0,1,1.0,1,1.0,1,0.24550324148773642,53
2634,5,4195,2106,2089,0,0,0,1.0,1,1.0,1,1.0,1,0.21133268957662654,52
2635,3,4198,2107,2091,0,0,0,1.0,1,1.0,1,1.0,1,0.20405635581694845,52
2636,5,4203,2109,2094,0,0,0,1.0,1,1.0,1,1.0,1,0.22403746218656537,51
2637,2,4205,2111,2094,0,0,0,1.0,1,1.0,1,1.0,1,0.21650039704015514,50
2638,6,4211,2113,2098,0,0,0,1.0,1,1.0,1,1.0,1,0.18330004275767203,48
2639,2,4213,2115,2098,0,0,0,1.0,1,1.0,1,1.0,1,0.2436568954156689,48
2640,5,4218,2119,2099,0,0,0,1.0,1,1.0,1,1.0,1,0.22252838783099527,46
2641,2,4220,2121,2099,0,0,0,1.0,1,1.0,1,1.0,1,0.22638919309390107,46
2642,5,4225,2125,2100,0,0,0,1.0,1,1.0,1,1.0,1,0.18902049627136958,47
2643,1,4226,2125,2101,0,0,0,1.0,1,1.0,1,1.0,1,0.18564015976268097,45
2644,1,4227,2126,2101,0,0,0,1.0,1,1.0,1,1.0,1,0.19195590362425102,44
2645,0,4227,2126,2101,0,0,0,1.0,1,1.0,1,1.0,1,0.19784471841188866,42
2646,2,4229,2128,2101,0,0,0,1.0,1,1.0,1,1.0,1,0.23691766487079827,43
2647,1,4230,2129,2101,0,0,0,1.0,1,1.0,1,1.0,1,0.2553607071303742,40
2648,2,4232,2130,2102,0,0,0,1.0,1,1.0,1,1.0,1,0.15826560163543887,41
2649,1,4233,2130,2103,0,0,0,1.0,1,1.0,1,1.0,1,0.1614977375676857,43
2650,1,4234,2130,2104,0,0,0,1.0,1,1.0,1,1.0,1,0.1269239083729857,43
2651,1,4235,2131,2104,0,0,0,1.0,1,1.0,1,1.0,1,0.1294280873544263,44
2652,0,4235,2131,2104,0,0,0,1.0,1,1.0,1,1.0,1,0.1294280873544263,44
2653,0,4235,2131,2104,0,0,0,1.0,1,1.0,1,1.0,1,0.1294280873544263,44
2654,0,4235,2131,2104,0,0,0,1.0,1,1.0,1,1.0,1,0.141626089564405,45
2655,1,4236,2132,2104,0,0,0,1.0,1,1.0,1,1.0,1,0.1361662030824454,45
2656,1,4237,2132,2105,0,0,0,1.0,1,1.0,1,1.0,1,0.11768016567587454,45
2657,0,4237,2132,2105,0,0,0,1.0,1,1.0,1,1.0,1,0.13798919173316412,45
2658,3,4240,2134,2106,0,0,0,1.0,1,1.0,1,1.0,1,0.16965203542578056,47
2659,1,4241,2134,2107,0,0,0,1.0,1,1.0,1,1.0,1,0.16021179669767097,46
2660,1,4242,2135,2107,0,0,0,1.0,1,1.0,1,1.0,1,0.17596800639753069,46
2661,6,4248,2139,2109,0,0,0,1.0,1,1.0,1,1.0,1,0.14820446652623512,46
2662,1,4249,2140,2109,0,0,0,1.0,1,1.0,1,1.0,1,0.17518509714050004,47
2663,5,4254,2142,2112,0,0,0,1.0,1,1.0,1,1.0,1,0.12735772085056968,46
2664,2,4256,2144,2112,0,0,0,1.0,1,1.0,1,1.0,1,0.13672258838420587,45
2665,2,4258,2146,2112,0,0,0,1.0,1,1.0,1,1.0,1,0.15813274879073946,47
2666,4,4262,2150,2112,0,0,0,1.0,1,1.0,1,1.0,1,0.20256825601098175,47
2667,3,4265,2151,2114,0,0,0,1.0,1,1.0,1,1.0,1,0.14664421780725928,45
2668,2,4267,2152,2115,0,0,0,1.0,1,1.0,1,1.0,1,0.12236246703758254,45
2669,1,4268,2153,2115,0,0,0,1.0,1,1.0,1,1.0,1,0.1281708281227594,45
2670,2,4270,2155,2115,0,0,0,1.0,1,1.0,1,1.0,1,0.13137545317503604,45
2671,3,4273,2158,2115,0,0,0,1.0,1,1.0,1,1.0,1,0.20796299813859534,41
2672,4,4277,2161,2116,0,0,0,1.0,1,1.0,1,1.0,1,0.19849540434931598,40
2673,1,4278,2161,2117,0,0,0,1.0,1,1.0,1,1.0,1,0.1890633603688124,39
2674,2,4280,2163,2117,0,0,0,1.0,1,1.0,1,1.0,1,0.184204807997481,37
2675,0,4280,2163,2117,0,0,0,1.0,1,1.0,1,1.0,1,0.18714326246030205,35
2676,1,4281,2164,2117,0,0,0,1.0,1,1.0,1,1.0,1,0.2425743582181617,34
2677,2,4283,2165,2118,0,0,0,1.0,1,1.0,1,1.0,1,0.2453593445137864,32
2678,4,4287,2167,2120,0,0,0,1.0,1,1.0,1,1.0,1,0.2673769857515253,33
2679,4,4291,2169,2122,0,0,0,1.0,1,1.0,1,1.0,1,0.27396597840981685,33
2680,5,4296,2172,2124,0,0,0,1.0,1,1.0,1,1.0,1,0.26295818222622136,33
2681,2,4298,2173,2125,0,0,0,1.0,1,1.0,1,1.0,1,0.14667590910074393,32
2682,0,4298,2173,2125,0,0,0,1.0,1,1.0,1,1.0,1,0.14667590910074393,32
2683,1,4299,2174,2125,0,0,0,1.0,1,1.0,1,1.0,1,0.24519949051300102,32
2684,2,4301,2175,2126,0,0,0,1.0,1,1.0,1,1.0,1,0.2524706737168947,31
2685,2,4303,2176,2127,0,0,0,1.0,1,1.0,1,1.0,1,0.29745629868193857,30
2686,1,4304,2176,2128,0,0,0,1.0,1,1.0,1,1.0,1,0.2533291218793758,29
2687,0,4304,2176,2128,0,0,0,1.0,1,1.0,1,1.0,1,0.25149382096741996,28
2688,0,4304,2176,2128,0,0,0,1.0,1,1.0,1,1.0,1,0.25149382096741996,28
2689,0,4304,2176,2128,0,0,0,1.0,1,1.0,1,1.0,1,0.26331838718169875,29
2690,1,4305,2176,2129,0,0,0,1.0,1,1.0,1,1.0,1,0.23995721770140413,29
2691,2,4307,2178,2129,0,0,0,1.0,1,1.0,1,1.0,1,0.2616096003039187,29
2692,0,4307,2178,2129,0,0,0,1.0,1,1.0,1,1.0,1,0.25712638002639604,31
2693,2,4309,2180,2129,0,0,0,1.0,1,1.0,1,1.0,1,0.3519280566788441,32
2694,5,4314,2181,2133,0,0,0,1.0,1,1.0,1,1.0,1,0.22925037601274587,32
2695,0,4314,2181,2133,0,0,0,1.0,1,1.0,1,1.0,1,0.21080797630895323,33
2696,0,4314,2181,2133,0,0,0,1.0,1,1.0,1,1.0,1,0.21080797630895323,33
2697,0,4314,2181,2133,0,0,0,1.0,1,1.0,1,1.0,1,0.22843824483224737,34
2698,1,4315,2182,2133,0,0,0,1.0,1,1.0,1,1.0,1,0.2583107805865172,34
2699,3,4318,2182,2136,0,0,0,1.0,1,1.0,1,1.0,1,0.16060327520339485,36
2700,0,4318,2182,2136,0,0,0,1.0,1,1.0,1,1.0,1,0.17129091265276247,36
2701,0,4318,2182,2136,0,0,0,1.0,1,1.0,1,1.0,1,0.17129091265276247,36
2702,1,4319,2183,2136,0,0,0,1.0,1,1.0,1,1.0,1,0.20120098599808334,36
2703,5,4324,2186,2138,0,0,0,1.0,1,1.0,1,1.0,1,0.20756911439823206,38
2704,3,4327,2187,2140,0,0,0,1.0,1,1.0,1,1.0,1,0.21291426987122525,37
2705,2,4329,2189,2140,0,0,0,1.0,1,1.0,1,1.0,1,0.23725044756472008,36
2706,3,4332,2191,2141,0,0,0,1.0,1,1.0,1,1.0,1,0.26913200723298036,34
2707,2,4334,2192,2142,0,0,0,1.0,1,1.0,1,1.0,1,0.26136508657300256,36
2708,2,4336,2194,2142,0,0,0,1.0,1,1.0,1,1.0,1,0.25501327346186686,36
2709,2,4338,2196,2142,0,0,0,1.0,1,1.0,1,1.0,1,0.2617740174142361,33
2710,1,4339,2197,2142,0,0,0,1.0,1,1.0,1,1.0,1,0.28958722547399124,32
2711,1,4340,2198,2142,0,0,0,1.0,1,1.0,1,1.0,1,0.2091876050632496,29
2712,2,4342,2199,2143,0,0,0,1.0,1,1.0,1,1.0,1,0.2097057250371909,28
2713,0,4342,2199,2143,0,0,0,1.0,1,1.0,1,1.0,1,0.2744166968374509,28
2714,0,4342,2199,2143,0,0,0,1.0,1,1.0,1,1.0,1,0.2515676514869607,25
2715,2,4344,2201,2143,0,0,0,1.0,1,1.0,1,1.0,1,0.3486934096771644,24
2716,4,4348,2203,2145,0,0,0,1.0,1,1.0,1,1.0,1,0.4313310176473853,23
2717,3,4351,2204,2147,0,0,0,1.0,1,1.0,1,1.0,1,0.30717910314779606,24
2718,0,4351,2204,2147,0,0,0,1.0,1,1.0,1,1.0,1,0.30717910314779606,24
2719,1,4352,2204,2148,0,0,0,1.0,1,1.0,1,1.0,1,0.26192426540765407,25
2720,2,4354,2206,2148,0,0,0,1.0,1,1.0,1,1.0,1,0.26214400158897994,25
2721,2,4356,2208,2148,0,0,0,1.0,1,1.0,1,1.0,1,0.24054434548407952,26
2722,1,4357,2209,2148,0,0,0,1.0,1,1.0,1,1.0,1,0.25698622514590425,26
2723,1,4358,2210,2148,0,0,0,1.0,1,1.0,1,1.0,1,0.23913522968948406,26
2724,1,4359,2211,2148,0,0,0,1.0,1,1.0,1,1.0,1,0.27196746985707876,27
2725,1,4360,2212,2148,0,0,0,1.0,1,1.0,1,1.0,1,0.29746701082322,27
2726,1,4361,2212,2149,0,0,0,1.0,1,1.0,1,1.0,1,0.25595674783963274,28
2727,0,4361,2212,2149,0,0,0,1.0,1,1.0,1,1.0,1,0.25248761302606704,29
2728,0,4361,2212,2149,0,0,0,1.0,1,1.0,1,1.0,1,0.2542825062213676,28
2729,0,4361,2212,2149,0,0,0,1.0,1,1.0,1,1.0,1,0.2542825062213676,28
2730,1,4362,2212,2150,0,0,0,1.0,1,1.0,1,1.0,1,0.22361547798065215,29
2731,1,4363,2212,2151,0,0,0,1.0,1,1.0,1,1.0,1,0.24332591205256618,30
2732,1,4364,2213,2151,0,0,0,1.0,1,1.0,1,1.0,1,0.2553993543998686,29
2733,0,4364,2213,2151,0,0,0,1.0,1,1.0,1,1.0,1,0.2553993543998686,29
2734,0,4364,2213,2151,0,0,0,1.0,1,1.0,1,1.0,1,0.2553993543998686,29
2735,2,4366,2215,2151,0,0,0,1.0,1,1.0,1,1.0,1,0.33912590569693934,29
2736,2,4368,2215,2153,0,0,0,1.0,1,1.0,1,1.0,1,0.3110327620073347,30
2737,0,4368,2215,2153,0,0,0,1.0,1,1.0,1,1.0,1,0.3110327620073347,30
2738,3,4371,2218,2153,0,0,0,1.0,1,1.0,1,1.0,1,0.3458448632280423,29
2739,1,4372,2218,2154,0,0,0,1.0,1,1.0,1,1.0,1,0.3388681786405771,30
2740,1,4373,2219,2154,0,0,0,1.0,1,1.0,1,1.0,1,0.3663408391530261,29
2741,2,4375,2220,2155,0,0,0,1.0,1,1.0,1,1.0,1,0.34324998360496056,29
2742,2,4377,2221,2156,0,0,0,1.0,1,1.0,1,1.0,1,0.34191859364572114,29
2743,1,4378,2221,2157,0,0,0,1.0,1,1.0,1,1.0,1,0.3553702691660465,30
2744,3,4381,2223,2158,0,0,0,1.0,1,1.0,1,1.0,1,0.36198951064109225,28
2745,0,4381,2223,2158,0,0,0,1.0,1,1.0,1,1.0,1,0.3195059175015504,27
2746,1,4382,2224,2158,0,0,0,1.0,1,1.0,1,1.0,1,0.41803417452453717,26
2747,3,4385,2226,2159,0,0,0,1.0,1,1.0,1,1.0,1,0.45062628469700633,22
2748,2,4387,2226,2161,0,0,0,1.0,1,1.0,1,1.0,1,0.371514122968997,22
2749,0,4387,2226,2161,0,0,0,1.0,1,1.0,1,1.0,1,0.41180082109875993,20
2750,0,4387,2226,2161,0,0,0,1.0,1,1.0,1,1.0,1,0.42005813348067855,17
2751,0,4387,2226,2161,0,0,0,1.0,1,1.0,1,1.0,1,0.42005813348067855,17
2752,0,4387,2226,2161,0,0,0,1.0,1,1.0,1,1.0,1,0.41436624418045925,16
2753,0,4387,2226,2161,0,0,0,1.0,1,1.0,1,1.0,1,0.41436624418045925,16
2754,2,4389,2227,2162,0,0,0,1.0,1,1.0,1,1.0,1,0.42271023077664255,16
2755,1,4390,2228,2162,0,0,0,1.0,1,1.0,1,1.0,1,0.4704152748013327,16
2756,0,4390,2228,2162,0,0,0,1.0,1,1.0,1,1.0,1,0.4946986054579049,17
2757,1,4391,2229,2162,0,0,0,1.0,1,1.0,1,1.0,1,0.4723188406041765,18
2758,0,4391,2229,2162,0,0,0,1.0,1,1.0,1,1.0,1,0.4723188406041765,18
2759,0,4391,2229,2162,0,0,0,1.0,1,1.0,1,1.0,1,0.4909208084723363,19
2760,0,4391,2229,2162,0,0,0,1.0,1,1.0,1,1.0,1,0.4615046208849023,18
2761,0,4391,2229,2162,0,0,0,1.0,1,1.0,1,1.0,1,0.4615046208849023,18
2762,0,4391,2229,2162,0,0,0,1.0,1,1.0,1,1.0,1,0.4615046208849023,18
2763,0,4391,2229,2162,0,0,0,1.0,1,1.0,1,1.0,1,0.4615046208849023,18
2764,1,4392,2230,2162,0,0,0,1.0,1,1.0,1,1.0,1,0.4358986690671918,18
2765,1,4393,2231,2162,0,0,0,1.0,1,1.0,1,1.0,1,0.43172228150883396,18
2766,0,4393,2231,2162,0,0,0,1.0,1,1.0,1,1.0,1,0.43172228150883396,18
2767,0,4393,2231,2162,0,0,0,1.0,1,1.0,1,1.0,1,0.45792960965707247,17
2768,0,4393,2231,2162,0,0,0,1.0,1,1.0,1,1.0,1,0.45792960965707247,17
2769,0,4393,2231,2162,0,0,0,1.0,1,1.0,1,1.0,1,0.45792960965707247,17
2770,0,4393,2231,2162,0,0,0,1.0,1,1.0,1,1.0,1,0.45792960965707247,17
2771,0,4393,2231,2162,0,0,0,1.0,1,1.0,1,1.0,1,0.45792960965707247,17
2772,0,4393,2231,2162,0,0,0,1.0,1,1.0,1,1.0,1,0.45792960965707247,17
2773,1,4394,2232,2162,0,0,0,1.0,1,1.0,1,1.0,1,0.5334357498763603,17
2774,0,4394,2232,2162,0,0,0,1.0,1,1.0,1,1.0,1,0.4693360796784818,18
2775,3,4397,2234,2163,0,0,0,1.0,1,1.0,1,1.0,1,0.4258104710197158,20
2776,1,4398,2235,2163,0,0,0,1.0,1,1.0,1,1.0,1,0.43838009905295044,21
2777,1,4399,2236,2163,0,0,0,1.0,1,1.0,1,1.0,1,0.4500926922886841,21
2778,2,4401,2237,2164,0,0,0,1.0,1,1.0,1,1.0,1,0.4354011901959409,21
2779,2,4403,2238,2165,0,0,0,1.0,1,1.0,1,1.0,1,0.42209845854227873,22
2780,2,4405,2239,2166,0,0,0,1.0,1,1.0,1,1.0,1,0.47747406052293334,22
2781,1,4406,2239,2167,0,0,0,1.0,1,1.0,1,1.0,1,0.43926436131851543,22
2782,1,4407,2240,2167,0,0,0,1.0,1,1.0,1,1.0,1,0.41983655807780035,23
2783,0,4407,2240,2167,0,0,0,1.0,1,1.0,1,1.0,1,0.3986993804709264,22
2784,0,4407,2240,2167,0,0,0,1.0,1,1.0,1,1.0,1,0.378940399616344,21
2785,0,4407,2240,2167,0,0,0,1.0,1,1.0,1,1.0,1,0.32356220715868156,19
2786,1,4408,2241,2167,0,0,0,1.0,1,1.0,1,1.0,1,0.35285229565255527,19
2787,0,4408,2241,2167,0,0,0,1.0,1,1.0,1,1.0,1,0.32148503191255245,20
2788,1,4409,2242,2167,0,0,0,1.0,1,1.0,1,1.0,1,0.35252248160804533,20
2789,0,4409,2242,2167,0,0,0,1.0,1,1.0,1,1.0,1,0.34727254124145296,19
2790,0,4409,2242,2167,0,0,0,1.0,1,1.0,1,1.0,1,0.3344760909710013,20
2791,1,4410,2243,2167,0,0,0,1.0,1,1.0,1,1.0,1,0.39867940963687315,20
2792,1,4411,2243,2168,0,0,0,1.0,1,1.0,1,1.0,1,0.3344760909710013,20
2793,1,4412,2243,2169,0,0,0,1.0,1,1.0,1,1.0,1,0.33990785791358186,19
2794,0,4412,2243,2169,0,0,0,1.0,1,1.0,1,1.0,1,0.3605875800078866,20
2795,0,4412,2243,2169,0,0,0,1.0,1,1.0,1,1.0,1,0.357712857059602,21
2796,0,4412,2243,2169,0,0,0,1.0,1,1.0,1,1.0,1,0.35997504640200806,22
2797,0,4412,2243,2169,0,0,0,1.0,1,1.0,1,1.0,1,0.41850239140103834,21
2798,1,4413,2244,2169,0,0,0,1.0,1,1.0,1,1.0,1,0.4644864351431375,21
2799,0,4413,2244,2169,0,0,0,1.0,1,1.0,1,1.0,1,0.4576136012655946,20
2800,0,4413,2244,2169,0,0,0,1.0,1,1.0,1,1.0,1,0.4576136012655946,20
2801,0,4413,2244,2169,0,0,0,1.0,1,1.0,1,1.0,1,0.4576136012655946,20
2802,1,4414,2244,2170,0,0,0,1.0,1,1.0,1,1.0,1,0.4063984504082237,20
2803,0,4414,2244,2170,0,0,0,1.0,1,1.0,1,1.0,1,0.3918852475793096,21
2804,2,4416,2244,2172,0,0,0,1.0,1,1.0,1,1.0,1,0.3364926002761322,22
2805,1,4417,2245,2172,0,0,0,1.0,1,1.0,1,1.0,1,0.3138995307978123,22
2806,1,4418,2246,2172,0,0,0,1.0,1,1.0,1,1.0,1,0.35089652791063325,23
2807,4,4422,2249,2173,0,0,0,1.0,1,1.0,1,1.0,1,0.4412032600619603,24
2808,5,4427,2251,2176,0,0,0,1.0,1,1.0,1,1.0,1,0.37903305993408276,24
2809,1,4428,2251,2177,0,0,0,1.0,1,1.0,1,1.0,1,0.3470694751694005,26
2810,1,4429,2251,2178,0,0,0,1.0,1,1.0,1,1.0,1,0.25995286520898564,26
2811,0,4429,2251,2178,0,0,0,1.0,1,1.0,1,1.0,1,0.26058530511982436,27
2812,0,4429,2251,2178,0,0,0,1.0,1,1.0,1,1.0,1,0.26058530511982436,27
2813,0,4429,2251,2178,0,0,0,1.0,1,1.0,1,1.0,1,0.2451367343021122,28
2814,2,4431,2252,2179,0,0,0,1.0,1,1.0,1,1.0,1,0.27816058673234756,29
2815,1,4432,2252,2180,0,0,0,1.0,1,1.0,1,1.0,1,0.22668095656534898,30
2816,1,4433,2253,2180,0,0,0,1.0,1,1.0,1,1.0,1,0.19202363569210082,31
2817,0,4433,2253,2180,0,0,0,1.0,1,1.0,1,1.0,1,0.19202363569210082,31
2818,1,4434,2254,2180,0,0,0,1.0,1,1.0,1,1.0,1,0.20625996255809392,32
2819,0,4434,2254,2180,0,0,0,1.0,1,1.0,1,1.0,1,0.20625996255809392,32
2820,0,4434,2254,2180,0,0,0,1.0,1,1.0,1,1.0,1,0.22086948325852976,33
2821,1,4435,2254,2181,0,0,0,1.0,1,1.0,1,1.0,1,0.2300042727614957,34
2822,1,4436,2255,2181,0,0,0,1.0,1,1.0,1,1.0,1,0.23901759974126283,35
2823,1,4437,2256,2181,0,0,0,1.0,1,1.0,1,1.0,1,0.2592093654173549,31
2824,3,4440,2259,2181,0,0,0,1.0,1,1.0,1,1.0,1,0.39451916872013293,33
2825,2,4442,2259,2183,0,0,0,1.0,1,1.0,1,1.0,1,0.3004411945220055,31
2826,0,4442,2259,2183,0,0,0,1.0,1,1.0,1,1.0,1,0.3004411945220055,31
2827,2,4444,2260,2184,0,0,0,1.0,1,1.0,1,1.0,1,0.2698147062571354,32
2828,3,4447,2261,2186,0,0,0,1.0,1,1.0,1,1.0,1,0.2940860800105397,33
2829,3,4450,2262,2188,0,0,0,1.0,1,1.0,1,1.0,1,0.24582523414202853,33
2830,0,4450,2262,2188,0,0,0,1.0,1,1.0,1,1.0,1,0.268873261496087,32
2831,3,4453,2265,2188,0,0,0,1.0,1,1.0,1,1.0,1,0.412972872781726,31
2832,5,4458,2268,2190,0,0,0,1.0,1,1.0,1,1.0,1,0.3379861735601672,30
2833,3,4461,2270,2191,0,0,0,1.0,1,1.0,1,1.0,1,0.33006894247459917,29
2834,8,4469,2273,2196,0,0,0,1.0,1,1.0,1,1.0,1,0.2835362232175316,29
2835,1,4470,2274,2196,0,0,0,1.0,1,1.0,1,1.0,1,0.37337885600314574,27
2836,1,4471,2274,2197,0,0,0,1.0,1,1.0,1,1.0,1,0.35648264985813777,27
2837,1,4472,2274,2198,0,0,0,1.0,1,1.0,1,1.0,1,0.3224373481244108,28
2838,0,4472,2274,2198,0,0,0,1.0,1,1.0,1,1.0,1,0.3184600994566341,29
2839,0,4472,2274,2198,0,0,0,1.0,1,1.0,1,1.0,1,0.27622723482836714,29
2840,0,4472,2274,2198,0,0,0,1.0,1,1.0,1,1.0,1,0.27622723482836714,29
2841,3,4475,2275,2200,0,0,0,1.0,1,1.0,1,1.0,1,0.22515015682229234,31
2842,0,4475,2275,2200,0,0,0,1.0,1,1.0,1,1.0,1,0.21430585904860755,32
2843,0,4475,2275,2200,0,0,0,1.0,1,1.0,1,1.0,1,0.21430585904860755,32
2844,0,4475,2275,2200,0,0,0,1.0,1,1.0,1,1.0,1,0.20551450729366463,33
2845,2,4477,2277,2200,0,0,0,1.0,1,1.0,1,1.0,1,0.18918729986079064,34
2846,1,4478,2278,2200,0,0,0,1.0,1,1.0,1,1.0,1,0.2012399477402662,34
2847,1,4479,2279,2200,0,0,0,1.0,1,1.0,1,1.0,1,0.19832977568053473,35
2848,2,4481,2280,2201,0,0,0,1.0,1,1.0,1,1.0,1,0.20042301428603382,37
2849,0,4481,2280,2201,0,0,0,1.0,1,1.0,1,1.0,1,0.20042301428603382,37
2850,1,4482,2281,2201,0,0,0,1.0,1,1.0,1,1.0,1,0.1861737215029103,37
2851,1,4483,2282,2201,0,0,0,1.0,1,1.0,1,1.0,1,0.21534321196034015,38
2852,0,4483,2282,2201,0,0,0,1.0,1,1.0,1,1.0,1,0.21196427533211634,36
2853,2,4485,2282,2203,0,0,0,1.0,1,1.0,1,1.0,1,0.2284996630117223,36
2854,1,4486,2282,2204,0,0,0,1.0,1,1.0,1,1.0,1,0.23289284180710265,37
2855,0,4486,2282,2204,0,0,0,1.0,1,1.0,1,1.0,1,0.2534985168027483,37
2856,2,4488,2282,2206,0,0,0,1.0,1,1.0,1,1.0,1,0.1896993885965427,38
2857,1,4489,2283,2206,0,0,0,1.0,1,1.0,1,1.0,1,0.253013080643144,39
2858,4,4493,2284,2209,0,0,0,1.0,1,1.0,1,1.0,1,0.20194991358761316,39
2859,1,4494,2285,2209,0,0,0,1.0,1,1.0,1,1.0,1,0.22797071022642745,39
2860,1,4495,2285,2210,0,0,0,1.0,1,1.0,1,1.0,1,0.1996985624302576,40
2861,1,4496,2286,2210,0,0,0,1.0,1,1.0,1,1.0,1,0.1611556264050505,38
2862,7,4503,2292,2211,0,0,0,1.0,1,1.0,1,1.0,1,0.21321281981346013,38
2863,2,4505,2293,2212,0,0,0,1.0,1,1.0,1,1.0,1,0.20305372595600737,37
2864,6,4511,2298,2213,0,0,0,1.0,1,1.0,1,1.0,1,0.23950680286591647,35
2865,2,4513,2299,2214,0,0,0,1.0,1,1.0,1,1.0,1,0.2557455880664296,33
2866,1,4514,2300,2214,0,0,0,1.0,1,1.0,1,1.0,1,0.25126429270448913,31
2867,1,4515,2301,2214,0,0,0,1.0,1,1.0,1,1.0,1,0.2807094431851301,30
2868,2,4517,2303,2214,0,0,0,1.0,1,1.0,1,1.0,1,0.32025829878384754,31
2869,4,4521,2305,2216,0,0,0,1.0,1,1.0,1,1.0,1,0.3614341808356145,30
2870,1,4522,2305,2217,0,0,0,1.0,1,1.0,1,1.0,1,0.32300466676396994,26
2871,1,4523,2306,2217,0,0,0,1.0,1,1.0,1,1.0,1,0.3865050787208982,27
2872,0,4523,2306,2217,0,0,0,1.0,1,1.0,1,1.0,1,0.3665008694318222,25
2873,0,4523,2306,2217,0,0,0,1.0,1,1.0,1,1.0,1,0.35780039241586026,24
2874,1,4524,2306,2218,0,0,0,1.0,1,1.0,1,1.0,1,0.30547403515249105,25
2875,1,4525,2307,2218,0,0,0,1.0,1,1.0,1,1.0,1,0.3239538839277894,26
2876,2,4527,2308,2219,0,0,0,1.0,1,1.0,1,1.0,1,0.34162170974710077,28
2877,1,4528,2308,2220,0,0,0,1.0,1,1.0,1,1.0,1,0.3231224504031342,29
2878,2,4530,2308,2222,0,0,0,1.0,1,1.0,1,1.0,1,0.2227941769544193,31
2879,1,4531,2308,2223,0,0,0,1.0,1,1.0,1,1.0,1,0.21268700944794616,31
2880,0,4531,2308,2223,0,0,0,1.0,1,1.0,1,1.0,1,0.21304808105286896,32
2881,1,4532,2308,2224,0,0,0,1.0,1,1.0,1,1.0,1,0.2122897948992537,31
2882,0,4532,2308,2224,0,0,0,1.0,1,1.0,1,1.0,1,0.2122897948992537,31
2883,0,4532,2308,2224,0,0,0,1.0,1,1.0,1,1.0,1,0.25132432474588323,32
2884,1,4533,2309,2224,0,0,0,1.0,1,1.0,1,1.0,1,0.2731139516838497,32
2885,3,4536,2309,2227,0,0,0,1.0,1,1.0,1,1.0,1,0.22240577500556302,33
2886,2,4538,2311,2227,0,0,0,1.0,1,1.0,1,1.0,1,0.20932489220803308,34
2887,0,4538,2311,2227,0,0,0,1.0,1,1.0,1,1.0,1,0.22401508839321693,34
2888,2,4540,2313,2227,0,0,0,1.0,1,1.0,1,1.0,1,0.227437876297045,34
2889,1,4541,2314,2227,0,0,0,1.0,1,1.0,1,1.0,1,0.2691783735293344,37
2890,2,4543,2314,2229,0,0,0,1.0,1,1.0,1,1.0,1,0.22769265634441485,37
2891,2,4545,2315,2230,0,0,0,1.0,1,1.0,1,1.0,1,0.2584412657796538,37
2892,0,4545,2315,2230,0,0,0,1.0,1,1.0,1,1.0,1,0.2584412657796538,37
2893,1,4546,2316,2230,0,0,0,1.0,1,1.0,1,1.0,1,0.28404005798830423,38
2894,0,4546,2316,2230,0,0,0,1.0,1,1.0,1,1.0,1,0.2822706842280037,39
2895,2,4548,2317,2231,0,0,0,1.0,1,1.0,1,1.0,1,0.25572335165438387,40
2896,3,4551,2318,2233,0,0,0,1.0,1,1.0,1,1.0,1,0.24931252798139847,41
2897,2,4553,2319,2234,0,0,0,1.0,1,1.0,1,1.0,1,0.21447584486528873,41
2898,2,4555,2321,2234,0,0,0,1.0,1,1.0,1,1.0,1,0.2678257236527319,41
2899,1,4556,2322,2234,0,0,0,1.0,1,1.0,1,1.0,1,0.2742511922890618,39
2900,3,4559,2325,2234,0,0,0,1.0,1,1.0,1,1.0,1,0.3878029608847375,40
2901,0,4559,2325,2234,0,0,0,1.0,1,1.0,1,1.0,1,0.3516381349638167,40
2902,1,4560,2326,2234,0,0,0,1.0,1,1.0,1,1.0,1,0.35582231324625546,38
2903,0,4560,2326,2234,0,0,0,1.0,1,1.0,1,1.0,1,0.3249570743661033,36
2904,3,4563,2328,2235,0,0,0,1.0,1,1.0,1,1.0,1,0.343944708981544,36
2905,0,4563,2328,2235,0,0,0,1.0,1,1.0,1,1.0,1,0.32902066470575014,35
2906,1,4564,2328,2236,0,0,0,1.0,1,1.0,1,1.0,1,0.3265930933769568,36
2907,1,4565,2328,2237,0,0,0,1.0,1,1.0,1,1.0,1,0.32249900270223014,37
2908,2,4567,2329,2238,0,0,0,1.0,1,1.0,1,1.0,1,0.3470223395043291,38
2909,1,4568,2330,2238,0,0,0,1.0,1,1.0,1,1.0,1,0.37263140546297224,37
2910,2,4570,2330,2240,0,0,0,1.0,1,1.0,1,1.0,1,0.3179973672241712,37
2911,0,4570,2330,2240,0,0,0,1.0,1,1.0,1,1.0,1,0.3411282120732996,36
2912,3,4573,2332,2241,0,0,0,1.0,1,1.0,1,1.0,1,0.3848324574936746,36
2913,1,4574,2333,2241,0,0,0,1.0,1,1.0,1,1.0,1,0.36857273033435534,36
2914,1,4575,2334,2241,0,0,0,1.0,1,1.0,1,1.0,1,0.3932481092975626,38
2915,4,4579,2334,2245,0,0,0,1.0,1,1.0,1,1.0,1,0.30441665211922037,37
2916,2,4581,2334,2247,0,0,0,1.0,1,1.0,1,1.0,1,0.26743658636504536,39
2917,4,4585,2336,2249,0,0,0,1.0,1,1.0,1,1.0,1,0.2493953321909271,40
2918,3,4588,2339,2249,0,0,0,1.0,1,1.0,1,1.0,1,0.23697239742583034,40
2919,2,4590,2340,2250,0,0,0,1.0,1,1.0,1,1.0,1,0.21685317042272298,42
2920,0,4590,2340,2250,0,0,0,1.0,1,1.0,1,1.0,1,0.21685317042272298,42
2921,0,4590,2340,2250,0,0,0,1.0,1,1.0,1,1.0,1,0.21685317042272298,42
2922,0,4590,2340,2250,0,0,0,1.0,1,1.0,1,1.0,1,0.20014370930933895,43
2923,1,4591,2340,2251,0,0,0,1.0,1,1.0,1,1.0,1,0.207181372978792,45
2924,1,4592,2341,2251,0,0,0,1.0,1,1.0,1,1.0,1,0.21398124603479388,46
2925,0,4592,2341,2251,0,0,0,1.0,1,1.0,1,1.0,1,0.21398124603479388,46
2926,1,4593,2341,2252,0,0,0,1.0,1,1.0,1,1.0,1,0.1974332869423691,46
2927,2,4595,2342,2253,0,0,0,1.0,1,1.0,1,1.0,1,0.18955105232629044,48
2928,1,4596,2343,2253,0,0,0,1.0,1,1.0,1,1.0,1,0.2162402268535758,48
2929,0,4596,2343,2253,0,0,0,1.0,1,1.0,1,1.0,1,0.2162402268535758,48
2930,1,4597,2343,2254,0,0,0,1.0,1,1.0,1,1.0,1,0.2251480490526862,50
2931,1,4598,2344,2254,0,0,0,1.0,1,1.0,1,1.0,1,0.24537781716574159,51
2932,0,4598,2344,2254,0,0,0,1.0,1,1.0,1,1.0,1,0.2535025780510806,52
2933,0,4598,2344,2254,0,0,0,1.0,1,1.0,1,1.0,1,0.2614155180340327,53
2934,5,4603,2345,2258,0,0,0,1.0,1,1.0,1,1.0,1,0.2377063013930116,54
2935,1,4604,2345,2259,0,0,0,1.0,1,1.0,1,1.0,1,0.2428709276543441,53
2936,1,4605,2345,2260,0,0,0,1.0,1,1.0,1,1.0,1,0.23438502531730315,53
2937,1,4606,2346,2260,0,0,0,1.0,1,1.0,1,1.0,1,0.24477004191275725,51
2938,2,4608,2348,2260,0,0,0,1.0,1,1.0,1,1.0,1,0.2778885511640398,53
2939,3,4611,2349,2262,0,0,0,1.0,1,1.0,1,1.0,1,0.2513414812426411,52
2940,3,4614,2351,2263,0,0,0,1.0,1,1.0,1,1.0,1,0.29049894029528706,52
2941,0,4614,2351,2263,0,0,0,1.0,1,1.0,1,1.0,1,0.28351147680564887,50
2942,2,4616,2352,2264,0,0,0,1.0,1,1.0,1,1.0,1,0.29146881817751924,50
2943,1,4617,2353,2264,0,0,0,1.0,1,1.0,1,1.0,1,0.2854752569764907,49
2944,4,4621,2354,2267,0,0,0,1.0,1,1.0,1,1.0,1,0.23842762126833592,48
2945,2,4623,2354,2269,0,0,0,1.0,1,1.0,1,1.0,1,0.18570058652853416,48
2946,1,4624,2355,2269,0,0,0,1.0,1,1.0,1,1.0,1,0.1885207337126839,47
2947,1,4625,2356,2269,0,0,0,1.0,1,1.0,1,1.0,1,0.18378873346419072,47
2948,1,4626,2357,2269,0,0,0,1.0,1,1.0,1,1.0,1,0.21405560901718382,48
2949,2,4628,2357,2271,0,0,0,1.0,1,1.0,1,1.0,1,0.17052045408506414,48
2950,0,4628,2357,2271,0,0,0,1.0,1,1.0,1,1.0,1,0.17052045408506414,48
2951,1,4629,2357,2272,0,0,0,1.0,1,1.0,1,1.0,1,0.18247057440540454,50
2952,0,4629,2357,2272,0,0,0,1.0,1,1.0,1,1.0,1,0.18247057440540454,50
2953,1,4630,2358,2272,0,0,0,1.0,1,1.0,1,1.0,1,0.22121895901838914,51
2954,1,4631,2358,2273,0,0,0,1.0,1,1.0,1,1.0,1,0.19971978868764179,51
2955,0,4631,2358,2273,0,0,0,1.0,1,1.0,1,1.0,1,0.19971978868764179,51
2956,0,4631,2358,2273,0,0,0,1.0,1,1.0,1,1.0,1,0.19971978868764179,51
2957,0,4631,2358,2273,0,0,0,1.0,1,1.0,1,1.0,1,0.21088811340668454,52
2958,0,4631,2358,2273,0,0,0,1.0,1,1.0,1,1.0,1,0.21088811340668454,52
2959,1,4632,2359,2273,0,0,0,1.0,1,1.0,1,1.0,1,0.23439317235431198,53
2960,0,4632,2359,2273,0,0,0,1.0,1,1.0,1,1.0,1,0.22721162656409982,52
2961,2,4634,2360,2274,0,0,0,1.0,1,1.0,1,1.0,1,0.19783716921014124,53
2962,1,4635,2360,2275,0,0,0,1.0,1,1.0,1,1.0,1,0.20718205607082915,54
2963,2,4637,2362,2275,0,0,0,1.0,1,1.0,1,1.0,1,0.2522563390518313,55
2964,5,4642,2362,2280,0,0,0,1.0,1,1.0,1,1.0,1,0.1904572102007978,55
2965,1,4643,2362,2281,0,0,0,1.0,1,1.0,1,1.0,1,0.18442714637753738,55
2966,0,4643,2362,2281,0,0,0,1.0,1,1.0,1,1.0,1,0.18442714637753738,55
2967,3,4646,2362,2284,0,0,0,1.0,1,1.0,1,1.0,1,0.17945593289708175,56
2968,0,4646,2362,2284,0,0,0,1.0,1,1.0,1,1.0,1,0.17945593289708175,56
2969,0,4646,2362,2284,0,0,0,1.0,1,1.0,1,1.0,1,0.1929735780319528,55
2970,2,4648,2362,2286,0,0,0,1.0,1,1.0,1,1.0,1,0.18469588372452297,57
2971,1,4649,2363,2286,0,0,0,1.0,1,1.0,1,1.0,1,0.1812333042842017,56
2972,2,4651,2364,2287,0,0,0,1.0,1,1.0,1,1.0,1,0.18851946165135358,57
2973,2,4653,2366,2287,0,0,0,1.0,1,1.0,1,1.0,1,0.1994152018236527,59
2974,1,4654,2367,2287,0,0,0,1.0,1,1.0,1,1.0,1,0.20488419815566572,60
2975,3,4657,2369,2288,0,0,0,1.0,1,1.0,1,1.0,1,0.2516020873561827,58
2976,1,4658,2369,2289,0,0,0,1.0,1,1.0,1,1.0,1,0.2284792473488902,59
2977,3,4661,2370,2291,0,0,0,1.0,1,1.0,1,1.0,1,0.2306417850100229,59
2978,3,4664,2372,2292,0,0,0,1.0,1,1.0,1,1.0,1,0.2276329589630343,58
2979,0,4664,2372,2292,0,0,0,1.0,1,1.0,1,1.0,1,0.21798086973058478,57
2980,2,4666,2374,2292,0,0,0,1.0,1,1.0,1,1.0,1,0.2035196737655618,56
2981,3,4669,2375,2294,0,0,0,1.0,1,1.0,1,1.0,1,0.20407887997850074,56
2982,1,4670,2376,2294,0,0,0,1.0,1,1.0,1,1.0,1,0.21170250180004968,57
2983,4,4674,2379,2295,0,0,0,1.0,1,1.0,1,1.0,1,0.24025987226618403,57
2984,4,4678,2379,2299,0,0,0,1.0,1,1.0,1,1.0,1,0.18755518830302859,56
2985,0,4678,2379,2299,0,0,0,1.0,1,1.0,1,1.0,1,0.22210048743732516,55
2986,7,4685,2383,2302,0,0,0,1.0,1,1.0,1,1.0,1,0.23045133811532223,55
2987,5,4690,2383,2307,0,0,0,1.0,1,1.0,1,1.0,1,0.18526068960166137,51
2988,2,4692,2384,2308,0,0,0,1.0,1,1.0,1,1.0,1,0.17290065022585877,52
2989,1,4693,2385,2308,0,0,0,1.0,1,1.0,1,1.0,1,0.16588469241778964,50
2990,3,4696,2387,2309,0,0,0,1.0,1,1.0,1,1.0,1,0.15904686032464263,50
2991,1,4697,2387,2310,0,0,0,1.0,1,1.0,1,1.0,1,0.12693258354125375,50
2992,0,4697,2387,2310,0,0,0,1.0,1,1.0,1,1.0,1,0.12693258354125375,50
2993,3,4700,2388,2312,0,0,0,1.0,1,1.0,1,1.0,1,0.1334457856547015,51
2994,2,4702,2390,2312,0,0,0,1.0,1,1.0,1,1.0,1,0.18992492505456873,51
2995,0,4702,2390,2312,0,0,0,1.0,1,1.0,1,1.0,1,0.19048721260441248,51
2996,4,4706,2392,2314,0,0,0,1.0,1,1.0,1,1.0,1,0.18732940007480464,52
2997,0,4706,2392,2314,0,0,0,1.0,1,1.0,1,1.0,1,0.20819749379474795,52
2998,3,4709,2395,2314,0,0,0,1.0,1,1.0,1,1.0,1,0.21096057599865567,51
2999,1,4710,2395,2315,0,0,0,1.0,1,1.0,1,1.0,1,0.2022035559170688,51
3000,3,4713,2397,2316,0,0,0,1.0,1,1.0,1,1.0,1,0.19253534055741728,52
3001,1,4714,2397,2317,0,0,0,1.0,1,1.0,1,1.0,1,0.18348904152783324,52
3002,2,4716,2398,2318,0,0,0,1.0,1,1.0,1,1.0,1,0.21209765278613169,53
3003,0,4716,2398,2318,0,0,0,1.0,1,1.0,1,1.0,1,0.20236199934771174,54
3004,0,4716,2398,2318,0,0,0,1.0,1,1.0,1,1.0,1,0.20808786870606788,55
3005,0,4716,2398,2318,0,0,0,1.0,1,1.0,1,1.0,1,0.21913301996173246,56
3006,0,4716,2398,2318,0,0,0,1.0,1,1.0,1,1.0,1,0.21834055485525475,57
3007,1,4717,2398,2319,0,0,0,1.0,1,1.0,1,1.0,1,0.22559654249204067,58
3008,2,4719,2400,2319,0,0,0,1.0,1,1.0,1,1.0,1,0.2360212972319193,59
3009,2,4721,2400,2321,0,0,0,1.0,1,1.0,1,1.0,1,0.2149889660567787,59
3010,1,4722,2400,2322,0,0,0,1.0,1,1.0,1,1.0,1,0.2029455058752804,59
3011,1,4723,2400,2323,0,0,0,1.0,1,1.0,1,1.0,1,0.17902536105965408,59
3012,0,4723,2400,2323,0,0,0,1.0,1,1.0,1,1.0,1,0.18686036792205407,61
3013,1,4724,2401,2323,0,0,0,1.0,1,1.0,1,1.0,1,0.19480796449399745,59
3014,0,4724,2401,2323,0,0,0,1.0,1,1.0,1,1.0,1,0.2008495361397429,60
3015,1,4725,2402,2323,0,0,0,1.0,1,1.0,1,1.0,1,0.21951054292920014,58
3016,2,4727,2403,2324,0,0,0,1.0,1,1.0,1,1.0,1,0.26235153433413155,57
3017,6,4733,2407,2326,0,0,0,1.0,1,1.0,1,1.0,1,0.2486035834100366,58
3018,2,4735,2408,2327,0,0,0,1.0,1,1.0,1,1.0,1,0.2782120694085424,55
3019,2,4737,2408,2329,0,0,0,1.0,1,1.0,1,1.0,1,0.2648145642873374,56
3020,1,4738,2408,2330,0,0,0,1.0,1,1.0,1,1.0,1,0.30067076486101335,55
3021,3,4741,2410,2331,0,0,0,1.0,1,1.0,1,1.0,1,0.31666349551443695,55
3022,6,4747,2411,2336,0,0,0,1.0,1,1.0,1,1.0,1,0.24973783636635238,55
3023,0,4747,2411,2336,0,0,0,1.0,1,1.0,1,1.0,1,0.24350934112527955,54
3024,2,4749,2412,2337,0,0,0,1.0,1,1.0,1,1.0,1,0.2448213915628817,54
3025,5,4754,2415,2339,0,0,0,1.0,1,1.0,1,1.0,1,0.23903606216654766,54
3026,2,4756,2415,2341,0,0,0,1.0,1,1.0,1,1.0,1,0.15911904266378638,53
3027,3,4759,2417,2342,0,0,0,1.0,1,1.0,1,1.0,1,0.15651594743025585,53
3028,2,4761,2418,2343,0,0,0,1.0,1,1.0,1,1.0,1,0.14730847759253574,51
3029,1,4762,2419,2343,0,0,0,1.0,1,1.0,1,1.0,1,0.17040197159058385,51
3030,3,4765,2420,2345,0,0,0,1.0,1,1.0,1,1.0,1,0.18990678387142404,52
3031,3,4768,2422,2346,0,0,0,1.0,1,1.0,1,1.0,1,0.18605511133176172,51
3032,0,4768,2422,2346,0,0,0,1.0,1,1.0,1,1.0,1,0.1800717240511048,50
3033,2,4770,2423,2347,0,0,0,1.0,1,1.0,1,1.0,1,0.15886183071310234,52
3034,1,4771,2424,2347,0,0,0,1.0,1,1.0,1,1.0,1,0.17623052681434603,51
3035,2,4773,2424,2349,0,0,0,1.0,1,1.0,1,1.0,1,0.1411917357971689,51
3036,2,4775,2424,2351,0,0,0,1.0,1,1.0,1,1.0,1,0.11833444437438616,53
3037,0,4775,2424,2351,0,0,0,1.0,1,1.0,1,1.0,1,0.12445539078791885,52
3038,0,4775,2424,2351,0,0,0,1.0,1,1.0,1,1.0,1,0.12445539078791885,52
3039,0,4775,2424,2351,0,0,0,1.0,1,1.0,1,1.0,1,0.12591383492908786,54
3040,1,4776,2425,2351,0,0,0,1.0,1,1.0,1,1.0,1,0.11379987856800057,55
3041,2,4778,2426,2352,0,0,0,1.0,1,1.0,1,1.0,1,0.12668017302560627,56
3042,2,4780,2427,2353,0,0,0,1.0,1,1.0,1,1.0,1,0.12664060745824568,56
3043,1,4781,2427,2354,0,0,0,1.0,1,1.0,1,1.0,1,0.11271922205380756,57
3044,2,4783,2428,2355,0,0,0,1.0,1,1.0,1,1.0,1,0.12085206410419341,57
3045,1,4784,2428,2356,0,0,0,1.0,1,1.0,1,1.0,1,0.11547106669034782,56
3046,3,4787,2430,2357,0,0,0,1.0,1,1.0,1,1.0,1,0.14565099820845068,57
3047,2,4789,2430,2359,0,0,0,1.0,1,1.0,1,1.0,1,0.13415536278990495,56
3048,1,4790,2430,2360,0,0,0,1.0,1,1.0,1,1.0,1,0.13447862582180894,58
3049,2,4792,2430,2362,0,0,0,1.0,1,1.0,1,1.0,1,0.15605198902592785,59
3050,1,4793,2430,2363,0,0,0,1.0,1,1.0,1,1.0,1,0.1553707530973953,60
3051,5,4798,2432,2366,0,0,0,1.0,1,1.0,1,1.0,1,0.1699696298124247,59
3052,2,4800,2432,2368,0,0,0,1.0,1,1.0,1,1.0,1,0.15742682258643137,58
3053,2,4802,2434,2368,0,0,0,1.0,1,1.0,1,1.0,1,0.22279283901567629,57
3054,5,4807,2437,2370,0,0,0,1.0,1,1.0,1,1.0,1,0.2669750038042032,55
3055,4,4811,2437,2374,0,0,0,1.0,1,1.0,1,1.0,1,0.20667071599842918,54
3056,2,4813,2439,2374,0,0,0,1.0,1,1.0,1,1.0,1,0.25789677537805267,55
3057,1,4814,2439,2375,0,0,0,1.0,1,1.0,1,1.0,1,0.2524407501594572,54
3058,0,4814,2439,2375,0,0,0,1.0,1,1.0,1,1.0,1,0.2855378837393684,55
3059,0,4814,2439,2375,0,0,0,1.0,1,1.0,1,1.0,1,0.27624262001654243,56
3060,0,4814,2439,2375,0,0,0,1.0,1,1.0,1,1.0,1,0.27624262001654243,56
3061,0,4814,2439,2375,0,0,0,1.0,1,1.0,1,1.0,1,0.27624262001654243,56
3062,3,4817,2442,2375,0,0,0,1.0,1,1.0,1,1.0,1,0.31567836780554875,57
3063,3,4820,2443,2377,0,0,0,1.0,1,1.0,1,1.0,1,0.24315392295490734,55
3064,4,4824,2446,2378,0,0,0,1.0,1,1.0,1,1.0,1,0.2853178457469845,56
3065,1,4825,2447,2378,0,0,0,1.0,1,1.0,1,1.0,1,0.2811085320966795,55
3066,2,4827,2448,2379,0,0,0,1.0,1,1.0,1,1.0,1,0.2884964378358123,55
3067,3,4830,2449,2381,0,0,0,1.0,1,1.0,1,1.0,1,0.2811662110773869,54
3068,9,4839,2452,2387,0,0,0,1.0,1,1.0,1,1.0,1,0.27103350793681674,53
3069,3,4842,2453,2389,0,0,0,1.0,1,1.0,1,1.0,1,0.2514552013568221,51
3070,1,4843,2453,2390,0,0,0,1.0,1,1.0,1,1.0,1,0.2503973608142916,50
3071,1,4844,2453,2391,0,0,0,1.0,1,1.0,1,1.0,1,0.22108218751258044,51
3072,2,4846,2454,2392,0,0,0,1.0,1,1.0,1,1.0,1,0.2262768954912239,53
3073,0,4846,2454,2392,0,0,0,1.0,1,1.0,1,1.0,1,0.23387448100652586,51
3074,3,4849,2456,2393,0,0,0,1.0,1,1.0,1,1.0,1,0.23413777292196775,50
3075,2,4851,2457,2394,0,0,0,1.0,1,1.0,1,1.0,1,0.2543808455182988,52
3076,1,4852,2457,2395,0,0,0,1.0,1,1.0,1,1.0,1,0.2547441637504764,53
3077,0,4852,2457,2395,0,0,0,1.0,1,1.0,1,1.0,1,0.24825239986831585,52
3078,0,4852,2457,2395,0,0,0,1.0,1,1.0,1,1.0,1,0.2746981935575898,53
3079,1,4853,2458,2395,0,0,0,1.0,1,1.0,1,1.0,1,0.2864232550476032,53
3080,0,4853,2458,2395,0,0,0,1.0,1,1.0,1,1.0,1,0.3039699407837453,52
3081,3,4856,2459,2397,0,0,0,1.0,1,1.0,1,1.0,1,0.3067442842852156,54
3082,4,4860,2461,2399,0,0,0,1.0,1,1.0,1,1.0,1,0.3083096395695658,54
3083,0,4860,2461,2399,0,0,0,1.0,1,1.0,1,1.0,1,0.3083096395695658,54
3084,1,4861,2462,2399,0,0,0,1.0,1,1.0,1,1.0,1,0.3288389388528709,55
3085,0,4861,2462,2399,0,0,0,1.0,1,1.0,1,1.0,1,0.3288389388528709,55
3086,1,4862,2462,2400,0,0,0,1.0,1,1.0,1,1.0,1,0.3316684670740243,56
3087,0,4862,2462,2400,0,0,0,1.0,1,1.0,1,1.0,1,0.33863163067682944,57
3088,0,4862,2462,2400,0,0,0,1.0,1,1.0,1,1.0,1,0.3572501952276231,56
3089,1,4863,2463,2400,0,0,0,1.0,1,1.0,1,1.0,1,0.3334257636744354,55
3090,1,4864,2463,2401,0,0,0,1.0,1,1.0,1,1.0,1,0.33062140637719145,54
3091,0,4864,2463,2401,0,0,0,1.0,1,1.0,1,1.0,1,0.35012436988437784,53
3092,1,4865,2463,2402,0,0,0,1.0,1,1.0,1,1.0,1,0.32346691301309277,56
3093,1,4866,2464,2402,0,0,0,1.0,1,1.0,1,1.0,1,0.33693665063169015,56
3094,0,4866,2464,2402,0,0,0,1.0,1,1.0,1,1.0,1,0.34618429529455735,58
3095,3,4869,2464,2405,0,0,0,1.0,1,1.0,1,1.0,1,0.2915294528063419,59
3096,1,4870,2464,2406,0,0,0,1.0,1,1.0,1,1.0,1,0.2941422311498159,60
3097,2,4872,2465,2407,0,0,0,1.0,1,1.0,1,1.0,1,0.2889106982383353,60
3098,0,4872,2465,2407,0,0,0,1.0,1,1.0,1,1.0,1,0.30931778302352153,58
3099,1,4873,2465,2408,0,0,0,1.0,1,1.0,1,1.0,1,0.2924163178173835,57
3100,0,4873,2465,2408,0,0,0,1.0,1,1.0,1,1.0,1,0.2924163178173835,57
3101,4,4877,2468,2409,0,0,0,1.0,1,1.0,1,1.0,1,0.28661924211483475,58
3102,3,4880,2470,2410,0,0,0,1.0,1,1.0,1,1.0,1,0.3301500931343183,59
3103,2,4882,2471,2411,0,0,0,1.0,1,1.0,1,1.0,1,0.2910352098099982,58
3104,5,4887,2473,2414,0,0,0,1.0,1,1.0,1,1.0,1,0.2593855002270277,58
3105,2,4889,2474,2415,0,0,0,1.0,1,1.0,1,1.0,1,0.23910441959917575,56
3106,6,4895,2477,2418,0,0,0,1.0,1,1.0,1,1.0,1,0.22928826543628206,57
3107,3,4898,2479,2419,0,0,0,1.0,1,1.0,1,1.0,1,0.19428007712837478,55
3108,5,4903,2482,2421,0,0,0,1.0,1,1.0,1,1.0,1,0.18417669915964352,55
3109,2,4905,2483,2422,0,0,0,1.0,1,1.0,1,1.0,1,0.1602863538044924,54
3110,3,4908,2486,2422,0,0,0,1.0,1,1.0,1,1.0,1,0.15061839116025888,54
3111,1,4909,2487,2422,0,0,0,1.0,1,1.0,1,1.0,1,0.13902727772021506,54
3112,5,4914,2491,2423,0,0,0,1.0,1,1.0,1,1.0,1,0.16660874079218427,56
3113,3,4917,2494,2423,0,0,0,1.0,1,1.0,1,1.0,1,0.1832561106485844,55
3114,2,4919,2495,2424,0,0,0,1.0,1,1.0,1,1.0,1,0.17906490642876174,54
3115,1,4920,2495,2425,0,0,0,1.0,1,1.0,1,1.0,1,0.150082794449015,56
3116,2,4922,2496,2426,0,0,0,1.0,1,1.0,1,1.0,1,0.16778796494327883,56
3117,1,4923,2496,2427,0,0,0,1.0,1,1.0,1,1.0,1,0.2099963853526623,58
3118,1,4924,2497,2427,0,0,0,1.0,1,1.0,1,1.0,1,0.21811110549115822,57
3119,1,4925,2498,2427,0,0,0,1.0,1,1.0,1,1.0,1,0.2327387074838062,57
3120,0,4925,2498,2427,0,0,0,1.0,1,1.0,1,1.0,1,0.22475116604688272,56
3121,3,4928,2500,2428,0,0,0,1.0,1,1.0,1,1.0,1,0.2116802537928423,57
3122,1,4929,2500,2429,0,0,0,1.0,1,1.0,1,1.0,1,0.2024813664671615,57
3123,0,4929,2500,2429,0,0,0,1.0,1,1.0,1,1.0,1,0.2024813664671615,57
3124,1,4930,2500,2430,0,0,0,1.0,1,1.0,1,1.0,1,0.19092236703624166,59
3125,2,4932,2501,2431,0,0,0,1.0,1,1.0,1,1.0,1,0.18524656846466192,61
3126,1,4933,2502,2431,0,0,0,1.0,1,1.0,1,1.0,1,0.19465212609829285,60
3127,2,4935,2504,2431,0,0,0,1.0,1,1.0,1,1.0,1,0.21281486576348693,58
3128,6,4941,2506,2435,0,0,0,1.0,1,1.0,1,1.0,1,0.22906590610925803,58
3129,3,4944,2507,2437,0,0,0,1.0,1,1.0,1,1.0,1,0.20909784738443496,56
3130,1,4945,2507,2438,0,0,0,1.0,1,1.0,1,1.0,1,0.21748137378341206,56
3131,4,4949,2508,2441,0,0,0,1.0,1,1.0,1,1.0,1,0.23399533420289284,55
3132,2,4951,2508,2443,0,0,0,1.0,1,1.0,1,1.0,1,0.1856287652288281,53
3133,0,4951,2508,2443,0,0,0,1.0,1,1.0,1,1.0,1,0.1904701597503913,52
3134,1,4952,2509,2443,0,0,0,1.0,1,1.0,1,1.0,1,0.19057105279234116,52
3135,2,4954,2510,2444,0,0,0,1.0,1,1.0,1,1.0,1,0.17776839788982032,53
3136,5,4959,2512,2447,0,0,0,1.0,1,1.0,1,1.0,1,0.16541822684086227,54
3137,3,4962,2514,2448,0,0,0,1.0,1,1.0,1,1.0,1,0.16060805701994466,55
3138,4,4966,2516,2450,0,0,0,1.0,1,1.0,1,1.0,1,0.2077667598501827,57
3139,3,4969,2516,2453,0,0,0,1.0,1,1.0,1,1.0,1,0.14253380890138168,56
3140,0,4969,2516,2453,0,0,0,1.0,1,1.0,1,1.0,1,0.15279953103980934,56
3141,1,4970,2517,2453,0,0,0,1.0,1,1.0,1,1.0,1,0.15647158507081535,56
3142,1,4971,2518,2453,0,0,0,1.0,1,1.0,1,1.0,1,0.16333160835293017,56
3143,3,4974,2520,2454,0,0,0,1.0,1,1.0,1,1.0,1,0.1838509445869265,56
3144,1,4975,2520,2455,0,0,0,1.0,1,1.0,1,1.0,1,0.1444876829167382,54
3145,3,4978,2521,2457,0,0,0,1.0,1,1.0,1,1.0,1,0.13642417557111927,55
3146,2,4980,2522,2458,0,0,0,1.0,1,1.0,1,1.0,1,0.1230933135702174,53
3147,1,4981,2522,2459,0,0,0,1.0,1,1.0,1,1.0,1,0.11375206573931619,54
3148,1,4982,2523,2459,0,0,0,1.0,1,1.0,1,1.0,1,0.11885185493817561,54
3149,0,4982,2523,2459,0,0,0,1.0,1,1.0,1,1.0,1,0.11754328857773708,53
3150,1,4983,2523,2460,0,0,0,1.0,1,1.0,1,1.0,1,0.09475888537931314,53
3151,0,4983,2523,2460,0,0,0,1.0,1,1.0,1,1.0,1,0.10606134378084466,53
3152,0,4983,2523,2460,0,0,0,1.0,1,1.0,1,1.0,1,0.1061966367759316,54
3153,0,4983,2523,2460,0,0,0,1.0,1,1.0,1,1.0,1,0.12648895057784065,53
3154,1,4984,2524,2460,0,0,0,1.0,1,1.0,1,1.0,1,0.16364746103433753,55
3155,1,4985,2524,2461,0,0,0,1.0,1,1.0,1,1.0,1,0.14658581884144284,56
3156,0,4985,2524,2461,0,0,0,1.0,1,1.0,1,1.0,1,0.1730563561052265,56
3157,0,4985,2524,2461,0,0,0,1.0,1,1.0,1,1.0,1,0.1730563561052265,56
3158,0,4985,2524,2461,0,0,0,1.0,1,1.0,1,1.0,1,0.1802784103157352,57
3159,3,4988,2525,2463,0,0,0,1.0,1,1.0,1,1.0,1,0.16597659783670174,56
3160,4,4992,2526,2466,0,0,0,1.0,1,1.0,1,1.0,1,0.17869390900699053,58
3161,0,4992,2526,2466,0,0,0,1.0,1,1.0,1,1.0,1,0.16392200081073052,59
3162,1,4993,2527,2466,0,0,0,1.0,1,1.0,1,1.0,1,0.18489971328057542,59
3163,5,4998,2529,2469,0,0,0,1.0,1,1.0,1,1.0,1,0.210823202089629,59
3164,2,5000,2530,2470,0,0,0,1.0,1,1.0,1,1.0,1,0.22232413090658976,60
3165,2,5002,2530,2472,0,0,0,1.0,1,1.0,1,1.0,1,0.19216756490237583,58
3166,4,5006,2532,2474,0,0,0,1.0,1,1.0,1,1.0,1,0.18413292549995128,59
3167,6,5012,2536,2476,0,0,0,1.0,1,1.0,1,1.0,1,0.18748267239157826,57
3168,3,5015,2536,2479,0,0,0,1.0,1,1.0,1,1.0,1,0.1128479692875033,58
3169,1,5016,2537,2479,0,0,0,1.0,1,1.0,1,1.0,1,0.10978211189150995,57
3170,0,5016,2537,2479,0,0,0,1.0,1,1.0,1,1.0,1,0.09148823324259213,55
3171,0,5016,2537,2479,0,0,0,1.0,1,1.0,1,1.0,1,0.08912573833309746,56
3172,0,5016,2537,2479,0,0,0,1.0,1,1.0,1,1.0,1,0.08641103144020461,54
3173,2,5018,2539,2479,0,0,0,1.0,1,1.0,1,1.0,1,0.13502861127829252,53
3174,1,5019,2540,2479,0,0,0,1.0,1,1.0,1,1.0,1,0.16690167429590366,53
3175,3,5022,2540,2482,0,0,0,1.0,1,1.0,1,1.0,1,0.15938551514810226,52
3176,6,5028,2545,2483,0,0,0,1.0,1,1.0,1,1.0,1,0.20560766561301522,53
3177,3,5031,2546,2485,0,0,0,1.0,1,1.0,1,1.0,1,0.2016439669574643,52
3178,5,5036,2549,2487,0,0,0,1.0,1,1.0,1,1.0,1,0.22563271312547617,53
3179,2,5038,2549,2489,0,0,0,1.0,1,1.0,1,1.0,1,0.1572650730807687,54
3180,0,5038,2549,2489,0,0,0,1.0,1,1.0,1,1.0,1,0.17983849064618102,54
3181,0,5038,2549,2489,0,0,0,1.0,1,1.0,1,1.0,1,0.18507767635808295,55
3182,1,5039,2549,2490,0,0,0,1.0,1,1.0,1,1.0,1,0.18117777053657963,54
3183,2,5041,2550,2491,0,0,0,1.0,1,1.0,1,1.0,1,0.2120112649750916,56
3184,3,5044,2551,2493,0,0,0,1.0,1,1.0,1,1.0,1,0.20702031697139284,54
3185,1,5045,2552,2493,0,0,0,1.0,1,1.0,1,1.0,1,0.219338022609748,53
3186,3,5048,2554,2494,0,0,0,1.0,1,1.0,1,1.0,1,0.2450818133338789,52
3187,5,5053,2556,2497,0,0,0,1.0,1,1.0,1,1.0,1,0.18529211596425904,50
3188,2,5055,2558,2497,0,0,0,1.0,1,1.0,1,1.0,1,0.20465691964025637,50
3189,3,5058,2560,2498,0,0,0,1.0,1,1.0,1,1.0,1,0.23829136728776268,49
3190,4,5062,2561,2501,0,0,0,1.0,1,1.0,1,1.0,1,0.2321641115743549,50
3191,2,5064,2562,2502,0,0,0,1.0,1,1.0,1,1.0,1,0.24229324423306278,49
3192,0,5064,2562,2502,0,0,0,1.0,1,1.0,1,1.0,1,0.24229324423306278,49
3193,0,5064,2562,2502,0,0,0,1.0,1,1.0,1,1.0,1,0.24355192958543426,49
3194,5,5069,2565,2504,0,0,0,1.0,1,1.0,1,1.0,1,0.28725870677820736,50
3195,2,5071,2565,2506,0,0,0,1.0,1,1.0,1,1.0,1,0.2557083971844089,49
3196,1,5072,2565,2507,0,0,0,1.0,1,1.0,1,1.0,1,0.24891878850889568,49
3197,1,5073,2565,2508,0,0,0,1.0,1,1.0,1,1.0,1,0.20741657733517394,50
3198,2,5075,2565,2510,0,0,0,1.0,1,1.0,1,1.0,1,0.1615675214441797,50
3199,1,5076,2565,2511,0,0,0,1.0,1,1.0,1,1.0,1,0.1661612510556287,52
3200,1,5077,2565,2512,0,0,0,1.0,1,1.0,1,1.0,1,0.14285780753783106,53
3201,1,5078,2565,2513,0,0,0,1.0,1,1.0,1,1.0,1,0.1432692429419093,55
3202,0,5078,2565,2513,0,0,0,1.0,1,1.0,1,1.0,1,0.1432692429419093,55
3203,0,5078,2565,2513,0,0,0,1.0,1,1.0,1,1.0,1,0.1430476879706155,53
3204,1,5079,2565,2514,0,0,0,1.0,1,1.0,1,1.0,1,0.15915032553100678,53
3205,2,5081,2567,2514,0,0,0,1.0,1,1.0,1,1.0,1,0.2009548291223437,53
3206,0,5081,2567,2514,0,0,0,1.0,1,1.0,1,1.0,1,0.19828049226272834,52
3207,2,5083,2569,2514,0,0,0,1.0,1,1.0,1,1.0,1,0.25326961934364917,53
3208,1,5084,2569,2515,0,0,0,1.0,1,1.0,1,1.0,1,0.26809238764611915,51
3209,2,5086,2569,2517,0,0,0,1.0,1,1.0,1,1.0,1,0.2564530306177536,52
3210,1,5087,2569,2518,0,0,0,1.0,1,1.0,1,1.0,1,0.24891057788646279,49
3211,3,5090,2571,2519,0,0,0,1.0,1,1.0,1,1.0,1,0.22216108689967426,48
3212,2,5092,2571,2521,0,0,0,1.0,1,1.0,1,1.0,1,0.1975804447241998,48
3213,1,5093,2571,2522,0,0,0,1.0,1,1.0,1,1.0,1,0.1959269346389747,49
3214,2,5095,2573,2522,0,0,0,1.0,1,1.0,1,1.0,1,0.17026239897513368,51
3215,1,5096,2573,2523,0,0,0,1.0,1,1.0,1,1.0,1,0.15820964108257185,51
3216,2,5098,2575,2523,0,0,0,1.0,1,1.0,1,1.0,1,0.15747573510543766,51
3217,1,5099,2576,2523,0,0,0,1.0,1,1.0,1,1.0,1,0.17656835339134475,51
3218,0,5099,2576,2523,0,0,0,1.0,1,1.0,1,1.0,1,0.17656835339134475,51
3219,0,5099,2576,2523,0,0,0,1.0,1,1.0,1,1.0,1,0.1927394241317331,52
3220,0,5099,2576,2523,0,0,0,1.0,1,1.0,1,1.0,1,0.1927394241317331,52
3221,1,5100,2576,2524,0,0,0,1.0,1,1.0,1,1.0,1,0.17706103592416658,54
3222,0,5100,2576,2524,0,0,0,1.0,1,1.0,1,1.0,1,0.1735534222142097,54
3223,0,5100,2576,2524,0,0,0,1.0,1,1.0,1,1.0,1,0.1890653444019764,56
3224,1,5101,2577,2524,0,0,0,1.0,1,1.0,1,1.0,1,0.1998666812550771,57
3225,1,5102,2577,2525,0,0,0,1.0,1,1.0,1,1.0,1,0.21143984842201083,58
3226,0,5102,2577,2525,0,0,0,1.0,1,1.0,1,1.0,1,0.21143984842201083,58
3227,0,5102,2577,2525,0,0,0,1.0,1,1.0,1,1.0,1,0.21143984842201083,58
3228,0,5102,2577,2525,0,0,0,1.0,1,1.0,1,1.0,1,0.21143984842201083,58
3229,2,5104,2578,2526,0,0,0,1.0,1,1.0,1,1.0,1,0.23240463347872856,60
3230,2,5106,2578,2528,0,0,0,1.0,1,1.0,1,1.0,1,0.22110860323420622,61
3231,0,5106,2578,2528,0,0,0,1.0,1,1.0,1,1.0,1,0.22110860323420622,61
3232,0,5106,2578,2528,0,0,0,1.0,1,1.0,1,1.0,1,0.22110860323420622,61
3233,0,5106,2578,2528,0,0,0,1.0,1,1.0,1,1.0,1,0.2319246142259581,63
3234,4,5110,2579,2531,0,0,0,1.0,1,1.0,1,1.0,1,0.22006331888563493,64
3235,2,5112,2579,2533,0,0,0,1.0,1,1.0,1,1.0,1,0.1889949932005092,65
3236,0,5112,2579,2533,0,0,0,1.0,1,1.0,1,1.0,1,0.1965799732376589,66
3237,1,5113,2579,2534,0,0,0,1.0,1,1.0,1,1.0,1,0.18206447267645515,67
3238,0,5113,2579,2534,0,0,0,1.0,1,1.0,1,1.0,1,0.18206447267645515,67
3239,1,5114,2580,2534,0,0,0,1.0,1,1.0,1,1.0,1,0.1919807792719169,69
3240,1,5115,2580,2535,0,0,0,1.0,1,1.0,1,1.0,1,0.1876210583341656,69
3241,4,5119,2583,2536,0,0,0,1.0,1,1.0,1,1.0,1,0.17758477246655383,68
3242,3,5122,2584,2538,0,0,0,1.0,1,1.0,1,1.0,1,0.17254789768260184,67
3243,4,5126,2586,2540,0,0,0,1.0,1,1.0,1,1.0,1,0.18300367476104148,68
3244,1,5127,2586,2541,0,0,0,1.0,1,1.0,1,1.0,1,0.16462670302681898,68
3245,0,5127,2586,2541,0,0,0,1.0,1,1.0,1,1.0,1,0.17796583723096754,69
3246,1,5128,2587,2541,0,0,0,1.0,1,1.0,1,1.0,1,0.18116444625286546,68
3247,1,5129,2587,2542,0,0,0,1.0,1,1.0,1,1.0,1,0.17038432676662602,68
3248,4,5133,2589,2544,0,0,0,1.0,1,1.0,1,1.0,1,0.16272703038800113,68
3249,0,5133,2589,2544,0,0,0,1.0,1,1.0,1,1.0,1,0.16890356798581552,69
3250,1,5134,2590,2544,0,0,0,1.0,1,1.0,1,1.0,1,0.17520630890029718,69
3251,2,5136,2591,2545,0,0,0,1.0,1,1.0,1,1.0,1,0.18084264072956088,68
3252,0,5136,2591,2545,0,0,0,1.0,1,1.0,1,1.0,1,0.16759231846007708,68
3253,1,5137,2592,2545,0,0,0,1.0,1,1.0,1,1.0,1,0.17495361101088888,69
3254,2,5139,2592,2547,0,0,0,1.0,1,1.0,1,1.0,1,0.15408785406342915,69
3255,1,5140,2592,2548,0,0,0,1.0,1,1.0,1,1.0,1,0.16168411762500218,70
3256,1,5141,2592,2549,0,0,0,1.0,1,1.0,1,1.0,1,0.1482155154185805,70
3257,0,5141,2592,2549,0,0,0,1.0,1,1.0,1,1.0,1,0.15418746904957617,71
3258,2,5143,2594,2549,0,0,0,1.0,1,1.0,1,1.0,1,0.1591127463366379,72
3259,2,5145,2596,2549,0,0,0,1.0,1,1.0,1,1.0,1,0.17781588408596918,71
3260,3,5148,2596,2552,0,0,0,1.0,1,1.0,1,1.0,1,0.1558628653428055,72
3261,1,5149,2596,2553,0,0,0,1.0,1,1.0,1,1.0,1,0.16197758508675392,74
3262,0,5149,2596,2553,0,0,0,1.0,1,1.0,1,1.0,1,0.16929120389469285,73
3263,3,5152,2598,2554,0,0,0,1.0,1,1.0,1,1.0,1,0.1877216255424533,73
3264,2,5154,2600,2554,0,0,0,1.0,1,1.0,1,1.0,1,0.2266528438961364,71
3265,5,5159,2602,2557,0,0,0,1.0,1,1.0,1,1.0,1,0.18664936953005135,70
3266,2,5161,2604,2557,0,0,0,1.0,1,1.0,1,1.0,1,0.19049494300459735,69
3267,4,5165,2605,2560,0,0,0,1.0,1,1.0,1,1.0,1,0.1831246559131554,69
3268,6,5171,2608,2563,0,0,0,1.0,1,1.0,1,1.0,1,0.17857353632623404,68
3269,2,5173,2610,2563,0,0,0,1.0,1,1.0,1,1.0,1,0.21670569454203803,68
3270,0,5173,2610,2563,0,0,0,1.0,1,1.0,1,1.0,1,0.22576397698873987,67
3271,1,5174,2610,2564,0,0,0,1.0,1,1.0,1,1.0,1,0.2192931560590888,66
3272,0,5174,2610,2564,0,0,0,1.0,1,1.0,1,1.0,1,0.20799370683460264,67
3273,3,5177,2610,2567,0,0,0,1.0,1,1.0,1,1.0,1,0.18293873965751836,66
3274,1,5178,2611,2567,0,0,0,1.0,1,1.0,1,1.0,1,0.2050319417621562,68
3275,1,5179,2611,2568,0,0,0,1.0,1,1.0,1,1.0,1,0.19578405806432134,68
3276,1,5180,2611,2569,0,0,0,1.0,1,1.0,1,1.0,1,0.18965304544138156,69
3277,2,5182,2611,2571,0,0,0,1.0,1,1.0,1,1.0,1,0.18183095936057111,68
3278,1,5183,2611,2572,0,0,0,1.0,1,1.0,1,1.0,1,0.17944493352421034,69
3279,1,5184,2612,2572,0,0,0,1.0,1,1.0,1,1.0,1,0.1709785537279586,67
3280,1,5185,2613,2572,0,0,0,1.0,1,1.0,1,1.0,1,0.1923169579930938,66
3281,3,5188,2615,2573,0,0,0,1.0,1,1.0,1,1.0,1,0.21009396642619302,67
3282,2,5190,2616,2574,0,0,0,1.0,1,1.0,1,1.0,1,0.24730398159825,66
3283,5,5195,2617,2578,0,0,0,1.0,1,1.0,1,1.0,1,0.21106725411283192,67
3284,5,5200,2617,2583,0,0,0,1.0,1,1.0,1,1.0,1,0.13279292538109128,66
3285,2,5202,2617,2585,0,0,0,1.0,1,1.0,1,1.0,1,0.0969903133259605,66
3286,0,5202,2617,2585,0,0,0,1.0,1,1.0,1,1.0,1,0.12791419107687432,63
3287,1,5203,2618,2585,0,0,0,1.0,1,1.0,1,1.0,1,0.18246086935384295,61
3288,1,5204,2618,2586,0,0,0,1.0,1,1.0,1,1.0,1,0.19141856351690342,63
3289,1,5205,2619,2586,0,0,0,1.0,1,1.0,1,1.0,1,0.21833926554438404,62
3290,2,5207,2620,2587,0,0,0,1.0,1,1.0,1,1.0,1,0.20956101441919292,63
3291,2,5209,2621,2588,0,0,0,1.0,1,1.0,1,1.0,1,0.23338579487957634,62
3292,2,5211,2622,2589,0,0,0,1.0,1,1.0,1,1.0,1,0.2505018013338176,63
3293,3,5214,2623,2591,0,0,0,1.0,1,1.0,1,1.0,1,0.2555713553927087,65
3294,3,5217,2623,2594,0,0,0,1.0,1,1.0,1,1.0,1,0.21568314872055683,65
3295,2,5219,2625,2594,0,0,0,1.0,1,1.0,1,1.0,1,0.21558714107845883,65
3296,1,5220,2625,2595,0,0,0,1.0,1,1.0,1,1.0,1,0.20442352496694424,65
3297,2,5222,2626,2596,0,0,0,1.0,1,1.0,1,1.0,1,0.19203674370169918,66
3298,0,5222,2626,2596,0,0,0,1.0,1,1.0,1,1.0,1,0.19203674370169918,66
3299,0,5222,2626,2596,0,0,0,1.0,1,1.0,1,1.0,1,0.19585121864312266,67
3300,2,5224,2628,2596,0,0,0,1.0,1,1.0,1,1.0,1,0.21899905879301038,67
3301,1,5225,2628,2597,0,0,0,1.0,1,1.0,1,1.0,1,0.21433119644308338,68
3302,1,5226,2628,2598,0,0,0,1.0,1,1.0,1,1.0,1,0.21621099650244324,67
3303,1,5227,2629,2598,0,0,0,1.0,1,1.0,1,1.0,1,0.23046998699783583,67
3304,0,5227,2629,2598,0,0,0,1.0,1,1.0,1,1.0,1,0.23114660526931718,67
3305,3,5230,2629,2601,0,0,0,1.0,1,1.0,1,1.0,1,0.22129414455129315,69
3306,1,5231,2629,2602,0,0,0,1.0,1,1.0,1,1.0,1,0.2055138635824625,70
3307,1,5232,2629,2603,0,0,0,1.0,1,1.0,1,1.0,1,0.20287564369186148,70
3308,0,5232,2629,2603,0,0,0,1.0,1,1.0,1,1.0,1,0.20287564369186148,70
3309,0,5232,2629,2603,0,0,0,1.0,1,1.0,1,1.0,1,0.21801639044134663,72
3310,3,5235,2629,2606,0,0,0,1.0,1,1.0,1,1.0,1,0.21082588442049993,74
3311,2,5237,2629,2608,0,0,0,1.0,1,1.0,1,1.0,1,0.2010125609005877,74
3312,0,5237,2629,2608,0,0,0,1.0,1,1.0,1,1.0,1,0.2010125609005877,74
3313,4,5241,2629,2612,0,0,0,1.0,1,1.0,1,1.0,1,0.17615501394360478,75
3314,1,5242,2629,2613,0,0,0,1.0,1,1.0,1,1.0,1,0.17897468472498443,76
3315,2,5244,2630,2614,0,0,0,1.0,1,1.0,1,1.0,1,0.2035413848654546,75
3316,2,5246,2632,2614,0,0,0,1.0,1,1.0,1,1.0,1,0.21412480070036882,76
3317,2,5248,2634,2614,0,0,0,1.0,1,1.0,1,1.0,1,0.22941549674080555,73
3318,5,5253,2637,2616,0,0,0,1.0,1,1.0,1,1.0,1,0.240964431473513,72
3319,4,5257,2638,2619,0,0,0,1.0,1,1.0,1,1.0,1,0.2234195506983461,71
3320,1,5258,2638,2620,0,0,0,1.0,1,1.0,1,1.0,1,0.2101082390907092,70
3321,1,5259,2639,2620,0,0,0,1.0,1,1.0,1,1.0,1,0.2253477055691346,69
3322,1,5260,2640,2620,0,0,0,1.0,1,1.0,1,1.0,1,0.21766780827890464,68
3323,1,5261,2641,2620,0,0,0,1.0,1,1.0,1,1.0,1,0.2377988896633521,69
3324,1,5262,2642,2620,0,0,0,1.0,1,1.0,1,1.0,1,0.22316753998809155,69
3325,0,5262,2642,2620,0,0,0,1.0,1,1.0,1,1.0,1,0.22469804764921056,70
3326,3,5265,2644,2621,0,0,0,1.0,1,1.0,1,1.0,1,0.23781077507706277,69
3327,0,5265,2644,2621,0,0,0,1.0,1,1.0,1,1.0,1,0.23216614235070368,70
3328,4,5269,2645,2624,0,0,0,1.0,1,1.0,1,1.0,1,0.21950179072380824,73
3329,2,5271,2646,2625,0,0,0,1.0,1,1.0,1,1.0,1,0.24414694988699084,72
3330,1,5272,2647,2625,0,0,0,1.0,1,1.0,1,1.0,1,0.2503830865459637,72
3331,2,5274,2649,2625,0,0,0,1.0,1,1.0,1,1.0,1,0.2611976954880863,72
3332,1,5275,2649,2626,0,0,0,1.0,1,1.0,1,1.0,1,0.2586641604287201,73
3333,0,5275,2649,2626,0,0,0,1.0,1,1.0,1,1.0,1,0.2623387219173984,72
3334,1,5276,2649,2627,0,0,0,1.0,1,1.0,1,1.0,1,0.24720581268434075,73
3335,3,5279,2649,2630,0,0,0,1.0,1,1.0,1,1.0,1,0.22826053207615846,74
3336,0,5279,2649,2630,0,0,0,1.0,1,1.0,1,1.0,1,0.22826053207615846,74
3337,0,5279,2649,2630,0,0,0,1.0,1,1.0,1,1.0,1,0.22826053207615846,74
3338,0,5279,2649,2630,0,0,0,1.0,1,1.0,1,1.0,1,0.22826053207615846,74
3339,1,5280,2650,2630,0,0,0,1.0,1,1.0,1,1.0,1,0.23725677373240936,75
3340,0,5280,2650,2630,0,0,0,1.0,1,1.0,1,1.0,1,0.24652511068799035,75
3341,1,5281,2650,2631,0,0,0,1.0,1,1.0,1,1.0,1,0.25195302737836134,76
3342,2,5283,2650,2633,0,0,0,1.0,1,1.0,1,1.0,1,0.24605860554666675,76
3343,5,5288,2652,2636,0,0,0,1.0,1,1.0,1,1.0,1,0.22077717829268506,75
3344,4,5292,2653,2639,0,0,0,1.0,1,1.0,1,1.0,1,0.2224992413894844,75
3345,1,5293,2654,2639,0,0,0,1.0,1,1.0,1,1.0,1,0.23575133133819431,72
3346,4,5297,2655,2642,0,0,0,1.0,1,1.0,1,1.0,1,0.2332855538538097,73
3347,4,5301,2657,2644,0,0,0,1.0,1,1.0,1,1.0,1,0.2140356923847929,73
3348,1,5302,2657,2645,0,0,0,1.0,1,1.0,1,1.0,1,0.21532101288302308,73
3349,3,5305,2658,2647,0,0,0,1.0,1,1.0,1,1.0,1,0.2039332038971921,74
3350,3,5308,2660,2648,0,0,0,1.0,1,1.0,1,1.0,1,0.21078295024926033,73
3351,2,5310,2661,2649,0,0,0,1.0,1,1.0,1,1.0,1,0.20155117637731246,72
3352,2,5312,2661,2651,0,0,0,1.0,1,1.0,1,1.0,1,0.20110666615856904,72
3353,2,5314,2663,2651,0,0,0,1.0,1,1.0,1,1.0,1,0.23489345986056845,72
3354,3,5317,2665,2652,0,0,0,1.0,1,1.0,1,1.0,1,0.23003265288072863,70
3355,2,5319,2666,2653,0,0,0,1.0,1,1.0,1,1.0,1,0.23703716449999018,69
3356,2,5321,2668,2653,0,0,0,1.0,1,1.0,1,1.0,1,0.2432732904633068,69
3357,3,5324,2670,2654,0,0,0,1.0,1,1.0,1,1.0,1,0.2257131948381336,68
3358,0,5324,2670,2654,0,0,0,1.0,1,1.0,1,1.0,1,0.2257131948381336,68
3359,1,5325,2671,2654,0,0,0,1.0,1,1.0,1,1.0,1,0.2316140484631329,66
3360,2,5327,2673,2654,0,0,0,1.0,1,1.0,1,1.0,1,0.2745074759605636,65
3361,0,5327,2673,2654,0,0,0,1.0,1,1.0,1,1.0,1,0.255031011420215,64
3362,0,5327,2673,2654,0,0,0,1.0,1,1.0,1,1.0,1,0.255031011420215,64
3363,0,5327,2673,2654,0,0,0,1.0,1,1.0,1,1.0,1,0.26082885526510946,65
3364,0,5327,2673,2654,0,0,0,1.0,1,1.0,1,1.0,1,0.2654421078586655,66
3365,1,5328,2673,2655,0,0,0,1.0,1,1.0,1,1.0,1,0.2499818089930466,68
3366,2,5330,2674,2656,0,0,0,1.0,1,1.0,1,1.0,1,0.26087869292647303,66
3367,3,5333,2674,2659,0,0,0,1.0,1,1.0,1,1.0,1,0.24516195284901288,68
3368,3,5336,2676,2660,0,0,0,1.0,1,1.0,1,1.0,1,0.24406466443825342,68
3369,2,5338,2676,2662,0,0,0,1.0,1,1.0,1,1.0,1,0.2138768218340721,69
3370,0,5338,2676,2662,0,0,0,1.0,1,1.0,1,1.0,1,0.20625096910143004,71
3371,1,5339,2676,2663,0,0,0,1.0,1,1.0,1,1.0,1,0.19343655697972012,71
3372,2,5341,2677,2664,0,0,0,1.0,1,1.0,1,1.0,1,0.1841779876577628,71
3373,0,5341,2677,2664,0,0,0,1.0,1,1.0,1,1.0,1,0.18638371651626956,72
3374,0,5341,2677,2664,0,0,0,1.0,1,1.0,1,1.0,1,0.18459065329690882,72
3375,1,5342,2678,2664,0,0,0,1.0,1,1.0,1,1.0,1,0.19130455809145086,73
3376,0,5342,2678,2664,0,0,0,1.0,1,1.0,1,1.0,1,0.19352142853660934,75
3377,1,5343,2679,2664,0,0,0,1.0,1,1.0,1,1.0,1,0.2074131325149311,77
3378,0,5343,2679,2664,0,0,0,1.0,1,1.0,1,1.0,1,0.2074131325149311,77
3379,4,5347,2682,2665,0,0,0,1.0,1,1.0,1,1.0,1,0.239111658980004,77
3380,4,5351,2682,2669,0,0,0,1.0,1,1.0,1,1.0,1,0.2119515050016537,76
3381,2,5353,2684,2669,0,0,0,1.0,1,1.0,1,1.0,1,0.22886866295554745,76
3382,4,5357,2685,2672,0,0,0,1.0,1,1.0,1,1.0,1,0.22108577375029145,78
3383,1,5358,2685,2673,0,0,0,1.0,1,1.0,1,1.0,1,0.2085398037894185,77
3384,4,5362,2689,2673,0,0,0,1.0,1,1.0,1,1.0,1,0.24044668693807716,77
3385,2,5364,2690,2674,0,0,0,1.0,1,1.0,1,1.0,1,0.2210179310654328,75
3386,2,5366,2691,2675,0,0,0,1.0,1,1.0,1,1.0,1,0.23573428928108286,76
3387,1,5367,2692,2675,0,0,0,1.0,1,1.0,1,1.0,1,0.23438927822438418,75
3388,2,5369,2693,2676,0,0,0,1.0,1,1.0,1,1.0,1,0.24534997773961387,76
3389,1,5370,2693,2677,0,0,0,1.0,1,1.0,1,1.0,1,0.23895171805948892,77
3390,0,5370,2693,2677,0,0,0,1.0,1,1.0,1,1.0,1,0.233254511904518,76
3391,1,5371,2694,2677,0,0,0,1.0,1,1.0,1,1.0,1,0.2286218026483089,77
3392,3,5374,2694,2680,0,0,0,1.0,1,1.0,1,1.0,1,0.20347427894908626,78
3393,1,5375,2694,2681,0,0,0,1.0,1,1.0,1,1.0,1,0.19191835553594455,76
3394,4,5379,2695,2684,0,0,0,1.0,1,1.0,1,1.0,1,0.1997268534439544,75
3395,1,5380,2695,2685,0,0,0,1.0,1,1.0,1,1.0,1,0.19570330722684395,73
3396,1,5381,2695,2686,0,0,0,1.0,1,1.0,1,1.0,1,0.1852809282806326,73
3397,1,5382,2696,2686,0,0,0,1.0,1,1.0,1,1.0,1,0.17475790717659437,74
3398,1,5383,2697,2686,0,0,0,1.0,1,1.0,1,1.0,1,0.1748761958552893,74
3399,4,5387,2699,2688,0,0,0,1.0,1,1.0,1,1.0,1,0.16775282362245392,75
3400,5,5392,2700,2692,0,0,0,1.0,1,1.0,1,1.0,1,0.1367424376241316,75
3401,1,5393,2701,2692,0,0,0,1.0,1,1.0,1,1.0,1,0.1388295134728476,77
3402,1,5394,2702,2692,0,0,0,1.0,1,1.0,1,1.0,1,0.15288651874447215,77
3403,3,5397,2703,2694,0,0,0,1.0,1,1.0,1,1.0,1,0.1421369910599913,78
3404,1,5398,2704,2694,0,0,0,1.0,1,1.0,1,1.0,1,0.1468951481617308,78
3405,0,5398,2704,2694,0,0,0,1.0,1,1.0,1,1.0,1,0.1468951481617308,78
3406,1,5399,2705,2694,0,0,0,1.0,1,1.0,1,1.0,1,0.15678936616881284,78
3407,0,5399,2705,2694,0,0,0,1.0,1,1.0,1,1.0,1,0.1560847788375574,78
3408,0,5399,2705,2694,0,0,0,1.0,1,1.0,1,1.0,1,0.16079714001621861,79
3409,2,5401,2705,2696,0,0,0,1.0,1,1.0,1,1.0,1,0.1482879534787832,81
3410,1,5402,2705,2697,0,0,0,1.0,1,1.0,1,1.0,1,0.15230954738406408,82
3411,0,5402,2705,2697,0,0,0,1.0,1,1.0,1,1.0,1,0.1551230169051671,84
3412,0,5402,2705,2697,0,0,0,1.0,1,1.0,1,1.0,1,0.1551230169051671,84
3413,2,5404,2706,2698,0,0,0,1.0,1,1.0,1,1.0,1,0.1473902111863319,84
3414,0,5404,2706,2698,0,0,0,1.0,1,1.0,1,1.0,1,0.1473902111863319,84
3415,3,5407,2708,2699,0,0,0,1.0,1,1.0,1,1.0,1,0.15573841506296232,85
3416,0,5407,2708,2699,0,0,0,1.0,1,1.0,1,1.0,1,0.15573841506296232,85
3417,1,5408,2708,2700,0,0,0,1.0,1,1.0,1,1.0,1,0.1594045544627229,86
3418,3,5411,2710,2701,0,0,0,1.0,1,1.0,1,1.0,1,0.1770345873271277,86
3419,3,5414,2711,2703,0,0,0,1.0,1,1.0,1,1.0,1,0.17758523351764272,87
3420,0,5414,2711,2703,0,0,0,1.0,1,1.0,1,1.0,1,0.18260396992326208,88
3421,3,5417,2713,2704,0,0,0,1.0,1,1.0,1,1.0,1,0.18499989966166028,89
3422,4,5421,2713,2708,0,0,0,1.0,1,1.0,1,1.0,1,0.1686685604388662,90
3423,1,5422,2713,2709,0,0,0,1.0,1,1.0,1,1.0,1,0.1629029106084193,90
3424,1,5423,2714,2709,0,0,0,1.0,1,1.0,1,1.0,1,0.15338761335872378,91
3425,1,5424,2715,2709,0,0,0,1.0,1,1.0,1,1.0,1,0.16086005533688005,90
3426,3,5427,2717,2710,0,0,0,1.0,1,1.0,1,1.0,1,0.1640657539659025,92
3427,1,5428,2717,2711,0,0,0,1.0,1,1.0,1,1.0,1,0.17090084832901042,92
3428,1,5429,2717,2712,0,0,0,1.0,1,1.0,1,1.0,1,0.17340169323573457,91
3429,1,5430,2717,2713,0,0,0,1.0,1,1.0,1,1.0,1,0.17173559149432846,91
3430,2,5432,2719,2713,0,0,0,1.0,1,1.0,1,1.0,1,0.1856194163099409,91
3431,1,5433,2719,2714,0,0,0,1.0,1,1.0,1,1.0,1,0.17034628896754858,90
3432,3,5436,2721,2715,0,0,0,1.0,1,1.0,1,1.0,1,0.18383125941679496,91
3433,2,5438,2721,2717,0,0,0,1.0,1,1.0,1,1.0,1,0.17595495491742846,90
3434,0,5438,2721,2717,0,0,0,1.0,1,1.0,1,1.0,1,0.16739195608063354,89
3435,4,5442,2722,2720,0,0,0,1.0,1,1.0,1,1.0,1,0.1621892203321745,88
3436,1,5443,2722,2721,0,0,0,1.0,1,1.0,1,1.0,1,0.1563874003850878,86
3437,2,5445,2723,2722,0,0,0,1.0,1,1.0,1,1.0,1,0.15256855078080742,86
3438,2,5447,2723,2724,0,0,0,1.0,1,1.0,1,1.0,1,0.14708333274536603,87
3439,2,5449,2724,2725,0,0,0,1.0,1,1.0,1,1.0,1,0.16076714948457405,86
3440,1,5450,2724,2726,0,0,0,1.0,1,1.0,1,1.0,1,0.15175082728191547,86
3441,1,5451,2725,2726,0,0,0,1.0,1,1.0,1,1.0,1,0.15376126872713056,85
3442,2,5453,2725,2728,0,0,0,1.0,1,1.0,1,1.0,1,0.14319599639606015,85
3443,1,5454,2725,2729,0,0,0,1.0,1,1.0,1,1.0,1,0.14520904754519418,85
3444,1,5455,2726,2729,0,0,0,1.0,1,1.0,1,1.0,1,0.14550649260115986,85
3445,2,5457,2728,2729,0,0,0,1.0,1,1.0,1,1.0,1,0.171869860980291,84
3446,3,5460,2731,2729,0,0,0,1.0,1,1.0,1,1.0,1,0.21344807313238146,85
3447,3,5463,2732,2731,0,0,0,1.0,1,1.0,1,1.0,1,0.2012580568890853,85
3448,3,5466,2734,2732,0,0,0,1.0,1,1.0,1,1.0,1,0.21366794514869233,85
3449,1,5467,2734,2733,0,0,0,1.0,1,1.0,1,1.0,1,0.21706055005347907,84
3450,1,5468,2734,2734,0,0,0,1.0,1,1.0,1,1.0,1,0.21077734545983706,84
3451,1,5469,2734,2735,0,0,0,1.0,1,1.0,1,1.0,1,0.21127675299421783,85
3452,1,5470,2735,2735,0,0,0,1.0,1,1.0,1,1.0,1,0.20234179126692195,86
3453,1,5471,2735,2736,0,0,0,1.0,1,1.0,1,1.0,1,0.19715957235111933,85
3454,2,5473,2735,2738,0,0,0,1.0,1,1.0,1,1.0,1,0.1734910867453042,88
3455,0,5473,2735,2738,0,0,0,1.0,1,1.0,1,1.0,1,0.1734910867453042,88
3456,0,5473,2735,2738,0,0,0,1.0,1,1.0,1,1.0,1,0.1734910867453042,88
3457,1,5474,2736,2738,0,0,0,1.0,1,1.0,1,1.0,1,0.1860494417882862,89
3458,0,5474,2736,2738,0,0,0,1.0,1,1.0,1,1.0,1,0.18976715953071546,88
3459,0,5474,2736,2738,0,0,0,1.0,1,1.0,1,1.0,1,0.18976715953071546,88
3460,0,5474,2736,2738,0,0,0,1.0,1,1.0,1,1.0,1,0.18466035282239907,89
3461,0,5474,2736,2738,0,0,0,1.0,1,1.0,1,1.0,1,0.18466035282239907,89
3462,1,5475,2736,2739,0,0,0,1.0,1,1.0,1,1.0,1,0.18910091177651808,90
3463,2,5477,2736,2741,0,0,0,1.0,1,1.0,1,1.0,1,0.18111046621198293,89
3464,3,5480,2736,2744,0,0,0,1.0,1,1.0,1,1.0,1,0.16293252231002264,88
3465,5,5485,2736,2749,0,0,0,1.0,1,1.0,1,1.0,1,0.1584213464565957,87
3466,1,5486,2736,2750,0,0,0,1.0,1,1.0,1,1.0,1,0.15129245258644264,87
3467,2,5488,2737,2751,0,0,0,1.0,1,1.0,1,1.0,1,0.15679694874933783,87
3468,1,5489,2738,2751,0,0,0,1.0,1,1.0,1,1.0,1,0.18851394189968512,88
3469,4,5493,2739,2754,0,0,0,1.0,1,1.0,1,1.0,1,0.17796082530589175,85
3470,5,5498,2741,2757,0,0,0,1.0,1,1.0,1,1.0,1,0.1818511006409101,86
3471,8,5506,2743,2763,0,0,0,1.0,1,1.0,1,1.0,1,0.15702145864930184,84
3472,1,5507,2744,2763,0,0,0,1.0,1,1.0,1,1.0,1,0.16192035969723617,83
3473,0,5507,2744,2763,0,0,0,1.0,1,1.0,1,1.0,1,0.16722158019681344,81
3474,1,5508,2744,2764,0,0,0,1.0,1,1.0,1,1.0,1,0.14562818010382064,80
3475,1,5509,2745,2764,0,0,0,1.0,1,1.0,1,1.0,1,0.1711695960544594,82
3476,3,5512,2746,2766,0,0,0,1.0,1,1.0,1,1.0,1,0.15018838875927382,81
3477,3,5515,2748,2767,0,0,0,1.0,1,1.0,1,1.0,1,0.15864365111770334,83
3478,1,5516,2749,2767,0,0,0,1.0,1,1.0,1,1.0,1,0.16778198050592427,83
3479,2,5518,2750,2768,0,0,0,1.0,1,1.0,1,1.0,1,0.15143142710907226,83
3480,1,5519,2750,2769,0,0,0,1.0,1,1.0,1,1.0,1,0.14398524877321933,83
3481,4,5523,2753,2770,0,0,0,1.0,1,1.0,1,1.0,1,0.14786318129512466,83
3482,3,5526,2754,2772,0,0,0,1.0,1,1.0,1,1.0,1,0.15104885458349962,83
3483,3,5529,2756,2773,0,0,0,1.0,1,1.0,1,1.0,1,0.1566086060517733,82
3484,1,5530,2757,2773,0,0,0,1.0,1,1.0,1,1.0,1,0.1773806299542983,82
3485,0,5530,2757,2773,0,0,0,1.0,1,1.0,1,1.0,1,0.18514192035529195,83
3486,2,5532,2757,2775,0,0,0,1.0,1,1.0,1,1.0,1,0.16930345071530833,83
3487,0,5532,2757,2775,0,0,0,1.0,1,1.0,1,1.0,1,0.174867137123166,84
3488,0,5532,2757,2775,0,0,0,1.0,1,1.0,1,1.0,1,0.1761688995986406,84
3489,1,5533,2757,2776,0,0,0,1.0,1,1.0,1,1.0,1,0.1678473955398472,84
3490,0,5533,2757,2776,0,0,0,1.0,1,1.0,1,1.0,1,0.1678473955398472,84
3491,1,5534,2757,2777,0,0,0,1.0,1,1.0,1,1.0,1,0.1646473757725592,86
3492,2,5536,2758,2778,0,0,0,1.0,1,1.0,1,1.0,1,0.17110215418414781,86
3493,0,5536,2758,2778,0,0,0,1.0,1,1.0,1,1.0,1,0.17110215418414781,86
3494,0,5536,2758,2778,0,0,0,1.0,1,1.0,1,1.0,1,0.17110215418414781,86
3495,0,5536,2758,2778,0,0,0,1.0,1,1.0,1,1.0,1,0.1688997542815128,87
3496,2,5538,2758,2780,0,0,0,1.0,1,1.0,1,1.0,1,0.16525287939715683,88
3497,3,5541,2759,2782,0,0,0,1.0,1,1.0,1,1.0,1,0.17395196230832113,89
3498,5,5546,2759,2787,0,0,0,1.0,1,1.0,1,1.0,1,0.1446600562514535,89
3499,2,5548,2760,2788,0,0,0,1.0,1,1.0,1,1.0,1,0.13355145803604326,91
3500,2,5550,2761,2789,0,0,0,1.0,1,1.0,1,1.0,1,0.14077915686054676,90
3501,2,5552,2761,2791,0,0,0,1.0,1,1.0,1,1.0,1,0.12933866443795652,90
3502,1,5553,2761,2792,0,0,0,1.0,1,1.0,1,1.0,1,0.11524780085248662,91
3503,2,5555,2763,2792,0,0,0,1.0,1,1.0,1,1.0,1,0.12512457099003108,91
3504,3,5558,2766,2792,0,0,0,1.0,1,1.0,1,1.0,1,0.176505445617056,89
3505,4,5562,2767,2795,0,0,0,1.0,1,1.0,1,1.0,1,0.14479010981148327,87
3506,3,5565,2769,2796,0,0,0,1.0,1,1.0,1,1.0,1,0.1658970410413899,87
3507,4,5569,2772,2797,0,0,0,1.0,1,1.0,1,1.0,1,0.138520732606987,84
3508,2,5571,2773,2798,0,0,0,1.0,1,1.0,1,1.0,1,0.15068613453245905,83
3509,1,5572,2774,2798,0,0,0,1.0,1,1.0,1,1.0,1,0.1713860764893193,80
3510,1,5573,2775,2798,0,0,0,1.0,1,1.0,1,1.0,1,0.1707686802005092,78
3511,3,5576,2778,2798,0,0,0,1.0,1,1.0,1,1.0,1,0.16886888958290563,77
3512,1,5577,2778,2799,0,0,0,1.0,1,1.0,1,1.0,1,0.1695544192888932,74
3513,2,5579,2779,2800,0,0,0,1.0,1,1.0,1,1.0,1,0.17348376629967444,76
3514,1,5580,2780,2800,0,0,0,1.0,1,1.0,1,1.0,1,0.17571074306517454,76
3515,1,5581,2780,2801,0,0,0,1.0,1,1.0,1,1.0,1,0.16127098420940464,75
3516,2,5583,2781,2802,0,0,0,1.0,1,1.0,1,1.0,1,0.16750307093488956,73
3517,4,5587,2784,2803,0,0,0,1.0,1,1.0,1,1.0,1,0.18513812871670915,74
3518,1,5588,2784,2804,0,0,0,1.0,1,1.0,1,1.0,1,0.18867726422336628,74
3519,0,5588,2784,2804,0,0,0,1.0,1,1.0,1,1.0,1,0.2015025400266804,73
3520,2,5590,2784,2806,0,0,0,1.0,1,1.0,1,1.0,1,0.17924468493242357,74
3521,2,5592,2784,2808,0,0,0,1.0,1,1.0,1,1.0,1,0.17011821431954668,75
3522,0,5592,2784,2808,0,0,0,1.0,1,1.0,1,1.0,1,0.17011821431954668,75
3523,1,5593,2784,2809,0,0,0,1.0,1,1.0,1,1.0,1,0.1557272696564212,75
3524,1,5594,2785,2809,0,0,0,1.0,1,1.0,1,1.0,1,0.1442012094497896,75
3525,0,5594,2785,2809,0,0,0,1.0,1,1.0,1,1.0,1,0.15847185570477035,75
3526,1,5595,2786,2809,0,0,0,1.0,1,1.0,1,1.0,1,0.16131651695360716,76
3527,7,5602,2788,2814,0,0,0,1.0,1,1.0,1,1.0,1,0.18604084788129602,77
3528,4,5606,2789,2817,0,0,0,1.0,1,1.0,1,1.0,1,0.18777670155991705,77
3529,3,5609,2790,2819,0,0,0,1.0,1,1.0,1,1.0,1,0.17744164363693218,78
3530,0,5609,2790,2819,0,0,0,1.0,1,1.0,1,1.0,1,0.19417213650018372,78
3531,2,5611,2791,2820,0,0,0,1.0,1,1.0,1,1.0,1,0.2105941634613996,79
3532,2,5613,2792,2821,0,0,0,1.0,1,1.0,1,1.0,1,0.2305377365227305,79
3533,2,5615,2794,2821,0,0,0,1.0,1,1.0,1,1.0,1,0.25502338208984154,79
3534,6,5621,2796,2825,0,0,0,1.0,1,1.0,1,1.0,1,0.24339049053632372,80
3535,2,5623,2797,2826,0,0,0,1.0,1,1.0,1,1.0,1,0.2484709492134788,81
3536,2,5625,2797,2828,0,0,0,1.0,1,1.0,1,1.0,1,0.23089580490176811,82
3537,0,5625,2797,2828,0,0,0,1.0,1,1.0,1,1.0,1,0.23089580490176811,82
3538,0,5625,2797,2828,0,0,0,1.0,1,1.0,1,1.0,1,0.23675759176832684,83
3539,0,5625,2797,2828,0,0,0,1.0,1,1.0,1,1.0,1,0.23675759176832684,83
3540,1,5626,2798,2828,0,0,0,1.0,1,1.0,1,1.0,1,0.22179292942321877,85
3541,1,5627,2799,2828,0,0,0,1.0,1,1.0,1,1.0,1,0.22694673054427542,85
3542,5,5632,2801,2831,0,0,0,1.0,1,1.0,1,1.0,1,0.2028928315036739,88
3543,3,5635,2802,2833,0,0,0,1.0,1,1.0,1,1.0,1,0.19323815924050916,87
3544,0,5635,2802,2833,0,0,0,1.0,1,1.0,1,1.0,1,0.19238903694048876,87
3545,1,5636,2803,2833,0,0,0,1.0,1,1.0,1,1.0,1,0.197737246381432,85
3546,0,5636,2803,2833,0,0,0,1.0,1,1.0,1,1.0,1,0.18980877174773206,83
3547,1,5637,2803,2834,0,0,0,1.0,1,1.0,1,1.0,1,0.18071442484646213,82
3548,2,5639,2805,2834,0,0,0,1.0,1,1.0,1,1.0,1,0.1919766094324419,82
3549,1,5640,2806,2834,0,0,0,1.0,1,1.0,1,1.0,1,0.19150518131793628,81
3550,2,5642,2808,2834,0,0,0,1.0,1,1.0,1,1.0,1,0.20371249857256565,79
3551,4,5646,2810,2836,0,0,0,1.0,1,1.0,1,1.0,1,0.19671293125495104,80
3552,3,5649,2811,2838,0,0,0,1.0,1,1.0,1,1.0,1,0.19533321355918107,78
3553,0,5649,2811,2838,0,0,0,1.0,1,1.0,1,1.0,1,0.19566749887225296,79
3554,2,5651,2811,2840,0,0,0,1.0,1,1.0,1,1.0,1,0.18339128057064,77
3555,1,5652,2812,2840,0,0,0,1.0,1,1.0,1,1.0,1,0.19748365323263037,77
3556,2,5654,2812,2842,0,0,0,1.0,1,1.0,1,1.0,1,0.19237958642052108,76
3557,3,5657,2812,2845,0,0,0,1.0,1,1.0,1,1.0,1,0.17546564189382644,76
3558,3,5660,2813,2847,0,0,0,1.0,1,1.0,1,1.0,1,0.17450115204158312,76
3559,0,5660,2813,2847,0,0,0,1.0,1,1.0,1,1.0,1,0.17450115204158312,76
3560,2,5662,2814,2848,0,0,0,1.0,1,1.0,1,1.0,1,0.19119030461447833,78
3561,4,5666,2816,2850,0,0,0,1.0,1,1.0,1,1.0,1,0.17776701645575443,79
3562,2,5668,2818,2850,0,0,0,1.0,1,1.0,1,1.0,1,0.20172509951976267,79
3563,5,5673,2819,2854,0,0,0,1.0,1,1.0,1,1.0,1,0.17274809482354592,79
3564,3,5676,2820,2856,0,0,0,1.0,1,1.0,1,1.0,1,0.16183738629985323,80
3565,4,5680,2821,2859,0,0,0,1.0,1,1.0,1,1.0,1,0.1665843553270658,83
3566,3,5683,2823,2860,0,0,0,1.0,1,1.0,1,1.0,1,0.17762213718128353,84
3567,3,5686,2823,2863,0,0,0,1.0,1,1.0,1,1.0,1,0.1584176729164079,84
3568,1,5687,2824,2863,0,0,0,1.0,1,1.0,1,1.0,1,0.16780178549075805,84
3569,1,5688,2825,2863,0,0,0,1.0,1,1.0,1,1.0,1,0.1758014133307568,84
3570,5,5693,2826,2867,0,0,0,1.0,1,1.0,1,1.0,1,0.14224188605342708,87
3571,2,5695,2828,2867,0,0,0,1.0,1,1.0,1,1.0,1,0.18385978902025166,86
3572,3,5698,2829,2869,0,0,0,1.0,1,1.0,1,1.0,1,0.16459332132046467,87
3573,1,5699,2830,2869,0,0,0,1.0,1,1.0,1,1.0,1,0.17286603639808654,87
3574,1,5700,2831,2869,0,0,0,1.0,1,1.0,1,1.0,1,0.16605045089472878,88
3575,1,5701,2831,2870,0,0,0,1.0,1,1.0,1,1.0,1,0.1555894021660075,88
3576,1,5702,2832,2870,0,0,0,1.0,1,1.0,1,1.0,1,0.16321939840335836,90
3577,1,5703,2832,2871,0,0,0,1.0,1,1.0,1,1.0,1,0.15155895579285872,90
3578,1,5704,2832,2872,0,0,0,1.0,1,1.0,1,1.0,1,0.1502751623135049,91
3579,1,5705,2833,2872,0,0,0,1.0,1,1.0,1,1.0,1,0.15091416279995806,91
3580,1,5706,2833,2873,0,0,0,1.0,1,1.0,1,1.0,1,0.17100221301416374,91
3581,2,5708,2834,2874,0,0,0,1.0,1,1.0,1,1.0,1,0.161256676539977,91
3582,2,5710,2835,2875,0,0,0,1.0,1,1.0,1,1.0,1,0.16811372068154942,92
3583,3,5713,2836,2877,0,0,0,1.0,1,1.0,1,1.0,1,0.1453008539447245,88
3584,3,5716,2837,2879,0,0,0,1.0,1,1.0,1,1.0,1,0.1443809213823466,87
3585,4,5720,2840,2880,0,0,0,1.0,1,1.0,1,1.0,1,0.18380041145537132,84
3586,4,5724,2842,2882,0,0,0,1.0,1,1.0,1,1.0,1,0.189990444265744,83
3587,2,5726,2842,2884,0,0,0,1.0,1,1.0,1,1.0,1,0.18851877494698613,82
3588,4,5730,2845,2885,0,0,0,1.0,1,1.0,1,1.0,1,0.17923878846856292,81
3589,6,5736,2849,2887,0,0,0,1.0,1,1.0,1,1.0,1,0.17418224110713953,80
3590,3,5739,2850,2889,0,0,0,1.0,1,1.0,1,1.0,1,0.17517592987461889,78
3591,3,5742,2852,2890,0,0,0,1.0,1,1.0,1,1.0,1,0.16645453492703588,77
3592,3,5745,2853,2892,0,0,0,1.0,1,1.0,1,1.0,1,0.1682975333523724,75
3593,5,5750,2855,2895,0,0,0,1.0,1,1.0,1,1.0,1,0.17232818212879158,76
3594,2,5752,2855,2897,0,0,0,1.0,1,1.0,1,1.0,1,0.16133715949004918,74
3595,4,5756,2857,2899,0,0,0,1.0,1,1.0,1,1.0,1,0.16852705032719723,74
3596,0,5756,2857,2899,0,0,0,1.0,1,1.0,1,1.0,1,0.17076032621890805,73
3597,4,5760,2860,2900,0,0,0,1.0,1,1.0,1,1.0,1,0.17611543341723124,73
3598,2,5762,2861,2901,0,0,0,1.0,1,1.0,1,1.0,1,0.16572240706401972,73
3599,3,5765,2862,2903,0,0,0,1.0,1,1.0,1,1.0,1,0.15190416464539902,73
3600,0,5765,2862,2903,0,0,0,1.0,1,1.0,1,1.0,1,0.153113100064226,74
3601,0,5765,2862,2903,0,0,0,1.0,1,1.0,1,1.0,1,0.15064465828919169,75
3602,0,5765,2862,2903,0,0,0,1.0,1,1.0,1,1.0,1,0.13958520556257994,76
3603,4,5769,2864,2905,0,0,0,1.0,1,1.0,1,1.0,1,0.14332657582570504,77
3604,1,5770,2865,2905,0,0,0,1.0,1,1.0,1,1.0,1,0.16100166399868782,78
3605,2,5772,2866,2906,0,0,0,1.0,1,1.0,1,1.0,1,0.16132590097856006,77
3606,3,5775,2867,2908,0,0,0,1.0,1,1.0,1,1.0,1,0.14496063672303208,79
3607,1,5776,2867,2909,0,0,0,1.0,1,1.0,1,1.0,1,0.13984920587648553,79
3608,0,5776,2867,2909,0,0,0,1.0,1,1.0,1,1.0,1,0.13984920587648553,79
3609,0,5776,2867,2909,0,0,0,1.0,1,1.0,1,1.0,1,0.13984920587648553,79
3610,3,5779,2869,2910,0,0,0,1.0,1,1.0,1,1.0,1,0.15183194209082138,80
3611,1,5780,2869,2911,0,0,0,1.0,1,1.0,1,1.0,1,0.14817230185058947,80
3612,2,5782,2869,2913,0,0,0,1.0,1,1.0,1,1.0,1,0.13542325739953767,79
3613,3,5785,2871,2914,0,0,0,1.0,1,1.0,1,1.0,1,0.15028298112856928,79
3614,5,5790,2874,2916,0,0,0,1.0,1,1.0,1,1.0,1,0.14360661270883754,78
3615,2,5792,2874,2918,0,0,0,1.0,1,1.0,1,1.0,1,0.12099405190465204,79
3616,2,5794,2875,2919,0,0,0,1.0,1,1.0,1,1.0,1,0.13866313792669552,79
3617,2,5796,2877,2919,0,0,0,1.0,1,1.0,1,1.0,1,0.14569668700709135,80
3618,3,5799,2877,2922,0,0,0,1.0,1,1.0,1,1.0,1,0.12818770060221188,82
3619,2,5801,2877,2924,0,0,0,1.0,1,1.0,1,1.0,1,0.1297397051622107,82
3620,3,5804,2880,2924,0,0,0,1.0,1,1.0,1,1.0,1,0.15718573809448258,81
3621,1,5805,2880,2925,0,0,0,1.0,1,1.0,1,1.0,1,0.1613835072738385,83
3622,1,5806,2881,2925,0,0,0,1.0,1,1.0,1,1.0,1,0.15449072717758117,81
3623,2,5808,2883,2925,0,0,0,1.0,1,1.0,1,1.0,1,0.17265681942739158,81
3624,2,5810,2884,2926,0,0,0,1.0,1,1.0,1,1.0,1,0.17507909630157084,79
3625,5,5815,2886,2929,0,0,0,1.0,1,1.0,1,1.0,1,0.17295387054778125,80
3626,2,5817,2886,2931,0,0,0,1.0,1,1.0,1,1.0,1,0.16406698525035185,78
3627,4,5821,2886,2935,0,0,0,1.0,1,1.0,1,1.0,1,0.16158123045953948,78
3628,1,5822,2886,2936,0,0,0,1.0,1,1.0,1,1.0,1,0.1355809118347012,77
3629,0,5822,2886,2936,0,0,0,1.0,1,1.0,1,1.0,1,0.13202500459971192,76
3630,1,5823,2887,2936,0,0,0,1.0,1,1.0,1,1.0,1,0.1364056514421906,77
3631,1,5824,2888,2936,0,0,0,1.0,1,1.0,1,1.0,1,0.13642675870801255,75
3632,1,5825,2889,2936,0,0,0,1.0,1,1.0,1,1.0,1,0.15430835287454972,74
3633,3,5828,2891,2937,0,0,0,1.0,1,1.0,1,1.0,1,0.15579590860042827,75
3634,5,5833,2892,2941,0,0,0,1.0,1,1.0,1,1.0,1,0.13377280772530364,74
3635,3,5836,2893,2943,0,0,0,1.0,1,1.0,1,1.0,1,0.11880085108511657,74
3636,0,5836,2893,2943,0,0,0,1.0,1,1.0,1,1.0,1,0.13103726526393067,74
3637,0,5836,2893,2943,0,0,0,1.0,1,1.0,1,1.0,1,0.15056968566893034,74
3638,1,5837,2893,2944,0,0,0,1.0,1,1.0,1,1.0,1,0.148956032885995,75
3639,5,5842,2896,2946,0,0,0,1.0,1,1.0,1,1.0,1,0.15280742258708455,76
3640,3,5845,2896,2949,0,0,0,1.0,1,1.0,1,1.0,1,0.11702008765663702,76
3641,5,5850,2898,2952,0,0,0,1.0,1,1.0,1,1.0,1,0.12329735641740187,75
3642,3,5853,2900,2953,0,0,0,1.0,1,1.0,1,1.0,1,0.16254202260242226,75
3643,0,5853,2900,2953,0,0,0,1.0,1,1.0,1,1.0,1,0.1525152864384307,74
3644,1,5854,2901,2953,0,0,0,1.0,1,1.0,1,1.0,1,0.14667337132663094,74
3645,0,5854,2901,2953,0,0,0,1.0,1,1.0,1,1.0,1,0.14667337132663094,74
3646,0,5854,2901,2953,0,0,0,1.0,1,1.0,1,1.0,1,0.13829053213923964,75
3647,1,5855,2901,2954,0,0,0,1.0,1,1.0,1,1.0,1,0.1344685065395561,77
3648,0,5855,2901,2954,0,0,0,1.0,1,1.0,1,1.0,1,0.14098621791778063,78
3649,0,5855,2901,2954,0,0,0,1.0,1,1.0,1,1.0,1,0.15378008820105749,80
3650,2,5857,2902,2955,0,0,0,1.0,1,1.0,1,1.0,1,0.16196813795382503,81
3651,1,5858,2902,2956,0,0,0,1.0,1,1.0,1,1.0,1,0.1465554506564687,81
3652,3,5861,2903,2958,0,0,0,1.0,1,1.0,1,1.0,1,0.15433237953169443,83
3653,2,5863,2903,2960,0,0,0,1.0,1,1.0,1,1.0,1,0.13439166974252506,83
3654,0,5863,2903,2960,0,0,0,1.0,1,1.0,1,1.0,1,0.13439166974252506,83
3655,0,5863,2903,2960,0,0,0,1.0,1,1.0,1,1.0,1,0.12539563287853112,84
3656,1,5864,2903,2961,0,0,0,1.0,1,1.0,1,1.0,1,0.12431024451622728,85
3657,2,5866,2904,2962,0,0,0,1.0,1,1.0,1,1.0,1,0.12536999277636293,86
3658,0,5866,2904,2962,0,0,0,1.0,1,1.0,1,1.0,1,0.1295913722902309,87
3659,0,5866,2904,2962,0,0,0,1.0,1,1.0,1,1.0,1,0.14845714407616248,87
3660,1,5867,2904,2963,0,0,0,1.0,1,1.0,1,1.0,1,0.14153467197186398,86
3661,1,5868,2905,2963,0,0,0,1.0,1,1.0,1,1.0,1,0.16211864785416444,86
3662,2,5870,2905,2965,0,0,0,1.0,1,1.0,1,1.0,1,0.15730341708539738,83
3663,5,5875,2909,2966,0,0,0,1.0,1,1.0,1,1.0,1,0.19895144884890908,85
3664,3,5878,2911,2967,0,0,0,1.0,1,1.0,1,1.0,1,0.21291341446789905,82
3665,5,5883,2911,2972,0,0,0,1.0,1,1.0,1,1.0,1,0.16329747345098253,81
3666,3,5886,2913,2973,0,0,0,1.0,1,1.0,1,1.0,1,0.19587002867377812,79
3667,3,5889,2913,2976,0,0,0,1.0,1,1.0,1,1.0,1,0.17376572567587242,79
3668,2,5891,2914,2977,0,0,0,1.0,1,1.0,1,1.0,1,0.1573256827130674,77
3669,0,5891,2914,2977,0,0,0,1.0,1,1.0,1,1.0,1,0.15699423658247041,75
3670,2,5893,2916,2977,0,0,0,1.0,1,1.0,1,1.0,1,0.1513308048654265,76
3671,1,5894,2917,2977,0,0,0,1.0,1,1.0,1,1.0,1,0.13953966838111156,74
3672,2,5896,2918,2978,0,0,0,1.0,1,1.0,1,1.0,1,0.14435794893525516,75
3673,1,5897,2918,2979,0,0,0,1.0,1,1.0,1,1.0,1,0.13868593462912612,75
3674,4,5901,2921,2980,0,0,0,1.0,1,1.0,1,1.0,1,0.13748848806237263,75
3675,1,5902,2921,2981,0,0,0,1.0,1,1.0,1,1.0,1,0.13400215565058748,75
3676,1,5903,2922,2981,0,0,0,1.0,1,1.0,1,1.0,1,0.15141093594399418,75
3677,0,5903,2922,2981,0,0,0,1.0,1,1.0,1,1.0,1,0.15842688181108477,75
3678,0,5903,2922,2981,0,0,0,1.0,1,1.0,1,1.0,1,0.17607063259654457,77
3679,1,5904,2923,2981,0,0,0,1.0,1,1.0,1,1.0,1,0.19572784534378962,78
3680,2,5906,2923,2983,0,0,0,1.0,1,1.0,1,1.0,1,0.18474196219124142,80
3681,3,5909,2923,2986,0,0,0,1.0,1,1.0,1,1.0,1,0.17988009828612989,81
3682,0,5909,2923,2986,0,0,0,1.0,1,1.0,1,1.0,1,0.17988009828612989,81
3683,1,5910,2924,2986,0,0,0,1.0,1,1.0,1,1.0,1,0.19410156377744586,81
3684,0,5910,2924,2986,0,0,0,1.0,1,1.0,1,1.0,1,0.19410156377744586,81
3685,0,5910,2924,2986,0,0,0,1.0,1,1.0,1,1.0,1,0.19410156377744586,81
3686,0,5910,2924,2986,0,0,0,1.0,1,1.0,1,1.0,1,0.19410156377744586,81
3687,1,5911,2924,2987,0,0,0,1.0,1,1.0,1,1.0,1,0.18101431022408906,82
3688,2,5913,2924,2989,0,0,0,1.0,1,1.0,1,1.0,1,0.18881672128809207,84
3689,0,5913,2924,2989,0,0,0,1.0,1,1.0,1,1.0,1,0.18881672128809207,84
3690,2,5915,2924,2991,0,0,0,1.0,1,1.0,1,1.0,1,0.1838965998921127,85
3691,0,5915,2924,2991,0,0,0,1.0,1,1.0,1,1.0,1,0.18083521929064125,86
3692,0,5915,2924,2991,0,0,0,1.0,1,1.0,1,1.0,1,0.17773168485304117,86
3693,1,5916,2924,2992,0,0,0,1.0,1,1.0,1,1.0,1,0.17363693258104534,86
3694,0,5916,2924,2992,0,0,0,1.0,1,1.0,1,1.0,1,0.17363693258104534,86
3695,2,5918,2926,2992,0,0,0,1.0,1,1.0,1,1.0,1,0.2086834926449852,86
3696,1,5919,2926,2993,0,0,0,1.0,1,1.0,1,1.0,1,0.19084885211157412,87
3697,1,5920,2927,2993,0,0,0,1.0,1,1.0,1,1.0,1,0.19498417985594657,85
3698,2,5922,2928,2994,0,0,0,1.0,1,1.0,1,1.0,1,0.18933808361866689,85
3699,2,5924,2929,2995,0,0,0,1.0,1,1.0,1,1.0,1,0.17417223874829313,85
3700,4,5928,2931,2997,0,0,0,1.0,1,1.0,1,1.0,1,0.16949783593193457,84
3701,1,5929,2931,2998,0,0,0,1.0,1,1.0,1,1.0,1,0.1658556776333506,85
3702,2,5931,2933,2998,0,0,0,1.0,1,1.0,1,1.0,1,0.17114833616415706,85
3703,0,5931,2933,2998,0,0,0,1.0,1,1.0,1,1.0,1,0.17114833616415706,85
3704,3,5934,2935,2999,0,0,0,1.0,1,1.0,1,1.0,1,0.19919821562915596,85
3705,1,5935,2935,3000,0,0,0,1.0,1,1.0,1,1.0,1,0.18360293118369292,86
3706,1,5936,2936,3000,0,0,0,1.0,1,1.0,1,1.0,1,0.19362404373196843,86
3707,2,5938,2937,3001,0,0,0,1.0,1,1.0,1,1.0,1,0.1957246480221577,85
3708,1,5939,2937,3002,0,0,0,1.0,1,1.0,1,1.0,1,0.1750858725017366,84
3709,0,5939,2937,3002,0,0,0,1.0,1,1.0,1,1.0,1,0.17796905329711485,85
3710,0,5939,2937,3002,0,0,0,1.0,1,1.0,1,1.0,1,0.17326760083645612,84
3711,0,5939,2937,3002,0,0,0,1.0,1,1.0,1,1.0,1,0.17668269575248133,85
3712,0,5939,2937,3002,0,0,0,1.0,1,1.0,1,1.0,1,0.17668269575248133,85
3713,1,5940,2937,3003,0,0,0,1.0,1,1.0,1,1.0,1,0.173055274997453,85
3714,1,5941,2938,3003,0,0,0,1.0,1,1.0,1,1.0,1,0.19663696244104578,85
3715,2,5943,2939,3004,0,0,0,1.0,1,1.0,1,1.0,1,0.19145776949436163,85
3716,2,5945,2940,3005,0,0,0,1.0,1,1.0,1,1.0,1,0.1894970553010564,84
3717,3,5948,2940,3008,0,0,0,1.0,1,1.0,1,1.0,1,0.18111941382246458,86
3718,0,5948,2940,3008,0,0,0,1.0,1,1.0,1,1.0,1,0.19253394560343848,85
3719,1,5949,2941,3008,0,0,0,1.0,1,1.0,1,1.0,1,0.2006592147019798,84
3720,0,5949,2941,3008,0,0,0,1.0,1,1.0,1,1.0,1,0.22022338953665296,84
3721,5,5954,2945,3009,0,0,0,1.0,1,1.0,1,1.0,1,0.22698903190496866,85
3722,2,5956,2945,3011,0,0,0,1.0,1,1.0,1,1.0,1,0.21560149078421068,85
3723,5,5961,2946,3015,0,0,0,1.0,1,1.0,1,1.0,1,0.20277577197446703,85
3724,1,5962,2946,3016,0,0,0,1.0,1,1.0,1,1.0,1,0.18511471309027325,86
3725,2,5964,2947,3017,0,0,0,1.0,1,1.0,1,1.0,1,0.1776356875383226,86
3726,1,5965,2948,3017,0,0,0,1.0,1,1.0,1,1.0,1,0.1862931697865314,86
3727,0,5965,2948,3017,0,0,0,1.0,1,1.0,1,1.0,1,0.1862931697865314,86
3728,0,5965,2948,3017,0,0,0,1.0,1,1.0,1,1.0,1,0.1862931697865314,86
3729,1,5966,2948,3018,0,0,0,1.0,1,1.0,1,1.0,1,0.1799800312721677,86
3730,0,5966,2948,3018,0,0,0,1.0,1,1.0,1,1.0,1,0.1924802500886618,85
3731,0,5966,2948,3018,0,0,0,1.0,1,1.0,1,1.0,1,0.2026612205809154,86
3732,1,5967,2949,3018,0,0,0,1.0,1,1.0,1,1.0,1,0.2121922517688728,87
3733,2,5969,2950,3019,0,0,0,1.0,1,1.0,1,1.0,1,0.2167254299844217,87
3734,0,5969,2950,3019,0,0,0,1.0,1,1.0,1,1.0,1,0.2167254299844217,87
3735,3,5972,2951,3021,0,0,0,1.0,1,1.0,1,1.0,1,0.22131186107190215,86
3736,2,5974,2951,3023,0,0,0,1.0,1,1.0,1,1.0,1,0.1953427694617974,87
3737,3,5977,2952,3025,0,0,0,1.0,1,1.0,1,1.0,1,0.20132638124135058,87
3738,2,5979,2953,3026,0,0,0,1.0,1,1.0,1,1.0,1,0.1988465738723958,87
3739,1,5980,2953,3027,0,0,0,1.0,1,1.0,1,1.0,1,0.18984361586956777,88
3740,6,5986,2956,3030,0,0,0,1.0,1,1.0,1,1.0,1,0.2136488818857298,87
3741,3,5989,2956,3033,0,0,0,1.0,1,1.0,1,1.0,1,0.19455597404076957,87
3742,4,5993,2958,3035,0,0,0,1.0,1,1.0,1,1.0,1,0.17953352288937205,86
3743,1,5994,2958,3036,0,0,0,1.0,1,1.0,1,1.0,1,0.18224122605611795,84
3744,2,5996,2960,3036,0,0,0,1.0,1,1.0,1,1.0,1,0.20309268163881478,83
3745,2,5998,2960,3038,0,0,0,1.0,1,1.0,1,1.0,1,0.1811337808595843,83
3746,2,6000,2961,3039,0,0,0,1.0,1,1.0,1,1.0,1,0.2122249826529691,83
3747,2,6002,2962,3040,0,0,0,1.0,1,1.0,1,1.0,1,0.21732100966002563,81
3748,3,6005,2962,3043,0,0,0,1.0,1,1.0,1,1.0,1,0.20627809874036585,81
3749,2,6007,2962,3045,0,0,0,1.0,1,1.0,1,1.0,1,0.1966570893928539,80
3750,2,6009,2962,3047,0,0,0,1.0,1,1.0,1,1.0,1,0.19139526842908355,79
3751,5,6014,2965,3049,0,0,0,1.0,1,1.0,1,1.0,1,0.18150126094539495,80
3752,2,6016,2966,3050,0,0,0,1.0,1,1.0,1,1.0,1,0.1874943825043269,80
3753,3,6019,2969,3050,0,0,0,1.0,1,1.0,1,1.0,1,0.2125761005936783,81
3754,2,6021,2969,3052,0,0,0,1.0,1,1.0,1,1.0,1,0.21580383073105097,81
3755,2,6023,2969,3054,0,0,0,1.0,1,1.0,1,1.0,1,0.20522127941893303,80
3756,4,6027,2970,3057,0,0,0,1.0,1,1.0,1,1.0,1,0.18663480961307335,79
3757,0,6027,2970,3057,0,0,0,1.0,1,1.0,1,1.0,1,0.19512068618834516,80
3758,1,6028,2971,3057,0,0,0,1.0,1,1.0,1,1.0,1,0.21333487488442898,79
3759,3,6031,2972,3059,0,0,0,1.0,1,1.0,1,1.0,1,0.21170676806655636,79
3760,0,6031,2972,3059,0,0,0,1.0,1,1.0,1,1.0,1,0.21170676806655636,79
3761,0,6031,2972,3059,0,0,0,1.0,1,1.0,1,1.0,1,0.2259515035433979,78
3762,1,6032,2972,3060,0,0,0,1.0,1,1.0,1,1.0,1,0.22021904528333366,80
3763,0,6032,2972,3060,0,0,0,1.0,1,1.0,1,1.0,1,0.22021904528333366,80
3764,2,6034,2974,3060,0,0,0,1.0,1,1.0,1,1.0,1,0.24695642328991793,80
3765,3,6037,2975,3062,0,0,0,1.0,1,1.0,1,1.0,1,0.2502383001282663,81
3766,6,6043,2977,3066,0,0,0,1.0,1,1.0,1,1.0,1,0.2169993050997751,83
3767,1,6044,2978,3066,0,0,0,1.0,1,1.0,1,1.0,1,0.21127194144768013,83
3768,3,6047,2979,3068,0,0,0,1.0,1,1.0,1,1.0,1,0.20653157903205907,84
3769,2,6049,2979,3070,0,0,0,1.0,1,1.0,1,1.0,1,0.1729807340592167,86
3770,0,6049,2979,3070,0,0,0,1.0,1,1.0,1,1.0,1,0.17932385040589233,87
3771,1,6050,2980,3070,0,0,0,1.0,1,1.0,1,1.0,1,0.18102199610699193,87
3772,1,6051,2980,3071,0,0,0,1.0,1,1.0,1,1.0,1,0.18732938399609547,88
3773,2,6053,2980,3073,0,0,0,1.0,1,1.0,1,1.0,1,0.20445845633860976,85
3774,1,6054,2980,3074,0,0,0,1.0,1,1.0,1,1.0,1,0.20045462077708687,85
3775,2,6056,2981,3075,0,0,0,1.0,1,1.0,1,1.0,1,0.22304094300387117,83
3776,2,6058,2982,3076,0,0,0,1.0,1,1.0,1,1.0,1,0.23645206774830718,82
3777,4,6062,2983,3079,0,0,0,1.0,1,1.0,1,1.0,1,0.21687270843375053,81
3778,1,6063,2983,3080,0,0,0,1.0,1,1.0,1,1.0,1,0.21197792427360945,81
3779,3,6066,2985,3081,0,0,0,1.0,1,1.0,1,1.0,1,0.2219015634570486,80
3780,1,6067,2985,3082,0,0,0,1.0,1,1.0,1,1.0,1,0.21777499289426053,80
3781,0,6067,2985,3082,0,0,0,1.0,1,1.0,1,1.0,1,0.21777499289426053,80
3782,1,6068,2986,3082,0,0,0,1.0,1,1.0,1,1.0,1,0.23077563560241188,80
3783,4,6072,2987,3085,0,0,0,1.0,1,1.0,1,1.0,1,0.21480603078819033,80
3784,1,6073,2987,3086,0,0,0,1.0,1,1.0,1,1.0,1,0.2141638090705243,79
3785,2,6075,2987,3088,0,0,0,1.0,1,1.0,1,1.0,1,0.20755925241443823,77
3786,2,6077,2988,3089,0,0,0,1.0,1,1.0,1,1.0,1,0.19195034146115275,78
3787,2,6079,2989,3090,0,0,0,1.0,1,1.0,1,1.0,1,0.181016053037857,77
3788,1,6080,2989,3091,0,0,0,1.0,1,1.0,1,1.0,1,0.18078797371733532,78
3789,4,6084,2990,3094,0,0,0,1.0,1,1.0,1,1.0,1,0.17160051619892783,77
3790,2,6086,2991,3095,0,0,0,1.0,1,1.0,1,1.0,1,0.18253054691437567,77
3791,0,6086,2991,3095,0,0,0,1.0,1,1.0,1,1.0,1,0.18253054691437567,77
3792,0,6086,2991,3095,0,0,0,1.0,1,1.0,1,1.0,1,0.16776325486526958,78
3793,2,6088,2992,3096,0,0,0,1.0,1,1.0,1,1.0,1,0.18037218346586567,80
3794,2,6090,2992,3098,0,0,0,1.0,1,1.0,1,1.0,1,0.17001235063890388,82
3795,0,6090,2992,3098,0,0,0,1.0,1,1.0,1,1.0,1,0.17810361361071966,83
3796,3,6093,2994,3099,0,0,0,1.0,1,1.0,1,1.0,1,0.16673441417794227,83
3797,0,6093,2994,3099,0,0,0,1.0,1,1.0,1,1.0,1,0.1744584327712282,82
3798,2,6095,2995,3100,0,0,0,1.0,1,1.0,1,1.0,1,0.17465473199147097,82
3799,1,6096,2995,3101,0,0,0,1.0,1,1.0,1,1.0,1,0.1690319952883146,83
3800,2,6098,2996,3102,0,0,0,1.0,1,1.0,1,1.0,1,0.19408881138013226,83
3801,3,6101,2997,3104,0,0,0,1.0,1,1.0,1,1.0,1,0.17147329454804816,83
3802,0,6101,2997,3104,0,0,0,1.0,1,1.0,1,1.0,1,0.18643585549137845,82
3803,0,6101,2997,3104,0,0,0,1.0,1,1.0,1,1.0,1,0.19125363330856265,84
3804,1,6102,2997,3105,0,0,0,1.0,1,1.0,1,1.0,1,0.1817704882974643,84
3805,5,6107,2998,3109,0,0,0,1.0,1,1.0,1,1.0,1,0.18595239313429696,86
3806,3,6110,2998,3112,0,0,0,1.0,1,1.0,1,1.0,1,0.16464952853937212,86
3807,2,6112,2999,3113,0,0,0,1.0,1,1.0,1,1.0,1,0.17675555840950882,86
3808,0,6112,2999,3113,0,0,0,1.0,1,1.0,1,1.0,1,0.17808678979200904,85
3809,2,6114,3000,3114,0,0,0,1.0,1,1.0,1,1.0,1,0.18325900217323518,85
3810,1,6115,3001,3114,0,0,0,1.0,1,1.0,1,1.0,1,0.19121740300873763,85
3811,1,6116,3002,3114,0,0,0,1.0,1,1.0,1,1.0,1,0.20408318887589003,84
3812,0,6116,3002,3114,0,0,0,1.0,1,1.0,1,1.0,1,0.19879964486425866,83
3813,0,6116,3002,3114,0,0,0,1.0,1,1.0,1,1.0,1,0.18377797519468747,82
3814,2,6118,3004,3114,0,0,0,1.0,1,1.0,1,1.0,1,0.19085125017434956,81
3815,2,6120,3004,3116,0,0,0,1.0,1,1.0,1,1.0,1,0.16234489666819485,82
3816,2,6122,3005,3117,0,0,0,1.0,1,1.0,1,1.0,1,0.15684948263264603,81
3817,0,6122,3005,3117,0,0,0,1.0,1,1.0,1,1.0,1,0.15684948263264603,81
3818,3,6125,3007,3118,0,0,0,1.0,1,1.0,1,1.0,1,0.19325720564888876,81
3819,3,6128,3008,3120,0,0,0,1.0,1,1.0,1,1.0,1,0.19784252664800372,82
3820,5,6133,3008,3125,0,0,0,1.0,1,1.0,1,1.0,1,0.16778037990935712,84
3821,2,6135,3009,3126,0,0,0,1.0,1,1.0,1,1.0,1,0.1842513814259667,84
3822,2,6137,3009,3128,0,0,0,1.0,1,1.0,1,1.0,1,0.171598335095931,82
3823,3,6140,3012,3128,0,0,0,1.0,1,1.0,1,1.0,1,0.17678590627062732,81
3824,1,6141,3013,3128,0,0,0,1.0,1,1.0,1,1.0,1,0.193228559995889,78
3825,2,6143,3013,3130,0,0,0,1.0,1,1.0,1,1.0,1,0.1866313160889087,76
3826,1,6144,3013,3131,0,0,0,1.0,1,1.0,1,1.0,1,0.20281149168629006,76
3827,0,6144,3013,3131,0,0,0,1.0,1,1.0,1,1.0,1,0.20791744942300283,75
3828,1,6145,3013,3132,0,0,0,1.0,1,1.0,1,1.0,1,0.21162716207367158,74
3829,3,6148,3013,3135,0,0,0,1.0,1,1.0,1,1.0,1,0.20964658324430716,74
3830,3,6151,3014,3137,0,0,0,1.0,1,1.0,1,1.0,1,0.1888558245395536,74
3831,5,6156,3017,3139,0,0,0,1.0,1,1.0,1,1.0,1,0.20858093532403804,74
3832,3,6159,3017,3142,0,0,0,1.0,1,1.0,1,1.0,1,0.18789116432931294,73
3833,2,6161,3019,3142,0,0,0,1.0,1,1.0,1,1.0,1,0.20037953853685692,73
3834,2,6163,3020,3143,0,0,0,1.0,1,1.0,1,1.0,1,0.20105533115721613,74
3835,1,6164,3021,3143,0,0,0,1.0,1,1.0,1,1.0,1,0.22193343656357634,75
3836,1,6165,3021,3144,0,0,0,1.0,1,1.0,1,1.0,1,0.21164656724910186,75
3837,2,6167,3022,3145,0,0,0,1.0,1,1.0,1,1.0,1,0.24947577480081887,78
3838,4,6171,3024,3147,0,0,0,1.0,1,1.0,1,1.0,1,0.23975881956577205,78
3839,5,6176,3024,3152,0,0,0,1.0,1,1.0,1,1.0,1,0.20220995110776951,79
3840,3,6179,3025,3154,0,0,0,1.0,1,1.0,1,1.0,1,0.2056916335036075,82
3841,0,6179,3025,3154,0,0,0,1.0,1,1.0,1,1.0,1,0.2056916335036075,82
3842,0,6179,3025,3154,0,0,0,1.0,1,1.0,1,1.0,1,0.2032641153930409,82
3843,1,6180,3025,3155,0,0,0,1.0,1,1.0,1,1.0,1,0.1907216443436044,82
3844,0,6180,3025,3155,0,0,0,1.0,1,1.0,1,1.0,1,0.18987503371343165,83
3845,0,6180,3025,3155,0,0,0,1.0,1,1.0,1,1.0,1,0.19340593260155337,84
3846,1,6181,3025,3156,0,0,0,1.0,1,1.0,1,1.0,1,0.19310228056230053,85
3847,2,6183,3025,3158,0,0,0,1.0,1,1.0,1,1.0,1,0.19077422953487497,84
3848,3,6186,3028,3158,0,0,0,1.0,1,1.0,1,1.0,1,0.220311420712221,84
3849,2,6188,3028,3160,0,0,0,1.0,1,1.0,1,1.0,1,0.18674038910910373,83
3850,2,6190,3028,3162,0,0,0,1.0,1,1.0,1,1.0,1,0.18992405278609234,80
3851,1,6191,3028,3163,0,0,0,1.0,1,1.0,1,1.0,1,0.17459103768273915,80
3852,0,6191,3028,3163,0,0,0,1.0,1,1.0,1,1.0,1,0.1924304124108333,79
3853,1,6192,3029,3163,0,0,0,1.0,1,1.0,1,1.0,1,0.20088018053525752,79
3854,3,6195,3031,3164,0,0,0,1.0,1,1.0,1,1.0,1,0.2363618084469146,78
3855,3,6198,3032,3166,0,0,0,1.0,1,1.0,1,1.0,1,0.24528081729248202,78
3856,2,6200,3033,3167,0,0,0,1.0,1,1.0,1,1.0,1,0.2641484870424826,80
3857,2,6202,3033,3169,0,0,0,1.0,1,1.0,1,1.0,1,0.23865460538266542,81
3858,1,6203,3034,3169,0,0,0,1.0,1,1.0,1,1.0,1,0.246348350281987,81
3859,1,6204,3034,3170,0,0,0,1.0,1,1.0,1,1.0,1,0.2525305700959769,83
3860,3,6207,3035,3172,0,0,0,1.0,1,1.0,1,1.0,1,0.2581673382965517,82
3861,3,6210,3036,3174,0,0,0,1.0,1,1.0,1,1.0,1,0.27154242166191245,84
3862,12,6222,3040,3182,0,0,0,1.0,1,1.0,1,1.0,1,0.2293448728648192,85
3863,0,6222,3040,3182,0,0,0,1.0,1,1.0,1,1.0,1,0.2272124530625208,84
3864,1,6223,3041,3182,0,0,0,1.0,1,1.0,1,1.0,1,0.22454008190858601,83
3865,2,6225,3042,3183,0,0,0,1.0,1,1.0,1,1.0,1,0.2185300586914301,82
3866,1,6226,3042,3184,0,0,0,1.0,1,1.0,1,1.0,1,0.20857143718300972,81
3867,4,6230,3045,3185,0,0,0,1.0,1,1.0,1,1.0,1,0.21093247870564236,81
3868,1,6231,3046,3185,0,0,0,1.0,1,1.0,1,1.0,1,0.2128748475873187,81
3869,3,6234,3048,3186,0,0,0,1.0,1,1.0,1,1.0,1,0.22362405006221936,81
3870,3,6237,3048,3189,0,0,0,1.0,1,1.0,1,1.0,1,0.1790459706274809,80
3871,1,6238,3049,3189,0,0,0,1.0,1,1.0,1,1.0,1,0.18444655626460477,82
3872,0,6238,3049,3189,0,0,0,1.0,1,1.0,1,1.0,1,0.17561836486361174,81
3873,0,6238,3049,3189,0,0,0,1.0,1,1.0,1,1.0,1,0.17561836486361174,81
3874,2,6240,3050,3190,0,0,0,1.0,1,1.0,1,1.0,1,0.175528973572774,78
3875,0,6240,3050,3190,0,0,0,1.0,1,1.0,1,1.0,1,0.1752780451531725,77
3876,4,6244,3052,3192,0,0,0,1.0,1,1.0,1,1.0,1,0.15996749932008897,78
3877,3,6247,3052,3195,0,0,0,1.0,1,1.0,1,1.0,1,0.1512963242063944,75
3878,2,6249,3054,3195,0,0,0,1.0,1,1.0,1,1.0,1,0.14861241633127853,75
3879,0,6249,3054,3195,0,0,0,1.0,1,1.0,1,1.0,1,0.16396308156967493,73
3880,0,6249,3054,3195,0,0,0,1.0,1,1.0,1,1.0,1,0.16500810076773603,74
3881,1,6250,3055,3195,0,0,0,1.0,1,1.0,1,1.0,1,0.19070097983686743,75
3882,2,6252,3055,3197,0,0,0,1.0,1,1.0,1,1.0,1,0.18318495646702793,76
3883,1,6253,3055,3198,0,0,0,1.0,1,1.0,1,1.0,1,0.17318038712811185,77
3884,4,6257,3056,3201,0,0,0,1.0,1,1.0,1,1.0,1,0.16394757932564147,78
3885,3,6260,3056,3204,0,0,0,1.0,1,1.0,1,1.0,1,0.12306193146709866,78
3886,3,6263,3057,3206,0,0,0,1.0,1,1.0,1,1.0,1,0.11874727230508521,79
3887,1,6264,3058,3206,0,0,0,1.0,1,1.0,1,1.0,1,0.13369279720558055,78
3888,2,6266,3059,3207,0,0,0,1.0,1,1.0,1,1.0,1,0.15909905846474365,80
3889,3,6269,3059,3210,0,0,0,1.0,1,1.0,1,1.0,1,0.13392816989265788,82
3890,3,6272,3061,3211,0,0,0,1.0,1,1.0,1,1.0,1,0.12220299258880378,82
3891,4,6276,3065,3211,0,0,0,1.0,1,1.0,1,1.0,1,0.14049748110524463,85
3892,2,6278,3066,3212,0,0,0,1.0,1,1.0,1,1.0,1,0.15293238620430685,87
3893,2,6280,3066,3214,0,0,0,1.0,1,1.0,1,1.0,1,0.12536239094267743,86
3894,0,6280,3066,3214,0,0,0,1.0,1,1.0,1,1.0,1,0.13125573934754578,87
3895,1,6281,3067,3214,0,0,0,1.0,1,1.0,1,1.0,1,0.14480759534371235,87
3896,0,6281,3067,3214,0,0,0,1.0,1,1.0,1,1.0,1,0.1496265285879216,85
3897,2,6283,3069,3214,0,0,0,1.0,1,1.0,1,1.0,1,0.1629669302582894,85
3898,6,6289,3072,3217,0,0,0,1.0,1,1.0,1,1.0,1,0.17290620034273485,86
3899,3,6292,3074,3218,0,0,0,1.0,1,1.0,1,1.0,1,0.17755190816765615,86
3900,1,6293,3074,3219,0,0,0,1.0,1,1.0,1,1.0,1,0.16969018447939915,86
3901,2,6295,3075,3220,0,0,0,1.0,1,1.0,1,1.0,1,0.17041154100343792,86
3902,0,6295,3075,3220,0,0,0,1.0,1,1.0,1,1.0,1,0.16829189202496728,87
3903,1,6296,3075,3221,0,0,0,1.0,1,1.0,1,1.0,1,0.15698631183419814,87
3904,1,6297,3076,3221,0,0,0,1.0,1,1.0,1,1.0,1,0.15616163501834643,85
3905,0,6297,3076,3221,0,0,0,1.0,1,1.0,1,1.0,1,0.15115460555465465,84
3906,3,6300,3078,3222,0,0,0,1.0,1,1.0,1,1.0,1,0.1517936491257971,86
3907,3,6303,3080,3223,0,0,0,1.0,1,1.0,1,1.0,1,0.14927467849348952,84
3908,3,6306,3081,3225,0,0,0,1.0,1,1.0,1,1.0,1,0.1470293813705289,83
3909,4,6310,3082,3228,0,0,0,1.0,1,1.0,1,1.0,1,0.13955088708131502,81
3910,4,6314,3085,3229,0,0,0,1.0,1,1.0,1,1.0,1,0.14180646582271902,82
3911,1,6315,3085,3230,0,0,0,1.0,1,1.0,1,1.0,1,0.13135066414791194,81
3912,1,6316,3085,3231,0,0,0,1.0,1,1.0,1,1.0,1,0.11567227811669199,80
3913,4,6320,3088,3232,0,0,0,1.0,1,1.0,1,1.0,1,0.13073044398405176,80
3914,2,6322,3090,3232,0,0,0,1.0,1,1.0,1,1.0,1,0.142236261048017,81
3915,3,6325,3092,3233,0,0,0,1.0,1,1.0,1,1.0,1,0.1359329120894739,81
3916,4,6329,3093,3236,0,0,0,1.0,1,1.0,1,1.0,1,0.14794112574085921,81
3917,3,6332,3095,3237,0,0,0,1.0,1,1.0,1,1.0,1,0.1438478448486742,82
3918,4,6336,3097,3239,0,0,0,1.0,1,1.0,1,1.0,1,0.16571750333306837,85
3919,2,6338,3098,3240,0,0,0,1.0,1,1.0,1,1.0,1,0.17624101874516032,85
3920,2,6340,3099,3241,0,0,0,1.0,1,1.0,1,1.0,1,0.1709539313308844,85
3921,3,6343,3100,3243,0,0,0,1.0,1,1.0,1,1.0,1,0.14174727839655207,88
3922,0,6343,3100,3243,0,0,0,1.0,1,1.0,1,1.0,1,0.14174727839655207,88
3923,0,6343,3100,3243,0,0,0,1.0,1,1.0,1,1.0,1,0.13311803386326979,89
3924,0,6343,3100,3243,0,0,0,1.0,1,1.0,1,1.0,1,0.13916404714179495,90
3925,2,6345,3102,3243,0,0,0,1.0,1,1.0,1,1.0,1,0.14274871686834523,88
3926,2,6347,3103,3244,0,0,0,1.0,1,1.0,1,1.0,1,0.15328092857181558,89
3927,0,6347,3103,3244,0,0,0,1.0,1,1.0,1,1.0,1,0.15558931349982294,89
3928,1,6348,3103,3245,0,0,0,1.0,1,1.0,1,1.0,1,0.17599803121076907,88
3929,1,6349,3103,3246,0,0,0,1.0,1,1.0,1,1.0,1,0.1702781883190387,88
3930,2,6351,3103,3248,0,0,0,1.0,1,1.0,1,1.0,1,0.14591245671915384,87
3931,5,6356,3105,3251,0,0,0,1.0,1,1.0,1,1.0,1,0.1431496371946937,86
3932,1,6357,3106,3251,0,0,0,1.0,1,1.0,1,1.0,1,0.15232696831266757,85
3933,2,6359,3107,3252,0,0,0,1.0,1,1.0,1,1.0,1,0.16283095592282745,84
3934,0,6359,3107,3252,0,0,0,1.0,1,1.0,1,1.0,1,0.16014349060794927,85
3935,2,6361,3108,3253,0,0,0,1.0,1,1.0,1,1.0,1,0.18444520274275966,84
3936,2,6363,3108,3255,0,0,0,1.0,1,1.0,1,1.0,1,0.16436349599875955,84
3937,1,6364,3108,3256,0,0,0,1.0,1,1.0,1,1.0,1,0.15083240528257474,82
3938,1,6365,3108,3257,0,0,0,1.0,1,1.0,1,1.0,1,0.14060501562829175,82
3939,2,6367,3108,3259,0,0,0,1.0,1,1.0,1,1.0,1,0.12794443504220032,84
3940,0,6367,3108,3259,0,0,0,1.0,1,1.0,1,1.0,1,0.12794443504220032,84
3941,0,6367,3108,3259,0,0,0,1.0,1,1.0,1,1.0,1,0.12255280328048965,85
3942,3,6370,3111,3259,0,0,0,1.0,1,1.0,1,1.0,1,0.16331675701926068,85
3943,3,6373,3113,3260,0,0,0,1.0,1,1.0,1,1.0,1,0.14101499663593506,84
3944,2,6375,3115,3260,0,0,0,1.0,1,1.0,1,1.0,1,0.17486092026006786,83
3945,3,6378,3116,3262,0,0,0,1.0,1,1.0,1,1.0,1,0.14755963778607994,83
3946,2,6380,3117,3263,0,0,0,1.0,1,1.0,1,1.0,1,0.1570947485373832,83
3947,1,6381,3117,3264,0,0,0,1.0,1,1.0,1,1.0,1,0.15061219799411213,83
3948,1,6382,3118,3264,0,0,0,1.0,1,1.0,1,1.0,1,0.1736079590511195,84
3949,2,6384,3118,3266,0,0,0,1.0,1,1.0,1,1.0,1,0.18330162955471616,84
3950,3,6387,3119,3268,0,0,0,1.0,1,1.0,1,1.0,1,0.1834824427763142,86
3951,3,6390,3119,3271,0,0,0,1.0,1,1.0,1,1.0,1,0.161895498374484,87
3952,4,6394,3121,3273,0,0,0,1.0,1,1.0,1,1.0,1,0.1541343309484033,86
3953,0,6394,3121,3273,0,0,0,1.0,1,1.0,1,1.0,1,0.16238459517075793,86
3954,1,6395,3121,3274,0,0,0,1.0,1,1.0,1,1.0,1,0.1505922226297615,85
3955,5,6400,3123,3277,0,0,0,1.0,1,1.0,1,1.0,1,0.15583186569542737,85
3956,2,6402,3123,3279,0,0,0,1.0,1,1.0,1,1.0,1,0.13355228280921755,84
3957,1,6403,3124,3279,0,0,0,1.0,1,1.0,1,1.0,1,0.13863548149885233,85
3958,2,6405,3125,3280,0,0,0,1.0,1,1.0,1,1.0,1,0.1395030422278931,84
3959,2,6407,3125,3282,0,0,0,1.0,1,1.0,1,1.0,1,0.12598231020859615,83
3960,1,6408,3125,3283,0,0,0,1.0,1,1.0,1,1.0,1,0.12310175931595381,84
3961,0,6408,3125,3283,0,0,0,1.0,1,1.0,1,1.0,1,0.13100064339009254,83
3962,1,6409,3126,3283,0,0,0,1.0,1,1.0,1,1.0,1,0.13482616005201636,84
3963,0,6409,3126,3283,0,0,0,1.0,1,1.0,1,1.0,1,0.12955293319786956,81
3964,2,6411,3128,3283,0,0,0,1.0,1,1.0,1,1.0,1,0.14003251724999266,81
3965,3,6414,3128,3286,0,0,0,1.0,1,1.0,1,1.0,1,0.11164940803710423,81
3966,2,6416,3130,3286,0,0,0,1.0,1,1.0,1,1.0,1,0.15189278024625397,79
3967,1,6417,3131,3286,0,0,0,1.0,1,1.0,1,1.0,1,0.16875077492487922,81
3968,3,6420,3133,3287,0,0,0,1.0,1,1.0,1,1.0,1,0.16569402532730906,79
3969,4,6424,3136,3288,0,0,0,1.0,1,1.0,1,1.0,1,0.16981593780291,79
3970,2,6426,3138,3288,0,0,0,1.0,1,1.0,1,1.0,1,0.18556580181011972,78
3971,1,6427,3138,3289,0,0,0,1.0,1,1.0,1,1.0,1,0.17923739988395376,77
3972,1,6428,3139,3289,0,0,0,1.0,1,1.0,1,1.0,1,0.17995948618966762,78
3973,0,6428,3139,3289,0,0,0,1.0,1,1.0,1,1.0,1,0.17513013491143553,77
3974,1,6429,3140,3289,0,0,0,1.0,1,1.0,1,1.0,1,0.17563373268543322,77
3975,1,6430,3141,3289,0,0,0,1.0,1,1.0,1,1.0,1,0.20460621474546065,76
3976,1,6431,3141,3290,0,0,0,1.0,1,1.0,1,1.0,1,0.2114997733845708,77
3977,0,6431,3141,3290,0,0,0,1.0,1,1.0,1,1.0,1,0.21629117432418038,78
3978,5,6436,3142,3294,0,0,0,1.0,1,1.0,1,1.0,1,0.21459481255530277,79
3979,2,6438,3142,3296,0,0,0,1.0,1,1.0,1,1.0,1,0.20056332469195093,79
3980,0,6438,3142,3296,0,0,0,1.0,1,1.0,1,1.0,1,0.20056332469195093,79
3981,2,6440,3144,3296,0,0,0,1.0,1,1.0,1,1.0,1,0.2268455356277751,83
3982,5,6445,3145,3300,0,0,0,1.0,1,1.0,1,1.0,1,0.1935964895628223,83
3983,0,6445,3145,3300,0,0,0,1.0,1,1.0,1,1.0,1,0.19403099983730582,82
3984,4,6449,3147,3302,0,0,0,1.0,1,1.0,1,1.0,1,0.1964971104737924,83
3985,3,6452,3148,3304,0,0,0,1.0,1,1.0,1,1.0,1,0.19676303489049315,84
3986,4,6456,3151,3305,0,0,0,1.0,1,1.0,1,1.0,1,0.2258404864838896,83
3987,3,6459,3153,3306,0,0,0,1.0,1,1.0,1,1.0,1,0.21018664108574864,82
3988,1,6460,3153,3307,0,0,0,1.0,1,1.0,1,1.0,1,0.21028009080358387,83
3989,0,6460,3153,3307,0,0,0,1.0,1,1.0,1,1.0,1,0.21700346459515146,81
3990,3,6463,3153,3310,0,0,0,1.0,1,1.0,1,1.0,1,0.18799509743458911,81
3991,2,6465,3154,3311,0,0,0,1.0,1,1.0,1,1.0,1,0.216406066402344,79
3992,3,6468,3155,3313,0,0,0,1.0,1,1.0,1,1.0,1,0.19412527409948097,81
3993,0,6468,3155,3313,0,0,0,1.0,1,1.0,1,1.0,1,0.19839801448927044,80
3994,2,6470,3156,3314,0,0,0,1.0,1,1.0,1,1.0,1,0.18871266278131366,80
3995,2,6472,3158,3314,0,0,0,1.0,1,1.0,1,1.0,1,0.19504828406656283,81
3996,3,6475,3158,3317,0,0,0,1.0,1,1.0,1,1.0,1,0.18768716467114582,80
3997,4,6479,3158,3321,0,0,0,1.0,1,1.0,1,1.0,1,0.1660894873862131,81
3998,1,6480,3158,3322,0,0,0,1.0,1,1.0,1,1.0,1,0.1508367536682578,82
3999,1,6481,3158,3323,0,0,0,1.0,1,1.0,1,1.0,1,0.14531858245362128,82
4000,4,6485,3161,3324,0,0,0,1.0,1,1.0,1,1.0,1,0.16528347709715976,82
4001,3,6488,3162,3326,0,0,0,1.0,1,1.0,1,1.0,1,0.16417485206473698,81
4002,3,6491,3164,3327,0,0,0,1.0,1,1.0,1,1.0,1,0.18005570989854014,81
4003,1,6492,3165,3327,0,0,0,1.0,1,1.0,1,1.0,1,0.19402498833485252,81
4004,1,6493,3166,3327,0,0,0,1.0,1,1.0,1,1.0,1,0.20743533860202143,80
4005,3,6496,3167,3329,0,0,0,1.0,1,1.0,1,1.0,1,0.19696756249020778,78
4006,4,6500,3169,3331,0,0,0,1.0,1,1.0,1,1.0,1,0.1615666932072413,76
4007,1,6501,3170,3331,0,0,0,1.0,1,1.0,1,1.0,1,0.18233328582907662,75
4008,1,6502,3170,3332,0,0,0,1.0,1,1.0,1,1.0,1,0.16560328229344945,74
4009,6,6508,3173,3335,0,0,0,1.0,1,1.0,1,1.0,1,0.1871539856468909,75
4010,0,6508,3173,3335,0,0,0,1.0,1,1.0,1,1.0,1,0.21053520952406973,75
4011,2,6510,3175,3335,0,0,0,1.0,1,1.0,1,1.0,1,0.21314943800676583,74
4012,3,6513,3176,3337,0,0,0,1.0,1,1.0,1,1.0,1,0.2236657259209252,74
4013,1,6514,3176,3338,0,0,0,1.0,1,1.0,1,1.0,1,0.20484099005266232,74
4014,1,6515,3176,3339,0,0,0,1.0,1,1.0,1,1.0,1,0.2101411849550278,73
4015,0,6515,3176,3339,0,0,0,1.0,1,1.0,1,1.0,1,0.2186199623323949,74
4016,2,6517,3178,3339,0,0,0,1.0,1,1.0,1,1.0,1,0.23919882327670228,74
4017,3,6520,3178,3342,0,0,0,1.0,1,1.0,1,1.0,1,0.20608788888679191,78
4018,1,6521,3178,3343,0,0,0,1.0,1,1.0,1,1.0,1,0.2132996178755958,78
4019,1,6522,3179,3343,0,0,0,1.0,1,1.0,1,1.0,1,0.21275808367258642,78
4020,0,6522,3179,3343,0,0,0,1.0,1,1.0,1,1.0,1,0.21275808367258642,78
4021,1,6523,3180,3343,0,0,0,1.0,1,1.0,1,1.0,1,0.20682705366403772,78
4022,3,6526,3182,3344,0,0,0,1.0,1,1.0,1,1.0,1,0.21336099382359325,79
4023,0,6526,3182,3344,0,0,0,1.0,1,1.0,1,1.0,1,0.20756069060815957,78
4024,1,6527,3183,3344,0,0,0,1.0,1,1.0,1,1.0,1,0.20785145784550138,77
4025,0,6527,3183,3344,0,0,0,1.0,1,1.0,1,1.0,1,0.2123312634801049,76
4026,1,6528,3184,3344,0,0,0,1.0,1,1.0,1,1.0,1,0.21327546356998747,76
4027,3,6531,3185,3346,0,0,0,1.0,1,1.0,1,1.0,1,0.19680691042913306,75
4028,4,6535,3186,3349,0,0,0,1.0,1,1.0,1,1.0,1,0.181252732277002,76
4029,2,6537,3188,3349,0,0,0,1.0,1,1.0,1,1.0,1,0.20549139517705192,75
4030,4,6541,3189,3352,0,0,0,1.0,1,1.0,1,1.0,1,0.1810877334413818,74
4031,4,6545,3192,3353,0,0,0,1.0,1,1.0,1,1.0,1,0.2227269321379602,73
4032,3,6548,3192,3356,0,0,0,1.0,1,1.0,1,1.0,1,0.17789741696485126,71
4033,0,6548,3192,3356,0,0,0,1.0,1,1.0,1,1.0,1,0.17803784884425894,73
4034,3,6551,3194,3357,0,0,0,1.0,1,1.0,1,1.0,1,0.1668911347771096,72
4035,0,6551,3194,3357,0,0,0,1.0,1,1.0,1,1.0,1,0.18084446719984426,71
4036,3,6554,3196,3358,0,0,0,1.0,1,1.0,1,1.0,1,0.17549667769295105,71
4037,2,6556,3197,3359,0,0,0,1.0,1,1.0,1,1.0,1,0.18711769966486516,70
4038,0,6556,3197,3359,0,0,0,1.0,1,1.0,1,1.0,1,0.20544608263820166,69
4039,2,6558,3198,3360,0,0,0,1.0,1,1.0,1,1.0,1,0.2519333768620221,68
4040,3,6561,3199,3362,0,0,0,1.0,1,1.0,1,1.0,1,0.2762510677665969,69
4041,0,6561,3199,3362,0,0,0,1.0,1,1.0,1,1.0,1,0.2885640522799039,67
4042,3,6564,3200,3364,0,0,0,1.0,1,1.0,1,1.0,1,0.3077051513209215,67
4043,1,6565,3201,3364,0,0,0,1.0,1,1.0,1,1.0,1,0.34140488658874185,66
4044,5,6570,3203,3367,0,0,0,1.0,1,1.0,1,1.0,1,0.33185077267655405,65
4045,1,6571,3203,3368,0,0,0,1.0,1,1.0,1,1.0,1,0.31037594907198535,66
4046,0,6571,3203,3368,0,0,0,1.0,1,1.0,1,1.0,1,0.3161059527304332,68
4047,1,6572,3204,3368,0,0,0,1.0,1,1.0,1,1.0,1,0.32609028099807047,68
4048,1,6573,3204,3369,0,0,0,1.0,1,1.0,1,1.0,1,0.3293135098230733,69
4049,0,6573,3204,3369,0,0,0,1.0,1,1.0,1,1.0,1,0.3293135098230733,69
4050,0,6573,3204,3369,0,0,0,1.0,1,1.0,1,1.0,1,0.3188709832715907,69
4051,0,6573,3204,3369,0,0,0,1.0,1,1.0,1,1.0,1,0.3188709832715907,69
4052,1,6574,3204,3370,0,0,0,1.0,1,1.0,1,1.0,1,0.3030519293838384,69
4053,1,6575,3204,3371,0,0,0,1.0,1,1.0,1,1.0,1,0.28630356891000386,69
4054,0,6575,3204,3371,0,0,0,1.0,1,1.0,1,1.0,1,0.28317010117710306,70
4055,1,6576,3204,3372,0,0,0,1.0,1,1.0,1,1.0,1,0.27047219477933476,70
4056,2,6578,3204,3374,0,0,0,1.0,1,1.0,1,1.0,1,0.24838036114331719,70
4057,1,6579,3204,3375,0,0,0,1.0,1,1.0,1,1.0,1,0.24508527852935474,71
4058,1,6580,3205,3375,0,0,0,1.0,1,1.0,1,1.0,1,0.24719196213535644,71
4059,2,6582,3206,3376,0,0,0,1.0,1,1.0,1,1.0,1,0.24244204911733355,72
4060,2,6584,3207,3377,0,0,0,1.0,1,1.0,1,1.0,1,0.2524755438062489,71
4061,3,6587,3208,3379,0,0,0,1.0,1,1.0,1,1.0,1,0.2607267946445194,72
4062,2,6589,3209,3380,0,0,0,1.0,1,1.0,1,1.0,1,0.24691736923406435,72
4063,6,6595,3211,3384,0,0,0,1.0,1,1.0,1,1.0,1,0.2066616478992131,72
4064,1,6596,3212,3384,0,0,0,1.0,1,1.0,1,1.0,1,0.2023263796621489,71
4065,3,6599,3214,3385,0,0,0,1.0,1,1.0,1,1.0,1,0.1827562152455897,70
4066,5,6604,3217,3387,0,0,0,1.0,1,1.0,1,1.0,1,0.1980989644142299,70
4067,1,6605,3218,3387,0,0,0,1.0,1,1.0,1,1.0,1,0.19131401294815284,68
4068,3,6608,3219,3389,0,0,0,1.0,1,1.0,1,1.0,1,0.19134466208240716,70
4069,3,6611,3221,3390,0,0,0,1.0,1,1.0,1,1.0,1,0.20836420292676988,68
4070,2,6613,3222,3391,0,0,0,1.0,1,1.0,1,1.0,1,0.19272128467151745,67
4071,2,6615,3222,3393,0,0,0,1.0,1,1.0,1,1.0,1,0.18288140340933814,68
4072,5,6620,3226,3394,0,0,0,1.0,1,1.0,1,1.0,1,0.18865416850857308,70
4073,2,6622,3228,3394,0,0,0,1.0,1,1.0,1,1.0,1,0.18035156304271888,70
4074,7,6629,3233,3396,0,0,0,1.0,1,1.0,1,1.0,1,0.2165015644641359,71
4075,8,6637,3236,3401,0,0,0,1.0,1,1.0,1,1.0,1,0.20435911276001587,72
4076,4,6641,3239,3402,0,0,0,1.0,1,1.0,1,1.0,1,0.2106884815123319,73
4077,3,6644,3240,3404,0,0,0,1.0,1,1.0,1,1.0,1,0.2161068314450924,72
4078,3,6647,3241,3406,0,0,0,1.0,1,1.0,1,1.0,1,0.22210356927995456,71
4079,1,6648,3242,3406,0,0,0,1.0,1,1.0,1,1.0,1,0.22846982924459638,69
4080,1,6649,3243,3406,0,0,0,1.0,1,1.0,1,1.0,1,0.23327684875026294,67
4081,1,6650,3243,3407,0,0,0,1.0,1,1.0,1,1.0,1,0.22747349020203259,66
4082,1,6651,3243,3408,0,0,0,1.0,1,1.0,1,1.0,1,0.22903607514347044,65
4083,2,6653,3244,3409,0,0,0,1.0,1,1.0,1,1.0,1,0.22743696475535674,64
4084,3,6656,3246,3410,0,0,0,1.0,1,1.0,1,1.0,1,0.2531136637591206,64
4085,2,6658,3246,3412,0,0,0,1.0,1,1.0,1,1.0,1,0.23136855733571565,65
4086,2,6660,3247,3413,0,0,0,1.0,1,1.0,1,1.0,1,0.21400167340705475,66
4087,2,6662,3248,3414,0,0,0,1.0,1,1.0,1,1.0,1,0.1965883504772959,66
4088,0,6662,3248,3414,0,0,0,1.0,1,1.0,1,1.0,1,0.21893469152466097,65
4089,0,6662,3248,3414,0,0,0,1.0,1,1.0,1,1.0,1,0.21893469152466097,65
4090,0,6662,3248,3414,0,0,0,1.0,1,1.0,1,1.0,1,0.23134012757962158,65
4091,1,6663,3248,3415,0,0,0,1.0,1,1.0,1,1.0,1,0.2171594167651135,65
4092,1,6664,3248,3416,0,0,0,1.0,1,1.0,1,1.0,1,0.21230829776788093,64
4093,2,6666,3248,3418,0,0,0,1.0,1,1.0,1,1.0,1,0.18825467796207798,66
4094,2,6668,3250,3418,0,0,0,1.0,1,1.0,1,1.0,1,0.22089485179589752,65
4095,3,6671,3251,3420,0,0,0,1.0,1,1.0,1,1.0,1,0.2156299135348763,65
4096,1,6672,3251,3421,0,0,0,1.0,1,1.0,1,1.0,1,0.21742548954064048,67
4097,4,6676,3253,3423,0,0,0,1.0,1,1.0,1,1.0,1,0.19931261862568495,67
4098,6,6682,3256,3426,0,0,0,1.0,1,1.0,1,1.0,1,0.19987998527703002,68
4099,2,6684,3256,3428,0,0,0,1.0,1,1.0,1,1.0,1,0.19534159838130685,69
4100,4,6688,3256,3432,0,0,0,1.0,1,1.0,1,1.0,1,0.16280612378993564,70
4101,1,6689,3256,3433,0,0,0,1.0,1,1.0,1,1.0,1,0.17275545788535546,71
4102,3,6692,3258,3434,0,0,0,1.0,1,1.0,1,1.0,1,0.16332138409749314,71
4103,1,6693,3259,3434,0,0,0,1.0,1,1.0,1,1.0,1,0.17002525265440677,71
4104,2,6695,3260,3435,0,0,0,1.0,1,1.0,1,1.0,1,0.17092467692953703,69
4105,1,6696,3261,3435,0,0,0,1.0,1,1.0,1,1.0,1,0.1805631305188717,67
4106,1,6697,3262,3435,0,0,0,1.0,1,1.0,1,1.0,1,0.19975837839273583,68
4107,6,6703,3262,3441,0,0,0,1.0,1,1.0,1,1.0,1,0.15652441156494812,70
4108,0,6703,3262,3441,0,0,0,1.0,1,1.0,1,1.0,1,0.15623447996552842,70
4109,0,6703,3262,3441,0,0,0,1.0,1,1.0,1,1.0,1,0.15801867958603436,69
4110,1,6704,3262,3442,0,0,0,1.0,1,1.0,1,1.0,1,0.14767926907452053,71
4111,1,6705,3262,3443,0,0,0,1.0,1,1.0,1,1.0,1,0.12632657685954474,70
4112,1,6706,3262,3444,0,0,0,1.0,1,1.0,1,1.0,1,0.12844225622010869,72
4113,0,6706,3262,3444,0,0,0,1.0,1,1.0,1,1.0,1,0.12844225622010869,72
4114,4,6710,3265,3445,0,0,0,1.0,1,1.0,1,1.0,1,0.17185411899112252,72
4115,2,6712,3266,3446,0,0,0,1.0,1,1.0,1,1.0,1,0.1742473370815511,70
4116,3,6715,3267,3448,0,0,0,1.0,1,1.0,1,1.0,1,0.1889412687387676,67
4117,1,6716,3268,3448,0,0,0,1.0,1,1.0,1,1.0,1,0.22463982059669238,67
4118,0,6716,3268,3448,0,0,0,1.0,1,1.0,1,1.0,1,0.24974676288089942,66
4119,5,6721,3270,3451,0,0,0,1.0,1,1.0,1,1.0,1,0.25459465031694406,67
4120,3,6724,3271,3453,0,0,0,1.0,1,1.0,1,1.0,1,0.24953634408607883,64
4121,1,6725,3271,3454,0,0,0,1.0,1,1.0,1,1.0,1,0.25550463630196807,63
4122,2,6727,3273,3454,0,0,0,1.0,1,1.0,1,1.0,1,0.2583191706754384,63
4123,2,6729,3275,3454,0,0,0,1.0,1,1.0,1,1.0,1,0.2752569167553579,61
4124,4,6733,3277,3456,0,0,0,1.0,1,1.0,1,1.0,1,0.27270161076705773,62
4125,4,6737,3277,3460,0,0,0,1.0,1,1.0,1,1.0,1,0.22873985887618986,60
4126,4,6741,3280,3461,0,0,0,1.0,1,1.0,1,1.0,1,0.22986002781141113,59
4127,1,6742,3281,3461,0,0,0,1.0,1,1.0,1,1.0,1,0.24880133430988977,60
4128,3,6745,3282,3463,0,0,0,1.0,1,1.0,1,1.0,1,0.23407122606399372,60
4129,1,6746,3282,3464,0,0,0,1.0,1,1.0,1,1.0,1,0.23666806569643345,60
4130,2,6748,3284,3464,0,0,0,1.0,1,1.0,1,1.0,1,0.24593037126760234,61
4131,1,6749,3284,3465,0,0,0,1.0,1,1.0,1,1.0,1,0.23987550582287953,60
4132,3,6752,3285,3467,0,0,0,1.0,1,1.0,1,1.0,1,0.23118431330475867,60
4133,1,6753,3286,3467,0,0,0,1.0,1,1.0,1,1.0,1,0.2443028498890737,62
4134,2,6755,3288,3467,0,0,0,1.0,1,1.0,1,1.0,1,0.24630484900273691,63
4135,4,6759,3289,3470,0,0,0,1.0,1,1.0,1,1.0,1,0.23628960305515578,65
4136,0,6759,3289,3470,0,0,0,1.0,1,1.0,1,1.0,1,0.23628960305515578,65
4137,1,6760,3290,3470,0,0,0,1.0,1,1.0,1,1.0,1,0.2297966499221344,66
4138,1,6761,3290,3471,0,0,0,1.0,1,1.0,1,1.0,1,0.22710621828865685,67
4139,2,6763,3292,3471,0,0,0,1.0,1,1.0,1,1.0,1,0.2580427587646645,67
4140,0,6763,3292,3471,0,0,0,1.0,1,1.0,1,1.0,1,0.24620673568757634,66
4141,1,6764,3292,3472,0,0,0,1.0,1,1.0,1,1.0,1,0.23238667326482024,67
4142,1,6765,3292,3473,0,0,0,1.0,1,1.0,1,1.0,1,0.2188417122807291,67
4143,2,6767,3293,3474,0,0,0,1.0,1,1.0,1,1.0,1,0.21671186282947852,66
4144,4,6771,3294,3477,0,0,0,1.0,1,1.0,1,1.0,1,0.20275155264140002,64
4145,1,6772,3295,3477,0,0,0,1.0,1,1.0,1,1.0,1,0.21491956773129722,63
4146,2,6774,3296,3478,0,0,0,1.0,1,1.0,1,1.0,1,0.21070979671002318,62
4147,1,6775,3296,3479,0,0,0,1.0,1,1.0,1,1.0,1,0.20634710501543646,60
4148,5,6780,3298,3482,0,0,0,1.0,1,1.0,1,1.0,1,0.17509311098282004,62
4149,1,6781,3298,3483,0,0,0,1.0,1,1.0,1,1.0,1,0.18246072744164174,61
4150,3,6784,3300,3484,0,0,0,1.0,1,1.0,1,1.0,1,0.17966871505942042,60
4151,4,6788,3302,3486,0,0,0,1.0,1,1.0,1,1.0,1,0.16979303173601037,60
4152,1,6789,3303,3486,0,0,0,1.0,1,1.0,1,1.0,1,0.1883541853285474,60
4153,0,6789,3303,3486,0,0,0,1.0,1,1.0,1,1.0,1,0.19306018701638344,58
4154,1,6790,3304,3486,0,0,0,1.0,1,1.0,1,1.0,1,0.22655672190316312,57
4155,3,6793,3306,3487,0,0,0,1.0,1,1.0,1,1.0,1,0.2216064964201425,57
4156,4,6797,3308,3489,0,0,0,1.0,1,1.0,1,1.0,1,0.2047224014746379,58
4157,1,6798,3308,3490,0,0,0,1.0,1,1.0,1,1.0,1,0.19202309942915902,57
4158,1,6799,3309,3490,0,0,0,1.0,1,1.0,1,1.0,1,0.21230209952263557,55
4159,1,6800,3309,3491,0,0,0,1.0,1,1.0,1,1.0,1,0.20944402396737313,57
4160,1,6801,3310,3491,0,0,0,1.0,1,1.0,1,1.0,1,0.21572377756634656,58
4161,1,6802,3310,3492,0,0,0,1.0,1,1.0,1,1.0,1,0.1933798292062396,58
4162,1,6803,3311,3492,0,0,0,1.0,1,1.0,1,1.0,1,0.21199131852404857,57
4163,1,6804,3312,3492,0,0,0,1.0,1,1.0,1,1.0,1,0.2374666022524788,58
4164,3,6807,3314,3493,0,0,0,1.0,1,1.0,1,1.0,1,0.25523476100574705,56
4165,5,6812,3316,3496,0,0,0,1.0,1,1.0,1,1.0,1,0.2945314129615403,58
4166,1,6813,3316,3497,0,0,0,1.0,1,1.0,1,1.0,1,0.27909373025609974,57
4167,3,6816,3317,3499,0,0,0,1.0,1,1.0,1,1.0,1,0.25480597054424425,57
4168,2,6818,3317,3501,0,0,0,1.0,1,1.0,1,1.0,1,0.2264577499844554,58
4169,1,6819,3318,3501,0,0,0,1.0,1,1.0,1,1.0,1,0.2268692007110051,58
4170,2,6821,3319,3502,0,0,0,1.0,1,1.0,1,1.0,1,0.23307644532302155,58
4171,0,6821,3319,3502,0,0,0,1.0,1,1.0,1,1.0,1,0.2519959812832472,57
4172,0,6821,3319,3502,0,0,0,1.0,1,1.0,1,1.0,1,0.2519959812832472,57
4173,1,6822,3319,3503,0,0,0,1.0,1,1.0,1,1.0,1,0.26924890564298826,56
4174,1,6823,3319,3504,0,0,0,1.0,1,1.0,1,1.0,1,0.2591425503137082,56
4175,4,6827,3319,3508,0,0,0,1.0,1,1.0,1,1.0,1,0.2219430593046922,55
4176,2,6829,3319,3510,0,0,0,1.0,1,1.0,1,1.0,1,0.2120052673523842,57
4177,0,6829,3319,3510,0,0,0,1.0,1,1.0,1,1.0,1,0.22591337804287662,58
4178,4,6833,3322,3511,0,0,0,1.0,1,1.0,1,1.0,1,0.25011124124277395,60
4179,4,6837,3323,3514,0,0,0,1.0,1,1.0,1,1.0,1,0.19679366913789823,61
4180,2,6839,3323,3516,0,0,0,1.0,1,1.0,1,1.0,1,0.17523982808793337,62
4181,0,6839,3323,3516,0,0,0,1.0,1,1.0,1,1.0,1,0.18383508767419734,63
4182,1,6840,3324,3516,0,0,0,1.0,1,1.0,1,1.0,1,0.19646688702916743,63
4183,0,6840,3324,3516,0,0,0,1.0,1,1.0,1,1.0,1,0.19915272618934912,63
4184,4,6844,3327,3517,0,0,0,1.0,1,1.0,1,1.0,1,0.19270386951384813,63
4185,1,6845,3327,3518,0,0,0,1.0,1,1.0,1,1.0,1,0.189576390528751,61
4186,4,6849,3329,3520,0,0,0,1.0,1,1.0,1,1.0,1,0.15504259836879425,62
4187,1,6850,3330,3520,0,0,0,1.0,1,1.0,1,1.0,1,0.17596560944303138,60
4188,3,6853,3332,3521,0,0,0,1.0,1,1.0,1,1.0,1,0.17299382313187034,60
4189,1,6854,3332,3522,0,0,0,1.0,1,1.0,1,1.0,1,0.16271829861025736,60
4190,2,6856,3334,3522,0,0,0,1.0,1,1.0,1,1.0,1,0.18065873313442155,61
4191,1,6857,3335,3522,0,0,0,1.0,1,1.0,1,1.0,1,0.18123656060334523,59
4192,2,6859,3337,3522,0,0,0,1.0,1,1.0,1,1.0,1,0.18710229973378,58
4193,1,6860,3338,3522,0,0,0,1.0,1,1.0,1,1.0,1,0.19728857331767163,57
4194,3,6863,3340,3523,0,0,0,1.0,1,1.0,1,1.0,1,0.25919801351310945,54
4195,4,6867,3341,3526,0,0,0,1.0,1,1.0,1,1.0,1,0.23169893035251266,55
4196,0,6867,3341,3526,0,0,0,1.0,1,1.0,1,1.0,1,0.23534634513620448,56
4197,1,6868,3342,3526,0,0,0,1.0,1,1.0,1,1.0,1,0.24508889293168049,55
4198,2,6870,3343,3527,0,0,0,1.0,1,1.0,1,1.0,1,0.2826219652396791,56
4199,2,6872,3343,3529,0,0,0,1.0,1,1.0,1,1.0,1,0.26510832854948324,55
4200,1,6873,3343,3530,0,0,0,1.0,1,1.0,1,1.0,1,0.25388815052695163,55
4201,0,6873,3343,3530,0,0,0,1.0,1,1.0,1,1.0,1,0.23829178923663055,56
4202,0,6873,3343,3530,0,0,0,1.0,1,1.0,1,1.0,1,0.23829178923663055,56
4203,0,6873,3343,3530,0,0,0,1.0,1,1.0,1,1.0,1,0.24884298414297554,57
4204,1,6874,3344,3530,0,0,0,1.0,1,1.0,1,1.0,1,0.24237179726601088,57
4205,2,6876,3344,3532,0,0,0,1.0,1,1.0,1,1.0,1,0.22646491496854432,58
4206,4,6880,3346,3534,0,0,0,1.0,1,1.0,1,1.0,1,0.2006947325220697,58
4207,2,6882,3348,3534,0,0,0,1.0,1,1.0,1,1.0,1,0.19857024834480266,58
4208,2,6884,3349,3535,0,0,0,1.0,1,1.0,1,1.0,1,0.21814348661760424,60
4209,7,6891,3352,3539,0,0,0,1.0,1,1.0,1,1.0,1,0.15986097232933066,61
4210,1,6892,3352,3540,0,0,0,1.0,1,1.0,1,1.0,1,0.1432129102126349,62
4211,1,6893,3353,3540,0,0,0,1.0,1,1.0,1,1.0,1,0.15743709045187868,63
4212,0,6893,3353,3540,0,0,0,1.0,1,1.0,1,1.0,1,0.1601349340396459,64
4213,0,6893,3353,3540,0,0,0,1.0,1,1.0,1,1.0,1,0.16619751916517045,65
4214,0,6893,3353,3540,0,0,0,1.0,1,1.0,1,1.0,1,0.16058869369548387,65
4215,0,6893,3353,3540,0,0,0,1.0,1,1.0,1,1.0,1,0.16058869369548387,65
4216,0,6893,3353,3540,0,0,0,1.0,1,1.0,1,1.0,1,0.17376429452618652,64
4217,1,6894,3354,3540,0,0,0,1.0,1,1.0,1,1.0,1,0.19412364227017329,65
4218,0,6894,3354,3540,0,0,0,1.0,1,1.0,1,1.0,1,0.19412364227017329,65
4219,1,6895,3355,3540,0,0,0,1.0,1,1.0,1,1.0,1,0.22034105148947003,65
4220,1,6896,3355,3541,0,0,0,1.0,1,1.0,1,1.0,1,0.21046659746018487,65
4221,2,6898,3357,3541,0,0,0,1.0,1,1.0,1,1.0,1,0.2476037428391313,67
4222,2,6900,3357,3543,0,0,0,1.0,1,1.0,1,1.0,1,0.2221305733307963,68
4223,3,6903,3359,3544,0,0,0,1.0,1,1.0,1,1.0,1,0.23896444548718784,68
4224,1,6904,3359,3545,0,0,0,1.0,1,1.0,1,1.0,1,0.23309489617861517,68
4225,1,6905,3359,3546,0,0,0,1.0,1,1.0,1,1.0,1,0.216874182988209,66
4226,1,6906,3360,3546,0,0,0,1.0,1,1.0,1,1.0,1,0.23297190957250413,66
4227,0,6906,3360,3546,0,0,0,1.0,1,1.0,1,1.0,1,0.23297190957250413,66
4228,0,6906,3360,3546,0,0,0,1.0,1,1.0,1,1.0,1,0.2231228219342974,65
4229,1,6907,3361,3546,0,0,0,1.0,1,1.0,1,1.0,1,0.2271081721269191,65
4230,3,6910,3362,3548,0,0,0,1.0,1,1.0,1,1.0,1,0.21592462567906873,64
4231,1,6911,3362,3549,0,0,0,1.0,1,1.0,1,1.0,1,0.2111493267675348,64
4232,2,6913,3363,3550,0,0,0,1.0,1,1.0,1,1.0,1,0.20879264431187722,65
4233,1,6914,3363,3551,0,0,0,1.0,1,1.0,1,1.0,1,0.20141275057156666,64
4234,0,6914,3363,3551,0,0,0,1.0,1,1.0,1,1.0,1,0.20535236101024426,63
4235,3,6917,3365,3552,0,0,0,1.0,1,1.0,1,1.0,1,0.19629512552012254,63
4236,1,6918,3365,3553,0,0,0,1.0,1,1.0,1,1.0,1,0.18695095349283508,63
4237,2,6920,3367,3553,0,0,0,1.0,1,1.0,1,1.0,1,0.22058184689080704,65
4238,2,6922,3367,3555,0,0,0,1.0,1,1.0,1,1.0,1,0.18238825303897718,65
4239,1,6923,3367,3556,0,0,0,1.0,1,1.0,1,1.0,1,0.1792787684409498,65
4240,1,6924,3368,3556,0,0,0,1.0,1,1.0,1,1.0,1,0.17209931430755682,66
4241,0,6924,3368,3556,0,0,0,1.0,1,1.0,1,1.0,1,0.17209931430755682,66
4242,1,6925,3368,3557,0,0,0,1.0,1,1.0,1,1.0,1,0.15993184702753996,69
4243,1,6926,3368,3558,0,0,0,1.0,1,1.0,1,1.0,1,0.16951875577557954,71
4244,0,6926,3368,3558,0,0,0,1.0,1,1.0,1,1.0,1,0.16951875577557954,71
4245,2,6928,3368,3560,0,0,0,1.0,1,1.0,1,1.0,1,0.15968836414697313,73
4246,1,6929,3368,3561,0,0,0,1.0,1,1.0,1,1.0,1,0.14153043427712242,74
4247,0,6929,3368,3561,0,0,0,1.0,1,1.0,1,1.0,1,0.14153043427712242,74
4248,0,6929,3368,3561,0,0,0,1.0,1,1.0,1,1.0,1,0.14153043427712242,74
4249,0,6929,3368,3561,0,0,0,1.0,1,1.0,1,1.0,1,0.14153043427712242,74
4250,0,6929,3368,3561,0,0,0,1.0,1,1.0,1,1.0,1,0.14153043427712242,74
4251,2,6931,3369,3562,0,0,0,1.0,1,1.0,1,1.0,1,0.15541403822896202,75
4252,4,6935,3372,3563,0,0,0,1.0,1,1.0,1,1.0,1,0.20703715396844974,75
4253,2,6937,3372,3565,0,0,0,1.0,1,1.0,1,1.0,1,0.19395859884516317,76
4254,3,6940,3373,3567,0,0,0,1.0,1,1.0,1,1.0,1,0.19560898388180906,75
4255,3,6943,3375,3568,0,0,0,1.0,1,1.0,1,1.0,1,0.18373257171088678,76
4256,1,6944,3376,3568,0,0,0,1.0,1,1.0,1,1.0,1,0.2036462281391429,78
4257,2,6946,3377,3569,0,0,0,1.0,1,1.0,1,1.0,1,0.19298157931197915,78
4258,3,6949,3379,3570,0,0,0,1.0,1,1.0,1,1.0,1,0.20927793713443835,77
4259,4,6953,3381,3572,0,0,0,1.0,1,1.0,1,1.0,1,0.21323030394008988,78
4260,3,6956,3381,3575,0,0,0,1.0,1,1.0,1,1.0,1,0.1788714914208665,77
4261,1,6957,3381,3576,0,0,0,1.0,1,1.0,1,1.0,1,0.1832635812581132,76
4262,2,6959,3381,3578,0,0,0,1.0,1,1.0,1,1.0,1,0.18602162926319876,75
4263,3,6962,3383,3579,0,0,0,1.0,1,1.0,1,1.0,1,0.1726998158972171,74
4264,1,6963,3383,3580,0,0,0,1.0,1,1.0,1,1.0,1,0.20108212825483665,74
4265,5,6968,3386,3582,0,0,0,1.0,1,1.0,1,1.0,1,0.17484138776034916,73
4266,2,6970,3386,3584,0,0,0,1.0,1,1.0,1,1.0,1,0.18217317969298963,71
4267,2,6972,3388,3584,0,0,0,1.0,1,1.0,1,1.0,1,0.20453970465339272,69
4268,2,6974,3389,3585,0,0,0,1.0,1,1.0,1,1.0,1,0.20512345438424576,67
4269,1,6975,3390,3585,0,0,0,1.0,1,1.0,1,1.0,1,0.20990322328399222,64
4270,2,6977,3392,3585,0,0,0,1.0,1,1.0,1,1.0,1,0.23772025394848473,63
4271,1,6978,3393,3585,0,0,0,1.0,1,1.0,1,1.0,1,0.2599108236845858,63
4272,2,6980,3394,3586,0,0,0,1.0,1,1.0,1,1.0,1,0.2517620503861242,62
4273,1,6981,3394,3587,0,0,0,1.0,1,1.0,1,1.0,1,0.24031501429226473,62
4274,4,6985,3394,3591,0,0,0,1.0,1,1.0,1,1.0,1,0.22973116919500852,62
4275,0,6985,3394,3591,0,0,0,1.0,1,1.0,1,1.0,1,0.22121514901800063,61
4276,0,6985,3394,3591,0,0,0,1.0,1,1.0,1,1.0,1,0.22816876666774397,62
4277,2,6987,3394,3593,0,0,0,1.0,1,1.0,1,1.0,1,0.22547671359427424,63
4278,0,6987,3394,3593,0,0,0,1.0,1,1.0,1,1.0,1,0.21751570861099137,64
4279,3,6990,3396,3594,0,0,0,1.0,1,1.0,1,1.0,1,0.2181387570090577,65
4280,4,6994,3398,3596,0,0,0,1.0,1,1.0,1,1.0,1,0.20341485302524837,65
4281,0,6994,3398,3596,0,0,0,1.0,1,1.0,1,1.0,1,0.2103229943001448,65
4282,4,6998,3401,3597,0,0,0,1.0,1,1.0,1,1.0,1,0.2411270548379284,66
4283,3,7001,3402,3599,0,0,0,1.0,1,1.0,1,1.0,1,0.23928582178537602,66
4284,2,7003,3403,3600,0,0,0,1.0,1,1.0,1,1.0,1,0.25308051717513314,66
4285,1,7004,3404,3600,0,0,0,1.0,1,1.0,1,1.0,1,0.2537978532428343,67
4286,2,7006,3404,3602,0,0,0,1.0,1,1.0,1,1.0,1,0.25320811258786047,67
4287,2,7008,3404,3604,0,0,0,1.0,1,1.0,1,1.0,1,0.23617130213496676,67
4288,2,7010,3404,3606,0,0,0,1.0,1,1.0,1,1.0,1,0.21159902064589617,68
4289,1,7011,3404,3607,0,0,0,1.0,1,1.0,1,1.0,1,0.21729011293109937,68
4290,0,7011,3404,3607,0,0,0,1.0,1,1.0,1,1.0,1,0.2215717865270245,70
4291,0,7011,3404,3607,0,0,0,1.0,1,1.0,1,1.0,1,0.22232459544950753,71
4292,0,7011,3404,3607,0,0,0,1.0,1,1.0,1,1.0,1,0.22232459544950753,71
4293,1,7012,3404,3608,0,0,0,1.0,1,1.0,1,1.0,1,0.20792110968237537,71
4294,0,7012,3404,3608,0,0,0,1.0,1,1.0,1,1.0,1,0.20792110968237537,71
4295,0,7012,3404,3608,0,0,0,1.0,1,1.0,1,1.0,1,0.2188086298486137,72
4296,1,7013,3405,3608,0,0,0,1.0,1,1.0,1,1.0,1,0.2228212202293312,73
4297,0,7013,3405,3608,0,0,0,1.0,1,1.0,1,1.0,1,0.2228212202293312,73
4298,0,7013,3405,3608,0,0,0,1.0,1,1.0,1,1.0,1,0.22861540156458243,74
4299,1,7014,3405,3609,0,0,0,1.0,1,1.0,1,1.0,1,0.2134341809382076,75
4300,1,7015,3405,3610,0,0,0,1.0,1,1.0,1,1.0,1,0.19606587063703745,75
4301,0,7015,3405,3610,0,0,0,1.0,1,1.0,1,1.0,1,0.19508426837069281,76
4302,0,7015,3405,3610,0,0,0,1.0,1,1.0,1,1.0,1,0.19508426837069281,76
4303,2,7017,3405,3612,0,0,0,1.0,1,1.0,1,1.0,1,0.16733374719271926,75
4304,4,7021,3407,3614,0,0,0,1.0,1,1.0,1,1.0,1,0.20558751042139473,75
4305,3,7024,3408,3616,0,0,0,1.0,1,1.0,1,1.0,1,0.21609745887342732,73
4306,6,7030,3410,3620,0,0,0,1.0,1,1.0,1,1.0,1,0.20699619761631724,74
4307,2,7032,3412,3620,0,0,0,1.0,1,1.0,1,1.0,1,0.23331589758170443,73
4308,3,7035,3413,3622,0,0,0,1.0,1,1.0,1,1.0,1,0.2441655135995486,71
4309,0,7035,3413,3622,0,0,0,1.0,1,1.0,1,1.0,1,0.251182508717233,70
4310,2,7037,3414,3623,0,0,0,1.0,1,1.0,1,1.0,1,0.23419232764390965,69
4311,5,7042,3417,3625,0,0,0,1.0,1,1.0,1,1.0,1,0.22702442119708094,69
4312,3,7045,3419,3626,0,0,0,1.0,1,1.0,1,1.0,1,0.25339256235438523,66
4313,2,7047,3419,3628,0,0,0,1.0,1,1.0,1,1.0,1,0.2435741051444237,64
4314,3,7050,3420,3630,0,0,0,1.0,1,1.0,1,1.0,1,0.26800662744198034,61
4315,6,7056,3423,3633,0,0,0,1.0,1,1.0,1,1.0,1,0.2658959122362591,61
4316,2,7058,3423,3635,0,0,0,1.0,1,1.0,1,1.0,1,0.24097668022734856,60
4317,1,7059,3423,3636,0,0,0,1.0,1,1.0,1,1.0,1,0.22511675540322787,62
4318,3,7062,3423,3639,0,0,0,1.0,1,1.0,1,1.0,1,0.2391393475675227,59
4319,1,7063,3423,3640,0,0,0,1.0,1,1.0,1,1.0,1,0.2254876968466859,60
4320,0,7063,3423,3640,0,0,0,1.0,1,1.0,1,1.0,1,0.2254876968466859,60
4321,2,7065,3425,3640,0,0,0,1.0,1,1.0,1,1.0,1,0.24024044252945861,61
4322,1,7066,3426,3640,0,0,0,1.0,1,1.0,1,1.0,1,0.24654154109478296,61
4323,1,7067,3426,3641,0,0,0,1.0,1,1.0,1,1.0,1,0.23983039633999773,61
4324,0,7067,3426,3641,0,0,0,1.0,1,1.0,1,1.0,1,0.2517921150333971,60
4325,2,7069,3427,3642,0,0,0,1.0,1,1.0,1,1.0,1,0.26210187351930936,60
4326,0,7069,3427,3642,0,0,0,1.0,1,1.0,1,1.0,1,0.2584724226440038,61
4327,0,7069,3427,3642,0,0,0,1.0,1,1.0,1,1.0,1,0.2612251237825942,62
4328,1,7070,3427,3643,0,0,0,1.0,1,1.0,1,1.0,1,0.2513357878766358,62
4329,0,7070,3427,3643,0,0,0,1.0,1,1.0,1,1.0,1,0.24575868704957635,65
4330,1,7071,3427,3644,0,0,0,1.0,1,1.0,1,1.0,1,0.23908417974422955,65
4331,2,7073,3427,3646,0,0,0,1.0,1,1.0,1,1.0,1,0.21427198208870205,65
4332,3,7076,3428,3648,0,0,0,1.0,1,1.0,1,1.0,1,0.20782749909885562,66
4333,1,7077,3428,3649,0,0,0,1.0,1,1.0,1,1.0,1,0.20061656764934355,66
4334,1,7078,3429,3649,0,0,0,1.0,1,1.0,1,1.0,1,0.21662429630506252,66
4335,0,7078,3429,3649,0,0,0,1.0,1,1.0,1,1.0,1,0.22996174834741828,65
4336,3,7081,3431,3650,0,0,0,1.0,1,1.0,1,1.0,1,0.22434711935312748,67
4337,1,7082,3431,3651,0,0,0,1.0,1,1.0,1,1.0,1,0.2316756295042527,69
4338,2,7084,3431,3653,0,0,0,1.0,1,1.0,1,1.0,1,0.2125966437004866,70
4339,1,7085,3431,3654,0,0,0,1.0,1,1.0,1,1.0,1,0.21795177372981525,70
4340,1,7086,3431,3655,0,0,0,1.0,1,1.0,1,1.0,1,0.20814103170743187,71
4341,3,7089,3433,3656,0,0,0,1.0,1,1.0,1,1.0,1,0.22505572075509742,70
4342,3,7092,3435,3657,0,0,0,1.0,1,1.0,1,1.0,1,0.24830335029744235,71
4343,5,7097,3439,3658,0,0,0,1.0,1,1.0,1,1.0,1,0.2820084698361219,67
4344,5,7102,3441,3661,0,0,0,1.0,1,1.0,1,1.0,1,0.2593013782485264,67
4345,5,7107,3444,3663,0,0,0,1.0,1,1.0,1,1.0,1,0.25193312703025184,64
4346,6,7113,3448,3665,0,0,0,1.0,1,1.0,1,1.0,1,0.2546512080493315,64
4347,5,7118,3451,3667,0,0,0,1.0,1,1.0,1,1.0,1,0.2619057814470149,62
4348,3,7121,3453,3668,0,0,0,1.0,1,1.0,1,1.0,1,0.26292510304489286,62
4349,1,7122,3454,3668,0,0,0,1.0,1,1.0,1,1.0,1,0.297524662612764,61
4350,3,7125,3456,3669,0,0,0,1.0,1,1.0,1,1.0,1,0.30021929954551535,60
4351,1,7126,3456,3670,0,0,0,1.0,1,1.0,1,1.0,1,0.29502700905026524,60
4352,1,7127,3456,3671,0,0,0,1.0,1,1.0,1,1.0,1,0.3127797315505261,57
4353,2,7129,3456,3673,0,0,0,1.0,1,1.0,1,1.0,1,0.30539839405795594,55
4354,2,7131,3457,3674,0,0,0,1.0,1,1.0,1,1.0,1,0.28777666854357487,55
4355,3,7134,3457,3677,0,0,0,1.0,1,1.0,1,1.0,1,0.2898627755710873,53
4356,0,7134,3457,3677,0,0,0,1.0,1,1.0,1,1.0,1,0.25401015741075633,55
4357,1,7135,3457,3678,0,0,0,1.0,1,1.0,1,1.0,1,0.24629364577493992,55
4358,2,7137,3458,3679,0,0,0,1.0,1,1.0,1,1.0,1,0.21362469953872057,55
4359,0,7137,3458,3679,0,0,0,1.0,1,1.0,1,1.0,1,0.22126569209467592,54
4360,1,7138,3459,3679,0,0,0,1.0,1,1.0,1,1.0,1,0.21456485293970556,55
4361,2,7140,3460,3680,0,0,0,1.0,1,1.0,1,1.0,1,0.2274027459216954,54
4362,1,7141,3460,3681,0,0,0,1.0,1,1.0,1,1.0,1,0.20546505020431274,55
4363,4,7145,3462,3683,0,0,0,1.0,1,1.0,1,1.0,1,0.20306885894385837,55
4364,2,7147,3463,3684,0,0,0,1.0,1,1.0,1,1.0,1,0.20187266092463307,55
4365,1,7148,3463,3685,0,0,0,1.0,1,1.0,1,1.0,1,0.20113497437202207,54
4366,1,7149,3464,3685,0,0,0,1.0,1,1.0,1,1.0,1,0.20658339866734227,54
4367,2,7151,3464,3687,0,0,0,1.0,1,1.0,1,1.0,1,0.19983668415894734,57
4368,3,7154,3465,3689,0,0,0,1.0,1,1.0,1,1.0,1,0.2300531481637667,57
4369,1,7155,3465,3690,0,0,0,1.0,1,1.0,1,1.0,1,0.22007808823421562,58
4370,0,7155,3465,3690,0,0,0,1.0,1,1.0,1,1.0,1,0.2315816151182219,59
4371,0,7155,3465,3690,0,0,0,1.0,1,1.0,1,1.0,1,0.2285365497824449,60
4372,3,7158,3468,3690,0,0,0,1.0,1,1.0,1,1.0,1,0.24161919977487942,60
4373,2,7160,3468,3692,0,0,0,1.0,1,1.0,1,1.0,1,0.2156336994373529,60
4374,1,7161,3469,3692,0,0,0,1.0,1,1.0,1,1.0,1,0.2506341157276403,59
4375,0,7161,3469,3692,0,0,0,1.0,1,1.0,1,1.0,1,0.25814870867727996,60
4376,0,7161,3469,3692,0,0,0,1.0,1,1.0,1,1.0,1,0.2758417955470829,60
4377,2,7163,3470,3693,0,0,0,1.0,1,1.0,1,1.0,1,0.2830318120217307,61
4378,1,7164,3470,3694,0,0,0,1.0,1,1.0,1,1.0,1,0.24589365292546653,64
4379,0,7164,3470,3694,0,0,0,1.0,1,1.0,1,1.0,1,0.24589365292546653,64
4380,2,7166,3471,3695,0,0,0,1.0,1,1.0,1,1.0,1,0.2326142952875929,65
4381,1,7167,3471,3696,0,0,0,1.0,1,1.0,1,1.0,1,0.2273361072905986,64
4382,1,7168,3472,3696,0,0,0,1.0,1,1.0,1,1.0,1,0.24429861510036743,64
4383,3,7171,3474,3697,0,0,0,1.0,1,1.0,1,1.0,1,0.2618171808445781,64
4384,4,7175,3476,3699,0,0,0,1.0,1,1.0,1,1.0,1,0.29218809596265755,60
4385,1,7176,3476,3700,0,0,0,1.0,1,1.0,1,1.0,1,0.2724356101448466,58
4386,3,7179,3479,3700,0,0,0,1.0,1,1.0,1,1.0,1,0.3001986028091695,58
4387,3,7182,3479,3703,0,0,0,1.0,1,1.0,1,1.0,1,0.24102539392073005,55
4388,3,7185,3480,3705,0,0,0,1.0,1,1.0,1,1.0,1,0.24043381424913837,56
4389,0,7185,3480,3705,0,0,0,1.0,1,1.0,1,1.0,1,0.21002291182324154,55
4390,3,7188,3482,3706,0,0,0,1.0,1,1.0,1,1.0,1,0.22440921528003127,55
4391,2,7190,3484,3706,0,0,0,1.0,1,1.0,1,1.0,1,0.2313360940223742,56
4392,2,7192,3484,3708,0,0,0,1.0,1,1.0,1,1.0,1,0.2285933779371053,56
4393,1,7193,3485,3708,0,0,0,1.0,1,1.0,1,1.0,1,0.27020463526831867,55
4394,2,7195,3487,3708,0,0,0,1.0,1,1.0,1,1.0,1,0.2777640572126251,53
4395,1,7196,3488,3708,0,0,0,1.0,1,1.0,1,1.0,1,0.2946061457671227,53
4396,2,7198,3490,3708,0,0,0,1.0,1,1.0,1,1.0,1,0.30722892799183704,53
4397,1,7199,3491,3708,0,0,0,1.0,1,1.0,1,1.0,1,0.3123788148822388,50
4398,1,7200,3492,3708,0,0,0,1.0,1,1.0,1,1.0,1,0.36833963011104165,50
4399,1,7201,3492,3709,0,0,0,1.0,1,1.0,1,1.0,1,0.35611653933623033,52
4400,3,7204,3493,3711,0,0,0,1.0,1,1.0,1,1.0,1,0.3571121010068207,55
4401,1,7205,3493,3712,0,0,0,1.0,1,1.0,1,1.0,1,0.33097567410414586,56
4402,0,7205,3493,3712,0,0,0,1.0,1,1.0,1,1.0,1,0.33097567410414586,56
4403,5,7210,3495,3715,0,0,0,1.0,1,1.0,1,1.0,1,0.3009345806977382,57
4404,1,7211,3496,3715,0,0,0,1.0,1,1.0,1,1.0,1,0.3152319209217241,57
4405,0,7211,3496,3715,0,0,0,1.0,1,1.0,1,1.0,1,0.31135092662613045,58
4406,0,7211,3496,3715,0,0,0,1.0,1,1.0,1,1.0,1,0.31135092662613045,58
4407,0,7211,3496,3715,0,0,0,1.0,1,1.0,1,1.0,1,0.31135092662613045,58
4408,1,7212,3497,3715,0,0,0,1.0,1,1.0,1,1.0,1,0.3271924866950407,59
4409,0,7212,3497,3715,0,0,0,1.0,1,1.0,1,1.0,1,0.3271924866950407,59
4410,0,7212,3497,3715,0,0,0,1.0,1,1.0,1,1.0,1,0.3271924866950407,59
4411,2,7214,3497,3717,0,0,0,1.0,1,1.0,1,1.0,1,0.29781078906025577,62
4412,0,7214,3497,3717,0,0,0,1.0,1,1.0,1,1.0,1,0.2918951203842631,63
4413,0,7214,3497,3717,0,0,0,1.0,1,1.0,1,1.0,1,0.2918951203842631,63
4414,1,7215,3497,3718,0,0,0,1.0,1,1.0,1,1.0,1,0.28421011392169987,64
4415,1,7216,3497,3719,0,0,0,1.0,1,1.0,1,1.0,1,0.27869225519750357,64
4416,0,7216,3497,3719,0,0,0,1.0,1,1.0,1,1.0,1,0.27869225519750357,64
4417,2,7218,3497,3721,0,0,0,1.0,1,1.0,1,1.0,1,0.2716357552142268,65
4418,3,7221,3499,3722,0,0,0,1.0,1,1.0,1,1.0,1,0.29398344078996513,65
4419,2,7223,3499,3724,0,0,0,1.0,1,1.0,1,1.0,1,0.3161844783759695,62
4420,2,7225,3499,3726,0,0,0,1.0,1,1.0,1,1.0,1,0.29858344397477177,62
4421,1,7226,3500,3726,0,0,0,1.0,1,1.0,1,1.0,1,0.3050165771187204,65
4422,3,7229,3502,3727,0,0,0,1.0,1,1.0,1,1.0,1,0.31970106343162463,64
4423,1,7230,3502,3728,0,0,0,1.0,1,1.0,1,1.0,1,0.3033715863801278,63
4424,1,7231,3503,3728,0,0,0,1.0,1,1.0,1,1.0,1,0.31427441721552735,63
4425,7,7238,3505,3733,0,0,0,1.0,1,1.0,1,1.0,1,0.264120065539706,63
4426,5,7243,3507,3736,0,0,0,1.0,1,1.0,1,1.0,1,0.23470418061508197,63
4427,1,7244,3507,3737,0,0,0,1.0,1,1.0,1,1.0,1,0.2122572245335749,62
4428,1,7245,3507,3738,0,0,0,1.0,1,1.0,1,1.0,1,0.19911235588856924,61
4429,1,7246,3508,3738,0,0,0,1.0,1,1.0,1,1.0,1,0.23238862263614496,62
4430,1,7247,3509,3738,0,0,0,1.0,1,1.0,1,1.0,1,0.24718925451976234,60
4431,3,7250,3512,3738,0,0,0,1.0,1,1.0,1,1.0,1,0.21539167804474701,59
4432,2,7252,3512,3740,0,0,0,1.0,1,1.0,1,1.0,1,0.17943781495300762,60
4433,4,7256,3514,3742,0,0,0,1.0,1,1.0,1,1.0,1,0.1551318735745655,61
4434,2,7258,3516,3742,0,0,0,1.0,1,1.0,1,1.0,1,0.16601750516900576,61
4435,4,7262,3518,3744,0,0,0,1.0,1,1.0,1,1.0,1,0.1579531888589354,61
4436,1,7263,3519,3744,0,0,0,1.0,1,1.0,1,1.0,1,0.18308551543194318,61
4437,4,7267,3523,3744,0,0,0,1.0,1,1.0,1,1.0,1,0.21627767328049521,61
4438,1,7268,3523,3745,0,0,0,1.0,1,1.0,1,1.0,1,0.20452778084821555,62
4439,1,7269,3523,3746,0,0,0,1.0,1,1.0,1,1.0,1,0.20329122057028376,63
4440,2,7271,3523,3748,0,0,0,1.0,1,1.0,1,1.0,1,0.18360918535044451,64
4441,0,7271,3523,3748,0,0,0,1.0,1,1.0,1,1.0,1,0.18360918535044451,64
4442,1,7272,3524,3748,0,0,0,1.0,1,1.0,1,1.0,1,0.1979586236101618,67
4443,2,7274,3524,3750,0,0,0,1.0,1,1.0,1,1.0,1,0.16932214942102208,68
4444,2,7276,3525,3751,0,0,0,1.0,1,1.0,1,1.0,1,0.1788190909896198,69
4445,3,7279,3526,3753,0,0,0,1.0,1,1.0,1,1.0,1,0.18039942732322267,71
4446,2,7281,3526,3755,0,0,0,1.0,1,1.0,1,1.0,1,0.16027032390271498,71
4447,1,7282,3526,3756,0,0,0,1.0,1,1.0,1,1.0,1,0.16155307207441807,72
4448,0,7282,3526,3756,0,0,0,1.0,1,1.0,1,1.0,1,0.16780716163838988,71
4449,1,7283,3527,3756,0,0,0,1.0,1,1.0,1,1.0,1,0.17635149600178254,70
4450,0,7283,3527,3756,0,0,0,1.0,1,1.0,1,1.0,1,0.18342668790124733,69
4451,0,7283,3527,3756,0,0,0,1.0,1,1.0,1,1.0,1,0.18909676070489342,69
4452,0,7283,3527,3756,0,0,0,1.0,1,1.0,1,1.0,1,0.19032219248240292,70
4453,3,7286,3527,3759,0,0,0,1.0,1,1.0,1,1.0,1,0.18062784487032776,70
4454,4,7290,3529,3761,0,0,0,1.0,1,1.0,1,1.0,1,0.201304192880269,71
4455,4,7294,3530,3764,0,0,0,1.0,1,1.0,1,1.0,1,0.1783207003705028,71
4456,2,7296,3532,3764,0,0,0,1.0,1,1.0,1,1.0,1,0.19115160794927552,71
4457,3,7299,3533,3766,0,0,0,1.0,1,1.0,1,1.0,1,0.15679575130961693,69
4458,6,7305,3537,3768,0,0,0,1.0,1,1.0,1,1.0,1,0.188768921965828,70
4459,4,7309,3539,3770,0,0,0,1.0,1,1.0,1,1.0,1,0.18565807323636616,68
4460,4,7313,3542,3771,0,0,0,1.0,1,1.0,1,1.0,1,0.16963172565816578,68
4461,1,7314,3542,3772,0,0,0,1.0,1,1.0,1,1.0,1,0.16005485257116875,67
4462,3,7317,3545,3772,0,0,0,1.0,1,1.0,1,1.0,1,0.17935567711118217,66
4463,2,7319,3547,3772,0,0,0,1.0,1,1.0,1,1.0,1,0.18788864464772678,65
4464,5,7324,3550,3774,0,0,0,1.0,1,1.0,1,1.0,1,0.23484066933864364,62
4465,8,7332,3554,3778,0,0,0,1.0,1,1.0,1,1.0,1,0.20282275337503936,61
4466,0,7332,3554,3778,0,0,0,1.0,1,1.0,1,1.0,1,0.210406037834621,60
4467,3,7335,3556,3779,0,0,0,1.0,1,1.0,1,1.0,1,0.21754958201645838,58
4468,3,7338,3557,3781,0,0,0,1.0,1,1.0,1,1.0,1,0.18721479038089003,57
4469,3,7341,3558,3783,0,0,0,1.0,1,1.0,1,1.0,1,0.18648407863381267,56
4470,2,7343,3559,3784,0,0,0,1.0,1,1.0,1,1.0,1,0.17029288532927697,55
4471,1,7344,3560,3784,0,0,0,1.0,1,1.0,1,1.0,1,0.17172442517755157,55
4472,2,7346,3562,3784,0,0,0,1.0,1,1.0,1,1.0,1,0.17710233550005444,55
4473,1,7347,3563,3784,0,0,0,1.0,1,1.0,1,1.0,1,0.1763460420087197,55
4474,3,7350,3565,3785,0,0,0,1.0,1,1.0,1,1.0,1,0.21153173851948515,55
4475,2,7352,3566,3786,0,0,0,1.0,1,1.0,1,1.0,1,0.173848715804603,56
4476,3,7355,3567,3788,0,0,0,1.0,1,1.0,1,1.0,1,0.15446976437707588,56
4477,0,7355,3567,3788,0,0,0,1.0,1,1.0,1,1.0,1,0.16612191843296042,57
4478,0,7355,3567,3788,0,0,0,1.0,1,1.0,1,1.0,1,0.17112770195483754,55
4479,1,7356,3568,3788,0,0,0,1.0,1,1.0,1,1.0,1,0.1856189891704182,55
4480,0,7356,3568,3788,0,0,0,1.0,1,1.0,1,1.0,1,0.1888678082592976,54
4481,3,7359,3568,3791,0,0,0,1.0,1,1.0,1,1.0,1,0.20486261115420826,53
4482,4,7363,3570,3793,0,0,0,1.0,1,1.0,1,1.0,1,0.1837160486732502,54
4483,0,7363,3570,3793,0,0,0,1.0,1,1.0,1,1.0,1,0.18423153321906335,55
4484,2,7365,3572,3793,0,0,0,1.0,1,1.0,1,1.0,1,0.20277721939668614,57
4485,5,7370,3574,3796,0,0,0,1.0,1,1.0,1,1.0,1,0.2160037040364815,60
4486,8,7378,3576,3802,0,0,0,1.0,1,1.0,1,1.0,1,0.13967628879176286,60
4487,1,7379,3576,3803,0,0,0,1.0,1,1.0,1,1.0,1,0.1326301989721188,60
4488,0,7379,3576,3803,0,0,0,1.0,1,1.0,1,1.0,1,0.1326301989721188,60
4489,1,7380,3577,3803,0,0,0,1.0,1,1.0,1,1.0,1,0.12681587709199124,60
4490,0,7380,3577,3803,0,0,0,1.0,1,1.0,1,1.0,1,0.12681587709199124,60
4491,1,7381,3578,3803,0,0,0,1.0,1,1.0,1,1.0,1,0.13251364743719754,61
4492,0,7381,3578,3803,0,0,0,1.0,1,1.0,1,1.0,1,0.13251364743719754,61
4493,1,7382,3579,3803,0,0,0,1.0,1,1.0,1,1.0,1,0.15803241172749313,60
4494,3,7385,3581,3804,0,0,0,1.0,1,1.0,1,1.0,1,0.1633598626995457,61
4495,0,7385,3581,3804,0,0,0,1.0,1,1.0,1,1.0,1,0.16131811849023567,59
4496,1,7386,3581,3805,0,0,0,1.0,1,1.0,1,1.0,1,0.17311173222893658,60
4497,1,7387,3582,3805,0,0,0,1.0,1,1.0,1,1.0,1,0.20662032436818506,59
4498,0,7387,3582,3805,0,0,0,1.0,1,1.0,1,1.0,1,0.2167840942377111,57
4499,5,7392,3585,3807,0,0,0,1.0,1,1.0,1,1.0,1,0.2647176144895931,58
4500,2,7394,3586,3808,0,0,0,1.0,1,1.0,1,1.0,1,0.23348905552514293,56
4501,2,7396,3586,3810,0,0,0,1.0,1,1.0,1,1.0,1,0.22252888257409428,57
4502,5,7401,3590,3811,0,0,0,1.0,1,1.0,1,1.0,1,0.2609916994339758,56
4503,3,7404,3590,3814,0,0,0,1.0,1,1.0,1,1.0,1,0.19983107071566517,54
4504,0,7404,3590,3814,0,0,0,1.0,1,1.0,1,1.0,1,0.18354532496850537,54
4505,1,7405,3591,3814,0,0,0,1.0,1,1.0,1,1.0,1,0.1869524455079124,51
4506,1,7406,3592,3814,0,0,0,1.0,1,1.0,1,1.0,1,0.1977497771174759,49
4507,3,7409,3594,3815,0,0,0,1.0,1,1.0,1,1.0,1,0.20579161456751183,48
4508,1,7410,3594,3816,0,0,0,1.0,1,1.0,1,1.0,1,0.22325191574639844,48
4509,3,7413,3597,3816,0,0,0,1.0,1,1.0,1,1.0,1,0.2539128197121473,46
4510,2,7415,3597,3818,0,0,0,1.0,1,1.0,1,1.0,1,0.231799332247474,44
4511,3,7418,3598,3820,0,0,0,1.0,1,1.0,1,1.0,1,0.23026752333226172,45
4512,3,7421,3599,3822,0,0,0,1.0,1,1.0,1,1.0,1,0.19771558151951932,46
4513,1,7422,3599,3823,0,0,0,1.0,1,1.0,1,1.0,1,0.20601002180373548,45
4514,1,7423,3599,3824,0,0,0,1.0,1,1.0,1,1.0,1,0.16775575325272604,46
4515,1,7424,3599,3825,0,0,0,1.0,1,1.0,1,1.0,1,0.1739666544852919,48
4516,2,7426,3600,3826,0,0,0,1.0,1,1.0,1,1.0,1,0.1790187688798058,49
4517,0,7426,3600,3826,0,0,0,1.0,1,1.0,1,1.0,1,0.1904488228635496,50
4518,2,7428,3602,3826,0,0,0,1.0,1,1.0,1,1.0,1,0.1917131059460153,50
4519,2,7430,3604,3826,0,0,0,1.0,1,1.0,1,1.0,1,0.2081918504613423,49
4520,1,7431,3604,3827,0,0,0,1.0,1,1.0,1,1.0,1,0.20549773977586144,50
4521,2,7433,3605,3828,0,0,0,1.0,1,1.0,1,1.0,1,0.17916846624691915,50
4522,0,7433,3605,3828,0,0,0,1.0,1,1.0,1,1.0,1,0.17916846624691915,50
4523,0,7433,3605,3828,0,0,0,1.0,1,1.0,1,1.0,1,0.18289533566856758,51
4524,2,7435,3606,3829,0,0,0,1.0,1,1.0,1,1.0,1,0.1844594860227871,52
4525,3,7438,3607,3831,0,0,0,1.0,1,1.0,1,1.0,1,0.16879039892187642,53
4526,0,7438,3607,3831,0,0,0,1.0,1,1.0,1,1.0,1,0.15662602698003944,54
4527,0,7438,3607,3831,0,0,0,1.0,1,1.0,1,1.0,1,0.1700421467267117,55
4528,0,7438,3607,3831,0,0,0,1.0,1,1.0,1,1.0,1,0.1700421467267117,55
4529,0,7438,3607,3831,0,0,0,1.0,1,1.0,1,1.0,1,0.17654348359766586,55
4530,0,7438,3607,3831,0,0,0,1.0,1,1.0,1,1.0,1,0.1883688488703329,56
4531,5,7443,3610,3833,0,0,0,1.0,1,1.0,1,1.0,1,0.18058334635059586,56
4532,3,7446,3611,3835,0,0,0,1.0,1,1.0,1,1.0,1,0.19401485904236804,55
4533,1,7447,3612,3835,0,0,0,1.0,1,1.0,1,1.0,1,0.24519609275471796,54
4534,2,7449,3612,3837,0,0,0,1.0,1,1.0,1,1.0,1,0.21558560067464383,55
4535,3,7452,3613,3839,0,0,0,1.0,1,1.0,1,1.0,1,0.19706353578261301,52
4536,3,7455,3615,3840,0,0,0,1.0,1,1.0,1,1.0,1,0.23942408460925643,53
4537,2,7457,3616,3841,0,0,0,1.0,1,1.0,1,1.0,1,0.21561424168203439,52
4538,4,7461,3617,3844,0,0,0,1.0,1,1.0,1,1.0,1,0.21416129070191534,52
4539,1,7462,3618,3844,0,0,0,1.0,1,1.0,1,1.0,1,0.23604635416954065,53
4540,5,7467,3619,3848,0,0,0,1.0,1,1.0,1,1.0,1,0.2191252508481167,54
4541,2,7469,3619,3850,0,0,0,1.0,1,1.0,1,1.0,1,0.21251718854846643,53
4542,3,7472,3621,3851,0,0,0,1.0,1,1.0,1,1.0,1,0.23734393379102295,53
4543,7,7479,3622,3857,0,0,0,1.0,1,1.0,1,1.0,1,0.1630998746017629,53
4544,2,7481,3624,3857,0,0,0,1.0,1,1.0,1,1.0,1,0.1628265502796106,52
4545,1,7482,3624,3858,0,0,0,1.0,1,1.0,1,1.0,1,0.16047380426026137,50
4546,0,7482,3624,3858,0,0,0,1.0,1,1.0,1,1.0,1,0.17635740054458596,49
4547,2,7484,3626,3858,0,0,0,1.0,1,1.0,1,1.0,1,0.18010387505791345,49
4548,1,7485,3626,3859,0,0,0,1.0,1,1.0,1,1.0,1,0.16749663428689335,49
4549,0,7485,3626,3859,0,0,0,1.0,1,1.0,1,1.0,1,0.16294884458168746,50
4550,1,7486,3627,3859,0,0,0,1.0,1,1.0,1,1.0,1,0.1855724965443057,49
4551,0,7486,3627,3859,0,0,0,1.0,1,1.0,1,1.0,1,0.1855724965443057,49
4552,0,7486,3627,3859,0,0,0,1.0,1,1.0,1,1.0,1,0.1855724965443057,49
4553,2,7488,3628,3860,0,0,0,1.0,1,1.0,1,1.0,1,0.21143874381354952,49
4554,2,7490,3629,3861,0,0,0,1.0,1,1.0,1,1.0,1,0.2062726304634452,49
4555,1,7491,3630,3861,0,0,0,1.0,1,1.0,1,1.0,1,0.2227182522553821,48
4556,3,7494,3633,3861,0,0,0,1.0,1,1.0,1,1.0,1,0.16343843698589333,48
4557,1,7495,3634,3861,0,0,0,1.0,1,1.0,1,1.0,1,0.1952104777882506,49
4558,0,7495,3634,3861,0,0,0,1.0,1,1.0,1,1.0,1,0.17078048947595514,49
4559,0,7495,3634,3861,0,0,0,1.0,1,1.0,1,1.0,1,0.19877241679612082,50
4560,0,7495,3634,3861,0,0,0,1.0,1,1.0,1,1.0,1,0.2131702764166322,51
4561,0,7495,3634,3861,0,0,0,1.0,1,1.0,1,1.0,1,0.21648586271646036,52
4562,3,7498,3635,3863,0,0,0,1.0,1,1.0,1,1.0,1,0.24213096543974796,53
4563,3,7501,3636,3865,0,0,0,1.0,1,1.0,1,1.0,1,0.20319920902651176,52
4564,3,7504,3636,3868,0,0,0,1.0,1,1.0,1,1.0,1,0.1672704462470191,54
4565,2,7506,3637,3869,0,0,0,1.0,1,1.0,1,1.0,1,0.1801515947881056,55
4566,0,7506,3637,3869,0,0,0,1.0,1,1.0,1,1.0,1,0.1801515947881056,55
4567,2,7508,3639,3869,0,0,0,1.0,1,1.0,1,1.0,1,0.16459657282551862,56
4568,2,7510,3640,3870,0,0,0,1.0,1,1.0,1,1.0,1,0.1745816897217025,58
4569,1,7511,3640,3871,0,0,0,1.0,1,1.0,1,1.0,1,0.1667425709451307,59
4570,1,7512,3641,3871,0,0,0,1.0,1,1.0,1,1.0,1,0.1604326376070175,59
4571,0,7512,3641,3871,0,0,0,1.0,1,1.0,1,1.0,1,0.14557585680814586,57
4572,3,7515,3643,3872,0,0,0,1.0,1,1.0,1,1.0,1,0.17641109771170602,56
4573,1,7516,3644,3872,0,0,0,1.0,1,1.0,1,1.0,1,0.19637472169691064,56
4574,2,7518,3644,3874,0,0,0,1.0,1,1.0,1,1.0,1,0.1942814248842229,55
4575,0,7518,3644,3874,0,0,0,1.0,1,1.0,1,1.0,1,0.1942814248842229,55
4576,0,7518,3644,3874,0,0,0,1.0,1,1.0,1,1.0,1,0.219574725694653,55
4577,0,7518,3644,3874,0,0,0,1.0,1,1.0,1,1.0,1,0.23415764313905543,54
4578,1,7519,3645,3874,0,0,0,1.0,1,1.0,1,1.0,1,0.2301232716538494,54
4579,1,7520,3645,3875,0,0,0,1.0,1,1.0,1,1.0,1,0.21513904307164503,54
4580,1,7521,3645,3876,0,0,0,1.0,1,1.0,1,1.0,1,0.19688010655193994,55
4581,2,7523,3646,3877,0,0,0,1.0,1,1.0,1,1.0,1,0.21893492814682836,56
4582,1,7524,3646,3878,0,0,0,1.0,1,1.0,1,1.0,1,0.20061578093029775,56
4583,1,7525,3647,3878,0,0,0,1.0,1,1.0,1,1.0,1,0.21080251229689068,57
4584,2,7527,3648,3879,0,0,0,1.0,1,1.0,1,1.0,1,0.2262415174417858,57
4585,0,7527,3648,3879,0,0,0,1.0,1,1.0,1,1.0,1,0.2262415174417858,57
4586,0,7527,3648,3879,0,0,0,1.0,1,1.0,1,1.0,1,0.2262415174417858,57
4587,0,7527,3648,3879,0,0,0,1.0,1,1.0,1,1.0,1,0.2262415174417858,57
4588,0,7527,3648,3879,0,0,0,1.0,1,1.0,1,1.0,1,0.23785550871514397,58
4589,0,7527,3648,3879,0,0,0,1.0,1,1.0,1,1.0,1,0.24018686349683102,59
4590,0,7527,3648,3879,0,0,0,1.0,1,1.0,1,1.0,1,0.24651298061787705,60
4591,0,7527,3648,3879,0,0,0,1.0,1,1.0,1,1.0,1,0.2576698751478164,61
4592,0,7527,3648,3879,0,0,0,1.0,1,1.0,1,1.0,1,0.2604591010879275,62
4593,4,7531,3648,3883,0,0,0,1.0,1,1.0,1,1.0,1,0.2107026087418386,64
4594,0,7531,3648,3883,0,0,0,1.0,1,1.0,1,1.0,1,0.2107026087418386,64
4595,0,7531,3648,3883,0,0,0,1.0,1,1.0,1,1.0,1,0.22049750560183287,63
4596,0,7531,3648,3883,0,0,0,1.0,1,1.0,1,1.0,1,0.22049750560183287,63
4597,3,7534,3650,3884,0,0,0,1.0,1,1.0,1,1.0,1,0.19873084584067574,63
4598,2,7536,3651,3885,0,0,0,1.0,1,1.0,1,1.0,1,0.1876923994673512,65
4599,3,7539,3652,3887,0,0,0,1.0,1,1.0,1,1.0,1,0.17667421107664658,66
4600,2,7541,3653,3888,0,0,0,1.0,1,1.0,1,1.0,1,0.18590419717673057,67
4601,0,7541,3653,3888,0,0,0,1.0,1,1.0,1,1.0,1,0.18590419717673057,67
4602,1,7542,3653,3889,0,0,0,1.0,1,1.0,1,1.0,1,0.1724161061476605,69
4603,1,7543,3654,3889,0,0,0,1.0,1,1.0,1,1.0,1,0.18249597095307554,69
4604,0,7543,3654,3889,0,0,0,1.0,1,1.0,1,1.0,1,0.18249597095307554,69
4605,0,7543,3654,3889,0,0,0,1.0,1,1.0,1,1.0,1,0.1770381127528048,70
4606,0,7543,3654,3889,0,0,0,1.0,1,1.0,1,1.0,1,0.1770381127528048,70
4607,0,7543,3654,3889,0,0,0,1.0,1,1.0,1,1.0,1,0.18016370941189327,72
4608,1,7544,3654,3890,0,0,0,1.0,1,1.0,1,1.0,1,0.1784093532810972,73
4609,1,7545,3655,3890,0,0,0,1.0,1,1.0,1,1.0,1,0.18673640985302015,72
4610,2,7547,3656,3891,0,0,0,1.0,1,1.0,1,1.0,1,0.1783122754089125,72
4611,3,7550,3656,3894,0,0,0,1.0,1,1.0,1,1.0,1,0.17681546137961265,71
4612,2,7552,3658,3894,0,0,0,1.0,1,1.0,1,1.0,1,0.22407713021177103,70
4613,0,7552,3658,3894,0,0,0,1.0,1,1.0,1,1.0,1,0.21138901655049375,69
4614,0,7552,3658,3894,0,0,0,1.0,1,1.0,1,1.0,1,0.21654804234855893,68
4615,3,7555,3660,3895,0,0,0,1.0,1,1.0,1,1.0,1,0.21618785529977805,68
4616,1,7556,3660,3896,0,0,0,1.0,1,1.0,1,1.0,1,0.2393300412375633,65
4617,3,7559,3661,3898,0,0,0,1.0,1,1.0,1,1.0,1,0.2216085922521799,66
4618,2,7561,3662,3899,0,0,0,1.0,1,1.0,1,1.0,1,0.22414754719114272,66
4619,1,7562,3662,3900,0,0,0,1.0,1,1.0,1,1.0,1,0.21965273808543662,65
4620,1,7563,3662,3901,0,0,0,1.0,1,1.0,1,1.0,1,0.21091808642504517,65
4621,6,7569,3667,3902,0,0,0,1.0,1,1.0,1,1.0,1,0.25005857183294167,67
4622,0,7569,3667,3902,0,0,0,1.0,1,1.0,1,1.0,1,0.2615249730978177,65
4623,5,7574,3671,3903,0,0,0,1.0,1,1.0,1,1.0,1,0.26993706474499723,66
4624,3,7577,3673,3904,0,0,0,1.0,1,1.0,1,1.0,1,0.25230071250938096,65
4625,3,7580,3673,3907,0,0,0,1.0,1,1.0,1,1.0,1,0.22856400921268796,64
4626,4,7584,3675,3909,0,0,0,1.0,1,1.0,1,1.0,1,0.21083828832890056,63
4627,3,7587,3676,3911,0,0,0,1.0,1,1.0,1,1.0,1,0.193737857557435,65
4628,2,7589,3676,3913,0,0,0,1.0,1,1.0,1,1.0,1,0.17897395933350765,64
4629,1,7590,3677,3913,0,0,0,1.0,1,1.0,1,1.0,1,0.18490234203116102,64
4630,1,7591,3677,3914,0,0,0,1.0,1,1.0,1,1.0,1,0.16760039067063986,64
4631,6,7597,3678,3919,0,0,0,1.0,1,1.0,1,1.0,1,0.17321367714205385,66
4632,0,7597,3678,3919,0,0,0,1.0,1,1.0,1,1.0,1,0.1848685955337517,65
4633,0,7597,3678,3919,0,0,0,1.0,1,1.0,1,1.0,1,0.18186466224012224,66
4634,0,7597,3678,3919,0,0,0,1.0,1,1.0,1,1.0,1,0.18186466224012224,66
4635,0,7597,3678,3919,0,0,0,1.0,1,1.0,1,1.0,1,0.18173933451258578,66
4636,0,7597,3678,3919,0,0,0,1.0,1,1.0,1,1.0,1,0.18173933451258578,66
4637,3,7600,3678,3922,0,0,0,1.0,1,1.0,1,1.0,1,0.14561769097838984,68
4638,1,7601,3678,3923,0,0,0,1.0,1,1.0,1,1.0,1,0.1374678606334528,68
4639,1,7602,3679,3923,0,0,0,1.0,1,1.0,1,1.0,1,0.1511298712950506,69
4640,0,7602,3679,3923,0,0,0,1.0,1,1.0,1,1.0,1,0.1511298712950506,69
4641,2,7604,3680,3924,0,0,0,1.0,1,1.0,1,1.0,1,0.1680186844307937,70
4642,3,7607,3680,3927,0,0,0,1.0,1,1.0,1,1.0,1,0.1444392396726336,69
4643,1,7608,3681,3927,0,0,0,1.0,1,1.0,1,1.0,1,0.16244298837563056,70
4644,1,7609,3682,3927,0,0,0,1.0,1,1.0,1,1.0,1,0.19250022981966355,69
4645,2,7611,3682,3929,0,0,0,1.0,1,1.0,1,1.0,1,0.17138536824803857,70
4646,3,7614,3684,3930,0,0,0,1.0,1,1.0,1,1.0,1,0.20550965898473483,68
4647,2,7616,3686,3930,0,0,0,1.0,1,1.0,1,1.0,1,0.2236557038797126,68
4648,1,7617,3686,3931,0,0,0,1.0,1,1.0,1,1.0,1,0.24311344363836165,67
4649,3,7620,3687,3933,0,0,0,1.0,1,1.0,1,1.0,1,0.2595582334638449,67
4650,1,7621,3687,3934,0,0,0,1.0,1,1.0,1,1.0,1,0.23261586703947154,67
4651,4,7625,3689,3936,0,0,0,1.0,1,1.0,1,1.0,1,0.23894169255339065,68
4652,1,7626,3690,3936,0,0,0,1.0,1,1.0,1,1.0,1,0.2596980270218248,66
4653,0,7626,3690,3936,0,0,0,1.0,1,1.0,1,1.0,1,0.246496922932291,64
4654,3,7629,3691,3938,0,0,0,1.0,1,1.0,1,1.0,1,0.2612008661275793,65
4655,0,7629,3691,3938,0,0,0,1.0,1,1.0,1,1.0,1,0.25566604911422747,64
4656,2,7631,3692,3939,0,0,0,1.0,1,1.0,1,1.0,1,0.26901763740777407,65
4657,5,7636,3693,3943,0,0,0,1.0,1,1.0,1,1.0,1,0.2513038795238407,66
4658,5,7641,3694,3947,0,0,0,1.0,1,1.0,1,1.0,1,0.25942152820307646,65
4659,0,7641,3694,3947,0,0,0,1.0,1,1.0,1,1.0,1,0.25942152820307646,65
4660,1,7642,3695,3947,0,0,0,1.0,1,1.0,1,1.0,1,0.26985985119763695,66
4661,0,7642,3695,3947,0,0,0,1.0,1,1.0,1,1.0,1,0.29085455781556857,66
4662,2,7644,3695,3949,0,0,0,1.0,1,1.0,1,1.0,1,0.26998965474057396,68
4663,2,7646,3695,3951,0,0,0,1.0,1,1.0,1,1.0,1,0.250651997351532,67
4664,3,7649,3697,3952,0,0,0,1.0,1,1.0,1,1.0,1,0.2611503634732705,67
4665,4,7653,3698,3955,0,0,0,1.0,1,1.0,1,1.0,1,0.23047297557276777,67
4666,0,7653,3698,3955,0,0,0,1.0,1,1.0,1,1.0,1,0.2452770504619641,67
4667,1,7654,3699,3955,0,0,0,1.0,1,1.0,1,1.0,1,0.25087461892526597,66
4668,1,7655,3700,3955,0,0,0,1.0,1,1.0,1,1.0,1,0.24996035157887575,66
4669,5,7660,3702,3958,0,0,0,1.0,1,1.0,1,1.0,1,0.23844599847215808,66
4670,2,7662,3703,3959,0,0,0,1.0,1,1.0,1,1.0,1,0.26078600516101896,64
4671,0,7662,3703,3959,0,0,0,1.0,1,1.0,1,1.0,1,0.26078600516101896,64
4672,2,7664,3704,3960,0,0,0,1.0,1,1.0,1,1.0,1,0.2846494588653205,64
4673,1,7665,3704,3961,0,0,0,1.0,1,1.0,1,1.0,1,0.2733803712259196,65
4674,3,7668,3706,3962,0,0,0,1.0,1,1.0,1,1.0,1,0.27446962362422705,66
4675,3,7671,3706,3965,0,0,0,1.0,1,1.0,1,1.0,1,0.280063818925651,65
4676,3,7674,3706,3968,0,0,0,1.0,1,1.0,1,1.0,1,0.2531011877366744,65
4677,2,7676,3707,3969,0,0,0,1.0,1,1.0,1,1.0,1,0.2512842344703025,65
4678,1,7677,3707,3970,0,0,0,1.0,1,1.0,1,1.0,1,0.24137697600122865,64
4679,1,7678,3708,3970,0,0,0,1.0,1,1.0,1,1.0,1,0.24184330993174846,66
4680,1,7679,3708,3971,0,0,0,1.0,1,1.0,1,1.0,1,0.24650965213233625,67
4681,1,7680,3709,3971,0,0,0,1.0,1,1.0,1,1.0,1,0.24905489271248346,67
4682,3,7683,3711,3972,0,0,0,1.0,1,1.0,1,1.0,1,0.2498806896748461,67
4683,4,7687,3712,3975,0,0,0,1.0,1,1.0,1,1.0,1,0.23177166916207373,67
4684,2,7689,3712,3977,0,0,0,1.0,1,1.0,1,1.0,1,0.20257042073624745,66
4685,0,7689,3712,3977,0,0,0,1.0,1,1.0,1,1.0,1,0.19654251602437675,65
4686,1,7690,3713,3977,0,0,0,1.0,1,1.0,1,1.0,1,0.22360465269311056,65
4687,0,7690,3713,3977,0,0,0,1.0,1,1.0,1,1.0,1,0.21022640366569934,65
4688,2,7692,3715,3977,0,0,0,1.0,1,1.0,1,1.0,1,0.2566546438960732,64
4689,3,7695,3717,3978,0,0,0,1.0,1,1.0,1,1.0,1,0.3061376678850677,65
4690,4,7699,3717,3982,0,0,0,1.0,1,1.0,1,1.0,1,0.2883828040429124,63
4691,6,7705,3720,3985,0,0,0,1.0,1,1.0,1,1.0,1,0.2929543341290884,64
4692,2,7707,3720,3987,0,0,0,1.0,1,1.0,1,1.0,1,0.24017137594549523,63
4693,1,7708,3720,3988,0,0,0,1.0,1,1.0,1,1.0,1,0.24389099335073086,64
4694,2,7710,3721,3989,0,0,0,1.0,1,1.0,1,1.0,1,0.22855304747663396,63
4695,1,7711,3721,3990,0,0,0,1.0,1,1.0,1,1.0,1,0.22374769430734343,62
4696,2,7713,3721,3992,0,0,0,1.0,1,1.0,1,1.0,1,0.1962059875485278,61
4697,2,7715,3722,3993,0,0,0,1.0,1,1.0,1,1.0,1,0.195757793126655,63
4698,2,7717,3722,3995,0,0,0,1.0,1,1.0,1,1.0,1,0.17456905446774312,63
4699,0,7717,3722,3995,0,0,0,1.0,1,1.0,1,1.0,1,0.16570750500760936,65
4700,0,7717,3722,3995,0,0,0,1.0,1,1.0,1,1.0,1,0.17336716645557745,64
4701,1,7718,3723,3995,0,0,0,1.0,1,1.0,1,1.0,1,0.18642506158369468,64
4702,0,7718,3723,3995,0,0,0,1.0,1,1.0,1,1.0,1,0.19278071966518756,66
4703,2,7720,3724,3996,0,0,0,1.0,1,1.0,1,1.0,1,0.1857634568755446,65
4704,2,7722,3726,3996,0,0,0,1.0,1,1.0,1,1.0,1,0.1937101051468543,64
4705,4,7726,3728,3998,0,0,0,1.0,1,1.0,1,1.0,1,0.23443371432371407,65
4706,3,7729,3731,3998,0,0,0,1.0,1,1.0,1,1.0,1,0.23958227620367414,65
4707,3,7732,3732,4000,0,0,0,1.0,1,1.0,1,1.0,1,0.25119168132536696,63
4708,2,7734,3733,4001,0,0,0,1.0,1,1.0,1,1.0,1,0.24695696416171856,62
4709,6,7740,3737,4003,0,0,0,1.0,1,1.0,1,1.0,1,0.27265707794533683,61
4710,3,7743,3737,4006,0,0,0,1.0,1,1.0,1,1.0,1,0.23971207192176383,60
4711,2,7745,3739,4006,0,0,0,1.0,1,1.0,1,1.0,1,0.23105249163028674,59
4712,0,7745,3739,4006,0,0,0,1.0,1,1.0,1,1.0,1,0.2288385483496861,58
4713,1,7746,3740,4006,0,0,0,1.0,1,1.0,1,1.0,1,0.23471103556115822,58
4714,0,7746,3740,4006,0,0,0,1.0,1,1.0,1,1.0,1,0.23186751603974448,57
4715,0,7746,3740,4006,0,0,0,1.0,1,1.0,1,1.0,1,0.24603878174989066,57
4716,3,7749,3741,4008,0,0,0,1.0,1,1.0,1,1.0,1,0.23087175975273644,55
4717,2,7751,3742,4009,0,0,0,1.0,1,1.0,1,1.0,1,0.2314994270044318,57
4718,1,7752,3742,4010,0,0,0,1.0,1,1.0,1,1.0,1,0.20512310377847615,56
4719,4,7756,3743,4013,0,0,0,1.0,1,1.0,1,1.0,1,0.23045795869257252,56
4720,1,7757,3743,4014,0,0,0,1.0,1,1.0,1,1.0,1,0.22354952475386353,57
4721,2,7759,3743,4016,0,0,0,1.0,1,1.0,1,1.0,1,0.21465438996334307,57
4722,2,7761,3744,4017,0,0,0,1.0,1,1.0,1,1.0,1,0.20171224803653134,57
4723,1,7762,3745,4017,0,0,0,1.0,1,1.0,1,1.0,1,0.20996747650707323,57
4724,0,7762,3745,4017,0,0,0,1.0,1,1.0,1,1.0,1,0.21155175936934068,57
4725,1,7763,3745,4018,0,0,0,1.0,1,1.0,1,1.0,1,0.24183424283851526,57
4726,3,7766,3747,4019,0,0,0,1.0,1,1.0,1,1.0,1,0.2652020995809668,57
4727,1,7767,3747,4020,0,0,0,1.0,1,1.0,1,1.0,1,0.2686945142031107,56
4728,1,7768,3747,4021,0,0,0,1.0,1,1.0,1,1.0,1,0.2640276670748779,57
4729,0,7768,3747,4021,0,0,0,1.0,1,1.0,1,1.0,1,0.2748665113755281,56
4730,1,7769,3748,4021,0,0,0,1.0,1,1.0,1,1.0,1,0.31243468952053616,54
4731,3,7772,3749,4023,0,0,0,1.0,1,1.0,1,1.0,1,0.29797332907735047,54
4732,1,7773,3750,4023,0,0,0,1.0,1,1.0,1,1.0,1,0.2985644598663408,54
4733,1,7774,3751,4023,0,0,0,1.0,1,1.0,1,1.0,1,0.3183915904443466,55
4734,0,7774,3751,4023,0,0,0,1.0,1,1.0,1,1.0,1,0.3226245594378159,56
4735,3,7777,3753,4024,0,0,0,1.0,1,1.0,1,1.0,1,0.32451123430369433,56
4736,1,7778,3754,4024,0,0,0,1.0,1,1.0,1,1.0,1,0.3426891536953913,58
4737,3,7781,3754,4027,0,0,0,1.0,1,1.0,1,1.0,1,0.3021297685891895,59
4738,3,7784,3757,4027,0,0,0,1.0,1,1.0,1,1.0,1,0.3477966021186737,60
4739,4,7788,3757,4031,0,0,0,1.0,1,1.0,1,1.0,1,0.3021168046252388,60
4740,0,7788,3757,4031,0,0,0,1.0,1,1.0,1,1.0,1,0.3021168046252388,60
4741,1,7789,3758,4031,0,0,0,1.0,1,1.0,1,1.0,1,0.31847999835330876,61
4742,2,7791,3758,4033,0,0,0,1.0,1,1.0,1,1.0,1,0.2969125815404028,61
4743,1,7792,3759,4033,0,0,0,1.0,1,1.0,1,1.0,1,0.29517917018752854,60
4744,2,7794,3761,4033,0,0,0,1.0,1,1.0,1,1.0,1,0.2982521921726381,60
4745,2,7796,3762,4034,0,0,0,1.0,1,1.0,1,1.0,1,0.28563742939848513,59
4746,3,7799,3763,4036,0,0,0,1.0,1,1.0,1,1.0,1,0.2868845519506026,59
4747,4,7803,3765,4038,0,0,0,1.0,1,1.0,1,1.0,1,0.27548791181694515,58
4748,4,7807,3766,4041,0,0,0,1.0,1,1.0,1,1.0,1,0.2256338704852719,58
4749,2,7809,3767,4042,0,0,0,1.0,1,1.0,1,1.0,1,0.22017266515363954,58
4750,2,7811,3768,4043,0,0,0,1.0,1,1.0,1,1.0,1,0.2018425149265143,56
4751,3,7814,3771,4043,0,0,0,1.0,1,1.0,1,1.0,1,0.2258692969802759,58
4752,1,7815,3772,4043,0,0,0,1.0,1,1.0,1,1.0,1,0.215558542768359,55
4753,0,7815,3772,4043,0,0,0,1.0,1,1.0,1,1.0,1,0.215558542768359,55
4754,6,7821,3774,4047,0,0,0,1.0,1,1.0,1,1.0,1,0.23198879798696986,54
4755,3,7824,3775,4049,0,0,0,1.0,1,1.0,1,1.0,1,0.21170015590399593,54
4756,2,7826,3776,4050,0,0,0,1.0,1,1.0,1,1.0,1,0.21787576821232071,54
4757,1,7827,3776,4051,0,0,0,1.0,1,1.0,1,1.0,1,0.20005198508747923,53
4758,0,7827,3776,4051,0,0,0,1.0,1,1.0,1,1.0,1,0.20005198508747923,53
4759,1,7828,3776,4052,0,0,0,1.0,1,1.0,1,1.0,1,0.17968514710527475,53
4760,2,7830,3777,4053,0,0,0,1.0,1,1.0,1,1.0,1,0.19523439062939615,53
4761,3,7833,3779,4054,0,0,0,1.0,1,1.0,1,1.0,1,0.22278690337670795,52
4762,3,7836,3780,4056,0,0,0,1.0,1,1.0,1,1.0,1,0.23642528214915284,54
4763,5,7841,3783,4058,0,0,0,1.0,1,1.0,1,1.0,1,0.27174187549142426,54
4764,3,7844,3783,4061,0,0,0,1.0,1,1.0,1,1.0,1,0.21154778637890603,55
4765,2,7846,3785,4061,0,0,0,1.0,1,1.0,1,1.0,1,0.26543147161080016,56
4766,1,7847,3785,4062,0,0,0,1.0,1,1.0,1,1.0,1,0.22945308145845283,58
4767,0,7847,3785,4062,0,0,0,1.0,1,1.0,1,1.0,1,0.23888134737759242,59
4768,2,7849,3786,4063,0,0,0,1.0,1,1.0,1,1.0,1,0.2169203149676883,60
4769,0,7849,3786,4063,0,0,0,1.0,1,1.0,1,1.0,1,0.21984040826054993,59
4770,0,7849,3786,4063,0,0,0,1.0,1,1.0,1,1.0,1,0.23044109569790117,60
4771,0,7849,3786,4063,0,0,0,1.0,1,1.0,1,1.0,1,0.2517732258135973,59
4772,1,7850,3787,4063,0,0,0,1.0,1,1.0,1,1.0,1,0.24139642821245316,59
4773,1,7851,3787,4064,0,0,0,1.0,1,1.0,1,1.0,1,0.2200771650343313,60
4774,0,7851,3787,4064,0,0,0,1.0,1,1.0,1,1.0,1,0.2200771650343313,60
4775,1,7852,3787,4065,0,0,0,1.0,1,1.0,1,1.0,1,0.21611670201502617,62
4776,0,7852,3787,4065,0,0,0,1.0,1,1.0,1,1.0,1,0.2031236584941646,63
4777,0,7852,3787,4065,0,0,0,1.0,1,1.0,1,1.0,1,0.2031236584941646,63
4778,2,7854,3788,4066,0,0,0,1.0,1,1.0,1,1.0,1,0.19770667679284495,63
4779,5,7859,3790,4069,0,0,0,1.0,1,1.0,1,1.0,1,0.18813190564799753,63
4780,5,7864,3791,4073,0,0,0,1.0,1,1.0,1,1.0,1,0.166511825744322,65
4781,1,7865,3791,4074,0,0,0,1.0,1,1.0,1,1.0,1,0.17731277183090094,64
4782,0,7865,3791,4074,0,0,0,1.0,1,1.0,1,1.0,1,0.1903674295112944,65
4783,3,7868,3792,4076,0,0,0,1.0,1,1.0,1,1.0,1,0.1706117189253673,66
4784,1,7869,3793,4076,0,0,0,1.0,1,1.0,1,1.0,1,0.15549621177117268,64
4785,5,7874,3795,4079,0,0,0,1.0,1,1.0,1,1.0,1,0.1676851707654662,65
4786,6,7880,3799,4081,0,0,0,1.0,1,1.0,1,1.0,1,0.18453357013604424,66
4787,5,7885,3800,4085,0,0,0,1.0,1,1.0,1,1.0,1,0.11892272713697101,63
4788,7,7892,3804,4088,0,0,0,1.0,1,1.0,1,1.0,1,0.16595528479744562,63
4789,3,7895,3806,4089,0,0,0,1.0,1,1.0,1,1.0,1,0.1485097813793963,60
4790,4,7899,3807,4092,0,0,0,1.0,1,1.0,1,1.0,1,0.11726521800703053,61
4791,1,7900,3808,4092,0,0,0,1.0,1,1.0,1,1.0,1,0.14036566178996354,59
4792,2,7902,3810,4092,0,0,0,1.0,1,1.0,1,1.0,1,0.14024396095104072,59
4793,3,7905,3812,4093,0,0,0,1.0,1,1.0,1,1.0,1,0.1485723322223018,61
4794,2,7907,3814,4093,0,0,0,1.0,1,1.0,1,1.0,1,0.13707309387128297,60
4795,2,7909,3815,4094,0,0,0,1.0,1,1.0,1,1.0,1,0.13005522780088954,61
4796,2,7911,3817,4094,0,0,0,1.0,1,1.0,1,1.0,1,0.15149246068581132,60
4797,4,7915,3820,4095,0,0,0,1.0,1,1.0,1,1.0,1,0.1603247600281776,61
4798,1,7916,3820,4096,0,0,0,1.0,1,1.0,1,1.0,1,0.12993798422219258,61
4799,0,7916,3820,4096,0,0,0,1.0,1,1.0,1,1.0,1,0.1440727302221896,59
4800,2,7918,3820,4098,0,0,0,1.0,1,1.0,1,1.0,1,0.13487920375480283,57
4801,1,7919,3820,4099,0,0,0,1.0,1,1.0,1,1.0,1,0.1288477074342903,58
4802,0,7919,3820,4099,0,0,0,1.0,1,1.0,1,1.0,1,0.14467718655467185,56
4803,2,7921,3822,4099,0,0,0,1.0,1,1.0,1,1.0,1,0.17037329585409233,57
4804,2,7923,3823,4100,0,0,0,1.0,1,1.0,1,1.0,1,0.17316739184140711,55
4805,3,7926,3824,4102,0,0,0,1.0,1,1.0,1,1.0,1,0.1630857401174656,56
4806,1,7927,3824,4103,0,0,0,1.0,1,1.0,1,1.0,1,0.13974489795335393,55
4807,1,7928,3824,4104,0,0,0,1.0,1,1.0,1,1.0,1,0.1636580559122908,53
4808,2,7930,3825,4105,0,0,0,1.0,1,1.0,1,1.0,1,0.1709682166407759,54
4809,3,7933,3825,4108,0,0,0,1.0,1,1.0,1,1.0,1,0.1532433649482909,53
4810,1,7934,3826,4108,0,0,0,1.0,1,1.0,1,1.0,1,0.1567724180196983,53
4811,1,7935,3826,4109,0,0,0,1.0,1,1.0,1,1.0,1,0.13727238437891898,54
4812,2,7937,3828,4109,0,0,0,1.0,1,1.0,1,1.0,1,0.1415680796773826,54
4813,1,7938,3828,4110,0,0,0,1.0,1,1.0,1,1.0,1,0.11660150999842507,55
4814,2,7940,3830,4110,0,0,0,1.0,1,1.0,1,1.0,1,0.15339707602079475,55
4815,1,7941,3830,4111,0,0,0,1.0,1,1.0,1,1.0,1,0.14013827299550655,56
4816,2,7943,3832,4111,0,0,0,1.0,1,1.0,1,1.0,1,0.19429238318890454,56
4817,4,7947,3834,4113,0,0,0,1.0,1,1.0,1,1.0,1,0.22729918540492156,58
4818,6,7953,3837,4116,0,0,0,1.0,1,1.0,1,1.0,1,0.2320212408438102,58
4819,6,7959,3837,4122,0,0,0,1.0,1,1.0,1,1.0,1,0.14129085523549764,58
4820,0,7959,3837,4122,0,0,0,1.0,1,1.0,1,1.0,1,0.14129085523549764,58
4821,0,7959,3837,4122,0,0,0,1.0,1,1.0,1,1.0,1,0.13278077506899155,58
4822,0,7959,3837,4122,0,0,0,1.0,1,1.0,1,1.0,1,0.13278077506899155,58
4823,1,7960,3838,4122,0,0,0,1.0,1,1.0,1,1.0,1,0.14294110830774032,57
4824,2,7962,3839,4123,0,0,0,1.0,1,1.0,1,1.0,1,0.1396810843806919,56
4825,2,7964,3839,4125,0,0,0,1.0,1,1.0,1,1.0,1,0.12511908912460734,57
4826,2,7966,3841,4125,0,0,0,1.0,1,1.0,1,1.0,1,0.15338873621989776,57
4827,0,7966,3841,4125,0,0,0,1.0,1,1.0,1,1.0,1,0.1696429032980687,56
4828,1,7967,3842,4125,0,0,0,1.0,1,1.0,1,1.0,1,0.17327910373427013,57
4829,2,7969,3843,4126,0,0,0,1.0,1,1.0,1,1.0,1,0.1921065364339658,56
4830,1,7970,3844,4126,0,0,0,1.0,1,1.0,1,1.0,1,0.1868669269707833,57
4831,2,7972,3845,4127,0,0,0,1.0,1,1.0,1,1.0,1,0.2207974477368591,57
4832,0,7972,3845,4127,0,0,0,1.0,1,1.0,1,1.0,1,0.226440114467568,55
4833,3,7975,3847,4128,0,0,0,1.0,1,1.0,1,1.0,1,0.2375645129885128,55
4834,2,7977,3847,4130,0,0,0,1.0,1,1.0,1,1.0,1,0.20976383876705304,55
4835,1,7978,3847,4131,0,0,0,1.0,1,1.0,1,1.0,1,0.19673815919627988,55
4836,1,7979,3847,4132,0,0,0,1.0,1,1.0,1,1.0,1,0.18406832654416427,55
4837,1,7980,3848,4132,0,0,0,1.0,1,1.0,1,1.0,1,0.1734828741934042,53
4838,3,7983,3849,4134,0,0,0,1.0,1,1.0,1,1.0,1,0.16329722916121583,54
4839,3,7986,3852,4134,0,0,0,1.0,1,1.0,1,1.0,1,0.1892886749296383,53
4840,6,7992,3853,4139,0,0,0,1.0,1,1.0,1,1.0,1,0.15754648042501598,52
4841,1,7993,3854,4139,0,0,0,1.0,1,1.0,1,1.0,1,0.1683551151335127,51
4842,3,7996,3856,4140,0,0,0,1.0,1,1.0,1,1.0,1,0.2043239332506438,50
4843,7,8003,3861,4142,0,0,0,1.0,1,1.0,1,1.0,1,0.22929054456762418,51
4844,1,8004,3861,4143,0,0,0,1.0,1,1.0,1,1.0,1,0.19991880263233483,50
4845,3,8007,3863,4144,0,0,0,1.0,1,1.0,1,1.0,1,0.2229109687384477,49
4846,1,8008,3863,4145,0,0,0,1.0,1,1.0,1,1.0,1,0.20207204146945823,49
4847,0,8008,3863,4145,0,0,0,1.0,1,1.0,1,1.0,1,0.21416223130815681,48
4848,1,8009,3864,4145,0,0,0,1.0,1,1.0,1,1.0,1,0.22199214811087448,48
4849,1,8010,3865,4145,0,0,0,1.0,1,1.0,1,1.0,1,0.2006157216685169,48
4850,2,8012,3865,4147,0,0,0,1.0,1,1.0,1,1.0,1,0.16261167821692968,49
4851,2,8014,3865,4149,0,0,0,1.0,1,1.0,1,1.0,1,0.14139219957213647,49
4852,0,8014,3865,4149,0,0,0,1.0,1,1.0,1,1.0,1,0.14544913568831735,49
4853,0,8014,3865,4149,0,0,0,1.0,1,1.0,1,1.0,1,0.14349081625951113,50
4854,1,8015,3866,4149,0,0,0,1.0,1,1.0,1,1.0,1,0.17378675905364693,51
4855,0,8015,3866,4149,0,0,0,1.0,1,1.0,1,1.0,1,0.17378675905364693,51
4856,0,8015,3866,4149,0,0,0,1.0,1,1.0,1,1.0,1,0.1808794008454621,50
4857,1,8016,3866,4150,0,0,0,1.0,1,1.0,1,1.0,1,0.169168871177083,51
4858,0,8016,3866,4150,0,0,0,1.0,1,1.0,1,1.0,1,0.18451282755520024,51
4859,1,8017,3866,4151,0,0,0,1.0,1,1.0,1,1.0,1,0.19235924870694987,52
4860,0,8017,3866,4151,0,0,0,1.0,1,1.0,1,1.0,1,0.19235924870694987,52
4861,2,8019,3866,4153,0,0,0,1.0,1,1.0,1,1.0,1,0.18089291103185737,53
4862,2,8021,3868,4153,0,0,0,1.0,1,1.0,1,1.0,1,0.22850992540164952,53
4863,1,8022,3868,4154,0,0,0,1.0,1,1.0,1,1.0,1,0.1822568089298803,51
4864,1,8023,3869,4154,0,0,0,1.0,1,1.0,1,1.0,1,0.22508530913499086,53
4865,2,8025,3869,4156,0,0,0,1.0,1,1.0,1,1.0,1,0.19396274639941383,52
4866,2,8027,3870,4157,0,0,0,1.0,1,1.0,1,1.0,1,0.21208349617796707,53
4867,2,8029,3871,4158,0,0,0,1.0,1,1.0,1,1.0,1,0.1894938155534339,51
4868,4,8033,3873,4160,0,0,0,1.0,1,1.0,1,1.0,1,0.1696099545316889,53
4869,1,8034,3873,4161,0,0,0,1.0,1,1.0,1,1.0,1,0.15053866831773927,53
4870,3,8037,3875,4162,0,0,0,1.0,1,1.0,1,1.0,1,0.1737630483527261,55
4871,3,8040,3876,4164,0,0,0,1.0,1,1.0,1,1.0,1,0.1702435207192244,55
4872,5,8045,3879,4166,0,0,0,1.0,1,1.0,1,1.0,1,0.19017940349893492,56
4873,4,8049,3880,4169,0,0,0,1.0,1,1.0,1,1.0,1,0.14576338482293355,56
4874,3,8052,3882,4170,0,0,0,1.0,1,1.0,1,1.0,1,0.1551178433050084,58
4875,2,8054,3883,4171,0,0,0,1.0,1,1.0,1,1.0,1,0.1449715093292716,56
4876,2,8056,3883,4173,0,0,0,1.0,1,1.0,1,1.0,1,0.14525573621017265,56
4877,3,8059,3885,4174,0,0,0,1.0,1,1.0,1,1.0,1,0.18607792859206226,54
4878,6,8065,3885,4180,0,0,0,1.0,1,1.0,1,1.0,1,0.10737453519953813,54
4879,3,8068,3887,4181,0,0,0,1.0,1,1.0,1,1.0,1,0.13278390108517116,54
4880,2,8070,3887,4183,0,0,0,1.0,1,1.0,1,1.0,1,0.1286820700681235,53
4881,1,8071,3888,4183,0,0,0,1.0,1,1.0,1,1.0,1,0.1486042033190524,54
4882,0,8071,3888,4183,0,0,0,1.0,1,1.0,1,1.0,1,0.14952080390744474,52
4883,0,8071,3888,4183,0,0,0,1.0,1,1.0,1,1.0,1,0.15407589968141674,54
4884,0,8071,3888,4183,0,0,0,1.0,1,1.0,1,1.0,1,0.16960064210559225,52
4885,1,8072,3889,4183,0,0,0,1.0,1,1.0,1,1.0,1,0.18641138030881965,51
4886,0,8072,3889,4183,0,0,0,1.0,1,1.0,1,1.0,1,0.19563742603585274,50
4887,1,8073,3889,4184,0,0,0,1.0,1,1.0,1,1.0,1,0.20258289535364257,49
4888,0,8073,3889,4184,0,0,0,1.0,1,1.0,1,1.0,1,0.21779556614143317,48
4889,0,8073,3889,4184,0,0,0,1.0,1,1.0,1,1.0,1,0.21779556614143317,48
4890,0,8073,3889,4184,0,0,0,1.0,1,1.0,1,1.0,1,0.21779556614143317,48
4891,2,8075,3891,4184,0,0,0,1.0,1,1.0,1,1.0,1,0.25103812401381437,49
4892,4,8079,3891,4188,0,0,0,1.0,1,1.0,1,1.0,1,0.2385225948018148,51
4893,0,8079,3891,4188,0,0,0,1.0,1,1.0,1,1.0,1,0.2398494167751768,51
4894,1,8080,3891,4189,0,0,0,1.0,1,1.0,1,1.0,1,0.22218919486363095,52
4895,1,8081,3891,4190,0,0,0,1.0,1,1.0,1,1.0,1,0.2070690160534297,52
4896,1,8082,3892,4190,0,0,0,1.0,1,1.0,1,1.0,1,0.19271287227223577,51
4897,0,8082,3892,4190,0,0,0,1.0,1,1.0,1,1.0,1,0.19334589981853653,52
4898,2,8084,3894,4190,0,0,0,1.0,1,1.0,1,1.0,1,0.1904310134529267,52
4899,2,8086,3894,4192,0,0,0,1.0,1,1.0,1,1.0,1,0.15436490705846856,53
4900,2,8088,3896,4192,0,0,0,1.0,1,1.0,1,1.0,1,0.1400303525550124,54
4901,3,8091,3898,4193,0,0,0,1.0,1,1.0,1,1.0,1,0.14525093650288337,54
4902,1,8092,3899,4193,0,0,0,1.0,1,1.0,1,1.0,1,0.15711742065864484,55
4903,3,8095,3900,4195,0,0,0,1.0,1,1.0,1,1.0,1,0.18321121397562146,56
4904,1,8096,3900,4196,0,0,0,1.0,1,1.0,1,1.0,1,0.18607671542125281,55
4905,0,8096,3900,4196,0,0,0,1.0,1,1.0,1,1.0,1,0.19742214469961203,54
4906,3,8099,3902,4197,0,0,0,1.0,1,1.0,1,1.0,1,0.2299325948212605,54
4907,4,8103,3902,4201,0,0,0,1.0,1,1.0,1,1.0,1,0.1806735724632524,54
4908,2,8105,3902,4203,0,0,0,1.0,1,1.0,1,1.0,1,0.16978135275400832,53
4909,4,8109,3904,4205,0,0,0,1.0,1,1.0,1,1.0,1,0.1718850301411405,54
4910,0,8109,3904,4205,0,0,0,1.0,1,1.0,1,1.0,1,0.17599956333389194,55
4911,1,8110,3905,4205,0,0,0,1.0,1,1.0,1,1.0,1,0.1916854888173612,57
4912,2,8112,3905,4207,0,0,0,1.0,1,1.0,1,1.0,1,0.16508942876292465,57
4913,1,8113,3905,4208,0,0,0,1.0,1,1.0,1,1.0,1,0.14885059004010784,56
4914,0,8113,3905,4208,0,0,0,1.0,1,1.0,1,1.0,1,0.14885059004010784,56
4915,2,8115,3907,4208,0,0,0,1.0,1,1.0,1,1.0,1,0.1394098653874985,56
4916,1,8116,3907,4209,0,0,0,1.0,1,1.0,1,1.0,1,0.1369312913292323,54
4917,2,8118,3908,4210,0,0,0,1.0,1,1.0,1,1.0,1,0.15866886429987326,53
4918,1,8119,3908,4211,0,0,0,1.0,1,1.0,1,1.0,1,0.16095436134490834,52
4919,1,8120,3909,4211,0,0,0,1.0,1,1.0,1,1.0,1,0.21191909339149886,49
4920,0,8120,3909,4211,0,0,0,1.0,1,1.0,1,1.0,1,0.21191909339149886,49
4921,3,8123,3911,4212,0,0,0,1.0,1,1.0,1,1.0,1,0.2732692694940249,50
4922,2,8125,3911,4214,0,0,0,1.0,1,1.0,1,1.0,1,0.25350612126396616,50
4923,2,8127,3912,4215,0,0,0,1.0,1,1.0,1,1.0,1,0.24889767083560424,52
4924,4,8131,3913,4218,0,0,0,1.0,1,1.0,1,1.0,1,0.24181815564762704,53
4925,4,8135,3914,4221,0,0,0,1.0,1,1.0,1,1.0,1,0.1779024745313577,54
4926,1,8136,3914,4222,0,0,0,1.0,1,1.0,1,1.0,1,0.16783651459043594,54
4927,1,8137,3915,4222,0,0,0,1.0,1,1.0,1,1.0,1,0.17549306233628253,54
4928,0,8137,3915,4222,0,0,0,1.0,1,1.0,1,1.0,1,0.17549306233628253,54
4929,0,8137,3915,4222,0,0,0,1.0,1,1.0,1,1.0,1,0.16650385080492303,55
4930,0,8137,3915,4222,0,0,0,1.0,1,1.0,1,1.0,1,0.18365034930984295,58
4931,0,8137,3915,4222,0,0,0,1.0,1,1.0,1,1.0,1,0.18365034930984295,58
4932,1,8138,3915,4223,0,0,0,1.0,1,1.0,1,1.0,1,0.19038824674201354,59
4933,0,8138,3915,4223,0,0,0,1.0,1,1.0,1,1.0,1,0.19038824674201354,59
4934,0,8138,3915,4223,0,0,0,1.0,1,1.0,1,1.0,1,0.19038824674201354,59
4935,1,8139,3915,4224,0,0,0,1.0,1,1.0,1,1.0,1,0.17961822687718385,59
4936,1,8140,3916,4224,0,0,0,1.0,1,1.0,1,1.0,1,0.20935780285340377,59
4937,0,8140,3916,4224,0,0,0,1.0,1,1.0,1,1.0,1,0.2198781633678319,61
4938,1,8141,3916,4225,0,0,0,1.0,1,1.0,1,1.0,1,0.21815962778169493,62
4939,6,8147,3917,4230,0,0,0,1.0,1,1.0,1,1.0,1,0.17281112126289408,63
4940,1,8148,3917,4231,0,0,0,1.0,1,1.0,1,1.0,1,0.18792932948879987,65
4941,1,8149,3918,4231,0,0,0,1.0,1,1.0,1,1.0,1,0.1957075348757192,65
4942,6,8155,3920,4235,0,0,0,1.0,1,1.0,1,1.0,1,0.16981117123678513,67
4943,0,8155,3920,4235,0,0,0,1.0,1,1.0,1,1.0,1,0.18002288184750492,66
4944,3,8158,3923,4235,0,0,0,1.0,1,1.0,1,1.0,1,0.22377443142428133,63
4945,2,8160,3924,4236,0,0,0,1.0,1,1.0,1,1.0,1,0.18466825611043317,61
4946,2,8162,3926,4236,0,0,0,1.0,1,1.0,1,1.0,1,0.24278304215552218,60
4947,3,8165,3927,4238,0,0,0,1.0,1,1.0,1,1.0,1,0.20802784040968617,58
4948,4,8169,3929,4240,0,0,0,1.0,1,1.0,1,1.0,1,0.22039813605930975,57
4949,1,8170,3930,4240,0,0,0,1.0,1,1.0,1,1.0,1,0.22021332044553374,56
4950,2,8172,3931,4241,0,0,0,1.0,1,1.0,1,1.0,1,0.207604630391787,57
4951,4,8176,3932,4244,0,0,0,1.0,1,1.0,1,1.0,1,0.19728677658738342,55
4952,7,8183,3936,4247,0,0,0,1.0,1,1.0,1,1.0,1,0.22436293821179656,55
4953,6,8189,3938,4251,0,0,0,1.0,1,1.0,1,1.0,1,0.17688020633609816,54
4954,1,8190,3939,4251,0,0,0,1.0,1,1.0,1,1.0,1,0.20089541174804418,54
4955,1,8191,3939,4252,0,0,0,1.0,1,1.0,1,1.0,1,0.15737337341207702,52
4956,1,8192,3939,4253,0,0,0,1.0,1,1.0,1,1.0,1,0.1452254577416941,52
4957,1,8193,3940,4253,0,0,0,1.0,1,1.0,1,1.0,1,0.13523535764042477,53
4958,3,8196,3941,4255,0,0,0,1.0,1,1.0,1,1.0,1,0.10802263130089426,52
4959,1,8197,3942,4255,0,0,0,1.0,1,1.0,1,1.0,1,0.13867171232464726,51
4960,0,8197,3942,4255,0,0,0,1.0,1,1.0,1,1.0,1,0.1410125433389365,53
4961,0,8197,3942,4255,0,0,0,1.0,1,1.0,1,1.0,1,0.1410125433389365,53
4962,1,8198,3942,4256,0,0,0,1.0,1,1.0,1,1.0,1,0.15206190980389567,55
4963,0,8198,3942,4256,0,0,0,1.0,1,1.0,1,1.0,1,0.13486903748479506,54
4964,1,8199,3943,4256,0,0,0,1.0,1,1.0,1,1.0,1,0.1383077620617477,54
4965,1,8200,3944,4256,0,0,0,1.0,1,1.0,1,1.0,1,0.151105141717113,54
4966,2,8202,3946,4256,0,0,0,1.0,1,1.0,1,1.0,1,0.16834388144035298,54
4967,2,8204,3948,4256,0,0,0,1.0,1,1.0,1,1.0,1,0.1935791608639196,55
4968,3,8207,3949,4258,0,0,0,1.0,1,1.0,1,1.0,1,0.14913187359905877,55
4969,2,8209,3950,4259,0,0,0,1.0,1,1.0,1,1.0,1,0.1809702569205322,57
4970,0,8209,3950,4259,0,0,0,1.0,1,1.0,1,1.0,1,0.19948278642461317,56
4971,4,8213,3951,4262,0,0,0,1.0,1,1.0,1,1.0,1,0.18615636860991783,57
4972,2,8215,3953,4262,0,0,0,1.0,1,1.0,1,1.0,1,0.2533834613306336,57
4973,3,8218,3953,4265,0,0,0,1.0,1,1.0,1,1.0,1,0.2185908643973407,60
4974,2,8220,3953,4267,0,0,0,1.0,1,1.0,1,1.0,1,0.19273353544561406,58
4975,1,8221,3953,4268,0,0,0,1.0,1,1.0,1,1.0,1,0.1879869357470256,59
4976,1,8222,3953,4269,0,0,0,1.0,1,1.0,1,1.0,1,0.17715363205824364,59
4977,3,8225,3956,4269,0,0,0,1.0,1,1.0,1,1.0,1,0.1987050914217268,59
4978,3,8228,3958,4270,0,0,0,1.0,1,1.0,1,1.0,1,0.16364914006182232,59
4979,2,8230,3959,4271,0,0,0,1.0,1,1.0,1,1.0,1,0.19105346199771966,61
4980,2,8232,3959,4273,0,0,0,1.0,1,1.0,1,1.0,1,0.18566987681007469,62
4981,1,8233,3960,4273,0,0,0,1.0,1,1.0,1,1.0,1,0.19627121353960972,62
4982,1,8234,3961,4273,0,0,0,1.0,1,1.0,1,1.0,1,0.17984857753936373,63
4983,1,8235,3962,4273,0,0,0,1.0,1,1.0,1,1.0,1,0.16643142971576644,63
4984,1,8236,3963,4273,0,0,0,1.0,1,1.0,1,1.0,1,0.17133842934993898,61
4985,2,8238,3964,4274,0,0,0,1.0,1,1.0,1,1.0,1,0.16509769036982286,59
4986,4,8242,3966,4276,0,0,0,1.0,1,1.0,1,1.0,1,0.18954743081829217,62
4987,1,8243,3966,4277,0,0,0,1.0,1,1.0,1,1.0,1,0.16104681775161098,60
4988,2,8245,3967,4278,0,0,0,1.0,1,1.0,1,1.0,1,0.1641924643804466,59
4989,3,8248,3968,4280,0,0,0,1.0,1,1.0,1,1.0,1,0.14572999263877234,57
4990,1,8249,3968,4281,0,0,0,1.0,1,1.0,1,1.0,1,0.1606261607475508,55
4991,3,8252,3971,4281,0,0,0,1.0,1,1.0,1,1.0,1,0.19140350196073028,54
4992,1,8253,3971,4282,0,0,0,1.0,1,1.0,1,1.0,1,0.19003441754976588,52
4993,1,8254,3972,4282,0,0,0,1.0,1,1.0,1,1.0,1,0.1779261301642092,51
4994,2,8256,3973,4283,0,0,0,1.0,1,1.0,1,1.0,1,0.20469198645944503,49
4995,3,8259,3974,4285,0,0,0,1.0,1,1.0,1,1.0,1,0.20243472377284893,48
4996,4,8263,3978,4285,0,0,0,1.0,1,1.0,1,1.0,1,0.24343917071002996,48
4997,4,8267,3980,4287,0,0,0,1.0,1,1.0,1,1.0,1,0.23131638732510257,46
4998,1,8268,3981,4287,0,0,0,1.0,1,1.0,1,1.0,1,0.24100766389960773,48
4999,2,8270,3982,4288,0,0,0,1.0,1,1.0,1,1.0,1,0.28366317698784277,48
5000,1,8271,3982,4289,0,0,0,1.0,1,1.0,1,1.0,1,0.2546870531038457,47
5001,1,8272,3983,4289,0,0,0,1.0,1,1.0,1,1.0,1,0.2776087446899798,45
5002,2,8274,3985,4289,0,0,0,1.0,1,1.0,1,1.0,1,0.3107988313848462,46
5003,3,8277,3985,4292,0,0,0,1.0,1,1.0,1,1.0,1,0.2646657126354876,46
5004,0,8277,3985,4292,0,0,0,1.0,1,1.0,1,1.0,1,0.2646657126354876,46
5005,1,8278,3985,4293,0,0,0,1.0,1,1.0,1,1.0,1,0.2830555158295371,45
5006,0,8278,3985,4293,0,0,0,1.0,1,1.0,1,1.0,1,0.31044526666133204,45
5007,1,8279,3985,4294,0,0,0,1.0,1,1.0,1,1.0,1,0.2904325940575416,46
5008,1,8280,3985,4295,0,0,0,1.0,1,1.0,1,1.0,1,0.2890142243544015,49
5009,0,8280,3985,4295,0,0,0,1.0,1,1.0,1,1.0,1,0.29193911927570343,49
5010,0,8280,3985,4295,0,0,0,1.0,1,1.0,1,1.0,1,0.30088516817793376,50
5011,0,8280,3985,4295,0,0,0,1.0,1,1.0,1,1.0,1,0.31155641611388235,51
5012,0,8280,3985,4295,0,0,0,1.0,1,1.0,1,1.0,1,0.3180814756206087,52
5013,0,8280,3985,4295,0,0,0,1.0,1,1.0,1,1.0,1,0.3180814756206087,52
5014,0,8280,3985,4295,0,0,0,1.0,1,1.0,1,1.0,1,0.3146884506580036,53
5015,1,8281,3985,4296,0,0,0,1.0,1,1.0,1,1.0,1,0.30885684499668387,54
5016,3,8284,3985,4299,0,0,0,1.0,1,1.0,1,1.0,1,0.28457937286168744,55
5017,1,8285,3985,4300,0,0,0,1.0,1,1.0,1,1.0,1,0.27577996472682753,55
5018,0,8285,3985,4300,0,0,0,1.0,1,1.0,1,1.0,1,0.28153672535862645,56
5019,0,8285,3985,4300,0,0,0,1.0,1,1.0,1,1.0,1,0.28153672535862645,56
5020,1,8286,3986,4300,0,0,0,1.0,1,1.0,1,1.0,1,0.27817530173760535,55
5021,2,8288,3986,4302,0,0,0,1.0,1,1.0,1,1.0,1,0.2661095193205632,56
5022,7,8295,3989,4306,0,0,0,1.0,1,1.0,1,1.0,1,0.2812917791197813,56
5023,2,8297,3990,4307,0,0,0,1.0,1,1.0,1,1.0,1,0.25310616426536753,55
5024,5,8302,3994,4308,0,0,0,1.0,1,1.0,1,1.0,1,0.27006664347527337,55
5025,2,8304,3995,4309,0,0,0,1.0,1,1.0,1,1.0,1,0.2522653517364615,53
5026,3,8307,3998,4309,0,0,0,1.0,1,1.0,1,1.0,1,0.29810466978979294,52
5027,4,8311,3999,4312,0,0,0,1.0,1,1.0,1,1.0,1,0.28399648558049573,51
5028,3,8314,4001,4313,0,0,0,1.0,1,1.0,1,1.0,1,0.34423982254796703,51
5029,2,8316,4002,4314,0,0,0,1.0,1,1.0,1,1.0,1,0.3496721289335922,50
5030,3,8319,4004,4315,0,0,0,1.0,1,1.0,1,1.0,1,0.36213613470940315,49
5031,4,8323,4005,4318,0,0,0,1.0,1,1.0,1,1.0,1,0.31186697723736945,49
5032,1,8324,4006,4318,0,0,0,1.0,1,1.0,1,1.0,1,0.32194097613155354,48
5033,6,8330,4009,4321,0,0,0,1.0,1,1.0,1,1.0,1,0.3449991495760384,50
5034,2,8332,4010,4322,0,0,0,1.0,1,1.0,1,1.0,1,0.3242175986686722,49
5035,5,8337,4012,4325,0,0,0,1.0,1,1.0,1,1.0,1,0.3167409880324056,49
5036,1,8338,4012,4326,0,0,0,1.0,1,1.0,1,1.0,1,0.27870643906023307,47
5037,1,8339,4013,4326,0,0,0,1.0,1,1.0,1,1.0,1,0.29119855505317327,47
5038,0,8339,4013,4326,0,0,0,1.0,1,1.0,1,1.0,1,0.2871132995262794,47
5039,0,8339,4013,4326,0,0,0,1.0,1,1.0,1,1.0,1,0.2972774212931335,48
5040,0,8339,4013,4326,0,0,0,1.0,1,1.0,1,1.0,1,0.2972774212931335,48
5041,0,8339,4013,4326,0,0,0,1.0,1,1.0,1,1.0,1,0.2972774212931335,48
5042,0,8339,4013,4326,0,0,0,1.0,1,1.0,1,1.0,1,0.2957886350079822,50
5043,1,8340,4013,4327,0,0,0,1.0,1,1.0,1,1.0,1,0.2902407683335139,51
5044,0,8340,4013,4327,0,0,0,1.0,1,1.0,1,1.0,1,0.2902407683335139,51
5045,1,8341,4013,4328,0,0,0,1.0,1,1.0,1,1.0,1,0.28831659698489753,52
5046,1,8342,4014,4328,0,0,0,1.0,1,1.0,1,1.0,1,0.3145715022885714,51
5047,0,8342,4014,4328,0,0,0,1.0,1,1.0,1,1.0,1,0.3145715022885714,51
5048,2,8344,4015,4329,0,0,0,1.0,1,1.0,1,1.0,1,0.2944310856819878,52
5049,3,8347,4016,4331,0,0,0,1.0,1,1.0,1,1.0,1,0.3020666621833974,54
5050,4,8351,4016,4335,0,0,0,1.0,1,1.0,1,1.0,1,0.2646873651955787,56
5051,1,8352,4016,4336,0,0,0,1.0,1,1.0,1,1.0,1,0.2790906726115364,55
5052,0,8352,4016,4336,0,0,0,1.0,1,1.0,1,1.0,1,0.2790906726115364,55
5053,0,8352,4016,4336,0,0,0,1.0,1,1.0,1,1.0,1,0.2790906726115364,55
5054,2,8354,4017,4337,0,0,0,1.0,1,1.0,1,1.0,1,0.27525816417433563,55
5055,4,8358,4017,4341,0,0,0,1.0,1,1.0,1,1.0,1,0.24558994412522553,55
5056,4,8362,4018,4344,0,0,0,1.0,1,1.0,1,1.0,1,0.25866464884197266,56
5057,3,8365,4018,4347,0,0,0,1.0,1,1.0,1,1.0,1,0.2115350672021248,58
5058,1,8366,4018,4348,0,0,0,1.0,1,1.0,1,1.0,1,0.21594858169093553,59
5059,1,8367,4018,4349,0,0,0,1.0,1,1.0,1,1.0,1,0.2070815359644025,59
5060,1,8368,4018,4350,0,0,0,1.0,1,1.0,1,1.0,1,0.1700066963072664,59
5061,0,8368,4018,4350,0,0,0,1.0,1,1.0,1,1.0,1,0.1802796040983101,59
5062,4,8372,4020,4352,0,0,0,1.0,1,1.0,1,1.0,1,0.2167974369766307,59
5063,4,8376,4021,4355,0,0,0,1.0,1,1.0,1,1.0,1,0.218517720827309,59
5064,4,8380,4025,4355,0,0,0,1.0,1,1.0,1,1.0,1,0.2799048385200502,57
5065,4,8384,4027,4357,0,0,0,1.0,1,1.0,1,1.0,1,0.23253545002,55
5066,4,8388,4029,4359,0,0,0,1.0,1,1.0,1,1.0,1,0.25876345915295423,55
5067,4,8392,4030,4362,0,0,0,1.0,1,1.0,1,1.0,1,0.23381428463970322,54
5068,2,8394,4030,4364,0,0,0,1.0,1,1.0,1,1.0,1,0.20130732220342423,54
5069,2,8396,4030,4366,0,0,0,1.0,1,1.0,1,1.0,1,0.16892324722542498,54
5070,0,8396,4030,4366,0,0,0,1.0,1,1.0,1,1.0,1,0.1666795601688602,52
5071,2,8398,4032,4366,0,0,0,1.0,1,1.0,1,1.0,1,0.19815955159726364,54
5072,1,8399,4032,4367,0,0,0,1.0,1,1.0,1,1.0,1,0.1842658880008475,52
5073,1,8400,4032,4368,0,0,0,1.0,1,1.0,1,1.0,1,0.18149017979672455,51
5074,0,8400,4032,4368,0,0,0,1.0,1,1.0,1,1.0,1,0.17051997777920816,52
5075,0,8400,4032,4368,0,0,0,1.0,1,1.0,1,1.0,1,0.18020849506564324,53
5076,0,8400,4032,4368,0,0,0,1.0,1,1.0,1,1.0,1,0.18020849506564324,53
5077,2,8402,4033,4369,0,0,0,1.0,1,1.0,1,1.0,1,0.19299172471296333,56
5078,0,8402,4033,4369,0,0,0,1.0,1,1.0,1,1.0,1,0.21215275917671875,55
5079,1,8403,4033,4370,0,0,0,1.0,1,1.0,1,1.0,1,0.21544617815717318,56
5080,2,8405,4033,4372,0,0,0,1.0,1,1.0,1,1.0,1,0.17978915532675957,57
5081,0,8405,4033,4372,0,0,0,1.0,1,1.0,1,1.0,1,0.1892535660287394,58
5082,0,8405,4033,4372,0,0,0,1.0,1,1.0,1,1.0,1,0.1892535660287394,58
5083,0,8405,4033,4372,0,0,0,1.0,1,1.0,1,1.0,1,0.19601459551349848,59
5084,1,8406,4033,4373,0,0,0,1.0,1,1.0,1,1.0,1,0.168570579642675,59
5085,1,8407,4034,4373,0,0,0,1.0,1,1.0,1,1.0,1,0.18962474564677007,60
5086,1,8408,4034,4374,0,0,0,1.0,1,1.0,1,1.0,1,0.16717510289979728,61
5087,2,8410,4036,4374,0,0,0,1.0,1,1.0,1,1.0,1,0.1746908200601843,62
5088,3,8413,4037,4376,0,0,0,1.0,1,1.0,1,1.0,1,0.17851658655382624,64
5089,6,8419,4040,4379,0,0,0,1.0,1,1.0,1,1.0,1,0.164494392607513,64
5090,0,8419,4040,4379,0,0,0,1.0,1,1.0,1,1.0,1,0.164494392607513,64
5091,3,8422,4043,4379,0,0,0,1.0,1,1.0,1,1.0,1,0.19467543193552472,64
5092,3,8425,4044,4381,0,0,0,1.0,1,1.0,1,1.0,1,0.19412256297158903,64
5093,1,8426,4044,4382,0,0,0,1.0,1,1.0,1,1.0,1,0.17660337948250612,64
5094,2,8428,4045,4383,0,0,0,1.0,1,1.0,1,1.0,1,0.18205025106168599,65
5095,3,8431,4046,4385,0,0,0,1.0,1,1.0,1,1.0,1,0.16159366928520336,66
5096,1,8432,4046,4386,0,0,0,1.0,1,1.0,1,1.0,1,0.16494269682317728,66
5097,2,8434,4048,4386,0,0,0,1.0,1,1.0,1,1.0,1,0.16783275994110997,67
5098,1,8435,4048,4387,0,0,0,1.0,1,1.0,1,1.0,1,0.15483003184168298,67
5099,1,8436,4048,4388,0,0,0,1.0,1,1.0,1,1.0,1,0.15067430309015717,70
5100,1,8437,4049,4388,0,0,0,1.0,1,1.0,1,1.0,1,0.15538324852884722,71
5101,1,8438,4049,4389,0,0,0,1.0,1,1.0,1,1.0,1,0.1461574804865211,72
5102,4,8442,4052,4390,0,0,0,1.0,1,1.0,1,1.0,1,0.17018135586959868,72
5103,7,8449,4056,4393,0,0,0,1.0,1,1.0,1,1.0,1,0.1796910126526605,70
5104,3,8452,4059,4393,0,0,0,1.0,1,1.0,1,1.0,1,0.2156564249333148,67
5105,6,8458,4061,4397,0,0,0,1.0,1,1.0,1,1.0,1,0.22466028832134277,66
5106,4,8462,4063,4399,0,0,0,1.0,1,1.0,1,1.0,1,0.26406329871301787,64
5107,6,8468,4066,4402,0,0,0,1.0,1,1.0,1,1.0,1,0.20477344929550476,61
5108,2,8470,4067,4403,0,0,0,1.0,1,1.0,1,1.0,1,0.20758510413124742,57
5109,2,8472,4069,4403,0,0,0,1.0,1,1.0,1,1.0,1,0.2224289783749592,55
5110,3,8475,4071,4404,0,0,0,1.0,1,1.0,1,1.0,1,0.22673305431671326,53
5111,5,8480,4074,4406,0,0,0,1.0,1,1.0,1,1.0,1,0.2695273394409638,52
5112,6,8486,4076,4410,0,0,0,1.0,1,1.0,1,1.0,1,0.18129484148768948,52
5113,2,8488,4077,4411,0,0,0,1.0,1,1.0,1,1.0,1,0.16883368831404227,49
5114,5,8493,4082,4411,0,0,0,1.0,1,1.0,1,1.0,1,0.21298038901639318,49
5115,3,8496,4082,4414,0,0,0,1.0,1,1.0,1,1.0,1,0.1720908553837193,48
5116,0,8496,4082,4414,0,0,0,1.0,1,1.0,1,1.0,1,0.161974188619614,47
5117,0,8496,4082,4414,0,0,0,1.0,1,1.0,1,1.0,1,0.16945771565421308,48
5118,1,8497,4082,4415,0,0,0,1.0,1,1.0,1,1.0,1,0.13915545119482664,49
5119,2,8499,4083,4416,0,0,0,1.0,1,1.0,1,1.0,1,0.11397230473631142,49
5120,0,8499,4083,4416,0,0,0,1.0,1,1.0,1,1.0,1,0.12777081115238526,48
5121,0,8499,4083,4416,0,0,0,1.0,1,1.0,1,1.0,1,0.12777081115238526,48
5122,2,8501,4085,4416,0,0,0,1.0,1,1.0,1,1.0,1,0.20539421703600796,46
5123,1,8502,4085,4417,0,0,0,1.0,1,1.0,1,1.0,1,0.18948520991941112,46
5124,0,8502,4085,4417,0,0,0,1.0,1,1.0,1,1.0,1,0.17796388025274512,47
5125,5,8507,4086,4421,0,0,0,1.0,1,1.0,1,1.0,1,0.2124557837669408,49
5126,2,8509,4086,4423,0,0,0,1.0,1,1.0,1,1.0,1,0.18662824678130896,49
5127,3,8512,4088,4424,0,0,0,1.0,1,1.0,1,1.0,1,0.20323505418470247,51
5128,5,8517,4090,4427,0,0,0,1.0,1,1.0,1,1.0,1,0.21507499737858096,53
5129,3,8520,4090,4430,0,0,0,1.0,1,1.0,1,1.0,1,0.1741079716359047,55
5130,0,8520,4090,4430,0,0,0,1.0,1,1.0,1,1.0,1,0.1741079716359047,55
5131,1,8521,4090,4431,0,0,0,1.0,1,1.0,1,1.0,1,0.1545899232610086,55
5132,0,8521,4090,4431,0,0,0,1.0,1,1.0,1,1.0,1,0.1545899232610086,55
5133,0,8521,4090,4431,0,0,0,1.0,1,1.0,1,1.0,1,0.15995784788904843,56
5134,1,8522,4090,4432,0,0,0,1.0,1,1.0,1,1.0,1,0.1794866875664093,56
5135,0,8522,4090,4432,0,0,0,1.0,1,1.0,1,1.0,1,0.1794866875664093,56
5136,0,8522,4090,4432,0,0,0,1.0,1,1.0,1,1.0,1,0.19387224069684503,55
5137,2,8524,4091,4433,0,0,0,1.0,1,1.0,1,1.0,1,0.1900416083352071,55
5138,0,8524,4091,4433,0,0,0,1.0,1,1.0,1,1.0,1,0.19919963358684242,54
5139,2,8526,4093,4433,0,0,0,1.0,1,1.0,1,1.0,1,0.20245456907356293,54
5140,3,8529,4094,4435,0,0,0,1.0,1,1.0,1,1.0,1,0.18826025990632592,54
5141,2,8531,4096,4435,0,0,0,1.0,1,1.0,1,1.0,1,0.20323426482346182,53
5142,7,8538,4100,4438,0,0,0,1.0,1,1.0,1,1.0,1,0.25004803821675115,55
5143,8,8546,4103,4443,0,0,0,1.0,1,1.0,1,1.0,1,0.18483271894936598,54
5144,1,8547,4104,4443,0,0,0,1.0,1,1.0,1,1.0,1,0.18363126293204352,50
5145,4,8551,4105,4446,0,0,0,1.0,1,1.0,1,1.0,1,0.15102391293006734,51
5146,1,8552,4106,4446,0,0,0,1.0,1,1.0,1,1.0,1,0.15512955823832475,48
5147,2,8554,4107,4447,0,0,0,1.0,1,1.0,1,1.0,1,0.17677514615424939,49
5148,0,8554,4107,4447,0,0,0,1.0,1,1.0,1,1.0,1,0.15174456272670214,47
5149,1,8555,4108,4447,0,0,0,1.0,1,1.0,1,1.0,1,0.1766478429541765,46
5150,5,8560,4113,4447,0,0,0,1.0,1,1.0,1,1.0,1,0.231099587385784,46
5151,1,8561,4113,4448,0,0,0,1.0,1,1.0,1,1.0,1,0.19103228296890934,45
5152,5,8566,4117,4449,0,0,0,1.0,1,1.0,1,1.0,1,0.22802880854620172,45
5153,2,8568,4117,4451,0,0,0,1.0,1,1.0,1,1.0,1,0.20004532834403388,45
5154,2,8570,4118,4452,0,0,0,1.0,1,1.0,1,1.0,1,0.2045344709166618,45
5155,0,8570,4118,4452,0,0,0,1.0,1,1.0,1,1.0,1,0.20566518993581684,44
5156,1,8571,4119,4452,0,0,0,1.0,1,1.0,1,1.0,1,0.22621079751355364,44
5157,0,8571,4119,4452,0,0,0,1.0,1,1.0,1,1.0,1,0.22153943014372574,42
5158,2,8573,4120,4453,0,0,0,1.0,1,1.0,1,1.0,1,0.21597610726991293,43
5159,1,8574,4120,4454,0,0,0,1.0,1,1.0,1,1.0,1,0.23573860842377325,43
5160,0,8574,4120,4454,0,0,0,1.0,1,1.0,1,1.0,1,0.23573860842377325,43
5161,0,8574,4120,4454,0,0,0,1.0,1,1.0,1,1.0,1,0.23573860842377325,43
5162,0,8574,4120,4454,0,0,0,1.0,1,1.0,1,1.0,1,0.23778251374985634,44
5163,1,8575,4120,4455,0,0,0,1.0,1,1.0,1,1.0,1,0.2413335230984022,46
5164,3,8578,4122,4456,0,0,0,1.0,1,1.0,1,1.0,1,0.22226939124217096,46
5165,1,8579,4122,4457,0,0,0,1.0,1,1.0,1,1.0,1,0.21855481178635258,46
5166,5,8584,4125,4459,0,0,0,1.0,1,1.0,1,1.0,1,0.22974871241713943,47
5167,0,8584,4125,4459,0,0,0,1.0,1,1.0,1,1.0,1,0.22974871241713943,47
5168,2,8586,4127,4459,0,0,0,1.0,1,1.0,1,1.0,1,0.2813757168789677,47
5169,3,8589,4127,4462,0,0,0,1.0,1,1.0,1,1.0,1,0.23794372557379462,47
5170,3,8592,4128,4464,0,0,0,1.0,1,1.0,1,1.0,1,0.21310816661312848,48
5171,3,8595,4129,4466,0,0,0,1.0,1,1.0,1,1.0,1,0.1987935995143384,48
5172,0,8595,4129,4466,0,0,0,1.0,1,1.0,1,1.0,1,0.1754244903621272,49
5173,1,8596,4129,4467,0,0,0,1.0,1,1.0,1,1.0,1,0.17664601130585064,49
5174,2,8598,4129,4469,0,0,0,1.0,1,1.0,1,1.0,1,0.1605503287043951,52
5175,2,8600,4130,4470,0,0,0,1.0,1,1.0,1,1.0,1,0.14737543691205646,53
5176,1,8601,4130,4471,0,0,0,1.0,1,1.0,1,1.0,1,0.13105263760102995,54
5177,2,8603,4132,4471,0,0,0,1.0,1,1.0,1,1.0,1,0.15675673348422847,54
5178,3,8606,4134,4472,0,0,0,1.0,1,1.0,1,1.0,1,0.1831098198671789,55
5179,0,8606,4134,4472,0,0,0,1.0,1,1.0,1,1.0,1,0.18432482588714977,53
5180,1,8607,4134,4473,0,0,0,1.0,1,1.0,1,1.0,1,0.18051248094081315,52
5181,1,8608,4135,4473,0,0,0,1.0,1,1.0,1,1.0,1,0.16882315065080888,52
5182,0,8608,4135,4473,0,0,0,1.0,1,1.0,1,1.0,1,0.16882315065080888,52
5183,4,8612,4138,4474,0,0,0,1.0,1,1.0,1,1.0,1,0.20967870766011987,52
5184,3,8615,4139,4476,0,0,0,1.0,1,1.0,1,1.0,1,0.20021793718267564,52
5185,2,8617,4141,4476,0,0,0,1.0,1,1.0,1,1.0,1,0.2330218381196095,50
5186,1,8618,4142,4476,0,0,0,1.0,1,1.0,1,1.0,1,0.28009075754082696,48
5187,3,8621,4142,4479,0,0,0,1.0,1,1.0,1,1.0,1,0.22673682358574,46
5188,0,8621,4142,4479,0,0,0,1.0,1,1.0,1,1.0,1,0.23686903573517046,44
5189,0,8621,4142,4479,0,0,0,1.0,1,1.0,1,1.0,1,0.2244989360144678,44
5190,1,8622,4143,4479,0,0,0,1.0,1,1.0,1,1.0,1,0.24358048070212338,45
5191,1,8623,4143,4480,0,0,0,1.0,1,1.0,1,1.0,1,0.2209520173558852,45
5192,1,8624,4144,4480,0,0,0,1.0,1,1.0,1,1.0,1,0.23428729153744718,45
5193,1,8625,4144,4481,0,0,0,1.0,1,1.0,1,1.0,1,0.20532672935183718,45
5194,0,8625,4144,4481,0,0,0,1.0,1,1.0,1,1.0,1,0.2079279867536179,45
5195,2,8627,4145,4482,0,0,0,1.0,1,1.0,1,1.0,1,0.19925170959523658,46
5196,0,8627,4145,4482,0,0,0,1.0,1,1.0,1,1.0,1,0.19925170959523658,46
5197,2,8629,4147,4482,0,0,0,1.0,1,1.0,1,1.0,1,0.23150745907611386,46
5198,2,8631,4147,4484,0,0,0,1.0,1,1.0,1,1.0,1,0.18089633063986996,47
5199,1,8632,4148,4484,0,0,0,1.0,1,1.0,1,1.0,1,0.21336641180218494,49
5200,3,8635,4149,4486,0,0,0,1.0,1,1.0,1,1.0,1,0.1990004946841929,49
5201,3,8638,4151,4487,0,0,0,1.0,1,1.0,1,1.0,1,0.20342797088647396,50
5202,0,8638,4151,4487,0,0,0,1.0,1,1.0,1,1.0,1,0.19488538155719207,52
5203,0,8638,4151,4487,0,0,0,1.0,1,1.0,1,1.0,1,0.19488538155719207,52
5204,1,8639,4151,4488,0,0,0,1.0,1,1.0,1,1.0,1,0.1788206425265146,54
5205,1,8640,4151,4489,0,0,0,1.0,1,1.0,1,1.0,1,0.16188467023061892,54
5206,0,8640,4151,4489,0,0,0,1.0,1,1.0,1,1.0,1,0.1732770919160428,55
5207,0,8640,4151,4489,0,0,0,1.0,1,1.0,1,1.0,1,0.177168516530954,54
5208,0,8640,4151,4489,0,0,0,1.0,1,1.0,1,1.0,1,0.177168516530954,54
5209,2,8642,4151,4491,0,0,0,1.0,1,1.0,1,1.0,1,0.13858963296785742,54
5210,0,8642,4151,4491,0,0,0,1.0,1,1.0,1,1.0,1,0.13858963296785742,54
5211,3,8645,4152,4493,0,0,0,1.0,1,1.0,1,1.0,1,0.15174765970329399,56
5212,1,8646,4152,4494,0,0,0,1.0,1,1.0,1,1.0,1,0.12330695240962582,57
5213,1,8647,4153,4494,0,0,0,1.0,1,1.0,1,1.0,1,0.14262637919048085,57
5214,2,8649,4155,4494,0,0,0,1.0,1,1.0,1,1.0,1,0.19112423816723975,58
5215,3,8652,4155,4497,0,0,0,1.0,1,1.0,1,1.0,1,0.17181689233383768,57
5216,1,8653,4155,4498,0,0,0,1.0,1,1.0,1,1.0,1,0.16165250817386764,57
5217,1,8654,4156,4498,0,0,0,1.0,1,1.0,1,1.0,1,0.15972395349594842,56
5218,1,8655,4157,4498,0,0,0,1.0,1,1.0,1,1.0,1,0.17865633752026983,56
5219,3,8658,4157,4501,0,0,0,1.0,1,1.0,1,1.0,1,0.14655588250701646,54
5220,0,8658,4157,4501,0,0,0,1.0,1,1.0,1,1.0,1,0.18208088636507178,53
5221,0,8658,4157,4501,0,0,0,1.0,1,1.0,1,1.0,1,0.19099829598854018,52
5222,1,8659,4158,4501,0,0,0,1.0,1,1.0,1,1.0,1,0.21487672989225365,52
5223,3,8662,4160,4502,0,0,0,1.0,1,1.0,1,1.0,1,0.21892708937666103,52
5224,5,8667,4163,4504,0,0,0,1.0,1,1.0,1,1.0,1,0.2331077755253821,52
5225,1,8668,4163,4505,0,0,0,1.0,1,1.0,1,1.0,1,0.2251676122635684,50
5226,4,8672,4166,4506,0,0,0,1.0,1,1.0,1,1.0,1,0.22104860720311473,51
5227,6,8678,4168,4510,0,0,0,1.0,1,1.0,1,1.0,1,0.1898651430167032,49
5228,1,8679,4168,4511,0,0,0,1.0,1,1.0,1,1.0,1,0.19359301751081626,48
5229,0,8679,4168,4511,0,0,0,1.0,1,1.0,1,1.0,1,0.17862577242112923,49
5230,0,8679,4168,4511,0,0,0,1.0,1,1.0,1,1.0,1,0.17862577242112923,49
5231,1,8680,4169,4511,0,0,0,1.0,1,1.0,1,1.0,1,0.17936771618329375,49
5232,3,8683,4171,4512,0,0,0,1.0,1,1.0,1,1.0,1,0.15390882852629179,51
5233,2,8685,4172,4513,0,0,0,1.0,1,1.0,1,1.0,1,0.1736344958398227,51
5234,4,8689,4175,4514,0,0,0,1.0,1,1.0,1,1.0,1,0.1998257733036322,52
5235,2,8691,4175,4516,0,0,0,1.0,1,1.0,1,1.0,1,0.16380956656074164,52
5236,0,8691,4175,4516,0,0,0,1.0,1,1.0,1,1.0,1,0.16380956656074164,52
5237,0,8691,4175,4516,0,0,0,1.0,1,1.0,1,1.0,1,0.1810065812816172,53
5238,0,8691,4175,4516,0,0,0,1.0,1,1.0,1,1.0,1,0.1810065812816172,53
5239,0,8691,4175,4516,0,0,0,1.0,1,1.0,1,1.0,1,0.1810065812816172,53
5240,4,8695,4176,4519,0,0,0,1.0,1,1.0,1,1.0,1,0.1628017463226544,55
5241,2,8697,4176,4521,0,0,0,1.0,1,1.0,1,1.0,1,0.12628417192261923,56
5242,1,8698,4177,4521,0,0,0,1.0,1,1.0,1,1.0,1,0.14525317231562238,54
5243,1,8699,4178,4521,0,0,0,1.0,1,1.0,1,1.0,1,0.16536558262346193,55
5244,1,8700,4178,4522,0,0,0,1.0,1,1.0,1,1.0,1,0.1548457197403308,55
5245,1,8701,4179,4522,0,0,0,1.0,1,1.0,1,1.0,1,0.16592396175857976,55
5246,5,8706,4181,4525,0,0,0,1.0,1,1.0,1,1.0,1,0.22693345834817397,55
5247,2,8708,4182,4526,0,0,0,1.0,1,1.0,1,1.0,1,0.21517642195759099,54
5248,3,8711,4183,4528,0,0,0,1.0,1,1.0,1,1.0,1,0.20404609941626137,53
5249,5,8716,4185,4531,0,0,0,1.0,1,1.0,1,1.0,1,0.19690807474409983,55
5250,1,8717,4185,4532,0,0,0,1.0,1,1.0,1,1.0,1,0.19086186274373226,55
5251,2,8719,4186,4533,0,0,0,1.0,1,1.0,1,1.0,1,0.2080861773631939,57
5252,1,8720,4186,4534,0,0,0,1.0,1,1.0,1,1.0,1,0.19632942797708605,58
5253,5,8725,4187,4538,0,0,0,1.0,1,1.0,1,1.0,1,0.15107587542584236,59
5254,2,8727,4188,4539,0,0,0,1.0,1,1.0,1,1.0,1,0.14435383076356648,59
5255,0,8727,4188,4539,0,0,0,1.0,1,1.0,1,1.0,1,0.1388565621639235,58
5256,2,8729,4190,4539,0,0,0,1.0,1,1.0,1,1.0,1,0.18390400706898558,59
5257,1,8730,4191,4539,0,0,0,1.0,1,1.0,1,1.0,1,0.19266922397904598,58
5258,0,8730,4191,4539,0,0,0,1.0,1,1.0,1,1.0,1,0.1913028898841525,56
5259,0,8730,4191,4539,0,0,0,1.0,1,1.0,1,1.0,1,0.20006592969085166,56
5260,0,8730,4191,4539,0,0,0,1.0,1,1.0,1,1.0,1,0.19126622912372654,55
5261,2,8732,4192,4540,0,0,0,1.0,1,1.0,1,1.0,1,0.20325594510181139,54
5262,2,8734,4194,4540,0,0,0,1.0,1,1.0,1,1.0,1,0.23787861014448614,54
5263,4,8738,4196,4542,0,0,0,1.0,1,1.0,1,1.0,1,0.24852197862405817,53
5264,1,8739,4197,4542,0,0,0,1.0,1,1.0,1,1.0,1,0.25356639267344977,51
5265,5,8744,4199,4545,0,0,0,1.0,1,1.0,1,1.0,1,0.22622725253958523,50
5266,3,8747,4202,4545,0,0,0,1.0,1,1.0,1,1.0,1,0.21677957954871158,49
5267,1,8748,4203,4545,0,0,0,1.0,1,1.0,1,1.0,1,0.21951919146854965,48
5268,3,8751,4205,4546,0,0,0,1.0,1,1.0,1,1.0,1,0.21659145722344805,47
5269,3,8754,4205,4549,0,0,0,1.0,1,1.0,1,1.0,1,0.19813477343514038,45
5270,1,8755,4205,4550,0,0,0,1.0,1,1.0,1,1.0,1,0.20128556511237136,47
5271,0,8755,4205,4550,0,0,0,1.0,1,1.0,1,1.0,1,0.21244331524882332,45
5272,4,8759,4209,4550,0,0,0,1.0,1,1.0,1,1.0,1,0.30681582226094684,46
5273,4,8763,4209,4554,0,0,0,1.0,1,1.0,1,1.0,1,0.23956107387146475,44
5274,4,8767,4211,4556,0,0,0,1.0,1,1.0,1,1.0,1,0.28467928669230513,44
5275,3,8770,4211,4559,0,0,0,1.0,1,1.0,1,1.0,1,0.18842428343902198,46
5276,0,8770,4211,4559,0,0,0,1.0,1,1.0,1,1.0,1,0.18842428343902198,46
5277,2,8772,4212,4560,0,0,0,1.0,1,1.0,1,1.0,1,0.16182796798122084,46
5278,3,8775,4215,4560,0,0,0,1.0,1,1.0,1,1.0,1,0.15655038418394143,46
5279,2,8777,4216,4561,0,0,0,1.0,1,1.0,1,1.0,1,0.19202666619623526,47
5280,1,8778,4217,4561,0,0,0,1.0,1,1.0,1,1.0,1,0.2118978715951679,47
5281,0,8778,4217,4561,0,0,0,1.0,1,1.0,1,1.0,1,0.22252439978497152,48
5282,2,8780,4219,4561,0,0,0,1.0,1,1.0,1,1.0,1,0.2460286038397498,48
5283,2,8782,4219,4563,0,0,0,1.0,1,1.0,1,1.0,1,0.22169161148859454,49
5284,0,8782,4219,4563,0,0,0,1.0,1,1.0,1,1.0,1,0.22169161148859454,49
5285,0,8782,4219,4563,0,0,0,1.0,1,1.0,1,1.0,1,0.2116226125031855,50
5286,3,8785,4219,4566,0,0,0,1.0,1,1.0,1,1.0,1,0.16850735615085957,51
5287,0,8785,4219,4566,0,0,0,1.0,1,1.0,1,1.0,1,0.16850735615085957,51
5288,1,8786,4219,4567,0,0,0,1.0,1,1.0,1,1.0,1,0.14826964198879317,51
5289,0,8786,4219,4567,0,0,0,1.0,1,1.0,1,1.0,1,0.16772530331912353,53
5290,0,8786,4219,4567,0,0,0,1.0,1,1.0,1,1.0,1,0.16772530331912353,53
5291,1,8787,4220,4567,0,0,0,1.0,1,1.0,1,1.0,1,0.18507214804799574,53
5292,5,8792,4222,4570,0,0,0,1.0,1,1.0,1,1.0,1,0.20181376621114566,53
5293,4,8796,4225,4571,0,0,0,1.0,1,1.0,1,1.0,1,0.23958228414133684,53
5294,3,8799,4226,4573,0,0,0,1.0,1,1.0,1,1.0,1,0.23616853127114018,54
5295,1,8800,4227,4573,0,0,0,1.0,1,1.0,1,1.0,1,0.2518417902046143,52
5296,0,8800,4227,4573,0,0,0,1.0,1,1.0,1,1.0,1,0.24003436144664703,49
5297,3,8803,4229,4574,0,0,0,1.0,1,1.0,1,1.0,1,0.279702022410105,49
5298,2,8805,4230,4575,0,0,0,1.0,1,1.0,1,1.0,1,0.26800360368206766,49
5299,6,8811,4233,4578,0,0,0,1.0,1,1.0,1,1.0,1,0.2415929473411022,50
5300,1,8812,4233,4579,0,0,0,1.0,1,1.0,1,1.0,1,0.23252215133859652,48
5301,1,8813,4234,4579,0,0,0,1.0,1,1.0,1,1.0,1,0.26608567996117183,46
5302,0,8813,4234,4579,0,0,0,1.0,1,1.0,1,1.0,1,0.26533896284784714,47
5303,4,8817,4236,4581,0,0,0,1.0,1,1.0,1,1.0,1,0.21666753121840343,46
5304,1,8818,4237,4581,0,0,0,1.0,1,1.0,1,1.0,1,0.2569499518133002,45
5305,0,8818,4237,4581,0,0,0,1.0,1,1.0,1,1.0,1,0.25324566240626983,44
5306,2,8820,4239,4581,0,0,0,1.0,1,1.0,1,1.0,1,0.303562762910871,42
5307,3,8823,4241,4582,0,0,0,1.0,1,1.0,1,1.0,1,0.2937610236828099,42
5308,2,8825,4242,4583,0,0,0,1.0,1,1.0,1,1.0,1,0.2939137255183689,43
5309,1,8826,4243,4583,0,0,0,1.0,1,1.0,1,1.0,1,0.2985327499988341,41
5310,2,8828,4244,4584,0,0,0,1.0,1,1.0,1,1.0,1,0.3356703632760733,41
5311,0,8828,4244,4584,0,0,0,1.0,1,1.0,1,1.0,1,0.3183434729181354,42
5312,0,8828,4244,4584,0,0,0,1.0,1,1.0,1,1.0,1,0.33169937313499076,43
5313,0,8828,4244,4584,0,0,0,1.0,1,1.0,1,1.0,1,0.32951047618700996,44
5314,1,8829,4244,4585,0,0,0,1.0,1,1.0,1,1.0,1,0.3069233528179211,44
5315,3,8832,4245,4587,0,0,0,1.0,1,1.0,1,1.0,1,0.3110908900397912,45
5316,5,8837,4245,4592,0,0,0,1.0,1,1.0,1,1.0,1,0.25804584605774383,46
5317,2,8839,4245,4594,0,0,0,1.0,1,1.0,1,1.0,1,0.24596468231136176,46
5318,1,8840,4246,4594,0,0,0,1.0,1,1.0,1,1.0,1,0.23041545154177348,46
5319,1,8841,4246,4595,0,0,0,1.0,1,1.0,1,1.0,1,0.23073666354156566,47
5320,2,8843,4247,4596,0,0,0,1.0,1,1.0,1,1.0,1,0.2089919005016113,48
5321,0,8843,4247,4596,0,0,0,1.0,1,1.0,1,1.0,1,0.21858345588042713,49
5322,0,8843,4247,4596,0,0,0,1.0,1,1.0,1,1.0,1,0.21858345588042713,49
5323,2,8845,4247,4598,0,0,0,1.0,1,1.0,1,1.0,1,0.22276673708675657,51
5324,1,8846,4247,4599,0,0,0,1.0,1,1.0,1,1.0,1,0.211333071209007,53
5325,1,8847,4248,4599,0,0,0,1.0,1,1.0,1,1.0,1,0.22326555971947867,53
5326,1,8848,4249,4599,0,0,0,1.0,1,1.0,1,1.0,1,0.24204366472809807,53
5327,2,8850,4249,4601,0,0,0,1.0,1,1.0,1,1.0,1,0.24251724862883028,53
5328,0,8850,4249,4601,0,0,0,1.0,1,1.0,1,1.0,1,0.249703708631424,54
5329,1,8851,4250,4601,0,0,0,1.0,1,1.0,1,1.0,1,0.27508671369084253,53
5330,2,8853,4252,4601,0,0,0,1.0,1,1.0,1,1.0,1,0.2980622795403243,52
5331,2,8855,4252,4603,0,0,0,1.0,1,1.0,1,1.0,1,0.30893658401911495,51
5332,4,8859,4252,4607,0,0,0,1.0,1,1.0,1,1.0,1,0.26626218815026315,52
5333,2,8861,4253,4608,0,0,0,1.0,1,1.0,1,1.0,1,0.29660035101448323,53
5334,3,8864,4254,4610,0,0,0,1.0,1,1.0,1,1.0,1,0.29390304057615396,54
5335,1,8865,4254,4611,0,0,0,1.0,1,1.0,1,1.0,1,0.29750998453621325,55
5336,0,8865,4254,4611,0,0,0,1.0,1,1.0,1,1.0,1,0.30645793255062515,54
5337,0,8865,4254,4611,0,0,0,1.0,1,1.0,1,1.0,1,0.31294235609443527,55
5338,1,8866,4255,4611,0,0,0,1.0,1,1.0,1,1.0,1,0.33236342028905325,55
5339,6,8872,4255,4617,0,0,0,1.0,1,1.0,1,1.0,1,0.2673915457899117,55
5340,2,8874,4255,4619,0,0,0,1.0,1,1.0,1,1.0,1,0.23171705527159966,55
5341,0,8874,4255,4619,0,0,0,1.0,1,1.0,1,1.0,1,0.27261300692158363,54
5342,0,8874,4255,4619,0,0,0,1.0,1,1.0,1,1.0,1,0.2703951970888854,55
5343,2,8876,4257,4619,0,0,0,1.0,1,1.0,1,1.0,1,0.2863011702467051,54
5344,4,8880,4260,4620,0,0,0,1.0,1,1.0,1,1.0,1,0.3212770751446477,55
5345,3,8883,4260,4623,0,0,0,1.0,1,1.0,1,1.0,1,0.2798118226226259,53
5346,6,8889,4263,4626,0,0,0,1.0,1,1.0,1,1.0,1,0.2841057186063238,53
5347,3,8892,4264,4628,0,0,0,1.0,1,1.0,1,1.0,1,0.28879162282545295,51
5348,3,8895,4265,4630,0,0,0,1.0,1,1.0,1,1.0,1,0.2560724946200508,53
5349,4,8899,4267,4632,0,0,0,1.0,1,1.0,1,1.0,1,0.22482064002399083,52
5350,1,8900,4268,4632,0,0,0,1.0,1,1.0,1,1.0,1,0.2391796986086849,50
5351,4,8904,4270,4634,0,0,0,1.0,1,1.0,1,1.0,1,0.30188678986236483,52
5352,3,8907,4272,4635,0,0,0,1.0,1,1.0,1,1.0,1,0.29776061639358214,49
5353,1,8908,4272,4636,0,0,0,1.0,1,1.0,1,1.0,1,0.26592605918995177,49
5354,1,8909,4272,4637,0,0,0,1.0,1,1.0,1,1.0,1,0.22623927021209894,49
5355,1,8910,4272,4638,0,0,0,1.0,1,1.0,1,1.0,1,0.21052598890359203,48
5356,2,8912,4274,4638,0,0,0,1.0,1,1.0,1,1.0,1,0.26555315275981606,49
5357,2,8914,4274,4640,0,0,0,1.0,1,1.0,1,1.0,1,0.2410714929170193,47
5358,1,8915,4274,4641,0,0,0,1.0,1,1.0,1,1.0,1,0.24163552773146701,48
5359,1,8916,4274,4642,0,0,0,1.0,1,1.0,1,1.0,1,0.23215035260798875,48
5360,0,8916,4274,4642,0,0,0,1.0,1,1.0,1,1.0,1,0.23215035260798875,48
5361,2,8918,4274,4644,0,0,0,1.0,1,1.0,1,1.0,1,0.21096013613088402,50
5362,0,8918,4274,4644,0,0,0,1.0,1,1.0,1,1.0,1,0.21096013613088402,50
5363,0,8918,4274,4644,0,0,0,1.0,1,1.0,1,1.0,1,0.21096013613088402,50
5364,2,8920,4276,4644,0,0,0,1.0,1,1.0,1,1.0,1,0.2072678934261083,51
5365,2,8922,4277,4645,0,0,0,1.0,1,1.0,1,1.0,1,0.22410108329716522,52
5366,1,8923,4277,4646,0,0,0,1.0,1,1.0,1,1.0,1,0.205333261762667,52
5367,1,8924,4278,4646,0,0,0,1.0,1,1.0,1,1.0,1,0.2287409804265304,54
5368,3,8927,4278,4649,0,0,0,1.0,1,1.0,1,1.0,1,0.2058674769537949,55
5369,2,8929,4278,4651,0,0,0,1.0,1,1.0,1,1.0,1,0.17600009265152078,53
5370,3,8932,4279,4653,0,0,0,1.0,1,1.0,1,1.0,1,0.18344505821469495,54
5371,3,8935,4282,4653,0,0,0,1.0,1,1.0,1,1.0,1,0.22602448280497814,53
5372,7,8942,4285,4657,0,0,0,1.0,1,1.0,1,1.0,1,0.2505779598109996,53
5373,1,8943,4285,4658,0,0,0,1.0,1,1.0,1,1.0,1,0.23732242951033536,52
5374,0,8943,4285,4658,0,0,0,1.0,1,1.0,1,1.0,1,0.2357016978405374,51
5375,1,8944,4285,4659,0,0,0,1.0,1,1.0,1,1.0,1,0.1966240622478402,52
5376,4,8948,4287,4661,0,0,0,1.0,1,1.0,1,1.0,1,0.2601970377706391,51
5377,1,8949,4287,4662,0,0,0,1.0,1,1.0,1,1.0,1,0.26220100609696245,52
5378,5,8954,4289,4665,0,0,0,1.0,1,1.0,1,1.0,1,0.27608830631495135,50
5379,1,8955,4289,4666,0,0,0,1.0,1,1.0,1,1.0,1,0.2597621771497894,50
5380,2,8957,4289,4668,0,0,0,1.0,1,1.0,1,1.0,1,0.26401496536923813,52
5381,3,8960,4289,4671,0,0,0,1.0,1,1.0,1,1.0,1,0.22441946852286213,52
5382,0,8960,4289,4671,0,0,0,1.0,1,1.0,1,1.0,1,0.22345091377047088,52
5383,0,8960,4289,4671,0,0,0,1.0,1,1.0,1,1.0,1,0.20771391938379682,51
5384,5,8965,4291,4674,0,0,0,1.0,1,1.0,1,1.0,1,0.2045921728750412,52
5385,2,8967,4292,4675,0,0,0,1.0,1,1.0,1,1.0,1,0.22449483441187823,51
5386,4,8971,4293,4678,0,0,0,1.0,1,1.0,1,1.0,1,0.17417569423439244,52
5387,2,8973,4293,4680,0,0,0,1.0,1,1.0,1,1.0,1,0.14043495265495184,53
5388,2,8975,4294,4681,0,0,0,1.0,1,1.0,1,1.0,1,0.1348157502427692,54
5389,0,8975,4294,4681,0,0,0,1.0,1,1.0,1,1.0,1,0.1328779275681987,55
5390,2,8977,4296,4681,0,0,0,1.0,1,1.0,1,1.0,1,0.1395981380281424,56
5391,2,8979,4297,4682,0,0,0,1.0,1,1.0,1,1.0,1,0.13376599046066465,56
5392,1,8980,4297,4683,0,0,0,1.0,1,1.0,1,1.0,1,0.1335618766389315,56
5393,1,8981,4298,4683,0,0,0,1.0,1,1.0,1,1.0,1,0.1573261748258586,54
5394,3,8984,4299,4685,0,0,0,1.0,1,1.0,1,1.0,1,0.15198158440227139,53
5395,1,8985,4300,4685,0,0,0,1.0,1,1.0,1,1.0,1,0.17681745033947266,53
5396,1,8986,4301,4685,0,0,0,1.0,1,1.0,1,1.0,1,0.2142103637471932,54
5397,1,8987,4302,4685,0,0,0,1.0,1,1.0,1,1.0,1,0.19890626040354217,53
5398,3,8990,4304,4686,0,0,0,1.0,1,1.0,1,1.0,1,0.1937409674111548,53
5399,5,8995,4308,4687,0,0,0,1.0,1,1.0,1,1.0,1,0.23149552388257136,55
5400,7,9002,4308,4694,0,0,0,1.0,1,1.0,1,1.0,1,0.10992825403725101,55
5401,1,9003,4309,4694,0,0,0,1.0,1,1.0,1,1.0,1,0.1362307650419184,56
5402,0,9003,4309,4694,0,0,0,1.0,1,1.0,1,1.0,1,0.0,0
