,SuccessfulHandoverCount,TotalSuccessfulHandoverCount,TotalSuccessfulHandoverCountRange,TotalSuccessfulHandoverCountLoadBalancing,TotalSuccessfulHandoverCountOverload,FailedHandoverCount,TotalFailedHandoverCount,AvgQoS,MinQoS,AvgQoS_LoadBased,MinQoS_LoadBased,AvgQoS_RangeBased,MinQoS_RangeBased,GiniLoad,VehicleCount
0,0,0,0,0,0,0,0,1.0,1,1.0,1,1.0,1,0.0,0
1,11,11,0,11,0,0,0,1.0,1,1.0,1,1.0,1,0.2655473127736556,26
2,9,20,0,20,0,0,0,1.0,1,1.0,1,1.0,1,0.16272431613789476,27
3,4,24,0,24,0,0,0,1.0,1,1.0,1,1.0,1,0.20302059887784218,28
4,4,28,0,28,0,0,0,1.0,1,1.0,1,1.0,1,0.17522496120144904,29
5,4,32,0,32,0,0,0,1.0,1,1.0,1,1.0,1,0.18433204641349135,29
6,5,37,0,37,0,0,0,1.0,1,1.0,1,1.0,1,0.2300090305542564,32
7,9,46,0,46,0,0,0,1.0,1,1.0,1,1.0,1,0.24131979466071568,33
8,18,64,0,64,0,0,0,1.0,1,1.0,1,1.0,1,0.1870938481166688,35
9,11,75,0,75,0,0,0,1.0,1,1.0,1,1.0,1,0.18527939352749823,35
10,7,82,0,82,0,0,0,1.0,1,1.0,1,1.0,1,0.12050130628419259,35
11,7,89,0,89,0,0,0,1.0,1,1.0,1,1.0,1,0.16006619668454938,35
12,9,98,0,98,0,0,0,1.0,1,1.0,1,1.0,1,0.19700727346302707,34
13,9,107,0,107,0,0,0,1.0,1,1.0,1,1.0,1,0.22717996937779555,32
14,12,119,3,116,0,0,0,1.0,1,1.0,1,1.0,1,0.3279872503992121,31
15,11,130,3,127,0,0,0,1.0,1,1.0,1,1.0,1,0.309489780133286,30
16,3,133,3,130,0,0,0,1.0,1,1.0,1,1.0,1,0.2643877861420887,30
17,0,133,3,130,0,0,0,1.0,1,1.0,1,1.0,1,0.25808864525095093,29
18,2,135,5,130,0,0,0,1.0,1,1.0,1,1.0,1,0.36187912011714995,29
19,1,136,5,131,0,0,0,1.0,1,1.0,1,1.0,1,0.3037041193147429,28
20,0,136,5,131,0,0,0,1.0,1,1.0,1,1.0,1,0.33743322219540733,28
21,0,136,5,131,0,0,0,1.0,1,1.0,1,1.0,1,0.33743322219540733,28
22,2,138,7,131,0,0,0,1.0,1,1.0,1,1.0,1,0.34423042533814585,28
23,2,140,9,131,0,0,0,1.0,1,1.0,1,1.0,1,0.40100927693501637,27
24,3,143,12,131,0,0,0,1.0,1,1.0,1,1.0,1,0.44507213941575585,28
25,4,147,14,133,0,0,0,1.0,1,1.0,1,1.0,1,0.2905664166776991,28
26,3,150,15,135,0,0,0,1.0,1,1.0,1,1.0,1,0.25059569637071033,30
27,0,150,15,135,0,0,0,1.0,1,1.0,1,1.0,1,0.24159270206642167,30
28,3,153,16,137,0,0,0,1.0,1,1.0,1,1.0,1,0.25420069685107266,31
29,0,153,16,137,0,0,0,1.0,1,1.0,1,1.0,1,0.2652557887441266,30
30,1,154,17,137,0,0,0,1.0,1,1.0,1,1.0,1,0.2485869897021476,30
31,2,156,18,138,0,0,0,1.0,1,1.0,1,1.0,1,0.25781215742337776,31
32,1,157,18,139,0,0,0,1.0,1,1.0,1,1.0,1,0.25730032020542765,31
33,2,159,20,139,0,0,0,1.0,1,1.0,1,1.0,1,0.31815506839209484,31
34,4,163,21,142,0,0,0,1.0,1,1.0,1,1.0,1,0.2308371303308198,29
35,0,163,21,142,0,0,0,1.0,1,1.0,1,1.0,1,0.22868815721580132,30
36,0,163,21,142,0,0,0,1.0,1,1.0,1,1.0,1,0.25003425393688883,30
37,1,164,21,143,0,0,0,1.0,1,1.0,1,1.0,1,0.2336322332988404,31
38,0,164,21,143,0,0,0,1.0,1,1.0,1,1.0,1,0.24018469531541714,32
39,3,167,21,146,0,0,0,1.0,1,1.0,1,1.0,1,0.2742202153893476,36
40,1,168,21,147,0,0,0,1.0,1,1.0,1,1.0,1,0.25962517538367497,37
41,0,168,21,147,0,0,0,1.0,1,1.0,1,1.0,1,0.25962517538367497,37
42,0,168,21,147,0,0,0,1.0,1,1.0,1,1.0,1,0.27713478291471466,38
43,8,176,23,153,0,0,0,1.0,1,1.0,1,1.0,1,0.2847778770180501,40
44,3,179,23,156,0,0,0,1.0,1,1.0,1,1.0,1,0.27656575571681236,39
45,3,182,24,158,0,0,0,1.0,1,1.0,1,1.0,1,0.3144072779602952,40
46,3,185,24,161,0,0,0,1.0,1,1.0,1,1.0,1,0.23251813381282907,39
47,0,185,24,161,0,0,0,1.0,1,1.0,1,1.0,1,0.23251813381282907,39
48,0,185,24,161,0,0,0,1.0,1,1.0,1,1.0,1,0.23251813381282907,39
49,1,186,25,161,0,0,0,1.0,1,1.0,1,1.0,1,0.2674462031013624,37
50,1,187,26,161,0,0,0,1.0,1,1.0,1,1.0,1,0.2687236495652307,35
51,0,187,26,161,0,0,0,1.0,1,1.0,1,1.0,1,0.25828026719404074,34
52,0,187,26,161,0,0,0,1.0,1,1.0,1,1.0,1,0.32105989843214083,34
53,3,190,27,163,0,0,0,1.0,1,1.0,1,1.0,1,0.2948507782661976,35
54,0,190,27,163,0,0,0,1.0,1,1.0,1,1.0,1,0.3290193865363053,36
55,4,194,28,166,0,0,0,1.0,1,1.0,1,1.0,1,0.2720350063754143,36
56,2,196,30,166,0,0,0,1.0,1,1.0,1,1.0,1,0.29537213513463567,36
57,0,196,30,166,0,0,0,1.0,1,1.0,1,1.0,1,0.30840618881778703,37
58,6,202,32,170,0,0,0,1.0,1,1.0,1,1.0,1,0.21905358161322733,38
59,1,203,33,170,0,0,0,1.0,1,1.0,1,1.0,1,0.23105723632574973,37
60,1,204,33,171,0,0,0,1.0,1,1.0,1,1.0,1,0.220980985381297,38
61,0,204,33,171,0,0,0,1.0,1,1.0,1,1.0,1,0.2274827551727056,37
62,1,205,34,171,0,0,0,1.0,1,1.0,1,1.0,1,0.2259670226126002,39
63,1,206,35,171,0,0,0,1.0,1,1.0,1,1.0,1,0.2475955974324894,39
64,1,207,36,171,0,0,0,1.0,1,1.0,1,1.0,1,0.25735042485405224,38
65,4,211,38,173,0,0,0,1.0,1,1.0,1,1.0,1,0.2546144936991436,39
66,2,213,40,173,0,0,0,1.0,1,1.0,1,1.0,1,0.30114892742615235,39
67,0,213,40,173,0,0,0,1.0,1,1.0,1,1.0,1,0.3053292477432155,36
68,1,214,41,173,0,0,0,1.0,1,1.0,1,1.0,1,0.3380358380655535,36
69,1,215,41,174,0,0,0,1.0,1,1.0,1,1.0,1,0.3265893669369809,37
70,0,215,41,174,0,0,0,1.0,1,1.0,1,1.0,1,0.3582249269533927,36
71,3,218,41,177,0,0,0,1.0,1,1.0,1,1.0,1,0.3569100249575006,38
72,1,219,42,177,0,0,0,1.0,1,1.0,1,1.0,1,0.3418014418084308,38
73,2,221,43,178,0,0,0,1.0,1,1.0,1,1.0,1,0.36742551691551095,37
74,2,223,43,180,0,0,0,1.0,1,1.0,1,1.0,1,0.33187924233075766,38
75,0,223,43,180,0,0,0,1.0,1,1.0,1,1.0,1,0.33187924233075766,38
76,6,229,44,185,0,0,0,1.0,1,1.0,1,1.0,1,0.23121597292446994,39
77,0,229,44,185,0,0,0,1.0,1,1.0,1,1.0,1,0.24400193508532908,40
78,1,230,44,186,0,0,0,1.0,1,1.0,1,1.0,1,0.2460232665497334,41
79,0,230,44,186,0,0,0,1.0,1,1.0,1,1.0,1,0.2460232665497334,41
80,0,230,44,186,0,0,0,1.0,1,1.0,1,1.0,1,0.2460232665497334,41
81,1,231,45,186,0,0,0,1.0,1,1.0,1,1.0,1,0.277433135707951,41
82,3,234,45,189,0,0,0,1.0,1,1.0,1,1.0,1,0.24280073951961514,44
83,1,235,45,190,0,0,0,1.0,1,1.0,1,1.0,1,0.22542161550323578,44
84,0,235,45,190,0,0,0,1.0,1,1.0,1,1.0,1,0.21620071914340824,45
85,0,235,45,190,0,0,0,1.0,1,1.0,1,1.0,1,0.21620071914340824,45
86,0,235,45,190,0,0,0,1.0,1,1.0,1,1.0,1,0.21620071914340824,45
87,1,236,46,190,0,0,0,1.0,1,1.0,1,1.0,1,0.2587709641037462,44
88,0,236,46,190,0,0,0,1.0,1,1.0,1,1.0,1,0.2587709641037462,44
89,0,236,46,190,0,0,0,1.0,1,1.0,1,1.0,1,0.2935712987128064,43
90,2,238,46,192,0,0,0,1.0,1,1.0,1,1.0,1,0.3211879074479223,44
91,1,239,47,192,0,0,0,1.0,1,1.0,1,1.0,1,0.3453628051152525,44
92,0,239,47,192,0,0,0,1.0,1,1.0,1,1.0,1,0.33184752087172137,43
93,1,240,47,193,0,0,0,1.0,1,1.0,1,1.0,1,0.33708529387672104,44
94,1,241,48,193,0,0,0,1.0,1,1.0,1,1.0,1,0.35860439397852095,44
95,1,242,48,194,0,0,0,1.0,1,1.0,1,1.0,1,0.3331790977318017,43
96,0,242,48,194,0,0,0,1.0,1,1.0,1,1.0,1,0.3397580439216508,44
97,0,242,48,194,0,0,0,1.0,1,1.0,1,1.0,1,0.3397580439216508,44
98,0,242,48,194,0,0,0,1.0,1,1.0,1,1.0,1,0.36409386506867064,43
99,0,242,48,194,0,0,0,1.0,1,1.0,1,1.0,1,0.36409386506867064,43
100,3,245,48,197,0,0,0,1.0,1,1.0,1,1.0,1,0.3314962228501394,47
101,0,245,48,197,0,0,0,1.0,1,1.0,1,1.0,1,0.3314962228501394,47
102,2,247,49,198,0,0,0,1.0,1,1.0,1,1.0,1,0.3406660165752969,47
103,2,249,51,198,0,0,0,1.0,1,1.0,1,1.0,1,0.33912727783609226,46
104,4,253,54,199,0,0,0,1.0,1,1.0,1,1.0,1,0.36838530478067383,45
105,4,257,56,201,0,0,0,1.0,1,1.0,1,1.0,1,0.32635081450153663,44
106,6,263,59,204,0,0,0,1.0,1,1.0,1,1.0,1,0.3252703804251463,45
107,1,264,60,204,0,0,0,1.0,1,1.0,1,1.0,1,0.30351791808538986,44
108,2,266,60,206,0,0,0,1.0,1,1.0,1,1.0,1,0.2527207129638195,46
109,3,269,61,208,0,0,0,1.0,1,1.0,1,1.0,1,0.20940322515000204,46
110,3,272,62,210,0,0,0,1.0,1,1.0,1,1.0,1,0.15926315728169205,46
111,5,277,64,213,0,0,0,1.0,1,1.0,1,1.0,1,0.1442356946901942,46
112,1,278,65,213,0,0,0,1.0,1,1.0,1,1.0,1,0.14518687042226097,46
113,0,278,65,213,0,0,0,1.0,1,1.0,1,1.0,1,0.13760666808807426,46
114,4,282,69,213,0,0,0,1.0,1,1.0,1,1.0,1,0.120630854627362,46
115,1,283,70,213,0,0,0,1.0,1,1.0,1,1.0,1,0.1589782401556288,47
116,2,285,72,213,0,0,0,1.0,1,1.0,1,1.0,1,0.22318856383249114,47
117,2,287,73,214,0,0,0,1.0,1,1.0,1,1.0,1,0.2544479238413244,45
118,1,288,74,214,0,0,0,1.0,1,1.0,1,1.0,1,0.25378177339445096,46
119,0,288,74,214,0,0,0,1.0,1,1.0,1,1.0,1,0.25999388683771607,46
120,2,290,74,216,0,0,0,1.0,1,1.0,1,1.0,1,0.23429577222105705,47
121,2,292,74,218,0,0,0,1.0,1,1.0,1,1.0,1,0.21776385119745845,46
122,1,293,74,219,0,0,0,1.0,1,1.0,1,1.0,1,0.20385056974153426,46
123,0,293,74,219,0,0,0,1.0,1,1.0,1,1.0,1,0.20341191756766208,45
124,0,293,74,219,0,0,0,1.0,1,1.0,1,1.0,1,0.2044065031884121,46
125,1,294,75,219,0,0,0,1.0,1,1.0,1,1.0,1,0.22185158990896206,44
126,1,295,75,220,0,0,0,1.0,1,1.0,1,1.0,1,0.20755556424048646,45
127,2,297,75,222,0,0,0,1.0,1,1.0,1,1.0,1,0.1387895995444591,45
128,2,299,75,224,0,0,0,1.0,1,1.0,1,1.0,1,0.12254562534836241,46
129,0,299,75,224,0,0,0,1.0,1,1.0,1,1.0,1,0.14003688548974214,48
130,0,299,75,224,0,0,0,1.0,1,1.0,1,1.0,1,0.14003688548974214,48
131,3,302,75,227,0,0,0,1.0,1,1.0,1,1.0,1,0.09543415832503602,49
132,2,304,77,227,0,0,0,1.0,1,1.0,1,1.0,1,0.1667658297211033,51
133,2,306,79,227,0,0,0,1.0,1,1.0,1,1.0,1,0.22445278031623592,49
134,7,313,83,230,0,0,0,1.0,1,1.0,1,1.0,1,0.1906233287146484,49
135,1,314,84,230,0,0,0,1.0,1,1.0,1,1.0,1,0.22004963118658563,49
136,5,319,86,233,0,0,0,1.0,1,1.0,1,1.0,1,0.1705730550794629,48
137,0,319,86,233,0,0,0,1.0,1,1.0,1,1.0,1,0.18461782349763153,47
138,2,321,88,233,0,0,0,1.0,1,1.0,1,1.0,1,0.18936976638274078,48
139,2,323,90,233,0,0,0,1.0,1,1.0,1,1.0,1,0.20604409963610243,48
140,4,327,93,234,0,0,0,1.0,1,1.0,1,1.0,1,0.2276763211194299,49
141,2,329,95,234,0,0,0,1.0,1,1.0,1,1.0,1,0.2359190206783545,49
142,3,332,96,236,0,0,0,1.0,1,1.0,1,1.0,1,0.1745394194370901,49
143,1,333,97,236,0,0,0,1.0,1,1.0,1,1.0,1,0.1814704025272492,47
144,3,336,100,236,0,0,0,1.0,1,1.0,1,1.0,1,0.21946078689627138,46
145,0,336,100,236,0,0,0,1.0,1,1.0,1,1.0,1,0.20565969227024306,44
146,2,338,102,236,0,0,0,1.0,1,1.0,1,1.0,1,0.22872940410795845,44
147,1,339,103,236,0,0,0,1.0,1,1.0,1,1.0,1,0.25821625917830937,43
148,1,340,104,236,0,0,0,1.0,1,1.0,1,1.0,1,0.2957298683165225,43
149,2,342,105,237,0,0,0,1.0,1,1.0,1,1.0,1,0.3041414528630236,43
150,1,343,105,238,0,0,0,1.0,1,1.0,1,1.0,1,0.299224687606235,42
151,5,348,106,242,0,0,0,1.0,1,1.0,1,1.0,1,0.2112432540617295,42
152,2,350,107,243,0,0,0,1.0,1,1.0,1,1.0,1,0.19528014876368824,42
153,0,350,107,243,0,0,0,1.0,1,1.0,1,1.0,1,0.21430898427481807,42
154,2,352,109,243,0,0,0,1.0,1,1.0,1,1.0,1,0.2973384776653712,43
155,1,353,109,244,0,0,0,1.0,1,1.0,1,1.0,1,0.286604154376508,43
156,0,353,109,244,0,0,0,1.0,1,1.0,1,1.0,1,0.2704519428274455,42
157,4,357,109,248,0,0,0,1.0,1,1.0,1,1.0,1,0.23595565618548,41
158,1,358,109,249,0,0,0,1.0,1,1.0,1,1.0,1,0.21403754950822756,42
159,1,359,109,250,0,0,0,1.0,1,1.0,1,1.0,1,0.1826426054920265,43
160,4,363,113,250,0,0,0,1.0,1,1.0,1,1.0,1,0.27949656508688087,44
161,5,368,114,254,0,0,0,1.0,1,1.0,1,1.0,1,0.2575944005191692,44
162,3,371,116,255,0,0,0,1.0,1,1.0,1,1.0,1,0.26455299475881355,45
163,4,375,119,256,0,0,0,1.0,1,1.0,1,1.0,1,0.2787141909110305,43
164,0,375,119,256,0,0,0,1.0,1,1.0,1,1.0,1,0.2746746068604591,42
165,3,378,121,257,0,0,0,1.0,1,1.0,1,1.0,1,0.2680106332768152,42
166,1,379,121,258,0,0,0,1.0,1,1.0,1,1.0,1,0.24529285553670727,42
167,3,382,123,259,0,0,0,1.0,1,1.0,1,1.0,1,0.21472835885458355,41
168,1,383,123,260,0,0,0,1.0,1,1.0,1,1.0,1,0.19142029427927565,40
169,2,385,124,261,0,0,0,1.0,1,1.0,1,1.0,1,0.1529243577434999,40
170,0,385,124,261,0,0,0,1.0,1,1.0,1,1.0,1,0.1643112618800348,38
171,1,386,125,261,0,0,0,1.0,1,1.0,1,1.0,1,0.14147288381408155,37
172,3,389,128,261,0,0,0,1.0,1,1.0,1,1.0,1,0.18387748235079102,35
173,3,392,130,262,0,0,0,1.0,1,1.0,1,1.0,1,0.28835150299168194,36
174,1,393,131,262,0,0,0,1.0,1,1.0,1,1.0,1,0.2413000640595317,34
175,0,393,131,262,0,0,0,1.0,1,1.0,1,1.0,1,0.3030502945838806,33
176,2,395,131,264,0,0,0,1.0,1,1.0,1,1.0,1,0.31971028044602323,34
177,1,396,132,264,0,0,0,1.0,1,1.0,1,1.0,1,0.2968682154390135,36
178,0,396,132,264,0,0,0,1.0,1,1.0,1,1.0,1,0.3021763758052058,37
179,0,396,132,264,0,0,0,1.0,1,1.0,1,1.0,1,0.3021763758052058,37
180,0,396,132,264,0,0,0,1.0,1,1.0,1,1.0,1,0.31390094591948264,36
181,2,398,132,266,0,0,0,1.0,1,1.0,1,1.0,1,0.23886952879684747,36
182,3,401,133,268,0,0,0,1.0,1,1.0,1,1.0,1,0.21802373143501824,38
183,2,403,135,268,0,0,0,1.0,1,1.0,1,1.0,1,0.22768225655978425,37
184,2,405,137,268,0,0,0,1.0,1,1.0,1,1.0,1,0.2897734775131751,36
185,1,406,138,268,0,0,0,1.0,1,1.0,1,1.0,1,0.28979022084323863,35
186,1,407,139,268,0,0,0,1.0,1,1.0,1,1.0,1,0.32631343038406996,34
187,2,409,141,268,0,0,0,1.0,1,1.0,1,1.0,1,0.312351388309504,33
188,3,412,142,270,0,0,0,1.0,1,1.0,1,1.0,1,0.25518631539247266,33
189,4,416,146,270,0,0,0,1.0,1,1.0,1,1.0,1,0.34098061116371203,33
190,2,418,146,272,0,0,0,1.0,1,1.0,1,1.0,1,0.34399923554537587,32
191,1,419,147,272,0,0,0,1.0,1,1.0,1,1.0,1,0.33119199498637725,34
192,0,419,147,272,0,0,0,1.0,1,1.0,1,1.0,1,0.33119199498637725,34
193,0,419,147,272,0,0,0,1.0,1,1.0,1,1.0,1,0.3183539277641853,35
194,1,420,147,273,0,0,0,1.0,1,1.0,1,1.0,1,0.31979240850210505,37
195,0,420,147,273,0,0,0,1.0,1,1.0,1,1.0,1,0.3323321638820421,36
196,4,424,148,276,0,0,0,1.0,1,1.0,1,1.0,1,0.2312975382345998,36
197,2,426,149,277,0,0,0,1.0,1,1.0,1,1.0,1,0.2474631800079673,37
198,2,428,150,278,0,0,0,1.0,1,1.0,1,1.0,1,0.23217703850207852,37
199,1,429,151,278,0,0,0,1.0,1,1.0,1,1.0,1,0.24776654363869322,37
200,2,431,152,279,0,0,0,1.0,1,1.0,1,1.0,1,0.22036495797582195,37
201,0,431,152,279,0,0,0,1.0,1,1.0,1,1.0,1,0.19055548702939737,36
202,3,434,153,281,0,0,0,1.0,1,1.0,1,1.0,1,0.1397336943527657,36
203,1,435,154,281,0,0,0,1.0,1,1.0,1,1.0,1,0.1778897909616383,35
204,2,437,155,282,0,0,0,1.0,1,1.0,1,1.0,1,0.20510307804743105,35
205,3,440,157,283,0,0,0,1.0,1,1.0,1,1.0,1,0.2374326746258294,35
206,1,441,158,283,0,0,0,1.0,1,1.0,1,1.0,1,0.26926641942140306,34
207,0,441,158,283,0,0,0,1.0,1,1.0,1,1.0,1,0.29637734522864434,34
208,1,442,158,284,0,0,0,1.0,1,1.0,1,1.0,1,0.29170803021833386,33
209,1,443,159,284,0,0,0,1.0,1,1.0,1,1.0,1,0.30973371506780395,33
210,2,445,161,284,0,0,0,1.0,1,1.0,1,1.0,1,0.35155009467439396,34
211,4,449,162,287,0,0,0,1.0,1,1.0,1,1.0,1,0.3605210109355594,33
212,1,450,162,288,0,0,0,1.0,1,1.0,1,1.0,1,0.3110034401647329,33
213,3,453,162,291,0,0,0,1.0,1,1.0,1,1.0,1,0.25621988811089513,35
214,2,455,163,292,0,0,0,1.0,1,1.0,1,1.0,1,0.2096713623783709,34
215,2,457,164,293,0,0,0,1.0,1,1.0,1,1.0,1,0.18937546364292787,35
216,1,458,165,293,0,0,0,1.0,1,1.0,1,1.0,1,0.20062007630134274,36
217,1,459,166,293,0,0,0,1.0,1,1.0,1,1.0,1,0.2280769719113511,36
218,6,465,169,296,0,0,0,1.0,1,1.0,1,1.0,1,0.3005715242241252,36
219,4,469,169,300,0,0,0,1.0,1,1.0,1,1.0,1,0.25455224049223063,37
220,1,470,170,300,0,0,0,1.0,1,1.0,1,1.0,1,0.240526776171784,38
221,1,471,171,300,0,0,0,1.0,1,1.0,1,1.0,1,0.24419507031452248,37
222,1,472,172,300,0,0,0,1.0,1,1.0,1,1.0,1,0.203186309330629,38
223,2,474,174,300,0,0,0,1.0,1,1.0,1,1.0,1,0.23932156932223944,38
224,4,478,176,302,0,0,0,1.0,1,1.0,1,1.0,1,0.22626970991695605,38
225,2,480,177,303,0,0,0,1.0,1,1.0,1,1.0,1,0.21622874899636932,36
226,2,482,178,304,0,0,0,1.0,1,1.0,1,1.0,1,0.25499401274043804,37
227,2,484,180,304,0,0,0,1.0,1,1.0,1,1.0,1,0.22402182760171638,35
228,0,484,180,304,0,0,0,1.0,1,1.0,1,1.0,1,0.22402182760171638,35
229,4,488,184,304,0,0,0,1.0,1,1.0,1,1.0,1,0.19980048722015087,35
230,2,490,186,304,0,0,0,1.0,1,1.0,1,1.0,1,0.2627654266914314,35
231,4,494,189,305,0,0,0,1.0,1,1.0,1,1.0,1,0.1782564637233438,35
232,2,496,191,305,0,0,0,1.0,1,1.0,1,1.0,1,0.19805635845136607,36
233,1,497,191,306,0,0,0,1.0,1,1.0,1,1.0,1,0.17428850636713553,36
234,0,497,191,306,0,0,0,1.0,1,1.0,1,1.0,1,0.18844760990899082,34
235,5,502,196,306,0,0,0,1.0,1,1.0,1,1.0,1,0.22936791914153837,33
236,1,503,196,307,0,0,0,1.0,1,1.0,1,1.0,1,0.20866455374117615,31
237,1,504,197,307,0,0,0,1.0,1,1.0,1,1.0,1,0.23219851769817443,32
238,2,506,199,307,0,0,0,1.0,1,1.0,1,1.0,1,0.2714577418072999,31
239,1,507,200,307,0,0,0,1.0,1,1.0,1,1.0,1,0.24148657711297422,30
240,0,507,200,307,0,0,0,1.0,1,1.0,1,1.0,1,0.2606547632943246,27
241,3,510,202,308,0,0,0,1.0,1,1.0,1,1.0,1,0.28144296651100514,27
242,1,511,202,309,0,0,0,1.0,1,1.0,1,1.0,1,0.2600946047125152,28
243,1,512,203,309,0,0,0,1.0,1,1.0,1,1.0,1,0.28319951018665146,28
244,1,513,204,309,0,0,0,1.0,1,1.0,1,1.0,1,0.3116648265996616,27
245,1,514,205,309,0,0,0,1.0,1,1.0,1,1.0,1,0.35741203340515265,27
246,1,515,206,309,0,0,0,1.0,1,1.0,1,1.0,1,0.36898044733764535,25
247,0,515,206,309,0,0,0,1.0,1,1.0,1,1.0,1,0.36266327008556265,24
248,1,516,206,310,0,0,0,1.0,1,1.0,1,1.0,1,0.3355199815226649,24
249,0,516,206,310,0,0,0,1.0,1,1.0,1,1.0,1,0.3449685730320843,25
250,1,517,206,311,0,0,0,1.0,1,1.0,1,1.0,1,0.3127764038699286,27
251,0,517,206,311,0,0,0,1.0,1,1.0,1,1.0,1,0.3127764038699286,27
252,1,518,206,312,0,0,0,1.0,1,1.0,1,1.0,1,0.28067672920305836,27
253,1,519,207,312,0,0,0,1.0,1,1.0,1,1.0,1,0.3208876780272646,29
254,1,520,208,312,0,0,0,1.0,1,1.0,1,1.0,1,0.30745817304925166,30
255,2,522,209,313,0,0,0,1.0,1,1.0,1,1.0,1,0.3283532970278446,31
256,2,524,211,313,0,0,0,1.0,1,1.0,1,1.0,1,0.32343571997177706,31
257,4,528,212,316,0,0,0,1.0,1,1.0,1,1.0,1,0.2947708721711902,33
258,1,529,213,316,0,0,0,1.0,1,1.0,1,1.0,1,0.2932365079369806,33
259,0,529,213,316,0,0,0,1.0,1,1.0,1,1.0,1,0.2932365079369806,33
260,2,531,215,316,0,0,0,1.0,1,1.0,1,1.0,1,0.34590765490739156,35
261,2,533,216,317,0,0,0,1.0,1,1.0,1,1.0,1,0.36950941109991065,35
262,1,534,217,317,0,0,0,1.0,1,1.0,1,1.0,1,0.39329627120752314,35
263,2,536,218,318,0,0,0,1.0,1,1.0,1,1.0,1,0.4176491943140431,34
264,1,537,219,318,0,0,0,1.0,1,1.0,1,1.0,1,0.47418870051816747,32
265,3,540,221,319,0,0,0,1.0,1,1.0,1,1.0,1,0.4657204532340598,30
266,2,542,222,320,0,0,0,1.0,1,1.0,1,1.0,1,0.44863277719634126,31
267,1,543,223,320,0,0,0,1.0,1,1.0,1,1.0,1,0.4740343997281552,30
268,1,544,223,321,0,0,0,1.0,1,1.0,1,1.0,1,0.484498684674763,31
269,0,544,223,321,0,0,0,1.0,1,1.0,1,1.0,1,0.484498684674763,31
270,2,546,224,322,0,0,0,1.0,1,1.0,1,1.0,1,0.4785151352568095,32
271,3,549,224,325,0,0,0,1.0,1,1.0,1,1.0,1,0.40208963077604604,31
272,2,551,225,326,0,0,0,1.0,1,1.0,1,1.0,1,0.4642063093765486,32
273,0,551,225,326,0,0,0,1.0,1,1.0,1,1.0,1,0.4642063093765486,32
274,3,554,226,328,0,0,0,1.0,1,1.0,1,1.0,1,0.44961470090015504,32
275,2,556,226,330,0,0,0,1.0,1,1.0,1,1.0,1,0.3644522571436977,33
276,2,558,227,331,0,0,0,1.0,1,1.0,1,1.0,1,0.37933076882203076,34
277,1,559,228,331,0,0,0,1.0,1,1.0,1,1.0,1,0.3271860080136857,32
278,0,559,228,331,0,0,0,1.0,1,1.0,1,1.0,1,0.3078495877891344,31
279,1,560,228,332,0,0,0,1.0,1,1.0,1,1.0,1,0.26013421287411664,31
280,2,562,228,334,0,0,0,1.0,1,1.0,1,1.0,1,0.23857014415555025,30
281,2,564,228,336,0,0,0,1.0,1,1.0,1,1.0,1,0.15267222493815774,31
282,1,565,228,337,0,0,0,1.0,1,1.0,1,1.0,1,0.12741186861226356,30
283,0,565,228,337,0,0,0,1.0,1,1.0,1,1.0,1,0.13378487416265447,31
284,1,566,229,337,0,0,0,1.0,1,1.0,1,1.0,1,0.14496402897322308,31
285,3,569,232,337,0,0,0,1.0,1,1.0,1,1.0,1,0.29561715895063095,31
286,5,574,232,342,0,0,0,1.0,1,1.0,1,1.0,1,0.17593283105235294,31
287,2,576,233,343,0,0,0,1.0,1,1.0,1,1.0,1,0.18971899030019837,33
288,0,576,233,343,0,0,0,1.0,1,1.0,1,1.0,1,0.15411332069503642,32
289,1,577,234,343,0,0,0,1.0,1,1.0,1,1.0,1,0.17832408609356182,32
290,0,577,234,343,0,0,0,1.0,1,1.0,1,1.0,1,0.19077649831317398,31
291,1,578,235,343,0,0,0,1.0,1,1.0,1,1.0,1,0.2555958186999882,30
292,0,578,235,343,0,0,0,1.0,1,1.0,1,1.0,1,0.19951487998330297,32
293,0,578,235,343,0,0,0,1.0,1,1.0,1,1.0,1,0.19951487998330297,32
294,0,578,235,343,0,0,0,1.0,1,1.0,1,1.0,1,0.19951487998330297,32
295,1,579,235,344,0,0,0,1.0,1,1.0,1,1.0,1,0.15270602741430775,34
296,2,581,236,345,0,0,0,1.0,1,1.0,1,1.0,1,0.1708480067934396,34
297,2,583,237,346,0,0,0,1.0,1,1.0,1,1.0,1,0.21285483067730193,34
298,2,585,237,348,0,0,0,1.0,1,1.0,1,1.0,1,0.1962707156291328,35
299,2,587,237,350,0,0,0,1.0,1,1.0,1,1.0,1,0.2288067812179837,35
300,3,590,237,353,0,0,0,1.0,1,1.0,1,1.0,1,0.20696801376911558,35
301,0,590,237,353,0,0,0,1.0,1,1.0,1,1.0,1,0.22529306101913357,38
302,1,591,238,353,0,0,0,1.0,1,1.0,1,1.0,1,0.22126820994224083,38
303,2,593,240,353,0,0,0,1.0,1,1.0,1,1.0,1,0.27573863262364245,37
304,1,594,241,353,0,0,0,1.0,1,1.0,1,1.0,1,0.2940648587525838,37
305,4,598,243,355,0,0,0,1.0,1,1.0,1,1.0,1,0.3380078105725535,36
306,1,599,244,355,0,0,0,1.0,1,1.0,1,1.0,1,0.3772605962282986,36
307,2,601,244,357,0,0,0,1.0,1,1.0,1,1.0,1,0.3522990068007434,35
308,1,602,245,357,0,0,0,1.0,1,1.0,1,1.0,1,0.33809099182013286,37
309,0,602,245,357,0,0,0,1.0,1,1.0,1,1.0,1,0.33809099182013286,37
310,1,603,245,358,0,0,0,1.0,1,1.0,1,1.0,1,0.3216440211453172,37
311,0,603,245,358,0,0,0,1.0,1,1.0,1,1.0,1,0.3196757338144759,39
312,0,603,245,358,0,0,0,1.0,1,1.0,1,1.0,1,0.31953659091189807,40
313,0,603,245,358,0,0,0,1.0,1,1.0,1,1.0,1,0.31898878162290806,39
314,2,605,246,359,0,0,0,1.0,1,1.0,1,1.0,1,0.3442295604899898,40
315,2,607,247,360,0,0,0,1.0,1,1.0,1,1.0,1,0.4163262397991947,39
316,8,615,247,368,0,0,0,1.0,1,1.0,1,1.0,1,0.24173876417900453,39
317,1,616,247,369,0,0,0,1.0,1,1.0,1,1.0,1,0.24904477410733747,40
318,1,617,247,370,0,0,0,1.0,1,1.0,1,1.0,1,0.22770941961513175,41
319,1,618,247,371,0,0,0,1.0,1,1.0,1,1.0,1,0.19827706665750086,41
320,2,620,247,373,0,0,0,1.0,1,1.0,1,1.0,1,0.1805150621035973,41
321,3,623,247,376,0,0,0,1.0,1,1.0,1,1.0,1,0.1789799652031127,41
322,3,626,249,377,0,0,0,1.0,1,1.0,1,1.0,1,0.16009184880465735,41
323,0,626,249,377,0,0,0,1.0,1,1.0,1,1.0,1,0.16009184880465735,41
324,4,630,251,379,0,0,0,1.0,1,1.0,1,1.0,1,0.19591749557060323,42
325,2,632,252,380,0,0,0,1.0,1,1.0,1,1.0,1,0.2207763516458583,42
326,4,636,253,383,0,0,0,1.0,1,1.0,1,1.0,1,0.2865569226113542,42
327,4,640,253,387,0,0,0,1.0,1,1.0,1,1.0,1,0.2865569226113542,42
328,4,644,253,391,0,0,0,1.0,1,1.0,1,1.0,1,0.28093251696497845,43
329,2,646,253,393,0,0,0,1.0,1,1.0,1,1.0,1,0.2481005486884653,43
330,6,652,253,399,0,0,0,1.0,1,1.0,1,1.0,1,0.23901136078617555,45
331,9,661,253,408,0,0,0,1.0,1,1.0,1,1.0,1,0.10935963575146761,45
332,0,661,253,408,0,0,0,1.0,1,1.0,1,1.0,1,0.08899680616212108,45
333,0,661,253,408,0,0,0,1.0,1,1.0,1,1.0,1,0.09730955200277708,46
334,1,662,253,409,0,0,0,1.0,1,1.0,1,1.0,1,0.10152120317798591,48
335,0,662,253,409,0,0,0,1.0,1,1.0,1,1.0,1,0.10152120317798591,48
336,1,663,254,409,0,0,0,1.0,1,1.0,1,1.0,1,0.11869928447196287,48
337,4,667,254,413,0,0,0,1.0,1,1.0,1,1.0,1,0.13251111293294138,49
338,1,668,255,413,0,0,0,1.0,1,1.0,1,1.0,1,0.12091599727062802,50
339,0,668,255,413,0,0,0,1.0,1,1.0,1,1.0,1,0.12091599727062802,50
340,1,669,255,414,0,0,0,1.0,1,1.0,1,1.0,1,0.09031418719769636,50
341,1,670,255,415,0,0,0,1.0,1,1.0,1,1.0,1,0.11093054263459128,51
342,2,672,256,416,0,0,0,1.0,1,1.0,1,1.0,1,0.10554102325574596,51
343,1,673,257,416,0,0,0,1.0,1,1.0,1,1.0,1,0.09178191000780624,51
344,1,674,257,417,0,0,0,1.0,1,1.0,1,1.0,1,0.09765733370725037,50
345,2,676,257,419,0,0,0,1.0,1,1.0,1,1.0,1,0.10908591401793012,51
346,1,677,258,419,0,0,0,1.0,1,1.0,1,1.0,1,0.1354861883878383,51
347,0,677,258,419,0,0,0,1.0,1,1.0,1,1.0,1,0.1354861883878383,51
348,5,682,261,421,0,0,0,1.0,1,1.0,1,1.0,1,0.18367733428819813,53
349,2,684,261,423,0,0,0,1.0,1,1.0,1,1.0,1,0.12840675343652294,55
350,0,684,261,423,0,0,0,1.0,1,1.0,1,1.0,1,0.11754323791302358,54
351,2,686,263,423,0,0,0,1.0,1,1.0,1,1.0,1,0.19614102699436553,54
352,3,689,266,423,0,0,0,1.0,1,1.0,1,1.0,1,0.25812809945379683,53
353,5,694,268,426,0,0,0,1.0,1,1.0,1,1.0,1,0.26673252256391,53
354,0,694,268,426,0,0,0,1.0,1,1.0,1,1.0,1,0.28263709449426105,50
355,0,694,268,426,0,0,0,1.0,1,1.0,1,1.0,1,0.28572115490830363,51
356,1,695,269,426,0,0,0,1.0,1,1.0,1,1.0,1,0.34404285451086686,51
357,1,696,270,426,0,0,0,1.0,1,1.0,1,1.0,1,0.3461432405346148,50
358,2,698,271,427,0,0,0,1.0,1,1.0,1,1.0,1,0.3166683583133246,48
359,3,701,272,429,0,0,0,1.0,1,1.0,1,1.0,1,0.3170821106437591,47
360,1,702,273,429,0,0,0,1.0,1,1.0,1,1.0,1,0.2972069861536634,45
361,4,706,275,431,0,0,0,1.0,1,1.0,1,1.0,1,0.29900251370865205,44
362,0,706,275,431,0,0,0,1.0,1,1.0,1,1.0,1,0.3052271684219423,44
363,1,707,275,432,0,0,0,1.0,1,1.0,1,1.0,1,0.28307291793488276,44
364,0,707,275,432,0,0,0,1.0,1,1.0,1,1.0,1,0.2758730663028947,43
365,2,709,277,432,0,0,0,1.0,1,1.0,1,1.0,1,0.2700151834007115,43
366,2,711,278,433,0,0,0,1.0,1,1.0,1,1.0,1,0.2713932318856544,45
367,1,712,279,433,0,0,0,1.0,1,1.0,1,1.0,1,0.28885823318645093,44
368,1,713,279,434,0,0,0,1.0,1,1.0,1,1.0,1,0.2488764331818853,46
369,1,714,280,434,0,0,0,1.0,1,1.0,1,1.0,1,0.2935436007758788,45
370,1,715,280,435,0,0,0,1.0,1,1.0,1,1.0,1,0.2724907353624634,46
371,2,717,280,437,0,0,0,1.0,1,1.0,1,1.0,1,0.2930341473701714,47
372,1,718,280,438,0,0,0,1.0,1,1.0,1,1.0,1,0.2880149106283874,48
373,2,720,281,439,0,0,0,1.0,1,1.0,1,1.0,1,0.2799483522137493,48
374,2,722,283,439,0,0,0,1.0,1,1.0,1,1.0,1,0.27188305870245405,49
375,1,723,283,440,0,0,0,1.0,1,1.0,1,1.0,1,0.24226731091172993,49
376,4,727,286,441,0,0,0,1.0,1,1.0,1,1.0,1,0.193030847552452,49
377,3,730,288,442,0,0,0,1.0,1,1.0,1,1.0,1,0.18979338391326342,49
378,2,732,289,443,0,0,0,1.0,1,1.0,1,1.0,1,0.20964527666252747,49
379,0,732,289,443,0,0,0,1.0,1,1.0,1,1.0,1,0.21667734981580294,50
380,1,733,290,443,0,0,0,1.0,1,1.0,1,1.0,1,0.22919098122275308,50
381,1,734,291,443,0,0,0,1.0,1,1.0,1,1.0,1,0.24577430121553162,51
382,2,736,293,443,0,0,0,1.0,1,1.0,1,1.0,1,0.236070740171603,50
383,3,739,295,444,0,0,0,1.0,1,1.0,1,1.0,1,0.19205502451109221,51
384,4,743,298,445,0,0,0,1.0,1,1.0,1,1.0,1,0.1630612804892744,50
385,1,744,299,445,0,0,0,1.0,1,1.0,1,1.0,1,0.14818616192805276,50
386,2,746,300,446,0,0,0,1.0,1,1.0,1,1.0,1,0.1721926891053309,48
387,1,747,300,447,0,0,0,1.0,1,1.0,1,1.0,1,0.16140916422179274,47
388,1,748,301,447,0,0,0,1.0,1,1.0,1,1.0,1,0.16368336767695574,48
389,1,749,301,448,0,0,0,1.0,1,1.0,1,1.0,1,0.17097331442843244,47
390,2,751,303,448,0,0,0,1.0,1,1.0,1,1.0,1,0.1700904633595748,49
391,1,752,304,448,0,0,0,1.0,1,1.0,1,1.0,1,0.17876720966430962,46
392,1,753,305,448,0,0,0,1.0,1,1.0,1,1.0,1,0.23940780490790584,46
393,3,756,308,448,0,0,0,1.0,1,1.0,1,1.0,1,0.29416124503041724,44
394,5,761,310,451,0,0,0,1.0,1,1.0,1,1.0,1,0.2762428908024413,43
395,0,761,310,451,0,0,0,1.0,1,1.0,1,1.0,1,0.2935000879956043,42
396,2,763,312,451,0,0,0,1.0,1,1.0,1,1.0,1,0.37450564159287725,39
397,4,767,313,454,0,0,0,1.0,1,1.0,1,1.0,1,0.3958014872916646,39
398,0,767,313,454,0,0,0,1.0,1,1.0,1,1.0,1,0.43839463814089086,36
399,0,767,313,454,0,0,0,1.0,1,1.0,1,1.0,1,0.43839463814089086,36
400,3,770,315,455,0,0,0,1.0,1,1.0,1,1.0,1,0.43583295912250264,34
401,1,771,316,455,0,0,0,1.0,1,1.0,1,1.0,1,0.4340029416088498,33
402,0,771,316,455,0,0,0,1.0,1,1.0,1,1.0,1,0.4266449299281508,34
403,0,771,316,455,0,0,0,1.0,1,1.0,1,1.0,1,0.42614412508706767,36
404,2,773,318,455,0,0,0,1.0,1,1.0,1,1.0,1,0.4242487499460976,36
405,1,774,318,456,0,0,0,1.0,1,1.0,1,1.0,1,0.3976319814124166,37
406,3,777,318,459,0,0,0,1.0,1,1.0,1,1.0,1,0.3167934671850606,37
407,3,780,319,461,0,0,0,1.0,1,1.0,1,1.0,1,0.2676163130738258,39
408,3,783,322,461,0,0,0,1.0,1,1.0,1,1.0,1,0.27883359213519693,40
409,3,786,324,462,0,0,0,1.0,1,1.0,1,1.0,1,0.3104111859104558,41
410,5,791,325,466,0,0,0,1.0,1,1.0,1,1.0,1,0.33798561982508135,42
411,2,793,325,468,0,0,0,1.0,1,1.0,1,1.0,1,0.3408182495872003,43
412,10,803,327,476,0,0,0,1.0,1,1.0,1,1.0,1,0.3806525060229318,44
413,8,811,327,484,0,0,0,1.0,1,1.0,1,1.0,1,0.3806525060229318,44
414,6,817,327,490,0,0,0,1.0,1,1.0,1,1.0,1,0.35362049964842923,45
415,11,828,327,501,0,0,0,1.0,1,1.0,1,1.0,1,0.3359879286107068,45
416,9,837,327,510,0,0,0,1.0,1,1.0,1,1.0,1,0.31617384242530877,46
417,8,845,327,518,0,0,0,1.0,1,1.0,1,1.0,1,0.31617384242530877,46
418,10,855,328,527,0,0,0,1.0,1,1.0,1,1.0,1,0.29282109725719263,47
419,7,862,328,534,0,0,0,1.0,1,1.0,1,1.0,1,0.2886457209736229,47
420,3,865,328,537,0,0,0,1.0,1,1.0,1,1.0,1,0.29809189616142057,47
421,3,868,329,539,0,0,0,1.0,1,1.0,1,1.0,1,0.27998682629685134,47
422,5,873,330,543,0,0,0,1.0,1,1.0,1,1.0,1,0.2599468953422828,49
423,1,874,330,544,0,0,0,1.0,1,1.0,1,1.0,1,0.25928405489246553,47
424,1,875,331,544,0,0,0,1.0,1,1.0,1,1.0,1,0.2821883055425833,45
425,4,879,331,548,0,0,0,1.0,1,1.0,1,1.0,1,0.22489389782579436,46
426,2,881,331,550,0,0,0,1.0,1,1.0,1,1.0,1,0.2449096955601194,46
427,2,883,332,551,0,0,0,1.0,1,1.0,1,1.0,1,0.23865318269016267,45
428,1,884,332,552,0,0,0,1.0,1,1.0,1,1.0,1,0.2011352206829505,45
429,5,889,334,555,0,0,0,1.0,1,1.0,1,1.0,1,0.20690325168400517,42
430,3,892,335,557,0,0,0,1.0,1,1.0,1,1.0,1,0.2095386361953844,40
431,3,895,337,558,0,0,0,1.0,1,1.0,1,1.0,1,0.22063957934877826,39
432,2,897,339,558,0,0,0,1.0,1,1.0,1,1.0,1,0.2945395760162939,37
433,3,900,342,558,0,0,0,1.0,1,1.0,1,1.0,1,0.3142530538716788,35
434,1,901,343,558,0,0,0,1.0,1,1.0,1,1.0,1,0.34107308558903443,33
435,0,901,343,558,0,0,0,1.0,1,1.0,1,1.0,1,0.34107308558903443,33
436,5,906,343,563,0,0,0,1.0,1,1.0,1,1.0,1,0.19088987663085014,33
437,1,907,344,563,0,0,0,1.0,1,1.0,1,1.0,1,0.18622407860938361,33
438,0,907,344,563,0,0,0,1.0,1,1.0,1,1.0,1,0.2066616033985318,32
439,2,909,345,564,0,0,0,1.0,1,1.0,1,1.0,1,0.23087152488392648,34
440,1,910,346,564,0,0,0,1.0,1,1.0,1,1.0,1,0.26912342625449326,34
441,2,912,347,565,0,0,0,1.0,1,1.0,1,1.0,1,0.2520521688010575,35
442,0,912,347,565,0,0,0,1.0,1,1.0,1,1.0,1,0.2636589952271563,37
443,4,916,350,566,0,0,0,1.0,1,1.0,1,1.0,1,0.2963394850657952,37
444,2,918,351,567,0,0,0,1.0,1,1.0,1,1.0,1,0.28427725511010277,38
445,4,922,352,570,0,0,0,1.0,1,1.0,1,1.0,1,0.26943413418362716,39
446,5,927,352,575,0,0,0,1.0,1,1.0,1,1.0,1,0.2793932049035265,39
447,6,933,352,581,0,0,0,1.0,1,1.0,1,1.0,1,0.29168632383406656,41
448,6,939,352,587,0,0,0,1.0,1,1.0,1,1.0,1,0.29168632383406656,41
449,6,945,352,593,0,0,0,1.0,1,1.0,1,1.0,1,0.31377295966354385,40
450,5,950,354,596,0,0,0,1.0,1,1.0,1,1.0,1,0.32984233936274027,40
451,6,956,354,602,0,0,0,1.0,1,1.0,1,1.0,1,0.24119330121884847,41
452,0,956,354,602,0,0,0,1.0,1,1.0,1,1.0,1,0.24119330121884847,41
453,1,957,355,602,0,0,0,1.0,1,1.0,1,1.0,1,0.24914493642636282,40
454,1,958,355,603,0,0,0,1.0,1,1.0,1,1.0,1,0.23724672672527003,41
455,5,963,358,605,0,0,0,1.0,1,1.0,1,1.0,1,0.24762312341557094,41
456,0,963,358,605,0,0,0,1.0,1,1.0,1,1.0,1,0.2431036939419996,43
457,3,966,359,607,0,0,0,1.0,1,1.0,1,1.0,1,0.23315224829956505,43
458,1,967,360,607,0,0,0,1.0,1,1.0,1,1.0,1,0.20204274340784872,43
459,1,968,360,608,0,0,0,1.0,1,1.0,1,1.0,1,0.17834005528215655,44
460,0,968,360,608,0,0,0,1.0,1,1.0,1,1.0,1,0.1999637547225557,47
461,2,970,361,609,0,0,0,1.0,1,1.0,1,1.0,1,0.18846668598620342,48
462,1,971,362,609,0,0,0,1.0,1,1.0,1,1.0,1,0.16546232642305558,49
463,0,971,362,609,0,0,0,1.0,1,1.0,1,1.0,1,0.18528553162412936,47
464,4,975,365,610,0,0,0,1.0,1,1.0,1,1.0,1,0.14475106910022095,48
465,1,976,366,610,0,0,0,1.0,1,1.0,1,1.0,1,0.15920963460468301,47
466,2,978,367,611,0,0,0,1.0,1,1.0,1,1.0,1,0.11521871239188963,46
467,5,983,372,611,0,0,0,1.0,1,1.0,1,1.0,1,0.13440593530830858,44
468,1,984,373,611,0,0,0,1.0,1,1.0,1,1.0,1,0.1437988907136969,41
469,1,985,374,611,0,0,0,1.0,1,1.0,1,1.0,1,0.15332311131877002,40
470,4,989,377,612,0,0,0,1.0,1,1.0,1,1.0,1,0.2014177777584692,39
471,4,993,381,612,0,0,0,1.0,1,1.0,1,1.0,1,0.23312210875860395,38
472,4,997,385,612,0,0,0,1.0,1,1.0,1,1.0,1,0.29972951560980343,36
473,4,1001,388,613,0,0,0,1.0,1,1.0,1,1.0,1,0.3466360052549361,36
474,2,1003,389,614,0,0,0,1.0,1,1.0,1,1.0,1,0.2885642918881249,34
475,1,1004,390,614,0,0,0,1.0,1,1.0,1,1.0,1,0.3439637782674124,34
476,0,1004,390,614,0,0,0,1.0,1,1.0,1,1.0,1,0.3232995273219205,32
477,0,1004,390,614,0,0,0,1.0,1,1.0,1,1.0,1,0.32411378873059554,32
478,0,1004,390,614,0,0,0,1.0,1,1.0,1,1.0,1,0.2915732171721634,30
479,1,1005,391,614,0,0,0,1.0,1,1.0,1,1.0,1,0.31383637992119506,31
480,0,1005,391,614,0,0,0,1.0,1,1.0,1,1.0,1,0.3637404548172319,27
481,4,1009,393,616,0,0,0,1.0,1,1.0,1,1.0,1,0.3523599288833712,28
482,1,1010,394,616,0,0,0,1.0,1,1.0,1,1.0,1,0.33956569247457896,28
483,1,1011,395,616,0,0,0,1.0,1,1.0,1,1.0,1,0.3355317673815145,29
484,2,1013,396,617,0,0,0,1.0,1,1.0,1,1.0,1,0.32661113721474444,29
485,0,1013,396,617,0,0,0,1.0,1,1.0,1,1.0,1,0.32661113721474444,29
486,5,1018,398,620,0,0,0,1.0,1,1.0,1,1.0,1,0.2816858827660348,31
487,4,1022,398,624,0,0,0,1.0,1,1.0,1,1.0,1,0.2561384221131382,33
488,2,1024,398,626,0,0,0,1.0,1,1.0,1,1.0,1,0.23226648951552975,34
489,1,1025,399,626,0,0,0,1.0,1,1.0,1,1.0,1,0.2656083430811812,34
490,0,1025,399,626,0,0,0,1.0,1,1.0,1,1.0,1,0.2656083430811812,34
491,0,1025,399,626,0,0,0,1.0,1,1.0,1,1.0,1,0.2656083430811812,34
492,1,1026,399,627,0,0,0,1.0,1,1.0,1,1.0,1,0.2550280318663509,34
493,0,1026,399,627,0,0,0,1.0,1,1.0,1,1.0,1,0.2550280318663509,34
494,2,1028,400,628,0,0,0,1.0,1,1.0,1,1.0,1,0.2789931041255505,36
495,0,1028,400,628,0,0,0,1.0,1,1.0,1,1.0,1,0.2789931041255505,36
496,2,1030,400,630,0,0,0,1.0,1,1.0,1,1.0,1,0.2062727515288359,37
497,0,1030,400,630,0,0,0,1.0,1,1.0,1,1.0,1,0.19840390570134842,39
498,0,1030,400,630,0,0,0,1.0,1,1.0,1,1.0,1,0.2191604785988309,40
499,2,1032,401,631,0,0,0,1.0,1,1.0,1,1.0,1,0.21623518213845008,40
500,5,1037,403,634,0,0,0,1.0,1,1.0,1,1.0,1,0.2062887105261671,42
501,1,1038,403,635,0,0,0,1.0,1,1.0,1,1.0,1,0.19451234646144377,42
502,1,1039,404,635,0,0,0,1.0,1,1.0,1,1.0,1,0.2142296215979993,42
503,1,1040,405,635,0,0,0,1.0,1,1.0,1,1.0,1,0.1987260869444965,41
504,5,1045,409,636,0,0,0,1.0,1,1.0,1,1.0,1,0.31096871870295817,42
505,4,1049,411,638,0,0,0,1.0,1,1.0,1,1.0,1,0.3066020327257342,38
506,0,1049,411,638,0,0,0,1.0,1,1.0,1,1.0,1,0.3293834275382312,37
507,1,1050,411,639,0,0,0,1.0,1,1.0,1,1.0,1,0.3448496651400239,35
508,4,1054,414,640,0,0,0,1.0,1,1.0,1,1.0,1,0.3655003550416084,35
509,1,1055,415,640,0,0,0,1.0,1,1.0,1,1.0,1,0.3294945613346144,34
510,0,1055,415,640,0,0,0,1.0,1,1.0,1,1.0,1,0.32032390220604806,34
511,2,1057,416,641,0,0,0,1.0,1,1.0,1,1.0,1,0.3483495031837484,32
512,3,1060,418,642,0,0,0,1.0,1,1.0,1,1.0,1,0.35527943958707614,30
513,0,1060,418,642,0,0,0,1.0,1,1.0,1,1.0,1,0.362806802704993,31
514,0,1060,418,642,0,0,0,1.0,1,1.0,1,1.0,1,0.362806802704993,31
515,3,1063,420,643,0,0,0,1.0,1,1.0,1,1.0,1,0.4079220103304729,32
516,1,1064,420,644,0,0,0,1.0,1,1.0,1,1.0,1,0.3658998670972535,31
517,2,1066,420,646,0,0,0,1.0,1,1.0,1,1.0,1,0.29577764647024685,32
518,0,1066,420,646,0,0,0,1.0,1,1.0,1,1.0,1,0.28179204626721993,31
519,3,1069,422,647,0,0,0,1.0,1,1.0,1,1.0,1,0.2730473861827279,31
520,1,1070,423,647,0,0,0,1.0,1,1.0,1,1.0,1,0.3306464748513406,33
521,1,1071,424,647,0,0,0,1.0,1,1.0,1,1.0,1,0.31990229821747185,34
522,2,1073,426,647,0,0,0,1.0,1,1.0,1,1.0,1,0.30297910583043125,34
523,1,1074,426,648,0,0,0,1.0,1,1.0,1,1.0,1,0.28568985435358646,33
524,1,1075,427,648,0,0,0,1.0,1,1.0,1,1.0,1,0.2803747468138411,34
525,0,1075,427,648,0,0,0,1.0,1,1.0,1,1.0,1,0.32499071572241545,32
526,2,1077,427,650,0,0,0,1.0,1,1.0,1,1.0,1,0.286140595538712,32
527,0,1077,427,650,0,0,0,1.0,1,1.0,1,1.0,1,0.33350031037149774,31
528,2,1079,429,650,0,0,0,1.0,1,1.0,1,1.0,1,0.34862820015533547,31
529,0,1079,429,650,0,0,0,1.0,1,1.0,1,1.0,1,0.37253714614849914,30
530,0,1079,429,650,0,0,0,1.0,1,1.0,1,1.0,1,0.37253714614849914,30
531,1,1080,429,651,0,0,0,1.0,1,1.0,1,1.0,1,0.37259868911988236,32
532,3,1083,431,652,0,0,0,1.0,1,1.0,1,1.0,1,0.313973574144491,32
533,2,1085,433,652,0,0,0,1.0,1,1.0,1,1.0,1,0.3308872866731878,34
534,1,1086,434,652,0,0,0,1.0,1,1.0,1,1.0,1,0.3494551217694375,34
535,3,1089,434,655,0,0,0,1.0,1,1.0,1,1.0,1,0.29374124342068364,37
536,1,1090,434,656,0,0,0,1.0,1,1.0,1,1.0,1,0.28988545581301844,37
537,2,1092,436,656,0,0,0,1.0,1,1.0,1,1.0,1,0.32716797522790575,37
538,2,1094,437,657,0,0,0,1.0,1,1.0,1,1.0,1,0.33100558070189484,38
539,2,1096,437,659,0,0,0,1.0,1,1.0,1,1.0,1,0.28655805730445827,38
540,0,1096,437,659,0,0,0,1.0,1,1.0,1,1.0,1,0.28655805730445827,38
541,0,1096,437,659,0,0,0,1.0,1,1.0,1,1.0,1,0.2766365290048482,39
542,2,1098,438,660,0,0,0,1.0,1,1.0,1,1.0,1,0.2773352577099023,40
543,1,1099,439,660,0,0,0,1.0,1,1.0,1,1.0,1,0.30487123122435666,37
544,3,1102,441,661,0,0,0,1.0,1,1.0,1,1.0,1,0.3464094078604826,35
545,0,1102,441,661,0,0,0,1.0,1,1.0,1,1.0,1,0.3065662310310222,35
546,4,1106,445,661,0,0,0,1.0,1,1.0,1,1.0,1,0.32476061340498374,35
547,1,1107,446,661,0,0,0,1.0,1,1.0,1,1.0,1,0.3048598562478258,34
548,4,1111,448,663,0,0,0,1.0,1,1.0,1,1.0,1,0.33534022643979133,34
549,3,1114,451,663,0,0,0,1.0,1,1.0,1,1.0,1,0.4538376787462823,31
550,0,1114,451,663,0,0,0,1.0,1,1.0,1,1.0,1,0.4416647155965487,30
551,4,1118,454,664,0,0,0,1.0,1,1.0,1,1.0,1,0.48045391072035737,31
552,2,1120,454,666,0,0,0,1.0,1,1.0,1,1.0,1,0.3828791425010429,29
553,2,1122,455,667,0,0,0,1.0,1,1.0,1,1.0,1,0.4317730068722837,30
554,2,1124,455,669,0,0,0,1.0,1,1.0,1,1.0,1,0.3576861733614556,30
555,1,1125,455,670,0,0,0,1.0,1,1.0,1,1.0,1,0.3383017721574873,30
556,5,1130,455,675,0,0,0,1.0,1,1.0,1,1.0,1,0.21269837506503744,31
557,0,1130,455,675,0,0,0,1.0,1,1.0,1,1.0,1,0.24980392489867537,31
558,0,1130,455,675,0,0,0,1.0,1,1.0,1,1.0,1,0.24980392489867537,31
559,0,1130,455,675,0,0,0,1.0,1,1.0,1,1.0,1,0.24980392489867537,31
560,2,1132,456,676,0,0,0,1.0,1,1.0,1,1.0,1,0.19399276710214947,32
561,5,1137,460,677,0,0,0,1.0,1,1.0,1,1.0,1,0.21748351364247848,33
562,1,1138,461,677,0,0,0,1.0,1,1.0,1,1.0,1,0.22544155840275779,33
563,1,1139,462,677,0,0,0,1.0,1,1.0,1,1.0,1,0.2374476055835499,33
564,1,1140,462,678,0,0,0,1.0,1,1.0,1,1.0,1,0.225625654411669,34
565,4,1144,463,681,0,0,0,1.0,1,1.0,1,1.0,1,0.19674468539994683,35
566,0,1144,463,681,0,0,0,1.0,1,1.0,1,1.0,1,0.1978906917342924,36
567,2,1146,464,682,0,0,0,1.0,1,1.0,1,1.0,1,0.16783798419951046,37
568,1,1147,465,682,0,0,0,1.0,1,1.0,1,1.0,1,0.22548527296739365,36
569,1,1148,466,682,0,0,0,1.0,1,1.0,1,1.0,1,0.2206052712153375,37
570,0,1148,466,682,0,0,0,1.0,1,1.0,1,1.0,1,0.22916565092217206,38
571,1,1149,467,682,0,0,0,1.0,1,1.0,1,1.0,1,0.20568776100918923,38
572,0,1149,467,682,0,0,0,1.0,1,1.0,1,1.0,1,0.2125192623288008,39
573,0,1149,467,682,0,0,0,1.0,1,1.0,1,1.0,1,0.2125192623288008,39
574,1,1150,467,683,0,0,0,1.0,1,1.0,1,1.0,1,0.21238902176224497,41
575,1,1151,468,683,0,0,0,1.0,1,1.0,1,1.0,1,0.20647095178134578,41
576,0,1151,468,683,0,0,0,1.0,1,1.0,1,1.0,1,0.21853490351122082,42
577,1,1152,468,684,0,0,0,1.0,1,1.0,1,1.0,1,0.20811619082712934,42
578,0,1152,468,684,0,0,0,1.0,1,1.0,1,1.0,1,0.2176349563930347,41
579,0,1152,468,684,0,0,0,1.0,1,1.0,1,1.0,1,0.20427612255020666,42
580,5,1157,470,687,0,0,0,1.0,1,1.0,1,1.0,1,0.20592782404501847,43
581,4,1161,472,689,0,0,0,1.0,1,1.0,1,1.0,1,0.16401488998996322,42
582,1,1162,473,689,0,0,0,1.0,1,1.0,1,1.0,1,0.18296702440625764,41
583,5,1167,476,691,0,0,0,1.0,1,1.0,1,1.0,1,0.1932134696644933,40
584,2,1169,478,691,0,0,0,1.0,1,1.0,1,1.0,1,0.2552776189688509,38
585,3,1172,481,691,0,0,0,1.0,1,1.0,1,1.0,1,0.27648405812092886,38
586,6,1178,484,694,0,0,0,1.0,1,1.0,1,1.0,1,0.17670250187122655,37
587,4,1182,487,695,0,0,0,1.0,1,1.0,1,1.0,1,0.1810699761290575,35
588,1,1183,488,695,0,0,0,1.0,1,1.0,1,1.0,1,0.1931714539994803,35
589,2,1185,488,697,0,0,0,1.0,1,1.0,1,1.0,1,0.2035092642201796,34
590,3,1188,489,699,0,0,0,1.0,1,1.0,1,1.0,1,0.19322912258703673,36
591,1,1189,489,700,0,0,0,1.0,1,1.0,1,1.0,1,0.19262328642486934,35
592,2,1191,490,701,0,0,0,1.0,1,1.0,1,1.0,1,0.19181548736218434,37
593,1,1192,491,701,0,0,0,1.0,1,1.0,1,1.0,1,0.18861037945652726,36
594,0,1192,491,701,0,0,0,1.0,1,1.0,1,1.0,1,0.1636198497048883,35
595,1,1193,492,701,0,0,0,1.0,1,1.0,1,1.0,1,0.17344705620058803,34
596,2,1195,493,702,0,0,0,1.0,1,1.0,1,1.0,1,0.1821923741901572,34
597,1,1196,494,702,0,0,0,1.0,1,1.0,1,1.0,1,0.22349245524919598,33
598,0,1196,494,702,0,0,0,1.0,1,1.0,1,1.0,1,0.2599170951466456,33
599,2,1198,496,702,0,0,0,1.0,1,1.0,1,1.0,1,0.2780623630601451,33
600,1,1199,497,702,0,0,0,1.0,1,1.0,1,1.0,1,0.32820381343438154,33
601,2,1201,498,703,0,0,0,1.0,1,1.0,1,1.0,1,0.31746669387395443,34
602,1,1202,498,704,0,0,0,1.0,1,1.0,1,1.0,1,0.330504069952258,35
603,1,1203,498,705,0,0,0,1.0,1,1.0,1,1.0,1,0.3378024332732944,35
604,0,1203,498,705,0,0,0,1.0,1,1.0,1,1.0,1,0.33358988290321145,35
605,0,1203,498,705,0,0,0,1.0,1,1.0,1,1.0,1,0.3541729709742147,35
606,1,1204,498,706,0,0,0,1.0,1,1.0,1,1.0,1,0.3514046719042377,35
607,0,1204,498,706,0,0,0,1.0,1,1.0,1,1.0,1,0.3514046719042377,35
608,1,1205,498,707,0,0,0,1.0,1,1.0,1,1.0,1,0.3479432728996884,36
609,2,1207,498,709,0,0,0,1.0,1,1.0,1,1.0,1,0.3283852545663216,37
610,0,1207,498,709,0,0,0,1.0,1,1.0,1,1.0,1,0.3283852545663216,37
611,2,1209,499,710,0,0,0,1.0,1,1.0,1,1.0,1,0.31586556170916175,39
612,3,1212,500,712,0,0,0,1.0,1,1.0,1,1.0,1,0.2642911380194763,39
613,1,1213,501,712,0,0,0,1.0,1,1.0,1,1.0,1,0.260581459092172,39
614,1,1214,502,712,0,0,0,1.0,1,1.0,1,1.0,1,0.28069444548693645,39
615,3,1217,503,714,0,0,0,1.0,1,1.0,1,1.0,1,0.24584891329318947,39
616,5,1222,505,717,0,0,0,1.0,1,1.0,1,1.0,1,0.2355243554713425,38
617,5,1227,508,719,0,0,0,1.0,1,1.0,1,1.0,1,0.20811778594900845,39
618,3,1230,509,721,0,0,0,1.0,1,1.0,1,1.0,1,0.2239228407712467,40
619,1,1231,510,721,0,0,0,1.0,1,1.0,1,1.0,1,0.21244235097962894,39
620,0,1231,510,721,0,0,0,1.0,1,1.0,1,1.0,1,0.2003600909523823,38
621,5,1236,513,723,0,0,0,1.0,1,1.0,1,1.0,1,0.19070316933702572,38
622,0,1236,513,723,0,0,0,1.0,1,1.0,1,1.0,1,0.14924468416496334,38
623,3,1239,516,723,0,0,0,1.0,1,1.0,1,1.0,1,0.17668073741219703,37
624,6,1245,519,726,0,0,0,1.0,1,1.0,1,1.0,1,0.1527302554618913,33
625,1,1246,520,726,0,0,0,1.0,1,1.0,1,1.0,1,0.1781412634224737,32
626,3,1249,523,726,0,0,0,1.0,1,1.0,1,1.0,1,0.16251943296597776,31
627,1,1250,524,726,0,0,0,1.0,1,1.0,1,1.0,1,0.15267774828370598,30
628,4,1254,527,727,0,0,0,1.0,1,1.0,1,1.0,1,0.20985982792269317,32
629,2,1256,528,728,0,0,0,1.0,1,1.0,1,1.0,1,0.23120028039976023,29
630,1,1257,529,728,0,0,0,1.0,1,1.0,1,1.0,1,0.32609879031103145,29
631,3,1260,530,730,0,0,0,1.0,1,1.0,1,1.0,1,0.31010092378625853,25
632,0,1260,530,730,0,0,0,1.0,1,1.0,1,1.0,1,0.3215933747404306,24
633,0,1260,530,730,0,0,0,1.0,1,1.0,1,1.0,1,0.36417264977614255,23
634,0,1260,530,730,0,0,0,1.0,1,1.0,1,1.0,1,0.36417264977614255,23
635,2,1262,531,731,0,0,0,1.0,1,1.0,1,1.0,1,0.37088636242200657,22
636,0,1262,531,731,0,0,0,1.0,1,1.0,1,1.0,1,0.40819021441665465,22
637,1,1263,532,731,0,0,0,1.0,1,1.0,1,1.0,1,0.42649098907388333,23
638,1,1264,533,731,0,0,0,1.0,1,1.0,1,1.0,1,0.4462576305814831,23
639,1,1265,533,732,0,0,0,1.0,1,1.0,1,1.0,1,0.3981130168767296,24
640,1,1266,534,732,0,0,0,1.0,1,1.0,1,1.0,1,0.44017771855894455,24
641,3,1269,534,735,0,0,0,1.0,1,1.0,1,1.0,1,0.44559547397584437,25
642,1,1270,534,736,0,0,0,1.0,1,1.0,1,1.0,1,0.38992233401415344,26
643,2,1272,534,738,0,0,0,1.0,1,1.0,1,1.0,1,0.37048737512529606,28
644,3,1275,536,739,0,0,0,1.0,1,1.0,1,1.0,1,0.37173473336568397,28
645,4,1279,539,740,0,0,0,1.0,1,1.0,1,1.0,1,0.36204564939916806,28
646,4,1283,539,744,0,0,0,1.0,1,1.0,1,1.0,1,0.19455999573867358,29
647,3,1286,540,746,0,0,0,1.0,1,1.0,1,1.0,1,0.20191975162099735,30
648,0,1286,540,746,0,0,0,1.0,1,1.0,1,1.0,1,0.20191975162099735,30
649,0,1286,540,746,0,0,0,1.0,1,1.0,1,1.0,1,0.22947383393532,31
650,0,1286,540,746,0,0,0,1.0,1,1.0,1,1.0,1,0.22947383393532,31
651,2,1288,541,747,0,0,0,1.0,1,1.0,1,1.0,1,0.21280762513451318,32
652,0,1288,541,747,0,0,0,1.0,1,1.0,1,1.0,1,0.21280762513451318,32
653,0,1288,541,747,0,0,0,1.0,1,1.0,1,1.0,1,0.19950755376165583,33
654,0,1288,541,747,0,0,0,1.0,1,1.0,1,1.0,1,0.19950755376165583,33
655,3,1291,543,748,0,0,0,1.0,1,1.0,1,1.0,1,0.25058683908391627,36
656,1,1292,544,748,0,0,0,1.0,1,1.0,1,1.0,1,0.29345041547900674,36
657,3,1295,546,749,0,0,0,1.0,1,1.0,1,1.0,1,0.3095968602562782,35
658,2,1297,548,749,0,0,0,1.0,1,1.0,1,1.0,1,0.3260981756343209,33
659,4,1301,549,752,0,0,0,1.0,1,1.0,1,1.0,1,0.34986704849904454,35
660,5,1306,551,755,0,0,0,1.0,1,1.0,1,1.0,1,0.41342901809681465,34
661,5,1311,551,760,0,0,0,1.0,1,1.0,1,1.0,1,0.3363022240468876,33
662,3,1314,553,761,0,0,0,1.0,1,1.0,1,1.0,1,0.3552460498002273,31
663,3,1317,555,762,0,0,0,1.0,1,1.0,1,1.0,1,0.36381036283124557,29
664,2,1319,556,763,0,0,0,1.0,1,1.0,1,1.0,1,0.42954455916178946,27
665,3,1322,556,766,0,0,0,1.0,1,1.0,1,1.0,1,0.27431986196300834,27
666,5,1327,558,769,0,0,0,1.0,1,1.0,1,1.0,1,0.3240363276497714,28
667,1,1328,559,769,0,0,0,1.0,1,1.0,1,1.0,1,0.3644450587616294,26
668,0,1328,559,769,0,0,0,1.0,1,1.0,1,1.0,1,0.3552694613247781,26
669,3,1331,562,769,0,0,0,1.0,1,1.0,1,1.0,1,0.36008949463303913,25
670,1,1332,562,770,0,0,0,1.0,1,1.0,1,1.0,1,0.29418590772753006,24
671,3,1335,562,773,0,0,0,1.0,1,1.0,1,1.0,1,0.2691152624515218,24
672,0,1335,562,773,0,0,0,1.0,1,1.0,1,1.0,1,0.26027786664519764,25
673,3,1338,562,776,0,0,0,1.0,1,1.0,1,1.0,1,0.29451791045512843,25
674,2,1340,562,778,0,0,0,1.0,1,1.0,1,1.0,1,0.29451791045512843,25
675,2,1342,563,779,0,0,0,1.0,1,1.0,1,1.0,1,0.3088909765566861,26
676,3,1345,565,780,0,0,0,1.0,1,1.0,1,1.0,1,0.18470481183035442,27
677,3,1348,565,783,0,0,0,1.0,1,1.0,1,1.0,1,0.14980823797342607,28
678,2,1350,567,783,0,0,0,1.0,1,1.0,1,1.0,1,0.16641475307591222,28
679,1,1351,567,784,0,0,0,1.0,1,1.0,1,1.0,1,0.20378099029659652,30
680,2,1353,567,786,0,0,0,1.0,1,1.0,1,1.0,1,0.23277286987804768,29
681,2,1355,568,787,0,0,0,1.0,1,1.0,1,1.0,1,0.2871736094291562,29
682,2,1357,568,789,0,0,0,1.0,1,1.0,1,1.0,1,0.29558743714552665,30
683,2,1359,568,791,0,0,0,1.0,1,1.0,1,1.0,1,0.236221672725761,30
684,2,1361,568,793,0,0,0,1.0,1,1.0,1,1.0,1,0.26244787333195924,31
685,2,1363,568,795,0,0,0,1.0,1,1.0,1,1.0,1,0.2805267696763995,30
686,5,1368,571,797,0,0,0,1.0,1,1.0,1,1.0,1,0.26925450435987336,30
687,4,1372,573,799,0,0,0,1.0,1,1.0,1,1.0,1,0.36686783936249245,30
688,2,1374,573,801,0,0,0,1.0,1,1.0,1,1.0,1,0.3205539533398004,31
689,4,1378,574,804,0,0,0,1.0,1,1.0,1,1.0,1,0.3964479793247919,32
690,5,1383,574,809,0,0,0,1.0,1,1.0,1,1.0,1,0.3406982354421081,32
691,5,1388,574,814,0,0,0,1.0,1,1.0,1,1.0,1,0.2125888668816728,32
692,1,1389,575,814,0,0,0,1.0,1,1.0,1,1.0,1,0.21795206028931494,32
693,0,1389,575,814,0,0,0,1.0,1,1.0,1,1.0,1,0.20549634841765385,34
694,4,1393,576,817,0,0,0,1.0,1,1.0,1,1.0,1,0.22893684413691767,36
695,0,1393,576,817,0,0,0,1.0,1,1.0,1,1.0,1,0.24852827492112184,34
696,0,1393,576,817,0,0,0,1.0,1,1.0,1,1.0,1,0.27270905276688506,33
697,0,1393,576,817,0,0,0,1.0,1,1.0,1,1.0,1,0.2727775878498125,33
698,4,1397,579,818,0,0,0,1.0,1,1.0,1,1.0,1,0.30535513648336876,34
699,3,1400,580,820,0,0,0,1.0,1,1.0,1,1.0,1,0.3574431635708447,33
700,2,1402,581,821,0,0,0,1.0,1,1.0,1,1.0,1,0.2702946423627053,32
701,2,1404,581,823,0,0,0,1.0,1,1.0,1,1.0,1,0.26175876077269195,33
702,2,1406,582,824,0,0,0,1.0,1,1.0,1,1.0,1,0.28219715236297027,34
703,1,1407,582,825,0,0,0,1.0,1,1.0,1,1.0,1,0.2173821387848575,32
704,0,1407,582,825,0,0,0,1.0,1,1.0,1,1.0,1,0.1973143774676554,31
705,4,1411,585,826,0,0,0,1.0,1,1.0,1,1.0,1,0.23165166837931508,33
706,3,1414,588,826,0,0,0,1.0,1,1.0,1,1.0,1,0.3384783075957811,33
707,1,1415,589,826,0,0,0,1.0,1,1.0,1,1.0,1,0.3215509541649077,31
708,1,1416,590,826,0,0,0,1.0,1,1.0,1,1.0,1,0.3642752230430531,31
709,1,1417,591,826,0,0,0,1.0,1,1.0,1,1.0,1,0.3751020107984322,30
710,0,1417,591,826,0,0,0,1.0,1,1.0,1,1.0,1,0.3751020107984322,30
711,0,1417,591,826,0,0,0,1.0,1,1.0,1,1.0,1,0.3756734043161654,30
712,1,1418,591,827,0,0,0,1.0,1,1.0,1,1.0,1,0.35726185226719664,30
713,1,1419,591,828,0,0,0,1.0,1,1.0,1,1.0,1,0.3671495101631609,31
714,2,1421,592,829,0,0,0,1.0,1,1.0,1,1.0,1,0.39735199075729316,31
715,0,1421,592,829,0,0,0,1.0,1,1.0,1,1.0,1,0.39617938961065646,30
716,1,1422,593,829,0,0,0,1.0,1,1.0,1,1.0,1,0.4136387591058249,31
717,0,1422,593,829,0,0,0,1.0,1,1.0,1,1.0,1,0.4245794303922887,32
718,3,1425,594,831,0,0,0,1.0,1,1.0,1,1.0,1,0.41067409003224975,32
719,3,1428,595,833,0,0,0,1.0,1,1.0,1,1.0,1,0.3908848672412191,32
720,0,1428,595,833,0,0,0,1.0,1,1.0,1,1.0,1,0.3777458924686156,34
721,1,1429,595,834,0,0,0,1.0,1,1.0,1,1.0,1,0.33925248326446034,34
722,0,1429,595,834,0,0,0,1.0,1,1.0,1,1.0,1,0.33925248326446034,34
723,2,1431,595,836,0,0,0,1.0,1,1.0,1,1.0,1,0.31023262229779536,35
724,0,1431,595,836,0,0,0,1.0,1,1.0,1,1.0,1,0.3062546316159103,36
725,4,1435,595,840,0,0,0,1.0,1,1.0,1,1.0,1,0.24123727173943335,37
726,1,1436,595,841,0,0,0,1.0,1,1.0,1,1.0,1,0.22141543479068693,37
727,0,1436,595,841,0,0,0,1.0,1,1.0,1,1.0,1,0.23858760803993545,38
728,0,1436,595,841,0,0,0,1.0,1,1.0,1,1.0,1,0.22486001128546101,39
729,0,1436,595,841,0,0,0,1.0,1,1.0,1,1.0,1,0.22486001128546101,39
730,0,1436,595,841,0,0,0,1.0,1,1.0,1,1.0,1,0.23248279750493792,40
731,0,1436,595,841,0,0,0,1.0,1,1.0,1,1.0,1,0.23248279750493792,40
732,1,1437,595,842,0,0,0,1.0,1,1.0,1,1.0,1,0.24595481922785944,41
733,2,1439,596,843,0,0,0,1.0,1,1.0,1,1.0,1,0.21584420625909673,41
734,1,1440,597,843,0,0,0,1.0,1,1.0,1,1.0,1,0.24071667703294525,42
735,1,1441,598,843,0,0,0,1.0,1,1.0,1,1.0,1,0.22155248203177905,42
736,0,1441,598,843,0,0,0,1.0,1,1.0,1,1.0,1,0.2939404811762323,41
737,4,1445,599,846,0,0,0,1.0,1,1.0,1,1.0,1,0.29330447275046045,41
738,1,1446,599,847,0,0,0,1.0,1,1.0,1,1.0,1,0.3057127892145419,39
739,0,1446,599,847,0,0,0,1.0,1,1.0,1,1.0,1,0.3057127892145419,39
740,1,1447,599,848,0,0,0,1.0,1,1.0,1,1.0,1,0.27566608223976763,39
741,0,1447,599,848,0,0,0,1.0,1,1.0,1,1.0,1,0.27977447275012546,38
742,1,1448,599,849,0,0,0,1.0,1,1.0,1,1.0,1,0.2509461051244124,39
743,5,1453,602,851,0,0,0,1.0,1,1.0,1,1.0,1,0.17447623479953106,39
744,3,1456,604,852,0,0,0,1.0,1,1.0,1,1.0,1,0.1342445234476053,39
745,2,1458,606,852,0,0,0,1.0,1,1.0,1,1.0,1,0.16258875300899894,39
746,4,1462,608,854,0,0,0,1.0,1,1.0,1,1.0,1,0.1549531902712807,40
747,2,1464,609,855,0,0,0,1.0,1,1.0,1,1.0,1,0.15721026602638152,41
748,2,1466,610,856,0,0,0,1.0,1,1.0,1,1.0,1,0.1351098453769016,41
749,1,1467,610,857,0,0,0,1.0,1,1.0,1,1.0,1,0.145267849232086,41
750,3,1470,612,858,0,0,0,1.0,1,1.0,1,1.0,1,0.17881201026643484,39
751,0,1470,612,858,0,0,0,1.0,1,1.0,1,1.0,1,0.17112362580563703,41
752,2,1472,614,858,0,0,0,1.0,1,1.0,1,1.0,1,0.20353402751285668,41
753,1,1473,614,859,0,0,0,1.0,1,1.0,1,1.0,1,0.18206935894158965,41
754,3,1476,616,860,0,0,0,1.0,1,1.0,1,1.0,1,0.17456580374855984,41
755,1,1477,617,860,0,0,0,1.0,1,1.0,1,1.0,1,0.21208758915687542,41
756,0,1477,617,860,0,0,0,1.0,1,1.0,1,1.0,1,0.21208758915687542,41
757,0,1477,617,860,0,0,0,1.0,1,1.0,1,1.0,1,0.24425697535681262,39
758,0,1477,617,860,0,0,0,1.0,1,1.0,1,1.0,1,0.20839084526018825,39
759,0,1477,617,860,0,0,0,1.0,1,1.0,1,1.0,1,0.22735882871857396,39
760,1,1478,617,861,0,0,0,1.0,1,1.0,1,1.0,1,0.2219448191713604,40
761,0,1478,617,861,0,0,0,1.0,1,1.0,1,1.0,1,0.21045335810658253,41
762,1,1479,617,862,0,0,0,1.0,1,1.0,1,1.0,1,0.2045401868845661,42
763,0,1479,617,862,0,0,0,1.0,1,1.0,1,1.0,1,0.2217015246349356,43
764,1,1480,617,863,0,0,0,1.0,1,1.0,1,1.0,1,0.20525209368061828,43
765,0,1480,617,863,0,0,0,1.0,1,1.0,1,1.0,1,0.17339062786010395,45
766,3,1483,618,865,0,0,0,1.0,1,1.0,1,1.0,1,0.1452348544518707,45
767,0,1483,618,865,0,0,0,1.0,1,1.0,1,1.0,1,0.15668660409801807,46
768,0,1483,618,865,0,0,0,1.0,1,1.0,1,1.0,1,0.1488779955616513,45
769,0,1483,618,865,0,0,0,1.0,1,1.0,1,1.0,1,0.16223994968350744,46
770,0,1483,618,865,0,0,0,1.0,1,1.0,1,1.0,1,0.15288634112226096,47
771,4,1487,622,865,0,0,0,1.0,1,1.0,1,1.0,1,0.23978406930918153,47
772,2,1489,623,866,0,0,0,1.0,1,1.0,1,1.0,1,0.2670005383895722,46
773,3,1492,625,867,0,0,0,1.0,1,1.0,1,1.0,1,0.2744406420508453,45
774,0,1492,625,867,0,0,0,1.0,1,1.0,1,1.0,1,0.3146840966355566,45
775,2,1494,627,867,0,0,0,1.0,1,1.0,1,1.0,1,0.3287066563409656,45
776,0,1494,627,867,0,0,0,1.0,1,1.0,1,1.0,1,0.3064072708442674,43
777,0,1494,627,867,0,0,0,1.0,1,1.0,1,1.0,1,0.31366248899737137,44
778,4,1498,629,869,0,0,0,1.0,1,1.0,1,1.0,1,0.33274247435076637,45
779,0,1498,629,869,0,0,0,1.0,1,1.0,1,1.0,1,0.33274247435076637,45
780,2,1500,631,869,0,0,0,1.0,1,1.0,1,1.0,1,0.37808559514255413,45
781,5,1505,631,874,0,0,0,1.0,1,1.0,1,1.0,1,0.26211550371601516,46
782,0,1505,631,874,0,0,0,1.0,1,1.0,1,1.0,1,0.2987920628833529,47
783,1,1506,632,874,0,0,0,1.0,1,1.0,1,1.0,1,0.260960005573262,46
784,1,1507,632,875,0,0,0,1.0,1,1.0,1,1.0,1,0.25811914335950725,45
785,0,1507,632,875,0,0,0,1.0,1,1.0,1,1.0,1,0.24408387845555068,43
786,1,1508,633,875,0,0,0,1.0,1,1.0,1,1.0,1,0.23696624538540945,43
787,3,1511,635,876,0,0,0,1.0,1,1.0,1,1.0,1,0.22964375752179525,43
788,2,1513,637,876,0,0,0,1.0,1,1.0,1,1.0,1,0.2502418105190409,44
789,2,1515,637,878,0,0,0,1.0,1,1.0,1,1.0,1,0.23465748538098236,46
790,2,1517,638,879,0,0,0,1.0,1,1.0,1,1.0,1,0.25068757994888213,46
791,3,1520,639,881,0,0,0,1.0,1,1.0,1,1.0,1,0.243442837408643,46
792,0,1520,639,881,0,0,0,1.0,1,1.0,1,1.0,1,0.2429454611931637,47
793,2,1522,639,883,0,0,0,1.0,1,1.0,1,1.0,1,0.22908993068791272,48
794,2,1524,640,884,0,0,0,1.0,1,1.0,1,1.0,1,0.23907854446772678,48
795,1,1525,640,885,0,0,0,1.0,1,1.0,1,1.0,1,0.24612094189225092,47
796,3,1528,641,887,0,0,0,1.0,1,1.0,1,1.0,1,0.22533297290944582,45
797,3,1531,642,889,0,0,0,1.0,1,1.0,1,1.0,1,0.21646421555380954,47
798,1,1532,643,889,0,0,0,1.0,1,1.0,1,1.0,1,0.22441385129779234,48
799,2,1534,645,889,0,0,0,1.0,1,1.0,1,1.0,1,0.23562867581205546,48
800,1,1535,646,889,0,0,0,1.0,1,1.0,1,1.0,1,0.23869739864027859,48
801,2,1537,648,889,0,0,0,1.0,1,1.0,1,1.0,1,0.24123597625813503,49
802,2,1539,650,889,0,0,0,1.0,1,1.0,1,1.0,1,0.2913087807737073,50
803,1,1540,650,890,0,0,0,1.0,1,1.0,1,1.0,1,0.2883722379224872,50
804,0,1540,650,890,0,0,0,1.0,1,1.0,1,1.0,1,0.2883722379224872,50
805,0,1540,650,890,0,0,0,1.0,1,1.0,1,1.0,1,0.2883722379224872,50
806,0,1540,650,890,0,0,0,1.0,1,1.0,1,1.0,1,0.27154935579346273,51
807,0,1540,650,890,0,0,0,1.0,1,1.0,1,1.0,1,0.27154935579346273,51
808,3,1543,650,893,0,0,0,1.0,1,1.0,1,1.0,1,0.22148094007180208,53
809,0,1543,650,893,0,0,0,1.0,1,1.0,1,1.0,1,0.20904583969594187,51
810,1,1544,651,893,0,0,0,1.0,1,1.0,1,1.0,1,0.2391038544350992,52
811,7,1551,653,898,0,0,0,1.0,1,1.0,1,1.0,1,0.18227737731857652,50
812,2,1553,654,899,0,0,0,1.0,1,1.0,1,1.0,1,0.1814120435953089,51
813,2,1555,656,899,0,0,0,1.0,1,1.0,1,1.0,1,0.22372136503282633,51
814,2,1557,657,900,0,0,0,1.0,1,1.0,1,1.0,1,0.22574564826409127,52
815,1,1558,658,900,0,0,0,1.0,1,1.0,1,1.0,1,0.23350126675877791,50
816,0,1558,658,900,0,0,0,1.0,1,1.0,1,1.0,1,0.23350126675877791,50
817,0,1558,658,900,0,0,0,1.0,1,1.0,1,1.0,1,0.2302152080803204,49
818,2,1560,660,900,0,0,0,1.0,1,1.0,1,1.0,1,0.2508177364356521,49
819,0,1560,660,900,0,0,0,1.0,1,1.0,1,1.0,1,0.2526055444377476,50
820,1,1561,661,900,0,0,0,1.0,1,1.0,1,1.0,1,0.28734621388691073,49
821,0,1561,661,900,0,0,0,1.0,1,1.0,1,1.0,1,0.2861090465743151,49
822,1,1562,662,900,0,0,0,1.0,1,1.0,1,1.0,1,0.29202960451729204,49
823,2,1564,664,900,0,0,0,1.0,1,1.0,1,1.0,1,0.3490163162520659,47
824,4,1568,667,901,0,0,0,1.0,1,1.0,1,1.0,1,0.2707337001603878,45
825,0,1568,667,901,0,0,0,1.0,1,1.0,1,1.0,1,0.27930969426303864,43
826,4,1572,670,902,0,0,0,1.0,1,1.0,1,1.0,1,0.25907550449163813,44
827,3,1575,672,903,0,0,0,1.0,1,1.0,1,1.0,1,0.2616165358030339,43
828,2,1577,674,903,0,0,0,1.0,1,1.0,1,1.0,1,0.30743751060898356,43
829,4,1581,675,906,0,0,0,1.0,1,1.0,1,1.0,1,0.2560569480790916,45
830,4,1585,676,909,0,0,0,1.0,1,1.0,1,1.0,1,0.21378659319276735,46
831,5,1590,678,912,0,0,0,1.0,1,1.0,1,1.0,1,0.17412299500715203,48
832,1,1591,679,912,0,0,0,1.0,1,1.0,1,1.0,1,0.18141987763563872,47
833,1,1592,680,912,0,0,0,1.0,1,1.0,1,1.0,1,0.18427305715150508,47
834,0,1592,680,912,0,0,0,1.0,1,1.0,1,1.0,1,0.1855713354072148,46
835,0,1592,680,912,0,0,0,1.0,1,1.0,1,1.0,1,0.1877970465374567,45
836,2,1594,682,912,0,0,0,1.0,1,1.0,1,1.0,1,0.21929695800742932,46
837,1,1595,682,913,0,0,0,1.0,1,1.0,1,1.0,1,0.19363323483827355,46
838,1,1596,683,913,0,0,0,1.0,1,1.0,1,1.0,1,0.1961930242994615,45
839,2,1598,684,914,0,0,0,1.0,1,1.0,1,1.0,1,0.21649039039006351,46
840,2,1600,684,916,0,0,0,1.0,1,1.0,1,1.0,1,0.20840306080694432,46
841,2,1602,684,918,0,0,0,1.0,1,1.0,1,1.0,1,0.1816139087348525,46
842,0,1602,684,918,0,0,0,1.0,1,1.0,1,1.0,1,0.1816139087348525,46
843,0,1602,684,918,0,0,0,1.0,1,1.0,1,1.0,1,0.1816139087348525,46
844,2,1604,686,918,0,0,0,1.0,1,1.0,1,1.0,1,0.20144781345571278,47
845,3,1607,688,919,0,0,0,1.0,1,1.0,1,1.0,1,0.2749225276999804,48
846,1,1608,688,920,0,0,0,1.0,1,1.0,1,1.0,1,0.26106624626201863,47
847,4,1612,688,924,0,0,0,1.0,1,1.0,1,1.0,1,0.25912082381132834,48
848,1,1613,688,925,0,0,0,1.0,1,1.0,1,1.0,1,0.28560759967407195,48
849,3,1616,689,927,0,0,0,1.0,1,1.0,1,1.0,1,0.32210380589895327,48
850,2,1618,689,929,0,0,0,1.0,1,1.0,1,1.0,1,0.3338810428592453,46
851,1,1619,689,930,0,0,0,1.0,1,1.0,1,1.0,1,0.32400714400122155,45
852,2,1621,691,930,0,0,0,1.0,1,1.0,1,1.0,1,0.30852699544369505,44
853,1,1622,692,930,0,0,0,1.0,1,1.0,1,1.0,1,0.31143321238760296,44
854,3,1625,693,932,0,0,0,1.0,1,1.0,1,1.0,1,0.2914904112166437,45
855,0,1625,693,932,0,0,0,1.0,1,1.0,1,1.0,1,0.27451145297106166,46
856,5,1630,694,936,0,0,0,1.0,1,1.0,1,1.0,1,0.19874469987390828,46
857,1,1631,694,937,0,0,0,1.0,1,1.0,1,1.0,1,0.18411120481423562,47
858,1,1632,695,937,0,0,0,1.0,1,1.0,1,1.0,1,0.20655131040569694,48
859,0,1632,695,937,0,0,0,1.0,1,1.0,1,1.0,1,0.20655131040569694,48
860,1,1633,695,938,0,0,0,1.0,1,1.0,1,1.0,1,0.2044150880658052,49
861,1,1634,696,938,0,0,0,1.0,1,1.0,1,1.0,1,0.2254950094708755,49
862,2,1636,696,940,0,0,0,1.0,1,1.0,1,1.0,1,0.1979701871179936,49
863,1,1637,697,940,0,0,0,1.0,1,1.0,1,1.0,1,0.22216976050544268,48
864,5,1642,699,943,0,0,0,1.0,1,1.0,1,1.0,1,0.19505999772396468,49
865,0,1642,699,943,0,0,0,1.0,1,1.0,1,1.0,1,0.18553101790092036,48
866,2,1644,700,944,0,0,0,1.0,1,1.0,1,1.0,1,0.18345051838434112,50
867,1,1645,701,944,0,0,0,1.0,1,1.0,1,1.0,1,0.18494108664056966,50
868,1,1646,702,944,0,0,0,1.0,1,1.0,1,1.0,1,0.23068819517597777,51
869,2,1648,703,945,0,0,0,1.0,1,1.0,1,1.0,1,0.23222778550952783,49
870,1,1649,703,946,0,0,0,1.0,1,1.0,1,1.0,1,0.23343182140519586,49
871,6,1655,704,951,0,0,0,1.0,1,1.0,1,1.0,1,0.13244105554760394,49
872,1,1656,705,951,0,0,0,1.0,1,1.0,1,1.0,1,0.14185517950864915,48
873,3,1659,707,952,0,0,0,1.0,1,1.0,1,1.0,1,0.14229118496257678,49
874,0,1659,707,952,0,0,0,1.0,1,1.0,1,1.0,1,0.1396644709411719,49
875,1,1660,708,952,0,0,0,1.0,1,1.0,1,1.0,1,0.174602408094141,50
876,2,1662,709,953,0,0,0,1.0,1,1.0,1,1.0,1,0.12815972904574888,50
877,4,1666,712,954,0,0,0,1.0,1,1.0,1,1.0,1,0.15369163418037346,50
878,1,1667,713,954,0,0,0,1.0,1,1.0,1,1.0,1,0.15922765037589132,49
879,1,1668,714,954,0,0,0,1.0,1,1.0,1,1.0,1,0.18429637529067835,49
880,1,1669,715,954,0,0,0,1.0,1,1.0,1,1.0,1,0.21904876801637427,48
881,3,1672,717,955,0,0,0,1.0,1,1.0,1,1.0,1,0.2236355369897928,49
882,0,1672,717,955,0,0,0,1.0,1,1.0,1,1.0,1,0.24753922239011722,48
883,0,1672,717,955,0,0,0,1.0,1,1.0,1,1.0,1,0.2338284057337437,50
884,0,1672,717,955,0,0,0,1.0,1,1.0,1,1.0,1,0.25262323545468934,50
885,2,1674,719,955,0,0,0,1.0,1,1.0,1,1.0,1,0.24816380972369337,49
886,6,1680,720,960,0,0,0,1.0,1,1.0,1,1.0,1,0.2018835854227428,49
887,0,1680,720,960,0,0,0,1.0,1,1.0,1,1.0,1,0.20105749656040892,49
888,0,1680,720,960,0,0,0,1.0,1,1.0,1,1.0,1,0.23150665616875113,47
889,2,1682,722,960,0,0,0,1.0,1,1.0,1,1.0,1,0.27456980214210214,46
890,0,1682,722,960,0,0,0,1.0,1,1.0,1,1.0,1,0.2869112893773778,44
891,0,1682,722,960,0,0,0,1.0,1,1.0,1,1.0,1,0.2969015792322074,45
892,7,1689,723,966,0,0,0,1.0,1,1.0,1,1.0,1,0.2296906638072079,45
893,0,1689,723,966,0,0,0,1.0,1,1.0,1,1.0,1,0.2296906638072079,45
894,0,1689,723,966,0,0,0,1.0,1,1.0,1,1.0,1,0.21732149907417678,44
895,0,1689,723,966,0,0,0,1.0,1,1.0,1,1.0,1,0.22639907602458098,45
896,4,1693,724,969,0,0,0,1.0,1,1.0,1,1.0,1,0.22132190811894834,44
897,0,1693,724,969,0,0,0,1.0,1,1.0,1,1.0,1,0.22132190811894834,44
898,1,1694,724,970,0,0,0,1.0,1,1.0,1,1.0,1,0.23136541988854137,45
899,0,1694,724,970,0,0,0,1.0,1,1.0,1,1.0,1,0.21646218666188383,44
900,0,1694,724,970,0,0,0,1.0,1,1.0,1,1.0,1,0.2328523390793817,46
901,0,1694,724,970,0,0,0,1.0,1,1.0,1,1.0,1,0.23526922845865203,45
902,3,1697,727,970,0,0,0,1.0,1,1.0,1,1.0,1,0.2360173675334496,45
903,2,1699,728,971,0,0,0,1.0,1,1.0,1,1.0,1,0.26641228613801976,44
904,1,1700,728,972,0,0,0,1.0,1,1.0,1,1.0,1,0.22997629835999597,45
905,2,1702,729,973,0,0,0,1.0,1,1.0,1,1.0,1,0.2471297126800495,45
906,1,1703,730,973,0,0,0,1.0,1,1.0,1,1.0,1,0.2772176136496428,45
907,4,1707,732,975,0,0,0,1.0,1,1.0,1,1.0,1,0.2560058915461838,46
908,2,1709,733,976,0,0,0,1.0,1,1.0,1,1.0,1,0.20385071253708154,46
909,4,1713,736,977,0,0,0,1.0,1,1.0,1,1.0,1,0.20645832441448053,46
910,1,1714,736,978,0,0,0,1.0,1,1.0,1,1.0,1,0.20567687472936466,44
911,0,1714,736,978,0,0,0,1.0,1,1.0,1,1.0,1,0.21448272379637126,45
912,0,1714,736,978,0,0,0,1.0,1,1.0,1,1.0,1,0.2392238786863212,44
913,0,1714,736,978,0,0,0,1.0,1,1.0,1,1.0,1,0.2531525348511782,45
914,1,1715,737,978,0,0,0,1.0,1,1.0,1,1.0,1,0.23817828296656793,45
915,0,1715,737,978,0,0,0,1.0,1,1.0,1,1.0,1,0.23817828296656793,45
916,2,1717,737,980,0,0,0,1.0,1,1.0,1,1.0,1,0.20096533466396546,45
917,2,1719,738,981,0,0,0,1.0,1,1.0,1,1.0,1,0.1986660390664381,46
918,1,1720,739,981,0,0,0,1.0,1,1.0,1,1.0,1,0.22329681355672884,47
919,0,1720,739,981,0,0,0,1.0,1,1.0,1,1.0,1,0.22329681355672884,47
920,2,1722,740,982,0,0,0,1.0,1,1.0,1,1.0,1,0.21319584470023792,47
921,4,1726,743,983,0,0,0,1.0,1,1.0,1,1.0,1,0.22173807159181017,49
922,2,1728,744,984,0,0,0,1.0,1,1.0,1,1.0,1,0.19667849621160208,49
923,4,1732,746,986,0,0,0,1.0,1,1.0,1,1.0,1,0.20609304331628034,47
924,1,1733,747,986,0,0,0,1.0,1,1.0,1,1.0,1,0.22315803989843427,47
925,3,1736,748,988,0,0,0,1.0,1,1.0,1,1.0,1,0.2509073742550072,47
926,2,1738,750,988,0,0,0,1.0,1,1.0,1,1.0,1,0.2762497053548487,46
927,2,1740,750,990,0,0,0,1.0,1,1.0,1,1.0,1,0.27554586140290005,45
928,1,1741,750,991,0,0,0,1.0,1,1.0,1,1.0,1,0.2896894798294117,43
929,1,1742,750,992,0,0,0,1.0,1,1.0,1,1.0,1,0.2983733953337069,42
930,3,1745,750,995,0,0,0,1.0,1,1.0,1,1.0,1,0.30103215891629065,41
931,4,1749,752,997,0,0,0,1.0,1,1.0,1,1.0,1,0.22323315373197958,40
932,1,1750,752,998,0,0,0,1.0,1,1.0,1,1.0,1,0.2034772515733076,40
933,2,1752,754,998,0,0,0,1.0,1,1.0,1,1.0,1,0.23862439745889827,39
934,3,1755,755,1000,0,0,0,1.0,1,1.0,1,1.0,1,0.21239849634629437,39
935,4,1759,757,1002,0,0,0,1.0,1,1.0,1,1.0,1,0.24055490340196034,41
936,1,1760,757,1003,0,0,0,1.0,1,1.0,1,1.0,1,0.2199628042953155,42
937,2,1762,758,1004,0,0,0,1.0,1,1.0,1,1.0,1,0.272122396485203,43
938,4,1766,759,1007,0,0,0,1.0,1,1.0,1,1.0,1,0.2614890494894173,44
939,1,1767,759,1008,0,0,0,1.0,1,1.0,1,1.0,1,0.26838824748546947,46
940,0,1767,759,1008,0,0,0,1.0,1,1.0,1,1.0,1,0.28961218870593564,46
941,0,1767,759,1008,0,0,0,1.0,1,1.0,1,1.0,1,0.28961218870593564,46
942,2,1769,760,1009,0,0,0,1.0,1,1.0,1,1.0,1,0.3197122526675463,46
943,3,1772,762,1010,0,0,0,1.0,1,1.0,1,1.0,1,0.31381308956402254,45
944,1,1773,763,1010,0,0,0,1.0,1,1.0,1,1.0,1,0.3056183805078371,45
945,3,1776,763,1013,0,0,0,1.0,1,1.0,1,1.0,1,0.29688869126001555,44
946,6,1782,765,1017,0,0,0,1.0,1,1.0,1,1.0,1,0.2129882555806631,46
947,1,1783,765,1018,0,0,0,1.0,1,1.0,1,1.0,1,0.18294288465675124,44
948,0,1783,765,1018,0,0,0,1.0,1,1.0,1,1.0,1,0.18294288465675124,44
949,4,1787,767,1020,0,0,0,1.0,1,1.0,1,1.0,1,0.1857312091311297,44
950,0,1787,767,1020,0,0,0,1.0,1,1.0,1,1.0,1,0.1914642486589555,43
951,0,1787,767,1020,0,0,0,1.0,1,1.0,1,1.0,1,0.213386537365218,42
952,2,1789,768,1021,0,0,0,1.0,1,1.0,1,1.0,1,0.22518889163801842,42
953,0,1789,768,1021,0,0,0,1.0,1,1.0,1,1.0,1,0.21984434826989735,41
954,0,1789,768,1021,0,0,0,1.0,1,1.0,1,1.0,1,0.23061630104637773,40
955,0,1789,768,1021,0,0,0,1.0,1,1.0,1,1.0,1,0.231627061138704,42
956,2,1791,770,1021,0,0,0,1.0,1,1.0,1,1.0,1,0.27079390397478553,43
957,0,1791,770,1021,0,0,0,1.0,1,1.0,1,1.0,1,0.2705447348755888,42
958,2,1793,771,1022,0,0,0,1.0,1,1.0,1,1.0,1,0.2933625997033838,43
959,1,1794,771,1023,0,0,0,1.0,1,1.0,1,1.0,1,0.28484416943606067,45
960,1,1795,772,1023,0,0,0,1.0,1,1.0,1,1.0,1,0.3158464877547051,47
961,3,1798,772,1026,0,0,0,1.0,1,1.0,1,1.0,1,0.29182274970051036,45
962,2,1800,774,1026,0,0,0,1.0,1,1.0,1,1.0,1,0.31754367689529833,45
963,2,1802,775,1027,0,0,0,1.0,1,1.0,1,1.0,1,0.3302299335802823,44
964,1,1803,776,1027,0,0,0,1.0,1,1.0,1,1.0,1,0.36940217179283535,44
965,4,1807,776,1031,0,0,0,1.0,1,1.0,1,1.0,1,0.3183897007543569,45
966,2,1809,776,1033,0,0,0,1.0,1,1.0,1,1.0,1,0.3033025354290799,43
967,0,1809,776,1033,0,0,0,1.0,1,1.0,1,1.0,1,0.3033025354290799,43
968,0,1809,776,1033,0,0,0,1.0,1,1.0,1,1.0,1,0.2987846905898809,43
969,0,1809,776,1033,0,0,0,1.0,1,1.0,1,1.0,1,0.3170223983097903,42
970,1,1810,777,1033,0,0,0,1.0,1,1.0,1,1.0,1,0.34037227927242103,42
971,0,1810,777,1033,0,0,0,1.0,1,1.0,1,1.0,1,0.34037227927242103,42
972,2,1812,778,1034,0,0,0,1.0,1,1.0,1,1.0,1,0.3290060384651772,42
973,2,1814,778,1036,0,0,0,1.0,1,1.0,1,1.0,1,0.29008117037509407,43
974,2,1816,780,1036,0,0,0,1.0,1,1.0,1,1.0,1,0.30893097607933584,43
975,0,1816,780,1036,0,0,0,1.0,1,1.0,1,1.0,1,0.31087851563907676,43
976,7,1823,780,1043,0,0,0,1.0,1,1.0,1,1.0,1,0.25995911100489905,45
977,0,1823,780,1043,0,0,0,1.0,1,1.0,1,1.0,1,0.2806532692661823,44
978,1,1824,780,1044,0,0,0,1.0,1,1.0,1,1.0,1,0.25197498437021837,44
979,0,1824,780,1044,0,0,0,1.0,1,1.0,1,1.0,1,0.27733863377630363,45
980,1,1825,781,1044,0,0,0,1.0,1,1.0,1,1.0,1,0.290052478871771,45
981,1,1826,782,1044,0,0,0,1.0,1,1.0,1,1.0,1,0.2717581817369849,45
982,1,1827,783,1044,0,0,0,1.0,1,1.0,1,1.0,1,0.3229980109131953,46
983,7,1834,786,1048,0,0,0,1.0,1,1.0,1,1.0,1,0.30862235178576297,45
984,1,1835,787,1048,0,0,0,1.0,1,1.0,1,1.0,1,0.3103402996874504,45
985,4,1839,789,1050,0,0,0,1.0,1,1.0,1,1.0,1,0.30661350661831605,45
986,3,1842,792,1050,0,0,0,1.0,1,1.0,1,1.0,1,0.3453750512177273,44
987,0,1842,792,1050,0,0,0,1.0,1,1.0,1,1.0,1,0.353278132744986,45
988,2,1844,794,1050,0,0,0,1.0,1,1.0,1,1.0,1,0.3854481975081341,44
989,1,1845,795,1050,0,0,0,1.0,1,1.0,1,1.0,1,0.40715937524078255,43
990,3,1848,797,1051,0,0,0,1.0,1,1.0,1,1.0,1,0.41551183951719034,42
991,0,1848,797,1051,0,0,0,1.0,1,1.0,1,1.0,1,0.39339847251592197,42
992,1,1849,797,1052,0,0,0,1.0,1,1.0,1,1.0,1,0.36279266928640613,43
993,1,1850,798,1052,0,0,0,1.0,1,1.0,1,1.0,1,0.35836313762870564,43
994,1,1851,798,1053,0,0,0,1.0,1,1.0,1,1.0,1,0.3472613510335408,43
995,1,1852,798,1054,0,0,0,1.0,1,1.0,1,1.0,1,0.32034184818476774,43
996,0,1852,798,1054,0,0,0,1.0,1,1.0,1,1.0,1,0.32922649396336956,44
997,0,1852,798,1054,0,0,0,1.0,1,1.0,1,1.0,1,0.32922649396336956,44
998,2,1854,798,1056,0,0,0,1.0,1,1.0,1,1.0,1,0.32071021857904497,45
999,0,1854,798,1056,0,0,0,1.0,1,1.0,1,1.0,1,0.3519563318458648,42
1000,0,1854,798,1056,0,0,0,1.0,1,1.0,1,1.0,1,0.3601283827433237,43
1001,0,1854,798,1056,0,0,0,1.0,1,1.0,1,1.0,1,0.3913203549425152,42
1002,0,1854,798,1056,0,0,0,1.0,1,1.0,1,1.0,1,0.3791684029181704,43
1003,1,1855,798,1057,0,0,0,1.0,1,1.0,1,1.0,1,0.3683575733387838,43
1004,1,1856,798,1058,0,0,0,1.0,1,1.0,1,1.0,1,0.36307930310638903,43
1005,0,1856,798,1058,0,0,0,1.0,1,1.0,1,1.0,1,0.3746563986850144,44
1006,4,1860,798,1062,0,0,0,1.0,1,1.0,1,1.0,1,0.3159701930318048,46
1007,2,1862,798,1064,0,0,0,1.0,1,1.0,1,1.0,1,0.2962941654183506,46
1008,0,1862,798,1064,0,0,0,1.0,1,1.0,1,1.0,1,0.3072921862529958,47
1009,6,1868,799,1069,0,0,0,1.0,1,1.0,1,1.0,1,0.21716530198203357,48
1010,3,1871,799,1072,0,0,0,1.0,1,1.0,1,1.0,1,0.21946849254673,48
1011,2,1873,799,1074,0,0,0,1.0,1,1.0,1,1.0,1,0.21105993619884578,48
1012,2,1875,800,1075,0,0,0,1.0,1,1.0,1,1.0,1,0.19766731750026892,49
1013,1,1876,800,1076,0,0,0,1.0,1,1.0,1,1.0,1,0.19289352129559925,50
1014,2,1878,801,1077,0,0,0,1.0,1,1.0,1,1.0,1,0.20024170729989096,50
1015,1,1879,801,1078,0,0,0,1.0,1,1.0,1,1.0,1,0.2244611760738169,51
1016,5,1884,802,1082,0,0,0,1.0,1,1.0,1,1.0,1,0.20421957359013942,51
1017,2,1886,802,1084,0,0,0,1.0,1,1.0,1,1.0,1,0.17967550337855728,52
1018,2,1888,803,1085,0,0,0,1.0,1,1.0,1,1.0,1,0.20899861470447553,52
1019,1,1889,804,1085,0,0,0,1.0,1,1.0,1,1.0,1,0.2370788899021791,52
1020,0,1889,804,1085,0,0,0,1.0,1,1.0,1,1.0,1,0.22428448918446853,53
1021,1,1890,804,1086,0,0,0,1.0,1,1.0,1,1.0,1,0.21862559174069668,53
1022,1,1891,804,1087,0,0,0,1.0,1,1.0,1,1.0,1,0.19251298612569917,54
1023,1,1892,805,1087,0,0,0,1.0,1,1.0,1,1.0,1,0.21801316787917865,55
1024,0,1892,805,1087,0,0,0,1.0,1,1.0,1,1.0,1,0.21238165802301348,55
1025,1,1893,805,1088,0,0,0,1.0,1,1.0,1,1.0,1,0.19992075175935167,56
1026,1,1894,805,1089,0,0,0,1.0,1,1.0,1,1.0,1,0.19746355666699503,57
1027,1,1895,805,1090,0,0,0,1.0,1,1.0,1,1.0,1,0.19075902782763737,58
1028,0,1895,805,1090,0,0,0,1.0,1,1.0,1,1.0,1,0.19075902782763737,58
1029,3,1898,807,1091,0,0,0,1.0,1,1.0,1,1.0,1,0.20603459093582463,59
1030,2,1900,808,1092,0,0,0,1.0,1,1.0,1,1.0,1,0.22461133731050034,60
1031,2,1902,809,1093,0,0,0,1.0,1,1.0,1,1.0,1,0.19437679636404215,60
1032,1,1903,810,1093,0,0,0,1.0,1,1.0,1,1.0,1,0.22334068308853083,61
1033,4,1907,811,1096,0,0,0,1.0,1,1.0,1,1.0,1,0.20233526200682142,60
1034,2,1909,813,1096,0,0,0,1.0,1,1.0,1,1.0,1,0.21229038516239113,60
1035,1,1910,814,1096,0,0,0,1.0,1,1.0,1,1.0,1,0.2206705024892209,59
1036,3,1913,816,1097,0,0,0,1.0,1,1.0,1,1.0,1,0.23987070524180773,60
1037,3,1916,819,1097,0,0,0,1.0,1,1.0,1,1.0,1,0.22836985944671043,59
1038,5,1921,822,1099,0,0,0,1.0,1,1.0,1,1.0,1,0.22411250868370242,60
1039,3,1924,823,1101,0,0,0,1.0,1,1.0,1,1.0,1,0.22653698127642818,60
1040,5,1929,825,1104,0,0,0,1.0,1,1.0,1,1.0,1,0.21848340400682462,58
1041,0,1929,825,1104,0,0,0,1.0,1,1.0,1,1.0,1,0.20039106330302497,56
1042,0,1929,825,1104,0,0,0,1.0,1,1.0,1,1.0,1,0.1967354081656187,55
1043,4,1933,827,1106,0,0,0,1.0,1,1.0,1,1.0,1,0.21842661217514908,55
1044,3,1936,829,1107,0,0,0,1.0,1,1.0,1,1.0,1,0.23189018280037102,52
1045,0,1936,829,1107,0,0,0,1.0,1,1.0,1,1.0,1,0.23447579040622468,52
1046,2,1938,830,1108,0,0,0,1.0,1,1.0,1,1.0,1,0.2497052331677784,53
1047,1,1939,830,1109,0,0,0,1.0,1,1.0,1,1.0,1,0.23486205672551116,54
1048,4,1943,831,1112,0,0,0,1.0,1,1.0,1,1.0,1,0.21437970947009413,56
1049,1,1944,832,1112,0,0,0,1.0,1,1.0,1,1.0,1,0.23560547594132042,55
1050,1,1945,832,1113,0,0,0,1.0,1,1.0,1,1.0,1,0.23031459242377822,56
1051,7,1952,832,1120,0,0,0,1.0,1,1.0,1,1.0,1,0.07577882800960135,55
1052,1,1953,833,1120,0,0,0,1.0,1,1.0,1,1.0,1,0.08575683322167842,56
1053,0,1953,833,1120,0,0,0,1.0,1,1.0,1,1.0,1,0.08575683322167842,56
1054,0,1953,833,1120,0,0,0,1.0,1,1.0,1,1.0,1,0.06848121831740792,57
1055,0,1953,833,1120,0,0,0,1.0,1,1.0,1,1.0,1,0.08112714763646667,58
1056,1,1954,833,1121,0,0,0,1.0,1,1.0,1,1.0,1,0.08501951432912822,59
1057,0,1954,833,1121,0,0,0,1.0,1,1.0,1,1.0,1,0.09889487272957688,60
1058,2,1956,835,1121,0,0,0,1.0,1,1.0,1,1.0,1,0.13409840002616275,60
1059,0,1956,835,1121,0,0,0,1.0,1,1.0,1,1.0,1,0.13409840002616275,60
1060,2,1958,836,1122,0,0,0,1.0,1,1.0,1,1.0,1,0.14634972416584333,60
1061,5,1963,841,1122,0,0,0,1.0,1,1.0,1,1.0,1,0.20002498717894812,59
1062,3,1966,842,1124,0,0,0,1.0,1,1.0,1,1.0,1,0.22368229365699913,59
1063,2,1968,844,1124,0,0,0,1.0,1,1.0,1,1.0,1,0.24662782197903307,58
1064,5,1973,846,1127,0,0,0,1.0,1,1.0,1,1.0,1,0.293120569659232,58
1065,4,1977,849,1128,0,0,0,1.0,1,1.0,1,1.0,1,0.30444792203839477,60
1066,7,1984,849,1135,0,0,0,1.0,1,1.0,1,1.0,1,0.22674537972568423,58
1067,5,1989,849,1140,0,0,0,1.0,1,1.0,1,1.0,1,0.2060132867184362,59
1068,2,1991,850,1141,0,0,0,1.0,1,1.0,1,1.0,1,0.19406108115748136,59
1069,0,1991,850,1141,0,0,0,1.0,1,1.0,1,1.0,1,0.2228223531005072,58
1070,0,1991,850,1141,0,0,0,1.0,1,1.0,1,1.0,1,0.2228223531005072,58
1071,2,1993,851,1142,0,0,0,1.0,1,1.0,1,1.0,1,0.22200492425992543,57
1072,2,1995,852,1143,0,0,0,1.0,1,1.0,1,1.0,1,0.2031889327641869,56
1073,0,1995,852,1143,0,0,0,1.0,1,1.0,1,1.0,1,0.2381990668961302,54
1074,1,1996,853,1143,0,0,0,1.0,1,1.0,1,1.0,1,0.23042328604059126,54
1075,1,1997,854,1143,0,0,0,1.0,1,1.0,1,1.0,1,0.23915254787742224,51
1076,1,1998,854,1144,0,0,0,1.0,1,1.0,1,1.0,1,0.23199693016710782,51
1077,0,1998,854,1144,0,0,0,1.0,1,1.0,1,1.0,1,0.20626950333664176,51
1078,1,1999,855,1144,0,0,0,1.0,1,1.0,1,1.0,1,0.23248565526088047,52
1079,2,2001,857,1144,0,0,0,1.0,1,1.0,1,1.0,1,0.2437170274588909,51
1080,1,2002,858,1144,0,0,0,1.0,1,1.0,1,1.0,1,0.2454201217501407,51
1081,1,2003,858,1145,0,0,0,1.0,1,1.0,1,1.0,1,0.23692947664639946,48
1082,2,2005,859,1146,0,0,0,1.0,1,1.0,1,1.0,1,0.2706482704590207,47
1083,2,2007,860,1147,0,0,0,1.0,1,1.0,1,1.0,1,0.30616469520994377,46
1084,0,2007,860,1147,0,0,0,1.0,1,1.0,1,1.0,1,0.31937122237241666,45
1085,1,2008,861,1147,0,0,0,1.0,1,1.0,1,1.0,1,0.3568327528865165,46
1086,1,2009,861,1148,0,0,0,1.0,1,1.0,1,1.0,1,0.3357420605100885,45
1087,0,2009,861,1148,0,0,0,1.0,1,1.0,1,1.0,1,0.3711016968414647,44
1088,1,2010,862,1148,0,0,0,1.0,1,1.0,1,1.0,1,0.3526636929253511,45
1089,4,2014,864,1150,0,0,0,1.0,1,1.0,1,1.0,1,0.3126251966432446,46
1090,1,2015,864,1151,0,0,0,1.0,1,1.0,1,1.0,1,0.3059776320558088,47
1091,1,2016,865,1151,0,0,0,1.0,1,1.0,1,1.0,1,0.31231514754537787,47
1092,0,2016,865,1151,0,0,0,1.0,1,1.0,1,1.0,1,0.3014231924497668,48
1093,1,2017,866,1151,0,0,0,1.0,1,1.0,1,1.0,1,0.3115617662520387,48
1094,2,2019,868,1151,0,0,0,1.0,1,1.0,1,1.0,1,0.3473717506831274,48
1095,3,2022,868,1154,0,0,0,1.0,1,1.0,1,1.0,1,0.33674105776369073,49
1096,6,2028,869,1159,0,0,0,1.0,1,1.0,1,1.0,1,0.2793979666170058,49
1097,4,2032,871,1161,0,0,0,1.0,1,1.0,1,1.0,1,0.24843551804665545,50
1098,2,2034,871,1163,0,0,0,1.0,1,1.0,1,1.0,1,0.24392279254418509,51
1099,4,2038,871,1167,0,0,0,1.0,1,1.0,1,1.0,1,0.23725146194022653,54
1100,2,2040,871,1169,0,0,0,1.0,1,1.0,1,1.0,1,0.23818062601851966,54
1101,3,2043,872,1171,0,0,0,1.0,1,1.0,1,1.0,1,0.2270771530828732,54
1102,2,2045,872,1173,0,0,0,1.0,1,1.0,1,1.0,1,0.2291492181077361,54
1103,4,2049,874,1175,0,0,0,1.0,1,1.0,1,1.0,1,0.24039390278271755,53
1104,2,2051,875,1176,0,0,0,1.0,1,1.0,1,1.0,1,0.2157729044861017,53
1105,3,2054,876,1178,0,0,0,1.0,1,1.0,1,1.0,1,0.21735923164848506,52
1106,0,2054,876,1178,0,0,0,1.0,1,1.0,1,1.0,1,0.2265705077491585,52
1107,3,2057,877,1180,0,0,0,1.0,1,1.0,1,1.0,1,0.22595006366733356,52
1108,3,2060,878,1182,0,0,0,1.0,1,1.0,1,1.0,1,0.20813941995435348,51
1109,3,2063,881,1182,0,0,0,1.0,1,1.0,1,1.0,1,0.22113106433303414,49
1110,1,2064,882,1182,0,0,0,1.0,1,1.0,1,1.0,1,0.25572413941595656,48
1111,6,2070,885,1185,0,0,0,1.0,1,1.0,1,1.0,1,0.285883763175468,47
1112,3,2073,885,1188,0,0,0,1.0,1,1.0,1,1.0,1,0.25186740816421865,46
1113,2,2075,887,1188,0,0,0,1.0,1,1.0,1,1.0,1,0.2734527235868431,43
1114,0,2075,887,1188,0,0,0,1.0,1,1.0,1,1.0,1,0.2783009033084273,41
1115,4,2079,889,1190,0,0,0,1.0,1,1.0,1,1.0,1,0.24594231905804434,40
1116,1,2080,890,1190,0,0,0,1.0,1,1.0,1,1.0,1,0.2647683670113772,39
1117,4,2084,894,1190,0,0,0,1.0,1,1.0,1,1.0,1,0.32664667364129174,40
1118,3,2087,894,1193,0,0,0,1.0,1,1.0,1,1.0,1,0.27097279428097365,40
1119,2,2089,894,1195,0,0,0,1.0,1,1.0,1,1.0,1,0.25070287764323734,40
1120,3,2092,894,1198,0,0,0,1.0,1,1.0,1,1.0,1,0.24306134468295357,40
1121,3,2095,895,1200,0,0,0,1.0,1,1.0,1,1.0,1,0.27878894619174277,40
1122,0,2095,895,1200,0,0,0,1.0,1,1.0,1,1.0,1,0.2828037493418305,41
1123,2,2097,897,1200,0,0,0,1.0,1,1.0,1,1.0,1,0.33143326617195773,41
1124,0,2097,897,1200,0,0,0,1.0,1,1.0,1,1.0,1,0.33143326617195773,41
1125,1,2098,898,1200,0,0,0,1.0,1,1.0,1,1.0,1,0.39710570123564165,41
1126,5,2103,899,1204,0,0,0,1.0,1,1.0,1,1.0,1,0.29852016252497704,41
1127,0,2103,899,1204,0,0,0,1.0,1,1.0,1,1.0,1,0.29852016252497704,41
1128,3,2106,899,1207,0,0,0,1.0,1,1.0,1,1.0,1,0.2590114199172664,42
1129,3,2109,899,1210,0,0,0,1.0,1,1.0,1,1.0,1,0.22162013980405748,42
1130,4,2113,900,1213,0,0,0,1.0,1,1.0,1,1.0,1,0.19310102293281298,42
1131,2,2115,900,1215,0,0,0,1.0,1,1.0,1,1.0,1,0.16833250789044418,42
1132,2,2117,900,1217,0,0,0,1.0,1,1.0,1,1.0,1,0.12444925932298355,43
1133,2,2119,900,1219,0,0,0,1.0,1,1.0,1,1.0,1,0.0966393098852295,45
1134,1,2120,901,1219,0,0,0,1.0,1,1.0,1,1.0,1,0.12799410619456308,46
1135,0,2120,901,1219,0,0,0,1.0,1,1.0,1,1.0,1,0.14282149304522967,45
1136,0,2120,901,1219,0,0,0,1.0,1,1.0,1,1.0,1,0.16888293753365247,48
1137,3,2123,901,1222,0,0,0,1.0,1,1.0,1,1.0,1,0.1808071488346179,49
1138,2,2125,901,1224,0,0,0,1.0,1,1.0,1,1.0,1,0.18184133551281437,49
1139,2,2127,901,1226,0,0,0,1.0,1,1.0,1,1.0,1,0.19810992427034038,49
1140,4,2131,903,1228,0,0,0,1.0,1,1.0,1,1.0,1,0.20876011282083257,49
1141,5,2136,904,1232,0,0,0,1.0,1,1.0,1,1.0,1,0.2061625213359823,48
1142,3,2139,907,1232,0,0,0,1.0,1,1.0,1,1.0,1,0.2220742595376767,48
1143,4,2143,909,1234,0,0,0,1.0,1,1.0,1,1.0,1,0.2186716141635951,48
1144,3,2146,911,1235,0,0,0,1.0,1,1.0,1,1.0,1,0.1790792493125571,48
1145,2,2148,911,1237,0,0,0,1.0,1,1.0,1,1.0,1,0.1706353814266514,48
1146,3,2151,913,1238,0,0,0,1.0,1,1.0,1,1.0,1,0.22519164501789346,48
1147,3,2154,914,1240,0,0,0,1.0,1,1.0,1,1.0,1,0.247768853585842,46
1148,2,2156,916,1240,0,0,0,1.0,1,1.0,1,1.0,1,0.24976277798029278,46
1149,1,2157,916,1241,0,0,0,1.0,1,1.0,1,1.0,1,0.2863096387427003,45
1150,2,2159,917,1242,0,0,0,1.0,1,1.0,1,1.0,1,0.2954816751648902,46
1151,3,2162,920,1242,0,0,0,1.0,1,1.0,1,1.0,1,0.3328777903296821,44
1152,1,2163,920,1243,0,0,0,1.0,1,1.0,1,1.0,1,0.2940766909198178,44
1153,3,2166,923,1243,0,0,0,1.0,1,1.0,1,1.0,1,0.3341177196970352,43
1154,2,2168,925,1243,0,0,0,1.0,1,1.0,1,1.0,1,0.34136961591414605,43
1155,1,2169,926,1243,0,0,0,1.0,1,1.0,1,1.0,1,0.3099565995951881,43
1156,4,2173,926,1247,0,0,0,1.0,1,1.0,1,1.0,1,0.21111909533363807,42
1157,2,2175,927,1248,0,0,0,1.0,1,1.0,1,1.0,1,0.21832229552730892,42
1158,0,2175,927,1248,0,0,0,1.0,1,1.0,1,1.0,1,0.20324096665677316,41
1159,0,2175,927,1248,0,0,0,1.0,1,1.0,1,1.0,1,0.2056973404652049,41
1160,0,2175,927,1248,0,0,0,1.0,1,1.0,1,1.0,1,0.2056973404652049,41
1161,0,2175,927,1248,0,0,0,1.0,1,1.0,1,1.0,1,0.2052607687628551,42
1162,0,2175,927,1248,0,0,0,1.0,1,1.0,1,1.0,1,0.1951927011357912,43
1163,0,2175,927,1248,0,0,0,1.0,1,1.0,1,1.0,1,0.1951927011357912,43
1164,0,2175,927,1248,0,0,0,1.0,1,1.0,1,1.0,1,0.18343387072078526,44
1165,0,2175,927,1248,0,0,0,1.0,1,1.0,1,1.0,1,0.18343387072078526,44
1166,1,2176,928,1248,0,0,0,1.0,1,1.0,1,1.0,1,0.23285324759186357,46
1167,1,2177,929,1248,0,0,0,1.0,1,1.0,1,1.0,1,0.22191560398895857,46
1168,1,2178,929,1249,0,0,0,1.0,1,1.0,1,1.0,1,0.20748365819511672,47
1169,2,2180,931,1249,0,0,0,1.0,1,1.0,1,1.0,1,0.23237210863852115,46
1170,1,2181,931,1250,0,0,0,1.0,1,1.0,1,1.0,1,0.2098254034493485,48
1171,5,2186,933,1253,0,0,0,1.0,1,1.0,1,1.0,1,0.21105374823620116,49
1172,0,2186,933,1253,0,0,0,1.0,1,1.0,1,1.0,1,0.21105374823620116,49
1173,0,2186,933,1253,0,0,0,1.0,1,1.0,1,1.0,1,0.21105374823620116,49
1174,1,2187,934,1253,0,0,0,1.0,1,1.0,1,1.0,1,0.22676455215432303,49
1175,1,2188,934,1254,0,0,0,1.0,1,1.0,1,1.0,1,0.23090698401343354,50
1176,0,2188,934,1254,0,0,0,1.0,1,1.0,1,1.0,1,0.25127948681936285,52
1177,2,2190,936,1254,0,0,0,1.0,1,1.0,1,1.0,1,0.2735303960413245,52
1178,1,2191,936,1255,0,0,0,1.0,1,1.0,1,1.0,1,0.2531313958557093,52
1179,0,2191,936,1255,0,0,0,1.0,1,1.0,1,1.0,1,0.2366744106639838,53
1180,0,2191,936,1255,0,0,0,1.0,1,1.0,1,1.0,1,0.224963858251789,54
1181,2,2193,936,1257,0,0,0,1.0,1,1.0,1,1.0,1,0.21455545073047724,55
1182,2,2195,938,1257,0,0,0,1.0,1,1.0,1,1.0,1,0.21795455500393213,55
1183,2,2197,940,1257,0,0,0,1.0,1,1.0,1,1.0,1,0.24532678375174383,53
1184,0,2197,940,1257,0,0,0,1.0,1,1.0,1,1.0,1,0.23211531679691347,54
1185,0,2197,940,1257,0,0,0,1.0,1,1.0,1,1.0,1,0.23704690513847046,53
1186,3,2200,941,1259,0,0,0,1.0,1,1.0,1,1.0,1,0.25417260698673166,54
1187,2,2202,942,1260,0,0,0,1.0,1,1.0,1,1.0,1,0.27514894052943717,55
1188,0,2202,942,1260,0,0,0,1.0,1,1.0,1,1.0,1,0.27514894052943717,55
1189,2,2204,942,1262,0,0,0,1.0,1,1.0,1,1.0,1,0.2371480079121055,54
1190,1,2205,943,1262,0,0,0,1.0,1,1.0,1,1.0,1,0.24896029960384367,55
1191,0,2205,943,1262,0,0,0,1.0,1,1.0,1,1.0,1,0.23782148173662201,54
1192,3,2208,945,1263,0,0,0,1.0,1,1.0,1,1.0,1,0.24564595017152904,52
1193,0,2208,945,1263,0,0,0,1.0,1,1.0,1,1.0,1,0.24895389445160068,53
1194,3,2211,947,1264,0,0,0,1.0,1,1.0,1,1.0,1,0.26414739723557784,53
1195,1,2212,948,1264,0,0,0,1.0,1,1.0,1,1.0,1,0.24967824400306207,54
1196,1,2213,949,1264,0,0,0,1.0,1,1.0,1,1.0,1,0.25156668364808005,56
1197,3,2216,951,1265,0,0,0,1.0,1,1.0,1,1.0,1,0.25029515657419477,56
1198,4,2220,952,1268,0,0,0,1.0,1,1.0,1,1.0,1,0.23588170414415954,58
1199,1,2221,953,1268,0,0,0,1.0,1,1.0,1,1.0,1,0.23912260613241523,58
1200,0,2221,953,1268,0,0,0,1.0,1,1.0,1,1.0,1,0.23912260613241523,58
1201,8,2229,954,1275,0,0,0,1.0,1,1.0,1,1.0,1,0.15068156622520262,58
1202,3,2232,955,1277,0,0,0,1.0,1,1.0,1,1.0,1,0.1317051581027468,60
1203,0,2232,955,1277,0,0,0,1.0,1,1.0,1,1.0,1,0.14759982721878392,58
1204,1,2233,956,1277,0,0,0,1.0,1,1.0,1,1.0,1,0.1672370784567561,59
1205,3,2236,957,1279,0,0,0,1.0,1,1.0,1,1.0,1,0.17444549018893096,59
1206,3,2239,957,1282,0,0,0,1.0,1,1.0,1,1.0,1,0.19396681765770254,58
1207,3,2242,957,1285,0,0,0,1.0,1,1.0,1,1.0,1,0.19552537039538911,60
1208,1,2243,957,1286,0,0,0,1.0,1,1.0,1,1.0,1,0.1796928086819507,60
1209,2,2245,957,1288,0,0,0,1.0,1,1.0,1,1.0,1,0.18933738434301264,61
1210,1,2246,957,1289,0,0,0,1.0,1,1.0,1,1.0,1,0.20495463417922083,61
1211,2,2248,957,1291,0,0,0,1.0,1,1.0,1,1.0,1,0.17155214707932087,63
1212,4,2252,958,1294,0,0,0,1.0,1,1.0,1,1.0,1,0.16335963777427295,63
1213,3,2255,959,1296,0,0,0,1.0,1,1.0,1,1.0,1,0.1824214536174525,63
1214,3,2258,960,1298,0,0,0,1.0,1,1.0,1,1.0,1,0.23428472124189784,62
1215,4,2262,960,1302,0,0,0,1.0,1,1.0,1,1.0,1,0.24134503194305082,63
1216,5,2267,960,1307,0,0,0,1.0,1,1.0,1,1.0,1,0.22352716470758885,64
1217,0,2267,960,1307,0,0,0,1.0,1,1.0,1,1.0,1,0.22351359574461155,65
1218,3,2270,961,1309,0,0,0,1.0,1,1.0,1,1.0,1,0.23847957353394142,64
1219,1,2271,961,1310,0,0,0,1.0,1,1.0,1,1.0,1,0.23219646953327258,65
1220,1,2272,961,1311,0,0,0,1.0,1,1.0,1,1.0,1,0.23161623413100357,64
1221,3,2275,962,1313,0,0,0,1.0,1,1.0,1,1.0,1,0.22489445909461953,65
1222,3,2278,964,1314,0,0,0,1.0,1,1.0,1,1.0,1,0.23737440645056204,66
1223,3,2281,965,1316,0,0,0,1.0,1,1.0,1,1.0,1,0.2105572736821417,64
1224,4,2285,966,1319,0,0,0,1.0,1,1.0,1,1.0,1,0.20203903037385168,66
1225,4,2289,967,1322,0,0,0,1.0,1,1.0,1,1.0,1,0.19782943670174036,66
1226,3,2292,968,1324,0,0,0,1.0,1,1.0,1,1.0,1,0.20817855853407458,68
1227,2,2294,969,1325,0,0,0,1.0,1,1.0,1,1.0,1,0.185734366584834,64
1228,0,2294,969,1325,0,0,0,1.0,1,1.0,1,1.0,1,0.19767055446191967,62
1229,2,2296,971,1325,0,0,0,1.0,1,1.0,1,1.0,1,0.20310909378116185,61
1230,2,2298,973,1325,0,0,0,1.0,1,1.0,1,1.0,1,0.25290328257750855,58
1231,6,2304,974,1330,0,0,0,1.0,1,1.0,1,1.0,1,0.1605049764782606,57
1232,2,2306,975,1331,0,0,0,1.0,1,1.0,1,1.0,1,0.17500687621248578,53
1233,1,2307,976,1331,0,0,0,1.0,1,1.0,1,1.0,1,0.19130555805066105,53
1234,2,2309,976,1333,0,0,0,1.0,1,1.0,1,1.0,1,0.1669517055437866,54
1235,1,2310,976,1334,0,0,0,1.0,1,1.0,1,1.0,1,0.17415883709781743,55
1236,1,2311,977,1334,0,0,0,1.0,1,1.0,1,1.0,1,0.21030631536620276,55
1237,2,2313,978,1335,0,0,0,1.0,1,1.0,1,1.0,1,0.21881505465788914,55
1238,3,2316,980,1336,0,0,0,1.0,1,1.0,1,1.0,1,0.1908538931071595,54
1239,0,2316,980,1336,0,0,0,1.0,1,1.0,1,1.0,1,0.19979816571192374,55
1240,0,2316,980,1336,0,0,0,1.0,1,1.0,1,1.0,1,0.19979816571192374,55
1241,0,2316,980,1336,0,0,0,1.0,1,1.0,1,1.0,1,0.18324256136802758,54
1242,0,2316,980,1336,0,0,0,1.0,1,1.0,1,1.0,1,0.19040335313263315,54
1243,1,2317,981,1336,0,0,0,1.0,1,1.0,1,1.0,1,0.18951098614066952,55
1244,0,2317,981,1336,0,0,0,1.0,1,1.0,1,1.0,1,0.21882907278516908,55
1245,2,2319,982,1337,0,0,0,1.0,1,1.0,1,1.0,1,0.23080895016661826,55
1246,6,2325,984,1341,0,0,0,1.0,1,1.0,1,1.0,1,0.23980068483860303,55
1247,5,2330,986,1344,0,0,0,1.0,1,1.0,1,1.0,1,0.2520063428119829,57
1248,0,2330,986,1344,0,0,0,1.0,1,1.0,1,1.0,1,0.2618129522648665,56
1249,2,2332,988,1344,0,0,0,1.0,1,1.0,1,1.0,1,0.26326827594053515,56
1250,2,2334,990,1344,0,0,0,1.0,1,1.0,1,1.0,1,0.2889426787809341,56
1251,1,2335,990,1345,0,0,0,1.0,1,1.0,1,1.0,1,0.26287305413555795,58
1252,1,2336,991,1345,0,0,0,1.0,1,1.0,1,1.0,1,0.27962207753234924,58
1253,3,2339,993,1346,0,0,0,1.0,1,1.0,1,1.0,1,0.2703026838197244,58
1254,0,2339,993,1346,0,0,0,1.0,1,1.0,1,1.0,1,0.24695767274331815,60
1255,2,2341,993,1348,0,0,0,1.0,1,1.0,1,1.0,1,0.23975634510789737,61
1256,1,2342,993,1349,0,0,0,1.0,1,1.0,1,1.0,1,0.24338139182649166,61
1257,3,2345,994,1351,0,0,0,1.0,1,1.0,1,1.0,1,0.23913677825200244,62
1258,4,2349,994,1355,0,0,0,1.0,1,1.0,1,1.0,1,0.209831308941645,63
1259,0,2349,994,1355,0,0,0,1.0,1,1.0,1,1.0,1,0.209831308941645,63
1260,1,2350,995,1355,0,0,0,1.0,1,1.0,1,1.0,1,0.18096789221012433,63
1261,2,2352,995,1357,0,0,0,1.0,1,1.0,1,1.0,1,0.13491891698833544,63
1262,1,2353,996,1357,0,0,0,1.0,1,1.0,1,1.0,1,0.1522795137483541,64
1263,1,2354,997,1357,0,0,0,1.0,1,1.0,1,1.0,1,0.16707056211184804,63
1264,1,2355,998,1357,0,0,0,1.0,1,1.0,1,1.0,1,0.1713078668646674,63
1265,3,2358,1001,1357,0,0,0,1.0,1,1.0,1,1.0,1,0.20980427626007286,60
1266,6,2364,1004,1360,0,0,0,1.0,1,1.0,1,1.0,1,0.22910147202030692,61
1267,2,2366,1006,1360,0,0,0,1.0,1,1.0,1,1.0,1,0.26844619480565096,58
1268,4,2370,1009,1361,0,0,0,1.0,1,1.0,1,1.0,1,0.3096054517564698,54
1269,5,2375,1012,1363,0,0,0,1.0,1,1.0,1,1.0,1,0.2658617680000952,54
1270,1,2376,1013,1363,0,0,0,1.0,1,1.0,1,1.0,1,0.23674020380958247,51
1271,0,2376,1013,1363,0,0,0,1.0,1,1.0,1,1.0,1,0.2453185162079392,50
1272,0,2376,1013,1363,0,0,0,1.0,1,1.0,1,1.0,1,0.24602188982599307,47
1273,0,2376,1013,1363,0,0,0,1.0,1,1.0,1,1.0,1,0.24602188982599307,47
1274,1,2377,1014,1363,0,0,0,1.0,1,1.0,1,1.0,1,0.2922025549283052,49
1275,2,2379,1016,1363,0,0,0,1.0,1,1.0,1,1.0,1,0.31167096050282417,48
1276,9,2388,1019,1369,0,0,0,1.0,1,1.0,1,1.0,1,0.21807589289078172,49
1277,5,2393,1023,1370,0,0,0,1.0,1,1.0,1,1.0,1,0.25867503508670453,50
1278,2,2395,1023,1372,0,0,0,1.0,1,1.0,1,1.0,1,0.2429135473859582,51
1279,1,2396,1023,1373,0,0,0,1.0,1,1.0,1,1.0,1,0.24765594346261363,51
1280,3,2399,1023,1376,0,0,0,1.0,1,1.0,1,1.0,1,0.19814687365314668,52
1281,1,2400,1023,1377,0,0,0,1.0,1,1.0,1,1.0,1,0.21745458625301603,52
1282,1,2401,1024,1377,0,0,0,1.0,1,1.0,1,1.0,1,0.22406305612002383,52
1283,2,2403,1024,1379,0,0,0,1.0,1,1.0,1,1.0,1,0.22406305612002383,52
1284,2,2405,1025,1380,0,0,0,1.0,1,1.0,1,1.0,1,0.22241246217182117,52
1285,1,2406,1025,1381,0,0,0,1.0,1,1.0,1,1.0,1,0.2648190372406161,51
1286,2,2408,1025,1383,0,0,0,1.0,1,1.0,1,1.0,1,0.2463722710656645,52
1287,2,2410,1026,1384,0,0,0,1.0,1,1.0,1,1.0,1,0.25547777780394465,54
1288,1,2411,1026,1385,0,0,0,1.0,1,1.0,1,1.0,1,0.23662565828126322,55
1289,1,2412,1026,1386,0,0,0,1.0,1,1.0,1,1.0,1,0.20453507375967567,56
1290,0,2412,1026,1386,0,0,0,1.0,1,1.0,1,1.0,1,0.17955147460225995,57
1291,2,2414,1026,1388,0,0,0,1.0,1,1.0,1,1.0,1,0.1781970422604661,58
1292,0,2414,1026,1388,0,0,0,1.0,1,1.0,1,1.0,1,0.1655506514083547,59
1293,0,2414,1026,1388,0,0,0,1.0,1,1.0,1,1.0,1,0.1655506514083547,59
1294,1,2415,1027,1388,0,0,0,1.0,1,1.0,1,1.0,1,0.16010254102689744,59
1295,1,2416,1028,1388,0,0,0,1.0,1,1.0,1,1.0,1,0.16722735651957488,59
1296,2,2418,1028,1390,0,0,0,1.0,1,1.0,1,1.0,1,0.1686531982650691,59
1297,1,2419,1029,1390,0,0,0,1.0,1,1.0,1,1.0,1,0.1731670136835383,61
1298,0,2419,1029,1390,0,0,0,1.0,1,1.0,1,1.0,1,0.19526008872892886,61
1299,1,2420,1029,1391,0,0,0,1.0,1,1.0,1,1.0,1,0.19751863883549345,60
1300,1,2421,1029,1392,0,0,0,1.0,1,1.0,1,1.0,1,0.195907006043001,59
1301,0,2421,1029,1392,0,0,0,1.0,1,1.0,1,1.0,1,0.20908242424694554,59
1302,4,2425,1033,1392,0,0,0,1.0,1,1.0,1,1.0,1,0.1992721198073505,59
1303,4,2429,1037,1392,0,0,0,1.0,1,1.0,1,1.0,1,0.27338427880878713,55
1304,6,2435,1042,1393,0,0,0,1.0,1,1.0,1,1.0,1,0.29091237527129316,56
1305,4,2439,1043,1396,0,0,0,1.0,1,1.0,1,1.0,1,0.270177017344126,54
1306,6,2445,1044,1401,0,0,0,1.0,1,1.0,1,1.0,1,0.21581035556405584,53
1307,3,2448,1046,1402,0,0,0,1.0,1,1.0,1,1.0,1,0.19701759145756997,52
1308,3,2451,1049,1402,0,0,0,1.0,1,1.0,1,1.0,1,0.22578118322532337,52
1309,2,2453,1050,1403,0,0,0,1.0,1,1.0,1,1.0,1,0.24080945595341016,54
1310,2,2455,1051,1404,0,0,0,1.0,1,1.0,1,1.0,1,0.25083957552120956,52
1311,1,2456,1052,1404,0,0,0,1.0,1,1.0,1,1.0,1,0.2568965533236561,51
1312,2,2458,1054,1404,0,0,0,1.0,1,1.0,1,1.0,1,0.27091479929666473,49
1313,0,2458,1054,1404,0,0,0,1.0,1,1.0,1,1.0,1,0.27680205931907764,47
1314,1,2459,1055,1404,0,0,0,1.0,1,1.0,1,1.0,1,0.2577790950280326,46
1315,2,2461,1055,1406,0,0,0,1.0,1,1.0,1,1.0,1,0.21925022630830232,45
1316,3,2464,1057,1407,0,0,0,1.0,1,1.0,1,1.0,1,0.20236333167058074,46
1317,2,2466,1057,1409,0,0,0,1.0,1,1.0,1,1.0,1,0.1818273808297549,45
1318,1,2467,1058,1409,0,0,0,1.0,1,1.0,1,1.0,1,0.21758794719645433,46
1319,2,2469,1059,1410,0,0,0,1.0,1,1.0,1,1.0,1,0.2017220553020383,46
1320,2,2471,1059,1412,0,0,0,1.0,1,1.0,1,1.0,1,0.20344246776690889,46
1321,1,2472,1059,1413,0,0,0,1.0,1,1.0,1,1.0,1,0.1515595397887979,48
1322,1,2473,1059,1414,0,0,0,1.0,1,1.0,1,1.0,1,0.1571629896846764,49
1323,0,2473,1059,1414,0,0,0,1.0,1,1.0,1,1.0,1,0.14626400322540611,49
1324,0,2473,1059,1414,0,0,0,1.0,1,1.0,1,1.0,1,0.16699572891916595,50
1325,0,2473,1059,1414,0,0,0,1.0,1,1.0,1,1.0,1,0.1693133183182893,49
1326,3,2476,1060,1416,0,0,0,1.0,1,1.0,1,1.0,1,0.2068970097887335,50
1327,2,2478,1061,1417,0,0,0,1.0,1,1.0,1,1.0,1,0.238330848727348,50
1328,0,2478,1061,1417,0,0,0,1.0,1,1.0,1,1.0,1,0.25614144307879066,49
1329,1,2479,1061,1418,0,0,0,1.0,1,1.0,1,1.0,1,0.23652698233251013,50
1330,1,2480,1062,1418,0,0,0,1.0,1,1.0,1,1.0,1,0.22738587158143478,50
1331,1,2481,1063,1418,0,0,0,1.0,1,1.0,1,1.0,1,0.2555437717076789,50
1332,2,2483,1065,1418,0,0,0,1.0,1,1.0,1,1.0,1,0.2470281293525667,51
1333,2,2485,1065,1420,0,0,0,1.0,1,1.0,1,1.0,1,0.23280801758879832,52
1334,2,2487,1066,1421,0,0,0,1.0,1,1.0,1,1.0,1,0.22787621345554654,54
1335,0,2487,1066,1421,0,0,0,1.0,1,1.0,1,1.0,1,0.22787621345554654,54
1336,3,2490,1066,1424,0,0,0,1.0,1,1.0,1,1.0,1,0.18886883459450488,56
1337,5,2495,1068,1427,0,0,0,1.0,1,1.0,1,1.0,1,0.2065809979227269,57
1338,1,2496,1068,1428,0,0,0,1.0,1,1.0,1,1.0,1,0.181539538115867,57
1339,3,2499,1071,1428,0,0,0,1.0,1,1.0,1,1.0,1,0.2526096676135543,58
1340,0,2499,1071,1428,0,0,0,1.0,1,1.0,1,1.0,1,0.265243384303639,59
1341,2,2501,1072,1429,0,0,0,1.0,1,1.0,1,1.0,1,0.2335350454668784,57
1342,6,2507,1075,1432,0,0,0,1.0,1,1.0,1,1.0,1,0.2287971529068585,57
1343,0,2507,1075,1432,0,0,0,1.0,1,1.0,1,1.0,1,0.21671351369024563,55
1344,3,2510,1078,1432,0,0,0,1.0,1,1.0,1,1.0,1,0.2547936618292578,54
1345,1,2511,1079,1432,0,0,0,1.0,1,1.0,1,1.0,1,0.2540948044341826,53
1346,1,2512,1079,1433,0,0,0,1.0,1,1.0,1,1.0,1,0.24493501697747544,53
1347,1,2513,1079,1434,0,0,0,1.0,1,1.0,1,1.0,1,0.22750033655780316,51
1348,2,2515,1081,1434,0,0,0,1.0,1,1.0,1,1.0,1,0.26929409610711874,52
1349,0,2515,1081,1434,0,0,0,1.0,1,1.0,1,1.0,1,0.2586096590680364,50
1350,1,2516,1082,1434,0,0,0,1.0,1,1.0,1,1.0,1,0.2726080654340221,51
1351,5,2521,1083,1438,0,0,0,1.0,1,1.0,1,1.0,1,0.22968699025508482,50
1352,1,2522,1084,1438,0,0,0,1.0,1,1.0,1,1.0,1,0.2128100860735511,50
1353,1,2523,1084,1439,0,0,0,1.0,1,1.0,1,1.0,1,0.1992215501520918,50
1354,1,2524,1084,1440,0,0,0,1.0,1,1.0,1,1.0,1,0.18136299366877284,51
1355,0,2524,1084,1440,0,0,0,1.0,1,1.0,1,1.0,1,0.17483968063156294,53
1356,2,2526,1086,1440,0,0,0,1.0,1,1.0,1,1.0,1,0.19045386440652004,52
1357,3,2529,1086,1443,0,0,0,1.0,1,1.0,1,1.0,1,0.1899591925700805,52
1358,2,2531,1087,1444,0,0,0,1.0,1,1.0,1,1.0,1,0.1845602452340098,53
1359,3,2534,1089,1445,0,0,0,1.0,1,1.0,1,1.0,1,0.22447980092078051,54
1360,3,2537,1090,1447,0,0,0,1.0,1,1.0,1,1.0,1,0.22553062850208497,55
1361,5,2542,1091,1451,0,0,0,1.0,1,1.0,1,1.0,1,0.23271356115317765,55
1362,6,2548,1091,1457,0,0,0,1.0,1,1.0,1,1.0,1,0.16688967556014406,56
1363,0,2548,1091,1457,0,0,0,1.0,1,1.0,1,1.0,1,0.16688967556014406,56
1364,0,2548,1091,1457,0,0,0,1.0,1,1.0,1,1.0,1,0.15795849647946658,55
1365,0,2548,1091,1457,0,0,0,1.0,1,1.0,1,1.0,1,0.17203291138562282,56
1366,2,2550,1091,1459,0,0,0,1.0,1,1.0,1,1.0,1,0.16701323442243432,57
1367,0,2550,1091,1459,0,0,0,1.0,1,1.0,1,1.0,1,0.16701323442243432,57
1368,3,2553,1092,1461,0,0,0,1.0,1,1.0,1,1.0,1,0.18226294419225061,58
1369,2,2555,1094,1461,0,0,0,1.0,1,1.0,1,1.0,1,0.1936275152382279,59
1370,3,2558,1095,1463,0,0,0,1.0,1,1.0,1,1.0,1,0.17774055149359033,60
1371,1,2559,1096,1463,0,0,0,1.0,1,1.0,1,1.0,1,0.16045999179018736,59
1372,2,2561,1098,1463,0,0,0,1.0,1,1.0,1,1.0,1,0.18141498124077993,59
1373,2,2563,1099,1464,0,0,0,1.0,1,1.0,1,1.0,1,0.16561998014073173,59
1374,0,2563,1099,1464,0,0,0,1.0,1,1.0,1,1.0,1,0.16561998014073173,59
1375,1,2564,1099,1465,0,0,0,1.0,1,1.0,1,1.0,1,0.17628865034938332,62
1376,2,2566,1100,1466,0,0,0,1.0,1,1.0,1,1.0,1,0.18984239570076877,61
1377,5,2571,1102,1469,0,0,0,1.0,1,1.0,1,1.0,1,0.20864211864888402,63
1378,5,2576,1104,1472,0,0,0,1.0,1,1.0,1,1.0,1,0.2661908812613814,62
1379,8,2584,1106,1478,0,0,0,1.0,1,1.0,1,1.0,1,0.29141204174781893,61
1380,3,2587,1106,1481,0,0,0,1.0,1,1.0,1,1.0,1,0.2762689630172667,60
1381,6,2593,1107,1486,0,0,0,1.0,1,1.0,1,1.0,1,0.23657682046890163,58
1382,3,2596,1108,1488,0,0,0,1.0,1,1.0,1,1.0,1,0.26061863323579143,56
1383,3,2599,1108,1491,0,0,0,1.0,1,1.0,1,1.0,1,0.21385441821234458,57
1384,1,2600,1108,1492,0,0,0,1.0,1,1.0,1,1.0,1,0.189431523191488,55
1385,1,2601,1109,1492,0,0,0,1.0,1,1.0,1,1.0,1,0.23420272953604324,55
1386,1,2602,1110,1492,0,0,0,1.0,1,1.0,1,1.0,1,0.212749776331237,54
1387,1,2603,1111,1492,0,0,0,1.0,1,1.0,1,1.0,1,0.22584645453478747,53
1388,3,2606,1114,1492,0,0,0,1.0,1,1.0,1,1.0,1,0.27213297148129045,52
1389,1,2607,1115,1492,0,0,0,1.0,1,1.0,1,1.0,1,0.2964065228124148,52
1390,1,2608,1115,1493,0,0,0,1.0,1,1.0,1,1.0,1,0.3102944590631196,51
1391,2,2610,1115,1495,0,0,0,1.0,1,1.0,1,1.0,1,0.29882029742479926,52
1392,1,2611,1116,1495,0,0,0,1.0,1,1.0,1,1.0,1,0.2819518020986124,51
1393,1,2612,1117,1495,0,0,0,1.0,1,1.0,1,1.0,1,0.29062793119885494,51
1394,1,2613,1117,1496,0,0,0,1.0,1,1.0,1,1.0,1,0.3144255581895188,52
1395,2,2615,1117,1498,0,0,0,1.0,1,1.0,1,1.0,1,0.3144255581895188,52
1396,9,2624,1118,1506,0,0,0,1.0,1,1.0,1,1.0,1,0.15531694765843648,53
1397,0,2624,1118,1506,0,0,0,1.0,1,1.0,1,1.0,1,0.1608713708113854,56
1398,1,2625,1119,1506,0,0,0,1.0,1,1.0,1,1.0,1,0.17775938179078787,56
1399,2,2627,1119,1508,0,0,0,1.0,1,1.0,1,1.0,1,0.17983816140856643,57
1400,4,2631,1122,1509,0,0,0,1.0,1,1.0,1,1.0,1,0.19182397260112316,57
1401,3,2634,1122,1512,0,0,0,1.0,1,1.0,1,1.0,1,0.1553916720961366,57
1402,4,2638,1126,1512,0,0,0,1.0,1,1.0,1,1.0,1,0.17989693324781061,57
1403,0,2638,1126,1512,0,0,0,1.0,1,1.0,1,1.0,1,0.19391714294044146,56
1404,2,2640,1126,1514,0,0,0,1.0,1,1.0,1,1.0,1,0.1785353361174847,58
1405,2,2642,1126,1516,0,0,0,1.0,1,1.0,1,1.0,1,0.20313033768284694,58
1406,2,2644,1127,1517,0,0,0,1.0,1,1.0,1,1.0,1,0.18826354326063666,58
1407,1,2645,1127,1518,0,0,0,1.0,1,1.0,1,1.0,1,0.19915585418099466,57
1408,1,2646,1127,1519,0,0,0,1.0,1,1.0,1,1.0,1,0.21567388301417129,58
1409,2,2648,1127,1521,0,0,0,1.0,1,1.0,1,1.0,1,0.2183920316460513,57
1410,2,2650,1127,1523,0,0,0,1.0,1,1.0,1,1.0,1,0.20817929700747953,57
1411,1,2651,1128,1523,0,0,0,1.0,1,1.0,1,1.0,1,0.226501316919201,56
1412,0,2651,1128,1523,0,0,0,1.0,1,1.0,1,1.0,1,0.2340111843870359,55
1413,0,2651,1128,1523,0,0,0,1.0,1,1.0,1,1.0,1,0.23785719315329354,57
1414,1,2652,1128,1524,0,0,0,1.0,1,1.0,1,1.0,1,0.22488385571460992,57
1415,3,2655,1128,1527,0,0,0,1.0,1,1.0,1,1.0,1,0.19476527780755967,60
1416,4,2659,1128,1531,0,0,0,1.0,1,1.0,1,1.0,1,0.16253941215773832,61
1417,0,2659,1128,1531,0,0,0,1.0,1,1.0,1,1.0,1,0.1534877929163964,59
1418,1,2660,1128,1532,0,0,0,1.0,1,1.0,1,1.0,1,0.14088463057216882,60
1419,1,2661,1129,1532,0,0,0,1.0,1,1.0,1,1.0,1,0.15233083745719117,59
1420,2,2663,1130,1533,0,0,0,1.0,1,1.0,1,1.0,1,0.19237253777312982,58
1421,0,2663,1130,1533,0,0,0,1.0,1,1.0,1,1.0,1,0.1769106894242243,57
1422,1,2664,1131,1533,0,0,0,1.0,1,1.0,1,1.0,1,0.18274005696022913,57
1423,2,2666,1132,1534,0,0,0,1.0,1,1.0,1,1.0,1,0.17965872700499258,56
1424,1,2667,1133,1534,0,0,0,1.0,1,1.0,1,1.0,1,0.20005309578694758,57
1425,3,2670,1136,1534,0,0,0,1.0,1,1.0,1,1.0,1,0.24511906912912948,54
1426,6,2676,1138,1538,0,0,0,1.0,1,1.0,1,1.0,1,0.19709421063655613,54
1427,4,2680,1140,1540,0,0,0,1.0,1,1.0,1,1.0,1,0.2319206448184456,53
1428,0,2680,1140,1540,0,0,0,1.0,1,1.0,1,1.0,1,0.22414383103574437,52
1429,1,2681,1140,1541,0,0,0,1.0,1,1.0,1,1.0,1,0.20921042062145012,52
1430,2,2683,1142,1541,0,0,0,1.0,1,1.0,1,1.0,1,0.21726571355503796,51
1431,1,2684,1142,1542,0,0,0,1.0,1,1.0,1,1.0,1,0.19888732339839613,51
1432,4,2688,1145,1543,0,0,0,1.0,1,1.0,1,1.0,1,0.20883022092716702,52
1433,2,2690,1146,1544,0,0,0,1.0,1,1.0,1,1.0,1,0.2181068490420409,52
1434,2,2692,1148,1544,0,0,0,1.0,1,1.0,1,1.0,1,0.24232269178978214,52
1435,3,2695,1150,1545,0,0,0,1.0,1,1.0,1,1.0,1,0.25217533384805263,50
1436,2,2697,1152,1545,0,0,0,1.0,1,1.0,1,1.0,1,0.28684954698770293,50
1437,3,2700,1153,1547,0,0,0,1.0,1,1.0,1,1.0,1,0.31651582716371707,49
1438,1,2701,1154,1547,0,0,0,1.0,1,1.0,1,1.0,1,0.3330611754558396,49
1439,5,2706,1155,1551,0,0,0,1.0,1,1.0,1,1.0,1,0.31569906356028593,50
1440,2,2708,1157,1551,0,0,0,1.0,1,1.0,1,1.0,1,0.32269980932180214,50
1441,5,2713,1158,1555,0,0,0,1.0,1,1.0,1,1.0,1,0.2708106006297277,51
1442,3,2716,1158,1558,0,0,0,1.0,1,1.0,1,1.0,1,0.24493793309911804,50
1443,2,2718,1158,1560,0,0,0,1.0,1,1.0,1,1.0,1,0.2395986370001373,51
1444,2,2720,1158,1562,0,0,0,1.0,1,1.0,1,1.0,1,0.2395986370001373,51
1445,2,2722,1159,1563,0,0,0,1.0,1,1.0,1,1.0,1,0.2515279316007502,51
1446,1,2723,1159,1564,0,0,0,1.0,1,1.0,1,1.0,1,0.26097683193936216,51
1447,1,2724,1159,1565,0,0,0,1.0,1,1.0,1,1.0,1,0.24765693623716165,51
1448,2,2726,1160,1566,0,0,0,1.0,1,1.0,1,1.0,1,0.24852497324766734,51
1449,1,2727,1160,1567,0,0,0,1.0,1,1.0,1,1.0,1,0.23338868157604473,51
1450,2,2729,1160,1569,0,0,0,1.0,1,1.0,1,1.0,1,0.22500981893657088,52
1451,3,2732,1161,1571,0,0,0,1.0,1,1.0,1,1.0,1,0.2286001705108111,54
1452,1,2733,1161,1572,0,0,0,1.0,1,1.0,1,1.0,1,0.24522031535389813,56
1453,4,2737,1162,1575,0,0,0,1.0,1,1.0,1,1.0,1,0.24877119171118542,56
1454,7,2744,1163,1581,0,0,0,1.0,1,1.0,1,1.0,1,0.25224856148113006,58
1455,8,2752,1165,1587,0,0,0,1.0,1,1.0,1,1.0,1,0.2757332108016206,55
1456,3,2755,1165,1590,0,0,0,1.0,1,1.0,1,1.0,1,0.2616555811265637,56
1457,3,2758,1166,1592,0,0,0,1.0,1,1.0,1,1.0,1,0.30691757442041795,54
1458,1,2759,1167,1592,0,0,0,1.0,1,1.0,1,1.0,1,0.31999608024489073,52
1459,2,2761,1168,1593,0,0,0,1.0,1,1.0,1,1.0,1,0.3102291223680864,52
1460,0,2761,1168,1593,0,0,0,1.0,1,1.0,1,1.0,1,0.2950875079912367,50
1461,2,2763,1170,1593,0,0,0,1.0,1,1.0,1,1.0,1,0.27047715010108514,53
1462,3,2766,1173,1593,0,0,0,1.0,1,1.0,1,1.0,1,0.24057115866953704,51
1463,3,2769,1175,1594,0,0,0,1.0,1,1.0,1,1.0,1,0.24590281028756777,51
1464,4,2773,1178,1595,0,0,0,1.0,1,1.0,1,1.0,1,0.2664402527316658,51
1465,0,2773,1178,1595,0,0,0,1.0,1,1.0,1,1.0,1,0.2864097321744831,49
1466,5,2778,1181,1597,0,0,0,1.0,1,1.0,1,1.0,1,0.2990962727307677,49
1467,2,2780,1183,1597,0,0,0,1.0,1,1.0,1,1.0,1,0.3548111685040748,47
1468,0,2780,1183,1597,0,0,0,1.0,1,1.0,1,1.0,1,0.3347970222317553,48
1469,4,2784,1185,1599,0,0,0,1.0,1,1.0,1,1.0,1,0.3692425583187843,47
1470,1,2785,1186,1599,0,0,0,1.0,1,1.0,1,1.0,1,0.36338207214565127,49
1471,11,2796,1186,1610,0,0,0,1.0,1,1.0,1,1.0,1,0.19949540372566257,48
1472,1,2797,1186,1611,0,0,0,1.0,1,1.0,1,1.0,1,0.18050599683511254,48
1473,0,2797,1186,1611,0,0,0,1.0,1,1.0,1,1.0,1,0.19098510326482848,49
1474,0,2797,1186,1611,0,0,0,1.0,1,1.0,1,1.0,1,0.19098510326482848,49
1475,2,2799,1186,1613,0,0,0,1.0,1,1.0,1,1.0,1,0.1799211463575236,49
1476,3,2802,1187,1615,0,0,0,1.0,1,1.0,1,1.0,1,0.17758565613404928,51
1477,1,2803,1187,1616,0,0,0,1.0,1,1.0,1,1.0,1,0.1881609928090389,51
1478,2,2805,1187,1618,0,0,0,1.0,1,1.0,1,1.0,1,0.17351798030632,52
1479,1,2806,1187,1619,0,0,0,1.0,1,1.0,1,1.0,1,0.17705667100812483,53
1480,2,2808,1188,1620,0,0,0,1.0,1,1.0,1,1.0,1,0.20323882993264916,53
1481,3,2811,1188,1623,0,0,0,1.0,1,1.0,1,1.0,1,0.21015288253347364,53
1482,3,2814,1189,1625,0,0,0,1.0,1,1.0,1,1.0,1,0.24898096139374237,52
1483,6,2820,1190,1630,0,0,0,1.0,1,1.0,1,1.0,1,0.2347436739911566,52
1484,7,2827,1190,1637,0,0,0,1.0,1,1.0,1,1.0,1,0.26422946270603503,53
1485,2,2829,1190,1639,0,0,0,1.0,1,1.0,1,1.0,1,0.2445335156077745,53
1486,10,2839,1190,1649,0,0,0,1.0,1,1.0,1,1.0,1,0.1829722798808538,54
1487,4,2843,1191,1652,0,0,0,1.0,1,1.0,1,1.0,1,0.19127628123361745,55
1488,4,2847,1191,1656,0,0,0,1.0,1,1.0,1,1.0,1,0.2095625241123689,57
1489,5,2852,1193,1659,0,0,0,1.0,1,1.0,1,1.0,1,0.21059209809319565,58
1490,2,2854,1193,1661,0,0,0,1.0,1,1.0,1,1.0,1,0.1994073593562146,58
1491,3,2857,1194,1663,0,0,0,1.0,1,1.0,1,1.0,1,0.21743943065755375,59
1492,6,2863,1194,1669,0,0,0,1.0,1,1.0,1,1.0,1,0.2024082819498002,59
1493,4,2867,1194,1673,0,0,0,1.0,1,1.0,1,1.0,1,0.18268642224058243,58
1494,4,2871,1195,1676,0,0,0,1.0,1,1.0,1,1.0,1,0.21409862103427835,58
1495,5,2876,1197,1679,0,0,0,1.0,1,1.0,1,1.0,1,0.27653735961365317,57
1496,5,2881,1197,1684,0,0,0,1.0,1,1.0,1,1.0,1,0.2586307180675075,59
1497,5,2886,1198,1688,0,0,0,1.0,1,1.0,1,1.0,1,0.25951221486256254,58
1498,5,2891,1199,1692,0,0,0,1.0,1,1.0,1,1.0,1,0.2887711296410528,58
1499,2,2893,1199,1694,0,0,0,1.0,1,1.0,1,1.0,1,0.2573067289824608,56
1500,3,2896,1200,1696,0,0,0,1.0,1,1.0,1,1.0,1,0.26261489638210694,57
1501,0,2896,1200,1696,0,0,0,1.0,1,1.0,1,1.0,1,0.2541667964402569,55
1502,2,2898,1202,1696,0,0,0,1.0,1,1.0,1,1.0,1,0.2828191487796162,55
1503,6,2904,1203,1701,0,0,0,1.0,1,1.0,1,1.0,1,0.21784454046241652,54
1504,2,2906,1205,1701,0,0,0,1.0,1,1.0,1,1.0,1,0.19978481939273293,55
1505,1,2907,1205,1702,0,0,0,1.0,1,1.0,1,1.0,1,0.18069209340069442,53
1506,4,2911,1207,1704,0,0,0,1.0,1,1.0,1,1.0,1,0.19438458152912633,55
1507,0,2911,1207,1704,0,0,0,1.0,1,1.0,1,1.0,1,0.20503316932219162,53
1508,4,2915,1210,1705,0,0,0,1.0,1,1.0,1,1.0,1,0.1837132048987721,53
1509,2,2917,1211,1706,0,0,0,1.0,1,1.0,1,1.0,1,0.18788770749286557,52
1510,3,2920,1213,1707,0,0,0,1.0,1,1.0,1,1.0,1,0.20698114297458683,50
1511,1,2921,1214,1707,0,0,0,1.0,1,1.0,1,1.0,1,0.22826069303777743,49
1512,1,2922,1215,1707,0,0,0,1.0,1,1.0,1,1.0,1,0.2532665701293934,48
1513,1,2923,1216,1707,0,0,0,1.0,1,1.0,1,1.0,1,0.3120497001605123,47
1514,1,2924,1217,1707,0,0,0,1.0,1,1.0,1,1.0,1,0.2933810334192581,48
1515,1,2925,1218,1707,0,0,0,1.0,1,1.0,1,1.0,1,0.314684268426622,48
1516,7,2932,1218,1714,0,0,0,1.0,1,1.0,1,1.0,1,0.15617817729358913,47
1517,2,2934,1218,1716,0,0,0,1.0,1,1.0,1,1.0,1,0.16820987954391442,48
1518,0,2934,1218,1716,0,0,0,1.0,1,1.0,1,1.0,1,0.16820987954391442,48
1519,0,2934,1218,1716,0,0,0,1.0,1,1.0,1,1.0,1,0.18422066993757275,47
1520,3,2937,1221,1716,0,0,0,1.0,1,1.0,1,1.0,1,0.23871897026577654,48
1521,1,2938,1221,1717,0,0,0,1.0,1,1.0,1,1.0,1,0.22055732203588752,49
1522,2,2940,1222,1718,0,0,0,1.0,1,1.0,1,1.0,1,0.23511872119309166,48
1523,5,2945,1222,1723,0,0,0,1.0,1,1.0,1,1.0,1,0.2618678259587199,49
1524,4,2949,1222,1727,0,0,0,1.0,1,1.0,1,1.0,1,0.24570857966466533,49
1525,5,2954,1222,1732,0,0,0,1.0,1,1.0,1,1.0,1,0.24897251194385658,51
1526,0,2954,1222,1732,0,0,0,1.0,1,1.0,1,1.0,1,0.243907050333139,52
1527,5,2959,1224,1735,0,0,0,1.0,1,1.0,1,1.0,1,0.2523816711393342,54
1528,4,2963,1224,1739,0,0,0,1.0,1,1.0,1,1.0,1,0.2519066520347958,54
1529,3,2966,1224,1742,0,0,0,1.0,1,1.0,1,1.0,1,0.287078784886683,54
1530,4,2970,1224,1746,0,0,0,1.0,1,1.0,1,1.0,1,0.3011220288950993,54
1531,7,2977,1224,1753,0,0,0,1.0,1,1.0,1,1.0,1,0.20798641505802687,54
1532,4,2981,1225,1756,0,0,0,1.0,1,1.0,1,1.0,1,0.1726037417162908,54
1533,2,2983,1225,1758,0,0,0,1.0,1,1.0,1,1.0,1,0.13819359548279764,54
1534,0,2983,1225,1758,0,0,0,1.0,1,1.0,1,1.0,1,0.13819359548279764,54
1535,0,2983,1225,1758,0,0,0,1.0,1,1.0,1,1.0,1,0.13819359548279764,54
1536,0,2983,1225,1758,0,0,0,1.0,1,1.0,1,1.0,1,0.14835095054055866,55
1537,0,2983,1225,1758,0,0,0,1.0,1,1.0,1,1.0,1,0.1732093317082849,53
1538,0,2983,1225,1758,0,0,0,1.0,1,1.0,1,1.0,1,0.185163637998807,54
1539,0,2983,1225,1758,0,0,0,1.0,1,1.0,1,1.0,1,0.21207452058109244,54
1540,1,2984,1226,1758,0,0,0,1.0,1,1.0,1,1.0,1,0.21878018281735284,54
1541,1,2985,1226,1759,0,0,0,1.0,1,1.0,1,1.0,1,0.21922727676190765,54
1542,9,2994,1228,1766,0,0,0,1.0,1,1.0,1,1.0,1,0.20771416785475327,57
1543,4,2998,1230,1768,0,0,0,1.0,1,1.0,1,1.0,1,0.21887464886352054,55
1544,3,3001,1233,1768,0,0,0,1.0,1,1.0,1,1.0,1,0.27051615082204195,54
1545,6,3007,1235,1772,0,0,0,1.0,1,1.0,1,1.0,1,0.23388399754352115,54
1546,7,3014,1238,1776,0,0,0,1.0,1,1.0,1,1.0,1,0.12785109135125491,53
1547,4,3018,1240,1778,0,0,0,1.0,1,1.0,1,1.0,1,0.12943041519855555,53
1548,5,3023,1242,1781,0,0,0,1.0,1,1.0,1,1.0,1,0.14066473531089296,54
1549,1,3024,1242,1782,0,0,0,1.0,1,1.0,1,1.0,1,0.11559314927756227,52
1550,3,3027,1244,1783,0,0,0,1.0,1,1.0,1,1.0,1,0.1433719138577729,52
1551,2,3029,1246,1783,0,0,0,1.0,1,1.0,1,1.0,1,0.1681523679869634,52
1552,5,3034,1250,1784,0,0,0,1.0,1,1.0,1,1.0,1,0.18362390826951355,51
1553,6,3040,1253,1787,0,0,0,1.0,1,1.0,1,1.0,1,0.2013835474766534,51
1554,9,3049,1258,1791,0,0,0,1.0,1,1.0,1,1.0,1,0.2006283818070952,51
1555,2,3051,1260,1791,0,0,0,1.0,1,1.0,1,1.0,1,0.2428803207340557,50
1556,3,3054,1262,1792,0,0,0,1.0,1,1.0,1,1.0,1,0.2635216644167341,51
1557,3,3057,1264,1793,0,0,0,1.0,1,1.0,1,1.0,1,0.28729644461846,51
1558,2,3059,1265,1794,0,0,0,1.0,1,1.0,1,1.0,1,0.295340455117162,52
1559,2,3061,1267,1794,0,0,0,1.0,1,1.0,1,1.0,1,0.2854978799653817,53
1560,1,3062,1268,1794,0,0,0,1.0,1,1.0,1,1.0,1,0.30878573926823016,51
1561,9,3071,1268,1803,0,0,0,1.0,1,1.0,1,1.0,1,0.16982806579881138,51
1562,1,3072,1268,1804,0,0,0,1.0,1,1.0,1,1.0,1,0.16483768486304293,52
1563,0,3072,1268,1804,0,0,0,1.0,1,1.0,1,1.0,1,0.16483768486304293,52
1564,1,3073,1268,1805,0,0,0,1.0,1,1.0,1,1.0,1,0.13520467091321034,51
1565,2,3075,1269,1806,0,0,0,1.0,1,1.0,1,1.0,1,0.15708460852517972,53
1566,0,3075,1269,1806,0,0,0,1.0,1,1.0,1,1.0,1,0.15939121861504257,53
1567,2,3077,1269,1808,0,0,0,1.0,1,1.0,1,1.0,1,0.1697426097949029,52
1568,0,3077,1269,1808,0,0,0,1.0,1,1.0,1,1.0,1,0.1697426097949029,52
1569,4,3081,1271,1810,0,0,0,1.0,1,1.0,1,1.0,1,0.16118527479505085,49
1570,1,3082,1272,1810,0,0,0,1.0,1,1.0,1,1.0,1,0.1674714681981386,48
1571,2,3084,1274,1810,0,0,0,1.0,1,1.0,1,1.0,1,0.16743946079700325,46
1572,4,3088,1277,1811,0,0,0,1.0,1,1.0,1,1.0,1,0.19739789072753944,47
1573,1,3089,1278,1811,0,0,0,1.0,1,1.0,1,1.0,1,0.22505108464668952,48
1574,3,3092,1280,1812,0,0,0,1.0,1,1.0,1,1.0,1,0.21195324655134745,46
1575,1,3093,1281,1812,0,0,0,1.0,1,1.0,1,1.0,1,0.22838823290581511,47
1576,4,3097,1283,1814,0,0,0,1.0,1,1.0,1,1.0,1,0.16961911028269522,46
1577,0,3097,1283,1814,0,0,0,1.0,1,1.0,1,1.0,1,0.17357505646900648,45
1578,0,3097,1283,1814,0,0,0,1.0,1,1.0,1,1.0,1,0.18367725683606467,44
1579,0,3097,1283,1814,0,0,0,1.0,1,1.0,1,1.0,1,0.1997989844573566,43
1580,0,3097,1283,1814,0,0,0,1.0,1,1.0,1,1.0,1,0.1997989844573566,43
1581,2,3099,1284,1815,0,0,0,1.0,1,1.0,1,1.0,1,0.21646276630400238,42
1582,0,3099,1284,1815,0,0,0,1.0,1,1.0,1,1.0,1,0.21646276630400238,42
1583,3,3102,1286,1816,0,0,0,1.0,1,1.0,1,1.0,1,0.23203850960764022,43
1584,1,3103,1287,1816,0,0,0,1.0,1,1.0,1,1.0,1,0.2403168512352786,41
1585,4,3107,1290,1817,0,0,0,1.0,1,1.0,1,1.0,1,0.2127031556863815,43
1586,1,3108,1291,1817,0,0,0,1.0,1,1.0,1,1.0,1,0.21231040193252765,42
1587,1,3109,1292,1817,0,0,0,1.0,1,1.0,1,1.0,1,0.25020480738527234,42
1588,5,3114,1296,1818,0,0,0,1.0,1,1.0,1,1.0,1,0.34099235345430956,42
1589,1,3115,1296,1819,0,0,0,1.0,1,1.0,1,1.0,1,0.29182326671968145,42
1590,1,3116,1296,1820,0,0,0,1.0,1,1.0,1,1.0,1,0.27179104564769896,41
1591,3,3119,1297,1822,0,0,0,1.0,1,1.0,1,1.0,1,0.22769290393324387,40
1592,1,3120,1297,1823,0,0,0,1.0,1,1.0,1,1.0,1,0.24486765252686343,39
1593,2,3122,1299,1823,0,0,0,1.0,1,1.0,1,1.0,1,0.25987184680218334,39
1594,0,3122,1299,1823,0,0,0,1.0,1,1.0,1,1.0,1,0.2513391788993202,39
1595,2,3124,1300,1824,0,0,0,1.0,1,1.0,1,1.0,1,0.26924318084680415,42
1596,0,3124,1300,1824,0,0,0,1.0,1,1.0,1,1.0,1,0.27993356808047826,41
1597,1,3125,1301,1824,0,0,0,1.0,1,1.0,1,1.0,1,0.3128710493843626,41
1598,2,3127,1301,1826,0,0,0,1.0,1,1.0,1,1.0,1,0.29367275799237125,39
1599,3,3130,1302,1828,0,0,0,1.0,1,1.0,1,1.0,1,0.2794171021879362,39
1600,2,3132,1303,1829,0,0,0,1.0,1,1.0,1,1.0,1,0.2975957185478899,40
1601,4,3136,1305,1831,0,0,0,1.0,1,1.0,1,1.0,1,0.3265445419981787,41
1602,1,3137,1305,1832,0,0,0,1.0,1,1.0,1,1.0,1,0.2745143327745422,41
1603,3,3140,1306,1834,0,0,0,1.0,1,1.0,1,1.0,1,0.33838187258735897,43
1604,3,3143,1307,1836,0,0,0,1.0,1,1.0,1,1.0,1,0.36239300288056836,43
1605,3,3146,1308,1838,0,0,0,1.0,1,1.0,1,1.0,1,0.34051493014510104,44
1606,9,3155,1310,1845,0,0,0,1.0,1,1.0,1,1.0,1,0.21143927512971938,44
1607,1,3156,1311,1845,0,0,0,1.0,1,1.0,1,1.0,1,0.20229269543500572,42
1608,2,3158,1313,1845,0,0,0,1.0,1,1.0,1,1.0,1,0.2376515465137463,41
1609,1,3159,1313,1846,0,0,0,1.0,1,1.0,1,1.0,1,0.19448955220745462,39
1610,0,3159,1313,1846,0,0,0,1.0,1,1.0,1,1.0,1,0.22292328777061624,39
1611,0,3159,1313,1846,0,0,0,1.0,1,1.0,1,1.0,1,0.2066792475323705,40
1612,1,3160,1313,1847,0,0,0,1.0,1,1.0,1,1.0,1,0.1433543510717879,39
1613,0,3160,1313,1847,0,0,0,1.0,1,1.0,1,1.0,1,0.18191313304365858,41
1614,3,3163,1313,1850,0,0,0,1.0,1,1.0,1,1.0,1,0.18806942598340526,41
1615,2,3165,1313,1852,0,0,0,1.0,1,1.0,1,1.0,1,0.18806942598340526,41
1616,1,3166,1313,1853,0,0,0,1.0,1,1.0,1,1.0,1,0.19749876156050009,43
1617,2,3168,1315,1853,0,0,0,1.0,1,1.0,1,1.0,1,0.24735100281134745,44
1618,5,3173,1316,1857,0,0,0,1.0,1,1.0,1,1.0,1,0.2787514437714365,44
1619,4,3177,1317,1860,0,0,0,1.0,1,1.0,1,1.0,1,0.30031219982474966,44
1620,6,3183,1318,1865,0,0,0,1.0,1,1.0,1,1.0,1,0.3190625204851083,45
1621,2,3185,1318,1867,0,0,0,1.0,1,1.0,1,1.0,1,0.30054544377181613,44
1622,1,3186,1319,1867,0,0,0,1.0,1,1.0,1,1.0,1,0.3107814566895941,44
1623,2,3188,1319,1869,0,0,0,1.0,1,1.0,1,1.0,1,0.3138577249026062,43
1624,1,3189,1320,1869,0,0,0,1.0,1,1.0,1,1.0,1,0.3066028966965956,43
1625,2,3191,1321,1870,0,0,0,1.0,1,1.0,1,1.0,1,0.2994960594671651,43
1626,2,3193,1322,1871,0,0,0,1.0,1,1.0,1,1.0,1,0.28859553002579946,42
1627,2,3195,1322,1873,0,0,0,1.0,1,1.0,1,1.0,1,0.25450210002528645,42
1628,1,3196,1323,1873,0,0,0,1.0,1,1.0,1,1.0,1,0.2912808825183841,42
1629,0,3196,1323,1873,0,0,0,1.0,1,1.0,1,1.0,1,0.28379533821509695,41
1630,3,3199,1325,1874,0,0,0,1.0,1,1.0,1,1.0,1,0.3071826046873134,41
1631,1,3200,1326,1874,0,0,0,1.0,1,1.0,1,1.0,1,0.3395037797426649,40
1632,1,3201,1326,1875,0,0,0,1.0,1,1.0,1,1.0,1,0.30967189356166896,39
1633,0,3201,1326,1875,0,0,0,1.0,1,1.0,1,1.0,1,0.30967189356166896,39
1634,0,3201,1326,1875,0,0,0,1.0,1,1.0,1,1.0,1,0.30967189356166896,39
1635,3,3204,1326,1878,0,0,0,1.0,1,1.0,1,1.0,1,0.278719403451571,40
1636,8,3212,1326,1886,0,0,0,1.0,1,1.0,1,1.0,1,0.15307208979839804,41
1637,0,3212,1326,1886,0,0,0,1.0,1,1.0,1,1.0,1,0.1810904768720437,41
1638,1,3213,1327,1886,0,0,0,1.0,1,1.0,1,1.0,1,0.22177175361533397,42
1639,3,3216,1327,1889,0,0,0,1.0,1,1.0,1,1.0,1,0.20460607970033529,43
1640,2,3218,1327,1891,0,0,0,1.0,1,1.0,1,1.0,1,0.2018357860880656,43
1641,4,3222,1327,1895,0,0,0,1.0,1,1.0,1,1.0,1,0.20488777993212098,44
1642,5,3227,1328,1899,0,0,0,1.0,1,1.0,1,1.0,1,0.2660476821583175,45
1643,8,3235,1330,1905,0,0,0,1.0,1,1.0,1,1.0,1,0.2115687335115085,44
1644,3,3238,1332,1906,0,0,0,1.0,1,1.0,1,1.0,1,0.2552668835141722,45
1645,1,3239,1332,1907,0,0,0,1.0,1,1.0,1,1.0,1,0.2518305390597344,44
1646,4,3243,1332,1911,0,0,0,1.0,1,1.0,1,1.0,1,0.23160981117664983,43
1647,2,3245,1333,1912,0,0,0,1.0,1,1.0,1,1.0,1,0.2491812763545023,43
1648,0,3245,1333,1912,0,0,0,1.0,1,1.0,1,1.0,1,0.2886282117269917,42
1649,3,3248,1333,1915,0,0,0,1.0,1,1.0,1,1.0,1,0.329621726161213,41
1650,1,3249,1333,1916,0,0,0,1.0,1,1.0,1,1.0,1,0.33368839270536654,41
1651,4,3253,1335,1918,0,0,0,1.0,1,1.0,1,1.0,1,0.30173220427937186,40
1652,1,3254,1335,1919,0,0,0,1.0,1,1.0,1,1.0,1,0.29215862594295716,39
1653,0,3254,1335,1919,0,0,0,1.0,1,1.0,1,1.0,1,0.32450618275696663,39
1654,0,3254,1335,1919,0,0,0,1.0,1,1.0,1,1.0,1,0.32450618275696663,39
1655,2,3256,1337,1919,0,0,0,1.0,1,1.0,1,1.0,1,0.3538696153636952,40
1656,3,3259,1337,1922,0,0,0,1.0,1,1.0,1,1.0,1,0.3125148610892997,40
1657,0,3259,1337,1922,0,0,0,1.0,1,1.0,1,1.0,1,0.3125148610892997,40
1658,1,3260,1337,1923,0,0,0,1.0,1,1.0,1,1.0,1,0.2772657968293325,40
1659,2,3262,1339,1923,0,0,0,1.0,1,1.0,1,1.0,1,0.30790779469124474,40
1660,4,3266,1339,1927,0,0,0,1.0,1,1.0,1,1.0,1,0.21198402495422514,41
1661,1,3267,1340,1927,0,0,0,1.0,1,1.0,1,1.0,1,0.231733696646514,42
1662,2,3269,1341,1928,0,0,0,1.0,1,1.0,1,1.0,1,0.2046062683097678,44
1663,1,3270,1342,1928,0,0,0,1.0,1,1.0,1,1.0,1,0.21793792172893664,43
1664,7,3277,1348,1929,0,0,0,1.0,1,1.0,1,1.0,1,0.2585126783486805,42
1665,0,3277,1348,1929,0,0,0,1.0,1,1.0,1,1.0,1,0.2625040439853501,42
1666,6,3283,1352,1931,0,0,0,1.0,1,1.0,1,1.0,1,0.2901446314550722,43
1667,3,3286,1355,1931,0,0,0,1.0,1,1.0,1,1.0,1,0.31850002622131063,40
1668,1,3287,1356,1931,0,0,0,1.0,1,1.0,1,1.0,1,0.30336247827277535,40
1669,1,3288,1357,1931,0,0,0,1.0,1,1.0,1,1.0,1,0.2707539934153554,40
1670,1,3289,1358,1931,0,0,0,1.0,1,1.0,1,1.0,1,0.2874115588057536,39
1671,2,3291,1359,1932,0,0,0,1.0,1,1.0,1,1.0,1,0.23250579741913338,39
1672,3,3294,1361,1933,0,0,0,1.0,1,1.0,1,1.0,1,0.22120019989587061,38
1673,0,3294,1361,1933,0,0,0,1.0,1,1.0,1,1.0,1,0.22120019989587061,38
1674,2,3296,1362,1934,0,0,0,1.0,1,1.0,1,1.0,1,0.18603156698485576,38
1675,2,3298,1363,1935,0,0,0,1.0,1,1.0,1,1.0,1,0.21912863488313872,39
1676,1,3299,1363,1936,0,0,0,1.0,1,1.0,1,1.0,1,0.2068116043253259,39
1677,0,3299,1363,1936,0,0,0,1.0,1,1.0,1,1.0,1,0.21372457289734206,40
1678,0,3299,1363,1936,0,0,0,1.0,1,1.0,1,1.0,1,0.20566254857825036,39
1679,0,3299,1363,1936,0,0,0,1.0,1,1.0,1,1.0,1,0.20566254857825036,39
1680,5,3304,1364,1940,0,0,0,1.0,1,1.0,1,1.0,1,0.20742184853180357,40
1681,0,3304,1364,1940,0,0,0,1.0,1,1.0,1,1.0,1,0.2125432902482033,41
1682,1,3305,1365,1940,0,0,0,1.0,1,1.0,1,1.0,1,0.21746957039059048,40
1683,1,3306,1366,1940,0,0,0,1.0,1,1.0,1,1.0,1,0.21637193293365567,43
1684,2,3308,1367,1941,0,0,0,1.0,1,1.0,1,1.0,1,0.19707524655824685,42
1685,1,3309,1368,1941,0,0,0,1.0,1,1.0,1,1.0,1,0.18326329258133425,41
1686,0,3309,1368,1941,0,0,0,1.0,1,1.0,1,1.0,1,0.21703559518835597,39
1687,6,3315,1372,1943,0,0,0,1.0,1,1.0,1,1.0,1,0.2126944960864235,41
1688,4,3319,1375,1944,0,0,0,1.0,1,1.0,1,1.0,1,0.25355939062901217,39
1689,4,3323,1377,1946,0,0,0,1.0,1,1.0,1,1.0,1,0.2825305723785793,37
1690,0,3323,1377,1946,0,0,0,1.0,1,1.0,1,1.0,1,0.31711919909865555,36
1691,5,3328,1379,1949,0,0,0,1.0,1,1.0,1,1.0,1,0.28585369360587676,36
1692,0,3328,1379,1949,0,0,0,1.0,1,1.0,1,1.0,1,0.26283468796159387,34
1693,1,3329,1380,1949,0,0,0,1.0,1,1.0,1,1.0,1,0.2704839187773244,33
1694,0,3329,1380,1949,0,0,0,1.0,1,1.0,1,1.0,1,0.2804204888291402,32
1695,0,3329,1380,1949,0,0,0,1.0,1,1.0,1,1.0,1,0.2782454160740566,32
1696,4,3333,1382,1951,0,0,0,1.0,1,1.0,1,1.0,1,0.24324222642587304,34
1697,1,3334,1382,1952,0,0,0,1.0,1,1.0,1,1.0,1,0.23936141053297263,34
1698,2,3336,1384,1952,0,0,0,1.0,1,1.0,1,1.0,1,0.2637634073108339,36
1699,1,3337,1385,1952,0,0,0,1.0,1,1.0,1,1.0,1,0.285745157410749,36
1700,4,3341,1386,1955,0,0,0,1.0,1,1.0,1,1.0,1,0.30482062994488457,37
1701,3,3344,1387,1957,0,0,0,1.0,1,1.0,1,1.0,1,0.29952720370895225,39
1702,1,3345,1388,1957,0,0,0,1.0,1,1.0,1,1.0,1,0.31639780028130016,39
1703,2,3347,1388,1959,0,0,0,1.0,1,1.0,1,1.0,1,0.3040046171285377,38
1704,2,3349,1390,1959,0,0,0,1.0,1,1.0,1,1.0,1,0.2955082625094824,38
1705,2,3351,1391,1960,0,0,0,1.0,1,1.0,1,1.0,1,0.2866108343318813,37
1706,1,3352,1392,1960,0,0,0,1.0,1,1.0,1,1.0,1,0.2997338591908243,37
1707,2,3354,1394,1960,0,0,0,1.0,1,1.0,1,1.0,1,0.327697817311715,36
1708,1,3355,1395,1960,0,0,0,1.0,1,1.0,1,1.0,1,0.29900850922450656,34
1709,3,3358,1397,1961,0,0,0,1.0,1,1.0,1,1.0,1,0.3034394027175245,34
1710,7,3365,1399,1966,0,0,0,1.0,1,1.0,1,1.0,1,0.2998224065964996,33
1711,2,3367,1400,1967,0,0,0,1.0,1,1.0,1,1.0,1,0.27031754627869725,32
1712,1,3368,1401,1967,0,0,0,1.0,1,1.0,1,1.0,1,0.3227574884150573,31
1713,1,3369,1401,1968,0,0,0,1.0,1,1.0,1,1.0,1,0.31141934028607454,32
1714,0,3369,1401,1968,0,0,0,1.0,1,1.0,1,1.0,1,0.31141934028607454,32
1715,0,3369,1401,1968,0,0,0,1.0,1,1.0,1,1.0,1,0.31141934028607454,32
1716,1,3370,1401,1969,0,0,0,1.0,1,1.0,1,1.0,1,0.3024307601697338,34
1717,0,3370,1401,1969,0,0,0,1.0,1,1.0,1,1.0,1,0.3024307601697338,34
1718,2,3372,1401,1971,0,0,0,1.0,1,1.0,1,1.0,1,0.2748289247340053,34
1719,1,3373,1402,1971,0,0,0,1.0,1,1.0,1,1.0,1,0.3025674221287808,34
1720,0,3373,1402,1971,0,0,0,1.0,1,1.0,1,1.0,1,0.2837643074153381,34
1721,1,3374,1403,1971,0,0,0,1.0,1,1.0,1,1.0,1,0.2643719175917778,35
1722,0,3374,1403,1971,0,0,0,1.0,1,1.0,1,1.0,1,0.23475802959766776,35
1723,0,3374,1403,1971,0,0,0,1.0,1,1.0,1,1.0,1,0.25317524422724164,34
1724,1,3375,1404,1971,0,0,0,1.0,1,1.0,1,1.0,1,0.18318261607933292,33
1725,1,3376,1405,1971,0,0,0,1.0,1,1.0,1,1.0,1,0.24947008788816638,35
1726,0,3376,1405,1971,0,0,0,1.0,1,1.0,1,1.0,1,0.2500168871553909,34
1727,1,3377,1406,1971,0,0,0,1.0,1,1.0,1,1.0,1,0.2924935711266419,34
1728,1,3378,1406,1972,0,0,0,1.0,1,1.0,1,1.0,1,0.27589193639457593,35
1729,1,3379,1407,1972,0,0,0,1.0,1,1.0,1,1.0,1,0.3135211788883046,35
1730,2,3381,1408,1973,0,0,0,1.0,1,1.0,1,1.0,1,0.2940130966213013,35
1731,1,3382,1409,1973,0,0,0,1.0,1,1.0,1,1.0,1,0.339175878451522,35
1732,1,3383,1409,1974,0,0,0,1.0,1,1.0,1,1.0,1,0.32904062855703164,35
1733,1,3384,1409,1975,0,0,0,1.0,1,1.0,1,1.0,1,0.32602529334869584,33
1734,2,3386,1411,1975,0,0,0,1.0,1,1.0,1,1.0,1,0.33117145133403764,34
1735,2,3388,1412,1976,0,0,0,1.0,1,1.0,1,1.0,1,0.33067681137415,33
1736,5,3393,1416,1977,0,0,0,1.0,1,1.0,1,1.0,1,0.2984463156886404,33
1737,1,3394,1416,1978,0,0,0,1.0,1,1.0,1,1.0,1,0.3030574739930361,35
1738,2,3396,1417,1979,0,0,0,1.0,1,1.0,1,1.0,1,0.26077156403398555,36
1739,4,3400,1419,1981,0,0,0,1.0,1,1.0,1,1.0,1,0.2785837496369824,36
1740,0,3400,1419,1981,0,0,0,1.0,1,1.0,1,1.0,1,0.2921342806608557,37
1741,5,3405,1419,1986,0,0,0,1.0,1,1.0,1,1.0,1,0.17555891845349966,36
1742,1,3406,1420,1986,0,0,0,1.0,1,1.0,1,1.0,1,0.1534680951270256,36
1743,1,3407,1421,1986,0,0,0,1.0,1,1.0,1,1.0,1,0.15626129252197563,37
1744,0,3407,1421,1986,0,0,0,1.0,1,1.0,1,1.0,1,0.17048819179330282,37
1745,6,3413,1425,1988,0,0,0,1.0,1,1.0,1,1.0,1,0.19830130243168542,38
1746,0,3413,1425,1988,0,0,0,1.0,1,1.0,1,1.0,1,0.1969751354984187,38
1747,1,3414,1426,1988,0,0,0,1.0,1,1.0,1,1.0,1,0.19442505582799474,37
1748,1,3415,1427,1988,0,0,0,1.0,1,1.0,1,1.0,1,0.17835771440720385,38
1749,0,3415,1427,1988,0,0,0,1.0,1,1.0,1,1.0,1,0.17835771440720385,38
1750,0,3415,1427,1988,0,0,0,1.0,1,1.0,1,1.0,1,0.19696061597293543,39
1751,0,3415,1427,1988,0,0,0,1.0,1,1.0,1,1.0,1,0.19097890158890693,41
1752,1,3416,1428,1988,0,0,0,1.0,1,1.0,1,1.0,1,0.18519983904063736,41
1753,2,3418,1429,1989,0,0,0,1.0,1,1.0,1,1.0,1,0.17910482879625553,41
1754,0,3418,1429,1989,0,0,0,1.0,1,1.0,1,1.0,1,0.17895856898998946,40
1755,1,3419,1430,1989,0,0,0,1.0,1,1.0,1,1.0,1,0.18060076220251378,41
1756,2,3421,1430,1991,0,0,0,1.0,1,1.0,1,1.0,1,0.17768438869314318,41
1757,0,3421,1430,1991,0,0,0,1.0,1,1.0,1,1.0,1,0.19636997944267914,40
1758,1,3422,1431,1991,0,0,0,1.0,1,1.0,1,1.0,1,0.22716437552232446,41
1759,1,3423,1432,1991,0,0,0,1.0,1,1.0,1,1.0,1,0.271485199295166,38
1760,3,3426,1433,1993,0,0,0,1.0,1,1.0,1,1.0,1,0.2863650032709311,38
1761,3,3429,1434,1995,0,0,0,1.0,1,1.0,1,1.0,1,0.28073737431079643,37
1762,2,3431,1435,1996,0,0,0,1.0,1,1.0,1,1.0,1,0.2792158517429229,37
1763,4,3435,1439,1996,0,0,0,1.0,1,1.0,1,1.0,1,0.3479947537721676,37
1764,2,3437,1440,1997,0,0,0,1.0,1,1.0,1,1.0,1,0.2964705673504308,36
1765,3,3440,1443,1997,0,0,0,1.0,1,1.0,1,1.0,1,0.33818508213886883,36
1766,3,3443,1444,1999,0,0,0,1.0,1,1.0,1,1.0,1,0.33590158295059575,37
1767,1,3444,1445,1999,0,0,0,1.0,1,1.0,1,1.0,1,0.3528626768666526,37
1768,2,3446,1446,2000,0,0,0,1.0,1,1.0,1,1.0,1,0.3114902553767038,37
1769,1,3447,1447,2000,0,0,0,1.0,1,1.0,1,1.0,1,0.292074566793682,38
1770,1,3448,1448,2000,0,0,0,1.0,1,1.0,1,1.0,1,0.31057209472610925,39
1771,2,3450,1448,2002,0,0,0,1.0,1,1.0,1,1.0,1,0.25586043445206785,39
1772,0,3450,1448,2002,0,0,0,1.0,1,1.0,1,1.0,1,0.25586043445206785,39
1773,1,3451,1449,2002,0,0,0,1.0,1,1.0,1,1.0,1,0.26562153473418104,41
1774,2,3453,1449,2004,0,0,0,1.0,1,1.0,1,1.0,1,0.20671156254003634,41
1775,1,3454,1449,2005,0,0,0,1.0,1,1.0,1,1.0,1,0.18690503824510038,42
1776,2,3456,1450,2006,0,0,0,1.0,1,1.0,1,1.0,1,0.2015039662986307,43
1777,0,3456,1450,2006,0,0,0,1.0,1,1.0,1,1.0,1,0.2015039662986307,43
1778,1,3457,1450,2007,0,0,0,1.0,1,1.0,1,1.0,1,0.19691130535585466,44
1779,1,3458,1450,2008,0,0,0,1.0,1,1.0,1,1.0,1,0.19335120928551697,46
1780,2,3460,1451,2009,0,0,0,1.0,1,1.0,1,1.0,1,0.19924710156304037,46
1781,0,3460,1451,2009,0,0,0,1.0,1,1.0,1,1.0,1,0.19924710156304037,46
1782,3,3463,1452,2011,0,0,0,1.0,1,1.0,1,1.0,1,0.240235185111085,46
1783,2,3465,1454,2011,0,0,0,1.0,1,1.0,1,1.0,1,0.25157620022244426,44
1784,4,3469,1455,2014,0,0,0,1.0,1,1.0,1,1.0,1,0.19659606386205952,45
1785,2,3471,1456,2015,0,0,0,1.0,1,1.0,1,1.0,1,0.20948732775100362,42
1786,4,3475,1459,2016,0,0,0,1.0,1,1.0,1,1.0,1,0.25507682612511934,43
1787,1,3476,1460,2016,0,0,0,1.0,1,1.0,1,1.0,1,0.2579491274047325,41
1788,2,3478,1460,2018,0,0,0,1.0,1,1.0,1,1.0,1,0.25494699217034184,41
1789,2,3480,1461,2019,0,0,0,1.0,1,1.0,1,1.0,1,0.2766502920839046,41
1790,0,3480,1461,2019,0,0,0,1.0,1,1.0,1,1.0,1,0.27724391190384295,41
1791,0,3480,1461,2019,0,0,0,1.0,1,1.0,1,1.0,1,0.2733566106843948,40
1792,2,3482,1463,2019,0,0,0,1.0,1,1.0,1,1.0,1,0.2624729152815729,40
1793,2,3484,1464,2020,0,0,0,1.0,1,1.0,1,1.0,1,0.2810699131564948,41
1794,1,3485,1465,2020,0,0,0,1.0,1,1.0,1,1.0,1,0.29628017154612446,41
1795,4,3489,1469,2020,0,0,0,1.0,1,1.0,1,1.0,1,0.3126062856985605,40
1796,3,3492,1471,2021,0,0,0,1.0,1,1.0,1,1.0,1,0.3192761218273398,40
1797,2,3494,1472,2022,0,0,0,1.0,1,1.0,1,1.0,1,0.3371294889251891,37
1798,1,3495,1473,2022,0,0,0,1.0,1,1.0,1,1.0,1,0.3611185743678782,37
1799,2,3497,1473,2024,0,0,0,1.0,1,1.0,1,1.0,1,0.3708894561966068,36
1800,1,3498,1473,2025,0,0,0,1.0,1,1.0,1,1.0,1,0.3416115327122533,36
1801,1,3499,1474,2025,0,0,0,1.0,1,1.0,1,1.0,1,0.35677213984644945,34
1802,1,3500,1474,2026,0,0,0,1.0,1,1.0,1,1.0,1,0.29012403106448226,33
1803,2,3502,1475,2027,0,0,0,1.0,1,1.0,1,1.0,1,0.24387288547233546,33
1804,1,3503,1476,2027,0,0,0,1.0,1,1.0,1,1.0,1,0.24999500743964923,33
1805,0,3503,1476,2027,0,0,0,1.0,1,1.0,1,1.0,1,0.25835660455206905,35
1806,4,3507,1478,2029,0,0,0,1.0,1,1.0,1,1.0,1,0.28812070597739226,35
1807,2,3509,1478,2031,0,0,0,1.0,1,1.0,1,1.0,1,0.26807820859271697,35
1808,2,3511,1479,2032,0,0,0,1.0,1,1.0,1,1.0,1,0.2698657368003273,36
1809,1,3512,1479,2033,0,0,0,1.0,1,1.0,1,1.0,1,0.2352190382241237,36
1810,0,3512,1479,2033,0,0,0,1.0,1,1.0,1,1.0,1,0.2526672612068472,35
1811,0,3512,1479,2033,0,0,0,1.0,1,1.0,1,1.0,1,0.2645634719630483,36
1812,3,3515,1480,2035,0,0,0,1.0,1,1.0,1,1.0,1,0.25077031917289244,36
1813,1,3516,1481,2035,0,0,0,1.0,1,1.0,1,1.0,1,0.25357684881583586,36
1814,0,3516,1481,2035,0,0,0,1.0,1,1.0,1,1.0,1,0.24983703178573946,34
1815,0,3516,1481,2035,0,0,0,1.0,1,1.0,1,1.0,1,0.2626173202153448,35
1816,3,3519,1482,2037,0,0,0,1.0,1,1.0,1,1.0,1,0.2779472110436746,34
1817,2,3521,1483,2038,0,0,0,1.0,1,1.0,1,1.0,1,0.2546363845077606,34
1818,1,3522,1484,2038,0,0,0,1.0,1,1.0,1,1.0,1,0.24852452445459128,34
1819,3,3525,1486,2039,0,0,0,1.0,1,1.0,1,1.0,1,0.2325307163006829,35
1820,0,3525,1486,2039,0,0,0,1.0,1,1.0,1,1.0,1,0.21346405953278688,36
1821,1,3526,1487,2039,0,0,0,1.0,1,1.0,1,1.0,1,0.2210392231037252,36
1822,3,3529,1490,2039,0,0,0,1.0,1,1.0,1,1.0,1,0.26845016014553336,37
1823,6,3535,1493,2042,0,0,0,1.0,1,1.0,1,1.0,1,0.30421134018024426,38
1824,2,3537,1495,2042,0,0,0,1.0,1,1.0,1,1.0,1,0.30300504098882736,37
1825,5,3542,1497,2045,0,0,0,1.0,1,1.0,1,1.0,1,0.3027574178715957,36
1826,0,3542,1497,2045,0,0,0,1.0,1,1.0,1,1.0,1,0.304587339416257,35
1827,2,3544,1498,2046,0,0,0,1.0,1,1.0,1,1.0,1,0.2781129833381319,35
1828,1,3545,1499,2046,0,0,0,1.0,1,1.0,1,1.0,1,0.2969855709181972,33
1829,1,3546,1499,2047,0,0,0,1.0,1,1.0,1,1.0,1,0.30751165050559326,32
1830,4,3550,1501,2049,0,0,0,1.0,1,1.0,1,1.0,1,0.3663857677787601,32
1831,2,3552,1501,2051,0,0,0,1.0,1,1.0,1,1.0,1,0.3273967094453873,30
1832,1,3553,1501,2052,0,0,0,1.0,1,1.0,1,1.0,1,0.29370956705385703,30
1833,2,3555,1501,2054,0,0,0,1.0,1,1.0,1,1.0,1,0.25610787715399413,29
1834,4,3559,1502,2057,0,0,0,1.0,1,1.0,1,1.0,1,0.21627456780550777,28
1835,2,3561,1503,2058,0,0,0,1.0,1,1.0,1,1.0,1,0.24581914622858303,28
1836,2,3563,1503,2060,0,0,0,1.0,1,1.0,1,1.0,1,0.2633812913251,29
1837,3,3566,1503,2063,0,0,0,1.0,1,1.0,1,1.0,1,0.3242851408475758,28
1838,2,3568,1504,2064,0,0,0,1.0,1,1.0,1,1.0,1,0.3309894444744979,28
1839,1,3569,1504,2065,0,0,0,1.0,1,1.0,1,1.0,1,0.4253834948800571,27
1840,1,3570,1504,2066,0,0,0,1.0,1,1.0,1,1.0,1,0.4604645740976011,26
1841,1,3571,1504,2067,0,0,0,1.0,1,1.0,1,1.0,1,0.4689477544551753,25
1842,4,3575,1505,2070,0,0,0,1.0,1,1.0,1,1.0,1,0.4508972982988234,26
1843,2,3577,1505,2072,0,0,0,1.0,1,1.0,1,1.0,1,0.4508972982988234,26
1844,2,3579,1506,2073,0,0,0,1.0,1,1.0,1,1.0,1,0.42096132212891946,26
1845,0,3579,1506,2073,0,0,0,1.0,1,1.0,1,1.0,1,0.42096132212891946,26
1846,4,3583,1508,2075,0,0,0,1.0,1,1.0,1,1.0,1,0.3651150275518802,26
1847,4,3587,1508,2079,0,0,0,1.0,1,1.0,1,1.0,1,0.24570525846674776,26
1848,0,3587,1508,2079,0,0,0,1.0,1,1.0,1,1.0,1,0.26990881582894116,27
1849,0,3587,1508,2079,0,0,0,1.0,1,1.0,1,1.0,1,0.26990881582894116,27
1850,1,3588,1508,2080,0,0,0,1.0,1,1.0,1,1.0,1,0.2547656949757242,28
1851,0,3588,1508,2080,0,0,0,1.0,1,1.0,1,1.0,1,0.2547656949757242,28
1852,0,3588,1508,2080,0,0,0,1.0,1,1.0,1,1.0,1,0.2547656949757242,28
1853,0,3588,1508,2080,0,0,0,1.0,1,1.0,1,1.0,1,0.26884337814439846,27
1854,0,3588,1508,2080,0,0,0,1.0,1,1.0,1,1.0,1,0.2774013828361,28
1855,0,3588,1508,2080,0,0,0,1.0,1,1.0,1,1.0,1,0.2774013828361,28
1856,0,3588,1508,2080,0,0,0,1.0,1,1.0,1,1.0,1,0.26880333090648306,30
1857,2,3590,1510,2080,0,0,0,1.0,1,1.0,1,1.0,1,0.31402489944455486,31
1858,4,3594,1513,2081,0,0,0,1.0,1,1.0,1,1.0,1,0.322541028230661,31
1859,1,3595,1513,2082,0,0,0,1.0,1,1.0,1,1.0,1,0.3146339698850397,31
1860,0,3595,1513,2082,0,0,0,1.0,1,1.0,1,1.0,1,0.3146339698850397,31
1861,1,3596,1514,2082,0,0,0,1.0,1,1.0,1,1.0,1,0.3369229559137635,31
1862,2,3598,1515,2083,0,0,0,1.0,1,1.0,1,1.0,1,0.3253156323300208,31
1863,0,3598,1515,2083,0,0,0,1.0,1,1.0,1,1.0,1,0.3352374779991944,31
1864,2,3600,1517,2083,0,0,0,1.0,1,1.0,1,1.0,1,0.3706371552497831,30
1865,0,3600,1517,2083,0,0,0,1.0,1,1.0,1,1.0,1,0.36992851810413235,27
1866,2,3602,1519,2083,0,0,0,1.0,1,1.0,1,1.0,1,0.4169116510251675,28
1867,1,3603,1520,2083,0,0,0,1.0,1,1.0,1,1.0,1,0.43020319308594895,26
1868,0,3603,1520,2083,0,0,0,1.0,1,1.0,1,1.0,1,0.43020319308594895,26
1869,0,3603,1520,2083,0,0,0,1.0,1,1.0,1,1.0,1,0.43981987730293465,25
1870,1,3604,1521,2083,0,0,0,1.0,1,1.0,1,1.0,1,0.41318240850078297,25
1871,0,3604,1521,2083,0,0,0,1.0,1,1.0,1,1.0,1,0.4275275253010314,26
1872,0,3604,1521,2083,0,0,0,1.0,1,1.0,1,1.0,1,0.41752632293574876,25
1873,0,3604,1521,2083,0,0,0,1.0,1,1.0,1,1.0,1,0.4643751849606428,23
1874,2,3606,1522,2084,0,0,0,1.0,1,1.0,1,1.0,1,0.3503576185965192,23
1875,1,3607,1522,2085,0,0,0,1.0,1,1.0,1,1.0,1,0.4117041153715783,21
1876,5,3612,1523,2089,0,0,0,1.0,1,1.0,1,1.0,1,0.2756122479055166,24
1877,2,3614,1524,2090,0,0,0,1.0,1,1.0,1,1.0,1,0.30108168320272466,24
1878,0,3614,1524,2090,0,0,0,1.0,1,1.0,1,1.0,1,0.2590774945738404,26
1879,0,3614,1524,2090,0,0,0,1.0,1,1.0,1,1.0,1,0.2590774945738404,26
1880,1,3615,1524,2091,0,0,0,1.0,1,1.0,1,1.0,1,0.21524016414453032,26
1881,1,3616,1525,2091,0,0,0,1.0,1,1.0,1,1.0,1,0.2385677767518772,26
1882,0,3616,1525,2091,0,0,0,1.0,1,1.0,1,1.0,1,0.24013478062070834,25
1883,0,3616,1525,2091,0,0,0,1.0,1,1.0,1,1.0,1,0.24013478062070834,25
1884,0,3616,1525,2091,0,0,0,1.0,1,1.0,1,1.0,1,0.24013478062070834,25
1885,0,3616,1525,2091,0,0,0,1.0,1,1.0,1,1.0,1,0.24013478062070834,25
1886,0,3616,1525,2091,0,0,0,1.0,1,1.0,1,1.0,1,0.2458443474573264,26
1887,0,3616,1525,2091,0,0,0,1.0,1,1.0,1,1.0,1,0.2458443474573264,26
1888,1,3617,1526,2091,0,0,0,1.0,1,1.0,1,1.0,1,0.3092537348979675,27
1889,0,3617,1526,2091,0,0,0,1.0,1,1.0,1,1.0,1,0.3250392890340343,28
1890,0,3617,1526,2091,0,0,0,1.0,1,1.0,1,1.0,1,0.3250392890340343,28
1891,2,3619,1526,2093,0,0,0,1.0,1,1.0,1,1.0,1,0.302404906287195,29
1892,0,3619,1526,2093,0,0,0,1.0,1,1.0,1,1.0,1,0.302404906287195,29
1893,0,3619,1526,2093,0,0,0,1.0,1,1.0,1,1.0,1,0.302404906287195,29
1894,0,3619,1526,2093,0,0,0,1.0,1,1.0,1,1.0,1,0.302404906287195,29
1895,2,3621,1527,2094,0,0,0,1.0,1,1.0,1,1.0,1,0.28729267915493467,31
1896,0,3621,1527,2094,0,0,0,1.0,1,1.0,1,1.0,1,0.28729267915493467,31
1897,0,3621,1527,2094,0,0,0,1.0,1,1.0,1,1.0,1,0.28729267915493467,31
1898,0,3621,1527,2094,0,0,0,1.0,1,1.0,1,1.0,1,0.28729267915493467,31
1899,2,3623,1527,2096,0,0,0,1.0,1,1.0,1,1.0,1,0.27467371715856065,32
1900,0,3623,1527,2096,0,0,0,1.0,1,1.0,1,1.0,1,0.27467371715856065,32
1901,0,3623,1527,2096,0,0,0,1.0,1,1.0,1,1.0,1,0.27467371715856065,32
1902,1,3624,1528,2096,0,0,0,1.0,1,1.0,1,1.0,1,0.29921550600946134,32
1903,0,3624,1528,2096,0,0,0,1.0,1,1.0,1,1.0,1,0.29921550600946134,32
1904,0,3624,1528,2096,0,0,0,1.0,1,1.0,1,1.0,1,0.27125333428395115,34
1905,0,3624,1528,2096,0,0,0,1.0,1,1.0,1,1.0,1,0.27125333428395115,34
1906,0,3624,1528,2096,0,0,0,1.0,1,1.0,1,1.0,1,0.2831165365246181,35
1907,1,3625,1529,2096,0,0,0,1.0,1,1.0,1,1.0,1,0.27175852298966524,36
1908,1,3626,1529,2097,0,0,0,1.0,1,1.0,1,1.0,1,0.24952314745881127,36
1909,1,3627,1529,2098,0,0,0,1.0,1,1.0,1,1.0,1,0.2539501382558976,37
1910,1,3628,1530,2098,0,0,0,1.0,1,1.0,1,1.0,1,0.2804559209047301,38
1911,1,3629,1530,2099,0,0,0,1.0,1,1.0,1,1.0,1,0.24729483109453812,37
1912,1,3630,1531,2099,0,0,0,1.0,1,1.0,1,1.0,1,0.24108188506128103,37
1913,1,3631,1532,2099,0,0,0,1.0,1,1.0,1,1.0,1,0.21677392980750934,36
1914,1,3632,1532,2100,0,0,0,1.0,1,1.0,1,1.0,1,0.24134021446115125,37
1915,1,3633,1533,2100,0,0,0,1.0,1,1.0,1,1.0,1,0.2702646977358909,37
1916,3,3636,1535,2101,0,0,0,1.0,1,1.0,1,1.0,1,0.23763877419922322,39
1917,3,3639,1536,2103,0,0,0,1.0,1,1.0,1,1.0,1,0.20419311465212958,38
1918,1,3640,1537,2103,0,0,0,1.0,1,1.0,1,1.0,1,0.21121069422121716,38
1919,1,3641,1538,2103,0,0,0,1.0,1,1.0,1,1.0,1,0.25368253240588423,38
1920,1,3642,1538,2104,0,0,0,1.0,1,1.0,1,1.0,1,0.26042413246812174,39
1921,1,3643,1538,2105,0,0,0,1.0,1,1.0,1,1.0,1,0.21213555677197846,38
1922,3,3646,1540,2106,0,0,0,1.0,1,1.0,1,1.0,1,0.1817351757823578,39
1923,3,3649,1543,2106,0,0,0,1.0,1,1.0,1,1.0,1,0.2514018016816811,40
1924,3,3652,1543,2109,0,0,0,1.0,1,1.0,1,1.0,1,0.2285574261265033,40
1925,1,3653,1543,2110,0,0,0,1.0,1,1.0,1,1.0,1,0.23699536601489646,40
1926,0,3653,1543,2110,0,0,0,1.0,1,1.0,1,1.0,1,0.23699536601489646,40
1927,0,3653,1543,2110,0,0,0,1.0,1,1.0,1,1.0,1,0.20878374409515138,41
1928,1,3654,1544,2110,0,0,0,1.0,1,1.0,1,1.0,1,0.22044679646036214,41
1929,0,3654,1544,2110,0,0,0,1.0,1,1.0,1,1.0,1,0.22560197378021482,40
1930,0,3654,1544,2110,0,0,0,1.0,1,1.0,1,1.0,1,0.22560197378021482,40
1931,1,3655,1544,2111,0,0,0,1.0,1,1.0,1,1.0,1,0.18290208821816595,40
1932,0,3655,1544,2111,0,0,0,1.0,1,1.0,1,1.0,1,0.18290208821816595,40
1933,0,3655,1544,2111,0,0,0,1.0,1,1.0,1,1.0,1,0.20479407932635382,42
1934,0,3655,1544,2111,0,0,0,1.0,1,1.0,1,1.0,1,0.21647130748484386,44
1935,1,3656,1544,2112,0,0,0,1.0,1,1.0,1,1.0,1,0.20330496791331096,44
1936,5,3661,1546,2115,0,0,0,1.0,1,1.0,1,1.0,1,0.14128120592944526,46
1937,1,3662,1547,2115,0,0,0,1.0,1,1.0,1,1.0,1,0.12370853599734208,47
1938,2,3664,1547,2117,0,0,0,1.0,1,1.0,1,1.0,1,0.10265709655664124,47
1939,0,3664,1547,2117,0,0,0,1.0,1,1.0,1,1.0,1,0.10265709655664124,47
1940,1,3665,1548,2117,0,0,0,1.0,1,1.0,1,1.0,1,0.12867557089527729,47
1941,2,3667,1550,2117,0,0,0,1.0,1,1.0,1,1.0,1,0.14399259566942188,47
1942,4,3671,1552,2119,0,0,0,1.0,1,1.0,1,1.0,1,0.22524669937533753,49
1943,3,3674,1554,2120,0,0,0,1.0,1,1.0,1,1.0,1,0.18915310002360533,47
1944,2,3676,1556,2120,0,0,0,1.0,1,1.0,1,1.0,1,0.24680984754139715,47
1945,4,3680,1559,2121,0,0,0,1.0,1,1.0,1,1.0,1,0.22779388833443545,45
1946,0,3680,1559,2121,0,0,0,1.0,1,1.0,1,1.0,1,0.25203732467591905,45
1947,5,3685,1562,2123,0,0,0,1.0,1,1.0,1,1.0,1,0.2662648590527816,45
1948,6,3691,1563,2128,0,0,0,1.0,1,1.0,1,1.0,1,0.2691874704682115,45
1949,4,3695,1565,2130,0,0,0,1.0,1,1.0,1,1.0,1,0.33851793948695713,42
1950,4,3699,1567,2132,0,0,0,1.0,1,1.0,1,1.0,1,0.3522552745418354,42
1951,6,3705,1568,2137,0,0,0,1.0,1,1.0,1,1.0,1,0.2568883319878824,38
1952,2,3707,1570,2137,0,0,0,1.0,1,1.0,1,1.0,1,0.2816689603744415,36
1953,1,3708,1570,2138,0,0,0,1.0,1,1.0,1,1.0,1,0.24266512000665771,35
1954,3,3711,1571,2140,0,0,0,1.0,1,1.0,1,1.0,1,0.2530511647011375,32
1955,1,3712,1571,2141,0,0,0,1.0,1,1.0,1,1.0,1,0.23535899753754194,33
1956,1,3713,1571,2142,0,0,0,1.0,1,1.0,1,1.0,1,0.2433964597838589,31
1957,1,3714,1572,2142,0,0,0,1.0,1,1.0,1,1.0,1,0.23702205386884379,33
1958,3,3717,1574,2143,0,0,0,1.0,1,1.0,1,1.0,1,0.1882508802080886,34
1959,0,3717,1574,2143,0,0,0,1.0,1,1.0,1,1.0,1,0.1640187559102418,35
1960,1,3718,1575,2143,0,0,0,1.0,1,1.0,1,1.0,1,0.1871977635630925,36
1961,0,3718,1575,2143,0,0,0,1.0,1,1.0,1,1.0,1,0.1761258339681717,36
1962,0,3718,1575,2143,0,0,0,1.0,1,1.0,1,1.0,1,0.20801374206882378,35
1963,1,3719,1575,2144,0,0,0,1.0,1,1.0,1,1.0,1,0.2040189216942995,36
1964,2,3721,1577,2144,0,0,0,1.0,1,1.0,1,1.0,1,0.20637969096578723,35
1965,0,3721,1577,2144,0,0,0,1.0,1,1.0,1,1.0,1,0.18527398341587964,36
1966,1,3722,1578,2144,0,0,0,1.0,1,1.0,1,1.0,1,0.17738216339528126,36
1967,1,3723,1579,2144,0,0,0,1.0,1,1.0,1,1.0,1,0.20201723226114954,36
1968,0,3723,1579,2144,0,0,0,1.0,1,1.0,1,1.0,1,0.21306436024764067,37
1969,1,3724,1580,2144,0,0,0,1.0,1,1.0,1,1.0,1,0.22868471848762376,37
1970,1,3725,1581,2144,0,0,0,1.0,1,1.0,1,1.0,1,0.2560169094897349,38
1971,0,3725,1581,2144,0,0,0,1.0,1,1.0,1,1.0,1,0.27639198423407046,37
1972,0,3725,1581,2144,0,0,0,1.0,1,1.0,1,1.0,1,0.27639198423407046,37
1973,2,3727,1582,2145,0,0,0,1.0,1,1.0,1,1.0,1,0.30127902011442037,37
1974,2,3729,1583,2146,0,0,0,1.0,1,1.0,1,1.0,1,0.3107294884474186,38
1975,1,3730,1583,2147,0,0,0,1.0,1,1.0,1,1.0,1,0.30486083297638766,37
1976,4,3734,1585,2149,0,0,0,1.0,1,1.0,1,1.0,1,0.3039435563950838,39
1977,2,3736,1586,2150,0,0,0,1.0,1,1.0,1,1.0,1,0.3115284962731949,42
1978,3,3739,1588,2151,0,0,0,1.0,1,1.0,1,1.0,1,0.31407093871254627,42
1979,1,3740,1588,2152,0,0,0,1.0,1,1.0,1,1.0,1,0.31707102987879854,42
1980,0,3740,1588,2152,0,0,0,1.0,1,1.0,1,1.0,1,0.3226727669389048,43
1981,3,3743,1588,2155,0,0,0,1.0,1,1.0,1,1.0,1,0.2651750988874329,44
1982,4,3747,1589,2158,0,0,0,1.0,1,1.0,1,1.0,1,0.21919311090184182,44
1983,1,3748,1590,2158,0,0,0,1.0,1,1.0,1,1.0,1,0.20591297376378612,44
1984,1,3749,1591,2158,0,0,0,1.0,1,1.0,1,1.0,1,0.22970405050816586,42
1985,2,3751,1593,2158,0,0,0,1.0,1,1.0,1,1.0,1,0.20037597121841522,41
1986,3,3754,1595,2159,0,0,0,1.0,1,1.0,1,1.0,1,0.20022470074819823,40
1987,2,3756,1597,2159,0,0,0,1.0,1,1.0,1,1.0,1,0.23657219068267435,37
1988,2,3758,1599,2159,0,0,0,1.0,1,1.0,1,1.0,1,0.34370810258834844,35
1989,3,3761,1601,2160,0,0,0,1.0,1,1.0,1,1.0,1,0.3935006252683843,32
1990,3,3764,1603,2161,0,0,0,1.0,1,1.0,1,1.0,1,0.4057575847970202,31
1991,1,3765,1604,2161,0,0,0,1.0,1,1.0,1,1.0,1,0.437905518571946,32
1992,0,3765,1604,2161,0,0,0,1.0,1,1.0,1,1.0,1,0.437905518571946,32
1993,0,3765,1604,2161,0,0,0,1.0,1,1.0,1,1.0,1,0.43119843090542037,32
1994,0,3765,1604,2161,0,0,0,1.0,1,1.0,1,1.0,1,0.4259702151048928,31
1995,1,3766,1604,2162,0,0,0,1.0,1,1.0,1,1.0,1,0.3818876579534549,32
1996,2,3768,1604,2164,0,0,0,1.0,1,1.0,1,1.0,1,0.3207623552292087,32
1997,2,3770,1604,2166,0,0,0,1.0,1,1.0,1,1.0,1,0.29442545382264895,31
1998,0,3770,1604,2166,0,0,0,1.0,1,1.0,1,1.0,1,0.28762223415862814,32
1999,0,3770,1604,2166,0,0,0,1.0,1,1.0,1,1.0,1,0.3253315788811785,31
2000,0,3770,1604,2166,0,0,0,1.0,1,1.0,1,1.0,1,0.33779025164336435,30
2001,1,3771,1604,2167,0,0,0,1.0,1,1.0,1,1.0,1,0.3367531377953387,29
2002,1,3772,1604,2168,0,0,0,1.0,1,1.0,1,1.0,1,0.34437334695820837,31
2003,2,3774,1605,2169,0,0,0,1.0,1,1.0,1,1.0,1,0.37367754149388027,33
2004,4,3778,1606,2172,0,0,0,1.0,1,1.0,1,1.0,1,0.33694921961375807,34
2005,3,3781,1606,2175,0,0,0,1.0,1,1.0,1,1.0,1,0.2910220075056759,35
2006,3,3784,1607,2177,0,0,0,1.0,1,1.0,1,1.0,1,0.2894066064469048,36
2007,0,3784,1607,2177,0,0,0,1.0,1,1.0,1,1.0,1,0.2894066064469048,36
2008,4,3788,1609,2179,0,0,0,1.0,1,1.0,1,1.0,1,0.28433128527467383,36
2009,0,3788,1609,2179,0,0,0,1.0,1,1.0,1,1.0,1,0.2661671106126289,37
2010,1,3789,1610,2179,0,0,0,1.0,1,1.0,1,1.0,1,0.28555220504166545,37
2011,2,3791,1610,2181,0,0,0,1.0,1,1.0,1,1.0,1,0.24632820812854359,37
2012,2,3793,1610,2183,0,0,0,1.0,1,1.0,1,1.0,1,0.1895319330276086,37
2013,1,3794,1610,2184,0,0,0,1.0,1,1.0,1,1.0,1,0.2071321939743707,39
2014,1,3795,1610,2185,0,0,0,1.0,1,1.0,1,1.0,1,0.21616788468776996,39
2015,0,3795,1610,2185,0,0,0,1.0,1,1.0,1,1.0,1,0.21616788468776996,39
2016,1,3796,1610,2186,0,0,0,1.0,1,1.0,1,1.0,1,0.18549435853976237,41
2017,1,3797,1610,2187,0,0,0,1.0,1,1.0,1,1.0,1,0.16399958953411548,41
2018,4,3801,1612,2189,0,0,0,1.0,1,1.0,1,1.0,1,0.18704918584848218,42
2019,0,3801,1612,2189,0,0,0,1.0,1,1.0,1,1.0,1,0.16780804105120378,43
2020,3,3804,1614,2190,0,0,0,1.0,1,1.0,1,1.0,1,0.179918302478484,43
2021,2,3806,1615,2191,0,0,0,1.0,1,1.0,1,1.0,1,0.15540998871388514,43
2022,0,3806,1615,2191,0,0,0,1.0,1,1.0,1,1.0,1,0.15839440047835432,44
2023,3,3809,1618,2191,0,0,0,1.0,1,1.0,1,1.0,1,0.21749613061601658,42
2024,2,3811,1619,2192,0,0,0,1.0,1,1.0,1,1.0,1,0.23305319700030852,41
2025,4,3815,1622,2193,0,0,0,1.0,1,1.0,1,1.0,1,0.25196532942439454,39
2026,2,3817,1623,2194,0,0,0,1.0,1,1.0,1,1.0,1,0.2484973549443349,39
2027,4,3821,1625,2196,0,0,0,1.0,1,1.0,1,1.0,1,0.31322236147138743,38
2028,2,3823,1625,2198,0,0,0,1.0,1,1.0,1,1.0,1,0.32469515839228613,37
2029,0,3823,1625,2198,0,0,0,1.0,1,1.0,1,1.0,1,0.3083995246785944,35
2030,0,3823,1625,2198,0,0,0,1.0,1,1.0,1,1.0,1,0.32374463904353135,32
2031,4,3827,1626,2201,0,0,0,1.0,1,1.0,1,1.0,1,0.27210717057431977,34
2032,1,3828,1627,2201,0,0,0,1.0,1,1.0,1,1.0,1,0.3124868980696373,35
2033,7,3835,1632,2203,0,0,0,1.0,1,1.0,1,1.0,1,0.2661426136846682,35
2034,0,3835,1632,2203,0,0,0,1.0,1,1.0,1,1.0,1,0.2863992272699039,35
2035,3,3838,1634,2204,0,0,0,1.0,1,1.0,1,1.0,1,0.2955803714377673,36
2036,0,3838,1634,2204,0,0,0,1.0,1,1.0,1,1.0,1,0.30516654684855815,35
2037,2,3840,1635,2205,0,0,0,1.0,1,1.0,1,1.0,1,0.3045577568909403,36
2038,1,3841,1636,2205,0,0,0,1.0,1,1.0,1,1.0,1,0.2990807144916032,38
2039,1,3842,1637,2205,0,0,0,1.0,1,1.0,1,1.0,1,0.31853052074685206,38
2040,0,3842,1637,2205,0,0,0,1.0,1,1.0,1,1.0,1,0.3012261875970981,37
2041,4,3846,1638,2208,0,0,0,1.0,1,1.0,1,1.0,1,0.2632611701816725,38
2042,1,3847,1638,2209,0,0,0,1.0,1,1.0,1,1.0,1,0.24033341523581575,38
2043,0,3847,1638,2209,0,0,0,1.0,1,1.0,1,1.0,1,0.24033341523581575,38
2044,0,3847,1638,2209,0,0,0,1.0,1,1.0,1,1.0,1,0.23196240953119146,39
2045,2,3849,1638,2211,0,0,0,1.0,1,1.0,1,1.0,1,0.21249142976993582,40
2046,2,3851,1638,2213,0,0,0,1.0,1,1.0,1,1.0,1,0.17632017676708875,41
2047,1,3852,1638,2214,0,0,0,1.0,1,1.0,1,1.0,1,0.15536132401622815,41
2048,1,3853,1638,2215,0,0,0,1.0,1,1.0,1,1.0,1,0.17970921889293728,43
2049,1,3854,1639,2215,0,0,0,1.0,1,1.0,1,1.0,1,0.1759490248694346,43
2050,1,3855,1639,2216,0,0,0,1.0,1,1.0,1,1.0,1,0.1509791593643727,43
2051,2,3857,1640,2217,0,0,0,1.0,1,1.0,1,1.0,1,0.19036731944227578,43
2052,0,3857,1640,2217,0,0,0,1.0,1,1.0,1,1.0,1,0.1886524672950738,44
2053,1,3858,1641,2217,0,0,0,1.0,1,1.0,1,1.0,1,0.2321755104293272,43
2054,1,3859,1642,2217,0,0,0,1.0,1,1.0,1,1.0,1,0.22104612935798484,44
2055,1,3860,1642,2218,0,0,0,1.0,1,1.0,1,1.0,1,0.23506327836381546,43
2056,5,3865,1643,2222,0,0,0,1.0,1,1.0,1,1.0,1,0.18362815677108132,44
2057,3,3868,1645,2223,0,0,0,1.0,1,1.0,1,1.0,1,0.17756641112882485,44
2058,2,3870,1647,2223,0,0,0,1.0,1,1.0,1,1.0,1,0.17836002295508582,44
2059,1,3871,1647,2224,0,0,0,1.0,1,1.0,1,1.0,1,0.16473036209793912,45
2060,0,3871,1647,2224,0,0,0,1.0,1,1.0,1,1.0,1,0.16494497198553892,46
2061,4,3875,1649,2226,0,0,0,1.0,1,1.0,1,1.0,1,0.18226967818956588,48
2062,1,3876,1650,2226,0,0,0,1.0,1,1.0,1,1.0,1,0.1875415611211628,48
2063,0,3876,1650,2226,0,0,0,1.0,1,1.0,1,1.0,1,0.18254381997405705,45
2064,2,3878,1652,2226,0,0,0,1.0,1,1.0,1,1.0,1,0.2362032945402322,44
2065,1,3879,1653,2226,0,0,0,1.0,1,1.0,1,1.0,1,0.22977972421441054,42
2066,5,3884,1658,2226,0,0,0,1.0,1,1.0,1,1.0,1,0.3664523934758615,42
2067,4,3888,1659,2229,0,0,0,1.0,1,1.0,1,1.0,1,0.30700663525500116,38
2068,0,3888,1659,2229,0,0,0,1.0,1,1.0,1,1.0,1,0.3157175515681458,37
2069,0,3888,1659,2229,0,0,0,1.0,1,1.0,1,1.0,1,0.3154444374317072,35
2070,1,3889,1660,2229,0,0,0,1.0,1,1.0,1,1.0,1,0.3311159924608306,35
2071,2,3891,1661,2230,0,0,0,1.0,1,1.0,1,1.0,1,0.3460209004086044,34
2072,6,3897,1662,2235,0,0,0,1.0,1,1.0,1,1.0,1,0.31725585135044276,35
2073,1,3898,1662,2236,0,0,0,1.0,1,1.0,1,1.0,1,0.30067837117639873,37
2074,0,3898,1662,2236,0,0,0,1.0,1,1.0,1,1.0,1,0.2850241213223023,36
2075,1,3899,1662,2237,0,0,0,1.0,1,1.0,1,1.0,1,0.2607659301009557,38
2076,0,3899,1662,2237,0,0,0,1.0,1,1.0,1,1.0,1,0.2451916809960772,37
2077,0,3899,1662,2237,0,0,0,1.0,1,1.0,1,1.0,1,0.2451916809960772,37
2078,0,3899,1662,2237,0,0,0,1.0,1,1.0,1,1.0,1,0.2451916809960772,37
2079,1,3900,1663,2237,0,0,0,1.0,1,1.0,1,1.0,1,0.24523078074289983,37
2080,1,3901,1663,2238,0,0,0,1.0,1,1.0,1,1.0,1,0.22136676185827325,36
2081,3,3904,1663,2241,0,0,0,1.0,1,1.0,1,1.0,1,0.21037217284419304,37
2082,3,3907,1665,2242,0,0,0,1.0,1,1.0,1,1.0,1,0.22153534408994047,38
2083,1,3908,1665,2243,0,0,0,1.0,1,1.0,1,1.0,1,0.21483622928726823,39
2084,2,3910,1666,2244,0,0,0,1.0,1,1.0,1,1.0,1,0.24227516310401512,41
2085,3,3913,1668,2245,0,0,0,1.0,1,1.0,1,1.0,1,0.30214206686798506,41
2086,4,3917,1668,2249,0,0,0,1.0,1,1.0,1,1.0,1,0.24237506622832727,44
2087,1,3918,1668,2250,0,0,0,1.0,1,1.0,1,1.0,1,0.22264247990243088,44
2088,0,3918,1668,2250,0,0,0,1.0,1,1.0,1,1.0,1,0.22246516468749256,45
2089,0,3918,1668,2250,0,0,0,1.0,1,1.0,1,1.0,1,0.21588311352338327,46
2090,0,3918,1668,2250,0,0,0,1.0,1,1.0,1,1.0,1,0.22885867667094015,47
2091,2,3920,1669,2251,0,0,0,1.0,1,1.0,1,1.0,1,0.19666896915365006,48
2092,3,3923,1672,2251,0,0,0,1.0,1,1.0,1,1.0,1,0.17812087923829617,48
2093,1,3924,1672,2252,0,0,0,1.0,1,1.0,1,1.0,1,0.15709232504861154,48
2094,0,3924,1672,2252,0,0,0,1.0,1,1.0,1,1.0,1,0.14940769811146848,47
2095,2,3926,1672,2254,0,0,0,1.0,1,1.0,1,1.0,1,0.13804020162367234,49
2096,1,3927,1673,2254,0,0,0,1.0,1,1.0,1,1.0,1,0.15950733018179894,50
2097,0,3927,1673,2254,0,0,0,1.0,1,1.0,1,1.0,1,0.15950733018179894,50
2098,0,3927,1673,2254,0,0,0,1.0,1,1.0,1,1.0,1,0.17750656827649555,51
2099,0,3927,1673,2254,0,0,0,1.0,1,1.0,1,1.0,1,0.18997223915373285,50
2100,2,3929,1675,2254,0,0,0,1.0,1,1.0,1,1.0,1,0.22635203498194265,49
2101,5,3934,1676,2258,0,0,0,1.0,1,1.0,1,1.0,1,0.21835221510679803,48
2102,4,3938,1679,2259,0,0,0,1.0,1,1.0,1,1.0,1,0.29047067822832334,49
2103,3,3941,1681,2260,0,0,0,1.0,1,1.0,1,1.0,1,0.2683124423909845,44
2104,2,3943,1683,2260,0,0,0,1.0,1,1.0,1,1.0,1,0.3515278584375987,42
2105,2,3945,1684,2261,0,0,0,1.0,1,1.0,1,1.0,1,0.35043326558702315,40
2106,2,3947,1685,2262,0,0,0,1.0,1,1.0,1,1.0,1,0.40037381661945143,39
2107,0,3947,1685,2262,0,0,0,1.0,1,1.0,1,1.0,1,0.3783888056090974,37
2108,2,3949,1686,2263,0,0,0,1.0,1,1.0,1,1.0,1,0.34554450931290376,37
2109,2,3951,1688,2263,0,0,0,1.0,1,1.0,1,1.0,1,0.3654201282782233,36
2110,0,3951,1688,2263,0,0,0,1.0,1,1.0,1,1.0,1,0.3696047169964043,35
2111,1,3952,1689,2263,0,0,0,1.0,1,1.0,1,1.0,1,0.34028691032347935,35
2112,0,3952,1689,2263,0,0,0,1.0,1,1.0,1,1.0,1,0.34028691032347935,35
2113,0,3952,1689,2263,0,0,0,1.0,1,1.0,1,1.0,1,0.34045586685314455,35
2114,2,3954,1691,2263,0,0,0,1.0,1,1.0,1,1.0,1,0.34348647828682455,36
2115,2,3956,1692,2264,0,0,0,1.0,1,1.0,1,1.0,1,0.3183809673581609,37
2116,6,3962,1694,2268,0,0,0,1.0,1,1.0,1,1.0,1,0.24665481225217226,39
2117,1,3963,1694,2269,0,0,0,1.0,1,1.0,1,1.0,1,0.2240131333909164,39
2118,0,3963,1694,2269,0,0,0,1.0,1,1.0,1,1.0,1,0.2363629083611819,41
2119,2,3965,1695,2270,0,0,0,1.0,1,1.0,1,1.0,1,0.20228739549038482,42
2120,1,3966,1695,2271,0,0,0,1.0,1,1.0,1,1.0,1,0.1812375206501133,42
2121,3,3969,1696,2273,0,0,0,1.0,1,1.0,1,1.0,1,0.12494534133810543,42
2122,2,3971,1697,2274,0,0,0,1.0,1,1.0,1,1.0,1,0.15864113939901284,43
2123,1,3972,1697,2275,0,0,0,1.0,1,1.0,1,1.0,1,0.16228739834188108,42
2124,0,3972,1697,2275,0,0,0,1.0,1,1.0,1,1.0,1,0.16228739834188108,42
2125,0,3972,1697,2275,0,0,0,1.0,1,1.0,1,1.0,1,0.17313718689439914,41
2126,0,3972,1697,2275,0,0,0,1.0,1,1.0,1,1.0,1,0.17313718689439914,41
2127,0,3972,1697,2275,0,0,0,1.0,1,1.0,1,1.0,1,0.17313718689439914,41
2128,0,3972,1697,2275,0,0,0,1.0,1,1.0,1,1.0,1,0.178896139431208,42
2129,0,3972,1697,2275,0,0,0,1.0,1,1.0,1,1.0,1,0.21217655255528775,43
2130,0,3972,1697,2275,0,0,0,1.0,1,1.0,1,1.0,1,0.21212041505979626,45
2131,5,3977,1699,2278,0,0,0,1.0,1,1.0,1,1.0,1,0.19610397202858695,44
2132,0,3977,1699,2278,0,0,0,1.0,1,1.0,1,1.0,1,0.19610397202858695,44
2133,1,3978,1699,2279,0,0,0,1.0,1,1.0,1,1.0,1,0.20062860910307295,45
2134,0,3978,1699,2279,0,0,0,1.0,1,1.0,1,1.0,1,0.20062860910307295,45
2135,1,3979,1699,2280,0,0,0,1.0,1,1.0,1,1.0,1,0.19411518429274685,46
2136,2,3981,1700,2281,0,0,0,1.0,1,1.0,1,1.0,1,0.1507010626434851,47
2137,3,3984,1702,2282,0,0,0,1.0,1,1.0,1,1.0,1,0.12864099892324918,47
2138,1,3985,1703,2282,0,0,0,1.0,1,1.0,1,1.0,1,0.1705238766270177,45
2139,1,3986,1703,2283,0,0,0,1.0,1,1.0,1,1.0,1,0.13911389009061056,45
2140,1,3987,1704,2283,0,0,0,1.0,1,1.0,1,1.0,1,0.17684968690696326,44
2141,1,3988,1705,2283,0,0,0,1.0,1,1.0,1,1.0,1,0.17981711021365965,45
2142,3,3991,1708,2283,0,0,0,1.0,1,1.0,1,1.0,1,0.21106099683340396,46
2143,1,3992,1709,2283,0,0,0,1.0,1,1.0,1,1.0,1,0.19472648874958257,46
2144,4,3996,1711,2285,0,0,0,1.0,1,1.0,1,1.0,1,0.19749925988164638,48
2145,6,4002,1716,2286,0,0,0,1.0,1,1.0,1,1.0,1,0.20983432051686776,46
2146,7,4009,1719,2290,0,0,0,1.0,1,1.0,1,1.0,1,0.13262091581849725,45
2147,3,4012,1722,2290,0,0,0,1.0,1,1.0,1,1.0,1,0.1399257522586205,44
2148,3,4015,1725,2290,0,0,0,1.0,1,1.0,1,1.0,1,0.20934532890682667,44
2149,3,4018,1727,2291,0,0,0,1.0,1,1.0,1,1.0,1,0.21463224566395012,42
2150,1,4019,1728,2291,0,0,0,1.0,1,1.0,1,1.0,1,0.16793548441941847,40
2151,1,4020,1729,2291,0,0,0,1.0,1,1.0,1,1.0,1,0.30713841876163905,39
2152,1,4021,1729,2292,0,0,0,1.0,1,1.0,1,1.0,1,0.30689106975382635,40
2153,1,4022,1729,2293,0,0,0,1.0,1,1.0,1,1.0,1,0.29871692292875285,42
2154,3,4025,1730,2295,0,0,0,1.0,1,1.0,1,1.0,1,0.32033061731778745,42
2155,2,4027,1732,2295,0,0,0,1.0,1,1.0,1,1.0,1,0.3217661222453802,41
2156,0,4027,1732,2295,0,0,0,1.0,1,1.0,1,1.0,1,0.33183361467411115,40
2157,1,4028,1733,2295,0,0,0,1.0,1,1.0,1,1.0,1,0.35932890265117245,40
2158,0,4028,1733,2295,0,0,0,1.0,1,1.0,1,1.0,1,0.39631647584590707,38
2159,0,4028,1733,2295,0,0,0,1.0,1,1.0,1,1.0,1,0.39262705071333154,38
2160,1,4029,1734,2295,0,0,0,1.0,1,1.0,1,1.0,1,0.37003655073871294,38
2161,5,4034,1736,2298,0,0,0,1.0,1,1.0,1,1.0,1,0.281574612523497,38
2162,4,4038,1737,2301,0,0,0,1.0,1,1.0,1,1.0,1,0.23919895809512287,38
2163,3,4041,1738,2303,0,0,0,1.0,1,1.0,1,1.0,1,0.18429015024858303,40
2164,1,4042,1739,2303,0,0,0,1.0,1,1.0,1,1.0,1,0.24961659518802656,41
2165,2,4044,1739,2305,0,0,0,1.0,1,1.0,1,1.0,1,0.2432475435735927,42
2166,0,4044,1739,2305,0,0,0,1.0,1,1.0,1,1.0,1,0.2432475435735927,42
2167,1,4045,1739,2306,0,0,0,1.0,1,1.0,1,1.0,1,0.19540353529783958,43
2168,0,4045,1739,2306,0,0,0,1.0,1,1.0,1,1.0,1,0.17257492069636954,43
2169,0,4045,1739,2306,0,0,0,1.0,1,1.0,1,1.0,1,0.20355778228090166,45
2170,1,4046,1740,2306,0,0,0,1.0,1,1.0,1,1.0,1,0.21053867717218966,46
2171,1,4047,1740,2307,0,0,0,1.0,1,1.0,1,1.0,1,0.19000458680253424,48
2172,1,4048,1740,2308,0,0,0,1.0,1,1.0,1,1.0,1,0.18390422554667307,49
2173,0,4048,1740,2308,0,0,0,1.0,1,1.0,1,1.0,1,0.18390422554667307,49
2174,2,4050,1741,2309,0,0,0,1.0,1,1.0,1,1.0,1,0.14492952806895476,49
2175,1,4051,1741,2310,0,0,0,1.0,1,1.0,1,1.0,1,0.12769387629504977,49
2176,3,4054,1743,2311,0,0,0,1.0,1,1.0,1,1.0,1,0.1561779284786786,51
2177,3,4057,1745,2312,0,0,0,1.0,1,1.0,1,1.0,1,0.17490099326368413,51
2178,0,4057,1745,2312,0,0,0,1.0,1,1.0,1,1.0,1,0.15636785675764414,50
2179,2,4059,1746,2313,0,0,0,1.0,1,1.0,1,1.0,1,0.11384489099236973,49
2180,1,4060,1747,2313,0,0,0,1.0,1,1.0,1,1.0,1,0.13868894807670734,47
2181,2,4062,1748,2314,0,0,0,1.0,1,1.0,1,1.0,1,0.14686333297274126,47
2182,5,4067,1751,2316,0,0,0,1.0,1,1.0,1,1.0,1,0.22489739317395693,45
2183,6,4073,1755,2318,0,0,0,1.0,1,1.0,1,1.0,1,0.27563079428909437,44
2184,4,4077,1756,2321,0,0,0,1.0,1,1.0,1,1.0,1,0.3024337156786956,43
2185,2,4079,1757,2322,0,0,0,1.0,1,1.0,1,1.0,1,0.30947447102347053,40
2186,3,4082,1760,2322,0,0,0,1.0,1,1.0,1,1.0,1,0.4082654931680761,38
2187,2,4084,1761,2323,0,0,0,1.0,1,1.0,1,1.0,1,0.37894629880274017,35
2188,3,4087,1763,2324,0,0,0,1.0,1,1.0,1,1.0,1,0.38733182662127263,34
2189,1,4088,1764,2324,0,0,0,1.0,1,1.0,1,1.0,1,0.37807658201305533,31
2190,2,4090,1766,2324,0,0,0,1.0,1,1.0,1,1.0,1,0.4127475320111717,29
2191,9,4099,1767,2332,0,0,0,1.0,1,1.0,1,1.0,1,0.19681071119406066,28
2192,2,4101,1769,2332,0,0,0,1.0,1,1.0,1,1.0,1,0.27642209522570765,29
2193,0,4101,1769,2332,0,0,0,1.0,1,1.0,1,1.0,1,0.3114976925318349,28
2194,0,4101,1769,2332,0,0,0,1.0,1,1.0,1,1.0,1,0.3209286889668186,27
2195,3,4104,1772,2332,0,0,0,1.0,1,1.0,1,1.0,1,0.387049655975509,27
2196,1,4105,1773,2332,0,0,0,1.0,1,1.0,1,1.0,1,0.43679213618556156,27
2197,0,4105,1773,2332,0,0,0,1.0,1,1.0,1,1.0,1,0.43679213618556156,27
2198,0,4105,1773,2332,0,0,0,1.0,1,1.0,1,1.0,1,0.41295007519126864,28
2199,1,4106,1774,2332,0,0,0,1.0,1,1.0,1,1.0,1,0.4115537936209205,29
2200,0,4106,1774,2332,0,0,0,1.0,1,1.0,1,1.0,1,0.4239606994019708,31
2201,2,4108,1776,2332,0,0,0,1.0,1,1.0,1,1.0,1,0.3640414363507906,32
2202,0,4108,1776,2332,0,0,0,1.0,1,1.0,1,1.0,1,0.3609163869339466,31
2203,1,4109,1776,2333,0,0,0,1.0,1,1.0,1,1.0,1,0.33642886772608144,32
2204,1,4110,1777,2333,0,0,0,1.0,1,1.0,1,1.0,1,0.3331370993875112,32
2205,2,4112,1778,2334,0,0,0,1.0,1,1.0,1,1.0,1,0.3072176586782712,33
2206,2,4114,1778,2336,0,0,0,1.0,1,1.0,1,1.0,1,0.28288626997743394,32
2207,1,4115,1778,2337,0,0,0,1.0,1,1.0,1,1.0,1,0.26261156073265357,33
2208,0,4115,1778,2337,0,0,0,1.0,1,1.0,1,1.0,1,0.23495333173443766,35
2209,5,4120,1779,2341,0,0,0,1.0,1,1.0,1,1.0,1,0.2128617187759364,36
2210,2,4122,1780,2342,0,0,0,1.0,1,1.0,1,1.0,1,0.23826256236722834,35
2211,0,4122,1780,2342,0,0,0,1.0,1,1.0,1,1.0,1,0.2532651303583653,36
2212,1,4123,1780,2343,0,0,0,1.0,1,1.0,1,1.0,1,0.2325639453256499,37
2213,4,4127,1782,2345,0,0,0,1.0,1,1.0,1,1.0,1,0.22449120606054282,37
2214,3,4130,1783,2347,0,0,0,1.0,1,1.0,1,1.0,1,0.23316510894269749,39
2215,2,4132,1785,2347,0,0,0,1.0,1,1.0,1,1.0,1,0.2891112239063266,36
2216,2,4134,1787,2347,0,0,0,1.0,1,1.0,1,1.0,1,0.33790814046482653,37
2217,1,4135,1787,2348,0,0,0,1.0,1,1.0,1,1.0,1,0.3007584390157947,35
2218,2,4137,1789,2348,0,0,0,1.0,1,1.0,1,1.0,1,0.35498694853195173,35
2219,1,4138,1789,2349,0,0,0,1.0,1,1.0,1,1.0,1,0.35152494963719594,33
2220,2,4140,1789,2351,0,0,0,1.0,1,1.0,1,1.0,1,0.2951217346137275,31
2221,3,4143,1790,2353,0,0,0,1.0,1,1.0,1,1.0,1,0.24159722962652289,31
2222,3,4146,1791,2355,0,0,0,1.0,1,1.0,1,1.0,1,0.22077636219682623,30
2223,1,4147,1792,2355,0,0,0,1.0,1,1.0,1,1.0,1,0.24573749397361905,28
2224,2,4149,1794,2355,0,0,0,1.0,1,1.0,1,1.0,1,0.3157636468077832,29
2225,2,4151,1796,2355,0,0,0,1.0,1,1.0,1,1.0,1,0.31747411118638214,28
2226,0,4151,1796,2355,0,0,0,1.0,1,1.0,1,1.0,1,0.3245046227720058,30
2227,1,4152,1797,2355,0,0,0,1.0,1,1.0,1,1.0,1,0.3437252895402202,28
2228,3,4155,1799,2356,0,0,0,1.0,1,1.0,1,1.0,1,0.36007795367576234,29
2229,0,4155,1799,2356,0,0,0,1.0,1,1.0,1,1.0,1,0.344298304096477,28
2230,0,4155,1799,2356,0,0,0,1.0,1,1.0,1,1.0,1,0.34529592311376417,28
2231,1,4156,1800,2356,0,0,0,1.0,1,1.0,1,1.0,1,0.37074326398671364,27
2232,1,4157,1800,2357,0,0,0,1.0,1,1.0,1,1.0,1,0.35816431366537427,27
2233,1,4158,1801,2357,0,0,0,1.0,1,1.0,1,1.0,1,0.379242174316699,28
2234,2,4160,1803,2357,0,0,0,1.0,1,1.0,1,1.0,1,0.33985679505154287,26
2235,0,4160,1803,2357,0,0,0,1.0,1,1.0,1,1.0,1,0.33985679505154287,26
2236,2,4162,1804,2358,0,0,0,1.0,1,1.0,1,1.0,1,0.28186980678161605,26
2237,3,4165,1807,2358,0,0,0,1.0,1,1.0,1,1.0,1,0.31590031651344586,26
2238,4,4169,1809,2360,0,0,0,1.0,1,1.0,1,1.0,1,0.2964418740627129,27
2239,3,4172,1810,2362,0,0,0,1.0,1,1.0,1,1.0,1,0.32391156002092253,28
2240,5,4177,1813,2364,0,0,0,1.0,1,1.0,1,1.0,1,0.3244348153699101,30
2241,3,4180,1814,2366,0,0,0,1.0,1,1.0,1,1.0,1,0.3057306131124763,29
2242,1,4181,1815,2366,0,0,0,1.0,1,1.0,1,1.0,1,0.30377871594884553,29
2243,1,4182,1816,2366,0,0,0,1.0,1,1.0,1,1.0,1,0.32339133544450094,29
2244,0,4182,1816,2366,0,0,0,1.0,1,1.0,1,1.0,1,0.32339133544450094,29
2245,2,4184,1816,2368,0,0,0,1.0,1,1.0,1,1.0,1,0.28642627792522063,30
2246,1,4185,1816,2369,0,0,0,1.0,1,1.0,1,1.0,1,0.2850682688560856,33
2247,2,4187,1816,2371,0,0,0,1.0,1,1.0,1,1.0,1,0.2815152103634866,34
2248,0,4187,1816,2371,0,0,0,1.0,1,1.0,1,1.0,1,0.2815152103634866,34
2249,0,4187,1816,2371,0,0,0,1.0,1,1.0,1,1.0,1,0.2572514113971556,35
2250,1,4188,1817,2371,0,0,0,1.0,1,1.0,1,1.0,1,0.26400310274570254,35
2251,1,4189,1817,2372,0,0,0,1.0,1,1.0,1,1.0,1,0.23780352602350696,36
2252,2,4191,1818,2373,0,0,0,1.0,1,1.0,1,1.0,1,0.23303599361831948,37
2253,1,4192,1819,2373,0,0,0,1.0,1,1.0,1,1.0,1,0.256406550502698,35
2254,0,4192,1819,2373,0,0,0,1.0,1,1.0,1,1.0,1,0.2641744857591449,33
2255,0,4192,1819,2373,0,0,0,1.0,1,1.0,1,1.0,1,0.2519726024604118,35
2256,3,4195,1822,2373,0,0,0,1.0,1,1.0,1,1.0,1,0.27794332806390526,34
2257,4,4199,1824,2375,0,0,0,1.0,1,1.0,1,1.0,1,0.24737205423108521,36
2258,0,4199,1824,2375,0,0,0,1.0,1,1.0,1,1.0,1,0.24114632519882903,35
2259,1,4200,1825,2375,0,0,0,1.0,1,1.0,1,1.0,1,0.23118523763588944,35
2260,0,4200,1825,2375,0,0,0,1.0,1,1.0,1,1.0,1,0.25454329288195215,33
2261,2,4202,1826,2376,0,0,0,1.0,1,1.0,1,1.0,1,0.2601611938728882,33
2262,2,4204,1828,2376,0,0,0,1.0,1,1.0,1,1.0,1,0.35125535527754653,32
2263,2,4206,1829,2377,0,0,0,1.0,1,1.0,1,1.0,1,0.3464428798542804,31
2264,2,4208,1831,2377,0,0,0,1.0,1,1.0,1,1.0,1,0.46591498411637483,30
2265,0,4208,1831,2377,0,0,0,1.0,1,1.0,1,1.0,1,0.42993076863866314,29
2266,3,4211,1832,2379,0,0,0,1.0,1,1.0,1,1.0,1,0.396619533569284,30
2267,2,4213,1833,2380,0,0,0,1.0,1,1.0,1,1.0,1,0.29675125973904704,29
2268,3,4216,1834,2382,0,0,0,1.0,1,1.0,1,1.0,1,0.21584128660984875,30
2269,4,4220,1837,2383,0,0,0,1.0,1,1.0,1,1.0,1,0.21273259731954933,31
2270,1,4221,1837,2384,0,0,0,1.0,1,1.0,1,1.0,1,0.19651121018701972,31
2271,5,4226,1840,2386,0,0,0,1.0,1,1.0,1,1.0,1,0.2143218412962729,31
2272,1,4227,1841,2386,0,0,0,1.0,1,1.0,1,1.0,1,0.24907552166841526,31
2273,1,4228,1842,2386,0,0,0,1.0,1,1.0,1,1.0,1,0.3387189894591151,30
2274,2,4230,1842,2388,0,0,0,1.0,1,1.0,1,1.0,1,0.24412240196102103,31
2275,1,4231,1843,2388,0,0,0,1.0,1,1.0,1,1.0,1,0.2577217036443298,32
2276,1,4232,1844,2388,0,0,0,1.0,1,1.0,1,1.0,1,0.283439138813574,31
2277,2,4234,1845,2389,0,0,0,1.0,1,1.0,1,1.0,1,0.2769248426685212,31
2278,0,4234,1845,2389,0,0,0,1.0,1,1.0,1,1.0,1,0.29013017673297026,32
2279,1,4235,1845,2390,0,0,0,1.0,1,1.0,1,1.0,1,0.27115129257140924,32
2280,0,4235,1845,2390,0,0,0,1.0,1,1.0,1,1.0,1,0.2763512937772537,33
2281,1,4236,1845,2391,0,0,0,1.0,1,1.0,1,1.0,1,0.2790694288055718,34
2282,1,4237,1845,2392,0,0,0,1.0,1,1.0,1,1.0,1,0.25421762354236604,34
2283,0,4237,1845,2392,0,0,0,1.0,1,1.0,1,1.0,1,0.25421762354236604,34
2284,0,4237,1845,2392,0,0,0,1.0,1,1.0,1,1.0,1,0.25421762354236604,34
2285,1,4238,1846,2392,0,0,0,1.0,1,1.0,1,1.0,1,0.2655417146607558,35
2286,0,4238,1846,2392,0,0,0,1.0,1,1.0,1,1.0,1,0.2936332676281626,34
2287,2,4240,1847,2393,0,0,0,1.0,1,1.0,1,1.0,1,0.23018967580042032,35
2288,0,4240,1847,2393,0,0,0,1.0,1,1.0,1,1.0,1,0.25092957039888497,35
2289,4,4244,1848,2396,0,0,0,1.0,1,1.0,1,1.0,1,0.18630550915911576,37
2290,2,4246,1848,2398,0,0,0,1.0,1,1.0,1,1.0,1,0.2227155301474102,37
2291,1,4247,1849,2398,0,0,0,1.0,1,1.0,1,1.0,1,0.24007234667612665,35
2292,1,4248,1850,2398,0,0,0,1.0,1,1.0,1,1.0,1,0.29824800108861205,35
2293,1,4249,1851,2398,0,0,0,1.0,1,1.0,1,1.0,1,0.29397289435493273,34
2294,0,4249,1851,2398,0,0,0,1.0,1,1.0,1,1.0,1,0.296108233016416,33
2295,2,4251,1852,2399,0,0,0,1.0,1,1.0,1,1.0,1,0.3203485419694201,34
2296,2,4253,1852,2401,0,0,0,1.0,1,1.0,1,1.0,1,0.3449770769976651,33
2297,0,4253,1852,2401,0,0,0,1.0,1,1.0,1,1.0,1,0.3633222765173972,32
2298,1,4254,1852,2402,0,0,0,1.0,1,1.0,1,1.0,1,0.3529360996798351,32
2299,0,4254,1852,2402,0,0,0,1.0,1,1.0,1,1.0,1,0.3370986798348108,33
2300,2,4256,1853,2403,0,0,0,1.0,1,1.0,1,1.0,1,0.31611387653830253,33
2301,2,4258,1855,2403,0,0,0,1.0,1,1.0,1,1.0,1,0.31011794082607674,33
2302,1,4259,1856,2403,0,0,0,1.0,1,1.0,1,1.0,1,0.30571654301299683,34
2303,5,4264,1860,2404,0,0,0,1.0,1,1.0,1,1.0,1,0.3387973458586076,34
2304,4,4268,1863,2405,0,0,0,1.0,1,1.0,1,1.0,1,0.3300771287178835,33
2305,2,4270,1864,2406,0,0,0,1.0,1,1.0,1,1.0,1,0.33681862737555046,33
2306,2,4272,1865,2407,0,0,0,1.0,1,1.0,1,1.0,1,0.3333195834952193,33
2307,3,4275,1865,2410,0,0,0,1.0,1,1.0,1,1.0,1,0.24310826464683244,35
2308,0,4275,1865,2410,0,0,0,1.0,1,1.0,1,1.0,1,0.2294909901250592,34
2309,1,4276,1866,2410,0,0,0,1.0,1,1.0,1,1.0,1,0.2699782608415947,34
2310,0,4276,1866,2410,0,0,0,1.0,1,1.0,1,1.0,1,0.26713743796932976,34
2311,2,4278,1867,2411,0,0,0,1.0,1,1.0,1,1.0,1,0.29240644747851124,35
2312,5,4283,1872,2411,0,0,0,1.0,1,1.0,1,1.0,1,0.35986554769370455,34
2313,1,4284,1873,2411,0,0,0,1.0,1,1.0,1,1.0,1,0.3344912513739254,35
2314,0,4284,1873,2411,0,0,0,1.0,1,1.0,1,1.0,1,0.35274498868721366,35
2315,1,4285,1873,2412,0,0,0,1.0,1,1.0,1,1.0,1,0.3465199223359395,34
2316,0,4285,1873,2412,0,0,0,1.0,1,1.0,1,1.0,1,0.3536915417012727,35
2317,0,4285,1873,2412,0,0,0,1.0,1,1.0,1,1.0,1,0.3838523094574714,32
2318,1,4286,1874,2412,0,0,0,1.0,1,1.0,1,1.0,1,0.4109224907959884,32
2319,1,4287,1875,2412,0,0,0,1.0,1,1.0,1,1.0,1,0.45420665346293926,32
2320,2,4289,1875,2414,0,0,0,1.0,1,1.0,1,1.0,1,0.4490491232349364,32
2321,3,4292,1875,2417,0,0,0,1.0,1,1.0,1,1.0,1,0.43580345695528905,33
2322,1,4293,1875,2418,0,0,0,1.0,1,1.0,1,1.0,1,0.4405999356166472,33
2323,0,4293,1875,2418,0,0,0,1.0,1,1.0,1,1.0,1,0.4405999356166472,33
2324,5,4298,1877,2421,0,0,0,1.0,1,1.0,1,1.0,1,0.445531843828867,34
2325,2,4300,1877,2423,0,0,0,1.0,1,1.0,1,1.0,1,0.43979572308430814,35
2326,6,4306,1878,2428,0,0,0,1.0,1,1.0,1,1.0,1,0.36071551326983,35
2327,0,4306,1878,2428,0,0,0,1.0,1,1.0,1,1.0,1,0.37781479683592684,36
2328,0,4306,1878,2428,0,0,0,1.0,1,1.0,1,1.0,1,0.38752813939595887,37
2329,1,4307,1878,2429,0,0,0,1.0,1,1.0,1,1.0,1,0.35535963605254145,37
2330,2,4309,1878,2431,0,0,0,1.0,1,1.0,1,1.0,1,0.292497047202238,38
2331,0,4309,1878,2431,0,0,0,1.0,1,1.0,1,1.0,1,0.293308746304547,40
2332,2,4311,1878,2433,0,0,0,1.0,1,1.0,1,1.0,1,0.2711615229481583,40
2333,0,4311,1878,2433,0,0,0,1.0,1,1.0,1,1.0,1,0.2817177688214465,41
2334,0,4311,1878,2433,0,0,0,1.0,1,1.0,1,1.0,1,0.2817177688214465,41
2335,0,4311,1878,2433,0,0,0,1.0,1,1.0,1,1.0,1,0.2817177688214465,41
2336,0,4311,1878,2433,0,0,0,1.0,1,1.0,1,1.0,1,0.2817177688214465,41
2337,1,4312,1878,2434,0,0,0,1.0,1,1.0,1,1.0,1,0.25536026125485384,42
2338,0,4312,1878,2434,0,0,0,1.0,1,1.0,1,1.0,1,0.2717973432526803,43
2339,0,4312,1878,2434,0,0,0,1.0,1,1.0,1,1.0,1,0.2717973432526803,43
2340,1,4313,1878,2435,0,0,0,1.0,1,1.0,1,1.0,1,0.26260366777770283,45
2341,4,4317,1878,2439,0,0,0,1.0,1,1.0,1,1.0,1,0.20549479700991186,45
2342,2,4319,1879,2440,0,0,0,1.0,1,1.0,1,1.0,1,0.21260635572361838,46
2343,2,4321,1880,2441,0,0,0,1.0,1,1.0,1,1.0,1,0.21161021125211235,45
2344,6,4327,1884,2443,0,0,0,1.0,1,1.0,1,1.0,1,0.23374739249253396,44
2345,0,4327,1884,2443,0,0,0,1.0,1,1.0,1,1.0,1,0.21455541481247437,44
2346,1,4328,1885,2443,0,0,0,1.0,1,1.0,1,1.0,1,0.24129351776849572,44
2347,4,4332,1887,2445,0,0,0,1.0,1,1.0,1,1.0,1,0.20954751027352542,44
2348,0,4332,1887,2445,0,0,0,1.0,1,1.0,1,1.0,1,0.20395545392587336,45
2349,3,4335,1887,2448,0,0,0,1.0,1,1.0,1,1.0,1,0.18276873833556034,46
2350,0,4335,1887,2448,0,0,0,1.0,1,1.0,1,1.0,1,0.19435532815741421,47
2351,0,4335,1887,2448,0,0,0,1.0,1,1.0,1,1.0,1,0.19435532815741421,47
2352,1,4336,1888,2448,0,0,0,1.0,1,1.0,1,1.0,1,0.22592326405744506,47
2353,1,4337,1888,2449,0,0,0,1.0,1,1.0,1,1.0,1,0.2064169207801586,46
2354,1,4338,1889,2449,0,0,0,1.0,1,1.0,1,1.0,1,0.2110100123796133,47
2355,5,4343,1890,2453,0,0,0,1.0,1,1.0,1,1.0,1,0.21147619868568188,47
2356,7,4350,1892,2458,0,0,0,1.0,1,1.0,1,1.0,1,0.10174373840848977,47
2357,3,4353,1892,2461,0,0,0,1.0,1,1.0,1,1.0,1,0.12060765687655349,47
2358,0,4353,1892,2461,0,0,0,1.0,1,1.0,1,1.0,1,0.12254510396365485,48
2359,0,4353,1892,2461,0,0,0,1.0,1,1.0,1,1.0,1,0.1621747869504737,49
2360,0,4353,1892,2461,0,0,0,1.0,1,1.0,1,1.0,1,0.1621747869504737,49
2361,0,4353,1892,2461,0,0,0,1.0,1,1.0,1,1.0,1,0.1784471060841243,50
2362,0,4353,1892,2461,0,0,0,1.0,1,1.0,1,1.0,1,0.18448695386886219,51
2363,0,4353,1892,2461,0,0,0,1.0,1,1.0,1,1.0,1,0.18448695386886219,51
2364,3,4356,1894,2462,0,0,0,1.0,1,1.0,1,1.0,1,0.196387242363333,52
2365,6,4362,1897,2465,0,0,0,1.0,1,1.0,1,1.0,1,0.20652502370861944,53
2366,4,4366,1898,2468,0,0,0,1.0,1,1.0,1,1.0,1,0.17016583697502333,54
2367,4,4370,1901,2469,0,0,0,1.0,1,1.0,1,1.0,1,0.14961035567141964,52
2368,6,4376,1906,2470,0,0,0,1.0,1,1.0,1,1.0,1,0.24337324952148828,51
2369,3,4379,1907,2472,0,0,0,1.0,1,1.0,1,1.0,1,0.21652742089369692,51
2370,3,4382,1910,2472,0,0,0,1.0,1,1.0,1,1.0,1,0.2312575374349218,52
2371,9,4391,1912,2479,0,0,0,1.0,1,1.0,1,1.0,1,0.14011334305399478,52
2372,1,4392,1913,2479,0,0,0,1.0,1,1.0,1,1.0,1,0.17466478308267355,49
2373,1,4393,1914,2479,0,0,0,1.0,1,1.0,1,1.0,1,0.1946653006331625,47
2374,0,4393,1914,2479,0,0,0,1.0,1,1.0,1,1.0,1,0.19221985244965714,45
2375,0,4393,1914,2479,0,0,0,1.0,1,1.0,1,1.0,1,0.212153918209368,45
2376,0,4393,1914,2479,0,0,0,1.0,1,1.0,1,1.0,1,0.21451898142797668,43
2377,2,4395,1916,2479,0,0,0,1.0,1,1.0,1,1.0,1,0.2410570801062441,44
2378,1,4396,1916,2480,0,0,0,1.0,1,1.0,1,1.0,1,0.20735722510528032,43
2379,0,4396,1916,2480,0,0,0,1.0,1,1.0,1,1.0,1,0.20735722510528032,43
2380,1,4397,1916,2481,0,0,0,1.0,1,1.0,1,1.0,1,0.2111158443489587,43
2381,2,4399,1918,2481,0,0,0,1.0,1,1.0,1,1.0,1,0.2062438766223594,44
2382,0,4399,1918,2481,0,0,0,1.0,1,1.0,1,1.0,1,0.2062438766223594,44
2383,3,4402,1920,2482,0,0,0,1.0,1,1.0,1,1.0,1,0.2412928196086787,45
2384,2,4404,1922,2482,0,0,0,1.0,1,1.0,1,1.0,1,0.282651538773017,45
2385,1,4405,1922,2483,0,0,0,1.0,1,1.0,1,1.0,1,0.2821791858886731,45
2386,7,4412,1926,2486,0,0,0,1.0,1,1.0,1,1.0,1,0.2476694842816744,46
2387,2,4414,1926,2488,0,0,0,1.0,1,1.0,1,1.0,1,0.20206099649145634,44
2388,1,4415,1927,2488,0,0,0,1.0,1,1.0,1,1.0,1,0.22676052016833267,44
2389,4,4419,1928,2491,0,0,0,1.0,1,1.0,1,1.0,1,0.21689132437683575,43
2390,3,4422,1930,2492,0,0,0,1.0,1,1.0,1,1.0,1,0.20057562806422732,44
2391,1,4423,1931,2492,0,0,0,1.0,1,1.0,1,1.0,1,0.21926041700571644,43
2392,2,4425,1932,2493,0,0,0,1.0,1,1.0,1,1.0,1,0.22182789483344445,44
2393,3,4428,1932,2496,0,0,0,1.0,1,1.0,1,1.0,1,0.18302627010707526,45
2394,2,4430,1933,2497,0,0,0,1.0,1,1.0,1,1.0,1,0.14140106822273832,44
2395,1,4431,1933,2498,0,0,0,1.0,1,1.0,1,1.0,1,0.1430689895023406,44
2396,1,4432,1934,2498,0,0,0,1.0,1,1.0,1,1.0,1,0.12257361562959916,45
2397,1,4433,1934,2499,0,0,0,1.0,1,1.0,1,1.0,1,0.15727662327990907,44
2398,3,4436,1935,2501,0,0,0,1.0,1,1.0,1,1.0,1,0.19636405914652988,44
2399,0,4436,1935,2501,0,0,0,1.0,1,1.0,1,1.0,1,0.2013290386015958,45
2400,0,4436,1935,2501,0,0,0,1.0,1,1.0,1,1.0,1,0.2013290386015958,45
2401,0,4436,1935,2501,0,0,0,1.0,1,1.0,1,1.0,1,0.19512515259255583,46
2402,4,4440,1936,2504,0,0,0,1.0,1,1.0,1,1.0,1,0.15335314578198989,47
2403,7,4447,1940,2507,0,0,0,1.0,1,1.0,1,1.0,1,0.14739535262185,48
2404,5,4452,1940,2512,0,0,0,1.0,1,1.0,1,1.0,1,0.11528582488529346,47
2405,2,4454,1941,2513,0,0,0,1.0,1,1.0,1,1.0,1,0.15637223941674946,45
2406,4,4458,1944,2514,0,0,0,1.0,1,1.0,1,1.0,1,0.12913796017553553,45
2407,4,4462,1945,2517,0,0,0,1.0,1,1.0,1,1.0,1,0.17095983486753905,42
2408,3,4465,1945,2520,0,0,0,1.0,1,1.0,1,1.0,1,0.2014185218719199,41
2409,1,4466,1946,2520,0,0,0,1.0,1,1.0,1,1.0,1,0.2191310658421545,41
2410,0,4466,1946,2520,0,0,0,1.0,1,1.0,1,1.0,1,0.23260540309727842,40
2411,3,4469,1948,2521,0,0,0,1.0,1,1.0,1,1.0,1,0.24487658081359737,40
2412,0,4469,1948,2521,0,0,0,1.0,1,1.0,1,1.0,1,0.2638580555072473,38
2413,4,4473,1951,2522,0,0,0,1.0,1,1.0,1,1.0,1,0.3172757759684701,38
2414,0,4473,1951,2522,0,0,0,1.0,1,1.0,1,1.0,1,0.32383631966922655,36
2415,1,4474,1952,2522,0,0,0,1.0,1,1.0,1,1.0,1,0.33412761554006665,36
2416,4,4478,1952,2526,0,0,0,1.0,1,1.0,1,1.0,1,0.23236447654914194,35
2417,0,4478,1952,2526,0,0,0,1.0,1,1.0,1,1.0,1,0.2933906075665806,33
2418,1,4479,1953,2526,0,0,0,1.0,1,1.0,1,1.0,1,0.27771837940339245,33
2419,3,4482,1954,2528,0,0,0,1.0,1,1.0,1,1.0,1,0.2727059534409074,33
2420,0,4482,1954,2528,0,0,0,1.0,1,1.0,1,1.0,1,0.22872196119736546,34
2421,2,4484,1955,2529,0,0,0,1.0,1,1.0,1,1.0,1,0.25964681898272646,34
2422,3,4487,1957,2530,0,0,0,1.0,1,1.0,1,1.0,1,0.25977138939343764,35
2423,4,4491,1960,2531,0,0,0,1.0,1,1.0,1,1.0,1,0.28889608972449254,36
2424,4,4495,1962,2533,0,0,0,1.0,1,1.0,1,1.0,1,0.18472995172511397,35
2425,2,4497,1963,2534,0,0,0,1.0,1,1.0,1,1.0,1,0.13420696312486632,33
2426,1,4498,1964,2534,0,0,0,1.0,1,1.0,1,1.0,1,0.15358569491840607,34
2427,1,4499,1964,2535,0,0,0,1.0,1,1.0,1,1.0,1,0.19155552687062685,34
2428,2,4501,1965,2536,0,0,0,1.0,1,1.0,1,1.0,1,0.20701568540671034,34
2429,2,4503,1966,2537,0,0,0,1.0,1,1.0,1,1.0,1,0.23261199060914947,34
2430,0,4503,1966,2537,0,0,0,1.0,1,1.0,1,1.0,1,0.25492315471265475,33
2431,4,4507,1968,2539,0,0,0,1.0,1,1.0,1,1.0,1,0.19391872991442327,33
2432,0,4507,1968,2539,0,0,0,1.0,1,1.0,1,1.0,1,0.23372946696889912,33
2433,0,4507,1968,2539,0,0,0,1.0,1,1.0,1,1.0,1,0.20961776015284977,34
2434,0,4507,1968,2539,0,0,0,1.0,1,1.0,1,1.0,1,0.20961776015284977,34
2435,1,4508,1968,2540,0,0,0,1.0,1,1.0,1,1.0,1,0.14675644474297656,34
2436,0,4508,1968,2540,0,0,0,1.0,1,1.0,1,1.0,1,0.16135295887316442,33
2437,0,4508,1968,2540,0,0,0,1.0,1,1.0,1,1.0,1,0.16135295887316442,33
2438,1,4509,1969,2540,0,0,0,1.0,1,1.0,1,1.0,1,0.17277403387318632,34
2439,0,4509,1969,2540,0,0,0,1.0,1,1.0,1,1.0,1,0.19412292720765909,35
2440,0,4509,1969,2540,0,0,0,1.0,1,1.0,1,1.0,1,0.19412292720765909,35
2441,3,4512,1972,2540,0,0,0,1.0,1,1.0,1,1.0,1,0.25180421174506706,35
2442,3,4515,1973,2542,0,0,0,1.0,1,1.0,1,1.0,1,0.2319063348099439,35
2443,4,4519,1976,2543,0,0,0,1.0,1,1.0,1,1.0,1,0.2669562745381473,35
2444,3,4522,1978,2544,0,0,0,1.0,1,1.0,1,1.0,1,0.274616394066359,34
2445,2,4524,1980,2544,0,0,0,1.0,1,1.0,1,1.0,1,0.3287410650289376,33
2446,4,4528,1981,2547,0,0,0,1.0,1,1.0,1,1.0,1,0.35855111270460377,30
2447,0,4528,1981,2547,0,0,0,1.0,1,1.0,1,1.0,1,0.33900053985493683,29
2448,2,4530,1983,2547,0,0,0,1.0,1,1.0,1,1.0,1,0.33243229354003245,27
2449,0,4530,1983,2547,0,0,0,1.0,1,1.0,1,1.0,1,0.3216771145925114,26
2450,3,4533,1985,2548,0,0,0,1.0,1,1.0,1,1.0,1,0.3010830332647779,28
2451,0,4533,1985,2548,0,0,0,1.0,1,1.0,1,1.0,1,0.3010830332647779,28
2452,1,4534,1986,2548,0,0,0,1.0,1,1.0,1,1.0,1,0.29093114332548137,29
2453,0,4534,1986,2548,0,0,0,1.0,1,1.0,1,1.0,1,0.3054290750664746,30
2454,1,4535,1986,2549,0,0,0,1.0,1,1.0,1,1.0,1,0.2998670986834662,32
2455,2,4537,1988,2549,0,0,0,1.0,1,1.0,1,1.0,1,0.29477174245113313,33
2456,1,4538,1988,2550,0,0,0,1.0,1,1.0,1,1.0,1,0.3006600766711107,34
2457,1,4539,1989,2550,0,0,0,1.0,1,1.0,1,1.0,1,0.32593802847039033,34
2458,5,4544,1992,2552,0,0,0,1.0,1,1.0,1,1.0,1,0.30422859705153266,36
2459,0,4544,1992,2552,0,0,0,1.0,1,1.0,1,1.0,1,0.30422859705153266,36
2460,2,4546,1994,2552,0,0,0,1.0,1,1.0,1,1.0,1,0.31824121575512276,37
2461,5,4551,1995,2556,0,0,0,1.0,1,1.0,1,1.0,1,0.21298137209803752,37
2462,2,4553,1997,2556,0,0,0,1.0,1,1.0,1,1.0,1,0.2897958183429678,38
2463,2,4555,1998,2557,0,0,0,1.0,1,1.0,1,1.0,1,0.2863459462887762,38
2464,2,4557,1999,2558,0,0,0,1.0,1,1.0,1,1.0,1,0.27114081443525007,37
2465,2,4559,2000,2559,0,0,0,1.0,1,1.0,1,1.0,1,0.24693881071060506,36
2466,3,4562,2002,2560,0,0,0,1.0,1,1.0,1,1.0,1,0.2769437031503618,36
2467,0,4562,2002,2560,0,0,0,1.0,1,1.0,1,1.0,1,0.2676801197613982,34
2468,1,4563,2003,2560,0,0,0,1.0,1,1.0,1,1.0,1,0.2870386411238874,33
2469,1,4564,2004,2560,0,0,0,1.0,1,1.0,1,1.0,1,0.2899991914641838,32
2470,3,4567,2006,2561,0,0,0,1.0,1,1.0,1,1.0,1,0.37092445147556924,33
2471,0,4567,2006,2561,0,0,0,1.0,1,1.0,1,1.0,1,0.3695522815088096,31
2472,0,4567,2006,2561,0,0,0,1.0,1,1.0,1,1.0,1,0.39344306137534885,32
2473,0,4567,2006,2561,0,0,0,1.0,1,1.0,1,1.0,1,0.3828524054442436,31
2474,1,4568,2007,2561,0,0,0,1.0,1,1.0,1,1.0,1,0.39355154705988654,33
2475,4,4572,2008,2564,0,0,0,1.0,1,1.0,1,1.0,1,0.3214612252432169,33
2476,4,4576,2009,2567,0,0,0,1.0,1,1.0,1,1.0,1,0.26030391281630233,33
2477,3,4579,2010,2569,0,0,0,1.0,1,1.0,1,1.0,1,0.23917979178278861,33
2478,1,4580,2010,2570,0,0,0,1.0,1,1.0,1,1.0,1,0.21369062147899032,33
2479,4,4584,2012,2572,0,0,0,1.0,1,1.0,1,1.0,1,0.22421995811254214,33
2480,1,4585,2012,2573,0,0,0,1.0,1,1.0,1,1.0,1,0.2597231768324738,34
2481,3,4588,2014,2574,0,0,0,1.0,1,1.0,1,1.0,1,0.29326796419121676,33
2482,1,4589,2014,2575,0,0,0,1.0,1,1.0,1,1.0,1,0.29039280999980216,34
2483,0,4589,2014,2575,0,0,0,1.0,1,1.0,1,1.0,1,0.2796607727975954,33
2484,1,4590,2015,2575,0,0,0,1.0,1,1.0,1,1.0,1,0.2654582897432619,32
2485,1,4591,2016,2575,0,0,0,1.0,1,1.0,1,1.0,1,0.3014442843412459,31
2486,2,4593,2018,2575,0,0,0,1.0,1,1.0,1,1.0,1,0.33652240076338097,29
2487,2,4595,2019,2576,0,0,0,1.0,1,1.0,1,1.0,1,0.29697071895171084,29
2488,1,4596,2020,2576,0,0,0,1.0,1,1.0,1,1.0,1,0.32732955350567694,30
2489,1,4597,2021,2576,0,0,0,1.0,1,1.0,1,1.0,1,0.283515688393251,29
2490,1,4598,2022,2576,0,0,0,1.0,1,1.0,1,1.0,1,0.33580642379270437,30
2491,2,4600,2022,2578,0,0,0,1.0,1,1.0,1,1.0,1,0.26271238182078455,30
2492,1,4601,2022,2579,0,0,0,1.0,1,1.0,1,1.0,1,0.21847122179494663,29
2493,0,4601,2022,2579,0,0,0,1.0,1,1.0,1,1.0,1,0.21847122179494663,29
2494,0,4601,2022,2579,0,0,0,1.0,1,1.0,1,1.0,1,0.25005819153939646,28
2495,1,4602,2023,2579,0,0,0,1.0,1,1.0,1,1.0,1,0.2811722643739107,29
2496,0,4602,2023,2579,0,0,0,1.0,1,1.0,1,1.0,1,0.2692223528109072,28
2497,0,4602,2023,2579,0,0,0,1.0,1,1.0,1,1.0,1,0.28926419063032177,28
2498,0,4602,2023,2579,0,0,0,1.0,1,1.0,1,1.0,1,0.3019369513268764,29
2499,1,4603,2023,2580,0,0,0,1.0,1,1.0,1,1.0,1,0.3029115474845087,30
2500,1,4604,2023,2581,0,0,0,1.0,1,1.0,1,1.0,1,0.2924348153254394,29
2501,5,4609,2026,2583,0,0,0,1.0,1,1.0,1,1.0,1,0.25856764547133265,33
2502,4,4613,2029,2584,0,0,0,1.0,1,1.0,1,1.0,1,0.31110339433302675,33
2503,2,4615,2031,2584,0,0,0,1.0,1,1.0,1,1.0,1,0.275130834281724,31
2504,5,4620,2035,2585,0,0,0,1.0,1,1.0,1,1.0,1,0.3140192943513499,31
2505,2,4622,2037,2585,0,0,0,1.0,1,1.0,1,1.0,1,0.2854919570434311,32
2506,4,4626,2039,2587,0,0,0,1.0,1,1.0,1,1.0,1,0.2156769037028829,31
2507,1,4627,2040,2587,0,0,0,1.0,1,1.0,1,1.0,1,0.19842976094310216,29
2508,2,4629,2042,2587,0,0,0,1.0,1,1.0,1,1.0,1,0.24440096725806565,31
2509,0,4629,2042,2587,0,0,0,1.0,1,1.0,1,1.0,1,0.22772801330379402,30
2510,1,4630,2043,2587,0,0,0,1.0,1,1.0,1,1.0,1,0.2522764162570832,31
2511,1,4631,2043,2588,0,0,0,1.0,1,1.0,1,1.0,1,0.211929435670268,32
2512,1,4632,2044,2588,0,0,0,1.0,1,1.0,1,1.0,1,0.2472842840847181,32
2513,3,4635,2045,2590,0,0,0,1.0,1,1.0,1,1.0,1,0.154826711563147,34
2514,0,4635,2045,2590,0,0,0,1.0,1,1.0,1,1.0,1,0.15016370491770356,35
2515,4,4639,2048,2591,0,0,0,1.0,1,1.0,1,1.0,1,0.15593349259950942,35
2516,1,4640,2049,2591,0,0,0,1.0,1,1.0,1,1.0,1,0.14364259404015992,34
2517,2,4642,2051,2591,0,0,0,1.0,1,1.0,1,1.0,1,0.2172034233205131,34
2518,4,4646,2053,2593,0,0,0,1.0,1,1.0,1,1.0,1,0.2853027306225772,33
2519,0,4646,2053,2593,0,0,0,1.0,1,1.0,1,1.0,1,0.25181465062952835,32
2520,1,4647,2054,2593,0,0,0,1.0,1,1.0,1,1.0,1,0.29146522708510425,31
2521,3,4650,2055,2595,0,0,0,1.0,1,1.0,1,1.0,1,0.19026969518484627,31
2522,0,4650,2055,2595,0,0,0,1.0,1,1.0,1,1.0,1,0.25214789455845393,30
2523,1,4651,2055,2596,0,0,0,1.0,1,1.0,1,1.0,1,0.24021757797821353,30
2524,0,4651,2055,2596,0,0,0,1.0,1,1.0,1,1.0,1,0.3329881364428169,29
2525,0,4651,2055,2596,0,0,0,1.0,1,1.0,1,1.0,1,0.3329881364428169,29
2526,0,4651,2055,2596,0,0,0,1.0,1,1.0,1,1.0,1,0.36658346597925934,27
2527,0,4651,2055,2596,0,0,0,1.0,1,1.0,1,1.0,1,0.35761723129557776,28
2528,0,4651,2055,2596,0,0,0,1.0,1,1.0,1,1.0,1,0.35761723129557776,28
2529,0,4651,2055,2596,0,0,0,1.0,1,1.0,1,1.0,1,0.35761723129557776,28
2530,0,4651,2055,2596,0,0,0,1.0,1,1.0,1,1.0,1,0.3699091782908088,29
2531,1,4652,2055,2597,0,0,0,1.0,1,1.0,1,1.0,1,0.36036187190364916,30
2532,0,4652,2055,2597,0,0,0,1.0,1,1.0,1,1.0,1,0.3624324409808722,31
2533,0,4652,2055,2597,0,0,0,1.0,1,1.0,1,1.0,1,0.3624324409808722,31
2534,0,4652,2055,2597,0,0,0,1.0,1,1.0,1,1.0,1,0.3624324409808722,31
2535,1,4653,2056,2597,0,0,0,1.0,1,1.0,1,1.0,1,0.4040293106871228,31
2536,3,4656,2057,2599,0,0,0,1.0,1,1.0,1,1.0,1,0.35497382852262976,32
2537,1,4657,2058,2599,0,0,0,1.0,1,1.0,1,1.0,1,0.3112799890142097,33
2538,1,4658,2058,2600,0,0,0,1.0,1,1.0,1,1.0,1,0.2892397501132031,35
2539,3,4661,2060,2601,0,0,0,1.0,1,1.0,1,1.0,1,0.27658090331714835,37
2540,3,4664,2062,2602,0,0,0,1.0,1,1.0,1,1.0,1,0.2726656212009834,38
2541,3,4667,2063,2604,0,0,0,1.0,1,1.0,1,1.0,1,0.2623018934500927,39
2542,5,4672,2066,2606,0,0,0,1.0,1,1.0,1,1.0,1,0.2840939733553439,38
2543,4,4676,2068,2608,0,0,0,1.0,1,1.0,1,1.0,1,0.29702956607824405,41
2544,2,4678,2070,2608,0,0,0,1.0,1,1.0,1,1.0,1,0.3121283972066112,39
2545,5,4683,2071,2612,0,0,0,1.0,1,1.0,1,1.0,1,0.32377648216916,40
2546,1,4684,2071,2613,0,0,0,1.0,1,1.0,1,1.0,1,0.2613909057229084,38
2547,1,4685,2072,2613,0,0,0,1.0,1,1.0,1,1.0,1,0.29023043820533345,38
2548,0,4685,2072,2613,0,0,0,1.0,1,1.0,1,1.0,1,0.26263011397290453,35
2549,3,4688,2075,2613,0,0,0,1.0,1,1.0,1,1.0,1,0.36726836175583266,35
2550,1,4689,2076,2613,0,0,0,1.0,1,1.0,1,1.0,1,0.39159920036145485,33
2551,4,4693,2078,2615,0,0,0,1.0,1,1.0,1,1.0,1,0.42918201922213195,31
2552,1,4694,2078,2616,0,0,0,1.0,1,1.0,1,1.0,1,0.4168694470820684,30
2553,1,4695,2078,2617,0,0,0,1.0,1,1.0,1,1.0,1,0.4025314036001486,30
2554,1,4696,2078,2618,0,0,0,1.0,1,1.0,1,1.0,1,0.36441793872753536,32
2555,2,4698,2078,2620,0,0,0,1.0,1,1.0,1,1.0,1,0.3359349092923211,32
2556,1,4699,2078,2621,0,0,0,1.0,1,1.0,1,1.0,1,0.2977256585471463,32
2557,0,4699,2078,2621,0,0,0,1.0,1,1.0,1,1.0,1,0.33700110506760034,30
2558,2,4701,2079,2622,0,0,0,1.0,1,1.0,1,1.0,1,0.36673613021164586,31
2559,1,4702,2079,2623,0,0,0,1.0,1,1.0,1,1.0,1,0.3263382814549088,30
2560,0,4702,2079,2623,0,0,0,1.0,1,1.0,1,1.0,1,0.3263382814549088,30
2561,0,4702,2079,2623,0,0,0,1.0,1,1.0,1,1.0,1,0.3263382814549088,30
2562,1,4703,2079,2624,0,0,0,1.0,1,1.0,1,1.0,1,0.3135759107516077,33
2563,1,4704,2079,2625,0,0,0,1.0,1,1.0,1,1.0,1,0.3001546605923588,33
2564,0,4704,2079,2625,0,0,0,1.0,1,1.0,1,1.0,1,0.3001546605923588,33
2565,0,4704,2079,2625,0,0,0,1.0,1,1.0,1,1.0,1,0.3001546605923588,33
2566,2,4706,2079,2627,0,0,0,1.0,1,1.0,1,1.0,1,0.2691463864754448,35
2567,2,4708,2080,2628,0,0,0,1.0,1,1.0,1,1.0,1,0.2666034689101315,36
2568,4,4712,2081,2631,0,0,0,1.0,1,1.0,1,1.0,1,0.288840687237551,37
2569,3,4715,2082,2633,0,0,0,1.0,1,1.0,1,1.0,1,0.2690590780654172,37
2570,0,4715,2082,2633,0,0,0,1.0,1,1.0,1,1.0,1,0.2771408579088722,37
2571,0,4715,2082,2633,0,0,0,1.0,1,1.0,1,1.0,1,0.2771408579088722,37
2572,0,4715,2082,2633,0,0,0,1.0,1,1.0,1,1.0,1,0.2649971053466891,39
2573,0,4715,2082,2633,0,0,0,1.0,1,1.0,1,1.0,1,0.2649971053466891,39
2574,0,4715,2082,2633,0,0,0,1.0,1,1.0,1,1.0,1,0.2895030217411881,38
2575,0,4715,2082,2633,0,0,0,1.0,1,1.0,1,1.0,1,0.2895030217411881,38
2576,0,4715,2082,2633,0,0,0,1.0,1,1.0,1,1.0,1,0.30627130471877717,37
2577,1,4716,2082,2634,0,0,0,1.0,1,1.0,1,1.0,1,0.32217420505046795,39
2578,2,4718,2082,2636,0,0,0,1.0,1,1.0,1,1.0,1,0.32117055727839067,40
2579,1,4719,2082,2637,0,0,0,1.0,1,1.0,1,1.0,1,0.3190234715743541,41
2580,3,4722,2082,2640,0,0,0,1.0,1,1.0,1,1.0,1,0.3329258239985601,42
2581,4,4726,2082,2644,0,0,0,1.0,1,1.0,1,1.0,1,0.25439940099713976,43
2582,2,4728,2083,2645,0,0,0,1.0,1,1.0,1,1.0,1,0.25363128283873804,43
2583,1,4729,2084,2645,0,0,0,1.0,1,1.0,1,1.0,1,0.29830368806588997,43
2584,5,4734,2084,2650,0,0,0,1.0,1,1.0,1,1.0,1,0.19807003616905153,43
2585,3,4737,2085,2652,0,0,0,1.0,1,1.0,1,1.0,1,0.2177764389590505,44
2586,3,4740,2085,2655,0,0,0,1.0,1,1.0,1,1.0,1,0.11407984762195698,43
2587,2,4742,2086,2656,0,0,0,1.0,1,1.0,1,1.0,1,0.15349915734016978,44
2588,4,4746,2087,2659,0,0,0,1.0,1,1.0,1,1.0,1,0.14188724108364661,44
2589,4,4750,2089,2661,0,0,0,1.0,1,1.0,1,1.0,1,0.19097390179336993,44
2590,0,4750,2089,2661,0,0,0,1.0,1,1.0,1,1.0,1,0.19097390179336993,44
2591,0,4750,2089,2661,0,0,0,1.0,1,1.0,1,1.0,1,0.19097390179336993,44
2592,1,4751,2090,2661,0,0,0,1.0,1,1.0,1,1.0,1,0.22580503157814283,44
2593,0,4751,2090,2661,0,0,0,1.0,1,1.0,1,1.0,1,0.2120653036493978,43
2594,5,4756,2091,2665,0,0,0,1.0,1,1.0,1,1.0,1,0.21265228748864742,48
2595,1,4757,2091,2666,0,0,0,1.0,1,1.0,1,1.0,1,0.17159606812311531,45
2596,4,4761,2093,2668,0,0,0,1.0,1,1.0,1,1.0,1,0.1299034626472321,46
2597,2,4763,2095,2668,0,0,0,1.0,1,1.0,1,1.0,1,0.15953405242308144,45
2598,1,4764,2095,2669,0,0,0,1.0,1,1.0,1,1.0,1,0.14291559353834535,45
2599,0,4764,2095,2669,0,0,0,1.0,1,1.0,1,1.0,1,0.11808002068403176,45
2600,5,4769,2097,2672,0,0,0,1.0,1,1.0,1,1.0,1,0.10580904421374245,48
2601,0,4769,2097,2672,0,0,0,1.0,1,1.0,1,1.0,1,0.1038596619820247,47
2602,0,4769,2097,2672,0,0,0,1.0,1,1.0,1,1.0,1,0.11667306507533308,48
2603,0,4769,2097,2672,0,0,0,1.0,1,1.0,1,1.0,1,0.11667306507533308,48
2604,0,4769,2097,2672,0,0,0,1.0,1,1.0,1,1.0,1,0.13795033475058105,47
2605,2,4771,2099,2672,0,0,0,1.0,1,1.0,1,1.0,1,0.18289219124220218,47
2606,0,4771,2099,2672,0,0,0,1.0,1,1.0,1,1.0,1,0.17404327838540265,46
2607,1,4772,2099,2673,0,0,0,1.0,1,1.0,1,1.0,1,0.20835639712743187,45
2608,2,4774,2099,2675,0,0,0,1.0,1,1.0,1,1.0,1,0.20072480880487995,45
2609,2,4776,2100,2676,0,0,0,1.0,1,1.0,1,1.0,1,0.19739183404166558,44
2610,5,4781,2102,2679,0,0,0,1.0,1,1.0,1,1.0,1,0.25483279648667456,45
2611,6,4787,2104,2683,0,0,0,1.0,1,1.0,1,1.0,1,0.19721683492822323,46
2612,3,4790,2106,2684,0,0,0,1.0,1,1.0,1,1.0,1,0.22123705654913886,47
2613,2,4792,2107,2685,0,0,0,1.0,1,1.0,1,1.0,1,0.23506436437530223,48
2614,2,4794,2108,2686,0,0,0,1.0,1,1.0,1,1.0,1,0.24962270599073735,48
2615,2,4796,2109,2687,0,0,0,1.0,1,1.0,1,1.0,1,0.228261853692954,49
2616,0,4796,2109,2687,0,0,0,1.0,1,1.0,1,1.0,1,0.228261853692954,49
2617,1,4797,2109,2688,0,0,0,1.0,1,1.0,1,1.0,1,0.20936680677344638,48
2618,1,4798,2109,2689,0,0,0,1.0,1,1.0,1,1.0,1,0.19402443559801288,47
2619,1,4799,2109,2690,0,0,0,1.0,1,1.0,1,1.0,1,0.1728595692313596,50
2620,3,4802,2112,2690,0,0,0,1.0,1,1.0,1,1.0,1,0.20422673340518835,51
2621,2,4804,2113,2691,0,0,0,1.0,1,1.0,1,1.0,1,0.19002105757724527,52
2622,0,4804,2113,2691,0,0,0,1.0,1,1.0,1,1.0,1,0.17306918450870115,52
2623,4,4808,2116,2692,0,0,0,1.0,1,1.0,1,1.0,1,0.1841714586904735,53
2624,1,4809,2117,2692,0,0,0,1.0,1,1.0,1,1.0,1,0.1895943808019449,51
2625,4,4813,2119,2694,0,0,0,1.0,1,1.0,1,1.0,1,0.13312682315546293,50
2626,2,4815,2121,2694,0,0,0,1.0,1,1.0,1,1.0,1,0.16232643413822137,49
2627,1,4816,2122,2694,0,0,0,1.0,1,1.0,1,1.0,1,0.16757985991629898,48
2628,1,4817,2123,2694,0,0,0,1.0,1,1.0,1,1.0,1,0.16916182438207586,48
2629,0,4817,2123,2694,0,0,0,1.0,1,1.0,1,1.0,1,0.13561651055885113,47
2630,1,4818,2124,2694,0,0,0,1.0,1,1.0,1,1.0,1,0.1939785713765057,47
2631,0,4818,2124,2694,0,0,0,1.0,1,1.0,1,1.0,1,0.19482656752039498,47
2632,3,4821,2127,2694,0,0,0,1.0,1,1.0,1,1.0,1,0.1921087945007855,47
2633,0,4821,2127,2694,0,0,0,1.0,1,1.0,1,1.0,1,0.17765345860427098,44
2634,0,4821,2127,2694,0,0,0,1.0,1,1.0,1,1.0,1,0.1774010345372555,44
2635,4,4825,2129,2696,0,0,0,1.0,1,1.0,1,1.0,1,0.25861307405928435,45
2636,2,4827,2131,2696,0,0,0,1.0,1,1.0,1,1.0,1,0.26883861105618373,40
2637,7,4834,2135,2699,0,0,0,1.0,1,1.0,1,1.0,1,0.3171824768862914,41
2638,5,4839,2138,2701,0,0,0,1.0,1,1.0,1,1.0,1,0.37259568766273216,38
2639,0,4839,2138,2701,0,0,0,1.0,1,1.0,1,1.0,1,0.39444165317519747,39
2640,4,4843,2140,2703,0,0,0,1.0,1,1.0,1,1.0,1,0.45103790251184983,38
2641,11,4854,2140,2714,0,0,0,1.0,1,1.0,1,1.0,1,0.18333653409455197,37
2642,8,4862,2144,2718,0,0,0,1.0,1,1.0,1,1.0,1,0.29992131143932405,38
2643,2,4864,2144,2720,0,0,0,1.0,1,1.0,1,1.0,1,0.2722912745245474,37
2644,2,4866,2144,2722,0,0,0,1.0,1,1.0,1,1.0,1,0.27743289915791874,36
2645,1,4867,2144,2723,0,0,0,1.0,1,1.0,1,1.0,1,0.24182192026488075,35
2646,3,4870,2144,2726,0,0,0,1.0,1,1.0,1,1.0,1,0.2293527574056155,35
2647,2,4872,2144,2728,0,0,0,1.0,1,1.0,1,1.0,1,0.24608298395454542,35
2648,1,4873,2144,2729,0,0,0,1.0,1,1.0,1,1.0,1,0.2697471649702744,36
2649,1,4874,2144,2730,0,0,0,1.0,1,1.0,1,1.0,1,0.2334756044480235,37
2650,3,4877,2144,2733,0,0,0,1.0,1,1.0,1,1.0,1,0.23766286670056266,39
2651,1,4878,2144,2734,0,0,0,1.0,1,1.0,1,1.0,1,0.2530117410301818,39
2652,1,4879,2144,2735,0,0,0,1.0,1,1.0,1,1.0,1,0.23766286670056266,39
2653,1,4880,2144,2736,0,0,0,1.0,1,1.0,1,1.0,1,0.2530117410301818,39
2654,2,4882,2144,2738,0,0,0,1.0,1,1.0,1,1.0,1,0.2303227998062227,40
2655,3,4885,2144,2741,0,0,0,1.0,1,1.0,1,1.0,1,0.22111891593202496,40
2656,2,4887,2144,2743,0,0,0,1.0,1,1.0,1,1.0,1,0.18623115285634048,39
2657,0,4887,2144,2743,0,0,0,1.0,1,1.0,1,1.0,1,0.17898587555681778,40
2658,1,4888,2144,2744,0,0,0,1.0,1,1.0,1,1.0,1,0.20202365578418,41
2659,1,4889,2145,2744,0,0,0,1.0,1,1.0,1,1.0,1,0.21869695952509813,41
2660,0,4889,2145,2744,0,0,0,1.0,1,1.0,1,1.0,1,0.22173354114743174,40
2661,2,4891,2146,2745,0,0,0,1.0,1,1.0,1,1.0,1,0.22096948723230703,40
2662,2,4893,2148,2745,0,0,0,1.0,1,1.0,1,1.0,1,0.22374675970783453,42
2663,3,4896,2150,2746,0,0,0,1.0,1,1.0,1,1.0,1,0.2000400632266526,41
2664,5,4901,2152,2749,0,0,0,1.0,1,1.0,1,1.0,1,0.24665498748350517,42
2665,7,4908,2154,2754,0,0,0,1.0,1,1.0,1,1.0,1,0.2112980385895544,43
2666,6,4914,2157,2757,0,0,0,1.0,1,1.0,1,1.0,1,0.21696201632026302,44
2667,4,4918,2159,2759,0,0,0,1.0,1,1.0,1,1.0,1,0.2997282070768677,42
2668,2,4920,2159,2761,0,0,0,1.0,1,1.0,1,1.0,1,0.27462878042734684,41
2669,4,4924,2159,2765,0,0,0,1.0,1,1.0,1,1.0,1,0.24469681374624283,42
2670,2,4926,2160,2766,0,0,0,1.0,1,1.0,1,1.0,1,0.31786511670977086,40
2671,4,4930,2162,2768,0,0,0,1.0,1,1.0,1,1.0,1,0.25977413698642415,39
2672,2,4932,2163,2769,0,0,0,1.0,1,1.0,1,1.0,1,0.31559181695773025,36
2673,5,4937,2165,2772,0,0,0,1.0,1,1.0,1,1.0,1,0.33664433678391886,35
2674,2,4939,2165,2774,0,0,0,1.0,1,1.0,1,1.0,1,0.2679483571211954,33
2675,0,4939,2165,2774,0,0,0,1.0,1,1.0,1,1.0,1,0.25760576567601995,34
2676,0,4939,2165,2774,0,0,0,1.0,1,1.0,1,1.0,1,0.2605428065429904,32
2677,1,4940,2166,2774,0,0,0,1.0,1,1.0,1,1.0,1,0.3058891614903833,33
2678,2,4942,2167,2775,0,0,0,1.0,1,1.0,1,1.0,1,0.2638324956695677,33
2679,0,4942,2167,2775,0,0,0,1.0,1,1.0,1,1.0,1,0.3007022845789873,32
2680,1,4943,2168,2775,0,0,0,1.0,1,1.0,1,1.0,1,0.273747544438294,32
2681,0,4943,2168,2775,0,0,0,1.0,1,1.0,1,1.0,1,0.3013822624083896,32
2682,2,4945,2170,2775,0,0,0,1.0,1,1.0,1,1.0,1,0.3671545993668655,33
2683,0,4945,2170,2775,0,0,0,1.0,1,1.0,1,1.0,1,0.3451595881095432,32
2684,1,4946,2171,2775,0,0,0,1.0,1,1.0,1,1.0,1,0.4205420685259511,31
2685,1,4947,2171,2776,0,0,0,1.0,1,1.0,1,1.0,1,0.3924218210198784,31
2686,4,4951,2171,2780,0,0,0,1.0,1,1.0,1,1.0,1,0.3215991851782174,30
2687,1,4952,2171,2781,0,0,0,1.0,1,1.0,1,1.0,1,0.30339806347370885,30
2688,1,4953,2172,2781,0,0,0,1.0,1,1.0,1,1.0,1,0.3281637620682958,30
2689,4,4957,2173,2784,0,0,0,1.0,1,1.0,1,1.0,1,0.2681508605729372,31
2690,1,4958,2174,2784,0,0,0,1.0,1,1.0,1,1.0,1,0.23741545790694835,31
2691,2,4960,2175,2785,0,0,0,1.0,1,1.0,1,1.0,1,0.2768536090788153,32
2692,5,4965,2177,2788,0,0,0,1.0,1,1.0,1,1.0,1,0.1933948557210617,32
2693,4,4969,2179,2790,0,0,0,1.0,1,1.0,1,1.0,1,0.22792293205136144,33
2694,0,4969,2179,2790,0,0,0,1.0,1,1.0,1,1.0,1,0.20427370105388792,34
2695,0,4969,2179,2790,0,0,0,1.0,1,1.0,1,1.0,1,0.1707808708426039,35
2696,0,4969,2179,2790,0,0,0,1.0,1,1.0,1,1.0,1,0.1707808708426039,35
2697,0,4969,2179,2790,0,0,0,1.0,1,1.0,1,1.0,1,0.1707808708426039,35
2698,0,4969,2179,2790,0,0,0,1.0,1,1.0,1,1.0,1,0.14892244302618302,36
2699,1,4970,2179,2791,0,0,0,1.0,1,1.0,1,1.0,1,0.17219656326702118,36
2700,1,4971,2180,2791,0,0,0,1.0,1,1.0,1,1.0,1,0.18692438563728062,37
2701,2,4973,2181,2792,0,0,0,1.0,1,1.0,1,1.0,1,0.18380496064593818,37
2702,5,4978,2184,2794,0,0,0,1.0,1,1.0,1,1.0,1,0.22389163300820855,37
2703,3,4981,2185,2796,0,0,0,1.0,1,1.0,1,1.0,1,0.17102091408836917,38
2704,1,4982,2186,2796,0,0,0,1.0,1,1.0,1,1.0,1,0.20352140635468038,37
2705,2,4984,2188,2796,0,0,0,1.0,1,1.0,1,1.0,1,0.2373891470501503,36
2706,1,4985,2189,2796,0,0,0,1.0,1,1.0,1,1.0,1,0.2305541570324359,36
2707,2,4987,2190,2797,0,0,0,1.0,1,1.0,1,1.0,1,0.2637485399464551,35
2708,2,4989,2192,2797,0,0,0,1.0,1,1.0,1,1.0,1,0.27886557065508705,36
2709,1,4990,2193,2797,0,0,0,1.0,1,1.0,1,1.0,1,0.2808675491890111,32
2710,1,4991,2194,2797,0,0,0,1.0,1,1.0,1,1.0,1,0.330825332417533,29
2711,3,4994,2195,2799,0,0,0,1.0,1,1.0,1,1.0,1,0.3611296547160465,29
2712,2,4996,2196,2800,0,0,0,1.0,1,1.0,1,1.0,1,0.4215613250875713,28
2713,0,4996,2196,2800,0,0,0,1.0,1,1.0,1,1.0,1,0.4008458058987901,28
2714,3,4999,2199,2800,0,0,0,1.0,1,1.0,1,1.0,1,0.34884594993336565,26
2715,0,4999,2199,2800,0,0,0,1.0,1,1.0,1,1.0,1,0.3319940844580424,24
2716,2,5001,2199,2802,0,0,0,1.0,1,1.0,1,1.0,1,0.25652984671669604,24
2717,4,5005,2202,2803,0,0,0,1.0,1,1.0,1,1.0,1,0.2806894579852194,25
2718,3,5008,2203,2805,0,0,0,1.0,1,1.0,1,1.0,1,0.3353378896046262,25
2719,4,5012,2205,2807,0,0,0,1.0,1,1.0,1,1.0,1,0.34835651203375856,25
2720,2,5014,2206,2808,0,0,0,1.0,1,1.0,1,1.0,1,0.3742605925445595,25
2721,4,5018,2208,2810,0,0,0,1.0,1,1.0,1,1.0,1,0.34515466022487445,25
2722,3,5021,2209,2812,0,0,0,1.0,1,1.0,1,1.0,1,0.33713821369882746,26
2723,3,5024,2209,2815,0,0,0,1.0,1,1.0,1,1.0,1,0.3414179264122377,26
2724,3,5027,2210,2817,0,0,0,1.0,1,1.0,1,1.0,1,0.3231666571540741,27
2725,1,5028,2210,2818,0,0,0,1.0,1,1.0,1,1.0,1,0.30323121896104566,28
2726,2,5030,2210,2820,0,0,0,1.0,1,1.0,1,1.0,1,0.30323121896104566,28
2727,2,5032,2210,2822,0,0,0,1.0,1,1.0,1,1.0,1,0.30730504342080667,29
2728,1,5033,2210,2823,0,0,0,1.0,1,1.0,1,1.0,1,0.3261451678445428,29
2729,2,5035,2210,2825,0,0,0,1.0,1,1.0,1,1.0,1,0.32891033398581865,29
2730,1,5036,2210,2826,0,0,0,1.0,1,1.0,1,1.0,1,0.2779852669949758,29
2731,2,5038,2210,2828,0,0,0,1.0,1,1.0,1,1.0,1,0.22194120170452425,30
2732,0,5038,2210,2828,0,0,0,1.0,1,1.0,1,1.0,1,0.24087703261318028,29
2733,0,5038,2210,2828,0,0,0,1.0,1,1.0,1,1.0,1,0.24087703261318028,29
2734,1,5039,2211,2828,0,0,0,1.0,1,1.0,1,1.0,1,0.22790806157193727,29
2735,1,5040,2212,2828,0,0,0,1.0,1,1.0,1,1.0,1,0.26993861915979445,29
2736,1,5041,2212,2829,0,0,0,1.0,1,1.0,1,1.0,1,0.26808677838906175,30
2737,1,5042,2212,2830,0,0,0,1.0,1,1.0,1,1.0,1,0.2919373677937127,30
2738,1,5043,2213,2830,0,0,0,1.0,1,1.0,1,1.0,1,0.3351618701229375,30
2739,0,5043,2213,2830,0,0,0,1.0,1,1.0,1,1.0,1,0.36805798064287976,29
2740,0,5043,2213,2830,0,0,0,1.0,1,1.0,1,1.0,1,0.36805798064287976,29
2741,0,5043,2213,2830,0,0,0,1.0,1,1.0,1,1.0,1,0.4026248925536867,28
2742,1,5044,2214,2830,0,0,0,1.0,1,1.0,1,1.0,1,0.40596146115025245,28
2743,5,5049,2216,2833,0,0,0,1.0,1,1.0,1,1.0,1,0.37634013588977794,29
2744,4,5053,2218,2835,0,0,0,1.0,1,1.0,1,1.0,1,0.3646676160280917,27
2745,1,5054,2219,2835,0,0,0,1.0,1,1.0,1,1.0,1,0.3722089503387171,25
2746,2,5056,2220,2836,0,0,0,1.0,1,1.0,1,1.0,1,0.40767468282173414,25
2747,1,5057,2221,2836,0,0,0,1.0,1,1.0,1,1.0,1,0.4239886757528379,23
2748,0,5057,2221,2836,0,0,0,1.0,1,1.0,1,1.0,1,0.40001257056147554,22
2749,2,5059,2222,2837,0,0,0,1.0,1,1.0,1,1.0,1,0.3742717993722718,19
2750,1,5060,2223,2837,0,0,0,1.0,1,1.0,1,1.0,1,0.39679860001456413,18
2751,0,5060,2223,2837,0,0,0,1.0,1,1.0,1,1.0,1,0.4560185725153607,16
2752,0,5060,2223,2837,0,0,0,1.0,1,1.0,1,1.0,1,0.43568168440279725,15
2753,0,5060,2223,2837,0,0,0,1.0,1,1.0,1,1.0,1,0.43568168440279725,15
2754,0,5060,2223,2837,0,0,0,1.0,1,1.0,1,1.0,1,0.43568168440279725,15
2755,0,5060,2223,2837,0,0,0,1.0,1,1.0,1,1.0,1,0.43568168440279725,15
2756,0,5060,2223,2837,0,0,0,1.0,1,1.0,1,1.0,1,0.4454325917297626,16
2757,0,5060,2223,2837,0,0,0,1.0,1,1.0,1,1.0,1,0.36858075444247956,17
2758,0,5060,2223,2837,0,0,0,1.0,1,1.0,1,1.0,1,0.36858075444247956,17
2759,0,5060,2223,2837,0,0,0,1.0,1,1.0,1,1.0,1,0.3599998119646266,18
2760,0,5060,2223,2837,0,0,0,1.0,1,1.0,1,1.0,1,0.3599998119646266,18
2761,0,5060,2223,2837,0,0,0,1.0,1,1.0,1,1.0,1,0.3599998119646266,18
2762,0,5060,2223,2837,0,0,0,1.0,1,1.0,1,1.0,1,0.3599998119646266,18
2763,0,5060,2223,2837,0,0,0,1.0,1,1.0,1,1.0,1,0.4225306758852702,17
2764,2,5062,2224,2838,0,0,0,1.0,1,1.0,1,1.0,1,0.4778044125493365,17
2765,0,5062,2224,2838,0,0,0,1.0,1,1.0,1,1.0,1,0.4932076196395718,18
2766,1,5063,2224,2839,0,0,0,1.0,1,1.0,1,1.0,1,0.45616553432517937,18
2767,0,5063,2224,2839,0,0,0,1.0,1,1.0,1,1.0,1,0.45616553432517937,18
2768,0,5063,2224,2839,0,0,0,1.0,1,1.0,1,1.0,1,0.45616553432517937,18
2769,2,5065,2226,2839,0,0,0,1.0,1,1.0,1,1.0,1,0.3982199185933553,18
2770,0,5065,2226,2839,0,0,0,1.0,1,1.0,1,1.0,1,0.3982199185933553,18
2771,0,5065,2226,2839,0,0,0,1.0,1,1.0,1,1.0,1,0.3982199185933553,18
2772,0,5065,2226,2839,0,0,0,1.0,1,1.0,1,1.0,1,0.3982199185933553,18
2773,0,5065,2226,2839,0,0,0,1.0,1,1.0,1,1.0,1,0.3982199185933553,18
2774,2,5067,2227,2840,0,0,0,1.0,1,1.0,1,1.0,1,0.42218585363782,20
2775,0,5067,2227,2840,0,0,0,1.0,1,1.0,1,1.0,1,0.4060987766772543,21
2776,1,5068,2228,2840,0,0,0,1.0,1,1.0,1,1.0,1,0.35054427694199963,21
2777,1,5069,2228,2841,0,0,0,1.0,1,1.0,1,1.0,1,0.3192121516967828,22
2778,2,5071,2229,2842,0,0,0,1.0,1,1.0,1,1.0,1,0.2922630908240735,24
2779,1,5072,2230,2842,0,0,0,1.0,1,1.0,1,1.0,1,0.3313611455720037,24
2780,0,5072,2230,2842,0,0,0,1.0,1,1.0,1,1.0,1,0.3313611455720037,24
2781,0,5072,2230,2842,0,0,0,1.0,1,1.0,1,1.0,1,0.3313611455720037,24
2782,1,5073,2230,2843,0,0,0,1.0,1,1.0,1,1.0,1,0.2954606336741578,24
2783,1,5074,2231,2843,0,0,0,1.0,1,1.0,1,1.0,1,0.28428576802868877,24
2784,4,5078,2233,2845,0,0,0,1.0,1,1.0,1,1.0,1,0.2812690210635528,24
2785,2,5080,2234,2846,0,0,0,1.0,1,1.0,1,1.0,1,0.28580897040242054,22
2786,0,5080,2234,2846,0,0,0,1.0,1,1.0,1,1.0,1,0.31728807767006173,22
2787,0,5080,2234,2846,0,0,0,1.0,1,1.0,1,1.0,1,0.2905543909721443,21
2788,0,5080,2234,2846,0,0,0,1.0,1,1.0,1,1.0,1,0.2675657317811457,20
2789,1,5081,2235,2846,0,0,0,1.0,1,1.0,1,1.0,1,0.33048688121690056,20
2790,0,5081,2235,2846,0,0,0,1.0,1,1.0,1,1.0,1,0.3540005635167254,21
2791,1,5082,2236,2846,0,0,0,1.0,1,1.0,1,1.0,1,0.4088370221994867,21
2792,0,5082,2236,2846,0,0,0,1.0,1,1.0,1,1.0,1,0.4088370221994867,21
2793,0,5082,2236,2846,0,0,0,1.0,1,1.0,1,1.0,1,0.4338326504967293,18
2794,0,5082,2236,2846,0,0,0,1.0,1,1.0,1,1.0,1,0.4338326504967293,18
2795,1,5083,2236,2847,0,0,0,1.0,1,1.0,1,1.0,1,0.3810962704709311,20
2796,1,5084,2237,2847,0,0,0,1.0,1,1.0,1,1.0,1,0.3587930372011851,21
2797,0,5084,2237,2847,0,0,0,1.0,1,1.0,1,1.0,1,0.3587930372011851,21
2798,0,5084,2237,2847,0,0,0,1.0,1,1.0,1,1.0,1,0.3587930372011851,21
2799,0,5084,2237,2847,0,0,0,1.0,1,1.0,1,1.0,1,0.36968547808292745,22
2800,0,5084,2237,2847,0,0,0,1.0,1,1.0,1,1.0,1,0.36968547808292745,22
2801,1,5085,2238,2847,0,0,0,1.0,1,1.0,1,1.0,1,0.3600814031350222,22
2802,0,5085,2238,2847,0,0,0,1.0,1,1.0,1,1.0,1,0.3600814031350222,22
2803,1,5086,2239,2847,0,0,0,1.0,1,1.0,1,1.0,1,0.41145664508580054,22
2804,0,5086,2239,2847,0,0,0,1.0,1,1.0,1,1.0,1,0.42697883214772014,23
2805,0,5086,2239,2847,0,0,0,1.0,1,1.0,1,1.0,1,0.42697883214772014,23
2806,0,5086,2239,2847,0,0,0,1.0,1,1.0,1,1.0,1,0.42697883214772014,23
2807,0,5086,2239,2847,0,0,0,1.0,1,1.0,1,1.0,1,0.41214800799736795,24
2808,0,5086,2239,2847,0,0,0,1.0,1,1.0,1,1.0,1,0.41214800799736795,24
2809,2,5088,2240,2848,0,0,0,1.0,1,1.0,1,1.0,1,0.4338042074390764,25
2810,0,5088,2240,2848,0,0,0,1.0,1,1.0,1,1.0,1,0.42526476659133505,24
2811,1,5089,2240,2849,0,0,0,1.0,1,1.0,1,1.0,1,0.412298371222754,26
2812,2,5091,2241,2850,0,0,0,1.0,1,1.0,1,1.0,1,0.394199633079771,26
2813,0,5091,2241,2850,0,0,0,1.0,1,1.0,1,1.0,1,0.39600874418602033,27
2814,6,5097,2243,2854,0,0,0,1.0,1,1.0,1,1.0,1,0.3695719516369346,29
2815,2,5099,2243,2856,0,0,0,1.0,1,1.0,1,1.0,1,0.3695719516369346,29
2816,1,5100,2243,2857,0,0,0,1.0,1,1.0,1,1.0,1,0.39160308559611445,29
2817,1,5101,2243,2858,0,0,0,1.0,1,1.0,1,1.0,1,0.3752053254012013,29
2818,1,5102,2243,2859,0,0,0,1.0,1,1.0,1,1.0,1,0.41671921416319513,29
2819,0,5102,2243,2859,0,0,0,1.0,1,1.0,1,1.0,1,0.43198859190662664,30
2820,2,5104,2244,2860,0,0,0,1.0,1,1.0,1,1.0,1,0.4183761494561368,30
2821,3,5107,2244,2863,0,0,0,1.0,1,1.0,1,1.0,1,0.35402833015840196,31
2822,2,5109,2245,2864,0,0,0,1.0,1,1.0,1,1.0,1,0.3835809878139309,30
2823,1,5110,2246,2864,0,0,0,1.0,1,1.0,1,1.0,1,0.3381452357425721,27
2824,0,5110,2246,2864,0,0,0,1.0,1,1.0,1,1.0,1,0.3233796343539351,28
2825,4,5114,2250,2864,0,0,0,1.0,1,1.0,1,1.0,1,0.36695357998347616,28
2826,1,5115,2251,2864,0,0,0,1.0,1,1.0,1,1.0,1,0.4205803129455694,27
2827,2,5117,2253,2864,0,0,0,1.0,1,1.0,1,1.0,1,0.4464495492883706,28
2828,4,5121,2253,2868,0,0,0,1.0,1,1.0,1,1.0,1,0.360718121521757,28
2829,2,5123,2254,2869,0,0,0,1.0,1,1.0,1,1.0,1,0.3204457939475753,27
2830,0,5123,2254,2869,0,0,0,1.0,1,1.0,1,1.0,1,0.3204457939475753,27
2831,0,5123,2254,2869,0,0,0,1.0,1,1.0,1,1.0,1,0.3204457939475753,27
2832,2,5125,2254,2871,0,0,0,1.0,1,1.0,1,1.0,1,0.29643969020511735,27
2833,0,5125,2254,2871,0,0,0,1.0,1,1.0,1,1.0,1,0.2720926476586033,26
2834,1,5126,2255,2871,0,0,0,1.0,1,1.0,1,1.0,1,0.226157008352853,26
2835,1,5127,2256,2871,0,0,0,1.0,1,1.0,1,1.0,1,0.199158875598394,25
2836,1,5128,2257,2871,0,0,0,1.0,1,1.0,1,1.0,1,0.2448957797699764,27
2837,1,5129,2257,2872,0,0,0,1.0,1,1.0,1,1.0,1,0.22416656799638637,27
2838,0,5129,2257,2872,0,0,0,1.0,1,1.0,1,1.0,1,0.22416656799638637,27
2839,1,5130,2258,2872,0,0,0,1.0,1,1.0,1,1.0,1,0.27827419469825604,29
2840,1,5131,2259,2872,0,0,0,1.0,1,1.0,1,1.0,1,0.2698284259181029,29
2841,1,5132,2259,2873,0,0,0,1.0,1,1.0,1,1.0,1,0.2568560129916373,31
2842,1,5133,2259,2874,0,0,0,1.0,1,1.0,1,1.0,1,0.23529443165945746,31
2843,0,5133,2259,2874,0,0,0,1.0,1,1.0,1,1.0,1,0.244771588960515,32
2844,2,5135,2260,2875,0,0,0,1.0,1,1.0,1,1.0,1,0.2663929454304846,33
2845,0,5135,2260,2875,0,0,0,1.0,1,1.0,1,1.0,1,0.27221272390933987,32
2846,2,5137,2262,2875,0,0,0,1.0,1,1.0,1,1.0,1,0.22018268666387858,33
2847,0,5137,2262,2875,0,0,0,1.0,1,1.0,1,1.0,1,0.24605182602333012,32
2848,1,5138,2263,2875,0,0,0,1.0,1,1.0,1,1.0,1,0.2968173645387424,33
2849,0,5138,2263,2875,0,0,0,1.0,1,1.0,1,1.0,1,0.30071032183856383,34
2850,2,5140,2265,2875,0,0,0,1.0,1,1.0,1,1.0,1,0.25241058410873773,34
2851,0,5140,2265,2875,0,0,0,1.0,1,1.0,1,1.0,1,0.25241058410873773,34
2852,4,5144,2269,2875,0,0,0,1.0,1,1.0,1,1.0,1,0.26250213009278195,35
2853,2,5146,2270,2876,0,0,0,1.0,1,1.0,1,1.0,1,0.2693042521583189,36
2854,0,5146,2270,2876,0,0,0,1.0,1,1.0,1,1.0,1,0.29198026748091194,37
2855,3,5149,2272,2877,0,0,0,1.0,1,1.0,1,1.0,1,0.28873912680443425,38
2856,2,5151,2272,2879,0,0,0,1.0,1,1.0,1,1.0,1,0.2583705217303943,38
2857,1,5152,2273,2879,0,0,0,1.0,1,1.0,1,1.0,1,0.25843657707993556,39
2858,2,5154,2274,2880,0,0,0,1.0,1,1.0,1,1.0,1,0.24939704226712903,40
2859,3,5157,2275,2882,0,0,0,1.0,1,1.0,1,1.0,1,0.23343231526078448,40
2860,3,5160,2278,2882,0,0,0,1.0,1,1.0,1,1.0,1,0.25040498303119985,40
2861,2,5162,2279,2883,0,0,0,1.0,1,1.0,1,1.0,1,0.2338733834163151,38
2862,1,5163,2280,2883,0,0,0,1.0,1,1.0,1,1.0,1,0.2547113229969628,38
2863,6,5169,2283,2886,0,0,0,1.0,1,1.0,1,1.0,1,0.23830427785775912,38
2864,1,5170,2284,2886,0,0,0,1.0,1,1.0,1,1.0,1,0.22535509651908028,36
2865,3,5173,2287,2886,0,0,0,1.0,1,1.0,1,1.0,1,0.30956491416908466,34
2866,3,5176,2289,2887,0,0,0,1.0,1,1.0,1,1.0,1,0.3424940091345867,31
2867,0,5176,2289,2887,0,0,0,1.0,1,1.0,1,1.0,1,0.33415282337577856,30
2868,3,5179,2292,2887,0,0,0,1.0,1,1.0,1,1.0,1,0.4384954768146063,27
2869,4,5183,2293,2890,0,0,0,1.0,1,1.0,1,1.0,1,0.3174776776991074,27
2870,1,5184,2293,2891,0,0,0,1.0,1,1.0,1,1.0,1,0.29253619515822527,25
2871,1,5185,2294,2891,0,0,0,1.0,1,1.0,1,1.0,1,0.3187228266479622,25
2872,0,5185,2294,2891,0,0,0,1.0,1,1.0,1,1.0,1,0.3199770477538154,23
2873,2,5187,2295,2892,0,0,0,1.0,1,1.0,1,1.0,1,0.33245587649510144,24
2874,2,5189,2296,2893,0,0,0,1.0,1,1.0,1,1.0,1,0.35089064088450933,24
2875,0,5189,2296,2893,0,0,0,1.0,1,1.0,1,1.0,1,0.36293447508561544,23
2876,1,5190,2297,2893,0,0,0,1.0,1,1.0,1,1.0,1,0.39446685112620294,24
2877,1,5191,2298,2893,0,0,0,1.0,1,1.0,1,1.0,1,0.4504168782819734,24
2878,2,5193,2299,2894,0,0,0,1.0,1,1.0,1,1.0,1,0.3878026498940291,24
2879,2,5195,2301,2894,0,0,0,1.0,1,1.0,1,1.0,1,0.41434529740170256,25
2880,0,5195,2301,2894,0,0,0,1.0,1,1.0,1,1.0,1,0.424101946820708,26
2881,3,5198,2301,2897,0,0,0,1.0,1,1.0,1,1.0,1,0.3458104408099153,26
2882,0,5198,2301,2897,0,0,0,1.0,1,1.0,1,1.0,1,0.339102146126005,27
2883,0,5198,2301,2897,0,0,0,1.0,1,1.0,1,1.0,1,0.32782915525485407,28
2884,1,5199,2301,2898,0,0,0,1.0,1,1.0,1,1.0,1,0.34772276775119076,29
2885,1,5200,2301,2899,0,0,0,1.0,1,1.0,1,1.0,1,0.319481641390392,31
2886,3,5203,2302,2901,0,0,0,1.0,1,1.0,1,1.0,1,0.3055220668484476,31
2887,0,5203,2302,2901,0,0,0,1.0,1,1.0,1,1.0,1,0.3009811000335771,33
2888,0,5203,2302,2901,0,0,0,1.0,1,1.0,1,1.0,1,0.3225086105281606,34
2889,1,5204,2302,2902,0,0,0,1.0,1,1.0,1,1.0,1,0.29996372077422584,35
2890,0,5204,2302,2902,0,0,0,1.0,1,1.0,1,1.0,1,0.29996372077422584,35
2891,0,5204,2302,2902,0,0,0,1.0,1,1.0,1,1.0,1,0.29996372077422584,35
2892,2,5206,2304,2902,0,0,0,1.0,1,1.0,1,1.0,1,0.33367172578225224,35
2893,2,5208,2304,2904,0,0,0,1.0,1,1.0,1,1.0,1,0.3076723505815608,37
2894,3,5211,2304,2907,0,0,0,1.0,1,1.0,1,1.0,1,0.3054231146872694,37
2895,4,5215,2305,2910,0,0,0,1.0,1,1.0,1,1.0,1,0.32773390840662586,37
2896,1,5216,2305,2911,0,0,0,1.0,1,1.0,1,1.0,1,0.3193480740019636,38
2897,0,5216,2305,2911,0,0,0,1.0,1,1.0,1,1.0,1,0.355743125914698,37
2898,1,5217,2305,2912,0,0,0,1.0,1,1.0,1,1.0,1,0.3651856134684802,38
2899,0,5217,2305,2912,0,0,0,1.0,1,1.0,1,1.0,1,0.3476736294439139,37
2900,0,5217,2305,2912,0,0,0,1.0,1,1.0,1,1.0,1,0.34408125765921277,36
2901,0,5217,2305,2912,0,0,0,1.0,1,1.0,1,1.0,1,0.342280177619355,37
2902,1,5218,2306,2912,0,0,0,1.0,1,1.0,1,1.0,1,0.39272078915780123,35
2903,0,5218,2306,2912,0,0,0,1.0,1,1.0,1,1.0,1,0.3844599395722206,35
2904,0,5218,2306,2912,0,0,0,1.0,1,1.0,1,1.0,1,0.42654811900922224,33
2905,0,5218,2306,2912,0,0,0,1.0,1,1.0,1,1.0,1,0.41563326276386203,34
2906,2,5220,2308,2912,0,0,0,1.0,1,1.0,1,1.0,1,0.4478808995736568,34
2907,1,5221,2308,2913,0,0,0,1.0,1,1.0,1,1.0,1,0.4228949032405681,35
2908,1,5222,2308,2914,0,0,0,1.0,1,1.0,1,1.0,1,0.394746183236292,36
2909,0,5222,2308,2914,0,0,0,1.0,1,1.0,1,1.0,1,0.41474448306587663,38
2910,0,5222,2308,2914,0,0,0,1.0,1,1.0,1,1.0,1,0.41474448306587663,38
2911,2,5224,2309,2915,0,0,0,1.0,1,1.0,1,1.0,1,0.3898661645412693,37
2912,0,5224,2309,2915,0,0,0,1.0,1,1.0,1,1.0,1,0.3898661645412693,37
2913,0,5224,2309,2915,0,0,0,1.0,1,1.0,1,1.0,1,0.40080616847062905,38
2914,1,5225,2309,2916,0,0,0,1.0,1,1.0,1,1.0,1,0.3739501025630856,38
2915,2,5227,2309,2918,0,0,0,1.0,1,1.0,1,1.0,1,0.34646300563858307,39
2916,1,5228,2310,2918,0,0,0,1.0,1,1.0,1,1.0,1,0.3458162368721527,40
2917,1,5229,2311,2918,0,0,0,1.0,1,1.0,1,1.0,1,0.3760855183509367,41
2918,2,5231,2312,2919,0,0,0,1.0,1,1.0,1,1.0,1,0.3767564884430814,41
2919,0,5231,2312,2919,0,0,0,1.0,1,1.0,1,1.0,1,0.3767564884430814,41
2920,3,5234,2312,2922,0,0,0,1.0,1,1.0,1,1.0,1,0.3424953080957951,43
2921,0,5234,2312,2922,0,0,0,1.0,1,1.0,1,1.0,1,0.3639475231849211,42
2922,1,5235,2313,2922,0,0,0,1.0,1,1.0,1,1.0,1,0.3498781837698329,43
2923,0,5235,2313,2922,0,0,0,1.0,1,1.0,1,1.0,1,0.3556211738855547,44
2924,0,5235,2313,2922,0,0,0,1.0,1,1.0,1,1.0,1,0.34535162472961733,45
2925,2,5237,2313,2924,0,0,0,1.0,1,1.0,1,1.0,1,0.3217994692824326,45
2926,7,5244,2313,2931,0,0,0,1.0,1,1.0,1,1.0,1,0.2523430347763115,47
2927,2,5246,2314,2932,0,0,0,1.0,1,1.0,1,1.0,1,0.24685883148840887,47
2928,2,5248,2314,2934,0,0,0,1.0,1,1.0,1,1.0,1,0.25026675247982433,48
2929,0,5248,2314,2934,0,0,0,1.0,1,1.0,1,1.0,1,0.25026675247982433,48
2930,0,5248,2314,2934,0,0,0,1.0,1,1.0,1,1.0,1,0.272293225687145,50
2931,2,5250,2314,2936,0,0,0,1.0,1,1.0,1,1.0,1,0.2669853044390052,51
2932,1,5251,2314,2937,0,0,0,1.0,1,1.0,1,1.0,1,0.26422652132937285,51
2933,1,5252,2315,2937,0,0,0,1.0,1,1.0,1,1.0,1,0.2935879769778621,52
2934,2,5254,2316,2938,0,0,0,1.0,1,1.0,1,1.0,1,0.29419381039444353,52
2935,0,5254,2316,2938,0,0,0,1.0,1,1.0,1,1.0,1,0.30587402699218696,51
2936,1,5255,2316,2939,0,0,0,1.0,1,1.0,1,1.0,1,0.27452551345673915,49
2937,0,5255,2316,2939,0,0,0,1.0,1,1.0,1,1.0,1,0.296844391986949,50
2938,4,5259,2317,2942,0,0,0,1.0,1,1.0,1,1.0,1,0.28038662129579467,50
2939,0,5259,2317,2942,0,0,0,1.0,1,1.0,1,1.0,1,0.2790855600192265,51
2940,0,5259,2317,2942,0,0,0,1.0,1,1.0,1,1.0,1,0.2924537693706716,52
2941,2,5261,2317,2944,0,0,0,1.0,1,1.0,1,1.0,1,0.28285710392299357,53
2942,2,5263,2319,2944,0,0,0,1.0,1,1.0,1,1.0,1,0.31499940315153935,52
2943,2,5265,2321,2944,0,0,0,1.0,1,1.0,1,1.0,1,0.31944593120229176,51
2944,5,5270,2323,2947,0,0,0,1.0,1,1.0,1,1.0,1,0.30027653191357595,52
2945,3,5273,2324,2949,0,0,0,1.0,1,1.0,1,1.0,1,0.2578556492054878,50
2946,5,5278,2326,2952,0,0,0,1.0,1,1.0,1,1.0,1,0.2669631311029239,51
2947,3,5281,2328,2953,0,0,0,1.0,1,1.0,1,1.0,1,0.2640796426956697,50
2948,2,5283,2329,2954,0,0,0,1.0,1,1.0,1,1.0,1,0.26244212611425866,50
2949,1,5284,2329,2955,0,0,0,1.0,1,1.0,1,1.0,1,0.24381158415891083,49
2950,0,5284,2329,2955,0,0,0,1.0,1,1.0,1,1.0,1,0.25378889200199994,48
2951,2,5286,2330,2956,0,0,0,1.0,1,1.0,1,1.0,1,0.2763079725001277,48
2952,0,5286,2330,2956,0,0,0,1.0,1,1.0,1,1.0,1,0.27863399195363026,46
2953,0,5286,2330,2956,0,0,0,1.0,1,1.0,1,1.0,1,0.27863399195363026,46
2954,0,5286,2330,2956,0,0,0,1.0,1,1.0,1,1.0,1,0.2938587017798928,48
2955,1,5287,2330,2957,0,0,0,1.0,1,1.0,1,1.0,1,0.2744435956434757,48
2956,4,5291,2330,2961,0,0,0,1.0,1,1.0,1,1.0,1,0.23264412084017827,47
2957,4,5295,2331,2964,0,0,0,1.0,1,1.0,1,1.0,1,0.2150177968283013,48
2958,0,5295,2331,2964,0,0,0,1.0,1,1.0,1,1.0,1,0.21680048729109563,49
2959,3,5298,2333,2965,0,0,0,1.0,1,1.0,1,1.0,1,0.2375449299425773,49
2960,2,5300,2333,2967,0,0,0,1.0,1,1.0,1,1.0,1,0.1924153103266051,49
2961,3,5303,2333,2970,0,0,0,1.0,1,1.0,1,1.0,1,0.15819884702369613,51
2962,3,5306,2334,2972,0,0,0,1.0,1,1.0,1,1.0,1,0.13931558676430036,51
2963,1,5307,2335,2972,0,0,0,1.0,1,1.0,1,1.0,1,0.14819076572197706,51
2964,2,5309,2336,2973,0,0,0,1.0,1,1.0,1,1.0,1,0.15108005888380505,52
2965,3,5312,2336,2976,0,0,0,1.0,1,1.0,1,1.0,1,0.15442185796365873,53
2966,1,5313,2337,2976,0,0,0,1.0,1,1.0,1,1.0,1,0.17833186070634813,53
2967,4,5317,2338,2979,0,0,0,1.0,1,1.0,1,1.0,1,0.1779285252518181,53
2968,1,5318,2338,2980,0,0,0,1.0,1,1.0,1,1.0,1,0.15856794384322653,54
2969,1,5319,2339,2980,0,0,0,1.0,1,1.0,1,1.0,1,0.1839482767707293,55
2970,0,5319,2339,2980,0,0,0,1.0,1,1.0,1,1.0,1,0.1839482767707293,55
2971,1,5320,2339,2981,0,0,0,1.0,1,1.0,1,1.0,1,0.15343021672519314,55
2972,0,5320,2339,2981,0,0,0,1.0,1,1.0,1,1.0,1,0.15343021672519314,55
2973,0,5320,2339,2981,0,0,0,1.0,1,1.0,1,1.0,1,0.15851780830384796,55
2974,1,5321,2340,2981,0,0,0,1.0,1,1.0,1,1.0,1,0.15335456672662282,56
2975,0,5321,2340,2981,0,0,0,1.0,1,1.0,1,1.0,1,0.14963049754923133,55
2976,0,5321,2340,2981,0,0,0,1.0,1,1.0,1,1.0,1,0.16800520786509865,57
2977,1,5322,2340,2982,0,0,0,1.0,1,1.0,1,1.0,1,0.1548604841199808,59
2978,1,5323,2341,2982,0,0,0,1.0,1,1.0,1,1.0,1,0.16274808456779405,59
2979,2,5325,2342,2983,0,0,0,1.0,1,1.0,1,1.0,1,0.1585990025147364,59
2980,2,5327,2343,2984,0,0,0,1.0,1,1.0,1,1.0,1,0.1610107540520005,59
2981,1,5328,2344,2984,0,0,0,1.0,1,1.0,1,1.0,1,0.17211908984903757,59
2982,4,5332,2346,2986,0,0,0,1.0,1,1.0,1,1.0,1,0.19830748549670243,61
2983,7,5339,2349,2990,0,0,0,1.0,1,1.0,1,1.0,1,0.19698404333147418,61
2984,6,5345,2352,2993,0,0,0,1.0,1,1.0,1,1.0,1,0.2080140713838356,61
2985,5,5350,2356,2994,0,0,0,1.0,1,1.0,1,1.0,1,0.2623605419341904,57
2986,13,5363,2360,3003,0,0,0,1.0,1,1.0,1,1.0,1,0.16875976178773208,58
2987,7,5370,2361,3009,0,0,0,1.0,1,1.0,1,1.0,1,0.14348137783878237,56
2988,4,5374,2362,3012,0,0,0,1.0,1,1.0,1,1.0,1,0.13959656041073598,55
2989,6,5380,2364,3016,0,0,0,1.0,1,1.0,1,1.0,1,0.15507950467087653,53
2990,2,5382,2364,3018,0,0,0,1.0,1,1.0,1,1.0,1,0.18544763585438137,52
2991,1,5383,2364,3019,0,0,0,1.0,1,1.0,1,1.0,1,0.16760657511363916,54
2992,2,5385,2365,3020,0,0,0,1.0,1,1.0,1,1.0,1,0.16290992390628328,55
2993,1,5386,2366,3020,0,0,0,1.0,1,1.0,1,1.0,1,0.1579992207925685,53
2994,3,5389,2369,3020,0,0,0,1.0,1,1.0,1,1.0,1,0.20158108851211676,53
2995,3,5392,2370,3022,0,0,0,1.0,1,1.0,1,1.0,1,0.18201363362521536,51
2996,3,5395,2371,3024,0,0,0,1.0,1,1.0,1,1.0,1,0.1343587018825406,52
2997,3,5398,2373,3025,0,0,0,1.0,1,1.0,1,1.0,1,0.1430046024500314,50
2998,0,5398,2373,3025,0,0,0,1.0,1,1.0,1,1.0,1,0.16036058299992853,51
2999,0,5398,2373,3025,0,0,0,1.0,1,1.0,1,1.0,1,0.1360828571268277,48
3000,2,5400,2374,3026,0,0,0,1.0,1,1.0,1,1.0,1,0.10057264892658135,48
3001,0,5400,2374,3026,0,0,0,1.0,1,1.0,1,1.0,1,0.10553430326994159,49
3002,1,5401,2374,3027,0,0,0,1.0,1,1.0,1,1.0,1,0.09886698126817865,50
3003,1,5402,2375,3027,0,0,0,1.0,1,1.0,1,1.0,1,0.10780796168524982,50
3004,0,5402,2375,3027,0,0,0,1.0,1,1.0,1,1.0,1,0.11301411539707677,51
3005,0,5402,2375,3027,0,0,0,1.0,1,1.0,1,1.0,1,0.13104928104199678,50
3006,0,5402,2375,3027,0,0,0,1.0,1,1.0,1,1.0,1,0.14760279883268004,51
3007,1,5403,2375,3028,0,0,0,1.0,1,1.0,1,1.0,1,0.1663352572435587,51
3008,3,5406,2376,3030,0,0,0,1.0,1,1.0,1,1.0,1,0.19049032320724654,53
3009,0,5406,2376,3030,0,0,0,1.0,1,1.0,1,1.0,1,0.17478050745210974,52
3010,0,5406,2376,3030,0,0,0,1.0,1,1.0,1,1.0,1,0.17478050745210974,52
3011,1,5407,2377,3030,0,0,0,1.0,1,1.0,1,1.0,1,0.1936231317602381,51
3012,7,5414,2381,3033,0,0,0,1.0,1,1.0,1,1.0,1,0.22370737621652342,54
3013,3,5417,2383,3034,0,0,0,1.0,1,1.0,1,1.0,1,0.22594616290905767,52
3014,4,5421,2385,3036,0,0,0,1.0,1,1.0,1,1.0,1,0.23402440947715117,51
3015,4,5425,2387,3038,0,0,0,1.0,1,1.0,1,1.0,1,0.23459359231107793,50
3016,6,5431,2390,3041,0,0,0,1.0,1,1.0,1,1.0,1,0.21624157163869906,50
3017,3,5434,2392,3042,0,0,0,1.0,1,1.0,1,1.0,1,0.2184275433008862,48
3018,1,5435,2393,3042,0,0,0,1.0,1,1.0,1,1.0,1,0.23477655281005336,48
3019,2,5437,2395,3042,0,0,0,1.0,1,1.0,1,1.0,1,0.23556083582514625,47
3020,2,5439,2397,3042,0,0,0,1.0,1,1.0,1,1.0,1,0.21769982868354296,47
3021,3,5442,2400,3042,0,0,0,1.0,1,1.0,1,1.0,1,0.2314112366187417,46
3022,5,5447,2404,3043,0,0,0,1.0,1,1.0,1,1.0,1,0.2727349242797099,45
3023,1,5448,2405,3043,0,0,0,1.0,1,1.0,1,1.0,1,0.24777142817963263,41
3024,3,5451,2408,3043,0,0,0,1.0,1,1.0,1,1.0,1,0.3091386712606019,43
3025,2,5453,2409,3044,0,0,0,1.0,1,1.0,1,1.0,1,0.28613945662672835,39
3026,2,5455,2411,3044,0,0,0,1.0,1,1.0,1,1.0,1,0.3304821858056145,38
3027,2,5457,2413,3044,0,0,0,1.0,1,1.0,1,1.0,1,0.3492355716392079,38
3028,1,5458,2414,3044,0,0,0,1.0,1,1.0,1,1.0,1,0.3637029831133677,38
3029,3,5461,2416,3045,0,0,0,1.0,1,1.0,1,1.0,1,0.3550606146983829,37
3030,0,5461,2416,3045,0,0,0,1.0,1,1.0,1,1.0,1,0.34214285710291686,38
3031,6,5467,2416,3051,0,0,0,1.0,1,1.0,1,1.0,1,0.17645304583586516,39
3032,0,5467,2416,3051,0,0,0,1.0,1,1.0,1,1.0,1,0.17645304583586516,39
3033,2,5469,2416,3053,0,0,0,1.0,1,1.0,1,1.0,1,0.17680183524119142,39
3034,2,5471,2416,3055,0,0,0,1.0,1,1.0,1,1.0,1,0.17558240432958408,38
3035,3,5474,2417,3057,0,0,0,1.0,1,1.0,1,1.0,1,0.19540312697317153,39
3036,2,5476,2417,3059,0,0,0,1.0,1,1.0,1,1.0,1,0.20757253961890226,39
3037,2,5478,2417,3061,0,0,0,1.0,1,1.0,1,1.0,1,0.20401630522620248,39
3038,2,5480,2418,3062,0,0,0,1.0,1,1.0,1,1.0,1,0.2301942413975779,40
3039,4,5484,2419,3065,0,0,0,1.0,1,1.0,1,1.0,1,0.23867948885858498,41
3040,5,5489,2421,3068,0,0,0,1.0,1,1.0,1,1.0,1,0.21838650168237456,42
3041,5,5494,2422,3072,0,0,0,1.0,1,1.0,1,1.0,1,0.23452668589272202,43
3042,8,5502,2424,3078,0,0,0,1.0,1,1.0,1,1.0,1,0.23475439180043575,45
3043,4,5506,2426,3080,0,0,0,1.0,1,1.0,1,1.0,1,0.27664010987007515,45
3044,5,5511,2427,3084,0,0,0,1.0,1,1.0,1,1.0,1,0.24990194252315057,45
3045,6,5517,2428,3089,0,0,0,1.0,1,1.0,1,1.0,1,0.31642480441621346,45
3046,6,5523,2428,3095,0,0,0,1.0,1,1.0,1,1.0,1,0.1882983757327415,46
3047,2,5525,2428,3097,0,0,0,1.0,1,1.0,1,1.0,1,0.17378373967539695,46
3048,1,5526,2428,3098,0,0,0,1.0,1,1.0,1,1.0,1,0.18354559268325055,49
3049,4,5530,2429,3101,0,0,0,1.0,1,1.0,1,1.0,1,0.17230790987203934,50
3050,2,5532,2430,3102,0,0,0,1.0,1,1.0,1,1.0,1,0.17339853604185082,50
3051,0,5532,2430,3102,0,0,0,1.0,1,1.0,1,1.0,1,0.20311897179043914,50
3052,2,5534,2431,3103,0,0,0,1.0,1,1.0,1,1.0,1,0.20244560184831345,50
3053,3,5537,2434,3103,0,0,0,1.0,1,1.0,1,1.0,1,0.21993641407438266,49
3054,0,5537,2434,3103,0,0,0,1.0,1,1.0,1,1.0,1,0.20041905510284216,47
3055,2,5539,2434,3105,0,0,0,1.0,1,1.0,1,1.0,1,0.17064428587317662,48
3056,1,5540,2435,3105,0,0,0,1.0,1,1.0,1,1.0,1,0.22730579718792826,47
3057,2,5542,2436,3106,0,0,0,1.0,1,1.0,1,1.0,1,0.25042241873151105,48
3058,2,5544,2438,3106,0,0,0,1.0,1,1.0,1,1.0,1,0.2304030369059416,46
3059,2,5546,2439,3107,0,0,0,1.0,1,1.0,1,1.0,1,0.21331748072461518,44
3060,1,5547,2439,3108,0,0,0,1.0,1,1.0,1,1.0,1,0.23254061787870384,44
3061,0,5547,2439,3108,0,0,0,1.0,1,1.0,1,1.0,1,0.23791016619832722,42
3062,4,5551,2442,3109,0,0,0,1.0,1,1.0,1,1.0,1,0.25794027052718604,42
3063,4,5555,2445,3110,0,0,0,1.0,1,1.0,1,1.0,1,0.25428899155944396,41
3064,4,5559,2448,3111,0,0,0,1.0,1,1.0,1,1.0,1,0.2997311263970732,42
3065,1,5560,2449,3111,0,0,0,1.0,1,1.0,1,1.0,1,0.27793440272911407,40
3066,4,5564,2452,3112,0,0,0,1.0,1,1.0,1,1.0,1,0.26113060599195353,42
3067,3,5567,2454,3113,0,0,0,1.0,1,1.0,1,1.0,1,0.25566411899768343,40
3068,1,5568,2455,3113,0,0,0,1.0,1,1.0,1,1.0,1,0.2428383029323314,39
3069,0,5568,2455,3113,0,0,0,1.0,1,1.0,1,1.0,1,0.2633472595908942,38
3070,1,5569,2455,3114,0,0,0,1.0,1,1.0,1,1.0,1,0.2697890513537529,39
3071,0,5569,2455,3114,0,0,0,1.0,1,1.0,1,1.0,1,0.2810789523189097,39
3072,6,5575,2458,3117,0,0,0,1.0,1,1.0,1,1.0,1,0.27889291880274264,40
3073,2,5577,2459,3118,0,0,0,1.0,1,1.0,1,1.0,1,0.2920479438566595,38
3074,0,5577,2459,3118,0,0,0,1.0,1,1.0,1,1.0,1,0.2599739957347656,38
3075,3,5580,2461,3119,0,0,0,1.0,1,1.0,1,1.0,1,0.27817325664266407,41
3076,3,5583,2461,3122,0,0,0,1.0,1,1.0,1,1.0,1,0.15716934638060526,42
3077,2,5585,2463,3122,0,0,0,1.0,1,1.0,1,1.0,1,0.19322455171889902,42
3078,2,5587,2463,3124,0,0,0,1.0,1,1.0,1,1.0,1,0.18225402997735854,42
3079,1,5588,2463,3125,0,0,0,1.0,1,1.0,1,1.0,1,0.1718171603013929,42
3080,2,5590,2464,3126,0,0,0,1.0,1,1.0,1,1.0,1,0.19661420301546456,43
3081,3,5593,2464,3129,0,0,0,1.0,1,1.0,1,1.0,1,0.20463102726623114,44
3082,5,5598,2464,3134,0,0,0,1.0,1,1.0,1,1.0,1,0.21457094606968397,45
3083,4,5602,2464,3138,0,0,0,1.0,1,1.0,1,1.0,1,0.21457094606968397,45
3084,4,5606,2465,3141,0,0,0,1.0,1,1.0,1,1.0,1,0.22804010689116225,45
3085,5,5611,2466,3145,0,0,0,1.0,1,1.0,1,1.0,1,0.3274529627621231,46
3086,6,5617,2466,3151,0,0,0,1.0,1,1.0,1,1.0,1,0.3274529627621231,46
3087,3,5620,2466,3154,0,0,0,1.0,1,1.0,1,1.0,1,0.32903989570813374,47
3088,4,5624,2466,3158,0,0,0,1.0,1,1.0,1,1.0,1,0.3229992805997412,48
3089,7,5631,2466,3165,0,0,0,1.0,1,1.0,1,1.0,1,0.3165247360961769,46
3090,4,5635,2466,3169,0,0,0,1.0,1,1.0,1,1.0,1,0.3087698152722661,46
3091,2,5637,2466,3171,0,0,0,1.0,1,1.0,1,1.0,1,0.27919503833676435,46
3092,6,5643,2468,3175,0,0,0,1.0,1,1.0,1,1.0,1,0.23748389669275113,47
3093,3,5646,2469,3177,0,0,0,1.0,1,1.0,1,1.0,1,0.26164197015269364,47
3094,0,5646,2469,3177,0,0,0,1.0,1,1.0,1,1.0,1,0.26509826169481226,45
3095,3,5649,2471,3178,0,0,0,1.0,1,1.0,1,1.0,1,0.21928953587197567,46
3096,0,5649,2471,3178,0,0,0,1.0,1,1.0,1,1.0,1,0.22161667317742847,46
3097,2,5651,2473,3178,0,0,0,1.0,1,1.0,1,1.0,1,0.20220782683187163,47
3098,0,5651,2473,3178,0,0,0,1.0,1,1.0,1,1.0,1,0.20220782683187163,47
3099,0,5651,2473,3178,0,0,0,1.0,1,1.0,1,1.0,1,0.20220782683187163,47
3100,0,5651,2473,3178,0,0,0,1.0,1,1.0,1,1.0,1,0.20220782683187163,47
3101,1,5652,2473,3179,0,0,0,1.0,1,1.0,1,1.0,1,0.1952582274546008,48
3102,0,5652,2473,3179,0,0,0,1.0,1,1.0,1,1.0,1,0.1952582274546008,48
3103,1,5653,2474,3179,0,0,0,1.0,1,1.0,1,1.0,1,0.17852072093807378,49
3104,4,5657,2477,3180,0,0,0,1.0,1,1.0,1,1.0,1,0.15493297217371946,48
3105,0,5657,2477,3180,0,0,0,1.0,1,1.0,1,1.0,1,0.18187828057488245,45
3106,3,5660,2478,3182,0,0,0,1.0,1,1.0,1,1.0,1,0.1681925149049457,46
3107,1,5661,2479,3182,0,0,0,1.0,1,1.0,1,1.0,1,0.18371615390073798,44
3108,2,5663,2481,3182,0,0,0,1.0,1,1.0,1,1.0,1,0.17663631713929748,45
3109,0,5663,2481,3182,0,0,0,1.0,1,1.0,1,1.0,1,0.1916679456858538,44
3110,6,5669,2485,3184,0,0,0,1.0,1,1.0,1,1.0,1,0.20883493800555336,46
3111,3,5672,2487,3185,0,0,0,1.0,1,1.0,1,1.0,1,0.19000064676422923,46
3112,1,5673,2487,3186,0,0,0,1.0,1,1.0,1,1.0,1,0.19561832293693718,47
3113,0,5673,2487,3186,0,0,0,1.0,1,1.0,1,1.0,1,0.18335203701669578,48
3114,0,5673,2487,3186,0,0,0,1.0,1,1.0,1,1.0,1,0.1944206531166888,48
3115,0,5673,2487,3186,0,0,0,1.0,1,1.0,1,1.0,1,0.21330912430328014,49
3116,0,5673,2487,3186,0,0,0,1.0,1,1.0,1,1.0,1,0.22941662216524403,48
3117,1,5674,2487,3187,0,0,0,1.0,1,1.0,1,1.0,1,0.24016178280572437,49
3118,1,5675,2487,3188,0,0,0,1.0,1,1.0,1,1.0,1,0.27003902667210283,50
3119,0,5675,2487,3188,0,0,0,1.0,1,1.0,1,1.0,1,0.27003902667210283,50
3120,2,5677,2488,3189,0,0,0,1.0,1,1.0,1,1.0,1,0.275225354033506,50
3121,5,5682,2490,3192,0,0,0,1.0,1,1.0,1,1.0,1,0.2291808801556312,50
3122,1,5683,2490,3193,0,0,0,1.0,1,1.0,1,1.0,1,0.22520590880657143,50
3123,1,5684,2491,3193,0,0,0,1.0,1,1.0,1,1.0,1,0.22100646368004392,51
3124,1,5685,2492,3193,0,0,0,1.0,1,1.0,1,1.0,1,0.24382566311068202,51
3125,1,5686,2493,3193,0,0,0,1.0,1,1.0,1,1.0,1,0.26649710116342784,51
3126,2,5688,2493,3195,0,0,0,1.0,1,1.0,1,1.0,1,0.24356857943656854,54
3127,1,5689,2494,3195,0,0,0,1.0,1,1.0,1,1.0,1,0.2826028370807864,53
3128,0,5689,2494,3195,0,0,0,1.0,1,1.0,1,1.0,1,0.3013096129711992,52
3129,0,5689,2494,3195,0,0,0,1.0,1,1.0,1,1.0,1,0.2931718329487638,51
3130,0,5689,2494,3195,0,0,0,1.0,1,1.0,1,1.0,1,0.27951976653890204,50
3131,2,5691,2496,3195,0,0,0,1.0,1,1.0,1,1.0,1,0.3012190492658613,50
3132,0,5691,2496,3195,0,0,0,1.0,1,1.0,1,1.0,1,0.2809674611077461,49
3133,2,5693,2497,3196,0,0,0,1.0,1,1.0,1,1.0,1,0.298427420998929,49
3134,0,5693,2497,3196,0,0,0,1.0,1,1.0,1,1.0,1,0.3091467011543489,46
3135,4,5697,2498,3199,0,0,0,1.0,1,1.0,1,1.0,1,0.2933925322672649,47
3136,5,5702,2499,3203,0,0,0,1.0,1,1.0,1,1.0,1,0.21096919853949136,46
3137,1,5703,2499,3204,0,0,0,1.0,1,1.0,1,1.0,1,0.21187924872127425,49
3138,3,5706,2501,3205,0,0,0,1.0,1,1.0,1,1.0,1,0.21340589734840268,49
3139,1,5707,2502,3205,0,0,0,1.0,1,1.0,1,1.0,1,0.24798997106572482,50
3140,8,5715,2503,3212,0,0,0,1.0,1,1.0,1,1.0,1,0.19864209034011726,51
3141,0,5715,2503,3212,0,0,0,1.0,1,1.0,1,1.0,1,0.20770104589910968,50
3142,0,5715,2503,3212,0,0,0,1.0,1,1.0,1,1.0,1,0.20770104589910968,50
3143,2,5717,2503,3214,0,0,0,1.0,1,1.0,1,1.0,1,0.2147820976259647,49
3144,3,5720,2504,3216,0,0,0,1.0,1,1.0,1,1.0,1,0.21569798447102148,49
3145,5,5725,2506,3219,0,0,0,1.0,1,1.0,1,1.0,1,0.24761096418678655,48
3146,6,5731,2506,3225,0,0,0,1.0,1,1.0,1,1.0,1,0.22469465806755046,49
3147,2,5733,2506,3227,0,0,0,1.0,1,1.0,1,1.0,1,0.26475071736002637,48
3148,8,5741,2509,3232,0,0,0,1.0,1,1.0,1,1.0,1,0.20186649482068744,48
3149,1,5742,2509,3233,0,0,0,1.0,1,1.0,1,1.0,1,0.20212455968356602,47
3150,1,5743,2509,3234,0,0,0,1.0,1,1.0,1,1.0,1,0.1932542434261492,47
3151,3,5746,2510,3236,0,0,0,1.0,1,1.0,1,1.0,1,0.19803077091048263,48
3152,0,5746,2510,3236,0,0,0,1.0,1,1.0,1,1.0,1,0.1967689916245475,47
3153,1,5747,2511,3236,0,0,0,1.0,1,1.0,1,1.0,1,0.20976401881560328,47
3154,2,5749,2513,3236,0,0,0,1.0,1,1.0,1,1.0,1,0.22874173525254862,48
3155,1,5750,2513,3237,0,0,0,1.0,1,1.0,1,1.0,1,0.22072685528421165,48
3156,0,5750,2513,3237,0,0,0,1.0,1,1.0,1,1.0,1,0.2180035668818752,48
3157,1,5751,2513,3238,0,0,0,1.0,1,1.0,1,1.0,1,0.2371259278474125,48
3158,1,5752,2513,3239,0,0,0,1.0,1,1.0,1,1.0,1,0.1998432272953669,48
3159,0,5752,2513,3239,0,0,0,1.0,1,1.0,1,1.0,1,0.20017875236993476,49
3160,1,5753,2513,3240,0,0,0,1.0,1,1.0,1,1.0,1,0.22219824259946275,51
3161,0,5753,2513,3240,0,0,0,1.0,1,1.0,1,1.0,1,0.21415755441320536,52
3162,0,5753,2513,3240,0,0,0,1.0,1,1.0,1,1.0,1,0.21018990012576508,51
3163,0,5753,2513,3240,0,0,0,1.0,1,1.0,1,1.0,1,0.21018990012576508,51
3164,4,5757,2514,3243,0,0,0,1.0,1,1.0,1,1.0,1,0.19799459701016275,52
3165,4,5761,2516,3245,0,0,0,1.0,1,1.0,1,1.0,1,0.25248556856092225,50
3166,8,5769,2517,3252,0,0,0,1.0,1,1.0,1,1.0,1,0.12774514168576928,50
3167,2,5771,2519,3252,0,0,0,1.0,1,1.0,1,1.0,1,0.08849806644192522,49
3168,0,5771,2519,3252,0,0,0,1.0,1,1.0,1,1.0,1,0.11560695439666688,47
3169,1,5772,2520,3252,0,0,0,1.0,1,1.0,1,1.0,1,0.13205227911275788,48
3170,3,5775,2522,3253,0,0,0,1.0,1,1.0,1,1.0,1,0.18529361654745105,47
3171,1,5776,2522,3254,0,0,0,1.0,1,1.0,1,1.0,1,0.18825947449955505,47
3172,0,5776,2522,3254,0,0,0,1.0,1,1.0,1,1.0,1,0.20294364859631933,46
3173,0,5776,2522,3254,0,0,0,1.0,1,1.0,1,1.0,1,0.18961981808380676,45
3174,2,5778,2523,3255,0,0,0,1.0,1,1.0,1,1.0,1,0.20783677725528193,43
3175,2,5780,2525,3255,0,0,0,1.0,1,1.0,1,1.0,1,0.21081596711305695,43
3176,0,5780,2525,3255,0,0,0,1.0,1,1.0,1,1.0,1,0.207130981905029,44
3177,2,5782,2527,3255,0,0,0,1.0,1,1.0,1,1.0,1,0.2649057615894924,44
3178,0,5782,2527,3255,0,0,0,1.0,1,1.0,1,1.0,1,0.25841855318354934,47
3179,5,5787,2529,3258,0,0,0,1.0,1,1.0,1,1.0,1,0.2369793545107044,48
3180,1,5788,2530,3258,0,0,0,1.0,1,1.0,1,1.0,1,0.21742707394927147,48
3181,5,5793,2530,3263,0,0,0,1.0,1,1.0,1,1.0,1,0.14474161563668994,48
3182,0,5793,2530,3263,0,0,0,1.0,1,1.0,1,1.0,1,0.15462410819929262,51
3183,2,5795,2532,3263,0,0,0,1.0,1,1.0,1,1.0,1,0.17503553231497385,50
3184,2,5797,2532,3265,0,0,0,1.0,1,1.0,1,1.0,1,0.18361111159890367,50
3185,2,5799,2532,3267,0,0,0,1.0,1,1.0,1,1.0,1,0.19744407516694445,48
3186,3,5802,2533,3269,0,0,0,1.0,1,1.0,1,1.0,1,0.17700326754149992,48
3187,0,5802,2533,3269,0,0,0,1.0,1,1.0,1,1.0,1,0.19489725649206055,48
3188,1,5803,2533,3270,0,0,0,1.0,1,1.0,1,1.0,1,0.17173504414313384,48
3189,2,5805,2533,3272,0,0,0,1.0,1,1.0,1,1.0,1,0.16926759624044743,49
3190,2,5807,2533,3274,0,0,0,1.0,1,1.0,1,1.0,1,0.17697137646928465,51
3191,1,5808,2533,3275,0,0,0,1.0,1,1.0,1,1.0,1,0.1800442742156753,52
3192,1,5809,2533,3276,0,0,0,1.0,1,1.0,1,1.0,1,0.1637888966619632,52
3193,1,5810,2534,3276,0,0,0,1.0,1,1.0,1,1.0,1,0.15901596452654895,52
3194,4,5814,2537,3277,0,0,0,1.0,1,1.0,1,1.0,1,0.15833081312842462,54
3195,1,5815,2537,3278,0,0,0,1.0,1,1.0,1,1.0,1,0.15566630409555185,54
3196,2,5817,2538,3279,0,0,0,1.0,1,1.0,1,1.0,1,0.1050865596753045,54
3197,0,5817,2538,3279,0,0,0,1.0,1,1.0,1,1.0,1,0.12931469403441892,54
3198,1,5818,2539,3279,0,0,0,1.0,1,1.0,1,1.0,1,0.1413525500670424,54
3199,0,5818,2539,3279,0,0,0,1.0,1,1.0,1,1.0,1,0.14234719102690918,56
3200,2,5820,2541,3279,0,0,0,1.0,1,1.0,1,1.0,1,0.21277777098272388,56
3201,1,5821,2541,3280,0,0,0,1.0,1,1.0,1,1.0,1,0.19521668640972892,56
3202,2,5823,2542,3281,0,0,0,1.0,1,1.0,1,1.0,1,0.21623874249957345,57
3203,2,5825,2542,3283,0,0,0,1.0,1,1.0,1,1.0,1,0.1697243128330179,56
3204,4,5829,2545,3284,0,0,0,1.0,1,1.0,1,1.0,1,0.20134111625479245,55
3205,0,5829,2545,3284,0,0,0,1.0,1,1.0,1,1.0,1,0.20868104094340562,54
3206,3,5832,2547,3285,0,0,0,1.0,1,1.0,1,1.0,1,0.2589227161206065,56
3207,2,5834,2548,3286,0,0,0,1.0,1,1.0,1,1.0,1,0.2721688530104696,54
3208,1,5835,2548,3287,0,0,0,1.0,1,1.0,1,1.0,1,0.27803959466345857,53
3209,4,5839,2548,3291,0,0,0,1.0,1,1.0,1,1.0,1,0.2435988137883858,54
3210,1,5840,2549,3291,0,0,0,1.0,1,1.0,1,1.0,1,0.2648802628915785,53
3211,3,5843,2550,3293,0,0,0,1.0,1,1.0,1,1.0,1,0.26044469136278786,53
3212,0,5843,2550,3293,0,0,0,1.0,1,1.0,1,1.0,1,0.2659215652725955,54
3213,1,5844,2550,3294,0,0,0,1.0,1,1.0,1,1.0,1,0.25242445727232193,54
3214,0,5844,2550,3294,0,0,0,1.0,1,1.0,1,1.0,1,0.2812750626027762,55
3215,0,5844,2550,3294,0,0,0,1.0,1,1.0,1,1.0,1,0.2812750626027762,55
3216,1,5845,2551,3294,0,0,0,1.0,1,1.0,1,1.0,1,0.2853989613353737,55
3217,3,5848,2554,3294,0,0,0,1.0,1,1.0,1,1.0,1,0.3218322695009626,54
3218,0,5848,2554,3294,0,0,0,1.0,1,1.0,1,1.0,1,0.3218322695009626,54
3219,0,5848,2554,3294,0,0,0,1.0,1,1.0,1,1.0,1,0.32418713915582964,55
3220,0,5848,2554,3294,0,0,0,1.0,1,1.0,1,1.0,1,0.2981965230076087,56
3221,5,5853,2556,3297,0,0,0,1.0,1,1.0,1,1.0,1,0.2922738166625673,57
3222,1,5854,2557,3297,0,0,0,1.0,1,1.0,1,1.0,1,0.3036748216701582,57
3223,3,5857,2558,3299,0,0,0,1.0,1,1.0,1,1.0,1,0.30752762142443457,56
3224,6,5863,2563,3300,0,0,0,1.0,1,1.0,1,1.0,1,0.30516846760083133,58
3225,5,5868,2565,3303,0,0,0,1.0,1,1.0,1,1.0,1,0.2652710773088201,55
3226,1,5869,2566,3303,0,0,0,1.0,1,1.0,1,1.0,1,0.28227712937195,54
3227,1,5870,2567,3303,0,0,0,1.0,1,1.0,1,1.0,1,0.26460286259212407,53
3228,2,5872,2569,3303,0,0,0,1.0,1,1.0,1,1.0,1,0.31203344140015293,52
3229,4,5876,2571,3305,0,0,0,1.0,1,1.0,1,1.0,1,0.2867803455914005,52
3230,2,5878,2572,3306,0,0,0,1.0,1,1.0,1,1.0,1,0.24696632908497096,50
3231,2,5880,2574,3306,0,0,0,1.0,1,1.0,1,1.0,1,0.25970404149188897,50
3232,2,5882,2575,3307,0,0,0,1.0,1,1.0,1,1.0,1,0.2692279750617349,50
3233,2,5884,2577,3307,0,0,0,1.0,1,1.0,1,1.0,1,0.3123108998733475,50
3234,2,5886,2579,3307,0,0,0,1.0,1,1.0,1,1.0,1,0.31386815462174644,49
3235,1,5887,2580,3307,0,0,0,1.0,1,1.0,1,1.0,1,0.31968642396703906,49
3236,1,5888,2580,3308,0,0,0,1.0,1,1.0,1,1.0,1,0.312818510774816,51
3237,3,5891,2582,3309,0,0,0,1.0,1,1.0,1,1.0,1,0.360737310344536,53
3238,1,5892,2583,3309,0,0,0,1.0,1,1.0,1,1.0,1,0.3686051844029929,53
3239,1,5893,2583,3310,0,0,0,1.0,1,1.0,1,1.0,1,0.36016251891813567,53
3240,1,5894,2583,3311,0,0,0,1.0,1,1.0,1,1.0,1,0.3556541962746868,53
3241,6,5900,2583,3317,0,0,0,1.0,1,1.0,1,1.0,1,0.2750077824897575,53
3242,2,5902,2583,3319,0,0,0,1.0,1,1.0,1,1.0,1,0.25315829762769176,53
3243,1,5903,2583,3320,0,0,0,1.0,1,1.0,1,1.0,1,0.24736914910715713,56
3244,1,5904,2583,3321,0,0,0,1.0,1,1.0,1,1.0,1,0.25101230895144616,57
3245,1,5905,2583,3322,0,0,0,1.0,1,1.0,1,1.0,1,0.25441339537521374,59
3246,1,5906,2583,3323,0,0,0,1.0,1,1.0,1,1.0,1,0.2352910319080236,59
3247,1,5907,2584,3323,0,0,0,1.0,1,1.0,1,1.0,1,0.25365111099059534,59
3248,1,5908,2585,3323,0,0,0,1.0,1,1.0,1,1.0,1,0.2557531079078074,59
3249,1,5909,2585,3324,0,0,0,1.0,1,1.0,1,1.0,1,0.27485714493114777,58
3250,1,5910,2586,3324,0,0,0,1.0,1,1.0,1,1.0,1,0.2687964063598201,58
3251,1,5911,2586,3325,0,0,0,1.0,1,1.0,1,1.0,1,0.26361628262157205,57
3252,1,5912,2587,3325,0,0,0,1.0,1,1.0,1,1.0,1,0.2652035934102665,57
3253,0,5912,2587,3325,0,0,0,1.0,1,1.0,1,1.0,1,0.27997242296886643,56
3254,0,5912,2587,3325,0,0,0,1.0,1,1.0,1,1.0,1,0.28365190856088696,57
3255,2,5914,2588,3326,0,0,0,1.0,1,1.0,1,1.0,1,0.27177580116646644,57
3256,3,5917,2588,3329,0,0,0,1.0,1,1.0,1,1.0,1,0.23747889204492417,57
3257,1,5918,2588,3330,0,0,0,1.0,1,1.0,1,1.0,1,0.2158995182827831,57
3258,1,5919,2588,3331,0,0,0,1.0,1,1.0,1,1.0,1,0.21691936626557515,58
3259,3,5922,2589,3333,0,0,0,1.0,1,1.0,1,1.0,1,0.21684385500622122,59
3260,2,5924,2590,3334,0,0,0,1.0,1,1.0,1,1.0,1,0.22704373922250695,60
3261,3,5927,2591,3336,0,0,0,1.0,1,1.0,1,1.0,1,0.1892750901223141,60
3262,4,5931,2593,3338,0,0,0,1.0,1,1.0,1,1.0,1,0.1849762409955601,61
3263,5,5936,2597,3339,0,0,0,1.0,1,1.0,1,1.0,1,0.18424807858159956,62
3264,3,5939,2599,3340,0,0,0,1.0,1,1.0,1,1.0,1,0.18587136267876733,60
3265,3,5942,2601,3341,0,0,0,1.0,1,1.0,1,1.0,1,0.17378049029606768,58
3266,7,5949,2606,3343,0,0,0,1.0,1,1.0,1,1.0,1,0.18936398594894974,59
3267,6,5955,2608,3347,0,0,0,1.0,1,1.0,1,1.0,1,0.17072414441563807,60
3268,4,5959,2611,3348,0,0,0,1.0,1,1.0,1,1.0,1,0.16165047141460978,58
3269,1,5960,2611,3349,0,0,0,1.0,1,1.0,1,1.0,1,0.1395206097400505,57
3270,2,5962,2613,3349,0,0,0,1.0,1,1.0,1,1.0,1,0.15616695145731557,56
3271,2,5964,2614,3350,0,0,0,1.0,1,1.0,1,1.0,1,0.11916051907984865,55
3272,0,5964,2614,3350,0,0,0,1.0,1,1.0,1,1.0,1,0.11849489497925188,55
3273,3,5967,2616,3351,0,0,0,1.0,1,1.0,1,1.0,1,0.17178520626819627,55
3274,1,5968,2616,3352,0,0,0,1.0,1,1.0,1,1.0,1,0.1268583556571917,55
3275,0,5968,2616,3352,0,0,0,1.0,1,1.0,1,1.0,1,0.1268583556571917,55
3276,0,5968,2616,3352,0,0,0,1.0,1,1.0,1,1.0,1,0.12117810914681586,55
3277,0,5968,2616,3352,0,0,0,1.0,1,1.0,1,1.0,1,0.11376225512280147,57
3278,2,5970,2617,3353,0,0,0,1.0,1,1.0,1,1.0,1,0.12807348833749582,56
3279,2,5972,2619,3353,0,0,0,1.0,1,1.0,1,1.0,1,0.1152355074592299,54
3280,1,5973,2620,3353,0,0,0,1.0,1,1.0,1,1.0,1,0.1673761381867565,53
3281,2,5975,2622,3353,0,0,0,1.0,1,1.0,1,1.0,1,0.1932985160631138,52
3282,1,5976,2623,3353,0,0,0,1.0,1,1.0,1,1.0,1,0.22565809843520182,50
3283,2,5978,2625,3353,0,0,0,1.0,1,1.0,1,1.0,1,0.24497096438387786,50
3284,2,5980,2627,3353,0,0,0,1.0,1,1.0,1,1.0,1,0.24927305903131083,47
3285,0,5980,2627,3353,0,0,0,1.0,1,1.0,1,1.0,1,0.23682409552616446,48
3286,8,5988,2630,3358,0,0,0,1.0,1,1.0,1,1.0,1,0.16229616850925824,46
3287,4,5992,2633,3359,0,0,0,1.0,1,1.0,1,1.0,1,0.18228129743122987,46
3288,2,5994,2635,3359,0,0,0,1.0,1,1.0,1,1.0,1,0.1836027138042682,46
3289,4,5998,2637,3361,0,0,0,1.0,1,1.0,1,1.0,1,0.24666675723775572,48
3290,2,6000,2639,3361,0,0,0,1.0,1,1.0,1,1.0,1,0.26301408015287847,48
3291,5,6005,2640,3365,0,0,0,1.0,1,1.0,1,1.0,1,0.25342631527266696,50
3292,5,6010,2642,3368,0,0,0,1.0,1,1.0,1,1.0,1,0.2904136986573216,50
3293,5,6015,2643,3372,0,0,0,1.0,1,1.0,1,1.0,1,0.2921501105233096,51
3294,4,6019,2645,3374,0,0,0,1.0,1,1.0,1,1.0,1,0.2645445767490513,50
3295,3,6022,2646,3376,0,0,0,1.0,1,1.0,1,1.0,1,0.2529558893269856,50
3296,1,6023,2647,3376,0,0,0,1.0,1,1.0,1,1.0,1,0.24468136848461156,50
3297,7,6030,2649,3381,0,0,0,1.0,1,1.0,1,1.0,1,0.23225168345285657,51
3298,2,6032,2649,3383,0,0,0,1.0,1,1.0,1,1.0,1,0.25861009510105987,52
3299,2,6034,2650,3384,0,0,0,1.0,1,1.0,1,1.0,1,0.25053201774310174,53
3300,0,6034,2650,3384,0,0,0,1.0,1,1.0,1,1.0,1,0.25053201774310174,53
3301,6,6040,2650,3390,0,0,0,1.0,1,1.0,1,1.0,1,0.1531570672879756,53
3302,4,6044,2653,3391,0,0,0,1.0,1,1.0,1,1.0,1,0.1329486976392817,53
3303,1,6045,2653,3392,0,0,0,1.0,1,1.0,1,1.0,1,0.10157756735775053,52
3304,5,6050,2655,3395,0,0,0,1.0,1,1.0,1,1.0,1,0.15346283319060972,52
3305,0,6050,2655,3395,0,0,0,1.0,1,1.0,1,1.0,1,0.14456126362071245,51
3306,4,6054,2657,3397,0,0,0,1.0,1,1.0,1,1.0,1,0.18841792680727065,51
3307,0,6054,2657,3397,0,0,0,1.0,1,1.0,1,1.0,1,0.18408963828648847,48
3308,2,6056,2658,3398,0,0,0,1.0,1,1.0,1,1.0,1,0.20286921203786482,48
3309,0,6056,2658,3398,0,0,0,1.0,1,1.0,1,1.0,1,0.18655048398298593,48
3310,0,6056,2658,3398,0,0,0,1.0,1,1.0,1,1.0,1,0.23901913149840073,47
3311,3,6059,2659,3400,0,0,0,1.0,1,1.0,1,1.0,1,0.23615535131525625,49
3312,1,6060,2660,3400,0,0,0,1.0,1,1.0,1,1.0,1,0.25681678300987393,48
3313,4,6064,2663,3401,0,0,0,1.0,1,1.0,1,1.0,1,0.3011875310882773,49
3314,2,6066,2665,3401,0,0,0,1.0,1,1.0,1,1.0,1,0.30451565301567696,47
3315,1,6067,2666,3401,0,0,0,1.0,1,1.0,1,1.0,1,0.3123568464039304,47
3316,6,6073,2666,3407,0,0,0,1.0,1,1.0,1,1.0,1,0.2103590285842875,47
3317,1,6074,2666,3408,0,0,0,1.0,1,1.0,1,1.0,1,0.1742952327913263,46
3318,2,6076,2667,3409,0,0,0,1.0,1,1.0,1,1.0,1,0.1769933757726721,45
3319,1,6077,2667,3410,0,0,0,1.0,1,1.0,1,1.0,1,0.18199125038290012,44
3320,2,6079,2668,3411,0,0,0,1.0,1,1.0,1,1.0,1,0.17805969182868547,43
3321,1,6080,2669,3411,0,0,0,1.0,1,1.0,1,1.0,1,0.19800661475786596,43
3322,0,6080,2669,3411,0,0,0,1.0,1,1.0,1,1.0,1,0.23151292619266403,40
3323,1,6081,2669,3412,0,0,0,1.0,1,1.0,1,1.0,1,0.2652197861765984,40
3324,0,6081,2669,3412,0,0,0,1.0,1,1.0,1,1.0,1,0.27341328334469067,40
3325,1,6082,2670,3412,0,0,0,1.0,1,1.0,1,1.0,1,0.3182903471764595,40
3326,0,6082,2670,3412,0,0,0,1.0,1,1.0,1,1.0,1,0.2668900026388737,41
3327,0,6082,2670,3412,0,0,0,1.0,1,1.0,1,1.0,1,0.2655079680262604,39
3328,6,6088,2675,3413,0,0,0,1.0,1,1.0,1,1.0,1,0.3786058465817803,41
3329,4,6092,2676,3416,0,0,0,1.0,1,1.0,1,1.0,1,0.2762232443260392,39
3330,4,6096,2679,3417,0,0,0,1.0,1,1.0,1,1.0,1,0.32744073306092936,40
3331,2,6098,2679,3419,0,0,0,1.0,1,1.0,1,1.0,1,0.2831324535086517,38
3332,0,6098,2679,3419,0,0,0,1.0,1,1.0,1,1.0,1,0.3210217612530792,38
3333,1,6099,2679,3420,0,0,0,1.0,1,1.0,1,1.0,1,0.2993341511089031,38
3334,1,6100,2679,3421,0,0,0,1.0,1,1.0,1,1.0,1,0.31615445345738913,40
3335,1,6101,2679,3422,0,0,0,1.0,1,1.0,1,1.0,1,0.2947250389423253,40
3336,0,6101,2679,3422,0,0,0,1.0,1,1.0,1,1.0,1,0.33372578608467784,39
3337,0,6101,2679,3422,0,0,0,1.0,1,1.0,1,1.0,1,0.3313212786351161,40
3338,3,6104,2682,3422,0,0,0,1.0,1,1.0,1,1.0,1,0.3214077777031859,41
3339,2,6106,2682,3424,0,0,0,1.0,1,1.0,1,1.0,1,0.28508355304155525,42
3340,3,6109,2684,3425,0,0,0,1.0,1,1.0,1,1.0,1,0.2865976013651248,43
3341,2,6111,2684,3427,0,0,0,1.0,1,1.0,1,1.0,1,0.2865976013651248,43
3342,8,6119,2685,3434,0,0,0,1.0,1,1.0,1,1.0,1,0.24720688869686383,44
3343,3,6122,2687,3435,0,0,0,1.0,1,1.0,1,1.0,1,0.25432324453858685,44
3344,2,6124,2689,3435,0,0,0,1.0,1,1.0,1,1.0,1,0.29310154213648526,44
3345,0,6124,2689,3435,0,0,0,1.0,1,1.0,1,1.0,1,0.3048806441518804,43
3346,1,6125,2689,3436,0,0,0,1.0,1,1.0,1,1.0,1,0.2984031456737119,42
3347,0,6125,2689,3436,0,0,0,1.0,1,1.0,1,1.0,1,0.2749120233236985,44
3348,0,6125,2689,3436,0,0,0,1.0,1,1.0,1,1.0,1,0.28645930219486593,45
3349,2,6127,2691,3436,0,0,0,1.0,1,1.0,1,1.0,1,0.2878095600700398,45
3350,1,6128,2691,3437,0,0,0,1.0,1,1.0,1,1.0,1,0.25330253766281186,46
3351,2,6130,2691,3439,0,0,0,1.0,1,1.0,1,1.0,1,0.20534827880385859,47
3352,1,6131,2691,3440,0,0,0,1.0,1,1.0,1,1.0,1,0.18465325254069742,47
3353,0,6131,2691,3440,0,0,0,1.0,1,1.0,1,1.0,1,0.198021602942969,48
3354,2,6133,2692,3441,0,0,0,1.0,1,1.0,1,1.0,1,0.20342009029219618,48
3355,2,6135,2693,3442,0,0,0,1.0,1,1.0,1,1.0,1,0.19201795651374667,48
3356,4,6139,2695,3444,0,0,0,1.0,1,1.0,1,1.0,1,0.20302669719604402,48
3357,1,6140,2696,3444,0,0,0,1.0,1,1.0,1,1.0,1,0.20710862644861133,47
3358,0,6140,2696,3444,0,0,0,1.0,1,1.0,1,1.0,1,0.2369239975890333,46
3359,2,6142,2698,3444,0,0,0,1.0,1,1.0,1,1.0,1,0.2624724483860636,45
3360,1,6143,2699,3444,0,0,0,1.0,1,1.0,1,1.0,1,0.26589172392411525,44
3361,2,6145,2699,3446,0,0,0,1.0,1,1.0,1,1.0,1,0.23475743392924345,43
3362,1,6146,2699,3447,0,0,0,1.0,1,1.0,1,1.0,1,0.20350153136124424,42
3363,1,6147,2700,3447,0,0,0,1.0,1,1.0,1,1.0,1,0.23481733602115987,41
3364,0,6147,2700,3447,0,0,0,1.0,1,1.0,1,1.0,1,0.24357906787206082,41
3365,0,6147,2700,3447,0,0,0,1.0,1,1.0,1,1.0,1,0.2593080499753312,41
3366,2,6149,2702,3447,0,0,0,1.0,1,1.0,1,1.0,1,0.31615039671700024,40
3367,1,6150,2702,3448,0,0,0,1.0,1,1.0,1,1.0,1,0.26349386454162405,39
3368,2,6152,2703,3449,0,0,0,1.0,1,1.0,1,1.0,1,0.22641063960468452,39
3369,0,6152,2703,3449,0,0,0,1.0,1,1.0,1,1.0,1,0.2213767144673597,40
3370,2,6154,2705,3449,0,0,0,1.0,1,1.0,1,1.0,1,0.23023162645449305,41
3371,1,6155,2706,3449,0,0,0,1.0,1,1.0,1,1.0,1,0.24058741900904654,41
3372,2,6157,2708,3449,0,0,0,1.0,1,1.0,1,1.0,1,0.28656970935751197,40
3373,5,6162,2709,3453,0,0,0,1.0,1,1.0,1,1.0,1,0.28995694836570907,41
3374,2,6164,2710,3454,0,0,0,1.0,1,1.0,1,1.0,1,0.2932303171798056,42
3375,2,6166,2710,3456,0,0,0,1.0,1,1.0,1,1.0,1,0.31603877638418354,44
3376,9,6175,2711,3464,0,0,0,1.0,1,1.0,1,1.0,1,0.1256048307717169,46
3377,1,6176,2711,3465,0,0,0,1.0,1,1.0,1,1.0,1,0.1382901195888433,47
3378,1,6177,2712,3465,0,0,0,1.0,1,1.0,1,1.0,1,0.14764690690008156,48
3379,0,6177,2712,3465,0,0,0,1.0,1,1.0,1,1.0,1,0.14764690690008156,48
3380,1,6178,2712,3466,0,0,0,1.0,1,1.0,1,1.0,1,0.11881407105657482,48
3381,0,6178,2712,3466,0,0,0,1.0,1,1.0,1,1.0,1,0.11881407105657482,48
3382,3,6181,2714,3467,0,0,0,1.0,1,1.0,1,1.0,1,0.20669203506098488,49
3383,0,6181,2714,3467,0,0,0,1.0,1,1.0,1,1.0,1,0.18526342253700478,47
3384,5,6186,2717,3469,0,0,0,1.0,1,1.0,1,1.0,1,0.29178240979831527,48
3385,1,6187,2717,3470,0,0,0,1.0,1,1.0,1,1.0,1,0.252346011342508,47
3386,1,6188,2717,3471,0,0,0,1.0,1,1.0,1,1.0,1,0.2590879091206388,49
3387,0,6188,2717,3471,0,0,0,1.0,1,1.0,1,1.0,1,0.25087916885798606,48
3388,2,6190,2718,3472,0,0,0,1.0,1,1.0,1,1.0,1,0.27314529548117555,48
3389,0,6190,2718,3472,0,0,0,1.0,1,1.0,1,1.0,1,0.29366479070072504,50
3390,0,6190,2718,3472,0,0,0,1.0,1,1.0,1,1.0,1,0.27398255339952415,51
3391,2,6192,2718,3474,0,0,0,1.0,1,1.0,1,1.0,1,0.2308301673491177,51
3392,2,6194,2718,3476,0,0,0,1.0,1,1.0,1,1.0,1,0.23223117773739013,52
3393,1,6195,2718,3477,0,0,0,1.0,1,1.0,1,1.0,1,0.19741971588639043,52
3394,2,6197,2719,3478,0,0,0,1.0,1,1.0,1,1.0,1,0.20938971012446675,52
3395,0,6197,2719,3478,0,0,0,1.0,1,1.0,1,1.0,1,0.20691810875229355,50
3396,0,6197,2719,3478,0,0,0,1.0,1,1.0,1,1.0,1,0.19695029720493398,49
3397,1,6198,2720,3478,0,0,0,1.0,1,1.0,1,1.0,1,0.2295366723586747,49
3398,0,6198,2720,3478,0,0,0,1.0,1,1.0,1,1.0,1,0.24621833186099326,48
3399,4,6202,2721,3481,0,0,0,1.0,1,1.0,1,1.0,1,0.23022972315154425,49
3400,1,6203,2722,3481,0,0,0,1.0,1,1.0,1,1.0,1,0.24130141895400237,50
3401,1,6204,2722,3482,0,0,0,1.0,1,1.0,1,1.0,1,0.21937405902731247,51
3402,1,6205,2723,3482,0,0,0,1.0,1,1.0,1,1.0,1,0.24009278523121086,51
3403,1,6206,2724,3482,0,0,0,1.0,1,1.0,1,1.0,1,0.2372911587444688,51
3404,1,6207,2724,3483,0,0,0,1.0,1,1.0,1,1.0,1,0.2230910472103002,51
3405,2,6209,2725,3484,0,0,0,1.0,1,1.0,1,1.0,1,0.2210234883687347,51
3406,1,6210,2725,3485,0,0,0,1.0,1,1.0,1,1.0,1,0.18912935133541062,51
3407,0,6210,2725,3485,0,0,0,1.0,1,1.0,1,1.0,1,0.198334184215504,52
3408,1,6211,2725,3486,0,0,0,1.0,1,1.0,1,1.0,1,0.19930789893392956,53
3409,1,6212,2726,3486,0,0,0,1.0,1,1.0,1,1.0,1,0.19765166671356957,54
3410,2,6214,2728,3486,0,0,0,1.0,1,1.0,1,1.0,1,0.21743055311951276,54
3411,2,6216,2729,3487,0,0,0,1.0,1,1.0,1,1.0,1,0.17030063182177016,54
3412,1,6217,2729,3488,0,0,0,1.0,1,1.0,1,1.0,1,0.18034875047891735,55
3413,1,6218,2729,3489,0,0,0,1.0,1,1.0,1,1.0,1,0.1458872825216719,55
3414,1,6219,2729,3490,0,0,0,1.0,1,1.0,1,1.0,1,0.1522255098637071,55
3415,2,6221,2731,3490,0,0,0,1.0,1,1.0,1,1.0,1,0.17776334036583316,56
3416,1,6222,2731,3491,0,0,0,1.0,1,1.0,1,1.0,1,0.18919071212402186,55
3417,0,6222,2731,3491,0,0,0,1.0,1,1.0,1,1.0,1,0.20427005950093688,56
3418,4,6226,2734,3492,0,0,0,1.0,1,1.0,1,1.0,1,0.2718895817972689,55
3419,7,6233,2735,3498,0,0,0,1.0,1,1.0,1,1.0,1,0.23416517332124662,56
3420,3,6236,2736,3500,0,0,0,1.0,1,1.0,1,1.0,1,0.23226541818740887,55
3421,5,6241,2737,3504,0,0,0,1.0,1,1.0,1,1.0,1,0.18914214291750991,57
3422,1,6242,2738,3504,0,0,0,1.0,1,1.0,1,1.0,1,0.1958016518983856,56
3423,1,6243,2739,3504,0,0,0,1.0,1,1.0,1,1.0,1,0.18095090823272986,56
3424,1,6244,2740,3504,0,0,0,1.0,1,1.0,1,1.0,1,0.19535867417317396,56
3425,0,6244,2740,3504,0,0,0,1.0,1,1.0,1,1.0,1,0.19535867417317396,56
3426,1,6245,2740,3505,0,0,0,1.0,1,1.0,1,1.0,1,0.21406200180247598,55
3427,2,6247,2741,3506,0,0,0,1.0,1,1.0,1,1.0,1,0.2334872546118149,55
3428,2,6249,2743,3506,0,0,0,1.0,1,1.0,1,1.0,1,0.23712153581370896,55
3429,0,6249,2743,3506,0,0,0,1.0,1,1.0,1,1.0,1,0.24880430032606343,54
3430,0,6249,2743,3506,0,0,0,1.0,1,1.0,1,1.0,1,0.25240025362368446,56
3431,0,6249,2743,3506,0,0,0,1.0,1,1.0,1,1.0,1,0.24037207965091792,54
3432,1,6250,2744,3506,0,0,0,1.0,1,1.0,1,1.0,1,0.26935474613740323,56
3433,3,6253,2746,3507,0,0,0,1.0,1,1.0,1,1.0,1,0.2619270629323478,53
3434,0,6253,2746,3507,0,0,0,1.0,1,1.0,1,1.0,1,0.25526306587309927,51
3435,1,6254,2747,3507,0,0,0,1.0,1,1.0,1,1.0,1,0.26278241146409487,51
3436,9,6263,2750,3513,0,0,0,1.0,1,1.0,1,1.0,1,0.20424464075446852,51
3437,6,6269,2751,3518,0,0,0,1.0,1,1.0,1,1.0,1,0.12236673982048683,53
3438,3,6272,2752,3520,0,0,0,1.0,1,1.0,1,1.0,1,0.11571114961667539,52
3439,2,6274,2752,3522,0,0,0,1.0,1,1.0,1,1.0,1,0.13571837050132465,54
3440,3,6277,2753,3524,0,0,0,1.0,1,1.0,1,1.0,1,0.09739538837996481,52
3441,3,6280,2753,3527,0,0,0,1.0,1,1.0,1,1.0,1,0.09474872399421509,53
3442,3,6283,2754,3529,0,0,0,1.0,1,1.0,1,1.0,1,0.1492785602375569,53
3443,2,6285,2754,3531,0,0,0,1.0,1,1.0,1,1.0,1,0.1772585308654542,53
3444,4,6289,2754,3535,0,0,0,1.0,1,1.0,1,1.0,1,0.17820864782554163,52
3445,3,6292,2755,3537,0,0,0,1.0,1,1.0,1,1.0,1,0.19486383801556573,53
3446,4,6296,2755,3541,0,0,0,1.0,1,1.0,1,1.0,1,0.22814681139046405,53
3447,6,6302,2757,3545,0,0,0,1.0,1,1.0,1,1.0,1,0.2807430335789879,53
3448,6,6308,2759,3549,0,0,0,1.0,1,1.0,1,1.0,1,0.33750608671080373,52
3449,8,6316,2762,3554,0,0,0,1.0,1,1.0,1,1.0,1,0.2641360513442435,52
3450,6,6322,2763,3559,0,0,0,1.0,1,1.0,1,1.0,1,0.28490329823836164,52
3451,9,6331,2766,3565,0,0,0,1.0,1,1.0,1,1.0,1,0.15609850059654617,54
3452,0,6331,2766,3565,0,0,0,1.0,1,1.0,1,1.0,1,0.15609850059654617,54
3453,3,6334,2767,3567,0,0,0,1.0,1,1.0,1,1.0,1,0.12059208987961702,54
3454,2,6336,2767,3569,0,0,0,1.0,1,1.0,1,1.0,1,0.12971277355999036,57
3455,0,6336,2767,3569,0,0,0,1.0,1,1.0,1,1.0,1,0.12971277355999036,57
3456,2,6338,2768,3570,0,0,0,1.0,1,1.0,1,1.0,1,0.14473507797588026,58
3457,1,6339,2768,3571,0,0,0,1.0,1,1.0,1,1.0,1,0.1734472809256961,57
3458,0,6339,2768,3571,0,0,0,1.0,1,1.0,1,1.0,1,0.17444939076907875,57
3459,0,6339,2768,3571,0,0,0,1.0,1,1.0,1,1.0,1,0.17444939076907875,57
3460,0,6339,2768,3571,0,0,0,1.0,1,1.0,1,1.0,1,0.17499847817881106,58
3461,2,6341,2769,3572,0,0,0,1.0,1,1.0,1,1.0,1,0.19175847152473247,59
3462,1,6342,2769,3573,0,0,0,1.0,1,1.0,1,1.0,1,0.17473080220454257,59
3463,2,6344,2771,3573,0,0,0,1.0,1,1.0,1,1.0,1,0.20858578084226848,59
3464,5,6349,2773,3576,0,0,0,1.0,1,1.0,1,1.0,1,0.20271554209054063,59
3465,3,6352,2774,3578,0,0,0,1.0,1,1.0,1,1.0,1,0.15405263146296166,57
3466,3,6355,2775,3580,0,0,0,1.0,1,1.0,1,1.0,1,0.15097350936000545,57
3467,2,6357,2775,3582,0,0,0,1.0,1,1.0,1,1.0,1,0.132473497761239,57
3468,2,6359,2776,3583,0,0,0,1.0,1,1.0,1,1.0,1,0.11847266423379998,57
3469,2,6361,2778,3583,0,0,0,1.0,1,1.0,1,1.0,1,0.17358101905138812,53
3470,1,6362,2779,3583,0,0,0,1.0,1,1.0,1,1.0,1,0.21824548591050472,50
3471,1,6363,2779,3584,0,0,0,1.0,1,1.0,1,1.0,1,0.18155204475579043,49
3472,0,6363,2779,3584,0,0,0,1.0,1,1.0,1,1.0,1,0.22273269129318934,47
3473,3,6366,2782,3584,0,0,0,1.0,1,1.0,1,1.0,1,0.24800653527395128,45
3474,2,6368,2783,3585,0,0,0,1.0,1,1.0,1,1.0,1,0.27257245271321767,42
3475,7,6375,2787,3588,0,0,0,1.0,1,1.0,1,1.0,1,0.34612593204650083,43
3476,1,6376,2788,3588,0,0,0,1.0,1,1.0,1,1.0,1,0.3701789602967971,41
3477,4,6380,2792,3588,0,0,0,1.0,1,1.0,1,1.0,1,0.37709655860570757,42
3478,2,6382,2794,3588,0,0,0,1.0,1,1.0,1,1.0,1,0.37169492486709726,40
3479,0,6382,2794,3588,0,0,0,1.0,1,1.0,1,1.0,1,0.34327294201132763,40
3480,1,6383,2795,3588,0,0,0,1.0,1,1.0,1,1.0,1,0.36796393429306345,40
3481,7,6390,2795,3595,0,0,0,1.0,1,1.0,1,1.0,1,0.2127097785320462,40
3482,0,6390,2795,3595,0,0,0,1.0,1,1.0,1,1.0,1,0.2127097785320462,40
3483,0,6390,2795,3595,0,0,0,1.0,1,1.0,1,1.0,1,0.2121224555226667,39
3484,0,6390,2795,3595,0,0,0,1.0,1,1.0,1,1.0,1,0.2121224555226667,39
3485,1,6391,2796,3595,0,0,0,1.0,1,1.0,1,1.0,1,0.23912726655138353,40
3486,1,6392,2796,3596,0,0,0,1.0,1,1.0,1,1.0,1,0.23516705365777407,41
3487,0,6392,2796,3596,0,0,0,1.0,1,1.0,1,1.0,1,0.24949313172762774,41
3488,1,6393,2797,3596,0,0,0,1.0,1,1.0,1,1.0,1,0.22258063665144845,42
3489,2,6395,2798,3597,0,0,0,1.0,1,1.0,1,1.0,1,0.18651384596425735,44
3490,1,6396,2798,3598,0,0,0,1.0,1,1.0,1,1.0,1,0.2058757818757894,44
3491,2,6398,2798,3600,0,0,0,1.0,1,1.0,1,1.0,1,0.1877102644584314,45
3492,1,6399,2799,3600,0,0,0,1.0,1,1.0,1,1.0,1,0.2109988513834297,45
3493,1,6400,2800,3600,0,0,0,1.0,1,1.0,1,1.0,1,0.20971648442860677,45
3494,0,6400,2800,3600,0,0,0,1.0,1,1.0,1,1.0,1,0.20971648442860677,45
3495,0,6400,2800,3600,0,0,0,1.0,1,1.0,1,1.0,1,0.20971648442860677,45
3496,3,6403,2800,3603,0,0,0,1.0,1,1.0,1,1.0,1,0.17269279079812286,46
3497,2,6405,2801,3604,0,0,0,1.0,1,1.0,1,1.0,1,0.18450096225414167,47
3498,1,6406,2802,3604,0,0,0,1.0,1,1.0,1,1.0,1,0.230750217339995,48
3499,0,6406,2802,3604,0,0,0,1.0,1,1.0,1,1.0,1,0.25176219229828223,47
3500,4,6410,2802,3608,0,0,0,1.0,1,1.0,1,1.0,1,0.20857993000822037,50
3501,1,6411,2803,3608,0,0,0,1.0,1,1.0,1,1.0,1,0.2251081207070406,50
3502,0,6411,2803,3608,0,0,0,1.0,1,1.0,1,1.0,1,0.2251081207070406,50
3503,2,6413,2805,3608,0,0,0,1.0,1,1.0,1,1.0,1,0.2679417032426668,50
3504,3,6416,2807,3609,0,0,0,1.0,1,1.0,1,1.0,1,0.3140548840652713,47
3505,1,6417,2808,3609,0,0,0,1.0,1,1.0,1,1.0,1,0.3431187111569039,48
3506,5,6422,2810,3612,0,0,0,1.0,1,1.0,1,1.0,1,0.40452342275892206,49
3507,0,6422,2810,3612,0,0,0,1.0,1,1.0,1,1.0,1,0.3977497984015266,46
3508,4,6426,2812,3614,0,0,0,1.0,1,1.0,1,1.0,1,0.4002991967287773,47
3509,0,6426,2812,3614,0,0,0,1.0,1,1.0,1,1.0,1,0.37459064291915045,44
3510,0,6426,2812,3614,0,0,0,1.0,1,1.0,1,1.0,1,0.4095879975619945,45
3511,3,6429,2813,3616,0,0,0,1.0,1,1.0,1,1.0,1,0.32515420164157616,44
3512,0,6429,2813,3616,0,0,0,1.0,1,1.0,1,1.0,1,0.3302017891850549,42
3513,0,6429,2813,3616,0,0,0,1.0,1,1.0,1,1.0,1,0.3302017891850549,42
3514,0,6429,2813,3616,0,0,0,1.0,1,1.0,1,1.0,1,0.368052863352912,42
3515,5,6434,2815,3619,0,0,0,1.0,1,1.0,1,1.0,1,0.38249038758462217,42
3516,1,6435,2815,3620,0,0,0,1.0,1,1.0,1,1.0,1,0.3540883579360824,41
3517,4,6439,2815,3624,0,0,0,1.0,1,1.0,1,1.0,1,0.32508421497272233,44
3518,1,6440,2815,3625,0,0,0,1.0,1,1.0,1,1.0,1,0.3364621527265542,43
3519,1,6441,2815,3626,0,0,0,1.0,1,1.0,1,1.0,1,0.33679058263641865,44
3520,2,6443,2815,3628,0,0,0,1.0,1,1.0,1,1.0,1,0.3454586344210882,45
3521,0,6443,2815,3628,0,0,0,1.0,1,1.0,1,1.0,1,0.3454586344210882,45
3522,0,6443,2815,3628,0,0,0,1.0,1,1.0,1,1.0,1,0.32834987545679845,46
3523,0,6443,2815,3628,0,0,0,1.0,1,1.0,1,1.0,1,0.32834987545679845,46
3524,0,6443,2815,3628,0,0,0,1.0,1,1.0,1,1.0,1,0.31515891399135476,47
3525,0,6443,2815,3628,0,0,0,1.0,1,1.0,1,1.0,1,0.3468579712541921,48
3526,4,6447,2815,3632,0,0,0,1.0,1,1.0,1,1.0,1,0.2882593429294084,49
3527,4,6451,2817,3634,0,0,0,1.0,1,1.0,1,1.0,1,0.2869460776681554,49
3528,5,6456,2817,3639,0,0,0,1.0,1,1.0,1,1.0,1,0.26785979369085644,51
3529,1,6457,2817,3640,0,0,0,1.0,1,1.0,1,1.0,1,0.26323985848119646,51
3530,1,6458,2818,3640,0,0,0,1.0,1,1.0,1,1.0,1,0.2741542129044038,52
3531,2,6460,2819,3641,0,0,0,1.0,1,1.0,1,1.0,1,0.269540171053808,52
3532,1,6461,2819,3642,0,0,0,1.0,1,1.0,1,1.0,1,0.2591837292196612,52
3533,0,6461,2819,3642,0,0,0,1.0,1,1.0,1,1.0,1,0.2591837292196612,52
3534,0,6461,2819,3642,0,0,0,1.0,1,1.0,1,1.0,1,0.2591837292196612,52
3535,1,6462,2820,3642,0,0,0,1.0,1,1.0,1,1.0,1,0.2637849147389995,52
3536,0,6462,2820,3642,0,0,0,1.0,1,1.0,1,1.0,1,0.2831971837663728,54
3537,0,6462,2820,3642,0,0,0,1.0,1,1.0,1,1.0,1,0.28096722831008875,55
3538,0,6462,2820,3642,0,0,0,1.0,1,1.0,1,1.0,1,0.28096722831008875,55
3539,2,6464,2820,3644,0,0,0,1.0,1,1.0,1,1.0,1,0.2549629536428735,58
3540,2,6466,2820,3646,0,0,0,1.0,1,1.0,1,1.0,1,0.24537141452109848,59
3541,1,6467,2820,3647,0,0,0,1.0,1,1.0,1,1.0,1,0.23002068359453368,59
3542,0,6467,2820,3647,0,0,0,1.0,1,1.0,1,1.0,1,0.2500403897909681,61
3543,3,6470,2822,3648,0,0,0,1.0,1,1.0,1,1.0,1,0.26749656184512455,62
3544,5,6475,2825,3650,0,0,0,1.0,1,1.0,1,1.0,1,0.2677537938073983,59
3545,2,6477,2826,3651,0,0,0,1.0,1,1.0,1,1.0,1,0.2781356876545802,59
3546,3,6480,2828,3652,0,0,0,1.0,1,1.0,1,1.0,1,0.3006936778753161,57
3547,1,6481,2829,3652,0,0,0,1.0,1,1.0,1,1.0,1,0.28363757592352606,53
3548,0,6481,2829,3652,0,0,0,1.0,1,1.0,1,1.0,1,0.28363757592352606,53
3549,1,6482,2830,3652,0,0,0,1.0,1,1.0,1,1.0,1,0.2754517778840857,52
3550,2,6484,2831,3653,0,0,0,1.0,1,1.0,1,1.0,1,0.28224956735130524,51
3551,1,6485,2832,3653,0,0,0,1.0,1,1.0,1,1.0,1,0.29578124756855667,51
3552,2,6487,2833,3654,0,0,0,1.0,1,1.0,1,1.0,1,0.3247351971905069,51
3553,1,6488,2833,3655,0,0,0,1.0,1,1.0,1,1.0,1,0.3256828106372685,49
3554,2,6490,2833,3657,0,0,0,1.0,1,1.0,1,1.0,1,0.2902887162945843,49
3555,6,6496,2833,3663,0,0,0,1.0,1,1.0,1,1.0,1,0.2029862674866306,51
3556,1,6497,2833,3664,0,0,0,1.0,1,1.0,1,1.0,1,0.19636768246089825,51
3557,1,6498,2834,3664,0,0,0,1.0,1,1.0,1,1.0,1,0.20398862264033338,52
3558,1,6499,2834,3665,0,0,0,1.0,1,1.0,1,1.0,1,0.1874848237727512,52
3559,2,6501,2835,3666,0,0,0,1.0,1,1.0,1,1.0,1,0.1795051207489271,52
3560,0,6501,2835,3666,0,0,0,1.0,1,1.0,1,1.0,1,0.17324149246308532,53
3561,1,6502,2836,3666,0,0,0,1.0,1,1.0,1,1.0,1,0.17102429148102072,54
3562,2,6504,2838,3666,0,0,0,1.0,1,1.0,1,1.0,1,0.19512130905439803,54
3563,3,6507,2839,3668,0,0,0,1.0,1,1.0,1,1.0,1,0.18660165007301718,55
3564,3,6510,2839,3671,0,0,0,1.0,1,1.0,1,1.0,1,0.13266011169637956,57
3565,0,6510,2839,3671,0,0,0,1.0,1,1.0,1,1.0,1,0.13968157668682066,56
3566,1,6511,2840,3671,0,0,0,1.0,1,1.0,1,1.0,1,0.1755521968743584,57
3567,1,6512,2841,3671,0,0,0,1.0,1,1.0,1,1.0,1,0.1860880848097882,57
3568,3,6515,2842,3673,0,0,0,1.0,1,1.0,1,1.0,1,0.20700561736793244,57
3569,2,6517,2842,3675,0,0,0,1.0,1,1.0,1,1.0,1,0.18617575301187797,57
3570,2,6519,2844,3675,0,0,0,1.0,1,1.0,1,1.0,1,0.25647725009921113,59
3571,2,6521,2844,3677,0,0,0,1.0,1,1.0,1,1.0,1,0.22285488793706468,60
3572,0,6521,2844,3677,0,0,0,1.0,1,1.0,1,1.0,1,0.21794139735947776,61
3573,1,6522,2844,3678,0,0,0,1.0,1,1.0,1,1.0,1,0.21384935265507451,62
3574,1,6523,2844,3679,0,0,0,1.0,1,1.0,1,1.0,1,0.20601291916655123,63
3575,1,6524,2844,3680,0,0,0,1.0,1,1.0,1,1.0,1,0.19771927096631256,63
3576,0,6524,2844,3680,0,0,0,1.0,1,1.0,1,1.0,1,0.19771927096631256,63
3577,0,6524,2844,3680,0,0,0,1.0,1,1.0,1,1.0,1,0.20689974019140364,64
3578,0,6524,2844,3680,0,0,0,1.0,1,1.0,1,1.0,1,0.21585114061815142,64
3579,0,6524,2844,3680,0,0,0,1.0,1,1.0,1,1.0,1,0.21585114061815142,64
3580,0,6524,2844,3680,0,0,0,1.0,1,1.0,1,1.0,1,0.22569989971510418,65
3581,3,6527,2844,3683,0,0,0,1.0,1,1.0,1,1.0,1,0.2035623660390988,68
3582,6,6533,2848,3685,0,0,0,1.0,1,1.0,1,1.0,1,0.20274158572667414,68
3583,2,6535,2850,3685,0,0,0,1.0,1,1.0,1,1.0,1,0.21261853486260393,65
3584,3,6538,2852,3686,0,0,0,1.0,1,1.0,1,1.0,1,0.23998275866442603,64
3585,3,6541,2853,3688,0,0,0,1.0,1,1.0,1,1.0,1,0.2037381327541404,64
3586,7,6548,2855,3693,0,0,0,1.0,1,1.0,1,1.0,1,0.1804145490023542,65
3587,6,6554,2856,3698,0,0,0,1.0,1,1.0,1,1.0,1,0.13329123025799455,64
3588,3,6557,2859,3698,0,0,0,1.0,1,1.0,1,1.0,1,0.15485648207874136,62
3589,3,6560,2862,3698,0,0,0,1.0,1,1.0,1,1.0,1,0.1716702827986654,63
3590,2,6562,2863,3699,0,0,0,1.0,1,1.0,1,1.0,1,0.16704450453290856,63
3591,2,6564,2864,3700,0,0,0,1.0,1,1.0,1,1.0,1,0.17864933306259842,62
3592,1,6565,2865,3700,0,0,0,1.0,1,1.0,1,1.0,1,0.16594693765049148,59
3593,3,6568,2866,3702,0,0,0,1.0,1,1.0,1,1.0,1,0.13161959374091978,58
3594,0,6568,2866,3702,0,0,0,1.0,1,1.0,1,1.0,1,0.1372650134632453,57
3595,3,6571,2867,3704,0,0,0,1.0,1,1.0,1,1.0,1,0.16625995951900763,59
3596,3,6574,2867,3707,0,0,0,1.0,1,1.0,1,1.0,1,0.11155910933686816,57
3597,5,6579,2870,3709,0,0,0,1.0,1,1.0,1,1.0,1,0.15993997392714782,57
3598,3,6582,2871,3711,0,0,0,1.0,1,1.0,1,1.0,1,0.17772224742662787,57
3599,4,6586,2874,3712,0,0,0,1.0,1,1.0,1,1.0,1,0.20079695870180897,58
3600,0,6586,2874,3712,0,0,0,1.0,1,1.0,1,1.0,1,0.19989475380690114,58
3601,5,6591,2875,3716,0,0,0,1.0,1,1.0,1,1.0,1,0.13928794824354584,58
3602,1,6592,2875,3717,0,0,0,1.0,1,1.0,1,1.0,1,0.11843998800504958,60
3603,1,6593,2876,3717,0,0,0,1.0,1,1.0,1,1.0,1,0.1235245403559552,60
3604,0,6593,2876,3717,0,0,0,1.0,1,1.0,1,1.0,1,0.1235245403559552,60
3605,1,6594,2876,3718,0,0,0,1.0,1,1.0,1,1.0,1,0.1215711316222266,61
3606,2,6596,2877,3719,0,0,0,1.0,1,1.0,1,1.0,1,0.11086431309029476,63
3607,1,6597,2878,3719,0,0,0,1.0,1,1.0,1,1.0,1,0.14143921057437028,63
3608,1,6598,2878,3720,0,0,0,1.0,1,1.0,1,1.0,1,0.14073023945284652,64
3609,5,6603,2878,3725,0,0,0,1.0,1,1.0,1,1.0,1,0.10008468485750426,66
3610,2,6605,2880,3725,0,0,0,1.0,1,1.0,1,1.0,1,0.11602113888487135,67
3611,4,6609,2882,3727,0,0,0,1.0,1,1.0,1,1.0,1,0.16382906450957718,67
3612,3,6612,2883,3729,0,0,0,1.0,1,1.0,1,1.0,1,0.17913800035239658,66
3613,2,6614,2884,3730,0,0,0,1.0,1,1.0,1,1.0,1,0.1899225544090549,66
3614,3,6617,2886,3731,0,0,0,1.0,1,1.0,1,1.0,1,0.20681186650978675,65
3615,0,6617,2886,3731,0,0,0,1.0,1,1.0,1,1.0,1,0.20860328591722527,65
3616,5,6622,2887,3735,0,0,0,1.0,1,1.0,1,1.0,1,0.16400572873604147,65
3617,3,6625,2888,3737,0,0,0,1.0,1,1.0,1,1.0,1,0.19136827752535499,66
3618,1,6626,2889,3737,0,0,0,1.0,1,1.0,1,1.0,1,0.2017215259339308,66
3619,3,6629,2890,3739,0,0,0,1.0,1,1.0,1,1.0,1,0.18629903124559724,65
3620,4,6633,2890,3743,0,0,0,1.0,1,1.0,1,1.0,1,0.18155132987678224,66
3621,4,6637,2891,3746,0,0,0,1.0,1,1.0,1,1.0,1,0.17748133969093982,65
3622,2,6639,2891,3748,0,0,0,1.0,1,1.0,1,1.0,1,0.13724101667418676,65
3623,1,6640,2892,3748,0,0,0,1.0,1,1.0,1,1.0,1,0.16080700221596436,62
3624,4,6644,2895,3749,0,0,0,1.0,1,1.0,1,1.0,1,0.19999607006525918,62
3625,3,6647,2896,3751,0,0,0,1.0,1,1.0,1,1.0,1,0.18292833160130287,61
3626,1,6648,2897,3751,0,0,0,1.0,1,1.0,1,1.0,1,0.1533632009916399,58
3627,2,6650,2898,3752,0,0,0,1.0,1,1.0,1,1.0,1,0.17211940526093475,58
3628,3,6653,2901,3752,0,0,0,1.0,1,1.0,1,1.0,1,0.2064191670239407,57
3629,2,6655,2902,3753,0,0,0,1.0,1,1.0,1,1.0,1,0.21422957385124375,57
3630,6,6661,2905,3756,0,0,0,1.0,1,1.0,1,1.0,1,0.23660212239176723,56
3631,7,6668,2909,3759,0,0,0,1.0,1,1.0,1,1.0,1,0.18587792639271955,54
3632,0,6668,2909,3759,0,0,0,1.0,1,1.0,1,1.0,1,0.19245481901869174,52
3633,3,6671,2911,3760,0,0,0,1.0,1,1.0,1,1.0,1,0.22082904862879602,52
3634,1,6672,2912,3760,0,0,0,1.0,1,1.0,1,1.0,1,0.20779929091897525,49
3635,2,6674,2913,3761,0,0,0,1.0,1,1.0,1,1.0,1,0.24088669230724769,47
3636,3,6677,2914,3763,0,0,0,1.0,1,1.0,1,1.0,1,0.23159130906753836,48
3637,2,6679,2914,3765,0,0,0,1.0,1,1.0,1,1.0,1,0.2356496808285346,49
3638,1,6680,2915,3765,0,0,0,1.0,1,1.0,1,1.0,1,0.24733168851017384,50
3639,1,6681,2916,3765,0,0,0,1.0,1,1.0,1,1.0,1,0.27062652277798765,52
3640,1,6682,2917,3765,0,0,0,1.0,1,1.0,1,1.0,1,0.29233457146893144,52
3641,4,6686,2917,3769,0,0,0,1.0,1,1.0,1,1.0,1,0.25229555960148764,52
3642,0,6686,2917,3769,0,0,0,1.0,1,1.0,1,1.0,1,0.25229555960148764,52
3643,0,6686,2917,3769,0,0,0,1.0,1,1.0,1,1.0,1,0.25229555960148764,52
3644,0,6686,2917,3769,0,0,0,1.0,1,1.0,1,1.0,1,0.25229555960148764,52
3645,0,6686,2917,3769,0,0,0,1.0,1,1.0,1,1.0,1,0.23307300855126073,53
3646,4,6690,2917,3773,0,0,0,1.0,1,1.0,1,1.0,1,0.1536503411028774,53
3647,1,6691,2918,3773,0,0,0,1.0,1,1.0,1,1.0,1,0.1654769563087827,55
3648,4,6695,2918,3777,0,0,0,1.0,1,1.0,1,1.0,1,0.1525549724933605,57
3649,1,6696,2919,3777,0,0,0,1.0,1,1.0,1,1.0,1,0.1513249132813861,57
3650,0,6696,2919,3777,0,0,0,1.0,1,1.0,1,1.0,1,0.1630570875239089,59
3651,2,6698,2921,3777,0,0,0,1.0,1,1.0,1,1.0,1,0.15290678017286896,59
3652,0,6698,2921,3777,0,0,0,1.0,1,1.0,1,1.0,1,0.15290678017286896,59
3653,0,6698,2921,3777,0,0,0,1.0,1,1.0,1,1.0,1,0.15290678017286896,59
3654,0,6698,2921,3777,0,0,0,1.0,1,1.0,1,1.0,1,0.15290678017286896,59
3655,1,6699,2921,3778,0,0,0,1.0,1,1.0,1,1.0,1,0.14614401385120213,62
3656,0,6699,2921,3778,0,0,0,1.0,1,1.0,1,1.0,1,0.14614401385120213,62
3657,0,6699,2921,3778,0,0,0,1.0,1,1.0,1,1.0,1,0.15769478613862428,63
3658,1,6700,2922,3778,0,0,0,1.0,1,1.0,1,1.0,1,0.17834210858704527,63
3659,1,6701,2922,3779,0,0,0,1.0,1,1.0,1,1.0,1,0.20693438923282656,62
3660,4,6705,2925,3780,0,0,0,1.0,1,1.0,1,1.0,1,0.2338278603127066,62
3661,1,6706,2925,3781,0,0,0,1.0,1,1.0,1,1.0,1,0.19707063889530846,61
3662,5,6711,2928,3783,0,0,0,1.0,1,1.0,1,1.0,1,0.22276757157681418,60
3663,2,6713,2930,3783,0,0,0,1.0,1,1.0,1,1.0,1,0.22924196230607713,61
3664,1,6714,2930,3784,0,0,0,1.0,1,1.0,1,1.0,1,0.22276434324480127,58
3665,4,6718,2933,3785,0,0,0,1.0,1,1.0,1,1.0,1,0.21240468311272828,58
3666,3,6721,2934,3787,0,0,0,1.0,1,1.0,1,1.0,1,0.17687403536014562,58
3667,3,6724,2936,3788,0,0,0,1.0,1,1.0,1,1.0,1,0.18029114553697417,58
3668,1,6725,2936,3789,0,0,0,1.0,1,1.0,1,1.0,1,0.19992521460408072,58
3669,1,6726,2937,3789,0,0,0,1.0,1,1.0,1,1.0,1,0.23291508553051282,57
3670,0,6726,2937,3789,0,0,0,1.0,1,1.0,1,1.0,1,0.20847292155339187,56
3671,1,6727,2938,3789,0,0,0,1.0,1,1.0,1,1.0,1,0.24223291262679658,57
3672,2,6729,2939,3790,0,0,0,1.0,1,1.0,1,1.0,1,0.2591753992171761,57
3673,0,6729,2939,3790,0,0,0,1.0,1,1.0,1,1.0,1,0.25020224002333796,58
3674,0,6729,2939,3790,0,0,0,1.0,1,1.0,1,1.0,1,0.2586109301083417,57
3675,0,6729,2939,3790,0,0,0,1.0,1,1.0,1,1.0,1,0.26733227391420755,58
3676,4,6733,2940,3793,0,0,0,1.0,1,1.0,1,1.0,1,0.26485006713354664,59
3677,4,6737,2941,3796,0,0,0,1.0,1,1.0,1,1.0,1,0.24576148904762113,60
3678,5,6742,2941,3801,0,0,0,1.0,1,1.0,1,1.0,1,0.2027381400368262,62
3679,1,6743,2941,3802,0,0,0,1.0,1,1.0,1,1.0,1,0.19653195245889651,62
3680,0,6743,2941,3802,0,0,0,1.0,1,1.0,1,1.0,1,0.17874866614018156,63
3681,0,6743,2941,3802,0,0,0,1.0,1,1.0,1,1.0,1,0.1887820052120339,64
3682,0,6743,2941,3802,0,0,0,1.0,1,1.0,1,1.0,1,0.1887820052120339,64
3683,0,6743,2941,3802,0,0,0,1.0,1,1.0,1,1.0,1,0.1887820052120339,64
3684,3,6746,2942,3804,0,0,0,1.0,1,1.0,1,1.0,1,0.1768906717082994,64
3685,1,6747,2942,3805,0,0,0,1.0,1,1.0,1,1.0,1,0.1708737865277864,64
3686,2,6749,2942,3807,0,0,0,1.0,1,1.0,1,1.0,1,0.17001665787844197,65
3687,2,6751,2942,3809,0,0,0,1.0,1,1.0,1,1.0,1,0.17001665787844197,65
3688,2,6753,2942,3811,0,0,0,1.0,1,1.0,1,1.0,1,0.1807317486614742,66
3689,2,6755,2942,3813,0,0,0,1.0,1,1.0,1,1.0,1,0.1807317486614742,66
3690,1,6756,2942,3814,0,0,0,1.0,1,1.0,1,1.0,1,0.1856151554173479,67
3691,1,6757,2942,3815,0,0,0,1.0,1,1.0,1,1.0,1,0.1729437453423814,68
3692,1,6758,2942,3816,0,0,0,1.0,1,1.0,1,1.0,1,0.15954312871757956,69
3693,1,6759,2942,3817,0,0,0,1.0,1,1.0,1,1.0,1,0.1654922845102956,69
3694,0,6759,2942,3817,0,0,0,1.0,1,1.0,1,1.0,1,0.17051321745583786,70
3695,1,6760,2942,3818,0,0,0,1.0,1,1.0,1,1.0,1,0.15975798061754612,70
3696,1,6761,2943,3818,0,0,0,1.0,1,1.0,1,1.0,1,0.15231024445438218,71
3697,3,6764,2945,3819,0,0,0,1.0,1,1.0,1,1.0,1,0.18155759066354762,70
3698,1,6765,2946,3819,0,0,0,1.0,1,1.0,1,1.0,1,0.2033248221479701,70
3699,1,6766,2947,3819,0,0,0,1.0,1,1.0,1,1.0,1,0.19985926815847418,70
3700,4,6770,2951,3819,0,0,0,1.0,1,1.0,1,1.0,1,0.2562433016381388,68
3701,2,6772,2951,3821,0,0,0,1.0,1,1.0,1,1.0,1,0.24418252894638146,69
3702,1,6773,2952,3821,0,0,0,1.0,1,1.0,1,1.0,1,0.2407463589181909,69
3703,0,6773,2952,3821,0,0,0,1.0,1,1.0,1,1.0,1,0.2516031856612836,70
3704,6,6779,2954,3825,0,0,0,1.0,1,1.0,1,1.0,1,0.26372189479750446,69
3705,1,6780,2954,3826,0,0,0,1.0,1,1.0,1,1.0,1,0.232040844423822,69
3706,8,6788,2955,3833,0,0,0,1.0,1,1.0,1,1.0,1,0.1453764529591781,69
3707,0,6788,2955,3833,0,0,0,1.0,1,1.0,1,1.0,1,0.1344421951252552,67
3708,0,6788,2955,3833,0,0,0,1.0,1,1.0,1,1.0,1,0.12514645653557438,67
3709,1,6789,2955,3834,0,0,0,1.0,1,1.0,1,1.0,1,0.11325660756095675,67
3710,0,6789,2955,3834,0,0,0,1.0,1,1.0,1,1.0,1,0.11060704764265075,67
3711,0,6789,2955,3834,0,0,0,1.0,1,1.0,1,1.0,1,0.11972035907959848,68
3712,0,6789,2955,3834,0,0,0,1.0,1,1.0,1,1.0,1,0.11972035907959848,68
3713,3,6792,2957,3835,0,0,0,1.0,1,1.0,1,1.0,1,0.12961331876584128,68
3714,0,6792,2957,3835,0,0,0,1.0,1,1.0,1,1.0,1,0.14760416833094261,67
3715,2,6794,2958,3836,0,0,0,1.0,1,1.0,1,1.0,1,0.15550454546060738,68
3716,0,6794,2958,3836,0,0,0,1.0,1,1.0,1,1.0,1,0.1642981060057684,67
3717,3,6797,2958,3839,0,0,0,1.0,1,1.0,1,1.0,1,0.16292051257682577,68
3718,1,6798,2958,3840,0,0,0,1.0,1,1.0,1,1.0,1,0.1698260701158677,68
3719,2,6800,2960,3840,0,0,0,1.0,1,1.0,1,1.0,1,0.23079040443719748,68
3720,0,6800,2960,3840,0,0,0,1.0,1,1.0,1,1.0,1,0.23079040443719748,68
3721,5,6805,2964,3841,0,0,0,1.0,1,1.0,1,1.0,1,0.18799197514069593,70
3722,3,6808,2964,3844,0,0,0,1.0,1,1.0,1,1.0,1,0.16901587565773013,71
3723,1,6809,2965,3844,0,0,0,1.0,1,1.0,1,1.0,1,0.17703383098091607,71
3724,0,6809,2965,3844,0,0,0,1.0,1,1.0,1,1.0,1,0.1672683768760356,72
3725,2,6811,2967,3844,0,0,0,1.0,1,1.0,1,1.0,1,0.18601898275723808,72
3726,1,6812,2968,3844,0,0,0,1.0,1,1.0,1,1.0,1,0.19637721180946524,71
3727,0,6812,2968,3844,0,0,0,1.0,1,1.0,1,1.0,1,0.19637721180946524,71
3728,0,6812,2968,3844,0,0,0,1.0,1,1.0,1,1.0,1,0.2050943917582917,70
3729,0,6812,2968,3844,0,0,0,1.0,1,1.0,1,1.0,1,0.2050943917582917,70
3730,1,6813,2969,3844,0,0,0,1.0,1,1.0,1,1.0,1,0.23952719035149558,71
3731,3,6816,2969,3847,0,0,0,1.0,1,1.0,1,1.0,1,0.2140731975796771,71
3732,1,6817,2969,3848,0,0,0,1.0,1,1.0,1,1.0,1,0.19399277246166566,72
3733,1,6818,2969,3849,0,0,0,1.0,1,1.0,1,1.0,1,0.19858251630554544,73
3734,3,6821,2971,3850,0,0,0,1.0,1,1.0,1,1.0,1,0.22820454984978408,74
3735,2,6823,2972,3851,0,0,0,1.0,1,1.0,1,1.0,1,0.2081449365025658,72
3736,1,6824,2972,3852,0,0,0,1.0,1,1.0,1,1.0,1,0.182026049900952,72
3737,1,6825,2972,3853,0,0,0,1.0,1,1.0,1,1.0,1,0.17391872224854513,73
3738,1,6826,2972,3854,0,0,0,1.0,1,1.0,1,1.0,1,0.15696391585250563,72
3739,0,6826,2972,3854,0,0,0,1.0,1,1.0,1,1.0,1,0.15307719523765184,73
3740,0,6826,2972,3854,0,0,0,1.0,1,1.0,1,1.0,1,0.14785431430400925,70
3741,0,6826,2972,3854,0,0,0,1.0,1,1.0,1,1.0,1,0.14785431430400925,70
3742,3,6829,2974,3855,0,0,0,1.0,1,1.0,1,1.0,1,0.1417834081235829,70
3743,1,6830,2974,3856,0,0,0,1.0,1,1.0,1,1.0,1,0.1572291437574135,69
3744,5,6835,2979,3856,0,0,0,1.0,1,1.0,1,1.0,1,0.22123539781018559,69
3745,2,6837,2980,3857,0,0,0,1.0,1,1.0,1,1.0,1,0.17847557250537868,68
3746,1,6838,2980,3858,0,0,0,1.0,1,1.0,1,1.0,1,0.17363288084647263,66
3747,3,6841,2981,3860,0,0,0,1.0,1,1.0,1,1.0,1,0.16255129749850616,66
3748,0,6841,2981,3860,0,0,0,1.0,1,1.0,1,1.0,1,0.14004226412947735,65
3749,2,6843,2982,3861,0,0,0,1.0,1,1.0,1,1.0,1,0.13333262095625406,64
3750,1,6844,2983,3861,0,0,0,1.0,1,1.0,1,1.0,1,0.14231278687495674,63
3751,3,6847,2984,3863,0,0,0,1.0,1,1.0,1,1.0,1,0.12651720850669546,64
3752,4,6851,2987,3864,0,0,0,1.0,1,1.0,1,1.0,1,0.13660157748093546,64
3753,2,6853,2988,3865,0,0,0,1.0,1,1.0,1,1.0,1,0.1628071905179653,65
3754,3,6856,2991,3865,0,0,0,1.0,1,1.0,1,1.0,1,0.1952932455346396,65
3755,3,6859,2992,3867,0,0,0,1.0,1,1.0,1,1.0,1,0.19235235114415003,65
3756,0,6859,2992,3867,0,0,0,1.0,1,1.0,1,1.0,1,0.20575890012305936,65
3757,2,6861,2994,3867,0,0,0,1.0,1,1.0,1,1.0,1,0.22445122024318157,65
3758,0,6861,2994,3867,0,0,0,1.0,1,1.0,1,1.0,1,0.23038158636210504,64
3759,0,6861,2994,3867,0,0,0,1.0,1,1.0,1,1.0,1,0.23038158636210504,64
3760,2,6863,2994,3869,0,0,0,1.0,1,1.0,1,1.0,1,0.24136636197199085,63
3761,0,6863,2994,3869,0,0,0,1.0,1,1.0,1,1.0,1,0.24136636197199085,63
3762,2,6865,2994,3871,0,0,0,1.0,1,1.0,1,1.0,1,0.22472735949449413,65
3763,2,6867,2995,3872,0,0,0,1.0,1,1.0,1,1.0,1,0.22569796308142745,65
3764,2,6869,2997,3872,0,0,0,1.0,1,1.0,1,1.0,1,0.22775233105939158,66
3765,2,6871,2997,3874,0,0,0,1.0,1,1.0,1,1.0,1,0.22478779671100732,67
3766,8,6879,2999,3880,0,0,0,1.0,1,1.0,1,1.0,1,0.15804478696114582,67
3767,3,6882,3000,3882,0,0,0,1.0,1,1.0,1,1.0,1,0.1507123449063502,68
3768,2,6884,3002,3882,0,0,0,1.0,1,1.0,1,1.0,1,0.18437970310575055,67
3769,0,6884,3002,3882,0,0,0,1.0,1,1.0,1,1.0,1,0.16445383021246007,69
3770,0,6884,3002,3882,0,0,0,1.0,1,1.0,1,1.0,1,0.16445383021246007,69
3771,2,6886,3002,3884,0,0,0,1.0,1,1.0,1,1.0,1,0.18220508041664077,69
3772,3,6889,3002,3887,0,0,0,1.0,1,1.0,1,1.0,1,0.1801491469425805,70
3773,3,6892,3002,3890,0,0,0,1.0,1,1.0,1,1.0,1,0.18388902387223222,68
3774,4,6896,3004,3892,0,0,0,1.0,1,1.0,1,1.0,1,0.16051191627018618,68
3775,2,6898,3006,3892,0,0,0,1.0,1,1.0,1,1.0,1,0.20055815640552077,68
3776,1,6899,3007,3892,0,0,0,1.0,1,1.0,1,1.0,1,0.2034436775322056,66
3777,2,6901,3009,3892,0,0,0,1.0,1,1.0,1,1.0,1,0.20164172614609777,65
3778,1,6902,3010,3892,0,0,0,1.0,1,1.0,1,1.0,1,0.20433540857766272,65
3779,2,6904,3012,3892,0,0,0,1.0,1,1.0,1,1.0,1,0.22868319439748602,65
3780,4,6908,3015,3893,0,0,0,1.0,1,1.0,1,1.0,1,0.21892555915783024,64
3781,6,6914,3015,3899,0,0,0,1.0,1,1.0,1,1.0,1,0.13647530085782797,64
3782,2,6916,3016,3900,0,0,0,1.0,1,1.0,1,1.0,1,0.15764261190013293,67
3783,2,6918,3017,3901,0,0,0,1.0,1,1.0,1,1.0,1,0.1562267318824384,65
3784,3,6921,3018,3903,0,0,0,1.0,1,1.0,1,1.0,1,0.16375616562262693,65
3785,2,6923,3019,3904,0,0,0,1.0,1,1.0,1,1.0,1,0.17658519216084695,63
3786,3,6926,3019,3907,0,0,0,1.0,1,1.0,1,1.0,1,0.15799451268642284,66
3787,1,6927,3020,3907,0,0,0,1.0,1,1.0,1,1.0,1,0.17867897443218633,65
3788,1,6928,3020,3908,0,0,0,1.0,1,1.0,1,1.0,1,0.16125673812060698,65
3789,2,6930,3022,3908,0,0,0,1.0,1,1.0,1,1.0,1,0.19071821762407018,65
3790,2,6932,3023,3909,0,0,0,1.0,1,1.0,1,1.0,1,0.21535956490669583,64
3791,2,6934,3025,3909,0,0,0,1.0,1,1.0,1,1.0,1,0.2301716536938898,64
3792,2,6936,3026,3910,0,0,0,1.0,1,1.0,1,1.0,1,0.22468993694303455,65
3793,3,6939,3027,3912,0,0,0,1.0,1,1.0,1,1.0,1,0.23668986299205402,68
3794,1,6940,3028,3912,0,0,0,1.0,1,1.0,1,1.0,1,0.25284857639487135,68
3795,4,6944,3029,3915,0,0,0,1.0,1,1.0,1,1.0,1,0.2687680396911782,69
3796,9,6953,3029,3924,0,0,0,1.0,1,1.0,1,1.0,1,0.2031837246416087,69
3797,0,6953,3029,3924,0,0,0,1.0,1,1.0,1,1.0,1,0.2194386619841269,70
3798,0,6953,3029,3924,0,0,0,1.0,1,1.0,1,1.0,1,0.2194386619841269,70
3799,1,6954,3030,3924,0,0,0,1.0,1,1.0,1,1.0,1,0.2315103241322511,69
3800,3,6957,3030,3927,0,0,0,1.0,1,1.0,1,1.0,1,0.20151209801360123,69
3801,3,6960,3030,3930,0,0,0,1.0,1,1.0,1,1.0,1,0.2117576448108205,67
3802,1,6961,3030,3931,0,0,0,1.0,1,1.0,1,1.0,1,0.20775206154401524,67
3803,5,6966,3033,3933,0,0,0,1.0,1,1.0,1,1.0,1,0.22910637241907236,69
3804,2,6968,3034,3934,0,0,0,1.0,1,1.0,1,1.0,1,0.22546455762114684,70
3805,4,6972,3036,3936,0,0,0,1.0,1,1.0,1,1.0,1,0.23727630124344457,71
3806,2,6974,3037,3937,0,0,0,1.0,1,1.0,1,1.0,1,0.2382070878650196,71
3807,4,6978,3038,3940,0,0,0,1.0,1,1.0,1,1.0,1,0.2475170480008183,72
3808,2,6980,3038,3942,0,0,0,1.0,1,1.0,1,1.0,1,0.261078563950181,72
3809,7,6987,3039,3948,0,0,0,1.0,1,1.0,1,1.0,1,0.23748531820024196,72
3810,4,6991,3039,3952,0,0,0,1.0,1,1.0,1,1.0,1,0.23748531820024196,72
3811,2,6993,3039,3954,0,0,0,1.0,1,1.0,1,1.0,1,0.1940154598647764,71
3812,0,6993,3039,3954,0,0,0,1.0,1,1.0,1,1.0,1,0.20143982013929781,72
3813,2,6995,3041,3954,0,0,0,1.0,1,1.0,1,1.0,1,0.22030163413621182,71
3814,3,6998,3043,3955,0,0,0,1.0,1,1.0,1,1.0,1,0.23147097158796798,72
3815,1,6999,3043,3956,0,0,0,1.0,1,1.0,1,1.0,1,0.2261711131591761,71
3816,1,7000,3043,3957,0,0,0,1.0,1,1.0,1,1.0,1,0.21977949571734742,69
3817,2,7002,3043,3959,0,0,0,1.0,1,1.0,1,1.0,1,0.2181695300994032,72
3818,1,7003,3043,3960,0,0,0,1.0,1,1.0,1,1.0,1,0.20607460987220608,72
3819,2,7005,3044,3961,0,0,0,1.0,1,1.0,1,1.0,1,0.2065105431145887,72
3820,1,7006,3045,3961,0,0,0,1.0,1,1.0,1,1.0,1,0.2196301450592483,72
3821,2,7008,3047,3961,0,0,0,1.0,1,1.0,1,1.0,1,0.25558198651425124,72
3822,3,7011,3048,3963,0,0,0,1.0,1,1.0,1,1.0,1,0.26140803795784223,69
3823,2,7013,3049,3964,0,0,0,1.0,1,1.0,1,1.0,1,0.24770152365053288,69
3824,1,7014,3049,3965,0,0,0,1.0,1,1.0,1,1.0,1,0.24760751837107894,65
3825,1,7015,3050,3965,0,0,0,1.0,1,1.0,1,1.0,1,0.2549803203993262,64
3826,2,7017,3051,3966,0,0,0,1.0,1,1.0,1,1.0,1,0.24327572771564804,65
3827,2,7019,3052,3967,0,0,0,1.0,1,1.0,1,1.0,1,0.237344301748834,64
3828,0,7019,3052,3967,0,0,0,1.0,1,1.0,1,1.0,1,0.22608054757676835,65
3829,1,7020,3053,3967,0,0,0,1.0,1,1.0,1,1.0,1,0.2277352802836627,65
3830,0,7020,3053,3967,0,0,0,1.0,1,1.0,1,1.0,1,0.23119320777804625,64
3831,4,7024,3056,3968,0,0,0,1.0,1,1.0,1,1.0,1,0.24600754744727132,63
3832,2,7026,3057,3969,0,0,0,1.0,1,1.0,1,1.0,1,0.2758207762770291,64
3833,1,7027,3058,3969,0,0,0,1.0,1,1.0,1,1.0,1,0.2786882107182412,64
3834,1,7028,3059,3969,0,0,0,1.0,1,1.0,1,1.0,1,0.2913094023345859,63
3835,1,7029,3060,3969,0,0,0,1.0,1,1.0,1,1.0,1,0.3119128241457942,63
3836,3,7032,3062,3970,0,0,0,1.0,1,1.0,1,1.0,1,0.32030551541959235,63
3837,4,7036,3064,3972,0,0,0,1.0,1,1.0,1,1.0,1,0.31493468135624614,62
3838,3,7039,3065,3974,0,0,0,1.0,1,1.0,1,1.0,1,0.30623804400135746,62
3839,2,7041,3066,3975,0,0,0,1.0,1,1.0,1,1.0,1,0.34698997285466016,60
3840,2,7043,3066,3977,0,0,0,1.0,1,1.0,1,1.0,1,0.32980010357391665,62
3841,10,7053,3067,3986,0,0,0,1.0,1,1.0,1,1.0,1,0.28580508820296013,62
3842,3,7056,3067,3989,0,0,0,1.0,1,1.0,1,1.0,1,0.2635828015312905,63
3843,1,7057,3067,3990,0,0,0,1.0,1,1.0,1,1.0,1,0.2470697303407048,64
3844,4,7061,3067,3994,0,0,0,1.0,1,1.0,1,1.0,1,0.23144679617080197,65
3845,4,7065,3067,3998,0,0,0,1.0,1,1.0,1,1.0,1,0.21432303581398238,66
3846,3,7068,3067,4001,0,0,0,1.0,1,1.0,1,1.0,1,0.19663882478933786,67
3847,2,7070,3069,4001,0,0,0,1.0,1,1.0,1,1.0,1,0.1784833361001537,67
3848,0,7070,3069,4001,0,0,0,1.0,1,1.0,1,1.0,1,0.1784833361001537,67
3849,5,7075,3070,4005,0,0,0,1.0,1,1.0,1,1.0,1,0.17746233768783023,67
3850,4,7079,3072,4007,0,0,0,1.0,1,1.0,1,1.0,1,0.16990942432043757,68
3851,1,7080,3073,4007,0,0,0,1.0,1,1.0,1,1.0,1,0.1670918104478546,68
3852,2,7082,3074,4008,0,0,0,1.0,1,1.0,1,1.0,1,0.18120933040565027,70
3853,0,7082,3074,4008,0,0,0,1.0,1,1.0,1,1.0,1,0.18120933040565027,70
3854,0,7082,3074,4008,0,0,0,1.0,1,1.0,1,1.0,1,0.18120933040565027,70
3855,1,7083,3075,4008,0,0,0,1.0,1,1.0,1,1.0,1,0.19801018176445867,69
3856,1,7084,3075,4009,0,0,0,1.0,1,1.0,1,1.0,1,0.17770274167785444,70
3857,4,7088,3077,4011,0,0,0,1.0,1,1.0,1,1.0,1,0.21182854060750128,68
3858,2,7090,3078,4012,0,0,0,1.0,1,1.0,1,1.0,1,0.20635779380938846,67
3859,1,7091,3078,4013,0,0,0,1.0,1,1.0,1,1.0,1,0.22426811519379752,66
3860,4,7095,3079,4016,0,0,0,1.0,1,1.0,1,1.0,1,0.26847495859527765,66
3861,1,7096,3079,4017,0,0,0,1.0,1,1.0,1,1.0,1,0.2576837184182544,66
3862,2,7098,3080,4018,0,0,0,1.0,1,1.0,1,1.0,1,0.273975432321427,66
3863,0,7098,3080,4018,0,0,0,1.0,1,1.0,1,1.0,1,0.26111392159125,63
3864,1,7099,3081,4018,0,0,0,1.0,1,1.0,1,1.0,1,0.2714549629475112,63
3865,1,7100,3082,4018,0,0,0,1.0,1,1.0,1,1.0,1,0.27033575737423177,61
3866,0,7100,3082,4018,0,0,0,1.0,1,1.0,1,1.0,1,0.2680975766459611,61
3867,0,7100,3082,4018,0,0,0,1.0,1,1.0,1,1.0,1,0.266345923859001,60
3868,1,7101,3083,4018,0,0,0,1.0,1,1.0,1,1.0,1,0.2842784975468828,59
3869,1,7102,3084,4018,0,0,0,1.0,1,1.0,1,1.0,1,0.2744177538702275,61
3870,1,7103,3084,4019,0,0,0,1.0,1,1.0,1,1.0,1,0.2793863808619524,61
3871,5,7108,3084,4024,0,0,0,1.0,1,1.0,1,1.0,1,0.25778268994237474,64
3872,3,7111,3085,4026,0,0,0,1.0,1,1.0,1,1.0,1,0.2277008752822926,63
3873,2,7113,3086,4027,0,0,0,1.0,1,1.0,1,1.0,1,0.21165906411646493,62
3874,0,7113,3086,4027,0,0,0,1.0,1,1.0,1,1.0,1,0.20608691329107004,63
3875,3,7116,3088,4028,0,0,0,1.0,1,1.0,1,1.0,1,0.20274713603537584,61
3876,0,7116,3088,4028,0,0,0,1.0,1,1.0,1,1.0,1,0.1961683002633103,62
3877,2,7118,3089,4029,0,0,0,1.0,1,1.0,1,1.0,1,0.199609912284417,63
3878,0,7118,3089,4029,0,0,0,1.0,1,1.0,1,1.0,1,0.199609912284417,63
3879,1,7119,3090,4029,0,0,0,1.0,1,1.0,1,1.0,1,0.20810257159026474,63
3880,0,7119,3090,4029,0,0,0,1.0,1,1.0,1,1.0,1,0.19689562604163285,65
3881,1,7120,3091,4029,0,0,0,1.0,1,1.0,1,1.0,1,0.21665512865362146,65
3882,4,7124,3093,4031,0,0,0,1.0,1,1.0,1,1.0,1,0.19970372443679119,66
3883,1,7125,3093,4032,0,0,0,1.0,1,1.0,1,1.0,1,0.19357027377395183,66
3884,0,7125,3093,4032,0,0,0,1.0,1,1.0,1,1.0,1,0.19357027377395183,66
3885,0,7125,3093,4032,0,0,0,1.0,1,1.0,1,1.0,1,0.19357027377395183,66
3886,4,7129,3095,4034,0,0,0,1.0,1,1.0,1,1.0,1,0.20339635223050265,65
3887,1,7130,3095,4035,0,0,0,1.0,1,1.0,1,1.0,1,0.19342542622089692,65
3888,2,7132,3095,4037,0,0,0,1.0,1,1.0,1,1.0,1,0.18538132120455764,66
3889,2,7134,3096,4038,0,0,0,1.0,1,1.0,1,1.0,1,0.20941570907248958,64
3890,1,7135,3097,4038,0,0,0,1.0,1,1.0,1,1.0,1,0.2301370191451095,63
3891,3,7138,3098,4040,0,0,0,1.0,1,1.0,1,1.0,1,0.2353192053763178,66
3892,3,7141,3098,4043,0,0,0,1.0,1,1.0,1,1.0,1,0.220595204471734,67
3893,0,7141,3098,4043,0,0,0,1.0,1,1.0,1,1.0,1,0.21531553810846352,66
3894,2,7143,3098,4045,0,0,0,1.0,1,1.0,1,1.0,1,0.22418860047448788,67
3895,2,7145,3099,4046,0,0,0,1.0,1,1.0,1,1.0,1,0.2459901237124498,66
3896,1,7146,3100,4046,0,0,0,1.0,1,1.0,1,1.0,1,0.24198853219693128,66
3897,0,7146,3100,4046,0,0,0,1.0,1,1.0,1,1.0,1,0.2545759047400529,65
3898,4,7150,3104,4046,0,0,0,1.0,1,1.0,1,1.0,1,0.2816063598556677,65
3899,1,7151,3105,4046,0,0,0,1.0,1,1.0,1,1.0,1,0.27629147650761304,64
3900,2,7153,3106,4047,0,0,0,1.0,1,1.0,1,1.0,1,0.276735888672027,63
3901,6,7159,3108,4051,0,0,0,1.0,1,1.0,1,1.0,1,0.23772605192527646,63
3902,0,7159,3108,4051,0,0,0,1.0,1,1.0,1,1.0,1,0.25035167165377237,64
3903,2,7161,3110,4051,0,0,0,1.0,1,1.0,1,1.0,1,0.2390832041523894,64
3904,2,7163,3110,4053,0,0,0,1.0,1,1.0,1,1.0,1,0.21820616862992376,63
3905,0,7163,3110,4053,0,0,0,1.0,1,1.0,1,1.0,1,0.23299155282199543,63
3906,4,7167,3112,4055,0,0,0,1.0,1,1.0,1,1.0,1,0.23058075504745293,64
3907,2,7169,3113,4056,0,0,0,1.0,1,1.0,1,1.0,1,0.2454079147086608,64
3908,3,7172,3114,4058,0,0,0,1.0,1,1.0,1,1.0,1,0.23514240395574668,63
3909,1,7173,3115,4058,0,0,0,1.0,1,1.0,1,1.0,1,0.23252302425666307,62
3910,0,7173,3115,4058,0,0,0,1.0,1,1.0,1,1.0,1,0.2486898970913212,62
3911,1,7174,3115,4059,0,0,0,1.0,1,1.0,1,1.0,1,0.24835111122602074,64
3912,2,7176,3115,4061,0,0,0,1.0,1,1.0,1,1.0,1,0.22247891064754355,64
3913,0,7176,3115,4061,0,0,0,1.0,1,1.0,1,1.0,1,0.23028091840704865,65
3914,0,7176,3115,4061,0,0,0,1.0,1,1.0,1,1.0,1,0.2557297808459708,65
3915,0,7176,3115,4061,0,0,0,1.0,1,1.0,1,1.0,1,0.2537353582657936,66
3916,7,7183,3115,4068,0,0,0,1.0,1,1.0,1,1.0,1,0.1752943363464384,66
3917,1,7184,3115,4069,0,0,0,1.0,1,1.0,1,1.0,1,0.16166579933918937,66
3918,2,7186,3115,4071,0,0,0,1.0,1,1.0,1,1.0,1,0.148858089332055,67
3919,2,7188,3116,4072,0,0,0,1.0,1,1.0,1,1.0,1,0.15516875966039273,68
3920,0,7188,3116,4072,0,0,0,1.0,1,1.0,1,1.0,1,0.15470492586736745,69
3921,1,7189,3116,4073,0,0,0,1.0,1,1.0,1,1.0,1,0.1736579393240464,68
3922,2,7191,3118,4073,0,0,0,1.0,1,1.0,1,1.0,1,0.20578710348390833,68
3923,0,7191,3118,4073,0,0,0,1.0,1,1.0,1,1.0,1,0.21535181282403992,69
3924,2,7193,3118,4075,0,0,0,1.0,1,1.0,1,1.0,1,0.23238055104195,69
3925,5,7198,3120,4078,0,0,0,1.0,1,1.0,1,1.0,1,0.26419957749337525,67
3926,5,7203,3121,4082,0,0,0,1.0,1,1.0,1,1.0,1,0.30247675250346817,67
3927,7,7210,3121,4089,0,0,0,1.0,1,1.0,1,1.0,1,0.3202108635527035,65
3928,10,7220,3123,4097,0,0,0,1.0,1,1.0,1,1.0,1,0.29089722088812137,65
3929,7,7227,3124,4103,0,0,0,1.0,1,1.0,1,1.0,1,0.287189146405035,64
3930,4,7231,3124,4107,0,0,0,1.0,1,1.0,1,1.0,1,0.2886462952972847,64
3931,4,7235,3125,4110,0,0,0,1.0,1,1.0,1,1.0,1,0.25209544867203487,62
3932,1,7236,3125,4111,0,0,0,1.0,1,1.0,1,1.0,1,0.24196535291683183,62
3933,0,7236,3125,4111,0,0,0,1.0,1,1.0,1,1.0,1,0.24196535291683183,62
3934,1,7237,3126,4111,0,0,0,1.0,1,1.0,1,1.0,1,0.23973371430015483,61
3935,2,7239,3126,4113,0,0,0,1.0,1,1.0,1,1.0,1,0.23360426535892378,64
3936,1,7240,3126,4114,0,0,0,1.0,1,1.0,1,1.0,1,0.2348751526376406,65
3937,0,7240,3126,4114,0,0,0,1.0,1,1.0,1,1.0,1,0.23052461786953238,66
3938,2,7242,3128,4114,0,0,0,1.0,1,1.0,1,1.0,1,0.2502478897839992,66
3939,1,7243,3128,4115,0,0,0,1.0,1,1.0,1,1.0,1,0.24964052912526605,67
3940,1,7244,3129,4115,0,0,0,1.0,1,1.0,1,1.0,1,0.24413909092412056,69
3941,1,7245,3129,4116,0,0,0,1.0,1,1.0,1,1.0,1,0.22638592241051128,69
3942,1,7246,3130,4116,0,0,0,1.0,1,1.0,1,1.0,1,0.23038414313703645,69
3943,3,7249,3132,4117,0,0,0,1.0,1,1.0,1,1.0,1,0.24127687209522192,68
3944,1,7250,3132,4118,0,0,0,1.0,1,1.0,1,1.0,1,0.22804223011944832,68
3945,4,7254,3136,4118,0,0,0,1.0,1,1.0,1,1.0,1,0.2429225903561602,67
3946,6,7260,3138,4122,0,0,0,1.0,1,1.0,1,1.0,1,0.20293440330409504,67
3947,0,7260,3138,4122,0,0,0,1.0,1,1.0,1,1.0,1,0.20604174975673284,66
3948,3,7263,3140,4123,0,0,0,1.0,1,1.0,1,1.0,1,0.2041657570944783,67
3949,5,7268,3143,4125,0,0,0,1.0,1,1.0,1,1.0,1,0.2205309256508511,66
3950,1,7269,3143,4126,0,0,0,1.0,1,1.0,1,1.0,1,0.2163672813635689,65
3951,0,7269,3143,4126,0,0,0,1.0,1,1.0,1,1.0,1,0.21191540523954622,65
3952,2,7271,3145,4126,0,0,0,1.0,1,1.0,1,1.0,1,0.20644163526024345,65
3953,0,7271,3145,4126,0,0,0,1.0,1,1.0,1,1.0,1,0.21992631909756447,65
3954,1,7272,3146,4126,0,0,0,1.0,1,1.0,1,1.0,1,0.22307654130674898,64
3955,0,7272,3146,4126,0,0,0,1.0,1,1.0,1,1.0,1,0.25060773179702617,64
3956,3,7275,3149,4126,0,0,0,1.0,1,1.0,1,1.0,1,0.22759969118658158,63
3957,0,7275,3149,4126,0,0,0,1.0,1,1.0,1,1.0,1,0.22759969118658158,63
3958,1,7276,3150,4126,0,0,0,1.0,1,1.0,1,1.0,1,0.2558794157128565,63
3959,2,7278,3151,4127,0,0,0,1.0,1,1.0,1,1.0,1,0.271544780949085,62
3960,0,7278,3151,4127,0,0,0,1.0,1,1.0,1,1.0,1,0.271544780949085,62
3961,8,7286,3152,4134,0,0,0,1.0,1,1.0,1,1.0,1,0.21722593718592462,64
3962,5,7291,3153,4138,0,0,0,1.0,1,1.0,1,1.0,1,0.19052517025524277,64
3963,6,7297,3155,4142,0,0,0,1.0,1,1.0,1,1.0,1,0.20988680369581122,62
3964,3,7300,3156,4144,0,0,0,1.0,1,1.0,1,1.0,1,0.21395895641407894,63
3965,3,7303,3156,4147,0,0,0,1.0,1,1.0,1,1.0,1,0.2290686754121856,63
3966,3,7306,3157,4149,0,0,0,1.0,1,1.0,1,1.0,1,0.2628894498703805,62
3967,2,7308,3157,4151,0,0,0,1.0,1,1.0,1,1.0,1,0.2698754032358011,64
3968,1,7309,3157,4152,0,0,0,1.0,1,1.0,1,1.0,1,0.2673735795302976,63
3969,2,7311,3157,4154,0,0,0,1.0,1,1.0,1,1.0,1,0.25393694574569514,63
3970,1,7312,3157,4155,0,0,0,1.0,1,1.0,1,1.0,1,0.2617992884966893,65
3971,3,7315,3157,4158,0,0,0,1.0,1,1.0,1,1.0,1,0.23901959584117274,65
3972,7,7322,3159,4163,0,0,0,1.0,1,1.0,1,1.0,1,0.2585076290587875,66
3973,1,7323,3159,4164,0,0,0,1.0,1,1.0,1,1.0,1,0.25598983011840926,66
3974,4,7327,3161,4166,0,0,0,1.0,1,1.0,1,1.0,1,0.27985988424147207,66
3975,6,7333,3162,4171,0,0,0,1.0,1,1.0,1,1.0,1,0.27227418884864,66
3976,4,7337,3162,4175,0,0,0,1.0,1,1.0,1,1.0,1,0.2672881600199214,66
3977,1,7338,3163,4175,0,0,0,1.0,1,1.0,1,1.0,1,0.2561776569536608,64
3978,3,7341,3166,4175,0,0,0,1.0,1,1.0,1,1.0,1,0.30563128349835006,63
3979,1,7342,3166,4176,0,0,0,1.0,1,1.0,1,1.0,1,0.32736195214797065,63
3980,2,7344,3167,4177,0,0,0,1.0,1,1.0,1,1.0,1,0.3105100016540561,63
3981,3,7347,3167,4180,0,0,0,1.0,1,1.0,1,1.0,1,0.2787614683310559,64
3982,2,7349,3168,4181,0,0,0,1.0,1,1.0,1,1.0,1,0.26865477153075706,65
3983,3,7352,3169,4183,0,0,0,1.0,1,1.0,1,1.0,1,0.2606126929063541,64
3984,2,7354,3170,4184,0,0,0,1.0,1,1.0,1,1.0,1,0.25029471547243515,65
3985,4,7358,3172,4186,0,0,0,1.0,1,1.0,1,1.0,1,0.2296996288463619,64
3986,1,7359,3172,4187,0,0,0,1.0,1,1.0,1,1.0,1,0.2272796274211067,63
3987,1,7360,3172,4188,0,0,0,1.0,1,1.0,1,1.0,1,0.23778492237674648,63
3988,3,7363,3172,4191,0,0,0,1.0,1,1.0,1,1.0,1,0.22289360659999194,63
3989,5,7368,3174,4194,0,0,0,1.0,1,1.0,1,1.0,1,0.24378979781334623,63
3990,3,7371,3175,4196,0,0,0,1.0,1,1.0,1,1.0,1,0.2626522640872305,62
3991,5,7376,3175,4201,0,0,0,1.0,1,1.0,1,1.0,1,0.2043763876627496,62
3992,1,7377,3175,4202,0,0,0,1.0,1,1.0,1,1.0,1,0.18493805738612204,65
3993,0,7377,3175,4202,0,0,0,1.0,1,1.0,1,1.0,1,0.18493805738612204,65
3994,0,7377,3175,4202,0,0,0,1.0,1,1.0,1,1.0,1,0.18442773938094373,64
3995,0,7377,3175,4202,0,0,0,1.0,1,1.0,1,1.0,1,0.18442773938094373,64
3996,4,7381,3175,4206,0,0,0,1.0,1,1.0,1,1.0,1,0.16416587013095016,67
3997,2,7383,3175,4208,0,0,0,1.0,1,1.0,1,1.0,1,0.16984003737200795,69
3998,5,7388,3176,4212,0,0,0,1.0,1,1.0,1,1.0,1,0.16915472985144753,69
3999,2,7390,3176,4214,0,0,0,1.0,1,1.0,1,1.0,1,0.1645473397329629,69
4000,5,7395,3176,4219,0,0,0,1.0,1,1.0,1,1.0,1,0.16367743078311334,69
4001,2,7397,3176,4221,0,0,0,1.0,1,1.0,1,1.0,1,0.17108226051745185,68
4002,4,7401,3177,4224,0,0,0,1.0,1,1.0,1,1.0,1,0.16089429357856097,68
4003,5,7406,3179,4227,0,0,0,1.0,1,1.0,1,1.0,1,0.15839243496993213,68
4004,2,7408,3180,4228,0,0,0,1.0,1,1.0,1,1.0,1,0.16690835927602227,67
4005,3,7411,3180,4231,0,0,0,1.0,1,1.0,1,1.0,1,0.16801652643587994,67
4006,6,7417,3182,4235,0,0,0,1.0,1,1.0,1,1.0,1,0.15577820182657706,67
4007,1,7418,3182,4236,0,0,0,1.0,1,1.0,1,1.0,1,0.15341619326623582,67
4008,3,7421,3185,4236,0,0,0,1.0,1,1.0,1,1.0,1,0.20315066835061588,67
4009,1,7422,3186,4236,0,0,0,1.0,1,1.0,1,1.0,1,0.2239204134263224,67
4010,4,7426,3187,4239,0,0,0,1.0,1,1.0,1,1.0,1,0.2628477541710727,66
4011,4,7430,3187,4243,0,0,0,1.0,1,1.0,1,1.0,1,0.24964354024921756,66
4012,2,7432,3187,4245,0,0,0,1.0,1,1.0,1,1.0,1,0.24404936279962397,66
4013,2,7434,3187,4247,0,0,0,1.0,1,1.0,1,1.0,1,0.2345633193960197,66
4014,2,7436,3188,4248,0,0,0,1.0,1,1.0,1,1.0,1,0.2386356822077265,66
4015,0,7436,3188,4248,0,0,0,1.0,1,1.0,1,1.0,1,0.2516507941505978,64
4016,2,7438,3189,4249,0,0,0,1.0,1,1.0,1,1.0,1,0.2920890303813957,64
4017,3,7441,3189,4252,0,0,0,1.0,1,1.0,1,1.0,1,0.28812448639908456,66
4018,3,7444,3189,4255,0,0,0,1.0,1,1.0,1,1.0,1,0.3047924270773437,67
4019,5,7449,3191,4258,0,0,0,1.0,1,1.0,1,1.0,1,0.31165914586842175,67
4020,0,7449,3191,4258,0,0,0,1.0,1,1.0,1,1.0,1,0.3270773175130829,66
4021,5,7454,3192,4262,0,0,0,1.0,1,1.0,1,1.0,1,0.2945287532713663,66
4022,1,7455,3193,4262,0,0,0,1.0,1,1.0,1,1.0,1,0.2982912466375285,66
4023,2,7457,3195,4262,0,0,0,1.0,1,1.0,1,1.0,1,0.2933671829310133,66
4024,1,7458,3196,4262,0,0,0,1.0,1,1.0,1,1.0,1,0.30393322405665135,66
4025,2,7460,3196,4264,0,0,0,1.0,1,1.0,1,1.0,1,0.27784096206966347,66
4026,4,7464,3197,4267,0,0,0,1.0,1,1.0,1,1.0,1,0.2602348608137472,66
4027,1,7465,3198,4267,0,0,0,1.0,1,1.0,1,1.0,1,0.2607873050865548,64
4028,3,7468,3200,4268,0,0,0,1.0,1,1.0,1,1.0,1,0.27878270875744093,63
4029,1,7469,3200,4269,0,0,0,1.0,1,1.0,1,1.0,1,0.25951646769973347,62
4030,0,7469,3200,4269,0,0,0,1.0,1,1.0,1,1.0,1,0.2755982328038202,63
4031,0,7469,3200,4269,0,0,0,1.0,1,1.0,1,1.0,1,0.28437373316153625,62
4032,4,7473,3204,4269,0,0,0,1.0,1,1.0,1,1.0,1,0.27832312492166256,62
4033,5,7478,3207,4271,0,0,0,1.0,1,1.0,1,1.0,1,0.2942796142934182,61
4034,3,7481,3209,4272,0,0,0,1.0,1,1.0,1,1.0,1,0.3009274970883157,60
4035,2,7483,3210,4273,0,0,0,1.0,1,1.0,1,1.0,1,0.31564578576779523,59
4036,6,7489,3212,4277,0,0,0,1.0,1,1.0,1,1.0,1,0.2634569895940537,58
4037,1,7490,3213,4277,0,0,0,1.0,1,1.0,1,1.0,1,0.24596026454798936,59
4038,0,7490,3213,4277,0,0,0,1.0,1,1.0,1,1.0,1,0.25615888312631263,58
4039,5,7495,3215,4280,0,0,0,1.0,1,1.0,1,1.0,1,0.2878349143080163,56
4040,1,7496,3215,4281,0,0,0,1.0,1,1.0,1,1.0,1,0.28676706857521933,55
4041,2,7498,3217,4281,0,0,0,1.0,1,1.0,1,1.0,1,0.34694887719336154,54
4042,4,7502,3218,4284,0,0,0,1.0,1,1.0,1,1.0,1,0.3602641583692266,56
4043,2,7504,3218,4286,0,0,0,1.0,1,1.0,1,1.0,1,0.36083237669205775,56
4044,4,7508,3219,4289,0,0,0,1.0,1,1.0,1,1.0,1,0.37781377775458375,56
4045,5,7513,3219,4294,0,0,0,1.0,1,1.0,1,1.0,1,0.357866083899189,57
4046,2,7515,3219,4296,0,0,0,1.0,1,1.0,1,1.0,1,0.39583384807827265,59
4047,7,7522,3222,4300,0,0,0,1.0,1,1.0,1,1.0,1,0.42839248670532865,59
4048,4,7526,3223,4303,0,0,0,1.0,1,1.0,1,1.0,1,0.4499904301632636,59
4049,4,7530,3223,4307,0,0,0,1.0,1,1.0,1,1.0,1,0.44384881070088344,60
4050,4,7534,3223,4311,0,0,0,1.0,1,1.0,1,1.0,1,0.44005843587514604,60
4051,6,7540,3223,4317,0,0,0,1.0,1,1.0,1,1.0,1,0.3856867453077513,60
4052,0,7540,3223,4317,0,0,0,1.0,1,1.0,1,1.0,1,0.3856867453077513,60
4053,0,7540,3223,4317,0,0,0,1.0,1,1.0,1,1.0,1,0.3856867453077513,60
4054,1,7541,3224,4317,0,0,0,1.0,1,1.0,1,1.0,1,0.38784307785734085,61
4055,0,7541,3224,4317,0,0,0,1.0,1,1.0,1,1.0,1,0.38784307785734085,61
4056,0,7541,3224,4317,0,0,0,1.0,1,1.0,1,1.0,1,0.3936910169510332,62
4057,1,7542,3224,4318,0,0,0,1.0,1,1.0,1,1.0,1,0.38804157587212734,63
4058,1,7543,3224,4319,0,0,0,1.0,1,1.0,1,1.0,1,0.3982941389912827,64
4059,0,7543,3224,4319,0,0,0,1.0,1,1.0,1,1.0,1,0.41211633919953694,63
4060,0,7543,3224,4319,0,0,0,1.0,1,1.0,1,1.0,1,0.41211633919953694,63
4061,1,7544,3224,4320,0,0,0,1.0,1,1.0,1,1.0,1,0.41701221591519483,63
4062,3,7547,3226,4321,0,0,0,1.0,1,1.0,1,1.0,1,0.4232069270599085,65
4063,3,7550,3226,4324,0,0,0,1.0,1,1.0,1,1.0,1,0.35431097643654713,64
4064,5,7555,3227,4328,0,0,0,1.0,1,1.0,1,1.0,1,0.3388144693642244,65
4065,2,7557,3228,4329,0,0,0,1.0,1,1.0,1,1.0,1,0.3051087259613279,64
4066,5,7562,3229,4333,0,0,0,1.0,1,1.0,1,1.0,1,0.27281979508815457,64
4067,1,7563,3230,4333,0,0,0,1.0,1,1.0,1,1.0,1,0.29238240213137007,63
4068,1,7564,3230,4334,0,0,0,1.0,1,1.0,1,1.0,1,0.2903871572142573,64
4069,5,7569,3232,4337,0,0,0,1.0,1,1.0,1,1.0,1,0.2579381788604055,62
4070,4,7573,3235,4338,0,0,0,1.0,1,1.0,1,1.0,1,0.28525706090527014,61
4071,4,7577,3238,4339,0,0,0,1.0,1,1.0,1,1.0,1,0.29117607351029606,61
4072,4,7581,3240,4341,0,0,0,1.0,1,1.0,1,1.0,1,0.288143094314933,60
4073,0,7581,3240,4341,0,0,0,1.0,1,1.0,1,1.0,1,0.28881276129819194,60
4074,6,7587,3245,4342,0,0,0,1.0,1,1.0,1,1.0,1,0.3291716757934179,60
4075,0,7587,3245,4342,0,0,0,1.0,1,1.0,1,1.0,1,0.3143102076272957,59
4076,2,7589,3247,4342,0,0,0,1.0,1,1.0,1,1.0,1,0.30394491147392844,60
4077,2,7591,3249,4342,0,0,0,1.0,1,1.0,1,1.0,1,0.3186876049292262,61
4078,0,7591,3249,4342,0,0,0,1.0,1,1.0,1,1.0,1,0.32428935253938623,60
4079,2,7593,3250,4343,0,0,0,1.0,1,1.0,1,1.0,1,0.33931859235078116,58
4080,0,7593,3250,4343,0,0,0,1.0,1,1.0,1,1.0,1,0.34203731975595364,56
4081,6,7599,3251,4348,0,0,0,1.0,1,1.0,1,1.0,1,0.27623771876015235,56
4082,0,7599,3251,4348,0,0,0,1.0,1,1.0,1,1.0,1,0.29378726193140364,55
4083,0,7599,3251,4348,0,0,0,1.0,1,1.0,1,1.0,1,0.29378726193140364,55
4084,1,7600,3252,4348,0,0,0,1.0,1,1.0,1,1.0,1,0.30681018941987864,55
4085,3,7603,3252,4351,0,0,0,1.0,1,1.0,1,1.0,1,0.28188499814421003,56
4086,1,7604,3253,4351,0,0,0,1.0,1,1.0,1,1.0,1,0.2732276756689785,57
4087,1,7605,3254,4351,0,0,0,1.0,1,1.0,1,1.0,1,0.2825873924860884,57
4088,1,7606,3254,4352,0,0,0,1.0,1,1.0,1,1.0,1,0.2941382102740255,57
4089,0,7606,3254,4352,0,0,0,1.0,1,1.0,1,1.0,1,0.3252855598177257,56
4090,1,7607,3255,4352,0,0,0,1.0,1,1.0,1,1.0,1,0.3263525506860137,56
4091,0,7607,3255,4352,0,0,0,1.0,1,1.0,1,1.0,1,0.3419499064896732,56
4092,1,7608,3255,4353,0,0,0,1.0,1,1.0,1,1.0,1,0.3283425480400197,57
4093,4,7612,3257,4355,0,0,0,1.0,1,1.0,1,1.0,1,0.33410549221555697,58
4094,3,7615,3258,4357,0,0,0,1.0,1,1.0,1,1.0,1,0.3115310599524986,57
4095,1,7616,3258,4358,0,0,0,1.0,1,1.0,1,1.0,1,0.3062623865322733,57
4096,5,7621,3260,4361,0,0,0,1.0,1,1.0,1,1.0,1,0.2709824226865564,59
4097,1,7622,3261,4361,0,0,0,1.0,1,1.0,1,1.0,1,0.2595487892889534,59
4098,2,7624,3263,4361,0,0,0,1.0,1,1.0,1,1.0,1,0.2521621295710964,59
4099,4,7628,3267,4361,0,0,0,1.0,1,1.0,1,1.0,1,0.2964924081612564,60
4100,5,7633,3268,4365,0,0,0,1.0,1,1.0,1,1.0,1,0.2752423001274101,60
4101,2,7635,3269,4366,0,0,0,1.0,1,1.0,1,1.0,1,0.2799927844791598,60
4102,6,7641,3275,4366,0,0,0,1.0,1,1.0,1,1.0,1,0.275249054845263,60
4103,2,7643,3277,4366,0,0,0,1.0,1,1.0,1,1.0,1,0.28937969174758543,58
4104,1,7644,3278,4366,0,0,0,1.0,1,1.0,1,1.0,1,0.2438329608363251,60
4105,2,7646,3280,4366,0,0,0,1.0,1,1.0,1,1.0,1,0.21638389697377844,59
4106,4,7650,3282,4368,0,0,0,1.0,1,1.0,1,1.0,1,0.20228212274495802,61
4107,0,7650,3282,4368,0,0,0,1.0,1,1.0,1,1.0,1,0.2173733723886764,59
4108,0,7650,3282,4368,0,0,0,1.0,1,1.0,1,1.0,1,0.20891199003365177,60
4109,2,7652,3283,4369,0,0,0,1.0,1,1.0,1,1.0,1,0.16932784692007688,59
4110,3,7655,3284,4371,0,0,0,1.0,1,1.0,1,1.0,1,0.17269912425833964,60
4111,2,7657,3285,4372,0,0,0,1.0,1,1.0,1,1.0,1,0.18118289634240983,61
4112,0,7657,3285,4372,0,0,0,1.0,1,1.0,1,1.0,1,0.17900390530113255,60
4113,0,7657,3285,4372,0,0,0,1.0,1,1.0,1,1.0,1,0.183370523960055,61
4114,0,7657,3285,4372,0,0,0,1.0,1,1.0,1,1.0,1,0.1742903757080117,62
4115,4,7661,3286,4375,0,0,0,1.0,1,1.0,1,1.0,1,0.16100549670051992,60
4116,1,7662,3287,4375,0,0,0,1.0,1,1.0,1,1.0,1,0.16710563600126585,59
4117,2,7664,3289,4375,0,0,0,1.0,1,1.0,1,1.0,1,0.1922397278995395,56
4118,0,7664,3289,4375,0,0,0,1.0,1,1.0,1,1.0,1,0.19238145806215443,55
4119,0,7664,3289,4375,0,0,0,1.0,1,1.0,1,1.0,1,0.2187305305531177,53
4120,1,7665,3290,4375,0,0,0,1.0,1,1.0,1,1.0,1,0.2549521531564005,52
4121,4,7669,3293,4376,0,0,0,1.0,1,1.0,1,1.0,1,0.26377801321092037,53
4122,1,7670,3294,4376,0,0,0,1.0,1,1.0,1,1.0,1,0.26004113793123224,52
4123,3,7673,3297,4376,0,0,0,1.0,1,1.0,1,1.0,1,0.29319704155639587,51
4124,2,7675,3298,4377,0,0,0,1.0,1,1.0,1,1.0,1,0.31191459186476417,51
4125,1,7676,3299,4377,0,0,0,1.0,1,1.0,1,1.0,1,0.3231817969293048,50
4126,12,7688,3302,4386,0,0,0,1.0,1,1.0,1,1.0,1,0.2314713469718484,50
4127,3,7691,3303,4388,0,0,0,1.0,1,1.0,1,1.0,1,0.1850926823443389,49
4128,0,7691,3303,4388,0,0,0,1.0,1,1.0,1,1.0,1,0.1850926823443389,49
4129,1,7692,3303,4389,0,0,0,1.0,1,1.0,1,1.0,1,0.1794781275620383,49
4130,1,7693,3304,4389,0,0,0,1.0,1,1.0,1,1.0,1,0.18773824262039385,50
4131,0,7693,3304,4389,0,0,0,1.0,1,1.0,1,1.0,1,0.18773824262039385,50
4132,0,7693,3304,4389,0,0,0,1.0,1,1.0,1,1.0,1,0.18773824262039385,50
4133,2,7695,3305,4390,0,0,0,1.0,1,1.0,1,1.0,1,0.19296803215467964,51
4134,1,7696,3305,4391,0,0,0,1.0,1,1.0,1,1.0,1,0.18355248101846341,53
4135,1,7697,3305,4392,0,0,0,1.0,1,1.0,1,1.0,1,0.19232283802691746,54
4136,0,7697,3305,4392,0,0,0,1.0,1,1.0,1,1.0,1,0.19232283802691746,54
4137,3,7700,3308,4392,0,0,0,1.0,1,1.0,1,1.0,1,0.20000408231080422,55
4138,1,7701,3308,4393,0,0,0,1.0,1,1.0,1,1.0,1,0.2122671443563665,54
4139,0,7701,3308,4393,0,0,0,1.0,1,1.0,1,1.0,1,0.2122671443563665,54
4140,2,7703,3310,4393,0,0,0,1.0,1,1.0,1,1.0,1,0.25666566023795917,55
4141,6,7709,3310,4399,0,0,0,1.0,1,1.0,1,1.0,1,0.22006305009887514,55
4142,3,7712,3311,4401,0,0,0,1.0,1,1.0,1,1.0,1,0.22586657218678818,55
4143,1,7713,3312,4401,0,0,0,1.0,1,1.0,1,1.0,1,0.27686822652867427,53
4144,3,7716,3313,4403,0,0,0,1.0,1,1.0,1,1.0,1,0.28207921310801126,52
4145,3,7719,3313,4406,0,0,0,1.0,1,1.0,1,1.0,1,0.2759080936905194,51
4146,4,7723,3314,4409,0,0,0,1.0,1,1.0,1,1.0,1,0.24012995257889586,51
4147,4,7727,3315,4412,0,0,0,1.0,1,1.0,1,1.0,1,0.22457307694887135,50
4148,2,7729,3315,4414,0,0,0,1.0,1,1.0,1,1.0,1,0.21664179694811075,52
4149,0,7729,3315,4414,0,0,0,1.0,1,1.0,1,1.0,1,0.19305504625759104,53
4150,2,7731,3317,4414,0,0,0,1.0,1,1.0,1,1.0,1,0.22888445223284948,53
4151,2,7733,3318,4415,0,0,0,1.0,1,1.0,1,1.0,1,0.2441901782539717,53
4152,7,7740,3320,4420,0,0,0,1.0,1,1.0,1,1.0,1,0.21135420206781097,54
4153,3,7743,3321,4422,0,0,0,1.0,1,1.0,1,1.0,1,0.23956456607503998,51
4154,2,7745,3321,4424,0,0,0,1.0,1,1.0,1,1.0,1,0.23956456607503998,51
4155,0,7745,3321,4424,0,0,0,1.0,1,1.0,1,1.0,1,0.23835195457502234,51
4156,5,7750,3323,4427,0,0,0,1.0,1,1.0,1,1.0,1,0.1750789459021345,52
4157,1,7751,3324,4427,0,0,0,1.0,1,1.0,1,1.0,1,0.21580353159792748,52
4158,1,7752,3324,4428,0,0,0,1.0,1,1.0,1,1.0,1,0.2075015546117234,52
4159,3,7755,3326,4429,0,0,0,1.0,1,1.0,1,1.0,1,0.19257465986899538,52
4160,0,7755,3326,4429,0,0,0,1.0,1,1.0,1,1.0,1,0.20746144675918063,50
4161,1,7756,3327,4429,0,0,0,1.0,1,1.0,1,1.0,1,0.23152161095207874,50
4162,1,7757,3328,4429,0,0,0,1.0,1,1.0,1,1.0,1,0.2643555677550119,51
4163,2,7759,3329,4430,0,0,0,1.0,1,1.0,1,1.0,1,0.30436001527159195,48
4164,2,7761,3331,4430,0,0,0,1.0,1,1.0,1,1.0,1,0.31958353513438026,50
4165,0,7761,3331,4430,0,0,0,1.0,1,1.0,1,1.0,1,0.3075446581738557,49
4166,3,7764,3331,4433,0,0,0,1.0,1,1.0,1,1.0,1,0.26771896753381325,50
4167,2,7766,3331,4435,0,0,0,1.0,1,1.0,1,1.0,1,0.2695815809732706,50
4168,1,7767,3331,4436,0,0,0,1.0,1,1.0,1,1.0,1,0.3017033194718649,50
4169,3,7770,3332,4438,0,0,0,1.0,1,1.0,1,1.0,1,0.31449669485827786,51
4170,2,7772,3333,4439,0,0,0,1.0,1,1.0,1,1.0,1,0.3134286850511323,50
4171,5,7777,3335,4442,0,0,0,1.0,1,1.0,1,1.0,1,0.2691420207861308,50
4172,0,7777,3335,4442,0,0,0,1.0,1,1.0,1,1.0,1,0.28592701599250264,49
4173,1,7778,3336,4442,0,0,0,1.0,1,1.0,1,1.0,1,0.31616498355896083,48
4174,2,7780,3337,4443,0,0,0,1.0,1,1.0,1,1.0,1,0.30404378113446473,48
4175,3,7783,3339,4444,0,0,0,1.0,1,1.0,1,1.0,1,0.2457354229202969,48
4176,1,7784,3339,4445,0,0,0,1.0,1,1.0,1,1.0,1,0.25310419199045275,50
4177,3,7787,3341,4446,0,0,0,1.0,1,1.0,1,1.0,1,0.2541632635572218,52
4178,1,7788,3342,4446,0,0,0,1.0,1,1.0,1,1.0,1,0.24909981564184736,53
4179,2,7790,3344,4446,0,0,0,1.0,1,1.0,1,1.0,1,0.27785612546545574,54
4180,0,7790,3344,4446,0,0,0,1.0,1,1.0,1,1.0,1,0.2830185364168995,55
4181,1,7791,3344,4447,0,0,0,1.0,1,1.0,1,1.0,1,0.24565706168534737,56
4182,2,7793,3346,4447,0,0,0,1.0,1,1.0,1,1.0,1,0.22521639581328767,56
4183,2,7795,3348,4447,0,0,0,1.0,1,1.0,1,1.0,1,0.23439799024570254,57
4184,4,7799,3351,4448,0,0,0,1.0,1,1.0,1,1.0,1,0.27655003456328026,57
4185,3,7802,3352,4450,0,0,0,1.0,1,1.0,1,1.0,1,0.2516586402985666,54
4186,5,7807,3355,4452,0,0,0,1.0,1,1.0,1,1.0,1,0.22137158873910392,55
4187,1,7808,3355,4453,0,0,0,1.0,1,1.0,1,1.0,1,0.2026775582277295,53
4188,2,7810,3356,4454,0,0,0,1.0,1,1.0,1,1.0,1,0.19687876744778496,53
4189,1,7811,3356,4455,0,0,0,1.0,1,1.0,1,1.0,1,0.18097057176487116,53
4190,2,7813,3358,4455,0,0,0,1.0,1,1.0,1,1.0,1,0.19244737221474056,53
4191,1,7814,3358,4456,0,0,0,1.0,1,1.0,1,1.0,1,0.20012382208921883,51
4192,2,7816,3360,4456,0,0,0,1.0,1,1.0,1,1.0,1,0.2484991587099018,51
4193,1,7817,3361,4456,0,0,0,1.0,1,1.0,1,1.0,1,0.2596815083853266,50
4194,2,7819,3362,4457,0,0,0,1.0,1,1.0,1,1.0,1,0.24850531763788924,50
4195,2,7821,3363,4458,0,0,0,1.0,1,1.0,1,1.0,1,0.2395179916162499,50
4196,0,7821,3363,4458,0,0,0,1.0,1,1.0,1,1.0,1,0.23605428744912516,51
4197,3,7824,3366,4458,0,0,0,1.0,1,1.0,1,1.0,1,0.24602649526971038,50
4198,2,7826,3367,4459,0,0,0,1.0,1,1.0,1,1.0,1,0.2778309678985555,48
4199,1,7827,3367,4460,0,0,0,1.0,1,1.0,1,1.0,1,0.3034581583095667,48
4200,0,7827,3367,4460,0,0,0,1.0,1,1.0,1,1.0,1,0.3378430303900781,48
4201,2,7829,3367,4462,0,0,0,1.0,1,1.0,1,1.0,1,0.3265202053066129,47
4202,0,7829,3367,4462,0,0,0,1.0,1,1.0,1,1.0,1,0.3265202053066129,47
4203,0,7829,3367,4462,0,0,0,1.0,1,1.0,1,1.0,1,0.3265202053066129,47
4204,3,7832,3369,4463,0,0,0,1.0,1,1.0,1,1.0,1,0.338629474691937,48
4205,1,7833,3369,4464,0,0,0,1.0,1,1.0,1,1.0,1,0.31786553862994327,49
4206,0,7833,3369,4464,0,0,0,1.0,1,1.0,1,1.0,1,0.31786553862994327,49
4207,0,7833,3369,4464,0,0,0,1.0,1,1.0,1,1.0,1,0.30577852322586296,48
4208,0,7833,3369,4464,0,0,0,1.0,1,1.0,1,1.0,1,0.2916403476121207,49
4209,2,7835,3370,4465,0,0,0,1.0,1,1.0,1,1.0,1,0.2907059484149767,51
4210,3,7838,3372,4466,0,0,0,1.0,1,1.0,1,1.0,1,0.3395338678568112,52
4211,3,7841,3372,4469,0,0,0,1.0,1,1.0,1,1.0,1,0.32500675010657587,53
4212,0,7841,3372,4469,0,0,0,1.0,1,1.0,1,1.0,1,0.32500675010657587,53
4213,1,7842,3372,4470,0,0,0,1.0,1,1.0,1,1.0,1,0.316297634641084,54
4214,1,7843,3373,4470,0,0,0,1.0,1,1.0,1,1.0,1,0.33563734062613304,54
4215,2,7845,3375,4470,0,0,0,1.0,1,1.0,1,1.0,1,0.3390328494142005,54
4216,3,7848,3375,4473,0,0,0,1.0,1,1.0,1,1.0,1,0.3314327195100955,53
4217,4,7852,3377,4475,0,0,0,1.0,1,1.0,1,1.0,1,0.3473120925103599,54
4218,2,7854,3379,4475,0,0,0,1.0,1,1.0,1,1.0,1,0.3757205385774861,53
4219,0,7854,3379,4475,0,0,0,1.0,1,1.0,1,1.0,1,0.3757205385774861,53
4220,1,7855,3379,4476,0,0,0,1.0,1,1.0,1,1.0,1,0.3697058946078072,53
4221,0,7855,3379,4476,0,0,0,1.0,1,1.0,1,1.0,1,0.3736252040116273,54
4222,2,7857,3380,4477,0,0,0,1.0,1,1.0,1,1.0,1,0.37242065176135086,55
4223,4,7861,3381,4480,0,0,0,1.0,1,1.0,1,1.0,1,0.34478335165502916,56
4224,6,7867,3384,4483,0,0,0,1.0,1,1.0,1,1.0,1,0.33143295773667864,55
4225,2,7869,3384,4485,0,0,0,1.0,1,1.0,1,1.0,1,0.31904893196661915,53
4226,3,7872,3387,4485,0,0,0,1.0,1,1.0,1,1.0,1,0.3579424984850981,54
4227,2,7874,3388,4486,0,0,0,1.0,1,1.0,1,1.0,1,0.3500554954774218,52
4228,2,7876,3390,4486,0,0,0,1.0,1,1.0,1,1.0,1,0.3645727631298452,51
4229,3,7879,3392,4487,0,0,0,1.0,1,1.0,1,1.0,1,0.37178657748986216,48
4230,3,7882,3394,4488,0,0,0,1.0,1,1.0,1,1.0,1,0.3973783352145008,48
4231,6,7888,3395,4493,0,0,0,1.0,1,1.0,1,1.0,1,0.32752206066331296,48
4232,1,7889,3396,4493,0,0,0,1.0,1,1.0,1,1.0,1,0.3155065718724543,48
4233,0,7889,3396,4493,0,0,0,1.0,1,1.0,1,1.0,1,0.29515106967724125,48
4234,4,7893,3398,4495,0,0,0,1.0,1,1.0,1,1.0,1,0.28953253160562975,49
4235,2,7895,3398,4497,0,0,0,1.0,1,1.0,1,1.0,1,0.234350538547075,47
4236,1,7896,3399,4497,0,0,0,1.0,1,1.0,1,1.0,1,0.25465305461135845,47
4237,0,7896,3399,4497,0,0,0,1.0,1,1.0,1,1.0,1,0.23752534587894852,48
4238,0,7896,3399,4497,0,0,0,1.0,1,1.0,1,1.0,1,0.26271072822152325,47
4239,2,7898,3399,4499,0,0,0,1.0,1,1.0,1,1.0,1,0.2547186356466997,48
4240,2,7900,3400,4500,0,0,0,1.0,1,1.0,1,1.0,1,0.23191639436203748,47
4241,0,7900,3400,4500,0,0,0,1.0,1,1.0,1,1.0,1,0.23504348027789382,49
4242,1,7901,3400,4501,0,0,0,1.0,1,1.0,1,1.0,1,0.22292126060588238,49
4243,4,7905,3402,4503,0,0,0,1.0,1,1.0,1,1.0,1,0.24114488416332772,50
4244,1,7906,3402,4504,0,0,0,1.0,1,1.0,1,1.0,1,0.2427743324937996,51
4245,1,7907,3402,4505,0,0,0,1.0,1,1.0,1,1.0,1,0.2628900112377359,51
4246,2,7909,3402,4507,0,0,0,1.0,1,1.0,1,1.0,1,0.23256936115769514,51
4247,1,7910,3402,4508,0,0,0,1.0,1,1.0,1,1.0,1,0.23184885138746586,52
4248,3,7913,3402,4511,0,0,0,1.0,1,1.0,1,1.0,1,0.19043336628724128,52
4249,1,7914,3403,4511,0,0,0,1.0,1,1.0,1,1.0,1,0.21518725119608006,52
4250,2,7916,3405,4511,0,0,0,1.0,1,1.0,1,1.0,1,0.2297099654963855,52
4251,4,7920,3406,4514,0,0,0,1.0,1,1.0,1,1.0,1,0.20447292418369975,53
4252,5,7925,3408,4517,0,0,0,1.0,1,1.0,1,1.0,1,0.21014107971705842,53
4253,5,7930,3411,4519,0,0,0,1.0,1,1.0,1,1.0,1,0.2257181805837887,54
4254,4,7934,3412,4522,0,0,0,1.0,1,1.0,1,1.0,1,0.20735522028851078,54
4255,1,7935,3413,4522,0,0,0,1.0,1,1.0,1,1.0,1,0.21434080236871234,55
4256,1,7936,3413,4523,0,0,0,1.0,1,1.0,1,1.0,1,0.1853100515802469,57
4257,1,7937,3414,4523,0,0,0,1.0,1,1.0,1,1.0,1,0.20139076292797659,57
4258,2,7939,3416,4523,0,0,0,1.0,1,1.0,1,1.0,1,0.19145288752565806,57
4259,2,7941,3416,4525,0,0,0,1.0,1,1.0,1,1.0,1,0.17324361819638112,57
4260,1,7942,3416,4526,0,0,0,1.0,1,1.0,1,1.0,1,0.17370207592960668,58
4261,1,7943,3417,4526,0,0,0,1.0,1,1.0,1,1.0,1,0.18823926615012854,59
4262,0,7943,3417,4526,0,0,0,1.0,1,1.0,1,1.0,1,0.1886864329470045,60
4263,0,7943,3417,4526,0,0,0,1.0,1,1.0,1,1.0,1,0.18406840486335,59
4264,2,7945,3419,4526,0,0,0,1.0,1,1.0,1,1.0,1,0.18480861633627477,58
4265,3,7948,3420,4528,0,0,0,1.0,1,1.0,1,1.0,1,0.16002345215464753,58
4266,0,7948,3420,4528,0,0,0,1.0,1,1.0,1,1.0,1,0.16496686904488833,58
4267,1,7949,3421,4528,0,0,0,1.0,1,1.0,1,1.0,1,0.17817625090955305,55
4268,2,7951,3423,4528,0,0,0,1.0,1,1.0,1,1.0,1,0.20157600334619521,55
4269,1,7952,3424,4528,0,0,0,1.0,1,1.0,1,1.0,1,0.2716770145567458,50
4270,3,7955,3427,4528,0,0,0,1.0,1,1.0,1,1.0,1,0.2983852777597945,47
4271,2,7957,3428,4529,0,0,0,1.0,1,1.0,1,1.0,1,0.3201064475067424,47
4272,1,7958,3428,4530,0,0,0,1.0,1,1.0,1,1.0,1,0.3066694046771911,46
4273,2,7960,3430,4530,0,0,0,1.0,1,1.0,1,1.0,1,0.373284930247329,47
4274,2,7962,3432,4530,0,0,0,1.0,1,1.0,1,1.0,1,0.3070293048858753,45
4275,3,7965,3435,4530,0,0,0,1.0,1,1.0,1,1.0,1,0.3280472428524238,44
4276,7,7972,3439,4533,0,0,0,1.0,1,1.0,1,1.0,1,0.29347555134696085,43
4277,2,7974,3441,4533,0,0,0,1.0,1,1.0,1,1.0,1,0.291996589776834,42
4278,2,7976,3442,4534,0,0,0,1.0,1,1.0,1,1.0,1,0.24187403410692093,43
4279,7,7983,3445,4538,0,0,0,1.0,1,1.0,1,1.0,1,0.278754712565342,42
4280,4,7987,3447,4540,0,0,0,1.0,1,1.0,1,1.0,1,0.2695102193212734,44
4281,1,7988,3448,4540,0,0,0,1.0,1,1.0,1,1.0,1,0.28485989050564275,44
4282,2,7990,3448,4542,0,0,0,1.0,1,1.0,1,1.0,1,0.26394135199405927,44
4283,4,7994,3448,4546,0,0,0,1.0,1,1.0,1,1.0,1,0.24054692076907017,45
4284,3,7997,3448,4549,0,0,0,1.0,1,1.0,1,1.0,1,0.22134334925154983,45
4285,0,7997,3448,4549,0,0,0,1.0,1,1.0,1,1.0,1,0.17743820931098467,47
4286,0,7997,3448,4549,0,0,0,1.0,1,1.0,1,1.0,1,0.17743820931098467,47
4287,0,7997,3448,4549,0,0,0,1.0,1,1.0,1,1.0,1,0.17393116810729825,49
4288,2,7999,3448,4551,0,0,0,1.0,1,1.0,1,1.0,1,0.13263533849027634,49
4289,0,7999,3448,4551,0,0,0,1.0,1,1.0,1,1.0,1,0.12416931408994457,50
4290,1,8000,3448,4552,0,0,0,1.0,1,1.0,1,1.0,1,0.1288830474929707,51
4291,2,8002,3449,4553,0,0,0,1.0,1,1.0,1,1.0,1,0.13239799456208295,50
4292,1,8003,3450,4553,0,0,0,1.0,1,1.0,1,1.0,1,0.14113787078313098,51
4293,1,8004,3450,4554,0,0,0,1.0,1,1.0,1,1.0,1,0.08234885228509857,51
4294,2,8006,3452,4554,0,0,0,1.0,1,1.0,1,1.0,1,0.13088133044643133,50
4295,1,8007,3453,4554,0,0,0,1.0,1,1.0,1,1.0,1,0.13369116447007992,50
4296,1,8008,3454,4554,0,0,0,1.0,1,1.0,1,1.0,1,0.1452156241933753,49
4297,0,8008,3454,4554,0,0,0,1.0,1,1.0,1,1.0,1,0.16116871536640137,49
4298,0,8008,3454,4554,0,0,0,1.0,1,1.0,1,1.0,1,0.16116871536640137,49
4299,0,8008,3454,4554,0,0,0,1.0,1,1.0,1,1.0,1,0.16864160723522606,48
4300,1,8009,3455,4554,0,0,0,1.0,1,1.0,1,1.0,1,0.15896027876329755,49
4301,4,8013,3458,4555,0,0,0,1.0,1,1.0,1,1.0,1,0.1873170110992488,50
4302,3,8016,3459,4557,0,0,0,1.0,1,1.0,1,1.0,1,0.16762574983074444,51
4303,3,8019,3461,4558,0,0,0,1.0,1,1.0,1,1.0,1,0.1782030626461924,51
4304,4,8023,3465,4558,0,0,0,1.0,1,1.0,1,1.0,1,0.24313555997929714,51
4305,4,8027,3467,4560,0,0,0,1.0,1,1.0,1,1.0,1,0.2561641242721621,49
4306,7,8034,3469,4565,0,0,0,1.0,1,1.0,1,1.0,1,0.19338297780136154,49
4307,2,8036,3471,4565,0,0,0,1.0,1,1.0,1,1.0,1,0.17740639509967626,46
4308,1,8037,3472,4565,0,0,0,1.0,1,1.0,1,1.0,1,0.20683974481297832,44
4309,4,8041,3473,4568,0,0,0,1.0,1,1.0,1,1.0,1,0.19467176881175566,44
4310,2,8043,3475,4568,0,0,0,1.0,1,1.0,1,1.0,1,0.2154795573972264,42
4311,3,8046,3478,4568,0,0,0,1.0,1,1.0,1,1.0,1,0.23708626850249212,42
4312,0,8046,3478,4568,0,0,0,1.0,1,1.0,1,1.0,1,0.20994116170350172,40
4313,2,8048,3480,4568,0,0,0,1.0,1,1.0,1,1.0,1,0.23950528904890062,40
4314,1,8049,3480,4569,0,0,0,1.0,1,1.0,1,1.0,1,0.1952983619838275,36
4315,1,8050,3481,4569,0,0,0,1.0,1,1.0,1,1.0,1,0.2552411350469405,37
4316,5,8055,3483,4572,0,0,0,1.0,1,1.0,1,1.0,1,0.29467285235733176,37
4317,5,8060,3486,4574,0,0,0,1.0,1,1.0,1,1.0,1,0.3157191634287698,36
4318,2,8062,3487,4575,0,0,0,1.0,1,1.0,1,1.0,1,0.2795470579783654,34
4319,0,8062,3487,4575,0,0,0,1.0,1,1.0,1,1.0,1,0.27141605660001045,34
4320,0,8062,3487,4575,0,0,0,1.0,1,1.0,1,1.0,1,0.27141605660001045,34
4321,0,8062,3487,4575,0,0,0,1.0,1,1.0,1,1.0,1,0.2942313768445095,35
4322,0,8062,3487,4575,0,0,0,1.0,1,1.0,1,1.0,1,0.2942313768445095,35
4323,1,8063,3487,4576,0,0,0,1.0,1,1.0,1,1.0,1,0.2676815611042961,35
4324,1,8064,3487,4577,0,0,0,1.0,1,1.0,1,1.0,1,0.27859163274399806,34
4325,0,8064,3487,4577,0,0,0,1.0,1,1.0,1,1.0,1,0.27859163274399806,34
4326,3,8067,3489,4578,0,0,0,1.0,1,1.0,1,1.0,1,0.28098985212459326,36
4327,0,8067,3489,4578,0,0,0,1.0,1,1.0,1,1.0,1,0.2891268105321758,35
4328,1,8068,3490,4578,0,0,0,1.0,1,1.0,1,1.0,1,0.2926377340337645,35
4329,3,8071,3491,4580,0,0,0,1.0,1,1.0,1,1.0,1,0.27733020454473684,38
4330,4,8075,3493,4582,0,0,0,1.0,1,1.0,1,1.0,1,0.28387264248111693,38
4331,2,8077,3493,4584,0,0,0,1.0,1,1.0,1,1.0,1,0.2433712908420569,39
4332,0,8077,3493,4584,0,0,0,1.0,1,1.0,1,1.0,1,0.2549203606177002,40
4333,1,8078,3493,4585,0,0,0,1.0,1,1.0,1,1.0,1,0.18541507945363306,41
4334,0,8078,3493,4585,0,0,0,1.0,1,1.0,1,1.0,1,0.18541507945363306,41
4335,1,8079,3494,4585,0,0,0,1.0,1,1.0,1,1.0,1,0.16195499018895176,42
4336,0,8079,3494,4585,0,0,0,1.0,1,1.0,1,1.0,1,0.1747729388780415,43
4337,0,8079,3494,4585,0,0,0,1.0,1,1.0,1,1.0,1,0.15027167285723075,44
4338,0,8079,3494,4585,0,0,0,1.0,1,1.0,1,1.0,1,0.15027167285723075,44
4339,3,8082,3496,4586,0,0,0,1.0,1,1.0,1,1.0,1,0.14492999570011186,46
4340,0,8082,3496,4586,0,0,0,1.0,1,1.0,1,1.0,1,0.15739217122523894,47
4341,4,8086,3497,4589,0,0,0,1.0,1,1.0,1,1.0,1,0.12457289308617378,47
4342,7,8093,3502,4591,0,0,0,1.0,1,1.0,1,1.0,1,0.2141682678072125,47
4343,0,8093,3502,4591,0,0,0,1.0,1,1.0,1,1.0,1,0.16923086939235513,42
4344,2,8095,3504,4591,0,0,0,1.0,1,1.0,1,1.0,1,0.22805260440031502,42
4345,4,8099,3507,4592,0,0,0,1.0,1,1.0,1,1.0,1,0.27102135898103075,39
4346,0,8099,3507,4592,0,0,0,1.0,1,1.0,1,1.0,1,0.2886200398809003,37
4347,1,8100,3508,4592,0,0,0,1.0,1,1.0,1,1.0,1,0.34472719825478976,37
4348,4,8104,3512,4592,0,0,0,1.0,1,1.0,1,1.0,1,0.44618120043391585,38
4349,2,8106,3512,4594,0,0,0,1.0,1,1.0,1,1.0,1,0.37218640736766734,36
4350,6,8112,3516,4596,0,0,0,1.0,1,1.0,1,1.0,1,0.3164158875551598,37
4351,2,8114,3517,4597,0,0,0,1.0,1,1.0,1,1.0,1,0.28196503508939275,35
4352,0,8114,3517,4597,0,0,0,1.0,1,1.0,1,1.0,1,0.3047867582527493,34
4353,1,8115,3517,4598,0,0,0,1.0,1,1.0,1,1.0,1,0.277546275105588,34
4354,1,8116,3517,4599,0,0,0,1.0,1,1.0,1,1.0,1,0.3040535393978818,32
4355,3,8119,3517,4602,0,0,0,1.0,1,1.0,1,1.0,1,0.21751928471531654,32
4356,2,8121,3518,4603,0,0,0,1.0,1,1.0,1,1.0,1,0.1742658908473326,34
4357,0,8121,3518,4603,0,0,0,1.0,1,1.0,1,1.0,1,0.1628058040311529,35
4358,3,8124,3520,4604,0,0,0,1.0,1,1.0,1,1.0,1,0.1942267831415853,35
4359,3,8127,3521,4606,0,0,0,1.0,1,1.0,1,1.0,1,0.23158163542753282,37
4360,2,8129,3521,4608,0,0,0,1.0,1,1.0,1,1.0,1,0.24453799539381219,38
4361,3,8132,3522,4610,0,0,0,1.0,1,1.0,1,1.0,1,0.19031892230139072,39
4362,3,8135,3524,4611,0,0,0,1.0,1,1.0,1,1.0,1,0.2337366582879866,38
4363,2,8137,3525,4612,0,0,0,1.0,1,1.0,1,1.0,1,0.2067189247359608,38
4364,2,8139,3526,4613,0,0,0,1.0,1,1.0,1,1.0,1,0.20073779040410356,39
4365,0,8139,3526,4613,0,0,0,1.0,1,1.0,1,1.0,1,0.20073779040410356,39
4366,1,8140,3527,4613,0,0,0,1.0,1,1.0,1,1.0,1,0.20426535697750145,39
4367,1,8141,3527,4614,0,0,0,1.0,1,1.0,1,1.0,1,0.20043679764836925,41
4368,1,8142,3528,4614,0,0,0,1.0,1,1.0,1,1.0,1,0.22570258844584726,41
4369,0,8142,3528,4614,0,0,0,1.0,1,1.0,1,1.0,1,0.23555327724443614,42
4370,3,8145,3529,4616,0,0,0,1.0,1,1.0,1,1.0,1,0.2587598831876145,42
4371,1,8146,3529,4617,0,0,0,1.0,1,1.0,1,1.0,1,0.2611232515388504,43
4372,3,8149,3531,4618,0,0,0,1.0,1,1.0,1,1.0,1,0.30919491222025125,43
4373,2,8151,3532,4619,0,0,0,1.0,1,1.0,1,1.0,1,0.3277537045751624,43
4374,3,8154,3532,4622,0,0,0,1.0,1,1.0,1,1.0,1,0.2878785572162659,44
4375,3,8157,3532,4625,0,0,0,1.0,1,1.0,1,1.0,1,0.288153824203158,45
4376,3,8160,3532,4628,0,0,0,1.0,1,1.0,1,1.0,1,0.2755812687026675,46
4377,9,8169,3535,4634,0,0,0,1.0,1,1.0,1,1.0,1,0.29694639529721195,47
4378,8,8177,3535,4642,0,0,0,1.0,1,1.0,1,1.0,1,0.2762539179664849,49
4379,7,8184,3538,4646,0,0,0,1.0,1,1.0,1,1.0,1,0.2799601119842123,51
4380,10,8194,3538,4656,0,0,0,1.0,1,1.0,1,1.0,1,0.2805645353457581,50
4381,2,8196,3539,4657,0,0,0,1.0,1,1.0,1,1.0,1,0.26747410255198517,49
4382,1,8197,3540,4657,0,0,0,1.0,1,1.0,1,1.0,1,0.30415058527970096,47
4383,2,8199,3541,4658,0,0,0,1.0,1,1.0,1,1.0,1,0.3091290485248215,47
4384,1,8200,3542,4658,0,0,0,1.0,1,1.0,1,1.0,1,0.31090032017346325,44
4385,0,8200,3542,4658,0,0,0,1.0,1,1.0,1,1.0,1,0.2861666710192577,42
4386,5,8205,3544,4661,0,0,0,1.0,1,1.0,1,1.0,1,0.28073889132794577,41
4387,0,8205,3544,4661,0,0,0,1.0,1,1.0,1,1.0,1,0.2530069422590766,39
4388,1,8206,3545,4661,0,0,0,1.0,1,1.0,1,1.0,1,0.26043836635017825,39
4389,1,8207,3546,4661,0,0,0,1.0,1,1.0,1,1.0,1,0.23981733608251302,38
4390,0,8207,3546,4661,0,0,0,1.0,1,1.0,1,1.0,1,0.22560578345739501,38
4391,0,8207,3546,4661,0,0,0,1.0,1,1.0,1,1.0,1,0.21859137867301184,39
4392,0,8207,3546,4661,0,0,0,1.0,1,1.0,1,1.0,1,0.21859137867301184,39
4393,0,8207,3546,4661,0,0,0,1.0,1,1.0,1,1.0,1,0.21027043550109736,40
4394,1,8208,3547,4661,0,0,0,1.0,1,1.0,1,1.0,1,0.23430691175604376,39
4395,1,8209,3548,4661,0,0,0,1.0,1,1.0,1,1.0,1,0.23143180831307966,39
4396,2,8211,3548,4663,0,0,0,1.0,1,1.0,1,1.0,1,0.23926522953953852,39
4397,1,8212,3549,4663,0,0,0,1.0,1,1.0,1,1.0,1,0.2734096502959854,38
4398,0,8212,3549,4663,0,0,0,1.0,1,1.0,1,1.0,1,0.2696104291373805,39
4399,0,8212,3549,4663,0,0,0,1.0,1,1.0,1,1.0,1,0.28510600387754,42
4400,0,8212,3549,4663,0,0,0,1.0,1,1.0,1,1.0,1,0.2929810817250027,43
4401,0,8212,3549,4663,0,0,0,1.0,1,1.0,1,1.0,1,0.2847393181099644,44
4402,1,8213,3549,4664,0,0,0,1.0,1,1.0,1,1.0,1,0.2827090557939554,44
4403,3,8216,3549,4667,0,0,0,1.0,1,1.0,1,1.0,1,0.2238634868400635,45
4404,0,8216,3549,4667,0,0,0,1.0,1,1.0,1,1.0,1,0.2238634868400635,45
4405,0,8216,3549,4667,0,0,0,1.0,1,1.0,1,1.0,1,0.2365424216686139,46
4406,0,8216,3549,4667,0,0,0,1.0,1,1.0,1,1.0,1,0.2365424216686139,46
4407,2,8218,3550,4668,0,0,0,1.0,1,1.0,1,1.0,1,0.24770675631283648,46
4408,0,8218,3550,4668,0,0,0,1.0,1,1.0,1,1.0,1,0.2488646837440843,47
4409,2,8220,3551,4669,0,0,0,1.0,1,1.0,1,1.0,1,0.2930403710946557,48
4410,2,8222,3551,4671,0,0,0,1.0,1,1.0,1,1.0,1,0.2939059270661416,48
4411,1,8223,3551,4672,0,0,0,1.0,1,1.0,1,1.0,1,0.27419472399752715,50
4412,2,8225,3551,4674,0,0,0,1.0,1,1.0,1,1.0,1,0.24291422276466615,50
4413,2,8227,3551,4676,0,0,0,1.0,1,1.0,1,1.0,1,0.22403436599010673,50
4414,1,8228,3551,4677,0,0,0,1.0,1,1.0,1,1.0,1,0.21484691971357808,51
4415,2,8230,3551,4679,0,0,0,1.0,1,1.0,1,1.0,1,0.21484691971357808,51
4416,1,8231,3551,4680,0,0,0,1.0,1,1.0,1,1.0,1,0.20998532023198618,51
4417,2,8233,3553,4680,0,0,0,1.0,1,1.0,1,1.0,1,0.21366882408820234,51
4418,1,8234,3553,4681,0,0,0,1.0,1,1.0,1,1.0,1,0.22503597972505324,51
4419,1,8235,3553,4682,0,0,0,1.0,1,1.0,1,1.0,1,0.2419806184108655,50
4420,2,8237,3553,4684,0,0,0,1.0,1,1.0,1,1.0,1,0.243740778099062,50
4421,3,8240,3553,4687,0,0,0,1.0,1,1.0,1,1.0,1,0.18103567329641684,52
4422,0,8240,3553,4687,0,0,0,1.0,1,1.0,1,1.0,1,0.21832839028755502,51
4423,1,8241,3553,4688,0,0,0,1.0,1,1.0,1,1.0,1,0.21272526145629694,51
4424,0,8241,3553,4688,0,0,0,1.0,1,1.0,1,1.0,1,0.2232959752871114,53
4425,0,8241,3553,4688,0,0,0,1.0,1,1.0,1,1.0,1,0.2243360377959644,54
4426,3,8244,3554,4690,0,0,0,1.0,1,1.0,1,1.0,1,0.20176893316828237,55
4427,0,8244,3554,4690,0,0,0,1.0,1,1.0,1,1.0,1,0.20176893316828237,55
4428,0,8244,3554,4690,0,0,0,1.0,1,1.0,1,1.0,1,0.20176893316828237,55
4429,1,8245,3555,4690,0,0,0,1.0,1,1.0,1,1.0,1,0.20632101395306326,56
4430,1,8246,3555,4691,0,0,0,1.0,1,1.0,1,1.0,1,0.1848234434727456,55
4431,1,8247,3556,4691,0,0,0,1.0,1,1.0,1,1.0,1,0.2063664657996725,56
4432,0,8247,3556,4691,0,0,0,1.0,1,1.0,1,1.0,1,0.2063664657996725,56
4433,0,8247,3556,4691,0,0,0,1.0,1,1.0,1,1.0,1,0.21698700732943774,57
4434,2,8249,3556,4693,0,0,0,1.0,1,1.0,1,1.0,1,0.20114669315232153,56
4435,3,8252,3557,4695,0,0,0,1.0,1,1.0,1,1.0,1,0.16568403670168985,56
4436,2,8254,3559,4695,0,0,0,1.0,1,1.0,1,1.0,1,0.1914413052471051,55
4437,1,8255,3559,4696,0,0,0,1.0,1,1.0,1,1.0,1,0.20032335334166798,54
4438,1,8256,3560,4696,0,0,0,1.0,1,1.0,1,1.0,1,0.21981184833118855,54
4439,0,8256,3560,4696,0,0,0,1.0,1,1.0,1,1.0,1,0.2509261230473639,55
4440,2,8258,3561,4697,0,0,0,1.0,1,1.0,1,1.0,1,0.24212942404523932,55
4441,4,8262,3563,4699,0,0,0,1.0,1,1.0,1,1.0,1,0.19288756371268231,59
4442,5,8267,3564,4703,0,0,0,1.0,1,1.0,1,1.0,1,0.13369425336714438,61
4443,2,8269,3566,4703,0,0,0,1.0,1,1.0,1,1.0,1,0.1636219473999419,60
4444,0,8269,3566,4703,0,0,0,1.0,1,1.0,1,1.0,1,0.176918635374259,61
4445,1,8270,3566,4704,0,0,0,1.0,1,1.0,1,1.0,1,0.16706331059490506,61
4446,1,8271,3567,4704,0,0,0,1.0,1,1.0,1,1.0,1,0.18159030415101615,62
4447,0,8271,3567,4704,0,0,0,1.0,1,1.0,1,1.0,1,0.17344642219640188,63
4448,0,8271,3567,4704,0,0,0,1.0,1,1.0,1,1.0,1,0.17344642219640188,63
4449,0,8271,3567,4704,0,0,0,1.0,1,1.0,1,1.0,1,0.17344642219640188,63
4450,0,8271,3567,4704,0,0,0,1.0,1,1.0,1,1.0,1,0.1798576498392212,62
4451,0,8271,3567,4704,0,0,0,1.0,1,1.0,1,1.0,1,0.17441069861923036,63
4452,0,8271,3567,4704,0,0,0,1.0,1,1.0,1,1.0,1,0.1823502042289467,64
4453,1,8272,3567,4705,0,0,0,1.0,1,1.0,1,1.0,1,0.17203819630145092,65
4454,0,8272,3567,4705,0,0,0,1.0,1,1.0,1,1.0,1,0.16440253893477982,66
4455,1,8273,3567,4706,0,0,0,1.0,1,1.0,1,1.0,1,0.14988731555574378,67
4456,4,8277,3567,4710,0,0,0,1.0,1,1.0,1,1.0,1,0.11351107562399614,67
4457,0,8277,3567,4710,0,0,0,1.0,1,1.0,1,1.0,1,0.11690874655663977,65
4458,2,8279,3567,4712,0,0,0,1.0,1,1.0,1,1.0,1,0.12087956068330366,65
4459,3,8282,3569,4713,0,0,0,1.0,1,1.0,1,1.0,1,0.15788062303652511,64
4460,0,8282,3569,4713,0,0,0,1.0,1,1.0,1,1.0,1,0.17853618729248605,63
4461,5,8287,3571,4716,0,0,0,1.0,1,1.0,1,1.0,1,0.22093420673504882,62
4462,10,8297,3577,4720,0,0,0,1.0,1,1.0,1,1.0,1,0.3195332882186571,61
4463,7,8304,3581,4723,0,0,0,1.0,1,1.0,1,1.0,1,0.3803100350872809,61
4464,5,8309,3582,4727,0,0,0,1.0,1,1.0,1,1.0,1,0.37228259221555043,58
4465,2,8311,3582,4729,0,0,0,1.0,1,1.0,1,1.0,1,0.36737806252310645,57
4466,3,8314,3583,4731,0,0,0,1.0,1,1.0,1,1.0,1,0.386799047699619,54
4467,4,8318,3585,4733,0,0,0,1.0,1,1.0,1,1.0,1,0.37111202577518804,52
4468,5,8323,3588,4735,0,0,0,1.0,1,1.0,1,1.0,1,0.3455926787339948,52
4469,2,8325,3590,4735,0,0,0,1.0,1,1.0,1,1.0,1,0.34798289397648346,51
4470,1,8326,3591,4735,0,0,0,1.0,1,1.0,1,1.0,1,0.34108970695652285,51
4471,8,8334,3594,4740,0,0,0,1.0,1,1.0,1,1.0,1,0.24852908531348822,50
4472,3,8337,3595,4742,0,0,0,1.0,1,1.0,1,1.0,1,0.21716013801996695,48
4473,0,8337,3595,4742,0,0,0,1.0,1,1.0,1,1.0,1,0.22810262627385347,47
4474,4,8341,3597,4744,0,0,0,1.0,1,1.0,1,1.0,1,0.22099172979092996,49
4475,0,8341,3597,4744,0,0,0,1.0,1,1.0,1,1.0,1,0.23143134603030174,47
4476,2,8343,3598,4745,0,0,0,1.0,1,1.0,1,1.0,1,0.2340340669197407,49
4477,1,8344,3599,4745,0,0,0,1.0,1,1.0,1,1.0,1,0.2644784395901983,48
4478,0,8344,3599,4745,0,0,0,1.0,1,1.0,1,1.0,1,0.2644784395901983,48
4479,1,8345,3600,4745,0,0,0,1.0,1,1.0,1,1.0,1,0.2855499572730291,48
4480,3,8348,3601,4747,0,0,0,1.0,1,1.0,1,1.0,1,0.24777232150485115,49
4481,1,8349,3601,4748,0,0,0,1.0,1,1.0,1,1.0,1,0.2650534940103708,49
4482,0,8349,3601,4748,0,0,0,1.0,1,1.0,1,1.0,1,0.2650534940103708,49
4483,1,8350,3601,4749,0,0,0,1.0,1,1.0,1,1.0,1,0.22890226453971949,50
4484,2,8352,3602,4750,0,0,0,1.0,1,1.0,1,1.0,1,0.2399114600149991,52
4485,0,8352,3602,4750,0,0,0,1.0,1,1.0,1,1.0,1,0.24623319949336037,53
4486,7,8359,3603,4756,0,0,0,1.0,1,1.0,1,1.0,1,0.17277933086000374,55
4487,4,8363,3605,4758,0,0,0,1.0,1,1.0,1,1.0,1,0.168151121701035,55
4488,1,8364,3606,4758,0,0,0,1.0,1,1.0,1,1.0,1,0.18860997665976573,54
4489,0,8364,3606,4758,0,0,0,1.0,1,1.0,1,1.0,1,0.21770955657243693,53
4490,1,8365,3607,4758,0,0,0,1.0,1,1.0,1,1.0,1,0.2353786502829621,53
4491,0,8365,3607,4758,0,0,0,1.0,1,1.0,1,1.0,1,0.24690377891862486,52
4492,0,8365,3607,4758,0,0,0,1.0,1,1.0,1,1.0,1,0.24690377891862486,52
4493,2,8367,3608,4759,0,0,0,1.0,1,1.0,1,1.0,1,0.2757877060442767,52
4494,2,8369,3608,4761,0,0,0,1.0,1,1.0,1,1.0,1,0.24331529375966962,53
4495,3,8372,3611,4761,0,0,0,1.0,1,1.0,1,1.0,1,0.1914703213169629,50
4496,4,8376,3615,4761,0,0,0,1.0,1,1.0,1,1.0,1,0.26507103671477794,51
4497,3,8379,3616,4763,0,0,0,1.0,1,1.0,1,1.0,1,0.25945248606634275,50
4498,0,8379,3616,4763,0,0,0,1.0,1,1.0,1,1.0,1,0.25574680620141577,49
4499,0,8379,3616,4763,0,0,0,1.0,1,1.0,1,1.0,1,0.2609652263011458,48
4500,2,8381,3617,4764,0,0,0,1.0,1,1.0,1,1.0,1,0.2592618801558595,48
4501,5,8386,3618,4768,0,0,0,1.0,1,1.0,1,1.0,1,0.21069521291715837,48
4502,2,8388,3620,4768,0,0,0,1.0,1,1.0,1,1.0,1,0.22669347368558593,49
4503,5,8393,3624,4769,0,0,0,1.0,1,1.0,1,1.0,1,0.26761122071432464,49
4504,1,8394,3625,4769,0,0,0,1.0,1,1.0,1,1.0,1,0.3096433195492018,45
4505,2,8396,3626,4770,0,0,0,1.0,1,1.0,1,1.0,1,0.31049136282209316,46
4506,2,8398,3627,4771,0,0,0,1.0,1,1.0,1,1.0,1,0.31501074188972583,45
4507,1,8399,3627,4772,0,0,0,1.0,1,1.0,1,1.0,1,0.2999205916255564,45
4508,3,8402,3629,4773,0,0,0,1.0,1,1.0,1,1.0,1,0.28826378719413914,43
4509,1,8403,3630,4773,0,0,0,1.0,1,1.0,1,1.0,1,0.3170889008886578,41
4510,1,8404,3631,4773,0,0,0,1.0,1,1.0,1,1.0,1,0.3488803499661087,42
4511,2,8406,3632,4774,0,0,0,1.0,1,1.0,1,1.0,1,0.3360137053409291,41
4512,0,8406,3632,4774,0,0,0,1.0,1,1.0,1,1.0,1,0.3360137053409291,41
4513,0,8406,3632,4774,0,0,0,1.0,1,1.0,1,1.0,1,0.3360137053409291,41
4514,1,8407,3633,4774,0,0,0,1.0,1,1.0,1,1.0,1,0.3234359524204191,42
4515,2,8409,3634,4775,0,0,0,1.0,1,1.0,1,1.0,1,0.3268992202020775,41
4516,5,8414,3637,4777,0,0,0,1.0,1,1.0,1,1.0,1,0.24567431188912697,42
4517,3,8417,3637,4780,0,0,0,1.0,1,1.0,1,1.0,1,0.24065407870385971,43
4518,0,8417,3637,4780,0,0,0,1.0,1,1.0,1,1.0,1,0.2553670270312766,42
4519,2,8419,3639,4780,0,0,0,1.0,1,1.0,1,1.0,1,0.29889259144837416,42
4520,1,8420,3639,4781,0,0,0,1.0,1,1.0,1,1.0,1,0.3137024432120246,42
4521,1,8421,3640,4781,0,0,0,1.0,1,1.0,1,1.0,1,0.3337402372287978,42
4522,5,8426,3643,4783,0,0,0,1.0,1,1.0,1,1.0,1,0.2923289809572551,42
4523,0,8426,3643,4783,0,0,0,1.0,1,1.0,1,1.0,1,0.2923289809572551,42
4524,2,8428,3645,4783,0,0,0,1.0,1,1.0,1,1.0,1,0.29040036417243337,43
4525,4,8432,3645,4787,0,0,0,1.0,1,1.0,1,1.0,1,0.256435971676948,46
4526,7,8439,3647,4792,0,0,0,1.0,1,1.0,1,1.0,1,0.22546321526566196,46
4527,7,8446,3650,4796,0,0,0,1.0,1,1.0,1,1.0,1,0.2511768240691794,47
4528,6,8452,3650,4802,0,0,0,1.0,1,1.0,1,1.0,1,0.30165586938106115,49
4529,6,8458,3651,4807,0,0,0,1.0,1,1.0,1,1.0,1,0.26343391710336383,50
4530,4,8462,3651,4811,0,0,0,1.0,1,1.0,1,1.0,1,0.282253932766955,51
4531,4,8466,3651,4815,0,0,0,1.0,1,1.0,1,1.0,1,0.18594967603689364,51
4532,0,8466,3651,4815,0,0,0,1.0,1,1.0,1,1.0,1,0.18594967603689364,51
4533,0,8466,3651,4815,0,0,0,1.0,1,1.0,1,1.0,1,0.19638711056787012,50
4534,2,8468,3651,4817,0,0,0,1.0,1,1.0,1,1.0,1,0.16701304678374546,51
4535,1,8469,3652,4817,0,0,0,1.0,1,1.0,1,1.0,1,0.17271027829700344,50
4536,2,8471,3652,4819,0,0,0,1.0,1,1.0,1,1.0,1,0.18125344738733878,48
4537,1,8472,3653,4819,0,0,0,1.0,1,1.0,1,1.0,1,0.20970787184863296,49
4538,0,8472,3653,4819,0,0,0,1.0,1,1.0,1,1.0,1,0.24851112518295454,48
4539,3,8475,3654,4821,0,0,0,1.0,1,1.0,1,1.0,1,0.29391725552775705,50
4540,0,8475,3654,4821,0,0,0,1.0,1,1.0,1,1.0,1,0.26914174802856267,49
4541,1,8476,3655,4821,0,0,0,1.0,1,1.0,1,1.0,1,0.25771494714058873,49
4542,2,8478,3657,4821,0,0,0,1.0,1,1.0,1,1.0,1,0.28617855324143143,47
4543,0,8478,3657,4821,0,0,0,1.0,1,1.0,1,1.0,1,0.28826046966285834,45
4544,1,8479,3658,4821,0,0,0,1.0,1,1.0,1,1.0,1,0.2909258689327849,45
4545,2,8481,3660,4821,0,0,0,1.0,1,1.0,1,1.0,1,0.3322416304294787,43
4546,5,8486,3662,4824,0,0,0,1.0,1,1.0,1,1.0,1,0.3396909799325517,43
4547,2,8488,3663,4825,0,0,0,1.0,1,1.0,1,1.0,1,0.35226915461129127,41
4548,2,8490,3664,4826,0,0,0,1.0,1,1.0,1,1.0,1,0.3351384127204636,42
4549,0,8490,3664,4826,0,0,0,1.0,1,1.0,1,1.0,1,0.3028384664076685,41
4550,3,8493,3666,4827,0,0,0,1.0,1,1.0,1,1.0,1,0.3244873456645616,41
4551,1,8494,3666,4828,0,0,0,1.0,1,1.0,1,1.0,1,0.3043368055446621,39
4552,0,8494,3666,4828,0,0,0,1.0,1,1.0,1,1.0,1,0.30632918426517497,38
4553,0,8494,3666,4828,0,0,0,1.0,1,1.0,1,1.0,1,0.31728132756351357,39
4554,1,8495,3667,4828,0,0,0,1.0,1,1.0,1,1.0,1,0.34519661955247044,38
4555,1,8496,3668,4828,0,0,0,1.0,1,1.0,1,1.0,1,0.38718795313229337,37
4556,1,8497,3669,4828,0,0,0,1.0,1,1.0,1,1.0,1,0.34607566508648996,36
4557,0,8497,3669,4828,0,0,0,1.0,1,1.0,1,1.0,1,0.3396014503807549,38
4558,1,8498,3670,4828,0,0,0,1.0,1,1.0,1,1.0,1,0.28574533311163824,39
4559,2,8500,3672,4828,0,0,0,1.0,1,1.0,1,1.0,1,0.3042477847808711,38
4560,0,8500,3672,4828,0,0,0,1.0,1,1.0,1,1.0,1,0.3260884088171909,41
4561,1,8501,3672,4829,0,0,0,1.0,1,1.0,1,1.0,1,0.2973884734619552,41
4562,1,8502,3673,4829,0,0,0,1.0,1,1.0,1,1.0,1,0.3045045931220181,43
4563,1,8503,3673,4830,0,0,0,1.0,1,1.0,1,1.0,1,0.32025607488784574,42
4564,1,8504,3673,4831,0,0,0,1.0,1,1.0,1,1.0,1,0.3120080431935703,43
4565,2,8506,3673,4833,0,0,0,1.0,1,1.0,1,1.0,1,0.2999561799349572,44
4566,5,8511,3674,4837,0,0,0,1.0,1,1.0,1,1.0,1,0.2037368911924185,45
4567,2,8513,3675,4838,0,0,0,1.0,1,1.0,1,1.0,1,0.1728608416442904,47
4568,0,8513,3675,4838,0,0,0,1.0,1,1.0,1,1.0,1,0.1728608416442904,47
4569,3,8516,3677,4839,0,0,0,1.0,1,1.0,1,1.0,1,0.15257932278479744,49
4570,1,8517,3678,4839,0,0,0,1.0,1,1.0,1,1.0,1,0.14311631247205134,49
4571,0,8517,3678,4839,0,0,0,1.0,1,1.0,1,1.0,1,0.13307496330782528,48
4572,0,8517,3678,4839,0,0,0,1.0,1,1.0,1,1.0,1,0.13307496330782528,48
4573,2,8519,3680,4839,0,0,0,1.0,1,1.0,1,1.0,1,0.16665266568679793,48
4574,1,8520,3681,4839,0,0,0,1.0,1,1.0,1,1.0,1,0.21526810542646466,50
4575,4,8524,3683,4841,0,0,0,1.0,1,1.0,1,1.0,1,0.23860760807067122,51
4576,0,8524,3683,4841,0,0,0,1.0,1,1.0,1,1.0,1,0.26668156769640805,48
4577,0,8524,3683,4841,0,0,0,1.0,1,1.0,1,1.0,1,0.24781953098742182,47
4578,2,8526,3684,4842,0,0,0,1.0,1,1.0,1,1.0,1,0.2628585119841453,46
4579,1,8527,3684,4843,0,0,0,1.0,1,1.0,1,1.0,1,0.2374988688081894,46
4580,0,8527,3684,4843,0,0,0,1.0,1,1.0,1,1.0,1,0.2229396474711871,47
4581,0,8527,3684,4843,0,0,0,1.0,1,1.0,1,1.0,1,0.2229396474711871,47
4582,0,8527,3684,4843,0,0,0,1.0,1,1.0,1,1.0,1,0.23366395420264305,48
4583,0,8527,3684,4843,0,0,0,1.0,1,1.0,1,1.0,1,0.23366395420264305,48
4584,0,8527,3684,4843,0,0,0,1.0,1,1.0,1,1.0,1,0.24603846583965985,50
4585,1,8528,3685,4843,0,0,0,1.0,1,1.0,1,1.0,1,0.2635251981387183,50
4586,0,8528,3685,4843,0,0,0,1.0,1,1.0,1,1.0,1,0.2635251981387183,50
4587,0,8528,3685,4843,0,0,0,1.0,1,1.0,1,1.0,1,0.2635251981387183,50
4588,0,8528,3685,4843,0,0,0,1.0,1,1.0,1,1.0,1,0.2635251981387183,50
4589,1,8529,3686,4843,0,0,0,1.0,1,1.0,1,1.0,1,0.2635921658811059,52
4590,0,8529,3686,4843,0,0,0,1.0,1,1.0,1,1.0,1,0.2635921658811059,52
4591,2,8531,3686,4845,0,0,0,1.0,1,1.0,1,1.0,1,0.25461007480313075,53
4592,1,8532,3686,4846,0,0,0,1.0,1,1.0,1,1.0,1,0.26276515787281957,54
4593,2,8534,3686,4848,0,0,0,1.0,1,1.0,1,1.0,1,0.23792609383951718,56
4594,2,8536,3686,4850,0,0,0,1.0,1,1.0,1,1.0,1,0.23179202474262597,57
4595,1,8537,3687,4850,0,0,0,1.0,1,1.0,1,1.0,1,0.24986464810122877,56
4596,1,8538,3687,4851,0,0,0,1.0,1,1.0,1,1.0,1,0.2425862754532943,56
4597,2,8540,3689,4851,0,0,0,1.0,1,1.0,1,1.0,1,0.2575958087962184,56
4598,3,8543,3691,4852,0,0,0,1.0,1,1.0,1,1.0,1,0.3013994508701952,57
4599,2,8545,3691,4854,0,0,0,1.0,1,1.0,1,1.0,1,0.2541302714890263,59
4600,1,8546,3691,4855,0,0,0,1.0,1,1.0,1,1.0,1,0.2563287432263482,60
4601,1,8547,3692,4855,0,0,0,1.0,1,1.0,1,1.0,1,0.26849726305808724,60
4602,1,8548,3692,4856,0,0,0,1.0,1,1.0,1,1.0,1,0.26005485877476714,62
4603,1,8549,3692,4857,0,0,0,1.0,1,1.0,1,1.0,1,0.25068109896200474,62
4604,1,8550,3692,4858,0,0,0,1.0,1,1.0,1,1.0,1,0.23369864884187938,63
4605,0,8550,3692,4858,0,0,0,1.0,1,1.0,1,1.0,1,0.23369864884187938,63
4606,5,8555,3692,4863,0,0,0,1.0,1,1.0,1,1.0,1,0.18098348953232252,64
4607,1,8556,3693,4863,0,0,0,1.0,1,1.0,1,1.0,1,0.1891488644478391,65
4608,2,8558,3694,4864,0,0,0,1.0,1,1.0,1,1.0,1,0.21925922508745216,66
4609,1,8559,3694,4865,0,0,0,1.0,1,1.0,1,1.0,1,0.21356316995138697,65
4610,0,8559,3694,4865,0,0,0,1.0,1,1.0,1,1.0,1,0.2409717303872116,63
4611,3,8562,3694,4868,0,0,0,1.0,1,1.0,1,1.0,1,0.21776283758261195,64
4612,1,8563,3694,4869,0,0,0,1.0,1,1.0,1,1.0,1,0.22213192162856188,62
4613,2,8565,3696,4869,0,0,0,1.0,1,1.0,1,1.0,1,0.270605605771893,63
4614,2,8567,3698,4869,0,0,0,1.0,1,1.0,1,1.0,1,0.26733623867868733,61
4615,2,8569,3699,4870,0,0,0,1.0,1,1.0,1,1.0,1,0.30662371469187794,59
4616,2,8571,3700,4871,0,0,0,1.0,1,1.0,1,1.0,1,0.3137416876753157,58
4617,4,8575,3700,4875,0,0,0,1.0,1,1.0,1,1.0,1,0.30788684121134124,58
4618,1,8576,3700,4876,0,0,0,1.0,1,1.0,1,1.0,1,0.30118604533244464,57
4619,3,8579,3702,4877,0,0,0,1.0,1,1.0,1,1.0,1,0.32448078913145556,57
4620,1,8580,3702,4878,0,0,0,1.0,1,1.0,1,1.0,1,0.305559140959876,57
4621,4,8584,3703,4881,0,0,0,1.0,1,1.0,1,1.0,1,0.2697470649726203,59
4622,4,8588,3704,4884,0,0,0,1.0,1,1.0,1,1.0,1,0.25404896975843133,60
4623,1,8589,3704,4885,0,0,0,1.0,1,1.0,1,1.0,1,0.2691259074134429,59
4624,1,8590,3705,4885,0,0,0,1.0,1,1.0,1,1.0,1,0.2918152681215482,59
4625,1,8591,3706,4885,0,0,0,1.0,1,1.0,1,1.0,1,0.29514181466252976,57
4626,5,8596,3709,4887,0,0,0,1.0,1,1.0,1,1.0,1,0.30119843211496433,56
4627,1,8597,3710,4887,0,0,0,1.0,1,1.0,1,1.0,1,0.2947419547398043,56
4628,4,8601,3711,4890,0,0,0,1.0,1,1.0,1,1.0,1,0.2916123137612612,56
4629,2,8603,3711,4892,0,0,0,1.0,1,1.0,1,1.0,1,0.3144996145043056,56
4630,3,8606,3712,4894,0,0,0,1.0,1,1.0,1,1.0,1,0.3010468297284384,57
4631,0,8606,3712,4894,0,0,0,1.0,1,1.0,1,1.0,1,0.3311768491994245,56
4632,1,8607,3713,4894,0,0,0,1.0,1,1.0,1,1.0,1,0.3762201179284485,57
4633,0,8607,3713,4894,0,0,0,1.0,1,1.0,1,1.0,1,0.36374782170581005,58
4634,0,8607,3713,4894,0,0,0,1.0,1,1.0,1,1.0,1,0.36374782170581005,58
4635,3,8610,3713,4897,0,0,0,1.0,1,1.0,1,1.0,1,0.3096216001745785,59
4636,7,8617,3713,4904,0,0,0,1.0,1,1.0,1,1.0,1,0.22806878078284218,60
4637,1,8618,3713,4905,0,0,0,1.0,1,1.0,1,1.0,1,0.22538045536137544,60
4638,0,8618,3713,4905,0,0,0,1.0,1,1.0,1,1.0,1,0.23949959020354,61
4639,2,8620,3713,4907,0,0,0,1.0,1,1.0,1,1.0,1,0.2254132876658892,62
4640,0,8620,3713,4907,0,0,0,1.0,1,1.0,1,1.0,1,0.23903991039784908,63
4641,1,8621,3714,4907,0,0,0,1.0,1,1.0,1,1.0,1,0.24409785657349065,63
4642,0,8621,3714,4907,0,0,0,1.0,1,1.0,1,1.0,1,0.25439993776312586,62
4643,3,8624,3717,4907,0,0,0,1.0,1,1.0,1,1.0,1,0.2732290064870887,63
4644,4,8628,3717,4911,0,0,0,1.0,1,1.0,1,1.0,1,0.2923976225727459,62
4645,4,8632,3717,4915,0,0,0,1.0,1,1.0,1,1.0,1,0.288552800855071,63
4646,4,8636,3718,4918,0,0,0,1.0,1,1.0,1,1.0,1,0.3075318528302648,63
4647,8,8644,3718,4926,0,0,0,1.0,1,1.0,1,1.0,1,0.2647182340766045,62
4648,5,8649,3719,4930,0,0,0,1.0,1,1.0,1,1.0,1,0.28962190183803116,63
4649,2,8651,3719,4932,0,0,0,1.0,1,1.0,1,1.0,1,0.30074495087556946,61
4650,5,8656,3721,4935,0,0,0,1.0,1,1.0,1,1.0,1,0.28195279996375955,63
4651,5,8661,3723,4938,0,0,0,1.0,1,1.0,1,1.0,1,0.2477771943395544,62
4652,0,8661,3723,4938,0,0,0,1.0,1,1.0,1,1.0,1,0.2699249015683032,59
4653,0,8661,3723,4938,0,0,0,1.0,1,1.0,1,1.0,1,0.28013490784973816,60
4654,1,8662,3724,4938,0,0,0,1.0,1,1.0,1,1.0,1,0.2833545195795674,60
4655,0,8662,3724,4938,0,0,0,1.0,1,1.0,1,1.0,1,0.2833545195795674,60
4656,4,8666,3726,4940,0,0,0,1.0,1,1.0,1,1.0,1,0.286941142588823,61
4657,0,8666,3726,4940,0,0,0,1.0,1,1.0,1,1.0,1,0.2821274713871216,62
4658,2,8668,3727,4941,0,0,0,1.0,1,1.0,1,1.0,1,0.2965591563712473,62
4659,0,8668,3727,4941,0,0,0,1.0,1,1.0,1,1.0,1,0.31190842287980836,61
4660,2,8670,3728,4942,0,0,0,1.0,1,1.0,1,1.0,1,0.35020042984075467,61
4661,3,8673,3728,4945,0,0,0,1.0,1,1.0,1,1.0,1,0.3474606000771596,61
4662,1,8674,3729,4945,0,0,0,1.0,1,1.0,1,1.0,1,0.3339601385077684,62
4663,3,8677,3729,4948,0,0,0,1.0,1,1.0,1,1.0,1,0.27122735247344193,61
4664,2,8679,3730,4949,0,0,0,1.0,1,1.0,1,1.0,1,0.2658740077924555,62
4665,1,8680,3731,4949,0,0,0,1.0,1,1.0,1,1.0,1,0.27222886006276,61
4666,6,8686,3733,4953,0,0,0,1.0,1,1.0,1,1.0,1,0.2291398136036934,61
4667,0,8686,3733,4953,0,0,0,1.0,1,1.0,1,1.0,1,0.22822975513244748,59
4668,2,8688,3735,4953,0,0,0,1.0,1,1.0,1,1.0,1,0.24370393179213165,59
4669,4,8692,3738,4954,0,0,0,1.0,1,1.0,1,1.0,1,0.22510492804546287,58
4670,3,8695,3740,4955,0,0,0,1.0,1,1.0,1,1.0,1,0.24432130045387665,57
4671,0,8695,3740,4955,0,0,0,1.0,1,1.0,1,1.0,1,0.2380878492124664,55
4672,3,8698,3741,4957,0,0,0,1.0,1,1.0,1,1.0,1,0.23866293401894098,56
4673,1,8699,3741,4958,0,0,0,1.0,1,1.0,1,1.0,1,0.21788133592116735,58
4674,4,8703,3743,4960,0,0,0,1.0,1,1.0,1,1.0,1,0.2137495275539257,58
4675,1,8704,3743,4961,0,0,0,1.0,1,1.0,1,1.0,1,0.23214466379484436,57
4676,1,8705,3744,4961,0,0,0,1.0,1,1.0,1,1.0,1,0.2556908052732317,58
4677,1,8706,3745,4961,0,0,0,1.0,1,1.0,1,1.0,1,0.2445556029026692,57
4678,2,8708,3747,4961,0,0,0,1.0,1,1.0,1,1.0,1,0.26170060808137435,57
4679,0,8708,3747,4961,0,0,0,1.0,1,1.0,1,1.0,1,0.26170060808137435,57
4680,1,8709,3748,4961,0,0,0,1.0,1,1.0,1,1.0,1,0.2699693716455083,59
4681,5,8714,3749,4965,0,0,0,1.0,1,1.0,1,1.0,1,0.25002075832825876,60
4682,3,8717,3750,4967,0,0,0,1.0,1,1.0,1,1.0,1,0.2273460748162678,60
4683,2,8719,3750,4969,0,0,0,1.0,1,1.0,1,1.0,1,0.21015927550159688,60
4684,1,8720,3751,4969,0,0,0,1.0,1,1.0,1,1.0,1,0.23303859315704484,60
4685,0,8720,3751,4969,0,0,0,1.0,1,1.0,1,1.0,1,0.24608918321860557,59
4686,1,8721,3752,4969,0,0,0,1.0,1,1.0,1,1.0,1,0.2697236432543536,60
4687,0,8721,3752,4969,0,0,0,1.0,1,1.0,1,1.0,1,0.2571744932217352,59
4688,1,8722,3753,4969,0,0,0,1.0,1,1.0,1,1.0,1,0.2817358994759533,59
4689,5,8727,3755,4972,0,0,0,1.0,1,1.0,1,1.0,1,0.290018255579666,59
4690,3,8730,3756,4974,0,0,0,1.0,1,1.0,1,1.0,1,0.2972023023377681,58
4691,4,8734,3758,4976,0,0,0,1.0,1,1.0,1,1.0,1,0.2784430909631715,57
4692,1,8735,3758,4977,0,0,0,1.0,1,1.0,1,1.0,1,0.2631504432756571,58
4693,0,8735,3758,4977,0,0,0,1.0,1,1.0,1,1.0,1,0.2616500363229131,57
4694,1,8736,3758,4978,0,0,0,1.0,1,1.0,1,1.0,1,0.25597765734223876,57
4695,1,8737,3759,4978,0,0,0,1.0,1,1.0,1,1.0,1,0.25870560101162954,56
4696,1,8738,3759,4979,0,0,0,1.0,1,1.0,1,1.0,1,0.24122272682361603,57
4697,1,8739,3759,4980,0,0,0,1.0,1,1.0,1,1.0,1,0.2255029282774953,58
4698,1,8740,3760,4980,0,0,0,1.0,1,1.0,1,1.0,1,0.25080995500914344,59
4699,0,8740,3760,4980,0,0,0,1.0,1,1.0,1,1.0,1,0.26078845331465617,58
4700,1,8741,3760,4981,0,0,0,1.0,1,1.0,1,1.0,1,0.2439750103563733,59
4701,1,8742,3761,4981,0,0,0,1.0,1,1.0,1,1.0,1,0.2872781198912401,60
4702,2,8744,3762,4982,0,0,0,1.0,1,1.0,1,1.0,1,0.2941222845868865,61
4703,3,8747,3764,4983,0,0,0,1.0,1,1.0,1,1.0,1,0.28415768622354504,59
4704,2,8749,3765,4984,0,0,0,1.0,1,1.0,1,1.0,1,0.27609084312103,58
4705,5,8754,3767,4987,0,0,0,1.0,1,1.0,1,1.0,1,0.2686785598545855,58
4706,5,8759,3769,4990,0,0,0,1.0,1,1.0,1,1.0,1,0.24486790505311853,60
4707,1,8760,3770,4990,0,0,0,1.0,1,1.0,1,1.0,1,0.2661795176351627,57
4708,2,8762,3771,4991,0,0,0,1.0,1,1.0,1,1.0,1,0.2719472221126524,57
4709,3,8765,3773,4992,0,0,0,1.0,1,1.0,1,1.0,1,0.27561801675958203,55
4710,1,8766,3774,4992,0,0,0,1.0,1,1.0,1,1.0,1,0.31411080716796175,53
4711,3,8769,3776,4993,0,0,0,1.0,1,1.0,1,1.0,1,0.31431539024243965,52
4712,2,8771,3778,4993,0,0,0,1.0,1,1.0,1,1.0,1,0.3319770581026331,52
4713,3,8774,3779,4995,0,0,0,1.0,1,1.0,1,1.0,1,0.33082971338201367,51
4714,1,8775,3779,4996,0,0,0,1.0,1,1.0,1,1.0,1,0.3243517262533463,50
4715,1,8776,3780,4996,0,0,0,1.0,1,1.0,1,1.0,1,0.3322907391771506,50
4716,3,8779,3781,4998,0,0,0,1.0,1,1.0,1,1.0,1,0.32042410368374347,49
4717,2,8781,3782,4999,0,0,0,1.0,1,1.0,1,1.0,1,0.32186836338311503,49
4718,0,8781,3782,4999,0,0,0,1.0,1,1.0,1,1.0,1,0.3315074217452859,50
4719,1,8782,3782,5000,0,0,0,1.0,1,1.0,1,1.0,1,0.3200024804538719,49
4720,1,8783,3782,5001,0,0,0,1.0,1,1.0,1,1.0,1,0.2950490312868592,49
4721,2,8785,3782,5003,0,0,0,1.0,1,1.0,1,1.0,1,0.26329827456072863,50
4722,3,8788,3782,5006,0,0,0,1.0,1,1.0,1,1.0,1,0.23651654329363211,51
4723,0,8788,3782,5006,0,0,0,1.0,1,1.0,1,1.0,1,0.22116439358898757,50
4724,2,8790,3784,5006,0,0,0,1.0,1,1.0,1,1.0,1,0.22482014316554202,50
4725,0,8790,3784,5006,0,0,0,1.0,1,1.0,1,1.0,1,0.23044847813111902,52
4726,0,8790,3784,5006,0,0,0,1.0,1,1.0,1,1.0,1,0.2504861704543217,51
4727,1,8791,3785,5006,0,0,0,1.0,1,1.0,1,1.0,1,0.24433232128018734,52
4728,1,8792,3786,5006,0,0,0,1.0,1,1.0,1,1.0,1,0.2615334685241218,52
4729,3,8795,3787,5008,0,0,0,1.0,1,1.0,1,1.0,1,0.2823764630945597,52
4730,2,8797,3788,5009,0,0,0,1.0,1,1.0,1,1.0,1,0.33129672263278737,50
4731,0,8797,3788,5009,0,0,0,1.0,1,1.0,1,1.0,1,0.304444903239804,51
4732,3,8800,3790,5010,0,0,0,1.0,1,1.0,1,1.0,1,0.3318664479272493,52
4733,2,8802,3791,5011,0,0,0,1.0,1,1.0,1,1.0,1,0.35157761929537756,53
4734,3,8805,3792,5013,0,0,0,1.0,1,1.0,1,1.0,1,0.37297631696923494,53
4735,2,8807,3793,5014,0,0,0,1.0,1,1.0,1,1.0,1,0.3855604607000237,53
4736,6,8813,3794,5019,0,0,0,1.0,1,1.0,1,1.0,1,0.3772297772447666,55
4737,5,8818,3794,5024,0,0,0,1.0,1,1.0,1,1.0,1,0.3682783789131319,57
4738,1,8819,3794,5025,0,0,0,1.0,1,1.0,1,1.0,1,0.36132565730260224,57
4739,5,8824,3794,5030,0,0,0,1.0,1,1.0,1,1.0,1,0.34430792637543156,57
4740,1,8825,3794,5031,0,0,0,1.0,1,1.0,1,1.0,1,0.3438118080788064,57
4741,2,8827,3794,5033,0,0,0,1.0,1,1.0,1,1.0,1,0.3251106325396498,58
4742,4,8831,3796,5035,0,0,0,1.0,1,1.0,1,1.0,1,0.3184071620723561,58
4743,2,8833,3796,5037,0,0,0,1.0,1,1.0,1,1.0,1,0.2723538836798554,56
4744,1,8834,3797,5037,0,0,0,1.0,1,1.0,1,1.0,1,0.2804788775663131,57
4745,1,8835,3797,5038,0,0,0,1.0,1,1.0,1,1.0,1,0.26202024009146885,56
4746,2,8837,3799,5038,0,0,0,1.0,1,1.0,1,1.0,1,0.29286924610038717,56
4747,2,8839,3800,5039,0,0,0,1.0,1,1.0,1,1.0,1,0.2867055718796773,55
4748,3,8842,3803,5039,0,0,0,1.0,1,1.0,1,1.0,1,0.3285682738611789,55
4749,4,8846,3805,5041,0,0,0,1.0,1,1.0,1,1.0,1,0.32732650186836276,54
4750,2,8848,3807,5041,0,0,0,1.0,1,1.0,1,1.0,1,0.3155922386885309,53
4751,2,8850,3809,5041,0,0,0,1.0,1,1.0,1,1.0,1,0.3837662747012383,53
4752,4,8854,3810,5044,0,0,0,1.0,1,1.0,1,1.0,1,0.30487734934199534,53
4753,0,8854,3810,5044,0,0,0,1.0,1,1.0,1,1.0,1,0.3144799020753277,52
4754,1,8855,3810,5045,0,0,0,1.0,1,1.0,1,1.0,1,0.3127622527009644,52
4755,0,8855,3810,5045,0,0,0,1.0,1,1.0,1,1.0,1,0.319233825903636,51
4756,6,8861,3810,5051,0,0,0,1.0,1,1.0,1,1.0,1,0.24497580261847077,52
4757,1,8862,3810,5052,0,0,0,1.0,1,1.0,1,1.0,1,0.23825350547078308,51
4758,0,8862,3810,5052,0,0,0,1.0,1,1.0,1,1.0,1,0.23825350547078308,51
4759,0,8862,3810,5052,0,0,0,1.0,1,1.0,1,1.0,1,0.23825350547078308,51
4760,1,8863,3810,5053,0,0,0,1.0,1,1.0,1,1.0,1,0.22941617151951452,52
4761,4,8867,3811,5056,0,0,0,1.0,1,1.0,1,1.0,1,0.22098166052565194,50
4762,2,8869,3813,5056,0,0,0,1.0,1,1.0,1,1.0,1,0.2368756523450731,51
4763,2,8871,3814,5057,0,0,0,1.0,1,1.0,1,1.0,1,0.26904827541397636,51
4764,5,8876,3818,5058,0,0,0,1.0,1,1.0,1,1.0,1,0.29316677339571157,53
4765,3,8879,3818,5061,0,0,0,1.0,1,1.0,1,1.0,1,0.23874892792397226,53
4766,2,8881,3819,5062,0,0,0,1.0,1,1.0,1,1.0,1,0.2275988212375308,55
4767,0,8881,3819,5062,0,0,0,1.0,1,1.0,1,1.0,1,0.219285096635638,56
4768,0,8881,3819,5062,0,0,0,1.0,1,1.0,1,1.0,1,0.22639134481625944,56
4769,1,8882,3820,5062,0,0,0,1.0,1,1.0,1,1.0,1,0.23157431759267333,56
4770,1,8883,3820,5063,0,0,0,1.0,1,1.0,1,1.0,1,0.22539513473086162,56
4771,5,8888,3820,5068,0,0,0,1.0,1,1.0,1,1.0,1,0.1652152723996736,55
4772,1,8889,3820,5069,0,0,0,1.0,1,1.0,1,1.0,1,0.15233802408580333,56
4773,0,8889,3820,5069,0,0,0,1.0,1,1.0,1,1.0,1,0.15233802408580333,56
4774,1,8890,3820,5070,0,0,0,1.0,1,1.0,1,1.0,1,0.14014596330993132,58
4775,0,8890,3820,5070,0,0,0,1.0,1,1.0,1,1.0,1,0.1423886986345701,59
4776,1,8891,3820,5071,0,0,0,1.0,1,1.0,1,1.0,1,0.12520152175611343,59
4777,2,8893,3821,5072,0,0,0,1.0,1,1.0,1,1.0,1,0.1217182393673764,60
4778,2,8895,3822,5073,0,0,0,1.0,1,1.0,1,1.0,1,0.13527572155441855,60
4779,1,8896,3822,5074,0,0,0,1.0,1,1.0,1,1.0,1,0.11935508122591992,61
4780,1,8897,3822,5075,0,0,0,1.0,1,1.0,1,1.0,1,0.14255986990901376,63
4781,0,8897,3822,5075,0,0,0,1.0,1,1.0,1,1.0,1,0.14609511312719475,62
4782,1,8898,3823,5075,0,0,0,1.0,1,1.0,1,1.0,1,0.1741863317292408,63
4783,3,8901,3824,5077,0,0,0,1.0,1,1.0,1,1.0,1,0.14357960063260167,62
4784,2,8903,3826,5077,0,0,0,1.0,1,1.0,1,1.0,1,0.20949140226736973,62
4785,5,8908,3828,5080,0,0,0,1.0,1,1.0,1,1.0,1,0.15601494419880185,62
4786,7,8915,3831,5084,0,0,0,1.0,1,1.0,1,1.0,1,0.1441490814742268,63
4787,5,8920,3833,5087,0,0,0,1.0,1,1.0,1,1.0,1,0.1056971399758785,62
4788,3,8923,3835,5088,0,0,0,1.0,1,1.0,1,1.0,1,0.09861539576749857,62
4789,1,8924,3836,5088,0,0,0,1.0,1,1.0,1,1.0,1,0.10743513715050244,60
4790,4,8928,3837,5091,0,0,0,1.0,1,1.0,1,1.0,1,0.13320513657815763,61
4791,4,8932,3838,5094,0,0,0,1.0,1,1.0,1,1.0,1,0.17312400918889465,60
4792,8,8940,3842,5098,0,0,0,1.0,1,1.0,1,1.0,1,0.19264292659964663,60
4793,5,8945,3845,5100,0,0,0,1.0,1,1.0,1,1.0,1,0.1903519882098903,61
4794,2,8947,3846,5101,0,0,0,1.0,1,1.0,1,1.0,1,0.17472147958177595,59
4795,2,8949,3847,5102,0,0,0,1.0,1,1.0,1,1.0,1,0.1571636048228441,61
4796,3,8952,3849,5103,0,0,0,1.0,1,1.0,1,1.0,1,0.16588604749165586,59
4797,0,8952,3849,5103,0,0,0,1.0,1,1.0,1,1.0,1,0.16890828669481187,58
4798,2,8954,3849,5105,0,0,0,1.0,1,1.0,1,1.0,1,0.16690709999607078,59
4799,1,8955,3850,5105,0,0,0,1.0,1,1.0,1,1.0,1,0.15008917458223267,57
4800,4,8959,3852,5107,0,0,0,1.0,1,1.0,1,1.0,1,0.156498661263673,58
4801,3,8962,3854,5108,0,0,0,1.0,1,1.0,1,1.0,1,0.13676071368466022,57
4802,1,8963,3855,5108,0,0,0,1.0,1,1.0,1,1.0,1,0.15223137419684804,57
4803,1,8964,3856,5108,0,0,0,1.0,1,1.0,1,1.0,1,0.13954855221546292,56
4804,0,8964,3856,5108,0,0,0,1.0,1,1.0,1,1.0,1,0.16671997007506548,54
4805,2,8966,3856,5110,0,0,0,1.0,1,1.0,1,1.0,1,0.16689741159830232,56
4806,2,8968,3857,5111,0,0,0,1.0,1,1.0,1,1.0,1,0.155975477901219,55
4807,0,8968,3857,5111,0,0,0,1.0,1,1.0,1,1.0,1,0.15147875610263162,54
4808,0,8968,3857,5111,0,0,0,1.0,1,1.0,1,1.0,1,0.1763077033261181,53
4809,1,8969,3858,5111,0,0,0,1.0,1,1.0,1,1.0,1,0.18581635524928633,53
4810,0,8969,3858,5111,0,0,0,1.0,1,1.0,1,1.0,1,0.19972707297033687,51
4811,2,8971,3860,5111,0,0,0,1.0,1,1.0,1,1.0,1,0.20578304451673818,52
4812,1,8972,3861,5111,0,0,0,1.0,1,1.0,1,1.0,1,0.2244539480597296,52
4813,2,8974,3861,5113,0,0,0,1.0,1,1.0,1,1.0,1,0.18604534374700704,52
4814,3,8977,3864,5113,0,0,0,1.0,1,1.0,1,1.0,1,0.2040519296606088,53
4815,5,8982,3868,5114,0,0,0,1.0,1,1.0,1,1.0,1,0.15122820212468627,54
4816,2,8984,3869,5115,0,0,0,1.0,1,1.0,1,1.0,1,0.11976766134321674,54
4817,6,8990,3873,5117,0,0,0,1.0,1,1.0,1,1.0,1,0.1885874772232768,55
4818,5,8995,3877,5118,0,0,0,1.0,1,1.0,1,1.0,1,0.155397605159066,55
4819,1,8996,3878,5118,0,0,0,1.0,1,1.0,1,1.0,1,0.18402788367406087,55
4820,3,8999,3879,5120,0,0,0,1.0,1,1.0,1,1.0,1,0.15717239659855206,55
4821,5,9004,3882,5122,0,0,0,1.0,1,1.0,1,1.0,1,0.2078823782757119,55
4822,4,9008,3883,5125,0,0,0,1.0,1,1.0,1,1.0,1,0.18394446858212934,54
4823,2,9010,3883,5127,0,0,0,1.0,1,1.0,1,1.0,1,0.1917303949463401,54
4824,0,9010,3883,5127,0,0,0,1.0,1,1.0,1,1.0,1,0.1863152418659187,55
4825,0,9010,3883,5127,0,0,0,1.0,1,1.0,1,1.0,1,0.20171835325795884,53
4826,3,9013,3885,5128,0,0,0,1.0,1,1.0,1,1.0,1,0.18783145604022325,54
4827,3,9016,3888,5128,0,0,0,1.0,1,1.0,1,1.0,1,0.2115887509008441,53
4828,1,9017,3888,5129,0,0,0,1.0,1,1.0,1,1.0,1,0.1744209993451389,54
4829,2,9019,3889,5130,0,0,0,1.0,1,1.0,1,1.0,1,0.20427892792376162,54
4830,2,9021,3891,5130,0,0,0,1.0,1,1.0,1,1.0,1,0.19166018056621578,53
4831,6,9027,3892,5135,0,0,0,1.0,1,1.0,1,1.0,1,0.16177779088111457,52
4832,0,9027,3892,5135,0,0,0,1.0,1,1.0,1,1.0,1,0.14349251397134788,50
4833,1,9028,3893,5135,0,0,0,1.0,1,1.0,1,1.0,1,0.1471272456147273,51
4834,3,9031,3894,5137,0,0,0,1.0,1,1.0,1,1.0,1,0.1453553839456669,51
4835,0,9031,3894,5137,0,0,0,1.0,1,1.0,1,1.0,1,0.1664702284988454,50
4836,3,9034,3896,5138,0,0,0,1.0,1,1.0,1,1.0,1,0.22532100026152074,50
4837,5,9039,3898,5141,0,0,0,1.0,1,1.0,1,1.0,1,0.28194795831208275,46
4838,3,9042,3898,5144,0,0,0,1.0,1,1.0,1,1.0,1,0.27325369430215574,47
4839,3,9045,3899,5146,0,0,0,1.0,1,1.0,1,1.0,1,0.25625213352888415,45
4840,3,9048,3900,5148,0,0,0,1.0,1,1.0,1,1.0,1,0.2875430658409602,45
4841,1,9049,3901,5148,0,0,0,1.0,1,1.0,1,1.0,1,0.2997349821421164,43
4842,0,9049,3901,5148,0,0,0,1.0,1,1.0,1,1.0,1,0.2862796307291428,43
4843,0,9049,3901,5148,0,0,0,1.0,1,1.0,1,1.0,1,0.28462946926387234,44
4844,0,9049,3901,5148,0,0,0,1.0,1,1.0,1,1.0,1,0.2935112264835709,43
4845,4,9053,3903,5150,0,0,0,1.0,1,1.0,1,1.0,1,0.27082321994295755,44
4846,3,9056,3904,5152,0,0,0,1.0,1,1.0,1,1.0,1,0.252430266082905,43
4847,2,9058,3906,5152,0,0,0,1.0,1,1.0,1,1.0,1,0.32389447010587924,42
4848,3,9061,3908,5153,0,0,0,1.0,1,1.0,1,1.0,1,0.3114114799449905,41
4849,2,9063,3910,5153,0,0,0,1.0,1,1.0,1,1.0,1,0.31902341233552683,41
4850,1,9064,3910,5154,0,0,0,1.0,1,1.0,1,1.0,1,0.31230780421869947,41
4851,0,9064,3910,5154,0,0,0,1.0,1,1.0,1,1.0,1,0.31230780421869947,41
4852,1,9065,3911,5154,0,0,0,1.0,1,1.0,1,1.0,1,0.36311974056420676,43
4853,3,9068,3912,5156,0,0,0,1.0,1,1.0,1,1.0,1,0.3519129590355567,44
4854,1,9069,3913,5156,0,0,0,1.0,1,1.0,1,1.0,1,0.3801724503684169,45
4855,1,9070,3914,5156,0,0,0,1.0,1,1.0,1,1.0,1,0.38401743117693915,44
4856,0,9070,3914,5156,0,0,0,1.0,1,1.0,1,1.0,1,0.38401743117693915,44
4857,2,9072,3914,5158,0,0,0,1.0,1,1.0,1,1.0,1,0.3628102468899022,44
4858,0,9072,3914,5158,0,0,0,1.0,1,1.0,1,1.0,1,0.37066045062232994,45
4859,1,9073,3914,5159,0,0,0,1.0,1,1.0,1,1.0,1,0.36173048809477737,46
4860,0,9073,3914,5159,0,0,0,1.0,1,1.0,1,1.0,1,0.36173048809477737,46
4861,2,9075,3914,5161,0,0,0,1.0,1,1.0,1,1.0,1,0.29965289792484384,46
4862,3,9078,3914,5164,0,0,0,1.0,1,1.0,1,1.0,1,0.2916356076095148,47
4863,3,9081,3915,5166,0,0,0,1.0,1,1.0,1,1.0,1,0.2899282775279386,47
4864,1,9082,3915,5167,0,0,0,1.0,1,1.0,1,1.0,1,0.27524977110744936,47
4865,2,9084,3915,5169,0,0,0,1.0,1,1.0,1,1.0,1,0.24833384691578556,48
4866,5,9089,3915,5174,0,0,0,1.0,1,1.0,1,1.0,1,0.21147411780566464,49
4867,2,9091,3915,5176,0,0,0,1.0,1,1.0,1,1.0,1,0.22116447343164775,50
4868,3,9094,3916,5178,0,0,0,1.0,1,1.0,1,1.0,1,0.22140342892604942,50
4869,1,9095,3916,5179,0,0,0,1.0,1,1.0,1,1.0,1,0.20381372312202073,50
4870,5,9100,3918,5182,0,0,0,1.0,1,1.0,1,1.0,1,0.22326955485612296,52
4871,2,9102,3918,5184,0,0,0,1.0,1,1.0,1,1.0,1,0.1912957627768005,52
4872,2,9104,3918,5186,0,0,0,1.0,1,1.0,1,1.0,1,0.1818991594393089,53
4873,2,9106,3919,5187,0,0,0,1.0,1,1.0,1,1.0,1,0.20950153413876807,55
4874,0,9106,3919,5187,0,0,0,1.0,1,1.0,1,1.0,1,0.21997501224760535,56
4875,3,9109,3920,5189,0,0,0,1.0,1,1.0,1,1.0,1,0.18904078177472952,55
4876,9,9118,3923,5195,0,0,0,1.0,1,1.0,1,1.0,1,0.15212977663255034,55
4877,3,9121,3925,5196,0,0,0,1.0,1,1.0,1,1.0,1,0.11792474928525024,54
4878,2,9123,3926,5197,0,0,0,1.0,1,1.0,1,1.0,1,0.10743332259490054,53
4879,2,9125,3928,5197,0,0,0,1.0,1,1.0,1,1.0,1,0.1533839492701334,54
4880,1,9126,3928,5198,0,0,0,1.0,1,1.0,1,1.0,1,0.16013400805036432,54
4881,0,9126,3928,5198,0,0,0,1.0,1,1.0,1,1.0,1,0.16564647706436333,53
4882,1,9127,3928,5199,0,0,0,1.0,1,1.0,1,1.0,1,0.1765620728866016,53
4883,1,9128,3928,5200,0,0,0,1.0,1,1.0,1,1.0,1,0.18609943707317103,53
4884,1,9129,3929,5200,0,0,0,1.0,1,1.0,1,1.0,1,0.2270243253733729,51
4885,1,9130,3930,5200,0,0,0,1.0,1,1.0,1,1.0,1,0.25050207614176556,50
4886,3,9133,3930,5203,0,0,0,1.0,1,1.0,1,1.0,1,0.2715696712657625,48
4887,0,9133,3930,5203,0,0,0,1.0,1,1.0,1,1.0,1,0.2715696712657625,48
4888,1,9134,3930,5204,0,0,0,1.0,1,1.0,1,1.0,1,0.27964071805108515,48
4889,1,9135,3930,5205,0,0,0,1.0,1,1.0,1,1.0,1,0.2697950907280314,48
4890,0,9135,3930,5205,0,0,0,1.0,1,1.0,1,1.0,1,0.2630465560077693,49
4891,2,9137,3931,5206,0,0,0,1.0,1,1.0,1,1.0,1,0.28154655709790527,50
4892,1,9138,3931,5207,0,0,0,1.0,1,1.0,1,1.0,1,0.28150930180585226,49
4893,0,9138,3931,5207,0,0,0,1.0,1,1.0,1,1.0,1,0.28455015457101346,50
4894,1,9139,3931,5208,0,0,0,1.0,1,1.0,1,1.0,1,0.2860156549242773,51
4895,0,9139,3931,5208,0,0,0,1.0,1,1.0,1,1.0,1,0.29336389257518175,52
4896,4,9143,3931,5212,0,0,0,1.0,1,1.0,1,1.0,1,0.2490336191605633,53
4897,1,9144,3931,5213,0,0,0,1.0,1,1.0,1,1.0,1,0.22215811350269674,53
4898,1,9145,3931,5214,0,0,0,1.0,1,1.0,1,1.0,1,0.20460390528353287,53
4899,3,9148,3933,5215,0,0,0,1.0,1,1.0,1,1.0,1,0.17753286249440658,55
4900,1,9149,3934,5215,0,0,0,1.0,1,1.0,1,1.0,1,0.1848773108199262,55
4901,1,9150,3935,5215,0,0,0,1.0,1,1.0,1,1.0,1,0.1712939006611588,56
4902,0,9150,3935,5215,0,0,0,1.0,1,1.0,1,1.0,1,0.1897374581537865,58
4903,1,9151,3936,5215,0,0,0,1.0,1,1.0,1,1.0,1,0.19262361575702874,58
4904,3,9154,3938,5216,0,0,0,1.0,1,1.0,1,1.0,1,0.1840249764523468,57
4905,0,9154,3938,5216,0,0,0,1.0,1,1.0,1,1.0,1,0.19764935643879025,54
4906,4,9158,3939,5219,0,0,0,1.0,1,1.0,1,1.0,1,0.20048054954722408,55
4907,0,9158,3939,5219,0,0,0,1.0,1,1.0,1,1.0,1,0.21063260676825954,52
4908,2,9160,3941,5219,0,0,0,1.0,1,1.0,1,1.0,1,0.2549080810126095,53
4909,0,9160,3941,5219,0,0,0,1.0,1,1.0,1,1.0,1,0.25542897890485494,52
4910,0,9160,3941,5219,0,0,0,1.0,1,1.0,1,1.0,1,0.26392284712756053,53
4911,2,9162,3941,5221,0,0,0,1.0,1,1.0,1,1.0,1,0.24893487226286792,55
4912,0,9162,3941,5221,0,0,0,1.0,1,1.0,1,1.0,1,0.2539585723780188,54
4913,2,9164,3941,5223,0,0,0,1.0,1,1.0,1,1.0,1,0.19988233869365735,53
4914,2,9166,3942,5224,0,0,0,1.0,1,1.0,1,1.0,1,0.21374649594049178,53
4915,1,9167,3943,5224,0,0,0,1.0,1,1.0,1,1.0,1,0.21900180175813197,54
4916,1,9168,3944,5224,0,0,0,1.0,1,1.0,1,1.0,1,0.24613559026088205,52
4917,1,9169,3945,5224,0,0,0,1.0,1,1.0,1,1.0,1,0.27458960407899946,52
4918,2,9171,3946,5225,0,0,0,1.0,1,1.0,1,1.0,1,0.3036482651805825,51
4919,1,9172,3946,5226,0,0,0,1.0,1,1.0,1,1.0,1,0.31268217525169706,50
4920,2,9174,3946,5228,0,0,0,1.0,1,1.0,1,1.0,1,0.30260437276796576,51
4921,2,9176,3946,5230,0,0,0,1.0,1,1.0,1,1.0,1,0.27041058005059815,51
4922,3,9179,3947,5232,0,0,0,1.0,1,1.0,1,1.0,1,0.28243421975408606,53
4923,1,9180,3948,5232,0,0,0,1.0,1,1.0,1,1.0,1,0.26515746470567175,53
4924,1,9181,3949,5232,0,0,0,1.0,1,1.0,1,1.0,1,0.2520916488147611,55
4925,2,9183,3951,5232,0,0,0,1.0,1,1.0,1,1.0,1,0.2492992429073585,56
4926,1,9184,3951,5233,0,0,0,1.0,1,1.0,1,1.0,1,0.2248583010977427,55
4927,1,9185,3952,5233,0,0,0,1.0,1,1.0,1,1.0,1,0.23492156233777003,55
4928,1,9186,3952,5234,0,0,0,1.0,1,1.0,1,1.0,1,0.22379802571471633,55
4929,1,9187,3952,5235,0,0,0,1.0,1,1.0,1,1.0,1,0.18784137931352404,56
4930,1,9188,3953,5235,0,0,0,1.0,1,1.0,1,1.0,1,0.21084961672638114,58
4931,1,9189,3953,5236,0,0,0,1.0,1,1.0,1,1.0,1,0.19793519769033663,59
4932,1,9190,3953,5237,0,0,0,1.0,1,1.0,1,1.0,1,0.19379050646146018,60
4933,0,9190,3953,5237,0,0,0,1.0,1,1.0,1,1.0,1,0.19379050646146018,60
4934,1,9191,3954,5237,0,0,0,1.0,1,1.0,1,1.0,1,0.20448379841591308,60
4935,1,9192,3954,5238,0,0,0,1.0,1,1.0,1,1.0,1,0.2086369766722766,60
4936,2,9194,3954,5240,0,0,0,1.0,1,1.0,1,1.0,1,0.17778854564948895,61
4937,0,9194,3954,5240,0,0,0,1.0,1,1.0,1,1.0,1,0.19211292433755012,62
4938,1,9195,3954,5241,0,0,0,1.0,1,1.0,1,1.0,1,0.17972953014090556,62
4939,6,9201,3957,5244,0,0,0,1.0,1,1.0,1,1.0,1,0.1778742371397552,64
4940,2,9203,3957,5246,0,0,0,1.0,1,1.0,1,1.0,1,0.17382591781410783,67
4941,0,9203,3957,5246,0,0,0,1.0,1,1.0,1,1.0,1,0.18566017608797603,66
4942,3,9206,3959,5247,0,0,0,1.0,1,1.0,1,1.0,1,0.19481117993503827,67
4943,1,9207,3959,5248,0,0,0,1.0,1,1.0,1,1.0,1,0.2108741775591834,65
4944,3,9210,3961,5249,0,0,0,1.0,1,1.0,1,1.0,1,0.22231675766585662,65
4945,2,9212,3963,5249,0,0,0,1.0,1,1.0,1,1.0,1,0.24667627609427076,62
4946,4,9216,3964,5252,0,0,0,1.0,1,1.0,1,1.0,1,0.20392453730445143,61
4947,0,9216,3964,5252,0,0,0,1.0,1,1.0,1,1.0,1,0.21939681877257264,59
4948,3,9219,3965,5254,0,0,0,1.0,1,1.0,1,1.0,1,0.20513646703860758,59
4949,0,9219,3965,5254,0,0,0,1.0,1,1.0,1,1.0,1,0.20761806463386456,57
4950,11,9230,3971,5259,0,0,0,1.0,1,1.0,1,1.0,1,0.16918634012352127,58
4951,5,9235,3976,5259,0,0,0,1.0,1,1.0,1,1.0,1,0.13573266365955702,55
4952,3,9238,3979,5259,0,0,0,1.0,1,1.0,1,1.0,1,0.1959330951548128,53
4953,5,9243,3983,5260,0,0,0,1.0,1,1.0,1,1.0,1,0.2423247596389379,54
4954,0,9243,3983,5260,0,0,0,1.0,1,1.0,1,1.0,1,0.2176898284573856,52
4955,2,9245,3984,5261,0,0,0,1.0,1,1.0,1,1.0,1,0.22523290917708017,51
4956,0,9245,3984,5261,0,0,0,1.0,1,1.0,1,1.0,1,0.26441365178142706,47
4957,2,9247,3984,5263,0,0,0,1.0,1,1.0,1,1.0,1,0.22399518808091048,48
4958,0,9247,3984,5263,0,0,0,1.0,1,1.0,1,1.0,1,0.2099320501221796,47
4959,0,9247,3984,5263,0,0,0,1.0,1,1.0,1,1.0,1,0.2099320501221796,47
4960,0,9247,3984,5263,0,0,0,1.0,1,1.0,1,1.0,1,0.2249182208245886,48
4961,1,9248,3985,5263,0,0,0,1.0,1,1.0,1,1.0,1,0.23827133997429414,49
4962,1,9249,3985,5264,0,0,0,1.0,1,1.0,1,1.0,1,0.21651697024847538,49
4963,0,9249,3985,5264,0,0,0,1.0,1,1.0,1,1.0,1,0.23925307970807283,51
4964,3,9252,3987,5265,0,0,0,1.0,1,1.0,1,1.0,1,0.27913925109117455,51
4965,1,9253,3987,5266,0,0,0,1.0,1,1.0,1,1.0,1,0.25393458426748333,51
4966,5,9258,3987,5271,0,0,0,1.0,1,1.0,1,1.0,1,0.1793683307946259,51
4967,4,9262,3991,5271,0,0,0,1.0,1,1.0,1,1.0,1,0.21879646002567835,51
4968,2,9264,3992,5272,0,0,0,1.0,1,1.0,1,1.0,1,0.18792919862660024,52
4969,2,9266,3992,5274,0,0,0,1.0,1,1.0,1,1.0,1,0.17924602016446758,53
4970,3,9269,3995,5274,0,0,0,1.0,1,1.0,1,1.0,1,0.24297015700264069,54
4971,0,9269,3995,5274,0,0,0,1.0,1,1.0,1,1.0,1,0.24324901026797888,55
4972,2,9271,3995,5276,0,0,0,1.0,1,1.0,1,1.0,1,0.27250327276567876,56
4973,5,9276,3996,5280,0,0,0,1.0,1,1.0,1,1.0,1,0.25338408718723726,57
4974,5,9281,3997,5284,0,0,0,1.0,1,1.0,1,1.0,1,0.2794908540996684,56
4975,4,9285,3997,5288,0,0,0,1.0,1,1.0,1,1.0,1,0.2760078487481053,57
4976,5,9290,3999,5291,0,0,0,1.0,1,1.0,1,1.0,1,0.2488754750494823,57
4977,3,9293,3999,5294,0,0,0,1.0,1,1.0,1,1.0,1,0.2659068616643114,57
4978,3,9296,4000,5296,0,0,0,1.0,1,1.0,1,1.0,1,0.25209550911265904,58
4979,2,9298,4000,5298,0,0,0,1.0,1,1.0,1,1.0,1,0.24216893824316063,58
4980,5,9303,4001,5302,0,0,0,1.0,1,1.0,1,1.0,1,0.24221859590378614,59
4981,6,9309,4001,5308,0,0,0,1.0,1,1.0,1,1.0,1,0.1508191524132059,60
4982,2,9311,4002,5309,0,0,0,1.0,1,1.0,1,1.0,1,0.12984672215905854,61
4983,0,9311,4002,5309,0,0,0,1.0,1,1.0,1,1.0,1,0.141883299760034,61
4984,1,9312,4003,5309,0,0,0,1.0,1,1.0,1,1.0,1,0.13925611091895101,59
4985,1,9313,4003,5310,0,0,0,1.0,1,1.0,1,1.0,1,0.12962190097963278,58
4986,3,9316,4005,5311,0,0,0,1.0,1,1.0,1,1.0,1,0.14840399904472518,59
4987,1,9317,4006,5311,0,0,0,1.0,1,1.0,1,1.0,1,0.14317842542019762,58
4988,3,9320,4009,5311,0,0,0,1.0,1,1.0,1,1.0,1,0.2299051729939158,57
4989,4,9324,4011,5313,0,0,0,1.0,1,1.0,1,1.0,1,0.18472805477825754,54
4990,1,9325,4011,5314,0,0,0,1.0,1,1.0,1,1.0,1,0.1664366803781107,53
4991,2,9327,4013,5314,0,0,0,1.0,1,1.0,1,1.0,1,0.21459811644975854,52
4992,3,9330,4015,5315,0,0,0,1.0,1,1.0,1,1.0,1,0.23833474537538712,48
4993,2,9332,4015,5317,0,0,0,1.0,1,1.0,1,1.0,1,0.25030828652502624,48
4994,1,9333,4016,5317,0,0,0,1.0,1,1.0,1,1.0,1,0.25407166579291574,45
4995,2,9335,4018,5317,0,0,0,1.0,1,1.0,1,1.0,1,0.26838730900306645,45
4996,4,9339,4021,5318,0,0,0,1.0,1,1.0,1,1.0,1,0.2315199611380846,45
4997,1,9340,4021,5319,0,0,0,1.0,1,1.0,1,1.0,1,0.17413497050345678,42
4998,2,9342,4022,5320,0,0,0,1.0,1,1.0,1,1.0,1,0.18903313004649908,44
4999,5,9347,4025,5322,0,0,0,1.0,1,1.0,1,1.0,1,0.2052081573408641,44
5000,2,9349,4026,5323,0,0,0,1.0,1,1.0,1,1.0,1,0.21146493698136126,42
5001,0,9349,4026,5323,0,0,0,1.0,1,1.0,1,1.0,1,0.2037772493208826,42
5002,2,9351,4028,5323,0,0,0,1.0,1,1.0,1,1.0,1,0.21337777913525732,41
5003,1,9352,4029,5323,0,0,0,1.0,1,1.0,1,1.0,1,0.2764762758699854,41
5004,0,9352,4029,5323,0,0,0,1.0,1,1.0,1,1.0,1,0.301469968089003,41
5005,0,9352,4029,5323,0,0,0,1.0,1,1.0,1,1.0,1,0.301469968089003,41
5006,0,9352,4029,5323,0,0,0,1.0,1,1.0,1,1.0,1,0.31173936996891466,42
5007,1,9353,4029,5324,0,0,0,1.0,1,1.0,1,1.0,1,0.30814247446735415,43
5008,1,9354,4029,5325,0,0,0,1.0,1,1.0,1,1.0,1,0.27682386935605136,46
5009,1,9355,4029,5326,0,0,0,1.0,1,1.0,1,1.0,1,0.28022579211657245,46
5010,0,9355,4029,5326,0,0,0,1.0,1,1.0,1,1.0,1,0.29387020495038074,46
5011,5,9360,4029,5331,0,0,0,1.0,1,1.0,1,1.0,1,0.21723693780410228,47
5012,0,9360,4029,5331,0,0,0,1.0,1,1.0,1,1.0,1,0.21740410229428267,48
5013,0,9360,4029,5331,0,0,0,1.0,1,1.0,1,1.0,1,0.21740410229428267,48
5014,0,9360,4029,5331,0,0,0,1.0,1,1.0,1,1.0,1,0.2211079184076201,49
5015,1,9361,4029,5332,0,0,0,1.0,1,1.0,1,1.0,1,0.19449587026360352,50
5016,4,9365,4030,5335,0,0,0,1.0,1,1.0,1,1.0,1,0.2186735016897664,51
5017,2,9367,4031,5336,0,0,0,1.0,1,1.0,1,1.0,1,0.23680622898101328,51
5018,0,9367,4031,5336,0,0,0,1.0,1,1.0,1,1.0,1,0.23680622898101328,51
5019,3,9370,4033,5337,0,0,0,1.0,1,1.0,1,1.0,1,0.251490862664601,51
5020,1,9371,4033,5338,0,0,0,1.0,1,1.0,1,1.0,1,0.24536483124817188,51
5021,1,9372,4033,5339,0,0,0,1.0,1,1.0,1,1.0,1,0.25253619560431095,52
5022,1,9373,4034,5339,0,0,0,1.0,1,1.0,1,1.0,1,0.2476920895692587,52
5023,5,9378,4037,5341,0,0,0,1.0,1,1.0,1,1.0,1,0.27055869070884336,52
5024,3,9381,4039,5342,0,0,0,1.0,1,1.0,1,1.0,1,0.26170833814492367,51
5025,1,9382,4039,5343,0,0,0,1.0,1,1.0,1,1.0,1,0.260799856849981,50
5026,4,9386,4040,5346,0,0,0,1.0,1,1.0,1,1.0,1,0.21803713955916337,49
5027,1,9387,4041,5346,0,0,0,1.0,1,1.0,1,1.0,1,0.2245748907358255,47
5028,2,9389,4043,5346,0,0,0,1.0,1,1.0,1,1.0,1,0.2779762010632402,47
5029,3,9392,4045,5347,0,0,0,1.0,1,1.0,1,1.0,1,0.2742167611428231,46
5030,1,9393,4046,5347,0,0,0,1.0,1,1.0,1,1.0,1,0.27326637300607026,48
5031,0,9393,4046,5347,0,0,0,1.0,1,1.0,1,1.0,1,0.29395466302643497,46
5032,1,9394,4047,5347,0,0,0,1.0,1,1.0,1,1.0,1,0.32511315808128266,46
5033,0,9394,4047,5347,0,0,0,1.0,1,1.0,1,1.0,1,0.3294829686793235,47
5034,0,9394,4047,5347,0,0,0,1.0,1,1.0,1,1.0,1,0.3208187272179462,48
5035,0,9394,4047,5347,0,0,0,1.0,1,1.0,1,1.0,1,0.31016450118664457,47
5036,1,9395,4048,5347,0,0,0,1.0,1,1.0,1,1.0,1,0.3360581376266093,47
5037,0,9395,4048,5347,0,0,0,1.0,1,1.0,1,1.0,1,0.3295832109002987,47
5038,1,9396,4049,5347,0,0,0,1.0,1,1.0,1,1.0,1,0.3763613511119776,48
5039,0,9396,4049,5347,0,0,0,1.0,1,1.0,1,1.0,1,0.3615735515740749,47
5040,0,9396,4049,5347,0,0,0,1.0,1,1.0,1,1.0,1,0.36993531557878107,48
5041,3,9399,4049,5350,0,0,0,1.0,1,1.0,1,1.0,1,0.3080961122249378,49
5042,1,9400,4049,5351,0,0,0,1.0,1,1.0,1,1.0,1,0.3120442550240047,50
5043,0,9400,4049,5351,0,0,0,1.0,1,1.0,1,1.0,1,0.29662340606730525,51
5044,1,9401,4049,5352,0,0,0,1.0,1,1.0,1,1.0,1,0.27952131086852916,51
5045,2,9403,4050,5353,0,0,0,1.0,1,1.0,1,1.0,1,0.2631742050380677,51
5046,3,9406,4051,5355,0,0,0,1.0,1,1.0,1,1.0,1,0.25717676736409273,52
5047,2,9408,4051,5357,0,0,0,1.0,1,1.0,1,1.0,1,0.2242804153100972,52
5048,0,9408,4051,5357,0,0,0,1.0,1,1.0,1,1.0,1,0.2242804153100972,52
5049,0,9408,4051,5357,0,0,0,1.0,1,1.0,1,1.0,1,0.2514521459008993,52
5050,1,9409,4052,5357,0,0,0,1.0,1,1.0,1,1.0,1,0.25839113786668993,55
5051,2,9411,4052,5359,0,0,0,1.0,1,1.0,1,1.0,1,0.237384712298831,55
5052,0,9411,4052,5359,0,0,0,1.0,1,1.0,1,1.0,1,0.237384712298831,55
5053,0,9411,4052,5359,0,0,0,1.0,1,1.0,1,1.0,1,0.2533308116880509,54
5054,2,9413,4053,5360,0,0,0,1.0,1,1.0,1,1.0,1,0.24907888756557128,54
5055,2,9415,4053,5362,0,0,0,1.0,1,1.0,1,1.0,1,0.25524670986422143,54
5056,4,9419,4053,5366,0,0,0,1.0,1,1.0,1,1.0,1,0.22024477604370377,55
5057,1,9420,4053,5367,0,0,0,1.0,1,1.0,1,1.0,1,0.1986558224975138,56
5058,1,9421,4053,5368,0,0,0,1.0,1,1.0,1,1.0,1,0.19335401026401053,58
5059,1,9422,4053,5369,0,0,0,1.0,1,1.0,1,1.0,1,0.17170139497215064,58
5060,4,9426,4055,5371,0,0,0,1.0,1,1.0,1,1.0,1,0.14432995474220303,59
5061,1,9427,4055,5372,0,0,0,1.0,1,1.0,1,1.0,1,0.11487154546316017,58
5062,3,9430,4056,5374,0,0,0,1.0,1,1.0,1,1.0,1,0.15776359403286683,58
5063,5,9435,4059,5376,0,0,0,1.0,1,1.0,1,1.0,1,0.1827305651359178,57
5064,1,9436,4060,5376,0,0,0,1.0,1,1.0,1,1.0,1,0.22181735792090015,57
5065,2,9438,4062,5376,0,0,0,1.0,1,1.0,1,1.0,1,0.2587555819555265,56
5066,2,9440,4064,5376,0,0,0,1.0,1,1.0,1,1.0,1,0.28034423499237565,55
5067,3,9443,4066,5377,0,0,0,1.0,1,1.0,1,1.0,1,0.2649710810913375,54
5068,1,9444,4067,5377,0,0,0,1.0,1,1.0,1,1.0,1,0.3123587389665647,54
5069,0,9444,4067,5377,0,0,0,1.0,1,1.0,1,1.0,1,0.29899425779491734,53
5070,1,9445,4067,5378,0,0,0,1.0,1,1.0,1,1.0,1,0.31855770586175763,53
5071,10,9455,4068,5387,0,0,0,1.0,1,1.0,1,1.0,1,0.20124610867772116,53
5072,4,9459,4069,5390,0,0,0,1.0,1,1.0,1,1.0,1,0.1732280583710975,53
5073,1,9460,4069,5391,0,0,0,1.0,1,1.0,1,1.0,1,0.17065148686814446,53
5074,1,9461,4069,5392,0,0,0,1.0,1,1.0,1,1.0,1,0.15421307686883198,52
5075,1,9462,4069,5393,0,0,0,1.0,1,1.0,1,1.0,1,0.17848951708267202,52
5076,2,9464,4070,5394,0,0,0,1.0,1,1.0,1,1.0,1,0.18673777380911857,55
5077,4,9468,4071,5397,0,0,0,1.0,1,1.0,1,1.0,1,0.22769055674879946,55
5078,1,9469,4071,5398,0,0,0,1.0,1,1.0,1,1.0,1,0.2516085375497188,55
5079,1,9470,4071,5399,0,0,0,1.0,1,1.0,1,1.0,1,0.24438267316869464,54
5080,4,9474,4072,5402,0,0,0,1.0,1,1.0,1,1.0,1,0.23724569409103494,55
5081,5,9479,4072,5407,0,0,0,1.0,1,1.0,1,1.0,1,0.2332316245545486,57
5082,6,9485,4072,5413,0,0,0,1.0,1,1.0,1,1.0,1,0.18234354714903453,57
5083,4,9489,4072,5417,0,0,0,1.0,1,1.0,1,1.0,1,0.1889931391636634,58
5084,6,9495,4073,5422,0,0,0,1.0,1,1.0,1,1.0,1,0.20224501848423715,58
5085,5,9500,4075,5425,0,0,0,1.0,1,1.0,1,1.0,1,0.19049545069704069,59
5086,5,9505,4078,5427,0,0,0,1.0,1,1.0,1,1.0,1,0.1513309607887242,60
5087,2,9507,4079,5428,0,0,0,1.0,1,1.0,1,1.0,1,0.1738397503625816,61
5088,2,9509,4079,5430,0,0,0,1.0,1,1.0,1,1.0,1,0.15328787346018927,62
5089,1,9510,4080,5430,0,0,0,1.0,1,1.0,1,1.0,1,0.14402308715617096,63
5090,3,9513,4081,5432,0,0,0,1.0,1,1.0,1,1.0,1,0.1436485134924685,63
5091,4,9517,4084,5433,0,0,0,1.0,1,1.0,1,1.0,1,0.1739494412740943,63
5092,0,9517,4084,5433,0,0,0,1.0,1,1.0,1,1.0,1,0.1739494412740943,63
5093,1,9518,4085,5433,0,0,0,1.0,1,1.0,1,1.0,1,0.19327616848298745,63
5094,2,9520,4086,5434,0,0,0,1.0,1,1.0,1,1.0,1,0.1792809336090376,64
5095,1,9521,4086,5435,0,0,0,1.0,1,1.0,1,1.0,1,0.16709568842674322,64
5096,2,9523,4087,5436,0,0,0,1.0,1,1.0,1,1.0,1,0.16892981259822906,67
5097,1,9524,4087,5437,0,0,0,1.0,1,1.0,1,1.0,1,0.16065405233717536,67
5098,0,9524,4087,5437,0,0,0,1.0,1,1.0,1,1.0,1,0.1556075661827029,68
5099,2,9526,4087,5439,0,0,0,1.0,1,1.0,1,1.0,1,0.16208429302730976,70
5100,2,9528,4087,5441,0,0,0,1.0,1,1.0,1,1.0,1,0.14316726733715787,71
5101,2,9530,4089,5441,0,0,0,1.0,1,1.0,1,1.0,1,0.13067418465769792,71
5102,4,9534,4092,5442,0,0,0,1.0,1,1.0,1,1.0,1,0.1712864892924535,70
5103,0,9534,4092,5442,0,0,0,1.0,1,1.0,1,1.0,1,0.15447560542634112,67
5104,5,9539,4095,5444,0,0,0,1.0,1,1.0,1,1.0,1,0.18927274204494277,67
5105,3,9542,4098,5444,0,0,0,1.0,1,1.0,1,1.0,1,0.220257640576933,63
5106,2,9544,4100,5444,0,0,0,1.0,1,1.0,1,1.0,1,0.2615593500651951,63
5107,5,9549,4104,5445,0,0,0,1.0,1,1.0,1,1.0,1,0.2806164160433195,60
5108,2,9551,4106,5445,0,0,0,1.0,1,1.0,1,1.0,1,0.3034501029475257,56
5109,2,9553,4108,5445,0,0,0,1.0,1,1.0,1,1.0,1,0.33331384112645585,56
5110,5,9558,4111,5447,0,0,0,1.0,1,1.0,1,1.0,1,0.2667912549044602,52
5111,3,9561,4114,5447,0,0,0,1.0,1,1.0,1,1.0,1,0.3237408117275502,51
5112,3,9564,4116,5448,0,0,0,1.0,1,1.0,1,1.0,1,0.3115910098342609,50
5113,4,9568,4119,5449,0,0,0,1.0,1,1.0,1,1.0,1,0.3013613199927101,48
5114,2,9570,4121,5449,0,0,0,1.0,1,1.0,1,1.0,1,0.29160888956857534,46
5115,0,9570,4121,5449,0,0,0,1.0,1,1.0,1,1.0,1,0.2820619866142059,44
5116,8,9578,4123,5455,0,0,0,1.0,1,1.0,1,1.0,1,0.18274146580076703,44
5117,2,9580,4123,5457,0,0,0,1.0,1,1.0,1,1.0,1,0.1722478196021112,46
5118,9,9589,4125,5464,0,0,0,1.0,1,1.0,1,1.0,1,0.18843247023385357,46
5119,6,9595,4127,5468,0,0,0,1.0,1,1.0,1,1.0,1,0.18775835239261573,46
5120,5,9600,4128,5472,0,0,0,1.0,1,1.0,1,1.0,1,0.25086278245356214,46
5121,6,9606,4129,5477,0,0,0,1.0,1,1.0,1,1.0,1,0.22069091886107822,46
5122,7,9613,4131,5482,0,0,0,1.0,1,1.0,1,1.0,1,0.1862191065803286,46
5123,5,9618,4133,5485,0,0,0,1.0,1,1.0,1,1.0,1,0.265686013695321,45
5124,6,9624,4134,5490,0,0,0,1.0,1,1.0,1,1.0,1,0.2522789890559332,47
5125,5,9629,4134,5495,0,0,0,1.0,1,1.0,1,1.0,1,0.24266849520624303,50
5126,7,9636,4135,5501,0,0,0,1.0,1,1.0,1,1.0,1,0.24622967259720083,50
5127,8,9644,4135,5509,0,0,0,1.0,1,1.0,1,1.0,1,0.23144783174324035,52
5128,6,9650,4136,5514,0,0,0,1.0,1,1.0,1,1.0,1,0.26101183090540464,53
5129,6,9656,4136,5520,0,0,0,1.0,1,1.0,1,1.0,1,0.236083307002893,55
5130,9,9665,4136,5529,0,0,0,1.0,1,1.0,1,1.0,1,0.24427788254567198,55
5131,4,9669,4137,5532,0,0,0,1.0,1,1.0,1,1.0,1,0.21531188302384255,54
5132,1,9670,4137,5533,0,0,0,1.0,1,1.0,1,1.0,1,0.20281168681709294,54
5133,1,9671,4138,5533,0,0,0,1.0,1,1.0,1,1.0,1,0.204724576116236,54
5134,0,9671,4138,5533,0,0,0,1.0,1,1.0,1,1.0,1,0.20443123583753317,53
5135,1,9672,4138,5534,0,0,0,1.0,1,1.0,1,1.0,1,0.20433795919906433,54
5136,1,9673,4138,5535,0,0,0,1.0,1,1.0,1,1.0,1,0.20827766024449354,54
5137,1,9674,4138,5536,0,0,0,1.0,1,1.0,1,1.0,1,0.18479114322931603,54
5138,1,9675,4139,5536,0,0,0,1.0,1,1.0,1,1.0,1,0.16989253437471424,54
5139,2,9677,4140,5537,0,0,0,1.0,1,1.0,1,1.0,1,0.15956850425497768,55
5140,6,9683,4144,5539,0,0,0,1.0,1,1.0,1,1.0,1,0.1582934879334369,55
5141,1,9684,4145,5539,0,0,0,1.0,1,1.0,1,1.0,1,0.14700226149043688,53
5142,4,9688,4148,5540,0,0,0,1.0,1,1.0,1,1.0,1,0.1814044699954605,54
5143,4,9692,4150,5542,0,0,0,1.0,1,1.0,1,1.0,1,0.19025390514771337,52
5144,1,9693,4151,5542,0,0,0,1.0,1,1.0,1,1.0,1,0.24987077127028523,50
5145,1,9694,4152,5542,0,0,0,1.0,1,1.0,1,1.0,1,0.2658879409842851,49
5146,7,9701,4153,5548,0,0,0,1.0,1,1.0,1,1.0,1,0.17383496612978175,49
5147,2,9703,4155,5548,0,0,0,1.0,1,1.0,1,1.0,1,0.146772265674459,46
5148,1,9704,4155,5549,0,0,0,1.0,1,1.0,1,1.0,1,0.1381179894446325,46
5149,0,9704,4155,5549,0,0,0,1.0,1,1.0,1,1.0,1,0.1243143826334917,45
5150,2,9706,4157,5549,0,0,0,1.0,1,1.0,1,1.0,1,0.14870962954661127,47
5151,2,9708,4159,5549,0,0,0,1.0,1,1.0,1,1.0,1,0.155348027066469,46
5152,4,9712,4162,5550,0,0,0,1.0,1,1.0,1,1.0,1,0.19865825513187632,46
5153,0,9712,4162,5550,0,0,0,1.0,1,1.0,1,1.0,1,0.19023730295757735,45
5154,0,9712,4162,5550,0,0,0,1.0,1,1.0,1,1.0,1,0.21870397067259745,47
5155,1,9713,4163,5550,0,0,0,1.0,1,1.0,1,1.0,1,0.23439091378116464,47
5156,2,9715,4164,5551,0,0,0,1.0,1,1.0,1,1.0,1,0.22948298657518149,47
5157,2,9717,4166,5551,0,0,0,1.0,1,1.0,1,1.0,1,0.24881565418662974,46
5158,0,9717,4166,5551,0,0,0,1.0,1,1.0,1,1.0,1,0.254571769451094,47
5159,1,9718,4166,5552,0,0,0,1.0,1,1.0,1,1.0,1,0.2541333775302052,49
5160,0,9718,4166,5552,0,0,0,1.0,1,1.0,1,1.0,1,0.2695185823890212,48
5161,1,9719,4166,5553,0,0,0,1.0,1,1.0,1,1.0,1,0.2469833194182255,48
5162,2,9721,4166,5555,0,0,0,1.0,1,1.0,1,1.0,1,0.21460507344200286,49
5163,1,9722,4166,5556,0,0,0,1.0,1,1.0,1,1.0,1,0.2054787203257301,51
5164,0,9722,4166,5556,0,0,0,1.0,1,1.0,1,1.0,1,0.2054787203257301,51
5165,3,9725,4167,5558,0,0,0,1.0,1,1.0,1,1.0,1,0.19366760093978472,52
5166,2,9727,4169,5558,0,0,0,1.0,1,1.0,1,1.0,1,0.1885415179779135,52
5167,2,9729,4170,5559,0,0,0,1.0,1,1.0,1,1.0,1,0.19088914915409763,52
5168,0,9729,4170,5559,0,0,0,1.0,1,1.0,1,1.0,1,0.19088914915409763,52
5169,2,9731,4171,5560,0,0,0,1.0,1,1.0,1,1.0,1,0.17739645318815753,53
5170,0,9731,4171,5560,0,0,0,1.0,1,1.0,1,1.0,1,0.17739645318815753,53
5171,0,9731,4171,5560,0,0,0,1.0,1,1.0,1,1.0,1,0.2008765714413825,52
5172,1,9732,4172,5560,0,0,0,1.0,1,1.0,1,1.0,1,0.19544060262666849,53
5173,0,9732,4172,5560,0,0,0,1.0,1,1.0,1,1.0,1,0.21129653409098895,54
5174,0,9732,4172,5560,0,0,0,1.0,1,1.0,1,1.0,1,0.22999038894350082,56
5175,2,9734,4173,5561,0,0,0,1.0,1,1.0,1,1.0,1,0.23023174986374204,58
5176,2,9736,4173,5563,0,0,0,1.0,1,1.0,1,1.0,1,0.1918953153399295,58
5177,5,9741,4174,5567,0,0,0,1.0,1,1.0,1,1.0,1,0.1702115378570393,59
5178,3,9744,4175,5569,0,0,0,1.0,1,1.0,1,1.0,1,0.1689883537543213,57
5179,2,9746,4175,5571,0,0,0,1.0,1,1.0,1,1.0,1,0.14581935069131752,58
5180,1,9747,4176,5571,0,0,0,1.0,1,1.0,1,1.0,1,0.1403769460964264,56
5181,1,9748,4177,5571,0,0,0,1.0,1,1.0,1,1.0,1,0.14071066309538197,57
5182,4,9752,4180,5572,0,0,0,1.0,1,1.0,1,1.0,1,0.16156594139703012,56
5183,2,9754,4182,5572,0,0,0,1.0,1,1.0,1,1.0,1,0.18739922397286374,57
5184,3,9757,4184,5573,0,0,0,1.0,1,1.0,1,1.0,1,0.2065683264332906,56
5185,0,9757,4184,5573,0,0,0,1.0,1,1.0,1,1.0,1,0.20813560257258873,56
5186,2,9759,4186,5573,0,0,0,1.0,1,1.0,1,1.0,1,0.2588664933271024,54
5187,0,9759,4186,5573,0,0,0,1.0,1,1.0,1,1.0,1,0.2723666478180993,51
5188,1,9760,4187,5573,0,0,0,1.0,1,1.0,1,1.0,1,0.30261411110466035,50
5189,2,9762,4187,5575,0,0,0,1.0,1,1.0,1,1.0,1,0.24745493409896094,49
5190,2,9764,4189,5575,0,0,0,1.0,1,1.0,1,1.0,1,0.22424169146073783,50
5191,5,9769,4189,5580,0,0,0,1.0,1,1.0,1,1.0,1,0.14421097552901543,50
5192,3,9772,4191,5581,0,0,0,1.0,1,1.0,1,1.0,1,0.11280106191001475,49
5193,0,9772,4191,5581,0,0,0,1.0,1,1.0,1,1.0,1,0.13221555173703844,50
5194,4,9776,4192,5584,0,0,0,1.0,1,1.0,1,1.0,1,0.1477190620973999,51
5195,1,9777,4193,5584,0,0,0,1.0,1,1.0,1,1.0,1,0.17554560944390538,51
5196,2,9779,4193,5586,0,0,0,1.0,1,1.0,1,1.0,1,0.17554560944390538,51
5197,2,9781,4193,5588,0,0,0,1.0,1,1.0,1,1.0,1,0.17554560944390538,51
5198,2,9783,4193,5590,0,0,0,1.0,1,1.0,1,1.0,1,0.17554560944390538,51
5199,2,9785,4193,5592,0,0,0,1.0,1,1.0,1,1.0,1,0.16092295279223567,54
5200,3,9788,4194,5594,0,0,0,1.0,1,1.0,1,1.0,1,0.16728064477442428,54
5201,5,9793,4196,5597,0,0,0,1.0,1,1.0,1,1.0,1,0.17841075462448422,55
5202,2,9795,4196,5599,0,0,0,1.0,1,1.0,1,1.0,1,0.1520213868729509,56
5203,0,9795,4196,5599,0,0,0,1.0,1,1.0,1,1.0,1,0.1520213868729509,56
5204,1,9796,4196,5600,0,0,0,1.0,1,1.0,1,1.0,1,0.1461033525761008,58
5205,0,9796,4196,5600,0,0,0,1.0,1,1.0,1,1.0,1,0.1461033525761008,58
5206,0,9796,4196,5600,0,0,0,1.0,1,1.0,1,1.0,1,0.1461033525761008,58
5207,1,9797,4197,5600,0,0,0,1.0,1,1.0,1,1.0,1,0.14574732103487645,59
5208,0,9797,4197,5600,0,0,0,1.0,1,1.0,1,1.0,1,0.1478526551458598,58
5209,1,9798,4198,5600,0,0,0,1.0,1,1.0,1,1.0,1,0.17506885958031343,58
5210,1,9799,4198,5601,0,0,0,1.0,1,1.0,1,1.0,1,0.17291397963238297,57
5211,0,9799,4198,5601,0,0,0,1.0,1,1.0,1,1.0,1,0.17291397963238297,57
5212,1,9800,4198,5602,0,0,0,1.0,1,1.0,1,1.0,1,0.17800137664015367,59
5213,2,9802,4200,5602,0,0,0,1.0,1,1.0,1,1.0,1,0.20217630219632257,59
5214,1,9803,4200,5603,0,0,0,1.0,1,1.0,1,1.0,1,0.2143523017788083,59
5215,1,9804,4201,5603,0,0,0,1.0,1,1.0,1,1.0,1,0.2599363794850899,58
5216,1,9805,4201,5604,0,0,0,1.0,1,1.0,1,1.0,1,0.22696792022914591,59
5217,4,9809,4205,5604,0,0,0,1.0,1,1.0,1,1.0,1,0.21361297377132446,58
5218,6,9815,4210,5605,0,0,0,1.0,1,1.0,1,1.0,1,0.26162412917983885,58
5219,0,9815,4210,5605,0,0,0,1.0,1,1.0,1,1.0,1,0.217328946842683,57
5220,0,9815,4210,5605,0,0,0,1.0,1,1.0,1,1.0,1,0.2445045811546685,56
5221,5,9820,4212,5608,0,0,0,1.0,1,1.0,1,1.0,1,0.2572837775794386,58
5222,1,9821,4213,5608,0,0,0,1.0,1,1.0,1,1.0,1,0.2476651425167209,56
5223,3,9824,4215,5609,0,0,0,1.0,1,1.0,1,1.0,1,0.2990540228212478,55
5224,2,9826,4216,5610,0,0,0,1.0,1,1.0,1,1.0,1,0.29995015333392744,56
5225,3,9829,4217,5612,0,0,0,1.0,1,1.0,1,1.0,1,0.2952830852784948,55
5226,3,9832,4219,5613,0,0,0,1.0,1,1.0,1,1.0,1,0.2741380792406017,55
5227,2,9834,4219,5615,0,0,0,1.0,1,1.0,1,1.0,1,0.2444685626814235,53
5228,0,9834,4219,5615,0,0,0,1.0,1,1.0,1,1.0,1,0.2338383609010884,51
5229,3,9837,4220,5617,0,0,0,1.0,1,1.0,1,1.0,1,0.19461489175102006,51
5230,0,9837,4220,5617,0,0,0,1.0,1,1.0,1,1.0,1,0.19450451329232,51
5231,3,9840,4221,5619,0,0,0,1.0,1,1.0,1,1.0,1,0.19877241595048167,52
5232,2,9842,4222,5620,0,0,0,1.0,1,1.0,1,1.0,1,0.23392142662100995,52
5233,0,9842,4222,5620,0,0,0,1.0,1,1.0,1,1.0,1,0.24968063914779573,53
5234,1,9843,4223,5620,0,0,0,1.0,1,1.0,1,1.0,1,0.28868013913685525,53
5235,3,9846,4224,5622,0,0,0,1.0,1,1.0,1,1.0,1,0.2744854717413296,53
5236,8,9854,4226,5628,0,0,0,1.0,1,1.0,1,1.0,1,0.22688854041796122,52
5237,1,9855,4226,5629,0,0,0,1.0,1,1.0,1,1.0,1,0.23490616070592327,52
5238,1,9856,4227,5629,0,0,0,1.0,1,1.0,1,1.0,1,0.23833536420472481,52
5239,0,9856,4227,5629,0,0,0,1.0,1,1.0,1,1.0,1,0.2525197113506901,51
5240,0,9856,4227,5629,0,0,0,1.0,1,1.0,1,1.0,1,0.2647428600574499,53
5241,0,9856,4227,5629,0,0,0,1.0,1,1.0,1,1.0,1,0.28257357060380783,53
5242,2,9858,4228,5630,0,0,0,1.0,1,1.0,1,1.0,1,0.3057284245522429,51
5243,3,9861,4229,5632,0,0,0,1.0,1,1.0,1,1.0,1,0.31764535396491944,51
5244,2,9863,4231,5632,0,0,0,1.0,1,1.0,1,1.0,1,0.3255717360313266,52
5245,1,9864,4231,5633,0,0,0,1.0,1,1.0,1,1.0,1,0.31538941308711566,53
5246,5,9869,4234,5635,0,0,0,1.0,1,1.0,1,1.0,1,0.29721237704556996,53
5247,2,9871,4235,5636,0,0,0,1.0,1,1.0,1,1.0,1,0.32331667267120534,54
5248,3,9874,4236,5638,0,0,0,1.0,1,1.0,1,1.0,1,0.2939051509673979,54
5249,4,9878,4237,5641,0,0,0,1.0,1,1.0,1,1.0,1,0.2943794045115748,55
5250,3,9881,4237,5644,0,0,0,1.0,1,1.0,1,1.0,1,0.3043569836596012,57
5251,5,9886,4237,5649,0,0,0,1.0,1,1.0,1,1.0,1,0.23641876026420877,58
5252,0,9886,4237,5649,0,0,0,1.0,1,1.0,1,1.0,1,0.23641876026420877,58
5253,2,9888,4239,5649,0,0,0,1.0,1,1.0,1,1.0,1,0.25837888255617547,58
5254,3,9891,4239,5652,0,0,0,1.0,1,1.0,1,1.0,1,0.23561898641521778,59
5255,4,9895,4241,5654,0,0,0,1.0,1,1.0,1,1.0,1,0.216923316916123,58
5256,0,9895,4241,5654,0,0,0,1.0,1,1.0,1,1.0,1,0.23825696909952418,58
5257,2,9897,4242,5655,0,0,0,1.0,1,1.0,1,1.0,1,0.24883810092032155,57
5258,0,9897,4242,5655,0,0,0,1.0,1,1.0,1,1.0,1,0.23893443837334663,55
5259,0,9897,4242,5655,0,0,0,1.0,1,1.0,1,1.0,1,0.24676057094212692,56
5260,0,9897,4242,5655,0,0,0,1.0,1,1.0,1,1.0,1,0.27182961242167003,55
5261,0,9897,4242,5655,0,0,0,1.0,1,1.0,1,1.0,1,0.2749682970593137,54
5262,1,9898,4243,5655,0,0,0,1.0,1,1.0,1,1.0,1,0.28700328137334036,54
5263,8,9906,4247,5659,0,0,0,1.0,1,1.0,1,1.0,1,0.29601757351719693,55
5264,1,9907,4247,5660,0,0,0,1.0,1,1.0,1,1.0,1,0.3007499053359951,53
5265,4,9911,4249,5662,0,0,0,1.0,1,1.0,1,1.0,1,0.30536113958851985,52
5266,2,9913,4250,5663,0,0,0,1.0,1,1.0,1,1.0,1,0.2840302019149378,49
5267,1,9914,4251,5663,0,0,0,1.0,1,1.0,1,1.0,1,0.29851373874410353,49
5268,1,9915,4251,5664,0,0,0,1.0,1,1.0,1,1.0,1,0.3107830887189484,46
5269,2,9917,4252,5665,0,0,0,1.0,1,1.0,1,1.0,1,0.3094955719464073,45
5270,1,9918,4252,5666,0,0,0,1.0,1,1.0,1,1.0,1,0.30624723479734656,46
5271,4,9922,4255,5667,0,0,0,1.0,1,1.0,1,1.0,1,0.2810545318481159,46
5272,3,9925,4256,5669,0,0,0,1.0,1,1.0,1,1.0,1,0.25358205735714395,45
5273,5,9930,4260,5670,0,0,0,1.0,1,1.0,1,1.0,1,0.2909709180455895,45
5274,3,9933,4260,5673,0,0,0,1.0,1,1.0,1,1.0,1,0.2501010598482376,45
5275,3,9936,4263,5673,0,0,0,1.0,1,1.0,1,1.0,1,0.24716474465994634,46
5276,2,9938,4265,5673,0,0,0,1.0,1,1.0,1,1.0,1,0.2753396854833646,45
5277,0,9938,4265,5673,0,0,0,1.0,1,1.0,1,1.0,1,0.27776629398877667,45
5278,2,9940,4266,5674,0,0,0,1.0,1,1.0,1,1.0,1,0.3134597860058784,44
5279,3,9943,4267,5676,0,0,0,1.0,1,1.0,1,1.0,1,0.30281256561526243,45
5280,1,9944,4268,5676,0,0,0,1.0,1,1.0,1,1.0,1,0.29552965775344436,46
5281,1,9945,4268,5677,0,0,0,1.0,1,1.0,1,1.0,1,0.28281641954656905,46
5282,0,9945,4268,5677,0,0,0,1.0,1,1.0,1,1.0,1,0.2917714213903489,47
5283,1,9946,4268,5678,0,0,0,1.0,1,1.0,1,1.0,1,0.2803971421453151,48
5284,0,9946,4268,5678,0,0,0,1.0,1,1.0,1,1.0,1,0.2803971421453151,48
5285,0,9946,4268,5678,0,0,0,1.0,1,1.0,1,1.0,1,0.27528381318857026,48
5286,3,9949,4268,5681,0,0,0,1.0,1,1.0,1,1.0,1,0.22535093553821106,50
5287,1,9950,4268,5682,0,0,0,1.0,1,1.0,1,1.0,1,0.2121005101066455,50
5288,3,9953,4268,5685,0,0,0,1.0,1,1.0,1,1.0,1,0.1679784112153973,51
5289,1,9954,4268,5686,0,0,0,1.0,1,1.0,1,1.0,1,0.16326892218275324,51
5290,0,9954,4268,5686,0,0,0,1.0,1,1.0,1,1.0,1,0.17410632924296784,52
5291,0,9954,4268,5686,0,0,0,1.0,1,1.0,1,1.0,1,0.19585163630860386,52
5292,0,9954,4268,5686,0,0,0,1.0,1,1.0,1,1.0,1,0.20610854472381707,53
5293,1,9955,4269,5686,0,0,0,1.0,1,1.0,1,1.0,1,0.2641249685867628,51
5294,0,9955,4269,5686,0,0,0,1.0,1,1.0,1,1.0,1,0.25007239242026863,50
5295,0,9955,4269,5686,0,0,0,1.0,1,1.0,1,1.0,1,0.2714058865379144,49
5296,2,9957,4271,5686,0,0,0,1.0,1,1.0,1,1.0,1,0.316436947723925,48
5297,1,9958,4272,5686,0,0,0,1.0,1,1.0,1,1.0,1,0.3228812002771964,46
5298,0,9958,4272,5686,0,0,0,1.0,1,1.0,1,1.0,1,0.32231175779373344,46
5299,0,9958,4272,5686,0,0,0,1.0,1,1.0,1,1.0,1,0.32374860645734077,47
5300,0,9958,4272,5686,0,0,0,1.0,1,1.0,1,1.0,1,0.3059694848450187,48
5301,1,9959,4273,5686,0,0,0,1.0,1,1.0,1,1.0,1,0.3183822403366524,48
5302,6,9965,4277,5688,0,0,0,1.0,1,1.0,1,1.0,1,0.3234062328136303,49
5303,1,9966,4278,5688,0,0,0,1.0,1,1.0,1,1.0,1,0.32399150148194156,48
5304,1,9967,4279,5688,0,0,0,1.0,1,1.0,1,1.0,1,0.3373490265009886,48
5305,2,9969,4280,5689,0,0,0,1.0,1,1.0,1,1.0,1,0.336141167405186,47
5306,2,9971,4282,5689,0,0,0,1.0,1,1.0,1,1.0,1,0.371916069639954,48
5307,5,9976,4283,5693,0,0,0,1.0,1,1.0,1,1.0,1,0.3364773363064875,48
5308,2,9978,4284,5694,0,0,0,1.0,1,1.0,1,1.0,1,0.3350668423809839,47
5309,1,9979,4285,5694,0,0,0,1.0,1,1.0,1,1.0,1,0.37398575915208687,46
5310,2,9981,4286,5695,0,0,0,1.0,1,1.0,1,1.0,1,0.3751703718723124,46
5311,5,9986,4286,5700,0,0,0,1.0,1,1.0,1,1.0,1,0.31305431255062854,46
5312,4,9990,4287,5703,0,0,0,1.0,1,1.0,1,1.0,1,0.3049776319300002,46
5313,2,9992,4287,5705,0,0,0,1.0,1,1.0,1,1.0,1,0.2840636290757892,46
5314,2,9994,4287,5707,0,0,0,1.0,1,1.0,1,1.0,1,0.2639072434847238,46
5315,4,9998,4289,5709,0,0,0,1.0,1,1.0,1,1.0,1,0.3240293558859486,47
5316,2,10000,4289,5711,0,0,0,1.0,1,1.0,1,1.0,1,0.2903385613429327,48
5317,3,10003,4289,5714,0,0,0,1.0,1,1.0,1,1.0,1,0.2515159085846789,49
5318,4,10007,4289,5718,0,0,0,1.0,1,1.0,1,1.0,1,0.18305599733545155,49
5319,4,10011,4290,5721,0,0,0,1.0,1,1.0,1,1.0,1,0.17102372190962797,50
5320,5,10016,4291,5725,0,0,0,1.0,1,1.0,1,1.0,1,0.1354233753482849,51
5321,1,10017,4291,5726,0,0,0,1.0,1,1.0,1,1.0,1,0.1386241217506544,52
5322,0,10017,4291,5726,0,0,0,1.0,1,1.0,1,1.0,1,0.15326397566486016,53
5323,0,10017,4291,5726,0,0,0,1.0,1,1.0,1,1.0,1,0.1409003044233088,53
5324,1,10018,4292,5726,0,0,0,1.0,1,1.0,1,1.0,1,0.1656111919600415,55
5325,1,10019,4293,5726,0,0,0,1.0,1,1.0,1,1.0,1,0.17639174005119812,55
5326,2,10021,4293,5728,0,0,0,1.0,1,1.0,1,1.0,1,0.1566086739897211,55
5327,3,10024,4294,5730,0,0,0,1.0,1,1.0,1,1.0,1,0.15820490000706744,56
5328,1,10025,4294,5731,0,0,0,1.0,1,1.0,1,1.0,1,0.1356418566284113,57
5329,0,10025,4294,5731,0,0,0,1.0,1,1.0,1,1.0,1,0.1356418566284113,57
5330,1,10026,4295,5731,0,0,0,1.0,1,1.0,1,1.0,1,0.13844892810751805,56
5331,0,10026,4295,5731,0,0,0,1.0,1,1.0,1,1.0,1,0.1484885953687998,57
5332,0,10026,4295,5731,0,0,0,1.0,1,1.0,1,1.0,1,0.14768185042042575,58
5333,1,10027,4296,5731,0,0,0,1.0,1,1.0,1,1.0,1,0.14453510470856307,59
5334,2,10029,4298,5731,0,0,0,1.0,1,1.0,1,1.0,1,0.15136605760922492,59
5335,1,10030,4299,5731,0,0,0,1.0,1,1.0,1,1.0,1,0.19586920282413134,58
5336,2,10032,4299,5733,0,0,0,1.0,1,1.0,1,1.0,1,0.2109302879809196,59
5337,2,10034,4299,5735,0,0,0,1.0,1,1.0,1,1.0,1,0.19434241296345373,60
5338,1,10035,4299,5736,0,0,0,1.0,1,1.0,1,1.0,1,0.17167025288342347,60
5339,0,10035,4299,5736,0,0,0,1.0,1,1.0,1,1.0,1,0.17167025288342347,60
5340,4,10039,4301,5738,0,0,0,1.0,1,1.0,1,1.0,1,0.21487495303424198,60
5341,2,10041,4301,5740,0,0,0,1.0,1,1.0,1,1.0,1,0.19623993864104397,61
5342,2,10043,4303,5740,0,0,0,1.0,1,1.0,1,1.0,1,0.23639067859651924,59
5343,1,10044,4303,5741,0,0,0,1.0,1,1.0,1,1.0,1,0.21843335052889976,58
5344,5,10049,4305,5744,0,0,0,1.0,1,1.0,1,1.0,1,0.24611656848229038,58
5345,3,10052,4307,5745,0,0,0,1.0,1,1.0,1,1.0,1,0.24553879982172994,54
5346,2,10054,4307,5747,0,0,0,1.0,1,1.0,1,1.0,1,0.22462596072327626,54
5347,2,10056,4309,5747,0,0,0,1.0,1,1.0,1,1.0,1,0.2291247267625801,54
5348,2,10058,4310,5748,0,0,0,1.0,1,1.0,1,1.0,1,0.23518881067464187,55
5349,3,10061,4311,5750,0,0,0,1.0,1,1.0,1,1.0,1,0.20992617645410144,56
5350,0,10061,4311,5750,0,0,0,1.0,1,1.0,1,1.0,1,0.23699317246217882,56
5351,1,10062,4312,5750,0,0,0,1.0,1,1.0,1,1.0,1,0.23112784112014323,57
5352,3,10065,4314,5751,0,0,0,1.0,1,1.0,1,1.0,1,0.23045176562264505,57
5353,0,10065,4314,5751,0,0,0,1.0,1,1.0,1,1.0,1,0.23045176562264505,57
5354,0,10065,4314,5751,0,0,0,1.0,1,1.0,1,1.0,1,0.2294760440921699,56
5355,2,10067,4316,5751,0,0,0,1.0,1,1.0,1,1.0,1,0.2224714233318877,57
5356,4,10071,4316,5755,0,0,0,1.0,1,1.0,1,1.0,1,0.16437319780406687,56
5357,0,10071,4316,5755,0,0,0,1.0,1,1.0,1,1.0,1,0.17938873409329137,56
5358,0,10071,4316,5755,0,0,0,1.0,1,1.0,1,1.0,1,0.17533214538981887,57
5359,0,10071,4316,5755,0,0,0,1.0,1,1.0,1,1.0,1,0.17533214538981887,57
5360,0,10071,4316,5755,0,0,0,1.0,1,1.0,1,1.0,1,0.1985338899826062,55
5361,2,10073,4317,5756,0,0,0,1.0,1,1.0,1,1.0,1,0.21778460399725788,56
5362,1,10074,4318,5756,0,0,0,1.0,1,1.0,1,1.0,1,0.23441058816278906,57
5363,0,10074,4318,5756,0,0,0,1.0,1,1.0,1,1.0,1,0.23441058816278906,57
5364,2,10076,4318,5758,0,0,0,1.0,1,1.0,1,1.0,1,0.2261946029504156,58
5365,1,10077,4319,5758,0,0,0,1.0,1,1.0,1,1.0,1,0.2403046208224485,59
5366,4,10081,4321,5760,0,0,0,1.0,1,1.0,1,1.0,1,0.25278099568719226,60
5367,4,10085,4322,5763,0,0,0,1.0,1,1.0,1,1.0,1,0.2461803629437235,60
5368,6,10091,4323,5768,0,0,0,1.0,1,1.0,1,1.0,1,0.1883468789389313,58
5369,1,10092,4323,5769,0,0,0,1.0,1,1.0,1,1.0,1,0.1522377133203825,58
5370,2,10094,4325,5769,0,0,0,1.0,1,1.0,1,1.0,1,0.15670292953365272,57
5371,3,10097,4327,5770,0,0,0,1.0,1,1.0,1,1.0,1,0.1622828210635699,56
5372,4,10101,4330,5771,0,0,0,1.0,1,1.0,1,1.0,1,0.20235805059168244,55
5373,6,10107,4333,5774,0,0,0,1.0,1,1.0,1,1.0,1,0.1979543613848722,54
5374,0,10107,4333,5774,0,0,0,1.0,1,1.0,1,1.0,1,0.21595699884623737,53
5375,2,10109,4334,5775,0,0,0,1.0,1,1.0,1,1.0,1,0.2416821862795942,52
5376,0,10109,4334,5775,0,0,0,1.0,1,1.0,1,1.0,1,0.22764803445677748,52
5377,1,10110,4335,5775,0,0,0,1.0,1,1.0,1,1.0,1,0.24337738017181584,51
5378,4,10114,4337,5777,0,0,0,1.0,1,1.0,1,1.0,1,0.24732797920245386,52
5379,1,10115,4338,5777,0,0,0,1.0,1,1.0,1,1.0,1,0.26007342592038424,50
5380,4,10119,4340,5779,0,0,0,1.0,1,1.0,1,1.0,1,0.2725775403397978,51
5381,1,10120,4341,5779,0,0,0,1.0,1,1.0,1,1.0,1,0.25137151833318433,50
5382,2,10122,4342,5780,0,0,0,1.0,1,1.0,1,1.0,1,0.2163133093314726,48
5383,1,10123,4342,5781,0,0,0,1.0,1,1.0,1,1.0,1,0.20202040688101897,48
5384,1,10124,4342,5782,0,0,0,1.0,1,1.0,1,1.0,1,0.18113000188265996,48
5385,0,10124,4342,5782,0,0,0,1.0,1,1.0,1,1.0,1,0.1927239578843609,47
5386,2,10126,4344,5782,0,0,0,1.0,1,1.0,1,1.0,1,0.2177938437392202,48
5387,0,10126,4344,5782,0,0,0,1.0,1,1.0,1,1.0,1,0.22092454994679153,48
5388,0,10126,4344,5782,0,0,0,1.0,1,1.0,1,1.0,1,0.22092454994679153,48
5389,0,10126,4344,5782,0,0,0,1.0,1,1.0,1,1.0,1,0.20992429224200654,50
5390,2,10128,4346,5782,0,0,0,1.0,1,1.0,1,1.0,1,0.21283543016225684,52
5391,2,10130,4347,5783,0,0,0,1.0,1,1.0,1,1.0,1,0.22155032465963653,52
5392,1,10131,4347,5784,0,0,0,1.0,1,1.0,1,1.0,1,0.2199477238118728,51
5393,2,10133,4349,5784,0,0,0,1.0,1,1.0,1,1.0,1,0.2852098883153321,50
5394,2,10135,4350,5785,0,0,0,1.0,1,1.0,1,1.0,1,0.28021607829074946,50
5395,5,10140,4353,5787,0,0,0,1.0,1,1.0,1,1.0,1,0.3254088918518099,49
5396,2,10142,4354,5788,0,0,0,1.0,1,1.0,1,1.0,1,0.32611801717830907,48
5397,2,10144,4356,5788,0,0,0,1.0,1,1.0,1,1.0,1,0.3767968386090346,48
5398,3,10147,4356,5791,0,0,0,1.0,1,1.0,1,1.0,1,0.36666832056766996,46
5399,3,10150,4358,5792,0,0,0,1.0,1,1.0,1,1.0,1,0.33819571846985214,46
5400,2,10152,4360,5792,0,0,0,1.0,1,1.0,1,1.0,1,0.35367819547239576,48
5401,6,10158,4360,5798,0,0,0,1.0,1,1.0,1,1.0,1,0.2339645047280667,49
5402,0,10158,4360,5798,0,0,0,1.0,1,1.0,1,1.0,1,0.0,0
