,SuccessfulHandoverCount,TotalSuccessfulHandoverCount,TotalSuccessfulHandoverCountRange,TotalSuccessfulHandoverCountLoadBalancing,TotalSuccessfulHandoverCountOverload,FailedHandoverCount,TotalFailedHandoverCount,AvgQoS,MinQoS,AvgQoS_LoadBased,MinQoS_LoadBased,AvgQoS_RangeBased,MinQoS_RangeBased,GiniLoad,VehicleCount
0,0,0,0,0,0,0,0,1.0,1,1.0,1,1.0,1,0.0,0
1,11,11,0,11,0,0,0,1.0,1,1.0,1,1.0,1,0.2655469490441757,26
2,1,12,0,12,0,0,0,1.0,1,1.0,1,1.0,1,0.22229420786681237,27
3,0,12,0,12,0,0,0,1.0,1,1.0,1,1.0,1,0.2250085840604681,28
4,1,13,0,13,0,0,0,1.0,1,1.0,1,1.0,1,0.2124213225454601,29
5,0,13,0,13,0,0,0,1.0,1,1.0,1,1.0,1,0.2124213225454601,29
6,0,13,0,13,0,0,0,1.0,1,1.0,1,1.0,1,0.236508067838517,32
7,0,13,0,13,0,0,0,1.0,1,1.0,1,1.0,1,0.24737745932163072,33
8,0,13,0,13,0,0,0,1.0,1,1.0,1,1.0,1,0.24998315486536626,35
9,6,19,3,16,0,0,0,1.0,1,1.0,1,1.0,1,0.2565995677650745,35
10,1,20,4,16,0,0,0,1.0,1,1.0,1,1.0,1,0.2584010531611909,35
11,0,20,4,16,0,0,0,1.0,1,1.0,1,1.0,1,0.23242302557029457,35
12,0,20,4,16,0,0,0,1.0,1,1.0,1,1.0,1,0.21964676955096116,34
13,1,21,5,16,0,0,0,1.0,1,1.0,1,1.0,1,0.27726338021972347,32
14,3,24,8,16,0,0,0,1.0,1,1.0,1,1.0,1,0.30784201691951985,31
15,1,25,8,17,0,0,0,1.0,1,1.0,1,1.0,1,0.26904389469552736,30
16,4,29,10,19,0,0,0,1.0,1,1.0,1,1.0,1,0.2918117295402585,30
17,2,31,10,21,0,0,0,1.0,1,1.0,1,1.0,1,0.28418057365501426,29
18,0,31,10,21,0,0,0,1.0,1,1.0,1,1.0,1,0.28418057365501426,29
19,1,32,11,21,0,0,0,1.0,1,1.0,1,1.0,1,0.27744335725268143,28
20,1,33,11,22,0,0,0,1.0,1,1.0,1,1.0,1,0.2843058521210369,28
21,2,35,12,23,0,0,0,1.0,1,1.0,1,1.0,1,0.24507961030546552,28
22,2,37,14,23,0,0,0,1.0,1,1.0,1,1.0,1,0.3042401489969321,28
23,3,40,17,23,0,0,0,1.0,1,1.0,1,1.0,1,0.34869269664639385,27
24,5,45,22,23,0,0,0,1.0,1,1.0,1,1.0,1,0.3285978016413808,28
25,3,48,24,24,0,0,0,1.0,1,1.0,1,1.0,1,0.26444526475343966,28
26,4,52,27,25,0,0,0,1.0,1,1.0,1,1.0,1,0.28091834961879736,30
27,2,54,28,26,0,0,0,1.0,1,1.0,1,1.0,1,0.25245284504807924,30
28,2,56,29,27,0,0,0,1.0,1,1.0,1,1.0,1,0.2107004172101211,31
29,0,56,29,27,0,0,0,1.0,1,1.0,1,1.0,1,0.20375532014612008,30
30,0,56,29,27,0,0,0,1.0,1,1.0,1,1.0,1,0.20375532014612008,30
31,0,56,29,27,0,0,0,1.0,1,1.0,1,1.0,1,0.2209039112477927,31
32,0,56,29,27,0,0,0,1.0,1,1.0,1,1.0,1,0.2321787667325028,31
33,2,58,31,27,0,0,0,1.0,1,1.0,1,1.0,1,0.2946866131280381,31
34,1,59,32,27,0,0,0,1.0,1,1.0,1,1.0,1,0.2597843728208876,29
35,0,59,32,27,0,0,0,1.0,1,1.0,1,1.0,1,0.2524814863810688,30
36,0,59,32,27,0,0,0,1.0,1,1.0,1,1.0,1,0.27616448356037476,30
37,1,60,32,28,0,0,0,1.0,1,1.0,1,1.0,1,0.2535262557111072,31
38,1,61,32,29,0,0,0,1.0,1,1.0,1,1.0,1,0.21977969202765163,32
39,2,63,32,31,0,0,0,1.0,1,1.0,1,1.0,1,0.1923075872762893,36
40,0,63,32,31,0,0,0,1.0,1,1.0,1,1.0,1,0.20650127042011002,37
41,0,63,32,31,0,0,0,1.0,1,1.0,1,1.0,1,0.20650127042011002,37
42,0,63,32,31,0,0,0,1.0,1,1.0,1,1.0,1,0.22239187317534748,38
43,6,69,35,34,0,0,0,1.0,1,1.0,1,1.0,1,0.21739849141823567,40
44,1,70,35,35,0,0,0,1.0,1,1.0,1,1.0,1,0.2201375246990736,39
45,0,70,35,35,0,0,0,1.0,1,1.0,1,1.0,1,0.2226345346159891,40
46,0,70,35,35,0,0,0,1.0,1,1.0,1,1.0,1,0.2005003964649008,39
47,0,70,35,35,0,0,0,1.0,1,1.0,1,1.0,1,0.2005003964649008,39
48,1,71,36,35,0,0,0,1.0,1,1.0,1,1.0,1,0.21523157359976394,39
49,2,73,37,36,0,0,0,1.0,1,1.0,1,1.0,1,0.2240387653627493,37
50,1,74,38,36,0,0,0,1.0,1,1.0,1,1.0,1,0.22311131205632798,35
51,0,74,38,36,0,0,0,1.0,1,1.0,1,1.0,1,0.22312884220970758,34
52,0,74,38,36,0,0,0,1.0,1,1.0,1,1.0,1,0.26590640953053823,34
53,0,74,38,36,0,0,0,1.0,1,1.0,1,1.0,1,0.27057485104324974,35
54,0,74,38,36,0,0,0,1.0,1,1.0,1,1.0,1,0.29407914784143707,36
55,3,77,39,38,0,0,0,1.0,1,1.0,1,1.0,1,0.2800835897157182,36
56,4,81,41,40,0,0,0,1.0,1,1.0,1,1.0,1,0.2592111554013455,36
57,1,82,41,41,0,0,0,1.0,1,1.0,1,1.0,1,0.2601595026378023,37
58,3,85,44,41,0,0,0,1.0,1,1.0,1,1.0,1,0.29306456988679763,38
59,1,86,45,41,0,0,0,1.0,1,1.0,1,1.0,1,0.29775916855474005,37
60,3,89,46,43,0,0,0,1.0,1,1.0,1,1.0,1,0.27814705350481783,38
61,2,91,47,44,0,0,0,1.0,1,1.0,1,1.0,1,0.27914111429764416,37
62,2,93,48,45,0,0,0,1.0,1,1.0,1,1.0,1,0.28354263837145083,39
63,2,95,49,46,0,0,0,1.0,1,1.0,1,1.0,1,0.3006132865223329,39
64,2,97,49,48,0,0,0,1.0,1,1.0,1,1.0,1,0.23546367643896188,38
65,3,100,50,50,0,0,0,1.0,1,1.0,1,1.0,1,0.23340582921912037,39
66,3,103,52,51,0,0,0,1.0,1,1.0,1,1.0,1,0.2535173367870858,39
67,0,103,52,51,0,0,0,1.0,1,1.0,1,1.0,1,0.25036993526111423,36
68,1,104,52,52,0,0,0,1.0,1,1.0,1,1.0,1,0.2672154367006094,36
69,0,104,52,52,0,0,0,1.0,1,1.0,1,1.0,1,0.27212837820183206,37
70,1,105,52,53,0,0,0,1.0,1,1.0,1,1.0,1,0.2708976210124573,36
71,0,105,52,53,0,0,0,1.0,1,1.0,1,1.0,1,0.2735616364200767,38
72,2,107,53,54,0,0,0,1.0,1,1.0,1,1.0,1,0.28010321800409166,38
73,2,109,54,55,0,0,0,1.0,1,1.0,1,1.0,1,0.2807878735957832,37
74,3,112,55,57,0,0,0,1.0,1,1.0,1,1.0,1,0.2376210234591358,38
75,1,113,56,57,0,0,0,1.0,1,1.0,1,1.0,1,0.2403087670517146,38
76,1,114,56,58,0,0,0,1.0,1,1.0,1,1.0,1,0.21572306258849466,39
77,0,114,56,58,0,0,0,1.0,1,1.0,1,1.0,1,0.22881021292950096,40
78,1,115,56,59,0,0,0,1.0,1,1.0,1,1.0,1,0.19679174025324817,41
79,0,115,56,59,0,0,0,1.0,1,1.0,1,1.0,1,0.19679174025324817,41
80,0,115,56,59,0,0,0,1.0,1,1.0,1,1.0,1,0.19679174025324817,41
81,0,115,56,59,0,0,0,1.0,1,1.0,1,1.0,1,0.19722560663765742,41
82,1,116,56,60,0,0,0,1.0,1,1.0,1,1.0,1,0.19824465948430212,44
83,0,116,56,60,0,0,0,1.0,1,1.0,1,1.0,1,0.19824465948430212,44
84,0,116,56,60,0,0,0,1.0,1,1.0,1,1.0,1,0.1904613069990735,45
85,1,117,57,60,0,0,0,1.0,1,1.0,1,1.0,1,0.21176800358111894,45
86,0,117,57,60,0,0,0,1.0,1,1.0,1,1.0,1,0.21176800358111894,45
87,0,117,57,60,0,0,0,1.0,1,1.0,1,1.0,1,0.23077746674341776,44
88,1,118,58,60,0,0,0,1.0,1,1.0,1,1.0,1,0.24337399744245172,44
89,1,119,58,61,0,0,0,1.0,1,1.0,1,1.0,1,0.23675659200645222,43
90,1,120,58,62,0,0,0,1.0,1,1.0,1,1.0,1,0.24647496651000655,44
91,2,122,60,62,0,0,0,1.0,1,1.0,1,1.0,1,0.3209711859724171,44
92,1,123,60,63,0,0,0,1.0,1,1.0,1,1.0,1,0.28359890190291637,43
93,2,125,60,65,0,0,0,1.0,1,1.0,1,1.0,1,0.28143760837347687,44
94,2,127,62,65,0,0,0,1.0,1,1.0,1,1.0,1,0.2973631681672763,44
95,1,128,62,66,0,0,0,1.0,1,1.0,1,1.0,1,0.27061785109294134,43
96,0,128,62,66,0,0,0,1.0,1,1.0,1,1.0,1,0.2784309804092649,44
97,1,129,62,67,0,0,0,1.0,1,1.0,1,1.0,1,0.26639481025423806,44
98,2,131,62,69,0,0,0,1.0,1,1.0,1,1.0,1,0.25051230691278237,43
99,0,131,62,69,0,0,0,1.0,1,1.0,1,1.0,1,0.25051230691278237,43
100,3,134,62,72,0,0,0,1.0,1,1.0,1,1.0,1,0.2393279135352935,47
101,1,135,62,73,0,0,0,1.0,1,1.0,1,1.0,1,0.2180147629725089,47
102,1,136,63,73,0,0,0,1.0,1,1.0,1,1.0,1,0.23478098833392386,47
103,4,140,65,75,0,0,0,1.0,1,1.0,1,1.0,1,0.21333627689246257,46
104,3,143,68,75,0,0,0,1.0,1,1.0,1,1.0,1,0.24390405890004693,45
105,1,144,69,75,0,0,0,1.0,1,1.0,1,1.0,1,0.26022617206444526,44
106,4,148,72,76,0,0,0,1.0,1,1.0,1,1.0,1,0.27324339604817416,45
107,3,151,73,78,0,0,0,1.0,1,1.0,1,1.0,1,0.23177738677353743,44
108,1,152,73,79,0,0,0,1.0,1,1.0,1,1.0,1,0.22527916240661283,46
109,2,154,74,80,0,0,0,1.0,1,1.0,1,1.0,1,0.19394043875010886,46
110,4,158,76,82,0,0,0,1.0,1,1.0,1,1.0,1,0.17393089777538728,46
111,2,160,77,83,0,0,0,1.0,1,1.0,1,1.0,1,0.17608989328414726,46
112,2,162,79,83,0,0,0,1.0,1,1.0,1,1.0,1,0.19666022147233453,46
113,0,162,79,83,0,0,0,1.0,1,1.0,1,1.0,1,0.18960466862073636,46
114,3,165,82,83,0,0,0,1.0,1,1.0,1,1.0,1,0.15212962077531908,46
115,1,166,83,83,0,0,0,1.0,1,1.0,1,1.0,1,0.18790269613503705,47
116,2,168,84,84,0,0,0,1.0,1,1.0,1,1.0,1,0.20916437430586257,47
117,0,168,84,84,0,0,0,1.0,1,1.0,1,1.0,1,0.19147231640202048,45
118,1,169,85,84,0,0,0,1.0,1,1.0,1,1.0,1,0.2197253038788016,46
119,0,169,85,84,0,0,0,1.0,1,1.0,1,1.0,1,0.2193830801196489,46
120,1,170,86,84,0,0,0,1.0,1,1.0,1,1.0,1,0.2073334889106327,47
121,1,171,87,84,0,0,0,1.0,1,1.0,1,1.0,1,0.20692939934689564,46
122,0,171,87,84,0,0,0,1.0,1,1.0,1,1.0,1,0.20692939934689564,46
123,0,171,87,84,0,0,0,1.0,1,1.0,1,1.0,1,0.22615714682960986,45
124,0,171,87,84,0,0,0,1.0,1,1.0,1,1.0,1,0.22549420129661518,46
125,1,172,88,84,0,0,0,1.0,1,1.0,1,1.0,1,0.2511250861040625,44
126,3,175,88,87,0,0,0,1.0,1,1.0,1,1.0,1,0.20214775334563728,45
127,5,180,88,92,0,0,0,1.0,1,1.0,1,1.0,1,0.15423797549836332,45
128,1,181,89,92,0,0,0,1.0,1,1.0,1,1.0,1,0.18234971439737582,46
129,3,184,90,94,0,0,0,1.0,1,1.0,1,1.0,1,0.18933880167730652,48
130,0,184,90,94,0,0,0,1.0,1,1.0,1,1.0,1,0.18933880167730652,48
131,1,185,91,94,0,0,0,1.0,1,1.0,1,1.0,1,0.20501404103804877,49
132,4,189,92,97,0,0,0,1.0,1,1.0,1,1.0,1,0.18189015007564696,51
133,2,191,94,97,0,0,0,1.0,1,1.0,1,1.0,1,0.19560942918433902,49
134,5,196,97,99,0,0,0,1.0,1,1.0,1,1.0,1,0.1567010866212469,49
135,1,197,97,100,0,0,0,1.0,1,1.0,1,1.0,1,0.16478008733865213,49
136,3,200,100,100,0,0,0,1.0,1,1.0,1,1.0,1,0.14978192905329585,48
137,0,200,100,100,0,0,0,1.0,1,1.0,1,1.0,1,0.1655428594666846,47
138,4,204,103,101,0,0,0,1.0,1,1.0,1,1.0,1,0.16831188170289205,48
139,3,207,104,103,0,0,0,1.0,1,1.0,1,1.0,1,0.14634233438879293,48
140,5,212,107,105,0,0,0,1.0,1,1.0,1,1.0,1,0.1718827528117778,49
141,3,215,109,106,0,0,0,1.0,1,1.0,1,1.0,1,0.18685484734713953,49
142,2,217,110,107,0,0,0,1.0,1,1.0,1,1.0,1,0.16631259803534554,49
143,3,220,112,108,0,0,0,1.0,1,1.0,1,1.0,1,0.1862948914126212,47
144,2,222,113,109,0,0,0,1.0,1,1.0,1,1.0,1,0.15616026402057379,46
145,1,223,114,109,0,0,0,1.0,1,1.0,1,1.0,1,0.176318591886392,44
146,1,224,115,109,0,0,0,1.0,1,1.0,1,1.0,1,0.20785040087523618,44
147,1,225,116,109,0,0,0,1.0,1,1.0,1,1.0,1,0.2488305975185359,43
148,1,226,116,110,0,0,0,1.0,1,1.0,1,1.0,1,0.1895434365972165,43
149,1,227,117,110,0,0,0,1.0,1,1.0,1,1.0,1,0.17143615087272868,43
150,0,227,117,110,0,0,0,1.0,1,1.0,1,1.0,1,0.16278435057125057,42
151,1,228,118,110,0,0,0,1.0,1,1.0,1,1.0,1,0.18944440085961323,42
152,0,228,118,110,0,0,0,1.0,1,1.0,1,1.0,1,0.18944440085961323,42
153,0,228,118,110,0,0,0,1.0,1,1.0,1,1.0,1,0.20043880305229778,42
154,3,231,120,111,0,0,0,1.0,1,1.0,1,1.0,1,0.2641976425439971,43
155,1,232,120,112,0,0,0,1.0,1,1.0,1,1.0,1,0.2459313724360256,43
156,1,233,121,112,0,0,0,1.0,1,1.0,1,1.0,1,0.27486405132031466,42
157,3,236,121,115,0,0,0,1.0,1,1.0,1,1.0,1,0.23017710661413754,41
158,2,238,121,117,0,0,0,1.0,1,1.0,1,1.0,1,0.18884449173515744,42
159,0,238,121,117,0,0,0,1.0,1,1.0,1,1.0,1,0.20378819001264412,43
160,4,242,125,117,0,0,0,1.0,1,1.0,1,1.0,1,0.28068496477566474,44
161,5,247,126,121,0,0,0,1.0,1,1.0,1,1.0,1,0.21672799570606247,44
162,3,250,128,122,0,0,0,1.0,1,1.0,1,1.0,1,0.2293024069128611,45
163,6,256,131,125,0,0,0,1.0,1,1.0,1,1.0,1,0.2228478302135802,43
164,1,257,131,126,0,0,0,1.0,1,1.0,1,1.0,1,0.20419921795997106,42
165,2,259,133,126,0,0,0,1.0,1,1.0,1,1.0,1,0.20171164063874952,42
166,0,259,133,126,0,0,0,1.0,1,1.0,1,1.0,1,0.20537130047925342,42
167,3,262,136,126,0,0,0,1.0,1,1.0,1,1.0,1,0.2232973481382681,41
168,1,263,136,127,0,0,0,1.0,1,1.0,1,1.0,1,0.16906304094861999,40
169,0,263,136,127,0,0,0,1.0,1,1.0,1,1.0,1,0.1359158827590497,40
170,0,263,136,127,0,0,0,1.0,1,1.0,1,1.0,1,0.13641508286077278,38
171,2,265,137,128,0,0,0,1.0,1,1.0,1,1.0,1,0.1191903110305172,37
172,1,266,138,128,0,0,0,1.0,1,1.0,1,1.0,1,0.1777850591451418,35
173,3,269,140,129,0,0,0,1.0,1,1.0,1,1.0,1,0.2731692091361386,36
174,1,270,141,129,0,0,0,1.0,1,1.0,1,1.0,1,0.22805845705866754,34
175,1,271,141,130,0,0,0,1.0,1,1.0,1,1.0,1,0.20238396970673642,33
176,0,271,141,130,0,0,0,1.0,1,1.0,1,1.0,1,0.20786603432784992,34
177,2,273,142,131,0,0,0,1.0,1,1.0,1,1.0,1,0.18747209985899538,36
178,2,275,143,132,0,0,0,1.0,1,1.0,1,1.0,1,0.17344273599815146,37
179,1,276,144,132,0,0,0,1.0,1,1.0,1,1.0,1,0.1922425105366895,37
180,0,276,144,132,0,0,0,1.0,1,1.0,1,1.0,1,0.21389621425810504,36
181,0,276,144,132,0,0,0,1.0,1,1.0,1,1.0,1,0.21389621425810504,36
182,2,278,145,133,0,0,0,1.0,1,1.0,1,1.0,1,0.22553998568736033,38
183,0,278,145,133,0,0,0,1.0,1,1.0,1,1.0,1,0.21192262451149793,37
184,2,280,147,133,0,0,0,1.0,1,1.0,1,1.0,1,0.21903381308050898,36
185,0,280,147,133,0,0,0,1.0,1,1.0,1,1.0,1,0.21467690428383865,35
186,1,281,148,133,0,0,0,1.0,1,1.0,1,1.0,1,0.2470031247254377,34
187,3,284,151,133,0,0,0,1.0,1,1.0,1,1.0,1,0.2606988219130764,33
188,2,286,152,134,0,0,0,1.0,1,1.0,1,1.0,1,0.2470928825444986,33
189,5,291,156,135,0,0,0,1.0,1,1.0,1,1.0,1,0.31220108377359784,33
190,3,294,156,138,0,0,0,1.0,1,1.0,1,1.0,1,0.2557366499852343,32
191,0,294,156,138,0,0,0,1.0,1,1.0,1,1.0,1,0.24997188122338962,34
192,1,295,156,139,0,0,0,1.0,1,1.0,1,1.0,1,0.23604871618238493,34
193,0,295,156,139,0,0,0,1.0,1,1.0,1,1.0,1,0.22485248007482947,35
194,2,297,158,139,0,0,0,1.0,1,1.0,1,1.0,1,0.30250797787396533,37
195,3,300,158,142,0,0,0,1.0,1,1.0,1,1.0,1,0.23010577466361615,36
196,0,300,158,142,0,0,0,1.0,1,1.0,1,1.0,1,0.23010577466361615,36
197,0,300,158,142,0,0,0,1.0,1,1.0,1,1.0,1,0.24472679694051735,37
198,0,300,158,142,0,0,0,1.0,1,1.0,1,1.0,1,0.24472679694051735,37
199,0,300,158,142,0,0,0,1.0,1,1.0,1,1.0,1,0.24472679694051735,37
200,6,306,161,145,0,0,0,1.0,1,1.0,1,1.0,1,0.21952698642512825,37
201,0,306,161,145,0,0,0,1.0,1,1.0,1,1.0,1,0.24465103827707269,36
202,2,308,163,145,0,0,0,1.0,1,1.0,1,1.0,1,0.23930392721194121,36
203,3,311,165,146,0,0,0,1.0,1,1.0,1,1.0,1,0.24041752518179124,35
204,1,312,165,147,0,0,0,1.0,1,1.0,1,1.0,1,0.2720575107829486,35
205,2,314,166,148,0,0,0,1.0,1,1.0,1,1.0,1,0.2390020021835869,35
206,5,319,168,151,0,0,0,1.0,1,1.0,1,1.0,1,0.3006845662021884,34
207,1,320,168,152,0,0,0,1.0,1,1.0,1,1.0,1,0.297966197578532,34
208,0,320,168,152,0,0,0,1.0,1,1.0,1,1.0,1,0.2823854709984114,33
209,0,320,168,152,0,0,0,1.0,1,1.0,1,1.0,1,0.29780967315012635,33
210,3,323,171,152,0,0,0,1.0,1,1.0,1,1.0,1,0.31846685043872924,34
211,2,325,172,153,0,0,0,1.0,1,1.0,1,1.0,1,0.34032828766837603,33
212,2,327,172,155,0,0,0,1.0,1,1.0,1,1.0,1,0.2728567361993302,33
213,1,328,172,156,0,0,0,1.0,1,1.0,1,1.0,1,0.28028611952077404,35
214,1,329,173,156,0,0,0,1.0,1,1.0,1,1.0,1,0.2592907026010369,34
215,2,331,174,157,0,0,0,1.0,1,1.0,1,1.0,1,0.22687905595110064,35
216,1,332,175,157,0,0,0,1.0,1,1.0,1,1.0,1,0.25354365743631824,36
217,1,333,176,157,0,0,0,1.0,1,1.0,1,1.0,1,0.2888707621664458,36
218,8,341,178,163,0,0,0,1.0,1,1.0,1,1.0,1,0.2189088682610485,36
219,2,343,178,165,0,0,0,1.0,1,1.0,1,1.0,1,0.14997685076481346,37
220,0,343,178,165,0,0,0,1.0,1,1.0,1,1.0,1,0.174829935308396,38
221,1,344,179,165,0,0,0,1.0,1,1.0,1,1.0,1,0.1906242422837561,37
222,1,345,180,165,0,0,0,1.0,1,1.0,1,1.0,1,0.21588594067531477,38
223,4,349,181,168,0,0,0,1.0,1,1.0,1,1.0,1,0.18842011070368458,38
224,2,351,182,169,0,0,0,1.0,1,1.0,1,1.0,1,0.2255075440800818,38
225,1,352,183,169,0,0,0,1.0,1,1.0,1,1.0,1,0.23611214618573462,36
226,3,355,184,171,0,0,0,1.0,1,1.0,1,1.0,1,0.21967584346895294,37
227,3,358,185,173,0,0,0,1.0,1,1.0,1,1.0,1,0.18906716670864343,35
228,1,359,186,173,0,0,0,1.0,1,1.0,1,1.0,1,0.18575457995776065,35
229,1,360,187,173,0,0,0,1.0,1,1.0,1,1.0,1,0.21490765323556246,35
230,3,363,189,174,0,0,0,1.0,1,1.0,1,1.0,1,0.22542997175852875,35
231,2,365,191,174,0,0,0,1.0,1,1.0,1,1.0,1,0.21079585094820288,35
232,4,369,195,174,0,0,0,1.0,1,1.0,1,1.0,1,0.22286471961209006,36
233,1,370,195,175,0,0,0,1.0,1,1.0,1,1.0,1,0.20162645776583268,36
234,1,371,196,175,0,0,0,1.0,1,1.0,1,1.0,1,0.2624935597365797,34
235,3,374,198,176,0,0,0,1.0,1,1.0,1,1.0,1,0.24244469134051586,33
236,0,374,198,176,0,0,0,1.0,1,1.0,1,1.0,1,0.23208387252199186,31
237,0,374,198,176,0,0,0,1.0,1,1.0,1,1.0,1,0.2563935831272035,32
238,1,375,199,176,0,0,0,1.0,1,1.0,1,1.0,1,0.2849268577855869,31
239,1,376,200,176,0,0,0,1.0,1,1.0,1,1.0,1,0.29525602004509527,30
240,3,379,202,177,0,0,0,1.0,1,1.0,1,1.0,1,0.3197513651004774,27
241,1,380,203,177,0,0,0,1.0,1,1.0,1,1.0,1,0.33589551023787134,27
242,2,382,203,179,0,0,0,1.0,1,1.0,1,1.0,1,0.2721409699720163,28
243,0,382,203,179,0,0,0,1.0,1,1.0,1,1.0,1,0.2721409699720163,28
244,0,382,203,179,0,0,0,1.0,1,1.0,1,1.0,1,0.26339326879551844,27
245,1,383,204,179,0,0,0,1.0,1,1.0,1,1.0,1,0.2997801921994614,27
246,3,386,205,181,0,0,0,1.0,1,1.0,1,1.0,1,0.31008322078592016,25
247,1,387,205,182,0,0,0,1.0,1,1.0,1,1.0,1,0.23138925593770462,24
248,0,387,205,182,0,0,0,1.0,1,1.0,1,1.0,1,0.2773279552087096,24
249,0,387,205,182,0,0,0,1.0,1,1.0,1,1.0,1,0.29715613712020833,25
250,1,388,205,183,0,0,0,1.0,1,1.0,1,1.0,1,0.26063154217000506,27
251,1,389,206,183,0,0,0,1.0,1,1.0,1,1.0,1,0.31116907609626987,27
252,3,392,206,186,0,0,0,1.0,1,1.0,1,1.0,1,0.20571667011108308,27
253,0,392,206,186,0,0,0,1.0,1,1.0,1,1.0,1,0.22028700861957445,29
254,1,393,207,186,0,0,0,1.0,1,1.0,1,1.0,1,0.23900163829825102,30
255,1,394,207,187,0,0,0,1.0,1,1.0,1,1.0,1,0.2388251874777378,31
256,2,396,209,187,0,0,0,1.0,1,1.0,1,1.0,1,0.19240297319647168,31
257,0,396,209,187,0,0,0,1.0,1,1.0,1,1.0,1,0.20451243386199328,33
258,2,398,210,188,0,0,0,1.0,1,1.0,1,1.0,1,0.17513977504762837,33
259,0,398,210,188,0,0,0,1.0,1,1.0,1,1.0,1,0.17513977504762837,33
260,2,400,212,188,0,0,0,1.0,1,1.0,1,1.0,1,0.2466728240913892,35
261,1,401,213,188,0,0,0,1.0,1,1.0,1,1.0,1,0.2485889142118682,35
262,2,403,215,188,0,0,0,1.0,1,1.0,1,1.0,1,0.3234428359193393,35
263,3,406,216,190,0,0,0,1.0,1,1.0,1,1.0,1,0.31582295422613965,34
264,1,407,217,190,0,0,0,1.0,1,1.0,1,1.0,1,0.3665217733865304,32
265,2,409,219,190,0,0,0,1.0,1,1.0,1,1.0,1,0.31832882908877697,30
266,2,411,221,190,0,0,0,1.0,1,1.0,1,1.0,1,0.38020209100753144,31
267,2,413,223,190,0,0,0,1.0,1,1.0,1,1.0,1,0.38220806636707444,30
268,1,414,223,191,0,0,0,1.0,1,1.0,1,1.0,1,0.3414840842099339,31
269,0,414,223,191,0,0,0,1.0,1,1.0,1,1.0,1,0.3414840842099339,31
270,5,419,225,194,0,0,0,1.0,1,1.0,1,1.0,1,0.34692405410672694,32
271,1,420,225,195,0,0,0,1.0,1,1.0,1,1.0,1,0.3449723660132537,31
272,2,422,226,196,0,0,0,1.0,1,1.0,1,1.0,1,0.42319273936777674,32
273,1,423,226,197,0,0,0,1.0,1,1.0,1,1.0,1,0.3932015150032311,32
274,2,425,227,198,0,0,0,1.0,1,1.0,1,1.0,1,0.3944500475283066,32
275,0,425,227,198,0,0,0,1.0,1,1.0,1,1.0,1,0.36466633091135653,33
276,3,428,228,200,0,0,0,1.0,1,1.0,1,1.0,1,0.3518368506984829,34
277,3,431,230,201,0,0,0,1.0,1,1.0,1,1.0,1,0.33591987647626514,32
278,1,432,231,201,0,0,0,1.0,1,1.0,1,1.0,1,0.35427144455945236,31
279,2,434,231,203,0,0,0,1.0,1,1.0,1,1.0,1,0.27530340291685196,31
280,1,435,231,204,0,0,0,1.0,1,1.0,1,1.0,1,0.2846030393382776,30
281,2,437,231,206,0,0,0,1.0,1,1.0,1,1.0,1,0.20698453609926795,31
282,1,438,232,206,0,0,0,1.0,1,1.0,1,1.0,1,0.2679708358689846,30
283,3,441,233,208,0,0,0,1.0,1,1.0,1,1.0,1,0.16869229583717854,31
284,1,442,234,208,0,0,0,1.0,1,1.0,1,1.0,1,0.18785751026916356,31
285,0,442,234,208,0,0,0,1.0,1,1.0,1,1.0,1,0.18785751026916356,31
286,0,442,234,208,0,0,0,1.0,1,1.0,1,1.0,1,0.18785751026916356,31
287,2,444,235,209,0,0,0,1.0,1,1.0,1,1.0,1,0.2417358224195491,33
288,0,444,235,209,0,0,0,1.0,1,1.0,1,1.0,1,0.2847761402519974,32
289,2,446,236,210,0,0,0,1.0,1,1.0,1,1.0,1,0.3481986598967297,32
290,0,446,236,210,0,0,0,1.0,1,1.0,1,1.0,1,0.33523435587179334,31
291,0,446,236,210,0,0,0,1.0,1,1.0,1,1.0,1,0.3358590422202516,30
292,1,447,237,210,0,0,0,1.0,1,1.0,1,1.0,1,0.3030363568793869,32
293,0,447,237,210,0,0,0,1.0,1,1.0,1,1.0,1,0.3030363568793869,32
294,0,447,237,210,0,0,0,1.0,1,1.0,1,1.0,1,0.3030363568793869,32
295,2,449,238,211,0,0,0,1.0,1,1.0,1,1.0,1,0.28230429219514913,34
296,0,449,238,211,0,0,0,1.0,1,1.0,1,1.0,1,0.28230429219514913,34
297,2,451,239,212,0,0,0,1.0,1,1.0,1,1.0,1,0.29543752219173314,34
298,2,453,240,213,0,0,0,1.0,1,1.0,1,1.0,1,0.29713254783385407,35
299,2,455,240,215,0,0,0,1.0,1,1.0,1,1.0,1,0.28169173362496996,35
300,1,456,241,215,0,0,0,1.0,1,1.0,1,1.0,1,0.2956132546174037,35
301,1,457,242,215,0,0,0,1.0,1,1.0,1,1.0,1,0.3277061891828829,38
302,4,461,243,218,0,0,0,1.0,1,1.0,1,1.0,1,0.3122748235230451,38
303,4,465,244,221,0,0,0,1.0,1,1.0,1,1.0,1,0.26979214391755135,37
304,1,466,245,221,0,0,0,1.0,1,1.0,1,1.0,1,0.2973354580427725,37
305,4,470,246,224,0,0,0,1.0,1,1.0,1,1.0,1,0.3165575322857481,36
306,2,472,247,225,0,0,0,1.0,1,1.0,1,1.0,1,0.32245875186382167,36
307,0,472,247,225,0,0,0,1.0,1,1.0,1,1.0,1,0.31464042635724654,35
308,1,473,247,226,0,0,0,1.0,1,1.0,1,1.0,1,0.29218801114339576,37
309,1,474,247,227,0,0,0,1.0,1,1.0,1,1.0,1,0.2610086768056038,37
310,1,475,247,228,0,0,0,1.0,1,1.0,1,1.0,1,0.24013323491836014,37
311,0,475,247,228,0,0,0,1.0,1,1.0,1,1.0,1,0.233515345520017,39
312,1,476,248,228,0,0,0,1.0,1,1.0,1,1.0,1,0.25909141196531627,40
313,0,476,248,228,0,0,0,1.0,1,1.0,1,1.0,1,0.2462636214971252,39
314,0,476,248,228,0,0,0,1.0,1,1.0,1,1.0,1,0.25752030446534363,40
315,0,476,248,228,0,0,0,1.0,1,1.0,1,1.0,1,0.2462942694586708,39
316,0,476,248,228,0,0,0,1.0,1,1.0,1,1.0,1,0.2462942694586708,39
317,0,476,248,228,0,0,0,1.0,1,1.0,1,1.0,1,0.26879686411357745,40
318,2,478,249,229,0,0,0,1.0,1,1.0,1,1.0,1,0.254418056137659,41
319,3,481,249,232,0,0,0,1.0,1,1.0,1,1.0,1,0.2692717562624918,41
320,4,485,250,235,0,0,0,1.0,1,1.0,1,1.0,1,0.17939505331427893,41
321,0,485,250,235,0,0,0,1.0,1,1.0,1,1.0,1,0.17939505331427893,41
322,2,487,251,236,0,0,0,1.0,1,1.0,1,1.0,1,0.15629620073836567,41
323,1,488,251,237,0,0,0,1.0,1,1.0,1,1.0,1,0.12034373978394886,41
324,2,490,253,237,0,0,0,1.0,1,1.0,1,1.0,1,0.1818350585261503,42
325,2,492,254,238,0,0,0,1.0,1,1.0,1,1.0,1,0.18367249942803077,42
326,1,493,255,238,0,0,0,1.0,1,1.0,1,1.0,1,0.23492450579105442,42
327,2,495,255,240,0,0,0,1.0,1,1.0,1,1.0,1,0.2081003618172209,42
328,0,495,255,240,0,0,0,1.0,1,1.0,1,1.0,1,0.21276713481828727,43
329,1,496,255,241,0,0,0,1.0,1,1.0,1,1.0,1,0.19581015824421358,43
330,0,496,255,241,0,0,0,1.0,1,1.0,1,1.0,1,0.184295901744797,45
331,0,496,255,241,0,0,0,1.0,1,1.0,1,1.0,1,0.184295901744797,45
332,0,496,255,241,0,0,0,1.0,1,1.0,1,1.0,1,0.18625615879666427,45
333,1,497,256,241,0,0,0,1.0,1,1.0,1,1.0,1,0.20793438044359433,46
334,3,500,257,243,0,0,0,1.0,1,1.0,1,1.0,1,0.13984001538028926,48
335,2,502,258,244,0,0,0,1.0,1,1.0,1,1.0,1,0.1341291436023292,48
336,1,503,258,245,0,0,0,1.0,1,1.0,1,1.0,1,0.11056945945252082,48
337,0,503,258,245,0,0,0,1.0,1,1.0,1,1.0,1,0.12457281451825808,49
338,1,504,259,245,0,0,0,1.0,1,1.0,1,1.0,1,0.13185190781516506,50
339,0,504,259,245,0,0,0,1.0,1,1.0,1,1.0,1,0.13185190781516506,50
340,0,504,259,245,0,0,0,1.0,1,1.0,1,1.0,1,0.13185190781516506,50
341,1,505,259,246,0,0,0,1.0,1,1.0,1,1.0,1,0.12627475756017173,51
342,1,506,260,246,0,0,0,1.0,1,1.0,1,1.0,1,0.16150830835904995,51
343,0,506,260,246,0,0,0,1.0,1,1.0,1,1.0,1,0.16062731919125267,51
344,0,506,260,246,0,0,0,1.0,1,1.0,1,1.0,1,0.1552743493772418,50
345,1,507,261,246,0,0,0,1.0,1,1.0,1,1.0,1,0.16083448584027382,51
346,3,510,263,247,0,0,0,1.0,1,1.0,1,1.0,1,0.18249908890143177,51
347,4,514,266,248,0,0,0,1.0,1,1.0,1,1.0,1,0.13982917057462546,51
348,4,518,268,250,0,0,0,1.0,1,1.0,1,1.0,1,0.18390403526374346,53
349,1,519,268,251,0,0,0,1.0,1,1.0,1,1.0,1,0.1587672625590607,55
350,1,520,269,251,0,0,0,1.0,1,1.0,1,1.0,1,0.1767058642389815,54
351,3,523,270,253,0,0,0,1.0,1,1.0,1,1.0,1,0.1911019438719177,54
352,4,527,272,255,0,0,0,1.0,1,1.0,1,1.0,1,0.18461678575764875,53
353,2,529,273,256,0,0,0,1.0,1,1.0,1,1.0,1,0.20081013428716124,53
354,0,529,273,256,0,0,0,1.0,1,1.0,1,1.0,1,0.19141930051738182,50
355,0,529,273,256,0,0,0,1.0,1,1.0,1,1.0,1,0.20523217169272603,51
356,2,531,275,256,0,0,0,1.0,1,1.0,1,1.0,1,0.24795058859991992,51
357,3,534,275,259,0,0,0,1.0,1,1.0,1,1.0,1,0.22888838073557025,50
358,2,536,277,259,0,0,0,1.0,1,1.0,1,1.0,1,0.25725648821802727,48
359,5,541,279,262,0,0,0,1.0,1,1.0,1,1.0,1,0.2584806799140582,47
360,1,542,279,263,0,0,0,1.0,1,1.0,1,1.0,1,0.26140437125101945,45
361,1,543,280,263,0,0,0,1.0,1,1.0,1,1.0,1,0.278658356897959,44
362,2,545,280,265,0,0,0,1.0,1,1.0,1,1.0,1,0.2561871744210171,44
363,1,546,281,265,0,0,0,1.0,1,1.0,1,1.0,1,0.2469247115550627,44
364,0,546,281,265,0,0,0,1.0,1,1.0,1,1.0,1,0.24982127719392738,43
365,1,547,282,265,0,0,0,1.0,1,1.0,1,1.0,1,0.2625085379033178,43
366,2,549,283,266,0,0,0,1.0,1,1.0,1,1.0,1,0.2913502380894857,45
367,1,550,283,267,0,0,0,1.0,1,1.0,1,1.0,1,0.2913296643361685,44
368,1,551,283,268,0,0,0,1.0,1,1.0,1,1.0,1,0.248962371305132,46
369,2,553,284,269,0,0,0,1.0,1,1.0,1,1.0,1,0.27531223887507184,45
370,0,553,284,269,0,0,0,1.0,1,1.0,1,1.0,1,0.2761634308703757,46
371,1,554,284,270,0,0,0,1.0,1,1.0,1,1.0,1,0.2980500846132896,47
372,0,554,284,270,0,0,0,1.0,1,1.0,1,1.0,1,0.3014561738844217,48
373,3,557,285,272,0,0,0,1.0,1,1.0,1,1.0,1,0.2689956426013819,48
374,0,557,285,272,0,0,0,1.0,1,1.0,1,1.0,1,0.2843070828620281,49
375,0,557,285,272,0,0,0,1.0,1,1.0,1,1.0,1,0.2843070828620281,49
376,2,559,287,272,0,0,0,1.0,1,1.0,1,1.0,1,0.2793120417861381,49
377,4,563,289,274,0,0,0,1.0,1,1.0,1,1.0,1,0.25000842967604575,49
378,4,567,290,277,0,0,0,1.0,1,1.0,1,1.0,1,0.21372856073443136,49
379,0,567,290,277,0,0,0,1.0,1,1.0,1,1.0,1,0.22051873133512137,50
380,3,570,291,279,0,0,0,1.0,1,1.0,1,1.0,1,0.18812939262835404,50
381,3,573,293,280,0,0,0,1.0,1,1.0,1,1.0,1,0.20838272134841365,51
382,1,574,293,281,0,0,0,1.0,1,1.0,1,1.0,1,0.21918770709466517,50
383,2,576,295,281,0,0,0,1.0,1,1.0,1,1.0,1,0.23335939869990233,51
384,4,580,297,283,0,0,0,1.0,1,1.0,1,1.0,1,0.19686733810826298,50
385,0,580,297,283,0,0,0,1.0,1,1.0,1,1.0,1,0.20388082716323327,50
386,3,583,298,285,0,0,0,1.0,1,1.0,1,1.0,1,0.19571682419713546,48
387,1,584,298,286,0,0,0,1.0,1,1.0,1,1.0,1,0.17444468820089587,47
388,1,585,299,286,0,0,0,1.0,1,1.0,1,1.0,1,0.19809951654310534,48
389,0,585,299,286,0,0,0,1.0,1,1.0,1,1.0,1,0.19766723643696002,47
390,4,589,301,288,0,0,0,1.0,1,1.0,1,1.0,1,0.2273900486229852,49
391,2,591,302,289,0,0,0,1.0,1,1.0,1,1.0,1,0.20317819398324688,46
392,1,592,303,289,0,0,0,1.0,1,1.0,1,1.0,1,0.25645804481609275,46
393,2,594,304,290,0,0,0,1.0,1,1.0,1,1.0,1,0.2892874458965181,44
394,5,599,305,294,0,0,0,1.0,1,1.0,1,1.0,1,0.2534727279355878,43
395,0,599,305,294,0,0,0,1.0,1,1.0,1,1.0,1,0.26630793666727925,42
396,2,601,307,294,0,0,0,1.0,1,1.0,1,1.0,1,0.34840592592270947,39
397,7,608,309,299,0,0,0,1.0,1,1.0,1,1.0,1,0.343708237710591,39
398,1,609,309,300,0,0,0,1.0,1,1.0,1,1.0,1,0.33446697175623913,36
399,1,610,309,301,0,0,0,1.0,1,1.0,1,1.0,1,0.3083123685116249,36
400,2,612,311,301,0,0,0,1.0,1,1.0,1,1.0,1,0.31801552106994974,34
401,3,615,312,303,0,0,0,1.0,1,1.0,1,1.0,1,0.24334824199700297,33
402,1,616,312,304,0,0,0,1.0,1,1.0,1,1.0,1,0.20801350973687133,34
403,0,616,312,304,0,0,0,1.0,1,1.0,1,1.0,1,0.21947905787046376,36
404,2,618,314,304,0,0,0,1.0,1,1.0,1,1.0,1,0.24024464576162607,36
405,0,618,314,304,0,0,0,1.0,1,1.0,1,1.0,1,0.2464694588120178,37
406,0,618,314,304,0,0,0,1.0,1,1.0,1,1.0,1,0.2464694588120178,37
407,0,618,314,304,0,0,0,1.0,1,1.0,1,1.0,1,0.24423745090019475,39
408,2,620,316,304,0,0,0,1.0,1,1.0,1,1.0,1,0.25263814301461923,40
409,1,621,316,305,0,0,0,1.0,1,1.0,1,1.0,1,0.2560487960184011,41
410,1,622,317,305,0,0,0,1.0,1,1.0,1,1.0,1,0.25770341653173257,42
411,1,623,317,306,0,0,0,1.0,1,1.0,1,1.0,1,0.25145176241459233,43
412,3,626,319,307,0,0,0,1.0,1,1.0,1,1.0,1,0.2660192016177941,44
413,0,626,319,307,0,0,0,1.0,1,1.0,1,1.0,1,0.2660192016177941,44
414,0,626,319,307,0,0,0,1.0,1,1.0,1,1.0,1,0.26288412176565845,45
415,0,626,319,307,0,0,0,1.0,1,1.0,1,1.0,1,0.26288412176565845,45
416,1,627,319,308,0,0,0,1.0,1,1.0,1,1.0,1,0.24211469986792958,46
417,2,629,321,308,0,0,0,1.0,1,1.0,1,1.0,1,0.25946569507620965,46
418,1,630,321,309,0,0,0,1.0,1,1.0,1,1.0,1,0.2359223687439782,47
419,0,630,321,309,0,0,0,1.0,1,1.0,1,1.0,1,0.2359223687439782,47
420,0,630,321,309,0,0,0,1.0,1,1.0,1,1.0,1,0.2359223687439782,47
421,0,630,321,309,0,0,0,1.0,1,1.0,1,1.0,1,0.2359223687439782,47
422,2,632,322,310,0,0,0,1.0,1,1.0,1,1.0,1,0.23134151014375384,49
423,3,635,324,311,0,0,0,1.0,1,1.0,1,1.0,1,0.24682676255350472,47
424,3,638,325,313,0,0,0,1.0,1,1.0,1,1.0,1,0.22564559836473808,45
425,1,639,326,313,0,0,0,1.0,1,1.0,1,1.0,1,0.25195552959993045,46
426,1,640,327,313,0,0,0,1.0,1,1.0,1,1.0,1,0.29085919655539605,46
427,1,641,328,313,0,0,0,1.0,1,1.0,1,1.0,1,0.3021611551379437,45
428,3,644,329,315,0,0,0,1.0,1,1.0,1,1.0,1,0.3095881392167691,45
429,4,648,331,317,0,0,0,1.0,1,1.0,1,1.0,1,0.2928240107636684,42
430,3,651,332,319,0,0,0,1.0,1,1.0,1,1.0,1,0.2744279661781502,40
431,4,655,333,322,0,0,0,1.0,1,1.0,1,1.0,1,0.1977809162275879,39
432,2,657,334,323,0,0,0,1.0,1,1.0,1,1.0,1,0.16448107005067963,37
433,1,658,335,323,0,0,0,1.0,1,1.0,1,1.0,1,0.17426655371570887,35
434,1,659,335,324,0,0,0,1.0,1,1.0,1,1.0,1,0.20465732191175984,33
435,0,659,335,324,0,0,0,1.0,1,1.0,1,1.0,1,0.20465732191175984,33
436,0,659,335,324,0,0,0,1.0,1,1.0,1,1.0,1,0.20465732191175984,33
437,2,661,337,324,0,0,0,1.0,1,1.0,1,1.0,1,0.21586841528635378,33
438,0,661,337,324,0,0,0,1.0,1,1.0,1,1.0,1,0.23919399148727535,32
439,2,663,338,325,0,0,0,1.0,1,1.0,1,1.0,1,0.18397603426145848,34
440,1,664,339,325,0,0,0,1.0,1,1.0,1,1.0,1,0.19658639631680114,34
441,3,667,340,327,0,0,0,1.0,1,1.0,1,1.0,1,0.2102223273323619,35
442,2,669,342,327,0,0,0,1.0,1,1.0,1,1.0,1,0.25276970531080317,37
443,5,674,346,328,0,0,0,1.0,1,1.0,1,1.0,1,0.2249622778054764,37
444,1,675,346,329,0,0,0,1.0,1,1.0,1,1.0,1,0.21699148433224405,38
445,1,676,347,329,0,0,0,1.0,1,1.0,1,1.0,1,0.2252392651719303,39
446,0,676,347,329,0,0,0,1.0,1,1.0,1,1.0,1,0.2252392651719303,39
447,1,677,348,329,0,0,0,1.0,1,1.0,1,1.0,1,0.2547434624169799,41
448,0,677,348,329,0,0,0,1.0,1,1.0,1,1.0,1,0.2547434624169799,41
449,0,677,348,329,0,0,0,1.0,1,1.0,1,1.0,1,0.2759786766141528,40
450,0,677,348,329,0,0,0,1.0,1,1.0,1,1.0,1,0.29907731031252566,40
451,1,678,348,330,0,0,0,1.0,1,1.0,1,1.0,1,0.27888670100877017,41
452,0,678,348,330,0,0,0,1.0,1,1.0,1,1.0,1,0.27888670100877017,41
453,1,679,349,330,0,0,0,1.0,1,1.0,1,1.0,1,0.27791010930979515,40
454,1,680,349,331,0,0,0,1.0,1,1.0,1,1.0,1,0.27234110807529344,41
455,4,684,352,332,0,0,0,1.0,1,1.0,1,1.0,1,0.2589608464636352,41
456,4,688,352,336,0,0,0,1.0,1,1.0,1,1.0,1,0.2198736952543851,43
457,3,691,353,338,0,0,0,1.0,1,1.0,1,1.0,1,0.20728340754033167,43
458,2,693,353,340,0,0,0,1.0,1,1.0,1,1.0,1,0.16404821630783695,43
459,0,693,353,340,0,0,0,1.0,1,1.0,1,1.0,1,0.154904042470335,44
460,0,693,353,340,0,0,0,1.0,1,1.0,1,1.0,1,0.18107987079589546,47
461,1,694,354,340,0,0,0,1.0,1,1.0,1,1.0,1,0.1868907464730935,48
462,3,697,356,341,0,0,0,1.0,1,1.0,1,1.0,1,0.22997835820982432,49
463,3,700,357,343,0,0,0,1.0,1,1.0,1,1.0,1,0.1769569441589809,47
464,1,701,357,344,0,0,0,1.0,1,1.0,1,1.0,1,0.17507506921336294,48
465,1,702,358,344,0,0,0,1.0,1,1.0,1,1.0,1,0.14719912371835678,47
466,0,702,358,344,0,0,0,1.0,1,1.0,1,1.0,1,0.15296077025050325,46
467,5,707,362,345,0,0,0,1.0,1,1.0,1,1.0,1,0.1463502368284969,44
468,3,710,365,345,0,0,0,1.0,1,1.0,1,1.0,1,0.15500973395798093,41
469,2,712,366,346,0,0,0,1.0,1,1.0,1,1.0,1,0.11608122161927759,40
470,2,714,368,346,0,0,0,1.0,1,1.0,1,1.0,1,0.13711053705584528,39
471,4,718,372,346,0,0,0,1.0,1,1.0,1,1.0,1,0.1691117656229863,38
472,6,724,378,346,0,0,0,1.0,1,1.0,1,1.0,1,0.2834827398722753,36
473,4,728,380,348,0,0,0,1.0,1,1.0,1,1.0,1,0.2970129250692868,36
474,3,731,381,350,0,0,0,1.0,1,1.0,1,1.0,1,0.22962938968568297,34
475,2,733,382,351,0,0,0,1.0,1,1.0,1,1.0,1,0.23555297172611425,34
476,0,733,382,351,0,0,0,1.0,1,1.0,1,1.0,1,0.21080367565090305,32
477,1,734,383,351,0,0,0,1.0,1,1.0,1,1.0,1,0.25946395383175747,32
478,0,734,383,351,0,0,0,1.0,1,1.0,1,1.0,1,0.23343500403443074,30
479,1,735,384,351,0,0,0,1.0,1,1.0,1,1.0,1,0.2713242759967637,31
480,0,735,384,351,0,0,0,1.0,1,1.0,1,1.0,1,0.33137172161788153,27
481,2,737,385,352,0,0,0,1.0,1,1.0,1,1.0,1,0.29546545301350846,28
482,1,738,386,352,0,0,0,1.0,1,1.0,1,1.0,1,0.25312867612263773,28
483,1,739,386,353,0,0,0,1.0,1,1.0,1,1.0,1,0.22339065713180398,29
484,1,740,387,353,0,0,0,1.0,1,1.0,1,1.0,1,0.23262327395819135,29
485,0,740,387,353,0,0,0,1.0,1,1.0,1,1.0,1,0.23262327395819135,29
486,3,743,389,354,0,0,0,1.0,1,1.0,1,1.0,1,0.2443919525644925,31
487,2,745,389,356,0,0,0,1.0,1,1.0,1,1.0,1,0.24604565970397171,33
488,2,747,389,358,0,0,0,1.0,1,1.0,1,1.0,1,0.22495939334485657,34
489,2,749,391,358,0,0,0,1.0,1,1.0,1,1.0,1,0.29763866928671295,34
490,2,751,391,360,0,0,0,1.0,1,1.0,1,1.0,1,0.2511117900370061,34
491,1,752,392,360,0,0,0,1.0,1,1.0,1,1.0,1,0.2899225980211816,34
492,3,755,392,363,0,0,0,1.0,1,1.0,1,1.0,1,0.19317055505899755,34
493,0,755,392,363,0,0,0,1.0,1,1.0,1,1.0,1,0.19317055505899755,34
494,1,756,393,363,0,0,0,1.0,1,1.0,1,1.0,1,0.2165404865904224,36
495,0,756,393,363,0,0,0,1.0,1,1.0,1,1.0,1,0.2165404865904224,36
496,0,756,393,363,0,0,0,1.0,1,1.0,1,1.0,1,0.19545833237616578,37
497,1,757,394,363,0,0,0,1.0,1,1.0,1,1.0,1,0.20951551123003737,39
498,3,760,396,364,0,0,0,1.0,1,1.0,1,1.0,1,0.1758946200068863,40
499,1,761,396,365,0,0,0,1.0,1,1.0,1,1.0,1,0.16239574467332937,40
500,2,763,398,365,0,0,0,1.0,1,1.0,1,1.0,1,0.21990733740510476,42
501,2,765,398,367,0,0,0,1.0,1,1.0,1,1.0,1,0.17342796325731627,42
502,1,766,399,367,0,0,0,1.0,1,1.0,1,1.0,1,0.23005964663339767,42
503,3,769,400,369,0,0,0,1.0,1,1.0,1,1.0,1,0.19762598723994793,41
504,4,773,403,370,0,0,0,1.0,1,1.0,1,1.0,1,0.280177943592489,42
505,4,777,405,372,0,0,0,1.0,1,1.0,1,1.0,1,0.23096716685665047,38
506,0,777,405,372,0,0,0,1.0,1,1.0,1,1.0,1,0.24136698403247556,37
507,0,777,405,372,0,0,0,1.0,1,1.0,1,1.0,1,0.2428969658004062,35
508,2,779,407,372,0,0,0,1.0,1,1.0,1,1.0,1,0.3535953223517271,35
509,1,780,407,373,0,0,0,1.0,1,1.0,1,1.0,1,0.3054949453531727,34
510,0,780,407,373,0,0,0,1.0,1,1.0,1,1.0,1,0.30495457364193373,34
511,1,781,408,373,0,0,0,1.0,1,1.0,1,1.0,1,0.3549066540079715,32
512,2,783,410,373,0,0,0,1.0,1,1.0,1,1.0,1,0.3705225604362165,30
513,2,785,410,375,0,0,0,1.0,1,1.0,1,1.0,1,0.32803540002423975,31
514,0,785,410,375,0,0,0,1.0,1,1.0,1,1.0,1,0.32803540002423975,31
515,3,788,412,376,0,0,0,1.0,1,1.0,1,1.0,1,0.3998570926143639,32
516,3,791,412,379,0,0,0,1.0,1,1.0,1,1.0,1,0.3116501329894941,31
517,4,795,415,380,0,0,0,1.0,1,1.0,1,1.0,1,0.28287650532217395,32
518,0,795,415,380,0,0,0,1.0,1,1.0,1,1.0,1,0.268586712347426,31
519,1,796,416,380,0,0,0,1.0,1,1.0,1,1.0,1,0.2989575413249692,31
520,2,798,418,380,0,0,0,1.0,1,1.0,1,1.0,1,0.2987790665103686,33
521,2,800,419,381,0,0,0,1.0,1,1.0,1,1.0,1,0.26739937280533216,34
522,1,801,420,381,0,0,0,1.0,1,1.0,1,1.0,1,0.25812021245889344,34
523,0,801,420,381,0,0,0,1.0,1,1.0,1,1.0,1,0.27683830413874555,33
524,2,803,421,382,0,0,0,1.0,1,1.0,1,1.0,1,0.2961782976329874,34
525,1,804,421,383,0,0,0,1.0,1,1.0,1,1.0,1,0.3101843739945564,32
526,0,804,421,383,0,0,0,1.0,1,1.0,1,1.0,1,0.3101843739945564,32
527,0,804,421,383,0,0,0,1.0,1,1.0,1,1.0,1,0.35135935695057163,31
528,1,805,422,383,0,0,0,1.0,1,1.0,1,1.0,1,0.37518721939486743,31
529,2,807,422,385,0,0,0,1.0,1,1.0,1,1.0,1,0.31421994648012275,30
530,2,809,423,386,0,0,0,1.0,1,1.0,1,1.0,1,0.3410528028392185,30
531,1,810,423,387,0,0,0,1.0,1,1.0,1,1.0,1,0.3390526742884235,32
532,1,811,424,387,0,0,0,1.0,1,1.0,1,1.0,1,0.31827497676262584,32
533,1,812,425,387,0,0,0,1.0,1,1.0,1,1.0,1,0.326909994229065,34
534,1,813,426,387,0,0,0,1.0,1,1.0,1,1.0,1,0.33853218473026214,34
535,3,816,427,389,0,0,0,1.0,1,1.0,1,1.0,1,0.3467744210951919,37
536,1,817,427,390,0,0,0,1.0,1,1.0,1,1.0,1,0.3218116055857586,37
537,2,819,429,390,0,0,0,1.0,1,1.0,1,1.0,1,0.38085627065182714,37
538,4,823,430,393,0,0,0,1.0,1,1.0,1,1.0,1,0.34388225979149417,38
539,1,824,430,394,0,0,0,1.0,1,1.0,1,1.0,1,0.32192765516220345,38
540,4,828,431,397,0,0,0,1.0,1,1.0,1,1.0,1,0.2774352703318027,38
541,0,828,431,397,0,0,0,1.0,1,1.0,1,1.0,1,0.2633581853036021,39
542,1,829,432,397,0,0,0,1.0,1,1.0,1,1.0,1,0.2663185376567345,40
543,1,830,433,397,0,0,0,1.0,1,1.0,1,1.0,1,0.2699920114910797,37
544,1,831,434,397,0,0,0,1.0,1,1.0,1,1.0,1,0.297272626209777,35
545,0,831,434,397,0,0,0,1.0,1,1.0,1,1.0,1,0.24562102428738852,35
546,5,836,437,399,0,0,0,1.0,1,1.0,1,1.0,1,0.24899350048136026,35
547,1,837,437,400,0,0,0,1.0,1,1.0,1,1.0,1,0.17520767300389423,34
548,2,839,439,400,0,0,0,1.0,1,1.0,1,1.0,1,0.24976851441840486,34
549,4,843,441,402,0,0,0,1.0,1,1.0,1,1.0,1,0.2804506679583886,31
550,0,843,441,402,0,0,0,1.0,1,1.0,1,1.0,1,0.26342626565916366,30
551,1,844,442,402,0,0,0,1.0,1,1.0,1,1.0,1,0.2994923357018519,31
552,0,844,442,402,0,0,0,1.0,1,1.0,1,1.0,1,0.25885617001197997,29
553,0,844,442,402,0,0,0,1.0,1,1.0,1,1.0,1,0.2597288475291794,30
554,0,844,442,402,0,0,0,1.0,1,1.0,1,1.0,1,0.25429618768185,30
555,2,846,442,404,0,0,0,1.0,1,1.0,1,1.0,1,0.2449747192262814,30
556,0,846,442,404,0,0,0,1.0,1,1.0,1,1.0,1,0.26245751115753957,31
557,0,846,442,404,0,0,0,1.0,1,1.0,1,1.0,1,0.2917839018680892,31
558,0,846,442,404,0,0,0,1.0,1,1.0,1,1.0,1,0.2917839018680892,31
559,0,846,442,404,0,0,0,1.0,1,1.0,1,1.0,1,0.2917839018680892,31
560,1,847,442,405,0,0,0,1.0,1,1.0,1,1.0,1,0.26271163791721996,32
561,0,847,442,405,0,0,0,1.0,1,1.0,1,1.0,1,0.27501771584433377,33
562,1,848,443,405,0,0,0,1.0,1,1.0,1,1.0,1,0.27313055858674823,33
563,3,851,445,406,0,0,0,1.0,1,1.0,1,1.0,1,0.25416331367103184,33
564,3,854,446,408,0,0,0,1.0,1,1.0,1,1.0,1,0.29381777884134547,34
565,4,858,447,411,0,0,0,1.0,1,1.0,1,1.0,1,0.21343296602788958,35
566,0,858,447,411,0,0,0,1.0,1,1.0,1,1.0,1,0.2258251601791146,36
567,3,861,448,413,0,0,0,1.0,1,1.0,1,1.0,1,0.23588109391382112,37
568,2,863,448,415,0,0,0,1.0,1,1.0,1,1.0,1,0.18740679003876126,36
569,1,864,449,415,0,0,0,1.0,1,1.0,1,1.0,1,0.1732874982925151,37
570,0,864,449,415,0,0,0,1.0,1,1.0,1,1.0,1,0.18007718524447278,38
571,1,865,450,415,0,0,0,1.0,1,1.0,1,1.0,1,0.1908476369228413,38
572,0,865,450,415,0,0,0,1.0,1,1.0,1,1.0,1,0.19591863778719415,39
573,1,866,451,415,0,0,0,1.0,1,1.0,1,1.0,1,0.2136394115937055,39
574,0,866,451,415,0,0,0,1.0,1,1.0,1,1.0,1,0.22099753643924427,41
575,0,866,451,415,0,0,0,1.0,1,1.0,1,1.0,1,0.22099753643924427,41
576,2,868,451,417,0,0,0,1.0,1,1.0,1,1.0,1,0.17216242707346438,42
577,0,868,451,417,0,0,0,1.0,1,1.0,1,1.0,1,0.17216242707346438,42
578,2,870,453,417,0,0,0,1.0,1,1.0,1,1.0,1,0.2186658056134559,41
579,0,870,453,417,0,0,0,1.0,1,1.0,1,1.0,1,0.21441802168546134,42
580,4,874,455,419,0,0,0,1.0,1,1.0,1,1.0,1,0.24680821499987843,43
581,5,879,458,421,0,0,0,1.0,1,1.0,1,1.0,1,0.23638839803698736,42
582,1,880,458,422,0,0,0,1.0,1,1.0,1,1.0,1,0.21437483032845508,41
583,2,882,460,422,0,0,0,1.0,1,1.0,1,1.0,1,0.2130394969100705,40
584,4,886,462,424,0,0,0,1.0,1,1.0,1,1.0,1,0.2342275374800846,38
585,7,893,466,427,0,0,0,1.0,1,1.0,1,1.0,1,0.2025996083089574,38
586,2,895,468,427,0,0,0,1.0,1,1.0,1,1.0,1,0.1819371491288733,37
587,4,899,470,429,0,0,0,1.0,1,1.0,1,1.0,1,0.21263652899695315,35
588,2,901,472,429,0,0,0,1.0,1,1.0,1,1.0,1,0.20037739212350447,35
589,1,902,472,430,0,0,0,1.0,1,1.0,1,1.0,1,0.14842187754244224,34
590,1,903,473,430,0,0,0,1.0,1,1.0,1,1.0,1,0.1878954080984587,36
591,0,903,473,430,0,0,0,1.0,1,1.0,1,1.0,1,0.18715787677924117,35
592,0,903,473,430,0,0,0,1.0,1,1.0,1,1.0,1,0.20756842858609023,37
593,1,904,474,430,0,0,0,1.0,1,1.0,1,1.0,1,0.18249907747641403,36
594,1,905,475,430,0,0,0,1.0,1,1.0,1,1.0,1,0.1902885879264217,35
595,1,906,476,430,0,0,0,1.0,1,1.0,1,1.0,1,0.2076538523099636,34
596,1,907,477,430,0,0,0,1.0,1,1.0,1,1.0,1,0.24493729233204656,34
597,2,909,479,430,0,0,0,1.0,1,1.0,1,1.0,1,0.25905936338154034,33
598,1,910,479,431,0,0,0,1.0,1,1.0,1,1.0,1,0.2671128783505936,33
599,3,913,481,432,0,0,0,1.0,1,1.0,1,1.0,1,0.2246765422858276,33
600,3,916,483,433,0,0,0,1.0,1,1.0,1,1.0,1,0.25114814033079297,33
601,2,918,484,434,0,0,0,1.0,1,1.0,1,1.0,1,0.25771456277023297,34
602,3,921,485,436,0,0,0,1.0,1,1.0,1,1.0,1,0.2581290090110391,35
603,0,921,485,436,0,0,0,1.0,1,1.0,1,1.0,1,0.25967085002997503,35
604,0,921,485,436,0,0,0,1.0,1,1.0,1,1.0,1,0.25152014378282955,35
605,1,922,485,437,0,0,0,1.0,1,1.0,1,1.0,1,0.28416400686282556,35
606,1,923,485,438,0,0,0,1.0,1,1.0,1,1.0,1,0.286211331692754,35
607,2,925,486,439,0,0,0,1.0,1,1.0,1,1.0,1,0.30356022454346665,35
608,1,926,486,440,0,0,0,1.0,1,1.0,1,1.0,1,0.29355894120403825,36
609,0,926,486,440,0,0,0,1.0,1,1.0,1,1.0,1,0.3062392504185843,37
610,0,926,486,440,0,0,0,1.0,1,1.0,1,1.0,1,0.3062392504185843,37
611,2,928,488,440,0,0,0,1.0,1,1.0,1,1.0,1,0.2873430338425888,39
612,2,930,489,441,0,0,0,1.0,1,1.0,1,1.0,1,0.2731725213660778,39
613,2,932,490,442,0,0,0,1.0,1,1.0,1,1.0,1,0.27227488107586817,39
614,4,936,491,445,0,0,0,1.0,1,1.0,1,1.0,1,0.2727121324451087,39
615,2,938,493,445,0,0,0,1.0,1,1.0,1,1.0,1,0.2806757796716488,39
616,3,941,494,447,0,0,0,1.0,1,1.0,1,1.0,1,0.26505265346961615,38
617,1,942,495,447,0,0,0,1.0,1,1.0,1,1.0,1,0.27045994758119213,39
618,2,944,496,448,0,0,0,1.0,1,1.0,1,1.0,1,0.29864638761346224,40
619,3,947,497,450,0,0,0,1.0,1,1.0,1,1.0,1,0.24611786688204257,39
620,2,949,499,450,0,0,0,1.0,1,1.0,1,1.0,1,0.21402935798323108,38
621,4,953,500,453,0,0,0,1.0,1,1.0,1,1.0,1,0.18530496565211071,38
622,0,953,500,453,0,0,0,1.0,1,1.0,1,1.0,1,0.1660913793709207,38
623,2,955,502,453,0,0,0,1.0,1,1.0,1,1.0,1,0.22007275536831236,37
624,3,958,503,455,0,0,0,1.0,1,1.0,1,1.0,1,0.15271262585697948,33
625,1,959,504,455,0,0,0,1.0,1,1.0,1,1.0,1,0.16856834349068736,32
626,3,962,507,455,0,0,0,1.0,1,1.0,1,1.0,1,0.11993761305555026,31
627,3,965,509,456,0,0,0,1.0,1,1.0,1,1.0,1,0.07857843052060266,30
628,5,970,514,456,0,0,0,1.0,1,1.0,1,1.0,1,0.25799246946615084,32
629,2,972,515,457,0,0,0,1.0,1,1.0,1,1.0,1,0.28762712613914915,29
630,3,975,516,459,0,0,0,1.0,1,1.0,1,1.0,1,0.23261862466355648,29
631,1,976,517,459,0,0,0,1.0,1,1.0,1,1.0,1,0.27231055212409744,25
632,0,976,517,459,0,0,0,1.0,1,1.0,1,1.0,1,0.2697248724715227,24
633,0,976,517,459,0,0,0,1.0,1,1.0,1,1.0,1,0.2654699486981757,23
634,0,976,517,459,0,0,0,1.0,1,1.0,1,1.0,1,0.2654699486981757,23
635,1,977,517,460,0,0,0,1.0,1,1.0,1,1.0,1,0.2273607580073559,22
636,0,977,517,460,0,0,0,1.0,1,1.0,1,1.0,1,0.2630558302647804,22
637,1,978,518,460,0,0,0,1.0,1,1.0,1,1.0,1,0.2885607372525406,23
638,4,982,519,463,0,0,0,1.0,1,1.0,1,1.0,1,0.22578363404342353,23
639,0,982,519,463,0,0,0,1.0,1,1.0,1,1.0,1,0.24945868772384105,24
640,2,984,520,464,0,0,0,1.0,1,1.0,1,1.0,1,0.27496534658972893,24
641,0,984,520,464,0,0,0,1.0,1,1.0,1,1.0,1,0.27222791357439524,25
642,0,984,520,464,0,0,0,1.0,1,1.0,1,1.0,1,0.22470077575165284,26
643,0,984,520,464,0,0,0,1.0,1,1.0,1,1.0,1,0.1906146326214244,28
644,2,986,522,464,0,0,0,1.0,1,1.0,1,1.0,1,0.16008787981091832,28
645,2,988,524,464,0,0,0,1.0,1,1.0,1,1.0,1,0.22424362490075267,28
646,0,988,524,464,0,0,0,1.0,1,1.0,1,1.0,1,0.21129387294921478,29
647,1,989,525,464,0,0,0,1.0,1,1.0,1,1.0,1,0.2361534567433788,30
648,0,989,525,464,0,0,0,1.0,1,1.0,1,1.0,1,0.2361534567433788,30
649,1,990,526,464,0,0,0,1.0,1,1.0,1,1.0,1,0.2745164458593546,31
650,2,992,528,464,0,0,0,1.0,1,1.0,1,1.0,1,0.23335022240337863,31
651,1,993,529,464,0,0,0,1.0,1,1.0,1,1.0,1,0.23107475915265852,32
652,0,993,529,464,0,0,0,1.0,1,1.0,1,1.0,1,0.23107475915265852,32
653,0,993,529,464,0,0,0,1.0,1,1.0,1,1.0,1,0.22302800147999993,33
654,0,993,529,464,0,0,0,1.0,1,1.0,1,1.0,1,0.22302800147999993,33
655,5,998,531,467,0,0,0,1.0,1,1.0,1,1.0,1,0.23701595979941376,36
656,3,1001,533,468,0,0,0,1.0,1,1.0,1,1.0,1,0.276738015530631,36
657,1,1002,534,468,0,0,0,1.0,1,1.0,1,1.0,1,0.3023524679187625,35
658,2,1004,536,468,0,0,0,1.0,1,1.0,1,1.0,1,0.35811917950169614,33
659,3,1007,537,470,0,0,0,1.0,1,1.0,1,1.0,1,0.3126224892906572,35
660,1,1008,538,470,0,0,0,1.0,1,1.0,1,1.0,1,0.31526779881458633,34
661,0,1008,538,470,0,0,0,1.0,1,1.0,1,1.0,1,0.32409188661382216,33
662,3,1011,540,471,0,0,0,1.0,1,1.0,1,1.0,1,0.3616897602631539,31
663,1,1012,541,471,0,0,0,1.0,1,1.0,1,1.0,1,0.3855684863836733,29
664,2,1014,541,473,0,0,0,1.0,1,1.0,1,1.0,1,0.3543800599602491,27
665,2,1016,542,474,0,0,0,1.0,1,1.0,1,1.0,1,0.3060114083289153,27
666,5,1021,544,477,0,0,0,1.0,1,1.0,1,1.0,1,0.2525703703665436,28
667,1,1022,545,477,0,0,0,1.0,1,1.0,1,1.0,1,0.28222260152036804,26
668,4,1026,546,480,0,0,0,1.0,1,1.0,1,1.0,1,0.2062997378602053,26
669,1,1027,547,480,0,0,0,1.0,1,1.0,1,1.0,1,0.18329189719150304,25
670,0,1027,547,480,0,0,0,1.0,1,1.0,1,1.0,1,0.1914271178420921,24
671,1,1028,547,481,0,0,0,1.0,1,1.0,1,1.0,1,0.1337258344916269,24
672,1,1029,548,481,0,0,0,1.0,1,1.0,1,1.0,1,0.21123196058478225,25
673,1,1030,549,481,0,0,0,1.0,1,1.0,1,1.0,1,0.17068482999995144,25
674,1,1031,550,481,0,0,0,1.0,1,1.0,1,1.0,1,0.1586668678787406,25
675,1,1032,551,481,0,0,0,1.0,1,1.0,1,1.0,1,0.2673892862369984,26
676,3,1035,554,481,0,0,0,1.0,1,1.0,1,1.0,1,0.14612106302532668,27
677,1,1036,555,481,0,0,0,1.0,1,1.0,1,1.0,1,0.17511196024274978,28
678,1,1037,556,481,0,0,0,1.0,1,1.0,1,1.0,1,0.1768183469981257,28
679,2,1039,557,482,0,0,0,1.0,1,1.0,1,1.0,1,0.2122211274911381,30
680,0,1039,557,482,0,0,0,1.0,1,1.0,1,1.0,1,0.23813390666977852,29
681,0,1039,557,482,0,0,0,1.0,1,1.0,1,1.0,1,0.23813390666977852,29
682,0,1039,557,482,0,0,0,1.0,1,1.0,1,1.0,1,0.24527501873887247,30
683,2,1041,558,483,0,0,0,1.0,1,1.0,1,1.0,1,0.24729578479663472,30
684,1,1042,558,484,0,0,0,1.0,1,1.0,1,1.0,1,0.21256001370638808,31
685,0,1042,558,484,0,0,0,1.0,1,1.0,1,1.0,1,0.2489356897703397,30
686,2,1044,559,485,0,0,0,1.0,1,1.0,1,1.0,1,0.25942298314960416,30
687,1,1045,560,485,0,0,0,1.0,1,1.0,1,1.0,1,0.3012831566486263,30
688,2,1047,560,487,0,0,0,1.0,1,1.0,1,1.0,1,0.2397373005092283,31
689,0,1047,560,487,0,0,0,1.0,1,1.0,1,1.0,1,0.23369916410019667,32
690,0,1047,560,487,0,0,0,1.0,1,1.0,1,1.0,1,0.23369916410019667,32
691,0,1047,560,487,0,0,0,1.0,1,1.0,1,1.0,1,0.23369916410019667,32
692,2,1049,562,487,0,0,0,1.0,1,1.0,1,1.0,1,0.22913184800495634,32
693,1,1050,563,487,0,0,0,1.0,1,1.0,1,1.0,1,0.24094190989420627,34
694,3,1053,565,488,0,0,0,1.0,1,1.0,1,1.0,1,0.33543631327032686,36
695,2,1055,566,489,0,0,0,1.0,1,1.0,1,1.0,1,0.28951677368525536,34
696,5,1060,568,492,0,0,0,1.0,1,1.0,1,1.0,1,0.2788567556450068,33
697,0,1060,568,492,0,0,0,1.0,1,1.0,1,1.0,1,0.28048833762474656,33
698,5,1065,570,495,0,0,0,1.0,1,1.0,1,1.0,1,0.24164125364164646,34
699,1,1066,571,495,0,0,0,1.0,1,1.0,1,1.0,1,0.2768537220168217,33
700,2,1068,572,496,0,0,0,1.0,1,1.0,1,1.0,1,0.23940234755696518,32
701,2,1070,572,498,0,0,0,1.0,1,1.0,1,1.0,1,0.21496737328655832,33
702,2,1072,574,498,0,0,0,1.0,1,1.0,1,1.0,1,0.26562934702633595,34
703,1,1073,575,498,0,0,0,1.0,1,1.0,1,1.0,1,0.23461780530597862,32
704,1,1074,576,498,0,0,0,1.0,1,1.0,1,1.0,1,0.2159093575587136,31
705,2,1076,578,498,0,0,0,1.0,1,1.0,1,1.0,1,0.20865742256847958,33
706,4,1080,581,499,0,0,0,1.0,1,1.0,1,1.0,1,0.2890147783967056,33
707,1,1081,582,499,0,0,0,1.0,1,1.0,1,1.0,1,0.2598460872203339,31
708,2,1083,584,499,0,0,0,1.0,1,1.0,1,1.0,1,0.3437699449378958,31
709,2,1085,585,500,0,0,0,1.0,1,1.0,1,1.0,1,0.33850430582139385,30
710,2,1087,585,502,0,0,0,1.0,1,1.0,1,1.0,1,0.2806655027462759,30
711,0,1087,585,502,0,0,0,1.0,1,1.0,1,1.0,1,0.2835489475513156,30
712,0,1087,585,502,0,0,0,1.0,1,1.0,1,1.0,1,0.28289313530840376,30
713,0,1087,585,502,0,0,0,1.0,1,1.0,1,1.0,1,0.3036044439073238,31
714,3,1090,586,504,0,0,0,1.0,1,1.0,1,1.0,1,0.31241110314845794,31
715,0,1090,586,504,0,0,0,1.0,1,1.0,1,1.0,1,0.3367900892216707,30
716,1,1091,587,504,0,0,0,1.0,1,1.0,1,1.0,1,0.35890837217271493,31
717,0,1091,587,504,0,0,0,1.0,1,1.0,1,1.0,1,0.37110897022179967,32
718,1,1092,587,505,0,0,0,1.0,1,1.0,1,1.0,1,0.33974573496248883,32
719,2,1094,588,506,0,0,0,1.0,1,1.0,1,1.0,1,0.32091562330310625,32
720,0,1094,588,506,0,0,0,1.0,1,1.0,1,1.0,1,0.31461465399336314,34
721,0,1094,588,506,0,0,0,1.0,1,1.0,1,1.0,1,0.31461465399336314,34
722,0,1094,588,506,0,0,0,1.0,1,1.0,1,1.0,1,0.31461465399336314,34
723,2,1096,588,508,0,0,0,1.0,1,1.0,1,1.0,1,0.282723283493783,35
724,3,1099,590,509,0,0,0,1.0,1,1.0,1,1.0,1,0.327460176709343,36
725,3,1102,590,512,0,0,0,1.0,1,1.0,1,1.0,1,0.24448821740760152,37
726,1,1103,590,513,0,0,0,1.0,1,1.0,1,1.0,1,0.20213632018811079,37
727,1,1104,590,514,0,0,0,1.0,1,1.0,1,1.0,1,0.21280512130007703,38
728,0,1104,590,514,0,0,0,1.0,1,1.0,1,1.0,1,0.21298741805179472,39
729,0,1104,590,514,0,0,0,1.0,1,1.0,1,1.0,1,0.21298741805179472,39
730,0,1104,590,514,0,0,0,1.0,1,1.0,1,1.0,1,0.22126405517172634,40
731,0,1104,590,514,0,0,0,1.0,1,1.0,1,1.0,1,0.22126405517172634,40
732,1,1105,590,515,0,0,0,1.0,1,1.0,1,1.0,1,0.2346820338619774,41
733,1,1106,591,515,0,0,0,1.0,1,1.0,1,1.0,1,0.22379860386309242,41
734,1,1107,592,515,0,0,0,1.0,1,1.0,1,1.0,1,0.2529754982614475,42
735,0,1107,592,515,0,0,0,1.0,1,1.0,1,1.0,1,0.25510235802848447,42
736,0,1107,592,515,0,0,0,1.0,1,1.0,1,1.0,1,0.32536918678732873,41
737,1,1108,593,515,0,0,0,1.0,1,1.0,1,1.0,1,0.3850003776042244,41
738,3,1111,593,518,0,0,0,1.0,1,1.0,1,1.0,1,0.33849056357251367,39
739,1,1112,593,519,0,0,0,1.0,1,1.0,1,1.0,1,0.3293652195137291,39
740,0,1112,593,519,0,0,0,1.0,1,1.0,1,1.0,1,0.3455168716465886,39
741,1,1113,593,520,0,0,0,1.0,1,1.0,1,1.0,1,0.29971839622871743,38
742,0,1113,593,520,0,0,0,1.0,1,1.0,1,1.0,1,0.31909393217055704,39
743,4,1117,595,522,0,0,0,1.0,1,1.0,1,1.0,1,0.27159554035584,39
744,3,1120,598,522,0,0,0,1.0,1,1.0,1,1.0,1,0.2865277684009266,39
745,4,1124,600,524,0,0,0,1.0,1,1.0,1,1.0,1,0.22168483363067668,39
746,3,1127,601,526,0,0,0,1.0,1,1.0,1,1.0,1,0.22754550740853466,40
747,1,1128,602,526,0,0,0,1.0,1,1.0,1,1.0,1,0.22431958286449158,41
748,2,1130,604,526,0,0,0,1.0,1,1.0,1,1.0,1,0.2171769942652962,41
749,1,1131,605,526,0,0,0,1.0,1,1.0,1,1.0,1,0.22205385315593093,41
750,2,1133,606,527,0,0,0,1.0,1,1.0,1,1.0,1,0.2349766883695648,39
751,0,1133,606,527,0,0,0,1.0,1,1.0,1,1.0,1,0.2482425884172971,41
752,5,1138,608,530,0,0,0,1.0,1,1.0,1,1.0,1,0.2143855169823581,41
753,1,1139,608,531,0,0,0,1.0,1,1.0,1,1.0,1,0.18631156497452295,41
754,2,1141,610,531,0,0,0,1.0,1,1.0,1,1.0,1,0.23767526394989547,41
755,4,1145,611,534,0,0,0,1.0,1,1.0,1,1.0,1,0.20878787753519984,41
756,1,1146,611,535,0,0,0,1.0,1,1.0,1,1.0,1,0.17878816993216487,41
757,3,1149,613,536,0,0,0,1.0,1,1.0,1,1.0,1,0.2153684093031449,39
758,2,1151,613,538,0,0,0,1.0,1,1.0,1,1.0,1,0.13337531470154904,39
759,0,1151,613,538,0,0,0,1.0,1,1.0,1,1.0,1,0.13466430610362534,39
760,0,1151,613,538,0,0,0,1.0,1,1.0,1,1.0,1,0.15037238530478964,40
761,0,1151,613,538,0,0,0,1.0,1,1.0,1,1.0,1,0.14837366470333407,41
762,1,1152,613,539,0,0,0,1.0,1,1.0,1,1.0,1,0.1355445356218185,42
763,0,1152,613,539,0,0,0,1.0,1,1.0,1,1.0,1,0.15185268058839463,43
764,1,1153,613,540,0,0,0,1.0,1,1.0,1,1.0,1,0.13773072760405972,43
765,0,1153,613,540,0,0,0,1.0,1,1.0,1,1.0,1,0.12884804061651425,45
766,1,1154,614,540,0,0,0,1.0,1,1.0,1,1.0,1,0.13772889562774485,45
767,0,1154,614,540,0,0,0,1.0,1,1.0,1,1.0,1,0.14813460063445671,46
768,0,1154,614,540,0,0,0,1.0,1,1.0,1,1.0,1,0.13698274304894734,45
769,1,1155,615,540,0,0,0,1.0,1,1.0,1,1.0,1,0.17410679549282196,46
770,1,1156,615,541,0,0,0,1.0,1,1.0,1,1.0,1,0.1559644731389597,47
771,5,1161,619,542,0,0,0,1.0,1,1.0,1,1.0,1,0.22741717247911525,47
772,0,1161,619,542,0,0,0,1.0,1,1.0,1,1.0,1,0.21624184398064286,46
773,3,1164,621,543,0,0,0,1.0,1,1.0,1,1.0,1,0.19652947483692143,45
774,1,1165,621,544,0,0,0,1.0,1,1.0,1,1.0,1,0.154960191577698,45
775,2,1167,623,544,0,0,0,1.0,1,1.0,1,1.0,1,0.16945481119381872,45
776,0,1167,623,544,0,0,0,1.0,1,1.0,1,1.0,1,0.14827379721348496,43
777,0,1167,623,544,0,0,0,1.0,1,1.0,1,1.0,1,0.16318893745555996,44
778,0,1167,623,544,0,0,0,1.0,1,1.0,1,1.0,1,0.16884687826249214,45
779,0,1167,623,544,0,0,0,1.0,1,1.0,1,1.0,1,0.16884687826249214,45
780,2,1169,625,544,0,0,0,1.0,1,1.0,1,1.0,1,0.21201757307939176,45
781,0,1169,625,544,0,0,0,1.0,1,1.0,1,1.0,1,0.20095965839194202,46
782,2,1171,627,544,0,0,0,1.0,1,1.0,1,1.0,1,0.3271500820189945,47
783,1,1172,628,544,0,0,0,1.0,1,1.0,1,1.0,1,0.29272663955219774,46
784,0,1172,628,544,0,0,0,1.0,1,1.0,1,1.0,1,0.2976515290127285,45
785,0,1172,628,544,0,0,0,1.0,1,1.0,1,1.0,1,0.27474329250000423,43
786,2,1174,629,545,0,0,0,1.0,1,1.0,1,1.0,1,0.23645745282772496,43
787,2,1176,631,545,0,0,0,1.0,1,1.0,1,1.0,1,0.2569515384111092,43
788,4,1180,632,548,0,0,0,1.0,1,1.0,1,1.0,1,0.2254924375804436,44
789,0,1180,632,548,0,0,0,1.0,1,1.0,1,1.0,1,0.20758915295767316,46
790,1,1181,633,548,0,0,0,1.0,1,1.0,1,1.0,1,0.22067306200199954,46
791,0,1181,633,548,0,0,0,1.0,1,1.0,1,1.0,1,0.2433322478977164,46
792,0,1181,633,548,0,0,0,1.0,1,1.0,1,1.0,1,0.23290284698816802,47
793,2,1183,633,550,0,0,0,1.0,1,1.0,1,1.0,1,0.2397080996092384,48
794,1,1184,633,551,0,0,0,1.0,1,1.0,1,1.0,1,0.2274803164564015,48
795,1,1185,634,551,0,0,0,1.0,1,1.0,1,1.0,1,0.2376000319837762,47
796,4,1189,636,553,0,0,0,1.0,1,1.0,1,1.0,1,0.26837156668239454,45
797,2,1191,637,554,0,0,0,1.0,1,1.0,1,1.0,1,0.2835624349954846,47
798,4,1195,639,556,0,0,0,1.0,1,1.0,1,1.0,1,0.24984208244410286,48
799,1,1196,640,556,0,0,0,1.0,1,1.0,1,1.0,1,0.2538268671136136,48
800,3,1199,642,557,0,0,0,1.0,1,1.0,1,1.0,1,0.25214278797786777,48
801,3,1202,643,559,0,0,0,1.0,1,1.0,1,1.0,1,0.2280236800919129,49
802,4,1206,645,561,0,0,0,1.0,1,1.0,1,1.0,1,0.2373573073918737,50
803,1,1207,645,562,0,0,0,1.0,1,1.0,1,1.0,1,0.22607451486183514,50
804,0,1207,645,562,0,0,0,1.0,1,1.0,1,1.0,1,0.22607451486183514,50
805,1,1208,646,562,0,0,0,1.0,1,1.0,1,1.0,1,0.24999514521679816,50
806,0,1208,646,562,0,0,0,1.0,1,1.0,1,1.0,1,0.24123003095905815,51
807,0,1208,646,562,0,0,0,1.0,1,1.0,1,1.0,1,0.24123003095905815,51
808,1,1209,646,563,0,0,0,1.0,1,1.0,1,1.0,1,0.2254085726985023,53
809,0,1209,646,563,0,0,0,1.0,1,1.0,1,1.0,1,0.21900008809472754,51
810,0,1209,646,563,0,0,0,1.0,1,1.0,1,1.0,1,0.23098724874247234,52
811,2,1211,647,564,0,0,0,1.0,1,1.0,1,1.0,1,0.25135461713305624,50
812,0,1211,647,564,0,0,0,1.0,1,1.0,1,1.0,1,0.25888352464664866,51
813,1,1212,648,564,0,0,0,1.0,1,1.0,1,1.0,1,0.27745406594745553,51
814,1,1213,649,564,0,0,0,1.0,1,1.0,1,1.0,1,0.28168505486238454,52
815,3,1216,650,566,0,0,0,1.0,1,1.0,1,1.0,1,0.28725075120788196,50
816,1,1217,650,567,0,0,0,1.0,1,1.0,1,1.0,1,0.2788397546199401,50
817,0,1217,650,567,0,0,0,1.0,1,1.0,1,1.0,1,0.29619987535706316,49
818,1,1218,650,568,0,0,0,1.0,1,1.0,1,1.0,1,0.2874630149481533,49
819,2,1220,650,570,0,0,0,1.0,1,1.0,1,1.0,1,0.274610522778359,50
820,2,1222,651,571,0,0,0,1.0,1,1.0,1,1.0,1,0.3024995821569827,49
821,0,1222,651,571,0,0,0,1.0,1,1.0,1,1.0,1,0.30058705370507977,49
822,1,1223,652,571,0,0,0,1.0,1,1.0,1,1.0,1,0.30631173881616636,49
823,3,1226,654,572,0,0,0,1.0,1,1.0,1,1.0,1,0.3323801696248015,47
824,4,1230,656,574,0,0,0,1.0,1,1.0,1,1.0,1,0.32902563288853004,45
825,6,1236,656,580,0,0,0,1.0,1,1.0,1,1.0,1,0.2421412748380115,43
826,2,1238,658,580,0,0,0,1.0,1,1.0,1,1.0,1,0.22781789863410698,44
827,3,1241,660,581,0,0,0,1.0,1,1.0,1,1.0,1,0.218784728062122,43
828,2,1243,662,581,0,0,0,1.0,1,1.0,1,1.0,1,0.24348935403113442,43
829,2,1245,663,582,0,0,0,1.0,1,1.0,1,1.0,1,0.24431174626439886,45
830,2,1247,663,584,0,0,0,1.0,1,1.0,1,1.0,1,0.2470043624586604,46
831,3,1250,665,585,0,0,0,1.0,1,1.0,1,1.0,1,0.237719500191708,48
832,2,1252,666,586,0,0,0,1.0,1,1.0,1,1.0,1,0.22178660621294485,47
833,1,1253,667,586,0,0,0,1.0,1,1.0,1,1.0,1,0.2339299241888716,47
834,1,1254,667,587,0,0,0,1.0,1,1.0,1,1.0,1,0.22517763604914495,46
835,0,1254,667,587,0,0,0,1.0,1,1.0,1,1.0,1,0.22265739494015246,45
836,0,1254,667,587,0,0,0,1.0,1,1.0,1,1.0,1,0.23461951591698377,46
837,1,1255,667,588,0,0,0,1.0,1,1.0,1,1.0,1,0.20459628327247253,46
838,0,1255,667,588,0,0,0,1.0,1,1.0,1,1.0,1,0.20421276027312943,45
839,5,1260,668,592,0,0,0,1.0,1,1.0,1,1.0,1,0.1596478691927618,46
840,0,1260,668,592,0,0,0,1.0,1,1.0,1,1.0,1,0.1698535390694294,46
841,0,1260,668,592,0,0,0,1.0,1,1.0,1,1.0,1,0.1698535390694294,46
842,0,1260,668,592,0,0,0,1.0,1,1.0,1,1.0,1,0.1698535390694294,46
843,1,1261,668,593,0,0,0,1.0,1,1.0,1,1.0,1,0.16570645405165882,46
844,2,1263,670,593,0,0,0,1.0,1,1.0,1,1.0,1,0.1897401976716993,47
845,4,1267,672,595,0,0,0,1.0,1,1.0,1,1.0,1,0.2444430082659263,48
846,2,1269,672,597,0,0,0,1.0,1,1.0,1,1.0,1,0.2010645181824057,47
847,0,1269,672,597,0,0,0,1.0,1,1.0,1,1.0,1,0.23310596442040576,48
848,2,1271,672,599,0,0,0,1.0,1,1.0,1,1.0,1,0.20782855269689524,48
849,1,1272,673,599,0,0,0,1.0,1,1.0,1,1.0,1,0.25328173633635737,48
850,1,1273,673,600,0,0,0,1.0,1,1.0,1,1.0,1,0.23641084806891877,46
851,1,1274,673,601,0,0,0,1.0,1,1.0,1,1.0,1,0.20806357223800948,45
852,2,1276,675,601,0,0,0,1.0,1,1.0,1,1.0,1,0.2139147837912967,44
853,3,1279,676,603,0,0,0,1.0,1,1.0,1,1.0,1,0.17983816393884566,44
854,3,1282,678,604,0,0,0,1.0,1,1.0,1,1.0,1,0.1944493072682635,45
855,0,1282,678,604,0,0,0,1.0,1,1.0,1,1.0,1,0.18721643624199308,46
856,1,1283,679,604,0,0,0,1.0,1,1.0,1,1.0,1,0.1896083833379727,46
857,1,1284,679,605,0,0,0,1.0,1,1.0,1,1.0,1,0.17783748413317427,47
858,2,1286,681,605,0,0,0,1.0,1,1.0,1,1.0,1,0.19974030724483266,48
859,1,1287,681,606,0,0,0,1.0,1,1.0,1,1.0,1,0.18445749417152651,48
860,0,1287,681,606,0,0,0,1.0,1,1.0,1,1.0,1,0.18986493600276289,49
861,1,1288,682,606,0,0,0,1.0,1,1.0,1,1.0,1,0.21829113384516863,49
862,2,1290,684,606,0,0,0,1.0,1,1.0,1,1.0,1,0.22856999732949304,49
863,1,1291,684,607,0,0,0,1.0,1,1.0,1,1.0,1,0.2063781422840056,48
864,3,1294,686,608,0,0,0,1.0,1,1.0,1,1.0,1,0.23137479089540205,49
865,1,1295,686,609,0,0,0,1.0,1,1.0,1,1.0,1,0.1887472918518996,48
866,0,1295,686,609,0,0,0,1.0,1,1.0,1,1.0,1,0.18050895965997593,50
867,1,1296,687,609,0,0,0,1.0,1,1.0,1,1.0,1,0.21113274533572135,50
868,2,1298,688,610,0,0,0,1.0,1,1.0,1,1.0,1,0.23057324568949067,51
869,3,1301,689,612,0,0,0,1.0,1,1.0,1,1.0,1,0.17613420662028972,49
870,1,1302,689,613,0,0,0,1.0,1,1.0,1,1.0,1,0.1681474322297898,49
871,2,1304,690,614,0,0,0,1.0,1,1.0,1,1.0,1,0.1605449343388997,49
872,1,1305,691,614,0,0,0,1.0,1,1.0,1,1.0,1,0.15361439197131987,48
873,5,1310,694,616,0,0,0,1.0,1,1.0,1,1.0,1,0.2170848605437011,49
874,4,1314,694,620,0,0,0,1.0,1,1.0,1,1.0,1,0.12742532834882533,49
875,2,1316,696,620,0,0,0,1.0,1,1.0,1,1.0,1,0.18355846465081285,50
876,0,1316,696,620,0,0,0,1.0,1,1.0,1,1.0,1,0.17154753774102519,50
877,3,1319,697,622,0,0,0,1.0,1,1.0,1,1.0,1,0.1741390459570852,50
878,3,1322,698,624,0,0,0,1.0,1,1.0,1,1.0,1,0.14058009269574054,49
879,2,1324,699,625,0,0,0,1.0,1,1.0,1,1.0,1,0.14747045661092126,49
880,2,1326,700,626,0,0,0,1.0,1,1.0,1,1.0,1,0.18298816432811188,48
881,3,1329,702,627,0,0,0,1.0,1,1.0,1,1.0,1,0.18477329595447867,49
882,0,1329,702,627,0,0,0,1.0,1,1.0,1,1.0,1,0.1717808690470094,48
883,0,1329,702,627,0,0,0,1.0,1,1.0,1,1.0,1,0.162752945096841,50
884,1,1330,703,627,0,0,0,1.0,1,1.0,1,1.0,1,0.19850795117381878,50
885,2,1332,705,627,0,0,0,1.0,1,1.0,1,1.0,1,0.1817508500276439,49
886,1,1333,705,628,0,0,0,1.0,1,1.0,1,1.0,1,0.19133859682555973,49
887,0,1333,705,628,0,0,0,1.0,1,1.0,1,1.0,1,0.19049982878725638,49
888,1,1334,705,629,0,0,0,1.0,1,1.0,1,1.0,1,0.19600790147994465,47
889,0,1334,705,629,0,0,0,1.0,1,1.0,1,1.0,1,0.19969775958808061,46
890,0,1334,705,629,0,0,0,1.0,1,1.0,1,1.0,1,0.19934115520266257,44
891,1,1335,706,629,0,0,0,1.0,1,1.0,1,1.0,1,0.24693947508503142,45
892,4,1339,707,632,0,0,0,1.0,1,1.0,1,1.0,1,0.1835501330678842,45
893,1,1340,708,632,0,0,0,1.0,1,1.0,1,1.0,1,0.22987845822660385,45
894,0,1340,708,632,0,0,0,1.0,1,1.0,1,1.0,1,0.2112243406308116,44
895,0,1340,708,632,0,0,0,1.0,1,1.0,1,1.0,1,0.22491436663762684,45
896,2,1342,709,633,0,0,0,1.0,1,1.0,1,1.0,1,0.21861236528216182,44
897,1,1343,709,634,0,0,0,1.0,1,1.0,1,1.0,1,0.19355182681426913,44
898,1,1344,710,634,0,0,0,1.0,1,1.0,1,1.0,1,0.2147281558287724,45
899,2,1346,710,636,0,0,0,1.0,1,1.0,1,1.0,1,0.2054270693856697,44
900,3,1349,711,638,0,0,0,1.0,1,1.0,1,1.0,1,0.20936849211783137,46
901,0,1349,711,638,0,0,0,1.0,1,1.0,1,1.0,1,0.22602615025981085,45
902,2,1351,713,638,0,0,0,1.0,1,1.0,1,1.0,1,0.23252957677760736,45
903,1,1352,713,639,0,0,0,1.0,1,1.0,1,1.0,1,0.24444484403007985,44
904,1,1353,714,639,0,0,0,1.0,1,1.0,1,1.0,1,0.26709625180811153,45
905,2,1355,714,641,0,0,0,1.0,1,1.0,1,1.0,1,0.26625683633715475,45
906,0,1355,714,641,0,0,0,1.0,1,1.0,1,1.0,1,0.26625683633715475,45
907,7,1362,717,645,0,0,0,1.0,1,1.0,1,1.0,1,0.19851801663034768,46
908,3,1365,717,648,0,0,0,1.0,1,1.0,1,1.0,1,0.1519976514355786,46
909,5,1370,721,649,0,0,0,1.0,1,1.0,1,1.0,1,0.1751323279966589,46
910,1,1371,721,650,0,0,0,1.0,1,1.0,1,1.0,1,0.17547738695921672,44
911,0,1371,721,650,0,0,0,1.0,1,1.0,1,1.0,1,0.185832511234461,45
912,1,1372,721,651,0,0,0,1.0,1,1.0,1,1.0,1,0.18223436548480773,44
913,0,1372,721,651,0,0,0,1.0,1,1.0,1,1.0,1,0.19738484986717386,45
914,2,1374,723,651,0,0,0,1.0,1,1.0,1,1.0,1,0.226051247454269,45
915,1,1375,723,652,0,0,0,1.0,1,1.0,1,1.0,1,0.18793616637080976,45
916,0,1375,723,652,0,0,0,1.0,1,1.0,1,1.0,1,0.18793616637080976,45
917,2,1377,724,653,0,0,0,1.0,1,1.0,1,1.0,1,0.20371091433943905,46
918,0,1377,724,653,0,0,0,1.0,1,1.0,1,1.0,1,0.21294076141700466,47
919,1,1378,724,654,0,0,0,1.0,1,1.0,1,1.0,1,0.19412412291197045,47
920,0,1378,724,654,0,0,0,1.0,1,1.0,1,1.0,1,0.19412412291197045,47
921,3,1381,726,655,0,0,0,1.0,1,1.0,1,1.0,1,0.20866761006717977,49
922,4,1385,728,657,0,0,0,1.0,1,1.0,1,1.0,1,0.15110504908115888,49
923,1,1386,729,657,0,0,0,1.0,1,1.0,1,1.0,1,0.19234600104427046,47
924,1,1387,730,657,0,0,0,1.0,1,1.0,1,1.0,1,0.22568584601187575,47
925,2,1389,731,658,0,0,0,1.0,1,1.0,1,1.0,1,0.22890551555551736,47
926,3,1392,732,660,0,0,0,1.0,1,1.0,1,1.0,1,0.2463413953101233,46
927,0,1392,732,660,0,0,0,1.0,1,1.0,1,1.0,1,0.25960603800117255,45
928,1,1393,732,661,0,0,0,1.0,1,1.0,1,1.0,1,0.25480818268143296,43
929,0,1393,732,661,0,0,0,1.0,1,1.0,1,1.0,1,0.27691869249431933,42
930,0,1393,732,661,0,0,0,1.0,1,1.0,1,1.0,1,0.27161356457146213,41
931,3,1396,733,663,0,0,0,1.0,1,1.0,1,1.0,1,0.24133403081325988,40
932,3,1399,733,666,0,0,0,1.0,1,1.0,1,1.0,1,0.17199826434816018,40
933,1,1400,734,666,0,0,0,1.0,1,1.0,1,1.0,1,0.21695252181001154,39
934,1,1401,735,666,0,0,0,1.0,1,1.0,1,1.0,1,0.23510322164956388,39
935,4,1405,737,668,0,0,0,1.0,1,1.0,1,1.0,1,0.2415849455334861,41
936,2,1407,737,670,0,0,0,1.0,1,1.0,1,1.0,1,0.18590467299547234,42
937,2,1409,738,671,0,0,0,1.0,1,1.0,1,1.0,1,0.22638436183871924,43
938,3,1412,738,674,0,0,0,1.0,1,1.0,1,1.0,1,0.19025016551528576,44
939,0,1412,738,674,0,0,0,1.0,1,1.0,1,1.0,1,0.21008655063997914,46
940,2,1414,739,675,0,0,0,1.0,1,1.0,1,1.0,1,0.2149648238171288,46
941,1,1415,739,676,0,0,0,1.0,1,1.0,1,1.0,1,0.20118024036315865,46
942,2,1417,741,676,0,0,0,1.0,1,1.0,1,1.0,1,0.23365148485098883,46
943,2,1419,741,678,0,0,0,1.0,1,1.0,1,1.0,1,0.18616512531812726,45
944,1,1420,742,678,0,0,0,1.0,1,1.0,1,1.0,1,0.1771149459305465,45
945,1,1421,742,679,0,0,0,1.0,1,1.0,1,1.0,1,0.18424834191945408,44
946,3,1424,744,680,0,0,0,1.0,1,1.0,1,1.0,1,0.20692464667116484,46
947,0,1424,744,680,0,0,0,1.0,1,1.0,1,1.0,1,0.20618893875063568,44
948,1,1425,745,680,0,0,0,1.0,1,1.0,1,1.0,1,0.22091899582453467,44
949,4,1429,747,682,0,0,0,1.0,1,1.0,1,1.0,1,0.236590572661299,44
950,1,1430,748,682,0,0,0,1.0,1,1.0,1,1.0,1,0.25348950995377795,43
951,1,1431,748,683,0,0,0,1.0,1,1.0,1,1.0,1,0.247156944674562,42
952,2,1433,749,684,0,0,0,1.0,1,1.0,1,1.0,1,0.2571770367872609,42
953,0,1433,749,684,0,0,0,1.0,1,1.0,1,1.0,1,0.2448778790320222,41
954,0,1433,749,684,0,0,0,1.0,1,1.0,1,1.0,1,0.27199915993805607,40
955,0,1433,749,684,0,0,0,1.0,1,1.0,1,1.0,1,0.27055699428175445,42
956,2,1435,751,684,0,0,0,1.0,1,1.0,1,1.0,1,0.2785534608617402,43
957,2,1437,751,686,0,0,0,1.0,1,1.0,1,1.0,1,0.25211584054208963,42
958,1,1438,751,687,0,0,0,1.0,1,1.0,1,1.0,1,0.22013560761163167,43
959,3,1441,752,689,0,0,0,1.0,1,1.0,1,1.0,1,0.24068626790519632,45
960,1,1442,753,689,0,0,0,1.0,1,1.0,1,1.0,1,0.2703746998353876,47
961,2,1444,754,690,0,0,0,1.0,1,1.0,1,1.0,1,0.32861145290273097,45
962,4,1448,756,692,0,0,0,1.0,1,1.0,1,1.0,1,0.3511904728169154,45
963,1,1449,757,692,0,0,0,1.0,1,1.0,1,1.0,1,0.3682412114702032,44
964,3,1452,757,695,0,0,0,1.0,1,1.0,1,1.0,1,0.319933070536571,44
965,1,1453,757,696,0,0,0,1.0,1,1.0,1,1.0,1,0.30020310569328257,45
966,1,1454,757,697,0,0,0,1.0,1,1.0,1,1.0,1,0.2704547519030563,43
967,1,1455,757,698,0,0,0,1.0,1,1.0,1,1.0,1,0.258195433622243,43
968,0,1455,757,698,0,0,0,1.0,1,1.0,1,1.0,1,0.25587973067811626,43
969,1,1456,757,699,0,0,0,1.0,1,1.0,1,1.0,1,0.2644244337395443,42
970,0,1456,757,699,0,0,0,1.0,1,1.0,1,1.0,1,0.29008197602930474,42
971,0,1456,757,699,0,0,0,1.0,1,1.0,1,1.0,1,0.29008197602930474,42
972,1,1457,758,699,0,0,0,1.0,1,1.0,1,1.0,1,0.27738149459794464,42
973,2,1459,758,701,0,0,0,1.0,1,1.0,1,1.0,1,0.2591174452506436,43
974,3,1462,760,702,0,0,0,1.0,1,1.0,1,1.0,1,0.2587339891783794,43
975,1,1463,760,703,0,0,0,1.0,1,1.0,1,1.0,1,0.24463444094108336,43
976,2,1465,761,704,0,0,0,1.0,1,1.0,1,1.0,1,0.24465586010503776,45
977,0,1465,761,704,0,0,0,1.0,1,1.0,1,1.0,1,0.26107146617604726,44
978,0,1465,761,704,0,0,0,1.0,1,1.0,1,1.0,1,0.26107146617604726,44
979,0,1465,761,704,0,0,0,1.0,1,1.0,1,1.0,1,0.2862376176667321,45
980,2,1467,763,704,0,0,0,1.0,1,1.0,1,1.0,1,0.3099474247323313,45
981,3,1470,765,705,0,0,0,1.0,1,1.0,1,1.0,1,0.28665361083414265,45
982,2,1472,767,705,0,0,0,1.0,1,1.0,1,1.0,1,0.35751268923551327,46
983,5,1477,770,707,0,0,0,1.0,1,1.0,1,1.0,1,0.3139872590878915,45
984,2,1479,770,709,0,0,0,1.0,1,1.0,1,1.0,1,0.2740124494425926,45
985,4,1483,773,710,0,0,0,1.0,1,1.0,1,1.0,1,0.3203207260748187,45
986,1,1484,774,710,0,0,0,1.0,1,1.0,1,1.0,1,0.32628694402757924,44
987,2,1486,775,711,0,0,0,1.0,1,1.0,1,1.0,1,0.35267004105629474,45
988,5,1491,778,713,0,0,0,1.0,1,1.0,1,1.0,1,0.37892401469887793,44
989,1,1492,779,713,0,0,0,1.0,1,1.0,1,1.0,1,0.3862887641048792,43
990,1,1493,780,713,0,0,0,1.0,1,1.0,1,1.0,1,0.4013168601886915,42
991,1,1494,780,714,0,0,0,1.0,1,1.0,1,1.0,1,0.3673175034977084,42
992,1,1495,780,715,0,0,0,1.0,1,1.0,1,1.0,1,0.3416525456790415,43
993,1,1496,781,715,0,0,0,1.0,1,1.0,1,1.0,1,0.3374619091872108,43
994,4,1500,782,718,0,0,0,1.0,1,1.0,1,1.0,1,0.3432638502658899,43
995,2,1502,782,720,0,0,0,1.0,1,1.0,1,1.0,1,0.3062471734027388,43
996,0,1502,782,720,0,0,0,1.0,1,1.0,1,1.0,1,0.31084494012584196,44
997,0,1502,782,720,0,0,0,1.0,1,1.0,1,1.0,1,0.31084494012584196,44
998,0,1502,782,720,0,0,0,1.0,1,1.0,1,1.0,1,0.3246225726207239,45
999,0,1502,782,720,0,0,0,1.0,1,1.0,1,1.0,1,0.33598629645542666,42
1000,0,1502,782,720,0,0,0,1.0,1,1.0,1,1.0,1,0.34787521910289976,43
1001,1,1503,782,721,0,0,0,1.0,1,1.0,1,1.0,1,0.3588064390991132,42
1002,0,1503,782,721,0,0,0,1.0,1,1.0,1,1.0,1,0.3476088583948255,43
1003,0,1503,782,721,0,0,0,1.0,1,1.0,1,1.0,1,0.3476088583948255,43
1004,0,1503,782,721,0,0,0,1.0,1,1.0,1,1.0,1,0.3476088583948255,43
1005,0,1503,782,721,0,0,0,1.0,1,1.0,1,1.0,1,0.3498339253919036,44
1006,3,1506,782,724,0,0,0,1.0,1,1.0,1,1.0,1,0.2919598345394345,46
1007,1,1507,782,725,0,0,0,1.0,1,1.0,1,1.0,1,0.28092681188020463,46
1008,2,1509,782,727,0,0,0,1.0,1,1.0,1,1.0,1,0.26518780286971294,47
1009,1,1510,782,728,0,0,0,1.0,1,1.0,1,1.0,1,0.23823116473842523,48
1010,0,1510,782,728,0,0,0,1.0,1,1.0,1,1.0,1,0.23823116473842523,48
1011,3,1513,783,730,0,0,0,1.0,1,1.0,1,1.0,1,0.19738682285795062,48
1012,3,1516,785,731,0,0,0,1.0,1,1.0,1,1.0,1,0.19649790808254974,49
1013,0,1516,785,731,0,0,0,1.0,1,1.0,1,1.0,1,0.1864458616328075,50
1014,1,1517,786,731,0,0,0,1.0,1,1.0,1,1.0,1,0.1992018599290958,50
1015,1,1518,786,732,0,0,0,1.0,1,1.0,1,1.0,1,0.19793718651532977,51
1016,2,1520,787,733,0,0,0,1.0,1,1.0,1,1.0,1,0.20117326481417175,51
1017,1,1521,787,734,0,0,0,1.0,1,1.0,1,1.0,1,0.19931645645258694,52
1018,2,1523,788,735,0,0,0,1.0,1,1.0,1,1.0,1,0.18952467038798979,52
1019,5,1528,789,739,0,0,0,1.0,1,1.0,1,1.0,1,0.19750445862963484,52
1020,1,1529,789,740,0,0,0,1.0,1,1.0,1,1.0,1,0.1646987413943207,53
1021,2,1531,789,742,0,0,0,1.0,1,1.0,1,1.0,1,0.14729329297604085,53
1022,0,1531,789,742,0,0,0,1.0,1,1.0,1,1.0,1,0.14959607516429416,54
1023,1,1532,790,742,0,0,0,1.0,1,1.0,1,1.0,1,0.17314374183765555,55
1024,1,1533,791,742,0,0,0,1.0,1,1.0,1,1.0,1,0.19966743975143264,55
1025,3,1536,791,745,0,0,0,1.0,1,1.0,1,1.0,1,0.1617793037951372,56
1026,2,1538,793,745,0,0,0,1.0,1,1.0,1,1.0,1,0.21479561291695734,57
1027,2,1540,793,747,0,0,0,1.0,1,1.0,1,1.0,1,0.19651362322013352,58
1028,0,1540,793,747,0,0,0,1.0,1,1.0,1,1.0,1,0.19651362322013352,58
1029,2,1542,795,747,0,0,0,1.0,1,1.0,1,1.0,1,0.21301387768410773,59
1030,0,1542,795,747,0,0,0,1.0,1,1.0,1,1.0,1,0.2193303222433392,60
1031,0,1542,795,747,0,0,0,1.0,1,1.0,1,1.0,1,0.2193303222433392,60
1032,1,1543,796,747,0,0,0,1.0,1,1.0,1,1.0,1,0.24800038275923336,61
1033,6,1549,796,753,0,0,0,1.0,1,1.0,1,1.0,1,0.13378955957795574,60
1034,1,1550,796,754,0,0,0,1.0,1,1.0,1,1.0,1,0.1288229935835346,60
1035,1,1551,797,754,0,0,0,1.0,1,1.0,1,1.0,1,0.13349922301560438,59
1036,2,1553,799,754,0,0,0,1.0,1,1.0,1,1.0,1,0.15648707779230017,60
1037,3,1556,802,754,0,0,0,1.0,1,1.0,1,1.0,1,0.1848470387868088,59
1038,3,1559,805,754,0,0,0,1.0,1,1.0,1,1.0,1,0.21832860212044491,60
1039,3,1562,806,756,0,0,0,1.0,1,1.0,1,1.0,1,0.2594210685662232,60
1040,6,1568,808,760,0,0,0,1.0,1,1.0,1,1.0,1,0.23161130850811062,58
1041,4,1572,808,764,0,0,0,1.0,1,1.0,1,1.0,1,0.1665224729386515,56
1042,1,1573,809,764,0,0,0,1.0,1,1.0,1,1.0,1,0.16024597844631985,55
1043,2,1575,810,765,0,0,0,1.0,1,1.0,1,1.0,1,0.17075485039435861,55
1044,0,1575,810,765,0,0,0,1.0,1,1.0,1,1.0,1,0.1662823149580489,52
1045,1,1576,810,766,0,0,0,1.0,1,1.0,1,1.0,1,0.15311475787138581,52
1046,1,1577,811,766,0,0,0,1.0,1,1.0,1,1.0,1,0.20407079618239696,53
1047,1,1578,812,766,0,0,0,1.0,1,1.0,1,1.0,1,0.17774868215061904,54
1048,4,1582,813,769,0,0,0,1.0,1,1.0,1,1.0,1,0.17180621840232985,56
1049,3,1585,815,770,0,0,0,1.0,1,1.0,1,1.0,1,0.1731198801238639,55
1050,0,1585,815,770,0,0,0,1.0,1,1.0,1,1.0,1,0.17757699171476377,56
1051,1,1586,816,770,0,0,0,1.0,1,1.0,1,1.0,1,0.1617690230581519,55
1052,2,1588,816,772,0,0,0,1.0,1,1.0,1,1.0,1,0.13965282520030695,56
1053,1,1589,817,772,0,0,0,1.0,1,1.0,1,1.0,1,0.15411238412654824,56
1054,1,1590,817,773,0,0,0,1.0,1,1.0,1,1.0,1,0.13107916476575035,57
1055,1,1591,818,773,0,0,0,1.0,1,1.0,1,1.0,1,0.14628698631699602,58
1056,1,1592,818,774,0,0,0,1.0,1,1.0,1,1.0,1,0.15281605945112467,59
1057,3,1595,819,776,0,0,0,1.0,1,1.0,1,1.0,1,0.14602294186563125,60
1058,1,1596,819,777,0,0,0,1.0,1,1.0,1,1.0,1,0.13531497859485006,60
1059,1,1597,820,777,0,0,0,1.0,1,1.0,1,1.0,1,0.13900085543352003,60
1060,2,1599,821,778,0,0,0,1.0,1,1.0,1,1.0,1,0.14708309818962342,60
1061,3,1602,823,779,0,0,0,1.0,1,1.0,1,1.0,1,0.11812665347764006,59
1062,2,1604,824,780,0,0,0,1.0,1,1.0,1,1.0,1,0.1354779760860029,59
1063,0,1604,824,780,0,0,0,1.0,1,1.0,1,1.0,1,0.12975005716548405,58
1064,4,1608,826,782,0,0,0,1.0,1,1.0,1,1.0,1,0.18235399015176987,58
1065,2,1610,828,782,0,0,0,1.0,1,1.0,1,1.0,1,0.16264305163561535,60
1066,2,1612,830,782,0,0,0,1.0,1,1.0,1,1.0,1,0.17866411189503623,58
1067,6,1618,833,785,0,0,0,1.0,1,1.0,1,1.0,1,0.2065088457788447,59
1068,2,1620,834,786,0,0,0,1.0,1,1.0,1,1.0,1,0.20656890137615022,59
1069,0,1620,834,786,0,0,0,1.0,1,1.0,1,1.0,1,0.22728527549871655,58
1070,0,1620,834,786,0,0,0,1.0,1,1.0,1,1.0,1,0.22728527549871655,58
1071,1,1621,834,787,0,0,0,1.0,1,1.0,1,1.0,1,0.22786409906878194,57
1072,0,1621,834,787,0,0,0,1.0,1,1.0,1,1.0,1,0.21664796460600974,56
1073,1,1622,834,788,0,0,0,1.0,1,1.0,1,1.0,1,0.24289109055485533,54
1074,3,1625,836,789,0,0,0,1.0,1,1.0,1,1.0,1,0.24437780994697736,54
1075,1,1626,837,789,0,0,0,1.0,1,1.0,1,1.0,1,0.23846015813398896,51
1076,1,1627,837,790,0,0,0,1.0,1,1.0,1,1.0,1,0.24325821179333387,51
1077,3,1630,839,791,0,0,0,1.0,1,1.0,1,1.0,1,0.23795914127998755,51
1078,4,1634,840,794,0,0,0,1.0,1,1.0,1,1.0,1,0.25253996825778063,52
1079,12,1646,844,802,0,0,0,1.0,1,1.0,1,1.0,1,0.20873132415547785,51
1080,1,1647,845,802,0,0,0,1.0,1,1.0,1,1.0,1,0.2195815335711326,51
1081,0,1647,845,802,0,0,0,1.0,1,1.0,1,1.0,1,0.24029698508373515,48
1082,1,1648,846,802,0,0,0,1.0,1,1.0,1,1.0,1,0.2576784876397697,47
1083,1,1649,847,802,0,0,0,1.0,1,1.0,1,1.0,1,0.2925323476056654,46
1084,2,1651,847,804,0,0,0,1.0,1,1.0,1,1.0,1,0.25601894923913665,45
1085,2,1653,848,805,0,0,0,1.0,1,1.0,1,1.0,1,0.29026721287003143,46
1086,2,1655,848,807,0,0,0,1.0,1,1.0,1,1.0,1,0.2414593334797056,45
1087,0,1655,848,807,0,0,0,1.0,1,1.0,1,1.0,1,0.26170215748695563,44
1088,2,1657,848,809,0,0,0,1.0,1,1.0,1,1.0,1,0.2382672016415089,45
1089,1,1658,849,809,0,0,0,1.0,1,1.0,1,1.0,1,0.2535042809086524,46
1090,0,1658,849,809,0,0,0,1.0,1,1.0,1,1.0,1,0.2593873649294045,47
1091,1,1659,850,809,0,0,0,1.0,1,1.0,1,1.0,1,0.2557905615612893,47
1092,1,1660,850,810,0,0,0,1.0,1,1.0,1,1.0,1,0.23979536119811165,48
1093,1,1661,851,810,0,0,0,1.0,1,1.0,1,1.0,1,0.24130396387517736,48
1094,1,1662,852,810,0,0,0,1.0,1,1.0,1,1.0,1,0.26256205815615796,48
1095,3,1665,852,813,0,0,0,1.0,1,1.0,1,1.0,1,0.24497714052535932,49
1096,1,1666,852,814,0,0,0,1.0,1,1.0,1,1.0,1,0.2375126330235339,49
1097,2,1668,854,814,0,0,0,1.0,1,1.0,1,1.0,1,0.2613749556197521,50
1098,3,1671,854,817,0,0,0,1.0,1,1.0,1,1.0,1,0.22445472608201036,51
1099,0,1671,854,817,0,0,0,1.0,1,1.0,1,1.0,1,0.22615302547060473,54
1100,0,1671,854,817,0,0,0,1.0,1,1.0,1,1.0,1,0.22615302547060473,54
1101,0,1671,854,817,0,0,0,1.0,1,1.0,1,1.0,1,0.22615302547060473,54
1102,2,1673,854,819,0,0,0,1.0,1,1.0,1,1.0,1,0.2000343685711835,54
1103,3,1676,855,821,0,0,0,1.0,1,1.0,1,1.0,1,0.20339053216850705,53
1104,3,1679,858,821,0,0,0,1.0,1,1.0,1,1.0,1,0.21985885099495847,53
1105,2,1681,858,823,0,0,0,1.0,1,1.0,1,1.0,1,0.1910804472414247,52
1106,4,1685,859,826,0,0,0,1.0,1,1.0,1,1.0,1,0.1616213404461051,52
1107,1,1686,860,826,0,0,0,1.0,1,1.0,1,1.0,1,0.19417847790127635,52
1108,1,1687,861,826,0,0,0,1.0,1,1.0,1,1.0,1,0.209442862586814,51
1109,4,1691,864,827,0,0,0,1.0,1,1.0,1,1.0,1,0.21718762049311585,49
1110,1,1692,865,827,0,0,0,1.0,1,1.0,1,1.0,1,0.2412787433632671,48
1111,3,1695,867,828,0,0,0,1.0,1,1.0,1,1.0,1,0.2975205840068944,47
1112,2,1697,868,829,0,0,0,1.0,1,1.0,1,1.0,1,0.3177866647502953,46
1113,2,1699,869,830,0,0,0,1.0,1,1.0,1,1.0,1,0.3261908638776164,43
1114,2,1701,869,832,0,0,0,1.0,1,1.0,1,1.0,1,0.31611851902315435,41
1115,3,1704,870,834,0,0,0,1.0,1,1.0,1,1.0,1,0.28399731760103136,40
1116,3,1707,871,836,0,0,0,1.0,1,1.0,1,1.0,1,0.2950043093922867,39
1117,5,1712,874,838,0,0,0,1.0,1,1.0,1,1.0,1,0.28835084972752734,40
1118,4,1716,874,842,0,0,0,1.0,1,1.0,1,1.0,1,0.21109557974437662,40
1119,0,1716,874,842,0,0,0,1.0,1,1.0,1,1.0,1,0.21109557974437662,40
1120,0,1716,874,842,0,0,0,1.0,1,1.0,1,1.0,1,0.21109557974437662,40
1121,1,1717,875,842,0,0,0,1.0,1,1.0,1,1.0,1,0.24046812426347672,40
1122,1,1718,875,843,0,0,0,1.0,1,1.0,1,1.0,1,0.2454776603861393,41
1123,1,1719,876,843,0,0,0,1.0,1,1.0,1,1.0,1,0.26922324614590903,41
1124,1,1720,876,844,0,0,0,1.0,1,1.0,1,1.0,1,0.2537654668358514,41
1125,3,1723,877,846,0,0,0,1.0,1,1.0,1,1.0,1,0.3044489087120838,41
1126,2,1725,878,847,0,0,0,1.0,1,1.0,1,1.0,1,0.23948754784180726,41
1127,0,1725,878,847,0,0,0,1.0,1,1.0,1,1.0,1,0.23948754784180726,41
1128,1,1726,878,848,0,0,0,1.0,1,1.0,1,1.0,1,0.24369340873171524,42
1129,1,1727,878,849,0,0,0,1.0,1,1.0,1,1.0,1,0.2156394346545309,42
1130,0,1727,878,849,0,0,0,1.0,1,1.0,1,1.0,1,0.2156394346545309,42
1131,1,1728,879,849,0,0,0,1.0,1,1.0,1,1.0,1,0.20787708419734557,42
1132,2,1730,880,850,0,0,0,1.0,1,1.0,1,1.0,1,0.15991239262502022,43
1133,0,1730,880,850,0,0,0,1.0,1,1.0,1,1.0,1,0.1563945035608157,45
1134,0,1730,880,850,0,0,0,1.0,1,1.0,1,1.0,1,0.1623665035067782,46
1135,1,1731,880,851,0,0,0,1.0,1,1.0,1,1.0,1,0.1448025001465872,45
1136,1,1732,880,852,0,0,0,1.0,1,1.0,1,1.0,1,0.16172730647951183,48
1137,2,1734,880,854,0,0,0,1.0,1,1.0,1,1.0,1,0.17635116165332693,49
1138,1,1735,880,855,0,0,0,1.0,1,1.0,1,1.0,1,0.14471295882942092,49
1139,1,1736,880,856,0,0,0,1.0,1,1.0,1,1.0,1,0.17287481887263823,49
1140,2,1738,882,856,0,0,0,1.0,1,1.0,1,1.0,1,0.18689815049840197,49
1141,2,1740,883,857,0,0,0,1.0,1,1.0,1,1.0,1,0.22853188396481017,48
1142,3,1743,885,858,0,0,0,1.0,1,1.0,1,1.0,1,0.2001413604637173,48
1143,6,1749,889,860,0,0,0,1.0,1,1.0,1,1.0,1,0.22951956014926725,48
1144,4,1753,892,861,0,0,0,1.0,1,1.0,1,1.0,1,0.20208633610565618,48
1145,0,1753,892,861,0,0,0,1.0,1,1.0,1,1.0,1,0.21883726137236606,48
1146,6,1759,895,864,0,0,0,1.0,1,1.0,1,1.0,1,0.2264310428080854,48
1147,2,1761,895,866,0,0,0,1.0,1,1.0,1,1.0,1,0.21666991150931753,46
1148,1,1762,896,866,0,0,0,1.0,1,1.0,1,1.0,1,0.2123268952135376,46
1149,2,1764,896,868,0,0,0,1.0,1,1.0,1,1.0,1,0.2585447378901851,45
1150,2,1766,897,869,0,0,0,1.0,1,1.0,1,1.0,1,0.2519283698153307,46
1151,2,1768,899,869,0,0,0,1.0,1,1.0,1,1.0,1,0.27069059726078004,44
1152,0,1768,899,869,0,0,0,1.0,1,1.0,1,1.0,1,0.2294723438537218,44
1153,3,1771,902,869,0,0,0,1.0,1,1.0,1,1.0,1,0.28100560496281657,43
1154,3,1774,903,871,0,0,0,1.0,1,1.0,1,1.0,1,0.23292013143305737,43
1155,1,1775,903,872,0,0,0,1.0,1,1.0,1,1.0,1,0.22018112651239338,43
1156,0,1775,903,872,0,0,0,1.0,1,1.0,1,1.0,1,0.2037861756637743,42
1157,1,1776,904,872,0,0,0,1.0,1,1.0,1,1.0,1,0.1928796174417234,42
1158,0,1776,904,872,0,0,0,1.0,1,1.0,1,1.0,1,0.17722608607440363,41
1159,0,1776,904,872,0,0,0,1.0,1,1.0,1,1.0,1,0.21209455858626816,41
1160,0,1776,904,872,0,0,0,1.0,1,1.0,1,1.0,1,0.21209455858626816,41
1161,0,1776,904,872,0,0,0,1.0,1,1.0,1,1.0,1,0.22307889680334075,42
1162,0,1776,904,872,0,0,0,1.0,1,1.0,1,1.0,1,0.22094828779746478,43
1163,0,1776,904,872,0,0,0,1.0,1,1.0,1,1.0,1,0.22094828779746478,43
1164,0,1776,904,872,0,0,0,1.0,1,1.0,1,1.0,1,0.21034242712435855,44
1165,0,1776,904,872,0,0,0,1.0,1,1.0,1,1.0,1,0.21034242712435855,44
1166,3,1779,905,874,0,0,0,1.0,1,1.0,1,1.0,1,0.2198299529455393,46
1167,2,1781,906,875,0,0,0,1.0,1,1.0,1,1.0,1,0.21147031707660927,46
1168,2,1783,906,877,0,0,0,1.0,1,1.0,1,1.0,1,0.18161028305860033,47
1169,2,1785,908,877,0,0,0,1.0,1,1.0,1,1.0,1,0.17541367510964767,46
1170,1,1786,908,878,0,0,0,1.0,1,1.0,1,1.0,1,0.1592675998331892,48
1171,2,1788,910,878,0,0,0,1.0,1,1.0,1,1.0,1,0.20586212351144492,49
1172,0,1788,910,878,0,0,0,1.0,1,1.0,1,1.0,1,0.20586212351144492,49
1173,0,1788,910,878,0,0,0,1.0,1,1.0,1,1.0,1,0.20586212351144492,49
1174,1,1789,911,878,0,0,0,1.0,1,1.0,1,1.0,1,0.2184330686121977,49
1175,1,1790,911,879,0,0,0,1.0,1,1.0,1,1.0,1,0.21903560403464434,50
1176,2,1792,911,881,0,0,0,1.0,1,1.0,1,1.0,1,0.2116369079429713,52
1177,3,1795,913,882,0,0,0,1.0,1,1.0,1,1.0,1,0.22466280861752458,52
1178,0,1795,913,882,0,0,0,1.0,1,1.0,1,1.0,1,0.22466280861752458,52
1179,0,1795,913,882,0,0,0,1.0,1,1.0,1,1.0,1,0.20585657472233496,53
1180,0,1795,913,882,0,0,0,1.0,1,1.0,1,1.0,1,0.20117101353800793,54
1181,0,1795,913,882,0,0,0,1.0,1,1.0,1,1.0,1,0.21232393580322273,55
1182,1,1796,914,882,0,0,0,1.0,1,1.0,1,1.0,1,0.21929344023212338,55
1183,3,1799,916,883,0,0,0,1.0,1,1.0,1,1.0,1,0.2327668998878795,53
1184,2,1801,917,884,0,0,0,1.0,1,1.0,1,1.0,1,0.23341527519601302,54
1185,0,1801,917,884,0,0,0,1.0,1,1.0,1,1.0,1,0.22925692949493418,53
1186,5,1806,918,888,0,0,0,1.0,1,1.0,1,1.0,1,0.2185424446624744,54
1187,4,1810,919,891,0,0,0,1.0,1,1.0,1,1.0,1,0.2131675968661011,55
1188,0,1810,919,891,0,0,0,1.0,1,1.0,1,1.0,1,0.2131675968661011,55
1189,2,1812,920,892,0,0,0,1.0,1,1.0,1,1.0,1,0.18766380333711435,54
1190,2,1814,921,893,0,0,0,1.0,1,1.0,1,1.0,1,0.1912723539695172,55
1191,1,1815,922,893,0,0,0,1.0,1,1.0,1,1.0,1,0.18351356223587373,54
1192,1,1816,923,893,0,0,0,1.0,1,1.0,1,1.0,1,0.19806574702583912,52
1193,1,1817,923,894,0,0,0,1.0,1,1.0,1,1.0,1,0.16938925108475406,53
1194,1,1818,924,894,0,0,0,1.0,1,1.0,1,1.0,1,0.20780032374600427,53
1195,4,1822,925,897,0,0,0,1.0,1,1.0,1,1.0,1,0.13831342487195195,54
1196,0,1822,925,897,0,0,0,1.0,1,1.0,1,1.0,1,0.13948774476337286,56
1197,3,1825,927,898,0,0,0,1.0,1,1.0,1,1.0,1,0.13731498716991283,56
1198,1,1826,928,898,0,0,0,1.0,1,1.0,1,1.0,1,0.15470978638736674,58
1199,2,1828,929,899,0,0,0,1.0,1,1.0,1,1.0,1,0.1681665938768896,58
1200,0,1828,929,899,0,0,0,1.0,1,1.0,1,1.0,1,0.1681665938768896,58
1201,1,1829,930,899,0,0,0,1.0,1,1.0,1,1.0,1,0.17038035048413772,58
1202,2,1831,931,900,0,0,0,1.0,1,1.0,1,1.0,1,0.15886749138414538,60
1203,1,1832,931,901,0,0,0,1.0,1,1.0,1,1.0,1,0.1512950821612515,58
1204,1,1833,932,901,0,0,0,1.0,1,1.0,1,1.0,1,0.1655270547335187,59
1205,1,1834,933,901,0,0,0,1.0,1,1.0,1,1.0,1,0.1771824990902386,59
1206,0,1834,933,901,0,0,0,1.0,1,1.0,1,1.0,1,0.18989843703665443,58
1207,0,1834,933,901,0,0,0,1.0,1,1.0,1,1.0,1,0.188722775679201,60
1208,0,1834,933,901,0,0,0,1.0,1,1.0,1,1.0,1,0.188722775679201,60
1209,1,1835,933,902,0,0,0,1.0,1,1.0,1,1.0,1,0.19307643440134473,61
1210,0,1835,933,902,0,0,0,1.0,1,1.0,1,1.0,1,0.19307643440134473,61
1211,1,1836,933,903,0,0,0,1.0,1,1.0,1,1.0,1,0.14879535197830515,63
1212,1,1837,934,903,0,0,0,1.0,1,1.0,1,1.0,1,0.1465421300611802,63
1213,3,1840,935,905,0,0,0,1.0,1,1.0,1,1.0,1,0.13043928861993134,63
1214,2,1842,936,906,0,0,0,1.0,1,1.0,1,1.0,1,0.175216664128156,62
1215,0,1842,936,906,0,0,0,1.0,1,1.0,1,1.0,1,0.17216198103255337,63
1216,3,1845,937,908,0,0,0,1.0,1,1.0,1,1.0,1,0.2114203185951134,64
1217,0,1845,937,908,0,0,0,1.0,1,1.0,1,1.0,1,0.2138433325761877,65
1218,1,1846,938,908,0,0,0,1.0,1,1.0,1,1.0,1,0.23810479380447716,64
1219,2,1848,938,910,0,0,0,1.0,1,1.0,1,1.0,1,0.2196416316861602,65
1220,0,1848,938,910,0,0,0,1.0,1,1.0,1,1.0,1,0.2302322751487204,64
1221,4,1852,940,912,0,0,0,1.0,1,1.0,1,1.0,1,0.21097926004562467,65
1222,2,1854,941,913,0,0,0,1.0,1,1.0,1,1.0,1,0.19235136760537902,66
1223,0,1854,941,913,0,0,0,1.0,1,1.0,1,1.0,1,0.19157910534534786,64
1224,6,1860,945,915,0,0,0,1.0,1,1.0,1,1.0,1,0.17122007471314932,66
1225,6,1866,948,918,0,0,0,1.0,1,1.0,1,1.0,1,0.16348755627032205,66
1226,3,1869,948,921,0,0,0,1.0,1,1.0,1,1.0,1,0.14839722823117177,68
1227,2,1871,950,921,0,0,0,1.0,1,1.0,1,1.0,1,0.14426918944681758,64
1228,0,1871,950,921,0,0,0,1.0,1,1.0,1,1.0,1,0.1414226564790182,62
1229,3,1874,952,922,0,0,0,1.0,1,1.0,1,1.0,1,0.16650713719937169,61
1230,1,1875,952,923,0,0,0,1.0,1,1.0,1,1.0,1,0.12091040285442743,58
1231,1,1876,953,923,0,0,0,1.0,1,1.0,1,1.0,1,0.1288719790135619,57
1232,3,1879,954,925,0,0,0,1.0,1,1.0,1,1.0,1,0.13454860557438078,53
1233,1,1880,955,925,0,0,0,1.0,1,1.0,1,1.0,1,0.1517190912034083,53
1234,2,1882,955,927,0,0,0,1.0,1,1.0,1,1.0,1,0.1207763890808644,54
1235,1,1883,955,928,0,0,0,1.0,1,1.0,1,1.0,1,0.14584822889699234,55
1236,1,1884,956,928,0,0,0,1.0,1,1.0,1,1.0,1,0.1799654027009526,55
1237,1,1885,957,928,0,0,0,1.0,1,1.0,1,1.0,1,0.17956429815678424,55
1238,0,1885,957,928,0,0,0,1.0,1,1.0,1,1.0,1,0.18209438422928115,54
1239,1,1886,957,929,0,0,0,1.0,1,1.0,1,1.0,1,0.18344157535487893,55
1240,0,1886,957,929,0,0,0,1.0,1,1.0,1,1.0,1,0.18344157535487893,55
1241,0,1886,957,929,0,0,0,1.0,1,1.0,1,1.0,1,0.16649301120678758,54
1242,0,1886,957,929,0,0,0,1.0,1,1.0,1,1.0,1,0.17582727825081415,54
1243,1,1887,958,929,0,0,0,1.0,1,1.0,1,1.0,1,0.185748193409387,55
1244,2,1889,958,931,0,0,0,1.0,1,1.0,1,1.0,1,0.17975961799687495,55
1245,2,1891,959,932,0,0,0,1.0,1,1.0,1,1.0,1,0.1622426598918044,55
1246,2,1893,960,933,0,0,0,1.0,1,1.0,1,1.0,1,0.18264706024452892,55
1247,5,1898,963,935,0,0,0,1.0,1,1.0,1,1.0,1,0.22310963975686873,57
1248,2,1900,963,937,0,0,0,1.0,1,1.0,1,1.0,1,0.20922756724506533,56
1249,3,1903,966,937,0,0,0,1.0,1,1.0,1,1.0,1,0.23940889402509383,56
1250,6,1909,969,940,0,0,0,1.0,1,1.0,1,1.0,1,0.20870709729758105,56
1251,4,1913,969,944,0,0,0,1.0,1,1.0,1,1.0,1,0.15448591860656524,58
1252,0,1913,969,944,0,0,0,1.0,1,1.0,1,1.0,1,0.15448591860656524,58
1253,2,1915,971,944,0,0,0,1.0,1,1.0,1,1.0,1,0.1724763633276825,58
1254,0,1915,971,944,0,0,0,1.0,1,1.0,1,1.0,1,0.15871778156356497,60
1255,0,1915,971,944,0,0,0,1.0,1,1.0,1,1.0,1,0.16901485509391875,61
1256,0,1915,971,944,0,0,0,1.0,1,1.0,1,1.0,1,0.16901485509391875,61
1257,2,1917,972,945,0,0,0,1.0,1,1.0,1,1.0,1,0.1959669916550454,62
1258,3,1920,972,948,0,0,0,1.0,1,1.0,1,1.0,1,0.16431704476411868,63
1259,0,1920,972,948,0,0,0,1.0,1,1.0,1,1.0,1,0.16431704476411868,63
1260,1,1921,972,949,0,0,0,1.0,1,1.0,1,1.0,1,0.1628233177223813,63
1261,2,1923,972,951,0,0,0,1.0,1,1.0,1,1.0,1,0.1291411466438953,63
1262,0,1923,972,951,0,0,0,1.0,1,1.0,1,1.0,1,0.13577268125254652,64
1263,1,1924,973,951,0,0,0,1.0,1,1.0,1,1.0,1,0.14342332922088524,63
1264,2,1926,975,951,0,0,0,1.0,1,1.0,1,1.0,1,0.16938172156418577,63
1265,4,1930,978,952,0,0,0,1.0,1,1.0,1,1.0,1,0.1817710369054495,60
1266,5,1935,980,955,0,0,0,1.0,1,1.0,1,1.0,1,0.17873897689126864,61
1267,1,1936,981,955,0,0,0,1.0,1,1.0,1,1.0,1,0.18957737310094214,58
1268,3,1939,983,956,0,0,0,1.0,1,1.0,1,1.0,1,0.2385832143277171,54
1269,1,1940,983,957,0,0,0,1.0,1,1.0,1,1.0,1,0.2050406887139779,54
1270,1,1941,984,957,0,0,0,1.0,1,1.0,1,1.0,1,0.1841574082929816,51
1271,1,1942,985,957,0,0,0,1.0,1,1.0,1,1.0,1,0.2037327156558697,50
1272,3,1945,986,959,0,0,0,1.0,1,1.0,1,1.0,1,0.1943906518158693,47
1273,1,1946,987,959,0,0,0,1.0,1,1.0,1,1.0,1,0.20728499621212085,47
1274,4,1950,988,962,0,0,0,1.0,1,1.0,1,1.0,1,0.1917471153679323,49
1275,0,1950,988,962,0,0,0,1.0,1,1.0,1,1.0,1,0.19676495163869648,48
1276,4,1954,991,963,0,0,0,1.0,1,1.0,1,1.0,1,0.19189836156360457,49
1277,5,1959,995,964,0,0,0,1.0,1,1.0,1,1.0,1,0.2353745964190432,50
1278,4,1963,996,967,0,0,0,1.0,1,1.0,1,1.0,1,0.18494150988408195,51
1279,0,1963,996,967,0,0,0,1.0,1,1.0,1,1.0,1,0.18494150988408195,51
1280,0,1963,996,967,0,0,0,1.0,1,1.0,1,1.0,1,0.16980894487216303,52
1281,0,1963,996,967,0,0,0,1.0,1,1.0,1,1.0,1,0.16980894487216303,52
1282,2,1965,998,967,0,0,0,1.0,1,1.0,1,1.0,1,0.17258821156139673,52
1283,0,1965,998,967,0,0,0,1.0,1,1.0,1,1.0,1,0.17258821156139673,52
1284,0,1965,998,967,0,0,0,1.0,1,1.0,1,1.0,1,0.17258821156139673,52
1285,1,1966,998,968,0,0,0,1.0,1,1.0,1,1.0,1,0.1624862896540589,51
1286,0,1966,998,968,0,0,0,1.0,1,1.0,1,1.0,1,0.17706986937151287,52
1287,2,1968,999,969,0,0,0,1.0,1,1.0,1,1.0,1,0.20738887827670083,54
1288,1,1969,999,970,0,0,0,1.0,1,1.0,1,1.0,1,0.18218251231352528,55
1289,1,1970,999,971,0,0,0,1.0,1,1.0,1,1.0,1,0.17256504577101506,56
1290,1,1971,999,972,0,0,0,1.0,1,1.0,1,1.0,1,0.14518069161449337,57
1291,3,1974,999,975,0,0,0,1.0,1,1.0,1,1.0,1,0.12414534762095483,58
1292,1,1975,1000,975,0,0,0,1.0,1,1.0,1,1.0,1,0.12060921637759935,59
1293,1,1976,1000,976,0,0,0,1.0,1,1.0,1,1.0,1,0.10696510054681463,59
1294,1,1977,1001,976,0,0,0,1.0,1,1.0,1,1.0,1,0.11343540207468582,59
1295,1,1978,1002,976,0,0,0,1.0,1,1.0,1,1.0,1,0.13801748287085747,59
1296,0,1978,1002,976,0,0,0,1.0,1,1.0,1,1.0,1,0.14688845130491365,59
1297,1,1979,1003,976,0,0,0,1.0,1,1.0,1,1.0,1,0.16777159202836955,61
1298,2,1981,1003,978,0,0,0,1.0,1,1.0,1,1.0,1,0.15774890159072114,61
1299,1,1982,1003,979,0,0,0,1.0,1,1.0,1,1.0,1,0.1437997204178115,60
1300,0,1982,1003,979,0,0,0,1.0,1,1.0,1,1.0,1,0.15115599959994067,59
1301,5,1987,1004,983,0,0,0,1.0,1,1.0,1,1.0,1,0.1392158528825666,59
1302,6,1993,1009,984,0,0,0,1.0,1,1.0,1,1.0,1,0.14434822047548793,59
1303,6,1999,1014,985,0,0,0,1.0,1,1.0,1,1.0,1,0.2258380576206848,55
1304,6,2005,1020,985,0,0,0,1.0,1,1.0,1,1.0,1,0.23503485520539907,56
1305,7,2012,1022,990,0,0,0,1.0,1,1.0,1,1.0,1,0.16796186494325402,54
1306,1,2013,1023,990,0,0,0,1.0,1,1.0,1,1.0,1,0.1729552930348933,53
1307,2,2015,1024,991,0,0,0,1.0,1,1.0,1,1.0,1,0.15314607747940612,52
1308,1,2016,1025,991,0,0,0,1.0,1,1.0,1,1.0,1,0.15598484746090346,52
1309,2,2018,1027,991,0,0,0,1.0,1,1.0,1,1.0,1,0.17826073045959723,54
1310,3,2021,1029,992,0,0,0,1.0,1,1.0,1,1.0,1,0.18578425553179118,52
1311,0,2021,1029,992,0,0,0,1.0,1,1.0,1,1.0,1,0.17176114065602527,51
1312,1,2022,1030,992,0,0,0,1.0,1,1.0,1,1.0,1,0.23881572002332455,49
1313,0,2022,1030,992,0,0,0,1.0,1,1.0,1,1.0,1,0.23347997688551306,47
1314,0,2022,1030,992,0,0,0,1.0,1,1.0,1,1.0,1,0.22146623877258595,46
1315,0,2022,1030,992,0,0,0,1.0,1,1.0,1,1.0,1,0.23804157973820048,45
1316,3,2025,1032,993,0,0,0,1.0,1,1.0,1,1.0,1,0.20815632080452337,46
1317,0,2025,1032,993,0,0,0,1.0,1,1.0,1,1.0,1,0.2027118780928927,45
1318,3,2028,1034,994,0,0,0,1.0,1,1.0,1,1.0,1,0.1843685324546979,46
1319,1,2029,1035,994,0,0,0,1.0,1,1.0,1,1.0,1,0.19244229995103443,46
1320,0,2029,1035,994,0,0,0,1.0,1,1.0,1,1.0,1,0.19244229995103443,46
1321,1,2030,1035,995,0,0,0,1.0,1,1.0,1,1.0,1,0.17329014369109375,48
1322,0,2030,1035,995,0,0,0,1.0,1,1.0,1,1.0,1,0.1853363289918186,49
1323,0,2030,1035,995,0,0,0,1.0,1,1.0,1,1.0,1,0.20795320423955868,49
1324,1,2031,1035,996,0,0,0,1.0,1,1.0,1,1.0,1,0.20882800830089712,50
1325,2,2033,1035,998,0,0,0,1.0,1,1.0,1,1.0,1,0.17742231065067032,49
1326,3,2036,1037,999,0,0,0,1.0,1,1.0,1,1.0,1,0.22338573989045005,50
1327,3,2039,1038,1001,0,0,0,1.0,1,1.0,1,1.0,1,0.242363742116791,50
1328,1,2040,1038,1002,0,0,0,1.0,1,1.0,1,1.0,1,0.23335625607848723,49
1329,1,2041,1038,1003,0,0,0,1.0,1,1.0,1,1.0,1,0.2209213421364392,50
1330,0,2041,1038,1003,0,0,0,1.0,1,1.0,1,1.0,1,0.2209213421364392,50
1331,1,2042,1039,1003,0,0,0,1.0,1,1.0,1,1.0,1,0.24630070341097052,50
1332,2,2044,1041,1003,0,0,0,1.0,1,1.0,1,1.0,1,0.22732823575189334,51
1333,1,2045,1041,1004,0,0,0,1.0,1,1.0,1,1.0,1,0.2265698824036052,52
1334,1,2046,1041,1005,0,0,0,1.0,1,1.0,1,1.0,1,0.2365083942364629,54
1335,0,2046,1041,1005,0,0,0,1.0,1,1.0,1,1.0,1,0.2365083942364629,54
1336,3,2049,1041,1008,0,0,0,1.0,1,1.0,1,1.0,1,0.19897592487895982,56
1337,5,2054,1043,1011,0,0,0,1.0,1,1.0,1,1.0,1,0.20636980199798588,57
1338,1,2055,1044,1011,0,0,0,1.0,1,1.0,1,1.0,1,0.2180062301745442,57
1339,1,2056,1045,1011,0,0,0,1.0,1,1.0,1,1.0,1,0.2444897633034958,58
1340,1,2057,1046,1011,0,0,0,1.0,1,1.0,1,1.0,1,0.24757010332999324,59
1341,3,2060,1047,1013,0,0,0,1.0,1,1.0,1,1.0,1,0.1958618967295895,57
1342,4,2064,1049,1015,0,0,0,1.0,1,1.0,1,1.0,1,0.19633940173680922,57
1343,1,2065,1049,1016,0,0,0,1.0,1,1.0,1,1.0,1,0.18565376966603417,55
1344,1,2066,1050,1016,0,0,0,1.0,1,1.0,1,1.0,1,0.1797124805236517,54
1345,2,2068,1051,1017,0,0,0,1.0,1,1.0,1,1.0,1,0.16015649215739547,53
1346,1,2069,1052,1017,0,0,0,1.0,1,1.0,1,1.0,1,0.1856961923615266,53
1347,1,2070,1052,1018,0,0,0,1.0,1,1.0,1,1.0,1,0.1558898624147616,51
1348,2,2072,1054,1018,0,0,0,1.0,1,1.0,1,1.0,1,0.18893727866157545,52
1349,1,2073,1054,1019,0,0,0,1.0,1,1.0,1,1.0,1,0.1694060972644447,50
1350,0,2073,1054,1019,0,0,0,1.0,1,1.0,1,1.0,1,0.1730046352458015,51
1351,1,2074,1055,1019,0,0,0,1.0,1,1.0,1,1.0,1,0.18869461715397565,50
1352,3,2077,1056,1021,0,0,0,1.0,1,1.0,1,1.0,1,0.14407524939258012,50
1353,1,2078,1057,1021,0,0,0,1.0,1,1.0,1,1.0,1,0.15513942430269342,50
1354,3,2081,1058,1023,0,0,0,1.0,1,1.0,1,1.0,1,0.14814621504466077,51
1355,2,2083,1060,1023,0,0,0,1.0,1,1.0,1,1.0,1,0.1494765689511852,53
1356,1,2084,1061,1023,0,0,0,1.0,1,1.0,1,1.0,1,0.16063278358101224,52
1357,4,2088,1062,1026,0,0,0,1.0,1,1.0,1,1.0,1,0.14450989656697086,52
1358,2,2090,1063,1027,0,0,0,1.0,1,1.0,1,1.0,1,0.1471685781816685,53
1359,4,2094,1065,1029,0,0,0,1.0,1,1.0,1,1.0,1,0.17943355290995844,54
1360,2,2096,1066,1030,0,0,0,1.0,1,1.0,1,1.0,1,0.18673317148943247,55
1361,1,2097,1067,1030,0,0,0,1.0,1,1.0,1,1.0,1,0.18733480364710745,55
1362,0,2097,1067,1030,0,0,0,1.0,1,1.0,1,1.0,1,0.16650492724970384,56
1363,0,2097,1067,1030,0,0,0,1.0,1,1.0,1,1.0,1,0.16650492724970384,56
1364,0,2097,1067,1030,0,0,0,1.0,1,1.0,1,1.0,1,0.15859791889448085,55
1365,0,2097,1067,1030,0,0,0,1.0,1,1.0,1,1.0,1,0.1726600118136183,56
1366,1,2098,1067,1031,0,0,0,1.0,1,1.0,1,1.0,1,0.1825356725048293,57
1367,1,2099,1067,1032,0,0,0,1.0,1,1.0,1,1.0,1,0.16387303219616192,57
1368,2,2101,1068,1033,0,0,0,1.0,1,1.0,1,1.0,1,0.19559214692963148,58
1369,4,2105,1069,1036,0,0,0,1.0,1,1.0,1,1.0,1,0.16994571575281434,59
1370,4,2109,1070,1039,0,0,0,1.0,1,1.0,1,1.0,1,0.12629660122528122,60
1371,1,2110,1071,1039,0,0,0,1.0,1,1.0,1,1.0,1,0.10813471196069921,59
1372,2,2112,1073,1039,0,0,0,1.0,1,1.0,1,1.0,1,0.13818453265334557,59
1373,2,2114,1074,1040,0,0,0,1.0,1,1.0,1,1.0,1,0.13082325751473017,59
1374,1,2115,1075,1040,0,0,0,1.0,1,1.0,1,1.0,1,0.13515707445856207,59
1375,2,2117,1075,1042,0,0,0,1.0,1,1.0,1,1.0,1,0.13356087597044627,62
1376,4,2121,1078,1043,0,0,0,1.0,1,1.0,1,1.0,1,0.1664560706370385,61
1377,3,2124,1079,1045,0,0,0,1.0,1,1.0,1,1.0,1,0.18563137394535975,63
1378,4,2128,1081,1047,0,0,0,1.0,1,1.0,1,1.0,1,0.20612998865970436,62
1379,1,2129,1082,1047,0,0,0,1.0,1,1.0,1,1.0,1,0.25336339729701673,61
1380,2,2131,1082,1049,0,0,0,1.0,1,1.0,1,1.0,1,0.2160913185098913,60
1381,2,2133,1083,1050,0,0,0,1.0,1,1.0,1,1.0,1,0.25912093584768686,58
1382,2,2135,1084,1051,0,0,0,1.0,1,1.0,1,1.0,1,0.24186168544033343,56
1383,4,2139,1086,1053,0,0,0,1.0,1,1.0,1,1.0,1,0.2152749261769116,57
1384,2,2141,1087,1054,0,0,0,1.0,1,1.0,1,1.0,1,0.18266897602637205,55
1385,2,2143,1088,1055,0,0,0,1.0,1,1.0,1,1.0,1,0.18955800969248657,55
1386,3,2146,1090,1056,0,0,0,1.0,1,1.0,1,1.0,1,0.18457939091389033,54
1387,2,2148,1090,1058,0,0,0,1.0,1,1.0,1,1.0,1,0.15464248582125856,53
1388,3,2151,1092,1059,0,0,0,1.0,1,1.0,1,1.0,1,0.19625186255348573,52
1389,1,2152,1092,1060,0,0,0,1.0,1,1.0,1,1.0,1,0.2032774960029386,52
1390,1,2153,1092,1061,0,0,0,1.0,1,1.0,1,1.0,1,0.21291338927491502,51
1391,3,2156,1092,1064,0,0,0,1.0,1,1.0,1,1.0,1,0.18920846993546803,52
1392,1,2157,1093,1064,0,0,0,1.0,1,1.0,1,1.0,1,0.19124982006331392,51
1393,3,2160,1094,1066,0,0,0,1.0,1,1.0,1,1.0,1,0.17252984274638786,51
1394,1,2161,1094,1067,0,0,0,1.0,1,1.0,1,1.0,1,0.16642179818717562,52
1395,0,2161,1094,1067,0,0,0,1.0,1,1.0,1,1.0,1,0.16642179818717562,52
1396,2,2163,1094,1069,0,0,0,1.0,1,1.0,1,1.0,1,0.13896730163324258,53
1397,1,2164,1094,1070,0,0,0,1.0,1,1.0,1,1.0,1,0.14835949973194223,56
1398,3,2167,1095,1072,0,0,0,1.0,1,1.0,1,1.0,1,0.1655866075152525,56
1399,0,2167,1095,1072,0,0,0,1.0,1,1.0,1,1.0,1,0.16230516645659332,57
1400,1,2168,1095,1073,0,0,0,1.0,1,1.0,1,1.0,1,0.13717973140969497,57
1401,0,2168,1095,1073,0,0,0,1.0,1,1.0,1,1.0,1,0.13717973140969497,57
1402,4,2172,1099,1073,0,0,0,1.0,1,1.0,1,1.0,1,0.1633350597957523,57
1403,0,2172,1099,1073,0,0,0,1.0,1,1.0,1,1.0,1,0.1743209393550134,56
1404,0,2172,1099,1073,0,0,0,1.0,1,1.0,1,1.0,1,0.18403089972642012,58
1405,1,2173,1100,1073,0,0,0,1.0,1,1.0,1,1.0,1,0.24675187109639762,58
1406,0,2173,1100,1073,0,0,0,1.0,1,1.0,1,1.0,1,0.24675187109639762,58
1407,1,2174,1100,1074,0,0,0,1.0,1,1.0,1,1.0,1,0.25854422162693624,57
1408,6,2180,1100,1080,0,0,0,1.0,1,1.0,1,1.0,1,0.20852916270440325,58
1409,0,2180,1100,1080,0,0,0,1.0,1,1.0,1,1.0,1,0.20669669925805484,57
1410,0,2180,1100,1080,0,0,0,1.0,1,1.0,1,1.0,1,0.20669669925805484,57
1411,0,2180,1100,1080,0,0,0,1.0,1,1.0,1,1.0,1,0.2246657115526741,56
1412,0,2180,1100,1080,0,0,0,1.0,1,1.0,1,1.0,1,0.22941876415571866,55
1413,0,2180,1100,1080,0,0,0,1.0,1,1.0,1,1.0,1,0.2310013718343186,57
1414,1,2181,1100,1081,0,0,0,1.0,1,1.0,1,1.0,1,0.2159604763535624,57
1415,1,2182,1100,1082,0,0,0,1.0,1,1.0,1,1.0,1,0.21015675153897664,60
1416,3,2185,1101,1084,0,0,0,1.0,1,1.0,1,1.0,1,0.1883162212919739,61
1417,1,2186,1101,1085,0,0,0,1.0,1,1.0,1,1.0,1,0.16240755425973985,59
1418,3,2189,1102,1087,0,0,0,1.0,1,1.0,1,1.0,1,0.1814724307183041,60
1419,3,2192,1104,1088,0,0,0,1.0,1,1.0,1,1.0,1,0.15461901019465468,59
1420,2,2194,1104,1090,0,0,0,1.0,1,1.0,1,1.0,1,0.15329491850766425,58
1421,1,2195,1104,1091,0,0,0,1.0,1,1.0,1,1.0,1,0.14002914103074862,57
1422,1,2196,1105,1091,0,0,0,1.0,1,1.0,1,1.0,1,0.1485250612730322,57
1423,0,2196,1105,1091,0,0,0,1.0,1,1.0,1,1.0,1,0.15012086951985915,56
1424,1,2197,1106,1091,0,0,0,1.0,1,1.0,1,1.0,1,0.15217650126115267,57
1425,4,2201,1109,1092,0,0,0,1.0,1,1.0,1,1.0,1,0.14852123511834156,54
1426,3,2204,1111,1093,0,0,0,1.0,1,1.0,1,1.0,1,0.17255124179964298,54
1427,3,2207,1113,1094,0,0,0,1.0,1,1.0,1,1.0,1,0.2185538271396432,53
1428,2,2209,1115,1094,0,0,0,1.0,1,1.0,1,1.0,1,0.2260538972727647,52
1429,1,2210,1115,1095,0,0,0,1.0,1,1.0,1,1.0,1,0.20338795154571285,52
1430,4,2214,1117,1097,0,0,0,1.0,1,1.0,1,1.0,1,0.21953111677926415,51
1431,1,2215,1117,1098,0,0,0,1.0,1,1.0,1,1.0,1,0.20485818996587374,51
1432,3,2218,1119,1099,0,0,0,1.0,1,1.0,1,1.0,1,0.23529252413730126,52
1433,3,2221,1119,1102,0,0,0,1.0,1,1.0,1,1.0,1,0.18001426255813838,52
1434,4,2225,1122,1103,0,0,0,1.0,1,1.0,1,1.0,1,0.18478187977755595,52
1435,2,2227,1123,1104,0,0,0,1.0,1,1.0,1,1.0,1,0.1560564879336045,50
1436,5,2232,1126,1106,0,0,0,1.0,1,1.0,1,1.0,1,0.16311423215885454,50
1437,1,2233,1127,1106,0,0,0,1.0,1,1.0,1,1.0,1,0.1916909469092682,49
1438,1,2234,1128,1106,0,0,0,1.0,1,1.0,1,1.0,1,0.21782257437519495,49
1439,1,2235,1129,1106,0,0,0,1.0,1,1.0,1,1.0,1,0.270988575820423,50
1440,3,2238,1131,1107,0,0,0,1.0,1,1.0,1,1.0,1,0.2842729782768112,50
1441,3,2241,1132,1109,0,0,0,1.0,1,1.0,1,1.0,1,0.24208023434081666,51
1442,0,2241,1132,1109,0,0,0,1.0,1,1.0,1,1.0,1,0.24068560147646745,50
1443,1,2242,1132,1110,0,0,0,1.0,1,1.0,1,1.0,1,0.2300508096608247,51
1444,2,2244,1132,1112,0,0,0,1.0,1,1.0,1,1.0,1,0.21418255764120114,51
1445,0,2244,1132,1112,0,0,0,1.0,1,1.0,1,1.0,1,0.21418255764120114,51
1446,1,2245,1132,1113,0,0,0,1.0,1,1.0,1,1.0,1,0.20297700488594891,51
1447,0,2245,1132,1113,0,0,0,1.0,1,1.0,1,1.0,1,0.20297700488594891,51
1448,1,2246,1132,1114,0,0,0,1.0,1,1.0,1,1.0,1,0.1875727149756274,51
1449,0,2246,1132,1114,0,0,0,1.0,1,1.0,1,1.0,1,0.1875727149756274,51
1450,0,2246,1132,1114,0,0,0,1.0,1,1.0,1,1.0,1,0.17652829300949274,52
1451,1,2247,1133,1114,0,0,0,1.0,1,1.0,1,1.0,1,0.19465118186743602,54
1452,5,2252,1134,1118,0,0,0,1.0,1,1.0,1,1.0,1,0.19321228329845871,56
1453,3,2255,1135,1120,0,0,0,1.0,1,1.0,1,1.0,1,0.17587109099744352,56
1454,2,2257,1135,1122,0,0,0,1.0,1,1.0,1,1.0,1,0.18954223814144297,58
1455,3,2260,1137,1123,0,0,0,1.0,1,1.0,1,1.0,1,0.2105183229665803,55
1456,0,2260,1137,1123,0,0,0,1.0,1,1.0,1,1.0,1,0.22254825869175257,56
1457,2,2262,1138,1124,0,0,0,1.0,1,1.0,1,1.0,1,0.2616798120262454,54
1458,2,2264,1139,1125,0,0,0,1.0,1,1.0,1,1.0,1,0.2532274776167938,52
1459,3,2267,1140,1127,0,0,0,1.0,1,1.0,1,1.0,1,0.23124041409190907,52
1460,1,2268,1141,1127,0,0,0,1.0,1,1.0,1,1.0,1,0.202056475355522,50
1461,2,2270,1143,1127,0,0,0,1.0,1,1.0,1,1.0,1,0.2141174118195443,53
1462,4,2274,1147,1127,0,0,0,1.0,1,1.0,1,1.0,1,0.24438696718325728,51
1463,2,2276,1149,1127,0,0,0,1.0,1,1.0,1,1.0,1,0.2751899355233638,51
1464,6,2282,1151,1131,0,0,0,1.0,1,1.0,1,1.0,1,0.27109552575126905,51
1465,2,2284,1151,1133,0,0,0,1.0,1,1.0,1,1.0,1,0.2527953446608745,49
1466,2,2286,1152,1134,0,0,0,1.0,1,1.0,1,1.0,1,0.2465555488793493,49
1467,4,2290,1154,1136,0,0,0,1.0,1,1.0,1,1.0,1,0.2530380539886766,47
1468,4,2294,1155,1139,0,0,0,1.0,1,1.0,1,1.0,1,0.21099592827447675,48
1469,4,2298,1157,1141,0,0,0,1.0,1,1.0,1,1.0,1,0.197647977955162,47
1470,0,2298,1157,1141,0,0,0,1.0,1,1.0,1,1.0,1,0.18070393461077328,49
1471,0,2298,1157,1141,0,0,0,1.0,1,1.0,1,1.0,1,0.20100633057610162,48
1472,0,2298,1157,1141,0,0,0,1.0,1,1.0,1,1.0,1,0.18555014212284157,48
1473,1,2299,1157,1142,0,0,0,1.0,1,1.0,1,1.0,1,0.18098850928394286,49
1474,0,2299,1157,1142,0,0,0,1.0,1,1.0,1,1.0,1,0.18098850928394286,49
1475,0,2299,1157,1142,0,0,0,1.0,1,1.0,1,1.0,1,0.18098850928394286,49
1476,4,2303,1158,1145,0,0,0,1.0,1,1.0,1,1.0,1,0.1686366999854831,51
1477,1,2304,1158,1146,0,0,0,1.0,1,1.0,1,1.0,1,0.1483634072882629,51
1478,0,2304,1158,1146,0,0,0,1.0,1,1.0,1,1.0,1,0.13432820484442498,52
1479,1,2305,1158,1147,0,0,0,1.0,1,1.0,1,1.0,1,0.13777767184561085,53
1480,1,2306,1159,1147,0,0,0,1.0,1,1.0,1,1.0,1,0.15663957197670939,53
1481,1,2307,1159,1148,0,0,0,1.0,1,1.0,1,1.0,1,0.13459200770957067,53
1482,2,2309,1160,1149,0,0,0,1.0,1,1.0,1,1.0,1,0.1729638201684184,52
1483,0,2309,1160,1149,0,0,0,1.0,1,1.0,1,1.0,1,0.1729638201684184,52
1484,2,2311,1160,1151,0,0,0,1.0,1,1.0,1,1.0,1,0.17294706285556594,53
1485,0,2311,1160,1151,0,0,0,1.0,1,1.0,1,1.0,1,0.17294706285556594,53
1486,1,2312,1160,1152,0,0,0,1.0,1,1.0,1,1.0,1,0.1898474733186821,54
1487,3,2315,1162,1153,0,0,0,1.0,1,1.0,1,1.0,1,0.18868443484781242,55
1488,1,2316,1162,1154,0,0,0,1.0,1,1.0,1,1.0,1,0.1865562452864411,57
1489,3,2319,1165,1154,0,0,0,1.0,1,1.0,1,1.0,1,0.19452633752334708,58
1490,0,2319,1165,1154,0,0,0,1.0,1,1.0,1,1.0,1,0.19452633752334708,58
1491,4,2323,1167,1156,0,0,0,1.0,1,1.0,1,1.0,1,0.17862600435317197,59
1492,1,2324,1167,1157,0,0,0,1.0,1,1.0,1,1.0,1,0.17485168097114762,59
1493,0,2324,1167,1157,0,0,0,1.0,1,1.0,1,1.0,1,0.17153282151780852,58
1494,2,2326,1168,1158,0,0,0,1.0,1,1.0,1,1.0,1,0.17865152486514474,58
1495,2,2328,1170,1158,0,0,0,1.0,1,1.0,1,1.0,1,0.21278942069726817,57
1496,3,2331,1170,1161,0,0,0,1.0,1,1.0,1,1.0,1,0.1744839958479159,59
1497,1,2332,1171,1161,0,0,0,1.0,1,1.0,1,1.0,1,0.2042806359513968,58
1498,3,2335,1173,1162,0,0,0,1.0,1,1.0,1,1.0,1,0.19870541091630942,58
1499,1,2336,1173,1163,0,0,0,1.0,1,1.0,1,1.0,1,0.185013489877158,56
1500,2,2338,1175,1163,0,0,0,1.0,1,1.0,1,1.0,1,0.1993654743456064,57
1501,1,2339,1175,1164,0,0,0,1.0,1,1.0,1,1.0,1,0.18718941314626295,55
1502,1,2340,1176,1164,0,0,0,1.0,1,1.0,1,1.0,1,0.1962527030137346,55
1503,2,2342,1177,1165,0,0,0,1.0,1,1.0,1,1.0,1,0.20971929410915668,54
1504,3,2345,1178,1167,0,0,0,1.0,1,1.0,1,1.0,1,0.14665211525313004,55
1505,3,2348,1180,1168,0,0,0,1.0,1,1.0,1,1.0,1,0.12921626736535052,53
1506,2,2350,1181,1169,0,0,0,1.0,1,1.0,1,1.0,1,0.14061024293310836,55
1507,2,2352,1182,1170,0,0,0,1.0,1,1.0,1,1.0,1,0.1063297764622121,53
1508,4,2356,1185,1171,0,0,0,1.0,1,1.0,1,1.0,1,0.1600470247596289,53
1509,1,2357,1185,1172,0,0,0,1.0,1,1.0,1,1.0,1,0.13039800650404906,52
1510,1,2358,1186,1172,0,0,0,1.0,1,1.0,1,1.0,1,0.14980932355202325,50
1511,1,2359,1187,1172,0,0,0,1.0,1,1.0,1,1.0,1,0.16769246141053784,49
1512,5,2364,1190,1174,0,0,0,1.0,1,1.0,1,1.0,1,0.1779275807759151,48
1513,2,2366,1191,1175,0,0,0,1.0,1,1.0,1,1.0,1,0.2279976156201415,47
1514,2,2368,1192,1176,0,0,0,1.0,1,1.0,1,1.0,1,0.19750719039090506,48
1515,1,2369,1192,1177,0,0,0,1.0,1,1.0,1,1.0,1,0.18906707644979623,48
1516,1,2370,1192,1178,0,0,0,1.0,1,1.0,1,1.0,1,0.16166167088385308,47
1517,0,2370,1192,1178,0,0,0,1.0,1,1.0,1,1.0,1,0.17949750751302715,48
1518,0,2370,1192,1178,0,0,0,1.0,1,1.0,1,1.0,1,0.17949750751302715,48
1519,0,2370,1192,1178,0,0,0,1.0,1,1.0,1,1.0,1,0.19567924765882036,47
1520,3,2373,1194,1179,0,0,0,1.0,1,1.0,1,1.0,1,0.2281514362127202,48
1521,2,2375,1194,1181,0,0,0,1.0,1,1.0,1,1.0,1,0.18522872719480296,49
1522,2,2377,1195,1182,0,0,0,1.0,1,1.0,1,1.0,1,0.19380771449091405,48
1523,2,2379,1196,1183,0,0,0,1.0,1,1.0,1,1.0,1,0.2124978577868493,49
1524,1,2380,1197,1183,0,0,0,1.0,1,1.0,1,1.0,1,0.21353315144168947,49
1525,3,2383,1198,1185,0,0,0,1.0,1,1.0,1,1.0,1,0.21898569852816283,51
1526,2,2385,1198,1187,0,0,0,1.0,1,1.0,1,1.0,1,0.1949606748168516,52
1527,2,2387,1199,1188,0,0,0,1.0,1,1.0,1,1.0,1,0.2251483219695359,54
1528,1,2388,1199,1189,0,0,0,1.0,1,1.0,1,1.0,1,0.21349780459336903,54
1529,0,2388,1199,1189,0,0,0,1.0,1,1.0,1,1.0,1,0.21349780459336903,54
1530,1,2389,1199,1190,0,0,0,1.0,1,1.0,1,1.0,1,0.22570808045172672,54
1531,1,2390,1199,1191,0,0,0,1.0,1,1.0,1,1.0,1,0.2107671339351412,54
1532,1,2391,1200,1191,0,0,0,1.0,1,1.0,1,1.0,1,0.21658017689357817,54
1533,2,2393,1200,1193,0,0,0,1.0,1,1.0,1,1.0,1,0.173330997211136,54
1534,0,2393,1200,1193,0,0,0,1.0,1,1.0,1,1.0,1,0.173330997211136,54
1535,1,2394,1200,1194,0,0,0,1.0,1,1.0,1,1.0,1,0.16000849656448551,54
1536,0,2394,1200,1194,0,0,0,1.0,1,1.0,1,1.0,1,0.1657252233647311,55
1537,1,2395,1200,1195,0,0,0,1.0,1,1.0,1,1.0,1,0.1822426903405151,53
1538,0,2395,1200,1195,0,0,0,1.0,1,1.0,1,1.0,1,0.1940461008179409,54
1539,0,2395,1200,1195,0,0,0,1.0,1,1.0,1,1.0,1,0.2203645755850804,54
1540,2,2397,1201,1196,0,0,0,1.0,1,1.0,1,1.0,1,0.22073002019974547,54
1541,0,2397,1201,1196,0,0,0,1.0,1,1.0,1,1.0,1,0.22147036624358107,54
1542,8,2405,1203,1202,0,0,0,1.0,1,1.0,1,1.0,1,0.21095572125466028,57
1543,2,2407,1205,1202,0,0,0,1.0,1,1.0,1,1.0,1,0.2456505463823196,55
1544,8,2415,1207,1208,0,0,0,1.0,1,1.0,1,1.0,1,0.165710601669043,54
1545,3,2418,1208,1210,0,0,0,1.0,1,1.0,1,1.0,1,0.17086483551754686,54
1546,3,2421,1210,1211,0,0,0,1.0,1,1.0,1,1.0,1,0.17932383383922382,53
1547,3,2424,1212,1212,0,0,0,1.0,1,1.0,1,1.0,1,0.17696536087983625,53
1548,5,2429,1215,1214,0,0,0,1.0,1,1.0,1,1.0,1,0.1718949690012964,54
1549,3,2432,1216,1216,0,0,0,1.0,1,1.0,1,1.0,1,0.12174579426429853,52
1550,4,2436,1220,1216,0,0,0,1.0,1,1.0,1,1.0,1,0.1628194480694303,52
1551,5,2441,1223,1218,0,0,0,1.0,1,1.0,1,1.0,1,0.22115656791221638,52
1552,4,2445,1226,1219,0,0,0,1.0,1,1.0,1,1.0,1,0.2426809237887313,51
1553,8,2453,1228,1225,0,0,0,1.0,1,1.0,1,1.0,1,0.19933718056951832,51
1554,5,2458,1229,1229,0,0,0,1.0,1,1.0,1,1.0,1,0.13019988316040731,51
1555,0,2458,1229,1229,0,0,0,1.0,1,1.0,1,1.0,1,0.13952348019140237,50
1556,2,2460,1231,1229,0,0,0,1.0,1,1.0,1,1.0,1,0.15883158438536052,51
1557,1,2461,1232,1229,0,0,0,1.0,1,1.0,1,1.0,1,0.1782692509596943,51
1558,2,2463,1232,1231,0,0,0,1.0,1,1.0,1,1.0,1,0.15033205015061762,52
1559,1,2464,1233,1231,0,0,0,1.0,1,1.0,1,1.0,1,0.1644289467660422,53
1560,2,2466,1234,1232,0,0,0,1.0,1,1.0,1,1.0,1,0.12291040835597779,51
1561,0,2466,1234,1232,0,0,0,1.0,1,1.0,1,1.0,1,0.12291040835597779,51
1562,0,2466,1234,1232,0,0,0,1.0,1,1.0,1,1.0,1,0.13266048850828613,52
1563,0,2466,1234,1232,0,0,0,1.0,1,1.0,1,1.0,1,0.13266048850828613,52
1564,0,2466,1234,1232,0,0,0,1.0,1,1.0,1,1.0,1,0.1517259345903807,51
1565,1,2467,1235,1232,0,0,0,1.0,1,1.0,1,1.0,1,0.15985157802879926,53
1566,3,2470,1235,1235,0,0,0,1.0,1,1.0,1,1.0,1,0.15032318716553267,53
1567,3,2473,1235,1238,0,0,0,1.0,1,1.0,1,1.0,1,0.12800442249609775,52
1568,2,2475,1237,1238,0,0,0,1.0,1,1.0,1,1.0,1,0.1872876344955587,52
1569,1,2476,1238,1238,0,0,0,1.0,1,1.0,1,1.0,1,0.18081972032993482,49
1570,0,2476,1238,1238,0,0,0,1.0,1,1.0,1,1.0,1,0.16790784385782562,48
1571,2,2478,1239,1239,0,0,0,1.0,1,1.0,1,1.0,1,0.15789791119215188,46
1572,4,2482,1242,1240,0,0,0,1.0,1,1.0,1,1.0,1,0.1594205458572552,47
1573,1,2483,1243,1240,0,0,0,1.0,1,1.0,1,1.0,1,0.14900184612678985,48
1574,3,2486,1246,1240,0,0,0,1.0,1,1.0,1,1.0,1,0.1743286300965708,46
1575,2,2488,1248,1240,0,0,0,1.0,1,1.0,1,1.0,1,0.23050489986261738,47
1576,4,2492,1251,1241,0,0,0,1.0,1,1.0,1,1.0,1,0.20456160803895884,46
1577,0,2492,1251,1241,0,0,0,1.0,1,1.0,1,1.0,1,0.18747642252391208,45
1578,0,2492,1251,1241,0,0,0,1.0,1,1.0,1,1.0,1,0.17151989087990463,44
1579,1,2493,1251,1242,0,0,0,1.0,1,1.0,1,1.0,1,0.1813463322802845,43
1580,2,2495,1253,1242,0,0,0,1.0,1,1.0,1,1.0,1,0.20710275133534417,43
1581,0,2495,1253,1242,0,0,0,1.0,1,1.0,1,1.0,1,0.2084746052504628,42
1582,1,2496,1254,1242,0,0,0,1.0,1,1.0,1,1.0,1,0.23247771675333534,42
1583,5,2501,1256,1245,0,0,0,1.0,1,1.0,1,1.0,1,0.23180633602846157,43
1584,1,2502,1257,1245,0,0,0,1.0,1,1.0,1,1.0,1,0.21539936755274416,41
1585,2,2504,1258,1246,0,0,0,1.0,1,1.0,1,1.0,1,0.1911675439509347,43
1586,1,2505,1259,1246,0,0,0,1.0,1,1.0,1,1.0,1,0.19516106822933876,42
1587,3,2508,1261,1247,0,0,0,1.0,1,1.0,1,1.0,1,0.2003240343667238,42
1588,3,2511,1264,1247,0,0,0,1.0,1,1.0,1,1.0,1,0.25663288323189815,42
1589,1,2512,1264,1248,0,0,0,1.0,1,1.0,1,1.0,1,0.19529656194701833,42
1590,3,2515,1264,1251,0,0,0,1.0,1,1.0,1,1.0,1,0.19612173207777134,41
1591,2,2517,1264,1253,0,0,0,1.0,1,1.0,1,1.0,1,0.19144435728942233,40
1592,2,2519,1265,1254,0,0,0,1.0,1,1.0,1,1.0,1,0.15024299222197668,39
1593,1,2520,1266,1254,0,0,0,1.0,1,1.0,1,1.0,1,0.1912590317678814,39
1594,0,2520,1266,1254,0,0,0,1.0,1,1.0,1,1.0,1,0.19215245887368584,39
1595,2,2522,1267,1255,0,0,0,1.0,1,1.0,1,1.0,1,0.21960024951346988,42
1596,1,2523,1267,1256,0,0,0,1.0,1,1.0,1,1.0,1,0.2059826473220656,41
1597,1,2524,1268,1256,0,0,0,1.0,1,1.0,1,1.0,1,0.24162802853965254,41
1598,1,2525,1268,1257,0,0,0,1.0,1,1.0,1,1.0,1,0.24791839687956962,39
1599,2,2527,1269,1258,0,0,0,1.0,1,1.0,1,1.0,1,0.2232898912659007,39
1600,2,2529,1269,1260,0,0,0,1.0,1,1.0,1,1.0,1,0.19766514199570223,40
1601,2,2531,1271,1260,0,0,0,1.0,1,1.0,1,1.0,1,0.2703113981874098,41
1602,1,2532,1271,1261,0,0,0,1.0,1,1.0,1,1.0,1,0.23741474819489908,41
1603,3,2535,1272,1263,0,0,0,1.0,1,1.0,1,1.0,1,0.2697649044206365,43
1604,0,2535,1272,1263,0,0,0,1.0,1,1.0,1,1.0,1,0.2697649044206365,43
1605,4,2539,1273,1266,0,0,0,1.0,1,1.0,1,1.0,1,0.24652891087964143,44
1606,1,2540,1274,1266,0,0,0,1.0,1,1.0,1,1.0,1,0.2497433393322096,44
1607,2,2542,1275,1267,0,0,0,1.0,1,1.0,1,1.0,1,0.2627850996734912,42
1608,3,2545,1277,1268,0,0,0,1.0,1,1.0,1,1.0,1,0.2708296602215356,41
1609,0,2545,1277,1268,0,0,0,1.0,1,1.0,1,1.0,1,0.2388203774004206,39
1610,2,2547,1277,1270,0,0,0,1.0,1,1.0,1,1.0,1,0.16285492538423954,39
1611,1,2548,1278,1270,0,0,0,1.0,1,1.0,1,1.0,1,0.18306783704107715,40
1612,0,2548,1278,1270,0,0,0,1.0,1,1.0,1,1.0,1,0.16218976413847094,39
1613,0,2548,1278,1270,0,0,0,1.0,1,1.0,1,1.0,1,0.20222646152043308,41
1614,1,2549,1279,1270,0,0,0,1.0,1,1.0,1,1.0,1,0.1743794652990064,41
1615,0,2549,1279,1270,0,0,0,1.0,1,1.0,1,1.0,1,0.1743794652990064,41
1616,3,2552,1281,1271,0,0,0,1.0,1,1.0,1,1.0,1,0.22909439920317484,43
1617,4,2556,1282,1274,0,0,0,1.0,1,1.0,1,1.0,1,0.22259152177365651,44
1618,2,2558,1283,1275,0,0,0,1.0,1,1.0,1,1.0,1,0.1917749554274275,44
1619,1,2559,1284,1275,0,0,0,1.0,1,1.0,1,1.0,1,0.22420518326716662,44
1620,2,2561,1285,1276,0,0,0,1.0,1,1.0,1,1.0,1,0.2418512217973127,45
1621,3,2564,1285,1279,0,0,0,1.0,1,1.0,1,1.0,1,0.23635092252290404,44
1622,1,2565,1286,1279,0,0,0,1.0,1,1.0,1,1.0,1,0.24797942920366234,44
1623,1,2566,1286,1280,0,0,0,1.0,1,1.0,1,1.0,1,0.2418825831254012,43
1624,0,2566,1286,1280,0,0,0,1.0,1,1.0,1,1.0,1,0.2208695082597195,43
1625,2,2568,1288,1280,0,0,0,1.0,1,1.0,1,1.0,1,0.24774881937164384,43
1626,4,2572,1291,1281,0,0,0,1.0,1,1.0,1,1.0,1,0.27420576464502,42
1627,2,2574,1291,1283,0,0,0,1.0,1,1.0,1,1.0,1,0.2345729636797834,42
1628,2,2576,1293,1283,0,0,0,1.0,1,1.0,1,1.0,1,0.285702007633561,42
1629,0,2576,1293,1283,0,0,0,1.0,1,1.0,1,1.0,1,0.2726079887773394,41
1630,2,2578,1295,1283,0,0,0,1.0,1,1.0,1,1.0,1,0.3270569350857237,41
1631,1,2579,1295,1284,0,0,0,1.0,1,1.0,1,1.0,1,0.2946593971880622,40
1632,2,2581,1295,1286,0,0,0,1.0,1,1.0,1,1.0,1,0.22788402945947434,39
1633,1,2582,1295,1287,0,0,0,1.0,1,1.0,1,1.0,1,0.21523555139643752,39
1634,0,2582,1295,1287,0,0,0,1.0,1,1.0,1,1.0,1,0.21523555139643752,39
1635,0,2582,1295,1287,0,0,0,1.0,1,1.0,1,1.0,1,0.21758120079566365,40
1636,2,2584,1296,1288,0,0,0,1.0,1,1.0,1,1.0,1,0.23147330308348993,41
1637,1,2585,1296,1289,0,0,0,1.0,1,1.0,1,1.0,1,0.2337910106538505,41
1638,3,2588,1297,1291,0,0,0,1.0,1,1.0,1,1.0,1,0.2232647364055551,42
1639,0,2588,1297,1291,0,0,0,1.0,1,1.0,1,1.0,1,0.22009488938370392,43
1640,0,2588,1297,1291,0,0,0,1.0,1,1.0,1,1.0,1,0.22009488938370392,43
1641,1,2589,1297,1292,0,0,0,1.0,1,1.0,1,1.0,1,0.20137374154749765,44
1642,5,2594,1300,1294,0,0,0,1.0,1,1.0,1,1.0,1,0.22708206214605764,45
1643,1,2595,1301,1294,0,0,0,1.0,1,1.0,1,1.0,1,0.24549499975798234,44
1644,2,2597,1303,1294,0,0,0,1.0,1,1.0,1,1.0,1,0.2685073687258389,45
1645,6,2603,1305,1298,0,0,0,1.0,1,1.0,1,1.0,1,0.2642934718231626,44
1646,3,2606,1306,1300,0,0,0,1.0,1,1.0,1,1.0,1,0.20735611826896252,43
1647,1,2607,1307,1300,0,0,0,1.0,1,1.0,1,1.0,1,0.2217496728676087,43
1648,1,2608,1307,1301,0,0,0,1.0,1,1.0,1,1.0,1,0.2441351106000278,42
1649,0,2608,1307,1301,0,0,0,1.0,1,1.0,1,1.0,1,0.2587547924543061,41
1650,0,2608,1307,1301,0,0,0,1.0,1,1.0,1,1.0,1,0.2587547924543061,41
1651,1,2609,1308,1301,0,0,0,1.0,1,1.0,1,1.0,1,0.29714550299418957,40
1652,0,2609,1308,1301,0,0,0,1.0,1,1.0,1,1.0,1,0.3144227521553483,39
1653,2,2611,1308,1303,0,0,0,1.0,1,1.0,1,1.0,1,0.31127097975995865,39
1654,0,2611,1308,1303,0,0,0,1.0,1,1.0,1,1.0,1,0.31127097975995865,39
1655,3,2614,1310,1304,0,0,0,1.0,1,1.0,1,1.0,1,0.31556430233313637,40
1656,2,2616,1310,1306,0,0,0,1.0,1,1.0,1,1.0,1,0.2808031379581173,40
1657,2,2618,1310,1308,0,0,0,1.0,1,1.0,1,1.0,1,0.23593065371446878,40
1658,1,2619,1310,1309,0,0,0,1.0,1,1.0,1,1.0,1,0.20199420152216277,40
1659,2,2621,1312,1309,0,0,0,1.0,1,1.0,1,1.0,1,0.25025667691131137,40
1660,3,2624,1313,1311,0,0,0,1.0,1,1.0,1,1.0,1,0.20338219370454097,41
1661,2,2626,1315,1311,0,0,0,1.0,1,1.0,1,1.0,1,0.2372290689365377,42
1662,2,2628,1316,1312,0,0,0,1.0,1,1.0,1,1.0,1,0.2139486408665429,44
1663,3,2631,1318,1313,0,0,0,1.0,1,1.0,1,1.0,1,0.21853760142577752,43
1664,6,2637,1322,1315,0,0,0,1.0,1,1.0,1,1.0,1,0.21914879723505482,42
1665,3,2640,1323,1317,0,0,0,1.0,1,1.0,1,1.0,1,0.192728700877745,42
1666,2,2642,1325,1317,0,0,0,1.0,1,1.0,1,1.0,1,0.2690418728001799,43
1667,3,2645,1328,1317,0,0,0,1.0,1,1.0,1,1.0,1,0.2915114795121523,40
1668,5,2650,1329,1321,0,0,0,1.0,1,1.0,1,1.0,1,0.167324970146143,40
1669,0,2650,1329,1321,0,0,0,1.0,1,1.0,1,1.0,1,0.1638678825585176,40
1670,0,2650,1329,1321,0,0,0,1.0,1,1.0,1,1.0,1,0.14727201636047252,39
1671,1,2651,1330,1321,0,0,0,1.0,1,1.0,1,1.0,1,0.16769676226272484,39
1672,3,2654,1332,1322,0,0,0,1.0,1,1.0,1,1.0,1,0.17965309535730875,38
1673,2,2656,1333,1323,0,0,0,1.0,1,1.0,1,1.0,1,0.18656118480153222,38
1674,0,2656,1333,1323,0,0,0,1.0,1,1.0,1,1.0,1,0.17976245780943037,38
1675,2,2658,1334,1324,0,0,0,1.0,1,1.0,1,1.0,1,0.1906580065626554,39
1676,0,2658,1334,1324,0,0,0,1.0,1,1.0,1,1.0,1,0.18885382207518045,39
1677,0,2658,1334,1324,0,0,0,1.0,1,1.0,1,1.0,1,0.19457333556367643,40
1678,0,2658,1334,1324,0,0,0,1.0,1,1.0,1,1.0,1,0.18660218206557871,39
1679,0,2658,1334,1324,0,0,0,1.0,1,1.0,1,1.0,1,0.18660218206557871,39
1680,0,2658,1334,1324,0,0,0,1.0,1,1.0,1,1.0,1,0.20771664703308956,40
1681,0,2658,1334,1324,0,0,0,1.0,1,1.0,1,1.0,1,0.21287781009822346,41
1682,0,2658,1334,1324,0,0,0,1.0,1,1.0,1,1.0,1,0.19571198775370577,40
1683,3,2661,1337,1324,0,0,0,1.0,1,1.0,1,1.0,1,0.25428521357482453,43
1684,6,2667,1340,1327,0,0,0,1.0,1,1.0,1,1.0,1,0.2505935054964615,42
1685,4,2671,1341,1330,0,0,0,1.0,1,1.0,1,1.0,1,0.19493920009610416,41
1686,0,2671,1341,1330,0,0,0,1.0,1,1.0,1,1.0,1,0.19676823638230473,39
1687,3,2674,1344,1330,0,0,0,1.0,1,1.0,1,1.0,1,0.2326343403085827,41
1688,3,2677,1346,1331,0,0,0,1.0,1,1.0,1,1.0,1,0.23084063414106878,39
1689,3,2680,1348,1332,0,0,0,1.0,1,1.0,1,1.0,1,0.2639506553289542,37
1690,2,2682,1348,1334,0,0,0,1.0,1,1.0,1,1.0,1,0.24405736417764004,36
1691,2,2684,1349,1335,0,0,0,1.0,1,1.0,1,1.0,1,0.23608678596419422,36
1692,0,2684,1349,1335,0,0,0,1.0,1,1.0,1,1.0,1,0.21336135438046996,34
1693,1,2685,1350,1335,0,0,0,1.0,1,1.0,1,1.0,1,0.27418733860061373,33
1694,0,2685,1350,1335,0,0,0,1.0,1,1.0,1,1.0,1,0.28412337658825376,32
1695,1,2686,1350,1336,0,0,0,1.0,1,1.0,1,1.0,1,0.25622175593107327,32
1696,1,2687,1351,1336,0,0,0,1.0,1,1.0,1,1.0,1,0.2881596618746293,34
1697,0,2687,1351,1336,0,0,0,1.0,1,1.0,1,1.0,1,0.2881596618746293,34
1698,2,2689,1353,1336,0,0,0,1.0,1,1.0,1,1.0,1,0.2662052651071603,36
1699,2,2691,1355,1336,0,0,0,1.0,1,1.0,1,1.0,1,0.31367978278490405,36
1700,0,2691,1355,1336,0,0,0,1.0,1,1.0,1,1.0,1,0.3337592498831092,37
1701,2,2693,1356,1337,0,0,0,1.0,1,1.0,1,1.0,1,0.3347910787297723,39
1702,5,2698,1359,1339,0,0,0,1.0,1,1.0,1,1.0,1,0.3656027056861805,39
1703,3,2701,1360,1341,0,0,0,1.0,1,1.0,1,1.0,1,0.34618458078480957,38
1704,5,2706,1364,1342,0,0,0,1.0,1,1.0,1,1.0,1,0.35442846259401145,38
1705,2,2708,1364,1344,0,0,0,1.0,1,1.0,1,1.0,1,0.3055277041076556,37
1706,0,2708,1364,1344,0,0,0,1.0,1,1.0,1,1.0,1,0.3055277041076556,37
1707,1,2709,1365,1344,0,0,0,1.0,1,1.0,1,1.0,1,0.32421448096292377,36
1708,1,2710,1366,1344,0,0,0,1.0,1,1.0,1,1.0,1,0.3164260368964625,34
1709,2,2712,1367,1345,0,0,0,1.0,1,1.0,1,1.0,1,0.2880054898140357,34
1710,5,2717,1369,1348,0,0,0,1.0,1,1.0,1,1.0,1,0.3434178601700098,33
1711,4,2721,1371,1350,0,0,0,1.0,1,1.0,1,1.0,1,0.30637287172379574,32
1712,1,2722,1372,1350,0,0,0,1.0,1,1.0,1,1.0,1,0.3502084303483468,31
1713,1,2723,1372,1351,0,0,0,1.0,1,1.0,1,1.0,1,0.33237303068217466,32
1714,0,2723,1372,1351,0,0,0,1.0,1,1.0,1,1.0,1,0.33237303068217466,32
1715,1,2724,1372,1352,0,0,0,1.0,1,1.0,1,1.0,1,0.3175879883727643,32
1716,0,2724,1372,1352,0,0,0,1.0,1,1.0,1,1.0,1,0.32304181027574047,34
1717,0,2724,1372,1352,0,0,0,1.0,1,1.0,1,1.0,1,0.32304181027574047,34
1718,1,2725,1373,1352,0,0,0,1.0,1,1.0,1,1.0,1,0.341990390895669,34
1719,3,2728,1374,1354,0,0,0,1.0,1,1.0,1,1.0,1,0.32327638997254005,34
1720,1,2729,1374,1355,0,0,0,1.0,1,1.0,1,1.0,1,0.2982952935467994,34
1721,0,2729,1374,1355,0,0,0,1.0,1,1.0,1,1.0,1,0.3024948686902943,35
1722,0,2729,1374,1355,0,0,0,1.0,1,1.0,1,1.0,1,0.29208593282100537,35
1723,0,2729,1374,1355,0,0,0,1.0,1,1.0,1,1.0,1,0.31118989160291055,34
1724,3,2732,1375,1357,0,0,0,1.0,1,1.0,1,1.0,1,0.24486910633176057,33
1725,2,2734,1376,1358,0,0,0,1.0,1,1.0,1,1.0,1,0.28715975851318587,35
1726,0,2734,1376,1358,0,0,0,1.0,1,1.0,1,1.0,1,0.27769413359550654,34
1727,0,2734,1376,1358,0,0,0,1.0,1,1.0,1,1.0,1,0.27769413359550654,34
1728,1,2735,1376,1359,0,0,0,1.0,1,1.0,1,1.0,1,0.26002861312447834,35
1729,2,2737,1377,1360,0,0,0,1.0,1,1.0,1,1.0,1,0.2533830888133473,35
1730,1,2738,1378,1360,0,0,0,1.0,1,1.0,1,1.0,1,0.26345766760808886,35
1731,0,2738,1378,1360,0,0,0,1.0,1,1.0,1,1.0,1,0.28570347261588264,35
1732,0,2738,1378,1360,0,0,0,1.0,1,1.0,1,1.0,1,0.28570347261588264,35
1733,0,2738,1378,1360,0,0,0,1.0,1,1.0,1,1.0,1,0.299981090203964,33
1734,1,2739,1379,1360,0,0,0,1.0,1,1.0,1,1.0,1,0.30549238585176963,34
1735,4,2743,1379,1364,0,0,0,1.0,1,1.0,1,1.0,1,0.311667393459095,33
1736,3,2746,1381,1365,0,0,0,1.0,1,1.0,1,1.0,1,0.31191796371764663,33
1737,5,2751,1382,1369,0,0,0,1.0,1,1.0,1,1.0,1,0.21797826040400578,35
1738,1,2752,1383,1369,0,0,0,1.0,1,1.0,1,1.0,1,0.22135575470822053,36
1739,2,2754,1385,1369,0,0,0,1.0,1,1.0,1,1.0,1,0.221728663967017,36
1740,6,2760,1387,1373,0,0,0,1.0,1,1.0,1,1.0,1,0.169724715922978,37
1741,0,2760,1387,1373,0,0,0,1.0,1,1.0,1,1.0,1,0.17150188568079014,36
1742,1,2761,1388,1373,0,0,0,1.0,1,1.0,1,1.0,1,0.18146417430611755,36
1743,2,2763,1389,1374,0,0,0,1.0,1,1.0,1,1.0,1,0.20416018554570067,37
1744,0,2763,1389,1374,0,0,0,1.0,1,1.0,1,1.0,1,0.20170687072051743,37
1745,4,2767,1392,1375,0,0,0,1.0,1,1.0,1,1.0,1,0.24938142753202355,38
1746,3,2770,1393,1377,0,0,0,1.0,1,1.0,1,1.0,1,0.19899088436106338,38
1747,0,2770,1393,1377,0,0,0,1.0,1,1.0,1,1.0,1,0.19504587315357522,37
1748,0,2770,1393,1377,0,0,0,1.0,1,1.0,1,1.0,1,0.19117427018675884,38
1749,1,2771,1394,1377,0,0,0,1.0,1,1.0,1,1.0,1,0.20711547197608074,38
1750,1,2772,1395,1377,0,0,0,1.0,1,1.0,1,1.0,1,0.21526460009338022,39
1751,0,2772,1395,1377,0,0,0,1.0,1,1.0,1,1.0,1,0.21203127347210035,41
1752,1,2773,1396,1377,0,0,0,1.0,1,1.0,1,1.0,1,0.22498947005960804,41
1753,2,2775,1397,1378,0,0,0,1.0,1,1.0,1,1.0,1,0.2430427510722605,41
1754,4,2779,1401,1378,0,0,0,1.0,1,1.0,1,1.0,1,0.27322769816209935,40
1755,4,2783,1402,1381,0,0,0,1.0,1,1.0,1,1.0,1,0.24211490136515318,41
1756,1,2784,1402,1382,0,0,0,1.0,1,1.0,1,1.0,1,0.2393506556824011,41
1757,0,2784,1402,1382,0,0,0,1.0,1,1.0,1,1.0,1,0.2396159816324679,40
1758,1,2785,1403,1382,0,0,0,1.0,1,1.0,1,1.0,1,0.2675251872234562,41
1759,2,2787,1405,1382,0,0,0,1.0,1,1.0,1,1.0,1,0.3503104517662819,38
1760,3,2790,1406,1384,0,0,0,1.0,1,1.0,1,1.0,1,0.37274914262053976,38
1761,2,2792,1407,1385,0,0,0,1.0,1,1.0,1,1.0,1,0.371507150694525,37
1762,4,2796,1407,1389,0,0,0,1.0,1,1.0,1,1.0,1,0.29025233917421533,37
1763,2,2798,1408,1390,0,0,0,1.0,1,1.0,1,1.0,1,0.2660736262848392,37
1764,1,2799,1408,1391,0,0,0,1.0,1,1.0,1,1.0,1,0.24185790221680545,36
1765,2,2801,1410,1391,0,0,0,1.0,1,1.0,1,1.0,1,0.2521919849186287,36
1766,2,2803,1411,1392,0,0,0,1.0,1,1.0,1,1.0,1,0.22612306480529826,37
1767,3,2806,1413,1393,0,0,0,1.0,1,1.0,1,1.0,1,0.22749902922388712,37
1768,4,2810,1414,1396,0,0,0,1.0,1,1.0,1,1.0,1,0.19881646933693434,37
1769,0,2810,1414,1396,0,0,0,1.0,1,1.0,1,1.0,1,0.2058595473139833,38
1770,2,2812,1415,1397,0,0,0,1.0,1,1.0,1,1.0,1,0.23933113910451304,39
1771,0,2812,1415,1397,0,0,0,1.0,1,1.0,1,1.0,1,0.23933113910451304,39
1772,0,2812,1415,1397,0,0,0,1.0,1,1.0,1,1.0,1,0.23933113910451304,39
1773,0,2812,1415,1397,0,0,0,1.0,1,1.0,1,1.0,1,0.22062615141515207,41
1774,0,2812,1415,1397,0,0,0,1.0,1,1.0,1,1.0,1,0.22062615141515207,41
1775,0,2812,1415,1397,0,0,0,1.0,1,1.0,1,1.0,1,0.24095300151170362,42
1776,2,2814,1416,1398,0,0,0,1.0,1,1.0,1,1.0,1,0.24189042211636105,43
1777,1,2815,1416,1399,0,0,0,1.0,1,1.0,1,1.0,1,0.21891451129798603,43
1778,1,2816,1416,1400,0,0,0,1.0,1,1.0,1,1.0,1,0.22548972086690353,44
1779,4,2820,1416,1404,0,0,0,1.0,1,1.0,1,1.0,1,0.16152255224630518,46
1780,0,2820,1416,1404,0,0,0,1.0,1,1.0,1,1.0,1,0.16152255224630518,46
1781,1,2821,1417,1404,0,0,0,1.0,1,1.0,1,1.0,1,0.16762271058206585,46
1782,2,2823,1418,1405,0,0,0,1.0,1,1.0,1,1.0,1,0.19140994721430027,46
1783,2,2825,1420,1405,0,0,0,1.0,1,1.0,1,1.0,1,0.18676410983182679,44
1784,1,2826,1421,1405,0,0,0,1.0,1,1.0,1,1.0,1,0.1992184194672299,45
1785,1,2827,1422,1405,0,0,0,1.0,1,1.0,1,1.0,1,0.20695777891432185,42
1786,3,2830,1425,1405,0,0,0,1.0,1,1.0,1,1.0,1,0.26161936030933564,43
1787,2,2832,1427,1405,0,0,0,1.0,1,1.0,1,1.0,1,0.2514495746538404,41
1788,3,2835,1427,1408,0,0,0,1.0,1,1.0,1,1.0,1,0.20370470772159788,41
1789,1,2836,1427,1409,0,0,0,1.0,1,1.0,1,1.0,1,0.2152687049701287,41
1790,1,2837,1428,1409,0,0,0,1.0,1,1.0,1,1.0,1,0.21564556514380628,41
1791,3,2840,1430,1410,0,0,0,1.0,1,1.0,1,1.0,1,0.2373433168161852,40
1792,3,2843,1433,1410,0,0,0,1.0,1,1.0,1,1.0,1,0.2399617538090696,40
1793,0,2843,1433,1410,0,0,0,1.0,1,1.0,1,1.0,1,0.24767275431152774,41
1794,5,2848,1435,1413,0,0,0,1.0,1,1.0,1,1.0,1,0.24499751532097186,41
1795,3,2851,1438,1413,0,0,0,1.0,1,1.0,1,1.0,1,0.25844917784122745,40
1796,3,2854,1440,1414,0,0,0,1.0,1,1.0,1,1.0,1,0.26131793724244023,40
1797,3,2857,1441,1416,0,0,0,1.0,1,1.0,1,1.0,1,0.2113929778800845,37
1798,0,2857,1441,1416,0,0,0,1.0,1,1.0,1,1.0,1,0.2113929778800845,37
1799,2,2859,1442,1417,0,0,0,1.0,1,1.0,1,1.0,1,0.2758408180181848,36
1800,1,2860,1442,1418,0,0,0,1.0,1,1.0,1,1.0,1,0.2462939604185536,36
1801,0,2860,1442,1418,0,0,0,1.0,1,1.0,1,1.0,1,0.22765260205828158,34
1802,0,2860,1442,1418,0,0,0,1.0,1,1.0,1,1.0,1,0.2728151219492214,33
1803,0,2860,1442,1418,0,0,0,1.0,1,1.0,1,1.0,1,0.2728151219492214,33
1804,3,2863,1444,1419,0,0,0,1.0,1,1.0,1,1.0,1,0.2578622759943006,33
1805,1,2864,1444,1420,0,0,0,1.0,1,1.0,1,1.0,1,0.23698570464382945,35
1806,4,2868,1446,1422,0,0,0,1.0,1,1.0,1,1.0,1,0.2568420087376161,35
1807,1,2869,1446,1423,0,0,0,1.0,1,1.0,1,1.0,1,0.2537071706311357,35
1808,1,2870,1446,1424,0,0,0,1.0,1,1.0,1,1.0,1,0.22333717348225848,36
1809,2,2872,1446,1426,0,0,0,1.0,1,1.0,1,1.0,1,0.2190691045297913,36
1810,0,2872,1446,1426,0,0,0,1.0,1,1.0,1,1.0,1,0.23196570977778058,35
1811,1,2873,1446,1427,0,0,0,1.0,1,1.0,1,1.0,1,0.2534323172928107,36
1812,2,2875,1447,1428,0,0,0,1.0,1,1.0,1,1.0,1,0.2695478981135768,36
1813,2,2877,1449,1428,0,0,0,1.0,1,1.0,1,1.0,1,0.2555674835887043,36
1814,0,2877,1449,1428,0,0,0,1.0,1,1.0,1,1.0,1,0.25194434793483733,34
1815,0,2877,1449,1428,0,0,0,1.0,1,1.0,1,1.0,1,0.26468247897741404,35
1816,2,2879,1450,1429,0,0,0,1.0,1,1.0,1,1.0,1,0.2929740181853926,34
1817,2,2881,1452,1429,0,0,0,1.0,1,1.0,1,1.0,1,0.27477407248075625,34
1818,1,2882,1452,1430,0,0,0,1.0,1,1.0,1,1.0,1,0.23738574660168665,34
1819,4,2886,1454,1432,0,0,0,1.0,1,1.0,1,1.0,1,0.2447591481367947,35
1820,2,2888,1455,1433,0,0,0,1.0,1,1.0,1,1.0,1,0.20529668959084715,36
1821,2,2890,1455,1435,0,0,0,1.0,1,1.0,1,1.0,1,0.16741063389437835,36
1822,1,2891,1456,1435,0,0,0,1.0,1,1.0,1,1.0,1,0.21662116139512216,37
1823,5,2896,1459,1437,0,0,0,1.0,1,1.0,1,1.0,1,0.23142155556205618,38
1824,2,2898,1461,1437,0,0,0,1.0,1,1.0,1,1.0,1,0.2512214129854565,37
1825,1,2899,1461,1438,0,0,0,1.0,1,1.0,1,1.0,1,0.23313683005016886,36
1826,0,2899,1461,1438,0,0,0,1.0,1,1.0,1,1.0,1,0.21509275741160216,35
1827,2,2901,1463,1438,0,0,0,1.0,1,1.0,1,1.0,1,0.26828170346539687,35
1828,0,2901,1463,1438,0,0,0,1.0,1,1.0,1,1.0,1,0.24947361917810135,33
1829,1,2902,1463,1439,0,0,0,1.0,1,1.0,1,1.0,1,0.22336968360669482,32
1830,3,2905,1466,1439,0,0,0,1.0,1,1.0,1,1.0,1,0.33625207337225693,32
1831,1,2906,1466,1440,0,0,0,1.0,1,1.0,1,1.0,1,0.2688408626389203,30
1832,1,2907,1466,1441,0,0,0,1.0,1,1.0,1,1.0,1,0.23879568739896087,30
1833,0,2907,1466,1441,0,0,0,1.0,1,1.0,1,1.0,1,0.2304108506386793,29
1834,1,2908,1467,1441,0,0,0,1.0,1,1.0,1,1.0,1,0.28627808144914335,28
1835,3,2911,1469,1442,0,0,0,1.0,1,1.0,1,1.0,1,0.34985387814820545,28
1836,4,2915,1470,1445,0,0,0,1.0,1,1.0,1,1.0,1,0.24807770863446058,29
1837,0,2915,1470,1445,0,0,0,1.0,1,1.0,1,1.0,1,0.3087431034081721,28
1838,0,2915,1470,1445,0,0,0,1.0,1,1.0,1,1.0,1,0.36689862455728606,28
1839,0,2915,1470,1445,0,0,0,1.0,1,1.0,1,1.0,1,0.3819217492754146,27
1840,0,2915,1470,1445,0,0,0,1.0,1,1.0,1,1.0,1,0.4297963059808285,26
1841,0,2915,1470,1445,0,0,0,1.0,1,1.0,1,1.0,1,0.4226635674829871,25
1842,3,2918,1471,1447,0,0,0,1.0,1,1.0,1,1.0,1,0.38704310964644634,26
1843,1,2919,1471,1448,0,0,0,1.0,1,1.0,1,1.0,1,0.35586933946761123,26
1844,1,2920,1472,1448,0,0,0,1.0,1,1.0,1,1.0,1,0.3455693624463893,26
1845,1,2921,1472,1449,0,0,0,1.0,1,1.0,1,1.0,1,0.3170650163988992,26
1846,2,2923,1474,1449,0,0,0,1.0,1,1.0,1,1.0,1,0.36738082653101417,26
1847,1,2924,1474,1450,0,0,0,1.0,1,1.0,1,1.0,1,0.32120769983726044,26
1848,2,2926,1475,1451,0,0,0,1.0,1,1.0,1,1.0,1,0.32186618442380766,27
1849,0,2926,1475,1451,0,0,0,1.0,1,1.0,1,1.0,1,0.32186618442380766,27
1850,1,2927,1475,1452,0,0,0,1.0,1,1.0,1,1.0,1,0.3108365196615303,28
1851,0,2927,1475,1452,0,0,0,1.0,1,1.0,1,1.0,1,0.3108365196615303,28
1852,0,2927,1475,1452,0,0,0,1.0,1,1.0,1,1.0,1,0.3108365196615303,28
1853,0,2927,1475,1452,0,0,0,1.0,1,1.0,1,1.0,1,0.31867834489159685,27
1854,0,2927,1475,1452,0,0,0,1.0,1,1.0,1,1.0,1,0.3348886174025085,28
1855,0,2927,1475,1452,0,0,0,1.0,1,1.0,1,1.0,1,0.3348886174025085,28
1856,0,2927,1475,1452,0,0,0,1.0,1,1.0,1,1.0,1,0.34735129707467594,30
1857,1,2928,1476,1452,0,0,0,1.0,1,1.0,1,1.0,1,0.37915785933384005,31
1858,3,2931,1479,1452,0,0,0,1.0,1,1.0,1,1.0,1,0.385359100186971,31
1859,2,2933,1479,1454,0,0,0,1.0,1,1.0,1,1.0,1,0.3443984748224872,31
1860,1,2934,1479,1455,0,0,0,1.0,1,1.0,1,1.0,1,0.32218017049002423,31
1861,1,2935,1480,1455,0,0,0,1.0,1,1.0,1,1.0,1,0.35153962100143077,31
1862,2,2937,1481,1456,0,0,0,1.0,1,1.0,1,1.0,1,0.3399323117394175,31
1863,2,2939,1482,1457,0,0,0,1.0,1,1.0,1,1.0,1,0.33501920837760074,31
1864,3,2942,1485,1457,0,0,0,1.0,1,1.0,1,1.0,1,0.4011789642249245,30
1865,2,2944,1486,1458,0,0,0,1.0,1,1.0,1,1.0,1,0.37223987149596516,27
1866,1,2945,1487,1458,0,0,0,1.0,1,1.0,1,1.0,1,0.422160156484127,28
1867,2,2947,1488,1459,0,0,0,1.0,1,1.0,1,1.0,1,0.40642102885514364,26
1868,0,2947,1488,1459,0,0,0,1.0,1,1.0,1,1.0,1,0.40642102885514364,26
1869,1,2948,1488,1460,0,0,0,1.0,1,1.0,1,1.0,1,0.39458534774790255,25
1870,1,2949,1489,1460,0,0,0,1.0,1,1.0,1,1.0,1,0.41231902895215705,25
1871,2,2951,1489,1462,0,0,0,1.0,1,1.0,1,1.0,1,0.37006073565198133,26
1872,0,2951,1489,1462,0,0,0,1.0,1,1.0,1,1.0,1,0.36418265321116966,25
1873,0,2951,1489,1462,0,0,0,1.0,1,1.0,1,1.0,1,0.37545766824131405,23
1874,0,2951,1489,1462,0,0,0,1.0,1,1.0,1,1.0,1,0.35419438104624384,23
1875,0,2951,1489,1462,0,0,0,1.0,1,1.0,1,1.0,1,0.4178029589406619,21
1876,5,2956,1490,1466,0,0,0,1.0,1,1.0,1,1.0,1,0.3002750461380584,24
1877,1,2957,1491,1466,0,0,0,1.0,1,1.0,1,1.0,1,0.3330596520705845,24
1878,1,2958,1492,1466,0,0,0,1.0,1,1.0,1,1.0,1,0.30746538622407416,26
1879,1,2959,1492,1467,0,0,0,1.0,1,1.0,1,1.0,1,0.24895516699674572,26
1880,0,2959,1492,1467,0,0,0,1.0,1,1.0,1,1.0,1,0.24895516699674572,26
1881,0,2959,1492,1467,0,0,0,1.0,1,1.0,1,1.0,1,0.24895516699674572,26
1882,0,2959,1492,1467,0,0,0,1.0,1,1.0,1,1.0,1,0.2546056422588061,25
1883,0,2959,1492,1467,0,0,0,1.0,1,1.0,1,1.0,1,0.2546056422588061,25
1884,0,2959,1492,1467,0,0,0,1.0,1,1.0,1,1.0,1,0.2546056422588061,25
1885,0,2959,1492,1467,0,0,0,1.0,1,1.0,1,1.0,1,0.2546056422588061,25
1886,0,2959,1492,1467,0,0,0,1.0,1,1.0,1,1.0,1,0.24826335877480432,26
1887,0,2959,1492,1467,0,0,0,1.0,1,1.0,1,1.0,1,0.24826335877480432,26
1888,1,2960,1493,1467,0,0,0,1.0,1,1.0,1,1.0,1,0.3023182905174827,27
1889,0,2960,1493,1467,0,0,0,1.0,1,1.0,1,1.0,1,0.3202931906177896,28
1890,0,2960,1493,1467,0,0,0,1.0,1,1.0,1,1.0,1,0.3202931906177896,28
1891,1,2961,1493,1468,0,0,0,1.0,1,1.0,1,1.0,1,0.33432247522382785,29
1892,0,2961,1493,1468,0,0,0,1.0,1,1.0,1,1.0,1,0.33432247522382785,29
1893,0,2961,1493,1468,0,0,0,1.0,1,1.0,1,1.0,1,0.33432247522382785,29
1894,0,2961,1493,1468,0,0,0,1.0,1,1.0,1,1.0,1,0.33432247522382785,29
1895,2,2963,1494,1469,0,0,0,1.0,1,1.0,1,1.0,1,0.32176850998901585,31
1896,0,2963,1494,1469,0,0,0,1.0,1,1.0,1,1.0,1,0.32176850998901585,31
1897,0,2963,1494,1469,0,0,0,1.0,1,1.0,1,1.0,1,0.32176850998901585,31
1898,0,2963,1494,1469,0,0,0,1.0,1,1.0,1,1.0,1,0.32176850998901585,31
1899,0,2963,1494,1469,0,0,0,1.0,1,1.0,1,1.0,1,0.3334936587288054,32
1900,0,2963,1494,1469,0,0,0,1.0,1,1.0,1,1.0,1,0.3334936587288054,32
1901,0,2963,1494,1469,0,0,0,1.0,1,1.0,1,1.0,1,0.3334936587288054,32
1902,1,2964,1495,1469,0,0,0,1.0,1,1.0,1,1.0,1,0.3559275845282278,32
1903,0,2964,1495,1469,0,0,0,1.0,1,1.0,1,1.0,1,0.3559275845282278,32
1904,0,2964,1495,1469,0,0,0,1.0,1,1.0,1,1.0,1,0.329871309669976,34
1905,0,2964,1495,1469,0,0,0,1.0,1,1.0,1,1.0,1,0.329871309669976,34
1906,1,2965,1495,1470,0,0,0,1.0,1,1.0,1,1.0,1,0.327005815990892,35
1907,2,2967,1496,1471,0,0,0,1.0,1,1.0,1,1.0,1,0.2979982429536607,36
1908,0,2967,1496,1471,0,0,0,1.0,1,1.0,1,1.0,1,0.2979982429536607,36
1909,1,2968,1496,1472,0,0,0,1.0,1,1.0,1,1.0,1,0.3073957765820723,37
1910,1,2969,1497,1472,0,0,0,1.0,1,1.0,1,1.0,1,0.3313427869419603,38
1911,1,2970,1497,1473,0,0,0,1.0,1,1.0,1,1.0,1,0.29823380731564686,37
1912,1,2971,1498,1473,0,0,0,1.0,1,1.0,1,1.0,1,0.29027551659276035,37
1913,2,2973,1499,1474,0,0,0,1.0,1,1.0,1,1.0,1,0.23264888050548269,36
1914,1,2974,1500,1474,0,0,0,1.0,1,1.0,1,1.0,1,0.2544819021934463,37
1915,1,2975,1501,1474,0,0,0,1.0,1,1.0,1,1.0,1,0.2887648854310454,37
1916,2,2977,1502,1475,0,0,0,1.0,1,1.0,1,1.0,1,0.24971312333686005,39
1917,4,2981,1504,1477,0,0,0,1.0,1,1.0,1,1.0,1,0.21274379522095377,38
1918,0,2981,1504,1477,0,0,0,1.0,1,1.0,1,1.0,1,0.21230573518443893,38
1919,1,2982,1505,1477,0,0,0,1.0,1,1.0,1,1.0,1,0.2577025996427118,38
1920,1,2983,1506,1477,0,0,0,1.0,1,1.0,1,1.0,1,0.25741812379331996,39
1921,1,2984,1506,1478,0,0,0,1.0,1,1.0,1,1.0,1,0.22194224876070182,38
1922,3,2987,1508,1479,0,0,0,1.0,1,1.0,1,1.0,1,0.20149640563205132,39
1923,4,2991,1511,1480,0,0,0,1.0,1,1.0,1,1.0,1,0.2738766171785264,40
1924,4,2995,1511,1484,0,0,0,1.0,1,1.0,1,1.0,1,0.18887077363565524,40
1925,0,2995,1511,1484,0,0,0,1.0,1,1.0,1,1.0,1,0.20743921768774548,40
1926,0,2995,1511,1484,0,0,0,1.0,1,1.0,1,1.0,1,0.20743921768774548,40
1927,1,2996,1511,1485,0,0,0,1.0,1,1.0,1,1.0,1,0.17943962518439882,41
1928,0,2996,1511,1485,0,0,0,1.0,1,1.0,1,1.0,1,0.17943962518439882,41
1929,0,2996,1511,1485,0,0,0,1.0,1,1.0,1,1.0,1,0.174568404586898,40
1930,1,2997,1512,1485,0,0,0,1.0,1,1.0,1,1.0,1,0.192814454566121,40
1931,1,2998,1513,1485,0,0,0,1.0,1,1.0,1,1.0,1,0.22464320979035327,40
1932,1,2999,1513,1486,0,0,0,1.0,1,1.0,1,1.0,1,0.20654499148231964,40
1933,2,3001,1514,1487,0,0,0,1.0,1,1.0,1,1.0,1,0.20103886532186913,42
1934,2,3003,1514,1489,0,0,0,1.0,1,1.0,1,1.0,1,0.16288904581615724,44
1935,1,3004,1514,1490,0,0,0,1.0,1,1.0,1,1.0,1,0.144610148595225,44
1936,1,3005,1514,1491,0,0,0,1.0,1,1.0,1,1.0,1,0.1417785971516216,46
1937,0,3005,1514,1491,0,0,0,1.0,1,1.0,1,1.0,1,0.14873875552314472,47
1938,1,3006,1515,1491,0,0,0,1.0,1,1.0,1,1.0,1,0.14503995777858314,47
1939,0,3006,1515,1491,0,0,0,1.0,1,1.0,1,1.0,1,0.14503995777858314,47
1940,1,3007,1516,1491,0,0,0,1.0,1,1.0,1,1.0,1,0.17584814742136656,47
1941,3,3010,1517,1493,0,0,0,1.0,1,1.0,1,1.0,1,0.15250906454285246,47
1942,2,3012,1518,1494,0,0,0,1.0,1,1.0,1,1.0,1,0.19023370994119987,49
1943,1,3013,1519,1494,0,0,0,1.0,1,1.0,1,1.0,1,0.2015597800185348,47
1944,7,3020,1523,1497,0,0,0,1.0,1,1.0,1,1.0,1,0.22498508646479737,47
1945,4,3024,1525,1499,0,0,0,1.0,1,1.0,1,1.0,1,0.21062251576080285,45
1946,3,3027,1525,1502,0,0,0,1.0,1,1.0,1,1.0,1,0.19973618222506012,45
1947,3,3030,1527,1503,0,0,0,1.0,1,1.0,1,1.0,1,0.21080850934176232,45
1948,3,3033,1528,1505,0,0,0,1.0,1,1.0,1,1.0,1,0.2419168977269861,45
1949,3,3036,1531,1505,0,0,0,1.0,1,1.0,1,1.0,1,0.3278275856865835,42
1950,5,3041,1533,1508,0,0,0,1.0,1,1.0,1,1.0,1,0.2752680868390617,42
1951,4,3045,1534,1511,0,0,0,1.0,1,1.0,1,1.0,1,0.28657343760640397,38
1952,3,3048,1536,1512,0,0,0,1.0,1,1.0,1,1.0,1,0.2925025745391546,36
1953,2,3050,1537,1513,0,0,0,1.0,1,1.0,1,1.0,1,0.25126815964871574,35
1954,0,3050,1537,1513,0,0,0,1.0,1,1.0,1,1.0,1,0.2703792986903915,32
1955,1,3051,1538,1513,0,0,0,1.0,1,1.0,1,1.0,1,0.277727696835665,33
1956,3,3054,1540,1514,0,0,0,1.0,1,1.0,1,1.0,1,0.2987432671373163,31
1957,1,3055,1541,1514,0,0,0,1.0,1,1.0,1,1.0,1,0.3033082911009774,33
1958,5,3060,1542,1518,0,0,0,1.0,1,1.0,1,1.0,1,0.228274769841857,34
1959,1,3061,1542,1519,0,0,0,1.0,1,1.0,1,1.0,1,0.20652676855993218,35
1960,2,3063,1543,1520,0,0,0,1.0,1,1.0,1,1.0,1,0.23232605469976841,36
1961,1,3064,1544,1520,0,0,0,1.0,1,1.0,1,1.0,1,0.24339257293520666,36
1962,0,3064,1544,1520,0,0,0,1.0,1,1.0,1,1.0,1,0.2822567446603686,35
1963,0,3064,1544,1520,0,0,0,1.0,1,1.0,1,1.0,1,0.29710361930130386,36
1964,2,3066,1545,1521,0,0,0,1.0,1,1.0,1,1.0,1,0.28351024243367284,35
1965,1,3067,1545,1522,0,0,0,1.0,1,1.0,1,1.0,1,0.24969480775722727,36
1966,4,3071,1548,1523,0,0,0,1.0,1,1.0,1,1.0,1,0.23535295871318027,36
1967,0,3071,1548,1523,0,0,0,1.0,1,1.0,1,1.0,1,0.23535295871318027,36
1968,2,3073,1548,1525,0,0,0,1.0,1,1.0,1,1.0,1,0.20484802406701322,37
1969,1,3074,1549,1525,0,0,0,1.0,1,1.0,1,1.0,1,0.22760014759697406,37
1970,0,3074,1549,1525,0,0,0,1.0,1,1.0,1,1.0,1,0.24194539277495175,38
1971,0,3074,1549,1525,0,0,0,1.0,1,1.0,1,1.0,1,0.2620700264838525,37
1972,0,3074,1549,1525,0,0,0,1.0,1,1.0,1,1.0,1,0.2620700264838525,37
1973,1,3075,1550,1525,0,0,0,1.0,1,1.0,1,1.0,1,0.2911167566307156,37
1974,1,3076,1550,1526,0,0,0,1.0,1,1.0,1,1.0,1,0.26021711934011943,38
1975,1,3077,1550,1527,0,0,0,1.0,1,1.0,1,1.0,1,0.25346507805763746,37
1976,3,3080,1552,1528,0,0,0,1.0,1,1.0,1,1.0,1,0.3044233972441373,39
1977,5,3085,1553,1532,0,0,0,1.0,1,1.0,1,1.0,1,0.2313217954541797,42
1978,2,3087,1554,1533,0,0,0,1.0,1,1.0,1,1.0,1,0.212757185225575,42
1979,0,3087,1554,1533,0,0,0,1.0,1,1.0,1,1.0,1,0.212757185225575,42
1980,1,3088,1555,1533,0,0,0,1.0,1,1.0,1,1.0,1,0.2122605789787894,43
1981,2,3090,1555,1535,0,0,0,1.0,1,1.0,1,1.0,1,0.20711214261127647,44
1982,2,3092,1556,1536,0,0,0,1.0,1,1.0,1,1.0,1,0.19133517262217906,44
1983,4,3096,1560,1536,0,0,0,1.0,1,1.0,1,1.0,1,0.20514253684712397,44
1984,1,3097,1560,1537,0,0,0,1.0,1,1.0,1,1.0,1,0.18947226410452783,42
1985,1,3098,1561,1537,0,0,0,1.0,1,1.0,1,1.0,1,0.19447161250844555,41
1986,2,3100,1563,1537,0,0,0,1.0,1,1.0,1,1.0,1,0.24689229664093731,40
1987,1,3101,1564,1537,0,0,0,1.0,1,1.0,1,1.0,1,0.21181004770147285,37
1988,2,3103,1566,1537,0,0,0,1.0,1,1.0,1,1.0,1,0.2189099109902129,35
1989,2,3105,1566,1539,0,0,0,1.0,1,1.0,1,1.0,1,0.13970402585177302,32
1990,2,3107,1568,1539,0,0,0,1.0,1,1.0,1,1.0,1,0.1784939119414803,31
1991,0,3107,1568,1539,0,0,0,1.0,1,1.0,1,1.0,1,0.20563551954506865,32
1992,3,3110,1570,1540,0,0,0,1.0,1,1.0,1,1.0,1,0.26918617814747486,32
1993,1,3111,1571,1540,0,0,0,1.0,1,1.0,1,1.0,1,0.3556586002518075,32
1994,1,3112,1572,1540,0,0,0,1.0,1,1.0,1,1.0,1,0.321259827708458,31
1995,1,3113,1572,1541,0,0,0,1.0,1,1.0,1,1.0,1,0.2909056180985183,32
1996,0,3113,1572,1541,0,0,0,1.0,1,1.0,1,1.0,1,0.2982229616724305,32
1997,1,3114,1572,1542,0,0,0,1.0,1,1.0,1,1.0,1,0.3074985079595137,31
1998,1,3115,1572,1543,0,0,0,1.0,1,1.0,1,1.0,1,0.28279972907378564,32
1999,2,3117,1572,1545,0,0,0,1.0,1,1.0,1,1.0,1,0.24609997360346605,31
2000,0,3117,1572,1545,0,0,0,1.0,1,1.0,1,1.0,1,0.22148420585243486,30
2001,0,3117,1572,1545,0,0,0,1.0,1,1.0,1,1.0,1,0.2412136838610649,29
2002,1,3118,1573,1545,0,0,0,1.0,1,1.0,1,1.0,1,0.21479575326776598,31
2003,2,3120,1575,1545,0,0,0,1.0,1,1.0,1,1.0,1,0.23350204460385798,33
2004,2,3122,1576,1546,0,0,0,1.0,1,1.0,1,1.0,1,0.2592574088617458,34
2005,1,3123,1576,1547,0,0,0,1.0,1,1.0,1,1.0,1,0.2454138402521548,35
2006,1,3124,1577,1547,0,0,0,1.0,1,1.0,1,1.0,1,0.24629189621777917,36
2007,0,3124,1577,1547,0,0,0,1.0,1,1.0,1,1.0,1,0.24629189621777917,36
2008,1,3125,1578,1547,0,0,0,1.0,1,1.0,1,1.0,1,0.25534624464297156,36
2009,1,3126,1578,1548,0,0,0,1.0,1,1.0,1,1.0,1,0.22379054545997656,37
2010,2,3128,1579,1549,0,0,0,1.0,1,1.0,1,1.0,1,0.23354540629258785,37
2011,1,3129,1579,1550,0,0,0,1.0,1,1.0,1,1.0,1,0.20191902615351526,37
2012,0,3129,1579,1550,0,0,0,1.0,1,1.0,1,1.0,1,0.20191902615351526,37
2013,0,3129,1579,1550,0,0,0,1.0,1,1.0,1,1.0,1,0.22744945635150948,39
2014,1,3130,1579,1551,0,0,0,1.0,1,1.0,1,1.0,1,0.23445229328076234,39
2015,0,3130,1579,1551,0,0,0,1.0,1,1.0,1,1.0,1,0.23445229328076234,39
2016,1,3131,1579,1552,0,0,0,1.0,1,1.0,1,1.0,1,0.18351482720136433,41
2017,1,3132,1579,1553,0,0,0,1.0,1,1.0,1,1.0,1,0.14259652682361623,41
2018,2,3134,1581,1553,0,0,0,1.0,1,1.0,1,1.0,1,0.2052655211904234,42
2019,1,3135,1581,1554,0,0,0,1.0,1,1.0,1,1.0,1,0.167253551364509,43
2020,3,3138,1583,1555,0,0,0,1.0,1,1.0,1,1.0,1,0.17570197033638296,43
2021,2,3140,1584,1556,0,0,0,1.0,1,1.0,1,1.0,1,0.13675214569719782,43
2022,1,3141,1585,1556,0,0,0,1.0,1,1.0,1,1.0,1,0.1588210587784282,44
2023,2,3143,1587,1556,0,0,0,1.0,1,1.0,1,1.0,1,0.23214387998093985,42
2024,2,3145,1589,1556,0,0,0,1.0,1,1.0,1,1.0,1,0.2551984630016506,41
2025,4,3149,1591,1558,0,0,0,1.0,1,1.0,1,1.0,1,0.26257306085701493,39
2026,4,3153,1592,1561,0,0,0,1.0,1,1.0,1,1.0,1,0.25002092666346964,39
2027,10,3163,1596,1567,0,0,0,1.0,1,1.0,1,1.0,1,0.2985934055884416,38
2028,2,3165,1597,1568,0,0,0,1.0,1,1.0,1,1.0,1,0.30637936454857434,37
2029,1,3166,1597,1569,0,0,0,1.0,1,1.0,1,1.0,1,0.2826317995268643,35
2030,1,3167,1597,1570,0,0,0,1.0,1,1.0,1,1.0,1,0.3075699326594813,32
2031,1,3168,1598,1570,0,0,0,1.0,1,1.0,1,1.0,1,0.29465461974533835,34
2032,1,3169,1598,1571,0,0,0,1.0,1,1.0,1,1.0,1,0.3350043329283067,35
2033,5,3174,1602,1572,0,0,0,1.0,1,1.0,1,1.0,1,0.3044553137055985,35
2034,1,3175,1602,1573,0,0,0,1.0,1,1.0,1,1.0,1,0.31329747034217403,35
2035,3,3178,1604,1574,0,0,0,1.0,1,1.0,1,1.0,1,0.33414324302001375,36
2036,0,3178,1604,1574,0,0,0,1.0,1,1.0,1,1.0,1,0.3346437696473091,35
2037,0,3178,1604,1574,0,0,0,1.0,1,1.0,1,1.0,1,0.31974908174907346,36
2038,1,3179,1604,1575,0,0,0,1.0,1,1.0,1,1.0,1,0.28824478258529723,38
2039,1,3180,1604,1576,0,0,0,1.0,1,1.0,1,1.0,1,0.27144172200191125,38
2040,0,3180,1604,1576,0,0,0,1.0,1,1.0,1,1.0,1,0.3059162947229274,37
2041,1,3181,1604,1577,0,0,0,1.0,1,1.0,1,1.0,1,0.27481247829041294,38
2042,0,3181,1604,1577,0,0,0,1.0,1,1.0,1,1.0,1,0.27481247829041294,38
2043,0,3181,1604,1577,0,0,0,1.0,1,1.0,1,1.0,1,0.27481247829041294,38
2044,0,3181,1604,1577,0,0,0,1.0,1,1.0,1,1.0,1,0.2695161367405342,39
2045,2,3183,1605,1578,0,0,0,1.0,1,1.0,1,1.0,1,0.26628869722361725,40
2046,2,3185,1605,1580,0,0,0,1.0,1,1.0,1,1.0,1,0.21801460107745638,41
2047,0,3185,1605,1580,0,0,0,1.0,1,1.0,1,1.0,1,0.21801460107745638,41
2048,2,3187,1605,1582,0,0,0,1.0,1,1.0,1,1.0,1,0.1586067994996611,43
2049,1,3188,1606,1582,0,0,0,1.0,1,1.0,1,1.0,1,0.1731853428198791,43
2050,0,3188,1606,1582,0,0,0,1.0,1,1.0,1,1.0,1,0.17618306555991317,43
2051,2,3190,1607,1583,0,0,0,1.0,1,1.0,1,1.0,1,0.190825865586221,43
2052,1,3191,1607,1584,0,0,0,1.0,1,1.0,1,1.0,1,0.1711337531196359,44
2053,1,3192,1608,1584,0,0,0,1.0,1,1.0,1,1.0,1,0.20942902349709291,43
2054,1,3193,1609,1584,0,0,0,1.0,1,1.0,1,1.0,1,0.19287687379688195,44
2055,0,3193,1609,1584,0,0,0,1.0,1,1.0,1,1.0,1,0.20937490470132192,43
2056,0,3193,1609,1584,0,0,0,1.0,1,1.0,1,1.0,1,0.19918352906970377,44
2057,3,3196,1612,1584,0,0,0,1.0,1,1.0,1,1.0,1,0.19096041214277829,44
2058,3,3199,1614,1585,0,0,0,1.0,1,1.0,1,1.0,1,0.19909596549242603,44
2059,2,3201,1615,1586,0,0,0,1.0,1,1.0,1,1.0,1,0.19149942534091957,45
2060,0,3201,1615,1586,0,0,0,1.0,1,1.0,1,1.0,1,0.20640650940782895,46
2061,7,3208,1618,1590,0,0,0,1.0,1,1.0,1,1.0,1,0.18576628002796725,48
2062,2,3210,1619,1591,0,0,0,1.0,1,1.0,1,1.0,1,0.17964841171449944,48
2063,1,3211,1620,1591,0,0,0,1.0,1,1.0,1,1.0,1,0.15942857592530837,45
2064,2,3213,1622,1591,0,0,0,1.0,1,1.0,1,1.0,1,0.22432526901467464,44
2065,2,3215,1623,1592,0,0,0,1.0,1,1.0,1,1.0,1,0.16892519903975722,42
2066,4,3219,1627,1592,0,0,0,1.0,1,1.0,1,1.0,1,0.2661530650378375,42
2067,2,3221,1628,1593,0,0,0,1.0,1,1.0,1,1.0,1,0.28244961669309454,38
2068,0,3221,1628,1593,0,0,0,1.0,1,1.0,1,1.0,1,0.2754925483433824,37
2069,0,3221,1628,1593,0,0,0,1.0,1,1.0,1,1.0,1,0.2566986215315179,35
2070,2,3223,1630,1593,0,0,0,1.0,1,1.0,1,1.0,1,0.3191293834486532,35
2071,0,3223,1630,1593,0,0,0,1.0,1,1.0,1,1.0,1,0.31510457154577975,34
2072,3,3226,1631,1595,0,0,0,1.0,1,1.0,1,1.0,1,0.35748403179635574,35
2073,1,3227,1631,1596,0,0,0,1.0,1,1.0,1,1.0,1,0.3479090962813329,37
2074,0,3227,1631,1596,0,0,0,1.0,1,1.0,1,1.0,1,0.33351182883029407,36
2075,2,3229,1631,1598,0,0,0,1.0,1,1.0,1,1.0,1,0.287438078091348,38
2076,0,3229,1631,1598,0,0,0,1.0,1,1.0,1,1.0,1,0.2725251771684838,37
2077,1,3230,1631,1599,0,0,0,1.0,1,1.0,1,1.0,1,0.23678087076370377,37
2078,0,3230,1631,1599,0,0,0,1.0,1,1.0,1,1.0,1,0.23678087076370377,37
2079,2,3232,1632,1600,0,0,0,1.0,1,1.0,1,1.0,1,0.22930106891440377,37
2080,0,3232,1632,1600,0,0,0,1.0,1,1.0,1,1.0,1,0.23422431289573592,36
2081,0,3232,1632,1600,0,0,0,1.0,1,1.0,1,1.0,1,0.24917517367224296,37
2082,3,3235,1634,1601,0,0,0,1.0,1,1.0,1,1.0,1,0.3360264111897886,38
2083,4,3239,1634,1605,0,0,0,1.0,1,1.0,1,1.0,1,0.2489919287172575,39
2084,3,3242,1635,1607,0,0,0,1.0,1,1.0,1,1.0,1,0.22053167603957555,41
2085,2,3244,1637,1607,0,0,0,1.0,1,1.0,1,1.0,1,0.2764592971454618,41
2086,3,3247,1637,1610,0,0,0,1.0,1,1.0,1,1.0,1,0.23776765174427675,44
2087,1,3248,1638,1610,0,0,0,1.0,1,1.0,1,1.0,1,0.20570297322492562,44
2088,0,3248,1638,1610,0,0,0,1.0,1,1.0,1,1.0,1,0.20827080060288095,45
2089,1,3249,1639,1610,0,0,0,1.0,1,1.0,1,1.0,1,0.20441853076899752,46
2090,0,3249,1639,1610,0,0,0,1.0,1,1.0,1,1.0,1,0.2232196029293,47
2091,2,3251,1639,1612,0,0,0,1.0,1,1.0,1,1.0,1,0.19812036878764455,48
2092,1,3252,1640,1612,0,0,0,1.0,1,1.0,1,1.0,1,0.201660457749772,48
2093,0,3252,1640,1612,0,0,0,1.0,1,1.0,1,1.0,1,0.201660457749772,48
2094,0,3252,1640,1612,0,0,0,1.0,1,1.0,1,1.0,1,0.2083813859195832,47
2095,0,3252,1640,1612,0,0,0,1.0,1,1.0,1,1.0,1,0.22357718398568474,49
2096,2,3254,1641,1613,0,0,0,1.0,1,1.0,1,1.0,1,0.22485633001990524,50
2097,3,3257,1641,1616,0,0,0,1.0,1,1.0,1,1.0,1,0.2046691548758359,50
2098,1,3258,1642,1616,0,0,0,1.0,1,1.0,1,1.0,1,0.21054818740159387,51
2099,0,3258,1642,1616,0,0,0,1.0,1,1.0,1,1.0,1,0.22581382003143588,50
2100,2,3260,1644,1616,0,0,0,1.0,1,1.0,1,1.0,1,0.26305752252976644,49
2101,5,3265,1645,1620,0,0,0,1.0,1,1.0,1,1.0,1,0.26567352881344153,48
2102,9,3274,1649,1625,0,0,0,1.0,1,1.0,1,1.0,1,0.28317681300860487,49
2103,2,3276,1650,1626,0,0,0,1.0,1,1.0,1,1.0,1,0.2344293593087427,44
2104,3,3279,1653,1626,0,0,0,1.0,1,1.0,1,1.0,1,0.3293161393312301,42
2105,2,3281,1653,1628,0,0,0,1.0,1,1.0,1,1.0,1,0.2898018450748584,40
2106,0,3281,1653,1628,0,0,0,1.0,1,1.0,1,1.0,1,0.3030583448019071,39
2107,1,3282,1654,1628,0,0,0,1.0,1,1.0,1,1.0,1,0.28304699906110836,37
2108,2,3284,1654,1630,0,0,0,1.0,1,1.0,1,1.0,1,0.2420438328267536,37
2109,3,3287,1657,1630,0,0,0,1.0,1,1.0,1,1.0,1,0.27921788389362534,36
2110,2,3289,1657,1632,0,0,0,1.0,1,1.0,1,1.0,1,0.17747997571236024,35
2111,1,3290,1658,1632,0,0,0,1.0,1,1.0,1,1.0,1,0.19732075043880948,35
2112,1,3291,1659,1632,0,0,0,1.0,1,1.0,1,1.0,1,0.22453567996012677,35
2113,0,3291,1659,1632,0,0,0,1.0,1,1.0,1,1.0,1,0.22358495799018166,35
2114,1,3292,1660,1632,0,0,0,1.0,1,1.0,1,1.0,1,0.21278591855330548,36
2115,0,3292,1660,1632,0,0,0,1.0,1,1.0,1,1.0,1,0.2127167730849974,37
2116,0,3292,1660,1632,0,0,0,1.0,1,1.0,1,1.0,1,0.2141028335133522,39
2117,2,3294,1661,1633,0,0,0,1.0,1,1.0,1,1.0,1,0.19284950783606966,39
2118,2,3296,1662,1634,0,0,0,1.0,1,1.0,1,1.0,1,0.23071472972038687,41
2119,3,3299,1664,1635,0,0,0,1.0,1,1.0,1,1.0,1,0.21014226812481981,42
2120,1,3300,1664,1636,0,0,0,1.0,1,1.0,1,1.0,1,0.17846029500620622,42
2121,2,3302,1665,1637,0,0,0,1.0,1,1.0,1,1.0,1,0.13560817802777902,42
2122,0,3302,1665,1637,0,0,0,1.0,1,1.0,1,1.0,1,0.15660008770095746,43
2123,1,3303,1665,1638,0,0,0,1.0,1,1.0,1,1.0,1,0.18190072817504127,42
2124,1,3304,1666,1638,0,0,0,1.0,1,1.0,1,1.0,1,0.2055751576618185,42
2125,0,3304,1666,1638,0,0,0,1.0,1,1.0,1,1.0,1,0.201257167634123,41
2126,0,3304,1666,1638,0,0,0,1.0,1,1.0,1,1.0,1,0.201257167634123,41
2127,0,3304,1666,1638,0,0,0,1.0,1,1.0,1,1.0,1,0.201257167634123,41
2128,0,3304,1666,1638,0,0,0,1.0,1,1.0,1,1.0,1,0.2059246528785142,42
2129,0,3304,1666,1638,0,0,0,1.0,1,1.0,1,1.0,1,0.22124030885470283,43
2130,0,3304,1666,1638,0,0,0,1.0,1,1.0,1,1.0,1,0.2250195077043733,45
2131,0,3304,1666,1638,0,0,0,1.0,1,1.0,1,1.0,1,0.24995728109195176,44
2132,0,3304,1666,1638,0,0,0,1.0,1,1.0,1,1.0,1,0.24995728109195176,44
2133,2,3306,1666,1640,0,0,0,1.0,1,1.0,1,1.0,1,0.19214391652886242,45
2134,1,3307,1667,1640,0,0,0,1.0,1,1.0,1,1.0,1,0.20975351283534804,45
2135,2,3309,1668,1641,0,0,0,1.0,1,1.0,1,1.0,1,0.1980284692541329,46
2136,1,3310,1668,1642,0,0,0,1.0,1,1.0,1,1.0,1,0.18462275368523262,47
2137,3,3313,1670,1643,0,0,0,1.0,1,1.0,1,1.0,1,0.13496686460554233,47
2138,4,3317,1672,1645,0,0,0,1.0,1,1.0,1,1.0,1,0.18228217315821568,45
2139,1,3318,1673,1645,0,0,0,1.0,1,1.0,1,1.0,1,0.18342982299567967,45
2140,0,3318,1673,1645,0,0,0,1.0,1,1.0,1,1.0,1,0.18440941156295063,44
2141,3,3321,1674,1647,0,0,0,1.0,1,1.0,1,1.0,1,0.1395920355016424,45
2142,2,3323,1676,1647,0,0,0,1.0,1,1.0,1,1.0,1,0.17209462266245062,46
2143,1,3324,1676,1648,0,0,0,1.0,1,1.0,1,1.0,1,0.14038552259614126,46
2144,4,3328,1678,1650,0,0,0,1.0,1,1.0,1,1.0,1,0.15342216881976092,48
2145,5,3333,1682,1651,0,0,0,1.0,1,1.0,1,1.0,1,0.17280606523689773,46
2146,4,3337,1684,1653,0,0,0,1.0,1,1.0,1,1.0,1,0.1471688325086453,45
2147,2,3339,1686,1653,0,0,0,1.0,1,1.0,1,1.0,1,0.18686753413667473,44
2148,4,3343,1689,1654,0,0,0,1.0,1,1.0,1,1.0,1,0.22537653566057195,44
2149,2,3345,1690,1655,0,0,0,1.0,1,1.0,1,1.0,1,0.21661164602516228,42
2150,2,3347,1691,1656,0,0,0,1.0,1,1.0,1,1.0,1,0.17487922461358527,40
2151,2,3349,1692,1657,0,0,0,1.0,1,1.0,1,1.0,1,0.2825430112645025,39
2152,2,3351,1692,1659,0,0,0,1.0,1,1.0,1,1.0,1,0.2476701050645918,40
2153,2,3353,1693,1660,0,0,0,1.0,1,1.0,1,1.0,1,0.27520370539258576,42
2154,3,3356,1694,1662,0,0,0,1.0,1,1.0,1,1.0,1,0.2823392649009634,42
2155,3,3359,1695,1664,0,0,0,1.0,1,1.0,1,1.0,1,0.2580107236303457,41
2156,0,3359,1695,1664,0,0,0,1.0,1,1.0,1,1.0,1,0.2559490408458217,40
2157,3,3362,1697,1665,0,0,0,1.0,1,1.0,1,1.0,1,0.28675274596761824,40
2158,1,3363,1697,1666,0,0,0,1.0,1,1.0,1,1.0,1,0.2746038140052399,38
2159,0,3363,1697,1666,0,0,0,1.0,1,1.0,1,1.0,1,0.26622077367599506,38
2160,2,3365,1698,1667,0,0,0,1.0,1,1.0,1,1.0,1,0.2161895515405599,38
2161,2,3367,1700,1667,0,0,0,1.0,1,1.0,1,1.0,1,0.2152447551848465,38
2162,2,3369,1701,1668,0,0,0,1.0,1,1.0,1,1.0,1,0.2054065315166129,38
2163,2,3371,1703,1668,0,0,0,1.0,1,1.0,1,1.0,1,0.2435110800488347,40
2164,6,3377,1706,1671,0,0,0,1.0,1,1.0,1,1.0,1,0.24094968700465938,41
2165,2,3379,1706,1673,0,0,0,1.0,1,1.0,1,1.0,1,0.20899201622153663,42
2166,0,3379,1706,1673,0,0,0,1.0,1,1.0,1,1.0,1,0.20899201622153663,42
2167,0,3379,1706,1673,0,0,0,1.0,1,1.0,1,1.0,1,0.18765131630340343,43
2168,1,3380,1706,1674,0,0,0,1.0,1,1.0,1,1.0,1,0.14575640599557815,43
2169,2,3382,1706,1676,0,0,0,1.0,1,1.0,1,1.0,1,0.15198447947266128,45
2170,0,3382,1706,1676,0,0,0,1.0,1,1.0,1,1.0,1,0.13812659954602863,46
2171,0,3382,1706,1676,0,0,0,1.0,1,1.0,1,1.0,1,0.16320032070488785,48
2172,0,3382,1706,1676,0,0,0,1.0,1,1.0,1,1.0,1,0.17896577150768284,49
2173,3,3385,1708,1677,0,0,0,1.0,1,1.0,1,1.0,1,0.13834381251205924,49
2174,0,3385,1708,1677,0,0,0,1.0,1,1.0,1,1.0,1,0.13834381251205924,49
2175,0,3385,1708,1677,0,0,0,1.0,1,1.0,1,1.0,1,0.13834381251205924,49
2176,3,3388,1708,1680,0,0,0,1.0,1,1.0,1,1.0,1,0.1346422115577759,51
2177,3,3391,1711,1680,0,0,0,1.0,1,1.0,1,1.0,1,0.15884051731115933,51
2178,2,3393,1713,1680,0,0,0,1.0,1,1.0,1,1.0,1,0.1764828397392457,50
2179,1,3394,1713,1681,0,0,0,1.0,1,1.0,1,1.0,1,0.12711933901246916,49
2180,1,3395,1714,1681,0,0,0,1.0,1,1.0,1,1.0,1,0.14619965253946643,47
2181,1,3396,1715,1681,0,0,0,1.0,1,1.0,1,1.0,1,0.13272647804872373,47
2182,4,3400,1718,1682,0,0,0,1.0,1,1.0,1,1.0,1,0.15745645900338484,45
2183,5,3405,1722,1683,0,0,0,1.0,1,1.0,1,1.0,1,0.2166696234330705,44
2184,5,3410,1724,1686,0,0,0,1.0,1,1.0,1,1.0,1,0.24498015057635908,43
2185,4,3414,1726,1688,0,0,0,1.0,1,1.0,1,1.0,1,0.2602381840043911,40
2186,5,3419,1729,1690,0,0,0,1.0,1,1.0,1,1.0,1,0.22797724474785114,38
2187,1,3420,1730,1690,0,0,0,1.0,1,1.0,1,1.0,1,0.2068536922372298,35
2188,5,3425,1733,1692,0,0,0,1.0,1,1.0,1,1.0,1,0.23059383734472547,34
2189,1,3426,1734,1692,0,0,0,1.0,1,1.0,1,1.0,1,0.27006154650634395,31
2190,3,3429,1737,1692,0,0,0,1.0,1,1.0,1,1.0,1,0.26824239656210946,29
2191,2,3431,1738,1693,0,0,0,1.0,1,1.0,1,1.0,1,0.2521800350250895,28
2192,2,3433,1740,1693,0,0,0,1.0,1,1.0,1,1.0,1,0.33244521084170664,29
2193,2,3435,1741,1694,0,0,0,1.0,1,1.0,1,1.0,1,0.3149227366531011,28
2194,0,3435,1741,1694,0,0,0,1.0,1,1.0,1,1.0,1,0.30905177358813435,27
2195,3,3438,1743,1695,0,0,0,1.0,1,1.0,1,1.0,1,0.26150774624222606,27
2196,1,3439,1744,1695,0,0,0,1.0,1,1.0,1,1.0,1,0.36073454090751583,27
2197,1,3440,1744,1696,0,0,0,1.0,1,1.0,1,1.0,1,0.3286602709393378,27
2198,0,3440,1744,1696,0,0,0,1.0,1,1.0,1,1.0,1,0.2931750554918295,28
2199,1,3441,1744,1697,0,0,0,1.0,1,1.0,1,1.0,1,0.30629356235344907,29
2200,1,3442,1744,1698,0,0,0,1.0,1,1.0,1,1.0,1,0.30759139535007674,31
2201,2,3444,1746,1698,0,0,0,1.0,1,1.0,1,1.0,1,0.27733070766862444,32
2202,0,3444,1746,1698,0,0,0,1.0,1,1.0,1,1.0,1,0.27315801196674544,31
2203,1,3445,1746,1699,0,0,0,1.0,1,1.0,1,1.0,1,0.22322704814595876,32
2204,1,3446,1746,1700,0,0,0,1.0,1,1.0,1,1.0,1,0.21444087767581416,32
2205,1,3447,1747,1700,0,0,0,1.0,1,1.0,1,1.0,1,0.2573127251537659,33
2206,0,3447,1747,1700,0,0,0,1.0,1,1.0,1,1.0,1,0.25166265635183704,32
2207,0,3447,1747,1700,0,0,0,1.0,1,1.0,1,1.0,1,0.28172425039324844,33
2208,0,3447,1747,1700,0,0,0,1.0,1,1.0,1,1.0,1,0.27002754452454947,35
2209,1,3448,1747,1701,0,0,0,1.0,1,1.0,1,1.0,1,0.2633458124418273,36
2210,0,3448,1747,1701,0,0,0,1.0,1,1.0,1,1.0,1,0.254961033955202,35
2211,1,3449,1747,1702,0,0,0,1.0,1,1.0,1,1.0,1,0.25893277817710253,36
2212,2,3451,1747,1704,0,0,0,1.0,1,1.0,1,1.0,1,0.25366321758235805,37
2213,1,3452,1748,1704,0,0,0,1.0,1,1.0,1,1.0,1,0.26333830688748683,37
2214,3,3455,1749,1706,0,0,0,1.0,1,1.0,1,1.0,1,0.2368525488745706,39
2215,5,3460,1752,1708,0,0,0,1.0,1,1.0,1,1.0,1,0.23697368425351475,36
2216,1,3461,1753,1708,0,0,0,1.0,1,1.0,1,1.0,1,0.2510087615145726,37
2217,2,3463,1755,1708,0,0,0,1.0,1,1.0,1,1.0,1,0.2656744607536979,35
2218,4,3467,1757,1710,0,0,0,1.0,1,1.0,1,1.0,1,0.2602813029535783,35
2219,1,3468,1757,1711,0,0,0,1.0,1,1.0,1,1.0,1,0.20515641511895144,33
2220,2,3470,1759,1711,0,0,0,1.0,1,1.0,1,1.0,1,0.2133660197729257,31
2221,1,3471,1760,1711,0,0,0,1.0,1,1.0,1,1.0,1,0.22037002367056333,31
2222,1,3472,1761,1711,0,0,0,1.0,1,1.0,1,1.0,1,0.27065675796407285,30
2223,2,3474,1762,1712,0,0,0,1.0,1,1.0,1,1.0,1,0.2974590528012252,28
2224,2,3476,1764,1712,0,0,0,1.0,1,1.0,1,1.0,1,0.2902465738123223,29
2225,3,3479,1766,1713,0,0,0,1.0,1,1.0,1,1.0,1,0.27849539700856385,28
2226,2,3481,1767,1714,0,0,0,1.0,1,1.0,1,1.0,1,0.3164937857497592,30
2227,1,3482,1767,1715,0,0,0,1.0,1,1.0,1,1.0,1,0.24168367813546607,28
2228,0,3482,1767,1715,0,0,0,1.0,1,1.0,1,1.0,1,0.2544073371095633,29
2229,1,3483,1768,1715,0,0,0,1.0,1,1.0,1,1.0,1,0.20756999018978817,28
2230,0,3483,1768,1715,0,0,0,1.0,1,1.0,1,1.0,1,0.20761533373823693,28
2231,1,3484,1769,1715,0,0,0,1.0,1,1.0,1,1.0,1,0.23398302348577923,27
2232,0,3484,1769,1715,0,0,0,1.0,1,1.0,1,1.0,1,0.2627140652841085,27
2233,4,3488,1772,1716,0,0,0,1.0,1,1.0,1,1.0,1,0.3233352081021274,28
2234,2,3490,1774,1716,0,0,0,1.0,1,1.0,1,1.0,1,0.34489422512194473,26
2235,1,3491,1774,1717,0,0,0,1.0,1,1.0,1,1.0,1,0.30629752114375036,26
2236,0,3491,1774,1717,0,0,0,1.0,1,1.0,1,1.0,1,0.32023746646909,26
2237,1,3492,1775,1717,0,0,0,1.0,1,1.0,1,1.0,1,0.297841452044375,26
2238,1,3493,1776,1717,0,0,0,1.0,1,1.0,1,1.0,1,0.3043606405578343,27
2239,1,3494,1777,1717,0,0,0,1.0,1,1.0,1,1.0,1,0.3304023018934762,28
2240,3,3497,1779,1718,0,0,0,1.0,1,1.0,1,1.0,1,0.29613894468226587,30
2241,3,3500,1781,1719,0,0,0,1.0,1,1.0,1,1.0,1,0.34301393278412856,29
2242,3,3503,1782,1721,0,0,0,1.0,1,1.0,1,1.0,1,0.24138593472941403,29
2243,2,3505,1783,1722,0,0,0,1.0,1,1.0,1,1.0,1,0.25687487699411216,29
2244,2,3507,1783,1724,0,0,0,1.0,1,1.0,1,1.0,1,0.17373063193771132,29
2245,0,3507,1783,1724,0,0,0,1.0,1,1.0,1,1.0,1,0.18833446953465968,30
2246,0,3507,1783,1724,0,0,0,1.0,1,1.0,1,1.0,1,0.17915498307789285,33
2247,0,3507,1783,1724,0,0,0,1.0,1,1.0,1,1.0,1,0.18937254357874153,34
2248,0,3507,1783,1724,0,0,0,1.0,1,1.0,1,1.0,1,0.18937254357874153,34
2249,0,3507,1783,1724,0,0,0,1.0,1,1.0,1,1.0,1,0.18392775180367835,35
2250,0,3507,1783,1724,0,0,0,1.0,1,1.0,1,1.0,1,0.18392775180367835,35
2251,0,3507,1783,1724,0,0,0,1.0,1,1.0,1,1.0,1,0.1899288795151899,36
2252,3,3510,1784,1726,0,0,0,1.0,1,1.0,1,1.0,1,0.18123403699567855,37
2253,1,3511,1785,1726,0,0,0,1.0,1,1.0,1,1.0,1,0.17579622322771132,35
2254,0,3511,1785,1726,0,0,0,1.0,1,1.0,1,1.0,1,0.1873584767023324,33
2255,0,3511,1785,1726,0,0,0,1.0,1,1.0,1,1.0,1,0.1950520714457971,35
2256,3,3514,1788,1726,0,0,0,1.0,1,1.0,1,1.0,1,0.26793380646518516,34
2257,4,3518,1790,1728,0,0,0,1.0,1,1.0,1,1.0,1,0.23618699386171763,36
2258,1,3519,1790,1729,0,0,0,1.0,1,1.0,1,1.0,1,0.20441705284729517,35
2259,2,3521,1792,1729,0,0,0,1.0,1,1.0,1,1.0,1,0.21311221655020324,35
2260,1,3522,1792,1730,0,0,0,1.0,1,1.0,1,1.0,1,0.22450494369295915,33
2261,3,3525,1793,1732,0,0,0,1.0,1,1.0,1,1.0,1,0.215291680842428,33
2262,2,3527,1795,1732,0,0,0,1.0,1,1.0,1,1.0,1,0.3263212833740853,32
2263,2,3529,1796,1733,0,0,0,1.0,1,1.0,1,1.0,1,0.326029758835743,31
2264,3,3532,1797,1735,0,0,0,1.0,1,1.0,1,1.0,1,0.3511653332568734,30
2265,0,3532,1797,1735,0,0,0,1.0,1,1.0,1,1.0,1,0.3060907486981979,29
2266,2,3534,1798,1736,0,0,0,1.0,1,1.0,1,1.0,1,0.27291793694095073,30
2267,2,3536,1800,1736,0,0,0,1.0,1,1.0,1,1.0,1,0.30669271945570964,29
2268,5,3541,1801,1740,0,0,0,1.0,1,1.0,1,1.0,1,0.23636168733446272,30
2269,3,3544,1804,1740,0,0,0,1.0,1,1.0,1,1.0,1,0.3172673125011494,31
2270,3,3547,1805,1742,0,0,0,1.0,1,1.0,1,1.0,1,0.28255347079035864,31
2271,1,3548,1806,1742,0,0,0,1.0,1,1.0,1,1.0,1,0.3273798409826619,31
2272,2,3550,1808,1742,0,0,0,1.0,1,1.0,1,1.0,1,0.3449418022977172,31
2273,1,3551,1808,1743,0,0,0,1.0,1,1.0,1,1.0,1,0.32717208663380437,30
2274,1,3552,1808,1744,0,0,0,1.0,1,1.0,1,1.0,1,0.24833585375277545,31
2275,2,3554,1809,1745,0,0,0,1.0,1,1.0,1,1.0,1,0.2335827374761861,32
2276,2,3556,1811,1745,0,0,0,1.0,1,1.0,1,1.0,1,0.26901995209454027,31
2277,0,3556,1811,1745,0,0,0,1.0,1,1.0,1,1.0,1,0.2594580625830512,31
2278,1,3557,1812,1745,0,0,0,1.0,1,1.0,1,1.0,1,0.2800295965198492,32
2279,1,3558,1812,1746,0,0,0,1.0,1,1.0,1,1.0,1,0.2818775353883022,32
2280,1,3559,1812,1747,0,0,0,1.0,1,1.0,1,1.0,1,0.26719469860408723,33
2281,0,3559,1812,1747,0,0,0,1.0,1,1.0,1,1.0,1,0.284669929746537,34
2282,0,3559,1812,1747,0,0,0,1.0,1,1.0,1,1.0,1,0.284669929746537,34
2283,0,3559,1812,1747,0,0,0,1.0,1,1.0,1,1.0,1,0.284669929746537,34
2284,1,3560,1813,1747,0,0,0,1.0,1,1.0,1,1.0,1,0.3179811270861528,34
2285,3,3563,1814,1749,0,0,0,1.0,1,1.0,1,1.0,1,0.23339301896395867,35
2286,1,3564,1814,1750,0,0,0,1.0,1,1.0,1,1.0,1,0.2444642756218084,34
2287,1,3565,1815,1750,0,0,0,1.0,1,1.0,1,1.0,1,0.2590688798641388,35
2288,0,3565,1815,1750,0,0,0,1.0,1,1.0,1,1.0,1,0.2521095867462702,35
2289,3,3568,1817,1751,0,0,0,1.0,1,1.0,1,1.0,1,0.2476418653740319,37
2290,1,3569,1817,1752,0,0,0,1.0,1,1.0,1,1.0,1,0.24352773259832558,37
2291,1,3570,1818,1752,0,0,0,1.0,1,1.0,1,1.0,1,0.25714459072361195,35
2292,1,3571,1819,1752,0,0,0,1.0,1,1.0,1,1.0,1,0.32696081173687386,35
2293,1,3572,1820,1752,0,0,0,1.0,1,1.0,1,1.0,1,0.3250018041621391,34
2294,2,3574,1820,1754,0,0,0,1.0,1,1.0,1,1.0,1,0.31814720584734096,33
2295,2,3576,1822,1754,0,0,0,1.0,1,1.0,1,1.0,1,0.39614709886803323,34
2296,3,3579,1822,1757,0,0,0,1.0,1,1.0,1,1.0,1,0.3046975674174641,33
2297,0,3579,1822,1757,0,0,0,1.0,1,1.0,1,1.0,1,0.3353774883375176,32
2298,1,3580,1822,1758,0,0,0,1.0,1,1.0,1,1.0,1,0.3320540064612342,32
2299,0,3580,1822,1758,0,0,0,1.0,1,1.0,1,1.0,1,0.32125422671080406,33
2300,2,3582,1823,1759,0,0,0,1.0,1,1.0,1,1.0,1,0.2847707855297237,33
2301,1,3583,1824,1759,0,0,0,1.0,1,1.0,1,1.0,1,0.2783568355835822,33
2302,1,3584,1825,1759,0,0,0,1.0,1,1.0,1,1.0,1,0.2966738007945962,34
2303,5,3589,1829,1760,0,0,0,1.0,1,1.0,1,1.0,1,0.32683035323397774,34
2304,4,3593,1832,1761,0,0,0,1.0,1,1.0,1,1.0,1,0.31342733529660644,33
2305,3,3596,1834,1762,0,0,0,1.0,1,1.0,1,1.0,1,0.3155648315581763,33
2306,2,3598,1836,1762,0,0,0,1.0,1,1.0,1,1.0,1,0.3264106673909486,33
2307,4,3602,1836,1766,0,0,0,1.0,1,1.0,1,1.0,1,0.2365413613426873,35
2308,1,3603,1837,1766,0,0,0,1.0,1,1.0,1,1.0,1,0.2286803432036625,34
2309,2,3605,1838,1767,0,0,0,1.0,1,1.0,1,1.0,1,0.22944028564520175,34
2310,1,3606,1839,1767,0,0,0,1.0,1,1.0,1,1.0,1,0.2263448208814924,34
2311,0,3606,1839,1767,0,0,0,1.0,1,1.0,1,1.0,1,0.2209944242563512,35
2312,1,3607,1840,1767,0,0,0,1.0,1,1.0,1,1.0,1,0.24836096401283023,34
2313,2,3609,1841,1768,0,0,0,1.0,1,1.0,1,1.0,1,0.21660929081342603,35
2314,0,3609,1841,1768,0,0,0,1.0,1,1.0,1,1.0,1,0.23470631015729898,35
2315,1,3610,1841,1769,0,0,0,1.0,1,1.0,1,1.0,1,0.23520372723747016,34
2316,1,3611,1842,1769,0,0,0,1.0,1,1.0,1,1.0,1,0.2830831811255113,35
2317,0,3611,1842,1769,0,0,0,1.0,1,1.0,1,1.0,1,0.3116181636799073,32
2318,1,3612,1843,1769,0,0,0,1.0,1,1.0,1,1.0,1,0.34163144361384495,32
2319,1,3613,1844,1769,0,0,0,1.0,1,1.0,1,1.0,1,0.39176213884973043,32
2320,2,3615,1844,1771,0,0,0,1.0,1,1.0,1,1.0,1,0.35549328105880107,32
2321,3,3618,1844,1774,0,0,0,1.0,1,1.0,1,1.0,1,0.3201779818378898,33
2322,0,3618,1844,1774,0,0,0,1.0,1,1.0,1,1.0,1,0.3201779818378898,33
2323,0,3618,1844,1774,0,0,0,1.0,1,1.0,1,1.0,1,0.3201779818378898,33
2324,3,3621,1846,1775,0,0,0,1.0,1,1.0,1,1.0,1,0.3367473758075804,34
2325,2,3623,1846,1777,0,0,0,1.0,1,1.0,1,1.0,1,0.29632802432330146,35
2326,0,3623,1846,1777,0,0,0,1.0,1,1.0,1,1.0,1,0.29632802432330146,35
2327,0,3623,1846,1777,0,0,0,1.0,1,1.0,1,1.0,1,0.31300227763738653,36
2328,1,3624,1846,1778,0,0,0,1.0,1,1.0,1,1.0,1,0.31528703559750093,37
2329,0,3624,1846,1778,0,0,0,1.0,1,1.0,1,1.0,1,0.2924841560183298,37
2330,0,3624,1846,1778,0,0,0,1.0,1,1.0,1,1.0,1,0.28847339167535785,38
2331,1,3625,1846,1779,0,0,0,1.0,1,1.0,1,1.0,1,0.2834667722285062,40
2332,1,3626,1846,1780,0,0,0,1.0,1,1.0,1,1.0,1,0.27387633266091826,40
2333,0,3626,1846,1780,0,0,0,1.0,1,1.0,1,1.0,1,0.2787749441937827,41
2334,0,3626,1846,1780,0,0,0,1.0,1,1.0,1,1.0,1,0.2787749441937827,41
2335,0,3626,1846,1780,0,0,0,1.0,1,1.0,1,1.0,1,0.2787749441937827,41
2336,2,3628,1846,1782,0,0,0,1.0,1,1.0,1,1.0,1,0.24529075587279764,41
2337,0,3628,1846,1782,0,0,0,1.0,1,1.0,1,1.0,1,0.2581672186569996,42
2338,3,3631,1847,1784,0,0,0,1.0,1,1.0,1,1.0,1,0.27585381233327655,43
2339,1,3632,1847,1785,0,0,0,1.0,1,1.0,1,1.0,1,0.24795120115657526,43
2340,0,3632,1847,1785,0,0,0,1.0,1,1.0,1,1.0,1,0.251523945098562,45
2341,0,3632,1847,1785,0,0,0,1.0,1,1.0,1,1.0,1,0.25852792518201095,45
2342,2,3634,1847,1787,0,0,0,1.0,1,1.0,1,1.0,1,0.22120559397521702,46
2343,4,3638,1848,1790,0,0,0,1.0,1,1.0,1,1.0,1,0.21130726433630534,45
2344,3,3641,1851,1790,0,0,0,1.0,1,1.0,1,1.0,1,0.2599104728300958,44
2345,4,3645,1851,1794,0,0,0,1.0,1,1.0,1,1.0,1,0.1816780822452658,44
2346,1,3646,1852,1794,0,0,0,1.0,1,1.0,1,1.0,1,0.2092661529096974,44
2347,0,3646,1852,1794,0,0,0,1.0,1,1.0,1,1.0,1,0.2114327150364928,44
2348,0,3646,1852,1794,0,0,0,1.0,1,1.0,1,1.0,1,0.20567801646694434,45
2349,2,3648,1852,1796,0,0,0,1.0,1,1.0,1,1.0,1,0.20547401060609838,46
2350,2,3650,1853,1797,0,0,0,1.0,1,1.0,1,1.0,1,0.22293824922167546,47
2351,3,3653,1853,1800,0,0,0,1.0,1,1.0,1,1.0,1,0.16065481272781434,47
2352,1,3654,1854,1800,0,0,0,1.0,1,1.0,1,1.0,1,0.19059034513233186,47
2353,2,3656,1854,1802,0,0,0,1.0,1,1.0,1,1.0,1,0.15893509276682283,46
2354,2,3658,1855,1803,0,0,0,1.0,1,1.0,1,1.0,1,0.12342985914608152,47
2355,0,3658,1855,1803,0,0,0,1.0,1,1.0,1,1.0,1,0.12342985914608152,47
2356,1,3659,1856,1803,0,0,0,1.0,1,1.0,1,1.0,1,0.12788979069543482,47
2357,2,3661,1857,1804,0,0,0,1.0,1,1.0,1,1.0,1,0.07840739344204967,47
2358,0,3661,1857,1804,0,0,0,1.0,1,1.0,1,1.0,1,0.09002365947085052,48
2359,0,3661,1857,1804,0,0,0,1.0,1,1.0,1,1.0,1,0.13067365847130222,49
2360,0,3661,1857,1804,0,0,0,1.0,1,1.0,1,1.0,1,0.13067365847130222,49
2361,3,3664,1859,1805,0,0,0,1.0,1,1.0,1,1.0,1,0.1624443918597338,50
2362,3,3667,1860,1807,0,0,0,1.0,1,1.0,1,1.0,1,0.15495611579118887,51
2363,1,3668,1860,1808,0,0,0,1.0,1,1.0,1,1.0,1,0.13646380498555205,51
2364,0,3668,1860,1808,0,0,0,1.0,1,1.0,1,1.0,1,0.1505759298886642,52
2365,5,3673,1863,1810,0,0,0,1.0,1,1.0,1,1.0,1,0.17011172858997162,53
2366,5,3678,1865,1813,0,0,0,1.0,1,1.0,1,1.0,1,0.15430379670316755,54
2367,3,3681,1867,1814,0,0,0,1.0,1,1.0,1,1.0,1,0.17561818065249027,52
2368,3,3684,1868,1816,0,0,0,1.0,1,1.0,1,1.0,1,0.16002915905239848,51
2369,2,3686,1869,1817,0,0,0,1.0,1,1.0,1,1.0,1,0.15716139371796703,51
2370,4,3690,1872,1818,0,0,0,1.0,1,1.0,1,1.0,1,0.15613530064571243,52
2371,5,3695,1874,1821,0,0,0,1.0,1,1.0,1,1.0,1,0.1279994826626633,52
2372,4,3699,1876,1823,0,0,0,1.0,1,1.0,1,1.0,1,0.20328904123376476,49
2373,3,3702,1878,1824,0,0,0,1.0,1,1.0,1,1.0,1,0.2157748030048733,47
2374,4,3706,1879,1827,0,0,0,1.0,1,1.0,1,1.0,1,0.1730620176816102,45
2375,0,3706,1879,1827,0,0,0,1.0,1,1.0,1,1.0,1,0.14529170962365426,45
2376,0,3706,1879,1827,0,0,0,1.0,1,1.0,1,1.0,1,0.16200937577061136,43
2377,2,3708,1879,1829,0,0,0,1.0,1,1.0,1,1.0,1,0.08414075562675509,44
2378,0,3708,1879,1829,0,0,0,1.0,1,1.0,1,1.0,1,0.09474353256658033,43
2379,0,3708,1879,1829,0,0,0,1.0,1,1.0,1,1.0,1,0.09474353256658033,43
2380,1,3709,1880,1829,0,0,0,1.0,1,1.0,1,1.0,1,0.11351239378870742,43
2381,1,3710,1881,1829,0,0,0,1.0,1,1.0,1,1.0,1,0.15047010668661873,44
2382,1,3711,1882,1829,0,0,0,1.0,1,1.0,1,1.0,1,0.13733363804702953,44
2383,3,3714,1884,1830,0,0,0,1.0,1,1.0,1,1.0,1,0.17021003203951268,45
2384,3,3717,1885,1832,0,0,0,1.0,1,1.0,1,1.0,1,0.13732872671659044,45
2385,2,3719,1886,1833,0,0,0,1.0,1,1.0,1,1.0,1,0.11170617643888543,45
2386,4,3723,1889,1834,0,0,0,1.0,1,1.0,1,1.0,1,0.17573599662631206,46
2387,3,3726,1890,1836,0,0,0,1.0,1,1.0,1,1.0,1,0.12384017611735555,44
2388,1,3727,1891,1836,0,0,0,1.0,1,1.0,1,1.0,1,0.157555175307856,44
2389,3,3730,1892,1838,0,0,0,1.0,1,1.0,1,1.0,1,0.1420618314932975,43
2390,0,3730,1892,1838,0,0,0,1.0,1,1.0,1,1.0,1,0.1459610411923649,44
2391,2,3732,1894,1838,0,0,0,1.0,1,1.0,1,1.0,1,0.1773006799661154,43
2392,1,3733,1895,1838,0,0,0,1.0,1,1.0,1,1.0,1,0.21354030319802114,44
2393,2,3735,1895,1840,0,0,0,1.0,1,1.0,1,1.0,1,0.16497759786567373,45
2394,1,3736,1896,1840,0,0,0,1.0,1,1.0,1,1.0,1,0.16668038453431444,44
2395,0,3736,1896,1840,0,0,0,1.0,1,1.0,1,1.0,1,0.16550002846084358,44
2396,1,3737,1897,1840,0,0,0,1.0,1,1.0,1,1.0,1,0.16584485424469356,45
2397,0,3737,1897,1840,0,0,0,1.0,1,1.0,1,1.0,1,0.1785832313357251,44
2398,2,3739,1898,1841,0,0,0,1.0,1,1.0,1,1.0,1,0.2130327852599933,44
2399,0,3739,1898,1841,0,0,0,1.0,1,1.0,1,1.0,1,0.22438866649343361,45
2400,1,3740,1898,1842,0,0,0,1.0,1,1.0,1,1.0,1,0.21071108538302544,45
2401,0,3740,1898,1842,0,0,0,1.0,1,1.0,1,1.0,1,0.21616144783238533,46
2402,1,3741,1898,1843,0,0,0,1.0,1,1.0,1,1.0,1,0.2054652558976223,47
2403,3,3744,1899,1845,0,0,0,1.0,1,1.0,1,1.0,1,0.22001836500457833,48
2404,6,3750,1902,1848,0,0,0,1.0,1,1.0,1,1.0,1,0.2020040028786591,47
2405,0,3750,1902,1848,0,0,0,1.0,1,1.0,1,1.0,1,0.17077419634361135,45
2406,1,3751,1903,1848,0,0,0,1.0,1,1.0,1,1.0,1,0.1899805606937652,45
2407,1,3752,1904,1848,0,0,0,1.0,1,1.0,1,1.0,1,0.19045785521503172,42
2408,1,3753,1904,1849,0,0,0,1.0,1,1.0,1,1.0,1,0.1895874272574923,41
2409,4,3757,1906,1851,0,0,0,1.0,1,1.0,1,1.0,1,0.20764700290786525,41
2410,2,3759,1906,1853,0,0,0,1.0,1,1.0,1,1.0,1,0.21225302863374532,40
2411,2,3761,1908,1853,0,0,0,1.0,1,1.0,1,1.0,1,0.1987691500081714,40
2412,1,3762,1909,1853,0,0,0,1.0,1,1.0,1,1.0,1,0.22050708528302496,38
2413,7,3769,1912,1857,0,0,0,1.0,1,1.0,1,1.0,1,0.19063536479953697,38
2414,1,3770,1913,1857,0,0,0,1.0,1,1.0,1,1.0,1,0.22649340636604803,36
2415,1,3771,1914,1857,0,0,0,1.0,1,1.0,1,1.0,1,0.27542506303827446,36
2416,2,3773,1915,1858,0,0,0,1.0,1,1.0,1,1.0,1,0.26398719553699934,35
2417,3,3776,1916,1860,0,0,0,1.0,1,1.0,1,1.0,1,0.3574505184497923,33
2418,4,3780,1918,1862,0,0,0,1.0,1,1.0,1,1.0,1,0.3343638340521973,33
2419,3,3783,1919,1864,0,0,0,1.0,1,1.0,1,1.0,1,0.30808783192978456,33
2420,1,3784,1919,1865,0,0,0,1.0,1,1.0,1,1.0,1,0.24549201412695476,34
2421,0,3784,1919,1865,0,0,0,1.0,1,1.0,1,1.0,1,0.24549201412695476,34
2422,3,3787,1922,1865,0,0,0,1.0,1,1.0,1,1.0,1,0.23531327237511537,35
2423,1,3788,1922,1866,0,0,0,1.0,1,1.0,1,1.0,1,0.22170214548363087,36
2424,5,3793,1924,1869,0,0,0,1.0,1,1.0,1,1.0,1,0.13882197932025384,35
2425,2,3795,1926,1869,0,0,0,1.0,1,1.0,1,1.0,1,0.15250195605291306,33
2426,1,3796,1927,1869,0,0,0,1.0,1,1.0,1,1.0,1,0.16151215221652274,34
2427,1,3797,1928,1869,0,0,0,1.0,1,1.0,1,1.0,1,0.14104167697463021,34
2428,1,3798,1929,1869,0,0,0,1.0,1,1.0,1,1.0,1,0.1676109103917664,34
2429,0,3798,1929,1869,0,0,0,1.0,1,1.0,1,1.0,1,0.18374475695899348,34
2430,1,3799,1929,1870,0,0,0,1.0,1,1.0,1,1.0,1,0.1657038818430312,33
2431,1,3800,1930,1870,0,0,0,1.0,1,1.0,1,1.0,1,0.16470397063919778,33
2432,1,3801,1930,1871,0,0,0,1.0,1,1.0,1,1.0,1,0.16630674239118381,33
2433,0,3801,1930,1871,0,0,0,1.0,1,1.0,1,1.0,1,0.14930973311589904,34
2434,0,3801,1930,1871,0,0,0,1.0,1,1.0,1,1.0,1,0.14930973311589904,34
2435,0,3801,1930,1871,0,0,0,1.0,1,1.0,1,1.0,1,0.14930973311589904,34
2436,1,3802,1931,1871,0,0,0,1.0,1,1.0,1,1.0,1,0.22278886394196223,33
2437,2,3804,1932,1872,0,0,0,1.0,1,1.0,1,1.0,1,0.16430668346610156,33
2438,1,3805,1933,1872,0,0,0,1.0,1,1.0,1,1.0,1,0.1670837637901008,34
2439,0,3805,1933,1872,0,0,0,1.0,1,1.0,1,1.0,1,0.18174678644370995,35
2440,1,3806,1934,1872,0,0,0,1.0,1,1.0,1,1.0,1,0.19689761988479867,35
2441,2,3808,1936,1872,0,0,0,1.0,1,1.0,1,1.0,1,0.21759437018652833,35
2442,3,3811,1937,1874,0,0,0,1.0,1,1.0,1,1.0,1,0.15833096988192014,35
2443,3,3814,1940,1874,0,0,0,1.0,1,1.0,1,1.0,1,0.26072685883607744,35
2444,2,3816,1941,1875,0,0,0,1.0,1,1.0,1,1.0,1,0.2901675325317129,34
2445,3,3819,1942,1877,0,0,0,1.0,1,1.0,1,1.0,1,0.33924820095010483,33
2446,5,3824,1943,1881,0,0,0,1.0,1,1.0,1,1.0,1,0.3225854157290586,30
2447,2,3826,1943,1883,0,0,0,1.0,1,1.0,1,1.0,1,0.25272670123558605,29
2448,2,3828,1945,1883,0,0,0,1.0,1,1.0,1,1.0,1,0.2246060727264021,27
2449,0,3828,1945,1883,0,0,0,1.0,1,1.0,1,1.0,1,0.22006417642052561,26
2450,2,3830,1946,1884,0,0,0,1.0,1,1.0,1,1.0,1,0.21846091209708995,28
2451,0,3830,1946,1884,0,0,0,1.0,1,1.0,1,1.0,1,0.21846091209708995,28
2452,0,3830,1946,1884,0,0,0,1.0,1,1.0,1,1.0,1,0.23506067437444156,29
2453,1,3831,1947,1884,0,0,0,1.0,1,1.0,1,1.0,1,0.23002422578893164,30
2454,1,3832,1947,1885,0,0,0,1.0,1,1.0,1,1.0,1,0.20563336553069342,32
2455,1,3833,1948,1885,0,0,0,1.0,1,1.0,1,1.0,1,0.17578632145912312,33
2456,0,3833,1948,1885,0,0,0,1.0,1,1.0,1,1.0,1,0.19168573683312048,34
2457,1,3834,1949,1885,0,0,0,1.0,1,1.0,1,1.0,1,0.21108867120631683,34
2458,3,3837,1950,1887,0,0,0,1.0,1,1.0,1,1.0,1,0.2125044712855583,36
2459,0,3837,1950,1887,0,0,0,1.0,1,1.0,1,1.0,1,0.2125044712855583,36
2460,2,3839,1951,1888,0,0,0,1.0,1,1.0,1,1.0,1,0.21415571599706215,37
2461,1,3840,1952,1888,0,0,0,1.0,1,1.0,1,1.0,1,0.2417205908041189,37
2462,4,3844,1955,1889,0,0,0,1.0,1,1.0,1,1.0,1,0.270719831813496,38
2463,2,3846,1956,1890,0,0,0,1.0,1,1.0,1,1.0,1,0.2557047601706282,38
2464,3,3849,1958,1891,0,0,0,1.0,1,1.0,1,1.0,1,0.2651804315137639,37
2465,2,3851,1960,1891,0,0,0,1.0,1,1.0,1,1.0,1,0.24666970568038452,36
2466,2,3853,1962,1891,0,0,0,1.0,1,1.0,1,1.0,1,0.3183224522770706,36
2467,2,3855,1962,1893,0,0,0,1.0,1,1.0,1,1.0,1,0.26572116628599995,34
2468,1,3856,1963,1893,0,0,0,1.0,1,1.0,1,1.0,1,0.29048710751847173,33
2469,1,3857,1964,1893,0,0,0,1.0,1,1.0,1,1.0,1,0.27508075915766694,32
2470,3,3860,1966,1894,0,0,0,1.0,1,1.0,1,1.0,1,0.3582180692329189,33
2471,1,3861,1966,1895,0,0,0,1.0,1,1.0,1,1.0,1,0.34309446869427807,31
2472,1,3862,1966,1896,0,0,0,1.0,1,1.0,1,1.0,1,0.3214806022792671,32
2473,1,3863,1966,1897,0,0,0,1.0,1,1.0,1,1.0,1,0.27722661881438,31
2474,1,3864,1967,1897,0,0,0,1.0,1,1.0,1,1.0,1,0.33421086805622086,33
2475,1,3865,1968,1897,0,0,0,1.0,1,1.0,1,1.0,1,0.32855940664491945,33
2476,4,3869,1969,1900,0,0,0,1.0,1,1.0,1,1.0,1,0.2512165114877341,33
2477,4,3873,1970,1903,0,0,0,1.0,1,1.0,1,1.0,1,0.23400032885821662,33
2478,0,3873,1970,1903,0,0,0,1.0,1,1.0,1,1.0,1,0.23400032885821662,33
2479,4,3877,1972,1905,0,0,0,1.0,1,1.0,1,1.0,1,0.23717556550834917,33
2480,1,3878,1972,1906,0,0,0,1.0,1,1.0,1,1.0,1,0.21889943550454974,34
2481,3,3881,1974,1907,0,0,0,1.0,1,1.0,1,1.0,1,0.2283797428907368,33
2482,3,3884,1975,1909,0,0,0,1.0,1,1.0,1,1.0,1,0.2291881638331855,34
2483,2,3886,1975,1911,0,0,0,1.0,1,1.0,1,1.0,1,0.18924571397461598,33
2484,0,3886,1975,1911,0,0,0,1.0,1,1.0,1,1.0,1,0.17758057170679137,32
2485,1,3887,1975,1912,0,0,0,1.0,1,1.0,1,1.0,1,0.15037021154455482,31
2486,2,3889,1977,1912,0,0,0,1.0,1,1.0,1,1.0,1,0.21408563854453982,29
2487,0,3889,1977,1912,0,0,0,1.0,1,1.0,1,1.0,1,0.21408563854453982,29
2488,0,3889,1977,1912,0,0,0,1.0,1,1.0,1,1.0,1,0.2768526251053656,30
2489,1,3890,1978,1912,0,0,0,1.0,1,1.0,1,1.0,1,0.23800650636969312,29
2490,2,3892,1979,1913,0,0,0,1.0,1,1.0,1,1.0,1,0.29405184806471185,30
2491,1,3893,1979,1914,0,0,0,1.0,1,1.0,1,1.0,1,0.24656170617901385,30
2492,1,3894,1980,1914,0,0,0,1.0,1,1.0,1,1.0,1,0.26349950709648023,29
2493,1,3895,1980,1915,0,0,0,1.0,1,1.0,1,1.0,1,0.23204878303844795,29
2494,0,3895,1980,1915,0,0,0,1.0,1,1.0,1,1.0,1,0.2685912207504821,28
2495,1,3896,1981,1915,0,0,0,1.0,1,1.0,1,1.0,1,0.2953314059358041,29
2496,1,3897,1981,1916,0,0,0,1.0,1,1.0,1,1.0,1,0.22873746862044358,28
2497,0,3897,1981,1916,0,0,0,1.0,1,1.0,1,1.0,1,0.2575342323997487,28
2498,1,3898,1981,1917,0,0,0,1.0,1,1.0,1,1.0,1,0.26250062649375255,29
2499,1,3899,1982,1917,0,0,0,1.0,1,1.0,1,1.0,1,0.3010424911633354,30
2500,2,3901,1983,1918,0,0,0,1.0,1,1.0,1,1.0,1,0.27682551708510444,29
2501,4,3905,1986,1919,0,0,0,1.0,1,1.0,1,1.0,1,0.26639128827217,33
2502,5,3910,1989,1921,0,0,0,1.0,1,1.0,1,1.0,1,0.24656217212003123,33
2503,2,3912,1990,1922,0,0,0,1.0,1,1.0,1,1.0,1,0.21352036325963647,31
2504,6,3918,1995,1923,0,0,0,1.0,1,1.0,1,1.0,1,0.30151313570765503,31
2505,2,3920,1996,1924,0,0,0,1.0,1,1.0,1,1.0,1,0.2817574972443118,32
2506,2,3922,1997,1925,0,0,0,1.0,1,1.0,1,1.0,1,0.27651282463918825,31
2507,2,3924,1999,1925,0,0,0,1.0,1,1.0,1,1.0,1,0.21034346012566127,29
2508,2,3926,2001,1925,0,0,0,1.0,1,1.0,1,1.0,1,0.23826894613072708,31
2509,0,3926,2001,1925,0,0,0,1.0,1,1.0,1,1.0,1,0.23038549715383197,30
2510,1,3927,2001,1926,0,0,0,1.0,1,1.0,1,1.0,1,0.18528567641169866,31
2511,1,3928,2002,1926,0,0,0,1.0,1,1.0,1,1.0,1,0.2047307859426894,32
2512,1,3929,2003,1926,0,0,0,1.0,1,1.0,1,1.0,1,0.20256781235098903,32
2513,2,3931,2005,1926,0,0,0,1.0,1,1.0,1,1.0,1,0.19669865762945574,34
2514,1,3932,2006,1926,0,0,0,1.0,1,1.0,1,1.0,1,0.2458388511112062,35
2515,3,3935,2007,1928,0,0,0,1.0,1,1.0,1,1.0,1,0.20865243303439188,35
2516,3,3938,2009,1929,0,0,0,1.0,1,1.0,1,1.0,1,0.21886503462143,34
2517,2,3940,2011,1929,0,0,0,1.0,1,1.0,1,1.0,1,0.28125323550449716,34
2518,5,3945,2013,1932,0,0,0,1.0,1,1.0,1,1.0,1,0.21186964474352843,33
2519,1,3946,2014,1932,0,0,0,1.0,1,1.0,1,1.0,1,0.19075336862189268,32
2520,1,3947,2015,1932,0,0,0,1.0,1,1.0,1,1.0,1,0.26553286197728626,31
2521,0,3947,2015,1932,0,0,0,1.0,1,1.0,1,1.0,1,0.23629493167591598,31
2522,0,3947,2015,1932,0,0,0,1.0,1,1.0,1,1.0,1,0.2774932376292584,30
2523,0,3947,2015,1932,0,0,0,1.0,1,1.0,1,1.0,1,0.25686236298647647,30
2524,0,3947,2015,1932,0,0,0,1.0,1,1.0,1,1.0,1,0.3127996117669593,29
2525,4,3951,2016,1935,0,0,0,1.0,1,1.0,1,1.0,1,0.28444029188413883,29
2526,0,3951,2016,1935,0,0,0,1.0,1,1.0,1,1.0,1,0.3003492184325934,27
2527,0,3951,2016,1935,0,0,0,1.0,1,1.0,1,1.0,1,0.3083679221829228,28
2528,0,3951,2016,1935,0,0,0,1.0,1,1.0,1,1.0,1,0.3083679221829228,28
2529,0,3951,2016,1935,0,0,0,1.0,1,1.0,1,1.0,1,0.3083679221829228,28
2530,0,3951,2016,1935,0,0,0,1.0,1,1.0,1,1.0,1,0.3217993248016298,29
2531,0,3951,2016,1935,0,0,0,1.0,1,1.0,1,1.0,1,0.3417619858560243,30
2532,0,3951,2016,1935,0,0,0,1.0,1,1.0,1,1.0,1,0.3497628917409522,31
2533,0,3951,2016,1935,0,0,0,1.0,1,1.0,1,1.0,1,0.3497628917409522,31
2534,0,3951,2016,1935,0,0,0,1.0,1,1.0,1,1.0,1,0.3497628917409522,31
2535,1,3952,2017,1935,0,0,0,1.0,1,1.0,1,1.0,1,0.38746571567054594,31
2536,3,3955,2018,1937,0,0,0,1.0,1,1.0,1,1.0,1,0.3410380062806434,32
2537,2,3957,2019,1938,0,0,0,1.0,1,1.0,1,1.0,1,0.2944998930219026,33
2538,2,3959,2020,1939,0,0,0,1.0,1,1.0,1,1.0,1,0.2984570627141157,35
2539,4,3963,2022,1941,0,0,0,1.0,1,1.0,1,1.0,1,0.3051282959141415,37
2540,4,3967,2024,1943,0,0,0,1.0,1,1.0,1,1.0,1,0.26645721841677517,38
2541,2,3969,2024,1945,0,0,0,1.0,1,1.0,1,1.0,1,0.2170651143190481,39
2542,4,3973,2027,1946,0,0,0,1.0,1,1.0,1,1.0,1,0.274515198973754,38
2543,1,3974,2028,1946,0,0,0,1.0,1,1.0,1,1.0,1,0.2886299873502991,41
2544,2,3976,2030,1946,0,0,0,1.0,1,1.0,1,1.0,1,0.27427784952870626,39
2545,7,3983,2032,1951,0,0,0,1.0,1,1.0,1,1.0,1,0.2359346154691973,40
2546,0,3983,2032,1951,0,0,0,1.0,1,1.0,1,1.0,1,0.20206143779931543,38
2547,5,3988,2036,1952,0,0,0,1.0,1,1.0,1,1.0,1,0.2892101731954178,38
2548,1,3989,2036,1953,0,0,0,1.0,1,1.0,1,1.0,1,0.25485077284825375,35
2549,2,3991,2038,1953,0,0,0,1.0,1,1.0,1,1.0,1,0.3116003618648281,35
2550,3,3994,2039,1955,0,0,0,1.0,1,1.0,1,1.0,1,0.29788707624534666,33
2551,2,3996,2041,1955,0,0,0,1.0,1,1.0,1,1.0,1,0.3585491636085854,31
2552,0,3996,2041,1955,0,0,0,1.0,1,1.0,1,1.0,1,0.3926395244231812,30
2553,1,3997,2041,1956,0,0,0,1.0,1,1.0,1,1.0,1,0.3731722572247583,30
2554,4,4001,2042,1959,0,0,0,1.0,1,1.0,1,1.0,1,0.32680312958632196,32
2555,1,4002,2042,1960,0,0,0,1.0,1,1.0,1,1.0,1,0.3286475265532494,32
2556,0,4002,2042,1960,0,0,0,1.0,1,1.0,1,1.0,1,0.331204291939575,32
2557,0,4002,2042,1960,0,0,0,1.0,1,1.0,1,1.0,1,0.305104663206979,30
2558,2,4004,2043,1961,0,0,0,1.0,1,1.0,1,1.0,1,0.2917287976989115,31
2559,1,4005,2043,1962,0,0,0,1.0,1,1.0,1,1.0,1,0.25516061289447806,30
2560,0,4005,2043,1962,0,0,0,1.0,1,1.0,1,1.0,1,0.25516061289447806,30
2561,0,4005,2043,1962,0,0,0,1.0,1,1.0,1,1.0,1,0.25516061289447806,30
2562,1,4006,2043,1963,0,0,0,1.0,1,1.0,1,1.0,1,0.28071931696670555,33
2563,1,4007,2043,1964,0,0,0,1.0,1,1.0,1,1.0,1,0.25703595639548094,33
2564,0,4007,2043,1964,0,0,0,1.0,1,1.0,1,1.0,1,0.25703595639548094,33
2565,1,4008,2044,1964,0,0,0,1.0,1,1.0,1,1.0,1,0.23010693544638416,33
2566,2,4010,2045,1965,0,0,0,1.0,1,1.0,1,1.0,1,0.24090276100113403,35
2567,1,4011,2046,1965,0,0,0,1.0,1,1.0,1,1.0,1,0.2556183499034464,36
2568,1,4012,2047,1965,0,0,0,1.0,1,1.0,1,1.0,1,0.29964410971019756,37
2569,1,4013,2047,1966,0,0,0,1.0,1,1.0,1,1.0,1,0.2839969149199614,37
2570,0,4013,2047,1966,0,0,0,1.0,1,1.0,1,1.0,1,0.2899131357586494,37
2571,0,4013,2047,1966,0,0,0,1.0,1,1.0,1,1.0,1,0.2899131357586494,37
2572,0,4013,2047,1966,0,0,0,1.0,1,1.0,1,1.0,1,0.28958091492458626,39
2573,0,4013,2047,1966,0,0,0,1.0,1,1.0,1,1.0,1,0.28958091492458626,39
2574,1,4014,2048,1966,0,0,0,1.0,1,1.0,1,1.0,1,0.3401372987931696,38
2575,1,4015,2048,1967,0,0,0,1.0,1,1.0,1,1.0,1,0.3024369483692725,38
2576,0,4015,2048,1967,0,0,0,1.0,1,1.0,1,1.0,1,0.3063997971242086,37
2577,0,4015,2048,1967,0,0,0,1.0,1,1.0,1,1.0,1,0.3191707185407742,39
2578,2,4017,2048,1969,0,0,0,1.0,1,1.0,1,1.0,1,0.31038656059189756,40
2579,2,4019,2048,1971,0,0,0,1.0,1,1.0,1,1.0,1,0.2802541505890863,41
2580,0,4019,2048,1971,0,0,0,1.0,1,1.0,1,1.0,1,0.2897082302197671,42
2581,0,4019,2048,1971,0,0,0,1.0,1,1.0,1,1.0,1,0.28816530979283517,43
2582,1,4020,2049,1971,0,0,0,1.0,1,1.0,1,1.0,1,0.3113787731791966,43
2583,4,4024,2050,1974,0,0,0,1.0,1,1.0,1,1.0,1,0.3164309010375404,43
2584,1,4025,2050,1975,0,0,0,1.0,1,1.0,1,1.0,1,0.2775207428370443,43
2585,3,4028,2051,1977,0,0,0,1.0,1,1.0,1,1.0,1,0.2887222976893491,44
2586,3,4031,2051,1980,0,0,0,1.0,1,1.0,1,1.0,1,0.2032109266163452,43
2587,4,4035,2052,1983,0,0,0,1.0,1,1.0,1,1.0,1,0.2065437745947093,44
2588,0,4035,2052,1983,0,0,0,1.0,1,1.0,1,1.0,1,0.2065437745947093,44
2589,4,4039,2053,1986,0,0,0,1.0,1,1.0,1,1.0,1,0.21562077970918125,44
2590,1,4040,2053,1987,0,0,0,1.0,1,1.0,1,1.0,1,0.1897513998925574,44
2591,0,4040,2053,1987,0,0,0,1.0,1,1.0,1,1.0,1,0.1897513998925574,44
2592,1,4041,2054,1987,0,0,0,1.0,1,1.0,1,1.0,1,0.22313662200635956,44
2593,1,4042,2055,1987,0,0,0,1.0,1,1.0,1,1.0,1,0.18530952478589813,43
2594,6,4048,2057,1991,0,0,0,1.0,1,1.0,1,1.0,1,0.22976646216213892,48
2595,3,4051,2058,1993,0,0,0,1.0,1,1.0,1,1.0,1,0.17956026546216844,45
2596,2,4053,2060,1993,0,0,0,1.0,1,1.0,1,1.0,1,0.22004858178766706,46
2597,5,4058,2061,1997,0,0,0,1.0,1,1.0,1,1.0,1,0.1272283252934145,45
2598,0,4058,2061,1997,0,0,0,1.0,1,1.0,1,1.0,1,0.1272283252934145,45
2599,2,4060,2063,1997,0,0,0,1.0,1,1.0,1,1.0,1,0.1663649449333022,45
2600,4,4064,2064,2000,0,0,0,1.0,1,1.0,1,1.0,1,0.13922187506096828,48
2601,3,4067,2066,2001,0,0,0,1.0,1,1.0,1,1.0,1,0.145489720613518,47
2602,1,4068,2066,2002,0,0,0,1.0,1,1.0,1,1.0,1,0.15053894128687795,48
2603,0,4068,2066,2002,0,0,0,1.0,1,1.0,1,1.0,1,0.15053894128687795,48
2604,0,4068,2066,2002,0,0,0,1.0,1,1.0,1,1.0,1,0.16158277829868523,47
2605,1,4069,2067,2002,0,0,0,1.0,1,1.0,1,1.0,1,0.17300519592124383,47
2606,0,4069,2067,2002,0,0,0,1.0,1,1.0,1,1.0,1,0.16397544347043919,46
2607,0,4069,2067,2002,0,0,0,1.0,1,1.0,1,1.0,1,0.18556327998526165,45
2608,1,4070,2067,2003,0,0,0,1.0,1,1.0,1,1.0,1,0.15926424246832746,45
2609,1,4071,2068,2003,0,0,0,1.0,1,1.0,1,1.0,1,0.19396349582443015,44
2610,2,4073,2069,2004,0,0,0,1.0,1,1.0,1,1.0,1,0.18405636178730606,45
2611,4,4077,2073,2004,0,0,0,1.0,1,1.0,1,1.0,1,0.176933133507166,46
2612,3,4080,2075,2005,0,0,0,1.0,1,1.0,1,1.0,1,0.17903140907177412,47
2613,1,4081,2076,2005,0,0,0,1.0,1,1.0,1,1.0,1,0.2028977210549042,48
2614,2,4083,2078,2005,0,0,0,1.0,1,1.0,1,1.0,1,0.23338160687298257,48
2615,3,4086,2079,2007,0,0,0,1.0,1,1.0,1,1.0,1,0.2020389221155416,49
2616,1,4087,2079,2008,0,0,0,1.0,1,1.0,1,1.0,1,0.19152234621880576,49
2617,2,4089,2079,2010,0,0,0,1.0,1,1.0,1,1.0,1,0.1410971903209019,48
2618,0,4089,2079,2010,0,0,0,1.0,1,1.0,1,1.0,1,0.1563044030511086,47
2619,1,4090,2080,2010,0,0,0,1.0,1,1.0,1,1.0,1,0.1555837668716529,50
2620,0,4090,2080,2010,0,0,0,1.0,1,1.0,1,1.0,1,0.16952777709616465,51
2621,0,4090,2080,2010,0,0,0,1.0,1,1.0,1,1.0,1,0.17174582787061154,52
2622,1,4091,2081,2010,0,0,0,1.0,1,1.0,1,1.0,1,0.14919804057542693,52
2623,2,4093,2082,2011,0,0,0,1.0,1,1.0,1,1.0,1,0.17612660767658408,53
2624,4,4097,2083,2014,0,0,0,1.0,1,1.0,1,1.0,1,0.09306121498420075,51
2625,2,4099,2085,2014,0,0,0,1.0,1,1.0,1,1.0,1,0.11426471505545388,50
2626,3,4102,2088,2014,0,0,0,1.0,1,1.0,1,1.0,1,0.1837304631896597,49
2627,4,4106,2091,2015,0,0,0,1.0,1,1.0,1,1.0,1,0.14918249111736995,48
2628,1,4107,2092,2015,0,0,0,1.0,1,1.0,1,1.0,1,0.16918344295583226,48
2629,1,4108,2092,2016,0,0,0,1.0,1,1.0,1,1.0,1,0.1488035178807998,47
2630,3,4111,2093,2018,0,0,0,1.0,1,1.0,1,1.0,1,0.14565413477698338,47
2631,0,4111,2093,2018,0,0,0,1.0,1,1.0,1,1.0,1,0.1466657409333859,47
2632,0,4111,2093,2018,0,0,0,1.0,1,1.0,1,1.0,1,0.13888974240017682,47
2633,1,4112,2094,2018,0,0,0,1.0,1,1.0,1,1.0,1,0.12219886074111176,44
2634,0,4112,2094,2018,0,0,0,1.0,1,1.0,1,1.0,1,0.1249611459327436,44
2635,2,4114,2096,2018,0,0,0,1.0,1,1.0,1,1.0,1,0.21410911711715033,45
2636,3,4117,2099,2018,0,0,0,1.0,1,1.0,1,1.0,1,0.21251640066952857,40
2637,7,4124,2104,2020,0,0,0,1.0,1,1.0,1,1.0,1,0.2573482862949437,41
2638,7,4131,2107,2024,0,0,0,1.0,1,1.0,1,1.0,1,0.23452345980216266,38
2639,2,4133,2107,2026,0,0,0,1.0,1,1.0,1,1.0,1,0.17674889454919024,39
2640,1,4134,2108,2026,0,0,0,1.0,1,1.0,1,1.0,1,0.19386033460752938,38
2641,3,4137,2109,2028,0,0,0,1.0,1,1.0,1,1.0,1,0.15746013680207555,37
2642,2,4139,2111,2028,0,0,0,1.0,1,1.0,1,1.0,1,0.18684975702234685,38
2643,1,4140,2111,2029,0,0,0,1.0,1,1.0,1,1.0,1,0.14245488263174694,37
2644,0,4140,2111,2029,0,0,0,1.0,1,1.0,1,1.0,1,0.12986016658831112,36
2645,1,4141,2112,2029,0,0,0,1.0,1,1.0,1,1.0,1,0.19463348936599476,35
2646,2,4143,2113,2030,0,0,0,1.0,1,1.0,1,1.0,1,0.1623691956693267,35
2647,2,4145,2114,2031,0,0,0,1.0,1,1.0,1,1.0,1,0.15535721371494476,35
2648,0,4145,2114,2031,0,0,0,1.0,1,1.0,1,1.0,1,0.16528305479333308,36
2649,2,4147,2115,2032,0,0,0,1.0,1,1.0,1,1.0,1,0.11301913140700595,37
2650,1,4148,2116,2032,0,0,0,1.0,1,1.0,1,1.0,1,0.1631954453834592,39
2651,1,4149,2117,2032,0,0,0,1.0,1,1.0,1,1.0,1,0.1453778366465791,39
2652,0,4149,2117,2032,0,0,0,1.0,1,1.0,1,1.0,1,0.1453778366465791,39
2653,0,4149,2117,2032,0,0,0,1.0,1,1.0,1,1.0,1,0.1453778366465791,39
2654,1,4150,2117,2033,0,0,0,1.0,1,1.0,1,1.0,1,0.14967608476944608,40
2655,0,4150,2117,2033,0,0,0,1.0,1,1.0,1,1.0,1,0.14967608476944608,40
2656,0,4150,2117,2033,0,0,0,1.0,1,1.0,1,1.0,1,0.17348217278082492,39
2657,1,4151,2117,2034,0,0,0,1.0,1,1.0,1,1.0,1,0.18273194059694034,40
2658,2,4153,2119,2034,0,0,0,1.0,1,1.0,1,1.0,1,0.2855041079297569,41
2659,5,4158,2121,2037,0,0,0,1.0,1,1.0,1,1.0,1,0.2727772802692202,41
2660,3,4161,2122,2039,0,0,0,1.0,1,1.0,1,1.0,1,0.2815136431064302,40
2661,2,4163,2123,2040,0,0,0,1.0,1,1.0,1,1.0,1,0.25457167293612865,40
2662,3,4166,2124,2042,0,0,0,1.0,1,1.0,1,1.0,1,0.23228778408251424,42
2663,2,4168,2126,2042,0,0,0,1.0,1,1.0,1,1.0,1,0.21502980978968708,41
2664,2,4170,2128,2042,0,0,0,1.0,1,1.0,1,1.0,1,0.26011656368945274,42
2665,6,4176,2130,2046,0,0,0,1.0,1,1.0,1,1.0,1,0.13285330088903705,43
2666,4,4180,2133,2047,0,0,0,1.0,1,1.0,1,1.0,1,0.15351136705362456,44
2667,2,4182,2135,2047,0,0,0,1.0,1,1.0,1,1.0,1,0.22188624594085266,42
2668,0,4182,2135,2047,0,0,0,1.0,1,1.0,1,1.0,1,0.2320711994326063,41
2669,3,4185,2136,2049,0,0,0,1.0,1,1.0,1,1.0,1,0.23906497786489053,42
2670,0,4185,2136,2049,0,0,0,1.0,1,1.0,1,1.0,1,0.26738903956296634,40
2671,1,4186,2137,2049,0,0,0,1.0,1,1.0,1,1.0,1,0.32077598002808155,39
2672,1,4187,2138,2049,0,0,0,1.0,1,1.0,1,1.0,1,0.35866991394776243,36
2673,1,4188,2139,2049,0,0,0,1.0,1,1.0,1,1.0,1,0.3626087329772892,35
2674,4,4192,2140,2052,0,0,0,1.0,1,1.0,1,1.0,1,0.22882005852204368,33
2675,1,4193,2141,2052,0,0,0,1.0,1,1.0,1,1.0,1,0.24010404813131356,34
2676,1,4194,2142,2052,0,0,0,1.0,1,1.0,1,1.0,1,0.23992475102408928,32
2677,1,4195,2143,2052,0,0,0,1.0,1,1.0,1,1.0,1,0.287183129685268,33
2678,3,4198,2144,2054,0,0,0,1.0,1,1.0,1,1.0,1,0.2853026013378306,33
2679,0,4198,2144,2054,0,0,0,1.0,1,1.0,1,1.0,1,0.27933963694226177,32
2680,1,4199,2145,2054,0,0,0,1.0,1,1.0,1,1.0,1,0.2717409989740263,32
2681,1,4200,2145,2055,0,0,0,1.0,1,1.0,1,1.0,1,0.2306157937823184,32
2682,1,4201,2146,2055,0,0,0,1.0,1,1.0,1,1.0,1,0.27309120412400867,33
2683,1,4202,2147,2055,0,0,0,1.0,1,1.0,1,1.0,1,0.28858351273626626,32
2684,1,4203,2147,2056,0,0,0,1.0,1,1.0,1,1.0,1,0.3083398193866432,31
2685,0,4203,2147,2056,0,0,0,1.0,1,1.0,1,1.0,1,0.3083398193866432,31
2686,0,4203,2147,2056,0,0,0,1.0,1,1.0,1,1.0,1,0.2950178371764109,30
2687,0,4203,2147,2056,0,0,0,1.0,1,1.0,1,1.0,1,0.2950178371764109,30
2688,0,4203,2147,2056,0,0,0,1.0,1,1.0,1,1.0,1,0.2950178371764109,30
2689,3,4206,2149,2057,0,0,0,1.0,1,1.0,1,1.0,1,0.263947669087929,31
2690,3,4209,2152,2057,0,0,0,1.0,1,1.0,1,1.0,1,0.19008684046799185,31
2691,2,4211,2154,2057,0,0,0,1.0,1,1.0,1,1.0,1,0.24540181086062113,32
2692,3,4214,2156,2058,0,0,0,1.0,1,1.0,1,1.0,1,0.2557333676289016,32
2693,3,4217,2158,2059,0,0,0,1.0,1,1.0,1,1.0,1,0.24629210339234237,33
2694,1,4218,2158,2060,0,0,0,1.0,1,1.0,1,1.0,1,0.24881316157616118,34
2695,3,4221,2158,2063,0,0,0,1.0,1,1.0,1,1.0,1,0.15403545240489924,35
2696,0,4221,2158,2063,0,0,0,1.0,1,1.0,1,1.0,1,0.15403545240489924,35
2697,0,4221,2158,2063,0,0,0,1.0,1,1.0,1,1.0,1,0.15403545240489924,35
2698,0,4221,2158,2063,0,0,0,1.0,1,1.0,1,1.0,1,0.1527773629934321,36
2699,0,4221,2158,2063,0,0,0,1.0,1,1.0,1,1.0,1,0.18752687695775502,36
2700,1,4222,2159,2063,0,0,0,1.0,1,1.0,1,1.0,1,0.19631475400341464,37
2701,3,4225,2160,2065,0,0,0,1.0,1,1.0,1,1.0,1,0.1730561023958785,37
2702,3,4228,2162,2066,0,0,0,1.0,1,1.0,1,1.0,1,0.22645033894844754,37
2703,3,4231,2164,2067,0,0,0,1.0,1,1.0,1,1.0,1,0.2375034345170786,38
2704,3,4234,2166,2068,0,0,0,1.0,1,1.0,1,1.0,1,0.2791037791326441,37
2705,3,4237,2167,2070,0,0,0,1.0,1,1.0,1,1.0,1,0.23098303731778752,36
2706,1,4238,2167,2071,0,0,0,1.0,1,1.0,1,1.0,1,0.20000220791320172,36
2707,1,4239,2168,2071,0,0,0,1.0,1,1.0,1,1.0,1,0.21726862863688046,35
2708,2,4241,2170,2071,0,0,0,1.0,1,1.0,1,1.0,1,0.25978681327428116,36
2709,2,4243,2171,2072,0,0,0,1.0,1,1.0,1,1.0,1,0.15694692222071607,32
2710,1,4244,2172,2072,0,0,0,1.0,1,1.0,1,1.0,1,0.22433190307102063,29
2711,2,4246,2173,2073,0,0,0,1.0,1,1.0,1,1.0,1,0.26289591588309,29
2712,2,4248,2174,2074,0,0,0,1.0,1,1.0,1,1.0,1,0.30039772999216274,28
2713,0,4248,2174,2074,0,0,0,1.0,1,1.0,1,1.0,1,0.31797134426042123,28
2714,1,4249,2175,2074,0,0,0,1.0,1,1.0,1,1.0,1,0.33366624968850067,26
2715,0,4249,2175,2074,0,0,0,1.0,1,1.0,1,1.0,1,0.33016844262106565,24
2716,0,4249,2175,2074,0,0,0,1.0,1,1.0,1,1.0,1,0.33250330309256526,24
2717,3,4252,2178,2074,0,0,0,1.0,1,1.0,1,1.0,1,0.34562382105273276,25
2718,4,4256,2179,2077,0,0,0,1.0,1,1.0,1,1.0,1,0.29099724332291593,25
2719,2,4258,2181,2077,0,0,0,1.0,1,1.0,1,1.0,1,0.35044387565383395,25
2720,0,4258,2181,2077,0,0,0,1.0,1,1.0,1,1.0,1,0.35044387565383395,25
2721,3,4261,2184,2077,0,0,0,1.0,1,1.0,1,1.0,1,0.26213773707348353,25
2722,1,4262,2185,2077,0,0,0,1.0,1,1.0,1,1.0,1,0.2409597063740482,26
2723,0,4262,2185,2077,0,0,0,1.0,1,1.0,1,1.0,1,0.2409597063740482,26
2724,1,4263,2186,2077,0,0,0,1.0,1,1.0,1,1.0,1,0.24289862448717445,27
2725,1,4264,2186,2078,0,0,0,1.0,1,1.0,1,1.0,1,0.22298375694912737,28
2726,1,4265,2187,2078,0,0,0,1.0,1,1.0,1,1.0,1,0.24661484323551744,28
2727,0,4265,2187,2078,0,0,0,1.0,1,1.0,1,1.0,1,0.2611719652827915,29
2728,1,4266,2188,2078,0,0,0,1.0,1,1.0,1,1.0,1,0.3137664821881639,29
2729,2,4268,2189,2079,0,0,0,1.0,1,1.0,1,1.0,1,0.2814228480552253,29
2730,0,4268,2189,2079,0,0,0,1.0,1,1.0,1,1.0,1,0.2814228480552253,29
2731,3,4271,2191,2080,0,0,0,1.0,1,1.0,1,1.0,1,0.32447386854115334,30
2732,1,4272,2192,2080,0,0,0,1.0,1,1.0,1,1.0,1,0.343851900952568,29
2733,1,4273,2192,2081,0,0,0,1.0,1,1.0,1,1.0,1,0.28741030850638294,29
2734,0,4273,2192,2081,0,0,0,1.0,1,1.0,1,1.0,1,0.28741030850638294,29
2735,0,4273,2192,2081,0,0,0,1.0,1,1.0,1,1.0,1,0.28741030850638294,29
2736,1,4274,2192,2082,0,0,0,1.0,1,1.0,1,1.0,1,0.2917007981384593,30
2737,1,4275,2192,2083,0,0,0,1.0,1,1.0,1,1.0,1,0.2794093211505154,30
2738,2,4277,2194,2083,0,0,0,1.0,1,1.0,1,1.0,1,0.32220604741318903,30
2739,2,4279,2195,2084,0,0,0,1.0,1,1.0,1,1.0,1,0.359990609438456,29
2740,3,4282,2197,2085,0,0,0,1.0,1,1.0,1,1.0,1,0.37219589084083626,29
2741,4,4286,2197,2089,0,0,0,1.0,1,1.0,1,1.0,1,0.31055358697767455,28
2742,4,4290,2199,2091,0,0,0,1.0,1,1.0,1,1.0,1,0.3167106652761962,28
2743,1,4291,2199,2092,0,0,0,1.0,1,1.0,1,1.0,1,0.32600897285220465,29
2744,0,4291,2199,2092,0,0,0,1.0,1,1.0,1,1.0,1,0.28635553156453486,27
2745,1,4292,2200,2092,0,0,0,1.0,1,1.0,1,1.0,1,0.2959382734012911,25
2746,3,4295,2201,2094,0,0,0,1.0,1,1.0,1,1.0,1,0.26943312829527166,25
2747,2,4297,2203,2094,0,0,0,1.0,1,1.0,1,1.0,1,0.2913712064505956,23
2748,1,4298,2204,2094,0,0,0,1.0,1,1.0,1,1.0,1,0.418727383779074,22
2749,0,4298,2204,2094,0,0,0,1.0,1,1.0,1,1.0,1,0.44085725443187485,19
2750,1,4299,2205,2094,0,0,0,1.0,1,1.0,1,1.0,1,0.4723872467350476,18
2751,0,4299,2205,2094,0,0,0,1.0,1,1.0,1,1.0,1,0.47369954173235856,16
2752,0,4299,2205,2094,0,0,0,1.0,1,1.0,1,1.0,1,0.4610062918387339,15
2753,0,4299,2205,2094,0,0,0,1.0,1,1.0,1,1.0,1,0.4610062918387339,15
2754,0,4299,2205,2094,0,0,0,1.0,1,1.0,1,1.0,1,0.4610062918387339,15
2755,0,4299,2205,2094,0,0,0,1.0,1,1.0,1,1.0,1,0.4610062918387339,15
2756,1,4300,2206,2094,0,0,0,1.0,1,1.0,1,1.0,1,0.4564300436131335,16
2757,0,4300,2206,2094,0,0,0,1.0,1,1.0,1,1.0,1,0.4627431500161446,17
2758,0,4300,2206,2094,0,0,0,1.0,1,1.0,1,1.0,1,0.4627431500161446,17
2759,0,4300,2206,2094,0,0,0,1.0,1,1.0,1,1.0,1,0.4803495496476236,18
2760,0,4300,2206,2094,0,0,0,1.0,1,1.0,1,1.0,1,0.4803495496476236,18
2761,0,4300,2206,2094,0,0,0,1.0,1,1.0,1,1.0,1,0.4803495496476236,18
2762,0,4300,2206,2094,0,0,0,1.0,1,1.0,1,1.0,1,0.4803495496476236,18
2763,1,4301,2206,2095,0,0,0,1.0,1,1.0,1,1.0,1,0.4042168922501479,17
2764,2,4303,2208,2095,0,0,0,1.0,1,1.0,1,1.0,1,0.5270907140141977,17
2765,1,4304,2208,2096,0,0,0,1.0,1,1.0,1,1.0,1,0.4730888441840616,18
2766,0,4304,2208,2096,0,0,0,1.0,1,1.0,1,1.0,1,0.4730888441840616,18
2767,1,4305,2208,2097,0,0,0,1.0,1,1.0,1,1.0,1,0.42595448471644437,18
2768,0,4305,2208,2097,0,0,0,1.0,1,1.0,1,1.0,1,0.42595448471644437,18
2769,1,4306,2209,2097,0,0,0,1.0,1,1.0,1,1.0,1,0.39554807098839784,18
2770,1,4307,2210,2097,0,0,0,1.0,1,1.0,1,1.0,1,0.4116899740857323,18
2771,0,4307,2210,2097,0,0,0,1.0,1,1.0,1,1.0,1,0.4116899740857323,18
2772,0,4307,2210,2097,0,0,0,1.0,1,1.0,1,1.0,1,0.4116899740857323,18
2773,0,4307,2210,2097,0,0,0,1.0,1,1.0,1,1.0,1,0.4116899740857323,18
2774,2,4309,2210,2099,0,0,0,1.0,1,1.0,1,1.0,1,0.37999981160650764,20
2775,1,4310,2211,2099,0,0,0,1.0,1,1.0,1,1.0,1,0.38053423324086105,21
2776,0,4310,2211,2099,0,0,0,1.0,1,1.0,1,1.0,1,0.38053423324086105,21
2777,0,4310,2211,2099,0,0,0,1.0,1,1.0,1,1.0,1,0.3733987825395968,22
2778,2,4312,2212,2100,0,0,0,1.0,1,1.0,1,1.0,1,0.3926676121605754,24
2779,1,4313,2213,2100,0,0,0,1.0,1,1.0,1,1.0,1,0.43776622533419685,24
2780,1,4314,2214,2100,0,0,0,1.0,1,1.0,1,1.0,1,0.3997212530910348,24
2781,0,4314,2214,2100,0,0,0,1.0,1,1.0,1,1.0,1,0.3997212530910348,24
2782,2,4316,2214,2102,0,0,0,1.0,1,1.0,1,1.0,1,0.3029614106722682,24
2783,1,4317,2215,2102,0,0,0,1.0,1,1.0,1,1.0,1,0.32464538127801557,24
2784,2,4319,2216,2103,0,0,0,1.0,1,1.0,1,1.0,1,0.35355711161088027,24
2785,0,4319,2216,2103,0,0,0,1.0,1,1.0,1,1.0,1,0.3058081598235486,22
2786,1,4320,2216,2104,0,0,0,1.0,1,1.0,1,1.0,1,0.31728754586316255,22
2787,0,4320,2216,2104,0,0,0,1.0,1,1.0,1,1.0,1,0.2905538970208377,21
2788,0,4320,2216,2104,0,0,0,1.0,1,1.0,1,1.0,1,0.26756525250654717,20
2789,1,4321,2217,2104,0,0,0,1.0,1,1.0,1,1.0,1,0.33048628923538537,20
2790,0,4321,2217,2104,0,0,0,1.0,1,1.0,1,1.0,1,0.3539999608933767,21
2791,1,4322,2218,2104,0,0,0,1.0,1,1.0,1,1.0,1,0.4088363262267659,21
2792,0,4322,2218,2104,0,0,0,1.0,1,1.0,1,1.0,1,0.4088363262267659,21
2793,0,4322,2218,2104,0,0,0,1.0,1,1.0,1,1.0,1,0.43383176631404713,18
2794,0,4322,2218,2104,0,0,0,1.0,1,1.0,1,1.0,1,0.43383176631404713,18
2795,1,4323,2218,2105,0,0,0,1.0,1,1.0,1,1.0,1,0.38109556905953546,20
2796,1,4324,2219,2105,0,0,0,1.0,1,1.0,1,1.0,1,0.358792407132505,21
2797,1,4325,2219,2106,0,0,0,1.0,1,1.0,1,1.0,1,0.28841571855123516,21
2798,0,4325,2219,2106,0,0,0,1.0,1,1.0,1,1.0,1,0.28841571855123516,21
2799,0,4325,2219,2106,0,0,0,1.0,1,1.0,1,1.0,1,0.2954735112023485,22
2800,0,4325,2219,2106,0,0,0,1.0,1,1.0,1,1.0,1,0.2954735112023485,22
2801,1,4326,2220,2106,0,0,0,1.0,1,1.0,1,1.0,1,0.28462456100385414,22
2802,0,4326,2220,2106,0,0,0,1.0,1,1.0,1,1.0,1,0.28462456100385414,22
2803,1,4327,2221,2106,0,0,0,1.0,1,1.0,1,1.0,1,0.3404493411661019,22
2804,0,4327,2221,2106,0,0,0,1.0,1,1.0,1,1.0,1,0.35828007501348125,23
2805,0,4327,2221,2106,0,0,0,1.0,1,1.0,1,1.0,1,0.35828007501348125,23
2806,0,4327,2221,2106,0,0,0,1.0,1,1.0,1,1.0,1,0.35828007501348125,23
2807,0,4327,2221,2106,0,0,0,1.0,1,1.0,1,1.0,1,0.3466601523637629,24
2808,0,4327,2221,2106,0,0,0,1.0,1,1.0,1,1.0,1,0.3466601523637629,24
2809,2,4329,2222,2107,0,0,0,1.0,1,1.0,1,1.0,1,0.3730337897714946,25
2810,0,4329,2222,2107,0,0,0,1.0,1,1.0,1,1.0,1,0.37041505036388056,24
2811,1,4330,2222,2108,0,0,0,1.0,1,1.0,1,1.0,1,0.3575392094942219,26
2812,1,4331,2223,2108,0,0,0,1.0,1,1.0,1,1.0,1,0.3998097930198781,26
2813,0,4331,2223,2108,0,0,0,1.0,1,1.0,1,1.0,1,0.40141690281141695,27
2814,5,4336,2225,2111,0,0,0,1.0,1,1.0,1,1.0,1,0.36258211111622235,29
2815,1,4337,2225,2112,0,0,0,1.0,1,1.0,1,1.0,1,0.3487639493125322,29
2816,1,4338,2225,2113,0,0,0,1.0,1,1.0,1,1.0,1,0.3350715074477604,29
2817,1,4339,2226,2113,0,0,0,1.0,1,1.0,1,1.0,1,0.3518387597658662,29
2818,2,4341,2227,2114,0,0,0,1.0,1,1.0,1,1.0,1,0.368675176793678,29
2819,0,4341,2227,2114,0,0,0,1.0,1,1.0,1,1.0,1,0.37998634423333777,30
2820,2,4343,2228,2115,0,0,0,1.0,1,1.0,1,1.0,1,0.3557425053974737,30
2821,1,4344,2228,2116,0,0,0,1.0,1,1.0,1,1.0,1,0.33447850663680345,31
2822,4,4348,2230,2118,0,0,0,1.0,1,1.0,1,1.0,1,0.30305713243450433,30
2823,2,4350,2232,2118,0,0,0,1.0,1,1.0,1,1.0,1,0.26350516144320374,27
2824,2,4352,2232,2120,0,0,0,1.0,1,1.0,1,1.0,1,0.18370430059859677,28
2825,4,4356,2236,2120,0,0,0,1.0,1,1.0,1,1.0,1,0.2233438116541542,28
2826,1,4357,2237,2120,0,0,0,1.0,1,1.0,1,1.0,1,0.2699471224300616,27
2827,2,4359,2237,2122,0,0,0,1.0,1,1.0,1,1.0,1,0.2379619760287615,28
2828,0,4359,2237,2122,0,0,0,1.0,1,1.0,1,1.0,1,0.2862313493363907,28
2829,0,4359,2237,2122,0,0,0,1.0,1,1.0,1,1.0,1,0.2696381916190885,27
2830,1,4360,2238,2122,0,0,0,1.0,1,1.0,1,1.0,1,0.2813249638446937,27
2831,0,4360,2238,2122,0,0,0,1.0,1,1.0,1,1.0,1,0.2813249638446937,27
2832,1,4361,2239,2122,0,0,0,1.0,1,1.0,1,1.0,1,0.343030166909975,27
2833,0,4361,2239,2122,0,0,0,1.0,1,1.0,1,1.0,1,0.378677375741695,26
2834,0,4361,2239,2122,0,0,0,1.0,1,1.0,1,1.0,1,0.323929341081845,26
2835,1,4362,2240,2122,0,0,0,1.0,1,1.0,1,1.0,1,0.3477908709794862,25
2836,2,4364,2240,2124,0,0,0,1.0,1,1.0,1,1.0,1,0.3161106888907882,27
2837,2,4366,2241,2125,0,0,0,1.0,1,1.0,1,1.0,1,0.30284778371263643,27
2838,3,4369,2242,2127,0,0,0,1.0,1,1.0,1,1.0,1,0.19188206748981096,27
2839,0,4369,2242,2127,0,0,0,1.0,1,1.0,1,1.0,1,0.21629844675719792,29
2840,1,4370,2243,2127,0,0,0,1.0,1,1.0,1,1.0,1,0.22814380350404873,29
2841,1,4371,2243,2128,0,0,0,1.0,1,1.0,1,1.0,1,0.2174645870741843,31
2842,1,4372,2243,2129,0,0,0,1.0,1,1.0,1,1.0,1,0.18745041634670764,31
2843,0,4372,2243,2129,0,0,0,1.0,1,1.0,1,1.0,1,0.1986085210807356,32
2844,2,4374,2245,2129,0,0,0,1.0,1,1.0,1,1.0,1,0.26999679904914387,33
2845,1,4375,2245,2130,0,0,0,1.0,1,1.0,1,1.0,1,0.24474635094815578,32
2846,0,4375,2245,2130,0,0,0,1.0,1,1.0,1,1.0,1,0.24498912120592894,33
2847,2,4377,2247,2130,0,0,0,1.0,1,1.0,1,1.0,1,0.2992751821044297,32
2848,1,4378,2248,2130,0,0,0,1.0,1,1.0,1,1.0,1,0.33226660067060215,33
2849,2,4380,2248,2132,0,0,0,1.0,1,1.0,1,1.0,1,0.29146272162046716,34
2850,0,4380,2248,2132,0,0,0,1.0,1,1.0,1,1.0,1,0.29146272162046716,34
2851,0,4380,2248,2132,0,0,0,1.0,1,1.0,1,1.0,1,0.29146272162046716,34
2852,5,4385,2253,2132,0,0,0,1.0,1,1.0,1,1.0,1,0.2725737943990463,35
2853,2,4387,2254,2133,0,0,0,1.0,1,1.0,1,1.0,1,0.2760044554025075,36
2854,1,4388,2254,2134,0,0,0,1.0,1,1.0,1,1.0,1,0.26961189259459095,37
2855,2,4390,2255,2135,0,0,0,1.0,1,1.0,1,1.0,1,0.2475723670600561,38
2856,1,4391,2255,2136,0,0,0,1.0,1,1.0,1,1.0,1,0.23471352580703234,38
2857,1,4392,2256,2136,0,0,0,1.0,1,1.0,1,1.0,1,0.23154508028289342,39
2858,2,4394,2257,2137,0,0,0,1.0,1,1.0,1,1.0,1,0.23123609566153422,40
2859,5,4399,2259,2140,0,0,0,1.0,1,1.0,1,1.0,1,0.19258533847851333,40
2860,2,4401,2261,2140,0,0,0,1.0,1,1.0,1,1.0,1,0.17904797751595167,40
2861,3,4404,2263,2141,0,0,0,1.0,1,1.0,1,1.0,1,0.1430214665058226,38
2862,3,4407,2266,2141,0,0,0,1.0,1,1.0,1,1.0,1,0.23252284864939565,38
2863,7,4414,2268,2146,0,0,0,1.0,1,1.0,1,1.0,1,0.19007935488222275,38
2864,2,4416,2270,2146,0,0,0,1.0,1,1.0,1,1.0,1,0.22446059627087558,36
2865,3,4419,2273,2146,0,0,0,1.0,1,1.0,1,1.0,1,0.2924968173558698,34
2866,1,4420,2273,2147,0,0,0,1.0,1,1.0,1,1.0,1,0.22598539538876838,31
2867,1,4421,2274,2147,0,0,0,1.0,1,1.0,1,1.0,1,0.21214648823803747,30
2868,2,4423,2276,2147,0,0,0,1.0,1,1.0,1,1.0,1,0.2673894674132069,27
2869,1,4424,2277,2147,0,0,0,1.0,1,1.0,1,1.0,1,0.2872384058091105,27
2870,2,4426,2278,2148,0,0,0,1.0,1,1.0,1,1.0,1,0.2673835016079219,25
2871,1,4427,2279,2148,0,0,0,1.0,1,1.0,1,1.0,1,0.3138241837020631,25
2872,2,4429,2280,2149,0,0,0,1.0,1,1.0,1,1.0,1,0.4015989989785311,23
2873,1,4430,2280,2150,0,0,0,1.0,1,1.0,1,1.0,1,0.3779110372621032,24
2874,1,4431,2281,2150,0,0,0,1.0,1,1.0,1,1.0,1,0.42754204502227716,24
2875,1,4432,2281,2151,0,0,0,1.0,1,1.0,1,1.0,1,0.42675343006429184,23
2876,1,4433,2282,2151,0,0,0,1.0,1,1.0,1,1.0,1,0.45514439881734614,24
2877,0,4433,2282,2151,0,0,0,1.0,1,1.0,1,1.0,1,0.45514439881734614,24
2878,2,4435,2283,2152,0,0,0,1.0,1,1.0,1,1.0,1,0.3948403595193034,24
2879,4,4439,2285,2154,0,0,0,1.0,1,1.0,1,1.0,1,0.38974457293419423,25
2880,0,4439,2285,2154,0,0,0,1.0,1,1.0,1,1.0,1,0.39185967990868564,26
2881,0,4439,2285,2154,0,0,0,1.0,1,1.0,1,1.0,1,0.39185967990868564,26
2882,0,4439,2285,2154,0,0,0,1.0,1,1.0,1,1.0,1,0.3710754346828606,27
2883,0,4439,2285,2154,0,0,0,1.0,1,1.0,1,1.0,1,0.34548240830360993,28
2884,1,4440,2285,2155,0,0,0,1.0,1,1.0,1,1.0,1,0.3650318109732845,29
2885,2,4442,2285,2157,0,0,0,1.0,1,1.0,1,1.0,1,0.31635945788998715,31
2886,2,4444,2286,2158,0,0,0,1.0,1,1.0,1,1.0,1,0.3048669941605901,31
2887,0,4444,2286,2158,0,0,0,1.0,1,1.0,1,1.0,1,0.2989559298420806,33
2888,0,4444,2286,2158,0,0,0,1.0,1,1.0,1,1.0,1,0.32055757239930677,34
2889,2,4446,2287,2159,0,0,0,1.0,1,1.0,1,1.0,1,0.32666108737486876,35
2890,1,4447,2288,2159,0,0,0,1.0,1,1.0,1,1.0,1,0.3452110301891548,35
2891,0,4447,2288,2159,0,0,0,1.0,1,1.0,1,1.0,1,0.3452110301891548,35
2892,2,4449,2290,2159,0,0,0,1.0,1,1.0,1,1.0,1,0.3647641342240571,35
2893,1,4450,2290,2160,0,0,0,1.0,1,1.0,1,1.0,1,0.3465124251764873,37
2894,0,4450,2290,2160,0,0,0,1.0,1,1.0,1,1.0,1,0.3465124251764873,37
2895,1,4451,2291,2160,0,0,0,1.0,1,1.0,1,1.0,1,0.3560128325429176,37
2896,0,4451,2291,2160,0,0,0,1.0,1,1.0,1,1.0,1,0.3688305117310504,38
2897,2,4453,2292,2161,0,0,0,1.0,1,1.0,1,1.0,1,0.3703828808457566,37
2898,4,4457,2292,2165,0,0,0,1.0,1,1.0,1,1.0,1,0.3372512199337663,38
2899,0,4457,2292,2165,0,0,0,1.0,1,1.0,1,1.0,1,0.31627271012811176,37
2900,0,4457,2292,2165,0,0,0,1.0,1,1.0,1,1.0,1,0.29651984318362334,36
2901,0,4457,2292,2165,0,0,0,1.0,1,1.0,1,1.0,1,0.30467583727558145,37
2902,1,4458,2293,2165,0,0,0,1.0,1,1.0,1,1.0,1,0.3589941826908585,35
2903,0,4458,2293,2165,0,0,0,1.0,1,1.0,1,1.0,1,0.3512697130451722,35
2904,1,4459,2293,2166,0,0,0,1.0,1,1.0,1,1.0,1,0.38595373358350743,33
2905,0,4459,2293,2166,0,0,0,1.0,1,1.0,1,1.0,1,0.38154494227028185,34
2906,2,4461,2295,2166,0,0,0,1.0,1,1.0,1,1.0,1,0.42730933871816074,34
2907,1,4462,2295,2167,0,0,0,1.0,1,1.0,1,1.0,1,0.4119761612702281,35
2908,1,4463,2295,2168,0,0,0,1.0,1,1.0,1,1.0,1,0.3926623368261565,36
2909,1,4464,2295,2169,0,0,0,1.0,1,1.0,1,1.0,1,0.4028106269126612,38
2910,1,4465,2295,2170,0,0,0,1.0,1,1.0,1,1.0,1,0.3626123229759821,38
2911,0,4465,2295,2170,0,0,0,1.0,1,1.0,1,1.0,1,0.34837700107597547,37
2912,0,4465,2295,2170,0,0,0,1.0,1,1.0,1,1.0,1,0.34837700107597547,37
2913,0,4465,2295,2170,0,0,0,1.0,1,1.0,1,1.0,1,0.3602265541374392,38
2914,1,4466,2295,2171,0,0,0,1.0,1,1.0,1,1.0,1,0.33746490278876884,38
2915,1,4467,2295,2172,0,0,0,1.0,1,1.0,1,1.0,1,0.32651328611762953,39
2916,2,4469,2296,2173,0,0,0,1.0,1,1.0,1,1.0,1,0.31776722592961576,40
2917,1,4470,2296,2174,0,0,0,1.0,1,1.0,1,1.0,1,0.3267920263850304,41
2918,1,4471,2297,2174,0,0,0,1.0,1,1.0,1,1.0,1,0.337697958995072,41
2919,0,4471,2297,2174,0,0,0,1.0,1,1.0,1,1.0,1,0.337697958995072,41
2920,4,4475,2297,2178,0,0,0,1.0,1,1.0,1,1.0,1,0.30470157591105335,43
2921,2,4477,2297,2180,0,0,0,1.0,1,1.0,1,1.0,1,0.2864931030362387,42
2922,2,4479,2298,2181,0,0,0,1.0,1,1.0,1,1.0,1,0.2718356260527173,43
2923,1,4480,2298,2182,0,0,0,1.0,1,1.0,1,1.0,1,0.2608770133902986,44
2924,0,4480,2298,2182,0,0,0,1.0,1,1.0,1,1.0,1,0.25089253310308307,45
2925,1,4481,2298,2183,0,0,0,1.0,1,1.0,1,1.0,1,0.25802059277677725,45
2926,3,4484,2299,2185,0,0,0,1.0,1,1.0,1,1.0,1,0.23779082137822521,47
2927,1,4485,2299,2186,0,0,0,1.0,1,1.0,1,1.0,1,0.22626013748732926,47
2928,2,4487,2300,2187,0,0,0,1.0,1,1.0,1,1.0,1,0.2127509324621361,48
2929,0,4487,2300,2187,0,0,0,1.0,1,1.0,1,1.0,1,0.2127509324621361,48
2930,0,4487,2300,2187,0,0,0,1.0,1,1.0,1,1.0,1,0.2314778390959835,50
2931,0,4487,2300,2187,0,0,0,1.0,1,1.0,1,1.0,1,0.24111578614790385,51
2932,0,4487,2300,2187,0,0,0,1.0,1,1.0,1,1.0,1,0.24111578614790385,51
2933,1,4488,2301,2187,0,0,0,1.0,1,1.0,1,1.0,1,0.271109181584188,52
2934,3,4491,2302,2189,0,0,0,1.0,1,1.0,1,1.0,1,0.25716912825422206,52
2935,1,4492,2303,2189,0,0,0,1.0,1,1.0,1,1.0,1,0.27198379943181333,51
2936,1,4493,2303,2190,0,0,0,1.0,1,1.0,1,1.0,1,0.2587188937163373,49
2937,1,4494,2303,2191,0,0,0,1.0,1,1.0,1,1.0,1,0.2706328781442597,50
2938,5,4499,2305,2194,0,0,0,1.0,1,1.0,1,1.0,1,0.2713775812041065,50
2939,2,4501,2305,2196,0,0,0,1.0,1,1.0,1,1.0,1,0.23473514203834825,51
2940,0,4501,2305,2196,0,0,0,1.0,1,1.0,1,1.0,1,0.24907559822073735,52
2941,1,4502,2306,2196,0,0,0,1.0,1,1.0,1,1.0,1,0.25959762408731935,53
2942,1,4503,2307,2196,0,0,0,1.0,1,1.0,1,1.0,1,0.27589658518324894,52
2943,0,4503,2307,2196,0,0,0,1.0,1,1.0,1,1.0,1,0.2681780824667113,51
2944,3,4506,2309,2197,0,0,0,1.0,1,1.0,1,1.0,1,0.28564773322892134,52
2945,3,4509,2310,2199,0,0,0,1.0,1,1.0,1,1.0,1,0.23348866579271224,50
2946,5,4514,2313,2201,0,0,0,1.0,1,1.0,1,1.0,1,0.27007921678125446,51
2947,4,4518,2315,2203,0,0,0,1.0,1,1.0,1,1.0,1,0.2295296359265694,50
2948,2,4520,2317,2203,0,0,0,1.0,1,1.0,1,1.0,1,0.23350952354701218,50
2949,0,4520,2317,2203,0,0,0,1.0,1,1.0,1,1.0,1,0.2207606107252589,49
2950,1,4521,2318,2203,0,0,0,1.0,1,1.0,1,1.0,1,0.2841526169815352,48
2951,2,4523,2320,2203,0,0,0,1.0,1,1.0,1,1.0,1,0.3408418890896691,48
2952,0,4523,2320,2203,0,0,0,1.0,1,1.0,1,1.0,1,0.3439663217312168,46
2953,1,4524,2320,2204,0,0,0,1.0,1,1.0,1,1.0,1,0.33390532333020234,46
2954,2,4526,2320,2206,0,0,0,1.0,1,1.0,1,1.0,1,0.3333743520538232,48
2955,2,4528,2320,2208,0,0,0,1.0,1,1.0,1,1.0,1,0.3088532612439738,48
2956,2,4530,2320,2210,0,0,0,1.0,1,1.0,1,1.0,1,0.3202553248826006,47
2957,4,4534,2320,2214,0,0,0,1.0,1,1.0,1,1.0,1,0.25886788254939697,48
2958,0,4534,2320,2214,0,0,0,1.0,1,1.0,1,1.0,1,0.26835976572817344,49
2959,3,4537,2322,2215,0,0,0,1.0,1,1.0,1,1.0,1,0.26710646170283164,49
2960,5,4542,2322,2220,0,0,0,1.0,1,1.0,1,1.0,1,0.16905567180748424,49
2961,2,4544,2323,2221,0,0,0,1.0,1,1.0,1,1.0,1,0.19186785771964038,51
2962,3,4547,2323,2224,0,0,0,1.0,1,1.0,1,1.0,1,0.1406789476032969,51
2963,0,4547,2323,2224,0,0,0,1.0,1,1.0,1,1.0,1,0.1406789476032969,51
2964,1,4548,2323,2225,0,0,0,1.0,1,1.0,1,1.0,1,0.12836294484108704,52
2965,1,4549,2323,2226,0,0,0,1.0,1,1.0,1,1.0,1,0.13832245329175477,53
2966,2,4551,2325,2226,0,0,0,1.0,1,1.0,1,1.0,1,0.15415477249043733,53
2967,2,4553,2326,2227,0,0,0,1.0,1,1.0,1,1.0,1,0.17560003108175537,53
2968,1,4554,2326,2228,0,0,0,1.0,1,1.0,1,1.0,1,0.17604113757642942,54
2969,2,4556,2327,2229,0,0,0,1.0,1,1.0,1,1.0,1,0.18266564972632296,55
2970,0,4556,2327,2229,0,0,0,1.0,1,1.0,1,1.0,1,0.18266564972632296,55
2971,0,4556,2327,2229,0,0,0,1.0,1,1.0,1,1.0,1,0.18266564972632296,55
2972,0,4556,2327,2229,0,0,0,1.0,1,1.0,1,1.0,1,0.18266564972632296,55
2973,3,4559,2328,2231,0,0,0,1.0,1,1.0,1,1.0,1,0.13378640920630955,55
2974,2,4561,2328,2233,0,0,0,1.0,1,1.0,1,1.0,1,0.10219619773269643,56
2975,0,4561,2328,2233,0,0,0,1.0,1,1.0,1,1.0,1,0.11079537610749253,55
2976,0,4561,2328,2233,0,0,0,1.0,1,1.0,1,1.0,1,0.11270388001582947,57
2977,1,4562,2329,2233,0,0,0,1.0,1,1.0,1,1.0,1,0.13703559817550512,59
2978,3,4565,2331,2234,0,0,0,1.0,1,1.0,1,1.0,1,0.15796351912643508,59
2979,3,4568,2333,2235,0,0,0,1.0,1,1.0,1,1.0,1,0.1689802367773299,59
2980,0,4568,2333,2235,0,0,0,1.0,1,1.0,1,1.0,1,0.1689802367773299,59
2981,1,4569,2333,2236,0,0,0,1.0,1,1.0,1,1.0,1,0.15309669939903364,59
2982,1,4570,2333,2237,0,0,0,1.0,1,1.0,1,1.0,1,0.15591484836922442,61
2983,3,4573,2335,2238,0,0,0,1.0,1,1.0,1,1.0,1,0.17317875411713934,61
2984,5,4578,2339,2239,0,0,0,1.0,1,1.0,1,1.0,1,0.23662372413325938,61
2985,6,4584,2344,2240,0,0,0,1.0,1,1.0,1,1.0,1,0.24510637173742122,57
2986,7,4591,2346,2245,0,0,0,1.0,1,1.0,1,1.0,1,0.2012272759702982,58
2987,7,4598,2350,2248,0,0,0,1.0,1,1.0,1,1.0,1,0.20984751442227426,56
2988,2,4600,2351,2249,0,0,0,1.0,1,1.0,1,1.0,1,0.17792233559489445,55
2989,4,4604,2354,2250,0,0,0,1.0,1,1.0,1,1.0,1,0.20063254761886512,53
2990,2,4606,2355,2251,0,0,0,1.0,1,1.0,1,1.0,1,0.1950379032866261,52
2991,0,4606,2355,2251,0,0,0,1.0,1,1.0,1,1.0,1,0.20092477987860846,54
2992,2,4608,2356,2252,0,0,0,1.0,1,1.0,1,1.0,1,0.1891178331555066,55
2993,1,4609,2357,2252,0,0,0,1.0,1,1.0,1,1.0,1,0.23290797003171448,53
2994,4,4613,2360,2253,0,0,0,1.0,1,1.0,1,1.0,1,0.27787521480082467,53
2995,4,4617,2361,2256,0,0,0,1.0,1,1.0,1,1.0,1,0.21235803275936055,51
2996,2,4619,2362,2257,0,0,0,1.0,1,1.0,1,1.0,1,0.23714883934448702,52
2997,3,4622,2363,2259,0,0,0,1.0,1,1.0,1,1.0,1,0.22984021684770783,50
2998,0,4622,2363,2259,0,0,0,1.0,1,1.0,1,1.0,1,0.24000472344327559,51
2999,0,4622,2363,2259,0,0,0,1.0,1,1.0,1,1.0,1,0.23696398377876765,48
3000,0,4622,2363,2259,0,0,0,1.0,1,1.0,1,1.0,1,0.23696398377876765,48
3001,0,4622,2363,2259,0,0,0,1.0,1,1.0,1,1.0,1,0.24316406928620132,49
3002,3,4625,2364,2261,0,0,0,1.0,1,1.0,1,1.0,1,0.20823512449516804,50
3003,0,4625,2364,2261,0,0,0,1.0,1,1.0,1,1.0,1,0.20823512449516804,50
3004,2,4627,2365,2262,0,0,0,1.0,1,1.0,1,1.0,1,0.18067082924334787,51
3005,0,4627,2365,2262,0,0,0,1.0,1,1.0,1,1.0,1,0.19992386268105847,50
3006,2,4629,2365,2264,0,0,0,1.0,1,1.0,1,1.0,1,0.19246967538206017,51
3007,0,4629,2365,2264,0,0,0,1.0,1,1.0,1,1.0,1,0.2258649002179847,51
3008,1,4630,2366,2264,0,0,0,1.0,1,1.0,1,1.0,1,0.25768982888426467,53
3009,3,4633,2366,2267,0,0,0,1.0,1,1.0,1,1.0,1,0.22691096414532463,52
3010,2,4635,2366,2269,0,0,0,1.0,1,1.0,1,1.0,1,0.1959670709738493,52
3011,4,4639,2367,2272,0,0,0,1.0,1,1.0,1,1.0,1,0.1252030146583381,51
3012,1,4640,2368,2272,0,0,0,1.0,1,1.0,1,1.0,1,0.16809245225516073,54
3013,2,4642,2370,2272,0,0,0,1.0,1,1.0,1,1.0,1,0.16055408384648265,52
3014,1,4643,2371,2272,0,0,0,1.0,1,1.0,1,1.0,1,0.14969330101360157,51
3015,3,4646,2373,2273,0,0,0,1.0,1,1.0,1,1.0,1,0.14502462352613368,50
3016,6,4652,2378,2274,0,0,0,1.0,1,1.0,1,1.0,1,0.1828552181837947,50
3017,2,4654,2379,2275,0,0,0,1.0,1,1.0,1,1.0,1,0.17724227617893204,48
3018,2,4656,2380,2276,0,0,0,1.0,1,1.0,1,1.0,1,0.17823253748874024,48
3019,5,4661,2383,2278,0,0,0,1.0,1,1.0,1,1.0,1,0.1532446501520035,47
3020,3,4664,2386,2278,0,0,0,1.0,1,1.0,1,1.0,1,0.1516423757934059,47
3021,5,4669,2390,2279,0,0,0,1.0,1,1.0,1,1.0,1,0.19535074994158122,46
3022,4,4673,2393,2280,0,0,0,1.0,1,1.0,1,1.0,1,0.24732053494547585,45
3023,0,4673,2393,2280,0,0,0,1.0,1,1.0,1,1.0,1,0.20396956131143404,41
3024,0,4673,2393,2280,0,0,0,1.0,1,1.0,1,1.0,1,0.20086067146554593,43
3025,1,4674,2394,2280,0,0,0,1.0,1,1.0,1,1.0,1,0.18372205848771458,39
3026,1,4675,2395,2280,0,0,0,1.0,1,1.0,1,1.0,1,0.20235508685056253,38
3027,3,4678,2397,2281,0,0,0,1.0,1,1.0,1,1.0,1,0.2152860448086017,38
3028,2,4680,2399,2281,0,0,0,1.0,1,1.0,1,1.0,1,0.2678859037365691,38
3029,3,4683,2399,2284,0,0,0,1.0,1,1.0,1,1.0,1,0.2016355622245185,37
3030,1,4684,2399,2285,0,0,0,1.0,1,1.0,1,1.0,1,0.19138110542329095,38
3031,1,4685,2400,2285,0,0,0,1.0,1,1.0,1,1.0,1,0.21003161680253601,39
3032,1,4686,2400,2286,0,0,0,1.0,1,1.0,1,1.0,1,0.1891361200690917,39
3033,1,4687,2400,2287,0,0,0,1.0,1,1.0,1,1.0,1,0.15385026803157864,39
3034,0,4687,2400,2287,0,0,0,1.0,1,1.0,1,1.0,1,0.1780932531919053,38
3035,1,4688,2401,2287,0,0,0,1.0,1,1.0,1,1.0,1,0.18348117213163936,39
3036,0,4688,2401,2287,0,0,0,1.0,1,1.0,1,1.0,1,0.1743818954797996,39
3037,2,4690,2401,2289,0,0,0,1.0,1,1.0,1,1.0,1,0.14951500524046674,39
3038,1,4691,2402,2289,0,0,0,1.0,1,1.0,1,1.0,1,0.16066510116957447,40
3039,1,4692,2403,2289,0,0,0,1.0,1,1.0,1,1.0,1,0.18576540305584965,41
3040,1,4693,2404,2289,0,0,0,1.0,1,1.0,1,1.0,1,0.19576265965191453,42
3041,1,4694,2405,2289,0,0,0,1.0,1,1.0,1,1.0,1,0.2470217507097162,43
3042,7,4701,2406,2295,0,0,0,1.0,1,1.0,1,1.0,1,0.18281511751349366,45
3043,1,4702,2407,2295,0,0,0,1.0,1,1.0,1,1.0,1,0.21591700779541342,45
3044,1,4703,2407,2296,0,0,0,1.0,1,1.0,1,1.0,1,0.20294896029180853,45
3045,3,4706,2409,2297,0,0,0,1.0,1,1.0,1,1.0,1,0.18901432200299612,45
3046,1,4707,2409,2298,0,0,0,1.0,1,1.0,1,1.0,1,0.1879544060431534,46
3047,3,4710,2411,2299,0,0,0,1.0,1,1.0,1,1.0,1,0.2330871089211469,46
3048,6,4716,2411,2305,0,0,0,1.0,1,1.0,1,1.0,1,0.13657844652270934,49
3049,2,4718,2412,2306,0,0,0,1.0,1,1.0,1,1.0,1,0.12724186478067975,50
3050,0,4718,2412,2306,0,0,0,1.0,1,1.0,1,1.0,1,0.12724186478067975,50
3051,1,4719,2413,2306,0,0,0,1.0,1,1.0,1,1.0,1,0.19033159916521963,50
3052,2,4721,2414,2307,0,0,0,1.0,1,1.0,1,1.0,1,0.21886170161286714,50
3053,1,4722,2415,2307,0,0,0,1.0,1,1.0,1,1.0,1,0.2052315269898831,49
3054,0,4722,2415,2307,0,0,0,1.0,1,1.0,1,1.0,1,0.21778958964694184,47
3055,2,4724,2416,2308,0,0,0,1.0,1,1.0,1,1.0,1,0.23610375616391807,48
3056,1,4725,2416,2309,0,0,0,1.0,1,1.0,1,1.0,1,0.2337710042271383,47
3057,1,4726,2417,2309,0,0,0,1.0,1,1.0,1,1.0,1,0.26691570274403953,48
3058,4,4730,2421,2309,0,0,0,1.0,1,1.0,1,1.0,1,0.29226995553360474,46
3059,2,4732,2421,2311,0,0,0,1.0,1,1.0,1,1.0,1,0.2663346988426059,44
3060,1,4733,2422,2311,0,0,0,1.0,1,1.0,1,1.0,1,0.29209066848559995,44
3061,2,4735,2423,2312,0,0,0,1.0,1,1.0,1,1.0,1,0.3088106982109118,42
3062,3,4738,2425,2313,0,0,0,1.0,1,1.0,1,1.0,1,0.32290661791539294,42
3063,6,4744,2427,2317,0,0,0,1.0,1,1.0,1,1.0,1,0.28131943771174767,41
3064,2,4746,2428,2318,0,0,0,1.0,1,1.0,1,1.0,1,0.29563144146556203,42
3065,2,4748,2429,2319,0,0,0,1.0,1,1.0,1,1.0,1,0.26307603242477445,40
3066,4,4752,2431,2321,0,0,0,1.0,1,1.0,1,1.0,1,0.23608505621154907,42
3067,3,4755,2433,2322,0,0,0,1.0,1,1.0,1,1.0,1,0.171487184228819,40
3068,3,4758,2436,2322,0,0,0,1.0,1,1.0,1,1.0,1,0.1765861169263239,39
3069,1,4759,2437,2322,0,0,0,1.0,1,1.0,1,1.0,1,0.1932641128860282,38
3070,2,4761,2437,2324,0,0,0,1.0,1,1.0,1,1.0,1,0.17310183907677462,39
3071,0,4761,2437,2324,0,0,0,1.0,1,1.0,1,1.0,1,0.16438135003982893,39
3072,0,4761,2437,2324,0,0,0,1.0,1,1.0,1,1.0,1,0.18856098991178347,40
3073,1,4762,2438,2324,0,0,0,1.0,1,1.0,1,1.0,1,0.23399596281070342,38
3074,0,4762,2438,2324,0,0,0,1.0,1,1.0,1,1.0,1,0.21586107076120728,38
3075,2,4764,2438,2326,0,0,0,1.0,1,1.0,1,1.0,1,0.1898321092065163,41
3076,0,4764,2438,2326,0,0,0,1.0,1,1.0,1,1.0,1,0.17473100902169977,42
3077,2,4766,2440,2326,0,0,0,1.0,1,1.0,1,1.0,1,0.23551551529946596,42
3078,0,4766,2440,2326,0,0,0,1.0,1,1.0,1,1.0,1,0.23551551529946596,42
3079,0,4766,2440,2326,0,0,0,1.0,1,1.0,1,1.0,1,0.23551551529946596,42
3080,1,4767,2440,2327,0,0,0,1.0,1,1.0,1,1.0,1,0.21913529437344378,43
3081,0,4767,2440,2327,0,0,0,1.0,1,1.0,1,1.0,1,0.22291052001752878,44
3082,0,4767,2440,2327,0,0,0,1.0,1,1.0,1,1.0,1,0.23867730679260166,45
3083,0,4767,2440,2327,0,0,0,1.0,1,1.0,1,1.0,1,0.23867730679260166,45
3084,1,4768,2441,2327,0,0,0,1.0,1,1.0,1,1.0,1,0.22296851982327387,45
3085,2,4770,2441,2329,0,0,0,1.0,1,1.0,1,1.0,1,0.22250902172541068,46
3086,1,4771,2441,2330,0,0,0,1.0,1,1.0,1,1.0,1,0.21018964450744504,46
3087,2,4773,2442,2331,0,0,0,1.0,1,1.0,1,1.0,1,0.2086491094828956,47
3088,2,4775,2444,2331,0,0,0,1.0,1,1.0,1,1.0,1,0.27380091089206127,48
3089,2,4777,2445,2332,0,0,0,1.0,1,1.0,1,1.0,1,0.23786321191971604,46
3090,1,4778,2445,2333,0,0,0,1.0,1,1.0,1,1.0,1,0.25922631073181474,46
3091,0,4778,2445,2333,0,0,0,1.0,1,1.0,1,1.0,1,0.2873557044538088,46
3092,2,4780,2446,2334,0,0,0,1.0,1,1.0,1,1.0,1,0.27564188520792676,47
3093,2,4782,2446,2336,0,0,0,1.0,1,1.0,1,1.0,1,0.23757741928959974,47
3094,2,4784,2446,2338,0,0,0,1.0,1,1.0,1,1.0,1,0.21536899299831663,45
3095,2,4786,2447,2339,0,0,0,1.0,1,1.0,1,1.0,1,0.18179394762763867,46
3096,0,4786,2447,2339,0,0,0,1.0,1,1.0,1,1.0,1,0.18547206512451317,46
3097,2,4788,2449,2339,0,0,0,1.0,1,1.0,1,1.0,1,0.21707706120739884,47
3098,2,4790,2449,2341,0,0,0,1.0,1,1.0,1,1.0,1,0.1684691308073659,47
3099,0,4790,2449,2341,0,0,0,1.0,1,1.0,1,1.0,1,0.1684691308073659,47
3100,0,4790,2449,2341,0,0,0,1.0,1,1.0,1,1.0,1,0.1684691308073659,47
3101,0,4790,2449,2341,0,0,0,1.0,1,1.0,1,1.0,1,0.18026524353239012,48
3102,2,4792,2451,2341,0,0,0,1.0,1,1.0,1,1.0,1,0.170109940950697,48
3103,2,4794,2452,2342,0,0,0,1.0,1,1.0,1,1.0,1,0.1903923016213013,49
3104,2,4796,2454,2342,0,0,0,1.0,1,1.0,1,1.0,1,0.2310683628790654,48
3105,6,4802,2455,2347,0,0,0,1.0,1,1.0,1,1.0,1,0.14177986171975512,45
3106,2,4804,2457,2347,0,0,0,1.0,1,1.0,1,1.0,1,0.2055897191711008,46
3107,1,4805,2457,2348,0,0,0,1.0,1,1.0,1,1.0,1,0.17746891157897043,44
3108,0,4805,2457,2348,0,0,0,1.0,1,1.0,1,1.0,1,0.17471247305413762,45
3109,1,4806,2457,2349,0,0,0,1.0,1,1.0,1,1.0,1,0.15827948034021685,44
3110,4,4810,2459,2351,0,0,0,1.0,1,1.0,1,1.0,1,0.18676809883147635,46
3111,2,4812,2461,2351,0,0,0,1.0,1,1.0,1,1.0,1,0.18321554867711676,46
3112,3,4815,2461,2354,0,0,0,1.0,1,1.0,1,1.0,1,0.1430040478815221,47
3113,0,4815,2461,2354,0,0,0,1.0,1,1.0,1,1.0,1,0.1262725070662018,48
3114,0,4815,2461,2354,0,0,0,1.0,1,1.0,1,1.0,1,0.14399007423325,48
3115,0,4815,2461,2354,0,0,0,1.0,1,1.0,1,1.0,1,0.16425016399831274,49
3116,0,4815,2461,2354,0,0,0,1.0,1,1.0,1,1.0,1,0.1909995860380536,48
3117,3,4818,2462,2356,0,0,0,1.0,1,1.0,1,1.0,1,0.2038043883137417,49
3118,2,4820,2462,2358,0,0,0,1.0,1,1.0,1,1.0,1,0.1887908521427427,50
3119,0,4820,2462,2358,0,0,0,1.0,1,1.0,1,1.0,1,0.1887908521427427,50
3120,0,4820,2462,2358,0,0,0,1.0,1,1.0,1,1.0,1,0.21271783522045043,50
3121,2,4822,2464,2358,0,0,0,1.0,1,1.0,1,1.0,1,0.20526436917599586,50
3122,0,4822,2464,2358,0,0,0,1.0,1,1.0,1,1.0,1,0.20526436917599586,50
3123,2,4824,2466,2358,0,0,0,1.0,1,1.0,1,1.0,1,0.2159300984286587,51
3124,1,4825,2467,2358,0,0,0,1.0,1,1.0,1,1.0,1,0.24751132039270993,51
3125,2,4827,2468,2359,0,0,0,1.0,1,1.0,1,1.0,1,0.2613451919065102,51
3126,5,4832,2469,2363,0,0,0,1.0,1,1.0,1,1.0,1,0.20960470296461975,54
3127,2,4834,2470,2364,0,0,0,1.0,1,1.0,1,1.0,1,0.21687466828273225,53
3128,1,4835,2471,2364,0,0,0,1.0,1,1.0,1,1.0,1,0.2131684110284473,52
3129,1,4836,2472,2364,0,0,0,1.0,1,1.0,1,1.0,1,0.2072643938955318,51
3130,0,4836,2472,2364,0,0,0,1.0,1,1.0,1,1.0,1,0.21104456891674353,50
3131,1,4837,2473,2364,0,0,0,1.0,1,1.0,1,1.0,1,0.21427901150844733,50
3132,1,4838,2473,2365,0,0,0,1.0,1,1.0,1,1.0,1,0.18585921085658924,49
3133,1,4839,2473,2366,0,0,0,1.0,1,1.0,1,1.0,1,0.16229509402601658,49
3134,0,4839,2473,2366,0,0,0,1.0,1,1.0,1,1.0,1,0.16239572697254914,46
3135,3,4842,2475,2367,0,0,0,1.0,1,1.0,1,1.0,1,0.21912849148012853,47
3136,1,4843,2475,2368,0,0,0,1.0,1,1.0,1,1.0,1,0.18237721760425737,46
3137,0,4843,2475,2368,0,0,0,1.0,1,1.0,1,1.0,1,0.19880725620315834,49
3138,0,4843,2475,2368,0,0,0,1.0,1,1.0,1,1.0,1,0.19880725620315834,49
3139,3,4846,2478,2368,0,0,0,1.0,1,1.0,1,1.0,1,0.24742698160549959,50
3140,5,4851,2480,2371,0,0,0,1.0,1,1.0,1,1.0,1,0.20952419321478416,51
3141,2,4853,2481,2372,0,0,0,1.0,1,1.0,1,1.0,1,0.211872844293615,50
3142,2,4855,2481,2374,0,0,0,1.0,1,1.0,1,1.0,1,0.18221778171138994,50
3143,1,4856,2482,2374,0,0,0,1.0,1,1.0,1,1.0,1,0.21422740696865533,49
3144,0,4856,2482,2374,0,0,0,1.0,1,1.0,1,1.0,1,0.21422740696865533,49
3145,0,4856,2482,2374,0,0,0,1.0,1,1.0,1,1.0,1,0.2308886092249263,48
3146,3,4859,2483,2376,0,0,0,1.0,1,1.0,1,1.0,1,0.22049182767748576,49
3147,0,4859,2483,2376,0,0,0,1.0,1,1.0,1,1.0,1,0.25131256971294746,48
3148,5,4864,2486,2378,0,0,0,1.0,1,1.0,1,1.0,1,0.20535770600972933,48
3149,4,4868,2487,2381,0,0,0,1.0,1,1.0,1,1.0,1,0.18104188318063894,47
3150,0,4868,2487,2381,0,0,0,1.0,1,1.0,1,1.0,1,0.18104188318063894,47
3151,2,4870,2488,2382,0,0,0,1.0,1,1.0,1,1.0,1,0.2066908807109126,48
3152,1,4871,2488,2383,0,0,0,1.0,1,1.0,1,1.0,1,0.18041058613331243,47
3153,2,4873,2489,2384,0,0,0,1.0,1,1.0,1,1.0,1,0.18567556589670287,47
3154,2,4875,2490,2385,0,0,0,1.0,1,1.0,1,1.0,1,0.19127728751996562,48
3155,0,4875,2490,2385,0,0,0,1.0,1,1.0,1,1.0,1,0.19030240288672862,48
3156,1,4876,2491,2385,0,0,0,1.0,1,1.0,1,1.0,1,0.20929099032457565,48
3157,1,4877,2491,2386,0,0,0,1.0,1,1.0,1,1.0,1,0.22150317235505979,48
3158,0,4877,2491,2386,0,0,0,1.0,1,1.0,1,1.0,1,0.22150317235505979,48
3159,3,4880,2491,2389,0,0,0,1.0,1,1.0,1,1.0,1,0.1656523531502234,49
3160,4,4884,2492,2392,0,0,0,1.0,1,1.0,1,1.0,1,0.17299360577710482,51
3161,0,4884,2492,2392,0,0,0,1.0,1,1.0,1,1.0,1,0.15936403399358728,52
3162,1,4885,2493,2392,0,0,0,1.0,1,1.0,1,1.0,1,0.16522352278429273,51
3163,0,4885,2493,2392,0,0,0,1.0,1,1.0,1,1.0,1,0.16522352278429273,51
3164,3,4888,2494,2394,0,0,0,1.0,1,1.0,1,1.0,1,0.1689102910110859,52
3165,2,4890,2496,2394,0,0,0,1.0,1,1.0,1,1.0,1,0.21118962689098492,50
3166,2,4892,2497,2395,0,0,0,1.0,1,1.0,1,1.0,1,0.20856071851176367,50
3167,3,4895,2499,2396,0,0,0,1.0,1,1.0,1,1.0,1,0.16717992473073917,49
3168,1,4896,2500,2396,0,0,0,1.0,1,1.0,1,1.0,1,0.17893999418712764,47
3169,1,4897,2501,2396,0,0,0,1.0,1,1.0,1,1.0,1,0.20349804968510102,48
3170,2,4899,2502,2397,0,0,0,1.0,1,1.0,1,1.0,1,0.22034207880798046,47
3171,2,4901,2503,2398,0,0,0,1.0,1,1.0,1,1.0,1,0.2490281865751837,47
3172,2,4903,2504,2399,0,0,0,1.0,1,1.0,1,1.0,1,0.2703756724191728,46
3173,1,4904,2504,2400,0,0,0,1.0,1,1.0,1,1.0,1,0.2408430963723235,45
3174,3,4907,2505,2402,0,0,0,1.0,1,1.0,1,1.0,1,0.22519481024949353,43
3175,3,4910,2506,2404,0,0,0,1.0,1,1.0,1,1.0,1,0.21058356711567347,43
3176,3,4913,2506,2407,0,0,0,1.0,1,1.0,1,1.0,1,0.1464261033806624,44
3177,2,4915,2507,2408,0,0,0,1.0,1,1.0,1,1.0,1,0.11219614848681869,44
3178,1,4916,2508,2408,0,0,0,1.0,1,1.0,1,1.0,1,0.12836858450794905,47
3179,3,4919,2509,2410,0,0,0,1.0,1,1.0,1,1.0,1,0.09899430093522843,48
3180,0,4919,2509,2410,0,0,0,1.0,1,1.0,1,1.0,1,0.09899430093522843,48
3181,0,4919,2509,2410,0,0,0,1.0,1,1.0,1,1.0,1,0.09899430093522843,48
3182,1,4920,2510,2410,0,0,0,1.0,1,1.0,1,1.0,1,0.13023310462898144,51
3183,2,4922,2511,2411,0,0,0,1.0,1,1.0,1,1.0,1,0.11148526013463604,50
3184,1,4923,2512,2411,0,0,0,1.0,1,1.0,1,1.0,1,0.1535001170492183,50
3185,1,4924,2512,2412,0,0,0,1.0,1,1.0,1,1.0,1,0.10516691207048781,48
3186,2,4926,2514,2412,0,0,0,1.0,1,1.0,1,1.0,1,0.12961442493537859,48
3187,1,4927,2514,2413,0,0,0,1.0,1,1.0,1,1.0,1,0.11128096002906132,48
3188,1,4928,2515,2413,0,0,0,1.0,1,1.0,1,1.0,1,0.14511197769041861,48
3189,2,4930,2515,2415,0,0,0,1.0,1,1.0,1,1.0,1,0.13063489819585997,49
3190,1,4931,2516,2415,0,0,0,1.0,1,1.0,1,1.0,1,0.13463741281124197,51
3191,0,4931,2516,2415,0,0,0,1.0,1,1.0,1,1.0,1,0.12993521641665579,52
3192,1,4932,2517,2415,0,0,0,1.0,1,1.0,1,1.0,1,0.14024890093991044,52
3193,0,4932,2517,2415,0,0,0,1.0,1,1.0,1,1.0,1,0.14024890093991044,52
3194,2,4934,2519,2415,0,0,0,1.0,1,1.0,1,1.0,1,0.17945926926117303,54
3195,0,4934,2519,2415,0,0,0,1.0,1,1.0,1,1.0,1,0.17945926926117303,54
3196,1,4935,2520,2415,0,0,0,1.0,1,1.0,1,1.0,1,0.22198965555074116,54
3197,5,4940,2521,2419,0,0,0,1.0,1,1.0,1,1.0,1,0.15499009061409896,54
3198,2,4942,2522,2420,0,0,0,1.0,1,1.0,1,1.0,1,0.17659505189160762,54
3199,3,4945,2522,2423,0,0,0,1.0,1,1.0,1,1.0,1,0.1490583564040106,56
3200,0,4945,2522,2423,0,0,0,1.0,1,1.0,1,1.0,1,0.148645980813886,56
3201,0,4945,2522,2423,0,0,0,1.0,1,1.0,1,1.0,1,0.148645980813886,56
3202,0,4945,2522,2423,0,0,0,1.0,1,1.0,1,1.0,1,0.15700964164715245,57
3203,1,4946,2523,2423,0,0,0,1.0,1,1.0,1,1.0,1,0.15710859675555636,56
3204,3,4949,2526,2423,0,0,0,1.0,1,1.0,1,1.0,1,0.25363248906640934,55
3205,0,4949,2526,2423,0,0,0,1.0,1,1.0,1,1.0,1,0.2614745990141361,54
3206,4,4953,2528,2425,0,0,0,1.0,1,1.0,1,1.0,1,0.28201145182042375,56
3207,2,4955,2528,2427,0,0,0,1.0,1,1.0,1,1.0,1,0.24742402151135318,54
3208,0,4955,2528,2427,0,0,0,1.0,1,1.0,1,1.0,1,0.24470727282169683,53
3209,0,4955,2528,2427,0,0,0,1.0,1,1.0,1,1.0,1,0.24864832777564289,54
3210,3,4958,2530,2428,0,0,0,1.0,1,1.0,1,1.0,1,0.2581453218622852,53
3211,3,4961,2531,2430,0,0,0,1.0,1,1.0,1,1.0,1,0.24617141513144167,53
3212,0,4961,2531,2430,0,0,0,1.0,1,1.0,1,1.0,1,0.24965055240919595,54
3213,0,4961,2531,2430,0,0,0,1.0,1,1.0,1,1.0,1,0.24116567446910833,54
3214,1,4962,2531,2431,0,0,0,1.0,1,1.0,1,1.0,1,0.26082819810646174,55
3215,0,4962,2531,2431,0,0,0,1.0,1,1.0,1,1.0,1,0.26082819810646174,55
3216,2,4964,2532,2432,0,0,0,1.0,1,1.0,1,1.0,1,0.2600921840997319,55
3217,3,4967,2535,2432,0,0,0,1.0,1,1.0,1,1.0,1,0.3026771781749697,54
3218,2,4969,2536,2433,0,0,0,1.0,1,1.0,1,1.0,1,0.2689856476296492,54
3219,1,4970,2537,2433,0,0,0,1.0,1,1.0,1,1.0,1,0.28817506469634846,55
3220,0,4970,2537,2433,0,0,0,1.0,1,1.0,1,1.0,1,0.2692824010885806,56
3221,1,4971,2538,2433,0,0,0,1.0,1,1.0,1,1.0,1,0.300333117653614,57
3222,3,4974,2539,2435,0,0,0,1.0,1,1.0,1,1.0,1,0.29088793974427973,57
3223,4,4978,2541,2437,0,0,0,1.0,1,1.0,1,1.0,1,0.295888550762856,56
3224,6,4984,2547,2437,0,0,0,1.0,1,1.0,1,1.0,1,0.30267856960067907,58
3225,1,4985,2547,2438,0,0,0,1.0,1,1.0,1,1.0,1,0.2720568106661527,55
3226,2,4987,2549,2438,0,0,0,1.0,1,1.0,1,1.0,1,0.30858318015008546,54
3227,0,4987,2549,2438,0,0,0,1.0,1,1.0,1,1.0,1,0.2749874458275993,53
3228,3,4990,2552,2438,0,0,0,1.0,1,1.0,1,1.0,1,0.31915280729760587,52
3229,10,5000,2556,2444,0,0,0,1.0,1,1.0,1,1.0,1,0.29678427191794576,52
3230,1,5001,2556,2445,0,0,0,1.0,1,1.0,1,1.0,1,0.267066345888775,50
3231,3,5004,2558,2446,0,0,0,1.0,1,1.0,1,1.0,1,0.2662061785784829,50
3232,3,5007,2561,2446,0,0,0,1.0,1,1.0,1,1.0,1,0.26965986433432226,50
3233,1,5008,2561,2447,0,0,0,1.0,1,1.0,1,1.0,1,0.26490710372660464,50
3234,2,5010,2563,2447,0,0,0,1.0,1,1.0,1,1.0,1,0.26876648519019547,49
3235,0,5010,2563,2447,0,0,0,1.0,1,1.0,1,1.0,1,0.2622570341768403,49
3236,1,5011,2563,2448,0,0,0,1.0,1,1.0,1,1.0,1,0.261898554265871,51
3237,2,5013,2565,2448,0,0,0,1.0,1,1.0,1,1.0,1,0.3093733636137079,53
3238,1,5014,2565,2449,0,0,0,1.0,1,1.0,1,1.0,1,0.299693895551443,53
3239,0,5014,2565,2449,0,0,0,1.0,1,1.0,1,1.0,1,0.299693895551443,53
3240,2,5016,2566,2450,0,0,0,1.0,1,1.0,1,1.0,1,0.3016946808019961,53
3241,2,5018,2566,2452,0,0,0,1.0,1,1.0,1,1.0,1,0.2650412508143681,53
3242,0,5018,2566,2452,0,0,0,1.0,1,1.0,1,1.0,1,0.2650412508143681,53
3243,0,5018,2566,2452,0,0,0,1.0,1,1.0,1,1.0,1,0.27056982696181553,56
3244,0,5018,2566,2452,0,0,0,1.0,1,1.0,1,1.0,1,0.2803326581088628,57
3245,2,5020,2566,2454,0,0,0,1.0,1,1.0,1,1.0,1,0.26967902770337265,59
3246,0,5020,2566,2454,0,0,0,1.0,1,1.0,1,1.0,1,0.26967902770337265,59
3247,1,5021,2566,2455,0,0,0,1.0,1,1.0,1,1.0,1,0.2548711929008929,59
3248,3,5024,2567,2457,0,0,0,1.0,1,1.0,1,1.0,1,0.23537309569647358,59
3249,1,5025,2567,2458,0,0,0,1.0,1,1.0,1,1.0,1,0.24971436452424683,58
3250,1,5026,2568,2458,0,0,0,1.0,1,1.0,1,1.0,1,0.2466839972583256,58
3251,3,5029,2570,2459,0,0,0,1.0,1,1.0,1,1.0,1,0.29095226767331794,57
3252,1,5030,2571,2459,0,0,0,1.0,1,1.0,1,1.0,1,0.2918470274757817,57
3253,0,5030,2571,2459,0,0,0,1.0,1,1.0,1,1.0,1,0.3063815299229439,56
3254,1,5031,2571,2460,0,0,0,1.0,1,1.0,1,1.0,1,0.28958443901857295,57
3255,3,5034,2571,2463,0,0,0,1.0,1,1.0,1,1.0,1,0.24167880396089142,57
3256,1,5035,2572,2463,0,0,0,1.0,1,1.0,1,1.0,1,0.25063916445567297,57
3257,1,5036,2572,2464,0,0,0,1.0,1,1.0,1,1.0,1,0.24068178351823705,57
3258,4,5040,2572,2468,0,0,0,1.0,1,1.0,1,1.0,1,0.2229280492771594,58
3259,2,5042,2572,2470,0,0,0,1.0,1,1.0,1,1.0,1,0.20429819306781993,59
3260,1,5043,2573,2470,0,0,0,1.0,1,1.0,1,1.0,1,0.23053613268537046,60
3261,7,5050,2576,2474,0,0,0,1.0,1,1.0,1,1.0,1,0.17966536892337828,60
3262,1,5051,2577,2474,0,0,0,1.0,1,1.0,1,1.0,1,0.20125425457155685,61
3263,5,5056,2580,2476,0,0,0,1.0,1,1.0,1,1.0,1,0.15744987214775374,62
3264,2,5058,2582,2476,0,0,0,1.0,1,1.0,1,1.0,1,0.1587863418448215,60
3265,4,5062,2585,2477,0,0,0,1.0,1,1.0,1,1.0,1,0.13561185416190044,58
3266,8,5070,2591,2479,0,0,0,1.0,1,1.0,1,1.0,1,0.1890179414493643,59
3267,2,5072,2592,2480,0,0,0,1.0,1,1.0,1,1.0,1,0.17751034163252874,60
3268,4,5076,2596,2480,0,0,0,1.0,1,1.0,1,1.0,1,0.20297608615516938,58
3269,3,5079,2596,2483,0,0,0,1.0,1,1.0,1,1.0,1,0.15461774985269025,57
3270,3,5082,2598,2484,0,0,0,1.0,1,1.0,1,1.0,1,0.15103137557867968,56
3271,2,5084,2600,2484,0,0,0,1.0,1,1.0,1,1.0,1,0.15788839797208343,55
3272,1,5085,2601,2484,0,0,0,1.0,1,1.0,1,1.0,1,0.17229724907203986,55
3273,6,5091,2602,2489,0,0,0,1.0,1,1.0,1,1.0,1,0.13942379358398108,55
3274,0,5091,2602,2489,0,0,0,1.0,1,1.0,1,1.0,1,0.10446645992788653,55
3275,0,5091,2602,2489,0,0,0,1.0,1,1.0,1,1.0,1,0.10446645992788653,55
3276,1,5092,2603,2489,0,0,0,1.0,1,1.0,1,1.0,1,0.11588034052737001,55
3277,1,5093,2603,2490,0,0,0,1.0,1,1.0,1,1.0,1,0.11448846124652777,57
3278,1,5094,2603,2491,0,0,0,1.0,1,1.0,1,1.0,1,0.09530056841256107,56
3279,2,5096,2604,2492,0,0,0,1.0,1,1.0,1,1.0,1,0.05895941147767948,54
3280,0,5096,2604,2492,0,0,0,1.0,1,1.0,1,1.0,1,0.09398577393253527,53
3281,1,5097,2605,2492,0,0,0,1.0,1,1.0,1,1.0,1,0.1369368448262743,52
3282,1,5098,2606,2492,0,0,0,1.0,1,1.0,1,1.0,1,0.17953057083042215,50
3283,0,5098,2606,2492,0,0,0,1.0,1,1.0,1,1.0,1,0.17865972175809755,50
3284,3,5101,2608,2493,0,0,0,1.0,1,1.0,1,1.0,1,0.204747244836467,47
3285,1,5102,2609,2493,0,0,0,1.0,1,1.0,1,1.0,1,0.19917132407612811,48
3286,3,5105,2610,2495,0,0,0,1.0,1,1.0,1,1.0,1,0.17233703588177676,46
3287,3,5108,2612,2496,0,0,0,1.0,1,1.0,1,1.0,1,0.22818282435078224,46
3288,7,5115,2615,2500,0,0,0,1.0,1,1.0,1,1.0,1,0.1436546193261442,46
3289,3,5118,2618,2500,0,0,0,1.0,1,1.0,1,1.0,1,0.20050626612285985,48
3290,2,5120,2620,2500,0,0,0,1.0,1,1.0,1,1.0,1,0.18622932966076441,48
3291,3,5123,2622,2501,0,0,0,1.0,1,1.0,1,1.0,1,0.1945503678203391,50
3292,3,5126,2623,2503,0,0,0,1.0,1,1.0,1,1.0,1,0.1669036886824671,50
3293,0,5126,2623,2503,0,0,0,1.0,1,1.0,1,1.0,1,0.16338197584407085,51
3294,1,5127,2624,2503,0,0,0,1.0,1,1.0,1,1.0,1,0.1669787930927125,50
3295,3,5130,2625,2505,0,0,0,1.0,1,1.0,1,1.0,1,0.13823179381494943,50
3296,0,5130,2625,2505,0,0,0,1.0,1,1.0,1,1.0,1,0.13823179381494943,50
3297,1,5131,2626,2505,0,0,0,1.0,1,1.0,1,1.0,1,0.1329945034369639,51
3298,0,5131,2626,2505,0,0,0,1.0,1,1.0,1,1.0,1,0.13491215858090647,52
3299,1,5132,2627,2505,0,0,0,1.0,1,1.0,1,1.0,1,0.14309705507775813,53
3300,0,5132,2627,2505,0,0,0,1.0,1,1.0,1,1.0,1,0.14309705507775813,53
3301,3,5135,2629,2506,0,0,0,1.0,1,1.0,1,1.0,1,0.1780493375972011,53
3302,5,5140,2632,2508,0,0,0,1.0,1,1.0,1,1.0,1,0.12285187277765554,53
3303,1,5141,2633,2508,0,0,0,1.0,1,1.0,1,1.0,1,0.1264744604381811,52
3304,5,5146,2636,2510,0,0,0,1.0,1,1.0,1,1.0,1,0.1418685565502328,52
3305,1,5147,2637,2510,0,0,0,1.0,1,1.0,1,1.0,1,0.17906502804495575,51
3306,4,5151,2639,2512,0,0,0,1.0,1,1.0,1,1.0,1,0.19243928644281447,51
3307,0,5151,2639,2512,0,0,0,1.0,1,1.0,1,1.0,1,0.1670295663066043,48
3308,0,5151,2639,2512,0,0,0,1.0,1,1.0,1,1.0,1,0.1670295663066043,48
3309,2,5153,2640,2513,0,0,0,1.0,1,1.0,1,1.0,1,0.16601274011330253,48
3310,0,5153,2640,2513,0,0,0,1.0,1,1.0,1,1.0,1,0.21491701870107965,47
3311,2,5155,2641,2514,0,0,0,1.0,1,1.0,1,1.0,1,0.22150837829705597,49
3312,2,5157,2642,2515,0,0,0,1.0,1,1.0,1,1.0,1,0.22759849323199416,48
3313,4,5161,2645,2516,0,0,0,1.0,1,1.0,1,1.0,1,0.2540692924336774,49
3314,3,5164,2647,2517,0,0,0,1.0,1,1.0,1,1.0,1,0.26226471993630934,47
3315,2,5166,2648,2518,0,0,0,1.0,1,1.0,1,1.0,1,0.26758999988585636,47
3316,4,5170,2649,2521,0,0,0,1.0,1,1.0,1,1.0,1,0.2529668942356389,47
3317,2,5172,2649,2523,0,0,0,1.0,1,1.0,1,1.0,1,0.1936569676112191,46
3318,1,5173,2650,2523,0,0,0,1.0,1,1.0,1,1.0,1,0.217716833772829,45
3319,1,5174,2650,2524,0,0,0,1.0,1,1.0,1,1.0,1,0.20182015416193966,44
3320,1,5175,2651,2524,0,0,0,1.0,1,1.0,1,1.0,1,0.20376901113176699,43
3321,6,5181,2655,2526,0,0,0,1.0,1,1.0,1,1.0,1,0.2347073710196513,43
3322,2,5183,2655,2528,0,0,0,1.0,1,1.0,1,1.0,1,0.1988434044936082,40
3323,0,5183,2655,2528,0,0,0,1.0,1,1.0,1,1.0,1,0.1920135587055401,40
3324,3,5186,2658,2528,0,0,0,1.0,1,1.0,1,1.0,1,0.20832582070699512,40
3325,4,5190,2660,2530,0,0,0,1.0,1,1.0,1,1.0,1,0.18780646291404465,40
3326,1,5191,2661,2530,0,0,0,1.0,1,1.0,1,1.0,1,0.14029763878162257,41
3327,2,5193,2661,2532,0,0,0,1.0,1,1.0,1,1.0,1,0.11180658198224877,39
3328,2,5195,2663,2532,0,0,0,1.0,1,1.0,1,1.0,1,0.1784164496841307,41
3329,3,5198,2664,2534,0,0,0,1.0,1,1.0,1,1.0,1,0.154333102117888,39
3330,3,5201,2667,2534,0,0,0,1.0,1,1.0,1,1.0,1,0.2303390299711644,40
3331,1,5202,2667,2535,0,0,0,1.0,1,1.0,1,1.0,1,0.21969836115010483,38
3332,0,5202,2667,2535,0,0,0,1.0,1,1.0,1,1.0,1,0.24730448568065364,38
3333,1,5203,2668,2535,0,0,0,1.0,1,1.0,1,1.0,1,0.2314329962747955,38
3334,1,5204,2668,2536,0,0,0,1.0,1,1.0,1,1.0,1,0.24682959912699698,40
3335,1,5205,2668,2537,0,0,0,1.0,1,1.0,1,1.0,1,0.24164811291382057,40
3336,0,5205,2668,2537,0,0,0,1.0,1,1.0,1,1.0,1,0.2568835050024227,39
3337,0,5205,2668,2537,0,0,0,1.0,1,1.0,1,1.0,1,0.2382834655845415,40
3338,4,5209,2671,2538,0,0,0,1.0,1,1.0,1,1.0,1,0.22879989234370254,41
3339,1,5210,2672,2538,0,0,0,1.0,1,1.0,1,1.0,1,0.23799846929667523,42
3340,5,5215,2674,2541,0,0,0,1.0,1,1.0,1,1.0,1,0.22432488444263754,43
3341,2,5217,2674,2543,0,0,0,1.0,1,1.0,1,1.0,1,0.16806436564471564,43
3342,1,5218,2675,2543,0,0,0,1.0,1,1.0,1,1.0,1,0.21337281552338408,44
3343,2,5220,2677,2543,0,0,0,1.0,1,1.0,1,1.0,1,0.2479154159860381,44
3344,2,5222,2678,2544,0,0,0,1.0,1,1.0,1,1.0,1,0.2847563200699418,44
3345,1,5223,2678,2545,0,0,0,1.0,1,1.0,1,1.0,1,0.26385495106101997,43
3346,0,5223,2678,2545,0,0,0,1.0,1,1.0,1,1.0,1,0.2790269467212705,42
3347,0,5223,2678,2545,0,0,0,1.0,1,1.0,1,1.0,1,0.27495808226050117,44
3348,1,5224,2678,2546,0,0,0,1.0,1,1.0,1,1.0,1,0.2583314988669477,45
3349,0,5224,2678,2546,0,0,0,1.0,1,1.0,1,1.0,1,0.2583314988669477,45
3350,0,5224,2678,2546,0,0,0,1.0,1,1.0,1,1.0,1,0.25203517757201044,46
3351,1,5225,2678,2547,0,0,0,1.0,1,1.0,1,1.0,1,0.2272886888791373,47
3352,1,5226,2678,2548,0,0,0,1.0,1,1.0,1,1.0,1,0.2143494402283051,47
3353,1,5227,2678,2549,0,0,0,1.0,1,1.0,1,1.0,1,0.22092061214294031,48
3354,0,5227,2678,2549,0,0,0,1.0,1,1.0,1,1.0,1,0.22092061214294031,48
3355,2,5229,2678,2551,0,0,0,1.0,1,1.0,1,1.0,1,0.221710103025473,48
3356,2,5231,2679,2552,0,0,0,1.0,1,1.0,1,1.0,1,0.21998638427791894,48
3357,1,5232,2680,2552,0,0,0,1.0,1,1.0,1,1.0,1,0.21309963252024408,47
3358,1,5233,2681,2552,0,0,0,1.0,1,1.0,1,1.0,1,0.28636329893852297,46
3359,3,5236,2683,2553,0,0,0,1.0,1,1.0,1,1.0,1,0.3000979590876112,45
3360,5,5241,2685,2556,0,0,0,1.0,1,1.0,1,1.0,1,0.2842123002478589,44
3361,1,5242,2686,2556,0,0,0,1.0,1,1.0,1,1.0,1,0.2961865904466231,43
3362,5,5247,2687,2560,0,0,0,1.0,1,1.0,1,1.0,1,0.2419832354286361,42
3363,1,5248,2688,2560,0,0,0,1.0,1,1.0,1,1.0,1,0.27023911805315953,41
3364,0,5248,2688,2560,0,0,0,1.0,1,1.0,1,1.0,1,0.26858158547010713,41
3365,1,5249,2688,2561,0,0,0,1.0,1,1.0,1,1.0,1,0.25770847906706384,41
3366,1,5250,2688,2562,0,0,0,1.0,1,1.0,1,1.0,1,0.2215458907042926,40
3367,0,5250,2688,2562,0,0,0,1.0,1,1.0,1,1.0,1,0.2132953291058293,39
3368,1,5251,2689,2562,0,0,0,1.0,1,1.0,1,1.0,1,0.20241458732247888,39
3369,1,5252,2689,2563,0,0,0,1.0,1,1.0,1,1.0,1,0.17542379571117592,40
3370,3,5255,2691,2564,0,0,0,1.0,1,1.0,1,1.0,1,0.1589139459887917,41
3371,1,5256,2692,2564,0,0,0,1.0,1,1.0,1,1.0,1,0.17451455843429134,41
3372,2,5258,2694,2564,0,0,0,1.0,1,1.0,1,1.0,1,0.22227858903714748,40
3373,0,5258,2694,2564,0,0,0,1.0,1,1.0,1,1.0,1,0.23398362509462628,41
3374,0,5258,2694,2564,0,0,0,1.0,1,1.0,1,1.0,1,0.23230010200651077,42
3375,3,5261,2694,2567,0,0,0,1.0,1,1.0,1,1.0,1,0.20296544419584714,44
3376,4,5265,2695,2570,0,0,0,1.0,1,1.0,1,1.0,1,0.1487493568968686,46
3377,0,5265,2695,2570,0,0,0,1.0,1,1.0,1,1.0,1,0.15832563865158475,47
3378,1,5266,2696,2570,0,0,0,1.0,1,1.0,1,1.0,1,0.20246080826094684,48
3379,3,5269,2696,2573,0,0,0,1.0,1,1.0,1,1.0,1,0.1415055753141617,48
3380,2,5271,2698,2573,0,0,0,1.0,1,1.0,1,1.0,1,0.15604633996294046,48
3381,0,5271,2698,2573,0,0,0,1.0,1,1.0,1,1.0,1,0.15604633996294046,48
3382,1,5272,2699,2573,0,0,0,1.0,1,1.0,1,1.0,1,0.1996155233608657,49
3383,0,5272,2699,2573,0,0,0,1.0,1,1.0,1,1.0,1,0.18165031293404343,47
3384,1,5273,2700,2573,0,0,0,1.0,1,1.0,1,1.0,1,0.22516678776570248,48
3385,2,5275,2700,2575,0,0,0,1.0,1,1.0,1,1.0,1,0.1447422370868473,47
3386,2,5277,2701,2576,0,0,0,1.0,1,1.0,1,1.0,1,0.1824385964514036,49
3387,0,5277,2701,2576,0,0,0,1.0,1,1.0,1,1.0,1,0.17268612712541895,48
3388,2,5279,2702,2577,0,0,0,1.0,1,1.0,1,1.0,1,0.19450833299149722,48
3389,0,5279,2702,2577,0,0,0,1.0,1,1.0,1,1.0,1,0.21027020198463658,50
3390,1,5280,2703,2577,0,0,0,1.0,1,1.0,1,1.0,1,0.18641618885537878,51
3391,2,5282,2704,2578,0,0,0,1.0,1,1.0,1,1.0,1,0.20189636989690854,51
3392,2,5284,2704,2580,0,0,0,1.0,1,1.0,1,1.0,1,0.20785861447522003,52
3393,1,5285,2704,2581,0,0,0,1.0,1,1.0,1,1.0,1,0.20329250547737687,52
3394,0,5285,2704,2581,0,0,0,1.0,1,1.0,1,1.0,1,0.20329250547737687,52
3395,1,5286,2705,2581,0,0,0,1.0,1,1.0,1,1.0,1,0.19621264460648785,50
3396,2,5288,2706,2582,0,0,0,1.0,1,1.0,1,1.0,1,0.14278597830222609,49
3397,1,5289,2707,2582,0,0,0,1.0,1,1.0,1,1.0,1,0.15023836325474307,49
3398,0,5289,2707,2582,0,0,0,1.0,1,1.0,1,1.0,1,0.1630519496422376,48
3399,1,5290,2708,2582,0,0,0,1.0,1,1.0,1,1.0,1,0.16997073620847752,49
3400,1,5291,2709,2582,0,0,0,1.0,1,1.0,1,1.0,1,0.16942183392736412,50
3401,0,5291,2709,2582,0,0,0,1.0,1,1.0,1,1.0,1,0.1822653297403396,51
3402,2,5293,2710,2583,0,0,0,1.0,1,1.0,1,1.0,1,0.20334827950651024,51
3403,4,5297,2712,2585,0,0,0,1.0,1,1.0,1,1.0,1,0.18015128541140063,51
3404,1,5298,2713,2585,0,0,0,1.0,1,1.0,1,1.0,1,0.1828171636650202,51
3405,2,5300,2715,2585,0,0,0,1.0,1,1.0,1,1.0,1,0.20410422707252168,51
3406,2,5302,2715,2587,0,0,0,1.0,1,1.0,1,1.0,1,0.17720514388526226,51
3407,1,5303,2715,2588,0,0,0,1.0,1,1.0,1,1.0,1,0.18166801448508751,52
3408,1,5304,2715,2589,0,0,0,1.0,1,1.0,1,1.0,1,0.1835856056731176,53
3409,0,5304,2715,2589,0,0,0,1.0,1,1.0,1,1.0,1,0.17936766802898585,54
3410,2,5306,2717,2589,0,0,0,1.0,1,1.0,1,1.0,1,0.19221476022163264,54
3411,2,5308,2717,2591,0,0,0,1.0,1,1.0,1,1.0,1,0.1491376512528203,54
3412,1,5309,2718,2591,0,0,0,1.0,1,1.0,1,1.0,1,0.179042077939247,55
3413,0,5309,2718,2591,0,0,0,1.0,1,1.0,1,1.0,1,0.179042077939247,55
3414,1,5310,2718,2592,0,0,0,1.0,1,1.0,1,1.0,1,0.18424754931302542,55
3415,2,5312,2720,2592,0,0,0,1.0,1,1.0,1,1.0,1,0.19469597664213442,56
3416,2,5314,2720,2594,0,0,0,1.0,1,1.0,1,1.0,1,0.18739161837700313,55
3417,1,5315,2720,2595,0,0,0,1.0,1,1.0,1,1.0,1,0.1962807798373695,56
3418,3,5318,2723,2595,0,0,0,1.0,1,1.0,1,1.0,1,0.2270148546610781,55
3419,4,5322,2724,2598,0,0,0,1.0,1,1.0,1,1.0,1,0.22982319081239425,56
3420,2,5324,2724,2600,0,0,0,1.0,1,1.0,1,1.0,1,0.22058565041101308,55
3421,4,5328,2725,2603,0,0,0,1.0,1,1.0,1,1.0,1,0.19288485654916462,57
3422,1,5329,2726,2603,0,0,0,1.0,1,1.0,1,1.0,1,0.19328612843614937,56
3423,2,5331,2728,2603,0,0,0,1.0,1,1.0,1,1.0,1,0.19234718522056976,56
3424,1,5332,2729,2603,0,0,0,1.0,1,1.0,1,1.0,1,0.22678262025212437,56
3425,1,5333,2730,2603,0,0,0,1.0,1,1.0,1,1.0,1,0.2246997661702154,56
3426,2,5335,2730,2605,0,0,0,1.0,1,1.0,1,1.0,1,0.22187899031113878,55
3427,5,5340,2731,2609,0,0,0,1.0,1,1.0,1,1.0,1,0.20180168526223718,55
3428,2,5342,2732,2610,0,0,0,1.0,1,1.0,1,1.0,1,0.18261701610363745,55
3429,3,5345,2733,2612,0,0,0,1.0,1,1.0,1,1.0,1,0.17705243917875296,54
3430,1,5346,2733,2613,0,0,0,1.0,1,1.0,1,1.0,1,0.1768194072261748,56
3431,0,5346,2733,2613,0,0,0,1.0,1,1.0,1,1.0,1,0.15390530857814133,54
3432,2,5348,2735,2613,0,0,0,1.0,1,1.0,1,1.0,1,0.21621033209820084,56
3433,2,5350,2737,2613,0,0,0,1.0,1,1.0,1,1.0,1,0.20030678998516593,53
3434,1,5351,2738,2613,0,0,0,1.0,1,1.0,1,1.0,1,0.14858083153811008,51
3435,0,5351,2738,2613,0,0,0,1.0,1,1.0,1,1.0,1,0.14858083153811008,51
3436,3,5354,2740,2614,0,0,0,1.0,1,1.0,1,1.0,1,0.1796773871105188,51
3437,4,5358,2742,2616,0,0,0,1.0,1,1.0,1,1.0,1,0.18236407968950086,53
3438,5,5363,2743,2620,0,0,0,1.0,1,1.0,1,1.0,1,0.10672074478758278,52
3439,1,5364,2744,2620,0,0,0,1.0,1,1.0,1,1.0,1,0.14790943292760392,54
3440,1,5365,2745,2620,0,0,0,1.0,1,1.0,1,1.0,1,0.1442735310317788,52
3441,1,5366,2745,2621,0,0,0,1.0,1,1.0,1,1.0,1,0.13057337614287987,53
3442,2,5368,2746,2622,0,0,0,1.0,1,1.0,1,1.0,1,0.14889242181527898,53
3443,2,5370,2746,2624,0,0,0,1.0,1,1.0,1,1.0,1,0.12852224692083744,53
3444,0,5370,2746,2624,0,0,0,1.0,1,1.0,1,1.0,1,0.14125736775177142,52
3445,0,5370,2746,2624,0,0,0,1.0,1,1.0,1,1.0,1,0.14654254258691293,53
3446,1,5371,2747,2624,0,0,0,1.0,1,1.0,1,1.0,1,0.19554281098355114,53
3447,2,5373,2748,2625,0,0,0,1.0,1,1.0,1,1.0,1,0.21063245741204284,53
3448,2,5375,2749,2626,0,0,0,1.0,1,1.0,1,1.0,1,0.21133103749687113,52
3449,4,5379,2751,2628,0,0,0,1.0,1,1.0,1,1.0,1,0.16749040903455178,52
3450,2,5381,2752,2629,0,0,0,1.0,1,1.0,1,1.0,1,0.13499722653836158,52
3451,5,5386,2756,2630,0,0,0,1.0,1,1.0,1,1.0,1,0.1748103249401892,54
3452,1,5387,2757,2630,0,0,0,1.0,1,1.0,1,1.0,1,0.18896179151970602,54
3453,3,5390,2758,2632,0,0,0,1.0,1,1.0,1,1.0,1,0.16074257999873645,54
3454,1,5391,2758,2633,0,0,0,1.0,1,1.0,1,1.0,1,0.15052112503421666,57
3455,0,5391,2758,2633,0,0,0,1.0,1,1.0,1,1.0,1,0.15052112503421666,57
3456,1,5392,2758,2634,0,0,0,1.0,1,1.0,1,1.0,1,0.155768057974776,58
3457,0,5392,2758,2634,0,0,0,1.0,1,1.0,1,1.0,1,0.1770023658478478,57
3458,1,5393,2758,2635,0,0,0,1.0,1,1.0,1,1.0,1,0.1801984254771473,57
3459,0,5393,2758,2635,0,0,0,1.0,1,1.0,1,1.0,1,0.1801984254771473,57
3460,0,5393,2758,2635,0,0,0,1.0,1,1.0,1,1.0,1,0.17456653767054506,58
3461,2,5395,2759,2636,0,0,0,1.0,1,1.0,1,1.0,1,0.17956414556404604,59
3462,2,5397,2760,2637,0,0,0,1.0,1,1.0,1,1.0,1,0.17714180823639508,59
3463,2,5399,2761,2638,0,0,0,1.0,1,1.0,1,1.0,1,0.181085509921067,59
3464,2,5401,2763,2638,0,0,0,1.0,1,1.0,1,1.0,1,0.22915502425895645,59
3465,3,5404,2765,2639,0,0,0,1.0,1,1.0,1,1.0,1,0.189779892605025,57
3466,3,5407,2766,2641,0,0,0,1.0,1,1.0,1,1.0,1,0.1822994735693252,57
3467,2,5409,2766,2643,0,0,0,1.0,1,1.0,1,1.0,1,0.15773825786093215,57
3468,4,5413,2768,2645,0,0,0,1.0,1,1.0,1,1.0,1,0.19343946159837078,57
3469,4,5417,2771,2646,0,0,0,1.0,1,1.0,1,1.0,1,0.1885548403295719,53
3470,5,5422,2774,2648,0,0,0,1.0,1,1.0,1,1.0,1,0.24428226129078223,50
3471,3,5425,2776,2649,0,0,0,1.0,1,1.0,1,1.0,1,0.24205953917858442,49
3472,4,5429,2777,2652,0,0,0,1.0,1,1.0,1,1.0,1,0.21878723339645562,47
3473,4,5433,2779,2654,0,0,0,1.0,1,1.0,1,1.0,1,0.2219148148465639,45
3474,0,5433,2779,2654,0,0,0,1.0,1,1.0,1,1.0,1,0.22309479513288913,42
3475,4,5437,2781,2656,0,0,0,1.0,1,1.0,1,1.0,1,0.2592546789497479,43
3476,2,5439,2782,2657,0,0,0,1.0,1,1.0,1,1.0,1,0.23061542013779765,41
3477,4,5443,2785,2658,0,0,0,1.0,1,1.0,1,1.0,1,0.206035906925519,42
3478,4,5447,2787,2660,0,0,0,1.0,1,1.0,1,1.0,1,0.16936383590842408,40
3479,2,5449,2788,2661,0,0,0,1.0,1,1.0,1,1.0,1,0.13988125243908164,40
3480,1,5450,2789,2661,0,0,0,1.0,1,1.0,1,1.0,1,0.1812032947198918,40
3481,0,5450,2789,2661,0,0,0,1.0,1,1.0,1,1.0,1,0.18819608805979296,40
3482,0,5450,2789,2661,0,0,0,1.0,1,1.0,1,1.0,1,0.18819608805979296,40
3483,0,5450,2789,2661,0,0,0,1.0,1,1.0,1,1.0,1,0.20044777509570913,39
3484,0,5450,2789,2661,0,0,0,1.0,1,1.0,1,1.0,1,0.20044777509570913,39
3485,1,5451,2790,2661,0,0,0,1.0,1,1.0,1,1.0,1,0.22605045445804647,40
3486,3,5454,2790,2664,0,0,0,1.0,1,1.0,1,1.0,1,0.17728823389453932,41
3487,1,5455,2790,2665,0,0,0,1.0,1,1.0,1,1.0,1,0.17730737737311944,41
3488,1,5456,2791,2665,0,0,0,1.0,1,1.0,1,1.0,1,0.17482172924681644,42
3489,0,5456,2791,2665,0,0,0,1.0,1,1.0,1,1.0,1,0.18155570182015618,44
3490,0,5456,2791,2665,0,0,0,1.0,1,1.0,1,1.0,1,0.18155570182015618,44
3491,3,5459,2792,2667,0,0,0,1.0,1,1.0,1,1.0,1,0.15676411172786953,45
3492,2,5461,2793,2668,0,0,0,1.0,1,1.0,1,1.0,1,0.17437639212815342,45
3493,2,5463,2794,2669,0,0,0,1.0,1,1.0,1,1.0,1,0.14713756139966574,45
3494,0,5463,2794,2669,0,0,0,1.0,1,1.0,1,1.0,1,0.14713756139966574,45
3495,0,5463,2794,2669,0,0,0,1.0,1,1.0,1,1.0,1,0.14713756139966574,45
3496,0,5463,2794,2669,0,0,0,1.0,1,1.0,1,1.0,1,0.1815294253167767,46
3497,2,5465,2796,2669,0,0,0,1.0,1,1.0,1,1.0,1,0.23216565148519078,47
3498,2,5467,2797,2670,0,0,0,1.0,1,1.0,1,1.0,1,0.210195749144928,48
3499,0,5467,2797,2670,0,0,0,1.0,1,1.0,1,1.0,1,0.2308219669221373,47
3500,0,5467,2797,2670,0,0,0,1.0,1,1.0,1,1.0,1,0.22683025288806383,50
3501,2,5469,2798,2671,0,0,0,1.0,1,1.0,1,1.0,1,0.19160493284599148,50
3502,2,5471,2800,2671,0,0,0,1.0,1,1.0,1,1.0,1,0.21114040190536365,50
3503,2,5473,2802,2671,0,0,0,1.0,1,1.0,1,1.0,1,0.27360623813282425,50
3504,5,5478,2805,2673,0,0,0,1.0,1,1.0,1,1.0,1,0.31109974786851785,47
3505,2,5480,2806,2674,0,0,0,1.0,1,1.0,1,1.0,1,0.32518674052064894,48
3506,3,5483,2806,2677,0,0,0,1.0,1,1.0,1,1.0,1,0.2906330327775529,49
3507,0,5483,2806,2677,0,0,0,1.0,1,1.0,1,1.0,1,0.3151744213395102,46
3508,5,5488,2808,2680,0,0,0,1.0,1,1.0,1,1.0,1,0.31200078696599576,47
3509,1,5489,2808,2681,0,0,0,1.0,1,1.0,1,1.0,1,0.29965623360242244,44
3510,1,5490,2809,2681,0,0,0,1.0,1,1.0,1,1.0,1,0.3406166091485102,45
3511,1,5491,2810,2681,0,0,0,1.0,1,1.0,1,1.0,1,0.34441631098927766,44
3512,0,5491,2810,2681,0,0,0,1.0,1,1.0,1,1.0,1,0.33285658540997914,42
3513,1,5492,2810,2682,0,0,0,1.0,1,1.0,1,1.0,1,0.3175102421109324,42
3514,0,5492,2810,2682,0,0,0,1.0,1,1.0,1,1.0,1,0.32267591527355133,42
3515,4,5496,2812,2684,0,0,0,1.0,1,1.0,1,1.0,1,0.34272416056861804,42
3516,1,5497,2812,2685,0,0,0,1.0,1,1.0,1,1.0,1,0.3198588085206308,41
3517,3,5500,2813,2687,0,0,0,1.0,1,1.0,1,1.0,1,0.28966741501354515,44
3518,1,5501,2814,2687,0,0,0,1.0,1,1.0,1,1.0,1,0.2934975438473853,43
3519,1,5502,2814,2688,0,0,0,1.0,1,1.0,1,1.0,1,0.29694179267401505,44
3520,2,5504,2814,2690,0,0,0,1.0,1,1.0,1,1.0,1,0.28654471895558953,45
3521,2,5506,2814,2692,0,0,0,1.0,1,1.0,1,1.0,1,0.27589231452312174,45
3522,0,5506,2814,2692,0,0,0,1.0,1,1.0,1,1.0,1,0.2714610897614606,46
3523,1,5507,2814,2693,0,0,0,1.0,1,1.0,1,1.0,1,0.25080974954314533,46
3524,0,5507,2814,2693,0,0,0,1.0,1,1.0,1,1.0,1,0.23655461166168132,47
3525,2,5509,2814,2695,0,0,0,1.0,1,1.0,1,1.0,1,0.2578373075594792,48
3526,0,5509,2814,2695,0,0,0,1.0,1,1.0,1,1.0,1,0.24526987648537232,49
3527,3,5512,2816,2696,0,0,0,1.0,1,1.0,1,1.0,1,0.29145570369149665,49
3528,1,5513,2816,2697,0,0,0,1.0,1,1.0,1,1.0,1,0.3052314199684649,51
3529,2,5515,2816,2699,0,0,0,1.0,1,1.0,1,1.0,1,0.2822648654411835,51
3530,1,5516,2817,2699,0,0,0,1.0,1,1.0,1,1.0,1,0.2868763369758748,52
3531,3,5519,2818,2701,0,0,0,1.0,1,1.0,1,1.0,1,0.26710056939569576,52
3532,4,5523,2818,2705,0,0,0,1.0,1,1.0,1,1.0,1,0.22040546436939207,52
3533,0,5523,2818,2705,0,0,0,1.0,1,1.0,1,1.0,1,0.22040546436939207,52
3534,0,5523,2818,2705,0,0,0,1.0,1,1.0,1,1.0,1,0.22040546436939207,52
3535,3,5526,2820,2706,0,0,0,1.0,1,1.0,1,1.0,1,0.21073381201265823,52
3536,0,5526,2820,2706,0,0,0,1.0,1,1.0,1,1.0,1,0.22795750045869362,54
3537,0,5526,2820,2706,0,0,0,1.0,1,1.0,1,1.0,1,0.2264259555053372,55
3538,1,5527,2821,2706,0,0,0,1.0,1,1.0,1,1.0,1,0.2370745338969532,55
3539,1,5528,2821,2707,0,0,0,1.0,1,1.0,1,1.0,1,0.21328332886504772,58
3540,2,5530,2821,2709,0,0,0,1.0,1,1.0,1,1.0,1,0.20519563218439504,59
3541,0,5530,2821,2709,0,0,0,1.0,1,1.0,1,1.0,1,0.20519563218439504,59
3542,2,5532,2822,2710,0,0,0,1.0,1,1.0,1,1.0,1,0.23005984649648303,61
3543,3,5535,2823,2712,0,0,0,1.0,1,1.0,1,1.0,1,0.22549786294296614,62
3544,3,5538,2824,2714,0,0,0,1.0,1,1.0,1,1.0,1,0.19798534050024885,59
3545,2,5540,2825,2715,0,0,0,1.0,1,1.0,1,1.0,1,0.21950502096975502,59
3546,2,5542,2826,2716,0,0,0,1.0,1,1.0,1,1.0,1,0.21746412936693504,57
3547,2,5544,2828,2716,0,0,0,1.0,1,1.0,1,1.0,1,0.2118638884908292,53
3548,4,5548,2830,2718,0,0,0,1.0,1,1.0,1,1.0,1,0.22625765165926853,53
3549,2,5550,2831,2719,0,0,0,1.0,1,1.0,1,1.0,1,0.21354581294091196,52
3550,3,5553,2832,2721,0,0,0,1.0,1,1.0,1,1.0,1,0.21723047378379928,51
3551,1,5554,2833,2721,0,0,0,1.0,1,1.0,1,1.0,1,0.22862323385808614,51
3552,2,5556,2834,2722,0,0,0,1.0,1,1.0,1,1.0,1,0.27005639508218887,51
3553,0,5556,2834,2722,0,0,0,1.0,1,1.0,1,1.0,1,0.2756137718549035,49
3554,0,5556,2834,2722,0,0,0,1.0,1,1.0,1,1.0,1,0.2756137718549035,49
3555,1,5557,2834,2723,0,0,0,1.0,1,1.0,1,1.0,1,0.2658973786966487,51
3556,1,5558,2834,2724,0,0,0,1.0,1,1.0,1,1.0,1,0.2580687243200118,51
3557,1,5559,2835,2724,0,0,0,1.0,1,1.0,1,1.0,1,0.27020307946587013,52
3558,4,5563,2836,2727,0,0,0,1.0,1,1.0,1,1.0,1,0.24094800778191403,52
3559,2,5565,2837,2728,0,0,0,1.0,1,1.0,1,1.0,1,0.22696159591133577,52
3560,1,5566,2837,2729,0,0,0,1.0,1,1.0,1,1.0,1,0.20853044186161537,53
3561,3,5569,2837,2732,0,0,0,1.0,1,1.0,1,1.0,1,0.185995420368851,54
3562,2,5571,2838,2733,0,0,0,1.0,1,1.0,1,1.0,1,0.1739062430011693,54
3563,1,5572,2838,2734,0,0,0,1.0,1,1.0,1,1.0,1,0.16587848528142093,55
3564,0,5572,2838,2734,0,0,0,1.0,1,1.0,1,1.0,1,0.15601476272746306,57
3565,0,5572,2838,2734,0,0,0,1.0,1,1.0,1,1.0,1,0.15883653171603798,56
3566,1,5573,2838,2735,0,0,0,1.0,1,1.0,1,1.0,1,0.164622402680273,57
3567,0,5573,2838,2735,0,0,0,1.0,1,1.0,1,1.0,1,0.164622402680273,57
3568,0,5573,2838,2735,0,0,0,1.0,1,1.0,1,1.0,1,0.164622402680273,57
3569,1,5574,2838,2736,0,0,0,1.0,1,1.0,1,1.0,1,0.14330820938101071,57
3570,4,5578,2840,2738,0,0,0,1.0,1,1.0,1,1.0,1,0.17386059857851013,59
3571,2,5580,2840,2740,0,0,0,1.0,1,1.0,1,1.0,1,0.1600174540097326,60
3572,1,5581,2841,2740,0,0,0,1.0,1,1.0,1,1.0,1,0.19334758439572827,61
3573,2,5583,2842,2741,0,0,0,1.0,1,1.0,1,1.0,1,0.17814934865315213,62
3574,1,5584,2842,2742,0,0,0,1.0,1,1.0,1,1.0,1,0.16843233715651196,63
3575,3,5587,2843,2744,0,0,0,1.0,1,1.0,1,1.0,1,0.16264664109352256,63
3576,1,5588,2844,2744,0,0,0,1.0,1,1.0,1,1.0,1,0.18195665700647473,63
3577,0,5588,2844,2744,0,0,0,1.0,1,1.0,1,1.0,1,0.17357839956980803,64
3578,1,5589,2844,2745,0,0,0,1.0,1,1.0,1,1.0,1,0.17600125365599484,64
3579,0,5589,2844,2745,0,0,0,1.0,1,1.0,1,1.0,1,0.17600125365599484,64
3580,1,5590,2844,2746,0,0,0,1.0,1,1.0,1,1.0,1,0.17425699946212425,65
3581,2,5592,2845,2747,0,0,0,1.0,1,1.0,1,1.0,1,0.19440071902058242,68
3582,3,5595,2847,2748,0,0,0,1.0,1,1.0,1,1.0,1,0.2139809489256733,68
3583,2,5597,2849,2748,0,0,0,1.0,1,1.0,1,1.0,1,0.20758318470339887,65
3584,5,5602,2852,2750,0,0,0,1.0,1,1.0,1,1.0,1,0.22002143467553173,64
3585,5,5607,2854,2753,0,0,0,1.0,1,1.0,1,1.0,1,0.1685715395378048,64
3586,3,5610,2857,2753,0,0,0,1.0,1,1.0,1,1.0,1,0.1869212963748878,65
3587,0,5610,2857,2753,0,0,0,1.0,1,1.0,1,1.0,1,0.1553079624427272,64
3588,2,5612,2858,2754,0,0,0,1.0,1,1.0,1,1.0,1,0.1709439154097428,62
3589,2,5614,2860,2754,0,0,0,1.0,1,1.0,1,1.0,1,0.19152174432276942,63
3590,4,5618,2862,2756,0,0,0,1.0,1,1.0,1,1.0,1,0.1733496355320124,63
3591,2,5620,2864,2756,0,0,0,1.0,1,1.0,1,1.0,1,0.17820262478920285,62
3592,1,5621,2865,2756,0,0,0,1.0,1,1.0,1,1.0,1,0.17329437367889625,59
3593,2,5623,2867,2756,0,0,0,1.0,1,1.0,1,1.0,1,0.16483357503586205,58
3594,2,5625,2867,2758,0,0,0,1.0,1,1.0,1,1.0,1,0.15348706629550193,57
3595,3,5628,2869,2759,0,0,0,1.0,1,1.0,1,1.0,1,0.1442107554142862,59
3596,2,5630,2870,2760,0,0,0,1.0,1,1.0,1,1.0,1,0.11532409850260318,57
3597,2,5632,2872,2760,0,0,0,1.0,1,1.0,1,1.0,1,0.15659544025519542,57
3598,0,5632,2872,2760,0,0,0,1.0,1,1.0,1,1.0,1,0.15659544025519542,57
3599,2,5634,2874,2760,0,0,0,1.0,1,1.0,1,1.0,1,0.1625308412186786,58
3600,1,5635,2874,2761,0,0,0,1.0,1,1.0,1,1.0,1,0.1460726393957928,58
3601,0,5635,2874,2761,0,0,0,1.0,1,1.0,1,1.0,1,0.1460726393957928,58
3602,1,5636,2875,2761,0,0,0,1.0,1,1.0,1,1.0,1,0.14417663574156453,60
3603,2,5638,2876,2762,0,0,0,1.0,1,1.0,1,1.0,1,0.14707262479123948,60
3604,0,5638,2876,2762,0,0,0,1.0,1,1.0,1,1.0,1,0.14707262479123948,60
3605,2,5640,2877,2763,0,0,0,1.0,1,1.0,1,1.0,1,0.17332402696943325,61
3606,5,5645,2879,2766,0,0,0,1.0,1,1.0,1,1.0,1,0.16918781667258273,63
3607,4,5649,2880,2769,0,0,0,1.0,1,1.0,1,1.0,1,0.16204567561119473,63
3608,0,5649,2880,2769,0,0,0,1.0,1,1.0,1,1.0,1,0.17038656250924455,64
3609,3,5652,2880,2772,0,0,0,1.0,1,1.0,1,1.0,1,0.14485080982687162,66
3610,2,5654,2882,2772,0,0,0,1.0,1,1.0,1,1.0,1,0.1575791935619759,67
3611,4,5658,2884,2774,0,0,0,1.0,1,1.0,1,1.0,1,0.1697100570884688,67
3612,4,5662,2885,2777,0,0,0,1.0,1,1.0,1,1.0,1,0.1522136504200459,66
3613,1,5663,2886,2777,0,0,0,1.0,1,1.0,1,1.0,1,0.17435756308285436,66
3614,2,5665,2888,2777,0,0,0,1.0,1,1.0,1,1.0,1,0.16557933615973397,65
3615,1,5666,2888,2778,0,0,0,1.0,1,1.0,1,1.0,1,0.1722826075664839,65
3616,0,5666,2888,2778,0,0,0,1.0,1,1.0,1,1.0,1,0.1722826075664839,65
3617,2,5668,2889,2779,0,0,0,1.0,1,1.0,1,1.0,1,0.18577897193658582,66
3618,1,5669,2889,2780,0,0,0,1.0,1,1.0,1,1.0,1,0.16982000331239983,66
3619,0,5669,2889,2780,0,0,0,1.0,1,1.0,1,1.0,1,0.16483090120575797,65
3620,3,5672,2890,2782,0,0,0,1.0,1,1.0,1,1.0,1,0.1593224489489405,66
3621,2,5674,2891,2783,0,0,0,1.0,1,1.0,1,1.0,1,0.14711946025182596,65
3622,2,5676,2892,2784,0,0,0,1.0,1,1.0,1,1.0,1,0.13046328694545098,65
3623,4,5680,2894,2786,0,0,0,1.0,1,1.0,1,1.0,1,0.1349849206013997,62
3624,2,5682,2896,2786,0,0,0,1.0,1,1.0,1,1.0,1,0.14834009764172618,62
3625,4,5686,2898,2788,0,0,0,1.0,1,1.0,1,1.0,1,0.15148604810400418,61
3626,3,5689,2900,2789,0,0,0,1.0,1,1.0,1,1.0,1,0.17546801745873714,58
3627,6,5695,2904,2791,0,0,0,1.0,1,1.0,1,1.0,1,0.18801152778678865,58
3628,4,5699,2906,2793,0,0,0,1.0,1,1.0,1,1.0,1,0.13587799382895424,57
3629,1,5700,2906,2794,0,0,0,1.0,1,1.0,1,1.0,1,0.13282361921552494,57
3630,4,5704,2908,2796,0,0,0,1.0,1,1.0,1,1.0,1,0.1467443597753179,56
3631,3,5707,2911,2796,0,0,0,1.0,1,1.0,1,1.0,1,0.1590029071361857,54
3632,1,5708,2911,2797,0,0,0,1.0,1,1.0,1,1.0,1,0.15233498695905806,52
3633,5,5713,2915,2798,0,0,0,1.0,1,1.0,1,1.0,1,0.24041830000423903,52
3634,2,5715,2916,2799,0,0,0,1.0,1,1.0,1,1.0,1,0.16104020792414422,49
3635,0,5715,2916,2799,0,0,0,1.0,1,1.0,1,1.0,1,0.15463854520215498,47
3636,1,5716,2917,2799,0,0,0,1.0,1,1.0,1,1.0,1,0.18589302507175873,48
3637,3,5719,2917,2802,0,0,0,1.0,1,1.0,1,1.0,1,0.18071197291676164,49
3638,1,5720,2917,2803,0,0,0,1.0,1,1.0,1,1.0,1,0.16426206380857064,50
3639,2,5722,2919,2803,0,0,0,1.0,1,1.0,1,1.0,1,0.2067682562340183,52
3640,1,5723,2920,2803,0,0,0,1.0,1,1.0,1,1.0,1,0.22925585901956938,52
3641,2,5725,2920,2805,0,0,0,1.0,1,1.0,1,1.0,1,0.20975622686809203,52
3642,0,5725,2920,2805,0,0,0,1.0,1,1.0,1,1.0,1,0.20975622686809203,52
3643,0,5725,2920,2805,0,0,0,1.0,1,1.0,1,1.0,1,0.20975622686809203,52
3644,0,5725,2920,2805,0,0,0,1.0,1,1.0,1,1.0,1,0.20975622686809203,52
3645,1,5726,2920,2806,0,0,0,1.0,1,1.0,1,1.0,1,0.18059340990071807,53
3646,0,5726,2920,2806,0,0,0,1.0,1,1.0,1,1.0,1,0.18059340990071807,53
3647,0,5726,2920,2806,0,0,0,1.0,1,1.0,1,1.0,1,0.195539252310923,55
3648,4,5730,2920,2810,0,0,0,1.0,1,1.0,1,1.0,1,0.15517037251651863,57
3649,1,5731,2921,2810,0,0,0,1.0,1,1.0,1,1.0,1,0.1654554298761034,57
3650,2,5733,2921,2812,0,0,0,1.0,1,1.0,1,1.0,1,0.1607653756114573,59
3651,2,5735,2921,2814,0,0,0,1.0,1,1.0,1,1.0,1,0.1272199914364516,59
3652,0,5735,2921,2814,0,0,0,1.0,1,1.0,1,1.0,1,0.1272199914364516,59
3653,0,5735,2921,2814,0,0,0,1.0,1,1.0,1,1.0,1,0.1272199914364516,59
3654,0,5735,2921,2814,0,0,0,1.0,1,1.0,1,1.0,1,0.1272199914364516,59
3655,0,5735,2921,2814,0,0,0,1.0,1,1.0,1,1.0,1,0.13951515431304642,62
3656,0,5735,2921,2814,0,0,0,1.0,1,1.0,1,1.0,1,0.13951515431304642,62
3657,1,5736,2921,2815,0,0,0,1.0,1,1.0,1,1.0,1,0.14109697515072478,63
3658,2,5738,2922,2816,0,0,0,1.0,1,1.0,1,1.0,1,0.16562872232986298,63
3659,0,5738,2922,2816,0,0,0,1.0,1,1.0,1,1.0,1,0.17096787385846848,62
3660,5,5743,2926,2817,0,0,0,1.0,1,1.0,1,1.0,1,0.2057019013232483,62
3661,2,5745,2926,2819,0,0,0,1.0,1,1.0,1,1.0,1,0.15162007113883608,61
3662,4,5749,2928,2821,0,0,0,1.0,1,1.0,1,1.0,1,0.16615016415906628,60
3663,5,5754,2930,2824,0,0,0,1.0,1,1.0,1,1.0,1,0.1699237250443467,61
3664,0,5754,2930,2824,0,0,0,1.0,1,1.0,1,1.0,1,0.1803543651488392,58
3665,2,5756,2932,2824,0,0,0,1.0,1,1.0,1,1.0,1,0.19587460170592247,58
3666,1,5757,2933,2824,0,0,0,1.0,1,1.0,1,1.0,1,0.1641753175871018,58
3667,3,5760,2935,2825,0,0,0,1.0,1,1.0,1,1.0,1,0.16112270519786606,58
3668,2,5762,2935,2827,0,0,0,1.0,1,1.0,1,1.0,1,0.1338395152691166,58
3669,1,5763,2936,2827,0,0,0,1.0,1,1.0,1,1.0,1,0.16641245774785018,57
3670,1,5764,2937,2827,0,0,0,1.0,1,1.0,1,1.0,1,0.18498591102575362,56
3671,1,5765,2938,2827,0,0,0,1.0,1,1.0,1,1.0,1,0.2176451843519588,57
3672,2,5767,2939,2828,0,0,0,1.0,1,1.0,1,1.0,1,0.24291722605537736,57
3673,4,5771,2940,2831,0,0,0,1.0,1,1.0,1,1.0,1,0.22051139690179758,58
3674,0,5771,2940,2831,0,0,0,1.0,1,1.0,1,1.0,1,0.23046333263098523,57
3675,0,5771,2940,2831,0,0,0,1.0,1,1.0,1,1.0,1,0.24320796430562064,58
3676,1,5772,2941,2831,0,0,0,1.0,1,1.0,1,1.0,1,0.2580503980250016,59
3677,2,5774,2942,2832,0,0,0,1.0,1,1.0,1,1.0,1,0.25146949498080645,60
3678,1,5775,2942,2833,0,0,0,1.0,1,1.0,1,1.0,1,0.2465041934573181,62
3679,0,5775,2942,2833,0,0,0,1.0,1,1.0,1,1.0,1,0.2465041934573181,62
3680,0,5775,2942,2833,0,0,0,1.0,1,1.0,1,1.0,1,0.2313919888237363,63
3681,3,5778,2942,2836,0,0,0,1.0,1,1.0,1,1.0,1,0.19924004020456426,64
3682,0,5778,2942,2836,0,0,0,1.0,1,1.0,1,1.0,1,0.19924004020456426,64
3683,0,5778,2942,2836,0,0,0,1.0,1,1.0,1,1.0,1,0.19924004020456426,64
3684,1,5779,2943,2836,0,0,0,1.0,1,1.0,1,1.0,1,0.21471884793789447,64
3685,0,5779,2943,2836,0,0,0,1.0,1,1.0,1,1.0,1,0.21471884793789447,64
3686,0,5779,2943,2836,0,0,0,1.0,1,1.0,1,1.0,1,0.20696676058608035,65
3687,0,5779,2943,2836,0,0,0,1.0,1,1.0,1,1.0,1,0.20696676058608035,65
3688,1,5780,2943,2837,0,0,0,1.0,1,1.0,1,1.0,1,0.21126233763291347,66
3689,0,5780,2943,2837,0,0,0,1.0,1,1.0,1,1.0,1,0.21126233763291347,66
3690,2,5782,2943,2839,0,0,0,1.0,1,1.0,1,1.0,1,0.19582022256873396,67
3691,2,5784,2944,2840,0,0,0,1.0,1,1.0,1,1.0,1,0.18500310489072902,68
3692,0,5784,2944,2840,0,0,0,1.0,1,1.0,1,1.0,1,0.18167635631395068,69
3693,0,5784,2944,2840,0,0,0,1.0,1,1.0,1,1.0,1,0.18627212638887047,69
3694,1,5785,2945,2840,0,0,0,1.0,1,1.0,1,1.0,1,0.1846671979422461,70
3695,1,5786,2945,2841,0,0,0,1.0,1,1.0,1,1.0,1,0.17607111092677014,70
3696,1,5787,2946,2841,0,0,0,1.0,1,1.0,1,1.0,1,0.1804826261689686,71
3697,4,5791,2948,2843,0,0,0,1.0,1,1.0,1,1.0,1,0.16569292629078056,70
3698,0,5791,2948,2843,0,0,0,1.0,1,1.0,1,1.0,1,0.16430249253582488,70
3699,1,5792,2949,2843,0,0,0,1.0,1,1.0,1,1.0,1,0.17408372695112923,70
3700,5,5797,2953,2844,0,0,0,1.0,1,1.0,1,1.0,1,0.211153170434076,68
3701,6,5803,2954,2849,0,0,0,1.0,1,1.0,1,1.0,1,0.18468041090587597,69
3702,2,5805,2955,2850,0,0,0,1.0,1,1.0,1,1.0,1,0.17686462814586623,69
3703,0,5805,2955,2850,0,0,0,1.0,1,1.0,1,1.0,1,0.1887915109552659,70
3704,2,5807,2957,2850,0,0,0,1.0,1,1.0,1,1.0,1,0.21053161012146188,69
3705,1,5808,2957,2851,0,0,0,1.0,1,1.0,1,1.0,1,0.1788872849444445,69
3706,3,5811,2958,2853,0,0,0,1.0,1,1.0,1,1.0,1,0.15504960614060032,69
3707,1,5812,2958,2854,0,0,0,1.0,1,1.0,1,1.0,1,0.13398042424124953,67
3708,0,5812,2958,2854,0,0,0,1.0,1,1.0,1,1.0,1,0.12108420922041781,67
3709,1,5813,2958,2855,0,0,0,1.0,1,1.0,1,1.0,1,0.11183385516068693,67
3710,0,5813,2958,2855,0,0,0,1.0,1,1.0,1,1.0,1,0.10952722256669706,67
3711,0,5813,2958,2855,0,0,0,1.0,1,1.0,1,1.0,1,0.11992436555386553,68
3712,0,5813,2958,2855,0,0,0,1.0,1,1.0,1,1.0,1,0.11992436555386553,68
3713,2,5815,2960,2855,0,0,0,1.0,1,1.0,1,1.0,1,0.13456302695487712,68
3714,0,5815,2960,2855,0,0,0,1.0,1,1.0,1,1.0,1,0.15207214826741053,67
3715,1,5816,2961,2855,0,0,0,1.0,1,1.0,1,1.0,1,0.1583904712061787,68
3716,3,5819,2962,2857,0,0,0,1.0,1,1.0,1,1.0,1,0.15395098345757152,67
3717,0,5819,2962,2857,0,0,0,1.0,1,1.0,1,1.0,1,0.17744688699544542,68
3718,0,5819,2962,2857,0,0,0,1.0,1,1.0,1,1.0,1,0.18428372163648,68
3719,7,5826,2964,2862,0,0,0,1.0,1,1.0,1,1.0,1,0.21363909683205273,68
3720,3,5829,2964,2865,0,0,0,1.0,1,1.0,1,1.0,1,0.17431150006854945,68
3721,3,5832,2967,2865,0,0,0,1.0,1,1.0,1,1.0,1,0.17157402737544242,70
3722,1,5833,2967,2866,0,0,0,1.0,1,1.0,1,1.0,1,0.172794015054572,71
3723,3,5836,2969,2867,0,0,0,1.0,1,1.0,1,1.0,1,0.16946811905211595,71
3724,0,5836,2969,2867,0,0,0,1.0,1,1.0,1,1.0,1,0.15938824903742926,72
3725,3,5839,2971,2868,0,0,0,1.0,1,1.0,1,1.0,1,0.1728101315680158,72
3726,0,5839,2971,2868,0,0,0,1.0,1,1.0,1,1.0,1,0.172361750652915,71
3727,0,5839,2971,2868,0,0,0,1.0,1,1.0,1,1.0,1,0.172361750652915,71
3728,0,5839,2971,2868,0,0,0,1.0,1,1.0,1,1.0,1,0.1777622778684863,70
3729,1,5840,2972,2868,0,0,0,1.0,1,1.0,1,1.0,1,0.19163937105319936,70
3730,2,5842,2973,2869,0,0,0,1.0,1,1.0,1,1.0,1,0.2067075958389224,71
3731,2,5844,2973,2871,0,0,0,1.0,1,1.0,1,1.0,1,0.19810657402793644,71
3732,2,5846,2973,2873,0,0,0,1.0,1,1.0,1,1.0,1,0.17896789375621114,72
3733,1,5847,2974,2873,0,0,0,1.0,1,1.0,1,1.0,1,0.20043333425798388,73
3734,3,5850,2975,2875,0,0,0,1.0,1,1.0,1,1.0,1,0.21554423373227166,74
3735,2,5852,2976,2876,0,0,0,1.0,1,1.0,1,1.0,1,0.20991750387979857,72
3736,2,5854,2976,2878,0,0,0,1.0,1,1.0,1,1.0,1,0.1690634285664329,72
3737,2,5856,2976,2880,0,0,0,1.0,1,1.0,1,1.0,1,0.15662116553601085,73
3738,0,5856,2976,2880,0,0,0,1.0,1,1.0,1,1.0,1,0.1582026399446812,72
3739,0,5856,2976,2880,0,0,0,1.0,1,1.0,1,1.0,1,0.16009445174429546,73
3740,1,5857,2976,2881,0,0,0,1.0,1,1.0,1,1.0,1,0.16769905682655936,70
3741,0,5857,2976,2881,0,0,0,1.0,1,1.0,1,1.0,1,0.16769905682655936,70
3742,2,5859,2978,2881,0,0,0,1.0,1,1.0,1,1.0,1,0.17856849766334743,70
3743,2,5861,2979,2882,0,0,0,1.0,1,1.0,1,1.0,1,0.15369608615325905,69
3744,5,5866,2983,2883,0,0,0,1.0,1,1.0,1,1.0,1,0.2199462222643737,69
3745,4,5870,2983,2887,0,0,0,1.0,1,1.0,1,1.0,1,0.13420379720056558,68
3746,2,5872,2984,2888,0,0,0,1.0,1,1.0,1,1.0,1,0.15751258430871054,66
3747,2,5874,2984,2890,0,0,0,1.0,1,1.0,1,1.0,1,0.13292866483147855,66
3748,0,5874,2984,2890,0,0,0,1.0,1,1.0,1,1.0,1,0.11202025825137644,65
3749,1,5875,2985,2890,0,0,0,1.0,1,1.0,1,1.0,1,0.1160030269877721,64
3750,2,5877,2987,2890,0,0,0,1.0,1,1.0,1,1.0,1,0.13124382392648873,63
3751,1,5878,2988,2890,0,0,0,1.0,1,1.0,1,1.0,1,0.1434441283216073,64
3752,4,5882,2991,2891,0,0,0,1.0,1,1.0,1,1.0,1,0.15479134989207902,64
3753,0,5882,2991,2891,0,0,0,1.0,1,1.0,1,1.0,1,0.16915084906934832,65
3754,1,5883,2992,2891,0,0,0,1.0,1,1.0,1,1.0,1,0.1657615011185655,65
3755,4,5887,2994,2893,0,0,0,1.0,1,1.0,1,1.0,1,0.17013499175799107,65
3756,1,5888,2994,2894,0,0,0,1.0,1,1.0,1,1.0,1,0.16954002547694305,65
3757,4,5892,2997,2895,0,0,0,1.0,1,1.0,1,1.0,1,0.18521096247154953,65
3758,1,5893,2997,2896,0,0,0,1.0,1,1.0,1,1.0,1,0.17748984787718808,64
3759,3,5896,2998,2898,0,0,0,1.0,1,1.0,1,1.0,1,0.17489643534441654,64
3760,2,5898,2998,2900,0,0,0,1.0,1,1.0,1,1.0,1,0.18885360730964484,63
3761,0,5898,2998,2900,0,0,0,1.0,1,1.0,1,1.0,1,0.18885360730964484,63
3762,1,5899,2998,2901,0,0,0,1.0,1,1.0,1,1.0,1,0.18497695792783014,65
3763,1,5900,2999,2901,0,0,0,1.0,1,1.0,1,1.0,1,0.19525135276377162,65
3764,3,5903,3000,2903,0,0,0,1.0,1,1.0,1,1.0,1,0.17326555198062074,66
3765,0,5903,3000,2903,0,0,0,1.0,1,1.0,1,1.0,1,0.1863612721938486,67
3766,2,5905,3002,2903,0,0,0,1.0,1,1.0,1,1.0,1,0.19714129905881897,67
3767,2,5907,3003,2904,0,0,0,1.0,1,1.0,1,1.0,1,0.1881287938699764,68
3768,3,5910,3006,2904,0,0,0,1.0,1,1.0,1,1.0,1,0.2224284283425677,67
3769,2,5912,3006,2906,0,0,0,1.0,1,1.0,1,1.0,1,0.19086579635695186,69
3770,2,5914,3006,2908,0,0,0,1.0,1,1.0,1,1.0,1,0.17876592844370884,69
3771,1,5915,3006,2909,0,0,0,1.0,1,1.0,1,1.0,1,0.17640204394068268,69
3772,4,5919,3007,2912,0,0,0,1.0,1,1.0,1,1.0,1,0.16864120781503414,70
3773,1,5920,3007,2913,0,0,0,1.0,1,1.0,1,1.0,1,0.16247383435635807,68
3774,1,5921,3007,2914,0,0,0,1.0,1,1.0,1,1.0,1,0.1542286775797728,68
3775,1,5922,3008,2914,0,0,0,1.0,1,1.0,1,1.0,1,0.18227854129067764,68
3776,0,5922,3008,2914,0,0,0,1.0,1,1.0,1,1.0,1,0.18723302870661873,66
3777,3,5925,3010,2915,0,0,0,1.0,1,1.0,1,1.0,1,0.15867680103699977,65
3778,2,5927,3011,2916,0,0,0,1.0,1,1.0,1,1.0,1,0.141484476051646,65
3779,2,5929,3012,2917,0,0,0,1.0,1,1.0,1,1.0,1,0.14428081152095992,65
3780,3,5932,3014,2918,0,0,0,1.0,1,1.0,1,1.0,1,0.1544091730345285,64
3781,0,5932,3014,2918,0,0,0,1.0,1,1.0,1,1.0,1,0.1544091730345285,64
3782,3,5935,3016,2919,0,0,0,1.0,1,1.0,1,1.0,1,0.15181210680112162,67
3783,1,5936,3017,2919,0,0,0,1.0,1,1.0,1,1.0,1,0.15404511486857692,65
3784,2,5938,3018,2920,0,0,0,1.0,1,1.0,1,1.0,1,0.14017078145744227,65
3785,3,5941,3020,2921,0,0,0,1.0,1,1.0,1,1.0,1,0.15959295688760147,63
3786,1,5942,3020,2922,0,0,0,1.0,1,1.0,1,1.0,1,0.1506407313112494,66
3787,3,5945,3022,2923,0,0,0,1.0,1,1.0,1,1.0,1,0.16365294384224366,65
3788,1,5946,3022,2924,0,0,0,1.0,1,1.0,1,1.0,1,0.14884608521987006,65
3789,3,5949,3023,2926,0,0,0,1.0,1,1.0,1,1.0,1,0.1494149004895113,65
3790,1,5950,3023,2927,0,0,0,1.0,1,1.0,1,1.0,1,0.14915932106307772,64
3791,1,5951,3024,2927,0,0,0,1.0,1,1.0,1,1.0,1,0.1755084367647878,64
3792,3,5954,3026,2928,0,0,0,1.0,1,1.0,1,1.0,1,0.19153550910036257,65
3793,4,5958,3027,2931,0,0,0,1.0,1,1.0,1,1.0,1,0.1780582976144181,68
3794,1,5959,3028,2931,0,0,0,1.0,1,1.0,1,1.0,1,0.20125287977471804,68
3795,3,5962,3029,2933,0,0,0,1.0,1,1.0,1,1.0,1,0.20170856139198964,69
3796,0,5962,3029,2933,0,0,0,1.0,1,1.0,1,1.0,1,0.20170856139198964,69
3797,1,5963,3029,2934,0,0,0,1.0,1,1.0,1,1.0,1,0.21112354739190767,70
3798,0,5963,3029,2934,0,0,0,1.0,1,1.0,1,1.0,1,0.21112354739190767,70
3799,0,5963,3029,2934,0,0,0,1.0,1,1.0,1,1.0,1,0.22363869243641904,69
3800,1,5964,3029,2935,0,0,0,1.0,1,1.0,1,1.0,1,0.21342059907997324,69
3801,4,5968,3029,2939,0,0,0,1.0,1,1.0,1,1.0,1,0.1903022188712998,67
3802,2,5970,3030,2940,0,0,0,1.0,1,1.0,1,1.0,1,0.17366207195125424,67
3803,2,5972,3032,2940,0,0,0,1.0,1,1.0,1,1.0,1,0.18589804199987212,69
3804,2,5974,3033,2941,0,0,0,1.0,1,1.0,1,1.0,1,0.18552164899784568,70
3805,5,5979,3035,2944,0,0,0,1.0,1,1.0,1,1.0,1,0.1858422910568962,71
3806,3,5982,3036,2946,0,0,0,1.0,1,1.0,1,1.0,1,0.17026320034764172,71
3807,3,5985,3037,2948,0,0,0,1.0,1,1.0,1,1.0,1,0.17525454105575033,72
3808,0,5985,3037,2948,0,0,0,1.0,1,1.0,1,1.0,1,0.17525454105575033,72
3809,3,5988,3038,2950,0,0,0,1.0,1,1.0,1,1.0,1,0.15672191581465175,72
3810,1,5989,3039,2950,0,0,0,1.0,1,1.0,1,1.0,1,0.17972457904403674,72
3811,0,5989,3039,2950,0,0,0,1.0,1,1.0,1,1.0,1,0.17480620602348818,71
3812,0,5989,3039,2950,0,0,0,1.0,1,1.0,1,1.0,1,0.16985754439974263,72
3813,2,5991,3040,2951,0,0,0,1.0,1,1.0,1,1.0,1,0.20552767433053773,71
3814,1,5992,3040,2952,0,0,0,1.0,1,1.0,1,1.0,1,0.19432661865948953,72
3815,1,5993,3040,2953,0,0,0,1.0,1,1.0,1,1.0,1,0.18556288544922203,71
3816,0,5993,3040,2953,0,0,0,1.0,1,1.0,1,1.0,1,0.20452017642753087,69
3817,2,5995,3041,2954,0,0,0,1.0,1,1.0,1,1.0,1,0.2188923910197505,72
3818,1,5996,3041,2955,0,0,0,1.0,1,1.0,1,1.0,1,0.19613290531174848,72
3819,1,5997,3042,2955,0,0,0,1.0,1,1.0,1,1.0,1,0.20076292106863358,72
3820,1,5998,3043,2955,0,0,0,1.0,1,1.0,1,1.0,1,0.22032038540629037,72
3821,1,5999,3044,2955,0,0,0,1.0,1,1.0,1,1.0,1,0.24371571942083836,72
3822,2,6001,3045,2956,0,0,0,1.0,1,1.0,1,1.0,1,0.23999356030382507,69
3823,3,6004,3047,2957,0,0,0,1.0,1,1.0,1,1.0,1,0.23892963962818392,69
3824,6,6010,3049,2961,0,0,0,1.0,1,1.0,1,1.0,1,0.2270415422835912,65
3825,1,6011,3050,2961,0,0,0,1.0,1,1.0,1,1.0,1,0.23430942873326657,64
3826,2,6013,3051,2962,0,0,0,1.0,1,1.0,1,1.0,1,0.2362347426611714,65
3827,3,6016,3052,2964,0,0,0,1.0,1,1.0,1,1.0,1,0.21505734143417346,64
3828,2,6018,3053,2965,0,0,0,1.0,1,1.0,1,1.0,1,0.19457845890118572,65
3829,3,6021,3056,2965,0,0,0,1.0,1,1.0,1,1.0,1,0.2123687003624032,65
3830,2,6023,3056,2967,0,0,0,1.0,1,1.0,1,1.0,1,0.1849800631730182,64
3831,3,6026,3059,2967,0,0,0,1.0,1,1.0,1,1.0,1,0.22144524133771448,63
3832,3,6029,3060,2969,0,0,0,1.0,1,1.0,1,1.0,1,0.22602541196916337,64
3833,1,6030,3061,2969,0,0,0,1.0,1,1.0,1,1.0,1,0.2257608056625475,64
3834,2,6032,3061,2971,0,0,0,1.0,1,1.0,1,1.0,1,0.2068289800956678,63
3835,1,6033,3062,2971,0,0,0,1.0,1,1.0,1,1.0,1,0.23110999954974024,63
3836,1,6034,3063,2971,0,0,0,1.0,1,1.0,1,1.0,1,0.23186139828837712,63
3837,3,6037,3065,2972,0,0,0,1.0,1,1.0,1,1.0,1,0.24551013774995062,62
3838,1,6038,3066,2972,0,0,0,1.0,1,1.0,1,1.0,1,0.24248604334012816,62
3839,1,6039,3067,2972,0,0,0,1.0,1,1.0,1,1.0,1,0.2802285484223988,60
3840,1,6040,3067,2973,0,0,0,1.0,1,1.0,1,1.0,1,0.2670773586661319,62
3841,1,6041,3068,2973,0,0,0,1.0,1,1.0,1,1.0,1,0.2912803145022156,62
3842,3,6044,3068,2976,0,0,0,1.0,1,1.0,1,1.0,1,0.23123904345212404,63
3843,0,6044,3068,2976,0,0,0,1.0,1,1.0,1,1.0,1,0.22867843702989576,64
3844,0,6044,3068,2976,0,0,0,1.0,1,1.0,1,1.0,1,0.22627813553442752,65
3845,2,6046,3069,2977,0,0,0,1.0,1,1.0,1,1.0,1,0.20639332792957638,66
3846,3,6049,3070,2979,0,0,0,1.0,1,1.0,1,1.0,1,0.2016632711486987,67
3847,5,6054,3072,2982,0,0,0,1.0,1,1.0,1,1.0,1,0.17782861524686594,67
3848,4,6058,3073,2985,0,0,0,1.0,1,1.0,1,1.0,1,0.1365651394320539,67
3849,1,6059,3073,2986,0,0,0,1.0,1,1.0,1,1.0,1,0.14063061877138963,67
3850,2,6061,3075,2986,0,0,0,1.0,1,1.0,1,1.0,1,0.1474608122243411,68
3851,3,6064,3076,2988,0,0,0,1.0,1,1.0,1,1.0,1,0.12618302594208264,68
3852,1,6065,3076,2989,0,0,0,1.0,1,1.0,1,1.0,1,0.13701044045888106,70
3853,2,6067,3077,2990,0,0,0,1.0,1,1.0,1,1.0,1,0.1550500897417509,70
3854,1,6068,3077,2991,0,0,0,1.0,1,1.0,1,1.0,1,0.14450200976297906,70
3855,1,6069,3078,2991,0,0,0,1.0,1,1.0,1,1.0,1,0.16946028045933179,69
3856,1,6070,3079,2991,0,0,0,1.0,1,1.0,1,1.0,1,0.1840112277005215,70
3857,2,6072,3081,2991,0,0,0,1.0,1,1.0,1,1.0,1,0.21509328500140573,68
3858,3,6075,3082,2993,0,0,0,1.0,1,1.0,1,1.0,1,0.2121974692018638,67
3859,2,6077,3082,2995,0,0,0,1.0,1,1.0,1,1.0,1,0.19092253189470998,66
3860,1,6078,3083,2995,0,0,0,1.0,1,1.0,1,1.0,1,0.21483669037004852,66
3861,0,6078,3083,2995,0,0,0,1.0,1,1.0,1,1.0,1,0.2218384583260423,66
3862,3,6081,3085,2996,0,0,0,1.0,1,1.0,1,1.0,1,0.2439535124121502,66
3863,1,6082,3085,2997,0,0,0,1.0,1,1.0,1,1.0,1,0.2337303193616182,63
3864,2,6084,3086,2998,0,0,0,1.0,1,1.0,1,1.0,1,0.23157777484425063,63
3865,2,6086,3088,2998,0,0,0,1.0,1,1.0,1,1.0,1,0.2504432436108231,61
3866,5,6091,3089,3002,0,0,0,1.0,1,1.0,1,1.0,1,0.21090562406582486,61
3867,0,6091,3089,3002,0,0,0,1.0,1,1.0,1,1.0,1,0.20524297723059243,60
3868,0,6091,3089,3002,0,0,0,1.0,1,1.0,1,1.0,1,0.2032524778764635,59
3869,2,6093,3091,3002,0,0,0,1.0,1,1.0,1,1.0,1,0.19667292313253462,61
3870,1,6094,3091,3003,0,0,0,1.0,1,1.0,1,1.0,1,0.1858814639843194,61
3871,2,6096,3092,3004,0,0,0,1.0,1,1.0,1,1.0,1,0.1997587444044974,64
3872,1,6097,3093,3004,0,0,0,1.0,1,1.0,1,1.0,1,0.2073645257495508,63
3873,0,6097,3093,3004,0,0,0,1.0,1,1.0,1,1.0,1,0.20254618377825404,62
3874,1,6098,3094,3004,0,0,0,1.0,1,1.0,1,1.0,1,0.1932237260359448,63
3875,2,6100,3095,3005,0,0,0,1.0,1,1.0,1,1.0,1,0.18458700847965565,61
3876,1,6101,3095,3006,0,0,0,1.0,1,1.0,1,1.0,1,0.16975744668794612,62
3877,4,6105,3097,3008,0,0,0,1.0,1,1.0,1,1.0,1,0.19180584827657207,63
3878,2,6107,3097,3010,0,0,0,1.0,1,1.0,1,1.0,1,0.16300714993708407,63
3879,1,6108,3098,3010,0,0,0,1.0,1,1.0,1,1.0,1,0.1735041409367122,63
3880,2,6110,3098,3012,0,0,0,1.0,1,1.0,1,1.0,1,0.15295167267876483,65
3881,2,6112,3099,3013,0,0,0,1.0,1,1.0,1,1.0,1,0.15510633624088396,65
3882,1,6113,3099,3014,0,0,0,1.0,1,1.0,1,1.0,1,0.14902527344581484,66
3883,0,6113,3099,3014,0,0,0,1.0,1,1.0,1,1.0,1,0.14902527344581484,66
3884,1,6114,3100,3014,0,0,0,1.0,1,1.0,1,1.0,1,0.17417071204367937,66
3885,1,6115,3101,3014,0,0,0,1.0,1,1.0,1,1.0,1,0.17786697091523196,66
3886,2,6117,3103,3014,0,0,0,1.0,1,1.0,1,1.0,1,0.1959113111180015,65
3887,3,6120,3103,3017,0,0,0,1.0,1,1.0,1,1.0,1,0.2056393699409118,65
3888,3,6123,3104,3019,0,0,0,1.0,1,1.0,1,1.0,1,0.2318219135496913,66
3889,0,6123,3104,3019,0,0,0,1.0,1,1.0,1,1.0,1,0.2096417549511337,64
3890,0,6123,3104,3019,0,0,0,1.0,1,1.0,1,1.0,1,0.2221363779501691,63
3891,1,6124,3105,3019,0,0,0,1.0,1,1.0,1,1.0,1,0.228449472221356,66
3892,3,6127,3105,3022,0,0,0,1.0,1,1.0,1,1.0,1,0.2017453699656742,67
3893,1,6128,3106,3022,0,0,0,1.0,1,1.0,1,1.0,1,0.22832955457903376,66
3894,2,6130,3106,3024,0,0,0,1.0,1,1.0,1,1.0,1,0.21119263400962715,67
3895,3,6133,3107,3026,0,0,0,1.0,1,1.0,1,1.0,1,0.21676971410754667,66
3896,1,6134,3108,3026,0,0,0,1.0,1,1.0,1,1.0,1,0.21547372532102818,66
3897,0,6134,3108,3026,0,0,0,1.0,1,1.0,1,1.0,1,0.22481966513757518,65
3898,7,6141,3112,3029,0,0,0,1.0,1,1.0,1,1.0,1,0.24071634597458214,65
3899,1,6142,3113,3029,0,0,0,1.0,1,1.0,1,1.0,1,0.23709162926343527,64
3900,2,6144,3114,3030,0,0,0,1.0,1,1.0,1,1.0,1,0.25095932708571667,63
3901,3,6147,3116,3031,0,0,0,1.0,1,1.0,1,1.0,1,0.22919514662790344,63
3902,2,6149,3116,3033,0,0,0,1.0,1,1.0,1,1.0,1,0.22471091953509914,64
3903,1,6150,3117,3033,0,0,0,1.0,1,1.0,1,1.0,1,0.22042177065166066,64
3904,2,6152,3119,3033,0,0,0,1.0,1,1.0,1,1.0,1,0.21485549008897462,63
3905,0,6152,3119,3033,0,0,0,1.0,1,1.0,1,1.0,1,0.2327078645894003,63
3906,2,6154,3120,3034,0,0,0,1.0,1,1.0,1,1.0,1,0.22799925628224402,64
3907,4,6158,3121,3037,0,0,0,1.0,1,1.0,1,1.0,1,0.21034087904534635,64
3908,3,6161,3121,3040,0,0,0,1.0,1,1.0,1,1.0,1,0.1960924713463315,63
3909,2,6163,3122,3041,0,0,0,1.0,1,1.0,1,1.0,1,0.19905336277840618,62
3910,0,6163,3122,3041,0,0,0,1.0,1,1.0,1,1.0,1,0.2045307313531948,62
3911,1,6164,3122,3042,0,0,0,1.0,1,1.0,1,1.0,1,0.20673651897103107,64
3912,2,6166,3122,3044,0,0,0,1.0,1,1.0,1,1.0,1,0.17788635657617163,64
3913,0,6166,3122,3044,0,0,0,1.0,1,1.0,1,1.0,1,0.18763405306618985,65
3914,0,6166,3122,3044,0,0,0,1.0,1,1.0,1,1.0,1,0.2057867663349417,65
3915,0,6166,3122,3044,0,0,0,1.0,1,1.0,1,1.0,1,0.20595464034339717,66
3916,2,6168,3123,3045,0,0,0,1.0,1,1.0,1,1.0,1,0.20256556886899466,66
3917,2,6170,3123,3047,0,0,0,1.0,1,1.0,1,1.0,1,0.19040251868167055,66
3918,1,6171,3123,3048,0,0,0,1.0,1,1.0,1,1.0,1,0.19909590987859382,67
3919,3,6174,3124,3050,0,0,0,1.0,1,1.0,1,1.0,1,0.20514220843699033,68
3920,1,6175,3125,3050,0,0,0,1.0,1,1.0,1,1.0,1,0.20048377848942234,69
3921,2,6177,3125,3052,0,0,0,1.0,1,1.0,1,1.0,1,0.18367580956208407,68
3922,3,6180,3128,3052,0,0,0,1.0,1,1.0,1,1.0,1,0.20572920855538457,68
3923,3,6183,3128,3055,0,0,0,1.0,1,1.0,1,1.0,1,0.19101867060082448,69
3924,0,6183,3128,3055,0,0,0,1.0,1,1.0,1,1.0,1,0.19834146084723608,69
3925,2,6185,3130,3055,0,0,0,1.0,1,1.0,1,1.0,1,0.24971387258454447,67
3926,2,6187,3131,3056,0,0,0,1.0,1,1.0,1,1.0,1,0.2536657937278686,67
3927,2,6189,3131,3058,0,0,0,1.0,1,1.0,1,1.0,1,0.27178122650211256,65
3928,0,6189,3131,3058,0,0,0,1.0,1,1.0,1,1.0,1,0.27178122650211256,65
3929,2,6191,3133,3058,0,0,0,1.0,1,1.0,1,1.0,1,0.26412365775936253,64
3930,0,6191,3133,3058,0,0,0,1.0,1,1.0,1,1.0,1,0.26599581246495047,64
3931,4,6195,3135,3060,0,0,0,1.0,1,1.0,1,1.0,1,0.2568299641102498,62
3932,2,6197,3136,3061,0,0,0,1.0,1,1.0,1,1.0,1,0.25575096323003754,62
3933,2,6199,3137,3062,0,0,0,1.0,1,1.0,1,1.0,1,0.2447404181835508,62
3934,2,6201,3137,3064,0,0,0,1.0,1,1.0,1,1.0,1,0.2224668482715631,61
3935,1,6202,3137,3065,0,0,0,1.0,1,1.0,1,1.0,1,0.2356392215084942,64
3936,2,6204,3137,3067,0,0,0,1.0,1,1.0,1,1.0,1,0.21960836911125306,65
3937,0,6204,3137,3067,0,0,0,1.0,1,1.0,1,1.0,1,0.21986404922358252,66
3938,0,6204,3137,3067,0,0,0,1.0,1,1.0,1,1.0,1,0.21986404922358252,66
3939,0,6204,3137,3067,0,0,0,1.0,1,1.0,1,1.0,1,0.22188823353902848,67
3940,0,6204,3137,3067,0,0,0,1.0,1,1.0,1,1.0,1,0.21791006430804694,69
3941,1,6205,3137,3068,0,0,0,1.0,1,1.0,1,1.0,1,0.20360945543833356,69
3942,1,6206,3138,3068,0,0,0,1.0,1,1.0,1,1.0,1,0.219826779222137,69
3943,4,6210,3139,3071,0,0,0,1.0,1,1.0,1,1.0,1,0.19732843418258492,68
3944,2,6212,3139,3073,0,0,0,1.0,1,1.0,1,1.0,1,0.17811164291495604,68
3945,3,6215,3142,3073,0,0,0,1.0,1,1.0,1,1.0,1,0.20411552469350572,67
3946,1,6216,3142,3074,0,0,0,1.0,1,1.0,1,1.0,1,0.19356819697934702,67
3947,1,6217,3142,3075,0,0,0,1.0,1,1.0,1,1.0,1,0.1905403352456043,66
3948,2,6219,3143,3076,0,0,0,1.0,1,1.0,1,1.0,1,0.20090328668759044,67
3949,5,6224,3148,3076,0,0,0,1.0,1,1.0,1,1.0,1,0.26966129808975065,66
3950,2,6226,3148,3078,0,0,0,1.0,1,1.0,1,1.0,1,0.2633427017520881,65
3951,5,6231,3149,3082,0,0,0,1.0,1,1.0,1,1.0,1,0.2147701088776698,65
3952,4,6235,3150,3085,0,0,0,1.0,1,1.0,1,1.0,1,0.19483395707080076,65
3953,2,6237,3151,3086,0,0,0,1.0,1,1.0,1,1.0,1,0.19486911693103598,65
3954,1,6238,3152,3086,0,0,0,1.0,1,1.0,1,1.0,1,0.19926188415552756,64
3955,3,6241,3153,3088,0,0,0,1.0,1,1.0,1,1.0,1,0.21240120602457138,64
3956,0,6241,3153,3088,0,0,0,1.0,1,1.0,1,1.0,1,0.21679553128955736,63
3957,1,6242,3153,3089,0,0,0,1.0,1,1.0,1,1.0,1,0.20494889220981435,63
3958,0,6242,3153,3089,0,0,0,1.0,1,1.0,1,1.0,1,0.2129399320196789,63
3959,1,6243,3154,3089,0,0,0,1.0,1,1.0,1,1.0,1,0.2230431795932008,62
3960,0,6243,3154,3089,0,0,0,1.0,1,1.0,1,1.0,1,0.2230431795932008,62
3961,3,6246,3155,3091,0,0,0,1.0,1,1.0,1,1.0,1,0.22534215578093186,64
3962,4,6250,3156,3094,0,0,0,1.0,1,1.0,1,1.0,1,0.20626181502012414,64
3963,3,6253,3158,3095,0,0,0,1.0,1,1.0,1,1.0,1,0.22800751655102008,62
3964,1,6254,3158,3096,0,0,0,1.0,1,1.0,1,1.0,1,0.21149279618248676,63
3965,1,6255,3158,3097,0,0,0,1.0,1,1.0,1,1.0,1,0.2069359111021661,63
3966,3,6258,3158,3100,0,0,0,1.0,1,1.0,1,1.0,1,0.19358804705446522,62
3967,0,6258,3158,3100,0,0,0,1.0,1,1.0,1,1.0,1,0.20310191315343976,64
3968,1,6259,3158,3101,0,0,0,1.0,1,1.0,1,1.0,1,0.1873299294032396,63
3969,1,6260,3159,3101,0,0,0,1.0,1,1.0,1,1.0,1,0.20884604721483727,63
3970,2,6262,3159,3103,0,0,0,1.0,1,1.0,1,1.0,1,0.19035036375298467,65
3971,1,6263,3159,3104,0,0,0,1.0,1,1.0,1,1.0,1,0.18806322864406774,65
3972,2,6265,3160,3105,0,0,0,1.0,1,1.0,1,1.0,1,0.19385037757185652,66
3973,0,6265,3160,3105,0,0,0,1.0,1,1.0,1,1.0,1,0.19385037757185652,66
3974,2,6267,3162,3105,0,0,0,1.0,1,1.0,1,1.0,1,0.22555866729183421,66
3975,3,6270,3163,3107,0,0,0,1.0,1,1.0,1,1.0,1,0.19930829034752764,66
3976,5,6275,3165,3110,0,0,0,1.0,1,1.0,1,1.0,1,0.19930585472785434,66
3977,1,6276,3166,3110,0,0,0,1.0,1,1.0,1,1.0,1,0.1944374545506999,64
3978,3,6279,3169,3110,0,0,0,1.0,1,1.0,1,1.0,1,0.23458517563679337,63
3979,1,6280,3169,3111,0,0,0,1.0,1,1.0,1,1.0,1,0.236519290050164,63
3980,1,6281,3170,3111,0,0,0,1.0,1,1.0,1,1.0,1,0.24227229195281513,63
3981,2,6283,3170,3113,0,0,0,1.0,1,1.0,1,1.0,1,0.22950459611359147,64
3982,1,6284,3170,3114,0,0,0,1.0,1,1.0,1,1.0,1,0.2183737612255855,65
3983,2,6286,3172,3114,0,0,0,1.0,1,1.0,1,1.0,1,0.21532825878703474,64
3984,3,6289,3173,3116,0,0,0,1.0,1,1.0,1,1.0,1,0.19734997650278577,65
3985,3,6292,3174,3118,0,0,0,1.0,1,1.0,1,1.0,1,0.20503779114184645,64
3986,3,6295,3176,3119,0,0,0,1.0,1,1.0,1,1.0,1,0.19297454527217106,63
3987,1,6296,3176,3120,0,0,0,1.0,1,1.0,1,1.0,1,0.19134789795782162,63
3988,3,6299,3177,3122,0,0,0,1.0,1,1.0,1,1.0,1,0.18911892046866954,63
3989,2,6301,3178,3123,0,0,0,1.0,1,1.0,1,1.0,1,0.19903690378592268,63
3990,4,6305,3179,3126,0,0,0,1.0,1,1.0,1,1.0,1,0.1971157619384607,62
3991,2,6307,3179,3128,0,0,0,1.0,1,1.0,1,1.0,1,0.17630501166810014,62
3992,0,6307,3179,3128,0,0,0,1.0,1,1.0,1,1.0,1,0.17718572346481692,65
3993,0,6307,3179,3128,0,0,0,1.0,1,1.0,1,1.0,1,0.17718572346481692,65
3994,0,6307,3179,3128,0,0,0,1.0,1,1.0,1,1.0,1,0.17940006526417138,64
3995,1,6308,3179,3129,0,0,0,1.0,1,1.0,1,1.0,1,0.16153786115180743,64
3996,1,6309,3179,3130,0,0,0,1.0,1,1.0,1,1.0,1,0.1489980707643987,67
3997,2,6311,3179,3132,0,0,0,1.0,1,1.0,1,1.0,1,0.14569385974531932,69
3998,2,6313,3180,3133,0,0,0,1.0,1,1.0,1,1.0,1,0.14662528662376204,69
3999,0,6313,3180,3133,0,0,0,1.0,1,1.0,1,1.0,1,0.14662528662376204,69
4000,1,6314,3181,3133,0,0,0,1.0,1,1.0,1,1.0,1,0.18828405283835686,69
4001,1,6315,3181,3134,0,0,0,1.0,1,1.0,1,1.0,1,0.18368862960020724,68
4002,2,6317,3183,3134,0,0,0,1.0,1,1.0,1,1.0,1,0.20931817000661235,68
4003,5,6322,3184,3138,0,0,0,1.0,1,1.0,1,1.0,1,0.1628021939456774,68
4004,3,6325,3186,3139,0,0,0,1.0,1,1.0,1,1.0,1,0.1707725899384769,67
4005,1,6326,3186,3140,0,0,0,1.0,1,1.0,1,1.0,1,0.15643629286316152,67
4006,2,6328,3188,3140,0,0,0,1.0,1,1.0,1,1.0,1,0.1923133462951082,67
4007,2,6330,3189,3141,0,0,0,1.0,1,1.0,1,1.0,1,0.1925127299094894,67
4008,3,6333,3192,3141,0,0,0,1.0,1,1.0,1,1.0,1,0.24340484776754057,67
4009,3,6336,3193,3143,0,0,0,1.0,1,1.0,1,1.0,1,0.2242168479500239,67
4010,1,6337,3193,3144,0,0,0,1.0,1,1.0,1,1.0,1,0.2513927981333131,66
4011,1,6338,3194,3144,0,0,0,1.0,1,1.0,1,1.0,1,0.2687515422476264,66
4012,1,6339,3194,3145,0,0,0,1.0,1,1.0,1,1.0,1,0.2554945380676416,66
4013,2,6341,3194,3147,0,0,0,1.0,1,1.0,1,1.0,1,0.2528967449044061,66
4014,3,6344,3195,3149,0,0,0,1.0,1,1.0,1,1.0,1,0.23581352702476166,66
4015,0,6344,3195,3149,0,0,0,1.0,1,1.0,1,1.0,1,0.2685306159470413,64
4016,3,6347,3196,3151,0,0,0,1.0,1,1.0,1,1.0,1,0.2695529359707693,64
4017,1,6348,3197,3151,0,0,0,1.0,1,1.0,1,1.0,1,0.26654630094695186,66
4018,2,6350,3197,3153,0,0,0,1.0,1,1.0,1,1.0,1,0.26239233870117606,67
4019,2,6352,3198,3154,0,0,0,1.0,1,1.0,1,1.0,1,0.26713950972917294,67
4020,0,6352,3198,3154,0,0,0,1.0,1,1.0,1,1.0,1,0.28405097405167073,66
4021,4,6356,3201,3155,0,0,0,1.0,1,1.0,1,1.0,1,0.27124760304486994,66
4022,2,6358,3202,3156,0,0,0,1.0,1,1.0,1,1.0,1,0.27049986956983635,66
4023,1,6359,3203,3156,0,0,0,1.0,1,1.0,1,1.0,1,0.26241060234800484,66
4024,2,6361,3205,3156,0,0,0,1.0,1,1.0,1,1.0,1,0.275466284601236,66
4025,1,6362,3205,3157,0,0,0,1.0,1,1.0,1,1.0,1,0.2622781890291395,66
4026,2,6364,3206,3158,0,0,0,1.0,1,1.0,1,1.0,1,0.2648343874902268,66
4027,1,6365,3207,3158,0,0,0,1.0,1,1.0,1,1.0,1,0.2568960876092428,64
4028,3,6368,3209,3159,0,0,0,1.0,1,1.0,1,1.0,1,0.2775918595028478,63
4029,3,6371,3210,3161,0,0,0,1.0,1,1.0,1,1.0,1,0.2581079234086543,62
4030,1,6372,3210,3162,0,0,0,1.0,1,1.0,1,1.0,1,0.2640144373318174,63
4031,1,6373,3210,3163,0,0,0,1.0,1,1.0,1,1.0,1,0.24425703237107238,62
4032,3,6376,3213,3163,0,0,0,1.0,1,1.0,1,1.0,1,0.27932869286930706,62
4033,6,6382,3216,3166,0,0,0,1.0,1,1.0,1,1.0,1,0.28937940013425684,61
4034,6,6388,3218,3170,0,0,0,1.0,1,1.0,1,1.0,1,0.23079451210738028,60
4035,1,6389,3219,3170,0,0,0,1.0,1,1.0,1,1.0,1,0.2540588793007553,59
4036,4,6393,3221,3172,0,0,0,1.0,1,1.0,1,1.0,1,0.2410467501017513,58
4037,1,6394,3222,3172,0,0,0,1.0,1,1.0,1,1.0,1,0.2391407005613465,59
4038,1,6395,3223,3172,0,0,0,1.0,1,1.0,1,1.0,1,0.24885837380793474,58
4039,1,6396,3224,3172,0,0,0,1.0,1,1.0,1,1.0,1,0.2755484706458447,56
4040,0,6396,3224,3172,0,0,0,1.0,1,1.0,1,1.0,1,0.29834102794620987,55
4041,1,6397,3225,3172,0,0,0,1.0,1,1.0,1,1.0,1,0.3304331357433588,54
4042,2,6399,3227,3172,0,0,0,1.0,1,1.0,1,1.0,1,0.343003857260869,56
4043,2,6401,3228,3173,0,0,0,1.0,1,1.0,1,1.0,1,0.3498341492588856,56
4044,1,6402,3228,3174,0,0,0,1.0,1,1.0,1,1.0,1,0.34449127400838064,56
4045,2,6404,3229,3175,0,0,0,1.0,1,1.0,1,1.0,1,0.33056721774507564,57
4046,0,6404,3229,3175,0,0,0,1.0,1,1.0,1,1.0,1,0.3569806439789778,59
4047,2,6406,3231,3175,0,0,0,1.0,1,1.0,1,1.0,1,0.37813305490237537,59
4048,1,6407,3232,3175,0,0,0,1.0,1,1.0,1,1.0,1,0.39167576750884525,59
4049,1,6408,3232,3176,0,0,0,1.0,1,1.0,1,1.0,1,0.3739753891651719,60
4050,0,6408,3232,3176,0,0,0,1.0,1,1.0,1,1.0,1,0.3739753891651719,60
4051,0,6408,3232,3176,0,0,0,1.0,1,1.0,1,1.0,1,0.3739753891651719,60
4052,0,6408,3232,3176,0,0,0,1.0,1,1.0,1,1.0,1,0.3739753891651719,60
4053,0,6408,3232,3176,0,0,0,1.0,1,1.0,1,1.0,1,0.3739753891651719,60
4054,2,6410,3233,3177,0,0,0,1.0,1,1.0,1,1.0,1,0.3684134472732704,61
4055,0,6410,3233,3177,0,0,0,1.0,1,1.0,1,1.0,1,0.3684134472732704,61
4056,0,6410,3233,3177,0,0,0,1.0,1,1.0,1,1.0,1,0.37690750813400464,62
4057,0,6410,3233,3177,0,0,0,1.0,1,1.0,1,1.0,1,0.38041356112513536,63
4058,2,6412,3233,3179,0,0,0,1.0,1,1.0,1,1.0,1,0.3862432617427551,64
4059,2,6414,3233,3181,0,0,0,1.0,1,1.0,1,1.0,1,0.38376961223345485,63
4060,1,6415,3233,3182,0,0,0,1.0,1,1.0,1,1.0,1,0.37422831570055487,63
4061,0,6415,3233,3182,0,0,0,1.0,1,1.0,1,1.0,1,0.3760400808423386,63
4062,3,6418,3235,3183,0,0,0,1.0,1,1.0,1,1.0,1,0.3781785876551448,65
4063,2,6420,3235,3185,0,0,0,1.0,1,1.0,1,1.0,1,0.34523334857248655,64
4064,4,6424,3237,3187,0,0,0,1.0,1,1.0,1,1.0,1,0.3406800267186419,65
4065,3,6427,3238,3189,0,0,0,1.0,1,1.0,1,1.0,1,0.3137701026825512,64
4066,3,6430,3240,3190,0,0,0,1.0,1,1.0,1,1.0,1,0.32369977246865717,64
4067,4,6434,3243,3191,0,0,0,1.0,1,1.0,1,1.0,1,0.3361600858940756,63
4068,4,6438,3244,3194,0,0,0,1.0,1,1.0,1,1.0,1,0.3246727229009972,64
4069,8,6446,3248,3198,0,0,0,1.0,1,1.0,1,1.0,1,0.296146676093227,62
4070,4,6450,3251,3199,0,0,0,1.0,1,1.0,1,1.0,1,0.3056414260205461,61
4071,5,6455,3253,3202,0,0,0,1.0,1,1.0,1,1.0,1,0.2907333730719196,61
4072,3,6458,3256,3202,0,0,0,1.0,1,1.0,1,1.0,1,0.3084036772334171,60
4073,5,6463,3258,3205,0,0,0,1.0,1,1.0,1,1.0,1,0.2586133309756229,60
4074,6,6469,3263,3206,0,0,0,1.0,1,1.0,1,1.0,1,0.2799026947371299,60
4075,3,6472,3263,3209,0,0,0,1.0,1,1.0,1,1.0,1,0.23810188176514388,59
4076,1,6473,3264,3209,0,0,0,1.0,1,1.0,1,1.0,1,0.2541616042628061,60
4077,1,6474,3265,3209,0,0,0,1.0,1,1.0,1,1.0,1,0.2721078440134349,61
4078,1,6475,3265,3210,0,0,0,1.0,1,1.0,1,1.0,1,0.26914367832285485,60
4079,3,6478,3266,3212,0,0,0,1.0,1,1.0,1,1.0,1,0.26428308756662444,58
4080,0,6478,3266,3212,0,0,0,1.0,1,1.0,1,1.0,1,0.27466904396393116,56
4081,0,6478,3266,3212,0,0,0,1.0,1,1.0,1,1.0,1,0.2744025706289868,56
4082,1,6479,3266,3213,0,0,0,1.0,1,1.0,1,1.0,1,0.28659024721501714,55
4083,0,6479,3266,3213,0,0,0,1.0,1,1.0,1,1.0,1,0.28659024721501714,55
4084,0,6479,3266,3213,0,0,0,1.0,1,1.0,1,1.0,1,0.28659024721501714,55
4085,4,6483,3268,3215,0,0,0,1.0,1,1.0,1,1.0,1,0.28160728163477133,56
4086,2,6485,3269,3216,0,0,0,1.0,1,1.0,1,1.0,1,0.2563170474332292,57
4087,1,6486,3270,3216,0,0,0,1.0,1,1.0,1,1.0,1,0.27388441946518643,57
4088,2,6488,3270,3218,0,0,0,1.0,1,1.0,1,1.0,1,0.2640264041916874,57
4089,2,6490,3270,3220,0,0,0,1.0,1,1.0,1,1.0,1,0.2670962030414319,56
4090,1,6491,3271,3220,0,0,0,1.0,1,1.0,1,1.0,1,0.2616446083633229,56
4091,2,6493,3271,3222,0,0,0,1.0,1,1.0,1,1.0,1,0.2585340057790282,56
4092,1,6494,3271,3223,0,0,0,1.0,1,1.0,1,1.0,1,0.25295776638317635,57
4093,1,6495,3272,3223,0,0,0,1.0,1,1.0,1,1.0,1,0.2688332349047435,58
4094,3,6498,3274,3224,0,0,0,1.0,1,1.0,1,1.0,1,0.282302974127565,57
4095,2,6500,3274,3226,0,0,0,1.0,1,1.0,1,1.0,1,0.26114253212183036,57
4096,2,6502,3275,3227,0,0,0,1.0,1,1.0,1,1.0,1,0.24184268920898294,59
4097,3,6505,3276,3229,0,0,0,1.0,1,1.0,1,1.0,1,0.2161451361617056,59
4098,1,6506,3276,3230,0,0,0,1.0,1,1.0,1,1.0,1,0.21136666376347518,59
4099,2,6508,3278,3230,0,0,0,1.0,1,1.0,1,1.0,1,0.21107466381281373,60
4100,3,6511,3279,3232,0,0,0,1.0,1,1.0,1,1.0,1,0.20282016697050337,60
4101,3,6514,3280,3234,0,0,0,1.0,1,1.0,1,1.0,1,0.18274103653675153,60
4102,7,6521,3286,3235,0,0,0,1.0,1,1.0,1,1.0,1,0.2038195662656648,60
4103,1,6522,3286,3236,0,0,0,1.0,1,1.0,1,1.0,1,0.19959511126414828,58
4104,3,6525,3288,3237,0,0,0,1.0,1,1.0,1,1.0,1,0.19685762470145182,60
4105,1,6526,3289,3237,0,0,0,1.0,1,1.0,1,1.0,1,0.20571492066226174,59
4106,4,6530,3290,3240,0,0,0,1.0,1,1.0,1,1.0,1,0.1634168250657378,61
4107,2,6532,3291,3241,0,0,0,1.0,1,1.0,1,1.0,1,0.16997404925305956,59
4108,1,6533,3291,3242,0,0,0,1.0,1,1.0,1,1.0,1,0.15973451208804487,60
4109,1,6534,3291,3243,0,0,0,1.0,1,1.0,1,1.0,1,0.13463661390314086,59
4110,1,6535,3292,3243,0,0,0,1.0,1,1.0,1,1.0,1,0.17178699526868194,60
4111,1,6536,3292,3244,0,0,0,1.0,1,1.0,1,1.0,1,0.16358595494833084,61
4112,0,6536,3292,3244,0,0,0,1.0,1,1.0,1,1.0,1,0.16147385956486277,60
4113,2,6538,3293,3245,0,0,0,1.0,1,1.0,1,1.0,1,0.15751804305348985,61
4114,0,6538,3293,3245,0,0,0,1.0,1,1.0,1,1.0,1,0.15473292509149578,62
4115,3,6541,3296,3245,0,0,0,1.0,1,1.0,1,1.0,1,0.19362902213225858,60
4116,1,6542,3297,3245,0,0,0,1.0,1,1.0,1,1.0,1,0.20893613438465491,59
4117,5,6547,3299,3248,0,0,0,1.0,1,1.0,1,1.0,1,0.1872182975612732,56
4118,0,6547,3299,3248,0,0,0,1.0,1,1.0,1,1.0,1,0.1963542041279887,55
4119,1,6548,3299,3249,0,0,0,1.0,1,1.0,1,1.0,1,0.1849228741668879,53
4120,2,6550,3300,3250,0,0,0,1.0,1,1.0,1,1.0,1,0.174341411295849,52
4121,5,6555,3305,3250,0,0,0,1.0,1,1.0,1,1.0,1,0.19116815316610763,53
4122,4,6559,3306,3253,0,0,0,1.0,1,1.0,1,1.0,1,0.16524629776138383,52
4123,3,6562,3308,3254,0,0,0,1.0,1,1.0,1,1.0,1,0.15424257716402826,51
4124,2,6564,3309,3255,0,0,0,1.0,1,1.0,1,1.0,1,0.16468422817292874,51
4125,1,6565,3310,3255,0,0,0,1.0,1,1.0,1,1.0,1,0.15603000333054842,50
4126,4,6569,3313,3256,0,0,0,1.0,1,1.0,1,1.0,1,0.20500043148666502,50
4127,1,6570,3313,3257,0,0,0,1.0,1,1.0,1,1.0,1,0.1817639764819628,49
4128,0,6570,3313,3257,0,0,0,1.0,1,1.0,1,1.0,1,0.1817639764819628,49
4129,0,6570,3313,3257,0,0,0,1.0,1,1.0,1,1.0,1,0.1817639764819628,49
4130,0,6570,3313,3257,0,0,0,1.0,1,1.0,1,1.0,1,0.18220648761505617,50
4131,1,6571,3313,3258,0,0,0,1.0,1,1.0,1,1.0,1,0.16956237451505068,50
4132,0,6571,3313,3258,0,0,0,1.0,1,1.0,1,1.0,1,0.16956237451505068,50
4133,3,6574,3314,3260,0,0,0,1.0,1,1.0,1,1.0,1,0.16167718536336276,51
4134,1,6575,3314,3261,0,0,0,1.0,1,1.0,1,1.0,1,0.15439207142568606,53
4135,0,6575,3314,3261,0,0,0,1.0,1,1.0,1,1.0,1,0.14656273472794318,54
4136,0,6575,3314,3261,0,0,0,1.0,1,1.0,1,1.0,1,0.14656273472794318,54
4137,2,6577,3316,3261,0,0,0,1.0,1,1.0,1,1.0,1,0.16936068408226915,55
4138,2,6579,3316,3263,0,0,0,1.0,1,1.0,1,1.0,1,0.13654248660995788,54
4139,1,6580,3316,3264,0,0,0,1.0,1,1.0,1,1.0,1,0.13329838758519252,54
4140,1,6581,3317,3264,0,0,0,1.0,1,1.0,1,1.0,1,0.15114530400451226,55
4141,0,6581,3317,3264,0,0,0,1.0,1,1.0,1,1.0,1,0.15904749723779582,55
4142,0,6581,3317,3264,0,0,0,1.0,1,1.0,1,1.0,1,0.15904749723779582,55
4143,0,6581,3317,3264,0,0,0,1.0,1,1.0,1,1.0,1,0.18349015994064888,53
4144,3,6584,3319,3265,0,0,0,1.0,1,1.0,1,1.0,1,0.17937562982163852,52
4145,1,6585,3320,3265,0,0,0,1.0,1,1.0,1,1.0,1,0.2084975067780286,51
4146,4,6589,3321,3268,0,0,0,1.0,1,1.0,1,1.0,1,0.19440443888885572,51
4147,2,6591,3322,3269,0,0,0,1.0,1,1.0,1,1.0,1,0.19263537192963687,50
4148,3,6594,3324,3270,0,0,0,1.0,1,1.0,1,1.0,1,0.24220385028890218,52
4149,2,6596,3324,3272,0,0,0,1.0,1,1.0,1,1.0,1,0.1830513150322198,53
4150,4,6600,3326,3274,0,0,0,1.0,1,1.0,1,1.0,1,0.1927831554279215,53
4151,0,6600,3326,3274,0,0,0,1.0,1,1.0,1,1.0,1,0.1927831554279215,53
4152,3,6603,3328,3275,0,0,0,1.0,1,1.0,1,1.0,1,0.1542024568491348,54
4153,2,6605,3329,3276,0,0,0,1.0,1,1.0,1,1.0,1,0.16147537527394762,51
4154,2,6607,3330,3277,0,0,0,1.0,1,1.0,1,1.0,1,0.15264587012397643,51
4155,4,6611,3333,3278,0,0,0,1.0,1,1.0,1,1.0,1,0.23898989852381666,51
4156,4,6615,3336,3279,0,0,0,1.0,1,1.0,1,1.0,1,0.21700960053366708,52
4157,0,6615,3336,3279,0,0,0,1.0,1,1.0,1,1.0,1,0.22373710361389593,52
4158,1,6616,3336,3280,0,0,0,1.0,1,1.0,1,1.0,1,0.21699383620728102,52
4159,0,6616,3336,3280,0,0,0,1.0,1,1.0,1,1.0,1,0.19884193246651943,52
4160,3,6619,3338,3281,0,0,0,1.0,1,1.0,1,1.0,1,0.2134381394231516,50
4161,0,6619,3338,3281,0,0,0,1.0,1,1.0,1,1.0,1,0.2134381394231516,50
4162,1,6620,3338,3282,0,0,0,1.0,1,1.0,1,1.0,1,0.2064093807923062,51
4163,2,6622,3338,3284,0,0,0,1.0,1,1.0,1,1.0,1,0.21338322602281207,48
4164,3,6625,3340,3285,0,0,0,1.0,1,1.0,1,1.0,1,0.24840231518234038,50
4165,1,6626,3340,3286,0,0,0,1.0,1,1.0,1,1.0,1,0.23278038894163058,49
4166,0,6626,3340,3286,0,0,0,1.0,1,1.0,1,1.0,1,0.22774377013834515,50
4167,1,6627,3340,3287,0,0,0,1.0,1,1.0,1,1.0,1,0.2385956523865353,50
4168,1,6628,3340,3288,0,0,0,1.0,1,1.0,1,1.0,1,0.252261149661539,50
4169,0,6628,3340,3288,0,0,0,1.0,1,1.0,1,1.0,1,0.25331181870809283,51
4170,1,6629,3340,3289,0,0,0,1.0,1,1.0,1,1.0,1,0.26573329917864935,50
4171,3,6632,3343,3289,0,0,0,1.0,1,1.0,1,1.0,1,0.27267666183915357,50
4172,0,6632,3343,3289,0,0,0,1.0,1,1.0,1,1.0,1,0.29341360624321056,49
4173,3,6635,3344,3291,0,0,0,1.0,1,1.0,1,1.0,1,0.3051415459604748,48
4174,3,6638,3345,3293,0,0,0,1.0,1,1.0,1,1.0,1,0.2925520949646097,48
4175,3,6641,3345,3296,0,0,0,1.0,1,1.0,1,1.0,1,0.2516782121559597,48
4176,2,6643,3345,3298,0,0,0,1.0,1,1.0,1,1.0,1,0.23658358796277182,50
4177,1,6644,3346,3298,0,0,0,1.0,1,1.0,1,1.0,1,0.2394857423399185,52
4178,1,6645,3347,3298,0,0,0,1.0,1,1.0,1,1.0,1,0.2428179992169114,53
4179,3,6648,3349,3299,0,0,0,1.0,1,1.0,1,1.0,1,0.22852333205321293,54
4180,3,6651,3349,3302,0,0,0,1.0,1,1.0,1,1.0,1,0.2138794158806611,55
4181,1,6652,3349,3303,0,0,0,1.0,1,1.0,1,1.0,1,0.19799736090021536,56
4182,0,6652,3349,3303,0,0,0,1.0,1,1.0,1,1.0,1,0.19799736090021536,56
4183,2,6654,3350,3304,0,0,0,1.0,1,1.0,1,1.0,1,0.20541083137518196,57
4184,3,6657,3353,3304,0,0,0,1.0,1,1.0,1,1.0,1,0.25352497406883956,57
4185,3,6660,3353,3307,0,0,0,1.0,1,1.0,1,1.0,1,0.20987418927454762,54
4186,3,6663,3355,3308,0,0,0,1.0,1,1.0,1,1.0,1,0.21131458700297237,55
4187,0,6663,3355,3308,0,0,0,1.0,1,1.0,1,1.0,1,0.2088736036707807,53
4188,3,6666,3356,3310,0,0,0,1.0,1,1.0,1,1.0,1,0.16786964534248555,53
4189,3,6669,3358,3311,0,0,0,1.0,1,1.0,1,1.0,1,0.16811336221160955,53
4190,1,6670,3358,3312,0,0,0,1.0,1,1.0,1,1.0,1,0.16102626655526053,53
4191,0,6670,3358,3312,0,0,0,1.0,1,1.0,1,1.0,1,0.1768201374123876,51
4192,1,6671,3359,3312,0,0,0,1.0,1,1.0,1,1.0,1,0.20144700933134366,51
4193,2,6673,3361,3312,0,0,0,1.0,1,1.0,1,1.0,1,0.20481269380046316,50
4194,1,6674,3361,3313,0,0,0,1.0,1,1.0,1,1.0,1,0.18649860303624935,50
4195,1,6675,3362,3313,0,0,0,1.0,1,1.0,1,1.0,1,0.22017459122053254,50
4196,2,6677,3363,3314,0,0,0,1.0,1,1.0,1,1.0,1,0.2712808301821683,51
4197,1,6678,3363,3315,0,0,0,1.0,1,1.0,1,1.0,1,0.275110594385661,50
4198,2,6680,3364,3316,0,0,0,1.0,1,1.0,1,1.0,1,0.25281401094303685,48
4199,1,6681,3364,3317,0,0,0,1.0,1,1.0,1,1.0,1,0.2778902288314242,48
4200,1,6682,3365,3317,0,0,0,1.0,1,1.0,1,1.0,1,0.30787651454282444,48
4201,0,6682,3365,3317,0,0,0,1.0,1,1.0,1,1.0,1,0.3292730365056665,47
4202,0,6682,3365,3317,0,0,0,1.0,1,1.0,1,1.0,1,0.3292730365056665,47
4203,0,6682,3365,3317,0,0,0,1.0,1,1.0,1,1.0,1,0.3292730365056665,47
4204,4,6686,3368,3318,0,0,0,1.0,1,1.0,1,1.0,1,0.3322743907039831,48
4205,2,6688,3368,3320,0,0,0,1.0,1,1.0,1,1.0,1,0.3038421742184095,49
4206,2,6690,3369,3321,0,0,0,1.0,1,1.0,1,1.0,1,0.3015741981190186,49
4207,1,6691,3369,3322,0,0,0,1.0,1,1.0,1,1.0,1,0.2901351259400365,48
4208,2,6693,3371,3322,0,0,0,1.0,1,1.0,1,1.0,1,0.28683731352865155,49
4209,3,6696,3373,3323,0,0,0,1.0,1,1.0,1,1.0,1,0.2890471849097447,51
4210,1,6697,3374,3323,0,0,0,1.0,1,1.0,1,1.0,1,0.31255665809765126,52
4211,1,6698,3374,3324,0,0,0,1.0,1,1.0,1,1.0,1,0.3101736467922887,53
4212,0,6698,3374,3324,0,0,0,1.0,1,1.0,1,1.0,1,0.3101736467922887,53
4213,0,6698,3374,3324,0,0,0,1.0,1,1.0,1,1.0,1,0.3136417964025402,54
4214,2,6700,3374,3326,0,0,0,1.0,1,1.0,1,1.0,1,0.2887754205145901,54
4215,1,6701,3375,3326,0,0,0,1.0,1,1.0,1,1.0,1,0.2887206934275761,54
4216,0,6701,3375,3326,0,0,0,1.0,1,1.0,1,1.0,1,0.3041488546868179,53
4217,3,6704,3377,3327,0,0,0,1.0,1,1.0,1,1.0,1,0.3280602047959136,54
4218,3,6707,3379,3328,0,0,0,1.0,1,1.0,1,1.0,1,0.34078129107907207,53
4219,2,6709,3380,3329,0,0,0,1.0,1,1.0,1,1.0,1,0.34395090271110573,53
4220,1,6710,3380,3330,0,0,0,1.0,1,1.0,1,1.0,1,0.34815687922669536,53
4221,0,6710,3380,3330,0,0,0,1.0,1,1.0,1,1.0,1,0.35614188116143725,54
4222,3,6713,3382,3331,0,0,0,1.0,1,1.0,1,1.0,1,0.34925606215866833,55
4223,2,6715,3383,3332,0,0,0,1.0,1,1.0,1,1.0,1,0.3507775203284693,56
4224,4,6719,3385,3334,0,0,0,1.0,1,1.0,1,1.0,1,0.3504915132855203,55
4225,3,6722,3386,3336,0,0,0,1.0,1,1.0,1,1.0,1,0.320129958464115,53
4226,4,6726,3389,3337,0,0,0,1.0,1,1.0,1,1.0,1,0.3441870825891323,54
4227,2,6728,3390,3338,0,0,0,1.0,1,1.0,1,1.0,1,0.33596346465839994,52
4228,2,6730,3392,3338,0,0,0,1.0,1,1.0,1,1.0,1,0.35119716130552125,51
4229,0,6730,3392,3338,0,0,0,1.0,1,1.0,1,1.0,1,0.3480230558165369,48
4230,0,6730,3392,3338,0,0,0,1.0,1,1.0,1,1.0,1,0.3489045670134263,48
4231,0,6730,3392,3338,0,0,0,1.0,1,1.0,1,1.0,1,0.3302773965526709,48
4232,1,6731,3393,3338,0,0,0,1.0,1,1.0,1,1.0,1,0.3292447522751097,48
4233,1,6732,3393,3339,0,0,0,1.0,1,1.0,1,1.0,1,0.28706142789778805,48
4234,2,6734,3395,3339,0,0,0,1.0,1,1.0,1,1.0,1,0.3228061955004147,49
4235,5,6739,3396,3343,0,0,0,1.0,1,1.0,1,1.0,1,0.2535923617578406,47
4236,3,6742,3397,3345,0,0,0,1.0,1,1.0,1,1.0,1,0.27662133938656636,47
4237,1,6743,3397,3346,0,0,0,1.0,1,1.0,1,1.0,1,0.26268073038114453,48
4238,1,6744,3397,3347,0,0,0,1.0,1,1.0,1,1.0,1,0.2551756951409235,47
4239,1,6745,3397,3348,0,0,0,1.0,1,1.0,1,1.0,1,0.25667518257990535,48
4240,1,6746,3398,3348,0,0,0,1.0,1,1.0,1,1.0,1,0.2714214530550338,47
4241,0,6746,3398,3348,0,0,0,1.0,1,1.0,1,1.0,1,0.28476237045008235,49
4242,2,6748,3398,3350,0,0,0,1.0,1,1.0,1,1.0,1,0.250556202285436,49
4243,1,6749,3399,3350,0,0,0,1.0,1,1.0,1,1.0,1,0.2691937528382033,50
4244,3,6752,3400,3352,0,0,0,1.0,1,1.0,1,1.0,1,0.3007697749106996,51
4245,3,6755,3400,3355,0,0,0,1.0,1,1.0,1,1.0,1,0.2952023432172647,51
4246,0,6755,3400,3355,0,0,0,1.0,1,1.0,1,1.0,1,0.2952023432172647,51
4247,2,6757,3400,3357,0,0,0,1.0,1,1.0,1,1.0,1,0.2863084515834664,52
4248,4,6761,3401,3360,0,0,0,1.0,1,1.0,1,1.0,1,0.2764687434648826,52
4249,3,6764,3401,3363,0,0,0,1.0,1,1.0,1,1.0,1,0.22480396563653426,52
4250,1,6765,3402,3363,0,0,0,1.0,1,1.0,1,1.0,1,0.21512725091433316,52
4251,5,6770,3404,3366,0,0,0,1.0,1,1.0,1,1.0,1,0.18372184322185503,53
4252,2,6772,3405,3367,0,0,0,1.0,1,1.0,1,1.0,1,0.17714583232367362,53
4253,1,6773,3406,3367,0,0,0,1.0,1,1.0,1,1.0,1,0.18670844002790876,54
4254,3,6776,3408,3368,0,0,0,1.0,1,1.0,1,1.0,1,0.21384781597032312,54
4255,2,6778,3409,3369,0,0,0,1.0,1,1.0,1,1.0,1,0.21594696410447048,55
4256,4,6782,3410,3372,0,0,0,1.0,1,1.0,1,1.0,1,0.15917594649934097,57
4257,0,6782,3410,3372,0,0,0,1.0,1,1.0,1,1.0,1,0.15917594649934097,57
4258,2,6784,3410,3374,0,0,0,1.0,1,1.0,1,1.0,1,0.16586905701493795,57
4259,1,6785,3410,3375,0,0,0,1.0,1,1.0,1,1.0,1,0.14771806334480564,57
4260,1,6786,3410,3376,0,0,0,1.0,1,1.0,1,1.0,1,0.15210955759342457,58
4261,0,6786,3410,3376,0,0,0,1.0,1,1.0,1,1.0,1,0.1585776186007154,59
4262,2,6788,3411,3377,0,0,0,1.0,1,1.0,1,1.0,1,0.15863229749152652,60
4263,2,6790,3413,3377,0,0,0,1.0,1,1.0,1,1.0,1,0.17816409770092997,59
4264,3,6793,3415,3378,0,0,0,1.0,1,1.0,1,1.0,1,0.196509376200834,58
4265,2,6795,3415,3380,0,0,0,1.0,1,1.0,1,1.0,1,0.1609261631999622,58
4266,3,6798,3416,3382,0,0,0,1.0,1,1.0,1,1.0,1,0.16381413215646995,58
4267,2,6800,3417,3383,0,0,0,1.0,1,1.0,1,1.0,1,0.1497153282556122,55
4268,4,6804,3420,3384,0,0,0,1.0,1,1.0,1,1.0,1,0.20680654553529557,55
4269,3,6807,3422,3385,0,0,0,1.0,1,1.0,1,1.0,1,0.21142934936259808,50
4270,2,6809,3424,3385,0,0,0,1.0,1,1.0,1,1.0,1,0.2511452557687482,47
4271,0,6809,3424,3385,0,0,0,1.0,1,1.0,1,1.0,1,0.24983111931410393,47
4272,1,6810,3424,3386,0,0,0,1.0,1,1.0,1,1.0,1,0.2527349683891668,46
4273,4,6814,3425,3389,0,0,0,1.0,1,1.0,1,1.0,1,0.21889139212319614,47
4274,2,6816,3426,3390,0,0,0,1.0,1,1.0,1,1.0,1,0.24301178600273354,45
4275,6,6822,3430,3392,0,0,0,1.0,1,1.0,1,1.0,1,0.23039813656500394,44
4276,1,6823,3430,3393,0,0,0,1.0,1,1.0,1,1.0,1,0.1985775856180543,43
4277,4,6827,3433,3394,0,0,0,1.0,1,1.0,1,1.0,1,0.2433150102132447,42
4278,4,6831,3435,3396,0,0,0,1.0,1,1.0,1,1.0,1,0.2013759943499108,43
4279,3,6834,3438,3396,0,0,0,1.0,1,1.0,1,1.0,1,0.2556333066089013,42
4280,7,6841,3440,3401,0,0,0,1.0,1,1.0,1,1.0,1,0.21541747269518222,44
4281,1,6842,3441,3401,0,0,0,1.0,1,1.0,1,1.0,1,0.23545374411716258,44
4282,1,6843,3441,3402,0,0,0,1.0,1,1.0,1,1.0,1,0.21399198067613548,44
4283,0,6843,3441,3402,0,0,0,1.0,1,1.0,1,1.0,1,0.20093627011485723,45
4284,0,6843,3441,3402,0,0,0,1.0,1,1.0,1,1.0,1,0.20093627011485723,45
4285,1,6844,3441,3403,0,0,0,1.0,1,1.0,1,1.0,1,0.15785473256132543,47
4286,0,6844,3441,3403,0,0,0,1.0,1,1.0,1,1.0,1,0.15785473256132543,47
4287,1,6845,3441,3404,0,0,0,1.0,1,1.0,1,1.0,1,0.15349819594881806,49
4288,0,6845,3441,3404,0,0,0,1.0,1,1.0,1,1.0,1,0.15349819594881806,49
4289,2,6847,3442,3405,0,0,0,1.0,1,1.0,1,1.0,1,0.139034213010921,50
4290,2,6849,3443,3406,0,0,0,1.0,1,1.0,1,1.0,1,0.14818867268374522,51
4291,2,6851,3445,3406,0,0,0,1.0,1,1.0,1,1.0,1,0.18390703910338382,50
4292,2,6853,3446,3407,0,0,0,1.0,1,1.0,1,1.0,1,0.21443817848520108,51
4293,1,6854,3446,3408,0,0,0,1.0,1,1.0,1,1.0,1,0.18007662498025614,51
4294,1,6855,3446,3409,0,0,0,1.0,1,1.0,1,1.0,1,0.18005447695068028,50
4295,1,6856,3447,3409,0,0,0,1.0,1,1.0,1,1.0,1,0.20338580737781725,50
4296,0,6856,3447,3409,0,0,0,1.0,1,1.0,1,1.0,1,0.20617658484022916,49
4297,1,6857,3447,3410,0,0,0,1.0,1,1.0,1,1.0,1,0.2060164222842353,49
4298,1,6858,3447,3411,0,0,0,1.0,1,1.0,1,1.0,1,0.19259802961410377,49
4299,0,6858,3447,3411,0,0,0,1.0,1,1.0,1,1.0,1,0.19713897660753402,48
4300,2,6860,3448,3412,0,0,0,1.0,1,1.0,1,1.0,1,0.16918506484308027,49
4301,2,6862,3449,3413,0,0,0,1.0,1,1.0,1,1.0,1,0.1591399113285419,50
4302,1,6863,3449,3414,0,0,0,1.0,1,1.0,1,1.0,1,0.16559596099181828,51
4303,2,6865,3451,3414,0,0,0,1.0,1,1.0,1,1.0,1,0.18940493374275089,51
4304,5,6870,3454,3416,0,0,0,1.0,1,1.0,1,1.0,1,0.19101596171937485,51
4305,3,6873,3456,3417,0,0,0,1.0,1,1.0,1,1.0,1,0.14237093207190918,49
4306,2,6875,3458,3417,0,0,0,1.0,1,1.0,1,1.0,1,0.19802496070365408,49
4307,3,6878,3461,3417,0,0,0,1.0,1,1.0,1,1.0,1,0.17536133884189584,46
4308,3,6881,3463,3418,0,0,0,1.0,1,1.0,1,1.0,1,0.16724224482347377,44
4309,2,6883,3463,3420,0,0,0,1.0,1,1.0,1,1.0,1,0.15498014286267356,44
4310,0,6883,3463,3420,0,0,0,1.0,1,1.0,1,1.0,1,0.1451549367431954,42
4311,3,6886,3466,3420,0,0,0,1.0,1,1.0,1,1.0,1,0.1635708427898399,42
4312,2,6888,3468,3420,0,0,0,1.0,1,1.0,1,1.0,1,0.17307735444500535,40
4313,5,6893,3471,3422,0,0,0,1.0,1,1.0,1,1.0,1,0.18246052259349904,40
4314,0,6893,3471,3422,0,0,0,1.0,1,1.0,1,1.0,1,0.1870829655535113,36
4315,1,6894,3472,3422,0,0,0,1.0,1,1.0,1,1.0,1,0.23152480857671195,37
4316,4,6898,3475,3423,0,0,0,1.0,1,1.0,1,1.0,1,0.34146756832756403,37
4317,4,6902,3477,3425,0,0,0,1.0,1,1.0,1,1.0,1,0.303850922199951,36
4318,3,6905,3479,3426,0,0,0,1.0,1,1.0,1,1.0,1,0.2949131463622401,34
4319,1,6906,3479,3427,0,0,0,1.0,1,1.0,1,1.0,1,0.2672990656260426,34
4320,0,6906,3479,3427,0,0,0,1.0,1,1.0,1,1.0,1,0.2672990656260426,34
4321,0,6906,3479,3427,0,0,0,1.0,1,1.0,1,1.0,1,0.3069337585417819,35
4322,0,6906,3479,3427,0,0,0,1.0,1,1.0,1,1.0,1,0.3069337585417819,35
4323,0,6906,3479,3427,0,0,0,1.0,1,1.0,1,1.0,1,0.3069337585417819,35
4324,2,6908,3479,3429,0,0,0,1.0,1,1.0,1,1.0,1,0.2733277863212802,34
4325,1,6909,3479,3430,0,0,0,1.0,1,1.0,1,1.0,1,0.25552732467567724,34
4326,3,6912,3480,3432,0,0,0,1.0,1,1.0,1,1.0,1,0.24028076728489176,36
4327,1,6913,3480,3433,0,0,0,1.0,1,1.0,1,1.0,1,0.21352093422624324,35
4328,2,6915,3482,3433,0,0,0,1.0,1,1.0,1,1.0,1,0.21851621148309244,35
4329,3,6918,3483,3435,0,0,0,1.0,1,1.0,1,1.0,1,0.22425366621794338,38
4330,4,6922,3485,3437,0,0,0,1.0,1,1.0,1,1.0,1,0.23052268401611217,38
4331,2,6924,3485,3439,0,0,0,1.0,1,1.0,1,1.0,1,0.1908723439686067,39
4332,0,6924,3485,3439,0,0,0,1.0,1,1.0,1,1.0,1,0.20248408807988144,40
4333,0,6924,3485,3439,0,0,0,1.0,1,1.0,1,1.0,1,0.17970277325992295,41
4334,0,6924,3485,3439,0,0,0,1.0,1,1.0,1,1.0,1,0.17970277325992295,41
4335,2,6926,3487,3439,0,0,0,1.0,1,1.0,1,1.0,1,0.1446641522595778,42
4336,0,6926,3487,3439,0,0,0,1.0,1,1.0,1,1.0,1,0.15778697714417877,43
4337,0,6926,3487,3439,0,0,0,1.0,1,1.0,1,1.0,1,0.14034903876073274,44
4338,0,6926,3487,3439,0,0,0,1.0,1,1.0,1,1.0,1,0.14034903876073274,44
4339,1,6927,3488,3439,0,0,0,1.0,1,1.0,1,1.0,1,0.1722153852101995,46
4340,2,6929,3488,3441,0,0,0,1.0,1,1.0,1,1.0,1,0.14778947208095009,47
4341,2,6931,3489,3442,0,0,0,1.0,1,1.0,1,1.0,1,0.13970208036611276,47
4342,3,6934,3491,3443,0,0,0,1.0,1,1.0,1,1.0,1,0.18459696464508393,47
4343,0,6934,3491,3443,0,0,0,1.0,1,1.0,1,1.0,1,0.1600186143529925,42
4344,2,6936,3493,3443,0,0,0,1.0,1,1.0,1,1.0,1,0.2266804476479507,42
4345,5,6941,3496,3445,0,0,0,1.0,1,1.0,1,1.0,1,0.25836151251662964,39
4346,1,6942,3496,3446,0,0,0,1.0,1,1.0,1,1.0,1,0.24863268424906892,37
4347,1,6943,3496,3447,0,0,0,1.0,1,1.0,1,1.0,1,0.2517951692243965,37
4348,5,6948,3499,3449,0,0,0,1.0,1,1.0,1,1.0,1,0.25879478638603837,38
4349,1,6949,3499,3450,0,0,0,1.0,1,1.0,1,1.0,1,0.1942239192057625,36
4350,3,6952,3501,3451,0,0,0,1.0,1,1.0,1,1.0,1,0.2546155653944722,37
4351,1,6953,3502,3451,0,0,0,1.0,1,1.0,1,1.0,1,0.275367771112187,35
4352,0,6953,3502,3451,0,0,0,1.0,1,1.0,1,1.0,1,0.29932005165519043,34
4353,2,6955,3502,3453,0,0,0,1.0,1,1.0,1,1.0,1,0.2834984024876836,34
4354,1,6956,3502,3454,0,0,0,1.0,1,1.0,1,1.0,1,0.3187958224302498,32
4355,2,6958,3502,3456,0,0,0,1.0,1,1.0,1,1.0,1,0.23974122705039816,32
4356,2,6960,3504,3456,0,0,0,1.0,1,1.0,1,1.0,1,0.22549826726258543,34
4357,1,6961,3504,3457,0,0,0,1.0,1,1.0,1,1.0,1,0.1866336560921081,35
4358,2,6963,3506,3457,0,0,0,1.0,1,1.0,1,1.0,1,0.24134975800838493,35
4359,2,6965,3507,3458,0,0,0,1.0,1,1.0,1,1.0,1,0.28662842989146814,37
4360,0,6965,3507,3458,0,0,0,1.0,1,1.0,1,1.0,1,0.3045630747594989,38
4361,0,6965,3507,3458,0,0,0,1.0,1,1.0,1,1.0,1,0.27039423127017326,39
4362,3,6968,3509,3459,0,0,0,1.0,1,1.0,1,1.0,1,0.2614893481744288,38
4363,0,6968,3509,3459,0,0,0,1.0,1,1.0,1,1.0,1,0.2614893481744288,38
4364,1,6969,3510,3459,0,0,0,1.0,1,1.0,1,1.0,1,0.24372949005659275,39
4365,0,6969,3510,3459,0,0,0,1.0,1,1.0,1,1.0,1,0.24372949005659275,39
4366,1,6970,3511,3459,0,0,0,1.0,1,1.0,1,1.0,1,0.24549327165110116,39
4367,2,6972,3511,3461,0,0,0,1.0,1,1.0,1,1.0,1,0.19413775350963444,41
4368,1,6973,3512,3461,0,0,0,1.0,1,1.0,1,1.0,1,0.21529230590571752,41
4369,0,6973,3512,3461,0,0,0,1.0,1,1.0,1,1.0,1,0.22602625802169743,42
4370,1,6974,3513,3461,0,0,0,1.0,1,1.0,1,1.0,1,0.24209843633342937,42
4371,0,6974,3513,3461,0,0,0,1.0,1,1.0,1,1.0,1,0.2593478168249553,43
4372,1,6975,3514,3461,0,0,0,1.0,1,1.0,1,1.0,1,0.2306722271457506,43
4373,1,6976,3514,3462,0,0,0,1.0,1,1.0,1,1.0,1,0.21868662199255362,43
4374,2,6978,3514,3464,0,0,0,1.0,1,1.0,1,1.0,1,0.18941859850245754,44
4375,3,6981,3516,3465,0,0,0,1.0,1,1.0,1,1.0,1,0.17290204647254329,45
4376,0,6981,3516,3465,0,0,0,1.0,1,1.0,1,1.0,1,0.17503140688285934,46
4377,4,6985,3520,3465,0,0,0,1.0,1,1.0,1,1.0,1,0.2275429962593443,47
4378,3,6988,3521,3467,0,0,0,1.0,1,1.0,1,1.0,1,0.2176110957227457,49
4379,0,6988,3521,3467,0,0,0,1.0,1,1.0,1,1.0,1,0.2231985027986972,51
4380,1,6989,3522,3467,0,0,0,1.0,1,1.0,1,1.0,1,0.23291080941477119,50
4381,1,6990,3522,3468,0,0,0,1.0,1,1.0,1,1.0,1,0.22874692263456545,49
4382,2,6992,3524,3468,0,0,0,1.0,1,1.0,1,1.0,1,0.2644186398641312,47
4383,3,6995,3526,3469,0,0,0,1.0,1,1.0,1,1.0,1,0.26435542122007927,47
4384,2,6997,3527,3470,0,0,0,1.0,1,1.0,1,1.0,1,0.28370517961345976,44
4385,2,6999,3529,3470,0,0,0,1.0,1,1.0,1,1.0,1,0.272708400693331,42
4386,5,7004,3531,3473,0,0,0,1.0,1,1.0,1,1.0,1,0.27418291078093227,41
4387,1,7005,3532,3473,0,0,0,1.0,1,1.0,1,1.0,1,0.23351747110557208,39
4388,2,7007,3532,3475,0,0,0,1.0,1,1.0,1,1.0,1,0.17020639386297237,39
4389,2,7009,3533,3476,0,0,0,1.0,1,1.0,1,1.0,1,0.15060929435158274,38
4390,0,7009,3533,3476,0,0,0,1.0,1,1.0,1,1.0,1,0.15665215246517417,38
4391,0,7009,3533,3476,0,0,0,1.0,1,1.0,1,1.0,1,0.1660580155077827,39
4392,0,7009,3533,3476,0,0,0,1.0,1,1.0,1,1.0,1,0.1660580155077827,39
4393,0,7009,3533,3476,0,0,0,1.0,1,1.0,1,1.0,1,0.15753828998909875,40
4394,0,7009,3533,3476,0,0,0,1.0,1,1.0,1,1.0,1,0.17662003236237936,39
4395,1,7010,3534,3476,0,0,0,1.0,1,1.0,1,1.0,1,0.1842430813411985,39
4396,0,7010,3534,3476,0,0,0,1.0,1,1.0,1,1.0,1,0.23142840462692446,39
4397,2,7012,3535,3477,0,0,0,1.0,1,1.0,1,1.0,1,0.2382861042107097,38
4398,0,7012,3535,3477,0,0,0,1.0,1,1.0,1,1.0,1,0.23784910212949462,39
4399,2,7014,3535,3479,0,0,0,1.0,1,1.0,1,1.0,1,0.21778349964278335,42
4400,0,7014,3535,3479,0,0,0,1.0,1,1.0,1,1.0,1,0.22704804674997445,43
4401,0,7014,3535,3479,0,0,0,1.0,1,1.0,1,1.0,1,0.2194581378057873,44
4402,0,7014,3535,3479,0,0,0,1.0,1,1.0,1,1.0,1,0.2194581378057873,44
4403,0,7014,3535,3479,0,0,0,1.0,1,1.0,1,1.0,1,0.21259777659227136,45
4404,0,7014,3535,3479,0,0,0,1.0,1,1.0,1,1.0,1,0.21259777659227136,45
4405,0,7014,3535,3479,0,0,0,1.0,1,1.0,1,1.0,1,0.22559927545173258,46
4406,0,7014,3535,3479,0,0,0,1.0,1,1.0,1,1.0,1,0.22559927545173258,46
4407,0,7014,3535,3479,0,0,0,1.0,1,1.0,1,1.0,1,0.22559927545173258,46
4408,0,7014,3535,3479,0,0,0,1.0,1,1.0,1,1.0,1,0.2297032471577126,47
4409,1,7015,3536,3479,0,0,0,1.0,1,1.0,1,1.0,1,0.26247725230042057,48
4410,1,7016,3536,3480,0,0,0,1.0,1,1.0,1,1.0,1,0.24643935281465298,48
4411,0,7016,3536,3480,0,0,0,1.0,1,1.0,1,1.0,1,0.2551346000121528,50
4412,2,7018,3537,3481,0,0,0,1.0,1,1.0,1,1.0,1,0.261281045147652,50
4413,5,7023,3537,3486,0,0,0,1.0,1,1.0,1,1.0,1,0.21036043655363446,50
4414,2,7025,3538,3487,0,0,0,1.0,1,1.0,1,1.0,1,0.19273296183837837,51
4415,2,7027,3539,3488,0,0,0,1.0,1,1.0,1,1.0,1,0.18439789138363322,51
4416,0,7027,3539,3488,0,0,0,1.0,1,1.0,1,1.0,1,0.18439789138363322,51
4417,3,7030,3541,3489,0,0,0,1.0,1,1.0,1,1.0,1,0.2016203508310253,51
4418,2,7032,3541,3491,0,0,0,1.0,1,1.0,1,1.0,1,0.20046452686856492,51
4419,1,7033,3541,3492,0,0,0,1.0,1,1.0,1,1.0,1,0.18010248256967373,50
4420,1,7034,3542,3492,0,0,0,1.0,1,1.0,1,1.0,1,0.1978962804546244,50
4421,0,7034,3542,3492,0,0,0,1.0,1,1.0,1,1.0,1,0.1972863579792338,52
4422,1,7035,3542,3493,0,0,0,1.0,1,1.0,1,1.0,1,0.20260782398630942,51
4423,0,7035,3542,3493,0,0,0,1.0,1,1.0,1,1.0,1,0.20260782398630942,51
4424,1,7036,3542,3494,0,0,0,1.0,1,1.0,1,1.0,1,0.19765993206189386,53
4425,0,7036,3542,3494,0,0,0,1.0,1,1.0,1,1.0,1,0.20187278282952942,54
4426,1,7037,3543,3494,0,0,0,1.0,1,1.0,1,1.0,1,0.20419025466874552,55
4427,1,7038,3543,3495,0,0,0,1.0,1,1.0,1,1.0,1,0.1771300239595602,55
4428,0,7038,3543,3495,0,0,0,1.0,1,1.0,1,1.0,1,0.1771300239595602,55
4429,2,7040,3544,3496,0,0,0,1.0,1,1.0,1,1.0,1,0.16800826943055047,56
4430,0,7040,3544,3496,0,0,0,1.0,1,1.0,1,1.0,1,0.16180550841458205,55
4431,1,7041,3544,3497,0,0,0,1.0,1,1.0,1,1.0,1,0.15057298650273382,56
4432,1,7042,3545,3497,0,0,0,1.0,1,1.0,1,1.0,1,0.18185077883335204,56
4433,1,7043,3545,3498,0,0,0,1.0,1,1.0,1,1.0,1,0.18078696427739854,57
4434,0,7043,3545,3498,0,0,0,1.0,1,1.0,1,1.0,1,0.18582096514425422,56
4435,1,7044,3546,3498,0,0,0,1.0,1,1.0,1,1.0,1,0.18656461927407048,56
4436,2,7046,3548,3498,0,0,0,1.0,1,1.0,1,1.0,1,0.1766817116584536,55
4437,2,7048,3548,3500,0,0,0,1.0,1,1.0,1,1.0,1,0.16587518065757917,54
4438,1,7049,3549,3500,0,0,0,1.0,1,1.0,1,1.0,1,0.18835326078950013,54
4439,1,7050,3549,3501,0,0,0,1.0,1,1.0,1,1.0,1,0.2020013635025888,55
4440,2,7052,3550,3502,0,0,0,1.0,1,1.0,1,1.0,1,0.19957923589655932,55
4441,3,7055,3552,3503,0,0,0,1.0,1,1.0,1,1.0,1,0.19829837406900874,59
4442,3,7058,3553,3505,0,0,0,1.0,1,1.0,1,1.0,1,0.18900785001479273,61
4443,2,7060,3555,3505,0,0,0,1.0,1,1.0,1,1.0,1,0.2233527103580471,60
4444,1,7061,3555,3506,0,0,0,1.0,1,1.0,1,1.0,1,0.20732338661812386,61
4445,0,7061,3555,3506,0,0,0,1.0,1,1.0,1,1.0,1,0.20732338661812386,61
4446,1,7062,3556,3506,0,0,0,1.0,1,1.0,1,1.0,1,0.22587922836799548,62
4447,3,7065,3556,3509,0,0,0,1.0,1,1.0,1,1.0,1,0.18935219353531849,63
4448,0,7065,3556,3509,0,0,0,1.0,1,1.0,1,1.0,1,0.18935219353531849,63
4449,0,7065,3556,3509,0,0,0,1.0,1,1.0,1,1.0,1,0.18935219353531849,63
4450,0,7065,3556,3509,0,0,0,1.0,1,1.0,1,1.0,1,0.18980557846768706,62
4451,1,7066,3556,3510,0,0,0,1.0,1,1.0,1,1.0,1,0.16933503931610686,63
4452,2,7068,3556,3512,0,0,0,1.0,1,1.0,1,1.0,1,0.15281931542388058,64
4453,1,7069,3556,3513,0,0,0,1.0,1,1.0,1,1.0,1,0.14253395524719578,65
4454,0,7069,3556,3513,0,0,0,1.0,1,1.0,1,1.0,1,0.13973551179472882,66
4455,1,7070,3556,3514,0,0,0,1.0,1,1.0,1,1.0,1,0.12411038949309712,67
4456,3,7073,3558,3515,0,0,0,1.0,1,1.0,1,1.0,1,0.15127391255766323,67
4457,0,7073,3558,3515,0,0,0,1.0,1,1.0,1,1.0,1,0.15683345707358318,65
4458,1,7074,3558,3516,0,0,0,1.0,1,1.0,1,1.0,1,0.17230439666655456,65
4459,4,7078,3560,3518,0,0,0,1.0,1,1.0,1,1.0,1,0.18667126872230394,64
4460,0,7078,3560,3518,0,0,0,1.0,1,1.0,1,1.0,1,0.20736910285827317,63
4461,2,7080,3562,3518,0,0,0,1.0,1,1.0,1,1.0,1,0.2251016474973372,62
4462,4,7084,3566,3518,0,0,0,1.0,1,1.0,1,1.0,1,0.28066722924220844,61
4463,5,7089,3569,3520,0,0,0,1.0,1,1.0,1,1.0,1,0.311461858649973,61
4464,4,7093,3573,3520,0,0,0,1.0,1,1.0,1,1.0,1,0.3014535062520261,58
4465,4,7097,3574,3523,0,0,0,1.0,1,1.0,1,1.0,1,0.3089433069319795,57
4466,6,7103,3576,3527,0,0,0,1.0,1,1.0,1,1.0,1,0.26680835237232076,54
4467,4,7107,3579,3528,0,0,0,1.0,1,1.0,1,1.0,1,0.26066106411425777,52
4468,6,7113,3581,3532,0,0,0,1.0,1,1.0,1,1.0,1,0.24278554739404024,52
4469,1,7114,3581,3533,0,0,0,1.0,1,1.0,1,1.0,1,0.21991982832660742,51
4470,2,7116,3582,3534,0,0,0,1.0,1,1.0,1,1.0,1,0.20633408341740564,51
4471,0,7116,3582,3534,0,0,0,1.0,1,1.0,1,1.0,1,0.1940064000961064,50
4472,1,7117,3582,3535,0,0,0,1.0,1,1.0,1,1.0,1,0.17258084188901823,48
4473,0,7117,3582,3535,0,0,0,1.0,1,1.0,1,1.0,1,0.1762452738519556,47
4474,2,7119,3584,3535,0,0,0,1.0,1,1.0,1,1.0,1,0.2163487589327882,49
4475,2,7121,3585,3536,0,0,0,1.0,1,1.0,1,1.0,1,0.22672894924358664,47
4476,2,7123,3587,3536,0,0,0,1.0,1,1.0,1,1.0,1,0.22842066622199908,49
4477,4,7127,3588,3539,0,0,0,1.0,1,1.0,1,1.0,1,0.21432279356448664,48
4478,2,7129,3588,3541,0,0,0,1.0,1,1.0,1,1.0,1,0.19002178489825458,48
4479,0,7129,3588,3541,0,0,0,1.0,1,1.0,1,1.0,1,0.19002178489825458,48
4480,3,7132,3588,3544,0,0,0,1.0,1,1.0,1,1.0,1,0.1284515052639343,49
4481,0,7132,3588,3544,0,0,0,1.0,1,1.0,1,1.0,1,0.1394836839224142,49
4482,0,7132,3588,3544,0,0,0,1.0,1,1.0,1,1.0,1,0.1394836839224142,49
4483,0,7132,3588,3544,0,0,0,1.0,1,1.0,1,1.0,1,0.14168673641858526,50
4484,4,7136,3590,3546,0,0,0,1.0,1,1.0,1,1.0,1,0.1546556305257403,52
4485,1,7137,3590,3547,0,0,0,1.0,1,1.0,1,1.0,1,0.13602891425936361,53
4486,3,7140,3592,3548,0,0,0,1.0,1,1.0,1,1.0,1,0.19137901528860002,55
4487,3,7143,3594,3549,0,0,0,1.0,1,1.0,1,1.0,1,0.17256909878409146,55
4488,0,7143,3594,3549,0,0,0,1.0,1,1.0,1,1.0,1,0.17797812354496909,54
4489,0,7143,3594,3549,0,0,0,1.0,1,1.0,1,1.0,1,0.20679055143683941,53
4490,0,7143,3594,3549,0,0,0,1.0,1,1.0,1,1.0,1,0.20679055143683941,53
4491,0,7143,3594,3549,0,0,0,1.0,1,1.0,1,1.0,1,0.216604323643093,52
4492,0,7143,3594,3549,0,0,0,1.0,1,1.0,1,1.0,1,0.216604323643093,52
4493,2,7145,3595,3550,0,0,0,1.0,1,1.0,1,1.0,1,0.2718508718255979,52
4494,4,7149,3595,3554,0,0,0,1.0,1,1.0,1,1.0,1,0.19698259031258955,53
4495,2,7151,3597,3554,0,0,0,1.0,1,1.0,1,1.0,1,0.21876552979885516,50
4496,5,7156,3600,3556,0,0,0,1.0,1,1.0,1,1.0,1,0.23761027901886678,51
4497,5,7161,3602,3559,0,0,0,1.0,1,1.0,1,1.0,1,0.17976640596540247,50
4498,1,7162,3603,3559,0,0,0,1.0,1,1.0,1,1.0,1,0.18156390129248523,49
4499,0,7162,3603,3559,0,0,0,1.0,1,1.0,1,1.0,1,0.1692001894084645,48
4500,2,7164,3604,3560,0,0,0,1.0,1,1.0,1,1.0,1,0.1574207747857821,48
4501,1,7165,3605,3560,0,0,0,1.0,1,1.0,1,1.0,1,0.1724534617036221,48
4502,1,7166,3606,3560,0,0,0,1.0,1,1.0,1,1.0,1,0.17052975349338073,49
4503,3,7169,3609,3560,0,0,0,1.0,1,1.0,1,1.0,1,0.20322820981989503,49
4504,2,7171,3610,3561,0,0,0,1.0,1,1.0,1,1.0,1,0.2349928237767704,45
4505,3,7174,3611,3563,0,0,0,1.0,1,1.0,1,1.0,1,0.2137059236170271,46
4506,3,7177,3614,3563,0,0,0,1.0,1,1.0,1,1.0,1,0.2619614525751917,45
4507,3,7180,3614,3566,0,0,0,1.0,1,1.0,1,1.0,1,0.2235026031204149,45
4508,2,7182,3616,3566,0,0,0,1.0,1,1.0,1,1.0,1,0.21751511074793028,43
4509,1,7183,3616,3567,0,0,0,1.0,1,1.0,1,1.0,1,0.1974787854727044,41
4510,1,7184,3617,3567,0,0,0,1.0,1,1.0,1,1.0,1,0.20931968087165104,42
4511,1,7185,3618,3567,0,0,0,1.0,1,1.0,1,1.0,1,0.23742754509318206,41
4512,1,7186,3618,3568,0,0,0,1.0,1,1.0,1,1.0,1,0.21115684704701737,41
4513,1,7187,3619,3568,0,0,0,1.0,1,1.0,1,1.0,1,0.18229548843057858,41
4514,4,7191,3622,3569,0,0,0,1.0,1,1.0,1,1.0,1,0.21416181989562982,42
4515,0,7191,3622,3569,0,0,0,1.0,1,1.0,1,1.0,1,0.2229829371316815,41
4516,2,7193,3622,3571,0,0,0,1.0,1,1.0,1,1.0,1,0.21147526358787722,42
4517,1,7194,3623,3571,0,0,0,1.0,1,1.0,1,1.0,1,0.24360362656227733,43
4518,0,7194,3623,3571,0,0,0,1.0,1,1.0,1,1.0,1,0.2621020567959959,42
4519,1,7195,3624,3571,0,0,0,1.0,1,1.0,1,1.0,1,0.2995043367781453,42
4520,1,7196,3624,3572,0,0,0,1.0,1,1.0,1,1.0,1,0.32535093812347415,42
4521,3,7199,3625,3574,0,0,0,1.0,1,1.0,1,1.0,1,0.2952713816250639,42
4522,2,7201,3626,3575,0,0,0,1.0,1,1.0,1,1.0,1,0.27257749350685556,42
4523,0,7201,3626,3575,0,0,0,1.0,1,1.0,1,1.0,1,0.27257749350685556,42
4524,2,7203,3628,3575,0,0,0,1.0,1,1.0,1,1.0,1,0.2811818548640275,43
4525,5,7208,3628,3580,0,0,0,1.0,1,1.0,1,1.0,1,0.20383164165255105,46
4526,2,7210,3630,3580,0,0,0,1.0,1,1.0,1,1.0,1,0.2140328894548308,46
4527,4,7214,3632,3582,0,0,0,1.0,1,1.0,1,1.0,1,0.20317064850084257,47
4528,1,7215,3632,3583,0,0,0,1.0,1,1.0,1,1.0,1,0.2049424239063359,49
4529,1,7216,3633,3583,0,0,0,1.0,1,1.0,1,1.0,1,0.19505686434160227,50
4530,1,7217,3633,3584,0,0,0,1.0,1,1.0,1,1.0,1,0.16739331291758802,51
4531,0,7217,3633,3584,0,0,0,1.0,1,1.0,1,1.0,1,0.16739331291758802,51
4532,0,7217,3633,3584,0,0,0,1.0,1,1.0,1,1.0,1,0.16739331291758802,51
4533,0,7217,3633,3584,0,0,0,1.0,1,1.0,1,1.0,1,0.17660920892576898,50
4534,1,7218,3633,3585,0,0,0,1.0,1,1.0,1,1.0,1,0.16648398123362118,51
4535,2,7220,3635,3585,0,0,0,1.0,1,1.0,1,1.0,1,0.19998647802747865,50
4536,3,7223,3635,3588,0,0,0,1.0,1,1.0,1,1.0,1,0.2034171737811097,48
4537,0,7223,3635,3588,0,0,0,1.0,1,1.0,1,1.0,1,0.21543644581492238,49
4538,1,7224,3636,3588,0,0,0,1.0,1,1.0,1,1.0,1,0.25594697119618637,48
4539,2,7226,3636,3590,0,0,0,1.0,1,1.0,1,1.0,1,0.2627074467184766,50
4540,1,7227,3636,3591,0,0,0,1.0,1,1.0,1,1.0,1,0.23939267846334789,49
4541,3,7230,3639,3591,0,0,0,1.0,1,1.0,1,1.0,1,0.2527497111583078,49
4542,3,7233,3642,3591,0,0,0,1.0,1,1.0,1,1.0,1,0.3134674883906297,47
4543,2,7235,3642,3593,0,0,0,1.0,1,1.0,1,1.0,1,0.28474242552739276,45
4544,2,7237,3643,3594,0,0,0,1.0,1,1.0,1,1.0,1,0.27753118594663556,45
4545,3,7240,3645,3595,0,0,0,1.0,1,1.0,1,1.0,1,0.3016081097249898,43
4546,1,7241,3645,3596,0,0,0,1.0,1,1.0,1,1.0,1,0.28824910827897826,43
4547,1,7242,3646,3596,0,0,0,1.0,1,1.0,1,1.0,1,0.3081998468641582,41
4548,3,7245,3648,3597,0,0,0,1.0,1,1.0,1,1.0,1,0.33935924729545736,42
4549,2,7247,3648,3599,0,0,0,1.0,1,1.0,1,1.0,1,0.2770765564426821,41
4550,2,7249,3650,3599,0,0,0,1.0,1,1.0,1,1.0,1,0.3063172664772132,41
4551,0,7249,3650,3599,0,0,0,1.0,1,1.0,1,1.0,1,0.30248079387534305,39
4552,1,7250,3651,3599,0,0,0,1.0,1,1.0,1,1.0,1,0.3017126072126633,38
4553,2,7252,3652,3600,0,0,0,1.0,1,1.0,1,1.0,1,0.31476533152775804,39
4554,1,7253,3653,3600,0,0,0,1.0,1,1.0,1,1.0,1,0.3432063575877655,38
4555,3,7256,3654,3602,0,0,0,1.0,1,1.0,1,1.0,1,0.33074879944869456,37
4556,1,7257,3654,3603,0,0,0,1.0,1,1.0,1,1.0,1,0.3052446796075958,36
4557,3,7260,3654,3606,0,0,0,1.0,1,1.0,1,1.0,1,0.2804561543567503,38
4558,1,7261,3655,3606,0,0,0,1.0,1,1.0,1,1.0,1,0.30462462956139835,39
4559,3,7264,3656,3608,0,0,0,1.0,1,1.0,1,1.0,1,0.2584849766111841,38
4560,0,7264,3656,3608,0,0,0,1.0,1,1.0,1,1.0,1,0.2759953882229386,41
4561,0,7264,3656,3608,0,0,0,1.0,1,1.0,1,1.0,1,0.2759953882229386,41
4562,0,7264,3656,3608,0,0,0,1.0,1,1.0,1,1.0,1,0.2852142447649848,43
4563,0,7264,3656,3608,0,0,0,1.0,1,1.0,1,1.0,1,0.30448949931914127,42
4564,1,7265,3656,3609,0,0,0,1.0,1,1.0,1,1.0,1,0.2866061711481701,43
4565,1,7266,3656,3610,0,0,0,1.0,1,1.0,1,1.0,1,0.2811564430626168,44
4566,3,7269,3657,3612,0,0,0,1.0,1,1.0,1,1.0,1,0.2443407691755557,45
4567,3,7272,3659,3613,0,0,0,1.0,1,1.0,1,1.0,1,0.2194341868547217,47
4568,2,7274,3660,3614,0,0,0,1.0,1,1.0,1,1.0,1,0.19860749556273904,47
4569,3,7277,3662,3615,0,0,0,1.0,1,1.0,1,1.0,1,0.1879750677692506,49
4570,1,7278,3663,3615,0,0,0,1.0,1,1.0,1,1.0,1,0.1948054043121426,49
4571,1,7279,3664,3615,0,0,0,1.0,1,1.0,1,1.0,1,0.19982458831485778,48
4572,0,7279,3664,3615,0,0,0,1.0,1,1.0,1,1.0,1,0.19982458831485778,48
4573,0,7279,3664,3615,0,0,0,1.0,1,1.0,1,1.0,1,0.19982458831485778,48
4574,0,7279,3664,3615,0,0,0,1.0,1,1.0,1,1.0,1,0.20198064612920782,50
4575,4,7283,3666,3617,0,0,0,1.0,1,1.0,1,1.0,1,0.24862308653031928,51
4576,0,7283,3666,3617,0,0,0,1.0,1,1.0,1,1.0,1,0.22717790424461748,48
4577,0,7283,3666,3617,0,0,0,1.0,1,1.0,1,1.0,1,0.2272425162722088,47
4578,2,7285,3667,3618,0,0,0,1.0,1,1.0,1,1.0,1,0.2410224184511098,46
4579,2,7287,3667,3620,0,0,0,1.0,1,1.0,1,1.0,1,0.24393643204718102,46
4580,0,7287,3667,3620,0,0,0,1.0,1,1.0,1,1.0,1,0.2357524355026755,47
4581,1,7288,3668,3620,0,0,0,1.0,1,1.0,1,1.0,1,0.2642979318238924,47
4582,1,7289,3668,3621,0,0,0,1.0,1,1.0,1,1.0,1,0.27588470073207294,48
4583,0,7289,3668,3621,0,0,0,1.0,1,1.0,1,1.0,1,0.27588470073207294,48
4584,0,7289,3668,3621,0,0,0,1.0,1,1.0,1,1.0,1,0.2785873436259136,50
4585,1,7290,3669,3621,0,0,0,1.0,1,1.0,1,1.0,1,0.29429576076433916,50
4586,2,7292,3669,3623,0,0,0,1.0,1,1.0,1,1.0,1,0.27078695043541035,50
4587,0,7292,3669,3623,0,0,0,1.0,1,1.0,1,1.0,1,0.27078695043541035,50
4588,0,7292,3669,3623,0,0,0,1.0,1,1.0,1,1.0,1,0.27078695043541035,50
4589,1,7293,3669,3624,0,0,0,1.0,1,1.0,1,1.0,1,0.2600907175836451,52
4590,0,7293,3669,3624,0,0,0,1.0,1,1.0,1,1.0,1,0.2600907175836451,52
4591,0,7293,3669,3624,0,0,0,1.0,1,1.0,1,1.0,1,0.27100487529898665,53
4592,0,7293,3669,3624,0,0,0,1.0,1,1.0,1,1.0,1,0.2814018656924744,54
4593,2,7295,3670,3625,0,0,0,1.0,1,1.0,1,1.0,1,0.27458376144288094,56
4594,0,7295,3670,3625,0,0,0,1.0,1,1.0,1,1.0,1,0.28579908760538403,57
4595,3,7298,3672,3626,0,0,0,1.0,1,1.0,1,1.0,1,0.27514199764901337,56
4596,0,7298,3672,3626,0,0,0,1.0,1,1.0,1,1.0,1,0.27514199764901337,56
4597,2,7300,3674,3626,0,0,0,1.0,1,1.0,1,1.0,1,0.283525602646554,56
4598,7,7307,3676,3631,0,0,0,1.0,1,1.0,1,1.0,1,0.25833189750483054,57
4599,5,7312,3676,3636,0,0,0,1.0,1,1.0,1,1.0,1,0.19725742055904433,59
4600,3,7315,3676,3639,0,0,0,1.0,1,1.0,1,1.0,1,0.17692130406242607,60
4601,1,7316,3677,3639,0,0,0,1.0,1,1.0,1,1.0,1,0.1908354322163294,60
4602,0,7316,3677,3639,0,0,0,1.0,1,1.0,1,1.0,1,0.17850846853189992,62
4603,0,7316,3677,3639,0,0,0,1.0,1,1.0,1,1.0,1,0.17850846853189992,62
4604,0,7316,3677,3639,0,0,0,1.0,1,1.0,1,1.0,1,0.17148167248296492,63
4605,0,7316,3677,3639,0,0,0,1.0,1,1.0,1,1.0,1,0.17148167248296492,63
4606,0,7316,3677,3639,0,0,0,1.0,1,1.0,1,1.0,1,0.17864452776551673,64
4607,1,7317,3678,3639,0,0,0,1.0,1,1.0,1,1.0,1,0.19543536993434182,65
4608,3,7320,3679,3641,0,0,0,1.0,1,1.0,1,1.0,1,0.21703195411057444,66
4609,3,7323,3679,3644,0,0,0,1.0,1,1.0,1,1.0,1,0.16279698168827972,65
4610,0,7323,3679,3644,0,0,0,1.0,1,1.0,1,1.0,1,0.17296659104016035,63
4611,1,7324,3679,3645,0,0,0,1.0,1,1.0,1,1.0,1,0.16075416414220367,64
4612,0,7324,3679,3645,0,0,0,1.0,1,1.0,1,1.0,1,0.1719886179955103,62
4613,1,7325,3680,3645,0,0,0,1.0,1,1.0,1,1.0,1,0.18502294888712484,63
4614,2,7327,3682,3645,0,0,0,1.0,1,1.0,1,1.0,1,0.22189655675316072,61
4615,1,7328,3683,3645,0,0,0,1.0,1,1.0,1,1.0,1,0.2625612794916269,59
4616,2,7330,3685,3645,0,0,0,1.0,1,1.0,1,1.0,1,0.2843332968902857,58
4617,3,7333,3685,3648,0,0,0,1.0,1,1.0,1,1.0,1,0.25866056941794024,58
4618,0,7333,3685,3648,0,0,0,1.0,1,1.0,1,1.0,1,0.2707959757822257,57
4619,2,7335,3686,3649,0,0,0,1.0,1,1.0,1,1.0,1,0.2591943756660771,57
4620,1,7336,3686,3650,0,0,0,1.0,1,1.0,1,1.0,1,0.24107922695978826,57
4621,3,7339,3688,3651,0,0,0,1.0,1,1.0,1,1.0,1,0.2513248019304022,59
4622,3,7342,3690,3652,0,0,0,1.0,1,1.0,1,1.0,1,0.2596272568440511,60
4623,4,7346,3691,3655,0,0,0,1.0,1,1.0,1,1.0,1,0.2380541887514882,59
4624,4,7350,3693,3657,0,0,0,1.0,1,1.0,1,1.0,1,0.22605240407727029,59
4625,1,7351,3694,3657,0,0,0,1.0,1,1.0,1,1.0,1,0.24000112966742887,57
4626,1,7352,3695,3657,0,0,0,1.0,1,1.0,1,1.0,1,0.23755196453818822,56
4627,2,7354,3695,3659,0,0,0,1.0,1,1.0,1,1.0,1,0.22203251599205592,56
4628,0,7354,3695,3659,0,0,0,1.0,1,1.0,1,1.0,1,0.23763186710484904,56
4629,3,7357,3696,3661,0,0,0,1.0,1,1.0,1,1.0,1,0.25506487695373875,56
4630,2,7359,3697,3662,0,0,0,1.0,1,1.0,1,1.0,1,0.2502177920315249,57
4631,3,7362,3697,3665,0,0,0,1.0,1,1.0,1,1.0,1,0.2569723439769011,56
4632,1,7363,3698,3665,0,0,0,1.0,1,1.0,1,1.0,1,0.29607452528269007,57
4633,0,7363,3698,3665,0,0,0,1.0,1,1.0,1,1.0,1,0.2945353508231634,58
4634,1,7364,3698,3666,0,0,0,1.0,1,1.0,1,1.0,1,0.2859428517230185,58
4635,1,7365,3698,3667,0,0,0,1.0,1,1.0,1,1.0,1,0.26569217519589694,59
4636,0,7365,3698,3667,0,0,0,1.0,1,1.0,1,1.0,1,0.25239622094795044,60
4637,1,7366,3698,3668,0,0,0,1.0,1,1.0,1,1.0,1,0.23886526981825743,60
4638,0,7366,3698,3668,0,0,0,1.0,1,1.0,1,1.0,1,0.24966424140858667,61
4639,2,7368,3698,3670,0,0,0,1.0,1,1.0,1,1.0,1,0.23221338387011967,62
4640,2,7370,3698,3672,0,0,0,1.0,1,1.0,1,1.0,1,0.20803051953171844,63
4641,1,7371,3699,3672,0,0,0,1.0,1,1.0,1,1.0,1,0.21279536883386743,63
4642,0,7371,3699,3672,0,0,0,1.0,1,1.0,1,1.0,1,0.22262909090893546,62
4643,2,7373,3701,3672,0,0,0,1.0,1,1.0,1,1.0,1,0.24490988572518593,63
4644,1,7374,3701,3673,0,0,0,1.0,1,1.0,1,1.0,1,0.24799639209987284,62
4645,1,7375,3702,3673,0,0,0,1.0,1,1.0,1,1.0,1,0.267888801714937,63
4646,1,7376,3703,3673,0,0,0,1.0,1,1.0,1,1.0,1,0.2977538143968419,63
4647,4,7380,3704,3676,0,0,0,1.0,1,1.0,1,1.0,1,0.27591657533464065,62
4648,3,7383,3706,3677,0,0,0,1.0,1,1.0,1,1.0,1,0.311601533322918,63
4649,1,7384,3706,3678,0,0,0,1.0,1,1.0,1,1.0,1,0.2920201330067791,61
4650,3,7387,3707,3680,0,0,0,1.0,1,1.0,1,1.0,1,0.2560601087204219,63
4651,3,7390,3708,3682,0,0,0,1.0,1,1.0,1,1.0,1,0.23371842873105525,62
4652,1,7391,3708,3683,0,0,0,1.0,1,1.0,1,1.0,1,0.21610277406059528,59
4653,1,7392,3708,3684,0,0,0,1.0,1,1.0,1,1.0,1,0.22155853513297077,60
4654,1,7393,3709,3684,0,0,0,1.0,1,1.0,1,1.0,1,0.2181002205421365,60
4655,0,7393,3709,3684,0,0,0,1.0,1,1.0,1,1.0,1,0.2181002205421365,60
4656,2,7395,3711,3684,0,0,0,1.0,1,1.0,1,1.0,1,0.23943960983162726,61
4657,0,7395,3711,3684,0,0,0,1.0,1,1.0,1,1.0,1,0.2354228180246605,62
4658,1,7396,3712,3684,0,0,0,1.0,1,1.0,1,1.0,1,0.26916179803246215,62
4659,1,7397,3712,3685,0,0,0,1.0,1,1.0,1,1.0,1,0.27265173318948327,61
4660,1,7398,3713,3685,0,0,0,1.0,1,1.0,1,1.0,1,0.3049169070778886,61
4661,0,7398,3713,3685,0,0,0,1.0,1,1.0,1,1.0,1,0.33169598126552724,61
4662,2,7400,3714,3686,0,0,0,1.0,1,1.0,1,1.0,1,0.3063507700842286,62
4663,2,7402,3714,3688,0,0,0,1.0,1,1.0,1,1.0,1,0.2661863931670017,61
4664,2,7404,3715,3689,0,0,0,1.0,1,1.0,1,1.0,1,0.2673441795862274,62
4665,3,7407,3717,3690,0,0,0,1.0,1,1.0,1,1.0,1,0.26172713013385407,61
4666,6,7413,3720,3693,0,0,0,1.0,1,1.0,1,1.0,1,0.25808673611638183,61
4667,3,7416,3720,3696,0,0,0,1.0,1,1.0,1,1.0,1,0.22924485122341284,59
4668,5,7421,3724,3697,0,0,0,1.0,1,1.0,1,1.0,1,0.2518025011609211,59
4669,6,7427,3726,3701,0,0,0,1.0,1,1.0,1,1.0,1,0.20518825933265547,58
4670,0,7427,3726,3701,0,0,0,1.0,1,1.0,1,1.0,1,0.2188258318218659,57
4671,0,7427,3726,3701,0,0,0,1.0,1,1.0,1,1.0,1,0.22430301609324005,55
4672,1,7428,3727,3701,0,0,0,1.0,1,1.0,1,1.0,1,0.256457031309902,56
4673,1,7429,3727,3702,0,0,0,1.0,1,1.0,1,1.0,1,0.22593809499671336,58
4674,4,7433,3730,3703,0,0,0,1.0,1,1.0,1,1.0,1,0.23070689957653015,58
4675,1,7434,3730,3704,0,0,0,1.0,1,1.0,1,1.0,1,0.25771409495515424,57
4676,4,7438,3731,3707,0,0,0,1.0,1,1.0,1,1.0,1,0.24278560890364312,58
4677,1,7439,3731,3708,0,0,0,1.0,1,1.0,1,1.0,1,0.2537325210446804,57
4678,3,7442,3732,3710,0,0,0,1.0,1,1.0,1,1.0,1,0.25186532541058415,57
4679,3,7445,3732,3713,0,0,0,1.0,1,1.0,1,1.0,1,0.21369230203854064,57
4680,1,7446,3732,3714,0,0,0,1.0,1,1.0,1,1.0,1,0.21024798967790131,59
4681,3,7449,3734,3715,0,0,0,1.0,1,1.0,1,1.0,1,0.23286238763220626,60
4682,3,7452,3735,3717,0,0,0,1.0,1,1.0,1,1.0,1,0.21639025222398392,60
4683,1,7453,3736,3717,0,0,0,1.0,1,1.0,1,1.0,1,0.23056186055590924,60
4684,1,7454,3737,3717,0,0,0,1.0,1,1.0,1,1.0,1,0.25518832374536043,60
4685,0,7454,3737,3717,0,0,0,1.0,1,1.0,1,1.0,1,0.269241998302168,59
4686,1,7455,3738,3717,0,0,0,1.0,1,1.0,1,1.0,1,0.286004431972198,60
4687,0,7455,3738,3717,0,0,0,1.0,1,1.0,1,1.0,1,0.2737852666684631,59
4688,1,7456,3738,3718,0,0,0,1.0,1,1.0,1,1.0,1,0.26764603910174006,59
4689,3,7459,3740,3719,0,0,0,1.0,1,1.0,1,1.0,1,0.3157956007544949,59
4690,4,7463,3741,3722,0,0,0,1.0,1,1.0,1,1.0,1,0.2924719863907861,58
4691,2,7465,3742,3723,0,0,0,1.0,1,1.0,1,1.0,1,0.2972918936583681,57
4692,2,7467,3742,3725,0,0,0,1.0,1,1.0,1,1.0,1,0.3005538433372152,58
4693,2,7469,3742,3727,0,0,0,1.0,1,1.0,1,1.0,1,0.2661219207265506,57
4694,1,7470,3742,3728,0,0,0,1.0,1,1.0,1,1.0,1,0.24874949298591464,57
4695,1,7471,3742,3729,0,0,0,1.0,1,1.0,1,1.0,1,0.25058319807798096,56
4696,0,7471,3742,3729,0,0,0,1.0,1,1.0,1,1.0,1,0.25745898735069056,57
4697,1,7472,3742,3730,0,0,0,1.0,1,1.0,1,1.0,1,0.23890302135867547,58
4698,2,7474,3743,3731,0,0,0,1.0,1,1.0,1,1.0,1,0.24240408030146945,59
4699,1,7475,3743,3732,0,0,0,1.0,1,1.0,1,1.0,1,0.2461415113703747,58
4700,0,7475,3743,3732,0,0,0,1.0,1,1.0,1,1.0,1,0.2274345461780325,59
4701,1,7476,3743,3733,0,0,0,1.0,1,1.0,1,1.0,1,0.23503670205174645,60
4702,0,7476,3743,3733,0,0,0,1.0,1,1.0,1,1.0,1,0.24346839845839152,61
4703,3,7479,3745,3734,0,0,0,1.0,1,1.0,1,1.0,1,0.2711709241108209,59
4704,3,7482,3747,3735,0,0,0,1.0,1,1.0,1,1.0,1,0.27980991825327284,58
4705,6,7488,3750,3738,0,0,0,1.0,1,1.0,1,1.0,1,0.2723096507443571,58
4706,4,7492,3751,3741,0,0,0,1.0,1,1.0,1,1.0,1,0.2670246366876341,60
4707,3,7495,3752,3743,0,0,0,1.0,1,1.0,1,1.0,1,0.2489269976052259,57
4708,3,7498,3754,3744,0,0,0,1.0,1,1.0,1,1.0,1,0.25445685728888107,57
4709,4,7502,3756,3746,0,0,0,1.0,1,1.0,1,1.0,1,0.23350095330408155,55
4710,1,7503,3757,3746,0,0,0,1.0,1,1.0,1,1.0,1,0.25310780990138704,53
4711,1,7504,3758,3746,0,0,0,1.0,1,1.0,1,1.0,1,0.2592929691635796,52
4712,2,7506,3760,3746,0,0,0,1.0,1,1.0,1,1.0,1,0.2828949061641096,52
4713,1,7507,3761,3746,0,0,0,1.0,1,1.0,1,1.0,1,0.28857758392496796,51
4714,2,7509,3761,3748,0,0,0,1.0,1,1.0,1,1.0,1,0.26535319081700887,50
4715,1,7510,3762,3748,0,0,0,1.0,1,1.0,1,1.0,1,0.2772617007148139,50
4716,0,7510,3762,3748,0,0,0,1.0,1,1.0,1,1.0,1,0.2794696715681849,49
4717,3,7513,3764,3749,0,0,0,1.0,1,1.0,1,1.0,1,0.29474854318416654,49
4718,5,7518,3765,3753,0,0,0,1.0,1,1.0,1,1.0,1,0.2865452619076983,50
4719,2,7520,3765,3755,0,0,0,1.0,1,1.0,1,1.0,1,0.27750244632182836,49
4720,3,7523,3765,3758,0,0,0,1.0,1,1.0,1,1.0,1,0.24281007366240182,49
4721,4,7527,3765,3762,0,0,0,1.0,1,1.0,1,1.0,1,0.20216834893739338,50
4722,0,7527,3765,3762,0,0,0,1.0,1,1.0,1,1.0,1,0.21785332112087735,51
4723,0,7527,3765,3762,0,0,0,1.0,1,1.0,1,1.0,1,0.21245561109222688,50
4724,0,7527,3765,3762,0,0,0,1.0,1,1.0,1,1.0,1,0.21685973762450717,50
4725,2,7529,3767,3762,0,0,0,1.0,1,1.0,1,1.0,1,0.24538284046592895,52
4726,0,7529,3767,3762,0,0,0,1.0,1,1.0,1,1.0,1,0.26446992727062363,51
4727,0,7529,3767,3762,0,0,0,1.0,1,1.0,1,1.0,1,0.27153173259909075,52
4728,2,7531,3768,3763,0,0,0,1.0,1,1.0,1,1.0,1,0.2788231101224126,52
4729,0,7531,3768,3763,0,0,0,1.0,1,1.0,1,1.0,1,0.2788231101224126,52
4730,2,7533,3769,3764,0,0,0,1.0,1,1.0,1,1.0,1,0.3257989193669664,50
4731,2,7535,3771,3764,0,0,0,1.0,1,1.0,1,1.0,1,0.3115271974704198,51
4732,3,7538,3772,3766,0,0,0,1.0,1,1.0,1,1.0,1,0.31627551313166263,52
4733,2,7540,3773,3767,0,0,0,1.0,1,1.0,1,1.0,1,0.31083925017801745,53
4734,2,7542,3774,3768,0,0,0,1.0,1,1.0,1,1.0,1,0.3117981709388457,53
4735,1,7543,3775,3768,0,0,0,1.0,1,1.0,1,1.0,1,0.32409384991908047,53
4736,1,7544,3775,3769,0,0,0,1.0,1,1.0,1,1.0,1,0.31651213921323823,55
4737,1,7545,3775,3770,0,0,0,1.0,1,1.0,1,1.0,1,0.31864137922002816,57
4738,2,7547,3776,3771,0,0,0,1.0,1,1.0,1,1.0,1,0.3117675422862467,57
4739,1,7548,3776,3772,0,0,0,1.0,1,1.0,1,1.0,1,0.3001482020285855,57
4740,0,7548,3776,3772,0,0,0,1.0,1,1.0,1,1.0,1,0.3001482020285855,57
4741,0,7548,3776,3772,0,0,0,1.0,1,1.0,1,1.0,1,0.3073950464817901,58
4742,3,7551,3777,3774,0,0,0,1.0,1,1.0,1,1.0,1,0.29188115139088966,58
4743,1,7552,3777,3775,0,0,0,1.0,1,1.0,1,1.0,1,0.26600564922688225,56
4744,4,7556,3780,3776,0,0,0,1.0,1,1.0,1,1.0,1,0.27710524437018663,57
4745,3,7559,3781,3778,0,0,0,1.0,1,1.0,1,1.0,1,0.25429533378704666,56
4746,6,7565,3783,3782,0,0,0,1.0,1,1.0,1,1.0,1,0.25575729290039656,56
4747,3,7568,3784,3784,0,0,0,1.0,1,1.0,1,1.0,1,0.2340768846706572,55
4748,3,7571,3786,3785,0,0,0,1.0,1,1.0,1,1.0,1,0.2697228465163832,55
4749,3,7574,3787,3787,0,0,0,1.0,1,1.0,1,1.0,1,0.2570166063487205,54
4750,4,7578,3788,3790,0,0,0,1.0,1,1.0,1,1.0,1,0.22599790718568977,53
4751,4,7582,3789,3793,0,0,0,1.0,1,1.0,1,1.0,1,0.24166728648509772,53
4752,2,7584,3789,3795,0,0,0,1.0,1,1.0,1,1.0,1,0.19824396734151498,53
4753,1,7585,3790,3795,0,0,0,1.0,1,1.0,1,1.0,1,0.21973871223513997,52
4754,4,7589,3792,3797,0,0,0,1.0,1,1.0,1,1.0,1,0.22377159092786547,52
4755,1,7590,3792,3798,0,0,0,1.0,1,1.0,1,1.0,1,0.1982570524967051,51
4756,2,7592,3793,3799,0,0,0,1.0,1,1.0,1,1.0,1,0.19196505485045687,52
4757,0,7592,3793,3799,0,0,0,1.0,1,1.0,1,1.0,1,0.19154371642056384,51
4758,0,7592,3793,3799,0,0,0,1.0,1,1.0,1,1.0,1,0.19154371642056384,51
4759,1,7593,3794,3799,0,0,0,1.0,1,1.0,1,1.0,1,0.1972991111475824,51
4760,3,7596,3794,3802,0,0,0,1.0,1,1.0,1,1.0,1,0.1429150862523929,52
4761,2,7598,3796,3802,0,0,0,1.0,1,1.0,1,1.0,1,0.19982570949543915,50
4762,5,7603,3798,3805,0,0,0,1.0,1,1.0,1,1.0,1,0.1607492030603476,51
4763,0,7603,3798,3805,0,0,0,1.0,1,1.0,1,1.0,1,0.1607492030603476,51
4764,2,7605,3800,3805,0,0,0,1.0,1,1.0,1,1.0,1,0.16135070151078992,53
4765,1,7606,3801,3805,0,0,0,1.0,1,1.0,1,1.0,1,0.19005361298281503,53
4766,2,7608,3803,3805,0,0,0,1.0,1,1.0,1,1.0,1,0.21201414819029887,55
4767,2,7610,3804,3806,0,0,0,1.0,1,1.0,1,1.0,1,0.1984656432202115,56
4768,0,7610,3804,3806,0,0,0,1.0,1,1.0,1,1.0,1,0.1994445835722455,56
4769,1,7611,3804,3807,0,0,0,1.0,1,1.0,1,1.0,1,0.18247144663944467,56
4770,0,7611,3804,3807,0,0,0,1.0,1,1.0,1,1.0,1,0.18247144663944467,56
4771,0,7611,3804,3807,0,0,0,1.0,1,1.0,1,1.0,1,0.18484230108553593,55
4772,3,7614,3806,3808,0,0,0,1.0,1,1.0,1,1.0,1,0.19209623127940456,56
4773,1,7615,3806,3809,0,0,0,1.0,1,1.0,1,1.0,1,0.17463060090109817,56
4774,2,7617,3806,3811,0,0,0,1.0,1,1.0,1,1.0,1,0.12779337307342228,58
4775,0,7617,3806,3811,0,0,0,1.0,1,1.0,1,1.0,1,0.13354987371374452,59
4776,0,7617,3806,3811,0,0,0,1.0,1,1.0,1,1.0,1,0.13354987371374452,59
4777,1,7618,3807,3811,0,0,0,1.0,1,1.0,1,1.0,1,0.15278016598188104,60
4778,1,7619,3808,3811,0,0,0,1.0,1,1.0,1,1.0,1,0.15629989180204087,60
4779,2,7621,3808,3813,0,0,0,1.0,1,1.0,1,1.0,1,0.1407040127785137,61
4780,3,7624,3808,3816,0,0,0,1.0,1,1.0,1,1.0,1,0.13497681242822196,63
4781,1,7625,3808,3817,0,0,0,1.0,1,1.0,1,1.0,1,0.12680018947720384,62
4782,2,7627,3810,3817,0,0,0,1.0,1,1.0,1,1.0,1,0.17157866998553262,63
4783,2,7629,3811,3818,0,0,0,1.0,1,1.0,1,1.0,1,0.15292364877228481,62
4784,6,7635,3815,3820,0,0,0,1.0,1,1.0,1,1.0,1,0.2050424970667231,62
4785,4,7639,3818,3821,0,0,0,1.0,1,1.0,1,1.0,1,0.16433146308477087,62
4786,2,7641,3819,3822,0,0,0,1.0,1,1.0,1,1.0,1,0.18377456654274252,63
4787,3,7644,3820,3824,0,0,0,1.0,1,1.0,1,1.0,1,0.14097585410412214,62
4788,7,7651,3826,3825,0,0,0,1.0,1,1.0,1,1.0,1,0.15916662681691177,62
4789,6,7657,3829,3828,0,0,0,1.0,1,1.0,1,1.0,1,0.16682598864367756,60
4790,5,7662,3832,3830,0,0,0,1.0,1,1.0,1,1.0,1,0.1614153517499411,61
4791,3,7665,3833,3832,0,0,0,1.0,1,1.0,1,1.0,1,0.13663224983846242,60
4792,3,7668,3836,3832,0,0,0,1.0,1,1.0,1,1.0,1,0.15491282080479518,60
4793,5,7673,3839,3834,0,0,0,1.0,1,1.0,1,1.0,1,0.13713010487013663,61
4794,2,7675,3841,3834,0,0,0,1.0,1,1.0,1,1.0,1,0.14725364291389675,59
4795,2,7677,3842,3835,0,0,0,1.0,1,1.0,1,1.0,1,0.16812648361183907,61
4796,3,7680,3843,3837,0,0,0,1.0,1,1.0,1,1.0,1,0.13027767288422884,59
4797,0,7680,3843,3837,0,0,0,1.0,1,1.0,1,1.0,1,0.11318189807745957,58
4798,0,7680,3843,3837,0,0,0,1.0,1,1.0,1,1.0,1,0.10984864687680397,59
4799,0,7680,3843,3837,0,0,0,1.0,1,1.0,1,1.0,1,0.12023007630106729,57
4800,0,7680,3843,3837,0,0,0,1.0,1,1.0,1,1.0,1,0.13266761913328515,58
4801,4,7684,3845,3839,0,0,0,1.0,1,1.0,1,1.0,1,0.10072491928865036,57
4802,1,7685,3846,3839,0,0,0,1.0,1,1.0,1,1.0,1,0.11831038860358839,57
4803,1,7686,3847,3839,0,0,0,1.0,1,1.0,1,1.0,1,0.13431078067628427,56
4804,0,7686,3847,3839,0,0,0,1.0,1,1.0,1,1.0,1,0.16097511244117085,54
4805,1,7687,3847,3840,0,0,0,1.0,1,1.0,1,1.0,1,0.14718353176654875,56
4806,0,7687,3847,3840,0,0,0,1.0,1,1.0,1,1.0,1,0.13634140172857576,55
4807,0,7687,3847,3840,0,0,0,1.0,1,1.0,1,1.0,1,0.1248247862759543,54
4808,1,7688,3847,3841,0,0,0,1.0,1,1.0,1,1.0,1,0.1424539995639085,53
4809,2,7690,3849,3841,0,0,0,1.0,1,1.0,1,1.0,1,0.17200773855186963,53
4810,2,7692,3850,3842,0,0,0,1.0,1,1.0,1,1.0,1,0.1735543722653479,51
4811,1,7693,3851,3842,0,0,0,1.0,1,1.0,1,1.0,1,0.178035764103777,52
4812,0,7693,3851,3842,0,0,0,1.0,1,1.0,1,1.0,1,0.1726720665402082,52
4813,1,7694,3851,3843,0,0,0,1.0,1,1.0,1,1.0,1,0.16100152087168518,52
4814,4,7698,3855,3843,0,0,0,1.0,1,1.0,1,1.0,1,0.18304264001906212,53
4815,4,7702,3858,3844,0,0,0,1.0,1,1.0,1,1.0,1,0.16596909960871403,54
4816,1,7703,3859,3844,0,0,0,1.0,1,1.0,1,1.0,1,0.16663780200119585,54
4817,6,7709,3863,3846,0,0,0,1.0,1,1.0,1,1.0,1,0.25536438016198376,55
4818,9,7718,3867,3851,0,0,0,1.0,1,1.0,1,1.0,1,0.17398665425521576,55
4819,4,7722,3868,3854,0,0,0,1.0,1,1.0,1,1.0,1,0.1656924098898753,55
4820,2,7724,3869,3855,0,0,0,1.0,1,1.0,1,1.0,1,0.18897069950315087,55
4821,2,7726,3871,3855,0,0,0,1.0,1,1.0,1,1.0,1,0.17241733330488426,55
4822,1,7727,3872,3855,0,0,0,1.0,1,1.0,1,1.0,1,0.19179627133822025,54
4823,3,7730,3873,3857,0,0,0,1.0,1,1.0,1,1.0,1,0.14195313069509355,54
4824,0,7730,3873,3857,0,0,0,1.0,1,1.0,1,1.0,1,0.11210960205675415,55
4825,2,7732,3875,3857,0,0,0,1.0,1,1.0,1,1.0,1,0.11806246676013163,53
4826,2,7734,3877,3857,0,0,0,1.0,1,1.0,1,1.0,1,0.1356533174746219,54
4827,0,7734,3877,3857,0,0,0,1.0,1,1.0,1,1.0,1,0.12841981513590775,53
4828,0,7734,3877,3857,0,0,0,1.0,1,1.0,1,1.0,1,0.13011254657216995,54
4829,0,7734,3877,3857,0,0,0,1.0,1,1.0,1,1.0,1,0.1328043629133883,54
4830,2,7736,3878,3858,0,0,0,1.0,1,1.0,1,1.0,1,0.14585695790115866,53
4831,1,7737,3879,3858,0,0,0,1.0,1,1.0,1,1.0,1,0.1558978737771861,52
4832,1,7738,3879,3859,0,0,0,1.0,1,1.0,1,1.0,1,0.150131033275958,50
4833,0,7738,3879,3859,0,0,0,1.0,1,1.0,1,1.0,1,0.1641682200718832,51
4834,2,7740,3880,3860,0,0,0,1.0,1,1.0,1,1.0,1,0.19211979092413173,51
4835,2,7742,3880,3862,0,0,0,1.0,1,1.0,1,1.0,1,0.16481709337621192,50
4836,2,7744,3881,3863,0,0,0,1.0,1,1.0,1,1.0,1,0.20954606014500707,50
4837,2,7746,3882,3864,0,0,0,1.0,1,1.0,1,1.0,1,0.17022114104862726,46
4838,0,7746,3882,3864,0,0,0,1.0,1,1.0,1,1.0,1,0.15984779265814453,47
4839,1,7747,3883,3864,0,0,0,1.0,1,1.0,1,1.0,1,0.1969072635163914,45
4840,1,7748,3884,3864,0,0,0,1.0,1,1.0,1,1.0,1,0.2146380743257674,45
4841,3,7751,3886,3865,0,0,0,1.0,1,1.0,1,1.0,1,0.2333567289191928,43
4842,0,7751,3886,3865,0,0,0,1.0,1,1.0,1,1.0,1,0.21711085560462923,43
4843,2,7753,3887,3866,0,0,0,1.0,1,1.0,1,1.0,1,0.21208066426773067,44
4844,3,7756,3888,3868,0,0,0,1.0,1,1.0,1,1.0,1,0.25083119599093784,43
4845,6,7762,3891,3871,0,0,0,1.0,1,1.0,1,1.0,1,0.2993052482961581,44
4846,1,7763,3891,3872,0,0,0,1.0,1,1.0,1,1.0,1,0.25938111132517055,43
4847,3,7766,3893,3873,0,0,0,1.0,1,1.0,1,1.0,1,0.2902868168222929,42
4848,2,7768,3894,3874,0,0,0,1.0,1,1.0,1,1.0,1,0.29018332709813016,41
4849,1,7769,3895,3874,0,0,0,1.0,1,1.0,1,1.0,1,0.27855982547468194,41
4850,2,7771,3895,3876,0,0,0,1.0,1,1.0,1,1.0,1,0.2706675096669355,41
4851,0,7771,3895,3876,0,0,0,1.0,1,1.0,1,1.0,1,0.2706675096669355,41
4852,1,7772,3895,3877,0,0,0,1.0,1,1.0,1,1.0,1,0.2583216511846829,43
4853,1,7773,3896,3877,0,0,0,1.0,1,1.0,1,1.0,1,0.2764800277023658,44
4854,1,7774,3897,3877,0,0,0,1.0,1,1.0,1,1.0,1,0.3045675613381641,45
4855,1,7775,3898,3877,0,0,0,1.0,1,1.0,1,1.0,1,0.28829250555441965,44
4856,0,7775,3898,3877,0,0,0,1.0,1,1.0,1,1.0,1,0.28829250555441965,44
4857,1,7776,3898,3878,0,0,0,1.0,1,1.0,1,1.0,1,0.27594513005857024,44
4858,0,7776,3898,3878,0,0,0,1.0,1,1.0,1,1.0,1,0.28812014281909587,45
4859,0,7776,3898,3878,0,0,0,1.0,1,1.0,1,1.0,1,0.29904539543241965,46
4860,0,7776,3898,3878,0,0,0,1.0,1,1.0,1,1.0,1,0.29904539543241965,46
4861,1,7777,3898,3879,0,0,0,1.0,1,1.0,1,1.0,1,0.276465778095711,46
4862,1,7778,3898,3880,0,0,0,1.0,1,1.0,1,1.0,1,0.27213445503626577,47
4863,3,7781,3899,3882,0,0,0,1.0,1,1.0,1,1.0,1,0.26425349161535117,47
4864,1,7782,3899,3883,0,0,0,1.0,1,1.0,1,1.0,1,0.25950129621785295,47
4865,2,7784,3900,3884,0,0,0,1.0,1,1.0,1,1.0,1,0.23578930632734502,48
4866,1,7785,3901,3884,0,0,0,1.0,1,1.0,1,1.0,1,0.224874436959395,49
4867,3,7788,3901,3887,0,0,0,1.0,1,1.0,1,1.0,1,0.19389908387703675,50
4868,1,7789,3902,3887,0,0,0,1.0,1,1.0,1,1.0,1,0.19133421204422685,50
4869,0,7789,3902,3887,0,0,0,1.0,1,1.0,1,1.0,1,0.19133421204422685,50
4870,3,7792,3904,3888,0,0,0,1.0,1,1.0,1,1.0,1,0.19861912390888994,52
4871,2,7794,3904,3890,0,0,0,1.0,1,1.0,1,1.0,1,0.16270800957672896,52
4872,2,7796,3906,3890,0,0,0,1.0,1,1.0,1,1.0,1,0.1981175222985588,53
4873,3,7799,3907,3892,0,0,0,1.0,1,1.0,1,1.0,1,0.2001939177476416,55
4874,1,7800,3908,3892,0,0,0,1.0,1,1.0,1,1.0,1,0.21170326424944053,56
4875,4,7804,3909,3895,0,0,0,1.0,1,1.0,1,1.0,1,0.16141938078688828,55
4876,5,7809,3911,3898,0,0,0,1.0,1,1.0,1,1.0,1,0.15192728068043643,55
4877,1,7810,3912,3898,0,0,0,1.0,1,1.0,1,1.0,1,0.16259877616095111,54
4878,1,7811,3913,3898,0,0,0,1.0,1,1.0,1,1.0,1,0.19349120271526687,53
4879,3,7814,3915,3899,0,0,0,1.0,1,1.0,1,1.0,1,0.23570138175847413,54
4880,2,7816,3916,3900,0,0,0,1.0,1,1.0,1,1.0,1,0.22880821998522094,54
4881,2,7818,3916,3902,0,0,0,1.0,1,1.0,1,1.0,1,0.19273380248555574,53
4882,0,7818,3916,3902,0,0,0,1.0,1,1.0,1,1.0,1,0.22459214258226498,53
4883,1,7819,3917,3902,0,0,0,1.0,1,1.0,1,1.0,1,0.2659998881720771,53
4884,1,7820,3917,3903,0,0,0,1.0,1,1.0,1,1.0,1,0.25359628003959517,51
4885,1,7821,3918,3903,0,0,0,1.0,1,1.0,1,1.0,1,0.2787459475968526,50
4886,0,7821,3918,3903,0,0,0,1.0,1,1.0,1,1.0,1,0.29162445325148384,48
4887,1,7822,3918,3904,0,0,0,1.0,1,1.0,1,1.0,1,0.28553722479583316,48
4888,1,7823,3919,3904,0,0,0,1.0,1,1.0,1,1.0,1,0.2998905311730951,48
4889,0,7823,3919,3904,0,0,0,1.0,1,1.0,1,1.0,1,0.2998905311730951,48
4890,1,7824,3919,3905,0,0,0,1.0,1,1.0,1,1.0,1,0.28127208075922544,49
4891,0,7824,3919,3905,0,0,0,1.0,1,1.0,1,1.0,1,0.2950101947783752,50
4892,0,7824,3919,3905,0,0,0,1.0,1,1.0,1,1.0,1,0.31232189543277095,49
4893,1,7825,3919,3906,0,0,0,1.0,1,1.0,1,1.0,1,0.2994978455773869,50
4894,1,7826,3919,3907,0,0,0,1.0,1,1.0,1,1.0,1,0.2851551753396356,51
4895,2,7828,3919,3909,0,0,0,1.0,1,1.0,1,1.0,1,0.27393458422275285,52
4896,1,7829,3919,3910,0,0,0,1.0,1,1.0,1,1.0,1,0.26346741676383023,53
4897,1,7830,3919,3911,0,0,0,1.0,1,1.0,1,1.0,1,0.25812130916039083,53
4898,2,7832,3920,3912,0,0,0,1.0,1,1.0,1,1.0,1,0.23989770838056293,53
4899,3,7835,3922,3913,0,0,0,1.0,1,1.0,1,1.0,1,0.20764382622822222,55
4900,1,7836,3923,3913,0,0,0,1.0,1,1.0,1,1.0,1,0.20617919433606996,55
4901,1,7837,3924,3913,0,0,0,1.0,1,1.0,1,1.0,1,0.21914089333148812,56
4902,3,7840,3926,3914,0,0,0,1.0,1,1.0,1,1.0,1,0.23238402904770802,58
4903,4,7844,3929,3915,0,0,0,1.0,1,1.0,1,1.0,1,0.2395348170549703,58
4904,2,7846,3931,3915,0,0,0,1.0,1,1.0,1,1.0,1,0.25463427104642955,57
4905,1,7847,3931,3916,0,0,0,1.0,1,1.0,1,1.0,1,0.2489706800183074,54
4906,1,7848,3931,3917,0,0,0,1.0,1,1.0,1,1.0,1,0.2540136017385975,55
4907,1,7849,3931,3918,0,0,0,1.0,1,1.0,1,1.0,1,0.25680059807716504,52
4908,5,7854,3932,3922,0,0,0,1.0,1,1.0,1,1.0,1,0.24547933547754655,53
4909,0,7854,3932,3922,0,0,0,1.0,1,1.0,1,1.0,1,0.2458499719905662,52
4910,0,7854,3932,3922,0,0,0,1.0,1,1.0,1,1.0,1,0.2554953784231404,53
4911,2,7856,3932,3924,0,0,0,1.0,1,1.0,1,1.0,1,0.25101639337351994,55
4912,3,7859,3934,3925,0,0,0,1.0,1,1.0,1,1.0,1,0.3022185303692874,54
4913,5,7864,3934,3930,0,0,0,1.0,1,1.0,1,1.0,1,0.22523713554098773,53
4914,4,7868,3934,3934,0,0,0,1.0,1,1.0,1,1.0,1,0.22467956243234904,53
4915,1,7869,3935,3934,0,0,0,1.0,1,1.0,1,1.0,1,0.2347509918748561,54
4916,1,7870,3935,3935,0,0,0,1.0,1,1.0,1,1.0,1,0.23963122216554925,52
4917,1,7871,3936,3935,0,0,0,1.0,1,1.0,1,1.0,1,0.25428913171705825,52
4918,0,7871,3936,3935,0,0,0,1.0,1,1.0,1,1.0,1,0.253317810589801,51
4919,0,7871,3936,3935,0,0,0,1.0,1,1.0,1,1.0,1,0.26604948803181216,50
4920,0,7871,3936,3935,0,0,0,1.0,1,1.0,1,1.0,1,0.2655827645056618,51
4921,2,7873,3937,3936,0,0,0,1.0,1,1.0,1,1.0,1,0.25077570201322047,51
4922,3,7876,3938,3938,0,0,0,1.0,1,1.0,1,1.0,1,0.2661100141618842,53
4923,1,7877,3938,3939,0,0,0,1.0,1,1.0,1,1.0,1,0.25856810182662615,53
4924,2,7879,3938,3941,0,0,0,1.0,1,1.0,1,1.0,1,0.2430510411674049,55
4925,2,7881,3940,3941,0,0,0,1.0,1,1.0,1,1.0,1,0.23542253291892268,56
4926,0,7881,3940,3941,0,0,0,1.0,1,1.0,1,1.0,1,0.22319984573139579,55
4927,2,7883,3942,3941,0,0,0,1.0,1,1.0,1,1.0,1,0.22059029347353268,55
4928,2,7885,3942,3943,0,0,0,1.0,1,1.0,1,1.0,1,0.19008783361096096,55
4929,1,7886,3942,3944,0,0,0,1.0,1,1.0,1,1.0,1,0.1688840737096886,56
4930,0,7886,3942,3944,0,0,0,1.0,1,1.0,1,1.0,1,0.18544202724389275,58
4931,0,7886,3942,3944,0,0,0,1.0,1,1.0,1,1.0,1,0.185971311117878,59
4932,0,7886,3942,3944,0,0,0,1.0,1,1.0,1,1.0,1,0.2006901410152164,60
4933,0,7886,3942,3944,0,0,0,1.0,1,1.0,1,1.0,1,0.2006901410152164,60
4934,1,7887,3943,3944,0,0,0,1.0,1,1.0,1,1.0,1,0.1999413421845418,60
4935,1,7888,3943,3945,0,0,0,1.0,1,1.0,1,1.0,1,0.1856037948465917,60
4936,3,7891,3944,3947,0,0,0,1.0,1,1.0,1,1.0,1,0.19204940194258713,61
4937,1,7892,3944,3948,0,0,0,1.0,1,1.0,1,1.0,1,0.20355574107278568,62
4938,1,7893,3944,3949,0,0,0,1.0,1,1.0,1,1.0,1,0.18057810154890308,62
4939,4,7897,3947,3950,0,0,0,1.0,1,1.0,1,1.0,1,0.2014853909810825,64
4940,2,7899,3947,3952,0,0,0,1.0,1,1.0,1,1.0,1,0.18252099108261904,67
4941,1,7900,3948,3952,0,0,0,1.0,1,1.0,1,1.0,1,0.19663278244774174,66
4942,2,7902,3949,3953,0,0,0,1.0,1,1.0,1,1.0,1,0.20042984972907332,67
4943,1,7903,3949,3954,0,0,0,1.0,1,1.0,1,1.0,1,0.19632921289172622,65
4944,4,7907,3952,3955,0,0,0,1.0,1,1.0,1,1.0,1,0.19997708040629658,65
4945,3,7910,3953,3957,0,0,0,1.0,1,1.0,1,1.0,1,0.16519332782770255,62
4946,2,7912,3955,3957,0,0,0,1.0,1,1.0,1,1.0,1,0.1706953378052728,61
4947,0,7912,3955,3957,0,0,0,1.0,1,1.0,1,1.0,1,0.17797391938037738,59
4948,1,7913,3955,3958,0,0,0,1.0,1,1.0,1,1.0,1,0.16482586314535563,59
4949,0,7913,3955,3958,0,0,0,1.0,1,1.0,1,1.0,1,0.17522484496506022,57
4950,11,7924,3961,3963,0,0,0,1.0,1,1.0,1,1.0,1,0.18753282309882824,58
4951,5,7929,3965,3964,0,0,0,1.0,1,1.0,1,1.0,1,0.18060428924984837,55
4952,3,7932,3967,3965,0,0,0,1.0,1,1.0,1,1.0,1,0.2107676547362623,53
4953,7,7939,3971,3968,0,0,0,1.0,1,1.0,1,1.0,1,0.1950421044530974,54
4954,2,7941,3971,3970,0,0,0,1.0,1,1.0,1,1.0,1,0.17143311069218986,52
4955,3,7944,3972,3972,0,0,0,1.0,1,1.0,1,1.0,1,0.1423066361401996,51
4956,0,7944,3972,3972,0,0,0,1.0,1,1.0,1,1.0,1,0.1790933581908523,47
4957,1,7945,3973,3972,0,0,0,1.0,1,1.0,1,1.0,1,0.17945469542206136,48
4958,0,7945,3973,3972,0,0,0,1.0,1,1.0,1,1.0,1,0.16943306158761173,47
4959,0,7945,3973,3972,0,0,0,1.0,1,1.0,1,1.0,1,0.16943306158761173,47
4960,1,7946,3973,3973,0,0,0,1.0,1,1.0,1,1.0,1,0.16845406201847896,48
4961,3,7949,3975,3974,0,0,0,1.0,1,1.0,1,1.0,1,0.18156266543041003,49
4962,1,7950,3975,3975,0,0,0,1.0,1,1.0,1,1.0,1,0.16741077018946043,49
4963,0,7950,3975,3975,0,0,0,1.0,1,1.0,1,1.0,1,0.19161147982673618,51
4964,2,7952,3976,3976,0,0,0,1.0,1,1.0,1,1.0,1,0.1927536555501492,51
4965,3,7955,3977,3978,0,0,0,1.0,1,1.0,1,1.0,1,0.17509514297371503,51
4966,1,7956,3978,3978,0,0,0,1.0,1,1.0,1,1.0,1,0.16749585831148983,51
4967,1,7957,3978,3979,0,0,0,1.0,1,1.0,1,1.0,1,0.14035892888350868,51
4968,1,7958,3979,3979,0,0,0,1.0,1,1.0,1,1.0,1,0.1451815770388408,52
4969,0,7958,3979,3979,0,0,0,1.0,1,1.0,1,1.0,1,0.15575117878533504,53
4970,1,7959,3979,3980,0,0,0,1.0,1,1.0,1,1.0,1,0.15565876406488363,54
4971,0,7959,3979,3980,0,0,0,1.0,1,1.0,1,1.0,1,0.1605021469009444,55
4972,2,7961,3980,3981,0,0,0,1.0,1,1.0,1,1.0,1,0.2206394937390191,56
4973,4,7965,3982,3983,0,0,0,1.0,1,1.0,1,1.0,1,0.2126708855931149,57
4974,4,7969,3983,3986,0,0,0,1.0,1,1.0,1,1.0,1,0.2035082266666968,56
4975,3,7972,3983,3989,0,0,0,1.0,1,1.0,1,1.0,1,0.1544599351258492,57
4976,1,7973,3983,3990,0,0,0,1.0,1,1.0,1,1.0,1,0.1451762288599872,57
4977,1,7974,3983,3991,0,0,0,1.0,1,1.0,1,1.0,1,0.11870078107464928,57
4978,3,7977,3985,3992,0,0,0,1.0,1,1.0,1,1.0,1,0.12660024254907498,58
4979,1,7978,3986,3992,0,0,0,1.0,1,1.0,1,1.0,1,0.15591665291585957,58
4980,2,7980,3988,3992,0,0,0,1.0,1,1.0,1,1.0,1,0.17126298432853138,59
4981,2,7982,3989,3993,0,0,0,1.0,1,1.0,1,1.0,1,0.18364623532685037,60
4982,4,7986,3989,3997,0,0,0,1.0,1,1.0,1,1.0,1,0.12515847249356915,61
4983,6,7992,3992,4000,0,0,0,1.0,1,1.0,1,1.0,1,0.09678478217943381,61
4984,1,7993,3993,4000,0,0,0,1.0,1,1.0,1,1.0,1,0.10146467389352441,59
4985,0,7993,3993,4000,0,0,0,1.0,1,1.0,1,1.0,1,0.12345458212017976,58
4986,4,7997,3996,4001,0,0,0,1.0,1,1.0,1,1.0,1,0.13735632695235755,59
4987,4,8001,3998,4003,0,0,0,1.0,1,1.0,1,1.0,1,0.12260913878676655,58
4988,0,8001,3998,4003,0,0,0,1.0,1,1.0,1,1.0,1,0.11591440514830006,57
4989,3,8004,4001,4003,0,0,0,1.0,1,1.0,1,1.0,1,0.1483455971203471,54
4990,4,8008,4003,4005,0,0,0,1.0,1,1.0,1,1.0,1,0.18497801969845024,53
4991,5,8013,4007,4006,0,0,0,1.0,1,1.0,1,1.0,1,0.2292996817606994,52
4992,5,8018,4010,4008,0,0,0,1.0,1,1.0,1,1.0,1,0.2018500598138663,48
4993,2,8020,4011,4009,0,0,0,1.0,1,1.0,1,1.0,1,0.2037183829844185,48
4994,1,8021,4012,4009,0,0,0,1.0,1,1.0,1,1.0,1,0.19131891489210945,45
4995,3,8024,4015,4009,0,0,0,1.0,1,1.0,1,1.0,1,0.22089931884407576,45
4996,3,8027,4017,4010,0,0,0,1.0,1,1.0,1,1.0,1,0.21036782720752073,45
4997,0,8027,4017,4010,0,0,0,1.0,1,1.0,1,1.0,1,0.21824919325529574,42
4998,1,8028,4018,4010,0,0,0,1.0,1,1.0,1,1.0,1,0.27644171318509314,44
4999,3,8031,4020,4011,0,0,0,1.0,1,1.0,1,1.0,1,0.33737605110077273,44
5000,1,8032,4021,4011,0,0,0,1.0,1,1.0,1,1.0,1,0.3499976167324692,42
5001,2,8034,4021,4013,0,0,0,1.0,1,1.0,1,1.0,1,0.37317978548379616,42
5002,2,8036,4021,4015,0,0,0,1.0,1,1.0,1,1.0,1,0.34471882237600054,41
5003,4,8040,4021,4019,0,0,0,1.0,1,1.0,1,1.0,1,0.29469738871157236,41
5004,1,8041,4021,4020,0,0,0,1.0,1,1.0,1,1.0,1,0.2862311046343657,41
5005,0,8041,4021,4020,0,0,0,1.0,1,1.0,1,1.0,1,0.2862311046343657,41
5006,1,8042,4021,4021,0,0,0,1.0,1,1.0,1,1.0,1,0.2558584935942706,42
5007,0,8042,4021,4021,0,0,0,1.0,1,1.0,1,1.0,1,0.25887686539418564,43
5008,0,8042,4021,4021,0,0,0,1.0,1,1.0,1,1.0,1,0.24020931194389025,46
5009,1,8043,4022,4021,0,0,0,1.0,1,1.0,1,1.0,1,0.24369843863034074,46
5010,1,8044,4022,4022,0,0,0,1.0,1,1.0,1,1.0,1,0.24867029141920644,46
5011,0,8044,4022,4022,0,0,0,1.0,1,1.0,1,1.0,1,0.255631168498553,47
5012,0,8044,4022,4022,0,0,0,1.0,1,1.0,1,1.0,1,0.2663006765293322,48
5013,0,8044,4022,4022,0,0,0,1.0,1,1.0,1,1.0,1,0.2663006765293322,48
5014,0,8044,4022,4022,0,0,0,1.0,1,1.0,1,1.0,1,0.26556783546034185,49
5015,1,8045,4022,4023,0,0,0,1.0,1,1.0,1,1.0,1,0.2534168956589439,50
5016,1,8046,4023,4023,0,0,0,1.0,1,1.0,1,1.0,1,0.2946461252747536,51
5017,0,8046,4023,4023,0,0,0,1.0,1,1.0,1,1.0,1,0.2946461252747536,51
5018,1,8047,4024,4023,0,0,0,1.0,1,1.0,1,1.0,1,0.2790758326104165,51
5019,3,8050,4025,4025,0,0,0,1.0,1,1.0,1,1.0,1,0.27888827793908894,51
5020,3,8053,4025,4028,0,0,0,1.0,1,1.0,1,1.0,1,0.25287791281516925,51
5021,3,8056,4025,4031,0,0,0,1.0,1,1.0,1,1.0,1,0.21459083433027185,52
5022,3,8059,4027,4032,0,0,0,1.0,1,1.0,1,1.0,1,0.21631790738710752,52
5023,4,8063,4030,4033,0,0,0,1.0,1,1.0,1,1.0,1,0.24297833548439587,52
5024,4,8067,4032,4035,0,0,0,1.0,1,1.0,1,1.0,1,0.23615858409259746,51
5025,0,8067,4032,4035,0,0,0,1.0,1,1.0,1,1.0,1,0.22009026236063584,50
5026,1,8068,4032,4036,0,0,0,1.0,1,1.0,1,1.0,1,0.19703232494550002,49
5027,2,8070,4033,4037,0,0,0,1.0,1,1.0,1,1.0,1,0.20039985200630894,47
5028,3,8073,4035,4038,0,0,0,1.0,1,1.0,1,1.0,1,0.26472118924542454,47
5029,3,8076,4038,4038,0,0,0,1.0,1,1.0,1,1.0,1,0.2815718288471976,46
5030,3,8079,4038,4041,0,0,0,1.0,1,1.0,1,1.0,1,0.22514027436179726,48
5031,1,8080,4039,4041,0,0,0,1.0,1,1.0,1,1.0,1,0.2596634852395499,46
5032,1,8081,4040,4041,0,0,0,1.0,1,1.0,1,1.0,1,0.294641524086321,46
5033,2,8083,4040,4043,0,0,0,1.0,1,1.0,1,1.0,1,0.2602807367152304,47
5034,1,8084,4041,4043,0,0,0,1.0,1,1.0,1,1.0,1,0.2700887850548405,48
5035,0,8084,4041,4043,0,0,0,1.0,1,1.0,1,1.0,1,0.25848312199886336,47
5036,2,8086,4042,4044,0,0,0,1.0,1,1.0,1,1.0,1,0.2742010555811812,47
5037,0,8086,4042,4044,0,0,0,1.0,1,1.0,1,1.0,1,0.25939730221443896,47
5038,1,8087,4043,4044,0,0,0,1.0,1,1.0,1,1.0,1,0.28899382683199676,48
5039,1,8088,4043,4045,0,0,0,1.0,1,1.0,1,1.0,1,0.2584464275836321,47
5040,0,8088,4043,4045,0,0,0,1.0,1,1.0,1,1.0,1,0.267564888998769,48
5041,0,8088,4043,4045,0,0,0,1.0,1,1.0,1,1.0,1,0.26675160389497293,49
5042,0,8088,4043,4045,0,0,0,1.0,1,1.0,1,1.0,1,0.2833409159282071,50
5043,0,8088,4043,4045,0,0,0,1.0,1,1.0,1,1.0,1,0.2678369495630744,51
5044,1,8089,4043,4046,0,0,0,1.0,1,1.0,1,1.0,1,0.24882470233357817,51
5045,1,8090,4044,4046,0,0,0,1.0,1,1.0,1,1.0,1,0.24955049602271448,51
5046,1,8091,4045,4046,0,0,0,1.0,1,1.0,1,1.0,1,0.26821759985758753,52
5047,1,8092,4045,4047,0,0,0,1.0,1,1.0,1,1.0,1,0.2695355987551666,52
5048,0,8092,4045,4047,0,0,0,1.0,1,1.0,1,1.0,1,0.2695355987551666,52
5049,1,8093,4045,4048,0,0,0,1.0,1,1.0,1,1.0,1,0.28666562371598986,52
5050,3,8096,4046,4050,0,0,0,1.0,1,1.0,1,1.0,1,0.29464630999645114,55
5051,1,8097,4046,4051,0,0,0,1.0,1,1.0,1,1.0,1,0.30206040724322714,55
5052,2,8099,4046,4053,0,0,0,1.0,1,1.0,1,1.0,1,0.264116658143218,55
5053,1,8100,4046,4054,0,0,0,1.0,1,1.0,1,1.0,1,0.25980038056560345,54
5054,1,8101,4047,4054,0,0,0,1.0,1,1.0,1,1.0,1,0.26666845429467867,54
5055,6,8107,4047,4060,0,0,0,1.0,1,1.0,1,1.0,1,0.20733075097114048,54
5056,0,8107,4047,4060,0,0,0,1.0,1,1.0,1,1.0,1,0.21675632643903728,55
5057,1,8108,4047,4061,0,0,0,1.0,1,1.0,1,1.0,1,0.2157483119462771,56
5058,0,8108,4047,4061,0,0,0,1.0,1,1.0,1,1.0,1,0.2208439705620903,58
5059,0,8108,4047,4061,0,0,0,1.0,1,1.0,1,1.0,1,0.2208439705620903,58
5060,2,8110,4047,4063,0,0,0,1.0,1,1.0,1,1.0,1,0.19258114411653854,59
5061,1,8111,4047,4064,0,0,0,1.0,1,1.0,1,1.0,1,0.160087341307511,58
5062,2,8113,4048,4065,0,0,0,1.0,1,1.0,1,1.0,1,0.17986929021625767,58
5063,5,8118,4052,4066,0,0,0,1.0,1,1.0,1,1.0,1,0.20947505208455083,57
5064,3,8121,4054,4067,0,0,0,1.0,1,1.0,1,1.0,1,0.2382872514478557,57
5065,4,8125,4056,4069,0,0,0,1.0,1,1.0,1,1.0,1,0.252839567462707,56
5066,1,8126,4057,4069,0,0,0,1.0,1,1.0,1,1.0,1,0.26962707844951345,55
5067,1,8127,4057,4070,0,0,0,1.0,1,1.0,1,1.0,1,0.24677929162022239,54
5068,5,8132,4058,4074,0,0,0,1.0,1,1.0,1,1.0,1,0.21638519487451238,54
5069,1,8133,4059,4074,0,0,0,1.0,1,1.0,1,1.0,1,0.21549543887156736,53
5070,1,8134,4059,4075,0,0,0,1.0,1,1.0,1,1.0,1,0.20546420173210356,53
5071,1,8135,4059,4076,0,0,0,1.0,1,1.0,1,1.0,1,0.18159020857266175,53
5072,1,8136,4060,4076,0,0,0,1.0,1,1.0,1,1.0,1,0.17552693881991777,53
5073,1,8137,4061,4076,0,0,0,1.0,1,1.0,1,1.0,1,0.1949704896790782,53
5074,2,8139,4061,4078,0,0,0,1.0,1,1.0,1,1.0,1,0.17347012906795783,52
5075,0,8139,4061,4078,0,0,0,1.0,1,1.0,1,1.0,1,0.17347012906795783,52
5076,1,8140,4062,4078,0,0,0,1.0,1,1.0,1,1.0,1,0.19573979035278252,55
5077,2,8142,4063,4079,0,0,0,1.0,1,1.0,1,1.0,1,0.2282057263602656,55
5078,0,8142,4063,4079,0,0,0,1.0,1,1.0,1,1.0,1,0.2282057263602656,55
5079,0,8142,4063,4079,0,0,0,1.0,1,1.0,1,1.0,1,0.24650189511504733,54
5080,2,8144,4064,4080,0,0,0,1.0,1,1.0,1,1.0,1,0.2570229189947397,55
5081,3,8147,4064,4083,0,0,0,1.0,1,1.0,1,1.0,1,0.21588456843400305,57
5082,2,8149,4064,4085,0,0,0,1.0,1,1.0,1,1.0,1,0.19233930967743368,57
5083,0,8149,4064,4085,0,0,0,1.0,1,1.0,1,1.0,1,0.2042066640569674,58
5084,2,8151,4064,4087,0,0,0,1.0,1,1.0,1,1.0,1,0.18285009529511775,58
5085,0,8151,4064,4087,0,0,0,1.0,1,1.0,1,1.0,1,0.1905734823085592,59
5086,2,8153,4066,4087,0,0,0,1.0,1,1.0,1,1.0,1,0.19082357222481355,60
5087,4,8157,4068,4089,0,0,0,1.0,1,1.0,1,1.0,1,0.20316622935386894,61
5088,3,8160,4069,4091,0,0,0,1.0,1,1.0,1,1.0,1,0.19623734977996884,62
5089,4,8164,4072,4092,0,0,0,1.0,1,1.0,1,1.0,1,0.19036396060642102,63
5090,1,8165,4072,4093,0,0,0,1.0,1,1.0,1,1.0,1,0.1746526143533709,63
5091,3,8168,4074,4094,0,0,0,1.0,1,1.0,1,1.0,1,0.20679330116246877,63
5092,2,8170,4074,4096,0,0,0,1.0,1,1.0,1,1.0,1,0.1863568792956915,63
5093,2,8172,4074,4098,0,0,0,1.0,1,1.0,1,1.0,1,0.16148192737365222,63
5094,3,8175,4076,4099,0,0,0,1.0,1,1.0,1,1.0,1,0.1529395890645479,64
5095,1,8176,4076,4100,0,0,0,1.0,1,1.0,1,1.0,1,0.13648631064554603,64
5096,1,8177,4077,4100,0,0,0,1.0,1,1.0,1,1.0,1,0.15298824641799436,67
5097,2,8179,4077,4102,0,0,0,1.0,1,1.0,1,1.0,1,0.13912606856536203,67
5098,0,8179,4077,4102,0,0,0,1.0,1,1.0,1,1.0,1,0.13816293442590785,68
5099,0,8179,4077,4102,0,0,0,1.0,1,1.0,1,1.0,1,0.15486945195286855,70
5100,1,8180,4078,4102,0,0,0,1.0,1,1.0,1,1.0,1,0.15269926984713222,71
5101,1,8181,4078,4103,0,0,0,1.0,1,1.0,1,1.0,1,0.1416911544370231,71
5102,5,8186,4081,4105,0,0,0,1.0,1,1.0,1,1.0,1,0.1901612536898902,70
5103,2,8188,4082,4106,0,0,0,1.0,1,1.0,1,1.0,1,0.1341535375660599,67
5104,4,8192,4085,4107,0,0,0,1.0,1,1.0,1,1.0,1,0.1849513646960123,67
5105,4,8196,4088,4108,0,0,0,1.0,1,1.0,1,1.0,1,0.15566114870351971,63
5106,1,8197,4088,4109,0,0,0,1.0,1,1.0,1,1.0,1,0.1628928810406275,63
5107,6,8203,4094,4109,0,0,0,1.0,1,1.0,1,1.0,1,0.21788641276213075,60
5108,4,8207,4096,4111,0,0,0,1.0,1,1.0,1,1.0,1,0.18418736993596288,56
5109,6,8213,4098,4115,0,0,0,1.0,1,1.0,1,1.0,1,0.1596920488008149,56
5110,1,8214,4099,4115,0,0,0,1.0,1,1.0,1,1.0,1,0.16241123113133016,52
5111,4,8218,4102,4116,0,0,0,1.0,1,1.0,1,1.0,1,0.20692604469365544,51
5112,3,8221,4103,4118,0,0,0,1.0,1,1.0,1,1.0,1,0.1858235071905495,50
5113,4,8225,4105,4120,0,0,0,1.0,1,1.0,1,1.0,1,0.22808836389374493,48
5114,4,8229,4109,4120,0,0,0,1.0,1,1.0,1,1.0,1,0.19622705441220456,46
5115,1,8230,4109,4121,0,0,0,1.0,1,1.0,1,1.0,1,0.1775862514575263,44
5116,2,8232,4110,4122,0,0,0,1.0,1,1.0,1,1.0,1,0.20550122650071853,44
5117,0,8232,4110,4122,0,0,0,1.0,1,1.0,1,1.0,1,0.2075388306396166,46
5118,1,8233,4111,4122,0,0,0,1.0,1,1.0,1,1.0,1,0.1959485131530106,46
5119,0,8233,4111,4122,0,0,0,1.0,1,1.0,1,1.0,1,0.1959485131530106,46
5120,0,8233,4111,4122,0,0,0,1.0,1,1.0,1,1.0,1,0.1959485131530106,46
5121,3,8236,4112,4124,0,0,0,1.0,1,1.0,1,1.0,1,0.1758676569146136,46
5122,2,8238,4112,4126,0,0,0,1.0,1,1.0,1,1.0,1,0.1262957099505861,46
5123,3,8241,4114,4127,0,0,0,1.0,1,1.0,1,1.0,1,0.1469358550747314,45
5124,2,8243,4115,4128,0,0,0,1.0,1,1.0,1,1.0,1,0.1628093326573946,47
5125,2,8245,4115,4130,0,0,0,1.0,1,1.0,1,1.0,1,0.171430922983231,50
5126,2,8247,4116,4131,0,0,0,1.0,1,1.0,1,1.0,1,0.1438379101779833,50
5127,1,8248,4117,4131,0,0,0,1.0,1,1.0,1,1.0,1,0.15341659382130304,52
5128,2,8250,4118,4132,0,0,0,1.0,1,1.0,1,1.0,1,0.16646758700149708,53
5129,1,8251,4118,4133,0,0,0,1.0,1,1.0,1,1.0,1,0.1728035352530524,55
5130,1,8252,4119,4133,0,0,0,1.0,1,1.0,1,1.0,1,0.19552565215247003,55
5131,1,8253,4119,4134,0,0,0,1.0,1,1.0,1,1.0,1,0.18211151752583365,54
5132,2,8255,4119,4136,0,0,0,1.0,1,1.0,1,1.0,1,0.1612339727894785,54
5133,0,8255,4119,4136,0,0,0,1.0,1,1.0,1,1.0,1,0.1612339727894785,54
5134,0,8255,4119,4136,0,0,0,1.0,1,1.0,1,1.0,1,0.1639369868331809,53
5135,2,8257,4119,4138,0,0,0,1.0,1,1.0,1,1.0,1,0.14340227573619604,54
5136,1,8258,4119,4139,0,0,0,1.0,1,1.0,1,1.0,1,0.16672826111797276,54
5137,0,8258,4119,4139,0,0,0,1.0,1,1.0,1,1.0,1,0.16672826111797276,54
5138,3,8261,4122,4139,0,0,0,1.0,1,1.0,1,1.0,1,0.20533550017429522,54
5139,4,8265,4123,4142,0,0,0,1.0,1,1.0,1,1.0,1,0.15530080920505393,55
5140,5,8270,4126,4144,0,0,0,1.0,1,1.0,1,1.0,1,0.1607793104427851,55
5141,1,8271,4127,4144,0,0,0,1.0,1,1.0,1,1.0,1,0.1484255951419397,53
5142,3,8274,4130,4144,0,0,0,1.0,1,1.0,1,1.0,1,0.1737544708605704,54
5143,4,8278,4134,4144,0,0,0,1.0,1,1.0,1,1.0,1,0.1554693762585293,52
5144,1,8279,4135,4144,0,0,0,1.0,1,1.0,1,1.0,1,0.17609419383049416,50
5145,3,8282,4137,4145,0,0,0,1.0,1,1.0,1,1.0,1,0.1443644810630049,49
5146,1,8283,4138,4145,0,0,0,1.0,1,1.0,1,1.0,1,0.1725076784807672,49
5147,4,8287,4139,4148,0,0,0,1.0,1,1.0,1,1.0,1,0.17581441920835922,46
5148,2,8289,4140,4149,0,0,0,1.0,1,1.0,1,1.0,1,0.19396897295616075,46
5149,0,8289,4140,4149,0,0,0,1.0,1,1.0,1,1.0,1,0.18718545043201354,45
5150,2,8291,4142,4149,0,0,0,1.0,1,1.0,1,1.0,1,0.24002427389788564,47
5151,2,8293,4142,4151,0,0,0,1.0,1,1.0,1,1.0,1,0.19953020915117203,46
5152,3,8296,4144,4152,0,0,0,1.0,1,1.0,1,1.0,1,0.17547776825907954,46
5153,2,8298,4146,4152,0,0,0,1.0,1,1.0,1,1.0,1,0.19933280453364302,45
5154,4,8302,4147,4155,0,0,0,1.0,1,1.0,1,1.0,1,0.20844096555363176,47
5155,3,8305,4149,4156,0,0,0,1.0,1,1.0,1,1.0,1,0.21210456100646205,47
5156,2,8307,4150,4157,0,0,0,1.0,1,1.0,1,1.0,1,0.20672050065380543,47
5157,0,8307,4150,4157,0,0,0,1.0,1,1.0,1,1.0,1,0.19730176425762314,46
5158,0,8307,4150,4157,0,0,0,1.0,1,1.0,1,1.0,1,0.20070628039280086,47
5159,1,8308,4150,4158,0,0,0,1.0,1,1.0,1,1.0,1,0.19778594436283656,49
5160,0,8308,4150,4158,0,0,0,1.0,1,1.0,1,1.0,1,0.19401462227447058,48
5161,0,8308,4150,4158,0,0,0,1.0,1,1.0,1,1.0,1,0.19401462227447058,48
5162,1,8309,4150,4159,0,0,0,1.0,1,1.0,1,1.0,1,0.18589968925278597,49
5163,1,8310,4150,4160,0,0,0,1.0,1,1.0,1,1.0,1,0.17804919016103316,51
5164,0,8310,4150,4160,0,0,0,1.0,1,1.0,1,1.0,1,0.17804919016103316,51
5165,1,8311,4151,4160,0,0,0,1.0,1,1.0,1,1.0,1,0.21819878420736377,52
5166,4,8315,4153,4162,0,0,0,1.0,1,1.0,1,1.0,1,0.17602384597894613,52
5167,4,8319,4155,4164,0,0,0,1.0,1,1.0,1,1.0,1,0.16583114756650139,52
5168,1,8320,4155,4165,0,0,0,1.0,1,1.0,1,1.0,1,0.1581708911688247,52
5169,3,8323,4157,4166,0,0,0,1.0,1,1.0,1,1.0,1,0.1627901101706737,53
5170,0,8323,4157,4166,0,0,0,1.0,1,1.0,1,1.0,1,0.1627901101706737,53
5171,1,8324,4157,4167,0,0,0,1.0,1,1.0,1,1.0,1,0.16069615761482858,52
5172,1,8325,4158,4167,0,0,0,1.0,1,1.0,1,1.0,1,0.15773261212265188,53
5173,0,8325,4158,4167,0,0,0,1.0,1,1.0,1,1.0,1,0.17445073735615282,54
5174,4,8329,4158,4171,0,0,0,1.0,1,1.0,1,1.0,1,0.13104697157012152,56
5175,1,8330,4159,4171,0,0,0,1.0,1,1.0,1,1.0,1,0.1527443182332736,58
5176,1,8331,4160,4171,0,0,0,1.0,1,1.0,1,1.0,1,0.16797570555604346,58
5177,2,8333,4160,4173,0,0,0,1.0,1,1.0,1,1.0,1,0.1542684391983256,59
5178,3,8336,4163,4173,0,0,0,1.0,1,1.0,1,1.0,1,0.1807545066609601,57
5179,3,8339,4163,4176,0,0,0,1.0,1,1.0,1,1.0,1,0.13043451191635178,58
5180,2,8341,4164,4177,0,0,0,1.0,1,1.0,1,1.0,1,0.10147077787729854,56
5181,0,8341,4164,4177,0,0,0,1.0,1,1.0,1,1.0,1,0.08647066552251373,57
5182,4,8345,4167,4178,0,0,0,1.0,1,1.0,1,1.0,1,0.11796799464017911,56
5183,2,8347,4169,4178,0,0,0,1.0,1,1.0,1,1.0,1,0.12651128771163353,57
5184,4,8351,4172,4179,0,0,0,1.0,1,1.0,1,1.0,1,0.177207221048515,56
5185,2,8353,4173,4180,0,0,0,1.0,1,1.0,1,1.0,1,0.16659940532709613,56
5186,1,8354,4174,4180,0,0,0,1.0,1,1.0,1,1.0,1,0.19402751629678044,54
5187,2,8356,4174,4182,0,0,0,1.0,1,1.0,1,1.0,1,0.16880622313775198,51
5188,1,8357,4175,4182,0,0,0,1.0,1,1.0,1,1.0,1,0.1882829473371101,50
5189,1,8358,4175,4183,0,0,0,1.0,1,1.0,1,1.0,1,0.1421556247627013,49
5190,1,8359,4176,4183,0,0,0,1.0,1,1.0,1,1.0,1,0.1941684267765627,50
5191,2,8361,4176,4185,0,0,0,1.0,1,1.0,1,1.0,1,0.1631130665389381,50
5192,3,8364,4177,4187,0,0,0,1.0,1,1.0,1,1.0,1,0.10077644256620999,49
5193,1,8365,4177,4188,0,0,0,1.0,1,1.0,1,1.0,1,0.10920976730348812,50
5194,1,8366,4178,4188,0,0,0,1.0,1,1.0,1,1.0,1,0.13383085263420805,51
5195,1,8367,4179,4188,0,0,0,1.0,1,1.0,1,1.0,1,0.1628915244765217,51
5196,0,8367,4179,4188,0,0,0,1.0,1,1.0,1,1.0,1,0.1628915244765217,51
5197,0,8367,4179,4188,0,0,0,1.0,1,1.0,1,1.0,1,0.1628915244765217,51
5198,0,8367,4179,4188,0,0,0,1.0,1,1.0,1,1.0,1,0.1628915244765217,51
5199,1,8368,4179,4189,0,0,0,1.0,1,1.0,1,1.0,1,0.1491223714966465,54
5200,1,8369,4180,4189,0,0,0,1.0,1,1.0,1,1.0,1,0.1323955594710865,54
5201,5,8374,4182,4192,0,0,0,1.0,1,1.0,1,1.0,1,0.10506414096611966,55
5202,1,8375,4182,4193,0,0,0,1.0,1,1.0,1,1.0,1,0.11802204119622282,56
5203,0,8375,4182,4193,0,0,0,1.0,1,1.0,1,1.0,1,0.11802204119622282,56
5204,0,8375,4182,4193,0,0,0,1.0,1,1.0,1,1.0,1,0.13110213434845197,58
5205,0,8375,4182,4193,0,0,0,1.0,1,1.0,1,1.0,1,0.13110213434845197,58
5206,0,8375,4182,4193,0,0,0,1.0,1,1.0,1,1.0,1,0.13110213434845197,58
5207,2,8377,4184,4193,0,0,0,1.0,1,1.0,1,1.0,1,0.1454410939243701,59
5208,1,8378,4184,4194,0,0,0,1.0,1,1.0,1,1.0,1,0.13888867016021836,58
5209,0,8378,4184,4194,0,0,0,1.0,1,1.0,1,1.0,1,0.13888867016021836,58
5210,0,8378,4184,4194,0,0,0,1.0,1,1.0,1,1.0,1,0.15566031565730146,57
5211,1,8379,4185,4194,0,0,0,1.0,1,1.0,1,1.0,1,0.17291329874681624,57
5212,3,8382,4185,4197,0,0,0,1.0,1,1.0,1,1.0,1,0.13312984939962866,59
5213,2,8384,4187,4197,0,0,0,1.0,1,1.0,1,1.0,1,0.16999197821993725,59
5214,6,8390,4190,4200,0,0,0,1.0,1,1.0,1,1.0,1,0.21516380046693287,59
5215,4,8394,4191,4203,0,0,0,1.0,1,1.0,1,1.0,1,0.21352874068179528,58
5216,0,8394,4191,4203,0,0,0,1.0,1,1.0,1,1.0,1,0.1970158990330949,59
5217,4,8398,4195,4203,0,0,0,1.0,1,1.0,1,1.0,1,0.18673668893859066,58
5218,3,8401,4198,4203,0,0,0,1.0,1,1.0,1,1.0,1,0.23524263303560208,58
5219,1,8402,4198,4204,0,0,0,1.0,1,1.0,1,1.0,1,0.17561778591604685,57
5220,1,8403,4198,4205,0,0,0,1.0,1,1.0,1,1.0,1,0.18495096015092433,56
5221,2,8405,4200,4205,0,0,0,1.0,1,1.0,1,1.0,1,0.2246770979754773,58
5222,3,8408,4202,4206,0,0,0,1.0,1,1.0,1,1.0,1,0.2274706907474616,56
5223,4,8412,4204,4208,0,0,0,1.0,1,1.0,1,1.0,1,0.27391893563870334,55
5224,2,8414,4205,4209,0,0,0,1.0,1,1.0,1,1.0,1,0.26228677234768943,56
5225,0,8414,4205,4209,0,0,0,1.0,1,1.0,1,1.0,1,0.2696241898854693,55
5226,1,8415,4206,4209,0,0,0,1.0,1,1.0,1,1.0,1,0.26875345531475264,55
5227,2,8417,4206,4211,0,0,0,1.0,1,1.0,1,1.0,1,0.23539377798143607,53
5228,0,8417,4206,4211,0,0,0,1.0,1,1.0,1,1.0,1,0.22412839430253362,51
5229,1,8418,4206,4212,0,0,0,1.0,1,1.0,1,1.0,1,0.22350552903961068,51
5230,0,8418,4206,4212,0,0,0,1.0,1,1.0,1,1.0,1,0.22439913872847264,51
5231,3,8421,4208,4213,0,0,0,1.0,1,1.0,1,1.0,1,0.24919302945042204,52
5232,4,8425,4210,4215,0,0,0,1.0,1,1.0,1,1.0,1,0.2557916820638005,52
5233,2,8427,4210,4217,0,0,0,1.0,1,1.0,1,1.0,1,0.2549953303285606,53
5234,2,8429,4212,4217,0,0,0,1.0,1,1.0,1,1.0,1,0.29730924211068954,53
5235,1,8430,4213,4217,0,0,0,1.0,1,1.0,1,1.0,1,0.3041639070743251,53
5236,2,8432,4214,4218,0,0,0,1.0,1,1.0,1,1.0,1,0.2985571924424767,52
5237,3,8435,4214,4221,0,0,0,1.0,1,1.0,1,1.0,1,0.2871453505999303,52
5238,5,8440,4216,4224,0,0,0,1.0,1,1.0,1,1.0,1,0.2664374903083225,52
5239,0,8440,4216,4224,0,0,0,1.0,1,1.0,1,1.0,1,0.2810622792222109,51
5240,3,8443,4217,4226,0,0,0,1.0,1,1.0,1,1.0,1,0.26936988686885066,53
5241,1,8444,4217,4227,0,0,0,1.0,1,1.0,1,1.0,1,0.2726114420017594,53
5242,1,8445,4217,4228,0,0,0,1.0,1,1.0,1,1.0,1,0.278820830722798,51
5243,0,8445,4217,4228,0,0,0,1.0,1,1.0,1,1.0,1,0.278820830722798,51
5244,2,8447,4218,4229,0,0,0,1.0,1,1.0,1,1.0,1,0.28617994047966006,52
5245,1,8448,4218,4230,0,0,0,1.0,1,1.0,1,1.0,1,0.26792394719022683,53
5246,4,8452,4221,4231,0,0,0,1.0,1,1.0,1,1.0,1,0.2534997696893885,53
5247,0,8452,4221,4231,0,0,0,1.0,1,1.0,1,1.0,1,0.26301349713790995,54
5248,1,8453,4222,4231,0,0,0,1.0,1,1.0,1,1.0,1,0.2458700415572424,54
5249,2,8455,4223,4232,0,0,0,1.0,1,1.0,1,1.0,1,0.22859212084191013,55
5250,4,8459,4223,4236,0,0,0,1.0,1,1.0,1,1.0,1,0.21801467557176682,57
5251,1,8460,4223,4237,0,0,0,1.0,1,1.0,1,1.0,1,0.20637168905003594,58
5252,1,8461,4224,4237,0,0,0,1.0,1,1.0,1,1.0,1,0.2002288956572653,58
5253,2,8463,4226,4237,0,0,0,1.0,1,1.0,1,1.0,1,0.2475200280113204,58
5254,3,8466,4227,4239,0,0,0,1.0,1,1.0,1,1.0,1,0.2560389956099509,59
5255,1,8467,4228,4239,0,0,0,1.0,1,1.0,1,1.0,1,0.2353567342229273,58
5256,0,8467,4228,4239,0,0,0,1.0,1,1.0,1,1.0,1,0.26081564894121945,58
5257,1,8468,4228,4240,0,0,0,1.0,1,1.0,1,1.0,1,0.2534895937314163,57
5258,1,8469,4228,4241,0,0,0,1.0,1,1.0,1,1.0,1,0.24982969292777155,55
5259,0,8469,4228,4241,0,0,0,1.0,1,1.0,1,1.0,1,0.2499625330844382,56
5260,0,8469,4228,4241,0,0,0,1.0,1,1.0,1,1.0,1,0.2779046109794584,55
5261,0,8469,4228,4241,0,0,0,1.0,1,1.0,1,1.0,1,0.2865863219568673,54
5262,1,8470,4229,4241,0,0,0,1.0,1,1.0,1,1.0,1,0.3095527350062284,54
5263,5,8475,4232,4243,0,0,0,1.0,1,1.0,1,1.0,1,0.30306143215281856,55
5264,4,8479,4233,4246,0,0,0,1.0,1,1.0,1,1.0,1,0.28118561616477344,53
5265,4,8483,4236,4247,0,0,0,1.0,1,1.0,1,1.0,1,0.3025646754896015,52
5266,0,8483,4236,4247,0,0,0,1.0,1,1.0,1,1.0,1,0.29941188108957156,49
5267,1,8484,4237,4247,0,0,0,1.0,1,1.0,1,1.0,1,0.29594526521589765,49
5268,3,8487,4238,4249,0,0,0,1.0,1,1.0,1,1.0,1,0.28093963811235995,46
5269,2,8489,4239,4250,0,0,0,1.0,1,1.0,1,1.0,1,0.277083001895444,45
5270,5,8494,4241,4253,0,0,0,1.0,1,1.0,1,1.0,1,0.26475102870868794,46
5271,2,8496,4241,4255,0,0,0,1.0,1,1.0,1,1.0,1,0.2691829806687372,46
5272,2,8498,4242,4256,0,0,0,1.0,1,1.0,1,1.0,1,0.27074963085964354,45
5273,5,8503,4245,4258,0,0,0,1.0,1,1.0,1,1.0,1,0.2730101366261295,45
5274,2,8505,4245,4260,0,0,0,1.0,1,1.0,1,1.0,1,0.236497319979393,45
5275,3,8508,4247,4261,0,0,0,1.0,1,1.0,1,1.0,1,0.23176310341745196,46
5276,2,8510,4249,4261,0,0,0,1.0,1,1.0,1,1.0,1,0.24905136547938378,45
5277,0,8510,4249,4261,0,0,0,1.0,1,1.0,1,1.0,1,0.2492878144096131,45
5278,2,8512,4251,4261,0,0,0,1.0,1,1.0,1,1.0,1,0.29155794928661416,44
5279,0,8512,4251,4261,0,0,0,1.0,1,1.0,1,1.0,1,0.29213352116376734,45
5280,2,8514,4251,4263,0,0,0,1.0,1,1.0,1,1.0,1,0.27807179325988063,46
5281,0,8514,4251,4263,0,0,0,1.0,1,1.0,1,1.0,1,0.27807179325988063,46
5282,0,8514,4251,4263,0,0,0,1.0,1,1.0,1,1.0,1,0.28595421239098356,47
5283,3,8517,4251,4266,0,0,0,1.0,1,1.0,1,1.0,1,0.2471473468835669,48
5284,0,8517,4251,4266,0,0,0,1.0,1,1.0,1,1.0,1,0.2471473468835669,48
5285,1,8518,4251,4267,0,0,0,1.0,1,1.0,1,1.0,1,0.22223170807395615,48
5286,1,8519,4251,4268,0,0,0,1.0,1,1.0,1,1.0,1,0.21551153167403767,50
5287,0,8519,4251,4268,0,0,0,1.0,1,1.0,1,1.0,1,0.21551153167403767,50
5288,0,8519,4251,4268,0,0,0,1.0,1,1.0,1,1.0,1,0.21758972753319575,51
5289,1,8520,4251,4269,0,0,0,1.0,1,1.0,1,1.0,1,0.19927707024498573,51
5290,0,8520,4251,4269,0,0,0,1.0,1,1.0,1,1.0,1,0.21015305160522846,52
5291,3,8523,4253,4270,0,0,0,1.0,1,1.0,1,1.0,1,0.27174586043540155,52
5292,2,8525,4253,4272,0,0,0,1.0,1,1.0,1,1.0,1,0.24436635084569727,53
5293,1,8526,4254,4272,0,0,0,1.0,1,1.0,1,1.0,1,0.30114924855854674,51
5294,2,8528,4255,4273,0,0,0,1.0,1,1.0,1,1.0,1,0.32688214632442697,50
5295,0,8528,4255,4273,0,0,0,1.0,1,1.0,1,1.0,1,0.32899150060382437,49
5296,2,8530,4257,4273,0,0,0,1.0,1,1.0,1,1.0,1,0.3701534246659345,48
5297,0,8530,4257,4273,0,0,0,1.0,1,1.0,1,1.0,1,0.38664702048022537,46
5298,1,8531,4257,4274,0,0,0,1.0,1,1.0,1,1.0,1,0.3802551251572611,46
5299,1,8532,4257,4275,0,0,0,1.0,1,1.0,1,1.0,1,0.36720285032433975,47
5300,0,8532,4257,4275,0,0,0,1.0,1,1.0,1,1.0,1,0.35090166720233473,48
5301,0,8532,4257,4275,0,0,0,1.0,1,1.0,1,1.0,1,0.35090166720233473,48
5302,5,8537,4261,4276,0,0,0,1.0,1,1.0,1,1.0,1,0.3515752575853222,49
5303,3,8540,4262,4278,0,0,0,1.0,1,1.0,1,1.0,1,0.3256331313003112,48
5304,1,8541,4263,4278,0,0,0,1.0,1,1.0,1,1.0,1,0.33266339535462175,48
5305,1,8542,4264,4278,0,0,0,1.0,1,1.0,1,1.0,1,0.35028447156640513,47
5306,3,8545,4266,4279,0,0,0,1.0,1,1.0,1,1.0,1,0.3482759769615767,48
5307,4,8549,4267,4282,0,0,0,1.0,1,1.0,1,1.0,1,0.3353457604812727,48
5308,3,8552,4268,4284,0,0,0,1.0,1,1.0,1,1.0,1,0.31389941208162864,47
5309,0,8552,4268,4284,0,0,0,1.0,1,1.0,1,1.0,1,0.3150661325915068,46
5310,2,8554,4269,4285,0,0,0,1.0,1,1.0,1,1.0,1,0.3157996880735712,46
5311,1,8555,4269,4286,0,0,0,1.0,1,1.0,1,1.0,1,0.2870869488706497,46
5312,2,8557,4270,4287,0,0,0,1.0,1,1.0,1,1.0,1,0.3063359399570381,46
5313,1,8558,4270,4288,0,0,0,1.0,1,1.0,1,1.0,1,0.2894774376632796,46
5314,1,8559,4270,4289,0,0,0,1.0,1,1.0,1,1.0,1,0.2794168791645181,46
5315,4,8563,4271,4292,0,0,0,1.0,1,1.0,1,1.0,1,0.27553503578014577,47
5316,5,8568,4272,4296,0,0,0,1.0,1,1.0,1,1.0,1,0.22399439450449984,48
5317,3,8571,4272,4299,0,0,0,1.0,1,1.0,1,1.0,1,0.16887943512425813,49
5318,6,8577,4275,4302,0,0,0,1.0,1,1.0,1,1.0,1,0.12442327376551296,49
5319,1,8578,4276,4302,0,0,0,1.0,1,1.0,1,1.0,1,0.16749325829364234,50
5320,2,8580,4277,4303,0,0,0,1.0,1,1.0,1,1.0,1,0.18700633134133188,51
5321,0,8580,4277,4303,0,0,0,1.0,1,1.0,1,1.0,1,0.16295782469439865,52
5322,1,8581,4277,4304,0,0,0,1.0,1,1.0,1,1.0,1,0.16655838070390935,53
5323,0,8581,4277,4304,0,0,0,1.0,1,1.0,1,1.0,1,0.16623848738300204,53
5324,1,8582,4278,4304,0,0,0,1.0,1,1.0,1,1.0,1,0.1693333588643178,55
5325,2,8584,4279,4305,0,0,0,1.0,1,1.0,1,1.0,1,0.1558490989977811,55
5326,1,8585,4280,4305,0,0,0,1.0,1,1.0,1,1.0,1,0.14223950294937623,55
5327,0,8585,4280,4305,0,0,0,1.0,1,1.0,1,1.0,1,0.151400243667126,56
5328,3,8588,4282,4306,0,0,0,1.0,1,1.0,1,1.0,1,0.16873139009647878,57
5329,0,8588,4282,4306,0,0,0,1.0,1,1.0,1,1.0,1,0.16873139009647878,57
5330,5,8593,4285,4308,0,0,0,1.0,1,1.0,1,1.0,1,0.1482950133032162,56
5331,1,8594,4285,4309,0,0,0,1.0,1,1.0,1,1.0,1,0.12257276970129838,57
5332,0,8594,4285,4309,0,0,0,1.0,1,1.0,1,1.0,1,0.13232496733564206,58
5333,0,8594,4285,4309,0,0,0,1.0,1,1.0,1,1.0,1,0.13511975791952752,59
5334,0,8594,4285,4309,0,0,0,1.0,1,1.0,1,1.0,1,0.13511975791952752,59
5335,0,8594,4285,4309,0,0,0,1.0,1,1.0,1,1.0,1,0.13373934927269224,58
5336,1,8595,4286,4309,0,0,0,1.0,1,1.0,1,1.0,1,0.15692968019487133,59
5337,1,8596,4286,4310,0,0,0,1.0,1,1.0,1,1.0,1,0.1585591790590252,60
5338,0,8596,4286,4310,0,0,0,1.0,1,1.0,1,1.0,1,0.1585591790590252,60
5339,0,8596,4286,4310,0,0,0,1.0,1,1.0,1,1.0,1,0.1585591790590252,60
5340,2,8598,4287,4311,0,0,0,1.0,1,1.0,1,1.0,1,0.16755319504575888,60
5341,0,8598,4287,4311,0,0,0,1.0,1,1.0,1,1.0,1,0.1686511586505891,61
5342,2,8600,4289,4311,0,0,0,1.0,1,1.0,1,1.0,1,0.22335342121798263,59
5343,2,8602,4290,4312,0,0,0,1.0,1,1.0,1,1.0,1,0.2197450049784999,58
5344,2,8604,4291,4313,0,0,0,1.0,1,1.0,1,1.0,1,0.23771655374174938,58
5345,3,8607,4294,4313,0,0,0,1.0,1,1.0,1,1.0,1,0.23567619275039084,54
5346,4,8611,4294,4317,0,0,0,1.0,1,1.0,1,1.0,1,0.1769884897883857,54
5347,4,8615,4298,4317,0,0,0,1.0,1,1.0,1,1.0,1,0.17791543042104577,54
5348,2,8617,4299,4318,0,0,0,1.0,1,1.0,1,1.0,1,0.18662096100983447,55
5349,5,8622,4300,4322,0,0,0,1.0,1,1.0,1,1.0,1,0.15994510937894751,56
5350,1,8623,4300,4323,0,0,0,1.0,1,1.0,1,1.0,1,0.16847776640670342,56
5351,3,8626,4301,4325,0,0,0,1.0,1,1.0,1,1.0,1,0.14665279829770478,57
5352,2,8628,4302,4326,0,0,0,1.0,1,1.0,1,1.0,1,0.16259915711849182,57
5353,1,8629,4303,4326,0,0,0,1.0,1,1.0,1,1.0,1,0.15428934035911057,57
5354,0,8629,4303,4326,0,0,0,1.0,1,1.0,1,1.0,1,0.16083679355118782,56
5355,1,8630,4304,4326,0,0,0,1.0,1,1.0,1,1.0,1,0.16079199403031488,57
5356,2,8632,4304,4328,0,0,0,1.0,1,1.0,1,1.0,1,0.13206240486109072,56
5357,1,8633,4304,4329,0,0,0,1.0,1,1.0,1,1.0,1,0.14579633932894634,56
5358,0,8633,4304,4329,0,0,0,1.0,1,1.0,1,1.0,1,0.13370340805640824,57
5359,0,8633,4304,4329,0,0,0,1.0,1,1.0,1,1.0,1,0.13370340805640824,57
5360,0,8633,4304,4329,0,0,0,1.0,1,1.0,1,1.0,1,0.16516667943436913,55
5361,4,8637,4306,4331,0,0,0,1.0,1,1.0,1,1.0,1,0.1808107801506825,56
5362,1,8638,4307,4331,0,0,0,1.0,1,1.0,1,1.0,1,0.18872997705039427,57
5363,0,8638,4307,4331,0,0,0,1.0,1,1.0,1,1.0,1,0.18872997705039427,57
5364,1,8639,4307,4332,0,0,0,1.0,1,1.0,1,1.0,1,0.1827064345780121,58
5365,1,8640,4308,4332,0,0,0,1.0,1,1.0,1,1.0,1,0.2057787132239217,59
5366,4,8644,4310,4334,0,0,0,1.0,1,1.0,1,1.0,1,0.20680826144058265,60
5367,2,8646,4311,4335,0,0,0,1.0,1,1.0,1,1.0,1,0.2010867483480408,60
5368,2,8648,4312,4336,0,0,0,1.0,1,1.0,1,1.0,1,0.19202858359236624,58
5369,1,8649,4313,4336,0,0,0,1.0,1,1.0,1,1.0,1,0.18495990882439836,58
5370,2,8651,4314,4337,0,0,0,1.0,1,1.0,1,1.0,1,0.1965089670680081,57
5371,3,8654,4315,4339,0,0,0,1.0,1,1.0,1,1.0,1,0.18607779388447615,56
5372,4,8658,4318,4340,0,0,0,1.0,1,1.0,1,1.0,1,0.21520692798573085,55
5373,5,8663,4321,4342,0,0,0,1.0,1,1.0,1,1.0,1,0.23998470313643586,54
5374,3,8666,4321,4345,0,0,0,1.0,1,1.0,1,1.0,1,0.19589132901859055,53
5375,3,8669,4322,4347,0,0,0,1.0,1,1.0,1,1.0,1,0.22203455620146348,52
5376,1,8670,4322,4348,0,0,0,1.0,1,1.0,1,1.0,1,0.18547932428897962,52
5377,1,8671,4323,4348,0,0,0,1.0,1,1.0,1,1.0,1,0.20916301799118464,51
5378,4,8675,4325,4350,0,0,0,1.0,1,1.0,1,1.0,1,0.2108789220538935,52
5379,0,8675,4325,4350,0,0,0,1.0,1,1.0,1,1.0,1,0.2156412185959423,50
5380,3,8678,4327,4351,0,0,0,1.0,1,1.0,1,1.0,1,0.2515176193888087,51
5381,1,8679,4327,4352,0,0,0,1.0,1,1.0,1,1.0,1,0.2011218515134329,50
5382,0,8679,4327,4352,0,0,0,1.0,1,1.0,1,1.0,1,0.20747325675414346,48
5383,1,8680,4327,4353,0,0,0,1.0,1,1.0,1,1.0,1,0.2143699052756389,48
5384,1,8681,4327,4354,0,0,0,1.0,1,1.0,1,1.0,1,0.19956831314304194,48
5385,0,8681,4327,4354,0,0,0,1.0,1,1.0,1,1.0,1,0.21150398211047394,47
5386,3,8684,4330,4354,0,0,0,1.0,1,1.0,1,1.0,1,0.2561056761081679,48
5387,2,8686,4330,4356,0,0,0,1.0,1,1.0,1,1.0,1,0.21858151447780627,48
5388,0,8686,4330,4356,0,0,0,1.0,1,1.0,1,1.0,1,0.21858151447780627,48
5389,0,8686,4330,4356,0,0,0,1.0,1,1.0,1,1.0,1,0.20851042533774222,50
5390,2,8688,4332,4356,0,0,0,1.0,1,1.0,1,1.0,1,0.22745991468927484,52
5391,1,8689,4333,4356,0,0,0,1.0,1,1.0,1,1.0,1,0.23939428264554435,52
5392,1,8690,4334,4356,0,0,0,1.0,1,1.0,1,1.0,1,0.23947396991772757,51
5393,4,8694,4336,4358,0,0,0,1.0,1,1.0,1,1.0,1,0.26037433570904855,50
5394,1,8695,4336,4359,0,0,0,1.0,1,1.0,1,1.0,1,0.24752022985997263,50
5395,3,8698,4338,4360,0,0,0,1.0,1,1.0,1,1.0,1,0.2581996084116057,49
5396,4,8702,4339,4363,0,0,0,1.0,1,1.0,1,1.0,1,0.20439920362471295,48
5397,2,8704,4341,4363,0,0,0,1.0,1,1.0,1,1.0,1,0.2457571583205824,48
5398,1,8705,4341,4364,0,0,0,1.0,1,1.0,1,1.0,1,0.24238913719119864,46
5399,3,8708,4343,4365,0,0,0,1.0,1,1.0,1,1.0,1,0.22327141780216975,46
5400,2,8710,4345,4365,0,0,0,1.0,1,1.0,1,1.0,1,0.2778610540823354,48
5401,2,8712,4345,4367,0,0,0,1.0,1,1.0,1,1.0,1,0.22420050956767335,49
5402,0,8712,4345,4367,0,0,0,1.0,1,1.0,1,1.0,1,0.0,0
