,SuccessfulHandoverCount,TotalSuccessfulHandoverCount,TotalSuccessfulHandoverCountRange,TotalSuccessfulHandoverCountLoadBalancing,TotalSuccessfulHandoverCountOverload,FailedHandoverCount,TotalFailedHandoverCount,AvgQoS,MinQoS,AvgQoS_LoadBased,MinQoS_LoadBased,AvgQoS_RangeBased,MinQoS_RangeBased,GiniLoad,VehicleCount
0,0,0,0,0,0,0,0,1.0,1,1.0,1,1.0,1,0.0,0
1,21,21,0,21,0,0,0,1.0,1,1.0,1,1.0,1,0.22146569632253624,30
2,17,38,0,38,0,0,0,1.0,1,1.0,1,1.0,1,0.23998874993324257,32
3,27,65,0,65,0,0,0,1.0,1,1.0,1,1.0,1,0.2620817621096988,33
4,17,82,0,82,0,0,0,1.0,1,1.0,1,1.0,1,0.3535225805430553,34
5,22,104,0,104,0,0,0,1.0,1,1.0,1,1.0,1,0.1968494949013221,36
6,4,108,0,108,0,0,0,1.0,1,1.0,1,1.0,1,0.14550870729814924,38
7,1,109,0,109,0,0,0,1.0,1,1.0,1,1.0,1,0.16563537690331692,40
8,0,109,0,109,0,0,0,1.0,1,1.0,1,1.0,1,0.16563537690331692,40
9,0,109,0,109,0,0,0,1.0,1,1.0,1,1.0,1,0.16563537690331692,40
10,3,112,0,112,0,0,0,1.0,1,1.0,1,1.0,1,0.17402376869309033,41
11,3,115,2,113,0,0,0,1.0,1,1.0,1,1.0,1,0.1892696162149088,40
12,2,117,2,115,0,0,0,1.0,1,1.0,1,1.0,1,0.1440879379928736,39
13,2,119,4,115,0,0,0,1.0,1,1.0,1,1.0,1,0.16454270877780677,37
14,1,120,4,116,0,0,0,1.0,1,1.0,1,1.0,1,0.2114071396384297,35
15,2,122,5,117,0,0,0,1.0,1,1.0,1,1.0,1,0.1859100921373624,36
16,2,124,5,119,0,0,0,1.0,1,1.0,1,1.0,1,0.1887854545098974,34
17,0,124,5,119,0,0,0,1.0,1,1.0,1,1.0,1,0.22972333551647248,33
18,0,124,5,119,0,0,0,1.0,1,1.0,1,1.0,1,0.24066475615174227,34
19,1,125,6,119,0,0,0,1.0,1,1.0,1,1.0,1,0.26336067813858616,34
20,0,125,6,119,0,0,0,1.0,1,1.0,1,1.0,1,0.2190908579168462,34
21,3,128,7,121,0,0,0,1.0,1,1.0,1,1.0,1,0.21063281544253876,36
22,0,128,7,121,0,0,0,1.0,1,1.0,1,1.0,1,0.21847028055135512,35
23,2,130,8,122,0,0,0,1.0,1,1.0,1,1.0,1,0.23108827704716753,35
24,1,131,8,123,0,0,0,1.0,1,1.0,1,1.0,1,0.19839690882619931,35
25,5,136,11,125,0,0,0,1.0,1,1.0,1,1.0,1,0.22685033450086636,35
26,9,145,13,132,0,0,0,1.0,1,1.0,1,1.0,1,0.1620410288424146,36
27,5,150,15,135,0,0,0,1.0,1,1.0,1,1.0,1,0.09237834047435167,34
28,4,154,16,138,0,0,0,1.0,1,1.0,1,1.0,1,0.12728607832107253,35
29,1,155,16,139,0,0,0,1.0,1,1.0,1,1.0,1,0.15709408867948726,33
30,3,158,18,140,0,0,0,1.0,1,1.0,1,1.0,1,0.1264320411754471,33
31,2,160,18,142,0,0,0,1.0,1,1.0,1,1.0,1,0.18906909159664526,33
32,0,160,18,142,0,0,0,1.0,1,1.0,1,1.0,1,0.21361540226528689,32
33,3,163,18,145,0,0,0,1.0,1,1.0,1,1.0,1,0.1573926747989245,33
34,0,163,18,145,0,0,0,1.0,1,1.0,1,1.0,1,0.1573926747989245,33
35,2,165,18,147,0,0,0,1.0,1,1.0,1,1.0,1,0.14525263563322552,35
36,5,170,19,151,0,0,0,1.0,1,1.0,1,1.0,1,0.17351884473243934,36
37,6,176,20,156,0,0,0,1.0,1,1.0,1,1.0,1,0.13270213961749802,37
38,3,179,21,158,0,0,0,1.0,1,1.0,1,1.0,1,0.15189726836712197,36
39,7,186,21,165,0,0,0,1.0,1,1.0,1,1.0,1,0.18854358991637207,38
40,5,191,21,170,0,0,0,1.0,1,1.0,1,1.0,1,0.18150468416532217,40
41,3,194,21,173,0,0,0,1.0,1,1.0,1,1.0,1,0.1337349877009685,40
42,3,197,24,173,0,0,0,1.0,1,1.0,1,1.0,1,0.1646447016262861,40
43,6,203,25,178,0,0,0,1.0,1,1.0,1,1.0,1,0.1641436849171594,43
44,2,205,25,180,0,0,0,1.0,1,1.0,1,1.0,1,0.14603623567900892,43
45,2,207,26,181,0,0,0,1.0,1,1.0,1,1.0,1,0.1515936825412822,44
46,2,209,26,183,0,0,0,1.0,1,1.0,1,1.0,1,0.13673060880407228,44
47,1,210,27,183,0,0,0,1.0,1,1.0,1,1.0,1,0.1643216504916631,44
48,2,212,28,184,0,0,0,1.0,1,1.0,1,1.0,1,0.19279012938271423,44
49,0,212,28,184,0,0,0,1.0,1,1.0,1,1.0,1,0.19847712871673703,41
50,0,212,28,184,0,0,0,1.0,1,1.0,1,1.0,1,0.22714404746139916,40
51,5,217,28,189,0,0,0,1.0,1,1.0,1,1.0,1,0.2256136976787345,38
52,3,220,28,192,0,0,0,1.0,1,1.0,1,1.0,1,0.21603731114139213,37
53,4,224,28,196,0,0,0,1.0,1,1.0,1,1.0,1,0.1902508566216057,38
54,2,226,28,198,0,0,0,1.0,1,1.0,1,1.0,1,0.23361050445563902,38
55,0,226,28,198,0,0,0,1.0,1,1.0,1,1.0,1,0.23361050445563902,38
56,3,229,28,201,0,0,0,1.0,1,1.0,1,1.0,1,0.1515127002350553,38
57,1,230,29,201,0,0,0,1.0,1,1.0,1,1.0,1,0.15795005620016322,38
58,3,233,30,203,0,0,0,1.0,1,1.0,1,1.0,1,0.20882624413814124,38
59,2,235,30,205,0,0,0,1.0,1,1.0,1,1.0,1,0.1958505657161283,40
60,3,238,31,207,0,0,0,1.0,1,1.0,1,1.0,1,0.15830079900065067,40
61,1,239,31,208,0,0,0,1.0,1,1.0,1,1.0,1,0.158731505890418,40
62,1,240,31,209,0,0,0,1.0,1,1.0,1,1.0,1,0.14841321046292621,42
63,1,241,31,210,0,0,0,1.0,1,1.0,1,1.0,1,0.14662318330490973,40
64,0,241,31,210,0,0,0,1.0,1,1.0,1,1.0,1,0.13629658770261435,41
65,0,241,31,210,0,0,0,1.0,1,1.0,1,1.0,1,0.13629658770261435,41
66,1,242,32,210,0,0,0,1.0,1,1.0,1,1.0,1,0.14376048848805975,41
67,1,243,32,211,0,0,0,1.0,1,1.0,1,1.0,1,0.1061571966877889,41
68,0,243,32,211,0,0,0,1.0,1,1.0,1,1.0,1,0.09133116043229324,41
69,1,244,32,212,0,0,0,1.0,1,1.0,1,1.0,1,0.09469111030672063,41
70,0,244,32,212,0,0,0,1.0,1,1.0,1,1.0,1,0.1137526599164223,42
71,5,249,34,215,0,0,0,1.0,1,1.0,1,1.0,1,0.07354894615105405,44
72,1,250,34,216,0,0,0,1.0,1,1.0,1,1.0,1,0.05855986206253912,44
73,0,250,34,216,0,0,0,1.0,1,1.0,1,1.0,1,0.08165702158296224,46
74,1,251,35,216,0,0,0,1.0,1,1.0,1,1.0,1,0.10985225938581382,44
75,1,252,36,216,0,0,0,1.0,1,1.0,1,1.0,1,0.10213071033253415,44
76,3,255,38,217,0,0,0,1.0,1,1.0,1,1.0,1,0.11676892302424437,45
77,1,256,39,217,0,0,0,1.0,1,1.0,1,1.0,1,0.1529389921510317,44
78,3,259,41,218,0,0,0,1.0,1,1.0,1,1.0,1,0.12863203490086544,44
79,1,260,42,218,0,0,0,1.0,1,1.0,1,1.0,1,0.17821398736797622,43
80,1,261,43,218,0,0,0,1.0,1,1.0,1,1.0,1,0.19229320069337558,43
81,4,265,45,220,0,0,0,1.0,1,1.0,1,1.0,1,0.21688035723222537,44
82,4,269,47,222,0,0,0,1.0,1,1.0,1,1.0,1,0.20731282749162083,45
83,6,275,49,226,0,0,0,1.0,1,1.0,1,1.0,1,0.23911254935026416,45
84,4,279,49,230,0,0,0,1.0,1,1.0,1,1.0,1,0.24528131482643056,45
85,3,282,50,232,0,0,0,1.0,1,1.0,1,1.0,1,0.2325094703522258,45
86,2,284,50,234,0,0,0,1.0,1,1.0,1,1.0,1,0.20456348935643215,45
87,0,284,50,234,0,0,0,1.0,1,1.0,1,1.0,1,0.22498879615188425,44
88,0,284,50,234,0,0,0,1.0,1,1.0,1,1.0,1,0.21940321925436435,45
89,1,285,51,234,0,0,0,1.0,1,1.0,1,1.0,1,0.24218361706250685,46
90,0,285,51,234,0,0,0,1.0,1,1.0,1,1.0,1,0.2516455969020863,44
91,1,286,51,235,0,0,0,1.0,1,1.0,1,1.0,1,0.2293375548030513,45
92,2,288,51,237,0,0,0,1.0,1,1.0,1,1.0,1,0.2270468504846791,46
93,1,289,51,238,0,0,0,1.0,1,1.0,1,1.0,1,0.21005648140165523,46
94,1,290,51,239,0,0,0,1.0,1,1.0,1,1.0,1,0.20507406620934704,46
95,2,292,51,241,0,0,0,1.0,1,1.0,1,1.0,1,0.19609910357946952,46
96,0,292,51,241,0,0,0,1.0,1,1.0,1,1.0,1,0.19609910357946952,46
97,0,292,51,241,0,0,0,1.0,1,1.0,1,1.0,1,0.1899421842964932,47
98,0,292,51,241,0,0,0,1.0,1,1.0,1,1.0,1,0.1899421842964932,47
99,0,292,51,241,0,0,0,1.0,1,1.0,1,1.0,1,0.21616634361281725,46
100,1,293,52,241,0,0,0,1.0,1,1.0,1,1.0,1,0.23885381431114505,48
101,5,298,53,245,0,0,0,1.0,1,1.0,1,1.0,1,0.20812184320484473,49
102,1,299,54,245,0,0,0,1.0,1,1.0,1,1.0,1,0.22045122326493247,49
103,3,302,54,248,0,0,0,1.0,1,1.0,1,1.0,1,0.17419021028719794,48
104,2,304,56,248,0,0,0,1.0,1,1.0,1,1.0,1,0.2041662408222336,49
105,3,307,58,249,0,0,0,1.0,1,1.0,1,1.0,1,0.20351076806015359,48
106,8,315,59,256,0,0,0,1.0,1,1.0,1,1.0,1,0.13866687836149352,48
107,3,318,60,258,0,0,0,1.0,1,1.0,1,1.0,1,0.11545124846206134,47
108,2,320,60,260,0,0,0,1.0,1,1.0,1,1.0,1,0.14771727691828698,47
109,3,323,62,261,0,0,0,1.0,1,1.0,1,1.0,1,0.15566293626488384,47
110,3,326,63,263,0,0,0,1.0,1,1.0,1,1.0,1,0.1834428295372695,47
111,6,332,64,268,0,0,0,1.0,1,1.0,1,1.0,1,0.07939276325521467,46
112,3,335,66,269,0,0,0,1.0,1,1.0,1,1.0,1,0.0853867846082582,46
113,5,340,69,271,0,0,0,1.0,1,1.0,1,1.0,1,0.1494015168422568,45
114,3,343,69,274,0,0,0,1.0,1,1.0,1,1.0,1,0.1608013242755459,46
115,7,350,70,280,0,0,0,1.0,1,1.0,1,1.0,1,0.18105052290105814,47
116,5,355,70,285,0,0,0,1.0,1,1.0,1,1.0,1,0.13672808159905425,48
117,3,358,72,286,0,0,0,1.0,1,1.0,1,1.0,1,0.12315765365660311,48
118,0,358,72,286,0,0,0,1.0,1,1.0,1,1.0,1,0.12688702274452981,49
119,3,361,73,288,0,0,0,1.0,1,1.0,1,1.0,1,0.15346871958018887,50
120,1,362,73,289,0,0,0,1.0,1,1.0,1,1.0,1,0.1299710585337563,51
121,0,362,73,289,0,0,0,1.0,1,1.0,1,1.0,1,0.1299710585337563,51
122,0,362,73,289,0,0,0,1.0,1,1.0,1,1.0,1,0.1299710585337563,51
123,0,362,73,289,0,0,0,1.0,1,1.0,1,1.0,1,0.1299710585337563,51
124,0,362,73,289,0,0,0,1.0,1,1.0,1,1.0,1,0.1299710585337563,51
125,0,362,73,289,0,0,0,1.0,1,1.0,1,1.0,1,0.16418539244906702,50
126,4,366,74,292,0,0,0,1.0,1,1.0,1,1.0,1,0.11390303421868334,52
127,1,367,74,293,0,0,0,1.0,1,1.0,1,1.0,1,0.12527577524052685,50
128,0,367,74,293,0,0,0,1.0,1,1.0,1,1.0,1,0.12527577524052685,50
129,2,369,74,295,0,0,0,1.0,1,1.0,1,1.0,1,0.13968929700313926,52
130,1,370,75,295,0,0,0,1.0,1,1.0,1,1.0,1,0.16958384823243738,52
131,6,376,76,300,0,0,0,1.0,1,1.0,1,1.0,1,0.13619796950727728,54
132,5,381,78,303,0,0,0,1.0,1,1.0,1,1.0,1,0.1240295073190884,54
133,0,381,78,303,0,0,0,1.0,1,1.0,1,1.0,1,0.12732155364448366,52
134,1,382,79,303,0,0,0,1.0,1,1.0,1,1.0,1,0.10352566742399597,52
135,4,386,83,303,0,0,0,1.0,1,1.0,1,1.0,1,0.12492156628188016,51
136,5,391,84,307,0,0,0,1.0,1,1.0,1,1.0,1,0.11367810577382556,51
137,2,393,84,309,0,0,0,1.0,1,1.0,1,1.0,1,0.09128771223505147,50
138,1,394,85,309,0,0,0,1.0,1,1.0,1,1.0,1,0.0781168316818486,52
139,3,397,87,310,0,0,0,1.0,1,1.0,1,1.0,1,0.10633131904318413,51
140,1,398,88,310,0,0,0,1.0,1,1.0,1,1.0,1,0.1287451693885751,51
141,3,401,89,312,0,0,0,1.0,1,1.0,1,1.0,1,0.11686088360275489,50
142,1,402,90,312,0,0,0,1.0,1,1.0,1,1.0,1,0.13279697749652794,51
143,0,402,90,312,0,0,0,1.0,1,1.0,1,1.0,1,0.16313513881855435,48
144,3,405,93,312,0,0,0,1.0,1,1.0,1,1.0,1,0.15965887569260293,49
145,5,410,96,314,0,0,0,1.0,1,1.0,1,1.0,1,0.12762173882931216,47
146,5,415,98,317,0,0,0,1.0,1,1.0,1,1.0,1,0.10772216549971919,49
147,0,415,98,317,0,0,0,1.0,1,1.0,1,1.0,1,0.12325201070478888,46
148,0,415,98,317,0,0,0,1.0,1,1.0,1,1.0,1,0.13231038713498303,47
149,1,416,99,317,0,0,0,1.0,1,1.0,1,1.0,1,0.14902915277973605,46
150,0,416,99,317,0,0,0,1.0,1,1.0,1,1.0,1,0.13604418469387802,47
151,4,420,100,320,0,0,0,1.0,1,1.0,1,1.0,1,0.12632528854702393,46
152,0,420,100,320,0,0,0,1.0,1,1.0,1,1.0,1,0.1299366833505341,45
153,1,421,100,321,0,0,0,1.0,1,1.0,1,1.0,1,0.12510287199386255,46
154,0,421,100,321,0,0,0,1.0,1,1.0,1,1.0,1,0.14152906207970975,44
155,4,425,103,322,0,0,0,1.0,1,1.0,1,1.0,1,0.22300473197157242,45
156,5,430,104,326,0,0,0,1.0,1,1.0,1,1.0,1,0.13433073514289712,43
157,3,433,105,328,0,0,0,1.0,1,1.0,1,1.0,1,0.12546834056041048,42
158,3,436,105,331,0,0,0,1.0,1,1.0,1,1.0,1,0.1321903167846275,43
159,5,441,106,335,0,0,0,1.0,1,1.0,1,1.0,1,0.17315726441378665,44
160,2,443,106,337,0,0,0,1.0,1,1.0,1,1.0,1,0.18100912320144114,44
161,4,447,107,340,0,0,0,1.0,1,1.0,1,1.0,1,0.1607930053273457,44
162,3,450,109,341,0,0,0,1.0,1,1.0,1,1.0,1,0.18638201712971014,44
163,6,456,113,343,0,0,0,1.0,1,1.0,1,1.0,1,0.20880072851092762,44
164,4,460,114,346,0,0,0,1.0,1,1.0,1,1.0,1,0.16164072702292723,44
165,3,463,116,347,0,0,0,1.0,1,1.0,1,1.0,1,0.1276043260120772,43
166,4,467,117,350,0,0,0,1.0,1,1.0,1,1.0,1,0.1284227517709318,43
167,0,467,117,350,0,0,0,1.0,1,1.0,1,1.0,1,0.13268286025201395,42
168,0,467,117,350,0,0,0,1.0,1,1.0,1,1.0,1,0.14770366468999693,40
169,4,471,118,353,0,0,0,1.0,1,1.0,1,1.0,1,0.08481434618497607,41
170,1,472,118,354,0,0,0,1.0,1,1.0,1,1.0,1,0.1209930831993688,39
171,2,474,120,354,0,0,0,1.0,1,1.0,1,1.0,1,0.10976551937285915,39
172,1,475,120,355,0,0,0,1.0,1,1.0,1,1.0,1,0.0981840704051214,38
173,4,479,124,355,0,0,0,1.0,1,1.0,1,1.0,1,0.2450412214727031,38
174,1,480,124,356,0,0,0,1.0,1,1.0,1,1.0,1,0.16385454063279573,37
175,1,481,125,356,0,0,0,1.0,1,1.0,1,1.0,1,0.18966805579016804,36
176,5,486,127,359,0,0,0,1.0,1,1.0,1,1.0,1,0.13770038263852682,36
177,0,486,127,359,0,0,0,1.0,1,1.0,1,1.0,1,0.14175177272754586,38
178,1,487,127,360,0,0,0,1.0,1,1.0,1,1.0,1,0.1161582914084438,39
179,0,487,127,360,0,0,0,1.0,1,1.0,1,1.0,1,0.12943324086135455,40
180,0,487,127,360,0,0,0,1.0,1,1.0,1,1.0,1,0.12943324086135455,40
181,1,488,127,361,0,0,0,1.0,1,1.0,1,1.0,1,0.1471033510869394,39
182,2,490,128,362,0,0,0,1.0,1,1.0,1,1.0,1,0.1575842148137904,40
183,3,493,129,364,0,0,0,1.0,1,1.0,1,1.0,1,0.2004494878635499,40
184,2,495,131,364,0,0,0,1.0,1,1.0,1,1.0,1,0.21498101966663263,38
185,4,499,132,367,0,0,0,1.0,1,1.0,1,1.0,1,0.17587244911829755,38
186,4,503,133,370,0,0,0,1.0,1,1.0,1,1.0,1,0.09339641284848683,37
187,2,505,134,371,0,0,0,1.0,1,1.0,1,1.0,1,0.10007805978918857,36
188,4,509,136,373,0,0,0,1.0,1,1.0,1,1.0,1,0.1576501751425046,36
189,2,511,137,374,0,0,0,1.0,1,1.0,1,1.0,1,0.13298978903912398,36
190,1,512,137,375,0,0,0,1.0,1,1.0,1,1.0,1,0.16690998798695109,36
191,1,513,138,375,0,0,0,1.0,1,1.0,1,1.0,1,0.17716726939078078,37
192,1,514,139,375,0,0,0,1.0,1,1.0,1,1.0,1,0.17694234229223638,37
193,0,514,139,375,0,0,0,1.0,1,1.0,1,1.0,1,0.16353653298263066,38
194,2,516,140,376,0,0,0,1.0,1,1.0,1,1.0,1,0.16775905935140725,39
195,2,518,142,376,0,0,0,1.0,1,1.0,1,1.0,1,0.1826982106791969,40
196,5,523,142,381,0,0,0,1.0,1,1.0,1,1.0,1,0.09946976777960789,40
197,0,523,142,381,0,0,0,1.0,1,1.0,1,1.0,1,0.150167720816476,40
198,1,524,143,381,0,0,0,1.0,1,1.0,1,1.0,1,0.16779697565160734,40
199,3,527,144,383,0,0,0,1.0,1,1.0,1,1.0,1,0.10543103625514232,40
200,3,530,145,385,0,0,0,1.0,1,1.0,1,1.0,1,0.13817881539283475,40
201,2,532,146,386,0,0,0,1.0,1,1.0,1,1.0,1,0.09376396595467192,39
202,1,533,146,387,0,0,0,1.0,1,1.0,1,1.0,1,0.10700292754035595,40
203,3,536,148,388,0,0,0,1.0,1,1.0,1,1.0,1,0.11439210454190853,39
204,2,538,150,388,0,0,0,1.0,1,1.0,1,1.0,1,0.11232137711039236,38
205,0,538,150,388,0,0,0,1.0,1,1.0,1,1.0,1,0.10053958604763706,37
206,4,542,150,392,0,0,0,1.0,1,1.0,1,1.0,1,0.10096509045332577,36
207,1,543,151,392,0,0,0,1.0,1,1.0,1,1.0,1,0.08560711832591979,37
208,0,543,151,392,0,0,0,1.0,1,1.0,1,1.0,1,0.10674125165129356,36
209,1,544,152,392,0,0,0,1.0,1,1.0,1,1.0,1,0.11782552815504631,36
210,1,545,152,393,0,0,0,1.0,1,1.0,1,1.0,1,0.15374564268794857,36
211,0,545,152,393,0,0,0,1.0,1,1.0,1,1.0,1,0.19349690096881705,34
212,1,546,153,393,0,0,0,1.0,1,1.0,1,1.0,1,0.22725389954092892,34
213,3,549,153,396,0,0,0,1.0,1,1.0,1,1.0,1,0.19931796113501618,36
214,4,553,154,399,0,0,0,1.0,1,1.0,1,1.0,1,0.201984308734605,35
215,2,555,154,401,0,0,0,1.0,1,1.0,1,1.0,1,0.1449691438777794,35
216,1,556,154,402,0,0,0,1.0,1,1.0,1,1.0,1,0.13581495022220091,37
217,3,559,155,404,0,0,0,1.0,1,1.0,1,1.0,1,0.13097503693590618,37
218,5,564,157,407,0,0,0,1.0,1,1.0,1,1.0,1,0.17404605902568807,37
219,2,566,158,408,0,0,0,1.0,1,1.0,1,1.0,1,0.22428634210923992,37
220,2,568,158,410,0,0,0,1.0,1,1.0,1,1.0,1,0.21999261443043533,38
221,7,575,160,415,0,0,0,1.0,1,1.0,1,1.0,1,0.1706779611767869,39
222,1,576,161,415,0,0,0,1.0,1,1.0,1,1.0,1,0.19399778315448346,39
223,3,579,162,417,0,0,0,1.0,1,1.0,1,1.0,1,0.16782049381786268,40
224,10,589,165,424,0,0,0,1.0,1,1.0,1,1.0,1,0.20292595115751252,40
225,1,590,165,425,0,0,0,1.0,1,1.0,1,1.0,1,0.16248294066474453,39
226,3,593,167,426,0,0,0,1.0,1,1.0,1,1.0,1,0.10467994071048496,39
227,1,594,167,427,0,0,0,1.0,1,1.0,1,1.0,1,0.1199131715067787,39
228,1,595,168,427,0,0,0,1.0,1,1.0,1,1.0,1,0.1303740939336418,38
229,2,597,169,428,0,0,0,1.0,1,1.0,1,1.0,1,0.14536177877220727,39
230,2,599,171,428,0,0,0,1.0,1,1.0,1,1.0,1,0.12456024487524041,38
231,6,605,175,430,0,0,0,1.0,1,1.0,1,1.0,1,0.14210816246335686,38
232,3,608,178,430,0,0,0,1.0,1,1.0,1,1.0,1,0.21066820240882397,37
233,2,610,179,431,0,0,0,1.0,1,1.0,1,1.0,1,0.23621068375445461,36
234,0,610,179,431,0,0,0,1.0,1,1.0,1,1.0,1,0.2602195581759557,34
235,1,611,180,431,0,0,0,1.0,1,1.0,1,1.0,1,0.2927844379122812,34
236,3,614,180,434,0,0,0,1.0,1,1.0,1,1.0,1,0.2268446571579772,33
237,0,614,180,434,0,0,0,1.0,1,1.0,1,1.0,1,0.27373539601977415,32
238,0,614,180,434,0,0,0,1.0,1,1.0,1,1.0,1,0.27584747688188277,32
239,4,618,181,437,0,0,0,1.0,1,1.0,1,1.0,1,0.20460711742745938,31
240,2,620,181,439,0,0,0,1.0,1,1.0,1,1.0,1,0.22767864284233724,28
241,2,622,182,440,0,0,0,1.0,1,1.0,1,1.0,1,0.22947624807921058,27
242,1,623,182,441,0,0,0,1.0,1,1.0,1,1.0,1,0.22790768594367822,29
243,2,625,183,442,0,0,0,1.0,1,1.0,1,1.0,1,0.2479193535462038,28
244,1,626,183,443,0,0,0,1.0,1,1.0,1,1.0,1,0.2619721635429968,28
245,3,629,184,445,0,0,0,1.0,1,1.0,1,1.0,1,0.29616994463426644,27
246,3,632,185,447,0,0,0,1.0,1,1.0,1,1.0,1,0.18236582211528304,25
247,3,635,186,449,0,0,0,1.0,1,1.0,1,1.0,1,0.17313405578919802,26
248,0,635,186,449,0,0,0,1.0,1,1.0,1,1.0,1,0.19860214653107572,27
249,0,635,186,449,0,0,0,1.0,1,1.0,1,1.0,1,0.18115245387577206,26
250,1,636,186,450,0,0,0,1.0,1,1.0,1,1.0,1,0.18428758186103536,27
251,2,638,187,451,0,0,0,1.0,1,1.0,1,1.0,1,0.18902344483631187,28
252,0,638,187,451,0,0,0,1.0,1,1.0,1,1.0,1,0.18902344483631187,28
253,0,638,187,451,0,0,0,1.0,1,1.0,1,1.0,1,0.16171039346518956,28
254,0,638,187,451,0,0,0,1.0,1,1.0,1,1.0,1,0.19448724826899502,29
255,2,640,188,452,0,0,0,1.0,1,1.0,1,1.0,1,0.25680610418848415,30
256,1,641,188,453,0,0,0,1.0,1,1.0,1,1.0,1,0.23807391599720878,30
257,0,641,188,453,0,0,0,1.0,1,1.0,1,1.0,1,0.24259556410982114,32
258,2,643,190,453,0,0,0,1.0,1,1.0,1,1.0,1,0.26189891022591544,32
259,1,644,190,454,0,0,0,1.0,1,1.0,1,1.0,1,0.250931720449322,32
260,0,644,190,454,0,0,0,1.0,1,1.0,1,1.0,1,0.22968286357289536,34
261,2,646,190,456,0,0,0,1.0,1,1.0,1,1.0,1,0.20230700887385908,35
262,4,650,193,457,0,0,0,1.0,1,1.0,1,1.0,1,0.2575949493278446,36
263,0,650,193,457,0,0,0,1.0,1,1.0,1,1.0,1,0.2259414360108959,34
264,1,651,193,458,0,0,0,1.0,1,1.0,1,1.0,1,0.20441209876845304,34
265,0,651,193,458,0,0,0,1.0,1,1.0,1,1.0,1,0.20971048481872165,33
266,1,652,193,459,0,0,0,1.0,1,1.0,1,1.0,1,0.19732559221379684,34
267,0,652,193,459,0,0,0,1.0,1,1.0,1,1.0,1,0.20033839106936294,33
268,1,653,193,460,0,0,0,1.0,1,1.0,1,1.0,1,0.20550956674381282,34
269,1,654,194,460,0,0,0,1.0,1,1.0,1,1.0,1,0.21022837448985432,34
270,2,656,194,462,0,0,0,1.0,1,1.0,1,1.0,1,0.21154192943735617,36
271,0,656,194,462,0,0,0,1.0,1,1.0,1,1.0,1,0.21154192943735617,36
272,1,657,194,463,0,0,0,1.0,1,1.0,1,1.0,1,0.21422324152294223,38
273,1,658,194,464,0,0,0,1.0,1,1.0,1,1.0,1,0.18698387847596262,38
274,2,660,195,465,0,0,0,1.0,1,1.0,1,1.0,1,0.1871798873776026,38
275,1,661,195,466,0,0,0,1.0,1,1.0,1,1.0,1,0.17000406061585635,38
276,2,663,195,468,0,0,0,1.0,1,1.0,1,1.0,1,0.1791600788997785,39
277,2,665,196,469,0,0,0,1.0,1,1.0,1,1.0,1,0.18807751263744793,38
278,0,665,196,469,0,0,0,1.0,1,1.0,1,1.0,1,0.21687473018577652,38
279,1,666,197,469,0,0,0,1.0,1,1.0,1,1.0,1,0.21202050643507744,38
280,2,668,198,470,0,0,0,1.0,1,1.0,1,1.0,1,0.19801362365656142,38
281,3,671,198,473,0,0,0,1.0,1,1.0,1,1.0,1,0.11204447217091383,38
282,1,672,199,473,0,0,0,1.0,1,1.0,1,1.0,1,0.13285295067248437,38
283,2,674,201,473,0,0,0,1.0,1,1.0,1,1.0,1,0.17059464928875756,38
284,1,675,201,474,0,0,0,1.0,1,1.0,1,1.0,1,0.15177194811656294,39
285,0,675,201,474,0,0,0,1.0,1,1.0,1,1.0,1,0.15177194811656294,39
286,1,676,201,475,0,0,0,1.0,1,1.0,1,1.0,1,0.14133098091087024,39
287,1,677,201,476,0,0,0,1.0,1,1.0,1,1.0,1,0.15498888326182247,39
288,1,678,201,477,0,0,0,1.0,1,1.0,1,1.0,1,0.11007563415330221,39
289,2,680,202,478,0,0,0,1.0,1,1.0,1,1.0,1,0.12062950266643636,39
290,1,681,203,478,0,0,0,1.0,1,1.0,1,1.0,1,0.1487124095089768,39
291,2,683,203,480,0,0,0,1.0,1,1.0,1,1.0,1,0.09966381628462187,39
292,1,684,203,481,0,0,0,1.0,1,1.0,1,1.0,1,0.09616236760048574,40
293,0,684,203,481,0,0,0,1.0,1,1.0,1,1.0,1,0.09172212056265491,41
294,3,687,204,483,0,0,0,1.0,1,1.0,1,1.0,1,0.11049758267033678,40
295,4,691,206,485,0,0,0,1.0,1,1.0,1,1.0,1,0.1258829598916009,42
296,2,693,207,486,0,0,0,1.0,1,1.0,1,1.0,1,0.13603732392391304,42
297,1,694,207,487,0,0,0,1.0,1,1.0,1,1.0,1,0.12020509625789959,43
298,2,696,209,487,0,0,0,1.0,1,1.0,1,1.0,1,0.11532015004707379,44
299,1,697,210,487,0,0,0,1.0,1,1.0,1,1.0,1,0.12477882088258771,44
300,3,700,211,489,0,0,0,1.0,1,1.0,1,1.0,1,0.0859933329563043,45
301,3,703,213,490,0,0,0,1.0,1,1.0,1,1.0,1,0.11163594182231357,47
302,6,709,216,493,0,0,0,1.0,1,1.0,1,1.0,1,0.11174260678282487,46
303,2,711,218,493,0,0,0,1.0,1,1.0,1,1.0,1,0.11539572614043266,45
304,3,714,219,495,0,0,0,1.0,1,1.0,1,1.0,1,0.09900484868215317,45
305,0,714,219,495,0,0,0,1.0,1,1.0,1,1.0,1,0.10742430472584862,43
306,5,719,219,500,0,0,0,1.0,1,1.0,1,1.0,1,0.10768276679450009,44
307,2,721,221,500,0,0,0,1.0,1,1.0,1,1.0,1,0.10955705551719527,42
308,2,723,223,500,0,0,0,1.0,1,1.0,1,1.0,1,0.14753398148114738,41
309,1,724,223,501,0,0,0,1.0,1,1.0,1,1.0,1,0.1630278287436625,42
310,2,726,223,503,0,0,0,1.0,1,1.0,1,1.0,1,0.1651973587520936,41
311,3,729,223,506,0,0,0,1.0,1,1.0,1,1.0,1,0.11649326044192429,41
312,1,730,223,507,0,0,0,1.0,1,1.0,1,1.0,1,0.09794594023938787,44
313,1,731,223,508,0,0,0,1.0,1,1.0,1,1.0,1,0.09444747208118329,43
314,0,731,223,508,0,0,0,1.0,1,1.0,1,1.0,1,0.09444747208118329,43
315,1,732,224,508,0,0,0,1.0,1,1.0,1,1.0,1,0.06291989835228749,43
316,1,733,225,508,0,0,0,1.0,1,1.0,1,1.0,1,0.08397918163389403,43
317,0,733,225,508,0,0,0,1.0,1,1.0,1,1.0,1,0.10320817357080614,44
318,2,735,227,508,0,0,0,1.0,1,1.0,1,1.0,1,0.18120770399511835,45
319,2,737,227,510,0,0,0,1.0,1,1.0,1,1.0,1,0.16027869285501273,46
320,2,739,228,511,0,0,0,1.0,1,1.0,1,1.0,1,0.12250394947846716,45
321,0,739,228,511,0,0,0,1.0,1,1.0,1,1.0,1,0.10815336300769672,44
322,0,739,228,511,0,0,0,1.0,1,1.0,1,1.0,1,0.1256795082894683,42
323,4,743,230,513,0,0,0,1.0,1,1.0,1,1.0,1,0.06891637676391024,42
324,0,743,230,513,0,0,0,1.0,1,1.0,1,1.0,1,0.067130103663897,43
325,2,745,232,513,0,0,0,1.0,1,1.0,1,1.0,1,0.13303302715110527,43
326,4,749,232,517,0,0,0,1.0,1,1.0,1,1.0,1,0.10117192433786298,43
327,3,752,234,518,0,0,0,1.0,1,1.0,1,1.0,1,0.10526633955286131,44
328,0,752,234,518,0,0,0,1.0,1,1.0,1,1.0,1,0.10526633955286131,44
329,0,752,234,518,0,0,0,1.0,1,1.0,1,1.0,1,0.10010702176127854,45
330,1,753,234,519,0,0,0,1.0,1,1.0,1,1.0,1,0.10215178217541869,46
331,1,754,235,519,0,0,0,1.0,1,1.0,1,1.0,1,0.11558156387989593,46
332,1,755,235,520,0,0,0,1.0,1,1.0,1,1.0,1,0.08621861473805319,47
333,0,755,235,520,0,0,0,1.0,1,1.0,1,1.0,1,0.10125846508701601,48
334,0,755,235,520,0,0,0,1.0,1,1.0,1,1.0,1,0.10125846508701601,48
335,2,757,236,521,0,0,0,1.0,1,1.0,1,1.0,1,0.09806985595802539,49
336,3,760,236,524,0,0,0,1.0,1,1.0,1,1.0,1,0.09638205705489182,50
337,0,760,236,524,0,0,0,1.0,1,1.0,1,1.0,1,0.1064451306377932,51
338,1,761,237,524,0,0,0,1.0,1,1.0,1,1.0,1,0.14181995671853648,51
339,4,765,239,526,0,0,0,1.0,1,1.0,1,1.0,1,0.15272743719140947,51
340,2,767,240,527,0,0,0,1.0,1,1.0,1,1.0,1,0.17145188570631129,51
341,6,773,240,533,0,0,0,1.0,1,1.0,1,1.0,1,0.08796371683024655,51
342,1,774,241,533,0,0,0,1.0,1,1.0,1,1.0,1,0.1137867155409669,51
343,2,776,241,535,0,0,0,1.0,1,1.0,1,1.0,1,0.07480647616596028,51
344,2,778,242,536,0,0,0,1.0,1,1.0,1,1.0,1,0.11068926085239707,50
345,0,778,242,536,0,0,0,1.0,1,1.0,1,1.0,1,0.11068926085239707,50
346,2,780,243,537,0,0,0,1.0,1,1.0,1,1.0,1,0.15547791304247577,50
347,2,782,243,539,0,0,0,1.0,1,1.0,1,1.0,1,0.13359137332823318,51
348,0,782,243,539,0,0,0,1.0,1,1.0,1,1.0,1,0.1374441883201514,52
349,2,784,245,539,0,0,0,1.0,1,1.0,1,1.0,1,0.15383319196346598,54
350,5,789,245,544,0,0,0,1.0,1,1.0,1,1.0,1,0.14818945189072816,54
351,5,794,248,546,0,0,0,1.0,1,1.0,1,1.0,1,0.13870667099085432,54
352,3,797,249,548,0,0,0,1.0,1,1.0,1,1.0,1,0.14472522372363442,56
353,2,799,251,548,0,0,0,1.0,1,1.0,1,1.0,1,0.14364293083639643,54
354,5,804,251,553,0,0,0,1.0,1,1.0,1,1.0,1,0.11243387455858074,53
355,1,805,251,554,0,0,0,1.0,1,1.0,1,1.0,1,0.11580237891910795,54
356,5,810,252,558,0,0,0,1.0,1,1.0,1,1.0,1,0.15580778921453736,54
357,4,814,254,560,0,0,0,1.0,1,1.0,1,1.0,1,0.17896309858682044,53
358,2,816,254,562,0,0,0,1.0,1,1.0,1,1.0,1,0.19120843243596988,49
359,2,818,254,564,0,0,0,1.0,1,1.0,1,1.0,1,0.18079179433328285,48
360,2,820,254,566,0,0,0,1.0,1,1.0,1,1.0,1,0.19791195176170814,47
361,5,825,254,571,0,0,0,1.0,1,1.0,1,1.0,1,0.13433862587217485,46
362,0,825,254,571,0,0,0,1.0,1,1.0,1,1.0,1,0.13625447713234928,46
363,2,827,254,573,0,0,0,1.0,1,1.0,1,1.0,1,0.1134528349238319,47
364,3,830,255,575,0,0,0,1.0,1,1.0,1,1.0,1,0.12566843331129846,47
365,2,832,255,577,0,0,0,1.0,1,1.0,1,1.0,1,0.12566843331129846,47
366,5,837,257,580,0,0,0,1.0,1,1.0,1,1.0,1,0.1439343013338239,50
367,3,840,258,582,0,0,0,1.0,1,1.0,1,1.0,1,0.12113460588943556,50
368,0,840,258,582,0,0,0,1.0,1,1.0,1,1.0,1,0.09969892497840564,51
369,2,842,258,584,0,0,0,1.0,1,1.0,1,1.0,1,0.1229152383102419,51
370,0,842,258,584,0,0,0,1.0,1,1.0,1,1.0,1,0.1229152383102419,51
371,4,846,259,587,0,0,0,1.0,1,1.0,1,1.0,1,0.11877589105012251,52
372,1,847,259,588,0,0,0,1.0,1,1.0,1,1.0,1,0.12639625942335414,53
373,1,848,260,588,0,0,0,1.0,1,1.0,1,1.0,1,0.1341206257571638,53
374,5,853,261,592,0,0,0,1.0,1,1.0,1,1.0,1,0.13388591735928007,53
375,8,861,263,598,0,0,0,1.0,1,1.0,1,1.0,1,0.12101702762310827,53
376,3,864,264,600,0,0,0,1.0,1,1.0,1,1.0,1,0.0886920421536797,53
377,2,866,266,600,0,0,0,1.0,1,1.0,1,1.0,1,0.07879712010160221,53
378,2,868,267,601,0,0,0,1.0,1,1.0,1,1.0,1,0.07900766706643086,53
379,1,869,268,601,0,0,0,1.0,1,1.0,1,1.0,1,0.09873165345075004,54
380,0,869,268,601,0,0,0,1.0,1,1.0,1,1.0,1,0.09873165345075004,54
381,2,871,269,602,0,0,0,1.0,1,1.0,1,1.0,1,0.07396895422281212,54
382,1,872,270,602,0,0,0,1.0,1,1.0,1,1.0,1,0.10781422880910503,55
383,4,876,272,604,0,0,0,1.0,1,1.0,1,1.0,1,0.0844396125884865,55
384,1,877,273,604,0,0,0,1.0,1,1.0,1,1.0,1,0.11780597898383731,54
385,2,879,274,605,0,0,0,1.0,1,1.0,1,1.0,1,0.09975469645168698,52
386,3,882,275,607,0,0,0,1.0,1,1.0,1,1.0,1,0.09388548558333001,52
387,1,883,276,607,0,0,0,1.0,1,1.0,1,1.0,1,0.1086199727230157,50
388,5,888,278,610,0,0,0,1.0,1,1.0,1,1.0,1,0.07392932026927967,52
389,2,890,280,610,0,0,0,1.0,1,1.0,1,1.0,1,0.10919888225989385,51
390,1,891,281,610,0,0,0,1.0,1,1.0,1,1.0,1,0.10857624264427816,50
391,7,898,284,614,0,0,0,1.0,1,1.0,1,1.0,1,0.10527773540014392,49
392,2,900,286,614,0,0,0,1.0,1,1.0,1,1.0,1,0.12027836706773075,47
393,2,902,287,615,0,0,0,1.0,1,1.0,1,1.0,1,0.12943731917216628,47
394,3,905,288,617,0,0,0,1.0,1,1.0,1,1.0,1,0.14202698619546306,48
395,3,908,289,619,0,0,0,1.0,1,1.0,1,1.0,1,0.17603512925800102,46
396,6,914,290,624,0,0,0,1.0,1,1.0,1,1.0,1,0.12251251629565064,43
397,2,916,290,626,0,0,0,1.0,1,1.0,1,1.0,1,0.1287490323081266,42
398,2,918,292,626,0,0,0,1.0,1,1.0,1,1.0,1,0.18578598189535483,40
399,1,919,292,627,0,0,0,1.0,1,1.0,1,1.0,1,0.16874420453770655,39
400,0,919,292,627,0,0,0,1.0,1,1.0,1,1.0,1,0.18694005955516702,38
401,5,924,292,632,0,0,0,1.0,1,1.0,1,1.0,1,0.13683056916683348,37
402,0,924,292,632,0,0,0,1.0,1,1.0,1,1.0,1,0.1563122707135332,36
403,0,924,292,632,0,0,0,1.0,1,1.0,1,1.0,1,0.12934563587165573,38
404,1,925,293,632,0,0,0,1.0,1,1.0,1,1.0,1,0.11384086657957855,39
405,0,925,293,632,0,0,0,1.0,1,1.0,1,1.0,1,0.1017584984821351,40
406,1,926,293,633,0,0,0,1.0,1,1.0,1,1.0,1,0.10611464642229343,41
407,0,926,293,633,0,0,0,1.0,1,1.0,1,1.0,1,0.09458803940617165,42
408,0,926,293,633,0,0,0,1.0,1,1.0,1,1.0,1,0.07595822283582143,43
409,1,927,294,633,0,0,0,1.0,1,1.0,1,1.0,1,0.10523851527059015,44
410,1,928,294,634,0,0,0,1.0,1,1.0,1,1.0,1,0.10361230498163689,46
411,1,929,295,634,0,0,0,1.0,1,1.0,1,1.0,1,0.13299438098419836,46
412,2,931,295,636,0,0,0,1.0,1,1.0,1,1.0,1,0.12914821551930952,47
413,1,932,296,636,0,0,0,1.0,1,1.0,1,1.0,1,0.158905411278041,47
414,1,933,296,637,0,0,0,1.0,1,1.0,1,1.0,1,0.14200966604754325,47
415,0,933,296,637,0,0,0,1.0,1,1.0,1,1.0,1,0.16150771903527844,48
416,5,938,297,641,0,0,0,1.0,1,1.0,1,1.0,1,0.15875539754991896,49
417,2,940,297,643,0,0,0,1.0,1,1.0,1,1.0,1,0.1603963980474173,49
418,3,943,298,645,0,0,0,1.0,1,1.0,1,1.0,1,0.16076685968295484,50
419,1,944,298,646,0,0,0,1.0,1,1.0,1,1.0,1,0.14631996416281493,50
420,2,946,298,648,0,0,0,1.0,1,1.0,1,1.0,1,0.14729407243402265,50
421,3,949,299,650,0,0,0,1.0,1,1.0,1,1.0,1,0.1410377278105367,50
422,1,950,300,650,0,0,0,1.0,1,1.0,1,1.0,1,0.13592431602687752,50
423,6,956,302,654,0,0,0,1.0,1,1.0,1,1.0,1,0.13653812249087666,51
424,1,957,302,655,0,0,0,1.0,1,1.0,1,1.0,1,0.12588154623158662,49
425,2,959,304,655,0,0,0,1.0,1,1.0,1,1.0,1,0.16423216801948237,48
426,4,963,305,658,0,0,0,1.0,1,1.0,1,1.0,1,0.13633447206725935,50
427,1,964,305,659,0,0,0,1.0,1,1.0,1,1.0,1,0.12570190845711465,48
428,2,966,307,659,0,0,0,1.0,1,1.0,1,1.0,1,0.17718154816665505,49
429,2,968,307,661,0,0,0,1.0,1,1.0,1,1.0,1,0.14949624519109736,45
430,3,971,308,663,0,0,0,1.0,1,1.0,1,1.0,1,0.1438571402109538,44
431,2,973,309,664,0,0,0,1.0,1,1.0,1,1.0,1,0.15276792235625436,42
432,0,973,309,664,0,0,0,1.0,1,1.0,1,1.0,1,0.18864460446616318,40
433,1,974,310,664,0,0,0,1.0,1,1.0,1,1.0,1,0.23706552907818138,39
434,3,977,312,665,0,0,0,1.0,1,1.0,1,1.0,1,0.18445267937678084,39
435,5,982,315,667,0,0,0,1.0,1,1.0,1,1.0,1,0.2719687844548266,38
436,7,989,315,674,0,0,0,1.0,1,1.0,1,1.0,1,0.16455012954925624,38
437,3,992,315,677,0,0,0,1.0,1,1.0,1,1.0,1,0.1354114811457975,39
438,2,994,316,678,0,0,0,1.0,1,1.0,1,1.0,1,0.14519950435101478,38
439,1,995,316,679,0,0,0,1.0,1,1.0,1,1.0,1,0.1664172577190231,39
440,2,997,316,681,0,0,0,1.0,1,1.0,1,1.0,1,0.17155008708683625,39
441,4,1001,317,684,0,0,0,1.0,1,1.0,1,1.0,1,0.10125015455264842,41
442,5,1006,317,689,0,0,0,1.0,1,1.0,1,1.0,1,0.110128146843851,42
443,2,1008,317,691,0,0,0,1.0,1,1.0,1,1.0,1,0.110128146843851,42
444,3,1011,317,694,0,0,0,1.0,1,1.0,1,1.0,1,0.09278732316824573,43
445,2,1013,317,696,0,0,0,1.0,1,1.0,1,1.0,1,0.10576658422786801,44
446,1,1014,318,696,0,0,0,1.0,1,1.0,1,1.0,1,0.05410731172050883,44
447,2,1016,318,698,0,0,0,1.0,1,1.0,1,1.0,1,0.053897685805429446,47
448,0,1016,318,698,0,0,0,1.0,1,1.0,1,1.0,1,0.05930439290107182,46
449,0,1016,318,698,0,0,0,1.0,1,1.0,1,1.0,1,0.05930439290107182,46
450,2,1018,318,700,0,0,0,1.0,1,1.0,1,1.0,1,0.09112021638716745,46
451,0,1018,318,700,0,0,0,1.0,1,1.0,1,1.0,1,0.1054449630050298,47
452,0,1018,318,700,0,0,0,1.0,1,1.0,1,1.0,1,0.13391906962210168,47
453,0,1018,318,700,0,0,0,1.0,1,1.0,1,1.0,1,0.13391906962210168,47
454,0,1018,318,700,0,0,0,1.0,1,1.0,1,1.0,1,0.1393343378668595,46
455,3,1021,320,701,0,0,0,1.0,1,1.0,1,1.0,1,0.14995777020773182,47
456,5,1026,320,706,0,0,0,1.0,1,1.0,1,1.0,1,0.08563835886165891,49
457,2,1028,321,707,0,0,0,1.0,1,1.0,1,1.0,1,0.08713576694706607,50
458,1,1029,321,708,0,0,0,1.0,1,1.0,1,1.0,1,0.0688930175198905,50
459,0,1029,321,708,0,0,0,1.0,1,1.0,1,1.0,1,0.06310185980549535,52
460,0,1029,321,708,0,0,0,1.0,1,1.0,1,1.0,1,0.08052453583219424,53
461,2,1031,321,710,0,0,0,1.0,1,1.0,1,1.0,1,0.06685390197557538,54
462,0,1031,321,710,0,0,0,1.0,1,1.0,1,1.0,1,0.06685390197557538,54
463,6,1037,323,714,0,0,0,1.0,1,1.0,1,1.0,1,0.06783262607769434,55
464,1,1038,323,715,0,0,0,1.0,1,1.0,1,1.0,1,0.07537337388400775,56
465,1,1039,324,715,0,0,0,1.0,1,1.0,1,1.0,1,0.08925622259178513,54
466,6,1045,328,717,0,0,0,1.0,1,1.0,1,1.0,1,0.14262876066480026,54
467,2,1047,329,718,0,0,0,1.0,1,1.0,1,1.0,1,0.15546824247236637,51
468,6,1053,332,721,0,0,0,1.0,1,1.0,1,1.0,1,0.1647828886570424,51
469,3,1056,334,722,0,0,0,1.0,1,1.0,1,1.0,1,0.15117782986808573,48
470,3,1059,336,723,0,0,0,1.0,1,1.0,1,1.0,1,0.16637709178839646,47
471,5,1064,339,725,0,0,0,1.0,1,1.0,1,1.0,1,0.1463571147695581,44
472,3,1067,342,725,0,0,0,1.0,1,1.0,1,1.0,1,0.20632573416662048,43
473,2,1069,343,726,0,0,0,1.0,1,1.0,1,1.0,1,0.20601153323926347,41
474,1,1070,343,727,0,0,0,1.0,1,1.0,1,1.0,1,0.1345050161594278,39
475,1,1071,344,727,0,0,0,1.0,1,1.0,1,1.0,1,0.16197220005990212,40
476,7,1078,348,730,0,0,0,1.0,1,1.0,1,1.0,1,0.1664988388725746,38
477,1,1079,348,731,0,0,0,1.0,1,1.0,1,1.0,1,0.16855215939161855,35
478,0,1079,348,731,0,0,0,1.0,1,1.0,1,1.0,1,0.17708412697266057,35
479,0,1079,348,731,0,0,0,1.0,1,1.0,1,1.0,1,0.2423450356538346,32
480,0,1079,348,731,0,0,0,1.0,1,1.0,1,1.0,1,0.2462732837679644,32
481,1,1080,348,732,0,0,0,1.0,1,1.0,1,1.0,1,0.20886477705345602,33
482,6,1086,351,735,0,0,0,1.0,1,1.0,1,1.0,1,0.20945698433428964,34
483,3,1089,352,737,0,0,0,1.0,1,1.0,1,1.0,1,0.16359773106446404,32
484,1,1090,352,738,0,0,0,1.0,1,1.0,1,1.0,1,0.11191420229150573,33
485,3,1093,353,740,0,0,0,1.0,1,1.0,1,1.0,1,0.09777441722694977,34
486,1,1094,353,741,0,0,0,1.0,1,1.0,1,1.0,1,0.12807678619077512,36
487,0,1094,353,741,0,0,0,1.0,1,1.0,1,1.0,1,0.12807678619077512,36
488,4,1098,353,745,0,0,0,1.0,1,1.0,1,1.0,1,0.07545530874124294,37
489,4,1102,355,747,0,0,0,1.0,1,1.0,1,1.0,1,0.10584531832807227,38
490,1,1103,356,747,0,0,0,1.0,1,1.0,1,1.0,1,0.10441769841959975,38
491,0,1103,356,747,0,0,0,1.0,1,1.0,1,1.0,1,0.1127361393939768,37
492,1,1104,357,747,0,0,0,1.0,1,1.0,1,1.0,1,0.12827754651398504,37
493,0,1104,357,747,0,0,0,1.0,1,1.0,1,1.0,1,0.12827754651398504,37
494,7,1111,360,751,0,0,0,1.0,1,1.0,1,1.0,1,0.1297480168144041,39
495,2,1113,360,753,0,0,0,1.0,1,1.0,1,1.0,1,0.12623282063227062,40
496,0,1113,360,753,0,0,0,1.0,1,1.0,1,1.0,1,0.12623282063227062,40
497,1,1114,360,754,0,0,0,1.0,1,1.0,1,1.0,1,0.10425057884552327,43
498,1,1115,361,754,0,0,0,1.0,1,1.0,1,1.0,1,0.12399465070440538,43
499,3,1118,363,755,0,0,0,1.0,1,1.0,1,1.0,1,0.17086412988685065,44
500,5,1123,363,760,0,0,0,1.0,1,1.0,1,1.0,1,0.1647591079219353,45
501,4,1127,363,764,0,0,0,1.0,1,1.0,1,1.0,1,0.12650288707938706,45
502,1,1128,364,764,0,0,0,1.0,1,1.0,1,1.0,1,0.11409619956856656,45
503,4,1132,366,766,0,0,0,1.0,1,1.0,1,1.0,1,0.15631915955897677,46
504,4,1136,369,767,0,0,0,1.0,1,1.0,1,1.0,1,0.1959558943471582,47
505,0,1136,369,767,0,0,0,1.0,1,1.0,1,1.0,1,0.219875097700804,42
506,6,1142,370,772,0,0,0,1.0,1,1.0,1,1.0,1,0.16938653882993965,41
507,0,1142,370,772,0,0,0,1.0,1,1.0,1,1.0,1,0.18705911800792094,38
508,2,1144,372,772,0,0,0,1.0,1,1.0,1,1.0,1,0.209954935837035,38
509,1,1145,373,772,0,0,0,1.0,1,1.0,1,1.0,1,0.24326637186532524,37
510,1,1146,374,772,0,0,0,1.0,1,1.0,1,1.0,1,0.24710304363862862,36
511,1,1147,374,773,0,0,0,1.0,1,1.0,1,1.0,1,0.2005603912508755,34
512,0,1147,374,773,0,0,0,1.0,1,1.0,1,1.0,1,0.20563096864849817,32
513,2,1149,374,775,0,0,0,1.0,1,1.0,1,1.0,1,0.11492751317367905,32
514,1,1150,374,776,0,0,0,1.0,1,1.0,1,1.0,1,0.10672745239255066,35
515,4,1154,374,780,0,0,0,1.0,1,1.0,1,1.0,1,0.13731667891600988,35
516,2,1156,374,782,0,0,0,1.0,1,1.0,1,1.0,1,0.0945422290959671,36
517,2,1158,375,783,0,0,0,1.0,1,1.0,1,1.0,1,0.11614825594683537,36
518,2,1160,375,785,0,0,0,1.0,1,1.0,1,1.0,1,0.1493443019801479,39
519,3,1163,376,787,0,0,0,1.0,1,1.0,1,1.0,1,0.1896021241391317,39
520,4,1167,376,791,0,0,0,1.0,1,1.0,1,1.0,1,0.16752492945943606,39
521,4,1171,376,795,0,0,0,1.0,1,1.0,1,1.0,1,0.1006274150440439,40
522,2,1173,377,796,0,0,0,1.0,1,1.0,1,1.0,1,0.07592482640583013,40
523,0,1173,377,796,0,0,0,1.0,1,1.0,1,1.0,1,0.06992811588711634,41
524,1,1174,377,797,0,0,0,1.0,1,1.0,1,1.0,1,0.0646739104497397,41
525,2,1176,378,798,0,0,0,1.0,1,1.0,1,1.0,1,0.08321994313420597,40
526,0,1176,378,798,0,0,0,1.0,1,1.0,1,1.0,1,0.08794722121894151,40
527,1,1177,379,798,0,0,0,1.0,1,1.0,1,1.0,1,0.1219022350287873,40
528,1,1178,380,798,0,0,0,1.0,1,1.0,1,1.0,1,0.12975752680367006,40
529,3,1181,381,800,0,0,0,1.0,1,1.0,1,1.0,1,0.1481323266723458,39
530,3,1184,383,801,0,0,0,1.0,1,1.0,1,1.0,1,0.1671623115980892,39
531,3,1187,384,803,0,0,0,1.0,1,1.0,1,1.0,1,0.13055749619653392,39
532,1,1188,384,804,0,0,0,1.0,1,1.0,1,1.0,1,0.13389129877911735,40
533,3,1191,385,806,0,0,0,1.0,1,1.0,1,1.0,1,0.18657696704817017,40
534,1,1192,385,807,0,0,0,1.0,1,1.0,1,1.0,1,0.1825317412688269,42
535,2,1194,386,808,0,0,0,1.0,1,1.0,1,1.0,1,0.19370230766787297,42
536,3,1197,386,811,0,0,0,1.0,1,1.0,1,1.0,1,0.13893062055895597,43
537,1,1198,386,812,0,0,0,1.0,1,1.0,1,1.0,1,0.13053669362327128,43
538,1,1199,387,812,0,0,0,1.0,1,1.0,1,1.0,1,0.15358765439957986,44
539,0,1199,387,812,0,0,0,1.0,1,1.0,1,1.0,1,0.15358765439957986,44
540,0,1199,387,812,0,0,0,1.0,1,1.0,1,1.0,1,0.15358765439957986,44
541,0,1199,387,812,0,0,0,1.0,1,1.0,1,1.0,1,0.1379321785524163,45
542,2,1201,389,812,0,0,0,1.0,1,1.0,1,1.0,1,0.17776319842194557,46
543,5,1206,391,815,0,0,0,1.0,1,1.0,1,1.0,1,0.22268188543956866,43
544,3,1209,393,816,0,0,0,1.0,1,1.0,1,1.0,1,0.2573821458518031,42
545,4,1213,394,819,0,0,0,1.0,1,1.0,1,1.0,1,0.20872198296602493,43
546,5,1218,395,823,0,0,0,1.0,1,1.0,1,1.0,1,0.1694751562421473,41
547,1,1219,395,824,0,0,0,1.0,1,1.0,1,1.0,1,0.1420330004360637,40
548,2,1221,397,824,0,0,0,1.0,1,1.0,1,1.0,1,0.09793476140176866,40
549,2,1223,399,824,0,0,0,1.0,1,1.0,1,1.0,1,0.12554645695590014,39
550,4,1227,400,827,0,0,0,1.0,1,1.0,1,1.0,1,0.1404575710758057,38
551,2,1229,402,827,0,0,0,1.0,1,1.0,1,1.0,1,0.18814425826923026,38
552,3,1232,403,829,0,0,0,1.0,1,1.0,1,1.0,1,0.22170031680763158,39
553,1,1233,403,830,0,0,0,1.0,1,1.0,1,1.0,1,0.2012411609129147,38
554,4,1237,403,834,0,0,0,1.0,1,1.0,1,1.0,1,0.1995087590697915,39
555,2,1239,403,836,0,0,0,1.0,1,1.0,1,1.0,1,0.15769629289035605,39
556,1,1240,404,836,0,0,0,1.0,1,1.0,1,1.0,1,0.14752081588459934,40
557,1,1241,404,837,0,0,0,1.0,1,1.0,1,1.0,1,0.1437203300771708,40
558,0,1241,404,837,0,0,0,1.0,1,1.0,1,1.0,1,0.1437203300771708,40
559,1,1242,405,837,0,0,0,1.0,1,1.0,1,1.0,1,0.11131570905421355,40
560,0,1242,405,837,0,0,0,1.0,1,1.0,1,1.0,1,0.1235366285208803,41
561,3,1245,406,839,0,0,0,1.0,1,1.0,1,1.0,1,0.1521842755024006,42
562,1,1246,407,839,0,0,0,1.0,1,1.0,1,1.0,1,0.17907954528967354,42
563,1,1247,408,839,0,0,0,1.0,1,1.0,1,1.0,1,0.21455997757427753,42
564,1,1248,408,840,0,0,0,1.0,1,1.0,1,1.0,1,0.22436848255498362,43
565,5,1253,410,843,0,0,0,1.0,1,1.0,1,1.0,1,0.2334377234975735,44
566,3,1256,410,846,0,0,0,1.0,1,1.0,1,1.0,1,0.20359968945609197,45
567,1,1257,411,846,0,0,0,1.0,1,1.0,1,1.0,1,0.2248196070077589,45
568,2,1259,412,847,0,0,0,1.0,1,1.0,1,1.0,1,0.17917828625527488,46
569,6,1265,414,851,0,0,0,1.0,1,1.0,1,1.0,1,0.19248754819844563,47
570,2,1267,415,852,0,0,0,1.0,1,1.0,1,1.0,1,0.21480006640525273,48
571,2,1269,416,853,0,0,0,1.0,1,1.0,1,1.0,1,0.21038048893166675,48
572,1,1270,416,854,0,0,0,1.0,1,1.0,1,1.0,1,0.2177471747787178,47
573,3,1273,416,857,0,0,0,1.0,1,1.0,1,1.0,1,0.17267549404202584,49
574,1,1274,416,858,0,0,0,1.0,1,1.0,1,1.0,1,0.15832951541378135,49
575,3,1277,416,861,0,0,0,1.0,1,1.0,1,1.0,1,0.11240886890889334,50
576,3,1280,416,864,0,0,0,1.0,1,1.0,1,1.0,1,0.0903801720299099,51
577,0,1280,416,864,0,0,0,1.0,1,1.0,1,1.0,1,0.0903801720299099,51
578,0,1280,416,864,0,0,0,1.0,1,1.0,1,1.0,1,0.0903801720299099,51
579,1,1281,417,864,0,0,0,1.0,1,1.0,1,1.0,1,0.12004748657264144,52
580,3,1284,417,867,0,0,0,1.0,1,1.0,1,1.0,1,0.1138969971034797,52
581,2,1286,418,868,0,0,0,1.0,1,1.0,1,1.0,1,0.13954897486667217,52
582,2,1288,418,870,0,0,0,1.0,1,1.0,1,1.0,1,0.12248524515392806,53
583,0,1288,418,870,0,0,0,1.0,1,1.0,1,1.0,1,0.13211272879382044,51
584,4,1292,421,871,0,0,0,1.0,1,1.0,1,1.0,1,0.09818901798393799,51
585,3,1295,423,872,0,0,0,1.0,1,1.0,1,1.0,1,0.15776737488519532,49
586,7,1302,424,878,0,0,0,1.0,1,1.0,1,1.0,1,0.09512111727925669,49
587,4,1306,426,880,0,0,0,1.0,1,1.0,1,1.0,1,0.07944265881436652,48
588,3,1309,426,883,0,0,0,1.0,1,1.0,1,1.0,1,0.09835634946826162,46
589,7,1316,427,889,0,0,0,1.0,1,1.0,1,1.0,1,0.1711076938418042,48
590,5,1321,427,894,0,0,0,1.0,1,1.0,1,1.0,1,0.12165222559974047,47
591,2,1323,427,896,0,0,0,1.0,1,1.0,1,1.0,1,0.09755048509835283,48
592,0,1323,427,896,0,0,0,1.0,1,1.0,1,1.0,1,0.07530085937307854,47
593,3,1326,430,896,0,0,0,1.0,1,1.0,1,1.0,1,0.12719168671790798,45
594,1,1327,431,896,0,0,0,1.0,1,1.0,1,1.0,1,0.13044011135020056,44
595,2,1329,433,896,0,0,0,1.0,1,1.0,1,1.0,1,0.19910271430525003,43
596,4,1333,436,897,0,0,0,1.0,1,1.0,1,1.0,1,0.21628375208921696,44
597,1,1334,436,898,0,0,0,1.0,1,1.0,1,1.0,1,0.19804965831995427,43
598,6,1340,439,901,0,0,0,1.0,1,1.0,1,1.0,1,0.2628386099230896,45
599,5,1345,441,904,0,0,0,1.0,1,1.0,1,1.0,1,0.22269123181915806,44
600,0,1345,441,904,0,0,0,1.0,1,1.0,1,1.0,1,0.22269123181915806,44
601,7,1352,442,910,0,0,0,1.0,1,1.0,1,1.0,1,0.1773427899724133,45
602,1,1353,442,911,0,0,0,1.0,1,1.0,1,1.0,1,0.16263295673367623,46
603,0,1353,442,911,0,0,0,1.0,1,1.0,1,1.0,1,0.14461433150514758,46
604,1,1354,442,912,0,0,0,1.0,1,1.0,1,1.0,1,0.12891102596819745,47
605,0,1354,442,912,0,0,0,1.0,1,1.0,1,1.0,1,0.12891102596819745,47
606,0,1354,442,912,0,0,0,1.0,1,1.0,1,1.0,1,0.131409854851601,47
607,1,1355,442,913,0,0,0,1.0,1,1.0,1,1.0,1,0.1275403953526275,48
608,1,1356,442,914,0,0,0,1.0,1,1.0,1,1.0,1,0.13803453523958978,47
609,1,1357,442,915,0,0,0,1.0,1,1.0,1,1.0,1,0.12780972520510897,48
610,1,1358,442,916,0,0,0,1.0,1,1.0,1,1.0,1,0.12399566596256788,48
611,0,1358,442,916,0,0,0,1.0,1,1.0,1,1.0,1,0.1346206937850603,49
612,4,1362,442,920,0,0,0,1.0,1,1.0,1,1.0,1,0.09218212073649572,50
613,0,1362,442,920,0,0,0,1.0,1,1.0,1,1.0,1,0.09218212073649572,50
614,0,1362,442,920,0,0,0,1.0,1,1.0,1,1.0,1,0.09218212073649572,50
615,1,1363,443,920,0,0,0,1.0,1,1.0,1,1.0,1,0.08486465945262482,50
616,0,1363,443,920,0,0,0,1.0,1,1.0,1,1.0,1,0.08486465945262482,50
617,0,1363,443,920,0,0,0,1.0,1,1.0,1,1.0,1,0.09537305207653941,52
618,0,1363,443,920,0,0,0,1.0,1,1.0,1,1.0,1,0.09537305207653941,52
619,1,1364,444,920,0,0,0,1.0,1,1.0,1,1.0,1,0.09744865686339076,50
620,2,1366,444,922,0,0,0,1.0,1,1.0,1,1.0,1,0.08102171072794193,50
621,1,1367,445,922,0,0,0,1.0,1,1.0,1,1.0,1,0.08347096778362757,49
622,2,1369,446,923,0,0,0,1.0,1,1.0,1,1.0,1,0.12602419457910674,49
623,4,1373,449,924,0,0,0,1.0,1,1.0,1,1.0,1,0.17663188149933415,48
624,5,1378,451,927,0,0,0,1.0,1,1.0,1,1.0,1,0.2024152984593371,46
625,3,1381,452,929,0,0,0,1.0,1,1.0,1,1.0,1,0.18402916233322558,45
626,8,1389,455,934,0,0,0,1.0,1,1.0,1,1.0,1,0.10038075006303118,44
627,5,1394,456,938,0,0,0,1.0,1,1.0,1,1.0,1,0.1629413070075021,44
628,1,1395,456,939,0,0,0,1.0,1,1.0,1,1.0,1,0.17689658510796988,44
629,2,1397,457,940,0,0,0,1.0,1,1.0,1,1.0,1,0.16140027398302284,41
630,2,1399,458,941,0,0,0,1.0,1,1.0,1,1.0,1,0.19199854905046915,40
631,4,1403,461,942,0,0,0,1.0,1,1.0,1,1.0,1,0.17037285601431038,38
632,1,1404,462,942,0,0,0,1.0,1,1.0,1,1.0,1,0.18751354175303764,38
633,3,1407,463,944,0,0,0,1.0,1,1.0,1,1.0,1,0.19068072251758342,36
634,2,1409,464,945,0,0,0,1.0,1,1.0,1,1.0,1,0.19672368798662604,35
635,1,1410,465,945,0,0,0,1.0,1,1.0,1,1.0,1,0.2049478596732528,35
636,5,1415,466,949,0,0,0,1.0,1,1.0,1,1.0,1,0.1731183895681245,36
637,1,1416,466,950,0,0,0,1.0,1,1.0,1,1.0,1,0.18160017053535854,35
638,1,1417,467,950,0,0,0,1.0,1,1.0,1,1.0,1,0.2328405958789264,34
639,4,1421,468,953,0,0,0,1.0,1,1.0,1,1.0,1,0.2354939804253618,36
640,3,1424,468,956,0,0,0,1.0,1,1.0,1,1.0,1,0.2400474484822274,37
641,4,1428,468,960,0,0,0,1.0,1,1.0,1,1.0,1,0.16833508117030477,37
642,2,1430,468,962,0,0,0,1.0,1,1.0,1,1.0,1,0.15437382244707157,38
643,3,1433,469,964,0,0,0,1.0,1,1.0,1,1.0,1,0.14977941290964913,39
644,3,1436,470,966,0,0,0,1.0,1,1.0,1,1.0,1,0.1768905789875945,39
645,6,1442,470,972,0,0,0,1.0,1,1.0,1,1.0,1,0.16079734305214705,39
646,1,1443,470,973,0,0,0,1.0,1,1.0,1,1.0,1,0.16286940453577956,40
647,1,1444,470,974,0,0,0,1.0,1,1.0,1,1.0,1,0.14617302565367352,40
648,1,1445,471,974,0,0,0,1.0,1,1.0,1,1.0,1,0.17306654880386396,40
649,1,1446,472,974,0,0,0,1.0,1,1.0,1,1.0,1,0.17263144113136975,40
650,2,1448,473,975,0,0,0,1.0,1,1.0,1,1.0,1,0.19373028095747816,41
651,3,1451,473,978,0,0,0,1.0,1,1.0,1,1.0,1,0.13683372737968863,42
652,1,1452,474,978,0,0,0,1.0,1,1.0,1,1.0,1,0.19325153414026394,41
653,0,1452,474,978,0,0,0,1.0,1,1.0,1,1.0,1,0.19325153414026394,41
654,1,1453,474,979,0,0,0,1.0,1,1.0,1,1.0,1,0.19849339029975627,42
655,1,1454,474,980,0,0,0,1.0,1,1.0,1,1.0,1,0.1871785895173776,45
656,4,1458,477,981,0,0,0,1.0,1,1.0,1,1.0,1,0.21074353402214396,45
657,2,1460,477,983,0,0,0,1.0,1,1.0,1,1.0,1,0.20416024921598386,43
658,1,1461,478,983,0,0,0,1.0,1,1.0,1,1.0,1,0.2662196128984947,43
659,3,1464,479,985,0,0,0,1.0,1,1.0,1,1.0,1,0.21676675466599105,43
660,6,1470,481,989,0,0,0,1.0,1,1.0,1,1.0,1,0.2474498811214558,43
661,6,1476,482,994,0,0,0,1.0,1,1.0,1,1.0,1,0.19496730897754222,41
662,4,1480,484,996,0,0,0,1.0,1,1.0,1,1.0,1,0.22111935381808018,40
663,1,1481,484,997,0,0,0,1.0,1,1.0,1,1.0,1,0.19220134935089658,39
664,1,1482,485,997,0,0,0,1.0,1,1.0,1,1.0,1,0.23277407108443424,36
665,2,1484,486,998,0,0,0,1.0,1,1.0,1,1.0,1,0.19309173394134915,36
666,3,1487,488,999,0,0,0,1.0,1,1.0,1,1.0,1,0.23107387658684464,36
667,2,1489,489,1000,0,0,0,1.0,1,1.0,1,1.0,1,0.2397723177870552,35
668,2,1491,491,1000,0,0,0,1.0,1,1.0,1,1.0,1,0.24694704824372105,34
669,4,1495,493,1002,0,0,0,1.0,1,1.0,1,1.0,1,0.24225379309273168,34
670,2,1497,494,1003,0,0,0,1.0,1,1.0,1,1.0,1,0.2547656946601547,32
671,6,1503,494,1009,0,0,0,1.0,1,1.0,1,1.0,1,0.1774800655885772,33
672,1,1504,494,1010,0,0,0,1.0,1,1.0,1,1.0,1,0.2165629443520701,32
673,2,1506,495,1011,0,0,0,1.0,1,1.0,1,1.0,1,0.11607551983234445,32
674,1,1507,495,1012,0,0,0,1.0,1,1.0,1,1.0,1,0.18251243856717025,32
675,3,1510,497,1013,0,0,0,1.0,1,1.0,1,1.0,1,0.17575524330956238,34
676,2,1512,497,1015,0,0,0,1.0,1,1.0,1,1.0,1,0.12266398185069924,35
677,1,1513,498,1015,0,0,0,1.0,1,1.0,1,1.0,1,0.13220024244171097,35
678,0,1513,498,1015,0,0,0,1.0,1,1.0,1,1.0,1,0.13220024244171097,35
679,3,1516,499,1017,0,0,0,1.0,1,1.0,1,1.0,1,0.12548618039960693,36
680,2,1518,499,1019,0,0,0,1.0,1,1.0,1,1.0,1,0.15165500711373298,37
681,3,1521,499,1022,0,0,0,1.0,1,1.0,1,1.0,1,0.11940944696828212,37
682,0,1521,499,1022,0,0,0,1.0,1,1.0,1,1.0,1,0.11940944696828212,37
683,0,1521,499,1022,0,0,0,1.0,1,1.0,1,1.0,1,0.12508488103870763,38
684,0,1521,499,1022,0,0,0,1.0,1,1.0,1,1.0,1,0.13601865964096038,39
685,2,1523,499,1024,0,0,0,1.0,1,1.0,1,1.0,1,0.11576769951721291,38
686,0,1523,499,1024,0,0,0,1.0,1,1.0,1,1.0,1,0.12964241543210905,37
687,1,1524,499,1025,0,0,0,1.0,1,1.0,1,1.0,1,0.11757422960487006,38
688,0,1524,499,1025,0,0,0,1.0,1,1.0,1,1.0,1,0.1513109912818414,37
689,1,1525,500,1025,0,0,0,1.0,1,1.0,1,1.0,1,0.20932191802145345,39
690,0,1525,500,1025,0,0,0,1.0,1,1.0,1,1.0,1,0.23284530196878303,38
691,3,1528,501,1027,0,0,0,1.0,1,1.0,1,1.0,1,0.16182485993169146,38
692,2,1530,502,1028,0,0,0,1.0,1,1.0,1,1.0,1,0.1727967326994221,38
693,3,1533,503,1030,0,0,0,1.0,1,1.0,1,1.0,1,0.1741422476735266,40
694,3,1536,505,1031,0,0,0,1.0,1,1.0,1,1.0,1,0.18826763274285752,42
695,5,1541,508,1033,0,0,0,1.0,1,1.0,1,1.0,1,0.18608654757237367,40
696,4,1545,509,1036,0,0,0,1.0,1,1.0,1,1.0,1,0.20739863347024626,39
697,1,1546,509,1037,0,0,0,1.0,1,1.0,1,1.0,1,0.1837890417332138,39
698,1,1547,509,1038,0,0,0,1.0,1,1.0,1,1.0,1,0.16609625888147125,37
699,1,1548,509,1039,0,0,0,1.0,1,1.0,1,1.0,1,0.15900957460598458,37
700,1,1549,510,1039,0,0,0,1.0,1,1.0,1,1.0,1,0.17302589962476267,37
701,1,1550,511,1039,0,0,0,1.0,1,1.0,1,1.0,1,0.20026042584017473,37
702,1,1551,511,1040,0,0,0,1.0,1,1.0,1,1.0,1,0.1949382931277186,38
703,1,1552,511,1041,0,0,0,1.0,1,1.0,1,1.0,1,0.18818436736522062,36
704,4,1556,513,1043,0,0,0,1.0,1,1.0,1,1.0,1,0.1731971467127731,36
705,3,1559,515,1044,0,0,0,1.0,1,1.0,1,1.0,1,0.14093873622444972,36
706,3,1562,518,1044,0,0,0,1.0,1,1.0,1,1.0,1,0.16723256145087442,35
707,2,1564,520,1044,0,0,0,1.0,1,1.0,1,1.0,1,0.20491749275835297,36
708,9,1573,524,1049,0,0,0,1.0,1,1.0,1,1.0,1,0.1431833024323978,36
709,0,1573,524,1049,0,0,0,1.0,1,1.0,1,1.0,1,0.1420164753957269,34
710,2,1575,526,1049,0,0,0,1.0,1,1.0,1,1.0,1,0.14220246014769317,34
711,0,1575,526,1049,0,0,0,1.0,1,1.0,1,1.0,1,0.13366831477251934,34
712,1,1576,527,1049,0,0,0,1.0,1,1.0,1,1.0,1,0.19011502327207278,35
713,2,1578,528,1050,0,0,0,1.0,1,1.0,1,1.0,1,0.18251321249233626,34
714,0,1578,528,1050,0,0,0,1.0,1,1.0,1,1.0,1,0.17289263969888086,34
715,0,1578,528,1050,0,0,0,1.0,1,1.0,1,1.0,1,0.1790769285523206,35
716,2,1580,529,1051,0,0,0,1.0,1,1.0,1,1.0,1,0.1553419225659392,33
717,1,1581,530,1051,0,0,0,1.0,1,1.0,1,1.0,1,0.24015504913705515,33
718,0,1581,530,1051,0,0,0,1.0,1,1.0,1,1.0,1,0.22830415829085293,32
719,0,1581,530,1051,0,0,0,1.0,1,1.0,1,1.0,1,0.22830415829085293,32
720,2,1583,531,1052,0,0,0,1.0,1,1.0,1,1.0,1,0.1905330372805562,33
721,1,1584,531,1053,0,0,0,1.0,1,1.0,1,1.0,1,0.17779273799173753,33
722,3,1587,532,1055,0,0,0,1.0,1,1.0,1,1.0,1,0.20206741703211617,34
723,1,1588,532,1056,0,0,0,1.0,1,1.0,1,1.0,1,0.17003304465585742,34
724,2,1590,532,1058,0,0,0,1.0,1,1.0,1,1.0,1,0.17276785622037308,36
725,1,1591,532,1059,0,0,0,1.0,1,1.0,1,1.0,1,0.1658559520196872,36
726,2,1593,532,1061,0,0,0,1.0,1,1.0,1,1.0,1,0.1066621344367722,36
727,0,1593,532,1061,0,0,0,1.0,1,1.0,1,1.0,1,0.1066621344367722,36
728,0,1593,532,1061,0,0,0,1.0,1,1.0,1,1.0,1,0.12443581211134662,37
729,0,1593,532,1061,0,0,0,1.0,1,1.0,1,1.0,1,0.13796395017120244,37
730,1,1594,532,1062,0,0,0,1.0,1,1.0,1,1.0,1,0.1194656436310995,38
731,2,1596,532,1064,0,0,0,1.0,1,1.0,1,1.0,1,0.10549745547094658,39
732,1,1597,533,1064,0,0,0,1.0,1,1.0,1,1.0,1,0.1416800166923348,41
733,2,1599,535,1064,0,0,0,1.0,1,1.0,1,1.0,1,0.13872871573927545,39
734,1,1600,536,1064,0,0,0,1.0,1,1.0,1,1.0,1,0.16878367305558253,39
735,1,1601,537,1064,0,0,0,1.0,1,1.0,1,1.0,1,0.19424929888657472,39
736,4,1605,537,1068,0,0,0,1.0,1,1.0,1,1.0,1,0.15594398328236647,38
737,5,1610,538,1072,0,0,0,1.0,1,1.0,1,1.0,1,0.15354105211111416,39
738,1,1611,538,1073,0,0,0,1.0,1,1.0,1,1.0,1,0.18746191163041545,37
739,3,1614,539,1075,0,0,0,1.0,1,1.0,1,1.0,1,0.2128424474178754,37
740,1,1615,539,1076,0,0,0,1.0,1,1.0,1,1.0,1,0.2035454359601796,35
741,2,1617,540,1077,0,0,0,1.0,1,1.0,1,1.0,1,0.2073616108096307,33
742,2,1619,541,1078,0,0,0,1.0,1,1.0,1,1.0,1,0.1975746659034677,35
743,3,1622,544,1078,0,0,0,1.0,1,1.0,1,1.0,1,0.2473063241676576,35
744,3,1625,546,1079,0,0,0,1.0,1,1.0,1,1.0,1,0.19115770424630954,34
745,4,1629,548,1081,0,0,0,1.0,1,1.0,1,1.0,1,0.1943287507788735,34
746,3,1632,549,1083,0,0,0,1.0,1,1.0,1,1.0,1,0.15566111899344662,33
747,0,1632,549,1083,0,0,0,1.0,1,1.0,1,1.0,1,0.15550909674327712,32
748,0,1632,549,1083,0,0,0,1.0,1,1.0,1,1.0,1,0.15135028269591858,33
749,0,1632,549,1083,0,0,0,1.0,1,1.0,1,1.0,1,0.15135028269591858,33
750,0,1632,549,1083,0,0,0,1.0,1,1.0,1,1.0,1,0.15184930777273303,34
751,5,1637,550,1087,0,0,0,1.0,1,1.0,1,1.0,1,0.06982801028738718,36
752,3,1640,553,1087,0,0,0,1.0,1,1.0,1,1.0,1,0.08928166548573026,35
753,3,1643,555,1088,0,0,0,1.0,1,1.0,1,1.0,1,0.16678871827073857,37
754,4,1647,557,1090,0,0,0,1.0,1,1.0,1,1.0,1,0.15897433262375657,37
755,1,1648,558,1090,0,0,0,1.0,1,1.0,1,1.0,1,0.17777387240014628,35
756,5,1653,558,1095,0,0,0,1.0,1,1.0,1,1.0,1,0.10178656550411291,36
757,1,1654,558,1096,0,0,0,1.0,1,1.0,1,1.0,1,0.09936686764006052,35
758,0,1654,558,1096,0,0,0,1.0,1,1.0,1,1.0,1,0.10253700808428602,36
759,1,1655,559,1096,0,0,0,1.0,1,1.0,1,1.0,1,0.1131984205087445,37
760,2,1657,559,1098,0,0,0,1.0,1,1.0,1,1.0,1,0.13701607261893345,36
761,1,1658,559,1099,0,0,0,1.0,1,1.0,1,1.0,1,0.11863584863739052,36
762,1,1659,559,1100,0,0,0,1.0,1,1.0,1,1.0,1,0.13396236460613842,37
763,2,1661,559,1102,0,0,0,1.0,1,1.0,1,1.0,1,0.10324115939642048,38
764,0,1661,559,1102,0,0,0,1.0,1,1.0,1,1.0,1,0.10324115939642048,38
765,0,1661,559,1102,0,0,0,1.0,1,1.0,1,1.0,1,0.10324115939642048,38
766,0,1661,559,1102,0,0,0,1.0,1,1.0,1,1.0,1,0.0790538357184117,40
767,0,1661,559,1102,0,0,0,1.0,1,1.0,1,1.0,1,0.09996116759839448,41
768,1,1662,560,1102,0,0,0,1.0,1,1.0,1,1.0,1,0.13268010054118515,41
769,2,1664,560,1104,0,0,0,1.0,1,1.0,1,1.0,1,0.113246715625084,42
770,4,1668,561,1107,0,0,0,1.0,1,1.0,1,1.0,1,0.10840208919307237,41
771,1,1669,561,1108,0,0,0,1.0,1,1.0,1,1.0,1,0.10220278965622293,41
772,4,1673,564,1109,0,0,0,1.0,1,1.0,1,1.0,1,0.11565917460627044,41
773,1,1674,564,1110,0,0,0,1.0,1,1.0,1,1.0,1,0.0969472109939191,41
774,2,1676,566,1110,0,0,0,1.0,1,1.0,1,1.0,1,0.139205077780922,42
775,1,1677,566,1111,0,0,0,1.0,1,1.0,1,1.0,1,0.11550825880711582,42
776,1,1678,566,1112,0,0,0,1.0,1,1.0,1,1.0,1,0.09968127818795117,42
777,0,1678,566,1112,0,0,0,1.0,1,1.0,1,1.0,1,0.09968127818795117,42
778,2,1680,567,1113,0,0,0,1.0,1,1.0,1,1.0,1,0.12243488654099811,44
779,1,1681,568,1113,0,0,0,1.0,1,1.0,1,1.0,1,0.16308019699897333,44
780,0,1681,568,1113,0,0,0,1.0,1,1.0,1,1.0,1,0.16308019699897333,44
781,0,1681,568,1113,0,0,0,1.0,1,1.0,1,1.0,1,0.15976740862817654,46
782,2,1683,569,1114,0,0,0,1.0,1,1.0,1,1.0,1,0.166046640678932,45
783,3,1686,570,1116,0,0,0,1.0,1,1.0,1,1.0,1,0.143822457010181,44
784,0,1686,570,1116,0,0,0,1.0,1,1.0,1,1.0,1,0.143822457010181,44
785,1,1687,571,1116,0,0,0,1.0,1,1.0,1,1.0,1,0.10883966208025421,43
786,3,1690,572,1118,0,0,0,1.0,1,1.0,1,1.0,1,0.0955819005184119,43
787,0,1690,572,1118,0,0,0,1.0,1,1.0,1,1.0,1,0.0955819005184119,43
788,3,1693,573,1120,0,0,0,1.0,1,1.0,1,1.0,1,0.16855552647431837,45
789,4,1697,574,1123,0,0,0,1.0,1,1.0,1,1.0,1,0.1646563705898358,46
790,2,1699,574,1125,0,0,0,1.0,1,1.0,1,1.0,1,0.18820188730688373,45
791,7,1706,574,1132,0,0,0,1.0,1,1.0,1,1.0,1,0.10366517557133713,46
792,4,1710,576,1134,0,0,0,1.0,1,1.0,1,1.0,1,0.12033330160130283,46
793,1,1711,576,1135,0,0,0,1.0,1,1.0,1,1.0,1,0.11863186291881328,46
794,4,1715,576,1139,0,0,0,1.0,1,1.0,1,1.0,1,0.17457204493680362,47
795,5,1720,576,1144,0,0,0,1.0,1,1.0,1,1.0,1,0.13211298160077062,47
796,3,1723,577,1146,0,0,0,1.0,1,1.0,1,1.0,1,0.1297916320386245,46
797,2,1725,577,1148,0,0,0,1.0,1,1.0,1,1.0,1,0.14678221157018112,47
798,2,1727,579,1148,0,0,0,1.0,1,1.0,1,1.0,1,0.16358729433494212,48
799,1,1728,579,1149,0,0,0,1.0,1,1.0,1,1.0,1,0.13038098117886496,48
800,1,1729,580,1149,0,0,0,1.0,1,1.0,1,1.0,1,0.1601849287278483,48
801,8,1737,581,1156,0,0,0,1.0,1,1.0,1,1.0,1,0.09158814601568228,49
802,0,1737,581,1156,0,0,0,1.0,1,1.0,1,1.0,1,0.08556995037344949,50
803,1,1738,581,1157,0,0,0,1.0,1,1.0,1,1.0,1,0.08411670074398121,49
804,4,1742,581,1161,0,0,0,1.0,1,1.0,1,1.0,1,0.10500898766291854,50
805,3,1745,581,1164,0,0,0,1.0,1,1.0,1,1.0,1,0.08178845204841256,50
806,0,1745,581,1164,0,0,0,1.0,1,1.0,1,1.0,1,0.08178845204841256,50
807,1,1746,582,1164,0,0,0,1.0,1,1.0,1,1.0,1,0.12706593214220535,51
808,2,1748,583,1165,0,0,0,1.0,1,1.0,1,1.0,1,0.1322441506045073,51
809,8,1756,585,1171,0,0,0,1.0,1,1.0,1,1.0,1,0.09101826433426026,51
810,4,1760,587,1173,0,0,0,1.0,1,1.0,1,1.0,1,0.08101987437139298,52
811,2,1762,588,1174,0,0,0,1.0,1,1.0,1,1.0,1,0.09592297204336352,50
812,1,1763,589,1174,0,0,0,1.0,1,1.0,1,1.0,1,0.10271365211820635,48
813,2,1765,590,1175,0,0,0,1.0,1,1.0,1,1.0,1,0.10901816175557957,49
814,0,1765,590,1175,0,0,0,1.0,1,1.0,1,1.0,1,0.1399027827441093,48
815,2,1767,592,1175,0,0,0,1.0,1,1.0,1,1.0,1,0.14639304432153102,48
816,4,1771,593,1178,0,0,0,1.0,1,1.0,1,1.0,1,0.15279061369228072,46
817,0,1771,593,1178,0,0,0,1.0,1,1.0,1,1.0,1,0.18402959888524784,44
818,0,1771,593,1178,0,0,0,1.0,1,1.0,1,1.0,1,0.1790357860618108,46
819,0,1771,593,1178,0,0,0,1.0,1,1.0,1,1.0,1,0.1918841547841384,44
820,2,1773,593,1180,0,0,0,1.0,1,1.0,1,1.0,1,0.195736629282381,44
821,3,1776,593,1183,0,0,0,1.0,1,1.0,1,1.0,1,0.12461622977542272,44
822,4,1780,595,1185,0,0,0,1.0,1,1.0,1,1.0,1,0.17332827870022854,44
823,3,1783,596,1187,0,0,0,1.0,1,1.0,1,1.0,1,0.12474510117608653,42
824,6,1789,600,1189,0,0,0,1.0,1,1.0,1,1.0,1,0.17800464146274717,42
825,3,1792,602,1190,0,0,0,1.0,1,1.0,1,1.0,1,0.1535266700166004,40
826,5,1797,604,1193,0,0,0,1.0,1,1.0,1,1.0,1,0.15242418555365553,41
827,1,1798,605,1193,0,0,0,1.0,1,1.0,1,1.0,1,0.17947991743033578,40
828,3,1801,607,1194,0,0,0,1.0,1,1.0,1,1.0,1,0.16590189258139534,40
829,5,1806,609,1197,0,0,0,1.0,1,1.0,1,1.0,1,0.13735418523478446,42
830,4,1810,611,1199,0,0,0,1.0,1,1.0,1,1.0,1,0.14223233816243835,42
831,4,1814,613,1201,0,0,0,1.0,1,1.0,1,1.0,1,0.14390551511033114,43
832,3,1817,614,1203,0,0,0,1.0,1,1.0,1,1.0,1,0.13375750175548565,42
833,0,1817,614,1203,0,0,0,1.0,1,1.0,1,1.0,1,0.14992508812526953,41
834,2,1819,615,1204,0,0,0,1.0,1,1.0,1,1.0,1,0.1614704250785383,41
835,0,1819,615,1204,0,0,0,1.0,1,1.0,1,1.0,1,0.16667807920374392,41
836,0,1819,615,1204,0,0,0,1.0,1,1.0,1,1.0,1,0.1658491297962881,40
837,0,1819,615,1204,0,0,0,1.0,1,1.0,1,1.0,1,0.16630205974513465,41
838,1,1820,616,1204,0,0,0,1.0,1,1.0,1,1.0,1,0.1686880265736779,41
839,1,1821,617,1204,0,0,0,1.0,1,1.0,1,1.0,1,0.19087426421319614,41
840,4,1825,618,1207,0,0,0,1.0,1,1.0,1,1.0,1,0.1944335451496647,42
841,4,1829,618,1211,0,0,0,1.0,1,1.0,1,1.0,1,0.13432969110705154,42
842,0,1829,618,1211,0,0,0,1.0,1,1.0,1,1.0,1,0.13432969110705154,42
843,4,1833,621,1212,0,0,0,1.0,1,1.0,1,1.0,1,0.23484266835334777,42
844,5,1838,621,1217,0,0,0,1.0,1,1.0,1,1.0,1,0.2401841012470624,42
845,7,1845,622,1223,0,0,0,1.0,1,1.0,1,1.0,1,0.21293809747142728,44
846,1,1846,622,1224,0,0,0,1.0,1,1.0,1,1.0,1,0.20480369668038528,44
847,1,1847,623,1224,0,0,0,1.0,1,1.0,1,1.0,1,0.20122351858155885,42
848,4,1851,624,1227,0,0,0,1.0,1,1.0,1,1.0,1,0.1795389503929097,43
849,2,1853,624,1229,0,0,0,1.0,1,1.0,1,1.0,1,0.14900290913047662,43
850,1,1854,624,1230,0,0,0,1.0,1,1.0,1,1.0,1,0.18231155269173874,41
851,6,1860,624,1236,0,0,0,1.0,1,1.0,1,1.0,1,0.14942938298470465,40
852,3,1863,624,1239,0,0,0,1.0,1,1.0,1,1.0,1,0.11378433374997768,40
853,5,1868,624,1244,0,0,0,1.0,1,1.0,1,1.0,1,0.07860754993487606,40
854,4,1872,625,1247,0,0,0,1.0,1,1.0,1,1.0,1,0.12611058208957826,40
855,2,1874,626,1248,0,0,0,1.0,1,1.0,1,1.0,1,0.14494041692161375,41
856,3,1877,627,1250,0,0,0,1.0,1,1.0,1,1.0,1,0.12970754675254076,41
857,1,1878,628,1250,0,0,0,1.0,1,1.0,1,1.0,1,0.1362532406060635,42
858,1,1879,628,1251,0,0,0,1.0,1,1.0,1,1.0,1,0.08637320023496778,43
859,0,1879,628,1251,0,0,0,1.0,1,1.0,1,1.0,1,0.08637320023496778,43
860,0,1879,628,1251,0,0,0,1.0,1,1.0,1,1.0,1,0.09286356661327495,44
861,0,1879,628,1251,0,0,0,1.0,1,1.0,1,1.0,1,0.09286356661327495,44
862,0,1879,628,1251,0,0,0,1.0,1,1.0,1,1.0,1,0.09286356661327495,44
863,3,1882,630,1252,0,0,0,1.0,1,1.0,1,1.0,1,0.12763022505258068,44
864,2,1884,630,1254,0,0,0,1.0,1,1.0,1,1.0,1,0.08655048232443005,44
865,2,1886,632,1254,0,0,0,1.0,1,1.0,1,1.0,1,0.08603574020248522,43
866,10,1896,637,1259,0,0,0,1.0,1,1.0,1,1.0,1,0.10138660588899912,45
867,0,1896,637,1259,0,0,0,1.0,1,1.0,1,1.0,1,0.11506960003971495,44
868,4,1900,639,1261,0,0,0,1.0,1,1.0,1,1.0,1,0.1620282037823347,45
869,5,1905,640,1265,0,0,0,1.0,1,1.0,1,1.0,1,0.1829378807026622,44
870,1,1906,640,1266,0,0,0,1.0,1,1.0,1,1.0,1,0.19688088286288766,44
871,6,1912,641,1271,0,0,0,1.0,1,1.0,1,1.0,1,0.0831810141092924,43
872,4,1916,642,1274,0,0,0,1.0,1,1.0,1,1.0,1,0.09923145988851359,43
873,5,1921,643,1278,0,0,0,1.0,1,1.0,1,1.0,1,0.125832620603995,43
874,4,1925,644,1281,0,0,0,1.0,1,1.0,1,1.0,1,0.13976110405161735,46
875,3,1928,645,1283,0,0,0,1.0,1,1.0,1,1.0,1,0.1572225102067009,43
876,3,1931,646,1285,0,0,0,1.0,1,1.0,1,1.0,1,0.10198429892889245,44
877,2,1933,646,1287,0,0,0,1.0,1,1.0,1,1.0,1,0.10436917237777961,44
878,3,1936,647,1289,0,0,0,1.0,1,1.0,1,1.0,1,0.1298974074628167,44
879,2,1938,647,1291,0,0,0,1.0,1,1.0,1,1.0,1,0.1298974074628167,44
880,4,1942,649,1293,0,0,0,1.0,1,1.0,1,1.0,1,0.19131975505489687,44
881,4,1946,649,1297,0,0,0,1.0,1,1.0,1,1.0,1,0.11228120495105488,43
882,3,1949,651,1298,0,0,0,1.0,1,1.0,1,1.0,1,0.13660592043084238,45
883,2,1951,652,1299,0,0,0,1.0,1,1.0,1,1.0,1,0.13193097754683009,45
884,5,1956,655,1301,0,0,0,1.0,1,1.0,1,1.0,1,0.10989557085383582,45
885,5,1961,655,1306,0,0,0,1.0,1,1.0,1,1.0,1,0.1510839791697694,43
886,4,1965,656,1309,0,0,0,1.0,1,1.0,1,1.0,1,0.11832051257352919,43
887,0,1965,656,1309,0,0,0,1.0,1,1.0,1,1.0,1,0.10186327370214064,41
888,0,1965,656,1309,0,0,0,1.0,1,1.0,1,1.0,1,0.12288941770050994,40
889,5,1970,658,1312,0,0,0,1.0,1,1.0,1,1.0,1,0.1310140672930569,40
890,1,1971,659,1312,0,0,0,1.0,1,1.0,1,1.0,1,0.147457980035204,38
891,3,1974,660,1314,0,0,0,1.0,1,1.0,1,1.0,1,0.20695027803256233,39
892,4,1978,662,1316,0,0,0,1.0,1,1.0,1,1.0,1,0.23263825837902866,39
893,1,1979,662,1317,0,0,0,1.0,1,1.0,1,1.0,1,0.19932010446573514,37
894,0,1979,662,1317,0,0,0,1.0,1,1.0,1,1.0,1,0.2044943219487636,36
895,0,1979,662,1317,0,0,0,1.0,1,1.0,1,1.0,1,0.19857164753450005,37
896,1,1980,663,1317,0,0,0,1.0,1,1.0,1,1.0,1,0.22120134186427354,36
897,1,1981,664,1317,0,0,0,1.0,1,1.0,1,1.0,1,0.22620591345569774,36
898,0,1981,664,1317,0,0,0,1.0,1,1.0,1,1.0,1,0.2467771917853625,35
899,1,1982,665,1317,0,0,0,1.0,1,1.0,1,1.0,1,0.24694880994794458,35
900,1,1983,665,1318,0,0,0,1.0,1,1.0,1,1.0,1,0.2861394956200881,36
901,6,1989,666,1323,0,0,0,1.0,1,1.0,1,1.0,1,0.19052509178485044,36
902,5,1994,670,1324,0,0,0,1.0,1,1.0,1,1.0,1,0.23102856919433784,36
903,3,1997,670,1327,0,0,0,1.0,1,1.0,1,1.0,1,0.19631448187404757,35
904,2,1999,672,1327,0,0,0,1.0,1,1.0,1,1.0,1,0.17560597254922453,37
905,1,2000,673,1327,0,0,0,1.0,1,1.0,1,1.0,1,0.19211843523827307,36
906,4,2004,674,1330,0,0,0,1.0,1,1.0,1,1.0,1,0.11608297318482211,37
907,3,2007,675,1332,0,0,0,1.0,1,1.0,1,1.0,1,0.12726872740634435,37
908,1,2008,676,1332,0,0,0,1.0,1,1.0,1,1.0,1,0.08466387836532914,36
909,0,2008,676,1332,0,0,0,1.0,1,1.0,1,1.0,1,0.09318613166681541,36
910,5,2013,679,1334,0,0,0,1.0,1,1.0,1,1.0,1,0.1349028148351846,37
911,7,2020,681,1339,0,0,0,1.0,1,1.0,1,1.0,1,0.11977685093806574,36
912,3,2023,682,1341,0,0,0,1.0,1,1.0,1,1.0,1,0.12828372541181882,34
913,2,2025,683,1342,0,0,0,1.0,1,1.0,1,1.0,1,0.1752121511134689,34
914,0,2025,683,1342,0,0,0,1.0,1,1.0,1,1.0,1,0.21699581683556643,33
915,0,2025,683,1342,0,0,0,1.0,1,1.0,1,1.0,1,0.21699581683556643,33
916,5,2030,684,1346,0,0,0,1.0,1,1.0,1,1.0,1,0.15562157554820666,34
917,2,2032,685,1347,0,0,0,1.0,1,1.0,1,1.0,1,0.1569924318939968,34
918,1,2033,685,1348,0,0,0,1.0,1,1.0,1,1.0,1,0.19379840553577649,36
919,1,2034,685,1349,0,0,0,1.0,1,1.0,1,1.0,1,0.1676573557925246,36
920,4,2038,686,1352,0,0,0,1.0,1,1.0,1,1.0,1,0.14009042514795408,37
921,1,2039,686,1353,0,0,0,1.0,1,1.0,1,1.0,1,0.12827327347744807,37
922,1,2040,686,1354,0,0,0,1.0,1,1.0,1,1.0,1,0.10453832614309236,38
923,1,2041,687,1354,0,0,0,1.0,1,1.0,1,1.0,1,0.07028625688702562,36
924,1,2042,688,1354,0,0,0,1.0,1,1.0,1,1.0,1,0.11866382753904597,35
925,4,2046,690,1356,0,0,0,1.0,1,1.0,1,1.0,1,0.25134968200552765,35
926,5,2051,691,1360,0,0,0,1.0,1,1.0,1,1.0,1,0.12589129278031705,34
927,0,2051,691,1360,0,0,0,1.0,1,1.0,1,1.0,1,0.16165214151954496,32
928,1,2052,691,1361,0,0,0,1.0,1,1.0,1,1.0,1,0.19692586461236325,32
929,3,2055,693,1362,0,0,0,1.0,1,1.0,1,1.0,1,0.19829029071111687,31
930,0,2055,693,1362,0,0,0,1.0,1,1.0,1,1.0,1,0.22079171257860117,30
931,5,2060,696,1364,0,0,0,1.0,1,1.0,1,1.0,1,0.19693741019924876,29
932,0,2060,696,1364,0,0,0,1.0,1,1.0,1,1.0,1,0.19693741019924876,29
933,1,2061,696,1365,0,0,0,1.0,1,1.0,1,1.0,1,0.21303615149658026,29
934,0,2061,696,1365,0,0,0,1.0,1,1.0,1,1.0,1,0.21303615149658026,29
935,1,2062,696,1366,0,0,0,1.0,1,1.0,1,1.0,1,0.2638831632292981,31
936,5,2067,697,1370,0,0,0,1.0,1,1.0,1,1.0,1,0.18330688393108155,31
937,1,2068,697,1371,0,0,0,1.0,1,1.0,1,1.0,1,0.1693125030314699,34
938,0,2068,697,1371,0,0,0,1.0,1,1.0,1,1.0,1,0.1664673197634751,33
939,2,2070,697,1373,0,0,0,1.0,1,1.0,1,1.0,1,0.17887544419157667,36
940,0,2070,697,1373,0,0,0,1.0,1,1.0,1,1.0,1,0.19423142137248467,36
941,9,2079,700,1379,0,0,0,1.0,1,1.0,1,1.0,1,0.19113317616622422,36
942,2,2081,701,1380,0,0,0,1.0,1,1.0,1,1.0,1,0.17537712935010055,36
943,0,2081,701,1380,0,0,0,1.0,1,1.0,1,1.0,1,0.1580845562393017,35
944,1,2082,702,1380,0,0,0,1.0,1,1.0,1,1.0,1,0.11852770863657336,35
945,0,2082,702,1380,0,0,0,1.0,1,1.0,1,1.0,1,0.11783087927266261,33
946,2,2084,703,1381,0,0,0,1.0,1,1.0,1,1.0,1,0.12607588447215476,36
947,1,2085,704,1381,0,0,0,1.0,1,1.0,1,1.0,1,0.1414773667616592,34
948,2,2087,706,1381,0,0,0,1.0,1,1.0,1,1.0,1,0.20724825449235906,33
949,1,2088,707,1381,0,0,0,1.0,1,1.0,1,1.0,1,0.2862577081620868,34
950,0,2088,707,1381,0,0,0,1.0,1,1.0,1,1.0,1,0.2945579489358137,33
951,2,2090,707,1383,0,0,0,1.0,1,1.0,1,1.0,1,0.2550775599526691,33
952,1,2091,707,1384,0,0,0,1.0,1,1.0,1,1.0,1,0.2603361858202022,32
953,0,2091,707,1384,0,0,0,1.0,1,1.0,1,1.0,1,0.2603361858202022,32
954,0,2091,707,1384,0,0,0,1.0,1,1.0,1,1.0,1,0.28734583995236934,31
955,4,2095,707,1388,0,0,0,1.0,1,1.0,1,1.0,1,0.25030006848497216,32
956,2,2097,707,1390,0,0,0,1.0,1,1.0,1,1.0,1,0.20716773985073994,32
957,2,2099,707,1392,0,0,0,1.0,1,1.0,1,1.0,1,0.14114908438067245,33
958,2,2101,707,1394,0,0,0,1.0,1,1.0,1,1.0,1,0.1165666172731344,35
959,1,2102,708,1394,0,0,0,1.0,1,1.0,1,1.0,1,0.14191730172636072,36
960,1,2103,708,1395,0,0,0,1.0,1,1.0,1,1.0,1,0.15452021032885557,38
961,2,2105,710,1395,0,0,0,1.0,1,1.0,1,1.0,1,0.22707906217549076,37
962,3,2108,711,1397,0,0,0,1.0,1,1.0,1,1.0,1,0.3103929251213542,35
963,2,2110,711,1399,0,0,0,1.0,1,1.0,1,1.0,1,0.26426623299939994,35
964,2,2112,711,1401,0,0,0,1.0,1,1.0,1,1.0,1,0.2607616261856942,34
965,2,2114,711,1403,0,0,0,1.0,1,1.0,1,1.0,1,0.22317281232491415,35
966,1,2115,711,1404,0,0,0,1.0,1,1.0,1,1.0,1,0.17217703599085343,34
967,4,2119,712,1407,0,0,0,1.0,1,1.0,1,1.0,1,0.16517130025073254,35
968,1,2120,712,1408,0,0,0,1.0,1,1.0,1,1.0,1,0.15288606887827919,36
969,0,2120,712,1408,0,0,0,1.0,1,1.0,1,1.0,1,0.1766161445792092,35
970,0,2120,712,1408,0,0,0,1.0,1,1.0,1,1.0,1,0.21114389473280887,34
971,3,2123,712,1411,0,0,0,1.0,1,1.0,1,1.0,1,0.16047876442028322,35
972,0,2123,712,1411,0,0,0,1.0,1,1.0,1,1.0,1,0.16047876442028322,35
973,0,2123,712,1411,0,0,0,1.0,1,1.0,1,1.0,1,0.1810566919268878,36
974,2,2125,713,1412,0,0,0,1.0,1,1.0,1,1.0,1,0.2445272995861713,35
975,2,2127,713,1414,0,0,0,1.0,1,1.0,1,1.0,1,0.20578990965997032,36
976,1,2128,713,1415,0,0,0,1.0,1,1.0,1,1.0,1,0.2081895798997079,38
977,0,2128,713,1415,0,0,0,1.0,1,1.0,1,1.0,1,0.2081895798997079,38
978,0,2128,713,1415,0,0,0,1.0,1,1.0,1,1.0,1,0.2081895798997079,38
979,1,2129,713,1416,0,0,0,1.0,1,1.0,1,1.0,1,0.1793093595460021,39
980,1,2130,714,1416,0,0,0,1.0,1,1.0,1,1.0,1,0.21198770067062597,39
981,2,2132,714,1418,0,0,0,1.0,1,1.0,1,1.0,1,0.2003931122332788,40
982,5,2137,717,1420,0,0,0,1.0,1,1.0,1,1.0,1,0.26681066919711105,40
983,0,2137,717,1420,0,0,0,1.0,1,1.0,1,1.0,1,0.23793958111179822,38
984,5,2142,719,1423,0,0,0,1.0,1,1.0,1,1.0,1,0.17504383462514764,39
985,5,2147,722,1425,0,0,0,1.0,1,1.0,1,1.0,1,0.21290382447760123,38
986,7,2154,724,1430,0,0,0,1.0,1,1.0,1,1.0,1,0.11301425808956629,38
987,1,2155,725,1430,0,0,0,1.0,1,1.0,1,1.0,1,0.14224669022760883,38
988,1,2156,725,1431,0,0,0,1.0,1,1.0,1,1.0,1,0.13121550176909164,38
989,0,2156,725,1431,0,0,0,1.0,1,1.0,1,1.0,1,0.1454278195021605,38
990,1,2157,725,1432,0,0,0,1.0,1,1.0,1,1.0,1,0.12229430287275343,38
991,0,2157,725,1432,0,0,0,1.0,1,1.0,1,1.0,1,0.10893307379071457,40
992,2,2159,727,1432,0,0,0,1.0,1,1.0,1,1.0,1,0.12021381518415154,39
993,0,2159,727,1432,0,0,0,1.0,1,1.0,1,1.0,1,0.14300269706340143,38
994,1,2160,727,1433,0,0,0,1.0,1,1.0,1,1.0,1,0.15873625774885525,39
995,0,2160,727,1433,0,0,0,1.0,1,1.0,1,1.0,1,0.14458185267138016,41
996,1,2161,727,1434,0,0,0,1.0,1,1.0,1,1.0,1,0.12611515388187608,40
997,1,2162,727,1435,0,0,0,1.0,1,1.0,1,1.0,1,0.12740598091184477,41
998,0,2162,727,1435,0,0,0,1.0,1,1.0,1,1.0,1,0.119517550362164,40
999,0,2162,727,1435,0,0,0,1.0,1,1.0,1,1.0,1,0.131873451573994,40
1000,0,2162,727,1435,0,0,0,1.0,1,1.0,1,1.0,1,0.131873451573994,40
1001,1,2163,727,1436,0,0,0,1.0,1,1.0,1,1.0,1,0.1213595516983618,39
1002,0,2163,727,1436,0,0,0,1.0,1,1.0,1,1.0,1,0.1213595516983618,39
1003,0,2163,727,1436,0,0,0,1.0,1,1.0,1,1.0,1,0.1213595516983618,39
1004,0,2163,727,1436,0,0,0,1.0,1,1.0,1,1.0,1,0.1213595516983618,39
1005,1,2164,727,1437,0,0,0,1.0,1,1.0,1,1.0,1,0.10486546445853866,40
1006,0,2164,727,1437,0,0,0,1.0,1,1.0,1,1.0,1,0.1151583769694885,41
1007,2,2166,727,1439,0,0,0,1.0,1,1.0,1,1.0,1,0.09615056585690974,42
1008,1,2167,728,1439,0,0,0,1.0,1,1.0,1,1.0,1,0.16051874006136718,43
1009,2,2169,729,1440,0,0,0,1.0,1,1.0,1,1.0,1,0.16424864292874936,44
1010,2,2171,729,1442,0,0,0,1.0,1,1.0,1,1.0,1,0.14213719525664134,44
1011,1,2172,730,1442,0,0,0,1.0,1,1.0,1,1.0,1,0.14820292990891634,44
1012,2,2174,731,1443,0,0,0,1.0,1,1.0,1,1.0,1,0.16160404320860733,46
1013,0,2174,731,1443,0,0,0,1.0,1,1.0,1,1.0,1,0.16160404320860733,46
1014,1,2175,732,1443,0,0,0,1.0,1,1.0,1,1.0,1,0.1947760538130879,46
1015,0,2175,732,1443,0,0,0,1.0,1,1.0,1,1.0,1,0.1947760538130879,46
1016,4,2179,733,1446,0,0,0,1.0,1,1.0,1,1.0,1,0.16475715021608686,47
1017,1,2180,734,1446,0,0,0,1.0,1,1.0,1,1.0,1,0.14398727334485487,47
1018,4,2184,735,1449,0,0,0,1.0,1,1.0,1,1.0,1,0.11416261840968064,48
1019,7,2191,736,1455,0,0,0,1.0,1,1.0,1,1.0,1,0.12308877824310807,49
1020,2,2193,736,1457,0,0,0,1.0,1,1.0,1,1.0,1,0.11938482467341037,51
1021,4,2197,737,1460,0,0,0,1.0,1,1.0,1,1.0,1,0.08360335754065809,51
1022,0,2197,737,1460,0,0,0,1.0,1,1.0,1,1.0,1,0.07904427520850338,52
1023,2,2199,737,1462,0,0,0,1.0,1,1.0,1,1.0,1,0.07289918974567962,52
1024,0,2199,737,1462,0,0,0,1.0,1,1.0,1,1.0,1,0.07289918974567962,52
1025,1,2200,737,1463,0,0,0,1.0,1,1.0,1,1.0,1,0.05184621582442589,54
1026,0,2200,737,1463,0,0,0,1.0,1,1.0,1,1.0,1,0.05184621582442589,54
1027,1,2201,738,1463,0,0,0,1.0,1,1.0,1,1.0,1,0.07672105557401306,55
1028,2,2203,738,1465,0,0,0,1.0,1,1.0,1,1.0,1,0.07310494080817209,56
1029,1,2204,738,1466,0,0,0,1.0,1,1.0,1,1.0,1,0.06840022228892825,56
1030,3,2207,739,1468,0,0,0,1.0,1,1.0,1,1.0,1,0.09935965799326399,57
1031,1,2208,739,1469,0,0,0,1.0,1,1.0,1,1.0,1,0.09138083712804337,58
1032,3,2211,741,1470,0,0,0,1.0,1,1.0,1,1.0,1,0.08824490410076828,58
1033,0,2211,741,1470,0,0,0,1.0,1,1.0,1,1.0,1,0.08334251299200601,57
1034,2,2213,743,1470,0,0,0,1.0,1,1.0,1,1.0,1,0.11357424048200354,57
1035,3,2216,745,1471,0,0,0,1.0,1,1.0,1,1.0,1,0.12732151799205893,57
1036,5,2221,746,1475,0,0,0,1.0,1,1.0,1,1.0,1,0.11141580047630911,59
1037,4,2225,748,1477,0,0,0,1.0,1,1.0,1,1.0,1,0.10100186440089885,57
1038,2,2227,749,1478,0,0,0,1.0,1,1.0,1,1.0,1,0.11526064230218075,59
1039,3,2230,752,1478,0,0,0,1.0,1,1.0,1,1.0,1,0.12554101606828874,57
1040,3,2233,753,1480,0,0,0,1.0,1,1.0,1,1.0,1,0.16412223453455774,56
1041,3,2236,754,1482,0,0,0,1.0,1,1.0,1,1.0,1,0.13051676749834643,54
1042,1,2237,755,1482,0,0,0,1.0,1,1.0,1,1.0,1,0.1063305454910459,52
1043,1,2238,755,1483,0,0,0,1.0,1,1.0,1,1.0,1,0.10502494093821284,52
1044,1,2239,756,1483,0,0,0,1.0,1,1.0,1,1.0,1,0.12275225118249806,50
1045,4,2243,757,1486,0,0,0,1.0,1,1.0,1,1.0,1,0.13622436981867736,51
1046,4,2247,760,1487,0,0,0,1.0,1,1.0,1,1.0,1,0.11635605701644716,50
1047,1,2248,760,1488,0,0,0,1.0,1,1.0,1,1.0,1,0.11717076834056636,50
1048,3,2251,761,1490,0,0,0,1.0,1,1.0,1,1.0,1,0.12279809164957294,50
1049,3,2254,762,1492,0,0,0,1.0,1,1.0,1,1.0,1,0.07902894213153637,50
1050,1,2255,763,1492,0,0,0,1.0,1,1.0,1,1.0,1,0.100500317450091,50
1051,1,2256,763,1493,0,0,0,1.0,1,1.0,1,1.0,1,0.09062060078175471,50
1052,0,2256,763,1493,0,0,0,1.0,1,1.0,1,1.0,1,0.09984811972767689,51
1053,0,2256,763,1493,0,0,0,1.0,1,1.0,1,1.0,1,0.09984811972767689,51
1054,1,2257,763,1494,0,0,0,1.0,1,1.0,1,1.0,1,0.08332790475331613,53
1055,0,2257,763,1494,0,0,0,1.0,1,1.0,1,1.0,1,0.09932451564733841,54
1056,1,2258,763,1495,0,0,0,1.0,1,1.0,1,1.0,1,0.10539470711754152,54
1057,2,2260,764,1496,0,0,0,1.0,1,1.0,1,1.0,1,0.11509083097911442,55
1058,2,2262,764,1498,0,0,0,1.0,1,1.0,1,1.0,1,0.07315819737688456,54
1059,5,2267,767,1500,0,0,0,1.0,1,1.0,1,1.0,1,0.1485716651177172,53
1060,1,2268,767,1501,0,0,0,1.0,1,1.0,1,1.0,1,0.14689763021818417,53
1061,3,2271,770,1501,0,0,0,1.0,1,1.0,1,1.0,1,0.16410584634274777,53
1062,5,2276,775,1501,0,0,0,1.0,1,1.0,1,1.0,1,0.17735358458451572,54
1063,0,2276,775,1501,0,0,0,1.0,1,1.0,1,1.0,1,0.19604461254773708,53
1064,6,2282,779,1503,0,0,0,1.0,1,1.0,1,1.0,1,0.16924293872953566,55
1065,1,2283,780,1503,0,0,0,1.0,1,1.0,1,1.0,1,0.1940065692116958,54
1066,7,2290,781,1509,0,0,0,1.0,1,1.0,1,1.0,1,0.10917393561859756,55
1067,1,2291,782,1509,0,0,0,1.0,1,1.0,1,1.0,1,0.1393296568581125,55
1068,2,2293,782,1511,0,0,0,1.0,1,1.0,1,1.0,1,0.15955248409716202,55
1069,1,2294,782,1512,0,0,0,1.0,1,1.0,1,1.0,1,0.19414175250962323,55
1070,2,2296,782,1514,0,0,0,1.0,1,1.0,1,1.0,1,0.20900723577164357,54
1071,8,2304,783,1521,0,0,0,1.0,1,1.0,1,1.0,1,0.13824663919596894,55
1072,1,2305,784,1521,0,0,0,1.0,1,1.0,1,1.0,1,0.12637528114583588,54
1073,4,2309,787,1522,0,0,0,1.0,1,1.0,1,1.0,1,0.13701347249811774,54
1074,4,2313,790,1523,0,0,0,1.0,1,1.0,1,1.0,1,0.18718393710591233,52
1075,3,2316,791,1525,0,0,0,1.0,1,1.0,1,1.0,1,0.12445056116710859,51
1076,5,2321,793,1528,0,0,0,1.0,1,1.0,1,1.0,1,0.1335462906524491,52
1077,1,2322,794,1528,0,0,0,1.0,1,1.0,1,1.0,1,0.1295185464765164,49
1078,3,2325,797,1528,0,0,0,1.0,1,1.0,1,1.0,1,0.1909504089857055,48
1079,3,2328,799,1529,0,0,0,1.0,1,1.0,1,1.0,1,0.22602304117803826,47
1080,2,2330,801,1529,0,0,0,1.0,1,1.0,1,1.0,1,0.20876011545758016,47
1081,2,2332,802,1530,0,0,0,1.0,1,1.0,1,1.0,1,0.25506709686796597,45
1082,1,2333,802,1531,0,0,0,1.0,1,1.0,1,1.0,1,0.2428977222477924,42
1083,0,2333,802,1531,0,0,0,1.0,1,1.0,1,1.0,1,0.2428977222477924,42
1084,0,2333,802,1531,0,0,0,1.0,1,1.0,1,1.0,1,0.2805668375006767,40
1085,3,2336,802,1534,0,0,0,1.0,1,1.0,1,1.0,1,0.198059159355232,43
1086,2,2338,802,1536,0,0,0,1.0,1,1.0,1,1.0,1,0.2020692572102825,41
1087,1,2339,802,1537,0,0,0,1.0,1,1.0,1,1.0,1,0.21521024743155037,41
1088,1,2340,802,1538,0,0,0,1.0,1,1.0,1,1.0,1,0.19939027574837928,41
1089,3,2343,805,1538,0,0,0,1.0,1,1.0,1,1.0,1,0.1747522904334701,42
1090,1,2344,805,1539,0,0,0,1.0,1,1.0,1,1.0,1,0.16442372138926412,43
1091,1,2345,806,1539,0,0,0,1.0,1,1.0,1,1.0,1,0.1414115088021628,43
1092,1,2346,807,1539,0,0,0,1.0,1,1.0,1,1.0,1,0.14252710264903928,43
1093,1,2347,808,1539,0,0,0,1.0,1,1.0,1,1.0,1,0.16907442449637175,43
1094,2,2349,809,1540,0,0,0,1.0,1,1.0,1,1.0,1,0.15068482075441,43
1095,2,2351,810,1541,0,0,0,1.0,1,1.0,1,1.0,1,0.18241669353609474,44
1096,1,2352,810,1542,0,0,0,1.0,1,1.0,1,1.0,1,0.14609347820385257,44
1097,5,2357,812,1545,0,0,0,1.0,1,1.0,1,1.0,1,0.21030568676107786,45
1098,0,2357,812,1545,0,0,0,1.0,1,1.0,1,1.0,1,0.20121812223306557,46
1099,2,2359,813,1546,0,0,0,1.0,1,1.0,1,1.0,1,0.2208322202748353,48
1100,3,2362,813,1549,0,0,0,1.0,1,1.0,1,1.0,1,0.15928637931703649,49
1101,2,2364,814,1550,0,0,0,1.0,1,1.0,1,1.0,1,0.1515413000728408,49
1102,5,2369,817,1552,0,0,0,1.0,1,1.0,1,1.0,1,0.12465383159293017,50
1103,3,2372,817,1555,0,0,0,1.0,1,1.0,1,1.0,1,0.07852235401927299,48
1104,7,2379,820,1559,0,0,0,1.0,1,1.0,1,1.0,1,0.1221871893511651,50
1105,3,2382,821,1561,0,0,0,1.0,1,1.0,1,1.0,1,0.11045192424163304,48
1106,2,2384,821,1563,0,0,0,1.0,1,1.0,1,1.0,1,0.07226209605067933,48
1107,3,2387,824,1563,0,0,0,1.0,1,1.0,1,1.0,1,0.10624088480828074,47
1108,2,2389,825,1564,0,0,0,1.0,1,1.0,1,1.0,1,0.11700598521909263,47
1109,4,2393,828,1565,0,0,0,1.0,1,1.0,1,1.0,1,0.15328495283312957,46
1110,2,2395,829,1566,0,0,0,1.0,1,1.0,1,1.0,1,0.19479945297511855,43
1111,11,2406,830,1576,0,0,0,1.0,1,1.0,1,1.0,1,0.08501608755517345,44
1112,2,2408,831,1577,0,0,0,1.0,1,1.0,1,1.0,1,0.13545563019399173,43
1113,3,2411,832,1579,0,0,0,1.0,1,1.0,1,1.0,1,0.1884472791333368,39
1114,2,2413,832,1581,0,0,0,1.0,1,1.0,1,1.0,1,0.1884472791333368,39
1115,3,2416,833,1583,0,0,0,1.0,1,1.0,1,1.0,1,0.1777448512630204,37
1116,2,2418,834,1584,0,0,0,1.0,1,1.0,1,1.0,1,0.11202841114770055,37
1117,3,2421,837,1584,0,0,0,1.0,1,1.0,1,1.0,1,0.17700466347686797,36
1118,1,2422,837,1585,0,0,0,1.0,1,1.0,1,1.0,1,0.15448515288275527,36
1119,0,2422,837,1585,0,0,0,1.0,1,1.0,1,1.0,1,0.15448515288275527,36
1120,0,2422,837,1585,0,0,0,1.0,1,1.0,1,1.0,1,0.15448515288275527,36
1121,1,2423,838,1585,0,0,0,1.0,1,1.0,1,1.0,1,0.19546709267465165,36
1122,2,2425,838,1587,0,0,0,1.0,1,1.0,1,1.0,1,0.1828718341658757,37
1123,3,2428,840,1588,0,0,0,1.0,1,1.0,1,1.0,1,0.2257851804397291,37
1124,0,2428,840,1588,0,0,0,1.0,1,1.0,1,1.0,1,0.2257851804397291,37
1125,6,2434,841,1593,0,0,0,1.0,1,1.0,1,1.0,1,0.20617641713411244,38
1126,3,2437,841,1596,0,0,0,1.0,1,1.0,1,1.0,1,0.1638985650380493,38
1127,0,2437,841,1596,0,0,0,1.0,1,1.0,1,1.0,1,0.1812076567649277,39
1128,1,2438,841,1597,0,0,0,1.0,1,1.0,1,1.0,1,0.1574387662738218,39
1129,2,2440,842,1598,0,0,0,1.0,1,1.0,1,1.0,1,0.15657077521709115,39
1130,1,2441,842,1599,0,0,0,1.0,1,1.0,1,1.0,1,0.14278383789520457,39
1131,0,2441,842,1599,0,0,0,1.0,1,1.0,1,1.0,1,0.14278383789520457,39
1132,1,2442,843,1599,0,0,0,1.0,1,1.0,1,1.0,1,0.14845470505244213,39
1133,2,2444,843,1601,0,0,0,1.0,1,1.0,1,1.0,1,0.13218734094447132,42
1134,0,2444,843,1601,0,0,0,1.0,1,1.0,1,1.0,1,0.13218734094447132,42
1135,1,2445,843,1602,0,0,0,1.0,1,1.0,1,1.0,1,0.15659613859629526,44
1136,4,2449,844,1605,0,0,0,1.0,1,1.0,1,1.0,1,0.15169689890405588,46
1137,0,2449,844,1605,0,0,0,1.0,1,1.0,1,1.0,1,0.16883429375154124,45
1138,4,2453,844,1609,0,0,0,1.0,1,1.0,1,1.0,1,0.14150314449742066,46
1139,3,2456,845,1611,0,0,0,1.0,1,1.0,1,1.0,1,0.1742278974017708,47
1140,3,2459,847,1612,0,0,0,1.0,1,1.0,1,1.0,1,0.16980358767993584,46
1141,4,2463,847,1616,0,0,0,1.0,1,1.0,1,1.0,1,0.13299959680460124,45
1142,4,2467,850,1617,0,0,0,1.0,1,1.0,1,1.0,1,0.17384605446913862,45
1143,2,2469,851,1618,0,0,0,1.0,1,1.0,1,1.0,1,0.18656755618850962,43
1144,4,2473,853,1620,0,0,0,1.0,1,1.0,1,1.0,1,0.1204549732910103,45
1145,4,2477,855,1622,0,0,0,1.0,1,1.0,1,1.0,1,0.1582312552249132,44
1146,8,2485,857,1628,0,0,0,1.0,1,1.0,1,1.0,1,0.07385312916725159,45
1147,4,2489,860,1629,0,0,0,1.0,1,1.0,1,1.0,1,0.06656343872104956,44
1148,3,2492,862,1630,0,0,0,1.0,1,1.0,1,1.0,1,0.10759438816940192,43
1149,1,2493,863,1630,0,0,0,1.0,1,1.0,1,1.0,1,0.1645611960647063,42
1150,4,2497,864,1633,0,0,0,1.0,1,1.0,1,1.0,1,0.1890399296308536,45
1151,5,2502,864,1638,0,0,0,1.0,1,1.0,1,1.0,1,0.13836973435292158,40
1152,2,2504,865,1639,0,0,0,1.0,1,1.0,1,1.0,1,0.1200979271200313,41
1153,2,2506,867,1639,0,0,0,1.0,1,1.0,1,1.0,1,0.15300101294737944,38
1154,1,2507,868,1639,0,0,0,1.0,1,1.0,1,1.0,1,0.1375897973839584,37
1155,4,2511,870,1641,0,0,0,1.0,1,1.0,1,1.0,1,0.14527943304259863,38
1156,0,2511,870,1641,0,0,0,1.0,1,1.0,1,1.0,1,0.17748669668471156,38
1157,0,2511,870,1641,0,0,0,1.0,1,1.0,1,1.0,1,0.19349219462535971,37
1158,1,2512,871,1641,0,0,0,1.0,1,1.0,1,1.0,1,0.18355170122312864,36
1159,0,2512,871,1641,0,0,0,1.0,1,1.0,1,1.0,1,0.1708310362714081,35
1160,0,2512,871,1641,0,0,0,1.0,1,1.0,1,1.0,1,0.1708310362714081,35
1161,0,2512,871,1641,0,0,0,1.0,1,1.0,1,1.0,1,0.18502417361787363,36
1162,0,2512,871,1641,0,0,0,1.0,1,1.0,1,1.0,1,0.19708980167126802,37
1163,0,2512,871,1641,0,0,0,1.0,1,1.0,1,1.0,1,0.19708980167126802,37
1164,0,2512,871,1641,0,0,0,1.0,1,1.0,1,1.0,1,0.18641360608248495,38
1165,1,2513,871,1642,0,0,0,1.0,1,1.0,1,1.0,1,0.17914898634652546,38
1166,2,2515,871,1644,0,0,0,1.0,1,1.0,1,1.0,1,0.186305590792409,40
1167,5,2520,874,1646,0,0,0,1.0,1,1.0,1,1.0,1,0.18967350543820313,40
1168,1,2521,874,1647,0,0,0,1.0,1,1.0,1,1.0,1,0.16230071707049884,40
1169,0,2521,874,1647,0,0,0,1.0,1,1.0,1,1.0,1,0.17404748085746427,41
1170,2,2523,876,1647,0,0,0,1.0,1,1.0,1,1.0,1,0.16350191923444113,41
1171,4,2527,877,1650,0,0,0,1.0,1,1.0,1,1.0,1,0.12631494448473987,43
1172,1,2528,878,1650,0,0,0,1.0,1,1.0,1,1.0,1,0.10363465774349949,43
1173,0,2528,878,1650,0,0,0,1.0,1,1.0,1,1.0,1,0.10363465774349949,43
1174,0,2528,878,1650,0,0,0,1.0,1,1.0,1,1.0,1,0.10363465774349949,43
1175,1,2529,878,1651,0,0,0,1.0,1,1.0,1,1.0,1,0.08905542545191919,44
1176,2,2531,879,1652,0,0,0,1.0,1,1.0,1,1.0,1,0.11615154336309602,45
1177,1,2532,880,1652,0,0,0,1.0,1,1.0,1,1.0,1,0.15970602914054763,45
1178,0,2532,880,1652,0,0,0,1.0,1,1.0,1,1.0,1,0.15970602914054763,45
1179,4,2536,882,1654,0,0,0,1.0,1,1.0,1,1.0,1,0.20892192307371696,46
1180,2,2538,882,1656,0,0,0,1.0,1,1.0,1,1.0,1,0.18367063230531844,47
1181,3,2541,882,1659,0,0,0,1.0,1,1.0,1,1.0,1,0.1459168066247505,48
1182,2,2543,884,1659,0,0,0,1.0,1,1.0,1,1.0,1,0.17433386258555783,48
1183,0,2543,884,1659,0,0,0,1.0,1,1.0,1,1.0,1,0.16660021568460553,46
1184,4,2547,886,1661,0,0,0,1.0,1,1.0,1,1.0,1,0.14277375757455096,47
1185,1,2548,887,1661,0,0,0,1.0,1,1.0,1,1.0,1,0.188957898573456,44
1186,3,2551,887,1664,0,0,0,1.0,1,1.0,1,1.0,1,0.17039366844658668,47
1187,2,2553,887,1666,0,0,0,1.0,1,1.0,1,1.0,1,0.16271749033348654,49
1188,1,2554,887,1667,0,0,0,1.0,1,1.0,1,1.0,1,0.15342242639656922,50
1189,0,2554,887,1667,0,0,0,1.0,1,1.0,1,1.0,1,0.1484711919525862,48
1190,3,2557,888,1669,0,0,0,1.0,1,1.0,1,1.0,1,0.16938411744076914,48
1191,1,2558,888,1670,0,0,0,1.0,1,1.0,1,1.0,1,0.15352098444945603,46
1192,1,2559,888,1671,0,0,0,1.0,1,1.0,1,1.0,1,0.13952146958416264,46
1193,1,2560,888,1672,0,0,0,1.0,1,1.0,1,1.0,1,0.14362232803398736,45
1194,0,2560,888,1672,0,0,0,1.0,1,1.0,1,1.0,1,0.14362232803398736,45
1195,6,2566,890,1676,0,0,0,1.0,1,1.0,1,1.0,1,0.19442767614130974,47
1196,4,2570,890,1680,0,0,0,1.0,1,1.0,1,1.0,1,0.14768913947972034,48
1197,3,2573,890,1683,0,0,0,1.0,1,1.0,1,1.0,1,0.1392403017034675,49
1198,1,2574,890,1684,0,0,0,1.0,1,1.0,1,1.0,1,0.13358138449651447,49
1199,4,2578,890,1688,0,0,0,1.0,1,1.0,1,1.0,1,0.13695717281225217,50
1200,2,2580,891,1689,0,0,0,1.0,1,1.0,1,1.0,1,0.14264426375701736,50
1201,3,2583,891,1692,0,0,0,1.0,1,1.0,1,1.0,1,0.10818591983805816,50
1202,1,2584,892,1692,0,0,0,1.0,1,1.0,1,1.0,1,0.11096914282371916,51
1203,0,2584,892,1692,0,0,0,1.0,1,1.0,1,1.0,1,0.1083207326016823,52
1204,1,2585,892,1693,0,0,0,1.0,1,1.0,1,1.0,1,0.09805420462897592,52
1205,0,2585,892,1693,0,0,0,1.0,1,1.0,1,1.0,1,0.10389381719883128,53
1206,0,2585,892,1693,0,0,0,1.0,1,1.0,1,1.0,1,0.10389381719883128,53
1207,1,2586,892,1694,0,0,0,1.0,1,1.0,1,1.0,1,0.10005914915347071,55
1208,2,2588,892,1696,0,0,0,1.0,1,1.0,1,1.0,1,0.09501280841292625,56
1209,1,2589,892,1697,0,0,0,1.0,1,1.0,1,1.0,1,0.09025003283918738,55
1210,1,2590,893,1697,0,0,0,1.0,1,1.0,1,1.0,1,0.09808492904871872,55
1211,1,2591,893,1698,0,0,0,1.0,1,1.0,1,1.0,1,0.06935230257510874,57
1212,0,2591,893,1698,0,0,0,1.0,1,1.0,1,1.0,1,0.06935230257510874,57
1213,0,2591,893,1698,0,0,0,1.0,1,1.0,1,1.0,1,0.06935230257510874,57
1214,4,2595,895,1700,0,0,0,1.0,1,1.0,1,1.0,1,0.10332316689668916,57
1215,2,2597,895,1702,0,0,0,1.0,1,1.0,1,1.0,1,0.08702702464611221,59
1216,1,2598,895,1703,0,0,0,1.0,1,1.0,1,1.0,1,0.0895081772346192,61
1217,1,2599,896,1703,0,0,0,1.0,1,1.0,1,1.0,1,0.12004168315834891,61
1218,3,2602,897,1705,0,0,0,1.0,1,1.0,1,1.0,1,0.13234851352135735,61
1219,1,2603,898,1705,0,0,0,1.0,1,1.0,1,1.0,1,0.13476778926025532,61
1220,0,2603,898,1705,0,0,0,1.0,1,1.0,1,1.0,1,0.14358883086393553,60
1221,4,2607,899,1708,0,0,0,1.0,1,1.0,1,1.0,1,0.13693404747772372,61
1222,2,2609,900,1709,0,0,0,1.0,1,1.0,1,1.0,1,0.1305227274231038,61
1223,0,2609,900,1709,0,0,0,1.0,1,1.0,1,1.0,1,0.13582638180378068,59
1224,3,2612,903,1709,0,0,0,1.0,1,1.0,1,1.0,1,0.13174309834491604,60
1225,2,2614,904,1710,0,0,0,1.0,1,1.0,1,1.0,1,0.154891800651189,60
1226,8,2622,906,1716,0,0,0,1.0,1,1.0,1,1.0,1,0.10503618050016317,61
1227,4,2626,908,1718,0,0,0,1.0,1,1.0,1,1.0,1,0.08217857570987472,59
1228,1,2627,908,1719,0,0,0,1.0,1,1.0,1,1.0,1,0.10409390760382997,58
1229,2,2629,910,1719,0,0,0,1.0,1,1.0,1,1.0,1,0.12668248077338487,57
1230,1,2630,911,1719,0,0,0,1.0,1,1.0,1,1.0,1,0.12252476347809327,55
1231,5,2635,913,1722,0,0,0,1.0,1,1.0,1,1.0,1,0.11018748974205159,54
1232,5,2640,916,1724,0,0,0,1.0,1,1.0,1,1.0,1,0.08886782734335437,51
1233,2,2642,918,1724,0,0,0,1.0,1,1.0,1,1.0,1,0.11594886099008682,49
1234,3,2645,921,1724,0,0,0,1.0,1,1.0,1,1.0,1,0.2132316721820439,49
1235,1,2646,921,1725,0,0,0,1.0,1,1.0,1,1.0,1,0.20584833845378592,48
1236,7,2653,921,1732,0,0,0,1.0,1,1.0,1,1.0,1,0.1487129419415395,49
1237,3,2656,922,1734,0,0,0,1.0,1,1.0,1,1.0,1,0.1950068753912589,48
1238,2,2658,922,1736,0,0,0,1.0,1,1.0,1,1.0,1,0.19497548953871133,47
1239,5,2663,922,1741,0,0,0,1.0,1,1.0,1,1.0,1,0.1801384924122554,48
1240,6,2669,922,1747,0,0,0,1.0,1,1.0,1,1.0,1,0.15399484771575453,49
1241,6,2675,924,1751,0,0,0,1.0,1,1.0,1,1.0,1,0.09699755484672751,49
1242,3,2678,925,1753,0,0,0,1.0,1,1.0,1,1.0,1,0.10036048127088548,49
1243,0,2678,925,1753,0,0,0,1.0,1,1.0,1,1.0,1,0.10741047038010867,50
1244,1,2679,926,1753,0,0,0,1.0,1,1.0,1,1.0,1,0.15719611212342713,50
1245,1,2680,926,1754,0,0,0,1.0,1,1.0,1,1.0,1,0.1482458031238119,51
1246,4,2684,927,1757,0,0,0,1.0,1,1.0,1,1.0,1,0.14993013630055788,52
1247,0,2684,927,1757,0,0,0,1.0,1,1.0,1,1.0,1,0.14993013630055788,52
1248,3,2687,928,1759,0,0,0,1.0,1,1.0,1,1.0,1,0.17805831587047896,51
1249,2,2689,929,1760,0,0,0,1.0,1,1.0,1,1.0,1,0.14988706144374508,51
1250,5,2694,932,1762,0,0,0,1.0,1,1.0,1,1.0,1,0.16420396406488058,51
1251,8,2702,932,1770,0,0,0,1.0,1,1.0,1,1.0,1,0.11317883719772678,53
1252,0,2702,932,1770,0,0,0,1.0,1,1.0,1,1.0,1,0.11660405962640136,52
1253,0,2702,932,1770,0,0,0,1.0,1,1.0,1,1.0,1,0.11660405962640136,52
1254,3,2705,932,1773,0,0,0,1.0,1,1.0,1,1.0,1,0.1253530229776698,53
1255,8,2713,933,1780,0,0,0,1.0,1,1.0,1,1.0,1,0.10000062755903531,55
1256,2,2715,933,1782,0,0,0,1.0,1,1.0,1,1.0,1,0.07494662219675258,55
1257,0,2715,933,1782,0,0,0,1.0,1,1.0,1,1.0,1,0.09397472749803844,57
1258,0,2715,933,1782,0,0,0,1.0,1,1.0,1,1.0,1,0.09480674589022327,57
1259,0,2715,933,1782,0,0,0,1.0,1,1.0,1,1.0,1,0.09480674589022327,57
1260,0,2715,933,1782,0,0,0,1.0,1,1.0,1,1.0,1,0.10068372449612079,56
1261,3,2718,933,1785,0,0,0,1.0,1,1.0,1,1.0,1,0.08811113026450043,57
1262,1,2719,933,1786,0,0,0,1.0,1,1.0,1,1.0,1,0.07609715398100377,58
1263,1,2720,934,1786,0,0,0,1.0,1,1.0,1,1.0,1,0.09220553396349908,58
1264,0,2720,934,1786,0,0,0,1.0,1,1.0,1,1.0,1,0.05434542405539136,57
1265,6,2726,939,1787,0,0,0,1.0,1,1.0,1,1.0,1,0.113807895055944,56
1266,2,2728,941,1787,0,0,0,1.0,1,1.0,1,1.0,1,0.14421502096459468,55
1267,2,2730,942,1788,0,0,0,1.0,1,1.0,1,1.0,1,0.13499707382556037,53
1268,5,2735,946,1789,0,0,0,1.0,1,1.0,1,1.0,1,0.1771700507809292,52
1269,4,2739,946,1793,0,0,0,1.0,1,1.0,1,1.0,1,0.092642929279527,51
1270,0,2739,946,1793,0,0,0,1.0,1,1.0,1,1.0,1,0.10621742013195626,47
1271,2,2741,947,1794,0,0,0,1.0,1,1.0,1,1.0,1,0.10801622212805265,46
1272,2,2743,949,1794,0,0,0,1.0,1,1.0,1,1.0,1,0.13265670224177367,43
1273,3,2746,951,1795,0,0,0,1.0,1,1.0,1,1.0,1,0.19119259415937334,44
1274,3,2749,953,1796,0,0,0,1.0,1,1.0,1,1.0,1,0.20471540542492891,44
1275,3,2752,954,1798,0,0,0,1.0,1,1.0,1,1.0,1,0.18522788560742529,45
1276,8,2760,956,1804,0,0,0,1.0,1,1.0,1,1.0,1,0.11096917539522634,43
1277,2,2762,956,1806,0,0,0,1.0,1,1.0,1,1.0,1,0.09708676816598738,44
1278,4,2766,959,1807,0,0,0,1.0,1,1.0,1,1.0,1,0.15247159699797078,45
1279,2,2768,959,1809,0,0,0,1.0,1,1.0,1,1.0,1,0.09764569010835773,47
1280,4,2772,962,1810,0,0,0,1.0,1,1.0,1,1.0,1,0.11018998128862925,47
1281,0,2772,962,1810,0,0,0,1.0,1,1.0,1,1.0,1,0.11018998128862925,47
1282,1,2773,963,1810,0,0,0,1.0,1,1.0,1,1.0,1,0.10593358918765605,46
1283,0,2773,963,1810,0,0,0,1.0,1,1.0,1,1.0,1,0.10593358918765605,46
1284,0,2773,963,1810,0,0,0,1.0,1,1.0,1,1.0,1,0.10593358918765605,46
1285,1,2774,964,1810,0,0,0,1.0,1,1.0,1,1.0,1,0.16429587256858533,46
1286,4,2778,964,1814,0,0,0,1.0,1,1.0,1,1.0,1,0.09206847925284553,45
1287,3,2781,965,1816,0,0,0,1.0,1,1.0,1,1.0,1,0.13723023478119037,49
1288,0,2781,965,1816,0,0,0,1.0,1,1.0,1,1.0,1,0.13723023478119037,49
1289,5,2786,965,1821,0,0,0,1.0,1,1.0,1,1.0,1,0.1396416115963053,52
1290,3,2789,966,1823,0,0,0,1.0,1,1.0,1,1.0,1,0.08624862220505147,52
1291,0,2789,966,1823,0,0,0,1.0,1,1.0,1,1.0,1,0.08624862220505147,52
1292,2,2791,967,1824,0,0,0,1.0,1,1.0,1,1.0,1,0.08425014657688927,53
1293,0,2791,967,1824,0,0,0,1.0,1,1.0,1,1.0,1,0.08425014657688927,53
1294,0,2791,967,1824,0,0,0,1.0,1,1.0,1,1.0,1,0.08425014657688927,53
1295,1,2792,967,1825,0,0,0,1.0,1,1.0,1,1.0,1,0.07064569886666645,54
1296,0,2792,967,1825,0,0,0,1.0,1,1.0,1,1.0,1,0.07603513242089079,55
1297,0,2792,967,1825,0,0,0,1.0,1,1.0,1,1.0,1,0.09546735368533159,54
1298,1,2793,967,1826,0,0,0,1.0,1,1.0,1,1.0,1,0.09165757471021992,55
1299,0,2793,967,1826,0,0,0,1.0,1,1.0,1,1.0,1,0.11001040615312725,54
1300,3,2796,969,1827,0,0,0,1.0,1,1.0,1,1.0,1,0.14628390103469413,55
1301,4,2800,970,1830,0,0,0,1.0,1,1.0,1,1.0,1,0.08420577746964604,54
1302,4,2804,973,1831,0,0,0,1.0,1,1.0,1,1.0,1,0.11756634251789712,54
1303,5,2809,976,1833,0,0,0,1.0,1,1.0,1,1.0,1,0.16338336554251753,50
1304,3,2812,978,1834,0,0,0,1.0,1,1.0,1,1.0,1,0.13380281449638293,51
1305,2,2814,980,1834,0,0,0,1.0,1,1.0,1,1.0,1,0.15816657877931184,48
1306,4,2818,983,1835,0,0,0,1.0,1,1.0,1,1.0,1,0.19618603610577745,48
1307,2,2820,984,1836,0,0,0,1.0,1,1.0,1,1.0,1,0.14988751368934136,48
1308,2,2822,986,1836,0,0,0,1.0,1,1.0,1,1.0,1,0.19957787766757235,46
1309,1,2823,987,1836,0,0,0,1.0,1,1.0,1,1.0,1,0.2048806409303104,47
1310,3,2826,987,1839,0,0,0,1.0,1,1.0,1,1.0,1,0.14232129760010065,46
1311,1,2827,988,1839,0,0,0,1.0,1,1.0,1,1.0,1,0.14784091495046406,46
1312,2,2829,990,1839,0,0,0,1.0,1,1.0,1,1.0,1,0.17268702571481684,45
1313,1,2830,990,1840,0,0,0,1.0,1,1.0,1,1.0,1,0.18389499640954862,44
1314,1,2831,991,1840,0,0,0,1.0,1,1.0,1,1.0,1,0.18550354941234382,42
1315,2,2833,993,1840,0,0,0,1.0,1,1.0,1,1.0,1,0.22696764111813783,40
1316,9,2842,993,1849,0,0,0,1.0,1,1.0,1,1.0,1,0.07673302649633429,42
1317,2,2844,994,1850,0,0,0,1.0,1,1.0,1,1.0,1,0.07883969063551957,42
1318,2,2846,994,1852,0,0,0,1.0,1,1.0,1,1.0,1,0.07883969063551957,42
1319,3,2849,995,1854,0,0,0,1.0,1,1.0,1,1.0,1,0.12461360168763921,42
1320,1,2850,995,1855,0,0,0,1.0,1,1.0,1,1.0,1,0.1186257439063318,42
1321,1,2851,995,1856,0,0,0,1.0,1,1.0,1,1.0,1,0.10736049929249188,45
1322,1,2852,995,1857,0,0,0,1.0,1,1.0,1,1.0,1,0.0910078849993868,45
1323,1,2853,995,1858,0,0,0,1.0,1,1.0,1,1.0,1,0.07711034874536013,46
1324,0,2853,995,1858,0,0,0,1.0,1,1.0,1,1.0,1,0.0921874633000891,45
1325,4,2857,996,1861,0,0,0,1.0,1,1.0,1,1.0,1,0.0763187988120473,46
1326,1,2858,997,1861,0,0,0,1.0,1,1.0,1,1.0,1,0.1290934253991072,45
1327,1,2859,997,1862,0,0,0,1.0,1,1.0,1,1.0,1,0.15128743361498057,46
1328,1,2860,997,1863,0,0,0,1.0,1,1.0,1,1.0,1,0.13053401141702575,47
1329,2,2862,998,1864,0,0,0,1.0,1,1.0,1,1.0,1,0.11349372537801745,47
1330,2,2864,998,1866,0,0,0,1.0,1,1.0,1,1.0,1,0.11521249287488906,46
1331,1,2865,998,1867,0,0,0,1.0,1,1.0,1,1.0,1,0.10568277398901023,46
1332,1,2866,998,1868,0,0,0,1.0,1,1.0,1,1.0,1,0.12852928101003258,49
1333,0,2866,998,1868,0,0,0,1.0,1,1.0,1,1.0,1,0.1389874726306393,50
1334,3,2869,999,1870,0,0,0,1.0,1,1.0,1,1.0,1,0.14661379272461045,50
1335,1,2870,999,1871,0,0,0,1.0,1,1.0,1,1.0,1,0.16038250884051117,52
1336,1,2871,1000,1871,0,0,0,1.0,1,1.0,1,1.0,1,0.15838035819548013,53
1337,2,2873,1001,1872,0,0,0,1.0,1,1.0,1,1.0,1,0.17874207222006458,54
1338,4,2877,1002,1875,0,0,0,1.0,1,1.0,1,1.0,1,0.16546487283073733,54
1339,1,2878,1003,1875,0,0,0,1.0,1,1.0,1,1.0,1,0.18749208953074797,54
1340,0,2878,1003,1875,0,0,0,1.0,1,1.0,1,1.0,1,0.20175923368302545,53
1341,3,2881,1003,1878,0,0,0,1.0,1,1.0,1,1.0,1,0.13787499839784734,53
1342,3,2884,1006,1878,0,0,0,1.0,1,1.0,1,1.0,1,0.15260425329458774,52
1343,0,2884,1006,1878,0,0,0,1.0,1,1.0,1,1.0,1,0.13664090765908757,50
1344,2,2886,1008,1878,0,0,0,1.0,1,1.0,1,1.0,1,0.16794056578442132,51
1345,1,2887,1008,1879,0,0,0,1.0,1,1.0,1,1.0,1,0.14082020722846947,50
1346,2,2889,1010,1879,0,0,0,1.0,1,1.0,1,1.0,1,0.1729671169929121,50
1347,1,2890,1010,1880,0,0,0,1.0,1,1.0,1,1.0,1,0.13918023541390942,48
1348,2,2892,1010,1882,0,0,0,1.0,1,1.0,1,1.0,1,0.11474625360936612,49
1349,0,2892,1010,1882,0,0,0,1.0,1,1.0,1,1.0,1,0.09931090799498557,48
1350,0,2892,1010,1882,0,0,0,1.0,1,1.0,1,1.0,1,0.11502347971503975,49
1351,0,2892,1010,1882,0,0,0,1.0,1,1.0,1,1.0,1,0.0966365017111951,48
1352,4,2896,1012,1884,0,0,0,1.0,1,1.0,1,1.0,1,0.07231283053569475,49
1353,0,2896,1012,1884,0,0,0,1.0,1,1.0,1,1.0,1,0.0927457617466605,49
1354,1,2897,1013,1884,0,0,0,1.0,1,1.0,1,1.0,1,0.10834518787678135,49
1355,2,2899,1014,1885,0,0,0,1.0,1,1.0,1,1.0,1,0.11905095912722004,50
1356,4,2903,1015,1888,0,0,0,1.0,1,1.0,1,1.0,1,0.06729113637501573,50
1357,4,2907,1017,1890,0,0,0,1.0,1,1.0,1,1.0,1,0.10784868665476385,50
1358,1,2908,1018,1890,0,0,0,1.0,1,1.0,1,1.0,1,0.13381781139040994,51
1359,1,2909,1019,1890,0,0,0,1.0,1,1.0,1,1.0,1,0.16596484918679694,53
1360,1,2910,1019,1891,0,0,0,1.0,1,1.0,1,1.0,1,0.14914634338586785,54
1361,6,2916,1019,1897,0,0,0,1.0,1,1.0,1,1.0,1,0.1051563653778393,54
1362,3,2919,1020,1899,0,0,0,1.0,1,1.0,1,1.0,1,0.10942453865534908,55
1363,2,2921,1020,1901,0,0,0,1.0,1,1.0,1,1.0,1,0.11388067911815307,55
1364,3,2924,1020,1904,0,0,0,1.0,1,1.0,1,1.0,1,0.13767511448778313,55
1365,6,2930,1021,1909,0,0,0,1.0,1,1.0,1,1.0,1,0.1258695961711859,56
1366,5,2935,1021,1914,0,0,0,1.0,1,1.0,1,1.0,1,0.06419813628459894,56
1367,1,2936,1021,1915,0,0,0,1.0,1,1.0,1,1.0,1,0.05956017782570767,56
1368,3,2939,1022,1917,0,0,0,1.0,1,1.0,1,1.0,1,0.07690382178673667,58
1369,1,2940,1022,1918,0,0,0,1.0,1,1.0,1,1.0,1,0.08014968550830663,59
1370,2,2942,1024,1918,0,0,0,1.0,1,1.0,1,1.0,1,0.10791585434418072,59
1371,1,2943,1024,1919,0,0,0,1.0,1,1.0,1,1.0,1,0.09817414171243707,59
1372,2,2945,1025,1920,0,0,0,1.0,1,1.0,1,1.0,1,0.10510758928067102,59
1373,3,2948,1025,1923,0,0,0,1.0,1,1.0,1,1.0,1,0.07036354679736229,59
1374,4,2952,1029,1923,0,0,0,1.0,1,1.0,1,1.0,1,0.10715142412238218,60
1375,3,2955,1029,1926,0,0,0,1.0,1,1.0,1,1.0,1,0.08662308559906863,61
1376,2,2957,1029,1928,0,0,0,1.0,1,1.0,1,1.0,1,0.10533059254764056,61
1377,1,2958,1030,1928,0,0,0,1.0,1,1.0,1,1.0,1,0.11475951128833421,61
1378,1,2959,1031,1928,0,0,0,1.0,1,1.0,1,1.0,1,0.14288872711635117,61
1379,0,2959,1031,1928,0,0,0,1.0,1,1.0,1,1.0,1,0.13856313074282484,60
1380,1,2960,1032,1928,0,0,0,1.0,1,1.0,1,1.0,1,0.15466540088544753,60
1381,2,2962,1032,1930,0,0,0,1.0,1,1.0,1,1.0,1,0.12142328531203347,58
1382,2,2964,1033,1931,0,0,0,1.0,1,1.0,1,1.0,1,0.13267931995168386,58
1383,6,2970,1036,1934,0,0,0,1.0,1,1.0,1,1.0,1,0.10026144667021307,57
1384,2,2972,1038,1934,0,0,0,1.0,1,1.0,1,1.0,1,0.11899297022945712,54
1385,1,2973,1039,1934,0,0,0,1.0,1,1.0,1,1.0,1,0.11259749684573142,52
1386,3,2976,1040,1936,0,0,0,1.0,1,1.0,1,1.0,1,0.0928815333493996,51
1387,2,2978,1041,1937,0,0,0,1.0,1,1.0,1,1.0,1,0.11303411270088842,51
1388,2,2980,1043,1937,0,0,0,1.0,1,1.0,1,1.0,1,0.09930740513462435,52
1389,0,2980,1043,1937,0,0,0,1.0,1,1.0,1,1.0,1,0.16284064551978616,50
1390,2,2982,1045,1937,0,0,0,1.0,1,1.0,1,1.0,1,0.13635401581709725,51
1391,3,2985,1045,1940,0,0,0,1.0,1,1.0,1,1.0,1,0.10850071172651217,50
1392,1,2986,1046,1940,0,0,0,1.0,1,1.0,1,1.0,1,0.09966936714916179,50
1393,0,2986,1046,1940,0,0,0,1.0,1,1.0,1,1.0,1,0.1252545020804722,49
1394,2,2988,1047,1941,0,0,0,1.0,1,1.0,1,1.0,1,0.156552737586535,50
1395,0,2988,1047,1941,0,0,0,1.0,1,1.0,1,1.0,1,0.16229401967748008,51
1396,5,2993,1048,1945,0,0,0,1.0,1,1.0,1,1.0,1,0.1351155482623012,52
1397,2,2995,1049,1946,0,0,0,1.0,1,1.0,1,1.0,1,0.12222424865619329,52
1398,1,2996,1050,1946,0,0,0,1.0,1,1.0,1,1.0,1,0.13148735328847586,53
1399,3,2999,1052,1947,0,0,0,1.0,1,1.0,1,1.0,1,0.1895969375312326,54
1400,3,3002,1052,1950,0,0,0,1.0,1,1.0,1,1.0,1,0.1422906534576949,54
1401,0,3002,1052,1950,0,0,0,1.0,1,1.0,1,1.0,1,0.1422906534576949,54
1402,1,3003,1053,1950,0,0,0,1.0,1,1.0,1,1.0,1,0.16150895022279763,53
1403,1,3004,1054,1950,0,0,0,1.0,1,1.0,1,1.0,1,0.20257441266824683,52
1404,0,3004,1054,1950,0,0,0,1.0,1,1.0,1,1.0,1,0.21099303600435595,53
1405,0,3004,1054,1950,0,0,0,1.0,1,1.0,1,1.0,1,0.21432112096108338,52
1406,3,3007,1054,1953,0,0,0,1.0,1,1.0,1,1.0,1,0.18755353764518315,53
1407,2,3009,1054,1955,0,0,0,1.0,1,1.0,1,1.0,1,0.17256054325970124,54
1408,0,3009,1054,1955,0,0,0,1.0,1,1.0,1,1.0,1,0.18765880709346103,53
1409,0,3009,1054,1955,0,0,0,1.0,1,1.0,1,1.0,1,0.18848096338715278,55
1410,0,3009,1054,1955,0,0,0,1.0,1,1.0,1,1.0,1,0.18863716733668892,54
1411,4,3013,1054,1959,0,0,0,1.0,1,1.0,1,1.0,1,0.1596900740749459,54
1412,0,3013,1054,1959,0,0,0,1.0,1,1.0,1,1.0,1,0.16317296422894345,53
1413,0,3013,1054,1959,0,0,0,1.0,1,1.0,1,1.0,1,0.15113464279394961,54
1414,1,3014,1054,1960,0,0,0,1.0,1,1.0,1,1.0,1,0.1609878985640717,55
1415,2,3016,1055,1961,0,0,0,1.0,1,1.0,1,1.0,1,0.1310201788801801,57
1416,4,3020,1056,1964,0,0,0,1.0,1,1.0,1,1.0,1,0.1344701216969345,59
1417,3,3023,1058,1965,0,0,0,1.0,1,1.0,1,1.0,1,0.18170028545008707,58
1418,4,3027,1059,1968,0,0,0,1.0,1,1.0,1,1.0,1,0.16078591839660814,57
1419,2,3029,1061,1968,0,0,0,1.0,1,1.0,1,1.0,1,0.17780618655677194,56
1420,3,3032,1062,1970,0,0,0,1.0,1,1.0,1,1.0,1,0.19675572448092085,54
1421,2,3034,1062,1972,0,0,0,1.0,1,1.0,1,1.0,1,0.16086639155957658,55
1422,0,3034,1062,1972,0,0,0,1.0,1,1.0,1,1.0,1,0.15032347668426763,52
1423,4,3038,1064,1974,0,0,0,1.0,1,1.0,1,1.0,1,0.16518528609319028,52
1424,3,3041,1067,1974,0,0,0,1.0,1,1.0,1,1.0,1,0.17559821462470895,51
1425,2,3043,1067,1976,0,0,0,1.0,1,1.0,1,1.0,1,0.12931742650568703,50
1426,4,3047,1069,1978,0,0,0,1.0,1,1.0,1,1.0,1,0.10371195250009793,50
1427,1,3048,1069,1979,0,0,0,1.0,1,1.0,1,1.0,1,0.1273872127561425,48
1428,2,3050,1071,1979,0,0,0,1.0,1,1.0,1,1.0,1,0.1759600122041787,48
1429,1,3051,1071,1980,0,0,0,1.0,1,1.0,1,1.0,1,0.19163525043029708,48
1430,2,3053,1072,1981,0,0,0,1.0,1,1.0,1,1.0,1,0.17246015136089718,48
1431,3,3056,1072,1984,0,0,0,1.0,1,1.0,1,1.0,1,0.1498528983874303,48
1432,0,3056,1072,1984,0,0,0,1.0,1,1.0,1,1.0,1,0.12080134988210636,50
1433,3,3059,1074,1985,0,0,0,1.0,1,1.0,1,1.0,1,0.10432929064094487,51
1434,2,3061,1075,1986,0,0,0,1.0,1,1.0,1,1.0,1,0.14355817103939544,51
1435,8,3069,1079,1990,0,0,0,1.0,1,1.0,1,1.0,1,0.18276651743934227,50
1436,5,3074,1079,1995,0,0,0,1.0,1,1.0,1,1.0,1,0.13903991832198226,51
1437,1,3075,1079,1996,0,0,0,1.0,1,1.0,1,1.0,1,0.12002221624733721,51
1438,1,3076,1080,1996,0,0,0,1.0,1,1.0,1,1.0,1,0.1368590844304502,51
1439,4,3080,1082,1998,0,0,0,1.0,1,1.0,1,1.0,1,0.14743033736862843,50
1440,5,3085,1083,2002,0,0,0,1.0,1,1.0,1,1.0,1,0.18512094103812635,51
1441,3,3088,1083,2005,0,0,0,1.0,1,1.0,1,1.0,1,0.14772681393806078,51
1442,3,3091,1084,2007,0,0,0,1.0,1,1.0,1,1.0,1,0.13410402064249022,52
1443,4,3095,1084,2011,0,0,0,1.0,1,1.0,1,1.0,1,0.14036909880674445,53
1444,2,3097,1084,2013,0,0,0,1.0,1,1.0,1,1.0,1,0.13766001734852862,54
1445,3,3100,1085,2015,0,0,0,1.0,1,1.0,1,1.0,1,0.14397828904517002,54
1446,5,3105,1085,2020,0,0,0,1.0,1,1.0,1,1.0,1,0.14729618998626803,54
1447,1,3106,1085,2021,0,0,0,1.0,1,1.0,1,1.0,1,0.10248424524258842,55
1448,1,3107,1085,2022,0,0,0,1.0,1,1.0,1,1.0,1,0.09886696664255627,55
1449,0,3107,1085,2022,0,0,0,1.0,1,1.0,1,1.0,1,0.09886696664255627,55
1450,1,3108,1085,2023,0,0,0,1.0,1,1.0,1,1.0,1,0.10540520516667223,57
1451,2,3110,1085,2025,0,0,0,1.0,1,1.0,1,1.0,1,0.06897228009328771,57
1452,1,3111,1085,2026,0,0,0,1.0,1,1.0,1,1.0,1,0.051464200181786775,57
1453,2,3113,1087,2026,0,0,0,1.0,1,1.0,1,1.0,1,0.10243218669368445,57
1454,3,3116,1088,2028,0,0,0,1.0,1,1.0,1,1.0,1,0.1234086571583808,58
1455,0,3116,1088,2028,0,0,0,1.0,1,1.0,1,1.0,1,0.1222657337690808,56
1456,3,3119,1089,2030,0,0,0,1.0,1,1.0,1,1.0,1,0.09926654545032593,55
1457,0,3119,1089,2030,0,0,0,1.0,1,1.0,1,1.0,1,0.1176135141951225,54
1458,3,3122,1090,2032,0,0,0,1.0,1,1.0,1,1.0,1,0.10491739693152674,53
1459,3,3125,1091,2034,0,0,0,1.0,1,1.0,1,1.0,1,0.11997822333660094,52
1460,0,3125,1091,2034,0,0,0,1.0,1,1.0,1,1.0,1,0.12384983665850845,51
1461,5,3130,1093,2037,0,0,0,1.0,1,1.0,1,1.0,1,0.09663274963306691,51
1462,1,3131,1094,2037,0,0,0,1.0,1,1.0,1,1.0,1,0.09866224571407006,51
1463,3,3134,1097,2037,0,0,0,1.0,1,1.0,1,1.0,1,0.14137420647427437,52
1464,3,3137,1098,2039,0,0,0,1.0,1,1.0,1,1.0,1,0.15226168636033652,52
1465,4,3141,1100,2041,0,0,0,1.0,1,1.0,1,1.0,1,0.16863191840020714,51
1466,12,3153,1106,2047,0,0,0,1.0,1,1.0,1,1.0,1,0.151301043349295,50
1467,1,3154,1107,2047,0,0,0,1.0,1,1.0,1,1.0,1,0.15869998029178667,48
1468,9,3163,1111,2052,0,0,0,1.0,1,1.0,1,1.0,1,0.11078922248575555,48
1469,4,3167,1113,2054,0,0,0,1.0,1,1.0,1,1.0,1,0.16724622504167094,48
1470,2,3169,1115,2054,0,0,0,1.0,1,1.0,1,1.0,1,0.19239375863710417,48
1471,6,3175,1117,2058,0,0,0,1.0,1,1.0,1,1.0,1,0.17426030747217527,45
1472,1,3176,1117,2059,0,0,0,1.0,1,1.0,1,1.0,1,0.14182176902649393,45
1473,3,3179,1118,2061,0,0,0,1.0,1,1.0,1,1.0,1,0.1446671324774681,46
1474,3,3182,1118,2064,0,0,0,1.0,1,1.0,1,1.0,1,0.10211668560096732,46
1475,2,3184,1119,2065,0,0,0,1.0,1,1.0,1,1.0,1,0.10169607551688084,46
1476,2,3186,1119,2067,0,0,0,1.0,1,1.0,1,1.0,1,0.08364702108437554,47
1477,0,3186,1119,2067,0,0,0,1.0,1,1.0,1,1.0,1,0.08364702108437554,47
1478,3,3189,1119,2070,0,0,0,1.0,1,1.0,1,1.0,1,0.07480182309311013,47
1479,0,3189,1119,2070,0,0,0,1.0,1,1.0,1,1.0,1,0.06463615384064951,48
1480,1,3190,1120,2070,0,0,0,1.0,1,1.0,1,1.0,1,0.11742784868658819,47
1481,1,3191,1121,2070,0,0,0,1.0,1,1.0,1,1.0,1,0.12223822217689986,47
1482,2,3193,1122,2071,0,0,0,1.0,1,1.0,1,1.0,1,0.1334756652805775,46
1483,1,3194,1123,2071,0,0,0,1.0,1,1.0,1,1.0,1,0.13634566112407617,47
1484,1,3195,1123,2072,0,0,0,1.0,1,1.0,1,1.0,1,0.1407524438764978,47
1485,0,3195,1123,2072,0,0,0,1.0,1,1.0,1,1.0,1,0.18275657031684708,47
1486,3,3198,1123,2075,0,0,0,1.0,1,1.0,1,1.0,1,0.1525311741670187,49
1487,2,3200,1125,2075,0,0,0,1.0,1,1.0,1,1.0,1,0.15974413221517367,49
1488,3,3203,1126,2077,0,0,0,1.0,1,1.0,1,1.0,1,0.15058509270692588,51
1489,2,3205,1127,2078,0,0,0,1.0,1,1.0,1,1.0,1,0.1518740053193357,52
1490,0,3205,1127,2078,0,0,0,1.0,1,1.0,1,1.0,1,0.1518740053193357,52
1491,5,3210,1129,2081,0,0,0,1.0,1,1.0,1,1.0,1,0.11239506526950387,53
1492,5,3215,1131,2084,0,0,0,1.0,1,1.0,1,1.0,1,0.14395490061213725,53
1493,5,3220,1133,2087,0,0,0,1.0,1,1.0,1,1.0,1,0.12019184370741302,52
1494,2,3222,1133,2089,0,0,0,1.0,1,1.0,1,1.0,1,0.1137454445834767,50
1495,3,3225,1134,2091,0,0,0,1.0,1,1.0,1,1.0,1,0.12060162839260456,50
1496,5,3230,1135,2095,0,0,0,1.0,1,1.0,1,1.0,1,0.11125186488387696,52
1497,2,3232,1137,2095,0,0,0,1.0,1,1.0,1,1.0,1,0.15880662281424324,51
1498,2,3234,1138,2096,0,0,0,1.0,1,1.0,1,1.0,1,0.18232767125651203,50
1499,5,3239,1138,2101,0,0,0,1.0,1,1.0,1,1.0,1,0.14956998427455764,50
1500,2,3241,1139,2102,0,0,0,1.0,1,1.0,1,1.0,1,0.13307236948021015,49
1501,5,3246,1140,2106,0,0,0,1.0,1,1.0,1,1.0,1,0.11182965594682322,47
1502,3,3249,1143,2106,0,0,0,1.0,1,1.0,1,1.0,1,0.17828914436330906,47
1503,2,3251,1143,2108,0,0,0,1.0,1,1.0,1,1.0,1,0.1411535800259025,47
1504,5,3256,1145,2111,0,0,0,1.0,1,1.0,1,1.0,1,0.1532156730360855,48
1505,4,3260,1148,2112,0,0,0,1.0,1,1.0,1,1.0,1,0.12451485918359596,47
1506,3,3263,1150,2113,0,0,0,1.0,1,1.0,1,1.0,1,0.12408149542671983,47
1507,2,3265,1152,2113,0,0,0,1.0,1,1.0,1,1.0,1,0.1505654740532613,45
1508,4,3269,1155,2114,0,0,0,1.0,1,1.0,1,1.0,1,0.15867895630280915,45
1509,2,3271,1156,2115,0,0,0,1.0,1,1.0,1,1.0,1,0.1528586281414108,44
1510,3,3274,1159,2115,0,0,0,1.0,1,1.0,1,1.0,1,0.250051915459436,42
1511,4,3278,1159,2119,0,0,0,1.0,1,1.0,1,1.0,1,0.20163171572849595,40
1512,5,3283,1163,2120,0,0,0,1.0,1,1.0,1,1.0,1,0.29587780845243533,39
1513,6,3289,1163,2126,0,0,0,1.0,1,1.0,1,1.0,1,0.1815642866687137,39
1514,0,3289,1163,2126,0,0,0,1.0,1,1.0,1,1.0,1,0.19640407540837315,38
1515,3,3292,1164,2128,0,0,0,1.0,1,1.0,1,1.0,1,0.16639459811902135,39
1516,1,3293,1164,2129,0,0,0,1.0,1,1.0,1,1.0,1,0.14686800664595603,39
1517,3,3296,1166,2130,0,0,0,1.0,1,1.0,1,1.0,1,0.17140972663358311,39
1518,1,3297,1166,2131,0,0,0,1.0,1,1.0,1,1.0,1,0.16368606374976424,39
1519,2,3299,1166,2133,0,0,0,1.0,1,1.0,1,1.0,1,0.13887641733488365,39
1520,4,3303,1167,2136,0,0,0,1.0,1,1.0,1,1.0,1,0.14798868326268474,39
1521,3,3306,1168,2138,0,0,0,1.0,1,1.0,1,1.0,1,0.12551231862258652,40
1522,0,3306,1168,2138,0,0,0,1.0,1,1.0,1,1.0,1,0.12551231862258652,40
1523,0,3306,1168,2138,0,0,0,1.0,1,1.0,1,1.0,1,0.14136880013022257,41
1524,2,3308,1168,2140,0,0,0,1.0,1,1.0,1,1.0,1,0.15271080110632673,42
1525,2,3310,1168,2142,0,0,0,1.0,1,1.0,1,1.0,1,0.119338209870434,45
1526,1,3311,1168,2143,0,0,0,1.0,1,1.0,1,1.0,1,0.12429509868036495,46
1527,0,3311,1168,2143,0,0,0,1.0,1,1.0,1,1.0,1,0.12429509868036495,46
1528,1,3312,1168,2144,0,0,0,1.0,1,1.0,1,1.0,1,0.12360394724739342,47
1529,1,3313,1168,2145,0,0,0,1.0,1,1.0,1,1.0,1,0.0953075519495582,47
1530,1,3314,1168,2146,0,0,0,1.0,1,1.0,1,1.0,1,0.10768736899540056,48
1531,2,3316,1168,2148,0,0,0,1.0,1,1.0,1,1.0,1,0.09416117466642641,46
1532,2,3318,1169,2149,0,0,0,1.0,1,1.0,1,1.0,1,0.11606624144500788,47
1533,0,3318,1169,2149,0,0,0,1.0,1,1.0,1,1.0,1,0.10082820960283685,46
1534,3,3321,1169,2152,0,0,0,1.0,1,1.0,1,1.0,1,0.0726230970716766,47
1535,1,3322,1169,2153,0,0,0,1.0,1,1.0,1,1.0,1,0.05192053606242558,47
1536,0,3322,1169,2153,0,0,0,1.0,1,1.0,1,1.0,1,0.04820101328231085,48
1537,0,3322,1169,2153,0,0,0,1.0,1,1.0,1,1.0,1,0.06266358648194102,46
1538,0,3322,1169,2153,0,0,0,1.0,1,1.0,1,1.0,1,0.056490243740393575,47
1539,1,3323,1170,2153,0,0,0,1.0,1,1.0,1,1.0,1,0.1254446127194603,47
1540,3,3326,1171,2155,0,0,0,1.0,1,1.0,1,1.0,1,0.1008861564306962,47
1541,1,3327,1171,2156,0,0,0,1.0,1,1.0,1,1.0,1,0.08895229552535378,47
1542,5,3332,1175,2157,0,0,0,1.0,1,1.0,1,1.0,1,0.14407358891644353,50
1543,2,3334,1177,2157,0,0,0,1.0,1,1.0,1,1.0,1,0.13946927885399787,47
1544,4,3338,1179,2159,0,0,0,1.0,1,1.0,1,1.0,1,0.1260336621359944,48
1545,3,3341,1180,2161,0,0,0,1.0,1,1.0,1,1.0,1,0.10556801708137423,47
1546,2,3343,1182,2161,0,0,0,1.0,1,1.0,1,1.0,1,0.11679172274671411,47
1547,8,3351,1186,2165,0,0,0,1.0,1,1.0,1,1.0,1,0.16120162783630754,47
1548,4,3355,1189,2166,0,0,0,1.0,1,1.0,1,1.0,1,0.1481309780735342,47
1549,4,3359,1192,2167,0,0,0,1.0,1,1.0,1,1.0,1,0.18766966112565714,46
1550,7,3366,1194,2172,0,0,0,1.0,1,1.0,1,1.0,1,0.12217677394856291,44
1551,8,3374,1198,2176,0,0,0,1.0,1,1.0,1,1.0,1,0.09942476762413725,45
1552,3,3377,1201,2176,0,0,0,1.0,1,1.0,1,1.0,1,0.13278136638268231,43
1553,4,3381,1203,2178,0,0,0,1.0,1,1.0,1,1.0,1,0.19456294525818835,43
1554,4,3385,1203,2182,0,0,0,1.0,1,1.0,1,1.0,1,0.17829324928621576,41
1555,2,3387,1204,2183,0,0,0,1.0,1,1.0,1,1.0,1,0.22650485345694887,44
1556,8,3395,1205,2190,0,0,0,1.0,1,1.0,1,1.0,1,0.17540475198573982,45
1557,4,3399,1205,2194,0,0,0,1.0,1,1.0,1,1.0,1,0.17540475198573982,45
1558,1,3400,1205,2195,0,0,0,1.0,1,1.0,1,1.0,1,0.14133758085684392,46
1559,4,3404,1206,2198,0,0,0,1.0,1,1.0,1,1.0,1,0.13049985579515955,47
1560,2,3406,1208,2198,0,0,0,1.0,1,1.0,1,1.0,1,0.120596782879024,46
1561,2,3408,1208,2200,0,0,0,1.0,1,1.0,1,1.0,1,0.1077324887953324,47
1562,2,3410,1208,2202,0,0,0,1.0,1,1.0,1,1.0,1,0.10670926029073892,47
1563,0,3410,1208,2202,0,0,0,1.0,1,1.0,1,1.0,1,0.10670926029073892,47
1564,0,3410,1208,2202,0,0,0,1.0,1,1.0,1,1.0,1,0.10670926029073892,47
1565,1,3411,1208,2203,0,0,0,1.0,1,1.0,1,1.0,1,0.09622383624133114,48
1566,1,3412,1208,2204,0,0,0,1.0,1,1.0,1,1.0,1,0.0773731717283562,48
1567,0,3412,1208,2204,0,0,0,1.0,1,1.0,1,1.0,1,0.12094598589111709,48
1568,2,3414,1209,2205,0,0,0,1.0,1,1.0,1,1.0,1,0.09747703015767557,48
1569,0,3414,1209,2205,0,0,0,1.0,1,1.0,1,1.0,1,0.09463482490260504,45
1570,1,3415,1210,2205,0,0,0,1.0,1,1.0,1,1.0,1,0.09683715154442989,44
1571,1,3416,1211,2205,0,0,0,1.0,1,1.0,1,1.0,1,0.14345939722343456,42
1572,0,3416,1211,2205,0,0,0,1.0,1,1.0,1,1.0,1,0.14708747980016845,43
1573,3,3419,1212,2207,0,0,0,1.0,1,1.0,1,1.0,1,0.12646347422744708,43
1574,2,3421,1214,2207,0,0,0,1.0,1,1.0,1,1.0,1,0.16105223260779053,42
1575,3,3424,1216,2208,0,0,0,1.0,1,1.0,1,1.0,1,0.20249643995916194,43
1576,7,3431,1218,2213,0,0,0,1.0,1,1.0,1,1.0,1,0.14481368612473916,41
1577,3,3434,1220,2214,0,0,0,1.0,1,1.0,1,1.0,1,0.1772782012285312,40
1578,0,3434,1220,2214,0,0,0,1.0,1,1.0,1,1.0,1,0.17515942826697806,40
1579,1,3435,1220,2215,0,0,0,1.0,1,1.0,1,1.0,1,0.18253387126149334,40
1580,3,3438,1220,2218,0,0,0,1.0,1,1.0,1,1.0,1,0.14718139931654053,40
1581,2,3440,1221,2219,0,0,0,1.0,1,1.0,1,1.0,1,0.14644860605337642,40
1582,8,3448,1226,2222,0,0,0,1.0,1,1.0,1,1.0,1,0.16266870232010608,40
1583,2,3450,1227,2223,0,0,0,1.0,1,1.0,1,1.0,1,0.15248191878878184,38
1584,3,3453,1229,2224,0,0,0,1.0,1,1.0,1,1.0,1,0.1381638798175434,39
1585,2,3455,1231,2224,0,0,0,1.0,1,1.0,1,1.0,1,0.16360028436242507,38
1586,4,3459,1233,2226,0,0,0,1.0,1,1.0,1,1.0,1,0.11322830438561687,38
1587,4,3463,1236,2227,0,0,0,1.0,1,1.0,1,1.0,1,0.1033362619485261,37
1588,4,3467,1238,2229,0,0,0,1.0,1,1.0,1,1.0,1,0.14898272289171444,39
1589,3,3470,1239,2231,0,0,0,1.0,1,1.0,1,1.0,1,0.12607624057878986,37
1590,1,3471,1240,2231,0,0,0,1.0,1,1.0,1,1.0,1,0.16291426029485567,37
1591,2,3473,1240,2233,0,0,0,1.0,1,1.0,1,1.0,1,0.13743461491225153,36
1592,2,3475,1240,2235,0,0,0,1.0,1,1.0,1,1.0,1,0.1877137963074175,34
1593,5,3480,1242,2238,0,0,0,1.0,1,1.0,1,1.0,1,0.15248449676067277,33
1594,0,3480,1242,2238,0,0,0,1.0,1,1.0,1,1.0,1,0.22094325112240298,31
1595,1,3481,1242,2239,0,0,0,1.0,1,1.0,1,1.0,1,0.18270472083539746,34
1596,2,3483,1242,2241,0,0,0,1.0,1,1.0,1,1.0,1,0.14554066946107194,33
1597,0,3483,1242,2241,0,0,0,1.0,1,1.0,1,1.0,1,0.14554066946107194,33
1598,0,3483,1242,2241,0,0,0,1.0,1,1.0,1,1.0,1,0.16743032322542384,33
1599,0,3483,1242,2241,0,0,0,1.0,1,1.0,1,1.0,1,0.16743032322542384,33
1600,3,3486,1244,2242,0,0,0,1.0,1,1.0,1,1.0,1,0.18609536760784065,34
1601,5,3491,1244,2247,0,0,0,1.0,1,1.0,1,1.0,1,0.14056320896928645,35
1602,2,3493,1244,2249,0,0,0,1.0,1,1.0,1,1.0,1,0.134183034610072,36
1603,6,3499,1245,2254,0,0,0,1.0,1,1.0,1,1.0,1,0.1341723475004955,38
1604,2,3501,1245,2256,0,0,0,1.0,1,1.0,1,1.0,1,0.12875559113158738,38
1605,1,3502,1246,2256,0,0,0,1.0,1,1.0,1,1.0,1,0.12036554540983278,38
1606,3,3505,1247,2258,0,0,0,1.0,1,1.0,1,1.0,1,0.1592657978144425,39
1607,1,3506,1248,2258,0,0,0,1.0,1,1.0,1,1.0,1,0.1874372898801166,37
1608,3,3509,1249,2260,0,0,0,1.0,1,1.0,1,1.0,1,0.21037486308466943,36
1609,2,3511,1249,2262,0,0,0,1.0,1,1.0,1,1.0,1,0.23692804307996662,34
1610,3,3514,1250,2264,0,0,0,1.0,1,1.0,1,1.0,1,0.24343594167887705,34
1611,5,3519,1250,2269,0,0,0,1.0,1,1.0,1,1.0,1,0.1555636912412841,35
1612,1,3520,1250,2270,0,0,0,1.0,1,1.0,1,1.0,1,0.17830520184286486,33
1613,2,3522,1251,2271,0,0,0,1.0,1,1.0,1,1.0,1,0.16969639298131872,34
1614,3,3525,1251,2274,0,0,0,1.0,1,1.0,1,1.0,1,0.17903996431298178,35
1615,1,3526,1251,2275,0,0,0,1.0,1,1.0,1,1.0,1,0.21652440454939384,35
1616,4,3530,1251,2279,0,0,0,1.0,1,1.0,1,1.0,1,0.1596458867435411,37
1617,4,3534,1252,2282,0,0,0,1.0,1,1.0,1,1.0,1,0.18545279374893736,38
1618,4,3538,1252,2286,0,0,0,1.0,1,1.0,1,1.0,1,0.1872084748542911,38
1619,3,3541,1253,2288,0,0,0,1.0,1,1.0,1,1.0,1,0.1563434372621065,38
1620,2,3543,1253,2290,0,0,0,1.0,1,1.0,1,1.0,1,0.1517171876616257,39
1621,4,3547,1253,2294,0,0,0,1.0,1,1.0,1,1.0,1,0.08698123923859091,37
1622,3,3550,1255,2295,0,0,0,1.0,1,1.0,1,1.0,1,0.11012124693820118,37
1623,1,3551,1256,2295,0,0,0,1.0,1,1.0,1,1.0,1,0.13684315855355636,37
1624,1,3552,1256,2296,0,0,0,1.0,1,1.0,1,1.0,1,0.07900613102613273,37
1625,2,3554,1257,2297,0,0,0,1.0,1,1.0,1,1.0,1,0.13178295447729227,35
1626,1,3555,1258,2297,0,0,0,1.0,1,1.0,1,1.0,1,0.1583354323095142,35
1627,2,3557,1259,2298,0,0,0,1.0,1,1.0,1,1.0,1,0.12713044784544675,34
1628,2,3559,1261,2298,0,0,0,1.0,1,1.0,1,1.0,1,0.18771018379751714,35
1629,2,3561,1263,2298,0,0,0,1.0,1,1.0,1,1.0,1,0.254116053774181,34
1630,0,3561,1263,2298,0,0,0,1.0,1,1.0,1,1.0,1,0.24164706939011613,32
1631,6,3567,1264,2303,0,0,0,1.0,1,1.0,1,1.0,1,0.06419033520588269,33
1632,1,3568,1265,2303,0,0,0,1.0,1,1.0,1,1.0,1,0.12423337793294124,32
1633,0,3568,1265,2303,0,0,0,1.0,1,1.0,1,1.0,1,0.10580296324198357,31
1634,0,3568,1265,2303,0,0,0,1.0,1,1.0,1,1.0,1,0.10580296324198357,31
1635,1,3569,1265,2304,0,0,0,1.0,1,1.0,1,1.0,1,0.12801798535456949,31
1636,1,3570,1265,2305,0,0,0,1.0,1,1.0,1,1.0,1,0.1334273218482012,33
1637,0,3570,1265,2305,0,0,0,1.0,1,1.0,1,1.0,1,0.1334273218482012,33
1638,1,3571,1265,2306,0,0,0,1.0,1,1.0,1,1.0,1,0.12443249482071347,36
1639,0,3571,1265,2306,0,0,0,1.0,1,1.0,1,1.0,1,0.12443249482071347,36
1640,1,3572,1266,2306,0,0,0,1.0,1,1.0,1,1.0,1,0.1649431457599641,36
1641,4,3576,1266,2310,0,0,0,1.0,1,1.0,1,1.0,1,0.13797523996738617,38
1642,0,3576,1266,2310,0,0,0,1.0,1,1.0,1,1.0,1,0.15826096624245303,37
1643,1,3577,1267,2310,0,0,0,1.0,1,1.0,1,1.0,1,0.15207540426208627,37
1644,4,3581,1269,2312,0,0,0,1.0,1,1.0,1,1.0,1,0.18262478549437555,38
1645,1,3582,1269,2313,0,0,0,1.0,1,1.0,1,1.0,1,0.1579135615391619,36
1646,0,3582,1269,2313,0,0,0,1.0,1,1.0,1,1.0,1,0.17192429256076427,37
1647,0,3582,1269,2313,0,0,0,1.0,1,1.0,1,1.0,1,0.2142712135968802,35
1648,1,3583,1270,2313,0,0,0,1.0,1,1.0,1,1.0,1,0.27376642206429297,38
1649,1,3584,1271,2313,0,0,0,1.0,1,1.0,1,1.0,1,0.23887867607667024,35
1650,0,3584,1271,2313,0,0,0,1.0,1,1.0,1,1.0,1,0.2548002384601088,34
1651,0,3584,1271,2313,0,0,0,1.0,1,1.0,1,1.0,1,0.25330028577275626,32
1652,0,3584,1271,2313,0,0,0,1.0,1,1.0,1,1.0,1,0.2655854617857148,33
1653,0,3584,1271,2313,0,0,0,1.0,1,1.0,1,1.0,1,0.2655854617857148,33
1654,1,3585,1271,2314,0,0,0,1.0,1,1.0,1,1.0,1,0.24790854633805745,34
1655,9,3594,1272,2322,0,0,0,1.0,1,1.0,1,1.0,1,0.15554345779931084,35
1656,1,3595,1272,2323,0,0,0,1.0,1,1.0,1,1.0,1,0.1187676581370235,35
1657,2,3597,1272,2325,0,0,0,1.0,1,1.0,1,1.0,1,0.10613472821531325,36
1658,1,3598,1272,2326,0,0,0,1.0,1,1.0,1,1.0,1,0.06571013088239058,36
1659,0,3598,1272,2326,0,0,0,1.0,1,1.0,1,1.0,1,0.06571013088239058,36
1660,5,3603,1275,2328,0,0,0,1.0,1,1.0,1,1.0,1,0.1326047162281417,38
1661,2,3605,1275,2330,0,0,0,1.0,1,1.0,1,1.0,1,0.08051463938065939,38
1662,3,3608,1278,2330,0,0,0,1.0,1,1.0,1,1.0,1,0.12789478083115882,39
1663,2,3610,1279,2331,0,0,0,1.0,1,1.0,1,1.0,1,0.14694757517814003,40
1664,3,3613,1282,2331,0,0,0,1.0,1,1.0,1,1.0,1,0.225842925187185,39
1665,2,3615,1282,2333,0,0,0,1.0,1,1.0,1,1.0,1,0.1929648384375074,40
1666,4,3619,1283,2336,0,0,0,1.0,1,1.0,1,1.0,1,0.17299137570806092,40
1667,1,3620,1283,2337,0,0,0,1.0,1,1.0,1,1.0,1,0.16105613859854487,40
1668,4,3624,1285,2339,0,0,0,1.0,1,1.0,1,1.0,1,0.14857849568492978,41
1669,1,3625,1285,2340,0,0,0,1.0,1,1.0,1,1.0,1,0.1389750251614178,40
1670,3,3628,1287,2341,0,0,0,1.0,1,1.0,1,1.0,1,0.17250044860670016,40
1671,3,3631,1287,2344,0,0,0,1.0,1,1.0,1,1.0,1,0.1253080293347479,41
1672,3,3634,1289,2345,0,0,0,1.0,1,1.0,1,1.0,1,0.1964455136525361,40
1673,1,3635,1290,2345,0,0,0,1.0,1,1.0,1,1.0,1,0.22999780589128424,39
1674,1,3636,1290,2346,0,0,0,1.0,1,1.0,1,1.0,1,0.2112541440101317,40
1675,0,3636,1290,2346,0,0,0,1.0,1,1.0,1,1.0,1,0.21121866014679772,38
1676,2,3638,1290,2348,0,0,0,1.0,1,1.0,1,1.0,1,0.13143378698609426,39
1677,0,3638,1290,2348,0,0,0,1.0,1,1.0,1,1.0,1,0.13185015806042755,39
1678,2,3640,1290,2350,0,0,0,1.0,1,1.0,1,1.0,1,0.10980375189968934,39
1679,1,3641,1291,2350,0,0,0,1.0,1,1.0,1,1.0,1,0.12636155309236038,39
1680,8,3649,1293,2356,0,0,0,1.0,1,1.0,1,1.0,1,0.1622868822538531,41
1681,8,3657,1295,2362,0,0,0,1.0,1,1.0,1,1.0,1,0.10724648391003042,41
1682,1,3658,1295,2363,0,0,0,1.0,1,1.0,1,1.0,1,0.06258129896716332,43
1683,3,3661,1296,2365,0,0,0,1.0,1,1.0,1,1.0,1,0.1413916993434389,43
1684,3,3664,1298,2366,0,0,0,1.0,1,1.0,1,1.0,1,0.1520715477104371,42
1685,2,3666,1298,2368,0,0,0,1.0,1,1.0,1,1.0,1,0.2024930013099723,41
1686,9,3675,1300,2375,0,0,0,1.0,1,1.0,1,1.0,1,0.10819825271483977,41
1687,3,3678,1302,2376,0,0,0,1.0,1,1.0,1,1.0,1,0.16503263680674396,40
1688,2,3680,1304,2376,0,0,0,1.0,1,1.0,1,1.0,1,0.11963006789795493,39
1689,1,3681,1304,2377,0,0,0,1.0,1,1.0,1,1.0,1,0.1504659336094471,38
1690,1,3682,1304,2378,0,0,0,1.0,1,1.0,1,1.0,1,0.15376211635318787,38
1691,2,3684,1305,2379,0,0,0,1.0,1,1.0,1,1.0,1,0.1205713102689092,36
1692,0,3684,1305,2379,0,0,0,1.0,1,1.0,1,1.0,1,0.12544450474777782,36
1693,2,3686,1307,2379,0,0,0,1.0,1,1.0,1,1.0,1,0.16009743629127665,35
1694,0,3686,1307,2379,0,0,0,1.0,1,1.0,1,1.0,1,0.16690834644323344,33
1695,0,3686,1307,2379,0,0,0,1.0,1,1.0,1,1.0,1,0.15715297449348836,34
1696,2,3688,1308,2380,0,0,0,1.0,1,1.0,1,1.0,1,0.17252899825664783,35
1697,0,3688,1308,2380,0,0,0,1.0,1,1.0,1,1.0,1,0.1764319506809277,36
1698,1,3689,1309,2380,0,0,0,1.0,1,1.0,1,1.0,1,0.19644912379260854,38
1699,1,3690,1310,2380,0,0,0,1.0,1,1.0,1,1.0,1,0.2232851125782043,38
1700,4,3694,1311,2383,0,0,0,1.0,1,1.0,1,1.0,1,0.1828802560227548,39
1701,2,3696,1312,2384,0,0,0,1.0,1,1.0,1,1.0,1,0.18775794954370775,40
1702,5,3701,1315,2386,0,0,0,1.0,1,1.0,1,1.0,1,0.2350687335425637,41
1703,1,3702,1315,2387,0,0,0,1.0,1,1.0,1,1.0,1,0.22054605875199573,41
1704,4,3706,1317,2389,0,0,0,1.0,1,1.0,1,1.0,1,0.13199979625581212,41
1705,2,3708,1317,2391,0,0,0,1.0,1,1.0,1,1.0,1,0.15806176368234198,40
1706,4,3712,1318,2394,0,0,0,1.0,1,1.0,1,1.0,1,0.10255546068787873,40
1707,0,3712,1318,2394,0,0,0,1.0,1,1.0,1,1.0,1,0.1287389135057658,39
1708,1,3713,1319,2394,0,0,0,1.0,1,1.0,1,1.0,1,0.13554866162556675,39
1709,0,3713,1319,2394,0,0,0,1.0,1,1.0,1,1.0,1,0.14637566218198259,38
1710,7,3720,1322,2398,0,0,0,1.0,1,1.0,1,1.0,1,0.14727824810622825,39
1711,1,3721,1322,2399,0,0,0,1.0,1,1.0,1,1.0,1,0.1404027645949451,38
1712,3,3724,1324,2400,0,0,0,1.0,1,1.0,1,1.0,1,0.10239560394073774,38
1713,0,3724,1324,2400,0,0,0,1.0,1,1.0,1,1.0,1,0.11671734484562575,37
1714,3,3727,1326,2401,0,0,0,1.0,1,1.0,1,1.0,1,0.17808959880264644,38
1715,5,3732,1327,2405,0,0,0,1.0,1,1.0,1,1.0,1,0.15884885885237204,40
1716,0,3732,1327,2405,0,0,0,1.0,1,1.0,1,1.0,1,0.17505916365807075,39
1717,0,3732,1327,2405,0,0,0,1.0,1,1.0,1,1.0,1,0.17254032187704232,38
1718,2,3734,1328,2406,0,0,0,1.0,1,1.0,1,1.0,1,0.19484546262724137,38
1719,1,3735,1328,2407,0,0,0,1.0,1,1.0,1,1.0,1,0.17454867113389058,38
1720,2,3737,1329,2408,0,0,0,1.0,1,1.0,1,1.0,1,0.1915214250812217,41
1721,1,3738,1330,2408,0,0,0,1.0,1,1.0,1,1.0,1,0.18133907607920774,39
1722,5,3743,1332,2411,0,0,0,1.0,1,1.0,1,1.0,1,0.17417018607530102,40
1723,0,3743,1332,2411,0,0,0,1.0,1,1.0,1,1.0,1,0.1815158536382676,38
1724,1,3744,1333,2411,0,0,0,1.0,1,1.0,1,1.0,1,0.2544377221951353,37
1725,3,3747,1334,2413,0,0,0,1.0,1,1.0,1,1.0,1,0.11478059537658719,38
1726,5,3752,1335,2417,0,0,0,1.0,1,1.0,1,1.0,1,0.1052068960926634,37
1727,0,3752,1335,2417,0,0,0,1.0,1,1.0,1,1.0,1,0.1052068960926634,37
1728,0,3752,1335,2417,0,0,0,1.0,1,1.0,1,1.0,1,0.09470838830008889,35
1729,0,3752,1335,2417,0,0,0,1.0,1,1.0,1,1.0,1,0.12673046538024224,37
1730,1,3753,1336,2417,0,0,0,1.0,1,1.0,1,1.0,1,0.1844479743985525,37
1731,4,3757,1338,2419,0,0,0,1.0,1,1.0,1,1.0,1,0.169313905494614,37
1732,2,3759,1338,2421,0,0,0,1.0,1,1.0,1,1.0,1,0.1688386843990167,37
1733,2,3761,1340,2421,0,0,0,1.0,1,1.0,1,1.0,1,0.19882878790773734,36
1734,0,3761,1340,2421,0,0,0,1.0,1,1.0,1,1.0,1,0.20156966508755816,35
1735,3,3764,1342,2422,0,0,0,1.0,1,1.0,1,1.0,1,0.21734358555765465,34
1736,5,3769,1342,2427,0,0,0,1.0,1,1.0,1,1.0,1,0.12493826270369227,35
1737,2,3771,1344,2427,0,0,0,1.0,1,1.0,1,1.0,1,0.12658281249094425,36
1738,2,3773,1344,2429,0,0,0,1.0,1,1.0,1,1.0,1,0.12034800635875405,37
1739,2,3775,1345,2430,0,0,0,1.0,1,1.0,1,1.0,1,0.10603091839573195,38
1740,0,3775,1345,2430,0,0,0,1.0,1,1.0,1,1.0,1,0.11449700894868521,37
1741,0,3775,1345,2430,0,0,0,1.0,1,1.0,1,1.0,1,0.13413909666890456,38
1742,2,3777,1346,2431,0,0,0,1.0,1,1.0,1,1.0,1,0.16590212142352598,39
1743,2,3779,1348,2431,0,0,0,1.0,1,1.0,1,1.0,1,0.1601513995678189,37
1744,3,3782,1351,2431,0,0,0,1.0,1,1.0,1,1.0,1,0.21053185056186144,38
1745,4,3786,1352,2434,0,0,0,1.0,1,1.0,1,1.0,1,0.21500027050514084,37
1746,5,3791,1352,2439,0,0,0,1.0,1,1.0,1,1.0,1,0.13341288184292519,38
1747,3,3794,1352,2442,0,0,0,1.0,1,1.0,1,1.0,1,0.1663643163910806,38
1748,2,3796,1353,2443,0,0,0,1.0,1,1.0,1,1.0,1,0.12970737734503174,38
1749,2,3798,1353,2445,0,0,0,1.0,1,1.0,1,1.0,1,0.15916700345971943,37
1750,3,3801,1353,2448,0,0,0,1.0,1,1.0,1,1.0,1,0.1525954511249215,39
1751,2,3803,1353,2450,0,0,0,1.0,1,1.0,1,1.0,1,0.09697814889255513,38
1752,1,3804,1354,2450,0,0,0,1.0,1,1.0,1,1.0,1,0.10200697216360552,39
1753,0,3804,1354,2450,0,0,0,1.0,1,1.0,1,1.0,1,0.09657492325603886,40
1754,1,3805,1354,2451,0,0,0,1.0,1,1.0,1,1.0,1,0.1278620180711917,41
1755,1,3806,1354,2452,0,0,0,1.0,1,1.0,1,1.0,1,0.1287228607645998,41
1756,5,3811,1355,2456,0,0,0,1.0,1,1.0,1,1.0,1,0.12296313623950121,42
1757,0,3811,1355,2456,0,0,0,1.0,1,1.0,1,1.0,1,0.09646092663130192,42
1758,3,3814,1357,2457,0,0,0,1.0,1,1.0,1,1.0,1,0.1362267574809705,42
1759,1,3815,1358,2457,0,0,0,1.0,1,1.0,1,1.0,1,0.19514440211845197,39
1760,5,3820,1360,2460,0,0,0,1.0,1,1.0,1,1.0,1,0.23606946106272209,39
1761,4,3824,1361,2463,0,0,0,1.0,1,1.0,1,1.0,1,0.14782780340641974,38
1762,4,3828,1361,2467,0,0,0,1.0,1,1.0,1,1.0,1,0.1198616735970413,37
1763,1,3829,1361,2468,0,0,0,1.0,1,1.0,1,1.0,1,0.10792542036670341,37
1764,3,3832,1362,2470,0,0,0,1.0,1,1.0,1,1.0,1,0.1201891838970411,36
1765,0,3832,1362,2470,0,0,0,1.0,1,1.0,1,1.0,1,0.1285281839249643,37
1766,1,3833,1362,2471,0,0,0,1.0,1,1.0,1,1.0,1,0.134797113835718,36
1767,0,3833,1362,2471,0,0,0,1.0,1,1.0,1,1.0,1,0.134797113835718,36
1768,0,3833,1362,2471,0,0,0,1.0,1,1.0,1,1.0,1,0.134797113835718,36
1769,2,3835,1362,2473,0,0,0,1.0,1,1.0,1,1.0,1,0.1488638016453823,38
1770,1,3836,1362,2474,0,0,0,1.0,1,1.0,1,1.0,1,0.12167866409778816,38
1771,0,3836,1362,2474,0,0,0,1.0,1,1.0,1,1.0,1,0.12167866409778816,38
1772,0,3836,1362,2474,0,0,0,1.0,1,1.0,1,1.0,1,0.13590029551787286,40
1773,1,3837,1363,2474,0,0,0,1.0,1,1.0,1,1.0,1,0.1747026809001425,40
1774,1,3838,1363,2475,0,0,0,1.0,1,1.0,1,1.0,1,0.13894588540995897,40
1775,2,3840,1363,2477,0,0,0,1.0,1,1.0,1,1.0,1,0.12398255836804911,41
1776,2,3842,1364,2478,0,0,0,1.0,1,1.0,1,1.0,1,0.11456486292905488,43
1777,0,3842,1364,2478,0,0,0,1.0,1,1.0,1,1.0,1,0.12362394067187563,44
1778,4,3846,1367,2479,0,0,0,1.0,1,1.0,1,1.0,1,0.19301501226123421,44
1779,1,3847,1367,2480,0,0,0,1.0,1,1.0,1,1.0,1,0.1766288810212496,44
1780,3,3850,1367,2483,0,0,0,1.0,1,1.0,1,1.0,1,0.16954363571801853,46
1781,2,3852,1367,2485,0,0,0,1.0,1,1.0,1,1.0,1,0.13208286201525815,46
1782,2,3854,1369,2485,0,0,0,1.0,1,1.0,1,1.0,1,0.18796756737779982,45
1783,1,3855,1369,2486,0,0,0,1.0,1,1.0,1,1.0,1,0.16910925750743735,44
1784,3,3858,1371,2487,0,0,0,1.0,1,1.0,1,1.0,1,0.17829091540108397,44
1785,3,3861,1373,2488,0,0,0,1.0,1,1.0,1,1.0,1,0.20365244145652278,42
1786,11,3872,1376,2496,0,0,0,1.0,1,1.0,1,1.0,1,0.18339798115265102,42
1787,3,3875,1376,2499,0,0,0,1.0,1,1.0,1,1.0,1,0.21013623322982153,41
1788,6,3881,1378,2503,0,0,0,1.0,1,1.0,1,1.0,1,0.19676012517201477,41
1789,5,3886,1379,2507,0,0,0,1.0,1,1.0,1,1.0,1,0.20377784904574606,41
1790,6,3892,1382,2510,0,0,0,1.0,1,1.0,1,1.0,1,0.20039969557332069,41
1791,6,3898,1382,2516,0,0,0,1.0,1,1.0,1,1.0,1,0.07296884089095336,41
1792,2,3900,1382,2518,0,0,0,1.0,1,1.0,1,1.0,1,0.10474043199617179,43
1793,2,3902,1382,2520,0,0,0,1.0,1,1.0,1,1.0,1,0.10474043199617179,43
1794,2,3904,1382,2522,0,0,0,1.0,1,1.0,1,1.0,1,0.13607302936916252,41
1795,3,3907,1383,2524,0,0,0,1.0,1,1.0,1,1.0,1,0.11499215671872424,41
1796,4,3911,1384,2527,0,0,0,1.0,1,1.0,1,1.0,1,0.12729420008568035,40
1797,1,3912,1385,2527,0,0,0,1.0,1,1.0,1,1.0,1,0.20173998600866117,38
1798,1,3913,1386,2527,0,0,0,1.0,1,1.0,1,1.0,1,0.1927860817388039,38
1799,2,3915,1388,2527,0,0,0,1.0,1,1.0,1,1.0,1,0.2263555918595089,37
1800,2,3917,1389,2528,0,0,0,1.0,1,1.0,1,1.0,1,0.23697151143661854,35
1801,5,3922,1390,2532,0,0,0,1.0,1,1.0,1,1.0,1,0.0987406102091966,34
1802,0,3922,1390,2532,0,0,0,1.0,1,1.0,1,1.0,1,0.09937584790912064,33
1803,1,3923,1391,2532,0,0,0,1.0,1,1.0,1,1.0,1,0.11632834944216287,33
1804,2,3925,1392,2533,0,0,0,1.0,1,1.0,1,1.0,1,0.17101021225592997,33
1805,0,3925,1392,2533,0,0,0,1.0,1,1.0,1,1.0,1,0.1634352180923333,35
1806,1,3926,1392,2534,0,0,0,1.0,1,1.0,1,1.0,1,0.14466430541664194,36
1807,2,3928,1392,2536,0,0,0,1.0,1,1.0,1,1.0,1,0.0856927548444129,35
1808,3,3931,1393,2538,0,0,0,1.0,1,1.0,1,1.0,1,0.1008364341647514,37
1809,0,3931,1393,2538,0,0,0,1.0,1,1.0,1,1.0,1,0.10883171613845122,35
1810,1,3932,1394,2538,0,0,0,1.0,1,1.0,1,1.0,1,0.1482346477521755,36
1811,2,3934,1395,2539,0,0,0,1.0,1,1.0,1,1.0,1,0.20564795749077983,34
1812,1,3935,1395,2540,0,0,0,1.0,1,1.0,1,1.0,1,0.22109854761298728,36
1813,1,3936,1395,2541,0,0,0,1.0,1,1.0,1,1.0,1,0.21901580118726857,35
1814,2,3938,1396,2542,0,0,0,1.0,1,1.0,1,1.0,1,0.2511095348262423,36
1815,5,3943,1397,2546,0,0,0,1.0,1,1.0,1,1.0,1,0.25779614671539264,35
1816,4,3947,1397,2550,0,0,0,1.0,1,1.0,1,1.0,1,0.21166781456991798,35
1817,2,3949,1397,2552,0,0,0,1.0,1,1.0,1,1.0,1,0.18437135641587754,35
1818,3,3952,1398,2554,0,0,0,1.0,1,1.0,1,1.0,1,0.18489915641035398,36
1819,3,3955,1400,2555,0,0,0,1.0,1,1.0,1,1.0,1,0.17759751901771711,37
1820,6,3961,1400,2561,0,0,0,1.0,1,1.0,1,1.0,1,0.17067351743897796,37
1821,5,3966,1401,2565,0,0,0,1.0,1,1.0,1,1.0,1,0.13443609510651985,38
1822,5,3971,1403,2568,0,0,0,1.0,1,1.0,1,1.0,1,0.15142002282133882,37
1823,0,3971,1403,2568,0,0,0,1.0,1,1.0,1,1.0,1,0.16483591353751456,36
1824,4,3975,1407,2568,0,0,0,1.0,1,1.0,1,1.0,1,0.23294553858012854,36
1825,2,3977,1408,2569,0,0,0,1.0,1,1.0,1,1.0,1,0.20270793993984995,34
1826,2,3979,1408,2571,0,0,0,1.0,1,1.0,1,1.0,1,0.13974840436321803,35
1827,2,3981,1410,2571,0,0,0,1.0,1,1.0,1,1.0,1,0.15998309745402425,34
1828,3,3984,1412,2572,0,0,0,1.0,1,1.0,1,1.0,1,0.17637511078550736,33
1829,1,3985,1412,2573,0,0,0,1.0,1,1.0,1,1.0,1,0.11365328678497895,31
1830,1,3986,1413,2573,0,0,0,1.0,1,1.0,1,1.0,1,0.16020633403902726,31
1831,2,3988,1415,2573,0,0,0,1.0,1,1.0,1,1.0,1,0.19581190058828377,30
1832,1,3989,1415,2574,0,0,0,1.0,1,1.0,1,1.0,1,0.12798308860932087,29
1833,1,3990,1416,2574,0,0,0,1.0,1,1.0,1,1.0,1,0.18670400860653646,28
1834,2,3992,1417,2575,0,0,0,1.0,1,1.0,1,1.0,1,0.19568872217445213,27
1835,4,3996,1420,2576,0,0,0,1.0,1,1.0,1,1.0,1,0.27901401374689455,26
1836,4,4000,1421,2579,0,0,0,1.0,1,1.0,1,1.0,1,0.18698751586029205,26
1837,2,4002,1422,2580,0,0,0,1.0,1,1.0,1,1.0,1,0.33633637121372667,25
1838,1,4003,1422,2581,0,0,0,1.0,1,1.0,1,1.0,1,0.2983751439415478,25
1839,2,4005,1422,2583,0,0,0,1.0,1,1.0,1,1.0,1,0.23446158585365362,24
1840,1,4006,1423,2583,0,0,0,1.0,1,1.0,1,1.0,1,0.26119364507859666,23
1841,2,4008,1423,2585,0,0,0,1.0,1,1.0,1,1.0,1,0.20965280336052972,22
1842,1,4009,1424,2585,0,0,0,1.0,1,1.0,1,1.0,1,0.268563544709469,23
1843,0,4009,1424,2585,0,0,0,1.0,1,1.0,1,1.0,1,0.268563544709469,23
1844,1,4010,1424,2586,0,0,0,1.0,1,1.0,1,1.0,1,0.2560799689927813,23
1845,2,4012,1425,2587,0,0,0,1.0,1,1.0,1,1.0,1,0.23303358560318135,23
1846,0,4012,1425,2587,0,0,0,1.0,1,1.0,1,1.0,1,0.23303358560318135,23
1847,1,4013,1425,2588,0,0,0,1.0,1,1.0,1,1.0,1,0.1910189772184104,24
1848,0,4013,1425,2588,0,0,0,1.0,1,1.0,1,1.0,1,0.1910189772184104,24
1849,0,4013,1425,2588,0,0,0,1.0,1,1.0,1,1.0,1,0.1999022254907544,25
1850,0,4013,1425,2588,0,0,0,1.0,1,1.0,1,1.0,1,0.1999022254907544,25
1851,0,4013,1425,2588,0,0,0,1.0,1,1.0,1,1.0,1,0.1999022254907544,25
1852,0,4013,1425,2588,0,0,0,1.0,1,1.0,1,1.0,1,0.1999022254907544,25
1853,0,4013,1425,2588,0,0,0,1.0,1,1.0,1,1.0,1,0.22396700522572627,25
1854,0,4013,1425,2588,0,0,0,1.0,1,1.0,1,1.0,1,0.22396700522572627,25
1855,1,4014,1425,2589,0,0,0,1.0,1,1.0,1,1.0,1,0.23397527568137375,26
1856,2,4016,1427,2589,0,0,0,1.0,1,1.0,1,1.0,1,0.2966924379293552,27
1857,2,4018,1427,2591,0,0,0,1.0,1,1.0,1,1.0,1,0.2559470778186617,28
1858,4,4022,1428,2594,0,0,0,1.0,1,1.0,1,1.0,1,0.25715615410515447,28
1859,6,4028,1430,2598,0,0,0,1.0,1,1.0,1,1.0,1,0.32295282740555964,28
1860,4,4032,1430,2602,0,0,0,1.0,1,1.0,1,1.0,1,0.32295282740555964,28
1861,1,4033,1430,2603,0,0,0,1.0,1,1.0,1,1.0,1,0.3073578729164343,28
1862,0,4033,1430,2603,0,0,0,1.0,1,1.0,1,1.0,1,0.3073578729164343,28
1863,1,4034,1431,2603,0,0,0,1.0,1,1.0,1,1.0,1,0.3147390860226584,29
1864,2,4036,1433,2603,0,0,0,1.0,1,1.0,1,1.0,1,0.29543382275874275,27
1865,1,4037,1433,2604,0,0,0,1.0,1,1.0,1,1.0,1,0.26837979249720334,26
1866,1,4038,1434,2604,0,0,0,1.0,1,1.0,1,1.0,1,0.29173410182618636,26
1867,1,4039,1435,2604,0,0,0,1.0,1,1.0,1,1.0,1,0.34075523781840694,26
1868,1,4040,1435,2605,0,0,0,1.0,1,1.0,1,1.0,1,0.291363765867941,26
1869,0,4040,1435,2605,0,0,0,1.0,1,1.0,1,1.0,1,0.291363765867941,26
1870,2,4042,1435,2607,0,0,0,1.0,1,1.0,1,1.0,1,0.25709875347995154,27
1871,1,4043,1435,2608,0,0,0,1.0,1,1.0,1,1.0,1,0.23331820462978692,27
1872,0,4043,1435,2608,0,0,0,1.0,1,1.0,1,1.0,1,0.26507500956052543,25
1873,0,4043,1435,2608,0,0,0,1.0,1,1.0,1,1.0,1,0.26507500956052543,25
1874,2,4045,1435,2610,0,0,0,1.0,1,1.0,1,1.0,1,0.22512100613354522,25
1875,0,4045,1435,2610,0,0,0,1.0,1,1.0,1,1.0,1,0.22512100613354522,25
1876,0,4045,1435,2610,0,0,0,1.0,1,1.0,1,1.0,1,0.20536737139536113,26
1877,0,4045,1435,2610,0,0,0,1.0,1,1.0,1,1.0,1,0.1987609091269443,27
1878,2,4047,1437,2610,0,0,0,1.0,1,1.0,1,1.0,1,0.23363797092349994,28
1879,1,4048,1437,2611,0,0,0,1.0,1,1.0,1,1.0,1,0.23256255451191654,29
1880,2,4050,1437,2613,0,0,0,1.0,1,1.0,1,1.0,1,0.1904425013088658,29
1881,0,4050,1437,2613,0,0,0,1.0,1,1.0,1,1.0,1,0.1904425013088658,29
1882,0,4050,1437,2613,0,0,0,1.0,1,1.0,1,1.0,1,0.1922351460069711,28
1883,0,4050,1437,2613,0,0,0,1.0,1,1.0,1,1.0,1,0.1922351460069711,28
1884,1,4051,1438,2613,0,0,0,1.0,1,1.0,1,1.0,1,0.2123651890641822,28
1885,0,4051,1438,2613,0,0,0,1.0,1,1.0,1,1.0,1,0.2123651890641822,28
1886,0,4051,1438,2613,0,0,0,1.0,1,1.0,1,1.0,1,0.1965549184784432,29
1887,0,4051,1438,2613,0,0,0,1.0,1,1.0,1,1.0,1,0.1965549184784432,29
1888,2,4053,1438,2615,0,0,0,1.0,1,1.0,1,1.0,1,0.171935578169839,31
1889,0,4053,1438,2615,0,0,0,1.0,1,1.0,1,1.0,1,0.171935578169839,31
1890,0,4053,1438,2615,0,0,0,1.0,1,1.0,1,1.0,1,0.171935578169839,31
1891,0,4053,1438,2615,0,0,0,1.0,1,1.0,1,1.0,1,0.19311392844697867,32
1892,0,4053,1438,2615,0,0,0,1.0,1,1.0,1,1.0,1,0.19311392844697867,32
1893,0,4053,1438,2615,0,0,0,1.0,1,1.0,1,1.0,1,0.19311392844697867,32
1894,0,4053,1438,2615,0,0,0,1.0,1,1.0,1,1.0,1,0.17903120110137813,33
1895,3,4056,1439,2617,0,0,0,1.0,1,1.0,1,1.0,1,0.14901455498947916,35
1896,0,4056,1439,2617,0,0,0,1.0,1,1.0,1,1.0,1,0.17332285877632872,34
1897,0,4056,1439,2617,0,0,0,1.0,1,1.0,1,1.0,1,0.17332285877632872,34
1898,0,4056,1439,2617,0,0,0,1.0,1,1.0,1,1.0,1,0.17332285877632872,34
1899,0,4056,1439,2617,0,0,0,1.0,1,1.0,1,1.0,1,0.17332285877632872,34
1900,2,4058,1439,2619,0,0,0,1.0,1,1.0,1,1.0,1,0.1324197560890449,35
1901,0,4058,1439,2619,0,0,0,1.0,1,1.0,1,1.0,1,0.1324197560890449,35
1902,1,4059,1440,2619,0,0,0,1.0,1,1.0,1,1.0,1,0.15208357580440723,35
1903,0,4059,1440,2619,0,0,0,1.0,1,1.0,1,1.0,1,0.15208357580440723,35
1904,0,4059,1440,2619,0,0,0,1.0,1,1.0,1,1.0,1,0.15208357580440723,35
1905,1,4060,1440,2620,0,0,0,1.0,1,1.0,1,1.0,1,0.12577224302338288,37
1906,0,4060,1440,2620,0,0,0,1.0,1,1.0,1,1.0,1,0.12577224302338288,37
1907,0,4060,1440,2620,0,0,0,1.0,1,1.0,1,1.0,1,0.15134005600230138,39
1908,0,4060,1440,2620,0,0,0,1.0,1,1.0,1,1.0,1,0.15134005600230138,39
1909,1,4061,1440,2621,0,0,0,1.0,1,1.0,1,1.0,1,0.1497922295707048,41
1910,1,4062,1440,2622,0,0,0,1.0,1,1.0,1,1.0,1,0.14119573050858225,41
1911,3,4065,1440,2625,0,0,0,1.0,1,1.0,1,1.0,1,0.15770068543941287,40
1912,1,4066,1441,2625,0,0,0,1.0,1,1.0,1,1.0,1,0.17264788696322173,39
1913,1,4067,1442,2625,0,0,0,1.0,1,1.0,1,1.0,1,0.20042868514488735,40
1914,5,4072,1444,2628,0,0,0,1.0,1,1.0,1,1.0,1,0.22903721876900288,41
1915,2,4074,1445,2629,0,0,0,1.0,1,1.0,1,1.0,1,0.24445929302948893,42
1916,3,4077,1446,2631,0,0,0,1.0,1,1.0,1,1.0,1,0.2143719198825511,42
1917,1,4078,1447,2631,0,0,0,1.0,1,1.0,1,1.0,1,0.2289074999438203,41
1918,3,4081,1449,2632,0,0,0,1.0,1,1.0,1,1.0,1,0.20578913523139522,38
1919,2,4083,1450,2633,0,0,0,1.0,1,1.0,1,1.0,1,0.2707441687214124,38
1920,0,4083,1450,2633,0,0,0,1.0,1,1.0,1,1.0,1,0.28643336799963137,38
1921,3,4086,1450,2636,0,0,0,1.0,1,1.0,1,1.0,1,0.2216176553885832,39
1922,2,4088,1451,2637,0,0,0,1.0,1,1.0,1,1.0,1,0.22478002715354808,40
1923,3,4091,1451,2640,0,0,0,1.0,1,1.0,1,1.0,1,0.22127788295437378,41
1924,7,4098,1453,2645,0,0,0,1.0,1,1.0,1,1.0,1,0.24657311706297474,41
1925,3,4101,1453,2648,0,0,0,1.0,1,1.0,1,1.0,1,0.2325701307994335,41
1926,6,4107,1453,2654,0,0,0,1.0,1,1.0,1,1.0,1,0.1623140196406042,41
1927,1,4108,1453,2655,0,0,0,1.0,1,1.0,1,1.0,1,0.16787195295947793,41
1928,2,4110,1454,2656,0,0,0,1.0,1,1.0,1,1.0,1,0.14262231054922658,42
1929,0,4110,1454,2656,0,0,0,1.0,1,1.0,1,1.0,1,0.16311707609566978,41
1930,0,4110,1454,2656,0,0,0,1.0,1,1.0,1,1.0,1,0.16311707609566978,41
1931,1,4111,1454,2657,0,0,0,1.0,1,1.0,1,1.0,1,0.15335716397125104,41
1932,0,4111,1454,2657,0,0,0,1.0,1,1.0,1,1.0,1,0.15335716397125104,41
1933,1,4112,1454,2658,0,0,0,1.0,1,1.0,1,1.0,1,0.1600851127415498,43
1934,0,4112,1454,2658,0,0,0,1.0,1,1.0,1,1.0,1,0.15694798719392322,44
1935,0,4112,1454,2658,0,0,0,1.0,1,1.0,1,1.0,1,0.13499354833449453,45
1936,0,4112,1454,2658,0,0,0,1.0,1,1.0,1,1.0,1,0.14368966041548759,48
1937,3,4115,1456,2659,0,0,0,1.0,1,1.0,1,1.0,1,0.15812111512977803,48
1938,3,4118,1457,2661,0,0,0,1.0,1,1.0,1,1.0,1,0.144489596143684,48
1939,0,4118,1457,2661,0,0,0,1.0,1,1.0,1,1.0,1,0.144489596143684,48
1940,0,4118,1457,2661,0,0,0,1.0,1,1.0,1,1.0,1,0.144489596143684,48
1941,2,4120,1457,2663,0,0,0,1.0,1,1.0,1,1.0,1,0.11989821826387771,48
1942,4,4124,1459,2665,0,0,0,1.0,1,1.0,1,1.0,1,0.1760589711668864,49
1943,2,4126,1459,2667,0,0,0,1.0,1,1.0,1,1.0,1,0.13787720853181706,48
1944,1,4127,1460,2667,0,0,0,1.0,1,1.0,1,1.0,1,0.16179554036092286,47
1945,3,4130,1463,2667,0,0,0,1.0,1,1.0,1,1.0,1,0.17288939886751023,46
1946,4,4134,1464,2670,0,0,0,1.0,1,1.0,1,1.0,1,0.13113949150187892,46
1947,4,4138,1466,2672,0,0,0,1.0,1,1.0,1,1.0,1,0.20779036388334143,45
1948,1,4139,1466,2673,0,0,0,1.0,1,1.0,1,1.0,1,0.18524303029993724,46
1949,2,4141,1468,2673,0,0,0,1.0,1,1.0,1,1.0,1,0.2746718758149074,42
1950,2,4143,1468,2675,0,0,0,1.0,1,1.0,1,1.0,1,0.28630643913513654,40
1951,5,4148,1471,2677,0,0,0,1.0,1,1.0,1,1.0,1,0.285424287766231,39
1952,2,4150,1472,2678,0,0,0,1.0,1,1.0,1,1.0,1,0.25004398201027056,35
1953,7,4157,1474,2683,0,0,0,1.0,1,1.0,1,1.0,1,0.19622143375640536,36
1954,5,4162,1475,2687,0,0,0,1.0,1,1.0,1,1.0,1,0.21212523617723755,34
1955,1,4163,1475,2688,0,0,0,1.0,1,1.0,1,1.0,1,0.21197381225410114,35
1956,2,4165,1475,2690,0,0,0,1.0,1,1.0,1,1.0,1,0.16334610301608213,37
1957,1,4166,1475,2691,0,0,0,1.0,1,1.0,1,1.0,1,0.15520105906162318,37
1958,2,4168,1475,2693,0,0,0,1.0,1,1.0,1,1.0,1,0.15282463462213028,39
1959,4,4172,1475,2697,0,0,0,1.0,1,1.0,1,1.0,1,0.16027936648932392,41
1960,7,4179,1476,2703,0,0,0,1.0,1,1.0,1,1.0,1,0.2283249516281152,40
1961,4,4183,1476,2707,0,0,0,1.0,1,1.0,1,1.0,1,0.16320397223028885,41
1962,1,4184,1476,2708,0,0,0,1.0,1,1.0,1,1.0,1,0.17206041574850273,40
1963,3,4187,1476,2711,0,0,0,1.0,1,1.0,1,1.0,1,0.17658849972516166,41
1964,2,4189,1476,2713,0,0,0,1.0,1,1.0,1,1.0,1,0.2017140399654286,40
1965,3,4192,1476,2716,0,0,0,1.0,1,1.0,1,1.0,1,0.16058737546987079,41
1966,1,4193,1476,2717,0,0,0,1.0,1,1.0,1,1.0,1,0.15192973678734553,41
1967,2,4195,1477,2718,0,0,0,1.0,1,1.0,1,1.0,1,0.17292019436420872,42
1968,2,4197,1477,2720,0,0,0,1.0,1,1.0,1,1.0,1,0.13830683789084028,42
1969,2,4199,1479,2720,0,0,0,1.0,1,1.0,1,1.0,1,0.1786218348633341,43
1970,4,4203,1479,2724,0,0,0,1.0,1,1.0,1,1.0,1,0.17927995314832282,42
1971,2,4205,1479,2726,0,0,0,1.0,1,1.0,1,1.0,1,0.12914582949722708,42
1972,0,4205,1479,2726,0,0,0,1.0,1,1.0,1,1.0,1,0.12914582949722708,42
1973,0,4205,1479,2726,0,0,0,1.0,1,1.0,1,1.0,1,0.13857063740041894,43
1974,0,4205,1479,2726,0,0,0,1.0,1,1.0,1,1.0,1,0.16006156509783045,43
1975,1,4206,1479,2727,0,0,0,1.0,1,1.0,1,1.0,1,0.1489611281026592,43
1976,1,4207,1479,2728,0,0,0,1.0,1,1.0,1,1.0,1,0.1378414231549371,43
1977,4,4211,1479,2732,0,0,0,1.0,1,1.0,1,1.0,1,0.1321022269471146,48
1978,2,4213,1480,2733,0,0,0,1.0,1,1.0,1,1.0,1,0.14051807909357217,48
1979,3,4216,1481,2735,0,0,0,1.0,1,1.0,1,1.0,1,0.18726666746349968,49
1980,4,4220,1482,2738,0,0,0,1.0,1,1.0,1,1.0,1,0.20953650844441216,50
1981,6,4226,1482,2744,0,0,0,1.0,1,1.0,1,1.0,1,0.15863961704426024,50
1982,2,4228,1484,2744,0,0,0,1.0,1,1.0,1,1.0,1,0.15324744007140498,50
1983,1,4229,1485,2744,0,0,0,1.0,1,1.0,1,1.0,1,0.16081978143862333,49
1984,2,4231,1487,2744,0,0,0,1.0,1,1.0,1,1.0,1,0.19079036032678853,48
1985,1,4232,1487,2745,0,0,0,1.0,1,1.0,1,1.0,1,0.1753752451147187,46
1986,5,4237,1488,2749,0,0,0,1.0,1,1.0,1,1.0,1,0.15733425199573048,46
1987,3,4240,1490,2750,0,0,0,1.0,1,1.0,1,1.0,1,0.1654221516935313,42
1988,0,4240,1490,2750,0,0,0,1.0,1,1.0,1,1.0,1,0.19437020480249573,40
1989,2,4242,1492,2750,0,0,0,1.0,1,1.0,1,1.0,1,0.1972983791836795,38
1990,1,4243,1492,2751,0,0,0,1.0,1,1.0,1,1.0,1,0.18748933702343606,38
1991,3,4246,1493,2753,0,0,0,1.0,1,1.0,1,1.0,1,0.17046777908416894,38
1992,0,4246,1493,2753,0,0,0,1.0,1,1.0,1,1.0,1,0.19014353208605742,39
1993,6,4252,1497,2755,0,0,0,1.0,1,1.0,1,1.0,1,0.2631571139147599,38
1994,1,4253,1498,2755,0,0,0,1.0,1,1.0,1,1.0,1,0.2656707190344442,37
1995,2,4255,1499,2756,0,0,0,1.0,1,1.0,1,1.0,1,0.2666502114663617,37
1996,2,4257,1499,2758,0,0,0,1.0,1,1.0,1,1.0,1,0.22786403932671692,37
1997,4,4261,1501,2760,0,0,0,1.0,1,1.0,1,1.0,1,0.24886811571868606,35
1998,1,4262,1502,2760,0,0,0,1.0,1,1.0,1,1.0,1,0.2602025771904898,34
1999,1,4263,1502,2761,0,0,0,1.0,1,1.0,1,1.0,1,0.21972991051515367,35
2000,0,4263,1502,2761,0,0,0,1.0,1,1.0,1,1.0,1,0.25055892627500054,34
2001,3,4266,1502,2764,0,0,0,1.0,1,1.0,1,1.0,1,0.1764059773224694,35
2002,2,4268,1503,2765,0,0,0,1.0,1,1.0,1,1.0,1,0.19572048270704487,36
2003,1,4269,1503,2766,0,0,0,1.0,1,1.0,1,1.0,1,0.18894911352806074,37
2004,4,4273,1504,2769,0,0,0,1.0,1,1.0,1,1.0,1,0.1979771675212574,38
2005,0,4273,1504,2769,0,0,0,1.0,1,1.0,1,1.0,1,0.1979771675212574,38
2006,2,4275,1504,2771,0,0,0,1.0,1,1.0,1,1.0,1,0.16803988881948767,38
2007,2,4277,1505,2772,0,0,0,1.0,1,1.0,1,1.0,1,0.14092436476139628,40
2008,1,4278,1506,2772,0,0,0,1.0,1,1.0,1,1.0,1,0.1408224179136974,40
2009,1,4279,1507,2772,0,0,0,1.0,1,1.0,1,1.0,1,0.11791911361545557,41
2010,0,4279,1507,2772,0,0,0,1.0,1,1.0,1,1.0,1,0.11791911361545557,41
2011,0,4279,1507,2772,0,0,0,1.0,1,1.0,1,1.0,1,0.11791911361545557,41
2012,0,4279,1507,2772,0,0,0,1.0,1,1.0,1,1.0,1,0.11791911361545557,41
2013,0,4279,1507,2772,0,0,0,1.0,1,1.0,1,1.0,1,0.14048881828757298,43
2014,0,4279,1507,2772,0,0,0,1.0,1,1.0,1,1.0,1,0.1721515812994338,43
2015,1,4280,1508,2772,0,0,0,1.0,1,1.0,1,1.0,1,0.1670606276071685,43
2016,4,4284,1509,2775,0,0,0,1.0,1,1.0,1,1.0,1,0.1730940160399942,44
2017,2,4286,1509,2777,0,0,0,1.0,1,1.0,1,1.0,1,0.1570848991311639,45
2018,3,4289,1511,2778,0,0,0,1.0,1,1.0,1,1.0,1,0.1589247132433282,46
2019,1,4290,1511,2779,0,0,0,1.0,1,1.0,1,1.0,1,0.12883439331207272,47
2020,1,4291,1511,2780,0,0,0,1.0,1,1.0,1,1.0,1,0.10724028597968933,47
2021,1,4292,1512,2780,0,0,0,1.0,1,1.0,1,1.0,1,0.11082411358118505,47
2022,0,4292,1512,2780,0,0,0,1.0,1,1.0,1,1.0,1,0.1260659173561655,48
2023,2,4294,1514,2780,0,0,0,1.0,1,1.0,1,1.0,1,0.16123168253374098,48
2024,5,4299,1517,2782,0,0,0,1.0,1,1.0,1,1.0,1,0.08057291483054678,45
2025,3,4302,1520,2782,0,0,0,1.0,1,1.0,1,1.0,1,0.1832716451422758,42
2026,9,4311,1525,2786,0,0,0,1.0,1,1.0,1,1.0,1,0.19357938396959792,44
2027,2,4313,1525,2788,0,0,0,1.0,1,1.0,1,1.0,1,0.1649655612055582,40
2028,0,4313,1525,2788,0,0,0,1.0,1,1.0,1,1.0,1,0.1906569392871464,39
2029,0,4313,1525,2788,0,0,0,1.0,1,1.0,1,1.0,1,0.2029309114986742,37
2030,1,4314,1526,2788,0,0,0,1.0,1,1.0,1,1.0,1,0.23680607071023305,34
2031,4,4318,1527,2791,0,0,0,1.0,1,1.0,1,1.0,1,0.2027401252403774,35
2032,2,4320,1528,2792,0,0,0,1.0,1,1.0,1,1.0,1,0.23946992771697606,34
2033,4,4324,1531,2793,0,0,0,1.0,1,1.0,1,1.0,1,0.21818935409130985,36
2034,1,4325,1532,2793,0,0,0,1.0,1,1.0,1,1.0,1,0.24613990268498107,34
2035,4,4329,1533,2796,0,0,0,1.0,1,1.0,1,1.0,1,0.21069768942317996,35
2036,3,4332,1533,2799,0,0,0,1.0,1,1.0,1,1.0,1,0.1467390381872,34
2037,0,4332,1533,2799,0,0,0,1.0,1,1.0,1,1.0,1,0.1443103316047368,35
2038,0,4332,1533,2799,0,0,0,1.0,1,1.0,1,1.0,1,0.13988816752021122,36
2039,2,4334,1534,2800,0,0,0,1.0,1,1.0,1,1.0,1,0.13196898231449267,38
2040,0,4334,1534,2800,0,0,0,1.0,1,1.0,1,1.0,1,0.13196898231449267,38
2041,0,4334,1534,2800,0,0,0,1.0,1,1.0,1,1.0,1,0.13354101244640165,39
2042,1,4335,1534,2801,0,0,0,1.0,1,1.0,1,1.0,1,0.11108835779138929,39
2043,0,4335,1534,2801,0,0,0,1.0,1,1.0,1,1.0,1,0.11108835779138929,39
2044,0,4335,1534,2801,0,0,0,1.0,1,1.0,1,1.0,1,0.11108835779138929,39
2045,2,4337,1534,2803,0,0,0,1.0,1,1.0,1,1.0,1,0.06949831790075714,41
2046,1,4338,1534,2804,0,0,0,1.0,1,1.0,1,1.0,1,0.08007671778270843,42
2047,0,4338,1534,2804,0,0,0,1.0,1,1.0,1,1.0,1,0.08007671778270843,42
2048,1,4339,1535,2804,0,0,0,1.0,1,1.0,1,1.0,1,0.1163651661919201,43
2049,2,4341,1536,2805,0,0,0,1.0,1,1.0,1,1.0,1,0.15531806685059438,44
2050,2,4343,1536,2807,0,0,0,1.0,1,1.0,1,1.0,1,0.13172307390977778,44
2051,4,4347,1537,2810,0,0,0,1.0,1,1.0,1,1.0,1,0.13701826925480834,45
2052,0,4347,1537,2810,0,0,0,1.0,1,1.0,1,1.0,1,0.13701826925480834,45
2053,0,4347,1537,2810,0,0,0,1.0,1,1.0,1,1.0,1,0.13701826925480834,45
2054,2,4349,1538,2811,0,0,0,1.0,1,1.0,1,1.0,1,0.12482361747817611,46
2055,1,4350,1538,2812,0,0,0,1.0,1,1.0,1,1.0,1,0.11869180515280242,46
2056,5,4355,1540,2815,0,0,0,1.0,1,1.0,1,1.0,1,0.13014192913321282,46
2057,7,4362,1544,2818,0,0,0,1.0,1,1.0,1,1.0,1,0.13195187317079618,47
2058,5,4367,1546,2821,0,0,0,1.0,1,1.0,1,1.0,1,0.15320643767598044,47
2059,5,4372,1548,2824,0,0,0,1.0,1,1.0,1,1.0,1,0.1948791338553168,48
2060,4,4376,1549,2827,0,0,0,1.0,1,1.0,1,1.0,1,0.13764867092095429,50
2061,4,4380,1549,2831,0,0,0,1.0,1,1.0,1,1.0,1,0.08502874407332542,51
2062,4,4384,1552,2832,0,0,0,1.0,1,1.0,1,1.0,1,0.1598249927490235,49
2063,3,4387,1553,2834,0,0,0,1.0,1,1.0,1,1.0,1,0.12814861519873189,48
2064,3,4390,1555,2835,0,0,0,1.0,1,1.0,1,1.0,1,0.21581234762742785,45
2065,3,4393,1555,2838,0,0,0,1.0,1,1.0,1,1.0,1,0.10776631970508689,44
2066,0,4393,1555,2838,0,0,0,1.0,1,1.0,1,1.0,1,0.12336226077171253,42
2067,0,4393,1555,2838,0,0,0,1.0,1,1.0,1,1.0,1,0.11664103930801624,41
2068,1,4394,1556,2838,0,0,0,1.0,1,1.0,1,1.0,1,0.15983815619708877,40
2069,0,4394,1556,2838,0,0,0,1.0,1,1.0,1,1.0,1,0.16335131291467056,40
2070,0,4394,1556,2838,0,0,0,1.0,1,1.0,1,1.0,1,0.17565437457788263,40
2071,4,4398,1558,2840,0,0,0,1.0,1,1.0,1,1.0,1,0.1543861913148087,40
2072,1,4399,1558,2841,0,0,0,1.0,1,1.0,1,1.0,1,0.12747470822287554,41
2073,4,4403,1560,2843,0,0,0,1.0,1,1.0,1,1.0,1,0.16811593703762423,41
2074,2,4405,1560,2845,0,0,0,1.0,1,1.0,1,1.0,1,0.15083235946957177,41
2075,2,4407,1560,2847,0,0,0,1.0,1,1.0,1,1.0,1,0.1872950334665844,41
2076,4,4411,1562,2849,0,0,0,1.0,1,1.0,1,1.0,1,0.15509059133960168,41
2077,2,4413,1563,2850,0,0,0,1.0,1,1.0,1,1.0,1,0.11388660266508761,40
2078,1,4414,1564,2850,0,0,0,1.0,1,1.0,1,1.0,1,0.14468655317022103,40
2079,2,4416,1565,2851,0,0,0,1.0,1,1.0,1,1.0,1,0.1398042440996663,39
2080,1,4417,1565,2852,0,0,0,1.0,1,1.0,1,1.0,1,0.08716197134408828,38
2081,1,4418,1566,2852,0,0,0,1.0,1,1.0,1,1.0,1,0.10375060885794622,40
2082,5,4423,1569,2854,0,0,0,1.0,1,1.0,1,1.0,1,0.1714473505769229,41
2083,6,4429,1572,2857,0,0,0,1.0,1,1.0,1,1.0,1,0.15337652134439386,40
2084,5,4434,1572,2862,0,0,0,1.0,1,1.0,1,1.0,1,0.2007056061161435,42
2085,8,4442,1574,2868,0,0,0,1.0,1,1.0,1,1.0,1,0.1947907066461321,42
2086,3,4445,1574,2871,0,0,0,1.0,1,1.0,1,1.0,1,0.1200384736202832,43
2087,1,4446,1575,2871,0,0,0,1.0,1,1.0,1,1.0,1,0.14287525883932492,45
2088,1,4447,1576,2871,0,0,0,1.0,1,1.0,1,1.0,1,0.1320839594710893,46
2089,3,4450,1576,2874,0,0,0,1.0,1,1.0,1,1.0,1,0.12014220787612737,47
2090,2,4452,1576,2876,0,0,0,1.0,1,1.0,1,1.0,1,0.14653933561704277,49
2091,3,4455,1576,2879,0,0,0,1.0,1,1.0,1,1.0,1,0.11846511126488903,49
2092,1,4456,1576,2880,0,0,0,1.0,1,1.0,1,1.0,1,0.11530939713133144,49
2093,0,4456,1576,2880,0,0,0,1.0,1,1.0,1,1.0,1,0.11530939713133144,49
2094,0,4456,1576,2880,0,0,0,1.0,1,1.0,1,1.0,1,0.11530939713133144,49
2095,0,4456,1576,2880,0,0,0,1.0,1,1.0,1,1.0,1,0.10354539499603181,49
2096,1,4457,1576,2881,0,0,0,1.0,1,1.0,1,1.0,1,0.11074683514380498,51
2097,0,4457,1576,2881,0,0,0,1.0,1,1.0,1,1.0,1,0.11074683514380498,51
2098,2,4459,1577,2882,0,0,0,1.0,1,1.0,1,1.0,1,0.12257151727503227,52
2099,1,4460,1577,2883,0,0,0,1.0,1,1.0,1,1.0,1,0.14257316751640575,51
2100,4,4464,1577,2887,0,0,0,1.0,1,1.0,1,1.0,1,0.10223405153404594,51
2101,2,4466,1577,2889,0,0,0,1.0,1,1.0,1,1.0,1,0.10477411003781335,48
2102,9,4475,1581,2894,0,0,0,1.0,1,1.0,1,1.0,1,0.1201988222048163,49
2103,5,4480,1584,2896,0,0,0,1.0,1,1.0,1,1.0,1,0.1521358619340661,48
2104,1,4481,1585,2896,0,0,0,1.0,1,1.0,1,1.0,1,0.15721978924391536,43
2105,2,4483,1586,2897,0,0,0,1.0,1,1.0,1,1.0,1,0.17033519604239014,42
2106,4,4487,1587,2900,0,0,0,1.0,1,1.0,1,1.0,1,0.14970287589524026,40
2107,3,4490,1587,2903,0,0,0,1.0,1,1.0,1,1.0,1,0.13365409285593613,39
2108,4,4494,1589,2905,0,0,0,1.0,1,1.0,1,1.0,1,0.1703052382880643,38
2109,2,4496,1589,2907,0,0,0,1.0,1,1.0,1,1.0,1,0.14884228365390437,37
2110,2,4498,1591,2907,0,0,0,1.0,1,1.0,1,1.0,1,0.1925589321475123,38
2111,3,4501,1592,2909,0,0,0,1.0,1,1.0,1,1.0,1,0.20280774670171775,37
2112,3,4504,1594,2910,0,0,0,1.0,1,1.0,1,1.0,1,0.1833770614272601,36
2113,0,4504,1594,2910,0,0,0,1.0,1,1.0,1,1.0,1,0.18541845405272547,36
2114,1,4505,1594,2911,0,0,0,1.0,1,1.0,1,1.0,1,0.13544105302910187,36
2115,0,4505,1594,2911,0,0,0,1.0,1,1.0,1,1.0,1,0.13730210990341057,35
2116,1,4506,1595,2911,0,0,0,1.0,1,1.0,1,1.0,1,0.17144587447011833,37
2117,2,4508,1595,2913,0,0,0,1.0,1,1.0,1,1.0,1,0.14218586486866155,38
2118,4,4512,1595,2917,0,0,0,1.0,1,1.0,1,1.0,1,0.13324800284857868,40
2119,5,4517,1595,2922,0,0,0,1.0,1,1.0,1,1.0,1,0.16559245455970523,40
2120,3,4520,1596,2924,0,0,0,1.0,1,1.0,1,1.0,1,0.17158217910245616,41
2121,2,4522,1596,2926,0,0,0,1.0,1,1.0,1,1.0,1,0.14009707219716075,41
2122,0,4522,1596,2926,0,0,0,1.0,1,1.0,1,1.0,1,0.13930067812502664,42
2123,0,4522,1596,2926,0,0,0,1.0,1,1.0,1,1.0,1,0.12827018355401085,43
2124,0,4522,1596,2926,0,0,0,1.0,1,1.0,1,1.0,1,0.13533815154157608,41
2125,0,4522,1596,2926,0,0,0,1.0,1,1.0,1,1.0,1,0.13533815154157608,41
2126,1,4523,1596,2927,0,0,0,1.0,1,1.0,1,1.0,1,0.13864584719232112,40
2127,0,4523,1596,2927,0,0,0,1.0,1,1.0,1,1.0,1,0.13864584719232112,40
2128,1,4524,1596,2928,0,0,0,1.0,1,1.0,1,1.0,1,0.1420686531171614,41
2129,1,4525,1596,2929,0,0,0,1.0,1,1.0,1,1.0,1,0.12896421003399716,42
2130,2,4527,1596,2931,0,0,0,1.0,1,1.0,1,1.0,1,0.1307642408268516,45
2131,0,4527,1596,2931,0,0,0,1.0,1,1.0,1,1.0,1,0.1307642408268516,45
2132,3,4530,1596,2934,0,0,0,1.0,1,1.0,1,1.0,1,0.10109747746122089,46
2133,2,4532,1598,2934,0,0,0,1.0,1,1.0,1,1.0,1,0.11034470431939826,46
2134,1,4533,1599,2934,0,0,0,1.0,1,1.0,1,1.0,1,0.10558722917758273,47
2135,2,4535,1601,2934,0,0,0,1.0,1,1.0,1,1.0,1,0.13261745447308987,47
2136,5,4540,1602,2938,0,0,0,1.0,1,1.0,1,1.0,1,0.08345831232633094,47
2137,0,4540,1602,2938,0,0,0,1.0,1,1.0,1,1.0,1,0.08717743219847926,49
2138,1,4541,1602,2939,0,0,0,1.0,1,1.0,1,1.0,1,0.07910569344958314,49
2139,2,4543,1604,2939,0,0,0,1.0,1,1.0,1,1.0,1,0.07445552856901061,47
2140,4,4547,1605,2942,0,0,0,1.0,1,1.0,1,1.0,1,0.06926042281557551,48
2141,3,4550,1606,2944,0,0,0,1.0,1,1.0,1,1.0,1,0.09629926470924433,47
2142,2,4552,1606,2946,0,0,0,1.0,1,1.0,1,1.0,1,0.10407822918690988,47
2143,4,4556,1606,2950,0,0,0,1.0,1,1.0,1,1.0,1,0.11292683171866397,48
2144,4,4560,1608,2952,0,0,0,1.0,1,1.0,1,1.0,1,0.1560725855259341,48
2145,5,4565,1609,2956,0,0,0,1.0,1,1.0,1,1.0,1,0.13562576547392946,46
2146,3,4568,1609,2959,0,0,0,1.0,1,1.0,1,1.0,1,0.07524291103905804,47
2147,6,4574,1614,2960,0,0,0,1.0,1,1.0,1,1.0,1,0.12124372334951292,48
2148,0,4574,1614,2960,0,0,0,1.0,1,1.0,1,1.0,1,0.13325017466110134,46
2149,3,4577,1616,2961,0,0,0,1.0,1,1.0,1,1.0,1,0.15480839965504184,46
2150,3,4580,1616,2964,0,0,0,1.0,1,1.0,1,1.0,1,0.13832535694127454,46
2151,3,4583,1618,2965,0,0,0,1.0,1,1.0,1,1.0,1,0.11075393383263497,44
2152,1,4584,1619,2965,0,0,0,1.0,1,1.0,1,1.0,1,0.17191563602847423,45
2153,5,4589,1621,2968,0,0,0,1.0,1,1.0,1,1.0,1,0.16618075877341945,48
2154,1,4590,1622,2968,0,0,0,1.0,1,1.0,1,1.0,1,0.19668138143724356,47
2155,4,4594,1624,2970,0,0,0,1.0,1,1.0,1,1.0,1,0.191966294822414,48
2156,5,4599,1625,2974,0,0,0,1.0,1,1.0,1,1.0,1,0.13658186744933107,45
2157,1,4600,1625,2975,0,0,0,1.0,1,1.0,1,1.0,1,0.13543893277823424,43
2158,1,4601,1625,2976,0,0,0,1.0,1,1.0,1,1.0,1,0.10832862351474296,43
2159,6,4607,1627,2980,0,0,0,1.0,1,1.0,1,1.0,1,0.18749520832558553,43
2160,1,4608,1627,2981,0,0,0,1.0,1,1.0,1,1.0,1,0.14159436424063435,41
2161,4,4612,1628,2984,0,0,0,1.0,1,1.0,1,1.0,1,0.10783182341253882,41
2162,2,4614,1629,2985,0,0,0,1.0,1,1.0,1,1.0,1,0.06701036558996792,42
2163,2,4616,1630,2986,0,0,0,1.0,1,1.0,1,1.0,1,0.07376918347617688,43
2164,1,4617,1631,2986,0,0,0,1.0,1,1.0,1,1.0,1,0.1327023061300137,44
2165,0,4617,1631,2986,0,0,0,1.0,1,1.0,1,1.0,1,0.1327023061300137,44
2166,3,4620,1631,2989,0,0,0,1.0,1,1.0,1,1.0,1,0.11900256236801135,46
2167,0,4620,1631,2989,0,0,0,1.0,1,1.0,1,1.0,1,0.11900256236801135,46
2168,0,4620,1631,2989,0,0,0,1.0,1,1.0,1,1.0,1,0.10615680225207942,45
2169,5,4625,1632,2993,0,0,0,1.0,1,1.0,1,1.0,1,0.08559778251043179,49
2170,4,4629,1632,2997,0,0,0,1.0,1,1.0,1,1.0,1,0.05820184642489468,49
2171,4,4633,1634,2999,0,0,0,1.0,1,1.0,1,1.0,1,0.05990988812967178,51
2172,2,4635,1636,2999,0,0,0,1.0,1,1.0,1,1.0,1,0.07276885709278266,52
2173,1,4636,1636,3000,0,0,0,1.0,1,1.0,1,1.0,1,0.06536091139789338,52
2174,1,4637,1637,3000,0,0,0,1.0,1,1.0,1,1.0,1,0.08788777608769906,52
2175,0,4637,1637,3000,0,0,0,1.0,1,1.0,1,1.0,1,0.0946139725497465,53
2176,5,4642,1639,3003,0,0,0,1.0,1,1.0,1,1.0,1,0.09086559177100119,54
2177,2,4644,1641,3003,0,0,0,1.0,1,1.0,1,1.0,1,0.1383746426339848,55
2178,2,4646,1641,3005,0,0,0,1.0,1,1.0,1,1.0,1,0.09731295720092803,54
2179,1,4647,1642,3005,0,0,0,1.0,1,1.0,1,1.0,1,0.11497820496525284,52
2180,0,4647,1642,3005,0,0,0,1.0,1,1.0,1,1.0,1,0.11322613403973075,51
2181,0,4647,1642,3005,0,0,0,1.0,1,1.0,1,1.0,1,0.11726095725921047,49
2182,3,4650,1644,3006,0,0,0,1.0,1,1.0,1,1.0,1,0.12976020629580398,49
2183,3,4653,1647,3006,0,0,0,1.0,1,1.0,1,1.0,1,0.1685091807611803,46
2184,2,4655,1648,3007,0,0,0,1.0,1,1.0,1,1.0,1,0.17592570951656084,45
2185,1,4656,1648,3008,0,0,0,1.0,1,1.0,1,1.0,1,0.1542269823211957,44
2186,10,4666,1652,3014,0,0,0,1.0,1,1.0,1,1.0,1,0.14087834217633657,42
2187,12,4678,1658,3020,0,0,0,1.0,1,1.0,1,1.0,1,0.20876559128172298,40
2188,8,4686,1661,3025,0,0,0,1.0,1,1.0,1,1.0,1,0.2082978812820995,38
2189,3,4689,1662,3027,0,0,0,1.0,1,1.0,1,1.0,1,0.15795502517004348,36
2190,3,4692,1664,3028,0,0,0,1.0,1,1.0,1,1.0,1,0.25149763103353173,34
2191,6,4698,1664,3034,0,0,0,1.0,1,1.0,1,1.0,1,0.13053571793793464,34
2192,2,4700,1666,3034,0,0,0,1.0,1,1.0,1,1.0,1,0.1685204386195392,33
2193,0,4700,1666,3034,0,0,0,1.0,1,1.0,1,1.0,1,0.17935827012480224,32
2194,0,4700,1666,3034,0,0,0,1.0,1,1.0,1,1.0,1,0.17935827012480224,32
2195,0,4700,1666,3034,0,0,0,1.0,1,1.0,1,1.0,1,0.20293483276917346,31
2196,5,4705,1668,3037,0,0,0,1.0,1,1.0,1,1.0,1,0.13211197420226772,32
2197,1,4706,1669,3037,0,0,0,1.0,1,1.0,1,1.0,1,0.17766369842969895,31
2198,0,4706,1669,3037,0,0,0,1.0,1,1.0,1,1.0,1,0.17766369842969895,31
2199,2,4708,1669,3039,0,0,0,1.0,1,1.0,1,1.0,1,0.16808905422079584,32
2200,3,4711,1669,3042,0,0,0,1.0,1,1.0,1,1.0,1,0.17178517671873772,35
2201,3,4714,1670,3044,0,0,0,1.0,1,1.0,1,1.0,1,0.15213874480286718,36
2202,5,4719,1670,3049,0,0,0,1.0,1,1.0,1,1.0,1,0.16882783667515858,36
2203,1,4720,1670,3050,0,0,0,1.0,1,1.0,1,1.0,1,0.1574294869125296,37
2204,1,4721,1671,3050,0,0,0,1.0,1,1.0,1,1.0,1,0.15553843865419806,36
2205,1,4722,1671,3051,0,0,0,1.0,1,1.0,1,1.0,1,0.15476916738199353,37
2206,1,4723,1671,3052,0,0,0,1.0,1,1.0,1,1.0,1,0.18500116951875728,35
2207,3,4726,1671,3055,0,0,0,1.0,1,1.0,1,1.0,1,0.1396079009058231,37
2208,0,4726,1671,3055,0,0,0,1.0,1,1.0,1,1.0,1,0.14933189586428858,36
2209,3,4729,1673,3056,0,0,0,1.0,1,1.0,1,1.0,1,0.20163372389745096,35
2210,3,4732,1673,3059,0,0,0,1.0,1,1.0,1,1.0,1,0.22026006037622894,38
2211,4,4736,1673,3063,0,0,0,1.0,1,1.0,1,1.0,1,0.15676468243013705,37
2212,1,4737,1673,3064,0,0,0,1.0,1,1.0,1,1.0,1,0.1442976040383938,38
2213,0,4737,1673,3064,0,0,0,1.0,1,1.0,1,1.0,1,0.1442976040383938,38
2214,2,4739,1673,3066,0,0,0,1.0,1,1.0,1,1.0,1,0.14176633482794895,39
2215,0,4739,1673,3066,0,0,0,1.0,1,1.0,1,1.0,1,0.12417308493648135,39
2216,4,4743,1675,3068,0,0,0,1.0,1,1.0,1,1.0,1,0.1538956756033737,39
2217,0,4743,1675,3068,0,0,0,1.0,1,1.0,1,1.0,1,0.10886994188630954,38
2218,1,4744,1676,3068,0,0,0,1.0,1,1.0,1,1.0,1,0.12811851751967332,37
2219,2,4746,1677,3069,0,0,0,1.0,1,1.0,1,1.0,1,0.173780255045398,36
2220,0,4746,1677,3069,0,0,0,1.0,1,1.0,1,1.0,1,0.21492808390398105,34
2221,4,4750,1678,3072,0,0,0,1.0,1,1.0,1,1.0,1,0.16464619401594885,35
2222,0,4750,1678,3072,0,0,0,1.0,1,1.0,1,1.0,1,0.18840789355274287,33
2223,2,4752,1680,3072,0,0,0,1.0,1,1.0,1,1.0,1,0.17343169132904596,34
2224,1,4753,1681,3072,0,0,0,1.0,1,1.0,1,1.0,1,0.19264770223168795,32
2225,4,4757,1684,3073,0,0,0,1.0,1,1.0,1,1.0,1,0.28524053625854023,33
2226,5,4762,1686,3076,0,0,0,1.0,1,1.0,1,1.0,1,0.2416638256067473,32
2227,0,4762,1686,3076,0,0,0,1.0,1,1.0,1,1.0,1,0.1880636120169434,31
2228,1,4763,1686,3077,0,0,0,1.0,1,1.0,1,1.0,1,0.15369499678368032,32
2229,1,4764,1686,3078,0,0,0,1.0,1,1.0,1,1.0,1,0.14298375509525285,32
2230,0,4764,1686,3078,0,0,0,1.0,1,1.0,1,1.0,1,0.17153865915034214,31
2231,1,4765,1686,3079,0,0,0,1.0,1,1.0,1,1.0,1,0.13873438249848968,32
2232,3,4768,1686,3082,0,0,0,1.0,1,1.0,1,1.0,1,0.11673309277460858,32
2233,0,4768,1686,3082,0,0,0,1.0,1,1.0,1,1.0,1,0.1413776069025147,31
2234,1,4769,1687,3082,0,0,0,1.0,1,1.0,1,1.0,1,0.1964194516740531,32
2235,1,4770,1687,3083,0,0,0,1.0,1,1.0,1,1.0,1,0.20694116886549968,31
2236,1,4771,1687,3084,0,0,0,1.0,1,1.0,1,1.0,1,0.17813658737706833,31
2237,1,4772,1688,3084,0,0,0,1.0,1,1.0,1,1.0,1,0.22205624986659006,31
2238,2,4774,1689,3085,0,0,0,1.0,1,1.0,1,1.0,1,0.22530344818816886,31
2239,2,4776,1689,3087,0,0,0,1.0,1,1.0,1,1.0,1,0.15308797933023477,31
2240,4,4780,1690,3090,0,0,0,1.0,1,1.0,1,1.0,1,0.12350129035824581,32
2241,1,4781,1690,3091,0,0,0,1.0,1,1.0,1,1.0,1,0.08142566378773346,32
2242,2,4783,1692,3091,0,0,0,1.0,1,1.0,1,1.0,1,0.07936957622524758,34
2243,3,4786,1695,3091,0,0,0,1.0,1,1.0,1,1.0,1,0.1939490460743175,34
2244,1,4787,1695,3092,0,0,0,1.0,1,1.0,1,1.0,1,0.1576318515692955,36
2245,1,4788,1695,3093,0,0,0,1.0,1,1.0,1,1.0,1,0.16110177635489129,36
2246,2,4790,1695,3095,0,0,0,1.0,1,1.0,1,1.0,1,0.1517985136942679,39
2247,1,4791,1695,3096,0,0,0,1.0,1,1.0,1,1.0,1,0.13507466067322096,40
2248,0,4791,1695,3096,0,0,0,1.0,1,1.0,1,1.0,1,0.13507466067322096,40
2249,0,4791,1695,3096,0,0,0,1.0,1,1.0,1,1.0,1,0.13069162477532234,41
2250,1,4792,1696,3096,0,0,0,1.0,1,1.0,1,1.0,1,0.15295093295335546,41
2251,1,4793,1696,3097,0,0,0,1.0,1,1.0,1,1.0,1,0.15259811467872125,42
2252,1,4794,1696,3098,0,0,0,1.0,1,1.0,1,1.0,1,0.14745530973311932,41
2253,0,4794,1696,3098,0,0,0,1.0,1,1.0,1,1.0,1,0.13256568054974027,40
2254,1,4795,1697,3098,0,0,0,1.0,1,1.0,1,1.0,1,0.1633805346822977,39
2255,4,4799,1697,3102,0,0,0,1.0,1,1.0,1,1.0,1,0.12909847504050098,39
2256,1,4800,1698,3102,0,0,0,1.0,1,1.0,1,1.0,1,0.1462796639145325,40
2257,1,4801,1699,3102,0,0,0,1.0,1,1.0,1,1.0,1,0.17590897900756863,40
2258,2,4803,1701,3102,0,0,0,1.0,1,1.0,1,1.0,1,0.24729657568197105,39
2259,7,4810,1703,3107,0,0,0,1.0,1,1.0,1,1.0,1,0.15954651082226126,41
2260,0,4810,1703,3107,0,0,0,1.0,1,1.0,1,1.0,1,0.1723792891587926,38
2261,3,4813,1704,3109,0,0,0,1.0,1,1.0,1,1.0,1,0.14091729459506663,38
2262,0,4813,1704,3109,0,0,0,1.0,1,1.0,1,1.0,1,0.18596936234684572,36
2263,1,4814,1705,3109,0,0,0,1.0,1,1.0,1,1.0,1,0.18553515344249205,35
2264,3,4817,1708,3109,0,0,0,1.0,1,1.0,1,1.0,1,0.26852352902861,33
2265,2,4819,1709,3110,0,0,0,1.0,1,1.0,1,1.0,1,0.25258163495019753,33
2266,6,4825,1711,3114,0,0,0,1.0,1,1.0,1,1.0,1,0.16283400068868994,33
2267,5,4830,1714,3116,0,0,0,1.0,1,1.0,1,1.0,1,0.1895658440651691,33
2268,6,4836,1715,3121,0,0,0,1.0,1,1.0,1,1.0,1,0.1390535765097737,35
2269,4,4840,1716,3124,0,0,0,1.0,1,1.0,1,1.0,1,0.15825862723477616,36
2270,7,4847,1717,3130,0,0,0,1.0,1,1.0,1,1.0,1,0.19021913707859994,34
2271,4,4851,1719,3132,0,0,0,1.0,1,1.0,1,1.0,1,0.14214331051246562,34
2272,4,4855,1721,3134,0,0,0,1.0,1,1.0,1,1.0,1,0.11237651492735204,33
2273,4,4859,1723,3136,0,0,0,1.0,1,1.0,1,1.0,1,0.18008965908077293,32
2274,1,4860,1724,3136,0,0,0,1.0,1,1.0,1,1.0,1,0.17416825357649438,32
2275,2,4862,1724,3138,0,0,0,1.0,1,1.0,1,1.0,1,0.24324955642659585,32
2276,4,4866,1725,3141,0,0,0,1.0,1,1.0,1,1.0,1,0.15617740545999187,31
2277,0,4866,1725,3141,0,0,0,1.0,1,1.0,1,1.0,1,0.18329223797518068,30
2278,1,4867,1725,3142,0,0,0,1.0,1,1.0,1,1.0,1,0.1369547449411256,33
2279,0,4867,1725,3142,0,0,0,1.0,1,1.0,1,1.0,1,0.1369547449411256,33
2280,2,4869,1725,3144,0,0,0,1.0,1,1.0,1,1.0,1,0.14425192112658816,35
2281,1,4870,1725,3145,0,0,0,1.0,1,1.0,1,1.0,1,0.15162496430477168,36
2282,1,4871,1725,3146,0,0,0,1.0,1,1.0,1,1.0,1,0.14280760844645354,36
2283,0,4871,1725,3146,0,0,0,1.0,1,1.0,1,1.0,1,0.14280760844645354,36
2284,0,4871,1725,3146,0,0,0,1.0,1,1.0,1,1.0,1,0.14280760844645354,36
2285,1,4872,1725,3147,0,0,0,1.0,1,1.0,1,1.0,1,0.12912502411544036,37
2286,3,4875,1726,3149,0,0,0,1.0,1,1.0,1,1.0,1,0.12914871362586267,38
2287,0,4875,1726,3149,0,0,0,1.0,1,1.0,1,1.0,1,0.11545550338229392,38
2288,4,4879,1728,3151,0,0,0,1.0,1,1.0,1,1.0,1,0.19332077794698854,40
2289,4,4883,1729,3154,0,0,0,1.0,1,1.0,1,1.0,1,0.1911206945558486,40
2290,1,4884,1729,3155,0,0,0,1.0,1,1.0,1,1.0,1,0.17219731653570897,39
2291,5,4889,1730,3159,0,0,0,1.0,1,1.0,1,1.0,1,0.11421726074056153,37
2292,0,4889,1730,3159,0,0,0,1.0,1,1.0,1,1.0,1,0.12525838036796477,35
2293,1,4890,1731,3159,0,0,0,1.0,1,1.0,1,1.0,1,0.16893842750916316,35
2294,2,4892,1731,3161,0,0,0,1.0,1,1.0,1,1.0,1,0.20542175396406864,35
2295,0,4892,1731,3161,0,0,0,1.0,1,1.0,1,1.0,1,0.1973495463045775,36
2296,3,4895,1731,3164,0,0,0,1.0,1,1.0,1,1.0,1,0.1488911333253162,34
2297,0,4895,1731,3164,0,0,0,1.0,1,1.0,1,1.0,1,0.16689153077500182,35
2298,0,4895,1731,3164,0,0,0,1.0,1,1.0,1,1.0,1,0.16623732881321318,34
2299,1,4896,1732,3164,0,0,0,1.0,1,1.0,1,1.0,1,0.1590606488493031,35
2300,0,4896,1732,3164,0,0,0,1.0,1,1.0,1,1.0,1,0.1590606488493031,35
2301,0,4896,1732,3164,0,0,0,1.0,1,1.0,1,1.0,1,0.1590606488493031,35
2302,4,4900,1735,3165,0,0,0,1.0,1,1.0,1,1.0,1,0.22794132553530744,37
2303,2,4902,1736,3166,0,0,0,1.0,1,1.0,1,1.0,1,0.137155539431,35
2304,3,4905,1738,3167,0,0,0,1.0,1,1.0,1,1.0,1,0.2243287765266419,36
2305,0,4905,1738,3167,0,0,0,1.0,1,1.0,1,1.0,1,0.23851509598527326,34
2306,4,4909,1738,3171,0,0,0,1.0,1,1.0,1,1.0,1,0.13465127596824028,35
2307,3,4912,1739,3173,0,0,0,1.0,1,1.0,1,1.0,1,0.10488804101532744,35
2308,0,4912,1739,3173,0,0,0,1.0,1,1.0,1,1.0,1,0.10488804101532744,35
2309,0,4912,1739,3173,0,0,0,1.0,1,1.0,1,1.0,1,0.0910349855089064,34
2310,2,4914,1739,3175,0,0,0,1.0,1,1.0,1,1.0,1,0.09146866758977376,36
2311,1,4915,1740,3175,0,0,0,1.0,1,1.0,1,1.0,1,0.13185086899077977,38
2312,2,4917,1741,3176,0,0,0,1.0,1,1.0,1,1.0,1,0.1449085316983854,39
2313,3,4920,1743,3177,0,0,0,1.0,1,1.0,1,1.0,1,0.1436834382247612,39
2314,1,4921,1743,3178,0,0,0,1.0,1,1.0,1,1.0,1,0.14964728124295093,39
2315,7,4928,1744,3184,0,0,0,1.0,1,1.0,1,1.0,1,0.14171824750425785,40
2316,3,4931,1745,3186,0,0,0,1.0,1,1.0,1,1.0,1,0.12453478726087475,40
2317,0,4931,1745,3186,0,0,0,1.0,1,1.0,1,1.0,1,0.1459689114533507,41
2318,0,4931,1745,3186,0,0,0,1.0,1,1.0,1,1.0,1,0.1459689114533507,41
2319,0,4931,1745,3186,0,0,0,1.0,1,1.0,1,1.0,1,0.1459689114533507,41
2320,2,4933,1746,3187,0,0,0,1.0,1,1.0,1,1.0,1,0.12398492787674248,42
2321,2,4935,1746,3189,0,0,0,1.0,1,1.0,1,1.0,1,0.060707601676524135,43
2322,0,4935,1746,3189,0,0,0,1.0,1,1.0,1,1.0,1,0.07677444114495281,42
2323,2,4937,1747,3190,0,0,0,1.0,1,1.0,1,1.0,1,0.09719647174904697,43
2324,1,4938,1747,3191,0,0,0,1.0,1,1.0,1,1.0,1,0.11433957811165182,44
2325,3,4941,1748,3193,0,0,0,1.0,1,1.0,1,1.0,1,0.12936319689377243,44
2326,1,4942,1748,3194,0,0,0,1.0,1,1.0,1,1.0,1,0.09657575754427197,45
2327,0,4942,1748,3194,0,0,0,1.0,1,1.0,1,1.0,1,0.09657575754427197,45
2328,3,4945,1749,3196,0,0,0,1.0,1,1.0,1,1.0,1,0.11801635939772519,46
2329,5,4950,1750,3200,0,0,0,1.0,1,1.0,1,1.0,1,0.10610225622069071,45
2330,3,4953,1751,3202,0,0,0,1.0,1,1.0,1,1.0,1,0.0879140485520122,47
2331,2,4955,1752,3203,0,0,0,1.0,1,1.0,1,1.0,1,0.09939383783071593,48
2332,1,4956,1753,3203,0,0,0,1.0,1,1.0,1,1.0,1,0.13339365330827838,48
2333,1,4957,1754,3203,0,0,0,1.0,1,1.0,1,1.0,1,0.173382999822551,49
2334,1,4958,1754,3204,0,0,0,1.0,1,1.0,1,1.0,1,0.16188685936786354,47
2335,1,4959,1755,3204,0,0,0,1.0,1,1.0,1,1.0,1,0.19045367757576873,46
2336,3,4962,1755,3207,0,0,0,1.0,1,1.0,1,1.0,1,0.15894341920267466,46
2337,1,4963,1755,3208,0,0,0,1.0,1,1.0,1,1.0,1,0.13729697807699387,45
2338,0,4963,1755,3208,0,0,0,1.0,1,1.0,1,1.0,1,0.12406007087042975,44
2339,2,4965,1756,3209,0,0,0,1.0,1,1.0,1,1.0,1,0.10854908143046813,45
2340,3,4968,1757,3211,0,0,0,1.0,1,1.0,1,1.0,1,0.12249510335268285,44
2341,1,4969,1757,3212,0,0,0,1.0,1,1.0,1,1.0,1,0.12542767515157568,45
2342,2,4971,1759,3212,0,0,0,1.0,1,1.0,1,1.0,1,0.12794260555762754,47
2343,2,4973,1760,3213,0,0,0,1.0,1,1.0,1,1.0,1,0.11239295749971705,46
2344,3,4976,1761,3215,0,0,0,1.0,1,1.0,1,1.0,1,0.1324198746880243,46
2345,0,4976,1761,3215,0,0,0,1.0,1,1.0,1,1.0,1,0.13725924864098718,45
2346,4,4980,1761,3219,0,0,0,1.0,1,1.0,1,1.0,1,0.09825380696513604,46
2347,3,4983,1761,3222,0,0,0,1.0,1,1.0,1,1.0,1,0.08473084353349196,47
2348,2,4985,1762,3223,0,0,0,1.0,1,1.0,1,1.0,1,0.09297741519942279,49
2349,1,4986,1763,3223,0,0,0,1.0,1,1.0,1,1.0,1,0.12663009561580352,49
2350,1,4987,1764,3223,0,0,0,1.0,1,1.0,1,1.0,1,0.13734683049463753,50
2351,3,4990,1765,3225,0,0,0,1.0,1,1.0,1,1.0,1,0.1391001463694892,50
2352,0,4990,1765,3225,0,0,0,1.0,1,1.0,1,1.0,1,0.14569515965761315,51
2353,2,4992,1765,3227,0,0,0,1.0,1,1.0,1,1.0,1,0.1360236656501669,51
2354,2,4994,1765,3229,0,0,0,1.0,1,1.0,1,1.0,1,0.1647446120515705,51
2355,0,4994,1765,3229,0,0,0,1.0,1,1.0,1,1.0,1,0.1670264034093342,50
2356,7,5001,1765,3236,0,0,0,1.0,1,1.0,1,1.0,1,0.12721955851401703,50
2357,6,5007,1766,3241,0,0,0,1.0,1,1.0,1,1.0,1,0.10744990039558296,49
2358,3,5010,1766,3244,0,0,0,1.0,1,1.0,1,1.0,1,0.07600484619747225,51
2359,2,5012,1766,3246,0,0,0,1.0,1,1.0,1,1.0,1,0.07702875945019108,51
2360,1,5013,1766,3247,0,0,0,1.0,1,1.0,1,1.0,1,0.06436886038987534,51
2361,1,5014,1767,3247,0,0,0,1.0,1,1.0,1,1.0,1,0.09601824126247797,52
2362,5,5019,1769,3250,0,0,0,1.0,1,1.0,1,1.0,1,0.09761450003766033,53
2363,4,5023,1770,3253,0,0,0,1.0,1,1.0,1,1.0,1,0.12319148558813528,54
2364,2,5025,1770,3255,0,0,0,1.0,1,1.0,1,1.0,1,0.12301135144933174,55
2365,6,5031,1771,3260,0,0,0,1.0,1,1.0,1,1.0,1,0.1668766830095375,53
2366,4,5035,1772,3263,0,0,0,1.0,1,1.0,1,1.0,1,0.10904766882284544,53
2367,2,5037,1774,3263,0,0,0,1.0,1,1.0,1,1.0,1,0.1837966049583427,51
2368,4,5041,1776,3265,0,0,0,1.0,1,1.0,1,1.0,1,0.16146212292105544,50
2369,1,5042,1777,3265,0,0,0,1.0,1,1.0,1,1.0,1,0.18721753181497938,47
2370,0,5042,1777,3265,0,0,0,1.0,1,1.0,1,1.0,1,0.18139066710694132,48
2371,6,5048,1778,3270,0,0,0,1.0,1,1.0,1,1.0,1,0.17350006737941082,49
2372,1,5049,1778,3271,0,0,0,1.0,1,1.0,1,1.0,1,0.1950478813430179,48
2373,6,5055,1779,3276,0,0,0,1.0,1,1.0,1,1.0,1,0.16924713010430284,49
2374,5,5060,1779,3281,0,0,0,1.0,1,1.0,1,1.0,1,0.1492490049998328,50
2375,3,5063,1780,3283,0,0,0,1.0,1,1.0,1,1.0,1,0.16522019155931264,50
2376,1,5064,1780,3284,0,0,0,1.0,1,1.0,1,1.0,1,0.16528732452055123,50
2377,0,5064,1780,3284,0,0,0,1.0,1,1.0,1,1.0,1,0.16754977016531078,49
2378,0,5064,1780,3284,0,0,0,1.0,1,1.0,1,1.0,1,0.16754977016531078,49
2379,4,5068,1781,3287,0,0,0,1.0,1,1.0,1,1.0,1,0.1828954445592855,50
2380,3,5071,1782,3289,0,0,0,1.0,1,1.0,1,1.0,1,0.1722398834106054,50
2381,3,5074,1783,3291,0,0,0,1.0,1,1.0,1,1.0,1,0.17377513237158584,51
2382,4,5078,1785,3293,0,0,0,1.0,1,1.0,1,1.0,1,0.17550444208997526,51
2383,1,5079,1786,3293,0,0,0,1.0,1,1.0,1,1.0,1,0.17769023129063213,52
2384,3,5082,1787,3295,0,0,0,1.0,1,1.0,1,1.0,1,0.1633203109050438,52
2385,2,5084,1788,3296,0,0,0,1.0,1,1.0,1,1.0,1,0.16206029752784631,51
2386,7,5091,1790,3301,0,0,0,1.0,1,1.0,1,1.0,1,0.16312307476592813,52
2387,4,5095,1791,3304,0,0,0,1.0,1,1.0,1,1.0,1,0.14641178734316684,49
2388,2,5097,1793,3304,0,0,0,1.0,1,1.0,1,1.0,1,0.17481111976801092,48
2389,5,5102,1797,3305,0,0,0,1.0,1,1.0,1,1.0,1,0.20318460353751508,48
2390,2,5104,1797,3307,0,0,0,1.0,1,1.0,1,1.0,1,0.1951695869867694,49
2391,7,5111,1799,3312,0,0,0,1.0,1,1.0,1,1.0,1,0.18049395804849594,48
2392,4,5115,1800,3315,0,0,0,1.0,1,1.0,1,1.0,1,0.14496258845994492,49
2393,2,5117,1801,3316,0,0,0,1.0,1,1.0,1,1.0,1,0.14856374416192514,50
2394,5,5122,1804,3318,0,0,0,1.0,1,1.0,1,1.0,1,0.168629487261001,50
2395,3,5125,1806,3319,0,0,0,1.0,1,1.0,1,1.0,1,0.18555374873626984,49
2396,4,5129,1806,3323,0,0,0,1.0,1,1.0,1,1.0,1,0.15271535395868968,50
2397,4,5133,1808,3325,0,0,0,1.0,1,1.0,1,1.0,1,0.1783157820313899,51
2398,5,5138,1810,3328,0,0,0,1.0,1,1.0,1,1.0,1,0.13810489002251433,49
2399,0,5138,1810,3328,0,0,0,1.0,1,1.0,1,1.0,1,0.13131100862035486,50
2400,0,5138,1810,3328,0,0,0,1.0,1,1.0,1,1.0,1,0.14084244341362306,51
2401,0,5138,1810,3328,0,0,0,1.0,1,1.0,1,1.0,1,0.1536457695952169,50
2402,0,5138,1810,3328,0,0,0,1.0,1,1.0,1,1.0,1,0.14977054072229862,51
2403,0,5138,1810,3328,0,0,0,1.0,1,1.0,1,1.0,1,0.1510413559027615,52
2404,3,5141,1810,3331,0,0,0,1.0,1,1.0,1,1.0,1,0.12903109177742114,53
2405,1,5142,1810,3332,0,0,0,1.0,1,1.0,1,1.0,1,0.11302975941629174,52
2406,1,5143,1811,3332,0,0,0,1.0,1,1.0,1,1.0,1,0.12883985486330307,52
2407,0,5143,1811,3332,0,0,0,1.0,1,1.0,1,1.0,1,0.14168965858592592,51
2408,1,5144,1812,3332,0,0,0,1.0,1,1.0,1,1.0,1,0.15272958929233574,50
2409,0,5144,1812,3332,0,0,0,1.0,1,1.0,1,1.0,1,0.16963820134963148,50
2410,2,5146,1813,3333,0,0,0,1.0,1,1.0,1,1.0,1,0.19526035108293383,49
2411,3,5149,1814,3335,0,0,0,1.0,1,1.0,1,1.0,1,0.22462282727553817,48
2412,1,5150,1814,3336,0,0,0,1.0,1,1.0,1,1.0,1,0.22371751872427187,47
2413,1,5151,1814,3337,0,0,0,1.0,1,1.0,1,1.0,1,0.20245393931342975,47
2414,2,5153,1814,3339,0,0,0,1.0,1,1.0,1,1.0,1,0.20968202939076624,47
2415,3,5156,1814,3342,0,0,0,1.0,1,1.0,1,1.0,1,0.2204798794703931,46
2416,2,5158,1815,3343,0,0,0,1.0,1,1.0,1,1.0,1,0.20909430821967498,47
2417,1,5159,1815,3344,0,0,0,1.0,1,1.0,1,1.0,1,0.2065474657809842,46
2418,4,5163,1816,3347,0,0,0,1.0,1,1.0,1,1.0,1,0.18015529731017216,48
2419,2,5165,1816,3349,0,0,0,1.0,1,1.0,1,1.0,1,0.1642309984020835,47
2420,2,5167,1816,3351,0,0,0,1.0,1,1.0,1,1.0,1,0.14283117103552972,49
2421,1,5168,1816,3352,0,0,0,1.0,1,1.0,1,1.0,1,0.13080695076617066,50
2422,4,5172,1819,3353,0,0,0,1.0,1,1.0,1,1.0,1,0.10929583173227679,50
2423,1,5173,1820,3353,0,0,0,1.0,1,1.0,1,1.0,1,0.12729702439573537,51
2424,5,5178,1824,3354,0,0,0,1.0,1,1.0,1,1.0,1,0.13237830179836804,50
2425,0,5178,1824,3354,0,0,0,1.0,1,1.0,1,1.0,1,0.12088997403323562,48
2426,4,5182,1827,3355,0,0,0,1.0,1,1.0,1,1.0,1,0.1138861989171627,51
2427,2,5184,1829,3355,0,0,0,1.0,1,1.0,1,1.0,1,0.12511323244550712,50
2428,1,5185,1829,3356,0,0,0,1.0,1,1.0,1,1.0,1,0.1281933151629845,49
2429,2,5187,1831,3356,0,0,0,1.0,1,1.0,1,1.0,1,0.13763377913045172,49
2430,0,5187,1831,3356,0,0,0,1.0,1,1.0,1,1.0,1,0.17336899972620873,46
2431,4,5191,1832,3359,0,0,0,1.0,1,1.0,1,1.0,1,0.14877124331735456,45
2432,3,5194,1833,3361,0,0,0,1.0,1,1.0,1,1.0,1,0.2208953554678934,44
2433,2,5196,1834,3362,0,0,0,1.0,1,1.0,1,1.0,1,0.15390067461930937,45
2434,1,5197,1835,3362,0,0,0,1.0,1,1.0,1,1.0,1,0.18228490886693888,44
2435,2,5199,1835,3364,0,0,0,1.0,1,1.0,1,1.0,1,0.13779842437394677,44
2436,1,5200,1835,3365,0,0,0,1.0,1,1.0,1,1.0,1,0.11188650660223937,44
2437,3,5203,1836,3367,0,0,0,1.0,1,1.0,1,1.0,1,0.0992686708384684,45
2438,1,5204,1837,3367,0,0,0,1.0,1,1.0,1,1.0,1,0.12331043812055349,45
2439,4,5208,1837,3371,0,0,0,1.0,1,1.0,1,1.0,1,0.1369689177865344,46
2440,0,5208,1837,3371,0,0,0,1.0,1,1.0,1,1.0,1,0.15166397340966442,45
2441,4,5212,1837,3375,0,0,0,1.0,1,1.0,1,1.0,1,0.08815081046796967,45
2442,0,5212,1837,3375,0,0,0,1.0,1,1.0,1,1.0,1,0.0803512981913017,46
2443,0,5212,1837,3375,0,0,0,1.0,1,1.0,1,1.0,1,0.10819505011051624,45
2444,6,5218,1842,3376,0,0,0,1.0,1,1.0,1,1.0,1,0.21621654718121017,46
2445,3,5221,1843,3378,0,0,0,1.0,1,1.0,1,1.0,1,0.2270355083798462,44
2446,8,5229,1847,3382,0,0,0,1.0,1,1.0,1,1.0,1,0.18182088737364854,44
2447,2,5231,1848,3383,0,0,0,1.0,1,1.0,1,1.0,1,0.1710063744505604,42
2448,2,5233,1850,3383,0,0,0,1.0,1,1.0,1,1.0,1,0.18769537333568675,41
2449,1,5234,1851,3383,0,0,0,1.0,1,1.0,1,1.0,1,0.23403726124387328,40
2450,3,5237,1853,3384,0,0,0,1.0,1,1.0,1,1.0,1,0.212781803220271,42
2451,7,5244,1853,3391,0,0,0,1.0,1,1.0,1,1.0,1,0.16019650597383464,43
2452,1,5245,1853,3392,0,0,0,1.0,1,1.0,1,1.0,1,0.1652772014257264,43
2453,0,5245,1853,3392,0,0,0,1.0,1,1.0,1,1.0,1,0.1948897445232697,45
2454,2,5247,1854,3393,0,0,0,1.0,1,1.0,1,1.0,1,0.1873804590040363,47
2455,0,5247,1854,3393,0,0,0,1.0,1,1.0,1,1.0,1,0.1916912097497363,48
2456,5,5252,1856,3396,0,0,0,1.0,1,1.0,1,1.0,1,0.19913631667924203,49
2457,1,5253,1857,3396,0,0,0,1.0,1,1.0,1,1.0,1,0.23791353918509306,48
2458,1,5254,1857,3397,0,0,0,1.0,1,1.0,1,1.0,1,0.22983660489073912,49
2459,2,5256,1857,3399,0,0,0,1.0,1,1.0,1,1.0,1,0.210908852029903,49
2460,4,5260,1858,3402,0,0,0,1.0,1,1.0,1,1.0,1,0.22395306261542822,50
2461,3,5263,1858,3405,0,0,0,1.0,1,1.0,1,1.0,1,0.18047143268942437,50
2462,6,5269,1861,3408,0,0,0,1.0,1,1.0,1,1.0,1,0.18539725585627378,51
2463,4,5273,1862,3411,0,0,0,1.0,1,1.0,1,1.0,1,0.1796266150592529,51
2464,3,5276,1864,3412,0,0,0,1.0,1,1.0,1,1.0,1,0.1868347185481641,50
2465,4,5280,1866,3414,0,0,0,1.0,1,1.0,1,1.0,1,0.17995679327148842,49
2466,2,5282,1867,3415,0,0,0,1.0,1,1.0,1,1.0,1,0.14829468114619138,49
2467,0,5282,1867,3415,0,0,0,1.0,1,1.0,1,1.0,1,0.16193344791413627,48
2468,3,5285,1870,3415,0,0,0,1.0,1,1.0,1,1.0,1,0.17869087967501535,47
2469,1,5286,1871,3415,0,0,0,1.0,1,1.0,1,1.0,1,0.149805406334709,46
2470,1,5287,1872,3415,0,0,0,1.0,1,1.0,1,1.0,1,0.16170120502215005,44
2471,6,5293,1873,3420,0,0,0,1.0,1,1.0,1,1.0,1,0.11076630902256984,44
2472,1,5294,1873,3421,0,0,0,1.0,1,1.0,1,1.0,1,0.1304389820581558,44
2473,3,5297,1874,3423,0,0,0,1.0,1,1.0,1,1.0,1,0.129382677141148,43
2474,3,5300,1876,3424,0,0,0,1.0,1,1.0,1,1.0,1,0.14961002283254135,44
2475,3,5303,1877,3426,0,0,0,1.0,1,1.0,1,1.0,1,0.14431075914702302,46
2476,1,5304,1877,3427,0,0,0,1.0,1,1.0,1,1.0,1,0.10813340165985819,46
2477,2,5306,1877,3429,0,0,0,1.0,1,1.0,1,1.0,1,0.0784373328766198,46
2478,0,5306,1877,3429,0,0,0,1.0,1,1.0,1,1.0,1,0.0784373328766198,46
2479,0,5306,1877,3429,0,0,0,1.0,1,1.0,1,1.0,1,0.0784373328766198,46
2480,1,5307,1878,3429,0,0,0,1.0,1,1.0,1,1.0,1,0.11332589781909472,47
2481,6,5313,1881,3432,0,0,0,1.0,1,1.0,1,1.0,1,0.1107382242798901,47
2482,2,5315,1882,3433,0,0,0,1.0,1,1.0,1,1.0,1,0.11852032800549886,45
2483,2,5317,1882,3435,0,0,0,1.0,1,1.0,1,1.0,1,0.12310968825160354,45
2484,3,5320,1883,3437,0,0,0,1.0,1,1.0,1,1.0,1,0.16606856549845012,46
2485,4,5324,1884,3440,0,0,0,1.0,1,1.0,1,1.0,1,0.1434202944319996,44
2486,2,5326,1884,3442,0,0,0,1.0,1,1.0,1,1.0,1,0.11386093879505088,43
2487,2,5328,1885,3443,0,0,0,1.0,1,1.0,1,1.0,1,0.11474128037542479,44
2488,1,5329,1886,3443,0,0,0,1.0,1,1.0,1,1.0,1,0.16422352007631724,45
2489,1,5330,1887,3443,0,0,0,1.0,1,1.0,1,1.0,1,0.21157038938712833,44
2490,4,5334,1889,3445,0,0,0,1.0,1,1.0,1,1.0,1,0.2012620436030201,44
2491,3,5337,1890,3447,0,0,0,1.0,1,1.0,1,1.0,1,0.2176594393175495,44
2492,1,5338,1890,3448,0,0,0,1.0,1,1.0,1,1.0,1,0.1983972018882426,44
2493,0,5338,1890,3448,0,0,0,1.0,1,1.0,1,1.0,1,0.22522930064439922,42
2494,5,5343,1892,3451,0,0,0,1.0,1,1.0,1,1.0,1,0.2157602979388054,42
2495,2,5345,1892,3453,0,0,0,1.0,1,1.0,1,1.0,1,0.16882325002975132,42
2496,1,5346,1893,3453,0,0,0,1.0,1,1.0,1,1.0,1,0.19404396573914,42
2497,1,5347,1893,3454,0,0,0,1.0,1,1.0,1,1.0,1,0.17507821304135424,44
2498,0,5347,1893,3454,0,0,0,1.0,1,1.0,1,1.0,1,0.1906602761766701,43
2499,3,5350,1894,3456,0,0,0,1.0,1,1.0,1,1.0,1,0.1622572882376574,43
2500,2,5352,1894,3458,0,0,0,1.0,1,1.0,1,1.0,1,0.17349073455820846,44
2501,3,5355,1894,3461,0,0,0,1.0,1,1.0,1,1.0,1,0.1410413711438228,46
2502,2,5357,1896,3461,0,0,0,1.0,1,1.0,1,1.0,1,0.14286190134405657,47
2503,1,5358,1897,3461,0,0,0,1.0,1,1.0,1,1.0,1,0.15515206231250162,47
2504,2,5360,1898,3462,0,0,0,1.0,1,1.0,1,1.0,1,0.17402829573311707,46
2505,4,5364,1901,3463,0,0,0,1.0,1,1.0,1,1.0,1,0.22164451411311945,46
2506,9,5373,1902,3471,0,0,0,1.0,1,1.0,1,1.0,1,0.18916473843823683,45
2507,10,5383,1903,3480,0,0,0,1.0,1,1.0,1,1.0,1,0.18561472930582054,45
2508,6,5389,1903,3486,0,0,0,1.0,1,1.0,1,1.0,1,0.21065008774375305,46
2509,5,5394,1903,3491,0,0,0,1.0,1,1.0,1,1.0,1,0.18120999164714566,45
2510,6,5400,1904,3496,0,0,0,1.0,1,1.0,1,1.0,1,0.20699927940313928,46
2511,6,5406,1904,3502,0,0,0,1.0,1,1.0,1,1.0,1,0.1549337158693278,47
2512,2,5408,1905,3503,0,0,0,1.0,1,1.0,1,1.0,1,0.15732896253093218,47
2513,2,5410,1906,3504,0,0,0,1.0,1,1.0,1,1.0,1,0.1434329010276573,48
2514,3,5413,1907,3506,0,0,0,1.0,1,1.0,1,1.0,1,0.16756404365865835,48
2515,5,5418,1907,3511,0,0,0,1.0,1,1.0,1,1.0,1,0.13187617142475228,49
2516,5,5423,1908,3515,0,0,0,1.0,1,1.0,1,1.0,1,0.1201044940334943,49
2517,2,5425,1909,3516,0,0,0,1.0,1,1.0,1,1.0,1,0.1262940210291521,49
2518,1,5426,1909,3517,0,0,0,1.0,1,1.0,1,1.0,1,0.12799117674890453,48
2519,0,5426,1909,3517,0,0,0,1.0,1,1.0,1,1.0,1,0.13595919801810416,48
2520,1,5427,1910,3517,0,0,0,1.0,1,1.0,1,1.0,1,0.1735475448491242,46
2521,4,5431,1912,3519,0,0,0,1.0,1,1.0,1,1.0,1,0.17993379482200098,47
2522,2,5433,1913,3520,0,0,0,1.0,1,1.0,1,1.0,1,0.19967639598471681,45
2523,1,5434,1914,3520,0,0,0,1.0,1,1.0,1,1.0,1,0.2253257379128849,44
2524,0,5434,1914,3520,0,0,0,1.0,1,1.0,1,1.0,1,0.24370519564186333,42
2525,4,5438,1916,3522,0,0,0,1.0,1,1.0,1,1.0,1,0.25459612113052377,42
2526,3,5441,1916,3525,0,0,0,1.0,1,1.0,1,1.0,1,0.1951627867690268,41
2527,0,5441,1916,3525,0,0,0,1.0,1,1.0,1,1.0,1,0.1951627867690268,41
2528,3,5444,1916,3528,0,0,0,1.0,1,1.0,1,1.0,1,0.1411778766839714,41
2529,0,5444,1916,3528,0,0,0,1.0,1,1.0,1,1.0,1,0.1550109819467303,42
2530,0,5444,1916,3528,0,0,0,1.0,1,1.0,1,1.0,1,0.17375499252904153,41
2531,3,5447,1916,3531,0,0,0,1.0,1,1.0,1,1.0,1,0.13103181451602236,41
2532,0,5447,1916,3531,0,0,0,1.0,1,1.0,1,1.0,1,0.15486891842178757,43
2533,0,5447,1916,3531,0,0,0,1.0,1,1.0,1,1.0,1,0.15486891842178757,43
2534,0,5447,1916,3531,0,0,0,1.0,1,1.0,1,1.0,1,0.15486891842178757,43
2535,1,5448,1916,3532,0,0,0,1.0,1,1.0,1,1.0,1,0.16052007088937265,44
2536,1,5449,1916,3533,0,0,0,1.0,1,1.0,1,1.0,1,0.14422961651127042,44
2537,1,5450,1916,3534,0,0,0,1.0,1,1.0,1,1.0,1,0.14576573880396454,45
2538,3,5453,1916,3537,0,0,0,1.0,1,1.0,1,1.0,1,0.15841515105294904,48
2539,7,5460,1918,3542,0,0,0,1.0,1,1.0,1,1.0,1,0.1700451676614338,48
2540,7,5467,1919,3548,0,0,0,1.0,1,1.0,1,1.0,1,0.18188919452374186,50
2541,4,5471,1921,3550,0,0,0,1.0,1,1.0,1,1.0,1,0.2070285408347867,52
2542,4,5475,1924,3551,0,0,0,1.0,1,1.0,1,1.0,1,0.22826061848489396,52
2543,3,5478,1926,3552,0,0,0,1.0,1,1.0,1,1.0,1,0.24548840786203294,51
2544,4,5482,1930,3552,0,0,0,1.0,1,1.0,1,1.0,1,0.26819977543497353,51
2545,2,5484,1930,3554,0,0,0,1.0,1,1.0,1,1.0,1,0.23113549717735093,50
2546,7,5491,1932,3559,0,0,0,1.0,1,1.0,1,1.0,1,0.18280297279899566,50
2547,2,5493,1933,3560,0,0,0,1.0,1,1.0,1,1.0,1,0.18286955939163646,47
2548,0,5493,1933,3560,0,0,0,1.0,1,1.0,1,1.0,1,0.17437209705270632,46
2549,2,5495,1935,3560,0,0,0,1.0,1,1.0,1,1.0,1,0.18872131288601787,46
2550,3,5498,1937,3561,0,0,0,1.0,1,1.0,1,1.0,1,0.21155839350398,44
2551,4,5502,1938,3564,0,0,0,1.0,1,1.0,1,1.0,1,0.1299133469241729,43
2552,1,5503,1938,3565,0,0,0,1.0,1,1.0,1,1.0,1,0.15660835000236378,43
2553,3,5506,1938,3568,0,0,0,1.0,1,1.0,1,1.0,1,0.1255925518171472,44
2554,1,5507,1939,3568,0,0,0,1.0,1,1.0,1,1.0,1,0.14193759078134846,45
2555,1,5508,1940,3568,0,0,0,1.0,1,1.0,1,1.0,1,0.1552188314787527,44
2556,3,5511,1940,3571,0,0,0,1.0,1,1.0,1,1.0,1,0.10327873271716632,44
2557,1,5512,1941,3571,0,0,0,1.0,1,1.0,1,1.0,1,0.13821618340594974,41
2558,0,5512,1941,3571,0,0,0,1.0,1,1.0,1,1.0,1,0.13718071559872114,40
2559,0,5512,1941,3571,0,0,0,1.0,1,1.0,1,1.0,1,0.15588275637669133,41
2560,0,5512,1941,3571,0,0,0,1.0,1,1.0,1,1.0,1,0.15588275637669133,41
2561,4,5516,1941,3575,0,0,0,1.0,1,1.0,1,1.0,1,0.11880344832824719,43
2562,1,5517,1942,3575,0,0,0,1.0,1,1.0,1,1.0,1,0.15642915403609986,44
2563,1,5518,1943,3575,0,0,0,1.0,1,1.0,1,1.0,1,0.19163110438582856,44
2564,4,5522,1945,3577,0,0,0,1.0,1,1.0,1,1.0,1,0.23039328761944156,44
2565,3,5525,1945,3580,0,0,0,1.0,1,1.0,1,1.0,1,0.2503512385655505,45
2566,5,5530,1946,3584,0,0,0,1.0,1,1.0,1,1.0,1,0.2620439570580444,46
2567,4,5534,1946,3588,0,0,0,1.0,1,1.0,1,1.0,1,0.22898392153767363,48
2568,6,5540,1947,3593,0,0,0,1.0,1,1.0,1,1.0,1,0.23617022291263784,48
2569,4,5544,1947,3597,0,0,0,1.0,1,1.0,1,1.0,1,0.24267254202818556,49
2570,3,5547,1947,3600,0,0,0,1.0,1,1.0,1,1.0,1,0.22554684596106497,48
2571,3,5550,1947,3603,0,0,0,1.0,1,1.0,1,1.0,1,0.19808775361659783,48
2572,3,5553,1947,3606,0,0,0,1.0,1,1.0,1,1.0,1,0.15356877536403907,49
2573,2,5555,1947,3608,0,0,0,1.0,1,1.0,1,1.0,1,0.12613437281432072,50
2574,2,5557,1948,3609,0,0,0,1.0,1,1.0,1,1.0,1,0.1405027353223861,49
2575,0,5557,1948,3609,0,0,0,1.0,1,1.0,1,1.0,1,0.14245073020014962,48
2576,2,5559,1949,3610,0,0,0,1.0,1,1.0,1,1.0,1,0.14324223428733873,48
2577,1,5560,1949,3611,0,0,0,1.0,1,1.0,1,1.0,1,0.14646412983987953,50
2578,0,5560,1949,3611,0,0,0,1.0,1,1.0,1,1.0,1,0.14646412983987953,50
2579,3,5563,1950,3613,0,0,0,1.0,1,1.0,1,1.0,1,0.14063268373185941,51
2580,2,5565,1951,3614,0,0,0,1.0,1,1.0,1,1.0,1,0.1567745711691253,52
2581,2,5567,1952,3615,0,0,0,1.0,1,1.0,1,1.0,1,0.15656466175683914,51
2582,2,5569,1953,3616,0,0,0,1.0,1,1.0,1,1.0,1,0.16653541779987077,51
2583,4,5573,1954,3619,0,0,0,1.0,1,1.0,1,1.0,1,0.13922113298614613,51
2584,4,5577,1956,3621,0,0,0,1.0,1,1.0,1,1.0,1,0.13187146728880758,51
2585,4,5581,1956,3625,0,0,0,1.0,1,1.0,1,1.0,1,0.13143659804787866,50
2586,5,5586,1959,3627,0,0,0,1.0,1,1.0,1,1.0,1,0.1378841273115234,50
2587,3,5589,1960,3629,0,0,0,1.0,1,1.0,1,1.0,1,0.06582670345428035,48
2588,4,5593,1962,3631,0,0,0,1.0,1,1.0,1,1.0,1,0.11890932199306431,50
2589,3,5596,1963,3633,0,0,0,1.0,1,1.0,1,1.0,1,0.0943734122226694,48
2590,0,5596,1963,3633,0,0,0,1.0,1,1.0,1,1.0,1,0.0847893943451557,47
2591,2,5598,1964,3634,0,0,0,1.0,1,1.0,1,1.0,1,0.05409494209113027,47
2592,2,5600,1965,3635,0,0,0,1.0,1,1.0,1,1.0,1,0.048545725420450846,47
2593,1,5601,1966,3635,0,0,0,1.0,1,1.0,1,1.0,1,0.08077655234065192,47
2594,6,5607,1968,3639,0,0,0,1.0,1,1.0,1,1.0,1,0.10728612037294522,49
2595,6,5613,1969,3644,0,0,0,1.0,1,1.0,1,1.0,1,0.08815702859740226,48
2596,5,5618,1971,3647,0,0,0,1.0,1,1.0,1,1.0,1,0.07720089284545754,47
2597,2,5620,1973,3647,0,0,0,1.0,1,1.0,1,1.0,1,0.0666280431150047,48
2598,2,5622,1975,3647,0,0,0,1.0,1,1.0,1,1.0,1,0.06749707603953554,48
2599,1,5623,1976,3647,0,0,0,1.0,1,1.0,1,1.0,1,0.08238199810662197,49
2600,7,5630,1978,3652,0,0,0,1.0,1,1.0,1,1.0,1,0.1062505476804632,52
2601,2,5632,1980,3652,0,0,0,1.0,1,1.0,1,1.0,1,0.16041251548763652,51
2602,1,5633,1980,3653,0,0,0,1.0,1,1.0,1,1.0,1,0.1572931786734626,52
2603,4,5637,1980,3657,0,0,0,1.0,1,1.0,1,1.0,1,0.16648253861988838,53
2604,2,5639,1980,3659,0,0,0,1.0,1,1.0,1,1.0,1,0.16648253861988838,53
2605,2,5641,1980,3661,0,0,0,1.0,1,1.0,1,1.0,1,0.1938395241385067,52
2606,3,5644,1980,3664,0,0,0,1.0,1,1.0,1,1.0,1,0.1803929496318613,52
2607,2,5646,1981,3665,0,0,0,1.0,1,1.0,1,1.0,1,0.16460486614186334,52
2608,2,5648,1981,3667,0,0,0,1.0,1,1.0,1,1.0,1,0.1304364233942747,52
2609,4,5652,1981,3671,0,0,0,1.0,1,1.0,1,1.0,1,0.10071941690196301,53
2610,2,5654,1982,3672,0,0,0,1.0,1,1.0,1,1.0,1,0.11510725877614301,54
2611,3,5657,1984,3673,0,0,0,1.0,1,1.0,1,1.0,1,0.0946688635476464,54
2612,1,5658,1985,3673,0,0,0,1.0,1,1.0,1,1.0,1,0.10700110883958151,56
2613,5,5663,1988,3675,0,0,0,1.0,1,1.0,1,1.0,1,0.15093575458369532,56
2614,10,5673,1989,3684,0,0,0,1.0,1,1.0,1,1.0,1,0.144976781581359,56
2615,3,5676,1989,3687,0,0,0,1.0,1,1.0,1,1.0,1,0.11458926149482296,57
2616,5,5681,1990,3691,0,0,0,1.0,1,1.0,1,1.0,1,0.11755437553491378,57
2617,5,5686,1991,3695,0,0,0,1.0,1,1.0,1,1.0,1,0.10306020280596538,58
2618,0,5686,1991,3695,0,0,0,1.0,1,1.0,1,1.0,1,0.10306020280596538,58
2619,1,5687,1991,3696,0,0,0,1.0,1,1.0,1,1.0,1,0.1168874021633969,58
2620,1,5688,1991,3697,0,0,0,1.0,1,1.0,1,1.0,1,0.1119493051549504,60
2621,2,5690,1991,3699,0,0,0,1.0,1,1.0,1,1.0,1,0.07773454056512973,59
2622,1,5691,1991,3700,0,0,0,1.0,1,1.0,1,1.0,1,0.09230558318401642,60
2623,1,5692,1992,3700,0,0,0,1.0,1,1.0,1,1.0,1,0.08129714433463639,59
2624,1,5693,1993,3700,0,0,0,1.0,1,1.0,1,1.0,1,0.11376944328769024,58
2625,5,5698,1996,3702,0,0,0,1.0,1,1.0,1,1.0,1,0.10236813061938416,58
2626,4,5702,1999,3703,0,0,0,1.0,1,1.0,1,1.0,1,0.12339143225844981,57
2627,0,5702,1999,3703,0,0,0,1.0,1,1.0,1,1.0,1,0.11703111393169364,55
2628,7,5709,2003,3706,0,0,0,1.0,1,1.0,1,1.0,1,0.13002586327217833,55
2629,1,5710,2003,3707,0,0,0,1.0,1,1.0,1,1.0,1,0.13775438147572075,54
2630,2,5712,2003,3709,0,0,0,1.0,1,1.0,1,1.0,1,0.14069843849569796,55
2631,2,5714,2004,3710,0,0,0,1.0,1,1.0,1,1.0,1,0.12436293597211283,55
2632,1,5715,2005,3710,0,0,0,1.0,1,1.0,1,1.0,1,0.14629648480713228,55
2633,2,5717,2006,3711,0,0,0,1.0,1,1.0,1,1.0,1,0.11061808614682028,53
2634,1,5718,2006,3712,0,0,0,1.0,1,1.0,1,1.0,1,0.11140086440882102,52
2635,1,5719,2006,3713,0,0,0,1.0,1,1.0,1,1.0,1,0.08504752214743623,52
2636,2,5721,2008,3713,0,0,0,1.0,1,1.0,1,1.0,1,0.10525493288019448,51
2637,1,5722,2009,3713,0,0,0,1.0,1,1.0,1,1.0,1,0.09230035840544264,50
2638,1,5723,2010,3713,0,0,0,1.0,1,1.0,1,1.0,1,0.12833572126646514,48
2639,3,5726,2012,3714,0,0,0,1.0,1,1.0,1,1.0,1,0.14941370680145222,48
2640,1,5727,2013,3714,0,0,0,1.0,1,1.0,1,1.0,1,0.15791473588582677,46
2641,10,5737,2016,3721,0,0,0,1.0,1,1.0,1,1.0,1,0.1262586920293943,46
2642,10,5747,2021,3726,0,0,0,1.0,1,1.0,1,1.0,1,0.14018868325167802,47
2643,9,5756,2023,3733,0,0,0,1.0,1,1.0,1,1.0,1,0.18563850157231285,45
2644,6,5762,2026,3736,0,0,0,1.0,1,1.0,1,1.0,1,0.23574972693127916,44
2645,6,5768,2027,3741,0,0,0,1.0,1,1.0,1,1.0,1,0.20552902308289378,42
2646,3,5771,2027,3744,0,0,0,1.0,1,1.0,1,1.0,1,0.18000441879052456,43
2647,1,5772,2027,3745,0,0,0,1.0,1,1.0,1,1.0,1,0.14013610287215936,40
2648,0,5772,2027,3745,0,0,0,1.0,1,1.0,1,1.0,1,0.11868202329956566,41
2649,1,5773,2027,3746,0,0,0,1.0,1,1.0,1,1.0,1,0.11094477197147924,43
2650,2,5775,2027,3748,0,0,0,1.0,1,1.0,1,1.0,1,0.10832777490198042,43
2651,0,5775,2027,3748,0,0,0,1.0,1,1.0,1,1.0,1,0.10430732178318276,44
2652,0,5775,2027,3748,0,0,0,1.0,1,1.0,1,1.0,1,0.10430732178318276,44
2653,0,5775,2027,3748,0,0,0,1.0,1,1.0,1,1.0,1,0.10430732178318276,44
2654,3,5778,2028,3750,0,0,0,1.0,1,1.0,1,1.0,1,0.12228939927767554,45
2655,2,5780,2029,3751,0,0,0,1.0,1,1.0,1,1.0,1,0.10305562855286929,45
2656,1,5781,2030,3751,0,0,0,1.0,1,1.0,1,1.0,1,0.11896701807375938,45
2657,0,5781,2030,3751,0,0,0,1.0,1,1.0,1,1.0,1,0.14450378624994048,45
2658,1,5782,2030,3752,0,0,0,1.0,1,1.0,1,1.0,1,0.13492385768801765,47
2659,0,5782,2030,3752,0,0,0,1.0,1,1.0,1,1.0,1,0.15437974069937455,46
2660,0,5782,2030,3752,0,0,0,1.0,1,1.0,1,1.0,1,0.15437974069937455,46
2661,2,5784,2030,3754,0,0,0,1.0,1,1.0,1,1.0,1,0.13437764871009925,46
2662,3,5787,2032,3755,0,0,0,1.0,1,1.0,1,1.0,1,0.12204780787117797,47
2663,6,5793,2033,3760,0,0,0,1.0,1,1.0,1,1.0,1,0.10435718669522413,46
2664,6,5799,2036,3763,0,0,0,1.0,1,1.0,1,1.0,1,0.12646425491714194,45
2665,3,5802,2039,3763,0,0,0,1.0,1,1.0,1,1.0,1,0.11078391131118705,47
2666,7,5809,2043,3766,0,0,0,1.0,1,1.0,1,1.0,1,0.10508492120721438,47
2667,3,5812,2045,3767,0,0,0,1.0,1,1.0,1,1.0,1,0.14570390846431217,45
2668,2,5814,2046,3768,0,0,0,1.0,1,1.0,1,1.0,1,0.10447767094644533,45
2669,3,5817,2048,3769,0,0,0,1.0,1,1.0,1,1.0,1,0.1586931960114465,45
2670,4,5821,2050,3771,0,0,0,1.0,1,1.0,1,1.0,1,0.0940346250789456,45
2671,2,5823,2052,3771,0,0,0,1.0,1,1.0,1,1.0,1,0.17554890982135177,41
2672,4,5827,2054,3773,0,0,0,1.0,1,1.0,1,1.0,1,0.1202660363970776,40
2673,0,5827,2054,3773,0,0,0,1.0,1,1.0,1,1.0,1,0.1119753231601469,39
2674,1,5828,2055,3773,0,0,0,1.0,1,1.0,1,1.0,1,0.15050715971893264,37
2675,0,5828,2055,3773,0,0,0,1.0,1,1.0,1,1.0,1,0.14688634737040743,35
2676,2,5830,2056,3774,0,0,0,1.0,1,1.0,1,1.0,1,0.15644534018019435,34
2677,1,5831,2056,3775,0,0,0,1.0,1,1.0,1,1.0,1,0.15577827836538002,32
2678,2,5833,2057,3776,0,0,0,1.0,1,1.0,1,1.0,1,0.20995106191357216,33
2679,3,5836,2059,3777,0,0,0,1.0,1,1.0,1,1.0,1,0.2299604505848097,33
2680,5,5841,2062,3779,0,0,0,1.0,1,1.0,1,1.0,1,0.2544588264091362,33
2681,5,5846,2063,3783,0,0,0,1.0,1,1.0,1,1.0,1,0.13768162279573717,32
2682,1,5847,2063,3784,0,0,0,1.0,1,1.0,1,1.0,1,0.11225447914916804,32
2683,3,5850,2064,3786,0,0,0,1.0,1,1.0,1,1.0,1,0.2574501464267469,32
2684,3,5853,2064,3789,0,0,0,1.0,1,1.0,1,1.0,1,0.1618418919693982,31
2685,3,5856,2065,3791,0,0,0,1.0,1,1.0,1,1.0,1,0.16549162700147962,30
2686,3,5859,2065,3794,0,0,0,1.0,1,1.0,1,1.0,1,0.12228680406344775,29
2687,0,5859,2065,3794,0,0,0,1.0,1,1.0,1,1.0,1,0.1561674102868697,28
2688,0,5859,2065,3794,0,0,0,1.0,1,1.0,1,1.0,1,0.1561674102868697,28
2689,1,5860,2065,3795,0,0,0,1.0,1,1.0,1,1.0,1,0.20289278265699687,29
2690,0,5860,2065,3795,0,0,0,1.0,1,1.0,1,1.0,1,0.20289278265699687,29
2691,2,5862,2066,3796,0,0,0,1.0,1,1.0,1,1.0,1,0.16654144125500592,29
2692,2,5864,2066,3798,0,0,0,1.0,1,1.0,1,1.0,1,0.16859244716179264,31
2693,4,5868,2068,3800,0,0,0,1.0,1,1.0,1,1.0,1,0.2448777850093343,32
2694,4,5872,2068,3804,0,0,0,1.0,1,1.0,1,1.0,1,0.2448777850093343,32
2695,4,5876,2068,3808,0,0,0,1.0,1,1.0,1,1.0,1,0.22153926461648962,33
2696,5,5881,2069,3812,0,0,0,1.0,1,1.0,1,1.0,1,0.15311520506682139,33
2697,0,5881,2069,3812,0,0,0,1.0,1,1.0,1,1.0,1,0.1399294148592635,34
2698,1,5882,2070,3812,0,0,0,1.0,1,1.0,1,1.0,1,0.14399613728250468,34
2699,1,5883,2071,3812,0,0,0,1.0,1,1.0,1,1.0,1,0.17498041620285373,36
2700,1,5884,2071,3813,0,0,0,1.0,1,1.0,1,1.0,1,0.15470929421675064,36
2701,2,5886,2071,3815,0,0,0,1.0,1,1.0,1,1.0,1,0.1375635526894599,36
2702,1,5887,2072,3815,0,0,0,1.0,1,1.0,1,1.0,1,0.18477620714360005,36
2703,6,5893,2075,3818,0,0,0,1.0,1,1.0,1,1.0,1,0.19292001758167815,38
2704,3,5896,2076,3820,0,0,0,1.0,1,1.0,1,1.0,1,0.2219996406924873,37
2705,4,5900,2077,3823,0,0,0,1.0,1,1.0,1,1.0,1,0.13239111902729148,36
2706,2,5902,2078,3824,0,0,0,1.0,1,1.0,1,1.0,1,0.14101557109930682,34
2707,0,5902,2078,3824,0,0,0,1.0,1,1.0,1,1.0,1,0.15327825739892054,36
2708,3,5905,2080,3825,0,0,0,1.0,1,1.0,1,1.0,1,0.1446499123748407,36
2709,2,5907,2081,3826,0,0,0,1.0,1,1.0,1,1.0,1,0.12494991212681075,33
2710,2,5909,2083,3826,0,0,0,1.0,1,1.0,1,1.0,1,0.15839965888864452,32
2711,0,5909,2083,3826,0,0,0,1.0,1,1.0,1,1.0,1,0.136716471297831,29
2712,0,5909,2083,3826,0,0,0,1.0,1,1.0,1,1.0,1,0.16086747250177533,28
2713,0,5909,2083,3826,0,0,0,1.0,1,1.0,1,1.0,1,0.19230551098754636,28
2714,0,5909,2083,3826,0,0,0,1.0,1,1.0,1,1.0,1,0.2143323132474199,25
2715,2,5911,2085,3826,0,0,0,1.0,1,1.0,1,1.0,1,0.3425160504588823,24
2716,3,5914,2086,3828,0,0,0,1.0,1,1.0,1,1.0,1,0.25647702265432726,23
2717,2,5916,2087,3829,0,0,0,1.0,1,1.0,1,1.0,1,0.14929991951155494,24
2718,0,5916,2087,3829,0,0,0,1.0,1,1.0,1,1.0,1,0.14929991951155494,24
2719,3,5919,2087,3832,0,0,0,1.0,1,1.0,1,1.0,1,0.09577952716344391,25
2720,1,5920,2088,3832,0,0,0,1.0,1,1.0,1,1.0,1,0.14561353754352616,25
2721,2,5922,2090,3832,0,0,0,1.0,1,1.0,1,1.0,1,0.21062245059530488,26
2722,1,5923,2091,3832,0,0,0,1.0,1,1.0,1,1.0,1,0.23962698327249102,26
2723,3,5926,2093,3833,0,0,0,1.0,1,1.0,1,1.0,1,0.20864566616164318,26
2724,3,5929,2094,3835,0,0,0,1.0,1,1.0,1,1.0,1,0.1812076289929338,27
2725,1,5930,2094,3836,0,0,0,1.0,1,1.0,1,1.0,1,0.13536070378860413,27
2726,1,5931,2094,3837,0,0,0,1.0,1,1.0,1,1.0,1,0.10266195547519723,28
2727,0,5931,2094,3837,0,0,0,1.0,1,1.0,1,1.0,1,0.10702522954324092,29
2728,0,5931,2094,3837,0,0,0,1.0,1,1.0,1,1.0,1,0.12477780089265496,28
2729,0,5931,2094,3837,0,0,0,1.0,1,1.0,1,1.0,1,0.12477780089265496,28
2730,0,5931,2094,3837,0,0,0,1.0,1,1.0,1,1.0,1,0.1448181089033806,29
2731,1,5932,2094,3838,0,0,0,1.0,1,1.0,1,1.0,1,0.13165310232965177,30
2732,2,5934,2096,3838,0,0,0,1.0,1,1.0,1,1.0,1,0.19420986976396581,29
2733,1,5935,2097,3838,0,0,0,1.0,1,1.0,1,1.0,1,0.23626340913094676,29
2734,1,5936,2097,3839,0,0,0,1.0,1,1.0,1,1.0,1,0.21835989006386441,29
2735,1,5937,2098,3839,0,0,0,1.0,1,1.0,1,1.0,1,0.2531453741229432,29
2736,4,5941,2098,3843,0,0,0,1.0,1,1.0,1,1.0,1,0.15415625790797519,30
2737,0,5941,2098,3843,0,0,0,1.0,1,1.0,1,1.0,1,0.15415625790797519,30
2738,2,5943,2100,3843,0,0,0,1.0,1,1.0,1,1.0,1,0.19766639638122177,29
2739,2,5945,2100,3845,0,0,0,1.0,1,1.0,1,1.0,1,0.18195769177098814,30
2740,1,5946,2100,3846,0,0,0,1.0,1,1.0,1,1.0,1,0.19379535339107223,29
2741,1,5947,2100,3847,0,0,0,1.0,1,1.0,1,1.0,1,0.17724981439112272,29
2742,1,5948,2101,3847,0,0,0,1.0,1,1.0,1,1.0,1,0.18605735846109347,29
2743,1,5949,2101,3848,0,0,0,1.0,1,1.0,1,1.0,1,0.20092111268075802,30
2744,3,5952,2104,3848,0,0,0,1.0,1,1.0,1,1.0,1,0.3264185229457718,28
2745,1,5953,2104,3849,0,0,0,1.0,1,1.0,1,1.0,1,0.2970594228496636,27
2746,5,5958,2105,3853,0,0,0,1.0,1,1.0,1,1.0,1,0.21454929403187045,26
2747,2,5960,2106,3854,0,0,0,1.0,1,1.0,1,1.0,1,0.29046970235859815,22
2748,2,5962,2106,3856,0,0,0,1.0,1,1.0,1,1.0,1,0.3316144845797693,22
2749,2,5964,2106,3858,0,0,0,1.0,1,1.0,1,1.0,1,0.41913726496954445,20
2750,1,5965,2106,3859,0,0,0,1.0,1,1.0,1,1.0,1,0.4446950356037824,17
2751,1,5966,2106,3860,0,0,0,1.0,1,1.0,1,1.0,1,0.3906456306727556,17
2752,2,5968,2106,3862,0,0,0,1.0,1,1.0,1,1.0,1,0.24126642945992982,16
2753,2,5970,2107,3863,0,0,0,1.0,1,1.0,1,1.0,1,0.25656433577492826,16
2754,1,5971,2108,3863,0,0,0,1.0,1,1.0,1,1.0,1,0.34746043667776877,16
2755,2,5973,2108,3865,0,0,0,1.0,1,1.0,1,1.0,1,0.34746043667776877,16
2756,2,5975,2108,3867,0,0,0,1.0,1,1.0,1,1.0,1,0.2823282918486912,17
2757,1,5976,2108,3868,0,0,0,1.0,1,1.0,1,1.0,1,0.27202777737135475,18
2758,0,5976,2108,3868,0,0,0,1.0,1,1.0,1,1.0,1,0.27202777737135475,18
2759,1,5977,2109,3868,0,0,0,1.0,1,1.0,1,1.0,1,0.2909441043912374,19
2760,1,5978,2109,3869,0,0,0,1.0,1,1.0,1,1.0,1,0.28215466168993236,18
2761,0,5978,2109,3869,0,0,0,1.0,1,1.0,1,1.0,1,0.28215466168993236,18
2762,0,5978,2109,3869,0,0,0,1.0,1,1.0,1,1.0,1,0.28215466168993236,18
2763,0,5978,2109,3869,0,0,0,1.0,1,1.0,1,1.0,1,0.28215466168993236,18
2764,0,5978,2109,3869,0,0,0,1.0,1,1.0,1,1.0,1,0.28215466168993236,18
2765,2,5980,2109,3871,0,0,0,1.0,1,1.0,1,1.0,1,0.24497552458600402,18
2766,0,5980,2109,3871,0,0,0,1.0,1,1.0,1,1.0,1,0.24497552458600402,18
2767,0,5980,2109,3871,0,0,0,1.0,1,1.0,1,1.0,1,0.23710640423343463,17
2768,0,5980,2109,3871,0,0,0,1.0,1,1.0,1,1.0,1,0.23710640423343463,17
2769,0,5980,2109,3871,0,0,0,1.0,1,1.0,1,1.0,1,0.23710640423343463,17
2770,0,5980,2109,3871,0,0,0,1.0,1,1.0,1,1.0,1,0.23710640423343463,17
2771,0,5980,2109,3871,0,0,0,1.0,1,1.0,1,1.0,1,0.23710640423343463,17
2772,0,5980,2109,3871,0,0,0,1.0,1,1.0,1,1.0,1,0.23710640423343463,17
2773,2,5982,2111,3871,0,0,0,1.0,1,1.0,1,1.0,1,0.34493874735280733,17
2774,0,5982,2111,3871,0,0,0,1.0,1,1.0,1,1.0,1,0.3039530504262026,18
2775,2,5984,2112,3872,0,0,0,1.0,1,1.0,1,1.0,1,0.28440257250154305,20
2776,1,5985,2113,3872,0,0,0,1.0,1,1.0,1,1.0,1,0.30350779545573325,21
2777,3,5988,2114,3874,0,0,0,1.0,1,1.0,1,1.0,1,0.2986112633993941,21
2778,3,5991,2116,3875,0,0,0,1.0,1,1.0,1,1.0,1,0.31789513319407414,21
2779,1,5992,2117,3875,0,0,0,1.0,1,1.0,1,1.0,1,0.309618752532423,22
2780,2,5994,2117,3877,0,0,0,1.0,1,1.0,1,1.0,1,0.26505292104867817,22
2781,0,5994,2117,3877,0,0,0,1.0,1,1.0,1,1.0,1,0.26505292104867817,22
2782,0,5994,2117,3877,0,0,0,1.0,1,1.0,1,1.0,1,0.21622071827506498,23
2783,2,5996,2118,3878,0,0,0,1.0,1,1.0,1,1.0,1,0.1923820991059357,22
2784,3,5999,2120,3879,0,0,0,1.0,1,1.0,1,1.0,1,0.2637888084373237,21
2785,0,5999,2120,3879,0,0,0,1.0,1,1.0,1,1.0,1,0.2315770174998183,19
2786,0,5999,2120,3879,0,0,0,1.0,1,1.0,1,1.0,1,0.2315770174998183,19
2787,0,5999,2120,3879,0,0,0,1.0,1,1.0,1,1.0,1,0.21530579519037757,20
2788,0,5999,2120,3879,0,0,0,1.0,1,1.0,1,1.0,1,0.21530579519037757,20
2789,0,5999,2120,3879,0,0,0,1.0,1,1.0,1,1.0,1,0.247213873325896,19
2790,0,5999,2120,3879,0,0,0,1.0,1,1.0,1,1.0,1,0.2626700530503254,20
2791,1,6000,2121,3879,0,0,0,1.0,1,1.0,1,1.0,1,0.3203184223772146,20
2792,1,6001,2121,3880,0,0,0,1.0,1,1.0,1,1.0,1,0.25479059928902215,20
2793,0,6001,2121,3880,0,0,0,1.0,1,1.0,1,1.0,1,0.3016168408453342,19
2794,0,6001,2121,3880,0,0,0,1.0,1,1.0,1,1.0,1,0.29668411584473714,20
2795,0,6001,2121,3880,0,0,0,1.0,1,1.0,1,1.0,1,0.3157918329224535,21
2796,2,6003,2121,3882,0,0,0,1.0,1,1.0,1,1.0,1,0.24411862603546652,22
2797,0,6003,2121,3882,0,0,0,1.0,1,1.0,1,1.0,1,0.2889890371537728,21
2798,0,6003,2121,3882,0,0,0,1.0,1,1.0,1,1.0,1,0.2889890371537728,21
2799,0,6003,2121,3882,0,0,0,1.0,1,1.0,1,1.0,1,0.2718716106618447,20
2800,0,6003,2121,3882,0,0,0,1.0,1,1.0,1,1.0,1,0.2718716106618447,20
2801,2,6005,2121,3884,0,0,0,1.0,1,1.0,1,1.0,1,0.18971867431308584,20
2802,0,6005,2121,3884,0,0,0,1.0,1,1.0,1,1.0,1,0.18971867431308584,20
2803,1,6006,2122,3884,0,0,0,1.0,1,1.0,1,1.0,1,0.2501658152345772,21
2804,3,6009,2123,3886,0,0,0,1.0,1,1.0,1,1.0,1,0.21557243837390322,22
2805,0,6009,2123,3886,0,0,0,1.0,1,1.0,1,1.0,1,0.21557243837390322,22
2806,4,6013,2124,3889,0,0,0,1.0,1,1.0,1,1.0,1,0.11716552936683884,23
2807,3,6016,2126,3890,0,0,0,1.0,1,1.0,1,1.0,1,0.20839840772841112,24
2808,3,6019,2128,3891,0,0,0,1.0,1,1.0,1,1.0,1,0.21528199257190395,24
2809,1,6020,2128,3892,0,0,0,1.0,1,1.0,1,1.0,1,0.1930944293568214,26
2810,0,6020,2128,3892,0,0,0,1.0,1,1.0,1,1.0,1,0.15203233681985037,26
2811,0,6020,2128,3892,0,0,0,1.0,1,1.0,1,1.0,1,0.11971551909814422,27
2812,0,6020,2128,3892,0,0,0,1.0,1,1.0,1,1.0,1,0.11971551909814422,27
2813,0,6020,2128,3892,0,0,0,1.0,1,1.0,1,1.0,1,0.1430434387952581,28
2814,2,6022,2130,3892,0,0,0,1.0,1,1.0,1,1.0,1,0.2685462293327784,29
2815,4,6026,2130,3896,0,0,0,1.0,1,1.0,1,1.0,1,0.14981200226456098,30
2816,3,6029,2130,3899,0,0,0,1.0,1,1.0,1,1.0,1,0.12918399438223788,31
2817,1,6030,2130,3900,0,0,0,1.0,1,1.0,1,1.0,1,0.15394378471656123,31
2818,3,6033,2131,3902,0,0,0,1.0,1,1.0,1,1.0,1,0.12412903975973998,32
2819,0,6033,2131,3902,0,0,0,1.0,1,1.0,1,1.0,1,0.12412903975973998,32
2820,0,6033,2131,3902,0,0,0,1.0,1,1.0,1,1.0,1,0.1207746855929224,33
2821,0,6033,2131,3902,0,0,0,1.0,1,1.0,1,1.0,1,0.13041278372725873,34
2822,0,6033,2131,3902,0,0,0,1.0,1,1.0,1,1.0,1,0.14774980219050818,35
2823,1,6034,2132,3902,0,0,0,1.0,1,1.0,1,1.0,1,0.16382742995430655,31
2824,5,6039,2135,3904,0,0,0,1.0,1,1.0,1,1.0,1,0.23719031500166585,33
2825,1,6040,2135,3905,0,0,0,1.0,1,1.0,1,1.0,1,0.2023288100651619,31
2826,3,6043,2136,3907,0,0,0,1.0,1,1.0,1,1.0,1,0.19825002349297227,31
2827,1,6044,2136,3908,0,0,0,1.0,1,1.0,1,1.0,1,0.17050472529204996,32
2828,2,6046,2137,3909,0,0,0,1.0,1,1.0,1,1.0,1,0.22401045290340202,33
2829,4,6050,2139,3911,0,0,0,1.0,1,1.0,1,1.0,1,0.19875313133346503,33
2830,2,6052,2139,3913,0,0,0,1.0,1,1.0,1,1.0,1,0.23091259708469689,32
2831,4,6056,2140,3916,0,0,0,1.0,1,1.0,1,1.0,1,0.14070905487660074,31
2832,1,6057,2141,3916,0,0,0,1.0,1,1.0,1,1.0,1,0.11997049336859114,30
2833,1,6058,2142,3916,0,0,0,1.0,1,1.0,1,1.0,1,0.13049111402124464,29
2834,3,6061,2144,3917,0,0,0,1.0,1,1.0,1,1.0,1,0.2083576066847439,29
2835,1,6062,2145,3917,0,0,0,1.0,1,1.0,1,1.0,1,0.295460533814022,27
2836,5,6067,2145,3922,0,0,0,1.0,1,1.0,1,1.0,1,0.13556266192821834,27
2837,3,6070,2146,3924,0,0,0,1.0,1,1.0,1,1.0,1,0.15931194829527798,28
2838,3,6073,2147,3926,0,0,0,1.0,1,1.0,1,1.0,1,0.2077045947891266,29
2839,2,6075,2147,3928,0,0,0,1.0,1,1.0,1,1.0,1,0.23061602207685836,29
2840,3,6078,2147,3931,0,0,0,1.0,1,1.0,1,1.0,1,0.2529721216108037,29
2841,3,6081,2148,3933,0,0,0,1.0,1,1.0,1,1.0,1,0.1856281016792512,31
2842,3,6084,2148,3936,0,0,0,1.0,1,1.0,1,1.0,1,0.15664878207399796,32
2843,0,6084,2148,3936,0,0,0,1.0,1,1.0,1,1.0,1,0.15664878207399796,32
2844,1,6085,2148,3937,0,0,0,1.0,1,1.0,1,1.0,1,0.15253987429498225,33
2845,3,6088,2149,3939,0,0,0,1.0,1,1.0,1,1.0,1,0.11111879915617803,34
2846,1,6089,2150,3939,0,0,0,1.0,1,1.0,1,1.0,1,0.12416009902960368,34
2847,0,6089,2150,3939,0,0,0,1.0,1,1.0,1,1.0,1,0.1320600634404821,35
2848,3,6092,2151,3941,0,0,0,1.0,1,1.0,1,1.0,1,0.13951018264519727,37
2849,1,6093,2152,3941,0,0,0,1.0,1,1.0,1,1.0,1,0.16475957688078363,37
2850,0,6093,2152,3941,0,0,0,1.0,1,1.0,1,1.0,1,0.16475957688078363,37
2851,3,6096,2153,3943,0,0,0,1.0,1,1.0,1,1.0,1,0.10485412800242247,38
2852,0,6096,2153,3943,0,0,0,1.0,1,1.0,1,1.0,1,0.11920671726657778,36
2853,1,6097,2153,3944,0,0,0,1.0,1,1.0,1,1.0,1,0.14519891156279716,36
2854,1,6098,2153,3945,0,0,0,1.0,1,1.0,1,1.0,1,0.15988515921761837,37
2855,1,6099,2153,3946,0,0,0,1.0,1,1.0,1,1.0,1,0.16767530252866078,37
2856,1,6100,2153,3947,0,0,0,1.0,1,1.0,1,1.0,1,0.13482046184224747,38
2857,1,6101,2154,3947,0,0,0,1.0,1,1.0,1,1.0,1,0.18303369956132856,39
2858,3,6104,2154,3950,0,0,0,1.0,1,1.0,1,1.0,1,0.16428237689703598,39
2859,0,6104,2154,3950,0,0,0,1.0,1,1.0,1,1.0,1,0.16428237689703598,39
2860,1,6105,2154,3951,0,0,0,1.0,1,1.0,1,1.0,1,0.11144523819151197,40
2861,0,6105,2154,3951,0,0,0,1.0,1,1.0,1,1.0,1,0.08909112869754403,38
2862,9,6114,2162,3952,0,0,0,1.0,1,1.0,1,1.0,1,0.14687672887115708,38
2863,3,6117,2163,3954,0,0,0,1.0,1,1.0,1,1.0,1,0.16020796994431688,37
2864,6,6123,2169,3954,0,0,0,1.0,1,1.0,1,1.0,1,0.29318488491268907,35
2865,3,6126,2170,3956,0,0,0,1.0,1,1.0,1,1.0,1,0.2609644496634488,33
2866,5,6131,2171,3960,0,0,0,1.0,1,1.0,1,1.0,1,0.1503520075212339,31
2867,1,6132,2172,3960,0,0,0,1.0,1,1.0,1,1.0,1,0.1884094043780351,30
2868,2,6134,2174,3960,0,0,0,1.0,1,1.0,1,1.0,1,0.1934603869213712,31
2869,3,6137,2176,3961,0,0,0,1.0,1,1.0,1,1.0,1,0.24422555405144192,30
2870,0,6137,2176,3961,0,0,0,1.0,1,1.0,1,1.0,1,0.3032452325988392,26
2871,2,6139,2177,3962,0,0,0,1.0,1,1.0,1,1.0,1,0.2816329125123266,27
2872,0,6139,2177,3962,0,0,0,1.0,1,1.0,1,1.0,1,0.26864472361556774,25
2873,1,6140,2177,3963,0,0,0,1.0,1,1.0,1,1.0,1,0.27387477299947083,24
2874,0,6140,2177,3963,0,0,0,1.0,1,1.0,1,1.0,1,0.25579587979255747,25
2875,1,6141,2177,3964,0,0,0,1.0,1,1.0,1,1.0,1,0.2249125223973021,26
2876,2,6143,2178,3965,0,0,0,1.0,1,1.0,1,1.0,1,0.24450052542656178,28
2877,0,6143,2178,3965,0,0,0,1.0,1,1.0,1,1.0,1,0.2611675965662986,29
2878,2,6145,2178,3967,0,0,0,1.0,1,1.0,1,1.0,1,0.17087839043608155,31
2879,0,6145,2178,3967,0,0,0,1.0,1,1.0,1,1.0,1,0.17087839043608155,31
2880,0,6145,2178,3967,0,0,0,1.0,1,1.0,1,1.0,1,0.1741445675401026,32
2881,0,6145,2178,3967,0,0,0,1.0,1,1.0,1,1.0,1,0.17087218608065616,31
2882,0,6145,2178,3967,0,0,0,1.0,1,1.0,1,1.0,1,0.17087218608065616,31
2883,1,6146,2178,3968,0,0,0,1.0,1,1.0,1,1.0,1,0.21084035806415316,32
2884,1,6147,2179,3968,0,0,0,1.0,1,1.0,1,1.0,1,0.22740627868126537,32
2885,3,6150,2180,3970,0,0,0,1.0,1,1.0,1,1.0,1,0.19296731837457998,33
2886,5,6155,2182,3973,0,0,0,1.0,1,1.0,1,1.0,1,0.12900119666188173,34
2887,2,6157,2182,3975,0,0,0,1.0,1,1.0,1,1.0,1,0.0893576997910936,34
2888,0,6157,2182,3975,0,0,0,1.0,1,1.0,1,1.0,1,0.0893576997910936,34
2889,2,6159,2183,3976,0,0,0,1.0,1,1.0,1,1.0,1,0.11983442682288685,37
2890,1,6160,2183,3977,0,0,0,1.0,1,1.0,1,1.0,1,0.09106710618280929,37
2891,5,6165,2186,3979,0,0,0,1.0,1,1.0,1,1.0,1,0.16592984250258777,37
2892,0,6165,2186,3979,0,0,0,1.0,1,1.0,1,1.0,1,0.16592984250258777,37
2893,1,6166,2186,3980,0,0,0,1.0,1,1.0,1,1.0,1,0.16600476032213152,38
2894,0,6166,2186,3980,0,0,0,1.0,1,1.0,1,1.0,1,0.15251087906320138,39
2895,1,6167,2187,3980,0,0,0,1.0,1,1.0,1,1.0,1,0.1257380004684807,40
2896,2,6169,2188,3981,0,0,0,1.0,1,1.0,1,1.0,1,0.13662390288801907,41
2897,2,6171,2189,3982,0,0,0,1.0,1,1.0,1,1.0,1,0.13524431698934647,41
2898,3,6174,2190,3984,0,0,0,1.0,1,1.0,1,1.0,1,0.09282788116946768,41
2899,0,6174,2190,3984,0,0,0,1.0,1,1.0,1,1.0,1,0.08413632679028078,39
2900,3,6177,2192,3985,0,0,0,1.0,1,1.0,1,1.0,1,0.16052233621799972,40
2901,1,6178,2192,3986,0,0,0,1.0,1,1.0,1,1.0,1,0.14543963936285248,40
2902,2,6180,2194,3986,0,0,0,1.0,1,1.0,1,1.0,1,0.2665946851360428,38
2903,1,6181,2194,3987,0,0,0,1.0,1,1.0,1,1.0,1,0.18928078054570613,36
2904,2,6183,2195,3988,0,0,0,1.0,1,1.0,1,1.0,1,0.21576574725725395,36
2905,1,6184,2196,3988,0,0,0,1.0,1,1.0,1,1.0,1,0.1537183791841444,35
2906,1,6185,2196,3989,0,0,0,1.0,1,1.0,1,1.0,1,0.1460782343748643,36
2907,1,6186,2197,3989,0,0,0,1.0,1,1.0,1,1.0,1,0.1905786424690276,37
2908,3,6189,2198,3991,0,0,0,1.0,1,1.0,1,1.0,1,0.2240095793277167,38
2909,1,6190,2199,3991,0,0,0,1.0,1,1.0,1,1.0,1,0.257532286565212,37
2910,2,6192,2200,3992,0,0,0,1.0,1,1.0,1,1.0,1,0.2273295521316075,37
2911,5,6197,2200,3997,0,0,0,1.0,1,1.0,1,1.0,1,0.20214669570380014,36
2912,3,6200,2203,3997,0,0,0,1.0,1,1.0,1,1.0,1,0.21888777881876478,36
2913,1,6201,2203,3998,0,0,0,1.0,1,1.0,1,1.0,1,0.177649309256744,36
2914,2,6203,2203,4000,0,0,0,1.0,1,1.0,1,1.0,1,0.1541594223001642,38
2915,1,6204,2204,4000,0,0,0,1.0,1,1.0,1,1.0,1,0.139044232831207,37
2916,1,6205,2204,4001,0,0,0,1.0,1,1.0,1,1.0,1,0.12092806780366169,39
2917,4,6209,2205,4004,0,0,0,1.0,1,1.0,1,1.0,1,0.10995031634068869,40
2918,3,6212,2207,4005,0,0,0,1.0,1,1.0,1,1.0,1,0.18017194184180604,40
2919,3,6215,2208,4007,0,0,0,1.0,1,1.0,1,1.0,1,0.12606872572306574,42
2920,1,6216,2208,4008,0,0,0,1.0,1,1.0,1,1.0,1,0.13683264233490444,42
2921,3,6219,2208,4011,0,0,0,1.0,1,1.0,1,1.0,1,0.0833635628237297,42
2922,0,6219,2208,4011,0,0,0,1.0,1,1.0,1,1.0,1,0.06239794038000271,43
2923,0,6219,2208,4011,0,0,0,1.0,1,1.0,1,1.0,1,0.077058147586611,45
2924,0,6219,2208,4011,0,0,0,1.0,1,1.0,1,1.0,1,0.0809111529685652,46
2925,0,6219,2208,4011,0,0,0,1.0,1,1.0,1,1.0,1,0.0809111529685652,46
2926,0,6219,2208,4011,0,0,0,1.0,1,1.0,1,1.0,1,0.0809111529685652,46
2927,2,6221,2209,4012,0,0,0,1.0,1,1.0,1,1.0,1,0.11628171480002919,48
2928,3,6224,2211,4013,0,0,0,1.0,1,1.0,1,1.0,1,0.12502571647026953,48
2929,0,6224,2211,4013,0,0,0,1.0,1,1.0,1,1.0,1,0.12502571647026953,48
2930,3,6227,2211,4016,0,0,0,1.0,1,1.0,1,1.0,1,0.1132832560718619,50
2931,2,6229,2212,4017,0,0,0,1.0,1,1.0,1,1.0,1,0.13155654028820926,51
2932,1,6230,2213,4017,0,0,0,1.0,1,1.0,1,1.0,1,0.15976436318954862,52
2933,0,6230,2213,4017,0,0,0,1.0,1,1.0,1,1.0,1,0.163309696727411,53
2934,2,6232,2214,4018,0,0,0,1.0,1,1.0,1,1.0,1,0.18512274990132951,54
2935,5,6237,2216,4021,0,0,0,1.0,1,1.0,1,1.0,1,0.19973097209346014,53
2936,5,6242,2217,4025,0,0,0,1.0,1,1.0,1,1.0,1,0.17112963348542157,53
2937,0,6242,2217,4025,0,0,0,1.0,1,1.0,1,1.0,1,0.18873734034816914,51
2938,2,6244,2218,4026,0,0,0,1.0,1,1.0,1,1.0,1,0.21350028299052262,53
2939,3,6247,2219,4028,0,0,0,1.0,1,1.0,1,1.0,1,0.21436591042836878,52
2940,0,6247,2219,4028,0,0,0,1.0,1,1.0,1,1.0,1,0.21436591042836878,52
2941,7,6254,2219,4035,0,0,0,1.0,1,1.0,1,1.0,1,0.15956010129401568,50
2942,4,6258,2220,4038,0,0,0,1.0,1,1.0,1,1.0,1,0.1883148894898727,50
2943,3,6261,2221,4040,0,0,0,1.0,1,1.0,1,1.0,1,0.1880806119187009,49
2944,6,6267,2221,4046,0,0,0,1.0,1,1.0,1,1.0,1,0.13405180310318646,48
2945,5,6272,2222,4050,0,0,0,1.0,1,1.0,1,1.0,1,0.1355217528808551,48
2946,7,6279,2224,4055,0,0,0,1.0,1,1.0,1,1.0,1,0.0846188902567946,47
2947,0,6279,2224,4055,0,0,0,1.0,1,1.0,1,1.0,1,0.09285580297380384,47
2948,1,6280,2224,4056,0,0,0,1.0,1,1.0,1,1.0,1,0.10818154396924475,48
2949,1,6281,2224,4057,0,0,0,1.0,1,1.0,1,1.0,1,0.10689088685563199,48
2950,0,6281,2224,4057,0,0,0,1.0,1,1.0,1,1.0,1,0.10689088685563199,48
2951,1,6282,2225,4057,0,0,0,1.0,1,1.0,1,1.0,1,0.15537045703013092,50
2952,0,6282,2225,4057,0,0,0,1.0,1,1.0,1,1.0,1,0.15537045703013092,50
2953,3,6285,2226,4059,0,0,0,1.0,1,1.0,1,1.0,1,0.1694600520342958,51
2954,1,6286,2226,4060,0,0,0,1.0,1,1.0,1,1.0,1,0.14970977065869526,51
2955,2,6288,2227,4061,0,0,0,1.0,1,1.0,1,1.0,1,0.16166292235179133,51
2956,3,6291,2228,4063,0,0,0,1.0,1,1.0,1,1.0,1,0.15580753121050725,51
2957,4,6295,2228,4067,0,0,0,1.0,1,1.0,1,1.0,1,0.12762505195967255,52
2958,2,6297,2229,4068,0,0,0,1.0,1,1.0,1,1.0,1,0.13265642988845316,52
2959,2,6299,2229,4070,0,0,0,1.0,1,1.0,1,1.0,1,0.1040997966528664,53
2960,1,6300,2229,4071,0,0,0,1.0,1,1.0,1,1.0,1,0.09421133994088388,52
2961,2,6302,2229,4073,0,0,0,1.0,1,1.0,1,1.0,1,0.06468648888621056,53
2962,0,6302,2229,4073,0,0,0,1.0,1,1.0,1,1.0,1,0.08035919981934932,54
2963,3,6305,2231,4074,0,0,0,1.0,1,1.0,1,1.0,1,0.10189995644100144,55
2964,3,6308,2231,4077,0,0,0,1.0,1,1.0,1,1.0,1,0.11472942334550101,55
2965,1,6309,2231,4078,0,0,0,1.0,1,1.0,1,1.0,1,0.13067801609576632,55
2966,1,6310,2231,4079,0,0,0,1.0,1,1.0,1,1.0,1,0.10155792475171573,55
2967,1,6311,2231,4080,0,0,0,1.0,1,1.0,1,1.0,1,0.1327416347679112,56
2968,0,6311,2231,4080,0,0,0,1.0,1,1.0,1,1.0,1,0.1327416347679112,56
2969,1,6312,2232,4080,0,0,0,1.0,1,1.0,1,1.0,1,0.15275317417530554,55
2970,2,6314,2232,4082,0,0,0,1.0,1,1.0,1,1.0,1,0.14760231268292306,57
2971,5,6319,2232,4087,0,0,0,1.0,1,1.0,1,1.0,1,0.11073368443774266,56
2972,0,6319,2232,4087,0,0,0,1.0,1,1.0,1,1.0,1,0.12240994113681358,57
2973,2,6321,2232,4089,0,0,0,1.0,1,1.0,1,1.0,1,0.12774990105159642,59
2974,3,6324,2233,4091,0,0,0,1.0,1,1.0,1,1.0,1,0.13597539954459786,60
2975,4,6328,2234,4094,0,0,0,1.0,1,1.0,1,1.0,1,0.18171985117232523,58
2976,6,6334,2234,4100,0,0,0,1.0,1,1.0,1,1.0,1,0.09195857617675138,59
2977,4,6338,2235,4103,0,0,0,1.0,1,1.0,1,1.0,1,0.05954359240199937,59
2978,1,6339,2235,4104,0,0,0,1.0,1,1.0,1,1.0,1,0.07168198705953609,58
2979,1,6340,2236,4104,0,0,0,1.0,1,1.0,1,1.0,1,0.07471067866880525,57
2980,0,6340,2236,4104,0,0,0,1.0,1,1.0,1,1.0,1,0.08356483628404125,56
2981,3,6343,2238,4105,0,0,0,1.0,1,1.0,1,1.0,1,0.10645396487636749,56
2982,1,6344,2239,4105,0,0,0,1.0,1,1.0,1,1.0,1,0.1204599043670802,57
2983,4,6348,2241,4107,0,0,0,1.0,1,1.0,1,1.0,1,0.16797999871763813,57
2984,1,6349,2242,4107,0,0,0,1.0,1,1.0,1,1.0,1,0.15341593527170932,56
2985,3,6352,2243,4109,0,0,0,1.0,1,1.0,1,1.0,1,0.16521919790839956,55
2986,10,6362,2246,4116,0,0,0,1.0,1,1.0,1,1.0,1,0.0984243387055551,55
2987,2,6364,2247,4117,0,0,0,1.0,1,1.0,1,1.0,1,0.14327857734718608,51
2988,5,6369,2247,4122,0,0,0,1.0,1,1.0,1,1.0,1,0.13333409815908162,52
2989,4,6373,2247,4126,0,0,0,1.0,1,1.0,1,1.0,1,0.16475584798670956,50
2990,5,6378,2249,4129,0,0,0,1.0,1,1.0,1,1.0,1,0.19306194615138905,50
2991,7,6385,2249,4136,0,0,0,1.0,1,1.0,1,1.0,1,0.12619963905004444,50
2992,3,6388,2249,4139,0,0,0,1.0,1,1.0,1,1.0,1,0.10655493574551718,50
2993,4,6392,2249,4143,0,0,0,1.0,1,1.0,1,1.0,1,0.10464811392557932,51
2994,7,6399,2250,4149,0,0,0,1.0,1,1.0,1,1.0,1,0.0926064792843932,51
2995,5,6404,2250,4154,0,0,0,1.0,1,1.0,1,1.0,1,0.095679345117697,51
2996,2,6406,2251,4155,0,0,0,1.0,1,1.0,1,1.0,1,0.0928460171426513,52
2997,2,6408,2252,4156,0,0,0,1.0,1,1.0,1,1.0,1,0.11695171777648286,52
2998,1,6409,2253,4156,0,0,0,1.0,1,1.0,1,1.0,1,0.15047225198268593,51
2999,1,6410,2253,4157,0,0,0,1.0,1,1.0,1,1.0,1,0.14076085555727705,51
3000,0,6410,2253,4157,0,0,0,1.0,1,1.0,1,1.0,1,0.1463137860692277,52
3001,1,6411,2253,4158,0,0,0,1.0,1,1.0,1,1.0,1,0.1363178987834069,52
3002,1,6412,2254,4158,0,0,0,1.0,1,1.0,1,1.0,1,0.1796511324182337,53
3003,3,6415,2254,4161,0,0,0,1.0,1,1.0,1,1.0,1,0.14584065762048937,54
3004,1,6416,2254,4162,0,0,0,1.0,1,1.0,1,1.0,1,0.15435503283837892,55
3005,2,6418,2254,4164,0,0,0,1.0,1,1.0,1,1.0,1,0.13974845507441355,56
3006,6,6424,2256,4168,0,0,0,1.0,1,1.0,1,1.0,1,0.13953608421573097,57
3007,2,6426,2256,4170,0,0,0,1.0,1,1.0,1,1.0,1,0.11989098218840474,58
3008,4,6430,2258,4172,0,0,0,1.0,1,1.0,1,1.0,1,0.1331711525851543,59
3009,1,6431,2258,4173,0,0,0,1.0,1,1.0,1,1.0,1,0.11365988108334354,59
3010,2,6433,2258,4175,0,0,0,1.0,1,1.0,1,1.0,1,0.10433631324912684,59
3011,1,6434,2259,4175,0,0,0,1.0,1,1.0,1,1.0,1,0.12228770541604575,59
3012,2,6436,2259,4177,0,0,0,1.0,1,1.0,1,1.0,1,0.10146820100313347,61
3013,2,6438,2260,4178,0,0,0,1.0,1,1.0,1,1.0,1,0.10100897543971868,59
3014,3,6441,2261,4180,0,0,0,1.0,1,1.0,1,1.0,1,0.11422126022331784,60
3015,2,6443,2262,4181,0,0,0,1.0,1,1.0,1,1.0,1,0.1435510171247755,58
3016,3,6446,2263,4183,0,0,0,1.0,1,1.0,1,1.0,1,0.1454331872267215,57
3017,1,6447,2264,4183,0,0,0,1.0,1,1.0,1,1.0,1,0.154358903340714,58
3018,1,6448,2264,4184,0,0,0,1.0,1,1.0,1,1.0,1,0.17270435484250152,55
3019,3,6451,2266,4185,0,0,0,1.0,1,1.0,1,1.0,1,0.19315965574517202,56
3020,2,6453,2266,4187,0,0,0,1.0,1,1.0,1,1.0,1,0.23014493511993314,55
3021,6,6459,2268,4191,0,0,0,1.0,1,1.0,1,1.0,1,0.20087126412079392,55
3022,4,6463,2270,4193,0,0,0,1.0,1,1.0,1,1.0,1,0.2279679913309183,55
3023,2,6465,2271,4194,0,0,0,1.0,1,1.0,1,1.0,1,0.21255166553936725,54
3024,2,6467,2272,4195,0,0,0,1.0,1,1.0,1,1.0,1,0.19989267889211396,54
3025,4,6471,2275,4196,0,0,0,1.0,1,1.0,1,1.0,1,0.1852987894572684,54
3026,2,6473,2275,4198,0,0,0,1.0,1,1.0,1,1.0,1,0.12451140575149137,53
3027,3,6476,2277,4199,0,0,0,1.0,1,1.0,1,1.0,1,0.10099852286672803,53
3028,1,6477,2277,4200,0,0,0,1.0,1,1.0,1,1.0,1,0.1076704499209125,51
3029,0,6477,2277,4200,0,0,0,1.0,1,1.0,1,1.0,1,0.10614092473179698,51
3030,2,6479,2278,4201,0,0,0,1.0,1,1.0,1,1.0,1,0.13263501854505372,52
3031,5,6484,2279,4205,0,0,0,1.0,1,1.0,1,1.0,1,0.1104804651234486,51
3032,1,6485,2279,4206,0,0,0,1.0,1,1.0,1,1.0,1,0.05775668190846746,50
3033,4,6489,2280,4209,0,0,0,1.0,1,1.0,1,1.0,1,0.052944697134625816,52
3034,2,6491,2281,4210,0,0,0,1.0,1,1.0,1,1.0,1,0.04211051003089996,51
3035,0,6491,2281,4210,0,0,0,1.0,1,1.0,1,1.0,1,0.04434644995611518,51
3036,2,6493,2281,4212,0,0,0,1.0,1,1.0,1,1.0,1,0.031550087437745844,53
3037,0,6493,2281,4212,0,0,0,1.0,1,1.0,1,1.0,1,0.03115778367204557,52
3038,1,6494,2282,4212,0,0,0,1.0,1,1.0,1,1.0,1,0.06964573938256895,52
3039,1,6495,2283,4212,0,0,0,1.0,1,1.0,1,1.0,1,0.0915056646798311,54
3040,0,6495,2283,4212,0,0,0,1.0,1,1.0,1,1.0,1,0.09660780874200924,55
3041,1,6496,2283,4213,0,0,0,1.0,1,1.0,1,1.0,1,0.09510714161947162,56
3042,2,6498,2284,4214,0,0,0,1.0,1,1.0,1,1.0,1,0.09770294561360317,56
3043,2,6500,2285,4215,0,0,0,1.0,1,1.0,1,1.0,1,0.08802880519860268,57
3044,2,6502,2287,4215,0,0,0,1.0,1,1.0,1,1.0,1,0.12739089427808478,57
3045,0,6502,2287,4215,0,0,0,1.0,1,1.0,1,1.0,1,0.14039057262199375,56
3046,0,6502,2287,4215,0,0,0,1.0,1,1.0,1,1.0,1,0.14683559146381583,57
3047,0,6502,2287,4215,0,0,0,1.0,1,1.0,1,1.0,1,0.16377999094331247,56
3048,8,6510,2289,4221,0,0,0,1.0,1,1.0,1,1.0,1,0.12322602922262434,58
3049,5,6515,2291,4224,0,0,0,1.0,1,1.0,1,1.0,1,0.1288605396655097,59
3050,2,6517,2291,4226,0,0,0,1.0,1,1.0,1,1.0,1,0.10093269130782902,60
3051,3,6520,2292,4228,0,0,0,1.0,1,1.0,1,1.0,1,0.11710331706227013,59
3052,1,6521,2292,4229,0,0,0,1.0,1,1.0,1,1.0,1,0.12075914634501672,58
3053,2,6523,2294,4229,0,0,0,1.0,1,1.0,1,1.0,1,0.1777946787578502,57
3054,3,6526,2296,4230,0,0,0,1.0,1,1.0,1,1.0,1,0.19694682871788113,55
3055,2,6528,2297,4231,0,0,0,1.0,1,1.0,1,1.0,1,0.20959536715868704,54
3056,11,6539,2300,4239,0,0,0,1.0,1,1.0,1,1.0,1,0.16018800318009152,55
3057,4,6543,2301,4242,0,0,0,1.0,1,1.0,1,1.0,1,0.18286641282476712,54
3058,4,6547,2302,4245,0,0,0,1.0,1,1.0,1,1.0,1,0.2246625088037965,55
3059,5,6552,2302,4250,0,0,0,1.0,1,1.0,1,1.0,1,0.21513397711290802,56
3060,3,6555,2302,4253,0,0,0,1.0,1,1.0,1,1.0,1,0.2111983678248364,56
3061,3,6558,2303,4255,0,0,0,1.0,1,1.0,1,1.0,1,0.20818742746395763,56
3062,7,6565,2306,4259,0,0,0,1.0,1,1.0,1,1.0,1,0.21257991750291821,57
3063,6,6571,2306,4265,0,0,0,1.0,1,1.0,1,1.0,1,0.14948635021460474,55
3064,4,6575,2308,4267,0,0,0,1.0,1,1.0,1,1.0,1,0.15970111716427243,56
3065,0,6575,2308,4267,0,0,0,1.0,1,1.0,1,1.0,1,0.14919102810489415,55
3066,2,6577,2309,4268,0,0,0,1.0,1,1.0,1,1.0,1,0.15550756133331245,55
3067,3,6580,2310,4270,0,0,0,1.0,1,1.0,1,1.0,1,0.13868519510003727,54
3068,5,6585,2313,4272,0,0,0,1.0,1,1.0,1,1.0,1,0.16594649591381574,53
3069,2,6587,2315,4272,0,0,0,1.0,1,1.0,1,1.0,1,0.20398127512385972,51
3070,1,6588,2315,4273,0,0,0,1.0,1,1.0,1,1.0,1,0.17556978709582485,50
3071,6,6594,2316,4278,0,0,0,1.0,1,1.0,1,1.0,1,0.10797858864432944,51
3072,1,6595,2316,4279,0,0,0,1.0,1,1.0,1,1.0,1,0.11271092890580026,53
3073,3,6598,2316,4282,0,0,0,1.0,1,1.0,1,1.0,1,0.1367334103082496,51
3074,3,6601,2316,4285,0,0,0,1.0,1,1.0,1,1.0,1,0.1531088106076847,50
3075,5,6606,2317,4289,0,0,0,1.0,1,1.0,1,1.0,1,0.13289447436433188,52
3076,5,6611,2318,4293,0,0,0,1.0,1,1.0,1,1.0,1,0.131197996402514,53
3077,0,6611,2318,4293,0,0,0,1.0,1,1.0,1,1.0,1,0.1386929289375372,52
3078,0,6611,2318,4293,0,0,0,1.0,1,1.0,1,1.0,1,0.15119327863276655,53
3079,1,6612,2319,4293,0,0,0,1.0,1,1.0,1,1.0,1,0.16239190958485086,53
3080,3,6615,2319,4296,0,0,0,1.0,1,1.0,1,1.0,1,0.18227534173462623,52
3081,4,6619,2320,4299,0,0,0,1.0,1,1.0,1,1.0,1,0.15682486112544122,54
3082,4,6623,2323,4300,0,0,0,1.0,1,1.0,1,1.0,1,0.21174722307938537,54
3083,2,6625,2323,4302,0,0,0,1.0,1,1.0,1,1.0,1,0.19066370391216522,54
3084,1,6626,2324,4302,0,0,0,1.0,1,1.0,1,1.0,1,0.20285641294525922,55
3085,6,6632,2326,4306,0,0,0,1.0,1,1.0,1,1.0,1,0.25467180572745074,55
3086,7,6639,2326,4313,0,0,0,1.0,1,1.0,1,1.0,1,0.1618875991483502,56
3087,0,6639,2326,4313,0,0,0,1.0,1,1.0,1,1.0,1,0.17699881146551896,57
3088,0,6639,2326,4313,0,0,0,1.0,1,1.0,1,1.0,1,0.1729760630727471,56
3089,0,6639,2326,4313,0,0,0,1.0,1,1.0,1,1.0,1,0.19435080938671642,55
3090,2,6641,2326,4315,0,0,0,1.0,1,1.0,1,1.0,1,0.18902418983939825,54
3091,0,6641,2326,4315,0,0,0,1.0,1,1.0,1,1.0,1,0.2027087873476379,53
3092,1,6642,2326,4316,0,0,0,1.0,1,1.0,1,1.0,1,0.1692869769863521,56
3093,0,6642,2326,4316,0,0,0,1.0,1,1.0,1,1.0,1,0.1692869769863521,56
3094,1,6643,2326,4317,0,0,0,1.0,1,1.0,1,1.0,1,0.17602119563138144,58
3095,5,6648,2326,4322,0,0,0,1.0,1,1.0,1,1.0,1,0.14274176886306733,59
3096,0,6648,2326,4322,0,0,0,1.0,1,1.0,1,1.0,1,0.15150896469409234,60
3097,0,6648,2326,4322,0,0,0,1.0,1,1.0,1,1.0,1,0.16459786873642424,60
3098,0,6648,2326,4322,0,0,0,1.0,1,1.0,1,1.0,1,0.1951477904510277,58
3099,0,6648,2326,4322,0,0,0,1.0,1,1.0,1,1.0,1,0.21129148149851892,57
3100,0,6648,2326,4322,0,0,0,1.0,1,1.0,1,1.0,1,0.21129148149851892,57
3101,3,6651,2328,4323,0,0,0,1.0,1,1.0,1,1.0,1,0.18509336101131754,58
3102,6,6657,2330,4327,0,0,0,1.0,1,1.0,1,1.0,1,0.20786362728062677,59
3103,6,6663,2330,4333,0,0,0,1.0,1,1.0,1,1.0,1,0.1216738200622287,58
3104,8,6671,2334,4337,0,0,0,1.0,1,1.0,1,1.0,1,0.1427684637366115,58
3105,5,6676,2335,4341,0,0,0,1.0,1,1.0,1,1.0,1,0.12396906202203863,56
3106,3,6679,2337,4342,0,0,0,1.0,1,1.0,1,1.0,1,0.11492653854167048,57
3107,4,6683,2340,4343,0,0,0,1.0,1,1.0,1,1.0,1,0.09830904547363774,55
3108,5,6688,2343,4345,0,0,0,1.0,1,1.0,1,1.0,1,0.12714165285572498,55
3109,2,6690,2344,4346,0,0,0,1.0,1,1.0,1,1.0,1,0.11259192812934977,54
3110,2,6692,2345,4347,0,0,0,1.0,1,1.0,1,1.0,1,0.07477943791243837,54
3111,3,6695,2347,4348,0,0,0,1.0,1,1.0,1,1.0,1,0.123033022671918,54
3112,8,6703,2352,4351,0,0,0,1.0,1,1.0,1,1.0,1,0.13805659914372959,56
3113,7,6710,2355,4355,0,0,0,1.0,1,1.0,1,1.0,1,0.15304693359049001,55
3114,5,6715,2357,4358,0,0,0,1.0,1,1.0,1,1.0,1,0.17812337625979927,54
3115,4,6719,2357,4362,0,0,0,1.0,1,1.0,1,1.0,1,0.1699829751110454,56
3116,8,6727,2359,4368,0,0,0,1.0,1,1.0,1,1.0,1,0.08564065196386252,56
3117,2,6729,2359,4370,0,0,0,1.0,1,1.0,1,1.0,1,0.12787062269889915,58
3118,1,6730,2359,4371,0,0,0,1.0,1,1.0,1,1.0,1,0.11158114404388678,57
3119,2,6732,2359,4373,0,0,0,1.0,1,1.0,1,1.0,1,0.11158114404388678,57
3120,2,6734,2359,4375,0,0,0,1.0,1,1.0,1,1.0,1,0.09358502688907791,56
3121,0,6734,2359,4375,0,0,0,1.0,1,1.0,1,1.0,1,0.0939354205259529,57
3122,1,6735,2359,4376,0,0,0,1.0,1,1.0,1,1.0,1,0.08085180036916167,57
3123,0,6735,2359,4376,0,0,0,1.0,1,1.0,1,1.0,1,0.08085180036916167,57
3124,0,6735,2359,4376,0,0,0,1.0,1,1.0,1,1.0,1,0.08134280641689473,59
3125,6,6741,2361,4380,0,0,0,1.0,1,1.0,1,1.0,1,0.08985930160136799,61
3126,5,6746,2363,4383,0,0,0,1.0,1,1.0,1,1.0,1,0.07869729957500227,60
3127,1,6747,2364,4383,0,0,0,1.0,1,1.0,1,1.0,1,0.08222321149272958,58
3128,1,6748,2364,4384,0,0,0,1.0,1,1.0,1,1.0,1,0.11049439200110352,58
3129,0,6748,2364,4384,0,0,0,1.0,1,1.0,1,1.0,1,0.1166945679893097,56
3130,2,6750,2364,4386,0,0,0,1.0,1,1.0,1,1.0,1,0.11775788072372798,56
3131,3,6753,2364,4389,0,0,0,1.0,1,1.0,1,1.0,1,0.07441820412249346,55
3132,1,6754,2365,4389,0,0,0,1.0,1,1.0,1,1.0,1,0.1022295801675077,53
3133,0,6754,2365,4389,0,0,0,1.0,1,1.0,1,1.0,1,0.12506814980241945,52
3134,2,6756,2366,4390,0,0,0,1.0,1,1.0,1,1.0,1,0.13614929366867282,52
3135,1,6757,2366,4391,0,0,0,1.0,1,1.0,1,1.0,1,0.12004158398725341,53
3136,7,6764,2369,4395,0,0,0,1.0,1,1.0,1,1.0,1,0.1031532447386145,54
3137,2,6766,2370,4396,0,0,0,1.0,1,1.0,1,1.0,1,0.09493176037042889,55
3138,5,6771,2373,4398,0,0,0,1.0,1,1.0,1,1.0,1,0.15126442561380912,57
3139,3,6774,2373,4401,0,0,0,1.0,1,1.0,1,1.0,1,0.16622127775379059,56
3140,2,6776,2373,4403,0,0,0,1.0,1,1.0,1,1.0,1,0.1141738231546008,56
3141,4,6780,2375,4405,0,0,0,1.0,1,1.0,1,1.0,1,0.13049993869936022,56
3142,3,6783,2376,4407,0,0,0,1.0,1,1.0,1,1.0,1,0.11825657177200873,56
3143,2,6785,2378,4407,0,0,0,1.0,1,1.0,1,1.0,1,0.1461841492452169,56
3144,0,6785,2378,4407,0,0,0,1.0,1,1.0,1,1.0,1,0.1225326555881976,54
3145,2,6787,2379,4408,0,0,0,1.0,1,1.0,1,1.0,1,0.1403925992903418,55
3146,4,6791,2379,4412,0,0,0,1.0,1,1.0,1,1.0,1,0.08808682427269131,53
3147,1,6792,2379,4413,0,0,0,1.0,1,1.0,1,1.0,1,0.09951857569739098,54
3148,1,6793,2380,4413,0,0,0,1.0,1,1.0,1,1.0,1,0.10018513888696359,54
3149,1,6794,2381,4413,0,0,0,1.0,1,1.0,1,1.0,1,0.09252434836842609,53
3150,1,6795,2381,4414,0,0,0,1.0,1,1.0,1,1.0,1,0.07842383101431954,53
3151,1,6796,2381,4415,0,0,0,1.0,1,1.0,1,1.0,1,0.06364872346519365,53
3152,0,6796,2381,4415,0,0,0,1.0,1,1.0,1,1.0,1,0.07291653222529562,54
3153,0,6796,2381,4415,0,0,0,1.0,1,1.0,1,1.0,1,0.09325435895281822,53
3154,3,6799,2382,4417,0,0,0,1.0,1,1.0,1,1.0,1,0.09410581285930511,55
3155,0,6799,2382,4417,0,0,0,1.0,1,1.0,1,1.0,1,0.0871609412795177,56
3156,3,6802,2383,4419,0,0,0,1.0,1,1.0,1,1.0,1,0.07429874907876739,56
3157,0,6802,2383,4419,0,0,0,1.0,1,1.0,1,1.0,1,0.07429874907876739,56
3158,2,6804,2383,4421,0,0,0,1.0,1,1.0,1,1.0,1,0.04743714111550236,57
3159,0,6804,2383,4421,0,0,0,1.0,1,1.0,1,1.0,1,0.0638008891331785,56
3160,1,6805,2384,4421,0,0,0,1.0,1,1.0,1,1.0,1,0.11395772462631283,58
3161,3,6808,2385,4423,0,0,0,1.0,1,1.0,1,1.0,1,0.10891208707210842,59
3162,2,6810,2386,4424,0,0,0,1.0,1,1.0,1,1.0,1,0.10817972565606127,59
3163,3,6813,2388,4425,0,0,0,1.0,1,1.0,1,1.0,1,0.11283170648360823,59
3164,2,6815,2388,4427,0,0,0,1.0,1,1.0,1,1.0,1,0.10301540961251308,60
3165,2,6817,2390,4427,0,0,0,1.0,1,1.0,1,1.0,1,0.12377840299274648,58
3166,2,6819,2390,4429,0,0,0,1.0,1,1.0,1,1.0,1,0.09716221359084315,59
3167,3,6822,2392,4430,0,0,0,1.0,1,1.0,1,1.0,1,0.11140087867664564,57
3168,2,6824,2393,4431,0,0,0,1.0,1,1.0,1,1.0,1,0.10830529063166502,58
3169,1,6825,2394,4431,0,0,0,1.0,1,1.0,1,1.0,1,0.08937489124622676,57
3170,1,6826,2395,4431,0,0,0,1.0,1,1.0,1,1.0,1,0.05698993109392952,55
3171,5,6831,2399,4432,0,0,0,1.0,1,1.0,1,1.0,1,0.08167957127247757,56
3172,1,6832,2399,4433,0,0,0,1.0,1,1.0,1,1.0,1,0.0718728584167082,54
3173,2,6834,2401,4433,0,0,0,1.0,1,1.0,1,1.0,1,0.13119611717419197,53
3174,0,6834,2401,4433,0,0,0,1.0,1,1.0,1,1.0,1,0.1391657302049981,53
3175,3,6837,2402,4435,0,0,0,1.0,1,1.0,1,1.0,1,0.19969900645779853,52
3176,8,6845,2406,4439,0,0,0,1.0,1,1.0,1,1.0,1,0.12341763093038181,53
3177,3,6848,2407,4441,0,0,0,1.0,1,1.0,1,1.0,1,0.1378525629827591,52
3178,5,6853,2410,4443,0,0,0,1.0,1,1.0,1,1.0,1,0.15534669303085633,53
3179,4,6857,2410,4447,0,0,0,1.0,1,1.0,1,1.0,1,0.1722739141716002,54
3180,2,6859,2410,4449,0,0,0,1.0,1,1.0,1,1.0,1,0.17058518433894354,54
3181,5,6864,2410,4454,0,0,0,1.0,1,1.0,1,1.0,1,0.086392474216608,55
3182,1,6865,2411,4454,0,0,0,1.0,1,1.0,1,1.0,1,0.10307801840277615,54
3183,3,6868,2411,4457,0,0,0,1.0,1,1.0,1,1.0,1,0.08500071152229126,56
3184,6,6874,2414,4460,0,0,0,1.0,1,1.0,1,1.0,1,0.09694761098553815,54
3185,1,6875,2414,4461,0,0,0,1.0,1,1.0,1,1.0,1,0.0935639705340393,53
3186,4,6879,2415,4464,0,0,0,1.0,1,1.0,1,1.0,1,0.09225001569850032,52
3187,0,6879,2415,4464,0,0,0,1.0,1,1.0,1,1.0,1,0.12708157473807016,50
3188,3,6882,2417,4465,0,0,0,1.0,1,1.0,1,1.0,1,0.12875350499088245,50
3189,3,6885,2419,4466,0,0,0,1.0,1,1.0,1,1.0,1,0.14983446289941144,49
3190,2,6887,2420,4467,0,0,0,1.0,1,1.0,1,1.0,1,0.17193931684294528,50
3191,4,6891,2421,4470,0,0,0,1.0,1,1.0,1,1.0,1,0.16406426875548183,49
3192,1,6892,2421,4471,0,0,0,1.0,1,1.0,1,1.0,1,0.16004840555873232,49
3193,0,6892,2421,4471,0,0,0,1.0,1,1.0,1,1.0,1,0.15490090135936682,49
3194,3,6895,2423,4472,0,0,0,1.0,1,1.0,1,1.0,1,0.16800610284718379,50
3195,0,6895,2423,4472,0,0,0,1.0,1,1.0,1,1.0,1,0.1834289630622466,49
3196,2,6897,2423,4474,0,0,0,1.0,1,1.0,1,1.0,1,0.1737977548215987,49
3197,2,6899,2423,4476,0,0,0,1.0,1,1.0,1,1.0,1,0.11242455088942327,50
3198,2,6901,2423,4478,0,0,0,1.0,1,1.0,1,1.0,1,0.08364989745708422,50
3199,6,6907,2423,4484,0,0,0,1.0,1,1.0,1,1.0,1,0.1097021118963676,52
3200,7,6914,2425,4489,0,0,0,1.0,1,1.0,1,1.0,1,0.13277633148987703,53
3201,3,6917,2425,4492,0,0,0,1.0,1,1.0,1,1.0,1,0.09979274639169325,55
3202,2,6919,2425,4494,0,0,0,1.0,1,1.0,1,1.0,1,0.10698149896512936,55
3203,2,6921,2425,4496,0,0,0,1.0,1,1.0,1,1.0,1,0.0892235090905343,53
3204,3,6924,2426,4498,0,0,0,1.0,1,1.0,1,1.0,1,0.12817244462951866,53
3205,3,6927,2428,4499,0,0,0,1.0,1,1.0,1,1.0,1,0.13964175620528477,53
3206,0,6927,2428,4499,0,0,0,1.0,1,1.0,1,1.0,1,0.1431274326678495,52
3207,2,6929,2429,4500,0,0,0,1.0,1,1.0,1,1.0,1,0.15764554426698546,53
3208,0,6929,2429,4500,0,0,0,1.0,1,1.0,1,1.0,1,0.22102670779893116,51
3209,2,6931,2429,4502,0,0,0,1.0,1,1.0,1,1.0,1,0.20247521250920936,52
3210,0,6931,2429,4502,0,0,0,1.0,1,1.0,1,1.0,1,0.1842022155265238,49
3211,6,6937,2431,4506,0,0,0,1.0,1,1.0,1,1.0,1,0.1633880399736315,48
3212,0,6937,2431,4506,0,0,0,1.0,1,1.0,1,1.0,1,0.16428122603251813,48
3213,2,6939,2432,4507,0,0,0,1.0,1,1.0,1,1.0,1,0.125933971197412,49
3214,4,6943,2433,4510,0,0,0,1.0,1,1.0,1,1.0,1,0.08458669423863927,51
3215,2,6945,2433,4512,0,0,0,1.0,1,1.0,1,1.0,1,0.08458669423863927,51
3216,2,6947,2434,4513,0,0,0,1.0,1,1.0,1,1.0,1,0.07688259284325534,51
3217,0,6947,2434,4513,0,0,0,1.0,1,1.0,1,1.0,1,0.07688259284325534,51
3218,0,6947,2434,4513,0,0,0,1.0,1,1.0,1,1.0,1,0.07688259284325534,51
3219,1,6948,2434,4514,0,0,0,1.0,1,1.0,1,1.0,1,0.08506602867422484,52
3220,0,6948,2434,4514,0,0,0,1.0,1,1.0,1,1.0,1,0.08506602867422484,52
3221,2,6950,2434,4516,0,0,0,1.0,1,1.0,1,1.0,1,0.07333052872540621,54
3222,0,6950,2434,4516,0,0,0,1.0,1,1.0,1,1.0,1,0.0596342254199148,54
3223,1,6951,2434,4517,0,0,0,1.0,1,1.0,1,1.0,1,0.06720981230354411,56
3224,1,6952,2435,4517,0,0,0,1.0,1,1.0,1,1.0,1,0.09268149315018624,57
3225,3,6955,2435,4520,0,0,0,1.0,1,1.0,1,1.0,1,0.10242585391508119,58
3226,1,6956,2435,4521,0,0,0,1.0,1,1.0,1,1.0,1,0.09437052474694752,58
3227,0,6956,2435,4521,0,0,0,1.0,1,1.0,1,1.0,1,0.09437052474694752,58
3228,0,6956,2435,4521,0,0,0,1.0,1,1.0,1,1.0,1,0.09437052474694752,58
3229,3,6959,2436,4523,0,0,0,1.0,1,1.0,1,1.0,1,0.1324662455229231,60
3230,0,6959,2436,4523,0,0,0,1.0,1,1.0,1,1.0,1,0.13090266769408682,61
3231,5,6964,2437,4527,0,0,0,1.0,1,1.0,1,1.0,1,0.10432275595066921,61
3232,0,6964,2437,4527,0,0,0,1.0,1,1.0,1,1.0,1,0.10432275595066921,61
3233,1,6965,2437,4528,0,0,0,1.0,1,1.0,1,1.0,1,0.10283832068019935,63
3234,1,6966,2438,4528,0,0,0,1.0,1,1.0,1,1.0,1,0.1442922344475539,64
3235,0,6966,2438,4528,0,0,0,1.0,1,1.0,1,1.0,1,0.1395822936398618,65
3236,3,6969,2438,4531,0,0,0,1.0,1,1.0,1,1.0,1,0.13024903112202318,66
3237,1,6970,2438,4532,0,0,0,1.0,1,1.0,1,1.0,1,0.11542618787004927,67
3238,0,6970,2438,4532,0,0,0,1.0,1,1.0,1,1.0,1,0.11542618787004927,67
3239,3,6973,2438,4535,0,0,0,1.0,1,1.0,1,1.0,1,0.11355599954533793,69
3240,1,6974,2439,4535,0,0,0,1.0,1,1.0,1,1.0,1,0.11798947587623199,69
3241,5,6979,2440,4539,0,0,0,1.0,1,1.0,1,1.0,1,0.11572576606888815,68
3242,1,6980,2440,4540,0,0,0,1.0,1,1.0,1,1.0,1,0.08815979417491367,67
3243,3,6983,2442,4541,0,0,0,1.0,1,1.0,1,1.0,1,0.09283098439769456,68
3244,2,6985,2442,4543,0,0,0,1.0,1,1.0,1,1.0,1,0.08442130572181217,68
3245,4,6989,2442,4547,0,0,0,1.0,1,1.0,1,1.0,1,0.07952481236935433,69
3246,2,6991,2443,4548,0,0,0,1.0,1,1.0,1,1.0,1,0.0859763597076236,68
3247,0,6991,2443,4548,0,0,0,1.0,1,1.0,1,1.0,1,0.0859763597076236,68
3248,1,6992,2444,4548,0,0,0,1.0,1,1.0,1,1.0,1,0.1041627066878059,68
3249,1,6993,2444,4549,0,0,0,1.0,1,1.0,1,1.0,1,0.1041112341555591,69
3250,1,6994,2444,4550,0,0,0,1.0,1,1.0,1,1.0,1,0.09988226749950112,69
3251,2,6996,2445,4551,0,0,0,1.0,1,1.0,1,1.0,1,0.11102027971770373,68
3252,0,6996,2445,4551,0,0,0,1.0,1,1.0,1,1.0,1,0.09539534194455022,68
3253,3,6999,2446,4553,0,0,0,1.0,1,1.0,1,1.0,1,0.08181822439269155,69
3254,0,6999,2446,4553,0,0,0,1.0,1,1.0,1,1.0,1,0.08181822439269155,69
3255,2,7001,2447,4554,0,0,0,1.0,1,1.0,1,1.0,1,0.07828166333586749,70
3256,3,7004,2448,4556,0,0,0,1.0,1,1.0,1,1.0,1,0.06983945869318199,70
3257,2,7006,2448,4558,0,0,0,1.0,1,1.0,1,1.0,1,0.07503697056785913,71
3258,5,7011,2450,4561,0,0,0,1.0,1,1.0,1,1.0,1,0.0912603558954,72
3259,3,7014,2451,4563,0,0,0,1.0,1,1.0,1,1.0,1,0.1043203371349365,71
3260,1,7015,2451,4564,0,0,0,1.0,1,1.0,1,1.0,1,0.12246616319638164,72
3261,4,7019,2451,4568,0,0,0,1.0,1,1.0,1,1.0,1,0.08396822996186831,74
3262,3,7022,2453,4569,0,0,0,1.0,1,1.0,1,1.0,1,0.09515933539346215,73
3263,2,7024,2455,4569,0,0,0,1.0,1,1.0,1,1.0,1,0.10794464201521764,73
3264,4,7028,2457,4571,0,0,0,1.0,1,1.0,1,1.0,1,0.1555870128326508,71
3265,3,7031,2459,4572,0,0,0,1.0,1,1.0,1,1.0,1,0.14505109411881878,70
3266,5,7036,2462,4574,0,0,0,1.0,1,1.0,1,1.0,1,0.12325249570680717,69
3267,3,7039,2464,4575,0,0,0,1.0,1,1.0,1,1.0,1,0.13824252677995097,69
3268,1,7040,2465,4575,0,0,0,1.0,1,1.0,1,1.0,1,0.15269290592788598,68
3269,4,7044,2466,4578,0,0,0,1.0,1,1.0,1,1.0,1,0.16582228586595504,68
3270,0,7044,2466,4578,0,0,0,1.0,1,1.0,1,1.0,1,0.1770022863383497,67
3271,5,7049,2466,4583,0,0,0,1.0,1,1.0,1,1.0,1,0.12031748153363588,66
3272,1,7050,2466,4584,0,0,0,1.0,1,1.0,1,1.0,1,0.1058011586805145,67
3273,3,7053,2467,4586,0,0,0,1.0,1,1.0,1,1.0,1,0.10751381633178157,66
3274,2,7055,2468,4587,0,0,0,1.0,1,1.0,1,1.0,1,0.11078278614960028,68
3275,2,7057,2468,4589,0,0,0,1.0,1,1.0,1,1.0,1,0.12564307816443224,68
3276,7,7064,2469,4595,0,0,0,1.0,1,1.0,1,1.0,1,0.07481749021438727,69
3277,1,7065,2470,4595,0,0,0,1.0,1,1.0,1,1.0,1,0.0974028985584987,68
3278,3,7068,2470,4598,0,0,0,1.0,1,1.0,1,1.0,1,0.09994329228661696,69
3279,3,7071,2471,4600,0,0,0,1.0,1,1.0,1,1.0,1,0.09609917404126853,67
3280,2,7073,2473,4600,0,0,0,1.0,1,1.0,1,1.0,1,0.1330174484145552,66
3281,9,7082,2476,4606,0,0,0,1.0,1,1.0,1,1.0,1,0.14910832439241015,67
3282,2,7084,2476,4608,0,0,0,1.0,1,1.0,1,1.0,1,0.12820104952600644,66
3283,1,7085,2477,4608,0,0,0,1.0,1,1.0,1,1.0,1,0.15885866002245952,67
3284,1,7086,2478,4608,0,0,0,1.0,1,1.0,1,1.0,1,0.13495174383706177,66
3285,0,7086,2478,4608,0,0,0,1.0,1,1.0,1,1.0,1,0.13495174383706177,66
3286,2,7088,2478,4610,0,0,0,1.0,1,1.0,1,1.0,1,0.13406995912079336,63
3287,2,7090,2480,4610,0,0,0,1.0,1,1.0,1,1.0,1,0.17976688416136535,61
3288,2,7092,2480,4612,0,0,0,1.0,1,1.0,1,1.0,1,0.18827601086056242,63
3289,2,7094,2481,4613,0,0,0,1.0,1,1.0,1,1.0,1,0.2034064959888652,62
3290,2,7096,2481,4615,0,0,0,1.0,1,1.0,1,1.0,1,0.18573824553223772,63
3291,9,7105,2484,4621,0,0,0,1.0,1,1.0,1,1.0,1,0.17583387344404322,62
3292,1,7106,2484,4622,0,0,0,1.0,1,1.0,1,1.0,1,0.16582451443997917,63
3293,4,7110,2484,4626,0,0,0,1.0,1,1.0,1,1.0,1,0.1550956506523788,65
3294,1,7111,2484,4627,0,0,0,1.0,1,1.0,1,1.0,1,0.14835274778787072,65
3295,0,7111,2484,4627,0,0,0,1.0,1,1.0,1,1.0,1,0.14835274778787072,65
3296,5,7116,2486,4630,0,0,0,1.0,1,1.0,1,1.0,1,0.1513902304837622,65
3297,0,7116,2486,4630,0,0,0,1.0,1,1.0,1,1.0,1,0.1435569205674065,66
3298,0,7116,2486,4630,0,0,0,1.0,1,1.0,1,1.0,1,0.1435569205674065,66
3299,1,7117,2486,4631,0,0,0,1.0,1,1.0,1,1.0,1,0.13459041026686266,67
3300,1,7118,2487,4631,0,0,0,1.0,1,1.0,1,1.0,1,0.1486146152547795,67
3301,3,7121,2487,4634,0,0,0,1.0,1,1.0,1,1.0,1,0.13967849974863028,68
3302,0,7121,2487,4634,0,0,0,1.0,1,1.0,1,1.0,1,0.151796710326169,67
3303,2,7123,2489,4634,0,0,0,1.0,1,1.0,1,1.0,1,0.16547840192228658,67
3304,3,7126,2490,4636,0,0,0,1.0,1,1.0,1,1.0,1,0.15914861312250025,67
3305,2,7128,2490,4638,0,0,0,1.0,1,1.0,1,1.0,1,0.16040139248380464,69
3306,3,7131,2490,4641,0,0,0,1.0,1,1.0,1,1.0,1,0.1321790269579079,70
3307,2,7133,2490,4643,0,0,0,1.0,1,1.0,1,1.0,1,0.11189613302250957,70
3308,1,7134,2490,4644,0,0,0,1.0,1,1.0,1,1.0,1,0.1198363514111976,70
3309,1,7135,2490,4645,0,0,0,1.0,1,1.0,1,1.0,1,0.12948912326276268,72
3310,4,7139,2490,4649,0,0,0,1.0,1,1.0,1,1.0,1,0.12599911184976678,74
3311,2,7141,2490,4651,0,0,0,1.0,1,1.0,1,1.0,1,0.11648192298526394,74
3312,0,7141,2490,4651,0,0,0,1.0,1,1.0,1,1.0,1,0.11648192298526394,74
3313,0,7141,2490,4651,0,0,0,1.0,1,1.0,1,1.0,1,0.1260980495914421,75
3314,2,7143,2490,4653,0,0,0,1.0,1,1.0,1,1.0,1,0.12631477772966732,76
3315,2,7145,2491,4654,0,0,0,1.0,1,1.0,1,1.0,1,0.15253729181886871,75
3316,5,7150,2492,4658,0,0,0,1.0,1,1.0,1,1.0,1,0.13319028253986878,76
3317,1,7151,2492,4659,0,0,0,1.0,1,1.0,1,1.0,1,0.1318354034115337,73
3318,3,7154,2494,4660,0,0,0,1.0,1,1.0,1,1.0,1,0.1533928382965746,72
3319,1,7155,2495,4660,0,0,0,1.0,1,1.0,1,1.0,1,0.15879241578989833,71
3320,1,7156,2495,4661,0,0,0,1.0,1,1.0,1,1.0,1,0.15091063450986505,70
3321,4,7160,2497,4663,0,0,0,1.0,1,1.0,1,1.0,1,0.17896393844073213,69
3322,0,7160,2497,4663,0,0,0,1.0,1,1.0,1,1.0,1,0.18297901175986683,68
3323,5,7165,2498,4667,0,0,0,1.0,1,1.0,1,1.0,1,0.18091261914050008,69
3324,3,7168,2500,4668,0,0,0,1.0,1,1.0,1,1.0,1,0.18382031407749716,69
3325,0,7168,2500,4668,0,0,0,1.0,1,1.0,1,1.0,1,0.1870374088051907,70
3326,5,7173,2502,4671,0,0,0,1.0,1,1.0,1,1.0,1,0.1757434221692129,69
3327,1,7174,2502,4672,0,0,0,1.0,1,1.0,1,1.0,1,0.15716681742935312,70
3328,2,7176,2502,4674,0,0,0,1.0,1,1.0,1,1.0,1,0.14502201300372097,73
3329,1,7177,2503,4674,0,0,0,1.0,1,1.0,1,1.0,1,0.18524089982640957,72
3330,5,7182,2505,4677,0,0,0,1.0,1,1.0,1,1.0,1,0.18807013556349994,72
3331,6,7188,2507,4681,0,0,0,1.0,1,1.0,1,1.0,1,0.17644214952229587,72
3332,1,7189,2507,4682,0,0,0,1.0,1,1.0,1,1.0,1,0.1725038987300314,73
3333,0,7189,2507,4682,0,0,0,1.0,1,1.0,1,1.0,1,0.17179760437335193,72
3334,2,7191,2507,4684,0,0,0,1.0,1,1.0,1,1.0,1,0.16011692649502704,73
3335,1,7192,2508,4684,0,0,0,1.0,1,1.0,1,1.0,1,0.18559183980263705,74
3336,6,7198,2508,4690,0,0,0,1.0,1,1.0,1,1.0,1,0.14568354367170996,74
3337,0,7198,2508,4690,0,0,0,1.0,1,1.0,1,1.0,1,0.14568354367170996,74
3338,1,7199,2508,4691,0,0,0,1.0,1,1.0,1,1.0,1,0.133543102589817,74
3339,2,7201,2510,4691,0,0,0,1.0,1,1.0,1,1.0,1,0.15010451713601733,75
3340,1,7202,2510,4692,0,0,0,1.0,1,1.0,1,1.0,1,0.15008536264476655,75
3341,3,7205,2510,4695,0,0,0,1.0,1,1.0,1,1.0,1,0.13969747201370256,76
3342,0,7205,2510,4695,0,0,0,1.0,1,1.0,1,1.0,1,0.15382506444362662,76
3343,3,7208,2511,4697,0,0,0,1.0,1,1.0,1,1.0,1,0.1513399378275188,75
3344,2,7210,2513,4697,0,0,0,1.0,1,1.0,1,1.0,1,0.1472455932195484,75
3345,0,7210,2513,4697,0,0,0,1.0,1,1.0,1,1.0,1,0.1736922550346527,72
3346,5,7215,2514,4701,0,0,0,1.0,1,1.0,1,1.0,1,0.1462846325335298,73
3347,3,7218,2516,4702,0,0,0,1.0,1,1.0,1,1.0,1,0.13926845397101134,73
3348,2,7220,2516,4704,0,0,0,1.0,1,1.0,1,1.0,1,0.1346527374839301,73
3349,4,7224,2517,4707,0,0,0,1.0,1,1.0,1,1.0,1,0.12839901657539315,74
3350,3,7227,2518,4709,0,0,0,1.0,1,1.0,1,1.0,1,0.14158859486753386,73
3351,1,7228,2518,4710,0,0,0,1.0,1,1.0,1,1.0,1,0.1473380464208766,72
3352,2,7230,2519,4711,0,0,0,1.0,1,1.0,1,1.0,1,0.15004398041969225,72
3353,3,7233,2521,4712,0,0,0,1.0,1,1.0,1,1.0,1,0.1743155867148629,72
3354,3,7236,2523,4713,0,0,0,1.0,1,1.0,1,1.0,1,0.16215242414898864,70
3355,1,7237,2524,4713,0,0,0,1.0,1,1.0,1,1.0,1,0.18676052999812082,69
3356,6,7243,2526,4717,0,0,0,1.0,1,1.0,1,1.0,1,0.19707835000725635,69
3357,6,7249,2527,4722,0,0,0,1.0,1,1.0,1,1.0,1,0.15212440051458218,68
3358,6,7255,2529,4726,0,0,0,1.0,1,1.0,1,1.0,1,0.18054861285111737,68
3359,1,7256,2529,4727,0,0,0,1.0,1,1.0,1,1.0,1,0.17350163078828695,66
3360,5,7261,2531,4730,0,0,0,1.0,1,1.0,1,1.0,1,0.20049548366150366,65
3361,5,7266,2531,4735,0,0,0,1.0,1,1.0,1,1.0,1,0.1789359867197306,64
3362,0,7266,2531,4735,0,0,0,1.0,1,1.0,1,1.0,1,0.1789359867197306,64
3363,1,7267,2531,4736,0,0,0,1.0,1,1.0,1,1.0,1,0.167340663303702,65
3364,2,7269,2531,4738,0,0,0,1.0,1,1.0,1,1.0,1,0.18577278426489743,66
3365,2,7271,2531,4740,0,0,0,1.0,1,1.0,1,1.0,1,0.18203346575726273,68
3366,8,7279,2531,4748,0,0,0,1.0,1,1.0,1,1.0,1,0.14148870186155763,66
3367,4,7283,2531,4752,0,0,0,1.0,1,1.0,1,1.0,1,0.11289449204205643,68
3368,7,7290,2532,4758,0,0,0,1.0,1,1.0,1,1.0,1,0.13007246411139234,68
3369,5,7295,2533,4762,0,0,0,1.0,1,1.0,1,1.0,1,0.14884019588298067,69
3370,1,7296,2533,4763,0,0,0,1.0,1,1.0,1,1.0,1,0.14822667054167338,71
3371,4,7300,2533,4767,0,0,0,1.0,1,1.0,1,1.0,1,0.11446056998003111,71
3372,1,7301,2534,4767,0,0,0,1.0,1,1.0,1,1.0,1,0.1241982767061697,71
3373,1,7302,2534,4768,0,0,0,1.0,1,1.0,1,1.0,1,0.11231138248360331,72
3374,0,7302,2534,4768,0,0,0,1.0,1,1.0,1,1.0,1,0.09869303053943383,72
3375,0,7302,2534,4768,0,0,0,1.0,1,1.0,1,1.0,1,0.0950449104624634,73
3376,1,7303,2534,4769,0,0,0,1.0,1,1.0,1,1.0,1,0.08123987428714076,75
3377,1,7304,2534,4770,0,0,0,1.0,1,1.0,1,1.0,1,0.0953320347665456,77
3378,0,7304,2534,4770,0,0,0,1.0,1,1.0,1,1.0,1,0.0953320347665456,77
3379,4,7308,2537,4771,0,0,0,1.0,1,1.0,1,1.0,1,0.13034060466541894,77
3380,1,7309,2538,4771,0,0,0,1.0,1,1.0,1,1.0,1,0.14475974674419279,76
3381,4,7313,2538,4775,0,0,0,1.0,1,1.0,1,1.0,1,0.09120377536440064,76
3382,6,7319,2541,4778,0,0,0,1.0,1,1.0,1,1.0,1,0.09820097093385526,78
3383,0,7319,2541,4778,0,0,0,1.0,1,1.0,1,1.0,1,0.0937487323144788,77
3384,3,7322,2544,4778,0,0,0,1.0,1,1.0,1,1.0,1,0.11814858312197817,77
3385,1,7323,2545,4778,0,0,0,1.0,1,1.0,1,1.0,1,0.13010497919783948,75
3386,9,7332,2548,4784,0,0,0,1.0,1,1.0,1,1.0,1,0.11264270324447473,76
3387,2,7334,2549,4785,0,0,0,1.0,1,1.0,1,1.0,1,0.10542236468720494,75
3388,2,7336,2550,4786,0,0,0,1.0,1,1.0,1,1.0,1,0.11995690974459955,76
3389,2,7338,2550,4788,0,0,0,1.0,1,1.0,1,1.0,1,0.12105034159611698,77
3390,1,7339,2550,4789,0,0,0,1.0,1,1.0,1,1.0,1,0.12139150096360611,76
3391,2,7341,2551,4790,0,0,0,1.0,1,1.0,1,1.0,1,0.10849037756019277,77
3392,2,7343,2552,4791,0,0,0,1.0,1,1.0,1,1.0,1,0.12257368181008145,78
3393,1,7344,2552,4792,0,0,0,1.0,1,1.0,1,1.0,1,0.0953768722782769,76
3394,1,7345,2553,4792,0,0,0,1.0,1,1.0,1,1.0,1,0.12045434787197051,75
3395,4,7349,2553,4796,0,0,0,1.0,1,1.0,1,1.0,1,0.09552336083920311,73
3396,2,7351,2553,4798,0,0,0,1.0,1,1.0,1,1.0,1,0.07608106337990199,73
3397,0,7351,2553,4798,0,0,0,1.0,1,1.0,1,1.0,1,0.07441844917417856,74
3398,1,7352,2553,4799,0,0,0,1.0,1,1.0,1,1.0,1,0.07136985591862806,74
3399,4,7356,2555,4801,0,0,0,1.0,1,1.0,1,1.0,1,0.07102423453481585,75
3400,2,7358,2556,4802,0,0,0,1.0,1,1.0,1,1.0,1,0.07909055149362912,75
3401,3,7361,2556,4805,0,0,0,1.0,1,1.0,1,1.0,1,0.053755299387497985,77
3402,1,7362,2557,4805,0,0,0,1.0,1,1.0,1,1.0,1,0.05612630748855841,77
3403,1,7363,2558,4805,0,0,0,1.0,1,1.0,1,1.0,1,0.07277793955443067,78
3404,1,7364,2559,4805,0,0,0,1.0,1,1.0,1,1.0,1,0.0930407538258548,78
3405,3,7367,2559,4808,0,0,0,1.0,1,1.0,1,1.0,1,0.07840812917514646,78
3406,4,7371,2561,4810,0,0,0,1.0,1,1.0,1,1.0,1,0.07792259297276312,78
3407,2,7373,2562,4811,0,0,0,1.0,1,1.0,1,1.0,1,0.0970018158356849,78
3408,2,7375,2562,4813,0,0,0,1.0,1,1.0,1,1.0,1,0.10162695777947128,79
3409,3,7378,2562,4816,0,0,0,1.0,1,1.0,1,1.0,1,0.10397290376944858,81
3410,5,7383,2562,4821,0,0,0,1.0,1,1.0,1,1.0,1,0.10033625792377596,82
3411,3,7386,2562,4824,0,0,0,1.0,1,1.0,1,1.0,1,0.06535866861646661,84
3412,0,7386,2562,4824,0,0,0,1.0,1,1.0,1,1.0,1,0.06535866861646661,84
3413,0,7386,2562,4824,0,0,0,1.0,1,1.0,1,1.0,1,0.06535866861646661,84
3414,0,7386,2562,4824,0,0,0,1.0,1,1.0,1,1.0,1,0.06535866861646661,84
3415,3,7389,2564,4825,0,0,0,1.0,1,1.0,1,1.0,1,0.07660520918299014,85
3416,1,7390,2565,4825,0,0,0,1.0,1,1.0,1,1.0,1,0.09716592992938401,85
3417,2,7392,2566,4826,0,0,0,1.0,1,1.0,1,1.0,1,0.11076502129013267,86
3418,4,7396,2569,4827,0,0,0,1.0,1,1.0,1,1.0,1,0.16230356053248948,86
3419,5,7401,2571,4830,0,0,0,1.0,1,1.0,1,1.0,1,0.1875946936281447,87
3420,4,7405,2571,4834,0,0,0,1.0,1,1.0,1,1.0,1,0.17256704839847783,88
3421,6,7411,2573,4838,0,0,0,1.0,1,1.0,1,1.0,1,0.1475099720360006,89
3422,5,7416,2573,4843,0,0,0,1.0,1,1.0,1,1.0,1,0.1409511859053437,90
3423,3,7419,2573,4846,0,0,0,1.0,1,1.0,1,1.0,1,0.1313346897756854,90
3424,1,7420,2573,4847,0,0,0,1.0,1,1.0,1,1.0,1,0.12310698381175159,91
3425,2,7422,2574,4848,0,0,0,1.0,1,1.0,1,1.0,1,0.12387879229567576,90
3426,4,7426,2575,4851,0,0,0,1.0,1,1.0,1,1.0,1,0.10112567430514062,92
3427,3,7429,2575,4854,0,0,0,1.0,1,1.0,1,1.0,1,0.11167998511254207,92
3428,0,7429,2575,4854,0,0,0,1.0,1,1.0,1,1.0,1,0.11884780392022985,91
3429,0,7429,2575,4854,0,0,0,1.0,1,1.0,1,1.0,1,0.11884780392022985,91
3430,3,7432,2578,4854,0,0,0,1.0,1,1.0,1,1.0,1,0.13265428901414153,91
3431,2,7434,2578,4856,0,0,0,1.0,1,1.0,1,1.0,1,0.11881197905078363,90
3432,5,7439,2580,4859,0,0,0,1.0,1,1.0,1,1.0,1,0.11367449158255508,91
3433,2,7441,2581,4860,0,0,0,1.0,1,1.0,1,1.0,1,0.11744637443280326,90
3434,0,7441,2581,4860,0,0,0,1.0,1,1.0,1,1.0,1,0.11371967382434837,89
3435,0,7441,2581,4860,0,0,0,1.0,1,1.0,1,1.0,1,0.11632197335462088,88
3436,3,7444,2582,4862,0,0,0,1.0,1,1.0,1,1.0,1,0.12865741834111277,86
3437,4,7448,2584,4864,0,0,0,1.0,1,1.0,1,1.0,1,0.1285104717413379,86
3438,1,7449,2584,4865,0,0,0,1.0,1,1.0,1,1.0,1,0.12327539082965124,87
3439,4,7453,2585,4868,0,0,0,1.0,1,1.0,1,1.0,1,0.1319762328504974,86
3440,2,7455,2585,4870,0,0,0,1.0,1,1.0,1,1.0,1,0.13725655445358215,86
3441,8,7463,2586,4877,0,0,0,1.0,1,1.0,1,1.0,1,0.1136952308257159,85
3442,1,7464,2587,4877,0,0,0,1.0,1,1.0,1,1.0,1,0.1249612813661379,85
3443,0,7464,2587,4877,0,0,0,1.0,1,1.0,1,1.0,1,0.13214441453042433,85
3444,4,7468,2589,4879,0,0,0,1.0,1,1.0,1,1.0,1,0.15173317381209903,85
3445,5,7473,2590,4883,0,0,0,1.0,1,1.0,1,1.0,1,0.18624886250270486,84
3446,7,7480,2590,4890,0,0,0,1.0,1,1.0,1,1.0,1,0.1548799757284601,85
3447,2,7482,2590,4892,0,0,0,1.0,1,1.0,1,1.0,1,0.15491369908463384,85
3448,2,7484,2591,4893,0,0,0,1.0,1,1.0,1,1.0,1,0.15439667155240103,85
3449,1,7485,2591,4894,0,0,0,1.0,1,1.0,1,1.0,1,0.15977556050485317,84
3450,0,7485,2591,4894,0,0,0,1.0,1,1.0,1,1.0,1,0.15977556050485317,84
3451,6,7491,2592,4899,0,0,0,1.0,1,1.0,1,1.0,1,0.15872091951197514,85
3452,2,7493,2593,4900,0,0,0,1.0,1,1.0,1,1.0,1,0.15749736287638022,86
3453,2,7495,2594,4901,0,0,0,1.0,1,1.0,1,1.0,1,0.15692332139094053,85
3454,2,7497,2594,4903,0,0,0,1.0,1,1.0,1,1.0,1,0.14363019670507,88
3455,0,7497,2594,4903,0,0,0,1.0,1,1.0,1,1.0,1,0.14363019670507,88
3456,3,7500,2595,4905,0,0,0,1.0,1,1.0,1,1.0,1,0.11808517194806993,88
3457,3,7503,2595,4908,0,0,0,1.0,1,1.0,1,1.0,1,0.1143485938823824,89
3458,2,7505,2595,4910,0,0,0,1.0,1,1.0,1,1.0,1,0.12388757056275708,88
3459,2,7507,2595,4912,0,0,0,1.0,1,1.0,1,1.0,1,0.12360833416592037,88
3460,2,7509,2595,4914,0,0,0,1.0,1,1.0,1,1.0,1,0.11640756111670397,89
3461,2,7511,2595,4916,0,0,0,1.0,1,1.0,1,1.0,1,0.11278391733111633,89
3462,2,7513,2596,4917,0,0,0,1.0,1,1.0,1,1.0,1,0.10742443452868741,90
3463,0,7513,2596,4917,0,0,0,1.0,1,1.0,1,1.0,1,0.1108039320479012,89
3464,1,7514,2597,4917,0,0,0,1.0,1,1.0,1,1.0,1,0.10932714479610942,88
3465,2,7516,2597,4919,0,0,0,1.0,1,1.0,1,1.0,1,0.12649439597690448,87
3466,3,7519,2597,4922,0,0,0,1.0,1,1.0,1,1.0,1,0.09366869650201769,87
3467,0,7519,2597,4922,0,0,0,1.0,1,1.0,1,1.0,1,0.09248350130719903,87
3468,5,7524,2598,4926,0,0,0,1.0,1,1.0,1,1.0,1,0.10854473731744527,88
3469,1,7525,2599,4926,0,0,0,1.0,1,1.0,1,1.0,1,0.13101527596992915,85
3470,3,7528,2601,4927,0,0,0,1.0,1,1.0,1,1.0,1,0.14125917742233696,86
3471,7,7535,2603,4932,0,0,0,1.0,1,1.0,1,1.0,1,0.1382714104392318,84
3472,1,7536,2603,4933,0,0,0,1.0,1,1.0,1,1.0,1,0.13664394018552226,83
3473,1,7537,2604,4933,0,0,0,1.0,1,1.0,1,1.0,1,0.1556260976386366,81
3474,2,7539,2605,4934,0,0,0,1.0,1,1.0,1,1.0,1,0.14027104391574782,80
3475,3,7542,2606,4936,0,0,0,1.0,1,1.0,1,1.0,1,0.1455064448394381,82
3476,6,7548,2607,4941,0,0,0,1.0,1,1.0,1,1.0,1,0.10872952223661711,81
3477,3,7551,2608,4943,0,0,0,1.0,1,1.0,1,1.0,1,0.12330449340165787,83
3478,2,7553,2609,4944,0,0,0,1.0,1,1.0,1,1.0,1,0.12579506710204927,83
3479,5,7558,2609,4949,0,0,0,1.0,1,1.0,1,1.0,1,0.11803847752951192,83
3480,4,7562,2610,4952,0,0,0,1.0,1,1.0,1,1.0,1,0.12222546504487995,83
3481,4,7566,2612,4954,0,0,0,1.0,1,1.0,1,1.0,1,0.10864594873460358,83
3482,4,7570,2613,4957,0,0,0,1.0,1,1.0,1,1.0,1,0.11663068092363253,83
3483,4,7574,2615,4959,0,0,0,1.0,1,1.0,1,1.0,1,0.12363714167677997,82
3484,3,7577,2616,4961,0,0,0,1.0,1,1.0,1,1.0,1,0.14938013066379255,82
3485,3,7580,2617,4963,0,0,0,1.0,1,1.0,1,1.0,1,0.15971813672923502,83
3486,6,7586,2617,4969,0,0,0,1.0,1,1.0,1,1.0,1,0.13383520775875893,83
3487,0,7586,2617,4969,0,0,0,1.0,1,1.0,1,1.0,1,0.1340371263114409,84
3488,1,7587,2617,4970,0,0,0,1.0,1,1.0,1,1.0,1,0.13905995165929008,84
3489,2,7589,2617,4972,0,0,0,1.0,1,1.0,1,1.0,1,0.1307329835496145,84
3490,3,7592,2617,4975,0,0,0,1.0,1,1.0,1,1.0,1,0.12669426465928804,84
3491,5,7597,2617,4980,0,0,0,1.0,1,1.0,1,1.0,1,0.09829847516638632,86
3492,0,7597,2617,4980,0,0,0,1.0,1,1.0,1,1.0,1,0.09829847516638632,86
3493,0,7597,2617,4980,0,0,0,1.0,1,1.0,1,1.0,1,0.09829847516638632,86
3494,1,7598,2617,4981,0,0,0,1.0,1,1.0,1,1.0,1,0.08703193697601422,86
3495,0,7598,2617,4981,0,0,0,1.0,1,1.0,1,1.0,1,0.0877315972561556,87
3496,2,7600,2617,4983,0,0,0,1.0,1,1.0,1,1.0,1,0.08305368011918857,88
3497,2,7602,2618,4984,0,0,0,1.0,1,1.0,1,1.0,1,0.10108089556804041,89
3498,2,7604,2618,4986,0,0,0,1.0,1,1.0,1,1.0,1,0.10079587831971139,89
3499,3,7607,2619,4988,0,0,0,1.0,1,1.0,1,1.0,1,0.09770129564549475,91
3500,0,7607,2619,4988,0,0,0,1.0,1,1.0,1,1.0,1,0.1051429845695925,90
3501,2,7609,2619,4990,0,0,0,1.0,1,1.0,1,1.0,1,0.09295412172192044,90
3502,1,7610,2619,4991,0,0,0,1.0,1,1.0,1,1.0,1,0.0900114195997769,91
3503,2,7612,2619,4993,0,0,0,1.0,1,1.0,1,1.0,1,0.09051417377177143,91
3504,4,7616,2623,4993,0,0,0,1.0,1,1.0,1,1.0,1,0.16691915220801393,89
3505,6,7622,2624,4998,0,0,0,1.0,1,1.0,1,1.0,1,0.15863981370712,87
3506,7,7629,2626,5003,0,0,0,1.0,1,1.0,1,1.0,1,0.12680805173617354,87
3507,3,7632,2626,5006,0,0,0,1.0,1,1.0,1,1.0,1,0.11637468929919373,84
3508,3,7635,2627,5008,0,0,0,1.0,1,1.0,1,1.0,1,0.12143761562774479,83
3509,6,7641,2631,5010,0,0,0,1.0,1,1.0,1,1.0,1,0.13255874476299853,80
3510,3,7644,2631,5013,0,0,0,1.0,1,1.0,1,1.0,1,0.14823898684116624,78
3511,6,7650,2635,5015,0,0,0,1.0,1,1.0,1,1.0,1,0.12396769819059407,77
3512,1,7651,2635,5016,0,0,0,1.0,1,1.0,1,1.0,1,0.12346164017138242,74
3513,0,7651,2635,5016,0,0,0,1.0,1,1.0,1,1.0,1,0.11379436739641015,76
3514,0,7651,2635,5016,0,0,0,1.0,1,1.0,1,1.0,1,0.11410509568249659,76
3515,0,7651,2635,5016,0,0,0,1.0,1,1.0,1,1.0,1,0.12018386344986973,75
3516,2,7653,2635,5018,0,0,0,1.0,1,1.0,1,1.0,1,0.12707787806518864,73
3517,5,7658,2638,5020,0,0,0,1.0,1,1.0,1,1.0,1,0.12647189263215458,74
3518,0,7658,2638,5020,0,0,0,1.0,1,1.0,1,1.0,1,0.1436699999416004,74
3519,1,7659,2638,5021,0,0,0,1.0,1,1.0,1,1.0,1,0.1426562795340472,73
3520,0,7659,2638,5021,0,0,0,1.0,1,1.0,1,1.0,1,0.13553816899655696,74
3521,6,7665,2638,5027,0,0,0,1.0,1,1.0,1,1.0,1,0.09197041858654716,75
3522,2,7667,2638,5029,0,0,0,1.0,1,1.0,1,1.0,1,0.0838542350129941,75
3523,1,7668,2638,5030,0,0,0,1.0,1,1.0,1,1.0,1,0.08543744290402897,75
3524,6,7674,2639,5035,0,0,0,1.0,1,1.0,1,1.0,1,0.08708701145856369,75
3525,0,7674,2639,5035,0,0,0,1.0,1,1.0,1,1.0,1,0.08614691937071646,75
3526,3,7677,2639,5038,0,0,0,1.0,1,1.0,1,1.0,1,0.0508714861692238,76
3527,2,7679,2640,5039,0,0,0,1.0,1,1.0,1,1.0,1,0.0914513374382022,77
3528,4,7683,2641,5042,0,0,0,1.0,1,1.0,1,1.0,1,0.09714702249146716,77
3529,6,7689,2644,5045,0,0,0,1.0,1,1.0,1,1.0,1,0.14332814043850725,78
3530,2,7691,2644,5047,0,0,0,1.0,1,1.0,1,1.0,1,0.1477182003240864,78
3531,6,7697,2646,5051,0,0,0,1.0,1,1.0,1,1.0,1,0.14893652200625168,79
3532,2,7699,2646,5053,0,0,0,1.0,1,1.0,1,1.0,1,0.1551042794477151,79
3533,3,7702,2648,5054,0,0,0,1.0,1,1.0,1,1.0,1,0.19446606700470515,79
3534,5,7707,2649,5058,0,0,0,1.0,1,1.0,1,1.0,1,0.21169125936456884,80
3535,4,7711,2649,5062,0,0,0,1.0,1,1.0,1,1.0,1,0.200370068445294,81
3536,10,7721,2649,5072,0,0,0,1.0,1,1.0,1,1.0,1,0.1460593236783197,82
3537,4,7725,2649,5076,0,0,0,1.0,1,1.0,1,1.0,1,0.14672271840042397,82
3538,3,7728,2649,5079,0,0,0,1.0,1,1.0,1,1.0,1,0.15219709438290807,83
3539,1,7729,2649,5080,0,0,0,1.0,1,1.0,1,1.0,1,0.15349672985682578,83
3540,3,7732,2650,5082,0,0,0,1.0,1,1.0,1,1.0,1,0.14547818173971347,85
3541,6,7738,2651,5087,0,0,0,1.0,1,1.0,1,1.0,1,0.11013376810761653,85
3542,4,7742,2651,5091,0,0,0,1.0,1,1.0,1,1.0,1,0.10534086197179493,88
3543,6,7748,2653,5095,0,0,0,1.0,1,1.0,1,1.0,1,0.10008223352387673,87
3544,3,7751,2653,5098,0,0,0,1.0,1,1.0,1,1.0,1,0.09255514758175556,87
3545,0,7751,2653,5098,0,0,0,1.0,1,1.0,1,1.0,1,0.08621714367656297,85
3546,1,7752,2653,5099,0,0,0,1.0,1,1.0,1,1.0,1,0.0729138863629498,83
3547,1,7753,2653,5100,0,0,0,1.0,1,1.0,1,1.0,1,0.0799945915839354,82
3548,0,7753,2653,5100,0,0,0,1.0,1,1.0,1,1.0,1,0.0799945915839354,82
3549,1,7754,2654,5100,0,0,0,1.0,1,1.0,1,1.0,1,0.0827053901955319,81
3550,1,7755,2655,5100,0,0,0,1.0,1,1.0,1,1.0,1,0.08352937477451476,79
3551,3,7758,2656,5102,0,0,0,1.0,1,1.0,1,1.0,1,0.07714985166602555,80
3552,2,7760,2657,5103,0,0,0,1.0,1,1.0,1,1.0,1,0.08233203887518789,78
3553,3,7763,2657,5106,0,0,0,1.0,1,1.0,1,1.0,1,0.07013398321668148,79
3554,1,7764,2658,5106,0,0,0,1.0,1,1.0,1,1.0,1,0.0934293510818246,77
3555,0,7764,2658,5106,0,0,0,1.0,1,1.0,1,1.0,1,0.10401461915026157,77
3556,4,7768,2658,5110,0,0,0,1.0,1,1.0,1,1.0,1,0.08020960851311473,76
3557,1,7769,2658,5111,0,0,0,1.0,1,1.0,1,1.0,1,0.070968910249002,76
3558,1,7770,2659,5111,0,0,0,1.0,1,1.0,1,1.0,1,0.10041827746525339,76
3559,2,7772,2659,5113,0,0,0,1.0,1,1.0,1,1.0,1,0.08130727714381827,76
3560,2,7774,2660,5114,0,0,0,1.0,1,1.0,1,1.0,1,0.0908724515218542,78
3561,3,7777,2660,5117,0,0,0,1.0,1,1.0,1,1.0,1,0.08071604454435066,79
3562,1,7778,2660,5118,0,0,0,1.0,1,1.0,1,1.0,1,0.06095932324184433,79
3563,4,7782,2662,5120,0,0,0,1.0,1,1.0,1,1.0,1,0.05576599186486156,79
3564,7,7789,2665,5124,0,0,0,1.0,1,1.0,1,1.0,1,0.09110227539773799,80
3565,8,7797,2667,5130,0,0,0,1.0,1,1.0,1,1.0,1,0.1349217914066647,83
3566,10,7807,2668,5139,0,0,0,1.0,1,1.0,1,1.0,1,0.08114638998633107,84
3567,0,7807,2668,5139,0,0,0,1.0,1,1.0,1,1.0,1,0.08114638998633107,84
3568,1,7808,2669,5139,0,0,0,1.0,1,1.0,1,1.0,1,0.0900774797341463,84
3569,1,7809,2670,5139,0,0,0,1.0,1,1.0,1,1.0,1,0.0949597152970784,84
3570,4,7813,2671,5142,0,0,0,1.0,1,1.0,1,1.0,1,0.09261977623776872,87
3571,4,7817,2673,5144,0,0,0,1.0,1,1.0,1,1.0,1,0.11129331811362231,86
3572,2,7819,2674,5145,0,0,0,1.0,1,1.0,1,1.0,1,0.10903070356129968,87
3573,4,7823,2676,5147,0,0,0,1.0,1,1.0,1,1.0,1,0.1304117877859406,87
3574,8,7831,2678,5153,0,0,0,1.0,1,1.0,1,1.0,1,0.1473502245090761,88
3575,3,7834,2678,5156,0,0,0,1.0,1,1.0,1,1.0,1,0.13733358459037695,88
3576,3,7837,2679,5158,0,0,0,1.0,1,1.0,1,1.0,1,0.11923950232426138,90
3577,1,7838,2679,5159,0,0,0,1.0,1,1.0,1,1.0,1,0.11400213759839867,90
3578,1,7839,2679,5160,0,0,0,1.0,1,1.0,1,1.0,1,0.10941421026561672,91
3579,1,7840,2680,5160,0,0,0,1.0,1,1.0,1,1.0,1,0.1097591652057907,91
3580,1,7841,2680,5161,0,0,0,1.0,1,1.0,1,1.0,1,0.12797915666104012,91
3581,2,7843,2680,5163,0,0,0,1.0,1,1.0,1,1.0,1,0.10584426946518262,91
3582,3,7846,2681,5165,0,0,0,1.0,1,1.0,1,1.0,1,0.10979816252011596,92
3583,1,7847,2681,5166,0,0,0,1.0,1,1.0,1,1.0,1,0.10537690272248991,88
3584,0,7847,2681,5166,0,0,0,1.0,1,1.0,1,1.0,1,0.10947977809108785,87
3585,1,7848,2682,5166,0,0,0,1.0,1,1.0,1,1.0,1,0.12754027334536544,84
3586,5,7853,2685,5168,0,0,0,1.0,1,1.0,1,1.0,1,0.11063205013875356,83
3587,1,7854,2686,5168,0,0,0,1.0,1,1.0,1,1.0,1,0.10865751065167559,82
3588,5,7859,2689,5170,0,0,0,1.0,1,1.0,1,1.0,1,0.10093891637197844,81
3589,4,7863,2693,5170,0,0,0,1.0,1,1.0,1,1.0,1,0.14801702260192165,80
3590,3,7866,2694,5172,0,0,0,1.0,1,1.0,1,1.0,1,0.16419330933694234,78
3591,15,7881,2694,5187,0,0,0,1.0,1,1.0,1,1.0,1,0.11899690608599309,77
3592,3,7884,2695,5189,0,0,0,1.0,1,1.0,1,1.0,1,0.12121160743735113,75
3593,4,7888,2695,5193,0,0,0,1.0,1,1.0,1,1.0,1,0.13087022798553913,76
3594,4,7892,2696,5196,0,0,0,1.0,1,1.0,1,1.0,1,0.11825456760241748,74
3595,6,7898,2697,5201,0,0,0,1.0,1,1.0,1,1.0,1,0.13742701829431883,74
3596,3,7901,2697,5204,0,0,0,1.0,1,1.0,1,1.0,1,0.10600119803169449,73
3597,3,7904,2698,5206,0,0,0,1.0,1,1.0,1,1.0,1,0.09498486479545176,73
3598,3,7907,2699,5208,0,0,0,1.0,1,1.0,1,1.0,1,0.10240631799855344,73
3599,1,7908,2699,5209,0,0,0,1.0,1,1.0,1,1.0,1,0.10471877667255296,73
3600,4,7912,2699,5213,0,0,0,1.0,1,1.0,1,1.0,1,0.10714755249846794,74
3601,5,7917,2700,5217,0,0,0,1.0,1,1.0,1,1.0,1,0.07465691681054461,75
3602,1,7918,2700,5218,0,0,0,1.0,1,1.0,1,1.0,1,0.05270606696833572,76
3603,6,7924,2702,5222,0,0,0,1.0,1,1.0,1,1.0,1,0.07505657763768488,77
3604,8,7932,2704,5228,0,0,0,1.0,1,1.0,1,1.0,1,0.10777681049653434,78
3605,11,7943,2706,5237,0,0,0,1.0,1,1.0,1,1.0,1,0.11649946298021019,77
3606,6,7949,2706,5243,0,0,0,1.0,1,1.0,1,1.0,1,0.07515291936871467,79
3607,1,7950,2706,5244,0,0,0,1.0,1,1.0,1,1.0,1,0.071050312823708,79
3608,2,7952,2706,5246,0,0,0,1.0,1,1.0,1,1.0,1,0.07544027410718364,79
3609,0,7952,2706,5246,0,0,0,1.0,1,1.0,1,1.0,1,0.07544027410718364,79
3610,3,7955,2709,5246,0,0,0,1.0,1,1.0,1,1.0,1,0.11434181059325423,80
3611,8,7963,2709,5254,0,0,0,1.0,1,1.0,1,1.0,1,0.043344776642575106,80
3612,3,7966,2710,5256,0,0,0,1.0,1,1.0,1,1.0,1,0.039711414728288624,79
3613,0,7966,2710,5256,0,0,0,1.0,1,1.0,1,1.0,1,0.039711414728288624,79
3614,3,7969,2710,5259,0,0,0,1.0,1,1.0,1,1.0,1,0.05538662618815227,78
3615,4,7973,2710,5263,0,0,0,1.0,1,1.0,1,1.0,1,0.047547880267272274,79
3616,2,7975,2711,5264,0,0,0,1.0,1,1.0,1,1.0,1,0.06473842446823397,79
3617,1,7976,2712,5264,0,0,0,1.0,1,1.0,1,1.0,1,0.06746169875451276,80
3618,3,7979,2712,5267,0,0,0,1.0,1,1.0,1,1.0,1,0.08777613852677889,82
3619,2,7981,2713,5268,0,0,0,1.0,1,1.0,1,1.0,1,0.09604052215622023,82
3620,1,7982,2714,5268,0,0,0,1.0,1,1.0,1,1.0,1,0.10492285979213614,81
3621,7,7989,2714,5275,0,0,0,1.0,1,1.0,1,1.0,1,0.08066332172384037,83
3622,0,7989,2714,5275,0,0,0,1.0,1,1.0,1,1.0,1,0.08564169987952479,81
3623,2,7991,2716,5275,0,0,0,1.0,1,1.0,1,1.0,1,0.10980250955547553,81
3624,2,7993,2717,5276,0,0,0,1.0,1,1.0,1,1.0,1,0.10643699442497814,79
3625,3,7996,2718,5278,0,0,0,1.0,1,1.0,1,1.0,1,0.1282349956956092,80
3626,5,8001,2718,5283,0,0,0,1.0,1,1.0,1,1.0,1,0.0839504631949362,78
3627,1,8002,2718,5284,0,0,0,1.0,1,1.0,1,1.0,1,0.10685940204390794,78
3628,1,8003,2718,5285,0,0,0,1.0,1,1.0,1,1.0,1,0.1054944568564472,77
3629,0,8003,2718,5285,0,0,0,1.0,1,1.0,1,1.0,1,0.10674954737362106,76
3630,3,8006,2719,5287,0,0,0,1.0,1,1.0,1,1.0,1,0.11003568441946791,77
3631,3,8009,2720,5289,0,0,0,1.0,1,1.0,1,1.0,1,0.0793934853941425,75
3632,2,8011,2722,5289,0,0,0,1.0,1,1.0,1,1.0,1,0.1280116860816177,74
3633,3,8014,2723,5291,0,0,0,1.0,1,1.0,1,1.0,1,0.11684957138191106,75
3634,1,8015,2723,5292,0,0,0,1.0,1,1.0,1,1.0,1,0.11629934227346106,74
3635,4,8019,2725,5294,0,0,0,1.0,1,1.0,1,1.0,1,0.14096965797707134,74
3636,8,8027,2726,5301,0,0,0,1.0,1,1.0,1,1.0,1,0.09820112940942125,74
3637,3,8030,2726,5304,0,0,0,1.0,1,1.0,1,1.0,1,0.10454604001928061,74
3638,2,8032,2726,5306,0,0,0,1.0,1,1.0,1,1.0,1,0.11170156123234042,75
3639,2,8034,2727,5307,0,0,0,1.0,1,1.0,1,1.0,1,0.10468711234483896,76
3640,3,8037,2727,5310,0,0,0,1.0,1,1.0,1,1.0,1,0.1114683762251169,76
3641,5,8042,2728,5314,0,0,0,1.0,1,1.0,1,1.0,1,0.07746591488510614,75
3642,1,8043,2729,5314,0,0,0,1.0,1,1.0,1,1.0,1,0.08612829200634689,75
3643,1,8044,2729,5315,0,0,0,1.0,1,1.0,1,1.0,1,0.08722720502389776,74
3644,0,8044,2729,5315,0,0,0,1.0,1,1.0,1,1.0,1,0.08722720502389776,74
3645,0,8044,2729,5315,0,0,0,1.0,1,1.0,1,1.0,1,0.08722720502389776,74
3646,1,8045,2729,5316,0,0,0,1.0,1,1.0,1,1.0,1,0.07290836831691384,75
3647,1,8046,2729,5317,0,0,0,1.0,1,1.0,1,1.0,1,0.07425788810236761,77
3648,0,8046,2729,5317,0,0,0,1.0,1,1.0,1,1.0,1,0.09231168003405536,78
3649,1,8047,2729,5318,0,0,0,1.0,1,1.0,1,1.0,1,0.083714508999227,80
3650,3,8050,2730,5320,0,0,0,1.0,1,1.0,1,1.0,1,0.10323097213395813,81
3651,0,8050,2730,5320,0,0,0,1.0,1,1.0,1,1.0,1,0.10323097213395813,81
3652,2,8052,2731,5321,0,0,0,1.0,1,1.0,1,1.0,1,0.11984726760616853,83
3653,2,8054,2731,5323,0,0,0,1.0,1,1.0,1,1.0,1,0.11540758486981192,83
3654,0,8054,2731,5323,0,0,0,1.0,1,1.0,1,1.0,1,0.11540758486981192,83
3655,0,8054,2731,5323,0,0,0,1.0,1,1.0,1,1.0,1,0.10912034052669815,84
3656,2,8056,2731,5325,0,0,0,1.0,1,1.0,1,1.0,1,0.10424215109286715,85
3657,0,8056,2731,5325,0,0,0,1.0,1,1.0,1,1.0,1,0.09830985007479885,86
3658,3,8059,2732,5327,0,0,0,1.0,1,1.0,1,1.0,1,0.11421813667211085,87
3659,2,8061,2734,5327,0,0,0,1.0,1,1.0,1,1.0,1,0.14320226044864465,87
3660,1,8062,2734,5328,0,0,0,1.0,1,1.0,1,1.0,1,0.14438532781713515,86
3661,8,8070,2735,5335,0,0,0,1.0,1,1.0,1,1.0,1,0.13742561459240737,86
3662,4,8074,2737,5337,0,0,0,1.0,1,1.0,1,1.0,1,0.1591219797551347,83
3663,5,8079,2739,5340,0,0,0,1.0,1,1.0,1,1.0,1,0.12338741791978447,85
3664,3,8082,2741,5341,0,0,0,1.0,1,1.0,1,1.0,1,0.12008800009750033,82
3665,2,8084,2742,5342,0,0,0,1.0,1,1.0,1,1.0,1,0.11111181390352019,81
3666,1,8085,2743,5342,0,0,0,1.0,1,1.0,1,1.0,1,0.13030812084795998,79
3667,2,8087,2743,5344,0,0,0,1.0,1,1.0,1,1.0,1,0.12545874712952876,79
3668,1,8088,2744,5344,0,0,0,1.0,1,1.0,1,1.0,1,0.13446369104239458,77
3669,1,8089,2745,5344,0,0,0,1.0,1,1.0,1,1.0,1,0.12867474292060738,75
3670,3,8092,2747,5345,0,0,0,1.0,1,1.0,1,1.0,1,0.1432410176667517,76
3671,4,8096,2748,5348,0,0,0,1.0,1,1.0,1,1.0,1,0.08481777046840842,74
3672,0,8096,2748,5348,0,0,0,1.0,1,1.0,1,1.0,1,0.07899394822737212,75
3673,2,8098,2749,5349,0,0,0,1.0,1,1.0,1,1.0,1,0.09601477791201571,75
3674,3,8101,2751,5350,0,0,0,1.0,1,1.0,1,1.0,1,0.13446403317496688,75
3675,4,8105,2751,5354,0,0,0,1.0,1,1.0,1,1.0,1,0.10901767006407957,75
3676,3,8108,2752,5356,0,0,0,1.0,1,1.0,1,1.0,1,0.10669040519324215,75
3677,2,8110,2752,5358,0,0,0,1.0,1,1.0,1,1.0,1,0.0974851410278918,75
3678,2,8112,2752,5360,0,0,0,1.0,1,1.0,1,1.0,1,0.09012962814948686,77
3679,1,8113,2753,5360,0,0,0,1.0,1,1.0,1,1.0,1,0.11573080672008874,78
3680,1,8114,2753,5361,0,0,0,1.0,1,1.0,1,1.0,1,0.11888365216212933,80
3681,1,8115,2753,5362,0,0,0,1.0,1,1.0,1,1.0,1,0.11359635433687572,81
3682,0,8115,2753,5362,0,0,0,1.0,1,1.0,1,1.0,1,0.11359635433687572,81
3683,3,8118,2754,5364,0,0,0,1.0,1,1.0,1,1.0,1,0.1289409353192205,81
3684,1,8119,2754,5365,0,0,0,1.0,1,1.0,1,1.0,1,0.12504303765648153,81
3685,2,8121,2754,5367,0,0,0,1.0,1,1.0,1,1.0,1,0.12504303765648153,81
3686,0,8121,2754,5367,0,0,0,1.0,1,1.0,1,1.0,1,0.12504303765648153,81
3687,1,8122,2754,5368,0,0,0,1.0,1,1.0,1,1.0,1,0.11215342478206376,82
3688,1,8123,2754,5369,0,0,0,1.0,1,1.0,1,1.0,1,0.11281676099872931,84
3689,0,8123,2754,5369,0,0,0,1.0,1,1.0,1,1.0,1,0.11281676099872931,84
3690,1,8124,2755,5369,0,0,0,1.0,1,1.0,1,1.0,1,0.12735027551230155,85
3691,0,8124,2755,5369,0,0,0,1.0,1,1.0,1,1.0,1,0.12304000677226617,86
3692,1,8125,2755,5370,0,0,0,1.0,1,1.0,1,1.0,1,0.11344077651855201,86
3693,0,8125,2755,5370,0,0,0,1.0,1,1.0,1,1.0,1,0.11344077651855201,86
3694,0,8125,2755,5370,0,0,0,1.0,1,1.0,1,1.0,1,0.11344077651855201,86
3695,3,8128,2758,5370,0,0,0,1.0,1,1.0,1,1.0,1,0.15585636853347376,86
3696,4,8132,2758,5374,0,0,0,1.0,1,1.0,1,1.0,1,0.11617206269342621,87
3697,3,8135,2760,5375,0,0,0,1.0,1,1.0,1,1.0,1,0.13222287899280896,85
3698,0,8135,2760,5375,0,0,0,1.0,1,1.0,1,1.0,1,0.13106364996263353,85
3699,0,8135,2760,5375,0,0,0,1.0,1,1.0,1,1.0,1,0.12448427912310783,85
3700,2,8137,2762,5375,0,0,0,1.0,1,1.0,1,1.0,1,0.13820541020469843,84
3701,6,8143,2762,5381,0,0,0,1.0,1,1.0,1,1.0,1,0.1431331663375178,85
3702,8,8151,2765,5386,0,0,0,1.0,1,1.0,1,1.0,1,0.14794573160683877,85
3703,11,8162,2765,5397,0,0,0,1.0,1,1.0,1,1.0,1,0.15789348101508283,85
3704,15,8177,2767,5410,0,0,0,1.0,1,1.0,1,1.0,1,0.18265748321412975,85
3705,12,8189,2767,5422,0,0,0,1.0,1,1.0,1,1.0,1,0.15131880385226337,86
3706,1,8190,2767,5423,0,0,0,1.0,1,1.0,1,1.0,1,0.1325406772951815,86
3707,2,8192,2769,5423,0,0,0,1.0,1,1.0,1,1.0,1,0.15330144953062133,85
3708,2,8194,2769,5425,0,0,0,1.0,1,1.0,1,1.0,1,0.1401233066688569,84
3709,0,8194,2769,5425,0,0,0,1.0,1,1.0,1,1.0,1,0.13696621814572701,85
3710,0,8194,2769,5425,0,0,0,1.0,1,1.0,1,1.0,1,0.14171009766036802,84
3711,1,8195,2769,5426,0,0,0,1.0,1,1.0,1,1.0,1,0.13715919326323092,85
3712,4,8199,2769,5430,0,0,0,1.0,1,1.0,1,1.0,1,0.10659787104077952,85
3713,0,8199,2769,5430,0,0,0,1.0,1,1.0,1,1.0,1,0.10659787104077952,85
3714,2,8201,2770,5431,0,0,0,1.0,1,1.0,1,1.0,1,0.12557522606700172,85
3715,1,8202,2771,5431,0,0,0,1.0,1,1.0,1,1.0,1,0.12364156082701391,85
3716,1,8203,2771,5432,0,0,0,1.0,1,1.0,1,1.0,1,0.12995816416547354,84
3717,3,8206,2771,5435,0,0,0,1.0,1,1.0,1,1.0,1,0.1263201246002965,86
3718,2,8208,2772,5436,0,0,0,1.0,1,1.0,1,1.0,1,0.13676431891099844,85
3719,5,8213,2774,5439,0,0,0,1.0,1,1.0,1,1.0,1,0.14276351754534064,84
3720,0,8213,2774,5439,0,0,0,1.0,1,1.0,1,1.0,1,0.1626124656576446,84
3721,6,8219,2776,5443,0,0,0,1.0,1,1.0,1,1.0,1,0.13362902959592146,85
3722,1,8220,2777,5443,0,0,0,1.0,1,1.0,1,1.0,1,0.13850462960022725,85
3723,1,8221,2777,5444,0,0,0,1.0,1,1.0,1,1.0,1,0.15031217106449268,85
3724,1,8222,2777,5445,0,0,0,1.0,1,1.0,1,1.0,1,0.13726572673011023,86
3725,1,8223,2778,5445,0,0,0,1.0,1,1.0,1,1.0,1,0.13027242274357284,86
3726,3,8226,2779,5447,0,0,0,1.0,1,1.0,1,1.0,1,0.1308459823019489,86
3727,0,8226,2779,5447,0,0,0,1.0,1,1.0,1,1.0,1,0.1308459823019489,86
3728,0,8226,2779,5447,0,0,0,1.0,1,1.0,1,1.0,1,0.1308459823019489,86
3729,0,8226,2779,5447,0,0,0,1.0,1,1.0,1,1.0,1,0.1308459823019489,86
3730,0,8226,2779,5447,0,0,0,1.0,1,1.0,1,1.0,1,0.1427715877567077,85
3731,2,8228,2779,5449,0,0,0,1.0,1,1.0,1,1.0,1,0.1387056577274113,86
3732,1,8229,2780,5449,0,0,0,1.0,1,1.0,1,1.0,1,0.14870221212183563,87
3733,3,8232,2781,5451,0,0,0,1.0,1,1.0,1,1.0,1,0.15488051720567528,87
3734,1,8233,2781,5452,0,0,0,1.0,1,1.0,1,1.0,1,0.15164547096977352,87
3735,3,8236,2782,5454,0,0,0,1.0,1,1.0,1,1.0,1,0.14117615698908256,86
3736,0,8236,2782,5454,0,0,0,1.0,1,1.0,1,1.0,1,0.13619252674564455,87
3737,2,8238,2784,5454,0,0,0,1.0,1,1.0,1,1.0,1,0.1580244378093441,87
3738,3,8241,2785,5456,0,0,0,1.0,1,1.0,1,1.0,1,0.14824384134319757,87
3739,2,8243,2785,5458,0,0,0,1.0,1,1.0,1,1.0,1,0.13017790481657124,88
3740,3,8246,2785,5461,0,0,0,1.0,1,1.0,1,1.0,1,0.12472772946084829,87
3741,2,8248,2785,5463,0,0,0,1.0,1,1.0,1,1.0,1,0.11527979557592645,87
3742,2,8250,2786,5464,0,0,0,1.0,1,1.0,1,1.0,1,0.11083642619899861,86
3743,0,8250,2786,5464,0,0,0,1.0,1,1.0,1,1.0,1,0.12881667962147172,84
3744,3,8253,2787,5466,0,0,0,1.0,1,1.0,1,1.0,1,0.15782032469770158,83
3745,2,8255,2787,5468,0,0,0,1.0,1,1.0,1,1.0,1,0.16428988363484262,83
3746,9,8264,2788,5476,0,0,0,1.0,1,1.0,1,1.0,1,0.14251588789185887,83
3747,1,8265,2789,5476,0,0,0,1.0,1,1.0,1,1.0,1,0.155772787351542,81
3748,0,8265,2789,5476,0,0,0,1.0,1,1.0,1,1.0,1,0.15435267954057694,81
3749,0,8265,2789,5476,0,0,0,1.0,1,1.0,1,1.0,1,0.1635559827006886,80
3750,0,8265,2789,5476,0,0,0,1.0,1,1.0,1,1.0,1,0.17316484873064333,79
3751,8,8273,2791,5482,0,0,0,1.0,1,1.0,1,1.0,1,0.15384222294357133,80
3752,3,8276,2792,5484,0,0,0,1.0,1,1.0,1,1.0,1,0.17146089799949005,80
3753,8,8284,2795,5489,0,0,0,1.0,1,1.0,1,1.0,1,0.16390453475473302,81
3754,5,8289,2796,5493,0,0,0,1.0,1,1.0,1,1.0,1,0.16790372257947397,81
3755,6,8295,2798,5497,0,0,0,1.0,1,1.0,1,1.0,1,0.17311253974278767,80
3756,6,8301,2799,5502,0,0,0,1.0,1,1.0,1,1.0,1,0.17970536286472147,79
3757,1,8302,2799,5503,0,0,0,1.0,1,1.0,1,1.0,1,0.1863208548744045,80
3758,3,8305,2799,5506,0,0,0,1.0,1,1.0,1,1.0,1,0.19399244780233124,79
3759,3,8308,2800,5508,0,0,0,1.0,1,1.0,1,1.0,1,0.1999007140545782,79
3760,1,8309,2800,5509,0,0,0,1.0,1,1.0,1,1.0,1,0.19940365120837125,79
3761,1,8310,2800,5510,0,0,0,1.0,1,1.0,1,1.0,1,0.20956886155382842,78
3762,4,8314,2800,5514,0,0,0,1.0,1,1.0,1,1.0,1,0.18843330410596745,80
3763,1,8315,2800,5515,0,0,0,1.0,1,1.0,1,1.0,1,0.18538073213660206,80
3764,1,8316,2801,5515,0,0,0,1.0,1,1.0,1,1.0,1,0.20245014967674926,80
3765,6,8322,2802,5520,0,0,0,1.0,1,1.0,1,1.0,1,0.19378984042801392,81
3766,7,8329,2803,5526,0,0,0,1.0,1,1.0,1,1.0,1,0.17403262463441496,83
3767,2,8331,2803,5528,0,0,0,1.0,1,1.0,1,1.0,1,0.16305676294408758,83
3768,1,8332,2803,5529,0,0,0,1.0,1,1.0,1,1.0,1,0.16894531159750967,84
3769,0,8332,2803,5529,0,0,0,1.0,1,1.0,1,1.0,1,0.15147186276731406,86
3770,1,8333,2803,5530,0,0,0,1.0,1,1.0,1,1.0,1,0.14862448987914514,87
3771,4,8337,2804,5533,0,0,0,1.0,1,1.0,1,1.0,1,0.1382911738004868,87
3772,1,8338,2804,5534,0,0,0,1.0,1,1.0,1,1.0,1,0.1495841618077947,88
3773,2,8340,2804,5536,0,0,0,1.0,1,1.0,1,1.0,1,0.14389360270033788,85
3774,2,8342,2805,5537,0,0,0,1.0,1,1.0,1,1.0,1,0.14338600502054055,85
3775,2,8344,2806,5538,0,0,0,1.0,1,1.0,1,1.0,1,0.17513993943266626,83
3776,9,8353,2809,5544,0,0,0,1.0,1,1.0,1,1.0,1,0.17917432020272553,82
3777,6,8359,2810,5549,0,0,0,1.0,1,1.0,1,1.0,1,0.14921100670113216,81
3778,0,8359,2810,5549,0,0,0,1.0,1,1.0,1,1.0,1,0.151845538305077,81
3779,2,8361,2811,5550,0,0,0,1.0,1,1.0,1,1.0,1,0.16107048815518765,80
3780,3,8364,2811,5553,0,0,0,1.0,1,1.0,1,1.0,1,0.16870820200818235,80
3781,3,8367,2811,5556,0,0,0,1.0,1,1.0,1,1.0,1,0.15167918427631785,80
3782,0,8367,2811,5556,0,0,0,1.0,1,1.0,1,1.0,1,0.15167918427631785,80
3783,0,8367,2811,5556,0,0,0,1.0,1,1.0,1,1.0,1,0.1450234933851471,80
3784,1,8368,2812,5556,0,0,0,1.0,1,1.0,1,1.0,1,0.16534737192019724,79
3785,2,8370,2813,5557,0,0,0,1.0,1,1.0,1,1.0,1,0.19147827206080942,77
3786,3,8373,2813,5560,0,0,0,1.0,1,1.0,1,1.0,1,0.17363877753485465,78
3787,3,8376,2815,5561,0,0,0,1.0,1,1.0,1,1.0,1,0.1790952937325472,77
3788,3,8379,2816,5563,0,0,0,1.0,1,1.0,1,1.0,1,0.1649261163634099,78
3789,4,8383,2819,5564,0,0,0,1.0,1,1.0,1,1.0,1,0.18798298791081294,77
3790,2,8385,2820,5565,0,0,0,1.0,1,1.0,1,1.0,1,0.1928272963279832,77
3791,5,8390,2820,5570,0,0,0,1.0,1,1.0,1,1.0,1,0.1673501015190657,77
3792,0,8390,2820,5570,0,0,0,1.0,1,1.0,1,1.0,1,0.15279204038653338,78
3793,2,8392,2821,5571,0,0,0,1.0,1,1.0,1,1.0,1,0.154585267835838,80
3794,2,8394,2821,5573,0,0,0,1.0,1,1.0,1,1.0,1,0.14144097976636294,82
3795,1,8395,2821,5574,0,0,0,1.0,1,1.0,1,1.0,1,0.14603915726954245,83
3796,4,8399,2821,5578,0,0,0,1.0,1,1.0,1,1.0,1,0.12376598866820109,83
3797,1,8400,2821,5579,0,0,0,1.0,1,1.0,1,1.0,1,0.12325203360641857,82
3798,1,8401,2822,5579,0,0,0,1.0,1,1.0,1,1.0,1,0.1261783887447966,82
3799,4,8405,2822,5583,0,0,0,1.0,1,1.0,1,1.0,1,0.11582147693071206,83
3800,3,8408,2823,5585,0,0,0,1.0,1,1.0,1,1.0,1,0.1296603846249525,83
3801,3,8411,2823,5588,0,0,0,1.0,1,1.0,1,1.0,1,0.10885927283747256,83
3802,0,8411,2823,5588,0,0,0,1.0,1,1.0,1,1.0,1,0.12303548475739216,82
3803,0,8411,2823,5588,0,0,0,1.0,1,1.0,1,1.0,1,0.12088991737731038,84
3804,2,8413,2823,5590,0,0,0,1.0,1,1.0,1,1.0,1,0.11683761643291164,84
3805,2,8415,2824,5591,0,0,0,1.0,1,1.0,1,1.0,1,0.14152347923341976,86
3806,2,8417,2824,5593,0,0,0,1.0,1,1.0,1,1.0,1,0.1360668442006977,86
3807,1,8418,2825,5593,0,0,0,1.0,1,1.0,1,1.0,1,0.1480843795934705,86
3808,1,8419,2825,5594,0,0,0,1.0,1,1.0,1,1.0,1,0.1415686406861387,85
3809,2,8421,2826,5595,0,0,0,1.0,1,1.0,1,1.0,1,0.14377073397964832,85
3810,0,8421,2826,5595,0,0,0,1.0,1,1.0,1,1.0,1,0.14377073397964832,85
3811,4,8425,2827,5598,0,0,0,1.0,1,1.0,1,1.0,1,0.12533842858417563,84
3812,1,8426,2828,5598,0,0,0,1.0,1,1.0,1,1.0,1,0.12898682545844994,83
3813,0,8426,2828,5598,0,0,0,1.0,1,1.0,1,1.0,1,0.12906381500703998,82
3814,2,8428,2830,5598,0,0,0,1.0,1,1.0,1,1.0,1,0.13425662049086132,81
3815,4,8432,2830,5602,0,0,0,1.0,1,1.0,1,1.0,1,0.11743469536852698,82
3816,3,8435,2830,5605,0,0,0,1.0,1,1.0,1,1.0,1,0.09091650850451798,81
3817,2,8437,2830,5607,0,0,0,1.0,1,1.0,1,1.0,1,0.09091650850451798,81
3818,2,8439,2832,5607,0,0,0,1.0,1,1.0,1,1.0,1,0.12061426274684167,81
3819,4,8443,2834,5609,0,0,0,1.0,1,1.0,1,1.0,1,0.1454726167252775,82
3820,5,8448,2834,5614,0,0,0,1.0,1,1.0,1,1.0,1,0.15420350787503725,84
3821,4,8452,2835,5617,0,0,0,1.0,1,1.0,1,1.0,1,0.1638017664031805,84
3822,1,8453,2835,5618,0,0,0,1.0,1,1.0,1,1.0,1,0.1286399906620712,82
3823,2,8455,2837,5618,0,0,0,1.0,1,1.0,1,1.0,1,0.12393991815068742,81
3824,3,8458,2838,5620,0,0,0,1.0,1,1.0,1,1.0,1,0.14026328327492357,78
3825,0,8458,2838,5620,0,0,0,1.0,1,1.0,1,1.0,1,0.1605967573690667,76
3826,7,8465,2839,5626,0,0,0,1.0,1,1.0,1,1.0,1,0.12649130737729444,76
3827,1,8466,2840,5626,0,0,0,1.0,1,1.0,1,1.0,1,0.1483066566922796,75
3828,2,8468,2841,5627,0,0,0,1.0,1,1.0,1,1.0,1,0.15284146647835634,74
3829,4,8472,2843,5629,0,0,0,1.0,1,1.0,1,1.0,1,0.1752735482733735,74
3830,1,8473,2843,5630,0,0,0,1.0,1,1.0,1,1.0,1,0.17833886551075254,74
3831,8,8481,2845,5636,0,0,0,1.0,1,1.0,1,1.0,1,0.16350833241165608,74
3832,1,8482,2845,5637,0,0,0,1.0,1,1.0,1,1.0,1,0.15326640137998457,73
3833,2,8484,2847,5637,0,0,0,1.0,1,1.0,1,1.0,1,0.16604209969030057,73
3834,2,8486,2848,5638,0,0,0,1.0,1,1.0,1,1.0,1,0.1896512653701887,74
3835,6,8492,2849,5643,0,0,0,1.0,1,1.0,1,1.0,1,0.18979296677045854,75
3836,9,8501,2849,5652,0,0,0,1.0,1,1.0,1,1.0,1,0.11188472134118921,75
3837,5,8506,2850,5656,0,0,0,1.0,1,1.0,1,1.0,1,0.12392261413169021,78
3838,5,8511,2851,5660,0,0,0,1.0,1,1.0,1,1.0,1,0.12708384265674766,78
3839,5,8516,2851,5665,0,0,0,1.0,1,1.0,1,1.0,1,0.117859171452357,79
3840,6,8522,2852,5670,0,0,0,1.0,1,1.0,1,1.0,1,0.14660474511983834,82
3841,4,8526,2852,5674,0,0,0,1.0,1,1.0,1,1.0,1,0.09971182499207212,82
3842,0,8526,2852,5674,0,0,0,1.0,1,1.0,1,1.0,1,0.09848237570757813,82
3843,0,8526,2852,5674,0,0,0,1.0,1,1.0,1,1.0,1,0.09848237570757813,82
3844,1,8527,2852,5675,0,0,0,1.0,1,1.0,1,1.0,1,0.08810862366705398,83
3845,2,8529,2852,5677,0,0,0,1.0,1,1.0,1,1.0,1,0.07621544142519784,84
3846,3,8532,2852,5680,0,0,0,1.0,1,1.0,1,1.0,1,0.06638972257603115,85
3847,0,8532,2852,5680,0,0,0,1.0,1,1.0,1,1.0,1,0.0770764067312405,84
3848,1,8533,2853,5680,0,0,0,1.0,1,1.0,1,1.0,1,0.09308679826894642,84
3849,2,8535,2853,5682,0,0,0,1.0,1,1.0,1,1.0,1,0.07127573536016808,83
3850,0,8535,2853,5682,0,0,0,1.0,1,1.0,1,1.0,1,0.08874100102485433,80
3851,3,8538,2853,5685,0,0,0,1.0,1,1.0,1,1.0,1,0.06556444643154381,80
3852,0,8538,2853,5685,0,0,0,1.0,1,1.0,1,1.0,1,0.07827788066406938,79
3853,1,8539,2854,5685,0,0,0,1.0,1,1.0,1,1.0,1,0.08349835408777039,79
3854,1,8540,2855,5685,0,0,0,1.0,1,1.0,1,1.0,1,0.10257162082205513,78
3855,2,8542,2856,5686,0,0,0,1.0,1,1.0,1,1.0,1,0.11536399149284647,78
3856,4,8546,2857,5689,0,0,0,1.0,1,1.0,1,1.0,1,0.11394912318875773,80
3857,4,8550,2858,5692,0,0,0,1.0,1,1.0,1,1.0,1,0.1057794442018246,81
3858,2,8552,2860,5692,0,0,0,1.0,1,1.0,1,1.0,1,0.12448455835615523,81
3859,0,8552,2860,5692,0,0,0,1.0,1,1.0,1,1.0,1,0.1307059722704507,83
3860,0,8552,2860,5692,0,0,0,1.0,1,1.0,1,1.0,1,0.13400661909304531,82
3861,2,8554,2860,5694,0,0,0,1.0,1,1.0,1,1.0,1,0.12613448880063236,84
3862,2,8556,2861,5695,0,0,0,1.0,1,1.0,1,1.0,1,0.1377335939433046,85
3863,1,8557,2861,5696,0,0,0,1.0,1,1.0,1,1.0,1,0.12486624740759576,84
3864,1,8558,2862,5696,0,0,0,1.0,1,1.0,1,1.0,1,0.11793494752568003,83
3865,1,8559,2863,5696,0,0,0,1.0,1,1.0,1,1.0,1,0.11615490160162995,82
3866,0,8559,2863,5696,0,0,0,1.0,1,1.0,1,1.0,1,0.11310475870347993,81
3867,4,8563,2867,5696,0,0,0,1.0,1,1.0,1,1.0,1,0.13299812570401798,81
3868,5,8568,2868,5700,0,0,0,1.0,1,1.0,1,1.0,1,0.11502469237733833,81
3869,4,8572,2870,5702,0,0,0,1.0,1,1.0,1,1.0,1,0.1144033992055179,81
3870,1,8573,2870,5703,0,0,0,1.0,1,1.0,1,1.0,1,0.11431021209547554,80
3871,5,8578,2871,5707,0,0,0,1.0,1,1.0,1,1.0,1,0.09236602968374809,82
3872,2,8580,2872,5708,0,0,0,1.0,1,1.0,1,1.0,1,0.08696812355944573,81
3873,0,8580,2872,5708,0,0,0,1.0,1,1.0,1,1.0,1,0.08696812355944573,81
3874,1,8581,2873,5708,0,0,0,1.0,1,1.0,1,1.0,1,0.09813337174714691,78
3875,1,8582,2873,5709,0,0,0,1.0,1,1.0,1,1.0,1,0.08371484095965577,77
3876,5,8587,2875,5712,0,0,0,1.0,1,1.0,1,1.0,1,0.09063826544976672,78
3877,1,8588,2876,5712,0,0,0,1.0,1,1.0,1,1.0,1,0.08014064640721169,75
3878,0,8588,2876,5712,0,0,0,1.0,1,1.0,1,1.0,1,0.08014064640721169,75
3879,0,8588,2876,5712,0,0,0,1.0,1,1.0,1,1.0,1,0.09769039336583789,73
3880,1,8589,2876,5713,0,0,0,1.0,1,1.0,1,1.0,1,0.08683380773274106,74
3881,1,8590,2876,5714,0,0,0,1.0,1,1.0,1,1.0,1,0.08317339529281961,75
3882,3,8593,2876,5717,0,0,0,1.0,1,1.0,1,1.0,1,0.06072249307250404,76
3883,0,8593,2876,5717,0,0,0,1.0,1,1.0,1,1.0,1,0.07115759516254766,77
3884,6,8599,2879,5720,0,0,0,1.0,1,1.0,1,1.0,1,0.08362139685389844,78
3885,0,8599,2879,5720,0,0,0,1.0,1,1.0,1,1.0,1,0.08362139685389844,78
3886,4,8603,2880,5723,0,0,0,1.0,1,1.0,1,1.0,1,0.049330200879890734,79
3887,1,8604,2880,5724,0,0,0,1.0,1,1.0,1,1.0,1,0.0538699936162842,78
3888,4,8608,2882,5726,0,0,0,1.0,1,1.0,1,1.0,1,0.07906788887384708,80
3889,4,8612,2883,5729,0,0,0,1.0,1,1.0,1,1.0,1,0.08923275586734682,82
3890,4,8616,2884,5732,0,0,0,1.0,1,1.0,1,1.0,1,0.08576955957878887,82
3891,4,8620,2885,5735,0,0,0,1.0,1,1.0,1,1.0,1,0.07794223340557103,85
3892,8,8628,2888,5740,0,0,0,1.0,1,1.0,1,1.0,1,0.08264124393338568,87
3893,3,8631,2888,5743,0,0,0,1.0,1,1.0,1,1.0,1,0.06694766845798888,86
3894,0,8631,2888,5743,0,0,0,1.0,1,1.0,1,1.0,1,0.073291896187284,87
3895,2,8633,2890,5743,0,0,0,1.0,1,1.0,1,1.0,1,0.08965735559853659,87
3896,1,8634,2890,5744,0,0,0,1.0,1,1.0,1,1.0,1,0.09152253997991557,85
3897,1,8635,2891,5744,0,0,0,1.0,1,1.0,1,1.0,1,0.0942110467392784,85
3898,8,8643,2893,5750,0,0,0,1.0,1,1.0,1,1.0,1,0.10718458075595268,86
3899,3,8646,2895,5751,0,0,0,1.0,1,1.0,1,1.0,1,0.1237618320520907,86
3900,6,8652,2896,5756,0,0,0,1.0,1,1.0,1,1.0,1,0.1287874981016372,86
3901,8,8660,2898,5762,0,0,0,1.0,1,1.0,1,1.0,1,0.12570496432941025,86
3902,7,8667,2899,5768,0,0,0,1.0,1,1.0,1,1.0,1,0.10630463303244998,87
3903,1,8668,2899,5769,0,0,0,1.0,1,1.0,1,1.0,1,0.09070413839657478,87
3904,1,8669,2900,5769,0,0,0,1.0,1,1.0,1,1.0,1,0.09434546979135558,85
3905,1,8670,2901,5769,0,0,0,1.0,1,1.0,1,1.0,1,0.08157349163399079,84
3906,5,8675,2903,5772,0,0,0,1.0,1,1.0,1,1.0,1,0.08762952236671612,86
3907,3,8678,2903,5775,0,0,0,1.0,1,1.0,1,1.0,1,0.05145021784893276,84
3908,0,8678,2903,5775,0,0,0,1.0,1,1.0,1,1.0,1,0.05621639012432932,83
3909,1,8679,2903,5776,0,0,0,1.0,1,1.0,1,1.0,1,0.06083217270042177,81
3910,2,8681,2905,5776,0,0,0,1.0,1,1.0,1,1.0,1,0.11401029997461049,82
3911,11,8692,2908,5784,0,0,0,1.0,1,1.0,1,1.0,1,0.0644053161200908,81
3912,2,8694,2908,5786,0,0,0,1.0,1,1.0,1,1.0,1,0.06689230800914375,80
3913,3,8697,2910,5787,0,0,0,1.0,1,1.0,1,1.0,1,0.07810137926819317,80
3914,2,8699,2911,5788,0,0,0,1.0,1,1.0,1,1.0,1,0.09628366895406014,81
3915,5,8704,2914,5790,0,0,0,1.0,1,1.0,1,1.0,1,0.10796706298063419,81
3916,10,8714,2916,5798,0,0,0,1.0,1,1.0,1,1.0,1,0.09158176683278837,81
3917,2,8716,2916,5800,0,0,0,1.0,1,1.0,1,1.0,1,0.07193850949829299,82
3918,6,8722,2917,5805,0,0,0,1.0,1,1.0,1,1.0,1,0.0880121486966788,85
3919,1,8723,2917,5806,0,0,0,1.0,1,1.0,1,1.0,1,0.08536127821215206,85
3920,2,8725,2917,5808,0,0,0,1.0,1,1.0,1,1.0,1,0.07172279019388639,85
3921,4,8729,2919,5810,0,0,0,1.0,1,1.0,1,1.0,1,0.08033601075446593,88
3922,0,8729,2919,5810,0,0,0,1.0,1,1.0,1,1.0,1,0.08033601075446593,88
3923,0,8729,2919,5810,0,0,0,1.0,1,1.0,1,1.0,1,0.07288353512413169,89
3924,1,8730,2919,5811,0,0,0,1.0,1,1.0,1,1.0,1,0.07459228310432088,90
3925,1,8731,2920,5811,0,0,0,1.0,1,1.0,1,1.0,1,0.0838169225281998,88
3926,3,8734,2920,5814,0,0,0,1.0,1,1.0,1,1.0,1,0.0656958036163546,89
3927,1,8735,2921,5814,0,0,0,1.0,1,1.0,1,1.0,1,0.08346896766599672,89
3928,1,8736,2921,5815,0,0,0,1.0,1,1.0,1,1.0,1,0.08874621484444284,88
3929,0,8736,2921,5815,0,0,0,1.0,1,1.0,1,1.0,1,0.08874621484444284,88
3930,0,8736,2921,5815,0,0,0,1.0,1,1.0,1,1.0,1,0.10211442742277806,87
3931,5,8741,2923,5818,0,0,0,1.0,1,1.0,1,1.0,1,0.08478432529014727,86
3932,1,8742,2924,5818,0,0,0,1.0,1,1.0,1,1.0,1,0.09982155672601355,85
3933,0,8742,2924,5818,0,0,0,1.0,1,1.0,1,1.0,1,0.09945106879822996,84
3934,3,8745,2925,5820,0,0,0,1.0,1,1.0,1,1.0,1,0.09066520697742554,85
3935,2,8747,2927,5820,0,0,0,1.0,1,1.0,1,1.0,1,0.10470616364667411,84
3936,3,8750,2927,5823,0,0,0,1.0,1,1.0,1,1.0,1,0.08157589879943,84
3937,0,8750,2927,5823,0,0,0,1.0,1,1.0,1,1.0,1,0.10158857460054971,82
3938,0,8750,2927,5823,0,0,0,1.0,1,1.0,1,1.0,1,0.10158857460054971,82
3939,1,8751,2927,5824,0,0,0,1.0,1,1.0,1,1.0,1,0.09136152272589038,84
3940,5,8756,2929,5827,0,0,0,1.0,1,1.0,1,1.0,1,0.08652461791315244,84
3941,3,8759,2929,5830,0,0,0,1.0,1,1.0,1,1.0,1,0.05339073344545058,85
3942,4,8763,2931,5832,0,0,0,1.0,1,1.0,1,1.0,1,0.04573474905137596,85
3943,0,8763,2931,5832,0,0,0,1.0,1,1.0,1,1.0,1,0.03809589531036117,84
3944,2,8765,2933,5832,0,0,0,1.0,1,1.0,1,1.0,1,0.08485452524614866,83
3945,4,8769,2934,5835,0,0,0,1.0,1,1.0,1,1.0,1,0.09854679533041069,83
3946,5,8774,2935,5839,0,0,0,1.0,1,1.0,1,1.0,1,0.08432592729477584,83
3947,0,8774,2935,5839,0,0,0,1.0,1,1.0,1,1.0,1,0.08432592729477584,83
3948,4,8778,2937,5841,0,0,0,1.0,1,1.0,1,1.0,1,0.10583109743716901,84
3949,1,8779,2937,5842,0,0,0,1.0,1,1.0,1,1.0,1,0.12364436463754368,84
3950,2,8781,2938,5843,0,0,0,1.0,1,1.0,1,1.0,1,0.1294369550260869,86
3951,5,8786,2938,5848,0,0,0,1.0,1,1.0,1,1.0,1,0.105984772831466,87
3952,0,8786,2938,5848,0,0,0,1.0,1,1.0,1,1.0,1,0.09930980583210894,86
3953,2,8788,2939,5849,0,0,0,1.0,1,1.0,1,1.0,1,0.11112253746691639,86
3954,2,8790,2939,5851,0,0,0,1.0,1,1.0,1,1.0,1,0.10018844490803737,85
3955,2,8792,2940,5852,0,0,0,1.0,1,1.0,1,1.0,1,0.11853825734178246,85
3956,4,8796,2940,5856,0,0,0,1.0,1,1.0,1,1.0,1,0.08855261699881577,84
3957,1,8797,2940,5857,0,0,0,1.0,1,1.0,1,1.0,1,0.08609070353812996,85
3958,3,8800,2941,5859,0,0,0,1.0,1,1.0,1,1.0,1,0.08950943367254904,84
3959,1,8801,2941,5860,0,0,0,1.0,1,1.0,1,1.0,1,0.10506529205822344,83
3960,4,8805,2943,5862,0,0,0,1.0,1,1.0,1,1.0,1,0.1246053830381011,84
3961,5,8810,2944,5866,0,0,0,1.0,1,1.0,1,1.0,1,0.11859074339216774,83
3962,0,8810,2944,5866,0,0,0,1.0,1,1.0,1,1.0,1,0.10292812480723995,84
3963,2,8812,2945,5867,0,0,0,1.0,1,1.0,1,1.0,1,0.13154180661485684,81
3964,4,8816,2947,5869,0,0,0,1.0,1,1.0,1,1.0,1,0.16369139548033954,81
3965,4,8820,2948,5872,0,0,0,1.0,1,1.0,1,1.0,1,0.13891879694303538,81
3966,7,8827,2950,5877,0,0,0,1.0,1,1.0,1,1.0,1,0.10622272688245886,79
3967,4,8831,2950,5881,0,0,0,1.0,1,1.0,1,1.0,1,0.07470914804019198,81
3968,1,8832,2950,5882,0,0,0,1.0,1,1.0,1,1.0,1,0.09687996797531627,79
3969,5,8837,2953,5884,0,0,0,1.0,1,1.0,1,1.0,1,0.10031180888044054,79
3970,2,8839,2954,5885,0,0,0,1.0,1,1.0,1,1.0,1,0.12159780259808163,78
3971,1,8840,2954,5886,0,0,0,1.0,1,1.0,1,1.0,1,0.11947883622123866,77
3972,2,8842,2955,5887,0,0,0,1.0,1,1.0,1,1.0,1,0.12043102121010363,78
3973,1,8843,2956,5887,0,0,0,1.0,1,1.0,1,1.0,1,0.1338244374631429,77
3974,0,8843,2956,5887,0,0,0,1.0,1,1.0,1,1.0,1,0.1338244374631429,77
3975,3,8846,2958,5888,0,0,0,1.0,1,1.0,1,1.0,1,0.18174799705160738,76
3976,5,8851,2958,5893,0,0,0,1.0,1,1.0,1,1.0,1,0.1326369796821136,77
3977,0,8851,2958,5893,0,0,0,1.0,1,1.0,1,1.0,1,0.13730841796252208,78
3978,2,8853,2958,5895,0,0,0,1.0,1,1.0,1,1.0,1,0.12993598531434436,79
3979,2,8855,2958,5897,0,0,0,1.0,1,1.0,1,1.0,1,0.12948899888934254,79
3980,2,8857,2959,5898,0,0,0,1.0,1,1.0,1,1.0,1,0.12911440623736115,79
3981,4,8861,2960,5901,0,0,0,1.0,1,1.0,1,1.0,1,0.1459554031619653,83
3982,3,8864,2960,5904,0,0,0,1.0,1,1.0,1,1.0,1,0.12047692759613565,83
3983,2,8866,2961,5905,0,0,0,1.0,1,1.0,1,1.0,1,0.11563108827628628,82
3984,3,8869,2961,5908,0,0,0,1.0,1,1.0,1,1.0,1,0.10618125339678532,83
3985,3,8872,2962,5910,0,0,0,1.0,1,1.0,1,1.0,1,0.11390776677570391,84
3986,7,8879,2965,5914,0,0,0,1.0,1,1.0,1,1.0,1,0.14123752933752495,83
3987,3,8882,2965,5917,0,0,0,1.0,1,1.0,1,1.0,1,0.12285215159009023,82
3988,1,8883,2965,5918,0,0,0,1.0,1,1.0,1,1.0,1,0.12758584256935707,83
3989,0,8883,2965,5918,0,0,0,1.0,1,1.0,1,1.0,1,0.1336354426348635,81
3990,1,8884,2965,5919,0,0,0,1.0,1,1.0,1,1.0,1,0.12324018285372962,81
3991,4,8888,2965,5923,0,0,0,1.0,1,1.0,1,1.0,1,0.1075280677938529,79
3992,2,8890,2965,5925,0,0,0,1.0,1,1.0,1,1.0,1,0.09217945907067666,81
3993,3,8893,2966,5927,0,0,0,1.0,1,1.0,1,1.0,1,0.07896138976455157,80
3994,1,8894,2966,5928,0,0,0,1.0,1,1.0,1,1.0,1,0.07754892213267746,80
3995,1,8895,2966,5929,0,0,0,1.0,1,1.0,1,1.0,1,0.07020569005338312,81
3996,1,8896,2966,5930,0,0,0,1.0,1,1.0,1,1.0,1,0.09020046012401131,80
3997,1,8897,2967,5930,0,0,0,1.0,1,1.0,1,1.0,1,0.09030663636002154,81
3998,2,8899,2968,5931,0,0,0,1.0,1,1.0,1,1.0,1,0.0834418678460834,82
3999,2,8901,2969,5932,0,0,0,1.0,1,1.0,1,1.0,1,0.10037341523040488,82
4000,4,8905,2972,5933,0,0,0,1.0,1,1.0,1,1.0,1,0.1073511140075388,82
4001,3,8908,2973,5935,0,0,0,1.0,1,1.0,1,1.0,1,0.1013556347240676,81
4002,4,8912,2975,5937,0,0,0,1.0,1,1.0,1,1.0,1,0.10090898993926464,81
4003,4,8916,2977,5939,0,0,0,1.0,1,1.0,1,1.0,1,0.12490119895666414,81
4004,2,8918,2979,5939,0,0,0,1.0,1,1.0,1,1.0,1,0.12284560158759948,80
4005,1,8919,2980,5939,0,0,0,1.0,1,1.0,1,1.0,1,0.13067731423814488,78
4006,4,8923,2980,5943,0,0,0,1.0,1,1.0,1,1.0,1,0.09968404083173406,76
4007,2,8925,2980,5945,0,0,0,1.0,1,1.0,1,1.0,1,0.06890367433183194,75
4008,3,8928,2982,5946,0,0,0,1.0,1,1.0,1,1.0,1,0.06664633032795536,74
4009,4,8932,2985,5947,0,0,0,1.0,1,1.0,1,1.0,1,0.12982335932698283,75
4010,4,8936,2985,5951,0,0,0,1.0,1,1.0,1,1.0,1,0.10676513651185815,75
4011,3,8939,2986,5953,0,0,0,1.0,1,1.0,1,1.0,1,0.10078638932962607,74
4012,2,8941,2987,5954,0,0,0,1.0,1,1.0,1,1.0,1,0.09408635471197434,74
4013,2,8943,2988,5955,0,0,0,1.0,1,1.0,1,1.0,1,0.09202620862498706,74
4014,3,8946,2990,5956,0,0,0,1.0,1,1.0,1,1.0,1,0.11439362306907402,73
4015,2,8948,2991,5957,0,0,0,1.0,1,1.0,1,1.0,1,0.12906535542639577,74
4016,4,8952,2991,5961,0,0,0,1.0,1,1.0,1,1.0,1,0.1105498327257271,74
4017,6,8958,2994,5964,0,0,0,1.0,1,1.0,1,1.0,1,0.13692622596492515,78
4018,3,8961,2994,5967,0,0,0,1.0,1,1.0,1,1.0,1,0.12350034888042363,78
4019,3,8964,2994,5970,0,0,0,1.0,1,1.0,1,1.0,1,0.1326526477636853,78
4020,0,8964,2994,5970,0,0,0,1.0,1,1.0,1,1.0,1,0.1326526477636853,78
4021,3,8967,2995,5972,0,0,0,1.0,1,1.0,1,1.0,1,0.09819988916594433,78
4022,1,8968,2995,5973,0,0,0,1.0,1,1.0,1,1.0,1,0.09525224526305924,79
4023,1,8969,2996,5973,0,0,0,1.0,1,1.0,1,1.0,1,0.09017927501562306,78
4024,1,8970,2997,5973,0,0,0,1.0,1,1.0,1,1.0,1,0.08321614416552683,77
4025,1,8971,2998,5973,0,0,0,1.0,1,1.0,1,1.0,1,0.10911001467664798,76
4026,2,8973,2998,5975,0,0,0,1.0,1,1.0,1,1.0,1,0.08718420080874321,76
4027,2,8975,3000,5975,0,0,0,1.0,1,1.0,1,1.0,1,0.13380105883791588,75
4028,1,8976,3000,5976,0,0,0,1.0,1,1.0,1,1.0,1,0.1141498449566979,76
4029,0,8976,3000,5976,0,0,0,1.0,1,1.0,1,1.0,1,0.13470191356577174,75
4030,1,8977,3001,5976,0,0,0,1.0,1,1.0,1,1.0,1,0.12933304540692916,74
4031,5,8982,3004,5978,0,0,0,1.0,1,1.0,1,1.0,1,0.13442122756181454,73
4032,2,8984,3004,5980,0,0,0,1.0,1,1.0,1,1.0,1,0.11496413983170718,71
4033,2,8986,3005,5981,0,0,0,1.0,1,1.0,1,1.0,1,0.11089022770847683,73
4034,2,8988,3007,5981,0,0,0,1.0,1,1.0,1,1.0,1,0.09385676551116783,72
4035,1,8989,3008,5981,0,0,0,1.0,1,1.0,1,1.0,1,0.09940209671063648,71
4036,6,8995,3010,5985,0,0,0,1.0,1,1.0,1,1.0,1,0.07134116796391568,71
4037,2,8997,3012,5985,0,0,0,1.0,1,1.0,1,1.0,1,0.09897962119222044,70
4038,4,9001,3013,5988,0,0,0,1.0,1,1.0,1,1.0,1,0.11782929708825156,69
4039,5,9006,3014,5992,0,0,0,1.0,1,1.0,1,1.0,1,0.16736724585243812,68
4040,5,9011,3016,5995,0,0,0,1.0,1,1.0,1,1.0,1,0.20675440400599174,69
4041,8,9019,3017,6002,0,0,0,1.0,1,1.0,1,1.0,1,0.2104605015719963,67
4042,5,9024,3017,6007,0,0,0,1.0,1,1.0,1,1.0,1,0.228411376309479,67
4043,6,9030,3018,6012,0,0,0,1.0,1,1.0,1,1.0,1,0.23590876207981318,66
4044,5,9035,3019,6016,0,0,0,1.0,1,1.0,1,1.0,1,0.2360616764604924,65
4045,1,9036,3019,6017,0,0,0,1.0,1,1.0,1,1.0,1,0.23630005214946218,66
4046,6,9042,3019,6023,0,0,0,1.0,1,1.0,1,1.0,1,0.1847762076716371,68
4047,1,9043,3020,6023,0,0,0,1.0,1,1.0,1,1.0,1,0.20195295729516236,68
4048,1,9044,3020,6024,0,0,0,1.0,1,1.0,1,1.0,1,0.2079384490669735,69
4049,0,9044,3020,6024,0,0,0,1.0,1,1.0,1,1.0,1,0.2079384490669735,69
4050,0,9044,3020,6024,0,0,0,1.0,1,1.0,1,1.0,1,0.20793404529523504,69
4051,4,9048,3020,6028,0,0,0,1.0,1,1.0,1,1.0,1,0.1651798071486845,69
4052,2,9050,3020,6030,0,0,0,1.0,1,1.0,1,1.0,1,0.15984334283636467,69
4053,0,9050,3020,6030,0,0,0,1.0,1,1.0,1,1.0,1,0.15984334283636467,69
4054,0,9050,3020,6030,0,0,0,1.0,1,1.0,1,1.0,1,0.15164768173124085,70
4055,2,9052,3020,6032,0,0,0,1.0,1,1.0,1,1.0,1,0.13460756748372388,70
4056,1,9053,3020,6033,0,0,0,1.0,1,1.0,1,1.0,1,0.12095500068878923,70
4057,1,9054,3020,6034,0,0,0,1.0,1,1.0,1,1.0,1,0.10618449122165415,71
4058,0,9054,3020,6034,0,0,0,1.0,1,1.0,1,1.0,1,0.10618449122165415,71
4059,2,9056,3021,6035,0,0,0,1.0,1,1.0,1,1.0,1,0.11160764663180817,72
4060,0,9056,3021,6035,0,0,0,1.0,1,1.0,1,1.0,1,0.1197706803772614,71
4061,3,9059,3022,6037,0,0,0,1.0,1,1.0,1,1.0,1,0.11301529654257977,72
4062,0,9059,3022,6037,0,0,0,1.0,1,1.0,1,1.0,1,0.11301529654257977,72
4063,2,9061,3024,6037,0,0,0,1.0,1,1.0,1,1.0,1,0.14634219845854432,72
4064,4,9065,3026,6039,0,0,0,1.0,1,1.0,1,1.0,1,0.1413253343538384,71
4065,2,9067,3027,6040,0,0,0,1.0,1,1.0,1,1.0,1,0.11279327259745477,70
4066,5,9072,3029,6043,0,0,0,1.0,1,1.0,1,1.0,1,0.11349581322998263,70
4067,1,9073,3029,6044,0,0,0,1.0,1,1.0,1,1.0,1,0.08876522308625735,68
4068,3,9076,3031,6045,0,0,0,1.0,1,1.0,1,1.0,1,0.11232818157433146,70
4069,1,9077,3032,6045,0,0,0,1.0,1,1.0,1,1.0,1,0.10801866046737638,68
4070,1,9078,3033,6045,0,0,0,1.0,1,1.0,1,1.0,1,0.09605333877956836,67
4071,5,9083,3034,6049,0,0,0,1.0,1,1.0,1,1.0,1,0.07969614260605169,68
4072,3,9086,3035,6051,0,0,0,1.0,1,1.0,1,1.0,1,0.07741581354044451,70
4073,5,9091,3040,6051,0,0,0,1.0,1,1.0,1,1.0,1,0.13507691850016174,70
4074,12,9103,3048,6055,0,0,0,1.0,1,1.0,1,1.0,1,0.20263924968919408,71
4075,9,9112,3050,6062,0,0,0,1.0,1,1.0,1,1.0,1,0.2057895542821351,72
4076,15,9127,3052,6075,0,0,0,1.0,1,1.0,1,1.0,1,0.1333732007918089,73
4077,3,9130,3053,6077,0,0,0,1.0,1,1.0,1,1.0,1,0.15618087706971925,72
4078,2,9132,3055,6077,0,0,0,1.0,1,1.0,1,1.0,1,0.1841145613315061,71
4079,2,9134,3055,6079,0,0,0,1.0,1,1.0,1,1.0,1,0.17162049445901073,69
4080,1,9135,3056,6079,0,0,0,1.0,1,1.0,1,1.0,1,0.17559184069203335,67
4081,5,9140,3056,6084,0,0,0,1.0,1,1.0,1,1.0,1,0.12131955423184686,66
4082,1,9141,3056,6085,0,0,0,1.0,1,1.0,1,1.0,1,0.1263475422487794,65
4083,3,9144,3058,6086,0,0,0,1.0,1,1.0,1,1.0,1,0.15410613583279786,64
4084,3,9147,3060,6087,0,0,0,1.0,1,1.0,1,1.0,1,0.18168924582909599,64
4085,2,9149,3060,6089,0,0,0,1.0,1,1.0,1,1.0,1,0.16364235666734941,65
4086,6,9155,3060,6095,0,0,0,1.0,1,1.0,1,1.0,1,0.12412817375848509,66
4087,2,9157,3060,6097,0,0,0,1.0,1,1.0,1,1.0,1,0.12879011766686466,66
4088,4,9161,3061,6100,0,0,0,1.0,1,1.0,1,1.0,1,0.15163978776618245,65
4089,3,9164,3062,6102,0,0,0,1.0,1,1.0,1,1.0,1,0.14263626301199875,65
4090,0,9164,3062,6102,0,0,0,1.0,1,1.0,1,1.0,1,0.15706507994663688,65
4091,1,9165,3062,6103,0,0,0,1.0,1,1.0,1,1.0,1,0.15217666182746434,65
4092,2,9167,3062,6105,0,0,0,1.0,1,1.0,1,1.0,1,0.14378457125975547,64
4093,2,9169,3062,6107,0,0,0,1.0,1,1.0,1,1.0,1,0.11759683395473156,66
4094,1,9170,3063,6107,0,0,0,1.0,1,1.0,1,1.0,1,0.14284729607475374,65
4095,4,9174,3064,6110,0,0,0,1.0,1,1.0,1,1.0,1,0.141862989610407,65
4096,5,9179,3064,6115,0,0,0,1.0,1,1.0,1,1.0,1,0.10896875192121165,67
4097,0,9179,3064,6115,0,0,0,1.0,1,1.0,1,1.0,1,0.10896875192121165,67
4098,2,9181,3066,6115,0,0,0,1.0,1,1.0,1,1.0,1,0.12495138400684845,68
4099,1,9182,3066,6116,0,0,0,1.0,1,1.0,1,1.0,1,0.13256670212642965,69
4100,5,9187,3068,6119,0,0,0,1.0,1,1.0,1,1.0,1,0.15627737423851798,70
4101,6,9193,3069,6124,0,0,0,1.0,1,1.0,1,1.0,1,0.11316631144512482,71
4102,1,9194,3069,6125,0,0,0,1.0,1,1.0,1,1.0,1,0.11208776956448224,71
4103,1,9195,3069,6126,0,0,0,1.0,1,1.0,1,1.0,1,0.11222010391452329,71
4104,4,9199,3072,6127,0,0,0,1.0,1,1.0,1,1.0,1,0.11360257094860413,69
4105,0,9199,3072,6127,0,0,0,1.0,1,1.0,1,1.0,1,0.1327614344584976,67
4106,3,9202,3072,6130,0,0,0,1.0,1,1.0,1,1.0,1,0.11320131532782936,68
4107,2,9204,3072,6132,0,0,0,1.0,1,1.0,1,1.0,1,0.10145718249789634,70
4108,0,9204,3072,6132,0,0,0,1.0,1,1.0,1,1.0,1,0.09888730154991379,70
4109,0,9204,3072,6132,0,0,0,1.0,1,1.0,1,1.0,1,0.10917299872352526,69
4110,0,9204,3072,6132,0,0,0,1.0,1,1.0,1,1.0,1,0.08784568477732976,71
4111,2,9206,3072,6134,0,0,0,1.0,1,1.0,1,1.0,1,0.07579075939244828,70
4112,0,9206,3072,6134,0,0,0,1.0,1,1.0,1,1.0,1,0.07208998777584152,72
4113,0,9206,3072,6134,0,0,0,1.0,1,1.0,1,1.0,1,0.07208998777584152,72
4114,3,9209,3074,6135,0,0,0,1.0,1,1.0,1,1.0,1,0.10425921220073585,72
4115,2,9211,3076,6135,0,0,0,1.0,1,1.0,1,1.0,1,0.0999767683152551,70
4116,5,9216,3077,6139,0,0,0,1.0,1,1.0,1,1.0,1,0.07920709166718518,67
4117,5,9221,3080,6141,0,0,0,1.0,1,1.0,1,1.0,1,0.11769902870856012,67
4118,3,9224,3080,6144,0,0,0,1.0,1,1.0,1,1.0,1,0.13552154541813416,66
4119,4,9228,3081,6147,0,0,0,1.0,1,1.0,1,1.0,1,0.1509078050391776,67
4120,1,9229,3081,6148,0,0,0,1.0,1,1.0,1,1.0,1,0.17711326445092104,64
4121,4,9233,3082,6151,0,0,0,1.0,1,1.0,1,1.0,1,0.16197190530810654,63
4122,2,9235,3083,6152,0,0,0,1.0,1,1.0,1,1.0,1,0.1421470911287925,63
4123,1,9236,3084,6152,0,0,0,1.0,1,1.0,1,1.0,1,0.14832826798068344,61
4124,3,9239,3086,6153,0,0,0,1.0,1,1.0,1,1.0,1,0.16615400195958416,62
4125,1,9240,3087,6153,0,0,0,1.0,1,1.0,1,1.0,1,0.16758847881140823,60
4126,5,9245,3089,6156,0,0,0,1.0,1,1.0,1,1.0,1,0.1483529781795994,59
4127,3,9248,3091,6157,0,0,0,1.0,1,1.0,1,1.0,1,0.14982586512645152,60
4128,2,9250,3092,6158,0,0,0,1.0,1,1.0,1,1.0,1,0.1380037388588149,60
4129,0,9250,3092,6158,0,0,0,1.0,1,1.0,1,1.0,1,0.1409644222385714,60
4130,3,9253,3095,6158,0,0,0,1.0,1,1.0,1,1.0,1,0.1475881854673919,61
4131,2,9255,3095,6160,0,0,0,1.0,1,1.0,1,1.0,1,0.15041288037489148,60
4132,5,9260,3098,6162,0,0,0,1.0,1,1.0,1,1.0,1,0.1481357191650445,60
4133,1,9261,3099,6162,0,0,0,1.0,1,1.0,1,1.0,1,0.17589407154512385,62
4134,4,9265,3100,6165,0,0,0,1.0,1,1.0,1,1.0,1,0.15825598956602105,63
4135,6,9271,3101,6170,0,0,0,1.0,1,1.0,1,1.0,1,0.13780588101364669,65
4136,2,9273,3101,6172,0,0,0,1.0,1,1.0,1,1.0,1,0.12465485933836501,65
4137,1,9274,3102,6172,0,0,0,1.0,1,1.0,1,1.0,1,0.13888541340707636,66
4138,2,9276,3103,6173,0,0,0,1.0,1,1.0,1,1.0,1,0.15319615159236505,67
4139,3,9279,3105,6174,0,0,0,1.0,1,1.0,1,1.0,1,0.1857294423021669,67
4140,4,9283,3105,6178,0,0,0,1.0,1,1.0,1,1.0,1,0.15893212546421503,66
4141,3,9286,3105,6181,0,0,0,1.0,1,1.0,1,1.0,1,0.12174226368183944,67
4142,1,9287,3105,6182,0,0,0,1.0,1,1.0,1,1.0,1,0.09401805427955423,67
4143,3,9290,3106,6184,0,0,0,1.0,1,1.0,1,1.0,1,0.08396415259857286,66
4144,1,9291,3107,6184,0,0,0,1.0,1,1.0,1,1.0,1,0.10469150004131247,64
4145,3,9294,3110,6184,0,0,0,1.0,1,1.0,1,1.0,1,0.13679578594555453,63
4146,8,9302,3113,6189,0,0,0,1.0,1,1.0,1,1.0,1,0.12042090121232261,62
4147,5,9307,3114,6193,0,0,0,1.0,1,1.0,1,1.0,1,0.14356013796816117,60
4148,9,9316,3117,6199,0,0,0,1.0,1,1.0,1,1.0,1,0.14367876074773012,62
4149,7,9323,3117,6206,0,0,0,1.0,1,1.0,1,1.0,1,0.1710026672738585,61
4150,4,9327,3118,6209,0,0,0,1.0,1,1.0,1,1.0,1,0.15793585591719775,60
4151,3,9330,3119,6211,0,0,0,1.0,1,1.0,1,1.0,1,0.1360923375004726,60
4152,1,9331,3120,6211,0,0,0,1.0,1,1.0,1,1.0,1,0.15606738121245017,60
4153,1,9332,3120,6212,0,0,0,1.0,1,1.0,1,1.0,1,0.16248580325562806,58
4154,0,9332,3120,6212,0,0,0,1.0,1,1.0,1,1.0,1,0.1852030141582497,57
4155,0,9332,3120,6212,0,0,0,1.0,1,1.0,1,1.0,1,0.1683453691038539,57
4156,11,9343,3122,6221,0,0,0,1.0,1,1.0,1,1.0,1,0.15906360414915846,58
4157,3,9346,3122,6224,0,0,0,1.0,1,1.0,1,1.0,1,0.1815942398070528,57
4158,3,9349,3123,6226,0,0,0,1.0,1,1.0,1,1.0,1,0.1822342883975294,55
4159,3,9352,3123,6229,0,0,0,1.0,1,1.0,1,1.0,1,0.20389405662823343,57
4160,4,9356,3124,6232,0,0,0,1.0,1,1.0,1,1.0,1,0.16873959260547353,58
4161,2,9358,3124,6234,0,0,0,1.0,1,1.0,1,1.0,1,0.13749241840843476,58
4162,0,9358,3124,6234,0,0,0,1.0,1,1.0,1,1.0,1,0.14445859375939826,57
4163,1,9359,3124,6235,0,0,0,1.0,1,1.0,1,1.0,1,0.12955995980187526,58
4164,2,9361,3126,6235,0,0,0,1.0,1,1.0,1,1.0,1,0.17593591641008116,56
4165,1,9362,3127,6235,0,0,0,1.0,1,1.0,1,1.0,1,0.178848273645743,58
4166,3,9365,3127,6238,0,0,0,1.0,1,1.0,1,1.0,1,0.14841623206554938,57
4167,1,9366,3128,6238,0,0,0,1.0,1,1.0,1,1.0,1,0.14688610521459508,57
4168,0,9366,3128,6238,0,0,0,1.0,1,1.0,1,1.0,1,0.1394621580749326,58
4169,1,9367,3129,6238,0,0,0,1.0,1,1.0,1,1.0,1,0.15091707612832272,58
4170,1,9368,3130,6238,0,0,0,1.0,1,1.0,1,1.0,1,0.16646933897131025,58
4171,2,9370,3130,6240,0,0,0,1.0,1,1.0,1,1.0,1,0.1647927512158678,57
4172,0,9370,3130,6240,0,0,0,1.0,1,1.0,1,1.0,1,0.1647927512158678,57
4173,2,9372,3132,6240,0,0,0,1.0,1,1.0,1,1.0,1,0.22169767951380928,56
4174,2,9374,3133,6241,0,0,0,1.0,1,1.0,1,1.0,1,0.21324876576701796,56
4175,3,9377,3133,6244,0,0,0,1.0,1,1.0,1,1.0,1,0.19114298856341472,55
4176,6,9383,3134,6249,0,0,0,1.0,1,1.0,1,1.0,1,0.1491806434986383,57
4177,3,9386,3135,6251,0,0,0,1.0,1,1.0,1,1.0,1,0.14310532960340822,58
4178,6,9392,3136,6256,0,0,0,1.0,1,1.0,1,1.0,1,0.13055015654841612,60
4179,0,9392,3136,6256,0,0,0,1.0,1,1.0,1,1.0,1,0.1362426297535996,61
4180,1,9393,3136,6257,0,0,0,1.0,1,1.0,1,1.0,1,0.13840567749206747,62
4181,4,9397,3137,6260,0,0,0,1.0,1,1.0,1,1.0,1,0.12458119157177505,63
4182,1,9398,3137,6261,0,0,0,1.0,1,1.0,1,1.0,1,0.11848353385111554,63
4183,2,9400,3138,6262,0,0,0,1.0,1,1.0,1,1.0,1,0.10295719343064477,63
4184,1,9401,3138,6263,0,0,0,1.0,1,1.0,1,1.0,1,0.11364700923805732,63
4185,0,9401,3138,6263,0,0,0,1.0,1,1.0,1,1.0,1,0.1319189369886982,61
4186,5,9406,3139,6267,0,0,0,1.0,1,1.0,1,1.0,1,0.05873303385116345,62
4187,2,9408,3140,6268,0,0,0,1.0,1,1.0,1,1.0,1,0.06351643132243866,60
4188,2,9410,3142,6268,0,0,0,1.0,1,1.0,1,1.0,1,0.06284880651661658,60
4189,0,9410,3142,6268,0,0,0,1.0,1,1.0,1,1.0,1,0.06284880651661658,60
4190,5,9415,3147,6268,0,0,0,1.0,1,1.0,1,1.0,1,0.13513491670104305,61
4191,2,9417,3147,6270,0,0,0,1.0,1,1.0,1,1.0,1,0.0865910650457119,59
4192,0,9417,3147,6270,0,0,0,1.0,1,1.0,1,1.0,1,0.07669766916431534,58
4193,4,9421,3149,6272,0,0,0,1.0,1,1.0,1,1.0,1,0.07911240371511644,57
4194,2,9423,3151,6272,0,0,0,1.0,1,1.0,1,1.0,1,0.08854934886097744,54
4195,0,9423,3151,6272,0,0,0,1.0,1,1.0,1,1.0,1,0.0865566715574607,55
4196,4,9427,3152,6275,0,0,0,1.0,1,1.0,1,1.0,1,0.10835711244258409,56
4197,1,9428,3153,6275,0,0,0,1.0,1,1.0,1,1.0,1,0.11684052130132513,55
4198,2,9430,3154,6276,0,0,0,1.0,1,1.0,1,1.0,1,0.15781388874805516,56
4199,2,9432,3156,6276,0,0,0,1.0,1,1.0,1,1.0,1,0.20119048973186002,55
4200,0,9432,3156,6276,0,0,0,1.0,1,1.0,1,1.0,1,0.20102030096587784,55
4201,5,9437,3156,6281,0,0,0,1.0,1,1.0,1,1.0,1,0.15688984832418643,56
4202,2,9439,3156,6283,0,0,0,1.0,1,1.0,1,1.0,1,0.15688984832418643,56
4203,1,9440,3156,6284,0,0,0,1.0,1,1.0,1,1.0,1,0.1489562000899336,57
4204,2,9442,3157,6285,0,0,0,1.0,1,1.0,1,1.0,1,0.15166327202869945,57
4205,0,9442,3157,6285,0,0,0,1.0,1,1.0,1,1.0,1,0.1467203869141967,58
4206,2,9444,3158,6286,0,0,0,1.0,1,1.0,1,1.0,1,0.14020003380098073,58
4207,3,9447,3160,6287,0,0,0,1.0,1,1.0,1,1.0,1,0.12388554372437617,58
4208,0,9447,3160,6287,0,0,0,1.0,1,1.0,1,1.0,1,0.11860852658988659,60
4209,3,9450,3162,6288,0,0,0,1.0,1,1.0,1,1.0,1,0.13626327491712975,61
4210,3,9453,3163,6290,0,0,0,1.0,1,1.0,1,1.0,1,0.12839996469652754,62
4211,5,9458,3164,6294,0,0,0,1.0,1,1.0,1,1.0,1,0.10363986381821724,63
4212,1,9459,3164,6295,0,0,0,1.0,1,1.0,1,1.0,1,0.1034889321886022,64
4213,2,9461,3164,6297,0,0,0,1.0,1,1.0,1,1.0,1,0.11423569904208734,65
4214,1,9462,3164,6298,0,0,0,1.0,1,1.0,1,1.0,1,0.12037125488849802,65
4215,1,9463,3164,6299,0,0,0,1.0,1,1.0,1,1.0,1,0.10606602405616147,65
4216,1,9464,3164,6300,0,0,0,1.0,1,1.0,1,1.0,1,0.11026063707740735,64
4217,3,9467,3165,6302,0,0,0,1.0,1,1.0,1,1.0,1,0.12253176843652934,65
4218,2,9469,3165,6304,0,0,0,1.0,1,1.0,1,1.0,1,0.12445091622248862,65
4219,3,9472,3165,6307,0,0,0,1.0,1,1.0,1,1.0,1,0.113511075818131,65
4220,3,9475,3166,6309,0,0,0,1.0,1,1.0,1,1.0,1,0.1487524822656352,65
4221,7,9482,3167,6315,0,0,0,1.0,1,1.0,1,1.0,1,0.14824735182177182,67
4222,2,9484,3167,6317,0,0,0,1.0,1,1.0,1,1.0,1,0.14807257696165557,68
4223,7,9491,3169,6322,0,0,0,1.0,1,1.0,1,1.0,1,0.14759674144922966,68
4224,3,9494,3171,6323,0,0,0,1.0,1,1.0,1,1.0,1,0.14886934289174475,68
4225,3,9497,3172,6325,0,0,0,1.0,1,1.0,1,1.0,1,0.13321020459140118,66
4226,2,9499,3172,6327,0,0,0,1.0,1,1.0,1,1.0,1,0.11250444391930603,66
4227,2,9501,3173,6328,0,0,0,1.0,1,1.0,1,1.0,1,0.13019077386949046,66
4228,1,9502,3173,6329,0,0,0,1.0,1,1.0,1,1.0,1,0.11370014716923188,65
4229,2,9504,3173,6331,0,0,0,1.0,1,1.0,1,1.0,1,0.12556807589112273,65
4230,3,9507,3174,6333,0,0,0,1.0,1,1.0,1,1.0,1,0.10339651945715007,64
4231,2,9509,3175,6334,0,0,0,1.0,1,1.0,1,1.0,1,0.10534932086407006,64
4232,1,9510,3175,6335,0,0,0,1.0,1,1.0,1,1.0,1,0.0764015713511197,65
4233,2,9512,3175,6337,0,0,0,1.0,1,1.0,1,1.0,1,0.06744991139997353,64
4234,0,9512,3175,6337,0,0,0,1.0,1,1.0,1,1.0,1,0.07658783696399153,63
4235,0,9512,3175,6337,0,0,0,1.0,1,1.0,1,1.0,1,0.07658783696399153,63
4236,0,9512,3175,6337,0,0,0,1.0,1,1.0,1,1.0,1,0.07658783696399153,63
4237,2,9514,3176,6338,0,0,0,1.0,1,1.0,1,1.0,1,0.10441361944834707,65
4238,1,9515,3176,6339,0,0,0,1.0,1,1.0,1,1.0,1,0.08789643851027806,65
4239,0,9515,3176,6339,0,0,0,1.0,1,1.0,1,1.0,1,0.08789643851027806,65
4240,1,9516,3177,6339,0,0,0,1.0,1,1.0,1,1.0,1,0.08070633119709995,66
4241,0,9516,3177,6339,0,0,0,1.0,1,1.0,1,1.0,1,0.08070633119709995,66
4242,1,9517,3177,6340,0,0,0,1.0,1,1.0,1,1.0,1,0.07661468011286132,69
4243,1,9518,3177,6341,0,0,0,1.0,1,1.0,1,1.0,1,0.0817814649302667,71
4244,0,9518,3177,6341,0,0,0,1.0,1,1.0,1,1.0,1,0.0817814649302667,71
4245,2,9520,3177,6343,0,0,0,1.0,1,1.0,1,1.0,1,0.07517863882096533,73
4246,0,9520,3177,6343,0,0,0,1.0,1,1.0,1,1.0,1,0.07434404985519713,74
4247,0,9520,3177,6343,0,0,0,1.0,1,1.0,1,1.0,1,0.07434404985519713,74
4248,1,9521,3178,6343,0,0,0,1.0,1,1.0,1,1.0,1,0.07518206490575383,74
4249,0,9521,3178,6343,0,0,0,1.0,1,1.0,1,1.0,1,0.07518206490575383,74
4250,1,9522,3179,6343,0,0,0,1.0,1,1.0,1,1.0,1,0.0898652828787848,74
4251,2,9524,3179,6345,0,0,0,1.0,1,1.0,1,1.0,1,0.07954956482418939,75
4252,5,9529,3184,6345,0,0,0,1.0,1,1.0,1,1.0,1,0.16837375045276468,75
4253,4,9533,3184,6349,0,0,0,1.0,1,1.0,1,1.0,1,0.15915423546782892,76
4254,2,9535,3185,6350,0,0,0,1.0,1,1.0,1,1.0,1,0.1573351330176419,75
4255,2,9537,3186,6351,0,0,0,1.0,1,1.0,1,1.0,1,0.1501831958986896,76
4256,6,9543,3186,6357,0,0,0,1.0,1,1.0,1,1.0,1,0.1078116821494036,78
4257,3,9546,3188,6358,0,0,0,1.0,1,1.0,1,1.0,1,0.10791890301548715,78
4258,2,9548,3189,6359,0,0,0,1.0,1,1.0,1,1.0,1,0.12570138518044222,77
4259,3,9551,3190,6361,0,0,0,1.0,1,1.0,1,1.0,1,0.11757707469165804,78
4260,1,9552,3190,6362,0,0,0,1.0,1,1.0,1,1.0,1,0.12540670612426574,77
4261,3,9555,3190,6365,0,0,0,1.0,1,1.0,1,1.0,1,0.11716933396917169,76
4262,0,9555,3190,6365,0,0,0,1.0,1,1.0,1,1.0,1,0.14214181890421962,75
4263,4,9559,3192,6367,0,0,0,1.0,1,1.0,1,1.0,1,0.11667426374484836,74
4264,0,9559,3192,6367,0,0,0,1.0,1,1.0,1,1.0,1,0.1563084187324996,74
4265,1,9560,3193,6367,0,0,0,1.0,1,1.0,1,1.0,1,0.14910940986718893,73
4266,9,9569,3194,6375,0,0,0,1.0,1,1.0,1,1.0,1,0.09631617219664104,71
4267,3,9572,3196,6376,0,0,0,1.0,1,1.0,1,1.0,1,0.10719846076675699,69
4268,3,9575,3197,6378,0,0,0,1.0,1,1.0,1,1.0,1,0.0986307367436575,67
4269,5,9580,3200,6380,0,0,0,1.0,1,1.0,1,1.0,1,0.12903676788688426,64
4270,4,9584,3203,6381,0,0,0,1.0,1,1.0,1,1.0,1,0.13486053628259254,63
4271,6,9590,3203,6387,0,0,0,1.0,1,1.0,1,1.0,1,0.106742867257529,63
4272,1,9591,3204,6387,0,0,0,1.0,1,1.0,1,1.0,1,0.13774287192678922,62
4273,2,9593,3205,6388,0,0,0,1.0,1,1.0,1,1.0,1,0.16097095896592892,62
4274,2,9595,3205,6390,0,0,0,1.0,1,1.0,1,1.0,1,0.1663327863502513,62
4275,2,9597,3205,6392,0,0,0,1.0,1,1.0,1,1.0,1,0.18689941261328577,61
4276,5,9602,3205,6397,0,0,0,1.0,1,1.0,1,1.0,1,0.1456837519940864,62
4277,4,9606,3205,6401,0,0,0,1.0,1,1.0,1,1.0,1,0.1368606619286735,63
4278,3,9609,3206,6403,0,0,0,1.0,1,1.0,1,1.0,1,0.15872459503839512,64
4279,5,9614,3208,6406,0,0,0,1.0,1,1.0,1,1.0,1,0.1807366773443333,65
4280,5,9619,3208,6411,0,0,0,1.0,1,1.0,1,1.0,1,0.19202663676908077,65
4281,7,9626,3208,6418,0,0,0,1.0,1,1.0,1,1.0,1,0.1178533748778319,65
4282,5,9631,3210,6421,0,0,0,1.0,1,1.0,1,1.0,1,0.12029305280140716,66
4283,1,9632,3211,6421,0,0,0,1.0,1,1.0,1,1.0,1,0.137102923878963,66
4284,1,9633,3212,6421,0,0,0,1.0,1,1.0,1,1.0,1,0.16506440462760955,66
4285,2,9635,3212,6423,0,0,0,1.0,1,1.0,1,1.0,1,0.15990140059196434,67
4286,4,9639,3212,6427,0,0,0,1.0,1,1.0,1,1.0,1,0.1455215865690154,67
4287,0,9639,3212,6427,0,0,0,1.0,1,1.0,1,1.0,1,0.1455215865690154,67
4288,1,9640,3212,6428,0,0,0,1.0,1,1.0,1,1.0,1,0.12959447904061405,68
4289,0,9640,3212,6428,0,0,0,1.0,1,1.0,1,1.0,1,0.1301453623627877,68
4290,0,9640,3212,6428,0,0,0,1.0,1,1.0,1,1.0,1,0.1385588475387381,70
4291,1,9641,3212,6429,0,0,0,1.0,1,1.0,1,1.0,1,0.12675728491769697,71
4292,0,9641,3212,6429,0,0,0,1.0,1,1.0,1,1.0,1,0.12675728491769697,71
4293,1,9642,3212,6430,0,0,0,1.0,1,1.0,1,1.0,1,0.10838390388977873,71
4294,1,9643,3213,6430,0,0,0,1.0,1,1.0,1,1.0,1,0.11798581626439648,71
4295,0,9643,3213,6430,0,0,0,1.0,1,1.0,1,1.0,1,0.13019151377827926,72
4296,2,9645,3214,6431,0,0,0,1.0,1,1.0,1,1.0,1,0.13126998882297145,73
4297,0,9645,3214,6431,0,0,0,1.0,1,1.0,1,1.0,1,0.13126998882297145,73
4298,3,9648,3217,6431,0,0,0,1.0,1,1.0,1,1.0,1,0.15645824899091415,74
4299,0,9648,3217,6431,0,0,0,1.0,1,1.0,1,1.0,1,0.1421254081314921,75
4300,1,9649,3217,6432,0,0,0,1.0,1,1.0,1,1.0,1,0.12435900809785438,75
4301,0,9649,3217,6432,0,0,0,1.0,1,1.0,1,1.0,1,0.12237277622817382,76
4302,0,9649,3217,6432,0,0,0,1.0,1,1.0,1,1.0,1,0.12237277622817382,76
4303,2,9651,3217,6434,0,0,0,1.0,1,1.0,1,1.0,1,0.11254079519780641,75
4304,2,9653,3219,6434,0,0,0,1.0,1,1.0,1,1.0,1,0.1555315725868455,75
4305,4,9657,3220,6437,0,0,0,1.0,1,1.0,1,1.0,1,0.15239366490015804,73
4306,7,9664,3222,6442,0,0,0,1.0,1,1.0,1,1.0,1,0.15447066235968623,74
4307,6,9670,3223,6447,0,0,0,1.0,1,1.0,1,1.0,1,0.1066466157459752,73
4308,2,9672,3223,6449,0,0,0,1.0,1,1.0,1,1.0,1,0.1125292804751821,71
4309,5,9677,3224,6453,0,0,0,1.0,1,1.0,1,1.0,1,0.13096385332425045,70
4310,4,9681,3224,6457,0,0,0,1.0,1,1.0,1,1.0,1,0.1345360692928421,69
4311,4,9685,3225,6460,0,0,0,1.0,1,1.0,1,1.0,1,0.11604748343715575,69
4312,2,9687,3226,6461,0,0,0,1.0,1,1.0,1,1.0,1,0.13608599198510793,66
4313,4,9691,3229,6462,0,0,0,1.0,1,1.0,1,1.0,1,0.18605760529897644,64
4314,1,9692,3230,6462,0,0,0,1.0,1,1.0,1,1.0,1,0.23041127609768752,61
4315,2,9694,3231,6463,0,0,0,1.0,1,1.0,1,1.0,1,0.19631479717071842,61
4316,6,9700,3233,6467,0,0,0,1.0,1,1.0,1,1.0,1,0.1535715687849834,60
4317,4,9704,3234,6470,0,0,0,1.0,1,1.0,1,1.0,1,0.14443911386114508,62
4318,1,9705,3235,6470,0,0,0,1.0,1,1.0,1,1.0,1,0.15204276052039753,59
4319,4,9709,3236,6473,0,0,0,1.0,1,1.0,1,1.0,1,0.14570343410289258,60
4320,1,9710,3236,6474,0,0,0,1.0,1,1.0,1,1.0,1,0.15293565975251167,60
4321,5,9715,3238,6477,0,0,0,1.0,1,1.0,1,1.0,1,0.15080431432573424,61
4322,1,9716,3239,6477,0,0,0,1.0,1,1.0,1,1.0,1,0.17123848078404816,61
4323,2,9718,3241,6477,0,0,0,1.0,1,1.0,1,1.0,1,0.202835393627881,61
4324,1,9719,3242,6477,0,0,0,1.0,1,1.0,1,1.0,1,0.22069157477550236,60
4325,2,9721,3243,6478,0,0,0,1.0,1,1.0,1,1.0,1,0.23009987816441957,60
4326,5,9726,3243,6483,0,0,0,1.0,1,1.0,1,1.0,1,0.16958197001235928,61
4327,1,9727,3243,6484,0,0,0,1.0,1,1.0,1,1.0,1,0.15005273256073787,62
4328,0,9727,3243,6484,0,0,0,1.0,1,1.0,1,1.0,1,0.15005273256073787,62
4329,0,9727,3243,6484,0,0,0,1.0,1,1.0,1,1.0,1,0.13312313882495366,65
4330,2,9729,3243,6486,0,0,0,1.0,1,1.0,1,1.0,1,0.11901560852752908,65
4331,2,9731,3243,6488,0,0,0,1.0,1,1.0,1,1.0,1,0.0981406980314206,65
4332,1,9732,3244,6488,0,0,0,1.0,1,1.0,1,1.0,1,0.11266233198264249,66
4333,0,9732,3244,6488,0,0,0,1.0,1,1.0,1,1.0,1,0.11266233198264249,66
4334,1,9733,3245,6488,0,0,0,1.0,1,1.0,1,1.0,1,0.13089743197591533,66
4335,0,9733,3245,6488,0,0,0,1.0,1,1.0,1,1.0,1,0.143895002714174,65
4336,6,9739,3249,6490,0,0,0,1.0,1,1.0,1,1.0,1,0.12800856247442674,67
4337,4,9743,3250,6493,0,0,0,1.0,1,1.0,1,1.0,1,0.15176206579624377,69
4338,4,9747,3250,6497,0,0,0,1.0,1,1.0,1,1.0,1,0.1543007404816034,70
4339,7,9754,3250,6504,0,0,0,1.0,1,1.0,1,1.0,1,0.16259974994002163,70
4340,7,9761,3250,6511,0,0,0,1.0,1,1.0,1,1.0,1,0.16292857642678493,71
4341,8,9769,3253,6516,0,0,0,1.0,1,1.0,1,1.0,1,0.1306687204407465,70
4342,0,9769,3253,6516,0,0,0,1.0,1,1.0,1,1.0,1,0.14018407335252925,71
4343,1,9770,3254,6516,0,0,0,1.0,1,1.0,1,1.0,1,0.16962735377596785,67
4344,5,9775,3256,6519,0,0,0,1.0,1,1.0,1,1.0,1,0.18556964624743652,67
4345,1,9776,3256,6520,0,0,0,1.0,1,1.0,1,1.0,1,0.20375824929797387,64
4346,7,9783,3260,6523,0,0,0,1.0,1,1.0,1,1.0,1,0.1610758335689235,64
4347,4,9787,3263,6524,0,0,0,1.0,1,1.0,1,1.0,1,0.21418689709221606,62
4348,5,9792,3265,6527,0,0,0,1.0,1,1.0,1,1.0,1,0.185054571793338,62
4349,1,9793,3266,6527,0,0,0,1.0,1,1.0,1,1.0,1,0.19493580049744882,61
4350,2,9795,3268,6527,0,0,0,1.0,1,1.0,1,1.0,1,0.2265436849640754,60
4351,5,9800,3268,6532,0,0,0,1.0,1,1.0,1,1.0,1,0.19811610568613663,60
4352,0,9800,3268,6532,0,0,0,1.0,1,1.0,1,1.0,1,0.20896750413908158,57
4353,1,9801,3269,6532,0,0,0,1.0,1,1.0,1,1.0,1,0.23217421306695485,55
4354,3,9804,3270,6534,0,0,0,1.0,1,1.0,1,1.0,1,0.20219756945473322,55
4355,0,9804,3270,6534,0,0,0,1.0,1,1.0,1,1.0,1,0.19819340817592818,53
4356,5,9809,3270,6539,0,0,0,1.0,1,1.0,1,1.0,1,0.13577326350556046,55
4357,2,9811,3271,6540,0,0,0,1.0,1,1.0,1,1.0,1,0.13768225319069705,55
4358,3,9814,3272,6542,0,0,0,1.0,1,1.0,1,1.0,1,0.11444061300116112,55
4359,0,9814,3272,6542,0,0,0,1.0,1,1.0,1,1.0,1,0.1317829596762089,54
4360,3,9817,3272,6545,0,0,0,1.0,1,1.0,1,1.0,1,0.1308316004214939,55
4361,3,9820,3273,6547,0,0,0,1.0,1,1.0,1,1.0,1,0.11097156071121922,54
4362,0,9820,3273,6547,0,0,0,1.0,1,1.0,1,1.0,1,0.09857494573553757,55
4363,1,9821,3274,6547,0,0,0,1.0,1,1.0,1,1.0,1,0.13242342446404465,55
4364,4,9825,3276,6549,0,0,0,1.0,1,1.0,1,1.0,1,0.1624674789807324,55
4365,3,9828,3276,6552,0,0,0,1.0,1,1.0,1,1.0,1,0.1573592203234058,54
4366,4,9832,3278,6554,0,0,0,1.0,1,1.0,1,1.0,1,0.10724178440524228,54
4367,3,9835,3279,6556,0,0,0,1.0,1,1.0,1,1.0,1,0.10039128864443647,57
4368,1,9836,3279,6557,0,0,0,1.0,1,1.0,1,1.0,1,0.12146074780565246,57
4369,0,9836,3279,6557,0,0,0,1.0,1,1.0,1,1.0,1,0.12330662027370327,58
4370,3,9839,3280,6559,0,0,0,1.0,1,1.0,1,1.0,1,0.1285030513369652,59
4371,1,9840,3280,6560,0,0,0,1.0,1,1.0,1,1.0,1,0.10412985410456056,60
4372,0,9840,3280,6560,0,0,0,1.0,1,1.0,1,1.0,1,0.10412985410456056,60
4373,0,9840,3280,6560,0,0,0,1.0,1,1.0,1,1.0,1,0.10412985410456056,60
4374,0,9840,3280,6560,0,0,0,1.0,1,1.0,1,1.0,1,0.1130172826334677,59
4375,0,9840,3280,6560,0,0,0,1.0,1,1.0,1,1.0,1,0.1221521290104326,60
4376,1,9841,3281,6560,0,0,0,1.0,1,1.0,1,1.0,1,0.15306102570806102,60
4377,4,9845,3284,6561,0,0,0,1.0,1,1.0,1,1.0,1,0.22413944369223227,61
4378,6,9851,3285,6566,0,0,0,1.0,1,1.0,1,1.0,1,0.1972506403933057,64
4379,3,9854,3285,6569,0,0,0,1.0,1,1.0,1,1.0,1,0.2000949156474046,64
4380,2,9856,3285,6571,0,0,0,1.0,1,1.0,1,1.0,1,0.2077445952432418,65
4381,2,9858,3285,6573,0,0,0,1.0,1,1.0,1,1.0,1,0.17765979129065076,64
4382,3,9861,3286,6575,0,0,0,1.0,1,1.0,1,1.0,1,0.19225821051489123,64
4383,6,9867,3289,6578,0,0,0,1.0,1,1.0,1,1.0,1,0.19892565217252867,64
4384,4,9871,3290,6581,0,0,0,1.0,1,1.0,1,1.0,1,0.2455725911187402,60
4385,1,9872,3290,6582,0,0,0,1.0,1,1.0,1,1.0,1,0.244026682659124,58
4386,3,9875,3291,6584,0,0,0,1.0,1,1.0,1,1.0,1,0.22684333318474556,58
4387,3,9878,3292,6586,0,0,0,1.0,1,1.0,1,1.0,1,0.2020807618443353,55
4388,4,9882,3294,6588,0,0,0,1.0,1,1.0,1,1.0,1,0.17254571333489946,56
4389,1,9883,3294,6589,0,0,0,1.0,1,1.0,1,1.0,1,0.16157014637718128,55
4390,4,9887,3296,6591,0,0,0,1.0,1,1.0,1,1.0,1,0.17679144567253102,55
4391,5,9892,3297,6595,0,0,0,1.0,1,1.0,1,1.0,1,0.143254257705551,56
4392,0,9892,3297,6595,0,0,0,1.0,1,1.0,1,1.0,1,0.1441148053939044,56
4393,3,9895,3298,6597,0,0,0,1.0,1,1.0,1,1.0,1,0.14602817572702254,55
4394,1,9896,3299,6597,0,0,0,1.0,1,1.0,1,1.0,1,0.1481671480921088,53
4395,2,9898,3300,6598,0,0,0,1.0,1,1.0,1,1.0,1,0.1488835229310489,53
4396,4,9902,3303,6599,0,0,0,1.0,1,1.0,1,1.0,1,0.1563456007574805,53
4397,1,9903,3304,6599,0,0,0,1.0,1,1.0,1,1.0,1,0.1847423157776122,50
4398,0,9903,3304,6599,0,0,0,1.0,1,1.0,1,1.0,1,0.2001803502155853,50
4399,0,9903,3304,6599,0,0,0,1.0,1,1.0,1,1.0,1,0.20126787142760072,52
4400,3,9906,3305,6601,0,0,0,1.0,1,1.0,1,1.0,1,0.22096506192566853,55
4401,4,9910,3305,6605,0,0,0,1.0,1,1.0,1,1.0,1,0.16443929460544895,56
4402,2,9912,3305,6607,0,0,0,1.0,1,1.0,1,1.0,1,0.14888321736086,56
4403,4,9916,3307,6609,0,0,0,1.0,1,1.0,1,1.0,1,0.14681462382195812,57
4404,2,9918,3307,6611,0,0,0,1.0,1,1.0,1,1.0,1,0.14681462382195812,57
4405,3,9921,3307,6614,0,0,0,1.0,1,1.0,1,1.0,1,0.14843123597490457,58
4406,1,9922,3307,6615,0,0,0,1.0,1,1.0,1,1.0,1,0.14126137273908118,58
4407,0,9922,3307,6615,0,0,0,1.0,1,1.0,1,1.0,1,0.14126137273908118,58
4408,1,9923,3308,6615,0,0,0,1.0,1,1.0,1,1.0,1,0.1545016182151359,59
4409,1,9924,3308,6616,0,0,0,1.0,1,1.0,1,1.0,1,0.14785842083283643,59
4410,0,9924,3308,6616,0,0,0,1.0,1,1.0,1,1.0,1,0.14785842083283643,59
4411,0,9924,3308,6616,0,0,0,1.0,1,1.0,1,1.0,1,0.13846433904039088,62
4412,0,9924,3308,6616,0,0,0,1.0,1,1.0,1,1.0,1,0.14197548593417716,63
4413,1,9925,3308,6617,0,0,0,1.0,1,1.0,1,1.0,1,0.12145749243862848,63
4414,0,9925,3308,6617,0,0,0,1.0,1,1.0,1,1.0,1,0.13472118866293412,64
4415,1,9926,3308,6618,0,0,0,1.0,1,1.0,1,1.0,1,0.11399429119739794,64
4416,2,9928,3308,6620,0,0,0,1.0,1,1.0,1,1.0,1,0.09705164072717092,64
4417,0,9928,3308,6620,0,0,0,1.0,1,1.0,1,1.0,1,0.09487957595489595,65
4418,1,9929,3309,6620,0,0,0,1.0,1,1.0,1,1.0,1,0.11478432280304504,65
4419,0,9929,3309,6620,0,0,0,1.0,1,1.0,1,1.0,1,0.13853721911679565,62
4420,0,9929,3309,6620,0,0,0,1.0,1,1.0,1,1.0,1,0.13896774615501326,62
4421,4,9933,3310,6623,0,0,0,1.0,1,1.0,1,1.0,1,0.12322789362221008,65
4422,2,9935,3311,6624,0,0,0,1.0,1,1.0,1,1.0,1,0.12288001524640388,64
4423,1,9936,3312,6624,0,0,0,1.0,1,1.0,1,1.0,1,0.12301320702702045,63
4424,5,9941,3314,6627,0,0,0,1.0,1,1.0,1,1.0,1,0.11497052378925679,63
4425,4,9945,3316,6629,0,0,0,1.0,1,1.0,1,1.0,1,0.1259647308991603,63
4426,4,9949,3318,6631,0,0,0,1.0,1,1.0,1,1.0,1,0.10270900944159833,63
4427,2,9951,3319,6632,0,0,0,1.0,1,1.0,1,1.0,1,0.10069280431079869,62
4428,0,9951,3319,6632,0,0,0,1.0,1,1.0,1,1.0,1,0.10057592738461482,61
4429,2,9953,3321,6632,0,0,0,1.0,1,1.0,1,1.0,1,0.12494750615918496,62
4430,2,9955,3322,6633,0,0,0,1.0,1,1.0,1,1.0,1,0.1133738789958573,60
4431,4,9959,3324,6635,0,0,0,1.0,1,1.0,1,1.0,1,0.09691456142358752,59
4432,0,9959,3324,6635,0,0,0,1.0,1,1.0,1,1.0,1,0.10282257877245729,60
4433,7,9966,3328,6638,0,0,0,1.0,1,1.0,1,1.0,1,0.1304032611800082,61
4434,3,9969,3328,6641,0,0,0,1.0,1,1.0,1,1.0,1,0.09222158939487525,61
4435,2,9971,3329,6642,0,0,0,1.0,1,1.0,1,1.0,1,0.11827703796444054,61
4436,3,9974,3329,6645,0,0,0,1.0,1,1.0,1,1.0,1,0.07314273638680766,61
4437,3,9977,3331,6646,0,0,0,1.0,1,1.0,1,1.0,1,0.10928909149159402,61
4438,3,9980,3332,6648,0,0,0,1.0,1,1.0,1,1.0,1,0.06904579520405241,62
4439,0,9980,3332,6648,0,0,0,1.0,1,1.0,1,1.0,1,0.08402991199589019,63
4440,1,9981,3332,6649,0,0,0,1.0,1,1.0,1,1.0,1,0.08446223899210227,64
4441,2,9983,3333,6650,0,0,0,1.0,1,1.0,1,1.0,1,0.06619391329685673,64
4442,4,9987,3336,6651,0,0,0,1.0,1,1.0,1,1.0,1,0.10965418557953531,67
4443,4,9991,3338,6653,0,0,0,1.0,1,1.0,1,1.0,1,0.12266354996792304,68
4444,2,9993,3338,6655,0,0,0,1.0,1,1.0,1,1.0,1,0.12978854797523656,69
4445,7,10000,3340,6660,0,0,0,1.0,1,1.0,1,1.0,1,0.15189974062818593,71
4446,6,10006,3341,6665,0,0,0,1.0,1,1.0,1,1.0,1,0.08654179737157693,71
4447,2,10008,3341,6667,0,0,0,1.0,1,1.0,1,1.0,1,0.08564164888970062,72
4448,0,10008,3341,6667,0,0,0,1.0,1,1.0,1,1.0,1,0.09569911793859093,71
4449,2,10010,3342,6668,0,0,0,1.0,1,1.0,1,1.0,1,0.09263857115944975,70
4450,0,10010,3342,6668,0,0,0,1.0,1,1.0,1,1.0,1,0.10154228442578721,69
4451,2,10012,3342,6670,0,0,0,1.0,1,1.0,1,1.0,1,0.09073394556984848,69
4452,1,10013,3342,6671,0,0,0,1.0,1,1.0,1,1.0,1,0.08724577719000465,70
4453,2,10015,3342,6673,0,0,0,1.0,1,1.0,1,1.0,1,0.09127796761368241,70
4454,5,10020,3344,6676,0,0,0,1.0,1,1.0,1,1.0,1,0.08557157725316074,71
4455,2,10022,3344,6678,0,0,0,1.0,1,1.0,1,1.0,1,0.07432029867872765,71
4456,5,10027,3348,6679,0,0,0,1.0,1,1.0,1,1.0,1,0.08392210505482861,71
4457,2,10029,3348,6681,0,0,0,1.0,1,1.0,1,1.0,1,0.08429202617395203,69
4458,2,10031,3350,6681,0,0,0,1.0,1,1.0,1,1.0,1,0.10570114391239703,70
4459,2,10033,3352,6681,0,0,0,1.0,1,1.0,1,1.0,1,0.12793667392834307,68
4460,5,10038,3354,6684,0,0,0,1.0,1,1.0,1,1.0,1,0.1506159168449563,68
4461,11,10049,3355,6694,0,0,0,1.0,1,1.0,1,1.0,1,0.12353585073962371,67
4462,7,10056,3358,6698,0,0,0,1.0,1,1.0,1,1.0,1,0.1502693951652295,66
4463,3,10059,3359,6700,0,0,0,1.0,1,1.0,1,1.0,1,0.10918697787443157,65
4464,3,10062,3362,6700,0,0,0,1.0,1,1.0,1,1.0,1,0.1753464817057112,62
4465,5,10067,3364,6703,0,0,0,1.0,1,1.0,1,1.0,1,0.1554096767977285,61
4466,5,10072,3364,6708,0,0,0,1.0,1,1.0,1,1.0,1,0.10095258363533825,60
4467,3,10075,3367,6708,0,0,0,1.0,1,1.0,1,1.0,1,0.14837176013334738,58
4468,2,10077,3369,6708,0,0,0,1.0,1,1.0,1,1.0,1,0.14755277692780755,57
4469,3,10080,3370,6710,0,0,0,1.0,1,1.0,1,1.0,1,0.15849562534467165,56
4470,4,10084,3372,6712,0,0,0,1.0,1,1.0,1,1.0,1,0.12550076841869043,55
4471,3,10087,3372,6715,0,0,0,1.0,1,1.0,1,1.0,1,0.0919796931958248,55
4472,1,10088,3373,6715,0,0,0,1.0,1,1.0,1,1.0,1,0.11294691203930585,55
4473,4,10092,3376,6716,0,0,0,1.0,1,1.0,1,1.0,1,0.14505278356335338,55
4474,3,10095,3378,6717,0,0,0,1.0,1,1.0,1,1.0,1,0.14965739193608796,55
4475,5,10100,3380,6720,0,0,0,1.0,1,1.0,1,1.0,1,0.13456956592813235,56
4476,6,10106,3380,6726,0,0,0,1.0,1,1.0,1,1.0,1,0.06188350488923232,56
4477,0,10106,3380,6726,0,0,0,1.0,1,1.0,1,1.0,1,0.06803923278166758,57
4478,0,10106,3380,6726,0,0,0,1.0,1,1.0,1,1.0,1,0.07995509482544855,55
4479,1,10107,3381,6726,0,0,0,1.0,1,1.0,1,1.0,1,0.09921035225686929,55
4480,3,10110,3383,6727,0,0,0,1.0,1,1.0,1,1.0,1,0.12856318209760914,54
4481,5,10115,3383,6732,0,0,0,1.0,1,1.0,1,1.0,1,0.11770889051519115,53
4482,2,10117,3385,6732,0,0,0,1.0,1,1.0,1,1.0,1,0.14339933926916937,54
4483,1,10118,3385,6733,0,0,0,1.0,1,1.0,1,1.0,1,0.14129832665432526,55
4484,7,10125,3386,6739,0,0,0,1.0,1,1.0,1,1.0,1,0.09935949199189742,57
4485,4,10129,3388,6741,0,0,0,1.0,1,1.0,1,1.0,1,0.11256905356263848,60
4486,4,10133,3389,6744,0,0,0,1.0,1,1.0,1,1.0,1,0.09177068158690153,60
4487,0,10133,3389,6744,0,0,0,1.0,1,1.0,1,1.0,1,0.09177068158690153,60
4488,0,10133,3389,6744,0,0,0,1.0,1,1.0,1,1.0,1,0.09177068158690153,60
4489,0,10133,3389,6744,0,0,0,1.0,1,1.0,1,1.0,1,0.09177068158690153,60
4490,0,10133,3389,6744,0,0,0,1.0,1,1.0,1,1.0,1,0.09177068158690153,60
4491,0,10133,3389,6744,0,0,0,1.0,1,1.0,1,1.0,1,0.09954100518688395,61
4492,1,10134,3390,6744,0,0,0,1.0,1,1.0,1,1.0,1,0.08979470868954792,61
4493,1,10135,3391,6744,0,0,0,1.0,1,1.0,1,1.0,1,0.11562813999005253,60
4494,0,10135,3391,6744,0,0,0,1.0,1,1.0,1,1.0,1,0.12384809600302701,61
4495,1,10136,3392,6744,0,0,0,1.0,1,1.0,1,1.0,1,0.14270401553468434,59
4496,6,10142,3394,6748,0,0,0,1.0,1,1.0,1,1.0,1,0.14191926168342667,60
4497,1,10143,3394,6749,0,0,0,1.0,1,1.0,1,1.0,1,0.1257361238119408,59
4498,0,10143,3394,6749,0,0,0,1.0,1,1.0,1,1.0,1,0.15530510407386944,57
4499,5,10148,3396,6752,0,0,0,1.0,1,1.0,1,1.0,1,0.12726496084998465,58
4500,1,10149,3397,6752,0,0,0,1.0,1,1.0,1,1.0,1,0.1770300174211302,56
4501,8,10157,3398,6759,0,0,0,1.0,1,1.0,1,1.0,1,0.11529069534869169,57
4502,7,10164,3401,6763,0,0,0,1.0,1,1.0,1,1.0,1,0.17325814659842206,56
4503,7,10171,3402,6769,0,0,0,1.0,1,1.0,1,1.0,1,0.19508068300017029,54
4504,6,10177,3402,6775,0,0,0,1.0,1,1.0,1,1.0,1,0.23304175511900768,54
4505,6,10183,3405,6778,0,0,0,1.0,1,1.0,1,1.0,1,0.22215451758360855,51
4506,5,10188,3405,6783,0,0,0,1.0,1,1.0,1,1.0,1,0.10142685658194313,49
4507,3,10191,3407,6784,0,0,0,1.0,1,1.0,1,1.0,1,0.15148866412148443,48
4508,4,10195,3407,6788,0,0,0,1.0,1,1.0,1,1.0,1,0.12740914377276105,48
4509,3,10198,3409,6789,0,0,0,1.0,1,1.0,1,1.0,1,0.13495612939775048,46
4510,1,10199,3409,6790,0,0,0,1.0,1,1.0,1,1.0,1,0.1259084984199825,44
4511,1,10200,3409,6791,0,0,0,1.0,1,1.0,1,1.0,1,0.13353554962341732,45
4512,1,10201,3410,6791,0,0,0,1.0,1,1.0,1,1.0,1,0.12648483489763077,46
4513,3,10204,3411,6793,0,0,0,1.0,1,1.0,1,1.0,1,0.13348324718944307,45
4514,0,10204,3411,6793,0,0,0,1.0,1,1.0,1,1.0,1,0.11849690720315045,46
4515,4,10208,3411,6797,0,0,0,1.0,1,1.0,1,1.0,1,0.0939649884337881,48
4516,1,10209,3411,6798,0,0,0,1.0,1,1.0,1,1.0,1,0.09673278537603942,49
4517,1,10210,3412,6798,0,0,0,1.0,1,1.0,1,1.0,1,0.10936250931924478,50
4518,1,10211,3413,6798,0,0,0,1.0,1,1.0,1,1.0,1,0.12056363609989082,50
4519,2,10213,3415,6798,0,0,0,1.0,1,1.0,1,1.0,1,0.15567566633388347,49
4520,1,10214,3415,6799,0,0,0,1.0,1,1.0,1,1.0,1,0.16856950043951544,50
4521,3,10217,3415,6802,0,0,0,1.0,1,1.0,1,1.0,1,0.11281934194443587,50
4522,1,10218,3415,6803,0,0,0,1.0,1,1.0,1,1.0,1,0.08238676923673072,50
4523,2,10220,3416,6804,0,0,0,1.0,1,1.0,1,1.0,1,0.10212286326677218,51
4524,4,10224,3417,6807,0,0,0,1.0,1,1.0,1,1.0,1,0.10398947265608437,52
4525,3,10227,3417,6810,0,0,0,1.0,1,1.0,1,1.0,1,0.11183521365382364,53
4526,3,10230,3417,6813,0,0,0,1.0,1,1.0,1,1.0,1,0.054018737167803144,54
4527,2,10232,3418,6814,0,0,0,1.0,1,1.0,1,1.0,1,0.09824936004794402,55
4528,1,10233,3418,6815,0,0,0,1.0,1,1.0,1,1.0,1,0.09802433716158435,55
4529,2,10235,3420,6815,0,0,0,1.0,1,1.0,1,1.0,1,0.14078901568973196,55
4530,3,10238,3420,6818,0,0,0,1.0,1,1.0,1,1.0,1,0.12348905934806056,56
4531,5,10243,3422,6821,0,0,0,1.0,1,1.0,1,1.0,1,0.10283543299854507,56
4532,0,10243,3422,6821,0,0,0,1.0,1,1.0,1,1.0,1,0.10273095284083586,55
4533,1,10244,3423,6821,0,0,0,1.0,1,1.0,1,1.0,1,0.12266557238468856,54
4534,0,10244,3423,6821,0,0,0,1.0,1,1.0,1,1.0,1,0.1121350126376398,55
4535,1,10245,3424,6821,0,0,0,1.0,1,1.0,1,1.0,1,0.1649764905570244,52
4536,4,10249,3428,6821,0,0,0,1.0,1,1.0,1,1.0,1,0.13120285717786162,53
4537,4,10253,3429,6824,0,0,0,1.0,1,1.0,1,1.0,1,0.12360625154458457,52
4538,1,10254,3429,6825,0,0,0,1.0,1,1.0,1,1.0,1,0.13406994382793047,52
4539,3,10257,3430,6827,0,0,0,1.0,1,1.0,1,1.0,1,0.1608802428889804,53
4540,4,10261,3432,6829,0,0,0,1.0,1,1.0,1,1.0,1,0.14054165271014038,54
4541,5,10266,3432,6834,0,0,0,1.0,1,1.0,1,1.0,1,0.11688033705571159,53
4542,3,10269,3434,6835,0,0,0,1.0,1,1.0,1,1.0,1,0.12544039933579865,53
4543,1,10270,3435,6835,0,0,0,1.0,1,1.0,1,1.0,1,0.14701123592738607,53
4544,4,10274,3437,6837,0,0,0,1.0,1,1.0,1,1.0,1,0.12135340442964002,52
4545,1,10275,3438,6837,0,0,0,1.0,1,1.0,1,1.0,1,0.12407327626781331,50
4546,2,10277,3438,6839,0,0,0,1.0,1,1.0,1,1.0,1,0.09317328370787042,49
4547,2,10279,3439,6840,0,0,0,1.0,1,1.0,1,1.0,1,0.09372692341467696,49
4548,0,10279,3439,6840,0,0,0,1.0,1,1.0,1,1.0,1,0.09372692341467696,49
4549,0,10279,3439,6840,0,0,0,1.0,1,1.0,1,1.0,1,0.09841253594909267,50
4550,1,10280,3440,6840,0,0,0,1.0,1,1.0,1,1.0,1,0.1398775762475965,49
4551,1,10281,3440,6841,0,0,0,1.0,1,1.0,1,1.0,1,0.12258116380273049,49
4552,1,10282,3441,6841,0,0,0,1.0,1,1.0,1,1.0,1,0.11932005622129403,49
4553,4,10286,3443,6843,0,0,0,1.0,1,1.0,1,1.0,1,0.13895200969976138,49
4554,3,10289,3446,6843,0,0,0,1.0,1,1.0,1,1.0,1,0.19273213686337703,49
4555,3,10292,3447,6845,0,0,0,1.0,1,1.0,1,1.0,1,0.18047101203732155,48
4556,3,10295,3448,6847,0,0,0,1.0,1,1.0,1,1.0,1,0.15678595383156865,48
4557,4,10299,3450,6849,0,0,0,1.0,1,1.0,1,1.0,1,0.16471761338807564,49
4558,5,10304,3452,6852,0,0,0,1.0,1,1.0,1,1.0,1,0.17997167292226213,49
4559,3,10307,3453,6854,0,0,0,1.0,1,1.0,1,1.0,1,0.21508575775350075,50
4560,3,10310,3453,6857,0,0,0,1.0,1,1.0,1,1.0,1,0.20912718446476258,51
4561,2,10312,3453,6859,0,0,0,1.0,1,1.0,1,1.0,1,0.1771858067574118,52
4562,1,10313,3454,6859,0,0,0,1.0,1,1.0,1,1.0,1,0.17655961380689905,53
4563,0,10313,3454,6859,0,0,0,1.0,1,1.0,1,1.0,1,0.16668262585643695,52
4564,3,10316,3454,6862,0,0,0,1.0,1,1.0,1,1.0,1,0.15853057711617013,54
4565,5,10321,3454,6867,0,0,0,1.0,1,1.0,1,1.0,1,0.1393513140630191,55
4566,2,10323,3454,6869,0,0,0,1.0,1,1.0,1,1.0,1,0.1256060140191015,55
4567,2,10325,3456,6869,0,0,0,1.0,1,1.0,1,1.0,1,0.10297629253158548,56
4568,2,10327,3457,6870,0,0,0,1.0,1,1.0,1,1.0,1,0.10585971393255476,58
4569,0,10327,3457,6870,0,0,0,1.0,1,1.0,1,1.0,1,0.10017959462721894,59
4570,1,10328,3458,6870,0,0,0,1.0,1,1.0,1,1.0,1,0.09267647637987385,59
4571,2,10330,3458,6872,0,0,0,1.0,1,1.0,1,1.0,1,0.11260910700279209,57
4572,3,10333,3460,6873,0,0,0,1.0,1,1.0,1,1.0,1,0.13100643352834898,56
4573,0,10333,3460,6873,0,0,0,1.0,1,1.0,1,1.0,1,0.1311654866663438,56
4574,1,10334,3460,6874,0,0,0,1.0,1,1.0,1,1.0,1,0.16987034726373038,55
4575,2,10336,3461,6875,0,0,0,1.0,1,1.0,1,1.0,1,0.16731949054156633,55
4576,3,10339,3461,6878,0,0,0,1.0,1,1.0,1,1.0,1,0.1510620898632085,55
4577,0,10339,3461,6878,0,0,0,1.0,1,1.0,1,1.0,1,0.1647436569167785,54
4578,0,10339,3461,6878,0,0,0,1.0,1,1.0,1,1.0,1,0.1663923285321182,54
4579,2,10341,3462,6879,0,0,0,1.0,1,1.0,1,1.0,1,0.16170861392779162,54
4580,0,10341,3462,6879,0,0,0,1.0,1,1.0,1,1.0,1,0.15685839594200637,55
4581,2,10343,3463,6880,0,0,0,1.0,1,1.0,1,1.0,1,0.1525446261647148,56
4582,0,10343,3463,6880,0,0,0,1.0,1,1.0,1,1.0,1,0.1525446261647148,56
4583,1,10344,3464,6880,0,0,0,1.0,1,1.0,1,1.0,1,0.1470752857020803,57
4584,2,10346,3466,6880,0,0,0,1.0,1,1.0,1,1.0,1,0.18189742296869513,57
4585,0,10346,3466,6880,0,0,0,1.0,1,1.0,1,1.0,1,0.18189742296869513,57
4586,1,10347,3466,6881,0,0,0,1.0,1,1.0,1,1.0,1,0.1760501972018921,57
4587,0,10347,3466,6881,0,0,0,1.0,1,1.0,1,1.0,1,0.1760501972018921,57
4588,1,10348,3466,6882,0,0,0,1.0,1,1.0,1,1.0,1,0.16872002543569298,58
4589,0,10348,3466,6882,0,0,0,1.0,1,1.0,1,1.0,1,0.17255834806516152,59
4590,1,10349,3466,6883,0,0,0,1.0,1,1.0,1,1.0,1,0.1785088141578822,60
4591,1,10350,3466,6884,0,0,0,1.0,1,1.0,1,1.0,1,0.16978332135286936,61
4592,1,10351,3466,6885,0,0,0,1.0,1,1.0,1,1.0,1,0.15402738482264525,62
4593,2,10353,3466,6887,0,0,0,1.0,1,1.0,1,1.0,1,0.13120442897975682,64
4594,1,10354,3466,6888,0,0,0,1.0,1,1.0,1,1.0,1,0.11183029914215617,64
4595,5,10359,3468,6891,0,0,0,1.0,1,1.0,1,1.0,1,0.1231945948260997,63
4596,2,10361,3468,6893,0,0,0,1.0,1,1.0,1,1.0,1,0.10749840639066614,63
4597,0,10361,3468,6893,0,0,0,1.0,1,1.0,1,1.0,1,0.10749840639066614,63
4598,1,10362,3468,6894,0,0,0,1.0,1,1.0,1,1.0,1,0.1024398437353821,65
4599,3,10365,3469,6896,0,0,0,1.0,1,1.0,1,1.0,1,0.0754295523183866,66
4600,2,10367,3469,6898,0,0,0,1.0,1,1.0,1,1.0,1,0.06978205749346388,67
4601,2,10369,3471,6898,0,0,0,1.0,1,1.0,1,1.0,1,0.10507781315265013,67
4602,2,10371,3471,6900,0,0,0,1.0,1,1.0,1,1.0,1,0.11182268471083816,69
4603,2,10373,3472,6901,0,0,0,1.0,1,1.0,1,1.0,1,0.11790098477516331,69
4604,1,10374,3472,6902,0,0,0,1.0,1,1.0,1,1.0,1,0.1303192722129622,69
4605,4,10378,3472,6906,0,0,0,1.0,1,1.0,1,1.0,1,0.12315256819233394,70
4606,2,10380,3472,6908,0,0,0,1.0,1,1.0,1,1.0,1,0.09926484843126489,70
4607,1,10381,3473,6908,0,0,0,1.0,1,1.0,1,1.0,1,0.13039611552070943,72
4608,3,10384,3473,6911,0,0,0,1.0,1,1.0,1,1.0,1,0.12474553484352904,73
4609,0,10384,3473,6911,0,0,0,1.0,1,1.0,1,1.0,1,0.11995323459724039,72
4610,2,10386,3474,6912,0,0,0,1.0,1,1.0,1,1.0,1,0.11825806073439979,72
4611,2,10388,3474,6914,0,0,0,1.0,1,1.0,1,1.0,1,0.1087650163528354,71
4612,2,10390,3475,6915,0,0,0,1.0,1,1.0,1,1.0,1,0.11628558003213106,70
4613,0,10390,3475,6915,0,0,0,1.0,1,1.0,1,1.0,1,0.11758216322234628,69
4614,0,10390,3475,6915,0,0,0,1.0,1,1.0,1,1.0,1,0.12756566979363007,68
4615,1,10391,3476,6915,0,0,0,1.0,1,1.0,1,1.0,1,0.12690751140330597,68
4616,2,10393,3476,6917,0,0,0,1.0,1,1.0,1,1.0,1,0.12848313782148302,65
4617,1,10394,3477,6917,0,0,0,1.0,1,1.0,1,1.0,1,0.1248597219525765,66
4618,2,10396,3478,6918,0,0,0,1.0,1,1.0,1,1.0,1,0.12935963010140222,66
4619,0,10396,3478,6918,0,0,0,1.0,1,1.0,1,1.0,1,0.14020550328202278,65
4620,1,10397,3478,6919,0,0,0,1.0,1,1.0,1,1.0,1,0.12273619996123986,65
4621,8,10405,3482,6923,0,0,0,1.0,1,1.0,1,1.0,1,0.1285205628755986,67
4622,2,10407,3483,6924,0,0,0,1.0,1,1.0,1,1.0,1,0.14765907035291245,65
4623,2,10409,3485,6924,0,0,0,1.0,1,1.0,1,1.0,1,0.17604063438865974,66
4624,3,10412,3488,6924,0,0,0,1.0,1,1.0,1,1.0,1,0.19742293352377754,65
4625,4,10416,3488,6928,0,0,0,1.0,1,1.0,1,1.0,1,0.1645629638645592,64
4626,5,10421,3490,6931,0,0,0,1.0,1,1.0,1,1.0,1,0.13899224827741513,63
4627,3,10424,3490,6934,0,0,0,1.0,1,1.0,1,1.0,1,0.10980837757068938,65
4628,0,10424,3490,6934,0,0,0,1.0,1,1.0,1,1.0,1,0.12085704125622623,64
4629,3,10427,3492,6935,0,0,0,1.0,1,1.0,1,1.0,1,0.11859217749586029,64
4630,0,10427,3492,6935,0,0,0,1.0,1,1.0,1,1.0,1,0.11859217749586029,64
4631,10,10437,3495,6942,0,0,0,1.0,1,1.0,1,1.0,1,0.15180711225600277,66
4632,3,10440,3495,6945,0,0,0,1.0,1,1.0,1,1.0,1,0.15328439512507977,65
4633,5,10445,3495,6950,0,0,0,1.0,1,1.0,1,1.0,1,0.13371558653498195,66
4634,4,10449,3495,6954,0,0,0,1.0,1,1.0,1,1.0,1,0.12212176420220086,66
4635,3,10452,3495,6957,0,0,0,1.0,1,1.0,1,1.0,1,0.12086059628316458,66
4636,3,10455,3495,6960,0,0,0,1.0,1,1.0,1,1.0,1,0.08570599731385724,66
4637,0,10455,3495,6960,0,0,0,1.0,1,1.0,1,1.0,1,0.093624717964131,68
4638,0,10455,3495,6960,0,0,0,1.0,1,1.0,1,1.0,1,0.093624717964131,68
4639,3,10458,3496,6962,0,0,0,1.0,1,1.0,1,1.0,1,0.09164589789788123,69
4640,0,10458,3496,6962,0,0,0,1.0,1,1.0,1,1.0,1,0.09164589789788123,69
4641,3,10461,3496,6965,0,0,0,1.0,1,1.0,1,1.0,1,0.05278495531230537,70
4642,0,10461,3496,6965,0,0,0,1.0,1,1.0,1,1.0,1,0.06426019319399141,69
4643,3,10464,3497,6967,0,0,0,1.0,1,1.0,1,1.0,1,0.0625568477455865,70
4644,1,10465,3498,6967,0,0,0,1.0,1,1.0,1,1.0,1,0.09608166791114653,69
4645,1,10466,3498,6968,0,0,0,1.0,1,1.0,1,1.0,1,0.10195482405414062,70
4646,4,10470,3499,6971,0,0,0,1.0,1,1.0,1,1.0,1,0.09261152963220294,68
4647,3,10473,3502,6971,0,0,0,1.0,1,1.0,1,1.0,1,0.13244530131041382,68
4648,0,10473,3502,6971,0,0,0,1.0,1,1.0,1,1.0,1,0.16746251816450242,67
4649,6,10479,3505,6974,0,0,0,1.0,1,1.0,1,1.0,1,0.18232389634500493,67
4650,0,10479,3505,6974,0,0,0,1.0,1,1.0,1,1.0,1,0.15699862337672146,67
4651,7,10486,3508,6978,0,0,0,1.0,1,1.0,1,1.0,1,0.12388885000194712,68
4652,0,10486,3508,6978,0,0,0,1.0,1,1.0,1,1.0,1,0.12562916854100808,66
4653,1,10487,3508,6979,0,0,0,1.0,1,1.0,1,1.0,1,0.11941490133901139,64
4654,2,10489,3508,6981,0,0,0,1.0,1,1.0,1,1.0,1,0.12027971452920777,65
4655,2,10491,3510,6981,0,0,0,1.0,1,1.0,1,1.0,1,0.1508139793321273,64
4656,4,10495,3512,6983,0,0,0,1.0,1,1.0,1,1.0,1,0.14638421721218764,65
4657,1,10496,3513,6983,0,0,0,1.0,1,1.0,1,1.0,1,0.1576951164877986,66
4658,5,10501,3516,6985,0,0,0,1.0,1,1.0,1,1.0,1,0.21849334040719617,65
4659,1,10502,3516,6986,0,0,0,1.0,1,1.0,1,1.0,1,0.22196400561777527,65
4660,4,10506,3518,6988,0,0,0,1.0,1,1.0,1,1.0,1,0.2489662783356718,66
4661,8,10514,3518,6996,0,0,0,1.0,1,1.0,1,1.0,1,0.18132282767352897,66
4662,1,10515,3518,6997,0,0,0,1.0,1,1.0,1,1.0,1,0.18606067428085465,68
4663,3,10518,3518,7000,0,0,0,1.0,1,1.0,1,1.0,1,0.1870227673740472,67
4664,5,10523,3519,7004,0,0,0,1.0,1,1.0,1,1.0,1,0.18814582775284047,67
4665,3,10526,3520,7006,0,0,0,1.0,1,1.0,1,1.0,1,0.1748944298684962,67
4666,10,10536,3521,7015,0,0,0,1.0,1,1.0,1,1.0,1,0.1200591857659073,67
4667,6,10542,3521,7021,0,0,0,1.0,1,1.0,1,1.0,1,0.10426343455763386,66
4668,5,10547,3522,7025,0,0,0,1.0,1,1.0,1,1.0,1,0.1345614569412626,66
4669,2,10549,3522,7027,0,0,0,1.0,1,1.0,1,1.0,1,0.1500072732069532,66
4670,4,10553,3522,7031,0,0,0,1.0,1,1.0,1,1.0,1,0.1772852872639933,64
4671,2,10555,3522,7033,0,0,0,1.0,1,1.0,1,1.0,1,0.15158464846741704,64
4672,1,10556,3523,7033,0,0,0,1.0,1,1.0,1,1.0,1,0.18924844612686445,64
4673,2,10558,3523,7035,0,0,0,1.0,1,1.0,1,1.0,1,0.16812989940009535,65
4674,2,10560,3525,7035,0,0,0,1.0,1,1.0,1,1.0,1,0.18947512342715098,66
4675,2,10562,3525,7037,0,0,0,1.0,1,1.0,1,1.0,1,0.1892248043292209,65
4676,6,10568,3525,7043,0,0,0,1.0,1,1.0,1,1.0,1,0.16385724755991982,65
4677,2,10570,3525,7045,0,0,0,1.0,1,1.0,1,1.0,1,0.16638955205548878,65
4678,0,10570,3525,7045,0,0,0,1.0,1,1.0,1,1.0,1,0.18551489145661393,64
4679,0,10570,3525,7045,0,0,0,1.0,1,1.0,1,1.0,1,0.17659972368857121,66
4680,1,10571,3525,7046,0,0,0,1.0,1,1.0,1,1.0,1,0.17226187784819014,67
4681,2,10573,3526,7047,0,0,0,1.0,1,1.0,1,1.0,1,0.16872995743320202,67
4682,1,10574,3527,7047,0,0,0,1.0,1,1.0,1,1.0,1,0.18641383476361542,67
4683,3,10577,3528,7049,0,0,0,1.0,1,1.0,1,1.0,1,0.16968072477200308,67
4684,4,10581,3531,7050,0,0,0,1.0,1,1.0,1,1.0,1,0.1615578944859052,66
4685,1,10582,3531,7051,0,0,0,1.0,1,1.0,1,1.0,1,0.1364697636741581,65
4686,3,10585,3533,7052,0,0,0,1.0,1,1.0,1,1.0,1,0.14969008551777077,65
4687,0,10585,3533,7052,0,0,0,1.0,1,1.0,1,1.0,1,0.1375055586565898,65
4688,1,10586,3534,7052,0,0,0,1.0,1,1.0,1,1.0,1,0.15748472401136593,64
4689,8,10594,3537,7057,0,0,0,1.0,1,1.0,1,1.0,1,0.18116097361748035,65
4690,2,10596,3537,7059,0,0,0,1.0,1,1.0,1,1.0,1,0.20045153839598875,63
4691,7,10603,3540,7063,0,0,0,1.0,1,1.0,1,1.0,1,0.19704894953366475,64
4692,3,10606,3540,7066,0,0,0,1.0,1,1.0,1,1.0,1,0.14083285019647693,63
4693,1,10607,3540,7067,0,0,0,1.0,1,1.0,1,1.0,1,0.1382812919443979,64
4694,0,10607,3540,7067,0,0,0,1.0,1,1.0,1,1.0,1,0.12756140384444825,63
4695,0,10607,3540,7067,0,0,0,1.0,1,1.0,1,1.0,1,0.13081200224800668,62
4696,4,10611,3541,7070,0,0,0,1.0,1,1.0,1,1.0,1,0.11874875259732476,61
4697,1,10612,3541,7071,0,0,0,1.0,1,1.0,1,1.0,1,0.09484240157003045,63
4698,0,10612,3541,7071,0,0,0,1.0,1,1.0,1,1.0,1,0.10615169282715507,63
4699,1,10613,3541,7072,0,0,0,1.0,1,1.0,1,1.0,1,0.08246976508909767,65
4700,0,10613,3541,7072,0,0,0,1.0,1,1.0,1,1.0,1,0.09376382278129085,64
4701,2,10615,3543,7072,0,0,0,1.0,1,1.0,1,1.0,1,0.1130643956868192,64
4702,1,10616,3543,7073,0,0,0,1.0,1,1.0,1,1.0,1,0.12212096418117252,66
4703,2,10618,3544,7074,0,0,0,1.0,1,1.0,1,1.0,1,0.12241608070227758,65
4704,2,10620,3546,7074,0,0,0,1.0,1,1.0,1,1.0,1,0.13356462316319828,64
4705,8,10628,3549,7079,0,0,0,1.0,1,1.0,1,1.0,1,0.18295684527878828,65
4706,7,10635,3553,7082,0,0,0,1.0,1,1.0,1,1.0,1,0.1758346093916007,65
4707,5,10640,3555,7085,0,0,0,1.0,1,1.0,1,1.0,1,0.19967961576853396,63
4708,2,10642,3556,7086,0,0,0,1.0,1,1.0,1,1.0,1,0.181283846285783,62
4709,5,10647,3559,7088,0,0,0,1.0,1,1.0,1,1.0,1,0.21125658553179955,61
4710,0,10647,3559,7088,0,0,0,1.0,1,1.0,1,1.0,1,0.2083317925133843,60
4711,7,10654,3561,7093,0,0,0,1.0,1,1.0,1,1.0,1,0.15184383096380105,59
4712,1,10655,3561,7094,0,0,0,1.0,1,1.0,1,1.0,1,0.14310855267602776,58
4713,4,10659,3564,7095,0,0,0,1.0,1,1.0,1,1.0,1,0.15550351575864282,58
4714,0,10659,3564,7095,0,0,0,1.0,1,1.0,1,1.0,1,0.14977072317042764,57
4715,0,10659,3564,7095,0,0,0,1.0,1,1.0,1,1.0,1,0.14467932604126188,57
4716,5,10664,3565,7099,0,0,0,1.0,1,1.0,1,1.0,1,0.09124066596889337,55
4717,3,10667,3567,7100,0,0,0,1.0,1,1.0,1,1.0,1,0.12501817006005506,57
4718,3,10670,3567,7103,0,0,0,1.0,1,1.0,1,1.0,1,0.09534708648098782,56
4719,3,10673,3568,7105,0,0,0,1.0,1,1.0,1,1.0,1,0.1461779070293229,56
4720,2,10675,3568,7107,0,0,0,1.0,1,1.0,1,1.0,1,0.14726363930853664,57
4721,3,10678,3568,7110,0,0,0,1.0,1,1.0,1,1.0,1,0.12269189918121241,57
4722,2,10680,3569,7111,0,0,0,1.0,1,1.0,1,1.0,1,0.13068937703888267,57
4723,3,10683,3569,7114,0,0,0,1.0,1,1.0,1,1.0,1,0.10841995777921,57
4724,0,10683,3569,7114,0,0,0,1.0,1,1.0,1,1.0,1,0.11029638517389574,57
4725,0,10683,3569,7114,0,0,0,1.0,1,1.0,1,1.0,1,0.12830095432391958,57
4726,5,10688,3570,7118,0,0,0,1.0,1,1.0,1,1.0,1,0.07601302156178752,57
4727,0,10688,3570,7118,0,0,0,1.0,1,1.0,1,1.0,1,0.08837466090731273,56
4728,0,10688,3570,7118,0,0,0,1.0,1,1.0,1,1.0,1,0.10111085788527283,57
4729,0,10688,3570,7118,0,0,0,1.0,1,1.0,1,1.0,1,0.11625676544958996,56
4730,1,10689,3571,7118,0,0,0,1.0,1,1.0,1,1.0,1,0.13932000559032676,54
4731,1,10690,3571,7119,0,0,0,1.0,1,1.0,1,1.0,1,0.12036990398206414,54
4732,7,10697,3576,7121,0,0,0,1.0,1,1.0,1,1.0,1,0.2323867539496901,54
4733,7,10704,3577,7127,0,0,0,1.0,1,1.0,1,1.0,1,0.2079587439121837,55
4734,5,10709,3579,7130,0,0,0,1.0,1,1.0,1,1.0,1,0.26086494645234204,56
4735,6,10715,3580,7135,0,0,0,1.0,1,1.0,1,1.0,1,0.2611646855631001,56
4736,6,10721,3581,7140,0,0,0,1.0,1,1.0,1,1.0,1,0.22140024725717405,58
4737,0,10721,3581,7140,0,0,0,1.0,1,1.0,1,1.0,1,0.21711246543231497,59
4738,1,10722,3582,7140,0,0,0,1.0,1,1.0,1,1.0,1,0.24946876458454087,60
4739,3,10725,3582,7143,0,0,0,1.0,1,1.0,1,1.0,1,0.21871475207625227,60
4740,0,10725,3582,7143,0,0,0,1.0,1,1.0,1,1.0,1,0.21871475207625227,60
4741,5,10730,3582,7148,0,0,0,1.0,1,1.0,1,1.0,1,0.18670129216101858,61
4742,2,10732,3584,7148,0,0,0,1.0,1,1.0,1,1.0,1,0.1988143220038217,61
4743,1,10733,3584,7149,0,0,0,1.0,1,1.0,1,1.0,1,0.18203580346271037,60
4744,5,10738,3586,7152,0,0,0,1.0,1,1.0,1,1.0,1,0.16136626773964785,60
4745,3,10741,3587,7154,0,0,0,1.0,1,1.0,1,1.0,1,0.16553914313413864,59
4746,5,10746,3589,7157,0,0,0,1.0,1,1.0,1,1.0,1,0.16142376899370786,59
4747,4,10750,3590,7160,0,0,0,1.0,1,1.0,1,1.0,1,0.0983646438273004,58
4748,2,10752,3591,7161,0,0,0,1.0,1,1.0,1,1.0,1,0.08659718626224579,58
4749,3,10755,3592,7163,0,0,0,1.0,1,1.0,1,1.0,1,0.06273996029981888,58
4750,4,10759,3593,7166,0,0,0,1.0,1,1.0,1,1.0,1,0.09956970178355651,56
4751,5,10764,3596,7168,0,0,0,1.0,1,1.0,1,1.0,1,0.10223440560292663,58
4752,2,10766,3597,7169,0,0,0,1.0,1,1.0,1,1.0,1,0.07706629393608751,55
4753,0,10766,3597,7169,0,0,0,1.0,1,1.0,1,1.0,1,0.07706629393608751,55
4754,2,10768,3598,7170,0,0,0,1.0,1,1.0,1,1.0,1,0.10241196057093026,54
4755,1,10769,3598,7171,0,0,0,1.0,1,1.0,1,1.0,1,0.1094555093395188,54
4756,2,10771,3599,7172,0,0,0,1.0,1,1.0,1,1.0,1,0.12066585092982884,54
4757,3,10774,3599,7175,0,0,0,1.0,1,1.0,1,1.0,1,0.10004911317414664,53
4758,0,10774,3599,7175,0,0,0,1.0,1,1.0,1,1.0,1,0.10004911317414664,53
4759,1,10775,3600,7175,0,0,0,1.0,1,1.0,1,1.0,1,0.1319613152307919,53
4760,1,10776,3601,7175,0,0,0,1.0,1,1.0,1,1.0,1,0.17465949982621684,53
4761,10,10786,3603,7183,0,0,0,1.0,1,1.0,1,1.0,1,0.13342044256175473,52
4762,5,10791,3605,7186,0,0,0,1.0,1,1.0,1,1.0,1,0.15336906230060277,54
4763,2,10793,3605,7188,0,0,0,1.0,1,1.0,1,1.0,1,0.15051603091155194,54
4764,4,10797,3606,7191,0,0,0,1.0,1,1.0,1,1.0,1,0.14517591998123838,55
4765,4,10801,3607,7194,0,0,0,1.0,1,1.0,1,1.0,1,0.14924022606741974,56
4766,4,10805,3607,7198,0,0,0,1.0,1,1.0,1,1.0,1,0.09246663025574048,58
4767,3,10808,3607,7201,0,0,0,1.0,1,1.0,1,1.0,1,0.10657723010526302,59
4768,5,10813,3610,7203,0,0,0,1.0,1,1.0,1,1.0,1,0.14675924319034336,60
4769,4,10817,3610,7207,0,0,0,1.0,1,1.0,1,1.0,1,0.15082929687866367,59
4770,3,10820,3610,7210,0,0,0,1.0,1,1.0,1,1.0,1,0.13822459682343538,60
4771,4,10824,3610,7214,0,0,0,1.0,1,1.0,1,1.0,1,0.11812340770613144,59
4772,1,10825,3611,7214,0,0,0,1.0,1,1.0,1,1.0,1,0.13568923556302814,59
4773,2,10827,3611,7216,0,0,0,1.0,1,1.0,1,1.0,1,0.1265987559189809,60
4774,2,10829,3612,7217,0,0,0,1.0,1,1.0,1,1.0,1,0.14780377962950084,60
4775,2,10831,3612,7219,0,0,0,1.0,1,1.0,1,1.0,1,0.1352732020604421,62
4776,3,10834,3612,7222,0,0,0,1.0,1,1.0,1,1.0,1,0.09225400712882433,63
4777,0,10834,3612,7222,0,0,0,1.0,1,1.0,1,1.0,1,0.09225400712882433,63
4778,0,10834,3612,7222,0,0,0,1.0,1,1.0,1,1.0,1,0.09225400712882433,63
4779,0,10834,3612,7222,0,0,0,1.0,1,1.0,1,1.0,1,0.09225400712882433,63
4780,1,10835,3613,7222,0,0,0,1.0,1,1.0,1,1.0,1,0.11407518542390953,65
4781,1,10836,3613,7223,0,0,0,1.0,1,1.0,1,1.0,1,0.11273640730064732,64
4782,3,10839,3613,7226,0,0,0,1.0,1,1.0,1,1.0,1,0.08115997601419495,65
4783,5,10844,3616,7228,0,0,0,1.0,1,1.0,1,1.0,1,0.07666720649756392,66
4784,3,10847,3618,7229,0,0,0,1.0,1,1.0,1,1.0,1,0.062006832873036224,64
4785,5,10852,3621,7231,0,0,0,1.0,1,1.0,1,1.0,1,0.11228993953183378,65
4786,10,10862,3623,7239,0,0,0,1.0,1,1.0,1,1.0,1,0.13401977779929602,66
4787,11,10873,3624,7249,0,0,0,1.0,1,1.0,1,1.0,1,0.12091173533141825,63
4788,13,10886,3629,7257,0,0,0,1.0,1,1.0,1,1.0,1,0.15402575631010304,63
4789,14,10900,3631,7269,0,0,0,1.0,1,1.0,1,1.0,1,0.12803497993959087,60
4790,5,10905,3632,7273,0,0,0,1.0,1,1.0,1,1.0,1,0.16851883183057254,61
4791,9,10914,3635,7279,0,0,0,1.0,1,1.0,1,1.0,1,0.11540391973170494,59
4792,1,10915,3636,7279,0,0,0,1.0,1,1.0,1,1.0,1,0.12271266014684067,59
4793,4,10919,3636,7283,0,0,0,1.0,1,1.0,1,1.0,1,0.09974061456789428,61
4794,2,10921,3637,7284,0,0,0,1.0,1,1.0,1,1.0,1,0.09862468691233135,60
4795,3,10924,3637,7287,0,0,0,1.0,1,1.0,1,1.0,1,0.10063209461869228,61
4796,5,10929,3638,7291,0,0,0,1.0,1,1.0,1,1.0,1,0.07096801268156312,60
4797,2,10931,3639,7292,0,0,0,1.0,1,1.0,1,1.0,1,0.0701784834408467,61
4798,1,10932,3639,7293,0,0,0,1.0,1,1.0,1,1.0,1,0.08206189379778996,61
4799,0,10932,3639,7293,0,0,0,1.0,1,1.0,1,1.0,1,0.08925809157395902,59
4800,1,10933,3640,7293,0,0,0,1.0,1,1.0,1,1.0,1,0.12044584386612309,57
4801,6,10939,3640,7299,0,0,0,1.0,1,1.0,1,1.0,1,0.0991544427102729,58
4802,5,10944,3641,7303,0,0,0,1.0,1,1.0,1,1.0,1,0.11143734584848866,56
4803,6,10950,3644,7306,0,0,0,1.0,1,1.0,1,1.0,1,0.10785511812539854,57
4804,2,10952,3644,7308,0,0,0,1.0,1,1.0,1,1.0,1,0.0815050199175812,55
4805,3,10955,3645,7310,0,0,0,1.0,1,1.0,1,1.0,1,0.09161737409304747,56
4806,0,10955,3645,7310,0,0,0,1.0,1,1.0,1,1.0,1,0.07620152916036332,55
4807,0,10955,3645,7310,0,0,0,1.0,1,1.0,1,1.0,1,0.06779400998726923,53
4808,2,10957,3647,7310,0,0,0,1.0,1,1.0,1,1.0,1,0.1033289836098748,54
4809,1,10958,3647,7311,0,0,0,1.0,1,1.0,1,1.0,1,0.11663785632306257,53
4810,3,10961,3649,7312,0,0,0,1.0,1,1.0,1,1.0,1,0.14003800218249346,53
4811,3,10964,3649,7315,0,0,0,1.0,1,1.0,1,1.0,1,0.07855199689966404,54
4812,2,10966,3651,7315,0,0,0,1.0,1,1.0,1,1.0,1,0.07955587211891336,54
4813,4,10970,3652,7318,0,0,0,1.0,1,1.0,1,1.0,1,0.07251413512372877,55
4814,2,10972,3654,7318,0,0,0,1.0,1,1.0,1,1.0,1,0.10302920062521664,55
4815,4,10976,3654,7322,0,0,0,1.0,1,1.0,1,1.0,1,0.09102018791855492,56
4816,3,10979,3656,7323,0,0,0,1.0,1,1.0,1,1.0,1,0.07310954333306179,56
4817,3,10982,3658,7324,0,0,0,1.0,1,1.0,1,1.0,1,0.09986821422059423,58
4818,4,10986,3660,7326,0,0,0,1.0,1,1.0,1,1.0,1,0.14188382067288516,58
4819,1,10987,3661,7326,0,0,0,1.0,1,1.0,1,1.0,1,0.1437385862624815,58
4820,0,10987,3661,7326,0,0,0,1.0,1,1.0,1,1.0,1,0.1437385862624815,58
4821,2,10989,3662,7327,0,0,0,1.0,1,1.0,1,1.0,1,0.1503615840109086,58
4822,3,10992,3664,7328,0,0,0,1.0,1,1.0,1,1.0,1,0.1641806050732208,58
4823,3,10995,3665,7330,0,0,0,1.0,1,1.0,1,1.0,1,0.15431488022101597,57
4824,4,10999,3666,7333,0,0,0,1.0,1,1.0,1,1.0,1,0.125647914873972,56
4825,1,11000,3666,7334,0,0,0,1.0,1,1.0,1,1.0,1,0.15866260857420564,57
4826,3,11003,3667,7336,0,0,0,1.0,1,1.0,1,1.0,1,0.14309961026027065,57
4827,0,11003,3667,7336,0,0,0,1.0,1,1.0,1,1.0,1,0.1726599621789361,56
4828,0,11003,3667,7336,0,0,0,1.0,1,1.0,1,1.0,1,0.15233987393430862,57
4829,0,11003,3667,7336,0,0,0,1.0,1,1.0,1,1.0,1,0.16121541398873848,56
4830,1,11004,3668,7336,0,0,0,1.0,1,1.0,1,1.0,1,0.1494904917108802,57
4831,5,11009,3670,7339,0,0,0,1.0,1,1.0,1,1.0,1,0.16828318546316776,57
4832,1,11010,3670,7340,0,0,0,1.0,1,1.0,1,1.0,1,0.16964615663425514,55
4833,3,11013,3672,7341,0,0,0,1.0,1,1.0,1,1.0,1,0.1781552108737391,55
4834,1,11014,3672,7342,0,0,0,1.0,1,1.0,1,1.0,1,0.17394445924100982,55
4835,4,11018,3673,7345,0,0,0,1.0,1,1.0,1,1.0,1,0.17903053555857437,55
4836,4,11022,3673,7349,0,0,0,1.0,1,1.0,1,1.0,1,0.12007194252847976,55
4837,1,11023,3673,7350,0,0,0,1.0,1,1.0,1,1.0,1,0.11025711407665778,53
4838,3,11026,3674,7352,0,0,0,1.0,1,1.0,1,1.0,1,0.09414238633535953,54
4839,3,11029,3677,7352,0,0,0,1.0,1,1.0,1,1.0,1,0.11016879324290478,53
4840,2,11031,3678,7353,0,0,0,1.0,1,1.0,1,1.0,1,0.09483687092453286,52
4841,8,11039,3682,7357,0,0,0,1.0,1,1.0,1,1.0,1,0.13838536783666994,51
4842,4,11043,3683,7360,0,0,0,1.0,1,1.0,1,1.0,1,0.16889803026764266,50
4843,5,11048,3684,7364,0,0,0,1.0,1,1.0,1,1.0,1,0.1894118722933427,51
4844,2,11050,3684,7366,0,0,0,1.0,1,1.0,1,1.0,1,0.15745580414257732,50
4845,3,11053,3686,7367,0,0,0,1.0,1,1.0,1,1.0,1,0.17252314600085739,49
4846,11,11064,3688,7376,0,0,0,1.0,1,1.0,1,1.0,1,0.1621617743433637,49
4847,4,11068,3689,7379,0,0,0,1.0,1,1.0,1,1.0,1,0.20440452589499197,48
4848,7,11075,3690,7385,0,0,0,1.0,1,1.0,1,1.0,1,0.20370883986814756,48
4849,4,11079,3691,7388,0,0,0,1.0,1,1.0,1,1.0,1,0.19490854687403328,48
4850,6,11085,3691,7394,0,0,0,1.0,1,1.0,1,1.0,1,0.15934173972197427,49
4851,3,11088,3691,7397,0,0,0,1.0,1,1.0,1,1.0,1,0.11447550333118088,49
4852,1,11089,3691,7398,0,0,0,1.0,1,1.0,1,1.0,1,0.1478855364939197,49
4853,1,11090,3691,7399,0,0,0,1.0,1,1.0,1,1.0,1,0.13701448376169537,50
4854,0,11090,3691,7399,0,0,0,1.0,1,1.0,1,1.0,1,0.1460482015521224,51
4855,0,11090,3691,7399,0,0,0,1.0,1,1.0,1,1.0,1,0.1460482015521224,51
4856,2,11092,3692,7400,0,0,0,1.0,1,1.0,1,1.0,1,0.13851127683757097,50
4857,0,11092,3692,7400,0,0,0,1.0,1,1.0,1,1.0,1,0.14398714620486247,51
4858,2,11094,3692,7402,0,0,0,1.0,1,1.0,1,1.0,1,0.12979513188027222,51
4859,0,11094,3692,7402,0,0,0,1.0,1,1.0,1,1.0,1,0.14477894177611836,52
4860,0,11094,3692,7402,0,0,0,1.0,1,1.0,1,1.0,1,0.14477894177611836,52
4861,2,11096,3692,7404,0,0,0,1.0,1,1.0,1,1.0,1,0.12609899426253476,53
4862,3,11099,3695,7404,0,0,0,1.0,1,1.0,1,1.0,1,0.1527421633490186,53
4863,0,11099,3695,7404,0,0,0,1.0,1,1.0,1,1.0,1,0.15703763697165998,51
4864,1,11100,3696,7404,0,0,0,1.0,1,1.0,1,1.0,1,0.1778858153472325,53
4865,1,11101,3696,7405,0,0,0,1.0,1,1.0,1,1.0,1,0.17175350299640993,52
4866,6,11107,3698,7409,0,0,0,1.0,1,1.0,1,1.0,1,0.10850794587800641,53
4867,1,11108,3698,7410,0,0,0,1.0,1,1.0,1,1.0,1,0.09483202650904138,51
4868,4,11112,3699,7413,0,0,0,1.0,1,1.0,1,1.0,1,0.09735585866183398,53
4869,2,11114,3699,7415,0,0,0,1.0,1,1.0,1,1.0,1,0.09735585866183398,53
4870,3,11117,3701,7416,0,0,0,1.0,1,1.0,1,1.0,1,0.13419389132828283,55
4871,4,11121,3702,7419,0,0,0,1.0,1,1.0,1,1.0,1,0.1021545829193971,55
4872,3,11124,3703,7421,0,0,0,1.0,1,1.0,1,1.0,1,0.11725011188474559,56
4873,1,11125,3703,7422,0,0,0,1.0,1,1.0,1,1.0,1,0.086911623317625,56
4874,2,11127,3703,7424,0,0,0,1.0,1,1.0,1,1.0,1,0.10079564165334017,58
4875,1,11128,3704,7424,0,0,0,1.0,1,1.0,1,1.0,1,0.12089086149971005,56
4876,2,11130,3704,7426,0,0,0,1.0,1,1.0,1,1.0,1,0.09516599552224252,56
4877,2,11132,3705,7427,0,0,0,1.0,1,1.0,1,1.0,1,0.10657801092984312,54
4878,8,11140,3708,7432,0,0,0,1.0,1,1.0,1,1.0,1,0.09165874895165174,54
4879,6,11146,3711,7435,0,0,0,1.0,1,1.0,1,1.0,1,0.12756354989199317,54
4880,2,11148,3711,7437,0,0,0,1.0,1,1.0,1,1.0,1,0.13483770806106624,53
4881,4,11152,3713,7439,0,0,0,1.0,1,1.0,1,1.0,1,0.17332994065202184,54
4882,0,11152,3713,7439,0,0,0,1.0,1,1.0,1,1.0,1,0.15397269922544657,52
4883,4,11156,3714,7442,0,0,0,1.0,1,1.0,1,1.0,1,0.14818204583564704,54
4884,0,11156,3714,7442,0,0,0,1.0,1,1.0,1,1.0,1,0.136893180172195,52
4885,0,11156,3714,7442,0,0,0,1.0,1,1.0,1,1.0,1,0.14415065902726862,51
4886,2,11158,3714,7444,0,0,0,1.0,1,1.0,1,1.0,1,0.14100852780819606,50
4887,0,11158,3714,7444,0,0,0,1.0,1,1.0,1,1.0,1,0.1594757727641395,49
4888,0,11158,3714,7444,0,0,0,1.0,1,1.0,1,1.0,1,0.17408762686199783,48
4889,0,11158,3714,7444,0,0,0,1.0,1,1.0,1,1.0,1,0.17408762686199783,48
4890,0,11158,3714,7444,0,0,0,1.0,1,1.0,1,1.0,1,0.17408762686199783,48
4891,1,11159,3715,7444,0,0,0,1.0,1,1.0,1,1.0,1,0.21247104417727014,49
4892,2,11161,3715,7446,0,0,0,1.0,1,1.0,1,1.0,1,0.19132389905732575,51
4893,2,11163,3715,7448,0,0,0,1.0,1,1.0,1,1.0,1,0.14717387475331606,51
4894,3,11166,3716,7450,0,0,0,1.0,1,1.0,1,1.0,1,0.13243394861726118,52
4895,2,11168,3716,7452,0,0,0,1.0,1,1.0,1,1.0,1,0.14659506353341292,52
4896,1,11169,3716,7453,0,0,0,1.0,1,1.0,1,1.0,1,0.11844191025810687,51
4897,2,11171,3716,7455,0,0,0,1.0,1,1.0,1,1.0,1,0.10297551608393296,52
4898,0,11171,3716,7455,0,0,0,1.0,1,1.0,1,1.0,1,0.10297551608393296,52
4899,0,11171,3716,7455,0,0,0,1.0,1,1.0,1,1.0,1,0.11316832287567832,53
4900,1,11172,3717,7455,0,0,0,1.0,1,1.0,1,1.0,1,0.08144461320823151,54
4901,3,11175,3720,7455,0,0,0,1.0,1,1.0,1,1.0,1,0.1082824388593942,54
4902,2,11177,3720,7457,0,0,0,1.0,1,1.0,1,1.0,1,0.08168974062651296,55
4903,2,11179,3721,7458,0,0,0,1.0,1,1.0,1,1.0,1,0.1019225792555298,56
4904,3,11182,3723,7459,0,0,0,1.0,1,1.0,1,1.0,1,0.12807782088280403,55
4905,0,11182,3723,7459,0,0,0,1.0,1,1.0,1,1.0,1,0.12526914022163868,54
4906,3,11185,3724,7461,0,0,0,1.0,1,1.0,1,1.0,1,0.14754932918215102,54
4907,0,11185,3724,7461,0,0,0,1.0,1,1.0,1,1.0,1,0.1473941686098667,54
4908,1,11186,3724,7462,0,0,0,1.0,1,1.0,1,1.0,1,0.13489451229010074,53
4909,4,11190,3725,7465,0,0,0,1.0,1,1.0,1,1.0,1,0.1332597087251665,54
4910,1,11191,3725,7466,0,0,0,1.0,1,1.0,1,1.0,1,0.11908068720259725,55
4911,4,11195,3727,7468,0,0,0,1.0,1,1.0,1,1.0,1,0.14913336573235075,57
4912,3,11198,3728,7470,0,0,0,1.0,1,1.0,1,1.0,1,0.13766690753836805,57
4913,0,11198,3728,7470,0,0,0,1.0,1,1.0,1,1.0,1,0.1231944684884177,56
4914,1,11199,3729,7470,0,0,0,1.0,1,1.0,1,1.0,1,0.11335711297615074,56
4915,2,11201,3730,7471,0,0,0,1.0,1,1.0,1,1.0,1,0.09539304414142748,56
4916,2,11203,3730,7473,0,0,0,1.0,1,1.0,1,1.0,1,0.10035476654794809,54
4917,2,11205,3731,7474,0,0,0,1.0,1,1.0,1,1.0,1,0.11074204676427205,53
4918,0,11205,3731,7474,0,0,0,1.0,1,1.0,1,1.0,1,0.11356694149008137,52
4919,1,11206,3732,7474,0,0,0,1.0,1,1.0,1,1.0,1,0.16550120506306432,49
4920,0,11206,3732,7474,0,0,0,1.0,1,1.0,1,1.0,1,0.16550120506306432,49
4921,4,11210,3734,7476,0,0,0,1.0,1,1.0,1,1.0,1,0.20920869779148857,50
4922,1,11211,3734,7477,0,0,0,1.0,1,1.0,1,1.0,1,0.18235818993643252,50
4923,3,11214,3736,7478,0,0,0,1.0,1,1.0,1,1.0,1,0.1400528770940008,52
4924,4,11218,3737,7481,0,0,0,1.0,1,1.0,1,1.0,1,0.1741044602578949,53
4925,6,11224,3738,7486,0,0,0,1.0,1,1.0,1,1.0,1,0.16509002575051487,54
4926,5,11229,3738,7491,0,0,0,1.0,1,1.0,1,1.0,1,0.11203387850500818,54
4927,1,11230,3739,7491,0,0,0,1.0,1,1.0,1,1.0,1,0.12338929413539268,54
4928,0,11230,3739,7491,0,0,0,1.0,1,1.0,1,1.0,1,0.12338929413539268,54
4929,1,11231,3739,7492,0,0,0,1.0,1,1.0,1,1.0,1,0.124670390769984,55
4930,7,11238,3740,7498,0,0,0,1.0,1,1.0,1,1.0,1,0.12628379333982706,58
4931,1,11239,3740,7499,0,0,0,1.0,1,1.0,1,1.0,1,0.11606314726301112,58
4932,0,11239,3740,7499,0,0,0,1.0,1,1.0,1,1.0,1,0.1185553928675165,59
4933,0,11239,3740,7499,0,0,0,1.0,1,1.0,1,1.0,1,0.1185553928675165,59
4934,0,11239,3740,7499,0,0,0,1.0,1,1.0,1,1.0,1,0.1185553928675165,59
4935,1,11240,3740,7500,0,0,0,1.0,1,1.0,1,1.0,1,0.10916573358557706,59
4936,3,11243,3741,7502,0,0,0,1.0,1,1.0,1,1.0,1,0.1212803872023816,59
4937,3,11246,3741,7505,0,0,0,1.0,1,1.0,1,1.0,1,0.11203529659710279,61
4938,1,11247,3741,7506,0,0,0,1.0,1,1.0,1,1.0,1,0.11282871148658061,62
4939,3,11250,3742,7508,0,0,0,1.0,1,1.0,1,1.0,1,0.10541193397395011,63
4940,3,11253,3742,7511,0,0,0,1.0,1,1.0,1,1.0,1,0.12112868180818274,65
4941,1,11254,3742,7512,0,0,0,1.0,1,1.0,1,1.0,1,0.11013658929620283,65
4942,6,11260,3745,7515,0,0,0,1.0,1,1.0,1,1.0,1,0.1383204119157062,67
4943,2,11262,3745,7517,0,0,0,1.0,1,1.0,1,1.0,1,0.13800394116962592,66
4944,6,11268,3748,7520,0,0,0,1.0,1,1.0,1,1.0,1,0.14704683783843878,63
4945,2,11270,3749,7521,0,0,0,1.0,1,1.0,1,1.0,1,0.1227305874659485,61
4946,6,11276,3751,7525,0,0,0,1.0,1,1.0,1,1.0,1,0.13647017004614503,60
4947,2,11278,3751,7527,0,0,0,1.0,1,1.0,1,1.0,1,0.07679999678387746,58
4948,2,11280,3752,7528,0,0,0,1.0,1,1.0,1,1.0,1,0.099415890547295,57
4949,4,11284,3754,7530,0,0,0,1.0,1,1.0,1,1.0,1,0.09733066339832251,56
4950,1,11285,3754,7531,0,0,0,1.0,1,1.0,1,1.0,1,0.10200826493394678,57
4951,6,11291,3756,7535,0,0,0,1.0,1,1.0,1,1.0,1,0.0911753115492588,55
4952,4,11295,3760,7535,0,0,0,1.0,1,1.0,1,1.0,1,0.15784332144468297,55
4953,3,11298,3761,7537,0,0,0,1.0,1,1.0,1,1.0,1,0.1047844353801758,54
4954,1,11299,3762,7537,0,0,0,1.0,1,1.0,1,1.0,1,0.11558523425064675,54
4955,0,11299,3762,7537,0,0,0,1.0,1,1.0,1,1.0,1,0.09258624829423608,52
4956,3,11302,3762,7540,0,0,0,1.0,1,1.0,1,1.0,1,0.07455007687700428,52
4957,1,11303,3762,7541,0,0,0,1.0,1,1.0,1,1.0,1,0.04890446148077526,53
4958,1,11304,3763,7541,0,0,0,1.0,1,1.0,1,1.0,1,0.04491107293779265,52
4959,1,11305,3764,7541,0,0,0,1.0,1,1.0,1,1.0,1,0.07494234009371173,51
4960,0,11305,3764,7541,0,0,0,1.0,1,1.0,1,1.0,1,0.07492745179947731,53
4961,0,11305,3764,7541,0,0,0,1.0,1,1.0,1,1.0,1,0.07492745179947731,53
4962,1,11306,3764,7542,0,0,0,1.0,1,1.0,1,1.0,1,0.06958955909903686,55
4963,0,11306,3764,7542,0,0,0,1.0,1,1.0,1,1.0,1,0.06793731759085257,54
4964,2,11308,3766,7542,0,0,0,1.0,1,1.0,1,1.0,1,0.0752977115877789,54
4965,0,11308,3766,7542,0,0,0,1.0,1,1.0,1,1.0,1,0.0752977115877789,54
4966,1,11309,3767,7542,0,0,0,1.0,1,1.0,1,1.0,1,0.06169446224319672,54
4967,3,11312,3770,7542,0,0,0,1.0,1,1.0,1,1.0,1,0.15099326270991326,55
4968,6,11318,3773,7545,0,0,0,1.0,1,1.0,1,1.0,1,0.13141528414942233,55
4969,4,11322,3774,7548,0,0,0,1.0,1,1.0,1,1.0,1,0.13236266801068455,57
4970,4,11326,3774,7552,0,0,0,1.0,1,1.0,1,1.0,1,0.14973098433478743,56
4971,4,11330,3775,7555,0,0,0,1.0,1,1.0,1,1.0,1,0.14092689945211478,57
4972,0,11330,3775,7555,0,0,0,1.0,1,1.0,1,1.0,1,0.16524373260344757,57
4973,3,11333,3775,7558,0,0,0,1.0,1,1.0,1,1.0,1,0.15139789583276717,60
4974,2,11335,3775,7560,0,0,0,1.0,1,1.0,1,1.0,1,0.15996710541845618,58
4975,1,11336,3775,7561,0,0,0,1.0,1,1.0,1,1.0,1,0.1587094601113206,59
4976,5,11341,3776,7565,0,0,0,1.0,1,1.0,1,1.0,1,0.11250828813740091,59
4977,3,11344,3779,7565,0,0,0,1.0,1,1.0,1,1.0,1,0.13495006181868038,59
4978,1,11345,3780,7565,0,0,0,1.0,1,1.0,1,1.0,1,0.13444138443680345,59
4979,1,11346,3780,7566,0,0,0,1.0,1,1.0,1,1.0,1,0.13364781879406273,61
4980,2,11348,3782,7566,0,0,0,1.0,1,1.0,1,1.0,1,0.16485054087537754,62
4981,7,11355,3783,7572,0,0,0,1.0,1,1.0,1,1.0,1,0.1300353895828723,62
4982,5,11360,3784,7576,0,0,0,1.0,1,1.0,1,1.0,1,0.1129821388825738,63
4983,2,11362,3784,7578,0,0,0,1.0,1,1.0,1,1.0,1,0.12798640160403502,63
4984,2,11364,3786,7578,0,0,0,1.0,1,1.0,1,1.0,1,0.15407414287903073,61
4985,2,11366,3786,7580,0,0,0,1.0,1,1.0,1,1.0,1,0.11707417327978067,59
4986,5,11371,3787,7584,0,0,0,1.0,1,1.0,1,1.0,1,0.09012779913275953,62
4987,1,11372,3787,7585,0,0,0,1.0,1,1.0,1,1.0,1,0.10231738334718667,60
4988,0,11372,3787,7585,0,0,0,1.0,1,1.0,1,1.0,1,0.11631266129859971,59
4989,1,11373,3788,7585,0,0,0,1.0,1,1.0,1,1.0,1,0.12859142458714823,57
4990,0,11373,3788,7585,0,0,0,1.0,1,1.0,1,1.0,1,0.17697613748289076,55
4991,10,11383,3792,7591,0,0,0,1.0,1,1.0,1,1.0,1,0.08434875417994746,54
4992,3,11386,3792,7594,0,0,0,1.0,1,1.0,1,1.0,1,0.08508314783507968,52
4993,1,11387,3792,7595,0,0,0,1.0,1,1.0,1,1.0,1,0.08331439520315573,51
4994,2,11389,3794,7595,0,0,0,1.0,1,1.0,1,1.0,1,0.1596588117236891,49
4995,5,11394,3796,7598,0,0,0,1.0,1,1.0,1,1.0,1,0.15865889645974185,48
4996,4,11398,3798,7600,0,0,0,1.0,1,1.0,1,1.0,1,0.1270640447292007,48
4997,1,11399,3799,7600,0,0,0,1.0,1,1.0,1,1.0,1,0.13432201495660398,46
4998,3,11402,3800,7602,0,0,0,1.0,1,1.0,1,1.0,1,0.14662721373733897,48
4999,4,11406,3802,7604,0,0,0,1.0,1,1.0,1,1.0,1,0.1771205326240807,48
5000,0,11406,3802,7604,0,0,0,1.0,1,1.0,1,1.0,1,0.1595728174872472,47
5001,7,11413,3803,7610,0,0,0,1.0,1,1.0,1,1.0,1,0.10760671505694983,45
5002,3,11416,3804,7612,0,0,0,1.0,1,1.0,1,1.0,1,0.12603719956011256,46
5003,4,11420,3804,7616,0,0,0,1.0,1,1.0,1,1.0,1,0.12543912734119725,46
5004,2,11422,3804,7618,0,0,0,1.0,1,1.0,1,1.0,1,0.11361991100953625,46
5005,0,11422,3804,7618,0,0,0,1.0,1,1.0,1,1.0,1,0.1415463998294871,45
5006,0,11422,3804,7618,0,0,0,1.0,1,1.0,1,1.0,1,0.16044854317209842,45
5007,2,11424,3804,7620,0,0,0,1.0,1,1.0,1,1.0,1,0.13893565449347617,46
5008,1,11425,3805,7620,0,0,0,1.0,1,1.0,1,1.0,1,0.15861596106449222,49
5009,0,11425,3805,7620,0,0,0,1.0,1,1.0,1,1.0,1,0.15158913359501774,49
5010,1,11426,3805,7621,0,0,0,1.0,1,1.0,1,1.0,1,0.15280085325278076,50
5011,1,11427,3805,7622,0,0,0,1.0,1,1.0,1,1.0,1,0.1472703205090325,51
5012,0,11427,3805,7622,0,0,0,1.0,1,1.0,1,1.0,1,0.15682270468612605,52
5013,0,11427,3805,7622,0,0,0,1.0,1,1.0,1,1.0,1,0.15682270468612605,52
5014,0,11427,3805,7622,0,0,0,1.0,1,1.0,1,1.0,1,0.16126752626401328,53
5015,5,11432,3806,7626,0,0,0,1.0,1,1.0,1,1.0,1,0.15071606651510785,54
5016,1,11433,3806,7627,0,0,0,1.0,1,1.0,1,1.0,1,0.15135317147537586,55
5017,2,11435,3807,7628,0,0,0,1.0,1,1.0,1,1.0,1,0.15156769910708212,55
5018,1,11436,3807,7629,0,0,0,1.0,1,1.0,1,1.0,1,0.1561845532450395,56
5019,2,11438,3808,7630,0,0,0,1.0,1,1.0,1,1.0,1,0.1662976332145304,56
5020,0,11438,3808,7630,0,0,0,1.0,1,1.0,1,1.0,1,0.1763494388776878,55
5021,3,11441,3808,7633,0,0,0,1.0,1,1.0,1,1.0,1,0.11740693164843416,56
5022,2,11443,3810,7633,0,0,0,1.0,1,1.0,1,1.0,1,0.15041956118659822,56
5023,1,11444,3811,7633,0,0,0,1.0,1,1.0,1,1.0,1,0.14938775532267023,55
5024,4,11448,3815,7633,0,0,0,1.0,1,1.0,1,1.0,1,0.23101142311935913,55
5025,4,11452,3817,7635,0,0,0,1.0,1,1.0,1,1.0,1,0.1835894619879866,53
5026,6,11458,3819,7639,0,0,0,1.0,1,1.0,1,1.0,1,0.1303036372359779,52
5027,1,11459,3820,7639,0,0,0,1.0,1,1.0,1,1.0,1,0.16487015844950112,51
5028,2,11461,3821,7640,0,0,0,1.0,1,1.0,1,1.0,1,0.15089498412609803,51
5029,3,11464,3823,7641,0,0,0,1.0,1,1.0,1,1.0,1,0.17703301921011388,50
5030,2,11466,3825,7641,0,0,0,1.0,1,1.0,1,1.0,1,0.1434874389708831,49
5031,3,11469,3826,7643,0,0,0,1.0,1,1.0,1,1.0,1,0.10826711854559011,49
5032,2,11471,3828,7643,0,0,0,1.0,1,1.0,1,1.0,1,0.13802735707541056,48
5033,6,11477,3831,7646,0,0,0,1.0,1,1.0,1,1.0,1,0.1493775534503227,50
5034,1,11478,3831,7647,0,0,0,1.0,1,1.0,1,1.0,1,0.12506387561386245,49
5035,4,11482,3833,7649,0,0,0,1.0,1,1.0,1,1.0,1,0.1413276668559638,49
5036,3,11485,3833,7652,0,0,0,1.0,1,1.0,1,1.0,1,0.06275118973277394,47
5037,0,11485,3833,7652,0,0,0,1.0,1,1.0,1,1.0,1,0.0942295912099792,47
5038,0,11485,3833,7652,0,0,0,1.0,1,1.0,1,1.0,1,0.12349216362950899,47
5039,1,11486,3833,7653,0,0,0,1.0,1,1.0,1,1.0,1,0.09684003985592082,48
5040,0,11486,3833,7653,0,0,0,1.0,1,1.0,1,1.0,1,0.09684003985592082,48
5041,1,11487,3833,7654,0,0,0,1.0,1,1.0,1,1.0,1,0.08528668089964928,48
5042,0,11487,3833,7654,0,0,0,1.0,1,1.0,1,1.0,1,0.06450495106335034,50
5043,0,11487,3833,7654,0,0,0,1.0,1,1.0,1,1.0,1,0.07428154140781403,51
5044,0,11487,3833,7654,0,0,0,1.0,1,1.0,1,1.0,1,0.07428154140781403,51
5045,0,11487,3833,7654,0,0,0,1.0,1,1.0,1,1.0,1,0.07531827105797124,52
5046,2,11489,3834,7655,0,0,0,1.0,1,1.0,1,1.0,1,0.08865856701140973,51
5047,1,11490,3835,7655,0,0,0,1.0,1,1.0,1,1.0,1,0.08629911756479258,51
5048,2,11492,3836,7656,0,0,0,1.0,1,1.0,1,1.0,1,0.06263868722907798,52
5049,0,11492,3836,7656,0,0,0,1.0,1,1.0,1,1.0,1,0.08849695277567994,54
5050,5,11497,3836,7661,0,0,0,1.0,1,1.0,1,1.0,1,0.12094570796332604,56
5051,2,11499,3836,7663,0,0,0,1.0,1,1.0,1,1.0,1,0.11367619448948099,55
5052,0,11499,3836,7663,0,0,0,1.0,1,1.0,1,1.0,1,0.11367619448948099,55
5053,1,11500,3837,7663,0,0,0,1.0,1,1.0,1,1.0,1,0.13559059929868872,55
5054,2,11502,3838,7664,0,0,0,1.0,1,1.0,1,1.0,1,0.13877828364105027,55
5055,1,11503,3838,7665,0,0,0,1.0,1,1.0,1,1.0,1,0.13542926016417767,55
5056,2,11505,3838,7667,0,0,0,1.0,1,1.0,1,1.0,1,0.13239324072960545,56
5057,1,11506,3838,7668,0,0,0,1.0,1,1.0,1,1.0,1,0.11677136159853495,58
5058,4,11510,3839,7671,0,0,0,1.0,1,1.0,1,1.0,1,0.1025138233456728,59
5059,1,11511,3839,7672,0,0,0,1.0,1,1.0,1,1.0,1,0.09480982599674025,59
5060,1,11512,3839,7673,0,0,0,1.0,1,1.0,1,1.0,1,0.09613040342779072,59
5061,5,11517,3839,7678,0,0,0,1.0,1,1.0,1,1.0,1,0.07962154825407664,59
5062,2,11519,3841,7678,0,0,0,1.0,1,1.0,1,1.0,1,0.09947146521747754,59
5063,3,11522,3843,7679,0,0,0,1.0,1,1.0,1,1.0,1,0.11564208774662114,59
5064,6,11528,3848,7680,0,0,0,1.0,1,1.0,1,1.0,1,0.1631880464581813,57
5065,4,11532,3849,7683,0,0,0,1.0,1,1.0,1,1.0,1,0.18626670345989563,55
5066,7,11539,3851,7688,0,0,0,1.0,1,1.0,1,1.0,1,0.12462528697319589,55
5067,3,11542,3851,7691,0,0,0,1.0,1,1.0,1,1.0,1,0.10305733619667552,54
5068,1,11543,3851,7692,0,0,0,1.0,1,1.0,1,1.0,1,0.09997071968066137,54
5069,1,11544,3852,7692,0,0,0,1.0,1,1.0,1,1.0,1,0.1063626524686258,54
5070,1,11545,3853,7692,0,0,0,1.0,1,1.0,1,1.0,1,0.13216166124874992,52
5071,5,11550,3854,7696,0,0,0,1.0,1,1.0,1,1.0,1,0.08051704471855722,54
5072,0,11550,3854,7696,0,0,0,1.0,1,1.0,1,1.0,1,0.0990739789687058,52
5073,0,11550,3854,7696,0,0,0,1.0,1,1.0,1,1.0,1,0.11402240186969502,51
5074,5,11555,3855,7700,0,0,0,1.0,1,1.0,1,1.0,1,0.13541370561886176,52
5075,0,11555,3855,7700,0,0,0,1.0,1,1.0,1,1.0,1,0.13059033170115397,53
5076,3,11558,3855,7703,0,0,0,1.0,1,1.0,1,1.0,1,0.08100384273280896,53
5077,1,11559,3856,7703,0,0,0,1.0,1,1.0,1,1.0,1,0.11212148496618153,56
5078,2,11561,3856,7705,0,0,0,1.0,1,1.0,1,1.0,1,0.07287195070491649,55
5079,0,11561,3856,7705,0,0,0,1.0,1,1.0,1,1.0,1,0.0813967488462231,56
5080,0,11561,3856,7705,0,0,0,1.0,1,1.0,1,1.0,1,0.08680259036471114,57
5081,2,11563,3856,7707,0,0,0,1.0,1,1.0,1,1.0,1,0.0739930113727522,58
5082,0,11563,3856,7707,0,0,0,1.0,1,1.0,1,1.0,1,0.0739930113727522,58
5083,0,11563,3856,7707,0,0,0,1.0,1,1.0,1,1.0,1,0.07553513122711551,59
5084,1,11564,3857,7707,0,0,0,1.0,1,1.0,1,1.0,1,0.07974568624959413,59
5085,3,11567,3859,7708,0,0,0,1.0,1,1.0,1,1.0,1,0.08808689044136313,60
5086,2,11569,3859,7710,0,0,0,1.0,1,1.0,1,1.0,1,0.08434329625216407,61
5087,6,11575,3862,7713,0,0,0,1.0,1,1.0,1,1.0,1,0.09170338962115698,62
5088,4,11579,3864,7715,0,0,0,1.0,1,1.0,1,1.0,1,0.10460395109468379,64
5089,3,11582,3866,7716,0,0,0,1.0,1,1.0,1,1.0,1,0.12006163725716672,64
5090,1,11583,3866,7717,0,0,0,1.0,1,1.0,1,1.0,1,0.11918809648299679,64
5091,8,11591,3869,7722,0,0,0,1.0,1,1.0,1,1.0,1,0.09424353074803582,64
5092,3,11594,3871,7723,0,0,0,1.0,1,1.0,1,1.0,1,0.12800608690880913,64
5093,0,11594,3871,7723,0,0,0,1.0,1,1.0,1,1.0,1,0.12800608690880913,64
5094,1,11595,3872,7723,0,0,0,1.0,1,1.0,1,1.0,1,0.12357721248991631,65
5095,5,11600,3873,7727,0,0,0,1.0,1,1.0,1,1.0,1,0.13437605876284667,66
5096,5,11605,3874,7731,0,0,0,1.0,1,1.0,1,1.0,1,0.11327250975626256,66
5097,2,11607,3875,7732,0,0,0,1.0,1,1.0,1,1.0,1,0.10543700214093381,67
5098,0,11607,3875,7732,0,0,0,1.0,1,1.0,1,1.0,1,0.10543700214093381,67
5099,4,11611,3876,7735,0,0,0,1.0,1,1.0,1,1.0,1,0.13165550880557078,70
5100,7,11618,3877,7741,0,0,0,1.0,1,1.0,1,1.0,1,0.11179411252525222,71
5101,7,11625,3878,7747,0,0,0,1.0,1,1.0,1,1.0,1,0.07930291811634588,72
5102,6,11631,3881,7750,0,0,0,1.0,1,1.0,1,1.0,1,0.08939114183538846,72
5103,4,11635,3883,7752,0,0,0,1.0,1,1.0,1,1.0,1,0.10006650197546123,70
5104,4,11639,3885,7754,0,0,0,1.0,1,1.0,1,1.0,1,0.09903202723975232,67
5105,3,11642,3886,7756,0,0,0,1.0,1,1.0,1,1.0,1,0.09944800376416639,66
5106,2,11644,3887,7757,0,0,0,1.0,1,1.0,1,1.0,1,0.1109129567185306,64
5107,3,11647,3889,7758,0,0,0,1.0,1,1.0,1,1.0,1,0.08723594167898441,61
5108,3,11650,3891,7759,0,0,0,1.0,1,1.0,1,1.0,1,0.09664906567159931,57
5109,6,11656,3895,7761,0,0,0,1.0,1,1.0,1,1.0,1,0.12260626892628955,55
5110,3,11659,3898,7761,0,0,0,1.0,1,1.0,1,1.0,1,0.13891306853021318,53
5111,6,11665,3900,7765,0,0,0,1.0,1,1.0,1,1.0,1,0.14193177133089888,52
5112,3,11668,3903,7765,0,0,0,1.0,1,1.0,1,1.0,1,0.13651441896217992,52
5113,3,11671,3904,7767,0,0,0,1.0,1,1.0,1,1.0,1,0.17931120095414246,49
5114,2,11673,3905,7768,0,0,0,1.0,1,1.0,1,1.0,1,0.15392737619234967,49
5115,0,11673,3905,7768,0,0,0,1.0,1,1.0,1,1.0,1,0.14758073859100537,48
5116,4,11677,3906,7771,0,0,0,1.0,1,1.0,1,1.0,1,0.1255540364514021,47
5117,2,11679,3906,7773,0,0,0,1.0,1,1.0,1,1.0,1,0.12290861980492652,48
5118,0,11679,3906,7773,0,0,0,1.0,1,1.0,1,1.0,1,0.1013734590356593,49
5119,2,11681,3908,7773,0,0,0,1.0,1,1.0,1,1.0,1,0.09940250801837676,49
5120,2,11683,3909,7774,0,0,0,1.0,1,1.0,1,1.0,1,0.12551706691056863,48
5121,3,11686,3911,7775,0,0,0,1.0,1,1.0,1,1.0,1,0.14603400050385537,48
5122,2,11688,3912,7776,0,0,0,1.0,1,1.0,1,1.0,1,0.14000592249964372,46
5123,0,11688,3912,7776,0,0,0,1.0,1,1.0,1,1.0,1,0.14000592249964372,46
5124,0,11688,3912,7776,0,0,0,1.0,1,1.0,1,1.0,1,0.13641945900509025,47
5125,4,11692,3913,7779,0,0,0,1.0,1,1.0,1,1.0,1,0.12703945140695805,49
5126,2,11694,3913,7781,0,0,0,1.0,1,1.0,1,1.0,1,0.10314345485547162,49
5127,1,11695,3914,7781,0,0,0,1.0,1,1.0,1,1.0,1,0.11061995716277026,51
5128,2,11697,3915,7782,0,0,0,1.0,1,1.0,1,1.0,1,0.14892228690418471,53
5129,5,11702,3917,7785,0,0,0,1.0,1,1.0,1,1.0,1,0.13858377160729213,55
5130,2,11704,3917,7787,0,0,0,1.0,1,1.0,1,1.0,1,0.13337849063142104,55
5131,1,11705,3917,7788,0,0,0,1.0,1,1.0,1,1.0,1,0.10996308174007928,55
5132,0,11705,3917,7788,0,0,0,1.0,1,1.0,1,1.0,1,0.10996308174007928,55
5133,0,11705,3917,7788,0,0,0,1.0,1,1.0,1,1.0,1,0.11987674210035223,56
5134,1,11706,3917,7789,0,0,0,1.0,1,1.0,1,1.0,1,0.13504927872372377,56
5135,1,11707,3918,7789,0,0,0,1.0,1,1.0,1,1.0,1,0.14077041691435396,56
5136,2,11709,3918,7791,0,0,0,1.0,1,1.0,1,1.0,1,0.11032999279894602,55
5137,1,11710,3919,7791,0,0,0,1.0,1,1.0,1,1.0,1,0.13455475013484133,55
5138,1,11711,3919,7792,0,0,0,1.0,1,1.0,1,1.0,1,0.13378964986583403,54
5139,3,11714,3921,7793,0,0,0,1.0,1,1.0,1,1.0,1,0.13956642829770138,54
5140,1,11715,3922,7793,0,0,0,1.0,1,1.0,1,1.0,1,0.14553457366833605,54
5141,6,11721,3925,7796,0,0,0,1.0,1,1.0,1,1.0,1,0.17025624854951282,53
5142,10,11731,3928,7803,0,0,0,1.0,1,1.0,1,1.0,1,0.1350959062835571,55
5143,5,11736,3931,7805,0,0,0,1.0,1,1.0,1,1.0,1,0.1611031179508883,54
5144,7,11743,3933,7810,0,0,0,1.0,1,1.0,1,1.0,1,0.11181799246491132,50
5145,4,11747,3934,7813,0,0,0,1.0,1,1.0,1,1.0,1,0.08599661088869297,51
5146,4,11751,3934,7817,0,0,0,1.0,1,1.0,1,1.0,1,0.08270841820787168,48
5147,2,11753,3935,7818,0,0,0,1.0,1,1.0,1,1.0,1,0.1302839006147108,49
5148,2,11755,3936,7819,0,0,0,1.0,1,1.0,1,1.0,1,0.09043068661066218,47
5149,2,11757,3938,7819,0,0,0,1.0,1,1.0,1,1.0,1,0.1518713164336664,46
5150,4,11761,3940,7821,0,0,0,1.0,1,1.0,1,1.0,1,0.17596550069039765,46
5151,5,11766,3941,7825,0,0,0,1.0,1,1.0,1,1.0,1,0.12626084985737582,45
5152,4,11770,3945,7825,0,0,0,1.0,1,1.0,1,1.0,1,0.1476145862316903,45
5153,2,11772,3945,7827,0,0,0,1.0,1,1.0,1,1.0,1,0.1348647173141914,45
5154,5,11777,3946,7831,0,0,0,1.0,1,1.0,1,1.0,1,0.1408322175274099,45
5155,3,11780,3948,7832,0,0,0,1.0,1,1.0,1,1.0,1,0.19560682100542343,44
5156,5,11785,3949,7836,0,0,0,1.0,1,1.0,1,1.0,1,0.12008224000312119,44
5157,0,11785,3949,7836,0,0,0,1.0,1,1.0,1,1.0,1,0.12866056685743515,42
5158,2,11787,3950,7837,0,0,0,1.0,1,1.0,1,1.0,1,0.12028584737788997,43
5159,1,11788,3950,7838,0,0,0,1.0,1,1.0,1,1.0,1,0.12647196900582797,43
5160,0,11788,3950,7838,0,0,0,1.0,1,1.0,1,1.0,1,0.12647196900582797,43
5161,0,11788,3950,7838,0,0,0,1.0,1,1.0,1,1.0,1,0.12647196900582797,43
5162,0,11788,3950,7838,0,0,0,1.0,1,1.0,1,1.0,1,0.11437875436234166,44
5163,3,11791,3950,7841,0,0,0,1.0,1,1.0,1,1.0,1,0.09505240960235808,46
5164,1,11792,3951,7841,0,0,0,1.0,1,1.0,1,1.0,1,0.0909283138457912,46
5165,1,11793,3952,7841,0,0,0,1.0,1,1.0,1,1.0,1,0.11026820791647193,46
5166,4,11797,3954,7843,0,0,0,1.0,1,1.0,1,1.0,1,0.12167421151561983,47
5167,1,11798,3954,7844,0,0,0,1.0,1,1.0,1,1.0,1,0.11777695559886364,47
5168,3,11801,3955,7846,0,0,0,1.0,1,1.0,1,1.0,1,0.14963937825017645,47
5169,2,11803,3956,7847,0,0,0,1.0,1,1.0,1,1.0,1,0.16954978818484392,47
5170,1,11804,3957,7847,0,0,0,1.0,1,1.0,1,1.0,1,0.15826884177899356,48
5171,6,11810,3958,7852,0,0,0,1.0,1,1.0,1,1.0,1,0.09455169787495615,48
5172,0,11810,3958,7852,0,0,0,1.0,1,1.0,1,1.0,1,0.09650335490996022,49
5173,3,11813,3958,7855,0,0,0,1.0,1,1.0,1,1.0,1,0.09346674555117813,49
5174,2,11815,3958,7857,0,0,0,1.0,1,1.0,1,1.0,1,0.08100056859180879,52
5175,1,11816,3958,7858,0,0,0,1.0,1,1.0,1,1.0,1,0.06936916302068447,53
5176,0,11816,3958,7858,0,0,0,1.0,1,1.0,1,1.0,1,0.08270227855918608,54
5177,2,11818,3960,7858,0,0,0,1.0,1,1.0,1,1.0,1,0.12349495580018979,54
5178,8,11826,3964,7862,0,0,0,1.0,1,1.0,1,1.0,1,0.15861420066934376,55
5179,2,11828,3964,7864,0,0,0,1.0,1,1.0,1,1.0,1,0.1455302517593944,53
5180,3,11831,3965,7866,0,0,0,1.0,1,1.0,1,1.0,1,0.14799443835129594,52
5181,5,11836,3966,7870,0,0,0,1.0,1,1.0,1,1.0,1,0.08640993784954662,52
5182,2,11838,3968,7870,0,0,0,1.0,1,1.0,1,1.0,1,0.07058741402278465,52
5183,4,11842,3972,7870,0,0,0,1.0,1,1.0,1,1.0,1,0.1237049774658595,52
5184,0,11842,3972,7870,0,0,0,1.0,1,1.0,1,1.0,1,0.12390194078818512,52
5185,2,11844,3973,7871,0,0,0,1.0,1,1.0,1,1.0,1,0.15320704080833827,50
5186,4,11848,3974,7874,0,0,0,1.0,1,1.0,1,1.0,1,0.1322055016112286,48
5187,0,11848,3974,7874,0,0,0,1.0,1,1.0,1,1.0,1,0.12753469463806769,46
5188,0,11848,3974,7874,0,0,0,1.0,1,1.0,1,1.0,1,0.1259742896559014,44
5189,0,11848,3974,7874,0,0,0,1.0,1,1.0,1,1.0,1,0.10955931256598096,44
5190,1,11849,3975,7874,0,0,0,1.0,1,1.0,1,1.0,1,0.14895710317630015,45
5191,1,11850,3975,7875,0,0,0,1.0,1,1.0,1,1.0,1,0.13470159478445665,45
5192,2,11852,3976,7876,0,0,0,1.0,1,1.0,1,1.0,1,0.1414909488374224,45
5193,1,11853,3976,7877,0,0,0,1.0,1,1.0,1,1.0,1,0.1280430488215151,45
5194,0,11853,3976,7877,0,0,0,1.0,1,1.0,1,1.0,1,0.13605686426876706,45
5195,2,11855,3976,7879,0,0,0,1.0,1,1.0,1,1.0,1,0.10143658021426182,46
5196,0,11855,3976,7879,0,0,0,1.0,1,1.0,1,1.0,1,0.10143658021426182,46
5197,1,11856,3977,7879,0,0,0,1.0,1,1.0,1,1.0,1,0.12354428480250512,46
5198,1,11857,3977,7880,0,0,0,1.0,1,1.0,1,1.0,1,0.09295213708260595,47
5199,2,11859,3979,7880,0,0,0,1.0,1,1.0,1,1.0,1,0.15324541226356259,49
5200,1,11860,3979,7881,0,0,0,1.0,1,1.0,1,1.0,1,0.13930238054188887,49
5201,4,11864,3981,7883,0,0,0,1.0,1,1.0,1,1.0,1,0.12105822935727543,50
5202,0,11864,3981,7883,0,0,0,1.0,1,1.0,1,1.0,1,0.11506043027073747,52
5203,0,11864,3981,7883,0,0,0,1.0,1,1.0,1,1.0,1,0.11506043027073747,52
5204,0,11864,3981,7883,0,0,0,1.0,1,1.0,1,1.0,1,0.11408438078721983,54
5205,0,11864,3981,7883,0,0,0,1.0,1,1.0,1,1.0,1,0.11408438078721983,54
5206,4,11868,3981,7887,0,0,0,1.0,1,1.0,1,1.0,1,0.09085043191571136,55
5207,0,11868,3981,7887,0,0,0,1.0,1,1.0,1,1.0,1,0.0972744006221532,54
5208,0,11868,3981,7887,0,0,0,1.0,1,1.0,1,1.0,1,0.0972744006221532,54
5209,2,11870,3982,7888,0,0,0,1.0,1,1.0,1,1.0,1,0.09679781147253774,54
5210,0,11870,3982,7888,0,0,0,1.0,1,1.0,1,1.0,1,0.09679781147253774,54
5211,2,11872,3983,7889,0,0,0,1.0,1,1.0,1,1.0,1,0.09141979136518909,56
5212,1,11873,3983,7890,0,0,0,1.0,1,1.0,1,1.0,1,0.07200770593109997,57
5213,3,11876,3986,7890,0,0,0,1.0,1,1.0,1,1.0,1,0.11672426517570972,57
5214,4,11880,3988,7892,0,0,0,1.0,1,1.0,1,1.0,1,0.16539532339058483,58
5215,3,11883,3988,7895,0,0,0,1.0,1,1.0,1,1.0,1,0.17483335782278914,57
5216,3,11886,3988,7898,0,0,0,1.0,1,1.0,1,1.0,1,0.13544585943450044,57
5217,3,11889,3990,7899,0,0,0,1.0,1,1.0,1,1.0,1,0.1426601465269445,56
5218,7,11896,3994,7902,0,0,0,1.0,1,1.0,1,1.0,1,0.16554611606637604,56
5219,4,11900,3994,7906,0,0,0,1.0,1,1.0,1,1.0,1,0.14086639605841775,54
5220,2,11902,3994,7908,0,0,0,1.0,1,1.0,1,1.0,1,0.15739319999693854,53
5221,2,11904,3994,7910,0,0,0,1.0,1,1.0,1,1.0,1,0.14119434260094355,52
5222,0,11904,3994,7910,0,0,0,1.0,1,1.0,1,1.0,1,0.14693899282125278,52
5223,2,11906,3996,7910,0,0,0,1.0,1,1.0,1,1.0,1,0.13364757481438505,52
5224,3,11909,3998,7911,0,0,0,1.0,1,1.0,1,1.0,1,0.139631449867256,52
5225,2,11911,3998,7913,0,0,0,1.0,1,1.0,1,1.0,1,0.1517499372095553,50
5226,6,11917,4000,7917,0,0,0,1.0,1,1.0,1,1.0,1,0.09776058397357348,51
5227,2,11919,4002,7917,0,0,0,1.0,1,1.0,1,1.0,1,0.09747318851982407,49
5228,0,11919,4002,7917,0,0,0,1.0,1,1.0,1,1.0,1,0.10987335650143083,48
5229,0,11919,4002,7917,0,0,0,1.0,1,1.0,1,1.0,1,0.10019245769709816,49
5230,2,11921,4003,7918,0,0,0,1.0,1,1.0,1,1.0,1,0.12405814215324532,49
5231,3,11924,4004,7920,0,0,0,1.0,1,1.0,1,1.0,1,0.12087441799545665,49
5232,2,11926,4005,7921,0,0,0,1.0,1,1.0,1,1.0,1,0.09917746609248981,51
5233,2,11928,4006,7922,0,0,0,1.0,1,1.0,1,1.0,1,0.11583181412064364,51
5234,4,11932,4008,7924,0,0,0,1.0,1,1.0,1,1.0,1,0.1339826038225741,52
5235,2,11934,4008,7926,0,0,0,1.0,1,1.0,1,1.0,1,0.1297293937678864,52
5236,3,11937,4008,7929,0,0,0,1.0,1,1.0,1,1.0,1,0.07093691357182008,52
5237,0,11937,4008,7929,0,0,0,1.0,1,1.0,1,1.0,1,0.08857187836231276,53
5238,0,11937,4008,7929,0,0,0,1.0,1,1.0,1,1.0,1,0.08857187836231276,53
5239,0,11937,4008,7929,0,0,0,1.0,1,1.0,1,1.0,1,0.08857187836231276,53
5240,4,11941,4009,7932,0,0,0,1.0,1,1.0,1,1.0,1,0.09368865164962019,55
5241,4,11945,4009,7936,0,0,0,1.0,1,1.0,1,1.0,1,0.06351812846358143,56
5242,1,11946,4009,7937,0,0,0,1.0,1,1.0,1,1.0,1,0.0779612027058452,54
5243,2,11948,4010,7938,0,0,0,1.0,1,1.0,1,1.0,1,0.07680303284419476,55
5244,5,11953,4014,7939,0,0,0,1.0,1,1.0,1,1.0,1,0.20697086291994213,55
5245,7,11960,4015,7945,0,0,0,1.0,1,1.0,1,1.0,1,0.18881010712172683,55
5246,6,11966,4016,7950,0,0,0,1.0,1,1.0,1,1.0,1,0.16650142456421313,55
5247,2,11968,4017,7951,0,0,0,1.0,1,1.0,1,1.0,1,0.1452328913629668,54
5248,4,11972,4017,7955,0,0,0,1.0,1,1.0,1,1.0,1,0.08533882421770904,53
5249,3,11975,4017,7958,0,0,0,1.0,1,1.0,1,1.0,1,0.10942377247483238,55
5250,1,11976,4017,7959,0,0,0,1.0,1,1.0,1,1.0,1,0.07575140785468581,55
5251,1,11977,4017,7960,0,0,0,1.0,1,1.0,1,1.0,1,0.06907270962735557,57
5252,0,11977,4017,7960,0,0,0,1.0,1,1.0,1,1.0,1,0.0735044646276314,58
5253,4,11981,4019,7962,0,0,0,1.0,1,1.0,1,1.0,1,0.09866769546539994,59
5254,2,11983,4020,7963,0,0,0,1.0,1,1.0,1,1.0,1,0.09210333575760729,59
5255,1,11984,4021,7963,0,0,0,1.0,1,1.0,1,1.0,1,0.10696519154030194,58
5256,2,11986,4021,7965,0,0,0,1.0,1,1.0,1,1.0,1,0.07801690178019231,59
5257,2,11988,4023,7965,0,0,0,1.0,1,1.0,1,1.0,1,0.08553842141710638,58
5258,0,11988,4023,7965,0,0,0,1.0,1,1.0,1,1.0,1,0.10347961195575908,56
5259,2,11990,4023,7967,0,0,0,1.0,1,1.0,1,1.0,1,0.101322826006145,56
5260,1,11991,4023,7968,0,0,0,1.0,1,1.0,1,1.0,1,0.10683762727970272,55
5261,1,11992,4023,7969,0,0,0,1.0,1,1.0,1,1.0,1,0.09016460580175575,54
5262,1,11993,4024,7969,0,0,0,1.0,1,1.0,1,1.0,1,0.10133710786114268,54
5263,2,11995,4026,7969,0,0,0,1.0,1,1.0,1,1.0,1,0.15114087271962479,53
5264,1,11996,4026,7970,0,0,0,1.0,1,1.0,1,1.0,1,0.10882306962975927,51
5265,3,11999,4029,7970,0,0,0,1.0,1,1.0,1,1.0,1,0.13656012768191833,50
5266,8,12007,4031,7976,0,0,0,1.0,1,1.0,1,1.0,1,0.08284054086239959,49
5267,3,12010,4033,7977,0,0,0,1.0,1,1.0,1,1.0,1,0.11563602383807398,48
5268,5,12015,4036,7979,0,0,0,1.0,1,1.0,1,1.0,1,0.10264225401488349,47
5269,0,12015,4036,7979,0,0,0,1.0,1,1.0,1,1.0,1,0.10853347655252456,45
5270,3,12018,4036,7982,0,0,0,1.0,1,1.0,1,1.0,1,0.11866207833591011,47
5271,2,12020,4036,7984,0,0,0,1.0,1,1.0,1,1.0,1,0.09971205441830701,45
5272,3,12023,4038,7985,0,0,0,1.0,1,1.0,1,1.0,1,0.11822272164797458,46
5273,1,12024,4038,7986,0,0,0,1.0,1,1.0,1,1.0,1,0.14941214811304412,44
5274,1,12025,4039,7986,0,0,0,1.0,1,1.0,1,1.0,1,0.17097043793057046,44
5275,4,12029,4041,7988,0,0,0,1.0,1,1.0,1,1.0,1,0.16361285415037702,46
5276,4,12033,4042,7991,0,0,0,1.0,1,1.0,1,1.0,1,0.12098527234136576,46
5277,2,12035,4043,7992,0,0,0,1.0,1,1.0,1,1.0,1,0.10325237567181432,46
5278,3,12038,4046,7992,0,0,0,1.0,1,1.0,1,1.0,1,0.13623088979747158,46
5279,3,12041,4047,7994,0,0,0,1.0,1,1.0,1,1.0,1,0.17499442029210927,47
5280,3,12044,4048,7996,0,0,0,1.0,1,1.0,1,1.0,1,0.18495964199629764,47
5281,3,12047,4048,7999,0,0,0,1.0,1,1.0,1,1.0,1,0.13710385640076897,48
5282,2,12049,4050,7999,0,0,0,1.0,1,1.0,1,1.0,1,0.1638530939008943,48
5283,1,12050,4050,8000,0,0,0,1.0,1,1.0,1,1.0,1,0.17338136387192962,49
5284,2,12052,4050,8002,0,0,0,1.0,1,1.0,1,1.0,1,0.17337099302279735,49
5285,2,12054,4050,8004,0,0,0,1.0,1,1.0,1,1.0,1,0.13653821672343902,50
5286,1,12055,4050,8005,0,0,0,1.0,1,1.0,1,1.0,1,0.14773137332786246,51
5287,1,12056,4050,8006,0,0,0,1.0,1,1.0,1,1.0,1,0.12707151347629722,51
5288,1,12057,4050,8007,0,0,0,1.0,1,1.0,1,1.0,1,0.11299163055507674,51
5289,1,12058,4050,8008,0,0,0,1.0,1,1.0,1,1.0,1,0.12931265898392644,53
5290,2,12060,4050,8010,0,0,0,1.0,1,1.0,1,1.0,1,0.10547030445693206,53
5291,4,12064,4051,8013,0,0,0,1.0,1,1.0,1,1.0,1,0.07902926108193563,53
5292,4,12068,4053,8015,0,0,0,1.0,1,1.0,1,1.0,1,0.10141750537672643,53
5293,3,12071,4055,8016,0,0,0,1.0,1,1.0,1,1.0,1,0.15271841046378384,53
5294,7,12078,4057,8021,0,0,0,1.0,1,1.0,1,1.0,1,0.15748598089206073,54
5295,6,12084,4059,8025,0,0,0,1.0,1,1.0,1,1.0,1,0.18505462554372018,52
5296,4,12088,4059,8029,0,0,0,1.0,1,1.0,1,1.0,1,0.12657153640747204,49
5297,4,12092,4061,8031,0,0,0,1.0,1,1.0,1,1.0,1,0.13633369039833163,49
5298,0,12092,4061,8031,0,0,0,1.0,1,1.0,1,1.0,1,0.13704375788174386,49
5299,3,12095,4063,8032,0,0,0,1.0,1,1.0,1,1.0,1,0.1640322936765238,50
5300,0,12095,4063,8032,0,0,0,1.0,1,1.0,1,1.0,1,0.17610597087480434,48
5301,4,12099,4064,8035,0,0,0,1.0,1,1.0,1,1.0,1,0.1722292311645537,46
5302,3,12102,4065,8037,0,0,0,1.0,1,1.0,1,1.0,1,0.1679105185566177,47
5303,2,12104,4066,8038,0,0,0,1.0,1,1.0,1,1.0,1,0.14783763248148402,46
5304,2,12106,4068,8038,0,0,0,1.0,1,1.0,1,1.0,1,0.18443939396504944,45
5305,0,12106,4068,8038,0,0,0,1.0,1,1.0,1,1.0,1,0.1754653707853875,44
5306,3,12109,4070,8039,0,0,0,1.0,1,1.0,1,1.0,1,0.22013562328707356,42
5307,4,12113,4072,8041,0,0,0,1.0,1,1.0,1,1.0,1,0.2076547763799363,42
5308,2,12115,4073,8042,0,0,0,1.0,1,1.0,1,1.0,1,0.20143901098234593,43
5309,1,12116,4074,8042,0,0,0,1.0,1,1.0,1,1.0,1,0.21183056039347445,41
5310,3,12119,4075,8044,0,0,0,1.0,1,1.0,1,1.0,1,0.23373136030568456,41
5311,2,12121,4075,8046,0,0,0,1.0,1,1.0,1,1.0,1,0.17805593174145823,42
5312,1,12122,4075,8047,0,0,0,1.0,1,1.0,1,1.0,1,0.17687953128915962,43
5313,6,12128,4075,8053,0,0,0,1.0,1,1.0,1,1.0,1,0.13573596747747754,44
5314,1,12129,4075,8054,0,0,0,1.0,1,1.0,1,1.0,1,0.1468893132352153,44
5315,3,12132,4077,8055,0,0,0,1.0,1,1.0,1,1.0,1,0.16979363541901002,45
5316,4,12136,4077,8059,0,0,0,1.0,1,1.0,1,1.0,1,0.1425734972186061,46
5317,6,12142,4079,8063,0,0,0,1.0,1,1.0,1,1.0,1,0.15498921383261072,46
5318,3,12145,4080,8065,0,0,0,1.0,1,1.0,1,1.0,1,0.14310464432012557,46
5319,2,12147,4080,8067,0,0,0,1.0,1,1.0,1,1.0,1,0.18058485117242692,47
5320,6,12153,4081,8072,0,0,0,1.0,1,1.0,1,1.0,1,0.0879451604304306,48
5321,2,12155,4081,8074,0,0,0,1.0,1,1.0,1,1.0,1,0.061600222268665406,49
5322,0,12155,4081,8074,0,0,0,1.0,1,1.0,1,1.0,1,0.061600222268665406,49
5323,0,12155,4081,8074,0,0,0,1.0,1,1.0,1,1.0,1,0.07149697530749083,51
5324,0,12155,4081,8074,0,0,0,1.0,1,1.0,1,1.0,1,0.07579113907277543,53
5325,1,12156,4082,8074,0,0,0,1.0,1,1.0,1,1.0,1,0.07977557768657517,53
5326,1,12157,4083,8074,0,0,0,1.0,1,1.0,1,1.0,1,0.10928205696202184,53
5327,1,12158,4083,8075,0,0,0,1.0,1,1.0,1,1.0,1,0.10742779713232439,53
5328,2,12160,4084,8076,0,0,0,1.0,1,1.0,1,1.0,1,0.08519033669767694,54
5329,1,12161,4085,8076,0,0,0,1.0,1,1.0,1,1.0,1,0.120459995034256,53
5330,2,12163,4087,8076,0,0,0,1.0,1,1.0,1,1.0,1,0.15723634052223062,52
5331,2,12165,4087,8078,0,0,0,1.0,1,1.0,1,1.0,1,0.1583527116312291,51
5332,1,12166,4087,8079,0,0,0,1.0,1,1.0,1,1.0,1,0.14527052286951053,52
5333,3,12169,4088,8081,0,0,0,1.0,1,1.0,1,1.0,1,0.1548639337750306,53
5334,4,12173,4089,8084,0,0,0,1.0,1,1.0,1,1.0,1,0.13708571614073967,54
5335,0,12173,4089,8084,0,0,0,1.0,1,1.0,1,1.0,1,0.14489231969075023,55
5336,2,12175,4089,8086,0,0,0,1.0,1,1.0,1,1.0,1,0.10546762728478333,54
5337,1,12176,4089,8087,0,0,0,1.0,1,1.0,1,1.0,1,0.11129074816230904,55
5338,1,12177,4090,8087,0,0,0,1.0,1,1.0,1,1.0,1,0.11671460259422403,55
5339,0,12177,4090,8087,0,0,0,1.0,1,1.0,1,1.0,1,0.11671460259422403,55
5340,0,12177,4090,8087,0,0,0,1.0,1,1.0,1,1.0,1,0.11671460259422403,55
5341,1,12178,4091,8087,0,0,0,1.0,1,1.0,1,1.0,1,0.1494297412790376,54
5342,1,12179,4092,8087,0,0,0,1.0,1,1.0,1,1.0,1,0.16501603071880003,55
5343,4,12183,4094,8089,0,0,0,1.0,1,1.0,1,1.0,1,0.15904763973043512,54
5344,3,12186,4097,8089,0,0,0,1.0,1,1.0,1,1.0,1,0.20114124750620174,55
5345,3,12189,4098,8091,0,0,0,1.0,1,1.0,1,1.0,1,0.1452226252312431,53
5346,3,12192,4099,8093,0,0,0,1.0,1,1.0,1,1.0,1,0.13018581493060513,53
5347,2,12194,4100,8094,0,0,0,1.0,1,1.0,1,1.0,1,0.1253993623194768,51
5348,3,12197,4102,8095,0,0,0,1.0,1,1.0,1,1.0,1,0.11462819173864362,53
5349,2,12199,4104,8095,0,0,0,1.0,1,1.0,1,1.0,1,0.13115050683051582,52
5350,1,12200,4105,8095,0,0,0,1.0,1,1.0,1,1.0,1,0.14628055625313066,50
5351,7,12207,4106,8101,0,0,0,1.0,1,1.0,1,1.0,1,0.11769495975322264,52
5352,1,12208,4107,8101,0,0,0,1.0,1,1.0,1,1.0,1,0.10532043554015169,49
5353,0,12208,4107,8101,0,0,0,1.0,1,1.0,1,1.0,1,0.10532043554015169,49
5354,0,12208,4107,8101,0,0,0,1.0,1,1.0,1,1.0,1,0.09360398987886383,49
5355,0,12208,4107,8101,0,0,0,1.0,1,1.0,1,1.0,1,0.10775553623690465,48
5356,2,12210,4108,8102,0,0,0,1.0,1,1.0,1,1.0,1,0.12935481858484302,49
5357,0,12210,4108,8102,0,0,0,1.0,1,1.0,1,1.0,1,0.15145774511118337,47
5358,2,12212,4109,8103,0,0,0,1.0,1,1.0,1,1.0,1,0.14586710724843563,48
5359,2,12214,4109,8105,0,0,0,1.0,1,1.0,1,1.0,1,0.1272584597271727,48
5360,0,12214,4109,8105,0,0,0,1.0,1,1.0,1,1.0,1,0.1272584597271727,48
5361,4,12218,4110,8108,0,0,0,1.0,1,1.0,1,1.0,1,0.1019803580439586,50
5362,2,12220,4110,8110,0,0,0,1.0,1,1.0,1,1.0,1,0.1082703963992964,50
5363,0,12220,4110,8110,0,0,0,1.0,1,1.0,1,1.0,1,0.1082703963992964,50
5364,0,12220,4110,8110,0,0,0,1.0,1,1.0,1,1.0,1,0.10623573507260656,51
5365,2,12222,4110,8112,0,0,0,1.0,1,1.0,1,1.0,1,0.0917709428656642,52
5366,0,12222,4110,8112,0,0,0,1.0,1,1.0,1,1.0,1,0.0917709428656642,52
5367,0,12222,4110,8112,0,0,0,1.0,1,1.0,1,1.0,1,0.09139859015480417,54
5368,2,12224,4111,8113,0,0,0,1.0,1,1.0,1,1.0,1,0.10170785530562268,55
5369,2,12226,4112,8114,0,0,0,1.0,1,1.0,1,1.0,1,0.08384465347990773,53
5370,5,12231,4115,8116,0,0,0,1.0,1,1.0,1,1.0,1,0.14704039430366692,54
5371,4,12235,4118,8117,0,0,0,1.0,1,1.0,1,1.0,1,0.1315599737412095,53
5372,5,12240,4120,8120,0,0,0,1.0,1,1.0,1,1.0,1,0.19542670355403077,53
5373,0,12240,4120,8120,0,0,0,1.0,1,1.0,1,1.0,1,0.18184687069333627,52
5374,3,12243,4123,8120,0,0,0,1.0,1,1.0,1,1.0,1,0.20114184189610315,51
5375,1,12244,4123,8121,0,0,0,1.0,1,1.0,1,1.0,1,0.14897419831737835,52
5376,8,12252,4126,8126,0,0,0,1.0,1,1.0,1,1.0,1,0.14691172958074117,51
5377,3,12255,4126,8129,0,0,0,1.0,1,1.0,1,1.0,1,0.1320117495633525,52
5378,3,12258,4127,8131,0,0,0,1.0,1,1.0,1,1.0,1,0.1472485863855488,50
5379,0,12258,4127,8131,0,0,0,1.0,1,1.0,1,1.0,1,0.1472485863855488,50
5380,0,12258,4127,8131,0,0,0,1.0,1,1.0,1,1.0,1,0.16954514404621218,52
5381,2,12260,4127,8133,0,0,0,1.0,1,1.0,1,1.0,1,0.1327316707197252,52
5382,2,12262,4127,8135,0,0,0,1.0,1,1.0,1,1.0,1,0.1321565331293574,52
5383,0,12262,4127,8135,0,0,0,1.0,1,1.0,1,1.0,1,0.1335586972357673,51
5384,2,12264,4129,8135,0,0,0,1.0,1,1.0,1,1.0,1,0.13639571045530247,52
5385,3,12267,4130,8137,0,0,0,1.0,1,1.0,1,1.0,1,0.14424427350759947,51
5386,6,12273,4131,8142,0,0,0,1.0,1,1.0,1,1.0,1,0.06213467450437206,52
5387,2,12275,4132,8143,0,0,0,1.0,1,1.0,1,1.0,1,0.07562073551650658,53
5388,1,12276,4132,8144,0,0,0,1.0,1,1.0,1,1.0,1,0.04341549368742898,54
5389,2,12278,4132,8146,0,0,0,1.0,1,1.0,1,1.0,1,0.044074976888434675,55
5390,0,12278,4132,8146,0,0,0,1.0,1,1.0,1,1.0,1,0.04078870157617027,56
5391,1,12279,4133,8146,0,0,0,1.0,1,1.0,1,1.0,1,0.037519892694403874,56
5392,4,12283,4136,8147,0,0,0,1.0,1,1.0,1,1.0,1,0.06278792224108545,56
5393,1,12284,4137,8147,0,0,0,1.0,1,1.0,1,1.0,1,0.09803657753438551,54
5394,1,12285,4138,8147,0,0,0,1.0,1,1.0,1,1.0,1,0.11101456171424426,53
5395,3,12288,4140,8148,0,0,0,1.0,1,1.0,1,1.0,1,0.0861029178144303,53
5396,2,12290,4141,8149,0,0,0,1.0,1,1.0,1,1.0,1,0.06856605612823301,54
5397,1,12291,4142,8149,0,0,0,1.0,1,1.0,1,1.0,1,0.07203109568901211,53
5398,2,12293,4143,8150,0,0,0,1.0,1,1.0,1,1.0,1,0.06746247453441044,53
5399,9,12302,4149,8153,0,0,0,1.0,1,1.0,1,1.0,1,0.13178347702451132,55
5400,2,12304,4149,8155,0,0,0,1.0,1,1.0,1,1.0,1,0.12420391446322285,55
5401,9,12313,4152,8161,0,0,0,1.0,1,1.0,1,1.0,1,0.07057284773332514,56
5402,0,12313,4152,8161,0,0,0,1.0,1,1.0,1,1.0,1,0.0,0
