,SuccessfulHandoverCount,TotalSuccessfulHandoverCount,TotalSuccessfulHandoverCountRange,TotalSuccessfulHandoverCountLoadBalancing,TotalSuccessfulHandoverCountOverload,FailedHandoverCount,TotalFailedHandoverCount,AvgQoS,MinQoS,AvgQoS_LoadBased,MinQoS_LoadBased,AvgQoS_RangeBased,MinQoS_RangeBased,GiniLoad,VehicleCount
0,0,0,0,0,0,0,0,1.0,1,1.0,1,1.0,1,0.0,0
1,11,11,0,11,0,0,0,1.0,1,1.0,1,1.0,1,0.2655473127736556,26
2,9,20,0,20,0,0,0,1.0,1,1.0,1,1.0,1,0.16272431613789476,27
3,4,24,0,24,0,0,0,1.0,1,1.0,1,1.0,1,0.20302059887784218,28
4,4,28,0,28,0,0,0,1.0,1,1.0,1,1.0,1,0.17522496120144904,29
5,4,32,0,32,0,0,0,1.0,1,1.0,1,1.0,1,0.18433204641349135,29
6,5,37,0,37,0,0,0,1.0,1,1.0,1,1.0,1,0.2300090305542564,32
7,9,46,0,46,0,0,0,1.0,1,1.0,1,1.0,1,0.24131979466071568,33
8,18,64,0,64,0,0,0,1.0,1,1.0,1,1.0,1,0.1870938481166688,35
9,11,75,0,75,0,0,0,1.0,1,1.0,1,1.0,1,0.18527939352749823,35
10,7,82,0,82,0,0,0,1.0,1,1.0,1,1.0,1,0.12050130628419259,35
11,7,89,0,89,0,0,0,1.0,1,1.0,1,1.0,1,0.16006619668454938,35
12,9,98,0,98,0,0,0,1.0,1,1.0,1,1.0,1,0.19700727346302707,34
13,9,107,0,107,0,0,0,1.0,1,1.0,1,1.0,1,0.22717996937779555,32
14,12,119,3,116,0,0,0,1.0,1,1.0,1,1.0,1,0.3279872503992121,31
15,11,130,3,127,0,0,0,1.0,1,1.0,1,1.0,1,0.309489780133286,30
16,9,139,3,136,0,0,0,1.0,1,1.0,1,1.0,1,0.33816202898429487,30
17,7,146,3,143,0,0,0,1.0,1,1.0,1,1.0,1,0.2606083388467167,29
18,7,153,5,148,0,0,0,1.0,1,1.0,1,1.0,1,0.3649606256068951,29
19,4,157,5,152,0,0,0,1.0,1,1.0,1,1.0,1,0.33175764666702673,28
20,8,165,5,160,0,0,0,1.0,1,1.0,1,1.0,1,0.3606299522333238,28
21,2,167,5,162,0,0,0,1.0,1,1.0,1,1.0,1,0.3083097187924424,28
22,0,167,5,162,0,0,0,1.0,1,1.0,1,1.0,1,0.3083097187924424,28
23,0,167,5,162,0,0,0,1.0,1,1.0,1,1.0,1,0.35438152992197536,27
24,2,169,7,162,0,0,0,1.0,1,1.0,1,1.0,1,0.36858511773853636,28
25,3,172,8,164,0,0,0,1.0,1,1.0,1,1.0,1,0.3131997057361105,28
26,3,175,10,165,0,0,0,1.0,1,1.0,1,1.0,1,0.29116789861894143,30
27,2,177,10,167,0,0,0,1.0,1,1.0,1,1.0,1,0.25956946790567664,30
28,2,179,10,169,0,0,0,1.0,1,1.0,1,1.0,1,0.2515243455825812,31
29,1,180,11,169,0,0,0,1.0,1,1.0,1,1.0,1,0.22092687398980956,30
30,1,181,12,169,0,0,0,1.0,1,1.0,1,1.0,1,0.2287366246894191,30
31,2,183,14,169,0,0,0,1.0,1,1.0,1,1.0,1,0.26621514790996675,31
32,1,184,14,170,0,0,0,1.0,1,1.0,1,1.0,1,0.2361864491270702,31
33,1,185,15,170,0,0,0,1.0,1,1.0,1,1.0,1,0.3187237129644914,31
34,2,187,16,171,0,0,0,1.0,1,1.0,1,1.0,1,0.212788039150344,29
35,0,187,16,171,0,0,0,1.0,1,1.0,1,1.0,1,0.22196859195446375,30
36,1,188,16,172,0,0,0,1.0,1,1.0,1,1.0,1,0.22048200656593345,30
37,2,190,16,174,0,0,0,1.0,1,1.0,1,1.0,1,0.2315541154268669,31
38,2,192,16,176,0,0,0,1.0,1,1.0,1,1.0,1,0.22442348114243788,32
39,4,196,16,180,0,0,0,1.0,1,1.0,1,1.0,1,0.26850656006621826,36
40,2,198,16,182,0,0,0,1.0,1,1.0,1,1.0,1,0.23908228075979293,37
41,1,199,16,183,0,0,0,1.0,1,1.0,1,1.0,1,0.19437180157073547,37
42,1,200,16,184,0,0,0,1.0,1,1.0,1,1.0,1,0.17823282724954254,38
43,3,203,17,186,0,0,0,1.0,1,1.0,1,1.0,1,0.20864094292502783,40
44,1,204,18,186,0,0,0,1.0,1,1.0,1,1.0,1,0.24485069336170434,39
45,3,207,19,188,0,0,0,1.0,1,1.0,1,1.0,1,0.2998744667615307,40
46,2,209,19,190,0,0,0,1.0,1,1.0,1,1.0,1,0.2840678832695788,39
47,0,209,19,190,0,0,0,1.0,1,1.0,1,1.0,1,0.2840678832695788,39
48,0,209,19,190,0,0,0,1.0,1,1.0,1,1.0,1,0.2840678832695788,39
49,3,212,20,192,0,0,0,1.0,1,1.0,1,1.0,1,0.2939441973926288,37
50,1,213,21,192,0,0,0,1.0,1,1.0,1,1.0,1,0.3233447130399749,35
51,0,213,21,192,0,0,0,1.0,1,1.0,1,1.0,1,0.3232252912383295,34
52,0,213,21,192,0,0,0,1.0,1,1.0,1,1.0,1,0.3453573109208961,34
53,1,214,22,192,0,0,0,1.0,1,1.0,1,1.0,1,0.314308057655393,35
54,0,214,22,192,0,0,0,1.0,1,1.0,1,1.0,1,0.3372501439393603,36
55,5,219,23,196,0,0,0,1.0,1,1.0,1,1.0,1,0.2989600972636453,36
56,2,221,25,196,0,0,0,1.0,1,1.0,1,1.0,1,0.31112332170315876,36
57,3,224,25,199,0,0,0,1.0,1,1.0,1,1.0,1,0.2810126751510201,37
58,4,228,28,200,0,0,0,1.0,1,1.0,1,1.0,1,0.27701100003317053,38
59,2,230,30,200,0,0,0,1.0,1,1.0,1,1.0,1,0.28993710114182825,37
60,0,230,30,200,0,0,0,1.0,1,1.0,1,1.0,1,0.2766102355087968,38
61,3,233,30,203,0,0,0,1.0,1,1.0,1,1.0,1,0.21919146685133767,37
62,1,234,31,203,0,0,0,1.0,1,1.0,1,1.0,1,0.21242865054952123,39
63,1,235,32,203,0,0,0,1.0,1,1.0,1,1.0,1,0.22810242914364376,39
64,1,236,33,203,0,0,0,1.0,1,1.0,1,1.0,1,0.2366317258974969,38
65,2,238,34,204,0,0,0,1.0,1,1.0,1,1.0,1,0.22873862469817643,39
66,2,240,36,204,0,0,0,1.0,1,1.0,1,1.0,1,0.27230504941652167,39
67,1,241,36,205,0,0,0,1.0,1,1.0,1,1.0,1,0.2652996847207139,36
68,1,242,37,205,0,0,0,1.0,1,1.0,1,1.0,1,0.2658459880683054,36
69,0,242,37,205,0,0,0,1.0,1,1.0,1,1.0,1,0.27426033336353406,37
70,1,243,37,206,0,0,0,1.0,1,1.0,1,1.0,1,0.28635635787569336,36
71,0,243,37,206,0,0,0,1.0,1,1.0,1,1.0,1,0.27463375927376205,38
72,0,243,37,206,0,0,0,1.0,1,1.0,1,1.0,1,0.27463375927376205,38
73,0,243,37,206,0,0,0,1.0,1,1.0,1,1.0,1,0.2948714893265915,37
74,1,244,37,207,0,0,0,1.0,1,1.0,1,1.0,1,0.2970770280812416,38
75,0,244,37,207,0,0,0,1.0,1,1.0,1,1.0,1,0.2970770280812416,38
76,1,245,38,207,0,0,0,1.0,1,1.0,1,1.0,1,0.33501364684287127,39
77,1,246,38,208,0,0,0,1.0,1,1.0,1,1.0,1,0.3065041151648964,40
78,1,247,38,209,0,0,0,1.0,1,1.0,1,1.0,1,0.271676383163977,41
79,0,247,38,209,0,0,0,1.0,1,1.0,1,1.0,1,0.271676383163977,41
80,0,247,38,209,0,0,0,1.0,1,1.0,1,1.0,1,0.271676383163977,41
81,5,252,39,213,0,0,0,1.0,1,1.0,1,1.0,1,0.2632618209956419,41
82,3,255,39,216,0,0,0,1.0,1,1.0,1,1.0,1,0.22005625127609887,44
83,1,256,39,217,0,0,0,1.0,1,1.0,1,1.0,1,0.20001326954337154,44
84,0,256,39,217,0,0,0,1.0,1,1.0,1,1.0,1,0.20507971684500045,45
85,0,256,39,217,0,0,0,1.0,1,1.0,1,1.0,1,0.20507971684500045,45
86,1,257,40,217,0,0,0,1.0,1,1.0,1,1.0,1,0.24019903153457345,45
87,1,258,41,217,0,0,0,1.0,1,1.0,1,1.0,1,0.2886059723839691,44
88,0,258,41,217,0,0,0,1.0,1,1.0,1,1.0,1,0.2886059723839691,44
89,1,259,42,217,0,0,0,1.0,1,1.0,1,1.0,1,0.2992394203451093,43
90,2,261,42,219,0,0,0,1.0,1,1.0,1,1.0,1,0.32884468009845835,44
91,1,262,43,219,0,0,0,1.0,1,1.0,1,1.0,1,0.3530195777657886,44
92,0,262,43,219,0,0,0,1.0,1,1.0,1,1.0,1,0.3397278289547315,43
93,0,262,43,219,0,0,0,1.0,1,1.0,1,1.0,1,0.35454768323139974,44
94,4,266,45,221,0,0,0,1.0,1,1.0,1,1.0,1,0.36187296979759,44
95,0,266,45,221,0,0,0,1.0,1,1.0,1,1.0,1,0.35708132520234603,43
96,2,268,46,222,0,0,0,1.0,1,1.0,1,1.0,1,0.33292308630117384,44
97,0,268,46,222,0,0,0,1.0,1,1.0,1,1.0,1,0.33292308630117384,44
98,0,268,46,222,0,0,0,1.0,1,1.0,1,1.0,1,0.36119833849464145,43
99,0,268,46,222,0,0,0,1.0,1,1.0,1,1.0,1,0.36119833849464145,43
100,1,269,46,223,0,0,0,1.0,1,1.0,1,1.0,1,0.34895430163810526,47
101,2,271,46,225,0,0,0,1.0,1,1.0,1,1.0,1,0.3178269163426456,47
102,1,272,47,225,0,0,0,1.0,1,1.0,1,1.0,1,0.3357438362732049,47
103,3,275,49,226,0,0,0,1.0,1,1.0,1,1.0,1,0.32700633563208814,46
104,2,277,51,226,0,0,0,1.0,1,1.0,1,1.0,1,0.3362918456067937,45
105,4,281,53,228,0,0,0,1.0,1,1.0,1,1.0,1,0.28329801554458567,44
106,5,286,57,229,0,0,0,1.0,1,1.0,1,1.0,1,0.2922087906372415,45
107,1,287,58,229,0,0,0,1.0,1,1.0,1,1.0,1,0.28556185669746526,44
108,3,290,60,230,0,0,0,1.0,1,1.0,1,1.0,1,0.28282554590824516,46
109,4,294,62,232,0,0,0,1.0,1,1.0,1,1.0,1,0.23143652458324307,46
110,3,297,63,234,0,0,0,1.0,1,1.0,1,1.0,1,0.19985096961898333,46
111,4,301,64,237,0,0,0,1.0,1,1.0,1,1.0,1,0.1913586547635474,46
112,2,303,65,238,0,0,0,1.0,1,1.0,1,1.0,1,0.1698633720810056,46
113,1,304,65,239,0,0,0,1.0,1,1.0,1,1.0,1,0.14997398179096544,46
114,3,307,68,239,0,0,0,1.0,1,1.0,1,1.0,1,0.12951998983815435,46
115,2,309,69,240,0,0,0,1.0,1,1.0,1,1.0,1,0.1295145849684586,47
116,3,312,72,240,0,0,0,1.0,1,1.0,1,1.0,1,0.15514778604261145,47
117,2,314,73,241,0,0,0,1.0,1,1.0,1,1.0,1,0.19510344309238997,45
118,1,315,74,241,0,0,0,1.0,1,1.0,1,1.0,1,0.19008789355519304,46
119,1,316,74,242,0,0,0,1.0,1,1.0,1,1.0,1,0.2087349079461272,46
120,0,316,74,242,0,0,0,1.0,1,1.0,1,1.0,1,0.1852864466812911,47
121,2,318,74,244,0,0,0,1.0,1,1.0,1,1.0,1,0.1568129168541192,46
122,0,318,74,244,0,0,0,1.0,1,1.0,1,1.0,1,0.1568129168541192,46
123,0,318,74,244,0,0,0,1.0,1,1.0,1,1.0,1,0.16089018546409217,45
124,0,318,74,244,0,0,0,1.0,1,1.0,1,1.0,1,0.1569640562820704,46
125,1,319,75,244,0,0,0,1.0,1,1.0,1,1.0,1,0.16822797779628385,44
126,1,320,75,245,0,0,0,1.0,1,1.0,1,1.0,1,0.17053007695730837,45
127,1,321,75,246,0,0,0,1.0,1,1.0,1,1.0,1,0.14735505800577514,45
128,3,324,76,248,0,0,0,1.0,1,1.0,1,1.0,1,0.12711854036842074,46
129,2,326,76,250,0,0,0,1.0,1,1.0,1,1.0,1,0.14028259049197664,48
130,1,327,77,250,0,0,0,1.0,1,1.0,1,1.0,1,0.15714619383435532,48
131,1,328,77,251,0,0,0,1.0,1,1.0,1,1.0,1,0.14250248094388823,49
132,5,333,78,255,0,0,0,1.0,1,1.0,1,1.0,1,0.11480919103855357,51
133,2,335,80,255,0,0,0,1.0,1,1.0,1,1.0,1,0.1699005008663498,49
134,6,341,84,257,0,0,0,1.0,1,1.0,1,1.0,1,0.17252093391969736,49
135,3,344,85,259,0,0,0,1.0,1,1.0,1,1.0,1,0.22644084720359073,49
136,5,349,90,259,0,0,0,1.0,1,1.0,1,1.0,1,0.241689093375158,48
137,2,351,90,261,0,0,0,1.0,1,1.0,1,1.0,1,0.26931050156308733,47
138,4,355,92,263,0,0,0,1.0,1,1.0,1,1.0,1,0.28472988655710724,48
139,2,357,93,264,0,0,0,1.0,1,1.0,1,1.0,1,0.31511500859781033,48
140,5,362,95,267,0,0,0,1.0,1,1.0,1,1.0,1,0.3380586115899538,49
141,9,371,97,274,0,0,0,1.0,1,1.0,1,1.0,1,0.2073834288568556,49
142,1,372,98,274,0,0,0,1.0,1,1.0,1,1.0,1,0.20535465696391056,49
143,1,373,99,274,0,0,0,1.0,1,1.0,1,1.0,1,0.22890782293405315,47
144,2,375,101,274,0,0,0,1.0,1,1.0,1,1.0,1,0.24898777236453992,46
145,1,376,101,275,0,0,0,1.0,1,1.0,1,1.0,1,0.22008288135228077,44
146,1,377,102,275,0,0,0,1.0,1,1.0,1,1.0,1,0.20891733888034333,44
147,1,378,102,276,0,0,0,1.0,1,1.0,1,1.0,1,0.18390420139747088,43
148,1,379,103,276,0,0,0,1.0,1,1.0,1,1.0,1,0.2088068948206205,43
149,2,381,105,276,0,0,0,1.0,1,1.0,1,1.0,1,0.23024410717395247,43
150,0,381,105,276,0,0,0,1.0,1,1.0,1,1.0,1,0.21659122369461808,42
151,1,382,106,276,0,0,0,1.0,1,1.0,1,1.0,1,0.23459191264068727,42
152,1,383,107,276,0,0,0,1.0,1,1.0,1,1.0,1,0.22633196608402675,42
153,0,383,107,276,0,0,0,1.0,1,1.0,1,1.0,1,0.2469904032771325,42
154,2,385,109,276,0,0,0,1.0,1,1.0,1,1.0,1,0.3163616803444472,43
155,0,385,109,276,0,0,0,1.0,1,1.0,1,1.0,1,0.3318552514143542,43
156,0,385,109,276,0,0,0,1.0,1,1.0,1,1.0,1,0.31691659426954566,42
157,0,385,109,276,0,0,0,1.0,1,1.0,1,1.0,1,0.3340893453673037,41
158,2,387,111,276,0,0,0,1.0,1,1.0,1,1.0,1,0.3031948382951467,42
159,1,388,111,277,0,0,0,1.0,1,1.0,1,1.0,1,0.27863497719466,43
160,6,394,115,279,0,0,0,1.0,1,1.0,1,1.0,1,0.29435208349831044,44
161,10,404,116,288,0,0,0,1.0,1,1.0,1,1.0,1,0.16608676470394557,44
162,4,408,118,290,0,0,0,1.0,1,1.0,1,1.0,1,0.22928994980182993,45
163,3,411,120,291,0,0,0,1.0,1,1.0,1,1.0,1,0.300222670267022,43
164,0,411,120,291,0,0,0,1.0,1,1.0,1,1.0,1,0.29670734360643275,42
165,4,415,123,292,0,0,0,1.0,1,1.0,1,1.0,1,0.2590813989591756,42
166,2,417,124,293,0,0,0,1.0,1,1.0,1,1.0,1,0.2811119536236352,42
167,3,420,126,294,0,0,0,1.0,1,1.0,1,1.0,1,0.2868727170735472,41
168,0,420,126,294,0,0,0,1.0,1,1.0,1,1.0,1,0.27356034540198704,40
169,1,421,127,294,0,0,0,1.0,1,1.0,1,1.0,1,0.23694507236526147,40
170,0,421,127,294,0,0,0,1.0,1,1.0,1,1.0,1,0.21183832986652967,38
171,0,421,127,294,0,0,0,1.0,1,1.0,1,1.0,1,0.21771545676663856,37
172,0,421,127,294,0,0,0,1.0,1,1.0,1,1.0,1,0.18112929203313452,35
173,3,424,129,295,0,0,0,1.0,1,1.0,1,1.0,1,0.24518332562153988,36
174,2,426,131,295,0,0,0,1.0,1,1.0,1,1.0,1,0.23359516448150233,34
175,0,426,131,295,0,0,0,1.0,1,1.0,1,1.0,1,0.2588443122355302,33
176,0,426,131,295,0,0,0,1.0,1,1.0,1,1.0,1,0.28022809356179607,34
177,2,428,131,297,0,0,0,1.0,1,1.0,1,1.0,1,0.25780022801151015,36
178,2,430,131,299,0,0,0,1.0,1,1.0,1,1.0,1,0.24737916266232804,37
179,1,431,132,299,0,0,0,1.0,1,1.0,1,1.0,1,0.2591685701848646,37
180,0,431,132,299,0,0,0,1.0,1,1.0,1,1.0,1,0.2677251140006588,36
181,4,435,132,303,0,0,0,1.0,1,1.0,1,1.0,1,0.18200224051456612,36
182,4,439,134,305,0,0,0,1.0,1,1.0,1,1.0,1,0.14391886483166494,38
183,1,440,135,305,0,0,0,1.0,1,1.0,1,1.0,1,0.1518834932671107,37
184,3,443,137,306,0,0,0,1.0,1,1.0,1,1.0,1,0.1625053973072205,36
185,1,444,138,306,0,0,0,1.0,1,1.0,1,1.0,1,0.2101252990632085,35
186,1,445,139,306,0,0,0,1.0,1,1.0,1,1.0,1,0.22031826708575183,34
187,1,446,140,306,0,0,0,1.0,1,1.0,1,1.0,1,0.26486673706198727,33
188,1,447,141,306,0,0,0,1.0,1,1.0,1,1.0,1,0.25907403641726595,33
189,3,450,144,306,0,0,0,1.0,1,1.0,1,1.0,1,0.32172974505605123,33
190,1,451,144,307,0,0,0,1.0,1,1.0,1,1.0,1,0.2900557923060653,32
191,2,453,146,307,0,0,0,1.0,1,1.0,1,1.0,1,0.32481278509637707,34
192,1,454,146,308,0,0,0,1.0,1,1.0,1,1.0,1,0.31731940491886124,34
193,0,454,146,308,0,0,0,1.0,1,1.0,1,1.0,1,0.3101646677509279,35
194,0,454,146,308,0,0,0,1.0,1,1.0,1,1.0,1,0.3288940913130041,37
195,2,456,146,310,0,0,0,1.0,1,1.0,1,1.0,1,0.33648477929973325,36
196,2,458,147,311,0,0,0,1.0,1,1.0,1,1.0,1,0.36112990557593144,36
197,3,461,147,314,0,0,0,1.0,1,1.0,1,1.0,1,0.3619987192281872,37
198,8,469,150,319,0,0,0,1.0,1,1.0,1,1.0,1,0.3579242753599673,37
199,5,474,150,324,0,0,0,1.0,1,1.0,1,1.0,1,0.3228652232306485,37
200,3,477,152,325,0,0,0,1.0,1,1.0,1,1.0,1,0.328496424465625,37
201,4,481,152,329,0,0,0,1.0,1,1.0,1,1.0,1,0.27708400159730934,36
202,1,482,153,329,0,0,0,1.0,1,1.0,1,1.0,1,0.22443210186782706,36
203,0,482,153,329,0,0,0,1.0,1,1.0,1,1.0,1,0.2105391711336966,35
204,1,483,153,330,0,0,0,1.0,1,1.0,1,1.0,1,0.15721972299321882,35
205,4,487,156,331,0,0,0,1.0,1,1.0,1,1.0,1,0.13110370568592786,35
206,1,488,156,332,0,0,0,1.0,1,1.0,1,1.0,1,0.1784473074740361,34
207,1,489,157,332,0,0,0,1.0,1,1.0,1,1.0,1,0.260441735428941,34
208,4,493,158,335,0,0,0,1.0,1,1.0,1,1.0,1,0.21685060787590799,33
209,1,494,158,336,0,0,0,1.0,1,1.0,1,1.0,1,0.23806297448650676,33
210,4,498,160,338,0,0,0,1.0,1,1.0,1,1.0,1,0.25664394635500476,34
211,2,500,161,339,0,0,0,1.0,1,1.0,1,1.0,1,0.32442826756648957,33
212,1,501,161,340,0,0,0,1.0,1,1.0,1,1.0,1,0.3362480517259543,33
213,2,503,162,341,0,0,0,1.0,1,1.0,1,1.0,1,0.24091766238361878,35
214,0,503,162,341,0,0,0,1.0,1,1.0,1,1.0,1,0.22582581555586828,34
215,1,504,163,341,0,0,0,1.0,1,1.0,1,1.0,1,0.20343988959726234,35
216,1,505,164,341,0,0,0,1.0,1,1.0,1,1.0,1,0.20897694533373518,36
217,1,506,165,341,0,0,0,1.0,1,1.0,1,1.0,1,0.23341503907202132,36
218,2,508,167,341,0,0,0,1.0,1,1.0,1,1.0,1,0.27779219220575396,36
219,1,509,167,342,0,0,0,1.0,1,1.0,1,1.0,1,0.22238935837345647,37
220,3,512,170,342,0,0,0,1.0,1,1.0,1,1.0,1,0.2533490430281624,38
221,1,513,170,343,0,0,0,1.0,1,1.0,1,1.0,1,0.2197285752329437,37
222,1,514,171,343,0,0,0,1.0,1,1.0,1,1.0,1,0.20310131905712303,38
223,3,517,172,345,0,0,0,1.0,1,1.0,1,1.0,1,0.1972200975318209,38
224,5,522,175,347,0,0,0,1.0,1,1.0,1,1.0,1,0.24466925811683624,38
225,4,526,178,348,0,0,0,1.0,1,1.0,1,1.0,1,0.25631079543853486,36
226,2,528,180,348,0,0,0,1.0,1,1.0,1,1.0,1,0.3341672978760223,37
227,3,531,181,350,0,0,0,1.0,1,1.0,1,1.0,1,0.3149156085509261,35
228,2,533,183,350,0,0,0,1.0,1,1.0,1,1.0,1,0.2988226890381526,35
229,3,536,184,352,0,0,0,1.0,1,1.0,1,1.0,1,0.26219822962831457,35
230,1,537,185,352,0,0,0,1.0,1,1.0,1,1.0,1,0.2814664863112623,35
231,3,540,187,353,0,0,0,1.0,1,1.0,1,1.0,1,0.2347890710540261,35
232,2,542,189,353,0,0,0,1.0,1,1.0,1,1.0,1,0.21364551858876535,36
233,1,543,189,354,0,0,0,1.0,1,1.0,1,1.0,1,0.17503242386143328,36
234,2,545,191,354,0,0,0,1.0,1,1.0,1,1.0,1,0.21443624734847214,34
235,2,547,193,354,0,0,0,1.0,1,1.0,1,1.0,1,0.20845727796144647,33
236,0,547,193,354,0,0,0,1.0,1,1.0,1,1.0,1,0.20182284435030903,31
237,1,548,194,354,0,0,0,1.0,1,1.0,1,1.0,1,0.22401851602274328,32
238,1,549,195,354,0,0,0,1.0,1,1.0,1,1.0,1,0.2597253885109609,31
239,1,550,196,354,0,0,0,1.0,1,1.0,1,1.0,1,0.2802453491973422,30
240,1,551,197,354,0,0,0,1.0,1,1.0,1,1.0,1,0.2717837346328763,27
241,3,554,199,355,0,0,0,1.0,1,1.0,1,1.0,1,0.27862746243306596,27
242,1,555,199,356,0,0,0,1.0,1,1.0,1,1.0,1,0.27554694551028136,28
243,1,556,200,356,0,0,0,1.0,1,1.0,1,1.0,1,0.292181688572419,28
244,1,557,201,356,0,0,0,1.0,1,1.0,1,1.0,1,0.2891084573412684,27
245,2,559,203,356,0,0,0,1.0,1,1.0,1,1.0,1,0.3458151493312126,27
246,2,561,204,357,0,0,0,1.0,1,1.0,1,1.0,1,0.3129302816791449,25
247,0,561,204,357,0,0,0,1.0,1,1.0,1,1.0,1,0.2951809080953731,24
248,0,561,204,357,0,0,0,1.0,1,1.0,1,1.0,1,0.2930357192519789,24
249,1,562,205,357,0,0,0,1.0,1,1.0,1,1.0,1,0.30709482466322685,25
250,1,563,205,358,0,0,0,1.0,1,1.0,1,1.0,1,0.29639104174087855,27
251,0,563,205,358,0,0,0,1.0,1,1.0,1,1.0,1,0.29639104174087855,27
252,0,563,205,358,0,0,0,1.0,1,1.0,1,1.0,1,0.29639104174087855,27
253,2,565,206,359,0,0,0,1.0,1,1.0,1,1.0,1,0.3047315862891774,29
254,2,567,207,360,0,0,0,1.0,1,1.0,1,1.0,1,0.26168053500563765,30
255,1,568,208,360,0,0,0,1.0,1,1.0,1,1.0,1,0.29723375097461524,31
256,2,570,210,360,0,0,0,1.0,1,1.0,1,1.0,1,0.29562059400539314,31
257,2,572,210,362,0,0,0,1.0,1,1.0,1,1.0,1,0.24983188831811382,33
258,1,573,211,362,0,0,0,1.0,1,1.0,1,1.0,1,0.2908570139101918,33
259,2,575,212,363,0,0,0,1.0,1,1.0,1,1.0,1,0.3111348095398275,33
260,2,577,214,363,0,0,0,1.0,1,1.0,1,1.0,1,0.33836572968161904,35
261,7,584,215,369,0,0,0,1.0,1,1.0,1,1.0,1,0.27836708990619985,35
262,1,585,216,369,0,0,0,1.0,1,1.0,1,1.0,1,0.30582564823342,35
263,2,587,217,370,0,0,0,1.0,1,1.0,1,1.0,1,0.3475735328553463,34
264,2,589,218,371,0,0,0,1.0,1,1.0,1,1.0,1,0.4023386135755161,32
265,2,591,219,372,0,0,0,1.0,1,1.0,1,1.0,1,0.4166277306234215,30
266,3,594,220,374,0,0,0,1.0,1,1.0,1,1.0,1,0.35612978164438963,31
267,3,597,221,376,0,0,0,1.0,1,1.0,1,1.0,1,0.2984488713023482,30
268,3,600,221,379,0,0,0,1.0,1,1.0,1,1.0,1,0.2823118647683819,31
269,1,601,221,380,0,0,0,1.0,1,1.0,1,1.0,1,0.2759746052427694,31
270,4,605,223,382,0,0,0,1.0,1,1.0,1,1.0,1,0.27345673458115205,32
271,1,606,223,383,0,0,0,1.0,1,1.0,1,1.0,1,0.29312864315289033,31
272,3,609,224,385,0,0,0,1.0,1,1.0,1,1.0,1,0.36634750595544857,32
273,2,611,224,387,0,0,0,1.0,1,1.0,1,1.0,1,0.37488591137173327,32
274,4,615,224,391,0,0,0,1.0,1,1.0,1,1.0,1,0.37488591137173327,32
275,4,619,224,395,0,0,0,1.0,1,1.0,1,1.0,1,0.326839523056075,33
276,6,625,225,400,0,0,0,1.0,1,1.0,1,1.0,1,0.33752975157052306,34
277,3,628,226,402,0,0,0,1.0,1,1.0,1,1.0,1,0.35290233439433455,32
278,2,630,226,404,0,0,0,1.0,1,1.0,1,1.0,1,0.34067872087472884,31
279,2,632,226,406,0,0,0,1.0,1,1.0,1,1.0,1,0.32657164264497707,31
280,8,640,228,412,0,0,0,1.0,1,1.0,1,1.0,1,0.3415145983398325,30
281,0,640,228,412,0,0,0,1.0,1,1.0,1,1.0,1,0.31797731763457066,31
282,1,641,229,412,0,0,0,1.0,1,1.0,1,1.0,1,0.3427600663134491,30
283,4,645,231,414,0,0,0,1.0,1,1.0,1,1.0,1,0.30894264670828797,31
284,2,647,232,415,0,0,0,1.0,1,1.0,1,1.0,1,0.27926971424909497,31
285,4,651,234,417,0,0,0,1.0,1,1.0,1,1.0,1,0.30502463479223746,31
286,2,653,234,419,0,0,0,1.0,1,1.0,1,1.0,1,0.30502463479223746,31
287,3,656,234,422,0,0,0,1.0,1,1.0,1,1.0,1,0.2340635036893059,33
288,3,659,234,425,0,0,0,1.0,1,1.0,1,1.0,1,0.17769720793197488,32
289,3,662,235,427,0,0,0,1.0,1,1.0,1,1.0,1,0.20504032535315878,32
290,1,663,235,428,0,0,0,1.0,1,1.0,1,1.0,1,0.2125922582006555,31
291,2,665,235,430,0,0,0,1.0,1,1.0,1,1.0,1,0.1865733892486811,30
292,2,667,236,431,0,0,0,1.0,1,1.0,1,1.0,1,0.2055495073088316,32
293,1,668,236,432,0,0,0,1.0,1,1.0,1,1.0,1,0.22191563181055435,32
294,3,671,236,435,0,0,0,1.0,1,1.0,1,1.0,1,0.1966569457780924,32
295,3,674,236,438,0,0,0,1.0,1,1.0,1,1.0,1,0.20648503660162854,34
296,6,680,237,443,0,0,0,1.0,1,1.0,1,1.0,1,0.18253168187359756,34
297,2,682,237,445,0,0,0,1.0,1,1.0,1,1.0,1,0.20899305531436602,34
298,0,682,237,445,0,0,0,1.0,1,1.0,1,1.0,1,0.22991758851620658,35
299,0,682,237,445,0,0,0,1.0,1,1.0,1,1.0,1,0.2763427939825132,35
300,0,682,237,445,0,0,0,1.0,1,1.0,1,1.0,1,0.2763427939825132,35
301,3,685,237,448,0,0,0,1.0,1,1.0,1,1.0,1,0.25094942399833486,38
302,0,685,237,448,0,0,0,1.0,1,1.0,1,1.0,1,0.25094942399833486,38
303,2,687,239,448,0,0,0,1.0,1,1.0,1,1.0,1,0.26952132876634055,37
304,3,690,241,449,0,0,0,1.0,1,1.0,1,1.0,1,0.3054544695050325,37
305,4,694,243,451,0,0,0,1.0,1,1.0,1,1.0,1,0.36626250393650217,36
306,3,697,244,453,0,0,0,1.0,1,1.0,1,1.0,1,0.39206186169156887,36
307,1,698,244,454,0,0,0,1.0,1,1.0,1,1.0,1,0.3610024933941829,35
308,3,701,245,456,0,0,0,1.0,1,1.0,1,1.0,1,0.3042341827099887,37
309,0,701,245,456,0,0,0,1.0,1,1.0,1,1.0,1,0.3042341827099887,37
310,1,702,245,457,0,0,0,1.0,1,1.0,1,1.0,1,0.2852606075874903,37
311,0,702,245,457,0,0,0,1.0,1,1.0,1,1.0,1,0.27953060462391577,39
312,0,702,245,457,0,0,0,1.0,1,1.0,1,1.0,1,0.29109034921197247,40
313,0,702,245,457,0,0,0,1.0,1,1.0,1,1.0,1,0.2806930863224571,39
314,0,702,245,457,0,0,0,1.0,1,1.0,1,1.0,1,0.2906831499595694,40
315,2,704,247,457,0,0,0,1.0,1,1.0,1,1.0,1,0.3510255486903855,39
316,0,704,247,457,0,0,0,1.0,1,1.0,1,1.0,1,0.3510255486903855,39
317,2,706,247,459,0,0,0,1.0,1,1.0,1,1.0,1,0.321160629179532,40
318,1,707,247,460,0,0,0,1.0,1,1.0,1,1.0,1,0.3308787455561848,41
319,3,710,247,463,0,0,0,1.0,1,1.0,1,1.0,1,0.27024774673434465,41
320,1,711,248,463,0,0,0,1.0,1,1.0,1,1.0,1,0.2691783694888846,41
321,1,712,248,464,0,0,0,1.0,1,1.0,1,1.0,1,0.23500723249928468,41
322,5,717,250,467,0,0,0,1.0,1,1.0,1,1.0,1,0.15773318702533984,41
323,0,717,250,467,0,0,0,1.0,1,1.0,1,1.0,1,0.15773318702533984,41
324,2,719,252,467,0,0,0,1.0,1,1.0,1,1.0,1,0.20010868314866356,42
325,1,720,253,467,0,0,0,1.0,1,1.0,1,1.0,1,0.21987286845583853,42
326,2,722,254,468,0,0,0,1.0,1,1.0,1,1.0,1,0.24525419335911386,42
327,2,724,254,470,0,0,0,1.0,1,1.0,1,1.0,1,0.24525419335911386,42
328,2,726,254,472,0,0,0,1.0,1,1.0,1,1.0,1,0.25796320493526304,43
329,1,727,254,473,0,0,0,1.0,1,1.0,1,1.0,1,0.265740093041287,43
330,4,731,254,477,0,0,0,1.0,1,1.0,1,1.0,1,0.25365508329694036,45
331,4,735,254,481,0,0,0,1.0,1,1.0,1,1.0,1,0.2110089858035009,45
332,0,735,254,481,0,0,0,1.0,1,1.0,1,1.0,1,0.2140596214865695,45
333,0,735,254,481,0,0,0,1.0,1,1.0,1,1.0,1,0.22439303328921453,46
334,1,736,254,482,0,0,0,1.0,1,1.0,1,1.0,1,0.17183601391394362,48
335,0,736,254,482,0,0,0,1.0,1,1.0,1,1.0,1,0.17183601391394362,48
336,0,736,254,482,0,0,0,1.0,1,1.0,1,1.0,1,0.17183601391394362,48
337,1,737,254,483,0,0,0,1.0,1,1.0,1,1.0,1,0.17942311436089492,49
338,2,739,254,485,0,0,0,1.0,1,1.0,1,1.0,1,0.1871096507384676,50
339,1,740,254,486,0,0,0,1.0,1,1.0,1,1.0,1,0.1798430767119061,50
340,1,741,254,487,0,0,0,1.0,1,1.0,1,1.0,1,0.1871096507384676,50
341,3,744,255,489,0,0,0,1.0,1,1.0,1,1.0,1,0.17797072399247818,51
342,2,746,256,490,0,0,0,1.0,1,1.0,1,1.0,1,0.19288282814165505,51
343,1,747,256,491,0,0,0,1.0,1,1.0,1,1.0,1,0.1852083699857633,51
344,0,747,256,491,0,0,0,1.0,1,1.0,1,1.0,1,0.17948760441577918,50
345,1,748,256,492,0,0,0,1.0,1,1.0,1,1.0,1,0.1720314108443949,51
346,2,750,257,493,0,0,0,1.0,1,1.0,1,1.0,1,0.16296103899762043,51
347,3,753,260,493,0,0,0,1.0,1,1.0,1,1.0,1,0.17339333122743944,51
348,3,756,263,493,0,0,0,1.0,1,1.0,1,1.0,1,0.2261478185689279,53
349,1,757,263,494,0,0,0,1.0,1,1.0,1,1.0,1,0.204844834145877,55
350,0,757,263,494,0,0,0,1.0,1,1.0,1,1.0,1,0.22433518010936052,54
351,3,760,265,495,0,0,0,1.0,1,1.0,1,1.0,1,0.25820669981565364,54
352,5,765,268,497,0,0,0,1.0,1,1.0,1,1.0,1,0.2789330231494514,53
353,1,766,269,497,0,0,0,1.0,1,1.0,1,1.0,1,0.2664422147197012,53
354,1,767,269,498,0,0,0,1.0,1,1.0,1,1.0,1,0.29362102373171045,50
355,1,768,269,499,0,0,0,1.0,1,1.0,1,1.0,1,0.3125998917330774,51
356,1,769,269,500,0,0,0,1.0,1,1.0,1,1.0,1,0.2827336121777451,51
357,1,770,269,501,0,0,0,1.0,1,1.0,1,1.0,1,0.25756063870731793,50
358,3,773,272,501,0,0,0,1.0,1,1.0,1,1.0,1,0.27712567534195115,48
359,2,775,274,501,0,0,0,1.0,1,1.0,1,1.0,1,0.320807539306376,47
360,0,775,274,501,0,0,0,1.0,1,1.0,1,1.0,1,0.3365322015865975,45
361,6,781,275,506,0,0,0,1.0,1,1.0,1,1.0,1,0.30005874700473284,44
362,1,782,275,507,0,0,0,1.0,1,1.0,1,1.0,1,0.27960469260200976,44
363,3,785,276,509,0,0,0,1.0,1,1.0,1,1.0,1,0.24159386294048185,44
364,0,785,276,509,0,0,0,1.0,1,1.0,1,1.0,1,0.24280447315997214,43
365,1,786,277,509,0,0,0,1.0,1,1.0,1,1.0,1,0.25859721542354175,43
366,2,788,278,510,0,0,0,1.0,1,1.0,1,1.0,1,0.2488977661895434,45
367,1,789,278,511,0,0,0,1.0,1,1.0,1,1.0,1,0.23451210615941234,44
368,1,790,279,511,0,0,0,1.0,1,1.0,1,1.0,1,0.20716819579981666,46
369,1,791,280,511,0,0,0,1.0,1,1.0,1,1.0,1,0.2448502694204613,45
370,1,792,280,512,0,0,0,1.0,1,1.0,1,1.0,1,0.23320517832390666,46
371,1,793,280,513,0,0,0,1.0,1,1.0,1,1.0,1,0.24803656581515177,47
372,0,793,280,513,0,0,0,1.0,1,1.0,1,1.0,1,0.25777664487664836,48
373,2,795,281,514,0,0,0,1.0,1,1.0,1,1.0,1,0.23583821368548982,48
374,2,797,283,514,0,0,0,1.0,1,1.0,1,1.0,1,0.21227532147417488,49
375,2,799,283,516,0,0,0,1.0,1,1.0,1,1.0,1,0.208807275218433,49
376,6,805,287,518,0,0,0,1.0,1,1.0,1,1.0,1,0.20594685836140228,49
377,4,809,290,519,0,0,0,1.0,1,1.0,1,1.0,1,0.22803333222454428,49
378,4,813,291,522,0,0,0,1.0,1,1.0,1,1.0,1,0.2441748644897918,49
379,1,814,291,523,0,0,0,1.0,1,1.0,1,1.0,1,0.24272263572622121,50
380,3,817,292,525,0,0,0,1.0,1,1.0,1,1.0,1,0.2519990356671784,50
381,9,826,292,534,0,0,0,1.0,1,1.0,1,1.0,1,0.12367898374540481,51
382,1,827,293,534,0,0,0,1.0,1,1.0,1,1.0,1,0.12864760488869795,50
383,1,828,294,534,0,0,0,1.0,1,1.0,1,1.0,1,0.14577599323217658,51
384,1,829,295,534,0,0,0,1.0,1,1.0,1,1.0,1,0.15864394656827885,50
385,1,830,295,535,0,0,0,1.0,1,1.0,1,1.0,1,0.169664798660617,50
386,0,830,295,535,0,0,0,1.0,1,1.0,1,1.0,1,0.17619401336770235,48
387,1,831,295,536,0,0,0,1.0,1,1.0,1,1.0,1,0.15888764688843776,47
388,0,831,295,536,0,0,0,1.0,1,1.0,1,1.0,1,0.17585494241274435,48
389,0,831,295,536,0,0,0,1.0,1,1.0,1,1.0,1,0.1949352213292325,47
390,1,832,296,536,0,0,0,1.0,1,1.0,1,1.0,1,0.1689714693577612,49
391,2,834,298,536,0,0,0,1.0,1,1.0,1,1.0,1,0.16470831122901552,46
392,1,835,299,536,0,0,0,1.0,1,1.0,1,1.0,1,0.20830168641272934,46
393,3,838,302,536,0,0,0,1.0,1,1.0,1,1.0,1,0.2896143898937667,44
394,5,843,304,539,0,0,0,1.0,1,1.0,1,1.0,1,0.3200351700644121,43
395,0,843,304,539,0,0,0,1.0,1,1.0,1,1.0,1,0.3224928034805247,42
396,1,844,305,539,0,0,0,1.0,1,1.0,1,1.0,1,0.3751775982082323,39
397,5,849,308,541,0,0,0,1.0,1,1.0,1,1.0,1,0.4310358489887528,39
398,0,849,308,541,0,0,0,1.0,1,1.0,1,1.0,1,0.4507023056466565,36
399,0,849,308,541,0,0,0,1.0,1,1.0,1,1.0,1,0.4507023056466565,36
400,3,852,310,542,0,0,0,1.0,1,1.0,1,1.0,1,0.41150057111903876,34
401,2,854,311,543,0,0,0,1.0,1,1.0,1,1.0,1,0.3945679370749782,33
402,1,855,311,544,0,0,0,1.0,1,1.0,1,1.0,1,0.36447891238331986,34
403,0,855,311,544,0,0,0,1.0,1,1.0,1,1.0,1,0.35598083286139076,36
404,2,857,313,544,0,0,0,1.0,1,1.0,1,1.0,1,0.35159850749912075,36
405,0,857,313,544,0,0,0,1.0,1,1.0,1,1.0,1,0.3469455132136954,37
406,1,858,313,545,0,0,0,1.0,1,1.0,1,1.0,1,0.3390697139268427,37
407,3,861,313,548,0,0,0,1.0,1,1.0,1,1.0,1,0.26413113017176254,39
408,3,864,314,550,0,0,0,1.0,1,1.0,1,1.0,1,0.2406287300897951,40
409,2,866,315,551,0,0,0,1.0,1,1.0,1,1.0,1,0.245961287229673,41
410,8,874,318,556,0,0,0,1.0,1,1.0,1,1.0,1,0.31492207057395466,42
411,5,879,318,561,0,0,0,1.0,1,1.0,1,1.0,1,0.3210424452755553,43
412,9,888,319,569,0,0,0,1.0,1,1.0,1,1.0,1,0.3191828268331101,44
413,8,896,319,577,0,0,0,1.0,1,1.0,1,1.0,1,0.3191828268331101,44
414,4,900,319,581,0,0,0,1.0,1,1.0,1,1.0,1,0.31484825169399955,45
415,8,908,319,589,0,0,0,1.0,1,1.0,1,1.0,1,0.31484825169399955,45
416,9,917,319,598,0,0,0,1.0,1,1.0,1,1.0,1,0.2953484266933026,46
417,11,928,321,607,0,0,0,1.0,1,1.0,1,1.0,1,0.3062801642604674,46
418,9,937,321,616,0,0,0,1.0,1,1.0,1,1.0,1,0.2957596502471987,47
419,9,946,321,625,0,0,0,1.0,1,1.0,1,1.0,1,0.2904603138093582,47
420,4,950,321,629,0,0,0,1.0,1,1.0,1,1.0,1,0.30172986809212,47
421,3,953,322,631,0,0,0,1.0,1,1.0,1,1.0,1,0.26666219044849765,47
422,3,956,323,633,0,0,0,1.0,1,1.0,1,1.0,1,0.26084656209014595,49
423,0,956,323,633,0,0,0,1.0,1,1.0,1,1.0,1,0.2640093249197283,47
424,1,957,324,633,0,0,0,1.0,1,1.0,1,1.0,1,0.28339582479913333,45
425,1,958,324,634,0,0,0,1.0,1,1.0,1,1.0,1,0.28324504668022527,46
426,2,960,324,636,0,0,0,1.0,1,1.0,1,1.0,1,0.2880359473811403,46
427,2,962,326,636,0,0,0,1.0,1,1.0,1,1.0,1,0.30714690056331,45
428,6,968,327,641,0,0,0,1.0,1,1.0,1,1.0,1,0.2585734544492862,45
429,2,970,328,642,0,0,0,1.0,1,1.0,1,1.0,1,0.2594214729882459,42
430,3,973,330,643,0,0,0,1.0,1,1.0,1,1.0,1,0.3158127824250025,40
431,1,974,331,643,0,0,0,1.0,1,1.0,1,1.0,1,0.3056562419419899,39
432,2,976,333,643,0,0,0,1.0,1,1.0,1,1.0,1,0.351973959832154,37
433,4,980,337,643,0,0,0,1.0,1,1.0,1,1.0,1,0.34688790784191065,35
434,1,981,338,643,0,0,0,1.0,1,1.0,1,1.0,1,0.38627651707494703,33
435,1,982,338,644,0,0,0,1.0,1,1.0,1,1.0,1,0.37143760289161204,33
436,0,982,338,644,0,0,0,1.0,1,1.0,1,1.0,1,0.37143760289161204,33
437,2,984,339,645,0,0,0,1.0,1,1.0,1,1.0,1,0.343022811451556,33
438,0,984,339,645,0,0,0,1.0,1,1.0,1,1.0,1,0.36649076404293335,32
439,2,986,341,645,0,0,0,1.0,1,1.0,1,1.0,1,0.3128130011817246,34
440,0,986,341,645,0,0,0,1.0,1,1.0,1,1.0,1,0.3128130011817246,34
441,3,989,343,646,0,0,0,1.0,1,1.0,1,1.0,1,0.31150889717684527,35
442,6,995,345,650,0,0,0,1.0,1,1.0,1,1.0,1,0.28050224363103626,37
443,2,997,346,651,0,0,0,1.0,1,1.0,1,1.0,1,0.2959191868160016,37
444,0,997,346,651,0,0,0,1.0,1,1.0,1,1.0,1,0.28790712953825465,38
445,4,1001,347,654,0,0,0,1.0,1,1.0,1,1.0,1,0.2654162166710527,39
446,3,1004,347,657,0,0,0,1.0,1,1.0,1,1.0,1,0.25492789334599963,39
447,4,1008,347,661,0,0,0,1.0,1,1.0,1,1.0,1,0.2772854851033981,41
448,4,1012,347,665,0,0,0,1.0,1,1.0,1,1.0,1,0.2772854851033981,41
449,4,1016,347,669,0,0,0,1.0,1,1.0,1,1.0,1,0.28920487966392133,40
450,3,1019,348,671,0,0,0,1.0,1,1.0,1,1.0,1,0.29990603666043086,40
451,4,1023,348,675,0,0,0,1.0,1,1.0,1,1.0,1,0.2923801499811799,41
452,4,1027,348,679,0,0,0,1.0,1,1.0,1,1.0,1,0.2923801499811799,41
453,3,1030,349,681,0,0,0,1.0,1,1.0,1,1.0,1,0.29125203104043096,40
454,5,1035,349,686,0,0,0,1.0,1,1.0,1,1.0,1,0.272306889815911,41
455,3,1038,351,687,0,0,0,1.0,1,1.0,1,1.0,1,0.25108620969133716,41
456,1,1039,351,688,0,0,0,1.0,1,1.0,1,1.0,1,0.2325394307145355,43
457,2,1041,352,689,0,0,0,1.0,1,1.0,1,1.0,1,0.25193557346779416,43
458,0,1041,352,689,0,0,0,1.0,1,1.0,1,1.0,1,0.25193557346779416,43
459,1,1042,352,690,0,0,0,1.0,1,1.0,1,1.0,1,0.23047450696498115,44
460,1,1043,352,691,0,0,0,1.0,1,1.0,1,1.0,1,0.23578615309424186,47
461,4,1047,353,694,0,0,0,1.0,1,1.0,1,1.0,1,0.16753550869578576,48
462,3,1050,355,695,0,0,0,1.0,1,1.0,1,1.0,1,0.19189735902763252,49
463,2,1052,356,696,0,0,0,1.0,1,1.0,1,1.0,1,0.17833705364937233,47
464,4,1056,358,698,0,0,0,1.0,1,1.0,1,1.0,1,0.13765029341432664,48
465,4,1060,362,698,0,0,0,1.0,1,1.0,1,1.0,1,0.152219230910372,47
466,1,1061,363,698,0,0,0,1.0,1,1.0,1,1.0,1,0.18143679765570095,46
467,1,1062,364,698,0,0,0,1.0,1,1.0,1,1.0,1,0.15642184145803845,44
468,3,1065,367,698,0,0,0,1.0,1,1.0,1,1.0,1,0.16141959888632035,41
469,3,1068,369,699,0,0,0,1.0,1,1.0,1,1.0,1,0.13131835489142213,40
470,2,1070,371,699,0,0,0,1.0,1,1.0,1,1.0,1,0.0843209179008963,39
471,1,1071,372,699,0,0,0,1.0,1,1.0,1,1.0,1,0.13288734991180035,38
472,6,1077,377,700,0,0,0,1.0,1,1.0,1,1.0,1,0.18752742099030958,36
473,3,1080,380,700,0,0,0,1.0,1,1.0,1,1.0,1,0.2031796178905069,36
474,3,1083,382,701,0,0,0,1.0,1,1.0,1,1.0,1,0.19029803278915736,34
475,2,1085,383,702,0,0,0,1.0,1,1.0,1,1.0,1,0.22174673363710576,34
476,0,1085,383,702,0,0,0,1.0,1,1.0,1,1.0,1,0.24070507446792008,32
477,1,1086,384,702,0,0,0,1.0,1,1.0,1,1.0,1,0.2854598620878023,32
478,0,1086,384,702,0,0,0,1.0,1,1.0,1,1.0,1,0.2812840851133633,30
479,0,1086,384,702,0,0,0,1.0,1,1.0,1,1.0,1,0.29031463416094755,31
480,0,1086,384,702,0,0,0,1.0,1,1.0,1,1.0,1,0.33706192019797376,27
481,3,1089,386,703,0,0,0,1.0,1,1.0,1,1.0,1,0.3599523189034032,28
482,0,1089,386,703,0,0,0,1.0,1,1.0,1,1.0,1,0.33009945184835326,28
483,2,1091,387,704,0,0,0,1.0,1,1.0,1,1.0,1,0.31380096213103115,29
484,1,1092,387,705,0,0,0,1.0,1,1.0,1,1.0,1,0.3035752330870309,29
485,0,1092,387,705,0,0,0,1.0,1,1.0,1,1.0,1,0.3035752330870309,29
486,5,1097,389,708,0,0,0,1.0,1,1.0,1,1.0,1,0.25001278580167774,31
487,2,1099,389,710,0,0,0,1.0,1,1.0,1,1.0,1,0.25322054486693407,33
488,1,1100,389,711,0,0,0,1.0,1,1.0,1,1.0,1,0.24369796418880968,34
489,2,1102,391,711,0,0,0,1.0,1,1.0,1,1.0,1,0.2979468466515265,34
490,2,1104,391,713,0,0,0,1.0,1,1.0,1,1.0,1,0.2521143465430119,34
491,1,1105,392,713,0,0,0,1.0,1,1.0,1,1.0,1,0.2960112421905127,34
492,1,1106,392,714,0,0,0,1.0,1,1.0,1,1.0,1,0.28138571392323913,34
493,1,1107,392,715,0,0,0,1.0,1,1.0,1,1.0,1,0.27011000709490607,34
494,2,1109,393,716,0,0,0,1.0,1,1.0,1,1.0,1,0.2789719442152715,36
495,0,1109,393,716,0,0,0,1.0,1,1.0,1,1.0,1,0.2789719442152715,36
496,0,1109,393,716,0,0,0,1.0,1,1.0,1,1.0,1,0.2703464813262345,37
497,1,1110,393,717,0,0,0,1.0,1,1.0,1,1.0,1,0.25354010795526016,39
498,7,1117,394,723,0,0,0,1.0,1,1.0,1,1.0,1,0.24968811898705182,40
499,1,1118,394,724,0,0,0,1.0,1,1.0,1,1.0,1,0.26532627927877345,40
500,6,1124,395,729,0,0,0,1.0,1,1.0,1,1.0,1,0.19992095493347806,42
501,1,1125,395,730,0,0,0,1.0,1,1.0,1,1.0,1,0.18615035333673954,42
502,1,1126,396,730,0,0,0,1.0,1,1.0,1,1.0,1,0.2312427607924404,42
503,1,1127,397,730,0,0,0,1.0,1,1.0,1,1.0,1,0.2404422182664722,41
504,3,1130,399,731,0,0,0,1.0,1,1.0,1,1.0,1,0.28050851210220673,42
505,2,1132,401,731,0,0,0,1.0,1,1.0,1,1.0,1,0.30589374418273735,38
506,0,1132,401,731,0,0,0,1.0,1,1.0,1,1.0,1,0.3117228860280707,37
507,1,1133,402,731,0,0,0,1.0,1,1.0,1,1.0,1,0.3446666229560951,35
508,4,1137,405,732,0,0,0,1.0,1,1.0,1,1.0,1,0.3964659361646783,35
509,1,1138,405,733,0,0,0,1.0,1,1.0,1,1.0,1,0.365530808757491,34
510,0,1138,405,733,0,0,0,1.0,1,1.0,1,1.0,1,0.3653551961528317,34
511,1,1139,406,733,0,0,0,1.0,1,1.0,1,1.0,1,0.35044928553438215,32
512,3,1142,408,734,0,0,0,1.0,1,1.0,1,1.0,1,0.3864220179819674,30
513,0,1142,408,734,0,0,0,1.0,1,1.0,1,1.0,1,0.3879996712477403,31
514,0,1142,408,734,0,0,0,1.0,1,1.0,1,1.0,1,0.3879996712477403,31
515,3,1145,410,735,0,0,0,1.0,1,1.0,1,1.0,1,0.40920161249630443,32
516,0,1145,410,735,0,0,0,1.0,1,1.0,1,1.0,1,0.39598940425573187,31
517,3,1148,413,735,0,0,0,1.0,1,1.0,1,1.0,1,0.4045425175401916,32
518,0,1148,413,735,0,0,0,1.0,1,1.0,1,1.0,1,0.39404951305337604,31
519,2,1150,415,735,0,0,0,1.0,1,1.0,1,1.0,1,0.375168718292492,31
520,2,1152,417,735,0,0,0,1.0,1,1.0,1,1.0,1,0.38166957532271906,33
521,6,1158,418,740,0,0,0,1.0,1,1.0,1,1.0,1,0.23334380289340012,34
522,2,1160,419,741,0,0,0,1.0,1,1.0,1,1.0,1,0.20139007483582658,34
523,0,1160,419,741,0,0,0,1.0,1,1.0,1,1.0,1,0.2234578228772799,33
524,1,1161,420,741,0,0,0,1.0,1,1.0,1,1.0,1,0.26928054182168043,34
525,1,1162,420,742,0,0,0,1.0,1,1.0,1,1.0,1,0.2952382111642555,32
526,0,1162,420,742,0,0,0,1.0,1,1.0,1,1.0,1,0.2952382111642555,32
527,0,1162,420,742,0,0,0,1.0,1,1.0,1,1.0,1,0.3577555605108156,31
528,1,1163,421,742,0,0,0,1.0,1,1.0,1,1.0,1,0.369826983044768,31
529,0,1163,421,742,0,0,0,1.0,1,1.0,1,1.0,1,0.39533844149445635,30
530,3,1166,422,744,0,0,0,1.0,1,1.0,1,1.0,1,0.41307388243385096,30
531,2,1168,422,746,0,0,0,1.0,1,1.0,1,1.0,1,0.42271597834280233,32
532,2,1170,423,747,0,0,0,1.0,1,1.0,1,1.0,1,0.37308322951826617,32
533,2,1172,425,747,0,0,0,1.0,1,1.0,1,1.0,1,0.4007973562759643,34
534,2,1174,426,748,0,0,0,1.0,1,1.0,1,1.0,1,0.40702232368228347,34
535,3,1177,426,751,0,0,0,1.0,1,1.0,1,1.0,1,0.37526301828893677,37
536,1,1178,426,752,0,0,0,1.0,1,1.0,1,1.0,1,0.3765197439470092,37
537,3,1181,428,753,0,0,0,1.0,1,1.0,1,1.0,1,0.4459098604517703,37
538,3,1184,428,756,0,0,0,1.0,1,1.0,1,1.0,1,0.4412318810206231,38
539,5,1189,428,761,0,0,0,1.0,1,1.0,1,1.0,1,0.4325334985483507,38
540,1,1190,428,762,0,0,0,1.0,1,1.0,1,1.0,1,0.4313564920637444,38
541,6,1196,428,768,0,0,0,1.0,1,1.0,1,1.0,1,0.28202127782326863,39
542,2,1198,429,769,0,0,0,1.0,1,1.0,1,1.0,1,0.2686464046474981,40
543,2,1200,431,769,0,0,0,1.0,1,1.0,1,1.0,1,0.3002898250876955,37
544,0,1200,431,769,0,0,0,1.0,1,1.0,1,1.0,1,0.3176214516007698,35
545,0,1200,431,769,0,0,0,1.0,1,1.0,1,1.0,1,0.255072092191477,35
546,3,1203,434,769,0,0,0,1.0,1,1.0,1,1.0,1,0.26092522458937056,35
547,0,1203,434,769,0,0,0,1.0,1,1.0,1,1.0,1,0.22302881977201158,34
548,2,1205,436,769,0,0,0,1.0,1,1.0,1,1.0,1,0.28594309353873293,34
549,4,1209,439,770,0,0,0,1.0,1,1.0,1,1.0,1,0.38415877850578545,31
550,0,1209,439,770,0,0,0,1.0,1,1.0,1,1.0,1,0.370036162843504,30
551,2,1211,441,770,0,0,0,1.0,1,1.0,1,1.0,1,0.47626414106040116,31
552,0,1211,441,770,0,0,0,1.0,1,1.0,1,1.0,1,0.44781553739390273,29
553,2,1213,441,772,0,0,0,1.0,1,1.0,1,1.0,1,0.4472142238583707,30
554,1,1214,441,773,0,0,0,1.0,1,1.0,1,1.0,1,0.41453377600811975,30
555,3,1217,441,776,0,0,0,1.0,1,1.0,1,1.0,1,0.44954464917338377,30
556,3,1220,441,779,0,0,0,1.0,1,1.0,1,1.0,1,0.40756808889669816,31
557,3,1223,441,782,0,0,0,1.0,1,1.0,1,1.0,1,0.4039574892882471,31
558,1,1224,441,783,0,0,0,1.0,1,1.0,1,1.0,1,0.40714642826976,31
559,1,1225,441,784,0,0,0,1.0,1,1.0,1,1.0,1,0.4001583491833711,31
560,4,1229,441,788,0,0,0,1.0,1,1.0,1,1.0,1,0.39406752977671156,32
561,3,1232,441,791,0,0,0,1.0,1,1.0,1,1.0,1,0.2970127958564474,33
562,2,1234,442,792,0,0,0,1.0,1,1.0,1,1.0,1,0.261036604027714,33
563,1,1235,443,792,0,0,0,1.0,1,1.0,1,1.0,1,0.2685233185101403,33
564,2,1237,444,793,0,0,0,1.0,1,1.0,1,1.0,1,0.27357817224865877,34
565,3,1240,445,795,0,0,0,1.0,1,1.0,1,1.0,1,0.21785786175712932,35
566,1,1241,445,796,0,0,0,1.0,1,1.0,1,1.0,1,0.20419361389439264,36
567,4,1245,447,798,0,0,0,1.0,1,1.0,1,1.0,1,0.2061836455913308,37
568,2,1247,447,800,0,0,0,1.0,1,1.0,1,1.0,1,0.200484784499261,36
569,0,1247,447,800,0,0,0,1.0,1,1.0,1,1.0,1,0.19837158446881253,37
570,1,1248,447,801,0,0,0,1.0,1,1.0,1,1.0,1,0.21379959945412638,38
571,2,1250,448,802,0,0,0,1.0,1,1.0,1,1.0,1,0.1855749105225669,38
572,2,1252,448,804,0,0,0,1.0,1,1.0,1,1.0,1,0.1953029194431991,39
573,1,1253,448,805,0,0,0,1.0,1,1.0,1,1.0,1,0.2018502967464835,39
574,2,1255,448,807,0,0,0,1.0,1,1.0,1,1.0,1,0.22054450493230715,41
575,2,1257,448,809,0,0,0,1.0,1,1.0,1,1.0,1,0.22054450493230715,41
576,2,1259,448,811,0,0,0,1.0,1,1.0,1,1.0,1,0.21433151622538318,42
577,1,1260,448,812,0,0,0,1.0,1,1.0,1,1.0,1,0.22817679222546886,42
578,1,1261,448,813,0,0,0,1.0,1,1.0,1,1.0,1,0.23414977726270833,41
579,3,1264,449,815,0,0,0,1.0,1,1.0,1,1.0,1,0.23178899706134154,42
580,7,1271,450,821,0,0,0,1.0,1,1.0,1,1.0,1,0.23258536896540608,43
581,3,1274,452,822,0,0,0,1.0,1,1.0,1,1.0,1,0.22038302910686025,42
582,3,1277,453,824,0,0,0,1.0,1,1.0,1,1.0,1,0.1861515477708568,41
583,2,1279,455,824,0,0,0,1.0,1,1.0,1,1.0,1,0.14263719625115373,40
584,2,1281,457,824,0,0,0,1.0,1,1.0,1,1.0,1,0.21436465785539432,38
585,5,1286,462,824,0,0,0,1.0,1,1.0,1,1.0,1,0.25244853681685614,38
586,4,1290,466,824,0,0,0,1.0,1,1.0,1,1.0,1,0.23646518846327613,37
587,3,1293,468,825,0,0,0,1.0,1,1.0,1,1.0,1,0.26336382340931475,35
588,2,1295,470,825,0,0,0,1.0,1,1.0,1,1.0,1,0.2450796722795121,35
589,0,1295,470,825,0,0,0,1.0,1,1.0,1,1.0,1,0.28210941034671794,34
590,1,1296,471,825,0,0,0,1.0,1,1.0,1,1.0,1,0.2932526881550012,36
591,3,1299,473,826,0,0,0,1.0,1,1.0,1,1.0,1,0.25622300772996415,35
592,0,1299,473,826,0,0,0,1.0,1,1.0,1,1.0,1,0.28309641245256106,37
593,1,1300,474,826,0,0,0,1.0,1,1.0,1,1.0,1,0.308332222088742,36
594,1,1301,475,826,0,0,0,1.0,1,1.0,1,1.0,1,0.323382135346527,35
595,1,1302,476,826,0,0,0,1.0,1,1.0,1,1.0,1,0.3454946394589206,34
596,4,1306,478,828,0,0,0,1.0,1,1.0,1,1.0,1,0.31319715799768855,34
597,2,1308,479,829,0,0,0,1.0,1,1.0,1,1.0,1,0.3306808062298616,33
598,1,1309,479,830,0,0,0,1.0,1,1.0,1,1.0,1,0.31928985063098053,33
599,4,1313,481,832,0,0,0,1.0,1,1.0,1,1.0,1,0.35741293813053115,33
600,2,1315,483,832,0,0,0,1.0,1,1.0,1,1.0,1,0.3796182795515216,33
601,3,1318,483,835,0,0,0,1.0,1,1.0,1,1.0,1,0.32032896728756577,34
602,1,1319,483,836,0,0,0,1.0,1,1.0,1,1.0,1,0.2876535852108771,35
603,1,1320,484,836,0,0,0,1.0,1,1.0,1,1.0,1,0.34059795821548317,35
604,2,1322,484,838,0,0,0,1.0,1,1.0,1,1.0,1,0.31080248250361525,35
605,0,1322,484,838,0,0,0,1.0,1,1.0,1,1.0,1,0.2906222770333859,35
606,1,1323,484,839,0,0,0,1.0,1,1.0,1,1.0,1,0.28797222873149375,35
607,1,1324,485,839,0,0,0,1.0,1,1.0,1,1.0,1,0.32444754313186147,35
608,1,1325,485,840,0,0,0,1.0,1,1.0,1,1.0,1,0.33020768618573876,36
609,2,1327,485,842,0,0,0,1.0,1,1.0,1,1.0,1,0.30120512552518625,37
610,2,1329,485,844,0,0,0,1.0,1,1.0,1,1.0,1,0.2889066263172212,37
611,3,1332,486,846,0,0,0,1.0,1,1.0,1,1.0,1,0.28161521183503035,39
612,2,1334,487,847,0,0,0,1.0,1,1.0,1,1.0,1,0.2654031239286965,39
613,1,1335,488,847,0,0,0,1.0,1,1.0,1,1.0,1,0.27475842816981333,39
614,2,1337,489,848,0,0,0,1.0,1,1.0,1,1.0,1,0.30287291604161687,39
615,1,1338,489,849,0,0,0,1.0,1,1.0,1,1.0,1,0.30900047918963713,39
616,2,1340,490,850,0,0,0,1.0,1,1.0,1,1.0,1,0.3431295221886977,38
617,4,1344,491,853,0,0,0,1.0,1,1.0,1,1.0,1,0.3443605563585777,39
618,4,1348,492,856,0,0,0,1.0,1,1.0,1,1.0,1,0.40075859133202857,40
619,3,1351,493,858,0,0,0,1.0,1,1.0,1,1.0,1,0.4009966831057087,39
620,4,1355,493,862,0,0,0,1.0,1,1.0,1,1.0,1,0.3757649146004428,38
621,10,1365,496,869,0,0,0,1.0,1,1.0,1,1.0,1,0.23013803981661599,38
622,2,1367,497,870,0,0,0,1.0,1,1.0,1,1.0,1,0.15348055442587746,38
623,5,1372,501,871,0,0,0,1.0,1,1.0,1,1.0,1,0.09548934440239626,37
624,5,1377,504,873,0,0,0,1.0,1,1.0,1,1.0,1,0.11856283678430898,33
625,1,1378,505,873,0,0,0,1.0,1,1.0,1,1.0,1,0.15214027839178948,32
626,0,1378,505,873,0,0,0,1.0,1,1.0,1,1.0,1,0.12376325187550391,31
627,0,1378,505,873,0,0,0,1.0,1,1.0,1,1.0,1,0.10888875681293304,30
628,5,1383,509,874,0,0,0,1.0,1,1.0,1,1.0,1,0.19392726506952926,32
629,3,1386,510,876,0,0,0,1.0,1,1.0,1,1.0,1,0.21279989573575828,29
630,2,1388,511,877,0,0,0,1.0,1,1.0,1,1.0,1,0.3059440985271286,29
631,2,1390,513,877,0,0,0,1.0,1,1.0,1,1.0,1,0.378437591628005,25
632,1,1391,514,877,0,0,0,1.0,1,1.0,1,1.0,1,0.37562375631760375,24
633,0,1391,514,877,0,0,0,1.0,1,1.0,1,1.0,1,0.4201460531765176,23
634,0,1391,514,877,0,0,0,1.0,1,1.0,1,1.0,1,0.4201460531765176,23
635,0,1391,514,877,0,0,0,1.0,1,1.0,1,1.0,1,0.44558708970123345,22
636,1,1392,515,877,0,0,0,1.0,1,1.0,1,1.0,1,0.4325424278492995,22
637,1,1393,516,877,0,0,0,1.0,1,1.0,1,1.0,1,0.4102221474508092,23
638,0,1393,516,877,0,0,0,1.0,1,1.0,1,1.0,1,0.4102221474508092,23
639,0,1393,516,877,0,0,0,1.0,1,1.0,1,1.0,1,0.39557583349971714,24
640,1,1394,517,877,0,0,0,1.0,1,1.0,1,1.0,1,0.4249901749481091,24
641,2,1396,517,879,0,0,0,1.0,1,1.0,1,1.0,1,0.3747120296902335,25
642,1,1397,517,880,0,0,0,1.0,1,1.0,1,1.0,1,0.3138847817821358,26
643,0,1397,517,880,0,0,0,1.0,1,1.0,1,1.0,1,0.3014741732449662,28
644,1,1398,518,880,0,0,0,1.0,1,1.0,1,1.0,1,0.28362243081816607,28
645,3,1401,520,881,0,0,0,1.0,1,1.0,1,1.0,1,0.2502412488009611,28
646,1,1402,520,882,0,0,0,1.0,1,1.0,1,1.0,1,0.23081573340179834,29
647,5,1407,522,885,0,0,0,1.0,1,1.0,1,1.0,1,0.2840331989858969,30
648,1,1408,522,886,0,0,0,1.0,1,1.0,1,1.0,1,0.27124587699500446,30
649,2,1410,524,886,0,0,0,1.0,1,1.0,1,1.0,1,0.2885490940055622,31
650,6,1416,525,891,0,0,0,1.0,1,1.0,1,1.0,1,0.2707721116450405,31
651,5,1421,526,895,0,0,0,1.0,1,1.0,1,1.0,1,0.24855740273212823,32
652,5,1426,527,899,0,0,0,1.0,1,1.0,1,1.0,1,0.3028022656489288,32
653,4,1430,527,903,0,0,0,1.0,1,1.0,1,1.0,1,0.3009216644042748,33
654,5,1435,527,908,0,0,0,1.0,1,1.0,1,1.0,1,0.2602440968304832,33
655,6,1441,528,913,0,0,0,1.0,1,1.0,1,1.0,1,0.27421482039525485,36
656,4,1445,528,917,0,0,0,1.0,1,1.0,1,1.0,1,0.27943326804201596,36
657,4,1449,529,920,0,0,0,1.0,1,1.0,1,1.0,1,0.2912947384908233,35
658,5,1454,531,923,0,0,0,1.0,1,1.0,1,1.0,1,0.36632487557316445,33
659,7,1461,533,928,0,0,0,1.0,1,1.0,1,1.0,1,0.36800503571680304,35
660,5,1466,534,932,0,0,0,1.0,1,1.0,1,1.0,1,0.3823760394006328,34
661,2,1468,534,934,0,0,0,1.0,1,1.0,1,1.0,1,0.3131893451756415,33
662,2,1470,534,936,0,0,0,1.0,1,1.0,1,1.0,1,0.3267883870471129,31
663,0,1470,534,936,0,0,0,1.0,1,1.0,1,1.0,1,0.34582844678513586,29
664,1,1471,535,936,0,0,0,1.0,1,1.0,1,1.0,1,0.3460856404448025,27
665,2,1473,535,938,0,0,0,1.0,1,1.0,1,1.0,1,0.27476318159638946,27
666,3,1476,537,939,0,0,0,1.0,1,1.0,1,1.0,1,0.27980002785492897,28
667,2,1478,538,940,0,0,0,1.0,1,1.0,1,1.0,1,0.26170128005845084,26
668,1,1479,539,940,0,0,0,1.0,1,1.0,1,1.0,1,0.3022374986655614,26
669,4,1483,543,940,0,0,0,1.0,1,1.0,1,1.0,1,0.28921511155762125,25
670,0,1483,543,940,0,0,0,1.0,1,1.0,1,1.0,1,0.2838956469235831,24
671,0,1483,543,940,0,0,0,1.0,1,1.0,1,1.0,1,0.2838956469235831,24
672,2,1485,544,941,0,0,0,1.0,1,1.0,1,1.0,1,0.2796686092146493,25
673,0,1485,544,941,0,0,0,1.0,1,1.0,1,1.0,1,0.2796686092146493,25
674,1,1486,545,941,0,0,0,1.0,1,1.0,1,1.0,1,0.2573615370113421,25
675,0,1486,545,941,0,0,0,1.0,1,1.0,1,1.0,1,0.2974823334487739,26
676,6,1492,548,944,0,0,0,1.0,1,1.0,1,1.0,1,0.20451118724644335,27
677,2,1494,548,946,0,0,0,1.0,1,1.0,1,1.0,1,0.2203147422868628,28
678,0,1494,548,946,0,0,0,1.0,1,1.0,1,1.0,1,0.2203147422868628,28
679,3,1497,550,947,0,0,0,1.0,1,1.0,1,1.0,1,0.23341041659310974,30
680,0,1497,550,947,0,0,0,1.0,1,1.0,1,1.0,1,0.23522840442037685,29
681,0,1497,550,947,0,0,0,1.0,1,1.0,1,1.0,1,0.23522840442037685,29
682,0,1497,550,947,0,0,0,1.0,1,1.0,1,1.0,1,0.22637148969952964,30
683,1,1498,550,948,0,0,0,1.0,1,1.0,1,1.0,1,0.1949631935737117,30
684,1,1499,550,949,0,0,0,1.0,1,1.0,1,1.0,1,0.1998200987315961,31
685,0,1499,550,949,0,0,0,1.0,1,1.0,1,1.0,1,0.2048619700102677,30
686,3,1502,553,949,0,0,0,1.0,1,1.0,1,1.0,1,0.2362592266874804,30
687,2,1504,555,949,0,0,0,1.0,1,1.0,1,1.0,1,0.33485712337737183,30
688,2,1506,555,951,0,0,0,1.0,1,1.0,1,1.0,1,0.2640525629504502,31
689,1,1507,556,951,0,0,0,1.0,1,1.0,1,1.0,1,0.33402261149998913,32
690,1,1508,556,952,0,0,0,1.0,1,1.0,1,1.0,1,0.27977548510920697,32
691,0,1508,556,952,0,0,0,1.0,1,1.0,1,1.0,1,0.27977548510920697,32
692,4,1512,559,953,0,0,0,1.0,1,1.0,1,1.0,1,0.26139839699760653,32
693,2,1514,560,954,0,0,0,1.0,1,1.0,1,1.0,1,0.24381657168119183,34
694,4,1518,562,956,0,0,0,1.0,1,1.0,1,1.0,1,0.2525828807317195,36
695,2,1520,563,957,0,0,0,1.0,1,1.0,1,1.0,1,0.24068218637643574,34
696,0,1520,563,957,0,0,0,1.0,1,1.0,1,1.0,1,0.22658401146073628,33
697,0,1520,563,957,0,0,0,1.0,1,1.0,1,1.0,1,0.22716669808396828,33
698,1,1521,564,957,0,0,0,1.0,1,1.0,1,1.0,1,0.25830521458578043,34
699,1,1522,565,957,0,0,0,1.0,1,1.0,1,1.0,1,0.30800584063706243,33
700,0,1522,565,957,0,0,0,1.0,1,1.0,1,1.0,1,0.2874358233041558,32
701,3,1525,565,960,0,0,0,1.0,1,1.0,1,1.0,1,0.172509685103887,33
702,6,1531,569,962,0,0,0,1.0,1,1.0,1,1.0,1,0.2507289064433247,34
703,2,1533,569,964,0,0,0,1.0,1,1.0,1,1.0,1,0.20649775539761447,32
704,0,1533,569,964,0,0,0,1.0,1,1.0,1,1.0,1,0.17678989414824126,31
705,4,1537,573,964,0,0,0,1.0,1,1.0,1,1.0,1,0.27891861518787037,33
706,1,1538,574,964,0,0,0,1.0,1,1.0,1,1.0,1,0.258950091397247,33
707,1,1539,575,964,0,0,0,1.0,1,1.0,1,1.0,1,0.24491500048282694,31
708,2,1541,577,964,0,0,0,1.0,1,1.0,1,1.0,1,0.33233213791176297,31
709,1,1542,578,964,0,0,0,1.0,1,1.0,1,1.0,1,0.3328937405996083,30
710,0,1542,578,964,0,0,0,1.0,1,1.0,1,1.0,1,0.3328937405996083,30
711,0,1542,578,964,0,0,0,1.0,1,1.0,1,1.0,1,0.3332062021941601,30
712,1,1543,578,965,0,0,0,1.0,1,1.0,1,1.0,1,0.32063813750881476,30
713,1,1544,578,966,0,0,0,1.0,1,1.0,1,1.0,1,0.3325767224183055,31
714,3,1547,579,968,0,0,0,1.0,1,1.0,1,1.0,1,0.34739179159948164,31
715,1,1548,579,969,0,0,0,1.0,1,1.0,1,1.0,1,0.34850843272215637,30
716,2,1550,580,970,0,0,0,1.0,1,1.0,1,1.0,1,0.41197547871105,31
717,2,1552,580,972,0,0,0,1.0,1,1.0,1,1.0,1,0.3807201185791464,32
718,3,1555,581,974,0,0,0,1.0,1,1.0,1,1.0,1,0.3533030037187641,32
719,1,1556,582,974,0,0,0,1.0,1,1.0,1,1.0,1,0.3478789019946946,32
720,0,1556,582,974,0,0,0,1.0,1,1.0,1,1.0,1,0.3303003899547912,34
721,3,1559,583,976,0,0,0,1.0,1,1.0,1,1.0,1,0.3078965568589552,34
722,0,1559,583,976,0,0,0,1.0,1,1.0,1,1.0,1,0.3078965568589552,34
723,0,1559,583,976,0,0,0,1.0,1,1.0,1,1.0,1,0.3195487125135271,35
724,1,1560,584,976,0,0,0,1.0,1,1.0,1,1.0,1,0.35471801875946396,36
725,3,1563,584,979,0,0,0,1.0,1,1.0,1,1.0,1,0.31782313982443716,37
726,0,1563,584,979,0,0,0,1.0,1,1.0,1,1.0,1,0.31782313982443716,37
727,1,1564,584,980,0,0,0,1.0,1,1.0,1,1.0,1,0.2999199321909766,38
728,1,1565,584,981,0,0,0,1.0,1,1.0,1,1.0,1,0.2796336722818718,39
729,0,1565,584,981,0,0,0,1.0,1,1.0,1,1.0,1,0.2796336722818718,39
730,1,1566,584,982,0,0,0,1.0,1,1.0,1,1.0,1,0.2700409782207662,40
731,0,1566,584,982,0,0,0,1.0,1,1.0,1,1.0,1,0.2700409782207662,40
732,0,1566,584,982,0,0,0,1.0,1,1.0,1,1.0,1,0.2896044724720695,41
733,2,1568,585,983,0,0,0,1.0,1,1.0,1,1.0,1,0.25585269473341204,41
734,0,1568,585,983,0,0,0,1.0,1,1.0,1,1.0,1,0.2641741217793061,42
735,0,1568,585,983,0,0,0,1.0,1,1.0,1,1.0,1,0.26155426856057,42
736,0,1568,585,983,0,0,0,1.0,1,1.0,1,1.0,1,0.27533535626946476,41
737,1,1569,586,983,0,0,0,1.0,1,1.0,1,1.0,1,0.33487044161732155,41
738,2,1571,586,985,0,0,0,1.0,1,1.0,1,1.0,1,0.31021269705238136,39
739,1,1572,587,985,0,0,0,1.0,1,1.0,1,1.0,1,0.3568462827326854,39
740,1,1573,587,986,0,0,0,1.0,1,1.0,1,1.0,1,0.35880728116059424,39
741,1,1574,587,987,0,0,0,1.0,1,1.0,1,1.0,1,0.3213114582828331,38
742,1,1575,587,988,0,0,0,1.0,1,1.0,1,1.0,1,0.314223686472478,39
743,4,1579,590,989,0,0,0,1.0,1,1.0,1,1.0,1,0.25637355947351387,39
744,2,1581,591,990,0,0,0,1.0,1,1.0,1,1.0,1,0.25267952859403037,39
745,3,1584,593,991,0,0,0,1.0,1,1.0,1,1.0,1,0.26626883919234506,39
746,3,1587,595,992,0,0,0,1.0,1,1.0,1,1.0,1,0.2711489091841598,40
747,3,1590,596,994,0,0,0,1.0,1,1.0,1,1.0,1,0.23332597185249107,41
748,4,1594,597,997,0,0,0,1.0,1,1.0,1,1.0,1,0.16436365987071497,41
749,2,1596,599,997,0,0,0,1.0,1,1.0,1,1.0,1,0.16886559965794465,41
750,0,1596,599,997,0,0,0,1.0,1,1.0,1,1.0,1,0.22649654128126767,39
751,1,1597,600,997,0,0,0,1.0,1,1.0,1,1.0,1,0.2009940571751043,41
752,2,1599,602,997,0,0,0,1.0,1,1.0,1,1.0,1,0.2288392217832494,41
753,2,1601,602,999,0,0,0,1.0,1,1.0,1,1.0,1,0.2194367340324875,41
754,3,1604,605,999,0,0,0,1.0,1,1.0,1,1.0,1,0.26233520126656157,41
755,1,1605,605,1000,0,0,0,1.0,1,1.0,1,1.0,1,0.25222642983713484,41
756,0,1605,605,1000,0,0,0,1.0,1,1.0,1,1.0,1,0.25222642983713484,41
757,2,1607,607,1000,0,0,0,1.0,1,1.0,1,1.0,1,0.3110404924986032,39
758,3,1610,607,1003,0,0,0,1.0,1,1.0,1,1.0,1,0.2078507101709507,39
759,2,1612,607,1005,0,0,0,1.0,1,1.0,1,1.0,1,0.1764504664856204,39
760,0,1612,607,1005,0,0,0,1.0,1,1.0,1,1.0,1,0.19839843180866928,40
761,1,1613,607,1006,0,0,0,1.0,1,1.0,1,1.0,1,0.15751795285878087,41
762,1,1614,607,1007,0,0,0,1.0,1,1.0,1,1.0,1,0.16461159185185856,42
763,0,1614,607,1007,0,0,0,1.0,1,1.0,1,1.0,1,0.18068383352316164,43
764,0,1614,607,1007,0,0,0,1.0,1,1.0,1,1.0,1,0.18068383352316164,43
765,1,1615,607,1008,0,0,0,1.0,1,1.0,1,1.0,1,0.15027100422478995,45
766,2,1617,608,1009,0,0,0,1.0,1,1.0,1,1.0,1,0.14280253881683033,45
767,0,1617,608,1009,0,0,0,1.0,1,1.0,1,1.0,1,0.15753446058201204,46
768,0,1617,608,1009,0,0,0,1.0,1,1.0,1,1.0,1,0.1498696049656727,45
769,0,1617,608,1009,0,0,0,1.0,1,1.0,1,1.0,1,0.16139594414716948,46
770,0,1617,608,1009,0,0,0,1.0,1,1.0,1,1.0,1,0.15386727820681184,47
771,4,1621,612,1009,0,0,0,1.0,1,1.0,1,1.0,1,0.22220271941000458,47
772,2,1623,613,1010,0,0,0,1.0,1,1.0,1,1.0,1,0.2471596334901144,46
773,4,1627,615,1012,0,0,0,1.0,1,1.0,1,1.0,1,0.2454080823797575,45
774,0,1627,615,1012,0,0,0,1.0,1,1.0,1,1.0,1,0.26073494976616923,45
775,2,1629,617,1012,0,0,0,1.0,1,1.0,1,1.0,1,0.2673088388058106,45
776,0,1629,617,1012,0,0,0,1.0,1,1.0,1,1.0,1,0.24401572425061946,43
777,0,1629,617,1012,0,0,0,1.0,1,1.0,1,1.0,1,0.2570027428954842,44
778,3,1632,619,1013,0,0,0,1.0,1,1.0,1,1.0,1,0.29732925789329046,45
779,2,1634,619,1015,0,0,0,1.0,1,1.0,1,1.0,1,0.29732925789329046,45
780,4,1638,621,1017,0,0,0,1.0,1,1.0,1,1.0,1,0.3514145239421203,45
781,2,1640,621,1019,0,0,0,1.0,1,1.0,1,1.0,1,0.294670619749413,46
782,3,1643,621,1022,0,0,0,1.0,1,1.0,1,1.0,1,0.25962968411981185,47
783,2,1645,622,1023,0,0,0,1.0,1,1.0,1,1.0,1,0.20090283472258894,46
784,1,1646,622,1024,0,0,0,1.0,1,1.0,1,1.0,1,0.19922190362587727,45
785,0,1646,622,1024,0,0,0,1.0,1,1.0,1,1.0,1,0.18020109919070618,43
786,0,1646,622,1024,0,0,0,1.0,1,1.0,1,1.0,1,0.18020109919070618,43
787,4,1650,624,1026,0,0,0,1.0,1,1.0,1,1.0,1,0.1401802464686157,43
788,2,1652,625,1027,0,0,0,1.0,1,1.0,1,1.0,1,0.15778977444525646,44
789,0,1652,625,1027,0,0,0,1.0,1,1.0,1,1.0,1,0.14809056761460532,46
790,3,1655,627,1028,0,0,0,1.0,1,1.0,1,1.0,1,0.17608702924006658,46
791,3,1658,628,1030,0,0,0,1.0,1,1.0,1,1.0,1,0.17760609144122472,46
792,0,1658,628,1030,0,0,0,1.0,1,1.0,1,1.0,1,0.18483591516516096,47
793,2,1660,628,1032,0,0,0,1.0,1,1.0,1,1.0,1,0.20451633196634214,48
794,1,1661,629,1032,0,0,0,1.0,1,1.0,1,1.0,1,0.23179595217164115,48
795,0,1661,629,1032,0,0,0,1.0,1,1.0,1,1.0,1,0.22500760490270846,47
796,2,1663,631,1032,0,0,0,1.0,1,1.0,1,1.0,1,0.2615949043175819,45
797,4,1667,632,1035,0,0,0,1.0,1,1.0,1,1.0,1,0.2424459663295804,47
798,1,1668,632,1036,0,0,0,1.0,1,1.0,1,1.0,1,0.25126931216560827,48
799,3,1671,634,1037,0,0,0,1.0,1,1.0,1,1.0,1,0.2725195886582266,48
800,3,1674,636,1038,0,0,0,1.0,1,1.0,1,1.0,1,0.2693437827815495,48
801,2,1676,637,1039,0,0,0,1.0,1,1.0,1,1.0,1,0.2556931640831843,49
802,4,1680,639,1041,0,0,0,1.0,1,1.0,1,1.0,1,0.23037037352239745,50
803,0,1680,639,1041,0,0,0,1.0,1,1.0,1,1.0,1,0.23037037352239745,50
804,0,1680,639,1041,0,0,0,1.0,1,1.0,1,1.0,1,0.23037037352239745,50
805,1,1681,640,1041,0,0,0,1.0,1,1.0,1,1.0,1,0.25596818170518265,50
806,2,1683,640,1043,0,0,0,1.0,1,1.0,1,1.0,1,0.22621345283444041,51
807,1,1684,640,1044,0,0,0,1.0,1,1.0,1,1.0,1,0.22046382228615752,51
808,3,1687,640,1047,0,0,0,1.0,1,1.0,1,1.0,1,0.18652388651431318,53
809,0,1687,640,1047,0,0,0,1.0,1,1.0,1,1.0,1,0.17679490065452066,51
810,0,1687,640,1047,0,0,0,1.0,1,1.0,1,1.0,1,0.18953730071387026,52
811,2,1689,641,1048,0,0,0,1.0,1,1.0,1,1.0,1,0.20589610147296258,50
812,0,1689,641,1048,0,0,0,1.0,1,1.0,1,1.0,1,0.21005456730444996,51
813,2,1691,642,1049,0,0,0,1.0,1,1.0,1,1.0,1,0.22201280421999273,51
814,1,1692,643,1049,0,0,0,1.0,1,1.0,1,1.0,1,0.2349621794308592,52
815,2,1694,644,1050,0,0,0,1.0,1,1.0,1,1.0,1,0.258842182480383,50
816,0,1694,644,1050,0,0,0,1.0,1,1.0,1,1.0,1,0.258842182480383,50
817,0,1694,644,1050,0,0,0,1.0,1,1.0,1,1.0,1,0.27360982165246467,49
818,2,1696,646,1050,0,0,0,1.0,1,1.0,1,1.0,1,0.2935484619169434,49
819,1,1697,646,1051,0,0,0,1.0,1,1.0,1,1.0,1,0.29499428150578844,50
820,2,1699,647,1052,0,0,0,1.0,1,1.0,1,1.0,1,0.3202152914554441,49
821,4,1703,647,1056,0,0,0,1.0,1,1.0,1,1.0,1,0.2636983222553512,49
822,3,1706,648,1058,0,0,0,1.0,1,1.0,1,1.0,1,0.24548830937961597,49
823,3,1709,650,1059,0,0,0,1.0,1,1.0,1,1.0,1,0.27853026417486754,47
824,1,1710,651,1059,0,0,0,1.0,1,1.0,1,1.0,1,0.27254275632904423,45
825,0,1710,651,1059,0,0,0,1.0,1,1.0,1,1.0,1,0.2772204355214444,43
826,3,1713,654,1059,0,0,0,1.0,1,1.0,1,1.0,1,0.2585783376301265,44
827,3,1716,656,1060,0,0,0,1.0,1,1.0,1,1.0,1,0.22664666446844606,43
828,4,1720,658,1062,0,0,0,1.0,1,1.0,1,1.0,1,0.24834280257012847,43
829,5,1725,661,1064,0,0,0,1.0,1,1.0,1,1.0,1,0.24846365748235308,45
830,3,1728,662,1066,0,0,0,1.0,1,1.0,1,1.0,1,0.29526504348988025,46
831,2,1730,663,1067,0,0,0,1.0,1,1.0,1,1.0,1,0.2691474939302985,48
832,1,1731,663,1068,0,0,0,1.0,1,1.0,1,1.0,1,0.3134080583662816,47
833,3,1734,664,1070,0,0,0,1.0,1,1.0,1,1.0,1,0.32709565760200326,47
834,3,1737,665,1072,0,0,0,1.0,1,1.0,1,1.0,1,0.28436623977008946,46
835,1,1738,665,1073,0,0,0,1.0,1,1.0,1,1.0,1,0.3152767940652834,45
836,2,1740,666,1074,0,0,0,1.0,1,1.0,1,1.0,1,0.2901523885633554,46
837,3,1743,666,1077,0,0,0,1.0,1,1.0,1,1.0,1,0.2603278299962457,46
838,1,1744,666,1078,0,0,0,1.0,1,1.0,1,1.0,1,0.24546204538786592,45
839,1,1745,666,1079,0,0,0,1.0,1,1.0,1,1.0,1,0.23424567696902598,46
840,1,1746,666,1080,0,0,0,1.0,1,1.0,1,1.0,1,0.23350841712150253,46
841,4,1750,666,1084,0,0,0,1.0,1,1.0,1,1.0,1,0.1980512474895008,46
842,1,1751,667,1084,0,0,0,1.0,1,1.0,1,1.0,1,0.22098457804004565,46
843,1,1752,667,1085,0,0,0,1.0,1,1.0,1,1.0,1,0.19766379204892198,46
844,2,1754,669,1085,0,0,0,1.0,1,1.0,1,1.0,1,0.2127935054098302,47
845,3,1757,670,1087,0,0,0,1.0,1,1.0,1,1.0,1,0.25628978430722416,48
846,1,1758,670,1088,0,0,0,1.0,1,1.0,1,1.0,1,0.23986039388215255,47
847,3,1761,670,1091,0,0,0,1.0,1,1.0,1,1.0,1,0.2611004815686784,48
848,3,1764,670,1094,0,0,0,1.0,1,1.0,1,1.0,1,0.2251964396959495,48
849,2,1766,671,1095,0,0,0,1.0,1,1.0,1,1.0,1,0.2564095549205811,48
850,1,1767,671,1096,0,0,0,1.0,1,1.0,1,1.0,1,0.2646990234273169,46
851,1,1768,671,1097,0,0,0,1.0,1,1.0,1,1.0,1,0.2691061373820455,45
852,1,1769,672,1097,0,0,0,1.0,1,1.0,1,1.0,1,0.28574821473943746,44
853,1,1770,672,1098,0,0,0,1.0,1,1.0,1,1.0,1,0.25112564544123833,44
854,2,1772,674,1098,0,0,0,1.0,1,1.0,1,1.0,1,0.27627183786626425,45
855,0,1772,674,1098,0,0,0,1.0,1,1.0,1,1.0,1,0.2690051063949144,46
856,3,1775,675,1100,0,0,0,1.0,1,1.0,1,1.0,1,0.26355812763814196,46
857,3,1778,676,1102,0,0,0,1.0,1,1.0,1,1.0,1,0.2496629993835331,47
858,3,1781,677,1104,0,0,0,1.0,1,1.0,1,1.0,1,0.2706679656152591,48
859,2,1783,677,1106,0,0,0,1.0,1,1.0,1,1.0,1,0.2648468424033365,48
860,4,1787,677,1110,0,0,0,1.0,1,1.0,1,1.0,1,0.24061305085578144,49
861,4,1791,678,1113,0,0,0,1.0,1,1.0,1,1.0,1,0.21811698184717662,49
862,0,1791,678,1113,0,0,0,1.0,1,1.0,1,1.0,1,0.21811698184717662,49
863,2,1793,680,1113,0,0,0,1.0,1,1.0,1,1.0,1,0.27579175935752054,48
864,3,1796,680,1116,0,0,0,1.0,1,1.0,1,1.0,1,0.23156327276001712,49
865,0,1796,680,1116,0,0,0,1.0,1,1.0,1,1.0,1,0.2258864233403602,48
866,3,1799,681,1118,0,0,0,1.0,1,1.0,1,1.0,1,0.18260530970636588,50
867,1,1800,682,1118,0,0,0,1.0,1,1.0,1,1.0,1,0.18233055457952918,50
868,2,1802,684,1118,0,0,0,1.0,1,1.0,1,1.0,1,0.2356147998065006,51
869,0,1802,684,1118,0,0,0,1.0,1,1.0,1,1.0,1,0.2151697409138141,49
870,0,1802,684,1118,0,0,0,1.0,1,1.0,1,1.0,1,0.2151697409138141,49
871,0,1802,684,1118,0,0,0,1.0,1,1.0,1,1.0,1,0.20033452798769233,49
872,2,1804,685,1119,0,0,0,1.0,1,1.0,1,1.0,1,0.1773147793778509,48
873,1,1805,686,1119,0,0,0,1.0,1,1.0,1,1.0,1,0.21506622819921134,49
874,2,1807,686,1121,0,0,0,1.0,1,1.0,1,1.0,1,0.17820649225540452,49
875,3,1810,688,1122,0,0,0,1.0,1,1.0,1,1.0,1,0.24364162633643868,50
876,1,1811,688,1123,0,0,0,1.0,1,1.0,1,1.0,1,0.21611702508412386,50
877,3,1814,690,1124,0,0,0,1.0,1,1.0,1,1.0,1,0.2126726997383624,50
878,0,1814,690,1124,0,0,0,1.0,1,1.0,1,1.0,1,0.22829195788516252,49
879,2,1816,692,1124,0,0,0,1.0,1,1.0,1,1.0,1,0.26455845430345176,49
880,1,1817,693,1124,0,0,0,1.0,1,1.0,1,1.0,1,0.30779692953255355,48
881,12,1829,696,1133,0,0,0,1.0,1,1.0,1,1.0,1,0.1722969862337662,49
882,3,1832,696,1136,0,0,0,1.0,1,1.0,1,1.0,1,0.14488998347036103,48
883,6,1838,697,1141,0,0,0,1.0,1,1.0,1,1.0,1,0.13008911014801472,50
884,2,1840,697,1143,0,0,0,1.0,1,1.0,1,1.0,1,0.16494577309694583,50
885,5,1845,698,1147,0,0,0,1.0,1,1.0,1,1.0,1,0.1530441857014629,49
886,5,1850,699,1151,0,0,0,1.0,1,1.0,1,1.0,1,0.1949249367790703,49
887,4,1854,699,1155,0,0,0,1.0,1,1.0,1,1.0,1,0.19409048049640878,49
888,4,1858,699,1159,0,0,0,1.0,1,1.0,1,1.0,1,0.1867660146436254,47
889,2,1860,699,1161,0,0,0,1.0,1,1.0,1,1.0,1,0.16773382292147887,46
890,4,1864,699,1165,0,0,0,1.0,1,1.0,1,1.0,1,0.1578215455609113,44
891,5,1869,700,1169,0,0,0,1.0,1,1.0,1,1.0,1,0.19816003464658996,45
892,6,1875,701,1174,0,0,0,1.0,1,1.0,1,1.0,1,0.2299856362149446,45
893,3,1878,702,1176,0,0,0,1.0,1,1.0,1,1.0,1,0.29072671224004004,45
894,2,1880,702,1178,0,0,0,1.0,1,1.0,1,1.0,1,0.2612971513081027,44
895,6,1886,704,1182,0,0,0,1.0,1,1.0,1,1.0,1,0.2794291931049837,45
896,10,1896,706,1190,0,0,0,1.0,1,1.0,1,1.0,1,0.21333806539055014,44
897,6,1902,706,1196,0,0,0,1.0,1,1.0,1,1.0,1,0.21333806539055014,44
898,2,1904,706,1198,0,0,0,1.0,1,1.0,1,1.0,1,0.19622478926404172,45
899,5,1909,706,1203,0,0,0,1.0,1,1.0,1,1.0,1,0.22396968104084092,44
900,5,1914,706,1208,0,0,0,1.0,1,1.0,1,1.0,1,0.23210753303041468,46
901,3,1917,706,1211,0,0,0,1.0,1,1.0,1,1.0,1,0.20139542885212927,45
902,2,1919,708,1211,0,0,0,1.0,1,1.0,1,1.0,1,0.214796816536112,45
903,0,1919,708,1211,0,0,0,1.0,1,1.0,1,1.0,1,0.25666060869099744,44
904,0,1919,708,1211,0,0,0,1.0,1,1.0,1,1.0,1,0.23971549143626025,45
905,4,1923,709,1214,0,0,0,1.0,1,1.0,1,1.0,1,0.23592917115366469,45
906,2,1925,711,1214,0,0,0,1.0,1,1.0,1,1.0,1,0.23607134705842542,45
907,4,1929,714,1215,0,0,0,1.0,1,1.0,1,1.0,1,0.235474423520578,46
908,3,1932,716,1216,0,0,0,1.0,1,1.0,1,1.0,1,0.16523276369240814,46
909,2,1934,718,1216,0,0,0,1.0,1,1.0,1,1.0,1,0.17710405530331122,46
910,0,1934,718,1216,0,0,0,1.0,1,1.0,1,1.0,1,0.1998243429926891,44
911,3,1937,718,1219,0,0,0,1.0,1,1.0,1,1.0,1,0.1713727264221205,45
912,1,1938,718,1220,0,0,0,1.0,1,1.0,1,1.0,1,0.20586588422892635,44
913,2,1940,720,1220,0,0,0,1.0,1,1.0,1,1.0,1,0.15975047422032687,45
914,2,1942,722,1220,0,0,0,1.0,1,1.0,1,1.0,1,0.21762033577767276,45
915,0,1942,722,1220,0,0,0,1.0,1,1.0,1,1.0,1,0.21762033577767276,45
916,0,1942,722,1220,0,0,0,1.0,1,1.0,1,1.0,1,0.21762033577767276,45
917,1,1943,722,1221,0,0,0,1.0,1,1.0,1,1.0,1,0.22330784538116583,46
918,2,1945,724,1221,0,0,0,1.0,1,1.0,1,1.0,1,0.20894799083154192,47
919,1,1946,725,1221,0,0,0,1.0,1,1.0,1,1.0,1,0.22953528740246038,47
920,0,1946,725,1221,0,0,0,1.0,1,1.0,1,1.0,1,0.22953528740246038,47
921,6,1952,728,1224,0,0,0,1.0,1,1.0,1,1.0,1,0.17934439279104614,49
922,2,1954,729,1225,0,0,0,1.0,1,1.0,1,1.0,1,0.1506281926862188,49
923,2,1956,730,1226,0,0,0,1.0,1,1.0,1,1.0,1,0.1663433706965316,47
924,0,1956,730,1226,0,0,0,1.0,1,1.0,1,1.0,1,0.1663433706965316,47
925,1,1957,730,1227,0,0,0,1.0,1,1.0,1,1.0,1,0.1683132032966574,47
926,2,1959,732,1227,0,0,0,1.0,1,1.0,1,1.0,1,0.19837222252483275,46
927,1,1960,732,1228,0,0,0,1.0,1,1.0,1,1.0,1,0.19379670541274985,45
928,0,1960,732,1228,0,0,0,1.0,1,1.0,1,1.0,1,0.21149705306994968,43
929,0,1960,732,1228,0,0,0,1.0,1,1.0,1,1.0,1,0.23256834445821195,42
930,0,1960,732,1228,0,0,0,1.0,1,1.0,1,1.0,1,0.2698645046965738,41
931,1,1961,733,1228,0,0,0,1.0,1,1.0,1,1.0,1,0.27256277499517556,40
932,1,1962,734,1228,0,0,0,1.0,1,1.0,1,1.0,1,0.2361250750159774,40
933,3,1965,737,1228,0,0,0,1.0,1,1.0,1,1.0,1,0.2788370928168217,39
934,1,1966,738,1228,0,0,0,1.0,1,1.0,1,1.0,1,0.2885490156218236,39
935,4,1970,741,1229,0,0,0,1.0,1,1.0,1,1.0,1,0.29460508794825496,41
936,1,1971,741,1230,0,0,0,1.0,1,1.0,1,1.0,1,0.2439586686941774,42
937,1,1972,742,1230,0,0,0,1.0,1,1.0,1,1.0,1,0.2842544406109503,43
938,1,1973,743,1230,0,0,0,1.0,1,1.0,1,1.0,1,0.28311204703678766,44
939,1,1974,743,1231,0,0,0,1.0,1,1.0,1,1.0,1,0.2861791392924285,46
940,0,1974,743,1231,0,0,0,1.0,1,1.0,1,1.0,1,0.29506129510762247,46
941,4,1978,744,1234,0,0,0,1.0,1,1.0,1,1.0,1,0.26062812717482325,46
942,2,1980,746,1234,0,0,0,1.0,1,1.0,1,1.0,1,0.2995017806034377,46
943,0,1980,746,1234,0,0,0,1.0,1,1.0,1,1.0,1,0.29781809252533264,45
944,1,1981,747,1234,0,0,0,1.0,1,1.0,1,1.0,1,0.2951537036740276,45
945,3,1984,747,1237,0,0,0,1.0,1,1.0,1,1.0,1,0.23082539682582667,44
946,1,1985,748,1237,0,0,0,1.0,1,1.0,1,1.0,1,0.2272878916687367,46
947,0,1985,748,1237,0,0,0,1.0,1,1.0,1,1.0,1,0.2302810110417812,44
948,1,1986,749,1237,0,0,0,1.0,1,1.0,1,1.0,1,0.24466607613874305,44
949,2,1988,751,1237,0,0,0,1.0,1,1.0,1,1.0,1,0.31832776897576043,44
950,1,1989,751,1238,0,0,0,1.0,1,1.0,1,1.0,1,0.32309504884163853,43
951,0,1989,751,1238,0,0,0,1.0,1,1.0,1,1.0,1,0.3403880664683315,42
952,2,1991,753,1238,0,0,0,1.0,1,1.0,1,1.0,1,0.3416136708736707,42
953,0,1991,753,1238,0,0,0,1.0,1,1.0,1,1.0,1,0.3385251113919894,41
954,2,1993,754,1239,0,0,0,1.0,1,1.0,1,1.0,1,0.32690742881507057,40
955,3,1996,754,1242,0,0,0,1.0,1,1.0,1,1.0,1,0.2872918264949564,42
956,1,1997,755,1242,0,0,0,1.0,1,1.0,1,1.0,1,0.29660754120421823,43
957,0,1997,755,1242,0,0,0,1.0,1,1.0,1,1.0,1,0.29811212308886537,42
958,0,1997,755,1242,0,0,0,1.0,1,1.0,1,1.0,1,0.33567434975008065,43
959,2,1999,756,1243,0,0,0,1.0,1,1.0,1,1.0,1,0.3576123738774843,45
960,1,2000,757,1243,0,0,0,1.0,1,1.0,1,1.0,1,0.3834101688942337,47
961,3,2003,757,1246,0,0,0,1.0,1,1.0,1,1.0,1,0.3110058181459758,45
962,2,2005,759,1246,0,0,0,1.0,1,1.0,1,1.0,1,0.3465530112700989,45
963,1,2006,760,1246,0,0,0,1.0,1,1.0,1,1.0,1,0.37884310533670723,44
964,0,2006,760,1246,0,0,0,1.0,1,1.0,1,1.0,1,0.3664124909232911,44
965,4,2010,760,1250,0,0,0,1.0,1,1.0,1,1.0,1,0.2961182457386541,45
966,2,2012,760,1252,0,0,0,1.0,1,1.0,1,1.0,1,0.2904773604458614,43
967,0,2012,760,1252,0,0,0,1.0,1,1.0,1,1.0,1,0.2904773604458614,43
968,1,2013,760,1253,0,0,0,1.0,1,1.0,1,1.0,1,0.29451003306979123,43
969,0,2013,760,1253,0,0,0,1.0,1,1.0,1,1.0,1,0.3132670263489032,42
970,2,2015,761,1254,0,0,0,1.0,1,1.0,1,1.0,1,0.34220398323170703,42
971,0,2015,761,1254,0,0,0,1.0,1,1.0,1,1.0,1,0.34220398323170703,42
972,2,2017,762,1255,0,0,0,1.0,1,1.0,1,1.0,1,0.33145307139474445,42
973,3,2020,762,1258,0,0,0,1.0,1,1.0,1,1.0,1,0.3122713265234155,43
974,3,2023,764,1259,0,0,0,1.0,1,1.0,1,1.0,1,0.32293300005766634,43
975,2,2025,764,1261,0,0,0,1.0,1,1.0,1,1.0,1,0.2866564473458938,43
976,2,2027,764,1263,0,0,0,1.0,1,1.0,1,1.0,1,0.3005954895018697,45
977,1,2028,764,1264,0,0,0,1.0,1,1.0,1,1.0,1,0.3331834632565302,44
978,0,2028,764,1264,0,0,0,1.0,1,1.0,1,1.0,1,0.3331834632565302,44
979,0,2028,764,1264,0,0,0,1.0,1,1.0,1,1.0,1,0.3313832975060422,45
980,2,2030,765,1265,0,0,0,1.0,1,1.0,1,1.0,1,0.34619451422256714,45
981,5,2035,766,1269,0,0,0,1.0,1,1.0,1,1.0,1,0.2814688148067961,45
982,2,2037,767,1270,0,0,0,1.0,1,1.0,1,1.0,1,0.29784059926511586,46
983,3,2040,769,1271,0,0,0,1.0,1,1.0,1,1.0,1,0.3021522408703172,45
984,1,2041,770,1271,0,0,0,1.0,1,1.0,1,1.0,1,0.28874459529815033,45
985,7,2048,774,1274,0,0,0,1.0,1,1.0,1,1.0,1,0.30797591059647234,45
986,3,2051,777,1274,0,0,0,1.0,1,1.0,1,1.0,1,0.36024126468220347,44
987,3,2054,777,1277,0,0,0,1.0,1,1.0,1,1.0,1,0.33464840639775445,45
988,3,2057,779,1278,0,0,0,1.0,1,1.0,1,1.0,1,0.36679160050564863,44
989,0,2057,779,1278,0,0,0,1.0,1,1.0,1,1.0,1,0.3489998014433469,43
990,1,2058,780,1278,0,0,0,1.0,1,1.0,1,1.0,1,0.3644881122398835,42
991,0,2058,780,1278,0,0,0,1.0,1,1.0,1,1.0,1,0.344589681382196,42
992,0,2058,780,1278,0,0,0,1.0,1,1.0,1,1.0,1,0.33683921886813756,43
993,0,2058,780,1278,0,0,0,1.0,1,1.0,1,1.0,1,0.33683921886813756,43
994,1,2059,781,1278,0,0,0,1.0,1,1.0,1,1.0,1,0.3712850498602938,43
995,0,2059,781,1278,0,0,0,1.0,1,1.0,1,1.0,1,0.36435040241179945,43
996,1,2060,781,1279,0,0,0,1.0,1,1.0,1,1.0,1,0.3586567235550583,44
997,0,2060,781,1279,0,0,0,1.0,1,1.0,1,1.0,1,0.3586567235550583,44
998,0,2060,781,1279,0,0,0,1.0,1,1.0,1,1.0,1,0.3712947772923154,45
999,1,2061,781,1280,0,0,0,1.0,1,1.0,1,1.0,1,0.35667286230722917,42
1000,0,2061,781,1280,0,0,0,1.0,1,1.0,1,1.0,1,0.36421775000703355,43
1001,2,2063,781,1282,0,0,0,1.0,1,1.0,1,1.0,1,0.3598745660163329,42
1002,0,2063,781,1282,0,0,0,1.0,1,1.0,1,1.0,1,0.3520354566387727,43
1003,0,2063,781,1282,0,0,0,1.0,1,1.0,1,1.0,1,0.3520354566387727,43
1004,0,2063,781,1282,0,0,0,1.0,1,1.0,1,1.0,1,0.3520354566387727,43
1005,0,2063,781,1282,0,0,0,1.0,1,1.0,1,1.0,1,0.3643711691546034,44
1006,6,2069,781,1288,0,0,0,1.0,1,1.0,1,1.0,1,0.2763963193952813,46
1007,1,2070,781,1289,0,0,0,1.0,1,1.0,1,1.0,1,0.26606183594749494,46
1008,1,2071,781,1290,0,0,0,1.0,1,1.0,1,1.0,1,0.260798417214779,47
1009,2,2073,781,1292,0,0,0,1.0,1,1.0,1,1.0,1,0.2219635722658595,48
1010,0,2073,781,1292,0,0,0,1.0,1,1.0,1,1.0,1,0.2219635722658595,48
1011,2,2075,781,1294,0,0,0,1.0,1,1.0,1,1.0,1,0.19311565795347432,48
1012,4,2079,783,1296,0,0,0,1.0,1,1.0,1,1.0,1,0.22253503690521179,49
1013,2,2081,783,1298,0,0,0,1.0,1,1.0,1,1.0,1,0.21102739024198314,50
1014,5,2086,784,1302,0,0,0,1.0,1,1.0,1,1.0,1,0.224591608985703,50
1015,3,2089,784,1305,0,0,0,1.0,1,1.0,1,1.0,1,0.25087107418180116,51
1016,7,2096,785,1311,0,0,0,1.0,1,1.0,1,1.0,1,0.20758389778987815,51
1017,5,2101,785,1316,0,0,0,1.0,1,1.0,1,1.0,1,0.18850599890705988,52
1018,4,2105,786,1319,0,0,0,1.0,1,1.0,1,1.0,1,0.15914662061087634,52
1019,0,2105,786,1319,0,0,0,1.0,1,1.0,1,1.0,1,0.1874025351350032,52
1020,1,2106,786,1320,0,0,0,1.0,1,1.0,1,1.0,1,0.17521531645968835,53
1021,1,2107,786,1321,0,0,0,1.0,1,1.0,1,1.0,1,0.16191463351338034,53
1022,1,2108,786,1322,0,0,0,1.0,1,1.0,1,1.0,1,0.14604709084569342,54
1023,2,2110,787,1323,0,0,0,1.0,1,1.0,1,1.0,1,0.1681886632212459,55
1024,2,2112,788,1324,0,0,0,1.0,1,1.0,1,1.0,1,0.18556795263800524,55
1025,1,2113,788,1325,0,0,0,1.0,1,1.0,1,1.0,1,0.18857653931201432,56
1026,3,2116,788,1328,0,0,0,1.0,1,1.0,1,1.0,1,0.19887698626775183,57
1027,2,2118,788,1330,0,0,0,1.0,1,1.0,1,1.0,1,0.1824024682305489,58
1028,1,2119,789,1330,0,0,0,1.0,1,1.0,1,1.0,1,0.19318484211421538,58
1029,5,2124,791,1333,0,0,0,1.0,1,1.0,1,1.0,1,0.19855087504071234,59
1030,1,2125,791,1334,0,0,0,1.0,1,1.0,1,1.0,1,0.2098753380799128,60
1031,3,2128,792,1336,0,0,0,1.0,1,1.0,1,1.0,1,0.20487412902833002,60
1032,3,2131,792,1339,0,0,0,1.0,1,1.0,1,1.0,1,0.2041283860662065,61
1033,4,2135,792,1343,0,0,0,1.0,1,1.0,1,1.0,1,0.15255656700719192,60
1034,3,2138,795,1343,0,0,0,1.0,1,1.0,1,1.0,1,0.1730851930533913,60
1035,1,2139,796,1343,0,0,0,1.0,1,1.0,1,1.0,1,0.1790964821444481,59
1036,4,2143,799,1344,0,0,0,1.0,1,1.0,1,1.0,1,0.19715263912548364,60
1037,3,2146,802,1344,0,0,0,1.0,1,1.0,1,1.0,1,0.21290030347444927,59
1038,2,2148,803,1345,0,0,0,1.0,1,1.0,1,1.0,1,0.22526039198395117,60
1039,7,2155,805,1350,0,0,0,1.0,1,1.0,1,1.0,1,0.2285483800278972,60
1040,7,2162,806,1356,0,0,0,1.0,1,1.0,1,1.0,1,0.2521629386912755,58
1041,4,2166,807,1359,0,0,0,1.0,1,1.0,1,1.0,1,0.1923973946394969,56
1042,0,2166,807,1359,0,0,0,1.0,1,1.0,1,1.0,1,0.18869929623672285,55
1043,1,2167,807,1360,0,0,0,1.0,1,1.0,1,1.0,1,0.17081112638115767,55
1044,1,2168,808,1360,0,0,0,1.0,1,1.0,1,1.0,1,0.16207138132687704,52
1045,0,2168,808,1360,0,0,0,1.0,1,1.0,1,1.0,1,0.16942441769957484,52
1046,3,2171,809,1362,0,0,0,1.0,1,1.0,1,1.0,1,0.16225734950901663,53
1047,0,2171,809,1362,0,0,0,1.0,1,1.0,1,1.0,1,0.1697086489947014,54
1048,3,2174,811,1363,0,0,0,1.0,1,1.0,1,1.0,1,0.20091700163372558,56
1049,6,2180,813,1367,0,0,0,1.0,1,1.0,1,1.0,1,0.16485696045610046,55
1050,1,2181,813,1368,0,0,0,1.0,1,1.0,1,1.0,1,0.18198197881346595,56
1051,1,2182,813,1369,0,0,0,1.0,1,1.0,1,1.0,1,0.14930688014699764,55
1052,0,2182,813,1369,0,0,0,1.0,1,1.0,1,1.0,1,0.16455860255066157,56
1053,1,2183,814,1369,0,0,0,1.0,1,1.0,1,1.0,1,0.17494218848355217,56
1054,2,2185,814,1371,0,0,0,1.0,1,1.0,1,1.0,1,0.15421113970827263,57
1055,2,2187,814,1373,0,0,0,1.0,1,1.0,1,1.0,1,0.16749801700794373,58
1056,2,2189,814,1375,0,0,0,1.0,1,1.0,1,1.0,1,0.18333679763636845,59
1057,4,2193,815,1378,0,0,0,1.0,1,1.0,1,1.0,1,0.18909757358817142,60
1058,4,2197,816,1381,0,0,0,1.0,1,1.0,1,1.0,1,0.16362051553484436,60
1059,2,2199,816,1383,0,0,0,1.0,1,1.0,1,1.0,1,0.1628653011379115,60
1060,3,2202,817,1385,0,0,0,1.0,1,1.0,1,1.0,1,0.17365311380564505,60
1061,3,2205,818,1387,0,0,0,1.0,1,1.0,1,1.0,1,0.13195383860857623,59
1062,1,2206,818,1388,0,0,0,1.0,1,1.0,1,1.0,1,0.14527316666695755,59
1063,1,2207,819,1388,0,0,0,1.0,1,1.0,1,1.0,1,0.13610601197343025,58
1064,5,2212,822,1390,0,0,0,1.0,1,1.0,1,1.0,1,0.19482143644498484,58
1065,1,2213,823,1390,0,0,0,1.0,1,1.0,1,1.0,1,0.18492126695986438,60
1066,2,2215,825,1390,0,0,0,1.0,1,1.0,1,1.0,1,0.19331954034065885,58
1067,2,2217,826,1391,0,0,0,1.0,1,1.0,1,1.0,1,0.22464111601858405,59
1068,3,2220,828,1392,0,0,0,1.0,1,1.0,1,1.0,1,0.23046464251994045,59
1069,2,2222,829,1393,0,0,0,1.0,1,1.0,1,1.0,1,0.2507284167816816,58
1070,3,2225,831,1394,0,0,0,1.0,1,1.0,1,1.0,1,0.23078224037940953,58
1071,0,2225,831,1394,0,0,0,1.0,1,1.0,1,1.0,1,0.241842734599942,57
1072,0,2225,831,1394,0,0,0,1.0,1,1.0,1,1.0,1,0.23625661328788763,56
1073,0,2225,831,1394,0,0,0,1.0,1,1.0,1,1.0,1,0.26404431890368896,54
1074,1,2226,832,1394,0,0,0,1.0,1,1.0,1,1.0,1,0.26618785556418545,54
1075,2,2228,834,1394,0,0,0,1.0,1,1.0,1,1.0,1,0.27286583926806635,51
1076,0,2228,834,1394,0,0,0,1.0,1,1.0,1,1.0,1,0.285197533310685,51
1077,0,2228,834,1394,0,0,0,1.0,1,1.0,1,1.0,1,0.2794915089735028,51
1078,4,2232,836,1396,0,0,0,1.0,1,1.0,1,1.0,1,0.2862249413284568,52
1079,3,2235,839,1396,0,0,0,1.0,1,1.0,1,1.0,1,0.29734816549768395,51
1080,2,2237,841,1396,0,0,0,1.0,1,1.0,1,1.0,1,0.29797040484711595,51
1081,6,2243,842,1401,0,0,0,1.0,1,1.0,1,1.0,1,0.2588832435735807,48
1082,2,2245,843,1402,0,0,0,1.0,1,1.0,1,1.0,1,0.29892577930860437,47
1083,3,2248,844,1404,0,0,0,1.0,1,1.0,1,1.0,1,0.31130390629464955,46
1084,0,2248,844,1404,0,0,0,1.0,1,1.0,1,1.0,1,0.30114163760074647,45
1085,1,2249,845,1404,0,0,0,1.0,1,1.0,1,1.0,1,0.3215307646476938,46
1086,0,2249,845,1404,0,0,0,1.0,1,1.0,1,1.0,1,0.31203572416096015,45
1087,0,2249,845,1404,0,0,0,1.0,1,1.0,1,1.0,1,0.3368565299391672,44
1088,2,2251,847,1404,0,0,0,1.0,1,1.0,1,1.0,1,0.3001159682517755,45
1089,3,2254,849,1405,0,0,0,1.0,1,1.0,1,1.0,1,0.2886492396329449,46
1090,2,2256,849,1407,0,0,0,1.0,1,1.0,1,1.0,1,0.2714565814551387,47
1091,1,2257,850,1407,0,0,0,1.0,1,1.0,1,1.0,1,0.2808469782912735,47
1092,0,2257,850,1407,0,0,0,1.0,1,1.0,1,1.0,1,0.2694564291394525,48
1093,1,2258,851,1407,0,0,0,1.0,1,1.0,1,1.0,1,0.2931645482033028,48
1094,2,2260,853,1407,0,0,0,1.0,1,1.0,1,1.0,1,0.31759542614547526,48
1095,5,2265,853,1412,0,0,0,1.0,1,1.0,1,1.0,1,0.2440499546048799,49
1096,1,2266,854,1412,0,0,0,1.0,1,1.0,1,1.0,1,0.25962196779937696,49
1097,3,2269,855,1414,0,0,0,1.0,1,1.0,1,1.0,1,0.2719792542223963,50
1098,2,2271,855,1416,0,0,0,1.0,1,1.0,1,1.0,1,0.28521512219237694,51
1099,7,2278,855,1423,0,0,0,1.0,1,1.0,1,1.0,1,0.20677787722682708,54
1100,4,2282,856,1426,0,0,0,1.0,1,1.0,1,1.0,1,0.20768558157832254,54
1101,3,2285,857,1428,0,0,0,1.0,1,1.0,1,1.0,1,0.18191957798350192,54
1102,0,2285,857,1428,0,0,0,1.0,1,1.0,1,1.0,1,0.19927673771571544,54
1103,1,2286,858,1428,0,0,0,1.0,1,1.0,1,1.0,1,0.22355742928438385,53
1104,1,2287,859,1428,0,0,0,1.0,1,1.0,1,1.0,1,0.19776776608993663,53
1105,4,2291,861,1430,0,0,0,1.0,1,1.0,1,1.0,1,0.19881885476468356,52
1106,0,2291,861,1430,0,0,0,1.0,1,1.0,1,1.0,1,0.2113322585192675,52
1107,3,2294,863,1431,0,0,0,1.0,1,1.0,1,1.0,1,0.25691870504894276,52
1108,3,2297,866,1431,0,0,0,1.0,1,1.0,1,1.0,1,0.29662838938297753,51
1109,3,2300,869,1431,0,0,0,1.0,1,1.0,1,1.0,1,0.3123824136140971,49
1110,0,2300,869,1431,0,0,0,1.0,1,1.0,1,1.0,1,0.31510739943580623,48
1111,8,2308,873,1435,0,0,0,1.0,1,1.0,1,1.0,1,0.32481798340075,47
1112,1,2309,874,1435,0,0,0,1.0,1,1.0,1,1.0,1,0.35339929948829224,46
1113,1,2310,875,1435,0,0,0,1.0,1,1.0,1,1.0,1,0.35137209272935316,43
1114,1,2311,875,1436,0,0,0,1.0,1,1.0,1,1.0,1,0.34483167093879075,41
1115,2,2313,877,1436,0,0,0,1.0,1,1.0,1,1.0,1,0.3275501775192916,40
1116,0,2313,877,1436,0,0,0,1.0,1,1.0,1,1.0,1,0.31195799111672645,39
1117,3,2316,880,1436,0,0,0,1.0,1,1.0,1,1.0,1,0.3515648646128817,40
1118,1,2317,881,1436,0,0,0,1.0,1,1.0,1,1.0,1,0.315221597197122,40
1119,0,2317,881,1436,0,0,0,1.0,1,1.0,1,1.0,1,0.315221597197122,40
1120,0,2317,881,1436,0,0,0,1.0,1,1.0,1,1.0,1,0.315221597197122,40
1121,8,2325,883,1442,0,0,0,1.0,1,1.0,1,1.0,1,0.22379170246933736,40
1122,2,2327,883,1444,0,0,0,1.0,1,1.0,1,1.0,1,0.23290294184858848,41
1123,2,2329,884,1445,0,0,0,1.0,1,1.0,1,1.0,1,0.23366199856595116,41
1124,3,2332,885,1447,0,0,0,1.0,1,1.0,1,1.0,1,0.23310558940627232,41
1125,3,2335,886,1449,0,0,0,1.0,1,1.0,1,1.0,1,0.29782080469320515,41
1126,1,2336,886,1450,0,0,0,1.0,1,1.0,1,1.0,1,0.2837020559951816,41
1127,3,2339,886,1453,0,0,0,1.0,1,1.0,1,1.0,1,0.25189344994067336,41
1128,2,2341,886,1455,0,0,0,1.0,1,1.0,1,1.0,1,0.2391516709457046,42
1129,4,2345,887,1458,0,0,0,1.0,1,1.0,1,1.0,1,0.2537956039126811,42
1130,3,2348,887,1461,0,0,0,1.0,1,1.0,1,1.0,1,0.21527361042621093,42
1131,2,2350,887,1463,0,0,0,1.0,1,1.0,1,1.0,1,0.21527361042621093,42
1132,2,2352,887,1465,0,0,0,1.0,1,1.0,1,1.0,1,0.18101166818341471,43
1133,4,2356,887,1469,0,0,0,1.0,1,1.0,1,1.0,1,0.17719761567864725,45
1134,2,2358,887,1471,0,0,0,1.0,1,1.0,1,1.0,1,0.18729029326880028,46
1135,2,2360,887,1473,0,0,0,1.0,1,1.0,1,1.0,1,0.18153431560262323,45
1136,3,2363,887,1476,0,0,0,1.0,1,1.0,1,1.0,1,0.21043376021591434,48
1137,5,2368,887,1481,0,0,0,1.0,1,1.0,1,1.0,1,0.20177820703649751,49
1138,6,2374,887,1487,0,0,0,1.0,1,1.0,1,1.0,1,0.20620497486223324,49
1139,3,2377,887,1490,0,0,0,1.0,1,1.0,1,1.0,1,0.21560838063184956,49
1140,5,2382,888,1494,0,0,0,1.0,1,1.0,1,1.0,1,0.23480912968194875,49
1141,7,2389,889,1500,0,0,0,1.0,1,1.0,1,1.0,1,0.20818990283671662,48
1142,4,2393,892,1501,0,0,0,1.0,1,1.0,1,1.0,1,0.14898867938888083,48
1143,2,2395,894,1501,0,0,0,1.0,1,1.0,1,1.0,1,0.19727658418456578,48
1144,5,2400,898,1502,0,0,0,1.0,1,1.0,1,1.0,1,0.17777053582499075,48
1145,1,2401,899,1502,0,0,0,1.0,1,1.0,1,1.0,1,0.21621688081304488,48
1146,4,2405,902,1503,0,0,0,1.0,1,1.0,1,1.0,1,0.2630593047312618,48
1147,2,2407,903,1504,0,0,0,1.0,1,1.0,1,1.0,1,0.2922459847035719,46
1148,1,2408,904,1504,0,0,0,1.0,1,1.0,1,1.0,1,0.2995109416353057,46
1149,2,2410,904,1506,0,0,0,1.0,1,1.0,1,1.0,1,0.34155412673220803,45
1150,3,2413,906,1507,0,0,0,1.0,1,1.0,1,1.0,1,0.3322757000698727,46
1151,3,2416,908,1508,0,0,0,1.0,1,1.0,1,1.0,1,0.3763698433965971,44
1152,2,2418,908,1510,0,0,0,1.0,1,1.0,1,1.0,1,0.35033119259601675,44
1153,6,2424,911,1513,0,0,0,1.0,1,1.0,1,1.0,1,0.37840980921427775,43
1154,6,2430,912,1518,0,0,0,1.0,1,1.0,1,1.0,1,0.3018107169993956,43
1155,2,2432,914,1518,0,0,0,1.0,1,1.0,1,1.0,1,0.3133561024331108,43
1156,2,2434,914,1520,0,0,0,1.0,1,1.0,1,1.0,1,0.30185128265453165,42
1157,1,2435,914,1521,0,0,0,1.0,1,1.0,1,1.0,1,0.30420006179671283,42
1158,0,2435,914,1521,0,0,0,1.0,1,1.0,1,1.0,1,0.29641357198490725,41
1159,0,2435,914,1521,0,0,0,1.0,1,1.0,1,1.0,1,0.2973757961036423,41
1160,0,2435,914,1521,0,0,0,1.0,1,1.0,1,1.0,1,0.2973757961036423,41
1161,4,2439,914,1525,0,0,0,1.0,1,1.0,1,1.0,1,0.2399645207737723,42
1162,1,2440,914,1526,0,0,0,1.0,1,1.0,1,1.0,1,0.2208430273011215,43
1163,0,2440,914,1526,0,0,0,1.0,1,1.0,1,1.0,1,0.2208430273011215,43
1164,0,2440,914,1526,0,0,0,1.0,1,1.0,1,1.0,1,0.21023883545366423,44
1165,0,2440,914,1526,0,0,0,1.0,1,1.0,1,1.0,1,0.21023883545366423,44
1166,3,2443,915,1528,0,0,0,1.0,1,1.0,1,1.0,1,0.20662236872165826,46
1167,1,2444,915,1529,0,0,0,1.0,1,1.0,1,1.0,1,0.1860155589321804,46
1168,0,2444,915,1529,0,0,0,1.0,1,1.0,1,1.0,1,0.1765985006620138,47
1169,2,2446,917,1529,0,0,0,1.0,1,1.0,1,1.0,1,0.19037619554883034,46
1170,1,2447,917,1530,0,0,0,1.0,1,1.0,1,1.0,1,0.17874912393165712,48
1171,3,2450,919,1531,0,0,0,1.0,1,1.0,1,1.0,1,0.19970826204291536,49
1172,0,2450,919,1531,0,0,0,1.0,1,1.0,1,1.0,1,0.19970826204291536,49
1173,0,2450,919,1531,0,0,0,1.0,1,1.0,1,1.0,1,0.19970826204291536,49
1174,2,2452,920,1532,0,0,0,1.0,1,1.0,1,1.0,1,0.18147837095147942,49
1175,0,2452,920,1532,0,0,0,1.0,1,1.0,1,1.0,1,0.19055185140086503,50
1176,1,2453,920,1533,0,0,0,1.0,1,1.0,1,1.0,1,0.21180317012929326,52
1177,2,2455,921,1534,0,0,0,1.0,1,1.0,1,1.0,1,0.2010394365194167,52
1178,0,2455,921,1534,0,0,0,1.0,1,1.0,1,1.0,1,0.2010394365194167,52
1179,1,2456,922,1534,0,0,0,1.0,1,1.0,1,1.0,1,0.19254106432154713,53
1180,0,2456,922,1534,0,0,0,1.0,1,1.0,1,1.0,1,0.18754638663906814,54
1181,3,2459,922,1537,0,0,0,1.0,1,1.0,1,1.0,1,0.16595114349932064,55
1182,1,2460,923,1537,0,0,0,1.0,1,1.0,1,1.0,1,0.16289450376943643,55
1183,1,2461,924,1537,0,0,0,1.0,1,1.0,1,1.0,1,0.19895335482323365,53
1184,1,2462,925,1537,0,0,0,1.0,1,1.0,1,1.0,1,0.18397412292123244,54
1185,0,2462,925,1537,0,0,0,1.0,1,1.0,1,1.0,1,0.18680657234237438,53
1186,3,2465,926,1539,0,0,0,1.0,1,1.0,1,1.0,1,0.2105609051181705,54
1187,1,2466,927,1539,0,0,0,1.0,1,1.0,1,1.0,1,0.25665118943073767,55
1188,0,2466,927,1539,0,0,0,1.0,1,1.0,1,1.0,1,0.25665118943073767,55
1189,0,2466,927,1539,0,0,0,1.0,1,1.0,1,1.0,1,0.26935622474314835,54
1190,3,2469,928,1541,0,0,0,1.0,1,1.0,1,1.0,1,0.24513486383685648,55
1191,0,2469,928,1541,0,0,0,1.0,1,1.0,1,1.0,1,0.23512038917115982,54
1192,1,2470,929,1541,0,0,0,1.0,1,1.0,1,1.0,1,0.23570711428333657,52
1193,1,2471,929,1542,0,0,0,1.0,1,1.0,1,1.0,1,0.2057887999467156,53
1194,0,2471,929,1542,0,0,0,1.0,1,1.0,1,1.0,1,0.2057887999467156,53
1195,2,2473,931,1542,0,0,0,1.0,1,1.0,1,1.0,1,0.18182498129056457,54
1196,0,2473,931,1542,0,0,0,1.0,1,1.0,1,1.0,1,0.19449267833429643,56
1197,2,2475,933,1542,0,0,0,1.0,1,1.0,1,1.0,1,0.20900233273973493,56
1198,2,2477,934,1543,0,0,0,1.0,1,1.0,1,1.0,1,0.20775619225480194,58
1199,2,2479,935,1544,0,0,0,1.0,1,1.0,1,1.0,1,0.2246613942085213,58
1200,0,2479,935,1544,0,0,0,1.0,1,1.0,1,1.0,1,0.2246613942085213,58
1201,8,2487,937,1550,0,0,0,1.0,1,1.0,1,1.0,1,0.15744671448064076,58
1202,2,2489,937,1552,0,0,0,1.0,1,1.0,1,1.0,1,0.16660368990525587,60
1203,4,2493,937,1556,0,0,0,1.0,1,1.0,1,1.0,1,0.16956156308711876,58
1204,3,2496,938,1558,0,0,0,1.0,1,1.0,1,1.0,1,0.19283086101198713,59
1205,3,2499,939,1560,0,0,0,1.0,1,1.0,1,1.0,1,0.18908559232078423,59
1206,4,2503,939,1564,0,0,0,1.0,1,1.0,1,1.0,1,0.20352353223483424,58
1207,6,2509,939,1570,0,0,0,1.0,1,1.0,1,1.0,1,0.18239096022292406,60
1208,2,2511,939,1572,0,0,0,1.0,1,1.0,1,1.0,1,0.16051157499091714,60
1209,4,2515,939,1576,0,0,0,1.0,1,1.0,1,1.0,1,0.17041700214956734,61
1210,2,2517,939,1578,0,0,0,1.0,1,1.0,1,1.0,1,0.19199884289116192,61
1211,4,2521,939,1582,0,0,0,1.0,1,1.0,1,1.0,1,0.14943531573041682,63
1212,4,2525,939,1586,0,0,0,1.0,1,1.0,1,1.0,1,0.13198123785112037,63
1213,3,2528,940,1588,0,0,0,1.0,1,1.0,1,1.0,1,0.15469995417869925,63
1214,5,2533,941,1592,0,0,0,1.0,1,1.0,1,1.0,1,0.18286575452369933,62
1215,3,2536,941,1595,0,0,0,1.0,1,1.0,1,1.0,1,0.17774245975252573,63
1216,5,2541,941,1600,0,0,0,1.0,1,1.0,1,1.0,1,0.20787412184333903,64
1217,4,2545,941,1604,0,0,0,1.0,1,1.0,1,1.0,1,0.21115671979342096,65
1218,5,2550,942,1608,0,0,0,1.0,1,1.0,1,1.0,1,0.23814906447424844,64
1219,2,2552,942,1610,0,0,0,1.0,1,1.0,1,1.0,1,0.2758529305845008,65
1220,4,2556,943,1613,0,0,0,1.0,1,1.0,1,1.0,1,0.2836607330810466,64
1221,9,2565,945,1620,0,0,0,1.0,1,1.0,1,1.0,1,0.19204095111872374,65
1222,2,2567,946,1621,0,0,0,1.0,1,1.0,1,1.0,1,0.19122976175979736,66
1223,0,2567,946,1621,0,0,0,1.0,1,1.0,1,1.0,1,0.19042850173970385,64
1224,4,2571,949,1622,0,0,0,1.0,1,1.0,1,1.0,1,0.19042795508857013,66
1225,4,2575,952,1623,0,0,0,1.0,1,1.0,1,1.0,1,0.20418238790757515,66
1226,2,2577,953,1624,0,0,0,1.0,1,1.0,1,1.0,1,0.1926693316148172,68
1227,3,2580,956,1624,0,0,0,1.0,1,1.0,1,1.0,1,0.2068276832170283,64
1228,0,2580,956,1624,0,0,0,1.0,1,1.0,1,1.0,1,0.2127145356570455,62
1229,3,2583,958,1625,0,0,0,1.0,1,1.0,1,1.0,1,0.22526387317243787,61
1230,0,2583,958,1625,0,0,0,1.0,1,1.0,1,1.0,1,0.25466068147935095,58
1231,1,2584,959,1625,0,0,0,1.0,1,1.0,1,1.0,1,0.25407998424515055,57
1232,1,2585,960,1625,0,0,0,1.0,1,1.0,1,1.0,1,0.26345709862033156,53
1233,3,2588,963,1625,0,0,0,1.0,1,1.0,1,1.0,1,0.2579007473225934,53
1234,2,2590,963,1627,0,0,0,1.0,1,1.0,1,1.0,1,0.23568720243604727,54
1235,0,2590,963,1627,0,0,0,1.0,1,1.0,1,1.0,1,0.25970628678605545,55
1236,1,2591,964,1627,0,0,0,1.0,1,1.0,1,1.0,1,0.2891932676386519,55
1237,3,2594,964,1630,0,0,0,1.0,1,1.0,1,1.0,1,0.262927288168561,55
1238,3,2597,965,1632,0,0,0,1.0,1,1.0,1,1.0,1,0.27698956368942196,54
1239,0,2597,965,1632,0,0,0,1.0,1,1.0,1,1.0,1,0.2723797748891155,55
1240,1,2598,965,1633,0,0,0,1.0,1,1.0,1,1.0,1,0.26803385439525984,55
1241,6,2604,966,1638,0,0,0,1.0,1,1.0,1,1.0,1,0.15142766454784273,54
1242,0,2604,966,1638,0,0,0,1.0,1,1.0,1,1.0,1,0.16735948164323688,54
1243,2,2606,967,1639,0,0,0,1.0,1,1.0,1,1.0,1,0.17119065670119,55
1244,0,2606,967,1639,0,0,0,1.0,1,1.0,1,1.0,1,0.17698767421991762,55
1245,1,2607,968,1639,0,0,0,1.0,1,1.0,1,1.0,1,0.1822024341943533,55
1246,0,2607,968,1639,0,0,0,1.0,1,1.0,1,1.0,1,0.20061775162241235,55
1247,5,2612,971,1641,0,0,0,1.0,1,1.0,1,1.0,1,0.24843177192939797,57
1248,3,2615,971,1644,0,0,0,1.0,1,1.0,1,1.0,1,0.2634520210496097,56
1249,5,2620,975,1645,0,0,0,1.0,1,1.0,1,1.0,1,0.27143416772848056,56
1250,2,2622,977,1645,0,0,0,1.0,1,1.0,1,1.0,1,0.28692839499187667,56
1251,1,2623,977,1646,0,0,0,1.0,1,1.0,1,1.0,1,0.2719354397524849,58
1252,1,2624,978,1646,0,0,0,1.0,1,1.0,1,1.0,1,0.28047685269538586,58
1253,2,2626,980,1646,0,0,0,1.0,1,1.0,1,1.0,1,0.2864206570672514,58
1254,0,2626,980,1646,0,0,0,1.0,1,1.0,1,1.0,1,0.254809303385336,60
1255,4,2630,980,1650,0,0,0,1.0,1,1.0,1,1.0,1,0.2264389863749712,61
1256,2,2632,980,1652,0,0,0,1.0,1,1.0,1,1.0,1,0.244120466034124,61
1257,1,2633,981,1652,0,0,0,1.0,1,1.0,1,1.0,1,0.2583516085088599,62
1258,5,2638,981,1657,0,0,0,1.0,1,1.0,1,1.0,1,0.23422812148717245,63
1259,1,2639,981,1658,0,0,0,1.0,1,1.0,1,1.0,1,0.21458670113559006,63
1260,0,2639,981,1658,0,0,0,1.0,1,1.0,1,1.0,1,0.19824982861127705,63
1261,3,2642,981,1661,0,0,0,1.0,1,1.0,1,1.0,1,0.14608747061431765,63
1262,2,2644,982,1662,0,0,0,1.0,1,1.0,1,1.0,1,0.13734837384701046,64
1263,1,2645,983,1662,0,0,0,1.0,1,1.0,1,1.0,1,0.14915311813170695,63
1264,1,2646,984,1662,0,0,0,1.0,1,1.0,1,1.0,1,0.14782975130081244,63
1265,2,2648,986,1662,0,0,0,1.0,1,1.0,1,1.0,1,0.19045153223784772,60
1266,6,2654,990,1664,0,0,0,1.0,1,1.0,1,1.0,1,0.18369968220175562,61
1267,2,2656,992,1664,0,0,0,1.0,1,1.0,1,1.0,1,0.21825163836734257,58
1268,2,2658,994,1664,0,0,0,1.0,1,1.0,1,1.0,1,0.27257887270459946,54
1269,5,2663,997,1666,0,0,0,1.0,1,1.0,1,1.0,1,0.2617472787903525,54
1270,1,2664,998,1666,0,0,0,1.0,1,1.0,1,1.0,1,0.2654404162879885,51
1271,0,2664,998,1666,0,0,0,1.0,1,1.0,1,1.0,1,0.27724300749471753,50
1272,0,2664,998,1666,0,0,0,1.0,1,1.0,1,1.0,1,0.2653791270186926,47
1273,0,2664,998,1666,0,0,0,1.0,1,1.0,1,1.0,1,0.2653791270186926,47
1274,0,2664,998,1666,0,0,0,1.0,1,1.0,1,1.0,1,0.2985864080176643,49
1275,2,2666,1000,1666,0,0,0,1.0,1,1.0,1,1.0,1,0.3305143598969909,48
1276,3,2669,1003,1666,0,0,0,1.0,1,1.0,1,1.0,1,0.34955634099850486,49
1277,3,2672,1006,1666,0,0,0,1.0,1,1.0,1,1.0,1,0.3829206219273517,50
1278,2,2674,1007,1667,0,0,0,1.0,1,1.0,1,1.0,1,0.37420497954920684,51
1279,0,2674,1007,1667,0,0,0,1.0,1,1.0,1,1.0,1,0.37420497954920684,51
1280,0,2674,1007,1667,0,0,0,1.0,1,1.0,1,1.0,1,0.3571251586267679,52
1281,7,2681,1007,1674,0,0,0,1.0,1,1.0,1,1.0,1,0.2486705283205489,52
1282,2,2683,1008,1675,0,0,0,1.0,1,1.0,1,1.0,1,0.22255805524014652,52
1283,4,2687,1009,1678,0,0,0,1.0,1,1.0,1,1.0,1,0.20529425170595814,52
1284,1,2688,1010,1678,0,0,0,1.0,1,1.0,1,1.0,1,0.22784767906735348,52
1285,0,2688,1010,1678,0,0,0,1.0,1,1.0,1,1.0,1,0.2690299130579183,51
1286,3,2691,1010,1681,0,0,0,1.0,1,1.0,1,1.0,1,0.23195805047461474,52
1287,1,2692,1010,1682,0,0,0,1.0,1,1.0,1,1.0,1,0.24103168449107035,54
1288,3,2695,1010,1685,0,0,0,1.0,1,1.0,1,1.0,1,0.23340552052357014,55
1289,4,2699,1010,1689,0,0,0,1.0,1,1.0,1,1.0,1,0.17577006642928286,56
1290,4,2703,1010,1693,0,0,0,1.0,1,1.0,1,1.0,1,0.17001999663086612,57
1291,3,2706,1010,1696,0,0,0,1.0,1,1.0,1,1.0,1,0.19849824863760646,58
1292,5,2711,1010,1701,0,0,0,1.0,1,1.0,1,1.0,1,0.18418821311691863,59
1293,5,2716,1010,1706,0,0,0,1.0,1,1.0,1,1.0,1,0.19178276418697823,59
1294,2,2718,1010,1708,0,0,0,1.0,1,1.0,1,1.0,1,0.1711740884194041,59
1295,3,2721,1011,1710,0,0,0,1.0,1,1.0,1,1.0,1,0.19177914293429268,59
1296,4,2725,1011,1714,0,0,0,1.0,1,1.0,1,1.0,1,0.22099908845580032,59
1297,3,2728,1012,1716,0,0,0,1.0,1,1.0,1,1.0,1,0.22145094890937728,61
1298,4,2732,1012,1720,0,0,0,1.0,1,1.0,1,1.0,1,0.21151649885624715,61
1299,1,2733,1012,1721,0,0,0,1.0,1,1.0,1,1.0,1,0.21980001392469495,60
1300,2,2735,1012,1723,0,0,0,1.0,1,1.0,1,1.0,1,0.22818150965728723,59
1301,4,2739,1012,1727,0,0,0,1.0,1,1.0,1,1.0,1,0.1942809626095289,59
1302,3,2742,1014,1728,0,0,0,1.0,1,1.0,1,1.0,1,0.17701049071500066,59
1303,2,2744,1016,1728,0,0,0,1.0,1,1.0,1,1.0,1,0.2368533830628485,55
1304,4,2748,1020,1728,0,0,0,1.0,1,1.0,1,1.0,1,0.20371643757377766,56
1305,1,2749,1021,1728,0,0,0,1.0,1,1.0,1,1.0,1,0.22717215132310356,54
1306,2,2751,1022,1729,0,0,0,1.0,1,1.0,1,1.0,1,0.2074339387782002,53
1307,3,2754,1025,1729,0,0,0,1.0,1,1.0,1,1.0,1,0.24207513493313898,52
1308,4,2758,1028,1730,0,0,0,1.0,1,1.0,1,1.0,1,0.251553479966928,52
1309,5,2763,1031,1732,0,0,0,1.0,1,1.0,1,1.0,1,0.24925362766818135,54
1310,1,2764,1032,1732,0,0,0,1.0,1,1.0,1,1.0,1,0.2668072127830804,52
1311,0,2764,1032,1732,0,0,0,1.0,1,1.0,1,1.0,1,0.25440005597767573,51
1312,1,2765,1033,1732,0,0,0,1.0,1,1.0,1,1.0,1,0.2833909170487169,49
1313,1,2766,1033,1733,0,0,0,1.0,1,1.0,1,1.0,1,0.265590946466426,47
1314,1,2767,1034,1733,0,0,0,1.0,1,1.0,1,1.0,1,0.249893522422636,46
1315,0,2767,1034,1733,0,0,0,1.0,1,1.0,1,1.0,1,0.27341843495759793,45
1316,2,2769,1036,1733,0,0,0,1.0,1,1.0,1,1.0,1,0.26299338822242774,46
1317,1,2770,1036,1734,0,0,0,1.0,1,1.0,1,1.0,1,0.2268442765902829,45
1318,1,2771,1037,1734,0,0,0,1.0,1,1.0,1,1.0,1,0.2423509030026252,46
1319,2,2773,1038,1735,0,0,0,1.0,1,1.0,1,1.0,1,0.20791592342185777,46
1320,0,2773,1038,1735,0,0,0,1.0,1,1.0,1,1.0,1,0.20791592342185777,46
1321,5,2778,1038,1740,0,0,0,1.0,1,1.0,1,1.0,1,0.1150095250133362,48
1322,0,2778,1038,1740,0,0,0,1.0,1,1.0,1,1.0,1,0.1318823188832719,49
1323,0,2778,1038,1740,0,0,0,1.0,1,1.0,1,1.0,1,0.1506193819793734,49
1324,0,2778,1038,1740,0,0,0,1.0,1,1.0,1,1.0,1,0.17122951934588646,50
1325,0,2778,1038,1740,0,0,0,1.0,1,1.0,1,1.0,1,0.18961488482259892,49
1326,3,2781,1039,1742,0,0,0,1.0,1,1.0,1,1.0,1,0.23679178649241364,50
1327,2,2783,1040,1743,0,0,0,1.0,1,1.0,1,1.0,1,0.2585584160620912,50
1328,0,2783,1040,1743,0,0,0,1.0,1,1.0,1,1.0,1,0.28415900768447905,49
1329,4,2787,1040,1747,0,0,0,1.0,1,1.0,1,1.0,1,0.25539999102471833,50
1330,5,2792,1041,1751,0,0,0,1.0,1,1.0,1,1.0,1,0.241911190572835,50
1331,3,2795,1042,1753,0,0,0,1.0,1,1.0,1,1.0,1,0.2825980360389388,50
1332,4,2799,1044,1755,0,0,0,1.0,1,1.0,1,1.0,1,0.2539904301705967,51
1333,3,2802,1044,1758,0,0,0,1.0,1,1.0,1,1.0,1,0.2696145283880635,52
1334,3,2805,1045,1760,0,0,0,1.0,1,1.0,1,1.0,1,0.27234761365497545,54
1335,5,2810,1045,1765,0,0,0,1.0,1,1.0,1,1.0,1,0.27521507643712206,54
1336,5,2815,1045,1770,0,0,0,1.0,1,1.0,1,1.0,1,0.2475044757111847,56
1337,9,2824,1047,1777,0,0,0,1.0,1,1.0,1,1.0,1,0.23270035369687422,57
1338,8,2832,1048,1784,0,0,0,1.0,1,1.0,1,1.0,1,0.2453103621016431,57
1339,4,2836,1050,1786,0,0,0,1.0,1,1.0,1,1.0,1,0.30989843655526444,58
1340,7,2843,1050,1793,0,0,0,1.0,1,1.0,1,1.0,1,0.285973018149241,59
1341,2,2845,1050,1795,0,0,0,1.0,1,1.0,1,1.0,1,0.24139077729558495,57
1342,2,2847,1052,1795,0,0,0,1.0,1,1.0,1,1.0,1,0.2013878918440065,57
1343,0,2847,1052,1795,0,0,0,1.0,1,1.0,1,1.0,1,0.20191427376905363,55
1344,5,2852,1056,1796,0,0,0,1.0,1,1.0,1,1.0,1,0.1540848797629019,54
1345,1,2853,1056,1797,0,0,0,1.0,1,1.0,1,1.0,1,0.14125682180693747,53
1346,3,2856,1058,1798,0,0,0,1.0,1,1.0,1,1.0,1,0.1627143039523529,53
1347,0,2856,1058,1798,0,0,0,1.0,1,1.0,1,1.0,1,0.1662009011934692,51
1348,2,2858,1060,1798,0,0,0,1.0,1,1.0,1,1.0,1,0.20000608297526673,52
1349,1,2859,1061,1798,0,0,0,1.0,1,1.0,1,1.0,1,0.19855688965319074,50
1350,2,2861,1063,1798,0,0,0,1.0,1,1.0,1,1.0,1,0.2384067791580675,51
1351,2,2863,1065,1798,0,0,0,1.0,1,1.0,1,1.0,1,0.26848871647180483,50
1352,0,2863,1065,1798,0,0,0,1.0,1,1.0,1,1.0,1,0.25025150001651836,50
1353,0,2863,1065,1798,0,0,0,1.0,1,1.0,1,1.0,1,0.25025150001651836,50
1354,2,2865,1066,1799,0,0,0,1.0,1,1.0,1,1.0,1,0.25425551921102707,51
1355,1,2866,1066,1800,0,0,0,1.0,1,1.0,1,1.0,1,0.23716228069225354,53
1356,3,2869,1067,1802,0,0,0,1.0,1,1.0,1,1.0,1,0.2558253198246836,52
1357,2,2871,1068,1803,0,0,0,1.0,1,1.0,1,1.0,1,0.28104958248345513,52
1358,0,2871,1068,1803,0,0,0,1.0,1,1.0,1,1.0,1,0.28377086658467066,53
1359,4,2875,1070,1805,0,0,0,1.0,1,1.0,1,1.0,1,0.3044585931530911,54
1360,4,2879,1071,1808,0,0,0,1.0,1,1.0,1,1.0,1,0.2717552567073856,55
1361,6,2885,1072,1813,0,0,0,1.0,1,1.0,1,1.0,1,0.20757904966423674,55
1362,0,2885,1072,1813,0,0,0,1.0,1,1.0,1,1.0,1,0.18557969633163895,56
1363,0,2885,1072,1813,0,0,0,1.0,1,1.0,1,1.0,1,0.18557969633163895,56
1364,0,2885,1072,1813,0,0,0,1.0,1,1.0,1,1.0,1,0.18095369820805357,55
1365,1,2886,1072,1814,0,0,0,1.0,1,1.0,1,1.0,1,0.17691522698187714,56
1366,4,2890,1073,1817,0,0,0,1.0,1,1.0,1,1.0,1,0.17227800785756517,57
1367,5,2895,1074,1821,0,0,0,1.0,1,1.0,1,1.0,1,0.14613543355022168,57
1368,5,2900,1074,1826,0,0,0,1.0,1,1.0,1,1.0,1,0.147634836040624,58
1369,3,2903,1075,1828,0,0,0,1.0,1,1.0,1,1.0,1,0.1857667393659362,59
1370,4,2907,1076,1831,0,0,0,1.0,1,1.0,1,1.0,1,0.19935448586239196,60
1371,7,2914,1077,1837,0,0,0,1.0,1,1.0,1,1.0,1,0.21511817280078072,59
1372,6,2920,1079,1841,0,0,0,1.0,1,1.0,1,1.0,1,0.2553277255240453,59
1373,10,2930,1081,1849,0,0,0,1.0,1,1.0,1,1.0,1,0.21294215192517335,59
1374,7,2937,1081,1856,0,0,0,1.0,1,1.0,1,1.0,1,0.19891354674836437,59
1375,7,2944,1081,1863,0,0,0,1.0,1,1.0,1,1.0,1,0.20303614327400665,62
1376,8,2952,1082,1870,0,0,0,1.0,1,1.0,1,1.0,1,0.2358703827308405,61
1377,7,2959,1083,1876,0,0,0,1.0,1,1.0,1,1.0,1,0.2580562914518048,63
1378,3,2962,1083,1879,0,0,0,1.0,1,1.0,1,1.0,1,0.25604747874327666,62
1379,7,2969,1086,1883,0,0,0,1.0,1,1.0,1,1.0,1,0.3170708199966141,61
1380,3,2972,1086,1886,0,0,0,1.0,1,1.0,1,1.0,1,0.30474415739582267,60
1381,9,2981,1087,1894,0,0,0,1.0,1,1.0,1,1.0,1,0.2414004420956303,58
1382,4,2985,1088,1897,0,0,0,1.0,1,1.0,1,1.0,1,0.24295568180536178,56
1383,1,2986,1089,1897,0,0,0,1.0,1,1.0,1,1.0,1,0.2296969001233221,57
1384,0,2986,1089,1897,0,0,0,1.0,1,1.0,1,1.0,1,0.21167557976718657,55
1385,2,2988,1090,1898,0,0,0,1.0,1,1.0,1,1.0,1,0.2132112547313419,55
1386,2,2990,1092,1898,0,0,0,1.0,1,1.0,1,1.0,1,0.2268581030442288,54
1387,1,2991,1092,1899,0,0,0,1.0,1,1.0,1,1.0,1,0.21879423353254454,53
1388,5,2996,1095,1901,0,0,0,1.0,1,1.0,1,1.0,1,0.27263692592336186,52
1389,7,3003,1096,1907,0,0,0,1.0,1,1.0,1,1.0,1,0.25062907577685895,52
1390,3,3006,1096,1910,0,0,0,1.0,1,1.0,1,1.0,1,0.24729016025091982,51
1391,2,3008,1096,1912,0,0,0,1.0,1,1.0,1,1.0,1,0.2518534409424374,52
1392,3,3011,1097,1914,0,0,0,1.0,1,1.0,1,1.0,1,0.23756626040826548,51
1393,3,3014,1098,1916,0,0,0,1.0,1,1.0,1,1.0,1,0.2438323074432766,51
1394,1,3015,1098,1917,0,0,0,1.0,1,1.0,1,1.0,1,0.25149070140363905,52
1395,1,3016,1098,1918,0,0,0,1.0,1,1.0,1,1.0,1,0.25814440596557525,52
1396,3,3019,1099,1920,0,0,0,1.0,1,1.0,1,1.0,1,0.22987328962075815,53
1397,0,3019,1099,1920,0,0,0,1.0,1,1.0,1,1.0,1,0.2374312986292851,56
1398,2,3021,1099,1922,0,0,0,1.0,1,1.0,1,1.0,1,0.21068519442078326,56
1399,1,3022,1100,1922,0,0,0,1.0,1,1.0,1,1.0,1,0.22411825064592125,57
1400,0,3022,1100,1922,0,0,0,1.0,1,1.0,1,1.0,1,0.22411825064592125,57
1401,4,3026,1100,1926,0,0,0,1.0,1,1.0,1,1.0,1,0.16572989251316864,57
1402,3,3029,1103,1926,0,0,0,1.0,1,1.0,1,1.0,1,0.18232242842230836,57
1403,2,3031,1103,1928,0,0,0,1.0,1,1.0,1,1.0,1,0.17468596520291776,56
1404,3,3034,1103,1931,0,0,0,1.0,1,1.0,1,1.0,1,0.16820162004516243,58
1405,3,3037,1104,1933,0,0,0,1.0,1,1.0,1,1.0,1,0.1975173349411693,58
1406,0,3037,1104,1933,0,0,0,1.0,1,1.0,1,1.0,1,0.1975173349411693,58
1407,0,3037,1104,1933,0,0,0,1.0,1,1.0,1,1.0,1,0.21413191124653297,57
1408,1,3038,1104,1934,0,0,0,1.0,1,1.0,1,1.0,1,0.21851229477617087,58
1409,1,3039,1104,1935,0,0,0,1.0,1,1.0,1,1.0,1,0.22381624991520546,57
1410,0,3039,1104,1935,0,0,0,1.0,1,1.0,1,1.0,1,0.22381624991520546,57
1411,1,3040,1105,1935,0,0,0,1.0,1,1.0,1,1.0,1,0.25021020844967,56
1412,0,3040,1105,1935,0,0,0,1.0,1,1.0,1,1.0,1,0.2509769654399461,55
1413,0,3040,1105,1935,0,0,0,1.0,1,1.0,1,1.0,1,0.2480801429259731,57
1414,0,3040,1105,1935,0,0,0,1.0,1,1.0,1,1.0,1,0.2480801429259731,57
1415,2,3042,1105,1937,0,0,0,1.0,1,1.0,1,1.0,1,0.22283669906249692,60
1416,5,3047,1106,1941,0,0,0,1.0,1,1.0,1,1.0,1,0.2083467288692687,61
1417,3,3050,1107,1943,0,0,0,1.0,1,1.0,1,1.0,1,0.18863989257559705,59
1418,1,3051,1107,1944,0,0,0,1.0,1,1.0,1,1.0,1,0.20339909990500127,60
1419,3,3054,1109,1945,0,0,0,1.0,1,1.0,1,1.0,1,0.2015481483015581,59
1420,3,3057,1110,1947,0,0,0,1.0,1,1.0,1,1.0,1,0.21908716417589053,58
1421,4,3061,1110,1951,0,0,0,1.0,1,1.0,1,1.0,1,0.17387072103683412,57
1422,1,3062,1111,1951,0,0,0,1.0,1,1.0,1,1.0,1,0.18027051643757908,57
1423,2,3064,1112,1952,0,0,0,1.0,1,1.0,1,1.0,1,0.1671592007945216,56
1424,1,3065,1113,1952,0,0,0,1.0,1,1.0,1,1.0,1,0.17376509669777956,57
1425,3,3068,1116,1952,0,0,0,1.0,1,1.0,1,1.0,1,0.20996233565088504,54
1426,2,3070,1118,1952,0,0,0,1.0,1,1.0,1,1.0,1,0.2418526144821045,54
1427,4,3074,1121,1953,0,0,0,1.0,1,1.0,1,1.0,1,0.2914861447247051,53
1428,0,3074,1121,1953,0,0,0,1.0,1,1.0,1,1.0,1,0.28477484914657575,52
1429,1,3075,1121,1954,0,0,0,1.0,1,1.0,1,1.0,1,0.26459795112726214,52
1430,2,3077,1123,1954,0,0,0,1.0,1,1.0,1,1.0,1,0.2722148721211029,51
1431,3,3080,1124,1956,0,0,0,1.0,1,1.0,1,1.0,1,0.2530635498641688,51
1432,4,3084,1126,1958,0,0,0,1.0,1,1.0,1,1.0,1,0.2648727782414954,52
1433,3,3087,1127,1960,0,0,0,1.0,1,1.0,1,1.0,1,0.24831006110657688,52
1434,5,3092,1130,1962,0,0,0,1.0,1,1.0,1,1.0,1,0.24334443790431506,52
1435,0,3092,1130,1962,0,0,0,1.0,1,1.0,1,1.0,1,0.24714294568039485,50
1436,3,3095,1133,1962,0,0,0,1.0,1,1.0,1,1.0,1,0.30770626914954413,50
1437,5,3100,1134,1966,0,0,0,1.0,1,1.0,1,1.0,1,0.29164621176967004,49
1438,2,3102,1135,1967,0,0,0,1.0,1,1.0,1,1.0,1,0.31063820153105093,49
1439,1,3103,1136,1967,0,0,0,1.0,1,1.0,1,1.0,1,0.3558205810921626,50
1440,3,3106,1139,1967,0,0,0,1.0,1,1.0,1,1.0,1,0.38014764500694903,50
1441,10,3116,1140,1976,0,0,0,1.0,1,1.0,1,1.0,1,0.2837350044533567,51
1442,1,3117,1140,1977,0,0,0,1.0,1,1.0,1,1.0,1,0.28182347812635833,50
1443,3,3120,1140,1980,0,0,0,1.0,1,1.0,1,1.0,1,0.2725443121375237,51
1444,2,3122,1140,1982,0,0,0,1.0,1,1.0,1,1.0,1,0.2725443121375237,51
1445,1,3123,1140,1983,0,0,0,1.0,1,1.0,1,1.0,1,0.2555125471231344,51
1446,1,3124,1140,1984,0,0,0,1.0,1,1.0,1,1.0,1,0.26855642375573874,51
1447,2,3126,1140,1986,0,0,0,1.0,1,1.0,1,1.0,1,0.23472020420576525,51
1448,2,3128,1141,1987,0,0,0,1.0,1,1.0,1,1.0,1,0.23487232032264985,51
1449,1,3129,1141,1988,0,0,0,1.0,1,1.0,1,1.0,1,0.21630929731026263,51
1450,2,3131,1141,1990,0,0,0,1.0,1,1.0,1,1.0,1,0.20539461339749074,52
1451,4,3135,1142,1993,0,0,0,1.0,1,1.0,1,1.0,1,0.21635639034712117,54
1452,2,3137,1142,1995,0,0,0,1.0,1,1.0,1,1.0,1,0.20486056422348653,56
1453,4,3141,1143,1998,0,0,0,1.0,1,1.0,1,1.0,1,0.23123570925162387,56
1454,7,3148,1144,2004,0,0,0,1.0,1,1.0,1,1.0,1,0.23491525062567425,58
1455,6,3154,1145,2009,0,0,0,1.0,1,1.0,1,1.0,1,0.25585532763863866,55
1456,2,3156,1145,2011,0,0,0,1.0,1,1.0,1,1.0,1,0.2548537863592346,56
1457,5,3161,1146,2015,0,0,0,1.0,1,1.0,1,1.0,1,0.3017940752289087,54
1458,3,3164,1147,2017,0,0,0,1.0,1,1.0,1,1.0,1,0.31490484963122595,52
1459,3,3167,1147,2020,0,0,0,1.0,1,1.0,1,1.0,1,0.3107564040871029,52
1460,4,3171,1147,2024,0,0,0,1.0,1,1.0,1,1.0,1,0.3032610693388174,50
1461,6,3177,1149,2028,0,0,0,1.0,1,1.0,1,1.0,1,0.2511905636857914,53
1462,3,3180,1152,2028,0,0,0,1.0,1,1.0,1,1.0,1,0.2252218772860658,51
1463,2,3182,1154,2028,0,0,0,1.0,1,1.0,1,1.0,1,0.25780398220530276,51
1464,4,3186,1157,2029,0,0,0,1.0,1,1.0,1,1.0,1,0.2543928388914626,51
1465,1,3187,1157,2030,0,0,0,1.0,1,1.0,1,1.0,1,0.2547617477810092,49
1466,3,3190,1160,2030,0,0,0,1.0,1,1.0,1,1.0,1,0.27163999157283625,49
1467,4,3194,1162,2032,0,0,0,1.0,1,1.0,1,1.0,1,0.3109132055599956,47
1468,1,3195,1162,2033,0,0,0,1.0,1,1.0,1,1.0,1,0.28453003074395594,48
1469,5,3200,1164,2036,0,0,0,1.0,1,1.0,1,1.0,1,0.29527938907166973,47
1470,2,3202,1164,2038,0,0,0,1.0,1,1.0,1,1.0,1,0.2879971505897859,49
1471,1,3203,1164,2039,0,0,0,1.0,1,1.0,1,1.0,1,0.2913411927983268,48
1472,1,3204,1164,2040,0,0,0,1.0,1,1.0,1,1.0,1,0.28541857235119433,48
1473,2,3206,1164,2042,0,0,0,1.0,1,1.0,1,1.0,1,0.29471993186373724,49
1474,0,3206,1164,2042,0,0,0,1.0,1,1.0,1,1.0,1,0.29471993186373724,49
1475,3,3209,1164,2045,0,0,0,1.0,1,1.0,1,1.0,1,0.2418196590831622,49
1476,2,3211,1166,2045,0,0,0,1.0,1,1.0,1,1.0,1,0.28906477907737066,51
1477,0,3211,1166,2045,0,0,0,1.0,1,1.0,1,1.0,1,0.28906477907737066,51
1478,1,3212,1166,2046,0,0,0,1.0,1,1.0,1,1.0,1,0.27570694043151833,52
1479,0,3212,1166,2046,0,0,0,1.0,1,1.0,1,1.0,1,0.2874947772644863,53
1480,1,3213,1167,2046,0,0,0,1.0,1,1.0,1,1.0,1,0.2981386651712573,53
1481,8,3221,1167,2054,0,0,0,1.0,1,1.0,1,1.0,1,0.20725129274983312,53
1482,1,3222,1168,2054,0,0,0,1.0,1,1.0,1,1.0,1,0.24037543196760108,52
1483,1,3223,1168,2055,0,0,0,1.0,1,1.0,1,1.0,1,0.23032928624670426,52
1484,4,3227,1168,2059,0,0,0,1.0,1,1.0,1,1.0,1,0.25679453529187135,53
1485,3,3230,1168,2062,0,0,0,1.0,1,1.0,1,1.0,1,0.2458043831216319,53
1486,1,3231,1168,2063,0,0,0,1.0,1,1.0,1,1.0,1,0.2868987079959199,54
1487,7,3238,1171,2067,0,0,0,1.0,1,1.0,1,1.0,1,0.19516925810171384,55
1488,1,3239,1171,2068,0,0,0,1.0,1,1.0,1,1.0,1,0.23155512754016055,57
1489,5,3244,1174,2070,0,0,0,1.0,1,1.0,1,1.0,1,0.23017287649151433,58
1490,2,3246,1174,2072,0,0,0,1.0,1,1.0,1,1.0,1,0.2170542016366798,58
1491,5,3251,1175,2076,0,0,0,1.0,1,1.0,1,1.0,1,0.22585957676936227,59
1492,4,3255,1176,2079,0,0,0,1.0,1,1.0,1,1.0,1,0.2263715169638896,59
1493,3,3258,1176,2082,0,0,0,1.0,1,1.0,1,1.0,1,0.2540436026710515,58
1494,5,3263,1176,2087,0,0,0,1.0,1,1.0,1,1.0,1,0.2187088089134573,58
1495,9,3272,1177,2095,0,0,0,1.0,1,1.0,1,1.0,1,0.2342740543252982,57
1496,6,3278,1177,2101,0,0,0,1.0,1,1.0,1,1.0,1,0.2482139769848475,59
1497,7,3285,1178,2107,0,0,0,1.0,1,1.0,1,1.0,1,0.2870751234485771,58
1498,12,3297,1180,2117,0,0,0,1.0,1,1.0,1,1.0,1,0.293923617823373,58
1499,4,3301,1180,2121,0,0,0,1.0,1,1.0,1,1.0,1,0.23282333797118687,56
1500,5,3306,1181,2125,0,0,0,1.0,1,1.0,1,1.0,1,0.241537521042022,57
1501,2,3308,1181,2127,0,0,0,1.0,1,1.0,1,1.0,1,0.21548111789528435,55
1502,2,3310,1183,2127,0,0,0,1.0,1,1.0,1,1.0,1,0.21645262140354485,55
1503,2,3312,1184,2128,0,0,0,1.0,1,1.0,1,1.0,1,0.20554557376597585,54
1504,1,3313,1185,2128,0,0,0,1.0,1,1.0,1,1.0,1,0.18411336871992118,55
1505,0,3313,1185,2128,0,0,0,1.0,1,1.0,1,1.0,1,0.16819028195906838,53
1506,5,3318,1186,2132,0,0,0,1.0,1,1.0,1,1.0,1,0.15604069844910176,55
1507,1,3319,1187,2132,0,0,0,1.0,1,1.0,1,1.0,1,0.17017466880628074,53
1508,5,3324,1191,2133,0,0,0,1.0,1,1.0,1,1.0,1,0.24400802787817058,53
1509,0,3324,1191,2133,0,0,0,1.0,1,1.0,1,1.0,1,0.21717384721391406,52
1510,2,3326,1193,2133,0,0,0,1.0,1,1.0,1,1.0,1,0.27292979702578485,50
1511,1,3327,1194,2133,0,0,0,1.0,1,1.0,1,1.0,1,0.26452527569213447,49
1512,3,3330,1197,2133,0,0,0,1.0,1,1.0,1,1.0,1,0.31320926805939037,48
1513,1,3331,1197,2134,0,0,0,1.0,1,1.0,1,1.0,1,0.3405138650730319,47
1514,1,3332,1198,2134,0,0,0,1.0,1,1.0,1,1.0,1,0.33245023004982427,48
1515,1,3333,1198,2135,0,0,0,1.0,1,1.0,1,1.0,1,0.3111261308754801,48
1516,1,3334,1198,2136,0,0,0,1.0,1,1.0,1,1.0,1,0.2819021984393349,47
1517,1,3335,1198,2137,0,0,0,1.0,1,1.0,1,1.0,1,0.26323065306172777,48
1518,1,3336,1199,2137,0,0,0,1.0,1,1.0,1,1.0,1,0.27092033601722354,48
1519,0,3336,1199,2137,0,0,0,1.0,1,1.0,1,1.0,1,0.28033331679368806,47
1520,4,3340,1202,2138,0,0,0,1.0,1,1.0,1,1.0,1,0.3013335554318227,48
1521,4,3344,1202,2142,0,0,0,1.0,1,1.0,1,1.0,1,0.2040356346085158,49
1522,1,3345,1203,2142,0,0,0,1.0,1,1.0,1,1.0,1,0.2369517545033605,48
1523,3,3348,1203,2145,0,0,0,1.0,1,1.0,1,1.0,1,0.21829524220107524,49
1524,2,3350,1203,2147,0,0,0,1.0,1,1.0,1,1.0,1,0.2252353020440021,49
1525,1,3351,1203,2148,0,0,0,1.0,1,1.0,1,1.0,1,0.2512224163793417,51
1526,0,3351,1203,2148,0,0,0,1.0,1,1.0,1,1.0,1,0.24611117941592842,52
1527,2,3353,1204,2149,0,0,0,1.0,1,1.0,1,1.0,1,0.25906339868638983,54
1528,2,3355,1204,2151,0,0,0,1.0,1,1.0,1,1.0,1,0.25906339868638983,54
1529,1,3356,1204,2152,0,0,0,1.0,1,1.0,1,1.0,1,0.2708595362928421,54
1530,1,3357,1204,2153,0,0,0,1.0,1,1.0,1,1.0,1,0.28791834334179545,54
1531,4,3361,1204,2157,0,0,0,1.0,1,1.0,1,1.0,1,0.27589687347027647,54
1532,2,3363,1205,2158,0,0,0,1.0,1,1.0,1,1.0,1,0.29595291679520314,54
1533,5,3368,1205,2163,0,0,0,1.0,1,1.0,1,1.0,1,0.19537396317341574,54
1534,3,3371,1205,2166,0,0,0,1.0,1,1.0,1,1.0,1,0.20221566747005337,54
1535,3,3374,1206,2168,0,0,0,1.0,1,1.0,1,1.0,1,0.1780830707930039,54
1536,0,3374,1206,2168,0,0,0,1.0,1,1.0,1,1.0,1,0.18593613173358745,55
1537,0,3374,1206,2168,0,0,0,1.0,1,1.0,1,1.0,1,0.21086868025238464,53
1538,1,3375,1206,2169,0,0,0,1.0,1,1.0,1,1.0,1,0.20226045444005172,54
1539,1,3376,1207,2169,0,0,0,1.0,1,1.0,1,1.0,1,0.23643523843332329,54
1540,2,3378,1208,2170,0,0,0,1.0,1,1.0,1,1.0,1,0.2293319906269613,54
1541,3,3381,1208,2173,0,0,0,1.0,1,1.0,1,1.0,1,0.19601926813936152,54
1542,3,3384,1209,2175,0,0,0,1.0,1,1.0,1,1.0,1,0.229309831050375,57
1543,4,3388,1211,2177,0,0,0,1.0,1,1.0,1,1.0,1,0.20438399235284815,55
1544,3,3391,1214,2177,0,0,0,1.0,1,1.0,1,1.0,1,0.2634699046330914,54
1545,3,3394,1215,2179,0,0,0,1.0,1,1.0,1,1.0,1,0.24927933669935493,54
1546,4,3398,1217,2181,0,0,0,1.0,1,1.0,1,1.0,1,0.2146812939543386,53
1547,6,3404,1221,2183,0,0,0,1.0,1,1.0,1,1.0,1,0.2111488415173331,53
1548,4,3408,1223,2185,0,0,0,1.0,1,1.0,1,1.0,1,0.2416063565667695,54
1549,3,3411,1225,2186,0,0,0,1.0,1,1.0,1,1.0,1,0.23957779671447682,52
1550,3,3414,1227,2187,0,0,0,1.0,1,1.0,1,1.0,1,0.2095969067843141,52
1551,5,3419,1229,2190,0,0,0,1.0,1,1.0,1,1.0,1,0.17754823670221692,52
1552,1,3420,1230,2190,0,0,0,1.0,1,1.0,1,1.0,1,0.20506568746657777,51
1553,10,3430,1232,2198,0,0,0,1.0,1,1.0,1,1.0,1,0.2730057307271028,51
1554,5,3435,1235,2200,0,0,0,1.0,1,1.0,1,1.0,1,0.2160479464834147,51
1555,4,3439,1236,2203,0,0,0,1.0,1,1.0,1,1.0,1,0.22185306062186466,50
1556,2,3441,1237,2204,0,0,0,1.0,1,1.0,1,1.0,1,0.23531800463090208,51
1557,3,3444,1238,2206,0,0,0,1.0,1,1.0,1,1.0,1,0.27182880198970716,51
1558,2,3446,1239,2207,0,0,0,1.0,1,1.0,1,1.0,1,0.28130173042692597,52
1559,5,3451,1241,2210,0,0,0,1.0,1,1.0,1,1.0,1,0.2669218627421234,53
1560,2,3453,1243,2210,0,0,0,1.0,1,1.0,1,1.0,1,0.2892756144339492,51
1561,10,3463,1243,2220,0,0,0,1.0,1,1.0,1,1.0,1,0.13547130455780973,51
1562,2,3465,1243,2222,0,0,0,1.0,1,1.0,1,1.0,1,0.10604890128001047,52
1563,4,3469,1243,2226,0,0,0,1.0,1,1.0,1,1.0,1,0.10604890128001047,52
1564,4,3473,1243,2230,0,0,0,1.0,1,1.0,1,1.0,1,0.11415760122806475,51
1565,3,3476,1244,2232,0,0,0,1.0,1,1.0,1,1.0,1,0.16627039257738457,53
1566,5,3481,1244,2237,0,0,0,1.0,1,1.0,1,1.0,1,0.16999463603384485,53
1567,4,3485,1244,2241,0,0,0,1.0,1,1.0,1,1.0,1,0.16529916773371262,52
1568,3,3488,1244,2244,0,0,0,1.0,1,1.0,1,1.0,1,0.2061130486197525,52
1569,3,3491,1244,2247,0,0,0,1.0,1,1.0,1,1.0,1,0.16406337548698405,49
1570,3,3494,1244,2250,0,0,0,1.0,1,1.0,1,1.0,1,0.21525377628510345,48
1571,7,3501,1246,2255,0,0,0,1.0,1,1.0,1,1.0,1,0.2260053501736441,46
1572,6,3507,1248,2259,0,0,0,1.0,1,1.0,1,1.0,1,0.2664883880241147,47
1573,7,3514,1248,2266,0,0,0,1.0,1,1.0,1,1.0,1,0.2641364106796938,48
1574,6,3520,1249,2271,0,0,0,1.0,1,1.0,1,1.0,1,0.2932975505645434,46
1575,5,3525,1251,2274,0,0,0,1.0,1,1.0,1,1.0,1,0.3198154905527976,47
1576,4,3529,1253,2276,0,0,0,1.0,1,1.0,1,1.0,1,0.3170695875237167,46
1577,2,3531,1254,2277,0,0,0,1.0,1,1.0,1,1.0,1,0.30781679440200993,45
1578,3,3534,1254,2280,0,0,0,1.0,1,1.0,1,1.0,1,0.2815857570349404,44
1579,2,3536,1254,2282,0,0,0,1.0,1,1.0,1,1.0,1,0.34838604964370057,43
1580,2,3538,1254,2284,0,0,0,1.0,1,1.0,1,1.0,1,0.3029392633875882,43
1581,6,3544,1255,2289,0,0,0,1.0,1,1.0,1,1.0,1,0.2400249970775756,42
1582,0,3544,1255,2289,0,0,0,1.0,1,1.0,1,1.0,1,0.2400249970775756,42
1583,0,3544,1255,2289,0,0,0,1.0,1,1.0,1,1.0,1,0.25545833273131613,43
1584,3,3547,1256,2291,0,0,0,1.0,1,1.0,1,1.0,1,0.2052377270894088,41
1585,4,3551,1259,2292,0,0,0,1.0,1,1.0,1,1.0,1,0.2653655741363124,43
1586,1,3552,1260,2292,0,0,0,1.0,1,1.0,1,1.0,1,0.2788059077532271,42
1587,1,3553,1260,2293,0,0,0,1.0,1,1.0,1,1.0,1,0.2505937244478855,42
1588,3,3556,1262,2294,0,0,0,1.0,1,1.0,1,1.0,1,0.3019868225858581,42
1589,0,3556,1262,2294,0,0,0,1.0,1,1.0,1,1.0,1,0.26869480924774436,42
1590,3,3559,1262,2297,0,0,0,1.0,1,1.0,1,1.0,1,0.2358500330619724,41
1591,2,3561,1264,2297,0,0,0,1.0,1,1.0,1,1.0,1,0.22644468577575833,40
1592,1,3562,1265,2297,0,0,0,1.0,1,1.0,1,1.0,1,0.2887171178336877,39
1593,2,3564,1266,2298,0,0,0,1.0,1,1.0,1,1.0,1,0.2899795276304881,39
1594,0,3564,1266,2298,0,0,0,1.0,1,1.0,1,1.0,1,0.29560201176377443,39
1595,1,3565,1267,2298,0,0,0,1.0,1,1.0,1,1.0,1,0.3182762081751012,42
1596,2,3567,1267,2300,0,0,0,1.0,1,1.0,1,1.0,1,0.2916458874993945,41
1597,0,3567,1267,2300,0,0,0,1.0,1,1.0,1,1.0,1,0.2916458874993945,41
1598,2,3569,1267,2302,0,0,0,1.0,1,1.0,1,1.0,1,0.2667734170106799,39
1599,0,3569,1267,2302,0,0,0,1.0,1,1.0,1,1.0,1,0.2667734170106799,39
1600,0,3569,1267,2302,0,0,0,1.0,1,1.0,1,1.0,1,0.2792175817100057,40
1601,8,3577,1269,2308,0,0,0,1.0,1,1.0,1,1.0,1,0.16915799930895464,41
1602,0,3577,1269,2308,0,0,0,1.0,1,1.0,1,1.0,1,0.1509380034777288,41
1603,3,3580,1270,2310,0,0,0,1.0,1,1.0,1,1.0,1,0.20612808153840942,43
1604,3,3583,1271,2312,0,0,0,1.0,1,1.0,1,1.0,1,0.2076810929157697,43
1605,3,3586,1272,2314,0,0,0,1.0,1,1.0,1,1.0,1,0.2085357948217814,44
1606,3,3589,1273,2316,0,0,0,1.0,1,1.0,1,1.0,1,0.23916713614778162,44
1607,1,3590,1274,2316,0,0,0,1.0,1,1.0,1,1.0,1,0.23507773706724586,42
1608,2,3592,1276,2316,0,0,0,1.0,1,1.0,1,1.0,1,0.2947100331804653,41
1609,0,3592,1276,2316,0,0,0,1.0,1,1.0,1,1.0,1,0.2639374835186785,39
1610,1,3593,1276,2317,0,0,0,1.0,1,1.0,1,1.0,1,0.30685411291864045,39
1611,5,3598,1276,2322,0,0,0,1.0,1,1.0,1,1.0,1,0.26984616070712203,40
1612,1,3599,1276,2323,0,0,0,1.0,1,1.0,1,1.0,1,0.22788157762876107,39
1613,3,3602,1277,2325,0,0,0,1.0,1,1.0,1,1.0,1,0.28748154571118434,41
1614,5,3607,1277,2330,0,0,0,1.0,1,1.0,1,1.0,1,0.2807772196429219,41
1615,4,3611,1278,2333,0,0,0,1.0,1,1.0,1,1.0,1,0.2538759391612343,41
1616,3,3614,1279,2335,0,0,0,1.0,1,1.0,1,1.0,1,0.2991555870865,43
1617,2,3616,1279,2337,0,0,0,1.0,1,1.0,1,1.0,1,0.28924858988608754,44
1618,2,3618,1280,2338,0,0,0,1.0,1,1.0,1,1.0,1,0.30432207341920936,44
1619,5,3623,1281,2342,0,0,0,1.0,1,1.0,1,1.0,1,0.3272515378756166,44
1620,1,3624,1281,2343,0,0,0,1.0,1,1.0,1,1.0,1,0.3344049732137323,45
1621,3,3627,1281,2346,0,0,0,1.0,1,1.0,1,1.0,1,0.2958947251398256,44
1622,2,3629,1283,2346,0,0,0,1.0,1,1.0,1,1.0,1,0.31988802499844565,44
1623,1,3630,1283,2347,0,0,0,1.0,1,1.0,1,1.0,1,0.30200874003628264,43
1624,2,3632,1285,2347,0,0,0,1.0,1,1.0,1,1.0,1,0.2979242248338549,43
1625,1,3633,1286,2347,0,0,0,1.0,1,1.0,1,1.0,1,0.32632244835678087,43
1626,6,3639,1289,2350,0,0,0,1.0,1,1.0,1,1.0,1,0.3019735916890476,42
1627,0,3639,1289,2350,0,0,0,1.0,1,1.0,1,1.0,1,0.3042375410759659,42
1628,1,3640,1290,2350,0,0,0,1.0,1,1.0,1,1.0,1,0.3315105621027708,42
1629,1,3641,1291,2350,0,0,0,1.0,1,1.0,1,1.0,1,0.34308496872618516,41
1630,3,3644,1293,2351,0,0,0,1.0,1,1.0,1,1.0,1,0.3804028385398019,41
1631,2,3646,1294,2352,0,0,0,1.0,1,1.0,1,1.0,1,0.37968810018176524,40
1632,0,3646,1294,2352,0,0,0,1.0,1,1.0,1,1.0,1,0.36982500596182066,39
1633,0,3646,1294,2352,0,0,0,1.0,1,1.0,1,1.0,1,0.36982500596182066,39
1634,0,3646,1294,2352,0,0,0,1.0,1,1.0,1,1.0,1,0.36982500596182066,39
1635,0,3646,1294,2352,0,0,0,1.0,1,1.0,1,1.0,1,0.36270293122735303,40
1636,2,3648,1295,2353,0,0,0,1.0,1,1.0,1,1.0,1,0.34346716145533623,41
1637,4,3652,1296,2356,0,0,0,1.0,1,1.0,1,1.0,1,0.2969072299035651,41
1638,1,3653,1297,2356,0,0,0,1.0,1,1.0,1,1.0,1,0.33475609240768756,42
1639,0,3653,1297,2356,0,0,0,1.0,1,1.0,1,1.0,1,0.3345861985773047,43
1640,0,3653,1297,2356,0,0,0,1.0,1,1.0,1,1.0,1,0.3345861985773047,43
1641,6,3659,1297,2362,0,0,0,1.0,1,1.0,1,1.0,1,0.2597149604044681,44
1642,3,3662,1299,2363,0,0,0,1.0,1,1.0,1,1.0,1,0.29423044336291476,45
1643,5,3667,1301,2366,0,0,0,1.0,1,1.0,1,1.0,1,0.24914160469807392,44
1644,4,3671,1303,2368,0,0,0,1.0,1,1.0,1,1.0,1,0.25367056101007723,45
1645,1,3672,1304,2368,0,0,0,1.0,1,1.0,1,1.0,1,0.2495094643589018,44
1646,1,3673,1305,2368,0,0,0,1.0,1,1.0,1,1.0,1,0.2613480486744079,43
1647,3,3676,1307,2369,0,0,0,1.0,1,1.0,1,1.0,1,0.24739280623820128,43
1648,1,3677,1307,2370,0,0,0,1.0,1,1.0,1,1.0,1,0.26265477507867785,42
1649,0,3677,1307,2370,0,0,0,1.0,1,1.0,1,1.0,1,0.2968306592574233,41
1650,0,3677,1307,2370,0,0,0,1.0,1,1.0,1,1.0,1,0.2968306592574233,41
1651,1,3678,1308,2370,0,0,0,1.0,1,1.0,1,1.0,1,0.32419725407710515,40
1652,0,3678,1308,2370,0,0,0,1.0,1,1.0,1,1.0,1,0.33527256739198247,39
1653,0,3678,1308,2370,0,0,0,1.0,1,1.0,1,1.0,1,0.38571087575587815,39
1654,1,3679,1308,2371,0,0,0,1.0,1,1.0,1,1.0,1,0.34520899443285724,39
1655,3,3682,1309,2373,0,0,0,1.0,1,1.0,1,1.0,1,0.3379484919323924,40
1656,1,3683,1309,2374,0,0,0,1.0,1,1.0,1,1.0,1,0.3701587494081817,40
1657,3,3686,1310,2376,0,0,0,1.0,1,1.0,1,1.0,1,0.27084541929083117,40
1658,2,3688,1311,2377,0,0,0,1.0,1,1.0,1,1.0,1,0.21150334125218026,40
1659,4,3692,1314,2378,0,0,0,1.0,1,1.0,1,1.0,1,0.2388684399301496,40
1660,4,3696,1314,2382,0,0,0,1.0,1,1.0,1,1.0,1,0.23904570347064785,41
1661,4,3700,1316,2384,0,0,0,1.0,1,1.0,1,1.0,1,0.23980816249492648,42
1662,4,3704,1317,2387,0,0,0,1.0,1,1.0,1,1.0,1,0.19875067321821327,44
1663,3,3707,1319,2388,0,0,0,1.0,1,1.0,1,1.0,1,0.22565478310818537,43
1664,5,3712,1323,2389,0,0,0,1.0,1,1.0,1,1.0,1,0.33418847900234566,42
1665,3,3715,1324,2391,0,0,0,1.0,1,1.0,1,1.0,1,0.2941722847846977,42
1666,2,3717,1326,2391,0,0,0,1.0,1,1.0,1,1.0,1,0.3119274417662912,43
1667,2,3719,1328,2391,0,0,0,1.0,1,1.0,1,1.0,1,0.3240430516633757,40
1668,0,3719,1328,2391,0,0,0,1.0,1,1.0,1,1.0,1,0.3131610442625379,40
1669,2,3721,1330,2391,0,0,0,1.0,1,1.0,1,1.0,1,0.2818539317487235,40
1670,2,3723,1331,2392,0,0,0,1.0,1,1.0,1,1.0,1,0.2737767272500661,39
1671,2,3725,1333,2392,0,0,0,1.0,1,1.0,1,1.0,1,0.30589850379340505,39
1672,2,3727,1335,2392,0,0,0,1.0,1,1.0,1,1.0,1,0.3220071357502139,38
1673,2,3729,1337,2392,0,0,0,1.0,1,1.0,1,1.0,1,0.3052719745133767,38
1674,1,3730,1338,2392,0,0,0,1.0,1,1.0,1,1.0,1,0.31352896358463983,38
1675,1,3731,1338,2393,0,0,0,1.0,1,1.0,1,1.0,1,0.3148920653236384,39
1676,3,3734,1338,2396,0,0,0,1.0,1,1.0,1,1.0,1,0.29475106742996815,39
1677,0,3734,1338,2396,0,0,0,1.0,1,1.0,1,1.0,1,0.29032841391178316,40
1678,1,3735,1338,2397,0,0,0,1.0,1,1.0,1,1.0,1,0.27345985806788853,39
1679,0,3735,1338,2397,0,0,0,1.0,1,1.0,1,1.0,1,0.27345985806788853,39
1680,1,3736,1338,2398,0,0,0,1.0,1,1.0,1,1.0,1,0.28118482388137994,40
1681,3,3739,1338,2401,0,0,0,1.0,1,1.0,1,1.0,1,0.19074714931079217,41
1682,1,3740,1338,2402,0,0,0,1.0,1,1.0,1,1.0,1,0.136504823023548,40
1683,4,3744,1341,2403,0,0,0,1.0,1,1.0,1,1.0,1,0.14529358889923316,43
1684,3,3747,1343,2404,0,0,0,1.0,1,1.0,1,1.0,1,0.16757456899892492,42
1685,1,3748,1343,2405,0,0,0,1.0,1,1.0,1,1.0,1,0.13018055085212732,41
1686,0,3748,1343,2405,0,0,0,1.0,1,1.0,1,1.0,1,0.16302481200290064,39
1687,4,3752,1345,2407,0,0,0,1.0,1,1.0,1,1.0,1,0.14297409678954764,41
1688,2,3754,1347,2407,0,0,0,1.0,1,1.0,1,1.0,1,0.15594031423772078,39
1689,1,3755,1348,2407,0,0,0,1.0,1,1.0,1,1.0,1,0.19288031174387368,37
1690,0,3755,1348,2407,0,0,0,1.0,1,1.0,1,1.0,1,0.25896840120232406,36
1691,5,3760,1351,2409,0,0,0,1.0,1,1.0,1,1.0,1,0.2753912595267788,36
1692,2,3762,1351,2411,0,0,0,1.0,1,1.0,1,1.0,1,0.2990201501606418,34
1693,2,3764,1352,2412,0,0,0,1.0,1,1.0,1,1.0,1,0.3154890154985213,33
1694,2,3766,1352,2414,0,0,0,1.0,1,1.0,1,1.0,1,0.3174684708409573,32
1695,2,3768,1352,2416,0,0,0,1.0,1,1.0,1,1.0,1,0.3138444362204636,32
1696,1,3769,1353,2416,0,0,0,1.0,1,1.0,1,1.0,1,0.3350706670248487,34
1697,2,3771,1355,2416,0,0,0,1.0,1,1.0,1,1.0,1,0.3595020438065832,34
1698,6,3777,1357,2420,0,0,0,1.0,1,1.0,1,1.0,1,0.351719461073283,36
1699,5,3782,1358,2424,0,0,0,1.0,1,1.0,1,1.0,1,0.37327032193375376,36
1700,2,3784,1358,2426,0,0,0,1.0,1,1.0,1,1.0,1,0.3912696156852012,37
1701,4,3788,1358,2430,0,0,0,1.0,1,1.0,1,1.0,1,0.3025221407637978,39
1702,2,3790,1359,2431,0,0,0,1.0,1,1.0,1,1.0,1,0.3008141891872647,39
1703,2,3792,1360,2432,0,0,0,1.0,1,1.0,1,1.0,1,0.28900328195841246,38
1704,3,3795,1363,2432,0,0,0,1.0,1,1.0,1,1.0,1,0.30498793474633784,38
1705,1,3796,1363,2433,0,0,0,1.0,1,1.0,1,1.0,1,0.2847470728536149,37
1706,4,3800,1365,2435,0,0,0,1.0,1,1.0,1,1.0,1,0.27491828262142165,37
1707,2,3802,1367,2435,0,0,0,1.0,1,1.0,1,1.0,1,0.3033810433268597,36
1708,1,3803,1367,2436,0,0,0,1.0,1,1.0,1,1.0,1,0.27209103090891906,34
1709,1,3804,1368,2436,0,0,0,1.0,1,1.0,1,1.0,1,0.29442973188823196,34
1710,3,3807,1370,2437,0,0,0,1.0,1,1.0,1,1.0,1,0.34175006003354164,33
1711,0,3807,1370,2437,0,0,0,1.0,1,1.0,1,1.0,1,0.34994637065810646,32
1712,1,3808,1371,2437,0,0,0,1.0,1,1.0,1,1.0,1,0.38313544220849116,31
1713,2,3810,1371,2439,0,0,0,1.0,1,1.0,1,1.0,1,0.3612132857364928,32
1714,0,3810,1371,2439,0,0,0,1.0,1,1.0,1,1.0,1,0.3612132857364928,32
1715,0,3810,1371,2439,0,0,0,1.0,1,1.0,1,1.0,1,0.3612132857364928,32
1716,1,3811,1372,2439,0,0,0,1.0,1,1.0,1,1.0,1,0.37549295137190275,34
1717,2,3813,1372,2441,0,0,0,1.0,1,1.0,1,1.0,1,0.3416757549186861,34
1718,1,3814,1372,2442,0,0,0,1.0,1,1.0,1,1.0,1,0.36731437954479496,34
1719,2,3816,1372,2444,0,0,0,1.0,1,1.0,1,1.0,1,0.3662666326322415,34
1720,0,3816,1372,2444,0,0,0,1.0,1,1.0,1,1.0,1,0.34521810422769195,34
1721,0,3816,1372,2444,0,0,0,1.0,1,1.0,1,1.0,1,0.3251146526252321,35
1722,0,3816,1372,2444,0,0,0,1.0,1,1.0,1,1.0,1,0.30156797110340866,35
1723,0,3816,1372,2444,0,0,0,1.0,1,1.0,1,1.0,1,0.3273676680167473,34
1724,1,3817,1373,2444,0,0,0,1.0,1,1.0,1,1.0,1,0.2749690303427347,33
1725,2,3819,1374,2445,0,0,0,1.0,1,1.0,1,1.0,1,0.30393181245881307,35
1726,0,3819,1374,2445,0,0,0,1.0,1,1.0,1,1.0,1,0.2760090411024001,34
1727,2,3821,1375,2446,0,0,0,1.0,1,1.0,1,1.0,1,0.31214773576644145,34
1728,1,3822,1375,2447,0,0,0,1.0,1,1.0,1,1.0,1,0.2892451006222015,35
1729,0,3822,1375,2447,0,0,0,1.0,1,1.0,1,1.0,1,0.31060397445768506,35
1730,2,3824,1376,2448,0,0,0,1.0,1,1.0,1,1.0,1,0.29313776960906385,35
1731,1,3825,1377,2448,0,0,0,1.0,1,1.0,1,1.0,1,0.3365877931437181,35
1732,0,3825,1377,2448,0,0,0,1.0,1,1.0,1,1.0,1,0.3365877931437181,35
1733,2,3827,1377,2450,0,0,0,1.0,1,1.0,1,1.0,1,0.32892904519318805,33
1734,1,3828,1378,2450,0,0,0,1.0,1,1.0,1,1.0,1,0.3289641940549601,34
1735,3,3831,1379,2452,0,0,0,1.0,1,1.0,1,1.0,1,0.2935011681793361,33
1736,3,3834,1381,2453,0,0,0,1.0,1,1.0,1,1.0,1,0.26732258234802814,33
1737,2,3836,1382,2454,0,0,0,1.0,1,1.0,1,1.0,1,0.2778126340370593,35
1738,2,3838,1383,2455,0,0,0,1.0,1,1.0,1,1.0,1,0.3003701573404586,36
1739,5,3843,1385,2458,0,0,0,1.0,1,1.0,1,1.0,1,0.2605693799955503,36
1740,1,3844,1386,2458,0,0,0,1.0,1,1.0,1,1.0,1,0.2928775298677365,37
1741,5,3849,1386,2463,0,0,0,1.0,1,1.0,1,1.0,1,0.17914032691067788,36
1742,1,3850,1387,2463,0,0,0,1.0,1,1.0,1,1.0,1,0.18768540817932242,36
1743,1,3851,1388,2463,0,0,0,1.0,1,1.0,1,1.0,1,0.21527382778410342,37
1744,2,3853,1388,2465,0,0,0,1.0,1,1.0,1,1.0,1,0.15677598385970484,37
1745,5,3858,1392,2466,0,0,0,1.0,1,1.0,1,1.0,1,0.23562309238995688,38
1746,1,3859,1392,2467,0,0,0,1.0,1,1.0,1,1.0,1,0.2285762054551997,38
1747,1,3860,1393,2467,0,0,0,1.0,1,1.0,1,1.0,1,0.21870400522056674,37
1748,1,3861,1394,2467,0,0,0,1.0,1,1.0,1,1.0,1,0.20995064350241777,38
1749,0,3861,1394,2467,0,0,0,1.0,1,1.0,1,1.0,1,0.20995064350241777,38
1750,3,3864,1394,2470,0,0,0,1.0,1,1.0,1,1.0,1,0.203632628260169,39
1751,1,3865,1394,2471,0,0,0,1.0,1,1.0,1,1.0,1,0.20106237245167435,41
1752,0,3865,1394,2471,0,0,0,1.0,1,1.0,1,1.0,1,0.20106237245167435,41
1753,0,3865,1394,2471,0,0,0,1.0,1,1.0,1,1.0,1,0.2212389373784027,41
1754,0,3865,1394,2471,0,0,0,1.0,1,1.0,1,1.0,1,0.21379195273136042,40
1755,1,3866,1395,2471,0,0,0,1.0,1,1.0,1,1.0,1,0.1803728224791127,41
1756,0,3866,1395,2471,0,0,0,1.0,1,1.0,1,1.0,1,0.2282602744202118,41
1757,0,3866,1395,2471,0,0,0,1.0,1,1.0,1,1.0,1,0.23348092418788213,40
1758,2,3868,1397,2471,0,0,0,1.0,1,1.0,1,1.0,1,0.26671071729916007,41
1759,2,3870,1398,2472,0,0,0,1.0,1,1.0,1,1.0,1,0.24452069289438907,38
1760,1,3871,1399,2472,0,0,0,1.0,1,1.0,1,1.0,1,0.2895926241686139,38
1761,2,3873,1400,2473,0,0,0,1.0,1,1.0,1,1.0,1,0.2864055411181089,37
1762,4,3877,1401,2476,0,0,0,1.0,1,1.0,1,1.0,1,0.25906643536726626,37
1763,3,3880,1404,2476,0,0,0,1.0,1,1.0,1,1.0,1,0.30010885458178416,37
1764,2,3882,1405,2477,0,0,0,1.0,1,1.0,1,1.0,1,0.27145747167109824,36
1765,2,3884,1407,2477,0,0,0,1.0,1,1.0,1,1.0,1,0.2970135326899238,36
1766,2,3886,1408,2478,0,0,0,1.0,1,1.0,1,1.0,1,0.30093592186168744,37
1767,2,3888,1409,2479,0,0,0,1.0,1,1.0,1,1.0,1,0.2798652681452875,37
1768,1,3889,1410,2479,0,0,0,1.0,1,1.0,1,1.0,1,0.28386372710247776,37
1769,1,3890,1411,2479,0,0,0,1.0,1,1.0,1,1.0,1,0.28100984228615095,38
1770,2,3892,1413,2479,0,0,0,1.0,1,1.0,1,1.0,1,0.3276810352963507,39
1771,0,3892,1413,2479,0,0,0,1.0,1,1.0,1,1.0,1,0.3276810352963507,39
1772,0,3892,1413,2479,0,0,0,1.0,1,1.0,1,1.0,1,0.3276810352963507,39
1773,1,3893,1413,2480,0,0,0,1.0,1,1.0,1,1.0,1,0.2791053661088865,41
1774,0,3893,1413,2480,0,0,0,1.0,1,1.0,1,1.0,1,0.2791053661088865,41
1775,2,3895,1413,2482,0,0,0,1.0,1,1.0,1,1.0,1,0.2545648017524678,42
1776,2,3897,1414,2483,0,0,0,1.0,1,1.0,1,1.0,1,0.2344763757826874,43
1777,0,3897,1414,2483,0,0,0,1.0,1,1.0,1,1.0,1,0.2344763757826874,43
1778,0,3897,1414,2483,0,0,0,1.0,1,1.0,1,1.0,1,0.24953480507864134,44
1779,2,3899,1414,2485,0,0,0,1.0,1,1.0,1,1.0,1,0.22390921319551868,46
1780,1,3900,1415,2485,0,0,0,1.0,1,1.0,1,1.0,1,0.2370096786331833,46
1781,4,3904,1416,2488,0,0,0,1.0,1,1.0,1,1.0,1,0.21093859758217307,46
1782,1,3905,1417,2488,0,0,0,1.0,1,1.0,1,1.0,1,0.242904791789096,46
1783,1,3906,1418,2488,0,0,0,1.0,1,1.0,1,1.0,1,0.2295519490075455,44
1784,1,3907,1419,2488,0,0,0,1.0,1,1.0,1,1.0,1,0.2507565138658593,45
1785,1,3908,1420,2488,0,0,0,1.0,1,1.0,1,1.0,1,0.272161531862698,42
1786,4,3912,1422,2490,0,0,0,1.0,1,1.0,1,1.0,1,0.25794939650817994,43
1787,3,3915,1425,2490,0,0,0,1.0,1,1.0,1,1.0,1,0.2885509000394834,41
1788,2,3917,1426,2491,0,0,0,1.0,1,1.0,1,1.0,1,0.30242561587812156,41
1789,4,3921,1427,2494,0,0,0,1.0,1,1.0,1,1.0,1,0.2910975034241145,41
1790,2,3923,1429,2494,0,0,0,1.0,1,1.0,1,1.0,1,0.3100657476404677,41
1791,1,3924,1430,2494,0,0,0,1.0,1,1.0,1,1.0,1,0.3195380231237762,40
1792,2,3926,1432,2494,0,0,0,1.0,1,1.0,1,1.0,1,0.28250141025490366,40
1793,1,3927,1432,2495,0,0,0,1.0,1,1.0,1,1.0,1,0.30073638577780953,41
1794,1,3928,1433,2495,0,0,0,1.0,1,1.0,1,1.0,1,0.3063154591005726,41
1795,6,3934,1437,2497,0,0,0,1.0,1,1.0,1,1.0,1,0.2667408273044391,40
1796,2,3936,1439,2497,0,0,0,1.0,1,1.0,1,1.0,1,0.2665586914541065,40
1797,1,3937,1440,2497,0,0,0,1.0,1,1.0,1,1.0,1,0.31056672400890906,37
1798,1,3938,1441,2497,0,0,0,1.0,1,1.0,1,1.0,1,0.32932395700172223,37
1799,0,3938,1441,2497,0,0,0,1.0,1,1.0,1,1.0,1,0.3847712231353076,36
1800,1,3939,1441,2498,0,0,0,1.0,1,1.0,1,1.0,1,0.38009623292922357,36
1801,2,3941,1441,2500,0,0,0,1.0,1,1.0,1,1.0,1,0.3250391646870309,34
1802,1,3942,1441,2501,0,0,0,1.0,1,1.0,1,1.0,1,0.29218343715286105,33
1803,0,3942,1441,2501,0,0,0,1.0,1,1.0,1,1.0,1,0.29218343715286105,33
1804,1,3943,1441,2502,0,0,0,1.0,1,1.0,1,1.0,1,0.26426935562911413,33
1805,0,3943,1441,2502,0,0,0,1.0,1,1.0,1,1.0,1,0.26398269199367536,35
1806,7,3950,1446,2504,0,0,0,1.0,1,1.0,1,1.0,1,0.32512934965365725,35
1807,0,3950,1446,2504,0,0,0,1.0,1,1.0,1,1.0,1,0.35061490750809604,35
1808,5,3955,1447,2508,0,0,0,1.0,1,1.0,1,1.0,1,0.2513822198855912,36
1809,1,3956,1447,2509,0,0,0,1.0,1,1.0,1,1.0,1,0.21176639456453783,36
1810,0,3956,1447,2509,0,0,0,1.0,1,1.0,1,1.0,1,0.22861254465892528,35
1811,3,3959,1447,2512,0,0,0,1.0,1,1.0,1,1.0,1,0.21882766804532644,36
1812,3,3962,1448,2514,0,0,0,1.0,1,1.0,1,1.0,1,0.2630742452818919,36
1813,1,3963,1448,2515,0,0,0,1.0,1,1.0,1,1.0,1,0.2714948748064057,36
1814,1,3964,1448,2516,0,0,0,1.0,1,1.0,1,1.0,1,0.25613789998322495,34
1815,3,3967,1449,2518,0,0,0,1.0,1,1.0,1,1.0,1,0.29530230538020313,35
1816,7,3974,1450,2524,0,0,0,1.0,1,1.0,1,1.0,1,0.3027550835776673,34
1817,3,3977,1451,2526,0,0,0,1.0,1,1.0,1,1.0,1,0.2638204820658186,34
1818,3,3980,1452,2528,0,0,0,1.0,1,1.0,1,1.0,1,0.27539633606071257,34
1819,3,3983,1453,2530,0,0,0,1.0,1,1.0,1,1.0,1,0.2581144303472903,35
1820,2,3985,1454,2531,0,0,0,1.0,1,1.0,1,1.0,1,0.2958806372332641,36
1821,6,3991,1454,2537,0,0,0,1.0,1,1.0,1,1.0,1,0.17621312961669428,36
1822,2,3993,1455,2538,0,0,0,1.0,1,1.0,1,1.0,1,0.22319149604461241,37
1823,3,3996,1456,2540,0,0,0,1.0,1,1.0,1,1.0,1,0.28871078374249404,38
1824,5,4001,1458,2543,0,0,0,1.0,1,1.0,1,1.0,1,0.2651968948636324,37
1825,5,4006,1460,2546,0,0,0,1.0,1,1.0,1,1.0,1,0.3069391190749958,36
1826,4,4010,1461,2549,0,0,0,1.0,1,1.0,1,1.0,1,0.2953459296871697,35
1827,6,4016,1462,2554,0,0,0,1.0,1,1.0,1,1.0,1,0.29757515199164464,35
1828,4,4020,1463,2557,0,0,0,1.0,1,1.0,1,1.0,1,0.3351080753016121,33
1829,4,4024,1463,2561,0,0,0,1.0,1,1.0,1,1.0,1,0.33137332370574873,32
1830,2,4026,1463,2563,0,0,0,1.0,1,1.0,1,1.0,1,0.30593224237899547,32
1831,1,4027,1464,2563,0,0,0,1.0,1,1.0,1,1.0,1,0.3767628331231843,30
1832,1,4028,1465,2563,0,0,0,1.0,1,1.0,1,1.0,1,0.3873701993836762,30
1833,1,4029,1465,2564,0,0,0,1.0,1,1.0,1,1.0,1,0.3877564934443715,29
1834,1,4030,1466,2564,0,0,0,1.0,1,1.0,1,1.0,1,0.3919113134347753,28
1835,2,4032,1467,2565,0,0,0,1.0,1,1.0,1,1.0,1,0.4359125128670204,28
1836,2,4034,1468,2566,0,0,0,1.0,1,1.0,1,1.0,1,0.42150965546788244,29
1837,1,4035,1468,2567,0,0,0,1.0,1,1.0,1,1.0,1,0.4536394167088564,28
1838,2,4037,1469,2568,0,0,0,1.0,1,1.0,1,1.0,1,0.4611082525956298,28
1839,2,4039,1470,2569,0,0,0,1.0,1,1.0,1,1.0,1,0.49564274711181405,27
1840,1,4040,1470,2570,0,0,0,1.0,1,1.0,1,1.0,1,0.5267668016690771,26
1841,6,4046,1470,2576,0,0,0,1.0,1,1.0,1,1.0,1,0.37528393766462265,25
1842,4,4050,1471,2579,0,0,0,1.0,1,1.0,1,1.0,1,0.25375863978989105,26
1843,0,4050,1471,2579,0,0,0,1.0,1,1.0,1,1.0,1,0.25375863978989105,26
1844,2,4052,1472,2580,0,0,0,1.0,1,1.0,1,1.0,1,0.24773691142820845,26
1845,1,4053,1473,2580,0,0,0,1.0,1,1.0,1,1.0,1,0.26737557152949615,26
1846,2,4055,1474,2581,0,0,0,1.0,1,1.0,1,1.0,1,0.23719307132997342,26
1847,0,4055,1474,2581,0,0,0,1.0,1,1.0,1,1.0,1,0.23719307132997342,26
1848,1,4056,1474,2582,0,0,0,1.0,1,1.0,1,1.0,1,0.23236305725189843,27
1849,0,4056,1474,2582,0,0,0,1.0,1,1.0,1,1.0,1,0.23236305725189843,27
1850,1,4057,1474,2583,0,0,0,1.0,1,1.0,1,1.0,1,0.19165257821284587,28
1851,0,4057,1474,2583,0,0,0,1.0,1,1.0,1,1.0,1,0.19165257821284587,28
1852,1,4058,1474,2584,0,0,0,1.0,1,1.0,1,1.0,1,0.1419772263613127,28
1853,0,4058,1474,2584,0,0,0,1.0,1,1.0,1,1.0,1,0.16084249207445928,27
1854,1,4059,1474,2585,0,0,0,1.0,1,1.0,1,1.0,1,0.17498211896552446,28
1855,0,4059,1474,2585,0,0,0,1.0,1,1.0,1,1.0,1,0.17498211896552446,28
1856,1,4060,1475,2585,0,0,0,1.0,1,1.0,1,1.0,1,0.17565560251945778,30
1857,2,4062,1475,2587,0,0,0,1.0,1,1.0,1,1.0,1,0.19209838652207192,31
1858,8,4070,1478,2592,0,0,0,1.0,1,1.0,1,1.0,1,0.27973505024503553,31
1859,4,4074,1478,2596,0,0,0,1.0,1,1.0,1,1.0,1,0.2925191405749011,31
1860,3,4077,1478,2599,0,0,0,1.0,1,1.0,1,1.0,1,0.27830577483262625,31
1861,0,4077,1478,2599,0,0,0,1.0,1,1.0,1,1.0,1,0.27830577483262625,31
1862,0,4077,1478,2599,0,0,0,1.0,1,1.0,1,1.0,1,0.27830577483262625,31
1863,1,4078,1479,2599,0,0,0,1.0,1,1.0,1,1.0,1,0.29265824142259156,31
1864,2,4080,1481,2599,0,0,0,1.0,1,1.0,1,1.0,1,0.25490316186906115,30
1865,0,4080,1481,2599,0,0,0,1.0,1,1.0,1,1.0,1,0.26688502175797335,27
1866,1,4081,1482,2599,0,0,0,1.0,1,1.0,1,1.0,1,0.25340814982115395,28
1867,1,4082,1483,2599,0,0,0,1.0,1,1.0,1,1.0,1,0.24710990900045396,26
1868,1,4083,1484,2599,0,0,0,1.0,1,1.0,1,1.0,1,0.26139950414217966,26
1869,0,4083,1484,2599,0,0,0,1.0,1,1.0,1,1.0,1,0.2622231555015195,25
1870,1,4084,1485,2599,0,0,0,1.0,1,1.0,1,1.0,1,0.23708319026261732,25
1871,1,4085,1486,2599,0,0,0,1.0,1,1.0,1,1.0,1,0.24419063049690146,26
1872,0,4085,1486,2599,0,0,0,1.0,1,1.0,1,1.0,1,0.24194064443168506,25
1873,0,4085,1486,2599,0,0,0,1.0,1,1.0,1,1.0,1,0.2816553256423958,23
1874,0,4085,1486,2599,0,0,0,1.0,1,1.0,1,1.0,1,0.33034455227330123,23
1875,0,4085,1486,2599,0,0,0,1.0,1,1.0,1,1.0,1,0.3883314448322282,21
1876,0,4085,1486,2599,0,0,0,1.0,1,1.0,1,1.0,1,0.39743498747955575,24
1877,1,4086,1487,2599,0,0,0,1.0,1,1.0,1,1.0,1,0.42976085501335787,24
1878,1,4087,1488,2599,0,0,0,1.0,1,1.0,1,1.0,1,0.38922816989385967,26
1879,0,4087,1488,2599,0,0,0,1.0,1,1.0,1,1.0,1,0.38922816989385967,26
1880,0,4087,1488,2599,0,0,0,1.0,1,1.0,1,1.0,1,0.38922816989385967,26
1881,3,4090,1488,2602,0,0,0,1.0,1,1.0,1,1.0,1,0.2914905742248211,26
1882,0,4090,1488,2602,0,0,0,1.0,1,1.0,1,1.0,1,0.29941213363429153,25
1883,0,4090,1488,2602,0,0,0,1.0,1,1.0,1,1.0,1,0.29941213363429153,25
1884,0,4090,1488,2602,0,0,0,1.0,1,1.0,1,1.0,1,0.29941213363429153,25
1885,0,4090,1488,2602,0,0,0,1.0,1,1.0,1,1.0,1,0.29941213363429153,25
1886,0,4090,1488,2602,0,0,0,1.0,1,1.0,1,1.0,1,0.2900156785081669,26
1887,0,4090,1488,2602,0,0,0,1.0,1,1.0,1,1.0,1,0.2900156785081669,26
1888,1,4091,1489,2602,0,0,0,1.0,1,1.0,1,1.0,1,0.3179659150135253,27
1889,0,4091,1489,2602,0,0,0,1.0,1,1.0,1,1.0,1,0.34318138628098954,28
1890,0,4091,1489,2602,0,0,0,1.0,1,1.0,1,1.0,1,0.34318138628098954,28
1891,1,4092,1489,2603,0,0,0,1.0,1,1.0,1,1.0,1,0.3517569801647812,29
1892,1,4093,1489,2604,0,0,0,1.0,1,1.0,1,1.0,1,0.32498395990449297,29
1893,1,4094,1490,2604,0,0,0,1.0,1,1.0,1,1.0,1,0.33197752726108654,29
1894,2,4096,1490,2606,0,0,0,1.0,1,1.0,1,1.0,1,0.2887229687651091,29
1895,3,4099,1491,2608,0,0,0,1.0,1,1.0,1,1.0,1,0.24972483998807365,31
1896,1,4100,1491,2609,0,0,0,1.0,1,1.0,1,1.0,1,0.22541230863373807,31
1897,0,4100,1491,2609,0,0,0,1.0,1,1.0,1,1.0,1,0.22541230863373807,31
1898,0,4100,1491,2609,0,0,0,1.0,1,1.0,1,1.0,1,0.22541230863373807,31
1899,0,4100,1491,2609,0,0,0,1.0,1,1.0,1,1.0,1,0.2404131979592219,32
1900,0,4100,1491,2609,0,0,0,1.0,1,1.0,1,1.0,1,0.2404131979592219,32
1901,1,4101,1491,2610,0,0,0,1.0,1,1.0,1,1.0,1,0.21562081819295975,32
1902,0,4101,1491,2610,0,0,0,1.0,1,1.0,1,1.0,1,0.21562081819295975,32
1903,0,4101,1491,2610,0,0,0,1.0,1,1.0,1,1.0,1,0.21562081819295975,32
1904,0,4101,1491,2610,0,0,0,1.0,1,1.0,1,1.0,1,0.19728551899837968,34
1905,0,4101,1491,2610,0,0,0,1.0,1,1.0,1,1.0,1,0.19728551899837968,34
1906,0,4101,1491,2610,0,0,0,1.0,1,1.0,1,1.0,1,0.2085175039782018,35
1907,0,4101,1491,2610,0,0,0,1.0,1,1.0,1,1.0,1,0.21284753050656835,36
1908,0,4101,1491,2610,0,0,0,1.0,1,1.0,1,1.0,1,0.21284753050656835,36
1909,1,4102,1491,2611,0,0,0,1.0,1,1.0,1,1.0,1,0.2016894437709963,37
1910,3,4105,1492,2613,0,0,0,1.0,1,1.0,1,1.0,1,0.21989192349764905,38
1911,0,4105,1492,2613,0,0,0,1.0,1,1.0,1,1.0,1,0.20874270650429227,37
1912,3,4108,1494,2614,0,0,0,1.0,1,1.0,1,1.0,1,0.21832152125245602,37
1913,1,4109,1494,2615,0,0,0,1.0,1,1.0,1,1.0,1,0.21352654544191677,36
1914,2,4111,1495,2616,0,0,0,1.0,1,1.0,1,1.0,1,0.21966175706270122,37
1915,2,4113,1497,2616,0,0,0,1.0,1,1.0,1,1.0,1,0.2754970064034109,37
1916,5,4118,1500,2618,0,0,0,1.0,1,1.0,1,1.0,1,0.2696446337286893,39
1917,4,4122,1501,2621,0,0,0,1.0,1,1.0,1,1.0,1,0.30367979559089003,38
1918,2,4124,1502,2622,0,0,0,1.0,1,1.0,1,1.0,1,0.30100544128565115,38
1919,3,4127,1502,2625,0,0,0,1.0,1,1.0,1,1.0,1,0.32866926728277424,38
1920,6,4133,1503,2630,0,0,0,1.0,1,1.0,1,1.0,1,0.3289962798704263,39
1921,3,4136,1503,2633,0,0,0,1.0,1,1.0,1,1.0,1,0.23028168027442458,38
1922,2,4138,1504,2634,0,0,0,1.0,1,1.0,1,1.0,1,0.18320858106421833,39
1923,2,4140,1506,2634,0,0,0,1.0,1,1.0,1,1.0,1,0.23397196470981396,40
1924,2,4142,1506,2636,0,0,0,1.0,1,1.0,1,1.0,1,0.19019664122725943,40
1925,1,4143,1506,2637,0,0,0,1.0,1,1.0,1,1.0,1,0.1865936484751978,40
1926,0,4143,1506,2637,0,0,0,1.0,1,1.0,1,1.0,1,0.1865936484751978,40
1927,1,4144,1506,2638,0,0,0,1.0,1,1.0,1,1.0,1,0.15924294603762149,41
1928,0,4144,1506,2638,0,0,0,1.0,1,1.0,1,1.0,1,0.15924294603762149,41
1929,1,4145,1506,2639,0,0,0,1.0,1,1.0,1,1.0,1,0.12695206215302599,40
1930,0,4145,1506,2639,0,0,0,1.0,1,1.0,1,1.0,1,0.12695206215302599,40
1931,1,4146,1507,2639,0,0,0,1.0,1,1.0,1,1.0,1,0.15690298135431663,40
1932,0,4146,1507,2639,0,0,0,1.0,1,1.0,1,1.0,1,0.15690298135431663,40
1933,0,4146,1507,2639,0,0,0,1.0,1,1.0,1,1.0,1,0.17617554239810407,42
1934,0,4146,1507,2639,0,0,0,1.0,1,1.0,1,1.0,1,0.18603656726222334,44
1935,1,4147,1507,2640,0,0,0,1.0,1,1.0,1,1.0,1,0.16948484967207003,44
1936,3,4150,1508,2642,0,0,0,1.0,1,1.0,1,1.0,1,0.15657232913618163,46
1937,0,4150,1508,2642,0,0,0,1.0,1,1.0,1,1.0,1,0.1649823058927339,47
1938,1,4151,1508,2643,0,0,0,1.0,1,1.0,1,1.0,1,0.15817732174401442,47
1939,1,4152,1508,2644,0,0,0,1.0,1,1.0,1,1.0,1,0.1628069617386894,47
1940,3,4155,1508,2647,0,0,0,1.0,1,1.0,1,1.0,1,0.18493803422945188,47
1941,3,4158,1510,2648,0,0,0,1.0,1,1.0,1,1.0,1,0.15867865969787023,47
1942,3,4161,1512,2649,0,0,0,1.0,1,1.0,1,1.0,1,0.19764044507070222,49
1943,2,4163,1513,2650,0,0,0,1.0,1,1.0,1,1.0,1,0.1875757008014084,47
1944,3,4166,1515,2651,0,0,0,1.0,1,1.0,1,1.0,1,0.2078840234417553,47
1945,5,4171,1518,2653,0,0,0,1.0,1,1.0,1,1.0,1,0.22256128230935854,45
1946,1,4172,1519,2653,0,0,0,1.0,1,1.0,1,1.0,1,0.24373898336096764,45
1947,4,4176,1521,2655,0,0,0,1.0,1,1.0,1,1.0,1,0.26580043719584684,45
1948,3,4179,1522,2657,0,0,0,1.0,1,1.0,1,1.0,1,0.2990306656735404,45
1949,2,4181,1524,2657,0,0,0,1.0,1,1.0,1,1.0,1,0.3861549768637907,42
1950,6,4187,1526,2661,0,0,0,1.0,1,1.0,1,1.0,1,0.32504254299039004,42
1951,1,4188,1527,2661,0,0,0,1.0,1,1.0,1,1.0,1,0.3970320675576866,38
1952,1,4189,1528,2661,0,0,0,1.0,1,1.0,1,1.0,1,0.34925931739249333,36
1953,2,4191,1530,2661,0,0,0,1.0,1,1.0,1,1.0,1,0.3364085591271892,35
1954,1,4192,1530,2662,0,0,0,1.0,1,1.0,1,1.0,1,0.3245343407510758,32
1955,3,4195,1533,2662,0,0,0,1.0,1,1.0,1,1.0,1,0.32358182437531285,33
1956,2,4197,1534,2663,0,0,0,1.0,1,1.0,1,1.0,1,0.31483062599745837,31
1957,1,4198,1535,2663,0,0,0,1.0,1,1.0,1,1.0,1,0.29981073678651626,33
1958,1,4199,1535,2664,0,0,0,1.0,1,1.0,1,1.0,1,0.2438822611886501,34
1959,0,4199,1535,2664,0,0,0,1.0,1,1.0,1,1.0,1,0.24320883966810888,35
1960,1,4200,1536,2664,0,0,0,1.0,1,1.0,1,1.0,1,0.2834969306703543,36
1961,2,4202,1537,2665,0,0,0,1.0,1,1.0,1,1.0,1,0.2611727595095499,36
1962,2,4204,1537,2667,0,0,0,1.0,1,1.0,1,1.0,1,0.28329874337979855,35
1963,1,4205,1538,2667,0,0,0,1.0,1,1.0,1,1.0,1,0.2931157297865966,36
1964,2,4207,1539,2668,0,0,0,1.0,1,1.0,1,1.0,1,0.3321168977977439,35
1965,2,4209,1540,2669,0,0,0,1.0,1,1.0,1,1.0,1,0.2531480458166258,36
1966,2,4211,1541,2670,0,0,0,1.0,1,1.0,1,1.0,1,0.22151925818470114,36
1967,1,4212,1541,2671,0,0,0,1.0,1,1.0,1,1.0,1,0.20799608260162167,36
1968,0,4212,1541,2671,0,0,0,1.0,1,1.0,1,1.0,1,0.21933947816161437,37
1969,1,4213,1542,2671,0,0,0,1.0,1,1.0,1,1.0,1,0.23416675848645113,37
1970,3,4216,1543,2673,0,0,0,1.0,1,1.0,1,1.0,1,0.24577853029838506,38
1971,1,4217,1543,2674,0,0,0,1.0,1,1.0,1,1.0,1,0.2583015243413202,37
1972,1,4218,1543,2675,0,0,0,1.0,1,1.0,1,1.0,1,0.2526175523811579,37
1973,2,4220,1544,2676,0,0,0,1.0,1,1.0,1,1.0,1,0.2954002759378603,37
1974,3,4223,1545,2678,0,0,0,1.0,1,1.0,1,1.0,1,0.30466179522648146,38
1975,1,4224,1545,2679,0,0,0,1.0,1,1.0,1,1.0,1,0.31774650817436356,37
1976,4,4228,1548,2680,0,0,0,1.0,1,1.0,1,1.0,1,0.30260815700498195,39
1977,4,4232,1549,2683,0,0,0,1.0,1,1.0,1,1.0,1,0.2813846931413034,42
1978,2,4234,1551,2683,0,0,0,1.0,1,1.0,1,1.0,1,0.27931162253230796,42
1979,2,4236,1551,2685,0,0,0,1.0,1,1.0,1,1.0,1,0.2689147434130667,42
1980,3,4239,1552,2687,0,0,0,1.0,1,1.0,1,1.0,1,0.28783982028332755,43
1981,2,4241,1552,2689,0,0,0,1.0,1,1.0,1,1.0,1,0.2606768594376958,44
1982,5,4246,1553,2693,0,0,0,1.0,1,1.0,1,1.0,1,0.2023729776271457,44
1983,2,4248,1555,2693,0,0,0,1.0,1,1.0,1,1.0,1,0.19646400070703987,44
1984,1,4249,1556,2693,0,0,0,1.0,1,1.0,1,1.0,1,0.23325187424770316,42
1985,1,4250,1557,2693,0,0,0,1.0,1,1.0,1,1.0,1,0.21177316703931098,41
1986,3,4253,1560,2693,0,0,0,1.0,1,1.0,1,1.0,1,0.24672713414461767,40
1987,2,4255,1562,2693,0,0,0,1.0,1,1.0,1,1.0,1,0.21175992593124796,37
1988,5,4260,1565,2695,0,0,0,1.0,1,1.0,1,1.0,1,0.25662852622823806,35
1989,1,4261,1566,2695,0,0,0,1.0,1,1.0,1,1.0,1,0.2690692976318333,32
1990,3,4264,1568,2696,0,0,0,1.0,1,1.0,1,1.0,1,0.23682500829937833,31
1991,2,4266,1569,2697,0,0,0,1.0,1,1.0,1,1.0,1,0.2658268543129489,32
1992,2,4268,1570,2698,0,0,0,1.0,1,1.0,1,1.0,1,0.31039492317696565,32
1993,1,4269,1571,2698,0,0,0,1.0,1,1.0,1,1.0,1,0.35659879867701894,32
1994,0,4269,1571,2698,0,0,0,1.0,1,1.0,1,1.0,1,0.34478010282994187,31
1995,1,4270,1571,2699,0,0,0,1.0,1,1.0,1,1.0,1,0.3286729967272208,32
1996,0,4270,1571,2699,0,0,0,1.0,1,1.0,1,1.0,1,0.33328259197320714,32
1997,0,4270,1571,2699,0,0,0,1.0,1,1.0,1,1.0,1,0.3425823036865047,31
1998,1,4271,1572,2699,0,0,0,1.0,1,1.0,1,1.0,1,0.354182854016375,32
1999,1,4272,1572,2700,0,0,0,1.0,1,1.0,1,1.0,1,0.34742456607664385,31
2000,0,4272,1572,2700,0,0,0,1.0,1,1.0,1,1.0,1,0.3862595013854138,30
2001,0,4272,1572,2700,0,0,0,1.0,1,1.0,1,1.0,1,0.4126996296180313,29
2002,0,4272,1572,2700,0,0,0,1.0,1,1.0,1,1.0,1,0.39535193220642656,31
2003,7,4279,1574,2705,0,0,0,1.0,1,1.0,1,1.0,1,0.28098126215714264,33
2004,3,4282,1575,2707,0,0,0,1.0,1,1.0,1,1.0,1,0.2649257573729321,34
2005,0,4282,1575,2707,0,0,0,1.0,1,1.0,1,1.0,1,0.2881727861694651,35
2006,1,4283,1576,2707,0,0,0,1.0,1,1.0,1,1.0,1,0.2845395199974863,36
2007,1,4284,1576,2708,0,0,0,1.0,1,1.0,1,1.0,1,0.2755983588009011,36
2008,4,4288,1578,2710,0,0,0,1.0,1,1.0,1,1.0,1,0.2720384900702891,36
2009,1,4289,1578,2711,0,0,0,1.0,1,1.0,1,1.0,1,0.24173100708353373,37
2010,3,4292,1579,2713,0,0,0,1.0,1,1.0,1,1.0,1,0.2319042823925508,37
2011,0,4292,1579,2713,0,0,0,1.0,1,1.0,1,1.0,1,0.2319042823925508,37
2012,0,4292,1579,2713,0,0,0,1.0,1,1.0,1,1.0,1,0.2319042823925508,37
2013,1,4293,1580,2713,0,0,0,1.0,1,1.0,1,1.0,1,0.2625785154004887,39
2014,0,4293,1580,2713,0,0,0,1.0,1,1.0,1,1.0,1,0.2887879785731386,39
2015,0,4293,1580,2713,0,0,0,1.0,1,1.0,1,1.0,1,0.2887879785731386,39
2016,1,4294,1580,2714,0,0,0,1.0,1,1.0,1,1.0,1,0.2535206785392082,41
2017,0,4294,1580,2714,0,0,0,1.0,1,1.0,1,1.0,1,0.2535206785392082,41
2018,4,4298,1581,2717,0,0,0,1.0,1,1.0,1,1.0,1,0.22503686795292513,42
2019,0,4298,1581,2717,0,0,0,1.0,1,1.0,1,1.0,1,0.20675206403564486,43
2020,3,4301,1583,2718,0,0,0,1.0,1,1.0,1,1.0,1,0.2068969217644713,43
2021,3,4304,1584,2720,0,0,0,1.0,1,1.0,1,1.0,1,0.17937622994082844,43
2022,1,4305,1585,2720,0,0,0,1.0,1,1.0,1,1.0,1,0.18432094232701254,44
2023,3,4308,1587,2721,0,0,0,1.0,1,1.0,1,1.0,1,0.23162911262601543,42
2024,0,4308,1587,2721,0,0,0,1.0,1,1.0,1,1.0,1,0.2219556303353779,41
2025,2,4310,1589,2721,0,0,0,1.0,1,1.0,1,1.0,1,0.23641343820316035,39
2026,1,4311,1589,2722,0,0,0,1.0,1,1.0,1,1.0,1,0.25457844765967585,39
2027,3,4314,1591,2723,0,0,0,1.0,1,1.0,1,1.0,1,0.3833728346029821,38
2028,1,4315,1592,2723,0,0,0,1.0,1,1.0,1,1.0,1,0.4038769277944594,37
2029,2,4317,1593,2724,0,0,0,1.0,1,1.0,1,1.0,1,0.3651623505284785,35
2030,1,4318,1594,2724,0,0,0,1.0,1,1.0,1,1.0,1,0.3105534212201528,32
2031,2,4320,1596,2724,0,0,0,1.0,1,1.0,1,1.0,1,0.3166875824069968,34
2032,4,4324,1597,2727,0,0,0,1.0,1,1.0,1,1.0,1,0.31427621118094107,35
2033,4,4328,1601,2727,0,0,0,1.0,1,1.0,1,1.0,1,0.30858588984604907,35
2034,0,4328,1601,2727,0,0,0,1.0,1,1.0,1,1.0,1,0.3298690680741634,35
2035,0,4328,1601,2727,0,0,0,1.0,1,1.0,1,1.0,1,0.32082478947686877,36
2036,0,4328,1601,2727,0,0,0,1.0,1,1.0,1,1.0,1,0.32658301404661405,35
2037,1,4329,1602,2727,0,0,0,1.0,1,1.0,1,1.0,1,0.34542840626627386,36
2038,3,4332,1604,2728,0,0,0,1.0,1,1.0,1,1.0,1,0.3244308423130858,38
2039,2,4334,1604,2730,0,0,0,1.0,1,1.0,1,1.0,1,0.2980817085626705,38
2040,0,4334,1604,2730,0,0,0,1.0,1,1.0,1,1.0,1,0.27934247344528657,37
2041,3,4337,1605,2732,0,0,0,1.0,1,1.0,1,1.0,1,0.2474495507148518,38
2042,1,4338,1605,2733,0,0,0,1.0,1,1.0,1,1.0,1,0.23191298292135898,38
2043,0,4338,1605,2733,0,0,0,1.0,1,1.0,1,1.0,1,0.23191298292135898,38
2044,0,4338,1605,2733,0,0,0,1.0,1,1.0,1,1.0,1,0.2308017639210702,39
2045,1,4339,1605,2734,0,0,0,1.0,1,1.0,1,1.0,1,0.24310417344772406,40
2046,2,4341,1605,2736,0,0,0,1.0,1,1.0,1,1.0,1,0.19389610671268195,41
2047,0,4341,1605,2736,0,0,0,1.0,1,1.0,1,1.0,1,0.19389610671268195,41
2048,1,4342,1605,2737,0,0,0,1.0,1,1.0,1,1.0,1,0.18315501429061912,43
2049,1,4343,1606,2737,0,0,0,1.0,1,1.0,1,1.0,1,0.18993891613767475,43
2050,1,4344,1606,2738,0,0,0,1.0,1,1.0,1,1.0,1,0.15730034740645887,43
2051,3,4347,1608,2739,0,0,0,1.0,1,1.0,1,1.0,1,0.19677051544091906,43
2052,1,4348,1608,2740,0,0,0,1.0,1,1.0,1,1.0,1,0.19180899212811273,44
2053,1,4349,1609,2740,0,0,0,1.0,1,1.0,1,1.0,1,0.2293326019923458,43
2054,0,4349,1609,2740,0,0,0,1.0,1,1.0,1,1.0,1,0.23388789129194248,44
2055,0,4349,1609,2740,0,0,0,1.0,1,1.0,1,1.0,1,0.24185489984946743,43
2056,2,4351,1610,2741,0,0,0,1.0,1,1.0,1,1.0,1,0.22191462588751137,44
2057,2,4353,1612,2741,0,0,0,1.0,1,1.0,1,1.0,1,0.20020817834263033,44
2058,2,4355,1614,2741,0,0,0,1.0,1,1.0,1,1.0,1,0.2089979590221297,44
2059,3,4358,1615,2743,0,0,0,1.0,1,1.0,1,1.0,1,0.19412771419257768,45
2060,2,4360,1617,2743,0,0,0,1.0,1,1.0,1,1.0,1,0.20782901917056998,46
2061,5,4365,1619,2746,0,0,0,1.0,1,1.0,1,1.0,1,0.17657757093247936,48
2062,3,4368,1622,2746,0,0,0,1.0,1,1.0,1,1.0,1,0.23112144224082004,48
2063,0,4368,1622,2746,0,0,0,1.0,1,1.0,1,1.0,1,0.21681621401742437,45
2064,1,4369,1622,2747,0,0,0,1.0,1,1.0,1,1.0,1,0.20468812112471513,44
2065,1,4370,1623,2747,0,0,0,1.0,1,1.0,1,1.0,1,0.19041764711542933,42
2066,4,4374,1627,2747,0,0,0,1.0,1,1.0,1,1.0,1,0.2792940998883723,42
2067,3,4377,1628,2749,0,0,0,1.0,1,1.0,1,1.0,1,0.27351434901548205,38
2068,0,4377,1628,2749,0,0,0,1.0,1,1.0,1,1.0,1,0.2814289994572941,37
2069,0,4377,1628,2749,0,0,0,1.0,1,1.0,1,1.0,1,0.31460958400563505,35
2070,3,4380,1630,2750,0,0,0,1.0,1,1.0,1,1.0,1,0.3185811784348452,35
2071,0,4380,1630,2750,0,0,0,1.0,1,1.0,1,1.0,1,0.3359504739571812,34
2072,2,4382,1631,2751,0,0,0,1.0,1,1.0,1,1.0,1,0.40165039069897884,35
2073,1,4383,1631,2752,0,0,0,1.0,1,1.0,1,1.0,1,0.389392850068888,37
2074,0,4383,1631,2752,0,0,0,1.0,1,1.0,1,1.0,1,0.37609958931042986,36
2075,0,4383,1631,2752,0,0,0,1.0,1,1.0,1,1.0,1,0.37057005300722584,38
2076,1,4384,1631,2753,0,0,0,1.0,1,1.0,1,1.0,1,0.35182931442247056,37
2077,0,4384,1631,2753,0,0,0,1.0,1,1.0,1,1.0,1,0.35182931442247056,37
2078,0,4384,1631,2753,0,0,0,1.0,1,1.0,1,1.0,1,0.35182931442247056,37
2079,1,4385,1632,2753,0,0,0,1.0,1,1.0,1,1.0,1,0.3499239219109529,37
2080,0,4385,1632,2753,0,0,0,1.0,1,1.0,1,1.0,1,0.3546120663160562,36
2081,7,4392,1633,2759,0,0,0,1.0,1,1.0,1,1.0,1,0.20912513823452888,37
2082,3,4395,1635,2760,0,0,0,1.0,1,1.0,1,1.0,1,0.276714328634049,38
2083,2,4397,1635,2762,0,0,0,1.0,1,1.0,1,1.0,1,0.269966220631261,39
2084,7,4404,1635,2769,0,0,0,1.0,1,1.0,1,1.0,1,0.23830185171927162,41
2085,5,4409,1637,2772,0,0,0,1.0,1,1.0,1,1.0,1,0.2600664537494178,41
2086,4,4413,1637,2776,0,0,0,1.0,1,1.0,1,1.0,1,0.2425906116228021,44
2087,4,4417,1638,2779,0,0,0,1.0,1,1.0,1,1.0,1,0.25364567769094104,44
2088,4,4421,1638,2783,0,0,0,1.0,1,1.0,1,1.0,1,0.23476070589139308,45
2089,2,4423,1638,2785,0,0,0,1.0,1,1.0,1,1.0,1,0.22431424413325846,46
2090,2,4425,1638,2787,0,0,0,1.0,1,1.0,1,1.0,1,0.23066353612405413,47
2091,2,4427,1638,2789,0,0,0,1.0,1,1.0,1,1.0,1,0.1981400995955204,48
2092,4,4431,1641,2790,0,0,0,1.0,1,1.0,1,1.0,1,0.19868015813048656,48
2093,2,4433,1641,2792,0,0,0,1.0,1,1.0,1,1.0,1,0.19868015813048656,48
2094,2,4435,1642,2793,0,0,0,1.0,1,1.0,1,1.0,1,0.21328152699342773,47
2095,4,4439,1642,2797,0,0,0,1.0,1,1.0,1,1.0,1,0.18193983776581388,49
2096,3,4442,1643,2799,0,0,0,1.0,1,1.0,1,1.0,1,0.19995609932260353,50
2097,1,4443,1643,2800,0,0,0,1.0,1,1.0,1,1.0,1,0.20887997925795307,50
2098,1,4444,1643,2801,0,0,0,1.0,1,1.0,1,1.0,1,0.21859549257470387,51
2099,1,4445,1643,2802,0,0,0,1.0,1,1.0,1,1.0,1,0.2402533593968249,50
2100,0,4445,1643,2802,0,0,0,1.0,1,1.0,1,1.0,1,0.23394569902744125,49
2101,5,4450,1645,2805,0,0,0,1.0,1,1.0,1,1.0,1,0.24788558876166414,48
2102,6,4456,1649,2807,0,0,0,1.0,1,1.0,1,1.0,1,0.3183271938516523,49
2103,2,4458,1650,2808,0,0,0,1.0,1,1.0,1,1.0,1,0.2725447552815334,44
2104,2,4460,1652,2808,0,0,0,1.0,1,1.0,1,1.0,1,0.35288111288611873,42
2105,0,4460,1652,2808,0,0,0,1.0,1,1.0,1,1.0,1,0.336004282976361,40
2106,1,4461,1653,2808,0,0,0,1.0,1,1.0,1,1.0,1,0.39168594229274606,39
2107,1,4462,1654,2808,0,0,0,1.0,1,1.0,1,1.0,1,0.377143661424206,37
2108,1,4463,1655,2808,0,0,0,1.0,1,1.0,1,1.0,1,0.38807842925976055,37
2109,3,4466,1658,2808,0,0,0,1.0,1,1.0,1,1.0,1,0.4400303889262964,36
2110,0,4466,1658,2808,0,0,0,1.0,1,1.0,1,1.0,1,0.4136187345661622,35
2111,1,4467,1659,2808,0,0,0,1.0,1,1.0,1,1.0,1,0.39146260911614345,35
2112,0,4467,1659,2808,0,0,0,1.0,1,1.0,1,1.0,1,0.39146260911614345,35
2113,0,4467,1659,2808,0,0,0,1.0,1,1.0,1,1.0,1,0.39106877821495434,35
2114,1,4468,1660,2808,0,0,0,1.0,1,1.0,1,1.0,1,0.3974057259926066,36
2115,2,4470,1662,2808,0,0,0,1.0,1,1.0,1,1.0,1,0.3526962349925295,37
2116,2,4472,1664,2808,0,0,0,1.0,1,1.0,1,1.0,1,0.41298166715097084,39
2117,2,4474,1665,2809,0,0,0,1.0,1,1.0,1,1.0,1,0.3772496975650453,39
2118,5,4479,1666,2813,0,0,0,1.0,1,1.0,1,1.0,1,0.3338688596512525,41
2119,4,4483,1668,2815,0,0,0,1.0,1,1.0,1,1.0,1,0.2545339423008191,42
2120,1,4484,1668,2816,0,0,0,1.0,1,1.0,1,1.0,1,0.22826997616126896,42
2121,2,4486,1668,2818,0,0,0,1.0,1,1.0,1,1.0,1,0.17612478289719585,42
2122,0,4486,1668,2818,0,0,0,1.0,1,1.0,1,1.0,1,0.1959876207524373,43
2123,0,4486,1668,2818,0,0,0,1.0,1,1.0,1,1.0,1,0.22826128583681474,42
2124,1,4487,1669,2818,0,0,0,1.0,1,1.0,1,1.0,1,0.23435927311574892,42
2125,0,4487,1669,2818,0,0,0,1.0,1,1.0,1,1.0,1,0.23791531797655402,41
2126,0,4487,1669,2818,0,0,0,1.0,1,1.0,1,1.0,1,0.23791531797655402,41
2127,0,4487,1669,2818,0,0,0,1.0,1,1.0,1,1.0,1,0.23791531797655402,41
2128,0,4487,1669,2818,0,0,0,1.0,1,1.0,1,1.0,1,0.22989405263907867,42
2129,1,4488,1669,2819,0,0,0,1.0,1,1.0,1,1.0,1,0.24640532003772203,43
2130,1,4489,1669,2820,0,0,0,1.0,1,1.0,1,1.0,1,0.23329406712018633,45
2131,2,4491,1671,2820,0,0,0,1.0,1,1.0,1,1.0,1,0.26985777994521265,44
2132,0,4491,1671,2820,0,0,0,1.0,1,1.0,1,1.0,1,0.26985777994521265,44
2133,2,4493,1672,2821,0,0,0,1.0,1,1.0,1,1.0,1,0.2598812545097644,45
2134,2,4495,1673,2822,0,0,0,1.0,1,1.0,1,1.0,1,0.2519336371476296,45
2135,4,4499,1675,2824,0,0,0,1.0,1,1.0,1,1.0,1,0.24456644235843963,46
2136,2,4501,1677,2824,0,0,0,1.0,1,1.0,1,1.0,1,0.2185110006974383,47
2137,5,4506,1679,2827,0,0,0,1.0,1,1.0,1,1.0,1,0.13713900727798145,47
2138,2,4508,1681,2827,0,0,0,1.0,1,1.0,1,1.0,1,0.16381061135956357,45
2139,0,4508,1681,2827,0,0,0,1.0,1,1.0,1,1.0,1,0.16381061135956357,45
2140,2,4510,1683,2827,0,0,0,1.0,1,1.0,1,1.0,1,0.1878279445629247,44
2141,5,4515,1685,2830,0,0,0,1.0,1,1.0,1,1.0,1,0.15151889588445053,45
2142,2,4517,1686,2831,0,0,0,1.0,1,1.0,1,1.0,1,0.13050304941589302,46
2143,0,4517,1686,2831,0,0,0,1.0,1,1.0,1,1.0,1,0.11755882170813675,46
2144,2,4519,1687,2832,0,0,0,1.0,1,1.0,1,1.0,1,0.1385515490925835,48
2145,4,4523,1691,2832,0,0,0,1.0,1,1.0,1,1.0,1,0.1385215114147304,46
2146,5,4528,1694,2834,0,0,0,1.0,1,1.0,1,1.0,1,0.1472757966383933,45
2147,1,4529,1695,2834,0,0,0,1.0,1,1.0,1,1.0,1,0.11151063573568436,44
2148,2,4531,1697,2834,0,0,0,1.0,1,1.0,1,1.0,1,0.18454675324268507,44
2149,3,4534,1700,2834,0,0,0,1.0,1,1.0,1,1.0,1,0.17970081874304783,42
2150,3,4537,1702,2835,0,0,0,1.0,1,1.0,1,1.0,1,0.18415147838243182,40
2151,2,4539,1703,2836,0,0,0,1.0,1,1.0,1,1.0,1,0.2400201533087853,39
2152,2,4541,1704,2837,0,0,0,1.0,1,1.0,1,1.0,1,0.25886628523150845,40
2153,1,4542,1705,2837,0,0,0,1.0,1,1.0,1,1.0,1,0.28647439561487975,42
2154,4,4546,1706,2840,0,0,0,1.0,1,1.0,1,1.0,1,0.3112644401988442,42
2155,2,4548,1707,2841,0,0,0,1.0,1,1.0,1,1.0,1,0.2801685107271158,41
2156,0,4548,1707,2841,0,0,0,1.0,1,1.0,1,1.0,1,0.3129259857257897,40
2157,1,4549,1708,2841,0,0,0,1.0,1,1.0,1,1.0,1,0.3499457776897745,40
2158,0,4549,1708,2841,0,0,0,1.0,1,1.0,1,1.0,1,0.3798960622593118,38
2159,0,4549,1708,2841,0,0,0,1.0,1,1.0,1,1.0,1,0.3759825504102085,38
2160,0,4549,1708,2841,0,0,0,1.0,1,1.0,1,1.0,1,0.3759825504102085,38
2161,7,4556,1710,2846,0,0,0,1.0,1,1.0,1,1.0,1,0.23519235677683273,38
2162,2,4558,1711,2847,0,0,0,1.0,1,1.0,1,1.0,1,0.19960698189474868,38
2163,4,4562,1713,2849,0,0,0,1.0,1,1.0,1,1.0,1,0.2162853664622701,40
2164,2,4564,1714,2850,0,0,0,1.0,1,1.0,1,1.0,1,0.2501788697108288,41
2165,3,4567,1714,2853,0,0,0,1.0,1,1.0,1,1.0,1,0.244479544736148,42
2166,0,4567,1714,2853,0,0,0,1.0,1,1.0,1,1.0,1,0.244479544736148,42
2167,0,4567,1714,2853,0,0,0,1.0,1,1.0,1,1.0,1,0.21849515331029384,43
2168,0,4567,1714,2853,0,0,0,1.0,1,1.0,1,1.0,1,0.20093986550342793,43
2169,1,4568,1714,2854,0,0,0,1.0,1,1.0,1,1.0,1,0.22049862246318364,45
2170,2,4570,1715,2855,0,0,0,1.0,1,1.0,1,1.0,1,0.18758385234057365,46
2171,0,4570,1715,2855,0,0,0,1.0,1,1.0,1,1.0,1,0.1879751780291175,48
2172,2,4572,1715,2857,0,0,0,1.0,1,1.0,1,1.0,1,0.18726231347776884,49
2173,3,4575,1716,2859,0,0,0,1.0,1,1.0,1,1.0,1,0.1530571412045054,49
2174,1,4576,1716,2860,0,0,0,1.0,1,1.0,1,1.0,1,0.1751952521140446,49
2175,0,4576,1716,2860,0,0,0,1.0,1,1.0,1,1.0,1,0.1751952521140446,49
2176,7,4583,1719,2864,0,0,0,1.0,1,1.0,1,1.0,1,0.2303291431667935,51
2177,6,4589,1721,2868,0,0,0,1.0,1,1.0,1,1.0,1,0.1535867335230701,51
2178,3,4592,1723,2869,0,0,0,1.0,1,1.0,1,1.0,1,0.1634051081960554,50
2179,1,4593,1723,2870,0,0,0,1.0,1,1.0,1,1.0,1,0.1669645256231987,49
2180,2,4595,1723,2872,0,0,0,1.0,1,1.0,1,1.0,1,0.20683337072433045,47
2181,7,4602,1726,2876,0,0,0,1.0,1,1.0,1,1.0,1,0.17644934149673228,47
2182,5,4607,1728,2879,0,0,0,1.0,1,1.0,1,1.0,1,0.14542344716901698,45
2183,0,4607,1728,2879,0,0,0,1.0,1,1.0,1,1.0,1,0.13317292247744159,44
2184,3,4610,1731,2879,0,0,0,1.0,1,1.0,1,1.0,1,0.2031962877860254,43
2185,6,4616,1734,2882,0,0,0,1.0,1,1.0,1,1.0,1,0.19787679925851206,40
2186,3,4619,1737,2882,0,0,0,1.0,1,1.0,1,1.0,1,0.20381175475578409,38
2187,1,4620,1738,2882,0,0,0,1.0,1,1.0,1,1.0,1,0.22192372958173148,35
2188,3,4623,1740,2883,0,0,0,1.0,1,1.0,1,1.0,1,0.2676734394758509,34
2189,0,4623,1740,2883,0,0,0,1.0,1,1.0,1,1.0,1,0.2576199429740396,31
2190,3,4626,1743,2883,0,0,0,1.0,1,1.0,1,1.0,1,0.29039321632522247,29
2191,2,4628,1743,2885,0,0,0,1.0,1,1.0,1,1.0,1,0.24817879717552727,28
2192,2,4630,1745,2885,0,0,0,1.0,1,1.0,1,1.0,1,0.29956630310007515,29
2193,2,4632,1747,2885,0,0,0,1.0,1,1.0,1,1.0,1,0.3578199519860494,28
2194,0,4632,1747,2885,0,0,0,1.0,1,1.0,1,1.0,1,0.3670603211811344,27
2195,2,4634,1749,2885,0,0,0,1.0,1,1.0,1,1.0,1,0.3997653984022266,27
2196,3,4637,1750,2887,0,0,0,1.0,1,1.0,1,1.0,1,0.48166848431714043,27
2197,1,4638,1750,2888,0,0,0,1.0,1,1.0,1,1.0,1,0.4800386629507384,27
2198,1,4639,1750,2889,0,0,0,1.0,1,1.0,1,1.0,1,0.45450202437456294,28
2199,3,4642,1751,2891,0,0,0,1.0,1,1.0,1,1.0,1,0.44099249267506013,29
2200,3,4645,1751,2894,0,0,0,1.0,1,1.0,1,1.0,1,0.43871346201377476,31
2201,5,4650,1753,2897,0,0,0,1.0,1,1.0,1,1.0,1,0.29891860526163727,32
2202,0,4650,1753,2897,0,0,0,1.0,1,1.0,1,1.0,1,0.3324029294654141,31
2203,0,4650,1753,2897,0,0,0,1.0,1,1.0,1,1.0,1,0.32067826926460713,32
2204,0,4650,1753,2897,0,0,0,1.0,1,1.0,1,1.0,1,0.32067826926460713,32
2205,2,4652,1754,2898,0,0,0,1.0,1,1.0,1,1.0,1,0.3716243140188293,33
2206,0,4652,1754,2898,0,0,0,1.0,1,1.0,1,1.0,1,0.3627160884912971,32
2207,1,4653,1754,2899,0,0,0,1.0,1,1.0,1,1.0,1,0.3754930925449302,33
2208,3,4656,1754,2902,0,0,0,1.0,1,1.0,1,1.0,1,0.2955967937983384,35
2209,0,4656,1754,2902,0,0,0,1.0,1,1.0,1,1.0,1,0.3088286110516939,36
2210,1,4657,1754,2903,0,0,0,1.0,1,1.0,1,1.0,1,0.28278859543488344,35
2211,0,4657,1754,2903,0,0,0,1.0,1,1.0,1,1.0,1,0.2967644529914084,36
2212,5,4662,1754,2908,0,0,0,1.0,1,1.0,1,1.0,1,0.2475113010772259,37
2213,3,4665,1755,2910,0,0,0,1.0,1,1.0,1,1.0,1,0.2370386548238497,37
2214,5,4670,1755,2915,0,0,0,1.0,1,1.0,1,1.0,1,0.23742663110100728,39
2215,3,4673,1757,2916,0,0,0,1.0,1,1.0,1,1.0,1,0.20572484061142934,36
2216,2,4675,1759,2916,0,0,0,1.0,1,1.0,1,1.0,1,0.2625991790953506,37
2217,1,4676,1760,2916,0,0,0,1.0,1,1.0,1,1.0,1,0.25770683067798916,35
2218,4,4680,1762,2918,0,0,0,1.0,1,1.0,1,1.0,1,0.31787292114252724,35
2219,2,4682,1762,2920,0,0,0,1.0,1,1.0,1,1.0,1,0.288858388804911,33
2220,1,4683,1763,2920,0,0,0,1.0,1,1.0,1,1.0,1,0.3010323498830857,31
2221,4,4687,1765,2922,0,0,0,1.0,1,1.0,1,1.0,1,0.26390138834650284,31
2222,1,4688,1765,2923,0,0,0,1.0,1,1.0,1,1.0,1,0.1875346477610391,30
2223,1,4689,1766,2923,0,0,0,1.0,1,1.0,1,1.0,1,0.1968485933568914,28
2224,3,4692,1769,2923,0,0,0,1.0,1,1.0,1,1.0,1,0.3118770379060415,29
2225,2,4694,1771,2923,0,0,0,1.0,1,1.0,1,1.0,1,0.33908062034870584,28
2226,2,4696,1772,2924,0,0,0,1.0,1,1.0,1,1.0,1,0.36375896366819294,30
2227,1,4697,1773,2924,0,0,0,1.0,1,1.0,1,1.0,1,0.39672682773239115,28
2228,2,4699,1774,2925,0,0,0,1.0,1,1.0,1,1.0,1,0.3753266313603432,29
2229,0,4699,1774,2925,0,0,0,1.0,1,1.0,1,1.0,1,0.36000200034135516,28
2230,0,4699,1774,2925,0,0,0,1.0,1,1.0,1,1.0,1,0.36026332061308347,28
2231,2,4701,1776,2925,0,0,0,1.0,1,1.0,1,1.0,1,0.3362588961685173,27
2232,1,4702,1776,2926,0,0,0,1.0,1,1.0,1,1.0,1,0.342838108216823,27
2233,2,4704,1778,2926,0,0,0,1.0,1,1.0,1,1.0,1,0.39992110683752874,28
2234,2,4706,1780,2926,0,0,0,1.0,1,1.0,1,1.0,1,0.33117163088449614,26
2235,0,4706,1780,2926,0,0,0,1.0,1,1.0,1,1.0,1,0.33117163088449614,26
2236,2,4708,1782,2926,0,0,0,1.0,1,1.0,1,1.0,1,0.387779358333359,26
2237,2,4710,1784,2926,0,0,0,1.0,1,1.0,1,1.0,1,0.3645096342792815,26
2238,4,4714,1786,2928,0,0,0,1.0,1,1.0,1,1.0,1,0.3529694734445311,27
2239,0,4714,1786,2928,0,0,0,1.0,1,1.0,1,1.0,1,0.3290649571066428,28
2240,4,4718,1789,2929,0,0,0,1.0,1,1.0,1,1.0,1,0.33702881624988734,30
2241,3,4721,1790,2931,0,0,0,1.0,1,1.0,1,1.0,1,0.26859848750073767,29
2242,1,4722,1791,2931,0,0,0,1.0,1,1.0,1,1.0,1,0.2820389762806279,29
2243,1,4723,1792,2931,0,0,0,1.0,1,1.0,1,1.0,1,0.30552620201043845,29
2244,0,4723,1792,2931,0,0,0,1.0,1,1.0,1,1.0,1,0.30552620201043845,29
2245,1,4724,1792,2932,0,0,0,1.0,1,1.0,1,1.0,1,0.2995526763817116,30
2246,2,4726,1792,2934,0,0,0,1.0,1,1.0,1,1.0,1,0.24521369304274182,33
2247,1,4727,1792,2935,0,0,0,1.0,1,1.0,1,1.0,1,0.25761076407885863,34
2248,1,4728,1792,2936,0,0,0,1.0,1,1.0,1,1.0,1,0.25918363862784,34
2249,0,4728,1792,2936,0,0,0,1.0,1,1.0,1,1.0,1,0.23483880542070604,35
2250,0,4728,1792,2936,0,0,0,1.0,1,1.0,1,1.0,1,0.23483880542070604,35
2251,0,4728,1792,2936,0,0,0,1.0,1,1.0,1,1.0,1,0.21789178525146755,36
2252,3,4731,1793,2938,0,0,0,1.0,1,1.0,1,1.0,1,0.2062968606564182,37
2253,2,4733,1794,2939,0,0,0,1.0,1,1.0,1,1.0,1,0.19433716161635936,35
2254,0,4733,1794,2939,0,0,0,1.0,1,1.0,1,1.0,1,0.24819535374000534,33
2255,4,4737,1795,2942,0,0,0,1.0,1,1.0,1,1.0,1,0.23265063500552063,35
2256,3,4740,1797,2943,0,0,0,1.0,1,1.0,1,1.0,1,0.31589000133806155,34
2257,5,4745,1798,2947,0,0,0,1.0,1,1.0,1,1.0,1,0.23600045943893147,36
2258,6,4751,1800,2951,0,0,0,1.0,1,1.0,1,1.0,1,0.2814832622614327,35
2259,2,4753,1800,2953,0,0,0,1.0,1,1.0,1,1.0,1,0.281075329781141,35
2260,4,4757,1800,2957,0,0,0,1.0,1,1.0,1,1.0,1,0.25086189703678624,33
2261,4,4761,1801,2960,0,0,0,1.0,1,1.0,1,1.0,1,0.220315276110971,33
2262,0,4761,1801,2960,0,0,0,1.0,1,1.0,1,1.0,1,0.274522467848853,32
2263,1,4762,1802,2960,0,0,0,1.0,1,1.0,1,1.0,1,0.28987359721696954,31
2264,2,4764,1804,2960,0,0,0,1.0,1,1.0,1,1.0,1,0.35533915694365176,30
2265,0,4764,1804,2960,0,0,0,1.0,1,1.0,1,1.0,1,0.3148032871541332,29
2266,3,4767,1807,2960,0,0,0,1.0,1,1.0,1,1.0,1,0.25895023573737436,30
2267,1,4768,1808,2960,0,0,0,1.0,1,1.0,1,1.0,1,0.26225212416443394,29
2268,2,4770,1809,2961,0,0,0,1.0,1,1.0,1,1.0,1,0.22953942971560834,30
2269,2,4772,1811,2961,0,0,0,1.0,1,1.0,1,1.0,1,0.269419057149011,31
2270,3,4775,1813,2962,0,0,0,1.0,1,1.0,1,1.0,1,0.22270172443801448,31
2271,4,4779,1816,2963,0,0,0,1.0,1,1.0,1,1.0,1,0.26835798263760124,31
2272,1,4780,1817,2963,0,0,0,1.0,1,1.0,1,1.0,1,0.2777335053736712,31
2273,0,4780,1817,2963,0,0,0,1.0,1,1.0,1,1.0,1,0.31573236365841123,30
2274,1,4781,1817,2964,0,0,0,1.0,1,1.0,1,1.0,1,0.3218983952244682,31
2275,0,4781,1817,2964,0,0,0,1.0,1,1.0,1,1.0,1,0.32436032677635573,32
2276,1,4782,1818,2964,0,0,0,1.0,1,1.0,1,1.0,1,0.3540286075526313,31
2277,2,4784,1819,2965,0,0,0,1.0,1,1.0,1,1.0,1,0.35078244538868353,31
2278,0,4784,1819,2965,0,0,0,1.0,1,1.0,1,1.0,1,0.35703909933137584,32
2279,0,4784,1819,2965,0,0,0,1.0,1,1.0,1,1.0,1,0.3755083979792759,32
2280,0,4784,1819,2965,0,0,0,1.0,1,1.0,1,1.0,1,0.3781888753664666,33
2281,3,4787,1819,2968,0,0,0,1.0,1,1.0,1,1.0,1,0.33043534094504995,34
2282,1,4788,1820,2968,0,0,0,1.0,1,1.0,1,1.0,1,0.33045553781694115,34
2283,0,4788,1820,2968,0,0,0,1.0,1,1.0,1,1.0,1,0.33045553781694115,34
2284,0,4788,1820,2968,0,0,0,1.0,1,1.0,1,1.0,1,0.33045553781694115,34
2285,3,4791,1821,2970,0,0,0,1.0,1,1.0,1,1.0,1,0.28162593378569023,35
2286,1,4792,1821,2971,0,0,0,1.0,1,1.0,1,1.0,1,0.3122259171111897,34
2287,2,4794,1822,2972,0,0,0,1.0,1,1.0,1,1.0,1,0.25776194977210043,35
2288,0,4794,1822,2972,0,0,0,1.0,1,1.0,1,1.0,1,0.2786901762913806,35
2289,3,4797,1823,2974,0,0,0,1.0,1,1.0,1,1.0,1,0.23074898325899212,37
2290,1,4798,1824,2974,0,0,0,1.0,1,1.0,1,1.0,1,0.2667284661828447,37
2291,0,4798,1824,2974,0,0,0,1.0,1,1.0,1,1.0,1,0.2506987187807561,35
2292,4,4802,1825,2977,0,0,0,1.0,1,1.0,1,1.0,1,0.25290529326757927,35
2293,2,4804,1827,2977,0,0,0,1.0,1,1.0,1,1.0,1,0.29375201218145985,34
2294,1,4805,1827,2978,0,0,0,1.0,1,1.0,1,1.0,1,0.3519532040495515,33
2295,3,4808,1828,2980,0,0,0,1.0,1,1.0,1,1.0,1,0.33530677552820953,34
2296,2,4810,1828,2982,0,0,0,1.0,1,1.0,1,1.0,1,0.3365971098797263,33
2297,0,4810,1828,2982,0,0,0,1.0,1,1.0,1,1.0,1,0.363984031282066,32
2298,0,4810,1828,2982,0,0,0,1.0,1,1.0,1,1.0,1,0.3850841173329572,32
2299,0,4810,1828,2982,0,0,0,1.0,1,1.0,1,1.0,1,0.3628387495451608,33
2300,3,4813,1829,2984,0,0,0,1.0,1,1.0,1,1.0,1,0.35748088688568885,33
2301,1,4814,1830,2984,0,0,0,1.0,1,1.0,1,1.0,1,0.36126164984687864,33
2302,1,4815,1831,2984,0,0,0,1.0,1,1.0,1,1.0,1,0.34718262540905925,34
2303,5,4820,1835,2985,0,0,0,1.0,1,1.0,1,1.0,1,0.3622382308439342,34
2304,3,4823,1837,2986,0,0,0,1.0,1,1.0,1,1.0,1,0.3362901423214429,33
2305,2,4825,1838,2987,0,0,0,1.0,1,1.0,1,1.0,1,0.3429399846562188,33
2306,2,4827,1839,2988,0,0,0,1.0,1,1.0,1,1.0,1,0.35868719910101743,33
2307,2,4829,1839,2990,0,0,0,1.0,1,1.0,1,1.0,1,0.28045411128356235,35
2308,0,4829,1839,2990,0,0,0,1.0,1,1.0,1,1.0,1,0.26762433119381435,34
2309,2,4831,1840,2991,0,0,0,1.0,1,1.0,1,1.0,1,0.2755823253055136,34
2310,1,4832,1840,2992,0,0,0,1.0,1,1.0,1,1.0,1,0.2401759923024425,34
2311,1,4833,1841,2992,0,0,0,1.0,1,1.0,1,1.0,1,0.26098549667338833,35
2312,3,4836,1844,2992,0,0,0,1.0,1,1.0,1,1.0,1,0.3336994676100407,34
2313,1,4837,1845,2992,0,0,0,1.0,1,1.0,1,1.0,1,0.335959153810673,35
2314,0,4837,1845,2992,0,0,0,1.0,1,1.0,1,1.0,1,0.34946716958801144,35
2315,2,4839,1845,2994,0,0,0,1.0,1,1.0,1,1.0,1,0.31879071523818964,34
2316,1,4840,1846,2994,0,0,0,1.0,1,1.0,1,1.0,1,0.3720350395175154,35
2317,0,4840,1846,2994,0,0,0,1.0,1,1.0,1,1.0,1,0.3991094677725407,32
2318,1,4841,1847,2994,0,0,0,1.0,1,1.0,1,1.0,1,0.4265312234101795,32
2319,0,4841,1847,2994,0,0,0,1.0,1,1.0,1,1.0,1,0.4265312234101795,32
2320,1,4842,1847,2995,0,0,0,1.0,1,1.0,1,1.0,1,0.4493997430418152,32
2321,5,4847,1847,3000,0,0,0,1.0,1,1.0,1,1.0,1,0.32943019775390875,33
2322,1,4848,1847,3001,0,0,0,1.0,1,1.0,1,1.0,1,0.3074724190408613,33
2323,0,4848,1847,3001,0,0,0,1.0,1,1.0,1,1.0,1,0.3074724190408613,33
2324,4,4852,1848,3004,0,0,0,1.0,1,1.0,1,1.0,1,0.29675705520948475,34
2325,0,4852,1848,3004,0,0,0,1.0,1,1.0,1,1.0,1,0.29414200358659026,35
2326,1,4853,1849,3004,0,0,0,1.0,1,1.0,1,1.0,1,0.2870662252987899,35
2327,0,4853,1849,3004,0,0,0,1.0,1,1.0,1,1.0,1,0.3065498586212179,36
2328,0,4853,1849,3004,0,0,0,1.0,1,1.0,1,1.0,1,0.3186596570456507,37
2329,1,4854,1849,3005,0,0,0,1.0,1,1.0,1,1.0,1,0.3459866319338118,37
2330,1,4855,1849,3006,0,0,0,1.0,1,1.0,1,1.0,1,0.33138449564444283,38
2331,1,4856,1849,3007,0,0,0,1.0,1,1.0,1,1.0,1,0.33119245707156375,40
2332,0,4856,1849,3007,0,0,0,1.0,1,1.0,1,1.0,1,0.33119245707156375,40
2333,0,4856,1849,3007,0,0,0,1.0,1,1.0,1,1.0,1,0.34082707924994693,41
2334,0,4856,1849,3007,0,0,0,1.0,1,1.0,1,1.0,1,0.34082707924994693,41
2335,0,4856,1849,3007,0,0,0,1.0,1,1.0,1,1.0,1,0.34082707924994693,41
2336,0,4856,1849,3007,0,0,0,1.0,1,1.0,1,1.0,1,0.34082707924994693,41
2337,3,4859,1849,3010,0,0,0,1.0,1,1.0,1,1.0,1,0.30907616830238127,42
2338,2,4861,1849,3012,0,0,0,1.0,1,1.0,1,1.0,1,0.32421701573607703,43
2339,1,4862,1849,3013,0,0,0,1.0,1,1.0,1,1.0,1,0.32572592952619345,43
2340,3,4865,1849,3016,0,0,0,1.0,1,1.0,1,1.0,1,0.27619800365479524,45
2341,3,4868,1849,3019,0,0,0,1.0,1,1.0,1,1.0,1,0.2396141395085685,45
2342,3,4871,1850,3021,0,0,0,1.0,1,1.0,1,1.0,1,0.23255974449639916,46
2343,1,4872,1851,3021,0,0,0,1.0,1,1.0,1,1.0,1,0.24492680219878477,45
2344,3,4875,1854,3021,0,0,0,1.0,1,1.0,1,1.0,1,0.28658563776915164,44
2345,1,4876,1854,3022,0,0,0,1.0,1,1.0,1,1.0,1,0.268474331749124,44
2346,3,4879,1855,3024,0,0,0,1.0,1,1.0,1,1.0,1,0.26233214322762916,44
2347,3,4882,1856,3026,0,0,0,1.0,1,1.0,1,1.0,1,0.21286311616580242,44
2348,0,4882,1856,3026,0,0,0,1.0,1,1.0,1,1.0,1,0.20921610217869394,45
2349,0,4882,1856,3026,0,0,0,1.0,1,1.0,1,1.0,1,0.22679174623769505,46
2350,5,4887,1857,3030,0,0,0,1.0,1,1.0,1,1.0,1,0.21907296898720263,47
2351,2,4889,1857,3032,0,0,0,1.0,1,1.0,1,1.0,1,0.20320333508962493,47
2352,3,4892,1858,3034,0,0,0,1.0,1,1.0,1,1.0,1,0.23621662293669304,47
2353,1,4893,1858,3035,0,0,0,1.0,1,1.0,1,1.0,1,0.22973822007064326,46
2354,3,4896,1859,3037,0,0,0,1.0,1,1.0,1,1.0,1,0.23786618655174507,47
2355,4,4900,1859,3041,0,0,0,1.0,1,1.0,1,1.0,1,0.2548099976843344,47
2356,3,4903,1862,3041,0,0,0,1.0,1,1.0,1,1.0,1,0.21986440244965852,47
2357,2,4905,1863,3042,0,0,0,1.0,1,1.0,1,1.0,1,0.2104449317271015,47
2358,2,4907,1863,3044,0,0,0,1.0,1,1.0,1,1.0,1,0.15126912282590388,48
2359,0,4907,1863,3044,0,0,0,1.0,1,1.0,1,1.0,1,0.19662095519496567,49
2360,1,4908,1863,3045,0,0,0,1.0,1,1.0,1,1.0,1,0.1861730777274868,49
2361,4,4912,1864,3048,0,0,0,1.0,1,1.0,1,1.0,1,0.15139679252489346,50
2362,3,4915,1865,3050,0,0,0,1.0,1,1.0,1,1.0,1,0.15848716033569366,51
2363,1,4916,1865,3051,0,0,0,1.0,1,1.0,1,1.0,1,0.14162694320184974,51
2364,1,4917,1866,3051,0,0,0,1.0,1,1.0,1,1.0,1,0.1510728321169056,52
2365,1,4918,1867,3051,0,0,0,1.0,1,1.0,1,1.0,1,0.1714532809110472,53
2366,1,4919,1867,3052,0,0,0,1.0,1,1.0,1,1.0,1,0.18562045159063317,54
2367,3,4922,1870,3052,0,0,0,1.0,1,1.0,1,1.0,1,0.19667807083958022,52
2368,2,4924,1872,3052,0,0,0,1.0,1,1.0,1,1.0,1,0.23773908775292626,51
2369,4,4928,1873,3055,0,0,0,1.0,1,1.0,1,1.0,1,0.23922851321635105,51
2370,3,4931,1876,3055,0,0,0,1.0,1,1.0,1,1.0,1,0.2672125332551154,52
2371,3,4934,1879,3055,0,0,0,1.0,1,1.0,1,1.0,1,0.3267569533833312,52
2372,4,4938,1881,3057,0,0,0,1.0,1,1.0,1,1.0,1,0.32832839931227714,49
2373,0,4938,1881,3057,0,0,0,1.0,1,1.0,1,1.0,1,0.31731295045887586,47
2374,5,4943,1882,3061,0,0,0,1.0,1,1.0,1,1.0,1,0.2715383419948363,45
2375,2,4945,1882,3063,0,0,0,1.0,1,1.0,1,1.0,1,0.2645108972635914,45
2376,1,4946,1882,3064,0,0,0,1.0,1,1.0,1,1.0,1,0.2989192932953924,43
2377,2,4948,1882,3066,0,0,0,1.0,1,1.0,1,1.0,1,0.3080922242247834,44
2378,3,4951,1882,3069,0,0,0,1.0,1,1.0,1,1.0,1,0.26805957661090984,43
2379,1,4952,1882,3070,0,0,0,1.0,1,1.0,1,1.0,1,0.2687643681861475,43
2380,3,4955,1884,3071,0,0,0,1.0,1,1.0,1,1.0,1,0.2553456495769529,43
2381,4,4959,1885,3074,0,0,0,1.0,1,1.0,1,1.0,1,0.21165938805825624,44
2382,1,4960,1886,3074,0,0,0,1.0,1,1.0,1,1.0,1,0.20281727169015545,44
2383,2,4962,1887,3075,0,0,0,1.0,1,1.0,1,1.0,1,0.2097372125517708,45
2384,1,4963,1888,3075,0,0,0,1.0,1,1.0,1,1.0,1,0.20269885042543723,45
2385,3,4966,1888,3078,0,0,0,1.0,1,1.0,1,1.0,1,0.1600601958422482,45
2386,5,4971,1892,3079,0,0,0,1.0,1,1.0,1,1.0,1,0.17479500894926442,46
2387,0,4971,1892,3079,0,0,0,1.0,1,1.0,1,1.0,1,0.14881904655087477,44
2388,3,4974,1895,3079,0,0,0,1.0,1,1.0,1,1.0,1,0.26280181861639323,44
2389,3,4977,1896,3081,0,0,0,1.0,1,1.0,1,1.0,1,0.261942562262845,43
2390,5,4982,1899,3083,0,0,0,1.0,1,1.0,1,1.0,1,0.30385299516338227,44
2391,1,4983,1900,3083,0,0,0,1.0,1,1.0,1,1.0,1,0.31136758157816913,43
2392,3,4986,1902,3084,0,0,0,1.0,1,1.0,1,1.0,1,0.3252219135589008,44
2393,3,4989,1902,3087,0,0,0,1.0,1,1.0,1,1.0,1,0.25435375406175786,45
2394,1,4990,1902,3088,0,0,0,1.0,1,1.0,1,1.0,1,0.23049363018738403,44
2395,2,4992,1903,3089,0,0,0,1.0,1,1.0,1,1.0,1,0.2008058421068591,44
2396,1,4993,1904,3089,0,0,0,1.0,1,1.0,1,1.0,1,0.17439194487844845,45
2397,0,4993,1904,3089,0,0,0,1.0,1,1.0,1,1.0,1,0.19175250370161528,44
2398,1,4994,1905,3089,0,0,0,1.0,1,1.0,1,1.0,1,0.2207166674532228,44
2399,0,4994,1905,3089,0,0,0,1.0,1,1.0,1,1.0,1,0.23744313118377494,45
2400,1,4995,1905,3090,0,0,0,1.0,1,1.0,1,1.0,1,0.23567817221717458,45
2401,4,4999,1906,3093,0,0,0,1.0,1,1.0,1,1.0,1,0.1576971827684849,46
2402,1,5000,1906,3094,0,0,0,1.0,1,1.0,1,1.0,1,0.16022084109908757,47
2403,1,5001,1906,3095,0,0,0,1.0,1,1.0,1,1.0,1,0.1527875987459364,48
2404,2,5003,1906,3097,0,0,0,1.0,1,1.0,1,1.0,1,0.13947462604239919,47
2405,2,5005,1906,3099,0,0,0,1.0,1,1.0,1,1.0,1,0.16009123095776268,45
2406,1,5006,1906,3100,0,0,0,1.0,1,1.0,1,1.0,1,0.1748137330498363,45
2407,4,5010,1908,3102,0,0,0,1.0,1,1.0,1,1.0,1,0.1668706082265726,42
2408,0,5010,1908,3102,0,0,0,1.0,1,1.0,1,1.0,1,0.1899089469491406,41
2409,0,5010,1908,3102,0,0,0,1.0,1,1.0,1,1.0,1,0.19038411096826652,41
2410,3,5013,1908,3105,0,0,0,1.0,1,1.0,1,1.0,1,0.22684122946386745,40
2411,5,5018,1912,3106,0,0,0,1.0,1,1.0,1,1.0,1,0.23002482477092068,40
2412,4,5022,1913,3109,0,0,0,1.0,1,1.0,1,1.0,1,0.26798938796268473,38
2413,5,5027,1914,3113,0,0,0,1.0,1,1.0,1,1.0,1,0.30453890799921035,38
2414,4,5031,1915,3116,0,0,0,1.0,1,1.0,1,1.0,1,0.3243064517263104,36
2415,6,5037,1917,3120,0,0,0,1.0,1,1.0,1,1.0,1,0.3754202126007732,36
2416,5,5042,1917,3125,0,0,0,1.0,1,1.0,1,1.0,1,0.36304786846822823,35
2417,5,5047,1918,3129,0,0,0,1.0,1,1.0,1,1.0,1,0.41236863978457716,33
2418,2,5049,1918,3131,0,0,0,1.0,1,1.0,1,1.0,1,0.41236863978457716,33
2419,3,5052,1918,3134,0,0,0,1.0,1,1.0,1,1.0,1,0.4308049482914772,33
2420,5,5057,1922,3135,0,0,0,1.0,1,1.0,1,1.0,1,0.42088195266505046,34
2421,8,5065,1923,3142,0,0,0,1.0,1,1.0,1,1.0,1,0.30454018570663577,34
2422,6,5071,1924,3147,0,0,0,1.0,1,1.0,1,1.0,1,0.2872351763483339,35
2423,7,5078,1925,3153,0,0,0,1.0,1,1.0,1,1.0,1,0.3155034140064649,36
2424,3,5081,1925,3156,0,0,0,1.0,1,1.0,1,1.0,1,0.30274975744583205,35
2425,1,5082,1925,3157,0,0,0,1.0,1,1.0,1,1.0,1,0.33487273314606836,33
2426,4,5086,1928,3158,0,0,0,1.0,1,1.0,1,1.0,1,0.3056860741833684,34
2427,5,5091,1929,3162,0,0,0,1.0,1,1.0,1,1.0,1,0.2749492113876389,34
2428,2,5093,1930,3163,0,0,0,1.0,1,1.0,1,1.0,1,0.28817490861386413,34
2429,3,5096,1931,3165,0,0,0,1.0,1,1.0,1,1.0,1,0.2867860492221196,34
2430,1,5097,1931,3166,0,0,0,1.0,1,1.0,1,1.0,1,0.3066922028527627,33
2431,3,5100,1932,3168,0,0,0,1.0,1,1.0,1,1.0,1,0.229837548932679,33
2432,1,5101,1932,3169,0,0,0,1.0,1,1.0,1,1.0,1,0.26422945410686693,33
2433,2,5103,1934,3169,0,0,0,1.0,1,1.0,1,1.0,1,0.19614841247301207,34
2434,0,5103,1934,3169,0,0,0,1.0,1,1.0,1,1.0,1,0.19614841247301207,34
2435,0,5103,1934,3169,0,0,0,1.0,1,1.0,1,1.0,1,0.19614841247301207,34
2436,1,5104,1935,3169,0,0,0,1.0,1,1.0,1,1.0,1,0.2568241010108312,33
2437,2,5106,1936,3170,0,0,0,1.0,1,1.0,1,1.0,1,0.28048808105219514,33
2438,1,5107,1937,3170,0,0,0,1.0,1,1.0,1,1.0,1,0.2596132561523043,34
2439,1,5108,1937,3171,0,0,0,1.0,1,1.0,1,1.0,1,0.27782696094584197,35
2440,3,5111,1938,3173,0,0,0,1.0,1,1.0,1,1.0,1,0.27523468949623014,35
2441,5,5116,1940,3176,0,0,0,1.0,1,1.0,1,1.0,1,0.15203676154438794,35
2442,0,5116,1940,3176,0,0,0,1.0,1,1.0,1,1.0,1,0.15986473121525102,35
2443,2,5118,1941,3177,0,0,0,1.0,1,1.0,1,1.0,1,0.21776919446490298,35
2444,4,5122,1943,3179,0,0,0,1.0,1,1.0,1,1.0,1,0.2739682995710258,34
2445,1,5123,1944,3179,0,0,0,1.0,1,1.0,1,1.0,1,0.31263367592097896,33
2446,2,5125,1945,3180,0,0,0,1.0,1,1.0,1,1.0,1,0.33808988030673975,30
2447,3,5128,1948,3180,0,0,0,1.0,1,1.0,1,1.0,1,0.26971651077567493,29
2448,2,5130,1950,3180,0,0,0,1.0,1,1.0,1,1.0,1,0.26547988231970787,27
2449,0,5130,1950,3180,0,0,0,1.0,1,1.0,1,1.0,1,0.24923130322428383,26
2450,2,5132,1952,3180,0,0,0,1.0,1,1.0,1,1.0,1,0.2575556613532026,28
2451,2,5134,1952,3182,0,0,0,1.0,1,1.0,1,1.0,1,0.2575556613532026,28
2452,1,5135,1952,3183,0,0,0,1.0,1,1.0,1,1.0,1,0.267203394732047,29
2453,3,5138,1952,3186,0,0,0,1.0,1,1.0,1,1.0,1,0.2904601905786901,30
2454,0,5138,1952,3186,0,0,0,1.0,1,1.0,1,1.0,1,0.3020483760090109,32
2455,1,5139,1953,3186,0,0,0,1.0,1,1.0,1,1.0,1,0.2826568901319322,33
2456,1,5140,1954,3186,0,0,0,1.0,1,1.0,1,1.0,1,0.30748125578759533,34
2457,0,5140,1954,3186,0,0,0,1.0,1,1.0,1,1.0,1,0.30748125578759533,34
2458,4,5144,1957,3187,0,0,0,1.0,1,1.0,1,1.0,1,0.3010689371958884,36
2459,0,5144,1957,3187,0,0,0,1.0,1,1.0,1,1.0,1,0.3010689371958884,36
2460,0,5144,1957,3187,0,0,0,1.0,1,1.0,1,1.0,1,0.3061567806873172,37
2461,3,5147,1958,3189,0,0,0,1.0,1,1.0,1,1.0,1,0.25259947377310465,37
2462,5,5152,1960,3192,0,0,0,1.0,1,1.0,1,1.0,1,0.2180058499746493,38
2463,2,5154,1961,3193,0,0,0,1.0,1,1.0,1,1.0,1,0.1927798250228396,38
2464,5,5159,1964,3195,0,0,0,1.0,1,1.0,1,1.0,1,0.21278342300783368,37
2465,3,5162,1966,3196,0,0,0,1.0,1,1.0,1,1.0,1,0.1900553520817827,36
2466,1,5163,1967,3196,0,0,0,1.0,1,1.0,1,1.0,1,0.24596677809212839,36
2467,0,5163,1967,3196,0,0,0,1.0,1,1.0,1,1.0,1,0.22524201095284097,34
2468,1,5164,1968,3196,0,0,0,1.0,1,1.0,1,1.0,1,0.2567239430169643,33
2469,1,5165,1969,3196,0,0,0,1.0,1,1.0,1,1.0,1,0.2741916117201067,32
2470,3,5168,1971,3197,0,0,0,1.0,1,1.0,1,1.0,1,0.35695012844170054,33
2471,0,5168,1971,3197,0,0,0,1.0,1,1.0,1,1.0,1,0.35691808904904804,31
2472,0,5168,1971,3197,0,0,0,1.0,1,1.0,1,1.0,1,0.3680876807348304,32
2473,1,5169,1971,3198,0,0,0,1.0,1,1.0,1,1.0,1,0.3393986471904263,31
2474,1,5170,1971,3199,0,0,0,1.0,1,1.0,1,1.0,1,0.3405302698428892,33
2475,2,5172,1973,3199,0,0,0,1.0,1,1.0,1,1.0,1,0.35708440934476565,33
2476,1,5173,1974,3199,0,0,0,1.0,1,1.0,1,1.0,1,0.3820369933606794,33
2477,3,5176,1975,3201,0,0,0,1.0,1,1.0,1,1.0,1,0.3507770561219241,33
2478,4,5180,1976,3204,0,0,0,1.0,1,1.0,1,1.0,1,0.26428856392388617,33
2479,2,5182,1978,3204,0,0,0,1.0,1,1.0,1,1.0,1,0.3095072148935771,33
2480,3,5185,1979,3206,0,0,0,1.0,1,1.0,1,1.0,1,0.2994681465453131,34
2481,6,5191,1982,3209,0,0,0,1.0,1,1.0,1,1.0,1,0.18426772527128127,33
2482,1,5192,1983,3209,0,0,0,1.0,1,1.0,1,1.0,1,0.2395860236008424,34
2483,1,5193,1983,3210,0,0,0,1.0,1,1.0,1,1.0,1,0.2391081428536946,33
2484,1,5194,1984,3210,0,0,0,1.0,1,1.0,1,1.0,1,0.23719401645750926,32
2485,0,5194,1984,3210,0,0,0,1.0,1,1.0,1,1.0,1,0.22841134772117933,31
2486,2,5196,1985,3211,0,0,0,1.0,1,1.0,1,1.0,1,0.19546159701121205,29
2487,1,5197,1986,3211,0,0,0,1.0,1,1.0,1,1.0,1,0.15652905457638458,29
2488,1,5198,1987,3211,0,0,0,1.0,1,1.0,1,1.0,1,0.2619334076666475,30
2489,0,5198,1987,3211,0,0,0,1.0,1,1.0,1,1.0,1,0.3106740771586349,29
2490,2,5200,1989,3211,0,0,0,1.0,1,1.0,1,1.0,1,0.35444044293491356,30
2491,0,5200,1989,3211,0,0,0,1.0,1,1.0,1,1.0,1,0.3490848108109928,30
2492,1,5201,1990,3211,0,0,0,1.0,1,1.0,1,1.0,1,0.3073359827631411,29
2493,0,5201,1990,3211,0,0,0,1.0,1,1.0,1,1.0,1,0.3073359827631411,29
2494,0,5201,1990,3211,0,0,0,1.0,1,1.0,1,1.0,1,0.3389289934759083,28
2495,1,5202,1991,3211,0,0,0,1.0,1,1.0,1,1.0,1,0.3871194161866762,29
2496,0,5202,1991,3211,0,0,0,1.0,1,1.0,1,1.0,1,0.3749641915649913,28
2497,0,5202,1991,3211,0,0,0,1.0,1,1.0,1,1.0,1,0.3864907098281485,28
2498,1,5203,1992,3211,0,0,0,1.0,1,1.0,1,1.0,1,0.42318681049850027,29
2499,0,5203,1992,3211,0,0,0,1.0,1,1.0,1,1.0,1,0.43041346448929335,30
2500,3,5206,1994,3212,0,0,0,1.0,1,1.0,1,1.0,1,0.40351776345701307,29
2501,7,5213,1996,3217,0,0,0,1.0,1,1.0,1,1.0,1,0.27592438961124105,33
2502,4,5217,1998,3219,0,0,0,1.0,1,1.0,1,1.0,1,0.20210917914352935,33
2503,2,5219,1999,3220,0,0,0,1.0,1,1.0,1,1.0,1,0.1994519710382227,31
2504,3,5222,2002,3220,0,0,0,1.0,1,1.0,1,1.0,1,0.297330444074579,31
2505,2,5224,2003,3221,0,0,0,1.0,1,1.0,1,1.0,1,0.2789703984655623,32
2506,3,5227,2006,3221,0,0,0,1.0,1,1.0,1,1.0,1,0.3272827626445209,31
2507,2,5229,2008,3221,0,0,0,1.0,1,1.0,1,1.0,1,0.20624562959901302,29
2508,2,5231,2010,3221,0,0,0,1.0,1,1.0,1,1.0,1,0.2088162484731822,31
2509,1,5232,2011,3221,0,0,0,1.0,1,1.0,1,1.0,1,0.1956863781790971,30
2510,1,5233,2012,3221,0,0,0,1.0,1,1.0,1,1.0,1,0.1837912847734087,31
2511,3,5236,2013,3223,0,0,0,1.0,1,1.0,1,1.0,1,0.20236820878181852,32
2512,3,5239,2014,3225,0,0,0,1.0,1,1.0,1,1.0,1,0.1661311104273463,32
2513,2,5241,2015,3226,0,0,0,1.0,1,1.0,1,1.0,1,0.096452573868021,34
2514,1,5242,2015,3227,0,0,0,1.0,1,1.0,1,1.0,1,0.1070772176240507,35
2515,3,5245,2016,3229,0,0,0,1.0,1,1.0,1,1.0,1,0.10234619491423615,35
2516,2,5247,2017,3230,0,0,0,1.0,1,1.0,1,1.0,1,0.11495703100822041,34
2517,2,5249,2019,3230,0,0,0,1.0,1,1.0,1,1.0,1,0.1340864063902267,34
2518,0,5249,2019,3230,0,0,0,1.0,1,1.0,1,1.0,1,0.14440876896912058,33
2519,0,5249,2019,3230,0,0,0,1.0,1,1.0,1,1.0,1,0.12468252230481915,32
2520,1,5250,2020,3230,0,0,0,1.0,1,1.0,1,1.0,1,0.19676409575228132,31
2521,1,5251,2021,3230,0,0,0,1.0,1,1.0,1,1.0,1,0.13731904751913626,31
2522,1,5252,2022,3230,0,0,0,1.0,1,1.0,1,1.0,1,0.16065984624787116,30
2523,0,5252,2022,3230,0,0,0,1.0,1,1.0,1,1.0,1,0.1534429439736311,30
2524,0,5252,2022,3230,0,0,0,1.0,1,1.0,1,1.0,1,0.2765010469490581,29
2525,1,5253,2022,3231,0,0,0,1.0,1,1.0,1,1.0,1,0.2365823111249134,29
2526,0,5253,2022,3231,0,0,0,1.0,1,1.0,1,1.0,1,0.26250593931730304,27
2527,0,5253,2022,3231,0,0,0,1.0,1,1.0,1,1.0,1,0.2648740406617921,28
2528,0,5253,2022,3231,0,0,0,1.0,1,1.0,1,1.0,1,0.2648740406617921,28
2529,0,5253,2022,3231,0,0,0,1.0,1,1.0,1,1.0,1,0.2648740406617921,28
2530,0,5253,2022,3231,0,0,0,1.0,1,1.0,1,1.0,1,0.2793117719599227,29
2531,0,5253,2022,3231,0,0,0,1.0,1,1.0,1,1.0,1,0.3007701052462791,30
2532,0,5253,2022,3231,0,0,0,1.0,1,1.0,1,1.0,1,0.3097804635481935,31
2533,0,5253,2022,3231,0,0,0,1.0,1,1.0,1,1.0,1,0.3097804635481935,31
2534,0,5253,2022,3231,0,0,0,1.0,1,1.0,1,1.0,1,0.3097804635481935,31
2535,1,5254,2023,3231,0,0,0,1.0,1,1.0,1,1.0,1,0.3543719423226801,31
2536,3,5257,2024,3233,0,0,0,1.0,1,1.0,1,1.0,1,0.371991572956185,32
2537,2,5259,2025,3234,0,0,0,1.0,1,1.0,1,1.0,1,0.3757075179742151,33
2538,4,5263,2026,3237,0,0,0,1.0,1,1.0,1,1.0,1,0.32711254987159694,35
2539,5,5268,2028,3240,0,0,0,1.0,1,1.0,1,1.0,1,0.35626851834296114,37
2540,2,5270,2029,3241,0,0,0,1.0,1,1.0,1,1.0,1,0.32317196916326846,38
2541,2,5272,2030,3242,0,0,0,1.0,1,1.0,1,1.0,1,0.28725473607625285,39
2542,3,5275,2032,3243,0,0,0,1.0,1,1.0,1,1.0,1,0.2519743955198007,38
2543,1,5276,2033,3243,0,0,0,1.0,1,1.0,1,1.0,1,0.26166450740640207,41
2544,2,5278,2035,3243,0,0,0,1.0,1,1.0,1,1.0,1,0.25519229124137505,39
2545,4,5282,2037,3245,0,0,0,1.0,1,1.0,1,1.0,1,0.30255728498780665,40
2546,1,5283,2038,3245,0,0,0,1.0,1,1.0,1,1.0,1,0.2896827530842976,38
2547,4,5287,2041,3246,0,0,0,1.0,1,1.0,1,1.0,1,0.3788130952415492,38
2548,4,5291,2041,3250,0,0,0,1.0,1,1.0,1,1.0,1,0.270715659953578,35
2549,2,5293,2043,3250,0,0,0,1.0,1,1.0,1,1.0,1,0.31943284169358177,35
2550,0,5293,2043,3250,0,0,0,1.0,1,1.0,1,1.0,1,0.3177737627296391,33
2551,1,5294,2044,3250,0,0,0,1.0,1,1.0,1,1.0,1,0.36752714844020035,31
2552,0,5294,2044,3250,0,0,0,1.0,1,1.0,1,1.0,1,0.4123057687090317,30
2553,1,5295,2045,3250,0,0,0,1.0,1,1.0,1,1.0,1,0.4211884744078226,30
2554,0,5295,2045,3250,0,0,0,1.0,1,1.0,1,1.0,1,0.4178434883145993,32
2555,1,5296,2046,3250,0,0,0,1.0,1,1.0,1,1.0,1,0.48123391932346726,32
2556,3,5299,2048,3251,0,0,0,1.0,1,1.0,1,1.0,1,0.3928991952923953,32
2557,3,5302,2049,3253,0,0,0,1.0,1,1.0,1,1.0,1,0.3418796562455959,30
2558,0,5302,2049,3253,0,0,0,1.0,1,1.0,1,1.0,1,0.3336366593542958,31
2559,0,5302,2049,3253,0,0,0,1.0,1,1.0,1,1.0,1,0.31888119005133786,30
2560,0,5302,2049,3253,0,0,0,1.0,1,1.0,1,1.0,1,0.31888119005133786,30
2561,1,5303,2049,3254,0,0,0,1.0,1,1.0,1,1.0,1,0.30975498155392733,30
2562,2,5305,2049,3256,0,0,0,1.0,1,1.0,1,1.0,1,0.2779609425469376,33
2563,1,5306,2049,3257,0,0,0,1.0,1,1.0,1,1.0,1,0.2606906040515912,33
2564,0,5306,2049,3257,0,0,0,1.0,1,1.0,1,1.0,1,0.2606906040515912,33
2565,1,5307,2050,3257,0,0,0,1.0,1,1.0,1,1.0,1,0.22595342523116035,33
2566,0,5307,2050,3257,0,0,0,1.0,1,1.0,1,1.0,1,0.24403619959715914,35
2567,2,5309,2051,3258,0,0,0,1.0,1,1.0,1,1.0,1,0.23508488413079162,36
2568,2,5311,2052,3259,0,0,0,1.0,1,1.0,1,1.0,1,0.28582866355414344,37
2569,3,5314,2053,3261,0,0,0,1.0,1,1.0,1,1.0,1,0.26615439957302867,37
2570,0,5314,2053,3261,0,0,0,1.0,1,1.0,1,1.0,1,0.27211552559304747,37
2571,0,5314,2053,3261,0,0,0,1.0,1,1.0,1,1.0,1,0.27211552559304747,37
2572,2,5316,2054,3262,0,0,0,1.0,1,1.0,1,1.0,1,0.2698071810084397,39
2573,0,5316,2054,3262,0,0,0,1.0,1,1.0,1,1.0,1,0.2698071810084397,39
2574,0,5316,2054,3262,0,0,0,1.0,1,1.0,1,1.0,1,0.25934032723692946,38
2575,0,5316,2054,3262,0,0,0,1.0,1,1.0,1,1.0,1,0.25934032723692946,38
2576,0,5316,2054,3262,0,0,0,1.0,1,1.0,1,1.0,1,0.2771559229053371,37
2577,0,5316,2054,3262,0,0,0,1.0,1,1.0,1,1.0,1,0.28323336915311104,39
2578,1,5317,2054,3263,0,0,0,1.0,1,1.0,1,1.0,1,0.2904378455284264,40
2579,1,5318,2054,3264,0,0,0,1.0,1,1.0,1,1.0,1,0.2761379933289851,41
2580,0,5318,2054,3264,0,0,0,1.0,1,1.0,1,1.0,1,0.2855743444395358,42
2581,0,5318,2054,3264,0,0,0,1.0,1,1.0,1,1.0,1,0.28412593508064576,43
2582,1,5319,2055,3264,0,0,0,1.0,1,1.0,1,1.0,1,0.3042697888883208,43
2583,4,5323,2056,3267,0,0,0,1.0,1,1.0,1,1.0,1,0.2961161953755418,43
2584,1,5324,2056,3268,0,0,0,1.0,1,1.0,1,1.0,1,0.28251984530755914,43
2585,3,5327,2057,3270,0,0,0,1.0,1,1.0,1,1.0,1,0.27572290242827296,44
2586,2,5329,2057,3272,0,0,0,1.0,1,1.0,1,1.0,1,0.22184692432666572,43
2587,4,5333,2059,3274,0,0,0,1.0,1,1.0,1,1.0,1,0.23368308721429965,44
2588,0,5333,2059,3274,0,0,0,1.0,1,1.0,1,1.0,1,0.23368308721429965,44
2589,1,5334,2060,3274,0,0,0,1.0,1,1.0,1,1.0,1,0.22538719738900126,44
2590,0,5334,2060,3274,0,0,0,1.0,1,1.0,1,1.0,1,0.22538719738900126,44
2591,0,5334,2060,3274,0,0,0,1.0,1,1.0,1,1.0,1,0.22538719738900126,44
2592,1,5335,2061,3274,0,0,0,1.0,1,1.0,1,1.0,1,0.2725080266774216,44
2593,1,5336,2062,3274,0,0,0,1.0,1,1.0,1,1.0,1,0.26561715557958493,43
2594,3,5339,2065,3274,0,0,0,1.0,1,1.0,1,1.0,1,0.29389219821496027,48
2595,2,5341,2066,3275,0,0,0,1.0,1,1.0,1,1.0,1,0.27104433221617097,45
2596,7,5348,2070,3278,0,0,0,1.0,1,1.0,1,1.0,1,0.25698130147583226,46
2597,4,5352,2072,3280,0,0,0,1.0,1,1.0,1,1.0,1,0.22122457503528986,45
2598,0,5352,2072,3280,0,0,0,1.0,1,1.0,1,1.0,1,0.22122457503528986,45
2599,1,5353,2073,3280,0,0,0,1.0,1,1.0,1,1.0,1,0.2149115576477053,45
2600,2,5355,2074,3281,0,0,0,1.0,1,1.0,1,1.0,1,0.22115780873334512,48
2601,2,5357,2074,3283,0,0,0,1.0,1,1.0,1,1.0,1,0.17309795122205604,47
2602,1,5358,2074,3284,0,0,0,1.0,1,1.0,1,1.0,1,0.19589539934003217,48
2603,0,5358,2074,3284,0,0,0,1.0,1,1.0,1,1.0,1,0.19589539934003217,48
2604,0,5358,2074,3284,0,0,0,1.0,1,1.0,1,1.0,1,0.19623524107846088,47
2605,4,5362,2077,3285,0,0,0,1.0,1,1.0,1,1.0,1,0.2274609657261885,47
2606,0,5362,2077,3285,0,0,0,1.0,1,1.0,1,1.0,1,0.21959689759030038,46
2607,0,5362,2077,3285,0,0,0,1.0,1,1.0,1,1.0,1,0.24722159134518115,45
2608,2,5364,2078,3286,0,0,0,1.0,1,1.0,1,1.0,1,0.2572413531491133,45
2609,2,5366,2079,3287,0,0,0,1.0,1,1.0,1,1.0,1,0.2622344742493048,44
2610,3,5369,2080,3289,0,0,0,1.0,1,1.0,1,1.0,1,0.22826471808654245,45
2611,3,5372,2083,3289,0,0,0,1.0,1,1.0,1,1.0,1,0.2635565746150396,46
2612,3,5375,2085,3290,0,0,0,1.0,1,1.0,1,1.0,1,0.23984907337305167,47
2613,3,5378,2086,3292,0,0,0,1.0,1,1.0,1,1.0,1,0.23568336275159132,48
2614,2,5380,2088,3292,0,0,0,1.0,1,1.0,1,1.0,1,0.2623667889573422,48
2615,1,5381,2089,3292,0,0,0,1.0,1,1.0,1,1.0,1,0.244562201998123,49
2616,1,5382,2089,3293,0,0,0,1.0,1,1.0,1,1.0,1,0.2563237879716214,49
2617,0,5382,2089,3293,0,0,0,1.0,1,1.0,1,1.0,1,0.24881261479220546,48
2618,0,5382,2089,3293,0,0,0,1.0,1,1.0,1,1.0,1,0.26205035114652014,47
2619,5,5387,2090,3297,0,0,0,1.0,1,1.0,1,1.0,1,0.23231822385907175,50
2620,2,5389,2090,3299,0,0,0,1.0,1,1.0,1,1.0,1,0.2420655728085584,51
2621,4,5393,2091,3302,0,0,0,1.0,1,1.0,1,1.0,1,0.16434705742545755,52
2622,1,5394,2092,3302,0,0,0,1.0,1,1.0,1,1.0,1,0.14168412143683873,52
2623,4,5398,2094,3304,0,0,0,1.0,1,1.0,1,1.0,1,0.11228555462390095,53
2624,2,5400,2096,3304,0,0,0,1.0,1,1.0,1,1.0,1,0.12127562480476507,51
2625,3,5403,2099,3304,0,0,0,1.0,1,1.0,1,1.0,1,0.15180587307578464,50
2626,1,5404,2100,3304,0,0,0,1.0,1,1.0,1,1.0,1,0.15991314457427996,49
2627,2,5406,2102,3304,0,0,0,1.0,1,1.0,1,1.0,1,0.14830358372806798,48
2628,5,5411,2105,3306,0,0,0,1.0,1,1.0,1,1.0,1,0.1701947248173785,48
2629,0,5411,2105,3306,0,0,0,1.0,1,1.0,1,1.0,1,0.15458831034311438,47
2630,1,5412,2106,3306,0,0,0,1.0,1,1.0,1,1.0,1,0.17878079158055188,47
2631,2,5414,2108,3306,0,0,0,1.0,1,1.0,1,1.0,1,0.2223404210641929,47
2632,2,5416,2109,3307,0,0,0,1.0,1,1.0,1,1.0,1,0.18207648564781123,47
2633,1,5417,2110,3307,0,0,0,1.0,1,1.0,1,1.0,1,0.22356080786330573,44
2634,2,5419,2111,3308,0,0,0,1.0,1,1.0,1,1.0,1,0.22779403764761474,44
2635,5,5424,2113,3311,0,0,0,1.0,1,1.0,1,1.0,1,0.24345112337302555,45
2636,2,5426,2114,3312,0,0,0,1.0,1,1.0,1,1.0,1,0.18798992015873286,40
2637,2,5428,2115,3313,0,0,0,1.0,1,1.0,1,1.0,1,0.19713019843464571,41
2638,2,5430,2117,3313,0,0,0,1.0,1,1.0,1,1.0,1,0.2268007196765271,38
2639,2,5432,2118,3314,0,0,0,1.0,1,1.0,1,1.0,1,0.2020009877420643,39
2640,1,5433,2119,3314,0,0,0,1.0,1,1.0,1,1.0,1,0.24432928344437135,38
2641,4,5437,2122,3315,0,0,0,1.0,1,1.0,1,1.0,1,0.2227021678455353,37
2642,7,5444,2127,3317,0,0,0,1.0,1,1.0,1,1.0,1,0.2682598076791089,38
2643,3,5447,2128,3319,0,0,0,1.0,1,1.0,1,1.0,1,0.2006550300724142,37
2644,0,5447,2128,3319,0,0,0,1.0,1,1.0,1,1.0,1,0.18908839863697596,36
2645,2,5449,2130,3319,0,0,0,1.0,1,1.0,1,1.0,1,0.25203587419920637,35
2646,1,5450,2131,3319,0,0,0,1.0,1,1.0,1,1.0,1,0.2715738740292443,35
2647,3,5453,2133,3320,0,0,0,1.0,1,1.0,1,1.0,1,0.17826609160749712,35
2648,1,5454,2134,3320,0,0,0,1.0,1,1.0,1,1.0,1,0.16271040115317198,36
2649,1,5455,2135,3320,0,0,0,1.0,1,1.0,1,1.0,1,0.13912293031820908,37
2650,1,5456,2135,3321,0,0,0,1.0,1,1.0,1,1.0,1,0.16272277383647796,39
2651,1,5457,2136,3321,0,0,0,1.0,1,1.0,1,1.0,1,0.14399719634738498,39
2652,0,5457,2136,3321,0,0,0,1.0,1,1.0,1,1.0,1,0.14399719634738498,39
2653,0,5457,2136,3321,0,0,0,1.0,1,1.0,1,1.0,1,0.14399719634738498,39
2654,0,5457,2136,3321,0,0,0,1.0,1,1.0,1,1.0,1,0.15975842523978176,40
2655,0,5457,2136,3321,0,0,0,1.0,1,1.0,1,1.0,1,0.15975842523978176,40
2656,1,5458,2137,3321,0,0,0,1.0,1,1.0,1,1.0,1,0.1690372567543814,39
2657,0,5458,2137,3321,0,0,0,1.0,1,1.0,1,1.0,1,0.1862736060128112,40
2658,0,5458,2137,3321,0,0,0,1.0,1,1.0,1,1.0,1,0.22463605354083685,41
2659,1,5459,2138,3321,0,0,0,1.0,1,1.0,1,1.0,1,0.26694490833309337,41
2660,4,5463,2139,3324,0,0,0,1.0,1,1.0,1,1.0,1,0.3229381348373652,40
2661,5,5468,2140,3328,0,0,0,1.0,1,1.0,1,1.0,1,0.24023687720672696,40
2662,5,5473,2143,3330,0,0,0,1.0,1,1.0,1,1.0,1,0.2901554634899784,42
2663,3,5476,2144,3332,0,0,0,1.0,1,1.0,1,1.0,1,0.2269116311026229,41
2664,3,5479,2145,3334,0,0,0,1.0,1,1.0,1,1.0,1,0.22625640084998508,42
2665,3,5482,2145,3337,0,0,0,1.0,1,1.0,1,1.0,1,0.15660289288373325,43
2666,1,5483,2146,3337,0,0,0,1.0,1,1.0,1,1.0,1,0.1511935888041897,44
2667,4,5487,2149,3338,0,0,0,1.0,1,1.0,1,1.0,1,0.22472999916478392,42
2668,3,5490,2150,3340,0,0,0,1.0,1,1.0,1,1.0,1,0.22024435292289626,41
2669,4,5494,2151,3343,0,0,0,1.0,1,1.0,1,1.0,1,0.2472797680650743,42
2670,1,5495,2151,3344,0,0,0,1.0,1,1.0,1,1.0,1,0.25116233844892333,40
2671,3,5498,2153,3345,0,0,0,1.0,1,1.0,1,1.0,1,0.30601460112747586,39
2672,1,5499,2153,3346,0,0,0,1.0,1,1.0,1,1.0,1,0.3047485967059672,36
2673,2,5501,2155,3346,0,0,0,1.0,1,1.0,1,1.0,1,0.3574836082288821,35
2674,0,5501,2155,3346,0,0,0,1.0,1,1.0,1,1.0,1,0.35294872078299155,33
2675,0,5501,2155,3346,0,0,0,1.0,1,1.0,1,1.0,1,0.34015533336803344,34
2676,1,5502,2156,3346,0,0,0,1.0,1,1.0,1,1.0,1,0.3535212436476853,32
2677,0,5502,2156,3346,0,0,0,1.0,1,1.0,1,1.0,1,0.3666636852874374,33
2678,1,5503,2157,3346,0,0,0,1.0,1,1.0,1,1.0,1,0.3519830555302222,33
2679,3,5506,2158,3348,0,0,0,1.0,1,1.0,1,1.0,1,0.33589023215861974,32
2680,0,5506,2158,3348,0,0,0,1.0,1,1.0,1,1.0,1,0.33589023215861974,32
2681,4,5510,2158,3352,0,0,0,1.0,1,1.0,1,1.0,1,0.2836464974337756,32
2682,1,5511,2159,3352,0,0,0,1.0,1,1.0,1,1.0,1,0.31268274003338553,33
2683,1,5512,2160,3352,0,0,0,1.0,1,1.0,1,1.0,1,0.296539417014618,32
2684,3,5515,2160,3355,0,0,0,1.0,1,1.0,1,1.0,1,0.31835592009269414,31
2685,0,5515,2160,3355,0,0,0,1.0,1,1.0,1,1.0,1,0.31835592009269414,31
2686,0,5515,2160,3355,0,0,0,1.0,1,1.0,1,1.0,1,0.31628387294736543,30
2687,1,5516,2160,3356,0,0,0,1.0,1,1.0,1,1.0,1,0.304162728166926,30
2688,2,5518,2161,3357,0,0,0,1.0,1,1.0,1,1.0,1,0.3604814485398869,30
2689,4,5522,2163,3359,0,0,0,1.0,1,1.0,1,1.0,1,0.3286245183761085,31
2690,3,5525,2166,3359,0,0,0,1.0,1,1.0,1,1.0,1,0.3170974829893433,31
2691,3,5528,2168,3360,0,0,0,1.0,1,1.0,1,1.0,1,0.3677667429193518,32
2692,1,5529,2168,3361,0,0,0,1.0,1,1.0,1,1.0,1,0.341337147926407,32
2693,5,5534,2170,3364,0,0,0,1.0,1,1.0,1,1.0,1,0.394405866399326,33
2694,1,5535,2170,3365,0,0,0,1.0,1,1.0,1,1.0,1,0.3794042463212382,34
2695,1,5536,2170,3366,0,0,0,1.0,1,1.0,1,1.0,1,0.36421951677860703,35
2696,2,5538,2171,3367,0,0,0,1.0,1,1.0,1,1.0,1,0.36828700999306524,35
2697,2,5540,2172,3368,0,0,0,1.0,1,1.0,1,1.0,1,0.3630327674215915,35
2698,2,5542,2172,3370,0,0,0,1.0,1,1.0,1,1.0,1,0.3432763626110784,36
2699,2,5544,2172,3372,0,0,0,1.0,1,1.0,1,1.0,1,0.2913897367281793,36
2700,0,5544,2172,3372,0,0,0,1.0,1,1.0,1,1.0,1,0.29426998365632784,37
2701,3,5547,2172,3375,0,0,0,1.0,1,1.0,1,1.0,1,0.2248807200895677,37
2702,1,5548,2173,3375,0,0,0,1.0,1,1.0,1,1.0,1,0.1964909639299211,37
2703,3,5551,2175,3376,0,0,0,1.0,1,1.0,1,1.0,1,0.1884728078469081,38
2704,0,5551,2175,3376,0,0,0,1.0,1,1.0,1,1.0,1,0.18804749910345714,37
2705,4,5555,2177,3378,0,0,0,1.0,1,1.0,1,1.0,1,0.16917145360162386,36
2706,2,5557,2179,3378,0,0,0,1.0,1,1.0,1,1.0,1,0.2510390115450827,36
2707,0,5557,2179,3378,0,0,0,1.0,1,1.0,1,1.0,1,0.2342435378588239,35
2708,2,5559,2181,3378,0,0,0,1.0,1,1.0,1,1.0,1,0.30238578201167554,36
2709,1,5560,2182,3378,0,0,0,1.0,1,1.0,1,1.0,1,0.24029049521535653,32
2710,1,5561,2183,3378,0,0,0,1.0,1,1.0,1,1.0,1,0.294402807814325,29
2711,2,5563,2185,3378,0,0,0,1.0,1,1.0,1,1.0,1,0.40271048026227574,29
2712,2,5565,2186,3379,0,0,0,1.0,1,1.0,1,1.0,1,0.45880641286177126,28
2713,1,5566,2186,3380,0,0,0,1.0,1,1.0,1,1.0,1,0.43407218132861813,28
2714,1,5567,2187,3380,0,0,0,1.0,1,1.0,1,1.0,1,0.36130293203090375,26
2715,0,5567,2187,3380,0,0,0,1.0,1,1.0,1,1.0,1,0.36219746611904596,24
2716,1,5568,2188,3380,0,0,0,1.0,1,1.0,1,1.0,1,0.35422758638741325,24
2717,4,5572,2192,3380,0,0,0,1.0,1,1.0,1,1.0,1,0.4199510753931306,25
2718,2,5574,2192,3382,0,0,0,1.0,1,1.0,1,1.0,1,0.36537637895522534,25
2719,5,5579,2195,3384,0,0,0,1.0,1,1.0,1,1.0,1,0.3389158325507612,25
2720,1,5580,2196,3384,0,0,0,1.0,1,1.0,1,1.0,1,0.37581038598707794,25
2721,5,5585,2198,3387,0,0,0,1.0,1,1.0,1,1.0,1,0.259796036032634,25
2722,1,5586,2199,3387,0,0,0,1.0,1,1.0,1,1.0,1,0.21748167220641623,26
2723,0,5586,2199,3387,0,0,0,1.0,1,1.0,1,1.0,1,0.21748167220641623,26
2724,1,5587,2200,3387,0,0,0,1.0,1,1.0,1,1.0,1,0.2342371505108312,27
2725,1,5588,2200,3388,0,0,0,1.0,1,1.0,1,1.0,1,0.2134431930610488,28
2726,1,5589,2201,3388,0,0,0,1.0,1,1.0,1,1.0,1,0.2127952187392568,28
2727,0,5589,2201,3388,0,0,0,1.0,1,1.0,1,1.0,1,0.20906328711649302,29
2728,1,5590,2202,3388,0,0,0,1.0,1,1.0,1,1.0,1,0.26104220586334276,29
2729,1,5591,2202,3389,0,0,0,1.0,1,1.0,1,1.0,1,0.21031667526465606,29
2730,0,5591,2202,3389,0,0,0,1.0,1,1.0,1,1.0,1,0.21031667526465606,29
2731,1,5592,2202,3390,0,0,0,1.0,1,1.0,1,1.0,1,0.1718903050088686,30
2732,1,5593,2203,3390,0,0,0,1.0,1,1.0,1,1.0,1,0.22262421296401186,29
2733,0,5593,2203,3390,0,0,0,1.0,1,1.0,1,1.0,1,0.22262421296401186,29
2734,0,5593,2203,3390,0,0,0,1.0,1,1.0,1,1.0,1,0.22262421296401186,29
2735,0,5593,2203,3390,0,0,0,1.0,1,1.0,1,1.0,1,0.22262421296401186,29
2736,1,5594,2204,3390,0,0,0,1.0,1,1.0,1,1.0,1,0.25400221580435545,30
2737,1,5595,2204,3391,0,0,0,1.0,1,1.0,1,1.0,1,0.2718341190435367,30
2738,3,5598,2207,3391,0,0,0,1.0,1,1.0,1,1.0,1,0.338970649544951,30
2739,1,5599,2208,3391,0,0,0,1.0,1,1.0,1,1.0,1,0.38729315911492046,29
2740,1,5600,2208,3392,0,0,0,1.0,1,1.0,1,1.0,1,0.33630816196637364,29
2741,4,5604,2209,3395,0,0,0,1.0,1,1.0,1,1.0,1,0.31603636822986414,28
2742,5,5609,2211,3398,0,0,0,1.0,1,1.0,1,1.0,1,0.29052045462931103,28
2743,1,5610,2211,3399,0,0,0,1.0,1,1.0,1,1.0,1,0.3007963428770085,29
2744,5,5615,2213,3402,0,0,0,1.0,1,1.0,1,1.0,1,0.24880157853251833,27
2745,1,5616,2214,3402,0,0,0,1.0,1,1.0,1,1.0,1,0.26804373310521273,25
2746,0,5616,2214,3402,0,0,0,1.0,1,1.0,1,1.0,1,0.2793477417782223,25
2747,2,5618,2216,3402,0,0,0,1.0,1,1.0,1,1.0,1,0.30930071174127244,23
2748,2,5620,2217,3403,0,0,0,1.0,1,1.0,1,1.0,1,0.3144679843609108,22
2749,0,5620,2217,3403,0,0,0,1.0,1,1.0,1,1.0,1,0.3699668273203259,19
2750,1,5621,2218,3403,0,0,0,1.0,1,1.0,1,1.0,1,0.41523872012459995,18
2751,0,5621,2218,3403,0,0,0,1.0,1,1.0,1,1.0,1,0.46932382049512056,16
2752,0,5621,2218,3403,0,0,0,1.0,1,1.0,1,1.0,1,0.44961203262445215,15
2753,0,5621,2218,3403,0,0,0,1.0,1,1.0,1,1.0,1,0.44961203262445215,15
2754,0,5621,2218,3403,0,0,0,1.0,1,1.0,1,1.0,1,0.44961203262445215,15
2755,0,5621,2218,3403,0,0,0,1.0,1,1.0,1,1.0,1,0.44961203262445215,15
2756,0,5621,2218,3403,0,0,0,1.0,1,1.0,1,1.0,1,0.43063190144777985,16
2757,0,5621,2218,3403,0,0,0,1.0,1,1.0,1,1.0,1,0.3619981816590222,17
2758,0,5621,2218,3403,0,0,0,1.0,1,1.0,1,1.0,1,0.3619981816590222,17
2759,0,5621,2218,3403,0,0,0,1.0,1,1.0,1,1.0,1,0.3342244968322858,18
2760,0,5621,2218,3403,0,0,0,1.0,1,1.0,1,1.0,1,0.3342244968322858,18
2761,0,5621,2218,3403,0,0,0,1.0,1,1.0,1,1.0,1,0.3342244968322858,18
2762,0,5621,2218,3403,0,0,0,1.0,1,1.0,1,1.0,1,0.3342244968322858,18
2763,0,5621,2218,3403,0,0,0,1.0,1,1.0,1,1.0,1,0.3553967991239859,17
2764,3,5624,2220,3404,0,0,0,1.0,1,1.0,1,1.0,1,0.46976761539834333,17
2765,1,5625,2220,3405,0,0,0,1.0,1,1.0,1,1.0,1,0.4258831216415289,18
2766,0,5625,2220,3405,0,0,0,1.0,1,1.0,1,1.0,1,0.4258831216415289,18
2767,0,5625,2220,3405,0,0,0,1.0,1,1.0,1,1.0,1,0.4258831216415289,18
2768,0,5625,2220,3405,0,0,0,1.0,1,1.0,1,1.0,1,0.4258831216415289,18
2769,3,5628,2222,3406,0,0,0,1.0,1,1.0,1,1.0,1,0.3187145182485193,18
2770,0,5628,2222,3406,0,0,0,1.0,1,1.0,1,1.0,1,0.3187145182485193,18
2771,0,5628,2222,3406,0,0,0,1.0,1,1.0,1,1.0,1,0.3187145182485193,18
2772,0,5628,2222,3406,0,0,0,1.0,1,1.0,1,1.0,1,0.3187145182485193,18
2773,0,5628,2222,3406,0,0,0,1.0,1,1.0,1,1.0,1,0.3187145182485193,18
2774,2,5630,2223,3407,0,0,0,1.0,1,1.0,1,1.0,1,0.35809881974566043,20
2775,0,5630,2223,3407,0,0,0,1.0,1,1.0,1,1.0,1,0.3564671326869584,21
2776,0,5630,2223,3407,0,0,0,1.0,1,1.0,1,1.0,1,0.3564671326869584,21
2777,0,5630,2223,3407,0,0,0,1.0,1,1.0,1,1.0,1,0.34546957568167314,22
2778,3,5633,2225,3408,0,0,0,1.0,1,1.0,1,1.0,1,0.3745289010395705,24
2779,1,5634,2226,3408,0,0,0,1.0,1,1.0,1,1.0,1,0.36814705457066954,24
2780,1,5635,2227,3408,0,0,0,1.0,1,1.0,1,1.0,1,0.36225633580695416,24
2781,0,5635,2227,3408,0,0,0,1.0,1,1.0,1,1.0,1,0.36225633580695416,24
2782,1,5636,2227,3409,0,0,0,1.0,1,1.0,1,1.0,1,0.3263558239091082,24
2783,1,5637,2227,3410,0,0,0,1.0,1,1.0,1,1.0,1,0.28863350273630234,24
2784,2,5639,2228,3411,0,0,0,1.0,1,1.0,1,1.0,1,0.3065457131507685,24
2785,0,5639,2228,3411,0,0,0,1.0,1,1.0,1,1.0,1,0.25460349075832184,22
2786,0,5639,2228,3411,0,0,0,1.0,1,1.0,1,1.0,1,0.27812924814237705,22
2787,0,5639,2228,3411,0,0,0,1.0,1,1.0,1,1.0,1,0.31405001709087665,21
2788,0,5639,2228,3411,0,0,0,1.0,1,1.0,1,1.0,1,0.2832086650535541,20
2789,1,5640,2229,3411,0,0,0,1.0,1,1.0,1,1.0,1,0.35524309862828257,20
2790,0,5640,2229,3411,0,0,0,1.0,1,1.0,1,1.0,1,0.37070223800608515,21
2791,1,5641,2230,3411,0,0,0,1.0,1,1.0,1,1.0,1,0.43368113254953194,21
2792,0,5641,2230,3411,0,0,0,1.0,1,1.0,1,1.0,1,0.43368113254953194,21
2793,0,5641,2230,3411,0,0,0,1.0,1,1.0,1,1.0,1,0.44737907828591067,18
2794,0,5641,2230,3411,0,0,0,1.0,1,1.0,1,1.0,1,0.44737907828591067,18
2795,1,5642,2230,3412,0,0,0,1.0,1,1.0,1,1.0,1,0.4090425911058923,20
2796,1,5643,2231,3412,0,0,0,1.0,1,1.0,1,1.0,1,0.3858264649428579,21
2797,0,5643,2231,3412,0,0,0,1.0,1,1.0,1,1.0,1,0.3858264649428579,21
2798,0,5643,2231,3412,0,0,0,1.0,1,1.0,1,1.0,1,0.3858264649428579,21
2799,1,5644,2231,3413,0,0,0,1.0,1,1.0,1,1.0,1,0.34344017759944123,22
2800,0,5644,2231,3413,0,0,0,1.0,1,1.0,1,1.0,1,0.34344017759944123,22
2801,2,5646,2232,3414,0,0,0,1.0,1,1.0,1,1.0,1,0.30770157883589794,22
2802,0,5646,2232,3414,0,0,0,1.0,1,1.0,1,1.0,1,0.30770157883589794,22
2803,1,5647,2233,3414,0,0,0,1.0,1,1.0,1,1.0,1,0.3599145766072136,22
2804,0,5647,2233,3414,0,0,0,1.0,1,1.0,1,1.0,1,0.37711248967814753,23
2805,0,5647,2233,3414,0,0,0,1.0,1,1.0,1,1.0,1,0.37711248967814753,23
2806,0,5647,2233,3414,0,0,0,1.0,1,1.0,1,1.0,1,0.37711248967814753,23
2807,0,5647,2233,3414,0,0,0,1.0,1,1.0,1,1.0,1,0.3646123482547722,24
2808,0,5647,2233,3414,0,0,0,1.0,1,1.0,1,1.0,1,0.3646123482547722,24
2809,2,5649,2234,3415,0,0,0,1.0,1,1.0,1,1.0,1,0.3875584167144836,25
2810,0,5649,2234,3415,0,0,0,1.0,1,1.0,1,1.0,1,0.3840031166089479,24
2811,0,5649,2234,3415,0,0,0,1.0,1,1.0,1,1.0,1,0.3960035976505984,26
2812,1,5650,2235,3415,0,0,0,1.0,1,1.0,1,1.0,1,0.44076449736267925,26
2813,1,5651,2236,3415,0,0,0,1.0,1,1.0,1,1.0,1,0.4117127683636517,27
2814,6,5657,2238,3419,0,0,0,1.0,1,1.0,1,1.0,1,0.35530464737342043,29
2815,0,5657,2238,3419,0,0,0,1.0,1,1.0,1,1.0,1,0.35530464737342043,29
2816,3,5660,2238,3422,0,0,0,1.0,1,1.0,1,1.0,1,0.35490606298921423,29
2817,1,5661,2238,3423,0,0,0,1.0,1,1.0,1,1.0,1,0.35821735470508437,29
2818,2,5663,2238,3425,0,0,0,1.0,1,1.0,1,1.0,1,0.39528866210873276,29
2819,4,5667,2238,3429,0,0,0,1.0,1,1.0,1,1.0,1,0.40152320352965265,30
2820,3,5670,2239,3431,0,0,0,1.0,1,1.0,1,1.0,1,0.3941670731080331,30
2821,5,5675,2240,3435,0,0,0,1.0,1,1.0,1,1.0,1,0.3243677173078018,31
2822,1,5676,2241,3435,0,0,0,1.0,1,1.0,1,1.0,1,0.35725758903447424,30
2823,0,5676,2241,3435,0,0,0,1.0,1,1.0,1,1.0,1,0.3445538353680457,27
2824,0,5676,2241,3435,0,0,0,1.0,1,1.0,1,1.0,1,0.3279874087859668,28
2825,5,5681,2244,3437,0,0,0,1.0,1,1.0,1,1.0,1,0.29856690770308086,28
2826,1,5682,2245,3437,0,0,0,1.0,1,1.0,1,1.0,1,0.3568092983861115,27
2827,1,5683,2246,3437,0,0,0,1.0,1,1.0,1,1.0,1,0.33879087983881295,28
2828,2,5685,2246,3439,0,0,0,1.0,1,1.0,1,1.0,1,0.29724113947002984,28
2829,1,5686,2246,3440,0,0,0,1.0,1,1.0,1,1.0,1,0.23114093356082052,27
2830,0,5686,2246,3440,0,0,0,1.0,1,1.0,1,1.0,1,0.23114093356082052,27
2831,1,5687,2247,3440,0,0,0,1.0,1,1.0,1,1.0,1,0.27112006989204257,27
2832,0,5687,2247,3440,0,0,0,1.0,1,1.0,1,1.0,1,0.29464259102912954,27
2833,1,5688,2247,3441,0,0,0,1.0,1,1.0,1,1.0,1,0.29512663186005433,26
2834,1,5689,2248,3441,0,0,0,1.0,1,1.0,1,1.0,1,0.2232614911899634,26
2835,0,5689,2248,3441,0,0,0,1.0,1,1.0,1,1.0,1,0.25783452264866663,25
2836,0,5689,2248,3441,0,0,0,1.0,1,1.0,1,1.0,1,0.2761714360794318,27
2837,0,5689,2248,3441,0,0,0,1.0,1,1.0,1,1.0,1,0.29885091438166156,27
2838,2,5691,2249,3442,0,0,0,1.0,1,1.0,1,1.0,1,0.33103351466298897,27
2839,1,5692,2249,3443,0,0,0,1.0,1,1.0,1,1.0,1,0.3301947289166427,29
2840,2,5694,2250,3444,0,0,0,1.0,1,1.0,1,1.0,1,0.34814122534115344,29
2841,4,5698,2250,3448,0,0,0,1.0,1,1.0,1,1.0,1,0.23292021490250842,31
2842,0,5698,2250,3448,0,0,0,1.0,1,1.0,1,1.0,1,0.23292021490250842,31
2843,1,5699,2250,3449,0,0,0,1.0,1,1.0,1,1.0,1,0.18364613143729794,32
2844,1,5700,2251,3449,0,0,0,1.0,1,1.0,1,1.0,1,0.23179739569838886,33
2845,1,5701,2251,3450,0,0,0,1.0,1,1.0,1,1.0,1,0.24754242129299853,32
2846,1,5702,2252,3450,0,0,0,1.0,1,1.0,1,1.0,1,0.24067798371857507,33
2847,0,5702,2252,3450,0,0,0,1.0,1,1.0,1,1.0,1,0.2614387759623632,32
2848,1,5703,2253,3450,0,0,0,1.0,1,1.0,1,1.0,1,0.3085770819328412,33
2849,0,5703,2253,3450,0,0,0,1.0,1,1.0,1,1.0,1,0.309801116251832,34
2850,2,5705,2255,3450,0,0,0,1.0,1,1.0,1,1.0,1,0.2701266798526204,34
2851,0,5705,2255,3450,0,0,0,1.0,1,1.0,1,1.0,1,0.2701266798526204,34
2852,5,5710,2259,3451,0,0,0,1.0,1,1.0,1,1.0,1,0.2704243441231627,35
2853,4,5714,2260,3454,0,0,0,1.0,1,1.0,1,1.0,1,0.2663955974985793,36
2854,0,5714,2260,3454,0,0,0,1.0,1,1.0,1,1.0,1,0.28917806590880935,37
2855,2,5716,2262,3454,0,0,0,1.0,1,1.0,1,1.0,1,0.3060279341501061,38
2856,0,5716,2262,3454,0,0,0,1.0,1,1.0,1,1.0,1,0.3060279341501061,38
2857,1,5717,2263,3454,0,0,0,1.0,1,1.0,1,1.0,1,0.2916140440148448,39
2858,3,5720,2263,3457,0,0,0,1.0,1,1.0,1,1.0,1,0.2396460308509921,40
2859,1,5721,2263,3458,0,0,0,1.0,1,1.0,1,1.0,1,0.2548235263127162,40
2860,1,5722,2264,3458,0,0,0,1.0,1,1.0,1,1.0,1,0.2660263370965423,40
2861,5,5727,2266,3461,0,0,0,1.0,1,1.0,1,1.0,1,0.19292650583686907,38
2862,5,5732,2268,3464,0,0,0,1.0,1,1.0,1,1.0,1,0.1991995693721596,38
2863,2,5734,2269,3465,0,0,0,1.0,1,1.0,1,1.0,1,0.23687910922590766,38
2864,5,5739,2272,3467,0,0,0,1.0,1,1.0,1,1.0,1,0.256772221316643,36
2865,2,5741,2273,3468,0,0,0,1.0,1,1.0,1,1.0,1,0.28072382140863217,34
2866,1,5742,2274,3468,0,0,0,1.0,1,1.0,1,1.0,1,0.3155621777123458,31
2867,0,5742,2274,3468,0,0,0,1.0,1,1.0,1,1.0,1,0.32017032743984297,30
2868,2,5744,2276,3468,0,0,0,1.0,1,1.0,1,1.0,1,0.30804719307721795,27
2869,3,5747,2279,3468,0,0,0,1.0,1,1.0,1,1.0,1,0.35854745417409767,27
2870,2,5749,2281,3468,0,0,0,1.0,1,1.0,1,1.0,1,0.40945903780560505,25
2871,1,5750,2282,3468,0,0,0,1.0,1,1.0,1,1.0,1,0.39117770389110856,25
2872,1,5751,2283,3468,0,0,0,1.0,1,1.0,1,1.0,1,0.3539432619770673,23
2873,1,5752,2284,3468,0,0,0,1.0,1,1.0,1,1.0,1,0.3991379374437682,24
2874,0,5752,2284,3468,0,0,0,1.0,1,1.0,1,1.0,1,0.42373111562849264,24
2875,1,5753,2284,3469,0,0,0,1.0,1,1.0,1,1.0,1,0.4363546011197117,23
2876,2,5755,2285,3470,0,0,0,1.0,1,1.0,1,1.0,1,0.4542634253995696,24
2877,1,5756,2286,3470,0,0,0,1.0,1,1.0,1,1.0,1,0.4920120356099282,24
2878,1,5757,2287,3470,0,0,0,1.0,1,1.0,1,1.0,1,0.48008823470255535,24
2879,1,5758,2288,3470,0,0,0,1.0,1,1.0,1,1.0,1,0.5138909988806213,25
2880,0,5758,2288,3470,0,0,0,1.0,1,1.0,1,1.0,1,0.5112056706939304,26
2881,5,5763,2288,3475,0,0,0,1.0,1,1.0,1,1.0,1,0.3252210703481728,26
2882,0,5763,2288,3475,0,0,0,1.0,1,1.0,1,1.0,1,0.30477949441974883,27
2883,0,5763,2288,3475,0,0,0,1.0,1,1.0,1,1.0,1,0.3135485712339066,28
2884,1,5764,2288,3476,0,0,0,1.0,1,1.0,1,1.0,1,0.32166208590740225,29
2885,0,5764,2288,3476,0,0,0,1.0,1,1.0,1,1.0,1,0.3100450425996233,31
2886,2,5766,2289,3477,0,0,0,1.0,1,1.0,1,1.0,1,0.3102951089301173,31
2887,1,5767,2290,3477,0,0,0,1.0,1,1.0,1,1.0,1,0.34281076061517185,33
2888,5,5772,2291,3481,0,0,0,1.0,1,1.0,1,1.0,1,0.24523063253282162,34
2889,0,5772,2291,3481,0,0,0,1.0,1,1.0,1,1.0,1,0.25673262029229754,35
2890,1,5773,2292,3481,0,0,0,1.0,1,1.0,1,1.0,1,0.2689598528550571,35
2891,2,5775,2293,3482,0,0,0,1.0,1,1.0,1,1.0,1,0.2408983923086853,35
2892,1,5776,2294,3482,0,0,0,1.0,1,1.0,1,1.0,1,0.25888652245862687,35
2893,0,5776,2294,3482,0,0,0,1.0,1,1.0,1,1.0,1,0.2892087911859084,37
2894,0,5776,2294,3482,0,0,0,1.0,1,1.0,1,1.0,1,0.2892087911859084,37
2895,0,5776,2294,3482,0,0,0,1.0,1,1.0,1,1.0,1,0.2892087911859084,37
2896,0,5776,2294,3482,0,0,0,1.0,1,1.0,1,1.0,1,0.3036333738619015,38
2897,0,5776,2294,3482,0,0,0,1.0,1,1.0,1,1.0,1,0.3395107151310005,37
2898,0,5776,2294,3482,0,0,0,1.0,1,1.0,1,1.0,1,0.35424497500172364,38
2899,2,5778,2295,3483,0,0,0,1.0,1,1.0,1,1.0,1,0.3590384401910331,37
2900,0,5778,2295,3483,0,0,0,1.0,1,1.0,1,1.0,1,0.3582683234261474,36
2901,2,5780,2295,3485,0,0,0,1.0,1,1.0,1,1.0,1,0.32904361733092463,37
2902,1,5781,2296,3485,0,0,0,1.0,1,1.0,1,1.0,1,0.3994551167131165,35
2903,0,5781,2296,3485,0,0,0,1.0,1,1.0,1,1.0,1,0.40071118297626296,35
2904,0,5781,2296,3485,0,0,0,1.0,1,1.0,1,1.0,1,0.40654986272768984,33
2905,0,5781,2296,3485,0,0,0,1.0,1,1.0,1,1.0,1,0.40158647483526577,34
2906,2,5783,2298,3485,0,0,0,1.0,1,1.0,1,1.0,1,0.45001223260095424,34
2907,1,5784,2298,3486,0,0,0,1.0,1,1.0,1,1.0,1,0.4249784559121252,35
2908,2,5786,2298,3488,0,0,0,1.0,1,1.0,1,1.0,1,0.39685466672728414,36
2909,1,5787,2298,3489,0,0,0,1.0,1,1.0,1,1.0,1,0.41276917017714804,38
2910,0,5787,2298,3489,0,0,0,1.0,1,1.0,1,1.0,1,0.41276917017714804,38
2911,1,5788,2299,3489,0,0,0,1.0,1,1.0,1,1.0,1,0.4301048472164949,37
2912,0,5788,2299,3489,0,0,0,1.0,1,1.0,1,1.0,1,0.4301048472164949,37
2913,4,5792,2299,3493,0,0,0,1.0,1,1.0,1,1.0,1,0.4105832430398244,38
2914,3,5795,2299,3496,0,0,0,1.0,1,1.0,1,1.0,1,0.40014399569724507,38
2915,2,5797,2299,3498,0,0,0,1.0,1,1.0,1,1.0,1,0.3702235716185072,39
2916,0,5797,2299,3498,0,0,0,1.0,1,1.0,1,1.0,1,0.3780038450645897,40
2917,2,5799,2299,3500,0,0,0,1.0,1,1.0,1,1.0,1,0.36605506282665895,41
2918,0,5799,2299,3500,0,0,0,1.0,1,1.0,1,1.0,1,0.36792282258294595,41
2919,2,5801,2299,3502,0,0,0,1.0,1,1.0,1,1.0,1,0.3491704226888752,41
2920,4,5805,2299,3506,0,0,0,1.0,1,1.0,1,1.0,1,0.31088851835425124,43
2921,1,5806,2299,3507,0,0,0,1.0,1,1.0,1,1.0,1,0.2628466260094886,42
2922,1,5807,2300,3507,0,0,0,1.0,1,1.0,1,1.0,1,0.23836564495851092,43
2923,0,5807,2300,3507,0,0,0,1.0,1,1.0,1,1.0,1,0.24940609282992957,44
2924,0,5807,2300,3507,0,0,0,1.0,1,1.0,1,1.0,1,0.2296560241517331,45
2925,0,5807,2300,3507,0,0,0,1.0,1,1.0,1,1.0,1,0.26333033898722136,45
2926,4,5811,2302,3509,0,0,0,1.0,1,1.0,1,1.0,1,0.2503608234901901,47
2927,1,5812,2302,3510,0,0,0,1.0,1,1.0,1,1.0,1,0.2382306224867707,47
2928,1,5813,2303,3510,0,0,0,1.0,1,1.0,1,1.0,1,0.25030505499061567,48
2929,0,5813,2303,3510,0,0,0,1.0,1,1.0,1,1.0,1,0.25030505499061567,48
2930,0,5813,2303,3510,0,0,0,1.0,1,1.0,1,1.0,1,0.2706984033733127,50
2931,1,5814,2303,3511,0,0,0,1.0,1,1.0,1,1.0,1,0.27277549554438535,51
2932,0,5814,2303,3511,0,0,0,1.0,1,1.0,1,1.0,1,0.27277549554438535,51
2933,5,5819,2304,3515,0,0,0,1.0,1,1.0,1,1.0,1,0.25767445455391413,52
2934,2,5821,2305,3516,0,0,0,1.0,1,1.0,1,1.0,1,0.26210432618939394,52
2935,0,5821,2305,3516,0,0,0,1.0,1,1.0,1,1.0,1,0.2783374672412116,51
2936,1,5822,2305,3517,0,0,0,1.0,1,1.0,1,1.0,1,0.2625467899622585,49
2937,0,5822,2305,3517,0,0,0,1.0,1,1.0,1,1.0,1,0.2743881044167397,50
2938,3,5825,2308,3517,0,0,0,1.0,1,1.0,1,1.0,1,0.3184952866973268,50
2939,2,5827,2309,3518,0,0,0,1.0,1,1.0,1,1.0,1,0.27630981234438384,51
2940,2,5829,2309,3520,0,0,0,1.0,1,1.0,1,1.0,1,0.26929418512627307,52
2941,3,5832,2309,3523,0,0,0,1.0,1,1.0,1,1.0,1,0.2557446347595662,53
2942,2,5834,2310,3524,0,0,0,1.0,1,1.0,1,1.0,1,0.2697449659919728,52
2943,1,5835,2311,3524,0,0,0,1.0,1,1.0,1,1.0,1,0.26268502378415975,51
2944,3,5838,2313,3525,0,0,0,1.0,1,1.0,1,1.0,1,0.26930273502391455,52
2945,2,5840,2314,3526,0,0,0,1.0,1,1.0,1,1.0,1,0.25054015195103263,50
2946,4,5844,2317,3527,0,0,0,1.0,1,1.0,1,1.0,1,0.2807552207588406,51
2947,3,5847,2319,3528,0,0,0,1.0,1,1.0,1,1.0,1,0.2806956483145825,50
2948,3,5850,2321,3529,0,0,0,1.0,1,1.0,1,1.0,1,0.29945469088684684,50
2949,0,5850,2321,3529,0,0,0,1.0,1,1.0,1,1.0,1,0.2939100004649829,49
2950,2,5852,2322,3530,0,0,0,1.0,1,1.0,1,1.0,1,0.3259633331341112,48
2951,2,5854,2323,3531,0,0,0,1.0,1,1.0,1,1.0,1,0.33299575842738893,48
2952,0,5854,2323,3531,0,0,0,1.0,1,1.0,1,1.0,1,0.3463927355229091,46
2953,0,5854,2323,3531,0,0,0,1.0,1,1.0,1,1.0,1,0.3463927355229091,46
2954,2,5856,2324,3532,0,0,0,1.0,1,1.0,1,1.0,1,0.3303049843030402,48
2955,3,5859,2324,3535,0,0,0,1.0,1,1.0,1,1.0,1,0.2849824279428116,48
2956,2,5861,2325,3536,0,0,0,1.0,1,1.0,1,1.0,1,0.30710650074626517,47
2957,3,5864,2326,3538,0,0,0,1.0,1,1.0,1,1.0,1,0.3002504571695968,48
2958,1,5865,2326,3539,0,0,0,1.0,1,1.0,1,1.0,1,0.3020682944127825,49
2959,4,5869,2327,3542,0,0,0,1.0,1,1.0,1,1.0,1,0.28810833204526715,49
2960,2,5871,2327,3544,0,0,0,1.0,1,1.0,1,1.0,1,0.25407147302124555,49
2961,7,5878,2329,3549,0,0,0,1.0,1,1.0,1,1.0,1,0.17387742949457607,51
2962,1,5879,2329,3550,0,0,0,1.0,1,1.0,1,1.0,1,0.1533312761175523,51
2963,0,5879,2329,3550,0,0,0,1.0,1,1.0,1,1.0,1,0.1533312761175523,51
2964,1,5880,2330,3550,0,0,0,1.0,1,1.0,1,1.0,1,0.17243891430211247,52
2965,1,5881,2330,3551,0,0,0,1.0,1,1.0,1,1.0,1,0.1653690375154541,53
2966,1,5882,2331,3551,0,0,0,1.0,1,1.0,1,1.0,1,0.14207670046007762,53
2967,4,5886,2332,3554,0,0,0,1.0,1,1.0,1,1.0,1,0.1389142384207355,53
2968,2,5888,2333,3555,0,0,0,1.0,1,1.0,1,1.0,1,0.13837486738846527,54
2969,0,5888,2333,3555,0,0,0,1.0,1,1.0,1,1.0,1,0.14738974014808612,55
2970,0,5888,2333,3555,0,0,0,1.0,1,1.0,1,1.0,1,0.14738974014808612,55
2971,4,5892,2334,3558,0,0,0,1.0,1,1.0,1,1.0,1,0.11024608994655849,55
2972,0,5892,2334,3558,0,0,0,1.0,1,1.0,1,1.0,1,0.11024608994655849,55
2973,0,5892,2334,3558,0,0,0,1.0,1,1.0,1,1.0,1,0.10499079815274585,55
2974,0,5892,2334,3558,0,0,0,1.0,1,1.0,1,1.0,1,0.09261315942756077,56
2975,0,5892,2334,3558,0,0,0,1.0,1,1.0,1,1.0,1,0.09367554790949108,55
2976,0,5892,2334,3558,0,0,0,1.0,1,1.0,1,1.0,1,0.10684186269444751,57
2977,0,5892,2334,3558,0,0,0,1.0,1,1.0,1,1.0,1,0.11130397740806285,59
2978,2,5894,2336,3558,0,0,0,1.0,1,1.0,1,1.0,1,0.1269252828355726,59
2979,2,5896,2337,3559,0,0,0,1.0,1,1.0,1,1.0,1,0.11966438924272174,59
2980,2,5898,2339,3559,0,0,0,1.0,1,1.0,1,1.0,1,0.1491619959130127,59
2981,5,5903,2341,3562,0,0,0,1.0,1,1.0,1,1.0,1,0.1377758338087314,59
2982,4,5907,2342,3565,0,0,0,1.0,1,1.0,1,1.0,1,0.14760337678165839,61
2983,4,5911,2345,3566,0,0,0,1.0,1,1.0,1,1.0,1,0.15482297282962681,61
2984,3,5914,2348,3566,0,0,0,1.0,1,1.0,1,1.0,1,0.20340456485143218,61
2985,8,5922,2353,3569,0,0,0,1.0,1,1.0,1,1.0,1,0.17413393928875845,57
2986,6,5928,2357,3571,0,0,0,1.0,1,1.0,1,1.0,1,0.21950446504092674,58
2987,9,5937,2360,3577,0,0,0,1.0,1,1.0,1,1.0,1,0.2222868765828293,56
2988,3,5940,2360,3580,0,0,0,1.0,1,1.0,1,1.0,1,0.20923573281000202,55
2989,6,5946,2364,3582,0,0,0,1.0,1,1.0,1,1.0,1,0.2256692134610909,53
2990,1,5947,2365,3582,0,0,0,1.0,1,1.0,1,1.0,1,0.20178052943637456,52
2991,2,5949,2366,3583,0,0,0,1.0,1,1.0,1,1.0,1,0.19407718898685875,54
2992,2,5951,2367,3584,0,0,0,1.0,1,1.0,1,1.0,1,0.17817838440902659,55
2993,3,5954,2370,3584,0,0,0,1.0,1,1.0,1,1.0,1,0.2304596745969731,53
2994,4,5958,2373,3585,0,0,0,1.0,1,1.0,1,1.0,1,0.3031537537519931,53
2995,0,5958,2373,3585,0,0,0,1.0,1,1.0,1,1.0,1,0.3022910030231695,51
2996,1,5959,2373,3586,0,0,0,1.0,1,1.0,1,1.0,1,0.3092490861241452,52
2997,3,5962,2374,3588,0,0,0,1.0,1,1.0,1,1.0,1,0.306863200547217,50
2998,1,5963,2375,3588,0,0,0,1.0,1,1.0,1,1.0,1,0.31202105587763646,51
2999,1,5964,2375,3589,0,0,0,1.0,1,1.0,1,1.0,1,0.29433941865001995,48
3000,1,5965,2376,3589,0,0,0,1.0,1,1.0,1,1.0,1,0.29847065202970313,48
3001,3,5968,2376,3592,0,0,0,1.0,1,1.0,1,1.0,1,0.21754302176073284,49
3002,1,5969,2377,3592,0,0,0,1.0,1,1.0,1,1.0,1,0.2292905321245538,50
3003,1,5970,2377,3593,0,0,0,1.0,1,1.0,1,1.0,1,0.21375379647858125,50
3004,3,5973,2378,3595,0,0,0,1.0,1,1.0,1,1.0,1,0.20831003628475492,51
3005,0,5973,2378,3595,0,0,0,1.0,1,1.0,1,1.0,1,0.22806061520934598,50
3006,3,5976,2378,3598,0,0,0,1.0,1,1.0,1,1.0,1,0.20337862034433365,51
3007,0,5976,2378,3598,0,0,0,1.0,1,1.0,1,1.0,1,0.20886295565120006,51
3008,4,5980,2379,3601,0,0,0,1.0,1,1.0,1,1.0,1,0.2310660954734798,53
3009,0,5980,2379,3601,0,0,0,1.0,1,1.0,1,1.0,1,0.2318116777161606,52
3010,0,5980,2379,3601,0,0,0,1.0,1,1.0,1,1.0,1,0.2318116777161606,52
3011,2,5982,2379,3603,0,0,0,1.0,1,1.0,1,1.0,1,0.18725848453518026,51
3012,1,5983,2380,3603,0,0,0,1.0,1,1.0,1,1.0,1,0.21076565173792128,54
3013,3,5986,2383,3603,0,0,0,1.0,1,1.0,1,1.0,1,0.1881759127764318,52
3014,1,5987,2384,3603,0,0,0,1.0,1,1.0,1,1.0,1,0.20289140964163013,51
3015,1,5988,2385,3603,0,0,0,1.0,1,1.0,1,1.0,1,0.22249470427796134,50
3016,3,5991,2388,3603,0,0,0,1.0,1,1.0,1,1.0,1,0.26911258632107565,50
3017,4,5995,2392,3603,0,0,0,1.0,1,1.0,1,1.0,1,0.25935231827658717,48
3018,3,5998,2393,3605,0,0,0,1.0,1,1.0,1,1.0,1,0.20247982615106846,48
3019,2,6000,2394,3606,0,0,0,1.0,1,1.0,1,1.0,1,0.21531197292803234,47
3020,1,6001,2395,3606,0,0,0,1.0,1,1.0,1,1.0,1,0.20341351836715385,47
3021,5,6006,2398,3608,0,0,0,1.0,1,1.0,1,1.0,1,0.18611131321372903,46
3022,6,6012,2402,3610,0,0,0,1.0,1,1.0,1,1.0,1,0.22675008041642572,45
3023,0,6012,2402,3610,0,0,0,1.0,1,1.0,1,1.0,1,0.20437210196754688,41
3024,6,6018,2407,3611,0,0,0,1.0,1,1.0,1,1.0,1,0.28821596771701197,43
3025,2,6020,2408,3612,0,0,0,1.0,1,1.0,1,1.0,1,0.25581134611533896,39
3026,1,6021,2409,3612,0,0,0,1.0,1,1.0,1,1.0,1,0.2816410766702472,38
3027,3,6024,2411,3613,0,0,0,1.0,1,1.0,1,1.0,1,0.295916277028997,38
3028,1,6025,2412,3613,0,0,0,1.0,1,1.0,1,1.0,1,0.33318647656272693,38
3029,1,6026,2412,3614,0,0,0,1.0,1,1.0,1,1.0,1,0.2864515543724014,37
3030,1,6027,2412,3615,0,0,0,1.0,1,1.0,1,1.0,1,0.28906245836808137,38
3031,1,6028,2413,3615,0,0,0,1.0,1,1.0,1,1.0,1,0.31328872571531663,39
3032,2,6030,2414,3616,0,0,0,1.0,1,1.0,1,1.0,1,0.3101121867679697,39
3033,0,6030,2414,3616,0,0,0,1.0,1,1.0,1,1.0,1,0.31407740753233765,39
3034,0,6030,2414,3616,0,0,0,1.0,1,1.0,1,1.0,1,0.3317125492586847,38
3035,1,6031,2415,3616,0,0,0,1.0,1,1.0,1,1.0,1,0.34619154289507587,39
3036,0,6031,2415,3616,0,0,0,1.0,1,1.0,1,1.0,1,0.3385249153762623,39
3037,0,6031,2415,3616,0,0,0,1.0,1,1.0,1,1.0,1,0.35463002536400623,39
3038,1,6032,2416,3616,0,0,0,1.0,1,1.0,1,1.0,1,0.3482868444575323,40
3039,2,6034,2418,3616,0,0,0,1.0,1,1.0,1,1.0,1,0.37422923246168843,41
3040,1,6035,2419,3616,0,0,0,1.0,1,1.0,1,1.0,1,0.3770046867769322,42
3041,12,6047,2419,3628,0,0,0,1.0,1,1.0,1,1.0,1,0.2009953191467444,43
3042,1,6048,2420,3628,0,0,0,1.0,1,1.0,1,1.0,1,0.23736461260352645,45
3043,2,6050,2422,3628,0,0,0,1.0,1,1.0,1,1.0,1,0.26415774115452695,45
3044,3,6053,2423,3630,0,0,0,1.0,1,1.0,1,1.0,1,0.25634717548597685,45
3045,2,6055,2424,3631,0,0,0,1.0,1,1.0,1,1.0,1,0.29548821663636876,45
3046,3,6058,2425,3633,0,0,0,1.0,1,1.0,1,1.0,1,0.27764713191892143,46
3047,2,6060,2425,3635,0,0,0,1.0,1,1.0,1,1.0,1,0.2796863674177954,46
3048,3,6063,2425,3638,0,0,0,1.0,1,1.0,1,1.0,1,0.21529717339012608,49
3049,1,6064,2425,3639,0,0,0,1.0,1,1.0,1,1.0,1,0.21450782946038377,50
3050,2,6066,2426,3640,0,0,0,1.0,1,1.0,1,1.0,1,0.22135081161499115,50
3051,4,6070,2427,3643,0,0,0,1.0,1,1.0,1,1.0,1,0.21077861647037696,50
3052,2,6072,2427,3645,0,0,0,1.0,1,1.0,1,1.0,1,0.21077861647037696,50
3053,2,6074,2428,3646,0,0,0,1.0,1,1.0,1,1.0,1,0.21108659895656298,49
3054,2,6076,2428,3648,0,0,0,1.0,1,1.0,1,1.0,1,0.22961064093676953,47
3055,3,6079,2428,3651,0,0,0,1.0,1,1.0,1,1.0,1,0.22448437728057313,48
3056,3,6082,2429,3653,0,0,0,1.0,1,1.0,1,1.0,1,0.24651275749007967,47
3057,3,6085,2431,3654,0,0,0,1.0,1,1.0,1,1.0,1,0.2927015604255289,48
3058,4,6089,2431,3658,0,0,0,1.0,1,1.0,1,1.0,1,0.2765815249329797,46
3059,6,6095,2432,3663,0,0,0,1.0,1,1.0,1,1.0,1,0.32246404472291357,44
3060,5,6100,2432,3668,0,0,0,1.0,1,1.0,1,1.0,1,0.2974567219284972,44
3061,0,6100,2432,3668,0,0,0,1.0,1,1.0,1,1.0,1,0.3065583800608534,42
3062,3,6103,2434,3669,0,0,0,1.0,1,1.0,1,1.0,1,0.306767133603092,42
3063,2,6105,2435,3670,0,0,0,1.0,1,1.0,1,1.0,1,0.28807024895423816,41
3064,3,6108,2438,3670,0,0,0,1.0,1,1.0,1,1.0,1,0.2789550348949434,42
3065,2,6110,2439,3671,0,0,0,1.0,1,1.0,1,1.0,1,0.24619116244817274,40
3066,4,6114,2441,3673,0,0,0,1.0,1,1.0,1,1.0,1,0.21035639193758027,42
3067,3,6117,2444,3673,0,0,0,1.0,1,1.0,1,1.0,1,0.26675037373242916,40
3068,4,6121,2447,3674,0,0,0,1.0,1,1.0,1,1.0,1,0.28743378469795505,39
3069,4,6125,2448,3677,0,0,0,1.0,1,1.0,1,1.0,1,0.28914607813337406,38
3070,2,6127,2448,3679,0,0,0,1.0,1,1.0,1,1.0,1,0.3062560655594637,39
3071,2,6129,2448,3681,0,0,0,1.0,1,1.0,1,1.0,1,0.27704345017575904,39
3072,2,6131,2448,3683,0,0,0,1.0,1,1.0,1,1.0,1,0.29014108747146644,40
3073,2,6133,2449,3684,0,0,0,1.0,1,1.0,1,1.0,1,0.3348789948173049,38
3074,1,6134,2449,3685,0,0,0,1.0,1,1.0,1,1.0,1,0.32310905830421627,38
3075,1,6135,2450,3685,0,0,0,1.0,1,1.0,1,1.0,1,0.3382825511155032,41
3076,1,6136,2450,3686,0,0,0,1.0,1,1.0,1,1.0,1,0.275765881392492,42
3077,2,6138,2452,3686,0,0,0,1.0,1,1.0,1,1.0,1,0.299463387685092,42
3078,3,6141,2453,3688,0,0,0,1.0,1,1.0,1,1.0,1,0.24687457922117498,42
3079,3,6144,2453,3691,0,0,0,1.0,1,1.0,1,1.0,1,0.23221652933103318,42
3080,0,6144,2453,3691,0,0,0,1.0,1,1.0,1,1.0,1,0.23602096326004274,43
3081,2,6146,2453,3693,0,0,0,1.0,1,1.0,1,1.0,1,0.19920914633757247,44
3082,1,6147,2453,3694,0,0,0,1.0,1,1.0,1,1.0,1,0.21109636098425338,45
3083,1,6148,2453,3695,0,0,0,1.0,1,1.0,1,1.0,1,0.19202204004978957,45
3084,0,6148,2453,3695,0,0,0,1.0,1,1.0,1,1.0,1,0.19202204004978957,45
3085,1,6149,2453,3696,0,0,0,1.0,1,1.0,1,1.0,1,0.22837828273633684,46
3086,0,6149,2453,3696,0,0,0,1.0,1,1.0,1,1.0,1,0.22837828273633684,46
3087,1,6150,2453,3697,0,0,0,1.0,1,1.0,1,1.0,1,0.23727990273621563,47
3088,1,6151,2453,3698,0,0,0,1.0,1,1.0,1,1.0,1,0.23624500319829106,48
3089,0,6151,2453,3698,0,0,0,1.0,1,1.0,1,1.0,1,0.21447774657938234,46
3090,0,6151,2453,3698,0,0,0,1.0,1,1.0,1,1.0,1,0.2157007521667858,46
3091,0,6151,2453,3698,0,0,0,1.0,1,1.0,1,1.0,1,0.2339298091541874,46
3092,3,6154,2455,3699,0,0,0,1.0,1,1.0,1,1.0,1,0.2507919128860061,47
3093,3,6157,2456,3701,0,0,0,1.0,1,1.0,1,1.0,1,0.2740501841163644,47
3094,1,6158,2456,3702,0,0,0,1.0,1,1.0,1,1.0,1,0.26503816984663986,45
3095,3,6161,2458,3703,0,0,0,1.0,1,1.0,1,1.0,1,0.23891777116684945,46
3096,0,6161,2458,3703,0,0,0,1.0,1,1.0,1,1.0,1,0.24185956978044562,46
3097,3,6164,2460,3704,0,0,0,1.0,1,1.0,1,1.0,1,0.2313850260461804,47
3098,0,6164,2460,3704,0,0,0,1.0,1,1.0,1,1.0,1,0.2313850260461804,47
3099,1,6165,2460,3705,0,0,0,1.0,1,1.0,1,1.0,1,0.22123760713813975,47
3100,1,6166,2461,3705,0,0,0,1.0,1,1.0,1,1.0,1,0.2115066065317198,47
3101,2,6168,2461,3707,0,0,0,1.0,1,1.0,1,1.0,1,0.1767455925801429,48
3102,1,6169,2462,3707,0,0,0,1.0,1,1.0,1,1.0,1,0.15820629786797108,48
3103,2,6171,2463,3708,0,0,0,1.0,1,1.0,1,1.0,1,0.14749356835327943,49
3104,2,6173,2465,3708,0,0,0,1.0,1,1.0,1,1.0,1,0.16574480808322084,48
3105,0,6173,2465,3708,0,0,0,1.0,1,1.0,1,1.0,1,0.18420811568688436,45
3106,5,6178,2467,3711,0,0,0,1.0,1,1.0,1,1.0,1,0.17458040269117747,46
3107,0,6178,2467,3711,0,0,0,1.0,1,1.0,1,1.0,1,0.18298582215031592,44
3108,1,6179,2468,3711,0,0,0,1.0,1,1.0,1,1.0,1,0.19424061610350027,45
3109,0,6179,2468,3711,0,0,0,1.0,1,1.0,1,1.0,1,0.1979231268798862,44
3110,4,6183,2471,3712,0,0,0,1.0,1,1.0,1,1.0,1,0.22897840946596096,46
3111,4,6187,2473,3714,0,0,0,1.0,1,1.0,1,1.0,1,0.2069459593482937,46
3112,1,6188,2473,3715,0,0,0,1.0,1,1.0,1,1.0,1,0.20743782338055106,47
3113,0,6188,2473,3715,0,0,0,1.0,1,1.0,1,1.0,1,0.19595874782774966,48
3114,0,6188,2473,3715,0,0,0,1.0,1,1.0,1,1.0,1,0.20234694914465573,48
3115,0,6188,2473,3715,0,0,0,1.0,1,1.0,1,1.0,1,0.22101983723265625,49
3116,0,6188,2473,3715,0,0,0,1.0,1,1.0,1,1.0,1,0.24875897845087916,48
3117,3,6191,2475,3716,0,0,0,1.0,1,1.0,1,1.0,1,0.26944770638337323,49
3118,0,6191,2475,3716,0,0,0,1.0,1,1.0,1,1.0,1,0.28149731399170375,50
3119,0,6191,2475,3716,0,0,0,1.0,1,1.0,1,1.0,1,0.28149731399170375,50
3120,3,6194,2476,3718,0,0,0,1.0,1,1.0,1,1.0,1,0.2826838550755525,50
3121,8,6202,2478,3724,0,0,0,1.0,1,1.0,1,1.0,1,0.16298005324764506,50
3122,2,6204,2478,3726,0,0,0,1.0,1,1.0,1,1.0,1,0.15423261933182442,50
3123,0,6204,2478,3726,0,0,0,1.0,1,1.0,1,1.0,1,0.13949864993311895,51
3124,1,6205,2479,3726,0,0,0,1.0,1,1.0,1,1.0,1,0.15941636558389696,51
3125,1,6206,2480,3726,0,0,0,1.0,1,1.0,1,1.0,1,0.18884047444692048,51
3126,1,6207,2480,3727,0,0,0,1.0,1,1.0,1,1.0,1,0.18374564077109173,54
3127,1,6208,2481,3727,0,0,0,1.0,1,1.0,1,1.0,1,0.219986110244593,53
3128,3,6211,2482,3729,0,0,0,1.0,1,1.0,1,1.0,1,0.2350332517886688,52
3129,1,6212,2483,3729,0,0,0,1.0,1,1.0,1,1.0,1,0.22943205102575706,51
3130,1,6213,2483,3730,0,0,0,1.0,1,1.0,1,1.0,1,0.23471148064140682,50
3131,2,6215,2485,3730,0,0,0,1.0,1,1.0,1,1.0,1,0.24643660974687648,50
3132,1,6216,2485,3731,0,0,0,1.0,1,1.0,1,1.0,1,0.25399292907475896,49
3133,1,6217,2485,3732,0,0,0,1.0,1,1.0,1,1.0,1,0.23694442959455259,49
3134,1,6218,2486,3732,0,0,0,1.0,1,1.0,1,1.0,1,0.262157551035229,46
3135,1,6219,2487,3732,0,0,0,1.0,1,1.0,1,1.0,1,0.2796722914659086,47
3136,3,6222,2488,3734,0,0,0,1.0,1,1.0,1,1.0,1,0.23326376613511787,46
3137,0,6222,2488,3734,0,0,0,1.0,1,1.0,1,1.0,1,0.23988731751973089,49
3138,1,6223,2489,3734,0,0,0,1.0,1,1.0,1,1.0,1,0.2638728196492878,49
3139,2,6225,2490,3735,0,0,0,1.0,1,1.0,1,1.0,1,0.28251303663993904,50
3140,4,6229,2492,3737,0,0,0,1.0,1,1.0,1,1.0,1,0.2890717244847188,51
3141,2,6231,2493,3738,0,0,0,1.0,1,1.0,1,1.0,1,0.28117271418350787,50
3142,0,6231,2493,3738,0,0,0,1.0,1,1.0,1,1.0,1,0.28117271418350787,50
3143,0,6231,2493,3738,0,0,0,1.0,1,1.0,1,1.0,1,0.2913784113692075,49
3144,1,6232,2494,3738,0,0,0,1.0,1,1.0,1,1.0,1,0.3057539604165059,49
3145,3,6235,2494,3741,0,0,0,1.0,1,1.0,1,1.0,1,0.2660351942275834,48
3146,3,6238,2496,3742,0,0,0,1.0,1,1.0,1,1.0,1,0.270804666772273,49
3147,1,6239,2496,3743,0,0,0,1.0,1,1.0,1,1.0,1,0.28465938705640115,48
3148,5,6244,2498,3746,0,0,0,1.0,1,1.0,1,1.0,1,0.26274315065686826,48
3149,2,6246,2500,3746,0,0,0,1.0,1,1.0,1,1.0,1,0.2785076166870751,47
3150,2,6248,2501,3747,0,0,0,1.0,1,1.0,1,1.0,1,0.2702374862722154,47
3151,3,6251,2502,3749,0,0,0,1.0,1,1.0,1,1.0,1,0.28637513729438757,48
3152,2,6253,2503,3750,0,0,0,1.0,1,1.0,1,1.0,1,0.2745267648961739,47
3153,3,6256,2504,3752,0,0,0,1.0,1,1.0,1,1.0,1,0.28393906531310265,47
3154,4,6260,2505,3755,0,0,0,1.0,1,1.0,1,1.0,1,0.3133661926662182,48
3155,6,6266,2506,3760,0,0,0,1.0,1,1.0,1,1.0,1,0.3168902838056807,48
3156,3,6269,2506,3763,0,0,0,1.0,1,1.0,1,1.0,1,0.3121836051027052,48
3157,5,6274,2506,3768,0,0,0,1.0,1,1.0,1,1.0,1,0.29227539406225816,48
3158,1,6275,2506,3769,0,0,0,1.0,1,1.0,1,1.0,1,0.29639734077462465,48
3159,2,6277,2506,3771,0,0,0,1.0,1,1.0,1,1.0,1,0.2937671074788708,49
3160,4,6281,2506,3775,0,0,0,1.0,1,1.0,1,1.0,1,0.3148462394116557,51
3161,4,6285,2506,3779,0,0,0,1.0,1,1.0,1,1.0,1,0.2226930495614729,52
3162,4,6289,2508,3781,0,0,0,1.0,1,1.0,1,1.0,1,0.1990863269606059,51
3163,2,6291,2508,3783,0,0,0,1.0,1,1.0,1,1.0,1,0.16690002469262494,51
3164,5,6296,2508,3788,0,0,0,1.0,1,1.0,1,1.0,1,0.11914692942124964,52
3165,4,6300,2509,3791,0,0,0,1.0,1,1.0,1,1.0,1,0.07926159554167166,50
3166,3,6303,2510,3793,0,0,0,1.0,1,1.0,1,1.0,1,0.0787490636602577,50
3167,3,6306,2511,3795,0,0,0,1.0,1,1.0,1,1.0,1,0.10348138012089399,49
3168,1,6307,2511,3796,0,0,0,1.0,1,1.0,1,1.0,1,0.12492618078597843,47
3169,3,6310,2512,3798,0,0,0,1.0,1,1.0,1,1.0,1,0.13840659079216397,48
3170,2,6312,2512,3800,0,0,0,1.0,1,1.0,1,1.0,1,0.14582397038316194,47
3171,5,6317,2513,3804,0,0,0,1.0,1,1.0,1,1.0,1,0.19847647251863842,47
3172,3,6320,2514,3806,0,0,0,1.0,1,1.0,1,1.0,1,0.26181040409932704,46
3173,4,6324,2514,3810,0,0,0,1.0,1,1.0,1,1.0,1,0.2500934452620235,45
3174,6,6330,2515,3815,0,0,0,1.0,1,1.0,1,1.0,1,0.2996721589869752,43
3175,4,6334,2517,3817,0,0,0,1.0,1,1.0,1,1.0,1,0.2546259105101853,43
3176,4,6338,2517,3821,0,0,0,1.0,1,1.0,1,1.0,1,0.2572992923567305,44
3177,4,6342,2519,3823,0,0,0,1.0,1,1.0,1,1.0,1,0.2720517275359844,44
3178,3,6345,2520,3825,0,0,0,1.0,1,1.0,1,1.0,1,0.30736548921165185,47
3179,6,6351,2522,3829,0,0,0,1.0,1,1.0,1,1.0,1,0.2979373717708717,48
3180,5,6356,2523,3833,0,0,0,1.0,1,1.0,1,1.0,1,0.31524763308088727,48
3181,7,6363,2523,3840,0,0,0,1.0,1,1.0,1,1.0,1,0.16395420085319795,48
3182,3,6366,2523,3843,0,0,0,1.0,1,1.0,1,1.0,1,0.17249380123074134,51
3183,0,6366,2523,3843,0,0,0,1.0,1,1.0,1,1.0,1,0.17183681130703793,50
3184,0,6366,2523,3843,0,0,0,1.0,1,1.0,1,1.0,1,0.17621753264313614,50
3185,0,6366,2523,3843,0,0,0,1.0,1,1.0,1,1.0,1,0.18313470491817158,48
3186,2,6368,2524,3844,0,0,0,1.0,1,1.0,1,1.0,1,0.18968894882191073,48
3187,1,6369,2524,3845,0,0,0,1.0,1,1.0,1,1.0,1,0.20931840792637113,48
3188,2,6371,2525,3846,0,0,0,1.0,1,1.0,1,1.0,1,0.23119709168239183,48
3189,2,6373,2525,3848,0,0,0,1.0,1,1.0,1,1.0,1,0.2188910630159845,49
3190,1,6374,2525,3849,0,0,0,1.0,1,1.0,1,1.0,1,0.24113664612029642,51
3191,3,6377,2526,3851,0,0,0,1.0,1,1.0,1,1.0,1,0.21468880466792126,52
3192,1,6378,2526,3852,0,0,0,1.0,1,1.0,1,1.0,1,0.21457554554959257,52
3193,2,6380,2527,3853,0,0,0,1.0,1,1.0,1,1.0,1,0.22966136165965154,52
3194,4,6384,2527,3857,0,0,0,1.0,1,1.0,1,1.0,1,0.19942325201426944,54
3195,1,6385,2527,3858,0,0,0,1.0,1,1.0,1,1.0,1,0.19999756243040587,54
3196,5,6390,2527,3863,0,0,0,1.0,1,1.0,1,1.0,1,0.18325900509769819,54
3197,2,6392,2527,3865,0,0,0,1.0,1,1.0,1,1.0,1,0.19609803515973304,54
3198,1,6393,2527,3866,0,0,0,1.0,1,1.0,1,1.0,1,0.1669477458349911,54
3199,2,6395,2528,3867,0,0,0,1.0,1,1.0,1,1.0,1,0.16804991052189427,56
3200,1,6396,2529,3867,0,0,0,1.0,1,1.0,1,1.0,1,0.1982907557032369,56
3201,1,6397,2530,3867,0,0,0,1.0,1,1.0,1,1.0,1,0.20998411509405923,56
3202,2,6399,2530,3869,0,0,0,1.0,1,1.0,1,1.0,1,0.19383194632658818,57
3203,2,6401,2530,3871,0,0,0,1.0,1,1.0,1,1.0,1,0.15913464359777843,56
3204,3,6404,2533,3871,0,0,0,1.0,1,1.0,1,1.0,1,0.19746074168194813,55
3205,0,6404,2533,3871,0,0,0,1.0,1,1.0,1,1.0,1,0.20743295197609585,54
3206,4,6408,2535,3873,0,0,0,1.0,1,1.0,1,1.0,1,0.2642601160826097,56
3207,4,6412,2536,3876,0,0,0,1.0,1,1.0,1,1.0,1,0.2384166992240354,54
3208,2,6414,2537,3877,0,0,0,1.0,1,1.0,1,1.0,1,0.23045952317087157,53
3209,2,6416,2537,3879,0,0,0,1.0,1,1.0,1,1.0,1,0.23473872269908608,54
3210,1,6417,2538,3879,0,0,0,1.0,1,1.0,1,1.0,1,0.2617439747597101,53
3211,2,6419,2539,3880,0,0,0,1.0,1,1.0,1,1.0,1,0.2748708616156586,53
3212,6,6425,2539,3886,0,0,0,1.0,1,1.0,1,1.0,1,0.26326825204431814,54
3213,5,6430,2539,3891,0,0,0,1.0,1,1.0,1,1.0,1,0.25264637594609596,54
3214,4,6434,2539,3895,0,0,0,1.0,1,1.0,1,1.0,1,0.2868922283824449,55
3215,2,6436,2539,3897,0,0,0,1.0,1,1.0,1,1.0,1,0.2811755895075938,55
3216,2,6438,2539,3899,0,0,0,1.0,1,1.0,1,1.0,1,0.2867035322566045,55
3217,5,6443,2542,3901,0,0,0,1.0,1,1.0,1,1.0,1,0.3187346083233656,54
3218,2,6445,2542,3903,0,0,0,1.0,1,1.0,1,1.0,1,0.32059014063817987,54
3219,3,6448,2543,3905,0,0,0,1.0,1,1.0,1,1.0,1,0.3194736805145179,55
3220,4,6452,2543,3909,0,0,0,1.0,1,1.0,1,1.0,1,0.3065329420008726,56
3221,4,6456,2544,3912,0,0,0,1.0,1,1.0,1,1.0,1,0.3151484263230505,57
3222,0,6456,2544,3912,0,0,0,1.0,1,1.0,1,1.0,1,0.3151484263230505,57
3223,2,6458,2545,3913,0,0,0,1.0,1,1.0,1,1.0,1,0.3165102266789119,56
3224,5,6463,2549,3914,0,0,0,1.0,1,1.0,1,1.0,1,0.3141015236974835,58
3225,3,6466,2550,3916,0,0,0,1.0,1,1.0,1,1.0,1,0.27374607484720515,55
3226,4,6470,2552,3918,0,0,0,1.0,1,1.0,1,1.0,1,0.2972643973825508,54
3227,1,6471,2553,3918,0,0,0,1.0,1,1.0,1,1.0,1,0.288086181573814,53
3228,3,6474,2555,3919,0,0,0,1.0,1,1.0,1,1.0,1,0.3214679718938402,52
3229,4,6478,2557,3921,0,0,0,1.0,1,1.0,1,1.0,1,0.3423986196787975,52
3230,1,6479,2558,3921,0,0,0,1.0,1,1.0,1,1.0,1,0.33377473428910887,50
3231,0,6479,2558,3921,0,0,0,1.0,1,1.0,1,1.0,1,0.33377473428910887,50
3232,3,6482,2561,3921,0,0,0,1.0,1,1.0,1,1.0,1,0.3541658082659279,50
3233,2,6484,2562,3922,0,0,0,1.0,1,1.0,1,1.0,1,0.3505076309195912,50
3234,2,6486,2564,3922,0,0,0,1.0,1,1.0,1,1.0,1,0.3509265665425317,49
3235,3,6489,2566,3923,0,0,0,1.0,1,1.0,1,1.0,1,0.3539480433612123,49
3236,2,6491,2566,3925,0,0,0,1.0,1,1.0,1,1.0,1,0.3559752013574642,51
3237,2,6493,2567,3926,0,0,0,1.0,1,1.0,1,1.0,1,0.35907279806851716,53
3238,1,6494,2567,3927,0,0,0,1.0,1,1.0,1,1.0,1,0.36375199988161316,53
3239,0,6494,2567,3927,0,0,0,1.0,1,1.0,1,1.0,1,0.36375199988161316,53
3240,0,6494,2567,3927,0,0,0,1.0,1,1.0,1,1.0,1,0.36475755444526875,53
3241,10,6504,2567,3937,0,0,0,1.0,1,1.0,1,1.0,1,0.2383305993422667,53
3242,0,6504,2567,3937,0,0,0,1.0,1,1.0,1,1.0,1,0.2383305993422667,53
3243,4,6508,2567,3941,0,0,0,1.0,1,1.0,1,1.0,1,0.23221151252902306,56
3244,3,6511,2567,3944,0,0,0,1.0,1,1.0,1,1.0,1,0.21173390374027073,57
3245,3,6514,2567,3947,0,0,0,1.0,1,1.0,1,1.0,1,0.19223291199742928,59
3246,0,6514,2567,3947,0,0,0,1.0,1,1.0,1,1.0,1,0.19223291199742928,59
3247,1,6515,2568,3947,0,0,0,1.0,1,1.0,1,1.0,1,0.20243069344189307,59
3248,0,6515,2568,3947,0,0,0,1.0,1,1.0,1,1.0,1,0.20243069344189307,59
3249,0,6515,2568,3947,0,0,0,1.0,1,1.0,1,1.0,1,0.22905485246075258,58
3250,1,6516,2569,3947,0,0,0,1.0,1,1.0,1,1.0,1,0.22761034252944612,58
3251,2,6518,2570,3948,0,0,0,1.0,1,1.0,1,1.0,1,0.2444380210175661,57
3252,3,6521,2571,3950,0,0,0,1.0,1,1.0,1,1.0,1,0.2435033318016121,57
3253,1,6522,2571,3951,0,0,0,1.0,1,1.0,1,1.0,1,0.26492312717987865,56
3254,2,6524,2572,3952,0,0,0,1.0,1,1.0,1,1.0,1,0.27554381001712097,57
3255,5,6529,2572,3957,0,0,0,1.0,1,1.0,1,1.0,1,0.23915337116098936,57
3256,2,6531,2572,3959,0,0,0,1.0,1,1.0,1,1.0,1,0.23944343102412763,57
3257,3,6534,2572,3962,0,0,0,1.0,1,1.0,1,1.0,1,0.2247482494463145,57
3258,2,6536,2572,3964,0,0,0,1.0,1,1.0,1,1.0,1,0.17732309850889166,58
3259,6,6542,2573,3969,0,0,0,1.0,1,1.0,1,1.0,1,0.17704564162462566,59
3260,0,6542,2573,3969,0,0,0,1.0,1,1.0,1,1.0,1,0.18101245441726482,60
3261,8,6550,2576,3974,0,0,0,1.0,1,1.0,1,1.0,1,0.14836668738526734,60
3262,4,6554,2578,3976,0,0,0,1.0,1,1.0,1,1.0,1,0.13338117350383524,61
3263,3,6557,2581,3976,0,0,0,1.0,1,1.0,1,1.0,1,0.12186867371884268,62
3264,3,6560,2584,3976,0,0,0,1.0,1,1.0,1,1.0,1,0.13308646302495822,60
3265,3,6563,2586,3977,0,0,0,1.0,1,1.0,1,1.0,1,0.12662878797925392,58
3266,8,6571,2590,3981,0,0,0,1.0,1,1.0,1,1.0,1,0.20683229191858427,59
3267,5,6576,2591,3985,0,0,0,1.0,1,1.0,1,1.0,1,0.19101395678456667,60
3268,6,6582,2596,3986,0,0,0,1.0,1,1.0,1,1.0,1,0.264729876187408,58
3269,3,6585,2597,3988,0,0,0,1.0,1,1.0,1,1.0,1,0.24742826104104057,57
3270,2,6587,2599,3988,0,0,0,1.0,1,1.0,1,1.0,1,0.26810358904016235,56
3271,2,6589,2600,3989,0,0,0,1.0,1,1.0,1,1.0,1,0.2618831112628889,55
3272,1,6590,2600,3990,0,0,0,1.0,1,1.0,1,1.0,1,0.2728023553402836,55
3273,2,6592,2600,3992,0,0,0,1.0,1,1.0,1,1.0,1,0.25717585055989095,55
3274,1,6593,2601,3992,0,0,0,1.0,1,1.0,1,1.0,1,0.2782076747060577,55
3275,1,6594,2601,3993,0,0,0,1.0,1,1.0,1,1.0,1,0.2626316703180303,55
3276,1,6595,2601,3994,0,0,0,1.0,1,1.0,1,1.0,1,0.2582257486277955,55
3277,2,6597,2601,3996,0,0,0,1.0,1,1.0,1,1.0,1,0.26059143940698043,57
3278,4,6601,2603,3998,0,0,0,1.0,1,1.0,1,1.0,1,0.30805011034526036,56
3279,1,6602,2603,3999,0,0,0,1.0,1,1.0,1,1.0,1,0.292155092240742,54
3280,0,6602,2603,3999,0,0,0,1.0,1,1.0,1,1.0,1,0.31841540457735895,53
3281,11,6613,2604,4009,0,0,0,1.0,1,1.0,1,1.0,1,0.13235248654047263,52
3282,3,6616,2605,4011,0,0,0,1.0,1,1.0,1,1.0,1,0.17422436698139182,50
3283,3,6619,2606,4013,0,0,0,1.0,1,1.0,1,1.0,1,0.21623246309653202,50
3284,2,6621,2607,4014,0,0,0,1.0,1,1.0,1,1.0,1,0.2530647447737249,47
3285,1,6622,2607,4015,0,0,0,1.0,1,1.0,1,1.0,1,0.23211407934464162,48
3286,6,6628,2607,4021,0,0,0,1.0,1,1.0,1,1.0,1,0.26991785300175924,46
3287,9,6637,2610,4027,0,0,0,1.0,1,1.0,1,1.0,1,0.20936243927305384,46
3288,4,6641,2613,4028,0,0,0,1.0,1,1.0,1,1.0,1,0.3054839375403295,46
3289,6,6647,2615,4032,0,0,0,1.0,1,1.0,1,1.0,1,0.30887185142008033,48
3290,2,6649,2615,4034,0,0,0,1.0,1,1.0,1,1.0,1,0.2954209533895223,48
3291,6,6655,2616,4039,0,0,0,1.0,1,1.0,1,1.0,1,0.2596842425377767,50
3292,5,6660,2617,4043,0,0,0,1.0,1,1.0,1,1.0,1,0.29468388200684903,50
3293,10,6670,2618,4052,0,0,0,1.0,1,1.0,1,1.0,1,0.28922399791616094,51
3294,4,6674,2619,4055,0,0,0,1.0,1,1.0,1,1.0,1,0.26584584098970043,50
3295,7,6681,2620,4061,0,0,0,1.0,1,1.0,1,1.0,1,0.26849401375494303,50
3296,5,6686,2620,4066,0,0,0,1.0,1,1.0,1,1.0,1,0.31013648608695854,50
3297,8,6694,2621,4073,0,0,0,1.0,1,1.0,1,1.0,1,0.2747136199926063,51
3298,6,6700,2621,4079,0,0,0,1.0,1,1.0,1,1.0,1,0.2752398876124182,52
3299,8,6708,2621,4087,0,0,0,1.0,1,1.0,1,1.0,1,0.23130789331606338,53
3300,3,6711,2621,4090,0,0,0,1.0,1,1.0,1,1.0,1,0.18609457339827695,53
3301,2,6713,2622,4091,0,0,0,1.0,1,1.0,1,1.0,1,0.18903660703087488,53
3302,4,6717,2625,4092,0,0,0,1.0,1,1.0,1,1.0,1,0.18462239940378725,53
3303,0,6717,2625,4092,0,0,0,1.0,1,1.0,1,1.0,1,0.1737735590475688,52
3304,4,6721,2628,4093,0,0,0,1.0,1,1.0,1,1.0,1,0.20807166276731817,52
3305,0,6721,2628,4093,0,0,0,1.0,1,1.0,1,1.0,1,0.20327447072834526,51
3306,0,6721,2628,4093,0,0,0,1.0,1,1.0,1,1.0,1,0.2125528976486891,51
3307,0,6721,2628,4093,0,0,0,1.0,1,1.0,1,1.0,1,0.21066784512159786,48
3308,2,6723,2630,4093,0,0,0,1.0,1,1.0,1,1.0,1,0.24601144030628772,48
3309,0,6723,2630,4093,0,0,0,1.0,1,1.0,1,1.0,1,0.22834202006136867,48
3310,0,6723,2630,4093,0,0,0,1.0,1,1.0,1,1.0,1,0.24794860120410508,47
3311,4,6727,2632,4095,0,0,0,1.0,1,1.0,1,1.0,1,0.24514133497754012,49
3312,1,6728,2633,4095,0,0,0,1.0,1,1.0,1,1.0,1,0.24954595057956339,48
3313,4,6732,2637,4095,0,0,0,1.0,1,1.0,1,1.0,1,0.27874224711191276,49
3314,1,6733,2638,4095,0,0,0,1.0,1,1.0,1,1.0,1,0.30576669113220056,47
3315,1,6734,2639,4095,0,0,0,1.0,1,1.0,1,1.0,1,0.3263506057143367,47
3316,3,6737,2639,4098,0,0,0,1.0,1,1.0,1,1.0,1,0.30958643573580946,47
3317,4,6741,2640,4101,0,0,0,1.0,1,1.0,1,1.0,1,0.2663098741155522,46
3318,2,6743,2642,4101,0,0,0,1.0,1,1.0,1,1.0,1,0.2769736023426714,45
3319,0,6743,2642,4101,0,0,0,1.0,1,1.0,1,1.0,1,0.2706180441118581,44
3320,1,6744,2643,4101,0,0,0,1.0,1,1.0,1,1.0,1,0.25406833801056083,43
3321,6,6750,2646,4104,0,0,0,1.0,1,1.0,1,1.0,1,0.2307897222839851,43
3322,2,6752,2647,4105,0,0,0,1.0,1,1.0,1,1.0,1,0.21917072388462547,40
3323,0,6752,2647,4105,0,0,0,1.0,1,1.0,1,1.0,1,0.21254206466455924,40
3324,1,6753,2648,4105,0,0,0,1.0,1,1.0,1,1.0,1,0.1776872896172585,40
3325,3,6756,2651,4105,0,0,0,1.0,1,1.0,1,1.0,1,0.23064611927005463,40
3326,0,6756,2651,4105,0,0,0,1.0,1,1.0,1,1.0,1,0.18117413354186224,41
3327,1,6757,2652,4105,0,0,0,1.0,1,1.0,1,1.0,1,0.20426499098397952,39
3328,3,6760,2655,4105,0,0,0,1.0,1,1.0,1,1.0,1,0.26764309519893487,41
3329,3,6763,2656,4107,0,0,0,1.0,1,1.0,1,1.0,1,0.20841637073554556,39
3330,3,6766,2659,4107,0,0,0,1.0,1,1.0,1,1.0,1,0.24430102772811052,40
3331,1,6767,2659,4108,0,0,0,1.0,1,1.0,1,1.0,1,0.22102206683199443,38
3332,0,6767,2659,4108,0,0,0,1.0,1,1.0,1,1.0,1,0.26458215415840075,38
3333,0,6767,2659,4108,0,0,0,1.0,1,1.0,1,1.0,1,0.26458215415840075,38
3334,1,6768,2659,4109,0,0,0,1.0,1,1.0,1,1.0,1,0.2835715732137219,40
3335,1,6769,2659,4110,0,0,0,1.0,1,1.0,1,1.0,1,0.2608699564665948,40
3336,0,6769,2659,4110,0,0,0,1.0,1,1.0,1,1.0,1,0.29875515952816845,39
3337,2,6771,2659,4112,0,0,0,1.0,1,1.0,1,1.0,1,0.24214050589569697,40
3338,1,6772,2660,4112,0,0,0,1.0,1,1.0,1,1.0,1,0.276964588752386,41
3339,0,6772,2660,4112,0,0,0,1.0,1,1.0,1,1.0,1,0.27595998559706403,42
3340,4,6776,2663,4113,0,0,0,1.0,1,1.0,1,1.0,1,0.24146704640777913,43
3341,3,6779,2663,4116,0,0,0,1.0,1,1.0,1,1.0,1,0.20077844547974824,43
3342,3,6782,2664,4118,0,0,0,1.0,1,1.0,1,1.0,1,0.22693754307696978,44
3343,3,6785,2666,4119,0,0,0,1.0,1,1.0,1,1.0,1,0.2312771999796935,44
3344,4,6789,2667,4122,0,0,0,1.0,1,1.0,1,1.0,1,0.22831440774778125,44
3345,1,6790,2667,4123,0,0,0,1.0,1,1.0,1,1.0,1,0.2534489073000182,43
3346,0,6790,2667,4123,0,0,0,1.0,1,1.0,1,1.0,1,0.2765247033463004,42
3347,0,6790,2667,4123,0,0,0,1.0,1,1.0,1,1.0,1,0.25953449079215835,44
3348,3,6793,2667,4126,0,0,0,1.0,1,1.0,1,1.0,1,0.25679183642388453,45
3349,2,6795,2668,4127,0,0,0,1.0,1,1.0,1,1.0,1,0.2540371358245382,45
3350,2,6797,2668,4129,0,0,0,1.0,1,1.0,1,1.0,1,0.2353181654284336,46
3351,4,6801,2670,4131,0,0,0,1.0,1,1.0,1,1.0,1,0.27595795097555953,47
3352,4,6805,2671,4134,0,0,0,1.0,1,1.0,1,1.0,1,0.2624844310383477,47
3353,1,6806,2671,4135,0,0,0,1.0,1,1.0,1,1.0,1,0.2856195784864958,48
3354,2,6808,2671,4137,0,0,0,1.0,1,1.0,1,1.0,1,0.2856195784864958,48
3355,5,6813,2671,4142,0,0,0,1.0,1,1.0,1,1.0,1,0.27069705299525115,48
3356,4,6817,2672,4145,0,0,0,1.0,1,1.0,1,1.0,1,0.29446152582746904,48
3357,4,6821,2673,4148,0,0,0,1.0,1,1.0,1,1.0,1,0.29307157610851586,47
3358,3,6824,2673,4151,0,0,0,1.0,1,1.0,1,1.0,1,0.3294047542262498,46
3359,7,6831,2675,4156,0,0,0,1.0,1,1.0,1,1.0,1,0.3342315976917233,45
3360,8,6839,2677,4162,0,0,0,1.0,1,1.0,1,1.0,1,0.37868389432755384,44
3361,6,6845,2677,4168,0,0,0,1.0,1,1.0,1,1.0,1,0.2705803319104861,43
3362,2,6847,2677,4170,0,0,0,1.0,1,1.0,1,1.0,1,0.26408256494437027,42
3363,1,6848,2677,4171,0,0,0,1.0,1,1.0,1,1.0,1,0.23998432160618483,41
3364,4,6852,2677,4175,0,0,0,1.0,1,1.0,1,1.0,1,0.1319418777613942,41
3365,1,6853,2678,4175,0,0,0,1.0,1,1.0,1,1.0,1,0.1570604953369177,41
3366,1,6854,2679,4175,0,0,0,1.0,1,1.0,1,1.0,1,0.17365539952448875,40
3367,0,6854,2679,4175,0,0,0,1.0,1,1.0,1,1.0,1,0.20906275242238925,39
3368,1,6855,2680,4175,0,0,0,1.0,1,1.0,1,1.0,1,0.21458035263973177,39
3369,0,6855,2680,4175,0,0,0,1.0,1,1.0,1,1.0,1,0.21510796989572442,40
3370,4,6859,2683,4176,0,0,0,1.0,1,1.0,1,1.0,1,0.22702950269077055,41
3371,3,6862,2685,4177,0,0,0,1.0,1,1.0,1,1.0,1,0.24480191237049614,41
3372,2,6864,2686,4178,0,0,0,1.0,1,1.0,1,1.0,1,0.23846711767396397,40
3373,4,6868,2686,4182,0,0,0,1.0,1,1.0,1,1.0,1,0.21533494835279565,41
3374,1,6869,2686,4183,0,0,0,1.0,1,1.0,1,1.0,1,0.22296434077933638,42
3375,1,6870,2686,4184,0,0,0,1.0,1,1.0,1,1.0,1,0.24868666112641682,44
3376,4,6874,2686,4188,0,0,0,1.0,1,1.0,1,1.0,1,0.23028549157237055,46
3377,4,6878,2686,4192,0,0,0,1.0,1,1.0,1,1.0,1,0.1748303377917387,47
3378,2,6880,2687,4193,0,0,0,1.0,1,1.0,1,1.0,1,0.18503804579600688,48
3379,2,6882,2687,4195,0,0,0,1.0,1,1.0,1,1.0,1,0.18503804579600688,48
3380,1,6883,2687,4196,0,0,0,1.0,1,1.0,1,1.0,1,0.15593648206708405,48
3381,0,6883,2687,4196,0,0,0,1.0,1,1.0,1,1.0,1,0.15593648206708405,48
3382,4,6887,2689,4198,0,0,0,1.0,1,1.0,1,1.0,1,0.1314969668789419,49
3383,0,6887,2689,4198,0,0,0,1.0,1,1.0,1,1.0,1,0.12311290432350973,47
3384,4,6891,2692,4199,0,0,0,1.0,1,1.0,1,1.0,1,0.1619387642081345,48
3385,0,6891,2692,4199,0,0,0,1.0,1,1.0,1,1.0,1,0.13280234202246088,47
3386,1,6892,2693,4199,0,0,0,1.0,1,1.0,1,1.0,1,0.1846984390450507,49
3387,1,6893,2693,4200,0,0,0,1.0,1,1.0,1,1.0,1,0.17015319417584973,48
3388,2,6895,2694,4201,0,0,0,1.0,1,1.0,1,1.0,1,0.1969997107109565,48
3389,1,6896,2694,4202,0,0,0,1.0,1,1.0,1,1.0,1,0.22604939473196706,50
3390,1,6897,2694,4203,0,0,0,1.0,1,1.0,1,1.0,1,0.20232160015207667,51
3391,0,6897,2694,4203,0,0,0,1.0,1,1.0,1,1.0,1,0.20232160015207667,51
3392,0,6897,2694,4203,0,0,0,1.0,1,1.0,1,1.0,1,0.19994771725208027,52
3393,1,6898,2695,4203,0,0,0,1.0,1,1.0,1,1.0,1,0.20147652051593876,52
3394,2,6900,2696,4204,0,0,0,1.0,1,1.0,1,1.0,1,0.17080169974432022,52
3395,0,6900,2696,4204,0,0,0,1.0,1,1.0,1,1.0,1,0.17245633440023206,50
3396,1,6901,2697,4204,0,0,0,1.0,1,1.0,1,1.0,1,0.14683214861821373,49
3397,1,6902,2698,4204,0,0,0,1.0,1,1.0,1,1.0,1,0.17870074887022103,49
3398,0,6902,2698,4204,0,0,0,1.0,1,1.0,1,1.0,1,0.17449161094735224,48
3399,1,6903,2699,4204,0,0,0,1.0,1,1.0,1,1.0,1,0.1882060789570078,49
3400,1,6904,2700,4204,0,0,0,1.0,1,1.0,1,1.0,1,0.18728260036274774,50
3401,1,6905,2700,4205,0,0,0,1.0,1,1.0,1,1.0,1,0.17771497062846436,51
3402,1,6906,2701,4205,0,0,0,1.0,1,1.0,1,1.0,1,0.21312400119312866,51
3403,2,6908,2703,4205,0,0,0,1.0,1,1.0,1,1.0,1,0.2222411642565943,51
3404,2,6910,2704,4206,0,0,0,1.0,1,1.0,1,1.0,1,0.1990868622792605,51
3405,2,6912,2706,4206,0,0,0,1.0,1,1.0,1,1.0,1,0.231082661771066,51
3406,0,6912,2706,4206,0,0,0,1.0,1,1.0,1,1.0,1,0.21763337578615716,51
3407,1,6913,2706,4207,0,0,0,1.0,1,1.0,1,1.0,1,0.21946111394608847,52
3408,1,6914,2706,4208,0,0,0,1.0,1,1.0,1,1.0,1,0.2227339616345635,53
3409,0,6914,2706,4208,0,0,0,1.0,1,1.0,1,1.0,1,0.20333225611732186,54
3410,4,6918,2709,4209,0,0,0,1.0,1,1.0,1,1.0,1,0.20141491758107727,54
3411,2,6920,2710,4210,0,0,0,1.0,1,1.0,1,1.0,1,0.19752188158688952,54
3412,2,6922,2710,4212,0,0,0,1.0,1,1.0,1,1.0,1,0.1909216042274298,55
3413,1,6923,2711,4212,0,0,0,1.0,1,1.0,1,1.0,1,0.21549212284503486,55
3414,1,6924,2711,4213,0,0,0,1.0,1,1.0,1,1.0,1,0.2160161012762526,55
3415,7,6931,2714,4217,0,0,0,1.0,1,1.0,1,1.0,1,0.21208619639683648,56
3416,1,6932,2714,4218,0,0,0,1.0,1,1.0,1,1.0,1,0.20684279793194044,55
3417,1,6933,2714,4219,0,0,0,1.0,1,1.0,1,1.0,1,0.21734682048734663,56
3418,4,6937,2717,4220,0,0,0,1.0,1,1.0,1,1.0,1,0.261022122259265,55
3419,7,6944,2718,4226,0,0,0,1.0,1,1.0,1,1.0,1,0.26776662573933024,56
3420,6,6950,2719,4231,0,0,0,1.0,1,1.0,1,1.0,1,0.28554460754602934,55
3421,6,6956,2719,4237,0,0,0,1.0,1,1.0,1,1.0,1,0.22486062986163896,57
3422,1,6957,2719,4238,0,0,0,1.0,1,1.0,1,1.0,1,0.20855585618043312,56
3423,1,6958,2720,4238,0,0,0,1.0,1,1.0,1,1.0,1,0.2226488158281445,56
3424,2,6960,2721,4239,0,0,0,1.0,1,1.0,1,1.0,1,0.20872506465011587,56
3425,0,6960,2721,4239,0,0,0,1.0,1,1.0,1,1.0,1,0.20872506465011587,56
3426,1,6961,2721,4240,0,0,0,1.0,1,1.0,1,1.0,1,0.2240581886404761,55
3427,0,6961,2721,4240,0,0,0,1.0,1,1.0,1,1.0,1,0.25623257696113483,55
3428,2,6963,2723,4240,0,0,0,1.0,1,1.0,1,1.0,1,0.25745364629507006,55
3429,0,6963,2723,4240,0,0,0,1.0,1,1.0,1,1.0,1,0.26683922738642113,54
3430,1,6964,2723,4241,0,0,0,1.0,1,1.0,1,1.0,1,0.26768900939880896,56
3431,0,6964,2723,4241,0,0,0,1.0,1,1.0,1,1.0,1,0.2476990426773191,54
3432,2,6966,2724,4242,0,0,0,1.0,1,1.0,1,1.0,1,0.2724431099999862,56
3433,5,6971,2726,4245,0,0,0,1.0,1,1.0,1,1.0,1,0.26244203894135465,53
3434,1,6972,2727,4245,0,0,0,1.0,1,1.0,1,1.0,1,0.22200887563949998,51
3435,1,6973,2728,4245,0,0,0,1.0,1,1.0,1,1.0,1,0.2290616507528359,51
3436,4,6977,2730,4247,0,0,0,1.0,1,1.0,1,1.0,1,0.22626198592740376,51
3437,5,6982,2731,4251,0,0,0,1.0,1,1.0,1,1.0,1,0.2208356335121271,53
3438,3,6985,2732,4253,0,0,0,1.0,1,1.0,1,1.0,1,0.2108586278871971,52
3439,0,6985,2732,4253,0,0,0,1.0,1,1.0,1,1.0,1,0.2049175014172855,54
3440,0,6985,2732,4253,0,0,0,1.0,1,1.0,1,1.0,1,0.1796518212797854,52
3441,4,6989,2732,4257,0,0,0,1.0,1,1.0,1,1.0,1,0.11783259892650781,53
3442,1,6990,2733,4257,0,0,0,1.0,1,1.0,1,1.0,1,0.13496877982608907,53
3443,1,6991,2734,4257,0,0,0,1.0,1,1.0,1,1.0,1,0.19425472166823682,53
3444,0,6991,2734,4257,0,0,0,1.0,1,1.0,1,1.0,1,0.20473772328753642,52
3445,4,6995,2736,4259,0,0,0,1.0,1,1.0,1,1.0,1,0.230801385224458,53
3446,4,6999,2737,4262,0,0,0,1.0,1,1.0,1,1.0,1,0.25913974439586207,53
3447,4,7003,2739,4264,0,0,0,1.0,1,1.0,1,1.0,1,0.2415926366586347,53
3448,1,7004,2739,4265,0,0,0,1.0,1,1.0,1,1.0,1,0.26625148008316385,52
3449,3,7007,2742,4265,0,0,0,1.0,1,1.0,1,1.0,1,0.2504495481671263,52
3450,2,7009,2744,4265,0,0,0,1.0,1,1.0,1,1.0,1,0.2610543061875435,52
3451,2,7011,2746,4265,0,0,0,1.0,1,1.0,1,1.0,1,0.2772511546169671,54
3452,3,7014,2747,4267,0,0,0,1.0,1,1.0,1,1.0,1,0.27845046498152154,54
3453,3,7017,2748,4269,0,0,0,1.0,1,1.0,1,1.0,1,0.29712252589759064,54
3454,4,7021,2748,4273,0,0,0,1.0,1,1.0,1,1.0,1,0.2852957233150704,57
3455,2,7023,2748,4275,0,0,0,1.0,1,1.0,1,1.0,1,0.2852957233150704,57
3456,2,7025,2748,4277,0,0,0,1.0,1,1.0,1,1.0,1,0.2932106010190299,58
3457,2,7027,2748,4279,0,0,0,1.0,1,1.0,1,1.0,1,0.303687597110627,57
3458,1,7028,2748,4280,0,0,0,1.0,1,1.0,1,1.0,1,0.3020682335586914,57
3459,2,7030,2748,4282,0,0,0,1.0,1,1.0,1,1.0,1,0.3020682335586914,57
3460,1,7031,2748,4283,0,0,0,1.0,1,1.0,1,1.0,1,0.2938933413840052,58
3461,5,7036,2748,4288,0,0,0,1.0,1,1.0,1,1.0,1,0.22945444018834063,59
3462,1,7037,2748,4289,0,0,0,1.0,1,1.0,1,1.0,1,0.21389789353093352,59
3463,2,7039,2750,4289,0,0,0,1.0,1,1.0,1,1.0,1,0.20942181233692675,59
3464,2,7041,2752,4289,0,0,0,1.0,1,1.0,1,1.0,1,0.2401927937570619,59
3465,3,7044,2753,4291,0,0,0,1.0,1,1.0,1,1.0,1,0.23227550676721323,57
3466,3,7047,2756,4291,0,0,0,1.0,1,1.0,1,1.0,1,0.25339468516977903,57
3467,3,7050,2757,4293,0,0,0,1.0,1,1.0,1,1.0,1,0.2734929309144182,57
3468,1,7051,2758,4293,0,0,0,1.0,1,1.0,1,1.0,1,0.2685939957081646,57
3469,3,7054,2761,4293,0,0,0,1.0,1,1.0,1,1.0,1,0.2923934365492427,53
3470,5,7059,2766,4293,0,0,0,1.0,1,1.0,1,1.0,1,0.31239045078357286,50
3471,3,7062,2766,4296,0,0,0,1.0,1,1.0,1,1.0,1,0.23120066815238285,49
3472,1,7063,2767,4296,0,0,0,1.0,1,1.0,1,1.0,1,0.2803385695469697,47
3473,1,7064,2767,4297,0,0,0,1.0,1,1.0,1,1.0,1,0.23210780425922276,45
3474,0,7064,2767,4297,0,0,0,1.0,1,1.0,1,1.0,1,0.24199020592992218,42
3475,3,7067,2769,4298,0,0,0,1.0,1,1.0,1,1.0,1,0.27707422109754964,43
3476,2,7069,2771,4298,0,0,0,1.0,1,1.0,1,1.0,1,0.2801470557172601,41
3477,5,7074,2775,4299,0,0,0,1.0,1,1.0,1,1.0,1,0.33787555179956613,42
3478,1,7075,2776,4299,0,0,0,1.0,1,1.0,1,1.0,1,0.35132257644012094,40
3479,1,7076,2777,4299,0,0,0,1.0,1,1.0,1,1.0,1,0.3241855796302101,40
3480,2,7078,2778,4300,0,0,0,1.0,1,1.0,1,1.0,1,0.3453951537302622,40
3481,6,7084,2778,4306,0,0,0,1.0,1,1.0,1,1.0,1,0.23024535585278008,40
3482,1,7085,2779,4306,0,0,0,1.0,1,1.0,1,1.0,1,0.22670940904790013,40
3483,0,7085,2779,4306,0,0,0,1.0,1,1.0,1,1.0,1,0.2203672488016806,39
3484,0,7085,2779,4306,0,0,0,1.0,1,1.0,1,1.0,1,0.2203672488016806,39
3485,3,7088,2780,4308,0,0,0,1.0,1,1.0,1,1.0,1,0.21743663545594624,40
3486,1,7089,2780,4309,0,0,0,1.0,1,1.0,1,1.0,1,0.20688770878613746,41
3487,0,7089,2780,4309,0,0,0,1.0,1,1.0,1,1.0,1,0.23016168052528382,41
3488,1,7090,2781,4309,0,0,0,1.0,1,1.0,1,1.0,1,0.20731374089840027,42
3489,1,7091,2782,4309,0,0,0,1.0,1,1.0,1,1.0,1,0.18603937376990023,44
3490,0,7091,2782,4309,0,0,0,1.0,1,1.0,1,1.0,1,0.18603937376990023,44
3491,1,7092,2782,4310,0,0,0,1.0,1,1.0,1,1.0,1,0.19694471126707708,45
3492,2,7094,2784,4310,0,0,0,1.0,1,1.0,1,1.0,1,0.1893461633182356,45
3493,1,7095,2785,4310,0,0,0,1.0,1,1.0,1,1.0,1,0.21609187703619068,45
3494,1,7096,2785,4311,0,0,0,1.0,1,1.0,1,1.0,1,0.20552709305735567,45
3495,0,7096,2785,4311,0,0,0,1.0,1,1.0,1,1.0,1,0.20552709305735567,45
3496,0,7096,2785,4311,0,0,0,1.0,1,1.0,1,1.0,1,0.25067098654841324,46
3497,2,7098,2786,4312,0,0,0,1.0,1,1.0,1,1.0,1,0.268774082733063,47
3498,5,7103,2788,4315,0,0,0,1.0,1,1.0,1,1.0,1,0.2498430887259367,48
3499,0,7103,2788,4315,0,0,0,1.0,1,1.0,1,1.0,1,0.2648253885432199,47
3500,0,7103,2788,4315,0,0,0,1.0,1,1.0,1,1.0,1,0.2657631827059706,50
3501,4,7107,2790,4317,0,0,0,1.0,1,1.0,1,1.0,1,0.22490651841547057,50
3502,1,7108,2791,4317,0,0,0,1.0,1,1.0,1,1.0,1,0.23831209526585584,50
3503,3,7111,2793,4318,0,0,0,1.0,1,1.0,1,1.0,1,0.2537572421772608,50
3504,3,7114,2796,4318,0,0,0,1.0,1,1.0,1,1.0,1,0.3373640849720406,47
3505,4,7118,2797,4321,0,0,0,1.0,1,1.0,1,1.0,1,0.3227121504809824,48
3506,3,7121,2799,4322,0,0,0,1.0,1,1.0,1,1.0,1,0.36319170251988225,49
3507,0,7121,2799,4322,0,0,0,1.0,1,1.0,1,1.0,1,0.3274300041768863,46
3508,2,7123,2800,4323,0,0,0,1.0,1,1.0,1,1.0,1,0.36042209875979037,47
3509,0,7123,2800,4323,0,0,0,1.0,1,1.0,1,1.0,1,0.3300706986542234,44
3510,0,7123,2800,4323,0,0,0,1.0,1,1.0,1,1.0,1,0.3662621827407272,45
3511,1,7124,2801,4323,0,0,0,1.0,1,1.0,1,1.0,1,0.3848357733210223,44
3512,0,7124,2801,4323,0,0,0,1.0,1,1.0,1,1.0,1,0.4020171275863584,42
3513,0,7124,2801,4323,0,0,0,1.0,1,1.0,1,1.0,1,0.4020171275863584,42
3514,2,7126,2801,4325,0,0,0,1.0,1,1.0,1,1.0,1,0.38703916108827846,42
3515,2,7128,2801,4327,0,0,0,1.0,1,1.0,1,1.0,1,0.34795888138008874,42
3516,0,7128,2801,4327,0,0,0,1.0,1,1.0,1,1.0,1,0.33895881353189783,41
3517,1,7129,2802,4327,0,0,0,1.0,1,1.0,1,1.0,1,0.35608595984762803,44
3518,1,7130,2803,4327,0,0,0,1.0,1,1.0,1,1.0,1,0.37201391805007317,43
3519,0,7130,2803,4327,0,0,0,1.0,1,1.0,1,1.0,1,0.37721692501801557,44
3520,5,7135,2803,4332,0,0,0,1.0,1,1.0,1,1.0,1,0.30583999103575327,45
3521,4,7139,2803,4336,0,0,0,1.0,1,1.0,1,1.0,1,0.26014918161089773,45
3522,1,7140,2803,4337,0,0,0,1.0,1,1.0,1,1.0,1,0.2641987467948473,46
3523,0,7140,2803,4337,0,0,0,1.0,1,1.0,1,1.0,1,0.2641987467948473,46
3524,1,7141,2803,4338,0,0,0,1.0,1,1.0,1,1.0,1,0.23815753126213401,47
3525,1,7142,2803,4339,0,0,0,1.0,1,1.0,1,1.0,1,0.2741342421908916,48
3526,0,7142,2803,4339,0,0,0,1.0,1,1.0,1,1.0,1,0.26013183677986523,49
3527,3,7145,2805,4340,0,0,0,1.0,1,1.0,1,1.0,1,0.3003173954932907,49
3528,4,7149,2805,4344,0,0,0,1.0,1,1.0,1,1.0,1,0.28903155219098187,51
3529,1,7150,2805,4345,0,0,0,1.0,1,1.0,1,1.0,1,0.28993555799077747,51
3530,4,7154,2806,4348,0,0,0,1.0,1,1.0,1,1.0,1,0.24307525399201252,52
3531,7,7161,2807,4354,0,0,0,1.0,1,1.0,1,1.0,1,0.22946275567553398,52
3532,0,7161,2807,4354,0,0,0,1.0,1,1.0,1,1.0,1,0.22946275567553398,52
3533,0,7161,2807,4354,0,0,0,1.0,1,1.0,1,1.0,1,0.22946275567553398,52
3534,0,7161,2807,4354,0,0,0,1.0,1,1.0,1,1.0,1,0.22946275567553398,52
3535,1,7162,2808,4354,0,0,0,1.0,1,1.0,1,1.0,1,0.24148733181317958,52
3536,0,7162,2808,4354,0,0,0,1.0,1,1.0,1,1.0,1,0.2599749539346044,54
3537,0,7162,2808,4354,0,0,0,1.0,1,1.0,1,1.0,1,0.25539770963549063,55
3538,0,7162,2808,4354,0,0,0,1.0,1,1.0,1,1.0,1,0.25539770963549063,55
3539,0,7162,2808,4354,0,0,0,1.0,1,1.0,1,1.0,1,0.24207279565852519,58
3540,3,7165,2808,4357,0,0,0,1.0,1,1.0,1,1.0,1,0.23957791016381846,59
3541,2,7167,2808,4359,0,0,0,1.0,1,1.0,1,1.0,1,0.21066925425841262,59
3542,0,7167,2808,4359,0,0,0,1.0,1,1.0,1,1.0,1,0.22948926499836494,61
3543,4,7171,2810,4361,0,0,0,1.0,1,1.0,1,1.0,1,0.228967566996903,62
3544,1,7172,2811,4361,0,0,0,1.0,1,1.0,1,1.0,1,0.21349050723416155,59
3545,2,7174,2813,4361,0,0,0,1.0,1,1.0,1,1.0,1,0.24762079562977243,59
3546,4,7178,2815,4363,0,0,0,1.0,1,1.0,1,1.0,1,0.26864875459212373,57
3547,2,7180,2817,4363,0,0,0,1.0,1,1.0,1,1.0,1,0.2879940394994993,53
3548,3,7183,2819,4364,0,0,0,1.0,1,1.0,1,1.0,1,0.32732014076397614,53
3549,1,7184,2820,4364,0,0,0,1.0,1,1.0,1,1.0,1,0.3301393671583237,52
3550,1,7185,2820,4365,0,0,0,1.0,1,1.0,1,1.0,1,0.30392347696163513,51
3551,1,7186,2821,4365,0,0,0,1.0,1,1.0,1,1.0,1,0.3163571570276606,51
3552,2,7188,2821,4367,0,0,0,1.0,1,1.0,1,1.0,1,0.31971929792785103,51
3553,0,7188,2821,4367,0,0,0,1.0,1,1.0,1,1.0,1,0.3305940773882775,49
3554,2,7190,2821,4369,0,0,0,1.0,1,1.0,1,1.0,1,0.30917233185205784,49
3555,1,7191,2821,4370,0,0,0,1.0,1,1.0,1,1.0,1,0.29711241874047484,51
3556,0,7191,2821,4370,0,0,0,1.0,1,1.0,1,1.0,1,0.29711241874047484,51
3557,1,7192,2822,4370,0,0,0,1.0,1,1.0,1,1.0,1,0.29812456347142235,52
3558,3,7195,2823,4372,0,0,0,1.0,1,1.0,1,1.0,1,0.2938219492160071,52
3559,4,7199,2824,4375,0,0,0,1.0,1,1.0,1,1.0,1,0.2605820344291631,52
3560,1,7200,2824,4376,0,0,0,1.0,1,1.0,1,1.0,1,0.22943876047135578,53
3561,3,7203,2825,4378,0,0,0,1.0,1,1.0,1,1.0,1,0.20604751000498076,54
3562,2,7205,2826,4379,0,0,0,1.0,1,1.0,1,1.0,1,0.20633677619346583,54
3563,0,7205,2826,4379,0,0,0,1.0,1,1.0,1,1.0,1,0.2146059148062274,55
3564,1,7206,2826,4380,0,0,0,1.0,1,1.0,1,1.0,1,0.18347163569594813,57
3565,0,7206,2826,4380,0,0,0,1.0,1,1.0,1,1.0,1,0.1959098232407815,56
3566,4,7210,2826,4384,0,0,0,1.0,1,1.0,1,1.0,1,0.1733501234213624,57
3567,1,7211,2827,4384,0,0,0,1.0,1,1.0,1,1.0,1,0.19364197637125674,57
3568,1,7212,2827,4385,0,0,0,1.0,1,1.0,1,1.0,1,0.1865000086925184,57
3569,2,7214,2827,4387,0,0,0,1.0,1,1.0,1,1.0,1,0.12808825191714326,57
3570,1,7215,2828,4387,0,0,0,1.0,1,1.0,1,1.0,1,0.1887856224731481,59
3571,2,7217,2829,4388,0,0,0,1.0,1,1.0,1,1.0,1,0.1564997387457318,60
3572,1,7218,2830,4388,0,0,0,1.0,1,1.0,1,1.0,1,0.1829211324159318,61
3573,1,7219,2830,4389,0,0,0,1.0,1,1.0,1,1.0,1,0.17680603338861864,62
3574,0,7219,2830,4389,0,0,0,1.0,1,1.0,1,1.0,1,0.18318580840578638,63
3575,0,7219,2830,4389,0,0,0,1.0,1,1.0,1,1.0,1,0.18318580840578638,63
3576,0,7219,2830,4389,0,0,0,1.0,1,1.0,1,1.0,1,0.18318580840578638,63
3577,0,7219,2830,4389,0,0,0,1.0,1,1.0,1,1.0,1,0.1934014716022653,64
3578,0,7219,2830,4389,0,0,0,1.0,1,1.0,1,1.0,1,0.195386850277932,64
3579,0,7219,2830,4389,0,0,0,1.0,1,1.0,1,1.0,1,0.195386850277932,64
3580,1,7220,2831,4389,0,0,0,1.0,1,1.0,1,1.0,1,0.22873240187591382,65
3581,7,7227,2832,4395,0,0,0,1.0,1,1.0,1,1.0,1,0.17392819898410417,68
3582,6,7233,2834,4399,0,0,0,1.0,1,1.0,1,1.0,1,0.1668042695900885,68
3583,3,7236,2836,4400,0,0,0,1.0,1,1.0,1,1.0,1,0.18532718192686648,65
3584,2,7238,2838,4400,0,0,0,1.0,1,1.0,1,1.0,1,0.20561846229010136,64
3585,4,7242,2840,4402,0,0,0,1.0,1,1.0,1,1.0,1,0.18197132402253885,64
3586,3,7245,2843,4402,0,0,0,1.0,1,1.0,1,1.0,1,0.18014819283901387,65
3587,2,7247,2844,4403,0,0,0,1.0,1,1.0,1,1.0,1,0.17615662361728462,64
3588,4,7251,2847,4404,0,0,0,1.0,1,1.0,1,1.0,1,0.18703616262203088,62
3589,5,7256,2850,4406,0,0,0,1.0,1,1.0,1,1.0,1,0.19653744144979396,63
3590,2,7258,2851,4407,0,0,0,1.0,1,1.0,1,1.0,1,0.21888138679543062,63
3591,5,7263,2852,4411,0,0,0,1.0,1,1.0,1,1.0,1,0.17806026541684744,62
3592,3,7266,2854,4412,0,0,0,1.0,1,1.0,1,1.0,1,0.18199396302784346,59
3593,1,7267,2854,4413,0,0,0,1.0,1,1.0,1,1.0,1,0.18573848997492967,58
3594,2,7269,2854,4415,0,0,0,1.0,1,1.0,1,1.0,1,0.1999948319138564,57
3595,4,7273,2856,4417,0,0,0,1.0,1,1.0,1,1.0,1,0.17766298455683185,59
3596,2,7275,2857,4418,0,0,0,1.0,1,1.0,1,1.0,1,0.19922401175389437,57
3597,3,7278,2859,4419,0,0,0,1.0,1,1.0,1,1.0,1,0.2349464425166457,57
3598,3,7281,2860,4421,0,0,0,1.0,1,1.0,1,1.0,1,0.23437086760755146,57
3599,4,7285,2863,4422,0,0,0,1.0,1,1.0,1,1.0,1,0.26183521770878976,58
3600,2,7287,2863,4424,0,0,0,1.0,1,1.0,1,1.0,1,0.2316936261539204,58
3601,7,7294,2865,4429,0,0,0,1.0,1,1.0,1,1.0,1,0.20338485054032984,58
3602,4,7298,2866,4432,0,0,0,1.0,1,1.0,1,1.0,1,0.14523218887366332,60
3603,1,7299,2867,4432,0,0,0,1.0,1,1.0,1,1.0,1,0.140805475042027,60
3604,0,7299,2867,4432,0,0,0,1.0,1,1.0,1,1.0,1,0.140805475042027,60
3605,1,7300,2868,4432,0,0,0,1.0,1,1.0,1,1.0,1,0.17966409883470355,61
3606,1,7301,2868,4433,0,0,0,1.0,1,1.0,1,1.0,1,0.16600600551049485,63
3607,4,7305,2869,4436,0,0,0,1.0,1,1.0,1,1.0,1,0.15755755222546153,63
3608,1,7306,2869,4437,0,0,0,1.0,1,1.0,1,1.0,1,0.15820119235884686,64
3609,1,7307,2869,4438,0,0,0,1.0,1,1.0,1,1.0,1,0.16290289089796436,66
3610,2,7309,2871,4438,0,0,0,1.0,1,1.0,1,1.0,1,0.16090413813932855,67
3611,5,7314,2873,4441,0,0,0,1.0,1,1.0,1,1.0,1,0.19716234844438155,67
3612,2,7316,2874,4442,0,0,0,1.0,1,1.0,1,1.0,1,0.23566800719409356,66
3613,2,7318,2875,4443,0,0,0,1.0,1,1.0,1,1.0,1,0.2448303603563517,66
3614,3,7321,2877,4444,0,0,0,1.0,1,1.0,1,1.0,1,0.25219783585563926,65
3615,1,7322,2877,4445,0,0,0,1.0,1,1.0,1,1.0,1,0.2527127664726132,65
3616,4,7326,2877,4449,0,0,0,1.0,1,1.0,1,1.0,1,0.25267319985321823,65
3617,3,7329,2878,4451,0,0,0,1.0,1,1.0,1,1.0,1,0.255647783690831,66
3618,2,7331,2878,4453,0,0,0,1.0,1,1.0,1,1.0,1,0.255647783690831,66
3619,3,7334,2880,4454,0,0,0,1.0,1,1.0,1,1.0,1,0.2851100721997072,65
3620,9,7343,2881,4462,0,0,0,1.0,1,1.0,1,1.0,1,0.24648335121754184,66
3621,5,7348,2881,4467,0,0,0,1.0,1,1.0,1,1.0,1,0.16580042818347282,65
3622,2,7350,2882,4468,0,0,0,1.0,1,1.0,1,1.0,1,0.1499602905498928,65
3623,1,7351,2883,4468,0,0,0,1.0,1,1.0,1,1.0,1,0.14928843906164288,62
3624,4,7355,2886,4469,0,0,0,1.0,1,1.0,1,1.0,1,0.19881583153043114,62
3625,1,7356,2887,4469,0,0,0,1.0,1,1.0,1,1.0,1,0.200184116686448,61
3626,1,7357,2888,4469,0,0,0,1.0,1,1.0,1,1.0,1,0.19146726569436315,58
3627,3,7360,2890,4470,0,0,0,1.0,1,1.0,1,1.0,1,0.2001081669267562,58
3628,4,7364,2892,4472,0,0,0,1.0,1,1.0,1,1.0,1,0.17557657883067596,57
3629,1,7365,2893,4472,0,0,0,1.0,1,1.0,1,1.0,1,0.1729962217374453,57
3630,2,7367,2895,4472,0,0,0,1.0,1,1.0,1,1.0,1,0.21230135582378387,56
3631,5,7372,2899,4473,0,0,0,1.0,1,1.0,1,1.0,1,0.16293804238934248,54
3632,0,7372,2899,4473,0,0,0,1.0,1,1.0,1,1.0,1,0.17209771983197705,52
3633,5,7377,2903,4474,0,0,0,1.0,1,1.0,1,1.0,1,0.2852688347768486,52
3634,1,7378,2904,4474,0,0,0,1.0,1,1.0,1,1.0,1,0.2594750928719069,49
3635,1,7379,2905,4474,0,0,0,1.0,1,1.0,1,1.0,1,0.2798230979613199,47
3636,0,7379,2905,4474,0,0,0,1.0,1,1.0,1,1.0,1,0.29148533138099186,48
3637,3,7382,2905,4477,0,0,0,1.0,1,1.0,1,1.0,1,0.277726654887642,49
3638,0,7382,2905,4477,0,0,0,1.0,1,1.0,1,1.0,1,0.27529502840059406,50
3639,3,7385,2907,4478,0,0,0,1.0,1,1.0,1,1.0,1,0.28483801414179655,52
3640,1,7386,2908,4478,0,0,0,1.0,1,1.0,1,1.0,1,0.31197307500547616,52
3641,7,7393,2908,4485,0,0,0,1.0,1,1.0,1,1.0,1,0.21058715545585696,52
3642,1,7394,2908,4486,0,0,0,1.0,1,1.0,1,1.0,1,0.1950595444928923,52
3643,0,7394,2908,4486,0,0,0,1.0,1,1.0,1,1.0,1,0.1950595444928923,52
3644,0,7394,2908,4486,0,0,0,1.0,1,1.0,1,1.0,1,0.1950595444928923,52
3645,0,7394,2908,4486,0,0,0,1.0,1,1.0,1,1.0,1,0.17535658760741996,53
3646,0,7394,2908,4486,0,0,0,1.0,1,1.0,1,1.0,1,0.17535658760741996,53
3647,4,7398,2909,4489,0,0,0,1.0,1,1.0,1,1.0,1,0.15523409383960332,55
3648,3,7401,2909,4492,0,0,0,1.0,1,1.0,1,1.0,1,0.1373555471326124,57
3649,4,7405,2911,4494,0,0,0,1.0,1,1.0,1,1.0,1,0.14541224003962247,57
3650,8,7413,2912,4501,0,0,0,1.0,1,1.0,1,1.0,1,0.18180649815824482,59
3651,6,7419,2912,4507,0,0,0,1.0,1,1.0,1,1.0,1,0.19509478800630414,59
3652,6,7425,2912,4513,0,0,0,1.0,1,1.0,1,1.0,1,0.20528147224011187,59
3653,9,7434,2912,4522,0,0,0,1.0,1,1.0,1,1.0,1,0.1947455277334409,59
3654,3,7437,2912,4525,0,0,0,1.0,1,1.0,1,1.0,1,0.189029114521687,59
3655,4,7441,2912,4529,0,0,0,1.0,1,1.0,1,1.0,1,0.16988766123858884,62
3656,4,7445,2912,4533,0,0,0,1.0,1,1.0,1,1.0,1,0.1822118987133954,62
3657,5,7450,2912,4538,0,0,0,1.0,1,1.0,1,1.0,1,0.19014726838621257,63
3658,5,7455,2913,4542,0,0,0,1.0,1,1.0,1,1.0,1,0.21559166199543528,63
3659,3,7458,2913,4545,0,0,0,1.0,1,1.0,1,1.0,1,0.2524807562063847,62
3660,7,7465,2916,4549,0,0,0,1.0,1,1.0,1,1.0,1,0.26690428666777033,62
3661,1,7466,2916,4550,0,0,0,1.0,1,1.0,1,1.0,1,0.22915632456936336,61
3662,5,7471,2918,4553,0,0,0,1.0,1,1.0,1,1.0,1,0.21923413098447636,60
3663,5,7476,2921,4555,0,0,0,1.0,1,1.0,1,1.0,1,0.22951507437764176,61
3664,0,7476,2921,4555,0,0,0,1.0,1,1.0,1,1.0,1,0.205609262778812,58
3665,3,7479,2923,4556,0,0,0,1.0,1,1.0,1,1.0,1,0.19354808928612507,58
3666,2,7481,2924,4557,0,0,0,1.0,1,1.0,1,1.0,1,0.17995897886572373,58
3667,4,7485,2927,4558,0,0,0,1.0,1,1.0,1,1.0,1,0.18544135012432014,58
3668,2,7487,2927,4560,0,0,0,1.0,1,1.0,1,1.0,1,0.20288679789432107,58
3669,1,7488,2928,4560,0,0,0,1.0,1,1.0,1,1.0,1,0.2040233630753767,57
3670,2,7490,2928,4562,0,0,0,1.0,1,1.0,1,1.0,1,0.20673580310856837,56
3671,1,7491,2929,4562,0,0,0,1.0,1,1.0,1,1.0,1,0.23748911293325928,57
3672,1,7492,2930,4562,0,0,0,1.0,1,1.0,1,1.0,1,0.2599055664249933,57
3673,0,7492,2930,4562,0,0,0,1.0,1,1.0,1,1.0,1,0.2502356434268139,58
3674,0,7492,2930,4562,0,0,0,1.0,1,1.0,1,1.0,1,0.2593406521464607,57
3675,1,7493,2930,4563,0,0,0,1.0,1,1.0,1,1.0,1,0.2653621410750266,58
3676,1,7494,2931,4563,0,0,0,1.0,1,1.0,1,1.0,1,0.2767127721705094,59
3677,5,7499,2932,4567,0,0,0,1.0,1,1.0,1,1.0,1,0.24032701117007693,60
3678,0,7499,2932,4567,0,0,0,1.0,1,1.0,1,1.0,1,0.24783628168381727,62
3679,1,7500,2932,4568,0,0,0,1.0,1,1.0,1,1.0,1,0.23921214482149208,62
3680,0,7500,2932,4568,0,0,0,1.0,1,1.0,1,1.0,1,0.21891305948452416,63
3681,4,7504,2932,4572,0,0,0,1.0,1,1.0,1,1.0,1,0.1873509480306894,64
3682,0,7504,2932,4572,0,0,0,1.0,1,1.0,1,1.0,1,0.1873509480306894,64
3683,0,7504,2932,4572,0,0,0,1.0,1,1.0,1,1.0,1,0.1873509480306894,64
3684,1,7505,2933,4572,0,0,0,1.0,1,1.0,1,1.0,1,0.20154873448918215,64
3685,0,7505,2933,4572,0,0,0,1.0,1,1.0,1,1.0,1,0.20154873448918215,64
3686,1,7506,2933,4573,0,0,0,1.0,1,1.0,1,1.0,1,0.18585155819670615,65
3687,0,7506,2933,4573,0,0,0,1.0,1,1.0,1,1.0,1,0.18585155819670615,65
3688,1,7507,2933,4574,0,0,0,1.0,1,1.0,1,1.0,1,0.18647095134457212,66
3689,0,7507,2933,4574,0,0,0,1.0,1,1.0,1,1.0,1,0.18647095134457212,66
3690,0,7507,2933,4574,0,0,0,1.0,1,1.0,1,1.0,1,0.1907555621426769,67
3691,0,7507,2933,4574,0,0,0,1.0,1,1.0,1,1.0,1,0.17931710622212776,68
3692,1,7508,2933,4575,0,0,0,1.0,1,1.0,1,1.0,1,0.16739737784995795,69
3693,4,7512,2934,4578,0,0,0,1.0,1,1.0,1,1.0,1,0.14105668905780322,69
3694,0,7512,2934,4578,0,0,0,1.0,1,1.0,1,1.0,1,0.14403320929082422,70
3695,1,7513,2934,4579,0,0,0,1.0,1,1.0,1,1.0,1,0.13759024829568353,70
3696,1,7514,2935,4579,0,0,0,1.0,1,1.0,1,1.0,1,0.1306821329345195,71
3697,2,7516,2937,4579,0,0,0,1.0,1,1.0,1,1.0,1,0.16422911353674868,70
3698,1,7517,2938,4579,0,0,0,1.0,1,1.0,1,1.0,1,0.18404617142901994,70
3699,1,7518,2939,4579,0,0,0,1.0,1,1.0,1,1.0,1,0.17799030448985173,70
3700,4,7522,2943,4579,0,0,0,1.0,1,1.0,1,1.0,1,0.2357328143131323,68
3701,6,7528,2943,4585,0,0,0,1.0,1,1.0,1,1.0,1,0.175352711317394,69
3702,1,7529,2944,4585,0,0,0,1.0,1,1.0,1,1.0,1,0.1850885438817829,69
3703,0,7529,2944,4585,0,0,0,1.0,1,1.0,1,1.0,1,0.19687767675633197,70
3704,2,7531,2946,4585,0,0,0,1.0,1,1.0,1,1.0,1,0.21478354761392238,69
3705,1,7532,2946,4586,0,0,0,1.0,1,1.0,1,1.0,1,0.18707539827043648,69
3706,2,7534,2947,4587,0,0,0,1.0,1,1.0,1,1.0,1,0.1839279184217202,69
3707,1,7535,2947,4588,0,0,0,1.0,1,1.0,1,1.0,1,0.1566615426306186,67
3708,0,7535,2947,4588,0,0,0,1.0,1,1.0,1,1.0,1,0.14268980331183106,67
3709,1,7536,2947,4589,0,0,0,1.0,1,1.0,1,1.0,1,0.14036897333144774,67
3710,0,7536,2947,4589,0,0,0,1.0,1,1.0,1,1.0,1,0.13784921921709123,67
3711,0,7536,2947,4589,0,0,0,1.0,1,1.0,1,1.0,1,0.14842303313150634,68
3712,0,7536,2947,4589,0,0,0,1.0,1,1.0,1,1.0,1,0.14842303313150634,68
3713,2,7538,2949,4589,0,0,0,1.0,1,1.0,1,1.0,1,0.1617625011196157,68
3714,0,7538,2949,4589,0,0,0,1.0,1,1.0,1,1.0,1,0.17996116943322235,67
3715,1,7539,2950,4589,0,0,0,1.0,1,1.0,1,1.0,1,0.18589241589659602,68
3716,1,7540,2951,4589,0,0,0,1.0,1,1.0,1,1.0,1,0.1973481143513514,67
3717,0,7540,2951,4589,0,0,0,1.0,1,1.0,1,1.0,1,0.22814547730190407,68
3718,0,7540,2951,4589,0,0,0,1.0,1,1.0,1,1.0,1,0.23372072831223897,68
3719,6,7546,2953,4593,0,0,0,1.0,1,1.0,1,1.0,1,0.2558748917131763,68
3720,0,7546,2953,4593,0,0,0,1.0,1,1.0,1,1.0,1,0.2558748917131763,68
3721,11,7557,2957,4600,0,0,0,1.0,1,1.0,1,1.0,1,0.15822308177519148,70
3722,0,7557,2957,4600,0,0,0,1.0,1,1.0,1,1.0,1,0.16324169316017706,71
3723,2,7559,2959,4600,0,0,0,1.0,1,1.0,1,1.0,1,0.17808286122276207,71
3724,0,7559,2959,4600,0,0,0,1.0,1,1.0,1,1.0,1,0.16789913249961838,72
3725,2,7561,2961,4600,0,0,0,1.0,1,1.0,1,1.0,1,0.18666811049042964,72
3726,0,7561,2961,4600,0,0,0,1.0,1,1.0,1,1.0,1,0.19053685662862604,71
3727,0,7561,2961,4600,0,0,0,1.0,1,1.0,1,1.0,1,0.19053685662862604,71
3728,0,7561,2961,4600,0,0,0,1.0,1,1.0,1,1.0,1,0.19755368987836971,70
3729,1,7562,2962,4600,0,0,0,1.0,1,1.0,1,1.0,1,0.20279939441435035,70
3730,2,7564,2963,4601,0,0,0,1.0,1,1.0,1,1.0,1,0.2290799266392974,71
3731,0,7564,2963,4601,0,0,0,1.0,1,1.0,1,1.0,1,0.2290799266392974,71
3732,0,7564,2963,4601,0,0,0,1.0,1,1.0,1,1.0,1,0.21987402860666083,72
3733,2,7566,2964,4602,0,0,0,1.0,1,1.0,1,1.0,1,0.23447611268096416,73
3734,8,7574,2966,4608,0,0,0,1.0,1,1.0,1,1.0,1,0.22111042179370763,74
3735,2,7576,2967,4609,0,0,0,1.0,1,1.0,1,1.0,1,0.20445571570002716,72
3736,0,7576,2967,4609,0,0,0,1.0,1,1.0,1,1.0,1,0.183448354673179,72
3737,2,7578,2967,4611,0,0,0,1.0,1,1.0,1,1.0,1,0.16134002534718234,73
3738,1,7579,2967,4612,0,0,0,1.0,1,1.0,1,1.0,1,0.1458794224690853,72
3739,0,7579,2967,4612,0,0,0,1.0,1,1.0,1,1.0,1,0.13787766537165339,73
3740,0,7579,2967,4612,0,0,0,1.0,1,1.0,1,1.0,1,0.16293894889195149,70
3741,0,7579,2967,4612,0,0,0,1.0,1,1.0,1,1.0,1,0.16293894889195149,70
3742,1,7580,2968,4612,0,0,0,1.0,1,1.0,1,1.0,1,0.16493928300466418,70
3743,1,7581,2968,4613,0,0,0,1.0,1,1.0,1,1.0,1,0.15036395258159116,69
3744,6,7587,2973,4614,0,0,0,1.0,1,1.0,1,1.0,1,0.19914927246161804,69
3745,1,7588,2973,4615,0,0,0,1.0,1,1.0,1,1.0,1,0.1685957066195454,68
3746,1,7589,2974,4615,0,0,0,1.0,1,1.0,1,1.0,1,0.19575412603583695,66
3747,2,7591,2976,4615,0,0,0,1.0,1,1.0,1,1.0,1,0.20745415996609304,66
3748,2,7593,2978,4615,0,0,0,1.0,1,1.0,1,1.0,1,0.17522216549960548,65
3749,1,7594,2979,4615,0,0,0,1.0,1,1.0,1,1.0,1,0.1710961747813401,64
3750,2,7596,2981,4615,0,0,0,1.0,1,1.0,1,1.0,1,0.19833014887285416,63
3751,0,7596,2981,4615,0,0,0,1.0,1,1.0,1,1.0,1,0.18395340478607605,64
3752,3,7599,2983,4616,0,0,0,1.0,1,1.0,1,1.0,1,0.1917434012694432,64
3753,0,7599,2983,4616,0,0,0,1.0,1,1.0,1,1.0,1,0.20013103747765995,65
3754,2,7601,2985,4616,0,0,0,1.0,1,1.0,1,1.0,1,0.20619815989618023,65
3755,5,7606,2987,4619,0,0,0,1.0,1,1.0,1,1.0,1,0.18506835878442832,65
3756,0,7606,2987,4619,0,0,0,1.0,1,1.0,1,1.0,1,0.2013232732964029,65
3757,3,7609,2990,4619,0,0,0,1.0,1,1.0,1,1.0,1,0.227875236369894,65
3758,0,7609,2990,4619,0,0,0,1.0,1,1.0,1,1.0,1,0.23644850631453054,64
3759,3,7612,2991,4621,0,0,0,1.0,1,1.0,1,1.0,1,0.24893526112510275,64
3760,1,7613,2991,4622,0,0,0,1.0,1,1.0,1,1.0,1,0.2741255799829633,63
3761,4,7617,2991,4626,0,0,0,1.0,1,1.0,1,1.0,1,0.22030057689088905,63
3762,6,7623,2991,4632,0,0,0,1.0,1,1.0,1,1.0,1,0.16102859570839112,65
3763,3,7626,2992,4634,0,0,0,1.0,1,1.0,1,1.0,1,0.17068523737698504,65
3764,3,7629,2992,4637,0,0,0,1.0,1,1.0,1,1.0,1,0.1446578527444913,66
3765,2,7631,2992,4639,0,0,0,1.0,1,1.0,1,1.0,1,0.1689319588384212,67
3766,2,7633,2993,4640,0,0,0,1.0,1,1.0,1,1.0,1,0.1719771708395177,67
3767,2,7635,2994,4641,0,0,0,1.0,1,1.0,1,1.0,1,0.17228117704511195,68
3768,7,7642,2997,4645,0,0,0,1.0,1,1.0,1,1.0,1,0.2180448673682959,67
3769,5,7647,2997,4650,0,0,0,1.0,1,1.0,1,1.0,1,0.20795515434551579,69
3770,2,7649,2997,4652,0,0,0,1.0,1,1.0,1,1.0,1,0.2257650846671252,69
3771,3,7652,2997,4655,0,0,0,1.0,1,1.0,1,1.0,1,0.22557381371163784,69
3772,6,7658,2997,4661,0,0,0,1.0,1,1.0,1,1.0,1,0.20346576273808506,70
3773,5,7663,2997,4666,0,0,0,1.0,1,1.0,1,1.0,1,0.17029067447499396,68
3774,4,7667,2997,4670,0,0,0,1.0,1,1.0,1,1.0,1,0.1440206109337055,68
3775,5,7672,2998,4674,0,0,0,1.0,1,1.0,1,1.0,1,0.17644305261251236,68
3776,2,7674,2998,4676,0,0,0,1.0,1,1.0,1,1.0,1,0.1813294565713899,66
3777,3,7677,3000,4677,0,0,0,1.0,1,1.0,1,1.0,1,0.16170767672897152,65
3778,1,7678,3001,4677,0,0,0,1.0,1,1.0,1,1.0,1,0.14678660673674568,65
3779,2,7680,3003,4677,0,0,0,1.0,1,1.0,1,1.0,1,0.16010124169526416,65
3780,3,7683,3005,4678,0,0,0,1.0,1,1.0,1,1.0,1,0.1553925269082245,64
3781,1,7684,3005,4679,0,0,0,1.0,1,1.0,1,1.0,1,0.1450114654019018,64
3782,4,7688,3006,4682,0,0,0,1.0,1,1.0,1,1.0,1,0.14526203602441246,67
3783,1,7689,3007,4682,0,0,0,1.0,1,1.0,1,1.0,1,0.14804970754590888,65
3784,3,7692,3009,4683,0,0,0,1.0,1,1.0,1,1.0,1,0.1760524323693936,65
3785,2,7694,3011,4683,0,0,0,1.0,1,1.0,1,1.0,1,0.2041531826429864,63
3786,3,7697,3011,4686,0,0,0,1.0,1,1.0,1,1.0,1,0.1949651224963917,66
3787,1,7698,3012,4686,0,0,0,1.0,1,1.0,1,1.0,1,0.21955914719233932,65
3788,0,7698,3012,4686,0,0,0,1.0,1,1.0,1,1.0,1,0.21955914719233932,65
3789,3,7701,3014,4687,0,0,0,1.0,1,1.0,1,1.0,1,0.23389820056881236,65
3790,4,7705,3014,4691,0,0,0,1.0,1,1.0,1,1.0,1,0.20477840200866781,64
3791,2,7707,3016,4691,0,0,0,1.0,1,1.0,1,1.0,1,0.2179208998345533,64
3792,2,7709,3018,4691,0,0,0,1.0,1,1.0,1,1.0,1,0.24153545647899746,65
3793,1,7710,3018,4692,0,0,0,1.0,1,1.0,1,1.0,1,0.25802046981629523,68
3794,5,7715,3020,4695,0,0,0,1.0,1,1.0,1,1.0,1,0.2400619678882004,68
3795,1,7716,3021,4695,0,0,0,1.0,1,1.0,1,1.0,1,0.25585186280885147,69
3796,2,7718,3022,4696,0,0,0,1.0,1,1.0,1,1.0,1,0.24140969074844115,69
3797,6,7724,3023,4701,0,0,0,1.0,1,1.0,1,1.0,1,0.24598042348208643,70
3798,2,7726,3023,4703,0,0,0,1.0,1,1.0,1,1.0,1,0.24535841094152794,70
3799,2,7728,3023,4705,0,0,0,1.0,1,1.0,1,1.0,1,0.2582630623703081,69
3800,1,7729,3023,4706,0,0,0,1.0,1,1.0,1,1.0,1,0.25035716947220454,69
3801,6,7735,3023,4712,0,0,0,1.0,1,1.0,1,1.0,1,0.17318201670597272,67
3802,2,7737,3023,4714,0,0,0,1.0,1,1.0,1,1.0,1,0.15622795390116823,67
3803,4,7741,3025,4716,0,0,0,1.0,1,1.0,1,1.0,1,0.15991931233083045,69
3804,4,7745,3025,4720,0,0,0,1.0,1,1.0,1,1.0,1,0.16525995448851083,70
3805,2,7747,3026,4721,0,0,0,1.0,1,1.0,1,1.0,1,0.1845593199039552,71
3806,1,7748,3027,4721,0,0,0,1.0,1,1.0,1,1.0,1,0.18656880798790582,71
3807,1,7749,3028,4721,0,0,0,1.0,1,1.0,1,1.0,1,0.2121710367883936,72
3808,0,7749,3028,4721,0,0,0,1.0,1,1.0,1,1.0,1,0.2121710367883936,72
3809,1,7750,3029,4721,0,0,0,1.0,1,1.0,1,1.0,1,0.22227518403311636,72
3810,1,7751,3030,4721,0,0,0,1.0,1,1.0,1,1.0,1,0.24702389543096678,72
3811,3,7754,3030,4724,0,0,0,1.0,1,1.0,1,1.0,1,0.2105359592040742,71
3812,2,7756,3030,4726,0,0,0,1.0,1,1.0,1,1.0,1,0.21770081704372432,72
3813,5,7761,3031,4730,0,0,0,1.0,1,1.0,1,1.0,1,0.2545953533937144,71
3814,4,7765,3032,4733,0,0,0,1.0,1,1.0,1,1.0,1,0.27271450023713295,72
3815,2,7767,3032,4735,0,0,0,1.0,1,1.0,1,1.0,1,0.24534020947071988,71
3816,2,7769,3032,4737,0,0,0,1.0,1,1.0,1,1.0,1,0.25773503743785675,69
3817,2,7771,3032,4739,0,0,0,1.0,1,1.0,1,1.0,1,0.25651277457535615,72
3818,5,7776,3033,4743,0,0,0,1.0,1,1.0,1,1.0,1,0.2554562659902888,72
3819,5,7781,3034,4747,0,0,0,1.0,1,1.0,1,1.0,1,0.2637478996644007,72
3820,3,7784,3035,4749,0,0,0,1.0,1,1.0,1,1.0,1,0.294875125615361,72
3821,8,7792,3037,4755,0,0,0,1.0,1,1.0,1,1.0,1,0.2711468390774337,72
3822,6,7798,3039,4759,0,0,0,1.0,1,1.0,1,1.0,1,0.25156860831232203,69
3823,3,7801,3040,4761,0,0,0,1.0,1,1.0,1,1.0,1,0.23609429110621755,69
3824,1,7802,3041,4761,0,0,0,1.0,1,1.0,1,1.0,1,0.2561894314602795,65
3825,0,7802,3041,4761,0,0,0,1.0,1,1.0,1,1.0,1,0.2568279492840803,64
3826,2,7804,3041,4763,0,0,0,1.0,1,1.0,1,1.0,1,0.2506849540307571,65
3827,2,7806,3042,4764,0,0,0,1.0,1,1.0,1,1.0,1,0.24397272121172478,64
3828,0,7806,3042,4764,0,0,0,1.0,1,1.0,1,1.0,1,0.23115257063238898,65
3829,2,7808,3044,4764,0,0,0,1.0,1,1.0,1,1.0,1,0.2443920674449425,65
3830,0,7808,3044,4764,0,0,0,1.0,1,1.0,1,1.0,1,0.2447286938879178,64
3831,3,7811,3046,4765,0,0,0,1.0,1,1.0,1,1.0,1,0.2530553494232772,63
3832,2,7813,3047,4766,0,0,0,1.0,1,1.0,1,1.0,1,0.277681873555947,64
3833,1,7814,3048,4766,0,0,0,1.0,1,1.0,1,1.0,1,0.28034884701783924,64
3834,2,7816,3049,4767,0,0,0,1.0,1,1.0,1,1.0,1,0.29558913515896,63
3835,3,7819,3050,4769,0,0,0,1.0,1,1.0,1,1.0,1,0.3038824795745594,63
3836,1,7820,3051,4769,0,0,0,1.0,1,1.0,1,1.0,1,0.30719361273230195,63
3837,2,7822,3053,4769,0,0,0,1.0,1,1.0,1,1.0,1,0.3390380044881083,62
3838,2,7824,3054,4770,0,0,0,1.0,1,1.0,1,1.0,1,0.33879309026350946,62
3839,1,7825,3055,4770,0,0,0,1.0,1,1.0,1,1.0,1,0.3871224979991502,60
3840,2,7827,3055,4772,0,0,0,1.0,1,1.0,1,1.0,1,0.39030524714656784,62
3841,15,7842,3056,4786,0,0,0,1.0,1,1.0,1,1.0,1,0.29866712488744585,62
3842,5,7847,3056,4791,0,0,0,1.0,1,1.0,1,1.0,1,0.260087738414217,63
3843,4,7851,3056,4795,0,0,0,1.0,1,1.0,1,1.0,1,0.23929321187343386,64
3844,2,7853,3056,4797,0,0,0,1.0,1,1.0,1,1.0,1,0.21736739326852242,65
3845,5,7858,3056,4802,0,0,0,1.0,1,1.0,1,1.0,1,0.2197285658677539,66
3846,5,7863,3056,4807,0,0,0,1.0,1,1.0,1,1.0,1,0.2086002019562029,67
3847,5,7868,3058,4810,0,0,0,1.0,1,1.0,1,1.0,1,0.19698171627384306,67
3848,3,7871,3058,4813,0,0,0,1.0,1,1.0,1,1.0,1,0.1947852244168642,67
3849,5,7876,3059,4817,0,0,0,1.0,1,1.0,1,1.0,1,0.18953454460435126,67
3850,7,7883,3061,4822,0,0,0,1.0,1,1.0,1,1.0,1,0.21787362824764345,68
3851,2,7885,3062,4823,0,0,0,1.0,1,1.0,1,1.0,1,0.20502416034610657,68
3852,1,7886,3062,4824,0,0,0,1.0,1,1.0,1,1.0,1,0.2169195984003063,70
3853,4,7890,3063,4827,0,0,0,1.0,1,1.0,1,1.0,1,0.2141091824566867,70
3854,1,7891,3063,4828,0,0,0,1.0,1,1.0,1,1.0,1,0.22474510728726663,70
3855,2,7893,3064,4829,0,0,0,1.0,1,1.0,1,1.0,1,0.23502308471397568,69
3856,2,7895,3064,4831,0,0,0,1.0,1,1.0,1,1.0,1,0.22241466433950285,70
3857,2,7897,3065,4832,0,0,0,1.0,1,1.0,1,1.0,1,0.2643465500791223,68
3858,3,7900,3066,4834,0,0,0,1.0,1,1.0,1,1.0,1,0.23870048184355463,67
3859,3,7903,3066,4837,0,0,0,1.0,1,1.0,1,1.0,1,0.23963932638081864,66
3860,4,7907,3066,4841,0,0,0,1.0,1,1.0,1,1.0,1,0.24797169375377445,66
3861,4,7911,3066,4845,0,0,0,1.0,1,1.0,1,1.0,1,0.21641718731220516,66
3862,6,7917,3070,4847,0,0,0,1.0,1,1.0,1,1.0,1,0.2091383516001098,66
3863,0,7917,3070,4847,0,0,0,1.0,1,1.0,1,1.0,1,0.20251596851673145,63
3864,1,7918,3071,4847,0,0,0,1.0,1,1.0,1,1.0,1,0.20472295679596603,63
3865,2,7920,3073,4847,0,0,0,1.0,1,1.0,1,1.0,1,0.2178805128829189,61
3866,0,7920,3073,4847,0,0,0,1.0,1,1.0,1,1.0,1,0.21092338352675113,61
3867,0,7920,3073,4847,0,0,0,1.0,1,1.0,1,1.0,1,0.20803697816961383,60
3868,0,7920,3073,4847,0,0,0,1.0,1,1.0,1,1.0,1,0.1993604355389828,59
3869,2,7922,3075,4847,0,0,0,1.0,1,1.0,1,1.0,1,0.19027303514926242,61
3870,0,7922,3075,4847,0,0,0,1.0,1,1.0,1,1.0,1,0.20152308523345763,61
3871,2,7924,3075,4849,0,0,0,1.0,1,1.0,1,1.0,1,0.1974710774614749,64
3872,1,7925,3076,4849,0,0,0,1.0,1,1.0,1,1.0,1,0.21831675990857655,63
3873,0,7925,3076,4849,0,0,0,1.0,1,1.0,1,1.0,1,0.22219802390930968,62
3874,0,7925,3076,4849,0,0,0,1.0,1,1.0,1,1.0,1,0.21934443021603175,63
3875,2,7927,3078,4849,0,0,0,1.0,1,1.0,1,1.0,1,0.24207193187005716,61
3876,0,7927,3078,4849,0,0,0,1.0,1,1.0,1,1.0,1,0.23479811491909117,62
3877,6,7933,3080,4853,0,0,0,1.0,1,1.0,1,1.0,1,0.27252415518571255,63
3878,0,7933,3080,4853,0,0,0,1.0,1,1.0,1,1.0,1,0.27252415518571255,63
3879,1,7934,3081,4853,0,0,0,1.0,1,1.0,1,1.0,1,0.28530522506980655,63
3880,0,7934,3081,4853,0,0,0,1.0,1,1.0,1,1.0,1,0.2691928109041534,65
3881,13,7947,3082,4865,0,0,0,1.0,1,1.0,1,1.0,1,0.15323538192425665,65
3882,3,7950,3084,4866,0,0,0,1.0,1,1.0,1,1.0,1,0.16869322123555566,66
3883,4,7954,3085,4869,0,0,0,1.0,1,1.0,1,1.0,1,0.15929373473506003,66
3884,3,7957,3086,4871,0,0,0,1.0,1,1.0,1,1.0,1,0.17930214954278678,66
3885,2,7959,3086,4873,0,0,0,1.0,1,1.0,1,1.0,1,0.17930214954278678,66
3886,5,7964,3088,4876,0,0,0,1.0,1,1.0,1,1.0,1,0.20657158334597606,65
3887,6,7970,3088,4882,0,0,0,1.0,1,1.0,1,1.0,1,0.23011393677357286,65
3888,3,7973,3088,4885,0,0,0,1.0,1,1.0,1,1.0,1,0.23394675444712348,66
3889,5,7978,3089,4889,0,0,0,1.0,1,1.0,1,1.0,1,0.226017197174119,64
3890,5,7983,3090,4893,0,0,0,1.0,1,1.0,1,1.0,1,0.24972537520411045,63
3891,7,7990,3090,4900,0,0,0,1.0,1,1.0,1,1.0,1,0.2476499253726051,66
3892,4,7994,3090,4904,0,0,0,1.0,1,1.0,1,1.0,1,0.2347408485595221,67
3893,5,7999,3090,4909,0,0,0,1.0,1,1.0,1,1.0,1,0.2526572808417694,66
3894,12,8011,3090,4921,0,0,0,1.0,1,1.0,1,1.0,1,0.26264075215077026,67
3895,10,8021,3090,4931,0,0,0,1.0,1,1.0,1,1.0,1,0.26375926606049976,66
3896,9,8030,3091,4939,0,0,0,1.0,1,1.0,1,1.0,1,0.25196967533026193,66
3897,8,8038,3091,4947,0,0,0,1.0,1,1.0,1,1.0,1,0.2365053786034196,65
3898,14,8052,3093,4959,0,0,0,1.0,1,1.0,1,1.0,1,0.25644018155592907,65
3899,8,8060,3095,4965,0,0,0,1.0,1,1.0,1,1.0,1,0.33003746912840753,64
3900,13,8073,3095,4978,0,0,0,1.0,1,1.0,1,1.0,1,0.3538734178631568,63
3901,12,8085,3098,4987,0,0,0,1.0,1,1.0,1,1.0,1,0.27387547757899083,63
3902,4,8089,3098,4991,0,0,0,1.0,1,1.0,1,1.0,1,0.25950144070909736,64
3903,4,8093,3100,4993,0,0,0,1.0,1,1.0,1,1.0,1,0.24033072499933222,64
3904,3,8096,3103,4993,0,0,0,1.0,1,1.0,1,1.0,1,0.21696191282599359,63
3905,1,8097,3103,4994,0,0,0,1.0,1,1.0,1,1.0,1,0.21086149058776638,63
3906,3,8100,3105,4995,0,0,0,1.0,1,1.0,1,1.0,1,0.20294777699136057,64
3907,2,8102,3106,4996,0,0,0,1.0,1,1.0,1,1.0,1,0.2261304449145283,64
3908,3,8105,3107,4998,0,0,0,1.0,1,1.0,1,1.0,1,0.2163912746987435,63
3909,1,8106,3108,4998,0,0,0,1.0,1,1.0,1,1.0,1,0.21440647955938852,62
3910,1,8107,3108,4999,0,0,0,1.0,1,1.0,1,1.0,1,0.22729931698902145,62
3911,3,8110,3109,5001,0,0,0,1.0,1,1.0,1,1.0,1,0.25471626848574486,64
3912,2,8112,3109,5003,0,0,0,1.0,1,1.0,1,1.0,1,0.23677807798631134,64
3913,3,8115,3109,5006,0,0,0,1.0,1,1.0,1,1.0,1,0.2214352325604875,65
3914,2,8117,3109,5008,0,0,0,1.0,1,1.0,1,1.0,1,0.24906195593375402,65
3915,1,8118,3109,5009,0,0,0,1.0,1,1.0,1,1.0,1,0.24881052012722463,66
3916,3,8121,3109,5012,0,0,0,1.0,1,1.0,1,1.0,1,0.2361365572111742,66
3917,2,8123,3109,5014,0,0,0,1.0,1,1.0,1,1.0,1,0.2361365572111742,66
3918,3,8126,3109,5017,0,0,0,1.0,1,1.0,1,1.0,1,0.2341916445560322,67
3919,3,8129,3110,5019,0,0,0,1.0,1,1.0,1,1.0,1,0.2147741799612978,68
3920,1,8130,3110,5020,0,0,0,1.0,1,1.0,1,1.0,1,0.20963796039754257,69
3921,7,8137,3111,5026,0,0,0,1.0,1,1.0,1,1.0,1,0.17825650674801555,68
3922,4,8141,3114,5027,0,0,0,1.0,1,1.0,1,1.0,1,0.19586231712721464,68
3923,1,8142,3114,5028,0,0,0,1.0,1,1.0,1,1.0,1,0.1992820331065996,69
3924,1,8143,3114,5029,0,0,0,1.0,1,1.0,1,1.0,1,0.21596771787080407,69
3925,4,8147,3115,5032,0,0,0,1.0,1,1.0,1,1.0,1,0.22203560519876772,67
3926,1,8148,3115,5033,0,0,0,1.0,1,1.0,1,1.0,1,0.24648400467908502,67
3927,4,8152,3115,5037,0,0,0,1.0,1,1.0,1,1.0,1,0.2660702259661672,65
3928,3,8155,3116,5039,0,0,0,1.0,1,1.0,1,1.0,1,0.2722599918793819,65
3929,5,8160,3119,5041,0,0,0,1.0,1,1.0,1,1.0,1,0.2230950599456795,64
3930,0,8160,3119,5041,0,0,0,1.0,1,1.0,1,1.0,1,0.2163142895788965,64
3931,2,8162,3121,5041,0,0,0,1.0,1,1.0,1,1.0,1,0.2225544892833463,62
3932,1,8163,3122,5041,0,0,0,1.0,1,1.0,1,1.0,1,0.22422257821850072,62
3933,1,8164,3123,5041,0,0,0,1.0,1,1.0,1,1.0,1,0.21476297780082593,62
3934,1,8165,3124,5041,0,0,0,1.0,1,1.0,1,1.0,1,0.21796416058632245,61
3935,1,8166,3124,5042,0,0,0,1.0,1,1.0,1,1.0,1,0.21002966116860905,64
3936,0,8166,3124,5042,0,0,0,1.0,1,1.0,1,1.0,1,0.21840853813350178,65
3937,0,8166,3124,5042,0,0,0,1.0,1,1.0,1,1.0,1,0.2146181444531621,66
3938,0,8166,3124,5042,0,0,0,1.0,1,1.0,1,1.0,1,0.2146181444531621,66
3939,1,8167,3124,5043,0,0,0,1.0,1,1.0,1,1.0,1,0.21673486020521643,67
3940,4,8171,3125,5046,0,0,0,1.0,1,1.0,1,1.0,1,0.22408686974688807,69
3941,2,8173,3125,5048,0,0,0,1.0,1,1.0,1,1.0,1,0.20090504927183633,69
3942,2,8175,3127,5048,0,0,0,1.0,1,1.0,1,1.0,1,0.22567818621488336,69
3943,3,8178,3128,5050,0,0,0,1.0,1,1.0,1,1.0,1,0.1959426947766905,68
3944,0,8178,3128,5050,0,0,0,1.0,1,1.0,1,1.0,1,0.20539385512066569,68
3945,2,8180,3130,5050,0,0,0,1.0,1,1.0,1,1.0,1,0.22217365281552748,67
3946,5,8185,3132,5053,0,0,0,1.0,1,1.0,1,1.0,1,0.19344804948570626,67
3947,0,8185,3132,5053,0,0,0,1.0,1,1.0,1,1.0,1,0.19759436122677415,66
3948,1,8186,3132,5054,0,0,0,1.0,1,1.0,1,1.0,1,0.2019411611805876,67
3949,5,8191,3137,5054,0,0,0,1.0,1,1.0,1,1.0,1,0.2776836368428365,66
3950,3,8194,3139,5055,0,0,0,1.0,1,1.0,1,1.0,1,0.28469397559622656,65
3951,1,8195,3139,5056,0,0,0,1.0,1,1.0,1,1.0,1,0.2721970460601456,65
3952,3,8198,3142,5056,0,0,0,1.0,1,1.0,1,1.0,1,0.2607725466430561,65
3953,1,8199,3143,5056,0,0,0,1.0,1,1.0,1,1.0,1,0.2789179275758863,65
3954,1,8200,3144,5056,0,0,0,1.0,1,1.0,1,1.0,1,0.28957683124173156,64
3955,4,8204,3145,5059,0,0,0,1.0,1,1.0,1,1.0,1,0.28201715610398886,64
3956,2,8206,3147,5059,0,0,0,1.0,1,1.0,1,1.0,1,0.27588550250221694,63
3957,1,8207,3147,5060,0,0,0,1.0,1,1.0,1,1.0,1,0.2735025273081595,63
3958,1,8208,3148,5060,0,0,0,1.0,1,1.0,1,1.0,1,0.29967433094269674,63
3959,2,8210,3149,5061,0,0,0,1.0,1,1.0,1,1.0,1,0.29081776987713587,62
3960,0,8210,3149,5061,0,0,0,1.0,1,1.0,1,1.0,1,0.29081776987713587,62
3961,10,8220,3150,5070,0,0,0,1.0,1,1.0,1,1.0,1,0.19030566150963493,64
3962,0,8220,3150,5070,0,0,0,1.0,1,1.0,1,1.0,1,0.19030566150963493,64
3963,2,8222,3151,5071,0,0,0,1.0,1,1.0,1,1.0,1,0.19075843338501022,62
3964,3,8225,3152,5073,0,0,0,1.0,1,1.0,1,1.0,1,0.18009943334068007,63
3965,4,8229,3152,5077,0,0,0,1.0,1,1.0,1,1.0,1,0.16601395441067876,63
3966,4,8233,3152,5081,0,0,0,1.0,1,1.0,1,1.0,1,0.17355708461682373,62
3967,7,8240,3152,5088,0,0,0,1.0,1,1.0,1,1.0,1,0.18983145489112913,64
3968,4,8244,3153,5091,0,0,0,1.0,1,1.0,1,1.0,1,0.21225026662996643,63
3969,4,8248,3153,5095,0,0,0,1.0,1,1.0,1,1.0,1,0.19774409453601746,63
3970,4,8252,3153,5099,0,0,0,1.0,1,1.0,1,1.0,1,0.19627340631502294,65
3971,3,8255,3153,5102,0,0,0,1.0,1,1.0,1,1.0,1,0.19018896629925888,65
3972,4,8259,3154,5105,0,0,0,1.0,1,1.0,1,1.0,1,0.2059487026556131,66
3973,3,8262,3154,5108,0,0,0,1.0,1,1.0,1,1.0,1,0.19350118521277263,66
3974,8,8270,3157,5113,0,0,0,1.0,1,1.0,1,1.0,1,0.2241905687682668,66
3975,9,8279,3159,5120,0,0,0,1.0,1,1.0,1,1.0,1,0.235110518916423,66
3976,3,8282,3159,5123,0,0,0,1.0,1,1.0,1,1.0,1,0.2529621871790331,66
3977,8,8290,3160,5130,0,0,0,1.0,1,1.0,1,1.0,1,0.2792605060776904,64
3978,7,8297,3163,5134,0,0,0,1.0,1,1.0,1,1.0,1,0.30870686057785807,63
3979,8,8305,3163,5142,0,0,0,1.0,1,1.0,1,1.0,1,0.33470780327617644,63
3980,3,8308,3164,5144,0,0,0,1.0,1,1.0,1,1.0,1,0.33744989233806183,63
3981,10,8318,3164,5154,0,0,0,1.0,1,1.0,1,1.0,1,0.27596895056022913,64
3982,3,8321,3164,5157,0,0,0,1.0,1,1.0,1,1.0,1,0.2333507195606001,65
3983,0,8321,3164,5157,0,0,0,1.0,1,1.0,1,1.0,1,0.2353991460887159,64
3984,1,8322,3164,5158,0,0,0,1.0,1,1.0,1,1.0,1,0.23218581507209507,65
3985,5,8327,3168,5159,0,0,0,1.0,1,1.0,1,1.0,1,0.2518732532107659,64
3986,2,8329,3170,5159,0,0,0,1.0,1,1.0,1,1.0,1,0.25403198724094905,63
3987,2,8331,3172,5159,0,0,0,1.0,1,1.0,1,1.0,1,0.287739131565752,63
3988,4,8335,3173,5162,0,0,0,1.0,1,1.0,1,1.0,1,0.24494443125150134,63
3989,4,8339,3175,5164,0,0,0,1.0,1,1.0,1,1.0,1,0.2673164199923327,63
3990,3,8342,3176,5166,0,0,0,1.0,1,1.0,1,1.0,1,0.3077624560541201,62
3991,2,8344,3176,5168,0,0,0,1.0,1,1.0,1,1.0,1,0.29282866938141,62
3992,4,8348,3176,5172,0,0,0,1.0,1,1.0,1,1.0,1,0.2914791225229842,65
3993,3,8351,3176,5175,0,0,0,1.0,1,1.0,1,1.0,1,0.274201566947372,65
3994,2,8353,3176,5177,0,0,0,1.0,1,1.0,1,1.0,1,0.27491302167962145,64
3995,1,8354,3176,5178,0,0,0,1.0,1,1.0,1,1.0,1,0.24668356895992688,64
3996,2,8356,3176,5180,0,0,0,1.0,1,1.0,1,1.0,1,0.22577922731211014,67
3997,0,8356,3176,5180,0,0,0,1.0,1,1.0,1,1.0,1,0.21522722224373905,69
3998,2,8358,3177,5181,0,0,0,1.0,1,1.0,1,1.0,1,0.22012999182799595,69
3999,1,8359,3178,5181,0,0,0,1.0,1,1.0,1,1.0,1,0.23478812073405544,69
4000,1,8360,3178,5182,0,0,0,1.0,1,1.0,1,1.0,1,0.22502651879402452,69
4001,8,8368,3178,5190,0,0,0,1.0,1,1.0,1,1.0,1,0.13292876599590156,68
4002,6,8374,3180,5194,0,0,0,1.0,1,1.0,1,1.0,1,0.15194273275997264,68
4003,2,8376,3181,5195,0,0,0,1.0,1,1.0,1,1.0,1,0.15691533306792993,68
4004,1,8377,3181,5196,0,0,0,1.0,1,1.0,1,1.0,1,0.1426716788039095,67
4005,1,8378,3181,5197,0,0,0,1.0,1,1.0,1,1.0,1,0.13641567998489523,67
4006,5,8383,3183,5200,0,0,0,1.0,1,1.0,1,1.0,1,0.17617833745285236,67
4007,6,8389,3185,5204,0,0,0,1.0,1,1.0,1,1.0,1,0.18749085181449265,67
4008,9,8398,3188,5210,0,0,0,1.0,1,1.0,1,1.0,1,0.2356518615607485,67
4009,2,8400,3188,5212,0,0,0,1.0,1,1.0,1,1.0,1,0.251922373931283,67
4010,4,8404,3188,5216,0,0,0,1.0,1,1.0,1,1.0,1,0.26304889197593995,66
4011,2,8406,3188,5218,0,0,0,1.0,1,1.0,1,1.0,1,0.24926305763902842,66
4012,6,8412,3188,5224,0,0,0,1.0,1,1.0,1,1.0,1,0.2546667229501982,66
4013,3,8415,3188,5227,0,0,0,1.0,1,1.0,1,1.0,1,0.26141978501641755,66
4014,6,8421,3188,5233,0,0,0,1.0,1,1.0,1,1.0,1,0.26141978501641755,66
4015,6,8427,3188,5239,0,0,0,1.0,1,1.0,1,1.0,1,0.2864195688070284,64
4016,5,8432,3189,5243,0,0,0,1.0,1,1.0,1,1.0,1,0.31937428310526506,64
4017,9,8441,3190,5251,0,0,0,1.0,1,1.0,1,1.0,1,0.30872475008555345,66
4018,7,8448,3190,5258,0,0,0,1.0,1,1.0,1,1.0,1,0.30538010348515654,67
4019,5,8453,3192,5261,0,0,0,1.0,1,1.0,1,1.0,1,0.33778966054748816,67
4020,3,8456,3192,5264,0,0,0,1.0,1,1.0,1,1.0,1,0.34280780102603786,66
4021,7,8463,3193,5270,0,0,0,1.0,1,1.0,1,1.0,1,0.25463943935404415,66
4022,1,8464,3194,5270,0,0,0,1.0,1,1.0,1,1.0,1,0.2712831326309341,66
4023,1,8465,3194,5271,0,0,0,1.0,1,1.0,1,1.0,1,0.25304420109817355,66
4024,4,8469,3197,5272,0,0,0,1.0,1,1.0,1,1.0,1,0.2711600032695346,66
4025,0,8469,3197,5272,0,0,0,1.0,1,1.0,1,1.0,1,0.25954267081898685,66
4026,4,8473,3199,5274,0,0,0,1.0,1,1.0,1,1.0,1,0.27062812179106105,66
4027,3,8476,3201,5275,0,0,0,1.0,1,1.0,1,1.0,1,0.23944360395249747,64
4028,8,8484,3206,5278,0,0,0,1.0,1,1.0,1,1.0,1,0.26970810328485495,63
4029,1,8485,3206,5279,0,0,0,1.0,1,1.0,1,1.0,1,0.25303027724006477,62
4030,1,8486,3207,5279,0,0,0,1.0,1,1.0,1,1.0,1,0.26903466023420936,63
4031,2,8488,3207,5281,0,0,0,1.0,1,1.0,1,1.0,1,0.2659425642615694,62
4032,4,8492,3209,5283,0,0,0,1.0,1,1.0,1,1.0,1,0.2802861848738989,62
4033,2,8494,3210,5284,0,0,0,1.0,1,1.0,1,1.0,1,0.29086097295548513,61
4034,3,8497,3212,5285,0,0,0,1.0,1,1.0,1,1.0,1,0.266836110311432,60
4035,1,8498,3212,5286,0,0,0,1.0,1,1.0,1,1.0,1,0.2909284588367056,59
4036,5,8503,3215,5288,0,0,0,1.0,1,1.0,1,1.0,1,0.2673454900555952,58
4037,1,8504,3216,5288,0,0,0,1.0,1,1.0,1,1.0,1,0.25689243026941855,59
4038,1,8505,3217,5288,0,0,0,1.0,1,1.0,1,1.0,1,0.27042228336946184,58
4039,3,8508,3219,5289,0,0,0,1.0,1,1.0,1,1.0,1,0.3305767175805051,56
4040,0,8508,3219,5289,0,0,0,1.0,1,1.0,1,1.0,1,0.328347882743143,55
4041,6,8514,3220,5294,0,0,0,1.0,1,1.0,1,1.0,1,0.31152338031466237,54
4042,3,8517,3221,5296,0,0,0,1.0,1,1.0,1,1.0,1,0.31225503867991683,56
4043,3,8520,3222,5298,0,0,0,1.0,1,1.0,1,1.0,1,0.33325044379394897,56
4044,2,8522,3223,5299,0,0,0,1.0,1,1.0,1,1.0,1,0.34708075437410374,56
4045,4,8526,3224,5302,0,0,0,1.0,1,1.0,1,1.0,1,0.335990000556295,57
4046,3,8529,3224,5305,0,0,0,1.0,1,1.0,1,1.0,1,0.38755131983059005,59
4047,6,8535,3225,5310,0,0,0,1.0,1,1.0,1,1.0,1,0.40065069290333694,59
4048,3,8538,3226,5312,0,0,0,1.0,1,1.0,1,1.0,1,0.40148982410753936,59
4049,2,8540,3226,5314,0,0,0,1.0,1,1.0,1,1.0,1,0.4075821704562042,60
4050,2,8542,3226,5316,0,0,0,1.0,1,1.0,1,1.0,1,0.3926283142342591,60
4051,2,8544,3226,5318,0,0,0,1.0,1,1.0,1,1.0,1,0.4075821704562042,60
4052,4,8548,3226,5322,0,0,0,1.0,1,1.0,1,1.0,1,0.4075821704562042,60
4053,2,8550,3226,5324,0,0,0,1.0,1,1.0,1,1.0,1,0.3926283142342591,60
4054,3,8553,3227,5326,0,0,0,1.0,1,1.0,1,1.0,1,0.4074447637386233,61
4055,5,8558,3227,5331,0,0,0,1.0,1,1.0,1,1.0,1,0.39391816545978336,61
4056,6,8564,3227,5337,0,0,0,1.0,1,1.0,1,1.0,1,0.3948645026929592,62
4057,5,8569,3227,5342,0,0,0,1.0,1,1.0,1,1.0,1,0.39289460925515923,63
4058,5,8574,3227,5347,0,0,0,1.0,1,1.0,1,1.0,1,0.40680677723050485,64
4059,3,8577,3227,5350,0,0,0,1.0,1,1.0,1,1.0,1,0.4096099900093009,63
4060,8,8585,3228,5357,0,0,0,1.0,1,1.0,1,1.0,1,0.41214428660073904,63
4061,7,8592,3228,5364,0,0,0,1.0,1,1.0,1,1.0,1,0.3613276397363964,63
4062,0,8592,3228,5364,0,0,0,1.0,1,1.0,1,1.0,1,0.35161441008249383,65
4063,1,8593,3229,5364,0,0,0,1.0,1,1.0,1,1.0,1,0.3433871113449483,64
4064,3,8596,3230,5366,0,0,0,1.0,1,1.0,1,1.0,1,0.3261050208718232,65
4065,2,8598,3231,5367,0,0,0,1.0,1,1.0,1,1.0,1,0.31113645746955304,64
4066,5,8603,3233,5370,0,0,0,1.0,1,1.0,1,1.0,1,0.3002567903308132,64
4067,6,8609,3235,5374,0,0,0,1.0,1,1.0,1,1.0,1,0.2991315919321567,63
4068,3,8612,3236,5376,0,0,0,1.0,1,1.0,1,1.0,1,0.28120177030801685,64
4069,7,8619,3240,5379,0,0,0,1.0,1,1.0,1,1.0,1,0.26184954962134827,62
4070,2,8621,3241,5380,0,0,0,1.0,1,1.0,1,1.0,1,0.2495486497978818,61
4071,6,8627,3245,5382,0,0,0,1.0,1,1.0,1,1.0,1,0.2928020778010373,61
4072,3,8630,3246,5384,0,0,0,1.0,1,1.0,1,1.0,1,0.28823814123247143,60
4073,0,8630,3246,5384,0,0,0,1.0,1,1.0,1,1.0,1,0.2889074009909528,60
4074,5,8635,3249,5386,0,0,0,1.0,1,1.0,1,1.0,1,0.2977252260512664,60
4075,1,8636,3249,5387,0,0,0,1.0,1,1.0,1,1.0,1,0.26631416918175177,59
4076,2,8638,3251,5387,0,0,0,1.0,1,1.0,1,1.0,1,0.28210865544001423,60
4077,4,8642,3254,5388,0,0,0,1.0,1,1.0,1,1.0,1,0.3130641354106583,61
4078,1,8643,3255,5388,0,0,0,1.0,1,1.0,1,1.0,1,0.31785221704683964,60
4079,1,8644,3255,5389,0,0,0,1.0,1,1.0,1,1.0,1,0.3266935817761557,58
4080,0,8644,3255,5389,0,0,0,1.0,1,1.0,1,1.0,1,0.33827401145239716,56
4081,5,8649,3255,5394,0,0,0,1.0,1,1.0,1,1.0,1,0.2607141181011225,56
4082,1,8650,3255,5395,0,0,0,1.0,1,1.0,1,1.0,1,0.26562686312448347,55
4083,1,8651,3256,5395,0,0,0,1.0,1,1.0,1,1.0,1,0.28287996403991855,55
4084,1,8652,3256,5396,0,0,0,1.0,1,1.0,1,1.0,1,0.27318226561977926,55
4085,2,8654,3256,5398,0,0,0,1.0,1,1.0,1,1.0,1,0.24343107907543246,56
4086,2,8656,3257,5399,0,0,0,1.0,1,1.0,1,1.0,1,0.23181574756510365,57
4087,0,8656,3257,5399,0,0,0,1.0,1,1.0,1,1.0,1,0.24955791818175077,57
4088,0,8656,3257,5399,0,0,0,1.0,1,1.0,1,1.0,1,0.26522404468196564,57
4089,0,8656,3257,5399,0,0,0,1.0,1,1.0,1,1.0,1,0.295808285482274,56
4090,1,8657,3258,5399,0,0,0,1.0,1,1.0,1,1.0,1,0.30576139633194926,56
4091,3,8660,3258,5402,0,0,0,1.0,1,1.0,1,1.0,1,0.2772072564976816,56
4092,0,8660,3258,5402,0,0,0,1.0,1,1.0,1,1.0,1,0.28195339608488995,57
4093,4,8664,3260,5404,0,0,0,1.0,1,1.0,1,1.0,1,0.28171397603866144,58
4094,3,8667,3262,5405,0,0,0,1.0,1,1.0,1,1.0,1,0.29028813564906203,57
4095,1,8668,3263,5405,0,0,0,1.0,1,1.0,1,1.0,1,0.2971586511638532,57
4096,8,8676,3265,5411,0,0,0,1.0,1,1.0,1,1.0,1,0.260674384808813,59
4097,4,8680,3265,5415,0,0,0,1.0,1,1.0,1,1.0,1,0.25582694713538257,59
4098,4,8684,3267,5417,0,0,0,1.0,1,1.0,1,1.0,1,0.22501530768903424,59
4099,4,8688,3269,5419,0,0,0,1.0,1,1.0,1,1.0,1,0.24990355012885695,60
4100,10,8698,3272,5426,0,0,0,1.0,1,1.0,1,1.0,1,0.2432951624831584,60
4101,7,8705,3274,5431,0,0,0,1.0,1,1.0,1,1.0,1,0.22953940048807264,60
4102,6,8711,3278,5433,0,0,0,1.0,1,1.0,1,1.0,1,0.18365254442625628,60
4103,0,8711,3278,5433,0,0,0,1.0,1,1.0,1,1.0,1,0.1727359886807029,58
4104,4,8715,3280,5435,0,0,0,1.0,1,1.0,1,1.0,1,0.20041112180113174,60
4105,1,8716,3281,5435,0,0,0,1.0,1,1.0,1,1.0,1,0.18993840679285726,59
4106,2,8718,3281,5437,0,0,0,1.0,1,1.0,1,1.0,1,0.1758490862887016,61
4107,0,8718,3281,5437,0,0,0,1.0,1,1.0,1,1.0,1,0.18721489435715505,59
4108,0,8718,3281,5437,0,0,0,1.0,1,1.0,1,1.0,1,0.18236381757611633,60
4109,2,8720,3282,5438,0,0,0,1.0,1,1.0,1,1.0,1,0.18190750986271748,59
4110,3,8723,3284,5439,0,0,0,1.0,1,1.0,1,1.0,1,0.1910949594998726,60
4111,0,8723,3284,5439,0,0,0,1.0,1,1.0,1,1.0,1,0.19794618791093072,61
4112,2,8725,3285,5440,0,0,0,1.0,1,1.0,1,1.0,1,0.2010815914459466,60
4113,5,8730,3286,5444,0,0,0,1.0,1,1.0,1,1.0,1,0.1458581424391154,61
4114,0,8730,3286,5444,0,0,0,1.0,1,1.0,1,1.0,1,0.14021598222731232,62
4115,1,8731,3287,5444,0,0,0,1.0,1,1.0,1,1.0,1,0.16203271889789075,60
4116,0,8731,3287,5444,0,0,0,1.0,1,1.0,1,1.0,1,0.16324001478435787,59
4117,2,8733,3288,5445,0,0,0,1.0,1,1.0,1,1.0,1,0.15102152421211792,56
4118,1,8734,3289,5445,0,0,0,1.0,1,1.0,1,1.0,1,0.1750283980927151,55
4119,1,8735,3290,5445,0,0,0,1.0,1,1.0,1,1.0,1,0.19133211369970615,53
4120,1,8736,3291,5445,0,0,0,1.0,1,1.0,1,1.0,1,0.20642104773393594,52
4121,4,8740,3295,5445,0,0,0,1.0,1,1.0,1,1.0,1,0.22854909987815802,53
4122,3,8743,3296,5447,0,0,0,1.0,1,1.0,1,1.0,1,0.20977561231129818,52
4123,2,8745,3298,5447,0,0,0,1.0,1,1.0,1,1.0,1,0.25341149932066503,51
4124,3,8748,3300,5448,0,0,0,1.0,1,1.0,1,1.0,1,0.30771979024339435,51
4125,0,8748,3300,5448,0,0,0,1.0,1,1.0,1,1.0,1,0.2995729907028861,50
4126,6,8754,3303,5451,0,0,0,1.0,1,1.0,1,1.0,1,0.2562777173353475,50
4127,1,8755,3303,5452,0,0,0,1.0,1,1.0,1,1.0,1,0.24309413668837737,49
4128,1,8756,3303,5453,0,0,0,1.0,1,1.0,1,1.0,1,0.22482347617361081,49
4129,0,8756,3303,5453,0,0,0,1.0,1,1.0,1,1.0,1,0.22482347617361081,49
4130,1,8757,3304,5453,0,0,0,1.0,1,1.0,1,1.0,1,0.21875506833968947,50
4131,1,8758,3305,5453,0,0,0,1.0,1,1.0,1,1.0,1,0.22611037009934734,50
4132,0,8758,3305,5453,0,0,0,1.0,1,1.0,1,1.0,1,0.22611037009934734,50
4133,1,8759,3305,5454,0,0,0,1.0,1,1.0,1,1.0,1,0.203631989205643,51
4134,0,8759,3305,5454,0,0,0,1.0,1,1.0,1,1.0,1,0.19416734286257048,53
4135,2,8761,3307,5454,0,0,0,1.0,1,1.0,1,1.0,1,0.17752255933435854,54
4136,1,8762,3307,5455,0,0,0,1.0,1,1.0,1,1.0,1,0.1472379001323752,54
4137,1,8763,3308,5455,0,0,0,1.0,1,1.0,1,1.0,1,0.15815531916425085,55
4138,0,8763,3308,5455,0,0,0,1.0,1,1.0,1,1.0,1,0.15581793867834395,54
4139,0,8763,3308,5455,0,0,0,1.0,1,1.0,1,1.0,1,0.15581793867834395,54
4140,2,8765,3310,5455,0,0,0,1.0,1,1.0,1,1.0,1,0.2110983766195454,55
4141,4,8769,3310,5459,0,0,0,1.0,1,1.0,1,1.0,1,0.16194432747726378,55
4142,4,8773,3311,5462,0,0,0,1.0,1,1.0,1,1.0,1,0.17948699470537502,55
4143,1,8774,3311,5463,0,0,0,1.0,1,1.0,1,1.0,1,0.19557056362806954,53
4144,3,8777,3312,5465,0,0,0,1.0,1,1.0,1,1.0,1,0.19220500302442478,52
4145,3,8780,3312,5468,0,0,0,1.0,1,1.0,1,1.0,1,0.17497472832279787,51
4146,3,8783,3315,5468,0,0,0,1.0,1,1.0,1,1.0,1,0.22349602707894464,51
4147,2,8785,3316,5469,0,0,0,1.0,1,1.0,1,1.0,1,0.2194210152842498,50
4148,0,8785,3316,5469,0,0,0,1.0,1,1.0,1,1.0,1,0.237525418787807,52
4149,0,8785,3316,5469,0,0,0,1.0,1,1.0,1,1.0,1,0.2134931112365339,53
4150,3,8788,3318,5470,0,0,0,1.0,1,1.0,1,1.0,1,0.22675247952222644,53
4151,1,8789,3318,5471,0,0,0,1.0,1,1.0,1,1.0,1,0.2341298255743316,53
4152,2,8791,3320,5471,0,0,0,1.0,1,1.0,1,1.0,1,0.20321022888393472,54
4153,0,8791,3320,5471,0,0,0,1.0,1,1.0,1,1.0,1,0.23789783122622432,51
4154,0,8791,3320,5471,0,0,0,1.0,1,1.0,1,1.0,1,0.23789783122622432,51
4155,6,8797,3323,5474,0,0,0,1.0,1,1.0,1,1.0,1,0.3071215639530063,51
4156,8,8805,3325,5480,0,0,0,1.0,1,1.0,1,1.0,1,0.3062335335910847,52
4157,6,8811,3326,5485,0,0,0,1.0,1,1.0,1,1.0,1,0.3203553293769558,52
4158,4,8815,3326,5489,0,0,0,1.0,1,1.0,1,1.0,1,0.3106886112829982,52
4159,5,8820,3327,5493,0,0,0,1.0,1,1.0,1,1.0,1,0.29589665864187187,52
4160,0,8820,3327,5493,0,0,0,1.0,1,1.0,1,1.0,1,0.28878861416693763,50
4161,5,8825,3328,5497,0,0,0,1.0,1,1.0,1,1.0,1,0.20656436332553804,50
4162,1,8826,3329,5497,0,0,0,1.0,1,1.0,1,1.0,1,0.23811790919007728,51
4163,3,8829,3330,5499,0,0,0,1.0,1,1.0,1,1.0,1,0.2208510028212951,48
4164,2,8831,3332,5499,0,0,0,1.0,1,1.0,1,1.0,1,0.3004637600884903,50
4165,0,8831,3332,5499,0,0,0,1.0,1,1.0,1,1.0,1,0.2847902484145499,49
4166,1,8832,3332,5500,0,0,0,1.0,1,1.0,1,1.0,1,0.2897749283326321,50
4167,0,8832,3332,5500,0,0,0,1.0,1,1.0,1,1.0,1,0.2915345665472836,50
4168,1,8833,3332,5501,0,0,0,1.0,1,1.0,1,1.0,1,0.2786982972058897,50
4169,1,8834,3333,5501,0,0,0,1.0,1,1.0,1,1.0,1,0.2763465283644102,51
4170,1,8835,3334,5501,0,0,0,1.0,1,1.0,1,1.0,1,0.32018822734943025,50
4171,3,8838,3336,5502,0,0,0,1.0,1,1.0,1,1.0,1,0.3069688027672841,50
4172,1,8839,3336,5503,0,0,0,1.0,1,1.0,1,1.0,1,0.3269534710943474,49
4173,4,8843,3337,5506,0,0,0,1.0,1,1.0,1,1.0,1,0.3484443513174217,48
4174,2,8845,3337,5508,0,0,0,1.0,1,1.0,1,1.0,1,0.3241292839530872,48
4175,1,8846,3338,5508,0,0,0,1.0,1,1.0,1,1.0,1,0.31254156341021994,48
4176,1,8847,3339,5508,0,0,0,1.0,1,1.0,1,1.0,1,0.35845621540802497,50
4177,7,8854,3341,5513,0,0,0,1.0,1,1.0,1,1.0,1,0.3100478383550155,52
4178,5,8859,3343,5516,0,0,0,1.0,1,1.0,1,1.0,1,0.32131831123215476,53
4179,3,8862,3344,5518,0,0,0,1.0,1,1.0,1,1.0,1,0.31179293043308637,54
4180,4,8866,3346,5520,0,0,0,1.0,1,1.0,1,1.0,1,0.32933086713728593,55
4181,10,8876,3346,5530,0,0,0,1.0,1,1.0,1,1.0,1,0.25886758737774324,56
4182,2,8878,3347,5531,0,0,0,1.0,1,1.0,1,1.0,1,0.23184764231391497,56
4183,2,8880,3348,5532,0,0,0,1.0,1,1.0,1,1.0,1,0.21992506357144923,57
4184,7,8887,3349,5538,0,0,0,1.0,1,1.0,1,1.0,1,0.22368675975952726,57
4185,5,8892,3349,5543,0,0,0,1.0,1,1.0,1,1.0,1,0.20737054935501595,54
4186,6,8898,3351,5547,0,0,0,1.0,1,1.0,1,1.0,1,0.17981099031021092,55
4187,0,8898,3351,5547,0,0,0,1.0,1,1.0,1,1.0,1,0.1921434367856679,53
4188,2,8900,3353,5547,0,0,0,1.0,1,1.0,1,1.0,1,0.17076842149200436,53
4189,2,8902,3353,5549,0,0,0,1.0,1,1.0,1,1.0,1,0.14256720306526788,53
4190,2,8904,3355,5549,0,0,0,1.0,1,1.0,1,1.0,1,0.1674562468316656,53
4191,0,8904,3355,5549,0,0,0,1.0,1,1.0,1,1.0,1,0.19043764318959938,51
4192,4,8908,3359,5549,0,0,0,1.0,1,1.0,1,1.0,1,0.19313650832899668,51
4193,2,8910,3361,5549,0,0,0,1.0,1,1.0,1,1.0,1,0.22180675711700745,50
4194,1,8911,3361,5550,0,0,0,1.0,1,1.0,1,1.0,1,0.20100022155229064,50
4195,0,8911,3361,5550,0,0,0,1.0,1,1.0,1,1.0,1,0.21693880786182135,50
4196,3,8914,3361,5553,0,0,0,1.0,1,1.0,1,1.0,1,0.20863121351263514,51
4197,0,8914,3361,5553,0,0,0,1.0,1,1.0,1,1.0,1,0.2172074371175466,50
4198,1,8915,3362,5553,0,0,0,1.0,1,1.0,1,1.0,1,0.2730569987498993,48
4199,3,8918,3362,5556,0,0,0,1.0,1,1.0,1,1.0,1,0.27088293370810856,48
4200,2,8920,3363,5557,0,0,0,1.0,1,1.0,1,1.0,1,0.30650322986019135,48
4201,3,8923,3363,5560,0,0,0,1.0,1,1.0,1,1.0,1,0.3010287838671876,47
4202,0,8923,3363,5560,0,0,0,1.0,1,1.0,1,1.0,1,0.3010287838671876,47
4203,0,8923,3363,5560,0,0,0,1.0,1,1.0,1,1.0,1,0.3010287838671876,47
4204,3,8926,3365,5561,0,0,0,1.0,1,1.0,1,1.0,1,0.3170497383702996,48
4205,0,8926,3365,5561,0,0,0,1.0,1,1.0,1,1.0,1,0.30076378252381486,49
4206,0,8926,3365,5561,0,0,0,1.0,1,1.0,1,1.0,1,0.30076378252381486,49
4207,0,8926,3365,5561,0,0,0,1.0,1,1.0,1,1.0,1,0.2930186109909407,48
4208,1,8927,3366,5561,0,0,0,1.0,1,1.0,1,1.0,1,0.2841375917900718,49
4209,2,8929,3368,5561,0,0,0,1.0,1,1.0,1,1.0,1,0.30286538364515986,51
4210,1,8930,3368,5562,0,0,0,1.0,1,1.0,1,1.0,1,0.2835993373582623,52
4211,1,8931,3368,5563,0,0,0,1.0,1,1.0,1,1.0,1,0.28261220141446114,53
4212,2,8933,3369,5564,0,0,0,1.0,1,1.0,1,1.0,1,0.2858922145814828,53
4213,1,8934,3369,5565,0,0,0,1.0,1,1.0,1,1.0,1,0.2710685499834097,54
4214,3,8937,3370,5567,0,0,0,1.0,1,1.0,1,1.0,1,0.2893339084344086,54
4215,1,8938,3371,5567,0,0,0,1.0,1,1.0,1,1.0,1,0.28083712827963564,54
4216,1,8939,3371,5568,0,0,0,1.0,1,1.0,1,1.0,1,0.2932881009291279,53
4217,1,8940,3372,5568,0,0,0,1.0,1,1.0,1,1.0,1,0.33696058031319925,54
4218,2,8942,3373,5569,0,0,0,1.0,1,1.0,1,1.0,1,0.35701667748188115,53
4219,6,8948,3374,5574,0,0,0,1.0,1,1.0,1,1.0,1,0.3909350881823063,53
4220,1,8949,3374,5575,0,0,0,1.0,1,1.0,1,1.0,1,0.4046343078758586,53
4221,5,8954,3375,5579,0,0,0,1.0,1,1.0,1,1.0,1,0.35725555369619433,54
4222,5,8959,3379,5580,0,0,0,1.0,1,1.0,1,1.0,1,0.37855598331373724,55
4223,6,8965,3381,5584,0,0,0,1.0,1,1.0,1,1.0,1,0.35953603558077274,56
4224,1,8966,3382,5584,0,0,0,1.0,1,1.0,1,1.0,1,0.3545429805416988,55
4225,1,8967,3383,5584,0,0,0,1.0,1,1.0,1,1.0,1,0.3439861209842926,53
4226,2,8969,3384,5585,0,0,0,1.0,1,1.0,1,1.0,1,0.3545511700170033,54
4227,1,8970,3385,5585,0,0,0,1.0,1,1.0,1,1.0,1,0.35266359801164715,52
4228,2,8972,3387,5585,0,0,0,1.0,1,1.0,1,1.0,1,0.359527352108836,51
4229,1,8973,3388,5585,0,0,0,1.0,1,1.0,1,1.0,1,0.393851188075666,48
4230,2,8975,3390,5585,0,0,0,1.0,1,1.0,1,1.0,1,0.4230815423651085,48
4231,2,8977,3391,5586,0,0,0,1.0,1,1.0,1,1.0,1,0.3711980125095613,48
4232,1,8978,3392,5586,0,0,0,1.0,1,1.0,1,1.0,1,0.3547015696401295,48
4233,0,8978,3392,5586,0,0,0,1.0,1,1.0,1,1.0,1,0.33677123045333707,48
4234,3,8981,3394,5587,0,0,0,1.0,1,1.0,1,1.0,1,0.3393610226971695,49
4235,2,8983,3395,5588,0,0,0,1.0,1,1.0,1,1.0,1,0.3044731782704398,47
4236,2,8985,3396,5589,0,0,0,1.0,1,1.0,1,1.0,1,0.34674253854476084,47
4237,2,8987,3396,5591,0,0,0,1.0,1,1.0,1,1.0,1,0.3200511769414999,48
4238,2,8989,3396,5593,0,0,0,1.0,1,1.0,1,1.0,1,0.32625592830737377,47
4239,1,8990,3396,5594,0,0,0,1.0,1,1.0,1,1.0,1,0.3247170621686001,48
4240,2,8992,3397,5595,0,0,0,1.0,1,1.0,1,1.0,1,0.2798778280713141,47
4241,3,8995,3397,5598,0,0,0,1.0,1,1.0,1,1.0,1,0.22347044696458374,49
4242,0,8995,3397,5598,0,0,0,1.0,1,1.0,1,1.0,1,0.21802151441487982,49
4243,4,8999,3399,5600,0,0,0,1.0,1,1.0,1,1.0,1,0.22811416324455594,50
4244,1,9000,3399,5601,0,0,0,1.0,1,1.0,1,1.0,1,0.24749352353695644,51
4245,1,9001,3399,5602,0,0,0,1.0,1,1.0,1,1.0,1,0.2599524121259376,51
4246,0,9001,3399,5602,0,0,0,1.0,1,1.0,1,1.0,1,0.2599524121259376,51
4247,0,9001,3399,5602,0,0,0,1.0,1,1.0,1,1.0,1,0.2685530454421493,52
4248,3,9004,3402,5602,0,0,0,1.0,1,1.0,1,1.0,1,0.33696079456729827,52
4249,6,9010,3402,5608,0,0,0,1.0,1,1.0,1,1.0,1,0.2649415182514945,52
4250,3,9013,3402,5611,0,0,0,1.0,1,1.0,1,1.0,1,0.23046655257403836,52
4251,4,9017,3403,5614,0,0,0,1.0,1,1.0,1,1.0,1,0.21863857995009994,53
4252,1,9018,3404,5614,0,0,0,1.0,1,1.0,1,1.0,1,0.22821479753468665,53
4253,4,9022,3406,5616,0,0,0,1.0,1,1.0,1,1.0,1,0.25186982648495027,54
4254,5,9027,3407,5620,0,0,0,1.0,1,1.0,1,1.0,1,0.2492757284300361,54
4255,2,9029,3407,5622,0,0,0,1.0,1,1.0,1,1.0,1,0.2289225265699928,55
4256,5,9034,3407,5627,0,0,0,1.0,1,1.0,1,1.0,1,0.2111048471678791,57
4257,1,9035,3407,5628,0,0,0,1.0,1,1.0,1,1.0,1,0.22547542296414913,57
4258,0,9035,3407,5628,0,0,0,1.0,1,1.0,1,1.0,1,0.2336263460181334,57
4259,1,9036,3407,5629,0,0,0,1.0,1,1.0,1,1.0,1,0.21282710017363904,57
4260,0,9036,3407,5629,0,0,0,1.0,1,1.0,1,1.0,1,0.2210346419114141,58
4261,2,9038,3407,5631,0,0,0,1.0,1,1.0,1,1.0,1,0.204106806610976,59
4262,3,9041,3408,5633,0,0,0,1.0,1,1.0,1,1.0,1,0.20630565992904681,60
4263,2,9043,3409,5634,0,0,0,1.0,1,1.0,1,1.0,1,0.19798223200486928,59
4264,3,9046,3411,5635,0,0,0,1.0,1,1.0,1,1.0,1,0.22100880537156065,58
4265,2,9048,3412,5636,0,0,0,1.0,1,1.0,1,1.0,1,0.21450135323347058,58
4266,4,9052,3413,5639,0,0,0,1.0,1,1.0,1,1.0,1,0.19994421353880296,58
4267,0,9052,3413,5639,0,0,0,1.0,1,1.0,1,1.0,1,0.19957590081936513,55
4268,4,9056,3415,5641,0,0,0,1.0,1,1.0,1,1.0,1,0.2357259926334057,55
4269,5,9061,3418,5643,0,0,0,1.0,1,1.0,1,1.0,1,0.23420348491063325,50
4270,0,9061,3418,5643,0,0,0,1.0,1,1.0,1,1.0,1,0.2420570474973038,47
4271,1,9062,3419,5643,0,0,0,1.0,1,1.0,1,1.0,1,0.2617165911186494,47
4272,0,9062,3419,5643,0,0,0,1.0,1,1.0,1,1.0,1,0.29235650247966877,46
4273,1,9063,3420,5643,0,0,0,1.0,1,1.0,1,1.0,1,0.32877172596859694,47
4274,3,9066,3423,5643,0,0,0,1.0,1,1.0,1,1.0,1,0.3293579574232549,45
4275,5,9071,3427,5644,0,0,0,1.0,1,1.0,1,1.0,1,0.3143992855740837,44
4276,3,9074,3429,5645,0,0,0,1.0,1,1.0,1,1.0,1,0.28618597767767834,43
4277,1,9075,3430,5645,0,0,0,1.0,1,1.0,1,1.0,1,0.3048969821903026,42
4278,2,9077,3431,5646,0,0,0,1.0,1,1.0,1,1.0,1,0.256309245192539,43
4279,4,9081,3434,5647,0,0,0,1.0,1,1.0,1,1.0,1,0.253199847401335,42
4280,3,9084,3436,5648,0,0,0,1.0,1,1.0,1,1.0,1,0.2958047281721831,44
4281,7,9091,3438,5653,0,0,0,1.0,1,1.0,1,1.0,1,0.17055150238531125,44
4282,0,9091,3438,5653,0,0,0,1.0,1,1.0,1,1.0,1,0.17055150238531125,44
4283,0,9091,3438,5653,0,0,0,1.0,1,1.0,1,1.0,1,0.14278279188507573,45
4284,0,9091,3438,5653,0,0,0,1.0,1,1.0,1,1.0,1,0.14278279188507573,45
4285,0,9091,3438,5653,0,0,0,1.0,1,1.0,1,1.0,1,0.12904512868359708,47
4286,1,9092,3438,5654,0,0,0,1.0,1,1.0,1,1.0,1,0.14617648129631097,47
4287,1,9093,3438,5655,0,0,0,1.0,1,1.0,1,1.0,1,0.1568315619391779,49
4288,0,9093,3438,5655,0,0,0,1.0,1,1.0,1,1.0,1,0.1568315619391779,49
4289,1,9094,3438,5656,0,0,0,1.0,1,1.0,1,1.0,1,0.15945569640418264,50
4290,2,9096,3439,5657,0,0,0,1.0,1,1.0,1,1.0,1,0.1672886409339529,51
4291,2,9098,3440,5658,0,0,0,1.0,1,1.0,1,1.0,1,0.20168317917867026,50
4292,5,9103,3441,5662,0,0,0,1.0,1,1.0,1,1.0,1,0.2666777783288297,51
4293,3,9106,3441,5665,0,0,0,1.0,1,1.0,1,1.0,1,0.2324136016123715,51
4294,4,9110,3443,5667,0,0,0,1.0,1,1.0,1,1.0,1,0.2670909660732105,50
4295,5,9115,3444,5671,0,0,0,1.0,1,1.0,1,1.0,1,0.2995660201901266,50
4296,5,9120,3445,5675,0,0,0,1.0,1,1.0,1,1.0,1,0.28033162562631486,49
4297,3,9123,3445,5678,0,0,0,1.0,1,1.0,1,1.0,1,0.2781770692410962,49
4298,2,9125,3445,5680,0,0,0,1.0,1,1.0,1,1.0,1,0.3051667806753034,49
4299,4,9129,3445,5684,0,0,0,1.0,1,1.0,1,1.0,1,0.3099147332409847,48
4300,5,9134,3447,5687,0,0,0,1.0,1,1.0,1,1.0,1,0.30599292667373534,49
4301,9,9143,3448,5695,0,0,0,1.0,1,1.0,1,1.0,1,0.1905585107481372,50
4302,3,9146,3448,5698,0,0,0,1.0,1,1.0,1,1.0,1,0.13437600053259763,51
4303,1,9147,3449,5698,0,0,0,1.0,1,1.0,1,1.0,1,0.1599369456611712,51
4304,4,9151,3451,5700,0,0,0,1.0,1,1.0,1,1.0,1,0.16656780684205869,51
4305,3,9154,3451,5703,0,0,0,1.0,1,1.0,1,1.0,1,0.17521444563788624,49
4306,2,9156,3453,5703,0,0,0,1.0,1,1.0,1,1.0,1,0.20686806008950445,49
4307,3,9159,3456,5703,0,0,0,1.0,1,1.0,1,1.0,1,0.21379296459487723,46
4308,2,9161,3458,5703,0,0,0,1.0,1,1.0,1,1.0,1,0.21572564978062897,44
4309,1,9162,3459,5703,0,0,0,1.0,1,1.0,1,1.0,1,0.22480395243721316,44
4310,1,9163,3460,5703,0,0,0,1.0,1,1.0,1,1.0,1,0.23398141314679477,42
4311,3,9166,3463,5703,0,0,0,1.0,1,1.0,1,1.0,1,0.21845553049789015,42
4312,1,9167,3464,5703,0,0,0,1.0,1,1.0,1,1.0,1,0.21451757192328857,40
4313,5,9172,3467,5705,0,0,0,1.0,1,1.0,1,1.0,1,0.21419136406586806,40
4314,1,9173,3468,5705,0,0,0,1.0,1,1.0,1,1.0,1,0.2692117713807266,36
4315,2,9175,3469,5706,0,0,0,1.0,1,1.0,1,1.0,1,0.2813698383204979,37
4316,5,9180,3472,5708,0,0,0,1.0,1,1.0,1,1.0,1,0.38952281374938963,37
4317,2,9182,3474,5708,0,0,0,1.0,1,1.0,1,1.0,1,0.4402876785528096,36
4318,2,9184,3475,5709,0,0,0,1.0,1,1.0,1,1.0,1,0.4113787748018685,34
4319,0,9184,3475,5709,0,0,0,1.0,1,1.0,1,1.0,1,0.4051694384945359,34
4320,0,9184,3475,5709,0,0,0,1.0,1,1.0,1,1.0,1,0.4051694384945359,34
4321,4,9188,3475,5713,0,0,0,1.0,1,1.0,1,1.0,1,0.31664097667627744,35
4322,0,9188,3475,5713,0,0,0,1.0,1,1.0,1,1.0,1,0.31664097667627744,35
4323,2,9190,3475,5715,0,0,0,1.0,1,1.0,1,1.0,1,0.2702386244016489,35
4324,2,9192,3475,5717,0,0,0,1.0,1,1.0,1,1.0,1,0.3043880189110288,34
4325,2,9194,3475,5719,0,0,0,1.0,1,1.0,1,1.0,1,0.26490791926949436,34
4326,3,9197,3476,5721,0,0,0,1.0,1,1.0,1,1.0,1,0.2773064560014449,36
4327,2,9199,3476,5723,0,0,0,1.0,1,1.0,1,1.0,1,0.2642265327595837,35
4328,3,9202,3476,5726,0,0,0,1.0,1,1.0,1,1.0,1,0.2160395434435807,35
4329,4,9206,3477,5729,0,0,0,1.0,1,1.0,1,1.0,1,0.2054428108520202,38
4330,3,9209,3479,5730,0,0,0,1.0,1,1.0,1,1.0,1,0.21967822651581637,38
4331,0,9209,3479,5730,0,0,0,1.0,1,1.0,1,1.0,1,0.2304952252835115,39
4332,4,9213,3479,5734,0,0,0,1.0,1,1.0,1,1.0,1,0.21436610980414386,40
4333,1,9214,3479,5735,0,0,0,1.0,1,1.0,1,1.0,1,0.21710605075453787,41
4334,0,9214,3479,5735,0,0,0,1.0,1,1.0,1,1.0,1,0.21710605075453787,41
4335,2,9216,3479,5737,0,0,0,1.0,1,1.0,1,1.0,1,0.1972862717330124,42
4336,2,9218,3479,5739,0,0,0,1.0,1,1.0,1,1.0,1,0.2087908953722303,43
4337,2,9220,3479,5741,0,0,0,1.0,1,1.0,1,1.0,1,0.19357848466747124,44
4338,3,9223,3479,5744,0,0,0,1.0,1,1.0,1,1.0,1,0.19244572325738693,44
4339,6,9229,3480,5749,0,0,0,1.0,1,1.0,1,1.0,1,0.21382692350868962,46
4340,4,9233,3480,5753,0,0,0,1.0,1,1.0,1,1.0,1,0.19255503765910326,47
4341,4,9237,3482,5755,0,0,0,1.0,1,1.0,1,1.0,1,0.17310996263021047,47
4342,6,9243,3485,5758,0,0,0,1.0,1,1.0,1,1.0,1,0.18480913401857896,47
4343,1,9244,3485,5759,0,0,0,1.0,1,1.0,1,1.0,1,0.11207549151333991,42
4344,4,9248,3488,5760,0,0,0,1.0,1,1.0,1,1.0,1,0.19018910829502464,42
4345,2,9250,3489,5761,0,0,0,1.0,1,1.0,1,1.0,1,0.15258826740759587,39
4346,1,9251,3490,5761,0,0,0,1.0,1,1.0,1,1.0,1,0.19751972298279916,37
4347,2,9253,3492,5761,0,0,0,1.0,1,1.0,1,1.0,1,0.2605604143886665,37
4348,3,9256,3495,5761,0,0,0,1.0,1,1.0,1,1.0,1,0.3570351670799121,38
4349,0,9256,3495,5761,0,0,0,1.0,1,1.0,1,1.0,1,0.3427603155341226,36
4350,5,9261,3499,5762,0,0,0,1.0,1,1.0,1,1.0,1,0.33172479713035774,37
4351,1,9262,3500,5762,0,0,0,1.0,1,1.0,1,1.0,1,0.3214191979701774,35
4352,0,9262,3500,5762,0,0,0,1.0,1,1.0,1,1.0,1,0.32269833452858976,34
4353,0,9262,3500,5762,0,0,0,1.0,1,1.0,1,1.0,1,0.369156087221399,34
4354,0,9262,3500,5762,0,0,0,1.0,1,1.0,1,1.0,1,0.3797864271645396,32
4355,1,9263,3501,5762,0,0,0,1.0,1,1.0,1,1.0,1,0.3517113327760249,32
4356,2,9265,3503,5762,0,0,0,1.0,1,1.0,1,1.0,1,0.34046345174473164,34
4357,0,9265,3503,5762,0,0,0,1.0,1,1.0,1,1.0,1,0.3390918598060975,35
4358,3,9268,3505,5763,0,0,0,1.0,1,1.0,1,1.0,1,0.3243024287828362,35
4359,1,9269,3506,5763,0,0,0,1.0,1,1.0,1,1.0,1,0.350876851657626,37
4360,1,9270,3506,5764,0,0,0,1.0,1,1.0,1,1.0,1,0.3594702055112186,38
4361,7,9277,3507,5770,0,0,0,1.0,1,1.0,1,1.0,1,0.15313905186228058,39
4362,3,9280,3509,5771,0,0,0,1.0,1,1.0,1,1.0,1,0.14127532606309098,38
4363,1,9281,3510,5771,0,0,0,1.0,1,1.0,1,1.0,1,0.1497558054692145,38
4364,2,9283,3512,5771,0,0,0,1.0,1,1.0,1,1.0,1,0.19188819200455,39
4365,3,9286,3512,5774,0,0,0,1.0,1,1.0,1,1.0,1,0.14818415006794847,39
4366,3,9289,3513,5776,0,0,0,1.0,1,1.0,1,1.0,1,0.18960423093519196,39
4367,3,9292,3513,5779,0,0,0,1.0,1,1.0,1,1.0,1,0.2040812604411731,41
4368,4,9296,3513,5783,0,0,0,1.0,1,1.0,1,1.0,1,0.20368841488213826,41
4369,4,9300,3513,5787,0,0,0,1.0,1,1.0,1,1.0,1,0.2146072880975711,42
4370,7,9307,3514,5793,0,0,0,1.0,1,1.0,1,1.0,1,0.253430109244654,42
4371,2,9309,3514,5795,0,0,0,1.0,1,1.0,1,1.0,1,0.2726284354566451,43
4372,2,9311,3514,5797,0,0,0,1.0,1,1.0,1,1.0,1,0.2703772979701477,43
4373,9,9320,3514,5806,0,0,0,1.0,1,1.0,1,1.0,1,0.25991013553651676,43
4374,4,9324,3514,5810,0,0,0,1.0,1,1.0,1,1.0,1,0.2873163923054618,44
4375,11,9335,3515,5820,0,0,0,1.0,1,1.0,1,1.0,1,0.2802445948978137,45
4376,5,9340,3515,5825,0,0,0,1.0,1,1.0,1,1.0,1,0.26879257512795707,46
4377,15,9355,3517,5838,0,0,0,1.0,1,1.0,1,1.0,1,0.2602254187382905,47
4378,5,9360,3517,5843,0,0,0,1.0,1,1.0,1,1.0,1,0.3069529992190319,49
4379,8,9368,3520,5848,0,0,0,1.0,1,1.0,1,1.0,1,0.320154614633734,51
4380,11,9379,3521,5858,0,0,0,1.0,1,1.0,1,1.0,1,0.3359381554100359,50
4381,7,9386,3521,5865,0,0,0,1.0,1,1.0,1,1.0,1,0.23532971388703902,49
4382,3,9389,3523,5866,0,0,0,1.0,1,1.0,1,1.0,1,0.2465553404007289,47
4383,2,9391,3524,5867,0,0,0,1.0,1,1.0,1,1.0,1,0.2378490531353909,47
4384,1,9392,3525,5867,0,0,0,1.0,1,1.0,1,1.0,1,0.2617752560955376,44
4385,1,9393,3525,5868,0,0,0,1.0,1,1.0,1,1.0,1,0.2335645671029678,42
4386,3,9396,3527,5869,0,0,0,1.0,1,1.0,1,1.0,1,0.29255041542673754,41
4387,0,9396,3527,5869,0,0,0,1.0,1,1.0,1,1.0,1,0.27825087191393505,39
4388,1,9397,3528,5869,0,0,0,1.0,1,1.0,1,1.0,1,0.2864840033622307,39
4389,3,9400,3530,5870,0,0,0,1.0,1,1.0,1,1.0,1,0.3226540286545058,38
4390,1,9401,3530,5871,0,0,0,1.0,1,1.0,1,1.0,1,0.31193545064366607,38
4391,0,9401,3530,5871,0,0,0,1.0,1,1.0,1,1.0,1,0.2914606227003508,39
4392,2,9403,3530,5873,0,0,0,1.0,1,1.0,1,1.0,1,0.27140644803716646,39
4393,0,9403,3530,5873,0,0,0,1.0,1,1.0,1,1.0,1,0.25369906999189035,40
4394,0,9403,3530,5873,0,0,0,1.0,1,1.0,1,1.0,1,0.25438887134268223,39
4395,0,9403,3530,5873,0,0,0,1.0,1,1.0,1,1.0,1,0.25438887134268223,39
4396,0,9403,3530,5873,0,0,0,1.0,1,1.0,1,1.0,1,0.27743334924996693,39
4397,2,9405,3531,5874,0,0,0,1.0,1,1.0,1,1.0,1,0.2713288609888513,38
4398,0,9405,3531,5874,0,0,0,1.0,1,1.0,1,1.0,1,0.2484467905947136,39
4399,2,9407,3531,5876,0,0,0,1.0,1,1.0,1,1.0,1,0.24440636998859303,42
4400,0,9407,3531,5876,0,0,0,1.0,1,1.0,1,1.0,1,0.23833703563831304,43
4401,2,9409,3531,5878,0,0,0,1.0,1,1.0,1,1.0,1,0.20253813167190632,44
4402,0,9409,3531,5878,0,0,0,1.0,1,1.0,1,1.0,1,0.20253813167190632,44
4403,0,9409,3531,5878,0,0,0,1.0,1,1.0,1,1.0,1,0.19437615968374491,45
4404,0,9409,3531,5878,0,0,0,1.0,1,1.0,1,1.0,1,0.19437615968374491,45
4405,0,9409,3531,5878,0,0,0,1.0,1,1.0,1,1.0,1,0.20153645037183315,46
4406,1,9410,3532,5878,0,0,0,1.0,1,1.0,1,1.0,1,0.22919688313228864,46
4407,1,9411,3532,5879,0,0,0,1.0,1,1.0,1,1.0,1,0.2178418953696343,46
4408,0,9411,3532,5879,0,0,0,1.0,1,1.0,1,1.0,1,0.21374327659335066,47
4409,1,9412,3533,5879,0,0,0,1.0,1,1.0,1,1.0,1,0.24835819862759204,48
4410,0,9412,3533,5879,0,0,0,1.0,1,1.0,1,1.0,1,0.24835819862759204,48
4411,0,9412,3533,5879,0,0,0,1.0,1,1.0,1,1.0,1,0.2518181408696201,50
4412,1,9413,3534,5879,0,0,0,1.0,1,1.0,1,1.0,1,0.2741867749141215,50
4413,2,9415,3534,5881,0,0,0,1.0,1,1.0,1,1.0,1,0.2768072396619759,50
4414,3,9418,3537,5881,0,0,0,1.0,1,1.0,1,1.0,1,0.23482195341996226,51
4415,1,9419,3538,5881,0,0,0,1.0,1,1.0,1,1.0,1,0.21990989459692595,51
4416,0,9419,3538,5881,0,0,0,1.0,1,1.0,1,1.0,1,0.21990989459692595,51
4417,2,9421,3540,5881,0,0,0,1.0,1,1.0,1,1.0,1,0.24433572308287693,51
4418,1,9422,3541,5881,0,0,0,1.0,1,1.0,1,1.0,1,0.25362273745010644,51
4419,0,9422,3541,5881,0,0,0,1.0,1,1.0,1,1.0,1,0.2463837963193089,50
4420,1,9423,3542,5881,0,0,0,1.0,1,1.0,1,1.0,1,0.2571636287043683,50
4421,2,9425,3542,5883,0,0,0,1.0,1,1.0,1,1.0,1,0.20740521219865105,52
4422,0,9425,3542,5883,0,0,0,1.0,1,1.0,1,1.0,1,0.22019230571481138,51
4423,0,9425,3542,5883,0,0,0,1.0,1,1.0,1,1.0,1,0.22019230571481138,51
4424,0,9425,3542,5883,0,0,0,1.0,1,1.0,1,1.0,1,0.229619528549427,53
4425,1,9426,3542,5884,0,0,0,1.0,1,1.0,1,1.0,1,0.2233962224798565,54
4426,2,9428,3543,5885,0,0,0,1.0,1,1.0,1,1.0,1,0.19614435389061893,55
4427,3,9431,3543,5888,0,0,0,1.0,1,1.0,1,1.0,1,0.1741897871680342,55
4428,0,9431,3543,5888,0,0,0,1.0,1,1.0,1,1.0,1,0.1741897871680342,55
4429,0,9431,3543,5888,0,0,0,1.0,1,1.0,1,1.0,1,0.1773980157914332,56
4430,2,9433,3543,5890,0,0,0,1.0,1,1.0,1,1.0,1,0.15987986489619493,55
4431,1,9434,3544,5890,0,0,0,1.0,1,1.0,1,1.0,1,0.16513958599670403,56
4432,2,9436,3544,5892,0,0,0,1.0,1,1.0,1,1.0,1,0.16513958599670403,56
4433,2,9438,3544,5894,0,0,0,1.0,1,1.0,1,1.0,1,0.17651591177552314,57
4434,1,9439,3544,5895,0,0,0,1.0,1,1.0,1,1.0,1,0.18122493317670976,56
4435,4,9443,3545,5898,0,0,0,1.0,1,1.0,1,1.0,1,0.19480655814449238,56
4436,5,9448,3548,5900,0,0,0,1.0,1,1.0,1,1.0,1,0.21517311108839257,55
4437,3,9451,3548,5903,0,0,0,1.0,1,1.0,1,1.0,1,0.22162972633224293,54
4438,6,9457,3549,5908,0,0,0,1.0,1,1.0,1,1.0,1,0.2649227423326462,54
4439,7,9464,3550,5914,0,0,0,1.0,1,1.0,1,1.0,1,0.2716636865647804,55
4440,4,9468,3551,5917,0,0,0,1.0,1,1.0,1,1.0,1,0.2697542805599824,55
4441,6,9474,3552,5922,0,0,0,1.0,1,1.0,1,1.0,1,0.18824668407620956,59
4442,1,9475,3553,5922,0,0,0,1.0,1,1.0,1,1.0,1,0.1894626745522208,61
4443,2,9477,3555,5922,0,0,0,1.0,1,1.0,1,1.0,1,0.21140417067914752,60
4444,1,9478,3555,5923,0,0,0,1.0,1,1.0,1,1.0,1,0.21638899772838557,61
4445,2,9480,3555,5925,0,0,0,1.0,1,1.0,1,1.0,1,0.18054945537737335,61
4446,1,9481,3556,5925,0,0,0,1.0,1,1.0,1,1.0,1,0.19269053486859852,62
4447,0,9481,3556,5925,0,0,0,1.0,1,1.0,1,1.0,1,0.19076108992261362,63
4448,0,9481,3556,5925,0,0,0,1.0,1,1.0,1,1.0,1,0.19076108992261362,63
4449,1,9482,3556,5926,0,0,0,1.0,1,1.0,1,1.0,1,0.17123616897054594,63
4450,0,9482,3556,5926,0,0,0,1.0,1,1.0,1,1.0,1,0.17473240533026194,62
4451,0,9482,3556,5926,0,0,0,1.0,1,1.0,1,1.0,1,0.1702724361843348,63
4452,1,9483,3556,5927,0,0,0,1.0,1,1.0,1,1.0,1,0.17043592824350723,64
4453,1,9484,3556,5928,0,0,0,1.0,1,1.0,1,1.0,1,0.15152880249977804,65
4454,0,9484,3556,5928,0,0,0,1.0,1,1.0,1,1.0,1,0.1561972361209517,66
4455,2,9486,3556,5930,0,0,0,1.0,1,1.0,1,1.0,1,0.14979346299162105,67
4456,1,9487,3557,5930,0,0,0,1.0,1,1.0,1,1.0,1,0.16908695815980446,67
4457,1,9488,3558,5930,0,0,0,1.0,1,1.0,1,1.0,1,0.15989791353626276,65
4458,1,9489,3558,5931,0,0,0,1.0,1,1.0,1,1.0,1,0.16376260629960926,65
4459,2,9491,3560,5931,0,0,0,1.0,1,1.0,1,1.0,1,0.22133129643353522,64
4460,0,9491,3560,5931,0,0,0,1.0,1,1.0,1,1.0,1,0.23885387306288355,63
4461,5,9496,3563,5933,0,0,0,1.0,1,1.0,1,1.0,1,0.23530303738615974,62
4462,6,9502,3568,5934,0,0,0,1.0,1,1.0,1,1.0,1,0.3111892446257387,61
4463,5,9507,3571,5936,0,0,0,1.0,1,1.0,1,1.0,1,0.31706876082603314,61
4464,3,9510,3574,5936,0,0,0,1.0,1,1.0,1,1.0,1,0.3265193484573123,58
4465,3,9513,3575,5938,0,0,0,1.0,1,1.0,1,1.0,1,0.34146410656612264,57
4466,2,9515,3576,5939,0,0,0,1.0,1,1.0,1,1.0,1,0.3420668266896502,54
4467,2,9517,3578,5939,0,0,0,1.0,1,1.0,1,1.0,1,0.3221445079154826,52
4468,2,9519,3579,5940,0,0,0,1.0,1,1.0,1,1.0,1,0.31115883544823436,52
4469,2,9521,3581,5940,0,0,0,1.0,1,1.0,1,1.0,1,0.3076034393512688,51
4470,1,9522,3582,5940,0,0,0,1.0,1,1.0,1,1.0,1,0.28880878222958306,51
4471,2,9524,3584,5940,0,0,0,1.0,1,1.0,1,1.0,1,0.27992418628959786,50
4472,2,9526,3585,5941,0,0,0,1.0,1,1.0,1,1.0,1,0.2696393825706053,48
4473,0,9526,3585,5941,0,0,0,1.0,1,1.0,1,1.0,1,0.2800948399097366,47
4474,5,9531,3588,5943,0,0,0,1.0,1,1.0,1,1.0,1,0.26291000049922664,49
4475,0,9531,3588,5943,0,0,0,1.0,1,1.0,1,1.0,1,0.2998031505252207,47
4476,2,9533,3590,5943,0,0,0,1.0,1,1.0,1,1.0,1,0.29972834020844585,49
4477,1,9534,3590,5944,0,0,0,1.0,1,1.0,1,1.0,1,0.3298489854824217,48
4478,0,9534,3590,5944,0,0,0,1.0,1,1.0,1,1.0,1,0.3298489854824217,48
4479,1,9535,3591,5944,0,0,0,1.0,1,1.0,1,1.0,1,0.34637726108568795,48
4480,1,9536,3592,5944,0,0,0,1.0,1,1.0,1,1.0,1,0.35822880837469884,49
4481,10,9546,3592,5954,0,0,0,1.0,1,1.0,1,1.0,1,0.16811773002145464,49
4482,1,9547,3592,5955,0,0,0,1.0,1,1.0,1,1.0,1,0.19396391769988564,49
4483,3,9550,3592,5958,0,0,0,1.0,1,1.0,1,1.0,1,0.14241485680148425,50
4484,3,9553,3593,5960,0,0,0,1.0,1,1.0,1,1.0,1,0.16310297404435767,52
4485,4,9557,3593,5964,0,0,0,1.0,1,1.0,1,1.0,1,0.17056251625005647,53
4486,7,9564,3594,5970,0,0,0,1.0,1,1.0,1,1.0,1,0.1804812866733905,55
4487,5,9569,3596,5973,0,0,0,1.0,1,1.0,1,1.0,1,0.17789327799605487,55
4488,2,9571,3596,5975,0,0,0,1.0,1,1.0,1,1.0,1,0.17750843833576227,54
4489,4,9575,3596,5979,0,0,0,1.0,1,1.0,1,1.0,1,0.1903290537125151,53
4490,2,9577,3596,5981,0,0,0,1.0,1,1.0,1,1.0,1,0.1968812251270674,53
4491,4,9581,3596,5985,0,0,0,1.0,1,1.0,1,1.0,1,0.20612940875272173,52
4492,4,9585,3596,5989,0,0,0,1.0,1,1.0,1,1.0,1,0.20612940875272173,52
4493,4,9589,3596,5993,0,0,0,1.0,1,1.0,1,1.0,1,0.2292952467312961,52
4494,3,9592,3596,5996,0,0,0,1.0,1,1.0,1,1.0,1,0.24471586066908513,53
4495,9,9601,3601,6000,0,0,0,1.0,1,1.0,1,1.0,1,0.2409239245312765,50
4496,6,9607,3605,6002,0,0,0,1.0,1,1.0,1,1.0,1,0.28030208058930794,51
4497,3,9610,3607,6003,0,0,0,1.0,1,1.0,1,1.0,1,0.30011993006428184,50
4498,3,9613,3608,6005,0,0,0,1.0,1,1.0,1,1.0,1,0.2977516314742395,49
4499,0,9613,3608,6005,0,0,0,1.0,1,1.0,1,1.0,1,0.28568969180973225,48
4500,3,9616,3608,6008,0,0,0,1.0,1,1.0,1,1.0,1,0.23873056425244102,48
4501,4,9620,3609,6011,0,0,0,1.0,1,1.0,1,1.0,1,0.18940359734837414,48
4502,1,9621,3610,6011,0,0,0,1.0,1,1.0,1,1.0,1,0.21540436525345957,49
4503,4,9625,3613,6012,0,0,0,1.0,1,1.0,1,1.0,1,0.24748570605573889,49
4504,2,9627,3614,6013,0,0,0,1.0,1,1.0,1,1.0,1,0.25355453341837253,45
4505,2,9629,3615,6014,0,0,0,1.0,1,1.0,1,1.0,1,0.23836800912578943,46
4506,2,9631,3617,6014,0,0,0,1.0,1,1.0,1,1.0,1,0.2945633010048002,45
4507,4,9635,3618,6017,0,0,0,1.0,1,1.0,1,1.0,1,0.3067816531631508,45
4508,5,9640,3620,6020,0,0,0,1.0,1,1.0,1,1.0,1,0.26897847065908453,43
4509,0,9640,3620,6020,0,0,0,1.0,1,1.0,1,1.0,1,0.27483601416222037,41
4510,1,9641,3621,6020,0,0,0,1.0,1,1.0,1,1.0,1,0.2947129492236824,42
4511,1,9642,3621,6021,0,0,0,1.0,1,1.0,1,1.0,1,0.29719137149950614,41
4512,0,9642,3621,6021,0,0,0,1.0,1,1.0,1,1.0,1,0.29719137149950614,41
4513,0,9642,3621,6021,0,0,0,1.0,1,1.0,1,1.0,1,0.29719137149950614,41
4514,4,9646,3624,6022,0,0,0,1.0,1,1.0,1,1.0,1,0.31339759272375556,42
4515,2,9648,3624,6024,0,0,0,1.0,1,1.0,1,1.0,1,0.3241774846862408,41
4516,4,9652,3627,6025,0,0,0,1.0,1,1.0,1,1.0,1,0.2855139584659899,42
4517,1,9653,3627,6026,0,0,0,1.0,1,1.0,1,1.0,1,0.2824131371731505,43
4518,0,9653,3627,6026,0,0,0,1.0,1,1.0,1,1.0,1,0.29556230381863097,42
4519,2,9655,3629,6026,0,0,0,1.0,1,1.0,1,1.0,1,0.33065868783103924,42
4520,1,9656,3629,6027,0,0,0,1.0,1,1.0,1,1.0,1,0.34120243588409144,42
4521,7,9663,3630,6033,0,0,0,1.0,1,1.0,1,1.0,1,0.2349165760741236,42
4522,0,9663,3630,6033,0,0,0,1.0,1,1.0,1,1.0,1,0.2349165760741236,42
4523,0,9663,3630,6033,0,0,0,1.0,1,1.0,1,1.0,1,0.2349165760741236,42
4524,3,9666,3632,6034,0,0,0,1.0,1,1.0,1,1.0,1,0.22471033586607814,43
4525,5,9671,3632,6039,0,0,0,1.0,1,1.0,1,1.0,1,0.16036249870768163,46
4526,3,9674,3634,6040,0,0,0,1.0,1,1.0,1,1.0,1,0.20755785605070318,46
4527,3,9677,3636,6041,0,0,0,1.0,1,1.0,1,1.0,1,0.2054977996306761,47
4528,2,9679,3636,6043,0,0,0,1.0,1,1.0,1,1.0,1,0.21127635708319928,49
4529,1,9680,3636,6044,0,0,0,1.0,1,1.0,1,1.0,1,0.20585115423099992,50
4530,2,9682,3637,6045,0,0,0,1.0,1,1.0,1,1.0,1,0.20131931254729504,51
4531,2,9684,3637,6047,0,0,0,1.0,1,1.0,1,1.0,1,0.1664091514887684,51
4532,2,9686,3638,6048,0,0,0,1.0,1,1.0,1,1.0,1,0.17120675952505648,51
4533,0,9686,3638,6048,0,0,0,1.0,1,1.0,1,1.0,1,0.1597962882793601,50
4534,1,9687,3638,6049,0,0,0,1.0,1,1.0,1,1.0,1,0.12537246272669722,51
4535,1,9688,3639,6049,0,0,0,1.0,1,1.0,1,1.0,1,0.12428830627247932,50
4536,0,9688,3639,6049,0,0,0,1.0,1,1.0,1,1.0,1,0.1479467947298971,48
4537,2,9690,3639,6051,0,0,0,1.0,1,1.0,1,1.0,1,0.11532965311704402,49
4538,2,9692,3639,6053,0,0,0,1.0,1,1.0,1,1.0,1,0.12725198361312196,48
4539,1,9693,3640,6053,0,0,0,1.0,1,1.0,1,1.0,1,0.1921978990390153,50
4540,0,9693,3640,6053,0,0,0,1.0,1,1.0,1,1.0,1,0.1679122837755774,49
4541,3,9696,3642,6054,0,0,0,1.0,1,1.0,1,1.0,1,0.19022230726028255,49
4542,4,9700,3645,6055,0,0,0,1.0,1,1.0,1,1.0,1,0.2333972769317813,47
4543,1,9701,3646,6055,0,0,0,1.0,1,1.0,1,1.0,1,0.23449807871311507,45
4544,2,9703,3648,6055,0,0,0,1.0,1,1.0,1,1.0,1,0.23814480022361495,45
4545,4,9707,3651,6056,0,0,0,1.0,1,1.0,1,1.0,1,0.3118697181567126,43
4546,4,9711,3652,6059,0,0,0,1.0,1,1.0,1,1.0,1,0.29145858226761856,43
4547,1,9712,3653,6059,0,0,0,1.0,1,1.0,1,1.0,1,0.30938789088400104,41
4548,1,9713,3654,6059,0,0,0,1.0,1,1.0,1,1.0,1,0.30837244054242496,42
4549,0,9713,3654,6059,0,0,0,1.0,1,1.0,1,1.0,1,0.3062380502484168,41
4550,2,9715,3656,6059,0,0,0,1.0,1,1.0,1,1.0,1,0.3265866275834495,41
4551,0,9715,3656,6059,0,0,0,1.0,1,1.0,1,1.0,1,0.3388701953627847,39
4552,1,9716,3657,6059,0,0,0,1.0,1,1.0,1,1.0,1,0.3311510698397807,38
4553,1,9717,3657,6060,0,0,0,1.0,1,1.0,1,1.0,1,0.33342916622803,39
4554,2,9719,3659,6060,0,0,0,1.0,1,1.0,1,1.0,1,0.3804127285902708,38
4555,1,9720,3660,6060,0,0,0,1.0,1,1.0,1,1.0,1,0.40935652116880883,37
4556,1,9721,3661,6060,0,0,0,1.0,1,1.0,1,1.0,1,0.4672601065991558,36
4557,1,9722,3661,6061,0,0,0,1.0,1,1.0,1,1.0,1,0.433922431981375,38
4558,3,9725,3663,6062,0,0,0,1.0,1,1.0,1,1.0,1,0.41810015570723236,39
4559,2,9727,3665,6062,0,0,0,1.0,1,1.0,1,1.0,1,0.42342504204740977,38
4560,1,9728,3666,6062,0,0,0,1.0,1,1.0,1,1.0,1,0.43090458811144294,41
4561,5,9733,3666,6067,0,0,0,1.0,1,1.0,1,1.0,1,0.34196413233985695,41
4562,0,9733,3666,6067,0,0,0,1.0,1,1.0,1,1.0,1,0.34155512019419876,43
4563,0,9733,3666,6067,0,0,0,1.0,1,1.0,1,1.0,1,0.3271998391013482,42
4564,0,9733,3666,6067,0,0,0,1.0,1,1.0,1,1.0,1,0.32398414905194595,43
4565,3,9736,3666,6070,0,0,0,1.0,1,1.0,1,1.0,1,0.2799306911161141,44
4566,4,9740,3666,6074,0,0,0,1.0,1,1.0,1,1.0,1,0.1933243940925592,45
4567,4,9744,3667,6077,0,0,0,1.0,1,1.0,1,1.0,1,0.1952171834616907,47
4568,2,9746,3667,6079,0,0,0,1.0,1,1.0,1,1.0,1,0.18035308459260702,47
4569,2,9748,3669,6079,0,0,0,1.0,1,1.0,1,1.0,1,0.1864087179148664,49
4570,1,9749,3670,6079,0,0,0,1.0,1,1.0,1,1.0,1,0.1897955974226143,49
4571,1,9750,3670,6080,0,0,0,1.0,1,1.0,1,1.0,1,0.21110584130343296,48
4572,0,9750,3670,6080,0,0,0,1.0,1,1.0,1,1.0,1,0.21110584130343296,48
4573,1,9751,3670,6081,0,0,0,1.0,1,1.0,1,1.0,1,0.2039831215201325,48
4574,2,9753,3670,6083,0,0,0,1.0,1,1.0,1,1.0,1,0.1938373354370923,50
4575,5,9758,3672,6086,0,0,0,1.0,1,1.0,1,1.0,1,0.1947109639400225,51
4576,1,9759,3673,6086,0,0,0,1.0,1,1.0,1,1.0,1,0.23004959566837244,48
4577,0,9759,3673,6086,0,0,0,1.0,1,1.0,1,1.0,1,0.22987367456554475,47
4578,2,9761,3674,6087,0,0,0,1.0,1,1.0,1,1.0,1,0.2231703107827641,46
4579,1,9762,3675,6087,0,0,0,1.0,1,1.0,1,1.0,1,0.233171028823596,46
4580,0,9762,3675,6087,0,0,0,1.0,1,1.0,1,1.0,1,0.21877356777736198,47
4581,3,9765,3676,6089,0,0,0,1.0,1,1.0,1,1.0,1,0.21521767295942787,47
4582,1,9766,3676,6090,0,0,0,1.0,1,1.0,1,1.0,1,0.21199519173797376,48
4583,0,9766,3676,6090,0,0,0,1.0,1,1.0,1,1.0,1,0.21199519173797376,48
4584,2,9768,3676,6092,0,0,0,1.0,1,1.0,1,1.0,1,0.2280780562510178,50
4585,2,9770,3677,6093,0,0,0,1.0,1,1.0,1,1.0,1,0.2290997893397586,50
4586,0,9770,3677,6093,0,0,0,1.0,1,1.0,1,1.0,1,0.2290997893397586,50
4587,0,9770,3677,6093,0,0,0,1.0,1,1.0,1,1.0,1,0.2290997893397586,50
4588,0,9770,3677,6093,0,0,0,1.0,1,1.0,1,1.0,1,0.2290997893397586,50
4589,1,9771,3677,6094,0,0,0,1.0,1,1.0,1,1.0,1,0.23983295821225087,52
4590,0,9771,3677,6094,0,0,0,1.0,1,1.0,1,1.0,1,0.23983295821225087,52
4591,0,9771,3677,6094,0,0,0,1.0,1,1.0,1,1.0,1,0.24514904895749415,53
4592,0,9771,3677,6094,0,0,0,1.0,1,1.0,1,1.0,1,0.2530205956198785,54
4593,2,9773,3677,6096,0,0,0,1.0,1,1.0,1,1.0,1,0.22051844123743702,56
4594,2,9775,3677,6098,0,0,0,1.0,1,1.0,1,1.0,1,0.1972115046657365,57
4595,1,9776,3677,6099,0,0,0,1.0,1,1.0,1,1.0,1,0.2175773413043691,56
4596,0,9776,3677,6099,0,0,0,1.0,1,1.0,1,1.0,1,0.2175773413043691,56
4597,2,9778,3679,6099,0,0,0,1.0,1,1.0,1,1.0,1,0.22454077161624497,56
4598,5,9783,3681,6102,0,0,0,1.0,1,1.0,1,1.0,1,0.27146239143504064,57
4599,2,9785,3681,6104,0,0,0,1.0,1,1.0,1,1.0,1,0.2383318902285158,59
4600,4,9789,3681,6108,0,0,0,1.0,1,1.0,1,1.0,1,0.24923836270043906,60
4601,4,9793,3682,6111,0,0,0,1.0,1,1.0,1,1.0,1,0.21888211282179615,60
4602,2,9795,3682,6113,0,0,0,1.0,1,1.0,1,1.0,1,0.19379455030405102,62
4603,0,9795,3682,6113,0,0,0,1.0,1,1.0,1,1.0,1,0.19379455030405102,62
4604,0,9795,3682,6113,0,0,0,1.0,1,1.0,1,1.0,1,0.18664751714964842,63
4605,0,9795,3682,6113,0,0,0,1.0,1,1.0,1,1.0,1,0.18664751714964842,63
4606,0,9795,3682,6113,0,0,0,1.0,1,1.0,1,1.0,1,0.1933016463775101,64
4607,0,9795,3682,6113,0,0,0,1.0,1,1.0,1,1.0,1,0.18988049328765957,65
4608,4,9799,3683,6116,0,0,0,1.0,1,1.0,1,1.0,1,0.18441487514680585,66
4609,3,9802,3684,6118,0,0,0,1.0,1,1.0,1,1.0,1,0.17207413023203422,65
4610,0,9802,3684,6118,0,0,0,1.0,1,1.0,1,1.0,1,0.19416105446080867,63
4611,2,9804,3685,6119,0,0,0,1.0,1,1.0,1,1.0,1,0.21398191878433181,64
4612,0,9804,3685,6119,0,0,0,1.0,1,1.0,1,1.0,1,0.25191832726006397,62
4613,2,9806,3686,6120,0,0,0,1.0,1,1.0,1,1.0,1,0.2746486047250254,63
4614,3,9809,3688,6121,0,0,0,1.0,1,1.0,1,1.0,1,0.2727716286482507,61
4615,3,9812,3689,6123,0,0,0,1.0,1,1.0,1,1.0,1,0.27314736356042285,59
4616,2,9814,3690,6124,0,0,0,1.0,1,1.0,1,1.0,1,0.2739508343969148,58
4617,2,9816,3690,6126,0,0,0,1.0,1,1.0,1,1.0,1,0.2905855484732758,58
4618,3,9819,3691,6128,0,0,0,1.0,1,1.0,1,1.0,1,0.30513509182243326,57
4619,1,9820,3692,6128,0,0,0,1.0,1,1.0,1,1.0,1,0.31398118121087787,57
4620,0,9820,3692,6128,0,0,0,1.0,1,1.0,1,1.0,1,0.31398118121087787,57
4621,3,9823,3692,6131,0,0,0,1.0,1,1.0,1,1.0,1,0.27530371554305405,59
4622,3,9826,3693,6133,0,0,0,1.0,1,1.0,1,1.0,1,0.2719475585346256,60
4623,2,9828,3694,6134,0,0,0,1.0,1,1.0,1,1.0,1,0.2863851785090075,59
4624,4,9832,3696,6136,0,0,0,1.0,1,1.0,1,1.0,1,0.27266863962978016,59
4625,1,9833,3697,6136,0,0,0,1.0,1,1.0,1,1.0,1,0.27639825548376373,57
4626,3,9836,3700,6136,0,0,0,1.0,1,1.0,1,1.0,1,0.3269755965563561,56
4627,2,9838,3701,6137,0,0,0,1.0,1,1.0,1,1.0,1,0.3314802608390641,56
4628,4,9842,3702,6140,0,0,0,1.0,1,1.0,1,1.0,1,0.35318961332257603,56
4629,2,9844,3702,6142,0,0,0,1.0,1,1.0,1,1.0,1,0.37297231265960024,56
4630,3,9847,3703,6144,0,0,0,1.0,1,1.0,1,1.0,1,0.3628969849625339,57
4631,1,9848,3703,6145,0,0,0,1.0,1,1.0,1,1.0,1,0.3920387730777752,56
4632,2,9850,3704,6146,0,0,0,1.0,1,1.0,1,1.0,1,0.40433327523995005,57
4633,2,9852,3704,6148,0,0,0,1.0,1,1.0,1,1.0,1,0.3850391334002526,58
4634,2,9854,3704,6150,0,0,0,1.0,1,1.0,1,1.0,1,0.3754933106200151,58
4635,3,9857,3704,6153,0,0,0,1.0,1,1.0,1,1.0,1,0.3332016417918509,59
4636,0,9857,3704,6153,0,0,0,1.0,1,1.0,1,1.0,1,0.31056536215085917,60
4637,2,9859,3705,6154,0,0,0,1.0,1,1.0,1,1.0,1,0.30570663894530403,60
4638,2,9861,3705,6156,0,0,0,1.0,1,1.0,1,1.0,1,0.29971120311864,61
4639,3,9864,3706,6158,0,0,0,1.0,1,1.0,1,1.0,1,0.2916053913359972,62
4640,1,9865,3706,6159,0,0,0,1.0,1,1.0,1,1.0,1,0.29973196215470227,63
4641,8,9873,3709,6164,0,0,0,1.0,1,1.0,1,1.0,1,0.24085899182677661,63
4642,2,9875,3709,6166,0,0,0,1.0,1,1.0,1,1.0,1,0.2511126125986081,62
4643,7,9882,3711,6171,0,0,0,1.0,1,1.0,1,1.0,1,0.24656609792743414,63
4644,1,9883,3711,6172,0,0,0,1.0,1,1.0,1,1.0,1,0.259431805706046,62
4645,3,9886,3711,6175,0,0,0,1.0,1,1.0,1,1.0,1,0.2625336444022377,63
4646,5,9891,3712,6179,0,0,0,1.0,1,1.0,1,1.0,1,0.2671551008495102,63
4647,6,9897,3713,6184,0,0,0,1.0,1,1.0,1,1.0,1,0.2572402449637668,62
4648,5,9902,3714,6188,0,0,0,1.0,1,1.0,1,1.0,1,0.2888077698317777,63
4649,4,9906,3716,6190,0,0,0,1.0,1,1.0,1,1.0,1,0.2612474106946999,61
4650,3,9909,3718,6191,0,0,0,1.0,1,1.0,1,1.0,1,0.24206366292581258,63
4651,4,9913,3720,6193,0,0,0,1.0,1,1.0,1,1.0,1,0.23512879300032455,62
4652,1,9914,3721,6193,0,0,0,1.0,1,1.0,1,1.0,1,0.272042321733199,59
4653,0,9914,3721,6193,0,0,0,1.0,1,1.0,1,1.0,1,0.2808556969324883,60
4654,2,9916,3722,6194,0,0,0,1.0,1,1.0,1,1.0,1,0.2789829792174411,60
4655,1,9917,3722,6195,0,0,0,1.0,1,1.0,1,1.0,1,0.2763021526137228,60
4656,3,9920,3723,6197,0,0,0,1.0,1,1.0,1,1.0,1,0.29459251484834553,61
4657,2,9922,3723,6199,0,0,0,1.0,1,1.0,1,1.0,1,0.2912940414038454,62
4658,3,9925,3724,6201,0,0,0,1.0,1,1.0,1,1.0,1,0.29420307690064157,62
4659,4,9929,3724,6205,0,0,0,1.0,1,1.0,1,1.0,1,0.3035050413735926,61
4660,8,9937,3726,6211,0,0,0,1.0,1,1.0,1,1.0,1,0.35371625485175906,61
4661,3,9940,3726,6214,0,0,0,1.0,1,1.0,1,1.0,1,0.3251875886740343,61
4662,0,9940,3726,6214,0,0,0,1.0,1,1.0,1,1.0,1,0.31398367405529504,62
4663,2,9942,3726,6216,0,0,0,1.0,1,1.0,1,1.0,1,0.26967854217586085,61
4664,3,9945,3727,6218,0,0,0,1.0,1,1.0,1,1.0,1,0.25020251182575654,62
4665,0,9945,3727,6218,0,0,0,1.0,1,1.0,1,1.0,1,0.24633778093413206,61
4666,5,9950,3728,6222,0,0,0,1.0,1,1.0,1,1.0,1,0.190718062774916,61
4667,0,9950,3728,6222,0,0,0,1.0,1,1.0,1,1.0,1,0.1938184712763954,59
4668,5,9955,3733,6222,0,0,0,1.0,1,1.0,1,1.0,1,0.20742563841591033,59
4669,1,9956,3734,6222,0,0,0,1.0,1,1.0,1,1.0,1,0.20379471567315474,58
4670,2,9958,3736,6222,0,0,0,1.0,1,1.0,1,1.0,1,0.2034592782323581,57
4671,0,9958,3736,6222,0,0,0,1.0,1,1.0,1,1.0,1,0.20565104758888478,55
4672,1,9959,3737,6222,0,0,0,1.0,1,1.0,1,1.0,1,0.23406543086425785,56
4673,1,9960,3737,6223,0,0,0,1.0,1,1.0,1,1.0,1,0.20299193752013744,58
4674,3,9963,3739,6224,0,0,0,1.0,1,1.0,1,1.0,1,0.19859589834451352,58
4675,2,9965,3739,6226,0,0,0,1.0,1,1.0,1,1.0,1,0.21911551571268864,57
4676,2,9967,3740,6227,0,0,0,1.0,1,1.0,1,1.0,1,0.2232541826487568,58
4677,0,9967,3740,6227,0,0,0,1.0,1,1.0,1,1.0,1,0.23223671163970416,57
4678,2,9969,3742,6227,0,0,0,1.0,1,1.0,1,1.0,1,0.2353611909663345,57
4679,0,9969,3742,6227,0,0,0,1.0,1,1.0,1,1.0,1,0.2353611909663345,57
4680,1,9970,3743,6227,0,0,0,1.0,1,1.0,1,1.0,1,0.2567932258773101,59
4681,7,9977,3745,6232,0,0,0,1.0,1,1.0,1,1.0,1,0.24474955907373908,60
4682,6,9983,3746,6237,0,0,0,1.0,1,1.0,1,1.0,1,0.19384049651198462,60
4683,4,9987,3747,6240,0,0,0,1.0,1,1.0,1,1.0,1,0.20457603339329541,60
4684,2,9989,3748,6241,0,0,0,1.0,1,1.0,1,1.0,1,0.232973513979702,60
4685,3,9992,3749,6243,0,0,0,1.0,1,1.0,1,1.0,1,0.2399840717618308,59
4686,4,9996,3750,6246,0,0,0,1.0,1,1.0,1,1.0,1,0.24989549557472746,60
4687,5,10001,3751,6250,0,0,0,1.0,1,1.0,1,1.0,1,0.2577220070368109,59
4688,3,10004,3751,6253,0,0,0,1.0,1,1.0,1,1.0,1,0.2554379597571517,59
4689,6,10010,3753,6257,0,0,0,1.0,1,1.0,1,1.0,1,0.3088486216972056,59
4690,4,10014,3755,6259,0,0,0,1.0,1,1.0,1,1.0,1,0.318732199571446,58
4691,6,10020,3756,6264,0,0,0,1.0,1,1.0,1,1.0,1,0.3057774764011983,57
4692,2,10022,3756,6266,0,0,0,1.0,1,1.0,1,1.0,1,0.29506372990348084,58
4693,2,10024,3756,6268,0,0,0,1.0,1,1.0,1,1.0,1,0.2926500770754167,57
4694,3,10027,3757,6270,0,0,0,1.0,1,1.0,1,1.0,1,0.2762462880846707,57
4695,1,10028,3757,6271,0,0,0,1.0,1,1.0,1,1.0,1,0.29020361582866844,56
4696,3,10031,3758,6273,0,0,0,1.0,1,1.0,1,1.0,1,0.311578385710331,57
4697,9,10040,3758,6282,0,0,0,1.0,1,1.0,1,1.0,1,0.29403724506687356,58
4698,5,10045,3760,6285,0,0,0,1.0,1,1.0,1,1.0,1,0.2834501617712784,59
4699,4,10049,3760,6289,0,0,0,1.0,1,1.0,1,1.0,1,0.3005217829183647,58
4700,7,10056,3761,6295,0,0,0,1.0,1,1.0,1,1.0,1,0.2970042708673211,59
4701,6,10062,3761,6301,0,0,0,1.0,1,1.0,1,1.0,1,0.2502827690713386,60
4702,1,10063,3762,6301,0,0,0,1.0,1,1.0,1,1.0,1,0.26300895738090363,61
4703,4,10067,3763,6304,0,0,0,1.0,1,1.0,1,1.0,1,0.2427011025975113,59
4704,0,10067,3763,6304,0,0,0,1.0,1,1.0,1,1.0,1,0.23382770218533816,58
4705,3,10070,3764,6306,0,0,0,1.0,1,1.0,1,1.0,1,0.24669722805298144,58
4706,1,10071,3765,6306,0,0,0,1.0,1,1.0,1,1.0,1,0.2663589690424983,60
4707,1,10072,3766,6306,0,0,0,1.0,1,1.0,1,1.0,1,0.28214169516715487,57
4708,4,10076,3769,6307,0,0,0,1.0,1,1.0,1,1.0,1,0.30935827379380654,57
4709,5,10081,3772,6309,0,0,0,1.0,1,1.0,1,1.0,1,0.31557401893198467,55
4710,2,10083,3772,6311,0,0,0,1.0,1,1.0,1,1.0,1,0.28446055861086145,53
4711,1,10084,3773,6311,0,0,0,1.0,1,1.0,1,1.0,1,0.3015691804920251,52
4712,1,10085,3774,6311,0,0,0,1.0,1,1.0,1,1.0,1,0.30883418112904837,52
4713,1,10086,3775,6311,0,0,0,1.0,1,1.0,1,1.0,1,0.31594940773779384,51
4714,0,10086,3775,6311,0,0,0,1.0,1,1.0,1,1.0,1,0.31785703889906464,50
4715,1,10087,3776,6311,0,0,0,1.0,1,1.0,1,1.0,1,0.3257960518228689,50
4716,1,10088,3777,6311,0,0,0,1.0,1,1.0,1,1.0,1,0.3338527722533333,49
4717,3,10091,3779,6312,0,0,0,1.0,1,1.0,1,1.0,1,0.3518734185422175,49
4718,2,10093,3779,6314,0,0,0,1.0,1,1.0,1,1.0,1,0.34838876334437047,50
4719,1,10094,3779,6315,0,0,0,1.0,1,1.0,1,1.0,1,0.3382987441347343,49
4720,0,10094,3779,6315,0,0,0,1.0,1,1.0,1,1.0,1,0.3382987441347343,49
4721,6,10100,3779,6321,0,0,0,1.0,1,1.0,1,1.0,1,0.22722847544925878,50
4722,2,10102,3780,6322,0,0,0,1.0,1,1.0,1,1.0,1,0.2576067475446392,51
4723,2,10104,3782,6322,0,0,0,1.0,1,1.0,1,1.0,1,0.2515430397528651,50
4724,2,10106,3782,6324,0,0,0,1.0,1,1.0,1,1.0,1,0.2742389905029606,50
4725,0,10106,3782,6324,0,0,0,1.0,1,1.0,1,1.0,1,0.2877849422059083,52
4726,0,10106,3782,6324,0,0,0,1.0,1,1.0,1,1.0,1,0.3009638247833204,51
4727,0,10106,3782,6324,0,0,0,1.0,1,1.0,1,1.0,1,0.3092442153390884,52
4728,1,10107,3783,6324,0,0,0,1.0,1,1.0,1,1.0,1,0.33127849237907653,52
4729,4,10111,3784,6327,0,0,0,1.0,1,1.0,1,1.0,1,0.32649988123416845,52
4730,2,10113,3785,6328,0,0,0,1.0,1,1.0,1,1.0,1,0.38753609426861485,50
4731,5,10118,3786,6332,0,0,0,1.0,1,1.0,1,1.0,1,0.38365614632245865,51
4732,3,10121,3787,6334,0,0,0,1.0,1,1.0,1,1.0,1,0.38493518573595986,52
4733,4,10125,3787,6338,0,0,0,1.0,1,1.0,1,1.0,1,0.3637770135663373,53
4734,3,10128,3788,6340,0,0,0,1.0,1,1.0,1,1.0,1,0.3925003828803752,53
4735,7,10135,3789,6346,0,0,0,1.0,1,1.0,1,1.0,1,0.36668252646853433,53
4736,4,10139,3790,6349,0,0,0,1.0,1,1.0,1,1.0,1,0.3736365756361185,55
4737,5,10144,3790,6354,0,0,0,1.0,1,1.0,1,1.0,1,0.3649119987921199,57
4738,4,10148,3790,6358,0,0,0,1.0,1,1.0,1,1.0,1,0.3373999117905366,57
4739,4,10152,3790,6362,0,0,0,1.0,1,1.0,1,1.0,1,0.35225592999721267,57
4740,5,10157,3790,6367,0,0,0,1.0,1,1.0,1,1.0,1,0.3427973562517046,57
4741,3,10160,3790,6370,0,0,0,1.0,1,1.0,1,1.0,1,0.31958513997694477,58
4742,3,10163,3792,6371,0,0,0,1.0,1,1.0,1,1.0,1,0.32780423117385554,58
4743,1,10164,3792,6372,0,0,0,1.0,1,1.0,1,1.0,1,0.29566972915667084,56
4744,2,10166,3794,6372,0,0,0,1.0,1,1.0,1,1.0,1,0.31882498344526716,57
4745,3,10169,3795,6374,0,0,0,1.0,1,1.0,1,1.0,1,0.2997537333426864,56
4746,2,10171,3797,6374,0,0,0,1.0,1,1.0,1,1.0,1,0.32597153861100076,56
4747,5,10176,3799,6377,0,0,0,1.0,1,1.0,1,1.0,1,0.3284342700147701,55
4748,2,10178,3801,6377,0,0,0,1.0,1,1.0,1,1.0,1,0.36641712633386353,55
4749,2,10180,3802,6378,0,0,0,1.0,1,1.0,1,1.0,1,0.37223577601203495,54
4750,2,10182,3804,6378,0,0,0,1.0,1,1.0,1,1.0,1,0.36221777218669765,53
4751,3,10185,3805,6380,0,0,0,1.0,1,1.0,1,1.0,1,0.3770087729390728,53
4752,3,10188,3806,6382,0,0,0,1.0,1,1.0,1,1.0,1,0.3344697510401691,53
4753,1,10189,3807,6382,0,0,0,1.0,1,1.0,1,1.0,1,0.36999613655846625,52
4754,2,10191,3807,6384,0,0,0,1.0,1,1.0,1,1.0,1,0.3362561052791073,52
4755,0,10191,3807,6384,0,0,0,1.0,1,1.0,1,1.0,1,0.340016864450128,51
4756,3,10194,3807,6387,0,0,0,1.0,1,1.0,1,1.0,1,0.3192264201709114,52
4757,1,10195,3807,6388,0,0,0,1.0,1,1.0,1,1.0,1,0.3023712604070274,51
4758,1,10196,3807,6389,0,0,0,1.0,1,1.0,1,1.0,1,0.29163931169351853,51
4759,2,10198,3807,6391,0,0,0,1.0,1,1.0,1,1.0,1,0.2723558388509346,51
4760,1,10199,3807,6392,0,0,0,1.0,1,1.0,1,1.0,1,0.2705227610071466,52
4761,4,10203,3809,6394,0,0,0,1.0,1,1.0,1,1.0,1,0.20470928157712315,50
4762,1,10204,3809,6395,0,0,0,1.0,1,1.0,1,1.0,1,0.20150406668531462,51
4763,2,10206,3809,6397,0,0,0,1.0,1,1.0,1,1.0,1,0.18466798090798475,51
4764,1,10207,3810,6397,0,0,0,1.0,1,1.0,1,1.0,1,0.19534366224871944,53
4765,1,10208,3811,6397,0,0,0,1.0,1,1.0,1,1.0,1,0.22040381717316007,53
4766,2,10210,3812,6398,0,0,0,1.0,1,1.0,1,1.0,1,0.240333783125656,55
4767,4,10214,3813,6401,0,0,0,1.0,1,1.0,1,1.0,1,0.2188916062641776,56
4768,0,10214,3813,6401,0,0,0,1.0,1,1.0,1,1.0,1,0.21121205119895947,56
4769,0,10214,3813,6401,0,0,0,1.0,1,1.0,1,1.0,1,0.21121205119895947,56
4770,0,10214,3813,6401,0,0,0,1.0,1,1.0,1,1.0,1,0.21121205119895947,56
4771,0,10214,3813,6401,0,0,0,1.0,1,1.0,1,1.0,1,0.2197310124922859,55
4772,5,10219,3815,6404,0,0,0,1.0,1,1.0,1,1.0,1,0.17817448916542145,56
4773,2,10221,3815,6406,0,0,0,1.0,1,1.0,1,1.0,1,0.17349919251241286,56
4774,0,10221,3815,6406,0,0,0,1.0,1,1.0,1,1.0,1,0.16931496562460704,58
4775,0,10221,3815,6406,0,0,0,1.0,1,1.0,1,1.0,1,0.17641376503726763,59
4776,0,10221,3815,6406,0,0,0,1.0,1,1.0,1,1.0,1,0.17641376503726763,59
4777,2,10223,3816,6407,0,0,0,1.0,1,1.0,1,1.0,1,0.18260012292617786,60
4778,2,10225,3816,6409,0,0,0,1.0,1,1.0,1,1.0,1,0.15636049739207025,60
4779,3,10228,3816,6412,0,0,0,1.0,1,1.0,1,1.0,1,0.17911053700459448,61
4780,0,10228,3816,6412,0,0,0,1.0,1,1.0,1,1.0,1,0.18965158478445543,63
4781,3,10231,3816,6415,0,0,0,1.0,1,1.0,1,1.0,1,0.16130975435226014,62
4782,1,10232,3817,6415,0,0,0,1.0,1,1.0,1,1.0,1,0.18027829844002297,63
4783,2,10234,3818,6416,0,0,0,1.0,1,1.0,1,1.0,1,0.15951986431294504,62
4784,8,10242,3822,6420,0,0,0,1.0,1,1.0,1,1.0,1,0.1719448554729433,62
4785,4,10246,3824,6422,0,0,0,1.0,1,1.0,1,1.0,1,0.11850835437500738,62
4786,1,10247,3825,6422,0,0,0,1.0,1,1.0,1,1.0,1,0.13985551776524555,63
4787,2,10249,3826,6423,0,0,0,1.0,1,1.0,1,1.0,1,0.12690801075573913,62
4788,7,10256,3832,6424,0,0,0,1.0,1,1.0,1,1.0,1,0.1134974850765118,62
4789,4,10260,3834,6426,0,0,0,1.0,1,1.0,1,1.0,1,0.12509564660630124,60
4790,3,10263,3836,6427,0,0,0,1.0,1,1.0,1,1.0,1,0.13343149831956666,61
4791,2,10265,3837,6428,0,0,0,1.0,1,1.0,1,1.0,1,0.13741908873640832,60
4792,4,10269,3841,6428,0,0,0,1.0,1,1.0,1,1.0,1,0.19464003449247672,60
4793,1,10270,3842,6428,0,0,0,1.0,1,1.0,1,1.0,1,0.18577435195852438,61
4794,4,10274,3845,6429,0,0,0,1.0,1,1.0,1,1.0,1,0.2307636639068209,59
4795,5,10279,3846,6433,0,0,0,1.0,1,1.0,1,1.0,1,0.22070851559737864,61
4796,1,10280,3847,6433,0,0,0,1.0,1,1.0,1,1.0,1,0.23064043003986986,59
4797,2,10282,3848,6434,0,0,0,1.0,1,1.0,1,1.0,1,0.20917263430113198,58
4798,1,10283,3849,6434,0,0,0,1.0,1,1.0,1,1.0,1,0.20058416698357906,59
4799,2,10285,3850,6435,0,0,0,1.0,1,1.0,1,1.0,1,0.18720207473825953,57
4800,4,10289,3851,6438,0,0,0,1.0,1,1.0,1,1.0,1,0.166001113693545,58
4801,3,10292,3852,6440,0,0,0,1.0,1,1.0,1,1.0,1,0.12670492399180436,57
4802,2,10294,3853,6441,0,0,0,1.0,1,1.0,1,1.0,1,0.12313926684385515,57
4803,0,10294,3853,6441,0,0,0,1.0,1,1.0,1,1.0,1,0.11494981073356414,56
4804,1,10295,3853,6442,0,0,0,1.0,1,1.0,1,1.0,1,0.09292544999430694,54
4805,1,10296,3854,6442,0,0,0,1.0,1,1.0,1,1.0,1,0.13459769667438343,56
4806,0,10296,3854,6442,0,0,0,1.0,1,1.0,1,1.0,1,0.13680253037582238,55
4807,2,10298,3855,6443,0,0,0,1.0,1,1.0,1,1.0,1,0.11704807807081292,54
4808,0,10298,3855,6443,0,0,0,1.0,1,1.0,1,1.0,1,0.14105480413699237,53
4809,1,10299,3856,6443,0,0,0,1.0,1,1.0,1,1.0,1,0.165909828034585,53
4810,1,10300,3857,6443,0,0,0,1.0,1,1.0,1,1.0,1,0.1720191045982553,51
4811,1,10301,3858,6443,0,0,0,1.0,1,1.0,1,1.0,1,0.17383073067028923,52
4812,0,10301,3858,6443,0,0,0,1.0,1,1.0,1,1.0,1,0.1793537085212967,52
4813,1,10302,3859,6443,0,0,0,1.0,1,1.0,1,1.0,1,0.1828145886354593,52
4814,6,10308,3863,6445,0,0,0,1.0,1,1.0,1,1.0,1,0.21838144988644032,53
4815,3,10311,3865,6446,0,0,0,1.0,1,1.0,1,1.0,1,0.21023982297227534,54
4816,1,10312,3865,6447,0,0,0,1.0,1,1.0,1,1.0,1,0.21371071636534922,54
4817,9,10321,3869,6452,0,0,0,1.0,1,1.0,1,1.0,1,0.2939788510695215,55
4818,6,10327,3871,6456,0,0,0,1.0,1,1.0,1,1.0,1,0.2565255019022212,55
4819,2,10329,3872,6457,0,0,0,1.0,1,1.0,1,1.0,1,0.2613816994150987,55
4820,2,10331,3873,6458,0,0,0,1.0,1,1.0,1,1.0,1,0.2689915999240943,55
4821,7,10338,3875,6463,0,0,0,1.0,1,1.0,1,1.0,1,0.2033015523683118,55
4822,1,10339,3876,6463,0,0,0,1.0,1,1.0,1,1.0,1,0.17824436094880752,54
4823,3,10342,3876,6466,0,0,0,1.0,1,1.0,1,1.0,1,0.11163543993802748,54
4824,2,10344,3877,6467,0,0,0,1.0,1,1.0,1,1.0,1,0.09236529975851898,55
4825,1,10345,3878,6467,0,0,0,1.0,1,1.0,1,1.0,1,0.12329911317461514,53
4826,2,10347,3880,6467,0,0,0,1.0,1,1.0,1,1.0,1,0.11357499505540991,54
4827,0,10347,3880,6467,0,0,0,1.0,1,1.0,1,1.0,1,0.1314643842889564,53
4828,2,10349,3881,6468,0,0,0,1.0,1,1.0,1,1.0,1,0.09000870699276077,54
4829,0,10349,3881,6468,0,0,0,1.0,1,1.0,1,1.0,1,0.09096332237909088,54
4830,2,10351,3883,6468,0,0,0,1.0,1,1.0,1,1.0,1,0.14192328557590214,53
4831,1,10352,3884,6468,0,0,0,1.0,1,1.0,1,1.0,1,0.1586020569562887,52
4832,0,10352,3884,6468,0,0,0,1.0,1,1.0,1,1.0,1,0.16849818953868986,50
4833,0,10352,3884,6468,0,0,0,1.0,1,1.0,1,1.0,1,0.17652164004349688,51
4834,1,10353,3885,6468,0,0,0,1.0,1,1.0,1,1.0,1,0.23397729189132677,51
4835,0,10353,3885,6468,0,0,0,1.0,1,1.0,1,1.0,1,0.22868682903661305,50
4836,1,10354,3886,6468,0,0,0,1.0,1,1.0,1,1.0,1,0.29182373472386863,50
4837,3,10357,3888,6469,0,0,0,1.0,1,1.0,1,1.0,1,0.2465459398842511,46
4838,3,10360,3891,6469,0,0,0,1.0,1,1.0,1,1.0,1,0.27469781013514044,47
4839,1,10361,3892,6469,0,0,0,1.0,1,1.0,1,1.0,1,0.25375809492450596,45
4840,1,10362,3893,6469,0,0,0,1.0,1,1.0,1,1.0,1,0.27649580530591306,45
4841,6,10368,3895,6473,0,0,0,1.0,1,1.0,1,1.0,1,0.24476269972355336,43
4842,0,10368,3895,6473,0,0,0,1.0,1,1.0,1,1.0,1,0.21605128031029802,43
4843,1,10369,3896,6473,0,0,0,1.0,1,1.0,1,1.0,1,0.23447332623519035,44
4844,2,10371,3896,6475,0,0,0,1.0,1,1.0,1,1.0,1,0.21260361693170088,43
4845,2,10373,3898,6475,0,0,0,1.0,1,1.0,1,1.0,1,0.2439832067272029,44
4846,1,10374,3898,6476,0,0,0,1.0,1,1.0,1,1.0,1,0.20878580535529342,43
4847,1,10375,3899,6476,0,0,0,1.0,1,1.0,1,1.0,1,0.26508993451355317,42
4848,3,10378,3902,6476,0,0,0,1.0,1,1.0,1,1.0,1,0.2953135468334908,41
4849,2,10380,3903,6477,0,0,0,1.0,1,1.0,1,1.0,1,0.23231113333971196,41
4850,0,10380,3903,6477,0,0,0,1.0,1,1.0,1,1.0,1,0.27269242424077317,41
4851,1,10381,3903,6478,0,0,0,1.0,1,1.0,1,1.0,1,0.23634238974225374,41
4852,0,10381,3903,6478,0,0,0,1.0,1,1.0,1,1.0,1,0.2513695213710917,43
4853,1,10382,3904,6478,0,0,0,1.0,1,1.0,1,1.0,1,0.28803101319638136,44
4854,1,10383,3905,6478,0,0,0,1.0,1,1.0,1,1.0,1,0.32949427443636875,45
4855,1,10384,3906,6478,0,0,0,1.0,1,1.0,1,1.0,1,0.32898992853289116,44
4856,0,10384,3906,6478,0,0,0,1.0,1,1.0,1,1.0,1,0.32898992853289116,44
4857,2,10386,3906,6480,0,0,0,1.0,1,1.0,1,1.0,1,0.3016173684395512,44
4858,0,10386,3906,6480,0,0,0,1.0,1,1.0,1,1.0,1,0.30537767466547805,45
4859,1,10387,3906,6481,0,0,0,1.0,1,1.0,1,1.0,1,0.3056263543181785,46
4860,1,10388,3906,6482,0,0,0,1.0,1,1.0,1,1.0,1,0.30522136126479016,46
4861,2,10390,3906,6484,0,0,0,1.0,1,1.0,1,1.0,1,0.2585424150635036,46
4862,2,10392,3906,6486,0,0,0,1.0,1,1.0,1,1.0,1,0.24833933049848944,47
4863,1,10393,3907,6486,0,0,0,1.0,1,1.0,1,1.0,1,0.2648610018562407,47
4864,1,10394,3907,6487,0,0,0,1.0,1,1.0,1,1.0,1,0.25272127509784587,47
4865,5,10399,3907,6492,0,0,0,1.0,1,1.0,1,1.0,1,0.18208159998981133,48
4866,0,10399,3907,6492,0,0,0,1.0,1,1.0,1,1.0,1,0.18549422056619685,49
4867,1,10400,3907,6493,0,0,0,1.0,1,1.0,1,1.0,1,0.18169420186771607,50
4868,2,10402,3909,6493,0,0,0,1.0,1,1.0,1,1.0,1,0.18246602400982673,50
4869,0,10402,3909,6493,0,0,0,1.0,1,1.0,1,1.0,1,0.18246602400982673,50
4870,6,10408,3912,6496,0,0,0,1.0,1,1.0,1,1.0,1,0.1971658444512952,52
4871,2,10410,3912,6498,0,0,0,1.0,1,1.0,1,1.0,1,0.17147907948051494,52
4872,2,10412,3913,6499,0,0,0,1.0,1,1.0,1,1.0,1,0.1520197736205307,53
4873,7,10419,3914,6505,0,0,0,1.0,1,1.0,1,1.0,1,0.1563087114591962,55
4874,0,10419,3914,6505,0,0,0,1.0,1,1.0,1,1.0,1,0.16814596170730112,56
4875,2,10421,3915,6506,0,0,0,1.0,1,1.0,1,1.0,1,0.18343748934854917,55
4876,4,10425,3917,6508,0,0,0,1.0,1,1.0,1,1.0,1,0.2187590389284212,55
4877,1,10426,3918,6508,0,0,0,1.0,1,1.0,1,1.0,1,0.22948499714627335,54
4878,2,10428,3918,6510,0,0,0,1.0,1,1.0,1,1.0,1,0.24693088653414377,53
4879,5,10433,3920,6513,0,0,0,1.0,1,1.0,1,1.0,1,0.27934860224191554,54
4880,3,10436,3921,6515,0,0,0,1.0,1,1.0,1,1.0,1,0.285591285196976,54
4881,1,10437,3921,6516,0,0,0,1.0,1,1.0,1,1.0,1,0.25535588305292284,53
4882,2,10439,3922,6517,0,0,0,1.0,1,1.0,1,1.0,1,0.27282788582360407,53
4883,2,10441,3923,6518,0,0,0,1.0,1,1.0,1,1.0,1,0.2886395702251802,53
4884,0,10441,3923,6518,0,0,0,1.0,1,1.0,1,1.0,1,0.2736665597183261,51
4885,1,10442,3924,6518,0,0,0,1.0,1,1.0,1,1.0,1,0.28695559535924803,50
4886,0,10442,3924,6518,0,0,0,1.0,1,1.0,1,1.0,1,0.26930985921661543,48
4887,0,10442,3924,6518,0,0,0,1.0,1,1.0,1,1.0,1,0.26930985921661543,48
4888,1,10443,3925,6518,0,0,0,1.0,1,1.0,1,1.0,1,0.2780337527046654,48
4889,0,10443,3925,6518,0,0,0,1.0,1,1.0,1,1.0,1,0.2780337527046654,48
4890,0,10443,3925,6518,0,0,0,1.0,1,1.0,1,1.0,1,0.28612710451556606,49
4891,1,10444,3926,6518,0,0,0,1.0,1,1.0,1,1.0,1,0.3310146412978358,50
4892,0,10444,3926,6518,0,0,0,1.0,1,1.0,1,1.0,1,0.34916927215230464,49
4893,0,10444,3926,6518,0,0,0,1.0,1,1.0,1,1.0,1,0.3571880851324783,50
4894,1,10445,3926,6519,0,0,0,1.0,1,1.0,1,1.0,1,0.3447043062620515,51
4895,2,10447,3926,6521,0,0,0,1.0,1,1.0,1,1.0,1,0.33637515493090653,52
4896,3,10450,3927,6523,0,0,0,1.0,1,1.0,1,1.0,1,0.2856379367763261,53
4897,0,10450,3927,6523,0,0,0,1.0,1,1.0,1,1.0,1,0.2856379367763261,53
4898,2,10452,3929,6523,0,0,0,1.0,1,1.0,1,1.0,1,0.27513388896313307,53
4899,3,10455,3930,6525,0,0,0,1.0,1,1.0,1,1.0,1,0.24360144316328983,55
4900,3,10458,3931,6527,0,0,0,1.0,1,1.0,1,1.0,1,0.26495726093470295,55
4901,5,10463,3932,6531,0,0,0,1.0,1,1.0,1,1.0,1,0.19225723113019644,56
4902,3,10466,3934,6532,0,0,0,1.0,1,1.0,1,1.0,1,0.23717798160408524,58
4903,2,10468,3936,6532,0,0,0,1.0,1,1.0,1,1.0,1,0.22515215216188533,58
4904,2,10470,3937,6533,0,0,0,1.0,1,1.0,1,1.0,1,0.22894651933253735,57
4905,0,10470,3937,6533,0,0,0,1.0,1,1.0,1,1.0,1,0.2542997178275005,54
4906,1,10471,3938,6533,0,0,0,1.0,1,1.0,1,1.0,1,0.2588468074444556,55
4907,1,10472,3938,6534,0,0,0,1.0,1,1.0,1,1.0,1,0.28341052170597303,52
4908,2,10474,3939,6535,0,0,0,1.0,1,1.0,1,1.0,1,0.2625952386489703,53
4909,0,10474,3939,6535,0,0,0,1.0,1,1.0,1,1.0,1,0.2699937388038136,52
4910,1,10475,3939,6536,0,0,0,1.0,1,1.0,1,1.0,1,0.2729342037952243,53
4911,0,10475,3939,6536,0,0,0,1.0,1,1.0,1,1.0,1,0.26995406990106574,55
4912,2,10477,3940,6537,0,0,0,1.0,1,1.0,1,1.0,1,0.27448613708020897,54
4913,0,10477,3940,6537,0,0,0,1.0,1,1.0,1,1.0,1,0.26547727882235167,53
4914,1,10478,3941,6537,0,0,0,1.0,1,1.0,1,1.0,1,0.2689006725033607,53
4915,2,10480,3943,6537,0,0,0,1.0,1,1.0,1,1.0,1,0.2703223889979761,54
4916,1,10481,3944,6537,0,0,0,1.0,1,1.0,1,1.0,1,0.2576212639404541,52
4917,1,10482,3945,6537,0,0,0,1.0,1,1.0,1,1.0,1,0.252438470886254,52
4918,0,10482,3945,6537,0,0,0,1.0,1,1.0,1,1.0,1,0.24883692722874484,51
4919,0,10482,3945,6537,0,0,0,1.0,1,1.0,1,1.0,1,0.2645347078087037,50
4920,1,10483,3945,6538,0,0,0,1.0,1,1.0,1,1.0,1,0.2612748733211123,51
4921,1,10484,3946,6538,0,0,0,1.0,1,1.0,1,1.0,1,0.26420761757373645,51
4922,3,10487,3947,6540,0,0,0,1.0,1,1.0,1,1.0,1,0.2895472625311971,53
4923,2,10489,3948,6541,0,0,0,1.0,1,1.0,1,1.0,1,0.272530246091624,53
4924,3,10492,3949,6543,0,0,0,1.0,1,1.0,1,1.0,1,0.25320176756178114,55
4925,3,10495,3951,6544,0,0,0,1.0,1,1.0,1,1.0,1,0.24862459385313743,56
4926,1,10496,3951,6545,0,0,0,1.0,1,1.0,1,1.0,1,0.2319363961470653,55
4927,2,10498,3953,6545,0,0,0,1.0,1,1.0,1,1.0,1,0.2464886108508627,55
4928,0,10498,3953,6545,0,0,0,1.0,1,1.0,1,1.0,1,0.2464886108508627,55
4929,1,10499,3953,6546,0,0,0,1.0,1,1.0,1,1.0,1,0.21306040390171196,56
4930,2,10501,3955,6546,0,0,0,1.0,1,1.0,1,1.0,1,0.255727835245917,58
4931,1,10502,3955,6547,0,0,0,1.0,1,1.0,1,1.0,1,0.23330432946807822,59
4932,1,10503,3955,6548,0,0,0,1.0,1,1.0,1,1.0,1,0.24388557776065642,60
4933,1,10504,3955,6549,0,0,0,1.0,1,1.0,1,1.0,1,0.22556950208182242,60
4934,0,10504,3955,6549,0,0,0,1.0,1,1.0,1,1.0,1,0.22556950208182242,60
4935,0,10504,3955,6549,0,0,0,1.0,1,1.0,1,1.0,1,0.22556950208182242,60
4936,0,10504,3955,6549,0,0,0,1.0,1,1.0,1,1.0,1,0.21078741377060856,61
4937,3,10507,3955,6552,0,0,0,1.0,1,1.0,1,1.0,1,0.19733863553270456,62
4938,3,10510,3956,6554,0,0,0,1.0,1,1.0,1,1.0,1,0.14668265573195693,62
4939,4,10514,3960,6554,0,0,0,1.0,1,1.0,1,1.0,1,0.15031904249838704,64
4940,2,10516,3960,6556,0,0,0,1.0,1,1.0,1,1.0,1,0.13002750113016323,67
4941,1,10517,3960,6557,0,0,0,1.0,1,1.0,1,1.0,1,0.132531043495125,66
4942,2,10519,3962,6557,0,0,0,1.0,1,1.0,1,1.0,1,0.15601189992275974,67
4943,1,10520,3963,6557,0,0,0,1.0,1,1.0,1,1.0,1,0.18553713565670601,65
4944,4,10524,3965,6559,0,0,0,1.0,1,1.0,1,1.0,1,0.17224475231179134,65
4945,2,10526,3967,6559,0,0,0,1.0,1,1.0,1,1.0,1,0.19091271993411277,62
4946,3,10529,3969,6560,0,0,0,1.0,1,1.0,1,1.0,1,0.20036564013176084,61
4947,1,10530,3970,6560,0,0,0,1.0,1,1.0,1,1.0,1,0.20504217146382617,59
4948,3,10533,3973,6560,0,0,0,1.0,1,1.0,1,1.0,1,0.2600301082557258,59
4949,3,10536,3973,6563,0,0,0,1.0,1,1.0,1,1.0,1,0.22700168062185463,57
4950,10,10546,3979,6567,0,0,0,1.0,1,1.0,1,1.0,1,0.2249828138072055,58
4951,4,10550,3982,6568,0,0,0,1.0,1,1.0,1,1.0,1,0.21272542311016596,55
4952,4,10554,3985,6569,0,0,0,1.0,1,1.0,1,1.0,1,0.23106137857695583,53
4953,2,10556,3987,6569,0,0,0,1.0,1,1.0,1,1.0,1,0.272676412362464,54
4954,1,10557,3987,6570,0,0,0,1.0,1,1.0,1,1.0,1,0.23221134674544086,52
4955,0,10557,3987,6570,0,0,0,1.0,1,1.0,1,1.0,1,0.23284682691467168,51
4956,0,10557,3987,6570,0,0,0,1.0,1,1.0,1,1.0,1,0.2568294422354626,47
4957,1,10558,3987,6571,0,0,0,1.0,1,1.0,1,1.0,1,0.2617647454661612,48
4958,0,10558,3987,6571,0,0,0,1.0,1,1.0,1,1.0,1,0.2569237004234423,47
4959,0,10558,3987,6571,0,0,0,1.0,1,1.0,1,1.0,1,0.2569237004234423,47
4960,0,10558,3987,6571,0,0,0,1.0,1,1.0,1,1.0,1,0.2629070449446667,48
4961,6,10564,3989,6575,0,0,0,1.0,1,1.0,1,1.0,1,0.21871453944629723,49
4962,2,10566,3989,6577,0,0,0,1.0,1,1.0,1,1.0,1,0.1743395786422531,49
4963,0,10566,3989,6577,0,0,0,1.0,1,1.0,1,1.0,1,0.18617923223274965,51
4964,5,10571,3991,6580,0,0,0,1.0,1,1.0,1,1.0,1,0.19176795970138877,51
4965,2,10573,3992,6581,0,0,0,1.0,1,1.0,1,1.0,1,0.18580744081676362,51
4966,2,10575,3992,6583,0,0,0,1.0,1,1.0,1,1.0,1,0.16635257504506118,51
4967,2,10577,3993,6584,0,0,0,1.0,1,1.0,1,1.0,1,0.199515334888615,51
4968,4,10581,3994,6587,0,0,0,1.0,1,1.0,1,1.0,1,0.20902118951755197,52
4969,4,10585,3995,6590,0,0,0,1.0,1,1.0,1,1.0,1,0.21308005346665757,53
4970,2,10587,3995,6592,0,0,0,1.0,1,1.0,1,1.0,1,0.22522621466684783,54
4971,2,10589,3995,6594,0,0,0,1.0,1,1.0,1,1.0,1,0.19931229831364758,55
4972,4,10593,3995,6598,0,0,0,1.0,1,1.0,1,1.0,1,0.23350476495156675,56
4973,5,10598,3995,6603,0,0,0,1.0,1,1.0,1,1.0,1,0.22910892832517174,57
4974,2,10600,3995,6605,0,0,0,1.0,1,1.0,1,1.0,1,0.22503147479865648,56
4975,4,10604,3996,6608,0,0,0,1.0,1,1.0,1,1.0,1,0.22386071279441683,57
4976,4,10608,3998,6610,0,0,0,1.0,1,1.0,1,1.0,1,0.18303791567777494,57
4977,4,10612,3998,6614,0,0,0,1.0,1,1.0,1,1.0,1,0.18303791567777494,57
4978,6,10618,4000,6618,0,0,0,1.0,1,1.0,1,1.0,1,0.15768515756320048,58
4979,2,10620,4001,6619,0,0,0,1.0,1,1.0,1,1.0,1,0.20097726419420534,58
4980,4,10624,4002,6622,0,0,0,1.0,1,1.0,1,1.0,1,0.20582724826266202,59
4981,5,10629,4004,6625,0,0,0,1.0,1,1.0,1,1.0,1,0.18252951255341973,60
4982,1,10630,4005,6625,0,0,0,1.0,1,1.0,1,1.0,1,0.1689770032103161,61
4983,2,10632,4007,6625,0,0,0,1.0,1,1.0,1,1.0,1,0.15059743337708523,61
4984,1,10633,4008,6625,0,0,0,1.0,1,1.0,1,1.0,1,0.15812385807426377,59
4985,0,10633,4008,6625,0,0,0,1.0,1,1.0,1,1.0,1,0.18059721589447433,58
4986,1,10634,4009,6625,0,0,0,1.0,1,1.0,1,1.0,1,0.1720069605670286,59
4987,1,10635,4010,6625,0,0,0,1.0,1,1.0,1,1.0,1,0.1891488239594767,58
4988,5,10640,4014,6626,0,0,0,1.0,1,1.0,1,1.0,1,0.23644816679667463,57
4989,4,10644,4015,6629,0,0,0,1.0,1,1.0,1,1.0,1,0.18384373463928655,54
4990,4,10648,4017,6631,0,0,0,1.0,1,1.0,1,1.0,1,0.18325399118396898,53
4991,4,10652,4020,6632,0,0,0,1.0,1,1.0,1,1.0,1,0.22780492198105926,52
4992,1,10653,4021,6632,0,0,0,1.0,1,1.0,1,1.0,1,0.2360386536893712,48
4993,0,10653,4021,6632,0,0,0,1.0,1,1.0,1,1.0,1,0.2360386536893712,48
4994,1,10654,4022,6632,0,0,0,1.0,1,1.0,1,1.0,1,0.24373437241610063,45
4995,3,10657,4024,6633,0,0,0,1.0,1,1.0,1,1.0,1,0.21565435395479998,45
4996,4,10661,4027,6634,0,0,0,1.0,1,1.0,1,1.0,1,0.20774082270108393,45
4997,1,10662,4028,6634,0,0,0,1.0,1,1.0,1,1.0,1,0.2435326097326775,42
4998,2,10664,4029,6635,0,0,0,1.0,1,1.0,1,1.0,1,0.2513135268936059,44
4999,4,10668,4031,6637,0,0,0,1.0,1,1.0,1,1.0,1,0.30562348508393083,44
5000,0,10668,4031,6637,0,0,0,1.0,1,1.0,1,1.0,1,0.31482729089563755,42
5001,3,10671,4032,6639,0,0,0,1.0,1,1.0,1,1.0,1,0.2858689551078113,42
5002,3,10674,4034,6640,0,0,0,1.0,1,1.0,1,1.0,1,0.25751682095032385,41
5003,2,10676,4035,6641,0,0,0,1.0,1,1.0,1,1.0,1,0.28958272872038987,41
5004,0,10676,4035,6641,0,0,0,1.0,1,1.0,1,1.0,1,0.3135999272897052,41
5005,0,10676,4035,6641,0,0,0,1.0,1,1.0,1,1.0,1,0.3135999272897052,41
5006,1,10677,4035,6642,0,0,0,1.0,1,1.0,1,1.0,1,0.28597087148114986,42
5007,0,10677,4035,6642,0,0,0,1.0,1,1.0,1,1.0,1,0.292064021254633,43
5008,1,10678,4035,6643,0,0,0,1.0,1,1.0,1,1.0,1,0.258777670823966,46
5009,0,10678,4035,6643,0,0,0,1.0,1,1.0,1,1.0,1,0.258777670823966,46
5010,2,10680,4035,6645,0,0,0,1.0,1,1.0,1,1.0,1,0.237656202046906,46
5011,0,10680,4035,6645,0,0,0,1.0,1,1.0,1,1.0,1,0.24919004705093262,47
5012,0,10680,4035,6645,0,0,0,1.0,1,1.0,1,1.0,1,0.2596206126753763,48
5013,0,10680,4035,6645,0,0,0,1.0,1,1.0,1,1.0,1,0.2596206126753763,48
5014,0,10680,4035,6645,0,0,0,1.0,1,1.0,1,1.0,1,0.2601531758142086,49
5015,3,10683,4036,6647,0,0,0,1.0,1,1.0,1,1.0,1,0.2607829769412194,50
5016,3,10686,4038,6648,0,0,0,1.0,1,1.0,1,1.0,1,0.3158668229912315,51
5017,2,10688,4038,6650,0,0,0,1.0,1,1.0,1,1.0,1,0.3158668229912315,51
5018,2,10690,4039,6651,0,0,0,1.0,1,1.0,1,1.0,1,0.2965173153253666,51
5019,3,10693,4040,6653,0,0,0,1.0,1,1.0,1,1.0,1,0.296804260516916,51
5020,0,10693,4040,6653,0,0,0,1.0,1,1.0,1,1.0,1,0.296804260516916,51
5021,5,10698,4040,6658,0,0,0,1.0,1,1.0,1,1.0,1,0.24905986243563374,52
5022,2,10700,4041,6659,0,0,0,1.0,1,1.0,1,1.0,1,0.22558273570040746,52
5023,4,10704,4044,6660,0,0,0,1.0,1,1.0,1,1.0,1,0.26434162826248403,52
5024,5,10709,4047,6662,0,0,0,1.0,1,1.0,1,1.0,1,0.2873979565980318,51
5025,0,10709,4047,6662,0,0,0,1.0,1,1.0,1,1.0,1,0.274397211560085,50
5026,2,10711,4049,6662,0,0,0,1.0,1,1.0,1,1.0,1,0.31942367950255907,49
5027,0,10711,4049,6662,0,0,0,1.0,1,1.0,1,1.0,1,0.3310463611527351,47
5028,3,10714,4050,6664,0,0,0,1.0,1,1.0,1,1.0,1,0.3404393746133444,47
5029,1,10715,4051,6664,0,0,0,1.0,1,1.0,1,1.0,1,0.3427464919096656,46
5030,0,10715,4051,6664,0,0,0,1.0,1,1.0,1,1.0,1,0.3264614338087225,48
5031,2,10717,4053,6664,0,0,0,1.0,1,1.0,1,1.0,1,0.37738489621250976,46
5032,2,10719,4054,6665,0,0,0,1.0,1,1.0,1,1.0,1,0.4108748744092676,46
5033,3,10722,4055,6667,0,0,0,1.0,1,1.0,1,1.0,1,0.3786305238702399,47
5034,1,10723,4056,6667,0,0,0,1.0,1,1.0,1,1.0,1,0.3717759020531336,48
5035,0,10723,4056,6667,0,0,0,1.0,1,1.0,1,1.0,1,0.36241402743007806,47
5036,0,10723,4056,6667,0,0,0,1.0,1,1.0,1,1.0,1,0.36241402743007806,47
5037,0,10723,4056,6667,0,0,0,1.0,1,1.0,1,1.0,1,0.3684708443592038,47
5038,1,10724,4057,6667,0,0,0,1.0,1,1.0,1,1.0,1,0.4009139267201532,48
5039,0,10724,4057,6667,0,0,0,1.0,1,1.0,1,1.0,1,0.39364138391522246,47
5040,0,10724,4057,6667,0,0,0,1.0,1,1.0,1,1.0,1,0.3975819368775237,48
5041,6,10730,4058,6672,0,0,0,1.0,1,1.0,1,1.0,1,0.2989772745877588,49
5042,1,10731,4058,6673,0,0,0,1.0,1,1.0,1,1.0,1,0.2915183479688734,50
5043,1,10732,4058,6674,0,0,0,1.0,1,1.0,1,1.0,1,0.26460275028645064,51
5044,1,10733,4058,6675,0,0,0,1.0,1,1.0,1,1.0,1,0.2552963060117398,51
5045,0,10733,4058,6675,0,0,0,1.0,1,1.0,1,1.0,1,0.2552963060117398,51
5046,3,10736,4058,6678,0,0,0,1.0,1,1.0,1,1.0,1,0.24316433565707612,52
5047,5,10741,4058,6683,0,0,0,1.0,1,1.0,1,1.0,1,0.1892728069999351,52
5048,0,10741,4058,6683,0,0,0,1.0,1,1.0,1,1.0,1,0.1892728069999351,52
5049,0,10741,4058,6683,0,0,0,1.0,1,1.0,1,1.0,1,0.2244431293000549,52
5050,1,10742,4059,6683,0,0,0,1.0,1,1.0,1,1.0,1,0.22202685779612258,55
5051,0,10742,4059,6683,0,0,0,1.0,1,1.0,1,1.0,1,0.24182303902807545,55
5052,0,10742,4059,6683,0,0,0,1.0,1,1.0,1,1.0,1,0.24182303902807545,55
5053,1,10743,4059,6684,0,0,0,1.0,1,1.0,1,1.0,1,0.2366034028039399,54
5054,2,10745,4060,6685,0,0,0,1.0,1,1.0,1,1.0,1,0.23005248594152167,54
5055,1,10746,4060,6686,0,0,0,1.0,1,1.0,1,1.0,1,0.24040741010942748,54
5056,5,10751,4060,6691,0,0,0,1.0,1,1.0,1,1.0,1,0.19861805832069504,55
5057,2,10753,4060,6693,0,0,0,1.0,1,1.0,1,1.0,1,0.19455048051945723,56
5058,3,10756,4060,6696,0,0,0,1.0,1,1.0,1,1.0,1,0.19593238353259024,58
5059,4,10760,4060,6700,0,0,0,1.0,1,1.0,1,1.0,1,0.19718887027293863,58
5060,3,10763,4061,6702,0,0,0,1.0,1,1.0,1,1.0,1,0.18176376850841955,59
5061,3,10766,4061,6705,0,0,0,1.0,1,1.0,1,1.0,1,0.13788279240335324,58
5062,2,10768,4063,6705,0,0,0,1.0,1,1.0,1,1.0,1,0.14855414268755485,58
5063,2,10770,4065,6705,0,0,0,1.0,1,1.0,1,1.0,1,0.18529836786488293,57
5064,5,10775,4069,6706,0,0,0,1.0,1,1.0,1,1.0,1,0.24310123383293286,57
5065,1,10776,4070,6706,0,0,0,1.0,1,1.0,1,1.0,1,0.2504300808818206,56
5066,4,10780,4073,6707,0,0,0,1.0,1,1.0,1,1.0,1,0.30434621242221793,55
5067,5,10785,4074,6711,0,0,0,1.0,1,1.0,1,1.0,1,0.2807797655912635,54
5068,3,10788,4075,6713,0,0,0,1.0,1,1.0,1,1.0,1,0.32258726223378237,54
5069,4,10792,4075,6717,0,0,0,1.0,1,1.0,1,1.0,1,0.30208088053637167,53
5070,4,10796,4076,6720,0,0,0,1.0,1,1.0,1,1.0,1,0.325689241067932,53
5071,4,10800,4076,6724,0,0,0,1.0,1,1.0,1,1.0,1,0.3291336630842463,53
5072,2,10802,4077,6725,0,0,0,1.0,1,1.0,1,1.0,1,0.26479702368100005,53
5073,2,10804,4078,6726,0,0,0,1.0,1,1.0,1,1.0,1,0.2859683150714025,53
5074,1,10805,4078,6727,0,0,0,1.0,1,1.0,1,1.0,1,0.2384180096184,52
5075,0,10805,4078,6727,0,0,0,1.0,1,1.0,1,1.0,1,0.2384180096184,52
5076,0,10805,4078,6727,0,0,0,1.0,1,1.0,1,1.0,1,0.24438604416422366,55
5077,3,10808,4079,6729,0,0,0,1.0,1,1.0,1,1.0,1,0.3034613257135052,55
5078,1,10809,4079,6730,0,0,0,1.0,1,1.0,1,1.0,1,0.2970130222116119,55
5079,1,10810,4079,6731,0,0,0,1.0,1,1.0,1,1.0,1,0.31935043473478936,54
5080,5,10815,4079,6736,0,0,0,1.0,1,1.0,1,1.0,1,0.26784490828852503,55
5081,7,10822,4079,6743,0,0,0,1.0,1,1.0,1,1.0,1,0.19189805096379234,57
5082,2,10824,4080,6744,0,0,0,1.0,1,1.0,1,1.0,1,0.18400537946355952,57
5083,1,10825,4080,6745,0,0,0,1.0,1,1.0,1,1.0,1,0.18421973042852474,58
5084,1,10826,4080,6746,0,0,0,1.0,1,1.0,1,1.0,1,0.16811012673889697,58
5085,1,10827,4080,6747,0,0,0,1.0,1,1.0,1,1.0,1,0.16940930491959996,59
5086,2,10829,4081,6748,0,0,0,1.0,1,1.0,1,1.0,1,0.1681801540471878,60
5087,3,10832,4084,6748,0,0,0,1.0,1,1.0,1,1.0,1,0.21468676079640575,61
5088,4,10836,4085,6751,0,0,0,1.0,1,1.0,1,1.0,1,0.22644607991084295,62
5089,7,10843,4089,6754,0,0,0,1.0,1,1.0,1,1.0,1,0.22915187210439253,63
5090,2,10845,4089,6756,0,0,0,1.0,1,1.0,1,1.0,1,0.22915187210439253,63
5091,4,10849,4091,6758,0,0,0,1.0,1,1.0,1,1.0,1,0.26137765889615944,63
5092,3,10852,4091,6761,0,0,0,1.0,1,1.0,1,1.0,1,0.24994736871323936,63
5093,1,10853,4091,6762,0,0,0,1.0,1,1.0,1,1.0,1,0.23780928473032809,63
5094,2,10855,4092,6763,0,0,0,1.0,1,1.0,1,1.0,1,0.23340915880516666,64
5095,3,10858,4092,6766,0,0,0,1.0,1,1.0,1,1.0,1,0.24924786123460946,64
5096,6,10864,4093,6771,0,0,0,1.0,1,1.0,1,1.0,1,0.22000296745703585,67
5097,3,10867,4093,6774,0,0,0,1.0,1,1.0,1,1.0,1,0.2019773799817321,67
5098,1,10868,4094,6774,0,0,0,1.0,1,1.0,1,1.0,1,0.18353406784111914,68
5099,2,10870,4094,6776,0,0,0,1.0,1,1.0,1,1.0,1,0.19741027415064782,70
5100,3,10873,4094,6779,0,0,0,1.0,1,1.0,1,1.0,1,0.18627702854726838,71
5101,4,10877,4095,6782,0,0,0,1.0,1,1.0,1,1.0,1,0.15293269952430258,71
5102,3,10880,4098,6782,0,0,0,1.0,1,1.0,1,1.0,1,0.17492912810394098,70
5103,1,10881,4098,6783,0,0,0,1.0,1,1.0,1,1.0,1,0.17513735390265137,67
5104,3,10884,4101,6783,0,0,0,1.0,1,1.0,1,1.0,1,0.21626133206507925,67
5105,4,10888,4104,6784,0,0,0,1.0,1,1.0,1,1.0,1,0.22072858039657237,63
5106,3,10891,4106,6785,0,0,0,1.0,1,1.0,1,1.0,1,0.2503956865611657,63
5107,4,10895,4110,6785,0,0,0,1.0,1,1.0,1,1.0,1,0.29020223464196326,60
5108,3,10898,4112,6786,0,0,0,1.0,1,1.0,1,1.0,1,0.2912384245424538,56
5109,2,10900,4113,6787,0,0,0,1.0,1,1.0,1,1.0,1,0.3143971084770227,56
5110,5,10905,4116,6789,0,0,0,1.0,1,1.0,1,1.0,1,0.2770858791825305,52
5111,2,10907,4118,6789,0,0,0,1.0,1,1.0,1,1.0,1,0.2975665365835904,51
5112,1,10908,4119,6789,0,0,0,1.0,1,1.0,1,1.0,1,0.30178779133304984,50
5113,4,10912,4123,6789,0,0,0,1.0,1,1.0,1,1.0,1,0.32423366377134555,48
5114,3,10915,4125,6790,0,0,0,1.0,1,1.0,1,1.0,1,0.2661239223922206,46
5115,0,10915,4125,6790,0,0,0,1.0,1,1.0,1,1.0,1,0.25283474363810465,44
5116,1,10916,4126,6790,0,0,0,1.0,1,1.0,1,1.0,1,0.24358118298518386,44
5117,1,10917,4126,6791,0,0,0,1.0,1,1.0,1,1.0,1,0.23100985678002084,46
5118,2,10919,4128,6791,0,0,0,1.0,1,1.0,1,1.0,1,0.25645552679736705,46
5119,0,10919,4128,6791,0,0,0,1.0,1,1.0,1,1.0,1,0.25645552679736705,46
5120,2,10921,4130,6791,0,0,0,1.0,1,1.0,1,1.0,1,0.25602184206654,46
5121,6,10927,4131,6796,0,0,0,1.0,1,1.0,1,1.0,1,0.2077099836420559,46
5122,5,10932,4133,6799,0,0,0,1.0,1,1.0,1,1.0,1,0.22011532100120082,46
5123,2,10934,4134,6800,0,0,0,1.0,1,1.0,1,1.0,1,0.24982927877581462,45
5124,2,10936,4135,6801,0,0,0,1.0,1,1.0,1,1.0,1,0.25757582055296646,47
5125,2,10938,4135,6803,0,0,0,1.0,1,1.0,1,1.0,1,0.2488387184204505,50
5126,1,10939,4136,6803,0,0,0,1.0,1,1.0,1,1.0,1,0.2523257863704793,50
5127,4,10943,4137,6806,0,0,0,1.0,1,1.0,1,1.0,1,0.2142873723113025,52
5128,3,10946,4138,6808,0,0,0,1.0,1,1.0,1,1.0,1,0.21911365246574277,53
5129,1,10947,4138,6809,0,0,0,1.0,1,1.0,1,1.0,1,0.21836022809280403,55
5130,1,10948,4139,6809,0,0,0,1.0,1,1.0,1,1.0,1,0.2268588435054728,55
5131,0,10948,4139,6809,0,0,0,1.0,1,1.0,1,1.0,1,0.23477210558438802,54
5132,0,10948,4139,6809,0,0,0,1.0,1,1.0,1,1.0,1,0.24843005589713446,54
5133,1,10949,4140,6809,0,0,0,1.0,1,1.0,1,1.0,1,0.241520187664116,54
5134,0,10949,4140,6809,0,0,0,1.0,1,1.0,1,1.0,1,0.24812216046134755,53
5135,2,10951,4140,6811,0,0,0,1.0,1,1.0,1,1.0,1,0.2205186751202453,54
5136,0,10951,4140,6811,0,0,0,1.0,1,1.0,1,1.0,1,0.24713640074768845,54
5137,1,10952,4141,6811,0,0,0,1.0,1,1.0,1,1.0,1,0.24353341074318607,54
5138,3,10955,4143,6812,0,0,0,1.0,1,1.0,1,1.0,1,0.244281336987274,54
5139,1,10956,4144,6812,0,0,0,1.0,1,1.0,1,1.0,1,0.23842408117532188,55
5140,7,10963,4147,6816,0,0,0,1.0,1,1.0,1,1.0,1,0.19546891517124063,55
5141,3,10966,4148,6818,0,0,0,1.0,1,1.0,1,1.0,1,0.1663051774387465,53
5142,2,10968,4150,6818,0,0,0,1.0,1,1.0,1,1.0,1,0.17357872618742712,54
5143,2,10970,4152,6818,0,0,0,1.0,1,1.0,1,1.0,1,0.18446090006290541,52
5144,4,10974,4155,6819,0,0,0,1.0,1,1.0,1,1.0,1,0.20002558898106423,50
5145,1,10975,4156,6819,0,0,0,1.0,1,1.0,1,1.0,1,0.21114990957114257,49
5146,0,10975,4156,6819,0,0,0,1.0,1,1.0,1,1.0,1,0.21271938375617777,49
5147,1,10976,4157,6819,0,0,0,1.0,1,1.0,1,1.0,1,0.22712962280906474,46
5148,3,10979,4158,6821,0,0,0,1.0,1,1.0,1,1.0,1,0.20747499676620954,46
5149,0,10979,4158,6821,0,0,0,1.0,1,1.0,1,1.0,1,0.20458681748621588,45
5150,5,10984,4161,6823,0,0,0,1.0,1,1.0,1,1.0,1,0.22893108661203537,47
5151,0,10984,4161,6823,0,0,0,1.0,1,1.0,1,1.0,1,0.21493147920854122,46
5152,2,10986,4163,6823,0,0,0,1.0,1,1.0,1,1.0,1,0.22555917483697985,46
5153,1,10987,4164,6823,0,0,0,1.0,1,1.0,1,1.0,1,0.22280066721335784,45
5154,4,10991,4166,6825,0,0,0,1.0,1,1.0,1,1.0,1,0.26293629003015023,47
5155,2,10993,4167,6826,0,0,0,1.0,1,1.0,1,1.0,1,0.24260352673784225,47
5156,1,10994,4168,6826,0,0,0,1.0,1,1.0,1,1.0,1,0.2748116583932141,47
5157,3,10997,4170,6827,0,0,0,1.0,1,1.0,1,1.0,1,0.2849178893001638,46
5158,0,10997,4170,6827,0,0,0,1.0,1,1.0,1,1.0,1,0.2901766774781508,47
5159,2,10999,4170,6829,0,0,0,1.0,1,1.0,1,1.0,1,0.2482415696375834,49
5160,0,10999,4170,6829,0,0,0,1.0,1,1.0,1,1.0,1,0.24506879229768072,48
5161,3,11002,4170,6832,0,0,0,1.0,1,1.0,1,1.0,1,0.18224781518304056,48
5162,1,11003,4170,6833,0,0,0,1.0,1,1.0,1,1.0,1,0.1790720395268965,49
5163,0,11003,4170,6833,0,0,0,1.0,1,1.0,1,1.0,1,0.2061725422608008,51
5164,1,11004,4171,6833,0,0,0,1.0,1,1.0,1,1.0,1,0.19237364916166444,51
5165,1,11005,4171,6834,0,0,0,1.0,1,1.0,1,1.0,1,0.20547415827431822,52
5166,4,11009,4173,6836,0,0,0,1.0,1,1.0,1,1.0,1,0.1814271007627388,52
5167,2,11011,4174,6837,0,0,0,1.0,1,1.0,1,1.0,1,0.1727697440011235,52
5168,0,11011,4174,6837,0,0,0,1.0,1,1.0,1,1.0,1,0.1727697440011235,52
5169,3,11014,4176,6838,0,0,0,1.0,1,1.0,1,1.0,1,0.18397135758462277,53
5170,0,11014,4176,6838,0,0,0,1.0,1,1.0,1,1.0,1,0.18397135758462277,53
5171,0,11014,4176,6838,0,0,0,1.0,1,1.0,1,1.0,1,0.1741239578907836,52
5172,1,11015,4177,6838,0,0,0,1.0,1,1.0,1,1.0,1,0.17174968103045127,53
5173,4,11019,4177,6842,0,0,0,1.0,1,1.0,1,1.0,1,0.14523199746085005,54
5174,2,11021,4177,6844,0,0,0,1.0,1,1.0,1,1.0,1,0.13015555645076735,56
5175,3,11024,4178,6846,0,0,0,1.0,1,1.0,1,1.0,1,0.13877996487943584,58
5176,3,11027,4179,6848,0,0,0,1.0,1,1.0,1,1.0,1,0.12327569082942594,58
5177,1,11028,4179,6849,0,0,0,1.0,1,1.0,1,1.0,1,0.13558316582544966,59
5178,2,11030,4180,6850,0,0,0,1.0,1,1.0,1,1.0,1,0.16221811033302055,57
5179,3,11033,4180,6853,0,0,0,1.0,1,1.0,1,1.0,1,0.168035992982557,58
5180,1,11034,4181,6853,0,0,0,1.0,1,1.0,1,1.0,1,0.16732867585832734,56
5181,1,11035,4181,6854,0,0,0,1.0,1,1.0,1,1.0,1,0.13539784445608527,57
5182,2,11037,4183,6854,0,0,0,1.0,1,1.0,1,1.0,1,0.14080496808781312,56
5183,3,11040,4186,6854,0,0,0,1.0,1,1.0,1,1.0,1,0.20087011715076727,57
5184,4,11044,4188,6856,0,0,0,1.0,1,1.0,1,1.0,1,0.2077963119239978,56
5185,2,11046,4189,6857,0,0,0,1.0,1,1.0,1,1.0,1,0.23949603032490727,56
5186,3,11049,4192,6857,0,0,0,1.0,1,1.0,1,1.0,1,0.29640675273006223,54
5187,0,11049,4192,6857,0,0,0,1.0,1,1.0,1,1.0,1,0.2924350703104873,51
5188,2,11051,4193,6858,0,0,0,1.0,1,1.0,1,1.0,1,0.2939468463774327,50
5189,1,11052,4193,6859,0,0,0,1.0,1,1.0,1,1.0,1,0.2846892986418744,49
5190,1,11053,4194,6859,0,0,0,1.0,1,1.0,1,1.0,1,0.2798136201088663,50
5191,1,11054,4194,6860,0,0,0,1.0,1,1.0,1,1.0,1,0.2508208177101744,50
5192,4,11058,4196,6862,0,0,0,1.0,1,1.0,1,1.0,1,0.25034646335680544,49
5193,0,11058,4196,6862,0,0,0,1.0,1,1.0,1,1.0,1,0.26632013926520637,50
5194,4,11062,4197,6865,0,0,0,1.0,1,1.0,1,1.0,1,0.2753605635621009,51
5195,1,11063,4198,6865,0,0,0,1.0,1,1.0,1,1.0,1,0.28367519176875117,51
5196,0,11063,4198,6865,0,0,0,1.0,1,1.0,1,1.0,1,0.28367519176875117,51
5197,0,11063,4198,6865,0,0,0,1.0,1,1.0,1,1.0,1,0.28367519176875117,51
5198,0,11063,4198,6865,0,0,0,1.0,1,1.0,1,1.0,1,0.28367519176875117,51
5199,2,11065,4198,6867,0,0,0,1.0,1,1.0,1,1.0,1,0.26645378925936786,54
5200,3,11068,4199,6869,0,0,0,1.0,1,1.0,1,1.0,1,0.25273595654738623,54
5201,8,11076,4200,6876,0,0,0,1.0,1,1.0,1,1.0,1,0.14162049972224508,55
5202,2,11078,4200,6878,0,0,0,1.0,1,1.0,1,1.0,1,0.12804875855642295,56
5203,0,11078,4200,6878,0,0,0,1.0,1,1.0,1,1.0,1,0.12804875855642295,56
5204,0,11078,4200,6878,0,0,0,1.0,1,1.0,1,1.0,1,0.1399417946485538,58
5205,0,11078,4200,6878,0,0,0,1.0,1,1.0,1,1.0,1,0.1399417946485538,58
5206,1,11079,4200,6879,0,0,0,1.0,1,1.0,1,1.0,1,0.14909794736639276,58
5207,1,11080,4200,6880,0,0,0,1.0,1,1.0,1,1.0,1,0.15014475466483354,59
5208,1,11081,4201,6880,0,0,0,1.0,1,1.0,1,1.0,1,0.14632004055614697,58
5209,0,11081,4201,6880,0,0,0,1.0,1,1.0,1,1.0,1,0.14632004055614697,58
5210,0,11081,4201,6880,0,0,0,1.0,1,1.0,1,1.0,1,0.16372021716195917,57
5211,1,11082,4202,6880,0,0,0,1.0,1,1.0,1,1.0,1,0.1803056638691723,57
5212,2,11084,4202,6882,0,0,0,1.0,1,1.0,1,1.0,1,0.1869410028291349,59
5213,6,11090,4205,6885,0,0,0,1.0,1,1.0,1,1.0,1,0.22575834816901738,59
5214,5,11095,4206,6889,0,0,0,1.0,1,1.0,1,1.0,1,0.24937871394294045,59
5215,6,11101,4207,6894,0,0,0,1.0,1,1.0,1,1.0,1,0.2692948590342997,58
5216,5,11106,4207,6899,0,0,0,1.0,1,1.0,1,1.0,1,0.2548864486065104,59
5217,9,11115,4210,6905,0,0,0,1.0,1,1.0,1,1.0,1,0.2044292024320416,58
5218,8,11123,4215,6908,0,0,0,1.0,1,1.0,1,1.0,1,0.3058954078798655,58
5219,4,11127,4215,6912,0,0,0,1.0,1,1.0,1,1.0,1,0.2695121360923973,57
5220,5,11132,4215,6917,0,0,0,1.0,1,1.0,1,1.0,1,0.24087108639577773,56
5221,6,11138,4216,6922,0,0,0,1.0,1,1.0,1,1.0,1,0.19240247735975555,58
5222,0,11138,4216,6922,0,0,0,1.0,1,1.0,1,1.0,1,0.1965732520348985,56
5223,2,11140,4218,6922,0,0,0,1.0,1,1.0,1,1.0,1,0.27331516442087384,55
5224,1,11141,4218,6923,0,0,0,1.0,1,1.0,1,1.0,1,0.2752654255403103,56
5225,2,11143,4220,6923,0,0,0,1.0,1,1.0,1,1.0,1,0.29243889768416703,55
5226,1,11144,4221,6923,0,0,0,1.0,1,1.0,1,1.0,1,0.28166657508950316,55
5227,0,11144,4221,6923,0,0,0,1.0,1,1.0,1,1.0,1,0.27905873980787466,53
5228,0,11144,4221,6923,0,0,0,1.0,1,1.0,1,1.0,1,0.26518788671108273,51
5229,1,11145,4221,6924,0,0,0,1.0,1,1.0,1,1.0,1,0.2268084267314794,51
5230,0,11145,4221,6924,0,0,0,1.0,1,1.0,1,1.0,1,0.22949220151353045,51
5231,3,11148,4223,6925,0,0,0,1.0,1,1.0,1,1.0,1,0.22786713787650853,52
5232,3,11151,4225,6926,0,0,0,1.0,1,1.0,1,1.0,1,0.24553319933029755,52
5233,1,11152,4226,6926,0,0,0,1.0,1,1.0,1,1.0,1,0.26926830275717234,53
5234,3,11155,4227,6928,0,0,0,1.0,1,1.0,1,1.0,1,0.29134371160750216,53
5235,1,11156,4228,6928,0,0,0,1.0,1,1.0,1,1.0,1,0.300108637111704,53
5236,2,11158,4229,6929,0,0,0,1.0,1,1.0,1,1.0,1,0.2698651079316069,52
5237,0,11158,4229,6929,0,0,0,1.0,1,1.0,1,1.0,1,0.2949506864736271,52
5238,2,11160,4231,6929,0,0,0,1.0,1,1.0,1,1.0,1,0.2971551991991307,52
5239,0,11160,4231,6929,0,0,0,1.0,1,1.0,1,1.0,1,0.31574439624177364,51
5240,1,11161,4232,6929,0,0,0,1.0,1,1.0,1,1.0,1,0.32116619448524847,53
5241,7,11168,4232,6936,0,0,0,1.0,1,1.0,1,1.0,1,0.27255378994805,53
5242,1,11169,4232,6937,0,0,0,1.0,1,1.0,1,1.0,1,0.27366501444321295,51
5243,1,11170,4232,6938,0,0,0,1.0,1,1.0,1,1.0,1,0.25856926799402663,51
5244,6,11176,4234,6942,0,0,0,1.0,1,1.0,1,1.0,1,0.26314651349182727,52
5245,2,11178,4234,6944,0,0,0,1.0,1,1.0,1,1.0,1,0.2581931928313925,53
5246,7,11185,4237,6948,0,0,0,1.0,1,1.0,1,1.0,1,0.2566840361785809,53
5247,5,11190,4239,6951,0,0,0,1.0,1,1.0,1,1.0,1,0.30503374865646177,54
5248,5,11195,4240,6955,0,0,0,1.0,1,1.0,1,1.0,1,0.27670015562941563,54
5249,6,11201,4241,6960,0,0,0,1.0,1,1.0,1,1.0,1,0.3105078760595917,55
5250,6,11207,4241,6966,0,0,0,1.0,1,1.0,1,1.0,1,0.2831925268641449,57
5251,3,11210,4241,6969,0,0,0,1.0,1,1.0,1,1.0,1,0.26267554347363864,58
5252,6,11216,4242,6974,0,0,0,1.0,1,1.0,1,1.0,1,0.2551056690291378,58
5253,5,11221,4243,6978,0,0,0,1.0,1,1.0,1,1.0,1,0.2647155403997813,58
5254,4,11225,4243,6982,0,0,0,1.0,1,1.0,1,1.0,1,0.2773303727250958,59
5255,6,11231,4246,6985,0,0,0,1.0,1,1.0,1,1.0,1,0.30005198787000764,58
5256,8,11239,4246,6993,0,0,0,1.0,1,1.0,1,1.0,1,0.2889346846837325,58
5257,5,11244,4247,6997,0,0,0,1.0,1,1.0,1,1.0,1,0.28826287296457187,57
5258,6,11250,4247,7003,0,0,0,1.0,1,1.0,1,1.0,1,0.29963142940586546,55
5259,3,11253,4247,7006,0,0,0,1.0,1,1.0,1,1.0,1,0.30610886393104425,56
5260,2,11255,4247,7008,0,0,0,1.0,1,1.0,1,1.0,1,0.2863132265621312,55
5261,4,11259,4248,7011,0,0,0,1.0,1,1.0,1,1.0,1,0.26466162737414245,54
5262,1,11260,4249,7011,0,0,0,1.0,1,1.0,1,1.0,1,0.2860459921038789,54
5263,7,11267,4253,7014,0,0,0,1.0,1,1.0,1,1.0,1,0.2816737723126359,55
5264,3,11270,4254,7016,0,0,0,1.0,1,1.0,1,1.0,1,0.3110097241500865,53
5265,4,11274,4257,7017,0,0,0,1.0,1,1.0,1,1.0,1,0.3300187546443161,52
5266,0,11274,4257,7017,0,0,0,1.0,1,1.0,1,1.0,1,0.32570633067993104,49
5267,2,11276,4258,7018,0,0,0,1.0,1,1.0,1,1.0,1,0.33335763441515154,49
5268,2,11278,4258,7020,0,0,0,1.0,1,1.0,1,1.0,1,0.31819367420457945,46
5269,0,11278,4258,7020,0,0,0,1.0,1,1.0,1,1.0,1,0.3418254194553023,45
5270,2,11280,4260,7020,0,0,0,1.0,1,1.0,1,1.0,1,0.33089720818178175,46
5271,3,11283,4263,7020,0,0,0,1.0,1,1.0,1,1.0,1,0.327907342664099,46
5272,2,11285,4263,7022,0,0,0,1.0,1,1.0,1,1.0,1,0.27573800523419095,45
5273,2,11287,4265,7022,0,0,0,1.0,1,1.0,1,1.0,1,0.2916139461520958,45
5274,3,11290,4266,7024,0,0,0,1.0,1,1.0,1,1.0,1,0.2592869964514177,45
5275,3,11293,4268,7025,0,0,0,1.0,1,1.0,1,1.0,1,0.248992722223858,46
5276,3,11296,4271,7025,0,0,0,1.0,1,1.0,1,1.0,1,0.31080019991195856,45
5277,1,11297,4272,7025,0,0,0,1.0,1,1.0,1,1.0,1,0.31677987042380357,45
5278,2,11299,4274,7025,0,0,0,1.0,1,1.0,1,1.0,1,0.3104195805586016,44
5279,1,11300,4275,7025,0,0,0,1.0,1,1.0,1,1.0,1,0.3428224404676105,45
5280,1,11301,4276,7025,0,0,0,1.0,1,1.0,1,1.0,1,0.33809434191562693,46
5281,7,11308,4276,7032,0,0,0,1.0,1,1.0,1,1.0,1,0.24940703874386366,46
5282,1,11309,4276,7033,0,0,0,1.0,1,1.0,1,1.0,1,0.2433034084752245,47
5283,1,11310,4276,7034,0,0,0,1.0,1,1.0,1,1.0,1,0.23813434470823194,48
5284,1,11311,4276,7035,0,0,0,1.0,1,1.0,1,1.0,1,0.2207062861980727,48
5285,0,11311,4276,7035,0,0,0,1.0,1,1.0,1,1.0,1,0.2002541503897797,48
5286,2,11313,4276,7037,0,0,0,1.0,1,1.0,1,1.0,1,0.18131322766823763,50
5287,1,11314,4276,7038,0,0,0,1.0,1,1.0,1,1.0,1,0.17787973257851436,50
5288,0,11314,4276,7038,0,0,0,1.0,1,1.0,1,1.0,1,0.17357723294247265,51
5289,0,11314,4276,7038,0,0,0,1.0,1,1.0,1,1.0,1,0.17357723294247265,51
5290,0,11314,4276,7038,0,0,0,1.0,1,1.0,1,1.0,1,0.18485853872491148,52
5291,2,11316,4277,7039,0,0,0,1.0,1,1.0,1,1.0,1,0.19652751010660532,52
5292,0,11316,4277,7039,0,0,0,1.0,1,1.0,1,1.0,1,0.2067744156314681,53
5293,1,11317,4278,7039,0,0,0,1.0,1,1.0,1,1.0,1,0.25265339141127857,51
5294,1,11318,4279,7039,0,0,0,1.0,1,1.0,1,1.0,1,0.26138278517739827,50
5295,0,11318,4279,7039,0,0,0,1.0,1,1.0,1,1.0,1,0.2951858825986757,49
5296,4,11322,4281,7041,0,0,0,1.0,1,1.0,1,1.0,1,0.345016134958096,48
5297,1,11323,4281,7042,0,0,0,1.0,1,1.0,1,1.0,1,0.35528399999210686,46
5298,1,11324,4281,7043,0,0,0,1.0,1,1.0,1,1.0,1,0.3520466052083288,46
5299,0,11324,4281,7043,0,0,0,1.0,1,1.0,1,1.0,1,0.35352472871122714,47
5300,2,11326,4281,7045,0,0,0,1.0,1,1.0,1,1.0,1,0.3372722630976886,48
5301,2,11328,4281,7047,0,0,0,1.0,1,1.0,1,1.0,1,0.3124621560793565,48
5302,6,11334,4285,7049,0,0,0,1.0,1,1.0,1,1.0,1,0.30025245633426645,49
5303,4,11338,4287,7051,0,0,0,1.0,1,1.0,1,1.0,1,0.2986373831499037,48
5304,0,11338,4287,7051,0,0,0,1.0,1,1.0,1,1.0,1,0.3089362885205029,48
5305,2,11340,4289,7051,0,0,0,1.0,1,1.0,1,1.0,1,0.3289182283444167,47
5306,4,11344,4291,7053,0,0,0,1.0,1,1.0,1,1.0,1,0.3268475137430145,48
5307,3,11347,4291,7056,0,0,0,1.0,1,1.0,1,1.0,1,0.29698801210379805,48
5308,2,11349,4292,7057,0,0,0,1.0,1,1.0,1,1.0,1,0.298366974391678,47
5309,1,11350,4293,7057,0,0,0,1.0,1,1.0,1,1.0,1,0.33375121008953584,46
5310,1,11351,4293,7058,0,0,0,1.0,1,1.0,1,1.0,1,0.31639287323545956,46
5311,1,11352,4293,7059,0,0,0,1.0,1,1.0,1,1.0,1,0.2952410382987888,46
5312,1,11353,4294,7059,0,0,0,1.0,1,1.0,1,1.0,1,0.33431469542248765,46
5313,1,11354,4294,7060,0,0,0,1.0,1,1.0,1,1.0,1,0.33918207147446783,46
5314,1,11355,4294,7061,0,0,0,1.0,1,1.0,1,1.0,1,0.3300681472022013,46
5315,3,11358,4296,7062,0,0,0,1.0,1,1.0,1,1.0,1,0.3809312332939991,47
5316,3,11361,4296,7065,0,0,0,1.0,1,1.0,1,1.0,1,0.3434530405853959,48
5317,1,11362,4296,7066,0,0,0,1.0,1,1.0,1,1.0,1,0.3043308091899798,49
5318,4,11366,4298,7068,0,0,0,1.0,1,1.0,1,1.0,1,0.2617938566421063,49
5319,5,11371,4299,7072,0,0,0,1.0,1,1.0,1,1.0,1,0.24694231648333276,50
5320,6,11377,4300,7077,0,0,0,1.0,1,1.0,1,1.0,1,0.1958155926065578,51
5321,3,11380,4300,7080,0,0,0,1.0,1,1.0,1,1.0,1,0.11903857445834341,52
5322,1,11381,4300,7081,0,0,0,1.0,1,1.0,1,1.0,1,0.12697588163324164,53
5323,2,11383,4300,7083,0,0,0,1.0,1,1.0,1,1.0,1,0.11248468479751995,53
5324,2,11385,4301,7084,0,0,0,1.0,1,1.0,1,1.0,1,0.1312573954708635,55
5325,0,11385,4301,7084,0,0,0,1.0,1,1.0,1,1.0,1,0.1312573954708635,55
5326,1,11386,4302,7084,0,0,0,1.0,1,1.0,1,1.0,1,0.1107492951795204,55
5327,5,11391,4303,7088,0,0,0,1.0,1,1.0,1,1.0,1,0.11839095638266596,56
5328,4,11395,4306,7089,0,0,0,1.0,1,1.0,1,1.0,1,0.1506285211435243,57
5329,0,11395,4306,7089,0,0,0,1.0,1,1.0,1,1.0,1,0.1506285211435243,57
5330,8,11403,4308,7095,0,0,0,1.0,1,1.0,1,1.0,1,0.16839136000874494,56
5331,7,11410,4308,7102,0,0,0,1.0,1,1.0,1,1.0,1,0.17238612966864367,57
5332,8,11418,4308,7110,0,0,0,1.0,1,1.0,1,1.0,1,0.17292701914255887,58
5333,9,11427,4308,7119,0,0,0,1.0,1,1.0,1,1.0,1,0.1914754979600636,59
5334,4,11431,4308,7123,0,0,0,1.0,1,1.0,1,1.0,1,0.19348347587544026,59
5335,8,11439,4308,7131,0,0,0,1.0,1,1.0,1,1.0,1,0.19645156258263285,58
5336,7,11446,4308,7138,0,0,0,1.0,1,1.0,1,1.0,1,0.19769840798134242,59
5337,3,11449,4308,7141,0,0,0,1.0,1,1.0,1,1.0,1,0.2006449199528708,60
5338,3,11452,4308,7144,0,0,0,1.0,1,1.0,1,1.0,1,0.20849198563986102,60
5339,8,11460,4308,7152,0,0,0,1.0,1,1.0,1,1.0,1,0.20636584610873976,60
5340,6,11466,4310,7156,0,0,0,1.0,1,1.0,1,1.0,1,0.2111566827824545,60
5341,1,11467,4310,7157,0,0,0,1.0,1,1.0,1,1.0,1,0.19203456526904192,61
5342,2,11469,4311,7158,0,0,0,1.0,1,1.0,1,1.0,1,0.21188433667224216,59
5343,1,11470,4312,7158,0,0,0,1.0,1,1.0,1,1.0,1,0.23447086940828016,58
5344,0,11470,4312,7158,0,0,0,1.0,1,1.0,1,1.0,1,0.24976642737240176,58
5345,1,11471,4313,7158,0,0,0,1.0,1,1.0,1,1.0,1,0.27471261486402626,54
5346,2,11473,4314,7159,0,0,0,1.0,1,1.0,1,1.0,1,0.2580802238563751,54
5347,2,11475,4316,7159,0,0,0,1.0,1,1.0,1,1.0,1,0.2519861839784661,54
5348,2,11477,4317,7160,0,0,0,1.0,1,1.0,1,1.0,1,0.21428559568460298,55
5349,5,11482,4319,7163,0,0,0,1.0,1,1.0,1,1.0,1,0.20191480788230626,56
5350,0,11482,4319,7163,0,0,0,1.0,1,1.0,1,1.0,1,0.2339409404367579,56
5351,1,11483,4320,7163,0,0,0,1.0,1,1.0,1,1.0,1,0.21663811026209231,57
5352,2,11485,4321,7164,0,0,0,1.0,1,1.0,1,1.0,1,0.23702202690604918,57
5353,0,11485,4321,7164,0,0,0,1.0,1,1.0,1,1.0,1,0.23702202690604918,57
5354,1,11486,4322,7164,0,0,0,1.0,1,1.0,1,1.0,1,0.21215343664666686,56
5355,1,11487,4323,7164,0,0,0,1.0,1,1.0,1,1.0,1,0.21869460582938807,57
5356,0,11487,4323,7164,0,0,0,1.0,1,1.0,1,1.0,1,0.22848962680446092,56
5357,1,11488,4323,7165,0,0,0,1.0,1,1.0,1,1.0,1,0.23886400381226283,56
5358,1,11489,4323,7166,0,0,0,1.0,1,1.0,1,1.0,1,0.21915706034859078,57
5359,0,11489,4323,7166,0,0,0,1.0,1,1.0,1,1.0,1,0.21915706034859078,57
5360,0,11489,4323,7166,0,0,0,1.0,1,1.0,1,1.0,1,0.2373173116495873,55
5361,7,11496,4324,7172,0,0,0,1.0,1,1.0,1,1.0,1,0.20300490932760173,56
5362,2,11498,4325,7173,0,0,0,1.0,1,1.0,1,1.0,1,0.19024874358477284,57
5363,0,11498,4325,7173,0,0,0,1.0,1,1.0,1,1.0,1,0.19024874358477284,57
5364,0,11498,4325,7173,0,0,0,1.0,1,1.0,1,1.0,1,0.2011331730825045,58
5365,0,11498,4325,7173,0,0,0,1.0,1,1.0,1,1.0,1,0.2072420597382885,59
5366,8,11506,4327,7179,0,0,0,1.0,1,1.0,1,1.0,1,0.18027410270241856,60
5367,2,11508,4328,7180,0,0,0,1.0,1,1.0,1,1.0,1,0.19249741312669558,60
5368,1,11509,4329,7180,0,0,0,1.0,1,1.0,1,1.0,1,0.20679532334993406,58
5369,1,11510,4329,7181,0,0,0,1.0,1,1.0,1,1.0,1,0.1752979544069023,58
5370,1,11511,4330,7181,0,0,0,1.0,1,1.0,1,1.0,1,0.1968878523066189,57
5371,2,11513,4332,7181,0,0,0,1.0,1,1.0,1,1.0,1,0.21946833956988013,56
5372,3,11516,4335,7181,0,0,0,1.0,1,1.0,1,1.0,1,0.2474392704613042,55
5373,6,11522,4338,7184,0,0,0,1.0,1,1.0,1,1.0,1,0.27597873661994854,54
5374,0,11522,4338,7184,0,0,0,1.0,1,1.0,1,1.0,1,0.2659100472862859,53
5375,1,11523,4339,7184,0,0,0,1.0,1,1.0,1,1.0,1,0.2899857011341097,52
5376,1,11524,4339,7185,0,0,0,1.0,1,1.0,1,1.0,1,0.27210940550373425,52
5377,1,11525,4340,7185,0,0,0,1.0,1,1.0,1,1.0,1,0.28870097926208615,51
5378,2,11527,4341,7186,0,0,0,1.0,1,1.0,1,1.0,1,0.3045038131995342,52
5379,1,11528,4342,7186,0,0,0,1.0,1,1.0,1,1.0,1,0.2954071201833258,50
5380,5,11533,4344,7189,0,0,0,1.0,1,1.0,1,1.0,1,0.29523880031339367,51
5381,6,11539,4347,7192,0,0,0,1.0,1,1.0,1,1.0,1,0.2067169800307059,50
5382,1,11540,4348,7192,0,0,0,1.0,1,1.0,1,1.0,1,0.20085905296464848,48
5383,1,11541,4348,7193,0,0,0,1.0,1,1.0,1,1.0,1,0.19357441506280174,48
5384,1,11542,4348,7194,0,0,0,1.0,1,1.0,1,1.0,1,0.179876105249524,48
5385,0,11542,4348,7194,0,0,0,1.0,1,1.0,1,1.0,1,0.1914468224145355,47
5386,2,11544,4350,7194,0,0,0,1.0,1,1.0,1,1.0,1,0.22646483932574016,48
5387,0,11544,4350,7194,0,0,0,1.0,1,1.0,1,1.0,1,0.2275382761357126,48
5388,2,11546,4350,7196,0,0,0,1.0,1,1.0,1,1.0,1,0.22700804419731016,48
5389,0,11546,4350,7196,0,0,0,1.0,1,1.0,1,1.0,1,0.21755122245181058,50
5390,2,11548,4351,7197,0,0,0,1.0,1,1.0,1,1.0,1,0.23984954857001786,52
5391,1,11549,4352,7197,0,0,0,1.0,1,1.0,1,1.0,1,0.2308688679620459,52
5392,1,11550,4352,7198,0,0,0,1.0,1,1.0,1,1.0,1,0.23461068571223678,51
5393,3,11553,4355,7198,0,0,0,1.0,1,1.0,1,1.0,1,0.2318037538793789,50
5394,0,11553,4355,7198,0,0,0,1.0,1,1.0,1,1.0,1,0.2342923809965735,50
5395,2,11555,4357,7198,0,0,0,1.0,1,1.0,1,1.0,1,0.2708136283337236,49
5396,5,11560,4360,7200,0,0,0,1.0,1,1.0,1,1.0,1,0.3044567208714996,48
5397,5,11565,4363,7202,0,0,0,1.0,1,1.0,1,1.0,1,0.28989509985963674,48
5398,3,11568,4363,7205,0,0,0,1.0,1,1.0,1,1.0,1,0.27426272862349454,46
5399,2,11570,4365,7205,0,0,0,1.0,1,1.0,1,1.0,1,0.25585962975753423,46
5400,2,11572,4367,7205,0,0,0,1.0,1,1.0,1,1.0,1,0.29264789304599786,48
5401,4,11576,4367,7209,0,0,0,1.0,1,1.0,1,1.0,1,0.19546827945363504,49
5402,0,11576,4367,7209,0,0,0,1.0,1,1.0,1,1.0,1,0.0,0
