,SuccessfulHandoverCount,TotalSuccessfulHandoverCount,TotalSuccessfulHandoverCountRange,TotalSuccessfulHandoverCountLoadBalancing,TotalSuccessfulHandoverCountOverload,FailedHandoverCount,TotalFailedHandoverCount,AvgQoS,MinQoS,AvgQoS_LoadBased,MinQoS_LoadBased,AvgQoS_RangeBased,MinQoS_RangeBased,GiniLoad,VehicleCount
0,0,0,0,0,0,0,0,1.0,1,1.0,1,1.0,1,0.0,0
1,16,16,0,16,0,0,0,1.0,1,1.0,1,1.0,1,0.2981687554246577,30
2,17,33,0,33,0,0,0,1.0,1,1.0,1,1.0,1,0.2838240682696022,32
3,8,41,0,41,0,0,0,1.0,1,1.0,1,1.0,1,0.24939211196566097,33
4,1,42,0,42,0,0,0,1.0,1,1.0,1,1.0,1,0.2071180049844963,34
5,0,42,0,42,0,0,0,1.0,1,1.0,1,1.0,1,0.18227457764685412,36
6,0,42,0,42,0,0,0,1.0,1,1.0,1,1.0,1,0.17794509461300503,38
7,1,43,0,43,0,0,0,1.0,1,1.0,1,1.0,1,0.18236827526452584,40
8,0,43,0,43,0,0,0,1.0,1,1.0,1,1.0,1,0.18236827526452584,40
9,0,43,0,43,0,0,0,1.0,1,1.0,1,1.0,1,0.18236827526452584,40
10,1,44,1,43,0,0,0,1.0,1,1.0,1,1.0,1,0.21630775221703868,41
11,1,45,2,43,0,0,0,1.0,1,1.0,1,1.0,1,0.18809367523576306,40
12,1,46,3,43,0,0,0,1.0,1,1.0,1,1.0,1,0.20436204719814247,39
13,3,49,5,44,0,0,0,1.0,1,1.0,1,1.0,1,0.24849836594768387,37
14,0,49,5,44,0,0,0,1.0,1,1.0,1,1.0,1,0.2840530705315611,35
15,2,51,7,44,0,0,0,1.0,1,1.0,1,1.0,1,0.3038042711580868,36
16,2,53,8,45,0,0,0,1.0,1,1.0,1,1.0,1,0.2826292341068795,34
17,2,55,9,46,0,0,0,1.0,1,1.0,1,1.0,1,0.30617290478955084,33
18,3,58,9,49,0,0,0,1.0,1,1.0,1,1.0,1,0.22112258450754493,34
19,1,59,10,49,0,0,0,1.0,1,1.0,1,1.0,1,0.24578964073795936,34
20,0,59,10,49,0,0,0,1.0,1,1.0,1,1.0,1,0.23056845013855634,34
21,2,61,11,50,0,0,0,1.0,1,1.0,1,1.0,1,0.24450061748775118,36
22,0,61,11,50,0,0,0,1.0,1,1.0,1,1.0,1,0.2530799603315085,35
23,4,65,13,52,0,0,0,1.0,1,1.0,1,1.0,1,0.27882234694146907,35
24,2,67,15,52,0,0,0,1.0,1,1.0,1,1.0,1,0.2590306796451686,35
25,6,73,19,54,0,0,0,1.0,1,1.0,1,1.0,1,0.3066549963970132,35
26,5,78,21,57,0,0,0,1.0,1,1.0,1,1.0,1,0.2680962427772488,36
27,2,80,23,57,0,0,0,1.0,1,1.0,1,1.0,1,0.22423863248885428,34
28,0,80,23,57,0,0,0,1.0,1,1.0,1,1.0,1,0.21983844568231609,35
29,0,80,23,57,0,0,0,1.0,1,1.0,1,1.0,1,0.20075365650329716,33
30,1,81,24,57,0,0,0,1.0,1,1.0,1,1.0,1,0.22580390238812703,33
31,1,82,25,57,0,0,0,1.0,1,1.0,1,1.0,1,0.2942677601424993,33
32,2,84,26,58,0,0,0,1.0,1,1.0,1,1.0,1,0.3332890707672913,32
33,2,86,26,60,0,0,0,1.0,1,1.0,1,1.0,1,0.30886589180857915,33
34,2,88,27,61,0,0,0,1.0,1,1.0,1,1.0,1,0.3044036446879062,33
35,0,88,27,61,0,0,0,1.0,1,1.0,1,1.0,1,0.2913521195099354,35
36,1,89,27,62,0,0,0,1.0,1,1.0,1,1.0,1,0.2943623900150754,36
37,3,92,28,64,0,0,0,1.0,1,1.0,1,1.0,1,0.22576459389511638,37
38,0,92,28,64,0,0,0,1.0,1,1.0,1,1.0,1,0.23491262340527935,36
39,0,92,28,64,0,0,0,1.0,1,1.0,1,1.0,1,0.26736143542810664,38
40,2,94,28,66,0,0,0,1.0,1,1.0,1,1.0,1,0.2553055317148899,40
41,1,95,28,67,0,0,0,1.0,1,1.0,1,1.0,1,0.2375839020831522,40
42,3,98,31,67,0,0,0,1.0,1,1.0,1,1.0,1,0.28957353446159617,40
43,4,102,32,70,0,0,0,1.0,1,1.0,1,1.0,1,0.2596299375705338,43
44,0,102,32,70,0,0,0,1.0,1,1.0,1,1.0,1,0.2596299375705338,43
45,1,103,32,71,0,0,0,1.0,1,1.0,1,1.0,1,0.2267502342275147,44
46,1,104,33,71,0,0,0,1.0,1,1.0,1,1.0,1,0.20290414458797218,44
47,0,104,33,71,0,0,0,1.0,1,1.0,1,1.0,1,0.20290414458797218,44
48,2,106,35,71,0,0,0,1.0,1,1.0,1,1.0,1,0.26023706940364266,44
49,0,106,35,71,0,0,0,1.0,1,1.0,1,1.0,1,0.2184363815095278,41
50,2,108,37,71,0,0,0,1.0,1,1.0,1,1.0,1,0.28541052642515663,40
51,0,108,37,71,0,0,0,1.0,1,1.0,1,1.0,1,0.2852765162928634,38
52,0,108,37,71,0,0,0,1.0,1,1.0,1,1.0,1,0.3380031224655121,37
53,0,108,37,71,0,0,0,1.0,1,1.0,1,1.0,1,0.34829777881547813,38
54,6,114,39,75,0,0,0,1.0,1,1.0,1,1.0,1,0.3061256734420885,38
55,1,115,39,76,0,0,0,1.0,1,1.0,1,1.0,1,0.28040982357765787,38
56,0,115,39,76,0,0,0,1.0,1,1.0,1,1.0,1,0.3207858734444696,38
57,1,116,40,76,0,0,0,1.0,1,1.0,1,1.0,1,0.3120818780434169,38
58,4,120,43,77,0,0,0,1.0,1,1.0,1,1.0,1,0.32053780316742664,38
59,1,121,43,78,0,0,0,1.0,1,1.0,1,1.0,1,0.31438426682991694,40
60,2,123,44,79,0,0,0,1.0,1,1.0,1,1.0,1,0.28648572859183963,40
61,1,124,44,80,0,0,0,1.0,1,1.0,1,1.0,1,0.2712517877148878,40
62,2,126,45,81,0,0,0,1.0,1,1.0,1,1.0,1,0.28727517391184776,42
63,4,130,47,83,0,0,0,1.0,1,1.0,1,1.0,1,0.278257922057335,40
64,2,132,47,85,0,0,0,1.0,1,1.0,1,1.0,1,0.24566696582465744,41
65,2,134,48,86,0,0,0,1.0,1,1.0,1,1.0,1,0.2616187138250475,41
66,1,135,49,86,0,0,0,1.0,1,1.0,1,1.0,1,0.2931826280423059,41
67,2,137,49,88,0,0,0,1.0,1,1.0,1,1.0,1,0.2549747603132819,41
68,1,138,49,89,0,0,0,1.0,1,1.0,1,1.0,1,0.20899103671153854,41
69,2,140,51,89,0,0,0,1.0,1,1.0,1,1.0,1,0.22487216383668696,41
70,1,141,51,90,0,0,0,1.0,1,1.0,1,1.0,1,0.22904912415395776,42
71,1,142,52,90,0,0,0,1.0,1,1.0,1,1.0,1,0.22108266197364074,44
72,0,142,52,90,0,0,0,1.0,1,1.0,1,1.0,1,0.22108266197364074,44
73,2,144,52,92,0,0,0,1.0,1,1.0,1,1.0,1,0.20960100173164556,46
74,1,145,52,93,0,0,0,1.0,1,1.0,1,1.0,1,0.22170549030354045,44
75,0,145,52,93,0,0,0,1.0,1,1.0,1,1.0,1,0.22170549030354045,44
76,5,150,55,95,0,0,0,1.0,1,1.0,1,1.0,1,0.2973169201598304,45
77,3,153,55,98,0,0,0,1.0,1,1.0,1,1.0,1,0.2009980258183391,44
78,1,154,56,98,0,0,0,1.0,1,1.0,1,1.0,1,0.245425681270909,44
79,1,155,56,99,0,0,0,1.0,1,1.0,1,1.0,1,0.25015787086812263,43
80,1,156,57,99,0,0,0,1.0,1,1.0,1,1.0,1,0.2375011864176809,43
81,3,159,60,99,0,0,0,1.0,1,1.0,1,1.0,1,0.3028925551366177,44
82,2,161,61,100,0,0,0,1.0,1,1.0,1,1.0,1,0.2775356448703747,45
83,3,164,63,101,0,0,0,1.0,1,1.0,1,1.0,1,0.3033798404332661,45
84,0,164,63,101,0,0,0,1.0,1,1.0,1,1.0,1,0.3033798404332661,45
85,1,165,64,101,0,0,0,1.0,1,1.0,1,1.0,1,0.29912105074325956,45
86,1,166,64,102,0,0,0,1.0,1,1.0,1,1.0,1,0.2676113894796129,45
87,0,166,64,102,0,0,0,1.0,1,1.0,1,1.0,1,0.2892144089294482,44
88,0,166,64,102,0,0,0,1.0,1,1.0,1,1.0,1,0.27996068300103866,45
89,0,166,64,102,0,0,0,1.0,1,1.0,1,1.0,1,0.2886115904616901,46
90,0,166,64,102,0,0,0,1.0,1,1.0,1,1.0,1,0.3202455640476091,44
91,2,168,65,103,0,0,0,1.0,1,1.0,1,1.0,1,0.30445033278446115,45
92,1,169,65,104,0,0,0,1.0,1,1.0,1,1.0,1,0.3095665533083721,46
93,0,169,65,104,0,0,0,1.0,1,1.0,1,1.0,1,0.3095665533083721,46
94,1,170,65,105,0,0,0,1.0,1,1.0,1,1.0,1,0.2913287651007278,46
95,1,171,65,106,0,0,0,1.0,1,1.0,1,1.0,1,0.291086186930688,46
96,1,172,66,106,0,0,0,1.0,1,1.0,1,1.0,1,0.31010342851239037,46
97,2,174,66,108,0,0,0,1.0,1,1.0,1,1.0,1,0.279649813704056,47
98,1,175,66,109,0,0,0,1.0,1,1.0,1,1.0,1,0.27810240912473483,47
99,0,175,66,109,0,0,0,1.0,1,1.0,1,1.0,1,0.2940703415651083,46
100,2,177,67,110,0,0,0,1.0,1,1.0,1,1.0,1,0.3177361056613597,48
101,2,179,68,111,0,0,0,1.0,1,1.0,1,1.0,1,0.31257795886459333,49
102,2,181,70,111,0,0,0,1.0,1,1.0,1,1.0,1,0.3307187869229958,49
103,4,185,71,114,0,0,0,1.0,1,1.0,1,1.0,1,0.2576857546285041,48
104,4,189,73,116,0,0,0,1.0,1,1.0,1,1.0,1,0.25903549334262277,49
105,3,192,75,117,0,0,0,1.0,1,1.0,1,1.0,1,0.251005311500641,48
106,2,194,76,118,0,0,0,1.0,1,1.0,1,1.0,1,0.24671542904949734,48
107,1,195,77,118,0,0,0,1.0,1,1.0,1,1.0,1,0.2633478502792257,47
108,3,198,78,120,0,0,0,1.0,1,1.0,1,1.0,1,0.2291268152381853,47
109,3,201,80,121,0,0,0,1.0,1,1.0,1,1.0,1,0.27923814308395534,47
110,4,205,81,124,0,0,0,1.0,1,1.0,1,1.0,1,0.25996892186211124,47
111,3,208,82,126,0,0,0,1.0,1,1.0,1,1.0,1,0.15769136992207686,46
112,2,210,83,127,0,0,0,1.0,1,1.0,1,1.0,1,0.14863151311245662,46
113,1,211,84,127,0,0,0,1.0,1,1.0,1,1.0,1,0.13050543526478944,45
114,1,212,85,127,0,0,0,1.0,1,1.0,1,1.0,1,0.15408110897121063,46
115,1,213,86,127,0,0,0,1.0,1,1.0,1,1.0,1,0.1783979663068186,47
116,0,213,86,127,0,0,0,1.0,1,1.0,1,1.0,1,0.1616764992895469,48
117,4,217,90,127,0,0,0,1.0,1,1.0,1,1.0,1,0.21038682461107017,48
118,1,218,90,128,0,0,0,1.0,1,1.0,1,1.0,1,0.20401605989625776,49
119,2,220,91,129,0,0,0,1.0,1,1.0,1,1.0,1,0.2153787107959919,50
120,2,222,91,131,0,0,0,1.0,1,1.0,1,1.0,1,0.15955432665054944,51
121,0,222,91,131,0,0,0,1.0,1,1.0,1,1.0,1,0.15955432665054944,51
122,0,222,91,131,0,0,0,1.0,1,1.0,1,1.0,1,0.15955432665054944,51
123,0,222,91,131,0,0,0,1.0,1,1.0,1,1.0,1,0.15955432665054944,51
124,0,222,91,131,0,0,0,1.0,1,1.0,1,1.0,1,0.15955432665054944,51
125,0,222,91,131,0,0,0,1.0,1,1.0,1,1.0,1,0.20698338710896982,50
126,2,224,93,131,0,0,0,1.0,1,1.0,1,1.0,1,0.20020964061715862,52
127,1,225,93,132,0,0,0,1.0,1,1.0,1,1.0,1,0.2013713559772214,50
128,1,226,93,133,0,0,0,1.0,1,1.0,1,1.0,1,0.17928386052164028,50
129,0,226,93,133,0,0,0,1.0,1,1.0,1,1.0,1,0.19989304767869026,52
130,4,230,95,135,0,0,0,1.0,1,1.0,1,1.0,1,0.1894401688239709,52
131,2,232,96,136,0,0,0,1.0,1,1.0,1,1.0,1,0.19258409483180006,54
132,0,232,96,136,0,0,0,1.0,1,1.0,1,1.0,1,0.19258409483180006,54
133,4,236,97,139,0,0,0,1.0,1,1.0,1,1.0,1,0.15132834284078273,52
134,2,238,98,140,0,0,0,1.0,1,1.0,1,1.0,1,0.17287796137407466,52
135,4,242,102,140,0,0,0,1.0,1,1.0,1,1.0,1,0.22093368651489462,51
136,6,248,103,145,0,0,0,1.0,1,1.0,1,1.0,1,0.1237855411090667,51
137,2,250,104,146,0,0,0,1.0,1,1.0,1,1.0,1,0.07687478096179921,50
138,3,253,105,148,0,0,0,1.0,1,1.0,1,1.0,1,0.08759507723192936,52
139,4,257,108,149,0,0,0,1.0,1,1.0,1,1.0,1,0.12763459351805734,51
140,1,258,109,149,0,0,0,1.0,1,1.0,1,1.0,1,0.13149606442088416,51
141,1,259,110,149,0,0,0,1.0,1,1.0,1,1.0,1,0.18014113935148804,50
142,3,262,112,150,0,0,0,1.0,1,1.0,1,1.0,1,0.16834392364625986,51
143,0,262,112,150,0,0,0,1.0,1,1.0,1,1.0,1,0.16178470057743027,48
144,1,263,113,150,0,0,0,1.0,1,1.0,1,1.0,1,0.17679066192575874,49
145,4,267,116,151,0,0,0,1.0,1,1.0,1,1.0,1,0.10953377653284635,47
146,3,270,118,152,0,0,0,1.0,1,1.0,1,1.0,1,0.12892911303790122,49
147,0,270,118,152,0,0,0,1.0,1,1.0,1,1.0,1,0.1228590359004463,46
148,1,271,119,152,0,0,0,1.0,1,1.0,1,1.0,1,0.1019859928828066,47
149,1,272,120,152,0,0,0,1.0,1,1.0,1,1.0,1,0.09445779561544108,46
150,1,273,121,152,0,0,0,1.0,1,1.0,1,1.0,1,0.06778472090551796,47
151,2,275,123,152,0,0,0,1.0,1,1.0,1,1.0,1,0.12693169144781136,46
152,0,275,123,152,0,0,0,1.0,1,1.0,1,1.0,1,0.14361059324347764,45
153,0,275,123,152,0,0,0,1.0,1,1.0,1,1.0,1,0.15784473764812473,46
154,0,275,123,152,0,0,0,1.0,1,1.0,1,1.0,1,0.17437590980024,44
155,2,277,125,152,0,0,0,1.0,1,1.0,1,1.0,1,0.21565633990898944,45
156,4,281,127,154,0,0,0,1.0,1,1.0,1,1.0,1,0.24267092207067292,43
157,1,282,127,155,0,0,0,1.0,1,1.0,1,1.0,1,0.21649527543613442,42
158,3,285,127,158,0,0,0,1.0,1,1.0,1,1.0,1,0.1671250010842055,43
159,1,286,128,158,0,0,0,1.0,1,1.0,1,1.0,1,0.2298489758385921,44
160,2,288,128,160,0,0,0,1.0,1,1.0,1,1.0,1,0.17957233589205404,44
161,3,291,130,161,0,0,0,1.0,1,1.0,1,1.0,1,0.22066671761578763,44
162,1,292,131,161,0,0,0,1.0,1,1.0,1,1.0,1,0.24088714432434868,44
163,8,300,136,164,0,0,0,1.0,1,1.0,1,1.0,1,0.25965106118779285,44
164,4,304,138,166,0,0,0,1.0,1,1.0,1,1.0,1,0.2866876955618684,44
165,1,305,139,166,0,0,0,1.0,1,1.0,1,1.0,1,0.28356118626065885,43
166,10,315,141,174,0,0,0,1.0,1,1.0,1,1.0,1,0.187793785365802,43
167,0,315,141,174,0,0,0,1.0,1,1.0,1,1.0,1,0.18959896179559554,42
168,0,315,141,174,0,0,0,1.0,1,1.0,1,1.0,1,0.22369511703972658,40
169,2,317,142,175,0,0,0,1.0,1,1.0,1,1.0,1,0.1309851225910787,41
170,0,317,142,175,0,0,0,1.0,1,1.0,1,1.0,1,0.14750511476693498,39
171,0,317,142,175,0,0,0,1.0,1,1.0,1,1.0,1,0.14750511476693498,39
172,0,317,142,175,0,0,0,1.0,1,1.0,1,1.0,1,0.14360421688603578,38
173,2,319,144,175,0,0,0,1.0,1,1.0,1,1.0,1,0.20822348310254551,38
174,0,319,144,175,0,0,0,1.0,1,1.0,1,1.0,1,0.1977839810894248,37
175,1,320,145,175,0,0,0,1.0,1,1.0,1,1.0,1,0.23727804620820359,36
176,2,322,147,175,0,0,0,1.0,1,1.0,1,1.0,1,0.24060087975992803,36
177,2,324,148,176,0,0,0,1.0,1,1.0,1,1.0,1,0.24364307183812245,38
178,0,324,148,176,0,0,0,1.0,1,1.0,1,1.0,1,0.2586359429628994,39
179,0,324,148,176,0,0,0,1.0,1,1.0,1,1.0,1,0.27375446971406564,40
180,1,325,149,176,0,0,0,1.0,1,1.0,1,1.0,1,0.2646504908524165,40
181,1,326,150,176,0,0,0,1.0,1,1.0,1,1.0,1,0.3020676152457084,39
182,2,328,151,177,0,0,0,1.0,1,1.0,1,1.0,1,0.2814970060507679,40
183,3,331,152,179,0,0,0,1.0,1,1.0,1,1.0,1,0.2751825575722169,40
184,0,331,152,179,0,0,0,1.0,1,1.0,1,1.0,1,0.283451984904478,38
185,3,334,154,180,0,0,0,1.0,1,1.0,1,1.0,1,0.261017613946778,38
186,3,337,156,181,0,0,0,1.0,1,1.0,1,1.0,1,0.2506733428628069,37
187,3,340,157,183,0,0,0,1.0,1,1.0,1,1.0,1,0.25329631225964105,36
188,5,345,160,185,0,0,0,1.0,1,1.0,1,1.0,1,0.193085191761227,36
189,0,345,160,185,0,0,0,1.0,1,1.0,1,1.0,1,0.1939444488245523,36
190,2,347,161,186,0,0,0,1.0,1,1.0,1,1.0,1,0.21268643525703956,36
191,1,348,162,186,0,0,0,1.0,1,1.0,1,1.0,1,0.22754727753656287,37
192,0,348,162,186,0,0,0,1.0,1,1.0,1,1.0,1,0.22754727753656287,37
193,0,348,162,186,0,0,0,1.0,1,1.0,1,1.0,1,0.2274537230632123,38
194,0,348,162,186,0,0,0,1.0,1,1.0,1,1.0,1,0.24168731150595646,39
195,3,351,164,187,0,0,0,1.0,1,1.0,1,1.0,1,0.26353672974987064,40
196,4,355,165,190,0,0,0,1.0,1,1.0,1,1.0,1,0.19751163866988922,40
197,0,355,165,190,0,0,0,1.0,1,1.0,1,1.0,1,0.2253392902157195,40
198,0,355,165,190,0,0,0,1.0,1,1.0,1,1.0,1,0.2253392902157195,40
199,3,358,166,192,0,0,0,1.0,1,1.0,1,1.0,1,0.19844744087866267,40
200,2,360,167,193,0,0,0,1.0,1,1.0,1,1.0,1,0.19561759350350286,40
201,2,362,169,193,0,0,0,1.0,1,1.0,1,1.0,1,0.19024784211417894,39
202,0,362,169,193,0,0,0,1.0,1,1.0,1,1.0,1,0.1852801960530943,40
203,5,367,172,195,0,0,0,1.0,1,1.0,1,1.0,1,0.16961612881634927,39
204,2,369,174,195,0,0,0,1.0,1,1.0,1,1.0,1,0.1803186967448152,38
205,2,371,176,195,0,0,0,1.0,1,1.0,1,1.0,1,0.17626705978629678,37
206,1,372,176,196,0,0,0,1.0,1,1.0,1,1.0,1,0.18957181341695772,36
207,0,372,176,196,0,0,0,1.0,1,1.0,1,1.0,1,0.20567341373479653,37
208,0,372,176,196,0,0,0,1.0,1,1.0,1,1.0,1,0.1849757008800856,36
209,1,373,177,196,0,0,0,1.0,1,1.0,1,1.0,1,0.2098001078964247,36
210,1,374,178,196,0,0,0,1.0,1,1.0,1,1.0,1,0.25259627270436785,36
211,0,374,178,196,0,0,0,1.0,1,1.0,1,1.0,1,0.30108090605071725,34
212,1,375,179,196,0,0,0,1.0,1,1.0,1,1.0,1,0.35378032347118415,34
213,3,378,179,199,0,0,0,1.0,1,1.0,1,1.0,1,0.3061346483838746,36
214,3,381,179,202,0,0,0,1.0,1,1.0,1,1.0,1,0.24841067583980947,35
215,2,383,179,204,0,0,0,1.0,1,1.0,1,1.0,1,0.18484482871733843,35
216,1,384,179,205,0,0,0,1.0,1,1.0,1,1.0,1,0.18744582711999766,37
217,1,385,180,205,0,0,0,1.0,1,1.0,1,1.0,1,0.19545258212723574,37
218,4,389,183,206,0,0,0,1.0,1,1.0,1,1.0,1,0.17353015935677613,37
219,1,390,184,206,0,0,0,1.0,1,1.0,1,1.0,1,0.20100136649592193,37
220,3,393,184,209,0,0,0,1.0,1,1.0,1,1.0,1,0.14210514392708187,38
221,0,393,184,209,0,0,0,1.0,1,1.0,1,1.0,1,0.14565496665384342,39
222,3,396,187,209,0,0,0,1.0,1,1.0,1,1.0,1,0.187534876973019,39
223,6,402,189,213,0,0,0,1.0,1,1.0,1,1.0,1,0.1550297222720085,40
224,2,404,190,214,0,0,0,1.0,1,1.0,1,1.0,1,0.12738853140336262,40
225,1,405,190,215,0,0,0,1.0,1,1.0,1,1.0,1,0.1183259211223079,39
226,1,406,191,215,0,0,0,1.0,1,1.0,1,1.0,1,0.12086014395118033,39
227,0,406,191,215,0,0,0,1.0,1,1.0,1,1.0,1,0.12092108195130054,39
228,3,409,194,215,0,0,0,1.0,1,1.0,1,1.0,1,0.21385077774380024,38
229,6,415,196,219,0,0,0,1.0,1,1.0,1,1.0,1,0.1576667967000876,39
230,2,417,198,219,0,0,0,1.0,1,1.0,1,1.0,1,0.14282136640239426,38
231,4,421,201,220,0,0,0,1.0,1,1.0,1,1.0,1,0.16730037130397368,38
232,0,421,201,220,0,0,0,1.0,1,1.0,1,1.0,1,0.18204165333718939,37
233,2,423,203,220,0,0,0,1.0,1,1.0,1,1.0,1,0.22259337847139615,36
234,0,423,203,220,0,0,0,1.0,1,1.0,1,1.0,1,0.24938526864092686,34
235,3,426,205,221,0,0,0,1.0,1,1.0,1,1.0,1,0.27224188817587586,34
236,0,426,205,221,0,0,0,1.0,1,1.0,1,1.0,1,0.31109122671963596,33
237,1,427,206,221,0,0,0,1.0,1,1.0,1,1.0,1,0.30766044836667267,32
238,2,429,207,222,0,0,0,1.0,1,1.0,1,1.0,1,0.29585080545564824,32
239,2,431,208,223,0,0,0,1.0,1,1.0,1,1.0,1,0.2238156012362916,31
240,0,431,208,223,0,0,0,1.0,1,1.0,1,1.0,1,0.23662396108555475,28
241,1,432,209,223,0,0,0,1.0,1,1.0,1,1.0,1,0.28005052965472826,27
242,1,433,209,224,0,0,0,1.0,1,1.0,1,1.0,1,0.30403721861976507,29
243,2,435,210,225,0,0,0,1.0,1,1.0,1,1.0,1,0.2596780046844079,28
244,0,435,210,225,0,0,0,1.0,1,1.0,1,1.0,1,0.22482797187501513,28
245,1,436,211,225,0,0,0,1.0,1,1.0,1,1.0,1,0.21291100860091228,27
246,2,438,213,225,0,0,0,1.0,1,1.0,1,1.0,1,0.2927005455561063,25
247,2,440,214,226,0,0,0,1.0,1,1.0,1,1.0,1,0.293688227341887,26
248,1,441,214,227,0,0,0,1.0,1,1.0,1,1.0,1,0.24687633385480856,27
249,2,443,216,227,0,0,0,1.0,1,1.0,1,1.0,1,0.31260312899853976,26
250,1,444,216,228,0,0,0,1.0,1,1.0,1,1.0,1,0.3191808247971831,27
251,0,444,216,228,0,0,0,1.0,1,1.0,1,1.0,1,0.33431063171757297,28
252,0,444,216,228,0,0,0,1.0,1,1.0,1,1.0,1,0.33431063171757297,28
253,1,445,217,228,0,0,0,1.0,1,1.0,1,1.0,1,0.29346629821864373,28
254,1,446,217,229,0,0,0,1.0,1,1.0,1,1.0,1,0.3061447111485837,29
255,2,448,218,230,0,0,0,1.0,1,1.0,1,1.0,1,0.3526106346311109,30
256,1,449,219,230,0,0,0,1.0,1,1.0,1,1.0,1,0.324695173684444,30
257,1,450,220,230,0,0,0,1.0,1,1.0,1,1.0,1,0.36437818068790756,32
258,4,454,222,232,0,0,0,1.0,1,1.0,1,1.0,1,0.3412100379102353,32
259,2,456,222,234,0,0,0,1.0,1,1.0,1,1.0,1,0.3091879142909408,32
260,2,458,223,235,0,0,0,1.0,1,1.0,1,1.0,1,0.26685381372457023,34
261,0,458,223,235,0,0,0,1.0,1,1.0,1,1.0,1,0.28190363893601583,35
262,2,460,225,235,0,0,0,1.0,1,1.0,1,1.0,1,0.36657238475846987,36
263,0,460,225,235,0,0,0,1.0,1,1.0,1,1.0,1,0.3410192003131347,34
264,0,460,225,235,0,0,0,1.0,1,1.0,1,1.0,1,0.3410192003131347,34
265,0,460,225,235,0,0,0,1.0,1,1.0,1,1.0,1,0.3548006580562826,33
266,1,461,226,235,0,0,0,1.0,1,1.0,1,1.0,1,0.38209998731357536,34
267,1,462,226,236,0,0,0,1.0,1,1.0,1,1.0,1,0.35934529825091305,33
268,1,463,226,237,0,0,0,1.0,1,1.0,1,1.0,1,0.343344648183415,34
269,1,464,227,237,0,0,0,1.0,1,1.0,1,1.0,1,0.3304138567586428,34
270,1,465,227,238,0,0,0,1.0,1,1.0,1,1.0,1,0.3329821626219534,36
271,0,465,227,238,0,0,0,1.0,1,1.0,1,1.0,1,0.3329821626219534,36
272,2,467,227,240,0,0,0,1.0,1,1.0,1,1.0,1,0.32342637812169306,38
273,0,467,227,240,0,0,0,1.0,1,1.0,1,1.0,1,0.32342637812169306,38
274,1,468,228,240,0,0,0,1.0,1,1.0,1,1.0,1,0.346553194154307,38
275,1,469,228,241,0,0,0,1.0,1,1.0,1,1.0,1,0.32720781765039303,38
276,0,469,228,241,0,0,0,1.0,1,1.0,1,1.0,1,0.321533862888688,39
277,2,471,229,242,0,0,0,1.0,1,1.0,1,1.0,1,0.3015491187167622,38
278,0,471,229,242,0,0,0,1.0,1,1.0,1,1.0,1,0.3305032263821992,38
279,1,472,230,242,0,0,0,1.0,1,1.0,1,1.0,1,0.33261627209086225,38
280,1,473,231,242,0,0,0,1.0,1,1.0,1,1.0,1,0.37082617953389996,38
281,1,474,231,243,0,0,0,1.0,1,1.0,1,1.0,1,0.3388069796342203,38
282,0,474,231,243,0,0,0,1.0,1,1.0,1,1.0,1,0.33455264670736073,38
283,1,475,231,244,0,0,0,1.0,1,1.0,1,1.0,1,0.32996496682803333,38
284,0,475,231,244,0,0,0,1.0,1,1.0,1,1.0,1,0.32310903335793256,39
285,1,476,232,244,0,0,0,1.0,1,1.0,1,1.0,1,0.3604522836828011,39
286,0,476,232,244,0,0,0,1.0,1,1.0,1,1.0,1,0.3604522836828011,39
287,5,481,233,248,0,0,0,1.0,1,1.0,1,1.0,1,0.3363676871308076,39
288,2,483,233,250,0,0,0,1.0,1,1.0,1,1.0,1,0.26891789112380954,39
289,0,483,233,250,0,0,0,1.0,1,1.0,1,1.0,1,0.26891789112380954,39
290,0,483,233,250,0,0,0,1.0,1,1.0,1,1.0,1,0.2690947051102431,39
291,1,484,233,251,0,0,0,1.0,1,1.0,1,1.0,1,0.24582905980566674,39
292,2,486,233,253,0,0,0,1.0,1,1.0,1,1.0,1,0.20794584737305108,40
293,2,488,233,255,0,0,0,1.0,1,1.0,1,1.0,1,0.1656847462715978,41
294,2,490,234,256,0,0,0,1.0,1,1.0,1,1.0,1,0.16306211705207538,40
295,1,491,235,256,0,0,0,1.0,1,1.0,1,1.0,1,0.18144227300013155,42
296,4,495,238,257,0,0,0,1.0,1,1.0,1,1.0,1,0.21467549310856637,42
297,4,499,239,260,0,0,0,1.0,1,1.0,1,1.0,1,0.1741755019550987,43
298,2,501,240,261,0,0,0,1.0,1,1.0,1,1.0,1,0.18172634095449583,44
299,2,503,241,262,0,0,0,1.0,1,1.0,1,1.0,1,0.17369262862375986,44
300,1,504,241,263,0,0,0,1.0,1,1.0,1,1.0,1,0.15365163124318604,45
301,2,506,243,263,0,0,0,1.0,1,1.0,1,1.0,1,0.20409874917074247,47
302,6,512,245,267,0,0,0,1.0,1,1.0,1,1.0,1,0.17462416055730792,46
303,1,513,246,267,0,0,0,1.0,1,1.0,1,1.0,1,0.19172473632852816,45
304,1,514,247,267,0,0,0,1.0,1,1.0,1,1.0,1,0.1910707828700079,45
305,0,514,247,267,0,0,0,1.0,1,1.0,1,1.0,1,0.19040628035516713,43
306,3,517,248,269,0,0,0,1.0,1,1.0,1,1.0,1,0.18278536035842166,44
307,4,521,250,271,0,0,0,1.0,1,1.0,1,1.0,1,0.16621241401932907,42
308,2,523,252,271,0,0,0,1.0,1,1.0,1,1.0,1,0.17672758369221972,41
309,0,523,252,271,0,0,0,1.0,1,1.0,1,1.0,1,0.18830247520256468,42
310,2,525,252,273,0,0,0,1.0,1,1.0,1,1.0,1,0.12400424460529685,41
311,0,525,252,273,0,0,0,1.0,1,1.0,1,1.0,1,0.12400424460529685,41
312,0,525,252,273,0,0,0,1.0,1,1.0,1,1.0,1,0.14231300298555113,44
313,0,525,252,273,0,0,0,1.0,1,1.0,1,1.0,1,0.14271641428717793,43
314,2,527,253,274,0,0,0,1.0,1,1.0,1,1.0,1,0.13935384945484763,43
315,1,528,254,274,0,0,0,1.0,1,1.0,1,1.0,1,0.1784052421231688,43
316,2,530,255,275,0,0,0,1.0,1,1.0,1,1.0,1,0.19839262141794786,43
317,0,530,255,275,0,0,0,1.0,1,1.0,1,1.0,1,0.1952817350935952,44
318,2,532,257,275,0,0,0,1.0,1,1.0,1,1.0,1,0.28081654285645485,45
319,2,534,257,277,0,0,0,1.0,1,1.0,1,1.0,1,0.22471175918018862,46
320,1,535,257,278,0,0,0,1.0,1,1.0,1,1.0,1,0.2305574088619646,45
321,0,535,257,278,0,0,0,1.0,1,1.0,1,1.0,1,0.21563488729704566,44
322,1,536,257,279,0,0,0,1.0,1,1.0,1,1.0,1,0.19862527374442354,42
323,2,538,259,279,0,0,0,1.0,1,1.0,1,1.0,1,0.21209509971608667,42
324,1,539,259,280,0,0,0,1.0,1,1.0,1,1.0,1,0.1976182218494837,43
325,3,542,261,281,0,0,0,1.0,1,1.0,1,1.0,1,0.24516201576904745,43
326,0,542,261,281,0,0,0,1.0,1,1.0,1,1.0,1,0.24516201576904745,43
327,1,543,262,281,0,0,0,1.0,1,1.0,1,1.0,1,0.2786417580106289,44
328,4,547,263,284,0,0,0,1.0,1,1.0,1,1.0,1,0.2342374424784588,44
329,1,548,263,285,0,0,0,1.0,1,1.0,1,1.0,1,0.2030804149081069,45
330,0,548,263,285,0,0,0,1.0,1,1.0,1,1.0,1,0.20658059800418507,46
331,0,548,263,285,0,0,0,1.0,1,1.0,1,1.0,1,0.20658059800418507,46
332,1,549,263,286,0,0,0,1.0,1,1.0,1,1.0,1,0.16702792445073836,47
333,0,549,263,286,0,0,0,1.0,1,1.0,1,1.0,1,0.18055362887450477,48
334,0,549,263,286,0,0,0,1.0,1,1.0,1,1.0,1,0.18055362887450477,48
335,2,551,264,287,0,0,0,1.0,1,1.0,1,1.0,1,0.17861052177201597,49
336,1,552,264,288,0,0,0,1.0,1,1.0,1,1.0,1,0.15388365240412197,50
337,2,554,265,289,0,0,0,1.0,1,1.0,1,1.0,1,0.1647699778827264,51
338,3,557,266,291,0,0,0,1.0,1,1.0,1,1.0,1,0.18208719980982854,51
339,2,559,267,292,0,0,0,1.0,1,1.0,1,1.0,1,0.18128815964818365,51
340,2,561,268,293,0,0,0,1.0,1,1.0,1,1.0,1,0.1763121061461788,51
341,0,561,268,293,0,0,0,1.0,1,1.0,1,1.0,1,0.17482059903212382,51
342,1,562,269,293,0,0,0,1.0,1,1.0,1,1.0,1,0.2014128326409811,51
343,2,564,269,295,0,0,0,1.0,1,1.0,1,1.0,1,0.17830677336823916,51
344,0,564,269,295,0,0,0,1.0,1,1.0,1,1.0,1,0.17763862977377773,50
345,0,564,269,295,0,0,0,1.0,1,1.0,1,1.0,1,0.17763862977377773,50
346,3,567,271,296,0,0,0,1.0,1,1.0,1,1.0,1,0.2289722106134311,50
347,1,568,271,297,0,0,0,1.0,1,1.0,1,1.0,1,0.21392137667350572,51
348,2,570,273,297,0,0,0,1.0,1,1.0,1,1.0,1,0.2425369757718101,52
349,3,573,275,298,0,0,0,1.0,1,1.0,1,1.0,1,0.23089414249596427,54
350,2,575,275,300,0,0,0,1.0,1,1.0,1,1.0,1,0.24993190270221777,54
351,3,578,277,301,0,0,0,1.0,1,1.0,1,1.0,1,0.2337052859116145,54
352,2,580,277,303,0,0,0,1.0,1,1.0,1,1.0,1,0.21249204292343254,56
353,1,581,278,303,0,0,0,1.0,1,1.0,1,1.0,1,0.2067768467375905,54
354,2,583,278,305,0,0,0,1.0,1,1.0,1,1.0,1,0.20983855001538682,53
355,2,585,280,305,0,0,0,1.0,1,1.0,1,1.0,1,0.21679890991591927,54
356,2,587,281,306,0,0,0,1.0,1,1.0,1,1.0,1,0.23652226655995956,54
357,6,593,284,309,0,0,0,1.0,1,1.0,1,1.0,1,0.2542327340705324,53
358,0,593,284,309,0,0,0,1.0,1,1.0,1,1.0,1,0.2683248041557999,49
359,0,593,284,309,0,0,0,1.0,1,1.0,1,1.0,1,0.25905954320373814,48
360,0,593,284,309,0,0,0,1.0,1,1.0,1,1.0,1,0.27743236995979337,47
361,1,594,284,310,0,0,0,1.0,1,1.0,1,1.0,1,0.2526696684304905,46
362,0,594,284,310,0,0,0,1.0,1,1.0,1,1.0,1,0.2549594245617723,46
363,3,597,285,312,0,0,0,1.0,1,1.0,1,1.0,1,0.2167575695545476,47
364,0,597,285,312,0,0,0,1.0,1,1.0,1,1.0,1,0.2167575695545476,47
365,0,597,285,312,0,0,0,1.0,1,1.0,1,1.0,1,0.2167575695545476,47
366,2,599,286,313,0,0,0,1.0,1,1.0,1,1.0,1,0.27609436068033527,50
367,0,599,286,313,0,0,0,1.0,1,1.0,1,1.0,1,0.27609436068033527,50
368,0,599,286,313,0,0,0,1.0,1,1.0,1,1.0,1,0.258848522072549,51
369,0,599,286,313,0,0,0,1.0,1,1.0,1,1.0,1,0.28597172460575954,51
370,3,602,286,316,0,0,0,1.0,1,1.0,1,1.0,1,0.2279319321936611,51
371,0,602,286,316,0,0,0,1.0,1,1.0,1,1.0,1,0.2602374754690598,52
372,0,602,286,316,0,0,0,1.0,1,1.0,1,1.0,1,0.2622761114510056,53
373,5,607,288,319,0,0,0,1.0,1,1.0,1,1.0,1,0.2174081000669929,53
374,2,609,289,320,0,0,0,1.0,1,1.0,1,1.0,1,0.24633257047361806,53
375,3,612,292,320,0,0,0,1.0,1,1.0,1,1.0,1,0.2441474261964369,53
376,4,616,293,323,0,0,0,1.0,1,1.0,1,1.0,1,0.17764052572380332,53
377,1,617,294,323,0,0,0,1.0,1,1.0,1,1.0,1,0.18274819268881337,53
378,1,618,295,323,0,0,0,1.0,1,1.0,1,1.0,1,0.1736290552964619,53
379,2,620,296,324,0,0,0,1.0,1,1.0,1,1.0,1,0.16952297345225198,54
380,1,621,297,324,0,0,0,1.0,1,1.0,1,1.0,1,0.1698852072567154,54
381,1,622,298,324,0,0,0,1.0,1,1.0,1,1.0,1,0.17898846506217955,54
382,3,625,300,325,0,0,0,1.0,1,1.0,1,1.0,1,0.17895363719565924,55
383,2,627,301,326,0,0,0,1.0,1,1.0,1,1.0,1,0.17156884741351733,55
384,1,628,302,326,0,0,0,1.0,1,1.0,1,1.0,1,0.2069885658732493,54
385,5,633,302,331,0,0,0,1.0,1,1.0,1,1.0,1,0.15299614681874288,52
386,0,633,302,331,0,0,0,1.0,1,1.0,1,1.0,1,0.15417846075945937,52
387,2,635,303,332,0,0,0,1.0,1,1.0,1,1.0,1,0.15869873305139304,50
388,1,636,304,332,0,0,0,1.0,1,1.0,1,1.0,1,0.17811312139585248,52
389,3,639,306,333,0,0,0,1.0,1,1.0,1,1.0,1,0.187368498530599,51
390,3,642,307,335,0,0,0,1.0,1,1.0,1,1.0,1,0.18199482147083498,50
391,4,646,309,337,0,0,0,1.0,1,1.0,1,1.0,1,0.19081881645475995,49
392,3,649,311,338,0,0,0,1.0,1,1.0,1,1.0,1,0.20523502768664229,47
393,3,652,312,340,0,0,0,1.0,1,1.0,1,1.0,1,0.22983904390255555,47
394,3,655,314,341,0,0,0,1.0,1,1.0,1,1.0,1,0.2411494497403512,48
395,2,657,315,342,0,0,0,1.0,1,1.0,1,1.0,1,0.2787016959766656,46
396,3,660,317,343,0,0,0,1.0,1,1.0,1,1.0,1,0.31262973552150763,43
397,3,663,317,346,0,0,0,1.0,1,1.0,1,1.0,1,0.2736827571121943,42
398,1,664,318,346,0,0,0,1.0,1,1.0,1,1.0,1,0.3126502199212233,40
399,1,665,319,346,0,0,0,1.0,1,1.0,1,1.0,1,0.3420810788482076,39
400,2,667,320,347,0,0,0,1.0,1,1.0,1,1.0,1,0.3158159074656589,38
401,0,667,320,347,0,0,0,1.0,1,1.0,1,1.0,1,0.34557021801757654,37
402,1,668,321,347,0,0,0,1.0,1,1.0,1,1.0,1,0.3176191187841713,36
403,3,671,322,349,0,0,0,1.0,1,1.0,1,1.0,1,0.26145159497635634,38
404,3,674,324,350,0,0,0,1.0,1,1.0,1,1.0,1,0.27173914098139,39
405,0,674,324,350,0,0,0,1.0,1,1.0,1,1.0,1,0.2669036477436515,40
406,2,676,324,352,0,0,0,1.0,1,1.0,1,1.0,1,0.21410687635882006,41
407,0,676,324,352,0,0,0,1.0,1,1.0,1,1.0,1,0.20561153597985332,42
408,0,676,324,352,0,0,0,1.0,1,1.0,1,1.0,1,0.20157810290130687,43
409,3,679,325,354,0,0,0,1.0,1,1.0,1,1.0,1,0.1860657343230678,44
410,0,679,325,354,0,0,0,1.0,1,1.0,1,1.0,1,0.19327879442883059,46
411,0,679,325,354,0,0,0,1.0,1,1.0,1,1.0,1,0.19327879442883059,46
412,0,679,325,354,0,0,0,1.0,1,1.0,1,1.0,1,0.21016805817595346,47
413,1,680,326,354,0,0,0,1.0,1,1.0,1,1.0,1,0.23564384651389525,47
414,1,681,326,355,0,0,0,1.0,1,1.0,1,1.0,1,0.2313151742170299,47
415,2,683,326,357,0,0,0,1.0,1,1.0,1,1.0,1,0.22681813399854944,48
416,1,684,326,358,0,0,0,1.0,1,1.0,1,1.0,1,0.21908171973543994,49
417,0,684,326,358,0,0,0,1.0,1,1.0,1,1.0,1,0.21908171973543994,49
418,2,686,327,359,0,0,0,1.0,1,1.0,1,1.0,1,0.2462022633467687,50
419,1,687,327,360,0,0,0,1.0,1,1.0,1,1.0,1,0.2342640792591258,50
420,2,689,328,361,0,0,0,1.0,1,1.0,1,1.0,1,0.2257691492525568,50
421,1,690,328,362,0,0,0,1.0,1,1.0,1,1.0,1,0.21019820217351942,50
422,0,690,328,362,0,0,0,1.0,1,1.0,1,1.0,1,0.22812369439966249,50
423,0,690,328,362,0,0,0,1.0,1,1.0,1,1.0,1,0.23564185328418438,51
424,1,691,328,363,0,0,0,1.0,1,1.0,1,1.0,1,0.23370997425422788,49
425,1,692,329,363,0,0,0,1.0,1,1.0,1,1.0,1,0.25417126268807316,48
426,5,697,331,366,0,0,0,1.0,1,1.0,1,1.0,1,0.23330218863177593,50
427,5,702,333,369,0,0,0,1.0,1,1.0,1,1.0,1,0.22965812719409284,48
428,6,708,337,371,0,0,0,1.0,1,1.0,1,1.0,1,0.3050007790905726,49
429,0,708,337,371,0,0,0,1.0,1,1.0,1,1.0,1,0.3062029803930314,45
430,7,715,338,377,0,0,0,1.0,1,1.0,1,1.0,1,0.25577021966571767,44
431,2,717,339,378,0,0,0,1.0,1,1.0,1,1.0,1,0.2405983273053463,42
432,0,717,339,378,0,0,0,1.0,1,1.0,1,1.0,1,0.24370221455425886,40
433,2,719,340,379,0,0,0,1.0,1,1.0,1,1.0,1,0.24472633339746522,39
434,1,720,341,379,0,0,0,1.0,1,1.0,1,1.0,1,0.2256619864290141,39
435,4,724,344,380,0,0,0,1.0,1,1.0,1,1.0,1,0.29593294279050825,38
436,2,726,344,382,0,0,0,1.0,1,1.0,1,1.0,1,0.25123669325886866,38
437,1,727,344,383,0,0,0,1.0,1,1.0,1,1.0,1,0.2486763287268493,39
438,1,728,344,384,0,0,0,1.0,1,1.0,1,1.0,1,0.2030656116482279,38
439,3,731,344,387,0,0,0,1.0,1,1.0,1,1.0,1,0.1568047735037317,39
440,1,732,344,388,0,0,0,1.0,1,1.0,1,1.0,1,0.11395946950546772,39
441,1,733,345,388,0,0,0,1.0,1,1.0,1,1.0,1,0.13762686682048172,41
442,0,733,345,388,0,0,0,1.0,1,1.0,1,1.0,1,0.1824389578799239,42
443,0,733,345,388,0,0,0,1.0,1,1.0,1,1.0,1,0.1824389578799239,42
444,1,734,345,389,0,0,0,1.0,1,1.0,1,1.0,1,0.16479498962771094,43
445,2,736,347,389,0,0,0,1.0,1,1.0,1,1.0,1,0.1812551515666867,44
446,1,737,348,389,0,0,0,1.0,1,1.0,1,1.0,1,0.2098672631595066,44
447,3,740,349,391,0,0,0,1.0,1,1.0,1,1.0,1,0.18904150942672795,47
448,0,740,349,391,0,0,0,1.0,1,1.0,1,1.0,1,0.20346183992017403,46
449,0,740,349,391,0,0,0,1.0,1,1.0,1,1.0,1,0.20346183992017403,46
450,0,740,349,391,0,0,0,1.0,1,1.0,1,1.0,1,0.23678486168885113,46
451,0,740,349,391,0,0,0,1.0,1,1.0,1,1.0,1,0.2499672444119534,47
452,0,740,349,391,0,0,0,1.0,1,1.0,1,1.0,1,0.2664268530165253,47
453,0,740,349,391,0,0,0,1.0,1,1.0,1,1.0,1,0.2664268530165253,47
454,1,741,349,392,0,0,0,1.0,1,1.0,1,1.0,1,0.233824631507104,46
455,4,745,351,394,0,0,0,1.0,1,1.0,1,1.0,1,0.21219226770719885,47
456,3,748,352,396,0,0,0,1.0,1,1.0,1,1.0,1,0.18449200308374433,49
457,2,750,353,397,0,0,0,1.0,1,1.0,1,1.0,1,0.19940707814152533,50
458,1,751,353,398,0,0,0,1.0,1,1.0,1,1.0,1,0.1835348672476841,50
459,0,751,353,398,0,0,0,1.0,1,1.0,1,1.0,1,0.17437828687084225,52
460,0,751,353,398,0,0,0,1.0,1,1.0,1,1.0,1,0.18995758081428515,53
461,2,753,353,400,0,0,0,1.0,1,1.0,1,1.0,1,0.1727929611284509,54
462,0,753,353,400,0,0,0,1.0,1,1.0,1,1.0,1,0.1727929611284509,54
463,4,757,356,401,0,0,0,1.0,1,1.0,1,1.0,1,0.1896579739593624,55
464,1,758,356,402,0,0,0,1.0,1,1.0,1,1.0,1,0.17814076726115358,56
465,1,759,357,402,0,0,0,1.0,1,1.0,1,1.0,1,0.18362276044820663,54
466,4,763,359,404,0,0,0,1.0,1,1.0,1,1.0,1,0.1904123223629307,54
467,4,767,361,406,0,0,0,1.0,1,1.0,1,1.0,1,0.1536468656544191,51
468,3,770,363,407,0,0,0,1.0,1,1.0,1,1.0,1,0.17609413723249212,51
469,3,773,363,410,0,0,0,1.0,1,1.0,1,1.0,1,0.1564728727749634,48
470,2,775,365,410,0,0,0,1.0,1,1.0,1,1.0,1,0.16402865011626097,47
471,2,777,367,410,0,0,0,1.0,1,1.0,1,1.0,1,0.18400083124920208,44
472,5,782,371,411,0,0,0,1.0,1,1.0,1,1.0,1,0.24534431332862067,43
473,2,784,372,412,0,0,0,1.0,1,1.0,1,1.0,1,0.16870318529175965,41
474,0,784,372,412,0,0,0,1.0,1,1.0,1,1.0,1,0.2092579078336092,39
475,2,786,373,413,0,0,0,1.0,1,1.0,1,1.0,1,0.2032350392018387,40
476,2,788,375,413,0,0,0,1.0,1,1.0,1,1.0,1,0.2122094445416118,38
477,2,790,377,413,0,0,0,1.0,1,1.0,1,1.0,1,0.2963389946726278,35
478,1,791,377,414,0,0,0,1.0,1,1.0,1,1.0,1,0.27779147752091926,35
479,1,792,378,414,0,0,0,1.0,1,1.0,1,1.0,1,0.2985303353319156,32
480,0,792,378,414,0,0,0,1.0,1,1.0,1,1.0,1,0.32926090604461933,32
481,0,792,378,414,0,0,0,1.0,1,1.0,1,1.0,1,0.31204639115489025,33
482,2,794,380,414,0,0,0,1.0,1,1.0,1,1.0,1,0.3403637939451467,34
483,1,795,381,414,0,0,0,1.0,1,1.0,1,1.0,1,0.3313158428278619,32
484,5,800,382,418,0,0,0,1.0,1,1.0,1,1.0,1,0.25826793689193506,33
485,4,804,383,421,0,0,0,1.0,1,1.0,1,1.0,1,0.2229936026083289,34
486,3,807,383,424,0,0,0,1.0,1,1.0,1,1.0,1,0.20010318451500594,36
487,0,807,383,424,0,0,0,1.0,1,1.0,1,1.0,1,0.20010318451500594,36
488,0,807,383,424,0,0,0,1.0,1,1.0,1,1.0,1,0.21441129034198927,37
489,3,810,385,425,0,0,0,1.0,1,1.0,1,1.0,1,0.26645874314317214,38
490,3,813,386,427,0,0,0,1.0,1,1.0,1,1.0,1,0.2256509946821104,38
491,0,813,386,427,0,0,0,1.0,1,1.0,1,1.0,1,0.2279740761331391,37
492,3,816,387,429,0,0,0,1.0,1,1.0,1,1.0,1,0.2115434698781878,37
493,1,817,387,430,0,0,0,1.0,1,1.0,1,1.0,1,0.2038739363361685,37
494,4,821,389,432,0,0,0,1.0,1,1.0,1,1.0,1,0.24260248683100488,39
495,0,821,389,432,0,0,0,1.0,1,1.0,1,1.0,1,0.24058539781146182,40
496,0,821,389,432,0,0,0,1.0,1,1.0,1,1.0,1,0.24058539781146182,40
497,2,823,389,434,0,0,0,1.0,1,1.0,1,1.0,1,0.1888099642356634,43
498,1,824,390,434,0,0,0,1.0,1,1.0,1,1.0,1,0.1842601612572295,43
499,1,825,391,434,0,0,0,1.0,1,1.0,1,1.0,1,0.2264485429878999,44
500,3,828,392,436,0,0,0,1.0,1,1.0,1,1.0,1,0.17545469447519255,45
501,0,828,392,436,0,0,0,1.0,1,1.0,1,1.0,1,0.17545469447519255,45
502,2,830,394,436,0,0,0,1.0,1,1.0,1,1.0,1,0.18401139662359167,45
503,2,832,396,436,0,0,0,1.0,1,1.0,1,1.0,1,0.23350361956327445,46
504,3,835,398,437,0,0,0,1.0,1,1.0,1,1.0,1,0.28496194286728815,47
505,2,837,398,439,0,0,0,1.0,1,1.0,1,1.0,1,0.21254247236303547,42
506,0,837,398,439,0,0,0,1.0,1,1.0,1,1.0,1,0.22755229679226674,41
507,0,837,398,439,0,0,0,1.0,1,1.0,1,1.0,1,0.20960572392382118,38
508,2,839,400,439,0,0,0,1.0,1,1.0,1,1.0,1,0.28309797460284014,38
509,0,839,400,439,0,0,0,1.0,1,1.0,1,1.0,1,0.31106987904947736,37
510,0,839,400,439,0,0,0,1.0,1,1.0,1,1.0,1,0.332826382906004,36
511,2,841,401,440,0,0,0,1.0,1,1.0,1,1.0,1,0.39196214623283326,34
512,0,841,401,440,0,0,0,1.0,1,1.0,1,1.0,1,0.36839390242282494,32
513,0,841,401,440,0,0,0,1.0,1,1.0,1,1.0,1,0.36839390242282494,32
514,1,842,401,441,0,0,0,1.0,1,1.0,1,1.0,1,0.3495289232881555,35
515,1,843,401,442,0,0,0,1.0,1,1.0,1,1.0,1,0.3180769163710043,35
516,3,846,401,445,0,0,0,1.0,1,1.0,1,1.0,1,0.3304923509067464,36
517,1,847,401,446,0,0,0,1.0,1,1.0,1,1.0,1,0.3140871019057477,36
518,3,850,401,449,0,0,0,1.0,1,1.0,1,1.0,1,0.3053420031917805,39
519,1,851,402,449,0,0,0,1.0,1,1.0,1,1.0,1,0.29746687696003205,39
520,2,853,403,450,0,0,0,1.0,1,1.0,1,1.0,1,0.3089272545027108,39
521,2,855,403,452,0,0,0,1.0,1,1.0,1,1.0,1,0.2580903061182923,40
522,0,855,403,452,0,0,0,1.0,1,1.0,1,1.0,1,0.2580903061182923,40
523,3,858,404,454,0,0,0,1.0,1,1.0,1,1.0,1,0.23525473662493745,41
524,0,858,404,454,0,0,0,1.0,1,1.0,1,1.0,1,0.23525473662493745,41
525,1,859,405,454,0,0,0,1.0,1,1.0,1,1.0,1,0.25096084687305076,40
526,0,859,405,454,0,0,0,1.0,1,1.0,1,1.0,1,0.25953470808627016,40
527,1,860,406,454,0,0,0,1.0,1,1.0,1,1.0,1,0.31101740760999685,40
528,1,861,407,454,0,0,0,1.0,1,1.0,1,1.0,1,0.29313112037266326,40
529,2,863,407,456,0,0,0,1.0,1,1.0,1,1.0,1,0.2702072621527615,39
530,0,863,407,456,0,0,0,1.0,1,1.0,1,1.0,1,0.2702072621527615,39
531,3,866,408,458,0,0,0,1.0,1,1.0,1,1.0,1,0.25382630396437394,39
532,0,866,408,458,0,0,0,1.0,1,1.0,1,1.0,1,0.254818234239183,40
533,2,868,409,459,0,0,0,1.0,1,1.0,1,1.0,1,0.2717879155764063,40
534,1,869,409,460,0,0,0,1.0,1,1.0,1,1.0,1,0.273541275935479,42
535,2,871,409,462,0,0,0,1.0,1,1.0,1,1.0,1,0.23940417251328466,42
536,0,871,409,462,0,0,0,1.0,1,1.0,1,1.0,1,0.24694003493499092,43
537,0,871,409,462,0,0,0,1.0,1,1.0,1,1.0,1,0.24694003493499092,43
538,0,871,409,462,0,0,0,1.0,1,1.0,1,1.0,1,0.24658148018951925,44
539,0,871,409,462,0,0,0,1.0,1,1.0,1,1.0,1,0.24658148018951925,44
540,1,872,410,462,0,0,0,1.0,1,1.0,1,1.0,1,0.2555802574737678,44
541,2,874,411,463,0,0,0,1.0,1,1.0,1,1.0,1,0.2232020801214322,45
542,1,875,412,463,0,0,0,1.0,1,1.0,1,1.0,1,0.24384028866822577,46
543,3,878,415,463,0,0,0,1.0,1,1.0,1,1.0,1,0.31220984003274765,43
544,4,882,416,466,0,0,0,1.0,1,1.0,1,1.0,1,0.30165273425642636,42
545,3,885,418,467,0,0,0,1.0,1,1.0,1,1.0,1,0.24083337121788378,43
546,3,888,421,467,0,0,0,1.0,1,1.0,1,1.0,1,0.3015397256349078,41
547,1,889,421,468,0,0,0,1.0,1,1.0,1,1.0,1,0.24665154593261102,40
548,2,891,423,468,0,0,0,1.0,1,1.0,1,1.0,1,0.26657161396976287,40
549,2,893,425,468,0,0,0,1.0,1,1.0,1,1.0,1,0.3122650420441127,39
550,3,896,426,470,0,0,0,1.0,1,1.0,1,1.0,1,0.30595574110665513,38
551,2,898,428,470,0,0,0,1.0,1,1.0,1,1.0,1,0.3563266637174612,38
552,2,900,429,471,0,0,0,1.0,1,1.0,1,1.0,1,0.3771351326209856,39
553,1,901,429,472,0,0,0,1.0,1,1.0,1,1.0,1,0.36269788251902846,38
554,2,903,430,473,0,0,0,1.0,1,1.0,1,1.0,1,0.3738962063020269,39
555,0,903,430,473,0,0,0,1.0,1,1.0,1,1.0,1,0.3641963813118503,39
556,4,907,431,476,0,0,0,1.0,1,1.0,1,1.0,1,0.3202922610727936,40
557,1,908,431,477,0,0,0,1.0,1,1.0,1,1.0,1,0.3227547647611888,40
558,0,908,431,477,0,0,0,1.0,1,1.0,1,1.0,1,0.3227547647611888,40
559,2,910,432,478,0,0,0,1.0,1,1.0,1,1.0,1,0.310618946207571,40
560,1,911,432,479,0,0,0,1.0,1,1.0,1,1.0,1,0.293757203114964,41
561,4,915,433,482,0,0,0,1.0,1,1.0,1,1.0,1,0.27505751468526846,42
562,1,916,434,482,0,0,0,1.0,1,1.0,1,1.0,1,0.2948197693807793,42
563,2,918,435,483,0,0,0,1.0,1,1.0,1,1.0,1,0.3124939814290243,42
564,1,919,435,484,0,0,0,1.0,1,1.0,1,1.0,1,0.3225755394519527,43
565,2,921,436,485,0,0,0,1.0,1,1.0,1,1.0,1,0.3511765207693045,44
566,1,922,436,486,0,0,0,1.0,1,1.0,1,1.0,1,0.32856553648343845,45
567,0,922,436,486,0,0,0,1.0,1,1.0,1,1.0,1,0.32856553648343845,45
568,3,925,436,489,0,0,0,1.0,1,1.0,1,1.0,1,0.24855992788579212,46
569,3,928,437,491,0,0,0,1.0,1,1.0,1,1.0,1,0.24364683205206736,47
570,1,929,438,491,0,0,0,1.0,1,1.0,1,1.0,1,0.2714417620546823,48
571,3,932,438,494,0,0,0,1.0,1,1.0,1,1.0,1,0.21594314547555626,48
572,0,932,438,494,0,0,0,1.0,1,1.0,1,1.0,1,0.21419107812568752,47
573,1,933,438,495,0,0,0,1.0,1,1.0,1,1.0,1,0.2136226124313892,49
574,0,933,438,495,0,0,0,1.0,1,1.0,1,1.0,1,0.2136226124313892,49
575,2,935,438,497,0,0,0,1.0,1,1.0,1,1.0,1,0.17545151770805825,50
576,0,935,438,497,0,0,0,1.0,1,1.0,1,1.0,1,0.1900907352140445,51
577,3,938,438,500,0,0,0,1.0,1,1.0,1,1.0,1,0.11113113450829123,51
578,0,938,438,500,0,0,0,1.0,1,1.0,1,1.0,1,0.11113113450829123,51
579,2,940,440,500,0,0,0,1.0,1,1.0,1,1.0,1,0.1361718058397532,52
580,0,940,440,500,0,0,0,1.0,1,1.0,1,1.0,1,0.16779409501411738,52
581,1,941,440,501,0,0,0,1.0,1,1.0,1,1.0,1,0.16277874611368773,52
582,2,943,441,502,0,0,0,1.0,1,1.0,1,1.0,1,0.1776970886429517,53
583,3,946,443,503,0,0,0,1.0,1,1.0,1,1.0,1,0.23930814207170337,51
584,2,948,445,503,0,0,0,1.0,1,1.0,1,1.0,1,0.2263777839835005,51
585,4,952,448,504,0,0,0,1.0,1,1.0,1,1.0,1,0.23402392975113842,49
586,4,956,450,506,0,0,0,1.0,1,1.0,1,1.0,1,0.2232564159984831,49
587,1,957,451,506,0,0,0,1.0,1,1.0,1,1.0,1,0.22406592610963869,48
588,3,960,453,507,0,0,0,1.0,1,1.0,1,1.0,1,0.24210593571590483,46
589,6,966,455,511,0,0,0,1.0,1,1.0,1,1.0,1,0.20042749930963744,48
590,3,969,457,512,0,0,0,1.0,1,1.0,1,1.0,1,0.22004544317081665,47
591,2,971,457,514,0,0,0,1.0,1,1.0,1,1.0,1,0.2274901281999448,48
592,1,972,457,515,0,0,0,1.0,1,1.0,1,1.0,1,0.19736461385981413,47
593,1,973,458,515,0,0,0,1.0,1,1.0,1,1.0,1,0.21911594534761708,45
594,1,974,459,515,0,0,0,1.0,1,1.0,1,1.0,1,0.22529898021156616,44
595,2,976,460,516,0,0,0,1.0,1,1.0,1,1.0,1,0.22216486270079502,43
596,3,979,461,518,0,0,0,1.0,1,1.0,1,1.0,1,0.22802775216257992,44
597,0,979,461,518,0,0,0,1.0,1,1.0,1,1.0,1,0.21958630667707615,43
598,1,980,462,518,0,0,0,1.0,1,1.0,1,1.0,1,0.2145374656544713,45
599,3,983,464,519,0,0,0,1.0,1,1.0,1,1.0,1,0.24908089686924956,44
600,2,985,464,521,0,0,0,1.0,1,1.0,1,1.0,1,0.2026092374254593,44
601,2,987,465,522,0,0,0,1.0,1,1.0,1,1.0,1,0.2122395164248439,45
602,1,988,466,522,0,0,0,1.0,1,1.0,1,1.0,1,0.26043612552356077,46
603,1,989,466,523,0,0,0,1.0,1,1.0,1,1.0,1,0.2559413458044386,46
604,2,991,466,525,0,0,0,1.0,1,1.0,1,1.0,1,0.2145588930088077,47
605,0,991,466,525,0,0,0,1.0,1,1.0,1,1.0,1,0.2145588930088077,47
606,0,991,466,525,0,0,0,1.0,1,1.0,1,1.0,1,0.2291294744143121,47
607,1,992,467,525,0,0,0,1.0,1,1.0,1,1.0,1,0.24432698730139146,48
608,0,992,467,525,0,0,0,1.0,1,1.0,1,1.0,1,0.25598473458151577,47
609,1,993,467,526,0,0,0,1.0,1,1.0,1,1.0,1,0.236343263821449,48
610,3,996,467,529,0,0,0,1.0,1,1.0,1,1.0,1,0.21511817243870976,48
611,1,997,468,529,0,0,0,1.0,1,1.0,1,1.0,1,0.21085542767840554,49
612,2,999,468,531,0,0,0,1.0,1,1.0,1,1.0,1,0.17726148655910057,50
613,1,1000,469,531,0,0,0,1.0,1,1.0,1,1.0,1,0.18252347372346275,50
614,0,1000,469,531,0,0,0,1.0,1,1.0,1,1.0,1,0.18252347372346275,50
615,1,1001,470,531,0,0,0,1.0,1,1.0,1,1.0,1,0.20224120220829092,50
616,4,1005,471,534,0,0,0,1.0,1,1.0,1,1.0,1,0.16744351633255053,50
617,2,1007,471,536,0,0,0,1.0,1,1.0,1,1.0,1,0.1584594078470664,52
618,0,1007,471,536,0,0,0,1.0,1,1.0,1,1.0,1,0.1584594078470664,52
619,2,1009,471,538,0,0,0,1.0,1,1.0,1,1.0,1,0.15832608449824945,50
620,0,1009,471,538,0,0,0,1.0,1,1.0,1,1.0,1,0.1511527859083665,50
621,2,1011,472,539,0,0,0,1.0,1,1.0,1,1.0,1,0.15266852899176142,49
622,0,1011,472,539,0,0,0,1.0,1,1.0,1,1.0,1,0.16948708311996938,49
623,3,1014,475,539,0,0,0,1.0,1,1.0,1,1.0,1,0.2521941478802318,48
624,3,1017,477,540,0,0,0,1.0,1,1.0,1,1.0,1,0.25604536152590357,46
625,6,1023,479,544,0,0,0,1.0,1,1.0,1,1.0,1,0.16121834134913807,45
626,3,1026,482,544,0,0,0,1.0,1,1.0,1,1.0,1,0.18716827229552027,44
627,2,1028,484,544,0,0,0,1.0,1,1.0,1,1.0,1,0.16618846412861304,44
628,3,1031,486,545,0,0,0,1.0,1,1.0,1,1.0,1,0.2212110004343849,44
629,0,1031,486,545,0,0,0,1.0,1,1.0,1,1.0,1,0.21825226691226968,41
630,3,1034,488,546,0,0,0,1.0,1,1.0,1,1.0,1,0.30449285996325964,40
631,4,1038,491,547,0,0,0,1.0,1,1.0,1,1.0,1,0.2978794729930022,38
632,4,1042,494,548,0,0,0,1.0,1,1.0,1,1.0,1,0.31936766001861444,38
633,4,1046,496,550,0,0,0,1.0,1,1.0,1,1.0,1,0.3662935481382263,36
634,1,1047,496,551,0,0,0,1.0,1,1.0,1,1.0,1,0.3294441971617884,35
635,1,1048,497,551,0,0,0,1.0,1,1.0,1,1.0,1,0.33656740690750536,35
636,1,1049,497,552,0,0,0,1.0,1,1.0,1,1.0,1,0.3362391041026533,36
637,2,1051,497,554,0,0,0,1.0,1,1.0,1,1.0,1,0.2978143037426984,35
638,0,1051,497,554,0,0,0,1.0,1,1.0,1,1.0,1,0.3254215214510711,34
639,1,1052,498,554,0,0,0,1.0,1,1.0,1,1.0,1,0.304225935251349,36
640,4,1056,499,557,0,0,0,1.0,1,1.0,1,1.0,1,0.2649593295994636,37
641,0,1056,499,557,0,0,0,1.0,1,1.0,1,1.0,1,0.2649593295994636,37
642,0,1056,499,557,0,0,0,1.0,1,1.0,1,1.0,1,0.23421325669923804,38
643,1,1057,499,558,0,0,0,1.0,1,1.0,1,1.0,1,0.2369654994071819,39
644,1,1058,500,558,0,0,0,1.0,1,1.0,1,1.0,1,0.2608125952799501,39
645,0,1058,500,558,0,0,0,1.0,1,1.0,1,1.0,1,0.24460561536613504,39
646,2,1060,501,559,0,0,0,1.0,1,1.0,1,1.0,1,0.2554857247076375,40
647,0,1060,501,559,0,0,0,1.0,1,1.0,1,1.0,1,0.2554857247076375,40
648,1,1061,501,560,0,0,0,1.0,1,1.0,1,1.0,1,0.22312358882489178,40
649,0,1061,501,560,0,0,0,1.0,1,1.0,1,1.0,1,0.22312358882489178,40
650,1,1062,502,560,0,0,0,1.0,1,1.0,1,1.0,1,0.25778486237076514,41
651,4,1066,503,563,0,0,0,1.0,1,1.0,1,1.0,1,0.1937614485155356,42
652,0,1066,503,563,0,0,0,1.0,1,1.0,1,1.0,1,0.21894360419971032,41
653,0,1066,503,563,0,0,0,1.0,1,1.0,1,1.0,1,0.21894360419971032,41
654,0,1066,503,563,0,0,0,1.0,1,1.0,1,1.0,1,0.22590699743249754,42
655,0,1066,503,563,0,0,0,1.0,1,1.0,1,1.0,1,0.23106458786838593,45
656,3,1069,506,563,0,0,0,1.0,1,1.0,1,1.0,1,0.2819057638287964,45
657,2,1071,506,565,0,0,0,1.0,1,1.0,1,1.0,1,0.20528960866751483,43
658,6,1077,510,567,0,0,0,1.0,1,1.0,1,1.0,1,0.26685490045551175,43
659,0,1077,510,567,0,0,0,1.0,1,1.0,1,1.0,1,0.24806076164146915,43
660,3,1080,512,568,0,0,0,1.0,1,1.0,1,1.0,1,0.3447911646086098,43
661,0,1080,512,568,0,0,0,1.0,1,1.0,1,1.0,1,0.3441261066549101,41
662,1,1081,512,569,0,0,0,1.0,1,1.0,1,1.0,1,0.32449695609278234,40
663,4,1085,515,570,0,0,0,1.0,1,1.0,1,1.0,1,0.32693164486856496,39
664,3,1088,517,571,0,0,0,1.0,1,1.0,1,1.0,1,0.3207950799916434,36
665,3,1091,518,573,0,0,0,1.0,1,1.0,1,1.0,1,0.29458787788029656,36
666,4,1095,521,574,0,0,0,1.0,1,1.0,1,1.0,1,0.3021807103695308,36
667,1,1096,521,575,0,0,0,1.0,1,1.0,1,1.0,1,0.27848226702579704,35
668,2,1098,523,575,0,0,0,1.0,1,1.0,1,1.0,1,0.3018213025140223,34
669,4,1102,525,577,0,0,0,1.0,1,1.0,1,1.0,1,0.2826227287558699,34
670,3,1105,526,579,0,0,0,1.0,1,1.0,1,1.0,1,0.26300629428566735,32
671,2,1107,527,580,0,0,0,1.0,1,1.0,1,1.0,1,0.24350163366499541,33
672,0,1107,527,580,0,0,0,1.0,1,1.0,1,1.0,1,0.26387317485533196,32
673,0,1107,527,580,0,0,0,1.0,1,1.0,1,1.0,1,0.26387317485533196,32
674,4,1111,529,582,0,0,0,1.0,1,1.0,1,1.0,1,0.2595401913600196,32
675,2,1113,530,583,0,0,0,1.0,1,1.0,1,1.0,1,0.24078181743738572,34
676,1,1114,530,584,0,0,0,1.0,1,1.0,1,1.0,1,0.21430656199927986,35
677,0,1114,530,584,0,0,0,1.0,1,1.0,1,1.0,1,0.21430656199927986,35
678,2,1116,531,585,0,0,0,1.0,1,1.0,1,1.0,1,0.17421919842544145,35
679,2,1118,532,586,0,0,0,1.0,1,1.0,1,1.0,1,0.2001675831163059,36
680,1,1119,532,587,0,0,0,1.0,1,1.0,1,1.0,1,0.17624432691244613,37
681,0,1119,532,587,0,0,0,1.0,1,1.0,1,1.0,1,0.17624432691244613,37
682,1,1120,533,587,0,0,0,1.0,1,1.0,1,1.0,1,0.18793878597056468,37
683,0,1120,533,587,0,0,0,1.0,1,1.0,1,1.0,1,0.1975161587985762,38
684,1,1121,534,587,0,0,0,1.0,1,1.0,1,1.0,1,0.21935987430405196,39
685,2,1123,534,589,0,0,0,1.0,1,1.0,1,1.0,1,0.17105530885573256,38
686,0,1123,534,589,0,0,0,1.0,1,1.0,1,1.0,1,0.1719391384504626,37
687,5,1128,536,592,0,0,0,1.0,1,1.0,1,1.0,1,0.23508115435279284,38
688,2,1130,536,594,0,0,0,1.0,1,1.0,1,1.0,1,0.18684726909696786,37
689,1,1131,537,594,0,0,0,1.0,1,1.0,1,1.0,1,0.24509515353109104,39
690,1,1132,537,595,0,0,0,1.0,1,1.0,1,1.0,1,0.24655929385981423,38
691,2,1134,538,596,0,0,0,1.0,1,1.0,1,1.0,1,0.21132595642954313,38
692,0,1134,538,596,0,0,0,1.0,1,1.0,1,1.0,1,0.21132595642954313,38
693,2,1136,540,596,0,0,0,1.0,1,1.0,1,1.0,1,0.24164654635680238,40
694,3,1139,542,597,0,0,0,1.0,1,1.0,1,1.0,1,0.2807755230914898,42
695,2,1141,543,598,0,0,0,1.0,1,1.0,1,1.0,1,0.26546874932113745,40
696,3,1144,545,599,0,0,0,1.0,1,1.0,1,1.0,1,0.3063075792123625,39
697,3,1147,545,602,0,0,0,1.0,1,1.0,1,1.0,1,0.24155472239327716,39
698,2,1149,546,603,0,0,0,1.0,1,1.0,1,1.0,1,0.2391229454397992,37
699,1,1150,546,604,0,0,0,1.0,1,1.0,1,1.0,1,0.2101225490172849,37
700,1,1151,546,605,0,0,0,1.0,1,1.0,1,1.0,1,0.23511122311784374,37
701,0,1151,546,605,0,0,0,1.0,1,1.0,1,1.0,1,0.23511122311784374,37
702,1,1152,546,606,0,0,0,1.0,1,1.0,1,1.0,1,0.20551247618481736,38
703,3,1155,549,606,0,0,0,1.0,1,1.0,1,1.0,1,0.20444857968158348,36
704,3,1158,551,607,0,0,0,1.0,1,1.0,1,1.0,1,0.23813128822224944,36
705,3,1161,553,608,0,0,0,1.0,1,1.0,1,1.0,1,0.23590460736036764,36
706,4,1165,557,608,0,0,0,1.0,1,1.0,1,1.0,1,0.34996071858706024,35
707,3,1168,558,610,0,0,0,1.0,1,1.0,1,1.0,1,0.3481847825319272,36
708,1,1169,559,610,0,0,0,1.0,1,1.0,1,1.0,1,0.3642377888041091,36
709,3,1172,560,612,0,0,0,1.0,1,1.0,1,1.0,1,0.2699941525653392,34
710,0,1172,560,612,0,0,0,1.0,1,1.0,1,1.0,1,0.2699941525653392,34
711,0,1172,560,612,0,0,0,1.0,1,1.0,1,1.0,1,0.264667571477669,34
712,4,1176,562,614,0,0,0,1.0,1,1.0,1,1.0,1,0.26075219378103004,35
713,4,1180,564,616,0,0,0,1.0,1,1.0,1,1.0,1,0.2590669152182079,34
714,1,1181,565,616,0,0,0,1.0,1,1.0,1,1.0,1,0.25485497005832874,34
715,1,1182,565,617,0,0,0,1.0,1,1.0,1,1.0,1,0.26142550695395295,35
716,1,1183,566,617,0,0,0,1.0,1,1.0,1,1.0,1,0.2987335998723046,33
717,5,1188,568,620,0,0,0,1.0,1,1.0,1,1.0,1,0.31022940410730737,33
718,3,1191,569,622,0,0,0,1.0,1,1.0,1,1.0,1,0.31626229060243227,32
719,2,1193,569,624,0,0,0,1.0,1,1.0,1,1.0,1,0.2560391749515805,32
720,1,1194,569,625,0,0,0,1.0,1,1.0,1,1.0,1,0.2362250580291061,33
721,2,1196,570,626,0,0,0,1.0,1,1.0,1,1.0,1,0.2150936528094682,33
722,1,1197,571,626,0,0,0,1.0,1,1.0,1,1.0,1,0.2637567046590218,34
723,0,1197,571,626,0,0,0,1.0,1,1.0,1,1.0,1,0.2637567046590218,34
724,1,1198,571,627,0,0,0,1.0,1,1.0,1,1.0,1,0.2581980570648416,36
725,0,1198,571,627,0,0,0,1.0,1,1.0,1,1.0,1,0.2581980570648416,36
726,0,1198,571,627,0,0,0,1.0,1,1.0,1,1.0,1,0.2581980570648416,36
727,1,1199,571,628,0,0,0,1.0,1,1.0,1,1.0,1,0.23423853041440007,36
728,2,1201,572,629,0,0,0,1.0,1,1.0,1,1.0,1,0.22359249996856007,37
729,0,1201,572,629,0,0,0,1.0,1,1.0,1,1.0,1,0.2230778536658956,37
730,0,1201,572,629,0,0,0,1.0,1,1.0,1,1.0,1,0.225327936203593,38
731,3,1204,572,632,0,0,0,1.0,1,1.0,1,1.0,1,0.19108887494509316,39
732,0,1204,572,632,0,0,0,1.0,1,1.0,1,1.0,1,0.18615951092826893,41
733,2,1206,574,632,0,0,0,1.0,1,1.0,1,1.0,1,0.16987072348915047,39
734,3,1209,576,633,0,0,0,1.0,1,1.0,1,1.0,1,0.2364718811292177,39
735,1,1210,577,633,0,0,0,1.0,1,1.0,1,1.0,1,0.26460085014570434,39
736,0,1210,577,633,0,0,0,1.0,1,1.0,1,1.0,1,0.2664561433881472,38
737,2,1212,578,634,0,0,0,1.0,1,1.0,1,1.0,1,0.2915946499548387,39
738,0,1212,578,634,0,0,0,1.0,1,1.0,1,1.0,1,0.31707182664883987,37
739,1,1213,579,634,0,0,0,1.0,1,1.0,1,1.0,1,0.35051108008237786,37
740,0,1213,579,634,0,0,0,1.0,1,1.0,1,1.0,1,0.336462338363056,35
741,0,1213,579,634,0,0,0,1.0,1,1.0,1,1.0,1,0.31462735077043136,33
742,1,1214,580,634,0,0,0,1.0,1,1.0,1,1.0,1,0.3479403330682546,35
743,3,1217,582,635,0,0,0,1.0,1,1.0,1,1.0,1,0.36261298724742763,35
744,3,1220,584,636,0,0,0,1.0,1,1.0,1,1.0,1,0.31658926563290657,34
745,1,1221,585,636,0,0,0,1.0,1,1.0,1,1.0,1,0.3453140458542343,34
746,4,1225,587,638,0,0,0,1.0,1,1.0,1,1.0,1,0.26658092776834097,33
747,1,1226,588,638,0,0,0,1.0,1,1.0,1,1.0,1,0.24022517930354495,32
748,0,1226,588,638,0,0,0,1.0,1,1.0,1,1.0,1,0.2397226682469963,33
749,0,1226,588,638,0,0,0,1.0,1,1.0,1,1.0,1,0.2397226682469963,33
750,1,1227,589,638,0,0,0,1.0,1,1.0,1,1.0,1,0.27030147992062975,34
751,3,1230,590,640,0,0,0,1.0,1,1.0,1,1.0,1,0.26322428353373784,36
752,1,1231,591,640,0,0,0,1.0,1,1.0,1,1.0,1,0.2409907165025318,35
753,3,1234,593,641,0,0,0,1.0,1,1.0,1,1.0,1,0.2921082974608265,37
754,3,1237,595,642,0,0,0,1.0,1,1.0,1,1.0,1,0.3237143487324631,37
755,1,1238,595,643,0,0,0,1.0,1,1.0,1,1.0,1,0.2868837260266942,35
756,2,1240,596,644,0,0,0,1.0,1,1.0,1,1.0,1,0.3290758527891781,36
757,1,1241,596,645,0,0,0,1.0,1,1.0,1,1.0,1,0.30203386094799806,35
758,1,1242,596,646,0,0,0,1.0,1,1.0,1,1.0,1,0.30421235821343245,36
759,0,1242,596,646,0,0,0,1.0,1,1.0,1,1.0,1,0.3074677697340742,37
760,1,1243,596,647,0,0,0,1.0,1,1.0,1,1.0,1,0.3066722221538678,36
761,0,1243,596,647,0,0,0,1.0,1,1.0,1,1.0,1,0.3066722221538678,36
762,0,1243,596,647,0,0,0,1.0,1,1.0,1,1.0,1,0.3158940597609189,37
763,0,1243,596,647,0,0,0,1.0,1,1.0,1,1.0,1,0.3259368754335485,38
764,0,1243,596,647,0,0,0,1.0,1,1.0,1,1.0,1,0.3259368754335485,38
765,0,1243,596,647,0,0,0,1.0,1,1.0,1,1.0,1,0.3259368754335485,38
766,0,1243,596,647,0,0,0,1.0,1,1.0,1,1.0,1,0.3162380213919534,40
767,0,1243,596,647,0,0,0,1.0,1,1.0,1,1.0,1,0.3254619334911601,41
768,3,1246,597,649,0,0,0,1.0,1,1.0,1,1.0,1,0.321284201617977,41
769,1,1247,597,650,0,0,0,1.0,1,1.0,1,1.0,1,0.3225830167748828,42
770,2,1249,598,651,0,0,0,1.0,1,1.0,1,1.0,1,0.3008206382988522,41
771,0,1249,598,651,0,0,0,1.0,1,1.0,1,1.0,1,0.3265368341151136,41
772,5,1254,600,654,0,0,0,1.0,1,1.0,1,1.0,1,0.2701965606458871,41
773,0,1254,600,654,0,0,0,1.0,1,1.0,1,1.0,1,0.2543260892447435,41
774,3,1257,602,655,0,0,0,1.0,1,1.0,1,1.0,1,0.27381407494141247,42
775,1,1258,602,656,0,0,0,1.0,1,1.0,1,1.0,1,0.2504806616672465,42
776,0,1258,602,656,0,0,0,1.0,1,1.0,1,1.0,1,0.2504806616672465,42
777,1,1259,602,657,0,0,0,1.0,1,1.0,1,1.0,1,0.24057196284136156,42
778,1,1260,602,658,0,0,0,1.0,1,1.0,1,1.0,1,0.25504558306915837,44
779,0,1260,602,658,0,0,0,1.0,1,1.0,1,1.0,1,0.25504558306915837,44
780,1,1261,603,658,0,0,0,1.0,1,1.0,1,1.0,1,0.2690557716048905,44
781,1,1262,603,659,0,0,0,1.0,1,1.0,1,1.0,1,0.25672901923361974,46
782,4,1266,605,661,0,0,0,1.0,1,1.0,1,1.0,1,0.2743930792094032,45
783,1,1267,605,662,0,0,0,1.0,1,1.0,1,1.0,1,0.2806676257826199,44
784,2,1269,606,663,0,0,0,1.0,1,1.0,1,1.0,1,0.3000450385552584,44
785,2,1271,607,664,0,0,0,1.0,1,1.0,1,1.0,1,0.2537694784067149,43
786,1,1272,608,664,0,0,0,1.0,1,1.0,1,1.0,1,0.24580382948381968,43
787,0,1272,608,664,0,0,0,1.0,1,1.0,1,1.0,1,0.24580382948381968,43
788,4,1276,609,667,0,0,0,1.0,1,1.0,1,1.0,1,0.2473894159372722,45
789,2,1278,610,668,0,0,0,1.0,1,1.0,1,1.0,1,0.21731021119501498,46
790,2,1280,610,670,0,0,0,1.0,1,1.0,1,1.0,1,0.20747588883348533,45
791,0,1280,610,670,0,0,0,1.0,1,1.0,1,1.0,1,0.22535063904851077,46
792,2,1282,611,671,0,0,0,1.0,1,1.0,1,1.0,1,0.24846777493030403,46
793,4,1286,611,675,0,0,0,1.0,1,1.0,1,1.0,1,0.16416486236909789,46
794,1,1287,612,675,0,0,0,1.0,1,1.0,1,1.0,1,0.21410089994755044,47
795,2,1289,612,677,0,0,0,1.0,1,1.0,1,1.0,1,0.18792072838924467,47
796,3,1292,613,679,0,0,0,1.0,1,1.0,1,1.0,1,0.20132119787006128,46
797,3,1295,616,679,0,0,0,1.0,1,1.0,1,1.0,1,0.24174935764805958,47
798,4,1299,618,681,0,0,0,1.0,1,1.0,1,1.0,1,0.26101359660123047,48
799,5,1304,618,686,0,0,0,1.0,1,1.0,1,1.0,1,0.18806197812696435,48
800,3,1307,619,688,0,0,0,1.0,1,1.0,1,1.0,1,0.17081815240646084,48
801,1,1308,619,689,0,0,0,1.0,1,1.0,1,1.0,1,0.15671506902074628,49
802,1,1309,619,690,0,0,0,1.0,1,1.0,1,1.0,1,0.14916944404786178,50
803,0,1309,619,690,0,0,0,1.0,1,1.0,1,1.0,1,0.15749553577880326,49
804,1,1310,620,690,0,0,0,1.0,1,1.0,1,1.0,1,0.15603968051676836,50
805,0,1310,620,690,0,0,0,1.0,1,1.0,1,1.0,1,0.15603968051676836,50
806,0,1310,620,690,0,0,0,1.0,1,1.0,1,1.0,1,0.15603968051676836,50
807,0,1310,620,690,0,0,0,1.0,1,1.0,1,1.0,1,0.1720035613229419,51
808,3,1313,621,692,0,0,0,1.0,1,1.0,1,1.0,1,0.16834581862339712,51
809,2,1315,622,693,0,0,0,1.0,1,1.0,1,1.0,1,0.2058690683099867,51
810,2,1317,622,695,0,0,0,1.0,1,1.0,1,1.0,1,0.17172207104377554,52
811,2,1319,623,696,0,0,0,1.0,1,1.0,1,1.0,1,0.17331960019027637,50
812,4,1323,625,698,0,0,0,1.0,1,1.0,1,1.0,1,0.15100670209594835,48
813,1,1324,626,698,0,0,0,1.0,1,1.0,1,1.0,1,0.15427203962844116,49
814,0,1324,626,698,0,0,0,1.0,1,1.0,1,1.0,1,0.143006124065931,48
815,2,1326,628,698,0,0,0,1.0,1,1.0,1,1.0,1,0.1923288078264496,48
816,0,1326,628,698,0,0,0,1.0,1,1.0,1,1.0,1,0.18150255256302064,46
817,2,1328,628,700,0,0,0,1.0,1,1.0,1,1.0,1,0.17572779036163744,44
818,0,1328,628,700,0,0,0,1.0,1,1.0,1,1.0,1,0.1715552669029509,46
819,0,1328,628,700,0,0,0,1.0,1,1.0,1,1.0,1,0.1832800337917113,44
820,1,1329,629,700,0,0,0,1.0,1,1.0,1,1.0,1,0.2413839866574239,44
821,1,1330,629,701,0,0,0,1.0,1,1.0,1,1.0,1,0.2043159205177118,44
822,2,1332,631,701,0,0,0,1.0,1,1.0,1,1.0,1,0.28077546273768383,44
823,4,1336,632,704,0,0,0,1.0,1,1.0,1,1.0,1,0.1872607448553326,42
824,2,1338,634,704,0,0,0,1.0,1,1.0,1,1.0,1,0.2252187896308151,42
825,2,1340,636,704,0,0,0,1.0,1,1.0,1,1.0,1,0.22893084590561713,40
826,4,1344,639,705,0,0,0,1.0,1,1.0,1,1.0,1,0.26074113764407025,41
827,2,1346,640,706,0,0,0,1.0,1,1.0,1,1.0,1,0.20806075044485303,40
828,3,1349,643,706,0,0,0,1.0,1,1.0,1,1.0,1,0.2119237081805151,40
829,4,1353,645,708,0,0,0,1.0,1,1.0,1,1.0,1,0.1835773077225673,42
830,2,1355,647,708,0,0,0,1.0,1,1.0,1,1.0,1,0.2345819638349105,42
831,4,1359,649,710,0,0,0,1.0,1,1.0,1,1.0,1,0.23613171327779367,43
832,0,1359,649,710,0,0,0,1.0,1,1.0,1,1.0,1,0.23536867457401675,42
833,1,1360,650,710,0,0,0,1.0,1,1.0,1,1.0,1,0.2774564242203541,41
834,0,1360,650,710,0,0,0,1.0,1,1.0,1,1.0,1,0.2774564242203541,41
835,0,1360,650,710,0,0,0,1.0,1,1.0,1,1.0,1,0.27611031859331414,41
836,1,1361,650,711,0,0,0,1.0,1,1.0,1,1.0,1,0.25969996568426096,40
837,0,1361,650,711,0,0,0,1.0,1,1.0,1,1.0,1,0.25727967598507623,41
838,2,1363,651,712,0,0,0,1.0,1,1.0,1,1.0,1,0.2814621252523516,41
839,5,1368,653,715,0,0,0,1.0,1,1.0,1,1.0,1,0.2148067737812231,41
840,1,1369,654,715,0,0,0,1.0,1,1.0,1,1.0,1,0.24649119163862254,42
841,0,1369,654,715,0,0,0,1.0,1,1.0,1,1.0,1,0.24649119163862254,42
842,1,1370,654,716,0,0,0,1.0,1,1.0,1,1.0,1,0.2083084484872228,42
843,2,1372,656,716,0,0,0,1.0,1,1.0,1,1.0,1,0.2557424475192374,42
844,0,1372,656,716,0,0,0,1.0,1,1.0,1,1.0,1,0.27022413448513005,42
845,0,1372,656,716,0,0,0,1.0,1,1.0,1,1.0,1,0.31241287641755267,44
846,6,1378,656,722,0,0,0,1.0,1,1.0,1,1.0,1,0.20761082598390707,44
847,1,1379,657,722,0,0,0,1.0,1,1.0,1,1.0,1,0.2023844741843998,42
848,1,1380,658,722,0,0,0,1.0,1,1.0,1,1.0,1,0.25345009759354,43
849,2,1382,658,724,0,0,0,1.0,1,1.0,1,1.0,1,0.2248862236360782,43
850,0,1382,658,724,0,0,0,1.0,1,1.0,1,1.0,1,0.2849322467825655,41
851,1,1383,659,724,0,0,0,1.0,1,1.0,1,1.0,1,0.2580704330514841,40
852,3,1386,659,727,0,0,0,1.0,1,1.0,1,1.0,1,0.20581668330647157,40
853,0,1386,659,727,0,0,0,1.0,1,1.0,1,1.0,1,0.20970307722965406,40
854,2,1388,660,728,0,0,0,1.0,1,1.0,1,1.0,1,0.2064882371377421,40
855,1,1389,661,728,0,0,0,1.0,1,1.0,1,1.0,1,0.19689230362819787,41
856,1,1390,662,728,0,0,0,1.0,1,1.0,1,1.0,1,0.21932982246476043,41
857,1,1391,663,728,0,0,0,1.0,1,1.0,1,1.0,1,0.21378501334112773,42
858,1,1392,663,729,0,0,0,1.0,1,1.0,1,1.0,1,0.20813625873791688,43
859,0,1392,663,729,0,0,0,1.0,1,1.0,1,1.0,1,0.20813625873791688,43
860,1,1393,664,729,0,0,0,1.0,1,1.0,1,1.0,1,0.1914959719995047,44
861,3,1396,666,730,0,0,0,1.0,1,1.0,1,1.0,1,0.2042361936774938,44
862,1,1397,667,730,0,0,0,1.0,1,1.0,1,1.0,1,0.20604307168056551,44
863,4,1401,669,732,0,0,0,1.0,1,1.0,1,1.0,1,0.23868237338229428,44
864,3,1404,671,733,0,0,0,1.0,1,1.0,1,1.0,1,0.22455643375223516,44
865,2,1406,673,733,0,0,0,1.0,1,1.0,1,1.0,1,0.21634226991329975,43
866,6,1412,676,736,0,0,0,1.0,1,1.0,1,1.0,1,0.2305425052026854,45
867,0,1412,676,736,0,0,0,1.0,1,1.0,1,1.0,1,0.2024683086577118,44
868,0,1412,676,736,0,0,0,1.0,1,1.0,1,1.0,1,0.19703815823706222,45
869,3,1415,679,736,0,0,0,1.0,1,1.0,1,1.0,1,0.25361639191185453,44
870,1,1416,679,737,0,0,0,1.0,1,1.0,1,1.0,1,0.20723027350115322,44
871,5,1421,679,742,0,0,0,1.0,1,1.0,1,1.0,1,0.1414002631518419,43
872,0,1421,679,742,0,0,0,1.0,1,1.0,1,1.0,1,0.1414002631518419,43
873,2,1423,680,743,0,0,0,1.0,1,1.0,1,1.0,1,0.18594046675864564,43
874,4,1427,683,744,0,0,0,1.0,1,1.0,1,1.0,1,0.18352009225831045,46
875,1,1428,684,744,0,0,0,1.0,1,1.0,1,1.0,1,0.18678808765024932,43
876,2,1430,685,745,0,0,0,1.0,1,1.0,1,1.0,1,0.16724506154689017,44
877,1,1431,685,746,0,0,0,1.0,1,1.0,1,1.0,1,0.17041300473035378,44
878,1,1432,686,746,0,0,0,1.0,1,1.0,1,1.0,1,0.19844514563865948,44
879,0,1432,686,746,0,0,0,1.0,1,1.0,1,1.0,1,0.19844514563865948,44
880,2,1434,688,746,0,0,0,1.0,1,1.0,1,1.0,1,0.26184758683357195,44
881,0,1434,688,746,0,0,0,1.0,1,1.0,1,1.0,1,0.2516888648667277,43
882,2,1436,689,747,0,0,0,1.0,1,1.0,1,1.0,1,0.2364633218795745,45
883,4,1440,690,750,0,0,0,1.0,1,1.0,1,1.0,1,0.20551478994641326,45
884,1,1441,690,751,0,0,0,1.0,1,1.0,1,1.0,1,0.20237119856222038,45
885,0,1441,690,751,0,0,0,1.0,1,1.0,1,1.0,1,0.1766262962911625,43
886,1,1442,691,751,0,0,0,1.0,1,1.0,1,1.0,1,0.23183143141253623,43
887,1,1443,692,751,0,0,0,1.0,1,1.0,1,1.0,1,0.21686099499400907,41
888,0,1443,692,751,0,0,0,1.0,1,1.0,1,1.0,1,0.24444791437108054,40
889,4,1447,695,752,0,0,0,1.0,1,1.0,1,1.0,1,0.25938831387203526,40
890,2,1449,696,753,0,0,0,1.0,1,1.0,1,1.0,1,0.2587176528251399,38
891,2,1451,697,754,0,0,0,1.0,1,1.0,1,1.0,1,0.24050826372112005,39
892,2,1453,699,754,0,0,0,1.0,1,1.0,1,1.0,1,0.3185656187280448,39
893,0,1453,699,754,0,0,0,1.0,1,1.0,1,1.0,1,0.29092189341394026,37
894,1,1454,700,754,0,0,0,1.0,1,1.0,1,1.0,1,0.2701039318247692,36
895,0,1454,700,754,0,0,0,1.0,1,1.0,1,1.0,1,0.28802551418563827,37
896,3,1457,703,754,0,0,0,1.0,1,1.0,1,1.0,1,0.30681890299551573,36
897,2,1459,705,754,0,0,0,1.0,1,1.0,1,1.0,1,0.282134309759324,36
898,2,1461,706,755,0,0,0,1.0,1,1.0,1,1.0,1,0.28732584695711266,35
899,2,1463,707,756,0,0,0,1.0,1,1.0,1,1.0,1,0.28059013387676424,35
900,1,1464,708,756,0,0,0,1.0,1,1.0,1,1.0,1,0.34886747349286706,36
901,2,1466,708,758,0,0,0,1.0,1,1.0,1,1.0,1,0.3003580072674083,36
902,4,1470,711,759,0,0,0,1.0,1,1.0,1,1.0,1,0.3518611506190347,36
903,5,1475,713,762,0,0,0,1.0,1,1.0,1,1.0,1,0.3033574944409434,35
904,2,1477,714,763,0,0,0,1.0,1,1.0,1,1.0,1,0.3001417005436999,37
905,3,1480,716,764,0,0,0,1.0,1,1.0,1,1.0,1,0.29498310564721214,36
906,1,1481,717,764,0,0,0,1.0,1,1.0,1,1.0,1,0.3182019316577333,37
907,4,1485,718,767,0,0,0,1.0,1,1.0,1,1.0,1,0.2527083169424281,37
908,1,1486,718,768,0,0,0,1.0,1,1.0,1,1.0,1,0.19977750410228268,36
909,1,1487,719,768,0,0,0,1.0,1,1.0,1,1.0,1,0.21609397110411588,36
910,2,1489,720,769,0,0,0,1.0,1,1.0,1,1.0,1,0.2344633950564404,37
911,1,1490,721,769,0,0,0,1.0,1,1.0,1,1.0,1,0.26803430143051177,36
912,2,1492,723,769,0,0,0,1.0,1,1.0,1,1.0,1,0.2712805823494107,34
913,4,1496,724,772,0,0,0,1.0,1,1.0,1,1.0,1,0.1653685788721419,34
914,0,1496,724,772,0,0,0,1.0,1,1.0,1,1.0,1,0.19620732209467062,33
915,0,1496,724,772,0,0,0,1.0,1,1.0,1,1.0,1,0.19620732209467062,33
916,0,1496,724,772,0,0,0,1.0,1,1.0,1,1.0,1,0.21736593867360737,34
917,1,1497,725,772,0,0,0,1.0,1,1.0,1,1.0,1,0.205038838026645,34
918,0,1497,725,772,0,0,0,1.0,1,1.0,1,1.0,1,0.2044095956332799,36
919,0,1497,725,772,0,0,0,1.0,1,1.0,1,1.0,1,0.2044095956332799,36
920,1,1498,726,772,0,0,0,1.0,1,1.0,1,1.0,1,0.2007022036689983,37
921,1,1499,726,773,0,0,0,1.0,1,1.0,1,1.0,1,0.1680366848065209,37
922,2,1501,727,774,0,0,0,1.0,1,1.0,1,1.0,1,0.14547411339937177,38
923,1,1502,728,774,0,0,0,1.0,1,1.0,1,1.0,1,0.1282256895784721,36
924,2,1504,730,774,0,0,0,1.0,1,1.0,1,1.0,1,0.18985853832498495,35
925,5,1509,731,778,0,0,0,1.0,1,1.0,1,1.0,1,0.21052454774155988,35
926,2,1511,733,778,0,0,0,1.0,1,1.0,1,1.0,1,0.23313096791494664,34
927,0,1511,733,778,0,0,0,1.0,1,1.0,1,1.0,1,0.2382986794437839,32
928,0,1511,733,778,0,0,0,1.0,1,1.0,1,1.0,1,0.26541535882273876,32
929,1,1512,734,778,0,0,0,1.0,1,1.0,1,1.0,1,0.2599018416272489,31
930,1,1513,734,779,0,0,0,1.0,1,1.0,1,1.0,1,0.26067767107591305,30
931,1,1514,735,779,0,0,0,1.0,1,1.0,1,1.0,1,0.31236187584255465,29
932,2,1516,737,779,0,0,0,1.0,1,1.0,1,1.0,1,0.2940601947701818,29
933,1,1517,737,780,0,0,0,1.0,1,1.0,1,1.0,1,0.2745747117877307,29
934,2,1519,738,781,0,0,0,1.0,1,1.0,1,1.0,1,0.2626131409773847,29
935,1,1520,738,782,0,0,0,1.0,1,1.0,1,1.0,1,0.28534426022751863,31
936,2,1522,739,783,0,0,0,1.0,1,1.0,1,1.0,1,0.28163889404576564,31
937,3,1525,740,785,0,0,0,1.0,1,1.0,1,1.0,1,0.23825157872020847,34
938,1,1526,740,786,0,0,0,1.0,1,1.0,1,1.0,1,0.24765670187097727,33
939,3,1529,740,789,0,0,0,1.0,1,1.0,1,1.0,1,0.24315025552844063,36
940,0,1529,740,789,0,0,0,1.0,1,1.0,1,1.0,1,0.2528154289687446,36
941,2,1531,742,789,0,0,0,1.0,1,1.0,1,1.0,1,0.30696818513778895,36
942,4,1535,744,791,0,0,0,1.0,1,1.0,1,1.0,1,0.31046483710133593,36
943,0,1535,744,791,0,0,0,1.0,1,1.0,1,1.0,1,0.30106480955910114,35
944,1,1536,745,791,0,0,0,1.0,1,1.0,1,1.0,1,0.3012321743959182,35
945,1,1537,746,791,0,0,0,1.0,1,1.0,1,1.0,1,0.2847276343818431,33
946,2,1539,747,792,0,0,0,1.0,1,1.0,1,1.0,1,0.3089897712943331,36
947,0,1539,747,792,0,0,0,1.0,1,1.0,1,1.0,1,0.2928959545378699,34
948,1,1540,748,792,0,0,0,1.0,1,1.0,1,1.0,1,0.3228904358857487,33
949,3,1543,749,794,0,0,0,1.0,1,1.0,1,1.0,1,0.3454770405970963,34
950,0,1543,749,794,0,0,0,1.0,1,1.0,1,1.0,1,0.35028375529750494,33
951,0,1543,749,794,0,0,0,1.0,1,1.0,1,1.0,1,0.35028375529750494,33
952,1,1544,749,795,0,0,0,1.0,1,1.0,1,1.0,1,0.35808818293517714,32
953,1,1545,749,796,0,0,0,1.0,1,1.0,1,1.0,1,0.33949083631267135,32
954,0,1545,749,796,0,0,0,1.0,1,1.0,1,1.0,1,0.3364328514877515,31
955,3,1548,750,798,0,0,0,1.0,1,1.0,1,1.0,1,0.32304927242997944,32
956,1,1549,751,798,0,0,0,1.0,1,1.0,1,1.0,1,0.3088223738758342,32
957,1,1550,751,799,0,0,0,1.0,1,1.0,1,1.0,1,0.29182635956755276,33
958,1,1551,751,800,0,0,0,1.0,1,1.0,1,1.0,1,0.2868056817591531,35
959,1,1552,752,800,0,0,0,1.0,1,1.0,1,1.0,1,0.30627229871724404,36
960,2,1554,752,802,0,0,0,1.0,1,1.0,1,1.0,1,0.2912075376318724,38
961,2,1556,754,802,0,0,0,1.0,1,1.0,1,1.0,1,0.3831419235595969,37
962,1,1557,755,802,0,0,0,1.0,1,1.0,1,1.0,1,0.35814370964179015,35
963,0,1557,755,802,0,0,0,1.0,1,1.0,1,1.0,1,0.34721556776129836,35
964,2,1559,755,804,0,0,0,1.0,1,1.0,1,1.0,1,0.3241946495754327,34
965,0,1559,755,804,0,0,0,1.0,1,1.0,1,1.0,1,0.32043967559930503,35
966,1,1560,756,804,0,0,0,1.0,1,1.0,1,1.0,1,0.30500008082550184,34
967,2,1562,756,806,0,0,0,1.0,1,1.0,1,1.0,1,0.2679725408086192,35
968,1,1563,757,806,0,0,0,1.0,1,1.0,1,1.0,1,0.27631249875258757,36
969,1,1564,757,807,0,0,0,1.0,1,1.0,1,1.0,1,0.28386481426002347,35
970,0,1564,757,807,0,0,0,1.0,1,1.0,1,1.0,1,0.31466684001840345,34
971,0,1564,757,807,0,0,0,1.0,1,1.0,1,1.0,1,0.3244594994535785,35
972,1,1565,758,807,0,0,0,1.0,1,1.0,1,1.0,1,0.31816377306675153,35
973,2,1567,758,809,0,0,0,1.0,1,1.0,1,1.0,1,0.29878307717020147,36
974,0,1567,758,809,0,0,0,1.0,1,1.0,1,1.0,1,0.3234135936866812,35
975,0,1567,758,809,0,0,0,1.0,1,1.0,1,1.0,1,0.3046283142854208,36
976,0,1567,758,809,0,0,0,1.0,1,1.0,1,1.0,1,0.32251887830068837,38
977,0,1567,758,809,0,0,0,1.0,1,1.0,1,1.0,1,0.32251887830068837,38
978,0,1567,758,809,0,0,0,1.0,1,1.0,1,1.0,1,0.32251887830068837,38
979,0,1567,758,809,0,0,0,1.0,1,1.0,1,1.0,1,0.3308893926411227,39
980,4,1571,761,810,0,0,0,1.0,1,1.0,1,1.0,1,0.37099824165253537,39
981,2,1573,762,811,0,0,0,1.0,1,1.0,1,1.0,1,0.3694912204956382,40
982,4,1577,765,812,0,0,0,1.0,1,1.0,1,1.0,1,0.4342722049739626,40
983,0,1577,765,812,0,0,0,1.0,1,1.0,1,1.0,1,0.4101351775001439,38
984,2,1579,766,813,0,0,0,1.0,1,1.0,1,1.0,1,0.4321234666655534,39
985,8,1587,769,818,0,0,0,1.0,1,1.0,1,1.0,1,0.3752691541388435,38
986,4,1591,772,819,0,0,0,1.0,1,1.0,1,1.0,1,0.38516874732815387,38
987,2,1593,772,821,0,0,0,1.0,1,1.0,1,1.0,1,0.3489527561513835,38
988,2,1595,772,823,0,0,0,1.0,1,1.0,1,1.0,1,0.33020863409637413,38
989,2,1597,772,825,0,0,0,1.0,1,1.0,1,1.0,1,0.3128903760488101,38
990,0,1597,772,825,0,0,0,1.0,1,1.0,1,1.0,1,0.3128903760488101,38
991,1,1598,773,825,0,0,0,1.0,1,1.0,1,1.0,1,0.3250708119952535,40
992,1,1599,774,825,0,0,0,1.0,1,1.0,1,1.0,1,0.34754829578356233,39
993,1,1600,775,825,0,0,0,1.0,1,1.0,1,1.0,1,0.35902236180867686,38
994,1,1601,775,826,0,0,0,1.0,1,1.0,1,1.0,1,0.356620267539328,39
995,0,1601,775,826,0,0,0,1.0,1,1.0,1,1.0,1,0.3546791939435271,41
996,1,1602,775,827,0,0,0,1.0,1,1.0,1,1.0,1,0.3450443801771522,40
997,2,1604,775,829,0,0,0,1.0,1,1.0,1,1.0,1,0.34453227875875564,41
998,1,1605,775,830,0,0,0,1.0,1,1.0,1,1.0,1,0.35045949830046796,40
999,0,1605,775,830,0,0,0,1.0,1,1.0,1,1.0,1,0.38618487339350444,40
1000,0,1605,775,830,0,0,0,1.0,1,1.0,1,1.0,1,0.38618487339350444,40
1001,0,1605,775,830,0,0,0,1.0,1,1.0,1,1.0,1,0.3923956858565061,39
1002,0,1605,775,830,0,0,0,1.0,1,1.0,1,1.0,1,0.3923956858565061,39
1003,1,1606,775,831,0,0,0,1.0,1,1.0,1,1.0,1,0.37073958439302157,39
1004,0,1606,775,831,0,0,0,1.0,1,1.0,1,1.0,1,0.37073958439302157,39
1005,0,1606,775,831,0,0,0,1.0,1,1.0,1,1.0,1,0.3770912714244729,40
1006,3,1609,775,834,0,0,0,1.0,1,1.0,1,1.0,1,0.3397281944232868,41
1007,1,1610,775,835,0,0,0,1.0,1,1.0,1,1.0,1,0.3449655508461511,42
1008,1,1611,775,836,0,0,0,1.0,1,1.0,1,1.0,1,0.3329683914251409,43
1009,1,1612,775,837,0,0,0,1.0,1,1.0,1,1.0,1,0.3025686223132769,44
1010,1,1613,775,838,0,0,0,1.0,1,1.0,1,1.0,1,0.2694980143728333,44
1011,0,1613,775,838,0,0,0,1.0,1,1.0,1,1.0,1,0.2694980143728333,44
1012,4,1617,778,839,0,0,0,1.0,1,1.0,1,1.0,1,0.2698391264320228,46
1013,1,1618,778,840,0,0,0,1.0,1,1.0,1,1.0,1,0.2507080111618608,46
1014,1,1619,779,840,0,0,0,1.0,1,1.0,1,1.0,1,0.27075168540394506,46
1015,0,1619,779,840,0,0,0,1.0,1,1.0,1,1.0,1,0.27075168540394506,46
1016,1,1620,780,840,0,0,0,1.0,1,1.0,1,1.0,1,0.28736372206182215,47
1017,3,1623,780,843,0,0,0,1.0,1,1.0,1,1.0,1,0.23453933124330067,47
1018,4,1627,781,846,0,0,0,1.0,1,1.0,1,1.0,1,0.23811865349499242,48
1019,2,1629,781,848,0,0,0,1.0,1,1.0,1,1.0,1,0.2247162247357655,49
1020,1,1630,781,849,0,0,0,1.0,1,1.0,1,1.0,1,0.20718229389418724,51
1021,2,1632,781,851,0,0,0,1.0,1,1.0,1,1.0,1,0.16744674722431246,51
1022,1,1633,782,851,0,0,0,1.0,1,1.0,1,1.0,1,0.17698760947351638,52
1023,0,1633,782,851,0,0,0,1.0,1,1.0,1,1.0,1,0.17518846941593616,52
1024,1,1634,783,851,0,0,0,1.0,1,1.0,1,1.0,1,0.1995337267803063,52
1025,1,1635,783,852,0,0,0,1.0,1,1.0,1,1.0,1,0.2026468986079711,54
1026,1,1636,783,853,0,0,0,1.0,1,1.0,1,1.0,1,0.18707424791259902,54
1027,2,1638,784,854,0,0,0,1.0,1,1.0,1,1.0,1,0.17709272217290525,55
1028,3,1641,785,856,0,0,0,1.0,1,1.0,1,1.0,1,0.17186179204099364,56
1029,0,1641,785,856,0,0,0,1.0,1,1.0,1,1.0,1,0.17186179204099364,56
1030,1,1642,785,857,0,0,0,1.0,1,1.0,1,1.0,1,0.18318984359088528,57
1031,0,1642,785,857,0,0,0,1.0,1,1.0,1,1.0,1,0.18842965075664841,58
1032,1,1643,786,857,0,0,0,1.0,1,1.0,1,1.0,1,0.2052029461171774,58
1033,1,1644,786,858,0,0,0,1.0,1,1.0,1,1.0,1,0.18145776647951864,57
1034,4,1648,789,859,0,0,0,1.0,1,1.0,1,1.0,1,0.18746062296295476,57
1035,3,1651,791,860,0,0,0,1.0,1,1.0,1,1.0,1,0.2071025128949502,57
1036,3,1654,792,862,0,0,0,1.0,1,1.0,1,1.0,1,0.19941422964647101,59
1037,2,1656,794,862,0,0,0,1.0,1,1.0,1,1.0,1,0.2323805970777084,57
1038,4,1660,795,865,0,0,0,1.0,1,1.0,1,1.0,1,0.2461808151013814,59
1039,5,1665,798,867,0,0,0,1.0,1,1.0,1,1.0,1,0.22334478854385698,57
1040,3,1668,799,869,0,0,0,1.0,1,1.0,1,1.0,1,0.2372681981419927,56
1041,2,1670,801,869,0,0,0,1.0,1,1.0,1,1.0,1,0.2396573248285393,54
1042,2,1672,802,870,0,0,0,1.0,1,1.0,1,1.0,1,0.20883413851983962,52
1043,2,1674,804,870,0,0,0,1.0,1,1.0,1,1.0,1,0.22212890983752442,52
1044,0,1674,804,870,0,0,0,1.0,1,1.0,1,1.0,1,0.18629598024755756,50
1045,1,1675,804,871,0,0,0,1.0,1,1.0,1,1.0,1,0.19176356931540364,51
1046,3,1678,806,872,0,0,0,1.0,1,1.0,1,1.0,1,0.1710043667629767,50
1047,0,1678,806,872,0,0,0,1.0,1,1.0,1,1.0,1,0.1641597094774054,50
1048,1,1679,807,872,0,0,0,1.0,1,1.0,1,1.0,1,0.1963054242193692,50
1049,1,1680,808,872,0,0,0,1.0,1,1.0,1,1.0,1,0.21693394698917012,50
1050,1,1681,808,873,0,0,0,1.0,1,1.0,1,1.0,1,0.20229055341102842,50
1051,0,1681,808,873,0,0,0,1.0,1,1.0,1,1.0,1,0.19428949963640613,50
1052,4,1685,809,876,0,0,0,1.0,1,1.0,1,1.0,1,0.16677252546589236,51
1053,0,1685,809,876,0,0,0,1.0,1,1.0,1,1.0,1,0.16677252546589236,51
1054,1,1686,809,877,0,0,0,1.0,1,1.0,1,1.0,1,0.14850798053704234,53
1055,0,1686,809,877,0,0,0,1.0,1,1.0,1,1.0,1,0.16363142543683865,54
1056,0,1686,809,877,0,0,0,1.0,1,1.0,1,1.0,1,0.19324070087256237,54
1057,3,1689,810,879,0,0,0,1.0,1,1.0,1,1.0,1,0.20742886908848832,55
1058,0,1689,810,879,0,0,0,1.0,1,1.0,1,1.0,1,0.213662649019206,54
1059,3,1692,812,880,0,0,0,1.0,1,1.0,1,1.0,1,0.28679877549707755,53
1060,3,1695,812,883,0,0,0,1.0,1,1.0,1,1.0,1,0.23906333249343628,53
1061,2,1697,813,884,0,0,0,1.0,1,1.0,1,1.0,1,0.23580996974586171,53
1062,6,1703,818,885,0,0,0,1.0,1,1.0,1,1.0,1,0.22589011099182285,54
1063,5,1708,819,889,0,0,0,1.0,1,1.0,1,1.0,1,0.16168364817128822,53
1064,6,1714,822,892,0,0,0,1.0,1,1.0,1,1.0,1,0.17646073074753302,55
1065,1,1715,822,893,0,0,0,1.0,1,1.0,1,1.0,1,0.20572526275829492,54
1066,1,1716,822,894,0,0,0,1.0,1,1.0,1,1.0,1,0.20818507975671321,55
1067,1,1717,823,894,0,0,0,1.0,1,1.0,1,1.0,1,0.23511712586070604,55
1068,2,1719,824,895,0,0,0,1.0,1,1.0,1,1.0,1,0.2224891154396217,55
1069,5,1724,825,899,0,0,0,1.0,1,1.0,1,1.0,1,0.19487924753764715,55
1070,1,1725,825,900,0,0,0,1.0,1,1.0,1,1.0,1,0.17953145539582346,54
1071,0,1725,825,900,0,0,0,1.0,1,1.0,1,1.0,1,0.16842530037563902,55
1072,0,1725,825,900,0,0,0,1.0,1,1.0,1,1.0,1,0.1627170292339702,54
1073,1,1726,825,901,0,0,0,1.0,1,1.0,1,1.0,1,0.14593797943194198,54
1074,2,1728,826,902,0,0,0,1.0,1,1.0,1,1.0,1,0.14996537870401339,52
1075,0,1728,826,902,0,0,0,1.0,1,1.0,1,1.0,1,0.14144667421422819,51
1076,0,1728,826,902,0,0,0,1.0,1,1.0,1,1.0,1,0.16449897480374212,52
1077,3,1731,829,902,0,0,0,1.0,1,1.0,1,1.0,1,0.16640436959869923,49
1078,4,1735,832,903,0,0,0,1.0,1,1.0,1,1.0,1,0.2154128342048203,48
1079,3,1738,834,904,0,0,0,1.0,1,1.0,1,1.0,1,0.2144248774111143,47
1080,2,1740,836,904,0,0,0,1.0,1,1.0,1,1.0,1,0.3068159810922159,47
1081,2,1742,838,904,0,0,0,1.0,1,1.0,1,1.0,1,0.3502682475737586,45
1082,3,1745,840,905,0,0,0,1.0,1,1.0,1,1.0,1,0.371043916778724,42
1083,1,1746,841,905,0,0,0,1.0,1,1.0,1,1.0,1,0.4100734156262531,42
1084,0,1746,841,905,0,0,0,1.0,1,1.0,1,1.0,1,0.4144134849082823,40
1085,3,1749,841,908,0,0,0,1.0,1,1.0,1,1.0,1,0.36126579899643585,43
1086,2,1751,842,909,0,0,0,1.0,1,1.0,1,1.0,1,0.3528810176777866,41
1087,1,1752,842,910,0,0,0,1.0,1,1.0,1,1.0,1,0.3576522706424531,41
1088,0,1752,842,910,0,0,0,1.0,1,1.0,1,1.0,1,0.3576522706424531,41
1089,3,1755,844,911,0,0,0,1.0,1,1.0,1,1.0,1,0.3282408729771282,42
1090,2,1757,844,913,0,0,0,1.0,1,1.0,1,1.0,1,0.30245626851676544,43
1091,1,1758,845,913,0,0,0,1.0,1,1.0,1,1.0,1,0.3088971268429718,43
1092,1,1759,846,913,0,0,0,1.0,1,1.0,1,1.0,1,0.2957983987934273,43
1093,2,1761,847,914,0,0,0,1.0,1,1.0,1,1.0,1,0.28236313071337343,43
1094,1,1762,848,914,0,0,0,1.0,1,1.0,1,1.0,1,0.3073130109146338,43
1095,1,1763,848,915,0,0,0,1.0,1,1.0,1,1.0,1,0.31040593040088843,44
1096,2,1765,849,916,0,0,0,1.0,1,1.0,1,1.0,1,0.33134580292793053,44
1097,4,1769,850,919,0,0,0,1.0,1,1.0,1,1.0,1,0.31306093614018105,45
1098,2,1771,850,921,0,0,0,1.0,1,1.0,1,1.0,1,0.28704367935740005,46
1099,3,1774,850,924,0,0,0,1.0,1,1.0,1,1.0,1,0.24416723333938428,48
1100,1,1775,850,925,0,0,0,1.0,1,1.0,1,1.0,1,0.21484380238528403,49
1101,1,1776,850,926,0,0,0,1.0,1,1.0,1,1.0,1,0.20414586676304167,49
1102,2,1778,852,926,0,0,0,1.0,1,1.0,1,1.0,1,0.20436641537142908,50
1103,3,1781,853,928,0,0,0,1.0,1,1.0,1,1.0,1,0.15828715083768524,48
1104,2,1783,855,928,0,0,0,1.0,1,1.0,1,1.0,1,0.17730924893641947,50
1105,4,1787,858,929,0,0,0,1.0,1,1.0,1,1.0,1,0.13661952266937197,48
1106,1,1788,859,929,0,0,0,1.0,1,1.0,1,1.0,1,0.1675052364319033,48
1107,1,1789,860,929,0,0,0,1.0,1,1.0,1,1.0,1,0.19409979518023943,47
1108,1,1790,861,929,0,0,0,1.0,1,1.0,1,1.0,1,0.22154226140648925,47
1109,4,1794,863,931,0,0,0,1.0,1,1.0,1,1.0,1,0.17873631767679707,46
1110,1,1795,864,931,0,0,0,1.0,1,1.0,1,1.0,1,0.2028668913092755,43
1111,5,1800,866,934,0,0,0,1.0,1,1.0,1,1.0,1,0.2367196501138938,44
1112,4,1804,868,936,0,0,0,1.0,1,1.0,1,1.0,1,0.2572912268406467,43
1113,1,1805,869,936,0,0,0,1.0,1,1.0,1,1.0,1,0.33308720581955825,39
1114,4,1809,870,939,0,0,0,1.0,1,1.0,1,1.0,1,0.31264171894402376,39
1115,2,1811,872,939,0,0,0,1.0,1,1.0,1,1.0,1,0.2936810661460834,37
1116,4,1815,875,940,0,0,0,1.0,1,1.0,1,1.0,1,0.2789138919507394,37
1117,4,1819,877,942,0,0,0,1.0,1,1.0,1,1.0,1,0.22701371444858756,36
1118,2,1821,877,944,0,0,0,1.0,1,1.0,1,1.0,1,0.16613647055551722,36
1119,0,1821,877,944,0,0,0,1.0,1,1.0,1,1.0,1,0.16613647055551722,36
1120,0,1821,877,944,0,0,0,1.0,1,1.0,1,1.0,1,0.16613647055551722,36
1121,0,1821,877,944,0,0,0,1.0,1,1.0,1,1.0,1,0.16613647055551722,36
1122,0,1821,877,944,0,0,0,1.0,1,1.0,1,1.0,1,0.155292004489097,37
1123,0,1821,877,944,0,0,0,1.0,1,1.0,1,1.0,1,0.155292004489097,37
1124,0,1821,877,944,0,0,0,1.0,1,1.0,1,1.0,1,0.155292004489097,37
1125,1,1822,878,944,0,0,0,1.0,1,1.0,1,1.0,1,0.22702787395288007,38
1126,1,1823,878,945,0,0,0,1.0,1,1.0,1,1.0,1,0.21666464130155705,38
1127,1,1824,878,946,0,0,0,1.0,1,1.0,1,1.0,1,0.23019422441354837,39
1128,0,1824,878,946,0,0,0,1.0,1,1.0,1,1.0,1,0.23019422441354837,39
1129,1,1825,878,947,0,0,0,1.0,1,1.0,1,1.0,1,0.1949552234410585,39
1130,1,1826,879,947,0,0,0,1.0,1,1.0,1,1.0,1,0.2236921663051639,39
1131,0,1826,879,947,0,0,0,1.0,1,1.0,1,1.0,1,0.2236921663051639,39
1132,2,1828,880,948,0,0,0,1.0,1,1.0,1,1.0,1,0.216179393487652,39
1133,0,1828,880,948,0,0,0,1.0,1,1.0,1,1.0,1,0.1895913512909703,42
1134,0,1828,880,948,0,0,0,1.0,1,1.0,1,1.0,1,0.1895913512909703,42
1135,2,1830,881,949,0,0,0,1.0,1,1.0,1,1.0,1,0.2516542096674,44
1136,3,1833,882,951,0,0,0,1.0,1,1.0,1,1.0,1,0.27564946374557686,46
1137,0,1833,882,951,0,0,0,1.0,1,1.0,1,1.0,1,0.2906136571779523,45
1138,2,1835,883,952,0,0,0,1.0,1,1.0,1,1.0,1,0.2880252181988039,46
1139,3,1838,884,954,0,0,0,1.0,1,1.0,1,1.0,1,0.28322701045957543,47
1140,2,1840,885,955,0,0,0,1.0,1,1.0,1,1.0,1,0.27695675958056065,46
1141,2,1842,886,956,0,0,0,1.0,1,1.0,1,1.0,1,0.26938045547237816,45
1142,4,1846,888,958,0,0,0,1.0,1,1.0,1,1.0,1,0.2553506892681114,45
1143,3,1849,890,959,0,0,0,1.0,1,1.0,1,1.0,1,0.23258147434300375,43
1144,6,1855,891,964,0,0,0,1.0,1,1.0,1,1.0,1,0.16060395032866034,45
1145,2,1857,892,965,0,0,0,1.0,1,1.0,1,1.0,1,0.1801618208248847,44
1146,0,1857,892,965,0,0,0,1.0,1,1.0,1,1.0,1,0.19566825486683814,45
1147,4,1861,893,968,0,0,0,1.0,1,1.0,1,1.0,1,0.15671986572755983,44
1148,1,1862,894,968,0,0,0,1.0,1,1.0,1,1.0,1,0.16480172720984007,43
1149,4,1866,895,971,0,0,0,1.0,1,1.0,1,1.0,1,0.18641646595861971,42
1150,4,1870,898,972,0,0,0,1.0,1,1.0,1,1.0,1,0.21833091619088663,45
1151,1,1871,899,972,0,0,0,1.0,1,1.0,1,1.0,1,0.29517088391573276,40
1152,2,1873,900,973,0,0,0,1.0,1,1.0,1,1.0,1,0.3112724717661988,41
1153,7,1880,902,978,0,0,0,1.0,1,1.0,1,1.0,1,0.25283765778027595,38
1154,1,1881,903,978,0,0,0,1.0,1,1.0,1,1.0,1,0.23875748832518223,37
1155,4,1885,904,981,0,0,0,1.0,1,1.0,1,1.0,1,0.23837301086131776,38
1156,1,1886,904,982,0,0,0,1.0,1,1.0,1,1.0,1,0.2653580788402726,38
1157,0,1886,904,982,0,0,0,1.0,1,1.0,1,1.0,1,0.2535356760288422,37
1158,1,1887,905,982,0,0,0,1.0,1,1.0,1,1.0,1,0.301392666971556,36
1159,0,1887,905,982,0,0,0,1.0,1,1.0,1,1.0,1,0.2893966802403221,35
1160,0,1887,905,982,0,0,0,1.0,1,1.0,1,1.0,1,0.2893966802403221,35
1161,0,1887,905,982,0,0,0,1.0,1,1.0,1,1.0,1,0.30194186521999555,36
1162,0,1887,905,982,0,0,0,1.0,1,1.0,1,1.0,1,0.3004109656160056,37
1163,0,1887,905,982,0,0,0,1.0,1,1.0,1,1.0,1,0.3004109656160056,37
1164,0,1887,905,982,0,0,0,1.0,1,1.0,1,1.0,1,0.28955551520921485,38
1165,1,1888,905,983,0,0,0,1.0,1,1.0,1,1.0,1,0.27570839048337265,38
1166,1,1889,905,984,0,0,0,1.0,1,1.0,1,1.0,1,0.29507746121467654,40
1167,3,1892,907,985,0,0,0,1.0,1,1.0,1,1.0,1,0.32619250808695066,40
1168,4,1896,909,987,0,0,0,1.0,1,1.0,1,1.0,1,0.25144921511112167,40
1169,2,1898,909,989,0,0,0,1.0,1,1.0,1,1.0,1,0.19054151226412214,41
1170,4,1902,911,991,0,0,0,1.0,1,1.0,1,1.0,1,0.18787381934555883,41
1171,2,1904,912,992,0,0,0,1.0,1,1.0,1,1.0,1,0.18526875134881404,43
1172,1,1905,913,992,0,0,0,1.0,1,1.0,1,1.0,1,0.18162689058458942,43
1173,0,1905,913,992,0,0,0,1.0,1,1.0,1,1.0,1,0.18162689058458942,43
1174,1,1906,913,993,0,0,0,1.0,1,1.0,1,1.0,1,0.15944328864711638,43
1175,0,1906,913,993,0,0,0,1.0,1,1.0,1,1.0,1,0.17454191880978587,44
1176,1,1907,913,994,0,0,0,1.0,1,1.0,1,1.0,1,0.17043098163662407,45
1177,2,1909,914,995,0,0,0,1.0,1,1.0,1,1.0,1,0.17383152903112697,45
1178,0,1909,914,995,0,0,0,1.0,1,1.0,1,1.0,1,0.17383152903112697,45
1179,0,1909,914,995,0,0,0,1.0,1,1.0,1,1.0,1,0.1969445030456346,46
1180,0,1909,914,995,0,0,0,1.0,1,1.0,1,1.0,1,0.17873541757988198,47
1181,0,1909,914,995,0,0,0,1.0,1,1.0,1,1.0,1,0.19173715551354154,48
1182,2,1911,916,995,0,0,0,1.0,1,1.0,1,1.0,1,0.20516484265348758,48
1183,0,1911,916,995,0,0,0,1.0,1,1.0,1,1.0,1,0.20702843975812155,46
1184,2,1913,918,995,0,0,0,1.0,1,1.0,1,1.0,1,0.2286974307632584,47
1185,2,1915,919,996,0,0,0,1.0,1,1.0,1,1.0,1,0.24718856857341936,44
1186,2,1917,919,998,0,0,0,1.0,1,1.0,1,1.0,1,0.22445580329197334,47
1187,2,1919,920,999,0,0,0,1.0,1,1.0,1,1.0,1,0.2734206935986343,49
1188,0,1919,920,999,0,0,0,1.0,1,1.0,1,1.0,1,0.2726481218943101,50
1189,2,1921,920,1001,0,0,0,1.0,1,1.0,1,1.0,1,0.2423233937721846,48
1190,2,1923,921,1002,0,0,0,1.0,1,1.0,1,1.0,1,0.27306049817667555,48
1191,1,1924,921,1003,0,0,0,1.0,1,1.0,1,1.0,1,0.2791029400847405,46
1192,0,1924,921,1003,0,0,0,1.0,1,1.0,1,1.0,1,0.2791029400847405,46
1193,1,1925,921,1004,0,0,0,1.0,1,1.0,1,1.0,1,0.2516612877256801,45
1194,0,1925,921,1004,0,0,0,1.0,1,1.0,1,1.0,1,0.2516612877256801,45
1195,2,1927,921,1006,0,0,0,1.0,1,1.0,1,1.0,1,0.22412053703291046,47
1196,1,1928,922,1006,0,0,0,1.0,1,1.0,1,1.0,1,0.21754716292910667,48
1197,1,1929,922,1007,0,0,0,1.0,1,1.0,1,1.0,1,0.19779015101546465,49
1198,2,1931,923,1008,0,0,0,1.0,1,1.0,1,1.0,1,0.18239935028144763,49
1199,0,1931,923,1008,0,0,0,1.0,1,1.0,1,1.0,1,0.19268774123602622,50
1200,1,1932,924,1008,0,0,0,1.0,1,1.0,1,1.0,1,0.19999763332941975,50
1201,1,1933,924,1009,0,0,0,1.0,1,1.0,1,1.0,1,0.17727104660001666,50
1202,1,1934,925,1009,0,0,0,1.0,1,1.0,1,1.0,1,0.1903903929182847,51
1203,0,1934,925,1009,0,0,0,1.0,1,1.0,1,1.0,1,0.18220797004615316,52
1204,0,1934,925,1009,0,0,0,1.0,1,1.0,1,1.0,1,0.18220797004615316,52
1205,1,1935,926,1009,0,0,0,1.0,1,1.0,1,1.0,1,0.2237863894351514,53
1206,1,1936,926,1010,0,0,0,1.0,1,1.0,1,1.0,1,0.2209887699621005,53
1207,1,1937,926,1011,0,0,0,1.0,1,1.0,1,1.0,1,0.21894962752880953,55
1208,2,1939,926,1013,0,0,0,1.0,1,1.0,1,1.0,1,0.2089005255845742,56
1209,0,1939,926,1013,0,0,0,1.0,1,1.0,1,1.0,1,0.2195969336595173,55
1210,1,1940,927,1013,0,0,0,1.0,1,1.0,1,1.0,1,0.2141652782904129,55
1211,1,1941,927,1014,0,0,0,1.0,1,1.0,1,1.0,1,0.189193525518825,57
1212,1,1942,928,1014,0,0,0,1.0,1,1.0,1,1.0,1,0.18558000390425705,57
1213,1,1943,928,1015,0,0,0,1.0,1,1.0,1,1.0,1,0.17163090679629503,57
1214,3,1946,931,1015,0,0,0,1.0,1,1.0,1,1.0,1,0.2388191450201871,57
1215,2,1948,931,1017,0,0,0,1.0,1,1.0,1,1.0,1,0.23047685437838056,59
1216,4,1952,931,1021,0,0,0,1.0,1,1.0,1,1.0,1,0.2022655708435935,61
1217,1,1953,932,1021,0,0,0,1.0,1,1.0,1,1.0,1,0.20111632608245708,61
1218,1,1954,933,1021,0,0,0,1.0,1,1.0,1,1.0,1,0.2250011791049944,61
1219,2,1956,934,1022,0,0,0,1.0,1,1.0,1,1.0,1,0.22225319406778538,61
1220,2,1958,935,1023,0,0,0,1.0,1,1.0,1,1.0,1,0.22501597965471704,60
1221,5,1963,937,1026,0,0,0,1.0,1,1.0,1,1.0,1,0.19850875157699213,61
1222,2,1965,937,1028,0,0,0,1.0,1,1.0,1,1.0,1,0.1850782657992158,61
1223,1,1966,938,1028,0,0,0,1.0,1,1.0,1,1.0,1,0.18843578587318804,59
1224,3,1969,941,1028,0,0,0,1.0,1,1.0,1,1.0,1,0.18930257513467982,60
1225,5,1974,943,1031,0,0,0,1.0,1,1.0,1,1.0,1,0.17968921673965924,60
1226,2,1976,944,1032,0,0,0,1.0,1,1.0,1,1.0,1,0.1800286027220482,61
1227,4,1980,945,1035,0,0,0,1.0,1,1.0,1,1.0,1,0.14156169731877183,59
1228,1,1981,946,1035,0,0,0,1.0,1,1.0,1,1.0,1,0.13617068356646117,58
1229,3,1984,948,1036,0,0,0,1.0,1,1.0,1,1.0,1,0.13625237491457318,57
1230,1,1985,949,1036,0,0,0,1.0,1,1.0,1,1.0,1,0.16430520412211216,55
1231,2,1987,950,1037,0,0,0,1.0,1,1.0,1,1.0,1,0.1683893753252842,54
1232,4,1991,953,1038,0,0,0,1.0,1,1.0,1,1.0,1,0.22160123164737314,51
1233,3,1994,955,1039,0,0,0,1.0,1,1.0,1,1.0,1,0.2266586405236194,49
1234,4,1998,957,1041,0,0,0,1.0,1,1.0,1,1.0,1,0.25189811451227473,49
1235,2,2000,957,1043,0,0,0,1.0,1,1.0,1,1.0,1,0.23113198002026433,48
1236,1,2001,957,1044,0,0,0,1.0,1,1.0,1,1.0,1,0.2282463836180109,49
1237,2,2003,958,1045,0,0,0,1.0,1,1.0,1,1.0,1,0.2603617093161962,48
1238,0,2003,958,1045,0,0,0,1.0,1,1.0,1,1.0,1,0.252983112072904,47
1239,1,2004,958,1046,0,0,0,1.0,1,1.0,1,1.0,1,0.2120553023554038,48
1240,1,2005,958,1047,0,0,0,1.0,1,1.0,1,1.0,1,0.21373015875838566,49
1241,0,2005,958,1047,0,0,0,1.0,1,1.0,1,1.0,1,0.21373015875838566,49
1242,0,2005,958,1047,0,0,0,1.0,1,1.0,1,1.0,1,0.21456200864897504,49
1243,1,2006,958,1048,0,0,0,1.0,1,1.0,1,1.0,1,0.20230941036332298,50
1244,1,2007,959,1048,0,0,0,1.0,1,1.0,1,1.0,1,0.25269091408579286,50
1245,3,2010,959,1051,0,0,0,1.0,1,1.0,1,1.0,1,0.24259912875150602,51
1246,2,2012,960,1052,0,0,0,1.0,1,1.0,1,1.0,1,0.2415824645605861,52
1247,0,2012,960,1052,0,0,0,1.0,1,1.0,1,1.0,1,0.2415824645605861,52
1248,3,2015,961,1054,0,0,0,1.0,1,1.0,1,1.0,1,0.2490113991262531,51
1249,2,2017,961,1056,0,0,0,1.0,1,1.0,1,1.0,1,0.20981638795461757,51
1250,1,2018,962,1056,0,0,0,1.0,1,1.0,1,1.0,1,0.23185274780463686,51
1251,2,2020,962,1058,0,0,0,1.0,1,1.0,1,1.0,1,0.21811822390947566,53
1252,5,2025,964,1061,0,0,0,1.0,1,1.0,1,1.0,1,0.17337435195575956,52
1253,0,2025,964,1061,0,0,0,1.0,1,1.0,1,1.0,1,0.17337435195575956,52
1254,0,2025,964,1061,0,0,0,1.0,1,1.0,1,1.0,1,0.16088861319850312,53
1255,1,2026,965,1061,0,0,0,1.0,1,1.0,1,1.0,1,0.18234429555562617,55
1256,0,2026,965,1061,0,0,0,1.0,1,1.0,1,1.0,1,0.18234429555562617,55
1257,1,2027,966,1061,0,0,0,1.0,1,1.0,1,1.0,1,0.21850448608535447,57
1258,2,2029,966,1063,0,0,0,1.0,1,1.0,1,1.0,1,0.18464051553733105,57
1259,0,2029,966,1063,0,0,0,1.0,1,1.0,1,1.0,1,0.18464051553733105,57
1260,1,2030,967,1063,0,0,0,1.0,1,1.0,1,1.0,1,0.19717132181760877,56
1261,2,2032,967,1065,0,0,0,1.0,1,1.0,1,1.0,1,0.17382830566942417,57
1262,2,2034,968,1066,0,0,0,1.0,1,1.0,1,1.0,1,0.1804293507261752,58
1263,3,2037,971,1066,0,0,0,1.0,1,1.0,1,1.0,1,0.2384673850059739,58
1264,1,2038,971,1067,0,0,0,1.0,1,1.0,1,1.0,1,0.21665730432664831,57
1265,4,2042,973,1069,0,0,0,1.0,1,1.0,1,1.0,1,0.1888695759171271,56
1266,4,2046,975,1071,0,0,0,1.0,1,1.0,1,1.0,1,0.2554413780157671,55
1267,5,2051,976,1075,0,0,0,1.0,1,1.0,1,1.0,1,0.20530973970473435,53
1268,1,2052,977,1075,0,0,0,1.0,1,1.0,1,1.0,1,0.22951143939615964,52
1269,1,2053,978,1075,0,0,0,1.0,1,1.0,1,1.0,1,0.2117126783998113,51
1270,0,2053,978,1075,0,0,0,1.0,1,1.0,1,1.0,1,0.22214458718877125,47
1271,1,2054,979,1075,0,0,0,1.0,1,1.0,1,1.0,1,0.23423272924787342,46
1272,0,2054,979,1075,0,0,0,1.0,1,1.0,1,1.0,1,0.20640872428949344,43
1273,3,2057,981,1076,0,0,0,1.0,1,1.0,1,1.0,1,0.20392152478623618,44
1274,2,2059,983,1076,0,0,0,1.0,1,1.0,1,1.0,1,0.2929454543096393,44
1275,5,2064,985,1079,0,0,0,1.0,1,1.0,1,1.0,1,0.2824667995155635,45
1276,5,2069,986,1083,0,0,0,1.0,1,1.0,1,1.0,1,0.21789960553230112,43
1277,3,2072,988,1084,0,0,0,1.0,1,1.0,1,1.0,1,0.1958167473799422,44
1278,3,2075,991,1084,0,0,0,1.0,1,1.0,1,1.0,1,0.23894971344552127,45
1279,2,2077,991,1086,0,0,0,1.0,1,1.0,1,1.0,1,0.20746767767290875,47
1280,1,2078,991,1087,0,0,0,1.0,1,1.0,1,1.0,1,0.1886541399451658,47
1281,1,2079,992,1087,0,0,0,1.0,1,1.0,1,1.0,1,0.18438411128351143,47
1282,2,2081,993,1088,0,0,0,1.0,1,1.0,1,1.0,1,0.18743189587104253,46
1283,2,2083,994,1089,0,0,0,1.0,1,1.0,1,1.0,1,0.1895742856212252,46
1284,0,2083,994,1089,0,0,0,1.0,1,1.0,1,1.0,1,0.1895742856212252,46
1285,1,2084,994,1090,0,0,0,1.0,1,1.0,1,1.0,1,0.19919219276770872,46
1286,0,2084,994,1090,0,0,0,1.0,1,1.0,1,1.0,1,0.20455700174327382,45
1287,3,2087,994,1093,0,0,0,1.0,1,1.0,1,1.0,1,0.19507806785895623,49
1288,0,2087,994,1093,0,0,0,1.0,1,1.0,1,1.0,1,0.19507806785895623,49
1289,0,2087,994,1093,0,0,0,1.0,1,1.0,1,1.0,1,0.19384890346394634,52
1290,0,2087,994,1093,0,0,0,1.0,1,1.0,1,1.0,1,0.19384890346394634,52
1291,0,2087,994,1093,0,0,0,1.0,1,1.0,1,1.0,1,0.19384890346394634,52
1292,2,2089,994,1095,0,0,0,1.0,1,1.0,1,1.0,1,0.15958262102451126,53
1293,0,2089,994,1095,0,0,0,1.0,1,1.0,1,1.0,1,0.15958262102451126,53
1294,0,2089,994,1095,0,0,0,1.0,1,1.0,1,1.0,1,0.15958262102451126,53
1295,1,2090,995,1095,0,0,0,1.0,1,1.0,1,1.0,1,0.17003151437343786,54
1296,0,2090,995,1095,0,0,0,1.0,1,1.0,1,1.0,1,0.16967013210496665,55
1297,1,2091,995,1096,0,0,0,1.0,1,1.0,1,1.0,1,0.17331025429092298,54
1298,1,2092,995,1097,0,0,0,1.0,1,1.0,1,1.0,1,0.1821170687619924,55
1299,0,2092,995,1097,0,0,0,1.0,1,1.0,1,1.0,1,0.20216302532275404,54
1300,3,2095,995,1100,0,0,0,1.0,1,1.0,1,1.0,1,0.18613325638521463,55
1301,3,2098,997,1101,0,0,0,1.0,1,1.0,1,1.0,1,0.22108489970286024,54
1302,2,2100,999,1101,0,0,0,1.0,1,1.0,1,1.0,1,0.2571425531226093,54
1303,7,2107,1002,1105,0,0,0,1.0,1,1.0,1,1.0,1,0.26278094481369046,50
1304,5,2112,1007,1105,0,0,0,1.0,1,1.0,1,1.0,1,0.23683167425368196,51
1305,4,2116,1009,1107,0,0,0,1.0,1,1.0,1,1.0,1,0.2380466451862482,48
1306,6,2122,1012,1110,0,0,0,1.0,1,1.0,1,1.0,1,0.2611382481922944,48
1307,1,2123,1013,1110,0,0,0,1.0,1,1.0,1,1.0,1,0.22848700988336146,48
1308,1,2124,1014,1110,0,0,0,1.0,1,1.0,1,1.0,1,0.2461792014586673,46
1309,3,2127,1016,1111,0,0,0,1.0,1,1.0,1,1.0,1,0.2500796219836569,47
1310,0,2127,1016,1111,0,0,0,1.0,1,1.0,1,1.0,1,0.2628645010140318,46
1311,3,2130,1019,1111,0,0,0,1.0,1,1.0,1,1.0,1,0.33844931545479345,46
1312,7,2137,1021,1116,0,0,0,1.0,1,1.0,1,1.0,1,0.2548067697060959,45
1313,1,2138,1021,1117,0,0,0,1.0,1,1.0,1,1.0,1,0.24505791234300517,44
1314,0,2138,1021,1117,0,0,0,1.0,1,1.0,1,1.0,1,0.2472781672848609,42
1315,1,2139,1021,1118,0,0,0,1.0,1,1.0,1,1.0,1,0.2413809712792431,40
1316,4,2143,1021,1122,0,0,0,1.0,1,1.0,1,1.0,1,0.16081878875425334,42
1317,0,2143,1021,1122,0,0,0,1.0,1,1.0,1,1.0,1,0.16114636592184212,42
1318,0,2143,1021,1122,0,0,0,1.0,1,1.0,1,1.0,1,0.16114636592184212,42
1319,0,2143,1021,1122,0,0,0,1.0,1,1.0,1,1.0,1,0.16114636592184212,42
1320,0,2143,1021,1122,0,0,0,1.0,1,1.0,1,1.0,1,0.16114636592184212,42
1321,0,2143,1021,1122,0,0,0,1.0,1,1.0,1,1.0,1,0.15179992049974717,45
1322,0,2143,1021,1122,0,0,0,1.0,1,1.0,1,1.0,1,0.15179992049974717,45
1323,1,2144,1022,1122,0,0,0,1.0,1,1.0,1,1.0,1,0.16319270713680692,46
1324,1,2145,1022,1123,0,0,0,1.0,1,1.0,1,1.0,1,0.1511793657174176,45
1325,1,2146,1023,1123,0,0,0,1.0,1,1.0,1,1.0,1,0.17990693814205475,46
1326,2,2148,1024,1124,0,0,0,1.0,1,1.0,1,1.0,1,0.21543693133028602,45
1327,0,2148,1024,1124,0,0,0,1.0,1,1.0,1,1.0,1,0.24583483119423077,46
1328,0,2148,1024,1124,0,0,0,1.0,1,1.0,1,1.0,1,0.23840335904871712,47
1329,1,2149,1025,1124,0,0,0,1.0,1,1.0,1,1.0,1,0.2501689922955111,47
1330,0,2149,1025,1124,0,0,0,1.0,1,1.0,1,1.0,1,0.27005692151485367,46
1331,3,2152,1027,1125,0,0,0,1.0,1,1.0,1,1.0,1,0.24496261357083965,46
1332,1,2153,1028,1125,0,0,0,1.0,1,1.0,1,1.0,1,0.27724415776842243,49
1333,1,2154,1028,1126,0,0,0,1.0,1,1.0,1,1.0,1,0.2833961902664728,50
1334,0,2154,1028,1126,0,0,0,1.0,1,1.0,1,1.0,1,0.2833961902664728,50
1335,3,2157,1029,1128,0,0,0,1.0,1,1.0,1,1.0,1,0.30335792918010257,52
1336,2,2159,1029,1130,0,0,0,1.0,1,1.0,1,1.0,1,0.2579430404612627,53
1337,3,2162,1031,1131,0,0,0,1.0,1,1.0,1,1.0,1,0.2926863465624172,54
1338,5,2167,1033,1134,0,0,0,1.0,1,1.0,1,1.0,1,0.28157856343052085,54
1339,0,2167,1033,1134,0,0,0,1.0,1,1.0,1,1.0,1,0.28157856343052085,54
1340,3,2170,1034,1136,0,0,0,1.0,1,1.0,1,1.0,1,0.24078764631794133,53
1341,0,2170,1034,1136,0,0,0,1.0,1,1.0,1,1.0,1,0.22470793304773248,53
1342,2,2172,1036,1136,0,0,0,1.0,1,1.0,1,1.0,1,0.21027594110683911,52
1343,1,2173,1037,1136,0,0,0,1.0,1,1.0,1,1.0,1,0.2101311958040391,50
1344,3,2176,1040,1136,0,0,0,1.0,1,1.0,1,1.0,1,0.2870913719139794,51
1345,2,2178,1040,1138,0,0,0,1.0,1,1.0,1,1.0,1,0.2602116206039296,50
1346,2,2180,1042,1138,0,0,0,1.0,1,1.0,1,1.0,1,0.2709437342012924,50
1347,0,2180,1042,1138,0,0,0,1.0,1,1.0,1,1.0,1,0.25055392137032917,48
1348,2,2182,1042,1140,0,0,0,1.0,1,1.0,1,1.0,1,0.22861539816688803,49
1349,0,2182,1042,1140,0,0,0,1.0,1,1.0,1,1.0,1,0.21859292633325603,48
1350,1,2183,1043,1140,0,0,0,1.0,1,1.0,1,1.0,1,0.2584401234032618,49
1351,0,2183,1043,1140,0,0,0,1.0,1,1.0,1,1.0,1,0.24074374457901157,48
1352,3,2186,1044,1142,0,0,0,1.0,1,1.0,1,1.0,1,0.2099735614846356,49
1353,0,2186,1044,1142,0,0,0,1.0,1,1.0,1,1.0,1,0.2109158829357459,49
1354,3,2189,1045,1144,0,0,0,1.0,1,1.0,1,1.0,1,0.21055416664038268,49
1355,2,2191,1046,1145,0,0,0,1.0,1,1.0,1,1.0,1,0.18372205592013466,50
1356,1,2192,1047,1145,0,0,0,1.0,1,1.0,1,1.0,1,0.19911277867708835,50
1357,6,2198,1051,1147,0,0,0,1.0,1,1.0,1,1.0,1,0.22405575889732396,50
1358,3,2201,1052,1149,0,0,0,1.0,1,1.0,1,1.0,1,0.21574992370551602,51
1359,3,2204,1053,1151,0,0,0,1.0,1,1.0,1,1.0,1,0.2252499632169398,53
1360,3,2207,1053,1154,0,0,0,1.0,1,1.0,1,1.0,1,0.19434315691654958,54
1361,0,2207,1053,1154,0,0,0,1.0,1,1.0,1,1.0,1,0.19434315691654958,54
1362,0,2207,1053,1154,0,0,0,1.0,1,1.0,1,1.0,1,0.18878392123743526,55
1363,0,2207,1053,1154,0,0,0,1.0,1,1.0,1,1.0,1,0.18878392123743526,55
1364,1,2208,1053,1155,0,0,0,1.0,1,1.0,1,1.0,1,0.18896529349493563,55
1365,2,2210,1054,1156,0,0,0,1.0,1,1.0,1,1.0,1,0.18701574300446455,56
1366,1,2211,1054,1157,0,0,0,1.0,1,1.0,1,1.0,1,0.17543172238883278,56
1367,3,2214,1055,1159,0,0,0,1.0,1,1.0,1,1.0,1,0.15720094508002486,56
1368,1,2215,1055,1160,0,0,0,1.0,1,1.0,1,1.0,1,0.16454826382218182,58
1369,1,2216,1055,1161,0,0,0,1.0,1,1.0,1,1.0,1,0.16786575257960168,59
1370,1,2217,1056,1161,0,0,0,1.0,1,1.0,1,1.0,1,0.17317711683277184,59
1371,0,2217,1056,1161,0,0,0,1.0,1,1.0,1,1.0,1,0.17317711683277184,59
1372,1,2218,1057,1161,0,0,0,1.0,1,1.0,1,1.0,1,0.1776787215052065,59
1373,1,2219,1057,1162,0,0,0,1.0,1,1.0,1,1.0,1,0.17275248756387634,59
1374,5,2224,1060,1164,0,0,0,1.0,1,1.0,1,1.0,1,0.18451963115021122,60
1375,4,2228,1061,1167,0,0,0,1.0,1,1.0,1,1.0,1,0.17017753158339743,61
1376,1,2229,1061,1168,0,0,0,1.0,1,1.0,1,1.0,1,0.1904840406831954,61
1377,1,2230,1062,1168,0,0,0,1.0,1,1.0,1,1.0,1,0.21888996971697802,61
1378,7,2237,1064,1173,0,0,0,1.0,1,1.0,1,1.0,1,0.18356178981377866,61
1379,2,2239,1065,1174,0,0,0,1.0,1,1.0,1,1.0,1,0.17814753527265206,60
1380,1,2240,1066,1174,0,0,0,1.0,1,1.0,1,1.0,1,0.2138556933699769,60
1381,3,2243,1066,1177,0,0,0,1.0,1,1.0,1,1.0,1,0.19338026710650016,58
1382,2,2245,1068,1177,0,0,0,1.0,1,1.0,1,1.0,1,0.2153522021872189,58
1383,3,2248,1070,1178,0,0,0,1.0,1,1.0,1,1.0,1,0.16629037263125693,57
1384,4,2252,1074,1178,0,0,0,1.0,1,1.0,1,1.0,1,0.20708547247848857,54
1385,2,2254,1075,1179,0,0,0,1.0,1,1.0,1,1.0,1,0.21052543620521588,52
1386,3,2257,1077,1180,0,0,0,1.0,1,1.0,1,1.0,1,0.20226084795309174,51
1387,3,2260,1078,1182,0,0,0,1.0,1,1.0,1,1.0,1,0.21803477940487792,51
1388,5,2265,1081,1184,0,0,0,1.0,1,1.0,1,1.0,1,0.17289767560968528,52
1389,0,2265,1081,1184,0,0,0,1.0,1,1.0,1,1.0,1,0.1922998880583514,50
1390,0,2265,1081,1184,0,0,0,1.0,1,1.0,1,1.0,1,0.187906045001078,51
1391,0,2265,1081,1184,0,0,0,1.0,1,1.0,1,1.0,1,0.19105861788917022,50
1392,2,2267,1082,1185,0,0,0,1.0,1,1.0,1,1.0,1,0.19819358152242486,50
1393,2,2269,1082,1187,0,0,0,1.0,1,1.0,1,1.0,1,0.1761135674007412,49
1394,2,2271,1084,1187,0,0,0,1.0,1,1.0,1,1.0,1,0.2209671053881788,50
1395,1,2272,1084,1188,0,0,0,1.0,1,1.0,1,1.0,1,0.2126263403195404,51
1396,4,2276,1085,1191,0,0,0,1.0,1,1.0,1,1.0,1,0.19071148106817035,52
1397,1,2277,1085,1192,0,0,0,1.0,1,1.0,1,1.0,1,0.17443417976511946,52
1398,0,2277,1085,1192,0,0,0,1.0,1,1.0,1,1.0,1,0.171836696294747,53
1399,1,2278,1086,1192,0,0,0,1.0,1,1.0,1,1.0,1,0.17031030720628523,54
1400,1,2279,1087,1192,0,0,0,1.0,1,1.0,1,1.0,1,0.18131802261019178,54
1401,1,2280,1088,1192,0,0,0,1.0,1,1.0,1,1.0,1,0.19005268610341416,54
1402,3,2283,1090,1193,0,0,0,1.0,1,1.0,1,1.0,1,0.20025160728037011,53
1403,2,2285,1090,1195,0,0,0,1.0,1,1.0,1,1.0,1,0.19305603018029358,52
1404,1,2286,1090,1196,0,0,0,1.0,1,1.0,1,1.0,1,0.19341379501472014,53
1405,1,2287,1090,1197,0,0,0,1.0,1,1.0,1,1.0,1,0.2073398051381373,52
1406,0,2287,1090,1197,0,0,0,1.0,1,1.0,1,1.0,1,0.19303991198671236,53
1407,0,2287,1090,1197,0,0,0,1.0,1,1.0,1,1.0,1,0.20308288760414428,54
1408,0,2287,1090,1197,0,0,0,1.0,1,1.0,1,1.0,1,0.21526837255751,53
1409,2,2289,1090,1199,0,0,0,1.0,1,1.0,1,1.0,1,0.20333139190654434,55
1410,0,2289,1090,1199,0,0,0,1.0,1,1.0,1,1.0,1,0.2026592471714742,54
1411,0,2289,1090,1199,0,0,0,1.0,1,1.0,1,1.0,1,0.2026592471714742,54
1412,0,2289,1090,1199,0,0,0,1.0,1,1.0,1,1.0,1,0.20694975718607522,53
1413,0,2289,1090,1199,0,0,0,1.0,1,1.0,1,1.0,1,0.1977329673431539,54
1414,1,2290,1090,1200,0,0,0,1.0,1,1.0,1,1.0,1,0.19869907489248026,55
1415,1,2291,1090,1201,0,0,0,1.0,1,1.0,1,1.0,1,0.17510584920940422,57
1416,2,2293,1091,1202,0,0,0,1.0,1,1.0,1,1.0,1,0.2023568113287766,59
1417,2,2295,1092,1203,0,0,0,1.0,1,1.0,1,1.0,1,0.21184285595502647,58
1418,1,2296,1093,1203,0,0,0,1.0,1,1.0,1,1.0,1,0.24352301082387484,57
1419,3,2299,1094,1205,0,0,0,1.0,1,1.0,1,1.0,1,0.23383891361518272,56
1420,4,2303,1094,1209,0,0,0,1.0,1,1.0,1,1.0,1,0.23029057779532067,54
1421,0,2303,1094,1209,0,0,0,1.0,1,1.0,1,1.0,1,0.22382532399174196,55
1422,0,2303,1094,1209,0,0,0,1.0,1,1.0,1,1.0,1,0.19844779367992585,52
1423,2,2305,1096,1209,0,0,0,1.0,1,1.0,1,1.0,1,0.2249772065333257,52
1424,3,2308,1099,1209,0,0,0,1.0,1,1.0,1,1.0,1,0.2556449624703273,51
1425,0,2308,1099,1209,0,0,0,1.0,1,1.0,1,1.0,1,0.2584782942219602,50
1426,6,2314,1101,1213,0,0,0,1.0,1,1.0,1,1.0,1,0.23816752995923732,50
1427,0,2314,1101,1213,0,0,0,1.0,1,1.0,1,1.0,1,0.23737179884745685,48
1428,3,2317,1104,1213,0,0,0,1.0,1,1.0,1,1.0,1,0.2795354485499189,48
1429,2,2319,1104,1215,0,0,0,1.0,1,1.0,1,1.0,1,0.2523487368416368,48
1430,2,2321,1105,1216,0,0,0,1.0,1,1.0,1,1.0,1,0.25097425656864514,48
1431,1,2322,1105,1217,0,0,0,1.0,1,1.0,1,1.0,1,0.2416210600100883,48
1432,3,2325,1105,1220,0,0,0,1.0,1,1.0,1,1.0,1,0.1857107892785009,50
1433,0,2325,1105,1220,0,0,0,1.0,1,1.0,1,1.0,1,0.19814991406796123,51
1434,2,2327,1107,1220,0,0,0,1.0,1,1.0,1,1.0,1,0.19775144487096566,51
1435,4,2331,1109,1222,0,0,0,1.0,1,1.0,1,1.0,1,0.18603221420553132,50
1436,4,2335,1111,1224,0,0,0,1.0,1,1.0,1,1.0,1,0.1879907413175221,51
1437,0,2335,1111,1224,0,0,0,1.0,1,1.0,1,1.0,1,0.1879907413175221,51
1438,3,2338,1113,1225,0,0,0,1.0,1,1.0,1,1.0,1,0.1909202728269671,51
1439,2,2340,1115,1225,0,0,0,1.0,1,1.0,1,1.0,1,0.2152582433770399,50
1440,3,2343,1116,1227,0,0,0,1.0,1,1.0,1,1.0,1,0.25858017368635294,51
1441,1,2344,1116,1228,0,0,0,1.0,1,1.0,1,1.0,1,0.2479369443519528,51
1442,3,2347,1117,1230,0,0,0,1.0,1,1.0,1,1.0,1,0.22760971671450322,52
1443,3,2350,1117,1233,0,0,0,1.0,1,1.0,1,1.0,1,0.219025146506971,53
1444,1,2351,1117,1234,0,0,0,1.0,1,1.0,1,1.0,1,0.19867130299786764,54
1445,0,2351,1117,1234,0,0,0,1.0,1,1.0,1,1.0,1,0.19867130299786764,54
1446,0,2351,1117,1234,0,0,0,1.0,1,1.0,1,1.0,1,0.21114400449247353,54
1447,1,2352,1117,1235,0,0,0,1.0,1,1.0,1,1.0,1,0.18099873304575678,55
1448,1,2353,1117,1236,0,0,0,1.0,1,1.0,1,1.0,1,0.17416527571987414,55
1449,0,2353,1117,1236,0,0,0,1.0,1,1.0,1,1.0,1,0.17416527571987414,55
1450,2,2355,1117,1238,0,0,0,1.0,1,1.0,1,1.0,1,0.15246020071357413,57
1451,1,2356,1117,1239,0,0,0,1.0,1,1.0,1,1.0,1,0.1374850763437412,57
1452,0,2356,1117,1239,0,0,0,1.0,1,1.0,1,1.0,1,0.1374850763437412,57
1453,3,2359,1119,1240,0,0,0,1.0,1,1.0,1,1.0,1,0.15942388995576762,57
1454,5,2364,1121,1243,0,0,0,1.0,1,1.0,1,1.0,1,0.17421335084888123,58
1455,0,2364,1121,1243,0,0,0,1.0,1,1.0,1,1.0,1,0.17182050718547404,56
1456,2,2366,1123,1243,0,0,0,1.0,1,1.0,1,1.0,1,0.1760340845725001,55
1457,1,2367,1123,1244,0,0,0,1.0,1,1.0,1,1.0,1,0.18742069487064578,54
1458,2,2369,1124,1245,0,0,0,1.0,1,1.0,1,1.0,1,0.1768133368387545,53
1459,3,2372,1124,1248,0,0,0,1.0,1,1.0,1,1.0,1,0.10616122481998884,52
1460,0,2372,1124,1248,0,0,0,1.0,1,1.0,1,1.0,1,0.11039529492638395,51
1461,2,2374,1126,1248,0,0,0,1.0,1,1.0,1,1.0,1,0.10998556306969941,51
1462,5,2379,1130,1249,0,0,0,1.0,1,1.0,1,1.0,1,0.1440472636287274,51
1463,3,2382,1133,1249,0,0,0,1.0,1,1.0,1,1.0,1,0.20167559083649786,52
1464,3,2385,1136,1249,0,0,0,1.0,1,1.0,1,1.0,1,0.22067702877426545,52
1465,5,2390,1137,1253,0,0,0,1.0,1,1.0,1,1.0,1,0.18369928224441787,51
1466,2,2392,1139,1253,0,0,0,1.0,1,1.0,1,1.0,1,0.21172233906616794,50
1467,3,2395,1141,1254,0,0,0,1.0,1,1.0,1,1.0,1,0.2397380762490816,48
1468,7,2402,1144,1258,0,0,0,1.0,1,1.0,1,1.0,1,0.15904962900158895,48
1469,6,2408,1145,1263,0,0,0,1.0,1,1.0,1,1.0,1,0.12298649282516619,48
1470,2,2410,1146,1264,0,0,0,1.0,1,1.0,1,1.0,1,0.10979952853765201,48
1471,1,2411,1147,1264,0,0,0,1.0,1,1.0,1,1.0,1,0.1697716172988771,45
1472,2,2413,1147,1266,0,0,0,1.0,1,1.0,1,1.0,1,0.13341521140349,45
1473,1,2414,1148,1266,0,0,0,1.0,1,1.0,1,1.0,1,0.12685932475656947,46
1474,1,2415,1148,1267,0,0,0,1.0,1,1.0,1,1.0,1,0.14033144858109686,46
1475,1,2416,1149,1267,0,0,0,1.0,1,1.0,1,1.0,1,0.14170907705580402,46
1476,0,2416,1149,1267,0,0,0,1.0,1,1.0,1,1.0,1,0.15374718307476923,47
1477,1,2417,1149,1268,0,0,0,1.0,1,1.0,1,1.0,1,0.12673432542988408,47
1478,2,2419,1150,1269,0,0,0,1.0,1,1.0,1,1.0,1,0.16788485427066568,47
1479,0,2419,1150,1269,0,0,0,1.0,1,1.0,1,1.0,1,0.17164735866730038,48
1480,2,2421,1151,1270,0,0,0,1.0,1,1.0,1,1.0,1,0.18504206883434499,47
1481,2,2423,1153,1270,0,0,0,1.0,1,1.0,1,1.0,1,0.20719752136715966,47
1482,2,2425,1155,1270,0,0,0,1.0,1,1.0,1,1.0,1,0.23478479676570793,46
1483,2,2427,1155,1272,0,0,0,1.0,1,1.0,1,1.0,1,0.22248860592465974,47
1484,3,2430,1155,1275,0,0,0,1.0,1,1.0,1,1.0,1,0.18305619299200016,47
1485,1,2431,1155,1276,0,0,0,1.0,1,1.0,1,1.0,1,0.22113128408167246,47
1486,2,2433,1156,1277,0,0,0,1.0,1,1.0,1,1.0,1,0.19299269533952296,49
1487,3,2436,1158,1278,0,0,0,1.0,1,1.0,1,1.0,1,0.15935109695780364,49
1488,1,2437,1159,1278,0,0,0,1.0,1,1.0,1,1.0,1,0.15867634828962804,51
1489,2,2439,1160,1279,0,0,0,1.0,1,1.0,1,1.0,1,0.18947957451204311,52
1490,0,2439,1160,1279,0,0,0,1.0,1,1.0,1,1.0,1,0.18947957451204311,52
1491,3,2442,1162,1280,0,0,0,1.0,1,1.0,1,1.0,1,0.17538357748053005,53
1492,4,2446,1165,1281,0,0,0,1.0,1,1.0,1,1.0,1,0.19170878972980188,53
1493,0,2446,1165,1281,0,0,0,1.0,1,1.0,1,1.0,1,0.14563741895114415,52
1494,2,2448,1167,1281,0,0,0,1.0,1,1.0,1,1.0,1,0.14333556414997126,50
1495,3,2451,1169,1282,0,0,0,1.0,1,1.0,1,1.0,1,0.1213452297733162,50
1496,4,2455,1171,1284,0,0,0,1.0,1,1.0,1,1.0,1,0.14657565636191205,52
1497,1,2456,1172,1284,0,0,0,1.0,1,1.0,1,1.0,1,0.16510639257611193,51
1498,2,2458,1173,1285,0,0,0,1.0,1,1.0,1,1.0,1,0.15235500729843124,50
1499,0,2458,1173,1285,0,0,0,1.0,1,1.0,1,1.0,1,0.14483089870193458,50
1500,2,2460,1175,1285,0,0,0,1.0,1,1.0,1,1.0,1,0.1974589157132768,49
1501,3,2463,1176,1287,0,0,0,1.0,1,1.0,1,1.0,1,0.15896818343025962,47
1502,3,2466,1179,1287,0,0,0,1.0,1,1.0,1,1.0,1,0.23234155148799043,47
1503,2,2468,1180,1288,0,0,0,1.0,1,1.0,1,1.0,1,0.18043672797862856,47
1504,1,2469,1181,1288,0,0,0,1.0,1,1.0,1,1.0,1,0.1908240670341872,48
1505,1,2470,1182,1288,0,0,0,1.0,1,1.0,1,1.0,1,0.19313483783110605,47
1506,2,2472,1184,1288,0,0,0,1.0,1,1.0,1,1.0,1,0.2069127048355546,47
1507,2,2474,1186,1288,0,0,0,1.0,1,1.0,1,1.0,1,0.22930322069377557,45
1508,1,2475,1187,1288,0,0,0,1.0,1,1.0,1,1.0,1,0.22365919797413616,45
1509,3,2478,1190,1288,0,0,0,1.0,1,1.0,1,1.0,1,0.2678292498183927,44
1510,3,2481,1192,1289,0,0,0,1.0,1,1.0,1,1.0,1,0.3028048592327446,42
1511,0,2481,1192,1289,0,0,0,1.0,1,1.0,1,1.0,1,0.2999476050361684,40
1512,6,2487,1196,1291,0,0,0,1.0,1,1.0,1,1.0,1,0.3602131591959761,39
1513,4,2491,1196,1295,0,0,0,1.0,1,1.0,1,1.0,1,0.23519561015837082,39
1514,3,2494,1196,1298,0,0,0,1.0,1,1.0,1,1.0,1,0.19599937833956171,38
1515,2,2496,1196,1300,0,0,0,1.0,1,1.0,1,1.0,1,0.21645353249013033,39
1516,0,2496,1196,1300,0,0,0,1.0,1,1.0,1,1.0,1,0.21645353249013033,39
1517,2,2498,1197,1301,0,0,0,1.0,1,1.0,1,1.0,1,0.20856062238504197,39
1518,1,2499,1198,1301,0,0,0,1.0,1,1.0,1,1.0,1,0.22995773833594463,39
1519,1,2500,1198,1302,0,0,0,1.0,1,1.0,1,1.0,1,0.18791633566599666,39
1520,2,2502,1200,1302,0,0,0,1.0,1,1.0,1,1.0,1,0.2363355952796687,39
1521,1,2503,1201,1302,0,0,0,1.0,1,1.0,1,1.0,1,0.2587778868859713,40
1522,3,2506,1202,1304,0,0,0,1.0,1,1.0,1,1.0,1,0.24311150616982424,40
1523,0,2506,1202,1304,0,0,0,1.0,1,1.0,1,1.0,1,0.2569570230625305,41
1524,3,2509,1203,1306,0,0,0,1.0,1,1.0,1,1.0,1,0.2416564210771529,42
1525,2,2511,1204,1307,0,0,0,1.0,1,1.0,1,1.0,1,0.22916399651775096,45
1526,2,2513,1204,1309,0,0,0,1.0,1,1.0,1,1.0,1,0.22216736674713908,46
1527,0,2513,1204,1309,0,0,0,1.0,1,1.0,1,1.0,1,0.22216736674713908,46
1528,0,2513,1204,1309,0,0,0,1.0,1,1.0,1,1.0,1,0.22360910460780956,47
1529,0,2513,1204,1309,0,0,0,1.0,1,1.0,1,1.0,1,0.22360910460780956,47
1530,2,2515,1204,1311,0,0,0,1.0,1,1.0,1,1.0,1,0.19641115191307196,48
1531,0,2515,1204,1311,0,0,0,1.0,1,1.0,1,1.0,1,0.18964061079211283,46
1532,1,2516,1204,1312,0,0,0,1.0,1,1.0,1,1.0,1,0.1555525592212326,47
1533,0,2516,1204,1312,0,0,0,1.0,1,1.0,1,1.0,1,0.15326705733685445,46
1534,1,2517,1205,1312,0,0,0,1.0,1,1.0,1,1.0,1,0.14659998391982568,47
1535,1,2518,1206,1312,0,0,0,1.0,1,1.0,1,1.0,1,0.15575977564601035,47
1536,0,2518,1206,1312,0,0,0,1.0,1,1.0,1,1.0,1,0.16922224762215735,48
1537,0,2518,1206,1312,0,0,0,1.0,1,1.0,1,1.0,1,0.16642417285651706,46
1538,0,2518,1206,1312,0,0,0,1.0,1,1.0,1,1.0,1,0.18467253290243607,47
1539,0,2518,1206,1312,0,0,0,1.0,1,1.0,1,1.0,1,0.21546507081180866,47
1540,2,2520,1207,1313,0,0,0,1.0,1,1.0,1,1.0,1,0.1994891724544198,47
1541,0,2520,1207,1313,0,0,0,1.0,1,1.0,1,1.0,1,0.1989311297882837,47
1542,5,2525,1209,1316,0,0,0,1.0,1,1.0,1,1.0,1,0.21435403620934584,50
1543,3,2528,1212,1316,0,0,0,1.0,1,1.0,1,1.0,1,0.2364841148010577,47
1544,5,2533,1215,1318,0,0,0,1.0,1,1.0,1,1.0,1,0.27678128979021205,48
1545,3,2536,1216,1320,0,0,0,1.0,1,1.0,1,1.0,1,0.2485755271251603,47
1546,4,2540,1217,1323,0,0,0,1.0,1,1.0,1,1.0,1,0.2119910055108777,47
1547,3,2543,1218,1325,0,0,0,1.0,1,1.0,1,1.0,1,0.19677704512868482,47
1548,1,2544,1218,1326,0,0,0,1.0,1,1.0,1,1.0,1,0.17739123011497382,47
1549,7,2551,1223,1328,0,0,0,1.0,1,1.0,1,1.0,1,0.15100004728793714,46
1550,2,2553,1225,1328,0,0,0,1.0,1,1.0,1,1.0,1,0.16203591556254052,44
1551,4,2557,1229,1328,0,0,0,1.0,1,1.0,1,1.0,1,0.22041700792121377,45
1552,8,2565,1231,1334,0,0,0,1.0,1,1.0,1,1.0,1,0.18405042493550935,43
1553,1,2566,1231,1335,0,0,0,1.0,1,1.0,1,1.0,1,0.17782440710064398,43
1554,0,2566,1231,1335,0,0,0,1.0,1,1.0,1,1.0,1,0.21915480441034577,41
1555,2,2568,1231,1337,0,0,0,1.0,1,1.0,1,1.0,1,0.20445262884960902,44
1556,2,2570,1232,1338,0,0,0,1.0,1,1.0,1,1.0,1,0.17925660722232184,45
1557,0,2570,1232,1338,0,0,0,1.0,1,1.0,1,1.0,1,0.17925660722232184,45
1558,1,2571,1232,1339,0,0,0,1.0,1,1.0,1,1.0,1,0.16292164786392496,46
1559,0,2571,1232,1339,0,0,0,1.0,1,1.0,1,1.0,1,0.15932166481444648,47
1560,2,2573,1234,1339,0,0,0,1.0,1,1.0,1,1.0,1,0.11081673202065456,46
1561,0,2573,1234,1339,0,0,0,1.0,1,1.0,1,1.0,1,0.10621326108458985,47
1562,0,2573,1234,1339,0,0,0,1.0,1,1.0,1,1.0,1,0.11115694909664668,47
1563,1,2574,1235,1339,0,0,0,1.0,1,1.0,1,1.0,1,0.13710908677208322,47
1564,0,2574,1235,1339,0,0,0,1.0,1,1.0,1,1.0,1,0.13710908677208322,47
1565,2,2576,1235,1341,0,0,0,1.0,1,1.0,1,1.0,1,0.16501972608876447,48
1566,1,2577,1236,1341,0,0,0,1.0,1,1.0,1,1.0,1,0.1733584490880967,48
1567,1,2578,1236,1342,0,0,0,1.0,1,1.0,1,1.0,1,0.1957135464527855,48
1568,2,2580,1238,1342,0,0,0,1.0,1,1.0,1,1.0,1,0.2515030886143373,48
1569,0,2580,1238,1342,0,0,0,1.0,1,1.0,1,1.0,1,0.2205537656463527,45
1570,1,2581,1238,1343,0,0,0,1.0,1,1.0,1,1.0,1,0.21709889745362373,44
1571,2,2583,1240,1343,0,0,0,1.0,1,1.0,1,1.0,1,0.1945467101940201,42
1572,4,2587,1242,1345,0,0,0,1.0,1,1.0,1,1.0,1,0.2140093707344121,43
1573,1,2588,1242,1346,0,0,0,1.0,1,1.0,1,1.0,1,0.19654100888503215,43
1574,5,2593,1245,1348,0,0,0,1.0,1,1.0,1,1.0,1,0.21874891356307946,42
1575,5,2598,1247,1351,0,0,0,1.0,1,1.0,1,1.0,1,0.201366476777735,43
1576,3,2601,1250,1351,0,0,0,1.0,1,1.0,1,1.0,1,0.23395614338953177,41
1577,1,2602,1250,1352,0,0,0,1.0,1,1.0,1,1.0,1,0.20269637863132875,40
1578,0,2602,1250,1352,0,0,0,1.0,1,1.0,1,1.0,1,0.20028726287810686,40
1579,0,2602,1250,1352,0,0,0,1.0,1,1.0,1,1.0,1,0.20025508269071826,40
1580,0,2602,1250,1352,0,0,0,1.0,1,1.0,1,1.0,1,0.20025508269071826,40
1581,2,2604,1252,1352,0,0,0,1.0,1,1.0,1,1.0,1,0.23449605851053953,40
1582,7,2611,1255,1356,0,0,0,1.0,1,1.0,1,1.0,1,0.20084753333621144,40
1583,1,2612,1256,1356,0,0,0,1.0,1,1.0,1,1.0,1,0.21832293088429322,38
1584,2,2614,1258,1356,0,0,0,1.0,1,1.0,1,1.0,1,0.2397934094921679,39
1585,2,2616,1260,1356,0,0,0,1.0,1,1.0,1,1.0,1,0.2195569998635607,38
1586,2,2618,1262,1356,0,0,0,1.0,1,1.0,1,1.0,1,0.19913181697288565,38
1587,3,2621,1264,1357,0,0,0,1.0,1,1.0,1,1.0,1,0.14986561805774845,37
1588,4,2625,1267,1358,0,0,0,1.0,1,1.0,1,1.0,1,0.18829508479092966,39
1589,1,2626,1268,1358,0,0,0,1.0,1,1.0,1,1.0,1,0.20110725105280478,37
1590,2,2628,1269,1359,0,0,0,1.0,1,1.0,1,1.0,1,0.19392453970266993,37
1591,2,2630,1270,1360,0,0,0,1.0,1,1.0,1,1.0,1,0.24729495999908946,36
1592,0,2630,1270,1360,0,0,0,1.0,1,1.0,1,1.0,1,0.2693310992530874,34
1593,1,2631,1271,1360,0,0,0,1.0,1,1.0,1,1.0,1,0.3584175130235981,33
1594,1,2632,1271,1361,0,0,0,1.0,1,1.0,1,1.0,1,0.32922561559572516,31
1595,5,2637,1272,1365,0,0,0,1.0,1,1.0,1,1.0,1,0.2015567805795563,34
1596,0,2637,1272,1365,0,0,0,1.0,1,1.0,1,1.0,1,0.2005126080480913,33
1597,0,2637,1272,1365,0,0,0,1.0,1,1.0,1,1.0,1,0.2005126080480913,33
1598,0,2637,1272,1365,0,0,0,1.0,1,1.0,1,1.0,1,0.20633076007518922,33
1599,1,2638,1273,1365,0,0,0,1.0,1,1.0,1,1.0,1,0.20319991599623108,33
1600,1,2639,1273,1366,0,0,0,1.0,1,1.0,1,1.0,1,0.19430330036851814,34
1601,2,2641,1275,1366,0,0,0,1.0,1,1.0,1,1.0,1,0.257772784067002,35
1602,0,2641,1275,1366,0,0,0,1.0,1,1.0,1,1.0,1,0.2376423434624599,36
1603,3,2644,1276,1368,0,0,0,1.0,1,1.0,1,1.0,1,0.2667552598432234,38
1604,3,2647,1277,1370,0,0,0,1.0,1,1.0,1,1.0,1,0.22582115483886814,38
1605,1,2648,1277,1371,0,0,0,1.0,1,1.0,1,1.0,1,0.19942541474554082,38
1606,2,2650,1279,1371,0,0,0,1.0,1,1.0,1,1.0,1,0.2683234716226508,39
1607,3,2653,1280,1373,0,0,0,1.0,1,1.0,1,1.0,1,0.268956142725283,37
1608,3,2656,1281,1375,0,0,0,1.0,1,1.0,1,1.0,1,0.25237684209218264,36
1609,2,2658,1281,1377,0,0,0,1.0,1,1.0,1,1.0,1,0.19690855032461194,34
1610,1,2659,1282,1377,0,0,0,1.0,1,1.0,1,1.0,1,0.18285892272707918,34
1611,1,2660,1283,1377,0,0,0,1.0,1,1.0,1,1.0,1,0.21094176144292529,35
1612,1,2661,1283,1378,0,0,0,1.0,1,1.0,1,1.0,1,0.22330616618164714,33
1613,1,2662,1283,1379,0,0,0,1.0,1,1.0,1,1.0,1,0.19694177248460826,34
1614,1,2663,1283,1380,0,0,0,1.0,1,1.0,1,1.0,1,0.15534253020716163,35
1615,0,2663,1283,1380,0,0,0,1.0,1,1.0,1,1.0,1,0.15534253020716163,35
1616,1,2664,1284,1380,0,0,0,1.0,1,1.0,1,1.0,1,0.15562947351259468,37
1617,1,2665,1285,1380,0,0,0,1.0,1,1.0,1,1.0,1,0.17617750850105957,38
1618,1,2666,1285,1381,0,0,0,1.0,1,1.0,1,1.0,1,0.15279066149614423,38
1619,0,2666,1285,1381,0,0,0,1.0,1,1.0,1,1.0,1,0.18953922428746808,38
1620,2,2668,1287,1381,0,0,0,1.0,1,1.0,1,1.0,1,0.21187089748196583,39
1621,3,2671,1289,1382,0,0,0,1.0,1,1.0,1,1.0,1,0.20203110856268386,37
1622,2,2673,1290,1383,0,0,0,1.0,1,1.0,1,1.0,1,0.23896635781762124,37
1623,6,2679,1293,1386,0,0,0,1.0,1,1.0,1,1.0,1,0.2359435929922827,37
1624,2,2681,1294,1387,0,0,0,1.0,1,1.0,1,1.0,1,0.2763298952294083,37
1625,1,2682,1295,1387,0,0,0,1.0,1,1.0,1,1.0,1,0.2674655142610897,35
1626,0,2682,1295,1387,0,0,0,1.0,1,1.0,1,1.0,1,0.2674655142610897,35
1627,0,2682,1295,1387,0,0,0,1.0,1,1.0,1,1.0,1,0.26019381652272394,34
1628,4,2686,1297,1389,0,0,0,1.0,1,1.0,1,1.0,1,0.2568337168577055,35
1629,1,2687,1298,1389,0,0,0,1.0,1,1.0,1,1.0,1,0.2903999887259836,34
1630,2,2689,1298,1391,0,0,0,1.0,1,1.0,1,1.0,1,0.19577485686370746,32
1631,0,2689,1298,1391,0,0,0,1.0,1,1.0,1,1.0,1,0.21863097918564184,33
1632,0,2689,1298,1391,0,0,0,1.0,1,1.0,1,1.0,1,0.25866276325444776,32
1633,1,2690,1298,1392,0,0,0,1.0,1,1.0,1,1.0,1,0.23843863513839136,31
1634,2,2692,1299,1393,0,0,0,1.0,1,1.0,1,1.0,1,0.2218797875703119,31
1635,0,2692,1299,1393,0,0,0,1.0,1,1.0,1,1.0,1,0.23375777280480617,31
1636,1,2693,1299,1394,0,0,0,1.0,1,1.0,1,1.0,1,0.2512514774764006,33
1637,0,2693,1299,1394,0,0,0,1.0,1,1.0,1,1.0,1,0.2512514774764006,33
1638,2,2695,1299,1396,0,0,0,1.0,1,1.0,1,1.0,1,0.2204327069511806,36
1639,0,2695,1299,1396,0,0,0,1.0,1,1.0,1,1.0,1,0.2204327069511806,36
1640,1,2696,1300,1396,0,0,0,1.0,1,1.0,1,1.0,1,0.23961221561509424,36
1641,1,2697,1301,1396,0,0,0,1.0,1,1.0,1,1.0,1,0.22637808297987902,38
1642,1,2698,1302,1396,0,0,0,1.0,1,1.0,1,1.0,1,0.25181144098512254,37
1643,4,2702,1304,1398,0,0,0,1.0,1,1.0,1,1.0,1,0.23968054262236813,37
1644,3,2705,1306,1399,0,0,0,1.0,1,1.0,1,1.0,1,0.307272442889855,38
1645,1,2706,1306,1400,0,0,0,1.0,1,1.0,1,1.0,1,0.33552583066195923,36
1646,2,2708,1307,1401,0,0,0,1.0,1,1.0,1,1.0,1,0.3561970218111724,37
1647,1,2709,1308,1401,0,0,0,1.0,1,1.0,1,1.0,1,0.3964776647148456,35
1648,3,2712,1308,1404,0,0,0,1.0,1,1.0,1,1.0,1,0.3450259238947469,38
1649,1,2713,1309,1404,0,0,0,1.0,1,1.0,1,1.0,1,0.364522518663082,35
1650,0,2713,1309,1404,0,0,0,1.0,1,1.0,1,1.0,1,0.37819378590783087,34
1651,0,2713,1309,1404,0,0,0,1.0,1,1.0,1,1.0,1,0.3782247155093806,32
1652,1,2714,1309,1405,0,0,0,1.0,1,1.0,1,1.0,1,0.3423975859820691,33
1653,0,2714,1309,1405,0,0,0,1.0,1,1.0,1,1.0,1,0.3423975859820691,33
1654,0,2714,1309,1405,0,0,0,1.0,1,1.0,1,1.0,1,0.3582390409845897,34
1655,3,2717,1309,1408,0,0,0,1.0,1,1.0,1,1.0,1,0.278408557879201,35
1656,0,2717,1309,1408,0,0,0,1.0,1,1.0,1,1.0,1,0.278408557879201,35
1657,3,2720,1309,1411,0,0,0,1.0,1,1.0,1,1.0,1,0.22934709426941802,36
1658,1,2721,1310,1411,0,0,0,1.0,1,1.0,1,1.0,1,0.2100620361082706,36
1659,2,2723,1310,1413,0,0,0,1.0,1,1.0,1,1.0,1,0.1774385812677843,36
1660,5,2728,1314,1414,0,0,0,1.0,1,1.0,1,1.0,1,0.1835431362187187,38
1661,0,2728,1314,1414,0,0,0,1.0,1,1.0,1,1.0,1,0.1835431362187187,38
1662,4,2732,1317,1415,0,0,0,1.0,1,1.0,1,1.0,1,0.20792325858912006,39
1663,1,2733,1318,1415,0,0,0,1.0,1,1.0,1,1.0,1,0.25047751584271605,40
1664,2,2735,1319,1416,0,0,0,1.0,1,1.0,1,1.0,1,0.2553913898356379,39
1665,3,2738,1320,1418,0,0,0,1.0,1,1.0,1,1.0,1,0.25978777908898826,40
1666,3,2741,1320,1421,0,0,0,1.0,1,1.0,1,1.0,1,0.22613076123257375,40
1667,1,2742,1321,1421,0,0,0,1.0,1,1.0,1,1.0,1,0.22703888837693023,40
1668,1,2743,1322,1421,0,0,0,1.0,1,1.0,1,1.0,1,0.23637616392985245,41
1669,1,2744,1322,1422,0,0,0,1.0,1,1.0,1,1.0,1,0.20905614956672897,40
1670,2,2746,1324,1422,0,0,0,1.0,1,1.0,1,1.0,1,0.18453211769965316,40
1671,1,2747,1324,1423,0,0,0,1.0,1,1.0,1,1.0,1,0.19012515925662773,41
1672,2,2749,1326,1423,0,0,0,1.0,1,1.0,1,1.0,1,0.23385997546273274,40
1673,1,2750,1327,1423,0,0,0,1.0,1,1.0,1,1.0,1,0.25457065024226067,39
1674,1,2751,1328,1423,0,0,0,1.0,1,1.0,1,1.0,1,0.28366626320096905,40
1675,2,2753,1328,1425,0,0,0,1.0,1,1.0,1,1.0,1,0.2246157817603061,38
1676,0,2753,1328,1425,0,0,0,1.0,1,1.0,1,1.0,1,0.23679156569371368,39
1677,0,2753,1328,1425,0,0,0,1.0,1,1.0,1,1.0,1,0.23680871867015296,39
1678,1,2754,1328,1426,0,0,0,1.0,1,1.0,1,1.0,1,0.2153838679351736,39
1679,1,2755,1329,1426,0,0,0,1.0,1,1.0,1,1.0,1,0.22360947251976743,39
1680,4,2759,1330,1429,0,0,0,1.0,1,1.0,1,1.0,1,0.20124199937636575,41
1681,1,2760,1330,1430,0,0,0,1.0,1,1.0,1,1.0,1,0.16397782014195977,41
1682,1,2761,1331,1430,0,0,0,1.0,1,1.0,1,1.0,1,0.2301612377094785,43
1683,2,2763,1333,1430,0,0,0,1.0,1,1.0,1,1.0,1,0.2421440358462873,43
1684,1,2764,1334,1430,0,0,0,1.0,1,1.0,1,1.0,1,0.25575575456498817,42
1685,2,2766,1335,1431,0,0,0,1.0,1,1.0,1,1.0,1,0.22648817398140408,41
1686,2,2768,1337,1431,0,0,0,1.0,1,1.0,1,1.0,1,0.29065506840273797,41
1687,5,2773,1338,1435,0,0,0,1.0,1,1.0,1,1.0,1,0.23364049638319123,40
1688,4,2777,1341,1436,0,0,0,1.0,1,1.0,1,1.0,1,0.24772800096340633,39
1689,1,2778,1342,1436,0,0,0,1.0,1,1.0,1,1.0,1,0.27284501981001763,38
1690,4,2782,1343,1439,0,0,0,1.0,1,1.0,1,1.0,1,0.18526485529917294,38
1691,1,2783,1344,1439,0,0,0,1.0,1,1.0,1,1.0,1,0.23992832683988183,36
1692,1,2784,1345,1439,0,0,0,1.0,1,1.0,1,1.0,1,0.23801644464038352,36
1693,1,2785,1346,1439,0,0,0,1.0,1,1.0,1,1.0,1,0.24584452731762252,35
1694,0,2785,1346,1439,0,0,0,1.0,1,1.0,1,1.0,1,0.22031847753554518,33
1695,0,2785,1346,1439,0,0,0,1.0,1,1.0,1,1.0,1,0.2395753117796181,34
1696,1,2786,1347,1439,0,0,0,1.0,1,1.0,1,1.0,1,0.2789718993635878,35
1697,2,2788,1348,1440,0,0,0,1.0,1,1.0,1,1.0,1,0.27787443033916476,36
1698,1,2789,1349,1440,0,0,0,1.0,1,1.0,1,1.0,1,0.3170384408985502,38
1699,3,2792,1350,1442,0,0,0,1.0,1,1.0,1,1.0,1,0.2724576113787001,38
1700,1,2793,1350,1443,0,0,0,1.0,1,1.0,1,1.0,1,0.270431666289246,39
1701,0,2793,1350,1443,0,0,0,1.0,1,1.0,1,1.0,1,0.2794657889080706,40
1702,4,2797,1353,1444,0,0,0,1.0,1,1.0,1,1.0,1,0.3177279705540411,41
1703,3,2800,1354,1446,0,0,0,1.0,1,1.0,1,1.0,1,0.3172167224946816,41
1704,3,2803,1357,1446,0,0,0,1.0,1,1.0,1,1.0,1,0.3547144343256943,41
1705,3,2806,1358,1448,0,0,0,1.0,1,1.0,1,1.0,1,0.26856787714084723,40
1706,1,2807,1358,1449,0,0,0,1.0,1,1.0,1,1.0,1,0.2496909110551999,40
1707,1,2808,1358,1450,0,0,0,1.0,1,1.0,1,1.0,1,0.2515046197791683,39
1708,1,2809,1358,1451,0,0,0,1.0,1,1.0,1,1.0,1,0.23035969075487692,39
1709,1,2810,1359,1451,0,0,0,1.0,1,1.0,1,1.0,1,0.2460192275569756,38
1710,6,2816,1361,1455,0,0,0,1.0,1,1.0,1,1.0,1,0.2391931608700497,39
1711,2,2818,1361,1457,0,0,0,1.0,1,1.0,1,1.0,1,0.2376855190413959,38
1712,2,2820,1363,1457,0,0,0,1.0,1,1.0,1,1.0,1,0.27336972826910366,38
1713,0,2820,1363,1457,0,0,0,1.0,1,1.0,1,1.0,1,0.2911689216075735,37
1714,1,2821,1363,1458,0,0,0,1.0,1,1.0,1,1.0,1,0.24789720515828131,38
1715,3,2824,1364,1460,0,0,0,1.0,1,1.0,1,1.0,1,0.20747450475790946,40
1716,1,2825,1365,1460,0,0,0,1.0,1,1.0,1,1.0,1,0.2196951523402382,39
1717,1,2826,1366,1460,0,0,0,1.0,1,1.0,1,1.0,1,0.22593954055984433,38
1718,0,2826,1366,1460,0,0,0,1.0,1,1.0,1,1.0,1,0.2573843508546353,38
1719,0,2826,1366,1460,0,0,0,1.0,1,1.0,1,1.0,1,0.2573843508546353,38
1720,1,2827,1366,1461,0,0,0,1.0,1,1.0,1,1.0,1,0.2560184884165232,41
1721,0,2827,1366,1461,0,0,0,1.0,1,1.0,1,1.0,1,0.22728655026393169,39
1722,2,2829,1368,1461,0,0,0,1.0,1,1.0,1,1.0,1,0.2683772542941079,40
1723,2,2831,1369,1462,0,0,0,1.0,1,1.0,1,1.0,1,0.24601535318777304,38
1724,1,2832,1370,1462,0,0,0,1.0,1,1.0,1,1.0,1,0.25959287171395024,37
1725,0,2832,1370,1462,0,0,0,1.0,1,1.0,1,1.0,1,0.2783671697320117,38
1726,1,2833,1370,1463,0,0,0,1.0,1,1.0,1,1.0,1,0.30960585820775993,37
1727,1,2834,1370,1464,0,0,0,1.0,1,1.0,1,1.0,1,0.2880849464578513,37
1728,0,2834,1370,1464,0,0,0,1.0,1,1.0,1,1.0,1,0.2893963230704527,35
1729,1,2835,1370,1465,0,0,0,1.0,1,1.0,1,1.0,1,0.26811703461045844,37
1730,2,2837,1371,1466,0,0,0,1.0,1,1.0,1,1.0,1,0.3021009101838519,37
1731,0,2837,1371,1466,0,0,0,1.0,1,1.0,1,1.0,1,0.3021009101838519,37
1732,2,2839,1371,1468,0,0,0,1.0,1,1.0,1,1.0,1,0.3067845220578193,37
1733,0,2839,1371,1468,0,0,0,1.0,1,1.0,1,1.0,1,0.3284862934150138,36
1734,0,2839,1371,1468,0,0,0,1.0,1,1.0,1,1.0,1,0.3519549990517406,35
1735,4,2843,1373,1470,0,0,0,1.0,1,1.0,1,1.0,1,0.29561663993176795,34
1736,0,2843,1373,1470,0,0,0,1.0,1,1.0,1,1.0,1,0.3111623898705169,35
1737,4,2847,1375,1472,0,0,0,1.0,1,1.0,1,1.0,1,0.27486072864484856,36
1738,2,2849,1375,1474,0,0,0,1.0,1,1.0,1,1.0,1,0.2595946981647869,37
1739,1,2850,1376,1474,0,0,0,1.0,1,1.0,1,1.0,1,0.25082223326961395,38
1740,1,2851,1376,1475,0,0,0,1.0,1,1.0,1,1.0,1,0.25617641953888937,37
1741,2,2853,1376,1477,0,0,0,1.0,1,1.0,1,1.0,1,0.2383059129644554,38
1742,2,2855,1378,1477,0,0,0,1.0,1,1.0,1,1.0,1,0.27988949922511974,39
1743,2,2857,1380,1477,0,0,0,1.0,1,1.0,1,1.0,1,0.29781697424148623,37
1744,5,2862,1383,1479,0,0,0,1.0,1,1.0,1,1.0,1,0.3194743795092687,38
1745,3,2865,1384,1481,0,0,0,1.0,1,1.0,1,1.0,1,0.29543765287869767,37
1746,0,2865,1384,1481,0,0,0,1.0,1,1.0,1,1.0,1,0.2858092554365836,38
1747,3,2868,1384,1484,0,0,0,1.0,1,1.0,1,1.0,1,0.2269735053184682,38
1748,2,2870,1385,1485,0,0,0,1.0,1,1.0,1,1.0,1,0.2357961835351179,38
1749,0,2870,1385,1485,0,0,0,1.0,1,1.0,1,1.0,1,0.2518303653110464,37
1750,1,2871,1385,1486,0,0,0,1.0,1,1.0,1,1.0,1,0.2521540689635362,39
1751,0,2871,1385,1486,0,0,0,1.0,1,1.0,1,1.0,1,0.2559166330052258,38
1752,1,2872,1386,1486,0,0,0,1.0,1,1.0,1,1.0,1,0.22261673293484655,39
1753,0,2872,1386,1486,0,0,0,1.0,1,1.0,1,1.0,1,0.2207690701591665,40
1754,3,2875,1387,1488,0,0,0,1.0,1,1.0,1,1.0,1,0.2249745349748506,41
1755,0,2875,1387,1488,0,0,0,1.0,1,1.0,1,1.0,1,0.24385074632968257,41
1756,1,2876,1388,1488,0,0,0,1.0,1,1.0,1,1.0,1,0.27682269693337486,42
1757,1,2877,1388,1489,0,0,0,1.0,1,1.0,1,1.0,1,0.283872243831895,42
1758,2,2879,1390,1489,0,0,0,1.0,1,1.0,1,1.0,1,0.3349664909241797,42
1759,5,2884,1391,1493,0,0,0,1.0,1,1.0,1,1.0,1,0.3016124569004654,39
1760,1,2885,1391,1494,0,0,0,1.0,1,1.0,1,1.0,1,0.33200219399124503,39
1761,2,2887,1392,1495,0,0,0,1.0,1,1.0,1,1.0,1,0.3078836571162497,38
1762,6,2893,1394,1499,0,0,0,1.0,1,1.0,1,1.0,1,0.2008896071816534,37
1763,0,2893,1394,1499,0,0,0,1.0,1,1.0,1,1.0,1,0.2008896071816534,37
1764,1,2894,1395,1499,0,0,0,1.0,1,1.0,1,1.0,1,0.2392864013485896,36
1765,4,2898,1397,1501,0,0,0,1.0,1,1.0,1,1.0,1,0.20402564261138614,37
1766,1,2899,1397,1502,0,0,0,1.0,1,1.0,1,1.0,1,0.18794622013050402,36
1767,0,2899,1397,1502,0,0,0,1.0,1,1.0,1,1.0,1,0.18794622013050402,36
1768,1,2900,1397,1503,0,0,0,1.0,1,1.0,1,1.0,1,0.162275760828986,36
1769,2,2902,1398,1504,0,0,0,1.0,1,1.0,1,1.0,1,0.142494184103396,38
1770,1,2903,1398,1505,0,0,0,1.0,1,1.0,1,1.0,1,0.1092525803704359,38
1771,0,2903,1398,1505,0,0,0,1.0,1,1.0,1,1.0,1,0.1092525803704359,38
1772,0,2903,1398,1505,0,0,0,1.0,1,1.0,1,1.0,1,0.1179332006798928,40
1773,1,2904,1399,1505,0,0,0,1.0,1,1.0,1,1.0,1,0.15103264358367202,40
1774,0,2904,1399,1505,0,0,0,1.0,1,1.0,1,1.0,1,0.15103264358367202,40
1775,0,2904,1399,1505,0,0,0,1.0,1,1.0,1,1.0,1,0.1628625860133697,41
1776,0,2904,1399,1505,0,0,0,1.0,1,1.0,1,1.0,1,0.15397597364089283,43
1777,0,2904,1399,1505,0,0,0,1.0,1,1.0,1,1.0,1,0.16486925965648025,44
1778,3,2907,1402,1505,0,0,0,1.0,1,1.0,1,1.0,1,0.22810973210554206,44
1779,3,2910,1403,1507,0,0,0,1.0,1,1.0,1,1.0,1,0.1935856562824328,44
1780,1,2911,1403,1508,0,0,0,1.0,1,1.0,1,1.0,1,0.20306996611647002,46
1781,2,2913,1403,1510,0,0,0,1.0,1,1.0,1,1.0,1,0.16184530933922586,46
1782,2,2915,1405,1510,0,0,0,1.0,1,1.0,1,1.0,1,0.20328291086770597,45
1783,1,2916,1406,1510,0,0,0,1.0,1,1.0,1,1.0,1,0.2387886266954173,44
1784,1,2917,1407,1510,0,0,0,1.0,1,1.0,1,1.0,1,0.26212596987416464,44
1785,7,2924,1410,1514,0,0,0,1.0,1,1.0,1,1.0,1,0.22170175783345955,42
1786,3,2927,1412,1515,0,0,0,1.0,1,1.0,1,1.0,1,0.2513544463141283,42
1787,1,2928,1412,1516,0,0,0,1.0,1,1.0,1,1.0,1,0.21626935748419518,41
1788,4,2932,1414,1518,0,0,0,1.0,1,1.0,1,1.0,1,0.22157016408968017,41
1789,5,2937,1416,1521,0,0,0,1.0,1,1.0,1,1.0,1,0.21215567597506438,41
1790,2,2939,1417,1522,0,0,0,1.0,1,1.0,1,1.0,1,0.19270641647048672,41
1791,1,2940,1417,1523,0,0,0,1.0,1,1.0,1,1.0,1,0.17885524395056002,41
1792,0,2940,1417,1523,0,0,0,1.0,1,1.0,1,1.0,1,0.19079714437276266,43
1793,1,2941,1418,1523,0,0,0,1.0,1,1.0,1,1.0,1,0.16746596850357323,43
1794,3,2944,1421,1523,0,0,0,1.0,1,1.0,1,1.0,1,0.19369147399208006,41
1795,5,2949,1424,1525,0,0,0,1.0,1,1.0,1,1.0,1,0.21998155098058966,41
1796,3,2952,1425,1527,0,0,0,1.0,1,1.0,1,1.0,1,0.21037903728472473,40
1797,1,2953,1426,1527,0,0,0,1.0,1,1.0,1,1.0,1,0.2932616064050502,38
1798,4,2957,1426,1531,0,0,0,1.0,1,1.0,1,1.0,1,0.20936546054378458,38
1799,2,2959,1427,1532,0,0,0,1.0,1,1.0,1,1.0,1,0.15385337983262065,37
1800,1,2960,1428,1532,0,0,0,1.0,1,1.0,1,1.0,1,0.18683946462085202,35
1801,0,2960,1428,1532,0,0,0,1.0,1,1.0,1,1.0,1,0.18694186988552872,34
1802,0,2960,1428,1532,0,0,0,1.0,1,1.0,1,1.0,1,0.18022764111903042,33
1803,0,2960,1428,1532,0,0,0,1.0,1,1.0,1,1.0,1,0.18022764111903042,33
1804,0,2960,1428,1532,0,0,0,1.0,1,1.0,1,1.0,1,0.18022764111903042,33
1805,0,2960,1428,1532,0,0,0,1.0,1,1.0,1,1.0,1,0.16993813183614997,35
1806,4,2964,1430,1534,0,0,0,1.0,1,1.0,1,1.0,1,0.22162557407611871,36
1807,1,2965,1430,1535,0,0,0,1.0,1,1.0,1,1.0,1,0.2548257115611393,35
1808,1,2966,1430,1536,0,0,0,1.0,1,1.0,1,1.0,1,0.2187286870731086,37
1809,0,2966,1430,1536,0,0,0,1.0,1,1.0,1,1.0,1,0.26649681071897396,35
1810,0,2966,1430,1536,0,0,0,1.0,1,1.0,1,1.0,1,0.277210661337361,36
1811,0,2966,1430,1536,0,0,0,1.0,1,1.0,1,1.0,1,0.2873383510557956,34
1812,0,2966,1430,1536,0,0,0,1.0,1,1.0,1,1.0,1,0.30379872445696315,36
1813,1,2967,1430,1537,0,0,0,1.0,1,1.0,1,1.0,1,0.29330373897222084,35
1814,0,2967,1430,1537,0,0,0,1.0,1,1.0,1,1.0,1,0.2977052217158537,36
1815,0,2967,1430,1537,0,0,0,1.0,1,1.0,1,1.0,1,0.307935754013906,35
1816,2,2969,1432,1537,0,0,0,1.0,1,1.0,1,1.0,1,0.26834688959156244,35
1817,0,2969,1432,1537,0,0,0,1.0,1,1.0,1,1.0,1,0.26834688959156244,35
1818,4,2973,1435,1538,0,0,0,1.0,1,1.0,1,1.0,1,0.24389781241443062,36
1819,3,2976,1437,1539,0,0,0,1.0,1,1.0,1,1.0,1,0.23785712773973933,37
1820,0,2976,1437,1539,0,0,0,1.0,1,1.0,1,1.0,1,0.23785712773973933,37
1821,1,2977,1438,1539,0,0,0,1.0,1,1.0,1,1.0,1,0.20515965552865895,38
1822,6,2983,1442,1541,0,0,0,1.0,1,1.0,1,1.0,1,0.2570528417676328,37
1823,4,2987,1445,1542,0,0,0,1.0,1,1.0,1,1.0,1,0.2836543602775544,36
1824,4,2991,1448,1543,0,0,0,1.0,1,1.0,1,1.0,1,0.29931624921417943,36
1825,4,2995,1450,1545,0,0,0,1.0,1,1.0,1,1.0,1,0.21800160509569713,34
1826,2,2997,1451,1546,0,0,0,1.0,1,1.0,1,1.0,1,0.21676176041828052,35
1827,1,2998,1452,1546,0,0,0,1.0,1,1.0,1,1.0,1,0.2010927222546678,34
1828,1,2999,1453,1546,0,0,0,1.0,1,1.0,1,1.0,1,0.21330058240274552,33
1829,0,2999,1453,1546,0,0,0,1.0,1,1.0,1,1.0,1,0.18440403869768698,31
1830,0,2999,1453,1546,0,0,0,1.0,1,1.0,1,1.0,1,0.18015004499377346,31
1831,1,3000,1454,1546,0,0,0,1.0,1,1.0,1,1.0,1,0.17779172944972516,30
1832,0,3000,1454,1546,0,0,0,1.0,1,1.0,1,1.0,1,0.17641622208989524,29
1833,4,3004,1457,1547,0,0,0,1.0,1,1.0,1,1.0,1,0.3155430306159829,28
1834,2,3006,1458,1548,0,0,0,1.0,1,1.0,1,1.0,1,0.26366442086378533,27
1835,3,3009,1461,1548,0,0,0,1.0,1,1.0,1,1.0,1,0.35001493930085775,26
1836,3,3012,1462,1550,0,0,0,1.0,1,1.0,1,1.0,1,0.327078878002005,26
1837,4,3016,1462,1554,0,0,0,1.0,1,1.0,1,1.0,1,0.2332282628410371,25
1838,0,3016,1462,1554,0,0,0,1.0,1,1.0,1,1.0,1,0.21752369922244688,25
1839,0,3016,1462,1554,0,0,0,1.0,1,1.0,1,1.0,1,0.2701430487230161,24
1840,1,3017,1463,1554,0,0,0,1.0,1,1.0,1,1.0,1,0.360082131873349,23
1841,1,3018,1463,1555,0,0,0,1.0,1,1.0,1,1.0,1,0.3114341560361078,22
1842,2,3020,1464,1556,0,0,0,1.0,1,1.0,1,1.0,1,0.2953934452780438,23
1843,1,3021,1465,1556,0,0,0,1.0,1,1.0,1,1.0,1,0.2872794918222598,23
1844,0,3021,1465,1556,0,0,0,1.0,1,1.0,1,1.0,1,0.2872794918222598,23
1845,2,3023,1467,1556,0,0,0,1.0,1,1.0,1,1.0,1,0.3229806423252015,23
1846,1,3024,1467,1557,0,0,0,1.0,1,1.0,1,1.0,1,0.27167684563200295,23
1847,0,3024,1467,1557,0,0,0,1.0,1,1.0,1,1.0,1,0.2903302930504833,24
1848,0,3024,1467,1557,0,0,0,1.0,1,1.0,1,1.0,1,0.2903302930504833,24
1849,0,3024,1467,1557,0,0,0,1.0,1,1.0,1,1.0,1,0.31585684595598557,25
1850,0,3024,1467,1557,0,0,0,1.0,1,1.0,1,1.0,1,0.31585684595598557,25
1851,0,3024,1467,1557,0,0,0,1.0,1,1.0,1,1.0,1,0.31585684595598557,25
1852,0,3024,1467,1557,0,0,0,1.0,1,1.0,1,1.0,1,0.31585684595598557,25
1853,0,3024,1467,1557,0,0,0,1.0,1,1.0,1,1.0,1,0.334190750001138,25
1854,0,3024,1467,1557,0,0,0,1.0,1,1.0,1,1.0,1,0.334190750001138,25
1855,0,3024,1467,1557,0,0,0,1.0,1,1.0,1,1.0,1,0.3476102966785636,26
1856,2,3026,1469,1557,0,0,0,1.0,1,1.0,1,1.0,1,0.30250699212054627,27
1857,1,3027,1469,1558,0,0,0,1.0,1,1.0,1,1.0,1,0.2822210420200739,28
1858,2,3029,1471,1558,0,0,0,1.0,1,1.0,1,1.0,1,0.30821536929659893,28
1859,2,3031,1472,1559,0,0,0,1.0,1,1.0,1,1.0,1,0.3101245699930167,28
1860,0,3031,1472,1559,0,0,0,1.0,1,1.0,1,1.0,1,0.3101245699930167,28
1861,1,3032,1472,1560,0,0,0,1.0,1,1.0,1,1.0,1,0.2887479448951668,28
1862,0,3032,1472,1560,0,0,0,1.0,1,1.0,1,1.0,1,0.2887479448951668,28
1863,0,3032,1472,1560,0,0,0,1.0,1,1.0,1,1.0,1,0.30252854214764674,29
1864,2,3034,1474,1560,0,0,0,1.0,1,1.0,1,1.0,1,0.2900301260619668,27
1865,1,3035,1475,1560,0,0,0,1.0,1,1.0,1,1.0,1,0.3642458564330594,26
1866,1,3036,1476,1560,0,0,0,1.0,1,1.0,1,1.0,1,0.4059950438456191,26
1867,0,3036,1476,1560,0,0,0,1.0,1,1.0,1,1.0,1,0.4059950438456191,26
1868,1,3037,1476,1561,0,0,0,1.0,1,1.0,1,1.0,1,0.35606360341410626,26
1869,0,3037,1476,1561,0,0,0,1.0,1,1.0,1,1.0,1,0.35606360341410626,26
1870,1,3038,1476,1562,0,0,0,1.0,1,1.0,1,1.0,1,0.35620813680448954,27
1871,1,3039,1477,1562,0,0,0,1.0,1,1.0,1,1.0,1,0.36580626698947905,27
1872,0,3039,1477,1562,0,0,0,1.0,1,1.0,1,1.0,1,0.3436071692643892,25
1873,0,3039,1477,1562,0,0,0,1.0,1,1.0,1,1.0,1,0.3436071692643892,25
1874,2,3041,1477,1564,0,0,0,1.0,1,1.0,1,1.0,1,0.3212521284790825,25
1875,0,3041,1477,1564,0,0,0,1.0,1,1.0,1,1.0,1,0.3212521284790825,25
1876,1,3042,1477,1565,0,0,0,1.0,1,1.0,1,1.0,1,0.29664083696892074,26
1877,0,3042,1477,1565,0,0,0,1.0,1,1.0,1,1.0,1,0.283420485027464,27
1878,2,3044,1479,1565,0,0,0,1.0,1,1.0,1,1.0,1,0.30383032969062646,28
1879,1,3045,1479,1566,0,0,0,1.0,1,1.0,1,1.0,1,0.26753485380111675,29
1880,0,3045,1479,1566,0,0,0,1.0,1,1.0,1,1.0,1,0.26753485380111675,29
1881,0,3045,1479,1566,0,0,0,1.0,1,1.0,1,1.0,1,0.26753485380111675,29
1882,0,3045,1479,1566,0,0,0,1.0,1,1.0,1,1.0,1,0.2514038113558794,28
1883,0,3045,1479,1566,0,0,0,1.0,1,1.0,1,1.0,1,0.2514038113558794,28
1884,1,3046,1480,1566,0,0,0,1.0,1,1.0,1,1.0,1,0.2509078298629882,28
1885,0,3046,1480,1566,0,0,0,1.0,1,1.0,1,1.0,1,0.2509078298629882,28
1886,0,3046,1480,1566,0,0,0,1.0,1,1.0,1,1.0,1,0.26151460416620986,29
1887,0,3046,1480,1566,0,0,0,1.0,1,1.0,1,1.0,1,0.26151460416620986,29
1888,1,3047,1480,1567,0,0,0,1.0,1,1.0,1,1.0,1,0.2833066481222666,31
1889,0,3047,1480,1567,0,0,0,1.0,1,1.0,1,1.0,1,0.2833066481222666,31
1890,1,3048,1481,1567,0,0,0,1.0,1,1.0,1,1.0,1,0.30327255728200875,31
1891,0,3048,1481,1567,0,0,0,1.0,1,1.0,1,1.0,1,0.31435911677687434,32
1892,0,3048,1481,1567,0,0,0,1.0,1,1.0,1,1.0,1,0.31435911677687434,32
1893,0,3048,1481,1567,0,0,0,1.0,1,1.0,1,1.0,1,0.31435911677687434,32
1894,0,3048,1481,1567,0,0,0,1.0,1,1.0,1,1.0,1,0.30532606325773265,33
1895,3,3051,1482,1569,0,0,0,1.0,1,1.0,1,1.0,1,0.27505673506800926,35
1896,1,3052,1482,1570,0,0,0,1.0,1,1.0,1,1.0,1,0.2807310778056376,34
1897,0,3052,1482,1570,0,0,0,1.0,1,1.0,1,1.0,1,0.2807310778056376,34
1898,0,3052,1482,1570,0,0,0,1.0,1,1.0,1,1.0,1,0.2807310778056376,34
1899,0,3052,1482,1570,0,0,0,1.0,1,1.0,1,1.0,1,0.2807310778056376,34
1900,2,3054,1482,1572,0,0,0,1.0,1,1.0,1,1.0,1,0.2609172141019131,35
1901,0,3054,1482,1572,0,0,0,1.0,1,1.0,1,1.0,1,0.2609172141019131,35
1902,0,3054,1482,1572,0,0,0,1.0,1,1.0,1,1.0,1,0.2609172141019131,35
1903,1,3055,1482,1573,0,0,0,1.0,1,1.0,1,1.0,1,0.25082280401046675,35
1904,0,3055,1482,1573,0,0,0,1.0,1,1.0,1,1.0,1,0.25082280401046675,35
1905,0,3055,1482,1573,0,0,0,1.0,1,1.0,1,1.0,1,0.2279533657763577,37
1906,0,3055,1482,1573,0,0,0,1.0,1,1.0,1,1.0,1,0.2279533657763577,37
1907,2,3057,1482,1575,0,0,0,1.0,1,1.0,1,1.0,1,0.19011903501079003,39
1908,0,3057,1482,1575,0,0,0,1.0,1,1.0,1,1.0,1,0.19011903501079003,39
1909,0,3057,1482,1575,0,0,0,1.0,1,1.0,1,1.0,1,0.21422260668567872,41
1910,0,3057,1482,1575,0,0,0,1.0,1,1.0,1,1.0,1,0.21422260668567872,41
1911,1,3058,1483,1575,0,0,0,1.0,1,1.0,1,1.0,1,0.2922185325906324,40
1912,3,3061,1485,1576,0,0,0,1.0,1,1.0,1,1.0,1,0.28168819999015116,39
1913,1,3062,1486,1576,0,0,0,1.0,1,1.0,1,1.0,1,0.2861654881010054,40
1914,1,3063,1487,1576,0,0,0,1.0,1,1.0,1,1.0,1,0.28744595004986095,41
1915,5,3068,1489,1579,0,0,0,1.0,1,1.0,1,1.0,1,0.26615942698337025,42
1916,5,3073,1491,1582,0,0,0,1.0,1,1.0,1,1.0,1,0.24279613495165783,42
1917,0,3073,1491,1582,0,0,0,1.0,1,1.0,1,1.0,1,0.2647134973363315,41
1918,1,3074,1492,1582,0,0,0,1.0,1,1.0,1,1.0,1,0.24797361288370182,38
1919,2,3076,1493,1583,0,0,0,1.0,1,1.0,1,1.0,1,0.293115343060665,38
1920,0,3076,1493,1583,0,0,0,1.0,1,1.0,1,1.0,1,0.31447080651402354,38
1921,1,3077,1493,1584,0,0,0,1.0,1,1.0,1,1.0,1,0.2615233083231542,39
1922,0,3077,1493,1584,0,0,0,1.0,1,1.0,1,1.0,1,0.2482117227916014,40
1923,1,3078,1494,1584,0,0,0,1.0,1,1.0,1,1.0,1,0.2223642808612571,41
1924,3,3081,1497,1584,0,0,0,1.0,1,1.0,1,1.0,1,0.2743627176306779,41
1925,1,3082,1497,1585,0,0,0,1.0,1,1.0,1,1.0,1,0.24252896083770437,41
1926,0,3082,1497,1585,0,0,0,1.0,1,1.0,1,1.0,1,0.24252896083770437,41
1927,2,3084,1497,1587,0,0,0,1.0,1,1.0,1,1.0,1,0.19594349573476955,41
1928,2,3086,1499,1587,0,0,0,1.0,1,1.0,1,1.0,1,0.18851486889325736,42
1929,0,3086,1499,1587,0,0,0,1.0,1,1.0,1,1.0,1,0.19664081649107085,41
1930,0,3086,1499,1587,0,0,0,1.0,1,1.0,1,1.0,1,0.19664081649107085,41
1931,0,3086,1499,1587,0,0,0,1.0,1,1.0,1,1.0,1,0.19664081649107085,41
1932,0,3086,1499,1587,0,0,0,1.0,1,1.0,1,1.0,1,0.19664081649107085,41
1933,2,3088,1500,1588,0,0,0,1.0,1,1.0,1,1.0,1,0.2284237472162819,43
1934,1,3089,1500,1589,0,0,0,1.0,1,1.0,1,1.0,1,0.22260290179877762,44
1935,0,3089,1500,1589,0,0,0,1.0,1,1.0,1,1.0,1,0.2075733705334604,45
1936,1,3090,1500,1590,0,0,0,1.0,1,1.0,1,1.0,1,0.19616486767987062,48
1937,2,3092,1502,1590,0,0,0,1.0,1,1.0,1,1.0,1,0.21668141824270956,48
1938,1,3093,1502,1591,0,0,0,1.0,1,1.0,1,1.0,1,0.204135322392403,48
1939,1,3094,1502,1592,0,0,0,1.0,1,1.0,1,1.0,1,0.17995068556622532,48
1940,0,3094,1502,1592,0,0,0,1.0,1,1.0,1,1.0,1,0.17995068556622532,48
1941,0,3094,1502,1592,0,0,0,1.0,1,1.0,1,1.0,1,0.17995068556622532,48
1942,3,3097,1504,1593,0,0,0,1.0,1,1.0,1,1.0,1,0.25438991696747926,49
1943,1,3098,1504,1594,0,0,0,1.0,1,1.0,1,1.0,1,0.22164681928830776,48
1944,4,3102,1508,1594,0,0,0,1.0,1,1.0,1,1.0,1,0.2932772540352443,47
1945,7,3109,1511,1598,0,0,0,1.0,1,1.0,1,1.0,1,0.22619268019444702,46
1946,1,3110,1511,1599,0,0,0,1.0,1,1.0,1,1.0,1,0.2328712414509779,46
1947,2,3112,1513,1599,0,0,0,1.0,1,1.0,1,1.0,1,0.3363089519922009,45
1948,4,3116,1514,1602,0,0,0,1.0,1,1.0,1,1.0,1,0.24971690136317984,46
1949,3,3119,1517,1602,0,0,0,1.0,1,1.0,1,1.0,1,0.31393283971726477,42
1950,0,3119,1517,1602,0,0,0,1.0,1,1.0,1,1.0,1,0.3109845078002887,40
1951,3,3122,1520,1602,0,0,0,1.0,1,1.0,1,1.0,1,0.36062191355951406,39
1952,1,3123,1521,1602,0,0,0,1.0,1,1.0,1,1.0,1,0.39057609625279577,35
1953,3,3126,1523,1603,0,0,0,1.0,1,1.0,1,1.0,1,0.3210562976317628,36
1954,2,3128,1524,1604,0,0,0,1.0,1,1.0,1,1.0,1,0.34493987387549974,34
1955,0,3128,1524,1604,0,0,0,1.0,1,1.0,1,1.0,1,0.3550170028215031,35
1956,3,3131,1526,1605,0,0,0,1.0,1,1.0,1,1.0,1,0.377671010884814,37
1957,4,3135,1526,1609,0,0,0,1.0,1,1.0,1,1.0,1,0.32977825090422125,37
1958,5,3140,1526,1614,0,0,0,1.0,1,1.0,1,1.0,1,0.24010857331247248,39
1959,1,3141,1526,1615,0,0,0,1.0,1,1.0,1,1.0,1,0.23937300043827703,41
1960,1,3142,1527,1615,0,0,0,1.0,1,1.0,1,1.0,1,0.25619433710726935,40
1961,2,3144,1528,1616,0,0,0,1.0,1,1.0,1,1.0,1,0.217427950488915,41
1962,0,3144,1528,1616,0,0,0,1.0,1,1.0,1,1.0,1,0.24519500505517214,40
1963,1,3145,1528,1617,0,0,0,1.0,1,1.0,1,1.0,1,0.24890349596483982,41
1964,0,3145,1528,1617,0,0,0,1.0,1,1.0,1,1.0,1,0.27219465711794294,40
1965,1,3146,1528,1618,0,0,0,1.0,1,1.0,1,1.0,1,0.23662224543043972,41
1966,1,3147,1528,1619,0,0,0,1.0,1,1.0,1,1.0,1,0.22109586368918685,41
1967,2,3149,1529,1620,0,0,0,1.0,1,1.0,1,1.0,1,0.2333510922282326,42
1968,0,3149,1529,1620,0,0,0,1.0,1,1.0,1,1.0,1,0.25253625396927365,42
1969,0,3149,1529,1620,0,0,0,1.0,1,1.0,1,1.0,1,0.25887566537909307,43
1970,0,3149,1529,1620,0,0,0,1.0,1,1.0,1,1.0,1,0.28755102188093956,42
1971,1,3150,1530,1620,0,0,0,1.0,1,1.0,1,1.0,1,0.2970368325958386,42
1972,2,3152,1530,1622,0,0,0,1.0,1,1.0,1,1.0,1,0.24813312551947317,42
1973,0,3152,1530,1622,0,0,0,1.0,1,1.0,1,1.0,1,0.25936803878241,43
1974,0,3152,1530,1622,0,0,0,1.0,1,1.0,1,1.0,1,0.27770530707993546,43
1975,0,3152,1530,1622,0,0,0,1.0,1,1.0,1,1.0,1,0.27770530707993546,43
1976,2,3154,1532,1622,0,0,0,1.0,1,1.0,1,1.0,1,0.23805716705987956,43
1977,1,3155,1532,1623,0,0,0,1.0,1,1.0,1,1.0,1,0.2714933402479191,48
1978,4,3159,1535,1624,0,0,0,1.0,1,1.0,1,1.0,1,0.26458629878086304,48
1979,1,3160,1535,1625,0,0,0,1.0,1,1.0,1,1.0,1,0.2512572758688041,49
1980,1,3161,1535,1626,0,0,0,1.0,1,1.0,1,1.0,1,0.24668799679840975,50
1981,2,3163,1536,1627,0,0,0,1.0,1,1.0,1,1.0,1,0.23234778336439624,50
1982,1,3164,1537,1627,0,0,0,1.0,1,1.0,1,1.0,1,0.2315975704581291,50
1983,2,3166,1539,1627,0,0,0,1.0,1,1.0,1,1.0,1,0.23523486125615597,49
1984,3,3169,1541,1628,0,0,0,1.0,1,1.0,1,1.0,1,0.21382534399239175,48
1985,2,3171,1543,1628,0,0,0,1.0,1,1.0,1,1.0,1,0.22134049050055102,46
1986,2,3173,1544,1629,0,0,0,1.0,1,1.0,1,1.0,1,0.19155272002009183,46
1987,2,3175,1546,1629,0,0,0,1.0,1,1.0,1,1.0,1,0.20471619602463542,42
1988,1,3176,1546,1630,0,0,0,1.0,1,1.0,1,1.0,1,0.22969840744738612,40
1989,2,3178,1548,1630,0,0,0,1.0,1,1.0,1,1.0,1,0.24746649002657442,38
1990,0,3178,1548,1630,0,0,0,1.0,1,1.0,1,1.0,1,0.23757786548493157,38
1991,2,3180,1550,1630,0,0,0,1.0,1,1.0,1,1.0,1,0.2536402460797616,38
1992,3,3183,1551,1632,0,0,0,1.0,1,1.0,1,1.0,1,0.24510027421585992,39
1993,4,3187,1555,1632,0,0,0,1.0,1,1.0,1,1.0,1,0.33423321947267637,38
1994,1,3188,1556,1632,0,0,0,1.0,1,1.0,1,1.0,1,0.306139710509299,37
1995,2,3190,1556,1634,0,0,0,1.0,1,1.0,1,1.0,1,0.29831143677949773,37
1996,2,3192,1557,1635,0,0,0,1.0,1,1.0,1,1.0,1,0.272073741866402,37
1997,0,3192,1557,1635,0,0,0,1.0,1,1.0,1,1.0,1,0.2755759134778804,35
1998,0,3192,1557,1635,0,0,0,1.0,1,1.0,1,1.0,1,0.29054471120692016,34
1999,2,3194,1558,1636,0,0,0,1.0,1,1.0,1,1.0,1,0.23896644424015281,35
2000,0,3194,1558,1636,0,0,0,1.0,1,1.0,1,1.0,1,0.25576213529422054,34
2001,1,3195,1558,1637,0,0,0,1.0,1,1.0,1,1.0,1,0.2586652791308456,35
2002,1,3196,1559,1637,0,0,0,1.0,1,1.0,1,1.0,1,0.2927021227434934,36
2003,2,3198,1560,1638,0,0,0,1.0,1,1.0,1,1.0,1,0.27671150596476896,37
2004,5,3203,1562,1641,0,0,0,1.0,1,1.0,1,1.0,1,0.26099984089929607,38
2005,5,3208,1563,1645,0,0,0,1.0,1,1.0,1,1.0,1,0.1820487325576393,38
2006,0,3208,1563,1645,0,0,0,1.0,1,1.0,1,1.0,1,0.1820487325576393,38
2007,1,3209,1564,1645,0,0,0,1.0,1,1.0,1,1.0,1,0.17941797270326132,40
2008,0,3209,1564,1645,0,0,0,1.0,1,1.0,1,1.0,1,0.17941797270326132,40
2009,2,3211,1566,1645,0,0,0,1.0,1,1.0,1,1.0,1,0.18847338750764947,41
2010,0,3211,1566,1645,0,0,0,1.0,1,1.0,1,1.0,1,0.18847338750764947,41
2011,0,3211,1566,1645,0,0,0,1.0,1,1.0,1,1.0,1,0.18847338750764947,41
2012,0,3211,1566,1645,0,0,0,1.0,1,1.0,1,1.0,1,0.18847338750764947,41
2013,0,3211,1566,1645,0,0,0,1.0,1,1.0,1,1.0,1,0.21340091847371193,43
2014,0,3211,1566,1645,0,0,0,1.0,1,1.0,1,1.0,1,0.2277934117210987,43
2015,3,3214,1568,1646,0,0,0,1.0,1,1.0,1,1.0,1,0.2063087349558755,43
2016,3,3217,1568,1649,0,0,0,1.0,1,1.0,1,1.0,1,0.18469204445530957,44
2017,0,3217,1568,1649,0,0,0,1.0,1,1.0,1,1.0,1,0.18561329320403544,45
2018,1,3218,1569,1649,0,0,0,1.0,1,1.0,1,1.0,1,0.19779743633257663,46
2019,0,3218,1569,1649,0,0,0,1.0,1,1.0,1,1.0,1,0.18531093056130366,47
2020,0,3218,1569,1649,0,0,0,1.0,1,1.0,1,1.0,1,0.18531093056130366,47
2021,1,3219,1570,1649,0,0,0,1.0,1,1.0,1,1.0,1,0.191712539861538,47
2022,0,3219,1570,1649,0,0,0,1.0,1,1.0,1,1.0,1,0.19415807671439111,48
2023,5,3224,1573,1651,0,0,0,1.0,1,1.0,1,1.0,1,0.2196875806491815,48
2024,2,3226,1574,1652,0,0,0,1.0,1,1.0,1,1.0,1,0.1966233735353202,45
2025,3,3229,1577,1652,0,0,0,1.0,1,1.0,1,1.0,1,0.28480540647968233,42
2026,6,3235,1580,1655,0,0,0,1.0,1,1.0,1,1.0,1,0.290997016450441,44
2027,1,3236,1581,1655,0,0,0,1.0,1,1.0,1,1.0,1,0.3231575766277981,40
2028,4,3240,1583,1657,0,0,0,1.0,1,1.0,1,1.0,1,0.36484263143357326,39
2029,3,3243,1583,1660,0,0,0,1.0,1,1.0,1,1.0,1,0.3241108423341485,37
2030,1,3244,1584,1660,0,0,0,1.0,1,1.0,1,1.0,1,0.34903901697766265,34
2031,5,3249,1586,1663,0,0,0,1.0,1,1.0,1,1.0,1,0.29936345500916783,35
2032,4,3253,1587,1666,0,0,0,1.0,1,1.0,1,1.0,1,0.2774521817414375,34
2033,2,3255,1589,1666,0,0,0,1.0,1,1.0,1,1.0,1,0.279031617194458,36
2034,0,3255,1589,1666,0,0,0,1.0,1,1.0,1,1.0,1,0.2965428971640316,34
2035,3,3258,1590,1668,0,0,0,1.0,1,1.0,1,1.0,1,0.28799731359496866,35
2036,2,3260,1591,1669,0,0,0,1.0,1,1.0,1,1.0,1,0.24968417089354478,34
2037,1,3261,1591,1670,0,0,0,1.0,1,1.0,1,1.0,1,0.23135841801048984,35
2038,0,3261,1591,1670,0,0,0,1.0,1,1.0,1,1.0,1,0.23314451597820973,36
2039,1,3262,1592,1670,0,0,0,1.0,1,1.0,1,1.0,1,0.23659096901214452,38
2040,0,3262,1592,1670,0,0,0,1.0,1,1.0,1,1.0,1,0.23659096901214452,38
2041,0,3262,1592,1670,0,0,0,1.0,1,1.0,1,1.0,1,0.24021135900297078,39
2042,0,3262,1592,1670,0,0,0,1.0,1,1.0,1,1.0,1,0.24021135900297078,39
2043,1,3263,1592,1671,0,0,0,1.0,1,1.0,1,1.0,1,0.19998198020074703,39
2044,0,3263,1592,1671,0,0,0,1.0,1,1.0,1,1.0,1,0.19998198020074703,39
2045,1,3264,1592,1672,0,0,0,1.0,1,1.0,1,1.0,1,0.18765835916012716,41
2046,0,3264,1592,1672,0,0,0,1.0,1,1.0,1,1.0,1,0.20687775534587216,42
2047,0,3264,1592,1672,0,0,0,1.0,1,1.0,1,1.0,1,0.20687775534587216,42
2048,2,3266,1593,1673,0,0,0,1.0,1,1.0,1,1.0,1,0.22052189694291202,43
2049,2,3268,1594,1674,0,0,0,1.0,1,1.0,1,1.0,1,0.23800503517389526,44
2050,2,3270,1594,1676,0,0,0,1.0,1,1.0,1,1.0,1,0.19683098099943863,44
2051,3,3273,1595,1678,0,0,0,1.0,1,1.0,1,1.0,1,0.24105744058335735,45
2052,2,3275,1595,1680,0,0,0,1.0,1,1.0,1,1.0,1,0.1968199939037725,45
2053,2,3277,1596,1681,0,0,0,1.0,1,1.0,1,1.0,1,0.1994370753803807,45
2054,3,3280,1597,1683,0,0,0,1.0,1,1.0,1,1.0,1,0.17428367661789781,46
2055,0,3280,1597,1683,0,0,0,1.0,1,1.0,1,1.0,1,0.17428367661789781,46
2056,3,3283,1597,1686,0,0,0,1.0,1,1.0,1,1.0,1,0.13212869628971177,46
2057,5,3288,1601,1687,0,0,0,1.0,1,1.0,1,1.0,1,0.15306445694683862,47
2058,3,3291,1603,1688,0,0,0,1.0,1,1.0,1,1.0,1,0.20422196937933174,47
2059,3,3294,1604,1690,0,0,0,1.0,1,1.0,1,1.0,1,0.14718148343764267,48
2060,4,3298,1606,1692,0,0,0,1.0,1,1.0,1,1.0,1,0.13225123369974323,50
2061,0,3298,1606,1692,0,0,0,1.0,1,1.0,1,1.0,1,0.12457285802944879,51
2062,3,3301,1608,1693,0,0,0,1.0,1,1.0,1,1.0,1,0.14335100425026986,49
2063,2,3303,1609,1694,0,0,0,1.0,1,1.0,1,1.0,1,0.12572835645038685,48
2064,3,3306,1611,1695,0,0,0,1.0,1,1.0,1,1.0,1,0.17337681491020074,45
2065,0,3306,1611,1695,0,0,0,1.0,1,1.0,1,1.0,1,0.1643816876947886,44
2066,0,3306,1611,1695,0,0,0,1.0,1,1.0,1,1.0,1,0.20585173693488637,42
2067,2,3308,1612,1696,0,0,0,1.0,1,1.0,1,1.0,1,0.21210272562132496,41
2068,2,3310,1613,1697,0,0,0,1.0,1,1.0,1,1.0,1,0.20459642530567188,40
2069,0,3310,1613,1697,0,0,0,1.0,1,1.0,1,1.0,1,0.20952802862129133,40
2070,2,3312,1613,1699,0,0,0,1.0,1,1.0,1,1.0,1,0.17920741993017758,40
2071,2,3314,1615,1699,0,0,0,1.0,1,1.0,1,1.0,1,0.18726064775974344,40
2072,1,3315,1615,1700,0,0,0,1.0,1,1.0,1,1.0,1,0.19124145871308354,41
2073,1,3316,1616,1700,0,0,0,1.0,1,1.0,1,1.0,1,0.21209425590041622,41
2074,1,3317,1616,1701,0,0,0,1.0,1,1.0,1,1.0,1,0.19138414358619874,41
2075,2,3319,1617,1702,0,0,0,1.0,1,1.0,1,1.0,1,0.17684139967861062,41
2076,2,3321,1619,1702,0,0,0,1.0,1,1.0,1,1.0,1,0.21365187464121546,41
2077,1,3322,1619,1703,0,0,0,1.0,1,1.0,1,1.0,1,0.18108323330984524,40
2078,1,3323,1620,1703,0,0,0,1.0,1,1.0,1,1.0,1,0.19438601294371557,40
2079,2,3325,1620,1705,0,0,0,1.0,1,1.0,1,1.0,1,0.14081308802372158,39
2080,0,3325,1620,1705,0,0,0,1.0,1,1.0,1,1.0,1,0.16728374383069153,38
2081,1,3326,1621,1705,0,0,0,1.0,1,1.0,1,1.0,1,0.18133012825565378,40
2082,1,3327,1622,1705,0,0,0,1.0,1,1.0,1,1.0,1,0.24441860792489023,41
2083,4,3331,1624,1707,0,0,0,1.0,1,1.0,1,1.0,1,0.17474829660074828,40
2084,3,3334,1627,1707,0,0,0,1.0,1,1.0,1,1.0,1,0.20703769955246804,42
2085,1,3335,1628,1707,0,0,0,1.0,1,1.0,1,1.0,1,0.2122875217146267,42
2086,1,3336,1629,1707,0,0,0,1.0,1,1.0,1,1.0,1,0.20453908691659786,43
2087,0,3336,1629,1707,0,0,0,1.0,1,1.0,1,1.0,1,0.2117061152637602,45
2088,1,3337,1630,1707,0,0,0,1.0,1,1.0,1,1.0,1,0.19307453161033084,46
2089,0,3337,1630,1707,0,0,0,1.0,1,1.0,1,1.0,1,0.18705966572792224,47
2090,3,3340,1631,1709,0,0,0,1.0,1,1.0,1,1.0,1,0.23269735144961892,49
2091,2,3342,1631,1711,0,0,0,1.0,1,1.0,1,1.0,1,0.17728143817503547,49
2092,0,3342,1631,1711,0,0,0,1.0,1,1.0,1,1.0,1,0.17728143817503547,49
2093,1,3343,1632,1711,0,0,0,1.0,1,1.0,1,1.0,1,0.19958916086506562,49
2094,0,3343,1632,1711,0,0,0,1.0,1,1.0,1,1.0,1,0.19958916086506562,49
2095,1,3344,1633,1711,0,0,0,1.0,1,1.0,1,1.0,1,0.18526275045480234,49
2096,1,3345,1633,1712,0,0,0,1.0,1,1.0,1,1.0,1,0.18414194781025978,51
2097,0,3345,1633,1712,0,0,0,1.0,1,1.0,1,1.0,1,0.18414194781025978,51
2098,3,3348,1634,1714,0,0,0,1.0,1,1.0,1,1.0,1,0.1779191164422485,52
2099,1,3349,1635,1714,0,0,0,1.0,1,1.0,1,1.0,1,0.2172200593541351,51
2100,1,3350,1636,1714,0,0,0,1.0,1,1.0,1,1.0,1,0.2449330386635176,51
2101,4,3354,1636,1718,0,0,0,1.0,1,1.0,1,1.0,1,0.21047400276211453,48
2102,3,3357,1639,1718,0,0,0,1.0,1,1.0,1,1.0,1,0.2671705006298565,49
2103,3,3360,1641,1719,0,0,0,1.0,1,1.0,1,1.0,1,0.3138449434198138,48
2104,2,3362,1641,1721,0,0,0,1.0,1,1.0,1,1.0,1,0.27889655350423104,43
2105,4,3366,1643,1723,0,0,0,1.0,1,1.0,1,1.0,1,0.31676517992571496,42
2106,2,3368,1645,1723,0,0,0,1.0,1,1.0,1,1.0,1,0.3188733927287179,40
2107,4,3372,1646,1726,0,0,0,1.0,1,1.0,1,1.0,1,0.27654434591777816,39
2108,3,3375,1648,1727,0,0,0,1.0,1,1.0,1,1.0,1,0.23130182691195245,38
2109,1,3376,1649,1727,0,0,0,1.0,1,1.0,1,1.0,1,0.2559565675916537,37
2110,3,3379,1650,1729,0,0,0,1.0,1,1.0,1,1.0,1,0.24686422901402189,38
2111,1,3380,1651,1729,0,0,0,1.0,1,1.0,1,1.0,1,0.26672577641149775,37
2112,2,3382,1653,1729,0,0,0,1.0,1,1.0,1,1.0,1,0.3099810458945395,36
2113,2,3384,1654,1730,0,0,0,1.0,1,1.0,1,1.0,1,0.3650927265853841,36
2114,1,3385,1654,1731,0,0,0,1.0,1,1.0,1,1.0,1,0.33131215702845257,36
2115,0,3385,1654,1731,0,0,0,1.0,1,1.0,1,1.0,1,0.3250447953879269,35
2116,0,3385,1654,1731,0,0,0,1.0,1,1.0,1,1.0,1,0.32851670472064987,37
2117,0,3385,1654,1731,0,0,0,1.0,1,1.0,1,1.0,1,0.31594428893612586,38
2118,1,3386,1654,1732,0,0,0,1.0,1,1.0,1,1.0,1,0.3105889831302621,40
2119,0,3386,1654,1732,0,0,0,1.0,1,1.0,1,1.0,1,0.3105889831302621,40
2120,1,3387,1655,1732,0,0,0,1.0,1,1.0,1,1.0,1,0.34461140338036644,41
2121,0,3387,1655,1732,0,0,0,1.0,1,1.0,1,1.0,1,0.34461140338036644,41
2122,1,3388,1656,1732,0,0,0,1.0,1,1.0,1,1.0,1,0.3694489134399915,42
2123,0,3388,1656,1732,0,0,0,1.0,1,1.0,1,1.0,1,0.35795073349264933,43
2124,0,3388,1656,1732,0,0,0,1.0,1,1.0,1,1.0,1,0.390529526080569,41
2125,0,3388,1656,1732,0,0,0,1.0,1,1.0,1,1.0,1,0.390529526080569,41
2126,0,3388,1656,1732,0,0,0,1.0,1,1.0,1,1.0,1,0.41205045884765873,40
2127,0,3388,1656,1732,0,0,0,1.0,1,1.0,1,1.0,1,0.41205045884765873,40
2128,1,3389,1656,1733,0,0,0,1.0,1,1.0,1,1.0,1,0.41679275095913987,41
2129,0,3389,1656,1733,0,0,0,1.0,1,1.0,1,1.0,1,0.4099946554485863,42
2130,5,3394,1656,1738,0,0,0,1.0,1,1.0,1,1.0,1,0.3467511257600794,45
2131,2,3396,1656,1740,0,0,0,1.0,1,1.0,1,1.0,1,0.31758727773554923,45
2132,1,3397,1656,1741,0,0,0,1.0,1,1.0,1,1.0,1,0.309459804572217,46
2133,1,3398,1657,1741,0,0,0,1.0,1,1.0,1,1.0,1,0.32960251779845623,46
2134,4,3402,1657,1745,0,0,0,1.0,1,1.0,1,1.0,1,0.2911092161199844,47
2135,5,3407,1657,1750,0,0,0,1.0,1,1.0,1,1.0,1,0.20965694872484347,47
2136,2,3409,1657,1752,0,0,0,1.0,1,1.0,1,1.0,1,0.1912815953171527,47
2137,2,3411,1658,1753,0,0,0,1.0,1,1.0,1,1.0,1,0.17373831057112152,49
2138,1,3412,1659,1753,0,0,0,1.0,1,1.0,1,1.0,1,0.16584428139816987,49
2139,1,3413,1660,1753,0,0,0,1.0,1,1.0,1,1.0,1,0.13966341821842282,47
2140,4,3417,1663,1754,0,0,0,1.0,1,1.0,1,1.0,1,0.19904286139301036,48
2141,2,3419,1664,1755,0,0,0,1.0,1,1.0,1,1.0,1,0.18159625418557046,47
2142,0,3419,1664,1755,0,0,0,1.0,1,1.0,1,1.0,1,0.18159625418557046,47
2143,2,3421,1665,1756,0,0,0,1.0,1,1.0,1,1.0,1,0.17218087366237314,48
2144,2,3423,1667,1756,0,0,0,1.0,1,1.0,1,1.0,1,0.22689791118511246,48
2145,3,3426,1669,1757,0,0,0,1.0,1,1.0,1,1.0,1,0.1928642141219159,46
2146,3,3429,1670,1759,0,0,0,1.0,1,1.0,1,1.0,1,0.1658828045387212,47
2147,6,3435,1674,1761,0,0,0,1.0,1,1.0,1,1.0,1,0.18065101517517695,48
2148,0,3435,1674,1761,0,0,0,1.0,1,1.0,1,1.0,1,0.16744285626197447,46
2149,3,3438,1674,1764,0,0,0,1.0,1,1.0,1,1.0,1,0.15229931936539606,46
2150,1,3439,1674,1765,0,0,0,1.0,1,1.0,1,1.0,1,0.1578943708276031,46
2151,2,3441,1675,1766,0,0,0,1.0,1,1.0,1,1.0,1,0.20601342494084646,44
2152,0,3441,1675,1766,0,0,0,1.0,1,1.0,1,1.0,1,0.2204343441143601,45
2153,3,3444,1677,1767,0,0,0,1.0,1,1.0,1,1.0,1,0.24555943642300496,48
2154,1,3445,1678,1767,0,0,0,1.0,1,1.0,1,1.0,1,0.24722195504049094,47
2155,4,3449,1680,1769,0,0,0,1.0,1,1.0,1,1.0,1,0.25573362522737286,48
2156,0,3449,1680,1769,0,0,0,1.0,1,1.0,1,1.0,1,0.27629565505974846,45
2157,0,3449,1680,1769,0,0,0,1.0,1,1.0,1,1.0,1,0.28427919683862507,43
2158,2,3451,1680,1771,0,0,0,1.0,1,1.0,1,1.0,1,0.2572881355737095,43
2159,4,3455,1682,1773,0,0,0,1.0,1,1.0,1,1.0,1,0.3002290310038909,43
2160,4,3459,1682,1777,0,0,0,1.0,1,1.0,1,1.0,1,0.21120427856768054,41
2161,0,3459,1682,1777,0,0,0,1.0,1,1.0,1,1.0,1,0.21120427856768054,41
2162,2,3461,1683,1778,0,0,0,1.0,1,1.0,1,1.0,1,0.1745400524396993,42
2163,1,3462,1684,1778,0,0,0,1.0,1,1.0,1,1.0,1,0.20764597282965166,43
2164,3,3465,1686,1779,0,0,0,1.0,1,1.0,1,1.0,1,0.25123373870851884,44
2165,1,3466,1687,1779,0,0,0,1.0,1,1.0,1,1.0,1,0.2482118065322961,44
2166,2,3468,1687,1781,0,0,0,1.0,1,1.0,1,1.0,1,0.2187314347764413,46
2167,1,3469,1687,1782,0,0,0,1.0,1,1.0,1,1.0,1,0.20913578941789468,46
2168,0,3469,1687,1782,0,0,0,1.0,1,1.0,1,1.0,1,0.19483559057350724,45
2169,4,3473,1688,1785,0,0,0,1.0,1,1.0,1,1.0,1,0.15273440520798282,49
2170,0,3473,1688,1785,0,0,0,1.0,1,1.0,1,1.0,1,0.15273440520798282,49
2171,1,3474,1689,1785,0,0,0,1.0,1,1.0,1,1.0,1,0.20097239342235335,51
2172,3,3477,1691,1786,0,0,0,1.0,1,1.0,1,1.0,1,0.13426368519069656,52
2173,0,3477,1691,1786,0,0,0,1.0,1,1.0,1,1.0,1,0.13426368519069656,52
2174,2,3479,1692,1787,0,0,0,1.0,1,1.0,1,1.0,1,0.13989082689738597,52
2175,2,3481,1693,1788,0,0,0,1.0,1,1.0,1,1.0,1,0.14524348695325995,53
2176,4,3485,1694,1791,0,0,0,1.0,1,1.0,1,1.0,1,0.09332934003306004,54
2177,3,3488,1695,1793,0,0,0,1.0,1,1.0,1,1.0,1,0.10341131611770665,55
2178,3,3491,1697,1794,0,0,0,1.0,1,1.0,1,1.0,1,0.11579425079306306,54
2179,2,3493,1699,1794,0,0,0,1.0,1,1.0,1,1.0,1,0.15191415756522075,52
2180,0,3493,1699,1794,0,0,0,1.0,1,1.0,1,1.0,1,0.15802651226781442,51
2181,1,3494,1700,1794,0,0,0,1.0,1,1.0,1,1.0,1,0.14794979013347845,49
2182,3,3497,1702,1795,0,0,0,1.0,1,1.0,1,1.0,1,0.2024127717583411,49
2183,4,3501,1706,1795,0,0,0,1.0,1,1.0,1,1.0,1,0.2721187419415378,46
2184,8,3509,1709,1800,0,0,0,1.0,1,1.0,1,1.0,1,0.3114969402908982,45
2185,5,3514,1710,1804,0,0,0,1.0,1,1.0,1,1.0,1,0.23701745849305797,44
2186,4,3518,1712,1806,0,0,0,1.0,1,1.0,1,1.0,1,0.2181175181343741,42
2187,4,3522,1714,1808,0,0,0,1.0,1,1.0,1,1.0,1,0.19610610858303162,40
2188,0,3522,1714,1808,0,0,0,1.0,1,1.0,1,1.0,1,0.16627604683529557,38
2189,0,3522,1714,1808,0,0,0,1.0,1,1.0,1,1.0,1,0.1486326088664165,36
2190,4,3526,1716,1810,0,0,0,1.0,1,1.0,1,1.0,1,0.21017138581119982,34
2191,3,3529,1718,1811,0,0,0,1.0,1,1.0,1,1.0,1,0.1422474651438535,34
2192,2,3531,1720,1811,0,0,0,1.0,1,1.0,1,1.0,1,0.16006240995510732,33
2193,0,3531,1720,1811,0,0,0,1.0,1,1.0,1,1.0,1,0.17586383544194928,32
2194,1,3532,1721,1811,0,0,0,1.0,1,1.0,1,1.0,1,0.17923148652507817,32
2195,1,3533,1721,1812,0,0,0,1.0,1,1.0,1,1.0,1,0.15162774673495746,31
2196,1,3534,1722,1812,0,0,0,1.0,1,1.0,1,1.0,1,0.17423721576930778,32
2197,1,3535,1723,1812,0,0,0,1.0,1,1.0,1,1.0,1,0.20335422306137196,31
2198,0,3535,1723,1812,0,0,0,1.0,1,1.0,1,1.0,1,0.20335422306137196,31
2199,2,3537,1725,1812,0,0,0,1.0,1,1.0,1,1.0,1,0.222844418495267,32
2200,2,3539,1725,1814,0,0,0,1.0,1,1.0,1,1.0,1,0.1991082469388703,35
2201,0,3539,1725,1814,0,0,0,1.0,1,1.0,1,1.0,1,0.19520267167262173,36
2202,3,3542,1728,1814,0,0,0,1.0,1,1.0,1,1.0,1,0.22470953101803418,36
2203,1,3543,1728,1815,0,0,0,1.0,1,1.0,1,1.0,1,0.2127139099836574,37
2204,1,3544,1729,1815,0,0,0,1.0,1,1.0,1,1.0,1,0.25944682932835195,36
2205,1,3545,1729,1816,0,0,0,1.0,1,1.0,1,1.0,1,0.24521896905680127,37
2206,2,3547,1730,1817,0,0,0,1.0,1,1.0,1,1.0,1,0.2719240779628997,35
2207,3,3550,1730,1820,0,0,0,1.0,1,1.0,1,1.0,1,0.21006251435328602,37
2208,0,3550,1730,1820,0,0,0,1.0,1,1.0,1,1.0,1,0.20476279140656642,36
2209,1,3551,1731,1820,0,0,0,1.0,1,1.0,1,1.0,1,0.23636814995567626,35
2210,2,3553,1731,1822,0,0,0,1.0,1,1.0,1,1.0,1,0.2299277127291413,38
2211,0,3553,1731,1822,0,0,0,1.0,1,1.0,1,1.0,1,0.2606250210895794,37
2212,1,3554,1731,1823,0,0,0,1.0,1,1.0,1,1.0,1,0.2299561067244261,38
2213,1,3555,1732,1823,0,0,0,1.0,1,1.0,1,1.0,1,0.21629354153585054,38
2214,1,3556,1733,1823,0,0,0,1.0,1,1.0,1,1.0,1,0.23268811968169176,39
2215,1,3557,1734,1823,0,0,0,1.0,1,1.0,1,1.0,1,0.22814627583603428,39
2216,1,3558,1735,1823,0,0,0,1.0,1,1.0,1,1.0,1,0.2522730067137395,39
2217,1,3559,1735,1824,0,0,0,1.0,1,1.0,1,1.0,1,0.19457149467157353,38
2218,2,3561,1737,1824,0,0,0,1.0,1,1.0,1,1.0,1,0.20774697462439926,37
2219,1,3562,1738,1824,0,0,0,1.0,1,1.0,1,1.0,1,0.23803917296994634,36
2220,0,3562,1738,1824,0,0,0,1.0,1,1.0,1,1.0,1,0.278765506317596,34
2221,6,3568,1741,1827,0,0,0,1.0,1,1.0,1,1.0,1,0.2454361533394493,35
2222,0,3568,1741,1827,0,0,0,1.0,1,1.0,1,1.0,1,0.2630190929098119,33
2223,2,3570,1741,1829,0,0,0,1.0,1,1.0,1,1.0,1,0.1826886821892686,34
2224,2,3572,1743,1829,0,0,0,1.0,1,1.0,1,1.0,1,0.1997826245801677,32
2225,2,3574,1745,1829,0,0,0,1.0,1,1.0,1,1.0,1,0.23882772479656292,33
2226,1,3575,1746,1829,0,0,0,1.0,1,1.0,1,1.0,1,0.23115443318535575,32
2227,1,3576,1747,1829,0,0,0,1.0,1,1.0,1,1.0,1,0.24080338096852824,31
2228,3,3579,1748,1831,0,0,0,1.0,1,1.0,1,1.0,1,0.16754573811321752,32
2229,0,3579,1748,1831,0,0,0,1.0,1,1.0,1,1.0,1,0.16754573811321752,32
2230,0,3579,1748,1831,0,0,0,1.0,1,1.0,1,1.0,1,0.1916856348663837,31
2231,0,3579,1748,1831,0,0,0,1.0,1,1.0,1,1.0,1,0.17133311182247915,32
2232,2,3581,1749,1832,0,0,0,1.0,1,1.0,1,1.0,1,0.17411325029563526,32
2233,0,3581,1749,1832,0,0,0,1.0,1,1.0,1,1.0,1,0.18997454560640945,31
2234,1,3582,1750,1832,0,0,0,1.0,1,1.0,1,1.0,1,0.25130103429032846,32
2235,1,3583,1750,1833,0,0,0,1.0,1,1.0,1,1.0,1,0.25034283898129384,31
2236,2,3585,1751,1834,0,0,0,1.0,1,1.0,1,1.0,1,0.24266098460255298,31
2237,1,3586,1752,1834,0,0,0,1.0,1,1.0,1,1.0,1,0.29643923092448804,31
2238,4,3590,1753,1837,0,0,0,1.0,1,1.0,1,1.0,1,0.2654017102564875,31
2239,0,3590,1753,1837,0,0,0,1.0,1,1.0,1,1.0,1,0.2654017102564875,31
2240,2,3592,1755,1837,0,0,0,1.0,1,1.0,1,1.0,1,0.2915174165759565,32
2241,1,3593,1756,1837,0,0,0,1.0,1,1.0,1,1.0,1,0.31327104773777387,32
2242,4,3597,1758,1839,0,0,0,1.0,1,1.0,1,1.0,1,0.22236210804550507,34
2243,0,3597,1758,1839,0,0,0,1.0,1,1.0,1,1.0,1,0.22236210804550507,34
2244,1,3598,1758,1840,0,0,0,1.0,1,1.0,1,1.0,1,0.22890353315508757,36
2245,0,3598,1758,1840,0,0,0,1.0,1,1.0,1,1.0,1,0.22890353315508757,36
2246,1,3599,1758,1841,0,0,0,1.0,1,1.0,1,1.0,1,0.23883799898364488,39
2247,0,3599,1758,1841,0,0,0,1.0,1,1.0,1,1.0,1,0.24071402190498303,40
2248,0,3599,1758,1841,0,0,0,1.0,1,1.0,1,1.0,1,0.24071402190498303,40
2249,0,3599,1758,1841,0,0,0,1.0,1,1.0,1,1.0,1,0.2362239064069646,41
2250,0,3599,1758,1841,0,0,0,1.0,1,1.0,1,1.0,1,0.2362239064069646,41
2251,1,3600,1758,1842,0,0,0,1.0,1,1.0,1,1.0,1,0.248763511625432,42
2252,3,3603,1760,1843,0,0,0,1.0,1,1.0,1,1.0,1,0.2651736148090129,41
2253,0,3603,1760,1843,0,0,0,1.0,1,1.0,1,1.0,1,0.25264803003898745,40
2254,2,3605,1761,1844,0,0,0,1.0,1,1.0,1,1.0,1,0.2916798933986433,39
2255,1,3606,1761,1845,0,0,0,1.0,1,1.0,1,1.0,1,0.2450784192807274,39
2256,4,3610,1765,1845,0,0,0,1.0,1,1.0,1,1.0,1,0.2872645076116175,40
2257,4,3614,1767,1847,0,0,0,1.0,1,1.0,1,1.0,1,0.2729773783142452,40
2258,1,3615,1768,1847,0,0,0,1.0,1,1.0,1,1.0,1,0.25147615352284847,39
2259,3,3618,1770,1848,0,0,0,1.0,1,1.0,1,1.0,1,0.2380537765991689,41
2260,2,3620,1772,1848,0,0,0,1.0,1,1.0,1,1.0,1,0.2444727737822584,38
2261,1,3621,1773,1848,0,0,0,1.0,1,1.0,1,1.0,1,0.24613532141904834,38
2262,1,3622,1774,1848,0,0,0,1.0,1,1.0,1,1.0,1,0.2885315893880828,36
2263,5,3627,1778,1849,0,0,0,1.0,1,1.0,1,1.0,1,0.2850276035632284,35
2264,1,3628,1779,1849,0,0,0,1.0,1,1.0,1,1.0,1,0.312584233111734,33
2265,1,3629,1779,1850,0,0,0,1.0,1,1.0,1,1.0,1,0.2705085595517408,33
2266,3,3632,1781,1851,0,0,0,1.0,1,1.0,1,1.0,1,0.25654067995505836,33
2267,5,3637,1784,1853,0,0,0,1.0,1,1.0,1,1.0,1,0.227619310158958,33
2268,5,3642,1786,1856,0,0,0,1.0,1,1.0,1,1.0,1,0.2177127282705166,35
2269,3,3645,1788,1857,0,0,0,1.0,1,1.0,1,1.0,1,0.26503492220002306,36
2270,0,3645,1788,1857,0,0,0,1.0,1,1.0,1,1.0,1,0.26874362535143426,34
2271,3,3648,1791,1857,0,0,0,1.0,1,1.0,1,1.0,1,0.24258831256694632,34
2272,2,3650,1792,1858,0,0,0,1.0,1,1.0,1,1.0,1,0.1416314790062832,33
2273,1,3651,1793,1858,0,0,0,1.0,1,1.0,1,1.0,1,0.1293018424258535,32
2274,0,3651,1793,1858,0,0,0,1.0,1,1.0,1,1.0,1,0.1293018424258535,32
2275,0,3651,1793,1858,0,0,0,1.0,1,1.0,1,1.0,1,0.17849104978260583,32
2276,1,3652,1794,1858,0,0,0,1.0,1,1.0,1,1.0,1,0.20980196041588559,31
2277,1,3653,1795,1858,0,0,0,1.0,1,1.0,1,1.0,1,0.22384436051226916,30
2278,2,3655,1796,1859,0,0,0,1.0,1,1.0,1,1.0,1,0.1760417557277319,33
2279,0,3655,1796,1859,0,0,0,1.0,1,1.0,1,1.0,1,0.1760417557277319,33
2280,0,3655,1796,1859,0,0,0,1.0,1,1.0,1,1.0,1,0.20676207911807049,35
2281,1,3656,1796,1860,0,0,0,1.0,1,1.0,1,1.0,1,0.20756048011388298,36
2282,0,3656,1796,1860,0,0,0,1.0,1,1.0,1,1.0,1,0.20756048011388298,36
2283,1,3657,1797,1860,0,0,0,1.0,1,1.0,1,1.0,1,0.2152151646363008,36
2284,1,3658,1798,1860,0,0,0,1.0,1,1.0,1,1.0,1,0.23825624715313096,36
2285,1,3659,1798,1861,0,0,0,1.0,1,1.0,1,1.0,1,0.20583879574939656,37
2286,2,3661,1799,1862,0,0,0,1.0,1,1.0,1,1.0,1,0.21515406542653373,38
2287,1,3662,1799,1863,0,0,0,1.0,1,1.0,1,1.0,1,0.17972230403531111,38
2288,1,3663,1800,1863,0,0,0,1.0,1,1.0,1,1.0,1,0.24452508157823327,40
2289,0,3663,1800,1863,0,0,0,1.0,1,1.0,1,1.0,1,0.24811236641469536,40
2290,3,3666,1802,1864,0,0,0,1.0,1,1.0,1,1.0,1,0.27904482748123693,39
2291,3,3669,1804,1865,0,0,0,1.0,1,1.0,1,1.0,1,0.27987354413304466,37
2292,4,3673,1805,1868,0,0,0,1.0,1,1.0,1,1.0,1,0.33245187922153263,35
2293,4,3677,1806,1871,0,0,0,1.0,1,1.0,1,1.0,1,0.30230528521264843,35
2294,3,3680,1806,1874,0,0,0,1.0,1,1.0,1,1.0,1,0.20786868027955924,35
2295,0,3680,1806,1874,0,0,0,1.0,1,1.0,1,1.0,1,0.22131034709317887,36
2296,0,3680,1806,1874,0,0,0,1.0,1,1.0,1,1.0,1,0.21678679733298498,34
2297,1,3681,1806,1875,0,0,0,1.0,1,1.0,1,1.0,1,0.23096547576422877,35
2298,0,3681,1806,1875,0,0,0,1.0,1,1.0,1,1.0,1,0.258991860709707,34
2299,2,3683,1808,1875,0,0,0,1.0,1,1.0,1,1.0,1,0.2819030023108606,35
2300,0,3683,1808,1875,0,0,0,1.0,1,1.0,1,1.0,1,0.2819030023108606,35
2301,0,3683,1808,1875,0,0,0,1.0,1,1.0,1,1.0,1,0.2819030023108606,35
2302,3,3686,1810,1876,0,0,0,1.0,1,1.0,1,1.0,1,0.30263429634818556,37
2303,0,3686,1810,1876,0,0,0,1.0,1,1.0,1,1.0,1,0.2604311954504955,35
2304,2,3688,1812,1876,0,0,0,1.0,1,1.0,1,1.0,1,0.33291817893567355,36
2305,1,3689,1812,1877,0,0,0,1.0,1,1.0,1,1.0,1,0.3055159522780251,34
2306,2,3691,1813,1878,0,0,0,1.0,1,1.0,1,1.0,1,0.35099738828840243,35
2307,1,3692,1813,1879,0,0,0,1.0,1,1.0,1,1.0,1,0.33075921177220274,35
2308,0,3692,1813,1879,0,0,0,1.0,1,1.0,1,1.0,1,0.33075921177220274,35
2309,0,3692,1813,1879,0,0,0,1.0,1,1.0,1,1.0,1,0.34154075374341214,34
2310,1,3693,1813,1880,0,0,0,1.0,1,1.0,1,1.0,1,0.32955146238705657,36
2311,1,3694,1813,1881,0,0,0,1.0,1,1.0,1,1.0,1,0.3277540568406075,38
2312,3,3697,1815,1882,0,0,0,1.0,1,1.0,1,1.0,1,0.3695884860343733,39
2313,5,3702,1817,1885,0,0,0,1.0,1,1.0,1,1.0,1,0.2758804001711216,39
2314,2,3704,1817,1887,0,0,0,1.0,1,1.0,1,1.0,1,0.24138357629594437,39
2315,4,3708,1819,1889,0,0,0,1.0,1,1.0,1,1.0,1,0.22847299238469826,40
2316,2,3710,1819,1891,0,0,0,1.0,1,1.0,1,1.0,1,0.16274149333274146,40
2317,1,3711,1820,1891,0,0,0,1.0,1,1.0,1,1.0,1,0.21285233074710683,41
2318,2,3713,1821,1892,0,0,0,1.0,1,1.0,1,1.0,1,0.19746693318471004,41
2319,0,3713,1821,1892,0,0,0,1.0,1,1.0,1,1.0,1,0.19746693318471004,41
2320,0,3713,1821,1892,0,0,0,1.0,1,1.0,1,1.0,1,0.21840140587809925,42
2321,0,3713,1821,1892,0,0,0,1.0,1,1.0,1,1.0,1,0.20261497188719715,43
2322,1,3714,1822,1892,0,0,0,1.0,1,1.0,1,1.0,1,0.23816186073822637,42
2323,0,3714,1822,1892,0,0,0,1.0,1,1.0,1,1.0,1,0.24370360752563947,43
2324,2,3716,1822,1894,0,0,0,1.0,1,1.0,1,1.0,1,0.2394763865103703,44
2325,1,3717,1822,1895,0,0,0,1.0,1,1.0,1,1.0,1,0.20958339965252465,44
2326,1,3718,1822,1896,0,0,0,1.0,1,1.0,1,1.0,1,0.16732054096099097,45
2327,0,3718,1822,1896,0,0,0,1.0,1,1.0,1,1.0,1,0.16732054096099097,45
2328,0,3718,1822,1896,0,0,0,1.0,1,1.0,1,1.0,1,0.17940315746881577,46
2329,1,3719,1823,1896,0,0,0,1.0,1,1.0,1,1.0,1,0.21506622712916545,45
2330,0,3719,1823,1896,0,0,0,1.0,1,1.0,1,1.0,1,0.2052669008529123,47
2331,1,3720,1824,1896,0,0,0,1.0,1,1.0,1,1.0,1,0.22936886919460212,48
2332,0,3720,1824,1896,0,0,0,1.0,1,1.0,1,1.0,1,0.22936886919460212,48
2333,3,3723,1825,1898,0,0,0,1.0,1,1.0,1,1.0,1,0.21588456471785553,49
2334,1,3724,1826,1898,0,0,0,1.0,1,1.0,1,1.0,1,0.2792042287273572,47
2335,2,3726,1827,1899,0,0,0,1.0,1,1.0,1,1.0,1,0.28204067717144987,46
2336,6,3732,1827,1905,0,0,0,1.0,1,1.0,1,1.0,1,0.22069764518303142,46
2337,0,3732,1827,1905,0,0,0,1.0,1,1.0,1,1.0,1,0.20775059204861993,45
2338,1,3733,1828,1905,0,0,0,1.0,1,1.0,1,1.0,1,0.1835946358592771,44
2339,2,3735,1829,1906,0,0,0,1.0,1,1.0,1,1.0,1,0.15912872742718434,45
2340,2,3737,1830,1907,0,0,0,1.0,1,1.0,1,1.0,1,0.15141747376029327,44
2341,0,3737,1830,1907,0,0,0,1.0,1,1.0,1,1.0,1,0.1696089811717265,45
2342,2,3739,1832,1907,0,0,0,1.0,1,1.0,1,1.0,1,0.16842404705403285,47
2343,1,3740,1833,1907,0,0,0,1.0,1,1.0,1,1.0,1,0.18049451418436477,46
2344,3,3743,1834,1909,0,0,0,1.0,1,1.0,1,1.0,1,0.18294891013065076,46
2345,0,3743,1834,1909,0,0,0,1.0,1,1.0,1,1.0,1,0.18954926358735855,45
2346,0,3743,1834,1909,0,0,0,1.0,1,1.0,1,1.0,1,0.18343204105224525,46
2347,0,3743,1834,1909,0,0,0,1.0,1,1.0,1,1.0,1,0.19512279735976137,47
2348,3,3746,1835,1911,0,0,0,1.0,1,1.0,1,1.0,1,0.19315077754515755,49
2349,1,3747,1836,1911,0,0,0,1.0,1,1.0,1,1.0,1,0.21383680729799195,49
2350,4,3751,1837,1914,0,0,0,1.0,1,1.0,1,1.0,1,0.20642044747039132,50
2351,2,3753,1838,1915,0,0,0,1.0,1,1.0,1,1.0,1,0.21267323502522745,50
2352,0,3753,1838,1915,0,0,0,1.0,1,1.0,1,1.0,1,0.22145535455817897,51
2353,2,3755,1838,1917,0,0,0,1.0,1,1.0,1,1.0,1,0.1760297914923018,51
2354,0,3755,1838,1917,0,0,0,1.0,1,1.0,1,1.0,1,0.19102922204075168,51
2355,1,3756,1839,1917,0,0,0,1.0,1,1.0,1,1.0,1,0.2157489963542891,50
2356,1,3757,1840,1917,0,0,0,1.0,1,1.0,1,1.0,1,0.19964390746749802,50
2357,0,3757,1840,1917,0,0,0,1.0,1,1.0,1,1.0,1,0.20868024640574417,49
2358,0,3757,1840,1917,0,0,0,1.0,1,1.0,1,1.0,1,0.22241088883120622,51
2359,0,3757,1840,1917,0,0,0,1.0,1,1.0,1,1.0,1,0.20991561232963937,51
2360,4,3761,1842,1919,0,0,0,1.0,1,1.0,1,1.0,1,0.23816222864578704,51
2361,2,3763,1843,1920,0,0,0,1.0,1,1.0,1,1.0,1,0.22540799585298593,52
2362,1,3764,1843,1921,0,0,0,1.0,1,1.0,1,1.0,1,0.21232627260600398,53
2363,4,3768,1844,1924,0,0,0,1.0,1,1.0,1,1.0,1,0.1855008706113939,54
2364,0,3768,1844,1924,0,0,0,1.0,1,1.0,1,1.0,1,0.1902733970940448,55
2365,3,3771,1846,1925,0,0,0,1.0,1,1.0,1,1.0,1,0.17207356656491626,53
2366,2,3773,1848,1925,0,0,0,1.0,1,1.0,1,1.0,1,0.1717839686423818,53
2367,2,3775,1850,1925,0,0,0,1.0,1,1.0,1,1.0,1,0.19963682403364055,51
2368,6,3781,1853,1928,0,0,0,1.0,1,1.0,1,1.0,1,0.1902251154815895,50
2369,1,3782,1854,1928,0,0,0,1.0,1,1.0,1,1.0,1,0.22521344921230285,47
2370,0,3782,1854,1928,0,0,0,1.0,1,1.0,1,1.0,1,0.24820748996963232,48
2371,3,3785,1856,1929,0,0,0,1.0,1,1.0,1,1.0,1,0.24510353707020832,49
2372,1,3786,1856,1930,0,0,0,1.0,1,1.0,1,1.0,1,0.2298358796575,48
2373,1,3787,1857,1930,0,0,0,1.0,1,1.0,1,1.0,1,0.23865007178643616,49
2374,0,3787,1857,1930,0,0,0,1.0,1,1.0,1,1.0,1,0.2493380022600071,50
2375,1,3788,1858,1930,0,0,0,1.0,1,1.0,1,1.0,1,0.23844247141426075,50
2376,0,3788,1858,1930,0,0,0,1.0,1,1.0,1,1.0,1,0.2312142678904237,50
2377,0,3788,1858,1930,0,0,0,1.0,1,1.0,1,1.0,1,0.22961092505118674,49
2378,1,3789,1859,1930,0,0,0,1.0,1,1.0,1,1.0,1,0.21690259405913567,49
2379,1,3790,1860,1930,0,0,0,1.0,1,1.0,1,1.0,1,0.25680150741751306,50
2380,2,3792,1861,1931,0,0,0,1.0,1,1.0,1,1.0,1,0.2748554726174572,50
2381,0,3792,1861,1931,0,0,0,1.0,1,1.0,1,1.0,1,0.27745875444792617,51
2382,0,3792,1861,1931,0,0,0,1.0,1,1.0,1,1.0,1,0.27745875444792617,51
2383,3,3795,1861,1934,0,0,0,1.0,1,1.0,1,1.0,1,0.2479794269185644,52
2384,1,3796,1862,1934,0,0,0,1.0,1,1.0,1,1.0,1,0.22309872067753045,52
2385,2,3798,1864,1934,0,0,0,1.0,1,1.0,1,1.0,1,0.24180318338430223,51
2386,6,3804,1867,1937,0,0,0,1.0,1,1.0,1,1.0,1,0.26112144605054294,52
2387,2,3806,1868,1938,0,0,0,1.0,1,1.0,1,1.0,1,0.25440081385461283,49
2388,0,3806,1868,1938,0,0,0,1.0,1,1.0,1,1.0,1,0.2551555198893502,48
2389,4,3810,1871,1939,0,0,0,1.0,1,1.0,1,1.0,1,0.25015310206136193,48
2390,2,3812,1871,1941,0,0,0,1.0,1,1.0,1,1.0,1,0.2208450591492312,49
2391,2,3814,1872,1942,0,0,0,1.0,1,1.0,1,1.0,1,0.20475827133376612,48
2392,3,3817,1875,1942,0,0,0,1.0,1,1.0,1,1.0,1,0.18828748704668144,49
2393,3,3820,1876,1944,0,0,0,1.0,1,1.0,1,1.0,1,0.18916014203557188,50
2394,4,3824,1880,1944,0,0,0,1.0,1,1.0,1,1.0,1,0.24553934694765514,50
2395,3,3827,1882,1945,0,0,0,1.0,1,1.0,1,1.0,1,0.24736614100822718,49
2396,2,3829,1882,1947,0,0,0,1.0,1,1.0,1,1.0,1,0.20431032747965253,50
2397,4,3833,1882,1951,0,0,0,1.0,1,1.0,1,1.0,1,0.18773892122851008,51
2398,1,3834,1882,1952,0,0,0,1.0,1,1.0,1,1.0,1,0.16403235364908855,49
2399,1,3835,1882,1953,0,0,0,1.0,1,1.0,1,1.0,1,0.16461507368290842,50
2400,0,3835,1882,1953,0,0,0,1.0,1,1.0,1,1.0,1,0.17485759836835593,51
2401,1,3836,1883,1953,0,0,0,1.0,1,1.0,1,1.0,1,0.18408470254301432,50
2402,0,3836,1883,1953,0,0,0,1.0,1,1.0,1,1.0,1,0.18694009659243133,51
2403,1,3837,1883,1954,0,0,0,1.0,1,1.0,1,1.0,1,0.17147187152124072,52
2404,2,3839,1883,1956,0,0,0,1.0,1,1.0,1,1.0,1,0.1641641527741,53
2405,0,3839,1883,1956,0,0,0,1.0,1,1.0,1,1.0,1,0.18076332377857424,52
2406,1,3840,1884,1956,0,0,0,1.0,1,1.0,1,1.0,1,0.2019119274028166,52
2407,1,3841,1885,1956,0,0,0,1.0,1,1.0,1,1.0,1,0.2430858492437383,51
2408,0,3841,1885,1956,0,0,0,1.0,1,1.0,1,1.0,1,0.23854416401807257,50
2409,0,3841,1885,1956,0,0,0,1.0,1,1.0,1,1.0,1,0.25686832740339965,50
2410,7,3848,1886,1962,0,0,0,1.0,1,1.0,1,1.0,1,0.23091278666103365,49
2411,0,3848,1886,1962,0,0,0,1.0,1,1.0,1,1.0,1,0.2540751848701042,48
2412,0,3848,1886,1962,0,0,0,1.0,1,1.0,1,1.0,1,0.26006471250627844,47
2413,2,3850,1886,1964,0,0,0,1.0,1,1.0,1,1.0,1,0.20956560220104925,47
2414,1,3851,1887,1964,0,0,0,1.0,1,1.0,1,1.0,1,0.2592779285228123,47
2415,0,3851,1887,1964,0,0,0,1.0,1,1.0,1,1.0,1,0.26810839548050514,46
2416,2,3853,1888,1965,0,0,0,1.0,1,1.0,1,1.0,1,0.24513594338639838,47
2417,2,3855,1889,1966,0,0,0,1.0,1,1.0,1,1.0,1,0.2603581270910656,46
2418,4,3859,1891,1968,0,0,0,1.0,1,1.0,1,1.0,1,0.26945379080333387,48
2419,2,3861,1892,1969,0,0,0,1.0,1,1.0,1,1.0,1,0.254155759234918,47
2420,2,3863,1893,1970,0,0,0,1.0,1,1.0,1,1.0,1,0.2236772130066767,49
2421,1,3864,1894,1970,0,0,0,1.0,1,1.0,1,1.0,1,0.21873664052446898,50
2422,3,3867,1896,1971,0,0,0,1.0,1,1.0,1,1.0,1,0.20743207347212853,50
2423,3,3870,1898,1972,0,0,0,1.0,1,1.0,1,1.0,1,0.19134238130488088,51
2424,4,3874,1902,1972,0,0,0,1.0,1,1.0,1,1.0,1,0.2002790604998895,50
2425,1,3875,1902,1973,0,0,0,1.0,1,1.0,1,1.0,1,0.17645865394633115,48
2426,3,3878,1904,1974,0,0,0,1.0,1,1.0,1,1.0,1,0.16290153638033472,51
2427,1,3879,1905,1974,0,0,0,1.0,1,1.0,1,1.0,1,0.15932615682529422,50
2428,2,3881,1906,1975,0,0,0,1.0,1,1.0,1,1.0,1,0.15252602921132188,49
2429,2,3883,1908,1975,0,0,0,1.0,1,1.0,1,1.0,1,0.17117198806603046,49
2430,0,3883,1908,1975,0,0,0,1.0,1,1.0,1,1.0,1,0.1930791977136351,46
2431,1,3884,1909,1975,0,0,0,1.0,1,1.0,1,1.0,1,0.2075327870616108,45
2432,1,3885,1910,1975,0,0,0,1.0,1,1.0,1,1.0,1,0.29567076478068294,44
2433,3,3888,1911,1977,0,0,0,1.0,1,1.0,1,1.0,1,0.2245666857845876,45
2434,2,3890,1912,1978,0,0,0,1.0,1,1.0,1,1.0,1,0.23295957841666218,44
2435,1,3891,1912,1979,0,0,0,1.0,1,1.0,1,1.0,1,0.19696576513478764,44
2436,1,3892,1912,1980,0,0,0,1.0,1,1.0,1,1.0,1,0.16200179153188876,44
2437,3,3895,1914,1981,0,0,0,1.0,1,1.0,1,1.0,1,0.1862560758964828,45
2438,1,3896,1915,1981,0,0,0,1.0,1,1.0,1,1.0,1,0.23141385630134872,45
2439,2,3898,1915,1983,0,0,0,1.0,1,1.0,1,1.0,1,0.19862278902295918,46
2440,1,3899,1915,1984,0,0,0,1.0,1,1.0,1,1.0,1,0.18538635508920567,45
2441,1,3900,1916,1984,0,0,0,1.0,1,1.0,1,1.0,1,0.18996077039284534,45
2442,0,3900,1916,1984,0,0,0,1.0,1,1.0,1,1.0,1,0.18240076608239203,46
2443,1,3901,1916,1985,0,0,0,1.0,1,1.0,1,1.0,1,0.21602420733556815,45
2444,3,3904,1919,1985,0,0,0,1.0,1,1.0,1,1.0,1,0.31296426296706803,46
2445,2,3906,1920,1986,0,0,0,1.0,1,1.0,1,1.0,1,0.3436284376579478,44
2446,6,3912,1922,1990,0,0,0,1.0,1,1.0,1,1.0,1,0.2507465656671033,44
2447,3,3915,1924,1991,0,0,0,1.0,1,1.0,1,1.0,1,0.23542699524253818,42
2448,3,3918,1927,1991,0,0,0,1.0,1,1.0,1,1.0,1,0.23391044756902815,41
2449,2,3920,1928,1992,0,0,0,1.0,1,1.0,1,1.0,1,0.23089002612603515,40
2450,3,3923,1931,1992,0,0,0,1.0,1,1.0,1,1.0,1,0.2453824235991654,42
2451,1,3924,1931,1993,0,0,0,1.0,1,1.0,1,1.0,1,0.220165320863598,43
2452,1,3925,1931,1994,0,0,0,1.0,1,1.0,1,1.0,1,0.182056712350386,43
2453,0,3925,1931,1994,0,0,0,1.0,1,1.0,1,1.0,1,0.20657053745991721,45
2454,3,3928,1933,1995,0,0,0,1.0,1,1.0,1,1.0,1,0.2338499254686703,47
2455,1,3929,1933,1996,0,0,0,1.0,1,1.0,1,1.0,1,0.21637981477580565,48
2456,0,3929,1933,1996,0,0,0,1.0,1,1.0,1,1.0,1,0.22827724159202512,49
2457,2,3931,1935,1996,0,0,0,1.0,1,1.0,1,1.0,1,0.29836772301060244,48
2458,3,3934,1936,1998,0,0,0,1.0,1,1.0,1,1.0,1,0.252996145862087,49
2459,1,3935,1936,1999,0,0,0,1.0,1,1.0,1,1.0,1,0.24084958101232729,49
2460,4,3939,1938,2001,0,0,0,1.0,1,1.0,1,1.0,1,0.2627719885972177,50
2461,1,3940,1938,2002,0,0,0,1.0,1,1.0,1,1.0,1,0.2501211479848999,50
2462,3,3943,1940,2003,0,0,0,1.0,1,1.0,1,1.0,1,0.266936359629286,51
2463,1,3944,1941,2003,0,0,0,1.0,1,1.0,1,1.0,1,0.297228730851072,51
2464,4,3948,1944,2004,0,0,0,1.0,1,1.0,1,1.0,1,0.27408197122145755,50
2465,1,3949,1944,2005,0,0,0,1.0,1,1.0,1,1.0,1,0.2609882703767,49
2466,4,3953,1946,2007,0,0,0,1.0,1,1.0,1,1.0,1,0.2215080795504002,49
2467,0,3953,1946,2007,0,0,0,1.0,1,1.0,1,1.0,1,0.2311939529874936,48
2468,2,3955,1948,2007,0,0,0,1.0,1,1.0,1,1.0,1,0.2436255202339894,47
2469,1,3956,1949,2007,0,0,0,1.0,1,1.0,1,1.0,1,0.23005470062156855,46
2470,4,3960,1950,2010,0,0,0,1.0,1,1.0,1,1.0,1,0.19004848504546054,44
2471,0,3960,1950,2010,0,0,0,1.0,1,1.0,1,1.0,1,0.20440500425605787,44
2472,1,3961,1950,2011,0,0,0,1.0,1,1.0,1,1.0,1,0.23683821535959976,44
2473,1,3962,1951,2011,0,0,0,1.0,1,1.0,1,1.0,1,0.2498203537860635,43
2474,4,3966,1953,2013,0,0,0,1.0,1,1.0,1,1.0,1,0.25340128708459925,44
2475,3,3969,1954,2015,0,0,0,1.0,1,1.0,1,1.0,1,0.2208417960467985,46
2476,2,3971,1954,2017,0,0,0,1.0,1,1.0,1,1.0,1,0.16884760313162753,46
2477,1,3972,1954,2018,0,0,0,1.0,1,1.0,1,1.0,1,0.1556185835138858,46
2478,0,3972,1954,2018,0,0,0,1.0,1,1.0,1,1.0,1,0.1556185835138858,46
2479,2,3974,1956,2018,0,0,0,1.0,1,1.0,1,1.0,1,0.15105920299017445,46
2480,2,3976,1958,2018,0,0,0,1.0,1,1.0,1,1.0,1,0.20632554743198947,47
2481,2,3978,1959,2019,0,0,0,1.0,1,1.0,1,1.0,1,0.15459266428951723,47
2482,1,3979,1959,2020,0,0,0,1.0,1,1.0,1,1.0,1,0.1507412352093864,45
2483,0,3979,1959,2020,0,0,0,1.0,1,1.0,1,1.0,1,0.16071160676066548,45
2484,1,3980,1960,2020,0,0,0,1.0,1,1.0,1,1.0,1,0.19557594779621632,46
2485,2,3982,1961,2021,0,0,0,1.0,1,1.0,1,1.0,1,0.15625052120658275,44
2486,0,3982,1961,2021,0,0,0,1.0,1,1.0,1,1.0,1,0.15223880143932628,43
2487,1,3983,1962,2021,0,0,0,1.0,1,1.0,1,1.0,1,0.18184954379695845,44
2488,2,3985,1963,2022,0,0,0,1.0,1,1.0,1,1.0,1,0.14166542149563485,45
2489,1,3986,1963,2023,0,0,0,1.0,1,1.0,1,1.0,1,0.1522736196422271,44
2490,2,3988,1965,2023,0,0,0,1.0,1,1.0,1,1.0,1,0.19664271443161638,44
2491,2,3990,1966,2024,0,0,0,1.0,1,1.0,1,1.0,1,0.18443985223607134,44
2492,1,3991,1967,2024,0,0,0,1.0,1,1.0,1,1.0,1,0.21570994063362212,44
2493,1,3992,1968,2024,0,0,0,1.0,1,1.0,1,1.0,1,0.2505006647889712,42
2494,1,3993,1968,2025,0,0,0,1.0,1,1.0,1,1.0,1,0.23495583766915124,42
2495,1,3994,1968,2026,0,0,0,1.0,1,1.0,1,1.0,1,0.20687826083279737,42
2496,2,3996,1969,2027,0,0,0,1.0,1,1.0,1,1.0,1,0.20715224787269704,42
2497,1,3997,1970,2027,0,0,0,1.0,1,1.0,1,1.0,1,0.21348613562574414,44
2498,0,3997,1970,2027,0,0,0,1.0,1,1.0,1,1.0,1,0.23332161378860972,43
2499,1,3998,1971,2027,0,0,0,1.0,1,1.0,1,1.0,1,0.20453137834769136,43
2500,2,4000,1972,2028,0,0,0,1.0,1,1.0,1,1.0,1,0.18543553310352406,44
2501,2,4002,1973,2029,0,0,0,1.0,1,1.0,1,1.0,1,0.1795441306800109,46
2502,3,4005,1976,2029,0,0,0,1.0,1,1.0,1,1.0,1,0.20627714544901,47
2503,3,4008,1977,2031,0,0,0,1.0,1,1.0,1,1.0,1,0.177399275591191,47
2504,1,4009,1978,2031,0,0,0,1.0,1,1.0,1,1.0,1,0.20531968805568604,46
2505,5,4014,1982,2032,0,0,0,1.0,1,1.0,1,1.0,1,0.21488941923719831,46
2506,1,4015,1982,2033,0,0,0,1.0,1,1.0,1,1.0,1,0.1949274360619766,45
2507,4,4019,1984,2035,0,0,0,1.0,1,1.0,1,1.0,1,0.18263390505149718,45
2508,2,4021,1985,2036,0,0,0,1.0,1,1.0,1,1.0,1,0.18483767417219915,46
2509,2,4023,1986,2037,0,0,0,1.0,1,1.0,1,1.0,1,0.18764140286200845,45
2510,4,4027,1988,2039,0,0,0,1.0,1,1.0,1,1.0,1,0.20424450893313006,46
2511,0,4027,1988,2039,0,0,0,1.0,1,1.0,1,1.0,1,0.19898275113155256,47
2512,2,4029,1989,2040,0,0,0,1.0,1,1.0,1,1.0,1,0.19816696514155477,47
2513,2,4031,1989,2042,0,0,0,1.0,1,1.0,1,1.0,1,0.16341708823692902,48
2514,1,4032,1990,2042,0,0,0,1.0,1,1.0,1,1.0,1,0.19986294402838425,48
2515,3,4035,1990,2045,0,0,0,1.0,1,1.0,1,1.0,1,0.14628277047575022,49
2516,1,4036,1991,2045,0,0,0,1.0,1,1.0,1,1.0,1,0.16215929195264236,49
2517,2,4038,1993,2045,0,0,0,1.0,1,1.0,1,1.0,1,0.17036975274658578,49
2518,2,4040,1995,2045,0,0,0,1.0,1,1.0,1,1.0,1,0.18969798171087085,48
2519,1,4041,1996,2045,0,0,0,1.0,1,1.0,1,1.0,1,0.21665506640543722,48
2520,1,4042,1997,2045,0,0,0,1.0,1,1.0,1,1.0,1,0.27333198165120154,46
2521,3,4045,1999,2046,0,0,0,1.0,1,1.0,1,1.0,1,0.2877100090022256,47
2522,2,4047,2001,2046,0,0,0,1.0,1,1.0,1,1.0,1,0.32458704246879294,45
2523,1,4048,2001,2047,0,0,0,1.0,1,1.0,1,1.0,1,0.3242608481403538,44
2524,1,4049,2001,2048,0,0,0,1.0,1,1.0,1,1.0,1,0.30434470503842126,42
2525,1,4050,2001,2049,0,0,0,1.0,1,1.0,1,1.0,1,0.30091303494013133,42
2526,0,4050,2001,2049,0,0,0,1.0,1,1.0,1,1.0,1,0.29534145446557436,41
2527,2,4052,2001,2051,0,0,0,1.0,1,1.0,1,1.0,1,0.27019625977571504,41
2528,1,4053,2001,2052,0,0,0,1.0,1,1.0,1,1.0,1,0.28820478077631634,41
2529,2,4055,2002,2053,0,0,0,1.0,1,1.0,1,1.0,1,0.291463975536124,42
2530,1,4056,2002,2054,0,0,0,1.0,1,1.0,1,1.0,1,0.2710115735815346,41
2531,0,4056,2002,2054,0,0,0,1.0,1,1.0,1,1.0,1,0.2710115735815346,41
2532,0,4056,2002,2054,0,0,0,1.0,1,1.0,1,1.0,1,0.28976059923761616,43
2533,0,4056,2002,2054,0,0,0,1.0,1,1.0,1,1.0,1,0.28976059923761616,43
2534,0,4056,2002,2054,0,0,0,1.0,1,1.0,1,1.0,1,0.28976059923761616,43
2535,1,4057,2003,2054,0,0,0,1.0,1,1.0,1,1.0,1,0.325412382756448,44
2536,0,4057,2003,2054,0,0,0,1.0,1,1.0,1,1.0,1,0.325412382756448,44
2537,0,4057,2003,2054,0,0,0,1.0,1,1.0,1,1.0,1,0.3366471430924854,45
2538,1,4058,2003,2055,0,0,0,1.0,1,1.0,1,1.0,1,0.3211300303870097,48
2539,3,4061,2005,2056,0,0,0,1.0,1,1.0,1,1.0,1,0.28008696602160277,48
2540,0,4061,2005,2056,0,0,0,1.0,1,1.0,1,1.0,1,0.2917364117167279,50
2541,5,4066,2006,2060,0,0,0,1.0,1,1.0,1,1.0,1,0.23452002173136585,52
2542,3,4069,2009,2060,0,0,0,1.0,1,1.0,1,1.0,1,0.3156060714488927,52
2543,6,4075,2012,2063,0,0,0,1.0,1,1.0,1,1.0,1,0.3352832335849347,51
2544,8,4083,2018,2065,0,0,0,1.0,1,1.0,1,1.0,1,0.3349874738374309,51
2545,7,4090,2019,2071,0,0,0,1.0,1,1.0,1,1.0,1,0.2184048167750097,50
2546,1,4091,2020,2071,0,0,0,1.0,1,1.0,1,1.0,1,0.23387061168247214,50
2547,0,4091,2020,2071,0,0,0,1.0,1,1.0,1,1.0,1,0.22792362620264875,47
2548,0,4091,2020,2071,0,0,0,1.0,1,1.0,1,1.0,1,0.21207454138053833,46
2549,2,4093,2022,2071,0,0,0,1.0,1,1.0,1,1.0,1,0.24005156433163885,46
2550,2,4095,2024,2071,0,0,0,1.0,1,1.0,1,1.0,1,0.2527183012426167,44
2551,1,4096,2024,2072,0,0,0,1.0,1,1.0,1,1.0,1,0.22774375350060708,43
2552,0,4096,2024,2072,0,0,0,1.0,1,1.0,1,1.0,1,0.2614245403084063,43
2553,0,4096,2024,2072,0,0,0,1.0,1,1.0,1,1.0,1,0.2670224808754192,44
2554,4,4100,2026,2074,0,0,0,1.0,1,1.0,1,1.0,1,0.2560138330920826,45
2555,2,4102,2027,2075,0,0,0,1.0,1,1.0,1,1.0,1,0.28128665613963905,44
2556,3,4105,2027,2078,0,0,0,1.0,1,1.0,1,1.0,1,0.23758488741077224,44
2557,2,4107,2028,2079,0,0,0,1.0,1,1.0,1,1.0,1,0.2552221609247863,41
2558,1,4108,2028,2080,0,0,0,1.0,1,1.0,1,1.0,1,0.2479324862590439,40
2559,0,4108,2028,2080,0,0,0,1.0,1,1.0,1,1.0,1,0.2577361614606177,41
2560,0,4108,2028,2080,0,0,0,1.0,1,1.0,1,1.0,1,0.2577361614606177,41
2561,0,4108,2028,2080,0,0,0,1.0,1,1.0,1,1.0,1,0.27503981047676423,43
2562,0,4108,2028,2080,0,0,0,1.0,1,1.0,1,1.0,1,0.2859880796718888,44
2563,1,4109,2028,2081,0,0,0,1.0,1,1.0,1,1.0,1,0.2622257909519189,44
2564,1,4110,2029,2081,0,0,0,1.0,1,1.0,1,1.0,1,0.2709652899242932,44
2565,3,4113,2031,2082,0,0,0,1.0,1,1.0,1,1.0,1,0.2710088765011696,45
2566,3,4116,2032,2084,0,0,0,1.0,1,1.0,1,1.0,1,0.2574897164825207,46
2567,2,4118,2033,2085,0,0,0,1.0,1,1.0,1,1.0,1,0.24917076098877158,48
2568,2,4120,2035,2085,0,0,0,1.0,1,1.0,1,1.0,1,0.2877230316061177,48
2569,3,4123,2035,2088,0,0,0,1.0,1,1.0,1,1.0,1,0.2635342890811171,49
2570,0,4123,2035,2088,0,0,0,1.0,1,1.0,1,1.0,1,0.2677421015390934,48
2571,0,4123,2035,2088,0,0,0,1.0,1,1.0,1,1.0,1,0.2677421015390934,48
2572,1,4124,2035,2089,0,0,0,1.0,1,1.0,1,1.0,1,0.23953514747589488,49
2573,3,4127,2035,2092,0,0,0,1.0,1,1.0,1,1.0,1,0.20144706755183728,50
2574,0,4127,2035,2092,0,0,0,1.0,1,1.0,1,1.0,1,0.2188928849047935,49
2575,0,4127,2035,2092,0,0,0,1.0,1,1.0,1,1.0,1,0.22808970030370165,48
2576,0,4127,2035,2092,0,0,0,1.0,1,1.0,1,1.0,1,0.22808970030370165,48
2577,1,4128,2035,2093,0,0,0,1.0,1,1.0,1,1.0,1,0.249036318187625,50
2578,1,4129,2035,2094,0,0,0,1.0,1,1.0,1,1.0,1,0.23654060497187396,50
2579,1,4130,2036,2094,0,0,0,1.0,1,1.0,1,1.0,1,0.23294123447698561,51
2580,0,4130,2036,2094,0,0,0,1.0,1,1.0,1,1.0,1,0.24700131599057001,52
2581,2,4132,2037,2095,0,0,0,1.0,1,1.0,1,1.0,1,0.275802490553472,51
2582,3,4135,2039,2096,0,0,0,1.0,1,1.0,1,1.0,1,0.2863610445452527,51
2583,3,4138,2041,2097,0,0,0,1.0,1,1.0,1,1.0,1,0.2852938317792864,51
2584,6,4144,2044,2100,0,0,0,1.0,1,1.0,1,1.0,1,0.2686023965886334,51
2585,2,4146,2044,2102,0,0,0,1.0,1,1.0,1,1.0,1,0.21746096200702486,50
2586,3,4149,2046,2103,0,0,0,1.0,1,1.0,1,1.0,1,0.23173323479768917,50
2587,2,4151,2047,2104,0,0,0,1.0,1,1.0,1,1.0,1,0.2004691552762841,48
2588,3,4154,2049,2105,0,0,0,1.0,1,1.0,1,1.0,1,0.23272776062678174,50
2589,1,4155,2049,2106,0,0,0,1.0,1,1.0,1,1.0,1,0.17983005309402128,48
2590,1,4156,2049,2107,0,0,0,1.0,1,1.0,1,1.0,1,0.17613260421974242,47
2591,1,4157,2050,2107,0,0,0,1.0,1,1.0,1,1.0,1,0.1928129900603005,47
2592,0,4157,2050,2107,0,0,0,1.0,1,1.0,1,1.0,1,0.1928129900603005,47
2593,3,4160,2051,2109,0,0,0,1.0,1,1.0,1,1.0,1,0.20079224949695237,47
2594,3,4163,2052,2111,0,0,0,1.0,1,1.0,1,1.0,1,0.19722258830867573,49
2595,1,4164,2053,2111,0,0,0,1.0,1,1.0,1,1.0,1,0.19691257026101336,48
2596,2,4166,2055,2111,0,0,0,1.0,1,1.0,1,1.0,1,0.17216586169534556,47
2597,2,4168,2056,2112,0,0,0,1.0,1,1.0,1,1.0,1,0.1649080607814041,48
2598,2,4170,2058,2112,0,0,0,1.0,1,1.0,1,1.0,1,0.18233320902085406,48
2599,2,4172,2059,2113,0,0,0,1.0,1,1.0,1,1.0,1,0.15769068348664175,49
2600,2,4174,2060,2114,0,0,0,1.0,1,1.0,1,1.0,1,0.20984676903136357,52
2601,1,4175,2061,2114,0,0,0,1.0,1,1.0,1,1.0,1,0.2082300742688768,51
2602,3,4178,2062,2116,0,0,0,1.0,1,1.0,1,1.0,1,0.20140607306422234,52
2603,1,4179,2062,2117,0,0,0,1.0,1,1.0,1,1.0,1,0.19603066496336885,53
2604,0,4179,2062,2117,0,0,0,1.0,1,1.0,1,1.0,1,0.19603066496336885,53
2605,1,4180,2063,2117,0,0,0,1.0,1,1.0,1,1.0,1,0.23092805951199522,52
2606,1,4181,2063,2118,0,0,0,1.0,1,1.0,1,1.0,1,0.21908172273357568,52
2607,1,4182,2064,2118,0,0,0,1.0,1,1.0,1,1.0,1,0.24961184446869317,52
2608,3,4185,2064,2121,0,0,0,1.0,1,1.0,1,1.0,1,0.18821660438365323,52
2609,0,4185,2064,2121,0,0,0,1.0,1,1.0,1,1.0,1,0.18420150562856735,53
2610,3,4188,2065,2123,0,0,0,1.0,1,1.0,1,1.0,1,0.18287626875628638,54
2611,3,4191,2067,2124,0,0,0,1.0,1,1.0,1,1.0,1,0.1647615566178681,54
2612,2,4193,2068,2125,0,0,0,1.0,1,1.0,1,1.0,1,0.1670970922161101,56
2613,1,4194,2069,2125,0,0,0,1.0,1,1.0,1,1.0,1,0.14887296013805576,56
2614,2,4196,2070,2126,0,0,0,1.0,1,1.0,1,1.0,1,0.13019233408147737,56
2615,1,4197,2071,2126,0,0,0,1.0,1,1.0,1,1.0,1,0.1369899423926592,57
2616,0,4197,2071,2126,0,0,0,1.0,1,1.0,1,1.0,1,0.1369899423926592,57
2617,1,4198,2072,2126,0,0,0,1.0,1,1.0,1,1.0,1,0.15168184878628801,58
2618,3,4201,2073,2128,0,0,0,1.0,1,1.0,1,1.0,1,0.11747497825381062,58
2619,0,4201,2073,2128,0,0,0,1.0,1,1.0,1,1.0,1,0.14047167388221238,58
2620,2,4203,2073,2130,0,0,0,1.0,1,1.0,1,1.0,1,0.12786018281887696,60
2621,1,4204,2073,2131,0,0,0,1.0,1,1.0,1,1.0,1,0.10462756347742176,59
2622,1,4205,2073,2132,0,0,0,1.0,1,1.0,1,1.0,1,0.09332002861858268,60
2623,1,4206,2074,2132,0,0,0,1.0,1,1.0,1,1.0,1,0.11512252439240296,59
2624,3,4209,2077,2132,0,0,0,1.0,1,1.0,1,1.0,1,0.16478465148865426,58
2625,4,4213,2080,2133,0,0,0,1.0,1,1.0,1,1.0,1,0.17539054114779248,58
2626,6,4219,2083,2136,0,0,0,1.0,1,1.0,1,1.0,1,0.19605795147144553,57
2627,1,4220,2083,2137,0,0,0,1.0,1,1.0,1,1.0,1,0.163600560126332,55
2628,1,4221,2084,2137,0,0,0,1.0,1,1.0,1,1.0,1,0.16639599636471009,55
2629,1,4222,2084,2138,0,0,0,1.0,1,1.0,1,1.0,1,0.13150473317541828,54
2630,2,4224,2085,2139,0,0,0,1.0,1,1.0,1,1.0,1,0.17212271889829403,55
2631,0,4224,2085,2139,0,0,0,1.0,1,1.0,1,1.0,1,0.1717015710815984,55
2632,3,4227,2087,2140,0,0,0,1.0,1,1.0,1,1.0,1,0.2092529194378328,55
2633,1,4228,2088,2140,0,0,0,1.0,1,1.0,1,1.0,1,0.21458848973815653,53
2634,4,4232,2090,2142,0,0,0,1.0,1,1.0,1,1.0,1,0.22344096831493596,52
2635,2,4234,2090,2144,0,0,0,1.0,1,1.0,1,1.0,1,0.20016621546347732,52
2636,3,4237,2092,2145,0,0,0,1.0,1,1.0,1,1.0,1,0.2569180397242756,51
2637,2,4239,2094,2145,0,0,0,1.0,1,1.0,1,1.0,1,0.2698845392162451,50
2638,5,4244,2097,2147,0,0,0,1.0,1,1.0,1,1.0,1,0.2191439337984103,48
2639,2,4246,2098,2148,0,0,0,1.0,1,1.0,1,1.0,1,0.2268282064654314,48
2640,7,4253,2102,2151,0,0,0,1.0,1,1.0,1,1.0,1,0.20042167372066355,46
2641,4,4257,2104,2153,0,0,0,1.0,1,1.0,1,1.0,1,0.17550908948246857,46
2642,6,4263,2109,2154,0,0,0,1.0,1,1.0,1,1.0,1,0.17204897125777635,47
2643,1,4264,2110,2154,0,0,0,1.0,1,1.0,1,1.0,1,0.1997435528041172,45
2644,1,4265,2111,2154,0,0,0,1.0,1,1.0,1,1.0,1,0.21138997953752128,44
2645,0,4265,2111,2154,0,0,0,1.0,1,1.0,1,1.0,1,0.20024622454249819,42
2646,1,4266,2112,2154,0,0,0,1.0,1,1.0,1,1.0,1,0.2408275641166093,43
2647,2,4268,2113,2155,0,0,0,1.0,1,1.0,1,1.0,1,0.23953864135963437,40
2648,2,4270,2114,2156,0,0,0,1.0,1,1.0,1,1.0,1,0.1520896420921127,41
2649,0,4270,2114,2156,0,0,0,1.0,1,1.0,1,1.0,1,0.16616452970184112,43
2650,0,4270,2114,2156,0,0,0,1.0,1,1.0,1,1.0,1,0.1835579046237034,43
2651,1,4271,2115,2156,0,0,0,1.0,1,1.0,1,1.0,1,0.18025454399787644,44
2652,1,4272,2116,2156,0,0,0,1.0,1,1.0,1,1.0,1,0.14034714571722964,44
2653,0,4272,2116,2156,0,0,0,1.0,1,1.0,1,1.0,1,0.14034714571722964,44
2654,1,4273,2117,2156,0,0,0,1.0,1,1.0,1,1.0,1,0.16637678720277274,45
2655,1,4274,2118,2156,0,0,0,1.0,1,1.0,1,1.0,1,0.15977882488333475,45
2656,1,4275,2118,2157,0,0,0,1.0,1,1.0,1,1.0,1,0.1414410716203517,45
2657,0,4275,2118,2157,0,0,0,1.0,1,1.0,1,1.0,1,0.16393746465281012,45
2658,4,4279,2120,2159,0,0,0,1.0,1,1.0,1,1.0,1,0.1876651089996468,47
2659,1,4280,2120,2160,0,0,0,1.0,1,1.0,1,1.0,1,0.17485554224120636,46
2660,3,4283,2122,2161,0,0,0,1.0,1,1.0,1,1.0,1,0.1667904616184413,46
2661,2,4285,2123,2162,0,0,0,1.0,1,1.0,1,1.0,1,0.1764725207058271,46
2662,3,4288,2125,2163,0,0,0,1.0,1,1.0,1,1.0,1,0.17522450827552866,47
2663,5,4293,2127,2166,0,0,0,1.0,1,1.0,1,1.0,1,0.1692792589039949,46
2664,3,4296,2130,2166,0,0,0,1.0,1,1.0,1,1.0,1,0.1674986096479366,45
2665,2,4298,2132,2166,0,0,0,1.0,1,1.0,1,1.0,1,0.18001756086737788,47
2666,3,4301,2135,2166,0,0,0,1.0,1,1.0,1,1.0,1,0.18946163215766368,47
2667,1,4302,2136,2166,0,0,0,1.0,1,1.0,1,1.0,1,0.22978097165024142,45
2668,2,4304,2137,2167,0,0,0,1.0,1,1.0,1,1.0,1,0.18793058267301846,45
2669,2,4306,2138,2168,0,0,0,1.0,1,1.0,1,1.0,1,0.1587123528749221,45
2670,5,4311,2142,2169,0,0,0,1.0,1,1.0,1,1.0,1,0.17516067676347344,45
2671,2,4313,2144,2169,0,0,0,1.0,1,1.0,1,1.0,1,0.19169460960849394,41
2672,2,4315,2146,2169,0,0,0,1.0,1,1.0,1,1.0,1,0.22708524072459801,40
2673,1,4316,2147,2169,0,0,0,1.0,1,1.0,1,1.0,1,0.2687099366232814,39
2674,3,4319,2148,2171,0,0,0,1.0,1,1.0,1,1.0,1,0.2517594975018048,37
2675,1,4320,2149,2171,0,0,0,1.0,1,1.0,1,1.0,1,0.2320881089001402,35
2676,0,4320,2149,2171,0,0,0,1.0,1,1.0,1,1.0,1,0.22090332663088896,34
2677,0,4320,2149,2171,0,0,0,1.0,1,1.0,1,1.0,1,0.2206770860121284,32
2678,3,4323,2151,2172,0,0,0,1.0,1,1.0,1,1.0,1,0.2391411537903921,33
2679,2,4325,2153,2172,0,0,0,1.0,1,1.0,1,1.0,1,0.31489391168577596,33
2680,7,4332,2158,2174,0,0,0,1.0,1,1.0,1,1.0,1,0.38697147495188966,33
2681,3,4335,2159,2176,0,0,0,1.0,1,1.0,1,1.0,1,0.21651786947051965,32
2682,0,4335,2159,2176,0,0,0,1.0,1,1.0,1,1.0,1,0.21651786947051965,32
2683,1,4336,2160,2176,0,0,0,1.0,1,1.0,1,1.0,1,0.2879504577486654,32
2684,2,4338,2161,2177,0,0,0,1.0,1,1.0,1,1.0,1,0.2922917957723239,31
2685,2,4340,2162,2178,0,0,0,1.0,1,1.0,1,1.0,1,0.3379844915494986,30
2686,2,4342,2162,2180,0,0,0,1.0,1,1.0,1,1.0,1,0.2529384796511886,29
2687,0,4342,2162,2180,0,0,0,1.0,1,1.0,1,1.0,1,0.2510900898214515,28
2688,0,4342,2162,2180,0,0,0,1.0,1,1.0,1,1.0,1,0.2510900898214515,28
2689,0,4342,2162,2180,0,0,0,1.0,1,1.0,1,1.0,1,0.2638942874130569,29
2690,1,4343,2162,2181,0,0,0,1.0,1,1.0,1,1.0,1,0.24029089078022564,29
2691,2,4345,2164,2181,0,0,0,1.0,1,1.0,1,1.0,1,0.2621855005352769,29
2692,0,4345,2164,2181,0,0,0,1.0,1,1.0,1,1.0,1,0.25812689554444107,31
2693,4,4349,2166,2183,0,0,0,1.0,1,1.0,1,1.0,1,0.31782003813342546,32
2694,2,4351,2166,2185,0,0,0,1.0,1,1.0,1,1.0,1,0.24665822555810565,32
2695,0,4351,2166,2185,0,0,0,1.0,1,1.0,1,1.0,1,0.22785748629383437,33
2696,1,4352,2166,2186,0,0,0,1.0,1,1.0,1,1.0,1,0.21788639126391277,33
2697,0,4352,2166,2186,0,0,0,1.0,1,1.0,1,1.0,1,0.23507244630955487,34
2698,5,4357,2167,2190,0,0,0,1.0,1,1.0,1,1.0,1,0.16748256798175545,34
2699,0,4357,2167,2190,0,0,0,1.0,1,1.0,1,1.0,1,0.14362412844026015,36
2700,0,4357,2167,2190,0,0,0,1.0,1,1.0,1,1.0,1,0.15622971267641533,36
2701,0,4357,2167,2190,0,0,0,1.0,1,1.0,1,1.0,1,0.15622971267641533,36
2702,2,4359,2169,2190,0,0,0,1.0,1,1.0,1,1.0,1,0.1439553057268395,36
2703,3,4362,2171,2191,0,0,0,1.0,1,1.0,1,1.0,1,0.20538519256688947,38
2704,2,4364,2172,2192,0,0,0,1.0,1,1.0,1,1.0,1,0.22099970075035197,37
2705,3,4367,2175,2192,0,0,0,1.0,1,1.0,1,1.0,1,0.288319876650899,36
2706,1,4368,2176,2192,0,0,0,1.0,1,1.0,1,1.0,1,0.2891796342573415,34
2707,3,4371,2177,2194,0,0,0,1.0,1,1.0,1,1.0,1,0.2655891010526899,36
2708,2,4373,2179,2194,0,0,0,1.0,1,1.0,1,1.0,1,0.26893995777852275,36
2709,1,4374,2180,2194,0,0,0,1.0,1,1.0,1,1.0,1,0.262180635550207,33
2710,2,4376,2181,2195,0,0,0,1.0,1,1.0,1,1.0,1,0.248477910212768,32
2711,1,4377,2182,2195,0,0,0,1.0,1,1.0,1,1.0,1,0.20638456196481872,29
2712,1,4378,2183,2195,0,0,0,1.0,1,1.0,1,1.0,1,0.25695650890684596,28
2713,1,4379,2183,2196,0,0,0,1.0,1,1.0,1,1.0,1,0.27055886330537676,28
2714,1,4380,2184,2196,0,0,0,1.0,1,1.0,1,1.0,1,0.3070769292512425,25
2715,1,4381,2185,2196,0,0,0,1.0,1,1.0,1,1.0,1,0.3492633620391025,24
2716,3,4384,2187,2197,0,0,0,1.0,1,1.0,1,1.0,1,0.45067953060569926,23
2717,4,4388,2188,2200,0,0,0,1.0,1,1.0,1,1.0,1,0.27318295673406023,24
2718,0,4388,2188,2200,0,0,0,1.0,1,1.0,1,1.0,1,0.27318295673406023,24
2719,1,4389,2188,2201,0,0,0,1.0,1,1.0,1,1.0,1,0.2444668061410847,25
2720,2,4391,2190,2201,0,0,0,1.0,1,1.0,1,1.0,1,0.28858489584337793,25
2721,2,4393,2192,2201,0,0,0,1.0,1,1.0,1,1.0,1,0.2460595996142361,26
2722,1,4394,2193,2201,0,0,0,1.0,1,1.0,1,1.0,1,0.28035924171846854,26
2723,1,4395,2194,2201,0,0,0,1.0,1,1.0,1,1.0,1,0.2835132060573561,26
2724,2,4397,2195,2202,0,0,0,1.0,1,1.0,1,1.0,1,0.31203145796409626,27
2725,1,4398,2196,2202,0,0,0,1.0,1,1.0,1,1.0,1,0.3112720486979717,27
2726,1,4399,2196,2203,0,0,0,1.0,1,1.0,1,1.0,1,0.27022599241520884,28
2727,0,4399,2196,2203,0,0,0,1.0,1,1.0,1,1.0,1,0.252005152984756,29
2728,0,4399,2196,2203,0,0,0,1.0,1,1.0,1,1.0,1,0.24090105594228972,28
2729,0,4399,2196,2203,0,0,0,1.0,1,1.0,1,1.0,1,0.24090105594228972,28
2730,0,4399,2196,2203,0,0,0,1.0,1,1.0,1,1.0,1,0.23208435656525322,29
2731,1,4400,2197,2203,0,0,0,1.0,1,1.0,1,1.0,1,0.29772880053041767,30
2732,2,4402,2198,2204,0,0,0,1.0,1,1.0,1,1.0,1,0.28481119523621723,29
2733,0,4402,2198,2204,0,0,0,1.0,1,1.0,1,1.0,1,0.28481119523621723,29
2734,0,4402,2198,2204,0,0,0,1.0,1,1.0,1,1.0,1,0.28481119523621723,29
2735,3,4405,2201,2204,0,0,0,1.0,1,1.0,1,1.0,1,0.33232412722598514,29
2736,2,4407,2201,2206,0,0,0,1.0,1,1.0,1,1.0,1,0.2931012331053163,30
2737,1,4408,2201,2207,0,0,0,1.0,1,1.0,1,1.0,1,0.2632535325530514,30
2738,2,4410,2203,2207,0,0,0,1.0,1,1.0,1,1.0,1,0.33080214757185794,29
2739,1,4411,2203,2208,0,0,0,1.0,1,1.0,1,1.0,1,0.32185689064423795,30
2740,5,4416,2204,2212,0,0,0,1.0,1,1.0,1,1.0,1,0.2611453821187558,29
2741,0,4416,2204,2212,0,0,0,1.0,1,1.0,1,1.0,1,0.2611453821187558,29
2742,1,4417,2205,2212,0,0,0,1.0,1,1.0,1,1.0,1,0.2820025519581663,29
2743,1,4418,2205,2213,0,0,0,1.0,1,1.0,1,1.0,1,0.29330844096123987,30
2744,2,4420,2207,2213,0,0,0,1.0,1,1.0,1,1.0,1,0.31889569538200424,28
2745,0,4420,2207,2213,0,0,0,1.0,1,1.0,1,1.0,1,0.29021295645715045,27
2746,4,4424,2209,2215,0,0,0,1.0,1,1.0,1,1.0,1,0.3986693208439215,26
2747,1,4425,2210,2215,0,0,0,1.0,1,1.0,1,1.0,1,0.4415359643594824,22
2748,0,4425,2210,2215,0,0,0,1.0,1,1.0,1,1.0,1,0.43865570206162025,22
2749,2,4427,2210,2217,0,0,0,1.0,1,1.0,1,1.0,1,0.40309051967402887,20
2750,0,4427,2210,2217,0,0,0,1.0,1,1.0,1,1.0,1,0.4433958332693053,17
2751,0,4427,2210,2217,0,0,0,1.0,1,1.0,1,1.0,1,0.4433958332693053,17
2752,0,4427,2210,2217,0,0,0,1.0,1,1.0,1,1.0,1,0.43051690144820687,16
2753,0,4427,2210,2217,0,0,0,1.0,1,1.0,1,1.0,1,0.43051690144820687,16
2754,2,4429,2211,2218,0,0,0,1.0,1,1.0,1,1.0,1,0.44129160030338804,16
2755,1,4430,2212,2218,0,0,0,1.0,1,1.0,1,1.0,1,0.48975289642335,16
2756,0,4430,2212,2218,0,0,0,1.0,1,1.0,1,1.0,1,0.5129140969284596,17
2757,1,4431,2213,2218,0,0,0,1.0,1,1.0,1,1.0,1,0.48144254360596844,18
2758,0,4431,2213,2218,0,0,0,1.0,1,1.0,1,1.0,1,0.48144254360596844,18
2759,0,4431,2213,2218,0,0,0,1.0,1,1.0,1,1.0,1,0.4996370918077917,19
2760,0,4431,2213,2218,0,0,0,1.0,1,1.0,1,1.0,1,0.4708651765584623,18
2761,0,4431,2213,2218,0,0,0,1.0,1,1.0,1,1.0,1,0.4708651765584623,18
2762,0,4431,2213,2218,0,0,0,1.0,1,1.0,1,1.0,1,0.4708651765584623,18
2763,0,4431,2213,2218,0,0,0,1.0,1,1.0,1,1.0,1,0.4708651765584623,18
2764,1,4432,2214,2218,0,0,0,1.0,1,1.0,1,1.0,1,0.44974081134021265,18
2765,1,4433,2215,2218,0,0,0,1.0,1,1.0,1,1.0,1,0.45539615071968864,18
2766,0,4433,2215,2218,0,0,0,1.0,1,1.0,1,1.0,1,0.45539615071968864,18
2767,0,4433,2215,2218,0,0,0,1.0,1,1.0,1,1.0,1,0.4806641768721484,17
2768,0,4433,2215,2218,0,0,0,1.0,1,1.0,1,1.0,1,0.4806641768721484,17
2769,0,4433,2215,2218,0,0,0,1.0,1,1.0,1,1.0,1,0.4806641768721484,17
2770,0,4433,2215,2218,0,0,0,1.0,1,1.0,1,1.0,1,0.4806641768721484,17
2771,0,4433,2215,2218,0,0,0,1.0,1,1.0,1,1.0,1,0.4806641768721484,17
2772,0,4433,2215,2218,0,0,0,1.0,1,1.0,1,1.0,1,0.4806641768721484,17
2773,1,4434,2216,2218,0,0,0,1.0,1,1.0,1,1.0,1,0.5521763247137265,17
2774,0,4434,2216,2218,0,0,0,1.0,1,1.0,1,1.0,1,0.49129351273219957,18
2775,4,4438,2219,2219,0,0,0,1.0,1,1.0,1,1.0,1,0.4331921334285408,20
2776,0,4438,2219,2219,0,0,0,1.0,1,1.0,1,1.0,1,0.4030658039126315,21
2777,0,4438,2219,2219,0,0,0,1.0,1,1.0,1,1.0,1,0.4030658039126315,21
2778,4,4442,2221,2221,0,0,0,1.0,1,1.0,1,1.0,1,0.4537046512693796,21
2779,2,4444,2222,2222,0,0,0,1.0,1,1.0,1,1.0,1,0.36925385212667766,22
2780,2,4446,2223,2223,0,0,0,1.0,1,1.0,1,1.0,1,0.41950255136996917,22
2781,0,4446,2223,2223,0,0,0,1.0,1,1.0,1,1.0,1,0.41950255136996917,22
2782,2,4448,2224,2224,0,0,0,1.0,1,1.0,1,1.0,1,0.3515975435401607,23
2783,0,4448,2224,2224,0,0,0,1.0,1,1.0,1,1.0,1,0.32738527158825714,22
2784,1,4449,2225,2224,0,0,0,1.0,1,1.0,1,1.0,1,0.34632609604708553,21
2785,0,4449,2225,2224,0,0,0,1.0,1,1.0,1,1.0,1,0.2739834768824559,19
2786,1,4450,2226,2224,0,0,0,1.0,1,1.0,1,1.0,1,0.3335045928122958,19
2787,0,4450,2226,2224,0,0,0,1.0,1,1.0,1,1.0,1,0.30172276896426925,20
2788,2,4452,2227,2225,0,0,0,1.0,1,1.0,1,1.0,1,0.3169000457589935,20
2789,0,4452,2227,2225,0,0,0,1.0,1,1.0,1,1.0,1,0.30996069160812706,19
2790,0,4452,2227,2225,0,0,0,1.0,1,1.0,1,1.0,1,0.3040625756489633,20
2791,0,4452,2227,2225,0,0,0,1.0,1,1.0,1,1.0,1,0.3040625756489633,20
2792,0,4452,2227,2225,0,0,0,1.0,1,1.0,1,1.0,1,0.3040625756489633,20
2793,0,4452,2227,2225,0,0,0,1.0,1,1.0,1,1.0,1,0.3537057779471152,19
2794,0,4452,2227,2225,0,0,0,1.0,1,1.0,1,1.0,1,0.3738657422799068,20
2795,1,4453,2227,2226,0,0,0,1.0,1,1.0,1,1.0,1,0.3231130124899645,21
2796,0,4453,2227,2226,0,0,0,1.0,1,1.0,1,1.0,1,0.3288445191378967,22
2797,0,4453,2227,2226,0,0,0,1.0,1,1.0,1,1.0,1,0.3708129699016118,21
2798,1,4454,2228,2226,0,0,0,1.0,1,1.0,1,1.0,1,0.4043134112793279,21
2799,0,4454,2228,2226,0,0,0,1.0,1,1.0,1,1.0,1,0.41783450368621583,20
2800,0,4454,2228,2226,0,0,0,1.0,1,1.0,1,1.0,1,0.41783450368621583,20
2801,0,4454,2228,2226,0,0,0,1.0,1,1.0,1,1.0,1,0.41783450368621583,20
2802,1,4455,2228,2227,0,0,0,1.0,1,1.0,1,1.0,1,0.3579693510056724,20
2803,0,4455,2228,2227,0,0,0,1.0,1,1.0,1,1.0,1,0.35339658957487186,21
2804,1,4456,2228,2228,0,0,0,1.0,1,1.0,1,1.0,1,0.3179004620880526,22
2805,1,4457,2229,2228,0,0,0,1.0,1,1.0,1,1.0,1,0.2969533716122674,22
2806,1,4458,2230,2228,0,0,0,1.0,1,1.0,1,1.0,1,0.3114209407334014,23
2807,5,4463,2233,2230,0,0,0,1.0,1,1.0,1,1.0,1,0.3235035742587364,24
2808,2,4465,2235,2230,0,0,0,1.0,1,1.0,1,1.0,1,0.3878711788408446,24
2809,3,4468,2235,2233,0,0,0,1.0,1,1.0,1,1.0,1,0.24019843445035974,26
2810,0,4468,2235,2233,0,0,0,1.0,1,1.0,1,1.0,1,0.191514996031343,26
2811,0,4468,2235,2233,0,0,0,1.0,1,1.0,1,1.0,1,0.16379265080057195,27
2812,0,4468,2235,2233,0,0,0,1.0,1,1.0,1,1.0,1,0.16379265080057195,27
2813,0,4468,2235,2233,0,0,0,1.0,1,1.0,1,1.0,1,0.15427326428895927,28
2814,1,4469,2236,2233,0,0,0,1.0,1,1.0,1,1.0,1,0.18425397577077773,29
2815,0,4469,2236,2233,0,0,0,1.0,1,1.0,1,1.0,1,0.1880887329407437,30
2816,0,4469,2236,2233,0,0,0,1.0,1,1.0,1,1.0,1,0.17877261276481762,31
2817,0,4469,2236,2233,0,0,0,1.0,1,1.0,1,1.0,1,0.17877261276481762,31
2818,1,4470,2237,2233,0,0,0,1.0,1,1.0,1,1.0,1,0.17980602499026085,32
2819,0,4470,2237,2233,0,0,0,1.0,1,1.0,1,1.0,1,0.17980602499026085,32
2820,0,4470,2237,2233,0,0,0,1.0,1,1.0,1,1.0,1,0.1952549760140531,33
2821,1,4471,2237,2234,0,0,0,1.0,1,1.0,1,1.0,1,0.20339641618305299,34
2822,1,4472,2238,2234,0,0,0,1.0,1,1.0,1,1.0,1,0.21340433755865937,35
2823,1,4473,2239,2234,0,0,0,1.0,1,1.0,1,1.0,1,0.2867873009345521,31
2824,2,4475,2241,2234,0,0,0,1.0,1,1.0,1,1.0,1,0.39194161811902134,33
2825,0,4475,2241,2234,0,0,0,1.0,1,1.0,1,1.0,1,0.35901506121833265,31
2826,0,4475,2241,2234,0,0,0,1.0,1,1.0,1,1.0,1,0.35901506121833265,31
2827,3,4478,2244,2234,0,0,0,1.0,1,1.0,1,1.0,1,0.35201644681231503,32
2828,3,4481,2245,2236,0,0,0,1.0,1,1.0,1,1.0,1,0.37116831494435804,33
2829,6,4487,2248,2239,0,0,0,1.0,1,1.0,1,1.0,1,0.32133807208108867,33
2830,2,4489,2248,2241,0,0,0,1.0,1,1.0,1,1.0,1,0.2500697591724715,32
2831,3,4492,2250,2242,0,0,0,1.0,1,1.0,1,1.0,1,0.29499568893322575,31
2832,3,4495,2253,2242,0,0,0,1.0,1,1.0,1,1.0,1,0.2629805450698652,30
2833,0,4495,2253,2242,0,0,0,1.0,1,1.0,1,1.0,1,0.24960820649278787,29
2834,2,4497,2255,2242,0,0,0,1.0,1,1.0,1,1.0,1,0.34905194504876,29
2835,2,4499,2256,2243,0,0,0,1.0,1,1.0,1,1.0,1,0.40472673299265643,27
2836,4,4503,2256,2247,0,0,0,1.0,1,1.0,1,1.0,1,0.2634332112260881,27
2837,0,4503,2256,2247,0,0,0,1.0,1,1.0,1,1.0,1,0.27931144687552756,28
2838,0,4503,2256,2247,0,0,0,1.0,1,1.0,1,1.0,1,0.2922706863552462,29
2839,0,4503,2256,2247,0,0,0,1.0,1,1.0,1,1.0,1,0.2570236682879335,29
2840,1,4504,2257,2247,0,0,0,1.0,1,1.0,1,1.0,1,0.21329695244253935,29
2841,1,4505,2258,2247,0,0,0,1.0,1,1.0,1,1.0,1,0.21588699765452207,31
2842,1,4506,2258,2248,0,0,0,1.0,1,1.0,1,1.0,1,0.18121869245823594,32
2843,0,4506,2258,2248,0,0,0,1.0,1,1.0,1,1.0,1,0.18121869245823594,32
2844,0,4506,2258,2248,0,0,0,1.0,1,1.0,1,1.0,1,0.21036390104892033,33
2845,2,4508,2260,2248,0,0,0,1.0,1,1.0,1,1.0,1,0.24017028257171782,34
2846,1,4509,2261,2248,0,0,0,1.0,1,1.0,1,1.0,1,0.2430010522539437,34
2847,1,4510,2262,2248,0,0,0,1.0,1,1.0,1,1.0,1,0.24322477304577644,35
2848,4,4514,2263,2251,0,0,0,1.0,1,1.0,1,1.0,1,0.20164899114683152,37
2849,1,4515,2264,2251,0,0,0,1.0,1,1.0,1,1.0,1,0.24724106206653737,37
2850,1,4516,2265,2251,0,0,0,1.0,1,1.0,1,1.0,1,0.23078000565903709,37
2851,3,4519,2266,2253,0,0,0,1.0,1,1.0,1,1.0,1,0.19690229768146844,38
2852,0,4519,2266,2253,0,0,0,1.0,1,1.0,1,1.0,1,0.20924874651081798,36
2853,0,4519,2266,2253,0,0,0,1.0,1,1.0,1,1.0,1,0.24817031301483708,36
2854,0,4519,2266,2253,0,0,0,1.0,1,1.0,1,1.0,1,0.26385035475360596,37
2855,1,4520,2266,2254,0,0,0,1.0,1,1.0,1,1.0,1,0.28037930001839606,37
2856,1,4521,2266,2255,0,0,0,1.0,1,1.0,1,1.0,1,0.23324525957240233,38
2857,1,4522,2267,2255,0,0,0,1.0,1,1.0,1,1.0,1,0.29533335005788797,39
2858,2,4524,2267,2257,0,0,0,1.0,1,1.0,1,1.0,1,0.2624503330138408,39
2859,2,4526,2269,2257,0,0,0,1.0,1,1.0,1,1.0,1,0.2424651565483712,39
2860,2,4528,2270,2258,0,0,0,1.0,1,1.0,1,1.0,1,0.22450642098257986,40
2861,4,4532,2273,2259,0,0,0,1.0,1,1.0,1,1.0,1,0.25203262097353335,38
2862,6,4538,2277,2261,0,0,0,1.0,1,1.0,1,1.0,1,0.21033823616143738,38
2863,3,4541,2278,2263,0,0,0,1.0,1,1.0,1,1.0,1,0.17096699062940454,37
2864,5,4546,2282,2264,0,0,0,1.0,1,1.0,1,1.0,1,0.19318790629707383,35
2865,1,4547,2283,2264,0,0,0,1.0,1,1.0,1,1.0,1,0.21933420434027767,33
2866,2,4549,2285,2264,0,0,0,1.0,1,1.0,1,1.0,1,0.23326091764079224,31
2867,2,4551,2286,2265,0,0,0,1.0,1,1.0,1,1.0,1,0.25204882533749123,30
2868,2,4553,2288,2265,0,0,0,1.0,1,1.0,1,1.0,1,0.30926314319104997,31
2869,5,4558,2291,2267,0,0,0,1.0,1,1.0,1,1.0,1,0.37777280798611407,30
2870,0,4558,2291,2267,0,0,0,1.0,1,1.0,1,1.0,1,0.36628640984894273,26
2871,1,4559,2292,2267,0,0,0,1.0,1,1.0,1,1.0,1,0.4264807244921007,27
2872,1,4560,2293,2267,0,0,0,1.0,1,1.0,1,1.0,1,0.3813271703112425,25
2873,0,4560,2293,2267,0,0,0,1.0,1,1.0,1,1.0,1,0.37523348003911083,24
2874,1,4561,2293,2268,0,0,0,1.0,1,1.0,1,1.0,1,0.3219978492579399,25
2875,1,4562,2294,2268,0,0,0,1.0,1,1.0,1,1.0,1,0.3387918791132613,26
2876,2,4564,2295,2269,0,0,0,1.0,1,1.0,1,1.0,1,0.3491106228842668,28
2877,0,4564,2295,2269,0,0,0,1.0,1,1.0,1,1.0,1,0.34860026177294356,29
2878,1,4565,2295,2270,0,0,0,1.0,1,1.0,1,1.0,1,0.2937410460885664,31
2879,1,4566,2295,2271,0,0,0,1.0,1,1.0,1,1.0,1,0.2843600063636166,31
2880,2,4568,2295,2273,0,0,0,1.0,1,1.0,1,1.0,1,0.23605380594550426,32
2881,0,4568,2295,2273,0,0,0,1.0,1,1.0,1,1.0,1,0.2603467595822266,31
2882,0,4568,2295,2273,0,0,0,1.0,1,1.0,1,1.0,1,0.2603467595822266,31
2883,1,4569,2295,2274,0,0,0,1.0,1,1.0,1,1.0,1,0.273314562352547,32
2884,1,4570,2296,2274,0,0,0,1.0,1,1.0,1,1.0,1,0.2840290422022893,32
2885,2,4572,2296,2276,0,0,0,1.0,1,1.0,1,1.0,1,0.26456619496687167,33
2886,4,4576,2298,2278,0,0,0,1.0,1,1.0,1,1.0,1,0.1970281530778437,34
2887,0,4576,2298,2278,0,0,0,1.0,1,1.0,1,1.0,1,0.20431306790246484,34
2888,3,4579,2300,2279,0,0,0,1.0,1,1.0,1,1.0,1,0.19500283820701161,34
2889,1,4580,2301,2279,0,0,0,1.0,1,1.0,1,1.0,1,0.25342651240100084,37
2890,1,4581,2301,2280,0,0,0,1.0,1,1.0,1,1.0,1,0.2229058490647171,37
2891,1,4582,2302,2280,0,0,0,1.0,1,1.0,1,1.0,1,0.26416318631407715,37
2892,0,4582,2302,2280,0,0,0,1.0,1,1.0,1,1.0,1,0.26416318631407715,37
2893,1,4583,2303,2280,0,0,0,1.0,1,1.0,1,1.0,1,0.29152766800152013,38
2894,2,4585,2303,2282,0,0,0,1.0,1,1.0,1,1.0,1,0.24629433697999778,39
2895,2,4587,2304,2283,0,0,0,1.0,1,1.0,1,1.0,1,0.23179026119334176,40
2896,1,4588,2305,2283,0,0,0,1.0,1,1.0,1,1.0,1,0.2561474913713348,41
2897,2,4590,2305,2285,0,0,0,1.0,1,1.0,1,1.0,1,0.18762678626953977,41
2898,1,4591,2306,2285,0,0,0,1.0,1,1.0,1,1.0,1,0.2338234541227018,41
2899,2,4593,2308,2285,0,0,0,1.0,1,1.0,1,1.0,1,0.23060890130982858,39
2900,3,4596,2310,2286,0,0,0,1.0,1,1.0,1,1.0,1,0.3121820164182836,40
2901,0,4596,2310,2286,0,0,0,1.0,1,1.0,1,1.0,1,0.2760257498829504,40
2902,2,4598,2311,2287,0,0,0,1.0,1,1.0,1,1.0,1,0.2855841255849317,38
2903,0,4598,2311,2287,0,0,0,1.0,1,1.0,1,1.0,1,0.2560548285275421,36
2904,1,4599,2312,2287,0,0,0,1.0,1,1.0,1,1.0,1,0.27209419065435175,36
2905,1,4600,2312,2288,0,0,0,1.0,1,1.0,1,1.0,1,0.23819677189232372,35
2906,0,4600,2312,2288,0,0,0,1.0,1,1.0,1,1.0,1,0.24997527648497259,36
2907,2,4602,2313,2289,0,0,0,1.0,1,1.0,1,1.0,1,0.2848193944979156,37
2908,2,4604,2315,2289,0,0,0,1.0,1,1.0,1,1.0,1,0.294513904526427,38
2909,1,4605,2316,2289,0,0,0,1.0,1,1.0,1,1.0,1,0.3098542953627155,37
2910,1,4606,2317,2289,0,0,0,1.0,1,1.0,1,1.0,1,0.3165853901628624,37
2911,3,4609,2317,2292,0,0,0,1.0,1,1.0,1,1.0,1,0.26519124564342866,36
2912,2,4611,2319,2292,0,0,0,1.0,1,1.0,1,1.0,1,0.27956605515751204,36
2913,1,4612,2320,2292,0,0,0,1.0,1,1.0,1,1.0,1,0.2620298835741288,36
2914,1,4613,2320,2293,0,0,0,1.0,1,1.0,1,1.0,1,0.26291924480659584,38
2915,0,4613,2320,2293,0,0,0,1.0,1,1.0,1,1.0,1,0.2525330507801173,37
2916,1,4614,2321,2293,0,0,0,1.0,1,1.0,1,1.0,1,0.24133689172400205,39
2917,6,4620,2323,2297,0,0,0,1.0,1,1.0,1,1.0,1,0.18813926532025962,40
2918,3,4623,2326,2297,0,0,0,1.0,1,1.0,1,1.0,1,0.2032392624703168,40
2919,1,4624,2327,2297,0,0,0,1.0,1,1.0,1,1.0,1,0.20198764289525153,42
2920,1,4625,2327,2298,0,0,0,1.0,1,1.0,1,1.0,1,0.19377563268531509,42
2921,0,4625,2327,2298,0,0,0,1.0,1,1.0,1,1.0,1,0.19377563268531509,42
2922,0,4625,2327,2298,0,0,0,1.0,1,1.0,1,1.0,1,0.18953840491918425,43
2923,1,4626,2327,2299,0,0,0,1.0,1,1.0,1,1.0,1,0.18539631830698935,45
2924,1,4627,2328,2299,0,0,0,1.0,1,1.0,1,1.0,1,0.19721025040364523,46
2925,0,4627,2328,2299,0,0,0,1.0,1,1.0,1,1.0,1,0.19721025040364523,46
2926,0,4627,2328,2299,0,0,0,1.0,1,1.0,1,1.0,1,0.19721025040364523,46
2927,3,4630,2329,2301,0,0,0,1.0,1,1.0,1,1.0,1,0.1994491822054845,48
2928,2,4632,2331,2301,0,0,0,1.0,1,1.0,1,1.0,1,0.2096081801536307,48
2929,0,4632,2331,2301,0,0,0,1.0,1,1.0,1,1.0,1,0.2096081801536307,48
2930,1,4633,2331,2302,0,0,0,1.0,1,1.0,1,1.0,1,0.2163716229290445,50
2931,2,4635,2332,2303,0,0,0,1.0,1,1.0,1,1.0,1,0.22861598320542692,51
2932,3,4638,2332,2306,0,0,0,1.0,1,1.0,1,1.0,1,0.18761216665601535,52
2933,0,4638,2332,2306,0,0,0,1.0,1,1.0,1,1.0,1,0.19545401775912197,53
2934,0,4638,2332,2306,0,0,0,1.0,1,1.0,1,1.0,1,0.20150315304546046,54
2935,2,4640,2334,2306,0,0,0,1.0,1,1.0,1,1.0,1,0.23238534636546043,53
2936,0,4640,2334,2306,0,0,0,1.0,1,1.0,1,1.0,1,0.23238534636546043,53
2937,2,4642,2335,2307,0,0,0,1.0,1,1.0,1,1.0,1,0.2816082274190374,51
2938,3,4645,2337,2308,0,0,0,1.0,1,1.0,1,1.0,1,0.33010800767885873,53
2939,2,4647,2337,2310,0,0,0,1.0,1,1.0,1,1.0,1,0.3265971583768118,52
2940,0,4647,2337,2310,0,0,0,1.0,1,1.0,1,1.0,1,0.3265971583768118,52
2941,3,4650,2338,2312,0,0,0,1.0,1,1.0,1,1.0,1,0.2896426386320066,50
2942,3,4653,2339,2314,0,0,0,1.0,1,1.0,1,1.0,1,0.260789510844373,50
2943,2,4655,2340,2315,0,0,0,1.0,1,1.0,1,1.0,1,0.23367959157117454,49
2944,2,4657,2341,2316,0,0,0,1.0,1,1.0,1,1.0,1,0.22720227971005577,48
2945,3,4660,2342,2318,0,0,0,1.0,1,1.0,1,1.0,1,0.1972283930824282,48
2946,1,4661,2343,2318,0,0,0,1.0,1,1.0,1,1.0,1,0.16848691388786954,47
2947,2,4663,2344,2319,0,0,0,1.0,1,1.0,1,1.0,1,0.13199420667576273,47
2948,2,4665,2345,2320,0,0,0,1.0,1,1.0,1,1.0,1,0.12949870707045574,48
2949,0,4665,2345,2320,0,0,0,1.0,1,1.0,1,1.0,1,0.12949870707045574,48
2950,0,4665,2345,2320,0,0,0,1.0,1,1.0,1,1.0,1,0.12949870707045574,48
2951,0,4665,2345,2320,0,0,0,1.0,1,1.0,1,1.0,1,0.14396989212668632,50
2952,1,4666,2346,2320,0,0,0,1.0,1,1.0,1,1.0,1,0.15200830912060947,50
2953,0,4666,2346,2320,0,0,0,1.0,1,1.0,1,1.0,1,0.1666468832074455,51
2954,0,4666,2346,2320,0,0,0,1.0,1,1.0,1,1.0,1,0.1666468832074455,51
2955,0,4666,2346,2320,0,0,0,1.0,1,1.0,1,1.0,1,0.1666468832074455,51
2956,1,4667,2347,2320,0,0,0,1.0,1,1.0,1,1.0,1,0.19573327003250188,51
2957,0,4667,2347,2320,0,0,0,1.0,1,1.0,1,1.0,1,0.2069661982499112,52
2958,0,4667,2347,2320,0,0,0,1.0,1,1.0,1,1.0,1,0.2069661982499112,52
2959,1,4668,2348,2320,0,0,0,1.0,1,1.0,1,1.0,1,0.22874028960798481,53
2960,1,4669,2349,2320,0,0,0,1.0,1,1.0,1,1.0,1,0.21010580086465006,52
2961,1,4670,2349,2321,0,0,0,1.0,1,1.0,1,1.0,1,0.20779176597515406,53
2962,1,4671,2349,2322,0,0,0,1.0,1,1.0,1,1.0,1,0.20166367986557576,54
2963,3,4674,2351,2323,0,0,0,1.0,1,1.0,1,1.0,1,0.23327478948804267,55
2964,1,4675,2351,2324,0,0,0,1.0,1,1.0,1,1.0,1,0.2454208414843545,55
2965,3,4678,2351,2327,0,0,0,1.0,1,1.0,1,1.0,1,0.1994538795643624,55
2966,1,4679,2351,2328,0,0,0,1.0,1,1.0,1,1.0,1,0.1884978892984952,55
2967,2,4681,2351,2330,0,0,0,1.0,1,1.0,1,1.0,1,0.19282049552296898,56
2968,0,4681,2351,2330,0,0,0,1.0,1,1.0,1,1.0,1,0.19282049552296898,56
2969,0,4681,2351,2330,0,0,0,1.0,1,1.0,1,1.0,1,0.20684652019976507,55
2970,3,4684,2351,2333,0,0,0,1.0,1,1.0,1,1.0,1,0.184373288359773,57
2971,1,4685,2352,2333,0,0,0,1.0,1,1.0,1,1.0,1,0.1854507301814724,56
2972,2,4687,2353,2334,0,0,0,1.0,1,1.0,1,1.0,1,0.19254785982045042,57
2973,3,4690,2355,2335,0,0,0,1.0,1,1.0,1,1.0,1,0.19826825578183668,59
2974,2,4692,2356,2336,0,0,0,1.0,1,1.0,1,1.0,1,0.19528318264800365,60
2975,2,4694,2358,2336,0,0,0,1.0,1,1.0,1,1.0,1,0.25923361144345775,58
2976,2,4696,2359,2337,0,0,0,1.0,1,1.0,1,1.0,1,0.2666241500385833,59
2977,5,4701,2360,2341,0,0,0,1.0,1,1.0,1,1.0,1,0.20834461645978353,59
2978,1,4702,2361,2341,0,0,0,1.0,1,1.0,1,1.0,1,0.20440772922840042,58
2979,2,4704,2363,2341,0,0,0,1.0,1,1.0,1,1.0,1,0.22639628695112177,57
2980,4,4708,2365,2343,0,0,0,1.0,1,1.0,1,1.0,1,0.2216293132588527,56
2981,0,4708,2365,2343,0,0,0,1.0,1,1.0,1,1.0,1,0.2216293132588527,56
2982,2,4710,2367,2343,0,0,0,1.0,1,1.0,1,1.0,1,0.22703848536976484,57
2983,4,4714,2369,2345,0,0,0,1.0,1,1.0,1,1.0,1,0.22817536129803806,57
2984,1,4715,2370,2345,0,0,0,1.0,1,1.0,1,1.0,1,0.23022371585129342,56
2985,4,4719,2370,2349,0,0,0,1.0,1,1.0,1,1.0,1,0.23670995615579893,55
2986,4,4723,2372,2351,0,0,0,1.0,1,1.0,1,1.0,1,0.2323721640389662,55
2987,2,4725,2373,2352,0,0,0,1.0,1,1.0,1,1.0,1,0.22695038177685248,51
2988,3,4728,2374,2354,0,0,0,1.0,1,1.0,1,1.0,1,0.2031348953958288,52
2989,3,4731,2374,2357,0,0,0,1.0,1,1.0,1,1.0,1,0.18011389631431557,50
2990,2,4733,2376,2357,0,0,0,1.0,1,1.0,1,1.0,1,0.18042542161263478,50
2991,0,4733,2376,2357,0,0,0,1.0,1,1.0,1,1.0,1,0.16722272532526675,50
2992,0,4733,2376,2357,0,0,0,1.0,1,1.0,1,1.0,1,0.16722272532526675,50
2993,2,4735,2376,2359,0,0,0,1.0,1,1.0,1,1.0,1,0.17706578747087529,51
2994,2,4737,2377,2360,0,0,0,1.0,1,1.0,1,1.0,1,0.17570638986929743,51
2995,0,4737,2377,2360,0,0,0,1.0,1,1.0,1,1.0,1,0.1974086833623261,51
2996,2,4739,2378,2361,0,0,0,1.0,1,1.0,1,1.0,1,0.20255870608782403,52
2997,2,4741,2379,2362,0,0,0,1.0,1,1.0,1,1.0,1,0.21596118526114297,52
2998,3,4744,2382,2362,0,0,0,1.0,1,1.0,1,1.0,1,0.23213617510174703,51
2999,1,4745,2382,2363,0,0,0,1.0,1,1.0,1,1.0,1,0.219380121147062,51
3000,3,4748,2384,2364,0,0,0,1.0,1,1.0,1,1.0,1,0.20624722996619807,52
3001,0,4748,2384,2364,0,0,0,1.0,1,1.0,1,1.0,1,0.20624722996619807,52
3002,0,4748,2384,2364,0,0,0,1.0,1,1.0,1,1.0,1,0.21744728750546838,53
3003,0,4748,2384,2364,0,0,0,1.0,1,1.0,1,1.0,1,0.2051491777693406,54
3004,0,4748,2384,2364,0,0,0,1.0,1,1.0,1,1.0,1,0.2133687072406011,55
3005,1,4749,2384,2365,0,0,0,1.0,1,1.0,1,1.0,1,0.2188420182228376,56
3006,0,4749,2384,2365,0,0,0,1.0,1,1.0,1,1.0,1,0.2178694777696013,57
3007,3,4752,2384,2368,0,0,0,1.0,1,1.0,1,1.0,1,0.20185721318608374,58
3008,1,4753,2385,2368,0,0,0,1.0,1,1.0,1,1.0,1,0.20120638210798025,59
3009,0,4753,2385,2368,0,0,0,1.0,1,1.0,1,1.0,1,0.20120638210798025,59
3010,1,4754,2385,2369,0,0,0,1.0,1,1.0,1,1.0,1,0.17990248174984363,59
3011,2,4756,2386,2370,0,0,0,1.0,1,1.0,1,1.0,1,0.17476786962052157,59
3012,0,4756,2386,2370,0,0,0,1.0,1,1.0,1,1.0,1,0.18473811496295647,61
3013,1,4757,2387,2370,0,0,0,1.0,1,1.0,1,1.0,1,0.19261289074681429,59
3014,0,4757,2387,2370,0,0,0,1.0,1,1.0,1,1.0,1,0.1999814089166228,60
3015,1,4758,2388,2370,0,0,0,1.0,1,1.0,1,1.0,1,0.25479449380934655,58
3016,4,4762,2389,2373,0,0,0,1.0,1,1.0,1,1.0,1,0.2610933477347243,57
3017,4,4766,2392,2374,0,0,0,1.0,1,1.0,1,1.0,1,0.2520689922351017,58
3018,0,4766,2392,2374,0,0,0,1.0,1,1.0,1,1.0,1,0.2793160774271324,55
3019,1,4767,2392,2375,0,0,0,1.0,1,1.0,1,1.0,1,0.27655489327967825,56
3020,2,4769,2393,2376,0,0,0,1.0,1,1.0,1,1.0,1,0.2768529583191467,55
3021,2,4771,2394,2377,0,0,0,1.0,1,1.0,1,1.0,1,0.26522384610081456,55
3022,4,4775,2396,2379,0,0,0,1.0,1,1.0,1,1.0,1,0.271519038236767,55
3023,3,4778,2398,2380,0,0,0,1.0,1,1.0,1,1.0,1,0.24761872426863626,54
3024,1,4779,2399,2380,0,0,0,1.0,1,1.0,1,1.0,1,0.26298120275453124,54
3025,4,4783,2401,2382,0,0,0,1.0,1,1.0,1,1.0,1,0.23872016001120497,54
3026,0,4783,2401,2382,0,0,0,1.0,1,1.0,1,1.0,1,0.22247334857564022,53
3027,4,4787,2404,2383,0,0,0,1.0,1,1.0,1,1.0,1,0.1836423409464949,53
3028,3,4790,2406,2384,0,0,0,1.0,1,1.0,1,1.0,1,0.18491171243043217,51
3029,1,4791,2407,2384,0,0,0,1.0,1,1.0,1,1.0,1,0.22114178534064444,51
3030,2,4793,2409,2384,0,0,0,1.0,1,1.0,1,1.0,1,0.2502997303897833,52
3031,8,4801,2412,2389,0,0,0,1.0,1,1.0,1,1.0,1,0.1848232438828852,51
3032,2,4803,2412,2391,0,0,0,1.0,1,1.0,1,1.0,1,0.15944883792857215,50
3033,1,4804,2413,2391,0,0,0,1.0,1,1.0,1,1.0,1,0.16303569813785868,52
3034,0,4804,2413,2391,0,0,0,1.0,1,1.0,1,1.0,1,0.1698649087440056,51
3035,1,4805,2413,2392,0,0,0,1.0,1,1.0,1,1.0,1,0.14160025555960745,51
3036,1,4806,2413,2393,0,0,0,1.0,1,1.0,1,1.0,1,0.1258279420977813,53
3037,0,4806,2413,2393,0,0,0,1.0,1,1.0,1,1.0,1,0.13536095659030298,52
3038,0,4806,2413,2393,0,0,0,1.0,1,1.0,1,1.0,1,0.13536095659030298,52
3039,0,4806,2413,2393,0,0,0,1.0,1,1.0,1,1.0,1,0.13275893581064585,54
3040,0,4806,2413,2393,0,0,0,1.0,1,1.0,1,1.0,1,0.14200140185186555,55
3041,2,4808,2413,2395,0,0,0,1.0,1,1.0,1,1.0,1,0.1240386278315076,56
3042,2,4810,2415,2395,0,0,0,1.0,1,1.0,1,1.0,1,0.16070767110022416,56
3043,0,4810,2415,2395,0,0,0,1.0,1,1.0,1,1.0,1,0.14958152420764784,57
3044,3,4813,2417,2396,0,0,0,1.0,1,1.0,1,1.0,1,0.17199929649569923,57
3045,2,4815,2417,2398,0,0,0,1.0,1,1.0,1,1.0,1,0.14032057173072945,56
3046,2,4817,2419,2398,0,0,0,1.0,1,1.0,1,1.0,1,0.16008429006323027,57
3047,0,4817,2419,2398,0,0,0,1.0,1,1.0,1,1.0,1,0.172518626299733,56
3048,3,4820,2419,2401,0,0,0,1.0,1,1.0,1,1.0,1,0.15162968515400743,58
3049,2,4822,2419,2403,0,0,0,1.0,1,1.0,1,1.0,1,0.15010437928174858,59
3050,0,4822,2419,2403,0,0,0,1.0,1,1.0,1,1.0,1,0.1555486703398049,60
3051,5,4827,2421,2406,0,0,0,1.0,1,1.0,1,1.0,1,0.1772327191326384,59
3052,1,4828,2421,2407,0,0,0,1.0,1,1.0,1,1.0,1,0.17898567907158663,58
3053,4,4832,2423,2409,0,0,0,1.0,1,1.0,1,1.0,1,0.22646906906241243,57
3054,4,4836,2425,2411,0,0,0,1.0,1,1.0,1,1.0,1,0.24990362632995783,55
3055,2,4838,2426,2412,0,0,0,1.0,1,1.0,1,1.0,1,0.23733033355086391,54
3056,3,4841,2428,2413,0,0,0,1.0,1,1.0,1,1.0,1,0.26137994227220723,55
3057,0,4841,2428,2413,0,0,0,1.0,1,1.0,1,1.0,1,0.2732994284605781,54
3058,1,4842,2428,2414,0,0,0,1.0,1,1.0,1,1.0,1,0.28586464422583147,55
3059,0,4842,2428,2414,0,0,0,1.0,1,1.0,1,1.0,1,0.28073341669888224,56
3060,0,4842,2428,2414,0,0,0,1.0,1,1.0,1,1.0,1,0.28073341669888224,56
3061,2,4844,2430,2414,0,0,0,1.0,1,1.0,1,1.0,1,0.26111163428616774,56
3062,3,4847,2432,2415,0,0,0,1.0,1,1.0,1,1.0,1,0.27811303562396156,57
3063,2,4849,2433,2416,0,0,0,1.0,1,1.0,1,1.0,1,0.23516142884936062,55
3064,7,4856,2436,2420,0,0,0,1.0,1,1.0,1,1.0,1,0.2514028393648022,56
3065,4,4860,2438,2422,0,0,0,1.0,1,1.0,1,1.0,1,0.24170384738134626,55
3066,3,4863,2440,2423,0,0,0,1.0,1,1.0,1,1.0,1,0.2819688753882542,55
3067,6,4869,2442,2427,0,0,0,1.0,1,1.0,1,1.0,1,0.25890375910552044,54
3068,5,4874,2443,2431,0,0,0,1.0,1,1.0,1,1.0,1,0.22997713606761447,53
3069,0,4874,2443,2431,0,0,0,1.0,1,1.0,1,1.0,1,0.20775536208297984,51
3070,0,4874,2443,2431,0,0,0,1.0,1,1.0,1,1.0,1,0.2044341077478691,50
3071,0,4874,2443,2431,0,0,0,1.0,1,1.0,1,1.0,1,0.188033303801379,51
3072,3,4877,2445,2432,0,0,0,1.0,1,1.0,1,1.0,1,0.1710514279327987,53
3073,0,4877,2445,2432,0,0,0,1.0,1,1.0,1,1.0,1,0.1770115931879235,51
3074,1,4878,2446,2432,0,0,0,1.0,1,1.0,1,1.0,1,0.19192743830036701,50
3075,1,4879,2447,2432,0,0,0,1.0,1,1.0,1,1.0,1,0.21541532567814636,52
3076,1,4880,2447,2433,0,0,0,1.0,1,1.0,1,1.0,1,0.22298586154493913,53
3077,0,4880,2447,2433,0,0,0,1.0,1,1.0,1,1.0,1,0.21475966412531114,52
3078,0,4880,2447,2433,0,0,0,1.0,1,1.0,1,1.0,1,0.25200125571081167,53
3079,0,4880,2447,2433,0,0,0,1.0,1,1.0,1,1.0,1,0.25200125571081167,53
3080,0,4880,2447,2433,0,0,0,1.0,1,1.0,1,1.0,1,0.26449657157576545,52
3081,2,4882,2449,2433,0,0,0,1.0,1,1.0,1,1.0,1,0.2884328636001626,54
3082,3,4885,2451,2434,0,0,0,1.0,1,1.0,1,1.0,1,0.29498202432765364,54
3083,2,4887,2451,2436,0,0,0,1.0,1,1.0,1,1.0,1,0.27746004052184636,54
3084,1,4888,2452,2436,0,0,0,1.0,1,1.0,1,1.0,1,0.2989011789589274,55
3085,0,4888,2452,2436,0,0,0,1.0,1,1.0,1,1.0,1,0.2989011789589274,55
3086,0,4888,2452,2436,0,0,0,1.0,1,1.0,1,1.0,1,0.31040395946912425,56
3087,2,4890,2452,2438,0,0,0,1.0,1,1.0,1,1.0,1,0.29957792143840806,57
3088,1,4891,2452,2439,0,0,0,1.0,1,1.0,1,1.0,1,0.29045038242162635,56
3089,2,4893,2454,2439,0,0,0,1.0,1,1.0,1,1.0,1,0.3113296114770799,55
3090,1,4894,2454,2440,0,0,0,1.0,1,1.0,1,1.0,1,0.3041575287651458,54
3091,0,4894,2454,2440,0,0,0,1.0,1,1.0,1,1.0,1,0.32323726990075413,53
3092,2,4896,2454,2442,0,0,0,1.0,1,1.0,1,1.0,1,0.2941897112767085,56
3093,1,4897,2455,2442,0,0,0,1.0,1,1.0,1,1.0,1,0.30962534455273527,56
3094,0,4897,2455,2442,0,0,0,1.0,1,1.0,1,1.0,1,0.318154457086073,58
3095,1,4898,2455,2443,0,0,0,1.0,1,1.0,1,1.0,1,0.31385438931344994,59
3096,1,4899,2455,2444,0,0,0,1.0,1,1.0,1,1.0,1,0.3031754154727197,60
3097,2,4901,2456,2445,0,0,0,1.0,1,1.0,1,1.0,1,0.2820915341043767,60
3098,0,4901,2456,2445,0,0,0,1.0,1,1.0,1,1.0,1,0.3053057667714859,58
3099,0,4901,2456,2445,0,0,0,1.0,1,1.0,1,1.0,1,0.3166706381554075,57
3100,0,4901,2456,2445,0,0,0,1.0,1,1.0,1,1.0,1,0.3166706381554075,57
3101,3,4904,2458,2446,0,0,0,1.0,1,1.0,1,1.0,1,0.31101112270029607,58
3102,3,4907,2460,2447,0,0,0,1.0,1,1.0,1,1.0,1,0.3454280394450663,59
3103,3,4910,2461,2449,0,0,0,1.0,1,1.0,1,1.0,1,0.3082605301519601,58
3104,4,4914,2463,2451,0,0,0,1.0,1,1.0,1,1.0,1,0.29949427880267304,58
3105,2,4916,2464,2452,0,0,0,1.0,1,1.0,1,1.0,1,0.28719706172471443,56
3106,7,4923,2468,2455,0,0,0,1.0,1,1.0,1,1.0,1,0.31103822840233714,57
3107,5,4928,2470,2458,0,0,0,1.0,1,1.0,1,1.0,1,0.24252716856033765,55
3108,5,4933,2473,2460,0,0,0,1.0,1,1.0,1,1.0,1,0.23435722027659173,55
3109,5,4938,2475,2463,0,0,0,1.0,1,1.0,1,1.0,1,0.223221105457279,54
3110,3,4941,2476,2465,0,0,0,1.0,1,1.0,1,1.0,1,0.1660700359531323,54
3111,0,4941,2476,2465,0,0,0,1.0,1,1.0,1,1.0,1,0.1660700359531323,54
3112,5,4946,2480,2466,0,0,0,1.0,1,1.0,1,1.0,1,0.19843737361479957,56
3113,3,4949,2482,2467,0,0,0,1.0,1,1.0,1,1.0,1,0.18338123893447664,55
3114,3,4952,2484,2468,0,0,0,1.0,1,1.0,1,1.0,1,0.18488063937072152,54
3115,3,4955,2484,2471,0,0,0,1.0,1,1.0,1,1.0,1,0.1556857805750857,56
3116,1,4956,2485,2471,0,0,0,1.0,1,1.0,1,1.0,1,0.14689531225919727,56
3117,1,4957,2485,2472,0,0,0,1.0,1,1.0,1,1.0,1,0.17210992064109562,58
3118,4,4961,2487,2474,0,0,0,1.0,1,1.0,1,1.0,1,0.18197540370868912,57
3119,1,4962,2488,2474,0,0,0,1.0,1,1.0,1,1.0,1,0.19151083865383486,57
3120,1,4963,2488,2475,0,0,0,1.0,1,1.0,1,1.0,1,0.16897655197982253,56
3121,2,4965,2489,2476,0,0,0,1.0,1,1.0,1,1.0,1,0.17353408716804994,57
3122,0,4965,2489,2476,0,0,0,1.0,1,1.0,1,1.0,1,0.17353408716804994,57
3123,0,4965,2489,2476,0,0,0,1.0,1,1.0,1,1.0,1,0.17353408716804994,57
3124,1,4966,2489,2477,0,0,0,1.0,1,1.0,1,1.0,1,0.15469757956772295,59
3125,2,4968,2490,2478,0,0,0,1.0,1,1.0,1,1.0,1,0.1717590783313662,61
3126,0,4968,2490,2478,0,0,0,1.0,1,1.0,1,1.0,1,0.1832274422456944,60
3127,4,4972,2491,2481,0,0,0,1.0,1,1.0,1,1.0,1,0.14655000553670697,58
3128,3,4975,2493,2482,0,0,0,1.0,1,1.0,1,1.0,1,0.2220150764933572,58
3129,0,4975,2493,2482,0,0,0,1.0,1,1.0,1,1.0,1,0.21888630081079935,56
3130,3,4978,2493,2485,0,0,0,1.0,1,1.0,1,1.0,1,0.19452739020468313,56
3131,1,4979,2494,2485,0,0,0,1.0,1,1.0,1,1.0,1,0.23395839556692016,55
3132,1,4980,2494,2486,0,0,0,1.0,1,1.0,1,1.0,1,0.20898011224133403,53
3133,2,4982,2494,2488,0,0,0,1.0,1,1.0,1,1.0,1,0.17965537825886332,52
3134,1,4983,2495,2488,0,0,0,1.0,1,1.0,1,1.0,1,0.18407557552913864,52
3135,0,4983,2495,2488,0,0,0,1.0,1,1.0,1,1.0,1,0.1839630039985408,53
3136,4,4987,2498,2489,0,0,0,1.0,1,1.0,1,1.0,1,0.2136469707002887,54
3137,6,4993,2500,2493,0,0,0,1.0,1,1.0,1,1.0,1,0.1981070611457843,55
3138,5,4998,2503,2495,0,0,0,1.0,1,1.0,1,1.0,1,0.227848111697028,57
3139,2,5000,2503,2497,0,0,0,1.0,1,1.0,1,1.0,1,0.19371479935899683,56
3140,1,5001,2503,2498,0,0,0,1.0,1,1.0,1,1.0,1,0.18549533479471217,56
3141,0,5001,2503,2498,0,0,0,1.0,1,1.0,1,1.0,1,0.18549533479471217,56
3142,1,5002,2504,2498,0,0,0,1.0,1,1.0,1,1.0,1,0.19713206168470285,56
3143,2,5004,2504,2500,0,0,0,1.0,1,1.0,1,1.0,1,0.17398336592267075,56
3144,0,5004,2504,2500,0,0,0,1.0,1,1.0,1,1.0,1,0.18245344835731755,54
3145,3,5007,2505,2502,0,0,0,1.0,1,1.0,1,1.0,1,0.1697307489116196,55
3146,1,5008,2506,2502,0,0,0,1.0,1,1.0,1,1.0,1,0.1875233575484018,53
3147,1,5009,2507,2502,0,0,0,1.0,1,1.0,1,1.0,1,0.17192367793117821,54
3148,2,5011,2508,2503,0,0,0,1.0,1,1.0,1,1.0,1,0.1579817860514332,54
3149,1,5012,2509,2503,0,0,0,1.0,1,1.0,1,1.0,1,0.1717857816806915,53
3150,1,5013,2509,2504,0,0,0,1.0,1,1.0,1,1.0,1,0.15570693282805942,53
3151,6,5019,2510,2509,0,0,0,1.0,1,1.0,1,1.0,1,0.0971977696347817,53
3152,0,5019,2510,2509,0,0,0,1.0,1,1.0,1,1.0,1,0.09430506498138379,54
3153,0,5019,2510,2509,0,0,0,1.0,1,1.0,1,1.0,1,0.11341233352622435,53
3154,1,5020,2511,2509,0,0,0,1.0,1,1.0,1,1.0,1,0.14593729165374947,55
3155,1,5021,2511,2510,0,0,0,1.0,1,1.0,1,1.0,1,0.13069707288214283,56
3156,0,5021,2511,2510,0,0,0,1.0,1,1.0,1,1.0,1,0.157271932458514,56
3157,0,5021,2511,2510,0,0,0,1.0,1,1.0,1,1.0,1,0.157271932458514,56
3158,0,5021,2511,2510,0,0,0,1.0,1,1.0,1,1.0,1,0.1646446159017816,57
3159,3,5024,2512,2512,0,0,0,1.0,1,1.0,1,1.0,1,0.14349468381948585,56
3160,4,5028,2513,2515,0,0,0,1.0,1,1.0,1,1.0,1,0.16235885760055896,58
3161,0,5028,2513,2515,0,0,0,1.0,1,1.0,1,1.0,1,0.14718791233724104,59
3162,1,5029,2514,2515,0,0,0,1.0,1,1.0,1,1.0,1,0.16842011955251568,59
3163,5,5034,2516,2518,0,0,0,1.0,1,1.0,1,1.0,1,0.1853261343481732,59
3164,1,5035,2517,2518,0,0,0,1.0,1,1.0,1,1.0,1,0.21629975333761023,60
3165,0,5035,2517,2518,0,0,0,1.0,1,1.0,1,1.0,1,0.21552219586668112,58
3166,7,5042,2519,2523,0,0,0,1.0,1,1.0,1,1.0,1,0.14557233798931918,59
3167,4,5046,2522,2524,0,0,0,1.0,1,1.0,1,1.0,1,0.17870002652685926,57
3168,2,5048,2523,2525,0,0,0,1.0,1,1.0,1,1.0,1,0.18371457051693815,58
3169,1,5049,2523,2526,0,0,0,1.0,1,1.0,1,1.0,1,0.15560031423931706,57
3170,1,5050,2523,2527,0,0,0,1.0,1,1.0,1,1.0,1,0.1777482445228368,55
3171,5,5055,2527,2528,0,0,0,1.0,1,1.0,1,1.0,1,0.22788759744285195,56
3172,5,5060,2527,2533,0,0,0,1.0,1,1.0,1,1.0,1,0.1560610494905067,54
3173,3,5063,2529,2534,0,0,0,1.0,1,1.0,1,1.0,1,0.16321949314832687,53
3174,1,5064,2530,2534,0,0,0,1.0,1,1.0,1,1.0,1,0.18573253613795554,53
3175,1,5065,2530,2535,0,0,0,1.0,1,1.0,1,1.0,1,0.20438404089785384,52
3176,5,5070,2534,2536,0,0,0,1.0,1,1.0,1,1.0,1,0.24281213662381923,53
3177,2,5072,2535,2537,0,0,0,1.0,1,1.0,1,1.0,1,0.23952280147332486,52
3178,7,5079,2538,2541,0,0,0,1.0,1,1.0,1,1.0,1,0.23475052860423257,53
3179,2,5081,2538,2543,0,0,0,1.0,1,1.0,1,1.0,1,0.17997934106025892,54
3180,0,5081,2538,2543,0,0,0,1.0,1,1.0,1,1.0,1,0.20572244378516136,54
3181,1,5082,2538,2544,0,0,0,1.0,1,1.0,1,1.0,1,0.18968008430273187,55
3182,1,5083,2538,2545,0,0,0,1.0,1,1.0,1,1.0,1,0.1879342081500343,54
3183,0,5083,2538,2545,0,0,0,1.0,1,1.0,1,1.0,1,0.1979589005414806,56
3184,4,5087,2541,2546,0,0,0,1.0,1,1.0,1,1.0,1,0.2257149794616091,54
3185,1,5088,2542,2546,0,0,0,1.0,1,1.0,1,1.0,1,0.22753146654397893,53
3186,3,5091,2543,2548,0,0,0,1.0,1,1.0,1,1.0,1,0.22610379580690823,52
3187,3,5094,2544,2550,0,0,0,1.0,1,1.0,1,1.0,1,0.19614499087059756,50
3188,1,5095,2545,2550,0,0,0,1.0,1,1.0,1,1.0,1,0.1992091907118813,50
3189,5,5100,2547,2553,0,0,0,1.0,1,1.0,1,1.0,1,0.2112481860766125,49
3190,3,5103,2548,2555,0,0,0,1.0,1,1.0,1,1.0,1,0.20801197858011597,50
3191,2,5105,2550,2555,0,0,0,1.0,1,1.0,1,1.0,1,0.23950920191392477,49
3192,0,5105,2550,2555,0,0,0,1.0,1,1.0,1,1.0,1,0.23950920191392477,49
3193,2,5107,2550,2557,0,0,0,1.0,1,1.0,1,1.0,1,0.21819299515862958,49
3194,2,5109,2552,2557,0,0,0,1.0,1,1.0,1,1.0,1,0.26997576820439995,50
3195,0,5109,2552,2557,0,0,0,1.0,1,1.0,1,1.0,1,0.26724405996743517,49
3196,1,5110,2552,2558,0,0,0,1.0,1,1.0,1,1.0,1,0.24726061190561494,49
3197,1,5111,2552,2559,0,0,0,1.0,1,1.0,1,1.0,1,0.21752928801303906,50
3198,2,5113,2552,2561,0,0,0,1.0,1,1.0,1,1.0,1,0.16683195027077233,50
3199,1,5114,2552,2562,0,0,0,1.0,1,1.0,1,1.0,1,0.16982920438171,52
3200,1,5115,2553,2562,0,0,0,1.0,1,1.0,1,1.0,1,0.18031098773179247,53
3201,6,5121,2555,2566,0,0,0,1.0,1,1.0,1,1.0,1,0.18107974573522156,55
3202,2,5123,2555,2568,0,0,0,1.0,1,1.0,1,1.0,1,0.14227161866856075,55
3203,1,5124,2555,2569,0,0,0,1.0,1,1.0,1,1.0,1,0.1155927211167345,53
3204,1,5125,2556,2569,0,0,0,1.0,1,1.0,1,1.0,1,0.14994153788961667,53
3205,1,5126,2557,2569,0,0,0,1.0,1,1.0,1,1.0,1,0.17244474011352923,53
3206,0,5126,2557,2569,0,0,0,1.0,1,1.0,1,1.0,1,0.16460325373146548,52
3207,2,5128,2559,2569,0,0,0,1.0,1,1.0,1,1.0,1,0.23441245470359875,53
3208,1,5129,2559,2570,0,0,0,1.0,1,1.0,1,1.0,1,0.2408241942982169,51
3209,0,5129,2559,2570,0,0,0,1.0,1,1.0,1,1.0,1,0.25455536842232,52
3210,0,5129,2559,2570,0,0,0,1.0,1,1.0,1,1.0,1,0.27067202870778695,49
3211,2,5131,2560,2571,0,0,0,1.0,1,1.0,1,1.0,1,0.24053366045027538,48
3212,0,5131,2560,2571,0,0,0,1.0,1,1.0,1,1.0,1,0.23820413828668655,48
3213,3,5134,2561,2573,0,0,0,1.0,1,1.0,1,1.0,1,0.24671322238271207,49
3214,4,5138,2562,2576,0,0,0,1.0,1,1.0,1,1.0,1,0.20629496288814225,51
3215,1,5139,2562,2577,0,0,0,1.0,1,1.0,1,1.0,1,0.19471132400654972,51
3216,1,5140,2563,2577,0,0,0,1.0,1,1.0,1,1.0,1,0.18767242586623242,51
3217,1,5141,2564,2577,0,0,0,1.0,1,1.0,1,1.0,1,0.20557178220296235,51
3218,0,5141,2564,2577,0,0,0,1.0,1,1.0,1,1.0,1,0.20557178220296235,51
3219,1,5142,2564,2578,0,0,0,1.0,1,1.0,1,1.0,1,0.2136566845494128,52
3220,0,5142,2564,2578,0,0,0,1.0,1,1.0,1,1.0,1,0.2136566845494128,52
3221,1,5143,2564,2579,0,0,0,1.0,1,1.0,1,1.0,1,0.20304713222598564,54
3222,0,5143,2564,2579,0,0,0,1.0,1,1.0,1,1.0,1,0.21300144916596522,54
3223,0,5143,2564,2579,0,0,0,1.0,1,1.0,1,1.0,1,0.2284068950145443,56
3224,1,5144,2565,2579,0,0,0,1.0,1,1.0,1,1.0,1,0.2237767508425465,57
3225,3,5147,2565,2582,0,0,0,1.0,1,1.0,1,1.0,1,0.2131488890156556,58
3226,0,5147,2565,2582,0,0,0,1.0,1,1.0,1,1.0,1,0.2131488890156556,58
3227,0,5147,2565,2582,0,0,0,1.0,1,1.0,1,1.0,1,0.2131488890156556,58
3228,0,5147,2565,2582,0,0,0,1.0,1,1.0,1,1.0,1,0.2131488890156556,58
3229,2,5149,2566,2583,0,0,0,1.0,1,1.0,1,1.0,1,0.24897661687789874,60
3230,2,5151,2566,2585,0,0,0,1.0,1,1.0,1,1.0,1,0.22452247601276476,61
3231,2,5153,2567,2586,0,0,0,1.0,1,1.0,1,1.0,1,0.21323369374970405,61
3232,0,5153,2567,2586,0,0,0,1.0,1,1.0,1,1.0,1,0.21323369374970405,61
3233,2,5155,2567,2588,0,0,0,1.0,1,1.0,1,1.0,1,0.2008410438397113,63
3234,2,5157,2568,2589,0,0,0,1.0,1,1.0,1,1.0,1,0.23286037507587448,64
3235,2,5159,2568,2591,0,0,0,1.0,1,1.0,1,1.0,1,0.21296875396006046,65
3236,1,5160,2568,2592,0,0,0,1.0,1,1.0,1,1.0,1,0.2106607416209402,66
3237,0,5160,2568,2592,0,0,0,1.0,1,1.0,1,1.0,1,0.20222554093233122,67
3238,0,5160,2568,2592,0,0,0,1.0,1,1.0,1,1.0,1,0.20222554093233122,67
3239,1,5161,2569,2592,0,0,0,1.0,1,1.0,1,1.0,1,0.2135841781760871,69
3240,0,5161,2569,2592,0,0,0,1.0,1,1.0,1,1.0,1,0.2135841781760871,69
3241,4,5165,2571,2594,0,0,0,1.0,1,1.0,1,1.0,1,0.21089757992952146,68
3242,1,5166,2572,2594,0,0,0,1.0,1,1.0,1,1.0,1,0.23374365485046303,67
3243,4,5170,2574,2596,0,0,0,1.0,1,1.0,1,1.0,1,0.19864713967274855,68
3244,2,5172,2574,2598,0,0,0,1.0,1,1.0,1,1.0,1,0.15635515819569754,68
3245,0,5172,2574,2598,0,0,0,1.0,1,1.0,1,1.0,1,0.163274583847538,69
3246,2,5174,2575,2599,0,0,0,1.0,1,1.0,1,1.0,1,0.17266720372145997,68
3247,1,5175,2575,2600,0,0,0,1.0,1,1.0,1,1.0,1,0.16184513555051647,68
3248,1,5176,2576,2600,0,0,0,1.0,1,1.0,1,1.0,1,0.1782829796582206,68
3249,2,5178,2576,2602,0,0,0,1.0,1,1.0,1,1.0,1,0.16780519526962595,69
3250,0,5178,2576,2602,0,0,0,1.0,1,1.0,1,1.0,1,0.16780519526962595,69
3251,1,5179,2577,2602,0,0,0,1.0,1,1.0,1,1.0,1,0.19441017831971003,68
3252,0,5179,2577,2602,0,0,0,1.0,1,1.0,1,1.0,1,0.1793420317852981,68
3253,2,5181,2578,2603,0,0,0,1.0,1,1.0,1,1.0,1,0.1773202301962764,69
3254,0,5181,2578,2603,0,0,0,1.0,1,1.0,1,1.0,1,0.1773202301962764,69
3255,1,5182,2578,2604,0,0,0,1.0,1,1.0,1,1.0,1,0.1756792904830154,70
3256,1,5183,2578,2605,0,0,0,1.0,1,1.0,1,1.0,1,0.15897133629455582,70
3257,0,5183,2578,2605,0,0,0,1.0,1,1.0,1,1.0,1,0.16732960454244056,71
3258,4,5187,2581,2606,0,0,0,1.0,1,1.0,1,1.0,1,0.16940591148855486,72
3259,4,5191,2582,2609,0,0,0,1.0,1,1.0,1,1.0,1,0.1331675490945983,71
3260,0,5191,2582,2609,0,0,0,1.0,1,1.0,1,1.0,1,0.1536078674491371,72
3261,1,5192,2582,2610,0,0,0,1.0,1,1.0,1,1.0,1,0.1663063403161178,74
3262,1,5193,2582,2611,0,0,0,1.0,1,1.0,1,1.0,1,0.1533211899541595,73
3263,3,5196,2583,2613,0,0,0,1.0,1,1.0,1,1.0,1,0.16055306525352822,73
3264,2,5198,2585,2613,0,0,0,1.0,1,1.0,1,1.0,1,0.21418749136722565,71
3265,4,5202,2587,2615,0,0,0,1.0,1,1.0,1,1.0,1,0.18381231618444072,70
3266,4,5206,2589,2617,0,0,0,1.0,1,1.0,1,1.0,1,0.17177993199168728,69
3267,0,5206,2589,2617,0,0,0,1.0,1,1.0,1,1.0,1,0.18495326138051685,69
3268,5,5211,2592,2619,0,0,0,1.0,1,1.0,1,1.0,1,0.17018920503846569,68
3269,4,5215,2594,2621,0,0,0,1.0,1,1.0,1,1.0,1,0.19011161668516866,68
3270,0,5215,2594,2621,0,0,0,1.0,1,1.0,1,1.0,1,0.20344690839717966,67
3271,0,5215,2594,2621,0,0,0,1.0,1,1.0,1,1.0,1,0.203071542254929,66
3272,0,5215,2594,2621,0,0,0,1.0,1,1.0,1,1.0,1,0.18666636140659604,67
3273,3,5218,2594,2624,0,0,0,1.0,1,1.0,1,1.0,1,0.17298549881028752,66
3274,3,5221,2595,2626,0,0,0,1.0,1,1.0,1,1.0,1,0.1807301104029814,68
3275,0,5221,2595,2626,0,0,0,1.0,1,1.0,1,1.0,1,0.1807301104029814,68
3276,3,5224,2596,2628,0,0,0,1.0,1,1.0,1,1.0,1,0.1624436656437777,69
3277,1,5225,2596,2629,0,0,0,1.0,1,1.0,1,1.0,1,0.16011710989603758,68
3278,2,5227,2596,2631,0,0,0,1.0,1,1.0,1,1.0,1,0.15378191174358635,69
3279,1,5228,2597,2631,0,0,0,1.0,1,1.0,1,1.0,1,0.15980807451593168,67
3280,1,5229,2598,2631,0,0,0,1.0,1,1.0,1,1.0,1,0.18934808157666633,66
3281,2,5231,2600,2631,0,0,0,1.0,1,1.0,1,1.0,1,0.2254425121914841,67
3282,4,5235,2601,2634,0,0,0,1.0,1,1.0,1,1.0,1,0.23061603047345383,66
3283,4,5239,2602,2637,0,0,0,1.0,1,1.0,1,1.0,1,0.21720538306980247,67
3284,3,5242,2603,2639,0,0,0,1.0,1,1.0,1,1.0,1,0.1394853373892017,66
3285,0,5242,2603,2639,0,0,0,1.0,1,1.0,1,1.0,1,0.1394853373892017,66
3286,0,5242,2603,2639,0,0,0,1.0,1,1.0,1,1.0,1,0.13382596774344663,63
3287,1,5243,2604,2639,0,0,0,1.0,1,1.0,1,1.0,1,0.18250205518742188,61
3288,2,5245,2604,2641,0,0,0,1.0,1,1.0,1,1.0,1,0.19620222876023807,63
3289,2,5247,2605,2642,0,0,0,1.0,1,1.0,1,1.0,1,0.20449394260823803,62
3290,1,5248,2606,2642,0,0,0,1.0,1,1.0,1,1.0,1,0.21554340289008247,63
3291,0,5248,2606,2642,0,0,0,1.0,1,1.0,1,1.0,1,0.22599709613381674,62
3292,2,5250,2607,2643,0,0,0,1.0,1,1.0,1,1.0,1,0.23967376950884572,63
3293,3,5253,2609,2644,0,0,0,1.0,1,1.0,1,1.0,1,0.24217644494402746,65
3294,0,5253,2609,2644,0,0,0,1.0,1,1.0,1,1.0,1,0.24217644494402746,65
3295,3,5256,2611,2645,0,0,0,1.0,1,1.0,1,1.0,1,0.2362505569406654,65
3296,0,5256,2611,2645,0,0,0,1.0,1,1.0,1,1.0,1,0.2362505569406654,65
3297,1,5257,2612,2645,0,0,0,1.0,1,1.0,1,1.0,1,0.2295872462056716,66
3298,1,5258,2613,2645,0,0,0,1.0,1,1.0,1,1.0,1,0.23912090168535644,66
3299,1,5259,2613,2646,0,0,0,1.0,1,1.0,1,1.0,1,0.24140492200969021,67
3300,2,5261,2615,2646,0,0,0,1.0,1,1.0,1,1.0,1,0.26540763881224905,67
3301,6,5267,2616,2651,0,0,0,1.0,1,1.0,1,1.0,1,0.22441828504135505,68
3302,1,5268,2616,2652,0,0,0,1.0,1,1.0,1,1.0,1,0.21663854632540167,67
3303,1,5269,2617,2652,0,0,0,1.0,1,1.0,1,1.0,1,0.21539133589945442,67
3304,2,5271,2618,2653,0,0,0,1.0,1,1.0,1,1.0,1,0.20985322233730236,67
3305,2,5273,2618,2655,0,0,0,1.0,1,1.0,1,1.0,1,0.21488663587298476,69
3306,0,5273,2618,2655,0,0,0,1.0,1,1.0,1,1.0,1,0.20803242819827697,70
3307,4,5277,2618,2659,0,0,0,1.0,1,1.0,1,1.0,1,0.17335464555424063,70
3308,0,5277,2618,2659,0,0,0,1.0,1,1.0,1,1.0,1,0.17335464555424063,70
3309,3,5280,2618,2662,0,0,0,1.0,1,1.0,1,1.0,1,0.17320008054295805,72
3310,3,5283,2618,2665,0,0,0,1.0,1,1.0,1,1.0,1,0.16439092864056376,74
3311,0,5283,2618,2665,0,0,0,1.0,1,1.0,1,1.0,1,0.16439092864056376,74
3312,0,5283,2618,2665,0,0,0,1.0,1,1.0,1,1.0,1,0.16439092864056376,74
3313,0,5283,2618,2665,0,0,0,1.0,1,1.0,1,1.0,1,0.17682520794721346,75
3314,2,5285,2619,2666,0,0,0,1.0,1,1.0,1,1.0,1,0.18578704042324393,76
3315,1,5286,2620,2666,0,0,0,1.0,1,1.0,1,1.0,1,0.21790717727771547,75
3316,5,5291,2623,2668,0,0,0,1.0,1,1.0,1,1.0,1,0.24498145182848718,76
3317,3,5294,2624,2670,0,0,0,1.0,1,1.0,1,1.0,1,0.2292006409862877,73
3318,3,5297,2626,2671,0,0,0,1.0,1,1.0,1,1.0,1,0.2491668678657276,72
3319,5,5302,2627,2675,0,0,0,1.0,1,1.0,1,1.0,1,0.2123563567808883,71
3320,2,5304,2627,2677,0,0,0,1.0,1,1.0,1,1.0,1,0.1950842668963431,70
3321,3,5307,2629,2678,0,0,0,1.0,1,1.0,1,1.0,1,0.22612563763296367,69
3322,3,5310,2630,2680,0,0,0,1.0,1,1.0,1,1.0,1,0.20400073720011597,68
3323,1,5311,2631,2680,0,0,0,1.0,1,1.0,1,1.0,1,0.23462165263424872,69
3324,0,5311,2631,2680,0,0,0,1.0,1,1.0,1,1.0,1,0.21186656616168703,69
3325,3,5314,2631,2683,0,0,0,1.0,1,1.0,1,1.0,1,0.18313475778373092,70
3326,3,5317,2634,2683,0,0,0,1.0,1,1.0,1,1.0,1,0.2066139859577896,69
3327,1,5318,2635,2683,0,0,0,1.0,1,1.0,1,1.0,1,0.19010545677960422,70
3328,2,5320,2636,2684,0,0,0,1.0,1,1.0,1,1.0,1,0.19792711726888296,73
3329,0,5320,2636,2684,0,0,0,1.0,1,1.0,1,1.0,1,0.21284539919281922,72
3330,0,5320,2636,2684,0,0,0,1.0,1,1.0,1,1.0,1,0.21284539919281922,72
3331,2,5322,2638,2684,0,0,0,1.0,1,1.0,1,1.0,1,0.24070073334458728,72
3332,1,5323,2638,2685,0,0,0,1.0,1,1.0,1,1.0,1,0.23944370395721729,73
3333,0,5323,2638,2685,0,0,0,1.0,1,1.0,1,1.0,1,0.24446871350869445,72
3334,1,5324,2638,2686,0,0,0,1.0,1,1.0,1,1.0,1,0.23210015884148802,73
3335,5,5329,2639,2690,0,0,0,1.0,1,1.0,1,1.0,1,0.21732175056048614,74
3336,0,5329,2639,2690,0,0,0,1.0,1,1.0,1,1.0,1,0.21732175056048614,74
3337,0,5329,2639,2690,0,0,0,1.0,1,1.0,1,1.0,1,0.21732175056048614,74
3338,1,5330,2639,2691,0,0,0,1.0,1,1.0,1,1.0,1,0.21007936820278,74
3339,1,5331,2640,2691,0,0,0,1.0,1,1.0,1,1.0,1,0.21806665412324452,75
3340,1,5332,2640,2692,0,0,0,1.0,1,1.0,1,1.0,1,0.21471864677341398,75
3341,0,5332,2640,2692,0,0,0,1.0,1,1.0,1,1.0,1,0.22505667761010512,76
3342,1,5333,2641,2692,0,0,0,1.0,1,1.0,1,1.0,1,0.2508111379257351,76
3343,6,5339,2643,2696,0,0,0,1.0,1,1.0,1,1.0,1,0.21394591872637725,75
3344,2,5341,2645,2696,0,0,0,1.0,1,1.0,1,1.0,1,0.22127707396769541,75
3345,1,5342,2646,2696,0,0,0,1.0,1,1.0,1,1.0,1,0.23668552849954147,72
3346,5,5347,2646,2701,0,0,0,1.0,1,1.0,1,1.0,1,0.21626948757300735,73
3347,1,5348,2647,2701,0,0,0,1.0,1,1.0,1,1.0,1,0.20914381978317254,73
3348,3,5351,2648,2703,0,0,0,1.0,1,1.0,1,1.0,1,0.20305990807282748,73
3349,3,5354,2650,2704,0,0,0,1.0,1,1.0,1,1.0,1,0.20339964200514554,74
3350,2,5356,2651,2705,0,0,0,1.0,1,1.0,1,1.0,1,0.2022111313916265,73
3351,2,5358,2652,2706,0,0,0,1.0,1,1.0,1,1.0,1,0.20749680456719455,72
3352,4,5362,2653,2709,0,0,0,1.0,1,1.0,1,1.0,1,0.18858068124299976,72
3353,3,5365,2655,2710,0,0,0,1.0,1,1.0,1,1.0,1,0.2101454089448244,72
3354,2,5367,2656,2711,0,0,0,1.0,1,1.0,1,1.0,1,0.21593942150590834,70
3355,5,5372,2658,2714,0,0,0,1.0,1,1.0,1,1.0,1,0.22944545325797536,69
3356,2,5374,2660,2714,0,0,0,1.0,1,1.0,1,1.0,1,0.23762693951985225,69
3357,2,5376,2661,2715,0,0,0,1.0,1,1.0,1,1.0,1,0.2466724071705363,68
3358,1,5377,2661,2716,0,0,0,1.0,1,1.0,1,1.0,1,0.22509821871508762,68
3359,1,5378,2662,2716,0,0,0,1.0,1,1.0,1,1.0,1,0.21799015563239724,66
3360,1,5379,2663,2716,0,0,0,1.0,1,1.0,1,1.0,1,0.23638822690058334,65
3361,2,5381,2663,2718,0,0,0,1.0,1,1.0,1,1.0,1,0.2356498532383408,64
3362,0,5381,2663,2718,0,0,0,1.0,1,1.0,1,1.0,1,0.2356498532383408,64
3363,0,5381,2663,2718,0,0,0,1.0,1,1.0,1,1.0,1,0.2292228104844263,65
3364,1,5382,2663,2719,0,0,0,1.0,1,1.0,1,1.0,1,0.22263070366656654,66
3365,0,5382,2663,2719,0,0,0,1.0,1,1.0,1,1.0,1,0.2265150855298965,68
3366,1,5383,2664,2719,0,0,0,1.0,1,1.0,1,1.0,1,0.24880621972384165,66
3367,0,5383,2664,2719,0,0,0,1.0,1,1.0,1,1.0,1,0.2548876233543261,68
3368,4,5387,2665,2722,0,0,0,1.0,1,1.0,1,1.0,1,0.2168605942429388,68
3369,1,5388,2665,2723,0,0,0,1.0,1,1.0,1,1.0,1,0.22472376411915476,69
3370,1,5389,2665,2724,0,0,0,1.0,1,1.0,1,1.0,1,0.20054384109418358,71
3371,1,5390,2665,2725,0,0,0,1.0,1,1.0,1,1.0,1,0.19494360605311367,71
3372,2,5392,2666,2726,0,0,0,1.0,1,1.0,1,1.0,1,0.1948296348101828,71
3373,0,5392,2666,2726,0,0,0,1.0,1,1.0,1,1.0,1,0.1985074541190014,72
3374,0,5392,2666,2726,0,0,0,1.0,1,1.0,1,1.0,1,0.1921537046998975,72
3375,2,5394,2667,2727,0,0,0,1.0,1,1.0,1,1.0,1,0.1941172977436933,73
3376,3,5397,2667,2730,0,0,0,1.0,1,1.0,1,1.0,1,0.17498287780095398,75
3377,1,5398,2668,2730,0,0,0,1.0,1,1.0,1,1.0,1,0.1813375535510372,77
3378,0,5398,2668,2730,0,0,0,1.0,1,1.0,1,1.0,1,0.1813375535510372,77
3379,3,5401,2671,2730,0,0,0,1.0,1,1.0,1,1.0,1,0.22300960055834498,77
3380,3,5404,2672,2732,0,0,0,1.0,1,1.0,1,1.0,1,0.2126072016234771,76
3381,2,5406,2674,2732,0,0,0,1.0,1,1.0,1,1.0,1,0.22262818004087995,76
3382,2,5408,2675,2733,0,0,0,1.0,1,1.0,1,1.0,1,0.2240635062469749,78
3383,0,5408,2675,2733,0,0,0,1.0,1,1.0,1,1.0,1,0.21984841943967964,77
3384,4,5412,2679,2733,0,0,0,1.0,1,1.0,1,1.0,1,0.2685050915018673,77
3385,5,5417,2680,2737,0,0,0,1.0,1,1.0,1,1.0,1,0.23829808311154746,75
3386,2,5419,2682,2737,0,0,0,1.0,1,1.0,1,1.0,1,0.2586972792088517,76
3387,1,5420,2682,2738,0,0,0,1.0,1,1.0,1,1.0,1,0.24509972046829542,75
3388,2,5422,2683,2739,0,0,0,1.0,1,1.0,1,1.0,1,0.252724570386157,76
3389,0,5422,2683,2739,0,0,0,1.0,1,1.0,1,1.0,1,0.2561023396274333,77
3390,0,5422,2683,2739,0,0,0,1.0,1,1.0,1,1.0,1,0.2539088053053226,76
3391,3,5425,2684,2741,0,0,0,1.0,1,1.0,1,1.0,1,0.22804721922586213,77
3392,2,5427,2684,2743,0,0,0,1.0,1,1.0,1,1.0,1,0.20639528027003304,78
3393,2,5429,2685,2744,0,0,0,1.0,1,1.0,1,1.0,1,0.19841519876015867,76
3394,3,5432,2686,2746,0,0,0,1.0,1,1.0,1,1.0,1,0.21494547864123723,75
3395,1,5433,2686,2747,0,0,0,1.0,1,1.0,1,1.0,1,0.20450775959719222,73
3396,1,5434,2686,2748,0,0,0,1.0,1,1.0,1,1.0,1,0.19661140748682632,73
3397,3,5437,2687,2750,0,0,0,1.0,1,1.0,1,1.0,1,0.17213231131239015,74
3398,2,5439,2688,2751,0,0,0,1.0,1,1.0,1,1.0,1,0.1571649918126304,74
3399,1,5440,2689,2751,0,0,0,1.0,1,1.0,1,1.0,1,0.1678233372272651,75
3400,4,5444,2690,2754,0,0,0,1.0,1,1.0,1,1.0,1,0.14046165485075862,75
3401,1,5445,2691,2754,0,0,0,1.0,1,1.0,1,1.0,1,0.14099436934452883,77
3402,1,5446,2692,2754,0,0,0,1.0,1,1.0,1,1.0,1,0.15633333655522896,77
3403,2,5448,2693,2755,0,0,0,1.0,1,1.0,1,1.0,1,0.1533281219988264,78
3404,1,5449,2694,2755,0,0,0,1.0,1,1.0,1,1.0,1,0.15739851408018857,78
3405,0,5449,2694,2755,0,0,0,1.0,1,1.0,1,1.0,1,0.15739851408018857,78
3406,3,5452,2696,2756,0,0,0,1.0,1,1.0,1,1.0,1,0.1754199516439014,78
3407,0,5452,2696,2756,0,0,0,1.0,1,1.0,1,1.0,1,0.17049150434059385,78
3408,1,5453,2696,2757,0,0,0,1.0,1,1.0,1,1.0,1,0.15389486826503523,79
3409,3,5456,2696,2760,0,0,0,1.0,1,1.0,1,1.0,1,0.14012696666964916,81
3410,0,5456,2696,2760,0,0,0,1.0,1,1.0,1,1.0,1,0.1486149023526628,82
3411,2,5458,2696,2762,0,0,0,1.0,1,1.0,1,1.0,1,0.13952930031723368,84
3412,0,5458,2696,2762,0,0,0,1.0,1,1.0,1,1.0,1,0.13952930031723368,84
3413,1,5459,2697,2762,0,0,0,1.0,1,1.0,1,1.0,1,0.143147350184395,84
3414,0,5459,2697,2762,0,0,0,1.0,1,1.0,1,1.0,1,0.143147350184395,84
3415,2,5461,2698,2763,0,0,0,1.0,1,1.0,1,1.0,1,0.1424651992976351,85
3416,0,5461,2698,2763,0,0,0,1.0,1,1.0,1,1.0,1,0.1424651992976351,85
3417,5,5466,2700,2766,0,0,0,1.0,1,1.0,1,1.0,1,0.12382023896135447,86
3418,3,5469,2702,2767,0,0,0,1.0,1,1.0,1,1.0,1,0.14390435230087353,86
3419,2,5471,2703,2768,0,0,0,1.0,1,1.0,1,1.0,1,0.15997829232870245,87
3420,2,5473,2703,2770,0,0,0,1.0,1,1.0,1,1.0,1,0.15678093294719828,88
3421,3,5476,2704,2772,0,0,0,1.0,1,1.0,1,1.0,1,0.15917695952490968,89
3422,3,5479,2704,2775,0,0,0,1.0,1,1.0,1,1.0,1,0.1448221206086818,90
3423,0,5479,2704,2775,0,0,0,1.0,1,1.0,1,1.0,1,0.14486394910581235,90
3424,0,5479,2704,2775,0,0,0,1.0,1,1.0,1,1.0,1,0.13573717173881897,91
3425,1,5480,2705,2775,0,0,0,1.0,1,1.0,1,1.0,1,0.14244810173771838,90
3426,2,5482,2707,2775,0,0,0,1.0,1,1.0,1,1.0,1,0.1525718149134187,92
3427,1,5483,2707,2776,0,0,0,1.0,1,1.0,1,1.0,1,0.15192799053273734,92
3428,0,5483,2707,2776,0,0,0,1.0,1,1.0,1,1.0,1,0.15938413572926136,91
3429,0,5483,2707,2776,0,0,0,1.0,1,1.0,1,1.0,1,0.15938413572926136,91
3430,3,5486,2709,2777,0,0,0,1.0,1,1.0,1,1.0,1,0.16963411326670036,91
3431,2,5488,2709,2779,0,0,0,1.0,1,1.0,1,1.0,1,0.15659124287307144,90
3432,4,5492,2712,2780,0,0,0,1.0,1,1.0,1,1.0,1,0.17000619701075198,91
3433,3,5495,2712,2783,0,0,0,1.0,1,1.0,1,1.0,1,0.154036715181342,90
3434,1,5496,2712,2784,0,0,0,1.0,1,1.0,1,1.0,1,0.14803141894294908,89
3435,1,5497,2713,2784,0,0,0,1.0,1,1.0,1,1.0,1,0.15936043550606735,88
3436,2,5499,2713,2786,0,0,0,1.0,1,1.0,1,1.0,1,0.15055576905219914,86
3437,1,5500,2714,2786,0,0,0,1.0,1,1.0,1,1.0,1,0.1499252832829249,86
3438,1,5501,2714,2787,0,0,0,1.0,1,1.0,1,1.0,1,0.15374971452303324,87
3439,2,5503,2715,2788,0,0,0,1.0,1,1.0,1,1.0,1,0.16419792212756815,86
3440,1,5504,2715,2789,0,0,0,1.0,1,1.0,1,1.0,1,0.1550292530200676,86
3441,1,5505,2716,2789,0,0,0,1.0,1,1.0,1,1.0,1,0.1574270538388236,85
3442,2,5507,2716,2791,0,0,0,1.0,1,1.0,1,1.0,1,0.1426699312426849,85
3443,1,5508,2716,2792,0,0,0,1.0,1,1.0,1,1.0,1,0.1442974269079172,85
3444,1,5509,2717,2792,0,0,0,1.0,1,1.0,1,1.0,1,0.148569720798743,85
3445,3,5512,2719,2793,0,0,0,1.0,1,1.0,1,1.0,1,0.16493686109449565,84
3446,2,5514,2721,2793,0,0,0,1.0,1,1.0,1,1.0,1,0.2058925172689149,85
3447,1,5515,2722,2793,0,0,0,1.0,1,1.0,1,1.0,1,0.2115182868544032,85
3448,4,5519,2724,2795,0,0,0,1.0,1,1.0,1,1.0,1,0.21005696423006182,85
3449,1,5520,2724,2796,0,0,0,1.0,1,1.0,1,1.0,1,0.21269033216912356,84
3450,0,5520,2724,2796,0,0,0,1.0,1,1.0,1,1.0,1,0.21269033216912356,84
3451,2,5522,2725,2797,0,0,0,1.0,1,1.0,1,1.0,1,0.22473317077201546,85
3452,1,5523,2726,2797,0,0,0,1.0,1,1.0,1,1.0,1,0.21568607291309572,86
3453,1,5524,2726,2798,0,0,0,1.0,1,1.0,1,1.0,1,0.2127719989373694,85
3454,4,5528,2726,2802,0,0,0,1.0,1,1.0,1,1.0,1,0.1802948259117037,88
3455,1,5529,2726,2803,0,0,0,1.0,1,1.0,1,1.0,1,0.17832081130201996,88
3456,0,5529,2726,2803,0,0,0,1.0,1,1.0,1,1.0,1,0.17832081130201996,88
3457,3,5532,2727,2805,0,0,0,1.0,1,1.0,1,1.0,1,0.17101534278401706,89
3458,1,5533,2727,2806,0,0,0,1.0,1,1.0,1,1.0,1,0.1691974519822636,88
3459,0,5533,2727,2806,0,0,0,1.0,1,1.0,1,1.0,1,0.1691974519822636,88
3460,0,5533,2727,2806,0,0,0,1.0,1,1.0,1,1.0,1,0.1651973443934602,89
3461,0,5533,2727,2806,0,0,0,1.0,1,1.0,1,1.0,1,0.1651973443934602,89
3462,0,5533,2727,2806,0,0,0,1.0,1,1.0,1,1.0,1,0.17167141860154422,90
3463,2,5535,2727,2808,0,0,0,1.0,1,1.0,1,1.0,1,0.15893138469699433,89
3464,1,5536,2728,2808,0,0,0,1.0,1,1.0,1,1.0,1,0.15715853884569722,88
3465,0,5536,2728,2808,0,0,0,1.0,1,1.0,1,1.0,1,0.1822650559123843,87
3466,2,5538,2728,2810,0,0,0,1.0,1,1.0,1,1.0,1,0.16069806325472125,87
3467,3,5541,2729,2812,0,0,0,1.0,1,1.0,1,1.0,1,0.15510891613151087,87
3468,1,5542,2730,2812,0,0,0,1.0,1,1.0,1,1.0,1,0.1868469041506083,88
3469,3,5545,2731,2814,0,0,0,1.0,1,1.0,1,1.0,1,0.18812813328316996,85
3470,4,5549,2733,2816,0,0,0,1.0,1,1.0,1,1.0,1,0.19551608220820801,86
3471,3,5552,2735,2817,0,0,0,1.0,1,1.0,1,1.0,1,0.22114116470685943,84
3472,1,5553,2735,2818,0,0,0,1.0,1,1.0,1,1.0,1,0.21166785697434193,83
3473,0,5553,2735,2818,0,0,0,1.0,1,1.0,1,1.0,1,0.2144017875843249,81
3474,1,5554,2735,2819,0,0,0,1.0,1,1.0,1,1.0,1,0.1772423746731948,80
3475,2,5556,2736,2820,0,0,0,1.0,1,1.0,1,1.0,1,0.20812137529168073,82
3476,2,5558,2737,2821,0,0,0,1.0,1,1.0,1,1.0,1,0.18724214400040531,81
3477,5,5563,2740,2823,0,0,0,1.0,1,1.0,1,1.0,1,0.1997704531679908,83
3478,4,5567,2741,2826,0,0,0,1.0,1,1.0,1,1.0,1,0.19042601223199807,83
3479,2,5569,2742,2827,0,0,0,1.0,1,1.0,1,1.0,1,0.17715286735633506,83
3480,0,5569,2742,2827,0,0,0,1.0,1,1.0,1,1.0,1,0.17715286735633506,83
3481,3,5572,2744,2828,0,0,0,1.0,1,1.0,1,1.0,1,0.15974888339907795,83
3482,1,5573,2745,2828,0,0,0,1.0,1,1.0,1,1.0,1,0.17642642124575608,83
3483,7,5580,2748,2832,0,0,0,1.0,1,1.0,1,1.0,1,0.17913000238922655,82
3484,3,5583,2749,2834,0,0,0,1.0,1,1.0,1,1.0,1,0.18685856634661133,82
3485,2,5585,2750,2835,0,0,0,1.0,1,1.0,1,1.0,1,0.19945244608280335,83
3486,2,5587,2750,2837,0,0,0,1.0,1,1.0,1,1.0,1,0.1714738459210545,83
3487,0,5587,2750,2837,0,0,0,1.0,1,1.0,1,1.0,1,0.17452032098641632,84
3488,0,5587,2750,2837,0,0,0,1.0,1,1.0,1,1.0,1,0.17735130601134966,84
3489,2,5589,2750,2839,0,0,0,1.0,1,1.0,1,1.0,1,0.15321184101526872,84
3490,0,5589,2750,2839,0,0,0,1.0,1,1.0,1,1.0,1,0.15321184101526872,84
3491,0,5589,2750,2839,0,0,0,1.0,1,1.0,1,1.0,1,0.15587518276466344,86
3492,1,5590,2751,2839,0,0,0,1.0,1,1.0,1,1.0,1,0.1616715061783374,86
3493,0,5590,2751,2839,0,0,0,1.0,1,1.0,1,1.0,1,0.1616715061783374,86
3494,1,5591,2751,2840,0,0,0,1.0,1,1.0,1,1.0,1,0.15505118008863256,86
3495,0,5591,2751,2840,0,0,0,1.0,1,1.0,1,1.0,1,0.151361925420457,87
3496,0,5591,2751,2840,0,0,0,1.0,1,1.0,1,1.0,1,0.15974062360871644,88
3497,2,5593,2752,2841,0,0,0,1.0,1,1.0,1,1.0,1,0.17048078932378474,89
3498,4,5597,2752,2845,0,0,0,1.0,1,1.0,1,1.0,1,0.15283609908180287,89
3499,2,5599,2753,2846,0,0,0,1.0,1,1.0,1,1.0,1,0.14883613223344253,91
3500,2,5601,2754,2847,0,0,0,1.0,1,1.0,1,1.0,1,0.14772382384313587,90
3501,0,5601,2754,2847,0,0,0,1.0,1,1.0,1,1.0,1,0.14772382384313587,90
3502,3,5604,2755,2849,0,0,0,1.0,1,1.0,1,1.0,1,0.13483536160712686,91
3503,4,5608,2759,2849,0,0,0,1.0,1,1.0,1,1.0,1,0.14802328956203797,91
3504,3,5611,2761,2850,0,0,0,1.0,1,1.0,1,1.0,1,0.1613970707051826,89
3505,2,5613,2761,2852,0,0,0,1.0,1,1.0,1,1.0,1,0.15159678004928004,87
3506,2,5615,2762,2853,0,0,0,1.0,1,1.0,1,1.0,1,0.16333942996590595,87
3507,4,5619,2765,2854,0,0,0,1.0,1,1.0,1,1.0,1,0.154912911240096,84
3508,2,5621,2766,2855,0,0,0,1.0,1,1.0,1,1.0,1,0.16530028045698433,83
3509,1,5622,2767,2855,0,0,0,1.0,1,1.0,1,1.0,1,0.18604449872008,80
3510,0,5622,2767,2855,0,0,0,1.0,1,1.0,1,1.0,1,0.19374385796248256,78
3511,2,5624,2769,2855,0,0,0,1.0,1,1.0,1,1.0,1,0.17722061245931472,77
3512,0,5624,2769,2855,0,0,0,1.0,1,1.0,1,1.0,1,0.19876569311482872,74
3513,1,5625,2769,2856,0,0,0,1.0,1,1.0,1,1.0,1,0.19261061727569273,76
3514,2,5627,2770,2857,0,0,0,1.0,1,1.0,1,1.0,1,0.18663150173483106,76
3515,1,5628,2771,2857,0,0,0,1.0,1,1.0,1,1.0,1,0.1903796705223744,75
3516,1,5629,2772,2857,0,0,0,1.0,1,1.0,1,1.0,1,0.19888204707288468,73
3517,5,5634,2775,2859,0,0,0,1.0,1,1.0,1,1.0,1,0.20819715323854743,74
3518,0,5634,2775,2859,0,0,0,1.0,1,1.0,1,1.0,1,0.22419528411863715,74
3519,0,5634,2775,2859,0,0,0,1.0,1,1.0,1,1.0,1,0.23422106278167318,73
3520,2,5636,2775,2861,0,0,0,1.0,1,1.0,1,1.0,1,0.21119409590794969,74
3521,2,5638,2775,2863,0,0,0,1.0,1,1.0,1,1.0,1,0.19632760092062485,75
3522,0,5638,2775,2863,0,0,0,1.0,1,1.0,1,1.0,1,0.19632760092062485,75
3523,3,5641,2775,2866,0,0,0,1.0,1,1.0,1,1.0,1,0.17588396033592996,75
3524,2,5643,2776,2867,0,0,0,1.0,1,1.0,1,1.0,1,0.16273295510694882,75
3525,0,5643,2776,2867,0,0,0,1.0,1,1.0,1,1.0,1,0.17210229907028007,75
3526,0,5643,2776,2867,0,0,0,1.0,1,1.0,1,1.0,1,0.1783625221001795,76
3527,6,5649,2778,2871,0,0,0,1.0,1,1.0,1,1.0,1,0.18417386042653552,77
3528,1,5650,2779,2871,0,0,0,1.0,1,1.0,1,1.0,1,0.2104332341261205,77
3529,5,5655,2780,2875,0,0,0,1.0,1,1.0,1,1.0,1,0.19412191960292696,78
3530,0,5655,2780,2875,0,0,0,1.0,1,1.0,1,1.0,1,0.21639648240868364,78
3531,1,5656,2781,2875,0,0,0,1.0,1,1.0,1,1.0,1,0.23970357075140858,79
3532,3,5659,2782,2877,0,0,0,1.0,1,1.0,1,1.0,1,0.23845389824273386,79
3533,2,5661,2784,2877,0,0,0,1.0,1,1.0,1,1.0,1,0.26846578188981424,79
3534,3,5664,2787,2877,0,0,0,1.0,1,1.0,1,1.0,1,0.2886330371384289,80
3535,5,5669,2787,2882,0,0,0,1.0,1,1.0,1,1.0,1,0.2521045119857285,81
3536,1,5670,2787,2883,0,0,0,1.0,1,1.0,1,1.0,1,0.24125637324515634,82
3537,0,5670,2787,2883,0,0,0,1.0,1,1.0,1,1.0,1,0.24125637324515634,82
3538,2,5672,2788,2884,0,0,0,1.0,1,1.0,1,1.0,1,0.23784149524843817,83
3539,0,5672,2788,2884,0,0,0,1.0,1,1.0,1,1.0,1,0.23784149524843817,83
3540,1,5673,2789,2884,0,0,0,1.0,1,1.0,1,1.0,1,0.2350262223206597,85
3541,2,5675,2790,2885,0,0,0,1.0,1,1.0,1,1.0,1,0.23702193649769898,85
3542,3,5678,2790,2888,0,0,0,1.0,1,1.0,1,1.0,1,0.21227031919805966,88
3543,1,5679,2791,2888,0,0,0,1.0,1,1.0,1,1.0,1,0.20905542516402123,87
3544,3,5682,2792,2890,0,0,0,1.0,1,1.0,1,1.0,1,0.19524285904159902,87
3545,2,5684,2794,2890,0,0,0,1.0,1,1.0,1,1.0,1,0.20375378325084495,85
3546,0,5684,2794,2890,0,0,0,1.0,1,1.0,1,1.0,1,0.19631770316198313,83
3547,1,5685,2794,2891,0,0,0,1.0,1,1.0,1,1.0,1,0.17839569889302334,82
3548,2,5687,2796,2891,0,0,0,1.0,1,1.0,1,1.0,1,0.18638772636348366,82
3549,0,5687,2796,2891,0,0,0,1.0,1,1.0,1,1.0,1,0.17894386368208381,81
3550,2,5689,2797,2892,0,0,0,1.0,1,1.0,1,1.0,1,0.19058055611543362,79
3551,2,5691,2799,2892,0,0,0,1.0,1,1.0,1,1.0,1,0.19562301199720164,80
3552,2,5693,2800,2893,0,0,0,1.0,1,1.0,1,1.0,1,0.20107357563822426,78
3553,2,5695,2800,2895,0,0,0,1.0,1,1.0,1,1.0,1,0.18978937101689825,79
3554,1,5696,2800,2896,0,0,0,1.0,1,1.0,1,1.0,1,0.1810337235568578,77
3555,1,5697,2801,2896,0,0,0,1.0,1,1.0,1,1.0,1,0.1929245432690744,77
3556,4,5701,2801,2900,0,0,0,1.0,1,1.0,1,1.0,1,0.17892475129695015,76
3557,0,5701,2801,2900,0,0,0,1.0,1,1.0,1,1.0,1,0.17939309177187684,76
3558,4,5705,2802,2903,0,0,0,1.0,1,1.0,1,1.0,1,0.1686894661654841,76
3559,0,5705,2802,2903,0,0,0,1.0,1,1.0,1,1.0,1,0.1686894661654841,76
3560,1,5706,2803,2903,0,0,0,1.0,1,1.0,1,1.0,1,0.19321962624116626,78
3561,7,5713,2804,2909,0,0,0,1.0,1,1.0,1,1.0,1,0.1604260857455607,79
3562,1,5714,2804,2910,0,0,0,1.0,1,1.0,1,1.0,1,0.15622197806611357,79
3563,2,5716,2806,2910,0,0,0,1.0,1,1.0,1,1.0,1,0.15575421562910652,79
3564,3,5719,2808,2911,0,0,0,1.0,1,1.0,1,1.0,1,0.15191815917527637,80
3565,1,5720,2809,2911,0,0,0,1.0,1,1.0,1,1.0,1,0.16758627475572802,83
3566,3,5723,2810,2913,0,0,0,1.0,1,1.0,1,1.0,1,0.1819618756551207,84
3567,0,5723,2810,2913,0,0,0,1.0,1,1.0,1,1.0,1,0.1819618756551207,84
3568,2,5725,2811,2914,0,0,0,1.0,1,1.0,1,1.0,1,0.1779233001461272,84
3569,1,5726,2812,2914,0,0,0,1.0,1,1.0,1,1.0,1,0.18871669576576452,84
3570,7,5733,2813,2920,0,0,0,1.0,1,1.0,1,1.0,1,0.1580286537668847,87
3571,4,5737,2814,2923,0,0,0,1.0,1,1.0,1,1.0,1,0.1521034206843279,86
3572,2,5739,2815,2924,0,0,0,1.0,1,1.0,1,1.0,1,0.1460477752627703,87
3573,3,5742,2817,2925,0,0,0,1.0,1,1.0,1,1.0,1,0.15854654929902048,87
3574,2,5744,2819,2925,0,0,0,1.0,1,1.0,1,1.0,1,0.1766193236623373,88
3575,1,5745,2819,2926,0,0,0,1.0,1,1.0,1,1.0,1,0.1724368865040927,88
3576,1,5746,2820,2926,0,0,0,1.0,1,1.0,1,1.0,1,0.17090056985183977,90
3577,2,5748,2820,2928,0,0,0,1.0,1,1.0,1,1.0,1,0.15183862525491224,90
3578,0,5748,2820,2928,0,0,0,1.0,1,1.0,1,1.0,1,0.16070413661075697,91
3579,1,5749,2821,2928,0,0,0,1.0,1,1.0,1,1.0,1,0.16153792736535816,91
3580,1,5750,2821,2929,0,0,0,1.0,1,1.0,1,1.0,1,0.16949396301457967,91
3581,1,5751,2822,2929,0,0,0,1.0,1,1.0,1,1.0,1,0.17123798566361473,91
3582,3,5754,2824,2930,0,0,0,1.0,1,1.0,1,1.0,1,0.1894624372356447,92
3583,3,5757,2825,2932,0,0,0,1.0,1,1.0,1,1.0,1,0.17708381052277405,88
3584,4,5761,2827,2934,0,0,0,1.0,1,1.0,1,1.0,1,0.1743484975919843,87
3585,4,5765,2830,2935,0,0,0,1.0,1,1.0,1,1.0,1,0.19311347223528674,84
3586,5,5770,2833,2937,0,0,0,1.0,1,1.0,1,1.0,1,0.1659980642736031,83
3587,2,5772,2833,2939,0,0,0,1.0,1,1.0,1,1.0,1,0.1531885985085769,82
3588,3,5775,2835,2940,0,0,0,1.0,1,1.0,1,1.0,1,0.14950820561386452,81
3589,5,5780,2839,2941,0,0,0,1.0,1,1.0,1,1.0,1,0.19380139566355997,80
3590,5,5785,2841,2944,0,0,0,1.0,1,1.0,1,1.0,1,0.1794984355754098,78
3591,3,5788,2843,2945,0,0,0,1.0,1,1.0,1,1.0,1,0.16348569470864743,77
3592,4,5792,2844,2948,0,0,0,1.0,1,1.0,1,1.0,1,0.1675293490383603,75
3593,2,5794,2846,2948,0,0,0,1.0,1,1.0,1,1.0,1,0.1812463306609624,76
3594,1,5795,2847,2948,0,0,0,1.0,1,1.0,1,1.0,1,0.19111831531694276,74
3595,7,5802,2849,2953,0,0,0,1.0,1,1.0,1,1.0,1,0.187733503961228,74
3596,0,5802,2849,2953,0,0,0,1.0,1,1.0,1,1.0,1,0.18847676551830644,73
3597,3,5805,2851,2954,0,0,0,1.0,1,1.0,1,1.0,1,0.1826963258810664,73
3598,1,5806,2852,2954,0,0,0,1.0,1,1.0,1,1.0,1,0.18712799430891702,73
3599,1,5807,2853,2954,0,0,0,1.0,1,1.0,1,1.0,1,0.18337155199257635,73
3600,2,5809,2853,2956,0,0,0,1.0,1,1.0,1,1.0,1,0.16956520542234066,74
3601,3,5812,2854,2958,0,0,0,1.0,1,1.0,1,1.0,1,0.16220442344124056,75
3602,2,5814,2854,2960,0,0,0,1.0,1,1.0,1,1.0,1,0.11587164229489785,76
3603,2,5816,2856,2960,0,0,0,1.0,1,1.0,1,1.0,1,0.13356158606526058,77
3604,1,5817,2857,2960,0,0,0,1.0,1,1.0,1,1.0,1,0.1502855851269392,78
3605,0,5817,2857,2960,0,0,0,1.0,1,1.0,1,1.0,1,0.14319112816209406,77
3606,1,5818,2857,2961,0,0,0,1.0,1,1.0,1,1.0,1,0.1300350983874682,79
3607,1,5819,2857,2962,0,0,0,1.0,1,1.0,1,1.0,1,0.11813525700071678,79
3608,0,5819,2857,2962,0,0,0,1.0,1,1.0,1,1.0,1,0.11813525700071678,79
3609,0,5819,2857,2962,0,0,0,1.0,1,1.0,1,1.0,1,0.11813525700071678,79
3610,3,5822,2859,2963,0,0,0,1.0,1,1.0,1,1.0,1,0.13155597545387468,80
3611,1,5823,2860,2963,0,0,0,1.0,1,1.0,1,1.0,1,0.1285166801482964,80
3612,1,5824,2861,2963,0,0,0,1.0,1,1.0,1,1.0,1,0.14270615220601554,79
3613,1,5825,2862,2963,0,0,0,1.0,1,1.0,1,1.0,1,0.14732982607576237,79
3614,4,5829,2865,2964,0,0,0,1.0,1,1.0,1,1.0,1,0.16737832859390134,78
3615,0,5829,2865,2964,0,0,0,1.0,1,1.0,1,1.0,1,0.1541685640080905,79
3616,5,5834,2866,2968,0,0,0,1.0,1,1.0,1,1.0,1,0.1337756272084894,79
3617,2,5836,2868,2968,0,0,0,1.0,1,1.0,1,1.0,1,0.14736437371623431,80
3618,3,5839,2868,2971,0,0,0,1.0,1,1.0,1,1.0,1,0.12841465321384674,82
3619,2,5841,2868,2973,0,0,0,1.0,1,1.0,1,1.0,1,0.13069431110010268,82
3620,3,5844,2870,2974,0,0,0,1.0,1,1.0,1,1.0,1,0.1569338450778794,81
3621,2,5846,2870,2976,0,0,0,1.0,1,1.0,1,1.0,1,0.1478588444848885,83
3622,1,5847,2870,2977,0,0,0,1.0,1,1.0,1,1.0,1,0.14322881129659412,81
3623,4,5851,2874,2977,0,0,0,1.0,1,1.0,1,1.0,1,0.16982697401901634,81
3624,3,5854,2875,2979,0,0,0,1.0,1,1.0,1,1.0,1,0.1610453362867778,79
3625,3,5857,2877,2980,0,0,0,1.0,1,1.0,1,1.0,1,0.15991527427168495,80
3626,1,5858,2877,2981,0,0,0,1.0,1,1.0,1,1.0,1,0.15432300739623458,78
3627,2,5860,2877,2983,0,0,0,1.0,1,1.0,1,1.0,1,0.16191949994831292,78
3628,5,5865,2878,2987,0,0,0,1.0,1,1.0,1,1.0,1,0.12439992646610991,77
3629,2,5867,2878,2989,0,0,0,1.0,1,1.0,1,1.0,1,0.1028118682213323,76
3630,3,5870,2879,2991,0,0,0,1.0,1,1.0,1,1.0,1,0.0881852259916348,77
3631,2,5872,2881,2991,0,0,0,1.0,1,1.0,1,1.0,1,0.10952613358702092,75
3632,1,5873,2882,2991,0,0,0,1.0,1,1.0,1,1.0,1,0.10288463489836781,74
3633,1,5874,2883,2991,0,0,0,1.0,1,1.0,1,1.0,1,0.11704077310683579,75
3634,2,5876,2885,2991,0,0,0,1.0,1,1.0,1,1.0,1,0.15021963465841845,74
3635,2,5878,2886,2992,0,0,0,1.0,1,1.0,1,1.0,1,0.15062940537204464,74
3636,2,5880,2887,2993,0,0,0,1.0,1,1.0,1,1.0,1,0.1538030530123944,74
3637,1,5881,2887,2994,0,0,0,1.0,1,1.0,1,1.0,1,0.160974516583047,74
3638,0,5881,2887,2994,0,0,0,1.0,1,1.0,1,1.0,1,0.16747819313840986,75
3639,6,5887,2890,2997,0,0,0,1.0,1,1.0,1,1.0,1,0.16778543260632123,76
3640,2,5889,2890,2999,0,0,0,1.0,1,1.0,1,1.0,1,0.1466075423347999,76
3641,2,5891,2892,2999,0,0,0,1.0,1,1.0,1,1.0,1,0.18616015289906157,75
3642,2,5893,2894,2999,0,0,0,1.0,1,1.0,1,1.0,1,0.22340100667685792,75
3643,5,5898,2894,3004,0,0,0,1.0,1,1.0,1,1.0,1,0.18130381916959792,74
3644,1,5899,2895,3004,0,0,0,1.0,1,1.0,1,1.0,1,0.17694221718677633,74
3645,0,5899,2895,3004,0,0,0,1.0,1,1.0,1,1.0,1,0.17694221718677633,74
3646,2,5901,2895,3006,0,0,0,1.0,1,1.0,1,1.0,1,0.15332406905437854,75
3647,1,5902,2895,3007,0,0,0,1.0,1,1.0,1,1.0,1,0.15231987279167683,77
3648,1,5903,2895,3008,0,0,0,1.0,1,1.0,1,1.0,1,0.1638773369285818,78
3649,2,5905,2895,3010,0,0,0,1.0,1,1.0,1,1.0,1,0.14098079316352977,80
3650,1,5906,2896,3010,0,0,0,1.0,1,1.0,1,1.0,1,0.15573029456856685,81
3651,1,5907,2896,3011,0,0,0,1.0,1,1.0,1,1.0,1,0.13878741122498153,81
3652,2,5909,2897,3012,0,0,0,1.0,1,1.0,1,1.0,1,0.16098648259153517,83
3653,1,5910,2897,3013,0,0,0,1.0,1,1.0,1,1.0,1,0.15068826468416072,83
3654,0,5910,2897,3013,0,0,0,1.0,1,1.0,1,1.0,1,0.15068826468416072,83
3655,0,5910,2897,3013,0,0,0,1.0,1,1.0,1,1.0,1,0.14528332092115517,84
3656,0,5910,2897,3013,0,0,0,1.0,1,1.0,1,1.0,1,0.15168844151184602,85
3657,2,5912,2898,3014,0,0,0,1.0,1,1.0,1,1.0,1,0.15761888493726034,86
3658,0,5912,2898,3014,0,0,0,1.0,1,1.0,1,1.0,1,0.16483685909204795,87
3659,2,5914,2898,3016,0,0,0,1.0,1,1.0,1,1.0,1,0.16775767720229512,87
3660,0,5914,2898,3016,0,0,0,1.0,1,1.0,1,1.0,1,0.15925873712151034,86
3661,4,5918,2899,3019,0,0,0,1.0,1,1.0,1,1.0,1,0.15209074859212854,86
3662,0,5918,2899,3019,0,0,0,1.0,1,1.0,1,1.0,1,0.16009585642978358,83
3663,5,5923,2903,3020,0,0,0,1.0,1,1.0,1,1.0,1,0.20124856683103984,85
3664,3,5926,2904,3022,0,0,0,1.0,1,1.0,1,1.0,1,0.1656459165603713,82
3665,4,5930,2905,3025,0,0,0,1.0,1,1.0,1,1.0,1,0.14538095852228874,81
3666,2,5932,2907,3025,0,0,0,1.0,1,1.0,1,1.0,1,0.18246458917442124,79
3667,3,5935,2907,3028,0,0,0,1.0,1,1.0,1,1.0,1,0.16152022638355015,79
3668,2,5937,2908,3029,0,0,0,1.0,1,1.0,1,1.0,1,0.14462841995815304,77
3669,0,5937,2908,3029,0,0,0,1.0,1,1.0,1,1.0,1,0.16307362714193327,75
3670,3,5940,2910,3030,0,0,0,1.0,1,1.0,1,1.0,1,0.15339344873525282,76
3671,0,5940,2910,3030,0,0,0,1.0,1,1.0,1,1.0,1,0.1436660366141833,74
3672,2,5942,2911,3031,0,0,0,1.0,1,1.0,1,1.0,1,0.13360296211565634,75
3673,0,5942,2911,3031,0,0,0,1.0,1,1.0,1,1.0,1,0.13360296211565634,75
3674,5,5947,2914,3033,0,0,0,1.0,1,1.0,1,1.0,1,0.1268535483982104,75
3675,0,5947,2914,3033,0,0,0,1.0,1,1.0,1,1.0,1,0.1276863629927991,75
3676,1,5948,2915,3033,0,0,0,1.0,1,1.0,1,1.0,1,0.1458688754344002,75
3677,0,5948,2915,3033,0,0,0,1.0,1,1.0,1,1.0,1,0.15515335191773533,75
3678,0,5948,2915,3033,0,0,0,1.0,1,1.0,1,1.0,1,0.1669831045484009,77
3679,2,5950,2916,3034,0,0,0,1.0,1,1.0,1,1.0,1,0.17845946709234192,78
3680,1,5951,2916,3035,0,0,0,1.0,1,1.0,1,1.0,1,0.17524105701303683,80
3681,0,5951,2916,3035,0,0,0,1.0,1,1.0,1,1.0,1,0.18189624511232125,81
3682,2,5953,2916,3037,0,0,0,1.0,1,1.0,1,1.0,1,0.17223105330885094,81
3683,1,5954,2917,3037,0,0,0,1.0,1,1.0,1,1.0,1,0.19012623486005054,81
3684,0,5954,2917,3037,0,0,0,1.0,1,1.0,1,1.0,1,0.19012623486005054,81
3685,1,5955,2917,3038,0,0,0,1.0,1,1.0,1,1.0,1,0.18628127329933905,81
3686,1,5956,2917,3039,0,0,0,1.0,1,1.0,1,1.0,1,0.1811316509657703,81
3687,0,5956,2917,3039,0,0,0,1.0,1,1.0,1,1.0,1,0.1742231133132024,82
3688,1,5957,2917,3040,0,0,0,1.0,1,1.0,1,1.0,1,0.18249935313236398,84
3689,0,5957,2917,3040,0,0,0,1.0,1,1.0,1,1.0,1,0.18249935313236398,84
3690,1,5958,2918,3040,0,0,0,1.0,1,1.0,1,1.0,1,0.19543543557521348,85
3691,0,5958,2918,3040,0,0,0,1.0,1,1.0,1,1.0,1,0.19228707361311478,86
3692,0,5958,2918,3040,0,0,0,1.0,1,1.0,1,1.0,1,0.1914064853436845,86
3693,1,5959,2918,3041,0,0,0,1.0,1,1.0,1,1.0,1,0.18595111173514745,86
3694,0,5959,2918,3041,0,0,0,1.0,1,1.0,1,1.0,1,0.18595111173514745,86
3695,2,5961,2920,3041,0,0,0,1.0,1,1.0,1,1.0,1,0.22807702085147832,86
3696,3,5964,2920,3044,0,0,0,1.0,1,1.0,1,1.0,1,0.1873024713498179,87
3697,1,5965,2921,3044,0,0,0,1.0,1,1.0,1,1.0,1,0.17352218862853636,85
3698,1,5966,2922,3044,0,0,0,1.0,1,1.0,1,1.0,1,0.1736314027229557,85
3699,1,5967,2923,3044,0,0,0,1.0,1,1.0,1,1.0,1,0.1664402873932806,85
3700,3,5970,2925,3045,0,0,0,1.0,1,1.0,1,1.0,1,0.17552425753596496,84
3701,1,5971,2925,3046,0,0,0,1.0,1,1.0,1,1.0,1,0.16758119566376714,85
3702,2,5973,2927,3046,0,0,0,1.0,1,1.0,1,1.0,1,0.17969937171001765,85
3703,2,5975,2927,3048,0,0,0,1.0,1,1.0,1,1.0,1,0.16325946215443723,85
3704,3,5978,2929,3049,0,0,0,1.0,1,1.0,1,1.0,1,0.19012277591754567,85
3705,0,5978,2929,3049,0,0,0,1.0,1,1.0,1,1.0,1,0.18072972476010865,86
3706,1,5979,2930,3049,0,0,0,1.0,1,1.0,1,1.0,1,0.18937130932555285,86
3707,1,5980,2931,3049,0,0,0,1.0,1,1.0,1,1.0,1,0.198336300354688,85
3708,2,5982,2931,3051,0,0,0,1.0,1,1.0,1,1.0,1,0.17213010339827262,84
3709,0,5982,2931,3051,0,0,0,1.0,1,1.0,1,1.0,1,0.17622647788045825,85
3710,0,5982,2931,3051,0,0,0,1.0,1,1.0,1,1.0,1,0.17029187917989091,84
3711,1,5983,2931,3052,0,0,0,1.0,1,1.0,1,1.0,1,0.16226122724985115,85
3712,0,5983,2931,3052,0,0,0,1.0,1,1.0,1,1.0,1,0.16226122724985115,85
3713,0,5983,2931,3052,0,0,0,1.0,1,1.0,1,1.0,1,0.16226122724985115,85
3714,2,5985,2932,3053,0,0,0,1.0,1,1.0,1,1.0,1,0.18206249764869528,85
3715,2,5987,2933,3054,0,0,0,1.0,1,1.0,1,1.0,1,0.1749309735253799,85
3716,1,5988,2934,3054,0,0,0,1.0,1,1.0,1,1.0,1,0.17483093728036958,84
3717,2,5990,2934,3056,0,0,0,1.0,1,1.0,1,1.0,1,0.17138281088752083,86
3718,2,5992,2934,3058,0,0,0,1.0,1,1.0,1,1.0,1,0.17088410148406458,85
3719,2,5994,2936,3058,0,0,0,1.0,1,1.0,1,1.0,1,0.1842216411027779,84
3720,2,5996,2936,3060,0,0,0,1.0,1,1.0,1,1.0,1,0.19343129876588344,84
3721,5,6001,2940,3061,0,0,0,1.0,1,1.0,1,1.0,1,0.2090568432643737,85
3722,1,6002,2940,3062,0,0,0,1.0,1,1.0,1,1.0,1,0.20518674055149494,85
3723,2,6004,2941,3063,0,0,0,1.0,1,1.0,1,1.0,1,0.20856516855929316,85
3724,3,6007,2941,3066,0,0,0,1.0,1,1.0,1,1.0,1,0.1843249539951595,86
3725,1,6008,2942,3066,0,0,0,1.0,1,1.0,1,1.0,1,0.1802110498778644,86
3726,0,6008,2942,3066,0,0,0,1.0,1,1.0,1,1.0,1,0.1802110498778644,86
3727,0,6008,2942,3066,0,0,0,1.0,1,1.0,1,1.0,1,0.1802110498778644,86
3728,0,6008,2942,3066,0,0,0,1.0,1,1.0,1,1.0,1,0.1802110498778644,86
3729,2,6010,2943,3067,0,0,0,1.0,1,1.0,1,1.0,1,0.1774591207288361,86
3730,1,6011,2943,3068,0,0,0,1.0,1,1.0,1,1.0,1,0.18099009704171773,85
3731,2,6013,2943,3070,0,0,0,1.0,1,1.0,1,1.0,1,0.17719784695046903,86
3732,1,6014,2944,3070,0,0,0,1.0,1,1.0,1,1.0,1,0.1892475552627706,87
3733,3,6017,2945,3072,0,0,0,1.0,1,1.0,1,1.0,1,0.17954043929673744,87
3734,0,6017,2945,3072,0,0,0,1.0,1,1.0,1,1.0,1,0.17954043929673744,87
3735,3,6020,2946,3074,0,0,0,1.0,1,1.0,1,1.0,1,0.18625787162968743,86
3736,1,6021,2946,3075,0,0,0,1.0,1,1.0,1,1.0,1,0.17698526707037426,87
3737,1,6022,2947,3075,0,0,0,1.0,1,1.0,1,1.0,1,0.1943757886221889,87
3738,4,6026,2948,3078,0,0,0,1.0,1,1.0,1,1.0,1,0.1808680706413276,87
3739,3,6029,2948,3081,0,0,0,1.0,1,1.0,1,1.0,1,0.15393247750674618,88
3740,1,6030,2949,3081,0,0,0,1.0,1,1.0,1,1.0,1,0.1861840933207299,87
3741,1,6031,2949,3082,0,0,0,1.0,1,1.0,1,1.0,1,0.18534263964032838,87
3742,4,6035,2950,3085,0,0,0,1.0,1,1.0,1,1.0,1,0.17228360280636945,86
3743,0,6035,2950,3085,0,0,0,1.0,1,1.0,1,1.0,1,0.18713405011260292,84
3744,1,6036,2951,3085,0,0,0,1.0,1,1.0,1,1.0,1,0.21150642252670496,83
3745,7,6043,2953,3090,0,0,0,1.0,1,1.0,1,1.0,1,0.1871127349952387,83
3746,3,6046,2953,3093,0,0,0,1.0,1,1.0,1,1.0,1,0.19338563225972746,83
3747,3,6049,2954,3095,0,0,0,1.0,1,1.0,1,1.0,1,0.18060974248179776,81
3748,4,6053,2954,3099,0,0,0,1.0,1,1.0,1,1.0,1,0.1665887648698409,81
3749,1,6054,2954,3100,0,0,0,1.0,1,1.0,1,1.0,1,0.1580016639573389,80
3750,0,6054,2954,3100,0,0,0,1.0,1,1.0,1,1.0,1,0.15818984563976726,79
3751,3,6057,2956,3101,0,0,0,1.0,1,1.0,1,1.0,1,0.1784509927236451,80
3752,1,6058,2957,3101,0,0,0,1.0,1,1.0,1,1.0,1,0.19197480732147548,80
3753,4,6062,2961,3101,0,0,0,1.0,1,1.0,1,1.0,1,0.2286528555484368,81
3754,3,6065,2961,3104,0,0,0,1.0,1,1.0,1,1.0,1,0.21986050367368498,81
3755,3,6068,2961,3107,0,0,0,1.0,1,1.0,1,1.0,1,0.2026989476368613,80
3756,1,6069,2962,3107,0,0,0,1.0,1,1.0,1,1.0,1,0.21331552428508177,79
3757,1,6070,2962,3108,0,0,0,1.0,1,1.0,1,1.0,1,0.21520559167591846,80
3758,1,6071,2963,3108,0,0,0,1.0,1,1.0,1,1.0,1,0.2337421761864425,79
3759,2,6073,2964,3109,0,0,0,1.0,1,1.0,1,1.0,1,0.23910513410207737,79
3760,2,6075,2964,3111,0,0,0,1.0,1,1.0,1,1.0,1,0.2305677407369396,79
3761,0,6075,2964,3111,0,0,0,1.0,1,1.0,1,1.0,1,0.2451183479033173,78
3762,1,6076,2964,3112,0,0,0,1.0,1,1.0,1,1.0,1,0.23408102157040905,80
3763,2,6078,2964,3114,0,0,0,1.0,1,1.0,1,1.0,1,0.21518618870201806,80
3764,2,6080,2966,3114,0,0,0,1.0,1,1.0,1,1.0,1,0.2521909889441067,80
3765,2,6082,2967,3115,0,0,0,1.0,1,1.0,1,1.0,1,0.25231103126091636,81
3766,6,6088,2969,3119,0,0,0,1.0,1,1.0,1,1.0,1,0.22913693243795621,83
3767,0,6088,2969,3119,0,0,0,1.0,1,1.0,1,1.0,1,0.22913693243795621,83
3768,2,6090,2970,3120,0,0,0,1.0,1,1.0,1,1.0,1,0.22821199316273064,84
3769,1,6091,2970,3121,0,0,0,1.0,1,1.0,1,1.0,1,0.20159317775486107,86
3770,2,6093,2970,3123,0,0,0,1.0,1,1.0,1,1.0,1,0.19805540902011323,87
3771,1,6094,2971,3123,0,0,0,1.0,1,1.0,1,1.0,1,0.19975355472121284,87
3772,2,6096,2971,3125,0,0,0,1.0,1,1.0,1,1.0,1,0.19872057742773236,88
3773,1,6097,2971,3126,0,0,0,1.0,1,1.0,1,1.0,1,0.2116123454881145,85
3774,1,6098,2971,3127,0,0,0,1.0,1,1.0,1,1.0,1,0.20760850992659163,85
3775,4,6102,2972,3130,0,0,0,1.0,1,1.0,1,1.0,1,0.20677395680801297,83
3776,1,6103,2973,3130,0,0,0,1.0,1,1.0,1,1.0,1,0.2298793984789416,82
3777,2,6105,2974,3131,0,0,0,1.0,1,1.0,1,1.0,1,0.21596123802823763,81
3778,1,6106,2974,3132,0,0,0,1.0,1,1.0,1,1.0,1,0.2092406070010879,81
3779,2,6108,2976,3132,0,0,0,1.0,1,1.0,1,1.0,1,0.24076863854543976,80
3780,4,6112,2977,3135,0,0,0,1.0,1,1.0,1,1.0,1,0.21056311786343096,80
3781,0,6112,2977,3135,0,0,0,1.0,1,1.0,1,1.0,1,0.21056311786343096,80
3782,1,6113,2977,3136,0,0,0,1.0,1,1.0,1,1.0,1,0.20635904895936397,80
3783,3,6116,2978,3138,0,0,0,1.0,1,1.0,1,1.0,1,0.19418620361642142,80
3784,0,6116,2978,3138,0,0,0,1.0,1,1.0,1,1.0,1,0.20137937304186182,79
3785,2,6118,2979,3139,0,0,0,1.0,1,1.0,1,1.0,1,0.22364787797916785,77
3786,2,6120,2980,3140,0,0,0,1.0,1,1.0,1,1.0,1,0.19516610438748896,78
3787,3,6123,2981,3142,0,0,0,1.0,1,1.0,1,1.0,1,0.17587354626329033,77
3788,1,6124,2982,3142,0,0,0,1.0,1,1.0,1,1.0,1,0.18235698218110274,78
3789,3,6127,2983,3144,0,0,0,1.0,1,1.0,1,1.0,1,0.18326762180774228,77
3790,5,6132,2984,3148,0,0,0,1.0,1,1.0,1,1.0,1,0.1744647002867131,77
3791,1,6133,2985,3148,0,0,0,1.0,1,1.0,1,1.0,1,0.182550523399927,77
3792,1,6134,2985,3149,0,0,0,1.0,1,1.0,1,1.0,1,0.16530609389900908,78
3793,2,6136,2986,3150,0,0,0,1.0,1,1.0,1,1.0,1,0.17642523269276533,80
3794,1,6137,2986,3151,0,0,0,1.0,1,1.0,1,1.0,1,0.1702535718851644,82
3795,1,6138,2986,3152,0,0,0,1.0,1,1.0,1,1.0,1,0.1773951714047949,83
3796,2,6140,2986,3154,0,0,0,1.0,1,1.0,1,1.0,1,0.15274451969772557,83
3797,0,6140,2986,3154,0,0,0,1.0,1,1.0,1,1.0,1,0.16033887898582583,82
3798,2,6142,2987,3155,0,0,0,1.0,1,1.0,1,1.0,1,0.15879399705770122,82
3799,1,6143,2987,3156,0,0,0,1.0,1,1.0,1,1.0,1,0.16000518266055966,83
3800,1,6144,2988,3156,0,0,0,1.0,1,1.0,1,1.0,1,0.18234665236941522,83
3801,2,6146,2989,3157,0,0,0,1.0,1,1.0,1,1.0,1,0.17396864446844904,83
3802,0,6146,2989,3157,0,0,0,1.0,1,1.0,1,1.0,1,0.1889697755772242,82
3803,0,6146,2989,3157,0,0,0,1.0,1,1.0,1,1.0,1,0.19074117605523738,84
3804,1,6147,2989,3158,0,0,0,1.0,1,1.0,1,1.0,1,0.18333840752949354,84
3805,5,6152,2990,3162,0,0,0,1.0,1,1.0,1,1.0,1,0.1927452682838478,86
3806,0,6152,2990,3162,0,0,0,1.0,1,1.0,1,1.0,1,0.1927452682838478,86
3807,1,6153,2991,3162,0,0,0,1.0,1,1.0,1,1.0,1,0.20381949714140493,86
3808,3,6156,2992,3164,0,0,0,1.0,1,1.0,1,1.0,1,0.18315584598234694,85
3809,2,6158,2993,3165,0,0,0,1.0,1,1.0,1,1.0,1,0.19159813133399536,85
3810,0,6158,2993,3165,0,0,0,1.0,1,1.0,1,1.0,1,0.19159813133399536,85
3811,3,6161,2994,3167,0,0,0,1.0,1,1.0,1,1.0,1,0.18239891113651033,84
3812,0,6161,2994,3167,0,0,0,1.0,1,1.0,1,1.0,1,0.17757699523125917,83
3813,0,6161,2994,3167,0,0,0,1.0,1,1.0,1,1.0,1,0.1724975948976055,82
3814,3,6164,2996,3168,0,0,0,1.0,1,1.0,1,1.0,1,0.19171251470425665,81
3815,0,6164,2996,3168,0,0,0,1.0,1,1.0,1,1.0,1,0.1894763903276735,82
3816,2,6166,2997,3169,0,0,0,1.0,1,1.0,1,1.0,1,0.18554951889244467,81
3817,1,6167,2997,3170,0,0,0,1.0,1,1.0,1,1.0,1,0.17823090192372054,81
3818,5,6172,2999,3173,0,0,0,1.0,1,1.0,1,1.0,1,0.18157838136590007,81
3819,3,6175,3000,3175,0,0,0,1.0,1,1.0,1,1.0,1,0.1878881016009755,82
3820,4,6179,3000,3179,0,0,0,1.0,1,1.0,1,1.0,1,0.16449307938147578,84
3821,1,6180,3001,3179,0,0,0,1.0,1,1.0,1,1.0,1,0.1919758785691617,84
3822,1,6181,3001,3180,0,0,0,1.0,1,1.0,1,1.0,1,0.17889594925920954,82
3823,5,6186,3004,3182,0,0,0,1.0,1,1.0,1,1.0,1,0.17235323422396484,81
3824,0,6186,3004,3182,0,0,0,1.0,1,1.0,1,1.0,1,0.18377093072256206,78
3825,1,6187,3004,3183,0,0,0,1.0,1,1.0,1,1.0,1,0.18503208767933135,76
3826,4,6191,3006,3185,0,0,0,1.0,1,1.0,1,1.0,1,0.19788864353904403,76
3827,1,6192,3006,3186,0,0,0,1.0,1,1.0,1,1.0,1,0.19747128614128856,75
3828,1,6193,3006,3187,0,0,0,1.0,1,1.0,1,1.0,1,0.20590982287216583,74
3829,5,6198,3007,3191,0,0,0,1.0,1,1.0,1,1.0,1,0.1802343488897275,74
3830,0,6198,3007,3191,0,0,0,1.0,1,1.0,1,1.0,1,0.1802343488897275,74
3831,3,6201,3010,3191,0,0,0,1.0,1,1.0,1,1.0,1,0.20401022265226293,74
3832,1,6202,3010,3192,0,0,0,1.0,1,1.0,1,1.0,1,0.20245422412889555,73
3833,3,6205,3013,3192,0,0,0,1.0,1,1.0,1,1.0,1,0.21219202181863153,73
3834,0,6205,3013,3192,0,0,0,1.0,1,1.0,1,1.0,1,0.20853788349516753,74
3835,1,6206,3014,3192,0,0,0,1.0,1,1.0,1,1.0,1,0.23082999334404025,75
3836,1,6207,3014,3193,0,0,0,1.0,1,1.0,1,1.0,1,0.21832741761100918,75
3837,4,6211,3015,3196,0,0,0,1.0,1,1.0,1,1.0,1,0.23769350297316638,78
3838,5,6216,3017,3199,0,0,0,1.0,1,1.0,1,1.0,1,0.2194514054260418,78
3839,4,6220,3017,3203,0,0,0,1.0,1,1.0,1,1.0,1,0.18017023050960088,79
3840,2,6222,3018,3204,0,0,0,1.0,1,1.0,1,1.0,1,0.1941682675767267,82
3841,0,6222,3018,3204,0,0,0,1.0,1,1.0,1,1.0,1,0.1941682675767267,82
3842,0,6222,3018,3204,0,0,0,1.0,1,1.0,1,1.0,1,0.19207584595935712,82
3843,0,6222,3018,3204,0,0,0,1.0,1,1.0,1,1.0,1,0.19207584595935712,82
3844,1,6223,3018,3205,0,0,0,1.0,1,1.0,1,1.0,1,0.18307733154659386,83
3845,1,6224,3018,3206,0,0,0,1.0,1,1.0,1,1.0,1,0.18695865780593454,84
3846,2,6226,3018,3208,0,0,0,1.0,1,1.0,1,1.0,1,0.17680191609403553,85
3847,2,6228,3018,3210,0,0,0,1.0,1,1.0,1,1.0,1,0.17965103600265953,84
3848,3,6231,3021,3210,0,0,0,1.0,1,1.0,1,1.0,1,0.20790587277444852,84
3849,1,6232,3021,3211,0,0,0,1.0,1,1.0,1,1.0,1,0.18695501298005726,83
3850,0,6232,3021,3211,0,0,0,1.0,1,1.0,1,1.0,1,0.2059028706932375,80
3851,1,6233,3021,3212,0,0,0,1.0,1,1.0,1,1.0,1,0.19630327576773116,80
3852,0,6233,3021,3212,0,0,0,1.0,1,1.0,1,1.0,1,0.21420581149462858,79
3853,3,6236,3022,3214,0,0,0,1.0,1,1.0,1,1.0,1,0.20854866130232988,79
3854,2,6238,3024,3214,0,0,0,1.0,1,1.0,1,1.0,1,0.2538554380329942,78
3855,2,6240,3025,3215,0,0,0,1.0,1,1.0,1,1.0,1,0.2603769603680715,78
3856,3,6243,3026,3217,0,0,0,1.0,1,1.0,1,1.0,1,0.25999001114157516,80
3857,3,6246,3027,3219,0,0,0,1.0,1,1.0,1,1.0,1,0.2404942680590344,81
3858,5,6251,3029,3222,0,0,0,1.0,1,1.0,1,1.0,1,0.23075365093282815,81
3859,3,6254,3029,3225,0,0,0,1.0,1,1.0,1,1.0,1,0.22940367824641983,83
3860,2,6256,3030,3226,0,0,0,1.0,1,1.0,1,1.0,1,0.24534233277868758,82
3861,1,6257,3031,3226,0,0,0,1.0,1,1.0,1,1.0,1,0.27708205766355903,84
3862,5,6262,3032,3230,0,0,0,1.0,1,1.0,1,1.0,1,0.2456017695575332,85
3863,1,6263,3032,3231,0,0,0,1.0,1,1.0,1,1.0,1,0.23652584212668318,84
3864,1,6264,3033,3231,0,0,0,1.0,1,1.0,1,1.0,1,0.2312894279876775,83
3865,2,6266,3034,3232,0,0,0,1.0,1,1.0,1,1.0,1,0.21947356294807574,82
3866,0,6266,3034,3232,0,0,0,1.0,1,1.0,1,1.0,1,0.2174116868139449,81
3867,3,6269,3037,3232,0,0,0,1.0,1,1.0,1,1.0,1,0.21937895669519725,81
3868,2,6271,3038,3233,0,0,0,1.0,1,1.0,1,1.0,1,0.21574353255773907,81
3869,4,6275,3041,3234,0,0,0,1.0,1,1.0,1,1.0,1,0.2220384924842481,81
3870,1,6276,3042,3234,0,0,0,1.0,1,1.0,1,1.0,1,0.19378683180849482,80
3871,0,6276,3042,3234,0,0,0,1.0,1,1.0,1,1.0,1,0.19683354396160122,82
3872,0,6276,3042,3234,0,0,0,1.0,1,1.0,1,1.0,1,0.18764200361329328,81
3873,0,6276,3042,3234,0,0,0,1.0,1,1.0,1,1.0,1,0.18764200361329328,81
3874,3,6279,3043,3236,0,0,0,1.0,1,1.0,1,1.0,1,0.1762122612426661,78
3875,0,6279,3043,3236,0,0,0,1.0,1,1.0,1,1.0,1,0.1756582446647315,77
3876,3,6282,3045,3237,0,0,0,1.0,1,1.0,1,1.0,1,0.1667233902336404,78
3877,1,6283,3045,3238,0,0,0,1.0,1,1.0,1,1.0,1,0.1685994698410724,75
3878,2,6285,3047,3238,0,0,0,1.0,1,1.0,1,1.0,1,0.17131620728798763,75
3879,0,6285,3047,3238,0,0,0,1.0,1,1.0,1,1.0,1,0.1863971549061495,73
3880,3,6288,3047,3241,0,0,0,1.0,1,1.0,1,1.0,1,0.1573945697851765,74
3881,3,6291,3048,3243,0,0,0,1.0,1,1.0,1,1.0,1,0.1651809151068582,75
3882,1,6292,3048,3244,0,0,0,1.0,1,1.0,1,1.0,1,0.16312854590844866,76
3883,4,6296,3048,3248,0,0,0,1.0,1,1.0,1,1.0,1,0.13739216924879935,77
3884,1,6297,3049,3248,0,0,0,1.0,1,1.0,1,1.0,1,0.15030451758007898,78
3885,1,6298,3049,3249,0,0,0,1.0,1,1.0,1,1.0,1,0.1373951268781759,78
3886,2,6300,3050,3250,0,0,0,1.0,1,1.0,1,1.0,1,0.15718761909834433,79
3887,2,6302,3051,3251,0,0,0,1.0,1,1.0,1,1.0,1,0.15050339785661604,78
3888,5,6307,3052,3255,0,0,0,1.0,1,1.0,1,1.0,1,0.14213055582384765,80
3889,2,6309,3052,3257,0,0,0,1.0,1,1.0,1,1.0,1,0.14172964272117167,82
3890,2,6311,3054,3257,0,0,0,1.0,1,1.0,1,1.0,1,0.13799846639014346,82
3891,5,6316,3056,3260,0,0,0,1.0,1,1.0,1,1.0,1,0.1488187778695373,85
3892,5,6321,3058,3263,0,0,0,1.0,1,1.0,1,1.0,1,0.163534808423344,87
3893,0,6321,3058,3263,0,0,0,1.0,1,1.0,1,1.0,1,0.15941663201530823,86
3894,0,6321,3058,3263,0,0,0,1.0,1,1.0,1,1.0,1,0.16336029168860566,87
3895,6,6327,3059,3268,0,0,0,1.0,1,1.0,1,1.0,1,0.14555598984847132,87
3896,0,6327,3059,3268,0,0,0,1.0,1,1.0,1,1.0,1,0.1554101844283694,85
3897,1,6328,3060,3268,0,0,0,1.0,1,1.0,1,1.0,1,0.16388756441444857,85
3898,1,6329,3061,3268,0,0,0,1.0,1,1.0,1,1.0,1,0.1833641530738954,86
3899,3,6332,3063,3269,0,0,0,1.0,1,1.0,1,1.0,1,0.18877046857313698,86
3900,0,6332,3063,3269,0,0,0,1.0,1,1.0,1,1.0,1,0.18877046857313698,86
3901,3,6335,3064,3271,0,0,0,1.0,1,1.0,1,1.0,1,0.17652912216423006,86
3902,1,6336,3065,3271,0,0,0,1.0,1,1.0,1,1.0,1,0.1816858183814206,87
3903,3,6339,3067,3272,0,0,0,1.0,1,1.0,1,1.0,1,0.19176637734774926,87
3904,2,6341,3068,3273,0,0,0,1.0,1,1.0,1,1.0,1,0.18670839207158438,85
3905,1,6342,3069,3273,0,0,0,1.0,1,1.0,1,1.0,1,0.17591406418650896,84
3906,2,6344,3070,3274,0,0,0,1.0,1,1.0,1,1.0,1,0.17609646053624856,86
3907,3,6347,3071,3276,0,0,0,1.0,1,1.0,1,1.0,1,0.1630312954614809,84
3908,0,6347,3071,3276,0,0,0,1.0,1,1.0,1,1.0,1,0.1581991284468434,83
3909,1,6348,3072,3276,0,0,0,1.0,1,1.0,1,1.0,1,0.16803932078341302,81
3910,8,6356,3076,3280,0,0,0,1.0,1,1.0,1,1.0,1,0.1716712937434245,82
3911,3,6359,3076,3283,0,0,0,1.0,1,1.0,1,1.0,1,0.14472418634194067,81
3912,3,6362,3076,3286,0,0,0,1.0,1,1.0,1,1.0,1,0.13065131543629904,80
3913,5,6367,3078,3289,0,0,0,1.0,1,1.0,1,1.0,1,0.11653082597599415,80
3914,2,6369,3080,3289,0,0,0,1.0,1,1.0,1,1.0,1,0.1288533818839501,81
3915,2,6371,3082,3289,0,0,0,1.0,1,1.0,1,1.0,1,0.1461236293799338,81
3916,3,6374,3083,3291,0,0,0,1.0,1,1.0,1,1.0,1,0.1526796438742038,81
3917,4,6378,3085,3293,0,0,0,1.0,1,1.0,1,1.0,1,0.15576044283858656,82
3918,5,6383,3086,3297,0,0,0,1.0,1,1.0,1,1.0,1,0.1805476473034266,85
3919,5,6388,3087,3301,0,0,0,1.0,1,1.0,1,1.0,1,0.17085229934267554,85
3920,2,6390,3088,3302,0,0,0,1.0,1,1.0,1,1.0,1,0.16833138666151867,85
3921,0,6390,3088,3302,0,0,0,1.0,1,1.0,1,1.0,1,0.1769816486346793,88
3922,0,6390,3088,3302,0,0,0,1.0,1,1.0,1,1.0,1,0.1769816486346793,88
3923,1,6391,3088,3303,0,0,0,1.0,1,1.0,1,1.0,1,0.16571197824411302,89
3924,1,6392,3088,3304,0,0,0,1.0,1,1.0,1,1.0,1,0.16065409625407537,90
3925,1,6393,3089,3304,0,0,0,1.0,1,1.0,1,1.0,1,0.15498164500035772,88
3926,5,6398,3090,3308,0,0,0,1.0,1,1.0,1,1.0,1,0.13795852865624336,89
3927,3,6401,3091,3310,0,0,0,1.0,1,1.0,1,1.0,1,0.13574224885889793,89
3928,2,6403,3091,3312,0,0,0,1.0,1,1.0,1,1.0,1,0.12409174517897673,88
3929,0,6403,3091,3312,0,0,0,1.0,1,1.0,1,1.0,1,0.12409174517897673,88
3930,0,6403,3091,3312,0,0,0,1.0,1,1.0,1,1.0,1,0.13507879626274302,87
3931,2,6405,3092,3313,0,0,0,1.0,1,1.0,1,1.0,1,0.13772923466356893,86
3932,1,6406,3093,3313,0,0,0,1.0,1,1.0,1,1.0,1,0.15704041790693832,85
3933,1,6407,3094,3313,0,0,0,1.0,1,1.0,1,1.0,1,0.1844902515315706,84
3934,3,6410,3094,3316,0,0,0,1.0,1,1.0,1,1.0,1,0.16903456102879408,85
3935,1,6411,3095,3316,0,0,0,1.0,1,1.0,1,1.0,1,0.20385981087481045,84
3936,2,6413,3095,3318,0,0,0,1.0,1,1.0,1,1.0,1,0.18823994759088603,84
3937,2,6415,3095,3320,0,0,0,1.0,1,1.0,1,1.0,1,0.1659147330704964,82
3938,1,6416,3095,3321,0,0,0,1.0,1,1.0,1,1.0,1,0.1628755473607494,82
3939,0,6416,3095,3321,0,0,0,1.0,1,1.0,1,1.0,1,0.15785233782217492,84
3940,3,6419,3096,3323,0,0,0,1.0,1,1.0,1,1.0,1,0.1440181508560311,84
3941,0,6419,3096,3323,0,0,0,1.0,1,1.0,1,1.0,1,0.13869135844967673,85
3942,5,6424,3099,3325,0,0,0,1.0,1,1.0,1,1.0,1,0.16025948173458104,85
3943,3,6427,3099,3328,0,0,0,1.0,1,1.0,1,1.0,1,0.1361628276526314,84
3944,2,6429,3100,3329,0,0,0,1.0,1,1.0,1,1.0,1,0.14403983742987483,83
3945,1,6430,3101,3329,0,0,0,1.0,1,1.0,1,1.0,1,0.1421836269832519,83
3946,3,6433,3102,3331,0,0,0,1.0,1,1.0,1,1.0,1,0.14532659740709808,83
3947,1,6434,3102,3332,0,0,0,1.0,1,1.0,1,1.0,1,0.1382290580802141,83
3948,1,6435,3103,3332,0,0,0,1.0,1,1.0,1,1.0,1,0.1595749671927998,84
3949,2,6437,3103,3334,0,0,0,1.0,1,1.0,1,1.0,1,0.16493560655193432,84
3950,4,6441,3104,3337,0,0,0,1.0,1,1.0,1,1.0,1,0.1555601321349327,86
3951,0,6441,3104,3337,0,0,0,1.0,1,1.0,1,1.0,1,0.16132339700163145,87
3952,3,6444,3105,3339,0,0,0,1.0,1,1.0,1,1.0,1,0.14735724071606393,86
3953,1,6445,3106,3339,0,0,0,1.0,1,1.0,1,1.0,1,0.16722337892990038,86
3954,2,6447,3106,3341,0,0,0,1.0,1,1.0,1,1.0,1,0.14503269610467093,85
3955,1,6448,3106,3342,0,0,0,1.0,1,1.0,1,1.0,1,0.150062178925852,85
3956,0,6448,3106,3342,0,0,0,1.0,1,1.0,1,1.0,1,0.15897034121287798,84
3957,4,6452,3107,3345,0,0,0,1.0,1,1.0,1,1.0,1,0.14215574217221655,85
3958,2,6454,3108,3346,0,0,0,1.0,1,1.0,1,1.0,1,0.14094462525118825,84
3959,0,6454,3108,3346,0,0,0,1.0,1,1.0,1,1.0,1,0.14842732751295937,83
3960,0,6454,3108,3346,0,0,0,1.0,1,1.0,1,1.0,1,0.15455285723165288,84
3961,1,6455,3108,3347,0,0,0,1.0,1,1.0,1,1.0,1,0.1540088761052375,83
3962,1,6456,3109,3347,0,0,0,1.0,1,1.0,1,1.0,1,0.1574577227209265,84
3963,0,6456,3109,3347,0,0,0,1.0,1,1.0,1,1.0,1,0.14787209318415911,81
3964,2,6458,3111,3347,0,0,0,1.0,1,1.0,1,1.0,1,0.18289233293409207,81
3965,1,6459,3111,3348,0,0,0,1.0,1,1.0,1,1.0,1,0.17040976596130572,81
3966,3,6462,3114,3348,0,0,0,1.0,1,1.0,1,1.0,1,0.21305849197101745,79
3967,3,6465,3115,3350,0,0,0,1.0,1,1.0,1,1.0,1,0.21198132756701837,81
3968,3,6468,3117,3351,0,0,0,1.0,1,1.0,1,1.0,1,0.21080413797475595,79
3969,4,6472,3120,3352,0,0,0,1.0,1,1.0,1,1.0,1,0.2148521619075345,79
3970,3,6475,3121,3354,0,0,0,1.0,1,1.0,1,1.0,1,0.20256864016023865,78
3971,1,6476,3121,3355,0,0,0,1.0,1,1.0,1,1.0,1,0.19345205815395047,77
3972,1,6477,3122,3355,0,0,0,1.0,1,1.0,1,1.0,1,0.1935160272362722,78
3973,0,6477,3122,3355,0,0,0,1.0,1,1.0,1,1.0,1,0.1873101996983621,77
3974,0,6477,3122,3355,0,0,0,1.0,1,1.0,1,1.0,1,0.1873101996983621,77
3975,2,6479,3123,3356,0,0,0,1.0,1,1.0,1,1.0,1,0.21162283015433206,76
3976,0,6479,3123,3356,0,0,0,1.0,1,1.0,1,1.0,1,0.22385654861819768,77
3977,0,6479,3123,3356,0,0,0,1.0,1,1.0,1,1.0,1,0.22851787361129458,78
3978,3,6482,3124,3358,0,0,0,1.0,1,1.0,1,1.0,1,0.24503196327966942,79
3979,2,6484,3124,3360,0,0,0,1.0,1,1.0,1,1.0,1,0.22768179041641629,79
3980,0,6484,3124,3360,0,0,0,1.0,1,1.0,1,1.0,1,0.22768179041641629,79
3981,7,6491,3126,3365,0,0,0,1.0,1,1.0,1,1.0,1,0.23446635003906197,83
3982,3,6494,3127,3367,0,0,0,1.0,1,1.0,1,1.0,1,0.2178378901920272,83
3983,1,6495,3128,3367,0,0,0,1.0,1,1.0,1,1.0,1,0.21971600732926333,82
3984,7,6502,3130,3372,0,0,0,1.0,1,1.0,1,1.0,1,0.20876787789293919,83
3985,3,6505,3132,3373,0,0,0,1.0,1,1.0,1,1.0,1,0.21798054744494302,84
3986,3,6508,3134,3374,0,0,0,1.0,1,1.0,1,1.0,1,0.2363382697849796,83
3987,2,6510,3136,3374,0,0,0,1.0,1,1.0,1,1.0,1,0.24121427002153578,82
3988,4,6514,3136,3378,0,0,0,1.0,1,1.0,1,1.0,1,0.21293955409624007,83
3989,1,6515,3136,3379,0,0,0,1.0,1,1.0,1,1.0,1,0.22109053192312264,81
3990,4,6519,3137,3382,0,0,0,1.0,1,1.0,1,1.0,1,0.1984647634010012,81
3991,4,6523,3138,3385,0,0,0,1.0,1,1.0,1,1.0,1,0.21298383915034544,79
3992,3,6526,3139,3387,0,0,0,1.0,1,1.0,1,1.0,1,0.19148785642838353,81
3993,1,6527,3139,3388,0,0,0,1.0,1,1.0,1,1.0,1,0.18603013450912356,80
3994,2,6529,3139,3390,0,0,0,1.0,1,1.0,1,1.0,1,0.17041337621595373,80
3995,3,6532,3142,3390,0,0,0,1.0,1,1.0,1,1.0,1,0.16155440280886765,81
3996,1,6533,3142,3391,0,0,0,1.0,1,1.0,1,1.0,1,0.17767363895434962,80
3997,2,6535,3142,3393,0,0,0,1.0,1,1.0,1,1.0,1,0.1614371289432921,81
3998,0,6535,3142,3393,0,0,0,1.0,1,1.0,1,1.0,1,0.15195877152814613,82
3999,1,6536,3143,3393,0,0,0,1.0,1,1.0,1,1.0,1,0.15526485506460527,82
4000,5,6541,3146,3395,0,0,0,1.0,1,1.0,1,1.0,1,0.17318851248246916,82
4001,4,6545,3147,3398,0,0,0,1.0,1,1.0,1,1.0,1,0.1616966261716495,81
4002,2,6547,3149,3398,0,0,0,1.0,1,1.0,1,1.0,1,0.18681095056554833,81
4003,1,6548,3150,3398,0,0,0,1.0,1,1.0,1,1.0,1,0.1998194441548892,81
4004,1,6549,3151,3398,0,0,0,1.0,1,1.0,1,1.0,1,0.2155793099909751,80
4005,2,6551,3152,3399,0,0,0,1.0,1,1.0,1,1.0,1,0.2254861965577162,78
4006,5,6556,3154,3402,0,0,0,1.0,1,1.0,1,1.0,1,0.18680047452650486,76
4007,1,6557,3155,3402,0,0,0,1.0,1,1.0,1,1.0,1,0.20540202040059186,75
4008,2,6559,3156,3403,0,0,0,1.0,1,1.0,1,1.0,1,0.20905844574723118,74
4009,5,6564,3158,3406,0,0,0,1.0,1,1.0,1,1.0,1,0.1815050784083918,75
4010,3,6567,3159,3408,0,0,0,1.0,1,1.0,1,1.0,1,0.1983248189269554,75
4011,3,6570,3161,3409,0,0,0,1.0,1,1.0,1,1.0,1,0.18483411797316238,74
4012,1,6571,3162,3409,0,0,0,1.0,1,1.0,1,1.0,1,0.19324182895024505,74
4013,0,6571,3162,3409,0,0,0,1.0,1,1.0,1,1.0,1,0.20829049912429798,74
4014,1,6572,3163,3409,0,0,0,1.0,1,1.0,1,1.0,1,0.22544824867204008,73
4015,1,6573,3163,3410,0,0,0,1.0,1,1.0,1,1.0,1,0.22574474370945868,74
4016,1,6574,3164,3410,0,0,0,1.0,1,1.0,1,1.0,1,0.2510909458462811,74
4017,3,6577,3164,3413,0,0,0,1.0,1,1.0,1,1.0,1,0.22399379157064742,78
4018,0,6577,3164,3413,0,0,0,1.0,1,1.0,1,1.0,1,0.2283039608639813,78
4019,0,6577,3164,3413,0,0,0,1.0,1,1.0,1,1.0,1,0.2283039608639813,78
4020,0,6577,3164,3413,0,0,0,1.0,1,1.0,1,1.0,1,0.2283039608639813,78
4021,1,6578,3165,3413,0,0,0,1.0,1,1.0,1,1.0,1,0.22875015331549717,78
4022,0,6578,3165,3413,0,0,0,1.0,1,1.0,1,1.0,1,0.22584769555402764,79
4023,0,6578,3165,3413,0,0,0,1.0,1,1.0,1,1.0,1,0.21940760229522646,78
4024,1,6579,3166,3413,0,0,0,1.0,1,1.0,1,1.0,1,0.22075473522578468,77
4025,1,6580,3167,3413,0,0,0,1.0,1,1.0,1,1.0,1,0.2332439731252188,76
4026,2,6582,3169,3413,0,0,0,1.0,1,1.0,1,1.0,1,0.23691109139212096,76
4027,5,6587,3171,3416,0,0,0,1.0,1,1.0,1,1.0,1,0.21316610824531285,75
4028,3,6590,3173,3417,0,0,0,1.0,1,1.0,1,1.0,1,0.22614229383917342,76
4029,1,6591,3174,3417,0,0,0,1.0,1,1.0,1,1.0,1,0.22810313677213467,75
4030,2,6593,3175,3418,0,0,0,1.0,1,1.0,1,1.0,1,0.23241962429267005,74
4031,4,6597,3176,3421,0,0,0,1.0,1,1.0,1,1.0,1,0.22086014776020907,73
4032,0,6597,3176,3421,0,0,0,1.0,1,1.0,1,1.0,1,0.21977601476484332,71
4033,2,6599,3176,3423,0,0,0,1.0,1,1.0,1,1.0,1,0.18979777729720582,73
4034,3,6602,3178,3424,0,0,0,1.0,1,1.0,1,1.0,1,0.1738128623005922,72
4035,1,6603,3179,3424,0,0,0,1.0,1,1.0,1,1.0,1,0.19492646148079779,71
4036,4,6607,3180,3427,0,0,0,1.0,1,1.0,1,1.0,1,0.1737038172719783,71
4037,2,6609,3181,3428,0,0,0,1.0,1,1.0,1,1.0,1,0.17864408714227514,70
4038,0,6609,3181,3428,0,0,0,1.0,1,1.0,1,1.0,1,0.19719378743555685,69
4039,2,6611,3182,3429,0,0,0,1.0,1,1.0,1,1.0,1,0.24096610782776437,68
4040,2,6613,3183,3430,0,0,0,1.0,1,1.0,1,1.0,1,0.24733632424728083,69
4041,0,6613,3183,3430,0,0,0,1.0,1,1.0,1,1.0,1,0.27483375716305053,67
4042,3,6616,3184,3432,0,0,0,1.0,1,1.0,1,1.0,1,0.309902741663555,67
4043,1,6617,3185,3432,0,0,0,1.0,1,1.0,1,1.0,1,0.34448531080533845,66
4044,0,6617,3185,3432,0,0,0,1.0,1,1.0,1,1.0,1,0.35110453276979897,65
4045,4,6621,3185,3436,0,0,0,1.0,1,1.0,1,1.0,1,0.30876945469334655,66
4046,1,6622,3185,3437,0,0,0,1.0,1,1.0,1,1.0,1,0.31851686951864294,68
4047,2,6624,3186,3438,0,0,0,1.0,1,1.0,1,1.0,1,0.3217146781336147,68
4048,0,6624,3186,3438,0,0,0,1.0,1,1.0,1,1.0,1,0.32993303115522493,69
4049,0,6624,3186,3438,0,0,0,1.0,1,1.0,1,1.0,1,0.32993303115522493,69
4050,0,6624,3186,3438,0,0,0,1.0,1,1.0,1,1.0,1,0.3194893281465663,69
4051,0,6624,3186,3438,0,0,0,1.0,1,1.0,1,1.0,1,0.3194893281465663,69
4052,1,6625,3186,3439,0,0,0,1.0,1,1.0,1,1.0,1,0.30107121328919206,69
4053,0,6625,3186,3439,0,0,0,1.0,1,1.0,1,1.0,1,0.30107121328919206,69
4054,0,6625,3186,3439,0,0,0,1.0,1,1.0,1,1.0,1,0.29777612012727783,70
4055,2,6627,3186,3441,0,0,0,1.0,1,1.0,1,1.0,1,0.27132189117588906,70
4056,0,6627,3186,3441,0,0,0,1.0,1,1.0,1,1.0,1,0.27132189117588906,70
4057,2,6629,3186,3443,0,0,0,1.0,1,1.0,1,1.0,1,0.25895986115880426,71
4058,2,6631,3188,3443,0,0,0,1.0,1,1.0,1,1.0,1,0.2709406265206945,71
4059,4,6635,3189,3446,0,0,0,1.0,1,1.0,1,1.0,1,0.25771403334369597,72
4060,1,6636,3190,3446,0,0,0,1.0,1,1.0,1,1.0,1,0.2733343639333385,71
4061,3,6639,3191,3448,0,0,0,1.0,1,1.0,1,1.0,1,0.2656267664707905,72
4062,2,6641,3192,3449,0,0,0,1.0,1,1.0,1,1.0,1,0.25853953640746535,72
4063,4,6645,3193,3452,0,0,0,1.0,1,1.0,1,1.0,1,0.2246759685951133,72
4064,4,6649,3195,3454,0,0,0,1.0,1,1.0,1,1.0,1,0.20620381406713356,71
4065,2,6651,3197,3454,0,0,0,1.0,1,1.0,1,1.0,1,0.2159761520471781,70
4066,4,6655,3199,3456,0,0,0,1.0,1,1.0,1,1.0,1,0.21668596120061034,70
4067,3,6658,3200,3458,0,0,0,1.0,1,1.0,1,1.0,1,0.19354286185560238,68
4068,4,6662,3202,3460,0,0,0,1.0,1,1.0,1,1.0,1,0.21138588449013687,70
4069,4,6666,3203,3463,0,0,0,1.0,1,1.0,1,1.0,1,0.1769354708759271,68
4070,1,6667,3203,3464,0,0,0,1.0,1,1.0,1,1.0,1,0.1669516752546184,67
4071,0,6667,3203,3464,0,0,0,1.0,1,1.0,1,1.0,1,0.18656526537337031,68
4072,5,6672,3207,3465,0,0,0,1.0,1,1.0,1,1.0,1,0.19965397008915,70
4073,3,6675,3209,3466,0,0,0,1.0,1,1.0,1,1.0,1,0.18557520240778022,70
4074,5,6680,3213,3467,0,0,0,1.0,1,1.0,1,1.0,1,0.20387418352786021,71
4075,10,6690,3217,3473,0,0,0,1.0,1,1.0,1,1.0,1,0.18332393190229276,72
4076,4,6694,3220,3474,0,0,0,1.0,1,1.0,1,1.0,1,0.20801085893856014,73
4077,3,6697,3222,3475,0,0,0,1.0,1,1.0,1,1.0,1,0.2423261388756363,72
4078,7,6704,3223,3481,0,0,0,1.0,1,1.0,1,1.0,1,0.20721726830271844,71
4079,0,6704,3223,3481,0,0,0,1.0,1,1.0,1,1.0,1,0.2152026185895639,69
4080,1,6705,3224,3481,0,0,0,1.0,1,1.0,1,1.0,1,0.23040938001907316,67
4081,3,6708,3224,3484,0,0,0,1.0,1,1.0,1,1.0,1,0.19669125308228003,66
4082,0,6708,3224,3484,0,0,0,1.0,1,1.0,1,1.0,1,0.21388437960377793,65
4083,2,6710,3226,3484,0,0,0,1.0,1,1.0,1,1.0,1,0.2300953463568968,64
4084,3,6713,3228,3485,0,0,0,1.0,1,1.0,1,1.0,1,0.24449311390498027,64
4085,2,6715,3228,3487,0,0,0,1.0,1,1.0,1,1.0,1,0.22119048977065497,65
4086,1,6716,3229,3487,0,0,0,1.0,1,1.0,1,1.0,1,0.2110705453457967,66
4087,1,6717,3230,3487,0,0,0,1.0,1,1.0,1,1.0,1,0.20550644100394075,66
4088,0,6717,3230,3487,0,0,0,1.0,1,1.0,1,1.0,1,0.22968753049600923,65
4089,0,6717,3230,3487,0,0,0,1.0,1,1.0,1,1.0,1,0.22968753049600923,65
4090,2,6719,3230,3489,0,0,0,1.0,1,1.0,1,1.0,1,0.2210427337909631,65
4091,2,6721,3230,3491,0,0,0,1.0,1,1.0,1,1.0,1,0.2016002556526636,65
4092,1,6722,3230,3492,0,0,0,1.0,1,1.0,1,1.0,1,0.20086003355070586,64
4093,0,6722,3230,3492,0,0,0,1.0,1,1.0,1,1.0,1,0.1941749844962191,66
4094,1,6723,3231,3492,0,0,0,1.0,1,1.0,1,1.0,1,0.22059654227921396,65
4095,1,6724,3231,3493,0,0,0,1.0,1,1.0,1,1.0,1,0.21737030770050708,65
4096,4,6728,3233,3495,0,0,0,1.0,1,1.0,1,1.0,1,0.1930993208832512,67
4097,3,6731,3234,3497,0,0,0,1.0,1,1.0,1,1.0,1,0.1881828419387621,67
4098,4,6735,3236,3499,0,0,0,1.0,1,1.0,1,1.0,1,0.21329692735774142,68
4099,8,6743,3237,3506,0,0,0,1.0,1,1.0,1,1.0,1,0.15722859880549514,69
4100,0,6743,3237,3506,0,0,0,1.0,1,1.0,1,1.0,1,0.16530530187719258,70
4101,2,6745,3238,3507,0,0,0,1.0,1,1.0,1,1.0,1,0.16749640462092302,71
4102,4,6749,3240,3509,0,0,0,1.0,1,1.0,1,1.0,1,0.16238032293465002,71
4103,1,6750,3241,3509,0,0,0,1.0,1,1.0,1,1.0,1,0.16627419483492814,71
4104,0,6750,3241,3509,0,0,0,1.0,1,1.0,1,1.0,1,0.1906602859688733,69
4105,0,6750,3241,3509,0,0,0,1.0,1,1.0,1,1.0,1,0.19583614095758564,67
4106,1,6751,3242,3509,0,0,0,1.0,1,1.0,1,1.0,1,0.21382917423538236,68
4107,2,6753,3242,3511,0,0,0,1.0,1,1.0,1,1.0,1,0.19226094414880984,70
4108,2,6755,3242,3513,0,0,0,1.0,1,1.0,1,1.0,1,0.17720366776452226,70
4109,0,6755,3242,3513,0,0,0,1.0,1,1.0,1,1.0,1,0.18237777584720266,69
4110,1,6756,3242,3514,0,0,0,1.0,1,1.0,1,1.0,1,0.16736969727548595,71
4111,2,6758,3242,3516,0,0,0,1.0,1,1.0,1,1.0,1,0.1421373292421825,70
4112,1,6759,3242,3517,0,0,0,1.0,1,1.0,1,1.0,1,0.14513744211322246,72
4113,0,6759,3242,3517,0,0,0,1.0,1,1.0,1,1.0,1,0.14513744211322246,72
4114,5,6764,3245,3519,0,0,0,1.0,1,1.0,1,1.0,1,0.1776238643571039,72
4115,0,6764,3245,3519,0,0,0,1.0,1,1.0,1,1.0,1,0.17474934327325622,70
4116,1,6765,3246,3519,0,0,0,1.0,1,1.0,1,1.0,1,0.1969104562375278,67
4117,5,6770,3247,3523,0,0,0,1.0,1,1.0,1,1.0,1,0.1702215741390872,67
4118,0,6770,3247,3523,0,0,0,1.0,1,1.0,1,1.0,1,0.1927623409261283,66
4119,1,6771,3248,3523,0,0,0,1.0,1,1.0,1,1.0,1,0.21899929576561253,67
4120,3,6774,3249,3525,0,0,0,1.0,1,1.0,1,1.0,1,0.23798178392535296,64
4121,2,6776,3250,3526,0,0,0,1.0,1,1.0,1,1.0,1,0.2524894901508756,63
4122,3,6779,3253,3526,0,0,0,1.0,1,1.0,1,1.0,1,0.25030024142406954,63
4123,4,6783,3255,3528,0,0,0,1.0,1,1.0,1,1.0,1,0.23279188798459152,61
4124,3,6786,3257,3529,0,0,0,1.0,1,1.0,1,1.0,1,0.24404507114938437,62
4125,0,6786,3257,3529,0,0,0,1.0,1,1.0,1,1.0,1,0.23236445106757103,60
4126,5,6791,3259,3532,0,0,0,1.0,1,1.0,1,1.0,1,0.20739462120411106,59
4127,1,6792,3260,3532,0,0,0,1.0,1,1.0,1,1.0,1,0.223745797255459,60
4128,0,6792,3260,3532,0,0,0,1.0,1,1.0,1,1.0,1,0.223745797255459,60
4129,3,6795,3260,3535,0,0,0,1.0,1,1.0,1,1.0,1,0.21271335681028086,60
4130,3,6798,3262,3536,0,0,0,1.0,1,1.0,1,1.0,1,0.20147354032476003,61
4131,1,6799,3262,3537,0,0,0,1.0,1,1.0,1,1.0,1,0.18643286928771702,60
4132,2,6801,3264,3537,0,0,0,1.0,1,1.0,1,1.0,1,0.18444740019673822,60
4133,4,6805,3265,3540,0,0,0,1.0,1,1.0,1,1.0,1,0.1956209688397763,62
4134,1,6806,3266,3540,0,0,0,1.0,1,1.0,1,1.0,1,0.1893780546485522,63
4135,3,6809,3267,3542,0,0,0,1.0,1,1.0,1,1.0,1,0.16161088029507517,65
4136,0,6809,3267,3542,0,0,0,1.0,1,1.0,1,1.0,1,0.16161088029507517,65
4137,1,6810,3268,3542,0,0,0,1.0,1,1.0,1,1.0,1,0.17373690054241903,66
4138,1,6811,3269,3542,0,0,0,1.0,1,1.0,1,1.0,1,0.18320427900725825,67
4139,2,6813,3271,3542,0,0,0,1.0,1,1.0,1,1.0,1,0.20611009305977668,67
4140,1,6814,3271,3543,0,0,0,1.0,1,1.0,1,1.0,1,0.19449294614107118,66
4141,0,6814,3271,3543,0,0,0,1.0,1,1.0,1,1.0,1,0.19180161818534713,67
4142,0,6814,3271,3543,0,0,0,1.0,1,1.0,1,1.0,1,0.19180161818534713,67
4143,1,6815,3272,3543,0,0,0,1.0,1,1.0,1,1.0,1,0.18630435451230698,66
4144,1,6816,3272,3544,0,0,0,1.0,1,1.0,1,1.0,1,0.18354812594412298,64
4145,2,6818,3274,3544,0,0,0,1.0,1,1.0,1,1.0,1,0.17922950358294745,63
4146,3,6821,3277,3544,0,0,0,1.0,1,1.0,1,1.0,1,0.19130407034231237,62
4147,0,6821,3277,3544,0,0,0,1.0,1,1.0,1,1.0,1,0.1949592630531417,60
4148,6,6827,3279,3548,0,0,0,1.0,1,1.0,1,1.0,1,0.16991000015109858,62
4149,2,6829,3280,3549,0,0,0,1.0,1,1.0,1,1.0,1,0.17150933894575804,61
4150,4,6833,3282,3551,0,0,0,1.0,1,1.0,1,1.0,1,0.15570562490142034,60
4151,1,6834,3283,3551,0,0,0,1.0,1,1.0,1,1.0,1,0.18029446958629924,60
4152,1,6835,3284,3551,0,0,0,1.0,1,1.0,1,1.0,1,0.20560040299859206,60
4153,1,6836,3285,3551,0,0,0,1.0,1,1.0,1,1.0,1,0.22627734568118446,58
4154,0,6836,3285,3551,0,0,0,1.0,1,1.0,1,1.0,1,0.25037291002327206,57
4155,3,6839,3287,3552,0,0,0,1.0,1,1.0,1,1.0,1,0.19194760077120457,57
4156,2,6841,3289,3552,0,0,0,1.0,1,1.0,1,1.0,1,0.2411389905216285,58
4157,1,6842,3290,3552,0,0,0,1.0,1,1.0,1,1.0,1,0.2477254628773753,57
4158,2,6844,3291,3553,0,0,0,1.0,1,1.0,1,1.0,1,0.24335320824999784,55
4159,3,6847,3292,3555,0,0,0,1.0,1,1.0,1,1.0,1,0.2310448170901841,57
4160,1,6848,3292,3556,0,0,0,1.0,1,1.0,1,1.0,1,0.23492539439733118,58
4161,0,6848,3292,3556,0,0,0,1.0,1,1.0,1,1.0,1,0.23492539439733118,58
4162,2,6850,3292,3558,0,0,0,1.0,1,1.0,1,1.0,1,0.22614692235150882,57
4163,1,6851,3293,3558,0,0,0,1.0,1,1.0,1,1.0,1,0.24016708260136027,58
4164,4,6855,3296,3559,0,0,0,1.0,1,1.0,1,1.0,1,0.3029993221845857,56
4165,8,6863,3297,3566,0,0,0,1.0,1,1.0,1,1.0,1,0.2741653700093767,58
4166,1,6864,3297,3567,0,0,0,1.0,1,1.0,1,1.0,1,0.25639785091158646,57
4167,4,6868,3299,3569,0,0,0,1.0,1,1.0,1,1.0,1,0.27383493728760133,57
4168,1,6869,3299,3570,0,0,0,1.0,1,1.0,1,1.0,1,0.24395220940372073,58
4169,1,6870,3299,3571,0,0,0,1.0,1,1.0,1,1.0,1,0.22391033060215718,58
4170,0,6870,3299,3571,0,0,0,1.0,1,1.0,1,1.0,1,0.24047893506155335,58
4171,0,6870,3299,3571,0,0,0,1.0,1,1.0,1,1.0,1,0.2544421990944593,57
4172,0,6870,3299,3571,0,0,0,1.0,1,1.0,1,1.0,1,0.2544421990944593,57
4173,1,6871,3299,3572,0,0,0,1.0,1,1.0,1,1.0,1,0.261074394266468,56
4174,1,6872,3299,3573,0,0,0,1.0,1,1.0,1,1.0,1,0.25437359637419366,56
4175,3,6875,3300,3575,0,0,0,1.0,1,1.0,1,1.0,1,0.2577846457822809,55
4176,1,6876,3300,3576,0,0,0,1.0,1,1.0,1,1.0,1,0.26912626582991694,57
4177,6,6882,3301,3581,0,0,0,1.0,1,1.0,1,1.0,1,0.2389247757331465,58
4178,4,6886,3304,3582,0,0,0,1.0,1,1.0,1,1.0,1,0.24502404484239615,60
4179,1,6887,3305,3582,0,0,0,1.0,1,1.0,1,1.0,1,0.23723714127500953,61
4180,2,6889,3305,3584,0,0,0,1.0,1,1.0,1,1.0,1,0.21598130090846615,62
4181,1,6890,3305,3585,0,0,0,1.0,1,1.0,1,1.0,1,0.20557181642905617,63
4182,1,6891,3306,3585,0,0,0,1.0,1,1.0,1,1.0,1,0.2316614667023124,63
4183,2,6893,3307,3586,0,0,0,1.0,1,1.0,1,1.0,1,0.21927946843080717,63
4184,2,6895,3308,3587,0,0,0,1.0,1,1.0,1,1.0,1,0.2150949589246511,63
4185,0,6895,3308,3587,0,0,0,1.0,1,1.0,1,1.0,1,0.224193222507453,61
4186,6,6901,3310,3591,0,0,0,1.0,1,1.0,1,1.0,1,0.17658587760441236,62
4187,1,6902,3310,3592,0,0,0,1.0,1,1.0,1,1.0,1,0.17276404956884817,60
4188,2,6904,3311,3593,0,0,0,1.0,1,1.0,1,1.0,1,0.18124032390569436,60
4189,2,6906,3311,3595,0,0,0,1.0,1,1.0,1,1.0,1,0.14916935990396077,60
4190,1,6907,3311,3596,0,0,0,1.0,1,1.0,1,1.0,1,0.13250344803616365,61
4191,1,6908,3312,3596,0,0,0,1.0,1,1.0,1,1.0,1,0.14953351116311558,59
4192,2,6910,3314,3596,0,0,0,1.0,1,1.0,1,1.0,1,0.15333320827079835,58
4193,1,6911,3315,3596,0,0,0,1.0,1,1.0,1,1.0,1,0.16918862848509944,57
4194,1,6912,3316,3596,0,0,0,1.0,1,1.0,1,1.0,1,0.22039933793877245,54
4195,0,6912,3316,3596,0,0,0,1.0,1,1.0,1,1.0,1,0.21615592404650527,55
4196,0,6912,3316,3596,0,0,0,1.0,1,1.0,1,1.0,1,0.22793705335003722,56
4197,1,6913,3317,3596,0,0,0,1.0,1,1.0,1,1.0,1,0.24104646420841874,55
4198,4,6917,3318,3599,0,0,0,1.0,1,1.0,1,1.0,1,0.26768064625621674,56
4199,0,6917,3318,3599,0,0,0,1.0,1,1.0,1,1.0,1,0.26856384163131025,55
4200,0,6917,3318,3599,0,0,0,1.0,1,1.0,1,1.0,1,0.26857531006431884,55
4201,0,6917,3318,3599,0,0,0,1.0,1,1.0,1,1.0,1,0.25355073550338714,56
4202,0,6917,3318,3599,0,0,0,1.0,1,1.0,1,1.0,1,0.25355073550338714,56
4203,1,6918,3318,3600,0,0,0,1.0,1,1.0,1,1.0,1,0.2538379250461618,57
4204,0,6918,3318,3600,0,0,0,1.0,1,1.0,1,1.0,1,0.2538379250461618,57
4205,0,6918,3318,3600,0,0,0,1.0,1,1.0,1,1.0,1,0.24478033392685247,58
4206,3,6921,3320,3601,0,0,0,1.0,1,1.0,1,1.0,1,0.23702900663745466,58
4207,4,6925,3322,3603,0,0,0,1.0,1,1.0,1,1.0,1,0.20742131191390767,58
4208,2,6927,3323,3604,0,0,0,1.0,1,1.0,1,1.0,1,0.2264657331992759,60
4209,4,6931,3326,3605,0,0,0,1.0,1,1.0,1,1.0,1,0.21112004416668206,61
4210,3,6934,3326,3608,0,0,0,1.0,1,1.0,1,1.0,1,0.17310992730582536,62
4211,1,6935,3327,3608,0,0,0,1.0,1,1.0,1,1.0,1,0.18270244338837366,63
4212,0,6935,3327,3608,0,0,0,1.0,1,1.0,1,1.0,1,0.18558191556522105,64
4213,1,6936,3327,3609,0,0,0,1.0,1,1.0,1,1.0,1,0.1876060572066501,65
4214,0,6936,3327,3609,0,0,0,1.0,1,1.0,1,1.0,1,0.17250746133053668,65
4215,0,6936,3327,3609,0,0,0,1.0,1,1.0,1,1.0,1,0.17250746133053668,65
4216,0,6936,3327,3609,0,0,0,1.0,1,1.0,1,1.0,1,0.18838643660782473,64
4217,1,6937,3328,3609,0,0,0,1.0,1,1.0,1,1.0,1,0.19370257822307282,65
4218,0,6937,3328,3609,0,0,0,1.0,1,1.0,1,1.0,1,0.19370257822307282,65
4219,3,6940,3330,3610,0,0,0,1.0,1,1.0,1,1.0,1,0.19409228200377476,65
4220,1,6941,3330,3611,0,0,0,1.0,1,1.0,1,1.0,1,0.18538998911861368,65
4221,1,6942,3331,3611,0,0,0,1.0,1,1.0,1,1.0,1,0.21662100165488654,67
4222,1,6943,3331,3612,0,0,0,1.0,1,1.0,1,1.0,1,0.21266988334774653,68
4223,2,6945,3333,3612,0,0,0,1.0,1,1.0,1,1.0,1,0.24061262724578078,68
4224,1,6946,3334,3612,0,0,0,1.0,1,1.0,1,1.0,1,0.2588308738562658,68
4225,2,6948,3334,3614,0,0,0,1.0,1,1.0,1,1.0,1,0.2404808823295017,66
4226,0,6948,3334,3614,0,0,0,1.0,1,1.0,1,1.0,1,0.24031065484556363,66
4227,0,6948,3334,3614,0,0,0,1.0,1,1.0,1,1.0,1,0.24031065484556363,66
4228,0,6948,3334,3614,0,0,0,1.0,1,1.0,1,1.0,1,0.23620004553506554,65
4229,0,6948,3334,3614,0,0,0,1.0,1,1.0,1,1.0,1,0.2325359499484194,65
4230,3,6951,3335,3616,0,0,0,1.0,1,1.0,1,1.0,1,0.22261015039983836,64
4231,1,6952,3336,3616,0,0,0,1.0,1,1.0,1,1.0,1,0.23566657710772715,64
4232,2,6954,3337,3617,0,0,0,1.0,1,1.0,1,1.0,1,0.23189723307297364,65
4233,0,6954,3337,3617,0,0,0,1.0,1,1.0,1,1.0,1,0.23206452610824416,64
4234,3,6957,3338,3619,0,0,0,1.0,1,1.0,1,1.0,1,0.22081972261068958,63
4235,3,6960,3340,3620,0,0,0,1.0,1,1.0,1,1.0,1,0.22382277882730006,63
4236,0,6960,3340,3620,0,0,0,1.0,1,1.0,1,1.0,1,0.22382277882730006,63
4237,5,6965,3342,3623,0,0,0,1.0,1,1.0,1,1.0,1,0.21825112656813378,65
4238,1,6966,3342,3624,0,0,0,1.0,1,1.0,1,1.0,1,0.2008000390373942,65
4239,0,6966,3342,3624,0,0,0,1.0,1,1.0,1,1.0,1,0.2008000390373942,65
4240,2,6968,3343,3625,0,0,0,1.0,1,1.0,1,1.0,1,0.1819278208604916,66
4241,0,6968,3343,3625,0,0,0,1.0,1,1.0,1,1.0,1,0.1819278208604916,66
4242,1,6969,3344,3625,0,0,0,1.0,1,1.0,1,1.0,1,0.18422865160727525,69
4243,2,6971,3344,3627,0,0,0,1.0,1,1.0,1,1.0,1,0.18194226192245916,71
4244,0,6971,3344,3627,0,0,0,1.0,1,1.0,1,1.0,1,0.18194226192245916,71
4245,1,6972,3344,3628,0,0,0,1.0,1,1.0,1,1.0,1,0.17573820535849013,73
4246,1,6973,3344,3629,0,0,0,1.0,1,1.0,1,1.0,1,0.1543371264133907,74
4247,0,6973,3344,3629,0,0,0,1.0,1,1.0,1,1.0,1,0.1543371264133907,74
4248,0,6973,3344,3629,0,0,0,1.0,1,1.0,1,1.0,1,0.1543371264133907,74
4249,1,6974,3344,3630,0,0,0,1.0,1,1.0,1,1.0,1,0.14889045123416023,74
4250,0,6974,3344,3630,0,0,0,1.0,1,1.0,1,1.0,1,0.14889045123416023,74
4251,3,6977,3345,3632,0,0,0,1.0,1,1.0,1,1.0,1,0.1593214466418573,75
4252,3,6980,3347,3633,0,0,0,1.0,1,1.0,1,1.0,1,0.18054469310757654,75
4253,1,6981,3347,3634,0,0,0,1.0,1,1.0,1,1.0,1,0.17080920422592785,76
4254,1,6982,3348,3634,0,0,0,1.0,1,1.0,1,1.0,1,0.19043993788677482,75
4255,5,6987,3351,3636,0,0,0,1.0,1,1.0,1,1.0,1,0.18103761753864342,76
4256,0,6987,3351,3636,0,0,0,1.0,1,1.0,1,1.0,1,0.19122627231897962,78
4257,1,6988,3352,3636,0,0,0,1.0,1,1.0,1,1.0,1,0.1950325770345957,78
4258,2,6990,3354,3636,0,0,0,1.0,1,1.0,1,1.0,1,0.22146425106268688,77
4259,2,6992,3355,3637,0,0,0,1.0,1,1.0,1,1.0,1,0.22441838702034836,78
4260,4,6996,3355,3641,0,0,0,1.0,1,1.0,1,1.0,1,0.18649167249562676,77
4261,1,6997,3356,3641,0,0,0,1.0,1,1.0,1,1.0,1,0.1992707534056194,76
4262,1,6998,3356,3642,0,0,0,1.0,1,1.0,1,1.0,1,0.193661442391103,75
4263,3,7001,3359,3642,0,0,0,1.0,1,1.0,1,1.0,1,0.18965739050491898,74
4264,3,7004,3359,3645,0,0,0,1.0,1,1.0,1,1.0,1,0.20169035524857126,74
4265,4,7008,3361,3647,0,0,0,1.0,1,1.0,1,1.0,1,0.1865669334852052,73
4266,1,7009,3362,3647,0,0,0,1.0,1,1.0,1,1.0,1,0.2024837076782014,71
4267,4,7013,3365,3648,0,0,0,1.0,1,1.0,1,1.0,1,0.1908771502527626,69
4268,2,7015,3366,3649,0,0,0,1.0,1,1.0,1,1.0,1,0.23922482672435436,67
4269,1,7016,3367,3649,0,0,0,1.0,1,1.0,1,1.0,1,0.24540951246050846,64
4270,6,7022,3368,3654,0,0,0,1.0,1,1.0,1,1.0,1,0.18664122928240715,63
4271,1,7023,3369,3654,0,0,0,1.0,1,1.0,1,1.0,1,0.2129160137414891,63
4272,3,7026,3370,3656,0,0,0,1.0,1,1.0,1,1.0,1,0.2067981169010077,62
4273,0,7026,3370,3656,0,0,0,1.0,1,1.0,1,1.0,1,0.2067981169010077,62
4274,1,7027,3370,3657,0,0,0,1.0,1,1.0,1,1.0,1,0.2108489120330145,62
4275,0,7027,3370,3657,0,0,0,1.0,1,1.0,1,1.0,1,0.2025820151134447,61
4276,1,7028,3371,3657,0,0,0,1.0,1,1.0,1,1.0,1,0.21727732402650943,62
4277,1,7029,3371,3658,0,0,0,1.0,1,1.0,1,1.0,1,0.22043456071786757,63
4278,1,7030,3371,3659,0,0,0,1.0,1,1.0,1,1.0,1,0.2039633539970763,64
4279,3,7033,3373,3660,0,0,0,1.0,1,1.0,1,1.0,1,0.20303030863887966,65
4280,2,7035,3375,3660,0,0,0,1.0,1,1.0,1,1.0,1,0.21187800061295503,65
4281,1,7036,3375,3661,0,0,0,1.0,1,1.0,1,1.0,1,0.21707716529794183,65
4282,5,7041,3378,3663,0,0,0,1.0,1,1.0,1,1.0,1,0.22997153628208708,66
4283,3,7044,3379,3665,0,0,0,1.0,1,1.0,1,1.0,1,0.23488664556668531,66
4284,4,7048,3380,3668,0,0,0,1.0,1,1.0,1,1.0,1,0.23481938146100337,66
4285,2,7050,3380,3670,0,0,0,1.0,1,1.0,1,1.0,1,0.22364562111398167,67
4286,1,7051,3380,3671,0,0,0,1.0,1,1.0,1,1.0,1,0.22113481406555088,67
4287,1,7052,3380,3672,0,0,0,1.0,1,1.0,1,1.0,1,0.21232707167670475,67
4288,1,7053,3380,3673,0,0,0,1.0,1,1.0,1,1.0,1,0.19846177906815005,68
4289,1,7054,3381,3673,0,0,0,1.0,1,1.0,1,1.0,1,0.21064442488164084,68
4290,0,7054,3381,3673,0,0,0,1.0,1,1.0,1,1.0,1,0.21360941932182195,70
4291,0,7054,3381,3673,0,0,0,1.0,1,1.0,1,1.0,1,0.21134075493424415,71
4292,0,7054,3381,3673,0,0,0,1.0,1,1.0,1,1.0,1,0.21134075493424415,71
4293,2,7056,3381,3675,0,0,0,1.0,1,1.0,1,1.0,1,0.2000433077504488,71
4294,0,7056,3381,3675,0,0,0,1.0,1,1.0,1,1.0,1,0.2000433077504488,71
4295,1,7057,3382,3675,0,0,0,1.0,1,1.0,1,1.0,1,0.2197990239143755,72
4296,1,7058,3383,3675,0,0,0,1.0,1,1.0,1,1.0,1,0.22394705588689995,73
4297,1,7059,3383,3676,0,0,0,1.0,1,1.0,1,1.0,1,0.21731299070450333,73
4298,0,7059,3383,3676,0,0,0,1.0,1,1.0,1,1.0,1,0.22237227628924433,74
4299,0,7059,3383,3676,0,0,0,1.0,1,1.0,1,1.0,1,0.21310216784511327,75
4300,1,7060,3383,3677,0,0,0,1.0,1,1.0,1,1.0,1,0.20490336488698668,75
4301,0,7060,3383,3677,0,0,0,1.0,1,1.0,1,1.0,1,0.2003057831877533,76
4302,1,7061,3384,3677,0,0,0,1.0,1,1.0,1,1.0,1,0.1938685422319002,76
4303,3,7064,3384,3680,0,0,0,1.0,1,1.0,1,1.0,1,0.15950683342962843,75
4304,1,7065,3385,3680,0,0,0,1.0,1,1.0,1,1.0,1,0.18991097531665585,75
4305,2,7067,3386,3681,0,0,0,1.0,1,1.0,1,1.0,1,0.21729246111471023,73
4306,11,7078,3389,3689,0,0,0,1.0,1,1.0,1,1.0,1,0.16271117857230238,74
4307,3,7081,3391,3690,0,0,0,1.0,1,1.0,1,1.0,1,0.1865906580825405,73
4308,1,7082,3392,3690,0,0,0,1.0,1,1.0,1,1.0,1,0.2099605606367017,71
4309,1,7083,3393,3690,0,0,0,1.0,1,1.0,1,1.0,1,0.20834516371000555,70
4310,3,7086,3395,3691,0,0,0,1.0,1,1.0,1,1.0,1,0.22847801285222857,69
4311,2,7088,3396,3692,0,0,0,1.0,1,1.0,1,1.0,1,0.21643978887707094,69
4312,3,7091,3397,3694,0,0,0,1.0,1,1.0,1,1.0,1,0.24120619810873706,66
4313,1,7092,3398,3694,0,0,0,1.0,1,1.0,1,1.0,1,0.2440224479972518,64
4314,1,7093,3399,3694,0,0,0,1.0,1,1.0,1,1.0,1,0.28483554492364077,61
4315,3,7096,3401,3695,0,0,0,1.0,1,1.0,1,1.0,1,0.276306255265019,61
4316,1,7097,3402,3695,0,0,0,1.0,1,1.0,1,1.0,1,0.27771428389909025,60
4317,1,7098,3402,3696,0,0,0,1.0,1,1.0,1,1.0,1,0.24569963951303556,62
4318,5,7103,3403,3700,0,0,0,1.0,1,1.0,1,1.0,1,0.2500946005656923,59
4319,1,7104,3403,3701,0,0,0,1.0,1,1.0,1,1.0,1,0.2418548893515243,60
4320,0,7104,3403,3701,0,0,0,1.0,1,1.0,1,1.0,1,0.2418548893515243,60
4321,1,7105,3404,3701,0,0,0,1.0,1,1.0,1,1.0,1,0.23608724803515382,61
4322,1,7106,3405,3701,0,0,0,1.0,1,1.0,1,1.0,1,0.24533572768236672,61
4323,1,7107,3405,3702,0,0,0,1.0,1,1.0,1,1.0,1,0.2375879748115868,61
4324,0,7107,3405,3702,0,0,0,1.0,1,1.0,1,1.0,1,0.24952010354092624,60
4325,2,7109,3406,3703,0,0,0,1.0,1,1.0,1,1.0,1,0.2634375590908104,60
4326,2,7111,3406,3705,0,0,0,1.0,1,1.0,1,1.0,1,0.24499293611645614,61
4327,2,7113,3406,3707,0,0,0,1.0,1,1.0,1,1.0,1,0.20935117975868153,62
4328,0,7113,3406,3707,0,0,0,1.0,1,1.0,1,1.0,1,0.20935117975868153,62
4329,1,7114,3406,3708,0,0,0,1.0,1,1.0,1,1.0,1,0.19106863146315206,65
4330,1,7115,3406,3709,0,0,0,1.0,1,1.0,1,1.0,1,0.17934588758832182,65
4331,0,7115,3406,3709,0,0,0,1.0,1,1.0,1,1.0,1,0.17934588758832182,65
4332,3,7118,3407,3711,0,0,0,1.0,1,1.0,1,1.0,1,0.15800967080220507,66
4333,1,7119,3407,3712,0,0,0,1.0,1,1.0,1,1.0,1,0.1543297462586022,66
4334,2,7121,3408,3713,0,0,0,1.0,1,1.0,1,1.0,1,0.1654895019321366,66
4335,0,7121,3408,3713,0,0,0,1.0,1,1.0,1,1.0,1,0.1777952793155585,65
4336,3,7124,3411,3713,0,0,0,1.0,1,1.0,1,1.0,1,0.19564843071028223,67
4337,0,7124,3411,3713,0,0,0,1.0,1,1.0,1,1.0,1,0.21417313543116687,69
4338,0,7124,3411,3713,0,0,0,1.0,1,1.0,1,1.0,1,0.22103390784685592,70
4339,1,7125,3411,3714,0,0,0,1.0,1,1.0,1,1.0,1,0.22602338504166372,70
4340,2,7127,3411,3716,0,0,0,1.0,1,1.0,1,1.0,1,0.20811754014306597,71
4341,2,7129,3413,3716,0,0,0,1.0,1,1.0,1,1.0,1,0.23289362921531262,70
4342,4,7133,3416,3717,0,0,0,1.0,1,1.0,1,1.0,1,0.24972815480052285,71
4343,8,7141,3421,3720,0,0,0,1.0,1,1.0,1,1.0,1,0.2840890402523703,67
4344,3,7144,3422,3722,0,0,0,1.0,1,1.0,1,1.0,1,0.2696774996174123,67
4345,5,7149,3425,3724,0,0,0,1.0,1,1.0,1,1.0,1,0.26384437146165585,64
4346,5,7154,3428,3726,0,0,0,1.0,1,1.0,1,1.0,1,0.2423519628145642,64
4347,4,7158,3430,3728,0,0,0,1.0,1,1.0,1,1.0,1,0.2527892878521585,62
4348,4,7162,3432,3730,0,0,0,1.0,1,1.0,1,1.0,1,0.2565454952213519,62
4349,1,7163,3433,3730,0,0,0,1.0,1,1.0,1,1.0,1,0.2963186995240832,61
4350,3,7166,3435,3731,0,0,0,1.0,1,1.0,1,1.0,1,0.298680520756826,60
4351,2,7168,3436,3732,0,0,0,1.0,1,1.0,1,1.0,1,0.287193435750277,60
4352,0,7168,3436,3732,0,0,0,1.0,1,1.0,1,1.0,1,0.3083129383932546,57
4353,1,7169,3436,3733,0,0,0,1.0,1,1.0,1,1.0,1,0.3062204141075074,55
4354,3,7172,3437,3735,0,0,0,1.0,1,1.0,1,1.0,1,0.30044117699380335,55
4355,2,7174,3437,3737,0,0,0,1.0,1,1.0,1,1.0,1,0.2896102052060413,53
4356,2,7176,3437,3739,0,0,0,1.0,1,1.0,1,1.0,1,0.25438367213083607,55
4357,2,7178,3438,3740,0,0,0,1.0,1,1.0,1,1.0,1,0.23170014263254535,55
4358,2,7180,3439,3741,0,0,0,1.0,1,1.0,1,1.0,1,0.22355714685538744,55
4359,0,7180,3439,3741,0,0,0,1.0,1,1.0,1,1.0,1,0.2311707968381054,54
4360,4,7184,3440,3744,0,0,0,1.0,1,1.0,1,1.0,1,0.21008407424163159,55
4361,1,7185,3441,3744,0,0,0,1.0,1,1.0,1,1.0,1,0.23799233605100137,54
4362,3,7188,3441,3747,0,0,0,1.0,1,1.0,1,1.0,1,0.17975707808115793,55
4363,2,7190,3443,3747,0,0,0,1.0,1,1.0,1,1.0,1,0.19901299172541567,55
4364,0,7190,3443,3747,0,0,0,1.0,1,1.0,1,1.0,1,0.19901299172541567,55
4365,2,7192,3443,3749,0,0,0,1.0,1,1.0,1,1.0,1,0.1885181285873176,54
4366,1,7193,3444,3749,0,0,0,1.0,1,1.0,1,1.0,1,0.18521286462443287,54
4367,1,7194,3444,3750,0,0,0,1.0,1,1.0,1,1.0,1,0.1885701731018638,57
4368,3,7197,3446,3751,0,0,0,1.0,1,1.0,1,1.0,1,0.23282775347638618,57
4369,1,7198,3446,3752,0,0,0,1.0,1,1.0,1,1.0,1,0.22031424902215133,58
4370,1,7199,3447,3752,0,0,0,1.0,1,1.0,1,1.0,1,0.23830893749662907,59
4371,0,7199,3447,3752,0,0,0,1.0,1,1.0,1,1.0,1,0.23517541463728472,60
4372,0,7199,3447,3752,0,0,0,1.0,1,1.0,1,1.0,1,0.23517541463728472,60
4373,0,7199,3447,3752,0,0,0,1.0,1,1.0,1,1.0,1,0.23517541463728472,60
4374,2,7201,3448,3753,0,0,0,1.0,1,1.0,1,1.0,1,0.262385073386164,59
4375,1,7202,3448,3754,0,0,0,1.0,1,1.0,1,1.0,1,0.24898909696433186,60
4376,0,7202,3448,3754,0,0,0,1.0,1,1.0,1,1.0,1,0.26922523634363205,60
4377,0,7202,3448,3754,0,0,0,1.0,1,1.0,1,1.0,1,0.2682971610884745,61
4378,1,7203,3448,3755,0,0,0,1.0,1,1.0,1,1.0,1,0.227070120273782,64
4379,0,7203,3448,3755,0,0,0,1.0,1,1.0,1,1.0,1,0.227070120273782,64
4380,2,7205,3450,3755,0,0,0,1.0,1,1.0,1,1.0,1,0.21731991302839845,65
4381,1,7206,3450,3756,0,0,0,1.0,1,1.0,1,1.0,1,0.20899633318267477,64
4382,1,7207,3451,3756,0,0,0,1.0,1,1.0,1,1.0,1,0.24610787026945366,64
4383,3,7210,3453,3757,0,0,0,1.0,1,1.0,1,1.0,1,0.25653346474765093,64
4384,1,7211,3454,3757,0,0,0,1.0,1,1.0,1,1.0,1,0.2796802694162677,60
4385,1,7212,3454,3758,0,0,0,1.0,1,1.0,1,1.0,1,0.25988254673295735,58
4386,3,7215,3457,3758,0,0,0,1.0,1,1.0,1,1.0,1,0.28984523601107876,58
4387,4,7219,3457,3762,0,0,0,1.0,1,1.0,1,1.0,1,0.2475690993905195,55
4388,2,7221,3459,3762,0,0,0,1.0,1,1.0,1,1.0,1,0.2717431266903327,56
4389,0,7221,3459,3762,0,0,0,1.0,1,1.0,1,1.0,1,0.254315792075747,55
4390,7,7228,3462,3766,0,0,0,1.0,1,1.0,1,1.0,1,0.21903610395725293,55
4391,3,7231,3464,3767,0,0,0,1.0,1,1.0,1,1.0,1,0.21586514531997208,56
4392,1,7232,3464,3768,0,0,0,1.0,1,1.0,1,1.0,1,0.22628261318550041,56
4393,1,7233,3465,3768,0,0,0,1.0,1,1.0,1,1.0,1,0.2661475763479558,55
4394,2,7235,3467,3768,0,0,0,1.0,1,1.0,1,1.0,1,0.2748732561671388,53
4395,1,7236,3468,3768,0,0,0,1.0,1,1.0,1,1.0,1,0.28978564556674535,53
4396,2,7238,3470,3768,0,0,0,1.0,1,1.0,1,1.0,1,0.3096235792750989,53
4397,1,7239,3471,3768,0,0,0,1.0,1,1.0,1,1.0,1,0.3098538986176001,50
4398,2,7241,3472,3769,0,0,0,1.0,1,1.0,1,1.0,1,0.3735537589797808,50
4399,2,7243,3472,3771,0,0,0,1.0,1,1.0,1,1.0,1,0.34212156340723454,52
4400,2,7245,3473,3772,0,0,0,1.0,1,1.0,1,1.0,1,0.3389702524547009,55
4401,0,7245,3473,3772,0,0,0,1.0,1,1.0,1,1.0,1,0.3252212773502616,56
4402,1,7246,3473,3773,0,0,0,1.0,1,1.0,1,1.0,1,0.3206020399437399,56
4403,4,7250,3475,3775,0,0,0,1.0,1,1.0,1,1.0,1,0.30394749729849524,57
4404,0,7250,3475,3775,0,0,0,1.0,1,1.0,1,1.0,1,0.30394749729849524,57
4405,0,7250,3475,3775,0,0,0,1.0,1,1.0,1,1.0,1,0.30020543177503467,58
4406,0,7250,3475,3775,0,0,0,1.0,1,1.0,1,1.0,1,0.30020543177503467,58
4407,0,7250,3475,3775,0,0,0,1.0,1,1.0,1,1.0,1,0.30020543177503467,58
4408,0,7250,3475,3775,0,0,0,1.0,1,1.0,1,1.0,1,0.3056098654042992,59
4409,0,7250,3475,3775,0,0,0,1.0,1,1.0,1,1.0,1,0.3056098654042992,59
4410,0,7250,3475,3775,0,0,0,1.0,1,1.0,1,1.0,1,0.3056098654042992,59
4411,0,7250,3475,3775,0,0,0,1.0,1,1.0,1,1.0,1,0.2961009350574081,62
4412,0,7250,3475,3775,0,0,0,1.0,1,1.0,1,1.0,1,0.29019292274235126,63
4413,0,7250,3475,3775,0,0,0,1.0,1,1.0,1,1.0,1,0.29019292274235126,63
4414,2,7252,3475,3777,0,0,0,1.0,1,1.0,1,1.0,1,0.2748811991994341,64
4415,1,7253,3475,3778,0,0,0,1.0,1,1.0,1,1.0,1,0.26339099362355184,64
4416,0,7253,3475,3778,0,0,0,1.0,1,1.0,1,1.0,1,0.26339099362355184,64
4417,1,7254,3475,3779,0,0,0,1.0,1,1.0,1,1.0,1,0.25720562634136634,65
4418,2,7256,3476,3780,0,0,0,1.0,1,1.0,1,1.0,1,0.2668720836028904,65
4419,1,7257,3476,3781,0,0,0,1.0,1,1.0,1,1.0,1,0.31466636695507305,62
4420,2,7259,3476,3783,0,0,0,1.0,1,1.0,1,1.0,1,0.30531130769190534,62
4421,1,7260,3477,3783,0,0,0,1.0,1,1.0,1,1.0,1,0.31609306483233757,65
4422,5,7265,3479,3786,0,0,0,1.0,1,1.0,1,1.0,1,0.3179457852673256,64
4423,4,7269,3480,3789,0,0,0,1.0,1,1.0,1,1.0,1,0.3017693540683522,63
4424,3,7272,3480,3792,0,0,0,1.0,1,1.0,1,1.0,1,0.2685407017745456,63
4425,3,7275,3481,3794,0,0,0,1.0,1,1.0,1,1.0,1,0.2609116028444028,63
4426,3,7278,3482,3796,0,0,0,1.0,1,1.0,1,1.0,1,0.23612280759698182,63
4427,1,7279,3482,3797,0,0,0,1.0,1,1.0,1,1.0,1,0.21605037088305112,62
4428,0,7279,3482,3797,0,0,0,1.0,1,1.0,1,1.0,1,0.21015367343750258,61
4429,2,7281,3483,3798,0,0,0,1.0,1,1.0,1,1.0,1,0.2325896530812696,62
4430,2,7283,3484,3799,0,0,0,1.0,1,1.0,1,1.0,1,0.25204152733758145,60
4431,2,7285,3486,3799,0,0,0,1.0,1,1.0,1,1.0,1,0.2162783095088694,59
4432,4,7289,3487,3802,0,0,0,1.0,1,1.0,1,1.0,1,0.17549161584170134,60
4433,4,7293,3488,3805,0,0,0,1.0,1,1.0,1,1.0,1,0.16080139498729787,61
4434,1,7294,3489,3805,0,0,0,1.0,1,1.0,1,1.0,1,0.15505350868442777,61
4435,2,7296,3490,3806,0,0,0,1.0,1,1.0,1,1.0,1,0.16496938387555019,61
4436,1,7297,3491,3806,0,0,0,1.0,1,1.0,1,1.0,1,0.19346749920693887,61
4437,4,7301,3495,3806,0,0,0,1.0,1,1.0,1,1.0,1,0.22295602290658376,61
4438,1,7302,3495,3807,0,0,0,1.0,1,1.0,1,1.0,1,0.21023347332518108,62
4439,0,7302,3495,3807,0,0,0,1.0,1,1.0,1,1.0,1,0.21857561626616848,63
4440,1,7303,3496,3807,0,0,0,1.0,1,1.0,1,1.0,1,0.2247663416126157,64
4441,1,7304,3496,3808,0,0,0,1.0,1,1.0,1,1.0,1,0.21022342741142475,64
4442,6,7310,3498,3812,0,0,0,1.0,1,1.0,1,1.0,1,0.18054860131279796,67
4443,1,7311,3498,3813,0,0,0,1.0,1,1.0,1,1.0,1,0.17397899686973337,68
4444,1,7312,3498,3814,0,0,0,1.0,1,1.0,1,1.0,1,0.14907838672787943,69
4445,2,7314,3499,3815,0,0,0,1.0,1,1.0,1,1.0,1,0.17111770216999833,71
4446,1,7315,3499,3816,0,0,0,1.0,1,1.0,1,1.0,1,0.1608941507955325,71
4447,2,7317,3499,3818,0,0,0,1.0,1,1.0,1,1.0,1,0.14259719782723151,72
4448,1,7318,3499,3819,0,0,0,1.0,1,1.0,1,1.0,1,0.14366428691777622,71
4449,1,7319,3500,3819,0,0,0,1.0,1,1.0,1,1.0,1,0.15368912300877968,70
4450,0,7319,3500,3819,0,0,0,1.0,1,1.0,1,1.0,1,0.16071406174006797,69
4451,0,7319,3500,3819,0,0,0,1.0,1,1.0,1,1.0,1,0.16618900636582432,69
4452,0,7319,3500,3819,0,0,0,1.0,1,1.0,1,1.0,1,0.16998564919774894,70
4453,2,7321,3500,3821,0,0,0,1.0,1,1.0,1,1.0,1,0.16899995471832063,70
4454,3,7324,3502,3822,0,0,0,1.0,1,1.0,1,1.0,1,0.19738109615296684,71
4455,5,7329,3504,3825,0,0,0,1.0,1,1.0,1,1.0,1,0.18509960247766383,71
4456,3,7332,3506,3826,0,0,0,1.0,1,1.0,1,1.0,1,0.2090227558898464,71
4457,2,7334,3507,3827,0,0,0,1.0,1,1.0,1,1.0,1,0.19759435341183965,69
4458,3,7337,3510,3827,0,0,0,1.0,1,1.0,1,1.0,1,0.23735758377407762,70
4459,3,7340,3511,3829,0,0,0,1.0,1,1.0,1,1.0,1,0.2239891140365611,68
4460,6,7346,3514,3832,0,0,0,1.0,1,1.0,1,1.0,1,0.18308350655103606,68
4461,0,7346,3514,3832,0,0,0,1.0,1,1.0,1,1.0,1,0.18266263451978146,67
4462,5,7351,3518,3833,0,0,0,1.0,1,1.0,1,1.0,1,0.17029331617475296,66
4463,4,7355,3522,3833,0,0,0,1.0,1,1.0,1,1.0,1,0.20853339319368683,65
4464,3,7358,3525,3833,0,0,0,1.0,1,1.0,1,1.0,1,0.25746170251553296,62
4465,7,7365,3528,3837,0,0,0,1.0,1,1.0,1,1.0,1,0.21342448553553892,61
4466,4,7369,3529,3840,0,0,0,1.0,1,1.0,1,1.0,1,0.21431999146179528,60
4467,3,7372,3531,3841,0,0,0,1.0,1,1.0,1,1.0,1,0.20028644317245325,58
4468,3,7375,3532,3843,0,0,0,1.0,1,1.0,1,1.0,1,0.19827321105978324,57
4469,1,7376,3533,3843,0,0,0,1.0,1,1.0,1,1.0,1,0.21124771929927624,56
4470,2,7378,3534,3844,0,0,0,1.0,1,1.0,1,1.0,1,0.20243795734666262,55
4471,2,7380,3535,3845,0,0,0,1.0,1,1.0,1,1.0,1,0.19772296971685469,55
4472,2,7382,3537,3845,0,0,0,1.0,1,1.0,1,1.0,1,0.2131378064013067,55
4473,0,7382,3537,3845,0,0,0,1.0,1,1.0,1,1.0,1,0.20603910015835042,55
4474,3,7385,3539,3846,0,0,0,1.0,1,1.0,1,1.0,1,0.2437264207244392,55
4475,2,7387,3540,3847,0,0,0,1.0,1,1.0,1,1.0,1,0.2014600387220688,56
4476,0,7387,3540,3847,0,0,0,1.0,1,1.0,1,1.0,1,0.2007173623254432,56
4477,2,7389,3540,3849,0,0,0,1.0,1,1.0,1,1.0,1,0.1844660229448381,57
4478,1,7390,3540,3850,0,0,0,1.0,1,1.0,1,1.0,1,0.19015391596098086,55
4479,1,7391,3541,3850,0,0,0,1.0,1,1.0,1,1.0,1,0.19746956680475103,55
4480,2,7393,3541,3852,0,0,0,1.0,1,1.0,1,1.0,1,0.18097189811461775,54
4481,1,7394,3541,3853,0,0,0,1.0,1,1.0,1,1.0,1,0.21959651278176776,53
4482,2,7396,3543,3853,0,0,0,1.0,1,1.0,1,1.0,1,0.23427150569276256,54
4483,3,7399,3543,3856,0,0,0,1.0,1,1.0,1,1.0,1,0.19054536617284878,55
4484,1,7400,3544,3856,0,0,0,1.0,1,1.0,1,1.0,1,0.193249079579239,57
4485,3,7403,3546,3857,0,0,0,1.0,1,1.0,1,1.0,1,0.2251073338539015,60
4486,5,7408,3548,3860,0,0,0,1.0,1,1.0,1,1.0,1,0.17239142170112115,60
4487,0,7408,3548,3860,0,0,0,1.0,1,1.0,1,1.0,1,0.17239142170112115,60
4488,0,7408,3548,3860,0,0,0,1.0,1,1.0,1,1.0,1,0.17239142170112115,60
4489,2,7410,3549,3861,0,0,0,1.0,1,1.0,1,1.0,1,0.15246584530996013,60
4490,0,7410,3549,3861,0,0,0,1.0,1,1.0,1,1.0,1,0.15246584530996013,60
4491,1,7411,3550,3861,0,0,0,1.0,1,1.0,1,1.0,1,0.1437660174212581,61
4492,0,7411,3550,3861,0,0,0,1.0,1,1.0,1,1.0,1,0.1437660174212581,61
4493,1,7412,3551,3861,0,0,0,1.0,1,1.0,1,1.0,1,0.15858351342567542,60
4494,4,7416,3553,3863,0,0,0,1.0,1,1.0,1,1.0,1,0.15331250169730773,61
4495,1,7417,3553,3864,0,0,0,1.0,1,1.0,1,1.0,1,0.14454627673809545,59
4496,1,7418,3553,3865,0,0,0,1.0,1,1.0,1,1.0,1,0.17424224709517583,60
4497,1,7419,3554,3865,0,0,0,1.0,1,1.0,1,1.0,1,0.1810143485837644,59
4498,0,7419,3554,3865,0,0,0,1.0,1,1.0,1,1.0,1,0.19763439097963167,57
4499,3,7422,3556,3866,0,0,0,1.0,1,1.0,1,1.0,1,0.225095868137604,58
4500,0,7422,3556,3866,0,0,0,1.0,1,1.0,1,1.0,1,0.19632941085169078,56
4501,2,7424,3557,3867,0,0,0,1.0,1,1.0,1,1.0,1,0.20178394393499424,57
4502,5,7429,3561,3868,0,0,0,1.0,1,1.0,1,1.0,1,0.2399678999042027,56
4503,1,7430,3562,3868,0,0,0,1.0,1,1.0,1,1.0,1,0.2632318973037849,54
4504,3,7433,3563,3870,0,0,0,1.0,1,1.0,1,1.0,1,0.23800943601310934,54
4505,1,7434,3564,3870,0,0,0,1.0,1,1.0,1,1.0,1,0.284159223146071,51
4506,0,7434,3564,3870,0,0,0,1.0,1,1.0,1,1.0,1,0.2744536747283285,49
4507,3,7437,3566,3871,0,0,0,1.0,1,1.0,1,1.0,1,0.2938448950139228,48
4508,2,7439,3566,3873,0,0,0,1.0,1,1.0,1,1.0,1,0.26449537063134576,48
4509,3,7442,3569,3873,0,0,0,1.0,1,1.0,1,1.0,1,0.28800742076318697,46
4510,2,7444,3569,3875,0,0,0,1.0,1,1.0,1,1.0,1,0.26764600680287465,44
4511,3,7447,3570,3877,0,0,0,1.0,1,1.0,1,1.0,1,0.2669966735385873,45
4512,2,7449,3571,3878,0,0,0,1.0,1,1.0,1,1.0,1,0.26324967259359483,46
4513,3,7452,3571,3881,0,0,0,1.0,1,1.0,1,1.0,1,0.23487334411397373,45
4514,2,7454,3572,3882,0,0,0,1.0,1,1.0,1,1.0,1,0.2330189721010366,46
4515,0,7454,3572,3882,0,0,0,1.0,1,1.0,1,1.0,1,0.2500275125232141,48
4516,4,7458,3573,3885,0,0,0,1.0,1,1.0,1,1.0,1,0.2451442461456211,49
4517,2,7460,3573,3887,0,0,0,1.0,1,1.0,1,1.0,1,0.22537234532788544,50
4518,2,7462,3574,3888,0,0,0,1.0,1,1.0,1,1.0,1,0.1978178985930873,50
4519,2,7464,3576,3888,0,0,0,1.0,1,1.0,1,1.0,1,0.21036955279100136,49
4520,0,7464,3576,3888,0,0,0,1.0,1,1.0,1,1.0,1,0.22283002511929836,50
4521,1,7465,3576,3889,0,0,0,1.0,1,1.0,1,1.0,1,0.21138441156579763,50
4522,0,7465,3576,3889,0,0,0,1.0,1,1.0,1,1.0,1,0.21138441156579763,50
4523,0,7465,3576,3889,0,0,0,1.0,1,1.0,1,1.0,1,0.2141517241853445,51
4524,2,7467,3577,3890,0,0,0,1.0,1,1.0,1,1.0,1,0.22369439276125735,52
4525,3,7470,3578,3892,0,0,0,1.0,1,1.0,1,1.0,1,0.2092945909405479,53
4526,0,7470,3578,3892,0,0,0,1.0,1,1.0,1,1.0,1,0.19632676162467458,54
4527,1,7471,3578,3893,0,0,0,1.0,1,1.0,1,1.0,1,0.20080921087005946,55
4528,0,7471,3578,3893,0,0,0,1.0,1,1.0,1,1.0,1,0.20080921087005946,55
4529,0,7471,3578,3893,0,0,0,1.0,1,1.0,1,1.0,1,0.2075009428176036,55
4530,0,7471,3578,3893,0,0,0,1.0,1,1.0,1,1.0,1,0.2139488782270187,56
4531,5,7476,3581,3895,0,0,0,1.0,1,1.0,1,1.0,1,0.20614857854582652,56
4532,1,7477,3582,3895,0,0,0,1.0,1,1.0,1,1.0,1,0.2141610266301182,55
4533,1,7478,3583,3895,0,0,0,1.0,1,1.0,1,1.0,1,0.26390969568199313,54
4534,2,7480,3583,3897,0,0,0,1.0,1,1.0,1,1.0,1,0.22910042709913955,55
4535,2,7482,3584,3898,0,0,0,1.0,1,1.0,1,1.0,1,0.2319974595879537,52
4536,4,7486,3586,3900,0,0,0,1.0,1,1.0,1,1.0,1,0.24269138866306045,53
4537,4,7490,3587,3903,0,0,0,1.0,1,1.0,1,1.0,1,0.21301482671007527,52
4538,0,7490,3587,3903,0,0,0,1.0,1,1.0,1,1.0,1,0.23236034828186958,52
4539,1,7491,3588,3903,0,0,0,1.0,1,1.0,1,1.0,1,0.254104999981101,53
4540,6,7497,3589,3908,0,0,0,1.0,1,1.0,1,1.0,1,0.21880917109124054,54
4541,0,7497,3589,3908,0,0,0,1.0,1,1.0,1,1.0,1,0.23406865689801584,53
4542,4,7501,3592,3909,0,0,0,1.0,1,1.0,1,1.0,1,0.27580422781078895,53
4543,6,7507,3593,3914,0,0,0,1.0,1,1.0,1,1.0,1,0.21248055646824943,53
4544,3,7510,3594,3916,0,0,0,1.0,1,1.0,1,1.0,1,0.1799406468881211,52
4545,0,7510,3594,3916,0,0,0,1.0,1,1.0,1,1.0,1,0.18645544862377186,50
4546,1,7511,3594,3917,0,0,0,1.0,1,1.0,1,1.0,1,0.1881200447676202,49
4547,1,7512,3595,3917,0,0,0,1.0,1,1.0,1,1.0,1,0.1874243683357464,49
4548,0,7512,3595,3917,0,0,0,1.0,1,1.0,1,1.0,1,0.1874243683357464,49
4549,2,7514,3597,3917,0,0,0,1.0,1,1.0,1,1.0,1,0.201435707005097,50
4550,1,7515,3598,3917,0,0,0,1.0,1,1.0,1,1.0,1,0.2138859021962267,49
4551,0,7515,3598,3917,0,0,0,1.0,1,1.0,1,1.0,1,0.2138859021962267,49
4552,2,7517,3598,3919,0,0,0,1.0,1,1.0,1,1.0,1,0.19501768758973534,49
4553,1,7518,3599,3919,0,0,0,1.0,1,1.0,1,1.0,1,0.24205937117363208,49
4554,1,7519,3599,3920,0,0,0,1.0,1,1.0,1,1.0,1,0.2309087848176492,49
4555,3,7522,3600,3922,0,0,0,1.0,1,1.0,1,1.0,1,0.20356486009293315,48
4556,1,7523,3601,3922,0,0,0,1.0,1,1.0,1,1.0,1,0.18095125493394634,48
4557,1,7524,3602,3922,0,0,0,1.0,1,1.0,1,1.0,1,0.19840743757048976,49
4558,1,7525,3603,3922,0,0,0,1.0,1,1.0,1,1.0,1,0.16427823390454974,49
4559,0,7525,3603,3922,0,0,0,1.0,1,1.0,1,1.0,1,0.19283822836871778,50
4560,0,7525,3603,3922,0,0,0,1.0,1,1.0,1,1.0,1,0.20238011115028978,51
4561,0,7525,3603,3922,0,0,0,1.0,1,1.0,1,1.0,1,0.20456489237489003,52
4562,1,7526,3604,3922,0,0,0,1.0,1,1.0,1,1.0,1,0.2455926209921929,53
4563,0,7526,3604,3922,0,0,0,1.0,1,1.0,1,1.0,1,0.23429064718857479,52
4564,2,7528,3604,3924,0,0,0,1.0,1,1.0,1,1.0,1,0.21792115538006665,54
4565,3,7531,3607,3924,0,0,0,1.0,1,1.0,1,1.0,1,0.23005483002607838,55
4566,3,7534,3607,3927,0,0,0,1.0,1,1.0,1,1.0,1,0.1903806476823799,55
4567,2,7536,3609,3927,0,0,0,1.0,1,1.0,1,1.0,1,0.17446782237926195,56
4568,3,7539,3610,3929,0,0,0,1.0,1,1.0,1,1.0,1,0.18731001038607054,58
4569,1,7540,3610,3930,0,0,0,1.0,1,1.0,1,1.0,1,0.1702270869556586,59
4570,1,7541,3611,3930,0,0,0,1.0,1,1.0,1,1.0,1,0.1718036713818775,59
4571,0,7541,3611,3930,0,0,0,1.0,1,1.0,1,1.0,1,0.16131577990783222,57
4572,2,7543,3613,3930,0,0,0,1.0,1,1.0,1,1.0,1,0.20559245367266238,56
4573,2,7545,3614,3931,0,0,0,1.0,1,1.0,1,1.0,1,0.2074713226450801,56
4574,0,7545,3614,3931,0,0,0,1.0,1,1.0,1,1.0,1,0.22885210970399794,55
4575,1,7546,3615,3931,0,0,0,1.0,1,1.0,1,1.0,1,0.23748524099563273,55
4576,2,7548,3615,3933,0,0,0,1.0,1,1.0,1,1.0,1,0.2272292426527735,55
4577,0,7548,3615,3933,0,0,0,1.0,1,1.0,1,1.0,1,0.24191286271601556,54
4578,1,7549,3616,3933,0,0,0,1.0,1,1.0,1,1.0,1,0.245279511757187,54
4579,1,7550,3616,3934,0,0,0,1.0,1,1.0,1,1.0,1,0.2230806077033391,54
4580,1,7551,3616,3935,0,0,0,1.0,1,1.0,1,1.0,1,0.2047213449894732,55
4581,1,7552,3617,3935,0,0,0,1.0,1,1.0,1,1.0,1,0.23487801892789123,56
4582,0,7552,3617,3935,0,0,0,1.0,1,1.0,1,1.0,1,0.23487801892789123,56
4583,1,7553,3618,3935,0,0,0,1.0,1,1.0,1,1.0,1,0.24567023615396763,57
4584,1,7554,3619,3935,0,0,0,1.0,1,1.0,1,1.0,1,0.2742192333542857,57
4585,1,7555,3619,3936,0,0,0,1.0,1,1.0,1,1.0,1,0.2508143167127942,57
4586,0,7555,3619,3936,0,0,0,1.0,1,1.0,1,1.0,1,0.2508143167127942,57
4587,0,7555,3619,3936,0,0,0,1.0,1,1.0,1,1.0,1,0.2508143167127942,57
4588,0,7555,3619,3936,0,0,0,1.0,1,1.0,1,1.0,1,0.26077174444715023,58
4589,0,7555,3619,3936,0,0,0,1.0,1,1.0,1,1.0,1,0.2617409005552886,59
4590,1,7556,3619,3937,0,0,0,1.0,1,1.0,1,1.0,1,0.262112683869737,60
4591,2,7558,3619,3939,0,0,0,1.0,1,1.0,1,1.0,1,0.25032079159188464,61
4592,0,7558,3619,3939,0,0,0,1.0,1,1.0,1,1.0,1,0.25126956213742574,62
4593,1,7559,3619,3940,0,0,0,1.0,1,1.0,1,1.0,1,0.2385093546818371,64
4594,0,7559,3619,3940,0,0,0,1.0,1,1.0,1,1.0,1,0.2385093546818371,64
4595,1,7560,3620,3940,0,0,0,1.0,1,1.0,1,1.0,1,0.24457490579164465,63
4596,0,7560,3620,3940,0,0,0,1.0,1,1.0,1,1.0,1,0.24457490579164465,63
4597,3,7563,3622,3941,0,0,0,1.0,1,1.0,1,1.0,1,0.2257635456739671,63
4598,2,7565,3623,3942,0,0,0,1.0,1,1.0,1,1.0,1,0.21201252840227644,65
4599,4,7569,3624,3945,0,0,0,1.0,1,1.0,1,1.0,1,0.19592209117293305,66
4600,3,7572,3625,3947,0,0,0,1.0,1,1.0,1,1.0,1,0.18389071082038547,67
4601,0,7572,3625,3947,0,0,0,1.0,1,1.0,1,1.0,1,0.18389071082038547,67
4602,0,7572,3625,3947,0,0,0,1.0,1,1.0,1,1.0,1,0.18534383408173638,69
4603,2,7574,3626,3948,0,0,0,1.0,1,1.0,1,1.0,1,0.18974820338161086,69
4604,3,7577,3626,3951,0,0,0,1.0,1,1.0,1,1.0,1,0.16037118151223184,69
4605,0,7577,3626,3951,0,0,0,1.0,1,1.0,1,1.0,1,0.15817754367997441,70
4606,0,7577,3626,3951,0,0,0,1.0,1,1.0,1,1.0,1,0.15817754367997441,70
4607,0,7577,3626,3951,0,0,0,1.0,1,1.0,1,1.0,1,0.15907735273850582,72
4608,1,7578,3626,3952,0,0,0,1.0,1,1.0,1,1.0,1,0.1577789301110146,73
4609,2,7580,3627,3953,0,0,0,1.0,1,1.0,1,1.0,1,0.16657899385342528,72
4610,2,7582,3628,3954,0,0,0,1.0,1,1.0,1,1.0,1,0.15824296823250633,72
4611,0,7582,3628,3954,0,0,0,1.0,1,1.0,1,1.0,1,0.17667771000344124,71
4612,4,7586,3630,3956,0,0,0,1.0,1,1.0,1,1.0,1,0.20179685577206236,70
4613,0,7586,3630,3956,0,0,0,1.0,1,1.0,1,1.0,1,0.192380031617768,69
4614,1,7587,3630,3957,0,0,0,1.0,1,1.0,1,1.0,1,0.19193121390492007,68
4615,3,7590,3632,3958,0,0,0,1.0,1,1.0,1,1.0,1,0.18844220196883182,68
4616,0,7590,3632,3958,0,0,0,1.0,1,1.0,1,1.0,1,0.22356487634731081,65
4617,2,7592,3633,3959,0,0,0,1.0,1,1.0,1,1.0,1,0.20752035674661895,66
4618,1,7593,3634,3959,0,0,0,1.0,1,1.0,1,1.0,1,0.23126274846310907,66
4619,0,7593,3634,3959,0,0,0,1.0,1,1.0,1,1.0,1,0.23846004301824933,65
4620,1,7594,3634,3960,0,0,0,1.0,1,1.0,1,1.0,1,0.2312975191957267,65
4621,7,7601,3637,3964,0,0,0,1.0,1,1.0,1,1.0,1,0.22815046134532255,67
4622,1,7602,3637,3965,0,0,0,1.0,1,1.0,1,1.0,1,0.23541380621705735,65
4623,3,7605,3640,3965,0,0,0,1.0,1,1.0,1,1.0,1,0.25537012357881594,66
4624,4,7609,3642,3967,0,0,0,1.0,1,1.0,1,1.0,1,0.24083602385158692,65
4625,1,7610,3642,3968,0,0,0,1.0,1,1.0,1,1.0,1,0.23411302757229335,64
4626,3,7613,3644,3969,0,0,0,1.0,1,1.0,1,1.0,1,0.2177593596652346,63
4627,5,7618,3644,3974,0,0,0,1.0,1,1.0,1,1.0,1,0.16546253515504364,65
4628,0,7618,3644,3974,0,0,0,1.0,1,1.0,1,1.0,1,0.1708702737526508,64
4629,3,7621,3646,3975,0,0,0,1.0,1,1.0,1,1.0,1,0.16863081168959643,64
4630,2,7623,3646,3977,0,0,0,1.0,1,1.0,1,1.0,1,0.14758821447805914,64
4631,3,7626,3647,3979,0,0,0,1.0,1,1.0,1,1.0,1,0.18136893012617283,66
4632,2,7628,3647,3981,0,0,0,1.0,1,1.0,1,1.0,1,0.16689012321438038,65
4633,0,7628,3647,3981,0,0,0,1.0,1,1.0,1,1.0,1,0.1606896882501881,66
4634,0,7628,3647,3981,0,0,0,1.0,1,1.0,1,1.0,1,0.1606896882501881,66
4635,0,7628,3647,3981,0,0,0,1.0,1,1.0,1,1.0,1,0.16102733972388006,66
4636,0,7628,3647,3981,0,0,0,1.0,1,1.0,1,1.0,1,0.16102733972388006,66
4637,1,7629,3647,3982,0,0,0,1.0,1,1.0,1,1.0,1,0.14406240603536344,68
4638,0,7629,3647,3982,0,0,0,1.0,1,1.0,1,1.0,1,0.14406240603536344,68
4639,1,7630,3648,3982,0,0,0,1.0,1,1.0,1,1.0,1,0.15436614411833716,69
4640,0,7630,3648,3982,0,0,0,1.0,1,1.0,1,1.0,1,0.15436614411833716,69
4641,3,7633,3649,3984,0,0,0,1.0,1,1.0,1,1.0,1,0.1551006764677266,70
4642,3,7636,3649,3987,0,0,0,1.0,1,1.0,1,1.0,1,0.12453261248962087,69
4643,1,7637,3650,3987,0,0,0,1.0,1,1.0,1,1.0,1,0.14400808487155708,70
4644,1,7638,3651,3987,0,0,0,1.0,1,1.0,1,1.0,1,0.17190721696022862,69
4645,1,7639,3652,3987,0,0,0,1.0,1,1.0,1,1.0,1,0.18494512516093664,70
4646,1,7640,3653,3987,0,0,0,1.0,1,1.0,1,1.0,1,0.21857476504633366,68
4647,3,7643,3655,3988,0,0,0,1.0,1,1.0,1,1.0,1,0.22539730563486357,68
4648,3,7646,3655,3991,0,0,0,1.0,1,1.0,1,1.0,1,0.2281345048843377,67
4649,3,7649,3656,3993,0,0,0,1.0,1,1.0,1,1.0,1,0.24929410820630443,67
4650,0,7649,3656,3993,0,0,0,1.0,1,1.0,1,1.0,1,0.22625172333079713,67
4651,5,7654,3658,3996,0,0,0,1.0,1,1.0,1,1.0,1,0.19889632145493014,68
4652,1,7655,3659,3996,0,0,0,1.0,1,1.0,1,1.0,1,0.21998813611167117,66
4653,2,7657,3660,3997,0,0,0,1.0,1,1.0,1,1.0,1,0.22100302301905747,64
4654,1,7658,3661,3997,0,0,0,1.0,1,1.0,1,1.0,1,0.2246095143384772,65
4655,0,7658,3661,3997,0,0,0,1.0,1,1.0,1,1.0,1,0.2238227685413316,64
4656,1,7659,3662,3997,0,0,0,1.0,1,1.0,1,1.0,1,0.23885316952673502,65
4657,3,7662,3664,3998,0,0,0,1.0,1,1.0,1,1.0,1,0.23660246308912222,66
4658,0,7662,3664,3998,0,0,0,1.0,1,1.0,1,1.0,1,0.25250712748837256,65
4659,1,7663,3664,3999,0,0,0,1.0,1,1.0,1,1.0,1,0.24083672557876712,65
4660,1,7664,3665,3999,0,0,0,1.0,1,1.0,1,1.0,1,0.25864385993943156,66
4661,0,7664,3665,3999,0,0,0,1.0,1,1.0,1,1.0,1,0.26969258573498195,66
4662,3,7667,3666,4001,0,0,0,1.0,1,1.0,1,1.0,1,0.25566679826669714,68
4663,1,7668,3666,4002,0,0,0,1.0,1,1.0,1,1.0,1,0.25409335077898015,67
4664,3,7671,3668,4003,0,0,0,1.0,1,1.0,1,1.0,1,0.26349675145237705,67
4665,2,7673,3669,4004,0,0,0,1.0,1,1.0,1,1.0,1,0.2551504332697788,67
4666,3,7676,3669,4007,0,0,0,1.0,1,1.0,1,1.0,1,0.24036229482369406,67
4667,2,7678,3670,4008,0,0,0,1.0,1,1.0,1,1.0,1,0.23852060466107863,66
4668,2,7680,3672,4008,0,0,0,1.0,1,1.0,1,1.0,1,0.24986262065301218,66
4669,4,7684,3674,4010,0,0,0,1.0,1,1.0,1,1.0,1,0.25839684247674594,66
4670,0,7684,3674,4010,0,0,0,1.0,1,1.0,1,1.0,1,0.2726239831299775,64
4671,0,7684,3674,4010,0,0,0,1.0,1,1.0,1,1.0,1,0.2726239831299775,64
4672,5,7689,3676,4013,0,0,0,1.0,1,1.0,1,1.0,1,0.2588352327127251,64
4673,1,7690,3676,4014,0,0,0,1.0,1,1.0,1,1.0,1,0.24779421639773042,65
4674,3,7693,3678,4015,0,0,0,1.0,1,1.0,1,1.0,1,0.257645032995838,66
4675,2,7695,3678,4017,0,0,0,1.0,1,1.0,1,1.0,1,0.2551775277597332,65
4676,0,7695,3678,4017,0,0,0,1.0,1,1.0,1,1.0,1,0.2671942367537611,65
4677,3,7698,3680,4018,0,0,0,1.0,1,1.0,1,1.0,1,0.2574828669091114,65
4678,1,7699,3680,4019,0,0,0,1.0,1,1.0,1,1.0,1,0.2539292378232068,64
4679,1,7700,3681,4019,0,0,0,1.0,1,1.0,1,1.0,1,0.24904159374812454,66
4680,1,7701,3681,4020,0,0,0,1.0,1,1.0,1,1.0,1,0.2566059241733794,67
4681,5,7706,3682,4024,0,0,0,1.0,1,1.0,1,1.0,1,0.2296685437145266,67
4682,4,7710,3685,4025,0,0,0,1.0,1,1.0,1,1.0,1,0.25164917298503986,67
4683,2,7712,3685,4027,0,0,0,1.0,1,1.0,1,1.0,1,0.22975287591827168,67
4684,2,7714,3685,4029,0,0,0,1.0,1,1.0,1,1.0,1,0.23122653583415664,66
4685,1,7715,3685,4030,0,0,0,1.0,1,1.0,1,1.0,1,0.21329648477731694,65
4686,1,7716,3686,4030,0,0,0,1.0,1,1.0,1,1.0,1,0.22555556522875372,65
4687,0,7716,3686,4030,0,0,0,1.0,1,1.0,1,1.0,1,0.2168506745411311,65
4688,2,7718,3688,4030,0,0,0,1.0,1,1.0,1,1.0,1,0.25346534131011894,64
4689,5,7723,3690,4033,0,0,0,1.0,1,1.0,1,1.0,1,0.2858091868311469,65
4690,1,7724,3690,4034,0,0,0,1.0,1,1.0,1,1.0,1,0.2963839298870921,63
4691,6,7730,3692,4038,0,0,0,1.0,1,1.0,1,1.0,1,0.26773807684926926,64
4692,1,7731,3692,4039,0,0,0,1.0,1,1.0,1,1.0,1,0.2521326677309684,63
4693,1,7732,3692,4040,0,0,0,1.0,1,1.0,1,1.0,1,0.24405150220742886,64
4694,0,7732,3692,4040,0,0,0,1.0,1,1.0,1,1.0,1,0.24104162153006772,63
4695,0,7732,3692,4040,0,0,0,1.0,1,1.0,1,1.0,1,0.24635008941706205,62
4696,1,7733,3692,4041,0,0,0,1.0,1,1.0,1,1.0,1,0.23463961775960435,61
4697,2,7735,3693,4042,0,0,0,1.0,1,1.0,1,1.0,1,0.22038401688945758,63
4698,1,7736,3693,4043,0,0,0,1.0,1,1.0,1,1.0,1,0.21248930169055175,63
4699,2,7738,3693,4045,0,0,0,1.0,1,1.0,1,1.0,1,0.18990631710349665,65
4700,0,7738,3693,4045,0,0,0,1.0,1,1.0,1,1.0,1,0.20053550344946874,64
4701,0,7738,3693,4045,0,0,0,1.0,1,1.0,1,1.0,1,0.20053550344946874,64
4702,0,7738,3693,4045,0,0,0,1.0,1,1.0,1,1.0,1,0.19984474982291342,66
4703,1,7739,3694,4045,0,0,0,1.0,1,1.0,1,1.0,1,0.20209532583354217,65
4704,3,7742,3696,4046,0,0,0,1.0,1,1.0,1,1.0,1,0.19179267067158645,64
4705,4,7746,3698,4048,0,0,0,1.0,1,1.0,1,1.0,1,0.2348722939418797,65
4706,2,7748,3700,4048,0,0,0,1.0,1,1.0,1,1.0,1,0.24709645409439226,65
4707,4,7752,3702,4050,0,0,0,1.0,1,1.0,1,1.0,1,0.26311616993846487,63
4708,6,7758,3704,4054,0,0,0,1.0,1,1.0,1,1.0,1,0.2350158898254909,62
4709,3,7761,3707,4054,0,0,0,1.0,1,1.0,1,1.0,1,0.2739954762955973,61
4710,0,7761,3707,4054,0,0,0,1.0,1,1.0,1,1.0,1,0.27539846266325124,60
4711,7,7768,3710,4058,0,0,0,1.0,1,1.0,1,1.0,1,0.21582962546075102,59
4712,0,7768,3710,4058,0,0,0,1.0,1,1.0,1,1.0,1,0.21037894724553183,58
4713,2,7770,3711,4059,0,0,0,1.0,1,1.0,1,1.0,1,0.22048537989704967,58
4714,1,7771,3711,4060,0,0,0,1.0,1,1.0,1,1.0,1,0.20803702086673262,57
4715,0,7771,3711,4060,0,0,0,1.0,1,1.0,1,1.0,1,0.21113127078712624,57
4716,2,7773,3712,4061,0,0,0,1.0,1,1.0,1,1.0,1,0.21494158059566595,55
4717,1,7774,3713,4061,0,0,0,1.0,1,1.0,1,1.0,1,0.22589350952396062,57
4718,2,7776,3713,4063,0,0,0,1.0,1,1.0,1,1.0,1,0.1779485130915774,56
4719,2,7778,3714,4064,0,0,0,1.0,1,1.0,1,1.0,1,0.22443368047073498,56
4720,2,7780,3714,4066,0,0,0,1.0,1,1.0,1,1.0,1,0.20589736696601468,57
4721,1,7781,3714,4067,0,0,0,1.0,1,1.0,1,1.0,1,0.19444553959518968,57
4722,1,7782,3715,4067,0,0,0,1.0,1,1.0,1,1.0,1,0.19176173677122738,57
4723,3,7785,3716,4069,0,0,0,1.0,1,1.0,1,1.0,1,0.18814390953789684,57
4724,0,7785,3716,4069,0,0,0,1.0,1,1.0,1,1.0,1,0.18967535915853795,57
4725,0,7785,3716,4069,0,0,0,1.0,1,1.0,1,1.0,1,0.22847905954957734,57
4726,4,7789,3719,4070,0,0,0,1.0,1,1.0,1,1.0,1,0.23867566758956477,57
4727,0,7789,3719,4070,0,0,0,1.0,1,1.0,1,1.0,1,0.2522290941395417,56
4728,2,7791,3719,4072,0,0,0,1.0,1,1.0,1,1.0,1,0.23012388661146926,57
4729,0,7791,3719,4072,0,0,0,1.0,1,1.0,1,1.0,1,0.24461684605201886,56
4730,2,7793,3721,4072,0,0,0,1.0,1,1.0,1,1.0,1,0.2972460845104761,54
4731,2,7795,3722,4073,0,0,0,1.0,1,1.0,1,1.0,1,0.28559177783835593,54
4732,2,7797,3723,4074,0,0,0,1.0,1,1.0,1,1.0,1,0.3131589345022356,54
4733,1,7798,3724,4074,0,0,0,1.0,1,1.0,1,1.0,1,0.3291376286473842,55
4734,2,7800,3725,4075,0,0,0,1.0,1,1.0,1,1.0,1,0.33956720980817073,56
4735,3,7803,3727,4076,0,0,0,1.0,1,1.0,1,1.0,1,0.32983868811918676,56
4736,0,7803,3727,4076,0,0,0,1.0,1,1.0,1,1.0,1,0.3277096917342868,58
4737,0,7803,3727,4076,0,0,0,1.0,1,1.0,1,1.0,1,0.32136305175779095,59
4738,3,7806,3730,4076,0,0,0,1.0,1,1.0,1,1.0,1,0.36600895223428687,60
4739,3,7809,3730,4079,0,0,0,1.0,1,1.0,1,1.0,1,0.3364396100483727,60
4740,0,7809,3730,4079,0,0,0,1.0,1,1.0,1,1.0,1,0.3364396100483727,60
4741,2,7811,3731,4080,0,0,0,1.0,1,1.0,1,1.0,1,0.346108713932138,61
4742,3,7814,3732,4082,0,0,0,1.0,1,1.0,1,1.0,1,0.3291635182094646,61
4743,0,7814,3732,4082,0,0,0,1.0,1,1.0,1,1.0,1,0.3201285980765388,60
4744,2,7816,3734,4082,0,0,0,1.0,1,1.0,1,1.0,1,0.320753490698534,60
4745,2,7818,3735,4083,0,0,0,1.0,1,1.0,1,1.0,1,0.31059957585159415,59
4746,3,7821,3736,4085,0,0,0,1.0,1,1.0,1,1.0,1,0.3006010939954144,59
4747,5,7826,3738,4088,0,0,0,1.0,1,1.0,1,1.0,1,0.26808482612200485,58
4748,3,7829,3740,4089,0,0,0,1.0,1,1.0,1,1.0,1,0.25269238345434847,58
4749,4,7833,3741,4092,0,0,0,1.0,1,1.0,1,1.0,1,0.2170358595877366,58
4750,3,7836,3742,4094,0,0,0,1.0,1,1.0,1,1.0,1,0.19506123328535868,56
4751,2,7838,3744,4094,0,0,0,1.0,1,1.0,1,1.0,1,0.22746752666538347,58
4752,1,7839,3745,4094,0,0,0,1.0,1,1.0,1,1.0,1,0.21959766478540127,55
4753,1,7840,3745,4095,0,0,0,1.0,1,1.0,1,1.0,1,0.2110623265134059,55
4754,1,7841,3746,4095,0,0,0,1.0,1,1.0,1,1.0,1,0.2209101624211409,54
4755,1,7842,3747,4095,0,0,0,1.0,1,1.0,1,1.0,1,0.2381184317781834,54
4756,3,7845,3748,4097,0,0,0,1.0,1,1.0,1,1.0,1,0.24268054697516886,54
4757,0,7845,3748,4097,0,0,0,1.0,1,1.0,1,1.0,1,0.23376618654594786,53
4758,1,7846,3749,4097,0,0,0,1.0,1,1.0,1,1.0,1,0.25615146743411693,53
4759,1,7847,3749,4098,0,0,0,1.0,1,1.0,1,1.0,1,0.24252999876052178,53
4760,2,7849,3750,4099,0,0,0,1.0,1,1.0,1,1.0,1,0.23492319152103128,53
4761,2,7851,3752,4099,0,0,0,1.0,1,1.0,1,1.0,1,0.25577208945692964,52
4762,6,7857,3754,4103,0,0,0,1.0,1,1.0,1,1.0,1,0.269447013302462,54
4763,1,7858,3755,4103,0,0,0,1.0,1,1.0,1,1.0,1,0.28407992633853235,54
4764,4,7862,3756,4106,0,0,0,1.0,1,1.0,1,1.0,1,0.2705632547976636,55
4765,5,7867,3759,4108,0,0,0,1.0,1,1.0,1,1.0,1,0.28387667752917095,56
4766,2,7869,3759,4110,0,0,0,1.0,1,1.0,1,1.0,1,0.23843871629071245,58
4767,1,7870,3759,4111,0,0,0,1.0,1,1.0,1,1.0,1,0.23316649504476064,59
4768,3,7873,3760,4113,0,0,0,1.0,1,1.0,1,1.0,1,0.19792024559481988,60
4769,0,7873,3760,4113,0,0,0,1.0,1,1.0,1,1.0,1,0.20109022644374722,59
4770,0,7873,3760,4113,0,0,0,1.0,1,1.0,1,1.0,1,0.2146895795559943,60
4771,1,7874,3760,4114,0,0,0,1.0,1,1.0,1,1.0,1,0.22318570817117048,59
4772,1,7875,3761,4114,0,0,0,1.0,1,1.0,1,1.0,1,0.21647681413819062,59
4773,0,7875,3761,4114,0,0,0,1.0,1,1.0,1,1.0,1,0.20134202523523728,60
4774,1,7876,3761,4115,0,0,0,1.0,1,1.0,1,1.0,1,0.18924808704142101,60
4775,0,7876,3761,4115,0,0,0,1.0,1,1.0,1,1.0,1,0.1859920530403685,62
4776,0,7876,3761,4115,0,0,0,1.0,1,1.0,1,1.0,1,0.17352690408030497,63
4777,1,7877,3761,4116,0,0,0,1.0,1,1.0,1,1.0,1,0.1667758303191065,63
4778,0,7877,3761,4116,0,0,0,1.0,1,1.0,1,1.0,1,0.1667758303191065,63
4779,0,7877,3761,4116,0,0,0,1.0,1,1.0,1,1.0,1,0.1667758303191065,63
4780,3,7880,3763,4117,0,0,0,1.0,1,1.0,1,1.0,1,0.17918946683780007,65
4781,3,7883,3764,4119,0,0,0,1.0,1,1.0,1,1.0,1,0.1928404207834028,64
4782,3,7886,3764,4122,0,0,0,1.0,1,1.0,1,1.0,1,0.17129328613149825,65
4783,3,7889,3766,4123,0,0,0,1.0,1,1.0,1,1.0,1,0.18028112797803347,66
4784,5,7894,3770,4124,0,0,0,1.0,1,1.0,1,1.0,1,0.1857643269884618,64
4785,1,7895,3770,4125,0,0,0,1.0,1,1.0,1,1.0,1,0.17169201250508684,65
4786,5,7900,3772,4128,0,0,0,1.0,1,1.0,1,1.0,1,0.16531736287627183,66
4787,3,7903,3773,4130,0,0,0,1.0,1,1.0,1,1.0,1,0.14783418825923475,63
4788,6,7909,3778,4131,0,0,0,1.0,1,1.0,1,1.0,1,0.1972270977354393,63
4789,6,7915,3781,4134,0,0,0,1.0,1,1.0,1,1.0,1,0.1475487167727901,60
4790,6,7921,3784,4137,0,0,0,1.0,1,1.0,1,1.0,1,0.14450195667769888,61
4791,2,7923,3786,4137,0,0,0,1.0,1,1.0,1,1.0,1,0.14858893024582967,59
4792,2,7925,3787,4138,0,0,0,1.0,1,1.0,1,1.0,1,0.13764987639801898,59
4793,2,7927,3789,4138,0,0,0,1.0,1,1.0,1,1.0,1,0.15553297161763496,61
4794,2,7929,3791,4138,0,0,0,1.0,1,1.0,1,1.0,1,0.14646672128994687,60
4795,1,7930,3791,4139,0,0,0,1.0,1,1.0,1,1.0,1,0.13679545596390819,61
4796,5,7935,3794,4141,0,0,0,1.0,1,1.0,1,1.0,1,0.1356385085058616,60
4797,4,7939,3797,4142,0,0,0,1.0,1,1.0,1,1.0,1,0.1649149372440557,61
4798,4,7943,3798,4145,0,0,0,1.0,1,1.0,1,1.0,1,0.14338322151415092,61
4799,0,7943,3798,4145,0,0,0,1.0,1,1.0,1,1.0,1,0.17902018496490957,59
4800,2,7945,3799,4146,0,0,0,1.0,1,1.0,1,1.0,1,0.19993315588497465,57
4801,6,7951,3799,4152,0,0,0,1.0,1,1.0,1,1.0,1,0.11855050718881675,58
4802,1,7952,3800,4152,0,0,0,1.0,1,1.0,1,1.0,1,0.12122888499503554,56
4803,0,7952,3800,4152,0,0,0,1.0,1,1.0,1,1.0,1,0.1264581718444175,57
4804,0,7952,3800,4152,0,0,0,1.0,1,1.0,1,1.0,1,0.12169460681025962,55
4805,1,7953,3801,4152,0,0,0,1.0,1,1.0,1,1.0,1,0.136255449153463,56
4806,0,7953,3801,4152,0,0,0,1.0,1,1.0,1,1.0,1,0.130558627701507,55
4807,0,7953,3801,4152,0,0,0,1.0,1,1.0,1,1.0,1,0.15698738939631385,53
4808,3,7956,3803,4153,0,0,0,1.0,1,1.0,1,1.0,1,0.17139516019655476,54
4809,0,7956,3803,4153,0,0,0,1.0,1,1.0,1,1.0,1,0.19551337856868134,53
4810,0,7956,3803,4153,0,0,0,1.0,1,1.0,1,1.0,1,0.19551337856868134,53
4811,1,7957,3803,4154,0,0,0,1.0,1,1.0,1,1.0,1,0.17106297808707455,54
4812,2,7959,3805,4154,0,0,0,1.0,1,1.0,1,1.0,1,0.16241808406137104,54
4813,2,7961,3805,4156,0,0,0,1.0,1,1.0,1,1.0,1,0.11493608778116689,55
4814,2,7963,3807,4156,0,0,0,1.0,1,1.0,1,1.0,1,0.13026523259296935,55
4815,1,7964,3807,4157,0,0,0,1.0,1,1.0,1,1.0,1,0.11782399600189083,56
4816,2,7966,3809,4157,0,0,0,1.0,1,1.0,1,1.0,1,0.16013855828140316,56
4817,3,7969,3811,4158,0,0,0,1.0,1,1.0,1,1.0,1,0.20737270094882468,58
4818,4,7973,3813,4160,0,0,0,1.0,1,1.0,1,1.0,1,0.21466310293062288,58
4819,6,7979,3813,4166,0,0,0,1.0,1,1.0,1,1.0,1,0.16035632498505467,58
4820,1,7980,3813,4167,0,0,0,1.0,1,1.0,1,1.0,1,0.14714503163881734,58
4821,1,7981,3813,4168,0,0,0,1.0,1,1.0,1,1.0,1,0.14884961319640794,58
4822,2,7983,3815,4168,0,0,0,1.0,1,1.0,1,1.0,1,0.1847165933135927,58
4823,2,7985,3816,4169,0,0,0,1.0,1,1.0,1,1.0,1,0.18356992883892226,57
4824,0,7985,3816,4169,0,0,0,1.0,1,1.0,1,1.0,1,0.18181141427088987,56
4825,2,7987,3816,4171,0,0,0,1.0,1,1.0,1,1.0,1,0.17592267968701647,57
4826,2,7989,3816,4173,0,0,0,1.0,1,1.0,1,1.0,1,0.16408478658873268,57
4827,1,7990,3816,4174,0,0,0,1.0,1,1.0,1,1.0,1,0.18195612066406847,56
4828,0,7990,3816,4174,0,0,0,1.0,1,1.0,1,1.0,1,0.16142860335350442,57
4829,0,7990,3816,4174,0,0,0,1.0,1,1.0,1,1.0,1,0.17040263759327348,56
4830,1,7991,3817,4174,0,0,0,1.0,1,1.0,1,1.0,1,0.15821896308563707,57
4831,5,7996,3820,4176,0,0,0,1.0,1,1.0,1,1.0,1,0.19871262518785793,57
4832,0,7996,3820,4176,0,0,0,1.0,1,1.0,1,1.0,1,0.20662678661414524,55
4833,1,7997,3821,4176,0,0,0,1.0,1,1.0,1,1.0,1,0.21631047615936574,55
4834,3,8000,3822,4178,0,0,0,1.0,1,1.0,1,1.0,1,0.2106534539809392,55
4835,1,8001,3822,4179,0,0,0,1.0,1,1.0,1,1.0,1,0.20932968665691554,55
4836,2,8003,3823,4180,0,0,0,1.0,1,1.0,1,1.0,1,0.19016274368782127,55
4837,1,8004,3823,4181,0,0,0,1.0,1,1.0,1,1.0,1,0.16776009250239515,53
4838,1,8005,3824,4181,0,0,0,1.0,1,1.0,1,1.0,1,0.18220734463986107,54
4839,4,8009,3827,4182,0,0,0,1.0,1,1.0,1,1.0,1,0.1941884233747411,53
4840,2,8011,3828,4183,0,0,0,1.0,1,1.0,1,1.0,1,0.19850692874593687,52
4841,3,8014,3830,4184,0,0,0,1.0,1,1.0,1,1.0,1,0.1855640338632796,51
4842,3,8017,3832,4185,0,0,0,1.0,1,1.0,1,1.0,1,0.24679058070579568,50
4843,8,8025,3836,4189,0,0,0,1.0,1,1.0,1,1.0,1,0.24113519369862035,51
4844,2,8027,3837,4190,0,0,0,1.0,1,1.0,1,1.0,1,0.2133682973809068,50
4845,2,8029,3839,4190,0,0,0,1.0,1,1.0,1,1.0,1,0.23242519108184512,49
4846,3,8032,3840,4192,0,0,0,1.0,1,1.0,1,1.0,1,0.18763890605437256,49
4847,0,8032,3840,4192,0,0,0,1.0,1,1.0,1,1.0,1,0.19460482611076452,48
4848,0,8032,3840,4192,0,0,0,1.0,1,1.0,1,1.0,1,0.19460482611076452,48
4849,2,8034,3842,4192,0,0,0,1.0,1,1.0,1,1.0,1,0.17265871240171618,48
4850,0,8034,3842,4192,0,0,0,1.0,1,1.0,1,1.0,1,0.17176431029513625,49
4851,0,8034,3842,4192,0,0,0,1.0,1,1.0,1,1.0,1,0.1740047783711031,49
4852,1,8035,3842,4193,0,0,0,1.0,1,1.0,1,1.0,1,0.1793795429695634,49
4853,2,8037,3843,4194,0,0,0,1.0,1,1.0,1,1.0,1,0.20307562578476182,50
4854,1,8038,3844,4194,0,0,0,1.0,1,1.0,1,1.0,1,0.21219963750924167,51
4855,0,8038,3844,4194,0,0,0,1.0,1,1.0,1,1.0,1,0.21219963750924167,51
4856,1,8039,3844,4195,0,0,0,1.0,1,1.0,1,1.0,1,0.1888508833464339,50
4857,2,8041,3844,4197,0,0,0,1.0,1,1.0,1,1.0,1,0.15911609723646966,51
4858,0,8041,3844,4197,0,0,0,1.0,1,1.0,1,1.0,1,0.16749619064921317,51
4859,1,8042,3844,4198,0,0,0,1.0,1,1.0,1,1.0,1,0.17784679924000962,52
4860,1,8043,3844,4199,0,0,0,1.0,1,1.0,1,1.0,1,0.16207748556576163,52
4861,0,8043,3844,4199,0,0,0,1.0,1,1.0,1,1.0,1,0.17766317074568866,53
4862,2,8045,3846,4199,0,0,0,1.0,1,1.0,1,1.0,1,0.21679829077029436,53
4863,0,8045,3846,4199,0,0,0,1.0,1,1.0,1,1.0,1,0.20823540630444165,51
4864,2,8047,3847,4200,0,0,0,1.0,1,1.0,1,1.0,1,0.2293050547279549,53
4865,2,8049,3847,4202,0,0,0,1.0,1,1.0,1,1.0,1,0.17090724726320747,52
4866,2,8051,3849,4202,0,0,0,1.0,1,1.0,1,1.0,1,0.21435606407694557,53
4867,4,8055,3850,4205,0,0,0,1.0,1,1.0,1,1.0,1,0.12354247308312107,51
4868,3,8058,3852,4206,0,0,0,1.0,1,1.0,1,1.0,1,0.12621209696687022,53
4869,0,8058,3852,4206,0,0,0,1.0,1,1.0,1,1.0,1,0.12621209696687022,53
4870,4,8062,3854,4208,0,0,0,1.0,1,1.0,1,1.0,1,0.14514257483927992,55
4871,2,8064,3855,4209,0,0,0,1.0,1,1.0,1,1.0,1,0.1601869915836001,55
4872,2,8066,3856,4210,0,0,0,1.0,1,1.0,1,1.0,1,0.19556289767685706,56
4873,2,8068,3857,4211,0,0,0,1.0,1,1.0,1,1.0,1,0.18266448095049295,56
4874,4,8072,3859,4213,0,0,0,1.0,1,1.0,1,1.0,1,0.14696049624333435,58
4875,1,8073,3860,4213,0,0,0,1.0,1,1.0,1,1.0,1,0.14819171764322442,56
4876,4,8077,3861,4216,0,0,0,1.0,1,1.0,1,1.0,1,0.1306911362870793,56
4877,1,8078,3862,4216,0,0,0,1.0,1,1.0,1,1.0,1,0.15472592442396044,54
4878,2,8080,3863,4217,0,0,0,1.0,1,1.0,1,1.0,1,0.1838894039431863,54
4879,5,8085,3867,4218,0,0,0,1.0,1,1.0,1,1.0,1,0.20565438454172594,54
4880,1,8086,3867,4219,0,0,0,1.0,1,1.0,1,1.0,1,0.1598128311354264,53
4881,1,8087,3868,4219,0,0,0,1.0,1,1.0,1,1.0,1,0.21081129724450418,54
4882,1,8088,3868,4220,0,0,0,1.0,1,1.0,1,1.0,1,0.20875184398419513,52
4883,0,8088,3868,4220,0,0,0,1.0,1,1.0,1,1.0,1,0.22368953216176649,54
4884,0,8088,3868,4220,0,0,0,1.0,1,1.0,1,1.0,1,0.19662942602189445,52
4885,1,8089,3869,4220,0,0,0,1.0,1,1.0,1,1.0,1,0.21495357365322393,51
4886,0,8089,3869,4220,0,0,0,1.0,1,1.0,1,1.0,1,0.20596645058354793,50
4887,0,8089,3869,4220,0,0,0,1.0,1,1.0,1,1.0,1,0.2296376114354055,49
4888,0,8089,3869,4220,0,0,0,1.0,1,1.0,1,1.0,1,0.24522736433832804,48
4889,0,8089,3869,4220,0,0,0,1.0,1,1.0,1,1.0,1,0.24522736433832804,48
4890,0,8089,3869,4220,0,0,0,1.0,1,1.0,1,1.0,1,0.24522736433832804,48
4891,2,8091,3871,4220,0,0,0,1.0,1,1.0,1,1.0,1,0.30584367427399584,49
4892,2,8093,3871,4222,0,0,0,1.0,1,1.0,1,1.0,1,0.30762735091152105,51
4893,1,8094,3871,4223,0,0,0,1.0,1,1.0,1,1.0,1,0.26455531511699854,51
4894,3,8097,3871,4226,0,0,0,1.0,1,1.0,1,1.0,1,0.22848577285311922,52
4895,1,8098,3871,4227,0,0,0,1.0,1,1.0,1,1.0,1,0.21884064011016494,52
4896,1,8099,3871,4228,0,0,0,1.0,1,1.0,1,1.0,1,0.20678480649029,51
4897,1,8100,3871,4229,0,0,0,1.0,1,1.0,1,1.0,1,0.19526840422173938,52
4898,1,8101,3872,4229,0,0,0,1.0,1,1.0,1,1.0,1,0.19395948668137025,52
4899,2,8103,3872,4231,0,0,0,1.0,1,1.0,1,1.0,1,0.1660795646492793,53
4900,1,8104,3873,4231,0,0,0,1.0,1,1.0,1,1.0,1,0.16300940578832535,54
4901,3,8107,3875,4232,0,0,0,1.0,1,1.0,1,1.0,1,0.1602410820495764,54
4902,0,8107,3875,4232,0,0,0,1.0,1,1.0,1,1.0,1,0.17019360692545282,55
4903,2,8109,3876,4233,0,0,0,1.0,1,1.0,1,1.0,1,0.1914942673295929,56
4904,2,8111,3878,4233,0,0,0,1.0,1,1.0,1,1.0,1,0.2154169933472713,55
4905,0,8111,3878,4233,0,0,0,1.0,1,1.0,1,1.0,1,0.22638963127342893,54
4906,9,8120,3881,4239,0,0,0,1.0,1,1.0,1,1.0,1,0.19069982871845795,54
4907,0,8120,3881,4239,0,0,0,1.0,1,1.0,1,1.0,1,0.19064984661412393,54
4908,2,8122,3881,4241,0,0,0,1.0,1,1.0,1,1.0,1,0.1664036965893622,53
4909,3,8125,3882,4243,0,0,0,1.0,1,1.0,1,1.0,1,0.1873621449985075,54
4910,1,8126,3882,4244,0,0,0,1.0,1,1.0,1,1.0,1,0.1832927184141928,55
4911,4,8130,3884,4246,0,0,0,1.0,1,1.0,1,1.0,1,0.1975815725549244,57
4912,1,8131,3884,4247,0,0,0,1.0,1,1.0,1,1.0,1,0.18542685343240078,57
4913,1,8132,3884,4248,0,0,0,1.0,1,1.0,1,1.0,1,0.1528112532040734,56
4914,1,8133,3884,4249,0,0,0,1.0,1,1.0,1,1.0,1,0.14674183079557224,56
4915,4,8137,3886,4251,0,0,0,1.0,1,1.0,1,1.0,1,0.15757157921326118,56
4916,0,8137,3886,4251,0,0,0,1.0,1,1.0,1,1.0,1,0.1730373057618314,54
4917,0,8137,3886,4251,0,0,0,1.0,1,1.0,1,1.0,1,0.19298656403508274,53
4918,2,8139,3887,4252,0,0,0,1.0,1,1.0,1,1.0,1,0.19104410142020822,52
4919,0,8139,3887,4252,0,0,0,1.0,1,1.0,1,1.0,1,0.229037799620785,49
4920,0,8139,3887,4252,0,0,0,1.0,1,1.0,1,1.0,1,0.229037799620785,49
4921,1,8140,3888,4252,0,0,0,1.0,1,1.0,1,1.0,1,0.27067954476408895,50
4922,1,8141,3888,4253,0,0,0,1.0,1,1.0,1,1.0,1,0.26056794901880165,50
4923,3,8144,3890,4254,0,0,0,1.0,1,1.0,1,1.0,1,0.25035851201500436,52
4924,2,8146,3891,4255,0,0,0,1.0,1,1.0,1,1.0,1,0.2587436449025315,53
4925,2,8148,3892,4256,0,0,0,1.0,1,1.0,1,1.0,1,0.21825105817624246,54
4926,1,8149,3892,4257,0,0,0,1.0,1,1.0,1,1.0,1,0.21051239670164973,54
4927,2,8151,3894,4257,0,0,0,1.0,1,1.0,1,1.0,1,0.22349774567946926,54
4928,1,8152,3894,4258,0,0,0,1.0,1,1.0,1,1.0,1,0.20029177227107045,54
4929,0,8152,3894,4258,0,0,0,1.0,1,1.0,1,1.0,1,0.18726650195207956,55
4930,1,8153,3895,4258,0,0,0,1.0,1,1.0,1,1.0,1,0.22768007090049344,58
4931,0,8153,3895,4258,0,0,0,1.0,1,1.0,1,1.0,1,0.22768007090049344,58
4932,1,8154,3895,4259,0,0,0,1.0,1,1.0,1,1.0,1,0.23746913456682242,59
4933,1,8155,3895,4260,0,0,0,1.0,1,1.0,1,1.0,1,0.2072245404536746,59
4934,0,8155,3895,4260,0,0,0,1.0,1,1.0,1,1.0,1,0.2072245404536746,59
4935,2,8157,3895,4262,0,0,0,1.0,1,1.0,1,1.0,1,0.185515754117136,59
4936,2,8159,3896,4263,0,0,0,1.0,1,1.0,1,1.0,1,0.20583573474430364,59
4937,1,8160,3896,4264,0,0,0,1.0,1,1.0,1,1.0,1,0.19650797520219773,61
4938,1,8161,3896,4265,0,0,0,1.0,1,1.0,1,1.0,1,0.1992949833149213,62
4939,1,8162,3896,4266,0,0,0,1.0,1,1.0,1,1.0,1,0.182792334565769,63
4940,2,8164,3896,4268,0,0,0,1.0,1,1.0,1,1.0,1,0.19363899219608396,65
4941,1,8165,3897,4268,0,0,0,1.0,1,1.0,1,1.0,1,0.20304668280560026,65
4942,6,8171,3899,4272,0,0,0,1.0,1,1.0,1,1.0,1,0.17253352016694737,67
4943,1,8172,3900,4272,0,0,0,1.0,1,1.0,1,1.0,1,0.1933391082433612,66
4944,3,8175,3903,4272,0,0,0,1.0,1,1.0,1,1.0,1,0.24055248582887923,63
4945,9,8184,3904,4280,0,0,0,1.0,1,1.0,1,1.0,1,0.12224556542698381,61
4946,3,8187,3906,4281,0,0,0,1.0,1,1.0,1,1.0,1,0.13680538211135718,60
4947,0,8187,3906,4281,0,0,0,1.0,1,1.0,1,1.0,1,0.12097186767157021,58
4948,2,8189,3908,4281,0,0,0,1.0,1,1.0,1,1.0,1,0.1578135379447087,57
4949,2,8191,3910,4281,0,0,0,1.0,1,1.0,1,1.0,1,0.19002594039580475,56
4950,1,8192,3911,4281,0,0,0,1.0,1,1.0,1,1.0,1,0.20185519691869033,57
4951,5,8197,3913,4284,0,0,0,1.0,1,1.0,1,1.0,1,0.17249899649937817,55
4952,5,8202,3917,4285,0,0,0,1.0,1,1.0,1,1.0,1,0.22541736582441474,55
4953,3,8205,3919,4286,0,0,0,1.0,1,1.0,1,1.0,1,0.23947762040711704,54
4954,5,8210,3920,4290,0,0,0,1.0,1,1.0,1,1.0,1,0.187496985197388,54
4955,1,8211,3920,4291,0,0,0,1.0,1,1.0,1,1.0,1,0.1345622487283201,52
4956,0,8211,3920,4291,0,0,0,1.0,1,1.0,1,1.0,1,0.1345622487283201,52
4957,0,8211,3920,4291,0,0,0,1.0,1,1.0,1,1.0,1,0.12014891873034152,53
4958,1,8212,3921,4291,0,0,0,1.0,1,1.0,1,1.0,1,0.12932486906997614,52
4959,2,8214,3922,4292,0,0,0,1.0,1,1.0,1,1.0,1,0.13453962371286293,51
4960,0,8214,3922,4292,0,0,0,1.0,1,1.0,1,1.0,1,0.13795367684922819,53
4961,0,8214,3922,4292,0,0,0,1.0,1,1.0,1,1.0,1,0.13795367684922819,53
4962,1,8215,3922,4293,0,0,0,1.0,1,1.0,1,1.0,1,0.1472256305949323,55
4963,0,8215,3922,4293,0,0,0,1.0,1,1.0,1,1.0,1,0.12946364103988997,54
4964,0,8215,3922,4293,0,0,0,1.0,1,1.0,1,1.0,1,0.12946364103988997,54
4965,1,8216,3922,4294,0,0,0,1.0,1,1.0,1,1.0,1,0.11791096035562688,54
4966,2,8218,3924,4294,0,0,0,1.0,1,1.0,1,1.0,1,0.14676380701621078,54
4967,2,8220,3926,4294,0,0,0,1.0,1,1.0,1,1.0,1,0.1424720827762342,55
4968,1,8221,3927,4294,0,0,0,1.0,1,1.0,1,1.0,1,0.14535848980603353,55
4969,5,8226,3929,4297,0,0,0,1.0,1,1.0,1,1.0,1,0.15414757547709418,57
4970,0,8226,3929,4297,0,0,0,1.0,1,1.0,1,1.0,1,0.17219597315265814,56
4971,1,8227,3930,4297,0,0,0,1.0,1,1.0,1,1.0,1,0.2021673464831677,57
4972,4,8231,3932,4299,0,0,0,1.0,1,1.0,1,1.0,1,0.229018231308402,57
4973,3,8234,3932,4302,0,0,0,1.0,1,1.0,1,1.0,1,0.18324722394823137,60
4974,1,8235,3932,4303,0,0,0,1.0,1,1.0,1,1.0,1,0.17502771713620233,58
4975,2,8237,3933,4304,0,0,0,1.0,1,1.0,1,1.0,1,0.17563281882980314,59
4976,3,8240,3934,4306,0,0,0,1.0,1,1.0,1,1.0,1,0.15675059482788364,59
4977,3,8243,3937,4306,0,0,0,1.0,1,1.0,1,1.0,1,0.17601831785048982,59
4978,2,8245,3939,4306,0,0,0,1.0,1,1.0,1,1.0,1,0.15932716378909523,59
4979,0,8245,3939,4306,0,0,0,1.0,1,1.0,1,1.0,1,0.16258416479144208,61
4980,2,8247,3940,4307,0,0,0,1.0,1,1.0,1,1.0,1,0.18652417105692976,62
4981,2,8249,3942,4307,0,0,0,1.0,1,1.0,1,1.0,1,0.17821736918256376,62
4982,2,8251,3943,4308,0,0,0,1.0,1,1.0,1,1.0,1,0.15875007988165024,63
4983,0,8251,3943,4308,0,0,0,1.0,1,1.0,1,1.0,1,0.15865332235585744,63
4984,5,8256,3945,4311,0,0,0,1.0,1,1.0,1,1.0,1,0.15915424575784326,61
4985,1,8257,3946,4311,0,0,0,1.0,1,1.0,1,1.0,1,0.16224688817984512,59
4986,1,8258,3947,4311,0,0,0,1.0,1,1.0,1,1.0,1,0.1969192381963198,62
4987,2,8260,3947,4313,0,0,0,1.0,1,1.0,1,1.0,1,0.15419939386616852,60
4988,1,8261,3948,4313,0,0,0,1.0,1,1.0,1,1.0,1,0.16308450706340247,59
4989,2,8263,3949,4314,0,0,0,1.0,1,1.0,1,1.0,1,0.1698606505322446,57
4990,1,8264,3949,4315,0,0,0,1.0,1,1.0,1,1.0,1,0.1674269163983145,55
4991,4,8268,3952,4316,0,0,0,1.0,1,1.0,1,1.0,1,0.18361989594602734,54
4992,2,8270,3952,4318,0,0,0,1.0,1,1.0,1,1.0,1,0.18461074530902546,52
4993,1,8271,3952,4319,0,0,0,1.0,1,1.0,1,1.0,1,0.14224826012537317,51
4994,4,8275,3954,4321,0,0,0,1.0,1,1.0,1,1.0,1,0.1719578042459593,49
4995,4,8279,3957,4322,0,0,0,1.0,1,1.0,1,1.0,1,0.21709652934412715,48
4996,4,8283,3960,4323,0,0,0,1.0,1,1.0,1,1.0,1,0.19119424626745382,48
4997,0,8283,3960,4323,0,0,0,1.0,1,1.0,1,1.0,1,0.19227072774186416,46
4998,4,8287,3961,4326,0,0,0,1.0,1,1.0,1,1.0,1,0.20461955449691988,48
4999,2,8289,3963,4326,0,0,0,1.0,1,1.0,1,1.0,1,0.2531829889537651,48
5000,2,8291,3964,4327,0,0,0,1.0,1,1.0,1,1.0,1,0.2288232921351142,47
5001,1,8292,3965,4327,0,0,0,1.0,1,1.0,1,1.0,1,0.26528869070650235,45
5002,3,8295,3968,4327,0,0,0,1.0,1,1.0,1,1.0,1,0.2947895747083934,46
5003,1,8296,3968,4328,0,0,0,1.0,1,1.0,1,1.0,1,0.29087442833685084,46
5004,2,8298,3968,4330,0,0,0,1.0,1,1.0,1,1.0,1,0.25659177249904597,46
5005,1,8299,3968,4331,0,0,0,1.0,1,1.0,1,1.0,1,0.25489673548343095,45
5006,0,8299,3968,4331,0,0,0,1.0,1,1.0,1,1.0,1,0.287433735123471,45
5007,1,8300,3968,4332,0,0,0,1.0,1,1.0,1,1.0,1,0.265521912072084,46
5008,0,8300,3968,4332,0,0,0,1.0,1,1.0,1,1.0,1,0.2746443372425083,49
5009,0,8300,3968,4332,0,0,0,1.0,1,1.0,1,1.0,1,0.27596580687137423,49
5010,0,8300,3968,4332,0,0,0,1.0,1,1.0,1,1.0,1,0.28553194896652,50
5011,0,8300,3968,4332,0,0,0,1.0,1,1.0,1,1.0,1,0.2964818312087648,51
5012,0,8300,3968,4332,0,0,0,1.0,1,1.0,1,1.0,1,0.30328388233539494,52
5013,0,8300,3968,4332,0,0,0,1.0,1,1.0,1,1.0,1,0.30328388233539494,52
5014,0,8300,3968,4332,0,0,0,1.0,1,1.0,1,1.0,1,0.30142831735500075,53
5015,5,8305,3969,4336,0,0,0,1.0,1,1.0,1,1.0,1,0.28885209637474035,54
5016,0,8305,3969,4336,0,0,0,1.0,1,1.0,1,1.0,1,0.2949427649301286,55
5017,1,8306,3969,4337,0,0,0,1.0,1,1.0,1,1.0,1,0.28802124079333336,55
5018,1,8307,3970,4337,0,0,0,1.0,1,1.0,1,1.0,1,0.28074749935835097,56
5019,1,8308,3971,4337,0,0,0,1.0,1,1.0,1,1.0,1,0.30288775445609684,56
5020,4,8312,3972,4340,0,0,0,1.0,1,1.0,1,1.0,1,0.276687773729465,55
5021,0,8312,3972,4340,0,0,0,1.0,1,1.0,1,1.0,1,0.2826357108167558,56
5022,3,8315,3975,4340,0,0,0,1.0,1,1.0,1,1.0,1,0.3283036260814324,56
5023,3,8318,3976,4342,0,0,0,1.0,1,1.0,1,1.0,1,0.2917388989700934,55
5024,5,8323,3980,4343,0,0,0,1.0,1,1.0,1,1.0,1,0.31167139803361543,55
5025,2,8325,3981,4344,0,0,0,1.0,1,1.0,1,1.0,1,0.28331573221426953,53
5026,3,8328,3983,4345,0,0,0,1.0,1,1.0,1,1.0,1,0.28964164394624653,52
5027,3,8331,3984,4347,0,0,0,1.0,1,1.0,1,1.0,1,0.2841595169283361,51
5028,3,8334,3986,4348,0,0,0,1.0,1,1.0,1,1.0,1,0.31421316109625563,51
5029,4,8338,3988,4350,0,0,0,1.0,1,1.0,1,1.0,1,0.33443609375698713,50
5030,2,8340,3990,4350,0,0,0,1.0,1,1.0,1,1.0,1,0.31938901733197794,49
5031,1,8341,3990,4351,0,0,0,1.0,1,1.0,1,1.0,1,0.29729162015263066,49
5032,0,8341,3990,4351,0,0,0,1.0,1,1.0,1,1.0,1,0.2899919368394754,48
5033,4,8345,3993,4352,0,0,0,1.0,1,1.0,1,1.0,1,0.3370655273421277,50
5034,2,8347,3994,4353,0,0,0,1.0,1,1.0,1,1.0,1,0.3128410779357835,49
5035,5,8352,3996,4356,0,0,0,1.0,1,1.0,1,1.0,1,0.3053644743645321,49
5036,1,8353,3997,4356,0,0,0,1.0,1,1.0,1,1.0,1,0.2998104957075775,47
5037,1,8354,3998,4356,0,0,0,1.0,1,1.0,1,1.0,1,0.3233865912370359,47
5038,1,8355,3998,4357,0,0,0,1.0,1,1.0,1,1.0,1,0.30412886297718295,47
5039,0,8355,3998,4357,0,0,0,1.0,1,1.0,1,1.0,1,0.3113956036377003,48
5040,0,8355,3998,4357,0,0,0,1.0,1,1.0,1,1.0,1,0.3113956036377003,48
5041,0,8355,3998,4357,0,0,0,1.0,1,1.0,1,1.0,1,0.3113956036377003,48
5042,0,8355,3998,4357,0,0,0,1.0,1,1.0,1,1.0,1,0.311769079538728,50
5043,1,8356,3998,4358,0,0,0,1.0,1,1.0,1,1.0,1,0.3002004501564732,51
5044,0,8356,3998,4358,0,0,0,1.0,1,1.0,1,1.0,1,0.3002004501564732,51
5045,0,8356,3998,4358,0,0,0,1.0,1,1.0,1,1.0,1,0.3124818588410491,52
5046,1,8357,3999,4358,0,0,0,1.0,1,1.0,1,1.0,1,0.33836427472742703,51
5047,1,8358,4000,4358,0,0,0,1.0,1,1.0,1,1.0,1,0.33081478341329795,51
5048,2,8360,4001,4359,0,0,0,1.0,1,1.0,1,1.0,1,0.29685716437561205,52
5049,5,8365,4002,4363,0,0,0,1.0,1,1.0,1,1.0,1,0.28696412922515063,54
5050,5,8370,4002,4368,0,0,0,1.0,1,1.0,1,1.0,1,0.23426881504741384,56
5051,3,8373,4002,4371,0,0,0,1.0,1,1.0,1,1.0,1,0.21079993424668914,55
5052,0,8373,4002,4371,0,0,0,1.0,1,1.0,1,1.0,1,0.21079993424668914,55
5053,1,8374,4003,4371,0,0,0,1.0,1,1.0,1,1.0,1,0.24380583704933112,55
5054,1,8375,4004,4371,0,0,0,1.0,1,1.0,1,1.0,1,0.2552971567015603,55
5055,2,8377,4004,4373,0,0,0,1.0,1,1.0,1,1.0,1,0.2495711881925114,55
5056,0,8377,4004,4373,0,0,0,1.0,1,1.0,1,1.0,1,0.25752518591012685,56
5057,1,8378,4004,4374,0,0,0,1.0,1,1.0,1,1.0,1,0.2568788833536546,58
5058,2,8380,4004,4376,0,0,0,1.0,1,1.0,1,1.0,1,0.2302580594265876,59
5059,1,8381,4004,4377,0,0,0,1.0,1,1.0,1,1.0,1,0.214031041506471,59
5060,1,8382,4004,4378,0,0,0,1.0,1,1.0,1,1.0,1,0.20103502379162197,59
5061,1,8383,4004,4379,0,0,0,1.0,1,1.0,1,1.0,1,0.18896322141414584,59
5062,5,8388,4007,4381,0,0,0,1.0,1,1.0,1,1.0,1,0.22689666406287515,59
5063,2,8390,4008,4382,0,0,0,1.0,1,1.0,1,1.0,1,0.2510790289102792,59
5064,3,8393,4011,4382,0,0,0,1.0,1,1.0,1,1.0,1,0.28603102415424636,57
5065,2,8395,4012,4383,0,0,0,1.0,1,1.0,1,1.0,1,0.26438093451745837,55
5066,1,8396,4013,4383,0,0,0,1.0,1,1.0,1,1.0,1,0.2858256758341074,55
5067,3,8399,4013,4386,0,0,0,1.0,1,1.0,1,1.0,1,0.23114065522044278,54
5068,3,8402,4013,4389,0,0,0,1.0,1,1.0,1,1.0,1,0.19418289515873585,54
5069,1,8403,4014,4389,0,0,0,1.0,1,1.0,1,1.0,1,0.19621477913145047,54
5070,6,8409,4016,4393,0,0,0,1.0,1,1.0,1,1.0,1,0.1864984372791965,52
5071,1,8410,4017,4393,0,0,0,1.0,1,1.0,1,1.0,1,0.19703699154862547,54
5072,0,8410,4017,4393,0,0,0,1.0,1,1.0,1,1.0,1,0.19052285846655617,52
5073,0,8410,4017,4393,0,0,0,1.0,1,1.0,1,1.0,1,0.19424215464979624,51
5074,0,8410,4017,4393,0,0,0,1.0,1,1.0,1,1.0,1,0.18652859113264256,52
5075,0,8410,4017,4393,0,0,0,1.0,1,1.0,1,1.0,1,0.19600120301893023,53
5076,0,8410,4017,4393,0,0,0,1.0,1,1.0,1,1.0,1,0.19600120301893023,53
5077,3,8413,4019,4394,0,0,0,1.0,1,1.0,1,1.0,1,0.18620446685535422,56
5078,1,8414,4020,4394,0,0,0,1.0,1,1.0,1,1.0,1,0.22014274622290605,55
5079,3,8417,4020,4397,0,0,0,1.0,1,1.0,1,1.0,1,0.18930418274466457,56
5080,0,8417,4020,4397,0,0,0,1.0,1,1.0,1,1.0,1,0.18422166051298283,57
5081,1,8418,4020,4398,0,0,0,1.0,1,1.0,1,1.0,1,0.17616473795972412,58
5082,0,8418,4020,4398,0,0,0,1.0,1,1.0,1,1.0,1,0.17616473795972412,58
5083,0,8418,4020,4398,0,0,0,1.0,1,1.0,1,1.0,1,0.18488920123367109,59
5084,1,8419,4020,4399,0,0,0,1.0,1,1.0,1,1.0,1,0.15457262431789393,59
5085,1,8420,4021,4399,0,0,0,1.0,1,1.0,1,1.0,1,0.1940299511825638,60
5086,1,8421,4021,4400,0,0,0,1.0,1,1.0,1,1.0,1,0.16205239483634784,61
5087,3,8424,4023,4401,0,0,0,1.0,1,1.0,1,1.0,1,0.15346512544117852,62
5088,4,8428,4025,4403,0,0,0,1.0,1,1.0,1,1.0,1,0.16173993892490843,64
5089,2,8430,4026,4404,0,0,0,1.0,1,1.0,1,1.0,1,0.15523068950419822,64
5090,2,8432,4026,4406,0,0,0,1.0,1,1.0,1,1.0,1,0.1264363171894317,64
5091,3,8435,4029,4406,0,0,0,1.0,1,1.0,1,1.0,1,0.17036584015116185,64
5092,1,8436,4030,4406,0,0,0,1.0,1,1.0,1,1.0,1,0.18789943989785968,64
5093,0,8436,4030,4406,0,0,0,1.0,1,1.0,1,1.0,1,0.18789943989785968,64
5094,2,8438,4031,4407,0,0,0,1.0,1,1.0,1,1.0,1,0.188490524551733,65
5095,3,8441,4033,4408,0,0,0,1.0,1,1.0,1,1.0,1,0.1939888364067821,66
5096,1,8442,4033,4409,0,0,0,1.0,1,1.0,1,1.0,1,0.1885449544334603,66
5097,2,8444,4035,4409,0,0,0,1.0,1,1.0,1,1.0,1,0.1935766069102128,67
5098,3,8447,4035,4412,0,0,0,1.0,1,1.0,1,1.0,1,0.16419967488222967,67
5099,2,8449,4036,4413,0,0,0,1.0,1,1.0,1,1.0,1,0.15347783475257187,70
5100,1,8450,4037,4413,0,0,0,1.0,1,1.0,1,1.0,1,0.17408601609364352,71
5101,3,8453,4038,4415,0,0,0,1.0,1,1.0,1,1.0,1,0.15144448588414847,72
5102,5,8458,4042,4416,0,0,0,1.0,1,1.0,1,1.0,1,0.17758911693179896,72
5103,4,8462,4045,4417,0,0,0,1.0,1,1.0,1,1.0,1,0.17414393648595247,70
5104,8,8470,4049,4421,0,0,0,1.0,1,1.0,1,1.0,1,0.1729550274214286,67
5105,3,8473,4051,4422,0,0,0,1.0,1,1.0,1,1.0,1,0.19335339865708212,66
5106,3,8476,4054,4422,0,0,0,1.0,1,1.0,1,1.0,1,0.22595133724743544,64
5107,6,8482,4057,4425,0,0,0,1.0,1,1.0,1,1.0,1,0.19996742743962068,61
5108,1,8483,4057,4426,0,0,0,1.0,1,1.0,1,1.0,1,0.18055070334597972,57
5109,2,8485,4059,4426,0,0,0,1.0,1,1.0,1,1.0,1,0.20752259055885813,55
5110,3,8488,4061,4427,0,0,0,1.0,1,1.0,1,1.0,1,0.22535692891564846,53
5111,5,8493,4064,4429,0,0,0,1.0,1,1.0,1,1.0,1,0.23443545191865772,52
5112,2,8495,4066,4429,0,0,0,1.0,1,1.0,1,1.0,1,0.21327649258238252,52
5113,2,8497,4067,4430,0,0,0,1.0,1,1.0,1,1.0,1,0.22388037441893058,49
5114,5,8502,4072,4430,0,0,0,1.0,1,1.0,1,1.0,1,0.22690324606263954,49
5115,3,8505,4072,4433,0,0,0,1.0,1,1.0,1,1.0,1,0.17682666058007132,48
5116,0,8505,4072,4433,0,0,0,1.0,1,1.0,1,1.0,1,0.15989788696756038,47
5117,0,8505,4072,4433,0,0,0,1.0,1,1.0,1,1.0,1,0.17303561520246385,48
5118,0,8505,4072,4433,0,0,0,1.0,1,1.0,1,1.0,1,0.1611396142875376,49
5119,0,8505,4072,4433,0,0,0,1.0,1,1.0,1,1.0,1,0.1611396142875376,49
5120,1,8506,4073,4433,0,0,0,1.0,1,1.0,1,1.0,1,0.1724766520225467,48
5121,1,8507,4074,4433,0,0,0,1.0,1,1.0,1,1.0,1,0.15941405214884385,48
5122,3,8510,4076,4434,0,0,0,1.0,1,1.0,1,1.0,1,0.19276281318210864,46
5123,1,8511,4076,4435,0,0,0,1.0,1,1.0,1,1.0,1,0.18833980649404702,46
5124,0,8511,4076,4435,0,0,0,1.0,1,1.0,1,1.0,1,0.18931766443626827,47
5125,5,8516,4079,4437,0,0,0,1.0,1,1.0,1,1.0,1,0.2181753387895409,49
5126,1,8517,4079,4438,0,0,0,1.0,1,1.0,1,1.0,1,0.19663043214022663,49
5127,3,8520,4079,4441,0,0,0,1.0,1,1.0,1,1.0,1,0.19075208959370493,51
5128,5,8525,4081,4444,0,0,0,1.0,1,1.0,1,1.0,1,0.2165543021661205,53
5129,5,8530,4083,4447,0,0,0,1.0,1,1.0,1,1.0,1,0.1861064231216765,55
5130,1,8531,4083,4448,0,0,0,1.0,1,1.0,1,1.0,1,0.16942074529438622,55
5131,0,8531,4083,4448,0,0,0,1.0,1,1.0,1,1.0,1,0.16942074529438622,55
5132,0,8531,4083,4448,0,0,0,1.0,1,1.0,1,1.0,1,0.16942074529438622,55
5133,0,8531,4083,4448,0,0,0,1.0,1,1.0,1,1.0,1,0.17614290182915943,56
5134,1,8532,4083,4449,0,0,0,1.0,1,1.0,1,1.0,1,0.1882948363566504,56
5135,0,8532,4083,4449,0,0,0,1.0,1,1.0,1,1.0,1,0.1882948363566504,56
5136,0,8532,4083,4449,0,0,0,1.0,1,1.0,1,1.0,1,0.20283013786516552,55
5137,2,8534,4084,4450,0,0,0,1.0,1,1.0,1,1.0,1,0.22190921407012543,55
5138,1,8535,4084,4451,0,0,0,1.0,1,1.0,1,1.0,1,0.21044709299447947,54
5139,2,8537,4086,4451,0,0,0,1.0,1,1.0,1,1.0,1,0.20869075023294692,54
5140,2,8539,4087,4452,0,0,0,1.0,1,1.0,1,1.0,1,0.2112637155648344,54
5141,2,8541,4089,4452,0,0,0,1.0,1,1.0,1,1.0,1,0.25390728143796387,53
5142,6,8547,4093,4454,0,0,0,1.0,1,1.0,1,1.0,1,0.2958316262145094,55
5143,9,8556,4096,4460,0,0,0,1.0,1,1.0,1,1.0,1,0.18080687916846983,54
5144,6,8562,4098,4464,0,0,0,1.0,1,1.0,1,1.0,1,0.13554766656488682,50
5145,2,8564,4099,4465,0,0,0,1.0,1,1.0,1,1.0,1,0.14617389427468386,51
5146,0,8564,4099,4465,0,0,0,1.0,1,1.0,1,1.0,1,0.11629479093629197,48
5147,1,8565,4100,4465,0,0,0,1.0,1,1.0,1,1.0,1,0.142460187330234,49
5148,1,8566,4101,4465,0,0,0,1.0,1,1.0,1,1.0,1,0.1538112957380613,47
5149,1,8567,4102,4465,0,0,0,1.0,1,1.0,1,1.0,1,0.17324842891245945,46
5150,3,8570,4105,4465,0,0,0,1.0,1,1.0,1,1.0,1,0.19780642942712126,46
5151,0,8570,4105,4465,0,0,0,1.0,1,1.0,1,1.0,1,0.1869910296693832,45
5152,4,8574,4109,4465,0,0,0,1.0,1,1.0,1,1.0,1,0.22986823740672155,45
5153,2,8576,4110,4466,0,0,0,1.0,1,1.0,1,1.0,1,0.23110379479983517,45
5154,3,8579,4113,4466,0,0,0,1.0,1,1.0,1,1.0,1,0.28639018429073787,45
5155,2,8581,4113,4468,0,0,0,1.0,1,1.0,1,1.0,1,0.24554757910931072,44
5156,0,8581,4113,4468,0,0,0,1.0,1,1.0,1,1.0,1,0.24441510609932107,44
5157,0,8581,4113,4468,0,0,0,1.0,1,1.0,1,1.0,1,0.22989444912765808,42
5158,0,8581,4113,4468,0,0,0,1.0,1,1.0,1,1.0,1,0.2271534151737702,43
5159,1,8582,4113,4469,0,0,0,1.0,1,1.0,1,1.0,1,0.2663466111609682,43
5160,0,8582,4113,4469,0,0,0,1.0,1,1.0,1,1.0,1,0.2663466111609682,43
5161,1,8583,4113,4470,0,0,0,1.0,1,1.0,1,1.0,1,0.25160601286058715,43
5162,0,8583,4113,4470,0,0,0,1.0,1,1.0,1,1.0,1,0.25697977527611165,44
5163,2,8585,4113,4472,0,0,0,1.0,1,1.0,1,1.0,1,0.23759398091962164,46
5164,2,8587,4114,4473,0,0,0,1.0,1,1.0,1,1.0,1,0.2131520119746246,46
5165,0,8587,4114,4473,0,0,0,1.0,1,1.0,1,1.0,1,0.2131520119746246,46
5166,5,8592,4117,4475,0,0,0,1.0,1,1.0,1,1.0,1,0.20904399383064037,47
5167,2,8594,4117,4477,0,0,0,1.0,1,1.0,1,1.0,1,0.18311867086945696,47
5168,1,8595,4118,4477,0,0,0,1.0,1,1.0,1,1.0,1,0.2168916222841072,47
5169,1,8596,4118,4478,0,0,0,1.0,1,1.0,1,1.0,1,0.20236359938163478,47
5170,1,8597,4119,4478,0,0,0,1.0,1,1.0,1,1.0,1,0.21364442548618487,48
5171,2,8599,4120,4479,0,0,0,1.0,1,1.0,1,1.0,1,0.22836030562444012,48
5172,0,8599,4120,4479,0,0,0,1.0,1,1.0,1,1.0,1,0.1981924060719706,49
5173,1,8600,4120,4480,0,0,0,1.0,1,1.0,1,1.0,1,0.19777039576644276,49
5174,0,8600,4120,4480,0,0,0,1.0,1,1.0,1,1.0,1,0.1994690845031612,52
5175,1,8601,4121,4480,0,0,0,1.0,1,1.0,1,1.0,1,0.19158798410614997,53
5176,2,8603,4121,4482,0,0,0,1.0,1,1.0,1,1.0,1,0.15947425819603397,54
5177,3,8606,4124,4482,0,0,0,1.0,1,1.0,1,1.0,1,0.1885703997695065,54
5178,4,8610,4126,4484,0,0,0,1.0,1,1.0,1,1.0,1,0.19106676388455396,55
5179,0,8610,4126,4484,0,0,0,1.0,1,1.0,1,1.0,1,0.1754523910875922,53
5180,1,8611,4127,4484,0,0,0,1.0,1,1.0,1,1.0,1,0.18505961488265218,52
5181,1,8612,4128,4484,0,0,0,1.0,1,1.0,1,1.0,1,0.16189981231714592,52
5182,1,8613,4129,4484,0,0,0,1.0,1,1.0,1,1.0,1,0.17585959546346552,52
5183,3,8616,4131,4485,0,0,0,1.0,1,1.0,1,1.0,1,0.20429235396873577,52
5184,0,8616,4131,4485,0,0,0,1.0,1,1.0,1,1.0,1,0.2042988581595291,52
5185,3,8619,4133,4486,0,0,0,1.0,1,1.0,1,1.0,1,0.24209457035813373,50
5186,1,8620,4134,4486,0,0,0,1.0,1,1.0,1,1.0,1,0.2947712311848792,48
5187,5,8625,4135,4490,0,0,0,1.0,1,1.0,1,1.0,1,0.24639240630822318,46
5188,2,8627,4135,4492,0,0,0,1.0,1,1.0,1,1.0,1,0.22380388165854587,44
5189,1,8628,4135,4493,0,0,0,1.0,1,1.0,1,1.0,1,0.19961702103204063,44
5190,1,8629,4136,4493,0,0,0,1.0,1,1.0,1,1.0,1,0.20634497820434033,45
5191,2,8631,4136,4495,0,0,0,1.0,1,1.0,1,1.0,1,0.15905778298463905,45
5192,1,8632,4136,4496,0,0,0,1.0,1,1.0,1,1.0,1,0.13998151919157598,45
5193,0,8632,4136,4496,0,0,0,1.0,1,1.0,1,1.0,1,0.13998151919157598,45
5194,0,8632,4136,4496,0,0,0,1.0,1,1.0,1,1.0,1,0.14182574456157007,45
5195,1,8633,4137,4496,0,0,0,1.0,1,1.0,1,1.0,1,0.16398133468989318,46
5196,0,8633,4137,4496,0,0,0,1.0,1,1.0,1,1.0,1,0.16398133468989318,46
5197,2,8635,4139,4496,0,0,0,1.0,1,1.0,1,1.0,1,0.20737969981467105,46
5198,0,8635,4139,4496,0,0,0,1.0,1,1.0,1,1.0,1,0.19141104805620163,47
5199,2,8637,4140,4497,0,0,0,1.0,1,1.0,1,1.0,1,0.227853000101577,49
5200,4,8641,4141,4500,0,0,0,1.0,1,1.0,1,1.0,1,0.19530637807281087,49
5201,3,8644,4143,4501,0,0,0,1.0,1,1.0,1,1.0,1,0.18524116006932947,50
5202,2,8646,4143,4503,0,0,0,1.0,1,1.0,1,1.0,1,0.1633615228241712,52
5203,1,8647,4143,4504,0,0,0,1.0,1,1.0,1,1.0,1,0.14253010165436156,52
5204,0,8647,4143,4504,0,0,0,1.0,1,1.0,1,1.0,1,0.15226584491857625,54
5205,0,8647,4143,4504,0,0,0,1.0,1,1.0,1,1.0,1,0.15226584491857625,54
5206,2,8649,4143,4506,0,0,0,1.0,1,1.0,1,1.0,1,0.12473395005447611,55
5207,0,8649,4143,4506,0,0,0,1.0,1,1.0,1,1.0,1,0.12043252896268325,54
5208,0,8649,4143,4506,0,0,0,1.0,1,1.0,1,1.0,1,0.12043252896268325,54
5209,1,8650,4143,4507,0,0,0,1.0,1,1.0,1,1.0,1,0.09523930489162198,54
5210,0,8650,4143,4507,0,0,0,1.0,1,1.0,1,1.0,1,0.09523930489162198,54
5211,1,8651,4143,4508,0,0,0,1.0,1,1.0,1,1.0,1,0.09088188991463725,56
5212,1,8652,4144,4508,0,0,0,1.0,1,1.0,1,1.0,1,0.08064718886344775,57
5213,2,8654,4146,4508,0,0,0,1.0,1,1.0,1,1.0,1,0.1429037162637856,57
5214,6,8660,4148,4512,0,0,0,1.0,1,1.0,1,1.0,1,0.17837953840679255,58
5215,0,8660,4148,4512,0,0,0,1.0,1,1.0,1,1.0,1,0.19072095759939342,57
5216,1,8661,4149,4512,0,0,0,1.0,1,1.0,1,1.0,1,0.19488858714738405,57
5217,5,8666,4151,4515,0,0,0,1.0,1,1.0,1,1.0,1,0.14150294526769683,56
5218,2,8668,4153,4515,0,0,0,1.0,1,1.0,1,1.0,1,0.1655121515312241,56
5219,0,8668,4153,4515,0,0,0,1.0,1,1.0,1,1.0,1,0.16554245613947724,54
5220,0,8668,4153,4515,0,0,0,1.0,1,1.0,1,1.0,1,0.19488289140966678,53
5221,3,8671,4153,4518,0,0,0,1.0,1,1.0,1,1.0,1,0.167172349876033,52
5222,1,8672,4153,4519,0,0,0,1.0,1,1.0,1,1.0,1,0.18005560823280423,52
5223,1,8673,4154,4519,0,0,0,1.0,1,1.0,1,1.0,1,0.19664371449798196,52
5224,6,8679,4157,4522,0,0,0,1.0,1,1.0,1,1.0,1,0.1737919552629075,52
5225,0,8679,4157,4522,0,0,0,1.0,1,1.0,1,1.0,1,0.17651020103323214,50
5226,2,8681,4159,4522,0,0,0,1.0,1,1.0,1,1.0,1,0.18761056776806803,51
5227,4,8685,4161,4524,0,0,0,1.0,1,1.0,1,1.0,1,0.1973775306135912,49
5228,1,8686,4161,4525,0,0,0,1.0,1,1.0,1,1.0,1,0.19418292078881952,48
5229,0,8686,4161,4525,0,0,0,1.0,1,1.0,1,1.0,1,0.18119439119222738,49
5230,1,8687,4161,4526,0,0,0,1.0,1,1.0,1,1.0,1,0.15400076798969595,49
5231,1,8688,4162,4526,0,0,0,1.0,1,1.0,1,1.0,1,0.15474271175186047,49
5232,5,8693,4164,4529,0,0,0,1.0,1,1.0,1,1.0,1,0.13366245771017488,51
5233,2,8695,4166,4529,0,0,0,1.0,1,1.0,1,1.0,1,0.18014813049750647,51
5234,4,8699,4169,4530,0,0,0,1.0,1,1.0,1,1.0,1,0.17465246809024318,52
5235,0,8699,4169,4530,0,0,0,1.0,1,1.0,1,1.0,1,0.17352051783501335,52
5236,2,8701,4170,4531,0,0,0,1.0,1,1.0,1,1.0,1,0.17475635505330697,52
5237,1,8702,4170,4532,0,0,0,1.0,1,1.0,1,1.0,1,0.1744727682689922,53
5238,1,8703,4171,4532,0,0,0,1.0,1,1.0,1,1.0,1,0.1638844948960593,53
5239,3,8706,4171,4535,0,0,0,1.0,1,1.0,1,1.0,1,0.1319579907530357,53
5240,2,8708,4173,4535,0,0,0,1.0,1,1.0,1,1.0,1,0.16674242026295738,55
5241,1,8709,4173,4536,0,0,0,1.0,1,1.0,1,1.0,1,0.13894301314861227,56
5242,3,8712,4175,4537,0,0,0,1.0,1,1.0,1,1.0,1,0.14092331062439134,54
5243,1,8713,4176,4537,0,0,0,1.0,1,1.0,1,1.0,1,0.1704726785487227,55
5244,2,8715,4176,4539,0,0,0,1.0,1,1.0,1,1.0,1,0.13843078885022,55
5245,0,8715,4176,4539,0,0,0,1.0,1,1.0,1,1.0,1,0.13843078885022,55
5246,1,8716,4177,4539,0,0,0,1.0,1,1.0,1,1.0,1,0.1919802172204403,55
5247,1,8717,4178,4539,0,0,0,1.0,1,1.0,1,1.0,1,0.21066227753104502,54
5248,4,8721,4180,4541,0,0,0,1.0,1,1.0,1,1.0,1,0.22027423276730976,53
5249,1,8722,4181,4541,0,0,0,1.0,1,1.0,1,1.0,1,0.24642994808926896,55
5250,2,8724,4183,4541,0,0,0,1.0,1,1.0,1,1.0,1,0.2500053688175192,55
5251,7,8731,4184,4547,0,0,0,1.0,1,1.0,1,1.0,1,0.1919064647510136,57
5252,1,8732,4184,4548,0,0,0,1.0,1,1.0,1,1.0,1,0.1890682303352249,58
5253,2,8734,4185,4549,0,0,0,1.0,1,1.0,1,1.0,1,0.19645796014834277,59
5254,3,8737,4186,4551,0,0,0,1.0,1,1.0,1,1.0,1,0.1645027276681793,59
5255,0,8737,4186,4551,0,0,0,1.0,1,1.0,1,1.0,1,0.16079500427274887,58
5256,2,8739,4188,4551,0,0,0,1.0,1,1.0,1,1.0,1,0.19022484900717054,59
5257,1,8740,4189,4551,0,0,0,1.0,1,1.0,1,1.0,1,0.20468539421186496,58
5258,2,8742,4190,4552,0,0,0,1.0,1,1.0,1,1.0,1,0.21176876703914868,56
5259,0,8742,4190,4552,0,0,0,1.0,1,1.0,1,1.0,1,0.22296834192328077,56
5260,0,8742,4190,4552,0,0,0,1.0,1,1.0,1,1.0,1,0.21692110173865545,55
5261,2,8744,4191,4553,0,0,0,1.0,1,1.0,1,1.0,1,0.23147179230108367,54
5262,2,8746,4192,4554,0,0,0,1.0,1,1.0,1,1.0,1,0.22386276795215151,54
5263,5,8751,4195,4556,0,0,0,1.0,1,1.0,1,1.0,1,0.24112729742532957,53
5264,1,8752,4196,4556,0,0,0,1.0,1,1.0,1,1.0,1,0.24606226402426778,51
5265,2,8754,4197,4557,0,0,0,1.0,1,1.0,1,1.0,1,0.23537158140454767,50
5266,3,8757,4199,4558,0,0,0,1.0,1,1.0,1,1.0,1,0.19544297934519966,49
5267,2,8759,4200,4559,0,0,0,1.0,1,1.0,1,1.0,1,0.18980790480027393,48
5268,2,8761,4201,4560,0,0,0,1.0,1,1.0,1,1.0,1,0.1714833480945834,47
5269,1,8762,4201,4561,0,0,0,1.0,1,1.0,1,1.0,1,0.19289929190299765,45
5270,3,8765,4202,4563,0,0,0,1.0,1,1.0,1,1.0,1,0.18420445659242768,47
5271,0,8765,4202,4563,0,0,0,1.0,1,1.0,1,1.0,1,0.19335420263886735,45
5272,4,8769,4206,4563,0,0,0,1.0,1,1.0,1,1.0,1,0.28275492558497545,46
5273,1,8770,4206,4564,0,0,0,1.0,1,1.0,1,1.0,1,0.29295655524858616,44
5274,3,8773,4208,4565,0,0,0,1.0,1,1.0,1,1.0,1,0.32553148337303106,44
5275,8,8781,4209,4572,0,0,0,1.0,1,1.0,1,1.0,1,0.18494750414016087,46
5276,0,8781,4209,4572,0,0,0,1.0,1,1.0,1,1.0,1,0.18494750414016087,46
5277,2,8783,4210,4573,0,0,0,1.0,1,1.0,1,1.0,1,0.17074057394746608,46
5278,4,8787,4213,4574,0,0,0,1.0,1,1.0,1,1.0,1,0.15767797415408455,46
5279,1,8788,4214,4574,0,0,0,1.0,1,1.0,1,1.0,1,0.20328853104798197,47
5280,2,8790,4215,4575,0,0,0,1.0,1,1.0,1,1.0,1,0.19482787777719357,47
5281,0,8790,4215,4575,0,0,0,1.0,1,1.0,1,1.0,1,0.20585327847644003,48
5282,2,8792,4217,4575,0,0,0,1.0,1,1.0,1,1.0,1,0.23278271026554712,48
5283,2,8794,4217,4577,0,0,0,1.0,1,1.0,1,1.0,1,0.21942588159754067,49
5284,1,8795,4217,4578,0,0,0,1.0,1,1.0,1,1.0,1,0.20424443170918793,49
5285,0,8795,4217,4578,0,0,0,1.0,1,1.0,1,1.0,1,0.19498402933078554,50
5286,1,8796,4217,4579,0,0,0,1.0,1,1.0,1,1.0,1,0.1996913692033116,51
5287,0,8796,4217,4579,0,0,0,1.0,1,1.0,1,1.0,1,0.1996913692033116,51
5288,1,8797,4217,4580,0,0,0,1.0,1,1.0,1,1.0,1,0.17992562282369567,51
5289,1,8798,4217,4581,0,0,0,1.0,1,1.0,1,1.0,1,0.1892803904389952,53
5290,4,8802,4217,4585,0,0,0,1.0,1,1.0,1,1.0,1,0.10610652843463628,53
5291,1,8803,4218,4585,0,0,0,1.0,1,1.0,1,1.0,1,0.12557112661278147,53
5292,3,8806,4220,4586,0,0,0,1.0,1,1.0,1,1.0,1,0.184900471668605,53
5293,4,8810,4222,4588,0,0,0,1.0,1,1.0,1,1.0,1,0.23247494906574082,53
5294,2,8812,4223,4589,0,0,0,1.0,1,1.0,1,1.0,1,0.23793484481502922,54
5295,1,8813,4224,4589,0,0,0,1.0,1,1.0,1,1.0,1,0.24728725756596737,52
5296,0,8813,4224,4589,0,0,0,1.0,1,1.0,1,1.0,1,0.25922029187439616,49
5297,3,8816,4226,4590,0,0,0,1.0,1,1.0,1,1.0,1,0.29072313104311476,49
5298,1,8817,4226,4591,0,0,0,1.0,1,1.0,1,1.0,1,0.2719479831050597,49
5299,7,8824,4228,4596,0,0,0,1.0,1,1.0,1,1.0,1,0.2142998824536647,50
5300,0,8824,4228,4596,0,0,0,1.0,1,1.0,1,1.0,1,0.21376881291784133,48
5301,1,8825,4229,4596,0,0,0,1.0,1,1.0,1,1.0,1,0.23469884420220768,46
5302,1,8826,4230,4596,0,0,0,1.0,1,1.0,1,1.0,1,0.24694600343880882,47
5303,3,8829,4232,4597,0,0,0,1.0,1,1.0,1,1.0,1,0.23578740811601914,46
5304,2,8831,4234,4597,0,0,0,1.0,1,1.0,1,1.0,1,0.29323926538601486,45
5305,2,8833,4235,4598,0,0,0,1.0,1,1.0,1,1.0,1,0.28720399871255875,44
5306,2,8835,4237,4598,0,0,0,1.0,1,1.0,1,1.0,1,0.3350059676752262,42
5307,2,8837,4238,4599,0,0,0,1.0,1,1.0,1,1.0,1,0.3147913138798928,42
5308,4,8841,4239,4602,0,0,0,1.0,1,1.0,1,1.0,1,0.29271136058657493,43
5309,0,8841,4239,4602,0,0,0,1.0,1,1.0,1,1.0,1,0.26727854827182324,41
5310,1,8842,4240,4602,0,0,0,1.0,1,1.0,1,1.0,1,0.3022358833936553,41
5311,1,8843,4241,4602,0,0,0,1.0,1,1.0,1,1.0,1,0.31203259031181196,42
5312,0,8843,4241,4602,0,0,0,1.0,1,1.0,1,1.0,1,0.3282910023316747,43
5313,0,8843,4241,4602,0,0,0,1.0,1,1.0,1,1.0,1,0.32665040172604093,44
5314,1,8844,4241,4603,0,0,0,1.0,1,1.0,1,1.0,1,0.30358312931645526,44
5315,6,8850,4242,4608,0,0,0,1.0,1,1.0,1,1.0,1,0.26509158225043766,45
5316,0,8850,4242,4608,0,0,0,1.0,1,1.0,1,1.0,1,0.27552278312840356,46
5317,3,8853,4242,4611,0,0,0,1.0,1,1.0,1,1.0,1,0.25876311894903387,46
5318,1,8854,4243,4611,0,0,0,1.0,1,1.0,1,1.0,1,0.25284038404339115,46
5319,2,8856,4243,4613,0,0,0,1.0,1,1.0,1,1.0,1,0.23719574306225655,47
5320,3,8859,4244,4615,0,0,0,1.0,1,1.0,1,1.0,1,0.20924132216163183,48
5321,0,8859,4244,4615,0,0,0,1.0,1,1.0,1,1.0,1,0.21949840028855377,49
5322,0,8859,4244,4615,0,0,0,1.0,1,1.0,1,1.0,1,0.21949840028855377,49
5323,2,8861,4244,4617,0,0,0,1.0,1,1.0,1,1.0,1,0.22083302501764626,51
5324,2,8863,4244,4619,0,0,0,1.0,1,1.0,1,1.0,1,0.20114642249559073,53
5325,1,8864,4245,4619,0,0,0,1.0,1,1.0,1,1.0,1,0.21307360419796556,53
5326,2,8866,4246,4620,0,0,0,1.0,1,1.0,1,1.0,1,0.22306410109654634,53
5327,0,8866,4246,4620,0,0,0,1.0,1,1.0,1,1.0,1,0.24087849058050811,53
5328,0,8866,4246,4620,0,0,0,1.0,1,1.0,1,1.0,1,0.24787113323107865,54
5329,2,8868,4247,4621,0,0,0,1.0,1,1.0,1,1.0,1,0.2566804193037607,53
5330,2,8870,4249,4621,0,0,0,1.0,1,1.0,1,1.0,1,0.2750269103433794,52
5331,1,8871,4249,4622,0,0,0,1.0,1,1.0,1,1.0,1,0.28835867273238075,51
5332,0,8871,4249,4622,0,0,0,1.0,1,1.0,1,1.0,1,0.2974727552206508,52
5333,2,8873,4251,4622,0,0,0,1.0,1,1.0,1,1.0,1,0.3236801140296167,53
5334,3,8876,4252,4624,0,0,0,1.0,1,1.0,1,1.0,1,0.3486914520047896,54
5335,5,8881,4252,4629,0,0,0,1.0,1,1.0,1,1.0,1,0.2819981945055422,55
5336,0,8881,4252,4629,0,0,0,1.0,1,1.0,1,1.0,1,0.2879725217417132,54
5337,0,8881,4252,4629,0,0,0,1.0,1,1.0,1,1.0,1,0.29879012795149135,55
5338,2,8883,4253,4630,0,0,0,1.0,1,1.0,1,1.0,1,0.2943238312824544,55
5339,0,8883,4253,4630,0,0,0,1.0,1,1.0,1,1.0,1,0.2943238312824544,55
5340,0,8883,4253,4630,0,0,0,1.0,1,1.0,1,1.0,1,0.2943238312824544,55
5341,4,8887,4254,4633,0,0,0,1.0,1,1.0,1,1.0,1,0.3072748505117813,54
5342,1,8888,4255,4633,0,0,0,1.0,1,1.0,1,1.0,1,0.31961968710716615,55
5343,2,8890,4257,4633,0,0,0,1.0,1,1.0,1,1.0,1,0.3272621054184212,54
5344,4,8894,4259,4635,0,0,0,1.0,1,1.0,1,1.0,1,0.32528886973337057,55
5345,1,8895,4259,4636,0,0,0,1.0,1,1.0,1,1.0,1,0.29881031707702854,53
5346,1,8896,4260,4636,0,0,0,1.0,1,1.0,1,1.0,1,0.3126316139586367,53
5347,6,8902,4263,4639,0,0,0,1.0,1,1.0,1,1.0,1,0.31568860223548134,51
5348,5,8907,4265,4642,0,0,0,1.0,1,1.0,1,1.0,1,0.2779238292738502,53
5349,6,8913,4268,4645,0,0,0,1.0,1,1.0,1,1.0,1,0.23598092881242105,52
5350,1,8914,4269,4645,0,0,0,1.0,1,1.0,1,1.0,1,0.25995729115899385,50
5351,5,8919,4271,4648,0,0,0,1.0,1,1.0,1,1.0,1,0.29449939544304526,52
5352,1,8920,4272,4648,0,0,0,1.0,1,1.0,1,1.0,1,0.2877900955605053,49
5353,2,8922,4272,4650,0,0,0,1.0,1,1.0,1,1.0,1,0.2577316843123236,49
5354,1,8923,4272,4651,0,0,0,1.0,1,1.0,1,1.0,1,0.21232657322880003,49
5355,1,8924,4272,4652,0,0,0,1.0,1,1.0,1,1.0,1,0.17258345995857965,48
5356,2,8926,4273,4653,0,0,0,1.0,1,1.0,1,1.0,1,0.20370972359839462,49
5357,1,8927,4273,4654,0,0,0,1.0,1,1.0,1,1.0,1,0.20186165393183986,47
5358,0,8927,4273,4654,0,0,0,1.0,1,1.0,1,1.0,1,0.20777007819652774,48
5359,2,8929,4273,4656,0,0,0,1.0,1,1.0,1,1.0,1,0.16349846174653904,48
5360,1,8930,4273,4657,0,0,0,1.0,1,1.0,1,1.0,1,0.14104179479256304,48
5361,1,8931,4273,4658,0,0,0,1.0,1,1.0,1,1.0,1,0.1497326827501731,50
5362,1,8932,4273,4659,0,0,0,1.0,1,1.0,1,1.0,1,0.14179075363022384,50
5363,0,8932,4273,4659,0,0,0,1.0,1,1.0,1,1.0,1,0.14179075363022384,50
5364,2,8934,4275,4659,0,0,0,1.0,1,1.0,1,1.0,1,0.14119178666261106,51
5365,0,8934,4275,4659,0,0,0,1.0,1,1.0,1,1.0,1,0.15373369882550528,52
5366,0,8934,4275,4659,0,0,0,1.0,1,1.0,1,1.0,1,0.15373369882550528,52
5367,0,8934,4275,4659,0,0,0,1.0,1,1.0,1,1.0,1,0.1568797711284729,54
5368,2,8936,4275,4661,0,0,0,1.0,1,1.0,1,1.0,1,0.1422539781858011,55
5369,1,8937,4276,4661,0,0,0,1.0,1,1.0,1,1.0,1,0.178677728961294,53
5370,5,8942,4279,4663,0,0,0,1.0,1,1.0,1,1.0,1,0.22523517700344528,54
5371,5,8947,4281,4666,0,0,0,1.0,1,1.0,1,1.0,1,0.2090888691544213,53
5372,5,8952,4283,4669,0,0,0,1.0,1,1.0,1,1.0,1,0.20836192603737969,53
5373,1,8953,4283,4670,0,0,0,1.0,1,1.0,1,1.0,1,0.1856749078714854,52
5374,1,8954,4284,4670,0,0,0,1.0,1,1.0,1,1.0,1,0.1968348123360262,51
5375,1,8955,4284,4671,0,0,0,1.0,1,1.0,1,1.0,1,0.1520507300697258,52
5376,1,8956,4285,4671,0,0,0,1.0,1,1.0,1,1.0,1,0.18919404588298544,51
5377,0,8956,4285,4671,0,0,0,1.0,1,1.0,1,1.0,1,0.20227680648668633,52
5378,3,8959,4287,4672,0,0,0,1.0,1,1.0,1,1.0,1,0.24624746109052278,50
5379,0,8959,4287,4672,0,0,0,1.0,1,1.0,1,1.0,1,0.24624746109052278,50
5380,1,8960,4287,4673,0,0,0,1.0,1,1.0,1,1.0,1,0.26876432862231303,52
5381,0,8960,4287,4673,0,0,0,1.0,1,1.0,1,1.0,1,0.26876432862231303,52
5382,0,8960,4287,4673,0,0,0,1.0,1,1.0,1,1.0,1,0.26823110678978546,52
5383,1,8961,4287,4674,0,0,0,1.0,1,1.0,1,1.0,1,0.22189390968958353,51
5384,4,8965,4289,4676,0,0,0,1.0,1,1.0,1,1.0,1,0.22147284993066993,52
5385,2,8967,4290,4677,0,0,0,1.0,1,1.0,1,1.0,1,0.24150821094428343,51
5386,3,8970,4292,4678,0,0,0,1.0,1,1.0,1,1.0,1,0.2169396988880754,52
5387,2,8972,4292,4680,0,0,0,1.0,1,1.0,1,1.0,1,0.1775985040679262,53
5388,1,8973,4292,4681,0,0,0,1.0,1,1.0,1,1.0,1,0.16818220392576436,54
5389,2,8975,4293,4682,0,0,0,1.0,1,1.0,1,1.0,1,0.15404562251819584,55
5390,3,8978,4295,4683,0,0,0,1.0,1,1.0,1,1.0,1,0.15092509334017787,56
5391,1,8979,4296,4683,0,0,0,1.0,1,1.0,1,1.0,1,0.16016748461172883,56
5392,6,8985,4299,4686,0,0,0,1.0,1,1.0,1,1.0,1,0.14451322712797127,56
5393,2,8987,4300,4687,0,0,0,1.0,1,1.0,1,1.0,1,0.1558185855274212,54
5394,1,8988,4301,4687,0,0,0,1.0,1,1.0,1,1.0,1,0.17101657619709557,53
5395,2,8990,4302,4688,0,0,0,1.0,1,1.0,1,1.0,1,0.1447415265019657,53
5396,0,8990,4302,4688,0,0,0,1.0,1,1.0,1,1.0,1,0.15492446161432777,54
5397,1,8991,4303,4688,0,0,0,1.0,1,1.0,1,1.0,1,0.13179995013621565,53
5398,1,8992,4303,4689,0,0,0,1.0,1,1.0,1,1.0,1,0.12271048773582828,53
5399,6,8998,4308,4690,0,0,0,1.0,1,1.0,1,1.0,1,0.18563634064343795,55
5400,2,9000,4308,4692,0,0,0,1.0,1,1.0,1,1.0,1,0.15969472030089302,55
5401,5,9005,4310,4695,0,0,0,1.0,1,1.0,1,1.0,1,0.17229579893318314,56
5402,0,9005,4310,4695,0,0,0,1.0,1,1.0,1,1.0,1,0.0,0
