,SuccessfulHandoverCount,TotalSuccessfulHandoverCount,TotalSuccessfulHandoverCountRange,TotalSuccessfulHandoverCountLoadBalancing,TotalSuccessfulHandoverCountOverload,FailedHandoverCount,TotalFailedHandoverCount,AvgQoS,MinQoS,AvgQoS_LoadBased,MinQoS_LoadBased,AvgQoS_RangeBased,MinQoS_RangeBased,GiniLoad,VehicleCount
0,0,0,0,0,0,0,0,1.0,1.0,1.0,1.0,1.0,1,0.0,0
1,0,0,0,0,0,0,0,1.0,1.0,1.0,1.0,1.0,1,0.5196673428998585,26
2,3,3,3,0,0,0,0,1.0,1.0,1.0,1.0,1.0,1,0.5360697102161551,27
3,5,8,8,0,0,0,0,1.0,1.0,1.0,1.0,1.0,1,0.5471775171790185,28
4,2,10,10,0,0,0,0,1.0,1.0,1.0,1.0,1.0,1,0.5338272731414004,29
5,5,15,15,0,0,0,0,1.0,1.0,1.0,1.0,1.0,1,0.5920749374590718,29
6,0,15,15,0,0,0,0,1.0,1.0,1.0,1.0,1.0,1,0.5480222710277254,32
7,2,17,17,0,0,0,0,1.0,1.0,1.0,1.0,1.0,1,0.5540893158912232,33
8,2,19,19,0,0,0,0,1.0,1.0,1.0,1.0,1.0,1,0.49463759502890575,35
9,5,24,24,0,0,0,0,1.0,1.0,1.0,1.0,1.0,1,0.48217146813736067,35
10,1,25,25,0,0,0,0,1.0,1.0,1.0,1.0,1.0,1,0.48813837436332375,35
11,1,26,26,0,0,0,0,1.0,1.0,1.0,1.0,1.0,1,0.4506421959792456,35
12,2,28,28,0,0,0,0,1.0,1.0,1.0,1.0,1.0,1,0.45915308484129264,34
13,2,30,30,0,0,0,0,1.0,1.0,1.0,1.0,1.0,1,0.48496518365765195,32
14,1,31,31,0,0,0,0,1.0,1.0,1.0,1.0,1.0,1,0.5133847638318133,31
15,1,32,32,0,0,0,0,1.0,1.0,1.0,1.0,1.0,1,0.5221230044052632,30
16,1,33,33,0,0,0,0,1.0,1.0,1.0,1.0,1.0,1,0.5314769554011326,30
17,0,33,33,0,0,0,0,1.0,1.0,1.0,1.0,1.0,1,0.5170635429520054,29
18,1,34,34,0,0,0,0,1.0,1.0,1.0,1.0,1.0,1,0.5165431208760473,29
19,6,40,40,0,0,0,0,1.0,1.0,1.0,1.0,1.0,1,0.45901225266437395,28
20,7,47,47,0,0,0,0,1.0,1.0,1.0,1.0,1.0,1,0.5003411575075744,28
21,4,51,51,0,0,0,0,1.0,1.0,1.0,1.0,1.0,1,0.6154893232441315,28
22,6,57,57,0,0,0,0,1.0,1.0,1.0,1.0,1.0,1,0.58969957837239,28
23,3,60,60,0,0,0,0,1.0,1.0,1.0,1.0,1.0,1,0.6420350591231879,27
24,7,67,67,0,0,0,0,1.0,1.0,1.0,1.0,1.0,1,0.6453234490452856,28
25,2,69,69,0,0,0,0,1.0,1.0,1.0,1.0,1.0,1,0.6189019615773306,28
26,5,74,74,0,0,0,0,1.0,1.0,1.0,1.0,1.0,1,0.46846079235503046,30
27,0,74,74,0,0,0,0,1.0,1.0,1.0,1.0,1.0,1,0.45951424233902516,30
28,3,77,77,0,0,0,0,1.0,1.0,1.0,1.0,1.0,1,0.4129550622074951,31
29,1,78,78,0,0,0,0,1.0,1.0,1.0,1.0,1.0,1,0.4347607862597405,30
30,1,79,79,0,0,0,0,1.0,1.0,1.0,1.0,1.0,1,0.45352937819322453,30
31,4,83,83,0,0,0,0,1.0,1.0,1.0,1.0,1.0,1,0.5538973281022633,31
32,1,84,84,0,0,0,0,1.0,1.0,1.0,1.0,1.0,1,0.5729871861997853,31
33,3,87,87,0,0,0,0,1.0,1.0,1.0,1.0,1.0,1,0.6003734785551433,31
34,1,88,88,0,0,0,0,1.0,1.0,1.0,1.0,1.0,1,0.6327546553938659,29
35,2,90,90,0,0,0,0,1.0,1.0,1.0,1.0,1.0,1,0.6418771887494213,30
36,1,91,91,0,0,0,0,1.0,1.0,1.0,1.0,1.0,1,0.6543369672677809,30
37,2,93,93,0,0,0,0,1.0,1.0,1.0,1.0,1.0,1,0.646368862368189,31
38,2,95,95,0,0,0,0,1.0,1.0,1.0,1.0,1.0,1,0.6217764736271186,32
39,1,96,96,0,0,0,0,1.0,1.0,1.0,1.0,1.0,1,0.5670032147078784,36
40,0,96,96,0,0,0,0,1.0,1.0,1.0,1.0,1.0,1,0.5637207202240571,37
41,1,97,97,0,0,0,0,1.0,1.0,1.0,1.0,1.0,1,0.5559992568669315,37
42,1,98,98,0,0,0,0,1.0,1.0,1.0,1.0,1.0,1,0.5388759009740933,38
43,2,100,100,0,0,0,0,1.0,1.0,1.0,1.0,1.0,1,0.5420044168499688,40
44,1,101,101,0,0,0,0,1.0,1.0,1.0,1.0,1.0,1,0.5640459905703409,39
45,2,103,103,0,0,0,0,1.0,1.0,1.0,1.0,1.0,1,0.5380703239465939,40
46,0,103,103,0,0,0,0,1.0,1.0,1.0,1.0,1.0,1,0.5411807414006461,39
47,0,103,103,0,0,0,0,1.0,1.0,1.0,1.0,1.0,1,0.5411807414006461,39
48,1,104,104,0,0,0,0,1.0,1.0,1.0,1.0,1.0,1,0.5458204383192689,39
49,0,104,104,0,0,0,0,1.0,1.0,1.0,1.0,1.0,1,0.5273078630691292,37
50,4,108,108,0,0,0,0,1.0,1.0,1.0,1.0,1.0,1,0.5001230926607934,35
51,0,108,108,0,0,0,0,1.0,1.0,1.0,1.0,1.0,1,0.4924578067008785,34
52,3,111,111,0,0,0,0,1.0,1.0,1.0,1.0,1.0,1,0.5301760487384515,34
53,4,115,115,0,0,0,0,1.0,1.0,1.0,1.0,1.0,1,0.5354863393057429,35
54,1,116,116,0,0,0,0,1.0,1.0,1.0,1.0,1.0,1,0.557895988803039,36
55,6,122,122,0,0,0,0,1.0,1.0,1.0,1.0,1.0,1,0.5907774883239452,36
56,3,125,125,0,0,0,0,1.0,1.0,1.0,1.0,1.0,1,0.6050134899199716,36
57,4,129,129,0,0,0,0,1.0,1.0,1.0,1.0,1.0,1,0.5809121866324335,37
58,2,131,131,0,0,0,0,1.0,1.0,1.0,1.0,1.0,1,0.50842055319338,38
59,1,132,132,0,0,0,0,1.0,1.0,1.0,1.0,1.0,1,0.5326530034233407,37
60,2,134,134,0,0,0,0,1.0,1.0,1.0,1.0,1.0,1,0.47922865771469686,38
61,2,136,136,0,0,0,0,1.0,1.0,1.0,1.0,1.0,1,0.49320715466122045,37
62,5,141,141,0,0,0,0,1.0,1.0,1.0,1.0,1.0,1,0.5502560785221456,39
63,3,144,144,0,0,0,0,1.0,1.0,1.0,1.0,1.0,1,0.5440428611849311,39
64,5,149,149,0,0,0,0,1.0,1.0,1.0,1.0,1.0,1,0.5420728685685083,38
65,3,152,152,0,0,0,0,1.0,1.0,1.0,1.0,1.0,1,0.48191080005306297,39
66,2,154,154,0,0,0,0,1.0,1.0,1.0,1.0,1.0,1,0.4791257840263137,39
67,2,156,156,0,0,0,0,1.0,1.0,1.0,1.0,1.0,1,0.45026756393141476,36
68,1,157,157,0,0,0,0,1.0,1.0,1.0,1.0,1.0,1,0.5093090081883895,36
69,0,157,157,0,0,0,0,1.0,1.0,1.0,1.0,1.0,1,0.512612383117035,37
70,1,158,158,0,0,0,0,1.0,1.0,1.0,1.0,1.0,1,0.5380118673251434,36
71,1,159,159,0,0,0,0,1.0,1.0,1.0,1.0,1.0,1,0.522647800906863,38
72,0,159,159,0,0,0,0,1.0,1.0,1.0,1.0,1.0,1,0.522647800906863,38
73,2,161,161,0,0,0,0,1.0,1.0,1.0,1.0,1.0,1,0.5212957892209849,37
74,2,163,163,0,0,0,0,1.0,1.0,1.0,1.0,1.0,1,0.5160592310742619,38
75,3,166,166,0,0,0,0,1.0,1.0,1.0,1.0,1.0,1,0.5222131250321528,38
76,3,169,169,0,0,0,0,1.0,1.0,1.0,1.0,1.0,1,0.4784541154841832,39
77,3,172,172,0,0,0,0,1.0,1.0,1.0,1.0,1.0,1,0.4807542949133016,40
78,1,173,173,0,0,0,0,1.0,1.0,1.0,1.0,1.0,1,0.4700215484549304,41
79,0,173,173,0,0,0,0,1.0,1.0,1.0,1.0,1.0,1,0.4700215484549304,41
80,0,173,173,0,0,0,0,1.0,1.0,1.0,1.0,1.0,1,0.4700215484549304,41
81,4,177,177,0,0,0,0,1.0,1.0,1.0,1.0,1.0,1,0.4663999980180665,41
82,0,177,177,0,0,0,0,1.0,1.0,1.0,1.0,1.0,1,0.4846557113099518,44
83,1,178,178,0,0,0,0,1.0,1.0,1.0,1.0,1.0,1,0.4982205006521195,44
84,2,180,180,0,0,0,0,1.0,1.0,1.0,1.0,1.0,1,0.5074418615897989,45
85,1,181,181,0,0,0,0,1.0,1.0,1.0,1.0,1.0,1,0.5202430746703557,45
86,2,183,183,0,0,0,0,1.0,1.0,1.0,1.0,1.0,1,0.5478799310052005,45
87,1,184,184,0,0,0,0,1.0,1.0,1.0,1.0,1.0,1,0.5518263627744676,44
88,0,184,184,0,0,0,0,1.0,1.0,1.0,1.0,1.0,1,0.5518263627744676,44
89,1,185,185,0,0,0,0,1.0,1.0,1.0,1.0,1.0,1,0.5420100651395617,43
90,0,185,185,0,0,0,0,1.0,1.0,1.0,1.0,1.0,1,0.5483170302328779,44
91,0,185,185,0,0,0,0,1.0,1.0,1.0,1.0,1.0,1,0.5483170302328779,44
92,2,187,187,0,0,0,0,1.0,1.0,1.0,1.0,1.0,1,0.5352702909314103,43
93,1,188,188,0,0,0,0,1.0,1.0,1.0,1.0,1.0,1,0.5537622255399852,44
94,2,190,190,0,0,0,0,1.0,1.0,1.0,1.0,1.0,1,0.5771589149024581,44
95,1,191,191,0,0,0,0,1.0,1.0,1.0,1.0,1.0,1,0.5832646470167091,43
96,3,194,194,0,0,0,0,1.0,1.0,1.0,1.0,1.0,1,0.6034090790179468,44
97,1,195,195,0,0,0,0,1.0,1.0,1.0,1.0,1.0,1,0.6125887479012129,44
98,2,197,197,0,0,0,0,1.0,1.0,1.0,1.0,1.0,1,0.6315740287794901,43
99,3,200,200,0,0,0,0,1.0,1.0,1.0,1.0,1.0,1,0.6391625169333,43
100,3,203,203,0,0,0,0,1.0,1.0,1.0,1.0,1.0,1,0.6106116178654206,47
101,2,205,205,0,0,0,0,1.0,1.0,1.0,1.0,1.0,1,0.6270494859266588,47
102,9,214,214,0,0,0,0,1.0,1.0,1.0,1.0,1.0,1,0.6051925298478762,47
103,5,219,219,0,0,0,0,1.0,1.0,1.0,1.0,1.0,1,0.6134911477939111,46
104,7,226,226,0,0,0,0,1.0,1.0,1.0,1.0,1.0,1,0.6102308525288798,45
105,3,229,229,0,0,0,0,1.0,1.0,1.0,1.0,1.0,1,0.6010186753287099,44
106,6,235,235,0,0,0,0,1.0,1.0,1.0,1.0,1.0,1,0.607643239757365,45
107,5,240,240,0,0,0,0,1.0,1.0,1.0,1.0,1.0,1,0.5506648409433154,44
108,4,244,244,0,0,0,0,1.0,1.0,1.0,1.0,1.0,1,0.5434198874056776,46
109,5,249,249,0,0,0,0,1.0,1.0,1.0,1.0,1.0,1,0.5279647948680533,46
110,5,254,254,0,0,0,0,1.0,1.0,1.0,1.0,1.0,1,0.5127253171332327,46
111,4,258,258,0,0,0,0,1.0,1.0,1.0,1.0,1.0,1,0.497920978541194,46
112,3,261,261,0,0,0,0,1.0,1.0,1.0,1.0,1.0,1,0.5505124777685092,46
113,2,263,263,0,0,0,0,1.0,1.0,1.0,1.0,1.0,1,0.5361745655641026,46
114,0,263,263,0,0,0,0,1.0,1.0,1.0,1.0,1.0,1,0.5361745655641026,46
115,2,265,265,0,0,0,0,1.0,1.0,1.0,1.0,1.0,1,0.5016052605850428,47
116,2,267,267,0,0,0,0,1.0,1.0,1.0,1.0,1.0,1,0.49599199974212416,47
117,1,268,268,0,0,0,0,1.0,1.0,1.0,1.0,1.0,1,0.49272650966016,45
118,1,269,269,0,0,0,0,1.0,1.0,1.0,1.0,1.0,1,0.46810754034846835,46
119,0,269,269,0,0,0,0,1.0,1.0,1.0,1.0,1.0,1,0.4815208183244919,46
120,0,269,269,0,0,0,0,1.0,1.0,1.0,1.0,1.0,1,0.47436262373478844,47
121,0,269,269,0,0,0,0,1.0,1.0,1.0,1.0,1.0,1,0.48146248990770113,46
122,0,269,269,0,0,0,0,1.0,1.0,1.0,1.0,1.0,1,0.48146248990770113,46
123,2,271,271,0,0,0,0,1.0,1.0,1.0,1.0,1.0,1,0.523668628528457,45
124,2,273,273,0,0,0,0,1.0,1.0,1.0,1.0,1.0,1,0.5313862601442905,46
125,4,277,277,0,0,0,0,1.0,1.0,1.0,1.0,1.0,1,0.5736796353898207,44
126,5,282,282,0,0,0,0,0.9673606160371215,0.9361403357248032,0.9673606160371215,0.9361403357248032,1.0,1,0.6009056522022669,45
127,6,288,288,0,0,0,0,1.0,1.0,1.0,1.0,1.0,1,0.5356204843619456,45
128,5,293,293,0,0,0,0,1.0,1.0,1.0,1.0,1.0,1,0.5931659835016518,46
129,6,299,299,0,0,0,0,0.9867728302215445,0.9711407204833696,0.9867728302215445,0.9711407204833696,1.0,1,0.5702080828692699,48
130,3,302,302,0,0,0,0,1.0,1.0,1.0,1.0,1.0,1,0.5398986972690276,48
131,7,309,309,0,0,0,0,1.0,1.0,1.0,1.0,1.0,1,0.5636279469107428,49
132,1,310,310,0,0,0,0,1.0,1.0,1.0,1.0,1.0,1,0.5717182391988364,51
133,3,313,313,0,0,0,0,0.9902128106737873,0.9782012601370718,0.9902128106737873,0.9782012601370718,1.0,1,0.5878550615924935,49
134,6,319,319,0,0,0,0,1.0,1.0,1.0,1.0,1.0,1,0.5648796704203888,49
135,3,322,322,0,0,0,0,1.0,1.0,1.0,1.0,1.0,1,0.5718810299582097,49
136,7,329,329,0,0,0,0,1.0,1.0,1.0,1.0,1.0,1,0.5644439379776477,48
137,6,335,335,0,0,0,0,1.0,1.0,1.0,1.0,1.0,1,0.5681093132805419,47
138,3,338,338,0,0,0,0,1.0,1.0,1.0,1.0,1.0,1,0.5772329797005674,48
139,7,345,345,0,0,0,0,1.0,1.0,1.0,1.0,1.0,1,0.5281768151370874,48
140,2,347,347,0,0,0,0,1.0,1.0,1.0,1.0,1.0,1,0.5258477411843312,49
141,6,353,353,0,0,0,0,1.0,1.0,1.0,1.0,1.0,1,0.5084607202445736,49
142,1,354,354,0,0,0,0,1.0,1.0,1.0,1.0,1.0,1,0.5032125819140056,49
143,3,357,357,0,0,0,0,1.0,1.0,1.0,1.0,1.0,1,0.5496872148050898,47
144,1,358,358,0,0,0,0,1.0,1.0,1.0,1.0,1.0,1,0.5718627954226394,46
145,2,360,360,0,0,0,0,1.0,1.0,1.0,1.0,1.0,1,0.6213085425421282,44
146,2,362,362,0,0,0,0,1.0,1.0,1.0,1.0,1.0,1,0.6306832993040148,44
147,2,364,364,0,0,0,0,1.0,1.0,1.0,1.0,1.0,1,0.5914982419691318,43
148,1,365,365,0,0,0,0,1.0,1.0,1.0,1.0,1.0,1,0.5907377657153878,43
149,2,367,367,0,0,0,0,1.0,1.0,1.0,1.0,1.0,1,0.573867348475068,43
150,0,367,367,0,0,0,0,1.0,1.0,1.0,1.0,1.0,1,0.5837347795137355,42
151,2,369,369,0,0,0,0,1.0,1.0,1.0,1.0,1.0,1,0.5896900089523843,42
152,2,371,371,0,0,0,0,1.0,1.0,1.0,1.0,1.0,1,0.6190994094354184,42
153,1,372,372,0,0,0,0,1.0,1.0,1.0,1.0,1.0,1,0.6342162492737212,42
154,3,375,375,0,0,0,0,1.0,1.0,1.0,1.0,1.0,1,0.6248513658060746,43
155,5,380,380,0,0,0,0,1.0,1.0,1.0,1.0,1.0,1,0.6464324846039662,43
156,3,383,383,0,0,0,0,1.0,1.0,1.0,1.0,1.0,1,0.6541382882260045,42
157,7,390,390,0,0,0,0,1.0,1.0,1.0,1.0,1.0,1,0.6587042452019264,41
158,6,396,396,0,0,0,0,0.9876775639039472,0.9764753492711717,0.9876775639039472,0.9764753492711717,1.0,1,0.7040192270540893,42
159,3,399,399,0,0,0,0,1.0,1.0,1.0,1.0,1.0,1,0.6542212872728841,43
160,3,402,402,0,0,0,0,1.0,1.0,1.0,1.0,1.0,1,0.6733985144763704,44
161,2,404,404,0,0,0,0,1.0,1.0,1.0,1.0,1.0,1,0.645384473727389,44
162,2,406,406,0,0,0,0,1.0,1.0,1.0,1.0,1.0,1,0.6862739801432959,45
163,5,411,411,0,0,0,0,1.0,1.0,1.0,1.0,1.0,1,0.6588124859398855,43
164,2,413,413,0,0,0,0,1.0,1.0,1.0,1.0,1.0,1,0.6842020858073946,42
165,3,416,416,0,0,0,0,1.0,1.0,1.0,1.0,1.0,1,0.6709081564177226,42
166,4,420,420,0,0,0,0,1.0,1.0,1.0,1.0,1.0,1,0.6095747717888188,42
167,4,424,424,0,0,0,0,1.0,1.0,1.0,1.0,1.0,1,0.6172477916929106,41
168,1,425,425,0,0,0,0,1.0,1.0,1.0,1.0,1.0,1,0.6052990540219625,40
169,4,429,429,0,0,0,0,1.0,1.0,1.0,1.0,1.0,1,0.5649955994880567,40
170,1,430,430,0,0,0,0,1.0,1.0,1.0,1.0,1.0,1,0.5459385055797208,38
171,2,432,432,0,0,0,0,1.0,1.0,1.0,1.0,1.0,1,0.5713500513886992,37
172,2,434,434,0,0,0,0,1.0,1.0,1.0,1.0,1.0,1,0.582692240558239,35
173,2,436,436,0,0,0,0,1.0,1.0,1.0,1.0,1.0,1,0.6132384572968986,36
174,5,441,441,0,0,0,0,1.0,1.0,1.0,1.0,1.0,1,0.5700720484701689,34
175,1,442,442,0,0,0,0,1.0,1.0,1.0,1.0,1.0,1,0.5329371259440197,33
176,2,444,444,0,0,0,0,1.0,1.0,1.0,1.0,1.0,1,0.5471326936550744,34
177,3,447,447,0,0,0,0,1.0,1.0,1.0,1.0,1.0,1,0.5000564003316181,36
178,2,449,449,0,0,0,0,1.0,1.0,1.0,1.0,1.0,1,0.4792839885282387,37
179,2,451,451,0,0,0,0,1.0,1.0,1.0,1.0,1.0,1,0.4619789074614789,37
180,1,452,452,0,0,0,0,1.0,1.0,1.0,1.0,1.0,1,0.4653802952243406,36
181,2,454,454,0,0,0,0,1.0,1.0,1.0,1.0,1.0,1,0.4675880944596852,36
182,2,456,456,0,0,0,0,1.0,1.0,1.0,1.0,1.0,1,0.5040527532089413,38
183,3,459,459,0,0,0,0,1.0,1.0,1.0,1.0,1.0,1,0.4935700356208777,37
184,1,460,460,0,0,0,0,1.0,1.0,1.0,1.0,1.0,1,0.5252987644495142,36
185,4,464,464,0,0,0,0,1.0,1.0,1.0,1.0,1.0,1,0.5866710472559482,35
186,1,465,465,0,0,0,0,1.0,1.0,1.0,1.0,1.0,1,0.6216716409329897,34
187,2,467,467,0,0,0,0,1.0,1.0,1.0,1.0,1.0,1,0.6152036985450691,33
188,1,468,468,0,0,0,0,1.0,1.0,1.0,1.0,1.0,1,0.6227064421941538,33
189,4,472,472,0,0,0,0,1.0,1.0,1.0,1.0,1.0,1,0.618621933439637,33
190,2,474,474,0,0,0,0,1.0,1.0,1.0,1.0,1.0,1,0.6487699061835844,32
191,3,477,477,0,0,0,0,1.0,1.0,1.0,1.0,1.0,1,0.6532311602118603,34
192,2,479,479,0,0,0,0,1.0,1.0,1.0,1.0,1.0,1,0.6719773343993016,34
193,3,482,482,0,0,0,0,1.0,1.0,1.0,1.0,1.0,1,0.6931988549302627,35
194,2,484,484,0,0,0,0,1.0,1.0,1.0,1.0,1.0,1,0.7060043891513129,37
195,1,485,485,0,0,0,0,1.0,1.0,1.0,1.0,1.0,1,0.7223113343309912,36
196,1,486,486,0,0,0,0,1.0,1.0,1.0,1.0,1.0,1,0.6901727299950099,36
197,0,486,486,0,0,0,0,1.0,1.0,1.0,1.0,1.0,1,0.6775763198183418,37
198,2,488,488,0,0,0,0,0.991458680511678,0.9849510085205754,0.991458680511678,0.9849510085205754,1.0,1,0.6664930733872688,37
199,1,489,489,0,0,0,0,1.0,1.0,1.0,1.0,1.0,1,0.6617653692734884,37
200,4,493,493,0,0,0,0,1.0,1.0,1.0,1.0,1.0,1,0.6413089276249034,37
201,2,495,495,0,0,0,0,1.0,1.0,1.0,1.0,1.0,1,0.6275436305542144,36
202,5,500,500,0,0,0,0,1.0,1.0,1.0,1.0,1.0,1,0.5519789858464571,36
203,4,504,504,0,0,0,0,1.0,1.0,1.0,1.0,1.0,1,0.529406784637538,35
204,5,509,509,0,0,0,0,1.0,1.0,1.0,1.0,1.0,1,0.5130024547287905,35
205,5,514,514,0,0,0,0,1.0,1.0,1.0,1.0,1.0,1,0.4879841051357984,35
206,4,518,518,0,0,0,0,1.0,1.0,1.0,1.0,1.0,1,0.44247299339973467,34
207,4,522,522,0,0,0,0,1.0,1.0,1.0,1.0,1.0,1,0.4815302292536532,34
208,3,525,525,0,0,0,0,1.0,1.0,1.0,1.0,1.0,1,0.4023529494341736,33
209,0,525,525,0,0,0,0,1.0,1.0,1.0,1.0,1.0,1,0.3962553899438906,33
210,3,528,528,0,0,0,0,1.0,1.0,1.0,1.0,1.0,1,0.4317769544713421,34
211,0,528,528,0,0,0,0,1.0,1.0,1.0,1.0,1.0,1,0.45677795498981305,33
212,3,531,531,0,0,0,0,1.0,1.0,1.0,1.0,1.0,1,0.5215965366478829,33
213,1,532,532,0,0,0,0,1.0,1.0,1.0,1.0,1.0,1,0.5298342633022256,35
214,2,534,534,0,0,0,0,1.0,1.0,1.0,1.0,1.0,1,0.5867368945672693,34
215,3,537,537,0,0,0,0,1.0,1.0,1.0,1.0,1.0,1,0.6018396962672588,35
216,3,540,540,0,0,0,0,1.0,1.0,1.0,1.0,1.0,1,0.5897590121338913,36
217,2,542,542,0,0,0,0,1.0,1.0,1.0,1.0,1.0,1,0.5822044415866013,36
218,0,542,542,0,0,0,0,1.0,1.0,1.0,1.0,1.0,1,0.5822044415866013,36
219,7,549,549,0,0,0,0,1.0,1.0,1.0,1.0,1.0,1,0.5255364376589399,37
220,3,552,552,0,0,0,0,1.0,1.0,1.0,1.0,1.0,1,0.5138313931798674,38
221,4,556,556,0,0,0,0,1.0,1.0,1.0,1.0,1.0,1,0.542426097765894,37
222,4,560,560,0,0,0,0,1.0,1.0,1.0,1.0,1.0,1,0.5687369131452179,38
223,1,561,561,0,0,0,0,1.0,1.0,1.0,1.0,1.0,1,0.5882707160250608,38
224,7,568,568,0,0,0,0,1.0,1.0,1.0,1.0,1.0,1,0.6191534053717405,38
225,4,572,572,0,0,0,0,1.0,1.0,1.0,1.0,1.0,1,0.632510030020558,36
226,7,579,579,0,0,0,0,1.0,1.0,1.0,1.0,1.0,1,0.5830635693760275,37
227,3,582,582,0,0,0,0,1.0,1.0,1.0,1.0,1.0,1,0.5877665360140941,35
228,8,590,590,0,0,0,0,1.0,1.0,1.0,1.0,1.0,1,0.5156975685869811,35
229,8,598,598,0,0,0,0,1.0,1.0,1.0,1.0,1.0,1,0.5067279531273453,35
230,4,602,602,0,0,0,0,1.0,1.0,1.0,1.0,1.0,1,0.5139151579415607,35
231,4,606,606,0,0,0,0,1.0,1.0,1.0,1.0,1.0,1,0.48962875564280467,35
232,3,609,609,0,0,0,0,1.0,1.0,1.0,1.0,1.0,1,0.47353360059300165,36
233,3,612,612,0,0,0,0,1.0,1.0,1.0,1.0,1.0,1,0.5094515175444349,36
234,0,612,612,0,0,0,0,1.0,1.0,1.0,1.0,1.0,1,0.5188931851654266,34
235,4,616,616,0,0,0,0,1.0,1.0,1.0,1.0,1.0,1,0.5402838503631346,33
236,3,619,619,0,0,0,0,1.0,1.0,1.0,1.0,1.0,1,0.5500946765921914,31
237,1,620,620,0,0,0,0,1.0,1.0,1.0,1.0,1.0,1,0.5449437646969851,32
238,0,620,620,0,0,0,0,1.0,1.0,1.0,1.0,1.0,1,0.55956529369721,31
239,0,620,620,0,0,0,0,1.0,1.0,1.0,1.0,1.0,1,0.5360941429038092,30
240,2,622,622,0,0,0,0,1.0,1.0,1.0,1.0,1.0,1,0.5654028704914491,27
241,2,624,624,0,0,0,0,1.0,1.0,1.0,1.0,1.0,1,0.5668516731002461,27
242,2,626,626,0,0,0,0,1.0,1.0,1.0,1.0,1.0,1,0.5234288409515968,28
243,4,630,630,0,0,0,0,1.0,1.0,1.0,1.0,1.0,1,0.5492481311612538,28
244,1,631,631,0,0,0,0,1.0,1.0,1.0,1.0,1.0,1,0.4775855677602577,27
245,2,633,633,0,0,0,0,1.0,1.0,1.0,1.0,1.0,1,0.5017669373440591,27
246,1,634,634,0,0,0,0,1.0,1.0,1.0,1.0,1.0,1,0.5204063435346449,25
247,0,634,634,0,0,0,0,1.0,1.0,1.0,1.0,1.0,1,0.5538305536720628,24
248,0,634,634,0,0,0,0,1.0,1.0,1.0,1.0,1.0,1,0.5531789686033063,24
249,3,637,637,0,0,0,0,1.0,1.0,1.0,1.0,1.0,1,0.5798989577817023,25
250,0,637,637,0,0,0,0,1.0,1.0,1.0,1.0,1.0,1,0.5870870414675585,27
251,3,640,640,0,0,0,0,1.0,1.0,1.0,1.0,1.0,1,0.60825226118561,27
252,0,640,640,0,0,0,0,1.0,1.0,1.0,1.0,1.0,1,0.60825226118561,27
253,3,643,643,0,0,0,0,1.0,1.0,1.0,1.0,1.0,1,0.5644755659010866,29
254,2,645,645,0,0,0,0,1.0,1.0,1.0,1.0,1.0,1,0.5552960647018668,30
255,1,646,646,0,0,0,0,1.0,1.0,1.0,1.0,1.0,1,0.5303717486267686,31
256,3,649,649,0,0,0,0,1.0,1.0,1.0,1.0,1.0,1,0.5274025778018211,31
257,3,652,652,0,0,0,0,1.0,1.0,1.0,1.0,1.0,1,0.4691833546190898,33
258,2,654,654,0,0,0,0,1.0,1.0,1.0,1.0,1.0,1,0.4634629170253711,33
259,5,659,659,0,0,0,0,1.0,1.0,1.0,1.0,1.0,1,0.4606438876194319,33
260,3,662,662,0,0,0,0,1.0,1.0,1.0,1.0,1.0,1,0.501994088364565,35
261,3,665,665,0,0,0,0,1.0,1.0,1.0,1.0,1.0,1,0.5485236389675249,35
262,3,668,668,0,0,0,0,1.0,1.0,1.0,1.0,1.0,1,0.5679613113847203,35
263,3,671,671,0,0,0,0,1.0,1.0,1.0,1.0,1.0,1,0.5841954380196115,34
264,1,672,672,0,0,0,0,1.0,1.0,1.0,1.0,1.0,1,0.5633078967200118,32
265,2,674,674,0,0,0,0,1.0,1.0,1.0,1.0,1.0,1,0.5710353183327586,30
266,3,677,677,0,0,0,0,1.0,1.0,1.0,1.0,1.0,1,0.5758378643495982,31
267,2,679,679,0,0,0,0,1.0,1.0,1.0,1.0,1.0,1,0.6383013633589595,30
268,3,682,682,0,0,0,0,1.0,1.0,1.0,1.0,1.0,1,0.634096587381167,31
269,2,684,684,0,0,0,0,1.0,1.0,1.0,1.0,1.0,1,0.6629347236102806,31
270,1,685,685,0,0,0,0,1.0,1.0,1.0,1.0,1.0,1,0.6607416195164109,32
271,1,686,686,0,0,0,0,1.0,1.0,1.0,1.0,1.0,1,0.6828304144613359,31
272,0,686,686,0,0,0,0,1.0,1.0,1.0,1.0,1.0,1,0.701364587702879,32
273,2,688,688,0,0,0,0,1.0,1.0,1.0,1.0,1.0,1,0.7293723160290421,32
274,0,688,688,0,0,0,0,1.0,1.0,1.0,1.0,1.0,1,0.7293723160290421,32
275,2,690,690,0,0,0,0,1.0,1.0,1.0,1.0,1.0,1,0.7393236194199896,33
276,0,690,690,0,0,0,0,1.0,1.0,1.0,1.0,1.0,1,0.7426215168461392,34
277,3,693,693,0,0,0,0,1.0,1.0,1.0,1.0,1.0,1,0.719369477893433,32
278,1,694,694,0,0,0,0,1.0,1.0,1.0,1.0,1.0,1,0.6863565542442555,31
279,3,697,697,0,0,0,0,1.0,1.0,1.0,1.0,1.0,1,0.6531898412149417,31
280,3,700,700,0,0,0,0,1.0,1.0,1.0,1.0,1.0,1,0.6530360515119553,30
281,5,705,705,0,0,0,0,1.0,1.0,1.0,1.0,1.0,1,0.6670052962938067,31
282,4,709,709,0,0,0,0,1.0,1.0,1.0,1.0,1.0,1,0.6325164868892253,30
283,2,711,711,0,0,0,0,1.0,1.0,1.0,1.0,1.0,1,0.6525670253190266,31
284,3,714,714,0,0,0,0,1.0,1.0,1.0,1.0,1.0,1,0.6146345796428543,31
285,3,717,717,0,0,0,0,1.0,1.0,1.0,1.0,1.0,1,0.5800729379115435,31
286,1,718,718,0,0,0,0,1.0,1.0,1.0,1.0,1.0,1,0.5782036132234801,31
287,2,720,720,0,0,0,0,1.0,1.0,1.0,1.0,1.0,1,0.5655906293531452,33
288,0,720,720,0,0,0,0,1.0,1.0,1.0,1.0,1.0,1,0.5288190004489988,32
289,2,722,722,0,0,0,0,1.0,1.0,1.0,1.0,1.0,1,0.5063058586616278,32
290,0,722,722,0,0,0,0,1.0,1.0,1.0,1.0,1.0,1,0.4971325362720088,31
291,0,722,722,0,0,0,0,1.0,1.0,1.0,1.0,1.0,1,0.5162584899230437,30
292,1,723,723,0,0,0,0,1.0,1.0,1.0,1.0,1.0,1,0.48838751405058395,32
293,0,723,723,0,0,0,0,1.0,1.0,1.0,1.0,1.0,1,0.48838751405058395,32
294,2,725,725,0,0,0,0,1.0,1.0,1.0,1.0,1.0,1,0.519463830435378,32
295,2,727,727,0,0,0,0,1.0,1.0,1.0,1.0,1.0,1,0.526840499939378,34
296,2,729,729,0,0,0,0,1.0,1.0,1.0,1.0,1.0,1,0.5182969452055105,34
297,0,729,729,0,0,0,0,1.0,1.0,1.0,1.0,1.0,1,0.5182969452055105,34
298,2,731,731,0,0,0,0,1.0,1.0,1.0,1.0,1.0,1,0.5452966989352592,35
299,3,734,734,0,0,0,0,1.0,1.0,1.0,1.0,1.0,1,0.5522977414492778,35
300,3,737,737,0,0,0,0,1.0,1.0,1.0,1.0,1.0,1,0.6072991278835396,35
301,1,738,738,0,0,0,0,1.0,1.0,1.0,1.0,1.0,1,0.5974389575695136,38
302,5,743,743,0,0,0,0,1.0,1.0,1.0,1.0,1.0,1,0.6314329154160246,38
303,3,746,746,0,0,0,0,1.0,1.0,1.0,1.0,1.0,1,0.6578956964790743,37
304,2,748,748,0,0,0,0,1.0,1.0,1.0,1.0,1.0,1,0.6732424341309121,37
305,6,754,754,0,0,0,0,1.0,1.0,1.0,1.0,1.0,1,0.6250150570799469,36
306,4,758,758,0,0,0,0,1.0,1.0,1.0,1.0,1.0,1,0.6381426710533986,36
307,2,760,760,0,0,0,0,1.0,1.0,1.0,1.0,1.0,1,0.6497355228540102,35
308,2,762,762,0,0,0,0,1.0,1.0,1.0,1.0,1.0,1,0.6278321080032261,37
309,0,762,762,0,0,0,0,1.0,1.0,1.0,1.0,1.0,1,0.6278321080032261,37
310,1,763,763,0,0,0,0,1.0,1.0,1.0,1.0,1.0,1,0.6452131805925216,37
311,0,763,763,0,0,0,0,1.0,1.0,1.0,1.0,1.0,1,0.6262112726492415,39
312,0,763,763,0,0,0,0,1.0,1.0,1.0,1.0,1.0,1,0.614193362634031,40
313,2,765,765,0,0,0,0,1.0,1.0,1.0,1.0,1.0,1,0.6265534747651441,39
314,1,766,766,0,0,0,0,1.0,1.0,1.0,1.0,1.0,1,0.6213163181477008,40
315,1,767,767,0,0,0,0,1.0,1.0,1.0,1.0,1.0,1,0.6047064628014033,39
316,2,769,769,0,0,0,0,1.0,1.0,1.0,1.0,1.0,1,0.643561978920614,39
317,2,771,771,0,0,0,0,1.0,1.0,1.0,1.0,1.0,1,0.6539534660773964,40
318,0,771,771,0,0,0,0,1.0,1.0,1.0,1.0,1.0,1,0.6434670395737759,41
319,2,773,773,0,0,0,0,1.0,1.0,1.0,1.0,1.0,1,0.6733021256976414,41
320,0,773,773,0,0,0,0,1.0,1.0,1.0,1.0,1.0,1,0.6733035105865182,41
321,3,776,776,0,0,0,0,1.0,1.0,1.0,1.0,1.0,1,0.6813341131295263,41
322,2,778,778,0,0,0,0,1.0,1.0,1.0,1.0,1.0,1,0.6801664688811387,41
323,2,780,780,0,0,0,0,0.9499603139587414,0.9107988205351475,0.9499603139587414,0.9107988205351475,1.0,1,0.718121516741888,41
324,1,781,781,0,0,0,0,0.9752890056066137,0.9528244652489896,0.9752890056066137,0.9528244652489896,1.0,1,0.7047941261967666,42
325,3,784,784,0,0,0,0,1.0,1.0,1.0,1.0,1.0,1,0.6742911157596678,42
326,0,784,784,0,0,0,0,1.0,1.0,1.0,1.0,1.0,1,0.6742911157596678,42
327,1,785,785,0,0,0,0,1.0,1.0,1.0,1.0,1.0,1,0.662853466355957,42
328,1,786,786,0,0,0,0,1.0,1.0,1.0,1.0,1.0,1,0.6671238000652295,43
329,5,791,791,0,0,0,0,0.9344491935977858,0.8825548051960329,0.9344491935977858,0.8825548051960329,1.0,1,0.7054460044984535,43
330,3,794,794,0,0,0,0,0.925353686539759,0.8656366357715662,0.925353686539759,0.8656366357715662,1.0,1,0.6810376102155309,45
331,1,795,795,0,0,0,0,0.9080584460559961,0.8408703874046086,0.9080584460559961,0.8408703874046086,1.0,1,0.6852489347034698,45
332,4,799,799,0,0,0,0,0.9390053584166749,0.8856350470312655,0.9390053584166749,0.8856350470312655,1.0,1,0.6992826548031579,45
333,0,799,799,0,0,0,0,0.9403313288858776,0.8856350470312655,0.9403313288858776,0.8856350470312655,1.0,1,0.6951262493645796,46
334,1,800,800,0,0,0,0,0.9689413996399198,0.9351820514224412,0.9689413996399198,0.9351820514224412,1.0,1,0.6717180871057048,48
335,1,801,801,0,0,0,0,0.9870163326734698,0.9716719985602976,0.9870163326734698,0.9716719985602976,1.0,1,0.6633274581064142,48
336,1,802,802,0,0,0,0,1.0,1.0,1.0,1.0,1.0,1,0.6517898175727752,48
337,1,803,803,0,0,0,0,0.9860208919432665,0.9688647138736388,0.9860208919432665,0.9688647138736388,1.0,1,0.648677193335753,49
338,1,804,804,0,0,0,0,1.0,1.0,1.0,1.0,1.0,1,0.6378478265722638,50
339,0,804,804,0,0,0,0,1.0,1.0,1.0,1.0,1.0,1,0.6378478265722638,50
340,2,806,806,0,0,0,0,1.0,1.0,1.0,1.0,1.0,1,0.6365636459992923,50
341,1,807,807,0,0,0,0,0.9931580238916667,0.9841390553852274,0.9931580238916667,0.9841390553852274,1.0,1,0.6415586241504501,51
342,1,808,808,0,0,0,0,1.0,1.0,1.0,1.0,1.0,1,0.6160565832127587,51
343,4,812,812,0,0,0,0,0.9826533682299474,0.9615357295533615,0.9826533682299474,0.9615357295533615,1.0,1,0.6487448048137782,51
344,3,815,815,0,0,0,0,0.962037150934957,0.920910731114494,0.962037150934957,0.920910731114494,1.0,1,0.6542058970514707,50
345,5,820,820,0,0,0,0,1.0,1.0,1.0,1.0,1.0,1,0.639885025160851,51
346,4,824,824,0,0,0,0,1.0,1.0,1.0,1.0,1.0,1,0.6164132316523637,51
347,2,826,826,0,0,0,0,1.0,1.0,1.0,1.0,1.0,1,0.6084043543835576,51
348,4,830,830,0,0,0,0,1.0,1.0,1.0,1.0,1.0,1,0.5954336882087087,53
349,3,833,833,0,0,0,0,1.0,1.0,1.0,1.0,1.0,1,0.5981861265379966,55
350,4,837,837,0,0,0,0,1.0,1.0,1.0,1.0,1.0,1,0.6017660517516104,54
351,3,840,840,0,0,0,0,1.0,1.0,1.0,1.0,1.0,1,0.6156873140305388,54
352,3,843,843,0,0,0,0,1.0,1.0,1.0,1.0,1.0,1,0.6120930424502031,53
353,3,846,846,0,0,0,0,1.0,1.0,1.0,1.0,1.0,1,0.6051669325481024,53
354,5,851,851,0,0,0,0,1.0,1.0,1.0,1.0,1.0,1,0.6289802986278509,50
355,3,854,854,0,0,0,0,1.0,1.0,1.0,1.0,1.0,1,0.6207448125479698,51
356,2,856,856,0,0,0,0,1.0,1.0,1.0,1.0,1.0,1,0.5995124903789042,51
357,2,858,858,0,0,0,0,1.0,1.0,1.0,1.0,1.0,1,0.5898808149132395,50
358,2,860,860,0,0,0,0,1.0,1.0,1.0,1.0,1.0,1,0.6015812675131157,48
359,3,863,863,0,0,0,0,1.0,1.0,1.0,1.0,1.0,1,0.6151919861277302,47
360,4,867,867,0,0,0,0,1.0,1.0,1.0,1.0,1.0,1,0.6280243780821622,45
361,1,868,868,0,0,0,0,1.0,1.0,1.0,1.0,1.0,1,0.6404081541229184,44
362,5,873,873,0,0,0,0,1.0,1.0,1.0,1.0,1.0,1,0.6428914430949187,44
363,4,877,877,0,0,0,0,1.0,1.0,1.0,1.0,1.0,1,0.6000962916248561,44
364,4,881,881,0,0,0,0,1.0,1.0,1.0,1.0,1.0,1,0.5706010479285,43
365,4,885,885,0,0,0,0,1.0,1.0,1.0,1.0,1.0,1,0.532734092829266,43
366,1,886,886,0,0,0,0,1.0,1.0,1.0,1.0,1.0,1,0.527908870997712,45
367,0,886,886,0,0,0,0,1.0,1.0,1.0,1.0,1.0,1,0.5436803162646574,44
368,2,888,888,0,0,0,0,1.0,1.0,1.0,1.0,1.0,1,0.5011356576270439,46
369,0,888,888,0,0,0,0,1.0,1.0,1.0,1.0,1.0,1,0.5191318415868916,45
370,3,891,891,0,0,0,0,1.0,1.0,1.0,1.0,1.0,1,0.5088875100156821,46
371,2,893,893,0,0,0,0,1.0,1.0,1.0,1.0,1.0,1,0.5262208380353817,47
372,2,895,895,0,0,0,0,1.0,1.0,1.0,1.0,1.0,1,0.5515865117361964,48
373,1,896,896,0,0,0,0,1.0,1.0,1.0,1.0,1.0,1,0.5757561994726733,48
374,3,899,899,0,0,0,0,1.0,1.0,1.0,1.0,1.0,1,0.5982108556856571,49
375,3,902,902,0,0,0,0,1.0,1.0,1.0,1.0,1.0,1,0.5640774689715136,49
376,3,905,905,0,0,0,0,1.0,1.0,1.0,1.0,1.0,1,0.5801539759883927,49
377,4,909,909,0,0,0,0,1.0,1.0,1.0,1.0,1.0,1,0.6158192302819144,49
378,2,911,911,0,0,0,0,1.0,1.0,1.0,1.0,1.0,1,0.6144136126063223,49
379,8,919,919,0,0,0,0,1.0,1.0,1.0,1.0,1.0,1,0.5606945114113645,50
380,3,922,922,0,0,0,0,1.0,1.0,1.0,1.0,1.0,1,0.5457195955709766,50
381,6,928,928,0,0,0,0,1.0,1.0,1.0,1.0,1.0,1,0.5635656215859215,51
382,3,931,931,0,0,0,0,1.0,1.0,1.0,1.0,1.0,1,0.5461229280206085,50
383,1,932,932,0,0,0,0,1.0,1.0,1.0,1.0,1.0,1,0.5476614085925122,51
384,4,936,936,0,0,0,0,1.0,1.0,1.0,1.0,1.0,1,0.5730013807442099,50
385,2,938,938,0,0,0,0,1.0,1.0,1.0,1.0,1.0,1,0.5766379202143704,50
386,1,939,939,0,0,0,0,1.0,1.0,1.0,1.0,1.0,1,0.5966319986880164,48
387,2,941,941,0,0,0,0,1.0,1.0,1.0,1.0,1.0,1,0.5835942537959936,47
388,4,945,945,0,0,0,0,1.0,1.0,1.0,1.0,1.0,1,0.574775146209486,48
389,1,946,946,0,0,0,0,1.0,1.0,1.0,1.0,1.0,1,0.5666184039810505,47
390,3,949,949,0,0,0,0,1.0,1.0,1.0,1.0,1.0,1,0.5670858239794296,49
391,2,951,951,0,0,0,0,1.0,1.0,1.0,1.0,1.0,1,0.5610365005096901,46
392,2,953,953,0,0,0,0,1.0,1.0,1.0,1.0,1.0,1,0.5742796628710388,46
393,4,957,957,0,0,0,0,1.0,1.0,1.0,1.0,1.0,1,0.5366202713435546,44
394,3,960,960,0,0,0,0,1.0,1.0,1.0,1.0,1.0,1,0.5439189577880388,43
395,3,963,963,0,0,0,0,1.0,1.0,1.0,1.0,1.0,1,0.5525731084398635,42
396,3,966,966,0,0,0,0,1.0,1.0,1.0,1.0,1.0,1,0.5486989208939481,39
397,4,970,970,0,0,0,0,1.0,1.0,1.0,1.0,1.0,1,0.5985513294426931,39
398,1,971,971,0,0,0,0,1.0,1.0,1.0,1.0,1.0,1,0.5988640357954117,36
399,0,971,971,0,0,0,0,1.0,1.0,1.0,1.0,1.0,1,0.5988640357954117,36
400,0,971,971,0,0,0,0,1.0,1.0,1.0,1.0,1.0,1,0.6188521973027837,34
401,1,972,972,0,0,0,0,1.0,1.0,1.0,1.0,1.0,1,0.5933239623609554,33
402,2,974,974,0,0,0,0,1.0,1.0,1.0,1.0,1.0,1,0.5698419946796943,34
403,2,976,976,0,0,0,0,1.0,1.0,1.0,1.0,1.0,1,0.5498121066295478,36
404,3,979,979,0,0,0,0,1.0,1.0,1.0,1.0,1.0,1,0.5685887248544955,36
405,4,983,983,0,0,0,0,1.0,1.0,1.0,1.0,1.0,1,0.5404134236098778,37
406,6,989,989,0,0,0,0,1.0,1.0,1.0,1.0,1.0,1,0.5261314564410768,37
407,8,997,997,0,0,0,0,1.0,1.0,1.0,1.0,1.0,1,0.5090925894105315,39
408,4,1001,1001,0,0,0,0,1.0,1.0,1.0,1.0,1.0,1,0.5006445806394335,40
409,3,1004,1004,0,0,0,0,1.0,1.0,1.0,1.0,1.0,1,0.4907963630233999,41
410,4,1008,1008,0,0,0,0,1.0,1.0,1.0,1.0,1.0,1,0.5044711819192287,42
411,1,1009,1009,0,0,0,0,1.0,1.0,1.0,1.0,1.0,1,0.5144717437215327,43
412,1,1010,1010,0,0,0,0,1.0,1.0,1.0,1.0,1.0,1,0.5192308638630506,44
413,0,1010,1010,0,0,0,0,1.0,1.0,1.0,1.0,1.0,1,0.5192308638630506,44
414,1,1011,1011,0,0,0,0,1.0,1.0,1.0,1.0,1.0,1,0.5270612583386642,45
415,1,1012,1012,0,0,0,0,1.0,1.0,1.0,1.0,1.0,1,0.5089119230118011,45
416,2,1014,1014,0,0,0,0,1.0,1.0,1.0,1.0,1.0,1,0.5090054178527161,46
417,0,1014,1014,0,0,0,0,1.0,1.0,1.0,1.0,1.0,1,0.5090054178527161,46
418,3,1017,1017,0,0,0,0,1.0,1.0,1.0,1.0,1.0,1,0.48549043525601365,47
419,3,1020,1020,0,0,0,0,1.0,1.0,1.0,1.0,1.0,1,0.458249772006972,47
420,2,1022,1022,0,0,0,0,1.0,1.0,1.0,1.0,1.0,1,0.44773091907820384,47
421,3,1025,1025,0,0,0,0,1.0,1.0,1.0,1.0,1.0,1,0.4296614155575538,47
422,4,1029,1029,0,0,0,0,1.0,1.0,1.0,1.0,1.0,1,0.47861565473384465,49
423,1,1030,1030,0,0,0,0,1.0,1.0,1.0,1.0,1.0,1,0.4844228862537567,47
424,6,1036,1036,0,0,0,0,1.0,1.0,1.0,1.0,1.0,1,0.5439167117503696,45
425,5,1041,1041,0,0,0,0,1.0,1.0,1.0,1.0,1.0,1,0.5461805400091446,46
426,1,1042,1042,0,0,0,0,1.0,1.0,1.0,1.0,1.0,1,0.5400941506771824,46
427,3,1045,1045,0,0,0,0,1.0,1.0,1.0,1.0,1.0,1,0.5665055712486059,45
428,7,1052,1052,0,0,0,0,1.0,1.0,1.0,1.0,1.0,1,0.5779244461500521,45
429,5,1057,1057,0,0,0,0,1.0,1.0,1.0,1.0,1.0,1,0.6120399314141418,42
430,4,1061,1061,0,0,0,0,1.0,1.0,1.0,1.0,1.0,1,0.5875573030783889,40
431,6,1067,1067,0,0,0,0,1.0,1.0,1.0,1.0,1.0,1,0.5934645756133541,39
432,3,1070,1070,0,0,0,0,1.0,1.0,1.0,1.0,1.0,1,0.5998763542089773,37
433,3,1073,1073,0,0,0,0,1.0,1.0,1.0,1.0,1.0,1,0.6475452487759054,35
434,2,1075,1075,0,0,0,0,1.0,1.0,1.0,1.0,1.0,1,0.6842451256126977,33
435,2,1077,1077,0,0,0,0,1.0,1.0,1.0,1.0,1.0,1,0.722531773396012,33
436,3,1080,1080,0,0,0,0,1.0,1.0,1.0,1.0,1.0,1,0.6680535078725115,33
437,3,1083,1083,0,0,0,0,1.0,1.0,1.0,1.0,1.0,1,0.6903779982586166,33
438,2,1085,1085,0,0,0,0,1.0,1.0,1.0,1.0,1.0,1,0.6779823130242686,32
439,0,1085,1085,0,0,0,0,1.0,1.0,1.0,1.0,1.0,1,0.6393011676234389,34
440,2,1087,1087,0,0,0,0,1.0,1.0,1.0,1.0,1.0,1,0.6189035706406175,34
441,3,1090,1090,0,0,0,0,1.0,1.0,1.0,1.0,1.0,1,0.5486566617053339,35
442,1,1091,1091,0,0,0,0,1.0,1.0,1.0,1.0,1.0,1,0.5293366206064349,37
443,3,1094,1094,0,0,0,0,1.0,1.0,1.0,1.0,1.0,1,0.535292523093099,37
444,1,1095,1095,0,0,0,0,1.0,1.0,1.0,1.0,1.0,1,0.5296285430028723,38
445,8,1103,1103,0,0,0,0,1.0,1.0,1.0,1.0,1.0,1,0.4652374923148373,39
446,0,1103,1103,0,0,0,0,1.0,1.0,1.0,1.0,1.0,1,0.4652374923148373,39
447,4,1107,1107,0,0,0,0,1.0,1.0,1.0,1.0,1.0,1,0.4431094188050039,41
448,0,1107,1107,0,0,0,0,1.0,1.0,1.0,1.0,1.0,1,0.4431094188050039,41
449,2,1109,1109,0,0,0,0,1.0,1.0,1.0,1.0,1.0,1,0.46830011011461214,40
450,0,1109,1109,0,0,0,0,1.0,1.0,1.0,1.0,1.0,1,0.46286871372616195,40
451,2,1111,1111,0,0,0,0,1.0,1.0,1.0,1.0,1.0,1,0.49599981099637863,41
452,0,1111,1111,0,0,0,0,1.0,1.0,1.0,1.0,1.0,1,0.49599981099637863,41
453,6,1117,1117,0,0,0,0,1.0,1.0,1.0,1.0,1.0,1,0.5801093871467604,40
454,3,1120,1120,0,0,0,0,1.0,1.0,1.0,1.0,1.0,1,0.5974262764165924,41
455,3,1123,1123,0,0,0,0,1.0,1.0,1.0,1.0,1.0,1,0.5982747264100274,41
456,2,1125,1125,0,0,0,0,1.0,1.0,1.0,1.0,1.0,1,0.5525969316063072,43
457,4,1129,1129,0,0,0,0,1.0,1.0,1.0,1.0,1.0,1,0.5932885543752024,43
458,2,1131,1131,0,0,0,0,1.0,1.0,1.0,1.0,1.0,1,0.5676612763927973,43
459,3,1134,1134,0,0,0,0,1.0,1.0,1.0,1.0,1.0,1,0.5179990214305067,44
460,2,1136,1136,0,0,0,0,1.0,1.0,1.0,1.0,1.0,1,0.517626956036157,47
461,4,1140,1140,0,0,0,0,1.0,1.0,1.0,1.0,1.0,1,0.5218927893127354,48
462,4,1144,1144,0,0,0,0,1.0,1.0,1.0,1.0,1.0,1,0.504810533311747,49
463,6,1150,1150,0,0,0,0,1.0,1.0,1.0,1.0,1.0,1,0.5392802163850319,47
464,4,1154,1154,0,0,0,0,1.0,1.0,1.0,1.0,1.0,1,0.4948198838022559,48
465,3,1157,1157,0,0,0,0,1.0,1.0,1.0,1.0,1.0,1,0.5206927373631314,47
466,4,1161,1161,0,0,0,0,1.0,1.0,1.0,1.0,1.0,1,0.5282287539573397,46
467,2,1163,1163,0,0,0,0,1.0,1.0,1.0,1.0,1.0,1,0.5656886610187605,44
468,3,1166,1166,0,0,0,0,1.0,1.0,1.0,1.0,1.0,1,0.5669633832045885,41
469,4,1170,1170,0,0,0,0,1.0,1.0,1.0,1.0,1.0,1,0.5244680851386695,40
470,7,1177,1177,0,0,0,0,1.0,1.0,1.0,1.0,1.0,1,0.5247321362113798,39
471,6,1183,1183,0,0,0,0,1.0,1.0,1.0,1.0,1.0,1,0.5112934751799401,38
472,5,1188,1188,0,0,0,0,1.0,1.0,1.0,1.0,1.0,1,0.5127067923862264,36
473,4,1192,1192,0,0,0,0,1.0,1.0,1.0,1.0,1.0,1,0.48040143452311457,36
474,2,1194,1194,0,0,0,0,1.0,1.0,1.0,1.0,1.0,1,0.5082432249781795,34
475,3,1197,1197,0,0,0,0,1.0,1.0,1.0,1.0,1.0,1,0.5383652989478198,34
476,1,1198,1198,0,0,0,0,1.0,1.0,1.0,1.0,1.0,1,0.5666022871691301,32
477,0,1198,1198,0,0,0,0,1.0,1.0,1.0,1.0,1.0,1,0.5668395798710365,32
478,4,1202,1202,0,0,0,0,1.0,1.0,1.0,1.0,1.0,1,0.447357586871574,30
479,2,1204,1204,0,0,0,0,1.0,1.0,1.0,1.0,1.0,1,0.41969653550498637,31
480,2,1206,1206,0,0,0,0,1.0,1.0,1.0,1.0,1.0,1,0.4911125901223569,27
481,1,1207,1207,0,0,0,0,1.0,1.0,1.0,1.0,1.0,1,0.47736137908205306,28
482,3,1210,1210,0,0,0,0,1.0,1.0,1.0,1.0,1.0,1,0.4795350773940989,28
483,3,1213,1213,0,0,0,0,1.0,1.0,1.0,1.0,1.0,1,0.43752728027782156,29
484,2,1215,1215,0,0,0,0,1.0,1.0,1.0,1.0,1.0,1,0.4501410159049558,29
485,2,1217,1217,0,0,0,0,1.0,1.0,1.0,1.0,1.0,1,0.48373173193150026,29
486,2,1219,1219,0,0,0,0,1.0,1.0,1.0,1.0,1.0,1,0.4891294741339098,31
487,4,1223,1223,0,0,0,0,1.0,1.0,1.0,1.0,1.0,1,0.4763122576021327,33
488,3,1226,1226,0,0,0,0,1.0,1.0,1.0,1.0,1.0,1,0.5298459250516421,34
489,1,1227,1227,0,0,0,0,1.0,1.0,1.0,1.0,1.0,1,0.5735006529984262,34
490,0,1227,1227,0,0,0,0,1.0,1.0,1.0,1.0,1.0,1,0.5735006529984262,34
491,1,1228,1228,0,0,0,0,1.0,1.0,1.0,1.0,1.0,1,0.5742646227348318,34
492,0,1228,1228,0,0,0,0,1.0,1.0,1.0,1.0,1.0,1,0.5742646227348318,34
493,1,1229,1229,0,0,0,0,1.0,1.0,1.0,1.0,1.0,1,0.5804808726979555,34
494,1,1230,1230,0,0,0,0,1.0,1.0,1.0,1.0,1.0,1,0.5927160816613338,36
495,2,1232,1232,0,0,0,0,1.0,1.0,1.0,1.0,1.0,1,0.600394287886817,36
496,4,1236,1236,0,0,0,0,1.0,1.0,1.0,1.0,1.0,1,0.5690217025259432,37
497,1,1237,1237,0,0,0,0,1.0,1.0,1.0,1.0,1.0,1,0.5229569301382081,39
498,2,1239,1239,0,0,0,0,1.0,1.0,1.0,1.0,1.0,1,0.5337097908178529,40
499,4,1243,1243,0,0,0,0,1.0,1.0,1.0,1.0,1.0,1,0.5263872301130266,40
500,4,1247,1247,0,0,0,0,1.0,1.0,1.0,1.0,1.0,1,0.5484917481595192,42
501,2,1249,1249,0,0,0,0,1.0,1.0,1.0,1.0,1.0,1,0.5598150715144848,42
502,4,1253,1253,0,0,0,0,1.0,1.0,1.0,1.0,1.0,1,0.5586172480028658,42
503,4,1257,1257,0,0,0,0,1.0,1.0,1.0,1.0,1.0,1,0.5726000993743982,41
504,4,1261,1261,0,0,0,0,1.0,1.0,1.0,1.0,1.0,1,0.5772398232792437,42
505,3,1264,1264,0,0,0,0,1.0,1.0,1.0,1.0,1.0,1,0.5493658741916826,38
506,5,1269,1269,0,0,0,0,1.0,1.0,1.0,1.0,1.0,1,0.5545871159254272,37
507,5,1274,1274,0,0,0,0,1.0,1.0,1.0,1.0,1.0,1,0.5096240914328902,35
508,4,1278,1278,0,0,0,0,1.0,1.0,1.0,1.0,1.0,1,0.4795558544048331,35
509,3,1281,1281,0,0,0,0,1.0,1.0,1.0,1.0,1.0,1,0.5204436106626346,34
510,1,1282,1282,0,0,0,0,1.0,1.0,1.0,1.0,1.0,1,0.49451953061018694,34
511,2,1284,1284,0,0,0,0,1.0,1.0,1.0,1.0,1.0,1,0.5158766303949118,32
512,1,1285,1285,0,0,0,0,1.0,1.0,1.0,1.0,1.0,1,0.5571059920768804,30
513,3,1288,1288,0,0,0,0,1.0,1.0,1.0,1.0,1.0,1,0.5413146597687121,31
514,0,1288,1288,0,0,0,0,1.0,1.0,1.0,1.0,1.0,1,0.5413146597687121,31
515,4,1292,1292,0,0,0,0,1.0,1.0,1.0,1.0,1.0,1,0.5789135808053517,32
516,1,1293,1293,0,0,0,0,1.0,1.0,1.0,1.0,1.0,1,0.588192310480532,31
517,4,1297,1297,0,0,0,0,1.0,1.0,1.0,1.0,1.0,1,0.5547076461000661,32
518,1,1298,1298,0,0,0,0,1.0,1.0,1.0,1.0,1.0,1,0.5363507964692716,31
519,4,1302,1302,0,0,0,0,1.0,1.0,1.0,1.0,1.0,1,0.4933365665782279,31
520,1,1303,1303,0,0,0,0,1.0,1.0,1.0,1.0,1.0,1,0.4930786952633877,33
521,0,1303,1303,0,0,0,0,1.0,1.0,1.0,1.0,1.0,1,0.4758767012877495,34
522,2,1305,1305,0,0,0,0,1.0,1.0,1.0,1.0,1.0,1,0.4962000781895404,34
523,1,1306,1306,0,0,0,0,1.0,1.0,1.0,1.0,1.0,1,0.4682994967613465,33
524,1,1307,1307,0,0,0,0,1.0,1.0,1.0,1.0,1.0,1,0.4546833154761827,34
525,2,1309,1309,0,0,0,0,1.0,1.0,1.0,1.0,1.0,1,0.4720846463349137,32
526,2,1311,1311,0,0,0,0,1.0,1.0,1.0,1.0,1.0,1,0.4585514310384939,32
527,2,1313,1313,0,0,0,0,1.0,1.0,1.0,1.0,1.0,1,0.48677755928561517,31
528,4,1317,1317,0,0,0,0,1.0,1.0,1.0,1.0,1.0,1,0.5112836031154335,31
529,3,1320,1320,0,0,0,0,1.0,1.0,1.0,1.0,1.0,1,0.5408302597743289,30
530,2,1322,1322,0,0,0,0,1.0,1.0,1.0,1.0,1.0,1,0.5326632611655525,30
531,7,1329,1329,0,0,0,0,1.0,1.0,1.0,1.0,1.0,1,0.4650511813144415,32
532,4,1333,1333,0,0,0,0,1.0,1.0,1.0,1.0,1.0,1,0.48318416630778666,32
533,4,1337,1337,0,0,0,0,1.0,1.0,1.0,1.0,1.0,1,0.5018771790527634,34
534,2,1339,1339,0,0,0,0,1.0,1.0,1.0,1.0,1.0,1,0.49859458937771156,34
535,3,1342,1342,0,0,0,0,1.0,1.0,1.0,1.0,1.0,1,0.4992724160269935,37
536,0,1342,1342,0,0,0,0,1.0,1.0,1.0,1.0,1.0,1,0.4992724160269935,37
537,1,1343,1343,0,0,0,0,1.0,1.0,1.0,1.0,1.0,1,0.508051104332494,37
538,0,1343,1343,0,0,0,0,1.0,1.0,1.0,1.0,1.0,1,0.5029476936396852,38
539,4,1347,1347,0,0,0,0,1.0,1.0,1.0,1.0,1.0,1,0.5146472516535913,38
540,2,1349,1349,0,0,0,0,1.0,1.0,1.0,1.0,1.0,1,0.5541487884587178,38
541,2,1351,1351,0,0,0,0,1.0,1.0,1.0,1.0,1.0,1,0.5129447053164259,39
542,3,1354,1354,0,0,0,0,1.0,1.0,1.0,1.0,1.0,1,0.5313207312122361,40
543,5,1359,1359,0,0,0,0,1.0,1.0,1.0,1.0,1.0,1,0.5426099377193788,37
544,3,1362,1362,0,0,0,0,1.0,1.0,1.0,1.0,1.0,1,0.5400483195452846,35
545,5,1367,1367,0,0,0,0,1.0,1.0,1.0,1.0,1.0,1,0.5789148614211229,35
546,0,1367,1367,0,0,0,0,1.0,1.0,1.0,1.0,1.0,1,0.5789148614211229,35
547,4,1371,1371,0,0,0,0,1.0,1.0,1.0,1.0,1.0,1,0.6163596954528221,34
548,1,1372,1372,0,0,0,0,1.0,1.0,1.0,1.0,1.0,1,0.6077894561208534,34
549,1,1373,1373,0,0,0,0,1.0,1.0,1.0,1.0,1.0,1,0.655658638813493,31
550,2,1375,1375,0,0,0,0,1.0,1.0,1.0,1.0,1.0,1,0.6638800630909216,30
551,1,1376,1376,0,0,0,0,1.0,1.0,1.0,1.0,1.0,1,0.663087689608212,31
552,1,1377,1377,0,0,0,0,1.0,1.0,1.0,1.0,1.0,1,0.6445013709400587,29
553,2,1379,1379,0,0,0,0,1.0,1.0,1.0,1.0,1.0,1,0.5840577249793576,30
554,1,1380,1380,0,0,0,0,1.0,1.0,1.0,1.0,1.0,1,0.5929653146421379,30
555,1,1381,1381,0,0,0,0,1.0,1.0,1.0,1.0,1.0,1,0.5652100039431472,30
556,3,1384,1384,0,0,0,0,1.0,1.0,1.0,1.0,1.0,1,0.5199534027516872,31
557,1,1385,1385,0,0,0,0,1.0,1.0,1.0,1.0,1.0,1,0.5440842627496058,31
558,4,1389,1389,0,0,0,0,1.0,1.0,1.0,1.0,1.0,1,0.5663854540166541,31
559,3,1392,1392,0,0,0,0,1.0,1.0,1.0,1.0,1.0,1,0.5660290206203809,31
560,3,1395,1395,0,0,0,0,1.0,1.0,1.0,1.0,1.0,1,0.5775209946449655,32
561,2,1397,1397,0,0,0,0,1.0,1.0,1.0,1.0,1.0,1,0.5566882834527331,33
562,5,1402,1402,0,0,0,0,1.0,1.0,1.0,1.0,1.0,1,0.5735753677358985,33
563,4,1406,1406,0,0,0,0,1.0,1.0,1.0,1.0,1.0,1,0.5718116194568517,33
564,2,1408,1408,0,0,0,0,1.0,1.0,1.0,1.0,1.0,1,0.5858723176703411,34
565,6,1414,1414,0,0,0,0,1.0,1.0,1.0,1.0,1.0,1,0.5542911536683379,35
566,7,1421,1421,0,0,0,0,1.0,1.0,1.0,1.0,1.0,1,0.5638074356018622,36
567,6,1427,1427,0,0,0,0,1.0,1.0,1.0,1.0,1.0,1,0.5413954589547905,37
568,3,1430,1430,0,0,0,0,1.0,1.0,1.0,1.0,1.0,1,0.5605071232850566,36
569,2,1432,1432,0,0,0,0,1.0,1.0,1.0,1.0,1.0,1,0.5098193258491135,37
570,2,1434,1434,0,0,0,0,1.0,1.0,1.0,1.0,1.0,1,0.5203410102631725,38
571,2,1436,1436,0,0,0,0,1.0,1.0,1.0,1.0,1.0,1,0.5169134867821229,38
572,1,1437,1437,0,0,0,0,1.0,1.0,1.0,1.0,1.0,1,0.5056448824794737,39
573,2,1439,1439,0,0,0,0,1.0,1.0,1.0,1.0,1.0,1,0.4899545972339564,39
574,1,1440,1440,0,0,0,0,1.0,1.0,1.0,1.0,1.0,1,0.5025287826684504,41
575,2,1442,1442,0,0,0,0,1.0,1.0,1.0,1.0,1.0,1,0.49776531848634953,41
576,1,1443,1443,0,0,0,0,1.0,1.0,1.0,1.0,1.0,1,0.5098030627076046,42
577,3,1446,1446,0,0,0,0,1.0,1.0,1.0,1.0,1.0,1,0.5272647354593397,42
578,2,1448,1448,0,0,0,0,1.0,1.0,1.0,1.0,1.0,1,0.5788069965426927,41
579,1,1449,1449,0,0,0,0,1.0,1.0,1.0,1.0,1.0,1,0.5714520377016736,42
580,3,1452,1452,0,0,0,0,1.0,1.0,1.0,1.0,1.0,1,0.6096371134160572,43
581,2,1454,1454,0,0,0,0,1.0,1.0,1.0,1.0,1.0,1,0.6086018288735211,42
582,3,1457,1457,0,0,0,0,1.0,1.0,1.0,1.0,1.0,1,0.6172732245488534,41
583,2,1459,1459,0,0,0,0,1.0,1.0,1.0,1.0,1.0,1,0.6419974544046324,40
584,3,1462,1462,0,0,0,0,1.0,1.0,1.0,1.0,1.0,1,0.6638221302813045,38
585,3,1465,1465,0,0,0,0,1.0,1.0,1.0,1.0,1.0,1,0.6480325436763369,38
586,2,1467,1467,0,0,0,0,1.0,1.0,1.0,1.0,1.0,1,0.591053444828831,37
587,3,1470,1470,0,0,0,0,1.0,1.0,1.0,1.0,1.0,1,0.6116079729597935,35
588,5,1475,1475,0,0,0,0,1.0,1.0,1.0,1.0,1.0,1,0.5528756146086411,35
589,2,1477,1477,0,0,0,0,1.0,1.0,1.0,1.0,1.0,1,0.5766390874114897,34
590,2,1479,1479,0,0,0,0,1.0,1.0,1.0,1.0,1.0,1,0.5048189254324302,36
591,4,1483,1483,0,0,0,0,1.0,1.0,1.0,1.0,1.0,1,0.5143658894883647,35
592,5,1488,1488,0,0,0,0,1.0,1.0,1.0,1.0,1.0,1,0.5169773022157861,37
593,2,1490,1490,0,0,0,0,1.0,1.0,1.0,1.0,1.0,1,0.5615813356790621,36
594,3,1493,1493,0,0,0,0,1.0,1.0,1.0,1.0,1.0,1,0.5852350112178805,35
595,1,1494,1494,0,0,0,0,1.0,1.0,1.0,1.0,1.0,1,0.6086579553634947,34
596,1,1495,1495,0,0,0,0,1.0,1.0,1.0,1.0,1.0,1,0.6067809143972022,34
597,3,1498,1498,0,0,0,0,1.0,1.0,1.0,1.0,1.0,1,0.5779303238286659,33
598,0,1498,1498,0,0,0,0,1.0,1.0,1.0,1.0,1.0,1,0.6168296796012944,33
599,3,1501,1501,0,0,0,0,1.0,1.0,1.0,1.0,1.0,1,0.6101129348483633,33
600,1,1502,1502,0,0,0,0,1.0,1.0,1.0,1.0,1.0,1,0.6186329966889353,33
601,1,1503,1503,0,0,0,0,1.0,1.0,1.0,1.0,1.0,1,0.6263363414861273,34
602,3,1506,1506,0,0,0,0,1.0,1.0,1.0,1.0,1.0,1,0.6568634165843086,35
603,1,1507,1507,0,0,0,0,1.0,1.0,1.0,1.0,1.0,1,0.6553441096788007,35
604,1,1508,1508,0,0,0,0,1.0,1.0,1.0,1.0,1.0,1,0.6417358795199385,35
605,1,1509,1509,0,0,0,0,1.0,1.0,1.0,1.0,1.0,1,0.6796165380348933,35
606,0,1509,1509,0,0,0,0,1.0,1.0,1.0,1.0,1.0,1,0.6654776213155876,35
607,5,1514,1514,0,0,0,0,1.0,1.0,1.0,1.0,1.0,1,0.6643883675560174,35
608,3,1517,1517,0,0,0,0,1.0,1.0,1.0,1.0,1.0,1,0.6722429660641073,36
609,3,1520,1520,0,0,0,0,1.0,1.0,1.0,1.0,1.0,1,0.6363092257077264,37
610,6,1526,1526,0,0,0,0,1.0,1.0,1.0,1.0,1.0,1,0.6196153866865892,37
611,4,1530,1530,0,0,0,0,1.0,1.0,1.0,1.0,1.0,1,0.6481729265889286,39
612,4,1534,1534,0,0,0,0,1.0,1.0,1.0,1.0,1.0,1,0.6659882789235103,39
613,4,1538,1538,0,0,0,0,1.0,1.0,1.0,1.0,1.0,1,0.6202151926703141,39
614,3,1541,1541,0,0,0,0,1.0,1.0,1.0,1.0,1.0,1,0.6611678791551449,39
615,7,1548,1548,0,0,0,0,1.0,1.0,1.0,1.0,1.0,1,0.6466651870724205,39
616,2,1550,1550,0,0,0,0,1.0,1.0,1.0,1.0,1.0,1,0.6400985678204866,38
617,5,1555,1555,0,0,0,0,1.0,1.0,1.0,1.0,1.0,1,0.6396727466766088,39
618,1,1556,1556,0,0,0,0,1.0,1.0,1.0,1.0,1.0,1,0.6395032896872608,40
619,2,1558,1558,0,0,0,0,1.0,1.0,1.0,1.0,1.0,1,0.6046544912734415,39
620,4,1562,1562,0,0,0,0,1.0,1.0,1.0,1.0,1.0,1,0.5604688771877632,38
621,3,1565,1565,0,0,0,0,1.0,1.0,1.0,1.0,1.0,1,0.522407420853951,38
622,4,1569,1569,0,0,0,0,1.0,1.0,1.0,1.0,1.0,1,0.5798534185467374,38
623,2,1571,1571,0,0,0,0,1.0,1.0,1.0,1.0,1.0,1,0.5816896291625087,37
624,6,1577,1577,0,0,0,0,1.0,1.0,1.0,1.0,1.0,1,0.497985591544665,33
625,3,1580,1580,0,0,0,0,1.0,1.0,1.0,1.0,1.0,1,0.5346875259799485,32
626,1,1581,1581,0,0,0,0,1.0,1.0,1.0,1.0,1.0,1,0.5490841286331452,31
627,5,1586,1586,0,0,0,0,1.0,1.0,1.0,1.0,1.0,1,0.5966166061253191,30
628,3,1589,1589,0,0,0,0,1.0,1.0,1.0,1.0,1.0,1,0.5790636868778375,32
629,2,1591,1591,0,0,0,0,1.0,1.0,1.0,1.0,1.0,1,0.5725621431491088,29
630,2,1593,1593,0,0,0,0,1.0,1.0,1.0,1.0,1.0,1,0.6012405524303019,29
631,1,1594,1594,0,0,0,0,1.0,1.0,1.0,1.0,1.0,1,0.6546323386458112,25
632,5,1599,1599,0,0,0,0,1.0,1.0,1.0,1.0,1.0,1,0.6126026281995027,24
633,4,1603,1603,0,0,0,0,1.0,1.0,1.0,1.0,1.0,1,0.5853059317873547,23
634,5,1608,1608,0,0,0,0,1.0,1.0,1.0,1.0,1.0,1,0.6046962380544401,23
635,4,1612,1612,0,0,0,0,1.0,1.0,1.0,1.0,1.0,1,0.6478704380753286,22
636,2,1614,1614,0,0,0,0,1.0,1.0,1.0,1.0,1.0,1,0.6356984609749642,22
637,2,1616,1616,0,0,0,0,1.0,1.0,1.0,1.0,1.0,1,0.6247323720870804,23
638,0,1616,1616,0,0,0,0,1.0,1.0,1.0,1.0,1.0,1,0.6247323720870804,23
639,2,1618,1618,0,0,0,0,1.0,1.0,1.0,1.0,1.0,1,0.5999622529724149,24
640,4,1622,1622,0,0,0,0,1.0,1.0,1.0,1.0,1.0,1,0.6162652446296453,24
641,1,1623,1623,0,0,0,0,1.0,1.0,1.0,1.0,1.0,1,0.6131133655010058,25
642,2,1625,1625,0,0,0,0,1.0,1.0,1.0,1.0,1.0,1,0.5428241303829999,26
643,2,1627,1627,0,0,0,0,1.0,1.0,1.0,1.0,1.0,1,0.5558172520787096,28
644,1,1628,1628,0,0,0,0,1.0,1.0,1.0,1.0,1.0,1,0.562011321014174,28
645,2,1630,1630,0,0,0,0,1.0,1.0,1.0,1.0,1.0,1,0.5642571997553054,28
646,2,1632,1632,0,0,0,0,1.0,1.0,1.0,1.0,1.0,1,0.5617365660390007,29
647,2,1634,1634,0,0,0,0,1.0,1.0,1.0,1.0,1.0,1,0.5431869621943544,30
648,2,1636,1636,0,0,0,0,1.0,1.0,1.0,1.0,1.0,1,0.5506777601507351,30
649,5,1641,1641,0,0,0,0,1.0,1.0,1.0,1.0,1.0,1,0.5969240107135347,31
650,0,1641,1641,0,0,0,0,1.0,1.0,1.0,1.0,1.0,1,0.5969240107135347,31
651,4,1645,1645,0,0,0,0,1.0,1.0,1.0,1.0,1.0,1,0.6044725000265424,32
652,0,1645,1645,0,0,0,0,1.0,1.0,1.0,1.0,1.0,1,0.6044725000265424,32
653,1,1646,1646,0,0,0,0,1.0,1.0,1.0,1.0,1.0,1,0.5623215112841176,33
654,3,1649,1649,0,0,0,0,1.0,1.0,1.0,1.0,1.0,1,0.5695787225020215,33
655,3,1652,1652,0,0,0,0,1.0,1.0,1.0,1.0,1.0,1,0.5488927427395562,36
656,2,1654,1654,0,0,0,0,1.0,1.0,1.0,1.0,1.0,1,0.5374189533586298,36
657,1,1655,1655,0,0,0,0,1.0,1.0,1.0,1.0,1.0,1,0.5076013904926239,35
658,3,1658,1658,0,0,0,0,1.0,1.0,1.0,1.0,1.0,1,0.5325791153092257,33
659,2,1660,1660,0,0,0,0,1.0,1.0,1.0,1.0,1.0,1,0.5217023488593614,35
660,2,1662,1662,0,0,0,0,1.0,1.0,1.0,1.0,1.0,1,0.5172682674450011,34
661,2,1664,1664,0,0,0,0,1.0,1.0,1.0,1.0,1.0,1,0.5103726769715355,33
662,3,1667,1667,0,0,0,0,1.0,1.0,1.0,1.0,1.0,1,0.49752860502905694,31
663,2,1669,1669,0,0,0,0,1.0,1.0,1.0,1.0,1.0,1,0.5099472350345506,29
664,2,1671,1671,0,0,0,0,1.0,1.0,1.0,1.0,1.0,1,0.5635075230466705,27
665,7,1678,1678,0,0,0,0,1.0,1.0,1.0,1.0,1.0,1,0.6169658174089122,27
666,6,1684,1684,0,0,0,0,1.0,1.0,1.0,1.0,1.0,1,0.6183004433190349,28
667,3,1687,1687,0,0,0,0,1.0,1.0,1.0,1.0,1.0,1,0.6227372946011192,26
668,2,1689,1689,0,0,0,0,1.0,1.0,1.0,1.0,1.0,1,0.5414972917599177,26
669,5,1694,1694,0,0,0,0,1.0,1.0,1.0,1.0,1.0,1,0.5424397368819257,25
670,3,1697,1697,0,0,0,0,1.0,1.0,1.0,1.0,1.0,1,0.5688805624289208,24
671,2,1699,1699,0,0,0,0,1.0,1.0,1.0,1.0,1.0,1,0.6069423024942108,24
672,0,1699,1699,0,0,0,0,1.0,1.0,1.0,1.0,1.0,1,0.6085578176692341,25
673,1,1700,1700,0,0,0,0,1.0,1.0,1.0,1.0,1.0,1,0.617663179278689,25
674,2,1702,1702,0,0,0,0,1.0,1.0,1.0,1.0,1.0,1,0.604578508262665,25
675,3,1705,1705,0,0,0,0,1.0,1.0,1.0,1.0,1.0,1,0.6346356863250596,26
676,3,1708,1708,0,0,0,0,1.0,1.0,1.0,1.0,1.0,1,0.593876702841229,27
677,2,1710,1710,0,0,0,0,1.0,1.0,1.0,1.0,1.0,1,0.5786713002479613,28
678,2,1712,1712,0,0,0,0,1.0,1.0,1.0,1.0,1.0,1,0.5179119732493912,28
679,1,1713,1713,0,0,0,0,1.0,1.0,1.0,1.0,1.0,1,0.48205276482465254,30
680,1,1714,1714,0,0,0,0,1.0,1.0,1.0,1.0,1.0,1,0.4904607421410265,29
681,2,1716,1716,0,0,0,0,1.0,1.0,1.0,1.0,1.0,1,0.49472787807140745,29
682,2,1718,1718,0,0,0,0,1.0,1.0,1.0,1.0,1.0,1,0.5032796814476085,30
683,3,1721,1721,0,0,0,0,1.0,1.0,1.0,1.0,1.0,1,0.5162878922939708,30
684,1,1722,1722,0,0,0,0,1.0,1.0,1.0,1.0,1.0,1,0.519233955923295,31
685,6,1728,1728,0,0,0,0,1.0,1.0,1.0,1.0,1.0,1,0.47581886167028375,30
686,2,1730,1730,0,0,0,0,1.0,1.0,1.0,1.0,1.0,1,0.5260288199206898,30
687,3,1733,1733,0,0,0,0,1.0,1.0,1.0,1.0,1.0,1,0.5403259013421271,30
688,1,1734,1734,0,0,0,0,1.0,1.0,1.0,1.0,1.0,1,0.5737140390883384,31
689,3,1737,1737,0,0,0,0,1.0,1.0,1.0,1.0,1.0,1,0.5818578845359058,32
690,1,1738,1738,0,0,0,0,1.0,1.0,1.0,1.0,1.0,1,0.6000573904556235,32
691,2,1740,1740,0,0,0,0,1.0,1.0,1.0,1.0,1.0,1,0.6301299926394293,32
692,0,1740,1740,0,0,0,0,1.0,1.0,1.0,1.0,1.0,1,0.6301299926394293,32
693,3,1743,1743,0,0,0,0,1.0,1.0,1.0,1.0,1.0,1,0.6047838430127438,34
694,1,1744,1744,0,0,0,0,1.0,1.0,1.0,1.0,1.0,1,0.5944438122158009,36
695,3,1747,1747,0,0,0,0,1.0,1.0,1.0,1.0,1.0,1,0.6227225795386034,34
696,0,1747,1747,0,0,0,0,1.0,1.0,1.0,1.0,1.0,1,0.6157303843628946,33
697,2,1749,1749,0,0,0,0,1.0,1.0,1.0,1.0,1.0,1,0.630685971755812,33
698,1,1750,1750,0,0,0,0,1.0,1.0,1.0,1.0,1.0,1,0.633603753519571,34
699,3,1753,1753,0,0,0,0,1.0,1.0,1.0,1.0,1.0,1,0.5967420621342082,33
700,2,1755,1755,0,0,0,0,1.0,1.0,1.0,1.0,1.0,1,0.5874665223648466,32
701,2,1757,1757,0,0,0,0,1.0,1.0,1.0,1.0,1.0,1,0.611973494456201,33
702,3,1760,1760,0,0,0,0,1.0,1.0,1.0,1.0,1.0,1,0.621968718191048,34
703,3,1763,1763,0,0,0,0,1.0,1.0,1.0,1.0,1.0,1,0.6082607182958888,32
704,1,1764,1764,0,0,0,0,1.0,1.0,1.0,1.0,1.0,1,0.6280570772631731,31
705,2,1766,1766,0,0,0,0,1.0,1.0,1.0,1.0,1.0,1,0.5655180562134342,33
706,3,1769,1769,0,0,0,0,1.0,1.0,1.0,1.0,1.0,1,0.6056872142370807,33
707,1,1770,1770,0,0,0,0,1.0,1.0,1.0,1.0,1.0,1,0.5959348155870211,31
708,0,1770,1770,0,0,0,0,1.0,1.0,1.0,1.0,1.0,1,0.5959348155870211,31
709,1,1771,1771,0,0,0,0,1.0,1.0,1.0,1.0,1.0,1,0.5901627731359551,30
710,1,1772,1772,0,0,0,0,1.0,1.0,1.0,1.0,1.0,1,0.6214904268008772,30
711,0,1772,1772,0,0,0,0,1.0,1.0,1.0,1.0,1.0,1,0.6183394401038649,30
712,0,1772,1772,0,0,0,0,1.0,1.0,1.0,1.0,1.0,1,0.6141034616195907,30
713,1,1773,1773,0,0,0,0,1.0,1.0,1.0,1.0,1.0,1,0.6330376556954945,31
714,0,1773,1773,0,0,0,0,1.0,1.0,1.0,1.0,1.0,1,0.625771841748072,31
715,2,1775,1775,0,0,0,0,1.0,1.0,1.0,1.0,1.0,1,0.654337401044647,30
716,3,1778,1778,0,0,0,0,1.0,1.0,1.0,1.0,1.0,1,0.668413620096318,31
717,0,1778,1778,0,0,0,0,1.0,1.0,1.0,1.0,1.0,1,0.6734891495362305,32
718,2,1780,1780,0,0,0,0,1.0,1.0,1.0,1.0,1.0,1,0.6860955996469945,32
719,1,1781,1781,0,0,0,0,1.0,1.0,1.0,1.0,1.0,1,0.6946513116624008,32
720,1,1782,1782,0,0,0,0,1.0,1.0,1.0,1.0,1.0,1,0.6569037383211617,34
721,1,1783,1783,0,0,0,0,1.0,1.0,1.0,1.0,1.0,1,0.6517491485190305,34
722,2,1785,1785,0,0,0,0,1.0,1.0,1.0,1.0,1.0,1,0.6725565510151552,34
723,2,1787,1787,0,0,0,0,1.0,1.0,1.0,1.0,1.0,1,0.7078416128174573,35
724,2,1789,1789,0,0,0,0,1.0,1.0,1.0,1.0,1.0,1,0.6956405395905354,36
725,2,1791,1791,0,0,0,0,0.9798175872846325,0.9675326404144089,0.9798175872846325,0.9675326404144089,1.0,1,0.6858269963364619,37
726,2,1793,1793,0,0,0,0,0.9539777152935944,0.9290489777442912,0.9539777152935944,0.9290489777442912,1.0,1,0.6699780167234781,37
727,0,1793,1793,0,0,0,0,0.9280902814366501,0.8906972277837082,0.9280902814366501,0.8906972277837082,1.0,1,0.6699780167234781,38
728,1,1794,1794,0,0,0,0,0.9299341203741719,0.8906972277837082,0.9299341203741719,0.8906972277837082,1.0,1,0.68791504262373,39
729,1,1795,1795,0,0,0,0,0.9299341203741719,0.8906972277837082,0.9299341203741719,0.8906972277837082,1.0,1,0.6987796278224381,39
730,0,1795,1795,0,0,0,0,0.9316857673648176,0.8906972277837082,0.9316857673648176,0.8906972277837082,1.0,1,0.6981086223017278,40
731,0,1795,1795,0,0,0,0,0.9316857673648176,0.8906972277837082,0.9316857673648176,0.8906972277837082,1.0,1,0.6981086223017278,40
732,1,1796,1796,0,0,0,0,0.9015047572451033,0.8446805787326629,0.9015047572451033,0.8446805787326629,1.0,1,0.7108123177431227,41
733,1,1797,1797,0,0,0,0,0.9567569578493047,0.9261264696592288,0.9567569578493047,0.9261264696592288,1.0,1,0.7095580407660664,41
734,1,1798,1798,0,0,0,0,0.9577865540909879,0.9261264696592288,0.9577865540909879,0.9261264696592288,1.0,1,0.7183383030569017,42
735,1,1799,1799,0,0,0,0,1.0,1.0,1.0,1.0,1.0,1,0.6825330517025302,42
736,5,1804,1804,0,0,0,0,1.0,1.0,1.0,1.0,1.0,1,0.632149545311314,41
737,3,1807,1807,0,0,0,0,1.0,1.0,1.0,1.0,1.0,1,0.6149029574424834,41
738,2,1809,1809,0,0,0,0,1.0,1.0,1.0,1.0,1.0,1,0.5862979709843582,39
739,7,1816,1816,0,0,0,0,1.0,1.0,1.0,1.0,1.0,1,0.5899342155084121,39
740,6,1822,1822,0,0,0,0,1.0,1.0,1.0,1.0,1.0,1,0.6001474080570212,39
741,6,1828,1828,0,0,0,0,1.0,1.0,1.0,1.0,1.0,1,0.6111250581568931,38
742,9,1837,1837,0,0,0,0,1.0,1.0,1.0,1.0,1.0,1,0.6110344959936949,39
743,4,1841,1841,0,0,0,0,1.0,1.0,1.0,1.0,1.0,1,0.6221182971394457,39
744,8,1849,1849,0,0,0,0,1.0,1.0,1.0,1.0,1.0,1,0.628850092466352,39
745,4,1853,1853,0,0,0,0,1.0,1.0,1.0,1.0,1.0,1,0.6091451348422542,39
746,5,1858,1858,0,0,0,0,1.0,1.0,1.0,1.0,1.0,1,0.5965290238954043,40
747,3,1861,1861,0,0,0,0,1.0,1.0,1.0,1.0,1.0,1,0.5278813363259266,41
748,7,1868,1868,0,0,0,0,1.0,1.0,1.0,1.0,1.0,1,0.5356105347450546,41
749,2,1870,1870,0,0,0,0,1.0,1.0,1.0,1.0,1.0,1,0.5202406564754576,41
750,4,1874,1874,0,0,0,0,1.0,1.0,1.0,1.0,1.0,1,0.5638293387556716,39
751,0,1874,1874,0,0,0,0,1.0,1.0,1.0,1.0,1.0,1,0.5493568076417872,41
752,5,1879,1879,0,0,0,0,1.0,1.0,1.0,1.0,1.0,1,0.5703350206788805,41
753,3,1882,1882,0,0,0,0,1.0,1.0,1.0,1.0,1.0,1,0.6030569622487796,41
754,1,1883,1883,0,0,0,0,1.0,1.0,1.0,1.0,1.0,1,0.5969364753916064,41
755,2,1885,1885,0,0,0,0,1.0,1.0,1.0,1.0,1.0,1,0.6129989769867874,41
756,2,1887,1887,0,0,0,0,1.0,1.0,1.0,1.0,1.0,1,0.6213365505795937,41
757,0,1887,1887,0,0,0,0,1.0,1.0,1.0,1.0,1.0,1,0.652075099874861,39
758,0,1887,1887,0,0,0,0,1.0,1.0,1.0,1.0,1.0,1,0.6424148957974336,39
759,0,1887,1887,0,0,0,0,1.0,1.0,1.0,1.0,1.0,1,0.6419363912480662,39
760,0,1887,1887,0,0,0,0,1.0,1.0,1.0,1.0,1.0,1,0.6498604884252854,40
761,0,1887,1887,0,0,0,0,1.0,1.0,1.0,1.0,1.0,1,0.6352949636162526,41
762,0,1887,1887,0,0,0,0,1.0,1.0,1.0,1.0,1.0,1,0.6293215796347681,42
763,3,1890,1890,0,0,0,0,1.0,1.0,1.0,1.0,1.0,1,0.6677341339062384,43
764,0,1890,1890,0,0,0,0,1.0,1.0,1.0,1.0,1.0,1,0.6677341339062384,43
765,1,1891,1891,0,0,0,0,1.0,1.0,1.0,1.0,1.0,1,0.653655443557558,45
766,0,1891,1891,0,0,0,0,1.0,1.0,1.0,1.0,1.0,1,0.653655443557558,45
767,2,1893,1893,0,0,0,0,1.0,1.0,1.0,1.0,1.0,1,0.6630582643494084,46
768,0,1893,1893,0,0,0,0,1.0,1.0,1.0,1.0,1.0,1,0.659658443287967,45
769,2,1895,1895,0,0,0,0,1.0,1.0,1.0,1.0,1.0,1,0.6787311543356684,46
770,0,1895,1895,0,0,0,0,1.0,1.0,1.0,1.0,1.0,1,0.6686413324151348,47
771,1,1896,1896,0,0,0,0,1.0,1.0,1.0,1.0,1.0,1,0.6631968133170625,47
772,2,1898,1898,0,0,0,0,1.0,1.0,1.0,1.0,1.0,1,0.6640217705735647,46
773,0,1898,1898,0,0,0,0,1.0,1.0,1.0,1.0,1.0,1,0.657749084487361,45
774,0,1898,1898,0,0,0,0,1.0,1.0,1.0,1.0,1.0,1,0.6440613957093733,45
775,2,1900,1900,0,0,0,0,1.0,1.0,1.0,1.0,1.0,1,0.6454720776632056,45
776,1,1901,1901,0,0,0,0,1.0,1.0,1.0,1.0,1.0,1,0.6254242212751953,43
777,3,1904,1904,0,0,0,0,1.0,1.0,1.0,1.0,1.0,1,0.6416151362030804,44
778,2,1906,1906,0,0,0,0,1.0,1.0,1.0,1.0,1.0,1,0.6548195719079546,45
779,3,1909,1909,0,0,0,0,1.0,1.0,1.0,1.0,1.0,1,0.6678597200630839,45
780,1,1910,1910,0,0,0,0,1.0,1.0,1.0,1.0,1.0,1,0.6734950793701573,45
781,0,1910,1910,0,0,0,0,1.0,1.0,1.0,1.0,1.0,1,0.6669259965046134,46
782,0,1910,1910,0,0,0,0,0.9855902746334735,0.9661371453886627,0.9855902746334735,0.9661371453886627,1.0,1,0.6747143490363557,47
783,1,1911,1911,0,0,0,0,1.0,1.0,1.0,1.0,1.0,1,0.6531334228399684,46
784,2,1913,1913,0,0,0,0,1.0,1.0,1.0,1.0,1.0,1,0.6567660732804436,45
785,0,1913,1913,0,0,0,0,1.0,1.0,1.0,1.0,1.0,1,0.6465884494806362,43
786,3,1916,1916,0,0,0,0,1.0,1.0,1.0,1.0,1.0,1,0.6402811579647674,43
787,4,1920,1920,0,0,0,0,1.0,1.0,1.0,1.0,1.0,1,0.6191158512618053,43
788,6,1926,1926,0,0,0,0,1.0,1.0,1.0,1.0,1.0,1,0.6068291915593261,44
789,1,1927,1927,0,0,0,0,1.0,1.0,1.0,1.0,1.0,1,0.5940115611429299,46
790,4,1931,1931,0,0,0,0,1.0,1.0,1.0,1.0,1.0,1,0.585915244623921,46
791,1,1932,1932,0,0,0,0,1.0,1.0,1.0,1.0,1.0,1,0.6029863049565637,46
792,1,1933,1933,0,0,0,0,1.0,1.0,1.0,1.0,1.0,1,0.5949983547257769,47
793,2,1935,1935,0,0,0,0,1.0,1.0,1.0,1.0,1.0,1,0.5854261342292635,48
794,4,1939,1939,0,0,0,0,1.0,1.0,1.0,1.0,1.0,1,0.6231733099971977,48
795,2,1941,1941,0,0,0,0,1.0,1.0,1.0,1.0,1.0,1,0.6425060748484461,47
796,2,1943,1943,0,0,0,0,1.0,1.0,1.0,1.0,1.0,1,0.6660530978294492,45
797,7,1950,1950,0,0,0,0,1.0,1.0,1.0,1.0,1.0,1,0.6910639257123532,47
798,2,1952,1952,0,0,0,0,1.0,1.0,1.0,1.0,1.0,1,0.671050620165524,48
799,6,1958,1958,0,0,0,0,0.9940616385547622,0.985747932531429,0.9940616385547622,0.985747932531429,1.0,1,0.6878984853410709,48
800,2,1960,1960,0,0,0,0,0.9940616385547622,0.985747932531429,0.9940616385547622,0.985747932531429,1.0,1,0.6709164835549961,48
801,5,1965,1965,0,0,0,0,0.994182829604665,0.985747932531429,0.994182829604665,0.985747932531429,1.0,1,0.6535327154502442,49
802,1,1966,1966,0,0,0,0,0.9697837098039439,0.9280564519141521,0.9697837098039439,0.9280564519141521,1.0,1,0.6419157096844196,50
803,1,1967,1967,0,0,0,0,0.9697837098039439,0.9280564519141521,0.9697837098039439,0.9280564519141521,1.0,1,0.638949977839482,50
804,1,1968,1968,0,0,0,0,0.9697837098039439,0.9280564519141521,0.9697837098039439,0.9280564519141521,1.0,1,0.6333371811360389,50
805,2,1970,1970,0,0,0,0,0.9697837098039439,0.9280564519141521,0.9697837098039439,0.9280564519141521,1.0,1,0.6412707392739921,50
806,0,1970,1970,0,0,0,0,0.9703761860822979,0.9280564519141521,0.9703761860822979,0.9280564519141521,1.0,1,0.6208083491230958,51
807,2,1972,1972,0,0,0,0,0.9703761860822979,0.9280564519141521,0.9703761860822979,0.9280564519141521,1.0,1,0.6518461737245312,51
808,0,1972,1972,0,0,0,0,0.9582442508244561,0.8994066042589167,0.9582442508244561,0.8994066042589167,1.0,1,0.6360145653510395,53
809,2,1974,1974,0,0,0,0,0.9881414849136986,0.9697607865299313,0.9881414849136986,0.9697607865299313,1.0,1,0.6473224564430304,51
810,2,1976,1976,0,0,0,0,0.9399941192503436,0.8643345304790377,0.9399941192503436,0.8643345304790377,1.0,1,0.6466681964124279,52
811,3,1979,1979,0,0,0,0,0.935931393222984,0.8607204200499651,0.935931393222984,0.8607204200499651,1.0,1,0.6264634065787357,50
812,2,1981,1981,0,0,0,0,0.9598885182718455,0.9070142923574599,0.9598885182718455,0.9070142923574599,1.0,1,0.6003217545599198,51
813,3,1984,1984,0,0,0,0,1.0,1.0,1.0,1.0,1.0,1,0.6130933882996177,51
814,5,1989,1989,0,0,0,0,1.0,1.0,1.0,1.0,1.0,1,0.5787812880576674,52
815,5,1994,1994,0,0,0,0,1.0,1.0,1.0,1.0,1.0,1,0.5516095105817197,50
816,5,1999,1999,0,0,0,0,1.0,1.0,1.0,1.0,1.0,1,0.5268252038052325,50
817,3,2002,2002,0,0,0,0,1.0,1.0,1.0,1.0,1.0,1,0.5001581365403495,49
818,5,2007,2007,0,0,0,0,1.0,1.0,1.0,1.0,1.0,1,0.5046584912785452,49
819,3,2010,2010,0,0,0,0,1.0,1.0,1.0,1.0,1.0,1,0.5022981745237891,50
820,2,2012,2012,0,0,0,0,1.0,1.0,1.0,1.0,1.0,1,0.5267192549769291,49
821,6,2018,2018,0,0,0,0,1.0,1.0,1.0,1.0,1.0,1,0.5239130998813258,49
822,3,2021,2021,0,0,0,0,1.0,1.0,1.0,1.0,1.0,1,0.541294327281182,49
823,5,2026,2026,0,0,0,0,1.0,1.0,1.0,1.0,1.0,1,0.5474688305603985,47
824,1,2027,2027,0,0,0,0,1.0,1.0,1.0,1.0,1.0,1,0.5599915281701605,45
825,8,2035,2035,0,0,0,0,1.0,1.0,1.0,1.0,1.0,1,0.6077451751276562,43
826,3,2038,2038,0,0,0,0,1.0,1.0,1.0,1.0,1.0,1,0.5868612397518718,44
827,3,2041,2041,0,0,0,0,1.0,1.0,1.0,1.0,1.0,1,0.5678665666448599,43
828,4,2045,2045,0,0,0,0,1.0,1.0,1.0,1.0,1.0,1,0.5476576161642009,43
829,1,2046,2046,0,0,0,0,1.0,1.0,1.0,1.0,1.0,1,0.5317281530678261,45
830,3,2049,2049,0,0,0,0,1.0,1.0,1.0,1.0,1.0,1,0.5342349233854877,46
831,1,2050,2050,0,0,0,0,1.0,1.0,1.0,1.0,1.0,1,0.5230633723804755,48
832,2,2052,2052,0,0,0,0,1.0,1.0,1.0,1.0,1.0,1,0.528398021095446,47
833,3,2055,2055,0,0,0,0,1.0,1.0,1.0,1.0,1.0,1,0.5424737872156252,47
834,1,2056,2056,0,0,0,0,1.0,1.0,1.0,1.0,1.0,1,0.5378913954238755,46
835,1,2057,2057,0,0,0,0,1.0,1.0,1.0,1.0,1.0,1,0.5417045226335202,45
836,0,2057,2057,0,0,0,0,1.0,1.0,1.0,1.0,1.0,1,0.5489354508732956,46
837,2,2059,2059,0,0,0,0,1.0,1.0,1.0,1.0,1.0,1,0.5204047615795945,46
838,4,2063,2063,0,0,0,0,1.0,1.0,1.0,1.0,1.0,1,0.5189774065128934,45
839,3,2066,2066,0,0,0,0,1.0,1.0,1.0,1.0,1.0,1,0.5312730202283737,46
840,5,2071,2071,0,0,0,0,1.0,1.0,1.0,1.0,1.0,1,0.523113122520497,46
841,7,2078,2078,0,0,0,0,1.0,1.0,1.0,1.0,1.0,1,0.531116915814983,46
842,3,2081,2081,0,0,0,0,1.0,1.0,1.0,1.0,1.0,1,0.5200229147165939,46
843,5,2086,2086,0,0,0,0,1.0,1.0,1.0,1.0,1.0,1,0.5324086756138434,46
844,1,2087,2087,0,0,0,0,1.0,1.0,1.0,1.0,1.0,1,0.5412529321943399,47
845,2,2089,2089,0,0,0,0,1.0,1.0,1.0,1.0,1.0,1,0.5196297552509607,48
846,2,2091,2091,0,0,0,0,1.0,1.0,1.0,1.0,1.0,1,0.511744924863158,47
847,2,2093,2093,0,0,0,0,1.0,1.0,1.0,1.0,1.0,1,0.5006955872455745,48
848,2,2095,2095,0,0,0,0,1.0,1.0,1.0,1.0,1.0,1,0.5131887684321279,48
849,0,2095,2095,0,0,0,0,1.0,1.0,1.0,1.0,1.0,1,0.5130515288641151,48
850,1,2096,2096,0,0,0,0,1.0,1.0,1.0,1.0,1.0,1,0.5442073621203352,46
851,1,2097,2097,0,0,0,0,1.0,1.0,1.0,1.0,1.0,1,0.5624149738786391,45
852,0,2097,2097,0,0,0,0,1.0,1.0,1.0,1.0,1.0,1,0.564816568027607,44
853,3,2100,2100,0,0,0,0,1.0,1.0,1.0,1.0,1.0,1,0.5333847224022038,44
854,2,2102,2102,0,0,0,0,1.0,1.0,1.0,1.0,1.0,1,0.5640837458130941,45
855,2,2104,2104,0,0,0,0,1.0,1.0,1.0,1.0,1.0,1,0.5454587198738857,46
856,3,2107,2107,0,0,0,0,1.0,1.0,1.0,1.0,1.0,1,0.5586137573845619,46
857,5,2112,2112,0,0,0,0,1.0,1.0,1.0,1.0,1.0,1,0.558470355248438,47
858,4,2116,2116,0,0,0,0,0.9835407610292476,0.9604978264701942,0.9835407610292476,0.9604978264701942,1.0,1,0.6022200049673813,48
859,4,2120,2120,0,0,0,0,1.0,1.0,1.0,1.0,1.0,1,0.5669503240022519,48
860,4,2124,2124,0,0,0,0,1.0,1.0,1.0,1.0,1.0,1,0.5576340132269526,49
861,4,2128,2128,0,0,0,0,1.0,1.0,1.0,1.0,1.0,1,0.5440523886962633,49
862,5,2133,2133,0,0,0,0,1.0,1.0,1.0,1.0,1.0,1,0.5768974488004839,49
863,2,2135,2135,0,0,0,0,0.978222410823184,0.9477337859756415,0.978222410823184,0.9477337859756415,1.0,1,0.5928639319812382,48
864,4,2139,2139,0,0,0,0,1.0,1.0,1.0,1.0,1.0,1,0.581736945948151,49
865,3,2142,2142,0,0,0,0,1.0,1.0,1.0,1.0,1.0,1,0.5642492442894067,48
866,3,2145,2145,0,0,0,0,1.0,1.0,1.0,1.0,1.0,1,0.531004420488309,50
867,6,2151,2151,0,0,0,0,1.0,1.0,1.0,1.0,1.0,1,0.5548100513429237,50
868,4,2155,2155,0,0,0,0,1.0,1.0,1.0,1.0,1.0,1,0.5671488023221073,51
869,5,2160,2160,0,0,0,0,0.9965968863756379,0.991662371620313,0.9965968863756379,0.991662371620313,1.0,1,0.5891222551197787,49
870,5,2165,2165,0,0,0,0,1.0,1.0,1.0,1.0,1.0,1,0.5831267906174248,49
871,7,2172,2172,0,0,0,0,1.0,1.0,1.0,1.0,1.0,1,0.584143353325955,49
872,5,2177,2177,0,0,0,0,1.0,1.0,1.0,1.0,1.0,1,0.5780277993538678,48
873,4,2181,2181,0,0,0,0,1.0,1.0,1.0,1.0,1.0,1,0.568231881200539,49
874,3,2184,2184,0,0,0,0,1.0,1.0,1.0,1.0,1.0,1,0.5810957662689186,49
875,6,2190,2190,0,0,0,0,1.0,1.0,1.0,1.0,1.0,1,0.5860977363804465,50
876,1,2191,2191,0,0,0,0,1.0,1.0,1.0,1.0,1.0,1,0.6027710672523923,50
877,2,2193,2193,0,0,0,0,1.0,1.0,1.0,1.0,1.0,1,0.6243264809749008,50
878,1,2194,2194,0,0,0,0,1.0,1.0,1.0,1.0,1.0,1,0.634576290871548,49
879,5,2199,2199,0,0,0,0,1.0,1.0,1.0,1.0,1.0,1,0.6157536931423603,49
880,1,2200,2200,0,0,0,0,1.0,1.0,1.0,1.0,1.0,1,0.6115685369100188,48
881,1,2201,2201,0,0,0,0,1.0,1.0,1.0,1.0,1.0,1,0.6076067219208549,49
882,2,2203,2203,0,0,0,0,1.0,1.0,1.0,1.0,1.0,1,0.6062643204418621,48
883,1,2204,2204,0,0,0,0,1.0,1.0,1.0,1.0,1.0,1,0.5851329494545068,50
884,0,2204,2204,0,0,0,0,1.0,1.0,1.0,1.0,1.0,1,0.5855683181503631,50
885,1,2205,2205,0,0,0,0,1.0,1.0,1.0,1.0,1.0,1,0.5719126189544391,49
886,0,2205,2205,0,0,0,0,1.0,1.0,1.0,1.0,1.0,1,0.5728959349005744,49
887,2,2207,2207,0,0,0,0,1.0,1.0,1.0,1.0,1.0,1,0.5747433548297265,49
888,3,2210,2210,0,0,0,0,1.0,1.0,1.0,1.0,1.0,1,0.6038378632285136,47
889,1,2211,2211,0,0,0,0,1.0,1.0,1.0,1.0,1.0,1,0.6213230172496438,46
890,0,2211,2211,0,0,0,0,1.0,1.0,1.0,1.0,1.0,1,0.6287141757679287,44
891,1,2212,2212,0,0,0,0,1.0,1.0,1.0,1.0,1.0,1,0.6189117220955463,45
892,1,2213,2213,0,0,0,0,1.0,1.0,1.0,1.0,1.0,1,0.6156423677134384,45
893,1,2214,2214,0,0,0,0,1.0,1.0,1.0,1.0,1.0,1,0.594755562007099,45
894,3,2217,2217,0,0,0,0,1.0,1.0,1.0,1.0,1.0,1,0.5793075269198101,44
895,1,2218,2218,0,0,0,0,1.0,1.0,1.0,1.0,1.0,1,0.5800637894429916,45
896,2,2220,2220,0,0,0,0,1.0,1.0,1.0,1.0,1.0,1,0.5687098356455769,44
897,1,2221,2221,0,0,0,0,1.0,1.0,1.0,1.0,1.0,1,0.5458187733207359,44
898,3,2224,2224,0,0,0,0,1.0,1.0,1.0,1.0,1.0,1,0.5291420929613513,45
899,3,2227,2227,0,0,0,0,1.0,1.0,1.0,1.0,1.0,1,0.557904870739106,44
900,3,2230,2230,0,0,0,0,1.0,1.0,1.0,1.0,1.0,1,0.5192541601236242,46
901,0,2230,2230,0,0,0,0,1.0,1.0,1.0,1.0,1.0,1,0.5324835739072821,45
902,7,2237,2237,0,0,0,0,1.0,1.0,1.0,1.0,1.0,1,0.508660666183949,45
903,1,2238,2238,0,0,0,0,1.0,1.0,1.0,1.0,1.0,1,0.5514497858234286,44
904,6,2244,2244,0,0,0,0,1.0,1.0,1.0,1.0,1.0,1,0.5456277935917384,45
905,6,2250,2250,0,0,0,0,1.0,1.0,1.0,1.0,1.0,1,0.5938545741300003,45
906,0,2250,2250,0,0,0,0,1.0,1.0,1.0,1.0,1.0,1,0.5938545741300003,45
907,3,2253,2253,0,0,0,0,1.0,1.0,1.0,1.0,1.0,1,0.6004872635391553,46
908,2,2255,2255,0,0,0,0,1.0,1.0,1.0,1.0,1.0,1,0.6190681155788601,46
909,1,2256,2256,0,0,0,0,1.0,1.0,1.0,1.0,1.0,1,0.5959819455182661,46
910,1,2257,2257,0,0,0,0,1.0,1.0,1.0,1.0,1.0,1,0.593940159976866,44
911,5,2262,2262,0,0,0,0,1.0,1.0,1.0,1.0,1.0,1,0.6282097416686836,45
912,2,2264,2264,0,0,0,0,1.0,1.0,1.0,1.0,1.0,1,0.6527467168108039,44
913,5,2269,2269,0,0,0,0,1.0,1.0,1.0,1.0,1.0,1,0.6650923870583644,45
914,1,2270,2270,0,0,0,0,1.0,1.0,1.0,1.0,1.0,1,0.6717038230227783,45
915,2,2272,2272,0,0,0,0,1.0,1.0,1.0,1.0,1.0,1,0.6751116892441827,45
916,3,2275,2275,0,0,0,0,1.0,1.0,1.0,1.0,1.0,1,0.6496345963069413,45
917,2,2277,2277,0,0,0,0,1.0,1.0,1.0,1.0,1.0,1,0.6563251733302352,46
918,3,2280,2280,0,0,0,0,1.0,1.0,1.0,1.0,1.0,1,0.6515549256555422,47
919,5,2285,2285,0,0,0,0,1.0,1.0,1.0,1.0,1.0,1,0.6307469237644293,47
920,2,2287,2287,0,0,0,0,1.0,1.0,1.0,1.0,1.0,1,0.6227294993246758,47
921,2,2289,2289,0,0,0,0,1.0,1.0,1.0,1.0,1.0,1,0.6198209251941517,49
922,4,2293,2293,0,0,0,0,1.0,1.0,1.0,1.0,1.0,1,0.5823281093010872,49
923,8,2301,2301,0,0,0,0,1.0,1.0,1.0,1.0,1.0,1,0.5347913271477498,47
924,1,2302,2302,0,0,0,0,1.0,1.0,1.0,1.0,1.0,1,0.5275278443235202,47
925,4,2306,2306,0,0,0,0,1.0,1.0,1.0,1.0,1.0,1,0.5437353962689704,47
926,4,2310,2310,0,0,0,0,1.0,1.0,1.0,1.0,1.0,1,0.5400938464073088,46
927,0,2310,2310,0,0,0,0,1.0,1.0,1.0,1.0,1.0,1,0.5014658332791675,45
928,2,2312,2312,0,0,0,0,1.0,1.0,1.0,1.0,1.0,1,0.46158712396844476,43
929,3,2315,2315,0,0,0,0,1.0,1.0,1.0,1.0,1.0,1,0.5143713559431661,42
930,1,2316,2316,0,0,0,0,1.0,1.0,1.0,1.0,1.0,1,0.5239031898325123,41
931,1,2317,2317,0,0,0,0,1.0,1.0,1.0,1.0,1.0,1,0.5584607631523356,40
932,1,2318,2318,0,0,0,0,1.0,1.0,1.0,1.0,1.0,1,0.5881876909322814,40
933,6,2324,2324,0,0,0,0,1.0,1.0,1.0,1.0,1.0,1,0.6214887290783121,39
934,1,2325,2325,0,0,0,0,1.0,1.0,1.0,1.0,1.0,1,0.592088472057987,39
935,5,2330,2330,0,0,0,0,1.0,1.0,1.0,1.0,1.0,1,0.6192646640381964,41
936,1,2331,2331,0,0,0,0,1.0,1.0,1.0,1.0,1.0,1,0.5707055920485152,42
937,3,2334,2334,0,0,0,0,1.0,1.0,1.0,1.0,1.0,1,0.6183136101035996,43
938,2,2336,2336,0,0,0,0,1.0,1.0,1.0,1.0,1.0,1,0.6374024638003498,44
939,4,2340,2340,0,0,0,0,1.0,1.0,1.0,1.0,1.0,1,0.6158654173324507,46
940,2,2342,2342,0,0,0,0,0.9894403988079159,0.977920833871097,0.9894403988079159,0.977920833871097,1.0,1,0.6320601232311535,46
941,5,2347,2347,0,0,0,0,0.9615104476300231,0.9230208952600462,0.9615104476300231,0.9230208952600462,1.0,1,0.6206866395798639,46
942,3,2350,2350,0,0,0,0,0.9615104476300232,0.9230208952600462,0.9615104476300232,0.9230208952600462,1.0,1,0.6343650294548363,46
943,1,2351,2351,0,0,0,0,0.9606551242440236,0.9230208952600462,0.9606551242440236,0.9230208952600462,1.0,1,0.6531562265040736,45
944,2,2353,2353,0,0,0,0,0.9606551242440236,0.9230208952600462,0.9606551242440236,0.9230208952600462,1.0,1,0.6583922937727508,45
945,1,2354,2354,0,0,0,0,0.931569553029621,0.874544180554305,0.931569553029621,0.874544180554305,1.0,1,0.6807662767777202,44
946,3,2357,2357,0,0,0,0,0.93454478985442,0.874544180554305,0.93454478985442,0.874544180554305,1.0,1,0.6722186564837979,46
947,0,2357,2357,0,0,0,0,0.931569553029621,0.874544180554305,0.931569553029621,0.874544180554305,1.0,1,0.680828376905257,44
948,1,2358,2358,0,0,0,0,0.9315695530296211,0.874544180554305,0.9315695530296211,0.874544180554305,1.0,1,0.6683463587776796,44
949,1,2359,2359,0,0,0,0,0.9050192532493814,0.832833885718911,0.9050192532493814,0.832833885718911,1.0,1,0.653977611894585,44
950,1,2360,2360,0,0,0,0,0.9028103986737854,0.832833885718911,0.9028103986737854,0.832833885718911,1.0,1,0.6631078625017023,43
951,2,2362,2362,0,0,0,0,0.9004963605469708,0.832833885718911,0.9004963605469708,0.832833885718911,1.0,1,0.6601501873010374,42
952,3,2365,2365,0,0,0,0,0.9004963605469708,0.832833885718911,0.9004963605469708,0.832833885718911,1.0,1,0.6666469938434946,42
953,0,2365,2365,0,0,0,0,0.8980694425115311,0.832833885718911,0.8980694425115311,0.832833885718911,1.0,1,0.6740906175092857,41
954,0,2365,2365,0,0,0,0,0.8955211785743196,0.832833885718911,0.8955211785743196,0.832833885718911,1.0,1,0.6815495689483545,40
955,1,2366,2366,0,0,0,0,0.8777728042933062,0.8025560684738022,0.8777728042933062,0.8025560684738022,1.0,1,0.6891456388123666,42
956,1,2367,2367,0,0,0,0,0.8806152972167177,0.8025560684738022,0.8806152972167177,0.8025560684738022,1.0,1,0.6715719422730226,43
957,3,2370,2370,0,0,0,0,0.8777728042933062,0.8025560684738022,0.8777728042933062,0.8025560684738022,1.0,1,0.6424714132909237,42
958,1,2371,2371,0,0,0,0,0.8539826919838429,0.7674539168631573,0.8539826919838429,0.7674539168631573,1.0,1,0.6590706058151143,43
959,1,2372,2372,0,0,0,0,0.8352509745053633,0.7352247804550481,0.8352509745053633,0.7352247804550481,1.0,1,0.6475225701947227,45
960,2,2374,2374,0,0,0,0,0.8422615713349223,0.7352247804550481,0.8422615713349223,0.7352247804550481,1.0,1,0.6198471972178041,47
961,0,2374,2374,0,0,0,0,0.8769414284072052,0.7870140107047783,0.8769414284072052,0.7870140107047783,1.0,1,0.6198471972178041,45
962,1,2375,2375,0,0,0,0,0.8793820837352837,0.7912382218495294,0.8793820837352837,0.7912382218495294,1.0,1,0.6367144865265274,45
963,3,2378,2378,0,0,0,0,0.9215191465569377,0.856118435354386,0.9215191465569377,0.856118435354386,1.0,1,0.6393488007718253,44
964,2,2380,2380,0,0,0,0,0.9790052316772208,0.9560109616094149,0.9790052316772208,0.9560109616094149,1.0,1,0.6274986432923956,44
965,5,2385,2385,0,0,0,0,0.9945907187154996,0.9884086829617849,0.9945907187154996,0.9884086829617849,1.0,1,0.6369042719201975,45
966,4,2389,2389,0,0,0,0,1.0,1.0,1.0,1.0,1.0,1,0.5889549512330062,43
967,4,2393,2393,0,0,0,0,1.0,1.0,1.0,1.0,1.0,1,0.5467020046161276,43
968,5,2398,2398,0,0,0,0,1.0,1.0,1.0,1.0,1.0,1,0.5376846101029539,43
969,4,2402,2402,0,0,0,0,1.0,1.0,1.0,1.0,1.0,1,0.5254357666903042,42
970,0,2402,2402,0,0,0,0,1.0,1.0,1.0,1.0,1.0,1,0.5304740319529014,42
971,2,2404,2404,0,0,0,0,1.0,1.0,1.0,1.0,1.0,1,0.5097870297134736,42
972,3,2407,2407,0,0,0,0,1.0,1.0,1.0,1.0,1.0,1,0.49430205211556055,42
973,1,2408,2408,0,0,0,0,1.0,1.0,1.0,1.0,1.0,1,0.5001124558509652,43
974,2,2410,2410,0,0,0,0,1.0,1.0,1.0,1.0,1.0,1,0.519061701901684,43
975,2,2412,2412,0,0,0,0,1.0,1.0,1.0,1.0,1.0,1,0.5128410146683483,43
976,6,2418,2418,0,0,0,0,1.0,1.0,1.0,1.0,1.0,1,0.5033853512434475,45
977,0,2418,2418,0,0,0,0,1.0,1.0,1.0,1.0,1.0,1,0.5124528097742057,44
978,3,2421,2421,0,0,0,0,1.0,1.0,1.0,1.0,1.0,1,0.5252141366937146,44
979,4,2425,2425,0,0,0,0,1.0,1.0,1.0,1.0,1.0,1,0.5535027621068843,45
980,2,2427,2427,0,0,0,0,1.0,1.0,1.0,1.0,1.0,1,0.5604594213815074,45
981,4,2431,2431,0,0,0,0,1.0,1.0,1.0,1.0,1.0,1,0.581546238133739,45
982,3,2434,2434,0,0,0,0,1.0,1.0,1.0,1.0,1.0,1,0.6243199942988658,46
983,2,2436,2436,0,0,0,0,1.0,1.0,1.0,1.0,1.0,1,0.6281090689239179,45
984,5,2441,2441,0,0,0,0,1.0,1.0,1.0,1.0,1.0,1,0.6421347768057682,45
985,3,2444,2444,0,0,0,0,1.0,1.0,1.0,1.0,1.0,1,0.6644419635206257,45
986,1,2445,2445,0,0,0,0,1.0,1.0,1.0,1.0,1.0,1,0.6714513085499061,44
987,2,2447,2447,0,0,0,0,1.0,1.0,1.0,1.0,1.0,1,0.6853768523225888,45
988,0,2447,2447,0,0,0,0,1.0,1.0,1.0,1.0,1.0,1,0.6858173396405067,44
989,1,2448,2448,0,0,0,0,1.0,1.0,1.0,1.0,1.0,1,0.7047321955969996,43
990,1,2449,2449,0,0,0,0,0.9780549876939405,0.958104976506614,0.9780549876939405,0.958104976506614,1.0,1,0.716651242495422,42
991,1,2450,2450,0,0,0,0,0.9780549876939407,0.958104976506614,0.9780549876939407,0.958104976506614,1.0,1,0.7296057575829021,42
992,2,2452,2452,0,0,0,0,0.9785653368173375,0.958104976506614,0.9785653368173375,0.958104976506614,1.0,1,0.7112937144164911,43
993,1,2453,2453,0,0,0,0,0.9785653368173375,0.958104976506614,0.9785653368173375,0.958104976506614,1.0,1,0.7212123818030373,43
994,0,2453,2453,0,0,0,0,0.9630323633352637,0.9308865923224493,0.9630323633352637,0.9308865923224493,1.0,1,0.7223405361744308,43
995,2,2455,2455,0,0,0,0,0.9658732790389092,0.9361978695075259,0.9658732790389092,0.9361978695075259,1.0,1,0.7137401813341396,43
996,0,2455,2455,0,0,0,0,0.9510209383280723,0.910205053601466,0.9510209383280723,0.910205053601466,1.0,1,0.7137401813341396,44
997,1,2456,2456,0,0,0,0,0.9510209383280723,0.910205053601466,0.9510209383280723,0.910205053601466,1.0,1,0.7244266563418404,44
998,0,2456,2456,0,0,0,0,0.9290893780203962,0.872360880436713,0.9290893780203962,0.872360880436713,1.0,1,0.7244266563418404,45
999,0,2456,2456,0,0,0,0,0.9605019606418631,0.9278731455199241,0.9605019606418631,0.9278731455199241,1.0,1,0.7315215545107703,42
1000,0,2456,2456,0,0,0,0,0.9614205196967037,0.9278731455199241,0.9614205196967037,0.9278731455199241,1.0,1,0.7298769000705325,43
1001,0,2456,2456,0,0,0,0,0.9898805052711763,0.9806809646086094,0.9898805052711763,0.9806809646086094,1.0,1,0.7298769000705325,42
1002,0,2456,2456,0,0,0,0,0.9901158423578932,0.9806809646086094,0.9901158423578932,0.9806809646086094,1.0,1,0.7089219824951829,43
1003,2,2458,2458,0,0,0,0,0.9901158423578932,0.9806809646086094,0.9901158423578932,0.9806809646086094,1.0,1,0.6945785031149362,43
1004,0,2458,2458,0,0,0,0,0.9901158423578932,0.9806809646086094,0.9901158423578932,0.9806809646086094,1.0,1,0.6945785031149362,43
1005,2,2460,2460,0,0,0,0,0.9682071311788445,0.9391788596464852,0.9682071311788445,0.9391788596464852,1.0,1,0.6840857540535307,44
1006,1,2461,2461,0,0,0,0,0.9425684239787119,0.8899228126258646,0.9425684239787119,0.8899228126258646,1.0,1,0.6667768797116215,46
1007,2,2463,2463,0,0,0,0,0.9425684239787119,0.8899228126258646,0.9425684239787119,0.8899228126258646,1.0,1,0.6716360166432283,46
1008,3,2466,2466,0,0,0,0,0.925462844240048,0.8598701471712903,0.925462844240048,0.8598701471712903,1.0,1,0.6614744250587273,47
1009,3,2469,2469,0,0,0,0,0.9270157016517137,0.8598701471712903,0.9270157016517137,0.8598701471712903,1.0,1,0.6768591548975793,48
1010,1,2470,2470,0,0,0,0,0.9270157016517137,0.8598701471712903,0.9270157016517137,0.8598701471712903,1.0,1,0.6730810236681992,48
1011,1,2471,2471,0,0,0,0,0.9270157016517137,0.8598701471712903,0.9270157016517137,0.8598701471712903,1.0,1,0.676895756906268,48
1012,3,2474,2474,0,0,0,0,0.9285051771282093,0.8598701471712903,0.9285051771282093,0.8598701471712903,1.0,1,0.6569722640413772,49
1013,3,2477,2477,0,0,0,0,0.9299350735856451,0.8598701471712903,0.9299350735856451,0.8598701471712903,1.0,1,0.6570401058898903,50
1014,3,2480,2480,0,0,0,0,0.9480008280645247,0.891668391801093,0.9480008280645247,0.891668391801093,1.0,1,0.6596306654200536,50
1015,4,2484,2484,0,0,0,0,0.9507364492451296,0.8953149546459003,0.9507364492451296,0.8953149546459003,1.0,1,0.6632796693042936,51
1016,4,2488,2488,0,0,0,0,0.9692561799407302,0.9318289207381409,0.9692561799407302,0.9318289207381409,1.0,1,0.648216900064915,51
1017,1,2489,2489,0,0,0,0,0.9754494796966549,0.9444944758359154,0.9754494796966549,0.9444944758359154,1.0,1,0.6486431312115555,52
1018,5,2494,2494,0,0,0,0,1.0,1.0,1.0,1.0,1.0,1,0.6126423539319983,52
1019,3,2497,2497,0,0,0,0,1.0,1.0,1.0,1.0,1.0,1,0.6166787000052872,52
1020,3,2500,2500,0,0,0,0,1.0,1.0,1.0,1.0,1.0,1,0.5916750430629574,53
1021,2,2502,2502,0,0,0,0,1.0,1.0,1.0,1.0,1.0,1,0.5898497156455198,53
1022,1,2503,2503,0,0,0,0,1.0,1.0,1.0,1.0,1.0,1,0.5821266610749638,54
1023,4,2507,2507,0,0,0,0,1.0,1.0,1.0,1.0,1.0,1,0.5817001386987858,55
1024,1,2508,2508,0,0,0,0,1.0,1.0,1.0,1.0,1.0,1,0.5756389616570403,55
1025,3,2511,2511,0,0,0,0,1.0,1.0,1.0,1.0,1.0,1,0.577657816146534,56
1026,3,2514,2514,0,0,0,0,1.0,1.0,1.0,1.0,1.0,1,0.5807776543729709,57
1027,2,2516,2516,0,0,0,0,1.0,1.0,1.0,1.0,1.0,1,0.5710482353075884,58
1028,2,2518,2518,0,0,0,0,1.0,1.0,1.0,1.0,1.0,1,0.5846091412809642,58
1029,4,2522,2522,0,0,0,0,0.9858108056503773,0.9651182305571776,0.9858108056503773,0.9651182305571776,1.0,1,0.6065353206649537,59
1030,4,2526,2526,0,0,0,0,0.9576286379134064,0.9022199336463224,0.9576286379134064,0.9022199336463224,1.0,1,0.6134825072890477,60
1031,1,2527,2527,0,0,0,0,0.9576286379134064,0.9022199336463224,0.9576286379134064,0.9022199336463224,1.0,1,0.6022487079108232,60
1032,4,2531,2531,0,0,0,0,0.932020122404705,0.8519009809531072,0.932020122404705,0.8519009809531072,1.0,1,0.6257167483841761,61
1033,3,2534,2534,0,0,0,0,0.9131791064394525,0.8203705650471432,0.9131791064394525,0.8203705650471432,1.0,1,0.6470581016442765,60
1034,2,2536,2536,0,0,0,0,0.9131791064394527,0.8203705650471432,0.9131791064394527,0.8203705650471432,1.0,1,0.6671753108192355,60
1035,5,2541,2541,0,0,0,0,0.9117075658706297,0.8203705650471432,0.9117075658706297,0.8203705650471432,1.0,1,0.6809155845833325,59
1036,4,2545,2545,0,0,0,0,0.9131791064394525,0.8203705650471432,0.9131791064394525,0.8203705650471432,1.0,1,0.6607503893074076,60
1037,3,2548,2548,0,0,0,0,0.9157858995406488,0.8286678645826993,0.9157858995406488,0.8286678645826993,1.0,1,0.6605090567188419,59
1038,6,2554,2554,0,0,0,0,0.9034094257162766,0.8068188514325532,0.9034094257162766,0.8068188514325532,1.0,1,0.6202944077910381,60
1039,3,2557,2557,0,0,0,0,0.8994750994101419,0.798950198820284,0.8994750994101419,0.798950198820284,1.0,1,0.6150646260587752,60
1040,3,2560,2560,0,0,0,0,0.9389032689133715,0.8734424856062696,0.9389032689133715,0.8734424856062696,1.0,1,0.604917505168829,58
1041,2,2562,2562,0,0,0,0,0.9746994204689897,0.9455064440870548,0.9746994204689897,0.9455064440870548,1.0,1,0.6224518529059415,56
1042,6,2568,2568,0,0,0,0,1.0,1.0,1.0,1.0,1.0,1,0.6128451519081191,55
1043,4,2572,2572,0,0,0,0,1.0,1.0,1.0,1.0,1.0,1,0.630047377351519,55
1044,4,2576,2576,0,0,0,0,1.0,1.0,1.0,1.0,1.0,1,0.6107398190424765,52
1045,5,2581,2581,0,0,0,0,1.0,1.0,1.0,1.0,1.0,1,0.6058597128721475,52
1046,5,2586,2586,0,0,0,0,1.0,1.0,1.0,1.0,1.0,1,0.6031825087922777,53
1047,2,2588,2588,0,0,0,0,1.0,1.0,1.0,1.0,1.0,1,0.5744137411191336,54
1048,2,2590,2590,0,0,0,0,1.0,1.0,1.0,1.0,1.0,1,0.558792183186657,56
1049,1,2591,2591,0,0,0,0,1.0,1.0,1.0,1.0,1.0,1,0.5572328452672158,55
1050,2,2593,2593,0,0,0,0,1.0,1.0,1.0,1.0,1.0,1,0.5543958686000849,56
1051,0,2593,2593,0,0,0,0,1.0,1.0,1.0,1.0,1.0,1,0.5523187680437456,55
1052,1,2594,2594,0,0,0,0,1.0,1.0,1.0,1.0,1.0,1,0.5654173680489801,56
1053,1,2595,2595,0,0,0,0,1.0,1.0,1.0,1.0,1.0,1,0.5788913097451597,56
1054,0,2595,2595,0,0,0,0,1.0,1.0,1.0,1.0,1.0,1,0.5575456816295881,57
1055,2,2597,2597,0,0,0,0,1.0,1.0,1.0,1.0,1.0,1,0.5364371510238795,58
1056,2,2599,2599,0,0,0,0,1.0,1.0,1.0,1.0,1.0,1,0.5334233242746174,59
1057,6,2605,2605,0,0,0,0,1.0,1.0,1.0,1.0,1.0,1,0.5540981223487197,60
1058,3,2608,2608,0,0,0,0,1.0,1.0,1.0,1.0,1.0,1,0.553175875382094,60
1059,6,2614,2614,0,0,0,0,1.0,1.0,1.0,1.0,1.0,1,0.5337230942299249,60
1060,3,2617,2617,0,0,0,0,1.0,1.0,1.0,1.0,1.0,1,0.5456991363785695,60
1061,4,2621,2621,0,0,0,0,0.9838939864074668,0.9586845738278496,0.9838939864074668,0.9586845738278496,1.0,1,0.5565558120417925,59
1062,6,2627,2627,0,0,0,0,0.9683148120858494,0.9221072463777129,0.9683148120858494,0.9221072463777129,1.0,1,0.5650302049106232,59
1063,4,2631,2631,0,0,0,0,0.9527413784521674,0.8903599980090285,0.9527413784521674,0.8903599980090285,1.0,1,0.5581212526053595,58
1064,5,2636,2636,0,0,0,0,0.9314088078213117,0.846988878986003,0.9314088078213117,0.846988878986003,1.0,1,0.5781084892738624,58
1065,7,2643,2643,0,0,0,0,0.909990133648091,0.7999780747735357,0.909990133648091,0.7999780747735357,1.0,1,0.5795190825277159,60
1066,4,2647,2647,0,0,0,0,0.9068863451531977,0.7999780747735357,0.9068863451531977,0.7999780747735357,1.0,1,0.5885029668897293,58
1067,5,2652,2652,0,0,0,0,0.898881009852447,0.7869278421890847,0.898881009852447,0.7869278421890847,1.0,1,0.5959349929913659,59
1068,2,2654,2654,0,0,0,0,0.898881009852447,0.7869278421890847,0.898881009852447,0.7869278421890847,1.0,1,0.6142621703556747,59
1069,3,2657,2657,0,0,0,0,0.9246427509522342,0.8318953675088303,0.9246427509522342,0.8318953675088303,1.0,1,0.6036293537554807,58
1070,4,2661,2661,0,0,0,0,0.9121242377641942,0.8112298440860467,0.9121242377641942,0.8112298440860467,1.0,1,0.6160643797295559,58
1071,1,2662,2662,0,0,0,0,0.9105825577249694,0.8112298440860467,0.9105825577249694,0.8112298440860467,1.0,1,0.6314688517298453,57
1072,1,2663,2663,0,0,0,0,0.9089858176843439,0.8112298440860467,0.9089858176843439,0.8112298440860467,1.0,1,0.6489331478653848,56
1073,6,2669,2669,0,0,0,0,0.9475056460098906,0.881887703522254,0.9475056460098906,0.881887703522254,1.0,1,0.6926297971350791,54
1074,2,2671,2671,0,0,0,0,0.9601716161442077,0.9064898813820524,0.9601716161442077,0.9064898813820524,1.0,1,0.689182481594364,54
1075,3,2674,2674,0,0,0,0,0.9838376131815891,0.9625326487391382,0.9838376131815891,0.9625326487391382,1.0,1,0.7010815931099329,51
1076,2,2676,2676,0,0,0,0,0.9841467153740195,0.9632492038215908,0.9841467153740195,0.9632492038215908,1.0,1,0.7080806929533683,51
1077,3,2679,2679,0,0,0,0,0.9984010680352549,0.9961168795141905,0.9984010680352549,0.9961168795141905,1.0,1,0.658567220683608,51
1078,1,2680,2680,0,0,0,0,0.957229237200989,0.9033008841065838,0.957229237200989,0.9033008841065838,1.0,1,0.658400679464035,52
1079,4,2684,2684,0,0,0,0,0.9611646225397317,0.9138867717185355,0.9611646225397317,0.9138867717185355,1.0,1,0.6273741635023814,51
1080,1,2685,2685,0,0,0,0,0.977294922203428,0.9473655014715829,0.977294922203428,0.9473655014715829,1.0,1,0.594871043764935,51
1081,3,2688,2688,0,0,0,0,0.9738312324852821,0.9429045072406155,0.9738312324852821,0.9429045072406155,1.0,1,0.6158151742582266,48
1082,1,2689,2689,0,0,0,0,1.0,1.0,1.0,1.0,1.0,1,0.6122852806028887,47
1083,1,2690,2690,0,0,0,0,1.0,1.0,1.0,1.0,1.0,1,0.5982101159061914,46
1084,2,2692,2692,0,0,0,0,1.0,1.0,1.0,1.0,1.0,1,0.6112727986114499,45
1085,1,2693,2693,0,0,0,0,1.0,1.0,1.0,1.0,1.0,1,0.5904770044571392,46
1086,2,2695,2695,0,0,0,0,1.0,1.0,1.0,1.0,1.0,1,0.6090657302235188,45
1087,0,2695,2695,0,0,0,0,1.0,1.0,1.0,1.0,1.0,1,0.6333809063865554,44
1088,1,2696,2696,0,0,0,0,1.0,1.0,1.0,1.0,1.0,1,0.6004584888334542,45
1089,1,2697,2697,0,0,0,0,1.0,1.0,1.0,1.0,1.0,1,0.6285691856040013,46
1090,2,2699,2699,0,0,0,0,1.0,1.0,1.0,1.0,1.0,1,0.6259349262735933,47
1091,1,2700,2700,0,0,0,0,1.0,1.0,1.0,1.0,1.0,1,0.6448235921015386,47
1092,1,2701,2701,0,0,0,0,1.0,1.0,1.0,1.0,1.0,1,0.6495532383579775,48
1093,4,2705,2705,0,0,0,0,0.9885392235610914,0.9738039395682088,0.9885392235610914,0.9738039395682088,1.0,1,0.6362552104812029,48
1094,3,2708,2708,0,0,0,0,0.9707788716098008,0.93624481078502,0.9707788716098008,0.93624481078502,1.0,1,0.6634032406258472,48
1095,5,2713,2713,0,0,0,0,0.9312528023918715,0.8596411382167374,0.9312528023918715,0.8596411382167374,1.0,1,0.6855879216205615,49
1096,3,2716,2716,0,0,0,0,0.9066765291718725,0.81708599717687,0.9066765291718725,0.81708599717687,1.0,1,0.6743774637922758,49
1097,3,2719,2719,0,0,0,0,0.908542998588435,0.81708599717687,0.908542998588435,0.81708599717687,1.0,1,0.6654802954811464,50
1098,1,2720,2720,0,0,0,0,0.9152962391232786,0.8272043278114883,0.9152962391232786,0.8272043278114883,1.0,1,0.6655084471550954,51
1099,6,2726,2726,0,0,0,0,0.9205818213644953,0.8284567341473099,0.9205818213644953,0.8284567341473099,1.0,1,0.6018246772913334,54
1100,4,2730,2730,0,0,0,0,0.9205818213644953,0.8284567341473099,0.9205818213644953,0.8284567341473099,1.0,1,0.5971238632703033,54
1101,4,2734,2734,0,0,0,0,0.9205818213644953,0.8284567341473099,0.9205818213644953,0.8284567341473099,1.0,1,0.5622932381190695,54
1102,4,2738,2738,0,0,0,0,0.9205818213644953,0.8284567341473099,0.9205818213644953,0.8284567341473099,1.0,1,0.5851313989502575,54
1103,3,2741,2741,0,0,0,0,0.9190833651638254,0.8284567341473099,0.9190833651638254,0.8284567341473099,1.0,1,0.5835297860784636,53
1104,2,2743,2743,0,0,0,0,0.9190833651638254,0.8284567341473099,0.9190833651638254,0.8284567341473099,1.0,1,0.5946826322424669,53
1105,6,2749,2749,0,0,0,0,0.9175272760323606,0.8284567341473099,0.9175272760323606,0.8284567341473099,1.0,1,0.6272335322728582,52
1106,1,2750,2750,0,0,0,0,0.8975672055176938,0.7951344110353873,0.8975672055176938,0.7951344110353873,1.0,1,0.6152051265583571,52
1107,3,2753,2753,0,0,0,0,0.8653605674676481,0.7499553395827752,0.8653605674676481,0.7499553395827752,1.0,1,0.6151002039834379,52
1108,3,2756,2756,0,0,0,0,0.8627205785944647,0.7499553395827752,0.8627205785944647,0.7499553395827752,1.0,1,0.6159081341414918,51
1109,1,2757,2757,0,0,0,0,0.8571173369044429,0.7499553395827752,0.8571173369044429,0.7499553395827752,1.0,1,0.6274922924065406,49
1110,3,2760,2760,0,0,0,0,0.8320800960890627,0.7220636073198278,0.8320800960890627,0.7220636073198278,1.0,1,0.6766584049429158,48
1111,4,2764,2764,0,0,0,0,0.8038331861471658,0.6926719916305598,0.8038331861471658,0.6926719916305598,1.0,1,0.6929554665503815,47
1112,2,2766,2766,0,0,0,0,0.7995686901938434,0.6926719916305598,0.7995686901938434,0.6926719916305598,1.0,1,0.7099583745617652,46
1113,1,2767,2767,0,0,0,0,0.8259975986330311,0.7327820264721551,0.8259975986330311,0.7327820264721551,1.0,1,0.722366314422892,43
1114,2,2769,2769,0,0,0,0,0.8624700295348465,0.7831258158049501,0.8624700295348465,0.7831258158049501,1.0,1,0.7440338659031503,41
1115,3,2772,2772,0,0,0,0,0.9167882142878472,0.8613136904797455,0.9167882142878472,0.8613136904797455,1.0,1,0.7433547202756635,40
1116,5,2777,2777,0,0,0,0,0.9417914001542075,0.9012984611310472,0.9417914001542075,0.9012984611310472,1.0,1,0.7227356352807219,39
1117,5,2782,2782,0,0,0,0,1.0,1.0,1.0,1.0,1.0,1,0.7000433009487287,40
1118,5,2787,2787,0,0,0,0,1.0,1.0,1.0,1.0,1.0,1,0.6285025540507176,40
1119,5,2792,2792,0,0,0,0,1.0,1.0,1.0,1.0,1.0,1,0.6313779273639305,40
1120,5,2797,2797,0,0,0,0,1.0,1.0,1.0,1.0,1.0,1,0.6455642841412184,40
1121,2,2799,2799,0,0,0,0,1.0,1.0,1.0,1.0,1.0,1,0.6400455908687243,40
1122,1,2800,2800,0,0,0,0,1.0,1.0,1.0,1.0,1.0,1,0.6628623013484088,41
1123,4,2804,2804,0,0,0,0,0.9962686578353538,0.9927149986309289,0.9962686578353538,0.9927149986309289,1.0,1,0.6797907304032877,41
1124,2,2806,2806,0,0,0,0,0.9962686578353538,0.9927149986309289,0.9962686578353538,0.9927149986309289,1.0,1,0.6786211795244635,41
1125,1,2807,2807,0,0,0,0,0.9909979850510408,0.9824246374806036,0.9909979850510408,0.9824246374806036,1.0,1,0.6726884379210907,41
1126,2,2809,2809,0,0,0,0,1.0,1.0,1.0,1.0,1.0,1,0.6424453552822178,41
1127,1,2810,2810,0,0,0,0,1.0,1.0,1.0,1.0,1.0,1,0.6491061996129028,41
1128,2,2812,2812,0,0,0,0,0.9932124251251457,0.9864248502502916,0.9932124251251457,0.9864248502502916,1.0,1,0.6451274780718955,42
1129,2,2814,2814,0,0,0,0,0.993212425125146,0.9864248502502916,0.993212425125146,0.9864248502502916,1.0,1,0.6392636686469471,42
1130,1,2815,2815,0,0,0,0,0.9932124251251457,0.9864248502502916,0.9932124251251457,0.9864248502502916,1.0,1,0.655092395513287,42
1131,2,2817,2817,0,0,0,0,0.9932124251251457,0.9864248502502916,0.9932124251251457,0.9864248502502916,1.0,1,0.6281072115399882,42
1132,2,2819,2819,0,0,0,0,0.9933702757036309,0.9864248502502916,0.9933702757036309,0.9864248502502916,1.0,1,0.6294385352748085,43
1133,1,2820,2820,0,0,0,0,0.9936649301168027,0.9864248502502916,0.9936649301168027,0.9864248502502916,1.0,1,0.5850659828286727,45
1134,2,2822,2822,0,0,0,0,0.9795603139389396,0.957262474599601,0.9795603139389396,0.957262474599601,1.0,1,0.5956211155645085,46
1135,1,2823,2823,0,0,0,0,0.9791060986931382,0.957262474599601,0.9791060986931382,0.957262474599601,1.0,1,0.5882856301887052,45
1136,1,2824,2824,0,0,0,0,0.9556292466692377,0.9074001669618872,0.9556292466692377,0.9074001669618872,1.0,1,0.5714479467702323,48
1137,0,2824,2824,0,0,0,0,0.9314894754150321,0.860124345639024,0.9314894754150321,0.860124345639024,1.0,1,0.5744698799227986,49
1138,3,2827,2827,0,0,0,0,0.9314894754150321,0.860124345639024,0.9314894754150321,0.860124345639024,1.0,1,0.6140377798534981,49
1139,6,2833,2833,0,0,0,0,0.9110924213771355,0.8257411458991857,0.9110924213771355,0.8257411458991857,1.0,1,0.6218405119621375,49
1140,6,2839,2839,0,0,0,0,0.9446775318954492,0.8821390896903049,0.9446775318954492,0.8821390896903049,1.0,1,0.6258963624842542,49
1141,3,2842,2842,0,0,0,0,0.933538220115723,0.8612971550241175,0.933538220115723,0.8612971550241175,1.0,1,0.647447252718825,48
1142,9,2851,2851,0,0,0,0,0.9729485498094349,0.938168113850137,0.9729485498094349,0.938168113850137,1.0,1,0.6529099899050489,48
1143,4,2855,2855,0,0,0,0,0.9992374768014264,0.9981699443234234,0.9992374768014264,0.9981699443234234,1.0,1,0.631696224944116,48
1144,6,2861,2861,0,0,0,0,1.0,1.0,1.0,1.0,1.0,1,0.6048777355188709,48
1145,6,2867,2867,0,0,0,0,1.0,1.0,1.0,1.0,1.0,1,0.5765537819552505,48
1146,3,2870,2870,0,0,0,0,1.0,1.0,1.0,1.0,1.0,1,0.6082532114303406,48
1147,5,2875,2875,0,0,0,0,1.0,1.0,1.0,1.0,1.0,1,0.5941193128622823,46
1148,0,2875,2875,0,0,0,0,1.0,1.0,1.0,1.0,1.0,1,0.5941193128622823,46
1149,5,2880,2880,0,0,0,0,1.0,1.0,1.0,1.0,1.0,1,0.6560720444476422,45
1150,3,2883,2883,0,0,0,0,0.9669966485906706,0.9309929925077655,0.9669966485906706,0.9309929925077655,1.0,1,0.6801540424150027,46
1151,2,2885,2885,0,0,0,0,0.9595054481798883,0.9190108963597765,0.9595054481798883,0.9190108963597765,1.0,1,0.6777618856597525,44
1152,0,2885,2885,0,0,0,0,0.9837695498898835,0.9659933426264226,0.9837695498898835,0.9659933426264226,1.0,1,0.6612801032538503,44
1153,3,2888,2888,0,0,0,0,1.0,1.0,1.0,1.0,1.0,1,0.6353680008113588,43
1154,2,2890,2890,0,0,0,0,1.0,1.0,1.0,1.0,1.0,1,0.6296269181370534,43
1155,3,2893,2893,0,0,0,0,1.0,1.0,1.0,1.0,1.0,1,0.6230691114252834,43
1156,3,2896,2896,0,0,0,0,1.0,1.0,1.0,1.0,1.0,1,0.5838777044024788,42
1157,2,2898,2898,0,0,0,0,1.0,1.0,1.0,1.0,1.0,1,0.5927868858057544,42
1158,1,2899,2899,0,0,0,0,1.0,1.0,1.0,1.0,1.0,1,0.5613187007057479,41
1159,2,2901,2901,0,0,0,0,1.0,1.0,1.0,1.0,1.0,1,0.5599425672546419,41
1160,1,2902,2902,0,0,0,0,1.0,1.0,1.0,1.0,1.0,1,0.565897741159566,41
1161,1,2903,2903,0,0,0,0,1.0,1.0,1.0,1.0,1.0,1,0.569469550431346,42
1162,0,2903,2903,0,0,0,0,1.0,1.0,1.0,1.0,1.0,1,0.5631644138159081,43
1163,1,2904,2904,0,0,0,0,1.0,1.0,1.0,1.0,1.0,1,0.5956358705257738,43
1164,1,2905,2905,0,0,0,0,1.0,1.0,1.0,1.0,1.0,1,0.5896268822168564,44
1165,1,2906,2906,0,0,0,0,1.0,1.0,1.0,1.0,1.0,1,0.5988190422402362,44
1166,2,2908,2908,0,0,0,0,1.0,1.0,1.0,1.0,1.0,1,0.6471665644366764,46
1167,2,2910,2910,0,0,0,0,1.0,1.0,1.0,1.0,1.0,1,0.6785850135954302,46
1168,1,2911,2911,0,0,0,0,1.0,1.0,1.0,1.0,1.0,1,0.6739108103447762,47
1169,1,2912,2912,0,0,0,0,0.9997783485874289,0.9994902017510865,0.9997783485874289,0.9994902017510865,1.0,1,0.6764959113692129,46
1170,3,2915,2915,0,0,0,0,0.9854703110384252,0.9667892823735436,0.9854703110384252,0.9667892823735436,1.0,1,0.6746381971804917,48
1171,1,2916,2916,0,0,0,0,0.9857668353029473,0.9667892823735436,0.9857668353029473,0.9667892823735436,1.0,1,0.6496250367418588,49
1172,0,2916,2916,0,0,0,0,0.9857668353029472,0.9667892823735436,0.9857668353029472,0.9667892823735436,1.0,1,0.6496250367418588,49
1173,2,2918,2918,0,0,0,0,0.9712740204638208,0.9360194092148737,0.9712740204638208,0.9360194092148737,1.0,1,0.6357250716747548,49
1174,1,2919,2919,0,0,0,0,0.9712740204638208,0.9360194092148737,0.9712740204638208,0.9360194092148737,1.0,1,0.649377023198352,49
1175,0,2919,2919,0,0,0,0,0.9583344508193687,0.9094227191725407,0.9583344508193687,0.9094227191725407,1.0,1,0.649377023198352,50
1176,0,2919,2919,0,0,0,0,0.9352438620838074,0.859695034514916,0.9352438620838074,0.859695034514916,1.0,1,0.6456543574848291,52
1177,0,2919,2919,0,0,0,0,0.9352438620838074,0.859695034514916,0.9352438620838074,0.859695034514916,1.0,1,0.6456543574848291,52
1178,2,2921,2921,0,0,0,0,0.9352438620838074,0.859695034514916,0.9352438620838074,0.859695034514916,1.0,1,0.6178803948061415,52
1179,4,2925,2925,0,0,0,0,0.9364656760067545,0.859695034514916,0.9364656760067545,0.859695034514916,1.0,1,0.6168654623413171,53
1180,1,2926,2926,0,0,0,0,0.9376422375621849,0.859695034514916,0.9376422375621849,0.859695034514916,1.0,1,0.6221146140049745,54
1181,4,2930,2930,0,0,0,0,0.885804675569557,0.7673798946787272,0.885804675569557,0.7673798946787272,1.0,1,0.6465824446264187,55
1182,0,2930,2930,0,0,0,0,0.8858046755695571,0.7673798946787272,0.8858046755695571,0.7673798946787272,1.0,1,0.6465824446264187,55
1183,1,2931,2931,0,0,0,0,0.8606063327588882,0.7361477012936098,0.8606063327588882,0.7361477012936098,1.0,1,0.6605914531502417,53
1184,1,2932,2932,0,0,0,0,0.843304217336067,0.7082216460740558,0.843304217336067,0.7082216460740558,1.0,1,0.6483528230868866,54
1185,0,2932,2932,0,0,0,0,0.8403476931348607,0.7082216460740558,0.8403476931348607,0.7082216460740558,1.0,1,0.6591032532901654,53
1186,0,2932,2932,0,0,0,0,0.824412000705,0.683941601269,0.824412000705,0.683941601269,1.0,1,0.6526698211811808,54
1187,0,2932,2932,0,0,0,0,0.8105192052230641,0.6638243963635009,0.8105192052230641,0.6638243963635009,1.0,1,0.6526698211811808,55
1188,2,2934,2934,0,0,0,0,0.8432487750854437,0.7027131941275657,0.8432487750854437,0.7027131941275657,1.0,1,0.6531782345368171,55
1189,1,2935,2935,0,0,0,0,0.8705174195031875,0.7410348390063751,0.8705174195031875,0.7410348390063751,1.0,1,0.6532143470502849,54
1190,2,2937,2937,0,0,0,0,0.9246585119950891,0.8273424233220792,0.9246585119950891,0.8273424233220792,1.0,1,0.6426292775501656,55
1191,5,2942,2942,0,0,0,0,0.9592321952853377,0.8999335702458289,0.9592321952853377,0.8999335702458289,1.0,1,0.6567331163734529,54
1192,3,2945,2945,0,0,0,0,1.0,1.0,1.0,1.0,1.0,1,0.6453379844332372,52
1193,7,2952,2952,0,0,0,0,1.0,1.0,1.0,1.0,1.0,1,0.6415032298040051,53
1194,3,2955,2955,0,0,0,0,1.0,1.0,1.0,1.0,1.0,1,0.6176982216041768,53
1195,4,2959,2959,0,0,0,0,1.0,1.0,1.0,1.0,1.0,1,0.5930038014871646,54
1196,3,2962,2962,0,0,0,0,1.0,1.0,1.0,1.0,1.0,1,0.6275473287650143,56
1197,6,2968,2968,0,0,0,0,1.0,1.0,1.0,1.0,1.0,1,0.6163132724154398,56
1198,4,2972,2972,0,0,0,0,1.0,1.0,1.0,1.0,1.0,1,0.5909316213755924,58
1199,2,2974,2974,0,0,0,0,1.0,1.0,1.0,1.0,1.0,1,0.5680218844365699,58
1200,1,2975,2975,0,0,0,0,1.0,1.0,1.0,1.0,1.0,1,0.572359024888681,58
1201,2,2977,2977,0,0,0,0,1.0,1.0,1.0,1.0,1.0,1,0.5763462597779291,58
1202,1,2978,2978,0,0,0,0,1.0,1.0,1.0,1.0,1.0,1,0.550118707418182,60
1203,1,2979,2979,0,0,0,0,1.0,1.0,1.0,1.0,1.0,1,0.5626594643964474,58
1204,2,2981,2981,0,0,0,0,1.0,1.0,1.0,1.0,1.0,1,0.5831144618776168,59
1205,1,2982,2982,0,0,0,0,1.0,1.0,1.0,1.0,1.0,1,0.5864990686687865,59
1206,0,2982,2982,0,0,0,0,1.0,1.0,1.0,1.0,1.0,1,0.5971030544023301,58
1207,1,2983,2983,0,0,0,0,1.0,1.0,1.0,1.0,1.0,1,0.5914513392889911,60
1208,1,2984,2984,0,0,0,0,1.0,1.0,1.0,1.0,1.0,1,0.5799986923391816,60
1209,1,2985,2985,0,0,0,0,0.9865171774719835,0.9626158102632273,0.9865171774719835,0.9626158102632273,1.0,1,0.5918555208202885,61
1210,1,2986,2986,0,0,0,0,0.9865171774719836,0.9626158102632273,0.9865171774719836,0.9626158102632273,1.0,1,0.5838638373706725,61
1211,0,2986,2986,0,0,0,0,0.9869452035839842,0.9626158102632273,0.9869452035839842,0.9626158102632273,1.0,1,0.5692519549623669,63
1212,3,2989,2989,0,0,0,0,0.9679280216763482,0.9121506680699969,0.9679280216763482,0.9121506680699969,1.0,1,0.5657243257304325,63
1213,4,2993,2993,0,0,0,0,0.9627808192333449,0.8980518092043793,0.9627808192333449,0.8980518092043793,1.0,1,0.5619166048981569,63
1214,3,2996,2996,0,0,0,0,0.9335842643926834,0.8352889756938549,0.9335842643926834,0.8352889756938549,1.0,1,0.576122208858682,62
1215,2,2998,2998,0,0,0,0,0.937588530853634,0.842723097751158,0.937588530853634,0.842723097751158,1.0,1,0.5627810959041509,63
1216,2,3000,3000,0,0,0,0,0.909738824167961,0.7860475832129448,0.909738824167961,0.7860475832129448,1.0,1,0.5656026018425149,64
1217,4,3004,3004,0,0,0,0,0.9067660029814888,0.7755477849554362,0.9067660029814888,0.7755477849554362,1.0,1,0.5632101571988694,65
1218,2,3006,3006,0,0,0,0,0.9053092217780746,0.7755477849554362,0.9053092217780746,0.7755477849554362,1.0,1,0.5827213021409531,64
1219,6,3012,3012,0,0,0,0,0.9060331533839419,0.773783517405786,0.9060331533839419,0.773783517405786,1.0,1,0.5733810664419178,65
1220,5,3017,3017,0,0,0,0,0.904564921405566,0.773783517405786,0.904564921405566,0.773783517405786,1.0,1,0.5949369818315108,64
1221,5,3022,3022,0,0,0,0,0.9220027717648418,0.8050069294121045,0.9220027717648418,0.8050069294121045,1.0,1,0.5772253648425906,65
1222,2,3024,3024,0,0,0,0,0.923184547950223,0.8050069294121045,0.923184547950223,0.8050069294121045,1.0,1,0.5764921698421421,66
1223,7,3031,3031,0,0,0,0,0.9207840650736675,0.8050069294121045,0.9207840650736675,0.8050069294121045,1.0,1,0.5494841383270053,64
1224,3,3034,3034,0,0,0,0,0.923184547950223,0.8050069294121045,0.923184547950223,0.8050069294121045,1.0,1,0.5383851053172581,66
1225,3,3037,3037,0,0,0,0,0.910204324400754,0.7804994596462879,0.910204324400754,0.7804994596462879,1.0,1,0.5583268830228895,66
1226,4,3041,3041,0,0,0,0,0.895209527530238,0.7455088525734349,0.895209527530238,0.7455088525734349,1.0,1,0.5320242801648702,68
1227,3,3044,3044,0,0,0,0,0.9206439846195716,0.8046621159866378,0.9206439846195716,0.8046621159866378,1.0,1,0.544671497947175,64
1228,2,3046,3046,0,0,0,0,0.9180841131556868,0.8046621159866378,0.9180841131556868,0.8046621159866378,1.0,1,0.5667599756357096,62
1229,3,3049,3049,0,0,0,0,0.9349793398140135,0.8413495891461928,0.9349793398140135,0.8413495891461928,1.0,1,0.5909712183793338,61
1230,1,3050,3050,0,0,0,0,0.9484596831236526,0.875444234215494,0.9484596831236526,0.875444234215494,1.0,1,0.590365943827939,58
1231,2,3052,3052,0,0,0,0,0.947759069995242,0.8759277912386997,0.947759069995242,0.8759277912386997,1.0,1,0.599424626586176,57
1232,0,3052,3052,0,0,0,0,0.9835040968992073,0.9602598698026356,0.9835040968992073,0.9602598698026356,1.0,1,0.6211984550734819,53
1233,2,3054,3054,0,0,0,0,0.9835040968992071,0.9602598698026356,0.9835040968992071,0.9602598698026356,1.0,1,0.6408152027481044,53
1234,2,3056,3056,0,0,0,0,0.983809576586259,0.9602598698026356,0.983809576586259,0.9602598698026356,1.0,1,0.6280079457007534,54
1235,1,3057,3057,0,0,0,0,0.924883422233576,0.8347435289138673,0.924883422233576,0.8347435289138673,1.0,1,0.6337997175171505,55
1236,2,3059,3059,0,0,0,0,0.924883422233576,0.8347435289138673,0.924883422233576,0.8347435289138673,1.0,1,0.6234161838864979,55
1237,2,3061,3061,0,0,0,0,0.9253983840625276,0.8358764449375607,0.9253983840625276,0.8358764449375607,1.0,1,0.6179851332241679,55
1238,2,3063,3063,0,0,0,0,0.9684193242927276,0.9258540657307517,0.9684193242927276,0.9258540657307517,1.0,1,0.632801897726448,54
1239,2,3065,3065,0,0,0,0,0.9740159021353779,0.9378641138019909,0.9740159021353779,0.9378641138019909,1.0,1,0.6227087576387832,55
1240,3,3068,3068,0,0,0,0,0.9864705154596989,0.9661762886492473,0.9864705154596989,0.9661762886492473,1.0,1,0.6244929795662572,55
1241,1,3069,3069,0,0,0,0,1.0,1.0,1.0,1.0,1.0,1,0.6158616326184908,54
1242,2,3071,3071,0,0,0,0,1.0,1.0,1.0,1.0,1.0,1,0.6116189414460724,54
1243,2,3073,3073,0,0,0,0,1.0,1.0,1.0,1.0,1.0,1,0.6284269289224005,55
1244,6,3079,3079,0,0,0,0,1.0,1.0,1.0,1.0,1.0,1,0.6143665025305888,55
1245,3,3082,3082,0,0,0,0,1.0,1.0,1.0,1.0,1.0,1,0.6392894073475626,55
1246,4,3086,3086,0,0,0,0,0.9795072543796249,0.9509956082991031,0.9795072543796249,0.9509956082991031,1.0,1,0.6276875952973455,55
1247,3,3089,3089,0,0,0,0,0.9660914947744034,0.919467300089208,0.9660914947744034,0.919467300089208,1.0,1,0.6495010421379581,57
1248,3,3092,3092,0,0,0,0,0.9439594048623446,0.8744690668916519,0.9439594048623446,0.8744690668916519,1.0,1,0.6577847528174533,56
1249,4,3096,3096,0,0,0,0,0.9439594048623446,0.8744690668916519,0.9439594048623446,0.8744690668916519,1.0,1,0.652858663659898,56
1250,5,3101,3101,0,0,0,0,0.9439594048623446,0.8744690668916519,0.9439594048623446,0.8744690668916519,1.0,1,0.6234870576417161,56
1251,3,3104,3104,0,0,0,0,0.9317997906340559,0.8478610714144323,0.9317997906340559,0.8478610714144323,1.0,1,0.5969665540159631,58
1252,3,3107,3107,0,0,0,0,0.9317997906340559,0.8478610714144323,0.9317997906340559,0.8478610714144323,1.0,1,0.6048728648152337,58
1253,2,3109,3109,0,0,0,0,0.9317997906340559,0.8478610714144323,0.9317997906340559,0.8478610714144323,1.0,1,0.624962825321222,58
1254,2,3111,3111,0,0,0,0,0.8935000692979199,0.7717858627812568,0.8935000692979199,0.7717858627812568,1.0,1,0.5921619232492332,60
1255,2,3113,3113,0,0,0,0,0.8613706006604808,0.7181202213429775,0.8613706006604808,0.7181202213429775,1.0,1,0.5849218781761196,61
1256,2,3115,3115,0,0,0,0,0.8613706006604808,0.7181202213429775,0.8613706006604808,0.7181202213429775,1.0,1,0.5879325083524682,61
1257,0,3115,3115,0,0,0,0,0.863606558714344,0.7181202213429775,0.863606558714344,0.7181202213429775,1.0,1,0.574105458421288,62
1258,3,3118,3118,0,0,0,0,0.8504348176643198,0.6960449520274884,0.8504348176643198,0.6960449520274884,1.0,1,0.5814963212237878,63
1259,4,3122,3122,0,0,0,0,0.8504348176643197,0.6960449520274884,0.8504348176643197,0.6960449520274884,1.0,1,0.5741489986914481,63
1260,1,3123,3123,0,0,0,0,0.8504348176643197,0.6960449520274884,0.8504348176643197,0.6960449520274884,1.0,1,0.5765582727822436,63
1261,3,3126,3126,0,0,0,0,0.8504348176643197,0.6960449520274884,0.8504348176643197,0.6960449520274884,1.0,1,0.5898790655275712,63
1262,3,3129,3129,0,0,0,0,0.8391784636814492,0.6783569273628983,0.8391784636814492,0.6783569273628983,1.0,1,0.5927582692004502,64
1263,4,3133,3133,0,0,0,0,0.839113104690078,0.6832539248585913,0.839113104690078,0.6832539248585913,1.0,1,0.5868066589577179,63
1264,5,3138,3138,0,0,0,0,0.8746746250020964,0.7368167125044026,0.8746746250020964,0.7368167125044026,1.0,1,0.5902334884018745,63
1265,6,3144,3144,0,0,0,0,0.9007874525887966,0.7874016841188499,0.9007874525887966,0.7874016841188499,1.0,1,0.5965738508283592,60
1266,4,3148,3148,0,0,0,0,0.9317067615379695,0.8397735559160052,0.9317067615379695,0.8397735559160052,1.0,1,0.5725026069971437,61
1267,6,3154,3154,0,0,0,0,0.9306794022590147,0.845361743500879,0.9306794022590147,0.845361743500879,1.0,1,0.5672696930196748,58
1268,5,3159,3159,0,0,0,0,1.0,1.0,1.0,1.0,1.0,1,0.5737642111395532,54
1269,3,3162,3162,0,0,0,0,1.0,1.0,1.0,1.0,1.0,1,0.5658518108898423,54
1270,2,3164,3164,0,0,0,0,1.0,1.0,1.0,1.0,1.0,1,0.5640729648467157,51
1271,1,3165,3165,0,0,0,0,1.0,1.0,1.0,1.0,1.0,1,0.5862085004400539,50
1272,4,3169,3169,0,0,0,0,1.0,1.0,1.0,1.0,1.0,1,0.6100644671964028,47
1273,1,3170,3170,0,0,0,0,1.0,1.0,1.0,1.0,1.0,1,0.6145605354051287,47
1274,4,3174,3174,0,0,0,0,1.0,1.0,1.0,1.0,1.0,1,0.6487652191113258,49
1275,2,3176,3176,0,0,0,0,1.0,1.0,1.0,1.0,1.0,1,0.6770862741618071,48
1276,4,3180,3180,0,0,0,0,1.0,1.0,1.0,1.0,1.0,1,0.6415506187578883,49
1277,2,3182,3182,0,0,0,0,1.0,1.0,1.0,1.0,1.0,1,0.6294605336882753,50
1278,4,3186,3186,0,0,0,0,1.0,1.0,1.0,1.0,1.0,1,0.6242244580103922,51
1279,4,3190,3190,0,0,0,0,1.0,1.0,1.0,1.0,1.0,1,0.6437677626337659,51
1280,1,3191,3191,0,0,0,0,1.0,1.0,1.0,1.0,1.0,1,0.6177413884834052,52
1281,4,3195,3195,0,0,0,0,0.9846847587391893,0.9653742371494712,0.9846847587391893,0.9653742371494712,1.0,1,0.6237371672007365,52
1282,3,3198,3198,0,0,0,0,0.9439814881819719,0.8834814954185015,0.9439814881819719,0.8834814954185015,1.0,1,0.6124912058803963,52
1283,1,3199,3199,0,0,0,0,0.943981488181972,0.8834814954185015,0.943981488181972,0.8834814954185015,1.0,1,0.61629013259654,52
1284,2,3201,3201,0,0,0,0,0.9255635579506657,0.8511271159013315,0.9255635579506657,0.8511271159013315,1.0,1,0.6249586691828664,52
1285,0,3201,3201,0,0,0,0,0.9056524452485702,0.8217879521361883,0.9056524452485702,0.8217879521361883,1.0,1,0.6452924380499212,51
1286,0,3201,3201,0,0,0,0,0.8871029693704494,0.7903340859736917,0.8871029693704494,0.7903340859736917,1.0,1,0.6452924380499212,52
1287,2,3203,3203,0,0,0,0,0.8588236867445208,0.7458826361401373,0.8588236867445208,0.7458826361401373,1.0,1,0.6541305874570763,54
1288,2,3205,3205,0,0,0,0,0.8780663485822736,0.7687465231732776,0.8780663485822736,0.7687465231732776,1.0,1,0.6439987782386872,55
1289,3,3208,3208,0,0,0,0,0.9146645161639089,0.8230078853769962,0.9146645161639089,0.8230078853769962,1.0,1,0.6065743957872629,56
1290,4,3212,3212,0,0,0,0,0.9388135928771857,0.865860568999984,0.9388135928771857,0.865860568999984,1.0,1,0.5938629044919852,57
1291,7,3219,3219,0,0,0,0,0.9551683523399848,0.8959905774287645,0.9551683523399848,0.8959905774287645,1.0,1,0.6033262156883346,58
1292,3,3222,3222,0,0,0,0,0.9934186737801541,0.9831174675230044,0.9934186737801541,0.9831174675230044,1.0,1,0.5860449378705813,59
1293,5,3227,3227,0,0,0,0,1.0,1.0,1.0,1.0,1.0,1,0.5814835845389186,59
1294,4,3231,3231,0,0,0,0,0.995203762338539,0.9876966077379914,0.995203762338539,0.9876966077379914,1.0,1,0.5659286676802384,59
1295,2,3233,3233,0,0,0,0,0.995203762338539,0.9876966077379914,0.995203762338539,0.9876966077379914,1.0,1,0.5617006526229643,59
1296,3,3236,3236,0,0,0,0,0.9771473654148566,0.9438206066448557,0.9771473654148566,0.9438206066448557,1.0,1,0.584087968649533,59
1297,2,3238,3238,0,0,0,0,0.9735654067162857,0.9328120754038925,0.9735654067162857,0.9328120754038925,1.0,1,0.5778063276837805,61
1298,2,3240,3240,0,0,0,0,0.9570070453346028,0.8950971906164306,0.9570070453346028,0.8950971906164306,1.0,1,0.5849586962526634,61
1299,8,3248,3248,0,0,0,0,0.9509103343985574,0.882184802556538,0.9509103343985574,0.882184802556538,1.0,1,0.6034483010366286,60
1300,1,3249,3249,0,0,0,0,0.9500783061680246,0.882184802556538,0.9500783061680246,0.882184802556538,1.0,1,0.6102150191918516,59
1301,5,3254,3254,0,0,0,0,0.9500783061680246,0.882184802556538,0.9500783061680246,0.882184802556538,1.0,1,0.6191567483011862,59
1302,1,3255,3255,0,0,0,0,0.9500783061680246,0.882184802556538,0.9500783061680246,0.882184802556538,1.0,1,0.6378739692738283,59
1303,4,3259,3259,0,0,0,0,0.9833576286952832,0.9602030251408946,0.9833576286952832,0.9602030251408946,1.0,1,0.6532841148111949,55
1304,6,3265,3265,0,0,0,0,0.9836548138971531,0.9602030251408946,0.9836548138971531,0.9602030251408946,1.0,1,0.625651248783436,56
1305,8,3273,3273,0,0,0,0,0.9565742352316009,0.9022920292711021,0.9565742352316009,0.9022920292711021,1.0,1,0.6365351397395255,54
1306,0,3273,3273,0,0,0,0,0.9734139668052504,0.9387365322034033,0.9734139668052504,0.9387365322034033,1.0,1,0.6365351397395255,53
1307,5,3278,3278,0,0,0,0,0.9762900803016259,0.9463949641601975,0.9762900803016259,0.9463949641601975,1.0,1,0.6147638749803215,52
1308,5,3283,3283,0,0,0,0,0.9549213106341591,0.9023295063740114,0.9549213106341591,0.9023295063740114,1.0,1,0.5998811645281757,52
1309,3,3286,3286,0,0,0,0,0.9397943227943342,0.8699557372357616,0.9397943227943342,0.8699557372357616,1.0,1,0.587646983582624,54
1310,1,3287,3287,0,0,0,0,0.9622929001474796,0.9183012836528723,0.9622929001474796,0.9183012836528723,1.0,1,0.6086036914537376,52
1311,2,3289,3289,0,0,0,0,0.9610027360028841,0.9171308140061291,0.9610027360028841,0.9171308140061291,1.0,1,0.6095682482412299,51
1312,2,3291,3291,0,0,0,0,0.9842464429094898,0.9664380740245652,0.9842464429094898,0.9664380740245652,1.0,1,0.644085102090888,49
1313,1,3292,3292,0,0,0,0,1.0,1.0,1.0,1.0,1.0,1,0.6491400559665995,47
1314,2,3294,3294,0,0,0,0,1.0,1.0,1.0,1.0,1.0,1,0.6340627275647557,46
1315,0,3294,3294,0,0,0,0,1.0,1.0,1.0,1.0,1.0,1,0.6508378839121767,45
1316,5,3299,3299,0,0,0,0,1.0,1.0,1.0,1.0,1.0,1,0.608741774020502,46
1317,1,3300,3300,0,0,0,0,1.0,1.0,1.0,1.0,1.0,1,0.5976608422930646,45
1318,3,3303,3303,0,0,0,0,1.0,1.0,1.0,1.0,1.0,1,0.5974609466030371,46
1319,1,3304,3304,0,0,0,0,1.0,1.0,1.0,1.0,1.0,1,0.5808250268448835,46
1320,2,3306,3306,0,0,0,0,1.0,1.0,1.0,1.0,1.0,1,0.5638891972018784,46
1321,3,3309,3309,0,0,0,0,1.0,1.0,1.0,1.0,1.0,1,0.5455541282331222,48
1322,2,3311,3311,0,0,0,0,1.0,1.0,1.0,1.0,1.0,1,0.5448116423781095,49
1323,3,3314,3314,0,0,0,0,1.0,1.0,1.0,1.0,1.0,1,0.5378525594230151,49
1324,1,3315,3315,0,0,0,0,1.0,1.0,1.0,1.0,1.0,1,0.5537398317647432,50
1325,3,3318,3318,0,0,0,0,1.0,1.0,1.0,1.0,1.0,1,0.5506639504780507,49
1326,2,3320,3320,0,0,0,0,1.0,1.0,1.0,1.0,1.0,1,0.5661943589423659,50
1327,1,3321,3321,0,0,0,0,1.0,1.0,1.0,1.0,1.0,1,0.5827974518060811,50
1328,1,3322,3322,0,0,0,0,1.0,1.0,1.0,1.0,1.0,1,0.6259423703022368,49
1329,0,3322,3322,0,0,0,0,1.0,1.0,1.0,1.0,1.0,1,0.6223061784118845,50
1330,3,3325,3325,0,0,0,0,1.0,1.0,1.0,1.0,1.0,1,0.6530380640398231,50
1331,1,3326,3326,0,0,0,0,1.0,1.0,1.0,1.0,1.0,1,0.6663577484227049,50
1332,1,3327,3327,0,0,0,0,1.0,1.0,1.0,1.0,1.0,1,0.6385364043399052,51
1333,4,3331,3331,0,0,0,0,1.0,1.0,1.0,1.0,1.0,1,0.6182569605452716,52
1334,2,3333,3333,0,0,0,0,0.9988123397309914,0.996946016451121,0.9988123397309914,0.996946016451121,1.0,1,0.6366551940233017,54
1335,4,3337,3337,0,0,0,0,0.9806588681592255,0.9525263127544629,0.9806588681592255,0.9525263127544629,1.0,1,0.6597692585113797,54
1336,3,3340,3340,0,0,0,0,0.9420314072075976,0.8647399501510612,0.9420314072075976,0.8647399501510612,1.0,1,0.6296973665450262,56
1337,3,3343,3343,0,0,0,0,0.9031814037563947,0.7877438466967112,0.9031814037563947,0.7877438466967112,1.0,1,0.6298003713823825,57
1338,2,3345,3345,0,0,0,0,0.8889456701961577,0.7655519704141107,0.8889456701961577,0.7655519704141107,1.0,1,0.6247553791117774,57
1339,7,3352,3352,0,0,0,0,0.9257205685002394,0.8276717189205555,0.9257205685002394,0.8276717189205555,1.0,1,0.6037724069759327,58
1340,2,3354,3354,0,0,0,0,0.9075377467363681,0.7901818099017583,0.9075377467363681,0.7901818099017583,1.0,1,0.6015503516207751,59
1341,4,3358,3358,0,0,0,0,0.957784313372749,0.8953785157498559,0.957784313372749,0.8953785157498559,1.0,1,0.5990014805087477,57
1342,4,3362,3362,0,0,0,0,0.989703715910386,0.9720529431853333,0.989703715910386,0.9720529431853333,1.0,1,0.6045022163247762,57
1343,1,3363,3363,0,0,0,0,1.0,1.0,1.0,1.0,1.0,1,0.6014285546574474,55
1344,4,3367,3367,0,0,0,0,1.0,1.0,1.0,1.0,1.0,1,0.5893486511311585,54
1345,2,3369,3369,0,0,0,0,1.0,1.0,1.0,1.0,1.0,1,0.5941883417660752,53
1346,3,3372,3372,0,0,0,0,1.0,1.0,1.0,1.0,1.0,1,0.595615774175511,53
1347,2,3374,3374,0,0,0,0,1.0,1.0,1.0,1.0,1.0,1,0.6027513495350415,51
1348,0,3374,3374,0,0,0,0,1.0,1.0,1.0,1.0,1.0,1,0.6103553640380425,52
1349,3,3377,3377,0,0,0,0,1.0,1.0,1.0,1.0,1.0,1,0.6036724447088921,50
1350,1,3378,3378,0,0,0,0,1.0,1.0,1.0,1.0,1.0,1,0.6121028719333533,51
1351,2,3380,3380,0,0,0,0,0.9855269230379465,0.9655402929474919,0.9855269230379465,0.9655402929474919,1.0,1,0.6280450856415831,50
1352,4,3384,3384,0,0,0,0,0.9855269230379465,0.9655402929474919,0.9855269230379465,0.9655402929474919,1.0,1,0.6659534758293325,50
1353,2,3386,3386,0,0,0,0,0.9855269230379465,0.9655402929474919,0.9855269230379465,0.9655402929474919,1.0,1,0.6745913659823367,50
1354,3,3389,3389,0,0,0,0,0.9674329433636566,0.9245036414339312,0.9674329433636566,0.9245036414339312,1.0,1,0.6775130767283273,51
1355,1,3390,3390,0,0,0,0,0.9522240799351093,0.8899076624591649,0.9522240799351093,0.8899076624591649,1.0,1,0.6547863548162147,53
1356,2,3392,3392,0,0,0,0,0.9504607046992661,0.8879981149722539,0.9504607046992661,0.8879981149722539,1.0,1,0.6527530884419044,52
1357,2,3394,3394,0,0,0,0,0.9504607046992661,0.8879981149722539,0.9504607046992661,0.8879981149722539,1.0,1,0.6638402921197358,52
1358,3,3397,3397,0,0,0,0,0.9513954083841858,0.8879981149722539,0.9513954083841858,0.8879981149722539,1.0,1,0.6575671320573144,53
1359,1,3398,3398,0,0,0,0,0.9318307946095536,0.8466192878714957,0.9318307946095536,0.8466192878714957,1.0,1,0.6508317474496652,54
1360,2,3400,3400,0,0,0,0,0.9199573027220393,0.8239060659884866,0.9199573027220393,0.8239060659884866,1.0,1,0.626534695122267,55
1361,0,3400,3400,0,0,0,0,0.9199573027220393,0.8239060659884866,0.9199573027220393,0.8239060659884866,1.0,1,0.626534695122267,55
1362,2,3402,3402,0,0,0,0,0.921386636602003,0.8239060659884866,0.921386636602003,0.8239060659884866,1.0,1,0.6133639364481799,56
1363,1,3403,3403,0,0,0,0,0.9213866366020029,0.8239060659884866,0.9213866366020029,0.8239060659884866,1.0,1,0.6204893847102892,56
1364,4,3407,3407,0,0,0,0,0.9773092695225756,0.9432731738064389,0.9773092695225756,0.9432731738064389,1.0,1,0.6366270622501355,55
1365,2,3409,3409,0,0,0,0,0.9589997488698376,0.9001733015961263,0.9589997488698376,0.9001733015961263,1.0,1,0.6465477752217034,56
1366,4,3413,3413,0,0,0,0,0.9886310929783506,0.971698207532432,0.9886310929783506,0.971698207532432,1.0,1,0.6434427838965426,57
1367,4,3417,3417,0,0,0,0,0.9698652898967485,0.9219237056415757,0.9698652898967485,0.9219237056415757,1.0,1,0.6499956509720558,57
1368,2,3419,3419,0,0,0,0,0.9670144866742613,0.9219866706918922,0.9670144866742613,0.9219866706918922,1.0,1,0.6463884039811161,58
1369,6,3425,3425,0,0,0,0,0.956813933303458,0.8892183506480009,0.956813933303458,0.8892183506480009,1.0,1,0.6264146914426492,59
1370,4,3429,3429,0,0,0,0,0.9571860334991462,0.8883113917369031,0.9571860334991462,0.8883113917369031,1.0,1,0.6004849314095396,60
1371,6,3435,3435,0,0,0,0,0.959823709412474,0.8969390806667811,0.959823709412474,0.8969390806667811,1.0,1,0.6063460191132414,59
1372,3,3438,3438,0,0,0,0,0.9417912353302451,0.8569034535201858,0.9417912353302451,0.8569034535201858,1.0,1,0.606084402643935,59
1373,4,3442,3442,0,0,0,0,0.9417912353302451,0.8569034535201858,0.9417912353302451,0.8569034535201858,1.0,1,0.5816044410019295,59
1374,4,3446,3446,0,0,0,0,0.9168659610254692,0.8038036680201074,0.9168659610254692,0.8038036680201074,1.0,1,0.5872078520683646,59
1375,2,3448,3448,0,0,0,0,0.8855290546624853,0.7371407921879294,0.8855290546624853,0.7371407921879294,1.0,1,0.567405466376139,62
1376,1,3449,3449,0,0,0,0,0.8836524817880999,0.7371407921879294,0.8836524817880999,0.7371407921879294,1.0,1,0.5766768005606001,61
1377,1,3450,3450,0,0,0,0,0.872501328959274,0.7131279901583666,0.872501328959274,0.7131279901583666,1.0,1,0.5460874395256349,63
1378,2,3452,3452,0,0,0,0,0.8873693080154886,0.7413665591466774,0.8873693080154886,0.7413665591466774,1.0,1,0.5276049467731506,62
1379,5,3457,3457,0,0,0,0,0.8942243061621249,0.7518339490726775,0.8942243061621249,0.7518339490726775,1.0,1,0.534627907114212,61
1380,1,3458,3458,0,0,0,0,0.9063026756434593,0.7751264215443023,0.9063026756434593,0.7751264215443023,1.0,1,0.5371286004131406,60
1381,5,3463,3463,0,0,0,0,0.9213842273649946,0.8100118827987371,0.9213842273649946,0.8100118827987371,1.0,1,0.5354287401864924,58
1382,3,3466,3466,0,0,0,0,0.9454399338267381,0.8611198315589698,0.9454399338267381,0.8611198315589698,1.0,1,0.5434152642664142,56
1383,8,3474,3474,0,0,0,0,0.9463971279701286,0.8611198315589698,0.9463971279701286,0.8611198315589698,1.0,1,0.5830169704252864,57
1384,3,3477,3477,0,0,0,0,0.9690319772370601,0.9188932737161097,0.9690319772370601,0.9188932737161097,1.0,1,0.5943838575267925,55
1385,4,3481,3481,0,0,0,0,0.96903197723706,0.9188932737161097,0.96903197723706,0.9188932737161097,1.0,1,0.6026366509800156,55
1386,2,3483,3483,0,0,0,0,0.9563711566150319,0.8929110207823511,0.9563711566150319,0.8929110207823511,1.0,1,0.6167732562995676,54
1387,2,3485,3485,0,0,0,0,0.9555479708907872,0.8929110207823511,0.9555479708907872,0.8929110207823511,1.0,1,0.6104647358577009,53
1388,2,3487,3487,0,0,0,0,0.9546931241771486,0.8929110207823511,0.9546931241771486,0.8929110207823511,1.0,1,0.6510526097014281,52
1389,1,3488,3488,0,0,0,0,0.9359240068791211,0.8551325372919258,0.9359240068791211,0.8551325372919258,1.0,1,0.6652227585798917,52
1390,0,3488,3488,0,0,0,0,0.9346676148571431,0.8551325372919258,0.9346676148571431,0.8551325372919258,1.0,1,0.6691936286817145,51
1391,0,3488,3488,0,0,0,0,0.9176742884855138,0.8216276250519464,0.9176742884855138,0.8216276250519464,1.0,1,0.6691936286817145,52
1392,1,3489,3489,0,0,0,0,0.9140416937828073,0.8173385992884655,0.9140416937828073,0.8173385992884655,1.0,1,0.6692478398848092,51
1393,0,3489,3489,0,0,0,0,0.9140416937828073,0.8173385992884655,0.9140416937828073,0.8173385992884655,1.0,1,0.6692478398848092,51
1394,1,3490,3490,0,0,0,0,0.893473327687622,0.7784245215902539,0.893473327687622,0.7784245215902539,1.0,1,0.685619139420705,52
1395,1,3491,3491,0,0,0,0,0.893473327687622,0.7784245215902539,0.893473327687622,0.7784245215902539,1.0,1,0.6935402348054371,52
1396,2,3493,3493,0,0,0,0,0.8954832649010631,0.7784245215902539,0.8954832649010631,0.7784245215902539,1.0,1,0.6848753627361481,53
1397,1,3494,3494,0,0,0,0,0.8829714013932068,0.7479384030007531,0.8829714013932068,0.7479384030007531,1.0,1,0.681990190583145,56
1398,2,3496,3496,0,0,0,0,0.852227582576709,0.7044551651534183,0.852227582576709,0.7044551651534183,1.0,1,0.6825384148408135,56
1399,3,3499,3499,0,0,0,0,0.8548200811279949,0.7044551651534183,0.8548200811279949,0.7044551651534183,1.0,1,0.673871290993934,57
1400,4,3503,3503,0,0,0,0,0.8162561972223191,0.6508867747224063,0.8162561972223191,0.6508867747224063,1.0,1,0.6558557641336039,57
1401,0,3503,3503,0,0,0,0,0.8162561972223191,0.6508867747224063,0.8162561972223191,0.6508867747224063,1.0,1,0.6558557641336039,57
1402,4,3507,3507,0,0,0,0,0.7966838423450163,0.6261606133440621,0.7966838423450163,0.6261606133440621,1.0,1,0.6483802289367795,57
1403,1,3508,3508,0,0,0,0,0.7930531966726059,0.6261606133440621,0.7930531966726059,0.6261606133440621,1.0,1,0.6398845015860342,56
1404,4,3512,3512,0,0,0,0,0.7863930977145052,0.6128374896075407,0.7863930977145052,0.6128374896075407,1.0,1,0.598245071836942,58
1405,1,3513,3513,0,0,0,0,0.7687380656947846,0.593539630615076,0.7687380656947846,0.593539630615076,1.0,1,0.5962420373578684,58
1406,2,3515,3515,0,0,0,0,0.7687380656947846,0.593539630615076,0.7687380656947846,0.593539630615076,1.0,1,0.5906813422212097,58
1407,0,3515,3515,0,0,0,0,0.7646808387771492,0.593539630615076,0.7646808387771492,0.593539630615076,1.0,1,0.5938793898440935,57
1408,1,3516,3516,0,0,0,0,0.7511869589212721,0.5755542240421699,0.7511869589212721,0.5755542240421699,1.0,1,0.5654720979314287,58
1409,0,3516,3516,0,0,0,0,0.7468218178497154,0.5755542240421699,0.7468218178497154,0.5755542240421699,1.0,1,0.5774362191539285,57
1410,1,3517,3517,0,0,0,0,0.7468218178497154,0.5755542240421699,0.7468218178497154,0.5755542240421699,1.0,1,0.5973774402834325,57
1411,1,3518,3518,0,0,0,0,0.742300778882746,0.5755542240421699,0.742300778882746,0.5755542240421699,1.0,1,0.5970559003421912,56
1412,1,3519,3519,0,0,0,0,0.7376153384987958,0.5755542240421699,0.7376153384987958,0.5755542240421699,1.0,1,0.6377060827322565,55
1413,2,3521,3521,0,0,0,0,0.7697759640858509,0.6023403016028334,0.7697759640858509,0.6023403016028334,1.0,1,0.6353965305640881,57
1414,2,3523,3523,0,0,0,0,0.7902937743987404,0.6264607856477563,0.7902937743987404,0.6264607856477563,1.0,1,0.6554496590656986,57
1415,3,3526,3526,0,0,0,0,0.7956998198967512,0.6169371623064085,0.7956998198967512,0.6169371623064085,1.0,1,0.6692171009489115,60
1416,5,3531,3531,0,0,0,0,0.8348830853052085,0.6642622734539241,0.8348830853052085,0.6642622734539241,1.0,1,0.6383841951660696,61
1417,6,3537,3537,0,0,0,0,0.8730762558212438,0.7226481145723478,0.8730762558212438,0.7226481145723478,1.0,1,0.609687647493027,59
1418,3,3540,3540,0,0,0,0,0.9127178071506553,0.790522737161573,0.9127178071506553,0.790522737161573,1.0,1,0.6131281584850631,60
1419,5,3545,3545,0,0,0,0,0.9476899365461727,0.865813315488008,0.9476899365461727,0.865813315488008,1.0,1,0.5868661240776271,59
1420,2,3547,3547,0,0,0,0,0.9648336336820384,0.9072886706162833,0.9648336336820384,0.9072886706162833,1.0,1,0.590535675254567,58
1421,4,3551,3551,0,0,0,0,0.9853142453532652,0.9601386659588627,0.9853142453532652,0.9601386659588627,1.0,1,0.5593995108731363,57
1422,2,3553,3553,0,0,0,0,1.0,1.0,1.0,1.0,1.0,1,0.568745584673376,57
1423,3,3556,3556,0,0,0,0,1.0,1.0,1.0,1.0,1.0,1,0.5701046879630047,56
1424,2,3558,3558,0,0,0,0,1.0,1.0,1.0,1.0,1.0,1,0.5678193004488836,57
1425,5,3563,3563,0,0,0,0,1.0,1.0,1.0,1.0,1.0,1,0.5815625230414205,54
1426,2,3565,3565,0,0,0,0,0.9779967171317103,0.9434201297672551,0.9779967171317103,0.9434201297672551,1.0,1,0.6046410784827954,54
1427,1,3566,3566,0,0,0,0,0.9631963672604138,0.9113367029455421,0.9631963672604138,0.9113367029455421,1.0,1,0.6040495885716176,53
1428,5,3571,3571,0,0,0,0,0.9422778815718422,0.8694978192059044,0.9422778815718422,0.8694978192059044,1.0,1,0.5687764894669117,52
1429,6,3577,3577,0,0,0,0,0.9422778815718422,0.8694978192059044,0.9422778815718422,0.8694978192059044,1.0,1,0.5913159899825536,52
1430,2,3579,3579,0,0,0,0,0.9411460753281529,0.8694978192059044,0.9411460753281529,0.8694978192059044,1.0,1,0.5777971842275297,51
1431,9,3588,3588,0,0,0,0,0.9411460753281529,0.8694978192059044,0.9411460753281529,0.8694978192059044,1.0,1,0.5851068705391439,51
1432,2,3590,3590,0,0,0,0,0.9422778815718422,0.8694978192059044,0.9422778815718422,0.8694978192059044,1.0,1,0.6058960017256411,52
1433,3,3593,3593,0,0,0,0,0.9422778815718422,0.8694978192059044,0.9422778815718422,0.8694978192059044,1.0,1,0.5852205696413973,52
1434,3,3596,3596,0,0,0,0,0.9190165784111891,0.8245359198909101,0.9190165784111891,0.8245359198909101,1.0,1,0.5899436302314638,52
1435,6,3602,3602,0,0,0,0,0.9157772415476368,0.8245359198909101,0.9157772415476368,0.8245359198909101,1.0,1,0.6082251548374209,50
1436,3,3605,3605,0,0,0,0,0.9157772415476368,0.8245359198909101,0.9157772415476368,0.8245359198909101,1.0,1,0.6269581746798343,50
1437,2,3607,3607,0,0,0,0,0.9140584097424866,0.8245359198909101,0.9140584097424866,0.8245359198909101,1.0,1,0.6174888670593243,49
1438,7,3614,3614,0,0,0,0,0.8927773772996284,0.7898436595072716,0.8927773772996284,0.7898436595072716,1.0,1,0.6421847227607106,49
1439,5,3619,3619,0,0,0,0,0.9137962823265435,0.8204089215136325,0.9137962823265435,0.8204089215136325,1.0,1,0.632250847946497,50
1440,3,3622,3622,0,0,0,0,0.8808869956261677,0.7709365300503226,0.8808869956261677,0.7709365300503226,1.0,1,0.6094714981498064,50
1441,3,3625,3625,0,0,0,0,0.883222544731537,0.7709365300503226,0.883222544731537,0.7709365300503226,1.0,1,0.5964504056937087,51
1442,4,3629,3629,0,0,0,0,0.8405068978148574,0.7151908889551026,0.8405068978148574,0.7151908889551026,1.0,1,0.6064993611649553,50
1443,1,3630,3630,0,0,0,0,0.8436342135439778,0.7151908889551026,0.8436342135439778,0.7151908889551026,1.0,1,0.6041446124611753,51
1444,0,3630,3630,0,0,0,0,0.8436342135439778,0.7151908889551026,0.8436342135439778,0.7151908889551026,1.0,1,0.6041446124611753,51
1445,2,3632,3632,0,0,0,0,0.8436342135439778,0.7151908889551026,0.8436342135439778,0.7151908889551026,1.0,1,0.6288391695878818,51
1446,3,3635,3635,0,0,0,0,0.8436342135439778,0.7151908889551026,0.8436342135439778,0.7151908889551026,1.0,1,0.6147682729026785,51
1447,4,3639,3639,0,0,0,0,0.8854141253498551,0.7752353997247157,0.8854141253498551,0.7752353997247157,1.0,1,0.6399351179526792,51
1448,2,3641,3641,0,0,0,0,0.90701408261811,0.8103087285409446,0.90701408261811,0.8103087285409446,1.0,1,0.649771933683735,51
1449,4,3645,3645,0,0,0,0,0.8912204631825948,0.7866247547043207,0.8912204631825948,0.7866247547043207,1.0,1,0.6156546646034018,51
1450,2,3647,3647,0,0,0,0,0.8741071013820044,0.7575396026616381,0.8741071013820044,0.7575396026616381,1.0,1,0.5840289967177937,52
1451,0,3647,3647,0,0,0,0,0.8571804535156801,0.7245623032088117,0.8571804535156801,0.7245623032088117,1.0,1,0.5682742785640192,54
1452,2,3649,3649,0,0,0,0,0.8270523606815136,0.677164406605492,0.8270523606815136,0.677164406605492,1.0,1,0.572670703025521,56
1453,0,3649,3649,0,0,0,0,0.8270523606815136,0.677164406605492,0.8270523606815136,0.677164406605492,1.0,1,0.561729203443885,56
1454,2,3651,3651,0,0,0,0,0.798026366397896,0.6339227890961864,0.798026366397896,0.6339227890961864,1.0,1,0.5845638174028215,58
1455,3,3654,3654,0,0,0,0,0.8064751201361764,0.6566494066932161,0.8064751201361764,0.6566494066932161,1.0,1,0.5967330589310483,55
1456,4,3658,3658,0,0,0,0,0.7921276272776431,0.6362233477358755,0.7921276272776431,0.6362233477358755,1.0,1,0.6364953966158575,56
1457,3,3661,3661,0,0,0,0,0.8011657117320659,0.6536434978558566,0.8011657117320659,0.6536434978558566,1.0,1,0.6702943244617927,54
1458,3,3664,3664,0,0,0,0,0.8304756584868956,0.6960253186661577,0.8304756584868956,0.6960253186661577,1.0,1,0.6895217562238943,52
1459,2,3666,3666,0,0,0,0,0.8304756584868956,0.6960253186661577,0.8304756584868956,0.6960253186661577,1.0,1,0.6814715297885442,52
1460,6,3672,3672,0,0,0,0,0.8239666707189691,0.6964942598602917,0.8239666707189691,0.6964942598602917,1.0,1,0.6896942277666994,50
1461,1,3673,3673,0,0,0,0,0.8120481965940904,0.667951813982893,0.8120481965940904,0.667951813982893,1.0,1,0.666087848484412,53
1462,4,3677,3677,0,0,0,0,0.8413813678301963,0.7110874914050004,0.8413813678301963,0.7110874914050004,1.0,1,0.67631642872567,51
1463,3,3680,3680,0,0,0,0,0.8380088789391831,0.7049447437820836,0.8380088789391831,0.7049447437820836,1.0,1,0.6809064870691618,51
1464,5,3685,3685,0,0,0,0,0.859073764314134,0.7338059992600307,0.859073764314134,0.7338059992600307,1.0,1,0.6847837830178365,51
1465,3,3688,3688,0,0,0,0,0.8898803223309666,0.7841654317686945,0.8898803223309666,0.7841654317686945,1.0,1,0.6794234782755132,49
1466,6,3694,3694,0,0,0,0,0.8892222261147913,0.7828755631849912,0.8892222261147913,0.7828755631849912,1.0,1,0.6719023404763808,49
1467,4,3698,3698,0,0,0,0,0.9312215957128647,0.859452826021941,0.9312215957128647,0.859452826021941,1.0,1,0.67925453559266,47
1468,4,3702,3702,0,0,0,0,0.9405198486342728,0.875867510193265,0.9405198486342728,0.875867510193265,1.0,1,0.6639892217614649,48
1469,4,3706,3706,0,0,0,0,0.9547538744990033,0.9033378227933253,0.9547538744990033,0.9033378227933253,1.0,1,0.6750253980580635,47
1470,1,3707,3707,0,0,0,0,0.956600655131697,0.9033378227933253,0.956600655131697,0.9033378227933253,1.0,1,0.6509823258888073,49
1471,0,3707,3707,0,0,0,0,0.9556965021136073,0.9033378227933253,0.9556965021136073,0.9033378227933253,1.0,1,0.6626331442812272,48
1472,1,3708,3708,0,0,0,0,0.9556965021136073,0.9033378227933253,0.9556965021136073,0.9033378227933253,1.0,1,0.6483937471200708,48
1473,1,3709,3709,0,0,0,0,0.961973605380327,0.915304848347092,0.961973605380327,0.915304848347092,1.0,1,0.6488078409885295,49
1474,1,3710,3710,0,0,0,0,0.9619736053803271,0.915304848347092,0.9619736053803271,0.915304848347092,1.0,1,0.6413874591784581,49
1475,1,3711,3711,0,0,0,0,0.9619736053803271,0.915304848347092,0.9619736053803271,0.915304848347092,1.0,1,0.6330383679443032,49
1476,3,3714,3714,0,0,0,0,0.942951436060392,0.8735010103947823,0.942951436060392,0.8735010103947823,1.0,1,0.5978457864596801,51
1477,1,3715,3715,0,0,0,0,0.942951436060392,0.8735010103947823,0.942951436060392,0.8735010103947823,1.0,1,0.6137185939172856,51
1478,4,3719,3719,0,0,0,0,0.9440485238284614,0.8735010103947823,0.9440485238284614,0.8735010103947823,1.0,1,0.5945275379277649,52
1479,2,3721,3721,0,0,0,0,0.9260715548133949,0.8367413502129138,0.9260715548133949,0.8367413502129138,1.0,1,0.5854241708941663,53
1480,3,3724,3724,0,0,0,0,0.9044215239647502,0.7973736308052705,0.9044215239647502,0.7973736308052705,1.0,1,0.5470911577289002,53
1481,0,3724,3724,0,0,0,0,0.9044215239647502,0.7973736308052705,0.9044215239647502,0.7973736308052705,1.0,1,0.5470911577289002,53
1482,3,3727,3727,0,0,0,0,0.9025834763486877,0.7973736308052705,0.9025834763486877,0.7973736308052705,1.0,1,0.5543973485966779,52
1483,3,3730,3730,0,0,0,0,0.9025834763486877,0.7973736308052705,0.9025834763486877,0.7973736308052705,1.0,1,0.5840726213661512,52
1484,2,3732,3732,0,0,0,0,0.887241438076523,0.7701460083867584,0.887241438076523,0.7701460083867584,1.0,1,0.6071666464319897,53
1485,2,3734,3734,0,0,0,0,0.887241438076523,0.7701460083867584,0.887241438076523,0.7701460083867584,1.0,1,0.6444692280844051,53
1486,1,3735,3735,0,0,0,0,0.8685856024533991,0.7371712049067981,0.8685856024533991,0.7371712049067981,1.0,1,0.6462719742387625,54
1487,1,3736,3736,0,0,0,0,0.8564581896457188,0.7180428725183763,0.8564581896457188,0.7180428725183763,1.0,1,0.6365159615586214,55
1488,4,3740,3740,0,0,0,0,0.8664865453494139,0.7282047530327356,0.8664865453494139,0.7282047530327356,1.0,1,0.6349420247557229,57
1489,6,3746,3746,0,0,0,0,0.8995454456637538,0.7759090710960664,0.8995454456637538,0.7759090710960664,1.0,1,0.6146015312450348,58
1490,2,3748,3748,0,0,0,0,0.8995454456637538,0.7759090710960664,0.8995454456637538,0.7759090710960664,1.0,1,0.6175088713915866,58
1491,5,3753,3753,0,0,0,0,0.9448740897457757,0.8644821372916988,0.9448740897457757,0.8644821372916988,1.0,1,0.6218490743948754,59
1492,6,3759,3759,0,0,0,0,0.9791043037347721,0.9439615418341615,0.9791043037347721,0.9439615418341615,1.0,1,0.6188042035286497,59
1493,3,3762,3762,0,0,0,0,0.98356485007265,0.9600805270249212,0.98356485007265,0.9600805270249212,1.0,1,0.6251488228142634,58
1494,4,3766,3766,0,0,0,0,0.9852983496064158,0.959395441770101,0.9852983496064158,0.959395441770101,1.0,1,0.6247327332279218,58
1495,3,3769,3769,0,0,0,0,0.9857434634610971,0.9613036865372636,0.9857434634610971,0.9613036865372636,1.0,1,0.6148528124092831,57
1496,0,3769,3769,0,0,0,0,0.9845066776568067,0.9564711419881713,0.9845066776568067,0.9564711419881713,1.0,1,0.5973677921997758,59
1497,2,3771,3771,0,0,0,0,0.9981818662290534,0.9947274120642545,0.9981818662290534,0.9947274120642545,1.0,1,0.5973949895625069,58
1498,1,3772,3772,0,0,0,0,0.9981818662290532,0.9947274120642545,0.9981818662290532,0.9947274120642545,1.0,1,0.5947549480696176,58
1499,4,3776,3776,0,0,0,0,1.0,1.0,1.0,1.0,1.0,1,0.5580432674371508,56
1500,3,3779,3779,0,0,0,0,1.0,1.0,1.0,1.0,1.0,1,0.5363884290826241,57
1501,3,3782,3782,0,0,0,0,1.0,1.0,1.0,1.0,1.0,1,0.5091807474988203,55
1502,2,3784,3784,0,0,0,0,1.0,1.0,1.0,1.0,1.0,1,0.4975211390773582,55
1503,2,3786,3786,0,0,0,0,1.0,1.0,1.0,1.0,1.0,1,0.4963057120335523,54
1504,4,3790,3790,0,0,0,0,1.0,1.0,1.0,1.0,1.0,1,0.4967715170713898,55
1505,5,3795,3795,0,0,0,0,1.0,1.0,1.0,1.0,1.0,1,0.49621304056999227,53
1506,2,3797,3797,0,0,0,0,1.0,1.0,1.0,1.0,1.0,1,0.5192508092947228,55
1507,5,3802,3802,0,0,0,0,1.0,1.0,1.0,1.0,1.0,1,0.5381826245989395,53
1508,2,3804,3804,0,0,0,0,1.0,1.0,1.0,1.0,1.0,1,0.5582476251797887,53
1509,1,3805,3805,0,0,0,0,1.0,1.0,1.0,1.0,1.0,1,0.5748988034393978,52
1510,2,3807,3807,0,0,0,0,0.9864581724050265,0.9677575533453011,0.9864581724050265,0.9677575533453011,1.0,1,0.5999057782920469,50
1511,2,3809,3809,0,0,0,0,0.9861818085765577,0.9677575533453011,0.9861818085765577,0.9677575533453011,1.0,1,0.6198230977534342,49
1512,2,3811,3811,0,0,0,0,0.9858939295885693,0.9677575533453011,0.9858939295885693,0.9677575533453011,1.0,1,0.6141762846497238,48
1513,3,3814,3814,0,0,0,0,0.9598874452982131,0.9143049967734554,0.9598874452982131,0.9143049967734554,1.0,1,0.623574021087283,47
1514,2,3816,3816,0,0,0,0,0.9607231235211672,0.9143049967734554,0.9607231235211672,0.9143049967734554,1.0,1,0.612833269760384,48
1515,3,3819,3819,0,0,0,0,0.9607231235211672,0.9143049967734554,0.9607231235211672,0.9143049967734554,1.0,1,0.6012510623079618,48
1516,1,3820,3820,0,0,0,0,0.9598874452982132,0.9143049967734554,0.9598874452982132,0.9143049967734554,1.0,1,0.6113124639366789,47
1517,3,3823,3823,0,0,0,0,0.9366443744921268,0.867779564157482,0.9366443744921268,0.867779564157482,1.0,1,0.618179079489819,48
1518,3,3826,3826,0,0,0,0,0.9610015379648837,0.9149124464688371,0.9610015379648837,0.9149124464688371,1.0,1,0.5961992714801044,48
1519,2,3828,3828,0,0,0,0,0.9862928651073861,0.9693221266689119,0.9862928651073861,0.9693221266689119,1.0,1,0.616025516597885,47
1520,7,3835,3835,0,0,0,0,1.0,1.0,1.0,1.0,1.0,1,0.6056294541996528,48
1521,1,3836,3836,0,0,0,0,1.0,1.0,1.0,1.0,1.0,1,0.5918370017420646,49
1522,6,3842,3842,0,0,0,0,1.0,1.0,1.0,1.0,1.0,1,0.5846478019105914,48
1523,3,3845,3845,0,0,0,0,1.0,1.0,1.0,1.0,1.0,1,0.5858130406421899,49
1524,5,3850,3850,0,0,0,0,1.0,1.0,1.0,1.0,1.0,1,0.5876003897569745,49
1525,2,3852,3852,0,0,0,0,1.0,1.0,1.0,1.0,1.0,1,0.5927526270173655,51
1526,2,3854,3854,0,0,0,0,1.0,1.0,1.0,1.0,1.0,1,0.544477055155284,52
1527,2,3856,3856,0,0,0,0,1.0,1.0,1.0,1.0,1.0,1,0.5274537418244435,54
1528,1,3857,3857,0,0,0,0,1.0,1.0,1.0,1.0,1.0,1,0.5149548433289061,54
1529,0,3857,3857,0,0,0,0,1.0,1.0,1.0,1.0,1.0,1,0.5149548433289061,54
1530,1,3858,3858,0,0,0,0,1.0,1.0,1.0,1.0,1.0,1,0.49963859675488714,54
1531,0,3858,3858,0,0,0,0,1.0,1.0,1.0,1.0,1.0,1,0.4934774838657786,54
1532,2,3860,3860,0,0,0,0,1.0,1.0,1.0,1.0,1.0,1,0.5018247643950104,54
1533,2,3862,3862,0,0,0,0,1.0,1.0,1.0,1.0,1.0,1,0.5039543553566445,54
1534,1,3863,3863,0,0,0,0,1.0,1.0,1.0,1.0,1.0,1,0.4973042521335491,54
1535,0,3863,3863,0,0,0,0,1.0,1.0,1.0,1.0,1.0,1,0.4973042521335491,54
1536,1,3864,3864,0,0,0,0,1.0,1.0,1.0,1.0,1.0,1,0.4948807686361765,55
1537,0,3864,3864,0,0,0,0,1.0,1.0,1.0,1.0,1.0,1,0.4952186213653595,53
1538,4,3868,3868,0,0,0,0,1.0,1.0,1.0,1.0,1.0,1,0.5156689317790647,54
1539,2,3870,3870,0,0,0,0,1.0,1.0,1.0,1.0,1.0,1,0.5285391887544091,54
1540,2,3872,3872,0,0,0,0,1.0,1.0,1.0,1.0,1.0,1,0.5565663913413533,54
1541,5,3877,3877,0,0,0,0,1.0,1.0,1.0,1.0,1.0,1,0.569172809710804,54
1542,1,3878,3878,0,0,0,0,1.0,1.0,1.0,1.0,1.0,1,0.5618754464143595,57
1543,6,3884,3884,0,0,0,0,0.9925482270924189,0.9795076245041516,0.9925482270924189,0.9795076245041516,1.0,1,0.5889926747856865,55
1544,5,3889,3889,0,0,0,0,0.992410231297834,0.9795076245041516,0.992410231297834,0.9795076245041516,1.0,1,0.6002855180143393,54
1545,8,3897,3897,0,0,0,0,1.0,1.0,1.0,1.0,1.0,1,0.6121170755213344,54
1546,5,3902,3902,0,0,0,0,1.0,1.0,1.0,1.0,1.0,1,0.5984024593943932,53
1547,6,3908,3908,0,0,0,0,1.0,1.0,1.0,1.0,1.0,1,0.5799024670446368,53
1548,6,3914,3914,0,0,0,0,1.0,1.0,1.0,1.0,1.0,1,0.5427976997837719,54
1549,8,3922,3922,0,0,0,0,1.0,1.0,1.0,1.0,1.0,1,0.5938018638407502,52
1550,6,3928,3928,0,0,0,0,1.0,1.0,1.0,1.0,1.0,1,0.5983265573305553,52
1551,8,3936,3936,0,0,0,0,1.0,1.0,1.0,1.0,1.0,1,0.5576569592114966,52
1552,5,3941,3941,0,0,0,0,1.0,1.0,1.0,1.0,1.0,1,0.5591496442509507,51
1553,7,3948,3948,0,0,0,0,1.0,1.0,1.0,1.0,1.0,1,0.5898669398665497,51
1554,5,3953,3953,0,0,0,0,1.0,1.0,1.0,1.0,1.0,1,0.5695220657526022,51
1555,11,3964,3964,0,0,0,0,0.9965108635263421,0.9908180619114269,0.9965108635263421,0.9908180619114269,1.0,1,0.5999825085541852,50
1556,9,3973,3973,0,0,0,0,1.0,1.0,1.0,1.0,1.0,1,0.5331144020578594,51
1557,2,3975,3975,0,0,0,0,1.0,1.0,1.0,1.0,1.0,1,0.5468318686133699,51
1558,4,3979,3979,0,0,0,0,1.0,1.0,1.0,1.0,1.0,1,0.5445659212717763,52
1559,3,3982,3982,0,0,0,0,1.0,1.0,1.0,1.0,1.0,1,0.5102724557284503,53
1560,1,3983,3983,0,0,0,0,1.0,1.0,1.0,1.0,1.0,1,0.538272928636692,51
1561,1,3984,3984,0,0,0,0,1.0,1.0,1.0,1.0,1.0,1,0.5305393811211365,51
1562,4,3988,3988,0,0,0,0,1.0,1.0,1.0,1.0,1.0,1,0.5269032877950517,52
1563,1,3989,3989,0,0,0,0,1.0,1.0,1.0,1.0,1.0,1,0.5232390125558918,52
1564,3,3992,3992,0,0,0,0,1.0,1.0,1.0,1.0,1.0,1,0.5297458828139503,51
1565,1,3993,3993,0,0,0,0,1.0,1.0,1.0,1.0,1.0,1,0.5325167225594034,53
1566,0,3993,3993,0,0,0,0,1.0,1.0,1.0,1.0,1.0,1,0.5458623269374948,53
1567,0,3993,3993,0,0,0,0,1.0,1.0,1.0,1.0,1.0,1,0.535686318519956,52
1568,2,3995,3995,0,0,0,0,1.0,1.0,1.0,1.0,1.0,1,0.5652276878842173,52
1569,3,3998,3998,0,0,0,0,1.0,1.0,1.0,1.0,1.0,1,0.5933827953375803,49
1570,1,3999,3999,0,0,0,0,1.0,1.0,1.0,1.0,1.0,1,0.6111811447582676,48
1571,3,4002,4002,0,0,0,0,1.0,1.0,1.0,1.0,1.0,1,0.632191501227041,46
1572,3,4005,4005,0,0,0,0,1.0,1.0,1.0,1.0,1.0,1,0.6003030029459254,47
1573,5,4010,4010,0,0,0,0,1.0,1.0,1.0,1.0,1.0,1,0.5937009926790464,48
1574,2,4012,4012,0,0,0,0,1.0,1.0,1.0,1.0,1.0,1,0.5863751078187632,46
1575,3,4015,4015,0,0,0,0,1.0,1.0,1.0,1.0,1.0,1,0.5759601323870723,47
1576,1,4016,4016,0,0,0,0,1.0,1.0,1.0,1.0,1.0,1,0.5622728146152606,46
1577,0,4016,4016,0,0,0,0,1.0,1.0,1.0,1.0,1.0,1,0.5596664753212564,45
1578,2,4018,4018,0,0,0,0,1.0,1.0,1.0,1.0,1.0,1,0.5513276104410954,44
1579,3,4021,4021,0,0,0,0,1.0,1.0,1.0,1.0,1.0,1,0.5041917261082752,43
1580,1,4022,4022,0,0,0,0,1.0,1.0,1.0,1.0,1.0,1,0.4926392721127924,43
1581,4,4026,4026,0,0,0,0,1.0,1.0,1.0,1.0,1.0,1,0.4845591040559091,42
1582,4,4030,4030,0,0,0,0,1.0,1.0,1.0,1.0,1.0,1,0.5205488748486858,42
1583,1,4031,4031,0,0,0,0,1.0,1.0,1.0,1.0,1.0,1,0.5332946965032703,43
1584,7,4038,4038,0,0,0,0,1.0,1.0,1.0,1.0,1.0,1,0.6263504495838527,41
1585,1,4039,4039,0,0,0,0,1.0,1.0,1.0,1.0,1.0,1,0.5881189416464573,43
1586,6,4045,4045,0,0,0,0,1.0,1.0,1.0,1.0,1.0,1,0.5991506193066412,42
1587,2,4047,4047,0,0,0,0,1.0,1.0,1.0,1.0,1.0,1,0.5861511897336384,42
1588,4,4051,4051,0,0,0,0,1.0,1.0,1.0,1.0,1.0,1,0.5859098031676172,42
1589,1,4052,4052,0,0,0,0,1.0,1.0,1.0,1.0,1.0,1,0.569534853902039,42
1590,2,4054,4054,0,0,0,0,1.0,1.0,1.0,1.0,1.0,1,0.5719728511324325,41
1591,3,4057,4057,0,0,0,0,1.0,1.0,1.0,1.0,1.0,1,0.6074088243502856,40
1592,0,4057,4057,0,0,0,0,1.0,1.0,1.0,1.0,1.0,1,0.6194978131271259,39
1593,2,4059,4059,0,0,0,0,1.0,1.0,1.0,1.0,1.0,1,0.6297460040999734,39
1594,1,4060,4060,0,0,0,0,1.0,1.0,1.0,1.0,1.0,1,0.6431724296652342,39
1595,5,4065,4065,0,0,0,0,1.0,1.0,1.0,1.0,1.0,1,0.5876495471433857,42
1596,1,4066,4066,0,0,0,0,1.0,1.0,1.0,1.0,1.0,1,0.5916293677396744,41
1597,3,4069,4069,0,0,0,0,1.0,1.0,1.0,1.0,1.0,1,0.5770674065878592,41
1598,4,4073,4073,0,0,0,0,1.0,1.0,1.0,1.0,1.0,1,0.6050394305159714,39
1599,4,4077,4077,0,0,0,0,1.0,1.0,1.0,1.0,1.0,1,0.5930330728686983,39
1600,4,4081,4081,0,0,0,0,1.0,1.0,1.0,1.0,1.0,1,0.5878565835771257,40
1601,7,4088,4088,0,0,0,0,1.0,1.0,1.0,1.0,1.0,1,0.5992397633628812,41
1602,5,4093,4093,0,0,0,0,1.0,1.0,1.0,1.0,1.0,1,0.575010168476013,41
1603,3,4096,4096,0,0,0,0,1.0,1.0,1.0,1.0,1.0,1,0.5478152016663598,43
1604,3,4099,4099,0,0,0,0,1.0,1.0,1.0,1.0,1.0,1,0.556660639753105,43
1605,2,4101,4101,0,0,0,0,1.0,1.0,1.0,1.0,1.0,1,0.5722291933946223,44
1606,4,4105,4105,0,0,0,0,1.0,1.0,1.0,1.0,1.0,1,0.5482205787193782,44
1607,2,4107,4107,0,0,0,0,1.0,1.0,1.0,1.0,1.0,1,0.5373596661577251,42
1608,2,4109,4109,0,0,0,0,1.0,1.0,1.0,1.0,1.0,1,0.5616798255166527,41
1609,1,4110,4110,0,0,0,0,1.0,1.0,1.0,1.0,1.0,1,0.590507485680519,39
1610,3,4113,4113,0,0,0,0,1.0,1.0,1.0,1.0,1.0,1,0.5808662227106217,39
1611,0,4113,4113,0,0,0,0,1.0,1.0,1.0,1.0,1.0,1,0.5668780215262536,40
1612,3,4116,4116,0,0,0,0,1.0,1.0,1.0,1.0,1.0,1,0.5942711411269045,39
1613,2,4118,4118,0,0,0,0,1.0,1.0,1.0,1.0,1.0,1,0.5759914887040782,41
1614,2,4120,4120,0,0,0,0,1.0,1.0,1.0,1.0,1.0,1,0.5621706214549594,41
1615,4,4124,4124,0,0,0,0,1.0,1.0,1.0,1.0,1.0,1,0.5531080480477277,41
1616,2,4126,4126,0,0,0,0,1.0,1.0,1.0,1.0,1.0,1,0.553221300455212,43
1617,1,4127,4127,0,0,0,0,1.0,1.0,1.0,1.0,1.0,1,0.5490117407007966,44
1618,1,4128,4128,0,0,0,0,1.0,1.0,1.0,1.0,1.0,1,0.5529598316256953,44
1619,5,4133,4133,0,0,0,0,1.0,1.0,1.0,1.0,1.0,1,0.522053077741915,44
1620,1,4134,4134,0,0,0,0,1.0,1.0,1.0,1.0,1.0,1,0.5297900135086496,45
1621,3,4137,4137,0,0,0,0,1.0,1.0,1.0,1.0,1.0,1,0.5282168041309071,44
1622,2,4139,4139,0,0,0,0,1.0,1.0,1.0,1.0,1.0,1,0.5553741147735113,44
1623,4,4143,4143,0,0,0,0,1.0,1.0,1.0,1.0,1.0,1,0.5976549151753189,43
1624,2,4145,4145,0,0,0,0,1.0,1.0,1.0,1.0,1.0,1,0.6100195686607565,43
1625,1,4146,4146,0,0,0,0,1.0,1.0,1.0,1.0,1.0,1,0.6221816213284526,43
1626,1,4147,4147,0,0,0,0,1.0,1.0,1.0,1.0,1.0,1,0.6419543261324245,42
1627,3,4150,4150,0,0,0,0,1.0,1.0,1.0,1.0,1.0,1,0.6346053529362227,42
1628,2,4152,4152,0,0,0,0,1.0,1.0,1.0,1.0,1.0,1,0.6169885588349294,42
1629,2,4154,4154,0,0,0,0,1.0,1.0,1.0,1.0,1.0,1,0.5935074410346713,41
1630,5,4159,4159,0,0,0,0,1.0,1.0,1.0,1.0,1.0,1,0.5734632826279089,41
1631,4,4163,4163,0,0,0,0,1.0,1.0,1.0,1.0,1.0,1,0.5614275019532746,40
1632,5,4168,4168,0,0,0,0,1.0,1.0,1.0,1.0,1.0,1,0.5897388299883783,39
1633,5,4173,4173,0,0,0,0,1.0,1.0,1.0,1.0,1.0,1,0.6533689245800308,39
1634,4,4177,4177,0,0,0,0,1.0,1.0,1.0,1.0,1.0,1,0.6315743596636285,39
1635,3,4180,4180,0,0,0,0,1.0,1.0,1.0,1.0,1.0,1,0.6333314192468951,40
1636,5,4185,4185,0,0,0,0,1.0,1.0,1.0,1.0,1.0,1,0.6221153655163596,41
1637,2,4187,4187,0,0,0,0,1.0,1.0,1.0,1.0,1.0,1,0.6239295810927769,41
1638,1,4188,4188,0,0,0,0,1.0,1.0,1.0,1.0,1.0,1,0.60623239386686,42
1639,3,4191,4191,0,0,0,0,1.0,1.0,1.0,1.0,1.0,1,0.60000116611089,43
1640,2,4193,4193,0,0,0,0,1.0,1.0,1.0,1.0,1.0,1,0.5702482204667102,43
1641,2,4195,4195,0,0,0,0,1.0,1.0,1.0,1.0,1.0,1,0.5512372785579956,44
1642,2,4197,4197,0,0,0,0,1.0,1.0,1.0,1.0,1.0,1,0.5281084767694981,45
1643,3,4200,4200,0,0,0,0,1.0,1.0,1.0,1.0,1.0,1,0.5166599439392889,44
1644,3,4203,4203,0,0,0,0,1.0,1.0,1.0,1.0,1.0,1,0.5127431276987466,45
1645,4,4207,4207,0,0,0,0,1.0,1.0,1.0,1.0,1.0,1,0.4911512166341661,44
1646,3,4210,4210,0,0,0,0,1.0,1.0,1.0,1.0,1.0,1,0.48731134334134113,43
1647,3,4213,4213,0,0,0,0,1.0,1.0,1.0,1.0,1.0,1,0.4561528281153181,43
1648,0,4213,4213,0,0,0,0,1.0,1.0,1.0,1.0,1.0,1,0.4615972428672296,42
1649,1,4214,4214,0,0,0,0,1.0,1.0,1.0,1.0,1.0,1,0.4575793926085864,41
1650,0,4214,4214,0,0,0,0,1.0,1.0,1.0,1.0,1.0,1,0.4575793926085864,41
1651,0,4214,4214,0,0,0,0,1.0,1.0,1.0,1.0,1.0,1,0.4750606104635615,40
1652,5,4219,4219,0,0,0,0,1.0,1.0,1.0,1.0,1.0,1,0.4949143059201397,39
1653,4,4223,4223,0,0,0,0,1.0,1.0,1.0,1.0,1.0,1,0.5450567721294645,39
1654,6,4229,4229,0,0,0,0,1.0,1.0,1.0,1.0,1.0,1,0.5722234228375792,39
1655,4,4233,4233,0,0,0,0,1.0,1.0,1.0,1.0,1.0,1,0.5626390835319898,40
1656,6,4239,4239,0,0,0,0,1.0,1.0,1.0,1.0,1.0,1,0.5948760143894799,40
1657,6,4245,4245,0,0,0,0,1.0,1.0,1.0,1.0,1.0,1,0.618895247404901,40
1658,3,4248,4248,0,0,0,0,1.0,1.0,1.0,1.0,1.0,1,0.6290369176978806,40
1659,6,4254,4254,0,0,0,0,1.0,1.0,1.0,1.0,1.0,1,0.5580970471997225,40
1660,2,4256,4256,0,0,0,0,1.0,1.0,1.0,1.0,1.0,1,0.5183629246363475,41
1661,3,4259,4259,0,0,0,0,1.0,1.0,1.0,1.0,1.0,1,0.4910616966405413,42
1662,7,4266,4266,0,0,0,0,1.0,1.0,1.0,1.0,1.0,1,0.5038368473005944,44
1663,3,4269,4269,0,0,0,0,1.0,1.0,1.0,1.0,1.0,1,0.4805867422431913,43
1664,3,4272,4272,0,0,0,0,1.0,1.0,1.0,1.0,1.0,1,0.5192762977844428,42
1665,3,4275,4275,0,0,0,0,1.0,1.0,1.0,1.0,1.0,1,0.49510170731710107,42
1666,4,4279,4279,0,0,0,0,1.0,1.0,1.0,1.0,1.0,1,0.5263653475828945,43
1667,4,4283,4283,0,0,0,0,1.0,1.0,1.0,1.0,1.0,1,0.5225857600793256,40
1668,0,4283,4283,0,0,0,0,1.0,1.0,1.0,1.0,1.0,1,0.5082464517702739,40
1669,2,4285,4285,0,0,0,0,1.0,1.0,1.0,1.0,1.0,1,0.496854792097471,40
1670,3,4288,4288,0,0,0,0,1.0,1.0,1.0,1.0,1.0,1,0.5177166133388256,39
1671,1,4289,4289,0,0,0,0,1.0,1.0,1.0,1.0,1.0,1,0.5333576271334565,39
1672,2,4291,4291,0,0,0,0,1.0,1.0,1.0,1.0,1.0,1,0.570554760813116,38
1673,1,4292,4292,0,0,0,0,1.0,1.0,1.0,1.0,1.0,1,0.5447502744284053,38
1674,3,4295,4295,0,0,0,0,1.0,1.0,1.0,1.0,1.0,1,0.600017274939979,38
1675,1,4296,4296,0,0,0,0,1.0,1.0,1.0,1.0,1.0,1,0.5714578390082715,39
1676,1,4297,4297,0,0,0,0,1.0,1.0,1.0,1.0,1.0,1,0.5591006201236036,39
1677,4,4301,4301,0,0,0,0,1.0,1.0,1.0,1.0,1.0,1,0.5325870860544927,40
1678,0,4301,4301,0,0,0,0,1.0,1.0,1.0,1.0,1.0,1,0.541380882466142,39
1679,5,4306,4306,0,0,0,0,1.0,1.0,1.0,1.0,1.0,1,0.5742554958568885,39
1680,4,4310,4310,0,0,0,0,1.0,1.0,1.0,1.0,1.0,1,0.5831562950523054,40
1681,2,4312,4312,0,0,0,0,1.0,1.0,1.0,1.0,1.0,1,0.5863918400431228,41
1682,4,4316,4316,0,0,0,0,1.0,1.0,1.0,1.0,1.0,1,0.6194062855576803,40
1683,3,4319,4319,0,0,0,0,1.0,1.0,1.0,1.0,1.0,1,0.6115378942408861,43
1684,3,4322,4322,0,0,0,0,1.0,1.0,1.0,1.0,1.0,1,0.6202132286603983,42
1685,7,4329,4329,0,0,0,0,1.0,1.0,1.0,1.0,1.0,1,0.5729914177564545,41
1686,4,4333,4333,0,0,0,0,1.0,1.0,1.0,1.0,1.0,1,0.5520822451690867,39
1687,6,4339,4339,0,0,0,0,1.0,1.0,1.0,1.0,1.0,1,0.5584199612279559,41
1688,6,4345,4345,0,0,0,0,1.0,1.0,1.0,1.0,1.0,1,0.49059757638854545,39
1689,3,4348,4348,0,0,0,0,1.0,1.0,1.0,1.0,1.0,1,0.47992798716143986,37
1690,2,4350,4350,0,0,0,0,1.0,1.0,1.0,1.0,1.0,1,0.5127899364115968,36
1691,0,4350,4350,0,0,0,0,1.0,1.0,1.0,1.0,1.0,1,0.5160156554990837,36
1692,0,4350,4350,0,0,0,0,1.0,1.0,1.0,1.0,1.0,1,0.5090363054156223,34
1693,3,4353,4353,0,0,0,0,1.0,1.0,1.0,1.0,1.0,1,0.514021800666398,33
1694,1,4354,4354,0,0,0,0,1.0,1.0,1.0,1.0,1.0,1,0.5576570625065418,32
1695,4,4358,4358,0,0,0,0,1.0,1.0,1.0,1.0,1.0,1,0.6525867117580663,32
1696,2,4360,4360,0,0,0,0,1.0,1.0,1.0,1.0,1.0,1,0.6158785933165734,34
1697,1,4361,4361,0,0,0,0,1.0,1.0,1.0,1.0,1.0,1,0.63138358503258,34
1698,3,4364,4364,0,0,0,0,1.0,1.0,1.0,1.0,1.0,1,0.5703321987105272,36
1699,3,4367,4367,0,0,0,0,1.0,1.0,1.0,1.0,1.0,1,0.536318478031187,36
1700,3,4370,4370,0,0,0,0,1.0,1.0,1.0,1.0,1.0,1,0.5455797189424839,37
1701,3,4373,4373,0,0,0,0,1.0,1.0,1.0,1.0,1.0,1,0.507452285111212,39
1702,3,4376,4376,0,0,0,0,1.0,1.0,1.0,1.0,1.0,1,0.5391702291094251,39
1703,2,4378,4378,0,0,0,0,1.0,1.0,1.0,1.0,1.0,1,0.5425119061558586,38
1704,2,4380,4380,0,0,0,0,1.0,1.0,1.0,1.0,1.0,1,0.5187582696088696,38
1705,4,4384,4384,0,0,0,0,1.0,1.0,1.0,1.0,1.0,1,0.5736470800959148,37
1706,3,4387,4387,0,0,0,0,1.0,1.0,1.0,1.0,1.0,1,0.5971177893060378,37
1707,2,4389,4389,0,0,0,0,1.0,1.0,1.0,1.0,1.0,1,0.6326871210126075,36
1708,2,4391,4391,0,0,0,0,1.0,1.0,1.0,1.0,1.0,1,0.6573801905065896,34
1709,3,4394,4394,0,0,0,0,1.0,1.0,1.0,1.0,1.0,1,0.6342740616070935,34
1710,1,4395,4395,0,0,0,0,1.0,1.0,1.0,1.0,1.0,1,0.6852532363033621,33
1711,3,4398,4398,0,0,0,0,1.0,1.0,1.0,1.0,1.0,1,0.6785519242437282,32
1712,0,4398,4398,0,0,0,0,1.0,1.0,1.0,1.0,1.0,1,0.6874556457232123,31
1713,4,4402,4402,0,0,0,0,1.0,1.0,1.0,1.0,1.0,1,0.7270829960537843,32
1714,1,4403,4403,0,0,0,0,1.0,1.0,1.0,1.0,1.0,1,0.7334088351679714,32
1715,2,4405,4405,0,0,0,0,1.0,1.0,1.0,1.0,1.0,1,0.7526376297492366,32
1716,0,4405,4405,0,0,0,0,1.0,1.0,1.0,1.0,1.0,1,0.7460379495073318,34
1717,1,4406,4406,0,0,0,0,1.0,1.0,1.0,1.0,1.0,1,0.7527465058394495,34
1718,1,4407,4407,0,0,0,0,0.9793049929634755,0.9680168073071895,0.9793049929634755,0.9680168073071895,1.0,1,0.7754009556321039,34
1719,0,4407,4407,0,0,0,0,0.9793049929634755,0.9680168073071895,0.9793049929634755,0.9680168073071895,1.0,1,0.7754009556321039,34
1720,0,4407,4407,0,0,0,0,0.9995632093014651,0.9992928150595152,0.9995632093014651,0.9992928150595152,1.0,1,0.765781521823553,34
1721,0,4407,4407,0,0,0,0,0.9958424822678091,0.9930708037796819,0.9958424822678091,0.9930708037796819,1.0,1,0.745369366189988,35
1722,1,4408,4408,0,0,0,0,1.0,1.0,1.0,1.0,1.0,1,0.7230676079193202,35
1723,0,4408,4408,0,0,0,0,1.0,1.0,1.0,1.0,1.0,1,0.7185712101973842,34
1724,3,4411,4411,0,0,0,0,1.0,1.0,1.0,1.0,1.0,1,0.6943144534477651,33
1725,0,4411,4411,0,0,0,0,1.0,1.0,1.0,1.0,1.0,1,0.689309679276255,35
1726,3,4414,4414,0,0,0,0,1.0,1.0,1.0,1.0,1.0,1,0.6770986908150459,34
1727,1,4415,4415,0,0,0,0,1.0,1.0,1.0,1.0,1.0,1,0.6818134511299819,34
1728,2,4417,4417,0,0,0,0,1.0,1.0,1.0,1.0,1.0,1,0.6437209203675145,35
1729,1,4418,4418,0,0,0,0,1.0,1.0,1.0,1.0,1.0,1,0.6475608935843127,35
1730,1,4419,4419,0,0,0,0,1.0,1.0,1.0,1.0,1.0,1,0.6430137317295171,35
1731,2,4421,4421,0,0,0,0,1.0,1.0,1.0,1.0,1.0,1,0.6457167523131027,35
1732,3,4424,4424,0,0,0,0,1.0,1.0,1.0,1.0,1.0,1,0.6538654779160568,35
1733,5,4429,4429,0,0,0,0,1.0,1.0,1.0,1.0,1.0,1,0.6146716576319544,33
1734,4,4433,4433,0,0,0,0,1.0,1.0,1.0,1.0,1.0,1,0.6657232742592053,34
1735,7,4440,4440,0,0,0,0,1.0,1.0,1.0,1.0,1.0,1,0.6861838621054348,33
1736,4,4444,4444,0,0,0,0,1.0,1.0,1.0,1.0,1.0,1,0.7147855482716154,33
1737,6,4450,4450,0,0,0,0,1.0,1.0,1.0,1.0,1.0,1,0.6763116039797107,35
1738,4,4454,4454,0,0,0,0,1.0,1.0,1.0,1.0,1.0,1,0.59679147477304,36
1739,5,4459,4459,0,0,0,0,1.0,1.0,1.0,1.0,1.0,1,0.5729540179399838,36
1740,5,4464,4464,0,0,0,0,1.0,1.0,1.0,1.0,1.0,1,0.5676415185015672,37
1741,2,4466,4466,0,0,0,0,1.0,1.0,1.0,1.0,1.0,1,0.5755581420221709,36
1742,3,4469,4469,0,0,0,0,1.0,1.0,1.0,1.0,1.0,1,0.5802783656101009,36
1743,1,4470,4470,0,0,0,0,1.0,1.0,1.0,1.0,1.0,1,0.5915684145627542,37
1744,2,4472,4472,0,0,0,0,1.0,1.0,1.0,1.0,1.0,1,0.597935919615867,37
1745,2,4474,4474,0,0,0,0,1.0,1.0,1.0,1.0,1.0,1,0.5981767194324064,38
1746,0,4474,4474,0,0,0,0,1.0,1.0,1.0,1.0,1.0,1,0.6002022813644017,38
1747,1,4475,4475,0,0,0,0,1.0,1.0,1.0,1.0,1.0,1,0.6109335251179014,37
1748,0,4475,4475,0,0,0,0,1.0,1.0,1.0,1.0,1.0,1,0.6061362017288876,38
1749,5,4480,4480,0,0,0,0,1.0,1.0,1.0,1.0,1.0,1,0.5945413105572487,38
1750,0,4480,4480,0,0,0,0,1.0,1.0,1.0,1.0,1.0,1,0.602247821687717,39
1751,1,4481,4481,0,0,0,0,1.0,1.0,1.0,1.0,1.0,1,0.5909740941523961,41
1752,1,4482,4482,0,0,0,0,1.0,1.0,1.0,1.0,1.0,1,0.5952141940162787,41
1753,1,4483,4483,0,0,0,0,1.0,1.0,1.0,1.0,1.0,1,0.5857893979396277,41
1754,1,4484,4484,0,0,0,0,1.0,1.0,1.0,1.0,1.0,1,0.5774557981689498,40
1755,9,4493,4493,0,0,0,0,1.0,1.0,1.0,1.0,1.0,1,0.5325736002259236,41
1756,1,4494,4494,0,0,0,0,1.0,1.0,1.0,1.0,1.0,1,0.5570375852082406,41
1757,5,4499,4499,0,0,0,0,1.0,1.0,1.0,1.0,1.0,1,0.5710087544098942,40
1758,5,4504,4504,0,0,0,0,1.0,1.0,1.0,1.0,1.0,1,0.5134632605566682,41
1759,6,4510,4510,0,0,0,0,1.0,1.0,1.0,1.0,1.0,1,0.5795716320692814,38
1760,3,4513,4513,0,0,0,0,1.0,1.0,1.0,1.0,1.0,1,0.5682337637819819,38
1761,8,4521,4521,0,0,0,0,1.0,1.0,1.0,1.0,1.0,1,0.5837464319385015,37
1762,3,4524,4524,0,0,0,0,1.0,1.0,1.0,1.0,1.0,1,0.5792945410482222,37
1763,6,4530,4530,0,0,0,0,1.0,1.0,1.0,1.0,1.0,1,0.6087421853349307,37
1764,3,4533,4533,0,0,0,0,1.0,1.0,1.0,1.0,1.0,1,0.6503317514338728,36
1765,4,4537,4537,0,0,0,0,1.0,1.0,1.0,1.0,1.0,1,0.6199875264776362,36
1766,1,4538,4538,0,0,0,0,1.0,1.0,1.0,1.0,1.0,1,0.6159106857716361,37
1767,2,4540,4540,0,0,0,0,1.0,1.0,1.0,1.0,1.0,1,0.623163456091879,37
1768,0,4540,4540,0,0,0,0,1.0,1.0,1.0,1.0,1.0,1,0.6152674621863138,37
1769,3,4543,4543,0,0,0,0,1.0,1.0,1.0,1.0,1.0,1,0.5972983027698725,38
1770,1,4544,4544,0,0,0,0,1.0,1.0,1.0,1.0,1.0,1,0.5805360251354849,39
1771,1,4545,4545,0,0,0,0,1.0,1.0,1.0,1.0,1.0,1,0.600886679965519,39
1772,3,4548,4548,0,0,0,0,1.0,1.0,1.0,1.0,1.0,1,0.5801998237636642,39
1773,1,4549,4549,0,0,0,0,1.0,1.0,1.0,1.0,1.0,1,0.5735932842906715,41
1774,2,4551,4551,0,0,0,0,1.0,1.0,1.0,1.0,1.0,1,0.5637238841820102,41
1775,0,4551,4551,0,0,0,0,1.0,1.0,1.0,1.0,1.0,1,0.5736145796127626,42
1776,1,4552,4552,0,0,0,0,1.0,1.0,1.0,1.0,1.0,1,0.5347843911207634,43
1777,0,4552,4552,0,0,0,0,1.0,1.0,1.0,1.0,1.0,1,0.5347843911207634,43
1778,2,4554,4554,0,0,0,0,1.0,1.0,1.0,1.0,1.0,1,0.5147491098777811,44
1779,2,4556,4556,0,0,0,0,1.0,1.0,1.0,1.0,1.0,1,0.5034890711748219,46
1780,4,4560,4560,0,0,0,0,1.0,1.0,1.0,1.0,1.0,1,0.48341791396023176,46
1781,1,4561,4561,0,0,0,0,1.0,1.0,1.0,1.0,1.0,1,0.46679226720685435,46
1782,3,4564,4564,0,0,0,0,1.0,1.0,1.0,1.0,1.0,1,0.5147557278479478,46
1783,2,4566,4566,0,0,0,0,1.0,1.0,1.0,1.0,1.0,1,0.5212594308140949,44
1784,4,4570,4570,0,0,0,0,1.0,1.0,1.0,1.0,1.0,1,0.5205269161976389,45
1785,2,4572,4572,0,0,0,0,1.0,1.0,1.0,1.0,1.0,1,0.5287733494556791,42
1786,5,4577,4577,0,0,0,0,1.0,1.0,1.0,1.0,1.0,1,0.5162316240396042,43
1787,7,4584,4584,0,0,0,0,1.0,1.0,1.0,1.0,1.0,1,0.5234117219828068,41
1788,4,4588,4588,0,0,0,0,1.0,1.0,1.0,1.0,1.0,1,0.5412691814535919,41
1789,7,4595,4595,0,0,0,0,1.0,1.0,1.0,1.0,1.0,1,0.5585146332345765,41
1790,4,4599,4599,0,0,0,0,1.0,1.0,1.0,1.0,1.0,1,0.6023448050707717,41
1791,7,4606,4606,0,0,0,0,1.0,1.0,1.0,1.0,1.0,1,0.5982996536724458,40
1792,6,4612,4612,0,0,0,0,1.0,1.0,1.0,1.0,1.0,1,0.5717879123775721,40
1793,4,4616,4616,0,0,0,0,1.0,1.0,1.0,1.0,1.0,1,0.5485063865657446,41
1794,3,4619,4619,0,0,0,0,1.0,1.0,1.0,1.0,1.0,1,0.5029458556841272,41
1795,1,4620,4620,0,0,0,0,1.0,1.0,1.0,1.0,1.0,1,0.5522002810316163,40
1796,2,4622,4622,0,0,0,0,1.0,1.0,1.0,1.0,1.0,1,0.5444366699376837,40
1797,2,4624,4624,0,0,0,0,1.0,1.0,1.0,1.0,1.0,1,0.5557277283045248,37
1798,2,4626,4626,0,0,0,0,1.0,1.0,1.0,1.0,1.0,1,0.5643785552791262,37
1799,0,4626,4626,0,0,0,0,1.0,1.0,1.0,1.0,1.0,1,0.557397434076807,36
1800,1,4627,4627,0,0,0,0,1.0,1.0,1.0,1.0,1.0,1,0.5820299677803126,36
1801,2,4629,4629,0,0,0,0,1.0,1.0,1.0,1.0,1.0,1,0.5722553680176888,34
1802,2,4631,4631,0,0,0,0,1.0,1.0,1.0,1.0,1.0,1,0.5547072702067724,33
1803,3,4634,4634,0,0,0,0,1.0,1.0,1.0,1.0,1.0,1,0.5800272940117258,33
1804,2,4636,4636,0,0,0,0,1.0,1.0,1.0,1.0,1.0,1,0.5695460949038492,33
1805,6,4642,4642,0,0,0,0,1.0,1.0,1.0,1.0,1.0,1,0.5479546359461765,35
1806,2,4644,4644,0,0,0,0,1.0,1.0,1.0,1.0,1.0,1,0.5657405125066339,35
1807,3,4647,4647,0,0,0,0,1.0,1.0,1.0,1.0,1.0,1,0.48018280799054386,35
1808,2,4649,4649,0,0,0,0,1.0,1.0,1.0,1.0,1.0,1,0.42082552922844224,36
1809,2,4651,4651,0,0,0,0,1.0,1.0,1.0,1.0,1.0,1,0.4061536064393404,36
1810,1,4652,4652,0,0,0,0,1.0,1.0,1.0,1.0,1.0,1,0.4098487274664216,35
1811,0,4652,4652,0,0,0,0,1.0,1.0,1.0,1.0,1.0,1,0.4130405002677743,36
1812,1,4653,4653,0,0,0,0,1.0,1.0,1.0,1.0,1.0,1,0.401648925948063,36
1813,1,4654,4654,0,0,0,0,1.0,1.0,1.0,1.0,1.0,1,0.4291622948473005,36
1814,2,4656,4656,0,0,0,0,1.0,1.0,1.0,1.0,1.0,1,0.4822823649759356,34
1815,3,4659,4659,0,0,0,0,1.0,1.0,1.0,1.0,1.0,1,0.5485356995498216,35
1816,0,4659,4659,0,0,0,0,1.0,1.0,1.0,1.0,1.0,1,0.5672975045801972,34
1817,3,4662,4662,0,0,0,0,1.0,1.0,1.0,1.0,1.0,1,0.649848360185687,34
1818,2,4664,4664,0,0,0,0,1.0,1.0,1.0,1.0,1.0,1,0.5937926185276672,34
1819,5,4669,4669,0,0,0,0,1.0,1.0,1.0,1.0,1.0,1,0.5591470704992171,35
1820,3,4672,4672,0,0,0,0,1.0,1.0,1.0,1.0,1.0,1,0.49174911819871264,36
1821,2,4674,4674,0,0,0,0,1.0,1.0,1.0,1.0,1.0,1,0.4762500085615922,36
1822,5,4679,4679,0,0,0,0,1.0,1.0,1.0,1.0,1.0,1,0.45932167855142136,37
1823,2,4681,4681,0,0,0,0,1.0,1.0,1.0,1.0,1.0,1,0.4789910160446579,38
1824,2,4683,4683,0,0,0,0,1.0,1.0,1.0,1.0,1.0,1,0.4844396108844468,37
1825,1,4684,4684,0,0,0,0,1.0,1.0,1.0,1.0,1.0,1,0.5261382435382878,36
1826,3,4687,4687,0,0,0,0,1.0,1.0,1.0,1.0,1.0,1,0.5738032703535322,35
1827,0,4687,4687,0,0,0,0,1.0,1.0,1.0,1.0,1.0,1,0.5744813949258057,35
1828,2,4689,4689,0,0,0,0,1.0,1.0,1.0,1.0,1.0,1,0.5681016655760498,33
1829,1,4690,4690,0,0,0,0,1.0,1.0,1.0,1.0,1.0,1,0.5982634060652575,32
1830,3,4693,4693,0,0,0,0,1.0,1.0,1.0,1.0,1.0,1,0.5673648319053615,32
1831,2,4695,4695,0,0,0,0,1.0,1.0,1.0,1.0,1.0,1,0.6120586782865448,30
1832,6,4701,4701,0,0,0,0,1.0,1.0,1.0,1.0,1.0,1,0.5830630653912756,30
1833,5,4706,4706,0,0,0,0,1.0,1.0,1.0,1.0,1.0,1,0.5665818622171253,29
1834,4,4710,4710,0,0,0,0,1.0,1.0,1.0,1.0,1.0,1,0.5699477074145571,28
1835,2,4712,4712,0,0,0,0,1.0,1.0,1.0,1.0,1.0,1,0.565693383152379,28
1836,1,4713,4713,0,0,0,0,1.0,1.0,1.0,1.0,1.0,1,0.5704205109383386,29
1837,1,4714,4714,0,0,0,0,1.0,1.0,1.0,1.0,1.0,1,0.5549737005301224,28
1838,1,4715,4715,0,0,0,0,1.0,1.0,1.0,1.0,1.0,1,0.5588068002071146,28
1839,0,4715,4715,0,0,0,0,1.0,1.0,1.0,1.0,1.0,1,0.5702334792470678,27
1840,3,4718,4718,0,0,0,0,1.0,1.0,1.0,1.0,1.0,1,0.6262498492304833,26
1841,0,4718,4718,0,0,0,0,1.0,1.0,1.0,1.0,1.0,1,0.6296500810357746,25
1842,1,4719,4719,0,0,0,0,1.0,1.0,1.0,1.0,1.0,1,0.6469474481184356,26
1843,2,4721,4721,0,0,0,0,1.0,1.0,1.0,1.0,1.0,1,0.6757336399960582,26
1844,1,4722,4722,0,0,0,0,1.0,1.0,1.0,1.0,1.0,1,0.6913090878833927,26
1845,3,4725,4725,0,0,0,0,1.0,1.0,1.0,1.0,1.0,1,0.6584559305294831,26
1846,3,4728,4728,0,0,0,0,1.0,1.0,1.0,1.0,1.0,1,0.5703923905148313,26
1847,2,4730,4730,0,0,0,0,1.0,1.0,1.0,1.0,1.0,1,0.5128069434563901,26
1848,1,4731,4731,0,0,0,0,1.0,1.0,1.0,1.0,1.0,1,0.5343734478765592,27
1849,1,4732,4732,0,0,0,0,1.0,1.0,1.0,1.0,1.0,1,0.5561545060630713,27
1850,2,4734,4734,0,0,0,0,1.0,1.0,1.0,1.0,1.0,1,0.5704668013969731,28
1851,0,4734,4734,0,0,0,0,1.0,1.0,1.0,1.0,1.0,1,0.5704668013969731,28
1852,2,4736,4736,0,0,0,0,1.0,1.0,1.0,1.0,1.0,1,0.5774511753888112,28
1853,2,4738,4738,0,0,0,0,1.0,1.0,1.0,1.0,1.0,1,0.571556948037582,27
1854,1,4739,4739,0,0,0,0,1.0,1.0,1.0,1.0,1.0,1,0.5734435190918317,28
1855,4,4743,4743,0,0,0,0,1.0,1.0,1.0,1.0,1.0,1,0.595350028037146,28
1856,5,4748,4748,0,0,0,0,1.0,1.0,1.0,1.0,1.0,1,0.6320279274041082,30
1857,4,4752,4752,0,0,0,0,1.0,1.0,1.0,1.0,1.0,1,0.6480594559346239,31
1858,2,4754,4754,0,0,0,0,1.0,1.0,1.0,1.0,1.0,1,0.633942743745927,31
1859,3,4757,4757,0,0,0,0,1.0,1.0,1.0,1.0,1.0,1,0.6150321624792867,31
1860,4,4761,4761,0,0,0,0,1.0,1.0,1.0,1.0,1.0,1,0.5958065852786963,31
1861,2,4763,4763,0,0,0,0,1.0,1.0,1.0,1.0,1.0,1,0.6220130974534595,31
1862,2,4765,4765,0,0,0,0,1.0,1.0,1.0,1.0,1.0,1,0.6419612870433267,31
1863,5,4770,4770,0,0,0,0,1.0,1.0,1.0,1.0,1.0,1,0.6238231061771328,31
1864,1,4771,4771,0,0,0,0,1.0,1.0,1.0,1.0,1.0,1,0.6446005616294579,30
1865,3,4774,4774,0,0,0,0,1.0,1.0,1.0,1.0,1.0,1,0.6058322944713345,27
1866,1,4775,4775,0,0,0,0,1.0,1.0,1.0,1.0,1.0,1,0.5849031250550103,28
1867,4,4779,4779,0,0,0,0,1.0,1.0,1.0,1.0,1.0,1,0.6265914232735317,26
1868,1,4780,4780,0,0,0,0,1.0,1.0,1.0,1.0,1.0,1,0.6223462542171568,26
1869,1,4781,4781,0,0,0,0,1.0,1.0,1.0,1.0,1.0,1,0.6751334361747919,25
1870,1,4782,4782,0,0,0,0,1.0,1.0,1.0,1.0,1.0,1,0.6851956004831493,25
1871,1,4783,4783,0,0,0,0,1.0,1.0,1.0,1.0,1.0,1,0.6619897804583216,26
1872,0,4783,4783,0,0,0,0,1.0,1.0,1.0,1.0,1.0,1,0.6710878865417159,25
1873,1,4784,4784,0,0,0,0,1.0,1.0,1.0,1.0,1.0,1,0.7175173314817144,23
1874,2,4786,4786,0,0,0,0,1.0,1.0,1.0,1.0,1.0,1,0.7307683390306736,23
1875,0,4786,4786,0,0,0,0,1.0,1.0,1.0,1.0,1.0,1,0.7863643416890371,21
1876,1,4787,4787,0,0,0,0,1.0,1.0,1.0,1.0,1.0,1,0.7368547225588495,24
1877,0,4787,4787,0,0,0,0,1.0,1.0,1.0,1.0,1.0,1,0.7368547225588495,24
1878,0,4787,4787,0,0,0,0,1.0,1.0,1.0,1.0,1.0,1,0.7021179207490108,26
1879,0,4787,4787,0,0,0,0,1.0,1.0,1.0,1.0,1.0,1,0.7021179207490108,26
1880,2,4789,4789,0,0,0,0,1.0,1.0,1.0,1.0,1.0,1,0.7067067466966087,26
1881,0,4789,4789,0,0,0,0,1.0,1.0,1.0,1.0,1.0,1,0.7067067466966087,26
1882,0,4789,4789,0,0,0,0,1.0,1.0,1.0,1.0,1.0,1,0.7199379526907497,25
1883,1,4790,4790,0,0,0,0,1.0,1.0,1.0,1.0,1.0,1,0.7335949466785017,25
1884,0,4790,4790,0,0,0,0,1.0,1.0,1.0,1.0,1.0,1,0.7335949466785017,25
1885,2,4792,4792,0,0,0,0,1.0,1.0,1.0,1.0,1.0,1,0.7824672476095946,25
1886,0,4792,4792,0,0,0,0,1.0,1.0,1.0,1.0,1.0,1,0.7649663133075595,26
1887,1,4793,4793,0,0,0,0,1.0,1.0,1.0,1.0,1.0,1,0.7494688626313409,26
1888,0,4793,4793,0,0,0,0,1.0,1.0,1.0,1.0,1.0,1,0.7387063008558368,27
1889,0,4793,4793,0,0,0,0,1.0,1.0,1.0,1.0,1.0,1,0.7355245895553383,28
1890,1,4794,4794,0,0,0,0,1.0,1.0,1.0,1.0,1.0,1,0.720859901061039,28
1891,1,4795,4795,0,0,0,0,1.0,1.0,1.0,1.0,1.0,1,0.7358307872126257,29
1892,0,4795,4795,0,0,0,0,1.0,1.0,1.0,1.0,1.0,1,0.7358307872126257,29
1893,1,4796,4796,0,0,0,0,1.0,1.0,1.0,1.0,1.0,1,0.7432899169717988,29
1894,1,4797,4797,0,0,0,0,1.0,1.0,1.0,1.0,1.0,1,0.7316400407078267,29
1895,0,4797,4797,0,0,0,0,1.0,1.0,1.0,1.0,1.0,1,0.6918493471633943,31
1896,0,4797,4797,0,0,0,0,1.0,1.0,1.0,1.0,1.0,1,0.6918493471633943,31
1897,1,4798,4798,0,0,0,0,1.0,1.0,1.0,1.0,1.0,1,0.67660607224714,31
1898,1,4799,4799,0,0,0,0,1.0,1.0,1.0,1.0,1.0,1,0.6918493471633943,31
1899,0,4799,4799,0,0,0,0,1.0,1.0,1.0,1.0,1.0,1,0.6834385715869515,32
1900,1,4800,4800,0,0,0,0,1.0,1.0,1.0,1.0,1.0,1,0.6736218618306861,32
1901,0,4800,4800,0,0,0,0,1.0,1.0,1.0,1.0,1.0,1,0.6736218618306861,32
1902,1,4801,4801,0,0,0,0,1.0,1.0,1.0,1.0,1.0,1,0.7041839278670268,32
1903,1,4802,4802,0,0,0,0,1.0,1.0,1.0,1.0,1.0,1,0.7170356709439675,32
1904,2,4804,4804,0,0,0,0,1.0,1.0,1.0,1.0,1.0,1,0.7021788426999254,34
1905,2,4806,4806,0,0,0,0,1.0,1.0,1.0,1.0,1.0,1,0.7149874115188596,34
1906,0,4806,4806,0,0,0,0,1.0,1.0,1.0,1.0,1.0,1,0.714059293874892,35
1907,1,4807,4807,0,0,0,0,1.0,1.0,1.0,1.0,1.0,1,0.6888148456660143,36
1908,2,4809,4809,0,0,0,0,1.0,1.0,1.0,1.0,1.0,1,0.6597866173051321,36
1909,1,4810,4810,0,0,0,0,1.0,1.0,1.0,1.0,1.0,1,0.6254564745525621,37
1910,3,4813,4813,0,0,0,0,1.0,1.0,1.0,1.0,1.0,1,0.5873382856057742,38
1911,2,4815,4815,0,0,0,0,1.0,1.0,1.0,1.0,1.0,1,0.6487440331960994,37
1912,3,4818,4818,0,0,0,0,1.0,1.0,1.0,1.0,1.0,1,0.5926898440103011,37
1913,3,4821,4821,0,0,0,0,1.0,1.0,1.0,1.0,1.0,1,0.6072717056314105,36
1914,3,4824,4824,0,0,0,0,1.0,1.0,1.0,1.0,1.0,1,0.5612966424689964,37
1915,1,4825,4825,0,0,0,0,1.0,1.0,1.0,1.0,1.0,1,0.5327590022806177,37
1916,2,4827,4827,0,0,0,0,1.0,1.0,1.0,1.0,1.0,1,0.5250753035118378,39
1917,1,4828,4828,0,0,0,0,1.0,1.0,1.0,1.0,1.0,1,0.5357898152924373,38
1918,3,4831,4831,0,0,0,0,1.0,1.0,1.0,1.0,1.0,1,0.5637916331783167,38
1919,0,4831,4831,0,0,0,0,1.0,1.0,1.0,1.0,1.0,1,0.5731630230237763,38
1920,3,4834,4834,0,0,0,0,1.0,1.0,1.0,1.0,1.0,1,0.6191497102490264,39
1921,1,4835,4835,0,0,0,0,1.0,1.0,1.0,1.0,1.0,1,0.595466413874989,38
1922,3,4838,4838,0,0,0,0,1.0,1.0,1.0,1.0,1.0,1,0.5905071788358912,39
1923,3,4841,4841,0,0,0,0,1.0,1.0,1.0,1.0,1.0,1,0.5738486233676524,40
1924,2,4843,4843,0,0,0,0,1.0,1.0,1.0,1.0,1.0,1,0.546008681360674,40
1925,6,4849,4849,0,0,0,0,1.0,1.0,1.0,1.0,1.0,1,0.5665635817301261,40
1926,1,4850,4850,0,0,0,0,1.0,1.0,1.0,1.0,1.0,1,0.5791563662168828,40
1927,3,4853,4853,0,0,0,0,1.0,1.0,1.0,1.0,1.0,1,0.5598045862326232,41
1928,1,4854,4854,0,0,0,0,1.0,1.0,1.0,1.0,1.0,1,0.5659400179501156,41
1929,5,4859,4859,0,0,0,0,1.0,1.0,1.0,1.0,1.0,1,0.56469642676761,40
1930,2,4861,4861,0,0,0,0,1.0,1.0,1.0,1.0,1.0,1,0.5626956368996471,40
1931,2,4863,4863,0,0,0,0,1.0,1.0,1.0,1.0,1.0,1,0.5859642288277712,40
1932,1,4864,4864,0,0,0,0,1.0,1.0,1.0,1.0,1.0,1,0.5785601888794509,40
1933,2,4866,4866,0,0,0,0,1.0,1.0,1.0,1.0,1.0,1,0.5696090019671005,42
1934,1,4867,4867,0,0,0,0,1.0,1.0,1.0,1.0,1.0,1,0.5655440053550685,44
1935,2,4869,4869,0,0,0,0,1.0,1.0,1.0,1.0,1.0,1,0.5722587431753071,44
1936,3,4872,4872,0,0,0,0,1.0,1.0,1.0,1.0,1.0,1,0.5400122735979483,46
1937,2,4874,4874,0,0,0,0,1.0,1.0,1.0,1.0,1.0,1,0.5452669670609408,47
1938,3,4877,4877,0,0,0,0,1.0,1.0,1.0,1.0,1.0,1,0.5275679491118825,47
1939,1,4878,4878,0,0,0,0,1.0,1.0,1.0,1.0,1.0,1,0.5245775866899033,47
1940,4,4882,4882,0,0,0,0,1.0,1.0,1.0,1.0,1.0,1,0.4947724423064219,47
1941,6,4888,4888,0,0,0,0,1.0,1.0,1.0,1.0,1.0,1,0.5181773743085544,47
1942,4,4892,4892,0,0,0,0,1.0,1.0,1.0,1.0,1.0,1,0.47658058964231736,49
1943,2,4894,4894,0,0,0,0,1.0,1.0,1.0,1.0,1.0,1,0.5138950794810361,47
1944,4,4898,4898,0,0,0,0,1.0,1.0,1.0,1.0,1.0,1,0.4838761458900387,47
1945,5,4903,4903,0,0,0,0,1.0,1.0,1.0,1.0,1.0,1,0.5088829148913296,45
1946,3,4906,4906,0,0,0,0,1.0,1.0,1.0,1.0,1.0,1,0.5245527488365141,45
1947,4,4910,4910,0,0,0,0,1.0,1.0,1.0,1.0,1.0,1,0.547654251881445,45
1948,5,4915,4915,0,0,0,0,1.0,1.0,1.0,1.0,1.0,1,0.5543525090266884,45
1949,3,4918,4918,0,0,0,0,1.0,1.0,1.0,1.0,1.0,1,0.5685829699140997,42
1950,0,4918,4918,0,0,0,0,1.0,1.0,1.0,1.0,1.0,1,0.5637665318688594,42
1951,4,4922,4922,0,0,0,0,1.0,1.0,1.0,1.0,1.0,1,0.5776528978159597,38
1952,3,4925,4925,0,0,0,0,1.0,1.0,1.0,1.0,1.0,1,0.5661755953711487,36
1953,3,4928,4928,0,0,0,0,1.0,1.0,1.0,1.0,1.0,1,0.5866001458057791,35
1954,2,4930,4930,0,0,0,0,1.0,1.0,1.0,1.0,1.0,1,0.6250385660709724,32
1955,4,4934,4934,0,0,0,0,1.0,1.0,1.0,1.0,1.0,1,0.5604094657953204,33
1956,5,4939,4939,0,0,0,0,1.0,1.0,1.0,1.0,1.0,1,0.6529753052499407,31
1957,6,4945,4945,0,0,0,0,1.0,1.0,1.0,1.0,1.0,1,0.5840869792466101,33
1958,2,4947,4947,0,0,0,0,1.0,1.0,1.0,1.0,1.0,1,0.5749791434131932,34
1959,3,4950,4950,0,0,0,0,1.0,1.0,1.0,1.0,1.0,1,0.5611031432420697,35
1960,3,4953,4953,0,0,0,0,1.0,1.0,1.0,1.0,1.0,1,0.5867383735054023,36
1961,2,4955,4955,0,0,0,0,1.0,1.0,1.0,1.0,1.0,1,0.5813937142337927,36
1962,1,4956,4956,0,0,0,0,1.0,1.0,1.0,1.0,1.0,1,0.571339384802201,35
1963,5,4961,4961,0,0,0,0,1.0,1.0,1.0,1.0,1.0,1,0.5355100254767744,36
1964,4,4965,4965,0,0,0,0,1.0,1.0,1.0,1.0,1.0,1,0.5632417763350936,35
1965,3,4968,4968,0,0,0,0,1.0,1.0,1.0,1.0,1.0,1,0.5612879523366459,36
1966,5,4973,4973,0,0,0,0,1.0,1.0,1.0,1.0,1.0,1,0.5064575184404005,36
1967,1,4974,4974,0,0,0,0,1.0,1.0,1.0,1.0,1.0,1,0.4970002345553773,36
1968,3,4977,4977,0,0,0,0,1.0,1.0,1.0,1.0,1.0,1,0.5056414140905094,37
1969,1,4978,4978,0,0,0,0,1.0,1.0,1.0,1.0,1.0,1,0.4986184800011874,37
1970,1,4979,4979,0,0,0,0,1.0,1.0,1.0,1.0,1.0,1,0.4891934523430234,38
1971,0,4979,4979,0,0,0,0,1.0,1.0,1.0,1.0,1.0,1,0.49394454718310177,37
1972,2,4981,4981,0,0,0,0,1.0,1.0,1.0,1.0,1.0,1,0.537964763770916,37
1973,2,4983,4983,0,0,0,0,1.0,1.0,1.0,1.0,1.0,1,0.5689592361693808,37
1974,3,4986,4986,0,0,0,0,1.0,1.0,1.0,1.0,1.0,1,0.6129247657269641,38
1975,2,4988,4988,0,0,0,0,1.0,1.0,1.0,1.0,1.0,1,0.6238197144918208,37
1976,2,4990,4990,0,0,0,0,1.0,1.0,1.0,1.0,1.0,1,0.5813600683476335,39
1977,2,4992,4992,0,0,0,0,1.0,1.0,1.0,1.0,1.0,1,0.5616724773457102,42
1978,0,4992,4992,0,0,0,0,1.0,1.0,1.0,1.0,1.0,1,0.5616724773457102,42
1979,8,5000,5000,0,0,0,0,1.0,1.0,1.0,1.0,1.0,1,0.49267465011034844,42
1980,2,5002,5002,0,0,0,0,1.0,1.0,1.0,1.0,1.0,1,0.5199810572371418,43
1981,4,5006,5006,0,0,0,0,1.0,1.0,1.0,1.0,1.0,1,0.5292130064553482,44
1982,1,5007,5007,0,0,0,0,1.0,1.0,1.0,1.0,1.0,1,0.5336985826552813,44
1983,3,5010,5010,0,0,0,0,1.0,1.0,1.0,1.0,1.0,1,0.5469962839147542,44
1984,4,5014,5014,0,0,0,0,1.0,1.0,1.0,1.0,1.0,1,0.6063032898323122,42
1985,1,5015,5015,0,0,0,0,1.0,1.0,1.0,1.0,1.0,1,0.5778752426084373,41
1986,2,5017,5017,0,0,0,0,1.0,1.0,1.0,1.0,1.0,1,0.6184375707313817,40
1987,3,5020,5020,0,0,0,0,1.0,1.0,1.0,1.0,1.0,1,0.62531612178921,37
1988,1,5021,5021,0,0,0,0,1.0,1.0,1.0,1.0,1.0,1,0.6460296705716662,35
1989,3,5024,5024,0,0,0,0,1.0,1.0,1.0,1.0,1.0,1,0.6502457136742621,32
1990,0,5024,5024,0,0,0,0,1.0,1.0,1.0,1.0,1.0,1,0.6175737046943188,31
1991,2,5026,5026,0,0,0,0,1.0,1.0,1.0,1.0,1.0,1,0.6100757275157721,32
1992,1,5027,5027,0,0,0,0,1.0,1.0,1.0,1.0,1.0,1,0.5862388521021652,32
1993,0,5027,5027,0,0,0,0,1.0,1.0,1.0,1.0,1.0,1,0.5751071699156101,32
1994,1,5028,5028,0,0,0,0,1.0,1.0,1.0,1.0,1.0,1,0.5767004801262673,31
1995,2,5030,5030,0,0,0,0,1.0,1.0,1.0,1.0,1.0,1,0.5412473084832449,32
1996,2,5032,5032,0,0,0,0,1.0,1.0,1.0,1.0,1.0,1,0.5249938239570566,32
1997,0,5032,5032,0,0,0,0,1.0,1.0,1.0,1.0,1.0,1,0.5281735936159174,31
1998,1,5033,5033,0,0,0,0,1.0,1.0,1.0,1.0,1.0,1,0.512821189752402,32
1999,2,5035,5035,0,0,0,0,1.0,1.0,1.0,1.0,1.0,1,0.5136597690605113,31
2000,1,5036,5036,0,0,0,0,1.0,1.0,1.0,1.0,1.0,1,0.5191126392162797,30
2001,1,5037,5037,0,0,0,0,1.0,1.0,1.0,1.0,1.0,1,0.5632215258457834,29
2002,1,5038,5038,0,0,0,0,1.0,1.0,1.0,1.0,1.0,1,0.5496611747662336,31
2003,3,5041,5041,0,0,0,0,1.0,1.0,1.0,1.0,1.0,1,0.5825203906814682,33
2004,5,5046,5046,0,0,0,0,1.0,1.0,1.0,1.0,1.0,1,0.5912364347671691,34
2005,3,5049,5049,0,0,0,0,1.0,1.0,1.0,1.0,1.0,1,0.5620026438524199,35
2006,3,5052,5052,0,0,0,0,1.0,1.0,1.0,1.0,1.0,1,0.582763526918351,36
2007,7,5059,5059,0,0,0,0,1.0,1.0,1.0,1.0,1.0,1,0.5331105311659861,36
2008,6,5065,5065,0,0,0,0,1.0,1.0,1.0,1.0,1.0,1,0.6154817548598733,36
2009,2,5067,5067,0,0,0,0,1.0,1.0,1.0,1.0,1.0,1,0.5733455847124066,37
2010,1,5068,5068,0,0,0,0,1.0,1.0,1.0,1.0,1.0,1,0.5814792116942802,37
2011,2,5070,5070,0,0,0,0,1.0,1.0,1.0,1.0,1.0,1,0.585640424073998,37
2012,2,5072,5072,0,0,0,0,1.0,1.0,1.0,1.0,1.0,1,0.6150658463007598,37
2013,3,5075,5075,0,0,0,0,1.0,1.0,1.0,1.0,1.0,1,0.608360000805307,39
2014,1,5076,5076,0,0,0,0,1.0,1.0,1.0,1.0,1.0,1,0.6225373957266285,39
2015,3,5079,5079,0,0,0,0,1.0,1.0,1.0,1.0,1.0,1,0.6589342805686947,39
2016,2,5081,5081,0,0,0,0,1.0,1.0,1.0,1.0,1.0,1,0.5965555083434292,41
2017,4,5085,5085,0,0,0,0,1.0,1.0,1.0,1.0,1.0,1,0.6214067908248238,41
2018,2,5087,5087,0,0,0,0,1.0,1.0,1.0,1.0,1.0,1,0.6136562386520618,42
2019,5,5092,5092,0,0,0,0,1.0,1.0,1.0,1.0,1.0,1,0.5669446155030367,43
2020,4,5096,5096,0,0,0,0,1.0,1.0,1.0,1.0,1.0,1,0.5437723475249747,43
2021,2,5098,5098,0,0,0,0,1.0,1.0,1.0,1.0,1.0,1,0.5315199092520406,43
2022,6,5104,5104,0,0,0,0,1.0,1.0,1.0,1.0,1.0,1,0.5287576938555641,44
2023,1,5105,5105,0,0,0,0,1.0,1.0,1.0,1.0,1.0,1,0.5566238353276571,42
2024,4,5109,5109,0,0,0,0,1.0,1.0,1.0,1.0,1.0,1,0.5735407661454,41
2025,1,5110,5110,0,0,0,0,1.0,1.0,1.0,1.0,1.0,1,0.5875992181040149,39
2026,4,5114,5114,0,0,0,0,1.0,1.0,1.0,1.0,1.0,1,0.5761570942520672,39
2027,0,5114,5114,0,0,0,0,1.0,1.0,1.0,1.0,1.0,1,0.601968670671646,38
2028,7,5121,5121,0,0,0,0,1.0,1.0,1.0,1.0,1.0,1,0.5804430095518401,37
2029,1,5122,5122,0,0,0,0,1.0,1.0,1.0,1.0,1.0,1,0.6055252770868392,35
2030,5,5127,5127,0,0,0,0,1.0,1.0,1.0,1.0,1.0,1,0.5887930808482833,32
2031,6,5133,5133,0,0,0,0,1.0,1.0,1.0,1.0,1.0,1,0.5915360631060432,34
2032,3,5136,5136,0,0,0,0,1.0,1.0,1.0,1.0,1.0,1,0.6110096445769624,35
2033,6,5142,5142,0,0,0,0,1.0,1.0,1.0,1.0,1.0,1,0.5943416854526774,35
2034,8,5150,5150,0,0,0,0,1.0,1.0,1.0,1.0,1.0,1,0.6053339768972691,35
2035,4,5154,5154,0,0,0,0,1.0,1.0,1.0,1.0,1.0,1,0.6130018089969922,36
2036,1,5155,5155,0,0,0,0,1.0,1.0,1.0,1.0,1.0,1,0.6147429177445124,35
2037,3,5158,5158,0,0,0,0,1.0,1.0,1.0,1.0,1.0,1,0.539276738647571,36
2038,2,5160,5160,0,0,0,0,1.0,1.0,1.0,1.0,1.0,1,0.5364357875501105,38
2039,1,5161,5161,0,0,0,0,1.0,1.0,1.0,1.0,1.0,1,0.5642658841148902,38
2040,0,5161,5161,0,0,0,0,1.0,1.0,1.0,1.0,1.0,1,0.5539694898762758,37
2041,2,5163,5163,0,0,0,0,1.0,1.0,1.0,1.0,1.0,1,0.5195386306740629,38
2042,0,5163,5163,0,0,0,0,1.0,1.0,1.0,1.0,1.0,1,0.5195386306740629,38
2043,2,5165,5165,0,0,0,0,1.0,1.0,1.0,1.0,1.0,1,0.5058092377000064,38
2044,0,5165,5165,0,0,0,0,1.0,1.0,1.0,1.0,1.0,1,0.5038259483928624,39
2045,3,5168,5168,0,0,0,0,1.0,1.0,1.0,1.0,1.0,1,0.50535702802039,40
2046,3,5171,5171,0,0,0,0,1.0,1.0,1.0,1.0,1.0,1,0.4796764606168823,41
2047,1,5172,5172,0,0,0,0,1.0,1.0,1.0,1.0,1.0,1,0.47305169892517274,41
2048,3,5175,5175,0,0,0,0,1.0,1.0,1.0,1.0,1.0,1,0.4666308859152786,43
2049,1,5176,5176,0,0,0,0,1.0,1.0,1.0,1.0,1.0,1,0.45715553020273825,43
2050,3,5179,5179,0,0,0,0,1.0,1.0,1.0,1.0,1.0,1,0.4561224098385776,43
2051,2,5181,5181,0,0,0,0,1.0,1.0,1.0,1.0,1.0,1,0.4929851784514905,43
2052,0,5181,5181,0,0,0,0,1.0,1.0,1.0,1.0,1.0,1,0.4980877836614475,44
2053,5,5186,5186,0,0,0,0,1.0,1.0,1.0,1.0,1.0,1,0.5012695027056525,43
2054,1,5187,5187,0,0,0,0,1.0,1.0,1.0,1.0,1.0,1,0.48993944266908007,44
2055,3,5190,5190,0,0,0,0,1.0,1.0,1.0,1.0,1.0,1,0.5514153942770658,43
2056,2,5192,5192,0,0,0,0,1.0,1.0,1.0,1.0,1.0,1,0.5431998134946536,44
2057,0,5192,5192,0,0,0,0,1.0,1.0,1.0,1.0,1.0,1,0.53272721088721,44
2058,3,5195,5195,0,0,0,0,1.0,1.0,1.0,1.0,1.0,1,0.4813849484057989,44
2059,6,5201,5201,0,0,0,0,1.0,1.0,1.0,1.0,1.0,1,0.47849634003437586,45
2060,3,5204,5204,0,0,0,0,1.0,1.0,1.0,1.0,1.0,1,0.44998476845700586,46
2061,2,5206,5206,0,0,0,0,1.0,1.0,1.0,1.0,1.0,1,0.4390615033078617,48
2062,3,5209,5209,0,0,0,0,1.0,1.0,1.0,1.0,1.0,1,0.46883161103421467,48
2063,4,5213,5213,0,0,0,0,1.0,1.0,1.0,1.0,1.0,1,0.47081277897862717,45
2064,2,5215,5215,0,0,0,0,1.0,1.0,1.0,1.0,1.0,1,0.4909290787155406,44
2065,2,5217,5217,0,0,0,0,1.0,1.0,1.0,1.0,1.0,1,0.5077396413365699,42
2066,1,5218,5218,0,0,0,0,1.0,1.0,1.0,1.0,1.0,1,0.5228203974007007,42
2067,3,5221,5221,0,0,0,0,1.0,1.0,1.0,1.0,1.0,1,0.5659791359762606,38
2068,1,5222,5222,0,0,0,0,1.0,1.0,1.0,1.0,1.0,1,0.596270475500057,37
2069,1,5223,5223,0,0,0,0,1.0,1.0,1.0,1.0,1.0,1,0.6009462768527037,35
2070,0,5223,5223,0,0,0,0,1.0,1.0,1.0,1.0,1.0,1,0.6017573319137318,35
2071,2,5225,5225,0,0,0,0,1.0,1.0,1.0,1.0,1.0,1,0.5987859268060749,34
2072,1,5226,5226,0,0,0,0,1.0,1.0,1.0,1.0,1.0,1,0.6287733799663687,35
2073,2,5228,5228,0,0,0,0,1.0,1.0,1.0,1.0,1.0,1,0.616744314997252,37
2074,1,5229,5229,0,0,0,0,1.0,1.0,1.0,1.0,1.0,1,0.6159093319248172,36
2075,3,5232,5232,0,0,0,0,1.0,1.0,1.0,1.0,1.0,1,0.5814275075509032,38
2076,1,5233,5233,0,0,0,0,1.0,1.0,1.0,1.0,1.0,1,0.5893321367066671,37
2077,5,5238,5238,0,0,0,0,1.0,1.0,1.0,1.0,1.0,1,0.6093516092877475,37
2078,3,5241,5241,0,0,0,0,1.0,1.0,1.0,1.0,1.0,1,0.6122906455800785,37
2079,4,5245,5245,0,0,0,0,1.0,1.0,1.0,1.0,1.0,1,0.6189017730567669,37
2080,6,5251,5251,0,0,0,0,1.0,1.0,1.0,1.0,1.0,1,0.5605504301797138,36
2081,4,5255,5255,0,0,0,0,1.0,1.0,1.0,1.0,1.0,1,0.5923544250861172,37
2082,6,5261,5261,0,0,0,0,1.0,1.0,1.0,1.0,1.0,1,0.5377233719220836,38
2083,1,5262,5262,0,0,0,0,1.0,1.0,1.0,1.0,1.0,1,0.5541094762184,39
2084,6,5268,5268,0,0,0,0,1.0,1.0,1.0,1.0,1.0,1,0.5121334472929187,41
2085,4,5272,5272,0,0,0,0,1.0,1.0,1.0,1.0,1.0,1,0.5145543739492253,41
2086,2,5274,5274,0,0,0,0,1.0,1.0,1.0,1.0,1.0,1,0.5033698365349168,44
2087,2,5276,5276,0,0,0,0,1.0,1.0,1.0,1.0,1.0,1,0.49550020754707785,44
2088,1,5277,5277,0,0,0,0,1.0,1.0,1.0,1.0,1.0,1,0.5002926996553619,45
2089,0,5277,5277,0,0,0,0,1.0,1.0,1.0,1.0,1.0,1,0.4891801198357973,46
2090,1,5278,5278,0,0,0,0,1.0,1.0,1.0,1.0,1.0,1,0.5031248415444575,47
2091,0,5278,5278,0,0,0,0,1.0,1.0,1.0,1.0,1.0,1,0.49539438332436914,48
2092,1,5279,5279,0,0,0,0,1.0,1.0,1.0,1.0,1.0,1,0.47700730956616805,48
2093,3,5282,5282,0,0,0,0,1.0,1.0,1.0,1.0,1.0,1,0.5012797384096782,48
2094,4,5286,5286,0,0,0,0,1.0,1.0,1.0,1.0,1.0,1,0.45114955905026677,47
2095,1,5287,5287,0,0,0,0,1.0,1.0,1.0,1.0,1.0,1,0.45018679124424177,49
2096,3,5290,5290,0,0,0,0,1.0,1.0,1.0,1.0,1.0,1,0.46708000570965175,50
2097,2,5292,5292,0,0,0,0,1.0,1.0,1.0,1.0,1.0,1,0.46965164252260594,50
2098,2,5294,5294,0,0,0,0,1.0,1.0,1.0,1.0,1.0,1,0.49443223879266934,51
2099,4,5298,5298,0,0,0,0,1.0,1.0,1.0,1.0,1.0,1,0.4954015817594825,50
2100,3,5301,5301,0,0,0,0,1.0,1.0,1.0,1.0,1.0,1,0.5229733141511569,49
2101,1,5302,5302,0,0,0,0,1.0,1.0,1.0,1.0,1.0,1,0.5282787588467006,48
2102,5,5307,5307,0,0,0,0,1.0,1.0,1.0,1.0,1.0,1,0.5483970652553333,49
2103,4,5311,5311,0,0,0,0,1.0,1.0,1.0,1.0,1.0,1,0.5576659293604503,44
2104,6,5317,5317,0,0,0,0,1.0,1.0,1.0,1.0,1.0,1,0.5851465939922866,42
2105,4,5321,5321,0,0,0,0,1.0,1.0,1.0,1.0,1.0,1,0.5882125763563703,40
2106,6,5327,5327,0,0,0,0,1.0,1.0,1.0,1.0,1.0,1,0.6404523984347413,39
2107,1,5328,5328,0,0,0,0,1.0,1.0,1.0,1.0,1.0,1,0.6182093758886327,37
2108,4,5332,5332,0,0,0,0,1.0,1.0,1.0,1.0,1.0,1,0.616464898633922,37
2109,0,5332,5332,0,0,0,0,1.0,1.0,1.0,1.0,1.0,1,0.6083417430035959,36
2110,0,5332,5332,0,0,0,0,1.0,1.0,1.0,1.0,1.0,1,0.5882114272798709,35
2111,1,5333,5333,0,0,0,0,1.0,1.0,1.0,1.0,1.0,1,0.5732325448660579,35
2112,2,5335,5335,0,0,0,0,1.0,1.0,1.0,1.0,1.0,1,0.6164439779414261,35
2113,0,5335,5335,0,0,0,0,1.0,1.0,1.0,1.0,1.0,1,0.616054095726392,35
2114,2,5337,5337,0,0,0,0,1.0,1.0,1.0,1.0,1.0,1,0.6217430841075403,36
2115,1,5338,5338,0,0,0,0,1.0,1.0,1.0,1.0,1.0,1,0.5948868861938263,37
2116,3,5341,5341,0,0,0,0,1.0,1.0,1.0,1.0,1.0,1,0.56170894596194,39
2117,3,5344,5344,0,0,0,0,1.0,1.0,1.0,1.0,1.0,1,0.5171808442651662,39
2118,3,5347,5347,0,0,0,0,1.0,1.0,1.0,1.0,1.0,1,0.5102498524250356,41
2119,0,5347,5347,0,0,0,0,1.0,1.0,1.0,1.0,1.0,1,0.51875522732317,42
2120,2,5349,5349,0,0,0,0,1.0,1.0,1.0,1.0,1.0,1,0.5116140163990842,42
2121,0,5349,5349,0,0,0,0,1.0,1.0,1.0,1.0,1.0,1,0.5116140163990842,42
2122,1,5350,5350,0,0,0,0,1.0,1.0,1.0,1.0,1.0,1,0.5172316107273668,43
2123,2,5352,5352,0,0,0,0,1.0,1.0,1.0,1.0,1.0,1,0.5221065149383954,42
2124,1,5353,5353,0,0,0,0,1.0,1.0,1.0,1.0,1.0,1,0.5159340263524227,42
2125,1,5354,5354,0,0,0,0,1.0,1.0,1.0,1.0,1.0,1,0.5130445152425481,41
2126,0,5354,5354,0,0,0,0,1.0,1.0,1.0,1.0,1.0,1,0.5130445152425481,41
2127,2,5356,5356,0,0,0,0,1.0,1.0,1.0,1.0,1.0,1,0.5243637861502624,41
2128,2,5358,5358,0,0,0,0,1.0,1.0,1.0,1.0,1.0,1,0.5064767482301755,42
2129,1,5359,5359,0,0,0,0,1.0,1.0,1.0,1.0,1.0,1,0.5304094954925692,43
2130,3,5362,5362,0,0,0,0,1.0,1.0,1.0,1.0,1.0,1,0.5056984243025494,45
2131,2,5364,5364,0,0,0,0,1.0,1.0,1.0,1.0,1.0,1,0.54432768536866,44
2132,7,5371,5371,0,0,0,0,1.0,1.0,1.0,1.0,1.0,1,0.5712564435661741,44
2133,4,5375,5375,0,0,0,0,1.0,1.0,1.0,1.0,1.0,1,0.5905165989749297,45
2134,7,5382,5382,0,0,0,0,1.0,1.0,1.0,1.0,1.0,1,0.5068167886995281,45
2135,8,5390,5390,0,0,0,0,1.0,1.0,1.0,1.0,1.0,1,0.5366571771161653,46
2136,2,5392,5392,0,0,0,0,1.0,1.0,1.0,1.0,1.0,1,0.524992431932054,47
2137,2,5394,5394,0,0,0,0,1.0,1.0,1.0,1.0,1.0,1,0.5367462606001593,47
2138,1,5395,5395,0,0,0,0,1.0,1.0,1.0,1.0,1.0,1,0.5400413064896329,45
2139,4,5399,5399,0,0,0,0,1.0,1.0,1.0,1.0,1.0,1,0.5691145597631112,45
2140,2,5401,5401,0,0,0,0,1.0,1.0,1.0,1.0,1.0,1,0.6054414288651379,44
2141,1,5402,5402,0,0,0,0,1.0,1.0,1.0,1.0,1.0,1,0.6061300220075339,45
2142,6,5408,5408,0,0,0,0,1.0,1.0,1.0,1.0,1.0,1,0.5705019089309806,46
2143,4,5412,5412,0,0,0,0,1.0,1.0,1.0,1.0,1.0,1,0.5373547710098858,46
2144,5,5417,5417,0,0,0,0,1.0,1.0,1.0,1.0,1.0,1,0.5370060362175558,48
2145,4,5421,5421,0,0,0,0,1.0,1.0,1.0,1.0,1.0,1,0.5787221483152848,46
2146,4,5425,5425,0,0,0,0,1.0,1.0,1.0,1.0,1.0,1,0.5495403290306106,45
2147,7,5432,5432,0,0,0,0,1.0,1.0,1.0,1.0,1.0,1,0.5570658539336654,44
2148,4,5436,5436,0,0,0,0,1.0,1.0,1.0,1.0,1.0,1,0.47636629785833645,44
2149,5,5441,5441,0,0,0,0,1.0,1.0,1.0,1.0,1.0,1,0.47824069026302934,42
2150,5,5446,5446,0,0,0,0,1.0,1.0,1.0,1.0,1.0,1,0.48330790750135816,40
2151,3,5449,5449,0,0,0,0,1.0,1.0,1.0,1.0,1.0,1,0.5003072515169219,39
2152,4,5453,5453,0,0,0,0,1.0,1.0,1.0,1.0,1.0,1,0.523922022085399,40
2153,1,5454,5454,0,0,0,0,1.0,1.0,1.0,1.0,1.0,1,0.5359740619050656,42
2154,3,5457,5457,0,0,0,0,1.0,1.0,1.0,1.0,1.0,1,0.5603488942081124,42
2155,2,5459,5459,0,0,0,0,1.0,1.0,1.0,1.0,1.0,1,0.5246876193537922,41
2156,0,5459,5459,0,0,0,0,1.0,1.0,1.0,1.0,1.0,1,0.5410939903404177,40
2157,3,5462,5462,0,0,0,0,1.0,1.0,1.0,1.0,1.0,1,0.5356521381299494,40
2158,2,5464,5464,0,0,0,0,1.0,1.0,1.0,1.0,1.0,1,0.5953155447804027,38
2159,3,5467,5467,0,0,0,0,1.0,1.0,1.0,1.0,1.0,1,0.5878657182426634,38
2160,2,5469,5469,0,0,0,0,1.0,1.0,1.0,1.0,1.0,1,0.6298911264508587,38
2161,5,5474,5474,0,0,0,0,1.0,1.0,1.0,1.0,1.0,1,0.6463110558470173,38
2162,6,5480,5480,0,0,0,0,1.0,1.0,1.0,1.0,1.0,1,0.6173765485972419,38
2163,5,5485,5485,0,0,0,0,1.0,1.0,1.0,1.0,1.0,1,0.5963233624415631,40
2164,5,5490,5490,0,0,0,0,1.0,1.0,1.0,1.0,1.0,1,0.5960250810951327,41
2165,2,5492,5492,0,0,0,0,1.0,1.0,1.0,1.0,1.0,1,0.6039961482080883,42
2166,6,5498,5498,0,0,0,0,1.0,1.0,1.0,1.0,1.0,1,0.5714132147558042,42
2167,1,5499,5499,0,0,0,0,1.0,1.0,1.0,1.0,1.0,1,0.5730847442561722,43
2168,0,5499,5499,0,0,0,0,1.0,1.0,1.0,1.0,1.0,1,0.5756126518629494,43
2169,0,5499,5499,0,0,0,0,1.0,1.0,1.0,1.0,1.0,1,0.5795510264873923,45
2170,1,5500,5500,0,0,0,0,1.0,1.0,1.0,1.0,1.0,1,0.58889209892098,46
2171,0,5500,5500,0,0,0,0,1.0,1.0,1.0,1.0,1.0,1,0.5707879518257775,48
2172,2,5502,5502,0,0,0,0,1.0,1.0,1.0,1.0,1.0,1,0.5629267235470473,49
2173,3,5505,5505,0,0,0,0,1.0,1.0,1.0,1.0,1.0,1,0.5589602504304806,49
2174,5,5510,5510,0,0,0,0,1.0,1.0,1.0,1.0,1.0,1,0.557431645177047,49
2175,2,5512,5512,0,0,0,0,1.0,1.0,1.0,1.0,1.0,1,0.5548762797888376,49
2176,2,5514,5514,0,0,0,0,1.0,1.0,1.0,1.0,1.0,1,0.5642843458806117,51
2177,6,5520,5520,0,0,0,0,1.0,1.0,1.0,1.0,1.0,1,0.5330781324520271,51
2178,2,5522,5522,0,0,0,0,1.0,1.0,1.0,1.0,1.0,1,0.5206753821284101,50
2179,5,5527,5527,0,0,0,0,1.0,1.0,1.0,1.0,1.0,1,0.4816641403927174,49
2180,3,5530,5530,0,0,0,0,1.0,1.0,1.0,1.0,1.0,1,0.47973998868771733,47
2181,4,5534,5534,0,0,0,0,1.0,1.0,1.0,1.0,1.0,1,0.4539354000674107,47
2182,8,5542,5542,0,0,0,0,1.0,1.0,1.0,1.0,1.0,1,0.47387128467865336,45
2183,2,5544,5544,0,0,0,0,1.0,1.0,1.0,1.0,1.0,1,0.4764971932882553,44
2184,7,5551,5551,0,0,0,0,1.0,1.0,1.0,1.0,1.0,1,0.47024615641472417,43
2185,1,5552,5552,0,0,0,0,1.0,1.0,1.0,1.0,1.0,1,0.4766720163367381,40
2186,3,5555,5555,0,0,0,0,1.0,1.0,1.0,1.0,1.0,1,0.5340706324931667,38
2187,5,5560,5560,0,0,0,0,1.0,1.0,1.0,1.0,1.0,1,0.516325199772002,35
2188,1,5561,5561,0,0,0,0,1.0,1.0,1.0,1.0,1.0,1,0.5483245661976659,34
2189,3,5564,5564,0,0,0,0,1.0,1.0,1.0,1.0,1.0,1,0.5066340933472249,31
2190,2,5566,5566,0,0,0,0,1.0,1.0,1.0,1.0,1.0,1,0.5350838790392578,29
2191,5,5571,5571,0,0,0,0,1.0,1.0,1.0,1.0,1.0,1,0.5926809008888735,28
2192,2,5573,5573,0,0,0,0,1.0,1.0,1.0,1.0,1.0,1,0.6133581636108346,29
2193,3,5576,5576,0,0,0,0,1.0,1.0,1.0,1.0,1.0,1,0.639296378961014,28
2194,1,5577,5577,0,0,0,0,1.0,1.0,1.0,1.0,1.0,1,0.6516080361301013,27
2195,3,5580,5580,0,0,0,0,1.0,1.0,1.0,1.0,1.0,1,0.6521670511021035,27
2196,0,5580,5580,0,0,0,0,1.0,1.0,1.0,1.0,1.0,1,0.6851464397840505,27
2197,2,5582,5582,0,0,0,0,1.0,1.0,1.0,1.0,1.0,1,0.6830811916858163,27
2198,1,5583,5583,0,0,0,0,1.0,1.0,1.0,1.0,1.0,1,0.6327444216983489,28
2199,2,5585,5585,0,0,0,0,1.0,1.0,1.0,1.0,1.0,1,0.6170507506846538,29
2200,0,5585,5585,0,0,0,0,1.0,1.0,1.0,1.0,1.0,1,0.6166065256520298,31
2201,2,5587,5587,0,0,0,0,1.0,1.0,1.0,1.0,1.0,1,0.5957372417672203,32
2202,1,5588,5588,0,0,0,0,1.0,1.0,1.0,1.0,1.0,1,0.617093733645438,31
2203,2,5590,5590,0,0,0,0,1.0,1.0,1.0,1.0,1.0,1,0.6010228094939619,32
2204,4,5594,5594,0,0,0,0,1.0,1.0,1.0,1.0,1.0,1,0.6422860240670115,32
2205,2,5596,5596,0,0,0,0,1.0,1.0,1.0,1.0,1.0,1,0.6553838973212761,33
2206,4,5600,5600,0,0,0,0,1.0,1.0,1.0,1.0,1.0,1,0.6538115491123836,32
2207,2,5602,5602,0,0,0,0,1.0,1.0,1.0,1.0,1.0,1,0.6194988706251111,33
2208,5,5607,5607,0,0,0,0,1.0,1.0,1.0,1.0,1.0,1,0.565902595557985,35
2209,3,5610,5610,0,0,0,0,1.0,1.0,1.0,1.0,1.0,1,0.5687461489817022,36
2210,5,5615,5615,0,0,0,0,1.0,1.0,1.0,1.0,1.0,1,0.5762583593851826,35
2211,4,5619,5619,0,0,0,0,1.0,1.0,1.0,1.0,1.0,1,0.5906880436837036,36
2212,5,5624,5624,0,0,0,0,1.0,1.0,1.0,1.0,1.0,1,0.5925019269827744,37
2213,2,5626,5626,0,0,0,0,1.0,1.0,1.0,1.0,1.0,1,0.6122006120783338,37
2214,5,5631,5631,0,0,0,0,1.0,1.0,1.0,1.0,1.0,1,0.5971637771248247,39
2215,2,5633,5633,0,0,0,0,1.0,1.0,1.0,1.0,1.0,1,0.5682018467314457,36
2216,1,5634,5634,0,0,0,0,1.0,1.0,1.0,1.0,1.0,1,0.5367190110936687,37
2217,2,5636,5636,0,0,0,0,1.0,1.0,1.0,1.0,1.0,1,0.5293642510794965,35
2218,1,5637,5637,0,0,0,0,1.0,1.0,1.0,1.0,1.0,1,0.5163123708442215,35
2219,2,5639,5639,0,0,0,0,1.0,1.0,1.0,1.0,1.0,1,0.475870020385289,33
2220,3,5642,5642,0,0,0,0,1.0,1.0,1.0,1.0,1.0,1,0.4801533659205115,31
2221,4,5646,5646,0,0,0,0,1.0,1.0,1.0,1.0,1.0,1,0.48061467741312547,31
2222,2,5648,5648,0,0,0,0,1.0,1.0,1.0,1.0,1.0,1,0.525269129110272,30
2223,4,5652,5652,0,0,0,0,1.0,1.0,1.0,1.0,1.0,1,0.5965653448099125,28
2224,0,5652,5652,0,0,0,0,1.0,1.0,1.0,1.0,1.0,1,0.586952219915844,29
2225,2,5654,5654,0,0,0,0,1.0,1.0,1.0,1.0,1.0,1,0.6524475977025612,28
2226,3,5657,5657,0,0,0,0,1.0,1.0,1.0,1.0,1.0,1,0.5691401740383273,30
2227,1,5658,5658,0,0,0,0,1.0,1.0,1.0,1.0,1.0,1,0.5605740091735183,28
2228,1,5659,5659,0,0,0,0,1.0,1.0,1.0,1.0,1.0,1,0.5416552395482579,29
2229,3,5662,5662,0,0,0,0,1.0,1.0,1.0,1.0,1.0,1,0.5370399754979511,28
2230,0,5662,5662,0,0,0,0,1.0,1.0,1.0,1.0,1.0,1,0.5355270181319871,28
2231,4,5666,5666,0,0,0,0,1.0,1.0,1.0,1.0,1.0,1,0.5105730052635603,27
2232,1,5667,5667,0,0,0,0,1.0,1.0,1.0,1.0,1.0,1,0.5275028396787854,27
2233,5,5672,5672,0,0,0,0,1.0,1.0,1.0,1.0,1.0,1,0.5300170352591856,28
2234,4,5676,5676,0,0,0,0,1.0,1.0,1.0,1.0,1.0,1,0.5349232636326617,26
2235,9,5685,5685,0,0,0,0,1.0,1.0,1.0,1.0,1.0,1,0.6002180379804058,26
2236,4,5689,5689,0,0,0,0,1.0,1.0,1.0,1.0,1.0,1,0.5624501521459925,26
2237,6,5695,5695,0,0,0,0,1.0,1.0,1.0,1.0,1.0,1,0.4664169746955673,26
2238,4,5699,5699,0,0,0,0,1.0,1.0,1.0,1.0,1.0,1,0.5132270877507261,27
2239,3,5702,5702,0,0,0,0,1.0,1.0,1.0,1.0,1.0,1,0.4919203839703213,28
2240,1,5703,5703,0,0,0,0,1.0,1.0,1.0,1.0,1.0,1,0.5250993603969324,30
2241,3,5706,5706,0,0,0,0,1.0,1.0,1.0,1.0,1.0,1,0.5467332153548936,29
2242,3,5709,5709,0,0,0,0,1.0,1.0,1.0,1.0,1.0,1,0.527531462812266,29
2243,3,5712,5712,0,0,0,0,1.0,1.0,1.0,1.0,1.0,1,0.5445690618276293,29
2244,2,5714,5714,0,0,0,0,1.0,1.0,1.0,1.0,1.0,1,0.5560320330210183,29
2245,2,5716,5716,0,0,0,0,1.0,1.0,1.0,1.0,1.0,1,0.5870584514246115,30
2246,0,5716,5716,0,0,0,0,1.0,1.0,1.0,1.0,1.0,1,0.5592179165507611,33
2247,2,5718,5718,0,0,0,0,1.0,1.0,1.0,1.0,1.0,1,0.572572220496855,34
2248,1,5719,5719,0,0,0,0,1.0,1.0,1.0,1.0,1.0,1,0.5868533508222077,34
2249,0,5719,5719,0,0,0,0,1.0,1.0,1.0,1.0,1.0,1,0.5606308206473666,35
2250,0,5719,5719,0,0,0,0,1.0,1.0,1.0,1.0,1.0,1,0.5606308206473666,35
2251,2,5721,5721,0,0,0,0,1.0,1.0,1.0,1.0,1.0,1,0.5614189068480592,36
2252,0,5721,5721,0,0,0,0,1.0,1.0,1.0,1.0,1.0,1,0.5734957064091987,37
2253,3,5724,5724,0,0,0,0,1.0,1.0,1.0,1.0,1.0,1,0.5679287199063187,35
2254,3,5727,5727,0,0,0,0,1.0,1.0,1.0,1.0,1.0,1,0.6046347178639634,33
2255,2,5729,5729,0,0,0,0,1.0,1.0,1.0,1.0,1.0,1,0.6015541598725247,35
2256,1,5730,5730,0,0,0,0,1.0,1.0,1.0,1.0,1.0,1,0.5792552552997685,34
2257,0,5730,5730,0,0,0,0,1.0,1.0,1.0,1.0,1.0,1,0.5457942428921966,36
2258,2,5732,5732,0,0,0,0,1.0,1.0,1.0,1.0,1.0,1,0.5172119791685774,35
2259,3,5735,5735,0,0,0,0,1.0,1.0,1.0,1.0,1.0,1,0.5383256677442813,35
2260,1,5736,5736,0,0,0,0,1.0,1.0,1.0,1.0,1.0,1,0.5285603975020566,33
2261,1,5737,5737,0,0,0,0,1.0,1.0,1.0,1.0,1.0,1,0.5393047661268213,33
2262,2,5739,5739,0,0,0,0,1.0,1.0,1.0,1.0,1.0,1,0.5915156813151357,32
2263,6,5745,5745,0,0,0,0,1.0,1.0,1.0,1.0,1.0,1,0.5630177601061533,31
2264,2,5747,5747,0,0,0,0,1.0,1.0,1.0,1.0,1.0,1,0.627034835395897,30
2265,7,5754,5754,0,0,0,0,1.0,1.0,1.0,1.0,1.0,1,0.6145974679553471,29
2266,5,5759,5759,0,0,0,0,1.0,1.0,1.0,1.0,1.0,1,0.5856516851172177,30
2267,6,5765,5765,0,0,0,0,1.0,1.0,1.0,1.0,1.0,1,0.5824931343761147,29
2268,5,5770,5770,0,0,0,0,1.0,1.0,1.0,1.0,1.0,1,0.528367432827069,30
2269,5,5775,5775,0,0,0,0,1.0,1.0,1.0,1.0,1.0,1,0.5276988715908681,31
2270,1,5776,5776,0,0,0,0,1.0,1.0,1.0,1.0,1.0,1,0.5566602536620366,31
2271,5,5781,5781,0,0,0,0,1.0,1.0,1.0,1.0,1.0,1,0.5635882535652101,31
2272,4,5785,5785,0,0,0,0,1.0,1.0,1.0,1.0,1.0,1,0.5391934759311431,31
2273,5,5790,5790,0,0,0,0,1.0,1.0,1.0,1.0,1.0,1,0.5381370333281881,30
2274,1,5791,5791,0,0,0,0,1.0,1.0,1.0,1.0,1.0,1,0.5018378626854554,31
2275,5,5796,5796,0,0,0,0,1.0,1.0,1.0,1.0,1.0,1,0.5654652907192806,32
2276,0,5796,5796,0,0,0,0,1.0,1.0,1.0,1.0,1.0,1,0.5788433442168901,31
2277,1,5797,5797,0,0,0,0,1.0,1.0,1.0,1.0,1.0,1,0.5679477415870866,31
2278,2,5799,5799,0,0,0,0,1.0,1.0,1.0,1.0,1.0,1,0.5352497238630931,32
2279,0,5799,5799,0,0,0,0,1.0,1.0,1.0,1.0,1.0,1,0.5467229703610809,32
2280,1,5800,5800,0,0,0,0,1.0,1.0,1.0,1.0,1.0,1,0.5246891033141728,33
2281,1,5801,5801,0,0,0,0,1.0,1.0,1.0,1.0,1.0,1,0.5571338957211834,34
2282,4,5805,5805,0,0,0,0,1.0,1.0,1.0,1.0,1.0,1,0.5733791232581205,34
2283,2,5807,5807,0,0,0,0,1.0,1.0,1.0,1.0,1.0,1,0.5878325519719608,34
2284,1,5808,5808,0,0,0,0,1.0,1.0,1.0,1.0,1.0,1,0.6063873593453815,34
2285,2,5810,5810,0,0,0,0,1.0,1.0,1.0,1.0,1.0,1,0.623344786183989,35
2286,2,5812,5812,0,0,0,0,1.0,1.0,1.0,1.0,1.0,1,0.6200058462432239,34
2287,1,5813,5813,0,0,0,0,1.0,1.0,1.0,1.0,1.0,1,0.6157761657130797,35
2288,0,5813,5813,0,0,0,0,1.0,1.0,1.0,1.0,1.0,1,0.6364150913519686,35
2289,0,5813,5813,0,0,0,0,1.0,1.0,1.0,1.0,1.0,1,0.6190811298523784,37
2290,1,5814,5814,0,0,0,0,1.0,1.0,1.0,1.0,1.0,1,0.6186213878408033,37
2291,2,5816,5816,0,0,0,0,1.0,1.0,1.0,1.0,1.0,1,0.5837391197757857,35
2292,0,5816,5816,0,0,0,0,1.0,1.0,1.0,1.0,1.0,1,0.5867959245801694,35
2293,0,5816,5816,0,0,0,0,1.0,1.0,1.0,1.0,1.0,1,0.5748316628549992,34
2294,1,5817,5817,0,0,0,0,1.0,1.0,1.0,1.0,1.0,1,0.5796474837377308,33
2295,0,5817,5817,0,0,0,0,1.0,1.0,1.0,1.0,1.0,1,0.5604655427622429,34
2296,2,5819,5819,0,0,0,0,1.0,1.0,1.0,1.0,1.0,1,0.5247087042925943,33
2297,2,5821,5821,0,0,0,0,1.0,1.0,1.0,1.0,1.0,1,0.5484090879869206,32
2298,5,5826,5826,0,0,0,0,1.0,1.0,1.0,1.0,1.0,1,0.47348228582033564,32
2299,4,5830,5830,0,0,0,0,1.0,1.0,1.0,1.0,1.0,1,0.5018452414969392,33
2300,7,5837,5837,0,0,0,0,1.0,1.0,1.0,1.0,1.0,1,0.5579909757135834,33
2301,9,5846,5846,0,0,0,0,1.0,1.0,1.0,1.0,1.0,1,0.6362877514347156,33
2302,2,5848,5848,0,0,0,0,1.0,1.0,1.0,1.0,1.0,1,0.5975710178989533,34
2303,3,5851,5851,0,0,0,0,1.0,1.0,1.0,1.0,1.0,1,0.6201993295312406,34
2304,2,5853,5853,0,0,0,0,1.0,1.0,1.0,1.0,1.0,1,0.5684637425909231,33
2305,3,5856,5856,0,0,0,0,1.0,1.0,1.0,1.0,1.0,1,0.5621235518246809,33
2306,2,5858,5858,0,0,0,0,1.0,1.0,1.0,1.0,1.0,1,0.5485636774646573,33
2307,2,5860,5860,0,0,0,0,1.0,1.0,1.0,1.0,1.0,1,0.5567587036633209,35
2308,1,5861,5861,0,0,0,0,1.0,1.0,1.0,1.0,1.0,1,0.5906727822544146,34
2309,3,5864,5864,0,0,0,0,1.0,1.0,1.0,1.0,1.0,1,0.573974555176867,34
2310,2,5866,5866,0,0,0,0,1.0,1.0,1.0,1.0,1.0,1,0.5523040662151072,34
2311,0,5866,5866,0,0,0,0,1.0,1.0,1.0,1.0,1.0,1,0.5352577233167014,35
2312,3,5869,5869,0,0,0,0,1.0,1.0,1.0,1.0,1.0,1,0.560295469193009,34
2313,4,5873,5873,0,0,0,0,1.0,1.0,1.0,1.0,1.0,1,0.5117465584674143,35
2314,0,5873,5873,0,0,0,0,1.0,1.0,1.0,1.0,1.0,1,0.5302359093795189,35
2315,4,5877,5877,0,0,0,0,1.0,1.0,1.0,1.0,1.0,1,0.5555377047452577,34
2316,2,5879,5879,0,0,0,0,1.0,1.0,1.0,1.0,1.0,1,0.5597543693794134,35
2317,2,5881,5881,0,0,0,0,1.0,1.0,1.0,1.0,1.0,1,0.5773181332379547,32
2318,2,5883,5883,0,0,0,0,1.0,1.0,1.0,1.0,1.0,1,0.59027141734431,32
2319,1,5884,5884,0,0,0,0,1.0,1.0,1.0,1.0,1.0,1,0.609235450212493,32
2320,1,5885,5885,0,0,0,0,1.0,1.0,1.0,1.0,1.0,1,0.619199823915575,32
2321,0,5885,5885,0,0,0,0,1.0,1.0,1.0,1.0,1.0,1,0.620599959390675,33
2322,1,5886,5886,0,0,0,0,1.0,1.0,1.0,1.0,1.0,1,0.6289351050604534,33
2323,0,5886,5886,0,0,0,0,1.0,1.0,1.0,1.0,1.0,1,0.6289351050604534,33
2324,1,5887,5887,0,0,0,0,1.0,1.0,1.0,1.0,1.0,1,0.6401250213714451,34
2325,0,5887,5887,0,0,0,0,1.0,1.0,1.0,1.0,1.0,1,0.6243240429708916,35
2326,3,5890,5890,0,0,0,0,1.0,1.0,1.0,1.0,1.0,1,0.6213583553334031,35
2327,0,5890,5890,0,0,0,0,1.0,1.0,1.0,1.0,1.0,1,0.630019485054241,36
2328,1,5891,5891,0,0,0,0,1.0,1.0,1.0,1.0,1.0,1,0.6264461394686002,37
2329,0,5891,5891,0,0,0,0,1.0,1.0,1.0,1.0,1.0,1,0.6136210358938059,37
2330,0,5891,5891,0,0,0,0,1.0,1.0,1.0,1.0,1.0,1,0.5959583838948023,38
2331,0,5891,5891,0,0,0,0,1.0,1.0,1.0,1.0,1.0,1,0.5876951783909112,40
2332,0,5891,5891,0,0,0,0,1.0,1.0,1.0,1.0,1.0,1,0.5876951783909112,40
2333,0,5891,5891,0,0,0,0,1.0,1.0,1.0,1.0,1.0,1,0.5899631921096541,41
2334,0,5891,5891,0,0,0,0,1.0,1.0,1.0,1.0,1.0,1,0.5899631921096541,41
2335,3,5894,5894,0,0,0,0,1.0,1.0,1.0,1.0,1.0,1,0.573020453749976,41
2336,0,5894,5894,0,0,0,0,1.0,1.0,1.0,1.0,1.0,1,0.573020453749976,41
2337,2,5896,5896,0,0,0,0,1.0,1.0,1.0,1.0,1.0,1,0.5673104542831544,42
2338,2,5898,5898,0,0,0,0,1.0,1.0,1.0,1.0,1.0,1,0.5748063062217283,43
2339,2,5900,5900,0,0,0,0,1.0,1.0,1.0,1.0,1.0,1,0.5854798341204392,43
2340,2,5902,5902,0,0,0,0,1.0,1.0,1.0,1.0,1.0,1,0.5960176383899355,45
2341,4,5906,5906,0,0,0,0,1.0,1.0,1.0,1.0,1.0,1,0.5959221274667755,45
2342,4,5910,5910,0,0,0,0,1.0,1.0,1.0,1.0,1.0,1,0.6241698981309376,46
2343,2,5912,5912,0,0,0,0,1.0,1.0,1.0,1.0,1.0,1,0.6262081724622938,45
2344,2,5914,5914,0,0,0,0,1.0,1.0,1.0,1.0,1.0,1,0.6253402373134918,44
2345,4,5918,5918,0,0,0,0,1.0,1.0,1.0,1.0,1.0,1,0.6299134671730645,44
2346,1,5919,5919,0,0,0,0,1.0,1.0,1.0,1.0,1.0,1,0.6114852152542667,44
2347,2,5921,5921,0,0,0,0,1.0,1.0,1.0,1.0,1.0,1,0.6243319678258016,44
2348,2,5923,5923,0,0,0,0,1.0,1.0,1.0,1.0,1.0,1,0.6335259738986875,45
2349,2,5925,5925,0,0,0,0,1.0,1.0,1.0,1.0,1.0,1,0.6430833686775295,46
2350,4,5929,5929,0,0,0,0,0.970781569171161,0.9375788068656622,0.970781569171161,0.9375788068656622,1.0,1,0.6467380706329928,47
2351,2,5931,5931,0,0,0,0,0.9625805517202771,0.9200584514024104,0.9625805517202771,0.9200584514024104,1.0,1,0.6363938671687,47
2352,5,5936,5936,0,0,0,0,0.9396169675225022,0.8766085858068526,0.9396169675225022,0.8766085858068526,1.0,1,0.6017507271629301,47
2353,5,5941,5941,0,0,0,0,0.91163927317904,0.8306419402598267,0.91163927317904,0.8306419402598267,1.0,1,0.6237176031407743,46
2354,3,5944,5944,0,0,0,0,0.9274902751237181,0.8518279535136848,0.9274902751237181,0.8518279535136848,1.0,1,0.6025737338661854,47
2355,4,5948,5948,0,0,0,0,0.9639021728789834,0.9192096250148675,0.9639021728789834,0.9192096250148675,1.0,1,0.5708396575794183,47
2356,3,5951,5951,0,0,0,0,0.946824916244733,0.8863986847046567,0.946824916244733,0.8863986847046567,1.0,1,0.57412173425934,47
2357,3,5954,5954,0,0,0,0,0.9808870534479691,0.9572234053359311,0.9808870534479691,0.9572234053359311,1.0,1,0.5499804359191429,47
2358,2,5956,5956,0,0,0,0,0.9323221189239241,0.8587592047107981,0.9323221189239241,0.8587592047107981,1.0,1,0.5726110252397534,48
2359,2,5958,5958,0,0,0,0,0.9377432028541146,0.8673659539065921,0.9377432028541146,0.8673659539065921,1.0,1,0.5944011754006044,49
2360,2,5960,5960,0,0,0,0,0.9373158146485465,0.866455431207773,0.9373158146485465,0.866455431207773,1.0,1,0.590895905494435,49
2361,2,5962,5962,0,0,0,0,0.9763947024038535,0.9437969104853655,0.9763947024038535,0.9437969104853655,1.0,1,0.5904445379937729,50
2362,4,5966,5966,0,0,0,0,0.9351588095547104,0.8562217081430535,0.9351588095547104,0.8562217081430535,1.0,1,0.6093871377331613,51
2363,4,5970,5970,0,0,0,0,0.9622896388352755,0.9084176943142405,0.9622896388352755,0.9084176943142405,1.0,1,0.6147219656220154,51
2364,4,5974,5974,0,0,0,0,0.9659058493790439,0.9155763889385847,0.9659058493790439,0.9155763889385847,1.0,1,0.6068651042217725,52
2365,7,5981,5981,0,0,0,0,1.0,1.0,1.0,1.0,1.0,1,0.5546087896692308,53
2366,2,5983,5983,0,0,0,0,1.0,1.0,1.0,1.0,1.0,1,0.5529885144432323,54
2367,8,5991,5991,0,0,0,0,1.0,1.0,1.0,1.0,1.0,1,0.5480491338100589,52
2368,4,5995,5995,0,0,0,0,1.0,1.0,1.0,1.0,1.0,1,0.5902184739593973,51
2369,5,6000,6000,0,0,0,0,1.0,1.0,1.0,1.0,1.0,1,0.5701806036832453,51
2370,2,6002,6002,0,0,0,0,1.0,1.0,1.0,1.0,1.0,1,0.5601203433482955,52
2371,2,6004,6004,0,0,0,0,1.0,1.0,1.0,1.0,1.0,1,0.5379657916022204,52
2372,2,6006,6006,0,0,0,0,1.0,1.0,1.0,1.0,1.0,1,0.5413529913250323,49
2373,2,6008,6008,0,0,0,0,1.0,1.0,1.0,1.0,1.0,1,0.5725959112986233,47
2374,4,6012,6012,0,0,0,0,1.0,1.0,1.0,1.0,1.0,1,0.5979302861895582,45
2375,5,6017,6017,0,0,0,0,0.977448356681615,0.9492588025336338,0.977448356681615,0.9492588025336338,1.0,1,0.5909459579491028,45
2376,4,6021,6021,0,0,0,0,0.9470258186480589,0.896459554630297,0.9470258186480589,0.896459554630297,1.0,1,0.5971804012383969,43
2377,4,6025,6025,0,0,0,0,0.9357948103552772,0.8715896207105546,0.9357948103552772,0.8715896207105546,1.0,1,0.5952011317288061,44
2378,5,6030,6030,0,0,0,0,0.9455063173635256,0.8934896203014366,0.9455063173635256,0.8934896203014366,1.0,1,0.5930176040184848,43
2379,4,6034,6034,0,0,0,0,1.0,1.0,1.0,1.0,1.0,1,0.5740758261661197,43
2380,2,6036,6036,0,0,0,0,1.0,1.0,1.0,1.0,1.0,1,0.5519701276767196,43
2381,1,6037,6037,0,0,0,0,1.0,1.0,1.0,1.0,1.0,1,0.5575976289676821,44
2382,5,6042,6042,0,0,0,0,1.0,1.0,1.0,1.0,1.0,1,0.5518886767034255,44
2383,0,6042,6042,0,0,0,0,1.0,1.0,1.0,1.0,1.0,1,0.5406698643347743,45
2384,3,6045,6045,0,0,0,0,1.0,1.0,1.0,1.0,1.0,1,0.5779187868428245,45
2385,1,6046,6046,0,0,0,0,1.0,1.0,1.0,1.0,1.0,1,0.5370078145043254,45
2386,4,6050,6050,0,0,0,0,1.0,1.0,1.0,1.0,1.0,1,0.547686435925594,46
2387,4,6054,6054,0,0,0,0,1.0,1.0,1.0,1.0,1.0,1,0.5748076592135751,44
2388,3,6057,6057,0,0,0,0,1.0,1.0,1.0,1.0,1.0,1,0.6099306703109809,44
2389,6,6063,6063,0,0,0,0,1.0,1.0,1.0,1.0,1.0,1,0.6093530599674135,43
2390,6,6069,6069,0,0,0,0,1.0,1.0,1.0,1.0,1.0,1,0.5916488504229814,44
2391,2,6071,6071,0,0,0,0,1.0,1.0,1.0,1.0,1.0,1,0.623057047915941,43
2392,6,6077,6077,0,0,0,0,1.0,1.0,1.0,1.0,1.0,1,0.6230417353137919,44
2393,4,6081,6081,0,0,0,0,1.0,1.0,1.0,1.0,1.0,1,0.6079230114083068,45
2394,5,6086,6086,0,0,0,0,1.0,1.0,1.0,1.0,1.0,1,0.5762053894702428,44
2395,2,6088,6088,0,0,0,0,1.0,1.0,1.0,1.0,1.0,1,0.5879978583944807,44
2396,4,6092,6092,0,0,0,0,1.0,1.0,1.0,1.0,1.0,1,0.5745995980844233,45
2397,1,6093,6093,0,0,0,0,1.0,1.0,1.0,1.0,1.0,1,0.6036946350087325,44
2398,2,6095,6095,0,0,0,0,1.0,1.0,1.0,1.0,1.0,1,0.6033993760615711,44
2399,3,6098,6098,0,0,0,0,1.0,1.0,1.0,1.0,1.0,1,0.5956315523513503,45
2400,2,6100,6100,0,0,0,0,1.0,1.0,1.0,1.0,1.0,1,0.5874756092971569,45
2401,7,6107,6107,0,0,0,0,1.0,1.0,1.0,1.0,1.0,1,0.5418806198288838,46
2402,2,6109,6109,0,0,0,0,1.0,1.0,1.0,1.0,1.0,1,0.5452994049006658,47
2403,3,6112,6112,0,0,0,0,1.0,1.0,1.0,1.0,1.0,1,0.5325435305237198,48
2404,2,6114,6114,0,0,0,0,1.0,1.0,1.0,1.0,1.0,1,0.5288110243387798,47
2405,5,6119,6119,0,0,0,0,1.0,1.0,1.0,1.0,1.0,1,0.5198607813649114,45
2406,2,6121,6121,0,0,0,0,1.0,1.0,1.0,1.0,1.0,1,0.5410605315120471,45
2407,3,6124,6124,0,0,0,0,1.0,1.0,1.0,1.0,1.0,1,0.5466969026037362,42
2408,3,6127,6127,0,0,0,0,1.0,1.0,1.0,1.0,1.0,1,0.5354005387022535,41
2409,3,6130,6130,0,0,0,0,1.0,1.0,1.0,1.0,1.0,1,0.5218747960157512,41
2410,2,6132,6132,0,0,0,0,1.0,1.0,1.0,1.0,1.0,1,0.4884511365452275,40
2411,2,6134,6134,0,0,0,0,1.0,1.0,1.0,1.0,1.0,1,0.4809279394337664,40
2412,0,6134,6134,0,0,0,0,1.0,1.0,1.0,1.0,1.0,1,0.460235577646941,38
2413,1,6135,6135,0,0,0,0,1.0,1.0,1.0,1.0,1.0,1,0.4408859874648252,38
2414,2,6137,6137,0,0,0,0,1.0,1.0,1.0,1.0,1.0,1,0.46311391148708286,36
2415,1,6138,6138,0,0,0,0,1.0,1.0,1.0,1.0,1.0,1,0.4353358646144625,36
2416,4,6142,6142,0,0,0,0,1.0,1.0,1.0,1.0,1.0,1,0.48935588725324425,35
2417,0,6142,6142,0,0,0,0,1.0,1.0,1.0,1.0,1.0,1,0.49725407929075566,33
2418,5,6147,6147,0,0,0,0,1.0,1.0,1.0,1.0,1.0,1,0.5675910668940433,33
2419,4,6151,6151,0,0,0,0,1.0,1.0,1.0,1.0,1.0,1,0.5436750568990125,33
2420,1,6152,6152,0,0,0,0,1.0,1.0,1.0,1.0,1.0,1,0.5360610240570393,34
2421,8,6160,6160,0,0,0,0,1.0,1.0,1.0,1.0,1.0,1,0.5573273094400728,34
2422,4,6164,6164,0,0,0,0,1.0,1.0,1.0,1.0,1.0,1,0.5472148297789136,35
2423,4,6168,6168,0,0,0,0,1.0,1.0,1.0,1.0,1.0,1,0.5410698831586387,36
2424,3,6171,6171,0,0,0,0,1.0,1.0,1.0,1.0,1.0,1,0.5558209887813462,35
2425,2,6173,6173,0,0,0,0,1.0,1.0,1.0,1.0,1.0,1,0.5741565273164853,33
2426,4,6177,6177,0,0,0,0,1.0,1.0,1.0,1.0,1.0,1,0.5426391210854923,34
2427,3,6180,6180,0,0,0,0,1.0,1.0,1.0,1.0,1.0,1,0.5858268521386029,34
2428,2,6182,6182,0,0,0,0,1.0,1.0,1.0,1.0,1.0,1,0.5802591016662667,34
2429,1,6183,6183,0,0,0,0,1.0,1.0,1.0,1.0,1.0,1,0.6032266543727256,34
2430,3,6186,6186,0,0,0,0,1.0,1.0,1.0,1.0,1.0,1,0.6023989967732084,33
2431,1,6187,6187,0,0,0,0,1.0,1.0,1.0,1.0,1.0,1,0.6188152099326916,33
2432,2,6189,6189,0,0,0,0,1.0,1.0,1.0,1.0,1.0,1,0.6723395492956701,33
2433,4,6193,6193,0,0,0,0,1.0,1.0,1.0,1.0,1.0,1,0.6149324342790172,34
2434,3,6196,6196,0,0,0,0,1.0,1.0,1.0,1.0,1.0,1,0.6173569867696137,34
2435,6,6202,6202,0,0,0,0,1.0,1.0,1.0,1.0,1.0,1,0.5475383183241367,34
2436,0,6202,6202,0,0,0,0,1.0,1.0,1.0,1.0,1.0,1,0.558869023415941,33
2437,3,6205,6205,0,0,0,0,1.0,1.0,1.0,1.0,1.0,1,0.5597919933532293,33
2438,0,6205,6205,0,0,0,0,1.0,1.0,1.0,1.0,1.0,1,0.5477753374000021,34
2439,3,6208,6208,0,0,0,0,1.0,1.0,1.0,1.0,1.0,1,0.558688444336872,35
2440,2,6210,6210,0,0,0,0,1.0,1.0,1.0,1.0,1.0,1,0.5593459277740209,35
2441,0,6210,6210,0,0,0,0,1.0,1.0,1.0,1.0,1.0,1,0.5593459277740209,35
2442,1,6211,6211,0,0,0,0,1.0,1.0,1.0,1.0,1.0,1,0.5644472133012158,35
2443,3,6214,6214,0,0,0,0,1.0,1.0,1.0,1.0,1.0,1,0.5701587378406289,35
2444,2,6216,6216,0,0,0,0,1.0,1.0,1.0,1.0,1.0,1,0.5854133576464395,34
2445,3,6219,6219,0,0,0,0,1.0,1.0,1.0,1.0,1.0,1,0.6255239381296064,33
2446,0,6219,6219,0,0,0,0,1.0,1.0,1.0,1.0,1.0,1,0.6444490782879129,30
2447,1,6220,6220,0,0,0,0,1.0,1.0,1.0,1.0,1.0,1,0.6184827684367061,29
2448,5,6225,6225,0,0,0,0,1.0,1.0,1.0,1.0,1.0,1,0.6538712434573198,27
2449,4,6229,6229,0,0,0,0,1.0,1.0,1.0,1.0,1.0,1,0.7019488786599155,26
2450,4,6233,6233,0,0,0,0,1.0,1.0,1.0,1.0,1.0,1,0.5742632663075518,28
2451,5,6238,6238,0,0,0,0,1.0,1.0,1.0,1.0,1.0,1,0.5262643226758068,28
2452,5,6243,6243,0,0,0,0,1.0,1.0,1.0,1.0,1.0,1,0.5712383452307314,29
2453,6,6249,6249,0,0,0,0,1.0,1.0,1.0,1.0,1.0,1,0.6009985991741967,30
2454,2,6251,6251,0,0,0,0,1.0,1.0,1.0,1.0,1.0,1,0.5860343824413613,32
2455,3,6254,6254,0,0,0,0,1.0,1.0,1.0,1.0,1.0,1,0.528344071637485,33
2456,3,6257,6257,0,0,0,0,1.0,1.0,1.0,1.0,1.0,1,0.5610401381780536,34
2457,1,6258,6258,0,0,0,0,1.0,1.0,1.0,1.0,1.0,1,0.5821348044863198,34
2458,2,6260,6260,0,0,0,0,1.0,1.0,1.0,1.0,1.0,1,0.5601554194153449,36
2459,1,6261,6261,0,0,0,0,1.0,1.0,1.0,1.0,1.0,1,0.5554942312159725,36
2460,4,6265,6265,0,0,0,0,1.0,1.0,1.0,1.0,1.0,1,0.512608484999549,37
2461,1,6266,6266,0,0,0,0,1.0,1.0,1.0,1.0,1.0,1,0.5303619201881019,37
2462,5,6271,6271,0,0,0,0,1.0,1.0,1.0,1.0,1.0,1,0.5643023335758518,38
2463,3,6274,6274,0,0,0,0,1.0,1.0,1.0,1.0,1.0,1,0.5709718877984568,38
2464,3,6277,6277,0,0,0,0,1.0,1.0,1.0,1.0,1.0,1,0.5912715174954438,37
2465,3,6280,6280,0,0,0,0,1.0,1.0,1.0,1.0,1.0,1,0.59915225350779,36
2466,2,6282,6282,0,0,0,0,1.0,1.0,1.0,1.0,1.0,1,0.616740699816414,36
2467,3,6285,6285,0,0,0,0,1.0,1.0,1.0,1.0,1.0,1,0.6578917968301367,34
2468,3,6288,6288,0,0,0,0,1.0,1.0,1.0,1.0,1.0,1,0.7022954044870979,33
2469,0,6288,6288,0,0,0,0,1.0,1.0,1.0,1.0,1.0,1,0.7032779344202498,32
2470,2,6290,6290,0,0,0,0,1.0,1.0,1.0,1.0,1.0,1,0.6913317977677303,33
2471,0,6290,6290,0,0,0,0,1.0,1.0,1.0,1.0,1.0,1,0.7303238888525648,31
2472,2,6292,6292,0,0,0,0,1.0,1.0,1.0,1.0,1.0,1,0.7270056683596641,32
2473,2,6294,6294,0,0,0,0,1.0,1.0,1.0,1.0,1.0,1,0.7367711037567526,31
2474,4,6298,6298,0,0,0,0,1.0,1.0,1.0,1.0,1.0,1,0.7044431524517061,33
2475,2,6300,6300,0,0,0,0,1.0,1.0,1.0,1.0,1.0,1,0.6766801621682211,33
2476,4,6304,6304,0,0,0,0,1.0,1.0,1.0,1.0,1.0,1,0.6437144388970543,33
2477,6,6310,6310,0,0,0,0,1.0,1.0,1.0,1.0,1.0,1,0.645792245073057,33
2478,7,6317,6317,0,0,0,0,1.0,1.0,1.0,1.0,1.0,1,0.6328524120580499,33
2479,3,6320,6320,0,0,0,0,1.0,1.0,1.0,1.0,1.0,1,0.5895265959029757,33
2480,2,6322,6322,0,0,0,0,1.0,1.0,1.0,1.0,1.0,1,0.6311762926969199,34
2481,4,6326,6326,0,0,0,0,1.0,1.0,1.0,1.0,1.0,1,0.5693085860010864,33
2482,5,6331,6331,0,0,0,0,1.0,1.0,1.0,1.0,1.0,1,0.5982314548348638,34
2483,2,6333,6333,0,0,0,0,1.0,1.0,1.0,1.0,1.0,1,0.5822283445362896,33
2484,3,6336,6336,0,0,0,0,1.0,1.0,1.0,1.0,1.0,1,0.5698727294380086,32
2485,1,6337,6337,0,0,0,0,1.0,1.0,1.0,1.0,1.0,1,0.5674900252053626,31
2486,0,6337,6337,0,0,0,0,1.0,1.0,1.0,1.0,1.0,1,0.5622919596072824,29
2487,3,6340,6340,0,0,0,0,1.0,1.0,1.0,1.0,1.0,1,0.5272266031547154,29
2488,1,6341,6341,0,0,0,0,1.0,1.0,1.0,1.0,1.0,1,0.4942543753650114,30
2489,1,6342,6342,0,0,0,0,1.0,1.0,1.0,1.0,1.0,1,0.47644816833008846,29
2490,2,6344,6344,0,0,0,0,1.0,1.0,1.0,1.0,1.0,1,0.416567059060879,30
2491,1,6345,6345,0,0,0,0,1.0,1.0,1.0,1.0,1.0,1,0.42772619982450394,30
2492,1,6346,6346,0,0,0,0,1.0,1.0,1.0,1.0,1.0,1,0.43658767779806257,29
2493,3,6349,6349,0,0,0,0,1.0,1.0,1.0,1.0,1.0,1,0.46908221900396924,29
2494,0,6349,6349,0,0,0,0,1.0,1.0,1.0,1.0,1.0,1,0.4538975350324393,28
2495,3,6352,6352,0,0,0,0,1.0,1.0,1.0,1.0,1.0,1,0.5046609623547942,29
2496,0,6352,6352,0,0,0,0,1.0,1.0,1.0,1.0,1.0,1,0.4927053845975999,28
2497,2,6354,6354,0,0,0,0,1.0,1.0,1.0,1.0,1.0,1,0.5419256142613011,28
2498,1,6355,6355,0,0,0,0,1.0,1.0,1.0,1.0,1.0,1,0.5449778419831839,29
2499,3,6358,6358,0,0,0,0,1.0,1.0,1.0,1.0,1.0,1,0.520304453649002,30
2500,3,6361,6361,0,0,0,0,1.0,1.0,1.0,1.0,1.0,1,0.5754250562956971,29
2501,7,6368,6368,0,0,0,0,1.0,1.0,1.0,1.0,1.0,1,0.5613691075663361,33
2502,4,6372,6372,0,0,0,0,1.0,1.0,1.0,1.0,1.0,1,0.6070216563386084,33
2503,8,6380,6380,0,0,0,0,1.0,1.0,1.0,1.0,1.0,1,0.5623310986988139,31
2504,9,6389,6389,0,0,0,0,1.0,1.0,1.0,1.0,1.0,1,0.5135610698470419,31
2505,4,6393,6393,0,0,0,0,1.0,1.0,1.0,1.0,1.0,1,0.5957096544581356,32
2506,5,6398,6398,0,0,0,0,1.0,1.0,1.0,1.0,1.0,1,0.564347281570779,31
2507,2,6400,6400,0,0,0,0,1.0,1.0,1.0,1.0,1.0,1,0.5735818418395406,29
2508,5,6405,6405,0,0,0,0,1.0,1.0,1.0,1.0,1.0,1,0.5187582686714101,31
2509,1,6406,6406,0,0,0,0,1.0,1.0,1.0,1.0,1.0,1,0.5168524020560263,30
2510,3,6409,6409,0,0,0,0,1.0,1.0,1.0,1.0,1.0,1,0.497585844952058,31
2511,2,6411,6411,0,0,0,0,1.0,1.0,1.0,1.0,1.0,1,0.5207301332466879,32
2512,2,6413,6413,0,0,0,0,1.0,1.0,1.0,1.0,1.0,1,0.572934918470236,32
2513,4,6417,6417,0,0,0,0,1.0,1.0,1.0,1.0,1.0,1,0.6042774233818842,34
2514,3,6420,6420,0,0,0,0,1.0,1.0,1.0,1.0,1.0,1,0.5741610349904025,35
2515,3,6423,6423,0,0,0,0,1.0,1.0,1.0,1.0,1.0,1,0.5223908445911951,35
2516,3,6426,6426,0,0,0,0,1.0,1.0,1.0,1.0,1.0,1,0.4967140882905634,34
2517,0,6426,6426,0,0,0,0,1.0,1.0,1.0,1.0,1.0,1,0.4967140882905634,34
2518,2,6428,6428,0,0,0,0,1.0,1.0,1.0,1.0,1.0,1,0.5061784103506015,33
2519,0,6428,6428,0,0,0,0,1.0,1.0,1.0,1.0,1.0,1,0.47582990161872313,32
2520,2,6430,6430,0,0,0,0,1.0,1.0,1.0,1.0,1.0,1,0.484817879544871,31
2521,0,6430,6430,0,0,0,0,1.0,1.0,1.0,1.0,1.0,1,0.46588110132090205,31
2522,1,6431,6431,0,0,0,0,1.0,1.0,1.0,1.0,1.0,1,0.4490386229866862,30
2523,1,6432,6432,0,0,0,0,1.0,1.0,1.0,1.0,1.0,1,0.48072302522965293,30
2524,0,6432,6432,0,0,0,0,1.0,1.0,1.0,1.0,1.0,1,0.4491411031523756,29
2525,3,6435,6435,0,0,0,0,1.0,1.0,1.0,1.0,1.0,1,0.48974797632191824,29
2526,0,6435,6435,0,0,0,0,1.0,1.0,1.0,1.0,1.0,1,0.4986446114412551,27
2527,0,6435,6435,0,0,0,0,1.0,1.0,1.0,1.0,1.0,1,0.500011634824688,28
2528,0,6435,6435,0,0,0,0,1.0,1.0,1.0,1.0,1.0,1,0.500011634824688,28
2529,1,6436,6436,0,0,0,0,1.0,1.0,1.0,1.0,1.0,1,0.5471377426172904,28
2530,2,6438,6438,0,0,0,0,1.0,1.0,1.0,1.0,1.0,1,0.6088982021899166,29
2531,2,6440,6440,0,0,0,0,1.0,1.0,1.0,1.0,1.0,1,0.5401021374239802,30
2532,1,6441,6441,0,0,0,0,1.0,1.0,1.0,1.0,1.0,1,0.5841872510296705,31
2533,2,6443,6443,0,0,0,0,1.0,1.0,1.0,1.0,1.0,1,0.6011916352105209,31
2534,1,6444,6444,0,0,0,0,1.0,1.0,1.0,1.0,1.0,1,0.5767550866121979,31
2535,3,6447,6447,0,0,0,0,1.0,1.0,1.0,1.0,1.0,1,0.6111991819141419,31
2536,1,6448,6448,0,0,0,0,1.0,1.0,1.0,1.0,1.0,1,0.5779371900547305,32
2537,4,6452,6452,0,0,0,0,1.0,1.0,1.0,1.0,1.0,1,0.5815118925934568,33
2538,5,6457,6457,0,0,0,0,1.0,1.0,1.0,1.0,1.0,1,0.533370894640114,35
2539,3,6460,6460,0,0,0,0,1.0,1.0,1.0,1.0,1.0,1,0.5702163225743224,37
2540,2,6462,6462,0,0,0,0,1.0,1.0,1.0,1.0,1.0,1,0.5329285630372929,38
2541,6,6468,6468,0,0,0,0,1.0,1.0,1.0,1.0,1.0,1,0.5408795515364391,39
2542,2,6470,6470,0,0,0,0,1.0,1.0,1.0,1.0,1.0,1,0.4935340040532586,38
2543,4,6474,6474,0,0,0,0,1.0,1.0,1.0,1.0,1.0,1,0.5359721665396273,41
2544,4,6478,6478,0,0,0,0,1.0,1.0,1.0,1.0,1.0,1,0.5376105302160967,39
2545,5,6483,6483,0,0,0,0,1.0,1.0,1.0,1.0,1.0,1,0.5621181858230269,40
2546,2,6485,6485,0,0,0,0,1.0,1.0,1.0,1.0,1.0,1,0.5625658610042577,38
2547,2,6487,6487,0,0,0,0,1.0,1.0,1.0,1.0,1.0,1,0.6093406631600322,38
2548,1,6488,6488,0,0,0,0,1.0,1.0,1.0,1.0,1.0,1,0.5993033020245288,35
2549,2,6490,6490,0,0,0,0,1.0,1.0,1.0,1.0,1.0,1,0.6030611625221164,35
2550,1,6491,6491,0,0,0,0,1.0,1.0,1.0,1.0,1.0,1,0.5988771528196051,33
2551,1,6492,6492,0,0,0,0,1.0,1.0,1.0,1.0,1.0,1,0.6279074233866274,31
2552,1,6493,6493,0,0,0,0,1.0,1.0,1.0,1.0,1.0,1,0.6160834590241876,30
2553,4,6497,6497,0,0,0,0,1.0,1.0,1.0,1.0,1.0,1,0.6326535235955582,30
2554,2,6499,6499,0,0,0,0,1.0,1.0,1.0,1.0,1.0,1,0.6339534979641611,32
2555,3,6502,6502,0,0,0,0,1.0,1.0,1.0,1.0,1.0,1,0.6483069805819233,32
2556,0,6502,6502,0,0,0,0,1.0,1.0,1.0,1.0,1.0,1,0.6436823288143162,32
2557,1,6503,6503,0,0,0,0,1.0,1.0,1.0,1.0,1.0,1,0.6124890091149023,30
2558,0,6503,6503,0,0,0,0,1.0,1.0,1.0,1.0,1.0,1,0.5953297079939193,31
2559,0,6503,6503,0,0,0,0,1.0,1.0,1.0,1.0,1.0,1,0.5745707102680573,30
2560,0,6503,6503,0,0,0,0,1.0,1.0,1.0,1.0,1.0,1,0.5745707102680573,30
2561,2,6505,6505,0,0,0,0,1.0,1.0,1.0,1.0,1.0,1,0.5966331985717538,30
2562,0,6505,6505,0,0,0,0,1.0,1.0,1.0,1.0,1.0,1,0.589771570541523,33
2563,2,6507,6507,0,0,0,0,1.0,1.0,1.0,1.0,1.0,1,0.6140907193194244,33
2564,3,6510,6510,0,0,0,0,1.0,1.0,1.0,1.0,1.0,1,0.6553806685871457,33
2565,1,6511,6511,0,0,0,0,1.0,1.0,1.0,1.0,1.0,1,0.6406600108606032,33
2566,2,6513,6513,0,0,0,0,1.0,1.0,1.0,1.0,1.0,1,0.622460509293175,35
2567,0,6513,6513,0,0,0,0,1.0,1.0,1.0,1.0,1.0,1,0.6297641528603913,36
2568,1,6514,6514,0,0,0,0,1.0,1.0,1.0,1.0,1.0,1,0.6120498877352812,37
2569,2,6516,6516,0,0,0,0,1.0,1.0,1.0,1.0,1.0,1,0.6035943303501216,37
2570,0,6516,6516,0,0,0,0,1.0,1.0,1.0,1.0,1.0,1,0.6087063115565907,37
2571,0,6516,6516,0,0,0,0,1.0,1.0,1.0,1.0,1.0,1,0.6087063115565907,37
2572,0,6516,6516,0,0,0,0,1.0,1.0,1.0,1.0,1.0,1,0.5931054302260554,39
2573,1,6517,6517,0,0,0,0,1.0,1.0,1.0,1.0,1.0,1,0.5947936481121978,39
2574,0,6517,6517,0,0,0,0,1.0,1.0,1.0,1.0,1.0,1,0.592898055229564,38
2575,0,6517,6517,0,0,0,0,1.0,1.0,1.0,1.0,1.0,1,0.592898055229564,38
2576,1,6518,6518,0,0,0,0,1.0,1.0,1.0,1.0,1.0,1,0.6301889633138721,37
2577,0,6518,6518,0,0,0,0,1.0,1.0,1.0,1.0,1.0,1,0.6255719413398624,39
2578,3,6521,6521,0,0,0,0,1.0,1.0,1.0,1.0,1.0,1,0.6124030909165448,40
2579,1,6522,6522,0,0,0,0,1.0,1.0,1.0,1.0,1.0,1,0.6294840353944523,41
2580,3,6525,6525,0,0,0,0,1.0,1.0,1.0,1.0,1.0,1,0.6314400593717858,42
2581,1,6526,6526,0,0,0,0,1.0,1.0,1.0,1.0,1.0,1,0.6150970494961272,43
2582,5,6531,6531,0,0,0,0,1.0,1.0,1.0,1.0,1.0,1,0.5910052842396182,43
2583,5,6536,6536,0,0,0,0,1.0,1.0,1.0,1.0,1.0,1,0.592148084557786,43
2584,3,6539,6539,0,0,0,0,1.0,1.0,1.0,1.0,1.0,1,0.640142418189859,43
2585,11,6550,6550,0,0,0,0,1.0,1.0,1.0,1.0,1.0,1,0.5919617476848412,44
2586,6,6556,6556,0,0,0,0,1.0,1.0,1.0,1.0,1.0,1,0.5651397224208221,43
2587,4,6560,6560,0,0,0,0,1.0,1.0,1.0,1.0,1.0,1,0.543095732336912,44
2588,4,6564,6564,0,0,0,0,1.0,1.0,1.0,1.0,1.0,1,0.5336135823304973,44
2589,2,6566,6566,0,0,0,0,1.0,1.0,1.0,1.0,1.0,1,0.5119844321606873,44
2590,3,6569,6569,0,0,0,0,1.0,1.0,1.0,1.0,1.0,1,0.5509117443367961,44
2591,1,6570,6570,0,0,0,0,1.0,1.0,1.0,1.0,1.0,1,0.5321713737181955,44
2592,3,6573,6573,0,0,0,0,1.0,1.0,1.0,1.0,1.0,1,0.5925551379978299,44
2593,0,6573,6573,0,0,0,0,1.0,1.0,1.0,1.0,1.0,1,0.5969770607862964,43
2594,2,6575,6575,0,0,0,0,1.0,1.0,1.0,1.0,1.0,1,0.6069558162260853,48
2595,3,6578,6578,0,0,0,0,1.0,1.0,1.0,1.0,1.0,1,0.5610546503770881,45
2596,4,6582,6582,0,0,0,0,1.0,1.0,1.0,1.0,1.0,1,0.5320495165732866,46
2597,3,6585,6585,0,0,0,0,1.0,1.0,1.0,1.0,1.0,1,0.5214195930012099,45
2598,0,6585,6585,0,0,0,0,1.0,1.0,1.0,1.0,1.0,1,0.5214195930012099,45
2599,4,6589,6589,0,0,0,0,1.0,1.0,1.0,1.0,1.0,1,0.5258735367384885,45
2600,1,6590,6590,0,0,0,0,1.0,1.0,1.0,1.0,1.0,1,0.4928258841534743,48
2601,5,6595,6595,0,0,0,0,1.0,1.0,1.0,1.0,1.0,1,0.4152052882715009,47
2602,2,6597,6597,0,0,0,0,1.0,1.0,1.0,1.0,1.0,1,0.4351850865853381,48
2603,2,6599,6599,0,0,0,0,1.0,1.0,1.0,1.0,1.0,1,0.41710976817724854,48
2604,1,6600,6600,0,0,0,0,1.0,1.0,1.0,1.0,1.0,1,0.4191777030991809,47
2605,2,6602,6602,0,0,0,0,1.0,1.0,1.0,1.0,1.0,1,0.425172006097629,47
2606,1,6603,6603,0,0,0,0,1.0,1.0,1.0,1.0,1.0,1,0.45127215905962115,46
2607,7,6610,6610,0,0,0,0,1.0,1.0,1.0,1.0,1.0,1,0.5156864120438464,45
2608,2,6612,6612,0,0,0,0,1.0,1.0,1.0,1.0,1.0,1,0.5318149480647644,45
2609,6,6618,6618,0,0,0,0,1.0,1.0,1.0,1.0,1.0,1,0.5476061349513541,44
2610,8,6626,6626,0,0,0,0,1.0,1.0,1.0,1.0,1.0,1,0.5310136314822211,45
2611,8,6634,6634,0,0,0,0,1.0,1.0,1.0,1.0,1.0,1,0.5135458851951754,46
2612,4,6638,6638,0,0,0,0,1.0,1.0,1.0,1.0,1.0,1,0.5178169337036197,47
2613,7,6645,6645,0,0,0,0,1.0,1.0,1.0,1.0,1.0,1,0.520520836756485,48
2614,4,6649,6649,0,0,0,0,1.0,1.0,1.0,1.0,1.0,1,0.5283195547287685,48
2615,4,6653,6653,0,0,0,0,1.0,1.0,1.0,1.0,1.0,1,0.5027299775778112,49
2616,2,6655,6655,0,0,0,0,1.0,1.0,1.0,1.0,1.0,1,0.49418822024849557,49
2617,3,6658,6658,0,0,0,0,1.0,1.0,1.0,1.0,1.0,1,0.5386644683115456,48
2618,0,6658,6658,0,0,0,0,1.0,1.0,1.0,1.0,1.0,1,0.5446219105379614,47
2619,3,6661,6661,0,0,0,0,1.0,1.0,1.0,1.0,1.0,1,0.489221113460427,50
2620,1,6662,6662,0,0,0,0,1.0,1.0,1.0,1.0,1.0,1,0.4983199345098293,51
2621,3,6665,6665,0,0,0,0,1.0,1.0,1.0,1.0,1.0,1,0.4971103392721934,52
2622,3,6668,6668,0,0,0,0,1.0,1.0,1.0,1.0,1.0,1,0.5077954024636776,52
2623,2,6670,6670,0,0,0,0,1.0,1.0,1.0,1.0,1.0,1,0.5134044416578051,53
2624,6,6676,6676,0,0,0,0,1.0,1.0,1.0,1.0,1.0,1,0.5458636539989246,51
2625,3,6679,6679,0,0,0,0,1.0,1.0,1.0,1.0,1.0,1,0.5627933839220839,50
2626,1,6680,6680,0,0,0,0,1.0,1.0,1.0,1.0,1.0,1,0.5769244615701089,49
2627,2,6682,6682,0,0,0,0,1.0,1.0,1.0,1.0,1.0,1,0.5996333829362027,48
2628,5,6687,6687,0,0,0,0,1.0,1.0,1.0,1.0,1.0,1,0.5745701234845106,48
2629,1,6688,6688,0,0,0,0,1.0,1.0,1.0,1.0,1.0,1,0.5743238561606498,47
2630,2,6690,6690,0,0,0,0,1.0,1.0,1.0,1.0,1.0,1,0.5577931743288956,47
2631,4,6694,6694,0,0,0,0,1.0,1.0,1.0,1.0,1.0,1,0.5736781955760429,47
2632,2,6696,6696,0,0,0,0,1.0,1.0,1.0,1.0,1.0,1,0.5748093521024531,47
2633,3,6699,6699,0,0,0,0,1.0,1.0,1.0,1.0,1.0,1,0.5843382236964416,44
2634,3,6702,6702,0,0,0,0,1.0,1.0,1.0,1.0,1.0,1,0.6066059224703237,44
2635,1,6703,6703,0,0,0,0,1.0,1.0,1.0,1.0,1.0,1,0.6096047130284253,45
2636,1,6704,6704,0,0,0,0,1.0,1.0,1.0,1.0,1.0,1,0.6244351979616816,40
2637,6,6710,6710,0,0,0,0,1.0,1.0,1.0,1.0,1.0,1,0.603937396743981,41
2638,4,6714,6714,0,0,0,0,1.0,1.0,1.0,1.0,1.0,1,0.5726589643672031,38
2639,6,6720,6720,0,0,0,0,1.0,1.0,1.0,1.0,1.0,1,0.5622234930693119,39
2640,5,6725,6725,0,0,0,0,1.0,1.0,1.0,1.0,1.0,1,0.563478892506964,38
2641,6,6731,6731,0,0,0,0,1.0,1.0,1.0,1.0,1.0,1,0.6032781939084021,37
2642,5,6736,6736,0,0,0,0,1.0,1.0,1.0,1.0,1.0,1,0.5314413197960611,38
2643,4,6740,6740,0,0,0,0,1.0,1.0,1.0,1.0,1.0,1,0.5290146953121605,37
2644,4,6744,6744,0,0,0,0,1.0,1.0,1.0,1.0,1.0,1,0.541661486436722,36
2645,1,6745,6745,0,0,0,0,1.0,1.0,1.0,1.0,1.0,1,0.5507200299136294,35
2646,1,6746,6746,0,0,0,0,1.0,1.0,1.0,1.0,1.0,1,0.5422047865528398,35
2647,2,6748,6748,0,0,0,0,1.0,1.0,1.0,1.0,1.0,1,0.4946761195867884,35
2648,1,6749,6749,0,0,0,0,1.0,1.0,1.0,1.0,1.0,1,0.49878861252452006,36
2649,2,6751,6751,0,0,0,0,1.0,1.0,1.0,1.0,1.0,1,0.4799134718264911,37
2650,2,6753,6753,0,0,0,0,1.0,1.0,1.0,1.0,1.0,1,0.5107766341424,39
2651,1,6754,6754,0,0,0,0,1.0,1.0,1.0,1.0,1.0,1,0.5174155375245648,39
2652,0,6754,6754,0,0,0,0,1.0,1.0,1.0,1.0,1.0,1,0.5174155375245648,39
2653,2,6756,6756,0,0,0,0,1.0,1.0,1.0,1.0,1.0,1,0.5077684589494862,39
2654,3,6759,6759,0,0,0,0,1.0,1.0,1.0,1.0,1.0,1,0.49387323602439065,40
2655,1,6760,6760,0,0,0,0,1.0,1.0,1.0,1.0,1.0,1,0.48839595325439883,40
2656,3,6763,6763,0,0,0,0,1.0,1.0,1.0,1.0,1.0,1,0.49560115260424276,39
2657,4,6767,6767,0,0,0,0,1.0,1.0,1.0,1.0,1.0,1,0.5081830928550447,40
2658,1,6768,6768,0,0,0,0,1.0,1.0,1.0,1.0,1.0,1,0.5221145273417401,41
2659,7,6775,6775,0,0,0,0,1.0,1.0,1.0,1.0,1.0,1,0.5378541879629517,41
2660,3,6778,6778,0,0,0,0,1.0,1.0,1.0,1.0,1.0,1,0.5277270640067488,40
2661,4,6782,6782,0,0,0,0,1.0,1.0,1.0,1.0,1.0,1,0.5625268363785594,40
2662,2,6784,6784,0,0,0,0,1.0,1.0,1.0,1.0,1.0,1,0.53589129019248,42
2663,5,6789,6789,0,0,0,0,1.0,1.0,1.0,1.0,1.0,1,0.5669596587361982,41
2664,3,6792,6792,0,0,0,0,1.0,1.0,1.0,1.0,1.0,1,0.5650255582078115,42
2665,2,6794,6794,0,0,0,0,1.0,1.0,1.0,1.0,1.0,1,0.5776388835947933,43
2666,1,6795,6795,0,0,0,0,1.0,1.0,1.0,1.0,1.0,1,0.5901302688349428,44
2667,2,6797,6797,0,0,0,0,1.0,1.0,1.0,1.0,1.0,1,0.5955578981886869,42
2668,2,6799,6799,0,0,0,0,1.0,1.0,1.0,1.0,1.0,1,0.594924871843024,41
2669,1,6800,6800,0,0,0,0,1.0,1.0,1.0,1.0,1.0,1,0.6177862038847237,42
2670,0,6800,6800,0,0,0,0,1.0,1.0,1.0,1.0,1.0,1,0.6215916129003004,40
2671,4,6804,6804,0,0,0,0,1.0,1.0,1.0,1.0,1.0,1,0.6617876090579244,39
2672,1,6805,6805,0,0,0,0,1.0,1.0,1.0,1.0,1.0,1,0.6905140371593779,36
2673,2,6807,6807,0,0,0,0,1.0,1.0,1.0,1.0,1.0,1,0.6995075859205608,35
2674,5,6812,6812,0,0,0,0,1.0,1.0,1.0,1.0,1.0,1,0.6560212545721033,33
2675,1,6813,6813,0,0,0,0,1.0,1.0,1.0,1.0,1.0,1,0.6464453675363697,34
2676,2,6815,6815,0,0,0,0,1.0,1.0,1.0,1.0,1.0,1,0.6271111995257139,32
2677,3,6818,6818,0,0,0,0,1.0,1.0,1.0,1.0,1.0,1,0.6047023601594685,33
2678,2,6820,6820,0,0,0,0,1.0,1.0,1.0,1.0,1.0,1,0.5645853488783862,33
2679,1,6821,6821,0,0,0,0,1.0,1.0,1.0,1.0,1.0,1,0.5732480783433911,32
2680,0,6821,6821,0,0,0,0,1.0,1.0,1.0,1.0,1.0,1,0.5732480783433911,32
2681,0,6821,6821,0,0,0,0,1.0,1.0,1.0,1.0,1.0,1,0.5667492510189127,32
2682,2,6823,6823,0,0,0,0,1.0,1.0,1.0,1.0,1.0,1,0.5533419003857745,33
2683,2,6825,6825,0,0,0,0,1.0,1.0,1.0,1.0,1.0,1,0.49921893054021704,32
2684,2,6827,6827,0,0,0,0,1.0,1.0,1.0,1.0,1.0,1,0.48338448892044145,31
2685,6,6833,6833,0,0,0,0,1.0,1.0,1.0,1.0,1.0,1,0.4305102255604168,31
2686,6,6839,6839,0,0,0,0,1.0,1.0,1.0,1.0,1.0,1,0.4893431999103592,30
2687,5,6844,6844,0,0,0,0,1.0,1.0,1.0,1.0,1.0,1,0.507220791318626,30
2688,6,6850,6850,0,0,0,0,1.0,1.0,1.0,1.0,1.0,1,0.5359617166482826,30
2689,7,6857,6857,0,0,0,0,1.0,1.0,1.0,1.0,1.0,1,0.5851517737917635,31
2690,3,6860,6860,0,0,0,0,1.0,1.0,1.0,1.0,1.0,1,0.6088527673048132,31
2691,2,6862,6862,0,0,0,0,1.0,1.0,1.0,1.0,1.0,1,0.5896422354813752,32
2692,2,6864,6864,0,0,0,0,1.0,1.0,1.0,1.0,1.0,1,0.5506163315022663,32
2693,2,6866,6866,0,0,0,0,1.0,1.0,1.0,1.0,1.0,1,0.5051612265368876,33
2694,1,6867,6867,0,0,0,0,1.0,1.0,1.0,1.0,1.0,1,0.5246883621673579,34
2695,1,6868,6868,0,0,0,0,1.0,1.0,1.0,1.0,1.0,1,0.4830640262808714,35
2696,1,6869,6869,0,0,0,0,1.0,1.0,1.0,1.0,1.0,1,0.5007289713257647,35
2697,2,6871,6871,0,0,0,0,1.0,1.0,1.0,1.0,1.0,1,0.5448079827902476,35
2698,1,6872,6872,0,0,0,0,1.0,1.0,1.0,1.0,1.0,1,0.5073649970299615,36
2699,5,6877,6877,0,0,0,0,1.0,1.0,1.0,1.0,1.0,1,0.49983393736822523,36
2700,4,6881,6881,0,0,0,0,1.0,1.0,1.0,1.0,1.0,1,0.5097681873597862,37
2701,3,6884,6884,0,0,0,0,1.0,1.0,1.0,1.0,1.0,1,0.52396247257891,37
2702,3,6887,6887,0,0,0,0,1.0,1.0,1.0,1.0,1.0,1,0.5625688107820178,37
2703,3,6890,6890,0,0,0,0,1.0,1.0,1.0,1.0,1.0,1,0.558455109330259,38
2704,4,6894,6894,0,0,0,0,1.0,1.0,1.0,1.0,1.0,1,0.6147493152993492,37
2705,5,6899,6899,0,0,0,0,1.0,1.0,1.0,1.0,1.0,1,0.6765093710320372,36
2706,1,6900,6900,0,0,0,0,1.0,1.0,1.0,1.0,1.0,1,0.6496200318441018,36
2707,4,6904,6904,0,0,0,0,1.0,1.0,1.0,1.0,1.0,1,0.6237717841084508,35
2708,4,6908,6908,0,0,0,0,1.0,1.0,1.0,1.0,1.0,1,0.5615893360687795,36
2709,4,6912,6912,0,0,0,0,1.0,1.0,1.0,1.0,1.0,1,0.501389018448064,32
2710,6,6918,6918,0,0,0,0,1.0,1.0,1.0,1.0,1.0,1,0.49363531104277864,29
2711,3,6921,6921,0,0,0,0,1.0,1.0,1.0,1.0,1.0,1,0.4937495650306475,29
2712,3,6924,6924,0,0,0,0,1.0,1.0,1.0,1.0,1.0,1,0.5075567894929649,28
2713,2,6926,6926,0,0,0,0,1.0,1.0,1.0,1.0,1.0,1,0.5003276798247368,28
2714,2,6928,6928,0,0,0,0,1.0,1.0,1.0,1.0,1.0,1,0.5574200211517054,26
2715,3,6931,6931,0,0,0,0,1.0,1.0,1.0,1.0,1.0,1,0.5524875826863596,24
2716,5,6936,6936,0,0,0,0,1.0,1.0,1.0,1.0,1.0,1,0.5762542600502867,24
2717,1,6937,6937,0,0,0,0,1.0,1.0,1.0,1.0,1.0,1,0.6255444674827212,25
2718,5,6942,6942,0,0,0,0,1.0,1.0,1.0,1.0,1.0,1,0.6329497492448822,25
2719,5,6947,6947,0,0,0,0,1.0,1.0,1.0,1.0,1.0,1,0.5945288184164378,25
2720,2,6949,6949,0,0,0,0,1.0,1.0,1.0,1.0,1.0,1,0.5413386548479409,25
2721,1,6950,6950,0,0,0,0,1.0,1.0,1.0,1.0,1.0,1,0.5613003676129424,25
2722,2,6952,6952,0,0,0,0,1.0,1.0,1.0,1.0,1.0,1,0.610009578914957,26
2723,3,6955,6955,0,0,0,0,1.0,1.0,1.0,1.0,1.0,1,0.553468699251788,26
2724,1,6956,6956,0,0,0,0,1.0,1.0,1.0,1.0,1.0,1,0.5262328629625266,27
2725,2,6958,6958,0,0,0,0,1.0,1.0,1.0,1.0,1.0,1,0.5123090892595819,28
2726,0,6958,6958,0,0,0,0,1.0,1.0,1.0,1.0,1.0,1,0.5123090892595819,28
2727,0,6958,6958,0,0,0,0,1.0,1.0,1.0,1.0,1.0,1,0.4818125805176495,29
2728,2,6960,6960,0,0,0,0,1.0,1.0,1.0,1.0,1.0,1,0.48912904981084054,29
2729,0,6960,6960,0,0,0,0,1.0,1.0,1.0,1.0,1.0,1,0.48001955096991816,29
2730,2,6962,6962,0,0,0,0,1.0,1.0,1.0,1.0,1.0,1,0.4767545448950785,29
2731,2,6964,6964,0,0,0,0,1.0,1.0,1.0,1.0,1.0,1,0.4558279947793965,30
2732,2,6966,6966,0,0,0,0,1.0,1.0,1.0,1.0,1.0,1,0.4602594354936777,29
2733,3,6969,6969,0,0,0,0,1.0,1.0,1.0,1.0,1.0,1,0.5250174792159727,29
2734,4,6973,6973,0,0,0,0,1.0,1.0,1.0,1.0,1.0,1,0.5788284362690341,29
2735,3,6976,6976,0,0,0,0,1.0,1.0,1.0,1.0,1.0,1,0.6168496633845161,29
2736,0,6976,6976,0,0,0,0,1.0,1.0,1.0,1.0,1.0,1,0.62810527891174,30
2737,0,6976,6976,0,0,0,0,1.0,1.0,1.0,1.0,1.0,1,0.6232361556071401,30
2738,0,6976,6976,0,0,0,0,1.0,1.0,1.0,1.0,1.0,1,0.6232361556071401,30
2739,4,6980,6980,0,0,0,0,1.0,1.0,1.0,1.0,1.0,1,0.6246365566199702,29
2740,2,6982,6982,0,0,0,0,1.0,1.0,1.0,1.0,1.0,1,0.6214615603299483,29
2741,2,6984,6984,0,0,0,0,1.0,1.0,1.0,1.0,1.0,1,0.6318735348351369,28
2742,2,6986,6986,0,0,0,0,1.0,1.0,1.0,1.0,1.0,1,0.665194376809872,28
2743,2,6988,6988,0,0,0,0,1.0,1.0,1.0,1.0,1.0,1,0.6750792491092729,29
2744,1,6989,6989,0,0,0,0,1.0,1.0,1.0,1.0,1.0,1,0.6925479863087142,27
2745,2,6991,6991,0,0,0,0,1.0,1.0,1.0,1.0,1.0,1,0.7081545630265249,25
2746,0,6991,6991,0,0,0,0,1.0,1.0,1.0,1.0,1.0,1,0.7114452723166851,25
2747,0,6991,6991,0,0,0,0,1.0,1.0,1.0,1.0,1.0,1,0.7150029706136393,23
2748,0,6991,6991,0,0,0,0,1.0,1.0,1.0,1.0,1.0,1,0.706035232055563,22
2749,0,6991,6991,0,0,0,0,1.0,1.0,1.0,1.0,1.0,1,0.7252912964692246,19
2750,1,6992,6992,0,0,0,0,1.0,1.0,1.0,1.0,1.0,1,0.6872803280710463,18
2751,0,6992,6992,0,0,0,0,1.0,1.0,1.0,1.0,1.0,1,0.6957825824803148,16
2752,0,6992,6992,0,0,0,0,1.0,1.0,1.0,1.0,1.0,1,0.6867101731649338,15
2753,1,6993,6993,0,0,0,0,1.0,1.0,1.0,1.0,1.0,1,0.7104277085962052,15
2754,0,6993,6993,0,0,0,0,1.0,1.0,1.0,1.0,1.0,1,0.7104277085962052,15
2755,0,6993,6993,0,0,0,0,1.0,1.0,1.0,1.0,1.0,1,0.7104277085962052,15
2756,0,6993,6993,0,0,0,0,1.0,1.0,1.0,1.0,1.0,1,0.6804374173926562,16
2757,0,6993,6993,0,0,0,0,1.0,1.0,1.0,1.0,1.0,1,0.6655703518015635,17
2758,0,6993,6993,0,0,0,0,1.0,1.0,1.0,1.0,1.0,1,0.6655703518015635,17
2759,1,6994,6994,0,0,0,0,1.0,1.0,1.0,1.0,1.0,1,0.6823911035682072,18
2760,3,6997,6997,0,0,0,0,1.0,1.0,1.0,1.0,1.0,1,0.6600650280620968,18
2761,1,6998,6998,0,0,0,0,1.0,1.0,1.0,1.0,1.0,1,0.6708168863654358,18
2762,3,7001,7001,0,0,0,0,1.0,1.0,1.0,1.0,1.0,1,0.7103426999556544,18
2763,5,7006,7006,0,0,0,0,1.0,1.0,1.0,1.0,1.0,1,0.6005155884227528,17
2764,2,7008,7008,0,0,0,0,1.0,1.0,1.0,1.0,1.0,1,0.6010572630044709,17
2765,1,7009,7009,0,0,0,0,1.0,1.0,1.0,1.0,1.0,1,0.5858538558416784,18
2766,2,7011,7011,0,0,0,0,1.0,1.0,1.0,1.0,1.0,1,0.6658787456757401,18
2767,0,7011,7011,0,0,0,0,1.0,1.0,1.0,1.0,1.0,1,0.6658787456757401,18
2768,0,7011,7011,0,0,0,0,1.0,1.0,1.0,1.0,1.0,1,0.6658787456757401,18
2769,1,7012,7012,0,0,0,0,1.0,1.0,1.0,1.0,1.0,1,0.6261717202435789,18
2770,1,7013,7013,0,0,0,0,1.0,1.0,1.0,1.0,1.0,1,0.6765857371244521,18
2771,3,7016,7016,0,0,0,0,1.0,1.0,1.0,1.0,1.0,1,0.6335117968138282,18
2772,1,7017,7017,0,0,0,0,1.0,1.0,1.0,1.0,1.0,1,0.674480816523916,18
2773,2,7019,7019,0,0,0,0,1.0,1.0,1.0,1.0,1.0,1,0.682348752174415,18
2774,2,7021,7021,0,0,0,0,1.0,1.0,1.0,1.0,1.0,1,0.6708821380769229,20
2775,2,7023,7023,0,0,0,0,1.0,1.0,1.0,1.0,1.0,1,0.6663027525448216,21
2776,2,7025,7025,0,0,0,0,1.0,1.0,1.0,1.0,1.0,1,0.6482790193985467,21
2777,2,7027,7027,0,0,0,0,1.0,1.0,1.0,1.0,1.0,1,0.6585894535270442,22
2778,0,7027,7027,0,0,0,0,1.0,1.0,1.0,1.0,1.0,1,0.6130588584702351,24
2779,1,7028,7028,0,0,0,0,1.0,1.0,1.0,1.0,1.0,1,0.6078508192204128,24
2780,2,7030,7030,0,0,0,0,1.0,1.0,1.0,1.0,1.0,1,0.6373963503711214,24
2781,0,7030,7030,0,0,0,0,1.0,1.0,1.0,1.0,1.0,1,0.6373963503711214,24
2782,2,7032,7032,0,0,0,0,1.0,1.0,1.0,1.0,1.0,1,0.6764448274471966,24
2783,0,7032,7032,0,0,0,0,1.0,1.0,1.0,1.0,1.0,1,0.6764448274471966,24
2784,1,7033,7033,0,0,0,0,1.0,1.0,1.0,1.0,1.0,1,0.6442430787067174,24
2785,1,7034,7034,0,0,0,0,1.0,1.0,1.0,1.0,1.0,1,0.6675885965011187,22
2786,0,7034,7034,0,0,0,0,1.0,1.0,1.0,1.0,1.0,1,0.7108757102661701,22
2787,1,7035,7035,0,0,0,0,1.0,1.0,1.0,1.0,1.0,1,0.683054827069991,21
2788,2,7037,7037,0,0,0,0,1.0,1.0,1.0,1.0,1.0,1,0.6765934695893224,20
2789,0,7037,7037,0,0,0,0,1.0,1.0,1.0,1.0,1.0,1,0.6765934695893224,20
2790,0,7037,7037,0,0,0,0,1.0,1.0,1.0,1.0,1.0,1,0.6650695470292239,21
2791,1,7038,7038,0,0,0,0,1.0,1.0,1.0,1.0,1.0,1,0.6961222599578792,21
2792,1,7039,7039,0,0,0,0,1.0,1.0,1.0,1.0,1.0,1,0.7224835263201272,21
2793,2,7041,7041,0,0,0,0,1.0,1.0,1.0,1.0,1.0,1,0.7782341627870443,18
2794,0,7041,7041,0,0,0,0,1.0,1.0,1.0,1.0,1.0,1,0.7782341627870443,18
2795,1,7042,7042,0,0,0,0,1.0,1.0,1.0,1.0,1.0,1,0.7834595099414863,20
2796,0,7042,7042,0,0,0,0,1.0,1.0,1.0,1.0,1.0,1,0.7604530370126527,21
2797,0,7042,7042,0,0,0,0,1.0,1.0,1.0,1.0,1.0,1,0.7604530370126527,21
2798,1,7043,7043,0,0,0,0,1.0,1.0,1.0,1.0,1.0,1,0.7403208420491505,21
2799,1,7044,7044,0,0,0,0,1.0,1.0,1.0,1.0,1.0,1,0.7353493972233787,22
2800,0,7044,7044,0,0,0,0,1.0,1.0,1.0,1.0,1.0,1,0.7353493972233787,22
2801,1,7045,7045,0,0,0,0,1.0,1.0,1.0,1.0,1.0,1,0.7269423155407705,22
2802,1,7046,7046,0,0,0,0,1.0,1.0,1.0,1.0,1.0,1,0.7612486627092466,22
2803,2,7048,7048,0,0,0,0,1.0,1.0,1.0,1.0,1.0,1,0.7242137595778149,22
2804,0,7048,7048,0,0,0,0,1.0,1.0,1.0,1.0,1.0,1,0.7231565723300242,23
2805,0,7048,7048,0,0,0,0,1.0,1.0,1.0,1.0,1.0,1,0.7231565723300242,23
2806,0,7048,7048,0,0,0,0,1.0,1.0,1.0,1.0,1.0,1,0.7231565723300242,23
2807,1,7049,7049,0,0,0,0,1.0,1.0,1.0,1.0,1.0,1,0.7103171387737018,24
2808,0,7049,7049,0,0,0,0,1.0,1.0,1.0,1.0,1.0,1,0.7103171387737018,24
2809,2,7051,7051,0,0,0,0,1.0,1.0,1.0,1.0,1.0,1,0.6930018582933308,25
2810,0,7051,7051,0,0,0,0,1.0,1.0,1.0,1.0,1.0,1,0.7110036353197218,24
2811,0,7051,7051,0,0,0,0,1.0,1.0,1.0,1.0,1.0,1,0.707584561420144,26
2812,4,7055,7055,0,0,0,0,1.0,1.0,1.0,1.0,1.0,1,0.6849312071158736,26
2813,2,7057,7057,0,0,0,0,1.0,1.0,1.0,1.0,1.0,1,0.6213080161796609,27
2814,3,7060,7060,0,0,0,0,1.0,1.0,1.0,1.0,1.0,1,0.5597609349145278,29
2815,5,7065,7065,0,0,0,0,1.0,1.0,1.0,1.0,1.0,1,0.49034861453387574,29
2816,5,7070,7070,0,0,0,0,1.0,1.0,1.0,1.0,1.0,1,0.48496139469577393,29
2817,3,7073,7073,0,0,0,0,1.0,1.0,1.0,1.0,1.0,1,0.5041967002947427,29
2818,5,7078,7078,0,0,0,0,1.0,1.0,1.0,1.0,1.0,1,0.46926514822742205,29
2819,3,7081,7081,0,0,0,0,1.0,1.0,1.0,1.0,1.0,1,0.5100618660044661,30
2820,2,7083,7083,0,0,0,0,1.0,1.0,1.0,1.0,1.0,1,0.5254070053946004,30
2821,3,7086,7086,0,0,0,0,1.0,1.0,1.0,1.0,1.0,1,0.580701149124976,31
2822,2,7088,7088,0,0,0,0,1.0,1.0,1.0,1.0,1.0,1,0.6149523867190412,30
2823,3,7091,7091,0,0,0,0,1.0,1.0,1.0,1.0,1.0,1,0.607731151642777,27
2824,2,7093,7093,0,0,0,0,1.0,1.0,1.0,1.0,1.0,1,0.6042935073923873,28
2825,3,7096,7096,0,0,0,0,1.0,1.0,1.0,1.0,1.0,1,0.6217391925211303,28
2826,1,7097,7097,0,0,0,0,1.0,1.0,1.0,1.0,1.0,1,0.6102314520481764,27
2827,2,7099,7099,0,0,0,0,1.0,1.0,1.0,1.0,1.0,1,0.606152745161183,28
2828,1,7100,7100,0,0,0,0,1.0,1.0,1.0,1.0,1.0,1,0.6073908436774642,28
2829,3,7103,7103,0,0,0,0,1.0,1.0,1.0,1.0,1.0,1,0.6145271280890533,27
2830,0,7103,7103,0,0,0,0,1.0,1.0,1.0,1.0,1.0,1,0.6145271280890533,27
2831,0,7103,7103,0,0,0,0,1.0,1.0,1.0,1.0,1.0,1,0.6145271280890533,27
2832,2,7105,7105,0,0,0,0,1.0,1.0,1.0,1.0,1.0,1,0.6692617473433441,27
2833,2,7107,7107,0,0,0,0,1.0,1.0,1.0,1.0,1.0,1,0.6622443975334918,26
2834,1,7108,7108,0,0,0,0,1.0,1.0,1.0,1.0,1.0,1,0.6478702282686827,26
2835,2,7110,7110,0,0,0,0,1.0,1.0,1.0,1.0,1.0,1,0.6192895181934589,25
2836,2,7112,7112,0,0,0,0,1.0,1.0,1.0,1.0,1.0,1,0.6055464835991557,27
2837,1,7113,7113,0,0,0,0,1.0,1.0,1.0,1.0,1.0,1,0.6033792175457059,27
2838,4,7117,7117,0,0,0,0,1.0,1.0,1.0,1.0,1.0,1,0.578606558020053,27
2839,1,7118,7118,0,0,0,0,1.0,1.0,1.0,1.0,1.0,1,0.5610511104823435,29
2840,3,7121,7121,0,0,0,0,1.0,1.0,1.0,1.0,1.0,1,0.5598649674278676,29
2841,3,7124,7124,0,0,0,0,1.0,1.0,1.0,1.0,1.0,1,0.5185532911814815,31
2842,3,7127,7127,0,0,0,0,1.0,1.0,1.0,1.0,1.0,1,0.4900291847914275,31
2843,6,7133,7133,0,0,0,0,1.0,1.0,1.0,1.0,1.0,1,0.4160344044907677,32
2844,6,7139,7139,0,0,0,0,1.0,1.0,1.0,1.0,1.0,1,0.43726009895232765,33
2845,3,7142,7142,0,0,0,0,1.0,1.0,1.0,1.0,1.0,1,0.4855227702303643,32
2846,5,7147,7147,0,0,0,0,1.0,1.0,1.0,1.0,1.0,1,0.4859426110867735,33
2847,5,7152,7152,0,0,0,0,1.0,1.0,1.0,1.0,1.0,1,0.5369781430764273,32
2848,2,7154,7154,0,0,0,0,1.0,1.0,1.0,1.0,1.0,1,0.5308165232703098,33
2849,1,7155,7155,0,0,0,0,1.0,1.0,1.0,1.0,1.0,1,0.5501492622516682,34
2850,0,7155,7155,0,0,0,0,1.0,1.0,1.0,1.0,1.0,1,0.5501492622516682,34
2851,2,7157,7157,0,0,0,0,1.0,1.0,1.0,1.0,1.0,1,0.5673226998578874,34
2852,3,7160,7160,0,0,0,0,1.0,1.0,1.0,1.0,1.0,1,0.5568170263351795,35
2853,2,7162,7162,0,0,0,0,1.0,1.0,1.0,1.0,1.0,1,0.5887186875742934,36
2854,3,7165,7165,0,0,0,0,1.0,1.0,1.0,1.0,1.0,1,0.5905356793408366,37
2855,5,7170,7170,0,0,0,0,1.0,1.0,1.0,1.0,1.0,1,0.6062161630507017,38
2856,2,7172,7172,0,0,0,0,1.0,1.0,1.0,1.0,1.0,1,0.5722449317054623,38
2857,2,7174,7174,0,0,0,0,1.0,1.0,1.0,1.0,1.0,1,0.5733868176895489,39
2858,2,7176,7176,0,0,0,0,1.0,1.0,1.0,1.0,1.0,1,0.5578294061982305,40
2859,5,7181,7181,0,0,0,0,1.0,1.0,1.0,1.0,1.0,1,0.5119063259771195,40
2860,2,7183,7183,0,0,0,0,1.0,1.0,1.0,1.0,1.0,1,0.5354222699301827,40
2861,2,7185,7185,0,0,0,0,1.0,1.0,1.0,1.0,1.0,1,0.5312504108194915,38
2862,5,7190,7190,0,0,0,0,1.0,1.0,1.0,1.0,1.0,1,0.5470756338753455,38
2863,3,7193,7193,0,0,0,0,1.0,1.0,1.0,1.0,1.0,1,0.539873344528442,38
2864,5,7198,7198,0,0,0,0,1.0,1.0,1.0,1.0,1.0,1,0.6005574708323054,36
2865,3,7201,7201,0,0,0,0,1.0,1.0,1.0,1.0,1.0,1,0.5651225251337284,34
2866,2,7203,7203,0,0,0,0,1.0,1.0,1.0,1.0,1.0,1,0.5900333936384973,31
2867,3,7206,7206,0,0,0,0,1.0,1.0,1.0,1.0,1.0,1,0.5778463101037298,30
2868,1,7207,7207,0,0,0,0,1.0,1.0,1.0,1.0,1.0,1,0.5842924208648343,27
2869,2,7209,7209,0,0,0,0,1.0,1.0,1.0,1.0,1.0,1,0.6032593559451388,27
2870,1,7210,7210,0,0,0,0,1.0,1.0,1.0,1.0,1.0,1,0.5898732339061243,25
2871,3,7213,7213,0,0,0,0,1.0,1.0,1.0,1.0,1.0,1,0.6069092879774224,25
2872,0,7213,7213,0,0,0,0,1.0,1.0,1.0,1.0,1.0,1,0.6093246376284602,23
2873,2,7215,7215,0,0,0,0,1.0,1.0,1.0,1.0,1.0,1,0.644075706559045,24
2874,1,7216,7216,0,0,0,0,1.0,1.0,1.0,1.0,1.0,1,0.6739694293457161,24
2875,2,7218,7218,0,0,0,0,1.0,1.0,1.0,1.0,1.0,1,0.7124689880341599,23
2876,0,7218,7218,0,0,0,0,1.0,1.0,1.0,1.0,1.0,1,0.698468701369787,24
2877,2,7220,7220,0,0,0,0,1.0,1.0,1.0,1.0,1.0,1,0.6721410117247403,24
2878,1,7221,7221,0,0,0,0,1.0,1.0,1.0,1.0,1.0,1,0.6604012377752617,24
2879,1,7222,7222,0,0,0,0,1.0,1.0,1.0,1.0,1.0,1,0.6560574829143284,25
2880,1,7223,7223,0,0,0,0,1.0,1.0,1.0,1.0,1.0,1,0.6624619449639069,26
2881,1,7224,7224,0,0,0,0,1.0,1.0,1.0,1.0,1.0,1,0.6700279365101783,26
2882,1,7225,7225,0,0,0,0,1.0,1.0,1.0,1.0,1.0,1,0.6525207253758762,27
2883,3,7228,7228,0,0,0,0,1.0,1.0,1.0,1.0,1.0,1,0.6390394762096189,28
2884,1,7229,7229,0,0,0,0,1.0,1.0,1.0,1.0,1.0,1,0.6726655096184013,29
2885,2,7231,7231,0,0,0,0,1.0,1.0,1.0,1.0,1.0,1,0.6735048008441866,31
2886,1,7232,7232,0,0,0,0,1.0,1.0,1.0,1.0,1.0,1,0.6830636546212877,31
2887,1,7233,7233,0,0,0,0,1.0,1.0,1.0,1.0,1.0,1,0.6787358310805554,33
2888,3,7236,7236,0,0,0,0,0.9951886722275477,0.9918207427868309,0.9951886722275477,0.9918207427868309,1.0,1,0.7163373321598117,34
2889,0,7236,7236,0,0,0,0,0.9953261387353318,0.9918207427868309,0.9953261387353318,0.9918207427868309,1.0,1,0.6966898946750352,35
2890,3,7239,7239,0,0,0,0,0.9713794711128928,0.9522991185214882,0.9713794711128928,0.9522991185214882,1.0,1,0.6931115844775414,35
2891,0,7239,7239,0,0,0,0,0.9713794711128928,0.9522991185214882,0.9713794711128928,0.9522991185214882,1.0,1,0.6931115844775414,35
2892,1,7240,7240,0,0,0,0,0.9713794711128928,0.9522991185214882,0.9713794711128928,0.9522991185214882,1.0,1,0.6879496367638605,35
2893,1,7241,7241,0,0,0,0,0.9413145611407447,0.9013017619185253,0.9413145611407447,0.9013017619185253,1.0,1,0.6896446172765219,37
2894,1,7242,7242,0,0,0,0,0.9213103921844524,0.8734123700358584,0.9213103921844524,0.8734123700358584,1.0,1,0.699826488530439,37
2895,1,7243,7243,0,0,0,0,0.9213103921844527,0.8734123700358584,0.9213103921844527,0.8734123700358584,1.0,1,0.6876066667028873,37
2896,0,7243,7243,0,0,0,0,0.8997882182093858,0.8413313454981941,0.8997882182093858,0.8413313454981941,1.0,1,0.6876066667028873,38
2897,1,7244,7244,0,0,0,0,0.8721429714830204,0.8107715977948703,0.8721429714830204,0.8107715977948703,1.0,1,0.7105277559987714,37
2898,0,7244,7244,0,0,0,0,0.8495710341863444,0.7801422807338879,0.8495710341863444,0.7801422807338879,1.0,1,0.7105277559987714,38
2899,1,7245,7245,0,0,0,0,0.8957854383568652,0.8393358841335006,0.8957854383568652,0.8393358841335006,1.0,1,0.7260929217671642,37
2900,0,7245,7245,0,0,0,0,0.9276258377668317,0.8867187025915626,0.9276258377668317,0.8867187025915626,1.0,1,0.7260929217671642,36
2901,0,7245,7245,0,0,0,0,0.9479887363223909,0.9125265110876573,0.9479887363223909,0.9125265110876573,1.0,1,0.7179003927301413,37
2902,2,7247,7247,0,0,0,0,1.0,1.0,1.0,1.0,1.0,1,0.7222701701846341,35
2903,0,7247,7247,0,0,0,0,0.984484268456386,0.9741404474273101,0.984484268456386,0.9741404474273101,1.0,1,0.7238293507292787,35
2904,1,7248,7248,0,0,0,0,1.0,1.0,1.0,1.0,1.0,1,0.7272821360342218,33
2905,1,7249,7249,0,0,0,0,1.0,1.0,1.0,1.0,1.0,1,0.7266896048828878,34
2906,1,7250,7250,0,0,0,0,1.0,1.0,1.0,1.0,1.0,1,0.7123639721384183,34
2907,1,7251,7251,0,0,0,0,1.0,1.0,1.0,1.0,1.0,1,0.7268879174775653,35
2908,1,7252,7252,0,0,0,0,0.9736452112009021,0.9548203620586895,0.9736452112009021,0.9548203620586895,1.0,1,0.7265860161850709,36
2909,1,7253,7253,0,0,0,0,0.9551783123708134,0.9225807213677688,0.9551783123708134,0.9225807213677688,1.0,1,0.738250162589351,38
2910,2,7255,7255,0,0,0,0,0.9329500521350688,0.8892218252666355,0.9329500521350688,0.8892218252666355,1.0,1,0.73596330914779,38
2911,0,7255,7255,0,0,0,0,0.9574604992174669,0.9284562941384671,0.9574604992174669,0.9284562941384671,1.0,1,0.73596330914779,37
2912,2,7257,7257,0,0,0,0,1.0,1.0,1.0,1.0,1.0,1,0.7051294800023485,37
2913,3,7260,7260,0,0,0,0,1.0,1.0,1.0,1.0,1.0,1,0.7119322624685972,38
2914,3,7263,7263,0,0,0,0,1.0,1.0,1.0,1.0,1.0,1,0.7027942740523592,38
2915,4,7267,7267,0,0,0,0,1.0,1.0,1.0,1.0,1.0,1,0.6518384036621625,39
2916,4,7271,7271,0,0,0,0,1.0,1.0,1.0,1.0,1.0,1,0.6219440289326142,40
2917,2,7273,7273,0,0,0,0,1.0,1.0,1.0,1.0,1.0,1,0.6014319722160613,41
2918,3,7276,7276,0,0,0,0,1.0,1.0,1.0,1.0,1.0,1,0.5752952258073288,41
2919,2,7278,7278,0,0,0,0,1.0,1.0,1.0,1.0,1.0,1,0.5931265164631178,41
2920,1,7279,7279,0,0,0,0,1.0,1.0,1.0,1.0,1.0,1,0.5964527453320632,43
2921,2,7281,7281,0,0,0,0,1.0,1.0,1.0,1.0,1.0,1,0.5836075085407431,42
2922,1,7282,7282,0,0,0,0,1.0,1.0,1.0,1.0,1.0,1,0.5788849865637316,43
2923,1,7283,7283,0,0,0,0,1.0,1.0,1.0,1.0,1.0,1,0.5778856655828088,44
2924,3,7286,7286,0,0,0,0,1.0,1.0,1.0,1.0,1.0,1,0.5785874357039509,45
2925,0,7286,7286,0,0,0,0,1.0,1.0,1.0,1.0,1.0,1,0.5926769533007644,45
2926,4,7290,7290,0,0,0,0,1.0,1.0,1.0,1.0,1.0,1,0.5728367668392174,47
2927,3,7293,7293,0,0,0,0,1.0,1.0,1.0,1.0,1.0,1,0.555095564315279,47
2928,3,7296,7296,0,0,0,0,1.0,1.0,1.0,1.0,1.0,1,0.5429909825423274,48
2929,1,7297,7297,0,0,0,0,1.0,1.0,1.0,1.0,1.0,1,0.5607691350102936,48
2930,3,7300,7300,0,0,0,0,1.0,1.0,1.0,1.0,1.0,1,0.5482600556656752,50
2931,2,7302,7302,0,0,0,0,1.0,1.0,1.0,1.0,1.0,1,0.5496869433131926,51
2932,0,7302,7302,0,0,0,0,1.0,1.0,1.0,1.0,1.0,1,0.5496869433131926,51
2933,2,7304,7304,0,0,0,0,1.0,1.0,1.0,1.0,1.0,1,0.5760523406216742,52
2934,2,7306,7306,0,0,0,0,1.0,1.0,1.0,1.0,1.0,1,0.6025221750609512,52
2935,1,7307,7307,0,0,0,0,1.0,1.0,1.0,1.0,1.0,1,0.6303765500848096,51
2936,0,7307,7307,0,0,0,0,1.0,1.0,1.0,1.0,1.0,1,0.6346113977252589,49
2937,1,7308,7308,0,0,0,0,1.0,1.0,1.0,1.0,1.0,1,0.628119192741103,50
2938,2,7310,7310,0,0,0,0,1.0,1.0,1.0,1.0,1.0,1,0.6408905849069753,50
2939,3,7313,7313,0,0,0,0,1.0,1.0,1.0,1.0,1.0,1,0.6239081937891924,51
2940,1,7314,7314,0,0,0,0,1.0,1.0,1.0,1.0,1.0,1,0.6331473521356739,52
2941,1,7315,7315,0,0,0,0,0.996857126050673,0.9924285309402578,0.996857126050673,0.9924285309402578,1.0,1,0.649957933439985,53
2942,4,7319,7319,0,0,0,0,1.0,1.0,1.0,1.0,1.0,1,0.6701859274254784,52
2943,3,7322,7322,0,0,0,0,1.0,1.0,1.0,1.0,1.0,1,0.6690896351461932,51
2944,3,7325,7325,0,0,0,0,0.98533012909992,0.9636746053902783,0.98533012909992,0.9636746053902783,1.0,1,0.6782109500248154,52
2945,1,7326,7326,0,0,0,0,1.0,1.0,1.0,1.0,1.0,1,0.6711096371953694,50
2946,1,7327,7327,0,0,0,0,0.985043932098169,0.963678120809839,0.985043932098169,0.963678120809839,1.0,1,0.691543946382606,51
2947,1,7328,7328,0,0,0,0,1.0,1.0,1.0,1.0,1.0,1,0.6987738607558637,50
2948,1,7329,7329,0,0,0,0,0.9940078199102935,0.9863814088870306,0.9940078199102935,0.9863814088870306,1.0,1,0.6963371624469431,50
2949,0,7329,7329,0,0,0,0,0.9938855305207076,0.9863814088870306,0.9938855305207076,0.9863814088870306,1.0,1,0.6969177601456573,49
2950,2,7331,7331,0,0,0,0,0.9937581457398891,0.9863814088870306,0.9937581457398891,0.9863814088870306,1.0,1,0.7080213255122584,48
2951,2,7333,7333,0,0,0,0,1.0,1.0,1.0,1.0,1.0,1,0.691735449900003,48
2952,1,7334,7334,0,0,0,0,1.0,1.0,1.0,1.0,1.0,1,0.691076470660945,46
2953,4,7338,7338,0,0,0,0,1.0,1.0,1.0,1.0,1.0,1,0.6707150695892594,46
2954,5,7343,7343,0,0,0,0,1.0,1.0,1.0,1.0,1.0,1,0.6410266803817726,48
2955,6,7349,7349,0,0,0,0,1.0,1.0,1.0,1.0,1.0,1,0.6392109531147318,48
2956,3,7352,7352,0,0,0,0,1.0,1.0,1.0,1.0,1.0,1,0.6330553324466337,47
2957,10,7362,7362,0,0,0,0,1.0,1.0,1.0,1.0,1.0,1,0.606432150320009,48
2958,6,7368,7368,0,0,0,0,1.0,1.0,1.0,1.0,1.0,1,0.6001698683423636,49
2959,9,7377,7377,0,0,0,0,1.0,1.0,1.0,1.0,1.0,1,0.5706099233113595,49
2960,7,7384,7384,0,0,0,0,1.0,1.0,1.0,1.0,1.0,1,0.526914351188544,49
2961,5,7389,7389,0,0,0,0,1.0,1.0,1.0,1.0,1.0,1,0.5154671104067099,51
2962,2,7391,7391,0,0,0,0,1.0,1.0,1.0,1.0,1.0,1,0.5188391315464291,51
2963,3,7394,7394,0,0,0,0,1.0,1.0,1.0,1.0,1.0,1,0.5325909594104573,51
2964,1,7395,7395,0,0,0,0,1.0,1.0,1.0,1.0,1.0,1,0.5478566113828044,52
2965,3,7398,7398,0,0,0,0,1.0,1.0,1.0,1.0,1.0,1,0.5431938632821262,53
2966,1,7399,7399,0,0,0,0,1.0,1.0,1.0,1.0,1.0,1,0.5558612651723467,53
2967,2,7401,7401,0,0,0,0,1.0,1.0,1.0,1.0,1.0,1,0.5784490871488347,53
2968,1,7402,7402,0,0,0,0,1.0,1.0,1.0,1.0,1.0,1,0.5547872023690489,54
2969,1,7403,7403,0,0,0,0,1.0,1.0,1.0,1.0,1.0,1,0.5147516273120086,55
2970,0,7403,7403,0,0,0,0,1.0,1.0,1.0,1.0,1.0,1,0.5147516273120086,55
2971,0,7403,7403,0,0,0,0,1.0,1.0,1.0,1.0,1.0,1,0.5147516273120086,55
2972,0,7403,7403,0,0,0,0,1.0,1.0,1.0,1.0,1.0,1,0.5147516273120086,55
2973,1,7404,7404,0,0,0,0,1.0,1.0,1.0,1.0,1.0,1,0.5474177698943377,55
2974,0,7404,7404,0,0,0,0,1.0,1.0,1.0,1.0,1.0,1,0.5365707292597128,56
2975,0,7404,7404,0,0,0,0,1.0,1.0,1.0,1.0,1.0,1,0.5349063426487098,55
2976,0,7404,7404,0,0,0,0,1.0,1.0,1.0,1.0,1.0,1,0.5364634758039404,57
2977,4,7408,7408,0,0,0,0,1.0,1.0,1.0,1.0,1.0,1,0.5536770475855122,59
2978,4,7412,7412,0,0,0,0,0.9940455746850595,0.9840313139281145,0.9940455746850595,0.9840313139281145,1.0,1,0.5591441780825194,59
2979,7,7419,7419,0,0,0,0,1.0,1.0,1.0,1.0,1.0,1,0.540355175957841,59
2980,5,7424,7424,0,0,0,0,1.0,1.0,1.0,1.0,1.0,1,0.49460614185140117,59
2981,7,7431,7431,0,0,0,0,1.0,1.0,1.0,1.0,1.0,1,0.4936153523026919,59
2982,5,7436,7436,0,0,0,0,1.0,1.0,1.0,1.0,1.0,1,0.5074368939313846,61
2983,7,7443,7443,0,0,0,0,1.0,1.0,1.0,1.0,1.0,1,0.551286751371722,61
2984,5,7448,7448,0,0,0,0,1.0,1.0,1.0,1.0,1.0,1,0.5795909146736139,61
2985,10,7458,7458,0,0,0,0,1.0,1.0,1.0,1.0,1.0,1,0.5996813394480166,57
2986,6,7464,7464,0,0,0,0,1.0,1.0,1.0,1.0,1.0,1,0.5448990507109363,58
2987,5,7469,7469,0,0,0,0,1.0,1.0,1.0,1.0,1.0,1,0.5356237405971634,56
2988,5,7474,7474,0,0,0,0,1.0,1.0,1.0,1.0,1.0,1,0.5267033585500606,55
2989,6,7480,7480,0,0,0,0,1.0,1.0,1.0,1.0,1.0,1,0.5533312642134898,53
2990,6,7486,7486,0,0,0,0,1.0,1.0,1.0,1.0,1.0,1,0.503763613994178,52
2991,5,7491,7491,0,0,0,0,1.0,1.0,1.0,1.0,1.0,1,0.5247142892870003,54
2992,4,7495,7495,0,0,0,0,1.0,1.0,1.0,1.0,1.0,1,0.5394683493496569,55
2993,1,7496,7496,0,0,0,0,1.0,1.0,1.0,1.0,1.0,1,0.5507753079253174,53
2994,2,7498,7498,0,0,0,0,1.0,1.0,1.0,1.0,1.0,1,0.5696137584818501,53
2995,3,7501,7501,0,0,0,0,1.0,1.0,1.0,1.0,1.0,1,0.5655151628986714,51
2996,0,7501,7501,0,0,0,0,0.9865523416543286,0.9667010364773848,0.9865523416543286,0.9667010364773848,1.0,1,0.5694613158488953,52
2997,2,7503,7503,0,0,0,0,0.9860144353205016,0.9667010364773848,0.9860144353205016,0.9667010364773848,1.0,1,0.6069015032826405,50
2998,1,7504,7504,0,0,0,0,0.9712383422990397,0.9333252480568648,0.9712383422990397,0.9333252480568648,1.0,1,0.6020690967565652,51
2999,2,7506,7506,0,0,0,0,0.9694407386927297,0.9333252480568648,0.9694407386927297,0.9333252480568648,1.0,1,0.5996116248623113,48
3000,1,7507,7507,0,0,0,0,0.9694407386927297,0.9333252480568648,0.9694407386927297,0.9333252480568648,1.0,1,0.5891498638699123,48
3001,2,7509,7509,0,0,0,0,0.9606796878246602,0.9124229410640157,0.9606796878246602,0.9124229410640157,1.0,1,0.5861205386978112,49
3002,4,7513,7513,0,0,0,0,0.9737059870537776,0.9373952072708992,0.9737059870537776,0.9373952072708992,1.0,1,0.5941673845216638,50
3003,3,7516,7516,0,0,0,0,0.9901581018532144,0.9753952546330359,0.9901581018532144,0.9753952546330359,1.0,1,0.5963908124002487,50
3004,4,7520,7520,0,0,0,0,1.0,1.0,1.0,1.0,1.0,1,0.5885778525616177,51
3005,3,7523,7523,0,0,0,0,1.0,1.0,1.0,1.0,1.0,1,0.5813444747112758,50
3006,1,7524,7524,0,0,0,0,0.9923610757451541,0.9805207431501429,0.9923610757451541,0.9805207431501429,1.0,1,0.5706863358805087,51
3007,0,7524,7524,0,0,0,0,0.9923610757451541,0.9805207431501429,0.9923610757451541,0.9805207431501429,1.0,1,0.5736465653297671,51
3008,4,7528,7528,0,0,0,0,0.9708779065678197,0.9265013832425927,0.9708779065678197,0.9265013832425927,1.0,1,0.5673189126209484,53
3009,2,7530,7530,0,0,0,0,0.9703178663095086,0.9265013832425927,0.9703178663095086,0.9265013832425927,1.0,1,0.6084941603873306,52
3010,3,7533,7533,0,0,0,0,0.9703178663095086,0.9265013832425927,0.9703178663095086,0.9265013832425927,1.0,1,0.628503546818776,52
3011,4,7537,7537,0,0,0,0,1.0,1.0,1.0,1.0,1.0,1,0.6396500619970229,51
3012,4,7541,7541,0,0,0,0,0.9951675683465194,0.9869524345356021,0.9951675683465194,0.9869524345356021,1.0,1,0.6377188462734598,54
3013,3,7544,7544,0,0,0,0,1.0,1.0,1.0,1.0,1.0,1,0.6132875866275365,52
3014,5,7549,7549,0,0,0,0,1.0,1.0,1.0,1.0,1.0,1,0.5936991943645555,51
3015,4,7553,7553,0,0,0,0,1.0,1.0,1.0,1.0,1.0,1,0.6427806050741062,50
3016,6,7559,7559,0,0,0,0,1.0,1.0,1.0,1.0,1.0,1,0.6355283748145345,50
3017,2,7561,7561,0,0,0,0,1.0,1.0,1.0,1.0,1.0,1,0.6433210171969829,48
3018,7,7568,7568,0,0,0,0,1.0,1.0,1.0,1.0,1.0,1,0.5687448195034672,48
3019,8,7576,7576,0,0,0,0,1.0,1.0,1.0,1.0,1.0,1,0.5765083856917717,47
3020,3,7579,7579,0,0,0,0,1.0,1.0,1.0,1.0,1.0,1,0.5676570787994893,47
3021,3,7582,7582,0,0,0,0,1.0,1.0,1.0,1.0,1.0,1,0.5773230446370028,46
3022,5,7587,7587,0,0,0,0,1.0,1.0,1.0,1.0,1.0,1,0.6206819252213897,45
3023,1,7588,7588,0,0,0,0,1.0,1.0,1.0,1.0,1.0,1,0.6278363924761164,41
3024,3,7591,7591,0,0,0,0,1.0,1.0,1.0,1.0,1.0,1,0.6379338697960812,43
3025,2,7593,7593,0,0,0,0,1.0,1.0,1.0,1.0,1.0,1,0.6516865097409393,39
3026,3,7596,7596,0,0,0,0,1.0,1.0,1.0,1.0,1.0,1,0.6725711161360495,38
3027,3,7599,7599,0,0,0,0,1.0,1.0,1.0,1.0,1.0,1,0.6335627115200464,38
3028,4,7603,7603,0,0,0,0,1.0,1.0,1.0,1.0,1.0,1,0.5896568117965945,38
3029,5,7608,7608,0,0,0,0,1.0,1.0,1.0,1.0,1.0,1,0.5578315846748774,37
3030,3,7611,7611,0,0,0,0,1.0,1.0,1.0,1.0,1.0,1,0.5163220312452342,38
3031,5,7616,7616,0,0,0,0,1.0,1.0,1.0,1.0,1.0,1,0.5087165905998068,39
3032,2,7618,7618,0,0,0,0,1.0,1.0,1.0,1.0,1.0,1,0.4953904357585127,39
3033,1,7619,7619,0,0,0,0,1.0,1.0,1.0,1.0,1.0,1,0.5038267604494387,39
3034,0,7619,7619,0,0,0,0,1.0,1.0,1.0,1.0,1.0,1,0.5103738802046738,38
3035,3,7622,7622,0,0,0,0,1.0,1.0,1.0,1.0,1.0,1,0.5278506025833134,39
3036,0,7622,7622,0,0,0,0,1.0,1.0,1.0,1.0,1.0,1,0.544239124523893,39
3037,2,7624,7624,0,0,0,0,1.0,1.0,1.0,1.0,1.0,1,0.5884870899267899,39
3038,3,7627,7627,0,0,0,0,1.0,1.0,1.0,1.0,1.0,1,0.6233839797979567,40
3039,1,7628,7628,0,0,0,0,1.0,1.0,1.0,1.0,1.0,1,0.6359822738570015,41
3040,3,7631,7631,0,0,0,0,1.0,1.0,1.0,1.0,1.0,1,0.5754692205341793,42
3041,6,7637,7637,0,0,0,0,1.0,1.0,1.0,1.0,1.0,1,0.6117999658437694,43
3042,4,7641,7641,0,0,0,0,1.0,1.0,1.0,1.0,1.0,1,0.6065923418224856,45
3043,2,7643,7643,0,0,0,0,1.0,1.0,1.0,1.0,1.0,1,0.6197143033637722,45
3044,4,7647,7647,0,0,0,0,1.0,1.0,1.0,1.0,1.0,1,0.6240377619833318,45
3045,5,7652,7652,0,0,0,0,1.0,1.0,1.0,1.0,1.0,1,0.6003797310876454,45
3046,2,7654,7654,0,0,0,0,1.0,1.0,1.0,1.0,1.0,1,0.6213526156574923,46
3047,4,7658,7658,0,0,0,0,1.0,1.0,1.0,1.0,1.0,1,0.5994032503087334,46
3048,0,7658,7658,0,0,0,0,1.0,1.0,1.0,1.0,1.0,1,0.6033044081266558,49
3049,2,7660,7660,0,0,0,0,1.0,1.0,1.0,1.0,1.0,1,0.5915830211413068,50
3050,4,7664,7664,0,0,0,0,0.9806258821093654,0.9578823524116639,0.9806258821093654,0.9578823524116639,1.0,1,0.6146975394206583,50
3051,2,7666,7666,0,0,0,0,0.9684676459544356,0.9314514042487732,0.9684676459544356,0.9314514042487732,1.0,1,0.6033005515685095,50
3052,2,7668,7668,0,0,0,0,1.0,1.0,1.0,1.0,1.0,1,0.6048734634573374,50
3053,1,7669,7669,0,0,0,0,1.0,1.0,1.0,1.0,1.0,1,0.5765899895893101,49
3054,3,7672,7672,0,0,0,0,1.0,1.0,1.0,1.0,1.0,1,0.562376333899421,47
3055,5,7677,7677,0,0,0,0,1.0,1.0,1.0,1.0,1.0,1,0.519632303203191,48
3056,3,7680,7680,0,0,0,0,1.0,1.0,1.0,1.0,1.0,1,0.5358200414610303,47
3057,8,7688,7688,0,0,0,0,1.0,1.0,1.0,1.0,1.0,1,0.5454308140148333,48
3058,4,7692,7692,0,0,0,0,1.0,1.0,1.0,1.0,1.0,1,0.556223559380722,46
3059,5,7697,7697,0,0,0,0,1.0,1.0,1.0,1.0,1.0,1,0.536154002929851,44
3060,6,7703,7703,0,0,0,0,1.0,1.0,1.0,1.0,1.0,1,0.534481028717761,44
3061,1,7704,7704,0,0,0,0,1.0,1.0,1.0,1.0,1.0,1,0.5569451826127442,42
3062,7,7711,7711,0,0,0,0,1.0,1.0,1.0,1.0,1.0,1,0.556134078804909,42
3063,3,7714,7714,0,0,0,0,1.0,1.0,1.0,1.0,1.0,1,0.5921518898732698,41
3064,2,7716,7716,0,0,0,0,1.0,1.0,1.0,1.0,1.0,1,0.6025518233405844,42
3065,2,7718,7718,0,0,0,0,1.0,1.0,1.0,1.0,1.0,1,0.5771246340246525,40
3066,3,7721,7721,0,0,0,0,1.0,1.0,1.0,1.0,1.0,1,0.5547124610452119,42
3067,1,7722,7722,0,0,0,0,1.0,1.0,1.0,1.0,1.0,1,0.5400387726591924,40
3068,2,7724,7724,0,0,0,0,1.0,1.0,1.0,1.0,1.0,1,0.5961833845061488,39
3069,4,7728,7728,0,0,0,0,1.0,1.0,1.0,1.0,1.0,1,0.5984867110474361,38
3070,0,7728,7728,0,0,0,0,1.0,1.0,1.0,1.0,1.0,1,0.594599817479402,39
3071,4,7732,7732,0,0,0,0,1.0,1.0,1.0,1.0,1.0,1,0.6218894740669166,39
3072,0,7732,7732,0,0,0,0,1.0,1.0,1.0,1.0,1.0,1,0.6278337696068808,40
3073,1,7733,7733,0,0,0,0,1.0,1.0,1.0,1.0,1.0,1,0.6669890039495623,38
3074,2,7735,7735,0,0,0,0,1.0,1.0,1.0,1.0,1.0,1,0.6699111563838754,38
3075,1,7736,7736,0,0,0,0,1.0,1.0,1.0,1.0,1.0,1,0.6622984573804798,41
3076,1,7737,7737,0,0,0,0,1.0,1.0,1.0,1.0,1.0,1,0.6175881946490229,42
3077,2,7739,7739,0,0,0,0,1.0,1.0,1.0,1.0,1.0,1,0.6281034954570458,42
3078,3,7742,7742,0,0,0,0,1.0,1.0,1.0,1.0,1.0,1,0.6061400719321167,42
3079,3,7745,7745,0,0,0,0,1.0,1.0,1.0,1.0,1.0,1,0.5795457918047884,42
3080,2,7747,7747,0,0,0,0,1.0,1.0,1.0,1.0,1.0,1,0.571874516105939,43
3081,4,7751,7751,0,0,0,0,1.0,1.0,1.0,1.0,1.0,1,0.5444096463822419,44
3082,2,7753,7753,0,0,0,0,1.0,1.0,1.0,1.0,1.0,1,0.5431162429449088,45
3083,2,7755,7755,0,0,0,0,1.0,1.0,1.0,1.0,1.0,1,0.5555952124313137,45
3084,0,7755,7755,0,0,0,0,1.0,1.0,1.0,1.0,1.0,1,0.5555952124313137,45
3085,3,7758,7758,0,0,0,0,1.0,1.0,1.0,1.0,1.0,1,0.5582100789503186,46
3086,2,7760,7760,0,0,0,0,1.0,1.0,1.0,1.0,1.0,1,0.530414384207404,46
3087,1,7761,7761,0,0,0,0,1.0,1.0,1.0,1.0,1.0,1,0.532618026992892,47
3088,2,7763,7763,0,0,0,0,1.0,1.0,1.0,1.0,1.0,1,0.5607483849346462,48
3089,1,7764,7764,0,0,0,0,1.0,1.0,1.0,1.0,1.0,1,0.5512644212517439,46
3090,3,7767,7767,0,0,0,0,1.0,1.0,1.0,1.0,1.0,1,0.6034606422962108,46
3091,1,7768,7768,0,0,0,0,1.0,1.0,1.0,1.0,1.0,1,0.5998109920210067,46
3092,3,7771,7771,0,0,0,0,1.0,1.0,1.0,1.0,1.0,1,0.5994962805805857,47
3093,1,7772,7772,0,0,0,0,1.0,1.0,1.0,1.0,1.0,1,0.5947829578241233,47
3094,3,7775,7775,0,0,0,0,1.0,1.0,1.0,1.0,1.0,1,0.6245829770375806,45
3095,1,7776,7776,0,0,0,0,1.0,1.0,1.0,1.0,1.0,1,0.5882656183355573,46
3096,3,7779,7779,0,0,0,0,1.0,1.0,1.0,1.0,1.0,1,0.5579283964049435,46
3097,2,7781,7781,0,0,0,0,1.0,1.0,1.0,1.0,1.0,1,0.5656713863195512,47
3098,1,7782,7782,0,0,0,0,1.0,1.0,1.0,1.0,1.0,1,0.5566716365662775,47
3099,4,7786,7786,0,0,0,0,1.0,1.0,1.0,1.0,1.0,1,0.49660112033868636,47
3100,1,7787,7787,0,0,0,0,1.0,1.0,1.0,1.0,1.0,1,0.498094850640882,47
3101,4,7791,7791,0,0,0,0,1.0,1.0,1.0,1.0,1.0,1,0.5481205570854408,48
3102,2,7793,7793,0,0,0,0,1.0,1.0,1.0,1.0,1.0,1,0.5621062380128293,48
3103,6,7799,7799,0,0,0,0,0.9909910859156184,0.9808070960810998,0.9909910859156184,0.9808070960810998,1.0,1,0.6047615453224462,49
3104,3,7802,7802,0,0,0,0,1.0,1.0,1.0,1.0,1.0,1,0.6077984878887254,48
3105,3,7805,7805,0,0,0,0,1.0,1.0,1.0,1.0,1.0,1,0.6514520203491099,45
3106,1,7806,7806,0,0,0,0,1.0,1.0,1.0,1.0,1.0,1,0.6399600443536901,46
3107,5,7811,7811,0,0,0,0,1.0,1.0,1.0,1.0,1.0,1,0.6245748847978884,44
3108,1,7812,7812,0,0,0,0,1.0,1.0,1.0,1.0,1.0,1,0.6298487837781911,45
3109,3,7815,7815,0,0,0,0,1.0,1.0,1.0,1.0,1.0,1,0.6215459748790781,44
3110,0,7815,7815,0,0,0,0,1.0,1.0,1.0,1.0,1.0,1,0.6161010998431574,46
3111,5,7820,7820,0,0,0,0,1.0,1.0,1.0,1.0,1.0,1,0.6034586728383275,46
3112,3,7823,7823,0,0,0,0,1.0,1.0,1.0,1.0,1.0,1,0.6108389946669309,47
3113,2,7825,7825,0,0,0,0,1.0,1.0,1.0,1.0,1.0,1,0.5974897755401548,48
3114,1,7826,7826,0,0,0,0,1.0,1.0,1.0,1.0,1.0,1,0.6022261357170381,48
3115,0,7826,7826,0,0,0,0,1.0,1.0,1.0,1.0,1.0,1,0.6100229200157383,49
3116,2,7828,7828,0,0,0,0,1.0,1.0,1.0,1.0,1.0,1,0.6310337579016231,48
3117,3,7831,7831,0,0,0,0,0.9885747293017397,0.9745528061720565,0.9885747293017397,0.9745528061720565,1.0,1,0.661351128452928,49
3118,0,7831,7831,0,0,0,0,0.988803234715705,0.9745528061720565,0.988803234715705,0.9745528061720565,1.0,1,0.6569366093966225,50
3119,3,7834,7834,0,0,0,0,0.988803234715705,0.9745528061720565,0.988803234715705,0.9745528061720565,1.0,1,0.653802888328979,50
3120,3,7837,7837,0,0,0,0,0.9709499168202592,0.9368476452614328,0.9709499168202592,0.9368476452614328,1.0,1,0.6928540267700513,50
3121,3,7840,7840,0,0,0,0,0.9709499168202592,0.9368476452614328,0.9709499168202592,0.9368476452614328,1.0,1,0.6890868788717393,50
3122,2,7842,7842,0,0,0,0,0.9709499168202591,0.9368476452614328,0.9709499168202591,0.9368476452614328,1.0,1,0.7033758026326788,50
3123,1,7843,7843,0,0,0,0,0.9715195262943717,0.9368476452614328,0.9715195262943717,0.9368476452614328,1.0,1,0.6826971899453871,51
3124,3,7846,7846,0,0,0,0,0.9715195262943717,0.9368476452614328,0.9715195262943717,0.9368476452614328,1.0,1,0.6795783342108382,51
3125,2,7848,7848,0,0,0,0,0.9568100319628933,0.9082213179211482,0.9568100319628933,0.9082213179211482,1.0,1,0.6873623916491218,51
3126,1,7849,7849,0,0,0,0,0.945449611331769,0.8821711604766209,0.945449611331769,0.8821711604766209,1.0,1,0.6729026960836242,54
3127,3,7852,7852,0,0,0,0,0.9613202480393718,0.9145822144202793,0.9613202480393718,0.9145822144202793,1.0,1,0.663017869413173,53
3128,3,7855,7855,0,0,0,0,1.0,1.0,1.0,1.0,1.0,1,0.6448669177676967,52
3129,2,7857,7857,0,0,0,0,1.0,1.0,1.0,1.0,1.0,1,0.6328737777010817,51
3130,2,7859,7859,0,0,0,0,1.0,1.0,1.0,1.0,1.0,1,0.643855009629531,50
3131,3,7862,7862,0,0,0,0,1.0,1.0,1.0,1.0,1.0,1,0.634790183637036,50
3132,0,7862,7862,0,0,0,0,1.0,1.0,1.0,1.0,1.0,1,0.6234795248551501,49
3133,1,7863,7863,0,0,0,0,1.0,1.0,1.0,1.0,1.0,1,0.6355049848370307,49
3134,2,7865,7865,0,0,0,0,1.0,1.0,1.0,1.0,1.0,1,0.6368164412206807,46
3135,2,7867,7867,0,0,0,0,1.0,1.0,1.0,1.0,1.0,1,0.637664968678573,47
3136,3,7870,7870,0,0,0,0,1.0,1.0,1.0,1.0,1.0,1,0.6227961241917624,46
3137,1,7871,7871,0,0,0,0,1.0,1.0,1.0,1.0,1.0,1,0.5874375082284904,49
3138,4,7875,7875,0,0,0,0,1.0,1.0,1.0,1.0,1.0,1,0.5955138797681935,49
3139,2,7877,7877,0,0,0,0,1.0,1.0,1.0,1.0,1.0,1,0.574002607342523,50
3140,3,7880,7880,0,0,0,0,1.0,1.0,1.0,1.0,1.0,1,0.555528479234975,51
3141,3,7883,7883,0,0,0,0,1.0,1.0,1.0,1.0,1.0,1,0.5406296958707976,50
3142,2,7885,7885,0,0,0,0,1.0,1.0,1.0,1.0,1.0,1,0.5357095168597548,50
3143,1,7886,7886,0,0,0,0,1.0,1.0,1.0,1.0,1.0,1,0.5425444760655692,49
3144,3,7889,7889,0,0,0,0,1.0,1.0,1.0,1.0,1.0,1,0.5408956914421512,49
3145,2,7891,7891,0,0,0,0,1.0,1.0,1.0,1.0,1.0,1,0.5775882534870642,48
3146,3,7894,7894,0,0,0,0,1.0,1.0,1.0,1.0,1.0,1,0.5675246580500564,49
3147,6,7900,7900,0,0,0,0,1.0,1.0,1.0,1.0,1.0,1,0.5879627635236012,48
3148,2,7902,7902,0,0,0,0,1.0,1.0,1.0,1.0,1.0,1,0.5812103150473161,48
3149,3,7905,7905,0,0,0,0,1.0,1.0,1.0,1.0,1.0,1,0.5693041341724494,47
3150,3,7908,7908,0,0,0,0,1.0,1.0,1.0,1.0,1.0,1,0.5844755185689517,47
3151,3,7911,7911,0,0,0,0,1.0,1.0,1.0,1.0,1.0,1,0.6192304371756776,48
3152,4,7915,7915,0,0,0,0,1.0,1.0,1.0,1.0,1.0,1,0.6535512639997086,47
3153,5,7920,7920,0,0,0,0,1.0,1.0,1.0,1.0,1.0,1,0.6613849264283407,47
3154,3,7923,7923,0,0,0,0,1.0,1.0,1.0,1.0,1.0,1,0.6529835156103176,48
3155,3,7926,7926,0,0,0,0,1.0,1.0,1.0,1.0,1.0,1,0.633508892689,48
3156,4,7930,7930,0,0,0,0,1.0,1.0,1.0,1.0,1.0,1,0.6081814847402032,48
3157,3,7933,7933,0,0,0,0,1.0,1.0,1.0,1.0,1.0,1,0.6215436657175956,48
3158,2,7935,7935,0,0,0,0,1.0,1.0,1.0,1.0,1.0,1,0.6030229732950596,48
3159,2,7937,7937,0,0,0,0,1.0,1.0,1.0,1.0,1.0,1,0.6147156608996306,49
3160,1,7938,7938,0,0,0,0,1.0,1.0,1.0,1.0,1.0,1,0.604982846139792,51
3161,1,7939,7939,0,0,0,0,1.0,1.0,1.0,1.0,1.0,1,0.58255508716007,52
3162,1,7940,7940,0,0,0,0,1.0,1.0,1.0,1.0,1.0,1,0.5885023130776345,51
3163,2,7942,7942,0,0,0,0,1.0,1.0,1.0,1.0,1.0,1,0.6101862274928577,51
3164,4,7946,7946,0,0,0,0,1.0,1.0,1.0,1.0,1.0,1,0.6157774373218969,52
3165,5,7951,7951,0,0,0,0,1.0,1.0,1.0,1.0,1.0,1,0.5971987685569009,50
3166,2,7953,7953,0,0,0,0,1.0,1.0,1.0,1.0,1.0,1,0.5683211368576301,50
3167,4,7957,7957,0,0,0,0,1.0,1.0,1.0,1.0,1.0,1,0.5493238729764099,49
3168,2,7959,7959,0,0,0,0,1.0,1.0,1.0,1.0,1.0,1,0.5550516024163541,47
3169,4,7963,7963,0,0,0,0,1.0,1.0,1.0,1.0,1.0,1,0.5437546506323263,48
3170,2,7965,7965,0,0,0,0,1.0,1.0,1.0,1.0,1.0,1,0.5394884186900405,47
3171,7,7972,7972,0,0,0,0,1.0,1.0,1.0,1.0,1.0,1,0.54224870064086,47
3172,0,7972,7972,0,0,0,0,1.0,1.0,1.0,1.0,1.0,1,0.5589220846994781,46
3173,0,7972,7972,0,0,0,0,1.0,1.0,1.0,1.0,1.0,1,0.5261676885422577,45
3174,3,7975,7975,0,0,0,0,1.0,1.0,1.0,1.0,1.0,1,0.6009857393647658,43
3175,1,7976,7976,0,0,0,0,1.0,1.0,1.0,1.0,1.0,1,0.612253403031825,43
3176,2,7978,7978,0,0,0,0,1.0,1.0,1.0,1.0,1.0,1,0.5697513653976746,44
3177,3,7981,7981,0,0,0,0,1.0,1.0,1.0,1.0,1.0,1,0.6088764393123528,44
3178,3,7984,7984,0,0,0,0,1.0,1.0,1.0,1.0,1.0,1,0.5639480932196004,47
3179,3,7987,7987,0,0,0,0,1.0,1.0,1.0,1.0,1.0,1,0.5417485077028652,48
3180,3,7990,7990,0,0,0,0,1.0,1.0,1.0,1.0,1.0,1,0.5221362565144562,48
3181,5,7995,7995,0,0,0,0,1.0,1.0,1.0,1.0,1.0,1,0.5485506773140691,48
3182,6,8001,8001,0,0,0,0,0.9949227162878437,0.987669453841906,0.9949227162878437,0.987669453841906,1.0,1,0.562682009688628,51
3183,1,8002,8002,0,0,0,0,1.0,1.0,1.0,1.0,1.0,1,0.5650646853750466,50
3184,3,8005,8005,0,0,0,0,0.9894821863493349,0.9749575865460357,0.9894821863493349,0.9749575865460357,1.0,1,0.6018921193775038,50
3185,4,8009,8009,0,0,0,0,0.9826408402121296,0.9603219204848676,0.9826408402121296,0.9603219204848676,1.0,1,0.6449562101514834,48
3186,1,8010,8010,0,0,0,0,1.0,1.0,1.0,1.0,1.0,1,0.6439534479686042,48
3187,1,8011,8011,0,0,0,0,1.0,1.0,1.0,1.0,1.0,1,0.6446941787526126,48
3188,1,8012,8012,0,0,0,0,1.0,1.0,1.0,1.0,1.0,1,0.6596417378181059,48
3189,1,8013,8013,0,0,0,0,1.0,1.0,1.0,1.0,1.0,1,0.643885267681583,49
3190,1,8014,8014,0,0,0,0,1.0,1.0,1.0,1.0,1.0,1,0.6247060673431442,51
3191,0,8014,8014,0,0,0,0,1.0,1.0,1.0,1.0,1.0,1,0.6113785217157698,52
3192,0,8014,8014,0,0,0,0,1.0,1.0,1.0,1.0,1.0,1,0.6113785217157698,52
3193,5,8019,8019,0,0,0,0,1.0,1.0,1.0,1.0,1.0,1,0.6006539699447417,52
3194,2,8021,8021,0,0,0,0,1.0,1.0,1.0,1.0,1.0,1,0.5624225094166986,54
3195,3,8024,8024,0,0,0,0,1.0,1.0,1.0,1.0,1.0,1,0.5657610340152031,54
3196,3,8027,8027,0,0,0,0,1.0,1.0,1.0,1.0,1.0,1,0.54280658196224,54
3197,1,8028,8028,0,0,0,0,1.0,1.0,1.0,1.0,1.0,1,0.5416178901917933,54
3198,6,8034,8034,0,0,0,0,1.0,1.0,1.0,1.0,1.0,1,0.5465894692276958,54
3199,0,8034,8034,0,0,0,0,1.0,1.0,1.0,1.0,1.0,1,0.5323562181250734,56
3200,5,8039,8039,0,0,0,0,1.0,1.0,1.0,1.0,1.0,1,0.5301961980380853,56
3201,1,8040,8040,0,0,0,0,1.0,1.0,1.0,1.0,1.0,1,0.5348311818464574,56
3202,3,8043,8043,0,0,0,0,1.0,1.0,1.0,1.0,1.0,1,0.5381342671937004,57
3203,1,8044,8044,0,0,0,0,1.0,1.0,1.0,1.0,1.0,1,0.5361841383400864,56
3204,6,8050,8050,0,0,0,0,1.0,1.0,1.0,1.0,1.0,1,0.5414717251470669,55
3205,3,8053,8053,0,0,0,0,1.0,1.0,1.0,1.0,1.0,1,0.5258417569083667,54
3206,5,8058,8058,0,0,0,0,1.0,1.0,1.0,1.0,1.0,1,0.5255595738992095,56
3207,2,8060,8060,0,0,0,0,1.0,1.0,1.0,1.0,1.0,1,0.5480168635003676,54
3208,3,8063,8063,0,0,0,0,1.0,1.0,1.0,1.0,1.0,1,0.5476322719559179,53
3209,1,8064,8064,0,0,0,0,1.0,1.0,1.0,1.0,1.0,1,0.5466279807935011,54
3210,1,8065,8065,0,0,0,0,1.0,1.0,1.0,1.0,1.0,1,0.5372275818437054,53
3211,0,8065,8065,0,0,0,0,1.0,1.0,1.0,1.0,1.0,1,0.5372275818437054,53
3212,1,8066,8066,0,0,0,0,1.0,1.0,1.0,1.0,1.0,1,0.563365295041131,54
3213,0,8066,8066,0,0,0,0,1.0,1.0,1.0,1.0,1.0,1,0.5560784836514138,54
3214,1,8067,8067,0,0,0,0,1.0,1.0,1.0,1.0,1.0,1,0.542816493620046,55
3215,0,8067,8067,0,0,0,0,1.0,1.0,1.0,1.0,1.0,1,0.542816493620046,55
3216,2,8069,8069,0,0,0,0,1.0,1.0,1.0,1.0,1.0,1,0.5041065212186089,55
3217,0,8069,8069,0,0,0,0,1.0,1.0,1.0,1.0,1.0,1,0.5075566957758166,54
3218,3,8072,8072,0,0,0,0,1.0,1.0,1.0,1.0,1.0,1,0.4780740009560203,54
3219,6,8078,8078,0,0,0,0,1.0,1.0,1.0,1.0,1.0,1,0.4961563753053171,55
3220,2,8080,8080,0,0,0,0,1.0,1.0,1.0,1.0,1.0,1,0.4992440591278195,56
3221,2,8082,8082,0,0,0,0,1.0,1.0,1.0,1.0,1.0,1,0.4947674748678123,57
3222,3,8085,8085,0,0,0,0,1.0,1.0,1.0,1.0,1.0,1,0.5266222066587831,57
3223,3,8088,8088,0,0,0,0,1.0,1.0,1.0,1.0,1.0,1,0.536315345778588,56
3224,1,8089,8089,0,0,0,0,1.0,1.0,1.0,1.0,1.0,1,0.5329321768241576,58
3225,3,8092,8092,0,0,0,0,1.0,1.0,1.0,1.0,1.0,1,0.5405958558971308,55
3226,3,8095,8095,0,0,0,0,1.0,1.0,1.0,1.0,1.0,1,0.5441422116321033,54
3227,3,8098,8098,0,0,0,0,1.0,1.0,1.0,1.0,1.0,1,0.5350329246001231,53
3228,5,8103,8103,0,0,0,0,1.0,1.0,1.0,1.0,1.0,1,0.5349066495523412,52
3229,4,8107,8107,0,0,0,0,1.0,1.0,1.0,1.0,1.0,1,0.52063270746196,52
3230,3,8110,8110,0,0,0,0,1.0,1.0,1.0,1.0,1.0,1,0.5150368779485645,50
3231,6,8116,8116,0,0,0,0,1.0,1.0,1.0,1.0,1.0,1,0.532060166039954,50
3232,4,8120,8120,0,0,0,0,1.0,1.0,1.0,1.0,1.0,1,0.5496845270834203,50
3233,4,8124,8124,0,0,0,0,1.0,1.0,1.0,1.0,1.0,1,0.5637792047656456,50
3234,3,8127,8127,0,0,0,0,1.0,1.0,1.0,1.0,1.0,1,0.565081998449383,49
3235,3,8130,8130,0,0,0,0,1.0,1.0,1.0,1.0,1.0,1,0.5278728834860403,49
3236,0,8130,8130,0,0,0,0,1.0,1.0,1.0,1.0,1.0,1,0.5270311939845888,51
3237,3,8133,8133,0,0,0,0,1.0,1.0,1.0,1.0,1.0,1,0.5131907893332283,53
3238,0,8133,8133,0,0,0,0,1.0,1.0,1.0,1.0,1.0,1,0.5127967725021053,53
3239,0,8133,8133,0,0,0,0,1.0,1.0,1.0,1.0,1.0,1,0.5127967725021053,53
3240,0,8133,8133,0,0,0,0,1.0,1.0,1.0,1.0,1.0,1,0.5132824086103293,53
3241,0,8133,8133,0,0,0,0,1.0,1.0,1.0,1.0,1.0,1,0.5047970599310811,53
3242,1,8134,8134,0,0,0,0,1.0,1.0,1.0,1.0,1.0,1,0.4966825255434018,53
3243,4,8138,8138,0,0,0,0,1.0,1.0,1.0,1.0,1.0,1,0.5035003694736838,56
3244,2,8140,8140,0,0,0,0,1.0,1.0,1.0,1.0,1.0,1,0.5010979584566867,57
3245,3,8143,8143,0,0,0,0,1.0,1.0,1.0,1.0,1.0,1,0.4949305030266372,59
3246,2,8145,8145,0,0,0,0,1.0,1.0,1.0,1.0,1.0,1,0.4917141263563589,59
3247,2,8147,8147,0,0,0,0,1.0,1.0,1.0,1.0,1.0,1,0.49799139560203265,59
3248,0,8147,8147,0,0,0,0,1.0,1.0,1.0,1.0,1.0,1,0.49799139560203265,59
3249,1,8148,8148,0,0,0,0,1.0,1.0,1.0,1.0,1.0,1,0.5011344162378157,58
3250,1,8149,8149,0,0,0,0,1.0,1.0,1.0,1.0,1.0,1,0.5058258198024719,58
3251,0,8149,8149,0,0,0,0,1.0,1.0,1.0,1.0,1.0,1,0.5158912198165776,57
3252,0,8149,8149,0,0,0,0,1.0,1.0,1.0,1.0,1.0,1,0.5199916144082112,57
3253,2,8151,8151,0,0,0,0,1.0,1.0,1.0,1.0,1.0,1,0.5149587326701548,56
3254,1,8152,8152,0,0,0,0,1.0,1.0,1.0,1.0,1.0,1,0.5202073247975837,57
3255,3,8155,8155,0,0,0,0,1.0,1.0,1.0,1.0,1.0,1,0.5262469156737444,57
3256,1,8156,8156,0,0,0,0,1.0,1.0,1.0,1.0,1.0,1,0.5379262054807576,57
3257,5,8161,8161,0,0,0,0,1.0,1.0,1.0,1.0,1.0,1,0.5461085505095079,57
3258,3,8164,8164,0,0,0,0,1.0,1.0,1.0,1.0,1.0,1,0.5633435075144689,58
3259,12,8176,8176,0,0,0,0,0.9542070447181644,0.8874256515988209,0.9542070447181644,0.8874256515988209,1.0,1,0.557208258700426,59
3260,5,8181,8181,0,0,0,0,0.9814786559931562,0.949487243617699,0.9814786559931562,0.949487243617699,1.0,1,0.5555690949165475,60
3261,12,8193,8193,0,0,0,0,0.9649327575298625,0.9085202370344243,0.9649327575298625,0.9085202370344243,1.0,1,0.5562359422230987,60
3262,8,8201,8201,0,0,0,0,0.9855450497226511,0.9599203651400783,0.9855450497226511,0.9599203651400783,1.0,1,0.5500968068792647,61
3263,8,8209,8209,0,0,0,0,0.9919156682044921,0.9772168831217506,0.9919156682044921,0.9772168831217506,1.0,1,0.567013726608175,62
3264,8,8217,8217,0,0,0,0,1.0,1.0,1.0,1.0,1.0,1,0.5458009982791585,60
3265,3,8220,8220,0,0,0,0,1.0,1.0,1.0,1.0,1.0,1,0.5641122786714803,58
3266,7,8227,8227,0,0,0,0,1.0,1.0,1.0,1.0,1.0,1,0.5400941749072427,59
3267,2,8229,8229,0,0,0,0,1.0,1.0,1.0,1.0,1.0,1,0.5384166664735314,60
3268,2,8231,8231,0,0,0,0,1.0,1.0,1.0,1.0,1.0,1,0.5316246149202727,58
3269,2,8233,8233,0,0,0,0,1.0,1.0,1.0,1.0,1.0,1,0.560876213744268,57
3270,2,8235,8235,0,0,0,0,1.0,1.0,1.0,1.0,1.0,1,0.5583835578584441,56
3271,2,8237,8237,0,0,0,0,1.0,1.0,1.0,1.0,1.0,1,0.5596874444224107,55
3272,1,8238,8238,0,0,0,0,1.0,1.0,1.0,1.0,1.0,1,0.5566620667428498,55
3273,3,8241,8241,0,0,0,0,1.0,1.0,1.0,1.0,1.0,1,0.5536528258916473,55
3274,5,8246,8246,0,0,0,0,1.0,1.0,1.0,1.0,1.0,1,0.5593400191481075,55
3275,3,8249,8249,0,0,0,0,1.0,1.0,1.0,1.0,1.0,1,0.5378497187847072,55
3276,0,8249,8249,0,0,0,0,1.0,1.0,1.0,1.0,1.0,1,0.5233107013399715,55
3277,3,8252,8252,0,0,0,0,1.0,1.0,1.0,1.0,1.0,1,0.5437986645717665,57
3278,0,8252,8252,0,0,0,0,1.0,1.0,1.0,1.0,1.0,1,0.5476084814821551,56
3279,2,8254,8254,0,0,0,0,1.0,1.0,1.0,1.0,1.0,1,0.5335273621193669,54
3280,2,8256,8256,0,0,0,0,1.0,1.0,1.0,1.0,1.0,1,0.5530559190331858,53
3281,0,8256,8256,0,0,0,0,1.0,1.0,1.0,1.0,1.0,1,0.5428228721510039,52
3282,3,8259,8259,0,0,0,0,1.0,1.0,1.0,1.0,1.0,1,0.5520216401691316,50
3283,5,8264,8264,0,0,0,0,1.0,1.0,1.0,1.0,1.0,1,0.5674333289677768,50
3284,6,8270,8270,0,0,0,0,1.0,1.0,1.0,1.0,1.0,1,0.601406569574247,47
3285,8,8278,8278,0,0,0,0,1.0,1.0,1.0,1.0,1.0,1,0.5845192379352605,48
3286,6,8284,8284,0,0,0,0,1.0,1.0,1.0,1.0,1.0,1,0.5594183993192903,46
3287,10,8294,8294,0,0,0,0,0.9749811246505093,0.9476878060874286,0.9749811246505093,0.9476878060874286,1.0,1,0.5996288305892284,46
3288,5,8299,8299,0,0,0,0,1.0,1.0,1.0,1.0,1.0,1,0.5758440118093523,46
3289,7,8306,8306,0,0,0,0,1.0,1.0,1.0,1.0,1.0,1,0.5260587184817401,48
3290,4,8310,8310,0,0,0,0,0.985697637134289,0.9687948446566309,0.985697637134289,0.9687948446566309,1.0,1,0.5834957104993896,48
3291,2,8312,8312,0,0,0,0,0.9925248884337806,0.9830111100767741,0.9925248884337806,0.9830111100767741,1.0,1,0.561877943838319,50
3292,3,8315,8315,0,0,0,0,1.0,1.0,1.0,1.0,1.0,1,0.5432408044011467,50
3293,6,8321,8321,0,0,0,0,1.0,1.0,1.0,1.0,1.0,1,0.5378715179557565,51
3294,2,8323,8323,0,0,0,0,1.0,1.0,1.0,1.0,1.0,1,0.5508736723081643,50
3295,2,8325,8325,0,0,0,0,1.0,1.0,1.0,1.0,1.0,1,0.5618012882404491,50
3296,2,8327,8327,0,0,0,0,1.0,1.0,1.0,1.0,1.0,1,0.5450737150785233,50
3297,3,8330,8330,0,0,0,0,1.0,1.0,1.0,1.0,1.0,1,0.5443921660587616,51
3298,4,8334,8334,0,0,0,0,1.0,1.0,1.0,1.0,1.0,1,0.5340644014341486,52
3299,6,8340,8340,0,0,0,0,1.0,1.0,1.0,1.0,1.0,1,0.4927468020983039,53
3300,3,8343,8343,0,0,0,0,1.0,1.0,1.0,1.0,1.0,1,0.5018302417228663,53
3301,1,8344,8344,0,0,0,0,1.0,1.0,1.0,1.0,1.0,1,0.49041621121921103,53
3302,3,8347,8347,0,0,0,0,1.0,1.0,1.0,1.0,1.0,1,0.5022150693217775,53
3303,3,8350,8350,0,0,0,0,1.0,1.0,1.0,1.0,1.0,1,0.5029682014298994,52
3304,4,8354,8354,0,0,0,0,1.0,1.0,1.0,1.0,1.0,1,0.5333821999159069,52
3305,5,8359,8359,0,0,0,0,1.0,1.0,1.0,1.0,1.0,1,0.5266716017892725,51
3306,1,8360,8360,0,0,0,0,1.0,1.0,1.0,1.0,1.0,1,0.5488601072275737,51
3307,5,8365,8365,0,0,0,0,1.0,1.0,1.0,1.0,1.0,1,0.6095936194523354,48
3308,1,8366,8366,0,0,0,0,1.0,1.0,1.0,1.0,1.0,1,0.6228024894054424,48
3309,2,8368,8368,0,0,0,0,1.0,1.0,1.0,1.0,1.0,1,0.6417675632443218,48
3310,3,8371,8371,0,0,0,0,1.0,1.0,1.0,1.0,1.0,1,0.6515768986879866,47
3311,3,8374,8374,0,0,0,0,1.0,1.0,1.0,1.0,1.0,1,0.6531192575272466,49
3312,2,8376,8376,0,0,0,0,1.0,1.0,1.0,1.0,1.0,1,0.6518624253983821,48
3313,1,8377,8377,0,0,0,0,0.9904038313536426,0.9776089398251664,0.9904038313536426,0.9776089398251664,1.0,1,0.6671036364325318,49
3314,2,8379,8379,0,0,0,0,0.9899954837516701,0.9776089398251664,0.9899954837516701,0.9776089398251664,1.0,1,0.6969422775333239,47
3315,1,8380,8380,0,0,0,0,0.9899954837516702,0.9776089398251664,0.9899954837516702,0.9776089398251664,1.0,1,0.6936659762103602,47
3316,2,8382,8382,0,0,0,0,0.9899954837516699,0.9776089398251664,0.9899954837516699,0.9776089398251664,1.0,1,0.665434719268467,47
3317,4,8386,8386,0,0,0,0,1.0,1.0,1.0,1.0,1.0,1,0.633016809543004,46
3318,3,8389,8389,0,0,0,0,1.0,1.0,1.0,1.0,1.0,1,0.6338035790140993,45
3319,1,8390,8390,0,0,0,0,1.0,1.0,1.0,1.0,1.0,1,0.6293240837842514,44
3320,2,8392,8392,0,0,0,0,1.0,1.0,1.0,1.0,1.0,1,0.6363869457046093,43
3321,4,8396,8396,0,0,0,0,1.0,1.0,1.0,1.0,1.0,1,0.6784645258427121,43
3322,1,8397,8397,0,0,0,0,1.0,1.0,1.0,1.0,1.0,1,0.6743697618111275,40
3323,3,8400,8400,0,0,0,0,1.0,1.0,1.0,1.0,1.0,1,0.6848033904154901,40
3324,5,8405,8405,0,0,0,0,1.0,1.0,1.0,1.0,1.0,1,0.6122199371549771,40
3325,2,8407,8407,0,0,0,0,1.0,1.0,1.0,1.0,1.0,1,0.6084881576340984,40
3326,4,8411,8411,0,0,0,0,1.0,1.0,1.0,1.0,1.0,1,0.5830486497508044,41
3327,1,8412,8412,0,0,0,0,1.0,1.0,1.0,1.0,1.0,1,0.5714389295431572,39
3328,5,8417,8417,0,0,0,0,1.0,1.0,1.0,1.0,1.0,1,0.5382174686422767,41
3329,1,8418,8418,0,0,0,0,1.0,1.0,1.0,1.0,1.0,1,0.5376066273638829,39
3330,3,8421,8421,0,0,0,0,1.0,1.0,1.0,1.0,1.0,1,0.5497280088157606,40
3331,0,8421,8421,0,0,0,0,1.0,1.0,1.0,1.0,1.0,1,0.5363793002748548,38
3332,2,8423,8423,0,0,0,0,1.0,1.0,1.0,1.0,1.0,1,0.5594414074456594,38
3333,2,8425,8425,0,0,0,0,1.0,1.0,1.0,1.0,1.0,1,0.5900508150378699,38
3334,2,8427,8427,0,0,0,0,1.0,1.0,1.0,1.0,1.0,1,0.5997644350387887,40
3335,2,8429,8429,0,0,0,0,1.0,1.0,1.0,1.0,1.0,1,0.6645987062204329,40
3336,3,8432,8432,0,0,0,0,1.0,1.0,1.0,1.0,1.0,1,0.7173926460096093,39
3337,1,8433,8433,0,0,0,0,1.0,1.0,1.0,1.0,1.0,1,0.7081885299337166,40
3338,2,8435,8435,0,0,0,0,1.0,1.0,1.0,1.0,1.0,1,0.7295689381594204,41
3339,3,8438,8438,0,0,0,0,0.9850221511344159,0.9737887644852279,0.9850221511344159,0.9737887644852279,1.0,1,0.6915926459608026,42
3340,4,8442,8442,0,0,0,0,0.9853704732010574,0.9737887644852279,0.9853704732010574,0.9737887644852279,1.0,1,0.6874240100292671,43
3341,1,8443,8443,0,0,0,0,0.9853704732010574,0.9737887644852279,0.9853704732010574,0.9737887644852279,1.0,1,0.6983324207522728,43
3342,0,8443,8443,0,0,0,0,0.9591009591383927,0.9280176880835711,0.9591009591383927,0.9280176880835711,1.0,1,0.6983324207522728,44
3343,1,8444,8444,0,0,0,0,0.9591009591383927,0.9280176880835711,0.9591009591383927,0.9280176880835711,1.0,1,0.7066032747480714,44
3344,1,8445,8445,0,0,0,0,0.9297879016535806,0.8811795258752904,0.9297879016535806,0.8811795258752904,1.0,1,0.7024869607525197,44
3345,0,8445,8445,0,0,0,0,0.9281550621571525,0.8811795258752904,0.9281550621571525,0.8811795258752904,1.0,1,0.706912923325655,43
3346,0,8445,8445,0,0,0,0,0.9264444683989892,0.8811795258752904,0.9264444683989892,0.8811795258752904,1.0,1,0.719839511625839,42
3347,1,8446,8446,0,0,0,0,0.9297879016535806,0.8811795258752904,0.9297879016535806,0.8811795258752904,1.0,1,0.7073650758767273,44
3348,1,8447,8447,0,0,0,0,0.911215599366399,0.8520259989439981,0.911215599366399,0.8520259989439981,1.0,1,0.7143288663944843,45
3349,0,8447,8447,0,0,0,0,0.9112155993663988,0.8520259989439981,0.9112155993663988,0.8520259989439981,1.0,1,0.7143288663944843,45
3350,2,8449,8449,0,0,0,0,0.9131456950323468,0.8520259989439981,0.9131456950323468,0.8520259989439981,1.0,1,0.682439706467722,46
3351,1,8450,8450,0,0,0,0,0.9149936589678288,0.8520259989439981,0.9149936589678288,0.8520259989439981,1.0,1,0.6570159560597111,47
3352,3,8453,8453,0,0,0,0,0.89405918095715,0.8221707680352159,0.89405918095715,0.8221707680352159,1.0,1,0.6682019186258614,47
3353,2,8455,8455,0,0,0,0,0.8495390353764604,0.7592624566023366,0.8495390353764604,0.7592624566023366,1.0,1,0.6830568685270769,48
3354,1,8456,8456,0,0,0,0,0.8495390353764604,0.7592624566023366,0.8495390353764604,0.7592624566023366,1.0,1,0.6963882767224968,48
3355,1,8457,8457,0,0,0,0,0.86578202719223,0.777846113973346,0.86578202719223,0.777846113973346,1.0,1,0.6625164756835749,48
3356,0,8457,8457,0,0,0,0,0.888050586806624,0.8080867202399269,0.888050586806624,0.8080867202399269,1.0,1,0.6556021389412233,48
3357,0,8457,8457,0,0,0,0,0.9123264007957487,0.8473829939777846,0.9123264007957487,0.8473829939777846,1.0,1,0.6556021389412233,47
3358,1,8458,8458,0,0,0,0,0.8898832110127574,0.8190938466638157,0.8898832110127574,0.8190938466638157,1.0,1,0.6710944926280263,46
3359,1,8459,8459,0,0,0,0,0.8862796765683797,0.8172351944848959,0.8862796765683797,0.8172351944848959,1.0,1,0.6753246029832987,45
3360,4,8463,8463,0,0,0,0,0.9349737204328996,0.8899555268864454,0.9349737204328996,0.8899555268864454,1.0,1,0.6400974811781939,44
3361,2,8465,8465,0,0,0,0,0.9486297003212238,0.911643084552505,0.9486297003212238,0.911643084552505,1.0,1,0.6400153429994592,43
3362,3,8468,8468,0,0,0,0,1.0,1.0,1.0,1.0,1.0,1,0.6275637805852743,42
3363,5,8473,8473,0,0,0,0,1.0,1.0,1.0,1.0,1.0,1,0.6108751471175464,41
3364,6,8479,8479,0,0,0,0,1.0,1.0,1.0,1.0,1.0,1,0.5919075118408572,41
3365,3,8482,8482,0,0,0,0,1.0,1.0,1.0,1.0,1.0,1,0.5751425862198456,41
3366,5,8487,8487,0,0,0,0,1.0,1.0,1.0,1.0,1.0,1,0.5848287530708773,40
3367,1,8488,8488,0,0,0,0,1.0,1.0,1.0,1.0,1.0,1,0.6238623099584987,39
3368,2,8490,8490,0,0,0,0,1.0,1.0,1.0,1.0,1.0,1,0.6073323487112391,39
3369,4,8494,8494,0,0,0,0,1.0,1.0,1.0,1.0,1.0,1,0.6334356221848354,40
3370,4,8498,8498,0,0,0,0,1.0,1.0,1.0,1.0,1.0,1,0.6075862375566485,41
3371,2,8500,8500,0,0,0,0,1.0,1.0,1.0,1.0,1.0,1,0.5813425946432142,41
3372,1,8501,8501,0,0,0,0,1.0,1.0,1.0,1.0,1.0,1,0.5938786923401921,40
3373,0,8501,8501,0,0,0,0,1.0,1.0,1.0,1.0,1.0,1,0.595177150306415,41
3374,2,8503,8503,0,0,0,0,1.0,1.0,1.0,1.0,1.0,1,0.5908860715244454,42
3375,1,8504,8504,0,0,0,0,1.0,1.0,1.0,1.0,1.0,1,0.5985232913093911,44
3376,3,8507,8507,0,0,0,0,1.0,1.0,1.0,1.0,1.0,1,0.6008061560930901,46
3377,0,8507,8507,0,0,0,0,1.0,1.0,1.0,1.0,1.0,1,0.6019264819420769,47
3378,4,8511,8511,0,0,0,0,1.0,1.0,1.0,1.0,1.0,1,0.5538923071482997,48
3379,3,8514,8514,0,0,0,0,1.0,1.0,1.0,1.0,1.0,1,0.5825051282196004,48
3380,2,8516,8516,0,0,0,0,1.0,1.0,1.0,1.0,1.0,1,0.6104418332569932,48
3381,3,8519,8519,0,0,0,0,1.0,1.0,1.0,1.0,1.0,1,0.6579572106555897,48
3382,4,8523,8523,0,0,0,0,1.0,1.0,1.0,1.0,1.0,1,0.6503550606969961,49
3383,1,8524,8524,0,0,0,0,1.0,1.0,1.0,1.0,1.0,1,0.6678950741742349,47
3384,3,8527,8527,0,0,0,0,0.9908030716161634,0.9789784494083738,0.9908030716161634,0.9789784494083738,1.0,1,0.6803770610422079,48
3385,0,8527,8527,0,0,0,0,0.9906073922888478,0.9789784494083738,0.9906073922888478,0.9789784494083738,1.0,1,0.6776309177249835,47
3386,2,8529,8529,0,0,0,0,0.9377519569026047,0.8729102453428177,0.9377519569026047,0.8729102453428177,1.0,1,0.6726886775053438,49
3387,1,8530,8530,0,0,0,0,0.9099489208036777,0.8271019279430614,0.9099489208036777,0.8271019279430614,1.0,1,0.6779311895126856,48
3388,0,8530,8530,0,0,0,0,0.9099489208036778,0.8271019279430614,0.9099489208036778,0.8271019279430614,1.0,1,0.6779311895126856,48
3389,0,8530,8530,0,0,0,0,0.8916847538932643,0.7917014497947391,0.8916847538932643,0.7917014497947391,1.0,1,0.6645662632008559,50
3390,0,8530,8530,0,0,0,0,0.8938085822482984,0.7917014497947391,0.8938085822482984,0.7917014497947391,1.0,1,0.6493120252955576,51
3391,1,8531,8531,0,0,0,0,0.8938085822482984,0.7917014497947391,0.8938085822482984,0.7917014497947391,1.0,1,0.662399064665691,51
3392,1,8532,8532,0,0,0,0,0.8991691597647378,0.7983383195294755,0.8991691597647378,0.7983383195294755,1.0,1,0.6639876319020658,52
3393,1,8533,8533,0,0,0,0,0.9453911456274173,0.8816808155260709,0.9453911456274173,0.8816808155260709,1.0,1,0.6553425245379761,52
3394,0,8533,8533,0,0,0,0,0.9453911456274173,0.8816808155260709,0.9453911456274173,0.8816808155260709,1.0,1,0.6553425245379761,52
3395,2,8535,8535,0,0,0,0,0.9901423512041561,0.9775962527367184,0.9901423512041561,0.9775962527367184,1.0,1,0.6623961139071574,50
3396,0,8535,8535,0,0,0,0,1.0,1.0,1.0,1.0,1.0,1,0.6598979792583911,49
3397,2,8537,8537,0,0,0,0,1.0,1.0,1.0,1.0,1.0,1,0.6604887498236784,49
3398,2,8539,8539,0,0,0,0,1.0,1.0,1.0,1.0,1.0,1,0.6692174799685287,48
3399,2,8541,8541,0,0,0,0,1.0,1.0,1.0,1.0,1.0,1,0.6566108004179267,49
3400,3,8544,8544,0,0,0,0,1.0,1.0,1.0,1.0,1.0,1,0.6761154713317727,50
3401,2,8546,8546,0,0,0,0,0.9953595574117257,0.9892426103635459,0.9953595574117257,0.9892426103635459,1.0,1,0.6802259232022971,51
3402,1,8547,8547,0,0,0,0,0.9811519974412208,0.9582066030218376,0.9811519974412208,0.9582066030218376,1.0,1,0.6804128575287355,51
3403,1,8548,8548,0,0,0,0,0.9595800303990257,0.9141075645979297,0.9595800303990257,0.9141075645979297,1.0,1,0.680710578943286,51
3404,1,8549,8549,0,0,0,0,0.9595800303990257,0.9141075645979297,0.9595800303990257,0.9141075645979297,1.0,1,0.6689480510147545,51
3405,1,8550,8550,0,0,0,0,0.9595800303990257,0.9141075645979297,0.9595800303990257,0.9141075645979297,1.0,1,0.6652048183455557,51
3406,2,8552,8552,0,0,0,0,0.9595800303990257,0.9141075645979297,0.9595800303990257,0.9141075645979297,1.0,1,0.6601549027191039,51
3407,0,8552,8552,0,0,0,0,0.9461691853407639,0.8880319055087891,0.9461691853407639,0.8880319055087891,1.0,1,0.6601549027191039,52
3408,1,8553,8553,0,0,0,0,0.9286386201072311,0.854532571757048,0.9286386201072311,0.854532571757048,1.0,1,0.6485518968716926,53
3409,1,8554,8554,0,0,0,0,0.9299601271422824,0.854532571757048,0.9299601271422824,0.854532571757048,1.0,1,0.6282840755577452,54
3410,1,8555,8555,0,0,0,0,0.9299601271422824,0.854532571757048,0.9299601271422824,0.854532571757048,1.0,1,0.6377326422850589,54
3411,3,8558,8558,0,0,0,0,0.9738756618690713,0.9412202392054102,0.9738756618690713,0.9412202392054102,1.0,1,0.6346776948201289,54
3412,2,8560,8560,0,0,0,0,0.9683192890861669,0.927398370822466,0.9683192890861669,0.927398370822466,1.0,1,0.6237812417806649,55
3413,6,8566,8566,0,0,0,0,0.9650884745209312,0.9199944207771339,0.9650884745209312,0.9199944207771339,1.0,1,0.6234032698810026,55
3414,9,8575,8575,0,0,0,0,0.9769197045032204,0.9448079890294402,0.9769197045032204,0.9448079890294402,1.0,1,0.5893885134886369,55
3415,6,8581,8581,0,0,0,0,0.9755468405233595,0.9404618725786146,0.9755468405233595,0.9404618725786146,1.0,1,0.5995841958964362,56
3416,7,8588,8588,0,0,0,0,0.9720026355716829,0.9330497807148936,0.9720026355716829,0.9330497807148936,1.0,1,0.5874269137678179,55
3417,7,8595,8595,0,0,0,0,0.9871885639348411,0.9673890718341412,0.9871885639348411,0.9673890718341412,1.0,1,0.5728576578193024,56
3418,6,8601,8601,0,0,0,0,0.9693943171201321,0.9268124974611855,0.9693943171201321,0.9268124974611855,1.0,1,0.6133040669253079,55
3419,5,8606,8606,0,0,0,0,0.9640520378283156,0.9124745268863338,0.9640520378283156,0.9124745268863338,1.0,1,0.5853208297108606,56
3420,4,8610,8610,0,0,0,0,0.9397633571763849,0.8619576935292151,0.9397633571763849,0.8619576935292151,1.0,1,0.6078351526450503,55
3421,5,8615,8615,0,0,0,0,0.9038244350730691,0.7891535691986516,0.9038244350730691,0.7891535691986516,1.0,1,0.6134869329648989,57
3422,0,8615,8615,0,0,0,0,0.9021070142708025,0.7891535691986516,0.9021070142708025,0.7891535691986516,1.0,1,0.6197709047764374,56
3423,5,8620,8620,0,0,0,0,0.9021070142708025,0.7891535691986516,0.9021070142708025,0.7891535691986516,1.0,1,0.6125257447015027,56
3424,3,8623,8623,0,0,0,0,0.9021070142708025,0.7891535691986516,0.9021070142708025,0.7891535691986516,1.0,1,0.6198477221933737,56
3425,5,8628,8628,0,0,0,0,0.8865501210859225,0.764696547437469,0.8865501210859225,0.764696547437469,1.0,1,0.5913657898607082,56
3426,2,8630,8630,0,0,0,0,0.8844873960147575,0.764696547437469,0.8844873960147575,0.764696547437469,1.0,1,0.5852258189189715,55
3427,1,8631,8631,0,0,0,0,0.8631285510251498,0.7311453680851159,0.8631285510251498,0.7311453680851159,1.0,1,0.6080661550645197,55
3428,1,8632,8632,0,0,0,0,0.8631285510251498,0.7311453680851159,0.8631285510251498,0.7311453680851159,1.0,1,0.616378557950837,55
3429,1,8633,8633,0,0,0,0,0.8605938945626527,0.7311453680851159,0.8605938945626527,0.7311453680851159,1.0,1,0.6449973275899866,54
3430,2,8635,8635,0,0,0,0,0.8472874586440202,0.705106816691901,0.8472874586440202,0.705106816691901,1.0,1,0.6556774706009529,56
3431,0,8635,8635,0,0,0,0,0.8744936715891823,0.7489873431783645,0.8744936715891823,0.7489873431783645,1.0,1,0.6556774706009529,54
3432,2,8637,8637,0,0,0,0,0.8641388586642004,0.7282777173284007,0.8641388586642004,0.7282777173284007,1.0,1,0.659445092028154,56
3433,1,8638,8638,0,0,0,0,0.8788136555806508,0.7621156942879441,0.8788136555806508,0.7621156942879441,1.0,1,0.673864821598356,53
3434,2,8640,8640,0,0,0,0,0.9188770857203333,0.83450925486948,0.9188770857203333,0.83450925486948,1.0,1,0.6835665418652646,51
3435,0,8640,8640,0,0,0,0,0.9188770857203334,0.83450925486948,0.9188770857203334,0.83450925486948,1.0,1,0.6835665418652646,51
3436,4,8644,8644,0,0,0,0,0.9748486388459336,0.9416945718701191,0.9748486388459336,0.9416945718701191,1.0,1,0.6565362978147806,51
3437,4,8648,8648,0,0,0,0,1.0,1.0,1.0,1.0,1.0,1,0.6340605568106888,53
3438,2,8650,8650,0,0,0,0,1.0,1.0,1.0,1.0,1.0,1,0.6006900544470849,52
3439,7,8657,8657,0,0,0,0,1.0,1.0,1.0,1.0,1.0,1,0.5749010341584592,54
3440,2,8659,8659,0,0,0,0,1.0,1.0,1.0,1.0,1.0,1,0.5687571867019827,52
3441,6,8665,8665,0,0,0,0,1.0,1.0,1.0,1.0,1.0,1,0.5469375245465312,53
3442,3,8668,8668,0,0,0,0,1.0,1.0,1.0,1.0,1.0,1,0.551868276885653,53
3443,6,8674,8674,0,0,0,0,1.0,1.0,1.0,1.0,1.0,1,0.5535071074210179,53
3444,6,8680,8680,0,0,0,0,1.0,1.0,1.0,1.0,1.0,1,0.5581215787962711,52
3445,6,8686,8686,0,0,0,0,0.9928306997364341,0.9827285039105005,0.9928306997364341,0.9827285039105005,1.0,1,0.5836916463572966,53
3446,6,8692,8692,0,0,0,0,1.0,1.0,1.0,1.0,1.0,1,0.5868286074882214,53
3447,5,8697,8697,0,0,0,0,1.0,1.0,1.0,1.0,1.0,1,0.5955543577158109,53
3448,4,8701,8701,0,0,0,0,1.0,1.0,1.0,1.0,1.0,1,0.615838106626459,52
3449,4,8705,8705,0,0,0,0,1.0,1.0,1.0,1.0,1.0,1,0.6242282417753123,52
3450,2,8707,8707,0,0,0,0,1.0,1.0,1.0,1.0,1.0,1,0.619421455170979,52
3451,5,8712,8712,0,0,0,0,1.0,1.0,1.0,1.0,1.0,1,0.6093686745866003,54
3452,3,8715,8715,0,0,0,0,1.0,1.0,1.0,1.0,1.0,1,0.6072274543575698,54
3453,2,8717,8717,0,0,0,0,1.0,1.0,1.0,1.0,1.0,1,0.5909181666994568,54
3454,4,8721,8721,0,0,0,0,0.9832855871027844,0.9585773245590742,0.9832855871027844,0.9585773245590742,1.0,1,0.584910564926913,57
3455,2,8723,8723,0,0,0,0,0.9832855871027842,0.9585773245590742,0.9832855871027842,0.9585773245590742,1.0,1,0.6009228819981419,57
3456,1,8724,8724,0,0,0,0,0.9675392585898511,0.9215532082588069,0.9675392585898511,0.9215532082588069,1.0,1,0.6060308181250144,58
3457,1,8725,8725,0,0,0,0,0.9534814980641879,0.8939378155863487,0.9534814980641879,0.8939378155863487,1.0,1,0.6195611957982223,57
3458,2,8727,8727,0,0,0,0,0.9534814980641879,0.8939378155863487,0.9534814980641879,0.8939378155863487,1.0,1,0.6321226333941411,57
3459,3,8730,8730,0,0,0,0,0.9534814980641879,0.8939378155863487,0.9534814980641879,0.8939378155863487,1.0,1,0.6086880730439644,57
3460,3,8733,8733,0,0,0,0,0.9542835412010123,0.8939378155863487,0.9542835412010123,0.8939378155863487,1.0,1,0.6270035670162204,58
3461,4,8737,8737,0,0,0,0,0.9486354242705053,0.8787796012783926,0.9486354242705053,0.8787796012783926,1.0,1,0.6039354491411829,59
3462,7,8744,8744,0,0,0,0,0.9628837002897809,0.9087557632123782,0.9628837002897809,0.9087557632123782,1.0,1,0.5845439142358231,59
3463,4,8748,8748,0,0,0,0,0.984863530611947,0.9611716654828206,0.984863530611947,0.9611716654828206,1.0,1,0.595932261868945,59
3464,3,8751,8751,0,0,0,0,0.971757609344363,0.9305707896382257,0.971757609344363,0.9305707896382257,1.0,1,0.6015085890070777,59
3465,5,8756,8756,0,0,0,0,0.9872277163462978,0.9683469492060424,0.9872277163462978,0.9683469492060424,1.0,1,0.6102087180636152,57
3466,4,8760,8760,0,0,0,0,0.9872277163462978,0.9683469492060424,0.9872277163462978,0.9683469492060424,1.0,1,0.6009718510928884,57
3467,4,8764,8764,0,0,0,0,0.9887016351316118,0.9719997044566031,0.9887016351316118,0.9719997044566031,1.0,1,0.5906707407229816,57
3468,4,8768,8768,0,0,0,0,1.0,1.0,1.0,1.0,1.0,1,0.5740941443191899,57
3469,6,8774,8774,0,0,0,0,1.0,1.0,1.0,1.0,1.0,1,0.5878481950859261,53
3470,1,8775,8775,0,0,0,0,1.0,1.0,1.0,1.0,1.0,1,0.6137428645922031,50
3471,4,8779,8779,0,0,0,0,1.0,1.0,1.0,1.0,1.0,1,0.6035017377620437,49
3472,5,8784,8784,0,0,0,0,1.0,1.0,1.0,1.0,1.0,1,0.6030347234522396,47
3473,5,8789,8789,0,0,0,0,1.0,1.0,1.0,1.0,1.0,1,0.6292122474609096,45
3474,3,8792,8792,0,0,0,0,1.0,1.0,1.0,1.0,1.0,1,0.6309612800795837,42
3475,4,8796,8796,0,0,0,0,1.0,1.0,1.0,1.0,1.0,1,0.6440835361755403,43
3476,2,8798,8798,0,0,0,0,1.0,1.0,1.0,1.0,1.0,1,0.6744261377440338,41
3477,3,8801,8801,0,0,0,0,1.0,1.0,1.0,1.0,1.0,1,0.635225481280978,42
3478,4,8805,8805,0,0,0,0,1.0,1.0,1.0,1.0,1.0,1,0.5963366652487462,40
3479,2,8807,8807,0,0,0,0,1.0,1.0,1.0,1.0,1.0,1,0.5655766209985411,40
3480,1,8808,8808,0,0,0,0,1.0,1.0,1.0,1.0,1.0,1,0.5555039926525442,40
3481,3,8811,8811,0,0,0,0,1.0,1.0,1.0,1.0,1.0,1,0.5642884822514224,40
3482,3,8814,8814,0,0,0,0,1.0,1.0,1.0,1.0,1.0,1,0.562629551060325,40
3483,3,8817,8817,0,0,0,0,1.0,1.0,1.0,1.0,1.0,1,0.6298709677385826,39
3484,3,8820,8820,0,0,0,0,1.0,1.0,1.0,1.0,1.0,1,0.6561434860903379,39
3485,0,8820,8820,0,0,0,0,1.0,1.0,1.0,1.0,1.0,1,0.6632640696492386,40
3486,0,8820,8820,0,0,0,0,1.0,1.0,1.0,1.0,1.0,1,0.6406632548866807,41
3487,0,8820,8820,0,0,0,0,0.9876768211878341,0.9770340758500541,0.9876768211878341,0.9770340758500541,1.0,1,0.6542757137998373,41
3488,1,8821,8821,0,0,0,0,0.9879702302071713,0.9770340758500541,0.9879702302071713,0.9770340758500541,1.0,1,0.6598121308413478,42
3489,0,8821,8821,0,0,0,0,0.988517037925027,0.9770340758500541,0.988517037925027,0.9770340758500541,1.0,1,0.6207681584557252,44
3490,2,8823,8823,0,0,0,0,0.988517037925027,0.9770340758500541,0.988517037925027,0.9770340758500541,1.0,1,0.6016924138492347,44
3491,3,8826,8826,0,0,0,0,0.9640284796885259,0.9296209385210289,0.9640284796885259,0.9296209385210289,1.0,1,0.6094921218205259,45
3492,0,8826,8826,0,0,0,0,0.9640284796885259,0.9296209385210289,0.9640284796885259,0.9296209385210289,1.0,1,0.6094921218205259,45
3493,2,8828,8828,0,0,0,0,0.9640284796885259,0.9296209385210289,0.9640284796885259,0.9296209385210289,1.0,1,0.6130917588754421,45
3494,1,8829,8829,0,0,0,0,0.941566221695269,0.8904366656786294,0.941566221695269,0.8904366656786294,1.0,1,0.6118421792449781,45
3495,1,8830,8830,0,0,0,0,0.941566221695269,0.8904366656786294,0.941566221695269,0.8904366656786294,1.0,1,0.6026200739559225,45
3496,0,8830,8830,0,0,0,0,0.921942640234614,0.8563744580316898,0.921942640234614,0.8563744580316898,1.0,1,0.6001538781079131,46
3497,0,8830,8830,0,0,0,0,0.9236034351232393,0.8563744580316898,0.9236034351232393,0.8563744580316898,1.0,1,0.5912600006737031,47
3498,1,8831,8831,0,0,0,0,0.9074571008694011,0.8291515708358174,0.9074571008694011,0.8291515708358174,1.0,1,0.5874974624490581,48
3499,2,8833,8833,0,0,0,0,0.9054881030155586,0.8291515708358174,0.9054881030155586,0.8291515708358174,1.0,1,0.62507540628581,47
3500,1,8834,8834,0,0,0,0,0.8949754025704486,0.80551000476009,0.8949754025704486,0.80551000476009,1.0,1,0.6173109494925907,50
3501,1,8835,8835,0,0,0,0,0.8949754025704486,0.80551000476009,0.8949754025704486,0.80551000476009,1.0,1,0.634153392715052,50
3502,1,8836,8836,0,0,0,0,0.8949754025704486,0.80551000476009,0.8949754025704486,0.80551000476009,1.0,1,0.6596073159323964,50
3503,1,8837,8837,0,0,0,0,0.8949754025704486,0.80551000476009,0.8949754025704486,0.80551000476009,1.0,1,0.6652698034659711,50
3504,1,8838,8838,0,0,0,0,0.8882717048621793,0.80551000476009,0.8882717048621793,0.80551000476009,1.0,1,0.6761575994409882,47
3505,2,8840,8840,0,0,0,0,0.8686950194922521,0.7749057477010038,0.8686950194922521,0.7749057477010038,1.0,1,0.6870214712801466,48
3506,4,8844,8844,0,0,0,0,0.8122217906344632,0.703189281970603,0.8122217906344632,0.703189281970603,1.0,1,0.6904021836527524,49
3507,0,8844,8844,0,0,0,0,0.8500370517977395,0.7621277373343451,0.8500370517977395,0.7621277373343451,1.0,1,0.6911874750026038,46
3508,2,8846,8846,0,0,0,0,0.8071803383499614,0.7076605129821996,0.8071803383499614,0.7076605129821996,1.0,1,0.6928061744097618,47
3509,2,8848,8848,0,0,0,0,0.8455298569074444,0.7656315070319848,0.8455298569074444,0.7656315070319848,1.0,1,0.7054018777046427,44
3510,0,8848,8848,0,0,0,0,0.8422919141123051,0.7552805563811629,0.8422919141123051,0.7552805563811629,1.0,1,0.704257983873999,45
3511,1,8849,8849,0,0,0,0,0.8620906258629215,0.7832852692131625,0.8620906258629215,0.7832852692131625,1.0,1,0.7335566228843454,44
3512,0,8849,8849,0,0,0,0,0.8991620822870727,0.8371079790791174,0.8991620822870727,0.8371079790791174,1.0,1,0.7335566228843454,42
3513,4,8853,8853,0,0,0,0,0.9451801971596078,0.9040653450293136,0.9451801971596078,0.9040653450293136,1.0,1,0.7170655284323528,42
3514,1,8854,8854,0,0,0,0,0.9974226543100647,0.9950796127737598,0.9974226543100647,0.9950796127737598,1.0,1,0.7099985293875154,42
3515,4,8858,8858,0,0,0,0,1.0,1.0,1.0,1.0,1.0,1,0.6955123969323622,42
3516,4,8862,8862,0,0,0,0,1.0,1.0,1.0,1.0,1.0,1,0.655873509040039,41
3517,4,8866,8866,0,0,0,0,1.0,1.0,1.0,1.0,1.0,1,0.615850405283545,44
3518,3,8869,8869,0,0,0,0,1.0,1.0,1.0,1.0,1.0,1,0.6159718210549397,43
3519,3,8872,8872,0,0,0,0,1.0,1.0,1.0,1.0,1.0,1,0.5999389367601097,44
3520,2,8874,8874,0,0,0,0,1.0,1.0,1.0,1.0,1.0,1,0.6110074104335897,45
3521,0,8874,8874,0,0,0,0,1.0,1.0,1.0,1.0,1.0,1,0.6110074104335897,45
3522,2,8876,8876,0,0,0,0,1.0,1.0,1.0,1.0,1.0,1,0.5964462685392478,46
3523,3,8879,8879,0,0,0,0,1.0,1.0,1.0,1.0,1.0,1,0.5887906406100206,46
3524,2,8881,8881,0,0,0,0,1.0,1.0,1.0,1.0,1.0,1,0.5755030656341228,47
3525,2,8883,8883,0,0,0,0,1.0,1.0,1.0,1.0,1.0,1,0.6097500480096243,48
3526,4,8887,8887,0,0,0,0,1.0,1.0,1.0,1.0,1.0,1,0.5894131827810709,49
3527,1,8888,8888,0,0,0,0,1.0,1.0,1.0,1.0,1.0,1,0.5925230096116454,49
3528,1,8889,8889,0,0,0,0,0.995851026056213,0.9894201164433432,0.995851026056213,0.9894201164433432,1.0,1,0.6014958801230688,51
3529,2,8891,8891,0,0,0,0,0.995851026056213,0.9894201164433432,0.995851026056213,0.9894201164433432,1.0,1,0.6019534588112755,51
3530,3,8894,8894,0,0,0,0,0.9838805898589637,0.9600852701269573,0.9838805898589637,0.9600852701269573,1.0,1,0.5912168416159516,52
3531,1,8895,8895,0,0,0,0,0.9838805898589634,0.9600852701269573,0.9838805898589634,0.9600852701269573,1.0,1,0.5998031941493299,52
3532,2,8897,8897,0,0,0,0,0.9838805898589634,0.9600852701269573,0.9838805898589634,0.9600852701269573,1.0,1,0.5919943576273854,52
3533,2,8899,8899,0,0,0,0,0.9838805898589634,0.9600852701269573,0.9838805898589634,0.9600852701269573,1.0,1,0.5927710971065245,52
3534,0,8899,8899,0,0,0,0,0.9838805898589634,0.9600852701269573,0.9838805898589634,0.9600852701269573,1.0,1,0.5927710971065245,52
3535,3,8902,8902,0,0,0,0,0.9838805898589637,0.9600852701269573,0.9838805898589637,0.9600852701269573,1.0,1,0.6275168964203028,52
3536,0,8902,8902,0,0,0,0,0.9666346536357264,0.9181032407422374,0.9666346536357264,0.9181032407422374,1.0,1,0.6282838095044009,54
3537,0,8902,8902,0,0,0,0,0.967241296296895,0.9181032407422374,0.967241296296895,0.9181032407422374,1.0,1,0.6127710010295054,55
3538,2,8904,8904,0,0,0,0,0.9460941716394896,0.8710947582683451,0.9460941716394896,0.8710947582683451,1.0,1,0.6121710590957198,55
3539,2,8906,8906,0,0,0,0,0.9348410080802929,0.8425324361940411,0.9348410080802929,0.8425324361940411,1.0,1,0.5897383467533222,58
3540,2,8908,8908,0,0,0,0,0.9359453977738472,0.8425324361940411,0.9359453977738472,0.8425324361940411,1.0,1,0.6020218515046495,59
3541,2,8910,8910,0,0,0,0,0.9359453977738472,0.8425324361940411,0.9359453977738472,0.8425324361940411,1.0,1,0.6025743221513981,59
3542,4,8914,8914,0,0,0,0,0.9047117957809168,0.7764392131783047,0.9047117957809168,0.7764392131783047,1.0,1,0.6224617136377997,61
3543,3,8917,8917,0,0,0,0,0.9062487023005793,0.7764392131783047,0.9062487023005793,0.7764392131783047,1.0,1,0.6303292827384688,62
3544,4,8921,8921,0,0,0,0,0.921734274987814,0.8152928889712411,0.921734274987814,0.8152928889712411,1.0,1,0.6611295420038955,59
3545,1,8922,8922,0,0,0,0,0.9200786435905983,0.8113855988738121,0.9200786435905983,0.8113855988738121,1.0,1,0.6641508009109007,59
3546,1,8923,8923,0,0,0,0,0.9376927363181318,0.8520202487555629,0.9376927363181318,0.8520202487555629,1.0,1,0.6740070847962969,57
3547,3,8926,8926,0,0,0,0,0.9480675798649258,0.8803296405583073,0.9480675798649258,0.8803296405583073,1.0,1,0.7028478098050556,53
3548,1,8927,8927,0,0,0,0,0.9480675798649258,0.8803296405583073,0.9480675798649258,0.8803296405583073,1.0,1,0.7077394899479447,53
3549,0,8927,8927,0,0,0,0,0.9470688794777129,0.8803296405583073,0.9470688794777129,0.8803296405583073,1.0,1,0.7088135210320476,52
3550,0,8927,8927,0,0,0,0,0.9460310143694327,0.8803296405583073,0.9460310143694327,0.8803296405583073,1.0,1,0.7144388815619148,51
3551,0,8927,8927,0,0,0,0,0.9254671988396826,0.8416177975343256,0.9254671988396826,0.8416177975343256,1.0,1,0.7152345014374654,51
3552,2,8929,8929,0,0,0,0,0.9017089475917393,0.7994862530871482,0.9017089475917393,0.7994862530871482,1.0,1,0.6959275906924043,51
3553,2,8931,8931,0,0,0,0,0.8976970679016063,0.7994862530871482,0.8976970679016063,0.7994862530871482,1.0,1,0.7147910949078257,49
3554,2,8933,8933,0,0,0,0,0.8976970679016062,0.7994862530871482,0.8976970679016062,0.7994862530871482,1.0,1,0.7046673399063618,49
3555,2,8935,8935,0,0,0,0,0.8851117550843657,0.7746422888193326,0.8851117550843657,0.7746422888193326,1.0,1,0.7051893413532412,51
3556,1,8936,8936,0,0,0,0,0.865897226333488,0.746694760852144,0.865897226333488,0.746694760852144,1.0,1,0.7111505415615439,51
3557,4,8940,8940,0,0,0,0,0.8684761258270748,0.746694760852144,0.8684761258270748,0.746694760852144,1.0,1,0.6961900563043406,52
3558,1,8941,8941,0,0,0,0,0.8684761258270748,0.746694760852144,0.8684761258270748,0.746694760852144,1.0,1,0.6883924271550438,52
3559,5,8946,8946,0,0,0,0,0.8684761258270748,0.746694760852144,0.8684761258270748,0.746694760852144,1.0,1,0.6798861853329212,52
3560,2,8948,8948,0,0,0,0,0.8709577083586394,0.746694760852144,0.8709577083586394,0.746694760852144,1.0,1,0.6727257232545404,53
3561,0,8948,8948,0,0,0,0,0.8557571533549668,0.7218173671845788,0.8557571533549668,0.7218173671845788,1.0,1,0.6727257232545404,54
3562,3,8951,8951,0,0,0,0,0.8557571533549668,0.7218173671845788,0.8557571533549668,0.7218173671845788,1.0,1,0.6449489156286199,54
3563,0,8951,8951,0,0,0,0,0.8448578150869042,0.7057648217165425,0.8448578150869042,0.7057648217165425,1.0,1,0.6449489156286199,55
3564,0,8951,8951,0,0,0,0,0.8503014005224514,0.7057648217165425,0.8503014005224514,0.7057648217165425,1.0,1,0.6254503169721659,57
3565,1,8952,8952,0,0,0,0,0.8476282112460666,0.7057648217165425,0.8476282112460666,0.7057648217165425,1.0,1,0.6500870222836026,56
3566,1,8953,8953,0,0,0,0,0.8518223243017511,0.7087542236275798,0.8518223243017511,0.7087542236275798,1.0,1,0.6505318227980417,57
3567,2,8955,8955,0,0,0,0,0.8909291922204686,0.7697394057987673,0.8909291922204686,0.7697394057987673,1.0,1,0.6512795844552627,57
3568,4,8959,8959,0,0,0,0,0.8854474199500956,0.7581667754502016,0.8854474199500956,0.7581667754502016,1.0,1,0.640459498250014,57
3569,4,8963,8963,0,0,0,0,0.9032075268889058,0.7878011166410628,0.9032075268889058,0.7878011166410628,1.0,1,0.6241435322056194,57
3570,6,8969,8969,0,0,0,0,0.8581075916764562,0.7113223416865834,0.8581075916764562,0.7113223416865834,1.0,1,0.6256616262741806,59
3571,6,8975,8975,0,0,0,0,0.894886902819549,0.7664153395989978,0.894886902819549,0.7664153395989978,1.0,1,0.6022528416675398,60
3572,3,8978,8978,0,0,0,0,0.9115504647552112,0.7924837826949186,0.9115504647552112,0.7924837826949186,1.0,1,0.6016571413211996,61
3573,3,8981,8981,0,0,0,0,0.8641000466158005,0.7094552720751599,0.8641000466158005,0.7094552720751599,1.0,1,0.6078042530180431,62
3574,6,8987,8987,0,0,0,0,0.86625718873301,0.7094552720751599,0.86625718873301,0.7094552720751599,1.0,1,0.5813757757452457,63
3575,4,8991,8991,0,0,0,0,0.855286094892127,0.6961007992734667,0.855286094892127,0.6961007992734667,1.0,1,0.5907243092605878,63
3576,3,8994,8994,0,0,0,0,0.855286094892127,0.6961007992734667,0.855286094892127,0.6961007992734667,1.0,1,0.5826680740948976,63
3577,2,8996,8996,0,0,0,0,0.8399503833309131,0.6695749849412399,0.8399503833309131,0.6695749849412399,1.0,1,0.5684238276789316,64
3578,0,8996,8996,0,0,0,0,0.8399503833309131,0.6695749849412399,0.8399503833309131,0.6695749849412399,1.0,1,0.5724033134961897,64
3579,3,8999,8999,0,0,0,0,0.8399503833309131,0.6695749849412399,0.8399503833309131,0.6695749849412399,1.0,1,0.5866501758510629,64
3580,0,8999,8999,0,0,0,0,0.8267886599174008,0.6481644654572203,0.8267886599174008,0.6481644654572203,1.0,1,0.5866501758510629,65
3581,3,9002,9002,0,0,0,0,0.8195900175504132,0.6282460967705482,0.8195900175504132,0.6282460967705482,1.0,1,0.5858812064323424,68
3582,1,9003,9003,0,0,0,0,0.8042887232540503,0.6085774465081005,0.8042887232540503,0.6085774465081005,1.0,1,0.5979677113207467,68
3583,3,9006,9006,0,0,0,0,0.813111878210746,0.6318870328393483,0.813111878210746,0.6318870328393483,1.0,1,0.6215072757691307,65
3584,8,9014,9014,0,0,0,0,0.7917277450048915,0.6079581082445016,0.7917277450048915,0.6079581082445016,1.0,1,0.6640756792253324,64
3585,3,9017,9017,0,0,0,0,0.8210929139534802,0.6421858279069603,0.8210929139534802,0.6421858279069603,1.0,1,0.6279108113859567,64
3586,7,9024,9024,0,0,0,0,0.8238453306618881,0.6421858279069603,0.8238453306618881,0.6421858279069603,1.0,1,0.6361069710723701,65
3587,6,9030,9030,0,0,0,0,0.8225799966714474,0.6451599933428949,0.8225799966714474,0.6451599933428949,1.0,1,0.6432645261785409,64
3588,3,9033,9033,0,0,0,0,0.8530871244336649,0.6963800571629076,0.8530871244336649,0.6963800571629076,1.0,1,0.6535416448982502,62
3589,4,9037,9037,0,0,0,0,0.8414620291839269,0.6778099302770128,0.8414620291839269,0.6778099302770128,1.0,1,0.6434235354952438,63
3590,2,9039,9039,0,0,0,0,0.8233827539841374,0.6522847969062707,0.8233827539841374,0.6522847969062707,1.0,1,0.6380823214976414,63
3591,6,9045,9045,0,0,0,0,0.8691332246093706,0.7202158595096889,0.8691332246093706,0.7202158595096889,1.0,1,0.6293374078735814,62
3592,1,9046,9046,0,0,0,0,0.9128360936115528,0.8022049816569853,0.9128360936115528,0.8022049816569853,1.0,1,0.6346899439543805,59
3593,4,9050,9050,0,0,0,0,0.94616114731555,0.8698894393459126,0.94616114731555,0.8698894393459126,1.0,1,0.6193819127867533,58
3594,5,9055,9055,0,0,0,0,0.9845035571492894,0.9598501253413406,0.9845035571492894,0.9598501253413406,1.0,1,0.602393636986889,57
3595,5,9060,9060,0,0,0,0,0.9851277571470664,0.9601153487125871,0.9851277571470664,0.9601153487125871,1.0,1,0.6050769167437249,59
3596,5,9065,9065,0,0,0,0,0.9944736123223785,0.9849998048750275,0.9944736123223785,0.9849998048750275,1.0,1,0.5955451445060831,57
3597,6,9071,9071,0,0,0,0,0.9924552022113219,0.9795212631450165,0.9924552022113219,0.9795212631450165,1.0,1,0.6001658067871507,57
3598,2,9073,9073,0,0,0,0,0.9995405360217391,0.9987528834875776,0.9995405360217391,0.9987528834875776,1.0,1,0.5990237453209627,57
3599,6,9079,9079,0,0,0,0,0.9860069373423367,0.9613524936121682,0.9860069373423367,0.9613524936121682,1.0,1,0.6034665950488578,58
3600,3,9082,9082,0,0,0,0,1.0,1.0,1.0,1.0,1.0,1,0.5657754658566384,58
3601,4,9086,9086,0,0,0,0,1.0,1.0,1.0,1.0,1.0,1,0.5906419352845145,58
3602,2,9088,9088,0,0,0,0,1.0,1.0,1.0,1.0,1.0,1,0.5718908304379123,60
3603,4,9092,9092,0,0,0,0,1.0,1.0,1.0,1.0,1.0,1,0.5928329070687959,60
3604,2,9094,9094,0,0,0,0,1.0,1.0,1.0,1.0,1.0,1,0.5784494102834035,60
3605,3,9097,9097,0,0,0,0,0.9665897754239965,0.9150823458693246,0.9665897754239965,0.9150823458693246,1.0,1,0.5754925146026209,61
3606,4,9101,9101,0,0,0,0,0.9561885411965703,0.8895951238153571,0.9561885411965703,0.8895951238153571,1.0,1,0.5843779876754122,63
3607,2,9103,9103,0,0,0,0,0.9561885411965703,0.8895951238153571,0.9561885411965703,0.8895951238153571,1.0,1,0.5864159077778995,63
3608,5,9108,9108,0,0,0,0,0.9124982328235642,0.7999959607395756,0.9124982328235642,0.7999959607395756,1.0,1,0.6131212009097362,64
3609,1,9109,9109,0,0,0,0,0.9010985991345287,0.7749140532027206,0.9010985991345287,0.7749140532027206,1.0,1,0.5977725477357297,66
3610,2,9111,9111,0,0,0,0,0.9025747394459537,0.7749140532027206,0.9025747394459537,0.7749140532027206,1.0,1,0.5731153215737697,67
3611,1,9112,9112,0,0,0,0,0.9025747394459537,0.7749140532027206,0.9025747394459537,0.7749140532027206,1.0,1,0.5843044453844396,67
3612,2,9114,9114,0,0,0,0,0.9010985991345288,0.7749140532027206,0.9010985991345288,0.7749140532027206,1.0,1,0.5797066476052787,66
3613,0,9114,9114,0,0,0,0,0.9010985991345287,0.7749140532027206,0.9010985991345287,0.7749140532027206,1.0,1,0.5797066476052787,66
3614,2,9116,9116,0,0,0,0,0.8824227267574983,0.745249241307913,0.8824227267574983,0.745249241307913,1.0,1,0.5878512065140575,65
3615,3,9119,9119,0,0,0,0,0.8824227267574983,0.745249241307913,0.8824227267574983,0.745249241307913,1.0,1,0.598563430659602,65
3616,4,9123,9123,0,0,0,0,0.8824227267574983,0.745249241307913,0.8824227267574983,0.745249241307913,1.0,1,0.6077484862596697,65
3617,2,9125,9125,0,0,0,0,0.8841985350398913,0.7452367770877609,0.8841985350398913,0.7452367770877609,1.0,1,0.6040796561975997,66
3618,2,9127,9127,0,0,0,0,0.8841985350398913,0.7452367770877609,0.8841985350398913,0.7452367770877609,1.0,1,0.5911974877532165,66
3619,4,9131,9131,0,0,0,0,0.8965826190159403,0.7682024219322797,0.8965826190159403,0.7682024219322797,1.0,1,0.5800496121940555,65
3620,2,9133,9133,0,0,0,0,0.8831255191642254,0.7428761421612958,0.8831255191642254,0.7428761421612958,1.0,1,0.5756389756653205,66
3621,3,9136,9136,0,0,0,0,0.8929949568103956,0.7601611100922661,0.8929949568103956,0.7601611100922661,1.0,1,0.5754553267244702,65
3622,2,9138,9138,0,0,0,0,0.8950670552811995,0.7648054687337231,0.8950670552811995,0.7648054687337231,1.0,1,0.572821348398891,65
3623,5,9143,9143,0,0,0,0,0.9495218652587449,0.8748142258416874,0.9495218652587449,0.8748142258416874,1.0,1,0.5832899055250927,62
3624,6,9149,9149,0,0,0,0,0.9612492738609433,0.8998939574741033,0.9612492738609433,0.8998939574741033,1.0,1,0.6045738015057626,62
3625,9,9158,9158,0,0,0,0,0.9967406655638539,0.9909627545179587,0.9967406655638539,0.9909627545179587,1.0,1,0.5797742569228214,61
3626,3,9161,9161,0,0,0,0,1.0,1.0,1.0,1.0,1.0,1,0.5404218700276239,58
3627,10,9171,9171,0,0,0,0,1.0,1.0,1.0,1.0,1.0,1,0.5209832755408151,58
3628,2,9173,9173,0,0,0,0,1.0,1.0,1.0,1.0,1.0,1,0.4728669852590558,57
3629,6,9179,9179,0,0,0,0,1.0,1.0,1.0,1.0,1.0,1,0.48289254011710125,57
3630,3,9182,9182,0,0,0,0,1.0,1.0,1.0,1.0,1.0,1,0.49191362110068154,56
3631,5,9187,9187,0,0,0,0,1.0,1.0,1.0,1.0,1.0,1,0.521203588710093,54
3632,2,9189,9189,0,0,0,0,1.0,1.0,1.0,1.0,1.0,1,0.5540119956103678,52
3633,5,9194,9194,0,0,0,0,1.0,1.0,1.0,1.0,1.0,1,0.5789003404219729,52
3634,0,9194,9194,0,0,0,0,1.0,1.0,1.0,1.0,1.0,1,0.5981528357911847,49
3635,2,9196,9196,0,0,0,0,1.0,1.0,1.0,1.0,1.0,1,0.6291182016561193,47
3636,1,9197,9197,0,0,0,0,1.0,1.0,1.0,1.0,1.0,1,0.6424347503524055,48
3637,0,9197,9197,0,0,0,0,1.0,1.0,1.0,1.0,1.0,1,0.661204040014892,49
3638,4,9201,9201,0,0,0,0,0.9854527498076141,0.9669380677445777,0.9854527498076141,0.9669380677445777,1.0,1,0.6565441760454219,50
3639,1,9202,9202,0,0,0,0,0.9618650273600251,0.913781800987883,0.9618650273600251,0.913781800987883,1.0,1,0.646212804455978,52
3640,2,9204,9204,0,0,0,0,0.9463964858435092,0.8838590526609366,0.9463964858435092,0.8838590526609366,1.0,1,0.634346264583189,52
3641,0,9204,9204,0,0,0,0,0.9463964858435092,0.8838590526609366,0.9463964858435092,0.8838590526609366,1.0,1,0.634346264583189,52
3642,1,9205,9205,0,0,0,0,0.9319553480069657,0.8584671238544884,0.9319553480069657,0.8584671238544884,1.0,1,0.6338891350231792,52
3643,1,9206,9206,0,0,0,0,0.9319553480069657,0.8584671238544884,0.9319553480069657,0.8584671238544884,1.0,1,0.6385363285376257,52
3644,1,9207,9207,0,0,0,0,0.9319553480069657,0.8584671238544884,0.9319553480069657,0.8584671238544884,1.0,1,0.6448937270796831,52
3645,3,9210,9210,0,0,0,0,0.9765247944668896,0.9459049611628326,0.9765247944668896,0.9459049611628326,1.0,1,0.6405282501064438,53
3646,3,9213,9213,0,0,0,0,0.9892464273573327,0.9740936659063014,0.9892464273573327,0.9740936659063014,1.0,1,0.628273617072067,53
3647,6,9219,9219,0,0,0,0,0.9726849678375447,0.9317124195938618,0.9726849678375447,0.9317124195938618,1.0,1,0.6073501901613622,55
3648,5,9224,9224,0,0,0,0,0.9722206686872027,0.9280262779622978,0.9722206686872027,0.9280262779622978,1.0,1,0.6037543039364632,57
3649,4,9228,9228,0,0,0,0,0.9923827879285383,0.9793247100917469,0.9923827879285383,0.9793247100917469,1.0,1,0.6072400765556256,57
3650,2,9230,9230,0,0,0,0,0.9604564847648175,0.8985622870054011,0.9604564847648175,0.8985622870054011,1.0,1,0.6077844902653977,59
3651,3,9233,9233,0,0,0,0,0.9604564847648174,0.8985622870054011,0.9604564847648174,0.8985622870054011,1.0,1,0.6023535253670171,59
3652,0,9233,9233,0,0,0,0,0.9604564847648174,0.8985622870054011,0.9604564847648174,0.8985622870054011,1.0,1,0.6023535253670171,59
3653,1,9234,9234,0,0,0,0,0.9447649733685238,0.8642138928642877,0.9447649733685238,0.8642138928642877,1.0,1,0.6013088243852358,59
3654,0,9234,9234,0,0,0,0,0.9447649733685238,0.8642138928642877,0.9447649733685238,0.8642138928642877,1.0,1,0.6013088243852358,59
3655,0,9234,9234,0,0,0,0,0.9474376359474662,0.8642138928642877,0.9474376359474662,0.8642138928642877,1.0,1,0.5894717158416793,62
3656,0,9234,9234,0,0,0,0,0.9474376359474663,0.8642138928642877,0.9474376359474663,0.8642138928642877,1.0,1,0.5894717158416793,62
3657,0,9234,9234,0,0,0,0,0.93265726876909,0.830296317298107,0.93265726876909,0.830296317298107,1.0,1,0.5894717158416793,63
3658,2,9236,9236,0,0,0,0,0.93265726876909,0.830296317298107,0.93265726876909,0.830296317298107,1.0,1,0.6084411611288332,63
3659,5,9241,9241,0,0,0,0,0.9298402045377447,0.8647475546825971,0.9298402045377447,0.8647475546825971,1.0,1,0.643099788224859,62
3660,0,9241,9241,0,0,0,0,0.9298402045377446,0.8647475546825971,0.9298402045377446,0.8647475546825971,1.0,1,0.643099788224859,62
3661,2,9243,9243,0,0,0,0,0.9295566367101789,0.8660511681445154,0.9295566367101789,0.8660511681445154,1.0,1,0.6509086303788927,61
3662,4,9247,9247,0,0,0,0,0.9540850275010324,0.8802218108722584,0.9540850275010324,0.8802218108722584,1.0,1,0.6429692072915667,60
3663,1,9248,9248,0,0,0,0,0.9548377319682285,0.8802218108722584,0.9548377319682285,0.8802218108722584,1.0,1,0.6336977956317363,61
3664,6,9254,9254,0,0,0,0,0.9666003670562477,0.9119464222391985,0.9666003670562477,0.9119464222391985,1.0,1,0.6324328592635522,58
3665,1,9255,9255,0,0,0,0,0.9666003670562477,0.9119464222391985,0.9666003670562477,0.9119464222391985,1.0,1,0.6221543395783852,58
3666,3,9258,9258,0,0,0,0,0.9819972172261051,0.9502780285292427,0.9819972172261051,0.9502780285292427,1.0,1,0.6184664846785968,58
3667,4,9262,9262,0,0,0,0,0.9852868948067895,0.9593638047044665,0.9852868948067895,0.9593638047044665,1.0,1,0.6200203033948966,58
3668,3,9265,9265,0,0,0,0,0.9657684169030435,0.9097530991080236,0.9657684169030435,0.9097530991080236,1.0,1,0.6398335840325483,58
3669,2,9267,9267,0,0,0,0,0.9649831659396512,0.9092745662981871,0.9649831659396512,0.9092745662981871,1.0,1,0.6455714795592727,57
3670,4,9271,9271,0,0,0,0,0.9858472875968064,0.9603724052710579,0.9858472875968064,0.9603724052710579,1.0,1,0.6497518071432916,56
3671,1,9272,9272,0,0,0,0,0.9860955807968625,0.9603724052710579,0.9860955807968625,0.9603724052710579,1.0,1,0.6346438669619385,57
3672,5,9277,9277,0,0,0,0,0.9886161239437186,0.9675559532395978,0.9886161239437186,0.9675559532395978,1.0,1,0.6540119155463251,57
3673,2,9279,9279,0,0,0,0,1.0,1.0,1.0,1.0,1.0,1,0.6424245463321181,58
3674,0,9279,9279,0,0,0,0,1.0,1.0,1.0,1.0,1.0,1,0.6483034436062636,57
3675,2,9281,9281,0,0,0,0,0.9935742127216127,0.9813652168926771,0.9935742127216127,0.9813652168926771,1.0,1,0.6411334263412772,58
3676,0,9281,9281,0,0,0,0,0.993683124370399,0.9813652168926771,0.993683124370399,0.9813652168926771,1.0,1,0.6309861895704504,59
3677,2,9283,9283,0,0,0,0,0.9937884056308923,0.9813652168926771,0.9937884056308923,0.9813652168926771,1.0,1,0.6417471252790012,60
3678,0,9283,9283,0,0,0,0,0.9588861578037742,0.8841337174469998,0.9588861578037742,0.8841337174469998,1.0,1,0.6417471252790012,62
3679,0,9283,9283,0,0,0,0,0.9588861578037742,0.8841337174469998,0.9588861578037742,0.8841337174469998,1.0,1,0.6417471252790012,62
3680,2,9285,9285,0,0,0,0,0.9454119071453028,0.8504760934849599,0.9454119071453028,0.8504760934849599,1.0,1,0.6365126140500595,63
3681,0,9285,9285,0,0,0,0,0.9322525264630416,0.819340070568111,0.9322525264630416,0.819340070568111,1.0,1,0.6365126140500595,64
3682,1,9286,9286,0,0,0,0,0.9191964294777653,0.7931428594630792,0.9191964294777653,0.7931428594630792,1.0,1,0.6360925817940205,64
3683,0,9286,9286,0,0,0,0,0.9191964294777653,0.7931428594630792,0.9191964294777653,0.7931428594630792,1.0,1,0.6360925817940205,64
3684,0,9286,9286,0,0,0,0,0.9191964294777653,0.7931428594630792,0.9191964294777653,0.7931428594630792,1.0,1,0.6360925817940205,64
3685,0,9286,9286,0,0,0,0,0.9191964294777653,0.7931428594630792,0.9191964294777653,0.7931428594630792,1.0,1,0.6360925817940205,64
3686,0,9286,9286,0,0,0,0,0.9204395613319535,0.7931428594630792,0.9204395613319535,0.7931428594630792,1.0,1,0.6279597559824909,65
3687,0,9286,9286,0,0,0,0,0.9204395613319536,0.7931428594630792,0.9204395613319536,0.7931428594630792,1.0,1,0.6279597559824909,65
3688,1,9287,9287,0,0,0,0,0.8940020283946369,0.7408938471868903,0.8940020283946369,0.7408938471868903,1.0,1,0.6275187986836512,66
3689,0,9287,9287,0,0,0,0,0.8940020283946369,0.7408938471868903,0.8940020283946369,0.7408938471868903,1.0,1,0.6275187986836512,66
3690,2,9289,9289,0,0,0,0,0.8815573497713216,0.7165836583813767,0.8815573497713216,0.7165836583813767,1.0,1,0.643305567552096,67
3691,0,9289,9289,0,0,0,0,0.8832991534511552,0.7165836583813767,0.8832991534511552,0.7165836583813767,1.0,1,0.6345698768123906,68
3692,1,9290,9290,0,0,0,0,0.8849904700678051,0.7165836583813767,0.8849904700678051,0.7165836583813767,1.0,1,0.6359323021003607,69
3693,1,9291,9291,0,0,0,0,0.8934541499189999,0.7340747633011083,0.8934541499189999,0.7340747633011083,1.0,1,0.6407465880451678,69
3694,2,9293,9293,0,0,0,0,0.891525597784388,0.7340747633011083,0.891525597784388,0.7340747633011083,1.0,1,0.6371938590408944,70
3695,1,9294,9294,0,0,0,0,0.8974288372732847,0.7340747633011083,0.8974288372732847,0.7340747633011083,1.0,1,0.6290453919427675,70
3696,1,9295,9295,0,0,0,0,0.8965442976115671,0.7340747633011083,0.8965442976115671,0.7340747633011083,1.0,1,0.6305508410651102,71
3697,3,9298,9298,0,0,0,0,0.9074641529896479,0.8047008574422115,0.9074641529896479,0.8047008574422115,1.0,1,0.6406099075832415,70
3698,3,9301,9301,0,0,0,0,0.9153849988878301,0.7863087581002156,0.9153849988878301,0.7863087581002156,1.0,1,0.6418182435372543,70
3699,3,9304,9304,0,0,0,0,0.8984136750780279,0.7805385867174719,0.8984136750780279,0.7805385867174719,1.0,1,0.6473998869493154,70
3700,2,9306,9306,0,0,0,0,0.9239097677753088,0.7930345683488397,0.9239097677753088,0.7930345683488397,1.0,1,0.6385588643146446,68
3701,2,9308,9308,0,0,0,0,0.8974991789247421,0.7380534572521188,0.8974991789247421,0.7380534572521188,1.0,1,0.637628732377573,69
3702,3,9311,9311,0,0,0,0,0.8964040621057168,0.7352548253812763,0.8964040621057168,0.7352548253812763,1.0,1,0.6386481562510525,69
3703,1,9312,9312,0,0,0,0,0.8664303776440597,0.6775905667270408,0.8664303776440597,0.6775905667270408,1.0,1,0.6424401173182556,70
3704,1,9313,9313,0,0,0,0,0.8615053071781364,0.6704781446652213,0.8615053071781364,0.6704781446652213,1.0,1,0.6466486776546716,69
3705,1,9314,9314,0,0,0,0,0.8771901182757534,0.697361362893821,0.8771901182757534,0.697361362893821,1.0,1,0.6445201782614848,69
3706,0,9314,9314,0,0,0,0,0.8931436784741458,0.7269227338783725,0.8931436784741458,0.7269227338783725,1.0,1,0.6374722988764192,69
3707,2,9316,9316,0,0,0,0,0.9205348515951047,0.7870334022748806,0.9205348515951047,0.7870334022748806,1.0,1,0.6286083151605683,67
3708,2,9318,9318,0,0,0,0,0.9372004872555506,0.824684693588412,0.9372004872555506,0.824684693588412,1.0,1,0.6304670173639297,67
3709,3,9321,9321,0,0,0,0,0.9372004872555506,0.824684693588412,0.9372004872555506,0.824684693588412,1.0,1,0.6222265059418324,67
3710,1,9322,9322,0,0,0,0,0.9410400471898234,0.8354034650715901,0.9410400471898234,0.8354034650715901,1.0,1,0.6087861373881359,67
3711,4,9326,9326,0,0,0,0,0.9148782774133111,0.7773739563117368,0.9148782774133111,0.7773739563117368,1.0,1,0.605023522780749,68
3712,0,9326,9326,0,0,0,0,0.9148782774133111,0.7773739563117368,0.9148782774133111,0.7773739563117368,1.0,1,0.605023522780749,68
3713,5,9331,9331,0,0,0,0,0.9148782774133111,0.7773739563117368,0.9148782774133111,0.7773739563117368,1.0,1,0.5791460968112868,68
3714,0,9331,9331,0,0,0,0,0.913607803941868,0.7773739563117368,0.913607803941868,0.7773739563117368,1.0,1,0.586518710431305,67
3715,1,9332,9332,0,0,0,0,0.9148782774133111,0.7773739563117368,0.9148782774133111,0.7773739563117368,1.0,1,0.5838375884413164,68
3716,2,9334,9334,0,0,0,0,0.913607803941868,0.7773739563117368,0.913607803941868,0.7773739563117368,1.0,1,0.5732574903087351,67
3717,5,9339,9339,0,0,0,0,0.9008510932499705,0.750291642259185,0.9008510932499705,0.750291642259185,1.0,1,0.5869571325617359,68
3718,0,9339,9339,0,0,0,0,0.9008510932499705,0.750291642259185,0.9008510932499705,0.750291642259185,1.0,1,0.5988970793134746,68
3719,3,9342,9342,0,0,0,0,0.8865651557374015,0.7245153782194034,0.8865651557374015,0.7245153782194034,1.0,1,0.606990197164856,68
3720,3,9345,9345,0,0,0,0,0.8865651557374015,0.7245153782194034,0.8865651557374015,0.7245153782194034,1.0,1,0.6247548996886111,68
3721,1,9346,9346,0,0,0,0,0.8898061512877614,0.7245153782194034,0.8898061512877614,0.7245153782194034,1.0,1,0.6043309824313693,70
3722,3,9349,9349,0,0,0,0,0.8759992271114794,0.6964119008591393,0.8759992271114794,0.6964119008591393,1.0,1,0.5870874995728516,71
3723,7,9356,9356,0,0,0,0,0.8482410154341355,0.65242297083302,0.8482410154341355,0.65242297083302,1.0,1,0.6094914505603194,71
3724,0,9356,9356,0,0,0,0,0.8503487791086614,0.65242297083302,0.8503487791086614,0.65242297083302,1.0,1,0.5976556899200606,72
3725,4,9360,9360,0,0,0,0,0.8359097136841471,0.630796855789331,0.8359097136841471,0.630796855789331,1.0,1,0.5890152563097246,72
3726,3,9363,9363,0,0,0,0,0.8497210878937681,0.6558128142083077,0.8497210878937681,0.6558128142083077,1.0,1,0.5882257618015212,71
3727,4,9367,9367,0,0,0,0,0.8633054314571666,0.6764895211152945,0.8633054314571666,0.6764895211152945,1.0,1,0.5936049972071967,71
3728,5,9372,9372,0,0,0,0,0.862693269701462,0.6796176293034112,0.862693269701462,0.6796176293034112,1.0,1,0.6224175143190969,70
3729,4,9376,9376,0,0,0,0,0.860735911994844,0.6750504613213028,0.860735911994844,0.6750504613213028,1.0,1,0.6223787768926653,70
3730,3,9379,9379,0,0,0,0,0.8496732794672394,0.6557033174894836,0.8496732794672394,0.6557033174894836,1.0,1,0.6195886464756567,71
3731,0,9379,9379,0,0,0,0,0.8496732794672393,0.6557033174894836,0.8496732794672393,0.6557033174894836,1.0,1,0.6195886464756567,71
3732,0,9379,9379,0,0,0,0,0.85176115058575,0.6557033174894836,0.85176115058575,0.6557033174894836,1.0,1,0.6108682315504563,72
3733,0,9379,9379,0,0,0,0,0.8537918197558081,0.6557033174894836,0.8537918197558081,0.6557033174894836,1.0,1,0.608079274314676,73
3734,1,9380,9380,0,0,0,0,0.8438472263002664,0.638896710819366,0.8438472263002664,0.638896710819366,1.0,1,0.5990952381582046,74
3735,0,9380,9380,0,0,0,0,0.865993553656121,0.6783845287746905,0.865993553656121,0.6783845287746905,1.0,1,0.5990952381582046,72
3736,2,9382,9382,0,0,0,0,0.8788300840645863,0.6991643466431109,0.8788300840645863,0.6991643466431109,1.0,1,0.5845546723965989,72
3737,1,9383,9383,0,0,0,0,0.8803661961478262,0.6988528385790106,0.8803661961478262,0.6988528385790106,1.0,1,0.571182594586559,73
3738,5,9388,9388,0,0,0,0,0.9031559120686696,0.7417490988497858,0.9031559120686696,0.7417490988497858,1.0,1,0.5511391378033167,72
3739,4,9392,9392,0,0,0,0,0.9044825434101946,0.7417490988497858,0.9044825434101946,0.7417490988497858,1.0,1,0.5432124037891262,73
3740,5,9397,9397,0,0,0,0,0.926955482724904,0.7954753516297315,0.926955482724904,0.7954753516297315,1.0,1,0.5459808620602098,70
3741,2,9399,9399,0,0,0,0,0.926955482724904,0.7954753516297315,0.926955482724904,0.7954753516297315,1.0,1,0.5421324008054178,70
3742,3,9402,9402,0,0,0,0,0.9109724778765536,0.7603105173599516,0.9109724778765536,0.7603105173599516,1.0,1,0.5554555755518609,70
3743,3,9405,9405,0,0,0,0,0.879736421397462,0.7036361813008883,0.879736421397462,0.7036361813008883,1.0,1,0.5936090194719358,69
3744,4,9409,9409,0,0,0,0,0.879736421397462,0.7036361813008883,0.879736421397462,0.7036361813008883,1.0,1,0.591926105271234,69
3745,1,9410,9410,0,0,0,0,0.8779678393591893,0.7036361813008883,0.8779678393591893,0.7036361813008883,1.0,1,0.5964848220233413,68
3746,4,9414,9414,0,0,0,0,0.8742698950973465,0.7036361813008883,0.8742698950973465,0.7036361813008883,1.0,1,0.6090239134336359,66
3747,2,9416,9416,0,0,0,0,0.8742698950973466,0.7036361813008883,0.8742698950973466,0.7036361813008883,1.0,1,0.6114961253270352,66
3748,3,9419,9419,0,0,0,0,0.8893625076243716,0.7336504813179314,0.8893625076243716,0.7336504813179314,1.0,1,0.5931894756100101,65
3749,2,9421,9421,0,0,0,0,0.8876337968060023,0.7336504813179314,0.8876337968060023,0.7336504813179314,1.0,1,0.5915195393066223,64
3750,3,9424,9424,0,0,0,0,0.8858502062791135,0.7336504813179314,0.8858502062791135,0.7336504813179314,1.0,1,0.607038159330929,63
3751,7,9431,9431,0,0,0,0,0.939740460321975,0.8393078941919335,0.939740460321975,0.8393078941919335,1.0,1,0.5936940848915648,64
3752,2,9433,9433,0,0,0,0,0.939740460321975,0.8393078941919335,0.939740460321975,0.8393078941919335,1.0,1,0.6067771966910533,64
3753,9,9442,9442,0,0,0,0,0.9239643002062082,0.8023071805361414,0.9239643002062082,0.8023071805361414,1.0,1,0.5850568506467265,65
3754,2,9444,9444,0,0,0,0,0.9239643002062082,0.8023071805361414,0.9239643002062082,0.8023071805361414,1.0,1,0.5986007008380372,65
3755,5,9449,9449,0,0,0,0,0.8802186904234417,0.7219362456258469,0.8802186904234417,0.7219362456258469,1.0,1,0.6032411865771634,65
3756,1,9450,9450,0,0,0,0,0.8678575568740365,0.7038186619590473,0.8678575568740365,0.7038186619590473,1.0,1,0.6042527348356822,65
3757,1,9451,9451,0,0,0,0,0.8678575568740365,0.7038186619590473,0.8678575568740365,0.7038186619590473,1.0,1,0.6079230325723333,65
3758,1,9452,9452,0,0,0,0,0.8786939390534307,0.7227290035506987,0.8786939390534307,0.7227290035506987,1.0,1,0.6150831484229825,64
3759,1,9453,9453,0,0,0,0,0.8948825199556597,0.750832639894897,0.8948825199556597,0.750832639894897,1.0,1,0.6160234892642642,64
3760,0,9453,9453,0,0,0,0,0.8932139885263845,0.750832639894897,0.8932139885263845,0.750832639894897,1.0,1,0.6353580462008086,63
3761,4,9457,9457,0,0,0,0,0.8932139885263843,0.750832639894897,0.8932139885263843,0.750832639894897,1.0,1,0.6116405770028707,63
3762,0,9457,9457,0,0,0,0,0.8799566296832497,0.7213278903361153,0.8799566296832497,0.7213278903361153,1.0,1,0.5979486852125662,65
3763,3,9460,9460,0,0,0,0,0.8799566296832496,0.7213278903361153,0.8799566296832496,0.7213278903361153,1.0,1,0.588016999030471,65
3764,2,9462,9462,0,0,0,0,0.8673067578025435,0.6980084832747545,0.8673067578025435,0.6980084832747545,1.0,1,0.5776721849393333,66
3765,3,9465,9465,0,0,0,0,0.8386646093782263,0.6513073815593923,0.8386646093782263,0.6513073815593923,1.0,1,0.581328320109682,67
3766,1,9466,9466,0,0,0,0,0.8386646093782263,0.6513073815593923,0.8386646093782263,0.6513073815593923,1.0,1,0.5773770993620306,67
3767,2,9468,9468,0,0,0,0,0.8410371886520759,0.6513073815593923,0.8410371886520759,0.6513073815593923,1.0,1,0.5674342545354688,68
3768,3,9471,9471,0,0,0,0,0.8218234665417407,0.6269428830717695,0.8218234665417407,0.6269428830717695,1.0,1,0.5613383367341531,67
3769,1,9472,9472,0,0,0,0,0.8269880037434293,0.6269428830717695,0.8269880037434293,0.6269428830717695,1.0,1,0.5336586958662954,69
3770,7,9479,9479,0,0,0,0,0.8269880037434293,0.6269428830717695,0.8269880037434293,0.6269428830717695,1.0,1,0.5493433882278745,69
3771,4,9483,9483,0,0,0,0,0.8269880037434294,0.6269428830717695,0.8269880037434294,0.6269428830717695,1.0,1,0.5935024029941678,69
3772,1,9484,9484,0,0,0,0,0.8171060341788591,0.6120431028036405,0.8171060341788591,0.6120431028036405,1.0,1,0.5974439357582707,70
3773,3,9487,9487,0,0,0,0,0.839360229491029,0.6476288904964507,0.839360229491029,0.6476288904964507,1.0,1,0.6128274280416224,68
3774,3,9490,9490,0,0,0,0,0.8226863335067889,0.6232084587019264,0.8226863335067889,0.6232084587019264,1.0,1,0.6272483915682014,68
3775,1,9491,9491,0,0,0,0,0.8203030595313259,0.6181440015040677,0.8203030595313259,0.6181440015040677,1.0,1,0.6085047883683442,68
3776,4,9495,9495,0,0,0,0,0.8569670337689601,0.6744766975431506,0.8569670337689601,0.6744766975431506,1.0,1,0.6344251128209314,66
3777,4,9499,9499,0,0,0,0,0.8825916261580994,0.7173502111213506,0.8825916261580994,0.7173502111213506,1.0,1,0.6266671696615357,65
3778,4,9503,9503,0,0,0,0,0.9181092904040677,0.787084155050576,0.9181092904040677,0.787084155050576,1.0,1,0.6095912231812943,65
3779,6,9509,9509,0,0,0,0,0.9347005221477817,0.8231472474835752,0.9347005221477817,0.8231472474835752,1.0,1,0.5787560956800352,65
3780,5,9514,9514,0,0,0,0,0.9891672249594753,0.9669858284479246,0.9891672249594753,0.9669858284479246,1.0,1,0.572697026926104,64
3781,5,9519,9519,0,0,0,0,1.0,1.0,1.0,1.0,1.0,1,0.5595686211303682,64
3782,4,9523,9523,0,0,0,0,0.9871222758219271,0.9589139276223386,0.9871222758219271,0.9589139276223386,1.0,1,0.577725490438431,67
3783,3,9526,9526,0,0,0,0,0.9979771317177967,0.993425678082839,0.9979771317177967,0.993425678082839,1.0,1,0.5919673293229379,65
3784,3,9529,9529,0,0,0,0,0.9820477450669699,0.9444334966358592,0.9820477450669699,0.9444334966358592,1.0,1,0.600256805801494,65
3785,4,9533,9533,0,0,0,0,0.963481087575807,0.895423114421629,0.963481087575807,0.895423114421629,1.0,1,0.6345048572440664,63
3786,0,9533,9533,0,0,0,0,0.9507488242003231,0.858670539009623,0.9507488242003231,0.858670539009623,1.0,1,0.6263399189484388,66
3787,2,9535,9535,0,0,0,0,0.9499911138034051,0.858670539009623,0.9499911138034051,0.858670539009623,1.0,1,0.6368749294711337,65
3788,4,9539,9539,0,0,0,0,0.9151939258605998,0.7795042072375595,0.9151939258605998,0.7795042072375595,1.0,1,0.6228828596576333,65
3789,2,9541,9541,0,0,0,0,0.9043175698793725,0.7607939246984313,0.9043175698793725,0.7607939246984313,1.0,1,0.622701267924692,65
3790,3,9544,9544,0,0,0,0,0.8900102904620405,0.7392836514655775,0.8900102904620405,0.7392836514655775,1.0,1,0.6325076042367163,64
3791,2,9546,9546,0,0,0,0,0.8900102904620405,0.7392836514655775,0.8900102904620405,0.7392836514655775,1.0,1,0.6112718767063352,64
3792,3,9549,9549,0,0,0,0,0.8917024398395476,0.7392836514655775,0.8917024398395476,0.7392836514655775,1.0,1,0.5933882771281996,65
3793,6,9555,9555,0,0,0,0,0.8500642298288976,0.6601455876121679,0.8500642298288976,0.6601455876121679,1.0,1,0.5690455979642347,68
3794,3,9558,9558,0,0,0,0,0.8500642298288977,0.6601455876121679,0.8500642298288977,0.6601455876121679,1.0,1,0.564277246432672,68
3795,1,9559,9559,0,0,0,0,0.8522372120052903,0.6601455876121679,0.8522372120052903,0.6601455876121679,1.0,1,0.5462048104620796,69
3796,3,9562,9562,0,0,0,0,0.8522372120052903,0.6601455876121679,0.8522372120052903,0.6601455876121679,1.0,1,0.5382333885835703,69
3797,2,9564,9564,0,0,0,0,0.8275836553307351,0.6228392460359832,0.8275836553307351,0.6228392460359832,1.0,1,0.5373819749995311,70
3798,1,9565,9565,0,0,0,0,0.8275836553307351,0.6228392460359832,0.8275836553307351,0.6228392460359832,1.0,1,0.5460699002701161,70
3799,1,9566,9566,0,0,0,0,0.8250848677268329,0.6228392460359832,0.8250848677268329,0.6228392460359832,1.0,1,0.5587462877415278,69
3800,3,9569,9569,0,0,0,0,0.8250848677268329,0.6228392460359832,0.8250848677268329,0.6228392460359832,1.0,1,0.5646535122923705,69
3801,4,9573,9573,0,0,0,0,0.8478704936186634,0.660244102415015,0.8478704936186634,0.660244102415015,1.0,1,0.6100399682590764,67
3802,4,9577,9577,0,0,0,0,0.8478704936186634,0.660244102415015,0.8478704936186634,0.660244102415015,1.0,1,0.6289389836443879,67
3803,5,9582,9582,0,0,0,0,0.863555061808551,0.7077303829631557,0.863555061808551,0.7077303829631557,1.0,1,0.6358849855783151,69
3804,7,9589,9589,0,0,0,0,0.8862475906252065,0.7156189765630162,0.8862475906252065,0.7156189765630162,1.0,1,0.6120401155206179,70
3805,3,9592,9592,0,0,0,0,0.9008589795634924,0.7392958351484429,0.9008589795634924,0.7392958351484429,1.0,1,0.6005159740173656,71
3806,5,9597,9597,0,0,0,0,0.9128058930608237,0.7618930156660961,0.9128058930608237,0.7618930156660961,1.0,1,0.5871715752631975,71
3807,5,9602,9602,0,0,0,0,0.9459288187340034,0.8377864562020102,0.9459288187340034,0.8377864562020102,1.0,1,0.5694223602590845,72
3808,2,9604,9604,0,0,0,0,0.9629868144426887,0.8841326365162429,0.9629868144426887,0.8841326365162429,1.0,1,0.5683581621162066,72
3809,1,9605,9605,0,0,0,0,0.9629868144426885,0.8841326365162429,0.9629868144426885,0.8841326365162429,1.0,1,0.5662000721827288,72
3810,2,9607,9607,0,0,0,0,0.9761308105723104,0.9218826527821063,0.9761308105723104,0.9218826527821063,1.0,1,0.5793073579568384,72
3811,0,9607,9607,0,0,0,0,1.0,1.0,1.0,1.0,1.0,1,0.5626130120721302,71
3812,1,9608,9608,0,0,0,0,0.9917953077111279,0.9718696264381524,0.9917953077111279,0.9718696264381524,1.0,1,0.5642782901916219,72
3813,1,9609,9609,0,0,0,0,1.0,1.0,1.0,1.0,1.0,1,0.5665859504261566,71
3814,1,9610,9610,0,0,0,0,1.0,1.0,1.0,1.0,1.0,1,0.5783220458505328,72
3815,1,9611,9611,0,0,0,0,1.0,1.0,1.0,1.0,1.0,1,0.5622389276956132,71
3816,2,9613,9613,0,0,0,0,1.0,1.0,1.0,1.0,1.0,1,0.5797441278740191,69
3817,2,9615,9615,0,0,0,0,0.9918994321910094,0.9734890508069395,0.9918994321910094,0.9734890508069395,1.0,1,0.5690824862090582,72
3818,2,9617,9617,0,0,0,0,0.9918994321910092,0.9734890508069395,0.9918994321910092,0.9734890508069395,1.0,1,0.5746044480142773,72
3819,5,9622,9622,0,0,0,0,0.981394436902224,0.9639828732955934,0.981394436902224,0.9639828732955934,1.0,1,0.5639756935190744,72
3820,2,9624,9624,0,0,0,0,0.9646160259505306,0.9107088523038884,0.9646160259505306,0.9107088523038884,1.0,1,0.5623144434143017,72
3821,2,9626,9626,0,0,0,0,0.9646160259505306,0.9107088523038884,0.9646160259505306,0.9107088523038884,1.0,1,0.5581738234477202,72
3822,2,9628,9628,0,0,0,0,0.9884998758106462,0.9734890508069395,0.9884998758106462,0.9734890508069395,1.0,1,0.5651487279559535,69
3823,2,9630,9630,0,0,0,0,0.9884998758106462,0.9734890508069395,0.9884998758106462,0.9734890508069395,1.0,1,0.5625567617669341,69
3824,2,9632,9632,0,0,0,0,1.0,1.0,1.0,1.0,1.0,1,0.5855598052154067,65
3825,4,9636,9636,0,0,0,0,1.0,1.0,1.0,1.0,1.0,1,0.5813021695360591,64
3826,1,9637,9637,0,0,0,0,1.0,1.0,1.0,1.0,1.0,1,0.5872652241118815,65
3827,5,9642,9642,0,0,0,0,1.0,1.0,1.0,1.0,1.0,1,0.5778530303544621,64
3828,1,9643,9643,0,0,0,0,1.0,1.0,1.0,1.0,1.0,1,0.5626941408332771,65
3829,6,9649,9649,0,0,0,0,0.9964547880985295,0.9884780613202209,0.9964547880985295,0.9884780613202209,1.0,1,0.5719818206552085,65
3830,3,9652,9652,0,0,0,0,0.996399394162569,0.9884780613202209,0.996399394162569,0.9884780613202209,1.0,1,0.5720948802528065,64
3831,2,9654,9654,0,0,0,0,0.996342241688959,0.9884780613202209,0.996342241688959,0.9884780613202209,1.0,1,0.5770426719684513,63
3832,7,9661,9661,0,0,0,0,0.9971579115524141,0.9909053169677251,0.9971579115524141,0.9909053169677251,1.0,1,0.5806774075069076,64
3833,3,9664,9664,0,0,0,0,1.0,1.0,1.0,1.0,1.0,1,0.5719478320104231,64
3834,4,9668,9668,0,0,0,0,1.0,1.0,1.0,1.0,1.0,1,0.5780799677069993,63
3835,7,9675,9675,0,0,0,0,1.0,1.0,1.0,1.0,1.0,1,0.5765138590683054,63
3836,5,9680,9680,0,0,0,0,1.0,1.0,1.0,1.0,1.0,1,0.5556842797554065,63
3837,4,9684,9684,0,0,0,0,1.0,1.0,1.0,1.0,1.0,1,0.5591171381824154,62
3838,4,9688,9688,0,0,0,0,1.0,1.0,1.0,1.0,1.0,1,0.5694424281547993,62
3839,6,9694,9694,0,0,0,0,1.0,1.0,1.0,1.0,1.0,1,0.5696682641008519,60
3840,1,9695,9695,0,0,0,0,1.0,1.0,1.0,1.0,1.0,1,0.5534735106002637,62
3841,3,9698,9698,0,0,0,0,0.9953434317424193,0.9868769440013636,0.9953434317424193,0.9868769440013636,1.0,1,0.572920628395146,62
3842,2,9700,9700,0,0,0,0,0.9643889135076233,0.9065208979575112,0.9643889135076233,0.9065208979575112,1.0,1,0.5492253942646578,63
3843,3,9703,9703,0,0,0,0,0.9937820180392755,0.981911325205165,0.9937820180392755,0.981911325205165,1.0,1,0.5537510545052743,64
3844,2,9705,9705,0,0,0,0,0.9938776793002098,0.981911325205165,0.9938776793002098,0.981911325205165,1.0,1,0.5637700281469996,65
3845,3,9708,9708,0,0,0,0,0.9956521844245161,0.986956553273548,0.9956521844245161,0.986956553273548,1.0,1,0.5744314514680502,66
3846,3,9711,9711,0,0,0,0,1.0,1.0,1.0,1.0,1.0,1,0.5657143223977802,67
3847,4,9715,9715,0,0,0,0,0.9761599092929568,0.9305527792447001,0.9761599092929568,0.9305527792447001,1.0,1,0.5885198637569968,67
3848,6,9721,9721,0,0,0,0,0.9433549014953367,0.8481911360075025,0.9433549014953367,0.8481911360075025,1.0,1,0.5759752900405434,67
3849,3,9724,9724,0,0,0,0,0.9273603568824874,0.8128132273510255,0.9273603568824874,0.8128132273510255,1.0,1,0.6021416418449617,67
3850,7,9731,9731,0,0,0,0,0.9809994007336061,0.9438243152124012,0.9809994007336061,0.9438243152124012,1.0,1,0.5904097715693627,68
3851,3,9734,9734,0,0,0,0,0.9931624427131598,0.9788657320224936,0.9931624427131598,0.9788657320224936,1.0,1,0.5884847964625155,68
3852,2,9736,9736,0,0,0,0,0.9824705443523432,0.9584407395393609,0.9824705443523432,0.9584407395393609,1.0,1,0.5945606313546041,70
3853,2,9738,9738,0,0,0,0,0.9841848856636801,0.9518670433242434,0.9841848856636801,0.9518670433242434,1.0,1,0.5924571262546017,70
3854,2,9740,9740,0,0,0,0,0.9968902608070985,0.990105375295313,0.9968902608070985,0.990105375295313,1.0,1,0.5902154653041446,70
3855,3,9743,9743,0,0,0,0,1.0,1.0,1.0,1.0,1.0,1,0.5827583485986195,69
3856,0,9743,9743,0,0,0,0,1.0,1.0,1.0,1.0,1.0,1,0.5685857769488635,70
3857,1,9744,9744,0,0,0,0,1.0,1.0,1.0,1.0,1.0,1,0.5780714475316658,68
3858,3,9747,9747,0,0,0,0,1.0,1.0,1.0,1.0,1.0,1,0.5682961200844934,67
3859,3,9750,9750,0,0,0,0,1.0,1.0,1.0,1.0,1.0,1,0.5568480614015202,66
3860,2,9752,9752,0,0,0,0,1.0,1.0,1.0,1.0,1.0,1,0.5547226606315641,66
3861,5,9757,9757,0,0,0,0,1.0,1.0,1.0,1.0,1.0,1,0.5563274272479175,66
3862,1,9758,9758,0,0,0,0,1.0,1.0,1.0,1.0,1.0,1,0.56053981151731,66
3863,7,9765,9765,0,0,0,0,1.0,1.0,1.0,1.0,1.0,1,0.5970622423596817,63
3864,1,9766,9766,0,0,0,0,1.0,1.0,1.0,1.0,1.0,1,0.6014280810762327,63
3865,2,9768,9768,0,0,0,0,1.0,1.0,1.0,1.0,1.0,1,0.6049217279605922,61
3866,3,9771,9771,0,0,0,0,0.995093361046457,0.986395228356085,0.995093361046457,0.986395228356085,1.0,1,0.6119215238869483,61
3867,1,9772,9772,0,0,0,0,0.9950115837305644,0.986395228356085,0.9950115837305644,0.986395228356085,1.0,1,0.6053943394046671,60
3868,2,9774,9774,0,0,0,0,0.994927034302269,0.986395228356085,0.994927034302269,0.986395228356085,1.0,1,0.6009895754544058,59
3869,0,9774,9774,0,0,0,0,0.995093361046457,0.986395228356085,0.995093361046457,0.986395228356085,1.0,1,0.5888848094612132,61
3870,2,9776,9776,0,0,0,0,0.9826577495016289,0.9540053356347549,0.9826577495016289,0.9540053356347549,1.0,1,0.6078206452477222,61
3871,3,9779,9779,0,0,0,0,0.9658283935662398,0.9088757161766394,0.9658283935662398,0.9088757161766394,1.0,1,0.6165023485925368,64
3872,0,9779,9779,0,0,0,0,0.9652859871149103,0.9088757161766394,0.9652859871149103,0.9088757161766394,1.0,1,0.6231786104919682,63
3873,3,9782,9782,0,0,0,0,0.9759294998047253,0.9351143038214336,0.9759294998047253,0.9351143038214336,1.0,1,0.6433840863132636,62
3874,0,9782,9782,0,0,0,0,0.9763115712363963,0.9351143038214336,0.9763115712363963,0.9351143038214336,1.0,1,0.6378446762472316,63
3875,1,9783,9783,0,0,0,0,0.9755349014408685,0.9351143038214336,0.9755349014408685,0.9351143038214336,1.0,1,0.6408790253520318,61
3876,1,9784,9784,0,0,0,0,0.9759294998047253,0.9351143038214336,0.9759294998047253,0.9351143038214336,1.0,1,0.6245805628503004,62
3877,2,9786,9786,0,0,0,0,0.9582458091452797,0.8903952490063591,0.9582458091452797,0.8903952490063591,1.0,1,0.6456189624524676,63
3878,3,9789,9789,0,0,0,0,0.9704981397716971,0.9191905567659526,0.9704981397716971,0.9191905567659526,1.0,1,0.641736030462525,63
3879,0,9789,9789,0,0,0,0,0.9704981397716971,0.9191905567659526,0.9704981397716971,0.9191905567659526,1.0,1,0.641736030462525,63
3880,5,9794,9794,0,0,0,0,0.9714058893171833,0.9191905567659526,0.9714058893171833,0.9191905567659526,1.0,1,0.6350816685863325,65
3881,1,9795,9795,0,0,0,0,0.9714058893171832,0.9191905567659526,0.9714058893171832,0.9191905567659526,1.0,1,0.6376210750424497,65
3882,2,9797,9797,0,0,0,0,0.9718391334184381,0.9191905567659526,0.9718391334184381,0.9191905567659526,1.0,1,0.6374543789605541,66
3883,3,9800,9800,0,0,0,0,0.9718391334184381,0.9191905567659526,0.9718391334184381,0.9191905567659526,1.0,1,0.641540702161245,66
3884,2,9802,9802,0,0,0,0,0.9718391334184381,0.9191905567659526,0.9718391334184381,0.9191905567659526,1.0,1,0.6328454627640946,66
3885,3,9805,9805,0,0,0,0,0.9718391334184381,0.9191905567659526,0.9718391334184381,0.9191905567659526,1.0,1,0.6372932406344101,66
3886,0,9805,9805,0,0,0,0,0.9714058893171833,0.9191905567659526,0.9714058893171833,0.9191905567659526,1.0,1,0.6409113859409482,65
3887,1,9806,9806,0,0,0,0,0.9714058893171833,0.9191905567659526,0.9714058893171833,0.9191905567659526,1.0,1,0.6342531889914165,65
3888,2,9808,9808,0,0,0,0,0.9718391334184381,0.9191905567659526,0.9718391334184381,0.9191905567659526,1.0,1,0.6197495898806641,66
3889,2,9810,9810,0,0,0,0,0.9872033207142545,0.962773296623286,0.9872033207142545,0.962773296623286,1.0,1,0.6112128886038245,64
3890,2,9812,9812,0,0,0,0,0.9743886811295368,0.9298472570069919,0.9743886811295368,0.9298472570069919,1.0,1,0.60394623839069,63
3891,3,9815,9815,0,0,0,0,0.9871192258239903,0.9613576774719713,0.9871192258239903,0.9613576774719713,1.0,1,0.5743217123578587,66
3892,3,9818,9818,0,0,0,0,0.9737318322024568,0.9234796851115048,0.9737318322024568,0.9234796851115048,1.0,1,0.570601527033985,67
3893,3,9821,9821,0,0,0,0,0.9853161473444944,0.9559484420334831,0.9853161473444944,0.9559484420334831,1.0,1,0.554064408183102,66
3894,2,9823,9823,0,0,0,0,0.9680514299963128,0.9069324265109976,0.9680514299963128,0.9069324265109976,1.0,1,0.5603298621799105,67
3895,6,9829,9829,0,0,0,0,0.958610174140295,0.8812291953591074,0.958610174140295,0.8812291953591074,1.0,1,0.5499965190219699,66
3896,1,9830,9830,0,0,0,0,0.958610174140295,0.8812291953591074,0.958610174140295,0.8812291953591074,1.0,1,0.5414580631206067,66
3897,1,9831,9831,0,0,0,0,0.9579734075886073,0.8812291953591074,0.9579734075886073,0.8812291953591074,1.0,1,0.5545752350137237,65
3898,5,9836,9836,0,0,0,0,0.9748133024947072,0.925584757370726,0.9748133024947072,0.925584757370726,1.0,1,0.5804592436136262,65
3899,2,9838,9838,0,0,0,0,0.9922937363122807,0.9765142439993317,0.9922937363122807,0.9765142439993317,1.0,1,0.5742906376127251,64
3900,6,9844,9844,0,0,0,0,0.9502655987663009,0.8694471967615399,0.9502655987663009,0.8694471967615399,1.0,1,0.6026942639611257,63
3901,4,9848,9848,0,0,0,0,0.9502655987663009,0.8694471967615399,0.9502655987663009,0.8694471967615399,1.0,1,0.6084624593347352,63
3902,1,9849,9849,0,0,0,0,0.9510426987855775,0.8694471967615399,0.9510426987855775,0.8694471967615399,1.0,1,0.6217077896101662,64
3903,6,9855,9855,0,0,0,0,0.9840704558466373,0.9536595079174904,0.9840704558466373,0.9536595079174904,1.0,1,0.6045531532800448,64
3904,0,9855,9855,0,0,0,0,0.9838176059394411,0.9536595079174904,0.9838176059394411,0.9536595079174904,1.0,1,0.6107382431339308,63
3905,4,9859,9859,0,0,0,0,0.9939125098232607,0.9817375294697822,0.9939125098232607,0.9817375294697822,1.0,1,0.5926083039782376,63
3906,4,9863,9863,0,0,0,0,0.9940076268572724,0.9817375294697822,0.9940076268572724,0.9817375294697822,1.0,1,0.5856546336297005,64
3907,2,9865,9865,0,0,0,0,1.0,1.0,1.0,1.0,1.0,1,0.5986451630994412,64
3908,5,9870,9870,0,0,0,0,1.0,1.0,1.0,1.0,1.0,1,0.6001948315376507,63
3909,4,9874,9874,0,0,0,0,1.0,1.0,1.0,1.0,1.0,1,0.6121886429605209,62
3910,2,9876,9876,0,0,0,0,1.0,1.0,1.0,1.0,1.0,1,0.6243427492257733,62
3911,3,9879,9879,0,0,0,0,0.9858719438610041,0.956943067004965,0.9858719438610041,0.956943067004965,1.0,1,0.6347834580515037,64
3912,0,9879,9879,0,0,0,0,0.9858719438610042,0.956943067004965,0.9858719438610042,0.956943067004965,1.0,1,0.6347834580515037,64
3913,4,9883,9883,0,0,0,0,0.9753966248767112,0.9452023335519011,0.9753966248767112,0.9452023335519011,1.0,1,0.6412140948914054,65
3914,0,9883,9883,0,0,0,0,0.9650543273369641,0.9452023335519011,0.9650543273369641,0.9452023335519011,1.0,1,0.6519323230598907,65
3915,4,9887,9887,0,0,0,0,0.9517330514368294,0.9011853061996512,0.9517330514368294,0.9011853061996512,1.0,1,0.6477654770610632,66
3916,2,9889,9889,0,0,0,0,0.9317972727044214,0.9011853061996512,0.9317972727044214,0.9011853061996512,1.0,1,0.6489290169411237,66
3917,1,9890,9890,0,0,0,0,0.9317972727044213,0.9011853061996512,0.9317972727044213,0.9011853061996512,1.0,1,0.6453847680298926,66
3918,2,9892,9892,0,0,0,0,0.9352645995620468,0.86279772503538,0.9352645995620468,0.86279772503538,1.0,1,0.6447475730104224,67
3919,2,9894,9894,0,0,0,0,0.9534740204534619,0.9078543748272778,0.9534740204534619,0.9078543748272778,1.0,1,0.6286634414778678,68
3920,2,9896,9896,0,0,0,0,0.9657494677243695,0.9078543748272778,0.9657494677243695,0.9078543748272778,1.0,1,0.6035039610301561,69
3921,2,9898,9898,0,0,0,0,0.9516935276284926,0.8732957177826409,0.9516935276284926,0.8732957177826409,1.0,1,0.607654261797538,68
3922,1,9899,9899,0,0,0,0,0.9516935276284926,0.8732957177826409,0.9516935276284926,0.8732957177826409,1.0,1,0.5982485594980641,68
3923,1,9900,9900,0,0,0,0,0.9420845959095868,0.8401534847104596,0.9420845959095868,0.8401534847104596,1.0,1,0.5959486272110869,69
3924,0,9900,9900,0,0,0,0,0.9420845959095868,0.8401534847104596,0.9420845959095868,0.8401534847104596,1.0,1,0.5897057711253743,69
3925,5,9905,9905,0,0,0,0,0.9580625518988826,0.9091077830907348,0.9580625518988826,0.9091077830907348,1.0,1,0.5972769923093274,67
3926,3,9908,9908,0,0,0,0,0.9599691063859499,0.9091077830907348,0.9599691063859499,0.9091077830907348,1.0,1,0.6071225954568169,67
3927,2,9910,9910,0,0,0,0,0.9714787256926588,0.9426211842386848,0.9714787256926588,0.9426211842386848,1.0,1,0.6289425586013269,65
3928,2,9912,9912,0,0,0,0,0.9610018021747495,0.9155072184603028,0.9610018021747495,0.9155072184603028,1.0,1,0.6375694718994744,65
3929,2,9914,9914,0,0,0,0,0.9856100850182508,0.9718310055605596,0.9856100850182508,0.9718310055605596,1.0,1,0.642163448711302,64
3930,3,9917,9917,0,0,0,0,0.9845796650558061,0.9530046935034091,0.9845796650558061,0.9530046935034091,1.0,1,0.6392677970513284,64
3931,2,9919,9919,0,0,0,0,1.0,1.0,1.0,1.0,1.0,1,0.6400490233246917,62
3932,1,9920,9920,0,0,0,0,1.0,1.0,1.0,1.0,1.0,1,0.6322838002315554,62
3933,1,9921,9921,0,0,0,0,1.0,1.0,1.0,1.0,1.0,1,0.6266608539463903,62
3934,6,9927,9927,0,0,0,0,1.0,1.0,1.0,1.0,1.0,1,0.6187616530939088,61
3935,1,9928,9928,0,0,0,0,1.0,1.0,1.0,1.0,1.0,1,0.6120001447823095,64
3936,4,9932,9932,0,0,0,0,0.9920758450360954,0.9754728536831521,0.9920758450360954,0.9754728536831521,1.0,1,0.6177698936768178,65
3937,4,9936,9936,0,0,0,0,0.9663548751401188,0.9034531199672973,0.9663548751401188,0.9034531199672973,1.0,1,0.6138627394594881,66
3938,1,9937,9937,0,0,0,0,0.9663548751401188,0.9034531199672973,0.9663548751401188,0.9034531199672973,1.0,1,0.6107257437746259,66
3939,3,9940,9940,0,0,0,0,0.9531767393988023,0.8692850641549896,0.9531767393988023,0.8692850641549896,1.0,1,0.5994194110222245,67
3940,6,9946,9946,0,0,0,0,0.9545339353582573,0.8692850641549896,0.9545339353582573,0.8692850641549896,1.0,1,0.5986716016082435,69
3941,1,9947,9947,0,0,0,0,0.9545339353582573,0.8692850641549896,0.9545339353582573,0.8692850641549896,1.0,1,0.586493763617939,69
3942,4,9951,9951,0,0,0,0,0.954533935358257,0.8692850641549896,0.954533935358257,0.8692850641549896,1.0,1,0.5903975209933741,69
3943,3,9954,9954,0,0,0,0,0.9712634566640648,0.9150397849198435,0.9712634566640648,0.9150397849198435,1.0,1,0.5790184219487784,68
3944,4,9958,9958,0,0,0,0,0.9534901918076056,0.8682222101215491,0.9534901918076056,0.8682222101215491,1.0,1,0.586663606531518,68
3945,5,9963,9963,0,0,0,0,0.9817155674050816,0.9443155916427481,0.9817155674050816,0.9443155916427481,1.0,1,0.6016544232096305,67
3946,3,9966,9966,0,0,0,0,0.9666291212618999,0.9027891793281431,0.9666291212618999,0.9027891793281431,1.0,1,0.5898091807086072,67
3947,4,9970,9970,0,0,0,0,0.9506670799229032,0.9169928765977047,0.9506670799229032,0.9169928765977047,1.0,1,0.6074842392301182,66
3948,1,9971,9971,0,0,0,0,0.9350485161103474,0.8938006268541769,0.9350485161103474,0.8938006268541769,1.0,1,0.6001561920602613,67
3949,5,9976,9976,0,0,0,0,0.9522146394029287,0.8750810447262014,0.9522146394029287,0.8750810447262014,1.0,1,0.5973957244595093,66
3950,1,9977,9977,0,0,0,0,0.9404108004881097,0.8750810447262014,0.9404108004881097,0.8750810447262014,1.0,1,0.6064548635610063,65
3951,7,9984,9984,0,0,0,0,0.915634747442112,0.8750810447262014,0.915634747442112,0.8750810447262014,1.0,1,0.5893055328340123,65
3952,4,9988,9988,0,0,0,0,0.9287965766542647,0.8750810447262014,0.9287965766542647,0.8750810447262014,1.0,1,0.5873748977843624,65
3953,2,9990,9990,0,0,0,0,0.9447940054085919,0.8750810447262014,0.9447940054085919,0.8750810447262014,1.0,1,0.5866560195113512,65
3954,2,9992,9992,0,0,0,0,0.9531553917723256,0.8750810447262014,0.9531553917723256,0.8750810447262014,1.0,1,0.5984937385472228,64
3955,0,9992,9992,0,0,0,0,0.9418901992395933,0.8512389100533587,0.9418901992395933,0.8512389100533587,1.0,1,0.617118587903396,64
3956,3,9995,9995,0,0,0,0,0.9409678214497456,0.8512389100533587,0.9409678214497456,0.8512389100533587,1.0,1,0.6142388805555795,63
3957,2,9997,9997,0,0,0,0,0.9409678214497454,0.8512389100533587,0.9409678214497454,0.8512389100533587,1.0,1,0.632949550019461,63
3958,3,10000,10000,0,0,0,0,0.9619879307457778,0.900218318207667,0.9619879307457778,0.900218318207667,1.0,1,0.6241624777477688,63
3959,4,10004,10004,0,0,0,0,1.0,1.0,1.0,1.0,1.0,1,0.6150467434918019,62
3960,3,10007,10007,0,0,0,0,0.9994748840478513,0.9985201277712172,0.9994748840478513,0.9985201277712172,1.0,1,0.6096790577693278,62
3961,5,10012,10012,0,0,0,0,0.9887663347079912,0.9657640676814971,0.9887663347079912,0.9657640676814971,1.0,1,0.60840138483584,64
3962,4,10016,10016,0,0,0,0,0.9518879728699047,0.8661230549423434,0.9518879728699047,0.8661230549423434,1.0,1,0.6062825678692154,64
3963,6,10022,10022,0,0,0,0,0.9692517477124682,0.9133458344624104,0.9692517477124682,0.9133458344624104,1.0,1,0.6062070418403864,62
3964,1,10023,10023,0,0,0,0,0.9586069191811206,0.8866189525395911,0.9586069191811206,0.8866189525395911,1.0,1,0.6001164351553848,63
3965,4,10027,10027,0,0,0,0,0.9712809002773085,0.9177589417032016,0.9712809002773085,0.9177589417032016,1.0,1,0.5883312737926001,63
3966,1,10028,10028,0,0,0,0,0.988261099770749,0.9653422945612592,0.988261099770749,0.9653422945612592,1.0,1,0.5913007165845675,62
3967,1,10029,10029,0,0,0,0,0.9537193154961864,0.8712189648589534,0.9537193154961864,0.8712189648589534,1.0,1,0.5779281142755075,64
3968,2,10031,10031,0,0,0,0,0.9636350709871734,0.8958640669178148,0.9636350709871734,0.8958640669178148,1.0,1,0.5913102677394683,63
3969,1,10032,10032,0,0,0,0,0.9497604379964211,0.8623872866858487,0.9497604379964211,0.8623872866858487,1.0,1,0.5841970919513804,63
3970,1,10033,10033,0,0,0,0,0.9350370410510058,0.824058652846474,0.9350370410510058,0.824058652846474,1.0,1,0.5641954331002237,65
3971,4,10037,10037,0,0,0,0,0.9350370410510058,0.824058652846474,0.9350370410510058,0.824058652846474,1.0,1,0.5586195018845647,65
3972,1,10038,10038,0,0,0,0,0.9467159249157558,0.8470978714973864,0.9467159249157558,0.8470978714973864,1.0,1,0.5464126544403622,66
3973,4,10042,10042,0,0,0,0,0.9651961078660592,0.8955883235981776,0.9651961078660592,0.8955883235981776,1.0,1,0.5474766885039465,66
3974,5,10047,10047,0,0,0,0,1.0,1.0,1.0,1.0,1.0,1,0.5332673097506537,66
3975,1,10048,10048,0,0,0,0,1.0,1.0,1.0,1.0,1.0,1,0.5360777998286892,66
3976,5,10053,10053,0,0,0,0,1.0,1.0,1.0,1.0,1.0,1,0.5502209984559772,66
3977,0,10053,10053,0,0,0,0,1.0,1.0,1.0,1.0,1.0,1,0.546231581589011,64
3978,2,10055,10055,0,0,0,0,1.0,1.0,1.0,1.0,1.0,1,0.5478884418401311,63
3979,5,10060,10060,0,0,0,0,1.0,1.0,1.0,1.0,1.0,1,0.5665020209291742,63
3980,2,10062,10062,0,0,0,0,1.0,1.0,1.0,1.0,1.0,1,0.5610620807569328,63
3981,3,10065,10065,0,0,0,0,1.0,1.0,1.0,1.0,1.0,1,0.5641218278982787,64
3982,2,10067,10067,0,0,0,0,1.0,1.0,1.0,1.0,1.0,1,0.5645782337480634,65
3983,2,10069,10069,0,0,0,0,1.0,1.0,1.0,1.0,1.0,1,0.5703200171311545,64
3984,5,10074,10074,0,0,0,0,1.0,1.0,1.0,1.0,1.0,1,0.5733574718087883,65
3985,4,10078,10078,0,0,0,0,1.0,1.0,1.0,1.0,1.0,1,0.5761590068899954,64
3986,6,10084,10084,0,0,0,0,0.9904153320147714,0.9698082958465298,0.9904153320147714,0.9698082958465298,1.0,1,0.6077873680921594,63
3987,8,10092,10092,0,0,0,0,0.9639638936680475,0.8968056955039541,0.9639638936680475,0.8968056955039541,1.0,1,0.6161970589018524,63
3988,4,10096,10096,0,0,0,0,0.9639063846623321,0.8968056955039541,0.9639063846623321,0.8968056955039541,1.0,1,0.6255781301527349,63
3989,1,10097,10097,0,0,0,0,0.9386754136305736,0.8390229607802557,0.9386754136305736,0.8390229607802557,1.0,1,0.6370886646910285,63
3990,2,10099,10099,0,0,0,0,0.9213752738214886,0.8050106790772917,0.9213752738214886,0.8050106790772917,1.0,1,0.6488388656403584,62
3991,2,10101,10101,0,0,0,0,0.9213752738214886,0.8050106790772917,0.9213752738214886,0.8050106790772917,1.0,1,0.6531201876246271,62
3992,1,10102,10102,0,0,0,0,0.9250041073374199,0.8050106790772917,0.9250041073374199,0.8050106790772917,1.0,1,0.6205237050292548,65
3993,2,10104,10104,0,0,0,0,0.9421768686355461,0.8433956858879376,0.9421768686355461,0.8433956858879376,1.0,1,0.6085111617101077,65
3994,0,10104,10104,0,0,0,0,0.9412733822079766,0.8433956858879376,0.9412733822079766,0.8433956858879376,1.0,1,0.6141449094011636,64
3995,1,10105,10105,0,0,0,0,0.9412733822079766,0.8433956858879376,0.9412733822079766,0.8433956858879376,1.0,1,0.6056571559293503,64
3996,2,10107,10107,0,0,0,0,0.9410425013284803,0.8354103162086741,0.9410425013284803,0.8354103162086741,1.0,1,0.5817938293880468,67
3997,0,10107,10107,0,0,0,0,0.9427514143334519,0.8354103162086741,0.9427514143334519,0.8354103162086741,1.0,1,0.569196186442462,69
3998,2,10109,10109,0,0,0,0,0.9599131721568206,0.8797395164704618,0.9599131721568206,0.8797395164704618,1.0,1,0.5883555464145517,69
3999,2,10111,10111,0,0,0,0,0.9599131721568206,0.8797395164704618,0.9599131721568206,0.8797395164704618,1.0,1,0.5759212598941164,69
4000,1,10112,10112,0,0,0,0,0.9599131721568206,0.8797395164704618,0.9599131721568206,0.8797395164704618,1.0,1,0.5775517247397489,69
4001,2,10114,10114,0,0,0,0,0.9593236599826561,0.8797395164704618,0.9593236599826561,0.8797395164704618,1.0,1,0.5774636797145629,68
4002,2,10116,10116,0,0,0,0,0.948416098789269,0.8538456132362622,0.948416098789269,0.8538456132362622,1.0,1,0.5806538440142492,68
4003,2,10118,10118,0,0,0,0,0.9645071202599849,0.895064529464303,0.9645071202599849,0.895064529464303,1.0,1,0.5829866590355467,68
4004,4,10122,10122,0,0,0,0,0.9808997605491401,0.9418310889451084,0.9808997605491401,0.9418310889451084,1.0,1,0.5907875498550987,67
4005,2,10124,10124,0,0,0,0,0.994884918235771,0.9836804534188879,0.994884918235771,0.9836804534188879,1.0,1,0.583260001895977,67
4006,7,10131,10131,0,0,0,0,1.0,1.0,1.0,1.0,1.0,1,0.5599487371092446,67
4007,2,10133,10133,0,0,0,0,1.0,1.0,1.0,1.0,1.0,1,0.5594866008382928,67
4008,4,10137,10137,0,0,0,0,0.9938847492226323,0.9804894379960171,0.9938847492226323,0.9804894379960171,1.0,1,0.573377277277694,67
4009,3,10140,10140,0,0,0,0,1.0,1.0,1.0,1.0,1.0,1,0.560804480939431,67
4010,2,10142,10142,0,0,0,0,1.0,1.0,1.0,1.0,1.0,1,0.5478812735391755,66
4011,2,10144,10144,0,0,0,0,1.0,1.0,1.0,1.0,1.0,1,0.5417091137714006,66
4012,1,10145,10145,0,0,0,0,1.0,1.0,1.0,1.0,1.0,1,0.5267183586297445,66
4013,5,10150,10150,0,0,0,0,1.0,1.0,1.0,1.0,1.0,1,0.51049824006987,66
4014,3,10153,10153,0,0,0,0,1.0,1.0,1.0,1.0,1.0,1,0.5218142920596984,66
4015,3,10156,10156,0,0,0,0,1.0,1.0,1.0,1.0,1.0,1,0.5162796445203841,64
4016,3,10159,10159,0,0,0,0,1.0,1.0,1.0,1.0,1.0,1,0.5315581128671745,64
4017,3,10162,10162,0,0,0,0,0.968815868633408,0.9105151012958662,0.968815868633408,0.9105151012958662,1.0,1,0.528829844129641,66
4018,5,10167,10167,0,0,0,0,0.9834079841716641,0.9494697699773404,0.9834079841716641,0.9494697699773404,1.0,1,0.5742627837864893,67
4019,5,10172,10172,0,0,0,0,0.9576110920036494,0.8816642985101879,0.9576110920036494,0.8816642985101879,1.0,1,0.5567262534462105,67
4020,3,10175,10175,0,0,0,0,0.9569688358218865,0.8816642985101879,0.9569688358218865,0.8816642985101879,1.0,1,0.5811051484499236,66
4021,4,10179,10179,0,0,0,0,0.9569688358218865,0.8816642985101879,0.9569688358218865,0.8816642985101879,1.0,1,0.5751140736923473,66
4022,2,10181,10181,0,0,0,0,0.9569688358218865,0.8816642985101879,0.9569688358218865,0.8816642985101879,1.0,1,0.5714267400108282,66
4023,4,10185,10185,0,0,0,0,0.9569688358218865,0.8816642985101879,0.9569688358218865,0.8816642985101879,1.0,1,0.5780349563497605,66
4024,2,10187,10187,0,0,0,0,0.9442148932921364,0.85272731829124,0.9442148932921364,0.85272731829124,1.0,1,0.5842482891973912,66
4025,6,10193,10193,0,0,0,0,0.9555089724013155,0.8776496741036176,0.9555089724013155,0.8776496741036176,1.0,1,0.5844819666122844,66
4026,3,10196,10196,0,0,0,0,0.9555089724013155,0.8776496741036176,0.9555089724013155,0.8776496741036176,1.0,1,0.5729358546189134,66
4027,4,10200,10200,0,0,0,0,0.9868382460744322,0.9617112613074391,0.9868382460744322,0.9617112613074391,1.0,1,0.570654819476604,64
4028,3,10203,10203,0,0,0,0,0.986629329345455,0.9617112613074391,0.986629329345455,0.9617112613074391,1.0,1,0.5803547994045629,63
4029,1,10204,10204,0,0,0,0,0.9864136733671558,0.9617112613074391,0.9864136733671558,0.9617112613074391,1.0,1,0.5830532342678119,62
4030,3,10207,10207,0,0,0,0,0.9485551981162478,0.8649573950551505,0.9485551981162478,0.8649573950551505,1.0,1,0.5899200777990561,63
4031,2,10209,10209,0,0,0,0,0.9323983954864011,0.8323480208062748,0.9323983954864011,0.8323480208062748,1.0,1,0.6060299395265766,62
4032,2,10211,10211,0,0,0,0,0.9439211033240998,0.855129516920591,0.9439211033240998,0.855129516920591,1.0,1,0.5991191482416053,62
4033,3,10214,10214,0,0,0,0,0.9430017771490851,0.855129516920591,0.9430017771490851,0.855129516920591,1.0,1,0.6245912645787945,61
4034,1,10215,10215,0,0,0,0,0.9574300671737145,0.8889480013227335,0.9574300671737145,0.8889480013227335,1.0,1,0.6124664924535033,60
4035,3,10218,10218,0,0,0,0,0.9759948595494404,0.9356225778825902,0.9759948595494404,0.9356225778825902,1.0,1,0.6131545242991405,59
4036,2,10220,10220,0,0,0,0,0.9782158705826032,0.9425691133541358,0.9782158705826032,0.9425691133541358,1.0,1,0.6112781838762729,58
4037,4,10224,10224,0,0,0,0,0.989705908496268,0.9710785048228483,0.989705908496268,0.9710785048228483,1.0,1,0.5769036626425476,59
4038,0,10224,10224,0,0,0,0,0.9895284241599969,0.9710785048228483,0.9895284241599969,0.9710785048228483,1.0,1,0.5752073690623412,58
4039,6,10230,10230,0,0,0,0,1.0,1.0,1.0,1.0,1.0,1,0.5697485399813959,56
4040,3,10233,10233,0,0,0,0,1.0,1.0,1.0,1.0,1.0,1,0.5698664044821802,55
4041,2,10235,10235,0,0,0,0,1.0,1.0,1.0,1.0,1.0,1,0.5878180162000478,54
4042,6,10241,10241,0,0,0,0,0.9566650669876973,0.8944888587526544,0.9566650669876973,0.8944888587526544,1.0,1,0.5985914039955168,56
4043,2,10243,10243,0,0,0,0,0.9708463557407476,0.9257907237037212,0.9708463557407476,0.9257907237037212,1.0,1,0.6023394981499817,56
4044,4,10247,10247,0,0,0,0,0.9670523143367721,0.9197795479504016,0.9670523143367721,0.9197795479504016,1.0,1,0.6072901112427678,56
4045,1,10248,10248,0,0,0,0,0.9840264274513051,0.9586139256692908,0.9840264274513051,0.9586139256692908,1.0,1,0.594376661164058,57
4046,1,10249,10249,0,0,0,0,0.9755938481548942,0.9345471382335804,0.9755938481548942,0.9345471382335804,1.0,1,0.5930185235574106,59
4047,1,10250,10250,0,0,0,0,0.9867203713789086,0.9626905672074098,0.9867203713789086,0.9626905672074098,1.0,1,0.5912938948397138,59
4048,1,10251,10251,0,0,0,0,0.9746695431870794,0.9320683203653498,0.9746695431870794,0.9320683203653498,1.0,1,0.5931774284086228,59
4049,2,10253,10253,0,0,0,0,0.9750917174672948,0.9320683203653498,0.9750917174672948,0.9320683203653498,1.0,1,0.5998260181152695,60
4050,0,10253,10253,0,0,0,0,0.975091717467295,0.9320683203653498,0.975091717467295,0.9320683203653498,1.0,1,0.5998260181152695,60
4051,0,10253,10253,0,0,0,0,0.9750917174672948,0.9320683203653498,0.9750917174672948,0.9320683203653498,1.0,1,0.5998260181152695,60
4052,1,10254,10254,0,0,0,0,0.975091717467295,0.9320683203653498,0.975091717467295,0.9320683203653498,1.0,1,0.5930662253375124,60
4053,2,10256,10256,0,0,0,0,0.975091717467295,0.9320683203653498,0.975091717467295,0.9320683203653498,1.0,1,0.5790726622102048,60
4054,1,10257,10257,0,0,0,0,0.9755000499678311,0.9320683203653498,0.9755000499678311,0.9320683203653498,1.0,1,0.5635870986166641,61
4055,0,10257,10257,0,0,0,0,0.9755000499678311,0.9320683203653498,0.9755000499678311,0.9320683203653498,1.0,1,0.5635870986166641,61
4056,0,10257,10257,0,0,0,0,0.9758952104522209,0.9320683203653498,0.9758952104522209,0.9320683203653498,1.0,1,0.5655675215948727,62
4057,0,10257,10257,0,0,0,0,0.9642976480557868,0.9022066011962854,0.9642976480557868,0.9022066011962854,1.0,1,0.5655675215948727,63
4058,1,10258,10258,0,0,0,0,0.9478164157843572,0.8608437754249525,0.9478164157843572,0.8608437754249525,1.0,1,0.5850790837005336,64
4059,2,10260,10260,0,0,0,0,0.9469881049237914,0.8608437754249525,0.9469881049237914,0.8608437754249525,1.0,1,0.5972331393262736,63
4060,3,10263,10263,0,0,0,0,0.9469881049237914,0.8608437754249525,0.9469881049237914,0.8608437754249525,1.0,1,0.6173702638650137,63
4061,1,10264,10264,0,0,0,0,0.9469881049237914,0.8608437754249525,0.9469881049237914,0.8608437754249525,1.0,1,0.6223729376209571,63
4062,2,10266,10266,0,0,0,0,0.9389985158095123,0.8608437754249525,0.9389985158095123,0.8608437754249525,1.0,1,0.6206913579330703,65
4063,4,10270,10270,0,0,0,0,0.9478164157843572,0.8608437754249525,0.9478164157843572,0.8608437754249525,1.0,1,0.6051992334355557,64
4064,5,10275,10275,0,0,0,0,0.969157733129776,0.9285869678252784,0.969157733129776,0.9285869678252784,1.0,1,0.6132307101928025,65
4065,4,10279,10279,0,0,0,0,0.9754517701899396,0.9285869678252784,0.9754517701899396,0.9285869678252784,1.0,1,0.6062614061394872,64
4066,5,10284,10284,0,0,0,0,0.9754517701899394,0.9285869678252784,0.9754517701899394,0.9285869678252784,1.0,1,0.6126692936816904,64
4067,8,10292,10292,0,0,0,0,0.9662280902899376,0.9032895312848214,0.9662280902899376,0.9032895312848214,1.0,1,0.5984942017447724,63
4068,7,10299,10299,0,0,0,0,0.9121077915170116,0.783649948349567,0.9121077915170116,0.783649948349567,1.0,1,0.6128776145203161,64
4069,10,10309,10309,0,0,0,0,0.9086644517086673,0.7821998463822069,0.9086644517086673,0.7821998463822069,1.0,1,0.6209094138755574,62
4070,5,10314,10314,0,0,0,0,0.9220180009059615,0.8097239222105463,0.9220180009059615,0.8097239222105463,1.0,1,0.6470855224311219,61
4071,10,10324,10324,0,0,0,0,0.890613512545783,0.7528675653812132,0.890613512545783,0.7528675653812132,1.0,1,0.6545230115894691,61
4072,7,10331,10331,0,0,0,0,0.9211630217016167,0.8107912520838801,0.9211630217016167,0.8107912520838801,1.0,1,0.6215987884714633,60
4073,3,10334,10334,0,0,0,0,0.9211630217016168,0.8107912520838801,0.9211630217016168,0.8107912520838801,1.0,1,0.585827513285013,60
4074,5,10339,10339,0,0,0,0,0.9535802014046172,0.8789048732294361,0.9535802014046172,0.8789048732294361,1.0,1,0.5831487893895045,60
4075,2,10341,10341,0,0,0,0,0.9527934251572377,0.8789048732294361,0.9527934251572377,0.8789048732294361,1.0,1,0.5631711320566658,59
4076,1,10342,10342,0,0,0,0,0.9535802014046172,0.8789048732294361,0.9535802014046172,0.8789048732294361,1.0,1,0.5523175463593589,60
4077,2,10344,10344,0,0,0,0,0.9543411817094596,0.8789048732294361,0.9543411817094596,0.8789048732294361,1.0,1,0.5228520752170065,61
4078,0,10344,10344,0,0,0,0,0.9535802014046172,0.8789048732294361,0.9535802014046172,0.8789048732294361,1.0,1,0.5279837836583151,60
4079,0,10344,10344,0,0,0,0,0.9519795186944316,0.8789048732294361,0.9519795186944316,0.8789048732294361,1.0,1,0.5487303112281127,58
4080,2,10346,10346,0,0,0,0,0.9502645015049469,0.8789048732294361,0.9502645015049469,0.8789048732294361,1.0,1,0.5531513161452465,56
4081,1,10347,10347,0,0,0,0,0.950264501504947,0.8789048732294361,0.950264501504947,0.8789048732294361,1.0,1,0.5665399951172689,56
4082,3,10350,10350,0,0,0,0,0.9636786529146377,0.9091966322865944,0.9636786529146377,0.9091966322865944,1.0,1,0.5543270512578111,55
4083,4,10354,10354,0,0,0,0,0.9494594201486235,0.8791420916597521,0.9494594201486235,0.8791420916597521,1.0,1,0.5680378295766473,55
4084,3,10357,10357,0,0,0,0,0.9690494798268526,0.9226236995671314,0.9690494798268526,0.9226236995671314,1.0,1,0.5445489456932293,55
4085,2,10359,10359,0,0,0,0,0.9787296762344775,0.9458573576877607,0.9787296762344775,0.9458573576877607,1.0,1,0.5372217031596985,56
4086,1,10360,10360,0,0,0,0,0.9997043379674495,0.9991974887687914,0.9997043379674495,0.9991974887687914,1.0,1,0.5259640842480554,57
4087,1,10361,10361,0,0,0,0,1.0,1.0,1.0,1.0,1.0,1,0.5287489459959324,57
4088,0,10361,10361,0,0,0,0,1.0,1.0,1.0,1.0,1.0,1,0.5311669828368644,57
4089,1,10362,10362,0,0,0,0,0.9992570611452466,0.9980188297206578,0.9992570611452466,0.9980188297206578,1.0,1,0.5516027038397535,56
4090,2,10364,10364,0,0,0,0,0.9992570611452466,0.9980188297206578,0.9992570611452466,0.9980188297206578,1.0,1,0.557412513620668,56
4091,0,10364,10364,0,0,0,0,0.983684082166873,0.9584685727884041,0.983684082166873,0.9584685727884041,1.0,1,0.5708593542961528,56
4092,2,10366,10366,0,0,0,0,0.9839703263393842,0.9584685727884041,0.9839703263393842,0.9584685727884041,1.0,1,0.578982335514835,57
4093,3,10369,10369,0,0,0,0,0.9961176053317281,0.9892771956781061,0.9961176053317281,0.9892771956781061,1.0,1,0.5857163228524932,58
4094,4,10373,10373,0,0,0,0,1.0,1.0,1.0,1.0,1.0,1,0.5819388484345713,57
4095,5,10378,10378,0,0,0,0,1.0,1.0,1.0,1.0,1.0,1,0.5969043085856126,57
4096,2,10380,10380,0,0,0,0,1.0,1.0,1.0,1.0,1.0,1,0.6015266939107078,59
4097,6,10386,10386,0,0,0,0,1.0,1.0,1.0,1.0,1.0,1,0.5950409282592966,59
4098,4,10390,10390,0,0,0,0,1.0,1.0,1.0,1.0,1.0,1,0.602097941504153,59
4099,8,10398,10398,0,0,0,0,1.0,1.0,1.0,1.0,1.0,1,0.5913469966306527,60
4100,7,10405,10405,0,0,0,0,1.0,1.0,1.0,1.0,1.0,1,0.5890083285652844,60
4101,7,10412,10412,0,0,0,0,0.9832638929471906,0.9543560716741563,0.9832638929471906,0.9543560716741563,1.0,1,0.6131193651403472,60
4102,6,10418,10418,0,0,0,0,0.947082148343182,0.8677053708579552,0.947082148343182,0.8677053708579552,1.0,1,0.5908852492437167,60
4103,6,10424,10424,0,0,0,0,0.9808940111274037,0.9496296656995187,0.9808940111274037,0.9496296656995187,1.0,1,0.5939719321696706,58
4104,3,10427,10427,0,0,0,0,0.9815308774231569,0.9496296656995187,0.9815308774231569,0.9496296656995187,1.0,1,0.6044876477508186,60
4105,3,10430,10430,0,0,0,0,0.9725685630580185,0.9264338736555952,0.9725685630580185,0.9264338736555952,1.0,1,0.6169822513951407,59
4106,2,10432,10432,0,0,0,0,0.9593467901521794,0.8921806173601279,0.9593467901521794,0.8921806173601279,1.0,1,0.6092933078397734,61
4107,2,10434,10434,0,0,0,0,0.9579687152420836,0.8921806173601279,0.9579687152420836,0.8921806173601279,1.0,1,0.618710237073855,59
4108,2,10436,10436,0,0,0,0,0.9586692366547157,0.8921806173601279,0.9586692366547157,0.8921806173601279,1.0,1,0.5943639151987277,60
4109,4,10440,10440,0,0,0,0,0.9766553472311899,0.9373938857563728,0.9766553472311899,0.9373938857563728,1.0,1,0.5882389389503844,59
4110,2,10442,10442,0,0,0,0,0.9770444247773368,0.9373938857563728,0.9770444247773368,0.9373938857563728,1.0,1,0.5747540527720697,60
4111,3,10445,10445,0,0,0,0,0.9575481910579144,0.8874104197622947,0.9575481910579144,0.8874104197622947,1.0,1,0.5820023040311376,61
4112,3,10448,10448,0,0,0,0,0.9777465049992023,0.9393086499978246,0.9777465049992023,0.9393086499978246,1.0,1,0.5805174855330836,60
4113,2,10450,10450,0,0,0,0,0.9993817684763069,0.9982041846216535,0.9993817684763069,0.9982041846216535,1.0,1,0.5614747672004164,61
4114,1,10451,10451,0,0,0,0,0.9993917399524955,0.9982041846216535,0.9993917399524955,0.9982041846216535,1.0,1,0.5624814902631716,62
4115,3,10454,10454,0,0,0,0,1.0,1.0,1.0,1.0,1.0,1,0.5625556970611163,60
4116,1,10455,10455,0,0,0,0,1.0,1.0,1.0,1.0,1.0,1,0.565675174156526,59
4117,7,10462,10462,0,0,0,0,1.0,1.0,1.0,1.0,1.0,1,0.5748541771461576,56
4118,1,10463,10463,0,0,0,0,1.0,1.0,1.0,1.0,1.0,1,0.5855763392171804,55
4119,5,10468,10468,0,0,0,0,1.0,1.0,1.0,1.0,1.0,1,0.6158294215626876,53
4120,0,10468,10468,0,0,0,0,1.0,1.0,1.0,1.0,1.0,1,0.6219614310703627,52
4121,4,10472,10472,0,0,0,0,1.0,1.0,1.0,1.0,1.0,1,0.6102129670163983,53
4122,1,10473,10473,0,0,0,0,1.0,1.0,1.0,1.0,1.0,1,0.5953346677614795,52
4123,3,10476,10476,0,0,0,0,1.0,1.0,1.0,1.0,1.0,1,0.5910846459712561,51
4124,4,10480,10480,0,0,0,0,1.0,1.0,1.0,1.0,1.0,1,0.5953744633396215,51
4125,2,10482,10482,0,0,0,0,1.0,1.0,1.0,1.0,1.0,1,0.602692851047193,50
4126,4,10486,10486,0,0,0,0,1.0,1.0,1.0,1.0,1.0,1,0.6244789030975422,50
4127,0,10486,10486,0,0,0,0,1.0,1.0,1.0,1.0,1.0,1,0.6284541039427087,49
4128,3,10489,10489,0,0,0,0,1.0,1.0,1.0,1.0,1.0,1,0.6297259259216446,49
4129,3,10492,10492,0,0,0,0,1.0,1.0,1.0,1.0,1.0,1,0.6034404546387654,49
4130,1,10493,10493,0,0,0,0,1.0,1.0,1.0,1.0,1.0,1,0.6015776397918755,50
4131,1,10494,10494,0,0,0,0,1.0,1.0,1.0,1.0,1.0,1,0.5836478693679078,50
4132,3,10497,10497,0,0,0,0,1.0,1.0,1.0,1.0,1.0,1,0.5904818728749157,50
4133,1,10498,10498,0,0,0,0,1.0,1.0,1.0,1.0,1.0,1,0.6069032863488251,51
4134,3,10501,10501,0,0,0,0,1.0,1.0,1.0,1.0,1.0,1,0.5854294424008586,53
4135,1,10502,10502,0,0,0,0,1.0,1.0,1.0,1.0,1.0,1,0.5851269556186772,54
4136,1,10503,10503,0,0,0,0,1.0,1.0,1.0,1.0,1.0,1,0.5906146256835423,54
4137,0,10503,10503,0,0,0,0,1.0,1.0,1.0,1.0,1.0,1,0.568601960505591,55
4138,1,10504,10504,0,0,0,0,1.0,1.0,1.0,1.0,1.0,1,0.5757751843952785,54
4139,3,10507,10507,0,0,0,0,1.0,1.0,1.0,1.0,1.0,1,0.6011661419181623,54
4140,2,10509,10509,0,0,0,0,1.0,1.0,1.0,1.0,1.0,1,0.6085664307287454,55
4141,3,10512,10512,0,0,0,0,1.0,1.0,1.0,1.0,1.0,1,0.6086683320769622,55
4142,4,10516,10516,0,0,0,0,1.0,1.0,1.0,1.0,1.0,1,0.583667283099361,55
4143,2,10518,10518,0,0,0,0,1.0,1.0,1.0,1.0,1.0,1,0.5898972634189869,53
4144,7,10525,10525,0,0,0,0,1.0,1.0,1.0,1.0,1.0,1,0.6319943853576184,52
4145,6,10531,10531,0,0,0,0,1.0,1.0,1.0,1.0,1.0,1,0.6392334463424497,51
4146,3,10534,10534,0,0,0,0,1.0,1.0,1.0,1.0,1.0,1,0.6629218660945375,51
4147,5,10539,10539,0,0,0,0,1.0,1.0,1.0,1.0,1.0,1,0.685779893538812,50
4148,3,10542,10542,0,0,0,0,1.0,1.0,1.0,1.0,1.0,1,0.6721442918835806,52
4149,0,10542,10542,0,0,0,0,1.0,1.0,1.0,1.0,1.0,1,0.6581338373972602,53
4150,1,10543,10543,0,0,0,0,1.0,1.0,1.0,1.0,1.0,1,0.653722478879309,53
4151,1,10544,10544,0,0,0,0,1.0,1.0,1.0,1.0,1.0,1,0.6495450810657235,53
4152,0,10544,10544,0,0,0,0,1.0,1.0,1.0,1.0,1.0,1,0.6354971518468009,54
4153,1,10545,10545,0,0,0,0,1.0,1.0,1.0,1.0,1.0,1,0.6410167554827424,51
4154,2,10547,10547,0,0,0,0,1.0,1.0,1.0,1.0,1.0,1,0.6442381202954393,51
4155,3,10550,10550,0,0,0,0,1.0,1.0,1.0,1.0,1.0,1,0.6647565251980639,51
4156,1,10551,10551,0,0,0,0,1.0,1.0,1.0,1.0,1.0,1,0.6503931212475913,52
4157,3,10554,10554,0,0,0,0,1.0,1.0,1.0,1.0,1.0,1,0.655537711449523,52
4158,4,10558,10558,0,0,0,0,1.0,1.0,1.0,1.0,1.0,1,0.6438106673854155,52
4159,4,10562,10562,0,0,0,0,1.0,1.0,1.0,1.0,1.0,1,0.6492109629331815,52
4160,0,10562,10562,0,0,0,0,1.0,1.0,1.0,1.0,1.0,1,0.658868339876384,50
4161,3,10565,10565,0,0,0,0,1.0,1.0,1.0,1.0,1.0,1,0.64595514800802,50
4162,1,10566,10566,0,0,0,0,1.0,1.0,1.0,1.0,1.0,1,0.6465360120791446,51
4163,3,10569,10569,0,0,0,0,1.0,1.0,1.0,1.0,1.0,1,0.6330808303425358,48
4164,2,10571,10571,0,0,0,0,1.0,1.0,1.0,1.0,1.0,1,0.6004766624830583,50
4165,1,10572,10572,0,0,0,0,1.0,1.0,1.0,1.0,1.0,1,0.5814900204100051,49
4166,2,10574,10574,0,0,0,0,1.0,1.0,1.0,1.0,1.0,1,0.5655113130324851,50
4167,6,10580,10580,0,0,0,0,1.0,1.0,1.0,1.0,1.0,1,0.5387319215157353,50
4168,3,10583,10583,0,0,0,0,1.0,1.0,1.0,1.0,1.0,1,0.5245026234489429,50
4169,5,10588,10588,0,0,0,0,0.9908981107302551,0.9778954117734767,0.9908981107302551,0.9778954117734767,1.0,1,0.532083864948996,51
4170,1,10589,10589,0,0,0,0,0.9698417780228951,0.9314585864156705,0.9698417780228951,0.9314585864156705,1.0,1,0.5309519007222238,50
4171,6,10595,10595,0,0,0,0,0.9294189794868959,0.8529562072643662,0.9294189794868959,0.8529562072643662,1.0,1,0.5501782201888425,50
4172,2,10597,10597,0,0,0,0,0.9492735664709149,0.8919306416119488,0.9492735664709149,0.8919306416119488,1.0,1,0.5550968779480434,49
4173,5,10602,10602,0,0,0,0,0.9859284203391426,0.9678363893466121,0.9859284203391426,0.9678363893466121,1.0,1,0.6261249523167216,48
4174,1,10603,10603,0,0,0,0,0.9859284203391429,0.9678363893466121,0.9859284203391429,0.9678363893466121,1.0,1,0.6411406096331469,48
4175,4,10607,10607,0,0,0,0,1.0,1.0,1.0,1.0,1.0,1,0.6690503885375066,48
4176,1,10608,10608,0,0,0,0,1.0,1.0,1.0,1.0,1.0,1,0.6469775489573159,50
4177,3,10611,10611,0,0,0,0,1.0,1.0,1.0,1.0,1.0,1,0.6253816953280156,52
4178,3,10614,10614,0,0,0,0,1.0,1.0,1.0,1.0,1.0,1,0.583937952603408,53
4179,3,10617,10617,0,0,0,0,1.0,1.0,1.0,1.0,1.0,1,0.5825841218079082,54
4180,2,10619,10619,0,0,0,0,1.0,1.0,1.0,1.0,1.0,1,0.5717520322797713,55
4181,1,10620,10620,0,0,0,0,1.0,1.0,1.0,1.0,1.0,1,0.567442165495342,56
4182,3,10623,10623,0,0,0,0,1.0,1.0,1.0,1.0,1.0,1,0.5663683496333279,56
4183,0,10623,10623,0,0,0,0,1.0,1.0,1.0,1.0,1.0,1,0.557305350147295,57
4184,3,10626,10626,0,0,0,0,1.0,1.0,1.0,1.0,1.0,1,0.571726580290852,57
4185,3,10629,10629,0,0,0,0,1.0,1.0,1.0,1.0,1.0,1,0.6125824237811442,54
4186,1,10630,10630,0,0,0,0,1.0,1.0,1.0,1.0,1.0,1,0.6136586210511221,55
4187,1,10631,10631,0,0,0,0,1.0,1.0,1.0,1.0,1.0,1,0.6241708005847727,53
4188,1,10632,10632,0,0,0,0,1.0,1.0,1.0,1.0,1.0,1,0.6428833474658837,53
4189,6,10638,10638,0,0,0,0,1.0,1.0,1.0,1.0,1.0,1,0.6205395708030105,53
4190,6,10644,10644,0,0,0,0,1.0,1.0,1.0,1.0,1.0,1,0.5906835154286812,53
4191,1,10645,10645,0,0,0,0,1.0,1.0,1.0,1.0,1.0,1,0.578012967340757,51
4192,3,10648,10648,0,0,0,0,1.0,1.0,1.0,1.0,1.0,1,0.575040611020893,51
4193,3,10651,10651,0,0,0,0,1.0,1.0,1.0,1.0,1.0,1,0.5634347875327802,50
4194,5,10656,10656,0,0,0,0,1.0,1.0,1.0,1.0,1.0,1,0.5482885242533999,50
4195,4,10660,10660,0,0,0,0,1.0,1.0,1.0,1.0,1.0,1,0.5326024911549232,50
4196,1,10661,10661,0,0,0,0,1.0,1.0,1.0,1.0,1.0,1,0.5128707156486673,51
4197,1,10662,10662,0,0,0,0,1.0,1.0,1.0,1.0,1.0,1,0.5073706312226844,50
4198,2,10664,10664,0,0,0,0,1.0,1.0,1.0,1.0,1.0,1,0.4941041024366331,48
4199,2,10666,10666,0,0,0,0,1.0,1.0,1.0,1.0,1.0,1,0.468583772784731,48
4200,1,10667,10667,0,0,0,0,1.0,1.0,1.0,1.0,1.0,1,0.4504507162637383,48
4201,5,10672,10672,0,0,0,0,1.0,1.0,1.0,1.0,1.0,1,0.4801477548434148,47
4202,3,10675,10675,0,0,0,0,1.0,1.0,1.0,1.0,1.0,1,0.48764696711001176,47
4203,5,10680,10680,0,0,0,0,1.0,1.0,1.0,1.0,1.0,1,0.5280406504883076,47
4204,3,10683,10683,0,0,0,0,1.0,1.0,1.0,1.0,1.0,1,0.5681593219266128,48
4205,1,10684,10684,0,0,0,0,1.0,1.0,1.0,1.0,1.0,1,0.5485066410090587,49
4206,3,10687,10687,0,0,0,0,1.0,1.0,1.0,1.0,1.0,1,0.5745548167012517,49
4207,3,10690,10690,0,0,0,0,1.0,1.0,1.0,1.0,1.0,1,0.5478082645858534,48
4208,1,10691,10691,0,0,0,0,1.0,1.0,1.0,1.0,1.0,1,0.5620240739812601,49
4209,1,10692,10692,0,0,0,0,1.0,1.0,1.0,1.0,1.0,1,0.540199803035004,51
4210,2,10694,10694,0,0,0,0,1.0,1.0,1.0,1.0,1.0,1,0.5467176411690585,52
4211,0,10694,10694,0,0,0,0,1.0,1.0,1.0,1.0,1.0,1,0.5379321040877129,53
4212,1,10695,10695,0,0,0,0,1.0,1.0,1.0,1.0,1.0,1,0.52510501299201,53
4213,1,10696,10696,0,0,0,0,1.0,1.0,1.0,1.0,1.0,1,0.5095730205060613,54
4214,1,10697,10697,0,0,0,0,1.0,1.0,1.0,1.0,1.0,1,0.4922516619235844,54
4215,0,10697,10697,0,0,0,0,1.0,1.0,1.0,1.0,1.0,1,0.4922516619235844,54
4216,1,10698,10698,0,0,0,0,1.0,1.0,1.0,1.0,1.0,1,0.49734486701586195,53
4217,2,10700,10700,0,0,0,0,1.0,1.0,1.0,1.0,1.0,1,0.5006303399246135,54
4218,3,10703,10703,0,0,0,0,1.0,1.0,1.0,1.0,1.0,1,0.5053394645727124,53
4219,6,10709,10709,0,0,0,0,1.0,1.0,1.0,1.0,1.0,1,0.5273828247837856,53
4220,2,10711,10711,0,0,0,0,1.0,1.0,1.0,1.0,1.0,1,0.554966903417535,53
4221,3,10714,10714,0,0,0,0,1.0,1.0,1.0,1.0,1.0,1,0.5506149461189984,54
4222,6,10720,10720,0,0,0,0,1.0,1.0,1.0,1.0,1.0,1,0.5673282238748777,55
4223,1,10721,10721,0,0,0,0,1.0,1.0,1.0,1.0,1.0,1,0.5607094716877244,56
4224,3,10724,10724,0,0,0,0,1.0,1.0,1.0,1.0,1.0,1,0.5828928810064194,55
4225,3,10727,10727,0,0,0,0,1.0,1.0,1.0,1.0,1.0,1,0.5781301895319841,53
4226,1,10728,10728,0,0,0,0,1.0,1.0,1.0,1.0,1.0,1,0.5972102088121021,54
4227,3,10731,10731,0,0,0,0,1.0,1.0,1.0,1.0,1.0,1,0.5955511115546016,52
4228,1,10732,10732,0,0,0,0,1.0,1.0,1.0,1.0,1.0,1,0.6035354969362609,51
4229,1,10733,10733,0,0,0,0,1.0,1.0,1.0,1.0,1.0,1,0.5958383827263046,48
4230,1,10734,10734,0,0,0,0,1.0,1.0,1.0,1.0,1.0,1,0.6158923424765446,48
4231,1,10735,10735,0,0,0,0,1.0,1.0,1.0,1.0,1.0,1,0.6165394611146919,48
4232,1,10736,10736,0,0,0,0,1.0,1.0,1.0,1.0,1.0,1,0.6354597601637263,48
4233,4,10740,10740,0,0,0,0,1.0,1.0,1.0,1.0,1.0,1,0.60080345743212,48
4234,2,10742,10742,0,0,0,0,1.0,1.0,1.0,1.0,1.0,1,0.587637916508854,49
4235,3,10745,10745,0,0,0,0,1.0,1.0,1.0,1.0,1.0,1,0.5639330620736742,47
4236,4,10749,10749,0,0,0,0,1.0,1.0,1.0,1.0,1.0,1,0.5580277900068916,47
4237,2,10751,10751,0,0,0,0,1.0,1.0,1.0,1.0,1.0,1,0.5248308336930926,48
4238,0,10751,10751,0,0,0,0,1.0,1.0,1.0,1.0,1.0,1,0.5323653632649739,47
4239,4,10755,10755,0,0,0,0,1.0,1.0,1.0,1.0,1.0,1,0.5260473518458999,48
4240,0,10755,10755,0,0,0,0,1.0,1.0,1.0,1.0,1.0,1,0.5338533967896483,47
4241,2,10757,10757,0,0,0,0,1.0,1.0,1.0,1.0,1.0,1,0.5388793773457765,49
4242,0,10757,10757,0,0,0,0,1.0,1.0,1.0,1.0,1.0,1,0.5369409761797631,49
4243,2,10759,10759,0,0,0,0,1.0,1.0,1.0,1.0,1.0,1,0.5123868072689198,50
4244,1,10760,10760,0,0,0,0,1.0,1.0,1.0,1.0,1.0,1,0.5146338225910166,51
4245,2,10762,10762,0,0,0,0,1.0,1.0,1.0,1.0,1.0,1,0.5087704397317676,51
4246,3,10765,10765,0,0,0,0,1.0,1.0,1.0,1.0,1.0,1,0.48553730237574244,51
4247,4,10769,10769,0,0,0,0,1.0,1.0,1.0,1.0,1.0,1,0.5273993540615359,52
4248,4,10773,10773,0,0,0,0,1.0,1.0,1.0,1.0,1.0,1,0.5284542636538293,52
4249,6,10779,10779,0,0,0,0,1.0,1.0,1.0,1.0,1.0,1,0.5517958006871782,52
4250,10,10789,10789,0,0,0,0,1.0,1.0,1.0,1.0,1.0,1,0.5471153355224203,52
4251,6,10795,10795,0,0,0,0,1.0,1.0,1.0,1.0,1.0,1,0.5177012791365981,53
4252,3,10798,10798,0,0,0,0,1.0,1.0,1.0,1.0,1.0,1,0.4915704257730525,53
4253,11,10809,10809,0,0,0,0,1.0,1.0,1.0,1.0,1.0,1,0.49384471486193543,54
4254,2,10811,10811,0,0,0,0,1.0,1.0,1.0,1.0,1.0,1,0.473045653130149,54
4255,3,10814,10814,0,0,0,0,1.0,1.0,1.0,1.0,1.0,1,0.47033767052088776,55
4256,3,10817,10817,0,0,0,0,1.0,1.0,1.0,1.0,1.0,1,0.46608234475066423,57
4257,1,10818,10818,0,0,0,0,1.0,1.0,1.0,1.0,1.0,1,0.47956340737240355,57
4258,2,10820,10820,0,0,0,0,1.0,1.0,1.0,1.0,1.0,1,0.49883854096533903,57
4259,2,10822,10822,0,0,0,0,1.0,1.0,1.0,1.0,1.0,1,0.49346228175055956,57
4260,2,10824,10824,0,0,0,0,1.0,1.0,1.0,1.0,1.0,1,0.5015352906768769,58
4261,4,10828,10828,0,0,0,0,1.0,1.0,1.0,1.0,1.0,1,0.5180519437672425,59
4262,3,10831,10831,0,0,0,0,1.0,1.0,1.0,1.0,1.0,1,0.5052878449469322,60
4263,3,10834,10834,0,0,0,0,1.0,1.0,1.0,1.0,1.0,1,0.5132167553594024,59
4264,3,10837,10837,0,0,0,0,1.0,1.0,1.0,1.0,1.0,1,0.5221620401750344,58
4265,2,10839,10839,0,0,0,0,1.0,1.0,1.0,1.0,1.0,1,0.5326759350918756,58
4266,5,10844,10844,0,0,0,0,1.0,1.0,1.0,1.0,1.0,1,0.5406991969873315,58
4267,2,10846,10846,0,0,0,0,1.0,1.0,1.0,1.0,1.0,1,0.5525151008826705,55
4268,1,10847,10847,0,0,0,0,1.0,1.0,1.0,1.0,1.0,1,0.5571897642216254,55
4269,0,10847,10847,0,0,0,0,1.0,1.0,1.0,1.0,1.0,1,0.5546446967277551,50
4270,5,10852,10852,0,0,0,0,1.0,1.0,1.0,1.0,1.0,1,0.5831456999112418,47
4271,3,10855,10855,0,0,0,0,1.0,1.0,1.0,1.0,1.0,1,0.5795273242917005,47
4272,3,10858,10858,0,0,0,0,1.0,1.0,1.0,1.0,1.0,1,0.6013557705076492,46
4273,6,10864,10864,0,0,0,0,1.0,1.0,1.0,1.0,1.0,1,0.615636607776266,47
4274,7,10871,10871,0,0,0,0,1.0,1.0,1.0,1.0,1.0,1,0.667808070616345,45
4275,4,10875,10875,0,0,0,0,1.0,1.0,1.0,1.0,1.0,1,0.6665409589319296,44
4276,8,10883,10883,0,0,0,0,0.9942261732437621,0.9875862724740886,0.9942261732437621,0.9875862724740886,1.0,1,0.6665342052485064,43
4277,4,10887,10887,0,0,0,0,1.0,1.0,1.0,1.0,1.0,1,0.6202666278224851,42
4278,5,10892,10892,0,0,0,0,0.9973587143118173,0.9945916531146739,0.9973587143118173,0.9945916531146739,1.0,1,0.6527833460472713,43
4279,0,10892,10892,0,0,0,0,0.997295826557337,0.9945916531146739,0.997295826557337,0.9945916531146739,1.0,1,0.6710836708290164,42
4280,6,10898,10898,0,0,0,0,0.9924060210184235,0.9840888059433636,0.9924060210184235,0.9840888059433636,1.0,1,0.6457607189072488,44
4281,2,10900,10900,0,0,0,0,1.0,1.0,1.0,1.0,1.0,1,0.6117091375401613,44
4282,3,10903,10903,0,0,0,0,1.0,1.0,1.0,1.0,1.0,1,0.580378742065277,44
4283,4,10907,10907,0,0,0,0,1.0,1.0,1.0,1.0,1.0,1,0.5795686404124106,45
4284,3,10910,10910,0,0,0,0,1.0,1.0,1.0,1.0,1.0,1,0.5674096821965657,45
4285,3,10913,10913,0,0,0,0,1.0,1.0,1.0,1.0,1.0,1,0.5324572216262561,47
4286,1,10914,10914,0,0,0,0,1.0,1.0,1.0,1.0,1.0,1,0.5572276225609589,47
4287,2,10916,10916,0,0,0,0,1.0,1.0,1.0,1.0,1.0,1,0.5154244891967019,49
4288,3,10919,10919,0,0,0,0,1.0,1.0,1.0,1.0,1.0,1,0.5182188369965717,49
4289,3,10922,10922,0,0,0,0,1.0,1.0,1.0,1.0,1.0,1,0.49043364476931167,50
4290,2,10924,10924,0,0,0,0,1.0,1.0,1.0,1.0,1.0,1,0.510250333152064,51
4291,2,10926,10926,0,0,0,0,1.0,1.0,1.0,1.0,1.0,1,0.5270347271044986,50
4292,1,10927,10927,0,0,0,0,1.0,1.0,1.0,1.0,1.0,1,0.5086806830131148,51
4293,3,10930,10930,0,0,0,0,1.0,1.0,1.0,1.0,1.0,1,0.49168032034162534,51
4294,1,10931,10931,0,0,0,0,1.0,1.0,1.0,1.0,1.0,1,0.5127336740780578,50
4295,2,10933,10933,0,0,0,0,1.0,1.0,1.0,1.0,1.0,1,0.5049059211650851,50
4296,0,10933,10933,0,0,0,0,1.0,1.0,1.0,1.0,1.0,1,0.5171356557555238,49
4297,4,10937,10937,0,0,0,0,1.0,1.0,1.0,1.0,1.0,1,0.5855688728168063,49
4298,2,10939,10939,0,0,0,0,1.0,1.0,1.0,1.0,1.0,1,0.5947217727061294,49
4299,2,10941,10941,0,0,0,0,1.0,1.0,1.0,1.0,1.0,1,0.5938174692283491,48
4300,2,10943,10943,0,0,0,0,1.0,1.0,1.0,1.0,1.0,1,0.589841700433743,49
4301,2,10945,10945,0,0,0,0,1.0,1.0,1.0,1.0,1.0,1,0.5707394463254554,50
4302,4,10949,10949,0,0,0,0,1.0,1.0,1.0,1.0,1.0,1,0.578424085831103,51
4303,5,10954,10954,0,0,0,0,1.0,1.0,1.0,1.0,1.0,1,0.5538522932722728,51
4304,4,10958,10958,0,0,0,0,1.0,1.0,1.0,1.0,1.0,1,0.5463899677862868,51
4305,8,10966,10966,0,0,0,0,1.0,1.0,1.0,1.0,1.0,1,0.5765802878000226,49
4306,3,10969,10969,0,0,0,0,1.0,1.0,1.0,1.0,1.0,1,0.5554779607930748,49
4307,6,10975,10975,0,0,0,0,1.0,1.0,1.0,1.0,1.0,1,0.5704791331648227,46
4308,3,10978,10978,0,0,0,0,1.0,1.0,1.0,1.0,1.0,1,0.5246080527507972,44
4309,5,10983,10983,0,0,0,0,1.0,1.0,1.0,1.0,1.0,1,0.5329831776401013,44
4310,2,10985,10985,0,0,0,0,1.0,1.0,1.0,1.0,1.0,1,0.5302545361839434,42
4311,3,10988,10988,0,0,0,0,1.0,1.0,1.0,1.0,1.0,1,0.5270476141908973,42
4312,3,10991,10991,0,0,0,0,1.0,1.0,1.0,1.0,1.0,1,0.5147003832628836,40
4313,2,10993,10993,0,0,0,0,1.0,1.0,1.0,1.0,1.0,1,0.5171777373697545,40
4314,5,10998,10998,0,0,0,0,1.0,1.0,1.0,1.0,1.0,1,0.5174020420909387,36
4315,0,10998,10998,0,0,0,0,1.0,1.0,1.0,1.0,1.0,1,0.5233346137879955,37
4316,3,11001,11001,0,0,0,0,1.0,1.0,1.0,1.0,1.0,1,0.5404561418932406,37
4317,1,11002,11002,0,0,0,0,1.0,1.0,1.0,1.0,1.0,1,0.5279435416533171,36
4318,1,11003,11003,0,0,0,0,1.0,1.0,1.0,1.0,1.0,1,0.4985853229173615,34
4319,1,11004,11004,0,0,0,0,1.0,1.0,1.0,1.0,1.0,1,0.5223329247684873,34
4320,2,11006,11006,0,0,0,0,1.0,1.0,1.0,1.0,1.0,1,0.5627684413252115,34
4321,1,11007,11007,0,0,0,0,1.0,1.0,1.0,1.0,1.0,1,0.5437454069032889,35
4322,2,11009,11009,0,0,0,0,1.0,1.0,1.0,1.0,1.0,1,0.5071954121501012,35
4323,2,11011,11011,0,0,0,0,1.0,1.0,1.0,1.0,1.0,1,0.5077152361233126,35
4324,4,11015,11015,0,0,0,0,1.0,1.0,1.0,1.0,1.0,1,0.5328087909387227,34
4325,2,11017,11017,0,0,0,0,1.0,1.0,1.0,1.0,1.0,1,0.5072786342203164,34
4326,4,11021,11021,0,0,0,0,1.0,1.0,1.0,1.0,1.0,1,0.5727822694637339,36
4327,3,11024,11024,0,0,0,0,1.0,1.0,1.0,1.0,1.0,1,0.577306559719452,35
4328,2,11026,11026,0,0,0,0,1.0,1.0,1.0,1.0,1.0,1,0.6228796813284241,35
4329,1,11027,11027,0,0,0,0,1.0,1.0,1.0,1.0,1.0,1,0.5718046939913236,38
4330,2,11029,11029,0,0,0,0,1.0,1.0,1.0,1.0,1.0,1,0.5635942619650173,38
4331,2,11031,11031,0,0,0,0,1.0,1.0,1.0,1.0,1.0,1,0.5542359023550233,39
4332,1,11032,11032,0,0,0,0,1.0,1.0,1.0,1.0,1.0,1,0.5744984402275027,40
4333,1,11033,11033,0,0,0,0,1.0,1.0,1.0,1.0,1.0,1,0.5620309372701235,41
4334,1,11034,11034,0,0,0,0,1.0,1.0,1.0,1.0,1.0,1,0.5664278745694569,41
4335,0,11034,11034,0,0,0,0,1.0,1.0,1.0,1.0,1.0,1,0.5462833564557319,42
4336,3,11037,11037,0,0,0,0,1.0,1.0,1.0,1.0,1.0,1,0.5514718258384663,43
4337,0,11037,11037,0,0,0,0,1.0,1.0,1.0,1.0,1.0,1,0.5290690844557582,44
4338,3,11040,11040,0,0,0,0,1.0,1.0,1.0,1.0,1.0,1,0.5124259211999546,44
4339,2,11042,11042,0,0,0,0,1.0,1.0,1.0,1.0,1.0,1,0.5213809443443451,46
4340,3,11045,11045,0,0,0,0,1.0,1.0,1.0,1.0,1.0,1,0.5478741107747298,47
4341,2,11047,11047,0,0,0,0,1.0,1.0,1.0,1.0,1.0,1,0.542861054537807,47
4342,3,11050,11050,0,0,0,0,1.0,1.0,1.0,1.0,1.0,1,0.5537945335531208,47
4343,2,11052,11052,0,0,0,0,1.0,1.0,1.0,1.0,1.0,1,0.564392025363428,42
4344,1,11053,11053,0,0,0,0,1.0,1.0,1.0,1.0,1.0,1,0.5588259353689573,42
4345,4,11057,11057,0,0,0,0,1.0,1.0,1.0,1.0,1.0,1,0.6018956812610422,39
4346,4,11061,11061,0,0,0,0,1.0,1.0,1.0,1.0,1.0,1,0.5594587580676849,37
4347,3,11064,11064,0,0,0,0,1.0,1.0,1.0,1.0,1.0,1,0.5861482782353669,37
4348,5,11069,11069,0,0,0,0,1.0,1.0,1.0,1.0,1.0,1,0.5385799253796608,38
4349,5,11074,11074,0,0,0,0,1.0,1.0,1.0,1.0,1.0,1,0.5668954405622953,36
4350,3,11077,11077,0,0,0,0,1.0,1.0,1.0,1.0,1.0,1,0.5582963285834739,37
4351,3,11080,11080,0,0,0,0,1.0,1.0,1.0,1.0,1.0,1,0.5685952553465036,35
4352,1,11081,11081,0,0,0,0,1.0,1.0,1.0,1.0,1.0,1,0.6048504897839078,34
4353,5,11086,11086,0,0,0,0,1.0,1.0,1.0,1.0,1.0,1,0.6044426679455379,34
4354,1,11087,11087,0,0,0,0,1.0,1.0,1.0,1.0,1.0,1,0.6201237509380998,32
4355,6,11093,11093,0,0,0,0,1.0,1.0,1.0,1.0,1.0,1,0.587166267003657,32
4356,3,11096,11096,0,0,0,0,1.0,1.0,1.0,1.0,1.0,1,0.5989816700576169,34
4357,2,11098,11098,0,0,0,0,1.0,1.0,1.0,1.0,1.0,1,0.5836324583484653,35
4358,3,11101,11101,0,0,0,0,1.0,1.0,1.0,1.0,1.0,1,0.630946127886107,35
4359,6,11107,11107,0,0,0,0,1.0,1.0,1.0,1.0,1.0,1,0.6247590419683321,37
4360,0,11107,11107,0,0,0,0,1.0,1.0,1.0,1.0,1.0,1,0.6136354136284922,38
4361,1,11108,11108,0,0,0,0,1.0,1.0,1.0,1.0,1.0,1,0.5997493732906642,39
4362,2,11110,11110,0,0,0,0,1.0,1.0,1.0,1.0,1.0,1,0.5833937658398639,38
4363,0,11110,11110,0,0,0,0,1.0,1.0,1.0,1.0,1.0,1,0.5833937658398639,38
4364,3,11113,11113,0,0,0,0,1.0,1.0,1.0,1.0,1.0,1,0.5829127632611952,39
4365,0,11113,11113,0,0,0,0,1.0,1.0,1.0,1.0,1.0,1,0.5829127632611952,39
4366,3,11116,11116,0,0,0,0,1.0,1.0,1.0,1.0,1.0,1,0.5400426002596024,39
4367,2,11118,11118,0,0,0,0,1.0,1.0,1.0,1.0,1.0,1,0.5079286789234561,41
4368,4,11122,11122,0,0,0,0,1.0,1.0,1.0,1.0,1.0,1,0.5327204491046635,41
4369,1,11123,11123,0,0,0,0,1.0,1.0,1.0,1.0,1.0,1,0.5143948879130378,42
4370,2,11125,11125,0,0,0,0,1.0,1.0,1.0,1.0,1.0,1,0.5322941021950602,42
4371,3,11128,11128,0,0,0,0,1.0,1.0,1.0,1.0,1.0,1,0.5795483130799971,43
4372,3,11131,11131,0,0,0,0,1.0,1.0,1.0,1.0,1.0,1,0.5704555275694102,43
4373,2,11133,11133,0,0,0,0,1.0,1.0,1.0,1.0,1.0,1,0.5958706328852054,43
4374,7,11140,11140,0,0,0,0,1.0,1.0,1.0,1.0,1.0,1,0.5663031177930741,44
4375,4,11144,11144,0,0,0,0,1.0,1.0,1.0,1.0,1.0,1,0.602965654369452,45
4376,7,11151,11151,0,0,0,0,1.0,1.0,1.0,1.0,1.0,1,0.5993186840356519,46
4377,2,11153,11153,0,0,0,0,1.0,1.0,1.0,1.0,1.0,1,0.586158640092213,47
4378,4,11157,11157,0,0,0,0,1.0,1.0,1.0,1.0,1.0,1,0.5491121609467015,49
4379,3,11160,11160,0,0,0,0,1.0,1.0,1.0,1.0,1.0,1,0.5265964432268637,51
4380,2,11162,11162,0,0,0,0,1.0,1.0,1.0,1.0,1.0,1,0.5215794751864633,50
4381,2,11164,11164,0,0,0,0,1.0,1.0,1.0,1.0,1.0,1,0.541366418409394,49
4382,2,11166,11166,0,0,0,0,1.0,1.0,1.0,1.0,1.0,1,0.5486823192943548,47
4383,2,11168,11168,0,0,0,0,1.0,1.0,1.0,1.0,1.0,1,0.5693854176902796,47
4384,2,11170,11170,0,0,0,0,1.0,1.0,1.0,1.0,1.0,1,0.6039631122227641,44
4385,1,11171,11171,0,0,0,0,1.0,1.0,1.0,1.0,1.0,1,0.6302172932842282,42
4386,4,11175,11175,0,0,0,0,1.0,1.0,1.0,1.0,1.0,1,0.6605675874844081,41
4387,0,11175,11175,0,0,0,0,1.0,1.0,1.0,1.0,1.0,1,0.6697862092424747,39
4388,2,11177,11177,0,0,0,0,1.0,1.0,1.0,1.0,1.0,1,0.6783774216942287,39
4389,3,11180,11180,0,0,0,0,1.0,1.0,1.0,1.0,1.0,1,0.6710781063762304,38
4390,4,11184,11184,0,0,0,0,1.0,1.0,1.0,1.0,1.0,1,0.7096473308184753,38
4391,0,11184,11184,0,0,0,0,1.0,1.0,1.0,1.0,1.0,1,0.7013688226483162,39
4392,0,11184,11184,0,0,0,0,1.0,1.0,1.0,1.0,1.0,1,0.7013688226483162,39
4393,1,11185,11185,0,0,0,0,1.0,1.0,1.0,1.0,1.0,1,0.6806699799090145,40
4394,0,11185,11185,0,0,0,0,1.0,1.0,1.0,1.0,1.0,1,0.6809768562483847,39
4395,0,11185,11185,0,0,0,0,1.0,1.0,1.0,1.0,1.0,1,0.6809768562483847,39
4396,0,11185,11185,0,0,0,0,1.0,1.0,1.0,1.0,1.0,1,0.6812195277136702,39
4397,0,11185,11185,0,0,0,0,1.0,1.0,1.0,1.0,1.0,1,0.6954471344165655,38
4398,0,11185,11185,0,0,0,0,1.0,1.0,1.0,1.0,1.0,1,0.6765281712394651,39
4399,0,11185,11185,0,0,0,0,1.0,1.0,1.0,1.0,1.0,1,0.6598113466247699,42
4400,0,11185,11185,0,0,0,0,1.0,1.0,1.0,1.0,1.0,1,0.655366364397401,43
4401,0,11185,11185,0,0,0,0,1.0,1.0,1.0,1.0,1.0,1,0.648152776008315,44
4402,1,11186,11186,0,0,0,0,1.0,1.0,1.0,1.0,1.0,1,0.6643277900355385,44
4403,1,11187,11187,0,0,0,0,1.0,1.0,1.0,1.0,1.0,1,0.6684131459262888,45
4404,0,11187,11187,0,0,0,0,1.0,1.0,1.0,1.0,1.0,1,0.6684131459262888,45
4405,3,11190,11190,0,0,0,0,1.0,1.0,1.0,1.0,1.0,1,0.6566459226783314,46
4406,0,11190,11190,0,0,0,0,1.0,1.0,1.0,1.0,1.0,1,0.6566459226783314,46
4407,1,11191,11191,0,0,0,0,1.0,1.0,1.0,1.0,1.0,1,0.6494250728059718,46
4408,2,11193,11193,0,0,0,0,1.0,1.0,1.0,1.0,1.0,1,0.6339870157346614,47
4409,1,11194,11194,0,0,0,0,1.0,1.0,1.0,1.0,1.0,1,0.6190002929409748,48
4410,2,11196,11196,0,0,0,0,1.0,1.0,1.0,1.0,1.0,1,0.640123241039185,48
4411,0,11196,11196,0,0,0,0,1.0,1.0,1.0,1.0,1.0,1,0.6312231420470263,50
4412,1,11197,11197,0,0,0,0,1.0,1.0,1.0,1.0,1.0,1,0.6456130901581922,50
4413,0,11197,11197,0,0,0,0,1.0,1.0,1.0,1.0,1.0,1,0.6458107917468056,50
4414,2,11199,11199,0,0,0,0,1.0,1.0,1.0,1.0,1.0,1,0.6703078554837555,51
4415,2,11201,11201,0,0,0,0,1.0,1.0,1.0,1.0,1.0,1,0.6441305703565701,51
4416,0,11201,11201,0,0,0,0,1.0,1.0,1.0,1.0,1.0,1,0.6441305703565701,51
4417,0,11201,11201,0,0,0,0,1.0,1.0,1.0,1.0,1.0,1,0.6441305703565701,51
4418,1,11202,11202,0,0,0,0,1.0,1.0,1.0,1.0,1.0,1,0.6215033852734455,51
4419,1,11203,11203,0,0,0,0,1.0,1.0,1.0,1.0,1.0,1,0.6066875593441307,50
4420,0,11203,11203,0,0,0,0,1.0,1.0,1.0,1.0,1.0,1,0.6032357211752386,50
4421,4,11207,11207,0,0,0,0,1.0,1.0,1.0,1.0,1.0,1,0.6373890550506666,52
4422,2,11209,11209,0,0,0,0,1.0,1.0,1.0,1.0,1.0,1,0.6550684402693562,51
4423,3,11212,11212,0,0,0,0,0.9504810852179572,0.894772306088159,0.9504810852179572,0.894772306088159,1.0,1,0.6718924894611391,51
4424,4,11216,11216,0,0,0,0,0.9761230427074123,0.942478239249675,0.9761230427074123,0.942478239249675,1.0,1,0.6541122372314326,53
4425,1,11217,11217,0,0,0,0,0.9994112550829531,0.998486084499022,0.9994112550829531,0.998486084499022,1.0,1,0.6383147834397507,54
4426,1,11218,11218,0,0,0,0,1.0,1.0,1.0,1.0,1.0,1,0.6254251825715408,55
4427,2,11220,11220,0,0,0,0,1.0,1.0,1.0,1.0,1.0,1,0.6138621740897251,55
4428,0,11220,11220,0,0,0,0,1.0,1.0,1.0,1.0,1.0,1,0.6138621740897251,55
4429,2,11222,11222,0,0,0,0,1.0,1.0,1.0,1.0,1.0,1,0.596267402217929,56
4430,0,11222,11222,0,0,0,0,1.0,1.0,1.0,1.0,1.0,1,0.5981242209483828,55
4431,3,11225,11225,0,0,0,0,1.0,1.0,1.0,1.0,1.0,1,0.579124471393649,56
4432,2,11227,11227,0,0,0,0,1.0,1.0,1.0,1.0,1.0,1,0.5561088103351086,56
4433,3,11230,11230,0,0,0,0,1.0,1.0,1.0,1.0,1.0,1,0.5308104720434964,57
4434,4,11234,11234,0,0,0,0,1.0,1.0,1.0,1.0,1.0,1,0.5130235472022217,56
4435,0,11234,11234,0,0,0,0,1.0,1.0,1.0,1.0,1.0,1,0.5130235472022217,56
4436,8,11242,11242,0,0,0,0,1.0,1.0,1.0,1.0,1.0,1,0.5169122517423115,55
4437,3,11245,11245,0,0,0,0,1.0,1.0,1.0,1.0,1.0,1,0.5716522175011362,54
4438,5,11250,11250,0,0,0,0,1.0,1.0,1.0,1.0,1.0,1,0.5791273145500345,54
4439,3,11253,11253,0,0,0,0,1.0,1.0,1.0,1.0,1.0,1,0.608358832521723,55
4440,2,11255,11255,0,0,0,0,1.0,1.0,1.0,1.0,1.0,1,0.6158793318746124,55
4441,2,11257,11257,0,0,0,0,1.0,1.0,1.0,1.0,1.0,1,0.5693371472326699,59
4442,2,11259,11259,0,0,0,0,1.0,1.0,1.0,1.0,1.0,1,0.5474045192040379,61
4443,5,11264,11264,0,0,0,0,1.0,1.0,1.0,1.0,1.0,1,0.5598154730285769,60
4444,2,11266,11266,0,0,0,0,1.0,1.0,1.0,1.0,1.0,1,0.5682688503892117,61
4445,3,11269,11269,0,0,0,0,1.0,1.0,1.0,1.0,1.0,1,0.5924995702754804,61
4446,2,11271,11271,0,0,0,0,1.0,1.0,1.0,1.0,1.0,1,0.5885116872924626,62
4447,5,11276,11276,0,0,0,0,1.0,1.0,1.0,1.0,1.0,1,0.6045874418444517,63
4448,1,11277,11277,0,0,0,0,1.0,1.0,1.0,1.0,1.0,1,0.5954560305103717,63
4449,3,11280,11280,0,0,0,0,0.9891306198786203,0.9657614526176539,0.9891306198786203,0.9657614526176539,1.0,1,0.5929484061844745,63
4450,1,11281,11281,0,0,0,0,1.0,1.0,1.0,1.0,1.0,1,0.5975102303351281,62
4451,1,11282,11282,0,0,0,0,1.0,1.0,1.0,1.0,1.0,1,0.5838388333171818,63
4452,2,11284,11284,0,0,0,0,0.9997571154569189,0.9992227694621407,0.9997571154569189,0.9992227694621407,1.0,1,0.6077156828518897,64
4453,0,11284,11284,0,0,0,0,0.9997608521421973,0.9992227694621407,0.9997608521421973,0.9992227694621407,1.0,1,0.6077362685072435,65
4454,1,11285,11285,0,0,0,0,1.0,1.0,1.0,1.0,1.0,1,0.5783313754425334,66
4455,1,11286,11286,0,0,0,0,1.0,1.0,1.0,1.0,1.0,1,0.5538781873182265,67
4456,1,11287,11287,0,0,0,0,1.0,1.0,1.0,1.0,1.0,1,0.5360405788178945,67
4457,4,11291,11291,0,0,0,0,1.0,1.0,1.0,1.0,1.0,1,0.5465505381483449,65
4458,1,11292,11292,0,0,0,0,1.0,1.0,1.0,1.0,1.0,1,0.5345103982287828,65
4459,6,11298,11298,0,0,0,0,1.0,1.0,1.0,1.0,1.0,1,0.5178448262537015,64
4460,3,11301,11301,0,0,0,0,1.0,1.0,1.0,1.0,1.0,1,0.5198887439195964,63
4461,4,11305,11305,0,0,0,0,1.0,1.0,1.0,1.0,1.0,1,0.49571458460993995,62
4462,2,11307,11307,0,0,0,0,1.0,1.0,1.0,1.0,1.0,1,0.5032134461284908,61
4463,1,11308,11308,0,0,0,0,1.0,1.0,1.0,1.0,1.0,1,0.5146214625102156,61
4464,8,11316,11316,0,0,0,0,1.0,1.0,1.0,1.0,1.0,1,0.5201527356677407,58
4465,5,11321,11321,0,0,0,0,1.0,1.0,1.0,1.0,1.0,1,0.5356042333194565,57
4466,7,11328,11328,0,0,0,0,1.0,1.0,1.0,1.0,1.0,1,0.5649440858436421,54
4467,5,11333,11333,0,0,0,0,1.0,1.0,1.0,1.0,1.0,1,0.5476067317517785,52
4468,4,11337,11337,0,0,0,0,1.0,1.0,1.0,1.0,1.0,1,0.5288746166013251,52
4469,4,11341,11341,0,0,0,0,1.0,1.0,1.0,1.0,1.0,1,0.5249689517576365,51
4470,3,11344,11344,0,0,0,0,1.0,1.0,1.0,1.0,1.0,1,0.5547398807658697,51
4471,3,11347,11347,0,0,0,0,1.0,1.0,1.0,1.0,1.0,1,0.543603981026659,50
4472,6,11353,11353,0,0,0,0,1.0,1.0,1.0,1.0,1.0,1,0.5884778786378247,48
4473,5,11358,11358,0,0,0,0,1.0,1.0,1.0,1.0,1.0,1,0.6051576327498694,47
4474,3,11361,11361,0,0,0,0,1.0,1.0,1.0,1.0,1.0,1,0.5797935966105691,49
4475,4,11365,11365,0,0,0,0,1.0,1.0,1.0,1.0,1.0,1,0.5731844047330685,47
4476,2,11367,11367,0,0,0,0,1.0,1.0,1.0,1.0,1.0,1,0.5583739059469655,49
4477,3,11370,11370,0,0,0,0,1.0,1.0,1.0,1.0,1.0,1,0.5916611304639551,48
4478,0,11370,11370,0,0,0,0,1.0,1.0,1.0,1.0,1.0,1,0.5916611304639551,48
4479,0,11370,11370,0,0,0,0,1.0,1.0,1.0,1.0,1.0,1,0.5916611304639551,48
4480,0,11370,11370,0,0,0,0,1.0,1.0,1.0,1.0,1.0,1,0.5928028104435072,49
4481,2,11372,11372,0,0,0,0,1.0,1.0,1.0,1.0,1.0,1,0.5882403830666934,49
4482,2,11374,11374,0,0,0,0,1.0,1.0,1.0,1.0,1.0,1,0.5911102121007892,49
4483,3,11377,11377,0,0,0,0,1.0,1.0,1.0,1.0,1.0,1,0.5848517591954719,50
4484,1,11378,11378,0,0,0,0,1.0,1.0,1.0,1.0,1.0,1,0.5739155852971496,52
4485,4,11382,11382,0,0,0,0,1.0,1.0,1.0,1.0,1.0,1,0.5681302483638769,53
4486,3,11385,11385,0,0,0,0,1.0,1.0,1.0,1.0,1.0,1,0.552065937270085,55
4487,2,11387,11387,0,0,0,0,1.0,1.0,1.0,1.0,1.0,1,0.5516826871223419,55
4488,4,11391,11391,0,0,0,0,1.0,1.0,1.0,1.0,1.0,1,0.548147811442597,54
4489,2,11393,11393,0,0,0,0,1.0,1.0,1.0,1.0,1.0,1,0.5484662290607866,53
4490,4,11397,11397,0,0,0,0,1.0,1.0,1.0,1.0,1.0,1,0.5651020372846876,53
4491,3,11400,11400,0,0,0,0,1.0,1.0,1.0,1.0,1.0,1,0.59505289575904,52
4492,2,11402,11402,0,0,0,0,1.0,1.0,1.0,1.0,1.0,1,0.5940409667707944,52
4493,2,11404,11404,0,0,0,0,1.0,1.0,1.0,1.0,1.0,1,0.6263975935306777,52
4494,0,11404,11404,0,0,0,0,1.0,1.0,1.0,1.0,1.0,1,0.6308635475728888,53
4495,1,11405,11405,0,0,0,0,1.0,1.0,1.0,1.0,1.0,1,0.644237229298676,50
4496,2,11407,11407,0,0,0,0,1.0,1.0,1.0,1.0,1.0,1,0.6302439126681114,51
4497,4,11411,11411,0,0,0,0,1.0,1.0,1.0,1.0,1.0,1,0.6160542427612046,50
4498,6,11417,11417,0,0,0,0,1.0,1.0,1.0,1.0,1.0,1,0.6127431057951057,49
4499,8,11425,11425,0,0,0,0,1.0,1.0,1.0,1.0,1.0,1,0.607905239362835,48
4500,6,11431,11431,0,0,0,0,1.0,1.0,1.0,1.0,1.0,1,0.5438453092197278,48
4501,5,11436,11436,0,0,0,0,1.0,1.0,1.0,1.0,1.0,1,0.5257279198824012,48
4502,7,11443,11443,0,0,0,0,1.0,1.0,1.0,1.0,1.0,1,0.5313020774426558,49
4503,5,11448,11448,0,0,0,0,1.0,1.0,1.0,1.0,1.0,1,0.5328801232999592,49
4504,2,11450,11450,0,0,0,0,1.0,1.0,1.0,1.0,1.0,1,0.5587652669238545,45
4505,5,11455,11455,0,0,0,0,1.0,1.0,1.0,1.0,1.0,1,0.5580870360888037,46
4506,4,11459,11459,0,0,0,0,1.0,1.0,1.0,1.0,1.0,1,0.5648392336651261,45
4507,3,11462,11462,0,0,0,0,1.0,1.0,1.0,1.0,1.0,1,0.5618226800857661,45
4508,1,11463,11463,0,0,0,0,1.0,1.0,1.0,1.0,1.0,1,0.5301957943215163,43
4509,0,11463,11463,0,0,0,0,1.0,1.0,1.0,1.0,1.0,1,0.5431338667569073,41
4510,2,11465,11465,0,0,0,0,1.0,1.0,1.0,1.0,1.0,1,0.5515681565087599,42
4511,1,11466,11466,0,0,0,0,1.0,1.0,1.0,1.0,1.0,1,0.5597560308716852,41
4512,2,11468,11468,0,0,0,0,1.0,1.0,1.0,1.0,1.0,1,0.5499939636425355,41
4513,2,11470,11470,0,0,0,0,1.0,1.0,1.0,1.0,1.0,1,0.5627250557632647,41
4514,4,11474,11474,0,0,0,0,1.0,1.0,1.0,1.0,1.0,1,0.5459071179459912,42
4515,3,11477,11477,0,0,0,0,1.0,1.0,1.0,1.0,1.0,1,0.5483601769992515,41
4516,2,11479,11479,0,0,0,0,1.0,1.0,1.0,1.0,1.0,1,0.556158470369095,42
4517,2,11481,11481,0,0,0,0,1.0,1.0,1.0,1.0,1.0,1,0.5668540963063695,43
4518,2,11483,11483,0,0,0,0,1.0,1.0,1.0,1.0,1.0,1,0.5705188526121379,42
4519,0,11483,11483,0,0,0,0,1.0,1.0,1.0,1.0,1.0,1,0.5705188526121379,42
4520,5,11488,11488,0,0,0,0,1.0,1.0,1.0,1.0,1.0,1,0.6133242193316267,42
4521,2,11490,11490,0,0,0,0,1.0,1.0,1.0,1.0,1.0,1,0.6080560242237242,42
4522,3,11493,11493,0,0,0,0,1.0,1.0,1.0,1.0,1.0,1,0.6316754559364511,42
4523,5,11498,11498,0,0,0,0,1.0,1.0,1.0,1.0,1.0,1,0.6428442867539901,42
4524,4,11502,11502,0,0,0,0,1.0,1.0,1.0,1.0,1.0,1,0.5707451168988873,43
4525,5,11507,11507,0,0,0,0,1.0,1.0,1.0,1.0,1.0,1,0.538630261284487,46
4526,5,11512,11512,0,0,0,0,1.0,1.0,1.0,1.0,1.0,1,0.5366804400937808,46
4527,6,11518,11518,0,0,0,0,1.0,1.0,1.0,1.0,1.0,1,0.5797407161763152,47
4528,3,11521,11521,0,0,0,0,1.0,1.0,1.0,1.0,1.0,1,0.5577372209640366,49
4529,3,11524,11524,0,0,0,0,1.0,1.0,1.0,1.0,1.0,1,0.5212047942940163,50
4530,1,11525,11525,0,0,0,0,1.0,1.0,1.0,1.0,1.0,1,0.5209997956401308,51
4531,4,11529,11529,0,0,0,0,1.0,1.0,1.0,1.0,1.0,1,0.5234369326838589,51
4532,0,11529,11529,0,0,0,0,1.0,1.0,1.0,1.0,1.0,1,0.5234369326838589,51
4533,2,11531,11531,0,0,0,0,1.0,1.0,1.0,1.0,1.0,1,0.4938572287971332,50
4534,1,11532,11532,0,0,0,0,1.0,1.0,1.0,1.0,1.0,1,0.48978393363195133,51
4535,1,11533,11533,0,0,0,0,1.0,1.0,1.0,1.0,1.0,1,0.46513257298323574,50
4536,2,11535,11535,0,0,0,0,1.0,1.0,1.0,1.0,1.0,1,0.47642283622174253,48
4537,2,11537,11537,0,0,0,0,1.0,1.0,1.0,1.0,1.0,1,0.47305418782691067,49
4538,1,11538,11538,0,0,0,0,1.0,1.0,1.0,1.0,1.0,1,0.502546036207548,48
4539,5,11543,11543,0,0,0,0,1.0,1.0,1.0,1.0,1.0,1,0.44831319874727016,50
4540,2,11545,11545,0,0,0,0,1.0,1.0,1.0,1.0,1.0,1,0.44312864130876867,49
4541,3,11548,11548,0,0,0,0,1.0,1.0,1.0,1.0,1.0,1,0.43394332091811844,49
4542,3,11551,11551,0,0,0,0,1.0,1.0,1.0,1.0,1.0,1,0.42540031564084796,47
4543,1,11552,11552,0,0,0,0,1.0,1.0,1.0,1.0,1.0,1,0.4424131710312979,45
4544,5,11557,11557,0,0,0,0,1.0,1.0,1.0,1.0,1.0,1,0.44782258286694926,45
4545,2,11559,11559,0,0,0,0,1.0,1.0,1.0,1.0,1.0,1,0.46532049058560404,43
4546,2,11561,11561,0,0,0,0,1.0,1.0,1.0,1.0,1.0,1,0.5031474896511499,43
4547,7,11568,11568,0,0,0,0,1.0,1.0,1.0,1.0,1.0,1,0.5092244575724126,41
4548,0,11568,11568,0,0,0,0,1.0,1.0,1.0,1.0,1.0,1,0.5121437876944536,42
4549,2,11570,11570,0,0,0,0,1.0,1.0,1.0,1.0,1.0,1,0.49906215535855347,41
4550,1,11571,11571,0,0,0,0,1.0,1.0,1.0,1.0,1.0,1,0.5350292147281693,41
4551,2,11573,11573,0,0,0,0,1.0,1.0,1.0,1.0,1.0,1,0.5763649049829401,39
4552,1,11574,11574,0,0,0,0,1.0,1.0,1.0,1.0,1.0,1,0.5646435713872913,38
4553,2,11576,11576,0,0,0,0,1.0,1.0,1.0,1.0,1.0,1,0.5597765399852004,39
4554,0,11576,11576,0,0,0,0,1.0,1.0,1.0,1.0,1.0,1,0.5611158740710632,38
4555,6,11582,11582,0,0,0,0,1.0,1.0,1.0,1.0,1.0,1,0.5852503286162815,37
4556,3,11585,11585,0,0,0,0,1.0,1.0,1.0,1.0,1.0,1,0.6087296048474071,36
4557,5,11590,11590,0,0,0,0,1.0,1.0,1.0,1.0,1.0,1,0.6413939772637937,38
4558,2,11592,11592,0,0,0,0,1.0,1.0,1.0,1.0,1.0,1,0.6158580317611392,39
4559,1,11593,11593,0,0,0,0,1.0,1.0,1.0,1.0,1.0,1,0.6283182311562635,38
4560,1,11594,11594,0,0,0,0,1.0,1.0,1.0,1.0,1.0,1,0.5994404703573128,41
4561,2,11596,11596,0,0,0,0,1.0,1.0,1.0,1.0,1.0,1,0.6105749810365184,41
4562,0,11596,11596,0,0,0,0,1.0,1.0,1.0,1.0,1.0,1,0.5948323330555939,43
4563,3,11599,11599,0,0,0,0,1.0,1.0,1.0,1.0,1.0,1,0.6347230537275543,42
4564,0,11599,11599,0,0,0,0,1.0,1.0,1.0,1.0,1.0,1,0.6238856747911885,43
4565,2,11601,11601,0,0,0,0,1.0,1.0,1.0,1.0,1.0,1,0.622135315122757,44
4566,2,11603,11603,0,0,0,0,1.0,1.0,1.0,1.0,1.0,1,0.6320326373009661,45
4567,3,11606,11606,0,0,0,0,1.0,1.0,1.0,1.0,1.0,1,0.6188585223007484,47
4568,1,11607,11607,0,0,0,0,1.0,1.0,1.0,1.0,1.0,1,0.6375783562718431,47
4569,4,11611,11611,0,0,0,0,1.0,1.0,1.0,1.0,1.0,1,0.6271328757485408,49
4570,5,11616,11616,0,0,0,0,1.0,1.0,1.0,1.0,1.0,1,0.620220459303551,49
4571,2,11618,11618,0,0,0,0,1.0,1.0,1.0,1.0,1.0,1,0.6074934425641146,48
4572,1,11619,11619,0,0,0,0,1.0,1.0,1.0,1.0,1.0,1,0.6103083234735334,48
4573,1,11620,11620,0,0,0,0,1.0,1.0,1.0,1.0,1.0,1,0.6163972900305429,48
4574,1,11621,11621,0,0,0,0,1.0,1.0,1.0,1.0,1.0,1,0.6172984344664794,50
4575,0,11621,11621,0,0,0,0,1.0,1.0,1.0,1.0,1.0,1,0.6121567026794781,51
4576,1,11622,11622,0,0,0,0,1.0,1.0,1.0,1.0,1.0,1,0.6162079215963605,48
4577,4,11626,11626,0,0,0,0,1.0,1.0,1.0,1.0,1.0,1,0.6285485548378389,47
4578,0,11626,11626,0,0,0,0,1.0,1.0,1.0,1.0,1.0,1,0.6234955195357504,46
4579,2,11628,11628,0,0,0,0,1.0,1.0,1.0,1.0,1.0,1,0.6354204953121636,46
4580,3,11631,11631,0,0,0,0,1.0,1.0,1.0,1.0,1.0,1,0.6267021436751765,47
4581,1,11632,11632,0,0,0,0,1.0,1.0,1.0,1.0,1.0,1,0.6364932090940297,47
4582,2,11634,11634,0,0,0,0,1.0,1.0,1.0,1.0,1.0,1,0.6409594673487247,48
4583,1,11635,11635,0,0,0,0,1.0,1.0,1.0,1.0,1.0,1,0.6377007742627363,48
4584,0,11635,11635,0,0,0,0,1.0,1.0,1.0,1.0,1.0,1,0.6331422199072811,50
4585,0,11635,11635,0,0,0,0,1.0,1.0,1.0,1.0,1.0,1,0.6331422199072811,50
4586,0,11635,11635,0,0,0,0,1.0,1.0,1.0,1.0,1.0,1,0.6331422199072811,50
4587,0,11635,11635,0,0,0,0,1.0,1.0,1.0,1.0,1.0,1,0.6331422199072811,50
4588,1,11636,11636,0,0,0,0,1.0,1.0,1.0,1.0,1.0,1,0.647828617097003,50
4589,0,11636,11636,0,0,0,0,1.0,1.0,1.0,1.0,1.0,1,0.6366594582173823,52
4590,2,11638,11638,0,0,0,0,1.0,1.0,1.0,1.0,1.0,1,0.6505918325862069,52
4591,3,11641,11641,0,0,0,0,1.0,1.0,1.0,1.0,1.0,1,0.6594999114820163,53
4592,1,11642,11642,0,0,0,0,1.0,1.0,1.0,1.0,1.0,1,0.6614600200311537,54
4593,2,11644,11644,0,0,0,0,1.0,1.0,1.0,1.0,1.0,1,0.6418971737916921,56
4594,1,11645,11645,0,0,0,0,1.0,1.0,1.0,1.0,1.0,1,0.6463859315494933,57
4595,1,11646,11646,0,0,0,0,1.0,1.0,1.0,1.0,1.0,1,0.6588233597854882,56
4596,3,11649,11649,0,0,0,0,1.0,1.0,1.0,1.0,1.0,1,0.652230085636922,56
4597,0,11649,11649,0,0,0,0,1.0,1.0,1.0,1.0,1.0,1,0.652230085636922,56
4598,3,11652,11652,0,0,0,0,1.0,1.0,1.0,1.0,1.0,1,0.6631975638853322,57
4599,2,11654,11654,0,0,0,0,1.0,1.0,1.0,1.0,1.0,1,0.6415053082437088,59
4600,3,11657,11657,0,0,0,0,0.9956858998943237,0.9882342724390646,0.9956858998943237,0.9882342724390646,1.0,1,0.6408875346253159,60
4601,1,11658,11658,0,0,0,0,0.9956858998943238,0.9882342724390646,0.9956858998943238,0.9882342724390646,1.0,1,0.6442584653879889,60
4602,1,11659,11659,0,0,0,0,0.9958250644138616,0.9882342724390646,0.9958250644138616,0.9882342724390646,1.0,1,0.6334128485044516,62
4603,1,11660,11660,0,0,0,0,0.9958250644138616,0.9882342724390646,0.9958250644138616,0.9882342724390646,1.0,1,0.6370970524643735,62
4604,1,11661,11661,0,0,0,0,0.9958913332326892,0.9882342724390646,0.9958913332326892,0.9882342724390646,1.0,1,0.6319347987139412,63
4605,1,11662,11662,0,0,0,0,0.9958913332326893,0.9882342724390646,0.9958913332326893,0.9882342724390646,1.0,1,0.6392680272205135,63
4606,1,11663,11663,0,0,0,0,0.9959555311509285,0.9882342724390646,0.9959555311509285,0.9882342724390646,1.0,1,0.6426811546404727,64
4607,2,11665,11665,0,0,0,0,0.9960177537486066,0.9882342724390646,0.9960177537486066,0.9882342724390646,1.0,1,0.6413890914041512,65
4608,1,11666,11666,0,0,0,0,0.9831465405223735,0.9578815386989729,0.9831465405223735,0.9578815386989729,1.0,1,0.6368041619888204,66
4609,2,11668,11668,0,0,0,0,1.0,1.0,1.0,1.0,1.0,1,0.6397228553570129,65
4610,2,11670,11670,0,0,0,0,1.0,1.0,1.0,1.0,1.0,1,0.6349500210687581,63
4611,2,11672,11672,0,0,0,0,1.0,1.0,1.0,1.0,1.0,1,0.6214621597771187,64
4612,2,11674,11674,0,0,0,0,1.0,1.0,1.0,1.0,1.0,1,0.606583016795316,62
4613,4,11678,11678,0,0,0,0,1.0,1.0,1.0,1.0,1.0,1,0.5781127557191099,63
4614,0,11678,11678,0,0,0,0,1.0,1.0,1.0,1.0,1.0,1,0.5745689024046897,61
4615,7,11685,11685,0,0,0,0,1.0,1.0,1.0,1.0,1.0,1,0.5582811067140302,59
4616,1,11686,11686,0,0,0,0,1.0,1.0,1.0,1.0,1.0,1,0.551036867161448,58
4617,1,11687,11687,0,0,0,0,1.0,1.0,1.0,1.0,1.0,1,0.5544759244526744,58
4618,4,11691,11691,0,0,0,0,1.0,1.0,1.0,1.0,1.0,1,0.5767850478362597,57
4619,3,11694,11694,0,0,0,0,1.0,1.0,1.0,1.0,1.0,1,0.5803646724359315,57
4620,4,11698,11698,0,0,0,0,1.0,1.0,1.0,1.0,1.0,1,0.5918762177341298,57
4621,3,11701,11701,0,0,0,0,1.0,1.0,1.0,1.0,1.0,1,0.6042059330449501,59
4622,5,11706,11706,0,0,0,0,0.9980249597822379,0.9946135266788306,0.9980249597822379,0.9946135266788306,1.0,1,0.6219898683060852,60
4623,6,11712,11712,0,0,0,0,1.0,1.0,1.0,1.0,1.0,1,0.621207316303596,59
4624,3,11715,11715,0,0,0,0,1.0,1.0,1.0,1.0,1.0,1,0.6201088277225496,59
4625,6,11721,11721,0,0,0,0,1.0,1.0,1.0,1.0,1.0,1,0.6213420497162101,57
4626,1,11722,11722,0,0,0,0,1.0,1.0,1.0,1.0,1.0,1,0.6255243654486812,56
4627,5,11727,11727,0,0,0,0,1.0,1.0,1.0,1.0,1.0,1,0.6503397419980744,56
4628,2,11729,11729,0,0,0,0,1.0,1.0,1.0,1.0,1.0,1,0.6492899145201415,56
4629,3,11732,11732,0,0,0,0,1.0,1.0,1.0,1.0,1.0,1,0.6557908783146265,56
4630,1,11733,11733,0,0,0,0,1.0,1.0,1.0,1.0,1.0,1,0.6507583178407227,57
4631,3,11736,11736,0,0,0,0,1.0,1.0,1.0,1.0,1.0,1,0.6775374468532009,56
4632,0,11736,11736,0,0,0,0,1.0,1.0,1.0,1.0,1.0,1,0.6773454477795814,57
4633,1,11737,11737,0,0,0,0,1.0,1.0,1.0,1.0,1.0,1,0.670671023376431,58
4634,0,11737,11737,0,0,0,0,1.0,1.0,1.0,1.0,1.0,1,0.670671023376431,58
4635,1,11738,11738,0,0,0,0,1.0,1.0,1.0,1.0,1.0,1,0.6539177890990983,59
4636,1,11739,11739,0,0,0,0,1.0,1.0,1.0,1.0,1.0,1,0.6372376685109741,60
4637,2,11741,11741,0,0,0,0,1.0,1.0,1.0,1.0,1.0,1,0.6296067728640067,60
4638,4,11745,11745,0,0,0,0,0.9809707979841806,0.9495312468276097,0.9809707979841806,0.9495312468276097,1.0,1,0.6333459381735583,61
4639,3,11748,11748,0,0,0,0,0.9656523570876522,0.9112685891431012,0.9656523570876522,0.9112685891431012,1.0,1,0.6224228830003362,62
4640,1,11749,11749,0,0,0,0,0.9462828040335296,0.8646326661644945,0.9462828040335296,0.8646326661644945,1.0,1,0.6193096232582705,63
4641,3,11752,11752,0,0,0,0,0.9462828040335296,0.8646326661644945,0.9462828040335296,0.8646326661644945,1.0,1,0.599003424509032,63
4642,5,11757,11757,0,0,0,0,0.9310121878709456,0.8354906018461011,0.9310121878709456,0.8354906018461011,1.0,1,0.6033523314210812,62
4643,2,11759,11759,0,0,0,0,0.9321072325079147,0.8354906018461011,0.9321072325079147,0.8354906018461011,1.0,1,0.5828051888772207,63
4644,4,11763,11763,0,0,0,0,0.9310121878709455,0.8354906018461011,0.9310121878709455,0.8354906018461011,1.0,1,0.5924027714011356,62
4645,3,11766,11766,0,0,0,0,0.9321072325079148,0.8354906018461011,0.9321072325079148,0.8354906018461011,1.0,1,0.5938377142228416,63
4646,0,11766,11766,0,0,0,0,0.9321072325079147,0.8354906018461011,0.9321072325079147,0.8354906018461011,1.0,1,0.5938377142228416,63
4647,5,11771,11771,0,0,0,0,0.9431494764918692,0.8590107016998358,0.9431494764918692,0.8590107016998358,1.0,1,0.6071366521252017,62
4648,0,11771,11771,0,0,0,0,0.9440518657539031,0.8590107016998358,0.9440518657539031,0.8590107016998358,1.0,1,0.6110568653598926,63
4649,1,11772,11772,0,0,0,0,0.9716089027244034,0.9247018724429832,0.9716089027244034,0.9247018724429832,1.0,1,0.618820531032551,61
4650,2,11774,11774,0,0,0,0,0.9794991909209128,0.9438456099138048,0.9794991909209128,0.9438456099138048,1.0,1,0.5956216283650901,63
4651,2,11776,11776,0,0,0,0,0.9936467739400184,0.982095453830961,0.9936467739400184,0.982095453830961,1.0,1,0.5926228288499414,62
4652,1,11777,11777,0,0,0,0,1.0,1.0,1.0,1.0,1.0,1,0.5951294322892177,59
4653,3,11780,11780,0,0,0,0,1.0,1.0,1.0,1.0,1.0,1,0.5906178963694405,60
4654,6,11786,11786,0,0,0,0,1.0,1.0,1.0,1.0,1.0,1,0.5915678689591511,60
4655,6,11792,11792,0,0,0,0,1.0,1.0,1.0,1.0,1.0,1,0.579234994972897,60
4656,5,11797,11797,0,0,0,0,1.0,1.0,1.0,1.0,1.0,1,0.6041438865508375,61
4657,5,11802,11802,0,0,0,0,1.0,1.0,1.0,1.0,1.0,1,0.5868835073498316,62
4658,5,11807,11807,0,0,0,0,1.0,1.0,1.0,1.0,1.0,1,0.5957287137959021,62
4659,6,11813,11813,0,0,0,0,1.0,1.0,1.0,1.0,1.0,1,0.5863850916193364,61
4660,0,11813,11813,0,0,0,0,1.0,1.0,1.0,1.0,1.0,1,0.5866502056437053,61
4661,5,11818,11818,0,0,0,0,0.9763273882160397,0.9398321117157673,0.9763273882160397,0.9398321117157673,1.0,1,0.5980488926758417,61
4662,3,11821,11821,0,0,0,0,0.9767092045351358,0.9398321117157673,0.9767092045351358,0.9398321117157673,1.0,1,0.5935879494759682,62
4663,3,11824,11824,0,0,0,0,0.9955512614549998,0.9882011716849997,0.9955512614549998,0.9882011716849997,1.0,1,0.5769744927827211,61
4664,3,11827,11827,0,0,0,0,1.0,1.0,1.0,1.0,1.0,1,0.5813206318151476,62
4665,0,11827,11827,0,0,0,0,1.0,1.0,1.0,1.0,1.0,1,0.5884654241705715,61
4666,5,11832,11832,0,0,0,0,1.0,1.0,1.0,1.0,1.0,1,0.5858396729516707,61
4667,3,11835,11835,0,0,0,0,1.0,1.0,1.0,1.0,1.0,1,0.5877416374997583,59
4668,4,11839,11839,0,0,0,0,1.0,1.0,1.0,1.0,1.0,1,0.5483955504569871,59
4669,2,11841,11841,0,0,0,0,1.0,1.0,1.0,1.0,1.0,1,0.5726153728127503,58
4670,5,11846,11846,0,0,0,0,1.0,1.0,1.0,1.0,1.0,1,0.5899448926653577,57
4671,0,11846,11846,0,0,0,0,1.0,1.0,1.0,1.0,1.0,1,0.601398743017782,55
4672,4,11850,11850,0,0,0,0,1.0,1.0,1.0,1.0,1.0,1,0.6330199767046123,56
4673,2,11852,11852,0,0,0,0,1.0,1.0,1.0,1.0,1.0,1,0.6096268945689781,58
4674,5,11857,11857,0,0,0,0,1.0,1.0,1.0,1.0,1.0,1,0.5956524697235307,58
4675,0,11857,11857,0,0,0,0,1.0,1.0,1.0,1.0,1.0,1,0.6225229119053852,57
4676,2,11859,11859,0,0,0,0,0.9879909097621432,0.9668320364859195,0.9879909097621432,0.9668320364859195,1.0,1,0.6123135749951026,58
4677,0,11859,11859,0,0,0,0,0.9877802239684967,0.9668320364859195,0.9877802239684967,0.9668320364859195,1.0,1,0.6272238001002512,57
4678,9,11868,11868,0,0,0,0,1.0,1.0,1.0,1.0,1.0,1,0.5817700399387783,57
4679,1,11869,11869,0,0,0,0,1.0,1.0,1.0,1.0,1.0,1,0.5736589315890047,57
4680,5,11874,11874,0,0,0,0,1.0,1.0,1.0,1.0,1.0,1,0.5552662066394792,59
4681,4,11878,11878,0,0,0,0,1.0,1.0,1.0,1.0,1.0,1,0.5742220226811634,60
4682,6,11884,11884,0,0,0,0,1.0,1.0,1.0,1.0,1.0,1,0.5683223066915503,60
4683,8,11892,11892,0,0,0,0,1.0,1.0,1.0,1.0,1.0,1,0.5978478248083327,60
4684,1,11893,11893,0,0,0,0,1.0,1.0,1.0,1.0,1.0,1,0.6016143747836232,60
4685,3,11896,11896,0,0,0,0,1.0,1.0,1.0,1.0,1.0,1,0.6057942068690388,59
4686,1,11897,11897,0,0,0,0,1.0,1.0,1.0,1.0,1.0,1,0.597386681135866,60
4687,2,11899,11899,0,0,0,0,1.0,1.0,1.0,1.0,1.0,1,0.5905138332411505,59
4688,2,11901,11901,0,0,0,0,1.0,1.0,1.0,1.0,1.0,1,0.6048343863378421,59
4689,2,11903,11903,0,0,0,0,1.0,1.0,1.0,1.0,1.0,1,0.5938229917668765,59
4690,0,11903,11903,0,0,0,0,1.0,1.0,1.0,1.0,1.0,1,0.5798002120343647,58
4691,1,11904,11904,0,0,0,0,1.0,1.0,1.0,1.0,1.0,1,0.5649467899140851,57
4692,2,11906,11906,0,0,0,0,1.0,1.0,1.0,1.0,1.0,1,0.5447673658657423,58
4693,0,11906,11906,0,0,0,0,1.0,1.0,1.0,1.0,1.0,1,0.5425216615793481,57
4694,2,11908,11908,0,0,0,0,1.0,1.0,1.0,1.0,1.0,1,0.5162993767268,57
4695,1,11909,11909,0,0,0,0,1.0,1.0,1.0,1.0,1.0,1,0.5191296943227721,56
4696,2,11911,11911,0,0,0,0,1.0,1.0,1.0,1.0,1.0,1,0.5052417564452836,57
4697,2,11913,11913,0,0,0,0,1.0,1.0,1.0,1.0,1.0,1,0.49534805889306593,58
4698,1,11914,11914,0,0,0,0,1.0,1.0,1.0,1.0,1.0,1,0.4957470432786028,59
4699,5,11919,11919,0,0,0,0,1.0,1.0,1.0,1.0,1.0,1,0.49770100734773254,58
4700,2,11921,11921,0,0,0,0,1.0,1.0,1.0,1.0,1.0,1,0.49438906873957333,59
4701,4,11925,11925,0,0,0,0,1.0,1.0,1.0,1.0,1.0,1,0.4864539405751121,60
4702,5,11930,11930,0,0,0,0,1.0,1.0,1.0,1.0,1.0,1,0.48223891060161705,61
4703,5,11935,11935,0,0,0,0,1.0,1.0,1.0,1.0,1.0,1,0.4806233929042073,59
4704,6,11941,11941,0,0,0,0,1.0,1.0,1.0,1.0,1.0,1,0.4853782268260323,58
4705,6,11947,11947,0,0,0,0,1.0,1.0,1.0,1.0,1.0,1,0.5104296368327634,58
4706,6,11953,11953,0,0,0,0,1.0,1.0,1.0,1.0,1.0,1,0.5373712545700671,60
4707,5,11958,11958,0,0,0,0,1.0,1.0,1.0,1.0,1.0,1,0.5612704527211785,57
4708,3,11961,11961,0,0,0,0,1.0,1.0,1.0,1.0,1.0,1,0.5658088137430188,57
4709,3,11964,11964,0,0,0,0,1.0,1.0,1.0,1.0,1.0,1,0.5903561886367618,55
4710,2,11966,11966,0,0,0,0,1.0,1.0,1.0,1.0,1.0,1,0.5783739831850802,53
4711,4,11970,11970,0,0,0,0,1.0,1.0,1.0,1.0,1.0,1,0.5690120823499892,52
4712,3,11973,11973,0,0,0,0,1.0,1.0,1.0,1.0,1.0,1,0.5827679341465093,52
4713,3,11976,11976,0,0,0,0,1.0,1.0,1.0,1.0,1.0,1,0.6046443246198929,51
4714,1,11977,11977,0,0,0,0,1.0,1.0,1.0,1.0,1.0,1,0.6155250285590472,50
4715,3,11980,11980,0,0,0,0,1.0,1.0,1.0,1.0,1.0,1,0.5801223597232713,50
4716,0,11980,11980,0,0,0,0,1.0,1.0,1.0,1.0,1.0,1,0.5740300363692693,49
4717,2,11982,11982,0,0,0,0,1.0,1.0,1.0,1.0,1.0,1,0.5468369342183376,49
4718,1,11983,11983,0,0,0,0,1.0,1.0,1.0,1.0,1.0,1,0.5379146782098709,50
4719,4,11987,11987,0,0,0,0,1.0,1.0,1.0,1.0,1.0,1,0.5507099107197789,49
4720,1,11988,11988,0,0,0,0,1.0,1.0,1.0,1.0,1.0,1,0.5661722379220361,49
4721,1,11989,11989,0,0,0,0,1.0,1.0,1.0,1.0,1.0,1,0.559673866574587,50
4722,0,11989,11989,0,0,0,0,1.0,1.0,1.0,1.0,1.0,1,0.5621176259185954,51
4723,3,11992,11992,0,0,0,0,1.0,1.0,1.0,1.0,1.0,1,0.5440307338029173,50
4724,1,11993,11993,0,0,0,0,1.0,1.0,1.0,1.0,1.0,1,0.5323335885350946,50
4725,3,11996,11996,0,0,0,0,1.0,1.0,1.0,1.0,1.0,1,0.5317626142633729,52
4726,3,11999,11999,0,0,0,0,1.0,1.0,1.0,1.0,1.0,1,0.5165031109942076,51
4727,2,12001,12001,0,0,0,0,1.0,1.0,1.0,1.0,1.0,1,0.5243840231610203,52
4728,3,12004,12004,0,0,0,0,1.0,1.0,1.0,1.0,1.0,1,0.49118229393247037,52
4729,4,12008,12008,0,0,0,0,1.0,1.0,1.0,1.0,1.0,1,0.48764508787583755,52
4730,5,12013,12013,0,0,0,0,1.0,1.0,1.0,1.0,1.0,1,0.5023265657333724,50
4731,5,12018,12018,0,0,0,0,1.0,1.0,1.0,1.0,1.0,1,0.4974529125154758,51
4732,3,12021,12021,0,0,0,0,1.0,1.0,1.0,1.0,1.0,1,0.5057645539570261,52
4733,2,12023,12023,0,0,0,0,1.0,1.0,1.0,1.0,1.0,1,0.5015486203666728,53
4734,3,12026,12026,0,0,0,0,1.0,1.0,1.0,1.0,1.0,1,0.4965846766105233,53
4735,0,12026,12026,0,0,0,0,1.0,1.0,1.0,1.0,1.0,1,0.4965846766105233,53
4736,0,12026,12026,0,0,0,0,1.0,1.0,1.0,1.0,1.0,1,0.4953027449877698,55
4737,0,12026,12026,0,0,0,0,1.0,1.0,1.0,1.0,1.0,1,0.4937594238879086,57
4738,3,12029,12029,0,0,0,0,1.0,1.0,1.0,1.0,1.0,1,0.51608959671195,57
4739,2,12031,12031,0,0,0,0,1.0,1.0,1.0,1.0,1.0,1,0.5215751082697677,57
4740,1,12032,12032,0,0,0,0,1.0,1.0,1.0,1.0,1.0,1,0.5357550803280551,57
4741,3,12035,12035,0,0,0,0,1.0,1.0,1.0,1.0,1.0,1,0.5485038345446009,58
4742,3,12038,12038,0,0,0,0,1.0,1.0,1.0,1.0,1.0,1,0.570466526181088,58
4743,4,12042,12042,0,0,0,0,1.0,1.0,1.0,1.0,1.0,1,0.572332957035985,56
4744,4,12046,12046,0,0,0,0,1.0,1.0,1.0,1.0,1.0,1,0.5786516584100898,57
4745,3,12049,12049,0,0,0,0,1.0,1.0,1.0,1.0,1.0,1,0.5824709100740685,56
4746,3,12052,12052,0,0,0,0,1.0,1.0,1.0,1.0,1.0,1,0.6012292911878274,56
4747,4,12056,12056,0,0,0,0,1.0,1.0,1.0,1.0,1.0,1,0.6034176817933834,55
4748,2,12058,12058,0,0,0,0,1.0,1.0,1.0,1.0,1.0,1,0.6148278075839602,55
4749,1,12059,12059,0,0,0,0,1.0,1.0,1.0,1.0,1.0,1,0.6060654070407289,54
4750,1,12060,12060,0,0,0,0,1.0,1.0,1.0,1.0,1.0,1,0.607909755352481,53
4751,0,12060,12060,0,0,0,0,1.0,1.0,1.0,1.0,1.0,1,0.6254782263663331,53
4752,1,12061,12061,0,0,0,0,1.0,1.0,1.0,1.0,1.0,1,0.6261586284956806,53
4753,2,12063,12063,0,0,0,0,1.0,1.0,1.0,1.0,1.0,1,0.6158292945169255,52
4754,1,12064,12064,0,0,0,0,1.0,1.0,1.0,1.0,1.0,1,0.6076632459325799,52
4755,2,12066,12066,0,0,0,0,1.0,1.0,1.0,1.0,1.0,1,0.5903241910525838,51
4756,2,12068,12068,0,0,0,0,1.0,1.0,1.0,1.0,1.0,1,0.5770912599447392,52
4757,2,12070,12070,0,0,0,0,1.0,1.0,1.0,1.0,1.0,1,0.5594498315374011,51
4758,5,12075,12075,0,0,0,0,1.0,1.0,1.0,1.0,1.0,1,0.540963207096189,51
4759,4,12079,12079,0,0,0,0,1.0,1.0,1.0,1.0,1.0,1,0.5531567913486687,51
4760,7,12086,12086,0,0,0,0,1.0,1.0,1.0,1.0,1.0,1,0.5384811381636787,52
4761,7,12093,12093,0,0,0,0,1.0,1.0,1.0,1.0,1.0,1,0.5800268902307252,50
4762,7,12100,12100,0,0,0,0,1.0,1.0,1.0,1.0,1.0,1,0.5952408714109586,51
4763,6,12106,12106,0,0,0,0,1.0,1.0,1.0,1.0,1.0,1,0.5977826466321376,51
4764,3,12109,12109,0,0,0,0,1.0,1.0,1.0,1.0,1.0,1,0.559505600925592,53
4765,4,12113,12113,0,0,0,0,1.0,1.0,1.0,1.0,1.0,1,0.5467954103984461,53
4766,1,12114,12114,0,0,0,0,1.0,1.0,1.0,1.0,1.0,1,0.5170840143152545,55
4767,0,12114,12114,0,0,0,0,1.0,1.0,1.0,1.0,1.0,1,0.5076440567309318,56
4768,2,12116,12116,0,0,0,0,1.0,1.0,1.0,1.0,1.0,1,0.4825035207156885,56
4769,0,12116,12116,0,0,0,0,1.0,1.0,1.0,1.0,1.0,1,0.4825035207156885,56
4770,0,12116,12116,0,0,0,0,1.0,1.0,1.0,1.0,1.0,1,0.4825035207156885,56
4771,0,12116,12116,0,0,0,0,1.0,1.0,1.0,1.0,1.0,1,0.48588536098802493,55
4772,1,12117,12117,0,0,0,0,1.0,1.0,1.0,1.0,1.0,1,0.4927996057015322,56
4773,1,12118,12118,0,0,0,0,1.0,1.0,1.0,1.0,1.0,1,0.4970482873718335,56
4774,4,12122,12122,0,0,0,0,1.0,1.0,1.0,1.0,1.0,1,0.4889046674931863,58
4775,2,12124,12124,0,0,0,0,1.0,1.0,1.0,1.0,1.0,1,0.47781663485106324,59
4776,2,12126,12126,0,0,0,0,1.0,1.0,1.0,1.0,1.0,1,0.5121877052745781,59
4777,4,12130,12130,0,0,0,0,1.0,1.0,1.0,1.0,1.0,1,0.5011909341212416,60
4778,2,12132,12132,0,0,0,0,1.0,1.0,1.0,1.0,1.0,1,0.5209912815640104,60
4779,4,12136,12136,0,0,0,0,1.0,1.0,1.0,1.0,1.0,1,0.5029292264343659,61
4780,6,12142,12142,0,0,0,0,1.0,1.0,1.0,1.0,1.0,1,0.5233247023215334,63
4781,2,12144,12144,0,0,0,0,1.0,1.0,1.0,1.0,1.0,1,0.5376562279916732,62
4782,10,12154,12154,0,0,0,0,1.0,1.0,1.0,1.0,1.0,1,0.5521343892722889,63
4783,2,12156,12156,0,0,0,0,1.0,1.0,1.0,1.0,1.0,1,0.5553930379533504,62
4784,11,12167,12167,0,0,0,0,0.9457398992872629,0.865434950232412,0.9457398992872629,0.865434950232412,1.0,1,0.5544729515144189,62
4785,5,12172,12172,0,0,0,0,0.9831649477510624,0.9546185548072118,0.9831649477510624,0.9546185548072118,1.0,1,0.5580588912070046,62
4786,13,12185,12185,0,0,0,0,0.9590522551048036,0.8878387857218534,0.9590522551048036,0.8878387857218534,1.0,1,0.5479808026675742,63
4787,6,12191,12191,0,0,0,0,0.9730879827811589,0.924157042383266,0.9730879827811589,0.924157042383266,1.0,1,0.5388346338519308,62
4788,6,12197,12197,0,0,0,0,0.9681052200190604,0.9101147109628065,0.9681052200190604,0.9101147109628065,1.0,1,0.5269716496994012,62
4789,5,12202,12202,0,0,0,0,0.9877458419232408,0.9649881197806879,0.9877458419232408,0.9649881197806879,1.0,1,0.5237197685073139,60
4790,3,12205,12205,0,0,0,0,0.9895354087109298,0.9696028538746055,0.9895354087109298,0.9696028538746055,1.0,1,0.5284830995055596,61
4791,5,12210,12210,0,0,0,0,0.9803851330277772,0.9439575229365061,0.9803851330277772,0.9439575229365061,1.0,1,0.5512112835096439,60
4792,3,12213,12213,0,0,0,0,1.0,1.0,1.0,1.0,1.0,1,0.5477928335891736,60
4793,5,12218,12218,0,0,0,0,0.9882522293539148,0.9658755233613714,0.9882522293539148,0.9658755233613714,1.0,1,0.5845173095883657,61
4794,1,12219,12219,0,0,0,0,0.969810118494424,0.91903622687141,0.969810118494424,0.91903622687141,1.0,1,0.5952722818514814,59
4795,0,12219,12219,0,0,0,0,0.9707999506749347,0.91903622687141,0.9707999506749347,0.91903622687141,1.0,1,0.5935276717325882,61
4796,0,12219,12219,0,0,0,0,0.969810118494424,0.91903622687141,0.969810118494424,0.91903622687141,1.0,1,0.6017589680858982,59
4797,0,12219,12219,0,0,0,0,0.9692896032960522,0.91903622687141,0.9692896032960522,0.91903622687141,1.0,1,0.6163489346349381,58
4798,0,12219,12219,0,0,0,0,0.9698101184944239,0.91903622687141,0.9698101184944239,0.91903622687141,1.0,1,0.6169652987484141,59
4799,4,12223,12223,0,0,0,0,0.9906306633636942,0.9732973905865285,0.9906306633636942,0.9732973905865285,1.0,1,0.614860320324921,57
4800,0,12223,12223,0,0,0,0,0.9907922036505271,0.9732973905865285,0.9907922036505271,0.9732973905865285,1.0,1,0.604807074265165,58
4801,0,12223,12223,0,0,0,0,0.9906306633636942,0.9732973905865285,0.9906306633636942,0.9732973905865285,1.0,1,0.5888419995553746,57
4802,1,12224,12224,0,0,0,0,1.0,1.0,1.0,1.0,1.0,1,0.5893188448723753,57
4803,3,12227,12227,0,0,0,0,1.0,1.0,1.0,1.0,1.0,1,0.5368448374335303,56
4804,2,12229,12229,0,0,0,0,1.0,1.0,1.0,1.0,1.0,1,0.5537708452186463,54
4805,4,12233,12233,0,0,0,0,1.0,1.0,1.0,1.0,1.0,1,0.4957658040522125,56
4806,1,12234,12234,0,0,0,0,1.0,1.0,1.0,1.0,1.0,1,0.5039292291308737,55
4807,3,12237,12237,0,0,0,0,1.0,1.0,1.0,1.0,1.0,1,0.5535745684629764,54
4808,4,12241,12241,0,0,0,0,0.997164256616118,0.9924852800327127,0.997164256616118,0.9924852800327127,1.0,1,0.5538214605541246,53
4809,2,12243,12243,0,0,0,0,1.0,1.0,1.0,1.0,1.0,1,0.5658817057454748,53
4810,5,12248,12248,0,0,0,0,1.0,1.0,1.0,1.0,1.0,1,0.5685266430370183,51
4811,2,12250,12250,0,0,0,0,1.0,1.0,1.0,1.0,1.0,1,0.5591950836909966,52
4812,6,12256,12256,0,0,0,0,1.0,1.0,1.0,1.0,1.0,1,0.576493299108517,52
4813,5,12261,12261,0,0,0,0,1.0,1.0,1.0,1.0,1.0,1,0.5838365445049252,52
4814,6,12267,12267,0,0,0,0,1.0,1.0,1.0,1.0,1.0,1,0.5953209238873584,53
4815,5,12272,12272,0,0,0,0,1.0,1.0,1.0,1.0,1.0,1,0.5610622137372263,54
4816,6,12278,12278,0,0,0,0,1.0,1.0,1.0,1.0,1.0,1,0.5710292757478606,54
4817,7,12285,12285,0,0,0,0,1.0,1.0,1.0,1.0,1.0,1,0.5441213733752132,55
4818,4,12289,12289,0,0,0,0,1.0,1.0,1.0,1.0,1.0,1,0.5419118426947812,55
4819,5,12294,12294,0,0,0,0,1.0,1.0,1.0,1.0,1.0,1,0.513152604989443,55
4820,1,12295,12295,0,0,0,0,1.0,1.0,1.0,1.0,1.0,1,0.5151777009278682,55
4821,3,12298,12298,0,0,0,0,1.0,1.0,1.0,1.0,1.0,1,0.5031076994161,55
4822,4,12302,12302,0,0,0,0,1.0,1.0,1.0,1.0,1.0,1,0.5193492782916013,54
4823,0,12302,12302,0,0,0,0,1.0,1.0,1.0,1.0,1.0,1,0.5337782538177032,54
4824,6,12308,12308,0,0,0,0,1.0,1.0,1.0,1.0,1.0,1,0.5398579970653031,55
4825,3,12311,12311,0,0,0,0,1.0,1.0,1.0,1.0,1.0,1,0.5633487128898292,53
4826,4,12315,12315,0,0,0,0,1.0,1.0,1.0,1.0,1.0,1,0.5490750203999682,54
4827,3,12318,12318,0,0,0,0,1.0,1.0,1.0,1.0,1.0,1,0.5186224890633342,53
4828,3,12321,12321,0,0,0,0,1.0,1.0,1.0,1.0,1.0,1,0.5062514642894912,54
4829,2,12323,12323,0,0,0,0,1.0,1.0,1.0,1.0,1.0,1,0.4698807880962603,54
4830,3,12326,12326,0,0,0,0,1.0,1.0,1.0,1.0,1.0,1,0.5108990816562841,53
4831,0,12326,12326,0,0,0,0,1.0,1.0,1.0,1.0,1.0,1,0.5128000078240377,52
4832,3,12329,12329,0,0,0,0,1.0,1.0,1.0,1.0,1.0,1,0.5632811833216531,50
4833,1,12330,12330,0,0,0,0,1.0,1.0,1.0,1.0,1.0,1,0.5762797638173278,51
4834,4,12334,12334,0,0,0,0,1.0,1.0,1.0,1.0,1.0,1,0.639506213848783,51
4835,2,12336,12336,0,0,0,0,1.0,1.0,1.0,1.0,1.0,1,0.629223321942094,50
4836,3,12339,12339,0,0,0,0,0.9579293459867902,0.904384877242705,0.9579293459867902,0.904384877242705,1.0,1,0.6745259184285984,50
4837,1,12340,12340,0,0,0,0,0.9761693456549068,0.9477995190536053,0.9761693456549068,0.9477995190536053,1.0,1,0.6884560783880743,46
4838,2,12342,12342,0,0,0,0,0.9761106782965886,0.9465334228542698,0.9761106782965886,0.9465334228542698,1.0,1,0.6752236176332616,47
4839,0,12342,12342,0,0,0,0,0.9750489306653258,0.9465334228542698,0.9750489306653258,0.9465334228542698,1.0,1,0.6755769908372691,45
4840,2,12344,12344,0,0,0,0,0.9723851302035863,0.940825279007685,0.9723851302035863,0.940825279007685,1.0,1,0.6915310930756228,45
4841,3,12347,12347,0,0,0,0,1.0,1.0,1.0,1.0,1.0,1,0.6846295373232173,43
4842,0,12347,12347,0,0,0,0,1.0,1.0,1.0,1.0,1.0,1,0.6745960911763607,43
4843,5,12352,12352,0,0,0,0,1.0,1.0,1.0,1.0,1.0,1,0.6308213094852361,44
4844,1,12353,12353,0,0,0,0,1.0,1.0,1.0,1.0,1.0,1,0.6548638577572179,43
4845,3,12356,12356,0,0,0,0,1.0,1.0,1.0,1.0,1.0,1,0.6580177214909227,44
4846,1,12357,12357,0,0,0,0,1.0,1.0,1.0,1.0,1.0,1,0.6482485244691895,43
4847,1,12358,12358,0,0,0,0,1.0,1.0,1.0,1.0,1.0,1,0.6431615839788146,42
4848,1,12359,12359,0,0,0,0,1.0,1.0,1.0,1.0,1.0,1,0.6425531399666818,41
4849,2,12361,12361,0,0,0,0,1.0,1.0,1.0,1.0,1.0,1,0.5777158205692828,41
4850,2,12363,12363,0,0,0,0,1.0,1.0,1.0,1.0,1.0,1,0.5771772958776162,41
4851,2,12365,12365,0,0,0,0,1.0,1.0,1.0,1.0,1.0,1,0.5961003778859201,41
4852,2,12367,12367,0,0,0,0,1.0,1.0,1.0,1.0,1.0,1,0.6034841420781605,43
4853,0,12367,12367,0,0,0,0,1.0,1.0,1.0,1.0,1.0,1,0.6114086146316285,44
4854,0,12367,12367,0,0,0,0,1.0,1.0,1.0,1.0,1.0,1,0.6025218534692762,45
4855,2,12369,12369,0,0,0,0,1.0,1.0,1.0,1.0,1.0,1,0.6396140467627234,44
4856,0,12369,12369,0,0,0,0,1.0,1.0,1.0,1.0,1.0,1,0.6396140467627234,44
4857,0,12369,12369,0,0,0,0,1.0,1.0,1.0,1.0,1.0,1,0.6381280855594504,44
4858,1,12370,12370,0,0,0,0,1.0,1.0,1.0,1.0,1.0,1,0.6394198358215638,45
4859,2,12372,12372,0,0,0,0,1.0,1.0,1.0,1.0,1.0,1,0.6498327028193901,46
4860,2,12374,12374,0,0,0,0,1.0,1.0,1.0,1.0,1.0,1,0.6435969577916749,46
4861,3,12377,12377,0,0,0,0,1.0,1.0,1.0,1.0,1.0,1,0.6045159147845942,46
4862,6,12383,12383,0,0,0,0,1.0,1.0,1.0,1.0,1.0,1,0.6201161464569307,47
4863,3,12386,12386,0,0,0,0,1.0,1.0,1.0,1.0,1.0,1,0.6100725292621624,47
4864,5,12391,12391,0,0,0,0,1.0,1.0,1.0,1.0,1.0,1,0.6261725360197732,47
4865,1,12392,12392,0,0,0,0,1.0,1.0,1.0,1.0,1.0,1,0.6171894644879186,48
4866,3,12395,12395,0,0,0,0,1.0,1.0,1.0,1.0,1.0,1,0.6210987414375762,49
4867,0,12395,12395,0,0,0,0,1.0,1.0,1.0,1.0,1.0,1,0.6167382658435225,50
4868,2,12397,12397,0,0,0,0,1.0,1.0,1.0,1.0,1.0,1,0.6213573968844337,50
4869,3,12400,12400,0,0,0,0,1.0,1.0,1.0,1.0,1.0,1,0.6451875293091066,50
4870,2,12402,12402,0,0,0,0,1.0,1.0,1.0,1.0,1.0,1,0.6371312910993107,52
4871,2,12404,12404,0,0,0,0,1.0,1.0,1.0,1.0,1.0,1,0.6448430555831838,52
4872,2,12406,12406,0,0,0,0,1.0,1.0,1.0,1.0,1.0,1,0.6261493328227907,53
4873,3,12409,12409,0,0,0,0,1.0,1.0,1.0,1.0,1.0,1,0.6384502885513029,55
4874,2,12411,12411,0,0,0,0,1.0,1.0,1.0,1.0,1.0,1,0.6235058643591497,56
4875,4,12415,12415,0,0,0,0,1.0,1.0,1.0,1.0,1.0,1,0.6341640317961957,55
4876,2,12417,12417,0,0,0,0,1.0,1.0,1.0,1.0,1.0,1,0.6458950618534955,55
4877,3,12420,12420,0,0,0,0,1.0,1.0,1.0,1.0,1.0,1,0.6290333047461428,54
4878,3,12423,12423,0,0,0,0,1.0,1.0,1.0,1.0,1.0,1,0.626361127121705,53
4879,4,12427,12427,0,0,0,0,1.0,1.0,1.0,1.0,1.0,1,0.5999906264126712,54
4880,1,12428,12428,0,0,0,0,1.0,1.0,1.0,1.0,1.0,1,0.5907886604948919,54
4881,2,12430,12430,0,0,0,0,1.0,1.0,1.0,1.0,1.0,1,0.5713941331549649,53
4882,0,12430,12430,0,0,0,0,1.0,1.0,1.0,1.0,1.0,1,0.5565695365216279,53
4883,1,12431,12431,0,0,0,0,1.0,1.0,1.0,1.0,1.0,1,0.5486060174494906,53
4884,1,12432,12432,0,0,0,0,1.0,1.0,1.0,1.0,1.0,1,0.542068262818633,51
4885,0,12432,12432,0,0,0,0,1.0,1.0,1.0,1.0,1.0,1,0.5353717802763402,50
4886,3,12435,12435,0,0,0,0,1.0,1.0,1.0,1.0,1.0,1,0.5544675631912388,48
4887,1,12436,12436,0,0,0,0,1.0,1.0,1.0,1.0,1.0,1,0.5492033510893505,48
4888,1,12437,12437,0,0,0,0,1.0,1.0,1.0,1.0,1.0,1,0.5743061850127095,48
4889,1,12438,12438,0,0,0,0,1.0,1.0,1.0,1.0,1.0,1,0.5747333997036365,48
4890,0,12438,12438,0,0,0,0,1.0,1.0,1.0,1.0,1.0,1,0.5825915426962758,49
4891,1,12439,12439,0,0,0,0,1.0,1.0,1.0,1.0,1.0,1,0.5718403547179963,50
4892,3,12442,12442,0,0,0,0,1.0,1.0,1.0,1.0,1.0,1,0.5891402783687405,49
4893,1,12443,12443,0,0,0,0,1.0,1.0,1.0,1.0,1.0,1,0.6022016856145199,50
4894,2,12445,12445,0,0,0,0,1.0,1.0,1.0,1.0,1.0,1,0.6191070123603666,51
4895,0,12445,12445,0,0,0,0,1.0,1.0,1.0,1.0,1.0,1,0.6201543479949293,52
4896,1,12446,12446,0,0,0,0,1.0,1.0,1.0,1.0,1.0,1,0.6219344504347945,53
4897,1,12447,12447,0,0,0,0,1.0,1.0,1.0,1.0,1.0,1,0.6066623621173562,53
4898,2,12449,12449,0,0,0,0,1.0,1.0,1.0,1.0,1.0,1,0.5896249153489692,53
4899,6,12455,12455,0,0,0,0,1.0,1.0,1.0,1.0,1.0,1,0.542092081431026,55
4900,3,12458,12458,0,0,0,0,1.0,1.0,1.0,1.0,1.0,1,0.5695933180217737,55
4901,4,12462,12462,0,0,0,0,1.0,1.0,1.0,1.0,1.0,1,0.5649510722996502,56
4902,5,12467,12467,0,0,0,0,1.0,1.0,1.0,1.0,1.0,1,0.5694676844502916,58
4903,5,12472,12472,0,0,0,0,0.9970923526638988,0.9919693549764824,0.9970923526638988,0.9919693549764824,1.0,1,0.6029144304524664,58
4904,1,12473,12473,0,0,0,0,0.9970413413071251,0.9919693549764824,0.9970413413071251,0.9919693549764824,1.0,1,0.6095902196237942,57
4905,1,12474,12474,0,0,0,0,0.9777561615639839,0.9454014874752333,0.9777561615639839,0.9454014874752333,1.0,1,0.6357043306965755,54
4906,0,12474,12474,0,0,0,0,0.9571659649686662,0.8975707857946366,0.9571659649686662,0.8975707857946366,1.0,1,0.6357043306965755,55
4907,1,12475,12475,0,0,0,0,0.9305791992206264,0.8495882649780239,0.9305791992206264,0.8495882649780239,1.0,1,0.659771993698041,52
4908,0,12475,12475,0,0,0,0,0.931889025650426,0.8495882649780239,0.931889025650426,0.8495882649780239,1.0,1,0.6504674762392887,53
4909,1,12476,12476,0,0,0,0,0.9305791992206264,0.8495882649780239,0.9305791992206264,0.8495882649780239,1.0,1,0.6534857492751996,52
4910,1,12477,12477,0,0,0,0,0.931889025650426,0.8495882649780239,0.931889025650426,0.8495882649780239,1.0,1,0.6439512656966129,53
4911,4,12481,12481,0,0,0,0,0.9592193425971137,0.9024810366452722,0.9592193425971137,0.9024810366452722,1.0,1,0.6176759565575078,55
4912,4,12485,12485,0,0,0,0,0.9990636207101709,0.9975921675404393,0.9990636207101709,0.9975921675404393,1.0,1,0.6020899758834245,54
4913,3,12488,12488,0,0,0,0,1.0,1.0,1.0,1.0,1.0,1,0.5825358637491638,53
4914,4,12492,12492,0,0,0,0,1.0,1.0,1.0,1.0,1.0,1,0.545627242503538,53
4915,7,12499,12499,0,0,0,0,1.0,1.0,1.0,1.0,1.0,1,0.5551808296316778,54
4916,4,12503,12503,0,0,0,0,1.0,1.0,1.0,1.0,1.0,1,0.5114945302712172,52
4917,5,12508,12508,0,0,0,0,1.0,1.0,1.0,1.0,1.0,1,0.5486034753364772,52
4918,2,12510,12510,0,0,0,0,1.0,1.0,1.0,1.0,1.0,1,0.5316843271007988,51
4919,3,12513,12513,0,0,0,0,1.0,1.0,1.0,1.0,1.0,1,0.5836563187047457,50
4920,3,12516,12516,0,0,0,0,1.0,1.0,1.0,1.0,1.0,1,0.5701799360222292,51
4921,3,12519,12519,0,0,0,0,1.0,1.0,1.0,1.0,1.0,1,0.6074511561108562,51
4922,0,12519,12519,0,0,0,0,1.0,1.0,1.0,1.0,1.0,1,0.6000040281340392,53
4923,3,12522,12522,0,0,0,0,1.0,1.0,1.0,1.0,1.0,1,0.6008588912654772,53
4924,3,12525,12525,0,0,0,0,1.0,1.0,1.0,1.0,1.0,1,0.6029022568145527,55
4925,2,12527,12527,0,0,0,0,1.0,1.0,1.0,1.0,1.0,1,0.5747106269547075,56
4926,2,12529,12529,0,0,0,0,1.0,1.0,1.0,1.0,1.0,1,0.5599381543685847,55
4927,4,12533,12533,0,0,0,0,1.0,1.0,1.0,1.0,1.0,1,0.5675482254365942,55
4928,0,12533,12533,0,0,0,0,1.0,1.0,1.0,1.0,1.0,1,0.5675482254365942,55
4929,3,12536,12536,0,0,0,0,0.9909731726324754,0.9759284603532677,0.9909731726324754,0.9759284603532677,1.0,1,0.5940482208826294,56
4930,0,12536,12536,0,0,0,0,0.9912844425417005,0.9759284603532677,0.9912844425417005,0.9759284603532677,1.0,1,0.5922531920251588,58
4931,1,12537,12537,0,0,0,0,0.9698403938021659,0.9191174197421725,0.9698403938021659,0.9191174197421725,1.0,1,0.5980607657939749,59
4932,2,12539,12539,0,0,0,0,0.9953484753699621,0.9860454261098862,0.9953484753699621,0.9860454261098862,1.0,1,0.5920397255807649,60
4933,2,12541,12541,0,0,0,0,0.9913679055199918,0.9741037165599753,0.9913679055199918,0.9741037165599753,1.0,1,0.5955735025984675,60
4934,2,12543,12543,0,0,0,0,1.0,1.0,1.0,1.0,1.0,1,0.5884914817871646,60
4935,0,12543,12543,0,0,0,0,1.0,1.0,1.0,1.0,1.0,1,0.5884914817871646,60
4936,2,12545,12545,0,0,0,0,1.0,1.0,1.0,1.0,1.0,1,0.5806823232368363,61
4937,2,12547,12547,0,0,0,0,1.0,1.0,1.0,1.0,1.0,1,0.5552801796917484,62
4938,3,12550,12550,0,0,0,0,0.9903696640586722,0.9715675796017941,0.9903696640586722,0.9715675796017941,1.0,1,0.5457302132482353,62
4939,4,12554,12554,0,0,0,0,0.9906706120568386,0.9715675796017941,0.9906706120568386,0.9715675796017941,1.0,1,0.5392830582708577,64
4940,3,12557,12557,0,0,0,0,0.9719256881006141,0.9145009592155063,0.9719256881006141,0.9145009592155063,1.0,1,0.5392120625111019,67
4941,3,12560,12560,0,0,0,0,0.9563309743302282,0.8746888828606547,0.9563309743302282,0.8746888828606547,1.0,1,0.5343068937694819,66
4942,5,12565,12565,0,0,0,0,0.9459769700077425,0.8491857079382812,0.9459769700077425,0.8491857079382812,1.0,1,0.5383844257151827,67
4943,2,12567,12567,0,0,0,0,0.9443147229310576,0.8491857079382812,0.9443147229310576,0.8491857079382812,1.0,1,0.5352885099198652,65
4944,7,12574,12574,0,0,0,0,0.9443147229310577,0.8491857079382812,0.9443147229310577,0.8491857079382812,1.0,1,0.5290059938492738,65
4945,2,12576,12576,0,0,0,0,0.941620274040625,0.8491857079382812,0.941620274040625,0.8491857079382812,1.0,1,0.5438592034392362,62
4946,7,12583,12583,0,0,0,0,0.9739863922207362,0.927871360248405,0.9739863922207362,0.927871360248405,1.0,1,0.533874244379404,61
4947,4,12587,12587,0,0,0,0,0.9731045750078798,0.927871360248405,0.9731045750078798,0.927871360248405,1.0,1,0.5511229397884897,59
4948,7,12594,12594,0,0,0,0,0.9731045750078798,0.927871360248405,0.9731045750078798,0.927871360248405,1.0,1,0.574787632796273,59
4949,3,12597,12597,0,0,0,0,0.9721608758853494,0.927871360248405,0.9721608758853494,0.927871360248405,1.0,1,0.579883952464518,57
4950,3,12600,12600,0,0,0,0,0.9520867973995119,0.8791754021378995,0.9520867973995119,0.8791754021378995,1.0,1,0.5837780283493639,58
4951,4,12604,12604,0,0,0,0,0.9637665346530526,0.9094163366326316,0.9637665346530526,0.9094163366326316,1.0,1,0.5988891589150362,55
4952,1,12605,12605,0,0,0,0,0.9943453884741232,0.9857288375775494,0.9943453884741232,0.9857288375775494,1.0,1,0.6020736903705358,53
4953,5,12610,12610,0,0,0,0,0.9760301228171486,0.9411648469148195,0.9760301228171486,0.9411648469148195,1.0,1,0.6006220855261664,54
4954,1,12611,12611,0,0,0,0,1.0,1.0,1.0,1.0,1.0,1,0.6003841425327926,52
4955,5,12616,12616,0,0,0,0,1.0,1.0,1.0,1.0,1.0,1,0.5988102235059876,51
4956,1,12617,12617,0,0,0,0,1.0,1.0,1.0,1.0,1.0,1,0.5977985976003424,47
4957,2,12619,12619,0,0,0,0,1.0,1.0,1.0,1.0,1.0,1,0.6028511497461913,48
4958,0,12619,12619,0,0,0,0,1.0,1.0,1.0,1.0,1.0,1,0.5963670314398306,47
4959,0,12619,12619,0,0,0,0,1.0,1.0,1.0,1.0,1.0,1,0.5963670314398306,47
4960,3,12622,12622,0,0,0,0,1.0,1.0,1.0,1.0,1.0,1,0.6135336361770517,48
4961,1,12623,12623,0,0,0,0,1.0,1.0,1.0,1.0,1.0,1,0.5961346262332402,49
4962,3,12626,12626,0,0,0,0,1.0,1.0,1.0,1.0,1.0,1,0.6081871049342713,49
4963,5,12631,12631,0,0,0,0,1.0,1.0,1.0,1.0,1.0,1,0.6022911369934995,51
4964,1,12632,12632,0,0,0,0,1.0,1.0,1.0,1.0,1.0,1,0.5927015210972002,51
4965,10,12642,12642,0,0,0,0,1.0,1.0,1.0,1.0,1.0,1,0.5835047585931885,51
4966,4,12646,12646,0,0,0,0,1.0,1.0,1.0,1.0,1.0,1,0.5632066801213618,51
4967,6,12652,12652,0,0,0,0,1.0,1.0,1.0,1.0,1.0,1,0.5539721429896897,51
4968,3,12655,12655,0,0,0,0,1.0,1.0,1.0,1.0,1.0,1,0.5514414900772294,52
4969,7,12662,12662,0,0,0,0,1.0,1.0,1.0,1.0,1.0,1,0.5224321210069635,53
4970,5,12667,12667,0,0,0,0,1.0,1.0,1.0,1.0,1.0,1,0.5090595562768784,54
4971,5,12672,12672,0,0,0,0,1.0,1.0,1.0,1.0,1.0,1,0.5130168851947635,55
4972,1,12673,12673,0,0,0,0,1.0,1.0,1.0,1.0,1.0,1,0.534908553186804,56
4973,3,12676,12676,0,0,0,0,1.0,1.0,1.0,1.0,1.0,1,0.5284658498297982,57
4974,3,12679,12679,0,0,0,0,0.9884692908249432,0.9692514421998486,0.9884692908249432,0.9692514421998486,1.0,1,0.5703619940167384,56
4975,2,12681,12681,0,0,0,0,0.9687905383753723,0.9191391221543738,0.9687905383753723,0.9191391221543738,1.0,1,0.6057873104206556,57
4976,0,12681,12681,0,0,0,0,0.9687905383753722,0.9191391221543738,0.9687905383753722,0.9191391221543738,1.0,1,0.6076940130798394,57
4977,2,12683,12683,0,0,0,0,0.9687905383753722,0.9191391221543738,0.9687905383753722,0.9191391221543738,1.0,1,0.6083716738019287,57
4978,4,12687,12687,0,0,0,0,0.9888669014861521,0.9692514421998486,0.9888669014861521,0.9692514421998486,1.0,1,0.5870999617889483,58
4979,7,12694,12694,0,0,0,0,0.9888669014861521,0.9692514421998486,0.9888669014861521,0.9692514421998486,1.0,1,0.5622938083153364,58
4980,2,12696,12696,0,0,0,0,0.9732535016870573,0.9282707545243808,0.9732535016870573,0.9282707545243808,1.0,1,0.5699410147038377,59
4981,5,12701,12701,0,0,0,0,0.959343846656388,0.8939404695384039,0.959343846656388,0.8939404695384039,1.0,1,0.5218797885732411,60
4982,5,12706,12706,0,0,0,0,0.9600103409734966,0.8939404695384039,0.9600103409734966,0.8939404695384039,1.0,1,0.5182737831792709,61
4983,6,12712,12712,0,0,0,0,0.9434585769895121,0.8562905498483433,0.9434585769895121,0.8562905498483433,1.0,1,0.48283584582412503,61
4984,5,12717,12717,0,0,0,0,0.9415419185823769,0.8562905498483433,0.9415419185823769,0.8562905498483433,1.0,1,0.5350253928492062,59
4985,3,12720,12720,0,0,0,0,0.9260845886429412,0.8285162456516235,0.9260845886429412,0.8285162456516235,1.0,1,0.5235611380033774,58
4986,2,12722,12722,0,0,0,0,0.9273373922252642,0.8285162456516235,0.9273373922252642,0.8285162456516235,1.0,1,0.5458505102062184,59
4987,2,12724,12724,0,0,0,0,0.9260845886429412,0.8285162456516235,0.9260845886429412,0.8285162456516235,1.0,1,0.5672997276048843,58
4988,3,12727,12727,0,0,0,0,0.9094062258563431,0.8013905720696751,0.9094062258563431,0.8013905720696751,1.0,1,0.6151674280778033,57
4989,2,12729,12729,0,0,0,0,0.9284394477495553,0.8454292071390396,0.9284394477495553,0.8454292071390396,1.0,1,0.6133807394107451,54
4990,1,12730,12730,0,0,0,0,0.9406886298965914,0.8690207243549726,0.9406886298965914,0.8690207243549726,1.0,1,0.5931134612202756,53
4991,1,12731,12731,0,0,0,0,0.9449311828092403,0.8806842294200207,0.9449311828092403,0.8806842294200207,1.0,1,0.613762478062289,52
4992,2,12733,12733,0,0,0,0,0.9880566127443157,0.9739417005330523,0.9880566127443157,0.9739417005330523,1.0,1,0.6251168841852406,48
4993,1,12734,12734,0,0,0,0,0.9880566127443157,0.9739417005330523,0.9880566127443157,0.9739417005330523,1.0,1,0.637010382864184,48
4994,5,12739,12739,0,0,0,0,0.9733780229487142,0.945545956031461,0.9733780229487142,0.945545956031461,1.0,1,0.6515652088825126,45
4995,3,12742,12742,0,0,0,0,0.9733780229487142,0.945545956031461,0.9733780229487142,0.945545956031461,1.0,1,0.6258192278788176,45
4996,5,12747,12747,0,0,0,0,0.9698302672143934,0.9382891829385319,0.9698302672143934,0.9382891829385319,1.0,1,0.6169617453834244,45
4997,3,12750,12750,0,0,0,0,0.9878451230186723,0.9756902460373446,0.9878451230186723,0.9756902460373446,1.0,1,0.5907757822723344,42
4998,3,12753,12753,0,0,0,0,0.9124942772304213,0.8395728415891057,0.9124942772304213,0.8395728415891057,1.0,1,0.5952462585017553,44
4999,1,12754,12754,0,0,0,0,0.9180297499728778,0.8497212082836094,0.9180297499728778,0.8497212082836094,1.0,1,0.5861988570849902,44
5000,0,12754,12754,0,0,0,0,0.9416111867668746,0.8933769497482059,0.9416111867668746,0.8933769497482059,1.0,1,0.5980347900084844,42
5001,1,12755,12755,0,0,0,0,0.9285011385392491,0.8748769924436858,0.9285011385392491,0.8748769924436858,1.0,1,0.6061793696429513,42
5002,0,12755,12755,0,0,0,0,0.9477731805872922,0.9069000175686515,0.9477731805872922,0.9069000175686515,1.0,1,0.6061793696429513,41
5003,0,12755,12755,0,0,0,0,0.9477731805872922,0.9069000175686515,0.9477731805872922,0.9069000175686515,1.0,1,0.6222777865553912,41
5004,1,12756,12756,0,0,0,0,0.9477731805872924,0.9069000175686515,0.9477731805872924,0.9069000175686515,1.0,1,0.6474421708843587,41
5005,0,12756,12756,0,0,0,0,0.9477731805872922,0.9069000175686515,0.9477731805872922,0.9069000175686515,1.0,1,0.6474421708843587,41
5006,0,12756,12756,0,0,0,0,0.9490166762875949,0.9069000175686515,0.9490166762875949,0.9069000175686515,1.0,1,0.6480112163425829,42
5007,1,12757,12757,0,0,0,0,0.950202334978581,0.9069000175686515,0.950202334978581,0.9069000175686515,1.0,1,0.6359174082512065,43
5008,0,12757,12757,0,0,0,0,0.9380962286036573,0.8813511048236766,0.9380962286036573,0.8813511048236766,1.0,1,0.6111044361664014,46
5009,2,12759,12759,0,0,0,0,0.9380962286036573,0.8813511048236766,0.9380962286036573,0.8813511048236766,1.0,1,0.6104759305728509,46
5010,0,12759,12759,0,0,0,0,0.9113289146698829,0.8368452029925844,0.9113289146698829,0.8368452029925844,1.0,1,0.6132963777681786,46
5011,1,12760,12760,0,0,0,0,0.9132155335066939,0.8368452029925844,0.9132155335066939,0.8368452029925844,1.0,1,0.6137595308817717,47
5012,0,12760,12760,0,0,0,0,0.9150235432253044,0.8368452029925844,0.9150235432253044,0.8368452029925844,1.0,1,0.6148583644818756,48
5013,4,12764,12764,0,0,0,0,0.9163426725953111,0.8393779313829972,0.9163426725953111,0.8393779313829972,1.0,1,0.6019021007411326,48
5014,2,12766,12766,0,0,0,0,0.94747389625845,0.8880965615940892,0.94747389625845,0.8880965615940892,1.0,1,0.5902697844952457,49
5015,4,12770,12770,0,0,0,0,0.9744001806786562,0.9418185924514915,0.9744001806786562,0.9418185924514915,1.0,1,0.6288610521191832,50
5016,6,12776,12776,0,0,0,0,0.996974750994906,0.9926529667019143,0.996974750994906,0.9926529667019143,1.0,1,0.5971112283875353,51
5017,4,12780,12780,0,0,0,0,1.0,1.0,1.0,1.0,1.0,1,0.5862037172509937,51
5018,3,12783,12783,0,0,0,0,1.0,1.0,1.0,1.0,1.0,1,0.5911309316413564,51
5019,6,12789,12789,0,0,0,0,1.0,1.0,1.0,1.0,1.0,1,0.5765045354429523,51
5020,3,12792,12792,0,0,0,0,1.0,1.0,1.0,1.0,1.0,1,0.5676122446849367,51
5021,2,12794,12794,0,0,0,0,1.0,1.0,1.0,1.0,1.0,1,0.5818947628790851,52
5022,5,12799,12799,0,0,0,0,1.0,1.0,1.0,1.0,1.0,1,0.6111615954644154,52
5023,2,12801,12801,0,0,0,0,1.0,1.0,1.0,1.0,1.0,1,0.6265893802618784,52
5024,2,12803,12803,0,0,0,0,1.0,1.0,1.0,1.0,1.0,1,0.6257346698773392,51
5025,3,12806,12806,0,0,0,0,1.0,1.0,1.0,1.0,1.0,1,0.6420254725337233,50
5026,3,12809,12809,0,0,0,0,0.9838085707358947,0.9622199983837543,0.9838085707358947,0.9622199983837543,1.0,1,0.6597463373855863,49
5027,2,12811,12811,0,0,0,0,1.0,1.0,1.0,1.0,1.0,1,0.6495583473345135,47
5028,1,12812,12812,0,0,0,0,1.0,1.0,1.0,1.0,1.0,1,0.6438243998316037,47
5029,3,12815,12815,0,0,0,0,1.0,1.0,1.0,1.0,1.0,1,0.6409411499162638,46
5030,2,12817,12817,0,0,0,0,1.0,1.0,1.0,1.0,1.0,1,0.6389949647757899,48
5031,2,12819,12819,0,0,0,0,1.0,1.0,1.0,1.0,1.0,1,0.6164111932317633,46
5032,2,12821,12821,0,0,0,0,1.0,1.0,1.0,1.0,1.0,1,0.6380865737097254,46
5033,3,12824,12824,0,0,0,0,1.0,1.0,1.0,1.0,1.0,1,0.6444220012483645,47
5034,1,12825,12825,0,0,0,0,1.0,1.0,1.0,1.0,1.0,1,0.6263753566541215,48
5035,1,12826,12826,0,0,0,0,1.0,1.0,1.0,1.0,1.0,1,0.6148664376950653,47
5036,0,12826,12826,0,0,0,0,1.0,1.0,1.0,1.0,1.0,1,0.6148664376950653,47
5037,0,12826,12826,0,0,0,0,1.0,1.0,1.0,1.0,1.0,1,0.6202587437970812,47
5038,0,12826,12826,0,0,0,0,1.0,1.0,1.0,1.0,1.0,1,0.6252825787044421,48
5039,0,12826,12826,0,0,0,0,1.0,1.0,1.0,1.0,1.0,1,0.6240885368153459,47
5040,0,12826,12826,0,0,0,0,1.0,1.0,1.0,1.0,1.0,1,0.6247637080207421,48
5041,2,12828,12828,0,0,0,0,1.0,1.0,1.0,1.0,1.0,1,0.6365127965847214,49
5042,3,12831,12831,0,0,0,0,0.9970099300261738,0.9928807857766045,0.9970099300261738,0.9928807857766045,1.0,1,0.6379055594340802,50
5043,1,12832,12832,0,0,0,0,0.9970685588491901,0.9928807857766045,0.9970685588491901,0.9928807857766045,1.0,1,0.6278598848268693,51
5044,2,12834,12834,0,0,0,0,0.9843011311757133,0.9636071677255169,0.9843011311757133,0.9636071677255169,1.0,1,0.6244253211046003,51
5045,1,12835,12835,0,0,0,0,0.9843011311757133,0.9636071677255169,0.9843011311757133,0.9636071677255169,1.0,1,0.6413976121350812,51
5046,3,12838,12838,0,0,0,0,0.9846030324992572,0.9636071677255169,0.9846030324992572,0.9636071677255169,1.0,1,0.6417836325851377,52
5047,0,12838,12838,0,0,0,0,0.9893795119201214,0.9748970281748323,0.9893795119201214,0.9748970281748323,1.0,1,0.6417836325851377,52
5048,1,12839,12839,0,0,0,0,0.9893795119201213,0.9748970281748323,0.9893795119201213,0.9748970281748323,1.0,1,0.6334588498814193,52
5049,0,12839,12839,0,0,0,0,0.9655409503695643,0.9220925834442324,0.9655409503695643,0.9220925834442324,1.0,1,0.6491766748729386,52
5050,0,12839,12839,0,0,0,0,0.9484614263640356,0.881890768750915,0.9484614263640356,0.881890768750915,1.0,1,0.6341757775973186,55
5051,0,12839,12839,0,0,0,0,0.9283430610382662,0.8423547342841856,0.9283430610382662,0.8423547342841856,1.0,1,0.6417408795147729,55
5052,0,12839,12839,0,0,0,0,0.9283430610382662,0.8423547342841856,0.9283430610382662,0.8423547342841856,1.0,1,0.6417408795147729,55
5053,2,12841,12841,0,0,0,0,0.927016080687123,0.8423547342841856,0.927016080687123,0.8423547342841856,1.0,1,0.6421304378343524,54
5054,0,12841,12841,0,0,0,0,0.927016080687123,0.8423547342841856,0.927016080687123,0.8423547342841856,1.0,1,0.6421304378343524,54
5055,3,12844,12844,0,0,0,0,0.927016080687123,0.8423547342841856,0.927016080687123,0.8423547342841856,1.0,1,0.6407046540953264,54
5056,1,12845,12845,0,0,0,0,0.9134774792593268,0.8169715907408833,0.9134774792593268,0.8169715907408833,1.0,1,0.6292092559515954,55
5057,4,12849,12849,0,0,0,0,0.90108956721382,0.794852435702738,0.90108956721382,0.794852435702738,1.0,1,0.6143280929985232,56
5058,2,12851,12851,0,0,0,0,0.9045002717926539,0.794852435702738,0.9045002717926539,0.794852435702738,1.0,1,0.5908733558577983,58
5059,5,12856,12856,0,0,0,0,0.9045002717926539,0.794852435702738,0.9045002717926539,0.794852435702738,1.0,1,0.6155500461170317,58
5060,3,12859,12859,0,0,0,0,0.9061189112537954,0.794852435702738,0.9061189112537954,0.794852435702738,1.0,1,0.6231843599602163,59
5061,4,12863,12863,0,0,0,0,0.9045002717926539,0.794852435702738,0.9045002717926539,0.794852435702738,1.0,1,0.6397507572091883,58
5062,4,12867,12867,0,0,0,0,0.8683669518263376,0.7367339036526751,0.8683669518263376,0.7367339036526751,1.0,1,0.6365021587841089,58
5063,3,12870,12870,0,0,0,0,0.8454913951589993,0.7064336508020985,0.8454913951589993,0.7064336508020985,1.0,1,0.6574697225742002,57
5064,3,12873,12873,0,0,0,0,0.8271328192274995,0.6821474418054022,0.8271328192274995,0.6821474418054022,1.0,1,0.6540826473020624,57
5065,4,12877,12877,0,0,0,0,0.8358823674085352,0.6936470858292656,0.8358823674085352,0.6936470858292656,1.0,1,0.6505267425919836,56
5066,4,12881,12881,0,0,0,0,0.8304560347348742,0.689169397013936,0.8304560347348742,0.689169397013936,1.0,1,0.6610115609875531,55
5067,3,12884,12884,0,0,0,0,0.8846722774310107,0.7693445548620214,0.8846722774310107,0.7693445548620214,1.0,1,0.6478085821258047,54
5068,4,12888,12888,0,0,0,0,0.8630240045505349,0.7358320087760316,0.8630240045505349,0.7358320087760316,1.0,1,0.6335243364457035,54
5069,5,12893,12893,0,0,0,0,0.9401435998882778,0.8678171164199469,0.9401435998882778,0.8678171164199469,1.0,1,0.6172942737829675,53
5070,4,12897,12897,0,0,0,0,0.9491435563027881,0.882809064523816,0.9491435563027881,0.882809064523816,1.0,1,0.5907660732073193,53
5071,0,12897,12897,0,0,0,0,0.9723690853109479,0.933434614612738,0.9723690853109479,0.933434614612738,1.0,1,0.5919853210155797,53
5072,6,12903,12903,0,0,0,0,0.9936076248906055,0.9838668628191468,0.9936076248906055,0.9838668628191468,1.0,1,0.6023593577329658,53
5073,2,12905,12905,0,0,0,0,0.9936076248906053,0.9838668628191468,0.9936076248906053,0.9838668628191468,1.0,1,0.6009005133449172,53
5074,1,12906,12906,0,0,0,0,1.0,1.0,1.0,1.0,1.0,1,0.5739931510920515,52
5075,5,12911,12911,0,0,0,0,1.0,1.0,1.0,1.0,1.0,1,0.574324957843567,52
5076,0,12911,12911,0,0,0,0,0.9893989362304767,0.9722353091750578,0.9893989362304767,0.9722353091750578,1.0,1,0.5708853130815369,55
5077,0,12911,12911,0,0,0,0,0.9687986476089588,0.921996619022397,0.9687986476089588,0.921996619022397,1.0,1,0.5801357121827279,55
5078,0,12911,12911,0,0,0,0,0.9687986476089587,0.921996619022397,0.9687986476089587,0.921996619022397,1.0,1,0.5801357121827279,55
5079,0,12911,12911,0,0,0,0,0.9682208447869024,0.921996619022397,0.9682208447869024,0.921996619022397,1.0,1,0.589967139422424,54
5080,2,12913,12913,0,0,0,0,0.9687986476089588,0.921996619022397,0.9687986476089588,0.921996619022397,1.0,1,0.5913986085960135,55
5081,0,12913,12913,0,0,0,0,0.9556680601099417,0.890133888098551,0.9556680601099417,0.890133888098551,1.0,1,0.5861126146533866,57
5082,4,12917,12917,0,0,0,0,0.9556680601099417,0.890133888098551,0.9556680601099417,0.890133888098551,1.0,1,0.6158063971644163,57
5083,0,12917,12917,0,0,0,0,0.9564324039011495,0.890133888098551,0.9564324039011495,0.890133888098551,1.0,1,0.6067346417122853,58
5084,5,12922,12922,0,0,0,0,0.9564324039011495,0.890133888098551,0.9564324039011495,0.890133888098551,1.0,1,0.6441325524955233,58
5085,6,12928,12928,0,0,0,0,0.9571708377333334,0.890133888098551,0.9571708377333334,0.890133888098551,1.0,1,0.592293709562122,59
5086,4,12932,12932,0,0,0,0,0.9578846571044445,0.890133888098551,0.9578846571044445,0.890133888098551,1.0,1,0.6066295522864393,60
5087,7,12939,12939,0,0,0,0,0.9105625137704125,0.7901658976921216,0.9105625137704125,0.7901658976921216,1.0,1,0.619522112038682,61
5088,1,12940,12940,0,0,0,0,0.8987595440924769,0.7675219160642063,0.8987595440924769,0.7675219160642063,1.0,1,0.6297166016220561,62
5089,6,12946,12946,0,0,0,0,0.868868666380342,0.715128482136605,0.868868666380342,0.715128482136605,1.0,1,0.6097675889745076,63
5090,4,12950,12950,0,0,0,0,0.8822470561630968,0.7350558763669679,0.8822470561630968,0.7350558763669679,1.0,1,0.6114800151294406,63
5091,8,12958,12958,0,0,0,0,0.8864852432422086,0.7445917972949693,0.8864852432422086,0.7445917972949693,1.0,1,0.6111410928559666,63
5092,3,12961,12961,0,0,0,0,0.8864852432422085,0.7445917972949693,0.8864852432422085,0.7445917972949693,1.0,1,0.6091519194001324,63
5093,8,12969,12969,0,0,0,0,0.9250224102573124,0.8183235325465644,0.9250224102573124,0.8183235325465644,1.0,1,0.6213445453825686,63
5094,4,12973,12973,0,0,0,0,0.9414579936019882,0.8501324636210899,0.9414579936019882,0.8501324636210899,1.0,1,0.6020833999703195,64
5095,7,12980,12980,0,0,0,0,0.9408358093886525,0.8485396720349507,0.9408358093886525,0.8485396720349507,1.0,1,0.5695479478551218,64
5096,4,12984,12984,0,0,0,0,0.944796149259239,0.8520536800147609,0.944796149259239,0.8520536800147609,1.0,1,0.5463438891527888,67
5097,2,12986,12986,0,0,0,0,0.9337050176785048,0.8291629301715318,0.9337050176785048,0.8291629301715318,1.0,1,0.576544076095617,67
5098,4,12990,12990,0,0,0,0,0.9468093453148027,0.855321419256263,0.9468093453148027,0.855321419256263,1.0,1,0.5529506091634943,68
5099,5,12995,12995,0,0,0,0,0.9304583366897824,0.8127724449340301,0.9304583366897824,0.8127724449340301,1.0,1,0.5194033377217062,70
5100,3,12998,12998,0,0,0,0,0.9209144447753209,0.7920342807054734,0.9209144447753209,0.7920342807054734,1.0,1,0.5111256513170379,71
5101,4,13002,13002,0,0,0,0,0.9209144447753209,0.7920342807054734,0.9209144447753209,0.7920342807054734,1.0,1,0.5010637452364908,71
5102,2,13004,13004,0,0,0,0,0.9197846511292539,0.7920342807054734,0.9197846511292539,0.7920342807054734,1.0,1,0.526823249295673,70
5103,6,13010,13010,0,0,0,0,0.9423838277721371,0.8515275561820458,0.9423838277721371,0.8515275561820458,1.0,1,0.5211990516286122,67
5104,3,13013,13013,0,0,0,0,0.942383827772137,0.8515275561820458,0.942383827772137,0.8515275561820458,1.0,1,0.5429640092747903,67
5105,4,13017,13017,0,0,0,0,0.9732033384431362,0.9296587634132325,0.9732033384431362,0.9296587634132325,1.0,1,0.5635259495270981,63
5106,5,13022,13022,0,0,0,0,0.9505409538670887,0.8801569266779458,0.9505409538670887,0.8801569266779458,1.0,1,0.6030616015319494,63
5107,6,13028,13028,0,0,0,0,0.9403632464841184,0.8623767226556577,0.9403632464841184,0.8623767226556577,1.0,1,0.6092797220381243,60
5108,1,13029,13029,0,0,0,0,0.9656223753895262,0.9197855425755611,0.9656223753895262,0.9197855425755611,1.0,1,0.6212576404392239,56
5109,5,13034,13034,0,0,0,0,0.9294172820021827,0.8479756843123936,0.9294172820021827,0.8479756843123936,1.0,1,0.6401254786381634,56
5110,2,13036,13036,0,0,0,0,0.9629781571894355,0.9197860072437767,0.9629781571894355,0.9197860072437767,1.0,1,0.6619951625117595,52
5111,4,13040,13040,0,0,0,0,0.9764914165090923,0.9478722713897263,0.9764914165090923,0.9478722713897263,1.0,1,0.6464825769572544,51
5112,1,13041,13041,0,0,0,0,0.9700523768431899,0.9348964713982388,0.9700523768431899,0.9348964713982388,1.0,1,0.6384282890459337,50
5113,1,13042,13042,0,0,0,0,0.9862907479153956,0.9700889045426813,0.9862907479153956,0.9700889045426813,1.0,1,0.653893381975964,48
5114,3,13045,13045,0,0,0,0,1.0,1.0,1.0,1.0,1.0,1,0.6446004060593131,46
5115,4,13049,13049,0,0,0,0,1.0,1.0,1.0,1.0,1.0,1,0.6631717996732566,44
5116,3,13052,13052,0,0,0,0,1.0,1.0,1.0,1.0,1.0,1,0.6341631887171674,44
5117,4,13056,13056,0,0,0,0,1.0,1.0,1.0,1.0,1.0,1,0.6022482316066176,46
5118,5,13061,13061,0,0,0,0,1.0,1.0,1.0,1.0,1.0,1,0.6130636271450135,46
5119,9,13070,13070,0,0,0,0,1.0,1.0,1.0,1.0,1.0,1,0.5876470282560714,46
5120,6,13076,13076,0,0,0,0,1.0,1.0,1.0,1.0,1.0,1,0.6179821112553473,46
5121,6,13082,13082,0,0,0,0,1.0,1.0,1.0,1.0,1.0,1,0.6086172597475299,46
5122,4,13086,13086,0,0,0,0,1.0,1.0,1.0,1.0,1.0,1,0.6110197524139421,46
5123,2,13088,13088,0,0,0,0,1.0,1.0,1.0,1.0,1.0,1,0.6290877982566445,45
5124,6,13094,13094,0,0,0,0,1.0,1.0,1.0,1.0,1.0,1,0.5779775027086169,47
5125,1,13095,13095,0,0,0,0,1.0,1.0,1.0,1.0,1.0,1,0.5871465738228075,50
5126,4,13099,13099,0,0,0,0,1.0,1.0,1.0,1.0,1.0,1,0.5706774389105049,50
5127,1,13100,13100,0,0,0,0,1.0,1.0,1.0,1.0,1.0,1,0.5588431005618862,52
5128,4,13104,13104,0,0,0,0,1.0,1.0,1.0,1.0,1.0,1,0.5284607904311996,53
5129,1,13105,13105,0,0,0,0,1.0,1.0,1.0,1.0,1.0,1,0.5273935720946876,55
5130,2,13107,13107,0,0,0,0,1.0,1.0,1.0,1.0,1.0,1,0.5118470542938006,55
5131,0,13107,13107,0,0,0,0,1.0,1.0,1.0,1.0,1.0,1,0.5205277056235974,54
5132,2,13109,13109,0,0,0,0,1.0,1.0,1.0,1.0,1.0,1,0.5286582599926389,54
5133,0,13109,13109,0,0,0,0,1.0,1.0,1.0,1.0,1.0,1,0.5286582599926389,54
5134,5,13114,13114,0,0,0,0,1.0,1.0,1.0,1.0,1.0,1,0.6085512922717018,53
5135,0,13114,13114,0,0,0,0,1.0,1.0,1.0,1.0,1.0,1,0.613384623035154,54
5136,1,13115,13115,0,0,0,0,0.9892899030002225,0.9748545548700874,0.9892899030002225,0.9748545548700874,1.0,1,0.6544571017295621,54
5137,2,13117,13117,0,0,0,0,0.9648109289633034,0.9208245901674327,0.9648109289633034,0.9208245901674327,1.0,1,0.6644573201671657,54
5138,4,13121,13121,0,0,0,0,0.9648109289633034,0.9208245901674327,0.9648109289633034,0.9208245901674327,1.0,1,0.6689429687158681,54
5139,4,13125,13125,0,0,0,0,0.9654507302548796,0.9208245901674327,0.9654507302548796,0.9208245901674327,1.0,1,0.6109996549746731,55
5140,3,13128,13128,0,0,0,0,0.9654507302548797,0.9208245901674327,0.9654507302548797,0.9208245901674327,1.0,1,0.589747203267458,55
5141,0,13128,13128,0,0,0,0,0.9976948745551871,0.9944467432465873,0.9976948745551871,0.9944467432465873,1.0,1,0.589747203267458,53
5142,4,13132,13132,0,0,0,0,0.9977375620634246,0.9944467432465873,0.9977375620634246,0.9944467432465873,1.0,1,0.555743451525786,54
5143,0,13132,13132,0,0,0,0,1.0,1.0,1.0,1.0,1.0,1,0.5489019372951077,52
5144,3,13135,13135,0,0,0,0,1.0,1.0,1.0,1.0,1.0,1,0.5759223325623773,50
5145,2,13137,13137,0,0,0,0,1.0,1.0,1.0,1.0,1.0,1,0.5490278496630482,49
5146,4,13141,13141,0,0,0,0,1.0,1.0,1.0,1.0,1.0,1,0.6080846398464211,49
5147,3,13144,13144,0,0,0,0,1.0,1.0,1.0,1.0,1.0,1,0.5759867863144205,46
5148,3,13147,13147,0,0,0,0,1.0,1.0,1.0,1.0,1.0,1,0.5641588445845112,46
5149,3,13150,13150,0,0,0,0,1.0,1.0,1.0,1.0,1.0,1,0.5887287972220255,45
5150,4,13154,13154,0,0,0,0,1.0,1.0,1.0,1.0,1.0,1,0.5846482639887147,47
5151,2,13156,13156,0,0,0,0,1.0,1.0,1.0,1.0,1.0,1,0.6089093383701533,46
5152,3,13159,13159,0,0,0,0,1.0,1.0,1.0,1.0,1.0,1,0.6397429264719509,46
5153,3,13162,13162,0,0,0,0,1.0,1.0,1.0,1.0,1.0,1,0.6547517680770677,45
5154,2,13164,13164,0,0,0,0,0.9644620602820742,0.9304048680523951,0.9644620602820742,0.9304048680523951,1.0,1,0.6654516920265702,47
5155,3,13167,13167,0,0,0,0,0.963572173962971,0.9286621740108181,0.963572173962971,0.9286621740108181,1.0,1,0.6436092975114581,47
5156,1,13168,13168,0,0,0,0,0.9635721739629709,0.9286621740108181,0.9635721739629709,0.9286621740108181,1.0,1,0.6189890317430803,47
5157,1,13169,13169,0,0,0,0,0.9627802647012963,0.9286621740108181,0.9627802647012963,0.9286621740108181,1.0,1,0.642725992042314,46
5158,1,13170,13170,0,0,0,0,0.9635721739629709,0.9286621740108181,0.9635721739629709,0.9286621740108181,1.0,1,0.6314417426937691,47
5159,1,13171,13171,0,0,0,0,0.9484223070329348,0.8989077217845522,0.9484223070329348,0.8989077217845522,1.0,1,0.6052009695269986,49
5160,2,13173,13173,0,0,0,0,0.9473477717627876,0.8989077217845522,0.9473477717627876,0.8989077217845522,1.0,1,0.6230275881069081,48
5161,0,13173,13173,0,0,0,0,0.9473477717627876,0.8989077217845522,0.9473477717627876,0.8989077217845522,1.0,1,0.6230275881069081,48
5162,5,13178,13178,0,0,0,0,0.9484223070329348,0.8989077217845522,0.9484223070329348,0.8989077217845522,1.0,1,0.6521878946288013,49
5163,2,13180,13180,0,0,0,0,0.9688857210291624,0.9338821571869701,0.9688857210291624,0.9338821571869701,1.0,1,0.6404408411851958,51
5164,1,13181,13181,0,0,0,0,0.986026660904191,0.9690156393962496,0.986026660904191,0.9690156393962496,1.0,1,0.6408969851996944,51
5165,8,13189,13189,0,0,0,0,0.9980991388328699,0.9955070554231473,0.9980991388328699,0.9955070554231473,1.0,1,0.6191095920308897,52
5166,6,13195,13195,0,0,0,0,1.0,1.0,1.0,1.0,1.0,1,0.599237647832973,52
5167,7,13202,13202,0,0,0,0,1.0,1.0,1.0,1.0,1.0,1,0.5953877211646815,52
5168,3,13205,13205,0,0,0,0,1.0,1.0,1.0,1.0,1.0,1,0.5735303440384047,52
5169,3,13208,13208,0,0,0,0,1.0,1.0,1.0,1.0,1.0,1,0.5622301666220967,53
5170,0,13208,13208,0,0,0,0,1.0,1.0,1.0,1.0,1.0,1,0.5622301666220967,53
5171,4,13212,13212,0,0,0,0,1.0,1.0,1.0,1.0,1.0,1,0.6263567246857668,52
5172,0,13212,13212,0,0,0,0,1.0,1.0,1.0,1.0,1.0,1,0.6069701774393758,53
5173,1,13213,13213,0,0,0,0,1.0,1.0,1.0,1.0,1.0,1,0.6097421798832361,54
5174,2,13215,13215,0,0,0,0,1.0,1.0,1.0,1.0,1.0,1,0.5986417454187464,56
5175,1,13216,13216,0,0,0,0,1.0,1.0,1.0,1.0,1.0,1,0.5857550694880735,58
5176,1,13217,13217,0,0,0,0,1.0,1.0,1.0,1.0,1.0,1,0.5818617225295921,58
5177,1,13218,13218,0,0,0,0,1.0,1.0,1.0,1.0,1.0,1,0.6052788572684683,59
5178,4,13222,13222,0,0,0,0,1.0,1.0,1.0,1.0,1.0,1,0.5990922906087636,57
5179,3,13225,13225,0,0,0,0,1.0,1.0,1.0,1.0,1.0,1,0.5997724798984435,58
5180,6,13231,13231,0,0,0,0,1.0,1.0,1.0,1.0,1.0,1,0.6227396162348916,56
5181,1,13232,13232,0,0,0,0,1.0,1.0,1.0,1.0,1.0,1,0.5990095168941308,57
5182,6,13238,13238,0,0,0,0,1.0,1.0,1.0,1.0,1.0,1,0.6023674985103595,56
5183,1,13239,13239,0,0,0,0,1.0,1.0,1.0,1.0,1.0,1,0.5989177488466041,57
5184,3,13242,13242,0,0,0,0,0.9942973666337395,0.984792977689972,0.9942973666337395,0.984792977689972,1.0,1,0.6263563151835346,56
5185,0,13242,13242,0,0,0,0,0.9730515616955744,0.9314039752250983,0.9730515616955744,0.9314039752250983,1.0,1,0.6292513671876482,56
5186,2,13244,13244,0,0,0,0,1.0,1.0,1.0,1.0,1.0,1,0.6370279787935846,54
5187,1,13245,13245,0,0,0,0,0.9990951939526994,0.9976927445793834,0.9990951939526994,0.9976927445793834,1.0,1,0.6462207507173142,51
5188,1,13246,13246,0,0,0,0,1.0,1.0,1.0,1.0,1.0,1,0.6498793047233015,50
5189,1,13247,13247,0,0,0,0,1.0,1.0,1.0,1.0,1.0,1,0.672194712484051,49
5190,0,13247,13247,0,0,0,0,1.0,1.0,1.0,1.0,1.0,1,0.6643556842692808,50
5191,2,13249,13249,0,0,0,0,1.0,1.0,1.0,1.0,1.0,1,0.6639945290331686,50
5192,2,13251,13251,0,0,0,0,1.0,1.0,1.0,1.0,1.0,1,0.6680442121594857,49
5193,1,13252,13252,0,0,0,0,1.0,1.0,1.0,1.0,1.0,1,0.6655078191696838,50
5194,1,13253,13253,0,0,0,0,0.9811334353521555,0.9518902601479964,0.9811334353521555,0.9518902601479964,1.0,1,0.6550499257811412,51
5195,1,13254,13254,0,0,0,0,0.9811334353521555,0.9518902601479964,0.9811334353521555,0.9518902601479964,1.0,1,0.6496403943146472,51
5196,1,13255,13255,0,0,0,0,0.9811334353521554,0.9518902601479964,0.9811334353521554,0.9518902601479964,1.0,1,0.6542775278480805,51
5197,2,13257,13257,0,0,0,0,0.9811334353521555,0.9518902601479964,0.9811334353521555,0.9518902601479964,1.0,1,0.6790797108748243,51
5198,0,13257,13257,0,0,0,0,0.9811334353521555,0.9518902601479964,0.9811334353521555,0.9518902601479964,1.0,1,0.6790797108748243,51
5199,1,13258,13258,0,0,0,0,0.9617219857624645,0.9015708205320514,0.9617219857624645,0.9015708205320514,1.0,1,0.654011603451383,54
5200,0,13258,13258,0,0,0,0,0.9617219857624645,0.9015708205320514,0.9617219857624645,0.9015708205320514,1.0,1,0.654011603451383,54
5201,0,13258,13258,0,0,0,0,0.9624179496576923,0.9015708205320514,0.9624179496576923,0.9015708205320514,1.0,1,0.6453865019272322,55
5202,1,13259,13259,0,0,0,0,0.9446007877649156,0.8589838234016035,0.9446007877649156,0.8589838234016035,1.0,1,0.6387519288688607,56
5203,1,13260,13260,0,0,0,0,0.9446007877649157,0.8589838234016035,0.9446007877649157,0.8589838234016035,1.0,1,0.6306993347262702,56
5204,1,13261,13261,0,0,0,0,0.9280749334521846,0.8186237452272481,0.9280749334521846,0.8186237452272481,1.0,1,0.6117971965076937,58
5205,1,13262,13262,0,0,0,0,0.9280749334521846,0.8186237452272481,0.9280749334521846,0.8186237452272481,1.0,1,0.6076337837647907,58
5206,1,13263,13263,0,0,0,0,0.9280749334521846,0.8186237452272481,0.9280749334521846,0.8186237452272481,1.0,1,0.6154690964236015,58
5207,1,13264,13264,0,0,0,0,0.9162736192331007,0.7941726472813724,0.9162736192331007,0.7941726472813724,1.0,1,0.6112634147271463,59
5208,3,13267,13267,0,0,0,0,0.9148300609440162,0.7941726472813724,0.9148300609440162,0.7941726472813724,1.0,1,0.5962397985198883,58
5209,2,13269,13269,0,0,0,0,0.9148300609440162,0.7941726472813724,0.9148300609440162,0.7941726472813724,1.0,1,0.5990819249988301,58
5210,2,13271,13271,0,0,0,0,0.9133358514868936,0.7941726472813724,0.9133358514868936,0.7941726472813724,1.0,1,0.5952124157505452,57
5211,5,13276,13276,0,0,0,0,0.8995713505763927,0.7710226793141753,0.8995713505763927,0.7710226793141753,1.0,1,0.6047206153435037,57
5212,4,13280,13280,0,0,0,0,0.9152578508802907,0.7916755500807144,0.9152578508802907,0.7916755500807144,1.0,1,0.5954728966192744,59
5213,8,13288,13288,0,0,0,0,0.930496302955586,0.8217079075817206,0.930496302955586,0.8217079075817206,1.0,1,0.6174516799390688,59
5214,4,13292,13292,0,0,0,0,0.914943258523054,0.7909021772025077,0.914943258523054,0.7909021772025077,1.0,1,0.6243307144208102,59
5215,6,13298,13298,0,0,0,0,0.8835064876686622,0.7401298571070155,0.8835064876686622,0.7401298571070155,1.0,1,0.6447988684976269,58
5216,7,13305,13305,0,0,0,0,0.9294837395456879,0.8191104623128515,0.9294837395456879,0.8191104623128515,1.0,1,0.6359078102831891,59
5217,3,13308,13308,0,0,0,0,0.9626344528422858,0.8967999173739323,0.9626344528422858,0.8967999173739323,1.0,1,0.6206642528545088,58
5218,7,13315,13315,0,0,0,0,0.9625983638105485,0.8967002429053244,0.9625983638105485,0.8967002429053244,1.0,1,0.6088006870716846,58
5219,6,13321,13321,0,0,0,0,1.0,1.0,1.0,1.0,1.0,1,0.5671149917096558,57
5220,3,13324,13324,0,0,0,0,1.0,1.0,1.0,1.0,1.0,1,0.5726359689613393,56
5221,2,13326,13326,0,0,0,0,1.0,1.0,1.0,1.0,1.0,1,0.5689860239922573,58
5222,4,13330,13330,0,0,0,0,1.0,1.0,1.0,1.0,1.0,1,0.5707671615281047,56
5223,4,13334,13334,0,0,0,0,1.0,1.0,1.0,1.0,1.0,1,0.5756962528151839,55
5224,0,13334,13334,0,0,0,0,1.0,1.0,1.0,1.0,1.0,1,0.582132310438288,56
5225,3,13337,13337,0,0,0,0,1.0,1.0,1.0,1.0,1.0,1,0.5802151842777503,55
5226,1,13338,13338,0,0,0,0,1.0,1.0,1.0,1.0,1.0,1,0.5754276231180987,55
5227,2,13340,13340,0,0,0,0,1.0,1.0,1.0,1.0,1.0,1,0.5862592213423746,53
5228,2,13342,13342,0,0,0,0,1.0,1.0,1.0,1.0,1.0,1,0.5847071549246289,51
5229,3,13345,13345,0,0,0,0,1.0,1.0,1.0,1.0,1.0,1,0.5763232870058247,51
5230,2,13347,13347,0,0,0,0,1.0,1.0,1.0,1.0,1.0,1,0.5817731514555518,51
5231,2,13349,13349,0,0,0,0,1.0,1.0,1.0,1.0,1.0,1,0.60222526490577,52
5232,2,13351,13351,0,0,0,0,1.0,1.0,1.0,1.0,1.0,1,0.609006067475613,52
5233,4,13355,13355,0,0,0,0,0.988096768240272,0.9684564358367209,0.988096768240272,0.9684564358367209,1.0,1,0.6110556722440724,53
5234,3,13358,13358,0,0,0,0,0.988096768240272,0.9684564358367209,0.988096768240272,0.9684564358367209,1.0,1,0.5956609620977619,53
5235,2,13360,13360,0,0,0,0,0.988096768240272,0.9684564358367209,0.988096768240272,0.9684564358367209,1.0,1,0.5790515755317497,53
5236,4,13364,13364,0,0,0,0,0.9878678599372003,0.9684564358367209,0.9878678599372003,0.9684564358367209,1.0,1,0.5626211466891458,52
5237,0,13364,13364,0,0,0,0,0.964465821097358,0.9120106046220294,0.964465821097358,0.9120106046220294,1.0,1,0.5752486781039923,52
5238,4,13368,13368,0,0,0,0,1.0,1.0,1.0,1.0,1.0,1,0.5555901065335171,52
5239,3,13371,13371,0,0,0,0,1.0,1.0,1.0,1.0,1.0,1,0.5804521722565813,51
5240,6,13377,13377,0,0,0,0,1.0,1.0,1.0,1.0,1.0,1,0.5795658462254639,53
5241,4,13381,13381,0,0,0,0,1.0,1.0,1.0,1.0,1.0,1,0.5667165512230401,53
5242,9,13390,13390,0,0,0,0,1.0,1.0,1.0,1.0,1.0,1,0.6009393081092727,51
5243,4,13394,13394,0,0,0,0,1.0,1.0,1.0,1.0,1.0,1,0.6097426299933718,51
5244,5,13399,13399,0,0,0,0,1.0,1.0,1.0,1.0,1.0,1,0.6343232522079926,52
5245,4,13403,13403,0,0,0,0,1.0,1.0,1.0,1.0,1.0,1,0.6101524980090439,53
5246,5,13408,13408,0,0,0,0,1.0,1.0,1.0,1.0,1.0,1,0.5782975559239115,53
5247,4,13412,13412,0,0,0,0,1.0,1.0,1.0,1.0,1.0,1,0.6054100407413444,54
5248,2,13414,13414,0,0,0,0,1.0,1.0,1.0,1.0,1.0,1,0.5888957147997242,54
5249,2,13416,13416,0,0,0,0,1.0,1.0,1.0,1.0,1.0,1,0.5603684241740953,55
5250,3,13419,13419,0,0,0,0,1.0,1.0,1.0,1.0,1.0,1,0.5687046519669985,57
5251,4,13423,13423,0,0,0,0,1.0,1.0,1.0,1.0,1.0,1,0.5842277700553796,58
5252,2,13425,13425,0,0,0,0,1.0,1.0,1.0,1.0,1.0,1,0.595519164970914,58
5253,2,13427,13427,0,0,0,0,1.0,1.0,1.0,1.0,1.0,1,0.5964749602082666,58
5254,1,13428,13428,0,0,0,0,1.0,1.0,1.0,1.0,1.0,1,0.5928408409508329,59
5255,1,13429,13429,0,0,0,0,1.0,1.0,1.0,1.0,1.0,1,0.5718693746835452,58
5256,1,13430,13430,0,0,0,0,1.0,1.0,1.0,1.0,1.0,1,0.5627776198007736,58
5257,1,13431,13431,0,0,0,0,1.0,1.0,1.0,1.0,1.0,1,0.5509198958158728,57
5258,4,13435,13435,0,0,0,0,1.0,1.0,1.0,1.0,1.0,1,0.5614495963929617,55
5259,3,13438,13438,0,0,0,0,1.0,1.0,1.0,1.0,1.0,1,0.5168534587278809,56
5260,2,13440,13440,0,0,0,0,1.0,1.0,1.0,1.0,1.0,1,0.5043776918444901,55
5261,5,13445,13445,0,0,0,0,1.0,1.0,1.0,1.0,1.0,1,0.4813880434783321,54
5262,4,13449,13449,0,0,0,0,1.0,1.0,1.0,1.0,1.0,1,0.488191911628474,54
5263,5,13454,13454,0,0,0,0,1.0,1.0,1.0,1.0,1.0,1,0.48026956225568823,55
5264,3,13457,13457,0,0,0,0,1.0,1.0,1.0,1.0,1.0,1,0.5061420912155294,53
5265,4,13461,13461,0,0,0,0,1.0,1.0,1.0,1.0,1.0,1,0.4870617800725513,52
5266,5,13466,13466,0,0,0,0,1.0,1.0,1.0,1.0,1.0,1,0.4962500766101008,49
5267,5,13471,13471,0,0,0,0,1.0,1.0,1.0,1.0,1.0,1,0.5368102634928451,49
5268,7,13478,13478,0,0,0,0,1.0,1.0,1.0,1.0,1.0,1,0.5355058651898883,46
5269,3,13481,13481,0,0,0,0,1.0,1.0,1.0,1.0,1.0,1,0.5781279587907578,45
5270,6,13487,13487,0,0,0,0,1.0,1.0,1.0,1.0,1.0,1,0.6014134606656069,46
5271,4,13491,13491,0,0,0,0,1.0,1.0,1.0,1.0,1.0,1,0.6329466805114614,46
5272,3,13494,13494,0,0,0,0,1.0,1.0,1.0,1.0,1.0,1,0.5994103655008605,45
5273,5,13499,13499,0,0,0,0,1.0,1.0,1.0,1.0,1.0,1,0.5653520350612826,45
5274,6,13505,13505,0,0,0,0,1.0,1.0,1.0,1.0,1.0,1,0.5844430055260493,45
5275,2,13507,13507,0,0,0,0,1.0,1.0,1.0,1.0,1.0,1,0.5918069116536272,46
5276,3,13510,13510,0,0,0,0,1.0,1.0,1.0,1.0,1.0,1,0.5726633721744113,45
5277,3,13513,13513,0,0,0,0,1.0,1.0,1.0,1.0,1.0,1,0.5966507278490283,45
5278,5,13518,13518,0,0,0,0,1.0,1.0,1.0,1.0,1.0,1,0.5840792511632801,44
5279,1,13519,13519,0,0,0,0,1.0,1.0,1.0,1.0,1.0,1,0.5764868275771873,45
5280,0,13519,13519,0,0,0,0,1.0,1.0,1.0,1.0,1.0,1,0.57774238851641,46
5281,0,13519,13519,0,0,0,0,1.0,1.0,1.0,1.0,1.0,1,0.57774238851641,46
5282,1,13520,13520,0,0,0,0,1.0,1.0,1.0,1.0,1.0,1,0.5772742443178763,47
5283,0,13520,13520,0,0,0,0,1.0,1.0,1.0,1.0,1.0,1,0.5791734160384537,48
5284,1,13521,13521,0,0,0,0,1.0,1.0,1.0,1.0,1.0,1,0.5749608813614534,48
5285,1,13522,13522,0,0,0,0,1.0,1.0,1.0,1.0,1.0,1,0.5388303982564845,48
5286,2,13524,13524,0,0,0,0,1.0,1.0,1.0,1.0,1.0,1,0.5163314207967611,50
5287,0,13524,13524,0,0,0,0,1.0,1.0,1.0,1.0,1.0,1,0.5163314207967611,50
5288,2,13526,13526,0,0,0,0,1.0,1.0,1.0,1.0,1.0,1,0.5138983921699076,51
5289,1,13527,13527,0,0,0,0,1.0,1.0,1.0,1.0,1.0,1,0.522734639502516,51
5290,1,13528,13528,0,0,0,0,1.0,1.0,1.0,1.0,1.0,1,0.5153386773512721,52
5291,1,13529,13529,0,0,0,0,1.0,1.0,1.0,1.0,1.0,1,0.5361143770686457,52
5292,1,13530,13530,0,0,0,0,1.0,1.0,1.0,1.0,1.0,1,0.5474450935100407,53
5293,1,13531,13531,0,0,0,0,1.0,1.0,1.0,1.0,1.0,1,0.548410395262522,51
5294,1,13532,13532,0,0,0,0,1.0,1.0,1.0,1.0,1.0,1,0.5358278523324824,50
5295,0,13532,13532,0,0,0,0,1.0,1.0,1.0,1.0,1.0,1,0.5453268335511973,49
5296,1,13533,13533,0,0,0,0,1.0,1.0,1.0,1.0,1.0,1,0.5366541645096876,48
5297,2,13535,13535,0,0,0,0,1.0,1.0,1.0,1.0,1.0,1,0.528798267766849,46
5298,1,13536,13536,0,0,0,0,1.0,1.0,1.0,1.0,1.0,1,0.5309791035799852,46
5299,3,13539,13539,0,0,0,0,1.0,1.0,1.0,1.0,1.0,1,0.5135402121632374,47
5300,2,13541,13541,0,0,0,0,1.0,1.0,1.0,1.0,1.0,1,0.5187253871133045,48
5301,2,13543,13543,0,0,0,0,1.0,1.0,1.0,1.0,1.0,1,0.5288291663345368,48
5302,2,13545,13545,0,0,0,0,1.0,1.0,1.0,1.0,1.0,1,0.5486781550350115,49
5303,3,13548,13548,0,0,0,0,1.0,1.0,1.0,1.0,1.0,1,0.5636944763449175,48
5304,3,13551,13551,0,0,0,0,1.0,1.0,1.0,1.0,1.0,1,0.5962299559451115,48
5305,1,13552,13552,0,0,0,0,1.0,1.0,1.0,1.0,1.0,1,0.6045429962777185,47
5306,3,13555,13555,0,0,0,0,1.0,1.0,1.0,1.0,1.0,1,0.6276441707865087,48
5307,0,13555,13555,0,0,0,0,1.0,1.0,1.0,1.0,1.0,1,0.6269266751382098,48
5308,2,13557,13557,0,0,0,0,1.0,1.0,1.0,1.0,1.0,1,0.6383513392782495,47
5309,0,13557,13557,0,0,0,0,1.0,1.0,1.0,1.0,1.0,1,0.6406861285120818,46
5310,3,13560,13560,0,0,0,0,1.0,1.0,1.0,1.0,1.0,1,0.5955276647222814,46
5311,1,13561,13561,0,0,0,0,1.0,1.0,1.0,1.0,1.0,1,0.6084275285226763,46
5312,2,13563,13563,0,0,0,0,1.0,1.0,1.0,1.0,1.0,1,0.6047819286234244,46
5313,5,13568,13568,0,0,0,0,1.0,1.0,1.0,1.0,1.0,1,0.5825149760232925,46
5314,3,13571,13571,0,0,0,0,1.0,1.0,1.0,1.0,1.0,1,0.588317448304836,46
5315,7,13578,13578,0,0,0,0,1.0,1.0,1.0,1.0,1.0,1,0.5977377915841549,47
5316,4,13582,13582,0,0,0,0,1.0,1.0,1.0,1.0,1.0,1,0.6015720624920604,48
5317,10,13592,13592,0,0,0,0,1.0,1.0,1.0,1.0,1.0,1,0.5716196992802652,49
5318,2,13594,13594,0,0,0,0,1.0,1.0,1.0,1.0,1.0,1,0.578122746627442,49
5319,6,13600,13600,0,0,0,0,1.0,1.0,1.0,1.0,1.0,1,0.6078254860213225,50
5320,2,13602,13602,0,0,0,0,1.0,1.0,1.0,1.0,1.0,1,0.5899282878182285,51
5321,2,13604,13604,0,0,0,0,1.0,1.0,1.0,1.0,1.0,1,0.588378604629005,52
5322,1,13605,13605,0,0,0,0,1.0,1.0,1.0,1.0,1.0,1,0.5838197758608064,53
5323,5,13610,13610,0,0,0,0,1.0,1.0,1.0,1.0,1.0,1,0.6046506698021556,53
5324,1,13611,13611,0,0,0,0,1.0,1.0,1.0,1.0,1.0,1,0.6049077469096491,55
5325,1,13612,13612,0,0,0,0,1.0,1.0,1.0,1.0,1.0,1,0.6102648644630027,55
5326,3,13615,13615,0,0,0,0,0.9887152478953796,0.9717881197384493,0.9887152478953796,0.9717881197384493,1.0,1,0.596081056009483,55
5327,3,13618,13618,0,0,0,0,0.9939334362195236,0.9838224965853959,0.9939334362195236,0.9838224965853959,1.0,1,0.5934610006836688,56
5328,2,13620,13620,0,0,0,0,1.0,1.0,1.0,1.0,1.0,1,0.5360437292148593,57
5329,0,13620,13620,0,0,0,0,1.0,1.0,1.0,1.0,1.0,1,0.5360437292148593,57
5330,3,13623,13623,0,0,0,0,1.0,1.0,1.0,1.0,1.0,1,0.5434410156063454,56
5331,1,13624,13624,0,0,0,0,1.0,1.0,1.0,1.0,1.0,1,0.5265853540430538,57
5332,1,13625,13625,0,0,0,0,1.0,1.0,1.0,1.0,1.0,1,0.517012935003083,58
5333,1,13626,13626,0,0,0,0,1.0,1.0,1.0,1.0,1.0,1,0.5338569059892838,59
5334,2,13628,13628,0,0,0,0,0.9992894684698129,0.9980037447485222,0.9992894684698129,0.9980037447485222,1.0,1,0.5369255445112677,59
5335,2,13630,13630,0,0,0,0,1.0,1.0,1.0,1.0,1.0,1,0.5506734735552814,58
5336,2,13632,13632,0,0,0,0,1.0,1.0,1.0,1.0,1.0,1,0.5446300147710148,59
5337,3,13635,13635,0,0,0,0,0.9798213542188843,0.9449673296878662,0.9798213542188843,0.9449673296878662,1.0,1,0.5773939310867622,60
5338,2,13637,13637,0,0,0,0,0.9930967288163247,0.980276368046642,0.9930967288163247,0.980276368046642,1.0,1,0.5831060072995886,60
5339,3,13640,13640,0,0,0,0,1.0,1.0,1.0,1.0,1.0,1,0.5671134646258997,60
5340,5,13645,13645,0,0,0,0,1.0,1.0,1.0,1.0,1.0,1,0.5698233238781245,60
5341,5,13650,13650,0,0,0,0,1.0,1.0,1.0,1.0,1.0,1,0.5811906359624281,61
5342,2,13652,13652,0,0,0,0,1.0,1.0,1.0,1.0,1.0,1,0.5913245775110745,59
5343,2,13654,13654,0,0,0,0,1.0,1.0,1.0,1.0,1.0,1,0.6072461969931295,58
5344,4,13658,13658,0,0,0,0,1.0,1.0,1.0,1.0,1.0,1,0.6134502986816734,58
5345,3,13661,13661,0,0,0,0,1.0,1.0,1.0,1.0,1.0,1,0.6426264741987949,54
5346,2,13663,13663,0,0,0,0,1.0,1.0,1.0,1.0,1.0,1,0.6404293465774654,54
5347,3,13666,13666,0,0,0,0,1.0,1.0,1.0,1.0,1.0,1,0.6097400102069731,54
5348,2,13668,13668,0,0,0,0,1.0,1.0,1.0,1.0,1.0,1,0.5908984245757948,55
5349,2,13670,13670,0,0,0,0,1.0,1.0,1.0,1.0,1.0,1,0.6047388940138283,56
5350,0,13670,13670,0,0,0,0,0.9953800325449335,0.9876800867864891,0.9953800325449335,0.9876800867864891,1.0,1,0.6211834740594208,56
5351,2,13672,13672,0,0,0,0,0.9954610846055486,0.9876800867864891,0.9954610846055486,0.9876800867864891,1.0,1,0.5930436066307266,57
5352,2,13674,13674,0,0,0,0,0.9954610846055486,0.9876800867864891,0.9954610846055486,0.9876800867864891,1.0,1,0.6062192574223677,57
5353,1,13675,13675,0,0,0,0,0.9954610846055486,0.9876800867864891,0.9954610846055486,0.9876800867864891,1.0,1,0.5968340804011485,57
5354,2,13677,13677,0,0,0,0,0.9953800325449335,0.9876800867864891,0.9953800325449335,0.9876800867864891,1.0,1,0.6275582317244505,56
5355,4,13681,13681,0,0,0,0,0.9802148263651512,0.9487384137642556,0.9802148263651512,0.9487384137642556,1.0,1,0.6101953871112319,57
5356,1,13682,13682,0,0,0,0,0.9798615196931004,0.9487384137642556,0.9798615196931004,0.9487384137642556,1.0,1,0.6280029927665556,56
5357,1,13683,13683,0,0,0,0,0.9652291411375563,0.9153405175523108,0.9652291411375563,0.9153405175523108,1.0,1,0.6388017885500769,56
5358,3,13686,13686,0,0,0,0,0.9471503631980845,0.8744821125954508,0.9471503631980845,0.8744821125954508,1.0,1,0.6280593780586479,57
5359,1,13687,13687,0,0,0,0,0.9471503631980845,0.8744821125954508,0.9471503631980845,0.8744821125954508,1.0,1,0.6210408062689481,57
5360,1,13688,13688,0,0,0,0,0.9452285582234694,0.8744821125954508,0.9452285582234694,0.8744821125954508,1.0,1,0.6294134562737995,55
5361,0,13688,13688,0,0,0,0,0.9292433713591961,0.8415051518445992,0.9292433713591961,0.8415051518445992,1.0,1,0.6294134562737995,56
5362,1,13689,13689,0,0,0,0,0.9304847157213154,0.8415051518445992,0.9304847157213154,0.8415051518445992,1.0,1,0.6135623579166067,57
5363,2,13691,13691,0,0,0,0,0.9304847157213154,0.8415051518445992,0.9304847157213154,0.8415051518445992,1.0,1,0.6073410933491472,57
5364,3,13694,13694,0,0,0,0,0.9502870052974275,0.8798602628021167,0.9502870052974275,0.8798602628021167,1.0,1,0.5989462303889639,58
5365,1,13695,13695,0,0,0,0,0.962829379937246,0.9046492789694572,0.962829379937246,0.9046492789694572,1.0,1,0.5941730395436262,59
5366,5,13700,13700,0,0,0,0,0.933562578960732,0.8405501895057568,0.933562578960732,0.8405501895057568,1.0,1,0.5993224395442196,60
5367,6,13706,13706,0,0,0,0,0.9719331992088345,0.926782258805655,0.9719331992088345,0.926782258805655,1.0,1,0.5888211233756503,60
5368,6,13712,13712,0,0,0,0,1.0,1.0,1.0,1.0,1.0,1,0.6136668416719678,58
5369,6,13718,13718,0,0,0,0,1.0,1.0,1.0,1.0,1.0,1,0.6004018621119677,58
5370,7,13725,13725,0,0,0,0,1.0,1.0,1.0,1.0,1.0,1,0.607584482999716,57
5371,2,13727,13727,0,0,0,0,1.0,1.0,1.0,1.0,1.0,1,0.6330286981704388,56
5372,5,13732,13732,0,0,0,0,1.0,1.0,1.0,1.0,1.0,1,0.6357546814465057,55
5373,5,13737,13737,0,0,0,0,1.0,1.0,1.0,1.0,1.0,1,0.6379939600690958,54
5374,5,13742,13742,0,0,0,0,1.0,1.0,1.0,1.0,1.0,1,0.6066476241266863,53
5375,6,13748,13748,0,0,0,0,1.0,1.0,1.0,1.0,1.0,1,0.6240019916519419,52
5376,3,13751,13751,0,0,0,0,1.0,1.0,1.0,1.0,1.0,1,0.5949287828315721,52
5377,5,13756,13756,0,0,0,0,1.0,1.0,1.0,1.0,1.0,1,0.5947647100696171,51
5378,3,13759,13759,0,0,0,0,1.0,1.0,1.0,1.0,1.0,1,0.5887856167869021,52
5379,2,13761,13761,0,0,0,0,1.0,1.0,1.0,1.0,1.0,1,0.5866015245105782,50
5380,2,13763,13763,0,0,0,0,1.0,1.0,1.0,1.0,1.0,1,0.5995767836571342,51
5381,0,13763,13763,0,0,0,0,1.0,1.0,1.0,1.0,1.0,1,0.5792025307219757,50
5382,3,13766,13766,0,0,0,0,1.0,1.0,1.0,1.0,1.0,1,0.6140480917459861,48
5383,1,13767,13767,0,0,0,0,1.0,1.0,1.0,1.0,1.0,1,0.6015930865230723,48
5384,3,13770,13770,0,0,0,0,1.0,1.0,1.0,1.0,1.0,1,0.6152731760292733,48
5385,2,13772,13772,0,0,0,0,1.0,1.0,1.0,1.0,1.0,1,0.6087677666441137,47
5386,3,13775,13775,0,0,0,0,1.0,1.0,1.0,1.0,1.0,1,0.5819021365631317,48
5387,2,13777,13777,0,0,0,0,1.0,1.0,1.0,1.0,1.0,1,0.5679942969387899,48
5388,4,13781,13781,0,0,0,0,1.0,1.0,1.0,1.0,1.0,1,0.5428545469452211,48
5389,1,13782,13782,0,0,0,0,1.0,1.0,1.0,1.0,1.0,1,0.5425018034269147,50
5390,6,13788,13788,0,0,0,0,1.0,1.0,1.0,1.0,1.0,1,0.5089417699748249,52
5391,4,13792,13792,0,0,0,0,1.0,1.0,1.0,1.0,1.0,1,0.4950096728651788,52
5392,3,13795,13795,0,0,0,0,1.0,1.0,1.0,1.0,1.0,1,0.49150715378398363,51
5393,4,13799,13799,0,0,0,0,1.0,1.0,1.0,1.0,1.0,1,0.5069961176062139,50
5394,6,13805,13805,0,0,0,0,1.0,1.0,1.0,1.0,1.0,1,0.5277072200650026,50
5395,5,13810,13810,0,0,0,0,1.0,1.0,1.0,1.0,1.0,1,0.5830317578264063,49
5396,6,13816,13816,0,0,0,0,1.0,1.0,1.0,1.0,1.0,1,0.5673322763188019,48
5397,6,13822,13822,0,0,0,0,1.0,1.0,1.0,1.0,1.0,1,0.5799476439196105,48
5398,2,13824,13824,0,0,0,0,1.0,1.0,1.0,1.0,1.0,1,0.6160847683374463,46
5399,6,13830,13830,0,0,0,0,1.0,1.0,1.0,1.0,1.0,1,0.5900460559963929,46
5400,3,13833,13833,0,0,0,0,1.0,1.0,1.0,1.0,1.0,1,0.5724815004303853,48
5401,2,13835,13835,0,0,0,0,1.0,1.0,1.0,1.0,1.0,1,0.5523720426277282,49
5402,0,13835,13835,0,0,0,0,1.0,1.0,1.0,1.0,1.0,1,0.0,0
