,SuccessfulHandoverCount,TotalSuccessfulHandoverCount,TotalSuccessfulHandoverCountRange,TotalSuccessfulHandoverCountLoadBalancing,TotalSuccessfulHandoverCountOverload,FailedHandoverCount,TotalFailedHandoverCount,AvgQoS,MinQoS,AvgQoS_LoadBased,MinQoS_LoadBased,AvgQoS_RangeBased,MinQoS_RangeBased,GiniLoad,VehicleCount
0,0,0,0,0,0,0,0,1.0,1,1.0,1,1.0,1,0.0,0
1,16,16,0,16,0,0,0,1.0,1,1.0,1,1.0,1,0.2981687554246577,30
2,17,33,0,33,0,0,0,1.0,1,1.0,1,1.0,1,0.2838240682696022,32
3,8,41,0,41,0,0,0,1.0,1,1.0,1,1.0,1,0.24939211196566097,33
4,13,54,0,54,0,0,0,1.0,1,1.0,1,1.0,1,0.17969812735158372,34
5,7,61,0,61,0,0,0,1.0,1,1.0,1,1.0,1,0.20793872312937556,36
6,12,73,0,73,0,0,0,1.0,1,1.0,1,1.0,1,0.16463299057337258,38
7,14,87,0,87,0,0,0,1.0,1,1.0,1,1.0,1,0.18782266719559396,40
8,19,106,0,106,0,0,0,1.0,1,1.0,1,1.0,1,0.2574445048182198,40
9,11,117,0,117,0,0,0,1.0,1,1.0,1,1.0,1,0.2264047760485124,40
10,12,129,0,129,0,0,0,1.0,1,1.0,1,1.0,1,0.25818993540815505,41
11,13,142,0,142,0,0,0,1.0,1,1.0,1,1.0,1,0.22727147939557285,40
12,14,156,0,156,0,0,0,1.0,1,1.0,1,1.0,1,0.22211968578622224,39
13,18,174,2,172,0,0,0,1.0,1,1.0,1,1.0,1,0.3079056811869025,37
14,14,188,2,186,0,0,0,1.0,1,1.0,1,1.0,1,0.30239677762306433,35
15,12,200,2,198,0,0,0,1.0,1,1.0,1,1.0,1,0.2715539344402414,36
16,2,202,2,200,0,0,0,1.0,1,1.0,1,1.0,1,0.24472370848801728,34
17,0,202,2,200,0,0,0,1.0,1,1.0,1,1.0,1,0.2566276809739367,33
18,0,202,2,200,0,0,0,1.0,1,1.0,1,1.0,1,0.2724600219984603,34
19,1,203,3,200,0,0,0,1.0,1,1.0,1,1.0,1,0.2911489661610036,34
20,1,204,3,201,0,0,0,1.0,1,1.0,1,1.0,1,0.2683668540583269,34
21,0,204,3,201,0,0,0,1.0,1,1.0,1,1.0,1,0.2783472692915137,36
22,1,205,4,201,0,0,0,1.0,1,1.0,1,1.0,1,0.29308999362721616,35
23,4,209,5,204,0,0,0,1.0,1,1.0,1,1.0,1,0.25715899697731537,35
24,1,210,5,205,0,0,0,1.0,1,1.0,1,1.0,1,0.19245898932406874,35
25,4,214,9,205,0,0,0,1.0,1,1.0,1,1.0,1,0.25666702699755956,35
26,3,217,10,207,0,0,0,1.0,1,1.0,1,1.0,1,0.2587640804516432,36
27,1,218,10,208,0,0,0,1.0,1,1.0,1,1.0,1,0.1949511611436363,34
28,0,218,10,208,0,0,0,1.0,1,1.0,1,1.0,1,0.2043439376934503,35
29,3,221,10,211,0,0,0,1.0,1,1.0,1,1.0,1,0.18287045497040483,33
30,1,222,11,211,0,0,0,1.0,1,1.0,1,1.0,1,0.21557102613187296,33
31,3,225,13,212,0,0,0,1.0,1,1.0,1,1.0,1,0.26561068956904,33
32,1,226,14,212,0,0,0,1.0,1,1.0,1,1.0,1,0.3087442730278812,32
33,0,226,14,212,0,0,0,1.0,1,1.0,1,1.0,1,0.3215862015344578,33
34,2,228,15,213,0,0,0,1.0,1,1.0,1,1.0,1,0.31746831128776437,33
35,1,229,15,214,0,0,0,1.0,1,1.0,1,1.0,1,0.29473065583021674,35
36,1,230,15,215,0,0,0,1.0,1,1.0,1,1.0,1,0.2959512322345855,36
37,2,232,16,216,0,0,0,1.0,1,1.0,1,1.0,1,0.27767271578118624,37
38,3,235,17,218,0,0,0,1.0,1,1.0,1,1.0,1,0.26230978557692675,36
39,2,237,17,220,0,0,0,1.0,1,1.0,1,1.0,1,0.24655676928394443,38
40,1,238,18,220,0,0,0,1.0,1,1.0,1,1.0,1,0.24180419986005425,40
41,0,238,18,220,0,0,0,1.0,1,1.0,1,1.0,1,0.24180419986005425,40
42,3,241,21,220,0,0,0,1.0,1,1.0,1,1.0,1,0.24792052964273606,40
43,4,245,22,223,0,0,0,1.0,1,1.0,1,1.0,1,0.24608409347861157,43
44,0,245,22,223,0,0,0,1.0,1,1.0,1,1.0,1,0.24608409347861157,43
45,2,247,24,223,0,0,0,1.0,1,1.0,1,1.0,1,0.2626455054550688,44
46,0,247,24,223,0,0,0,1.0,1,1.0,1,1.0,1,0.2626455054550688,44
47,0,247,24,223,0,0,0,1.0,1,1.0,1,1.0,1,0.2626455054550688,44
48,0,247,24,223,0,0,0,1.0,1,1.0,1,1.0,1,0.2626455054550688,44
49,0,247,24,223,0,0,0,1.0,1,1.0,1,1.0,1,0.24848131125154208,41
50,0,247,24,223,0,0,0,1.0,1,1.0,1,1.0,1,0.272607936782926,40
51,0,247,24,223,0,0,0,1.0,1,1.0,1,1.0,1,0.28115865885361047,38
52,1,248,25,223,0,0,0,1.0,1,1.0,1,1.0,1,0.30277758453664416,37
53,0,248,25,223,0,0,0,1.0,1,1.0,1,1.0,1,0.3231581499131705,38
54,2,250,25,225,0,0,0,1.0,1,1.0,1,1.0,1,0.2878612978565103,38
55,2,252,26,226,0,0,0,1.0,1,1.0,1,1.0,1,0.2802089661158451,38
56,1,253,26,227,0,0,0,1.0,1,1.0,1,1.0,1,0.3074591942856536,38
57,1,254,27,227,0,0,0,1.0,1,1.0,1,1.0,1,0.29169748127377276,38
58,3,257,30,227,0,0,0,1.0,1,1.0,1,1.0,1,0.35635541963063067,38
59,1,258,30,228,0,0,0,1.0,1,1.0,1,1.0,1,0.3417465430245539,40
60,2,260,31,229,0,0,0,1.0,1,1.0,1,1.0,1,0.31613135432164907,40
61,0,260,31,229,0,0,0,1.0,1,1.0,1,1.0,1,0.3102390164527703,40
62,2,262,32,230,0,0,0,1.0,1,1.0,1,1.0,1,0.31216001125231246,42
63,4,266,34,232,0,0,0,1.0,1,1.0,1,1.0,1,0.3093730880983417,40
64,1,267,34,233,0,0,0,1.0,1,1.0,1,1.0,1,0.29337788945699267,41
65,3,270,35,235,0,0,0,1.0,1,1.0,1,1.0,1,0.28263205761815874,41
66,2,272,36,236,0,0,0,1.0,1,1.0,1,1.0,1,0.29505477300586647,41
67,1,273,36,237,0,0,0,1.0,1,1.0,1,1.0,1,0.2603032495208134,41
68,1,274,37,237,0,0,0,1.0,1,1.0,1,1.0,1,0.26224182187077755,41
69,2,276,38,238,0,0,0,1.0,1,1.0,1,1.0,1,0.2544161326562764,41
70,0,276,38,238,0,0,0,1.0,1,1.0,1,1.0,1,0.2696441202496474,42
71,1,277,39,238,0,0,0,1.0,1,1.0,1,1.0,1,0.26580644940807097,44
72,2,279,40,239,0,0,0,1.0,1,1.0,1,1.0,1,0.23071158580915546,44
73,0,279,40,239,0,0,0,1.0,1,1.0,1,1.0,1,0.2531781670671974,46
74,0,279,40,239,0,0,0,1.0,1,1.0,1,1.0,1,0.26856519137003937,44
75,1,280,41,239,0,0,0,1.0,1,1.0,1,1.0,1,0.27962572045061945,44
76,6,286,43,243,0,0,0,1.0,1,1.0,1,1.0,1,0.22882312636554095,45
77,0,286,43,243,0,0,0,1.0,1,1.0,1,1.0,1,0.21169944545710997,44
78,1,287,44,243,0,0,0,1.0,1,1.0,1,1.0,1,0.2595521117228137,44
79,2,289,44,245,0,0,0,1.0,1,1.0,1,1.0,1,0.25923409156282257,43
80,1,290,45,245,0,0,0,1.0,1,1.0,1,1.0,1,0.26128055456684063,43
81,3,293,48,245,0,0,0,1.0,1,1.0,1,1.0,1,0.3429847883934086,44
82,3,296,49,247,0,0,0,1.0,1,1.0,1,1.0,1,0.3081646668365983,45
83,4,300,51,249,0,0,0,1.0,1,1.0,1,1.0,1,0.3433846450180192,45
84,2,302,51,251,0,0,0,1.0,1,1.0,1,1.0,1,0.3251719213133941,45
85,2,304,52,252,0,0,0,1.0,1,1.0,1,1.0,1,0.3117970512356235,45
86,1,305,52,253,0,0,0,1.0,1,1.0,1,1.0,1,0.32406263505209043,45
87,1,306,52,254,0,0,0,1.0,1,1.0,1,1.0,1,0.3318975624064421,44
88,1,307,52,255,0,0,0,1.0,1,1.0,1,1.0,1,0.33786290684544157,45
89,3,310,52,258,0,0,0,1.0,1,1.0,1,1.0,1,0.3085603140665919,46
90,1,311,52,259,0,0,0,1.0,1,1.0,1,1.0,1,0.3462335308597125,44
91,4,315,53,262,0,0,0,1.0,1,1.0,1,1.0,1,0.3051050861903169,45
92,0,315,53,262,0,0,0,1.0,1,1.0,1,1.0,1,0.3131793605569113,46
93,0,315,53,262,0,0,0,1.0,1,1.0,1,1.0,1,0.3131793605569113,46
94,0,315,53,262,0,0,0,1.0,1,1.0,1,1.0,1,0.3131793605569113,46
95,1,316,53,263,0,0,0,1.0,1,1.0,1,1.0,1,0.315236221349963,46
96,2,318,54,264,0,0,0,1.0,1,1.0,1,1.0,1,0.31355103756806535,46
97,1,319,54,265,0,0,0,1.0,1,1.0,1,1.0,1,0.298932285125611,47
98,0,319,54,265,0,0,0,1.0,1,1.0,1,1.0,1,0.298932285125611,47
99,0,319,54,265,0,0,0,1.0,1,1.0,1,1.0,1,0.31473955403738507,46
100,2,321,55,266,0,0,0,1.0,1,1.0,1,1.0,1,0.33442426414293,48
101,1,322,56,266,0,0,0,1.0,1,1.0,1,1.0,1,0.3363093578901664,49
102,1,323,57,266,0,0,0,1.0,1,1.0,1,1.0,1,0.33956462949465493,49
103,0,323,57,266,0,0,0,1.0,1,1.0,1,1.0,1,0.33191787639400727,48
104,4,327,59,268,0,0,0,1.0,1,1.0,1,1.0,1,0.34156614767356,49
105,5,332,61,271,0,0,0,1.0,1,1.0,1,1.0,1,0.31311625871061693,48
106,4,336,62,274,0,0,0,1.0,1,1.0,1,1.0,1,0.23398004560860988,48
107,2,338,64,274,0,0,0,1.0,1,1.0,1,1.0,1,0.27378649403731076,47
108,2,340,65,275,0,0,0,1.0,1,1.0,1,1.0,1,0.2480225984127923,47
109,4,344,67,277,0,0,0,1.0,1,1.0,1,1.0,1,0.27985949887916123,47
110,2,346,69,277,0,0,0,1.0,1,1.0,1,1.0,1,0.2824110692164109,47
111,3,349,71,278,0,0,0,1.0,1,1.0,1,1.0,1,0.18976356122469895,46
112,2,351,72,279,0,0,0,1.0,1,1.0,1,1.0,1,0.1617532170497861,46
113,3,354,75,279,0,0,0,1.0,1,1.0,1,1.0,1,0.17555105141186578,45
114,2,356,76,280,0,0,0,1.0,1,1.0,1,1.0,1,0.18249734605935158,46
115,2,358,77,281,0,0,0,1.0,1,1.0,1,1.0,1,0.20441892651766141,47
116,1,359,78,281,0,0,0,1.0,1,1.0,1,1.0,1,0.20640891653705593,48
117,5,364,81,283,0,0,0,1.0,1,1.0,1,1.0,1,0.19198551450977458,48
118,1,365,81,284,0,0,0,1.0,1,1.0,1,1.0,1,0.18659654716302407,49
119,0,365,81,284,0,0,0,1.0,1,1.0,1,1.0,1,0.17510441091974854,50
120,2,367,81,286,0,0,0,1.0,1,1.0,1,1.0,1,0.17586332955785272,51
121,3,370,82,288,0,0,0,1.0,1,1.0,1,1.0,1,0.12592849570786616,51
122,1,371,83,288,0,0,0,1.0,1,1.0,1,1.0,1,0.12068881735340142,51
123,0,371,83,288,0,0,0,1.0,1,1.0,1,1.0,1,0.12068881735340142,51
124,0,371,83,288,0,0,0,1.0,1,1.0,1,1.0,1,0.12068881735340142,51
125,0,371,83,288,0,0,0,1.0,1,1.0,1,1.0,1,0.16184306137982712,50
126,2,373,84,289,0,0,0,1.0,1,1.0,1,1.0,1,0.12198011500324082,52
127,0,373,84,289,0,0,0,1.0,1,1.0,1,1.0,1,0.14871069190131156,50
128,0,373,84,289,0,0,0,1.0,1,1.0,1,1.0,1,0.14871069190131156,50
129,0,373,84,289,0,0,0,1.0,1,1.0,1,1.0,1,0.1715520690209089,52
130,4,377,86,291,0,0,0,1.0,1,1.0,1,1.0,1,0.16468759787495785,52
131,4,381,86,295,0,0,0,1.0,1,1.0,1,1.0,1,0.1407280152733327,54
132,4,385,88,297,0,0,0,1.0,1,1.0,1,1.0,1,0.17002587667240437,54
133,3,388,88,300,0,0,0,1.0,1,1.0,1,1.0,1,0.1718117678242557,52
134,3,391,89,302,0,0,0,1.0,1,1.0,1,1.0,1,0.1648611113991405,52
135,6,397,94,303,0,0,0,1.0,1,1.0,1,1.0,1,0.27688567186273483,51
136,4,401,94,307,0,0,0,1.0,1,1.0,1,1.0,1,0.13987956610772123,51
137,1,402,95,307,0,0,0,1.0,1,1.0,1,1.0,1,0.12929935519033361,50
138,2,404,96,308,0,0,0,1.0,1,1.0,1,1.0,1,0.15299265449239505,52
139,4,408,99,309,0,0,0,1.0,1,1.0,1,1.0,1,0.19752140168506363,51
140,2,410,100,310,0,0,0,1.0,1,1.0,1,1.0,1,0.17373869934186015,51
141,2,412,102,310,0,0,0,1.0,1,1.0,1,1.0,1,0.19916480341613427,50
142,3,415,104,311,0,0,0,1.0,1,1.0,1,1.0,1,0.21032588334677996,51
143,1,416,104,312,0,0,0,1.0,1,1.0,1,1.0,1,0.19759685024773557,48
144,2,418,105,313,0,0,0,1.0,1,1.0,1,1.0,1,0.19520797083485644,49
145,5,423,108,315,0,0,0,1.0,1,1.0,1,1.0,1,0.12272440294591871,47
146,2,425,109,316,0,0,0,1.0,1,1.0,1,1.0,1,0.1358735667294229,49
147,0,425,109,316,0,0,0,1.0,1,1.0,1,1.0,1,0.15401303878840875,46
148,2,427,111,316,0,0,0,1.0,1,1.0,1,1.0,1,0.1319596121751269,47
149,1,428,112,316,0,0,0,1.0,1,1.0,1,1.0,1,0.14967507465734645,46
150,1,429,112,317,0,0,0,1.0,1,1.0,1,1.0,1,0.14243569842633375,47
151,3,432,113,319,0,0,0,1.0,1,1.0,1,1.0,1,0.11824756560552667,46
152,0,432,113,319,0,0,0,1.0,1,1.0,1,1.0,1,0.13805696341940574,45
153,0,432,113,319,0,0,0,1.0,1,1.0,1,1.0,1,0.15144900082691476,46
154,0,432,113,319,0,0,0,1.0,1,1.0,1,1.0,1,0.1639115324345078,44
155,4,436,116,320,0,0,0,1.0,1,1.0,1,1.0,1,0.19140532960430168,45
156,3,439,118,321,0,0,0,1.0,1,1.0,1,1.0,1,0.24575297943142674,43
157,1,440,119,321,0,0,0,1.0,1,1.0,1,1.0,1,0.24281505075847798,42
158,1,441,119,322,0,0,0,1.0,1,1.0,1,1.0,1,0.25175881981512804,43
159,1,442,120,322,0,0,0,1.0,1,1.0,1,1.0,1,0.3010336701720116,44
160,1,443,120,323,0,0,0,1.0,1,1.0,1,1.0,1,0.26828455123482137,44
161,2,445,122,323,0,0,0,1.0,1,1.0,1,1.0,1,0.31334731641154784,44
162,2,447,122,325,0,0,0,1.0,1,1.0,1,1.0,1,0.31836974451593886,44
163,10,457,127,330,0,0,0,1.0,1,1.0,1,1.0,1,0.33756393675735263,44
164,4,461,130,331,0,0,0,1.0,1,1.0,1,1.0,1,0.3914451901425573,44
165,3,464,132,332,0,0,0,1.0,1,1.0,1,1.0,1,0.3695450571455197,43
166,8,472,133,339,0,0,0,1.0,1,1.0,1,1.0,1,0.2237000285801123,43
167,2,474,134,340,0,0,0,1.0,1,1.0,1,1.0,1,0.18736376968539992,42
168,1,475,134,341,0,0,0,1.0,1,1.0,1,1.0,1,0.12582871166778897,40
169,0,475,134,341,0,0,0,1.0,1,1.0,1,1.0,1,0.10713584031677763,41
170,2,477,134,343,0,0,0,1.0,1,1.0,1,1.0,1,0.1420319874731879,39
171,1,478,134,344,0,0,0,1.0,1,1.0,1,1.0,1,0.16612998903292914,39
172,0,478,134,344,0,0,0,1.0,1,1.0,1,1.0,1,0.2070027406022185,38
173,1,479,135,344,0,0,0,1.0,1,1.0,1,1.0,1,0.19214132584200866,38
174,2,481,135,346,0,0,0,1.0,1,1.0,1,1.0,1,0.2009635055952135,37
175,1,482,136,346,0,0,0,1.0,1,1.0,1,1.0,1,0.21204715139306501,36
176,0,482,136,346,0,0,0,1.0,1,1.0,1,1.0,1,0.2132755000048585,36
177,1,483,137,346,0,0,0,1.0,1,1.0,1,1.0,1,0.23186923634094345,38
178,2,485,138,347,0,0,0,1.0,1,1.0,1,1.0,1,0.24885912640201957,39
179,0,485,138,347,0,0,0,1.0,1,1.0,1,1.0,1,0.26586929442023766,40
180,0,485,138,347,0,0,0,1.0,1,1.0,1,1.0,1,0.26586929442023766,40
181,2,487,138,349,0,0,0,1.0,1,1.0,1,1.0,1,0.23423346074272675,39
182,3,490,141,349,0,0,0,1.0,1,1.0,1,1.0,1,0.23161179165619797,40
183,5,495,143,352,0,0,0,1.0,1,1.0,1,1.0,1,0.2567410445565783,40
184,1,496,144,352,0,0,0,1.0,1,1.0,1,1.0,1,0.2911742504566346,38
185,3,499,145,354,0,0,0,1.0,1,1.0,1,1.0,1,0.27446884508092234,38
186,0,499,145,354,0,0,0,1.0,1,1.0,1,1.0,1,0.2739742913983975,37
187,1,500,146,354,0,0,0,1.0,1,1.0,1,1.0,1,0.32291609753388395,36
188,1,501,147,354,0,0,0,1.0,1,1.0,1,1.0,1,0.32264216220183906,36
189,3,504,148,356,0,0,0,1.0,1,1.0,1,1.0,1,0.27716484525055873,36
190,1,505,149,356,0,0,0,1.0,1,1.0,1,1.0,1,0.3116487762497072,36
191,3,508,150,358,0,0,0,1.0,1,1.0,1,1.0,1,0.30665259118747284,37
192,2,510,151,359,0,0,0,1.0,1,1.0,1,1.0,1,0.276354165867214,37
193,0,510,151,359,0,0,0,1.0,1,1.0,1,1.0,1,0.2754031362195949,38
194,0,510,151,359,0,0,0,1.0,1,1.0,1,1.0,1,0.29026310721636855,39
195,2,512,153,359,0,0,0,1.0,1,1.0,1,1.0,1,0.2985537649219123,40
196,6,518,153,365,0,0,0,1.0,1,1.0,1,1.0,1,0.11616035277920247,40
197,0,518,153,365,0,0,0,1.0,1,1.0,1,1.0,1,0.16209995953754097,40
198,0,518,153,365,0,0,0,1.0,1,1.0,1,1.0,1,0.16209995953754097,40
199,1,519,154,365,0,0,0,1.0,1,1.0,1,1.0,1,0.16804576641784166,40
200,3,522,156,366,0,0,0,1.0,1,1.0,1,1.0,1,0.19089814301851654,40
201,3,525,158,367,0,0,0,1.0,1,1.0,1,1.0,1,0.23755252264724397,39
202,1,526,159,367,0,0,0,1.0,1,1.0,1,1.0,1,0.2575607555342298,40
203,2,528,160,368,0,0,0,1.0,1,1.0,1,1.0,1,0.21044575454925254,39
204,1,529,161,368,0,0,0,1.0,1,1.0,1,1.0,1,0.21904427664580545,38
205,1,530,162,368,0,0,0,1.0,1,1.0,1,1.0,1,0.20938150404103567,37
206,0,530,162,368,0,0,0,1.0,1,1.0,1,1.0,1,0.1985724340273448,36
207,1,531,163,368,0,0,0,1.0,1,1.0,1,1.0,1,0.23234786753097508,37
208,0,531,163,368,0,0,0,1.0,1,1.0,1,1.0,1,0.29264252358563797,36
209,1,532,164,368,0,0,0,1.0,1,1.0,1,1.0,1,0.327458473050407,36
210,3,535,166,369,0,0,0,1.0,1,1.0,1,1.0,1,0.32797886900162093,36
211,3,538,166,372,0,0,0,1.0,1,1.0,1,1.0,1,0.28612633369257456,34
212,1,539,167,372,0,0,0,1.0,1,1.0,1,1.0,1,0.3264988759860728,34
213,1,540,167,373,0,0,0,1.0,1,1.0,1,1.0,1,0.335992423757775,36
214,3,543,169,374,0,0,0,1.0,1,1.0,1,1.0,1,0.2858535968516418,35
215,0,543,169,374,0,0,0,1.0,1,1.0,1,1.0,1,0.2858535968516418,35
216,0,543,169,374,0,0,0,1.0,1,1.0,1,1.0,1,0.28515806090351586,37
217,3,546,170,376,0,0,0,1.0,1,1.0,1,1.0,1,0.24822043862542348,37
218,5,551,174,377,0,0,0,1.0,1,1.0,1,1.0,1,0.24899971349545402,37
219,2,553,175,378,0,0,0,1.0,1,1.0,1,1.0,1,0.2647283589247463,37
220,1,554,176,378,0,0,0,1.0,1,1.0,1,1.0,1,0.23070649978440588,38
221,2,556,177,379,0,0,0,1.0,1,1.0,1,1.0,1,0.1908441311835932,39
222,2,558,179,379,0,0,0,1.0,1,1.0,1,1.0,1,0.20085936760082218,39
223,2,560,180,380,0,0,0,1.0,1,1.0,1,1.0,1,0.18279469261577969,40
224,4,564,183,381,0,0,0,1.0,1,1.0,1,1.0,1,0.17051428252515416,40
225,0,564,183,381,0,0,0,1.0,1,1.0,1,1.0,1,0.20258658426914206,39
226,2,566,185,381,0,0,0,1.0,1,1.0,1,1.0,1,0.18693912494195153,39
227,2,568,187,381,0,0,0,1.0,1,1.0,1,1.0,1,0.23045958919045967,39
228,3,571,190,381,0,0,0,1.0,1,1.0,1,1.0,1,0.2519427212438173,38
229,2,573,190,383,0,0,0,1.0,1,1.0,1,1.0,1,0.250830607041471,39
230,3,576,192,384,0,0,0,1.0,1,1.0,1,1.0,1,0.21838689665198105,38
231,0,576,192,384,0,0,0,1.0,1,1.0,1,1.0,1,0.21838689665198105,38
232,1,577,193,384,0,0,0,1.0,1,1.0,1,1.0,1,0.2513031579635361,37
233,1,578,194,384,0,0,0,1.0,1,1.0,1,1.0,1,0.2912549225347687,36
234,1,579,195,384,0,0,0,1.0,1,1.0,1,1.0,1,0.29387337958510573,34
235,2,581,196,385,0,0,0,1.0,1,1.0,1,1.0,1,0.340014122425082,34
236,0,581,196,385,0,0,0,1.0,1,1.0,1,1.0,1,0.36112421791934635,33
237,0,581,196,385,0,0,0,1.0,1,1.0,1,1.0,1,0.374928695630164,32
238,1,582,197,385,0,0,0,1.0,1,1.0,1,1.0,1,0.3999848224979961,32
239,3,585,198,387,0,0,0,1.0,1,1.0,1,1.0,1,0.34153992762693475,31
240,0,585,198,387,0,0,0,1.0,1,1.0,1,1.0,1,0.4265242444961906,28
241,3,588,200,388,0,0,0,1.0,1,1.0,1,1.0,1,0.41376005656547094,27
242,2,590,200,390,0,0,0,1.0,1,1.0,1,1.0,1,0.40006283971420853,29
243,6,596,202,394,0,0,0,1.0,1,1.0,1,1.0,1,0.37785881492583434,28
244,0,596,202,394,0,0,0,1.0,1,1.0,1,1.0,1,0.34869258204844816,28
245,2,598,203,395,0,0,0,1.0,1,1.0,1,1.0,1,0.2867991268249926,27
246,2,600,205,395,0,0,0,1.0,1,1.0,1,1.0,1,0.23854251787644878,25
247,3,603,206,397,0,0,0,1.0,1,1.0,1,1.0,1,0.22610753678362558,26
248,1,604,206,398,0,0,0,1.0,1,1.0,1,1.0,1,0.22120827107715174,27
249,1,605,207,398,0,0,0,1.0,1,1.0,1,1.0,1,0.19572989138522304,26
250,0,605,207,398,0,0,0,1.0,1,1.0,1,1.0,1,0.21908846659161607,27
251,0,605,207,398,0,0,0,1.0,1,1.0,1,1.0,1,0.23687643854302243,28
252,1,606,208,398,0,0,0,1.0,1,1.0,1,1.0,1,0.2515439709431224,28
253,0,606,208,398,0,0,0,1.0,1,1.0,1,1.0,1,0.2269053104325226,28
254,0,606,208,398,0,0,0,1.0,1,1.0,1,1.0,1,0.2567435685357486,29
255,2,608,209,399,0,0,0,1.0,1,1.0,1,1.0,1,0.3120747375387743,30
256,1,609,209,400,0,0,0,1.0,1,1.0,1,1.0,1,0.29311772648932777,30
257,1,610,210,400,0,0,0,1.0,1,1.0,1,1.0,1,0.3389340907087833,32
258,3,613,212,401,0,0,0,1.0,1,1.0,1,1.0,1,0.33689493416471833,32
259,0,613,212,401,0,0,0,1.0,1,1.0,1,1.0,1,0.33689493416471833,32
260,0,613,212,401,0,0,0,1.0,1,1.0,1,1.0,1,0.30016151407155384,34
261,0,613,212,401,0,0,0,1.0,1,1.0,1,1.0,1,0.3144054762562482,35
262,4,617,215,402,0,0,0,1.0,1,1.0,1,1.0,1,0.36901705582654765,36
263,0,617,215,402,0,0,0,1.0,1,1.0,1,1.0,1,0.359350664740505,34
264,1,618,216,402,0,0,0,1.0,1,1.0,1,1.0,1,0.38701793714221905,34
265,0,618,216,402,0,0,0,1.0,1,1.0,1,1.0,1,0.4253771530105578,33
266,0,618,216,402,0,0,0,1.0,1,1.0,1,1.0,1,0.40776833549922076,34
267,0,618,216,402,0,0,0,1.0,1,1.0,1,1.0,1,0.40684478034706617,33
268,5,623,216,407,0,0,0,1.0,1,1.0,1,1.0,1,0.3438772380597763,34
269,1,624,216,408,0,0,0,1.0,1,1.0,1,1.0,1,0.32015465126565734,34
270,0,624,216,408,0,0,0,1.0,1,1.0,1,1.0,1,0.33075208188558897,36
271,0,624,216,408,0,0,0,1.0,1,1.0,1,1.0,1,0.33075208188558897,36
272,0,624,216,408,0,0,0,1.0,1,1.0,1,1.0,1,0.34622186105610403,38
273,0,624,216,408,0,0,0,1.0,1,1.0,1,1.0,1,0.34622186105610403,38
274,1,625,217,408,0,0,0,1.0,1,1.0,1,1.0,1,0.35346820009962426,38
275,5,630,218,412,0,0,0,1.0,1,1.0,1,1.0,1,0.2672984735269271,38
276,2,632,218,414,0,0,0,1.0,1,1.0,1,1.0,1,0.2795872994418976,39
277,2,634,219,415,0,0,0,1.0,1,1.0,1,1.0,1,0.29265346744096893,38
278,1,635,219,416,0,0,0,1.0,1,1.0,1,1.0,1,0.24801663836640503,38
279,1,636,219,417,0,0,0,1.0,1,1.0,1,1.0,1,0.24245750783552145,38
280,0,636,219,417,0,0,0,1.0,1,1.0,1,1.0,1,0.24671407092448724,38
281,0,636,219,417,0,0,0,1.0,1,1.0,1,1.0,1,0.2483614534159939,38
282,1,637,219,418,0,0,0,1.0,1,1.0,1,1.0,1,0.24044025192378266,38
283,1,638,220,418,0,0,0,1.0,1,1.0,1,1.0,1,0.2611573038298145,38
284,0,638,220,418,0,0,0,1.0,1,1.0,1,1.0,1,0.24859964384000088,39
285,1,639,221,418,0,0,0,1.0,1,1.0,1,1.0,1,0.2802800920832699,39
286,2,641,221,420,0,0,0,1.0,1,1.0,1,1.0,1,0.24709331648992752,39
287,0,641,221,420,0,0,0,1.0,1,1.0,1,1.0,1,0.3111388501451776,39
288,1,642,221,421,0,0,0,1.0,1,1.0,1,1.0,1,0.260678116430782,39
289,0,642,221,421,0,0,0,1.0,1,1.0,1,1.0,1,0.260678116430782,39
290,0,642,221,421,0,0,0,1.0,1,1.0,1,1.0,1,0.2609573792665939,39
291,1,643,221,422,0,0,0,1.0,1,1.0,1,1.0,1,0.2520310544695841,39
292,1,644,221,423,0,0,0,1.0,1,1.0,1,1.0,1,0.2397840368163344,40
293,3,647,222,425,0,0,0,1.0,1,1.0,1,1.0,1,0.1929704616729563,41
294,1,648,223,425,0,0,0,1.0,1,1.0,1,1.0,1,0.19187170392830283,40
295,3,651,225,426,0,0,0,1.0,1,1.0,1,1.0,1,0.1723848388221624,42
296,3,654,228,426,0,0,0,1.0,1,1.0,1,1.0,1,0.22821159600468616,42
297,9,663,229,434,0,0,0,1.0,1,1.0,1,1.0,1,0.15992565004436793,43
298,0,663,229,434,0,0,0,1.0,1,1.0,1,1.0,1,0.14050739008949947,44
299,2,665,231,434,0,0,0,1.0,1,1.0,1,1.0,1,0.14492447618190712,44
300,0,665,231,434,0,0,0,1.0,1,1.0,1,1.0,1,0.15594662938260678,45
301,3,668,233,435,0,0,0,1.0,1,1.0,1,1.0,1,0.12327656644184744,47
302,3,671,235,436,0,0,0,1.0,1,1.0,1,1.0,1,0.13454321390732504,46
303,2,673,236,437,0,0,0,1.0,1,1.0,1,1.0,1,0.1325095903635186,45
304,4,677,240,437,0,0,0,1.0,1,1.0,1,1.0,1,0.2104210543729603,45
305,0,677,240,437,0,0,0,1.0,1,1.0,1,1.0,1,0.1963745087987537,43
306,4,681,241,440,0,0,0,1.0,1,1.0,1,1.0,1,0.22574694596595518,44
307,1,682,242,440,0,0,0,1.0,1,1.0,1,1.0,1,0.25496229081124216,42
308,1,683,243,440,0,0,0,1.0,1,1.0,1,1.0,1,0.23410159697674782,41
309,1,684,243,441,0,0,0,1.0,1,1.0,1,1.0,1,0.22827405515437257,42
310,1,685,243,442,0,0,0,1.0,1,1.0,1,1.0,1,0.24117963193206973,41
311,0,685,243,442,0,0,0,1.0,1,1.0,1,1.0,1,0.24117963193206973,41
312,0,685,243,442,0,0,0,1.0,1,1.0,1,1.0,1,0.21114848163106556,44
313,0,685,243,442,0,0,0,1.0,1,1.0,1,1.0,1,0.23210217087468754,43
314,0,685,243,442,0,0,0,1.0,1,1.0,1,1.0,1,0.23210217087468754,43
315,0,685,243,442,0,0,0,1.0,1,1.0,1,1.0,1,0.2062144957238018,43
316,5,690,244,446,0,0,0,1.0,1,1.0,1,1.0,1,0.12878201745381088,43
317,0,690,244,446,0,0,0,1.0,1,1.0,1,1.0,1,0.12539569210084067,44
318,2,692,246,446,0,0,0,1.0,1,1.0,1,1.0,1,0.21226116815099347,45
319,0,692,246,446,0,0,0,1.0,1,1.0,1,1.0,1,0.24783565392155546,46
320,1,693,247,446,0,0,0,1.0,1,1.0,1,1.0,1,0.241525140347874,45
321,0,693,247,446,0,0,0,1.0,1,1.0,1,1.0,1,0.22685122638350613,44
322,0,693,247,446,0,0,0,1.0,1,1.0,1,1.0,1,0.22356041799891466,42
323,2,695,249,446,0,0,0,1.0,1,1.0,1,1.0,1,0.2186943150023084,42
324,0,695,249,446,0,0,0,1.0,1,1.0,1,1.0,1,0.22963423965675772,43
325,2,697,251,446,0,0,0,1.0,1,1.0,1,1.0,1,0.2798075526226865,43
326,0,697,251,446,0,0,0,1.0,1,1.0,1,1.0,1,0.2798075526226865,43
327,3,700,253,447,0,0,0,1.0,1,1.0,1,1.0,1,0.31042699596777057,44
328,0,700,253,447,0,0,0,1.0,1,1.0,1,1.0,1,0.31042699596777057,44
329,0,700,253,447,0,0,0,1.0,1,1.0,1,1.0,1,0.2915454602322326,45
330,0,700,253,447,0,0,0,1.0,1,1.0,1,1.0,1,0.2992170754669939,46
331,5,705,253,452,0,0,0,1.0,1,1.0,1,1.0,1,0.18414629395859108,46
332,0,705,253,452,0,0,0,1.0,1,1.0,1,1.0,1,0.16675391256260452,47
333,1,706,253,453,0,0,0,1.0,1,1.0,1,1.0,1,0.16913380484239227,48
334,1,707,253,454,0,0,0,1.0,1,1.0,1,1.0,1,0.1465353946229364,48
335,1,708,254,454,0,0,0,1.0,1,1.0,1,1.0,1,0.16873640579263804,49
336,1,709,254,455,0,0,0,1.0,1,1.0,1,1.0,1,0.18221944914158889,50
337,0,709,254,455,0,0,0,1.0,1,1.0,1,1.0,1,0.1999142124471001,51
338,0,709,254,455,0,0,0,1.0,1,1.0,1,1.0,1,0.1999142124471001,51
339,2,711,255,456,0,0,0,1.0,1,1.0,1,1.0,1,0.18279323894495364,51
340,1,712,256,456,0,0,0,1.0,1,1.0,1,1.0,1,0.20912290057509805,51
341,2,714,258,456,0,0,0,1.0,1,1.0,1,1.0,1,0.22939088114772474,51
342,3,717,259,458,0,0,0,1.0,1,1.0,1,1.0,1,0.2074517623895599,51
343,1,718,259,459,0,0,0,1.0,1,1.0,1,1.0,1,0.23458082290038287,51
344,0,718,259,459,0,0,0,1.0,1,1.0,1,1.0,1,0.24395629525824936,50
345,0,718,259,459,0,0,0,1.0,1,1.0,1,1.0,1,0.24395629525824936,50
346,4,722,260,462,0,0,0,1.0,1,1.0,1,1.0,1,0.25130706765182453,50
347,0,722,260,462,0,0,0,1.0,1,1.0,1,1.0,1,0.25516543166057115,51
348,3,725,262,463,0,0,0,1.0,1,1.0,1,1.0,1,0.2427656237314318,52
349,2,727,263,464,0,0,0,1.0,1,1.0,1,1.0,1,0.22963661802963814,54
350,3,730,264,466,0,0,0,1.0,1,1.0,1,1.0,1,0.2610676797663265,54
351,3,733,266,467,0,0,0,1.0,1,1.0,1,1.0,1,0.228949249296663,54
352,2,735,266,469,0,0,0,1.0,1,1.0,1,1.0,1,0.20616723231894,56
353,2,737,268,469,0,0,0,1.0,1,1.0,1,1.0,1,0.15736507417068699,54
354,0,737,268,469,0,0,0,1.0,1,1.0,1,1.0,1,0.1635937568080923,53
355,4,741,271,470,0,0,0,1.0,1,1.0,1,1.0,1,0.185755459527002,54
356,2,743,272,471,0,0,0,1.0,1,1.0,1,1.0,1,0.21797232041957212,54
357,4,747,276,471,0,0,0,1.0,1,1.0,1,1.0,1,0.24860499629405672,53
358,1,748,276,472,0,0,0,1.0,1,1.0,1,1.0,1,0.310217055111628,49
359,0,748,276,472,0,0,0,1.0,1,1.0,1,1.0,1,0.3015772616117183,48
360,0,748,276,472,0,0,0,1.0,1,1.0,1,1.0,1,0.320630581195268,47
361,2,750,276,474,0,0,0,1.0,1,1.0,1,1.0,1,0.2709346325639253,46
362,2,752,276,476,0,0,0,1.0,1,1.0,1,1.0,1,0.23428708483957514,46
363,1,753,276,477,0,0,0,1.0,1,1.0,1,1.0,1,0.2336288186843451,47
364,0,753,276,477,0,0,0,1.0,1,1.0,1,1.0,1,0.2336288186843451,47
365,1,754,276,478,0,0,0,1.0,1,1.0,1,1.0,1,0.20668243041824716,47
366,4,758,278,480,0,0,0,1.0,1,1.0,1,1.0,1,0.23678487836239334,50
367,1,759,278,481,0,0,0,1.0,1,1.0,1,1.0,1,0.22727280342913714,50
368,1,760,278,482,0,0,0,1.0,1,1.0,1,1.0,1,0.16942925755573188,51
369,1,761,278,483,0,0,0,1.0,1,1.0,1,1.0,1,0.1700393218940563,51
370,0,761,278,483,0,0,0,1.0,1,1.0,1,1.0,1,0.1700393218940563,51
371,1,762,278,484,0,0,0,1.0,1,1.0,1,1.0,1,0.1927838050893313,52
372,0,762,278,484,0,0,0,1.0,1,1.0,1,1.0,1,0.19348301276205415,53
373,1,763,279,484,0,0,0,1.0,1,1.0,1,1.0,1,0.20329234566402984,53
374,0,763,279,484,0,0,0,1.0,1,1.0,1,1.0,1,0.22760598164664378,53
375,4,767,283,484,0,0,0,1.0,1,1.0,1,1.0,1,0.21927550614239738,53
376,3,770,284,486,0,0,0,1.0,1,1.0,1,1.0,1,0.1799025335638428,53
377,1,771,285,486,0,0,0,1.0,1,1.0,1,1.0,1,0.18674586594773926,53
378,1,772,286,486,0,0,0,1.0,1,1.0,1,1.0,1,0.16485404305316617,53
379,1,773,287,486,0,0,0,1.0,1,1.0,1,1.0,1,0.1799326979652611,54
380,0,773,287,486,0,0,0,1.0,1,1.0,1,1.0,1,0.1799326979652611,54
381,1,774,288,486,0,0,0,1.0,1,1.0,1,1.0,1,0.20277459784303797,54
382,3,777,289,488,0,0,0,1.0,1,1.0,1,1.0,1,0.17009867761756065,55
383,2,779,291,488,0,0,0,1.0,1,1.0,1,1.0,1,0.15969795996255576,55
384,2,781,292,489,0,0,0,1.0,1,1.0,1,1.0,1,0.17629499111891922,54
385,3,784,294,490,0,0,0,1.0,1,1.0,1,1.0,1,0.16293465960659495,52
386,2,786,296,490,0,0,0,1.0,1,1.0,1,1.0,1,0.20853261631664222,52
387,2,788,297,491,0,0,0,1.0,1,1.0,1,1.0,1,0.20225409836960878,50
388,3,791,298,493,0,0,0,1.0,1,1.0,1,1.0,1,0.1670752184548055,52
389,2,793,299,494,0,0,0,1.0,1,1.0,1,1.0,1,0.1870770742122349,51
390,1,794,300,494,0,0,0,1.0,1,1.0,1,1.0,1,0.1982921081808719,50
391,4,798,302,496,0,0,0,1.0,1,1.0,1,1.0,1,0.18753462025487233,49
392,5,803,304,499,0,0,0,1.0,1,1.0,1,1.0,1,0.17968154834900865,47
393,3,806,307,499,0,0,0,1.0,1,1.0,1,1.0,1,0.2638723425062132,47
394,3,809,309,500,0,0,0,1.0,1,1.0,1,1.0,1,0.29253403481862433,48
395,7,816,310,506,0,0,0,1.0,1,1.0,1,1.0,1,0.26063447880404744,46
396,3,819,312,507,0,0,0,1.0,1,1.0,1,1.0,1,0.29212276542684884,43
397,1,820,312,508,0,0,0,1.0,1,1.0,1,1.0,1,0.3045841696581912,42
398,1,821,313,508,0,0,0,1.0,1,1.0,1,1.0,1,0.3433055291130683,40
399,0,821,313,508,0,0,0,1.0,1,1.0,1,1.0,1,0.332982368890754,39
400,1,822,314,508,0,0,0,1.0,1,1.0,1,1.0,1,0.3067647464215757,38
401,1,823,315,508,0,0,0,1.0,1,1.0,1,1.0,1,0.3240721286899058,37
402,1,824,316,508,0,0,0,1.0,1,1.0,1,1.0,1,0.3048001030233153,36
403,2,826,317,509,0,0,0,1.0,1,1.0,1,1.0,1,0.23291427628082412,38
404,3,829,319,510,0,0,0,1.0,1,1.0,1,1.0,1,0.2637879539459392,39
405,2,831,319,512,0,0,0,1.0,1,1.0,1,1.0,1,0.2434714193462348,40
406,4,835,320,515,0,0,0,1.0,1,1.0,1,1.0,1,0.22685858251093402,41
407,1,836,320,516,0,0,0,1.0,1,1.0,1,1.0,1,0.20184385517191583,42
408,0,836,320,516,0,0,0,1.0,1,1.0,1,1.0,1,0.19066160372877053,43
409,0,836,320,516,0,0,0,1.0,1,1.0,1,1.0,1,0.20418359717117474,44
410,0,836,320,516,0,0,0,1.0,1,1.0,1,1.0,1,0.2143553712540416,46
411,1,837,321,516,0,0,0,1.0,1,1.0,1,1.0,1,0.23991656607389583,46
412,2,839,322,517,0,0,0,1.0,1,1.0,1,1.0,1,0.22440302798835188,47
413,0,839,322,517,0,0,0,1.0,1,1.0,1,1.0,1,0.22440302798835188,47
414,0,839,322,517,0,0,0,1.0,1,1.0,1,1.0,1,0.22440302798835188,47
415,3,842,322,520,0,0,0,1.0,1,1.0,1,1.0,1,0.21065163018361496,48
416,0,842,322,520,0,0,0,1.0,1,1.0,1,1.0,1,0.21898550268379083,49
417,1,843,322,521,0,0,0,1.0,1,1.0,1,1.0,1,0.21653392344343286,49
418,0,843,322,521,0,0,0,1.0,1,1.0,1,1.0,1,0.22965234210340763,50
419,0,843,322,521,0,0,0,1.0,1,1.0,1,1.0,1,0.22965234210340763,50
420,2,845,322,523,0,0,0,1.0,1,1.0,1,1.0,1,0.21075322153566478,50
421,1,846,322,524,0,0,0,1.0,1,1.0,1,1.0,1,0.18675202655269274,50
422,1,847,322,525,0,0,0,1.0,1,1.0,1,1.0,1,0.20325343424998438,50
423,2,849,324,525,0,0,0,1.0,1,1.0,1,1.0,1,0.1967947460720428,51
424,1,850,325,525,0,0,0,1.0,1,1.0,1,1.0,1,0.21688284532721375,49
425,2,852,326,526,0,0,0,1.0,1,1.0,1,1.0,1,0.23981204573048023,48
426,6,858,328,530,0,0,0,1.0,1,1.0,1,1.0,1,0.22070333750940757,50
427,3,861,329,532,0,0,0,1.0,1,1.0,1,1.0,1,0.2310239933379598,48
428,7,868,333,535,0,0,0,1.0,1,1.0,1,1.0,1,0.302539864938724,49
429,3,871,333,538,0,0,0,1.0,1,1.0,1,1.0,1,0.25037969413360334,45
430,2,873,334,539,0,0,0,1.0,1,1.0,1,1.0,1,0.250338572063128,44
431,3,876,336,540,0,0,0,1.0,1,1.0,1,1.0,1,0.3090489171193717,42
432,2,878,337,541,0,0,0,1.0,1,1.0,1,1.0,1,0.3419346179422013,40
433,2,880,338,542,0,0,0,1.0,1,1.0,1,1.0,1,0.33717741301032,39
434,3,883,341,542,0,0,0,1.0,1,1.0,1,1.0,1,0.36777208352514706,39
435,5,888,343,545,0,0,0,1.0,1,1.0,1,1.0,1,0.35985201756608726,38
436,11,899,344,555,0,0,0,1.0,1,1.0,1,1.0,1,0.19297306946411263,38
437,3,902,344,558,0,0,0,1.0,1,1.0,1,1.0,1,0.14974740829043412,39
438,2,904,344,560,0,0,0,1.0,1,1.0,1,1.0,1,0.141455792054619,38
439,1,905,344,561,0,0,0,1.0,1,1.0,1,1.0,1,0.16787390169747066,39
440,1,906,344,562,0,0,0,1.0,1,1.0,1,1.0,1,0.16524965397257993,39
441,5,911,345,566,0,0,0,1.0,1,1.0,1,1.0,1,0.18416594923305724,41
442,1,912,345,567,0,0,0,1.0,1,1.0,1,1.0,1,0.21251552288009104,42
443,0,912,345,567,0,0,0,1.0,1,1.0,1,1.0,1,0.21251552288009104,42
444,3,915,345,570,0,0,0,1.0,1,1.0,1,1.0,1,0.17386215780089118,43
445,8,923,347,576,0,0,0,1.0,1,1.0,1,1.0,1,0.2082319129594863,44
446,3,926,347,579,0,0,0,1.0,1,1.0,1,1.0,1,0.20202493578063682,44
447,5,931,348,583,0,0,0,1.0,1,1.0,1,1.0,1,0.23936257257403926,47
448,5,936,349,587,0,0,0,1.0,1,1.0,1,1.0,1,0.2740908504832091,46
449,8,944,349,595,0,0,0,1.0,1,1.0,1,1.0,1,0.272820834331182,46
450,8,952,349,603,0,0,0,1.0,1,1.0,1,1.0,1,0.2891920102113728,46
451,4,956,349,607,0,0,0,1.0,1,1.0,1,1.0,1,0.21569934052915252,47
452,0,956,349,607,0,0,0,1.0,1,1.0,1,1.0,1,0.23228455739109502,47
453,0,956,349,607,0,0,0,1.0,1,1.0,1,1.0,1,0.23228455739109502,47
454,1,957,349,608,0,0,0,1.0,1,1.0,1,1.0,1,0.22991161529967774,46
455,5,962,351,611,0,0,0,1.0,1,1.0,1,1.0,1,0.20697669062449525,47
456,6,968,352,616,0,0,0,1.0,1,1.0,1,1.0,1,0.16390431058480734,49
457,6,974,353,621,0,0,0,1.0,1,1.0,1,1.0,1,0.17596236566930987,50
458,2,976,353,623,0,0,0,1.0,1,1.0,1,1.0,1,0.1654628382843945,50
459,4,980,353,627,0,0,0,1.0,1,1.0,1,1.0,1,0.18567138939905986,52
460,8,988,353,635,0,0,0,1.0,1,1.0,1,1.0,1,0.12981971297874295,53
461,2,990,353,637,0,0,0,1.0,1,1.0,1,1.0,1,0.13865971286211254,54
462,2,992,353,639,0,0,0,1.0,1,1.0,1,1.0,1,0.14177405389782288,54
463,5,997,355,642,0,0,0,1.0,1,1.0,1,1.0,1,0.13999843102067405,55
464,7,1004,357,647,0,0,0,1.0,1,1.0,1,1.0,1,0.19980346181111872,56
465,1,1005,357,648,0,0,0,1.0,1,1.0,1,1.0,1,0.20403858279395748,54
466,7,1012,360,652,0,0,0,1.0,1,1.0,1,1.0,1,0.20199262462466475,54
467,3,1015,362,653,0,0,0,1.0,1,1.0,1,1.0,1,0.2388749307525192,51
468,5,1020,364,656,0,0,0,1.0,1,1.0,1,1.0,1,0.20055761166719815,51
469,1,1021,364,657,0,0,0,1.0,1,1.0,1,1.0,1,0.18557705864483515,48
470,0,1021,364,657,0,0,0,1.0,1,1.0,1,1.0,1,0.19437872611094953,47
471,3,1024,367,657,0,0,0,1.0,1,1.0,1,1.0,1,0.17559288907870066,44
472,4,1028,371,657,0,0,0,1.0,1,1.0,1,1.0,1,0.2631325124524369,43
473,2,1030,373,657,0,0,0,1.0,1,1.0,1,1.0,1,0.24229727343852517,41
474,0,1030,373,657,0,0,0,1.0,1,1.0,1,1.0,1,0.241718083939921,39
475,3,1033,376,657,0,0,0,1.0,1,1.0,1,1.0,1,0.3085408258589355,40
476,0,1033,376,657,0,0,0,1.0,1,1.0,1,1.0,1,0.3293651439536598,38
477,0,1033,376,657,0,0,0,1.0,1,1.0,1,1.0,1,0.33706940793202367,35
478,0,1033,376,657,0,0,0,1.0,1,1.0,1,1.0,1,0.3018227962147003,35
479,0,1033,376,657,0,0,0,1.0,1,1.0,1,1.0,1,0.31354664819938455,32
480,0,1033,376,657,0,0,0,1.0,1,1.0,1,1.0,1,0.3333058924605432,32
481,0,1033,376,657,0,0,0,1.0,1,1.0,1,1.0,1,0.3335754577219608,33
482,2,1035,377,658,0,0,0,1.0,1,1.0,1,1.0,1,0.32378687206491197,34
483,2,1037,379,658,0,0,0,1.0,1,1.0,1,1.0,1,0.31305764578629247,32
484,3,1040,379,661,0,0,0,1.0,1,1.0,1,1.0,1,0.21222945102858853,33
485,3,1043,380,663,0,0,0,1.0,1,1.0,1,1.0,1,0.20514641071508088,34
486,1,1044,380,664,0,0,0,1.0,1,1.0,1,1.0,1,0.23914119992159588,36
487,1,1045,380,665,0,0,0,1.0,1,1.0,1,1.0,1,0.22219878366024917,36
488,1,1046,380,666,0,0,0,1.0,1,1.0,1,1.0,1,0.25349004394521696,37
489,5,1051,382,669,0,0,0,1.0,1,1.0,1,1.0,1,0.2583239438974299,38
490,1,1052,383,669,0,0,0,1.0,1,1.0,1,1.0,1,0.2725229273573533,38
491,0,1052,383,669,0,0,0,1.0,1,1.0,1,1.0,1,0.27523400956232974,37
492,0,1052,383,669,0,0,0,1.0,1,1.0,1,1.0,1,0.27523400956232974,37
493,0,1052,383,669,0,0,0,1.0,1,1.0,1,1.0,1,0.27523400956232974,37
494,7,1059,385,674,0,0,0,1.0,1,1.0,1,1.0,1,0.20255396159742,39
495,0,1059,385,674,0,0,0,1.0,1,1.0,1,1.0,1,0.21080089061668536,40
496,0,1059,385,674,0,0,0,1.0,1,1.0,1,1.0,1,0.21080089061668536,40
497,0,1059,385,674,0,0,0,1.0,1,1.0,1,1.0,1,0.19869255611040526,43
498,0,1059,385,674,0,0,0,1.0,1,1.0,1,1.0,1,0.19869255611040526,43
499,0,1059,385,674,0,0,0,1.0,1,1.0,1,1.0,1,0.19270569556396236,44
500,1,1060,386,674,0,0,0,1.0,1,1.0,1,1.0,1,0.20512685279269388,45
501,1,1061,386,675,0,0,0,1.0,1,1.0,1,1.0,1,0.17965073528482092,45
502,3,1064,389,675,0,0,0,1.0,1,1.0,1,1.0,1,0.21542052902464828,45
503,3,1067,391,676,0,0,0,1.0,1,1.0,1,1.0,1,0.22787063673770835,46
504,5,1072,394,678,0,0,0,1.0,1,1.0,1,1.0,1,0.24921008052549293,47
505,1,1073,394,679,0,0,0,1.0,1,1.0,1,1.0,1,0.2347948991648962,42
506,0,1073,394,679,0,0,0,1.0,1,1.0,1,1.0,1,0.24651447057934586,41
507,0,1073,394,679,0,0,0,1.0,1,1.0,1,1.0,1,0.2503245911145158,38
508,2,1075,396,679,0,0,0,1.0,1,1.0,1,1.0,1,0.32227457409067,38
509,0,1075,396,679,0,0,0,1.0,1,1.0,1,1.0,1,0.35673806514800793,37
510,0,1075,396,679,0,0,0,1.0,1,1.0,1,1.0,1,0.35492466828071806,36
511,2,1077,397,680,0,0,0,1.0,1,1.0,1,1.0,1,0.37558735182626396,34
512,0,1077,397,680,0,0,0,1.0,1,1.0,1,1.0,1,0.34809020698933674,32
513,0,1077,397,680,0,0,0,1.0,1,1.0,1,1.0,1,0.34809020698933674,32
514,2,1079,397,682,0,0,0,1.0,1,1.0,1,1.0,1,0.3551246814937802,35
515,1,1080,397,683,0,0,0,1.0,1,1.0,1,1.0,1,0.3416419800853884,35
516,3,1083,397,686,0,0,0,1.0,1,1.0,1,1.0,1,0.26339654845153443,36
517,2,1085,397,688,0,0,0,1.0,1,1.0,1,1.0,1,0.2502774946071498,36
518,1,1086,397,689,0,0,0,1.0,1,1.0,1,1.0,1,0.2670796382622906,39
519,0,1086,397,689,0,0,0,1.0,1,1.0,1,1.0,1,0.2670796382622906,39
520,3,1089,399,690,0,0,0,1.0,1,1.0,1,1.0,1,0.3521581994792013,39
521,3,1092,400,692,0,0,0,1.0,1,1.0,1,1.0,1,0.3168084774306007,40
522,0,1092,400,692,0,0,0,1.0,1,1.0,1,1.0,1,0.3168084774306007,40
523,2,1094,402,692,0,0,0,1.0,1,1.0,1,1.0,1,0.3241643146034091,41
524,3,1097,404,693,0,0,0,1.0,1,1.0,1,1.0,1,0.36296517892056845,41
525,4,1101,405,696,0,0,0,1.0,1,1.0,1,1.0,1,0.33587240197456214,40
526,3,1104,405,699,0,0,0,1.0,1,1.0,1,1.0,1,0.29232485518168666,40
527,1,1105,406,699,0,0,0,1.0,1,1.0,1,1.0,1,0.3436238092563911,40
528,2,1107,407,700,0,0,0,1.0,1,1.0,1,1.0,1,0.3149775502005344,40
529,1,1108,407,701,0,0,0,1.0,1,1.0,1,1.0,1,0.31518867127795036,39
530,0,1108,407,701,0,0,0,1.0,1,1.0,1,1.0,1,0.31518867127795036,39
531,0,1108,407,701,0,0,0,1.0,1,1.0,1,1.0,1,0.32604207711642297,39
532,0,1108,407,701,0,0,0,1.0,1,1.0,1,1.0,1,0.33360780716537985,40
533,6,1114,408,706,0,0,0,1.0,1,1.0,1,1.0,1,0.33106859949889433,40
534,0,1114,408,706,0,0,0,1.0,1,1.0,1,1.0,1,0.33759845416881257,42
535,1,1115,408,707,0,0,0,1.0,1,1.0,1,1.0,1,0.34837496876478186,42
536,0,1115,408,707,0,0,0,1.0,1,1.0,1,1.0,1,0.35531961927041233,43
537,0,1115,408,707,0,0,0,1.0,1,1.0,1,1.0,1,0.35531961927041233,43
538,1,1116,409,707,0,0,0,1.0,1,1.0,1,1.0,1,0.3768130629506115,44
539,0,1116,409,707,0,0,0,1.0,1,1.0,1,1.0,1,0.3768130629506115,44
540,0,1116,409,707,0,0,0,1.0,1,1.0,1,1.0,1,0.3768130629506115,44
541,3,1119,410,709,0,0,0,1.0,1,1.0,1,1.0,1,0.3121325195190003,45
542,3,1122,411,711,0,0,0,1.0,1,1.0,1,1.0,1,0.28984287282099575,46
543,2,1124,413,711,0,0,0,1.0,1,1.0,1,1.0,1,0.3471149523997706,43
544,4,1128,415,713,0,0,0,1.0,1,1.0,1,1.0,1,0.3775448802853915,42
545,5,1133,417,716,0,0,0,1.0,1,1.0,1,1.0,1,0.3733431777989516,43
546,3,1136,419,717,0,0,0,1.0,1,1.0,1,1.0,1,0.4373475924211552,41
547,1,1137,419,718,0,0,0,1.0,1,1.0,1,1.0,1,0.39237558310201054,40
548,3,1140,422,718,0,0,0,1.0,1,1.0,1,1.0,1,0.4284206010969889,40
549,4,1144,423,721,0,0,0,1.0,1,1.0,1,1.0,1,0.4299039660065588,39
550,1,1145,423,722,0,0,0,1.0,1,1.0,1,1.0,1,0.4115697344257924,38
551,1,1146,424,722,0,0,0,1.0,1,1.0,1,1.0,1,0.4145570261046197,38
552,3,1149,425,724,0,0,0,1.0,1,1.0,1,1.0,1,0.4002020768227762,39
553,1,1150,425,725,0,0,0,1.0,1,1.0,1,1.0,1,0.38780547570389085,38
554,2,1152,426,726,0,0,0,1.0,1,1.0,1,1.0,1,0.3842958902618238,39
555,1,1153,426,727,0,0,0,1.0,1,1.0,1,1.0,1,0.36736659324919446,39
556,5,1158,427,731,0,0,0,1.0,1,1.0,1,1.0,1,0.33376443457628463,40
557,0,1158,427,731,0,0,0,1.0,1,1.0,1,1.0,1,0.3389444514448912,40
558,0,1158,427,731,0,0,0,1.0,1,1.0,1,1.0,1,0.3389444514448912,40
559,2,1160,428,732,0,0,0,1.0,1,1.0,1,1.0,1,0.30809668526196055,40
560,1,1161,428,733,0,0,0,1.0,1,1.0,1,1.0,1,0.3044011028439293,41
561,5,1166,429,737,0,0,0,1.0,1,1.0,1,1.0,1,0.2052959513186476,42
562,2,1168,430,738,0,0,0,1.0,1,1.0,1,1.0,1,0.22207781277642205,42
563,3,1171,432,739,0,0,0,1.0,1,1.0,1,1.0,1,0.2866075541436314,42
564,2,1173,432,741,0,0,0,1.0,1,1.0,1,1.0,1,0.306503530037469,43
565,2,1175,433,742,0,0,0,1.0,1,1.0,1,1.0,1,0.2995625729669716,44
566,1,1176,433,743,0,0,0,1.0,1,1.0,1,1.0,1,0.28673057329240303,45
567,1,1177,433,744,0,0,0,1.0,1,1.0,1,1.0,1,0.3033281973754872,45
568,2,1179,433,746,0,0,0,1.0,1,1.0,1,1.0,1,0.23782511671314188,46
569,1,1180,433,747,0,0,0,1.0,1,1.0,1,1.0,1,0.21574271563353678,47
570,3,1183,434,749,0,0,0,1.0,1,1.0,1,1.0,1,0.2562753073238603,48
571,3,1186,435,751,0,0,0,1.0,1,1.0,1,1.0,1,0.24450632150924786,48
572,0,1186,435,751,0,0,0,1.0,1,1.0,1,1.0,1,0.24716332384820922,47
573,0,1186,435,751,0,0,0,1.0,1,1.0,1,1.0,1,0.2485181608704923,49
574,1,1187,435,752,0,0,0,1.0,1,1.0,1,1.0,1,0.21441005489992832,49
575,0,1187,435,752,0,0,0,1.0,1,1.0,1,1.0,1,0.2102098991617363,50
576,1,1188,435,753,0,0,0,1.0,1,1.0,1,1.0,1,0.1997304521954399,51
577,0,1188,435,753,0,0,0,1.0,1,1.0,1,1.0,1,0.1997304521954399,51
578,0,1188,435,753,0,0,0,1.0,1,1.0,1,1.0,1,0.1997304521954399,51
579,1,1189,436,753,0,0,0,1.0,1,1.0,1,1.0,1,0.2097379477867474,52
580,1,1190,436,754,0,0,0,1.0,1,1.0,1,1.0,1,0.2060720738876732,52
581,2,1192,437,755,0,0,0,1.0,1,1.0,1,1.0,1,0.17509763891988347,52
582,0,1192,437,755,0,0,0,1.0,1,1.0,1,1.0,1,0.18538031400724342,53
583,1,1193,438,755,0,0,0,1.0,1,1.0,1,1.0,1,0.1834263403402233,51
584,3,1196,441,755,0,0,0,1.0,1,1.0,1,1.0,1,0.19379326718792347,51
585,4,1200,444,756,0,0,0,1.0,1,1.0,1,1.0,1,0.25810038222115916,49
586,3,1203,446,757,0,0,0,1.0,1,1.0,1,1.0,1,0.24894066552115338,49
587,3,1206,448,758,0,0,0,1.0,1,1.0,1,1.0,1,0.2798109529656671,48
588,2,1208,450,758,0,0,0,1.0,1,1.0,1,1.0,1,0.32006691668568615,46
589,6,1214,451,763,0,0,0,1.0,1,1.0,1,1.0,1,0.24495041350575836,48
590,2,1216,453,763,0,0,0,1.0,1,1.0,1,1.0,1,0.22735610402967246,47
591,0,1216,453,763,0,0,0,1.0,1,1.0,1,1.0,1,0.23203576300868953,48
592,2,1218,454,764,0,0,0,1.0,1,1.0,1,1.0,1,0.2520002091682349,47
593,1,1219,455,764,0,0,0,1.0,1,1.0,1,1.0,1,0.27541909536547393,45
594,2,1221,456,765,0,0,0,1.0,1,1.0,1,1.0,1,0.251025494625367,44
595,2,1223,458,765,0,0,0,1.0,1,1.0,1,1.0,1,0.30551209444943417,43
596,2,1225,460,765,0,0,0,1.0,1,1.0,1,1.0,1,0.34773589951387035,44
597,2,1227,460,767,0,0,0,1.0,1,1.0,1,1.0,1,0.31779909330854866,43
598,3,1230,461,769,0,0,0,1.0,1,1.0,1,1.0,1,0.2820248089378168,45
599,3,1233,463,770,0,0,0,1.0,1,1.0,1,1.0,1,0.26165653593009225,44
600,0,1233,463,770,0,0,0,1.0,1,1.0,1,1.0,1,0.26165653593009225,44
601,0,1233,463,770,0,0,0,1.0,1,1.0,1,1.0,1,0.27156218670927845,45
602,2,1235,463,772,0,0,0,1.0,1,1.0,1,1.0,1,0.23330344799236793,46
603,0,1235,463,772,0,0,0,1.0,1,1.0,1,1.0,1,0.2337350737892733,46
604,2,1237,463,774,0,0,0,1.0,1,1.0,1,1.0,1,0.18492777965628499,47
605,1,1238,463,775,0,0,0,1.0,1,1.0,1,1.0,1,0.15565430398022723,47
606,0,1238,463,775,0,0,0,1.0,1,1.0,1,1.0,1,0.16049498271209905,47
607,1,1239,464,775,0,0,0,1.0,1,1.0,1,1.0,1,0.1842109552239278,48
608,0,1239,464,775,0,0,0,1.0,1,1.0,1,1.0,1,0.20965884750333616,47
609,2,1241,464,777,0,0,0,1.0,1,1.0,1,1.0,1,0.18949585184330875,48
610,1,1242,464,778,0,0,0,1.0,1,1.0,1,1.0,1,0.19979413160943635,48
611,3,1245,466,779,0,0,0,1.0,1,1.0,1,1.0,1,0.19341705424392075,49
612,1,1246,466,780,0,0,0,1.0,1,1.0,1,1.0,1,0.18853692616063078,50
613,1,1247,467,780,0,0,0,1.0,1,1.0,1,1.0,1,0.21062088229125975,50
614,1,1248,467,781,0,0,0,1.0,1,1.0,1,1.0,1,0.21014622252757564,50
615,1,1249,468,781,0,0,0,1.0,1,1.0,1,1.0,1,0.22869384838686932,50
616,6,1255,469,786,0,0,0,1.0,1,1.0,1,1.0,1,0.13941218660023308,50
617,0,1255,469,786,0,0,0,1.0,1,1.0,1,1.0,1,0.15905908660648627,52
618,0,1255,469,786,0,0,0,1.0,1,1.0,1,1.0,1,0.15905908660648627,52
619,0,1255,469,786,0,0,0,1.0,1,1.0,1,1.0,1,0.1628818499929984,50
620,0,1255,469,786,0,0,0,1.0,1,1.0,1,1.0,1,0.15307564181582783,50
621,3,1258,471,787,0,0,0,1.0,1,1.0,1,1.0,1,0.15108649100737923,49
622,0,1258,471,787,0,0,0,1.0,1,1.0,1,1.0,1,0.17805388784654463,49
623,3,1261,472,789,0,0,0,1.0,1,1.0,1,1.0,1,0.18965573776240888,48
624,6,1267,474,793,0,0,0,1.0,1,1.0,1,1.0,1,0.2257394587107647,46
625,2,1269,476,793,0,0,0,1.0,1,1.0,1,1.0,1,0.1913494245657794,45
626,3,1272,478,794,0,0,0,1.0,1,1.0,1,1.0,1,0.2106966545880522,44
627,5,1277,481,796,0,0,0,1.0,1,1.0,1,1.0,1,0.2648173162098123,44
628,3,1280,483,797,0,0,0,1.0,1,1.0,1,1.0,1,0.28573088287005116,44
629,2,1282,484,798,0,0,0,1.0,1,1.0,1,1.0,1,0.24658342924631899,41
630,1,1283,485,798,0,0,0,1.0,1,1.0,1,1.0,1,0.27236744795059353,40
631,1,1284,486,798,0,0,0,1.0,1,1.0,1,1.0,1,0.2780401849848231,38
632,3,1287,488,799,0,0,0,1.0,1,1.0,1,1.0,1,0.2905622522137733,38
633,0,1287,488,799,0,0,0,1.0,1,1.0,1,1.0,1,0.29317917159220325,36
634,0,1287,488,799,0,0,0,1.0,1,1.0,1,1.0,1,0.2957249560278293,35
635,1,1288,489,799,0,0,0,1.0,1,1.0,1,1.0,1,0.3002801848814945,35
636,3,1291,490,801,0,0,0,1.0,1,1.0,1,1.0,1,0.31130131747031864,36
637,0,1291,490,801,0,0,0,1.0,1,1.0,1,1.0,1,0.31460549993014425,35
638,1,1292,491,801,0,0,0,1.0,1,1.0,1,1.0,1,0.35965681619052947,34
639,3,1295,493,802,0,0,0,1.0,1,1.0,1,1.0,1,0.35149865981199785,36
640,1,1296,493,803,0,0,0,1.0,1,1.0,1,1.0,1,0.3490168864510315,37
641,0,1296,493,803,0,0,0,1.0,1,1.0,1,1.0,1,0.3490168864510315,37
642,1,1297,494,803,0,0,0,1.0,1,1.0,1,1.0,1,0.3281544443714139,38
643,1,1298,494,804,0,0,0,1.0,1,1.0,1,1.0,1,0.30795607934398744,39
644,1,1299,495,804,0,0,0,1.0,1,1.0,1,1.0,1,0.32644437390762715,39
645,0,1299,495,804,0,0,0,1.0,1,1.0,1,1.0,1,0.30215402618311793,39
646,6,1305,497,808,0,0,0,1.0,1,1.0,1,1.0,1,0.2481589731302326,40
647,1,1306,497,809,0,0,0,1.0,1,1.0,1,1.0,1,0.24050264158552273,40
648,3,1309,498,811,0,0,0,1.0,1,1.0,1,1.0,1,0.1913655390303772,40
649,1,1310,498,812,0,0,0,1.0,1,1.0,1,1.0,1,0.1767922855993065,40
650,4,1314,501,813,0,0,0,1.0,1,1.0,1,1.0,1,0.19950335330393307,41
651,2,1316,502,814,0,0,0,1.0,1,1.0,1,1.0,1,0.2083973811107507,42
652,0,1316,502,814,0,0,0,1.0,1,1.0,1,1.0,1,0.23391996465095824,41
653,0,1316,502,814,0,0,0,1.0,1,1.0,1,1.0,1,0.23391996465095824,41
654,1,1317,502,815,0,0,0,1.0,1,1.0,1,1.0,1,0.23986706655063014,42
655,2,1319,502,817,0,0,0,1.0,1,1.0,1,1.0,1,0.2338514168219928,45
656,6,1325,504,821,0,0,0,1.0,1,1.0,1,1.0,1,0.26558332234217596,45
657,2,1327,504,823,0,0,0,1.0,1,1.0,1,1.0,1,0.25300144498896027,43
658,5,1332,507,825,0,0,0,1.0,1,1.0,1,1.0,1,0.3299616861347384,43
659,6,1338,508,830,0,0,0,1.0,1,1.0,1,1.0,1,0.26768912959913427,43
660,9,1347,511,836,0,0,0,1.0,1,1.0,1,1.0,1,0.3812571314977168,43
661,3,1350,511,839,0,0,0,1.0,1,1.0,1,1.0,1,0.3026246679011021,41
662,0,1350,511,839,0,0,0,1.0,1,1.0,1,1.0,1,0.29102658046989094,40
663,0,1350,511,839,0,0,0,1.0,1,1.0,1,1.0,1,0.2792121210094668,39
664,3,1353,513,840,0,0,0,1.0,1,1.0,1,1.0,1,0.2898790350734284,36
665,2,1355,513,842,0,0,0,1.0,1,1.0,1,1.0,1,0.21463478300210959,36
666,1,1356,514,842,0,0,0,1.0,1,1.0,1,1.0,1,0.2524356652591213,36
667,2,1358,515,843,0,0,0,1.0,1,1.0,1,1.0,1,0.2355890440555712,35
668,3,1361,518,843,0,0,0,1.0,1,1.0,1,1.0,1,0.22206543987152053,34
669,2,1363,519,844,0,0,0,1.0,1,1.0,1,1.0,1,0.19316244785235248,34
670,3,1366,521,845,0,0,0,1.0,1,1.0,1,1.0,1,0.228243583670768,32
671,1,1367,522,845,0,0,0,1.0,1,1.0,1,1.0,1,0.24941362352678606,33
672,0,1367,522,845,0,0,0,1.0,1,1.0,1,1.0,1,0.27409469093130817,32
673,1,1368,522,846,0,0,0,1.0,1,1.0,1,1.0,1,0.27868196017580193,32
674,1,1369,523,846,0,0,0,1.0,1,1.0,1,1.0,1,0.29993558933901465,32
675,1,1370,524,846,0,0,0,1.0,1,1.0,1,1.0,1,0.32300692553838956,34
676,5,1375,524,851,0,0,0,1.0,1,1.0,1,1.0,1,0.20547253067591698,35
677,2,1377,524,853,0,0,0,1.0,1,1.0,1,1.0,1,0.21576272367743196,35
678,3,1380,524,856,0,0,0,1.0,1,1.0,1,1.0,1,0.16902166073309585,35
679,3,1383,525,858,0,0,0,1.0,1,1.0,1,1.0,1,0.17307360121074666,36
680,2,1385,525,860,0,0,0,1.0,1,1.0,1,1.0,1,0.19451357889814638,37
681,4,1389,525,864,0,0,0,1.0,1,1.0,1,1.0,1,0.19451357889814638,37
682,1,1390,525,865,0,0,0,1.0,1,1.0,1,1.0,1,0.18337836205654784,37
683,3,1393,528,865,0,0,0,1.0,1,1.0,1,1.0,1,0.21331554985229156,38
684,5,1398,529,869,0,0,0,1.0,1,1.0,1,1.0,1,0.19284989327008176,39
685,1,1399,529,870,0,0,0,1.0,1,1.0,1,1.0,1,0.19810233133406258,38
686,2,1401,529,872,0,0,0,1.0,1,1.0,1,1.0,1,0.19021259955683462,37
687,3,1404,530,874,0,0,0,1.0,1,1.0,1,1.0,1,0.2605037767448078,38
688,3,1407,530,877,0,0,0,1.0,1,1.0,1,1.0,1,0.2613773332756585,37
689,6,1413,532,881,0,0,0,1.0,1,1.0,1,1.0,1,0.32000003708498564,39
690,3,1416,532,884,0,0,0,1.0,1,1.0,1,1.0,1,0.2797482451704036,38
691,2,1418,533,885,0,0,0,1.0,1,1.0,1,1.0,1,0.22945735699648873,38
692,0,1418,533,885,0,0,0,1.0,1,1.0,1,1.0,1,0.22945735699648873,38
693,2,1420,534,886,0,0,0,1.0,1,1.0,1,1.0,1,0.21887915750547932,40
694,2,1422,536,886,0,0,0,1.0,1,1.0,1,1.0,1,0.26392559057799425,42
695,3,1425,538,887,0,0,0,1.0,1,1.0,1,1.0,1,0.2563479472103651,40
696,2,1427,540,887,0,0,0,1.0,1,1.0,1,1.0,1,0.27267388700137446,39
697,1,1428,540,888,0,0,0,1.0,1,1.0,1,1.0,1,0.2604470141720044,39
698,2,1430,541,889,0,0,0,1.0,1,1.0,1,1.0,1,0.26133208598214525,37
699,0,1430,541,889,0,0,0,1.0,1,1.0,1,1.0,1,0.2433826122878208,37
700,2,1432,542,890,0,0,0,1.0,1,1.0,1,1.0,1,0.2778503517813043,37
701,0,1432,542,890,0,0,0,1.0,1,1.0,1,1.0,1,0.2778503517813043,37
702,1,1433,542,891,0,0,0,1.0,1,1.0,1,1.0,1,0.2577863053994158,38
703,2,1435,544,891,0,0,0,1.0,1,1.0,1,1.0,1,0.2760140097859966,36
704,5,1440,548,892,0,0,0,1.0,1,1.0,1,1.0,1,0.34479465850197455,36
705,2,1442,549,893,0,0,0,1.0,1,1.0,1,1.0,1,0.3076518280250454,36
706,5,1447,553,894,0,0,0,1.0,1,1.0,1,1.0,1,0.3236792782837598,35
707,8,1455,555,900,0,0,0,1.0,1,1.0,1,1.0,1,0.21935178488619028,36
708,1,1456,556,900,0,0,0,1.0,1,1.0,1,1.0,1,0.22425010809816273,36
709,1,1457,557,900,0,0,0,1.0,1,1.0,1,1.0,1,0.18052436410145772,34
710,1,1458,558,900,0,0,0,1.0,1,1.0,1,1.0,1,0.1705562728501325,34
711,0,1458,558,900,0,0,0,1.0,1,1.0,1,1.0,1,0.162508336057609,34
712,2,1460,559,901,0,0,0,1.0,1,1.0,1,1.0,1,0.1893285275191256,35
713,1,1461,560,901,0,0,0,1.0,1,1.0,1,1.0,1,0.18660044471010284,34
714,1,1462,561,901,0,0,0,1.0,1,1.0,1,1.0,1,0.17688473910075492,34
715,0,1462,561,901,0,0,0,1.0,1,1.0,1,1.0,1,0.20113629012978174,35
716,0,1462,561,901,0,0,0,1.0,1,1.0,1,1.0,1,0.2023612885681372,33
717,3,1465,564,901,0,0,0,1.0,1,1.0,1,1.0,1,0.3350827308572083,33
718,1,1466,565,901,0,0,0,1.0,1,1.0,1,1.0,1,0.3844967327617421,32
719,2,1468,566,902,0,0,0,1.0,1,1.0,1,1.0,1,0.3200062517106598,32
720,1,1469,567,902,0,0,0,1.0,1,1.0,1,1.0,1,0.30081561930201645,33
721,3,1472,568,904,0,0,0,1.0,1,1.0,1,1.0,1,0.24800925658277093,33
722,1,1473,568,905,0,0,0,1.0,1,1.0,1,1.0,1,0.21601104190004153,34
723,0,1473,568,905,0,0,0,1.0,1,1.0,1,1.0,1,0.21601104190004153,34
724,1,1474,568,906,0,0,0,1.0,1,1.0,1,1.0,1,0.22629897811415453,36
725,0,1474,568,906,0,0,0,1.0,1,1.0,1,1.0,1,0.22629897811415453,36
726,0,1474,568,906,0,0,0,1.0,1,1.0,1,1.0,1,0.22629897811415453,36
727,0,1474,568,906,0,0,0,1.0,1,1.0,1,1.0,1,0.22629897811415453,36
728,1,1475,569,906,0,0,0,1.0,1,1.0,1,1.0,1,0.2432457713226402,37
729,0,1475,569,906,0,0,0,1.0,1,1.0,1,1.0,1,0.26450781398935286,37
730,3,1478,569,909,0,0,0,1.0,1,1.0,1,1.0,1,0.18887505247762088,38
731,1,1479,569,910,0,0,0,1.0,1,1.0,1,1.0,1,0.2016949965095004,39
732,0,1479,569,910,0,0,0,1.0,1,1.0,1,1.0,1,0.18580952728150069,41
733,1,1480,570,910,0,0,0,1.0,1,1.0,1,1.0,1,0.14895212099615837,39
734,1,1481,571,910,0,0,0,1.0,1,1.0,1,1.0,1,0.20885473929313544,39
735,3,1484,574,910,0,0,0,1.0,1,1.0,1,1.0,1,0.2654039100881501,39
736,3,1487,574,913,0,0,0,1.0,1,1.0,1,1.0,1,0.22104521430362215,38
737,1,1488,575,913,0,0,0,1.0,1,1.0,1,1.0,1,0.26011249512431867,39
738,0,1488,575,913,0,0,0,1.0,1,1.0,1,1.0,1,0.2742178909211221,37
739,0,1488,575,913,0,0,0,1.0,1,1.0,1,1.0,1,0.2742178909211221,37
740,0,1488,575,913,0,0,0,1.0,1,1.0,1,1.0,1,0.25669435748550623,35
741,1,1489,576,913,0,0,0,1.0,1,1.0,1,1.0,1,0.26713753042796357,33
742,3,1492,577,915,0,0,0,1.0,1,1.0,1,1.0,1,0.3049340742328817,35
743,3,1495,579,916,0,0,0,1.0,1,1.0,1,1.0,1,0.3561257846879207,35
744,4,1499,582,917,0,0,0,1.0,1,1.0,1,1.0,1,0.3114558714482475,34
745,1,1500,583,917,0,0,0,1.0,1,1.0,1,1.0,1,0.3549667704298024,34
746,5,1505,585,920,0,0,0,1.0,1,1.0,1,1.0,1,0.34270796446620755,33
747,2,1507,587,920,0,0,0,1.0,1,1.0,1,1.0,1,0.3618868503395811,32
748,0,1507,587,920,0,0,0,1.0,1,1.0,1,1.0,1,0.35917326810640354,33
749,1,1508,587,921,0,0,0,1.0,1,1.0,1,1.0,1,0.3277842246321433,33
750,2,1510,588,922,0,0,0,1.0,1,1.0,1,1.0,1,0.33816943744717504,34
751,6,1516,589,927,0,0,0,1.0,1,1.0,1,1.0,1,0.19367124963671184,36
752,1,1517,590,927,0,0,0,1.0,1,1.0,1,1.0,1,0.18459958378617594,35
753,2,1519,592,927,0,0,0,1.0,1,1.0,1,1.0,1,0.25333154464630714,37
754,2,1521,593,928,0,0,0,1.0,1,1.0,1,1.0,1,0.28913694408993645,37
755,0,1521,593,928,0,0,0,1.0,1,1.0,1,1.0,1,0.2743355715794261,35
756,1,1522,594,928,0,0,0,1.0,1,1.0,1,1.0,1,0.3349363230860105,36
757,0,1522,594,928,0,0,0,1.0,1,1.0,1,1.0,1,0.32250654517598415,35
758,0,1522,594,928,0,0,0,1.0,1,1.0,1,1.0,1,0.33404632132797624,36
759,2,1524,595,929,0,0,0,1.0,1,1.0,1,1.0,1,0.3463611873449931,37
760,2,1526,595,931,0,0,0,1.0,1,1.0,1,1.0,1,0.3202125440602796,36
761,0,1526,595,931,0,0,0,1.0,1,1.0,1,1.0,1,0.3202125440602796,36
762,0,1526,595,931,0,0,0,1.0,1,1.0,1,1.0,1,0.3212200858186308,37
763,1,1527,595,932,0,0,0,1.0,1,1.0,1,1.0,1,0.3153129712951574,38
764,0,1527,595,932,0,0,0,1.0,1,1.0,1,1.0,1,0.3153129712951574,38
765,0,1527,595,932,0,0,0,1.0,1,1.0,1,1.0,1,0.3153129712951574,38
766,1,1528,595,933,0,0,0,1.0,1,1.0,1,1.0,1,0.28795947104399955,40
767,0,1528,595,933,0,0,0,1.0,1,1.0,1,1.0,1,0.29199940888109965,41
768,3,1531,596,935,0,0,0,1.0,1,1.0,1,1.0,1,0.284441161872293,41
769,1,1532,596,936,0,0,0,1.0,1,1.0,1,1.0,1,0.2705609407962285,42
770,1,1533,597,936,0,0,0,1.0,1,1.0,1,1.0,1,0.25202067632469705,41
771,1,1534,597,937,0,0,0,1.0,1,1.0,1,1.0,1,0.2572184346150463,41
772,3,1537,599,938,0,0,0,1.0,1,1.0,1,1.0,1,0.2232047275203356,41
773,0,1537,599,938,0,0,0,1.0,1,1.0,1,1.0,1,0.20163342730467346,41
774,4,1541,601,940,0,0,0,1.0,1,1.0,1,1.0,1,0.2545151428642056,42
775,1,1542,601,941,0,0,0,1.0,1,1.0,1,1.0,1,0.2338578703948995,42
776,2,1544,601,943,0,0,0,1.0,1,1.0,1,1.0,1,0.2338578703948995,42
777,0,1544,601,943,0,0,0,1.0,1,1.0,1,1.0,1,0.2338578703948995,42
778,0,1544,601,943,0,0,0,1.0,1,1.0,1,1.0,1,0.2582445899440619,44
779,0,1544,601,943,0,0,0,1.0,1,1.0,1,1.0,1,0.2582445899440619,44
780,1,1545,602,943,0,0,0,1.0,1,1.0,1,1.0,1,0.27186495317385084,44
781,5,1550,602,948,0,0,0,1.0,1,1.0,1,1.0,1,0.1974414393870468,46
782,2,1552,604,948,0,0,0,1.0,1,1.0,1,1.0,1,0.24694990218097895,45
783,1,1553,605,948,0,0,0,1.0,1,1.0,1,1.0,1,0.298682720484332,44
784,2,1555,606,949,0,0,0,1.0,1,1.0,1,1.0,1,0.330199254453875,44
785,2,1557,607,950,0,0,0,1.0,1,1.0,1,1.0,1,0.2755726586841734,43
786,2,1559,608,951,0,0,0,1.0,1,1.0,1,1.0,1,0.22017470155110275,43
787,0,1559,608,951,0,0,0,1.0,1,1.0,1,1.0,1,0.22017470155110275,43
788,4,1563,609,954,0,0,0,1.0,1,1.0,1,1.0,1,0.23941184308885943,45
789,3,1566,610,956,0,0,0,1.0,1,1.0,1,1.0,1,0.19969645323172025,46
790,0,1566,610,956,0,0,0,1.0,1,1.0,1,1.0,1,0.23018170104611899,45
791,0,1566,610,956,0,0,0,1.0,1,1.0,1,1.0,1,0.24746083491438103,46
792,0,1566,610,956,0,0,0,1.0,1,1.0,1,1.0,1,0.27942654274192086,46
793,0,1566,610,956,0,0,0,1.0,1,1.0,1,1.0,1,0.27942654274192086,46
794,0,1566,610,956,0,0,0,1.0,1,1.0,1,1.0,1,0.3042291435064836,47
795,1,1567,610,957,0,0,0,1.0,1,1.0,1,1.0,1,0.27433991120747286,47
796,7,1574,611,963,0,0,0,1.0,1,1.0,1,1.0,1,0.19203565000341744,46
797,2,1576,611,965,0,0,0,1.0,1,1.0,1,1.0,1,0.20083841337820194,47
798,2,1578,613,965,0,0,0,1.0,1,1.0,1,1.0,1,0.23539284597666987,48
799,2,1580,614,966,0,0,0,1.0,1,1.0,1,1.0,1,0.2005366954274868,48
800,2,1582,615,967,0,0,0,1.0,1,1.0,1,1.0,1,0.20289776655667088,48
801,0,1582,615,967,0,0,0,1.0,1,1.0,1,1.0,1,0.21924944673149122,49
802,0,1582,615,967,0,0,0,1.0,1,1.0,1,1.0,1,0.19798152650785802,50
803,0,1582,615,967,0,0,0,1.0,1,1.0,1,1.0,1,0.19177340685213845,49
804,3,1585,618,967,0,0,0,1.0,1,1.0,1,1.0,1,0.1983641271346363,50
805,0,1585,618,967,0,0,0,1.0,1,1.0,1,1.0,1,0.1983641271346363,50
806,0,1585,618,967,0,0,0,1.0,1,1.0,1,1.0,1,0.1983641271346363,50
807,2,1587,619,968,0,0,0,1.0,1,1.0,1,1.0,1,0.2172857060932997,51
808,5,1592,620,972,0,0,0,1.0,1,1.0,1,1.0,1,0.2052796199059764,51
809,2,1594,622,972,0,0,0,1.0,1,1.0,1,1.0,1,0.2025962557379902,51
810,2,1596,622,974,0,0,0,1.0,1,1.0,1,1.0,1,0.16246223177689786,52
811,1,1597,622,975,0,0,0,1.0,1,1.0,1,1.0,1,0.1175624341113875,50
812,1,1598,623,975,0,0,0,1.0,1,1.0,1,1.0,1,0.1713948537369112,48
813,1,1599,624,975,0,0,0,1.0,1,1.0,1,1.0,1,0.21363697525164496,49
814,1,1600,625,975,0,0,0,1.0,1,1.0,1,1.0,1,0.16971044760981369,48
815,3,1603,628,975,0,0,0,1.0,1,1.0,1,1.0,1,0.28310689873708705,48
816,2,1605,629,976,0,0,0,1.0,1,1.0,1,1.0,1,0.2504592451133498,46
817,0,1605,629,976,0,0,0,1.0,1,1.0,1,1.0,1,0.28709051396327356,44
818,1,1606,629,977,0,0,0,1.0,1,1.0,1,1.0,1,0.27368093273463584,46
819,0,1606,629,977,0,0,0,1.0,1,1.0,1,1.0,1,0.28351753185775497,44
820,0,1606,629,977,0,0,0,1.0,1,1.0,1,1.0,1,0.29125947235156185,44
821,0,1606,629,977,0,0,0,1.0,1,1.0,1,1.0,1,0.29125947235156185,44
822,5,1611,632,979,0,0,0,1.0,1,1.0,1,1.0,1,0.29744287415011944,44
823,1,1612,633,979,0,0,0,1.0,1,1.0,1,1.0,1,0.288056167269392,42
824,5,1617,638,979,0,0,0,1.0,1,1.0,1,1.0,1,0.2964687201062417,42
825,2,1619,639,980,0,0,0,1.0,1,1.0,1,1.0,1,0.2746780447497773,40
826,6,1625,642,983,0,0,0,1.0,1,1.0,1,1.0,1,0.24415667709565694,41
827,2,1627,642,985,0,0,0,1.0,1,1.0,1,1.0,1,0.1882443265873904,40
828,2,1629,644,985,0,0,0,1.0,1,1.0,1,1.0,1,0.20303771752798586,40
829,1,1630,645,985,0,0,0,1.0,1,1.0,1,1.0,1,0.1902349049085461,42
830,3,1633,647,986,0,0,0,1.0,1,1.0,1,1.0,1,0.22157241553466375,42
831,3,1636,648,988,0,0,0,1.0,1,1.0,1,1.0,1,0.16727436259977704,43
832,1,1637,649,988,0,0,0,1.0,1,1.0,1,1.0,1,0.17355262848987246,42
833,1,1638,650,988,0,0,0,1.0,1,1.0,1,1.0,1,0.20454594463320705,41
834,2,1640,651,989,0,0,0,1.0,1,1.0,1,1.0,1,0.2180020245862654,41
835,1,1641,651,990,0,0,0,1.0,1,1.0,1,1.0,1,0.20451314515252716,41
836,0,1641,651,990,0,0,0,1.0,1,1.0,1,1.0,1,0.20837574468526643,40
837,0,1641,651,990,0,0,0,1.0,1,1.0,1,1.0,1,0.20439325928859362,41
838,0,1641,651,990,0,0,0,1.0,1,1.0,1,1.0,1,0.20439325928859362,41
839,2,1643,652,991,0,0,0,1.0,1,1.0,1,1.0,1,0.18672068626291446,41
840,2,1645,653,992,0,0,0,1.0,1,1.0,1,1.0,1,0.20580725618100928,42
841,0,1645,653,992,0,0,0,1.0,1,1.0,1,1.0,1,0.20580725618100928,42
842,6,1651,656,995,0,0,0,1.0,1,1.0,1,1.0,1,0.23840066090581372,42
843,3,1654,657,997,0,0,0,1.0,1,1.0,1,1.0,1,0.19759238086429282,42
844,0,1654,657,997,0,0,0,1.0,1,1.0,1,1.0,1,0.22024891725063422,42
845,0,1654,657,997,0,0,0,1.0,1,1.0,1,1.0,1,0.2716746709917141,44
846,3,1657,658,999,0,0,0,1.0,1,1.0,1,1.0,1,0.2790783909102269,44
847,1,1658,658,1000,0,0,0,1.0,1,1.0,1,1.0,1,0.23446579311291155,42
848,1,1659,659,1000,0,0,0,1.0,1,1.0,1,1.0,1,0.23385118857622827,43
849,0,1659,659,1000,0,0,0,1.0,1,1.0,1,1.0,1,0.24723923637085096,43
850,0,1659,659,1000,0,0,0,1.0,1,1.0,1,1.0,1,0.30767104672858997,41
851,3,1662,662,1000,0,0,0,1.0,1,1.0,1,1.0,1,0.31573776748168336,40
852,2,1664,663,1001,0,0,0,1.0,1,1.0,1,1.0,1,0.27229295983509605,40
853,1,1665,664,1001,0,0,0,1.0,1,1.0,1,1.0,1,0.29828583354324284,40
854,3,1668,666,1002,0,0,0,1.0,1,1.0,1,1.0,1,0.2710289106107937,40
855,1,1669,667,1002,0,0,0,1.0,1,1.0,1,1.0,1,0.2845748253468446,41
856,6,1675,668,1007,0,0,0,1.0,1,1.0,1,1.0,1,0.14112961459011006,41
857,0,1675,668,1007,0,0,0,1.0,1,1.0,1,1.0,1,0.13948956055079248,42
858,0,1675,668,1007,0,0,0,1.0,1,1.0,1,1.0,1,0.13171829690912673,43
859,0,1675,668,1007,0,0,0,1.0,1,1.0,1,1.0,1,0.13171829690912673,43
860,2,1677,670,1007,0,0,0,1.0,1,1.0,1,1.0,1,0.12919025278109247,44
861,3,1680,672,1008,0,0,0,1.0,1,1.0,1,1.0,1,0.1398949659246533,44
862,2,1682,673,1009,0,0,0,1.0,1,1.0,1,1.0,1,0.13703626867798435,44
863,4,1686,675,1011,0,0,0,1.0,1,1.0,1,1.0,1,0.1802870793592072,44
864,1,1687,676,1011,0,0,0,1.0,1,1.0,1,1.0,1,0.20303564128963694,44
865,2,1689,676,1013,0,0,0,1.0,1,1.0,1,1.0,1,0.24815010104176422,43
866,5,1694,679,1015,0,0,0,1.0,1,1.0,1,1.0,1,0.29438783213151826,45
867,3,1697,679,1018,0,0,0,1.0,1,1.0,1,1.0,1,0.21210533737330026,44
868,2,1699,680,1019,0,0,0,1.0,1,1.0,1,1.0,1,0.176675700915131,45
869,3,1702,683,1019,0,0,0,1.0,1,1.0,1,1.0,1,0.22027389128035235,44
870,1,1703,684,1019,0,0,0,1.0,1,1.0,1,1.0,1,0.23108699355449994,44
871,2,1705,684,1021,0,0,0,1.0,1,1.0,1,1.0,1,0.16670609394580232,43
872,1,1706,684,1022,0,0,0,1.0,1,1.0,1,1.0,1,0.13542819595033456,43
873,1,1707,685,1022,0,0,0,1.0,1,1.0,1,1.0,1,0.1320221266285149,43
874,3,1710,686,1024,0,0,0,1.0,1,1.0,1,1.0,1,0.16085077725364888,46
875,0,1710,686,1024,0,0,0,1.0,1,1.0,1,1.0,1,0.17943792029822908,43
876,3,1713,688,1025,0,0,0,1.0,1,1.0,1,1.0,1,0.17646096569267394,44
877,1,1714,688,1026,0,0,0,1.0,1,1.0,1,1.0,1,0.20068672145501945,44
878,2,1716,689,1027,0,0,0,1.0,1,1.0,1,1.0,1,0.20542149006647442,44
879,1,1717,690,1027,0,0,0,1.0,1,1.0,1,1.0,1,0.17718935136251932,44
880,3,1720,693,1027,0,0,0,1.0,1,1.0,1,1.0,1,0.24278212614486167,44
881,1,1721,693,1028,0,0,0,1.0,1,1.0,1,1.0,1,0.2379511167205682,43
882,2,1723,695,1028,0,0,0,1.0,1,1.0,1,1.0,1,0.2611777538051893,45
883,0,1723,695,1028,0,0,0,1.0,1,1.0,1,1.0,1,0.27224999805681116,45
884,3,1726,695,1031,0,0,0,1.0,1,1.0,1,1.0,1,0.21119358689488932,45
885,0,1726,695,1031,0,0,0,1.0,1,1.0,1,1.0,1,0.22553119557229034,43
886,7,1733,697,1036,0,0,0,1.0,1,1.0,1,1.0,1,0.19823893193199732,43
887,0,1733,697,1036,0,0,0,1.0,1,1.0,1,1.0,1,0.17415664966074726,41
888,0,1733,697,1036,0,0,0,1.0,1,1.0,1,1.0,1,0.19653026916666821,40
889,1,1734,698,1036,0,0,0,1.0,1,1.0,1,1.0,1,0.20820999764304066,40
890,1,1735,699,1036,0,0,0,1.0,1,1.0,1,1.0,1,0.2809417244246981,38
891,1,1736,700,1036,0,0,0,1.0,1,1.0,1,1.0,1,0.26088849237400025,39
892,7,1743,702,1041,0,0,0,1.0,1,1.0,1,1.0,1,0.2913216331654585,39
893,1,1744,703,1041,0,0,0,1.0,1,1.0,1,1.0,1,0.2841922164521545,37
894,0,1744,703,1041,0,0,0,1.0,1,1.0,1,1.0,1,0.28673374452938266,36
895,0,1744,703,1041,0,0,0,1.0,1,1.0,1,1.0,1,0.2839595160337279,37
896,4,1748,705,1043,0,0,0,1.0,1,1.0,1,1.0,1,0.313918870906954,36
897,3,1751,707,1044,0,0,0,1.0,1,1.0,1,1.0,1,0.3105780378346784,36
898,3,1754,708,1046,0,0,0,1.0,1,1.0,1,1.0,1,0.33875676094064955,35
899,3,1757,709,1048,0,0,0,1.0,1,1.0,1,1.0,1,0.3471565461553702,35
900,5,1762,710,1052,0,0,0,1.0,1,1.0,1,1.0,1,0.3858798510018494,36
901,3,1765,710,1055,0,0,0,1.0,1,1.0,1,1.0,1,0.32362867554429897,36
902,3,1768,713,1055,0,0,0,1.0,1,1.0,1,1.0,1,0.3650245319186389,36
903,2,1770,713,1057,0,0,0,1.0,1,1.0,1,1.0,1,0.2991201072050175,35
904,4,1774,717,1057,0,0,0,1.0,1,1.0,1,1.0,1,0.3508683130367024,37
905,3,1777,718,1059,0,0,0,1.0,1,1.0,1,1.0,1,0.2945219753393533,36
906,0,1777,718,1059,0,0,0,1.0,1,1.0,1,1.0,1,0.3005285312742524,37
907,2,1779,719,1060,0,0,0,1.0,1,1.0,1,1.0,1,0.2706700459227155,37
908,1,1780,720,1060,0,0,0,1.0,1,1.0,1,1.0,1,0.2732035082399746,36
909,2,1782,721,1061,0,0,0,1.0,1,1.0,1,1.0,1,0.24350013936501752,36
910,3,1785,722,1063,0,0,0,1.0,1,1.0,1,1.0,1,0.20283927062655124,37
911,3,1788,724,1064,0,0,0,1.0,1,1.0,1,1.0,1,0.2840921267503036,36
912,2,1790,726,1064,0,0,0,1.0,1,1.0,1,1.0,1,0.29372032731454245,34
913,3,1793,727,1066,0,0,0,1.0,1,1.0,1,1.0,1,0.296045922449044,34
914,0,1793,727,1066,0,0,0,1.0,1,1.0,1,1.0,1,0.3279358768134531,33
915,0,1793,727,1066,0,0,0,1.0,1,1.0,1,1.0,1,0.3279358768134531,33
916,7,1800,728,1072,0,0,0,1.0,1,1.0,1,1.0,1,0.12075283021501773,34
917,0,1800,728,1072,0,0,0,1.0,1,1.0,1,1.0,1,0.12075283021501773,34
918,2,1802,728,1074,0,0,0,1.0,1,1.0,1,1.0,1,0.13619320018999204,36
919,0,1802,728,1074,0,0,0,1.0,1,1.0,1,1.0,1,0.13619320018999204,36
920,2,1804,729,1075,0,0,0,1.0,1,1.0,1,1.0,1,0.13320859310261246,37
921,1,1805,729,1076,0,0,0,1.0,1,1.0,1,1.0,1,0.12082719708134626,37
922,2,1807,730,1077,0,0,0,1.0,1,1.0,1,1.0,1,0.14261911680218906,38
923,3,1810,731,1079,0,0,0,1.0,1,1.0,1,1.0,1,0.15936636701547863,36
924,1,1811,731,1080,0,0,0,1.0,1,1.0,1,1.0,1,0.1708941839614313,35
925,5,1816,732,1084,0,0,0,1.0,1,1.0,1,1.0,1,0.2046160405328569,35
926,8,1824,735,1089,0,0,0,1.0,1,1.0,1,1.0,1,0.24134621522647712,34
927,3,1827,735,1092,0,0,0,1.0,1,1.0,1,1.0,1,0.2146752443141066,32
928,3,1830,735,1095,0,0,0,1.0,1,1.0,1,1.0,1,0.278180903147863,32
929,7,1837,736,1101,0,0,0,1.0,1,1.0,1,1.0,1,0.32127584091278033,31
930,3,1840,736,1104,0,0,0,1.0,1,1.0,1,1.0,1,0.3584985356849762,30
931,4,1844,738,1106,0,0,0,1.0,1,1.0,1,1.0,1,0.3221963847691463,29
932,4,1848,740,1108,0,0,0,1.0,1,1.0,1,1.0,1,0.23368670339028116,29
933,1,1849,740,1109,0,0,0,1.0,1,1.0,1,1.0,1,0.21473355075622344,29
934,0,1849,740,1109,0,0,0,1.0,1,1.0,1,1.0,1,0.21473355075622344,29
935,2,1851,741,1110,0,0,0,1.0,1,1.0,1,1.0,1,0.2830843213308859,31
936,2,1853,742,1111,0,0,0,1.0,1,1.0,1,1.0,1,0.23820726890114588,31
937,2,1855,743,1112,0,0,0,1.0,1,1.0,1,1.0,1,0.28219893524311185,34
938,0,1855,743,1112,0,0,0,1.0,1,1.0,1,1.0,1,0.2987493916125503,33
939,6,1861,744,1117,0,0,0,1.0,1,1.0,1,1.0,1,0.26456504035753187,36
940,1,1862,744,1118,0,0,0,1.0,1,1.0,1,1.0,1,0.23807178303644583,36
941,0,1862,744,1118,0,0,0,1.0,1,1.0,1,1.0,1,0.23807178303644583,36
942,1,1863,745,1118,0,0,0,1.0,1,1.0,1,1.0,1,0.25522538580501564,36
943,2,1865,747,1118,0,0,0,1.0,1,1.0,1,1.0,1,0.24520192724511364,35
944,2,1867,748,1119,0,0,0,1.0,1,1.0,1,1.0,1,0.21263761408069826,35
945,1,1868,749,1119,0,0,0,1.0,1,1.0,1,1.0,1,0.205986479804259,33
946,2,1870,750,1120,0,0,0,1.0,1,1.0,1,1.0,1,0.24799975522921747,36
947,0,1870,750,1120,0,0,0,1.0,1,1.0,1,1.0,1,0.24755748693610083,34
948,2,1872,752,1120,0,0,0,1.0,1,1.0,1,1.0,1,0.3049866236069908,33
949,1,1873,753,1120,0,0,0,1.0,1,1.0,1,1.0,1,0.37950107702181085,34
950,0,1873,753,1120,0,0,0,1.0,1,1.0,1,1.0,1,0.38955929686327584,33
951,0,1873,753,1120,0,0,0,1.0,1,1.0,1,1.0,1,0.38955929686327584,33
952,0,1873,753,1120,0,0,0,1.0,1,1.0,1,1.0,1,0.4130408151791208,32
953,1,1874,753,1121,0,0,0,1.0,1,1.0,1,1.0,1,0.3821625343074349,32
954,0,1874,753,1121,0,0,0,1.0,1,1.0,1,1.0,1,0.3740201365886623,31
955,2,1876,753,1123,0,0,0,1.0,1,1.0,1,1.0,1,0.3661365001129234,32
956,3,1879,754,1125,0,0,0,1.0,1,1.0,1,1.0,1,0.2985860598492834,32
957,0,1879,754,1125,0,0,0,1.0,1,1.0,1,1.0,1,0.295484721179425,33
958,0,1879,754,1125,0,0,0,1.0,1,1.0,1,1.0,1,0.3126858520578251,35
959,2,1881,755,1126,0,0,0,1.0,1,1.0,1,1.0,1,0.2815002578669826,36
960,2,1883,755,1128,0,0,0,1.0,1,1.0,1,1.0,1,0.26654825536012516,38
961,2,1885,757,1128,0,0,0,1.0,1,1.0,1,1.0,1,0.323472636670686,37
962,1,1886,758,1128,0,0,0,1.0,1,1.0,1,1.0,1,0.3167907995639083,35
963,0,1886,758,1128,0,0,0,1.0,1,1.0,1,1.0,1,0.3347893653024699,35
964,1,1887,758,1129,0,0,0,1.0,1,1.0,1,1.0,1,0.34190394287718695,34
965,0,1887,758,1129,0,0,0,1.0,1,1.0,1,1.0,1,0.33507596194256717,35
966,1,1888,759,1129,0,0,0,1.0,1,1.0,1,1.0,1,0.30927842785501924,34
967,1,1889,759,1130,0,0,0,1.0,1,1.0,1,1.0,1,0.29686512412846366,35
968,1,1890,760,1130,0,0,0,1.0,1,1.0,1,1.0,1,0.305247269356949,36
969,1,1891,761,1130,0,0,0,1.0,1,1.0,1,1.0,1,0.34837980493840354,35
970,1,1892,761,1131,0,0,0,1.0,1,1.0,1,1.0,1,0.36844523859963846,34
971,0,1892,761,1131,0,0,0,1.0,1,1.0,1,1.0,1,0.37674177928018304,35
972,1,1893,762,1131,0,0,0,1.0,1,1.0,1,1.0,1,0.37216594044980195,35
973,1,1894,762,1132,0,0,0,1.0,1,1.0,1,1.0,1,0.3731094933533856,36
974,1,1895,763,1132,0,0,0,1.0,1,1.0,1,1.0,1,0.41650391964492767,35
975,1,1896,763,1133,0,0,0,1.0,1,1.0,1,1.0,1,0.37815095596084813,36
976,3,1899,764,1135,0,0,0,1.0,1,1.0,1,1.0,1,0.387275939206032,38
977,0,1899,764,1135,0,0,0,1.0,1,1.0,1,1.0,1,0.387275939206032,38
978,0,1899,764,1135,0,0,0,1.0,1,1.0,1,1.0,1,0.387275939206032,38
979,2,1901,764,1137,0,0,0,1.0,1,1.0,1,1.0,1,0.3547626456335297,39
980,4,1905,767,1138,0,0,0,1.0,1,1.0,1,1.0,1,0.39688495610600233,39
981,1,1906,767,1139,0,0,0,1.0,1,1.0,1,1.0,1,0.39372771102968723,40
982,2,1908,769,1139,0,0,0,1.0,1,1.0,1,1.0,1,0.4488368278083674,40
983,0,1908,769,1139,0,0,0,1.0,1,1.0,1,1.0,1,0.4254730819010598,38
984,0,1908,769,1139,0,0,0,1.0,1,1.0,1,1.0,1,0.4157857498578928,39
985,8,1916,772,1144,0,0,0,1.0,1,1.0,1,1.0,1,0.3438397456537214,38
986,3,1919,775,1144,0,0,0,1.0,1,1.0,1,1.0,1,0.3698727096434359,38
987,1,1920,775,1145,0,0,0,1.0,1,1.0,1,1.0,1,0.3217467078036248,38
988,2,1922,777,1145,0,0,0,1.0,1,1.0,1,1.0,1,0.37226464800071485,38
989,0,1922,777,1145,0,0,0,1.0,1,1.0,1,1.0,1,0.36576253646825746,38
990,2,1924,778,1146,0,0,0,1.0,1,1.0,1,1.0,1,0.399007232746339,38
991,8,1932,779,1153,0,0,0,1.0,1,1.0,1,1.0,1,0.379901727155117,40
992,0,1932,779,1153,0,0,0,1.0,1,1.0,1,1.0,1,0.3623080947695384,39
993,0,1932,779,1153,0,0,0,1.0,1,1.0,1,1.0,1,0.3496959177398842,38
994,3,1935,779,1156,0,0,0,1.0,1,1.0,1,1.0,1,0.3043932782647143,39
995,0,1935,779,1156,0,0,0,1.0,1,1.0,1,1.0,1,0.30343666132678776,41
996,1,1936,779,1157,0,0,0,1.0,1,1.0,1,1.0,1,0.25182362472584874,40
997,0,1936,779,1157,0,0,0,1.0,1,1.0,1,1.0,1,0.2701288211621615,41
998,0,1936,779,1157,0,0,0,1.0,1,1.0,1,1.0,1,0.2913048553040159,40
999,0,1936,779,1157,0,0,0,1.0,1,1.0,1,1.0,1,0.2941758117028792,40
1000,1,1937,780,1157,0,0,0,1.0,1,1.0,1,1.0,1,0.3184656667945759,40
1001,0,1937,780,1157,0,0,0,1.0,1,1.0,1,1.0,1,0.3214619778467651,39
1002,0,1937,780,1157,0,0,0,1.0,1,1.0,1,1.0,1,0.3214619778467651,39
1003,1,1938,780,1158,0,0,0,1.0,1,1.0,1,1.0,1,0.31309483173088437,39
1004,0,1938,780,1158,0,0,0,1.0,1,1.0,1,1.0,1,0.31309483173088437,39
1005,1,1939,780,1159,0,0,0,1.0,1,1.0,1,1.0,1,0.2970095070594271,40
1006,3,1942,780,1162,0,0,0,1.0,1,1.0,1,1.0,1,0.24322638091520477,41
1007,1,1943,780,1163,0,0,0,1.0,1,1.0,1,1.0,1,0.23998215705331946,42
1008,1,1944,780,1164,0,0,0,1.0,1,1.0,1,1.0,1,0.21768025377925995,43
1009,1,1945,780,1165,0,0,0,1.0,1,1.0,1,1.0,1,0.19342848095517204,44
1010,0,1945,780,1165,0,0,0,1.0,1,1.0,1,1.0,1,0.19342848095517204,44
1011,0,1945,780,1165,0,0,0,1.0,1,1.0,1,1.0,1,0.19342848095517204,44
1012,3,1948,783,1165,0,0,0,1.0,1,1.0,1,1.0,1,0.26871750920852855,46
1013,3,1951,783,1168,0,0,0,1.0,1,1.0,1,1.0,1,0.22099488786310947,46
1014,1,1952,784,1168,0,0,0,1.0,1,1.0,1,1.0,1,0.2474495857628476,46
1015,1,1953,784,1169,0,0,0,1.0,1,1.0,1,1.0,1,0.2354282936554559,46
1016,2,1955,785,1170,0,0,0,1.0,1,1.0,1,1.0,1,0.2457084349562953,47
1017,1,1956,785,1171,0,0,0,1.0,1,1.0,1,1.0,1,0.24212089543971968,47
1018,2,1958,786,1172,0,0,0,1.0,1,1.0,1,1.0,1,0.27560283713439904,48
1019,5,1963,786,1177,0,0,0,1.0,1,1.0,1,1.0,1,0.22255079750442844,49
1020,1,1964,786,1178,0,0,0,1.0,1,1.0,1,1.0,1,0.18619992180289546,51
1021,2,1966,786,1180,0,0,0,1.0,1,1.0,1,1.0,1,0.16499480337209746,51
1022,2,1968,787,1181,0,0,0,1.0,1,1.0,1,1.0,1,0.15653910980444263,52
1023,0,1968,787,1181,0,0,0,1.0,1,1.0,1,1.0,1,0.16238992996814686,52
1024,2,1970,789,1181,0,0,0,1.0,1,1.0,1,1.0,1,0.22225346301072124,52
1025,1,1971,789,1182,0,0,0,1.0,1,1.0,1,1.0,1,0.21412883728792237,54
1026,0,1971,789,1182,0,0,0,1.0,1,1.0,1,1.0,1,0.21412883728792237,54
1027,2,1973,789,1184,0,0,0,1.0,1,1.0,1,1.0,1,0.17239525635748948,55
1028,2,1975,791,1184,0,0,0,1.0,1,1.0,1,1.0,1,0.1989764085462869,56
1029,0,1975,791,1184,0,0,0,1.0,1,1.0,1,1.0,1,0.1989764085462869,56
1030,1,1976,791,1185,0,0,0,1.0,1,1.0,1,1.0,1,0.2042399291157927,57
1031,0,1976,791,1185,0,0,0,1.0,1,1.0,1,1.0,1,0.2080359562103298,58
1032,1,1977,792,1185,0,0,0,1.0,1,1.0,1,1.0,1,0.22140773623849158,58
1033,0,1977,792,1185,0,0,0,1.0,1,1.0,1,1.0,1,0.214118895959676,57
1034,7,1984,796,1188,0,0,0,1.0,1,1.0,1,1.0,1,0.22317172597296464,57
1035,3,1987,798,1189,0,0,0,1.0,1,1.0,1,1.0,1,0.21785720213834425,57
1036,6,1993,799,1194,0,0,0,1.0,1,1.0,1,1.0,1,0.16982716552371593,59
1037,2,1995,801,1194,0,0,0,1.0,1,1.0,1,1.0,1,0.20216260443982892,57
1038,5,2000,803,1197,0,0,0,1.0,1,1.0,1,1.0,1,0.22587867294348402,59
1039,4,2004,807,1197,0,0,0,1.0,1,1.0,1,1.0,1,0.2417550294145322,57
1040,2,2006,808,1198,0,0,0,1.0,1,1.0,1,1.0,1,0.27871163411857813,56
1041,4,2010,809,1201,0,0,0,1.0,1,1.0,1,1.0,1,0.2635869202609108,54
1042,1,2011,809,1202,0,0,0,1.0,1,1.0,1,1.0,1,0.26295435504028764,52
1043,0,2011,809,1202,0,0,0,1.0,1,1.0,1,1.0,1,0.26295435504028764,52
1044,1,2012,809,1203,0,0,0,1.0,1,1.0,1,1.0,1,0.208218039816391,50
1045,1,2013,810,1203,0,0,0,1.0,1,1.0,1,1.0,1,0.2253797249266986,51
1046,2,2015,811,1204,0,0,0,1.0,1,1.0,1,1.0,1,0.2039800578180675,50
1047,0,2015,811,1204,0,0,0,1.0,1,1.0,1,1.0,1,0.16165395150705736,50
1048,1,2016,812,1204,0,0,0,1.0,1,1.0,1,1.0,1,0.1946391621929998,50
1049,3,2019,814,1205,0,0,0,1.0,1,1.0,1,1.0,1,0.21599804420447308,50
1050,0,2019,814,1205,0,0,0,1.0,1,1.0,1,1.0,1,0.21599804420447308,50
1051,2,2021,814,1207,0,0,0,1.0,1,1.0,1,1.0,1,0.19484661153411167,50
1052,3,2024,815,1209,0,0,0,1.0,1,1.0,1,1.0,1,0.1795199424513972,51
1053,0,2024,815,1209,0,0,0,1.0,1,1.0,1,1.0,1,0.1795199424513972,51
1054,2,2026,815,1211,0,0,0,1.0,1,1.0,1,1.0,1,0.15391364781222933,53
1055,0,2026,815,1211,0,0,0,1.0,1,1.0,1,1.0,1,0.16892667345315396,54
1056,0,2026,815,1211,0,0,0,1.0,1,1.0,1,1.0,1,0.1959375895299886,54
1057,4,2030,816,1214,0,0,0,1.0,1,1.0,1,1.0,1,0.19934413353383199,55
1058,0,2030,816,1214,0,0,0,1.0,1,1.0,1,1.0,1,0.2130020149654827,54
1059,4,2034,817,1217,0,0,0,1.0,1,1.0,1,1.0,1,0.22005248101949446,53
1060,0,2034,817,1217,0,0,0,1.0,1,1.0,1,1.0,1,0.22005248101949446,53
1061,3,2037,820,1217,0,0,0,1.0,1,1.0,1,1.0,1,0.22420098408762063,53
1062,4,2041,824,1217,0,0,0,1.0,1,1.0,1,1.0,1,0.19102109435398937,54
1063,0,2041,824,1217,0,0,0,1.0,1,1.0,1,1.0,1,0.22789319478140857,53
1064,6,2047,827,1220,0,0,0,1.0,1,1.0,1,1.0,1,0.20571654592412017,55
1065,1,2048,828,1220,0,0,0,1.0,1,1.0,1,1.0,1,0.2426850593091949,54
1066,4,2052,830,1222,0,0,0,1.0,1,1.0,1,1.0,1,0.2250018469167353,55
1067,3,2055,831,1224,0,0,0,1.0,1,1.0,1,1.0,1,0.2400416947523788,55
1068,0,2055,831,1224,0,0,0,1.0,1,1.0,1,1.0,1,0.2424463197741849,55
1069,0,2055,831,1224,0,0,0,1.0,1,1.0,1,1.0,1,0.2641327711155808,55
1070,1,2056,831,1225,0,0,0,1.0,1,1.0,1,1.0,1,0.2563131110677048,54
1071,1,2057,831,1226,0,0,0,1.0,1,1.0,1,1.0,1,0.2330502746941639,55
1072,0,2057,831,1226,0,0,0,1.0,1,1.0,1,1.0,1,0.2255770992628649,54
1073,1,2058,832,1226,0,0,0,1.0,1,1.0,1,1.0,1,0.23015610434574246,54
1074,3,2061,834,1227,0,0,0,1.0,1,1.0,1,1.0,1,0.24800598741576932,52
1075,0,2061,834,1227,0,0,0,1.0,1,1.0,1,1.0,1,0.24061754737433708,51
1076,2,2063,835,1228,0,0,0,1.0,1,1.0,1,1.0,1,0.24991643143713335,52
1077,3,2066,837,1229,0,0,0,1.0,1,1.0,1,1.0,1,0.24406240427641615,49
1078,3,2069,840,1229,0,0,0,1.0,1,1.0,1,1.0,1,0.3118708211625721,48
1079,4,2073,842,1231,0,0,0,1.0,1,1.0,1,1.0,1,0.3004217001158771,47
1080,2,2075,844,1231,0,0,0,1.0,1,1.0,1,1.0,1,0.37852431873064096,47
1081,5,2080,845,1235,0,0,0,1.0,1,1.0,1,1.0,1,0.34735247467806296,45
1082,1,2081,846,1235,0,0,0,1.0,1,1.0,1,1.0,1,0.34749098793443906,42
1083,1,2082,847,1235,0,0,0,1.0,1,1.0,1,1.0,1,0.39292365732158224,42
1084,0,2082,847,1235,0,0,0,1.0,1,1.0,1,1.0,1,0.3814389508793205,40
1085,3,2085,848,1237,0,0,0,1.0,1,1.0,1,1.0,1,0.33812700101623056,43
1086,1,2086,848,1238,0,0,0,1.0,1,1.0,1,1.0,1,0.29923898030716695,41
1087,2,2088,850,1238,0,0,0,1.0,1,1.0,1,1.0,1,0.2992427220972973,41
1088,1,2089,851,1238,0,0,0,1.0,1,1.0,1,1.0,1,0.28540434190017555,41
1089,4,2093,853,1240,0,0,0,1.0,1,1.0,1,1.0,1,0.2547955812782612,42
1090,1,2094,853,1241,0,0,0,1.0,1,1.0,1,1.0,1,0.23988121369076543,43
1091,0,2094,853,1241,0,0,0,1.0,1,1.0,1,1.0,1,0.23701343728358854,43
1092,1,2095,854,1241,0,0,0,1.0,1,1.0,1,1.0,1,0.23497780934295723,43
1093,2,2097,855,1242,0,0,0,1.0,1,1.0,1,1.0,1,0.2391682969979694,43
1094,0,2097,855,1242,0,0,0,1.0,1,1.0,1,1.0,1,0.2391682969979694,43
1095,0,2097,855,1242,0,0,0,1.0,1,1.0,1,1.0,1,0.25485809325939146,44
1096,3,2100,856,1244,0,0,0,1.0,1,1.0,1,1.0,1,0.2197463522330986,44
1097,3,2103,858,1245,0,0,0,1.0,1,1.0,1,1.0,1,0.2877957685258999,45
1098,1,2104,858,1246,0,0,0,1.0,1,1.0,1,1.0,1,0.2609597483396042,46
1099,1,2105,858,1247,0,0,0,1.0,1,1.0,1,1.0,1,0.25221705151122653,48
1100,2,2107,859,1248,0,0,0,1.0,1,1.0,1,1.0,1,0.2600094460394922,49
1101,2,2109,859,1250,0,0,0,1.0,1,1.0,1,1.0,1,0.23356875001815566,49
1102,5,2114,863,1251,0,0,0,1.0,1,1.0,1,1.0,1,0.26944922859568965,50
1103,3,2117,864,1253,0,0,0,1.0,1,1.0,1,1.0,1,0.22249100646179554,48
1104,3,2120,867,1253,0,0,0,1.0,1,1.0,1,1.0,1,0.2077938604109428,50
1105,4,2124,870,1254,0,0,0,1.0,1,1.0,1,1.0,1,0.2164159578890934,48
1106,1,2125,871,1254,0,0,0,1.0,1,1.0,1,1.0,1,0.24642962604186858,48
1107,2,2127,872,1255,0,0,0,1.0,1,1.0,1,1.0,1,0.27664308071089816,47
1108,2,2129,873,1256,0,0,0,1.0,1,1.0,1,1.0,1,0.28557863353954177,47
1109,3,2132,875,1257,0,0,0,1.0,1,1.0,1,1.0,1,0.2853872384187462,46
1110,1,2133,876,1257,0,0,0,1.0,1,1.0,1,1.0,1,0.32034487430619657,43
1111,6,2139,877,1262,0,0,0,1.0,1,1.0,1,1.0,1,0.2087520710836413,44
1112,3,2142,878,1264,0,0,0,1.0,1,1.0,1,1.0,1,0.22907710181814023,43
1113,3,2145,879,1266,0,0,0,1.0,1,1.0,1,1.0,1,0.27585892368523796,39
1114,0,2145,879,1266,0,0,0,1.0,1,1.0,1,1.0,1,0.27585892368523796,39
1115,3,2148,880,1268,0,0,0,1.0,1,1.0,1,1.0,1,0.24804325425443696,37
1116,3,2151,883,1268,0,0,0,1.0,1,1.0,1,1.0,1,0.22390491683390817,37
1117,5,2156,886,1270,0,0,0,1.0,1,1.0,1,1.0,1,0.29492466312405086,36
1118,2,2158,886,1272,0,0,0,1.0,1,1.0,1,1.0,1,0.2501531116690926,36
1119,0,2158,886,1272,0,0,0,1.0,1,1.0,1,1.0,1,0.2501531116690926,36
1120,0,2158,886,1272,0,0,0,1.0,1,1.0,1,1.0,1,0.2501531116690926,36
1121,0,2158,886,1272,0,0,0,1.0,1,1.0,1,1.0,1,0.2501531116690926,36
1122,0,2158,886,1272,0,0,0,1.0,1,1.0,1,1.0,1,0.25735890949675366,37
1123,1,2159,886,1273,0,0,0,1.0,1,1.0,1,1.0,1,0.2569839370062233,37
1124,0,2159,886,1273,0,0,0,1.0,1,1.0,1,1.0,1,0.2569839370062233,37
1125,2,2161,888,1273,0,0,0,1.0,1,1.0,1,1.0,1,0.3462658655792593,38
1126,3,2164,888,1276,0,0,0,1.0,1,1.0,1,1.0,1,0.32178735597508806,38
1127,0,2164,888,1276,0,0,0,1.0,1,1.0,1,1.0,1,0.33953554699584604,39
1128,1,2165,888,1277,0,0,0,1.0,1,1.0,1,1.0,1,0.3103415235531108,39
1129,0,2165,888,1277,0,0,0,1.0,1,1.0,1,1.0,1,0.3103415235531108,39
1130,0,2165,888,1277,0,0,0,1.0,1,1.0,1,1.0,1,0.3103415235531108,39
1131,1,2166,888,1278,0,0,0,1.0,1,1.0,1,1.0,1,0.30363299879802796,39
1132,0,2166,888,1278,0,0,0,1.0,1,1.0,1,1.0,1,0.30363299879802796,39
1133,0,2166,888,1278,0,0,0,1.0,1,1.0,1,1.0,1,0.268175997399731,42
1134,0,2166,888,1278,0,0,0,1.0,1,1.0,1,1.0,1,0.268175997399731,42
1135,2,2168,889,1279,0,0,0,1.0,1,1.0,1,1.0,1,0.3007603400364013,44
1136,1,2169,890,1279,0,0,0,1.0,1,1.0,1,1.0,1,0.320678705361388,46
1137,0,2169,890,1279,0,0,0,1.0,1,1.0,1,1.0,1,0.3402808457188332,45
1138,3,2172,891,1281,0,0,0,1.0,1,1.0,1,1.0,1,0.32002370734315627,46
1139,1,2173,892,1281,0,0,0,1.0,1,1.0,1,1.0,1,0.34037351136809413,47
1140,3,2176,893,1283,0,0,0,1.0,1,1.0,1,1.0,1,0.33741028030518033,46
1141,5,2181,894,1287,0,0,0,1.0,1,1.0,1,1.0,1,0.27271632116126526,45
1142,2,2183,896,1287,0,0,0,1.0,1,1.0,1,1.0,1,0.2747845464482695,45
1143,2,2185,898,1287,0,0,0,1.0,1,1.0,1,1.0,1,0.2926453677386375,43
1144,6,2191,901,1290,0,0,0,1.0,1,1.0,1,1.0,1,0.23223879897564415,45
1145,3,2194,903,1291,0,0,0,1.0,1,1.0,1,1.0,1,0.24104317317080115,44
1146,2,2196,904,1292,0,0,0,1.0,1,1.0,1,1.0,1,0.21103709438287363,45
1147,7,2203,907,1296,0,0,0,1.0,1,1.0,1,1.0,1,0.19201678834013153,44
1148,3,2206,910,1296,0,0,0,1.0,1,1.0,1,1.0,1,0.21058187510803858,43
1149,3,2209,911,1298,0,0,0,1.0,1,1.0,1,1.0,1,0.2175260183827194,42
1150,1,2210,912,1298,0,0,0,1.0,1,1.0,1,1.0,1,0.22873183167136735,45
1151,0,2210,912,1298,0,0,0,1.0,1,1.0,1,1.0,1,0.2600110345971043,40
1152,1,2211,913,1298,0,0,0,1.0,1,1.0,1,1.0,1,0.23250346364801217,41
1153,3,2214,915,1299,0,0,0,1.0,1,1.0,1,1.0,1,0.27184488348526176,38
1154,3,2217,918,1299,0,0,0,1.0,1,1.0,1,1.0,1,0.24127110482492045,37
1155,2,2219,920,1299,0,0,0,1.0,1,1.0,1,1.0,1,0.26155541370640706,38
1156,4,2223,921,1302,0,0,0,1.0,1,1.0,1,1.0,1,0.21992096891374494,38
1157,0,2223,921,1302,0,0,0,1.0,1,1.0,1,1.0,1,0.20723705964989597,37
1158,0,2223,921,1302,0,0,0,1.0,1,1.0,1,1.0,1,0.23215609995499198,36
1159,0,2223,921,1302,0,0,0,1.0,1,1.0,1,1.0,1,0.22542487995067248,35
1160,0,2223,921,1302,0,0,0,1.0,1,1.0,1,1.0,1,0.22542487995067248,35
1161,0,2223,921,1302,0,0,0,1.0,1,1.0,1,1.0,1,0.2328292622486841,36
1162,0,2223,921,1302,0,0,0,1.0,1,1.0,1,1.0,1,0.22832431441291082,37
1163,0,2223,921,1302,0,0,0,1.0,1,1.0,1,1.0,1,0.22832431441291082,37
1164,0,2223,921,1302,0,0,0,1.0,1,1.0,1,1.0,1,0.21943614442430642,38
1165,0,2223,921,1302,0,0,0,1.0,1,1.0,1,1.0,1,0.21943614442430642,38
1166,0,2223,921,1302,0,0,0,1.0,1,1.0,1,1.0,1,0.25026467589841,40
1167,2,2225,923,1302,0,0,0,1.0,1,1.0,1,1.0,1,0.24594466394575795,40
1168,2,2227,925,1302,0,0,0,1.0,1,1.0,1,1.0,1,0.26157445357621373,40
1169,1,2228,925,1303,0,0,0,1.0,1,1.0,1,1.0,1,0.2336350573906154,41
1170,2,2230,927,1303,0,0,0,1.0,1,1.0,1,1.0,1,0.2933508556652703,41
1171,3,2233,928,1305,0,0,0,1.0,1,1.0,1,1.0,1,0.23707876230002312,43
1172,1,2234,929,1305,0,0,0,1.0,1,1.0,1,1.0,1,0.26390094216621657,43
1173,0,2234,929,1305,0,0,0,1.0,1,1.0,1,1.0,1,0.26390094216621657,43
1174,1,2235,930,1305,0,0,0,1.0,1,1.0,1,1.0,1,0.27175710215587595,43
1175,2,2237,930,1307,0,0,0,1.0,1,1.0,1,1.0,1,0.26879199224583766,44
1176,3,2240,931,1309,0,0,0,1.0,1,1.0,1,1.0,1,0.22042841354636453,45
1177,1,2241,932,1309,0,0,0,1.0,1,1.0,1,1.0,1,0.24586804170212126,45
1178,1,2242,932,1310,0,0,0,1.0,1,1.0,1,1.0,1,0.22876725455345315,45
1179,1,2243,933,1310,0,0,0,1.0,1,1.0,1,1.0,1,0.25527428406350994,46
1180,0,2243,933,1310,0,0,0,1.0,1,1.0,1,1.0,1,0.23715035823332375,47
1181,0,2243,933,1310,0,0,0,1.0,1,1.0,1,1.0,1,0.25152365055818104,48
1182,1,2244,934,1310,0,0,0,1.0,1,1.0,1,1.0,1,0.25994419820285813,48
1183,2,2246,935,1311,0,0,0,1.0,1,1.0,1,1.0,1,0.28662826260373653,46
1184,1,2247,936,1311,0,0,0,1.0,1,1.0,1,1.0,1,0.2683737385479825,47
1185,4,2251,937,1314,0,0,0,1.0,1,1.0,1,1.0,1,0.25487617547000496,44
1186,2,2253,937,1316,0,0,0,1.0,1,1.0,1,1.0,1,0.2571407334205403,47
1187,2,2255,937,1318,0,0,0,1.0,1,1.0,1,1.0,1,0.2548258353036375,49
1188,0,2255,937,1318,0,0,0,1.0,1,1.0,1,1.0,1,0.2509805792912275,50
1189,0,2255,937,1318,0,0,0,1.0,1,1.0,1,1.0,1,0.2438365042691803,48
1190,1,2256,938,1318,0,0,0,1.0,1,1.0,1,1.0,1,0.25891298937352336,48
1191,0,2256,938,1318,0,0,0,1.0,1,1.0,1,1.0,1,0.26033756837348143,46
1192,5,2261,939,1322,0,0,0,1.0,1,1.0,1,1.0,1,0.24296591414951368,46
1193,1,2262,939,1323,0,0,0,1.0,1,1.0,1,1.0,1,0.25958096023736016,45
1194,1,2263,939,1324,0,0,0,1.0,1,1.0,1,1.0,1,0.2505028915946378,45
1195,1,2264,940,1324,0,0,0,1.0,1,1.0,1,1.0,1,0.2626175490866939,47
1196,2,2266,942,1324,0,0,0,1.0,1,1.0,1,1.0,1,0.26758596197387363,48
1197,0,2266,942,1324,0,0,0,1.0,1,1.0,1,1.0,1,0.25031787483417417,49
1198,3,2269,944,1325,0,0,0,1.0,1,1.0,1,1.0,1,0.26597417316063227,49
1199,2,2271,944,1327,0,0,0,1.0,1,1.0,1,1.0,1,0.2653355834429969,50
1200,1,2272,945,1327,0,0,0,1.0,1,1.0,1,1.0,1,0.28608434086388806,50
1201,5,2277,945,1332,0,0,0,1.0,1,1.0,1,1.0,1,0.19015070742083132,50
1202,2,2279,946,1333,0,0,0,1.0,1,1.0,1,1.0,1,0.16558952784518013,51
1203,0,2279,946,1333,0,0,0,1.0,1,1.0,1,1.0,1,0.15771982384355726,52
1204,0,2279,946,1333,0,0,0,1.0,1,1.0,1,1.0,1,0.15771982384355726,52
1205,2,2281,947,1334,0,0,0,1.0,1,1.0,1,1.0,1,0.1862817241374392,53
1206,1,2282,947,1335,0,0,0,1.0,1,1.0,1,1.0,1,0.18407480419490538,53
1207,0,2282,947,1335,0,0,0,1.0,1,1.0,1,1.0,1,0.20576131682639948,55
1208,0,2282,947,1335,0,0,0,1.0,1,1.0,1,1.0,1,0.216010708893961,56
1209,0,2282,947,1335,0,0,0,1.0,1,1.0,1,1.0,1,0.22392487243341508,55
1210,0,2282,947,1335,0,0,0,1.0,1,1.0,1,1.0,1,0.22392487243341508,55
1211,1,2283,947,1336,0,0,0,1.0,1,1.0,1,1.0,1,0.1916017961014349,57
1212,0,2283,947,1336,0,0,0,1.0,1,1.0,1,1.0,1,0.1916017961014349,57
1213,0,2283,947,1336,0,0,0,1.0,1,1.0,1,1.0,1,0.1916017961014349,57
1214,5,2288,949,1339,0,0,0,1.0,1,1.0,1,1.0,1,0.2586591678159579,57
1215,7,2295,949,1346,0,0,0,1.0,1,1.0,1,1.0,1,0.19930433379903384,59
1216,1,2296,950,1346,0,0,0,1.0,1,1.0,1,1.0,1,0.2072479098596129,61
1217,0,2296,950,1346,0,0,0,1.0,1,1.0,1,1.0,1,0.2072479098596129,61
1218,1,2297,950,1347,0,0,0,1.0,1,1.0,1,1.0,1,0.22879436049200116,61
1219,4,2301,951,1350,0,0,0,1.0,1,1.0,1,1.0,1,0.1984773534884214,61
1220,1,2302,951,1351,0,0,0,1.0,1,1.0,1,1.0,1,0.1938388237396244,60
1221,1,2303,951,1352,0,0,0,1.0,1,1.0,1,1.0,1,0.21140904857730447,61
1222,3,2306,952,1354,0,0,0,1.0,1,1.0,1,1.0,1,0.21379014722214892,61
1223,2,2308,954,1354,0,0,0,1.0,1,1.0,1,1.0,1,0.23883545673789813,59
1224,4,2312,956,1356,0,0,0,1.0,1,1.0,1,1.0,1,0.23526964775753761,60
1225,2,2314,957,1357,0,0,0,1.0,1,1.0,1,1.0,1,0.246501551223091,60
1226,0,2314,957,1357,0,0,0,1.0,1,1.0,1,1.0,1,0.2600021594123426,61
1227,3,2317,959,1358,0,0,0,1.0,1,1.0,1,1.0,1,0.25385673453611707,59
1228,2,2319,960,1359,0,0,0,1.0,1,1.0,1,1.0,1,0.2769508920776532,58
1229,4,2323,963,1360,0,0,0,1.0,1,1.0,1,1.0,1,0.24290121372958817,57
1230,1,2324,964,1360,0,0,0,1.0,1,1.0,1,1.0,1,0.26010339001893445,55
1231,6,2330,966,1364,0,0,0,1.0,1,1.0,1,1.0,1,0.2533825684986721,54
1232,2,2332,968,1364,0,0,0,1.0,1,1.0,1,1.0,1,0.24078335413428245,51
1233,2,2334,970,1364,0,0,0,1.0,1,1.0,1,1.0,1,0.25994671710767847,49
1234,3,2337,972,1365,0,0,0,1.0,1,1.0,1,1.0,1,0.2850264774712742,49
1235,2,2339,972,1367,0,0,0,1.0,1,1.0,1,1.0,1,0.2547334930241785,48
1236,1,2340,972,1368,0,0,0,1.0,1,1.0,1,1.0,1,0.2538890131058057,49
1237,1,2341,973,1368,0,0,0,1.0,1,1.0,1,1.0,1,0.29245367921783566,48
1238,3,2344,973,1371,0,0,0,1.0,1,1.0,1,1.0,1,0.25941718552575377,47
1239,0,2344,973,1371,0,0,0,1.0,1,1.0,1,1.0,1,0.24645491300830563,48
1240,2,2346,974,1372,0,0,0,1.0,1,1.0,1,1.0,1,0.23107961974836547,49
1241,0,2346,974,1372,0,0,0,1.0,1,1.0,1,1.0,1,0.23107961974836547,49
1242,0,2346,974,1372,0,0,0,1.0,1,1.0,1,1.0,1,0.2249257605298661,49
1243,0,2346,974,1372,0,0,0,1.0,1,1.0,1,1.0,1,0.23179106757827772,50
1244,1,2347,974,1373,0,0,0,1.0,1,1.0,1,1.0,1,0.22796244190313297,50
1245,0,2347,974,1373,0,0,0,1.0,1,1.0,1,1.0,1,0.24198299451371583,51
1246,5,2352,974,1378,0,0,0,1.0,1,1.0,1,1.0,1,0.19676065417161692,52
1247,1,2353,974,1379,0,0,0,1.0,1,1.0,1,1.0,1,0.19327536550815935,52
1248,2,2355,974,1381,0,0,0,1.0,1,1.0,1,1.0,1,0.20155714906953873,51
1249,2,2357,976,1381,0,0,0,1.0,1,1.0,1,1.0,1,0.19542273389450265,51
1250,4,2361,979,1382,0,0,0,1.0,1,1.0,1,1.0,1,0.2116500039921924,51
1251,0,2361,979,1382,0,0,0,1.0,1,1.0,1,1.0,1,0.20891106906484008,53
1252,2,2363,981,1382,0,0,0,1.0,1,1.0,1,1.0,1,0.24638001866807713,52
1253,1,2364,981,1383,0,0,0,1.0,1,1.0,1,1.0,1,0.2228259913673662,52
1254,1,2365,981,1384,0,0,0,1.0,1,1.0,1,1.0,1,0.19532654062358576,53
1255,3,2368,982,1386,0,0,0,1.0,1,1.0,1,1.0,1,0.21761162454035762,55
1256,0,2368,982,1386,0,0,0,1.0,1,1.0,1,1.0,1,0.21761162454035762,55
1257,2,2370,982,1388,0,0,0,1.0,1,1.0,1,1.0,1,0.23251405300921088,57
1258,4,2374,982,1392,0,0,0,1.0,1,1.0,1,1.0,1,0.240681860121315,57
1259,4,2378,982,1396,0,0,0,1.0,1,1.0,1,1.0,1,0.20630669471911559,57
1260,1,2379,982,1397,0,0,0,1.0,1,1.0,1,1.0,1,0.2161188116928429,56
1261,6,2385,982,1403,0,0,0,1.0,1,1.0,1,1.0,1,0.12542940841177122,57
1262,2,2387,983,1404,0,0,0,1.0,1,1.0,1,1.0,1,0.12805559724947677,58
1263,5,2392,987,1405,0,0,0,1.0,1,1.0,1,1.0,1,0.1556301794634668,58
1264,0,2392,987,1405,0,0,0,1.0,1,1.0,1,1.0,1,0.1327109827666562,57
1265,3,2395,990,1405,0,0,0,1.0,1,1.0,1,1.0,1,0.18381015872642548,56
1266,3,2398,991,1407,0,0,0,1.0,1,1.0,1,1.0,1,0.19894028634874275,55
1267,1,2399,992,1407,0,0,0,1.0,1,1.0,1,1.0,1,0.23807304892120484,53
1268,1,2400,993,1407,0,0,0,1.0,1,1.0,1,1.0,1,0.2605976677223545,52
1269,1,2401,994,1407,0,0,0,1.0,1,1.0,1,1.0,1,0.25611826774331253,51
1270,0,2401,994,1407,0,0,0,1.0,1,1.0,1,1.0,1,0.2469291727204619,47
1271,3,2404,996,1408,0,0,0,1.0,1,1.0,1,1.0,1,0.2785253296238511,46
1272,0,2404,996,1408,0,0,0,1.0,1,1.0,1,1.0,1,0.26578197379372887,43
1273,2,2406,998,1408,0,0,0,1.0,1,1.0,1,1.0,1,0.2702575558066843,44
1274,3,2409,999,1410,0,0,0,1.0,1,1.0,1,1.0,1,0.2737130048559443,44
1275,3,2412,1000,1412,0,0,0,1.0,1,1.0,1,1.0,1,0.28672062131196085,45
1276,5,2417,1001,1416,0,0,0,1.0,1,1.0,1,1.0,1,0.22895071982479873,43
1277,4,2421,1003,1418,0,0,0,1.0,1,1.0,1,1.0,1,0.20404380486965826,44
1278,4,2425,1007,1418,0,0,0,1.0,1,1.0,1,1.0,1,0.22258528945424846,45
1279,0,2425,1007,1418,0,0,0,1.0,1,1.0,1,1.0,1,0.21882251910006417,47
1280,1,2426,1007,1419,0,0,0,1.0,1,1.0,1,1.0,1,0.20456570398751245,47
1281,0,2426,1007,1419,0,0,0,1.0,1,1.0,1,1.0,1,0.20456570398751245,47
1282,1,2427,1008,1419,0,0,0,1.0,1,1.0,1,1.0,1,0.24135606241565044,46
1283,4,2431,1009,1422,0,0,0,1.0,1,1.0,1,1.0,1,0.1909959858237737,46
1284,0,2431,1009,1422,0,0,0,1.0,1,1.0,1,1.0,1,0.1909959858237737,46
1285,0,2431,1009,1422,0,0,0,1.0,1,1.0,1,1.0,1,0.22837973839607267,46
1286,0,2431,1009,1422,0,0,0,1.0,1,1.0,1,1.0,1,0.23907136432540407,45
1287,1,2432,1009,1423,0,0,0,1.0,1,1.0,1,1.0,1,0.23614850733342574,49
1288,1,2433,1009,1424,0,0,0,1.0,1,1.0,1,1.0,1,0.2177075137756693,49
1289,1,2434,1009,1425,0,0,0,1.0,1,1.0,1,1.0,1,0.19905433514283258,52
1290,0,2434,1009,1425,0,0,0,1.0,1,1.0,1,1.0,1,0.19905433514283258,52
1291,3,2437,1009,1428,0,0,0,1.0,1,1.0,1,1.0,1,0.13680467240344488,52
1292,0,2437,1009,1428,0,0,0,1.0,1,1.0,1,1.0,1,0.12736365414938683,53
1293,0,2437,1009,1428,0,0,0,1.0,1,1.0,1,1.0,1,0.12736365414938683,53
1294,1,2438,1010,1428,0,0,0,1.0,1,1.0,1,1.0,1,0.12123067472527185,53
1295,0,2438,1010,1428,0,0,0,1.0,1,1.0,1,1.0,1,0.13183891625646155,54
1296,0,2438,1010,1428,0,0,0,1.0,1,1.0,1,1.0,1,0.13299183031272013,55
1297,1,2439,1011,1428,0,0,0,1.0,1,1.0,1,1.0,1,0.15143648605371185,54
1298,1,2440,1011,1429,0,0,0,1.0,1,1.0,1,1.0,1,0.14769294734126456,55
1299,3,2443,1012,1431,0,0,0,1.0,1,1.0,1,1.0,1,0.1570209214002508,54
1300,0,2443,1012,1431,0,0,0,1.0,1,1.0,1,1.0,1,0.1747708498582963,55
1301,0,2443,1012,1431,0,0,0,1.0,1,1.0,1,1.0,1,0.1901027023908916,54
1302,7,2450,1015,1435,0,0,0,1.0,1,1.0,1,1.0,1,0.2235137066615533,54
1303,3,2453,1017,1436,0,0,0,1.0,1,1.0,1,1.0,1,0.26049136230002407,50
1304,2,2455,1019,1436,0,0,0,1.0,1,1.0,1,1.0,1,0.23050973865942595,51
1305,3,2458,1022,1436,0,0,0,1.0,1,1.0,1,1.0,1,0.2541373125426831,48
1306,8,2466,1027,1439,0,0,0,1.0,1,1.0,1,1.0,1,0.28241759520562637,48
1307,1,2467,1027,1440,0,0,0,1.0,1,1.0,1,1.0,1,0.24835656089809305,48
1308,1,2468,1028,1440,0,0,0,1.0,1,1.0,1,1.0,1,0.2620291033358435,46
1309,1,2469,1029,1440,0,0,0,1.0,1,1.0,1,1.0,1,0.2803655782973495,47
1310,3,2472,1031,1441,0,0,0,1.0,1,1.0,1,1.0,1,0.20320044291367337,46
1311,2,2474,1033,1441,0,0,0,1.0,1,1.0,1,1.0,1,0.2586740056412018,46
1312,5,2479,1036,1443,0,0,0,1.0,1,1.0,1,1.0,1,0.28070892175849604,45
1313,0,2479,1036,1443,0,0,0,1.0,1,1.0,1,1.0,1,0.2927437162270001,44
1314,0,2479,1036,1443,0,0,0,1.0,1,1.0,1,1.0,1,0.2875988093628463,42
1315,1,2480,1037,1443,0,0,0,1.0,1,1.0,1,1.0,1,0.2986874067388095,40
1316,2,2482,1037,1445,0,0,0,1.0,1,1.0,1,1.0,1,0.24880941332709994,42
1317,1,2483,1038,1445,0,0,0,1.0,1,1.0,1,1.0,1,0.2800009503264972,42
1318,0,2483,1038,1445,0,0,0,1.0,1,1.0,1,1.0,1,0.2800009503264972,42
1319,1,2484,1039,1445,0,0,0,1.0,1,1.0,1,1.0,1,0.28692093102385785,42
1320,0,2484,1039,1445,0,0,0,1.0,1,1.0,1,1.0,1,0.28692093102385785,42
1321,1,2485,1039,1446,0,0,0,1.0,1,1.0,1,1.0,1,0.2405150214628505,45
1322,1,2486,1039,1447,0,0,0,1.0,1,1.0,1,1.0,1,0.23456700581099485,45
1323,2,2488,1040,1448,0,0,0,1.0,1,1.0,1,1.0,1,0.2187502356589434,46
1324,0,2488,1040,1448,0,0,0,1.0,1,1.0,1,1.0,1,0.23669853439423214,45
1325,3,2491,1041,1450,0,0,0,1.0,1,1.0,1,1.0,1,0.21930970079658063,46
1326,1,2492,1042,1450,0,0,0,1.0,1,1.0,1,1.0,1,0.26641167895254775,45
1327,0,2492,1042,1450,0,0,0,1.0,1,1.0,1,1.0,1,0.29297219350465886,46
1328,2,2494,1042,1452,0,0,0,1.0,1,1.0,1,1.0,1,0.2590426475738404,47
1329,2,2496,1043,1453,0,0,0,1.0,1,1.0,1,1.0,1,0.25008441009163157,47
1330,0,2496,1043,1453,0,0,0,1.0,1,1.0,1,1.0,1,0.2699699175828661,46
1331,1,2497,1044,1453,0,0,0,1.0,1,1.0,1,1.0,1,0.265265695336775,46
1332,3,2500,1045,1455,0,0,0,1.0,1,1.0,1,1.0,1,0.2533408100393063,49
1333,1,2501,1045,1456,0,0,0,1.0,1,1.0,1,1.0,1,0.2655590328505655,50
1334,0,2501,1045,1456,0,0,0,1.0,1,1.0,1,1.0,1,0.2655590328505655,50
1335,4,2505,1045,1460,0,0,0,1.0,1,1.0,1,1.0,1,0.2714366244511524,52
1336,3,2508,1046,1462,0,0,0,1.0,1,1.0,1,1.0,1,0.22963499989335107,53
1337,1,2509,1046,1463,0,0,0,1.0,1,1.0,1,1.0,1,0.23915007645177977,54
1338,4,2513,1049,1464,0,0,0,1.0,1,1.0,1,1.0,1,0.26819204425981674,54
1339,2,2515,1051,1464,0,0,0,1.0,1,1.0,1,1.0,1,0.2862933862759197,54
1340,1,2516,1051,1465,0,0,0,1.0,1,1.0,1,1.0,1,0.29068752077292465,53
1341,0,2516,1051,1465,0,0,0,1.0,1,1.0,1,1.0,1,0.2857414849080043,53
1342,1,2517,1052,1465,0,0,0,1.0,1,1.0,1,1.0,1,0.3186698547665763,52
1343,1,2518,1053,1465,0,0,0,1.0,1,1.0,1,1.0,1,0.31633097966152585,50
1344,2,2520,1054,1466,0,0,0,1.0,1,1.0,1,1.0,1,0.3267464117680384,51
1345,0,2520,1054,1466,0,0,0,1.0,1,1.0,1,1.0,1,0.3190532459469584,50
1346,5,2525,1056,1469,0,0,0,1.0,1,1.0,1,1.0,1,0.3429767877709075,50
1347,1,2526,1056,1470,0,0,0,1.0,1,1.0,1,1.0,1,0.3398228820950729,48
1348,2,2528,1056,1472,0,0,0,1.0,1,1.0,1,1.0,1,0.3289486776897008,49
1349,0,2528,1056,1472,0,0,0,1.0,1,1.0,1,1.0,1,0.3250624762599098,48
1350,1,2529,1057,1472,0,0,0,1.0,1,1.0,1,1.0,1,0.36936433148472564,49
1351,5,2534,1057,1477,0,0,0,1.0,1,1.0,1,1.0,1,0.24981744508441406,48
1352,3,2537,1058,1479,0,0,0,1.0,1,1.0,1,1.0,1,0.24213944837029813,49
1353,0,2537,1058,1479,0,0,0,1.0,1,1.0,1,1.0,1,0.2317832687479758,49
1354,5,2542,1058,1484,0,0,0,1.0,1,1.0,1,1.0,1,0.17958242545536995,49
1355,2,2544,1058,1486,0,0,0,1.0,1,1.0,1,1.0,1,0.1530389025684443,50
1356,2,2546,1059,1487,0,0,0,1.0,1,1.0,1,1.0,1,0.14767110671744196,50
1357,4,2550,1063,1487,0,0,0,1.0,1,1.0,1,1.0,1,0.1950120873880886,50
1358,3,2553,1064,1489,0,0,0,1.0,1,1.0,1,1.0,1,0.20115191417734596,51
1359,3,2556,1065,1491,0,0,0,1.0,1,1.0,1,1.0,1,0.23218268915271945,53
1360,2,2558,1065,1493,0,0,0,1.0,1,1.0,1,1.0,1,0.24526190572376036,54
1361,2,2560,1065,1495,0,0,0,1.0,1,1.0,1,1.0,1,0.25062962566222036,54
1362,2,2562,1066,1496,0,0,0,1.0,1,1.0,1,1.0,1,0.22726441756911672,55
1363,1,2563,1066,1497,0,0,0,1.0,1,1.0,1,1.0,1,0.23835252524519335,55
1364,6,2569,1066,1503,0,0,0,1.0,1,1.0,1,1.0,1,0.17248783413346386,55
1365,5,2574,1067,1507,0,0,0,1.0,1,1.0,1,1.0,1,0.19491746129907703,56
1366,3,2577,1067,1510,0,0,0,1.0,1,1.0,1,1.0,1,0.14745321469928555,56
1367,0,2577,1067,1510,0,0,0,1.0,1,1.0,1,1.0,1,0.14745321469928555,56
1368,1,2578,1067,1511,0,0,0,1.0,1,1.0,1,1.0,1,0.1262809396086118,58
1369,0,2578,1067,1511,0,0,0,1.0,1,1.0,1,1.0,1,0.12303757490658501,59
1370,0,2578,1067,1511,0,0,0,1.0,1,1.0,1,1.0,1,0.12303757490658501,59
1371,0,2578,1067,1511,0,0,0,1.0,1,1.0,1,1.0,1,0.12303757490658501,59
1372,1,2579,1068,1511,0,0,0,1.0,1,1.0,1,1.0,1,0.1393821723744753,59
1373,1,2580,1068,1512,0,0,0,1.0,1,1.0,1,1.0,1,0.13201657614715542,59
1374,5,2585,1071,1514,0,0,0,1.0,1,1.0,1,1.0,1,0.15454614713453857,60
1375,1,2586,1071,1515,0,0,0,1.0,1,1.0,1,1.0,1,0.1492077615984666,61
1376,1,2587,1071,1516,0,0,0,1.0,1,1.0,1,1.0,1,0.1725882259575412,61
1377,0,2587,1071,1516,0,0,0,1.0,1,1.0,1,1.0,1,0.1725882259575412,61
1378,4,2591,1074,1517,0,0,0,1.0,1,1.0,1,1.0,1,0.22628377068383643,61
1379,0,2591,1074,1517,0,0,0,1.0,1,1.0,1,1.0,1,0.2202034505846958,60
1380,1,2592,1075,1517,0,0,0,1.0,1,1.0,1,1.0,1,0.24366364025639495,60
1381,6,2598,1076,1522,0,0,0,1.0,1,1.0,1,1.0,1,0.15687357923475095,58
1382,2,2600,1078,1522,0,0,0,1.0,1,1.0,1,1.0,1,0.17911465263200024,58
1383,4,2604,1081,1523,0,0,0,1.0,1,1.0,1,1.0,1,0.171184362916633,57
1384,1,2605,1082,1523,0,0,0,1.0,1,1.0,1,1.0,1,0.1897748769075579,54
1385,1,2606,1083,1523,0,0,0,1.0,1,1.0,1,1.0,1,0.20686102698713932,52
1386,1,2607,1084,1523,0,0,0,1.0,1,1.0,1,1.0,1,0.22038376819352945,51
1387,1,2608,1085,1523,0,0,0,1.0,1,1.0,1,1.0,1,0.2644874259255666,51
1388,3,2611,1088,1523,0,0,0,1.0,1,1.0,1,1.0,1,0.25407866504970966,52
1389,1,2612,1088,1524,0,0,0,1.0,1,1.0,1,1.0,1,0.30313596600663417,50
1390,4,2616,1090,1526,0,0,0,1.0,1,1.0,1,1.0,1,0.25891400628460814,51
1391,1,2617,1090,1527,0,0,0,1.0,1,1.0,1,1.0,1,0.24023788631655418,50
1392,2,2619,1091,1528,0,0,0,1.0,1,1.0,1,1.0,1,0.23121578959482963,50
1393,0,2619,1091,1528,0,0,0,1.0,1,1.0,1,1.0,1,0.25675327139922943,49
1394,1,2620,1092,1528,0,0,0,1.0,1,1.0,1,1.0,1,0.276636328923478,50
1395,0,2620,1092,1528,0,0,0,1.0,1,1.0,1,1.0,1,0.28646235828670535,51
1396,8,2628,1093,1535,0,0,0,1.0,1,1.0,1,1.0,1,0.19547260128720803,52
1397,4,2632,1094,1538,0,0,0,1.0,1,1.0,1,1.0,1,0.1609974459619842,52
1398,1,2633,1094,1539,0,0,0,1.0,1,1.0,1,1.0,1,0.12584926803504773,53
1399,3,2636,1097,1539,0,0,0,1.0,1,1.0,1,1.0,1,0.17098787085411943,54
1400,0,2636,1097,1539,0,0,0,1.0,1,1.0,1,1.0,1,0.17098787085411943,54
1401,2,2638,1099,1539,0,0,0,1.0,1,1.0,1,1.0,1,0.20524538107343807,54
1402,2,2640,1101,1539,0,0,0,1.0,1,1.0,1,1.0,1,0.18139891756781198,53
1403,0,2640,1101,1539,0,0,0,1.0,1,1.0,1,1.0,1,0.19930849454587124,52
1404,0,2640,1101,1539,0,0,0,1.0,1,1.0,1,1.0,1,0.2077671790135337,53
1405,0,2640,1101,1539,0,0,0,1.0,1,1.0,1,1.0,1,0.22624879386919314,52
1406,2,2642,1101,1541,0,0,0,1.0,1,1.0,1,1.0,1,0.22083102274376437,53
1407,2,2644,1102,1542,0,0,0,1.0,1,1.0,1,1.0,1,0.24969301327615961,54
1408,1,2645,1102,1543,0,0,0,1.0,1,1.0,1,1.0,1,0.2578639560378858,53
1409,5,2650,1102,1548,0,0,0,1.0,1,1.0,1,1.0,1,0.23318917486203783,55
1410,2,2652,1102,1550,0,0,0,1.0,1,1.0,1,1.0,1,0.24742023908018987,54
1411,1,2653,1102,1551,0,0,0,1.0,1,1.0,1,1.0,1,0.23844721108387665,54
1412,0,2653,1102,1551,0,0,0,1.0,1,1.0,1,1.0,1,0.25818802610525643,53
1413,1,2654,1102,1552,0,0,0,1.0,1,1.0,1,1.0,1,0.22610066329675768,54
1414,0,2654,1102,1552,0,0,0,1.0,1,1.0,1,1.0,1,0.2350394387013322,55
1415,2,2656,1103,1553,0,0,0,1.0,1,1.0,1,1.0,1,0.19122317586712917,57
1416,2,2658,1104,1554,0,0,0,1.0,1,1.0,1,1.0,1,0.20036736526097115,59
1417,2,2660,1105,1555,0,0,0,1.0,1,1.0,1,1.0,1,0.204562060742809,58
1418,1,2661,1106,1555,0,0,0,1.0,1,1.0,1,1.0,1,0.19682954209940376,57
1419,1,2662,1107,1555,0,0,0,1.0,1,1.0,1,1.0,1,0.2199917374809143,56
1420,0,2662,1107,1555,0,0,0,1.0,1,1.0,1,1.0,1,0.2239263333482495,54
1421,0,2662,1107,1555,0,0,0,1.0,1,1.0,1,1.0,1,0.229414710663959,55
1422,0,2662,1107,1555,0,0,0,1.0,1,1.0,1,1.0,1,0.20721789305963204,52
1423,1,2663,1108,1555,0,0,0,1.0,1,1.0,1,1.0,1,0.23595448435099886,52
1424,4,2667,1112,1555,0,0,0,1.0,1,1.0,1,1.0,1,0.28169873286287894,51
1425,0,2667,1112,1555,0,0,0,1.0,1,1.0,1,1.0,1,0.29493555711984026,50
1426,8,2675,1114,1561,0,0,0,1.0,1,1.0,1,1.0,1,0.2348243492516297,50
1427,0,2675,1114,1561,0,0,0,1.0,1,1.0,1,1.0,1,0.23770644634313176,48
1428,2,2677,1116,1561,0,0,0,1.0,1,1.0,1,1.0,1,0.27327588670759795,48
1429,2,2679,1116,1563,0,0,0,1.0,1,1.0,1,1.0,1,0.25824275898878946,48
1430,0,2679,1116,1563,0,0,0,1.0,1,1.0,1,1.0,1,0.25824275898878946,48
1431,0,2679,1116,1563,0,0,0,1.0,1,1.0,1,1.0,1,0.25824275898878946,48
1432,2,2681,1117,1564,0,0,0,1.0,1,1.0,1,1.0,1,0.20382540863080592,50
1433,4,2685,1119,1566,0,0,0,1.0,1,1.0,1,1.0,1,0.17004665263463534,51
1434,2,2687,1121,1566,0,0,0,1.0,1,1.0,1,1.0,1,0.17050946172429235,51
1435,3,2690,1124,1566,0,0,0,1.0,1,1.0,1,1.0,1,0.1940377664642095,50
1436,3,2693,1126,1567,0,0,0,1.0,1,1.0,1,1.0,1,0.22030009491175925,51
1437,0,2693,1126,1567,0,0,0,1.0,1,1.0,1,1.0,1,0.22030009491175925,51
1438,2,2695,1128,1567,0,0,0,1.0,1,1.0,1,1.0,1,0.23999357394357887,51
1439,3,2698,1131,1567,0,0,0,1.0,1,1.0,1,1.0,1,0.27330950056925546,50
1440,7,2705,1133,1572,0,0,0,1.0,1,1.0,1,1.0,1,0.2545514339867888,51
1441,5,2710,1133,1577,0,0,0,1.0,1,1.0,1,1.0,1,0.19184570132935488,51
1442,7,2717,1136,1581,0,0,0,1.0,1,1.0,1,1.0,1,0.20419090453848793,52
1443,4,2721,1136,1585,0,0,0,1.0,1,1.0,1,1.0,1,0.18242550706258212,53
1444,2,2723,1137,1586,0,0,0,1.0,1,1.0,1,1.0,1,0.1843376240792269,54
1445,1,2724,1137,1587,0,0,0,1.0,1,1.0,1,1.0,1,0.16954370646871594,54
1446,0,2724,1137,1587,0,0,0,1.0,1,1.0,1,1.0,1,0.18334284697574443,54
1447,0,2724,1137,1587,0,0,0,1.0,1,1.0,1,1.0,1,0.17992313507039534,55
1448,1,2725,1137,1588,0,0,0,1.0,1,1.0,1,1.0,1,0.16003390338028506,55
1449,0,2725,1137,1588,0,0,0,1.0,1,1.0,1,1.0,1,0.16003390338028506,55
1450,3,2728,1137,1591,0,0,0,1.0,1,1.0,1,1.0,1,0.14452847362712823,57
1451,4,2732,1137,1595,0,0,0,1.0,1,1.0,1,1.0,1,0.14452847362712823,57
1452,2,2734,1137,1597,0,0,0,1.0,1,1.0,1,1.0,1,0.12162367243129807,57
1453,6,2740,1139,1601,0,0,0,1.0,1,1.0,1,1.0,1,0.18106430227613957,57
1454,3,2743,1140,1603,0,0,0,1.0,1,1.0,1,1.0,1,0.21725196473170263,58
1455,4,2747,1140,1607,0,0,0,1.0,1,1.0,1,1.0,1,0.2183298315556855,56
1456,4,2751,1140,1611,0,0,0,1.0,1,1.0,1,1.0,1,0.14551986355221613,55
1457,0,2751,1140,1611,0,0,0,1.0,1,1.0,1,1.0,1,0.17186398930141666,54
1458,0,2751,1140,1611,0,0,0,1.0,1,1.0,1,1.0,1,0.16673796367894708,53
1459,1,2752,1140,1612,0,0,0,1.0,1,1.0,1,1.0,1,0.1426052812519627,52
1460,1,2753,1140,1613,0,0,0,1.0,1,1.0,1,1.0,1,0.11668695416503194,51
1461,1,2754,1141,1613,0,0,0,1.0,1,1.0,1,1.0,1,0.14215419156673625,51
1462,3,2757,1144,1613,0,0,0,1.0,1,1.0,1,1.0,1,0.15664780618716673,51
1463,5,2762,1148,1614,0,0,0,1.0,1,1.0,1,1.0,1,0.19939697179710222,52
1464,2,2764,1150,1614,0,0,0,1.0,1,1.0,1,1.0,1,0.2150165898724987,52
1465,1,2765,1150,1615,0,0,0,1.0,1,1.0,1,1.0,1,0.23872342582727207,51
1466,3,2768,1153,1615,0,0,0,1.0,1,1.0,1,1.0,1,0.24113204934760477,50
1467,2,2770,1155,1615,0,0,0,1.0,1,1.0,1,1.0,1,0.25951409211527143,48
1468,5,2775,1159,1616,0,0,0,1.0,1,1.0,1,1.0,1,0.21510027725218978,48
1469,2,2777,1161,1616,0,0,0,1.0,1,1.0,1,1.0,1,0.2637731606080138,48
1470,4,2781,1163,1618,0,0,0,1.0,1,1.0,1,1.0,1,0.23423139371275056,48
1471,4,2785,1163,1622,0,0,0,1.0,1,1.0,1,1.0,1,0.18286328676020278,45
1472,2,2787,1163,1624,0,0,0,1.0,1,1.0,1,1.0,1,0.155090371249558,45
1473,2,2789,1164,1625,0,0,0,1.0,1,1.0,1,1.0,1,0.14095632660248858,46
1474,1,2790,1164,1626,0,0,0,1.0,1,1.0,1,1.0,1,0.17007050747525265,46
1475,1,2791,1165,1626,0,0,0,1.0,1,1.0,1,1.0,1,0.16463959325065905,46
1476,0,2791,1165,1626,0,0,0,1.0,1,1.0,1,1.0,1,0.17588812339860302,47
1477,2,2793,1166,1627,0,0,0,1.0,1,1.0,1,1.0,1,0.17405020388485176,47
1478,1,2794,1166,1628,0,0,0,1.0,1,1.0,1,1.0,1,0.19593388375415044,47
1479,1,2795,1166,1629,0,0,0,1.0,1,1.0,1,1.0,1,0.17928819870382853,48
1480,1,2796,1167,1629,0,0,0,1.0,1,1.0,1,1.0,1,0.18914070154120124,47
1481,1,2797,1168,1629,0,0,0,1.0,1,1.0,1,1.0,1,0.19221745319905897,47
1482,2,2799,1170,1629,0,0,0,1.0,1,1.0,1,1.0,1,0.24163025636566102,46
1483,2,2801,1171,1630,0,0,0,1.0,1,1.0,1,1.0,1,0.23605175430867437,47
1484,0,2801,1171,1630,0,0,0,1.0,1,1.0,1,1.0,1,0.2569828389733299,47
1485,4,2805,1171,1634,0,0,0,1.0,1,1.0,1,1.0,1,0.25642417333208833,47
1486,0,2805,1171,1634,0,0,0,1.0,1,1.0,1,1.0,1,0.24969977723768985,49
1487,3,2808,1174,1634,0,0,0,1.0,1,1.0,1,1.0,1,0.24938696722113,49
1488,2,2810,1176,1634,0,0,0,1.0,1,1.0,1,1.0,1,0.235006391895584,51
1489,4,2814,1177,1637,0,0,0,1.0,1,1.0,1,1.0,1,0.24177329488338573,52
1490,6,2820,1179,1641,0,0,0,1.0,1,1.0,1,1.0,1,0.20774416464380754,52
1491,5,2825,1182,1643,0,0,0,1.0,1,1.0,1,1.0,1,0.20813078120837128,53
1492,5,2830,1185,1645,0,0,0,1.0,1,1.0,1,1.0,1,0.21476803108822823,53
1493,0,2830,1185,1645,0,0,0,1.0,1,1.0,1,1.0,1,0.16947920979594946,52
1494,2,2832,1187,1645,0,0,0,1.0,1,1.0,1,1.0,1,0.17035809164521115,50
1495,2,2834,1189,1645,0,0,0,1.0,1,1.0,1,1.0,1,0.1644760816952531,50
1496,2,2836,1190,1646,0,0,0,1.0,1,1.0,1,1.0,1,0.18677309421221386,52
1497,1,2837,1191,1646,0,0,0,1.0,1,1.0,1,1.0,1,0.2069040770479377,51
1498,1,2838,1192,1646,0,0,0,1.0,1,1.0,1,1.0,1,0.22087724040377046,50
1499,4,2842,1192,1650,0,0,0,1.0,1,1.0,1,1.0,1,0.1852198761497584,50
1500,2,2844,1193,1651,0,0,0,1.0,1,1.0,1,1.0,1,0.22225977604830607,49
1501,0,2844,1193,1651,0,0,0,1.0,1,1.0,1,1.0,1,0.1979799424521431,47
1502,3,2847,1196,1651,0,0,0,1.0,1,1.0,1,1.0,1,0.24789405180974353,47
1503,3,2850,1197,1653,0,0,0,1.0,1,1.0,1,1.0,1,0.19326853742607256,47
1504,1,2851,1198,1653,0,0,0,1.0,1,1.0,1,1.0,1,0.19614081892137591,48
1505,3,2854,1200,1654,0,0,0,1.0,1,1.0,1,1.0,1,0.21435804010803197,47
1506,1,2855,1201,1654,0,0,0,1.0,1,1.0,1,1.0,1,0.19456294108823366,47
1507,3,2858,1204,1654,0,0,0,1.0,1,1.0,1,1.0,1,0.26688640416835174,45
1508,3,2861,1205,1656,0,0,0,1.0,1,1.0,1,1.0,1,0.25365887872456755,45
1509,3,2864,1207,1657,0,0,0,1.0,1,1.0,1,1.0,1,0.2631969171604157,44
1510,2,2866,1209,1657,0,0,0,1.0,1,1.0,1,1.0,1,0.3369249545488672,42
1511,0,2866,1209,1657,0,0,0,1.0,1,1.0,1,1.0,1,0.3302422317295279,40
1512,4,2870,1211,1659,0,0,0,1.0,1,1.0,1,1.0,1,0.3212723963626521,39
1513,0,2870,1211,1659,0,0,0,1.0,1,1.0,1,1.0,1,0.31726156589881094,39
1514,0,2870,1211,1659,0,0,0,1.0,1,1.0,1,1.0,1,0.3278755745420564,38
1515,0,2870,1211,1659,0,0,0,1.0,1,1.0,1,1.0,1,0.3444367327605926,39
1516,5,2875,1211,1664,0,0,0,1.0,1,1.0,1,1.0,1,0.22901514753431293,39
1517,3,2878,1212,1666,0,0,0,1.0,1,1.0,1,1.0,1,0.19644936322955775,39
1518,2,2880,1213,1667,0,0,0,1.0,1,1.0,1,1.0,1,0.18994508829377785,39
1519,0,2880,1213,1667,0,0,0,1.0,1,1.0,1,1.0,1,0.18994508829377785,39
1520,2,2882,1214,1668,0,0,0,1.0,1,1.0,1,1.0,1,0.22756407466588047,39
1521,7,2889,1216,1673,0,0,0,1.0,1,1.0,1,1.0,1,0.2638967886551712,40
1522,4,2893,1217,1676,0,0,0,1.0,1,1.0,1,1.0,1,0.27676805439769925,40
1523,1,2894,1217,1677,0,0,0,1.0,1,1.0,1,1.0,1,0.2937447718147767,41
1524,1,2895,1218,1677,0,0,0,1.0,1,1.0,1,1.0,1,0.32690632546824366,42
1525,2,2897,1218,1679,0,0,0,1.0,1,1.0,1,1.0,1,0.2780319917299916,45
1526,2,2899,1218,1681,0,0,0,1.0,1,1.0,1,1.0,1,0.29039081855841614,46
1527,1,2900,1218,1682,0,0,0,1.0,1,1.0,1,1.0,1,0.28724612812461864,46
1528,3,2903,1218,1685,0,0,0,1.0,1,1.0,1,1.0,1,0.2781053627216825,47
1529,3,2906,1218,1688,0,0,0,1.0,1,1.0,1,1.0,1,0.25254381008720633,47
1530,2,2908,1218,1690,0,0,0,1.0,1,1.0,1,1.0,1,0.2612683963067385,48
1531,1,2909,1218,1691,0,0,0,1.0,1,1.0,1,1.0,1,0.26315446196634973,46
1532,1,2910,1218,1692,0,0,0,1.0,1,1.0,1,1.0,1,0.26095266137015233,47
1533,0,2910,1218,1692,0,0,0,1.0,1,1.0,1,1.0,1,0.25057969301883476,46
1534,0,2910,1218,1692,0,0,0,1.0,1,1.0,1,1.0,1,0.2635975093857514,47
1535,2,2912,1219,1693,0,0,0,1.0,1,1.0,1,1.0,1,0.2585573880639789,47
1536,2,2914,1219,1695,0,0,0,1.0,1,1.0,1,1.0,1,0.24484883693669302,48
1537,0,2914,1219,1695,0,0,0,1.0,1,1.0,1,1.0,1,0.24145745744308614,46
1538,0,2914,1219,1695,0,0,0,1.0,1,1.0,1,1.0,1,0.2572295921049185,47
1539,1,2915,1219,1696,0,0,0,1.0,1,1.0,1,1.0,1,0.2752194561825035,47
1540,1,2916,1220,1696,0,0,0,1.0,1,1.0,1,1.0,1,0.28027236558114577,47
1541,1,2917,1220,1697,0,0,0,1.0,1,1.0,1,1.0,1,0.26840173390478833,47
1542,4,2921,1223,1698,0,0,0,1.0,1,1.0,1,1.0,1,0.30588483014980145,50
1543,3,2924,1225,1699,0,0,0,1.0,1,1.0,1,1.0,1,0.30310099908557003,47
1544,4,2928,1228,1700,0,0,0,1.0,1,1.0,1,1.0,1,0.34598883700438415,48
1545,4,2932,1229,1703,0,0,0,1.0,1,1.0,1,1.0,1,0.27638969145791265,47
1546,4,2936,1230,1706,0,0,0,1.0,1,1.0,1,1.0,1,0.23601981874090477,47
1547,1,2937,1230,1707,0,0,0,1.0,1,1.0,1,1.0,1,0.21991722043137066,47
1548,2,2939,1230,1709,0,0,0,1.0,1,1.0,1,1.0,1,0.1807108611101164,47
1549,5,2944,1234,1710,0,0,0,1.0,1,1.0,1,1.0,1,0.20266487770033967,46
1550,3,2947,1235,1712,0,0,0,1.0,1,1.0,1,1.0,1,0.18663155841114482,44
1551,3,2950,1237,1713,0,0,0,1.0,1,1.0,1,1.0,1,0.15899338235870805,45
1552,3,2953,1239,1714,0,0,0,1.0,1,1.0,1,1.0,1,0.2294542754507106,43
1553,2,2955,1240,1715,0,0,0,1.0,1,1.0,1,1.0,1,0.18373694748624098,43
1554,1,2956,1241,1715,0,0,0,1.0,1,1.0,1,1.0,1,0.23805936801900188,41
1555,3,2959,1242,1717,0,0,0,1.0,1,1.0,1,1.0,1,0.2681279788626492,44
1556,2,2961,1243,1718,0,0,0,1.0,1,1.0,1,1.0,1,0.24167298869545056,45
1557,1,2962,1243,1719,0,0,0,1.0,1,1.0,1,1.0,1,0.24110826503027047,45
1558,1,2963,1243,1720,0,0,0,1.0,1,1.0,1,1.0,1,0.25046149730401446,46
1559,1,2964,1244,1720,0,0,0,1.0,1,1.0,1,1.0,1,0.20653056600799116,47
1560,2,2966,1245,1721,0,0,0,1.0,1,1.0,1,1.0,1,0.2107359773835151,46
1561,2,2968,1245,1723,0,0,0,1.0,1,1.0,1,1.0,1,0.1592166344269036,47
1562,0,2968,1245,1723,0,0,0,1.0,1,1.0,1,1.0,1,0.16419884878024962,47
1563,0,2968,1245,1723,0,0,0,1.0,1,1.0,1,1.0,1,0.16419884878024962,47
1564,0,2968,1245,1723,0,0,0,1.0,1,1.0,1,1.0,1,0.16419884878024962,47
1565,3,2971,1245,1726,0,0,0,1.0,1,1.0,1,1.0,1,0.1535175840886428,48
1566,0,2971,1245,1726,0,0,0,1.0,1,1.0,1,1.0,1,0.1535175840886428,48
1567,0,2971,1245,1726,0,0,0,1.0,1,1.0,1,1.0,1,0.18945756011251622,48
1568,3,2974,1248,1726,0,0,0,1.0,1,1.0,1,1.0,1,0.27276448354328675,48
1569,3,2977,1248,1729,0,0,0,1.0,1,1.0,1,1.0,1,0.2174496424590196,45
1570,1,2978,1248,1730,0,0,0,1.0,1,1.0,1,1.0,1,0.20918720440985245,44
1571,5,2983,1252,1731,0,0,0,1.0,1,1.0,1,1.0,1,0.22772094771970935,42
1572,4,2987,1253,1734,0,0,0,1.0,1,1.0,1,1.0,1,0.28554318695219605,43
1573,3,2990,1255,1735,0,0,0,1.0,1,1.0,1,1.0,1,0.3213535461848991,43
1574,3,2993,1258,1735,0,0,0,1.0,1,1.0,1,1.0,1,0.33189091837481116,42
1575,0,2993,1258,1735,0,0,0,1.0,1,1.0,1,1.0,1,0.3408499218858129,43
1576,6,2999,1260,1739,0,0,0,1.0,1,1.0,1,1.0,1,0.2438496065247046,41
1577,1,3000,1260,1740,0,0,0,1.0,1,1.0,1,1.0,1,0.23116057910547264,40
1578,2,3002,1261,1741,0,0,0,1.0,1,1.0,1,1.0,1,0.21934145906047905,40
1579,0,3002,1261,1741,0,0,0,1.0,1,1.0,1,1.0,1,0.24977338481174027,40
1580,3,3005,1263,1742,0,0,0,1.0,1,1.0,1,1.0,1,0.26000891371704143,40
1581,1,3006,1263,1743,0,0,0,1.0,1,1.0,1,1.0,1,0.24050896021254617,40
1582,3,3009,1265,1744,0,0,0,1.0,1,1.0,1,1.0,1,0.2564302912164388,40
1583,0,3009,1265,1744,0,0,0,1.0,1,1.0,1,1.0,1,0.2525691278018705,38
1584,2,3011,1266,1745,0,0,0,1.0,1,1.0,1,1.0,1,0.22911667920568415,39
1585,5,3016,1269,1747,0,0,0,1.0,1,1.0,1,1.0,1,0.2328378157211505,38
1586,1,3017,1270,1747,0,0,0,1.0,1,1.0,1,1.0,1,0.22039497370212602,38
1587,3,3020,1273,1747,0,0,0,1.0,1,1.0,1,1.0,1,0.21290262936985102,37
1588,4,3024,1276,1748,0,0,0,1.0,1,1.0,1,1.0,1,0.23838254163832168,39
1589,2,3026,1278,1748,0,0,0,1.0,1,1.0,1,1.0,1,0.2527814023643742,37
1590,2,3028,1280,1748,0,0,0,1.0,1,1.0,1,1.0,1,0.2914085969185341,37
1591,4,3032,1280,1752,0,0,0,1.0,1,1.0,1,1.0,1,0.20533945737880127,36
1592,0,3032,1280,1752,0,0,0,1.0,1,1.0,1,1.0,1,0.23348186040683283,34
1593,1,3033,1281,1752,0,0,0,1.0,1,1.0,1,1.0,1,0.30951620750138764,33
1594,0,3033,1281,1752,0,0,0,1.0,1,1.0,1,1.0,1,0.29268369813585626,31
1595,3,3036,1281,1755,0,0,0,1.0,1,1.0,1,1.0,1,0.30026904353416123,34
1596,1,3037,1281,1756,0,0,0,1.0,1,1.0,1,1.0,1,0.29574320061513887,33
1597,0,3037,1281,1756,0,0,0,1.0,1,1.0,1,1.0,1,0.29574320061513887,33
1598,2,3039,1281,1758,0,0,0,1.0,1,1.0,1,1.0,1,0.3176884197514209,33
1599,2,3041,1282,1759,0,0,0,1.0,1,1.0,1,1.0,1,0.3172824500888248,33
1600,1,3042,1282,1760,0,0,0,1.0,1,1.0,1,1.0,1,0.30013042903069076,34
1601,3,3045,1284,1761,0,0,0,1.0,1,1.0,1,1.0,1,0.3527742481623646,35
1602,1,3046,1284,1762,0,0,0,1.0,1,1.0,1,1.0,1,0.315861127564701,36
1603,2,3048,1285,1763,0,0,0,1.0,1,1.0,1,1.0,1,0.3496322621137155,38
1604,5,3053,1286,1767,0,0,0,1.0,1,1.0,1,1.0,1,0.3789644054987571,38
1605,7,3060,1286,1774,0,0,0,1.0,1,1.0,1,1.0,1,0.33108389817035977,38
1606,6,3066,1287,1779,0,0,0,1.0,1,1.0,1,1.0,1,0.3014918415871275,39
1607,2,3068,1288,1780,0,0,0,1.0,1,1.0,1,1.0,1,0.2930120120742294,37
1608,2,3070,1289,1781,0,0,0,1.0,1,1.0,1,1.0,1,0.2924564057709366,36
1609,1,3071,1289,1782,0,0,0,1.0,1,1.0,1,1.0,1,0.23898965767538585,34
1610,1,3072,1290,1782,0,0,0,1.0,1,1.0,1,1.0,1,0.2434171156630112,34
1611,4,3076,1292,1784,0,0,0,1.0,1,1.0,1,1.0,1,0.2013116294388438,35
1612,0,3076,1292,1784,0,0,0,1.0,1,1.0,1,1.0,1,0.1796500114602934,33
1613,0,3076,1292,1784,0,0,0,1.0,1,1.0,1,1.0,1,0.19287343877529048,34
1614,1,3077,1292,1785,0,0,0,1.0,1,1.0,1,1.0,1,0.15398654088232455,35
1615,0,3077,1292,1785,0,0,0,1.0,1,1.0,1,1.0,1,0.15398654088232455,35
1616,0,3077,1292,1785,0,0,0,1.0,1,1.0,1,1.0,1,0.16173562402470226,37
1617,2,3079,1293,1786,0,0,0,1.0,1,1.0,1,1.0,1,0.16083734828152213,38
1618,2,3081,1293,1788,0,0,0,1.0,1,1.0,1,1.0,1,0.1194151796287024,38
1619,1,3082,1294,1788,0,0,0,1.0,1,1.0,1,1.0,1,0.13462098028005307,38
1620,3,3085,1296,1789,0,0,0,1.0,1,1.0,1,1.0,1,0.16907920119544598,39
1621,0,3085,1296,1789,0,0,0,1.0,1,1.0,1,1.0,1,0.19296750826283415,37
1622,3,3088,1298,1790,0,0,0,1.0,1,1.0,1,1.0,1,0.2748149084042651,37
1623,2,3090,1300,1790,0,0,0,1.0,1,1.0,1,1.0,1,0.3072769272867557,37
1624,1,3091,1301,1790,0,0,0,1.0,1,1.0,1,1.0,1,0.32672493645840867,37
1625,2,3093,1302,1791,0,0,0,1.0,1,1.0,1,1.0,1,0.32300301310788443,35
1626,1,3094,1303,1791,0,0,0,1.0,1,1.0,1,1.0,1,0.3635432501900297,35
1627,1,3095,1304,1791,0,0,0,1.0,1,1.0,1,1.0,1,0.3586100848898413,34
1628,3,3098,1305,1793,0,0,0,1.0,1,1.0,1,1.0,1,0.3543549108878519,35
1629,2,3100,1307,1793,0,0,0,1.0,1,1.0,1,1.0,1,0.4190968093973645,34
1630,0,3100,1307,1793,0,0,0,1.0,1,1.0,1,1.0,1,0.410202170324947,32
1631,1,3101,1308,1793,0,0,0,1.0,1,1.0,1,1.0,1,0.4593678644043304,33
1632,1,3102,1309,1793,0,0,0,1.0,1,1.0,1,1.0,1,0.3994937020506132,32
1633,1,3103,1310,1793,0,0,0,1.0,1,1.0,1,1.0,1,0.3842437989216636,31
1634,0,3103,1310,1793,0,0,0,1.0,1,1.0,1,1.0,1,0.3842437989216636,31
1635,0,3103,1310,1793,0,0,0,1.0,1,1.0,1,1.0,1,0.39917237301199016,31
1636,5,3108,1311,1797,0,0,0,1.0,1,1.0,1,1.0,1,0.28607888275890286,33
1637,2,3110,1311,1799,0,0,0,1.0,1,1.0,1,1.0,1,0.2450744009447825,33
1638,0,3110,1311,1799,0,0,0,1.0,1,1.0,1,1.0,1,0.2643654528282208,36
1639,0,3110,1311,1799,0,0,0,1.0,1,1.0,1,1.0,1,0.2643654528282208,36
1640,2,3112,1312,1800,0,0,0,1.0,1,1.0,1,1.0,1,0.2677350367935355,36
1641,2,3114,1312,1802,0,0,0,1.0,1,1.0,1,1.0,1,0.24805559845267583,38
1642,2,3116,1314,1802,0,0,0,1.0,1,1.0,1,1.0,1,0.30017833210544975,37
1643,2,3118,1315,1803,0,0,0,1.0,1,1.0,1,1.0,1,0.3150402282308306,37
1644,3,3121,1317,1804,0,0,0,1.0,1,1.0,1,1.0,1,0.3669741005324107,38
1645,0,3121,1317,1804,0,0,0,1.0,1,1.0,1,1.0,1,0.3345537856755205,36
1646,2,3123,1318,1805,0,0,0,1.0,1,1.0,1,1.0,1,0.3460840803983219,37
1647,1,3124,1319,1805,0,0,0,1.0,1,1.0,1,1.0,1,0.37400768782681154,35
1648,1,3125,1319,1806,0,0,0,1.0,1,1.0,1,1.0,1,0.38341623683900106,38
1649,1,3126,1320,1806,0,0,0,1.0,1,1.0,1,1.0,1,0.3539043515243832,35
1650,0,3126,1320,1806,0,0,0,1.0,1,1.0,1,1.0,1,0.38286167714782415,34
1651,1,3127,1320,1807,0,0,0,1.0,1,1.0,1,1.0,1,0.3483071520771853,32
1652,1,3128,1320,1808,0,0,0,1.0,1,1.0,1,1.0,1,0.33594999923604907,33
1653,1,3129,1320,1809,0,0,0,1.0,1,1.0,1,1.0,1,0.32195869115280884,33
1654,0,3129,1320,1809,0,0,0,1.0,1,1.0,1,1.0,1,0.33737381509317166,34
1655,2,3131,1320,1811,0,0,0,1.0,1,1.0,1,1.0,1,0.2923107993828246,35
1656,2,3133,1320,1813,0,0,0,1.0,1,1.0,1,1.0,1,0.2665809809178845,35
1657,1,3134,1320,1814,0,0,0,1.0,1,1.0,1,1.0,1,0.23476988889757272,36
1658,0,3134,1320,1814,0,0,0,1.0,1,1.0,1,1.0,1,0.23476988889757272,36
1659,2,3136,1320,1816,0,0,0,1.0,1,1.0,1,1.0,1,0.1972295606292557,36
1660,5,3141,1323,1818,0,0,0,1.0,1,1.0,1,1.0,1,0.2341498109749118,38
1661,3,3144,1323,1821,0,0,0,1.0,1,1.0,1,1.0,1,0.15739054699124932,38
1662,7,3151,1326,1825,0,0,0,1.0,1,1.0,1,1.0,1,0.13766425345157032,39
1663,2,3153,1327,1826,0,0,0,1.0,1,1.0,1,1.0,1,0.15219236762464738,40
1664,5,3158,1330,1828,0,0,0,1.0,1,1.0,1,1.0,1,0.2616829762153585,39
1665,2,3160,1331,1829,0,0,0,1.0,1,1.0,1,1.0,1,0.2790493813934932,40
1666,7,3167,1332,1835,0,0,0,1.0,1,1.0,1,1.0,1,0.17902698408180404,40
1667,0,3167,1332,1835,0,0,0,1.0,1,1.0,1,1.0,1,0.17902698408180404,40
1668,0,3167,1332,1835,0,0,0,1.0,1,1.0,1,1.0,1,0.17791701088097234,41
1669,0,3167,1332,1835,0,0,0,1.0,1,1.0,1,1.0,1,0.15949418096905782,40
1670,2,3169,1334,1835,0,0,0,1.0,1,1.0,1,1.0,1,0.14372341936034713,40
1671,0,3169,1334,1835,0,0,0,1.0,1,1.0,1,1.0,1,0.16280537188297,41
1672,2,3171,1336,1835,0,0,0,1.0,1,1.0,1,1.0,1,0.21825305953476098,40
1673,1,3172,1337,1835,0,0,0,1.0,1,1.0,1,1.0,1,0.24100601434680677,39
1674,1,3173,1338,1835,0,0,0,1.0,1,1.0,1,1.0,1,0.2770238088050429,40
1675,0,3173,1338,1835,0,0,0,1.0,1,1.0,1,1.0,1,0.2819196526674438,38
1676,0,3173,1338,1835,0,0,0,1.0,1,1.0,1,1.0,1,0.29304508616030867,39
1677,0,3173,1338,1835,0,0,0,1.0,1,1.0,1,1.0,1,0.29339009796323495,39
1678,1,3174,1338,1836,0,0,0,1.0,1,1.0,1,1.0,1,0.2728541230960698,39
1679,2,3176,1339,1837,0,0,0,1.0,1,1.0,1,1.0,1,0.238993639151527,39
1680,3,3179,1340,1839,0,0,0,1.0,1,1.0,1,1.0,1,0.25697480123867544,41
1681,4,3183,1341,1842,0,0,0,1.0,1,1.0,1,1.0,1,0.14342167936406214,41
1682,1,3184,1341,1843,0,0,0,1.0,1,1.0,1,1.0,1,0.16004086834902168,43
1683,8,3192,1343,1849,0,0,0,1.0,1,1.0,1,1.0,1,0.10553748675160579,43
1684,5,3197,1344,1853,0,0,0,1.0,1,1.0,1,1.0,1,0.15732521229355437,42
1685,3,3200,1344,1856,0,0,0,1.0,1,1.0,1,1.0,1,0.18060949806185528,41
1686,4,3204,1346,1858,0,0,0,1.0,1,1.0,1,1.0,1,0.205532757872676,41
1687,4,3208,1349,1859,0,0,0,1.0,1,1.0,1,1.0,1,0.2426784028791658,40
1688,4,3212,1351,1861,0,0,0,1.0,1,1.0,1,1.0,1,0.27214090035006594,39
1689,3,3215,1353,1862,0,0,0,1.0,1,1.0,1,1.0,1,0.3330056980446214,38
1690,3,3218,1353,1865,0,0,0,1.0,1,1.0,1,1.0,1,0.31737779500439145,38
1691,2,3220,1354,1866,0,0,0,1.0,1,1.0,1,1.0,1,0.32353781884612026,36
1692,3,3223,1355,1868,0,0,0,1.0,1,1.0,1,1.0,1,0.3136408558749819,36
1693,2,3225,1356,1869,0,0,0,1.0,1,1.0,1,1.0,1,0.32739609419006926,35
1694,5,3230,1357,1873,0,0,0,1.0,1,1.0,1,1.0,1,0.3479400972809071,33
1695,3,3233,1357,1876,0,0,0,1.0,1,1.0,1,1.0,1,0.3383986858520646,34
1696,3,3236,1357,1879,0,0,0,1.0,1,1.0,1,1.0,1,0.27506364488256285,35
1697,0,3236,1357,1879,0,0,0,1.0,1,1.0,1,1.0,1,0.2669449938854341,36
1698,4,3240,1360,1880,0,0,0,1.0,1,1.0,1,1.0,1,0.28843714810270266,38
1699,3,3243,1361,1882,0,0,0,1.0,1,1.0,1,1.0,1,0.2717418574165824,38
1700,0,3243,1361,1882,0,0,0,1.0,1,1.0,1,1.0,1,0.28403924748028775,39
1701,0,3243,1361,1882,0,0,0,1.0,1,1.0,1,1.0,1,0.2807501169489505,40
1702,3,3246,1362,1884,0,0,0,1.0,1,1.0,1,1.0,1,0.3246689263452702,41
1703,2,3248,1363,1885,0,0,0,1.0,1,1.0,1,1.0,1,0.3438428821119835,41
1704,2,3250,1365,1885,0,0,0,1.0,1,1.0,1,1.0,1,0.34167903903614655,41
1705,1,3251,1366,1885,0,0,0,1.0,1,1.0,1,1.0,1,0.3369004434051713,40
1706,3,3254,1367,1887,0,0,0,1.0,1,1.0,1,1.0,1,0.3410945190176109,40
1707,3,3257,1368,1889,0,0,0,1.0,1,1.0,1,1.0,1,0.3136747700502941,39
1708,3,3260,1370,1890,0,0,0,1.0,1,1.0,1,1.0,1,0.29892157499769245,39
1709,0,3260,1370,1890,0,0,0,1.0,1,1.0,1,1.0,1,0.2970798857370021,38
1710,8,3268,1373,1895,0,0,0,1.0,1,1.0,1,1.0,1,0.23149016938991548,39
1711,2,3270,1374,1896,0,0,0,1.0,1,1.0,1,1.0,1,0.2617462175532052,38
1712,0,3270,1374,1896,0,0,0,1.0,1,1.0,1,1.0,1,0.2617462175532052,38
1713,0,3270,1374,1896,0,0,0,1.0,1,1.0,1,1.0,1,0.28773706193070653,37
1714,0,3270,1374,1896,0,0,0,1.0,1,1.0,1,1.0,1,0.2781449793685714,38
1715,3,3273,1375,1898,0,0,0,1.0,1,1.0,1,1.0,1,0.2435086229478057,40
1716,1,3274,1376,1898,0,0,0,1.0,1,1.0,1,1.0,1,0.2627193302708012,39
1717,1,3275,1377,1898,0,0,0,1.0,1,1.0,1,1.0,1,0.2686136619271002,38
1718,0,3275,1377,1898,0,0,0,1.0,1,1.0,1,1.0,1,0.3012442032713438,38
1719,0,3275,1377,1898,0,0,0,1.0,1,1.0,1,1.0,1,0.3012442032713438,38
1720,0,3275,1377,1898,0,0,0,1.0,1,1.0,1,1.0,1,0.3021504647052429,41
1721,1,3276,1377,1899,0,0,0,1.0,1,1.0,1,1.0,1,0.23077616450512628,39
1722,0,3276,1377,1899,0,0,0,1.0,1,1.0,1,1.0,1,0.22130700514521293,40
1723,1,3277,1378,1899,0,0,0,1.0,1,1.0,1,1.0,1,0.21141142758573708,38
1724,0,3277,1378,1899,0,0,0,1.0,1,1.0,1,1.0,1,0.26269048081344165,37
1725,1,3278,1378,1900,0,0,0,1.0,1,1.0,1,1.0,1,0.2792969520126572,38
1726,3,3281,1378,1903,0,0,0,1.0,1,1.0,1,1.0,1,0.26485601468179765,37
1727,1,3282,1378,1904,0,0,0,1.0,1,1.0,1,1.0,1,0.2505747615775873,37
1728,0,3282,1378,1904,0,0,0,1.0,1,1.0,1,1.0,1,0.23989220521103627,35
1729,0,3282,1378,1904,0,0,0,1.0,1,1.0,1,1.0,1,0.23917151957595625,37
1730,1,3283,1379,1904,0,0,0,1.0,1,1.0,1,1.0,1,0.3117037298644299,37
1731,1,3284,1379,1905,0,0,0,1.0,1,1.0,1,1.0,1,0.2967379754077275,37
1732,2,3286,1379,1907,0,0,0,1.0,1,1.0,1,1.0,1,0.3263567649632933,37
1733,1,3287,1380,1907,0,0,0,1.0,1,1.0,1,1.0,1,0.33720266412733313,36
1734,1,3288,1380,1908,0,0,0,1.0,1,1.0,1,1.0,1,0.34843429647849256,35
1735,2,3290,1382,1908,0,0,0,1.0,1,1.0,1,1.0,1,0.34139868479654495,34
1736,1,3291,1382,1909,0,0,0,1.0,1,1.0,1,1.0,1,0.3334879479432406,35
1737,4,3295,1384,1911,0,0,0,1.0,1,1.0,1,1.0,1,0.31179710451471404,36
1738,0,3295,1384,1911,0,0,0,1.0,1,1.0,1,1.0,1,0.3268292119343616,37
1739,2,3297,1386,1911,0,0,0,1.0,1,1.0,1,1.0,1,0.303432164068756,38
1740,0,3297,1386,1911,0,0,0,1.0,1,1.0,1,1.0,1,0.31894015512969487,37
1741,3,3300,1386,1914,0,0,0,1.0,1,1.0,1,1.0,1,0.26558570668870934,38
1742,2,3302,1388,1914,0,0,0,1.0,1,1.0,1,1.0,1,0.2811664594652656,39
1743,2,3304,1390,1914,0,0,0,1.0,1,1.0,1,1.0,1,0.2682268590883317,37
1744,4,3308,1393,1915,0,0,0,1.0,1,1.0,1,1.0,1,0.2828973626219964,38
1745,3,3311,1394,1917,0,0,0,1.0,1,1.0,1,1.0,1,0.27572848082045254,37
1746,1,3312,1395,1917,0,0,0,1.0,1,1.0,1,1.0,1,0.28401159228108064,38
1747,2,3314,1395,1919,0,0,0,1.0,1,1.0,1,1.0,1,0.2510626393136294,38
1748,1,3315,1396,1919,0,0,0,1.0,1,1.0,1,1.0,1,0.26776702802020097,38
1749,0,3315,1396,1919,0,0,0,1.0,1,1.0,1,1.0,1,0.28302745342446345,37
1750,2,3317,1396,1921,0,0,0,1.0,1,1.0,1,1.0,1,0.2658813995569075,39
1751,0,3317,1396,1921,0,0,0,1.0,1,1.0,1,1.0,1,0.25780149801264185,38
1752,0,3317,1396,1921,0,0,0,1.0,1,1.0,1,1.0,1,0.2573616346305256,39
1753,0,3317,1396,1921,0,0,0,1.0,1,1.0,1,1.0,1,0.24788649743982025,40
1754,1,3318,1397,1921,0,0,0,1.0,1,1.0,1,1.0,1,0.26754188878079427,41
1755,2,3320,1397,1923,0,0,0,1.0,1,1.0,1,1.0,1,0.27469360109363483,41
1756,5,3325,1398,1927,0,0,0,1.0,1,1.0,1,1.0,1,0.20350854496377305,42
1757,1,3326,1398,1928,0,0,0,1.0,1,1.0,1,1.0,1,0.2224629857010636,42
1758,2,3328,1400,1928,0,0,0,1.0,1,1.0,1,1.0,1,0.25736699033487265,42
1759,4,3332,1401,1931,0,0,0,1.0,1,1.0,1,1.0,1,0.33795724587244325,39
1760,5,3337,1402,1935,0,0,0,1.0,1,1.0,1,1.0,1,0.41832866540719027,39
1761,5,3342,1404,1938,0,0,0,1.0,1,1.0,1,1.0,1,0.3738213685724258,38
1762,7,3349,1406,1943,0,0,0,1.0,1,1.0,1,1.0,1,0.3438268290711783,37
1763,4,3353,1406,1947,0,0,0,1.0,1,1.0,1,1.0,1,0.34788679844413656,37
1764,7,3360,1407,1953,0,0,0,1.0,1,1.0,1,1.0,1,0.34024697114917085,36
1765,7,3367,1409,1958,0,0,0,1.0,1,1.0,1,1.0,1,0.3371810451084964,37
1766,2,3369,1409,1960,0,0,0,1.0,1,1.0,1,1.0,1,0.29458778364502214,36
1767,1,3370,1409,1961,0,0,0,1.0,1,1.0,1,1.0,1,0.2834138343005413,36
1768,1,3371,1409,1962,0,0,0,1.0,1,1.0,1,1.0,1,0.29458778364502214,36
1769,2,3373,1410,1963,0,0,0,1.0,1,1.0,1,1.0,1,0.280925905797344,38
1770,2,3375,1411,1964,0,0,0,1.0,1,1.0,1,1.0,1,0.3141832396836187,38
1771,3,3378,1411,1967,0,0,0,1.0,1,1.0,1,1.0,1,0.2259983791582914,38
1772,0,3378,1411,1967,0,0,0,1.0,1,1.0,1,1.0,1,0.2075887756609685,40
1773,1,3379,1412,1967,0,0,0,1.0,1,1.0,1,1.0,1,0.24583926533966913,40
1774,2,3381,1412,1969,0,0,0,1.0,1,1.0,1,1.0,1,0.22282111683553107,40
1775,0,3381,1412,1969,0,0,0,1.0,1,1.0,1,1.0,1,0.2335000850597667,41
1776,0,3381,1412,1969,0,0,0,1.0,1,1.0,1,1.0,1,0.2257459319063764,43
1777,2,3383,1412,1971,0,0,0,1.0,1,1.0,1,1.0,1,0.21716825446683904,44
1778,2,3385,1414,1971,0,0,0,1.0,1,1.0,1,1.0,1,0.22161061530910436,44
1779,0,3385,1414,1971,0,0,0,1.0,1,1.0,1,1.0,1,0.22161061530910436,44
1780,0,3385,1414,1971,0,0,0,1.0,1,1.0,1,1.0,1,0.23176709866909825,46
1781,1,3386,1414,1972,0,0,0,1.0,1,1.0,1,1.0,1,0.23514422193387216,46
1782,5,3391,1416,1975,0,0,0,1.0,1,1.0,1,1.0,1,0.2299031226536306,45
1783,2,3393,1417,1976,0,0,0,1.0,1,1.0,1,1.0,1,0.2129142555336199,44
1784,1,3394,1418,1976,0,0,0,1.0,1,1.0,1,1.0,1,0.2349192877848019,44
1785,4,3398,1421,1977,0,0,0,1.0,1,1.0,1,1.0,1,0.27987801041202226,42
1786,5,3403,1422,1981,0,0,0,1.0,1,1.0,1,1.0,1,0.2483307238130237,42
1787,1,3404,1422,1982,0,0,0,1.0,1,1.0,1,1.0,1,0.26800673744358877,41
1788,0,3404,1422,1982,0,0,0,1.0,1,1.0,1,1.0,1,0.29528751810427634,41
1789,0,3404,1422,1982,0,0,0,1.0,1,1.0,1,1.0,1,0.29366659649859705,41
1790,3,3407,1423,1984,0,0,0,1.0,1,1.0,1,1.0,1,0.2902968844616684,41
1791,2,3409,1425,1984,0,0,0,1.0,1,1.0,1,1.0,1,0.2967996800706508,41
1792,2,3411,1426,1985,0,0,0,1.0,1,1.0,1,1.0,1,0.28208708279855776,43
1793,4,3415,1428,1987,0,0,0,1.0,1,1.0,1,1.0,1,0.25844702381585816,43
1794,1,3416,1429,1987,0,0,0,1.0,1,1.0,1,1.0,1,0.29684581567397667,41
1795,2,3418,1430,1988,0,0,0,1.0,1,1.0,1,1.0,1,0.27391775496137966,41
1796,4,3422,1431,1991,0,0,0,1.0,1,1.0,1,1.0,1,0.27514640963346737,40
1797,1,3423,1432,1991,0,0,0,1.0,1,1.0,1,1.0,1,0.3091120048639964,38
1798,2,3425,1432,1993,0,0,0,1.0,1,1.0,1,1.0,1,0.2828414314679918,38
1799,1,3426,1433,1993,0,0,0,1.0,1,1.0,1,1.0,1,0.2455797918284947,37
1800,1,3427,1434,1993,0,0,0,1.0,1,1.0,1,1.0,1,0.33040993999659596,35
1801,1,3428,1434,1994,0,0,0,1.0,1,1.0,1,1.0,1,0.3022780050065174,34
1802,2,3430,1434,1996,0,0,0,1.0,1,1.0,1,1.0,1,0.1961791131871015,33
1803,1,3431,1435,1996,0,0,0,1.0,1,1.0,1,1.0,1,0.18615217708140508,33
1804,2,3433,1437,1996,0,0,0,1.0,1,1.0,1,1.0,1,0.25712041641632305,33
1805,2,3435,1437,1998,0,0,0,1.0,1,1.0,1,1.0,1,0.2235263160658808,35
1806,1,3436,1438,1998,0,0,0,1.0,1,1.0,1,1.0,1,0.252940108886592,36
1807,0,3436,1438,1998,0,0,0,1.0,1,1.0,1,1.0,1,0.25766424278752087,35
1808,1,3437,1438,1999,0,0,0,1.0,1,1.0,1,1.0,1,0.21006483054400696,37
1809,0,3437,1438,1999,0,0,0,1.0,1,1.0,1,1.0,1,0.21704933946136512,35
1810,0,3437,1438,1999,0,0,0,1.0,1,1.0,1,1.0,1,0.23126948209816964,36
1811,0,3437,1438,1999,0,0,0,1.0,1,1.0,1,1.0,1,0.28985756881017594,34
1812,1,3438,1439,1999,0,0,0,1.0,1,1.0,1,1.0,1,0.3027458603184227,36
1813,1,3439,1439,2000,0,0,0,1.0,1,1.0,1,1.0,1,0.34086166662445583,35
1814,1,3440,1440,2000,0,0,0,1.0,1,1.0,1,1.0,1,0.3326529100877797,36
1815,3,3443,1440,2003,0,0,0,1.0,1,1.0,1,1.0,1,0.31062376165462374,35
1816,4,3447,1440,2007,0,0,0,1.0,1,1.0,1,1.0,1,0.21464196786219664,35
1817,1,3448,1441,2007,0,0,0,1.0,1,1.0,1,1.0,1,0.20835267717721553,35
1818,4,3452,1443,2009,0,0,0,1.0,1,1.0,1,1.0,1,0.1313792883081704,36
1819,1,3453,1444,2009,0,0,0,1.0,1,1.0,1,1.0,1,0.14663409483575893,37
1820,1,3454,1444,2010,0,0,0,1.0,1,1.0,1,1.0,1,0.10398120167570889,37
1821,1,3455,1445,2010,0,0,0,1.0,1,1.0,1,1.0,1,0.10545978866247326,38
1822,2,3457,1447,2010,0,0,0,1.0,1,1.0,1,1.0,1,0.15927527431590463,37
1823,4,3461,1450,2011,0,0,0,1.0,1,1.0,1,1.0,1,0.2025990133249642,36
1824,4,3465,1454,2011,0,0,0,1.0,1,1.0,1,1.0,1,0.282208668359949,36
1825,1,3466,1455,2011,0,0,0,1.0,1,1.0,1,1.0,1,0.26270250421833347,34
1826,2,3468,1456,2012,0,0,0,1.0,1,1.0,1,1.0,1,0.20802231281102887,35
1827,1,3469,1457,2012,0,0,0,1.0,1,1.0,1,1.0,1,0.20234643439314529,34
1828,2,3471,1459,2012,0,0,0,1.0,1,1.0,1,1.0,1,0.23077796222707286,33
1829,1,3472,1460,2012,0,0,0,1.0,1,1.0,1,1.0,1,0.22021443953333678,31
1830,0,3472,1460,2012,0,0,0,1.0,1,1.0,1,1.0,1,0.22180572716204636,31
1831,2,3474,1461,2013,0,0,0,1.0,1,1.0,1,1.0,1,0.202998480931106,30
1832,0,3474,1461,2013,0,0,0,1.0,1,1.0,1,1.0,1,0.19884399625961752,29
1833,3,3477,1463,2014,0,0,0,1.0,1,1.0,1,1.0,1,0.24751448757578218,28
1834,1,3478,1463,2015,0,0,0,1.0,1,1.0,1,1.0,1,0.21910139196637513,27
1835,3,3481,1466,2015,0,0,0,1.0,1,1.0,1,1.0,1,0.2796636154348054,26
1836,1,3482,1467,2015,0,0,0,1.0,1,1.0,1,1.0,1,0.3229024350215163,26
1837,1,3483,1468,2015,0,0,0,1.0,1,1.0,1,1.0,1,0.4273194482069668,25
1838,2,3485,1468,2017,0,0,0,1.0,1,1.0,1,1.0,1,0.3537611605614781,25
1839,0,3485,1468,2017,0,0,0,1.0,1,1.0,1,1.0,1,0.40322111479214595,24
1840,1,3486,1469,2017,0,0,0,1.0,1,1.0,1,1.0,1,0.48096824869340726,23
1841,0,3486,1469,2017,0,0,0,1.0,1,1.0,1,1.0,1,0.46486291122923185,22
1842,2,3488,1470,2018,0,0,0,1.0,1,1.0,1,1.0,1,0.4600544833151546,23
1843,1,3489,1471,2018,0,0,0,1.0,1,1.0,1,1.0,1,0.43761006293660015,23
1844,0,3489,1471,2018,0,0,0,1.0,1,1.0,1,1.0,1,0.43761006293660015,23
1845,2,3491,1473,2018,0,0,0,1.0,1,1.0,1,1.0,1,0.4522547804604085,23
1846,6,3497,1474,2023,0,0,0,1.0,1,1.0,1,1.0,1,0.2800012072484879,23
1847,0,3497,1474,2023,0,0,0,1.0,1,1.0,1,1.0,1,0.3028032974784875,24
1848,0,3497,1474,2023,0,0,0,1.0,1,1.0,1,1.0,1,0.3028032974784875,24
1849,0,3497,1474,2023,0,0,0,1.0,1,1.0,1,1.0,1,0.32779791782193873,25
1850,0,3497,1474,2023,0,0,0,1.0,1,1.0,1,1.0,1,0.32779791782193873,25
1851,0,3497,1474,2023,0,0,0,1.0,1,1.0,1,1.0,1,0.32779791782193873,25
1852,0,3497,1474,2023,0,0,0,1.0,1,1.0,1,1.0,1,0.32779791782193873,25
1853,0,3497,1474,2023,0,0,0,1.0,1,1.0,1,1.0,1,0.35828851221062824,25
1854,0,3497,1474,2023,0,0,0,1.0,1,1.0,1,1.0,1,0.35828851221062824,25
1855,3,3500,1474,2026,0,0,0,1.0,1,1.0,1,1.0,1,0.3208241593960431,26
1856,1,3501,1474,2027,0,0,0,1.0,1,1.0,1,1.0,1,0.3288987560105264,27
1857,2,3503,1474,2029,0,0,0,1.0,1,1.0,1,1.0,1,0.3060907409647614,28
1858,1,3504,1475,2029,0,0,0,1.0,1,1.0,1,1.0,1,0.3081954075296217,28
1859,2,3506,1477,2029,0,0,0,1.0,1,1.0,1,1.0,1,0.36865774701619636,28
1860,1,3507,1477,2030,0,0,0,1.0,1,1.0,1,1.0,1,0.3719949968513156,28
1861,4,3511,1477,2034,0,0,0,1.0,1,1.0,1,1.0,1,0.2760314880200607,28
1862,0,3511,1477,2034,0,0,0,1.0,1,1.0,1,1.0,1,0.2760314880200607,28
1863,2,3513,1478,2035,0,0,0,1.0,1,1.0,1,1.0,1,0.29546436982015467,29
1864,1,3514,1479,2035,0,0,0,1.0,1,1.0,1,1.0,1,0.28592287263021526,27
1865,0,3514,1479,2035,0,0,0,1.0,1,1.0,1,1.0,1,0.33271999028219196,26
1866,1,3515,1480,2035,0,0,0,1.0,1,1.0,1,1.0,1,0.35946896321838917,26
1867,1,3516,1480,2036,0,0,0,1.0,1,1.0,1,1.0,1,0.3740753702034511,26
1868,2,3518,1480,2038,0,0,0,1.0,1,1.0,1,1.0,1,0.3740753702034511,26
1869,1,3519,1480,2039,0,0,0,1.0,1,1.0,1,1.0,1,0.35946896321838917,26
1870,2,3521,1480,2041,0,0,0,1.0,1,1.0,1,1.0,1,0.38981041180905807,27
1871,3,3524,1480,2044,0,0,0,1.0,1,1.0,1,1.0,1,0.33805145608836557,27
1872,1,3525,1480,2045,0,0,0,1.0,1,1.0,1,1.0,1,0.35425888267366723,25
1873,0,3525,1480,2045,0,0,0,1.0,1,1.0,1,1.0,1,0.35425888267366723,25
1874,0,3525,1480,2045,0,0,0,1.0,1,1.0,1,1.0,1,0.38617139661980515,25
1875,1,3526,1480,2046,0,0,0,1.0,1,1.0,1,1.0,1,0.3554274324188416,25
1876,1,3527,1480,2047,0,0,0,1.0,1,1.0,1,1.0,1,0.325997133354878,26
1877,1,3528,1480,2048,0,0,0,1.0,1,1.0,1,1.0,1,0.2757537540053361,27
1878,1,3529,1481,2048,0,0,0,1.0,1,1.0,1,1.0,1,0.2865844880961864,28
1879,1,3530,1481,2049,0,0,0,1.0,1,1.0,1,1.0,1,0.24319781592369918,29
1880,0,3530,1481,2049,0,0,0,1.0,1,1.0,1,1.0,1,0.24319781592369918,29
1881,1,3531,1482,2049,0,0,0,1.0,1,1.0,1,1.0,1,0.29565570598214375,29
1882,0,3531,1482,2049,0,0,0,1.0,1,1.0,1,1.0,1,0.2806611769530424,28
1883,0,3531,1482,2049,0,0,0,1.0,1,1.0,1,1.0,1,0.2806611769530424,28
1884,1,3532,1483,2049,0,0,0,1.0,1,1.0,1,1.0,1,0.26844007124165914,28
1885,0,3532,1483,2049,0,0,0,1.0,1,1.0,1,1.0,1,0.26844007124165914,28
1886,0,3532,1483,2049,0,0,0,1.0,1,1.0,1,1.0,1,0.2803745225622831,29
1887,0,3532,1483,2049,0,0,0,1.0,1,1.0,1,1.0,1,0.2803745225622831,29
1888,0,3532,1483,2049,0,0,0,1.0,1,1.0,1,1.0,1,0.31742872693170177,31
1889,0,3532,1483,2049,0,0,0,1.0,1,1.0,1,1.0,1,0.31742872693170177,31
1890,1,3533,1484,2049,0,0,0,1.0,1,1.0,1,1.0,1,0.3373946360914439,31
1891,1,3534,1484,2050,0,0,0,1.0,1,1.0,1,1.0,1,0.3384963049267573,32
1892,0,3534,1484,2050,0,0,0,1.0,1,1.0,1,1.0,1,0.3384963049267573,32
1893,0,3534,1484,2050,0,0,0,1.0,1,1.0,1,1.0,1,0.3384963049267573,32
1894,0,3534,1484,2050,0,0,0,1.0,1,1.0,1,1.0,1,0.32238415740311455,33
1895,2,3536,1485,2051,0,0,0,1.0,1,1.0,1,1.0,1,0.30174745273495207,35
1896,0,3536,1485,2051,0,0,0,1.0,1,1.0,1,1.0,1,0.3228967058833735,34
1897,0,3536,1485,2051,0,0,0,1.0,1,1.0,1,1.0,1,0.3228967058833735,34
1898,0,3536,1485,2051,0,0,0,1.0,1,1.0,1,1.0,1,0.3228967058833735,34
1899,0,3536,1485,2051,0,0,0,1.0,1,1.0,1,1.0,1,0.3228967058833735,34
1900,1,3537,1485,2052,0,0,0,1.0,1,1.0,1,1.0,1,0.3245846315326911,35
1901,0,3537,1485,2052,0,0,0,1.0,1,1.0,1,1.0,1,0.3245846315326911,35
1902,2,3539,1486,2053,0,0,0,1.0,1,1.0,1,1.0,1,0.3520333352864634,35
1903,0,3539,1486,2053,0,0,0,1.0,1,1.0,1,1.0,1,0.3520333352864634,35
1904,0,3539,1486,2053,0,0,0,1.0,1,1.0,1,1.0,1,0.3520333352864634,35
1905,0,3539,1486,2053,0,0,0,1.0,1,1.0,1,1.0,1,0.32918427697247005,37
1906,1,3540,1486,2054,0,0,0,1.0,1,1.0,1,1.0,1,0.29027640033968344,37
1907,0,3540,1486,2054,0,0,0,1.0,1,1.0,1,1.0,1,0.296827745263375,39
1908,2,3542,1486,2056,0,0,0,1.0,1,1.0,1,1.0,1,0.28835682076982116,39
1909,3,3545,1486,2059,0,0,0,1.0,1,1.0,1,1.0,1,0.21386893615075434,41
1910,0,3545,1486,2059,0,0,0,1.0,1,1.0,1,1.0,1,0.21386893615075434,41
1911,0,3545,1486,2059,0,0,0,1.0,1,1.0,1,1.0,1,0.24802189606182629,40
1912,1,3546,1487,2059,0,0,0,1.0,1,1.0,1,1.0,1,0.2307603275036954,39
1913,3,3549,1488,2061,0,0,0,1.0,1,1.0,1,1.0,1,0.2564823393555517,40
1914,1,3550,1488,2062,0,0,0,1.0,1,1.0,1,1.0,1,0.23261813349390562,41
1915,3,3553,1490,2063,0,0,0,1.0,1,1.0,1,1.0,1,0.2522741090884051,42
1916,2,3555,1491,2064,0,0,0,1.0,1,1.0,1,1.0,1,0.2644175674805654,42
1917,2,3557,1492,2065,0,0,0,1.0,1,1.0,1,1.0,1,0.26424599329815235,41
1918,1,3558,1493,2065,0,0,0,1.0,1,1.0,1,1.0,1,0.2795295966075686,38
1919,0,3558,1493,2065,0,0,0,1.0,1,1.0,1,1.0,1,0.31400665445003034,38
1920,1,3559,1493,2066,0,0,0,1.0,1,1.0,1,1.0,1,0.3063843177771907,38
1921,2,3561,1493,2068,0,0,0,1.0,1,1.0,1,1.0,1,0.23433641932049604,39
1922,0,3561,1493,2068,0,0,0,1.0,1,1.0,1,1.0,1,0.22124931423150734,40
1923,1,3562,1494,2068,0,0,0,1.0,1,1.0,1,1.0,1,0.21229739513803414,41
1924,3,3565,1497,2068,0,0,0,1.0,1,1.0,1,1.0,1,0.2914872318858366,41
1925,2,3567,1497,2070,0,0,0,1.0,1,1.0,1,1.0,1,0.2615984090141953,41
1926,1,3568,1497,2071,0,0,0,1.0,1,1.0,1,1.0,1,0.2575472125764538,41
1927,0,3568,1497,2071,0,0,0,1.0,1,1.0,1,1.0,1,0.2575472125764538,41
1928,1,3569,1498,2071,0,0,0,1.0,1,1.0,1,1.0,1,0.2539223436345158,42
1929,0,3569,1498,2071,0,0,0,1.0,1,1.0,1,1.0,1,0.2566757653235533,41
1930,0,3569,1498,2071,0,0,0,1.0,1,1.0,1,1.0,1,0.2566757653235533,41
1931,0,3569,1498,2071,0,0,0,1.0,1,1.0,1,1.0,1,0.2566757653235533,41
1932,0,3569,1498,2071,0,0,0,1.0,1,1.0,1,1.0,1,0.2566757653235533,41
1933,1,3570,1499,2071,0,0,0,1.0,1,1.0,1,1.0,1,0.29470731433087316,43
1934,0,3570,1499,2071,0,0,0,1.0,1,1.0,1,1.0,1,0.30199645675584763,44
1935,0,3570,1499,2071,0,0,0,1.0,1,1.0,1,1.0,1,0.28790311576205285,45
1936,7,3577,1499,2078,0,0,0,1.0,1,1.0,1,1.0,1,0.17948066962509301,48
1937,2,3579,1501,2078,0,0,0,1.0,1,1.0,1,1.0,1,0.21296802385333952,48
1938,0,3579,1501,2078,0,0,0,1.0,1,1.0,1,1.0,1,0.21296802385333952,48
1939,0,3579,1501,2078,0,0,0,1.0,1,1.0,1,1.0,1,0.21296802385333952,48
1940,0,3579,1501,2078,0,0,0,1.0,1,1.0,1,1.0,1,0.21296802385333952,48
1941,3,3582,1502,2080,0,0,0,1.0,1,1.0,1,1.0,1,0.2280731256957402,48
1942,5,3587,1504,2083,0,0,0,1.0,1,1.0,1,1.0,1,0.26702656781712836,49
1943,1,3588,1505,2083,0,0,0,1.0,1,1.0,1,1.0,1,0.2530887037283373,48
1944,4,3592,1509,2083,0,0,0,1.0,1,1.0,1,1.0,1,0.3263281780648551,47
1945,5,3597,1511,2086,0,0,0,1.0,1,1.0,1,1.0,1,0.27480724578751875,46
1946,0,3597,1511,2086,0,0,0,1.0,1,1.0,1,1.0,1,0.28459584224825724,46
1947,5,3602,1514,2088,0,0,0,1.0,1,1.0,1,1.0,1,0.39167279732694743,45
1948,3,3605,1515,2090,0,0,0,1.0,1,1.0,1,1.0,1,0.3707675262669731,46
1949,3,3608,1517,2091,0,0,0,1.0,1,1.0,1,1.0,1,0.426084341713066,42
1950,1,3609,1517,2092,0,0,0,1.0,1,1.0,1,1.0,1,0.39807973169779426,40
1951,5,3614,1519,2095,0,0,0,1.0,1,1.0,1,1.0,1,0.3646997205816931,39
1952,1,3615,1520,2095,0,0,0,1.0,1,1.0,1,1.0,1,0.3765427207379838,35
1953,1,3616,1521,2095,0,0,0,1.0,1,1.0,1,1.0,1,0.35810093256969866,36
1954,2,3618,1522,2096,0,0,0,1.0,1,1.0,1,1.0,1,0.38124223756576525,34
1955,0,3618,1522,2096,0,0,0,1.0,1,1.0,1,1.0,1,0.39018230361197787,35
1956,5,3623,1523,2100,0,0,0,1.0,1,1.0,1,1.0,1,0.34907760326971654,37
1957,1,3624,1523,2101,0,0,0,1.0,1,1.0,1,1.0,1,0.3337110377782348,37
1958,0,3624,1523,2101,0,0,0,1.0,1,1.0,1,1.0,1,0.3182893500809349,39
1959,0,3624,1523,2101,0,0,0,1.0,1,1.0,1,1.0,1,0.3292041889394087,41
1960,2,3626,1525,2101,0,0,0,1.0,1,1.0,1,1.0,1,0.3853664363323663,40
1961,3,3629,1526,2103,0,0,0,1.0,1,1.0,1,1.0,1,0.33159133834331844,41
1962,0,3629,1526,2103,0,0,0,1.0,1,1.0,1,1.0,1,0.3565152041507892,40
1963,3,3632,1526,2106,0,0,0,1.0,1,1.0,1,1.0,1,0.30620416593007393,41
1964,0,3632,1526,2106,0,0,0,1.0,1,1.0,1,1.0,1,0.3139936842712251,40
1965,1,3633,1526,2107,0,0,0,1.0,1,1.0,1,1.0,1,0.28838566380784025,41
1966,2,3635,1526,2109,0,0,0,1.0,1,1.0,1,1.0,1,0.2682722441006359,41
1967,1,3636,1527,2109,0,0,0,1.0,1,1.0,1,1.0,1,0.28499429227665657,42
1968,0,3636,1527,2109,0,0,0,1.0,1,1.0,1,1.0,1,0.29285481334822383,42
1969,1,3637,1528,2109,0,0,0,1.0,1,1.0,1,1.0,1,0.28590277642779427,43
1970,0,3637,1528,2109,0,0,0,1.0,1,1.0,1,1.0,1,0.30164561711621896,42
1971,1,3638,1528,2110,0,0,0,1.0,1,1.0,1,1.0,1,0.2990925825408475,42
1972,0,3638,1528,2110,0,0,0,1.0,1,1.0,1,1.0,1,0.2990925825408475,42
1973,1,3639,1528,2111,0,0,0,1.0,1,1.0,1,1.0,1,0.3023368327206804,43
1974,2,3641,1528,2113,0,0,0,1.0,1,1.0,1,1.0,1,0.30624537660512785,43
1975,0,3641,1528,2113,0,0,0,1.0,1,1.0,1,1.0,1,0.30624537660512785,43
1976,2,3643,1530,2113,0,0,0,1.0,1,1.0,1,1.0,1,0.2960021560903652,43
1977,5,3648,1530,2118,0,0,0,1.0,1,1.0,1,1.0,1,0.2877259354055244,48
1978,5,3653,1534,2119,0,0,0,1.0,1,1.0,1,1.0,1,0.2723628449688814,48
1979,2,3655,1534,2121,0,0,0,1.0,1,1.0,1,1.0,1,0.268217613019642,49
1980,0,3655,1534,2121,0,0,0,1.0,1,1.0,1,1.0,1,0.2735672121023613,50
1981,1,3656,1534,2122,0,0,0,1.0,1,1.0,1,1.0,1,0.26542242254194565,50
1982,3,3659,1536,2123,0,0,0,1.0,1,1.0,1,1.0,1,0.24197568917721085,50
1983,0,3659,1536,2123,0,0,0,1.0,1,1.0,1,1.0,1,0.2517534100624205,49
1984,2,3661,1538,2123,0,0,0,1.0,1,1.0,1,1.0,1,0.26398074192068055,48
1985,1,3662,1539,2123,0,0,0,1.0,1,1.0,1,1.0,1,0.28396839020990655,46
1986,2,3664,1541,2123,0,0,0,1.0,1,1.0,1,1.0,1,0.28989575614789015,46
1987,2,3666,1542,2124,0,0,0,1.0,1,1.0,1,1.0,1,0.23653679978815478,42
1988,0,3666,1542,2124,0,0,0,1.0,1,1.0,1,1.0,1,0.258231366961213,40
1989,3,3669,1545,2124,0,0,0,1.0,1,1.0,1,1.0,1,0.2943491167896287,38
1990,2,3671,1545,2126,0,0,0,1.0,1,1.0,1,1.0,1,0.2566547576863082,38
1991,1,3672,1546,2126,0,0,0,1.0,1,1.0,1,1.0,1,0.27558366339083024,38
1992,1,3673,1547,2126,0,0,0,1.0,1,1.0,1,1.0,1,0.3106634117045027,39
1993,3,3676,1550,2126,0,0,0,1.0,1,1.0,1,1.0,1,0.4115691254037914,38
1994,2,3678,1552,2126,0,0,0,1.0,1,1.0,1,1.0,1,0.3722664039178334,37
1995,1,3679,1552,2127,0,0,0,1.0,1,1.0,1,1.0,1,0.4010647976740144,37
1996,3,3682,1553,2129,0,0,0,1.0,1,1.0,1,1.0,1,0.3397980144807079,37
1997,1,3683,1554,2129,0,0,0,1.0,1,1.0,1,1.0,1,0.33470739085606177,35
1998,0,3683,1554,2129,0,0,0,1.0,1,1.0,1,1.0,1,0.35496339220397183,34
1999,2,3685,1556,2129,0,0,0,1.0,1,1.0,1,1.0,1,0.37348086158412663,35
2000,1,3686,1556,2130,0,0,0,1.0,1,1.0,1,1.0,1,0.40411639746439665,34
2001,1,3687,1556,2131,0,0,0,1.0,1,1.0,1,1.0,1,0.39808551103570056,35
2002,2,3689,1556,2133,0,0,0,1.0,1,1.0,1,1.0,1,0.35035966527407025,36
2003,2,3691,1556,2135,0,0,0,1.0,1,1.0,1,1.0,1,0.33753202050605624,37
2004,4,3695,1558,2137,0,0,0,1.0,1,1.0,1,1.0,1,0.33001900068804435,38
2005,2,3697,1559,2138,0,0,0,1.0,1,1.0,1,1.0,1,0.3338320639117285,38
2006,0,3697,1559,2138,0,0,0,1.0,1,1.0,1,1.0,1,0.3338320639117285,38
2007,2,3699,1560,2139,0,0,0,1.0,1,1.0,1,1.0,1,0.29617483322066823,40
2008,1,3700,1561,2139,0,0,0,1.0,1,1.0,1,1.0,1,0.28310260053758396,40
2009,2,3702,1563,2139,0,0,0,1.0,1,1.0,1,1.0,1,0.28018777763750136,41
2010,0,3702,1563,2139,0,0,0,1.0,1,1.0,1,1.0,1,0.28018777763750136,41
2011,2,3704,1563,2141,0,0,0,1.0,1,1.0,1,1.0,1,0.2558139843898708,41
2012,1,3705,1564,2141,0,0,0,1.0,1,1.0,1,1.0,1,0.2720496118857358,41
2013,3,3708,1564,2144,0,0,0,1.0,1,1.0,1,1.0,1,0.22312101958800312,43
2014,0,3708,1564,2144,0,0,0,1.0,1,1.0,1,1.0,1,0.24165756079237183,43
2015,0,3708,1564,2144,0,0,0,1.0,1,1.0,1,1.0,1,0.24165756079237183,43
2016,1,3709,1564,2145,0,0,0,1.0,1,1.0,1,1.0,1,0.23710471566458513,44
2017,3,3712,1564,2148,0,0,0,1.0,1,1.0,1,1.0,1,0.19713473484865301,45
2018,2,3714,1566,2148,0,0,0,1.0,1,1.0,1,1.0,1,0.21109952090790673,46
2019,0,3714,1566,2148,0,0,0,1.0,1,1.0,1,1.0,1,0.1924413056761663,47
2020,0,3714,1566,2148,0,0,0,1.0,1,1.0,1,1.0,1,0.1924413056761663,47
2021,1,3715,1567,2148,0,0,0,1.0,1,1.0,1,1.0,1,0.19789371381085613,47
2022,3,3718,1568,2150,0,0,0,1.0,1,1.0,1,1.0,1,0.21484670834151165,48
2023,3,3721,1570,2151,0,0,0,1.0,1,1.0,1,1.0,1,0.21243730030426558,48
2024,4,3725,1574,2151,0,0,0,1.0,1,1.0,1,1.0,1,0.24846653826276582,45
2025,2,3727,1576,2151,0,0,0,1.0,1,1.0,1,1.0,1,0.29196225971937695,42
2026,9,3736,1579,2157,0,0,0,1.0,1,1.0,1,1.0,1,0.20857590662585565,44
2027,2,3738,1581,2157,0,0,0,1.0,1,1.0,1,1.0,1,0.22533458812569082,40
2028,1,3739,1581,2158,0,0,0,1.0,1,1.0,1,1.0,1,0.2820046040182117,39
2029,1,3740,1581,2159,0,0,0,1.0,1,1.0,1,1.0,1,0.26915300540919085,37
2030,3,3743,1582,2161,0,0,0,1.0,1,1.0,1,1.0,1,0.3166441334107987,34
2031,2,3745,1582,2163,0,0,0,1.0,1,1.0,1,1.0,1,0.33253954489788706,35
2032,1,3746,1582,2164,0,0,0,1.0,1,1.0,1,1.0,1,0.3701625244458473,34
2033,6,3752,1586,2166,0,0,0,1.0,1,1.0,1,1.0,1,0.36283059593798694,36
2034,3,3755,1586,2169,0,0,0,1.0,1,1.0,1,1.0,1,0.39512057635696335,34
2035,3,3758,1587,2171,0,0,0,1.0,1,1.0,1,1.0,1,0.3269969372416946,35
2036,4,3762,1588,2174,0,0,0,1.0,1,1.0,1,1.0,1,0.317191884248224,34
2037,0,3762,1588,2174,0,0,0,1.0,1,1.0,1,1.0,1,0.31694299705849727,35
2038,0,3762,1588,2174,0,0,0,1.0,1,1.0,1,1.0,1,0.3014820529106475,36
2039,0,3762,1588,2174,0,0,0,1.0,1,1.0,1,1.0,1,0.3098093643089698,38
2040,1,3763,1588,2175,0,0,0,1.0,1,1.0,1,1.0,1,0.315675797173937,38
2041,5,3768,1588,2180,0,0,0,1.0,1,1.0,1,1.0,1,0.1785770259354439,39
2042,1,3769,1588,2181,0,0,0,1.0,1,1.0,1,1.0,1,0.15224466127743205,39
2043,0,3769,1588,2181,0,0,0,1.0,1,1.0,1,1.0,1,0.15224466127743205,39
2044,0,3769,1588,2181,0,0,0,1.0,1,1.0,1,1.0,1,0.15224466127743205,39
2045,1,3770,1588,2182,0,0,0,1.0,1,1.0,1,1.0,1,0.1444318701408691,41
2046,0,3770,1588,2182,0,0,0,1.0,1,1.0,1,1.0,1,0.16686128029522265,42
2047,0,3770,1588,2182,0,0,0,1.0,1,1.0,1,1.0,1,0.16686128029522265,42
2048,2,3772,1589,2183,0,0,0,1.0,1,1.0,1,1.0,1,0.16892132224117168,43
2049,1,3773,1590,2183,0,0,0,1.0,1,1.0,1,1.0,1,0.21095124944321836,44
2050,1,3774,1590,2184,0,0,0,1.0,1,1.0,1,1.0,1,0.2046135778427004,44
2051,2,3776,1591,2185,0,0,0,1.0,1,1.0,1,1.0,1,0.24315639095259217,45
2052,0,3776,1591,2185,0,0,0,1.0,1,1.0,1,1.0,1,0.24315639095259217,45
2053,0,3776,1591,2185,0,0,0,1.0,1,1.0,1,1.0,1,0.24315639095259217,45
2054,1,3777,1592,2185,0,0,0,1.0,1,1.0,1,1.0,1,0.24782811579496886,46
2055,0,3777,1592,2185,0,0,0,1.0,1,1.0,1,1.0,1,0.24782811579496886,46
2056,3,3780,1592,2188,0,0,0,1.0,1,1.0,1,1.0,1,0.195048054423437,46
2057,6,3786,1595,2191,0,0,0,1.0,1,1.0,1,1.0,1,0.1583303282604666,47
2058,3,3789,1597,2192,0,0,0,1.0,1,1.0,1,1.0,1,0.1813778273848812,47
2059,2,3791,1599,2192,0,0,0,1.0,1,1.0,1,1.0,1,0.2014391116656006,48
2060,3,3794,1601,2193,0,0,0,1.0,1,1.0,1,1.0,1,0.19637972566124806,50
2061,2,3796,1602,2194,0,0,0,1.0,1,1.0,1,1.0,1,0.1533504382304375,51
2062,3,3799,1605,2194,0,0,0,1.0,1,1.0,1,1.0,1,0.1985461976503361,49
2063,1,3800,1606,2194,0,0,0,1.0,1,1.0,1,1.0,1,0.1960852881092762,48
2064,3,3803,1608,2195,0,0,0,1.0,1,1.0,1,1.0,1,0.21598509047999306,45
2065,1,3804,1608,2196,0,0,0,1.0,1,1.0,1,1.0,1,0.21626624715776788,44
2066,0,3804,1608,2196,0,0,0,1.0,1,1.0,1,1.0,1,0.2339681239659259,42
2067,2,3806,1609,2197,0,0,0,1.0,1,1.0,1,1.0,1,0.273207866871991,41
2068,0,3806,1609,2197,0,0,0,1.0,1,1.0,1,1.0,1,0.3010589493720485,40
2069,2,3808,1610,2198,0,0,0,1.0,1,1.0,1,1.0,1,0.27391421211503714,40
2070,0,3808,1610,2198,0,0,0,1.0,1,1.0,1,1.0,1,0.3066016091515728,40
2071,9,3817,1613,2204,0,0,0,1.0,1,1.0,1,1.0,1,0.21604141697171914,40
2072,2,3819,1613,2206,0,0,0,1.0,1,1.0,1,1.0,1,0.21125237262072455,41
2073,1,3820,1614,2206,0,0,0,1.0,1,1.0,1,1.0,1,0.23192924946962093,41
2074,1,3821,1614,2207,0,0,0,1.0,1,1.0,1,1.0,1,0.21399179415858324,41
2075,0,3821,1614,2207,0,0,0,1.0,1,1.0,1,1.0,1,0.21399179415858324,41
2076,2,3823,1616,2207,0,0,0,1.0,1,1.0,1,1.0,1,0.21018555022206398,41
2077,0,3823,1616,2207,0,0,0,1.0,1,1.0,1,1.0,1,0.21827968836941905,40
2078,1,3824,1617,2207,0,0,0,1.0,1,1.0,1,1.0,1,0.2242901512932827,40
2079,1,3825,1617,2208,0,0,0,1.0,1,1.0,1,1.0,1,0.19101060063428893,39
2080,1,3826,1618,2208,0,0,0,1.0,1,1.0,1,1.0,1,0.19873966559654085,38
2081,1,3827,1619,2208,0,0,0,1.0,1,1.0,1,1.0,1,0.21075843847562636,40
2082,2,3829,1620,2209,0,0,0,1.0,1,1.0,1,1.0,1,0.2797866410978025,41
2083,3,3832,1622,2210,0,0,0,1.0,1,1.0,1,1.0,1,0.26314374177286237,40
2084,8,3840,1625,2215,0,0,0,1.0,1,1.0,1,1.0,1,0.2679555933289792,42
2085,1,3841,1625,2216,0,0,0,1.0,1,1.0,1,1.0,1,0.2567088764177468,42
2086,3,3844,1626,2218,0,0,0,1.0,1,1.0,1,1.0,1,0.17492131076438627,43
2087,1,3845,1627,2218,0,0,0,1.0,1,1.0,1,1.0,1,0.19537632220995158,45
2088,3,3848,1629,2219,0,0,0,1.0,1,1.0,1,1.0,1,0.1838197927170637,46
2089,0,3848,1629,2219,0,0,0,1.0,1,1.0,1,1.0,1,0.17028369774253785,47
2090,2,3850,1629,2221,0,0,0,1.0,1,1.0,1,1.0,1,0.17589407710993338,49
2091,0,3850,1629,2221,0,0,0,1.0,1,1.0,1,1.0,1,0.17589407710993338,49
2092,0,3850,1629,2221,0,0,0,1.0,1,1.0,1,1.0,1,0.17589407710993338,49
2093,2,3852,1629,2223,0,0,0,1.0,1,1.0,1,1.0,1,0.15387755950281456,49
2094,0,3852,1629,2223,0,0,0,1.0,1,1.0,1,1.0,1,0.15387755950281456,49
2095,1,3853,1629,2224,0,0,0,1.0,1,1.0,1,1.0,1,0.13332631098651213,49
2096,2,3855,1629,2226,0,0,0,1.0,1,1.0,1,1.0,1,0.10557159018837711,51
2097,0,3855,1629,2226,0,0,0,1.0,1,1.0,1,1.0,1,0.10557159018837711,51
2098,3,3858,1631,2227,0,0,0,1.0,1,1.0,1,1.0,1,0.11625100846942163,52
2099,1,3859,1632,2227,0,0,0,1.0,1,1.0,1,1.0,1,0.1629724415964997,51
2100,1,3860,1633,2227,0,0,0,1.0,1,1.0,1,1.0,1,0.19946062695671368,51
2101,2,3862,1633,2229,0,0,0,1.0,1,1.0,1,1.0,1,0.18038927505578892,48
2102,4,3866,1636,2230,0,0,0,1.0,1,1.0,1,1.0,1,0.25813695581764684,49
2103,3,3869,1638,2231,0,0,0,1.0,1,1.0,1,1.0,1,0.27459520047533736,48
2104,1,3870,1639,2231,0,0,0,1.0,1,1.0,1,1.0,1,0.3158270915809445,43
2105,2,3872,1640,2232,0,0,0,1.0,1,1.0,1,1.0,1,0.3352296016134978,42
2106,1,3873,1641,2232,0,0,0,1.0,1,1.0,1,1.0,1,0.37452570487823733,40
2107,5,3878,1643,2235,0,0,0,1.0,1,1.0,1,1.0,1,0.3643491641363667,39
2108,3,3881,1645,2236,0,0,0,1.0,1,1.0,1,1.0,1,0.3379791530843243,38
2109,1,3882,1646,2236,0,0,0,1.0,1,1.0,1,1.0,1,0.3655396501714532,37
2110,2,3884,1647,2237,0,0,0,1.0,1,1.0,1,1.0,1,0.359067201839678,38
2111,1,3885,1648,2237,0,0,0,1.0,1,1.0,1,1.0,1,0.3823373238842222,37
2112,2,3887,1650,2237,0,0,0,1.0,1,1.0,1,1.0,1,0.43066848767941684,36
2113,2,3889,1651,2238,0,0,0,1.0,1,1.0,1,1.0,1,0.4746554415704225,36
2114,0,3889,1651,2238,0,0,0,1.0,1,1.0,1,1.0,1,0.45868246782671734,36
2115,1,3890,1651,2239,0,0,0,1.0,1,1.0,1,1.0,1,0.4272943261967296,35
2116,3,3893,1651,2242,0,0,0,1.0,1,1.0,1,1.0,1,0.3882997953961103,37
2117,2,3895,1651,2244,0,0,0,1.0,1,1.0,1,1.0,1,0.3385025270702228,38
2118,0,3895,1651,2244,0,0,0,1.0,1,1.0,1,1.0,1,0.3415188532819884,40
2119,0,3895,1651,2244,0,0,0,1.0,1,1.0,1,1.0,1,0.3415188532819884,40
2120,0,3895,1651,2244,0,0,0,1.0,1,1.0,1,1.0,1,0.3494197293015111,41
2121,0,3895,1651,2244,0,0,0,1.0,1,1.0,1,1.0,1,0.3494197293015111,41
2122,0,3895,1651,2244,0,0,0,1.0,1,1.0,1,1.0,1,0.3588173000476717,42
2123,2,3897,1653,2244,0,0,0,1.0,1,1.0,1,1.0,1,0.376445588560861,43
2124,0,3897,1653,2244,0,0,0,1.0,1,1.0,1,1.0,1,0.39633682109201185,41
2125,0,3897,1653,2244,0,0,0,1.0,1,1.0,1,1.0,1,0.39633682109201185,41
2126,0,3897,1653,2244,0,0,0,1.0,1,1.0,1,1.0,1,0.42016371871175556,40
2127,0,3897,1653,2244,0,0,0,1.0,1,1.0,1,1.0,1,0.42016371871175556,40
2128,1,3898,1653,2245,0,0,0,1.0,1,1.0,1,1.0,1,0.4239944745810728,41
2129,0,3898,1653,2245,0,0,0,1.0,1,1.0,1,1.0,1,0.41033042608371123,42
2130,3,3901,1653,2248,0,0,0,1.0,1,1.0,1,1.0,1,0.3840313744449211,45
2131,1,3902,1653,2249,0,0,0,1.0,1,1.0,1,1.0,1,0.3686677781188761,45
2132,2,3904,1653,2251,0,0,0,1.0,1,1.0,1,1.0,1,0.3461100458833932,46
2133,4,3908,1655,2253,0,0,0,1.0,1,1.0,1,1.0,1,0.3566191500212318,46
2134,2,3910,1655,2255,0,0,0,1.0,1,1.0,1,1.0,1,0.3288265011262023,47
2135,5,3915,1655,2260,0,0,0,1.0,1,1.0,1,1.0,1,0.23315088990616276,47
2136,3,3918,1655,2263,0,0,0,1.0,1,1.0,1,1.0,1,0.15766994156349257,47
2137,2,3920,1655,2265,0,0,0,1.0,1,1.0,1,1.0,1,0.14469046207784242,49
2138,1,3921,1656,2265,0,0,0,1.0,1,1.0,1,1.0,1,0.1902482226485474,49
2139,3,3924,1657,2267,0,0,0,1.0,1,1.0,1,1.0,1,0.08759755710711739,47
2140,2,3926,1658,2268,0,0,0,1.0,1,1.0,1,1.0,1,0.1401875469114061,48
2141,2,3928,1659,2269,0,0,0,1.0,1,1.0,1,1.0,1,0.16642178573727193,47
2142,0,3928,1659,2269,0,0,0,1.0,1,1.0,1,1.0,1,0.16642178573727193,47
2143,3,3931,1659,2272,0,0,0,1.0,1,1.0,1,1.0,1,0.12316791958156363,48
2144,2,3933,1660,2273,0,0,0,1.0,1,1.0,1,1.0,1,0.1300870033274303,48
2145,2,3935,1662,2273,0,0,0,1.0,1,1.0,1,1.0,1,0.1389741367416797,46
2146,3,3938,1663,2275,0,0,0,1.0,1,1.0,1,1.0,1,0.09067736248560723,47
2147,3,3941,1666,2275,0,0,0,1.0,1,1.0,1,1.0,1,0.1555326977238065,48
2148,3,3944,1666,2278,0,0,0,1.0,1,1.0,1,1.0,1,0.07753923888138842,46
2149,3,3947,1669,2278,0,0,0,1.0,1,1.0,1,1.0,1,0.10710245080265798,46
2150,1,3948,1669,2279,0,0,0,1.0,1,1.0,1,1.0,1,0.11631710475835992,46
2151,0,3948,1669,2279,0,0,0,1.0,1,1.0,1,1.0,1,0.15551484931361712,44
2152,1,3949,1670,2279,0,0,0,1.0,1,1.0,1,1.0,1,0.20237233101687677,45
2153,1,3950,1671,2279,0,0,0,1.0,1,1.0,1,1.0,1,0.2099637517573063,48
2154,3,3953,1672,2281,0,0,0,1.0,1,1.0,1,1.0,1,0.22141370823868795,47
2155,3,3956,1674,2282,0,0,0,1.0,1,1.0,1,1.0,1,0.26360411001972006,48
2156,3,3959,1676,2283,0,0,0,1.0,1,1.0,1,1.0,1,0.2877467792565454,45
2157,0,3959,1676,2283,0,0,0,1.0,1,1.0,1,1.0,1,0.29767143170314164,43
2158,7,3966,1677,2289,0,0,0,1.0,1,1.0,1,1.0,1,0.3118961727283355,43
2159,6,3972,1679,2293,0,0,0,1.0,1,1.0,1,1.0,1,0.3356531282358763,43
2160,2,3974,1680,2294,0,0,0,1.0,1,1.0,1,1.0,1,0.34268830499803205,41
2161,8,3982,1681,2301,0,0,0,1.0,1,1.0,1,1.0,1,0.16524173112833548,41
2162,2,3984,1681,2303,0,0,0,1.0,1,1.0,1,1.0,1,0.12993851692099392,42
2163,0,3984,1681,2303,0,0,0,1.0,1,1.0,1,1.0,1,0.15133141612804624,43
2164,3,3987,1683,2304,0,0,0,1.0,1,1.0,1,1.0,1,0.18951662588200244,44
2165,1,3988,1683,2305,0,0,0,1.0,1,1.0,1,1.0,1,0.17188898287051788,44
2166,0,3988,1683,2305,0,0,0,1.0,1,1.0,1,1.0,1,0.17219952713721542,46
2167,2,3990,1683,2307,0,0,0,1.0,1,1.0,1,1.0,1,0.1730927194062679,46
2168,0,3990,1683,2307,0,0,0,1.0,1,1.0,1,1.0,1,0.16270923517394026,45
2169,5,3995,1683,2312,0,0,0,1.0,1,1.0,1,1.0,1,0.14719094611685055,49
2170,1,3996,1683,2313,0,0,0,1.0,1,1.0,1,1.0,1,0.1383618285644475,49
2171,0,3996,1683,2313,0,0,0,1.0,1,1.0,1,1.0,1,0.12510876391516304,51
2172,0,3996,1683,2313,0,0,0,1.0,1,1.0,1,1.0,1,0.11711159261767783,52
2173,0,3996,1683,2313,0,0,0,1.0,1,1.0,1,1.0,1,0.11711159261767783,52
2174,1,3997,1684,2313,0,0,0,1.0,1,1.0,1,1.0,1,0.1451755449882746,52
2175,2,3999,1685,2314,0,0,0,1.0,1,1.0,1,1.0,1,0.16778251185243676,53
2176,2,4001,1685,2316,0,0,0,1.0,1,1.0,1,1.0,1,0.1228592029678367,54
2177,1,4002,1686,2316,0,0,0,1.0,1,1.0,1,1.0,1,0.14116230865350932,55
2178,5,4007,1690,2317,0,0,0,1.0,1,1.0,1,1.0,1,0.13839407905165377,54
2179,4,4011,1691,2320,0,0,0,1.0,1,1.0,1,1.0,1,0.15209937742367965,52
2180,0,4011,1691,2320,0,0,0,1.0,1,1.0,1,1.0,1,0.16910624943263908,51
2181,3,4014,1692,2322,0,0,0,1.0,1,1.0,1,1.0,1,0.15788938966603044,49
2182,1,4015,1692,2323,0,0,0,1.0,1,1.0,1,1.0,1,0.15540192895997218,49
2183,4,4019,1695,2324,0,0,0,1.0,1,1.0,1,1.0,1,0.2131175818879277,46
2184,5,4024,1697,2327,0,0,0,1.0,1,1.0,1,1.0,1,0.24518901300872303,45
2185,3,4027,1698,2329,0,0,0,1.0,1,1.0,1,1.0,1,0.22002078586272858,44
2186,2,4029,1700,2329,0,0,0,1.0,1,1.0,1,1.0,1,0.32257494871476483,42
2187,0,4029,1700,2329,0,0,0,1.0,1,1.0,1,1.0,1,0.3243432483220108,40
2188,0,4029,1700,2329,0,0,0,1.0,1,1.0,1,1.0,1,0.2994347492128782,38
2189,1,4030,1701,2329,0,0,0,1.0,1,1.0,1,1.0,1,0.34430589783298055,36
2190,3,4033,1703,2330,0,0,0,1.0,1,1.0,1,1.0,1,0.37204240307858966,34
2191,6,4039,1704,2335,0,0,0,1.0,1,1.0,1,1.0,1,0.19934441427267163,34
2192,4,4043,1707,2336,0,0,0,1.0,1,1.0,1,1.0,1,0.17716802609763335,33
2193,0,4043,1707,2336,0,0,0,1.0,1,1.0,1,1.0,1,0.177504739401186,32
2194,1,4044,1708,2336,0,0,0,1.0,1,1.0,1,1.0,1,0.19317750850784907,32
2195,0,4044,1708,2336,0,0,0,1.0,1,1.0,1,1.0,1,0.21303430201720333,31
2196,1,4045,1709,2336,0,0,0,1.0,1,1.0,1,1.0,1,0.2488948148065563,32
2197,1,4046,1710,2336,0,0,0,1.0,1,1.0,1,1.0,1,0.2920013151343944,31
2198,0,4046,1710,2336,0,0,0,1.0,1,1.0,1,1.0,1,0.2920013151343944,31
2199,1,4047,1711,2336,0,0,0,1.0,1,1.0,1,1.0,1,0.29250732616320335,32
2200,5,4052,1711,2341,0,0,0,1.0,1,1.0,1,1.0,1,0.2724010743002102,35
2201,1,4053,1711,2342,0,0,0,1.0,1,1.0,1,1.0,1,0.25389587741744807,36
2202,2,4055,1713,2342,0,0,0,1.0,1,1.0,1,1.0,1,0.18265198702895846,36
2203,0,4055,1713,2342,0,0,0,1.0,1,1.0,1,1.0,1,0.16707813456354884,37
2204,2,4057,1714,2343,0,0,0,1.0,1,1.0,1,1.0,1,0.16840581900670012,36
2205,1,4058,1714,2344,0,0,0,1.0,1,1.0,1,1.0,1,0.159991880884899,37
2206,1,4059,1715,2344,0,0,0,1.0,1,1.0,1,1.0,1,0.1925170074224269,35
2207,1,4060,1716,2344,0,0,0,1.0,1,1.0,1,1.0,1,0.23153393568403777,37
2208,1,4061,1716,2345,0,0,0,1.0,1,1.0,1,1.0,1,0.1961420953900476,36
2209,0,4061,1716,2345,0,0,0,1.0,1,1.0,1,1.0,1,0.20862342171840834,35
2210,1,4062,1717,2345,0,0,0,1.0,1,1.0,1,1.0,1,0.23324952608448163,38
2211,0,4062,1717,2345,0,0,0,1.0,1,1.0,1,1.0,1,0.24458211883670172,37
2212,1,4063,1717,2346,0,0,0,1.0,1,1.0,1,1.0,1,0.20361388407691028,38
2213,2,4065,1719,2346,0,0,0,1.0,1,1.0,1,1.0,1,0.2040982183539663,38
2214,1,4066,1720,2346,0,0,0,1.0,1,1.0,1,1.0,1,0.25056184485451216,39
2215,3,4069,1722,2347,0,0,0,1.0,1,1.0,1,1.0,1,0.22927939024218263,39
2216,3,4072,1724,2348,0,0,0,1.0,1,1.0,1,1.0,1,0.28105672842226753,39
2217,3,4075,1725,2350,0,0,0,1.0,1,1.0,1,1.0,1,0.18692094614254334,38
2218,1,4076,1726,2350,0,0,0,1.0,1,1.0,1,1.0,1,0.22309147301988855,37
2219,1,4077,1727,2350,0,0,0,1.0,1,1.0,1,1.0,1,0.2346284344899317,36
2220,1,4078,1728,2350,0,0,0,1.0,1,1.0,1,1.0,1,0.22534604916859302,34
2221,2,4080,1729,2351,0,0,0,1.0,1,1.0,1,1.0,1,0.18702271953845204,35
2222,1,4081,1730,2351,0,0,0,1.0,1,1.0,1,1.0,1,0.20986738259630192,33
2223,1,4082,1731,2351,0,0,0,1.0,1,1.0,1,1.0,1,0.22602410307758952,34
2224,1,4083,1731,2352,0,0,0,1.0,1,1.0,1,1.0,1,0.1939601281647262,32
2225,3,4086,1733,2353,0,0,0,1.0,1,1.0,1,1.0,1,0.23167897769413578,33
2226,2,4088,1735,2353,0,0,0,1.0,1,1.0,1,1.0,1,0.27648714846741285,32
2227,1,4089,1736,2353,0,0,0,1.0,1,1.0,1,1.0,1,0.29715458458114435,31
2228,2,4091,1737,2354,0,0,0,1.0,1,1.0,1,1.0,1,0.2884170917960673,32
2229,1,4092,1738,2354,0,0,0,1.0,1,1.0,1,1.0,1,0.2550587227175537,32
2230,0,4092,1738,2354,0,0,0,1.0,1,1.0,1,1.0,1,0.2633019385715252,31
2231,0,4092,1738,2354,0,0,0,1.0,1,1.0,1,1.0,1,0.25497889591202005,32
2232,1,4093,1739,2354,0,0,0,1.0,1,1.0,1,1.0,1,0.2831670646123915,32
2233,0,4093,1739,2354,0,0,0,1.0,1,1.0,1,1.0,1,0.29040980377241304,31
2234,1,4094,1740,2354,0,0,0,1.0,1,1.0,1,1.0,1,0.35229931049017277,32
2235,2,4096,1740,2356,0,0,0,1.0,1,1.0,1,1.0,1,0.2978412971419402,31
2236,2,4098,1741,2357,0,0,0,1.0,1,1.0,1,1.0,1,0.3093787499781986,31
2237,5,4103,1744,2359,0,0,0,1.0,1,1.0,1,1.0,1,0.39282498759698614,31
2238,4,4107,1745,2362,0,0,0,1.0,1,1.0,1,1.0,1,0.35116435809785207,31
2239,1,4108,1745,2363,0,0,0,1.0,1,1.0,1,1.0,1,0.3394864318702884,31
2240,1,4109,1746,2363,0,0,0,1.0,1,1.0,1,1.0,1,0.339668396952788,32
2241,0,4109,1746,2363,0,0,0,1.0,1,1.0,1,1.0,1,0.339668396952788,32
2242,3,4112,1748,2364,0,0,0,1.0,1,1.0,1,1.0,1,0.29349364276225115,34
2243,2,4114,1749,2365,0,0,0,1.0,1,1.0,1,1.0,1,0.3015819515420691,34
2244,2,4116,1749,2367,0,0,0,1.0,1,1.0,1,1.0,1,0.24768994937752595,36
2245,0,4116,1749,2367,0,0,0,1.0,1,1.0,1,1.0,1,0.24768994937752595,36
2246,1,4117,1749,2368,0,0,0,1.0,1,1.0,1,1.0,1,0.25160846259228964,39
2247,0,4117,1749,2368,0,0,0,1.0,1,1.0,1,1.0,1,0.24665809143869097,40
2248,0,4117,1749,2368,0,0,0,1.0,1,1.0,1,1.0,1,0.24665809143869097,40
2249,0,4117,1749,2368,0,0,0,1.0,1,1.0,1,1.0,1,0.23829319873900237,41
2250,1,4118,1749,2369,0,0,0,1.0,1,1.0,1,1.0,1,0.22470287163640207,41
2251,1,4119,1749,2370,0,0,0,1.0,1,1.0,1,1.0,1,0.23661624900522282,42
2252,1,4120,1750,2370,0,0,0,1.0,1,1.0,1,1.0,1,0.24810212598115558,41
2253,0,4120,1750,2370,0,0,0,1.0,1,1.0,1,1.0,1,0.23523370788741632,40
2254,1,4121,1750,2371,0,0,0,1.0,1,1.0,1,1.0,1,0.22388331072368173,39
2255,1,4122,1750,2372,0,0,0,1.0,1,1.0,1,1.0,1,0.19868562616460195,39
2256,2,4124,1752,2372,0,0,0,1.0,1,1.0,1,1.0,1,0.2731997229555954,40
2257,2,4126,1753,2373,0,0,0,1.0,1,1.0,1,1.0,1,0.27369620881647905,40
2258,1,4127,1754,2373,0,0,0,1.0,1,1.0,1,1.0,1,0.25231361323150703,39
2259,3,4130,1757,2373,0,0,0,1.0,1,1.0,1,1.0,1,0.2824439525060389,41
2260,2,4132,1758,2374,0,0,0,1.0,1,1.0,1,1.0,1,0.2950827881548013,38
2261,1,4133,1759,2374,0,0,0,1.0,1,1.0,1,1.0,1,0.29823147111108816,38
2262,1,4134,1760,2374,0,0,0,1.0,1,1.0,1,1.0,1,0.3307854866595359,36
2263,3,4137,1762,2375,0,0,0,1.0,1,1.0,1,1.0,1,0.3572184128591875,35
2264,3,4140,1764,2376,0,0,0,1.0,1,1.0,1,1.0,1,0.41764264011044483,33
2265,2,4142,1766,2376,0,0,0,1.0,1,1.0,1,1.0,1,0.4009825191739513,33
2266,5,4147,1768,2379,0,0,0,1.0,1,1.0,1,1.0,1,0.31866473305204013,33
2267,4,4151,1770,2381,0,0,0,1.0,1,1.0,1,1.0,1,0.2874456928871171,33
2268,5,4156,1771,2385,0,0,0,1.0,1,1.0,1,1.0,1,0.24457268951682004,35
2269,1,4157,1772,2385,0,0,0,1.0,1,1.0,1,1.0,1,0.2713258309929701,36
2270,5,4162,1772,2390,0,0,0,1.0,1,1.0,1,1.0,1,0.25194512078045267,34
2271,4,4166,1774,2392,0,0,0,1.0,1,1.0,1,1.0,1,0.21424977500300846,34
2272,2,4168,1776,2392,0,0,0,1.0,1,1.0,1,1.0,1,0.16978816307884612,33
2273,2,4170,1777,2393,0,0,0,1.0,1,1.0,1,1.0,1,0.236746817576744,32
2274,1,4171,1778,2393,0,0,0,1.0,1,1.0,1,1.0,1,0.1971221886542327,32
2275,0,4171,1778,2393,0,0,0,1.0,1,1.0,1,1.0,1,0.24161734288819797,32
2276,1,4172,1779,2393,0,0,0,1.0,1,1.0,1,1.0,1,0.25348243714532415,31
2277,1,4173,1780,2393,0,0,0,1.0,1,1.0,1,1.0,1,0.2832215816021754,30
2278,2,4175,1780,2395,0,0,0,1.0,1,1.0,1,1.0,1,0.2530481761098557,33
2279,1,4176,1780,2396,0,0,0,1.0,1,1.0,1,1.0,1,0.23532772305272606,33
2280,1,4177,1781,2396,0,0,0,1.0,1,1.0,1,1.0,1,0.24783968048869948,35
2281,2,4179,1781,2398,0,0,0,1.0,1,1.0,1,1.0,1,0.22483314010823113,36
2282,0,4179,1781,2398,0,0,0,1.0,1,1.0,1,1.0,1,0.22483314010823113,36
2283,0,4179,1781,2398,0,0,0,1.0,1,1.0,1,1.0,1,0.22483314010823113,36
2284,1,4180,1782,2398,0,0,0,1.0,1,1.0,1,1.0,1,0.22372863227361825,36
2285,1,4181,1782,2399,0,0,0,1.0,1,1.0,1,1.0,1,0.18991127971029942,37
2286,1,4182,1783,2399,0,0,0,1.0,1,1.0,1,1.0,1,0.21085984185156645,38
2287,0,4182,1783,2399,0,0,0,1.0,1,1.0,1,1.0,1,0.20631327829913854,38
2288,2,4184,1784,2400,0,0,0,1.0,1,1.0,1,1.0,1,0.21934466307777398,40
2289,2,4186,1784,2402,0,0,0,1.0,1,1.0,1,1.0,1,0.21875164223571394,40
2290,1,4187,1785,2402,0,0,0,1.0,1,1.0,1,1.0,1,0.2511827777432546,39
2291,1,4188,1786,2402,0,0,0,1.0,1,1.0,1,1.0,1,0.2573779501362716,37
2292,1,4189,1787,2402,0,0,0,1.0,1,1.0,1,1.0,1,0.29968811171498055,35
2293,0,4189,1787,2402,0,0,0,1.0,1,1.0,1,1.0,1,0.30041111211779614,35
2294,2,4191,1787,2404,0,0,0,1.0,1,1.0,1,1.0,1,0.32640221982164563,35
2295,2,4193,1788,2405,0,0,0,1.0,1,1.0,1,1.0,1,0.33958491224003734,36
2296,3,4196,1788,2408,0,0,0,1.0,1,1.0,1,1.0,1,0.262484300760571,34
2297,0,4196,1788,2408,0,0,0,1.0,1,1.0,1,1.0,1,0.2785073885107309,35
2298,0,4196,1788,2408,0,0,0,1.0,1,1.0,1,1.0,1,0.26879299912838756,34
2299,1,4197,1789,2408,0,0,0,1.0,1,1.0,1,1.0,1,0.25353178539267834,35
2300,0,4197,1789,2408,0,0,0,1.0,1,1.0,1,1.0,1,0.25353178539267834,35
2301,1,4198,1789,2409,0,0,0,1.0,1,1.0,1,1.0,1,0.23173024825295316,35
2302,3,4201,1792,2409,0,0,0,1.0,1,1.0,1,1.0,1,0.3237038617630612,37
2303,1,4202,1793,2409,0,0,0,1.0,1,1.0,1,1.0,1,0.3125900753685301,35
2304,3,4205,1795,2410,0,0,0,1.0,1,1.0,1,1.0,1,0.33867465000260766,36
2305,0,4205,1795,2410,0,0,0,1.0,1,1.0,1,1.0,1,0.3576445821211947,34
2306,1,4206,1795,2411,0,0,0,1.0,1,1.0,1,1.0,1,0.3468752070795897,35
2307,0,4206,1795,2411,0,0,0,1.0,1,1.0,1,1.0,1,0.3536620625959544,35
2308,0,4206,1795,2411,0,0,0,1.0,1,1.0,1,1.0,1,0.3536620625959544,35
2309,1,4207,1795,2412,0,0,0,1.0,1,1.0,1,1.0,1,0.35294555412071754,34
2310,3,4210,1795,2415,0,0,0,1.0,1,1.0,1,1.0,1,0.3341568176394126,36
2311,3,4213,1795,2418,0,0,0,1.0,1,1.0,1,1.0,1,0.2862068754948995,38
2312,3,4216,1797,2419,0,0,0,1.0,1,1.0,1,1.0,1,0.32481137657365106,39
2313,5,4221,1800,2421,0,0,0,1.0,1,1.0,1,1.0,1,0.2439273519760964,39
2314,2,4223,1800,2423,0,0,0,1.0,1,1.0,1,1.0,1,0.2145988994519466,39
2315,3,4226,1802,2424,0,0,0,1.0,1,1.0,1,1.0,1,0.2363029737783085,40
2316,2,4228,1802,2426,0,0,0,1.0,1,1.0,1,1.0,1,0.19747584787116543,40
2317,5,4233,1803,2430,0,0,0,1.0,1,1.0,1,1.0,1,0.18156773225119707,41
2318,1,4234,1804,2430,0,0,0,1.0,1,1.0,1,1.0,1,0.19405168407049952,41
2319,0,4234,1804,2430,0,0,0,1.0,1,1.0,1,1.0,1,0.19405168407049952,41
2320,2,4236,1805,2431,0,0,0,1.0,1,1.0,1,1.0,1,0.2238790741320977,42
2321,2,4238,1805,2433,0,0,0,1.0,1,1.0,1,1.0,1,0.20196489233079154,43
2322,2,4240,1805,2435,0,0,0,1.0,1,1.0,1,1.0,1,0.21584178424825906,42
2323,5,4245,1806,2439,0,0,0,1.0,1,1.0,1,1.0,1,0.24760730842997886,43
2324,5,4250,1806,2444,0,0,0,1.0,1,1.0,1,1.0,1,0.2701406096986076,44
2325,8,4258,1806,2452,0,0,0,1.0,1,1.0,1,1.0,1,0.2769612421712641,44
2326,3,4261,1807,2454,0,0,0,1.0,1,1.0,1,1.0,1,0.24243853042300254,45
2327,0,4261,1807,2454,0,0,0,1.0,1,1.0,1,1.0,1,0.24243853042300254,45
2328,0,4261,1807,2454,0,0,0,1.0,1,1.0,1,1.0,1,0.24954220382661152,46
2329,2,4263,1807,2456,0,0,0,1.0,1,1.0,1,1.0,1,0.22965740071265914,45
2330,1,4264,1807,2457,0,0,0,1.0,1,1.0,1,1.0,1,0.20450081122388344,47
2331,1,4265,1807,2458,0,0,0,1.0,1,1.0,1,1.0,1,0.2033807489398331,48
2332,0,4265,1807,2458,0,0,0,1.0,1,1.0,1,1.0,1,0.2033807489398331,48
2333,0,4265,1807,2458,0,0,0,1.0,1,1.0,1,1.0,1,0.21208291711112093,49
2334,1,4266,1808,2458,0,0,0,1.0,1,1.0,1,1.0,1,0.2685520569572868,47
2335,4,4270,1809,2461,0,0,0,1.0,1,1.0,1,1.0,1,0.27182067330034493,46
2336,2,4272,1809,2463,0,0,0,1.0,1,1.0,1,1.0,1,0.2715520460529091,46
2337,0,4272,1809,2463,0,0,0,1.0,1,1.0,1,1.0,1,0.2940370615115243,45
2338,0,4272,1809,2463,0,0,0,1.0,1,1.0,1,1.0,1,0.28109768514512223,44
2339,3,4275,1810,2465,0,0,0,1.0,1,1.0,1,1.0,1,0.24694623924885414,45
2340,0,4275,1810,2465,0,0,0,1.0,1,1.0,1,1.0,1,0.26438498090575596,44
2341,6,4281,1810,2471,0,0,0,1.0,1,1.0,1,1.0,1,0.1863584282733898,45
2342,0,4281,1810,2471,0,0,0,1.0,1,1.0,1,1.0,1,0.16812641312905852,47
2343,1,4282,1811,2471,0,0,0,1.0,1,1.0,1,1.0,1,0.16634176247877933,46
2344,0,4282,1811,2471,0,0,0,1.0,1,1.0,1,1.0,1,0.18700212661884577,46
2345,0,4282,1811,2471,0,0,0,1.0,1,1.0,1,1.0,1,0.19502983025050802,45
2346,0,4282,1811,2471,0,0,0,1.0,1,1.0,1,1.0,1,0.18749596126212936,46
2347,0,4282,1811,2471,0,0,0,1.0,1,1.0,1,1.0,1,0.19973530723813815,47
2348,1,4283,1811,2472,0,0,0,1.0,1,1.0,1,1.0,1,0.1977332306610879,49
2349,1,4284,1812,2472,0,0,0,1.0,1,1.0,1,1.0,1,0.23008325477627575,49
2350,0,4284,1812,2472,0,0,0,1.0,1,1.0,1,1.0,1,0.20675254438008078,50
2351,2,4286,1813,2473,0,0,0,1.0,1,1.0,1,1.0,1,0.2130098668009089,50
2352,3,4289,1813,2476,0,0,0,1.0,1,1.0,1,1.0,1,0.18987510718047765,51
2353,1,4290,1814,2476,0,0,0,1.0,1,1.0,1,1.0,1,0.1894873490696443,51
2354,1,4291,1814,2477,0,0,0,1.0,1,1.0,1,1.0,1,0.17297184287627698,51
2355,1,4292,1815,2477,0,0,0,1.0,1,1.0,1,1.0,1,0.20595297337878363,50
2356,0,4292,1815,2477,0,0,0,1.0,1,1.0,1,1.0,1,0.20595297337878363,50
2357,0,4292,1815,2477,0,0,0,1.0,1,1.0,1,1.0,1,0.23034131183709358,49
2358,0,4292,1815,2477,0,0,0,1.0,1,1.0,1,1.0,1,0.24595793069145747,51
2359,0,4292,1815,2477,0,0,0,1.0,1,1.0,1,1.0,1,0.2217438190332688,51
2360,4,4296,1816,2480,0,0,0,1.0,1,1.0,1,1.0,1,0.20778645323698894,51
2361,2,4298,1817,2481,0,0,0,1.0,1,1.0,1,1.0,1,0.23209676633016463,52
2362,4,4302,1818,2484,0,0,0,1.0,1,1.0,1,1.0,1,0.1934168985762541,53
2363,1,4303,1818,2485,0,0,0,1.0,1,1.0,1,1.0,1,0.18196747030670204,54
2364,1,4304,1818,2486,0,0,0,1.0,1,1.0,1,1.0,1,0.17524564509004256,55
2365,1,4305,1819,2486,0,0,0,1.0,1,1.0,1,1.0,1,0.1691730145504436,53
2366,3,4308,1821,2487,0,0,0,1.0,1,1.0,1,1.0,1,0.13986340803454675,53
2367,2,4310,1823,2487,0,0,0,1.0,1,1.0,1,1.0,1,0.206824353596811,51
2368,3,4313,1825,2488,0,0,0,1.0,1,1.0,1,1.0,1,0.2375665515388934,50
2369,2,4315,1826,2489,0,0,0,1.0,1,1.0,1,1.0,1,0.26928966945033334,47
2370,0,4315,1826,2489,0,0,0,1.0,1,1.0,1,1.0,1,0.28516281449600506,48
2371,8,4323,1827,2496,0,0,0,1.0,1,1.0,1,1.0,1,0.21756147511410623,49
2372,0,4323,1827,2496,0,0,0,1.0,1,1.0,1,1.0,1,0.23331108740559572,48
2373,1,4324,1828,2496,0,0,0,1.0,1,1.0,1,1.0,1,0.24810277333764372,49
2374,1,4325,1828,2497,0,0,0,1.0,1,1.0,1,1.0,1,0.23819798413733403,50
2375,1,4326,1829,2497,0,0,0,1.0,1,1.0,1,1.0,1,0.25021081719386734,50
2376,2,4328,1829,2499,0,0,0,1.0,1,1.0,1,1.0,1,0.2603771036639327,50
2377,1,4329,1829,2500,0,0,0,1.0,1,1.0,1,1.0,1,0.24514215140708326,49
2378,1,4330,1829,2501,0,0,0,1.0,1,1.0,1,1.0,1,0.25278797536484665,49
2379,6,4336,1830,2506,0,0,0,1.0,1,1.0,1,1.0,1,0.274750098788239,50
2380,2,4338,1831,2507,0,0,0,1.0,1,1.0,1,1.0,1,0.2755843582764276,50
2381,5,4343,1832,2511,0,0,0,1.0,1,1.0,1,1.0,1,0.3100281348083811,51
2382,5,4348,1832,2516,0,0,0,1.0,1,1.0,1,1.0,1,0.3182948872885983,51
2383,4,4352,1832,2520,0,0,0,1.0,1,1.0,1,1.0,1,0.2810003487433593,52
2384,2,4354,1834,2520,0,0,0,1.0,1,1.0,1,1.0,1,0.24097749158512885,52
2385,0,4354,1834,2520,0,0,0,1.0,1,1.0,1,1.0,1,0.25597378768752466,51
2386,4,4358,1836,2522,0,0,0,1.0,1,1.0,1,1.0,1,0.2627808721547698,52
2387,1,4359,1837,2522,0,0,0,1.0,1,1.0,1,1.0,1,0.26188639116711987,49
2388,0,4359,1837,2522,0,0,0,1.0,1,1.0,1,1.0,1,0.2628166614538848,48
2389,1,4360,1838,2522,0,0,0,1.0,1,1.0,1,1.0,1,0.27666338819120284,48
2390,1,4361,1839,2522,0,0,0,1.0,1,1.0,1,1.0,1,0.2721004467920662,49
2391,2,4363,1840,2523,0,0,0,1.0,1,1.0,1,1.0,1,0.24961558578006035,48
2392,2,4365,1842,2523,0,0,0,1.0,1,1.0,1,1.0,1,0.2508524806767609,49
2393,4,4369,1842,2527,0,0,0,1.0,1,1.0,1,1.0,1,0.22057436742531608,50
2394,3,4372,1844,2528,0,0,0,1.0,1,1.0,1,1.0,1,0.24730572113469035,50
2395,0,4372,1844,2528,0,0,0,1.0,1,1.0,1,1.0,1,0.24379546801826252,49
2396,1,4373,1845,2528,0,0,0,1.0,1,1.0,1,1.0,1,0.239071757447604,50
2397,3,4376,1846,2530,0,0,0,1.0,1,1.0,1,1.0,1,0.25853891641092264,51
2398,1,4377,1847,2530,0,0,0,1.0,1,1.0,1,1.0,1,0.24717386407344052,49
2399,0,4377,1847,2530,0,0,0,1.0,1,1.0,1,1.0,1,0.25492775361644154,50
2400,1,4378,1848,2530,0,0,0,1.0,1,1.0,1,1.0,1,0.2936287783935278,51
2401,2,4380,1849,2531,0,0,0,1.0,1,1.0,1,1.0,1,0.2629869878545904,50
2402,1,4381,1849,2532,0,0,0,1.0,1,1.0,1,1.0,1,0.24027148077904123,51
2403,0,4381,1849,2532,0,0,0,1.0,1,1.0,1,1.0,1,0.23685689124157347,52
2404,4,4385,1849,2536,0,0,0,1.0,1,1.0,1,1.0,1,0.20732964744280832,53
2405,0,4385,1849,2536,0,0,0,1.0,1,1.0,1,1.0,1,0.20464469893515383,52
2406,2,4387,1851,2536,0,0,0,1.0,1,1.0,1,1.0,1,0.2327744222638389,52
2407,0,4387,1851,2536,0,0,0,1.0,1,1.0,1,1.0,1,0.2537863621239351,51
2408,0,4387,1851,2536,0,0,0,1.0,1,1.0,1,1.0,1,0.25639767483908815,50
2409,1,4388,1851,2537,0,0,0,1.0,1,1.0,1,1.0,1,0.2708005953476028,50
2410,5,4393,1854,2539,0,0,0,1.0,1,1.0,1,1.0,1,0.2772324400039785,49
2411,1,4394,1854,2540,0,0,0,1.0,1,1.0,1,1.0,1,0.2937176489622551,48
2412,1,4395,1854,2541,0,0,0,1.0,1,1.0,1,1.0,1,0.27744527438799005,47
2413,0,4395,1854,2541,0,0,0,1.0,1,1.0,1,1.0,1,0.2684373897796741,47
2414,3,4398,1856,2542,0,0,0,1.0,1,1.0,1,1.0,1,0.32077346191350575,47
2415,2,4400,1856,2544,0,0,0,1.0,1,1.0,1,1.0,1,0.3358266786383915,46
2416,5,4405,1856,2549,0,0,0,1.0,1,1.0,1,1.0,1,0.2741015558171824,47
2417,3,4408,1857,2551,0,0,0,1.0,1,1.0,1,1.0,1,0.27755052571204586,46
2418,2,4410,1857,2553,0,0,0,1.0,1,1.0,1,1.0,1,0.26478474195330043,48
2419,1,4411,1858,2553,0,0,0,1.0,1,1.0,1,1.0,1,0.261179525414075,47
2420,1,4412,1858,2554,0,0,0,1.0,1,1.0,1,1.0,1,0.2310445599328439,49
2421,1,4413,1859,2554,0,0,0,1.0,1,1.0,1,1.0,1,0.23121900709431048,50
2422,3,4416,1860,2556,0,0,0,1.0,1,1.0,1,1.0,1,0.2107030229034283,50
2423,0,4416,1860,2556,0,0,0,1.0,1,1.0,1,1.0,1,0.21604916407930663,51
2424,3,4419,1863,2556,0,0,0,1.0,1,1.0,1,1.0,1,0.2220675415122833,50
2425,1,4420,1864,2556,0,0,0,1.0,1,1.0,1,1.0,1,0.21030229865921485,48
2426,6,4426,1869,2557,0,0,0,1.0,1,1.0,1,1.0,1,0.2566139274693514,51
2427,0,4426,1869,2557,0,0,0,1.0,1,1.0,1,1.0,1,0.24989942932223905,50
2428,3,4429,1872,2557,0,0,0,1.0,1,1.0,1,1.0,1,0.2559946989806432,49
2429,1,4430,1873,2557,0,0,0,1.0,1,1.0,1,1.0,1,0.2918619132845402,49
2430,0,4430,1873,2557,0,0,0,1.0,1,1.0,1,1.0,1,0.29374799975021537,46
2431,5,4435,1874,2561,0,0,0,1.0,1,1.0,1,1.0,1,0.2741976062586016,45
2432,2,4437,1875,2562,0,0,0,1.0,1,1.0,1,1.0,1,0.3332908227470374,44
2433,1,4438,1875,2563,0,0,0,1.0,1,1.0,1,1.0,1,0.2963409819629854,45
2434,1,4439,1876,2563,0,0,0,1.0,1,1.0,1,1.0,1,0.31543323517021865,44
2435,1,4440,1876,2564,0,0,0,1.0,1,1.0,1,1.0,1,0.27191308666507236,44
2436,2,4442,1876,2566,0,0,0,1.0,1,1.0,1,1.0,1,0.2197540342038792,44
2437,1,4443,1877,2566,0,0,0,1.0,1,1.0,1,1.0,1,0.2384599143341101,45
2438,1,4444,1878,2566,0,0,0,1.0,1,1.0,1,1.0,1,0.2732736340237697,45
2439,1,4445,1878,2567,0,0,0,1.0,1,1.0,1,1.0,1,0.2501806947872571,46
2440,2,4447,1878,2569,0,0,0,1.0,1,1.0,1,1.0,1,0.24736717486465473,45
2441,1,4448,1878,2570,0,0,0,1.0,1,1.0,1,1.0,1,0.23643531034924917,45
2442,0,4448,1878,2570,0,0,0,1.0,1,1.0,1,1.0,1,0.22624192285152217,46
2443,0,4448,1878,2570,0,0,0,1.0,1,1.0,1,1.0,1,0.27718678571932126,45
2444,3,4451,1881,2570,0,0,0,1.0,1,1.0,1,1.0,1,0.34042844246523973,46
2445,2,4453,1882,2571,0,0,0,1.0,1,1.0,1,1.0,1,0.3695725558171894,44
2446,4,4457,1883,2574,0,0,0,1.0,1,1.0,1,1.0,1,0.3086863507605807,44
2447,3,4460,1885,2575,0,0,0,1.0,1,1.0,1,1.0,1,0.2661606988915447,42
2448,3,4463,1888,2575,0,0,0,1.0,1,1.0,1,1.0,1,0.2579289576296163,41
2449,1,4464,1889,2575,0,0,0,1.0,1,1.0,1,1.0,1,0.26740541003644913,40
2450,3,4467,1892,2575,0,0,0,1.0,1,1.0,1,1.0,1,0.24970385045236054,42
2451,0,4467,1892,2575,0,0,0,1.0,1,1.0,1,1.0,1,0.2398331353451461,43
2452,0,4467,1892,2575,0,0,0,1.0,1,1.0,1,1.0,1,0.2398331353451461,43
2453,1,4468,1892,2576,0,0,0,1.0,1,1.0,1,1.0,1,0.25066915723672084,45
2454,3,4471,1894,2577,0,0,0,1.0,1,1.0,1,1.0,1,0.27721841540529474,47
2455,0,4471,1894,2577,0,0,0,1.0,1,1.0,1,1.0,1,0.27321584874743826,48
2456,1,4472,1894,2578,0,0,0,1.0,1,1.0,1,1.0,1,0.24853745538599517,49
2457,2,4474,1896,2578,0,0,0,1.0,1,1.0,1,1.0,1,0.31994946773357535,48
2458,2,4476,1897,2579,0,0,0,1.0,1,1.0,1,1.0,1,0.30570540214364045,49
2459,2,4478,1897,2581,0,0,0,1.0,1,1.0,1,1.0,1,0.2860524488253082,49
2460,3,4481,1899,2582,0,0,0,1.0,1,1.0,1,1.0,1,0.31342555228074126,50
2461,3,4484,1899,2585,0,0,0,1.0,1,1.0,1,1.0,1,0.28978426120081413,50
2462,5,4489,1901,2588,0,0,0,1.0,1,1.0,1,1.0,1,0.24920150473815547,51
2463,3,4492,1902,2590,0,0,0,1.0,1,1.0,1,1.0,1,0.2516887412582991,51
2464,1,4493,1903,2590,0,0,0,1.0,1,1.0,1,1.0,1,0.24749368933645938,50
2465,0,4493,1903,2590,0,0,0,1.0,1,1.0,1,1.0,1,0.25144968832377873,49
2466,1,4494,1904,2590,0,0,0,1.0,1,1.0,1,1.0,1,0.2452493021879891,49
2467,3,4497,1904,2593,0,0,0,1.0,1,1.0,1,1.0,1,0.20486592611885923,48
2468,2,4499,1906,2593,0,0,0,1.0,1,1.0,1,1.0,1,0.21758538101832955,47
2469,1,4500,1907,2593,0,0,0,1.0,1,1.0,1,1.0,1,0.1948492138088284,46
2470,1,4501,1908,2593,0,0,0,1.0,1,1.0,1,1.0,1,0.21676863109422959,44
2471,1,4502,1909,2593,0,0,0,1.0,1,1.0,1,1.0,1,0.23499163327822153,44
2472,0,4502,1909,2593,0,0,0,1.0,1,1.0,1,1.0,1,0.2781485747540624,44
2473,1,4503,1910,2593,0,0,0,1.0,1,1.0,1,1.0,1,0.2941482193448714,43
2474,2,4505,1912,2593,0,0,0,1.0,1,1.0,1,1.0,1,0.3334430089355462,44
2475,5,4510,1913,2597,0,0,0,1.0,1,1.0,1,1.0,1,0.30063617729860004,46
2476,6,4516,1914,2602,0,0,0,1.0,1,1.0,1,1.0,1,0.215525778450095,46
2477,2,4518,1915,2603,0,0,0,1.0,1,1.0,1,1.0,1,0.17114414674700898,46
2478,0,4518,1915,2603,0,0,0,1.0,1,1.0,1,1.0,1,0.17114414674700898,46
2479,2,4520,1916,2604,0,0,0,1.0,1,1.0,1,1.0,1,0.1679660098794352,46
2480,0,4520,1916,2604,0,0,0,1.0,1,1.0,1,1.0,1,0.1726665830725155,47
2481,1,4521,1917,2604,0,0,0,1.0,1,1.0,1,1.0,1,0.17410146286121178,47
2482,0,4521,1917,2604,0,0,0,1.0,1,1.0,1,1.0,1,0.22024872216403457,45
2483,0,4521,1917,2604,0,0,0,1.0,1,1.0,1,1.0,1,0.22590365594460438,45
2484,1,4522,1918,2604,0,0,0,1.0,1,1.0,1,1.0,1,0.2728167879768195,46
2485,3,4525,1920,2605,0,0,0,1.0,1,1.0,1,1.0,1,0.22467225933562576,44
2486,0,4525,1920,2605,0,0,0,1.0,1,1.0,1,1.0,1,0.21882904457790708,43
2487,1,4526,1921,2605,0,0,0,1.0,1,1.0,1,1.0,1,0.24851846195911856,44
2488,3,4529,1923,2606,0,0,0,1.0,1,1.0,1,1.0,1,0.23594507494151992,45
2489,0,4529,1923,2606,0,0,0,1.0,1,1.0,1,1.0,1,0.25227678668270187,44
2490,2,4531,1925,2606,0,0,0,1.0,1,1.0,1,1.0,1,0.2786848936429705,44
2491,1,4532,1926,2606,0,0,0,1.0,1,1.0,1,1.0,1,0.2682571493587289,44
2492,2,4534,1928,2606,0,0,0,1.0,1,1.0,1,1.0,1,0.2738145361017473,44
2493,0,4534,1928,2606,0,0,0,1.0,1,1.0,1,1.0,1,0.29211526920746383,42
2494,0,4534,1928,2606,0,0,0,1.0,1,1.0,1,1.0,1,0.29211526920746383,42
2495,0,4534,1928,2606,0,0,0,1.0,1,1.0,1,1.0,1,0.29168870675981345,42
2496,1,4535,1929,2606,0,0,0,1.0,1,1.0,1,1.0,1,0.3031410603739545,42
2497,1,4536,1930,2606,0,0,0,1.0,1,1.0,1,1.0,1,0.33207763856333744,44
2498,2,4538,1931,2607,0,0,0,1.0,1,1.0,1,1.0,1,0.3590225892224407,43
2499,0,4538,1931,2607,0,0,0,1.0,1,1.0,1,1.0,1,0.3590225892224407,43
2500,2,4540,1932,2608,0,0,0,1.0,1,1.0,1,1.0,1,0.32987392004445315,44
2501,2,4542,1933,2609,0,0,0,1.0,1,1.0,1,1.0,1,0.3150006621470558,46
2502,7,4549,1936,2613,0,0,0,1.0,1,1.0,1,1.0,1,0.30412622231760233,47
2503,0,4549,1936,2613,0,0,0,1.0,1,1.0,1,1.0,1,0.30399305507630037,47
2504,1,4550,1937,2613,0,0,0,1.0,1,1.0,1,1.0,1,0.323867184405918,46
2505,7,4557,1942,2615,0,0,0,1.0,1,1.0,1,1.0,1,0.3142184837293263,46
2506,6,4563,1943,2620,0,0,0,1.0,1,1.0,1,1.0,1,0.2359385409820367,45
2507,2,4565,1944,2621,0,0,0,1.0,1,1.0,1,1.0,1,0.23892777766349263,45
2508,2,4567,1946,2621,0,0,0,1.0,1,1.0,1,1.0,1,0.23309000154293055,46
2509,1,4568,1947,2621,0,0,0,1.0,1,1.0,1,1.0,1,0.2513003905343923,45
2510,5,4573,1949,2624,0,0,0,1.0,1,1.0,1,1.0,1,0.2785952852432317,46
2511,0,4573,1949,2624,0,0,0,1.0,1,1.0,1,1.0,1,0.26811073687535886,47
2512,2,4575,1949,2626,0,0,0,1.0,1,1.0,1,1.0,1,0.2546119978680343,47
2513,4,4579,1950,2629,0,0,0,1.0,1,1.0,1,1.0,1,0.2144524715000974,48
2514,2,4581,1952,2629,0,0,0,1.0,1,1.0,1,1.0,1,0.2561568893372029,48
2515,3,4584,1952,2632,0,0,0,1.0,1,1.0,1,1.0,1,0.2522215632814749,49
2516,2,4586,1952,2634,0,0,0,1.0,1,1.0,1,1.0,1,0.27720929516393505,49
2517,5,4591,1953,2638,0,0,0,1.0,1,1.0,1,1.0,1,0.28900311283219776,49
2518,2,4593,1953,2640,0,0,0,1.0,1,1.0,1,1.0,1,0.2904828657765956,48
2519,3,4596,1955,2641,0,0,0,1.0,1,1.0,1,1.0,1,0.3238240507835138,48
2520,3,4599,1956,2643,0,0,0,1.0,1,1.0,1,1.0,1,0.3244037680251537,46
2521,10,4609,1959,2650,0,0,0,1.0,1,1.0,1,1.0,1,0.2260625720668571,47
2522,1,4610,1960,2650,0,0,0,1.0,1,1.0,1,1.0,1,0.3087055682136871,45
2523,1,4611,1960,2651,0,0,0,1.0,1,1.0,1,1.0,1,0.3071820544197754,44
2524,0,4611,1960,2651,0,0,0,1.0,1,1.0,1,1.0,1,0.31384166895209303,42
2525,1,4612,1960,2652,0,0,0,1.0,1,1.0,1,1.0,1,0.3129718804272983,42
2526,1,4613,1960,2653,0,0,0,1.0,1,1.0,1,1.0,1,0.3264847116420999,41
2527,0,4613,1960,2653,0,0,0,1.0,1,1.0,1,1.0,1,0.3264847116420999,41
2528,1,4614,1960,2654,0,0,0,1.0,1,1.0,1,1.0,1,0.2915806424714469,41
2529,1,4615,1961,2654,0,0,0,1.0,1,1.0,1,1.0,1,0.2914661217054106,42
2530,0,4615,1961,2654,0,0,0,1.0,1,1.0,1,1.0,1,0.30906751255545273,41
2531,0,4615,1961,2654,0,0,0,1.0,1,1.0,1,1.0,1,0.30906751255545273,41
2532,1,4616,1961,2655,0,0,0,1.0,1,1.0,1,1.0,1,0.2862567293629351,43
2533,0,4616,1961,2655,0,0,0,1.0,1,1.0,1,1.0,1,0.2862567293629351,43
2534,0,4616,1961,2655,0,0,0,1.0,1,1.0,1,1.0,1,0.2862567293629351,43
2535,4,4620,1963,2657,0,0,0,1.0,1,1.0,1,1.0,1,0.33590919010363907,44
2536,4,4624,1963,2661,0,0,0,1.0,1,1.0,1,1.0,1,0.2732300988607834,44
2537,0,4624,1963,2661,0,0,0,1.0,1,1.0,1,1.0,1,0.27401657061577467,45
2538,1,4625,1963,2662,0,0,0,1.0,1,1.0,1,1.0,1,0.27263670096082937,48
2539,1,4626,1964,2662,0,0,0,1.0,1,1.0,1,1.0,1,0.2787875270762292,48
2540,3,4629,1965,2664,0,0,0,1.0,1,1.0,1,1.0,1,0.26197642647129005,50
2541,2,4631,1966,2665,0,0,0,1.0,1,1.0,1,1.0,1,0.26515555768589394,52
2542,5,4636,1969,2667,0,0,0,1.0,1,1.0,1,1.0,1,0.26175077438637523,52
2543,2,4638,1971,2667,0,0,0,1.0,1,1.0,1,1.0,1,0.3028698694115644,51
2544,3,4641,1974,2667,0,0,0,1.0,1,1.0,1,1.0,1,0.3256150165797225,51
2545,5,4646,1975,2671,0,0,0,1.0,1,1.0,1,1.0,1,0.2374295958684865,50
2546,1,4647,1976,2671,0,0,0,1.0,1,1.0,1,1.0,1,0.24991581282244765,50
2547,3,4650,1978,2672,0,0,0,1.0,1,1.0,1,1.0,1,0.31409959268017773,47
2548,2,4652,1978,2674,0,0,0,1.0,1,1.0,1,1.0,1,0.277441531291365,46
2549,1,4653,1979,2674,0,0,0,1.0,1,1.0,1,1.0,1,0.2814843880670299,46
2550,1,4654,1980,2674,0,0,0,1.0,1,1.0,1,1.0,1,0.27814912329564345,44
2551,5,4659,1980,2679,0,0,0,1.0,1,1.0,1,1.0,1,0.1892681371464233,43
2552,0,4659,1980,2679,0,0,0,1.0,1,1.0,1,1.0,1,0.21641479560388632,43
2553,2,4661,1980,2681,0,0,0,1.0,1,1.0,1,1.0,1,0.18367296518499143,44
2554,2,4663,1982,2681,0,0,0,1.0,1,1.0,1,1.0,1,0.22060607155878728,45
2555,1,4664,1983,2681,0,0,0,1.0,1,1.0,1,1.0,1,0.25110660601696166,44
2556,2,4666,1983,2683,0,0,0,1.0,1,1.0,1,1.0,1,0.1866023081893591,44
2557,2,4668,1984,2684,0,0,0,1.0,1,1.0,1,1.0,1,0.20629841586108175,41
2558,0,4668,1984,2684,0,0,0,1.0,1,1.0,1,1.0,1,0.2171114876217029,40
2559,1,4669,1984,2685,0,0,0,1.0,1,1.0,1,1.0,1,0.19599385419676082,41
2560,0,4669,1984,2685,0,0,0,1.0,1,1.0,1,1.0,1,0.19599385419676082,41
2561,0,4669,1984,2685,0,0,0,1.0,1,1.0,1,1.0,1,0.20885281319101615,43
2562,0,4669,1984,2685,0,0,0,1.0,1,1.0,1,1.0,1,0.2268661376109203,44
2563,1,4670,1984,2686,0,0,0,1.0,1,1.0,1,1.0,1,0.2185554861860145,44
2564,2,4672,1986,2686,0,0,0,1.0,1,1.0,1,1.0,1,0.26184450095460104,44
2565,3,4675,1989,2686,0,0,0,1.0,1,1.0,1,1.0,1,0.30266179415300226,45
2566,5,4680,1990,2690,0,0,0,1.0,1,1.0,1,1.0,1,0.2745604425041219,46
2567,2,4682,1991,2691,0,0,0,1.0,1,1.0,1,1.0,1,0.2637143007956081,48
2568,1,4683,1991,2692,0,0,0,1.0,1,1.0,1,1.0,1,0.25471207782295996,48
2569,1,4684,1991,2693,0,0,0,1.0,1,1.0,1,1.0,1,0.2603222571666621,49
2570,1,4685,1991,2694,0,0,0,1.0,1,1.0,1,1.0,1,0.257023463553524,48
2571,0,4685,1991,2694,0,0,0,1.0,1,1.0,1,1.0,1,0.257023463553524,48
2572,1,4686,1991,2695,0,0,0,1.0,1,1.0,1,1.0,1,0.23149281079507594,49
2573,0,4686,1991,2695,0,0,0,1.0,1,1.0,1,1.0,1,0.2222611812795905,50
2574,3,4689,1992,2697,0,0,0,1.0,1,1.0,1,1.0,1,0.23350264237441037,49
2575,1,4690,1992,2698,0,0,0,1.0,1,1.0,1,1.0,1,0.224895035396268,48
2576,0,4690,1992,2698,0,0,0,1.0,1,1.0,1,1.0,1,0.224895035396268,48
2577,1,4691,1992,2699,0,0,0,1.0,1,1.0,1,1.0,1,0.2347641618884978,50
2578,1,4692,1993,2699,0,0,0,1.0,1,1.0,1,1.0,1,0.24160550745644963,50
2579,2,4694,1993,2701,0,0,0,1.0,1,1.0,1,1.0,1,0.21529226326861717,51
2580,2,4696,1993,2703,0,0,0,1.0,1,1.0,1,1.0,1,0.21514622437916936,52
2581,1,4697,1993,2704,0,0,0,1.0,1,1.0,1,1.0,1,0.22143457287774868,51
2582,2,4699,1994,2705,0,0,0,1.0,1,1.0,1,1.0,1,0.22028452301406606,51
2583,0,4699,1994,2705,0,0,0,1.0,1,1.0,1,1.0,1,0.22159434762430247,51
2584,3,4702,1996,2706,0,0,0,1.0,1,1.0,1,1.0,1,0.24160962269129813,51
2585,0,4702,1996,2706,0,0,0,1.0,1,1.0,1,1.0,1,0.227735762082059,50
2586,2,4704,1998,2706,0,0,0,1.0,1,1.0,1,1.0,1,0.29254431151995486,50
2587,3,4707,1999,2708,0,0,0,1.0,1,1.0,1,1.0,1,0.2308590647227179,48
2588,4,4711,2002,2709,0,0,0,1.0,1,1.0,1,1.0,1,0.3051192776508409,50
2589,2,4713,2003,2710,0,0,0,1.0,1,1.0,1,1.0,1,0.241790145433468,48
2590,1,4714,2004,2710,0,0,0,1.0,1,1.0,1,1.0,1,0.2704343061656198,47
2591,3,4717,2005,2712,0,0,0,1.0,1,1.0,1,1.0,1,0.27361243430504606,47
2592,1,4718,2006,2712,0,0,0,1.0,1,1.0,1,1.0,1,0.3008443066909206,47
2593,3,4721,2007,2714,0,0,0,1.0,1,1.0,1,1.0,1,0.2940893147255346,47
2594,10,4731,2012,2719,0,0,0,1.0,1,1.0,1,1.0,1,0.24072412279610553,49
2595,1,4732,2013,2719,0,0,0,1.0,1,1.0,1,1.0,1,0.20295442464565566,48
2596,4,4736,2015,2721,0,0,0,1.0,1,1.0,1,1.0,1,0.1344075838492749,47
2597,2,4738,2017,2721,0,0,0,1.0,1,1.0,1,1.0,1,0.1134646003483589,48
2598,2,4740,2019,2721,0,0,0,1.0,1,1.0,1,1.0,1,0.11033787030733641,48
2599,1,4741,2020,2721,0,0,0,1.0,1,1.0,1,1.0,1,0.09567116482077315,49
2600,1,4742,2021,2721,0,0,0,1.0,1,1.0,1,1.0,1,0.11447957488745467,52
2601,3,4745,2022,2723,0,0,0,1.0,1,1.0,1,1.0,1,0.12257302695754244,51
2602,1,4746,2022,2724,0,0,0,1.0,1,1.0,1,1.0,1,0.11152671452267132,52
2603,1,4747,2023,2724,0,0,0,1.0,1,1.0,1,1.0,1,0.16493598245428284,53
2604,0,4747,2023,2724,0,0,0,1.0,1,1.0,1,1.0,1,0.16493598245428284,53
2605,1,4748,2024,2724,0,0,0,1.0,1,1.0,1,1.0,1,0.19276913657765876,52
2606,2,4750,2024,2726,0,0,0,1.0,1,1.0,1,1.0,1,0.17551484984934854,52
2607,1,4751,2024,2727,0,0,0,1.0,1,1.0,1,1.0,1,0.19851212507679167,52
2608,0,4751,2024,2727,0,0,0,1.0,1,1.0,1,1.0,1,0.19851212507679167,52
2609,0,4751,2024,2727,0,0,0,1.0,1,1.0,1,1.0,1,0.20430646739877195,53
2610,1,4752,2025,2727,0,0,0,1.0,1,1.0,1,1.0,1,0.23998313462168028,54
2611,5,4757,2027,2730,0,0,0,1.0,1,1.0,1,1.0,1,0.14577648168172963,54
2612,3,4760,2029,2731,0,0,0,1.0,1,1.0,1,1.0,1,0.12635286259525638,56
2613,0,4760,2029,2731,0,0,0,1.0,1,1.0,1,1.0,1,0.12635286259525638,56
2614,2,4762,2030,2732,0,0,0,1.0,1,1.0,1,1.0,1,0.1079523538580836,56
2615,2,4764,2031,2733,0,0,0,1.0,1,1.0,1,1.0,1,0.10437995568896179,57
2616,0,4764,2031,2733,0,0,0,1.0,1,1.0,1,1.0,1,0.10437995568896179,57
2617,3,4767,2032,2735,0,0,0,1.0,1,1.0,1,1.0,1,0.12693173864694338,58
2618,0,4767,2032,2735,0,0,0,1.0,1,1.0,1,1.0,1,0.12693173864694338,58
2619,0,4767,2032,2735,0,0,0,1.0,1,1.0,1,1.0,1,0.14126853442357937,58
2620,1,4768,2032,2736,0,0,0,1.0,1,1.0,1,1.0,1,0.14032804185076392,60
2621,1,4769,2033,2736,0,0,0,1.0,1,1.0,1,1.0,1,0.1645870091179692,59
2622,4,4773,2035,2738,0,0,0,1.0,1,1.0,1,1.0,1,0.1693642271747,60
2623,4,4777,2036,2741,0,0,0,1.0,1,1.0,1,1.0,1,0.19136648814540874,59
2624,5,4782,2038,2744,0,0,0,1.0,1,1.0,1,1.0,1,0.19779142656418328,58
2625,2,4784,2040,2744,0,0,0,1.0,1,1.0,1,1.0,1,0.2353872266626971,58
2626,9,4793,2043,2750,0,0,0,1.0,1,1.0,1,1.0,1,0.20031483159199812,57
2627,0,4793,2043,2750,0,0,0,1.0,1,1.0,1,1.0,1,0.191483768034998,55
2628,1,4794,2044,2750,0,0,0,1.0,1,1.0,1,1.0,1,0.20932797225796757,55
2629,0,4794,2044,2750,0,0,0,1.0,1,1.0,1,1.0,1,0.20952702696606867,54
2630,2,4796,2045,2751,0,0,0,1.0,1,1.0,1,1.0,1,0.24607292217747884,55
2631,1,4797,2046,2751,0,0,0,1.0,1,1.0,1,1.0,1,0.2352979450841494,55
2632,1,4798,2047,2751,0,0,0,1.0,1,1.0,1,1.0,1,0.2620963941863795,55
2633,1,4799,2048,2751,0,0,0,1.0,1,1.0,1,1.0,1,0.2667112569957377,53
2634,2,4801,2049,2752,0,0,0,1.0,1,1.0,1,1.0,1,0.27718336066245575,52
2635,0,4801,2049,2752,0,0,0,1.0,1,1.0,1,1.0,1,0.28456653642486834,52
2636,6,4807,2052,2755,0,0,0,1.0,1,1.0,1,1.0,1,0.2724789983064828,51
2637,2,4809,2053,2756,0,0,0,1.0,1,1.0,1,1.0,1,0.2778445937585443,50
2638,3,4812,2055,2757,0,0,0,1.0,1,1.0,1,1.0,1,0.24522110227814464,48
2639,2,4814,2056,2758,0,0,0,1.0,1,1.0,1,1.0,1,0.23379094913209492,48
2640,4,4818,2059,2759,0,0,0,1.0,1,1.0,1,1.0,1,0.25767755212532567,46
2641,4,4822,2060,2762,0,0,0,1.0,1,1.0,1,1.0,1,0.2255598066146353,46
2642,9,4831,2065,2766,0,0,0,1.0,1,1.0,1,1.0,1,0.12979485344711028,47
2643,3,4834,2067,2767,0,0,0,1.0,1,1.0,1,1.0,1,0.1386284032882315,45
2644,3,4837,2070,2767,0,0,0,1.0,1,1.0,1,1.0,1,0.25253823509980927,44
2645,3,4840,2071,2769,0,0,0,1.0,1,1.0,1,1.0,1,0.19215539491796427,42
2646,3,4843,2073,2770,0,0,0,1.0,1,1.0,1,1.0,1,0.2152581712618429,43
2647,1,4844,2074,2770,0,0,0,1.0,1,1.0,1,1.0,1,0.2358131070129999,40
2648,1,4845,2075,2770,0,0,0,1.0,1,1.0,1,1.0,1,0.18427150802726597,41
2649,1,4846,2076,2770,0,0,0,1.0,1,1.0,1,1.0,1,0.17855915352914334,43
2650,1,4847,2076,2771,0,0,0,1.0,1,1.0,1,1.0,1,0.1929395048403838,43
2651,1,4848,2077,2771,0,0,0,1.0,1,1.0,1,1.0,1,0.15801270993215502,44
2652,2,4850,2078,2772,0,0,0,1.0,1,1.0,1,1.0,1,0.17171775008819407,44
2653,0,4850,2078,2772,0,0,0,1.0,1,1.0,1,1.0,1,0.17171775008819407,44
2654,0,4850,2078,2772,0,0,0,1.0,1,1.0,1,1.0,1,0.180405893693717,45
2655,1,4851,2079,2772,0,0,0,1.0,1,1.0,1,1.0,1,0.16708965469389656,45
2656,0,4851,2079,2772,0,0,0,1.0,1,1.0,1,1.0,1,0.16708965469389656,45
2657,0,4851,2079,2772,0,0,0,1.0,1,1.0,1,1.0,1,0.18168564743497212,45
2658,1,4852,2079,2773,0,0,0,1.0,1,1.0,1,1.0,1,0.17673749349285411,47
2659,1,4853,2080,2773,0,0,0,1.0,1,1.0,1,1.0,1,0.1994697553990482,46
2660,1,4854,2081,2773,0,0,0,1.0,1,1.0,1,1.0,1,0.2092878343655779,46
2661,1,4855,2082,2773,0,0,0,1.0,1,1.0,1,1.0,1,0.2146706519248432,46
2662,5,4860,2085,2775,0,0,0,1.0,1,1.0,1,1.0,1,0.22212235556452825,47
2663,5,4865,2088,2777,0,0,0,1.0,1,1.0,1,1.0,1,0.2914567534879277,46
2664,1,4866,2088,2778,0,0,0,1.0,1,1.0,1,1.0,1,0.26190607975045094,45
2665,2,4868,2090,2778,0,0,0,1.0,1,1.0,1,1.0,1,0.2613023325107009,47
2666,4,4872,2093,2779,0,0,0,1.0,1,1.0,1,1.0,1,0.27760369675973146,47
2667,3,4875,2094,2781,0,0,0,1.0,1,1.0,1,1.0,1,0.27303661315282096,45
2668,1,4876,2095,2781,0,0,0,1.0,1,1.0,1,1.0,1,0.260259139672999,45
2669,1,4877,2096,2781,0,0,0,1.0,1,1.0,1,1.0,1,0.27510582591003346,45
2670,3,4880,2098,2782,0,0,0,1.0,1,1.0,1,1.0,1,0.2651655192865576,45
2671,5,4885,2100,2785,0,0,0,1.0,1,1.0,1,1.0,1,0.22535265758291156,41
2672,0,4885,2100,2785,0,0,0,1.0,1,1.0,1,1.0,1,0.2396126891763654,40
2673,2,4887,2101,2786,0,0,0,1.0,1,1.0,1,1.0,1,0.16516533536827113,39
2674,1,4888,2102,2786,0,0,0,1.0,1,1.0,1,1.0,1,0.17714446640915396,37
2675,0,4888,2102,2786,0,0,0,1.0,1,1.0,1,1.0,1,0.14409582392107553,35
2676,0,4888,2102,2786,0,0,0,1.0,1,1.0,1,1.0,1,0.16363565014814652,34
2677,1,4889,2103,2786,0,0,0,1.0,1,1.0,1,1.0,1,0.19605257115076133,32
2678,0,4889,2103,2786,0,0,0,1.0,1,1.0,1,1.0,1,0.204743098304409,33
2679,2,4891,2105,2786,0,0,0,1.0,1,1.0,1,1.0,1,0.3166597592172379,33
2680,5,4896,2109,2787,0,0,0,1.0,1,1.0,1,1.0,1,0.39334010606175723,33
2681,5,4901,2110,2791,0,0,0,1.0,1,1.0,1,1.0,1,0.3066175081795215,32
2682,2,4903,2112,2791,0,0,0,1.0,1,1.0,1,1.0,1,0.37931299056154616,32
2683,1,4904,2113,2791,0,0,0,1.0,1,1.0,1,1.0,1,0.3184761826213669,32
2684,0,4904,2113,2791,0,0,0,1.0,1,1.0,1,1.0,1,0.3016860616932419,31
2685,1,4905,2114,2791,0,0,0,1.0,1,1.0,1,1.0,1,0.2903246124521603,30
2686,3,4908,2114,2794,0,0,0,1.0,1,1.0,1,1.0,1,0.208962658747039,29
2687,0,4908,2114,2794,0,0,0,1.0,1,1.0,1,1.0,1,0.21181033308080374,28
2688,0,4908,2114,2794,0,0,0,1.0,1,1.0,1,1.0,1,0.21181033308080374,28
2689,0,4908,2114,2794,0,0,0,1.0,1,1.0,1,1.0,1,0.2758820882960774,29
2690,0,4908,2114,2794,0,0,0,1.0,1,1.0,1,1.0,1,0.2758820882960774,29
2691,3,4911,2117,2794,0,0,0,1.0,1,1.0,1,1.0,1,0.30193420943777377,29
2692,2,4913,2117,2796,0,0,0,1.0,1,1.0,1,1.0,1,0.2678729328520013,31
2693,2,4915,2119,2796,0,0,0,1.0,1,1.0,1,1.0,1,0.36271805714594113,32
2694,3,4918,2120,2798,0,0,0,1.0,1,1.0,1,1.0,1,0.286484965592746,32
2695,0,4918,2120,2798,0,0,0,1.0,1,1.0,1,1.0,1,0.2622899638313001,33
2696,0,4918,2120,2798,0,0,0,1.0,1,1.0,1,1.0,1,0.2622899638313001,33
2697,2,4920,2122,2798,0,0,0,1.0,1,1.0,1,1.0,1,0.24116767448109483,34
2698,2,4922,2124,2798,0,0,0,1.0,1,1.0,1,1.0,1,0.2106003987851869,34
2699,1,4923,2124,2799,0,0,0,1.0,1,1.0,1,1.0,1,0.1818726319239434,36
2700,0,4923,2124,2799,0,0,0,1.0,1,1.0,1,1.0,1,0.20521012530096489,36
2701,1,4924,2124,2800,0,0,0,1.0,1,1.0,1,1.0,1,0.19338678301304973,36
2702,2,4926,2126,2800,0,0,0,1.0,1,1.0,1,1.0,1,0.22641574498534814,36
2703,3,4929,2128,2801,0,0,0,1.0,1,1.0,1,1.0,1,0.23698750512529115,38
2704,3,4932,2129,2803,0,0,0,1.0,1,1.0,1,1.0,1,0.21962126873653587,37
2705,7,4939,2132,2807,0,0,0,1.0,1,1.0,1,1.0,1,0.22775743029648096,36
2706,1,4940,2133,2807,0,0,0,1.0,1,1.0,1,1.0,1,0.27418468574956484,34
2707,1,4941,2134,2807,0,0,0,1.0,1,1.0,1,1.0,1,0.28582762466136824,36
2708,3,4944,2137,2807,0,0,0,1.0,1,1.0,1,1.0,1,0.2900022839130232,36
2709,0,4944,2137,2807,0,0,0,1.0,1,1.0,1,1.0,1,0.2912731132890653,33
2710,3,4947,2140,2807,0,0,0,1.0,1,1.0,1,1.0,1,0.30670815551389874,32
2711,1,4948,2141,2807,0,0,0,1.0,1,1.0,1,1.0,1,0.29495967165158377,29
2712,0,4948,2141,2807,0,0,0,1.0,1,1.0,1,1.0,1,0.30375786234118196,28
2713,0,4948,2141,2807,0,0,0,1.0,1,1.0,1,1.0,1,0.3227834330524114,28
2714,0,4948,2141,2807,0,0,0,1.0,1,1.0,1,1.0,1,0.3453018748511239,25
2715,2,4950,2143,2807,0,0,0,1.0,1,1.0,1,1.0,1,0.38307254311108835,24
2716,5,4955,2145,2810,0,0,0,1.0,1,1.0,1,1.0,1,0.3578446090732332,23
2717,0,4955,2145,2810,0,0,0,1.0,1,1.0,1,1.0,1,0.34665857812741613,24
2718,0,4955,2145,2810,0,0,0,1.0,1,1.0,1,1.0,1,0.34665857812741613,24
2719,1,4956,2145,2811,0,0,0,1.0,1,1.0,1,1.0,1,0.325258652979593,25
2720,2,4958,2147,2811,0,0,0,1.0,1,1.0,1,1.0,1,0.3254234551155874,25
2721,2,4960,2149,2811,0,0,0,1.0,1,1.0,1,1.0,1,0.3657863471260594,26
2722,1,4961,2150,2811,0,0,0,1.0,1,1.0,1,1.0,1,0.3998064288649404,26
2723,2,4963,2151,2812,0,0,0,1.0,1,1.0,1,1.0,1,0.33280474499987944,26
2724,1,4964,2152,2812,0,0,0,1.0,1,1.0,1,1.0,1,0.3667594804737858,27
2725,0,4964,2152,2812,0,0,0,1.0,1,1.0,1,1.0,1,0.3667594804737858,27
2726,1,4965,2152,2813,0,0,0,1.0,1,1.0,1,1.0,1,0.32170990975097485,28
2727,0,4965,2152,2813,0,0,0,1.0,1,1.0,1,1.0,1,0.304827695316028,29
2728,0,4965,2152,2813,0,0,0,1.0,1,1.0,1,1.0,1,0.2951381173854708,28
2729,1,4966,2152,2814,0,0,0,1.0,1,1.0,1,1.0,1,0.255937988096565,28
2730,0,4966,2152,2814,0,0,0,1.0,1,1.0,1,1.0,1,0.2543926788072026,29
2731,1,4967,2152,2815,0,0,0,1.0,1,1.0,1,1.0,1,0.2565385274655165,30
2732,0,4967,2152,2815,0,0,0,1.0,1,1.0,1,1.0,1,0.26436653783858577,29
2733,0,4967,2152,2815,0,0,0,1.0,1,1.0,1,1.0,1,0.26436653783858577,29
2734,0,4967,2152,2815,0,0,0,1.0,1,1.0,1,1.0,1,0.26436653783858577,29
2735,3,4970,2155,2815,0,0,0,1.0,1,1.0,1,1.0,1,0.3177749685983133,29
2736,1,4971,2155,2816,0,0,0,1.0,1,1.0,1,1.0,1,0.32323366679143645,30
2737,1,4972,2155,2817,0,0,0,1.0,1,1.0,1,1.0,1,0.28463976203140934,30
2738,3,4975,2157,2818,0,0,0,1.0,1,1.0,1,1.0,1,0.3445218347749296,29
2739,0,4975,2157,2818,0,0,0,1.0,1,1.0,1,1.0,1,0.3487349401812543,30
2740,0,4975,2157,2818,0,0,0,1.0,1,1.0,1,1.0,1,0.3680315063561,29
2741,1,4976,2158,2818,0,0,0,1.0,1,1.0,1,1.0,1,0.3534766379446951,29
2742,3,4979,2160,2819,0,0,0,1.0,1,1.0,1,1.0,1,0.40412983285208376,29
2743,1,4980,2160,2820,0,0,0,1.0,1,1.0,1,1.0,1,0.4079455775370764,30
2744,2,4982,2162,2820,0,0,0,1.0,1,1.0,1,1.0,1,0.4827323102691756,28
2745,2,4984,2162,2822,0,0,0,1.0,1,1.0,1,1.0,1,0.45656072093946604,27
2746,3,4987,2163,2824,0,0,0,1.0,1,1.0,1,1.0,1,0.4361083882186105,26
2747,6,4993,2165,2828,0,0,0,1.0,1,1.0,1,1.0,1,0.37070216005619505,22
2748,3,4996,2165,2831,0,0,0,1.0,1,1.0,1,1.0,1,0.3138692914375854,22
2749,0,4996,2165,2831,0,0,0,1.0,1,1.0,1,1.0,1,0.3628129744012592,20
2750,0,4996,2165,2831,0,0,0,1.0,1,1.0,1,1.0,1,0.4217579046366201,17
2751,1,4997,2165,2832,0,0,0,1.0,1,1.0,1,1.0,1,0.3674045791244174,17
2752,0,4997,2165,2832,0,0,0,1.0,1,1.0,1,1.0,1,0.4102545450237595,16
2753,0,4997,2165,2832,0,0,0,1.0,1,1.0,1,1.0,1,0.4102545450237595,16
2754,1,4998,2166,2832,0,0,0,1.0,1,1.0,1,1.0,1,0.4048324537141495,16
2755,0,4998,2166,2832,0,0,0,1.0,1,1.0,1,1.0,1,0.4048324537141495,16
2756,0,4998,2166,2832,0,0,0,1.0,1,1.0,1,1.0,1,0.4200262593838158,17
2757,1,4999,2167,2832,0,0,0,1.0,1,1.0,1,1.0,1,0.37963513481577965,18
2758,0,4999,2167,2832,0,0,0,1.0,1,1.0,1,1.0,1,0.37963513481577965,18
2759,1,5000,2168,2832,0,0,0,1.0,1,1.0,1,1.0,1,0.38520884213351264,19
2760,0,5000,2168,2832,0,0,0,1.0,1,1.0,1,1.0,1,0.3479788544322492,18
2761,0,5000,2168,2832,0,0,0,1.0,1,1.0,1,1.0,1,0.3479788544322492,18
2762,0,5000,2168,2832,0,0,0,1.0,1,1.0,1,1.0,1,0.3479788544322492,18
2763,0,5000,2168,2832,0,0,0,1.0,1,1.0,1,1.0,1,0.3479788544322492,18
2764,0,5000,2168,2832,0,0,0,1.0,1,1.0,1,1.0,1,0.3479788544322492,18
2765,1,5001,2169,2832,0,0,0,1.0,1,1.0,1,1.0,1,0.2140150968623965,18
2766,0,5001,2169,2832,0,0,0,1.0,1,1.0,1,1.0,1,0.2140150968623965,18
2767,0,5001,2169,2832,0,0,0,1.0,1,1.0,1,1.0,1,0.2541948695878744,17
2768,0,5001,2169,2832,0,0,0,1.0,1,1.0,1,1.0,1,0.2541948695878744,17
2769,1,5002,2170,2832,0,0,0,1.0,1,1.0,1,1.0,1,0.32811838632328316,17
2770,0,5002,2170,2832,0,0,0,1.0,1,1.0,1,1.0,1,0.32811838632328316,17
2771,0,5002,2170,2832,0,0,0,1.0,1,1.0,1,1.0,1,0.32811838632328316,17
2772,0,5002,2170,2832,0,0,0,1.0,1,1.0,1,1.0,1,0.32811838632328316,17
2773,1,5003,2171,2832,0,0,0,1.0,1,1.0,1,1.0,1,0.377705813856316,17
2774,0,5003,2171,2832,0,0,0,1.0,1,1.0,1,1.0,1,0.3224204964373463,18
2775,1,5004,2172,2832,0,0,0,1.0,1,1.0,1,1.0,1,0.3517176029153232,20
2776,2,5006,2173,2833,0,0,0,1.0,1,1.0,1,1.0,1,0.3707418589849927,21
2777,0,5006,2173,2833,0,0,0,1.0,1,1.0,1,1.0,1,0.3707418589849927,21
2778,4,5010,2175,2835,0,0,0,1.0,1,1.0,1,1.0,1,0.3748979902970595,21
2779,0,5010,2175,2835,0,0,0,1.0,1,1.0,1,1.0,1,0.37974771654663786,22
2780,2,5012,2176,2836,0,0,0,1.0,1,1.0,1,1.0,1,0.3995242305263465,22
2781,1,5013,2176,2837,0,0,0,1.0,1,1.0,1,1.0,1,0.37735301541081573,22
2782,1,5014,2177,2837,0,0,0,1.0,1,1.0,1,1.0,1,0.37208795015886553,23
2783,1,5015,2178,2837,0,0,0,1.0,1,1.0,1,1.0,1,0.3901919762157214,22
2784,1,5016,2179,2837,0,0,0,1.0,1,1.0,1,1.0,1,0.43229548868791895,21
2785,0,5016,2179,2837,0,0,0,1.0,1,1.0,1,1.0,1,0.37894814099657537,19
2786,1,5017,2180,2837,0,0,0,1.0,1,1.0,1,1.0,1,0.4363975089194478,19
2787,0,5017,2180,2837,0,0,0,1.0,1,1.0,1,1.0,1,0.39189582743049944,20
2788,0,5017,2180,2837,0,0,0,1.0,1,1.0,1,1.0,1,0.39189582743049944,20
2789,0,5017,2180,2837,0,0,0,1.0,1,1.0,1,1.0,1,0.3898810269925439,19
2790,0,5017,2180,2837,0,0,0,1.0,1,1.0,1,1.0,1,0.3759507160843849,20
2791,0,5017,2180,2837,0,0,0,1.0,1,1.0,1,1.0,1,0.3759507160843849,20
2792,0,5017,2180,2837,0,0,0,1.0,1,1.0,1,1.0,1,0.3759507160843849,20
2793,0,5017,2180,2837,0,0,0,1.0,1,1.0,1,1.0,1,0.4179058165832687,19
2794,0,5017,2180,2837,0,0,0,1.0,1,1.0,1,1.0,1,0.4306324827280714,20
2795,0,5017,2180,2837,0,0,0,1.0,1,1.0,1,1.0,1,0.4520901413867774,21
2796,0,5017,2180,2837,0,0,0,1.0,1,1.0,1,1.0,1,0.4518525033787944,22
2797,0,5017,2180,2837,0,0,0,1.0,1,1.0,1,1.0,1,0.49634527489039726,21
2798,1,5018,2181,2837,0,0,0,1.0,1,1.0,1,1.0,1,0.5445205559115877,21
2799,0,5018,2181,2837,0,0,0,1.0,1,1.0,1,1.0,1,0.5289128016649585,20
2800,0,5018,2181,2837,0,0,0,1.0,1,1.0,1,1.0,1,0.5289128016649585,20
2801,0,5018,2181,2837,0,0,0,1.0,1,1.0,1,1.0,1,0.5289128016649585,20
2802,1,5019,2181,2838,0,0,0,1.0,1,1.0,1,1.0,1,0.49470414299036214,20
2803,1,5020,2181,2839,0,0,0,1.0,1,1.0,1,1.0,1,0.4617407455532455,21
2804,1,5021,2181,2840,0,0,0,1.0,1,1.0,1,1.0,1,0.43324715375377226,22
2805,1,5022,2182,2840,0,0,0,1.0,1,1.0,1,1.0,1,0.43078283846107523,22
2806,4,5026,2184,2842,0,0,0,1.0,1,1.0,1,1.0,1,0.4128880843406496,23
2807,5,5031,2186,2845,0,0,0,1.0,1,1.0,1,1.0,1,0.29304608634200674,24
2808,4,5035,2188,2847,0,0,0,1.0,1,1.0,1,1.0,1,0.3286274081218451,24
2809,0,5035,2188,2847,0,0,0,1.0,1,1.0,1,1.0,1,0.31355917070914363,26
2810,0,5035,2188,2847,0,0,0,1.0,1,1.0,1,1.0,1,0.2783451378363829,26
2811,0,5035,2188,2847,0,0,0,1.0,1,1.0,1,1.0,1,0.2568215558593246,27
2812,0,5035,2188,2847,0,0,0,1.0,1,1.0,1,1.0,1,0.2568215558593246,27
2813,0,5035,2188,2847,0,0,0,1.0,1,1.0,1,1.0,1,0.2325308060866618,28
2814,1,5036,2189,2847,0,0,0,1.0,1,1.0,1,1.0,1,0.2350186706694391,29
2815,0,5036,2189,2847,0,0,0,1.0,1,1.0,1,1.0,1,0.2198591358367537,30
2816,1,5037,2190,2847,0,0,0,1.0,1,1.0,1,1.0,1,0.19019564997883698,31
2817,0,5037,2190,2847,0,0,0,1.0,1,1.0,1,1.0,1,0.19019564997883698,31
2818,3,5040,2191,2849,0,0,0,1.0,1,1.0,1,1.0,1,0.12761068651224022,32
2819,0,5040,2191,2849,0,0,0,1.0,1,1.0,1,1.0,1,0.12761068651224022,32
2820,2,5042,2192,2850,0,0,0,1.0,1,1.0,1,1.0,1,0.14015492112692696,33
2821,0,5042,2192,2850,0,0,0,1.0,1,1.0,1,1.0,1,0.1621534751893001,34
2822,1,5043,2193,2850,0,0,0,1.0,1,1.0,1,1.0,1,0.16153797513260004,35
2823,1,5044,2194,2850,0,0,0,1.0,1,1.0,1,1.0,1,0.168839222760197,31
2824,2,5046,2196,2850,0,0,0,1.0,1,1.0,1,1.0,1,0.2666709572948928,33
2825,0,5046,2196,2850,0,0,0,1.0,1,1.0,1,1.0,1,0.22544426115564373,31
2826,1,5047,2197,2850,0,0,0,1.0,1,1.0,1,1.0,1,0.27051347699521766,31
2827,2,5049,2199,2850,0,0,0,1.0,1,1.0,1,1.0,1,0.297062462146934,32
2828,4,5053,2200,2853,0,0,0,1.0,1,1.0,1,1.0,1,0.30348725666096205,33
2829,1,5054,2201,2853,0,0,0,1.0,1,1.0,1,1.0,1,0.3254838281988839,33
2830,1,5055,2201,2854,0,0,0,1.0,1,1.0,1,1.0,1,0.33515685551882246,32
2831,1,5056,2202,2854,0,0,0,1.0,1,1.0,1,1.0,1,0.32200585842541946,31
2832,2,5058,2204,2854,0,0,0,1.0,1,1.0,1,1.0,1,0.3308580306564686,30
2833,2,5060,2206,2854,0,0,0,1.0,1,1.0,1,1.0,1,0.3621280556122636,29
2834,5,5065,2209,2856,0,0,0,1.0,1,1.0,1,1.0,1,0.434036576264629,29
2835,1,5066,2210,2856,0,0,0,1.0,1,1.0,1,1.0,1,0.4672105081528511,27
2836,9,5075,2211,2864,0,0,0,1.0,1,1.0,1,1.0,1,0.2150507068424856,27
2837,1,5076,2211,2865,0,0,0,1.0,1,1.0,1,1.0,1,0.2183313072377552,28
2838,1,5077,2212,2865,0,0,0,1.0,1,1.0,1,1.0,1,0.22968531552407287,29
2839,1,5078,2212,2866,0,0,0,1.0,1,1.0,1,1.0,1,0.26310463499718545,29
2840,1,5079,2212,2867,0,0,0,1.0,1,1.0,1,1.0,1,0.22619415123976827,29
2841,4,5083,2213,2870,0,0,0,1.0,1,1.0,1,1.0,1,0.2047779834756922,31
2842,1,5084,2213,2871,0,0,0,1.0,1,1.0,1,1.0,1,0.23273491347782554,32
2843,2,5086,2213,2873,0,0,0,1.0,1,1.0,1,1.0,1,0.22866701857551797,32
2844,4,5090,2214,2876,0,0,0,1.0,1,1.0,1,1.0,1,0.2209915291324189,33
2845,6,5096,2215,2881,0,0,0,1.0,1,1.0,1,1.0,1,0.24891089070061242,34
2846,3,5099,2216,2883,0,0,0,1.0,1,1.0,1,1.0,1,0.2656462073741572,34
2847,2,5101,2216,2885,0,0,0,1.0,1,1.0,1,1.0,1,0.27455006263247145,35
2848,7,5108,2217,2891,0,0,0,1.0,1,1.0,1,1.0,1,0.2927654344948225,37
2849,5,5113,2217,2896,0,0,0,1.0,1,1.0,1,1.0,1,0.3061773148356279,37
2850,2,5115,2217,2898,0,0,0,1.0,1,1.0,1,1.0,1,0.27138179475229607,37
2851,5,5120,2218,2902,0,0,0,1.0,1,1.0,1,1.0,1,0.16816416284144936,38
2852,0,5120,2218,2902,0,0,0,1.0,1,1.0,1,1.0,1,0.17371712281664117,36
2853,0,5120,2218,2902,0,0,0,1.0,1,1.0,1,1.0,1,0.2294266917579264,36
2854,0,5120,2218,2902,0,0,0,1.0,1,1.0,1,1.0,1,0.24256815542680082,37
2855,0,5120,2218,2902,0,0,0,1.0,1,1.0,1,1.0,1,0.2821223016348525,37
2856,1,5121,2218,2903,0,0,0,1.0,1,1.0,1,1.0,1,0.25326234074133225,38
2857,0,5121,2218,2903,0,0,0,1.0,1,1.0,1,1.0,1,0.26181857803034864,39
2858,5,5126,2218,2908,0,0,0,1.0,1,1.0,1,1.0,1,0.20068108050212405,39
2859,1,5127,2219,2908,0,0,0,1.0,1,1.0,1,1.0,1,0.1995002936764367,39
2860,2,5129,2220,2909,0,0,0,1.0,1,1.0,1,1.0,1,0.18640716900887527,40
2861,2,5131,2221,2910,0,0,0,1.0,1,1.0,1,1.0,1,0.22156859607640825,38
2862,6,5137,2226,2911,0,0,0,1.0,1,1.0,1,1.0,1,0.25583527638707915,38
2863,3,5140,2226,2914,0,0,0,1.0,1,1.0,1,1.0,1,0.22532703638830784,37
2864,5,5145,2229,2916,0,0,0,1.0,1,1.0,1,1.0,1,0.29298926177533646,35
2865,4,5149,2230,2919,0,0,0,1.0,1,1.0,1,1.0,1,0.3140300631794717,33
2866,3,5152,2231,2921,0,0,0,1.0,1,1.0,1,1.0,1,0.2597402349883165,31
2867,2,5154,2232,2922,0,0,0,1.0,1,1.0,1,1.0,1,0.28438255994253714,30
2868,2,5156,2234,2922,0,0,0,1.0,1,1.0,1,1.0,1,0.3069334246972577,31
2869,4,5160,2237,2923,0,0,0,1.0,1,1.0,1,1.0,1,0.39576342163990413,30
2870,0,5160,2237,2923,0,0,0,1.0,1,1.0,1,1.0,1,0.41024495306183023,26
2871,2,5162,2238,2924,0,0,0,1.0,1,1.0,1,1.0,1,0.3921381314990805,27
2872,1,5163,2239,2924,0,0,0,1.0,1,1.0,1,1.0,1,0.3680922331424072,25
2873,0,5163,2239,2924,0,0,0,1.0,1,1.0,1,1.0,1,0.3721275183520872,24
2874,0,5163,2239,2924,0,0,0,1.0,1,1.0,1,1.0,1,0.32829038283550543,25
2875,0,5163,2239,2924,0,0,0,1.0,1,1.0,1,1.0,1,0.349835640545471,26
2876,2,5165,2240,2925,0,0,0,1.0,1,1.0,1,1.0,1,0.36534964471328785,28
2877,1,5166,2240,2926,0,0,0,1.0,1,1.0,1,1.0,1,0.324184863026318,29
2878,0,5166,2240,2926,0,0,0,1.0,1,1.0,1,1.0,1,0.3224735894299981,31
2879,0,5166,2240,2926,0,0,0,1.0,1,1.0,1,1.0,1,0.3224735894299981,31
2880,0,5166,2240,2926,0,0,0,1.0,1,1.0,1,1.0,1,0.30508228191067127,32
2881,4,5170,2240,2930,0,0,0,1.0,1,1.0,1,1.0,1,0.21680640623157582,31
2882,0,5170,2240,2930,0,0,0,1.0,1,1.0,1,1.0,1,0.21680640623157582,31
2883,0,5170,2240,2930,0,0,0,1.0,1,1.0,1,1.0,1,0.27501379604586734,32
2884,3,5173,2241,2932,0,0,0,1.0,1,1.0,1,1.0,1,0.2690091373423323,32
2885,1,5174,2241,2933,0,0,0,1.0,1,1.0,1,1.0,1,0.26960255736082833,33
2886,2,5176,2243,2933,0,0,0,1.0,1,1.0,1,1.0,1,0.26498897644071623,34
2887,2,5178,2243,2935,0,0,0,1.0,1,1.0,1,1.0,1,0.2290637468695229,34
2888,2,5180,2244,2936,0,0,0,1.0,1,1.0,1,1.0,1,0.23224791312800136,34
2889,1,5181,2244,2937,0,0,0,1.0,1,1.0,1,1.0,1,0.24662078514976296,37
2890,1,5182,2244,2938,0,0,0,1.0,1,1.0,1,1.0,1,0.23408954925889203,37
2891,3,5185,2246,2939,0,0,0,1.0,1,1.0,1,1.0,1,0.3145041508742385,37
2892,3,5188,2246,2942,0,0,0,1.0,1,1.0,1,1.0,1,0.2893542763588113,37
2893,4,5192,2247,2945,0,0,0,1.0,1,1.0,1,1.0,1,0.32943302735286084,38
2894,2,5194,2247,2947,0,0,0,1.0,1,1.0,1,1.0,1,0.30878204792002206,39
2895,3,5197,2248,2949,0,0,0,1.0,1,1.0,1,1.0,1,0.28938706623698973,40
2896,4,5201,2248,2953,0,0,0,1.0,1,1.0,1,1.0,1,0.21631317206284773,41
2897,0,5201,2248,2953,0,0,0,1.0,1,1.0,1,1.0,1,0.21631317206284773,41
2898,3,5204,2250,2954,0,0,0,1.0,1,1.0,1,1.0,1,0.22852720370968588,41
2899,0,5204,2250,2954,0,0,0,1.0,1,1.0,1,1.0,1,0.20588688997552368,39
2900,4,5208,2254,2954,0,0,0,1.0,1,1.0,1,1.0,1,0.36484231351548685,40
2901,1,5209,2254,2955,0,0,0,1.0,1,1.0,1,1.0,1,0.3255464245914642,40
2902,0,5209,2254,2955,0,0,0,1.0,1,1.0,1,1.0,1,0.3399815442349434,38
2903,2,5211,2256,2955,0,0,0,1.0,1,1.0,1,1.0,1,0.36113882153370747,36
2904,3,5214,2257,2957,0,0,0,1.0,1,1.0,1,1.0,1,0.31912048326378206,36
2905,0,5214,2257,2957,0,0,0,1.0,1,1.0,1,1.0,1,0.29986437481069145,35
2906,1,5215,2257,2958,0,0,0,1.0,1,1.0,1,1.0,1,0.2824258268134775,36
2907,1,5216,2258,2958,0,0,0,1.0,1,1.0,1,1.0,1,0.32228211354835495,37
2908,0,5216,2258,2958,0,0,0,1.0,1,1.0,1,1.0,1,0.33195384171877373,38
2909,1,5217,2259,2958,0,0,0,1.0,1,1.0,1,1.0,1,0.35344966556324925,37
2910,1,5218,2259,2959,0,0,0,1.0,1,1.0,1,1.0,1,0.3434759042178063,37
2911,3,5221,2259,2962,0,0,0,1.0,1,1.0,1,1.0,1,0.29937865781258405,36
2912,3,5224,2261,2963,0,0,0,1.0,1,1.0,1,1.0,1,0.3382388372753071,36
2913,3,5227,2262,2965,0,0,0,1.0,1,1.0,1,1.0,1,0.31707325359835387,36
2914,0,5227,2262,2965,0,0,0,1.0,1,1.0,1,1.0,1,0.3175062995215786,38
2915,0,5227,2262,2965,0,0,0,1.0,1,1.0,1,1.0,1,0.3223882880724103,37
2916,1,5228,2262,2966,0,0,0,1.0,1,1.0,1,1.0,1,0.2970114410971966,39
2917,4,5232,2263,2969,0,0,0,1.0,1,1.0,1,1.0,1,0.2596375292781155,40
2918,3,5235,2266,2969,0,0,0,1.0,1,1.0,1,1.0,1,0.2778834458718228,40
2919,3,5238,2267,2971,0,0,0,1.0,1,1.0,1,1.0,1,0.24250662741653128,42
2920,0,5238,2267,2971,0,0,0,1.0,1,1.0,1,1.0,1,0.24250662741653128,42
2921,0,5238,2267,2971,0,0,0,1.0,1,1.0,1,1.0,1,0.24250662741653128,42
2922,1,5239,2267,2972,0,0,0,1.0,1,1.0,1,1.0,1,0.21740728569472162,43
2923,1,5240,2267,2973,0,0,0,1.0,1,1.0,1,1.0,1,0.21325272657064118,45
2924,3,5243,2268,2975,0,0,0,1.0,1,1.0,1,1.0,1,0.1930611421512477,46
2925,1,5244,2268,2976,0,0,0,1.0,1,1.0,1,1.0,1,0.1817467393197864,46
2926,0,5244,2268,2976,0,0,0,1.0,1,1.0,1,1.0,1,0.1817467393197864,46
2927,1,5245,2269,2976,0,0,0,1.0,1,1.0,1,1.0,1,0.20406208565698572,48
2928,0,5245,2269,2976,0,0,0,1.0,1,1.0,1,1.0,1,0.20406208565698572,48
2929,0,5245,2269,2976,0,0,0,1.0,1,1.0,1,1.0,1,0.20406208565698572,48
2930,1,5246,2269,2977,0,0,0,1.0,1,1.0,1,1.0,1,0.20231931245801277,50
2931,1,5247,2270,2977,0,0,0,1.0,1,1.0,1,1.0,1,0.2133450978057498,51
2932,0,5247,2270,2977,0,0,0,1.0,1,1.0,1,1.0,1,0.2135303996551298,52
2933,0,5247,2270,2977,0,0,0,1.0,1,1.0,1,1.0,1,0.2219411430109905,53
2934,4,5251,2271,2980,0,0,0,1.0,1,1.0,1,1.0,1,0.2053129494767079,54
2935,1,5252,2272,2980,0,0,0,1.0,1,1.0,1,1.0,1,0.2039073812878015,53
2936,2,5254,2272,2982,0,0,0,1.0,1,1.0,1,1.0,1,0.21400706729698488,53
2937,3,5257,2273,2984,0,0,0,1.0,1,1.0,1,1.0,1,0.23259091086897118,51
2938,5,5262,2274,2988,0,0,0,1.0,1,1.0,1,1.0,1,0.24882414754197615,53
2939,2,5264,2274,2990,0,0,0,1.0,1,1.0,1,1.0,1,0.2519042320435583,52
2940,5,5269,2276,2993,0,0,0,1.0,1,1.0,1,1.0,1,0.3378908598871372,52
2941,2,5271,2276,2995,0,0,0,1.0,1,1.0,1,1.0,1,0.29600447981551475,50
2942,3,5274,2277,2997,0,0,0,1.0,1,1.0,1,1.0,1,0.2157963969642898,50
2943,2,5276,2277,2999,0,0,0,1.0,1,1.0,1,1.0,1,0.18642443065025702,49
2944,3,5279,2278,3001,0,0,0,1.0,1,1.0,1,1.0,1,0.15789852867287743,48
2945,1,5280,2278,3002,0,0,0,1.0,1,1.0,1,1.0,1,0.14600854274896724,48
2946,3,5283,2279,3004,0,0,0,1.0,1,1.0,1,1.0,1,0.1290627457114865,47
2947,4,5287,2280,3007,0,0,0,1.0,1,1.0,1,1.0,1,0.12298944476848162,47
2948,2,5289,2281,3008,0,0,0,1.0,1,1.0,1,1.0,1,0.14573751654569214,48
2949,1,5290,2281,3009,0,0,0,1.0,1,1.0,1,1.0,1,0.139373722503676,48
2950,0,5290,2281,3009,0,0,0,1.0,1,1.0,1,1.0,1,0.139373722503676,48
2951,0,5290,2281,3009,0,0,0,1.0,1,1.0,1,1.0,1,0.16260924258588336,50
2952,0,5290,2281,3009,0,0,0,1.0,1,1.0,1,1.0,1,0.16260924258588336,50
2953,0,5290,2281,3009,0,0,0,1.0,1,1.0,1,1.0,1,0.16667550481491272,51
2954,0,5290,2281,3009,0,0,0,1.0,1,1.0,1,1.0,1,0.16667550481491272,51
2955,0,5290,2281,3009,0,0,0,1.0,1,1.0,1,1.0,1,0.16667550481491272,51
2956,1,5291,2281,3010,0,0,0,1.0,1,1.0,1,1.0,1,0.15629237070454885,51
2957,0,5291,2281,3010,0,0,0,1.0,1,1.0,1,1.0,1,0.16456323755550498,52
2958,0,5291,2281,3010,0,0,0,1.0,1,1.0,1,1.0,1,0.16456323755550498,52
2959,2,5293,2282,3011,0,0,0,1.0,1,1.0,1,1.0,1,0.17497015952748685,53
2960,2,5295,2284,3011,0,0,0,1.0,1,1.0,1,1.0,1,0.1805154760944464,52
2961,2,5297,2284,3013,0,0,0,1.0,1,1.0,1,1.0,1,0.15965659151992587,53
2962,2,5299,2285,3014,0,0,0,1.0,1,1.0,1,1.0,1,0.183254038178667,54
2963,2,5301,2287,3014,0,0,0,1.0,1,1.0,1,1.0,1,0.17744577891928093,55
2964,0,5301,2287,3014,0,0,0,1.0,1,1.0,1,1.0,1,0.18310644490262645,55
2965,0,5301,2287,3014,0,0,0,1.0,1,1.0,1,1.0,1,0.19689538061164025,55
2966,1,5302,2288,3014,0,0,0,1.0,1,1.0,1,1.0,1,0.18070514366245508,55
2967,0,5302,2288,3014,0,0,0,1.0,1,1.0,1,1.0,1,0.21271980573912933,56
2968,4,5306,2288,3018,0,0,0,1.0,1,1.0,1,1.0,1,0.20858680779828714,56
2969,2,5308,2289,3019,0,0,0,1.0,1,1.0,1,1.0,1,0.2073322186754619,55
2970,4,5312,2289,3023,0,0,0,1.0,1,1.0,1,1.0,1,0.17772223178781157,57
2971,2,5314,2290,3024,0,0,0,1.0,1,1.0,1,1.0,1,0.15670697251854585,56
2972,3,5317,2291,3026,0,0,0,1.0,1,1.0,1,1.0,1,0.1422748173069466,57
2973,2,5319,2293,3026,0,0,0,1.0,1,1.0,1,1.0,1,0.1654952161325111,59
2974,2,5321,2294,3027,0,0,0,1.0,1,1.0,1,1.0,1,0.1685493171389193,60
2975,2,5323,2296,3027,0,0,0,1.0,1,1.0,1,1.0,1,0.2193355387121468,58
2976,2,5325,2297,3028,0,0,0,1.0,1,1.0,1,1.0,1,0.23221258936131262,59
2977,5,5330,2298,3032,0,0,0,1.0,1,1.0,1,1.0,1,0.250801684550351,59
2978,3,5333,2300,3033,0,0,0,1.0,1,1.0,1,1.0,1,0.24433427709990382,58
2979,2,5335,2301,3034,0,0,0,1.0,1,1.0,1,1.0,1,0.24516129519676372,57
2980,0,5335,2301,3034,0,0,0,1.0,1,1.0,1,1.0,1,0.24206147654830004,56
2981,1,5336,2302,3034,0,0,0,1.0,1,1.0,1,1.0,1,0.25673426078761136,56
2982,1,5337,2303,3034,0,0,0,1.0,1,1.0,1,1.0,1,0.24304826405046578,57
2983,5,5342,2307,3035,0,0,0,1.0,1,1.0,1,1.0,1,0.31635381214592223,57
2984,3,5345,2308,3037,0,0,0,1.0,1,1.0,1,1.0,1,0.3124075434778624,56
2985,5,5350,2309,3041,0,0,0,1.0,1,1.0,1,1.0,1,0.2840155673595959,55
2986,10,5360,2313,3047,0,0,0,1.0,1,1.0,1,1.0,1,0.23274940300925154,55
2987,2,5362,2314,3048,0,0,0,1.0,1,1.0,1,1.0,1,0.20247477647001136,51
2988,1,5363,2314,3049,0,0,0,1.0,1,1.0,1,1.0,1,0.1908989906311129,52
2989,1,5364,2314,3050,0,0,0,1.0,1,1.0,1,1.0,1,0.18088268685414755,50
2990,2,5366,2315,3051,0,0,0,1.0,1,1.0,1,1.0,1,0.17218864115472188,50
2991,1,5367,2315,3052,0,0,0,1.0,1,1.0,1,1.0,1,0.1717275707114714,50
2992,1,5368,2316,3052,0,0,0,1.0,1,1.0,1,1.0,1,0.1746339695567527,50
2993,0,5368,2316,3052,0,0,0,1.0,1,1.0,1,1.0,1,0.2175501938988782,51
2994,2,5370,2317,3053,0,0,0,1.0,1,1.0,1,1.0,1,0.22256412917044185,51
2995,1,5371,2317,3054,0,0,0,1.0,1,1.0,1,1.0,1,0.24716126243652414,51
2996,2,5373,2318,3055,0,0,0,1.0,1,1.0,1,1.0,1,0.2504116602482914,52
2997,2,5375,2319,3056,0,0,0,1.0,1,1.0,1,1.0,1,0.26530156999386345,52
2998,3,5378,2322,3056,0,0,0,1.0,1,1.0,1,1.0,1,0.28705825865152945,51
2999,2,5380,2322,3058,0,0,0,1.0,1,1.0,1,1.0,1,0.28705825865152945,51
3000,4,5384,2324,3060,0,0,0,1.0,1,1.0,1,1.0,1,0.28648259326833597,52
3001,3,5387,2324,3063,0,0,0,1.0,1,1.0,1,1.0,1,0.22001648525642128,52
3002,0,5387,2324,3063,0,0,0,1.0,1,1.0,1,1.0,1,0.23099063151484944,53
3003,0,5387,2324,3063,0,0,0,1.0,1,1.0,1,1.0,1,0.21849919298980175,54
3004,0,5387,2324,3063,0,0,0,1.0,1,1.0,1,1.0,1,0.2264809614960151,55
3005,0,5387,2324,3063,0,0,0,1.0,1,1.0,1,1.0,1,0.237227707658412,56
3006,0,5387,2324,3063,0,0,0,1.0,1,1.0,1,1.0,1,0.23291134082909723,57
3007,1,5388,2324,3064,0,0,0,1.0,1,1.0,1,1.0,1,0.21809365153456362,58
3008,2,5390,2325,3065,0,0,0,1.0,1,1.0,1,1.0,1,0.21108638575116773,59
3009,2,5392,2325,3067,0,0,0,1.0,1,1.0,1,1.0,1,0.21036983075171845,59
3010,0,5392,2325,3067,0,0,0,1.0,1,1.0,1,1.0,1,0.21036983075171845,59
3011,1,5393,2325,3068,0,0,0,1.0,1,1.0,1,1.0,1,0.1919351740315881,59
3012,2,5395,2325,3070,0,0,0,1.0,1,1.0,1,1.0,1,0.1849366272969895,61
3013,3,5398,2327,3071,0,0,0,1.0,1,1.0,1,1.0,1,0.21208374376337805,59
3014,2,5400,2328,3072,0,0,0,1.0,1,1.0,1,1.0,1,0.21614498667008153,60
3015,4,5404,2329,3075,0,0,0,1.0,1,1.0,1,1.0,1,0.2687730692481383,58
3016,4,5408,2330,3078,0,0,0,1.0,1,1.0,1,1.0,1,0.25444974375462726,57
3017,5,5413,2334,3079,0,0,0,1.0,1,1.0,1,1.0,1,0.2714426311756799,58
3018,0,5413,2334,3079,0,0,0,1.0,1,1.0,1,1.0,1,0.3034803428326711,55
3019,1,5414,2334,3080,0,0,0,1.0,1,1.0,1,1.0,1,0.29427252325002273,56
3020,1,5415,2335,3080,0,0,0,1.0,1,1.0,1,1.0,1,0.3248290105079297,55
3021,1,5416,2335,3081,0,0,0,1.0,1,1.0,1,1.0,1,0.3278154496333083,55
3022,3,5419,2336,3083,0,0,0,1.0,1,1.0,1,1.0,1,0.32278920091810526,55
3023,2,5421,2337,3084,0,0,0,1.0,1,1.0,1,1.0,1,0.3042039030374332,54
3024,2,5423,2338,3085,0,0,0,1.0,1,1.0,1,1.0,1,0.297812993274526,54
3025,4,5427,2340,3087,0,0,0,1.0,1,1.0,1,1.0,1,0.2904037013229041,54
3026,3,5430,2340,3090,0,0,0,1.0,1,1.0,1,1.0,1,0.2748840641072501,53
3027,2,5432,2340,3092,0,0,0,1.0,1,1.0,1,1.0,1,0.23158306996167277,53
3028,4,5436,2342,3094,0,0,0,1.0,1,1.0,1,1.0,1,0.23766814338074438,51
3029,2,5438,2343,3095,0,0,0,1.0,1,1.0,1,1.0,1,0.2603924597102105,51
3030,4,5442,2345,3097,0,0,0,1.0,1,1.0,1,1.0,1,0.26637454997534155,52
3031,5,5447,2346,3101,0,0,0,1.0,1,1.0,1,1.0,1,0.19206075716953078,51
3032,1,5448,2346,3102,0,0,0,1.0,1,1.0,1,1.0,1,0.16022710589913156,50
3033,0,5448,2346,3102,0,0,0,1.0,1,1.0,1,1.0,1,0.16310386998598644,52
3034,0,5448,2346,3102,0,0,0,1.0,1,1.0,1,1.0,1,0.16948160271886914,51
3035,0,5448,2346,3102,0,0,0,1.0,1,1.0,1,1.0,1,0.1678605153195506,51
3036,3,5451,2346,3105,0,0,0,1.0,1,1.0,1,1.0,1,0.1316879482251959,53
3037,1,5452,2346,3106,0,0,0,1.0,1,1.0,1,1.0,1,0.12911467291989154,52
3038,1,5453,2346,3107,0,0,0,1.0,1,1.0,1,1.0,1,0.12246483466040775,52
3039,0,5453,2346,3107,0,0,0,1.0,1,1.0,1,1.0,1,0.12000469971481867,54
3040,1,5454,2346,3108,0,0,0,1.0,1,1.0,1,1.0,1,0.11551802355671702,55
3041,0,5454,2346,3108,0,0,0,1.0,1,1.0,1,1.0,1,0.12696586381013797,56
3042,3,5457,2348,3109,0,0,0,1.0,1,1.0,1,1.0,1,0.1668197881299186,56
3043,2,5459,2348,3111,0,0,0,1.0,1,1.0,1,1.0,1,0.1471074933170801,57
3044,1,5460,2349,3111,0,0,0,1.0,1,1.0,1,1.0,1,0.1488751188496797,57
3045,0,5460,2349,3111,0,0,0,1.0,1,1.0,1,1.0,1,0.15068877672843004,56
3046,3,5463,2350,3113,0,0,0,1.0,1,1.0,1,1.0,1,0.13614771486065888,57
3047,0,5463,2350,3113,0,0,0,1.0,1,1.0,1,1.0,1,0.14851805123005085,56
3048,2,5465,2350,3115,0,0,0,1.0,1,1.0,1,1.0,1,0.14756226436871456,58
3049,1,5466,2350,3116,0,0,0,1.0,1,1.0,1,1.0,1,0.1694169114629349,59
3050,0,5466,2350,3116,0,0,0,1.0,1,1.0,1,1.0,1,0.1701387556232728,60
3051,6,5472,2352,3120,0,0,0,1.0,1,1.0,1,1.0,1,0.21155260562340564,59
3052,2,5474,2352,3122,0,0,0,1.0,1,1.0,1,1.0,1,0.22282587417857758,58
3053,3,5477,2354,3123,0,0,0,1.0,1,1.0,1,1.0,1,0.29408964679836824,57
3054,5,5482,2355,3127,0,0,0,1.0,1,1.0,1,1.0,1,0.3067354814216012,55
3055,3,5485,2356,3129,0,0,0,1.0,1,1.0,1,1.0,1,0.31652314724034325,54
3056,3,5488,2357,3131,0,0,0,1.0,1,1.0,1,1.0,1,0.3167577699204983,55
3057,1,5489,2357,3132,0,0,0,1.0,1,1.0,1,1.0,1,0.3368637255317888,54
3058,9,5498,2358,3140,0,0,0,1.0,1,1.0,1,1.0,1,0.3721128873630414,55
3059,9,5507,2358,3149,0,0,0,1.0,1,1.0,1,1.0,1,0.3664456867132332,56
3060,4,5511,2358,3153,0,0,0,1.0,1,1.0,1,1.0,1,0.3660870934316929,56
3061,7,5518,2359,3159,0,0,0,1.0,1,1.0,1,1.0,1,0.2629644964336247,56
3062,3,5521,2362,3159,0,0,0,1.0,1,1.0,1,1.0,1,0.2920287500735427,57
3063,1,5522,2362,3160,0,0,0,1.0,1,1.0,1,1.0,1,0.2503682513039507,55
3064,3,5525,2363,3162,0,0,0,1.0,1,1.0,1,1.0,1,0.2333905925129127,56
3065,1,5526,2363,3163,0,0,0,1.0,1,1.0,1,1.0,1,0.2215030815323413,55
3066,4,5530,2364,3166,0,0,0,1.0,1,1.0,1,1.0,1,0.1990364015901712,55
3067,3,5533,2366,3167,0,0,0,1.0,1,1.0,1,1.0,1,0.22189324327941146,54
3068,5,5538,2369,3169,0,0,0,1.0,1,1.0,1,1.0,1,0.25684381574619924,53
3069,2,5540,2371,3169,0,0,0,1.0,1,1.0,1,1.0,1,0.29014210562095566,51
3070,1,5541,2371,3170,0,0,0,1.0,1,1.0,1,1.0,1,0.25656528460715544,50
3071,1,5542,2372,3170,0,0,0,1.0,1,1.0,1,1.0,1,0.24617351963747514,51
3072,2,5544,2374,3170,0,0,0,1.0,1,1.0,1,1.0,1,0.2585351055201413,53
3073,0,5544,2374,3170,0,0,0,1.0,1,1.0,1,1.0,1,0.2606947116119345,51
3074,3,5547,2376,3171,0,0,0,1.0,1,1.0,1,1.0,1,0.2093965010935222,50
3075,0,5547,2376,3171,0,0,0,1.0,1,1.0,1,1.0,1,0.22350217153514826,52
3076,4,5551,2376,3175,0,0,0,1.0,1,1.0,1,1.0,1,0.1979574656880604,53
3077,0,5551,2376,3175,0,0,0,1.0,1,1.0,1,1.0,1,0.18235014535161823,52
3078,0,5551,2376,3175,0,0,0,1.0,1,1.0,1,1.0,1,0.217544050488694,53
3079,2,5553,2377,3176,0,0,0,1.0,1,1.0,1,1.0,1,0.2201164630479204,53
3080,2,5555,2377,3178,0,0,0,1.0,1,1.0,1,1.0,1,0.23345061678427123,52
3081,1,5556,2378,3178,0,0,0,1.0,1,1.0,1,1.0,1,0.2600545340829846,54
3082,2,5558,2379,3179,0,0,0,1.0,1,1.0,1,1.0,1,0.25608808393122645,54
3083,2,5560,2379,3181,0,0,0,1.0,1,1.0,1,1.0,1,0.2592063997656807,54
3084,2,5562,2380,3182,0,0,0,1.0,1,1.0,1,1.0,1,0.2585870464537444,55
3085,1,5563,2380,3183,0,0,0,1.0,1,1.0,1,1.0,1,0.26240185191024346,55
3086,4,5567,2380,3187,0,0,0,1.0,1,1.0,1,1.0,1,0.28338741021349456,56
3087,2,5569,2381,3188,0,0,0,1.0,1,1.0,1,1.0,1,0.29260722107443377,57
3088,3,5572,2381,3191,0,0,0,1.0,1,1.0,1,1.0,1,0.31508195992834565,56
3089,7,5579,2381,3198,0,0,0,1.0,1,1.0,1,1.0,1,0.30583105997915694,55
3090,3,5582,2381,3201,0,0,0,1.0,1,1.0,1,1.0,1,0.2944169702348361,54
3091,4,5586,2381,3205,0,0,0,1.0,1,1.0,1,1.0,1,0.264369682091898,53
3092,0,5586,2381,3205,0,0,0,1.0,1,1.0,1,1.0,1,0.23722410038363914,56
3093,1,5587,2382,3205,0,0,0,1.0,1,1.0,1,1.0,1,0.24636888695149403,56
3094,0,5587,2382,3205,0,0,0,1.0,1,1.0,1,1.0,1,0.26419554099972176,58
3095,2,5589,2382,3207,0,0,0,1.0,1,1.0,1,1.0,1,0.24832720160604493,59
3096,0,5589,2382,3207,0,0,0,1.0,1,1.0,1,1.0,1,0.2558537732479299,60
3097,2,5591,2383,3208,0,0,0,1.0,1,1.0,1,1.0,1,0.24542899671075957,60
3098,1,5592,2383,3209,0,0,0,1.0,1,1.0,1,1.0,1,0.26267947837943845,58
3099,0,5592,2383,3209,0,0,0,1.0,1,1.0,1,1.0,1,0.27580301365432125,57
3100,0,5592,2383,3209,0,0,0,1.0,1,1.0,1,1.0,1,0.27580301365432125,57
3101,1,5593,2384,3209,0,0,0,1.0,1,1.0,1,1.0,1,0.277210492891343,58
3102,2,5595,2386,3209,0,0,0,1.0,1,1.0,1,1.0,1,0.3177047169621719,59
3103,3,5598,2386,3212,0,0,0,1.0,1,1.0,1,1.0,1,0.2573959986555804,58
3104,6,5604,2389,3215,0,0,0,1.0,1,1.0,1,1.0,1,0.2527852881919435,58
3105,1,5605,2390,3215,0,0,0,1.0,1,1.0,1,1.0,1,0.24104581196341432,56
3106,4,5609,2393,3216,0,0,0,1.0,1,1.0,1,1.0,1,0.27811464914495326,57
3107,3,5612,2395,3217,0,0,0,1.0,1,1.0,1,1.0,1,0.2357386984219219,55
3108,3,5615,2398,3217,0,0,0,1.0,1,1.0,1,1.0,1,0.2835519558614391,55
3109,1,5616,2399,3217,0,0,0,1.0,1,1.0,1,1.0,1,0.2886436495060265,54
3110,3,5619,2401,3218,0,0,0,1.0,1,1.0,1,1.0,1,0.2359044991350769,54
3111,2,5621,2402,3219,0,0,0,1.0,1,1.0,1,1.0,1,0.23993189441882382,54
3112,8,5629,2405,3224,0,0,0,1.0,1,1.0,1,1.0,1,0.1948879993023711,56
3113,3,5632,2407,3225,0,0,0,1.0,1,1.0,1,1.0,1,0.17990745908745873,55
3114,3,5635,2409,3226,0,0,0,1.0,1,1.0,1,1.0,1,0.1860543681257878,54
3115,1,5636,2409,3227,0,0,0,1.0,1,1.0,1,1.0,1,0.1704671819389504,56
3116,3,5639,2411,3228,0,0,0,1.0,1,1.0,1,1.0,1,0.15287802060339994,56
3117,0,5639,2411,3228,0,0,0,1.0,1,1.0,1,1.0,1,0.19443357635976297,58
3118,1,5640,2412,3228,0,0,0,1.0,1,1.0,1,1.0,1,0.19724330255207684,57
3119,1,5641,2413,3228,0,0,0,1.0,1,1.0,1,1.0,1,0.2012532968518689,57
3120,1,5642,2413,3229,0,0,0,1.0,1,1.0,1,1.0,1,0.18015730975162142,56
3121,1,5643,2414,3229,0,0,0,1.0,1,1.0,1,1.0,1,0.1714021171696173,57
3122,0,5643,2414,3229,0,0,0,1.0,1,1.0,1,1.0,1,0.1714021171696173,57
3123,0,5643,2414,3229,0,0,0,1.0,1,1.0,1,1.0,1,0.1714021171696173,57
3124,0,5643,2414,3229,0,0,0,1.0,1,1.0,1,1.0,1,0.1764487708520609,59
3125,2,5645,2416,3229,0,0,0,1.0,1,1.0,1,1.0,1,0.20980094467796084,61
3126,5,5650,2418,3232,0,0,0,1.0,1,1.0,1,1.0,1,0.20116171973844166,60
3127,1,5651,2419,3232,0,0,0,1.0,1,1.0,1,1.0,1,0.2294914376071042,58
3128,3,5654,2420,3234,0,0,0,1.0,1,1.0,1,1.0,1,0.2597086650845893,58
3129,4,5658,2422,3236,0,0,0,1.0,1,1.0,1,1.0,1,0.25333780147238005,56
3130,0,5658,2422,3236,0,0,0,1.0,1,1.0,1,1.0,1,0.2564539770913753,56
3131,2,5660,2423,3237,0,0,0,1.0,1,1.0,1,1.0,1,0.28402895261167993,55
3132,0,5660,2423,3237,0,0,0,1.0,1,1.0,1,1.0,1,0.2775201665105253,53
3133,3,5663,2425,3238,0,0,0,1.0,1,1.0,1,1.0,1,0.25026789554756607,52
3134,4,5667,2428,3239,0,0,0,1.0,1,1.0,1,1.0,1,0.24831968618618716,52
3135,1,5668,2429,3239,0,0,0,1.0,1,1.0,1,1.0,1,0.26085617891469837,53
3136,9,5677,2432,3245,0,0,0,1.0,1,1.0,1,1.0,1,0.2225117564932631,54
3137,5,5682,2433,3249,0,0,0,1.0,1,1.0,1,1.0,1,0.13708607977919557,55
3138,4,5686,2435,3251,0,0,0,1.0,1,1.0,1,1.0,1,0.191123988037635,57
3139,3,5689,2436,3253,0,0,0,1.0,1,1.0,1,1.0,1,0.2064627272686792,56
3140,0,5689,2436,3253,0,0,0,1.0,1,1.0,1,1.0,1,0.18552815350503649,56
3141,2,5691,2437,3254,0,0,0,1.0,1,1.0,1,1.0,1,0.2171233833543699,56
3142,2,5693,2438,3255,0,0,0,1.0,1,1.0,1,1.0,1,0.16979272526510528,56
3143,1,5694,2439,3255,0,0,0,1.0,1,1.0,1,1.0,1,0.1596650099815986,56
3144,1,5695,2440,3255,0,0,0,1.0,1,1.0,1,1.0,1,0.18434812106201762,54
3145,3,5698,2442,3256,0,0,0,1.0,1,1.0,1,1.0,1,0.1634159816015636,55
3146,2,5700,2443,3257,0,0,0,1.0,1,1.0,1,1.0,1,0.1667333123698197,53
3147,2,5702,2443,3259,0,0,0,1.0,1,1.0,1,1.0,1,0.15961092908533936,54
3148,2,5704,2444,3260,0,0,0,1.0,1,1.0,1,1.0,1,0.13925822968390042,54
3149,0,5704,2444,3260,0,0,0,1.0,1,1.0,1,1.0,1,0.1410211008003185,53
3150,2,5706,2444,3262,0,0,0,1.0,1,1.0,1,1.0,1,0.12853326936454296,53
3151,2,5708,2444,3264,0,0,0,1.0,1,1.0,1,1.0,1,0.10296392329675744,53
3152,1,5709,2444,3265,0,0,0,1.0,1,1.0,1,1.0,1,0.06398565845238076,54
3153,0,5709,2444,3265,0,0,0,1.0,1,1.0,1,1.0,1,0.08692067025531368,53
3154,1,5710,2445,3265,0,0,0,1.0,1,1.0,1,1.0,1,0.09942049843467439,55
3155,0,5710,2445,3265,0,0,0,1.0,1,1.0,1,1.0,1,0.10639518333988018,56
3156,1,5711,2446,3265,0,0,0,1.0,1,1.0,1,1.0,1,0.1469869005118927,56
3157,0,5711,2446,3265,0,0,0,1.0,1,1.0,1,1.0,1,0.1469869005118927,56
3158,1,5712,2446,3266,0,0,0,1.0,1,1.0,1,1.0,1,0.1370261522430372,57
3159,1,5713,2447,3266,0,0,0,1.0,1,1.0,1,1.0,1,0.15781891067662407,56
3160,2,5715,2448,3267,0,0,0,1.0,1,1.0,1,1.0,1,0.18663972373643353,58
3161,2,5717,2449,3268,0,0,0,1.0,1,1.0,1,1.0,1,0.18943392671809944,59
3162,4,5721,2450,3271,0,0,0,1.0,1,1.0,1,1.0,1,0.17888443436523702,59
3163,5,5726,2452,3274,0,0,0,1.0,1,1.0,1,1.0,1,0.2436835784577563,59
3164,4,5730,2454,3276,0,0,0,1.0,1,1.0,1,1.0,1,0.2567768819550569,60
3165,2,5732,2454,3278,0,0,0,1.0,1,1.0,1,1.0,1,0.20495604782779328,58
3166,6,5738,2454,3284,0,0,0,1.0,1,1.0,1,1.0,1,0.13303604661545815,59
3167,1,5739,2455,3284,0,0,0,1.0,1,1.0,1,1.0,1,0.1269981894651119,57
3168,2,5741,2456,3285,0,0,0,1.0,1,1.0,1,1.0,1,0.15037108475597968,58
3169,1,5742,2457,3285,0,0,0,1.0,1,1.0,1,1.0,1,0.14532433098282418,57
3170,0,5742,2457,3285,0,0,0,1.0,1,1.0,1,1.0,1,0.1535759956820776,55
3171,1,5743,2458,3285,0,0,0,1.0,1,1.0,1,1.0,1,0.17061434139693016,56
3172,0,5743,2458,3285,0,0,0,1.0,1,1.0,1,1.0,1,0.1468608571764371,54
3173,4,5747,2460,3287,0,0,0,1.0,1,1.0,1,1.0,1,0.19892417039237797,53
3174,3,5750,2461,3289,0,0,0,1.0,1,1.0,1,1.0,1,0.22057234416756336,53
3175,2,5752,2462,3290,0,0,0,1.0,1,1.0,1,1.0,1,0.2741769275842456,52
3176,6,5758,2465,3293,0,0,0,1.0,1,1.0,1,1.0,1,0.27629164314522464,53
3177,3,5761,2467,3294,0,0,0,1.0,1,1.0,1,1.0,1,0.3219949204610266,52
3178,1,5762,2468,3294,0,0,0,1.0,1,1.0,1,1.0,1,0.37380603739154483,53
3179,0,5762,2468,3294,0,0,0,1.0,1,1.0,1,1.0,1,0.3425983442376643,54
3180,1,5763,2468,3295,0,0,0,1.0,1,1.0,1,1.0,1,0.36636477532308215,54
3181,6,5769,2468,3301,0,0,0,1.0,1,1.0,1,1.0,1,0.24254962395175259,55
3182,2,5771,2468,3303,0,0,0,1.0,1,1.0,1,1.0,1,0.23320895597796298,54
3183,2,5773,2468,3305,0,0,0,1.0,1,1.0,1,1.0,1,0.23432345748925232,56
3184,4,5777,2471,3306,0,0,0,1.0,1,1.0,1,1.0,1,0.24845406774895762,54
3185,1,5778,2471,3307,0,0,0,1.0,1,1.0,1,1.0,1,0.2201206597303347,53
3186,3,5781,2473,3308,0,0,0,1.0,1,1.0,1,1.0,1,0.252016159323084,52
3187,2,5783,2474,3309,0,0,0,1.0,1,1.0,1,1.0,1,0.24375069967446725,50
3188,2,5785,2476,3309,0,0,0,1.0,1,1.0,1,1.0,1,0.2764434864488409,50
3189,5,5790,2479,3311,0,0,0,1.0,1,1.0,1,1.0,1,0.2762768899354374,49
3190,3,5793,2480,3313,0,0,0,1.0,1,1.0,1,1.0,1,0.28285917580712266,50
3191,4,5797,2480,3317,0,0,0,1.0,1,1.0,1,1.0,1,0.274752851943694,49
3192,2,5799,2480,3319,0,0,0,1.0,1,1.0,1,1.0,1,0.274752851943694,49
3193,0,5799,2480,3319,0,0,0,1.0,1,1.0,1,1.0,1,0.2716584590056739,49
3194,3,5802,2482,3320,0,0,0,1.0,1,1.0,1,1.0,1,0.2968084470065588,50
3195,1,5803,2482,3321,0,0,0,1.0,1,1.0,1,1.0,1,0.31576536551655937,49
3196,3,5806,2482,3324,0,0,0,1.0,1,1.0,1,1.0,1,0.2606679154313982,49
3197,1,5807,2482,3325,0,0,0,1.0,1,1.0,1,1.0,1,0.22147980693916736,50
3198,2,5809,2482,3327,0,0,0,1.0,1,1.0,1,1.0,1,0.17388546554355483,50
3199,2,5811,2482,3329,0,0,0,1.0,1,1.0,1,1.0,1,0.1446373817434576,52
3200,0,5811,2482,3329,0,0,0,1.0,1,1.0,1,1.0,1,0.13335605449750063,53
3201,3,5814,2484,3330,0,0,0,1.0,1,1.0,1,1.0,1,0.1802582324310015,55
3202,0,5814,2484,3330,0,0,0,1.0,1,1.0,1,1.0,1,0.1802582324310015,55
3203,1,5815,2484,3331,0,0,0,1.0,1,1.0,1,1.0,1,0.18008867331865822,53
3204,1,5816,2485,3331,0,0,0,1.0,1,1.0,1,1.0,1,0.20576150774948435,53
3205,2,5818,2486,3332,0,0,0,1.0,1,1.0,1,1.0,1,0.21310155514308132,53
3206,0,5818,2486,3332,0,0,0,1.0,1,1.0,1,1.0,1,0.23099756404206842,52
3207,5,5823,2489,3334,0,0,0,1.0,1,1.0,1,1.0,1,0.27543030012246594,53
3208,2,5825,2489,3336,0,0,0,1.0,1,1.0,1,1.0,1,0.2607416300155811,51
3209,1,5826,2489,3337,0,0,0,1.0,1,1.0,1,1.0,1,0.2551403206099887,52
3210,1,5827,2489,3338,0,0,0,1.0,1,1.0,1,1.0,1,0.2601188493427134,49
3211,4,5831,2490,3341,0,0,0,1.0,1,1.0,1,1.0,1,0.21582502505758144,48
3212,1,5832,2490,3342,0,0,0,1.0,1,1.0,1,1.0,1,0.2090943715086551,48
3213,1,5833,2491,3342,0,0,0,1.0,1,1.0,1,1.0,1,0.18337691828057903,49
3214,1,5834,2492,3342,0,0,0,1.0,1,1.0,1,1.0,1,0.17222490309231867,51
3215,1,5835,2492,3343,0,0,0,1.0,1,1.0,1,1.0,1,0.16068871812625904,51
3216,2,5837,2494,3343,0,0,0,1.0,1,1.0,1,1.0,1,0.17501382295353446,51
3217,2,5839,2495,3344,0,0,0,1.0,1,1.0,1,1.0,1,0.1704085225549205,51
3218,0,5839,2495,3344,0,0,0,1.0,1,1.0,1,1.0,1,0.1704085225549205,51
3219,2,5841,2496,3345,0,0,0,1.0,1,1.0,1,1.0,1,0.17425577511330204,52
3220,1,5842,2496,3346,0,0,0,1.0,1,1.0,1,1.0,1,0.1576692353586724,52
3221,0,5842,2496,3346,0,0,0,1.0,1,1.0,1,1.0,1,0.16641008149240485,54
3222,0,5842,2496,3346,0,0,0,1.0,1,1.0,1,1.0,1,0.15054369044406427,54
3223,1,5843,2496,3347,0,0,0,1.0,1,1.0,1,1.0,1,0.14970896162626884,56
3224,1,5844,2497,3347,0,0,0,1.0,1,1.0,1,1.0,1,0.16441791352317497,57
3225,2,5846,2497,3349,0,0,0,1.0,1,1.0,1,1.0,1,0.19003736073142255,58
3226,1,5847,2497,3350,0,0,0,1.0,1,1.0,1,1.0,1,0.17532794603094665,58
3227,0,5847,2497,3350,0,0,0,1.0,1,1.0,1,1.0,1,0.17532794603094665,58
3228,0,5847,2497,3350,0,0,0,1.0,1,1.0,1,1.0,1,0.17532794603094665,58
3229,3,5850,2499,3351,0,0,0,1.0,1,1.0,1,1.0,1,0.2265001494970574,60
3230,0,5850,2499,3351,0,0,0,1.0,1,1.0,1,1.0,1,0.22248989494085963,61
3231,0,5850,2499,3351,0,0,0,1.0,1,1.0,1,1.0,1,0.22248989494085963,61
3232,0,5850,2499,3351,0,0,0,1.0,1,1.0,1,1.0,1,0.22248989494085963,61
3233,0,5850,2499,3351,0,0,0,1.0,1,1.0,1,1.0,1,0.23528752721903076,63
3234,3,5853,2500,3353,0,0,0,1.0,1,1.0,1,1.0,1,0.24622804261370604,64
3235,1,5854,2500,3354,0,0,0,1.0,1,1.0,1,1.0,1,0.2388381322941197,65
3236,1,5855,2500,3355,0,0,0,1.0,1,1.0,1,1.0,1,0.23384146979074405,66
3237,1,5856,2500,3356,0,0,0,1.0,1,1.0,1,1.0,1,0.21616399521655227,67
3238,0,5856,2500,3356,0,0,0,1.0,1,1.0,1,1.0,1,0.21616399521655227,67
3239,2,5858,2502,3356,0,0,0,1.0,1,1.0,1,1.0,1,0.20633550195147068,69
3240,1,5859,2503,3356,0,0,0,1.0,1,1.0,1,1.0,1,0.21413895150724555,69
3241,4,5863,2506,3357,0,0,0,1.0,1,1.0,1,1.0,1,0.18876905088268098,68
3242,1,5864,2507,3357,0,0,0,1.0,1,1.0,1,1.0,1,0.19905814438632935,67
3243,2,5866,2509,3357,0,0,0,1.0,1,1.0,1,1.0,1,0.1907756281856181,68
3244,1,5867,2509,3358,0,0,0,1.0,1,1.0,1,1.0,1,0.16335414610715127,68
3245,0,5867,2509,3358,0,0,0,1.0,1,1.0,1,1.0,1,0.17274852467898133,69
3246,2,5869,2510,3359,0,0,0,1.0,1,1.0,1,1.0,1,0.17147586396579026,68
3247,1,5870,2510,3360,0,0,0,1.0,1,1.0,1,1.0,1,0.15689045298745946,68
3248,1,5871,2511,3360,0,0,0,1.0,1,1.0,1,1.0,1,0.16894045968289925,68
3249,1,5872,2511,3361,0,0,0,1.0,1,1.0,1,1.0,1,0.16212382019391935,69
3250,0,5872,2511,3361,0,0,0,1.0,1,1.0,1,1.0,1,0.16212382019391935,69
3251,1,5873,2512,3361,0,0,0,1.0,1,1.0,1,1.0,1,0.17739799055374977,68
3252,0,5873,2512,3361,0,0,0,1.0,1,1.0,1,1.0,1,0.18401598614521258,68
3253,2,5875,2512,3363,0,0,0,1.0,1,1.0,1,1.0,1,0.17202714297001023,69
3254,0,5875,2512,3363,0,0,0,1.0,1,1.0,1,1.0,1,0.17202714297001023,69
3255,0,5875,2512,3363,0,0,0,1.0,1,1.0,1,1.0,1,0.183875102290824,70
3256,2,5877,2512,3365,0,0,0,1.0,1,1.0,1,1.0,1,0.1674417226676096,70
3257,1,5878,2512,3366,0,0,0,1.0,1,1.0,1,1.0,1,0.16219244069334263,71
3258,3,5881,2514,3367,0,0,0,1.0,1,1.0,1,1.0,1,0.1526396870698316,72
3259,2,5883,2516,3367,0,0,0,1.0,1,1.0,1,1.0,1,0.17538081250150622,71
3260,5,5888,2518,3370,0,0,0,1.0,1,1.0,1,1.0,1,0.182572647608527,72
3261,0,5888,2518,3370,0,0,0,1.0,1,1.0,1,1.0,1,0.19599374451655932,74
3262,0,5888,2518,3370,0,0,0,1.0,1,1.0,1,1.0,1,0.21086231522330356,73
3263,4,5892,2520,3372,0,0,0,1.0,1,1.0,1,1.0,1,0.24512954167235,73
3264,2,5894,2522,3372,0,0,0,1.0,1,1.0,1,1.0,1,0.2727237066281686,71
3265,2,5896,2523,3373,0,0,0,1.0,1,1.0,1,1.0,1,0.27674847373849687,70
3266,3,5899,2526,3373,0,0,0,1.0,1,1.0,1,1.0,1,0.2732513881384252,69
3267,5,5904,2528,3376,0,0,0,1.0,1,1.0,1,1.0,1,0.26354477348731065,69
3268,4,5908,2530,3378,0,0,0,1.0,1,1.0,1,1.0,1,0.26525585524520573,68
3269,1,5909,2531,3378,0,0,0,1.0,1,1.0,1,1.0,1,0.2867042849957432,68
3270,1,5910,2531,3379,0,0,0,1.0,1,1.0,1,1.0,1,0.2928925555883309,67
3271,6,5916,2531,3385,0,0,0,1.0,1,1.0,1,1.0,1,0.22548867618313356,66
3272,2,5918,2531,3387,0,0,0,1.0,1,1.0,1,1.0,1,0.20584217526760787,67
3273,0,5918,2531,3387,0,0,0,1.0,1,1.0,1,1.0,1,0.22156080094868366,66
3274,1,5919,2532,3387,0,0,0,1.0,1,1.0,1,1.0,1,0.23602133992983707,68
3275,1,5920,2532,3388,0,0,0,1.0,1,1.0,1,1.0,1,0.2207494789275712,68
3276,1,5921,2532,3389,0,0,0,1.0,1,1.0,1,1.0,1,0.2174674197921258,69
3277,3,5924,2533,3391,0,0,0,1.0,1,1.0,1,1.0,1,0.19881172483421322,68
3278,2,5926,2534,3392,0,0,0,1.0,1,1.0,1,1.0,1,0.2085890226543741,69
3279,2,5928,2534,3394,0,0,0,1.0,1,1.0,1,1.0,1,0.1762391942538511,67
3280,2,5930,2535,3395,0,0,0,1.0,1,1.0,1,1.0,1,0.1982400075588342,66
3281,3,5933,2538,3395,0,0,0,1.0,1,1.0,1,1.0,1,0.25279443122282297,67
3282,4,5937,2538,3399,0,0,0,1.0,1,1.0,1,1.0,1,0.22208090252332058,66
3283,1,5938,2539,3399,0,0,0,1.0,1,1.0,1,1.0,1,0.24639638477304757,67
3284,1,5939,2539,3400,0,0,0,1.0,1,1.0,1,1.0,1,0.23542372073720463,66
3285,0,5939,2539,3400,0,0,0,1.0,1,1.0,1,1.0,1,0.23542372073720463,66
3286,3,5942,2539,3403,0,0,0,1.0,1,1.0,1,1.0,1,0.19116034655583422,63
3287,2,5944,2540,3404,0,0,0,1.0,1,1.0,1,1.0,1,0.2048280256449986,61
3288,1,5945,2540,3405,0,0,0,1.0,1,1.0,1,1.0,1,0.20918869005785135,63
3289,1,5946,2541,3405,0,0,0,1.0,1,1.0,1,1.0,1,0.22977896051819127,62
3290,1,5947,2542,3405,0,0,0,1.0,1,1.0,1,1.0,1,0.2427785699671906,63
3291,1,5948,2543,3405,0,0,0,1.0,1,1.0,1,1.0,1,0.2882957152155715,62
3292,4,5952,2543,3409,0,0,0,1.0,1,1.0,1,1.0,1,0.2509593776567857,63
3293,4,5956,2546,3410,0,0,0,1.0,1,1.0,1,1.0,1,0.24131683659938924,65
3294,0,5956,2546,3410,0,0,0,1.0,1,1.0,1,1.0,1,0.24131683659938924,65
3295,2,5958,2548,3410,0,0,0,1.0,1,1.0,1,1.0,1,0.2492163367178607,65
3296,1,5959,2548,3411,0,0,0,1.0,1,1.0,1,1.0,1,0.24760613645225127,65
3297,1,5960,2549,3411,0,0,0,1.0,1,1.0,1,1.0,1,0.2382899097459855,66
3298,1,5961,2550,3411,0,0,0,1.0,1,1.0,1,1.0,1,0.24464568006577536,66
3299,1,5962,2550,3412,0,0,0,1.0,1,1.0,1,1.0,1,0.2468398517655328,67
3300,2,5964,2552,3412,0,0,0,1.0,1,1.0,1,1.0,1,0.2757443552250844,67
3301,3,5967,2552,3415,0,0,0,1.0,1,1.0,1,1.0,1,0.24681996947031648,68
3302,1,5968,2552,3416,0,0,0,1.0,1,1.0,1,1.0,1,0.25441029071740096,67
3303,2,5970,2554,3416,0,0,0,1.0,1,1.0,1,1.0,1,0.2702504838342589,67
3304,2,5972,2555,3417,0,0,0,1.0,1,1.0,1,1.0,1,0.26819124850412707,67
3305,1,5973,2555,3418,0,0,0,1.0,1,1.0,1,1.0,1,0.2654538181074855,69
3306,0,5973,2555,3418,0,0,0,1.0,1,1.0,1,1.0,1,0.2606354675518745,70
3307,0,5973,2555,3418,0,0,0,1.0,1,1.0,1,1.0,1,0.2606354675518745,70
3308,2,5975,2555,3420,0,0,0,1.0,1,1.0,1,1.0,1,0.2517015080344639,70
3309,1,5976,2555,3421,0,0,0,1.0,1,1.0,1,1.0,1,0.2575616486488196,72
3310,1,5977,2555,3422,0,0,0,1.0,1,1.0,1,1.0,1,0.2623778013337944,74
3311,0,5977,2555,3422,0,0,0,1.0,1,1.0,1,1.0,1,0.2623778013337944,74
3312,0,5977,2555,3422,0,0,0,1.0,1,1.0,1,1.0,1,0.2623778013337944,74
3313,4,5981,2555,3426,0,0,0,1.0,1,1.0,1,1.0,1,0.23883648214013894,75
3314,2,5983,2555,3428,0,0,0,1.0,1,1.0,1,1.0,1,0.2398185357804011,76
3315,1,5984,2555,3429,0,0,0,1.0,1,1.0,1,1.0,1,0.24515013402391364,75
3316,6,5990,2557,3433,0,0,0,1.0,1,1.0,1,1.0,1,0.22721868835717401,76
3317,4,5994,2559,3435,0,0,0,1.0,1,1.0,1,1.0,1,0.2260560458716385,73
3318,2,5996,2561,3435,0,0,0,1.0,1,1.0,1,1.0,1,0.26805525394966884,72
3319,4,6000,2562,3438,0,0,0,1.0,1,1.0,1,1.0,1,0.2535369171340133,71
3320,1,6001,2563,3438,0,0,0,1.0,1,1.0,1,1.0,1,0.23609619840807144,70
3321,1,6002,2564,3438,0,0,0,1.0,1,1.0,1,1.0,1,0.274114422759882,69
3322,3,6005,2567,3438,0,0,0,1.0,1,1.0,1,1.0,1,0.2472176703543838,68
3323,1,6006,2568,3438,0,0,0,1.0,1,1.0,1,1.0,1,0.26146831764358586,69
3324,1,6007,2569,3438,0,0,0,1.0,1,1.0,1,1.0,1,0.2431210339847159,69
3325,1,6008,2569,3439,0,0,0,1.0,1,1.0,1,1.0,1,0.24067619993512723,70
3326,2,6010,2571,3439,0,0,0,1.0,1,1.0,1,1.0,1,0.26659557134628586,69
3327,1,6011,2572,3439,0,0,0,1.0,1,1.0,1,1.0,1,0.2620773230031349,70
3328,4,6015,2573,3442,0,0,0,1.0,1,1.0,1,1.0,1,0.25325590221882976,73
3329,2,6017,2574,3443,0,0,0,1.0,1,1.0,1,1.0,1,0.26587584398404357,72
3330,0,6017,2574,3443,0,0,0,1.0,1,1.0,1,1.0,1,0.26587584398404357,72
3331,7,6024,2576,3448,0,0,0,1.0,1,1.0,1,1.0,1,0.24798419299430516,72
3332,2,6026,2576,3450,0,0,0,1.0,1,1.0,1,1.0,1,0.2383641227965883,73
3333,0,6026,2576,3450,0,0,0,1.0,1,1.0,1,1.0,1,0.24175030364382735,72
3334,3,6029,2576,3453,0,0,0,1.0,1,1.0,1,1.0,1,0.2107854867291216,73
3335,1,6030,2577,3453,0,0,0,1.0,1,1.0,1,1.0,1,0.23474482810899036,74
3336,0,6030,2577,3453,0,0,0,1.0,1,1.0,1,1.0,1,0.23474482810899036,74
3337,1,6031,2577,3454,0,0,0,1.0,1,1.0,1,1.0,1,0.23288731402402185,74
3338,0,6031,2577,3454,0,0,0,1.0,1,1.0,1,1.0,1,0.23288731402402185,74
3339,2,6033,2578,3455,0,0,0,1.0,1,1.0,1,1.0,1,0.23898186278899344,75
3340,1,6034,2578,3456,0,0,0,1.0,1,1.0,1,1.0,1,0.2529684001183229,75
3341,1,6035,2578,3457,0,0,0,1.0,1,1.0,1,1.0,1,0.2575339678257117,76
3342,1,6036,2579,3457,0,0,0,1.0,1,1.0,1,1.0,1,0.2867758871780191,76
3343,5,6041,2581,3460,0,0,0,1.0,1,1.0,1,1.0,1,0.2623956676058812,75
3344,0,6041,2581,3460,0,0,0,1.0,1,1.0,1,1.0,1,0.2782917211614048,75
3345,1,6042,2582,3460,0,0,0,1.0,1,1.0,1,1.0,1,0.29645780289802426,72
3346,6,6048,2584,3464,0,0,0,1.0,1,1.0,1,1.0,1,0.26266206740285813,73
3347,5,6053,2586,3467,0,0,0,1.0,1,1.0,1,1.0,1,0.2396498400222979,73
3348,2,6055,2586,3469,0,0,0,1.0,1,1.0,1,1.0,1,0.23502551162635948,73
3349,3,6058,2587,3471,0,0,0,1.0,1,1.0,1,1.0,1,0.22150039972290597,74
3350,1,6059,2588,3471,0,0,0,1.0,1,1.0,1,1.0,1,0.23561890738906635,73
3351,1,6060,2589,3471,0,0,0,1.0,1,1.0,1,1.0,1,0.2417076228991928,72
3352,1,6061,2590,3471,0,0,0,1.0,1,1.0,1,1.0,1,0.25354070393065453,72
3353,5,6066,2592,3474,0,0,0,1.0,1,1.0,1,1.0,1,0.24938664206248976,72
3354,3,6069,2595,3474,0,0,0,1.0,1,1.0,1,1.0,1,0.24245066156426467,70
3355,3,6072,2596,3476,0,0,0,1.0,1,1.0,1,1.0,1,0.24464784387488758,69
3356,1,6073,2597,3476,0,0,0,1.0,1,1.0,1,1.0,1,0.24872415886917096,69
3357,4,6077,2599,3478,0,0,0,1.0,1,1.0,1,1.0,1,0.20449795367682397,68
3358,2,6079,2600,3479,0,0,0,1.0,1,1.0,1,1.0,1,0.22248890140846897,68
3359,0,6079,2600,3479,0,0,0,1.0,1,1.0,1,1.0,1,0.21742445466192137,66
3360,2,6081,2602,3479,0,0,0,1.0,1,1.0,1,1.0,1,0.262579666380807,65
3361,2,6083,2602,3481,0,0,0,1.0,1,1.0,1,1.0,1,0.2368639407134819,64
3362,0,6083,2602,3481,0,0,0,1.0,1,1.0,1,1.0,1,0.2368639407134819,64
3363,0,6083,2602,3481,0,0,0,1.0,1,1.0,1,1.0,1,0.2361560807890488,65
3364,2,6085,2602,3483,0,0,0,1.0,1,1.0,1,1.0,1,0.21935157999143629,66
3365,1,6086,2602,3484,0,0,0,1.0,1,1.0,1,1.0,1,0.21911659721964205,68
3366,1,6087,2603,3484,0,0,0,1.0,1,1.0,1,1.0,1,0.23791738272609514,66
3367,0,6087,2603,3484,0,0,0,1.0,1,1.0,1,1.0,1,0.24627758137853742,68
3368,3,6090,2604,3486,0,0,0,1.0,1,1.0,1,1.0,1,0.2515745270545347,68
3369,3,6093,2604,3489,0,0,0,1.0,1,1.0,1,1.0,1,0.229062800810471,69
3370,1,6094,2604,3490,0,0,0,1.0,1,1.0,1,1.0,1,0.2031265683099028,71
3371,0,6094,2604,3490,0,0,0,1.0,1,1.0,1,1.0,1,0.2031265683099028,71
3372,2,6096,2605,3491,0,0,0,1.0,1,1.0,1,1.0,1,0.2129937492610394,71
3373,0,6096,2605,3491,0,0,0,1.0,1,1.0,1,1.0,1,0.21968489891766133,72
3374,0,6096,2605,3491,0,0,0,1.0,1,1.0,1,1.0,1,0.21574273896935878,72
3375,1,6097,2606,3491,0,0,0,1.0,1,1.0,1,1.0,1,0.22542226743827748,73
3376,4,6101,2606,3495,0,0,0,1.0,1,1.0,1,1.0,1,0.19749760358535884,75
3377,2,6103,2607,3496,0,0,0,1.0,1,1.0,1,1.0,1,0.20459591665343,77
3378,0,6103,2607,3496,0,0,0,1.0,1,1.0,1,1.0,1,0.20459591665343,77
3379,5,6108,2611,3497,0,0,0,1.0,1,1.0,1,1.0,1,0.23226556914738436,77
3380,6,6114,2611,3503,0,0,0,1.0,1,1.0,1,1.0,1,0.22930882028970143,76
3381,3,6117,2612,3505,0,0,0,1.0,1,1.0,1,1.0,1,0.24518299511556677,76
3382,2,6119,2613,3506,0,0,0,1.0,1,1.0,1,1.0,1,0.24987019845732658,78
3383,1,6120,2613,3507,0,0,0,1.0,1,1.0,1,1.0,1,0.2450690211062259,77
3384,7,6127,2619,3508,0,0,0,1.0,1,1.0,1,1.0,1,0.2940050302882687,77
3385,2,6129,2619,3510,0,0,0,1.0,1,1.0,1,1.0,1,0.2799973542999334,75
3386,4,6133,2620,3513,0,0,0,1.0,1,1.0,1,1.0,1,0.30573586404499054,76
3387,7,6140,2621,3519,0,0,0,1.0,1,1.0,1,1.0,1,0.2756870588953689,75
3388,1,6141,2622,3519,0,0,0,1.0,1,1.0,1,1.0,1,0.2860816823639136,76
3389,0,6141,2622,3519,0,0,0,1.0,1,1.0,1,1.0,1,0.28804469022439105,77
3390,0,6141,2622,3519,0,0,0,1.0,1,1.0,1,1.0,1,0.2889214521216745,76
3391,10,6151,2623,3528,0,0,0,1.0,1,1.0,1,1.0,1,0.1865360667171556,77
3392,1,6152,2623,3529,0,0,0,1.0,1,1.0,1,1.0,1,0.17720184728944488,78
3393,2,6154,2624,3530,0,0,0,1.0,1,1.0,1,1.0,1,0.15462353100388898,76
3394,3,6157,2625,3532,0,0,0,1.0,1,1.0,1,1.0,1,0.18126445055413148,75
3395,2,6159,2625,3534,0,0,0,1.0,1,1.0,1,1.0,1,0.1654220970908279,73
3396,1,6160,2625,3535,0,0,0,1.0,1,1.0,1,1.0,1,0.17298103479512525,73
3397,1,6161,2625,3536,0,0,0,1.0,1,1.0,1,1.0,1,0.15601537918535355,74
3398,1,6162,2626,3536,0,0,0,1.0,1,1.0,1,1.0,1,0.1581220723301852,74
3399,3,6165,2627,3538,0,0,0,1.0,1,1.0,1,1.0,1,0.16776220235852604,75
3400,5,6170,2628,3542,0,0,0,1.0,1,1.0,1,1.0,1,0.18595775573797868,75
3401,4,6174,2629,3545,0,0,0,1.0,1,1.0,1,1.0,1,0.1545061990932799,77
3402,3,6177,2630,3547,0,0,0,1.0,1,1.0,1,1.0,1,0.18964884442799082,77
3403,5,6182,2631,3551,0,0,0,1.0,1,1.0,1,1.0,1,0.19157323474557442,78
3404,5,6187,2632,3555,0,0,0,1.0,1,1.0,1,1.0,1,0.19060664078309786,78
3405,4,6191,2632,3559,0,0,0,1.0,1,1.0,1,1.0,1,0.19060664078309786,78
3406,9,6200,2634,3566,0,0,0,1.0,1,1.0,1,1.0,1,0.14468633164659975,78
3407,0,6200,2634,3566,0,0,0,1.0,1,1.0,1,1.0,1,0.13856891198562238,78
3408,1,6201,2634,3567,0,0,0,1.0,1,1.0,1,1.0,1,0.1352676780975935,79
3409,1,6202,2634,3568,0,0,0,1.0,1,1.0,1,1.0,1,0.1359096222146984,81
3410,0,6202,2634,3568,0,0,0,1.0,1,1.0,1,1.0,1,0.14444536554848125,82
3411,1,6203,2634,3569,0,0,0,1.0,1,1.0,1,1.0,1,0.1417637413178414,84
3412,2,6205,2634,3571,0,0,0,1.0,1,1.0,1,1.0,1,0.12680581794466467,84
3413,1,6206,2634,3572,0,0,0,1.0,1,1.0,1,1.0,1,0.1212333649156774,84
3414,0,6206,2634,3572,0,0,0,1.0,1,1.0,1,1.0,1,0.1212333649156774,84
3415,2,6208,2636,3572,0,0,0,1.0,1,1.0,1,1.0,1,0.13655430948037886,85
3416,2,6210,2636,3574,0,0,0,1.0,1,1.0,1,1.0,1,0.12309610770797963,85
3417,2,6212,2638,3574,0,0,0,1.0,1,1.0,1,1.0,1,0.1442259832011485,86
3418,1,6213,2639,3574,0,0,0,1.0,1,1.0,1,1.0,1,0.1611122448902648,86
3419,2,6215,2640,3575,0,0,0,1.0,1,1.0,1,1.0,1,0.17593099629336154,87
3420,0,6215,2640,3575,0,0,0,1.0,1,1.0,1,1.0,1,0.18115736008470135,88
3421,7,6222,2641,3581,0,0,0,1.0,1,1.0,1,1.0,1,0.16183169538621903,89
3422,2,6224,2641,3583,0,0,0,1.0,1,1.0,1,1.0,1,0.14913605907054792,90
3423,1,6225,2641,3584,0,0,0,1.0,1,1.0,1,1.0,1,0.1459182288362134,90
3424,0,6225,2641,3584,0,0,0,1.0,1,1.0,1,1.0,1,0.13927878901706767,91
3425,2,6227,2642,3585,0,0,0,1.0,1,1.0,1,1.0,1,0.15629497114256302,90
3426,4,6231,2644,3587,0,0,0,1.0,1,1.0,1,1.0,1,0.17317229715593557,92
3427,4,6235,2644,3591,0,0,0,1.0,1,1.0,1,1.0,1,0.18528227010551343,92
3428,5,6240,2644,3596,0,0,0,1.0,1,1.0,1,1.0,1,0.18699410710347875,91
3429,5,6245,2644,3601,0,0,0,1.0,1,1.0,1,1.0,1,0.1958599746389817,91
3430,4,6249,2646,3603,0,0,0,1.0,1,1.0,1,1.0,1,0.20526499445208704,91
3431,1,6250,2646,3604,0,0,0,1.0,1,1.0,1,1.0,1,0.1999152782204419,90
3432,5,6255,2648,3607,0,0,0,1.0,1,1.0,1,1.0,1,0.19825323647105364,91
3433,8,6263,2648,3615,0,0,0,1.0,1,1.0,1,1.0,1,0.21868319393350819,90
3434,4,6267,2649,3618,0,0,0,1.0,1,1.0,1,1.0,1,0.22969321493828226,89
3435,8,6275,2650,3625,0,0,0,1.0,1,1.0,1,1.0,1,0.22761956608448233,88
3436,8,6283,2650,3633,0,0,0,1.0,1,1.0,1,1.0,1,0.1858775318789466,86
3437,2,6285,2651,3634,0,0,0,1.0,1,1.0,1,1.0,1,0.1721347275362648,86
3438,1,6286,2651,3635,0,0,0,1.0,1,1.0,1,1.0,1,0.16224848899972513,87
3439,0,6286,2651,3635,0,0,0,1.0,1,1.0,1,1.0,1,0.16542524740819994,86
3440,2,6288,2651,3637,0,0,0,1.0,1,1.0,1,1.0,1,0.1509273810739877,86
3441,1,6289,2652,3637,0,0,0,1.0,1,1.0,1,1.0,1,0.15148902454717672,85
3442,1,6290,2652,3638,0,0,0,1.0,1,1.0,1,1.0,1,0.14598550304664437,85
3443,1,6291,2652,3639,0,0,0,1.0,1,1.0,1,1.0,1,0.15590539736297576,85
3444,1,6292,2653,3639,0,0,0,1.0,1,1.0,1,1.0,1,0.15838350595443915,85
3445,2,6294,2655,3639,0,0,0,1.0,1,1.0,1,1.0,1,0.18547066877178628,84
3446,4,6298,2657,3641,0,0,0,1.0,1,1.0,1,1.0,1,0.2012848330632922,85
3447,1,6299,2658,3641,0,0,0,1.0,1,1.0,1,1.0,1,0.2100084204614286,85
3448,3,6302,2660,3642,0,0,0,1.0,1,1.0,1,1.0,1,0.211984633717632,85
3449,0,6302,2660,3642,0,0,0,1.0,1,1.0,1,1.0,1,0.2234973646982102,84
3450,2,6304,2662,3642,0,0,0,1.0,1,1.0,1,1.0,1,0.20214904604299538,84
3451,4,6308,2664,3644,0,0,0,1.0,1,1.0,1,1.0,1,0.2078461732190161,85
3452,2,6310,2666,3644,0,0,0,1.0,1,1.0,1,1.0,1,0.20506267663780736,86
3453,1,6311,2666,3645,0,0,0,1.0,1,1.0,1,1.0,1,0.1975501185311531,85
3454,1,6312,2666,3646,0,0,0,1.0,1,1.0,1,1.0,1,0.17728330773714066,88
3455,1,6313,2667,3646,0,0,0,1.0,1,1.0,1,1.0,1,0.1753960252569841,88
3456,1,6314,2668,3646,0,0,0,1.0,1,1.0,1,1.0,1,0.18256890055990457,88
3457,1,6315,2668,3647,0,0,0,1.0,1,1.0,1,1.0,1,0.18079625015540038,89
3458,0,6315,2668,3647,0,0,0,1.0,1,1.0,1,1.0,1,0.18836907966795008,88
3459,0,6315,2668,3647,0,0,0,1.0,1,1.0,1,1.0,1,0.18836907966795008,88
3460,0,6315,2668,3647,0,0,0,1.0,1,1.0,1,1.0,1,0.18458188628061936,89
3461,0,6315,2668,3647,0,0,0,1.0,1,1.0,1,1.0,1,0.18458188628061936,89
3462,1,6316,2668,3648,0,0,0,1.0,1,1.0,1,1.0,1,0.1869854096463011,90
3463,2,6318,2668,3650,0,0,0,1.0,1,1.0,1,1.0,1,0.17396188903063728,89
3464,2,6320,2669,3651,0,0,0,1.0,1,1.0,1,1.0,1,0.16106095192309147,88
3465,1,6321,2669,3652,0,0,0,1.0,1,1.0,1,1.0,1,0.17540043853851145,87
3466,2,6323,2669,3654,0,0,0,1.0,1,1.0,1,1.0,1,0.1562144449356941,87
3467,0,6323,2669,3654,0,0,0,1.0,1,1.0,1,1.0,1,0.15489149261349971,87
3468,4,6327,2671,3656,0,0,0,1.0,1,1.0,1,1.0,1,0.17130449973346876,88
3469,3,6330,2672,3658,0,0,0,1.0,1,1.0,1,1.0,1,0.17276702683757944,85
3470,2,6332,2673,3659,0,0,0,1.0,1,1.0,1,1.0,1,0.17413108590346787,86
3471,3,6335,2676,3659,0,0,0,1.0,1,1.0,1,1.0,1,0.21615961875061288,84
3472,1,6336,2676,3660,0,0,0,1.0,1,1.0,1,1.0,1,0.215440604545652,83
3473,0,6336,2676,3660,0,0,0,1.0,1,1.0,1,1.0,1,0.21824178776363307,81
3474,0,6336,2676,3660,0,0,0,1.0,1,1.0,1,1.0,1,0.18540751134698505,80
3475,2,6338,2677,3661,0,0,0,1.0,1,1.0,1,1.0,1,0.21323215358633618,82
3476,2,6340,2678,3662,0,0,0,1.0,1,1.0,1,1.0,1,0.20681354786195077,81
3477,4,6344,2682,3662,0,0,0,1.0,1,1.0,1,1.0,1,0.20881784067983225,83
3478,1,6345,2683,3662,0,0,0,1.0,1,1.0,1,1.0,1,0.21551981002886453,83
3479,1,6346,2684,3662,0,0,0,1.0,1,1.0,1,1.0,1,0.21911034494713025,83
3480,0,6346,2684,3662,0,0,0,1.0,1,1.0,1,1.0,1,0.21911034494713025,83
3481,7,6353,2686,3667,0,0,0,1.0,1,1.0,1,1.0,1,0.1644483477473039,83
3482,3,6356,2686,3670,0,0,0,1.0,1,1.0,1,1.0,1,0.1514278860285628,83
3483,4,6360,2688,3672,0,0,0,1.0,1,1.0,1,1.0,1,0.16186536585865383,82
3484,1,6361,2689,3672,0,0,0,1.0,1,1.0,1,1.0,1,0.17863020255188805,82
3485,5,6366,2690,3676,0,0,0,1.0,1,1.0,1,1.0,1,0.18006952974018262,83
3486,0,6366,2690,3676,0,0,0,1.0,1,1.0,1,1.0,1,0.18006952974018262,83
3487,0,6366,2690,3676,0,0,0,1.0,1,1.0,1,1.0,1,0.1848350315547618,84
3488,0,6366,2690,3676,0,0,0,1.0,1,1.0,1,1.0,1,0.186572612199907,84
3489,1,6367,2690,3677,0,0,0,1.0,1,1.0,1,1.0,1,0.1720321099088803,84
3490,0,6367,2690,3677,0,0,0,1.0,1,1.0,1,1.0,1,0.1720321099088803,84
3491,2,6369,2690,3679,0,0,0,1.0,1,1.0,1,1.0,1,0.18038075951174196,86
3492,2,6371,2690,3681,0,0,0,1.0,1,1.0,1,1.0,1,0.17124551701598742,86
3493,0,6371,2690,3681,0,0,0,1.0,1,1.0,1,1.0,1,0.17124551701598742,86
3494,1,6372,2691,3681,0,0,0,1.0,1,1.0,1,1.0,1,0.17309115133692154,86
3495,4,6376,2691,3685,0,0,0,1.0,1,1.0,1,1.0,1,0.1705139655883053,87
3496,5,6381,2691,3690,0,0,0,1.0,1,1.0,1,1.0,1,0.15398433200584527,88
3497,1,6382,2692,3690,0,0,0,1.0,1,1.0,1,1.0,1,0.17504752505401383,89
3498,5,6387,2692,3695,0,0,0,1.0,1,1.0,1,1.0,1,0.15876424475121184,89
3499,2,6389,2693,3696,0,0,0,1.0,1,1.0,1,1.0,1,0.161808950344826,91
3500,3,6392,2694,3698,0,0,0,1.0,1,1.0,1,1.0,1,0.16253374666838616,90
3501,1,6393,2694,3699,0,0,0,1.0,1,1.0,1,1.0,1,0.16087629470601583,90
3502,1,6394,2694,3700,0,0,0,1.0,1,1.0,1,1.0,1,0.16700938682650654,91
3503,4,6398,2696,3702,0,0,0,1.0,1,1.0,1,1.0,1,0.16847530547130105,91
3504,5,6403,2699,3704,0,0,0,1.0,1,1.0,1,1.0,1,0.19220672204730468,89
3505,3,6406,2700,3706,0,0,0,1.0,1,1.0,1,1.0,1,0.21585593244470067,87
3506,3,6409,2701,3708,0,0,0,1.0,1,1.0,1,1.0,1,0.2398475353231078,87
3507,5,6414,2703,3711,0,0,0,1.0,1,1.0,1,1.0,1,0.22930179493160832,84
3508,4,6418,2705,3713,0,0,0,1.0,1,1.0,1,1.0,1,0.23805735859686436,83
3509,7,6425,2707,3718,0,0,0,1.0,1,1.0,1,1.0,1,0.23296854410192366,80
3510,3,6428,2707,3721,0,0,0,1.0,1,1.0,1,1.0,1,0.23829030460116984,78
3511,5,6433,2708,3725,0,0,0,1.0,1,1.0,1,1.0,1,0.19516614193248635,77
3512,0,6433,2708,3725,0,0,0,1.0,1,1.0,1,1.0,1,0.22088244231398046,74
3513,4,6437,2709,3728,0,0,0,1.0,1,1.0,1,1.0,1,0.20521455973819763,76
3514,2,6439,2710,3729,0,0,0,1.0,1,1.0,1,1.0,1,0.19287913734883513,76
3515,1,6440,2711,3729,0,0,0,1.0,1,1.0,1,1.0,1,0.19850648337747573,75
3516,1,6441,2712,3729,0,0,0,1.0,1,1.0,1,1.0,1,0.2183909415031767,73
3517,6,6447,2715,3732,0,0,0,1.0,1,1.0,1,1.0,1,0.22851807245888045,74
3518,0,6447,2715,3732,0,0,0,1.0,1,1.0,1,1.0,1,0.23249894442321178,74
3519,1,6448,2715,3733,0,0,0,1.0,1,1.0,1,1.0,1,0.22562461860227712,73
3520,2,6450,2715,3735,0,0,0,1.0,1,1.0,1,1.0,1,0.20690799157293477,74
3521,2,6452,2716,3736,0,0,0,1.0,1,1.0,1,1.0,1,0.19066676547861008,75
3522,1,6453,2716,3737,0,0,0,1.0,1,1.0,1,1.0,1,0.20331013417931984,75
3523,1,6454,2716,3738,0,0,0,1.0,1,1.0,1,1.0,1,0.1873562584741534,75
3524,1,6455,2717,3738,0,0,0,1.0,1,1.0,1,1.0,1,0.18003784601765496,75
3525,0,6455,2717,3738,0,0,0,1.0,1,1.0,1,1.0,1,0.1811003113191167,75
3526,4,6459,2718,3741,0,0,0,1.0,1,1.0,1,1.0,1,0.15461065901220641,76
3527,7,6466,2720,3746,0,0,0,1.0,1,1.0,1,1.0,1,0.1698361551309788,77
3528,3,6469,2721,3748,0,0,0,1.0,1,1.0,1,1.0,1,0.18954810999429625,77
3529,2,6471,2722,3749,0,0,0,1.0,1,1.0,1,1.0,1,0.2119040658416044,78
3530,2,6473,2722,3751,0,0,0,1.0,1,1.0,1,1.0,1,0.20732463815255775,78
3531,3,6476,2723,3753,0,0,0,1.0,1,1.0,1,1.0,1,0.22907440449459468,79
3532,6,6482,2724,3758,0,0,0,1.0,1,1.0,1,1.0,1,0.23037691624841902,79
3533,4,6486,2725,3761,0,0,0,1.0,1,1.0,1,1.0,1,0.252534995097881,79
3534,12,6498,2727,3771,0,0,0,1.0,1,1.0,1,1.0,1,0.2689402569197076,80
3535,8,6506,2727,3779,0,0,0,1.0,1,1.0,1,1.0,1,0.29475727945842883,81
3536,6,6512,2727,3785,0,0,0,1.0,1,1.0,1,1.0,1,0.2554311051156834,82
3537,6,6518,2727,3791,0,0,0,1.0,1,1.0,1,1.0,1,0.2633276873620485,82
3538,8,6526,2727,3799,0,0,0,1.0,1,1.0,1,1.0,1,0.2818084508795844,83
3539,4,6530,2727,3803,0,0,0,1.0,1,1.0,1,1.0,1,0.26276373872976416,83
3540,8,6538,2728,3810,0,0,0,1.0,1,1.0,1,1.0,1,0.27046875658078107,85
3541,7,6545,2728,3817,0,0,0,1.0,1,1.0,1,1.0,1,0.22358986878596535,85
3542,3,6548,2729,3819,0,0,0,1.0,1,1.0,1,1.0,1,0.20916332131076293,88
3543,1,6549,2730,3819,0,0,0,1.0,1,1.0,1,1.0,1,0.20433496717754027,87
3544,2,6551,2730,3821,0,0,0,1.0,1,1.0,1,1.0,1,0.19574369909304526,87
3545,0,6551,2730,3821,0,0,0,1.0,1,1.0,1,1.0,1,0.2000961235127535,85
3546,1,6552,2731,3821,0,0,0,1.0,1,1.0,1,1.0,1,0.19818515749870294,83
3547,3,6555,2731,3824,0,0,0,1.0,1,1.0,1,1.0,1,0.17445748136474265,82
3548,1,6556,2732,3824,0,0,0,1.0,1,1.0,1,1.0,1,0.1603285173387372,82
3549,1,6557,2733,3824,0,0,0,1.0,1,1.0,1,1.0,1,0.16248604706649752,81
3550,2,6559,2734,3825,0,0,0,1.0,1,1.0,1,1.0,1,0.15065842638425342,79
3551,2,6561,2735,3826,0,0,0,1.0,1,1.0,1,1.0,1,0.13833645954444018,80
3552,4,6565,2736,3829,0,0,0,1.0,1,1.0,1,1.0,1,0.11372222278429076,78
3553,2,6567,2736,3831,0,0,0,1.0,1,1.0,1,1.0,1,0.1205964519108049,79
3554,1,6568,2736,3832,0,0,0,1.0,1,1.0,1,1.0,1,0.12281321993462103,77
3555,1,6569,2736,3833,0,0,0,1.0,1,1.0,1,1.0,1,0.12608771335310398,77
3556,2,6571,2736,3835,0,0,0,1.0,1,1.0,1,1.0,1,0.10196821642020762,76
3557,0,6571,2736,3835,0,0,0,1.0,1,1.0,1,1.0,1,0.10165692165710448,76
3558,3,6574,2737,3837,0,0,0,1.0,1,1.0,1,1.0,1,0.10824269781099041,76
3559,0,6574,2737,3837,0,0,0,1.0,1,1.0,1,1.0,1,0.10824269781099041,76
3560,2,6576,2738,3838,0,0,0,1.0,1,1.0,1,1.0,1,0.12815643471303362,78
3561,1,6577,2739,3838,0,0,0,1.0,1,1.0,1,1.0,1,0.143038309796996,79
3562,1,6578,2739,3839,0,0,0,1.0,1,1.0,1,1.0,1,0.1392250134888279,79
3563,3,6581,2741,3840,0,0,0,1.0,1,1.0,1,1.0,1,0.11251986837468853,79
3564,3,6584,2742,3842,0,0,0,1.0,1,1.0,1,1.0,1,0.13636943339978894,80
3565,3,6587,2743,3844,0,0,0,1.0,1,1.0,1,1.0,1,0.16308134255158785,83
3566,3,6590,2745,3845,0,0,0,1.0,1,1.0,1,1.0,1,0.17658793555336258,84
3567,6,6596,2745,3851,0,0,0,1.0,1,1.0,1,1.0,1,0.18491401606442884,84
3568,9,6605,2746,3859,0,0,0,1.0,1,1.0,1,1.0,1,0.20358253351519923,84
3569,6,6611,2747,3864,0,0,0,1.0,1,1.0,1,1.0,1,0.211794334800722,84
3570,12,6623,2749,3874,0,0,0,1.0,1,1.0,1,1.0,1,0.19113073359937535,87
3571,8,6631,2750,3881,0,0,0,1.0,1,1.0,1,1.0,1,0.13655975756852604,86
3572,2,6633,2752,3881,0,0,0,1.0,1,1.0,1,1.0,1,0.15207782410813545,87
3573,3,6636,2754,3882,0,0,0,1.0,1,1.0,1,1.0,1,0.1527043829311743,87
3574,2,6638,2756,3882,0,0,0,1.0,1,1.0,1,1.0,1,0.15864679478722513,88
3575,2,6640,2756,3884,0,0,0,1.0,1,1.0,1,1.0,1,0.14416666596537872,88
3576,1,6641,2757,3884,0,0,0,1.0,1,1.0,1,1.0,1,0.1429340527586917,90
3577,1,6642,2757,3885,0,0,0,1.0,1,1.0,1,1.0,1,0.11724337722257762,90
3578,0,6642,2757,3885,0,0,0,1.0,1,1.0,1,1.0,1,0.11600950384610219,91
3579,1,6643,2758,3885,0,0,0,1.0,1,1.0,1,1.0,1,0.11727486322792875,91
3580,1,6644,2758,3886,0,0,0,1.0,1,1.0,1,1.0,1,0.13014979808429522,91
3581,4,6648,2760,3888,0,0,0,1.0,1,1.0,1,1.0,1,0.14878807022302828,91
3582,4,6652,2761,3891,0,0,0,1.0,1,1.0,1,1.0,1,0.15434831839650717,92
3583,3,6655,2762,3893,0,0,0,1.0,1,1.0,1,1.0,1,0.14825258867618635,88
3584,6,6661,2765,3896,0,0,0,1.0,1,1.0,1,1.0,1,0.16731059462718864,87
3585,2,6663,2766,3897,0,0,0,1.0,1,1.0,1,1.0,1,0.17976577784435602,84
3586,4,6667,2767,3900,0,0,0,1.0,1,1.0,1,1.0,1,0.1409162715748643,83
3587,2,6669,2767,3902,0,0,0,1.0,1,1.0,1,1.0,1,0.11344705613080112,82
3588,1,6670,2768,3902,0,0,0,1.0,1,1.0,1,1.0,1,0.11309046056498719,81
3589,7,6677,2773,3904,0,0,0,1.0,1,1.0,1,1.0,1,0.11891768882151664,80
3590,1,6678,2774,3904,0,0,0,1.0,1,1.0,1,1.0,1,0.16315887454020753,78
3591,2,6680,2776,3904,0,0,0,1.0,1,1.0,1,1.0,1,0.16636429251125298,77
3592,2,6682,2777,3905,0,0,0,1.0,1,1.0,1,1.0,1,0.19836552869514326,75
3593,2,6684,2778,3906,0,0,0,1.0,1,1.0,1,1.0,1,0.2049843766876232,76
3594,1,6685,2779,3906,0,0,0,1.0,1,1.0,1,1.0,1,0.21182919251626664,74
3595,3,6688,2781,3907,0,0,0,1.0,1,1.0,1,1.0,1,0.21210620284066226,74
3596,1,6689,2782,3907,0,0,0,1.0,1,1.0,1,1.0,1,0.19116125432649486,73
3597,4,6693,2784,3909,0,0,0,1.0,1,1.0,1,1.0,1,0.20610777462462423,73
3598,3,6696,2786,3910,0,0,0,1.0,1,1.0,1,1.0,1,0.22629718097980242,73
3599,1,6697,2787,3910,0,0,0,1.0,1,1.0,1,1.0,1,0.234015616004728,73
3600,0,6697,2787,3910,0,0,0,1.0,1,1.0,1,1.0,1,0.24093011676247503,74
3601,8,6705,2789,3916,0,0,0,1.0,1,1.0,1,1.0,1,0.21380391956384012,75
3602,5,6710,2789,3921,0,0,0,1.0,1,1.0,1,1.0,1,0.14360547755821082,76
3603,1,6711,2790,3921,0,0,0,1.0,1,1.0,1,1.0,1,0.14189236168473313,77
3604,2,6713,2792,3921,0,0,0,1.0,1,1.0,1,1.0,1,0.18014035586733723,78
3605,3,6716,2794,3922,0,0,0,1.0,1,1.0,1,1.0,1,0.17260202817887124,77
3606,1,6717,2795,3922,0,0,0,1.0,1,1.0,1,1.0,1,0.18029755425925084,79
3607,2,6719,2796,3923,0,0,0,1.0,1,1.0,1,1.0,1,0.18360114580123715,79
3608,0,6719,2796,3923,0,0,0,1.0,1,1.0,1,1.0,1,0.18360114580123715,79
3609,0,6719,2796,3923,0,0,0,1.0,1,1.0,1,1.0,1,0.18360114580123715,79
3610,5,6724,2798,3926,0,0,0,1.0,1,1.0,1,1.0,1,0.18451821906111382,80
3611,1,6725,2798,3927,0,0,0,1.0,1,1.0,1,1.0,1,0.18154172258092088,80
3612,3,6728,2799,3929,0,0,0,1.0,1,1.0,1,1.0,1,0.1944635295055973,79
3613,3,6731,2801,3930,0,0,0,1.0,1,1.0,1,1.0,1,0.20558841160966515,79
3614,7,6738,2804,3934,0,0,0,1.0,1,1.0,1,1.0,1,0.2035212239654275,78
3615,1,6739,2804,3935,0,0,0,1.0,1,1.0,1,1.0,1,0.20422354734804868,79
3616,10,6749,2805,3944,0,0,0,1.0,1,1.0,1,1.0,1,0.10100435672442201,79
3617,1,6750,2806,3944,0,0,0,1.0,1,1.0,1,1.0,1,0.11201291442189512,80
3618,2,6752,2807,3945,0,0,0,1.0,1,1.0,1,1.0,1,0.12988847157239936,82
3619,3,6755,2807,3948,0,0,0,1.0,1,1.0,1,1.0,1,0.12683146480456353,82
3620,1,6756,2808,3948,0,0,0,1.0,1,1.0,1,1.0,1,0.1393498000865718,81
3621,1,6757,2808,3949,0,0,0,1.0,1,1.0,1,1.0,1,0.14857652795489132,83
3622,0,6757,2808,3949,0,0,0,1.0,1,1.0,1,1.0,1,0.15057010367152307,81
3623,1,6758,2809,3949,0,0,0,1.0,1,1.0,1,1.0,1,0.15928329949675407,81
3624,1,6759,2810,3949,0,0,0,1.0,1,1.0,1,1.0,1,0.16601938120720403,79
3625,4,6763,2812,3951,0,0,0,1.0,1,1.0,1,1.0,1,0.14568260653369977,80
3626,1,6764,2812,3952,0,0,0,1.0,1,1.0,1,1.0,1,0.13241772259377171,78
3627,2,6766,2813,3953,0,0,0,1.0,1,1.0,1,1.0,1,0.1690979904950483,78
3628,1,6767,2813,3954,0,0,0,1.0,1,1.0,1,1.0,1,0.16559585941096028,77
3629,1,6768,2813,3955,0,0,0,1.0,1,1.0,1,1.0,1,0.16105928589288965,76
3630,1,6769,2814,3955,0,0,0,1.0,1,1.0,1,1.0,1,0.1507305363039949,77
3631,6,6775,2815,3960,0,0,0,1.0,1,1.0,1,1.0,1,0.10457072584537748,75
3632,2,6777,2817,3960,0,0,0,1.0,1,1.0,1,1.0,1,0.14023525152823224,74
3633,3,6780,2818,3962,0,0,0,1.0,1,1.0,1,1.0,1,0.12723552476473754,75
3634,3,6783,2821,3962,0,0,0,1.0,1,1.0,1,1.0,1,0.17866982200308715,74
3635,2,6785,2822,3963,0,0,0,1.0,1,1.0,1,1.0,1,0.1709661450326981,74
3636,0,6785,2822,3963,0,0,0,1.0,1,1.0,1,1.0,1,0.18154050204676223,74
3637,2,6787,2822,3965,0,0,0,1.0,1,1.0,1,1.0,1,0.16528587732283173,74
3638,0,6787,2822,3965,0,0,0,1.0,1,1.0,1,1.0,1,0.17375843594190368,75
3639,6,6793,2826,3967,0,0,0,1.0,1,1.0,1,1.0,1,0.1811370697800932,76
3640,0,6793,2826,3967,0,0,0,1.0,1,1.0,1,1.0,1,0.1811370697800932,76
3641,4,6797,2828,3969,0,0,0,1.0,1,1.0,1,1.0,1,0.2125490778073325,75
3642,2,6799,2830,3969,0,0,0,1.0,1,1.0,1,1.0,1,0.22690626419967874,75
3643,0,6799,2830,3969,0,0,0,1.0,1,1.0,1,1.0,1,0.23113442814546345,74
3644,1,6800,2831,3969,0,0,0,1.0,1,1.0,1,1.0,1,0.22561405463990622,74
3645,0,6800,2831,3969,0,0,0,1.0,1,1.0,1,1.0,1,0.22561405463990622,74
3646,9,6809,2831,3978,0,0,0,1.0,1,1.0,1,1.0,1,0.15930818282051115,75
3647,0,6809,2831,3978,0,0,0,1.0,1,1.0,1,1.0,1,0.16959684940016898,77
3648,0,6809,2831,3978,0,0,0,1.0,1,1.0,1,1.0,1,0.18519429864526066,78
3649,2,6811,2831,3980,0,0,0,1.0,1,1.0,1,1.0,1,0.15856376203232647,80
3650,1,6812,2832,3980,0,0,0,1.0,1,1.0,1,1.0,1,0.18113089478437702,81
3651,1,6813,2832,3981,0,0,0,1.0,1,1.0,1,1.0,1,0.16445688985983115,81
3652,3,6816,2833,3983,0,0,0,1.0,1,1.0,1,1.0,1,0.17277787528287464,83
3653,2,6818,2833,3985,0,0,0,1.0,1,1.0,1,1.0,1,0.1668699617031954,83
3654,1,6819,2833,3986,0,0,0,1.0,1,1.0,1,1.0,1,0.1577619518662009,83
3655,1,6820,2833,3987,0,0,0,1.0,1,1.0,1,1.0,1,0.15102859814338354,84
3656,1,6821,2833,3988,0,0,0,1.0,1,1.0,1,1.0,1,0.16907572439700774,85
3657,6,6827,2834,3993,0,0,0,1.0,1,1.0,1,1.0,1,0.18111375689456616,86
3658,3,6830,2834,3996,0,0,0,1.0,1,1.0,1,1.0,1,0.18519999105276572,87
3659,2,6832,2834,3998,0,0,0,1.0,1,1.0,1,1.0,1,0.19702891236392975,87
3660,2,6834,2834,4000,0,0,0,1.0,1,1.0,1,1.0,1,0.1851592131681827,86
3661,5,6839,2835,4004,0,0,0,1.0,1,1.0,1,1.0,1,0.17361149876192827,86
3662,0,6839,2835,4004,0,0,0,1.0,1,1.0,1,1.0,1,0.17715958296418957,83
3663,9,6848,2839,4009,0,0,0,1.0,1,1.0,1,1.0,1,0.20204980408481485,85
3664,1,6849,2840,4009,0,0,0,1.0,1,1.0,1,1.0,1,0.21469869409901804,82
3665,5,6854,2841,4013,0,0,0,1.0,1,1.0,1,1.0,1,0.21622823323041335,81
3666,4,6858,2843,4015,0,0,0,1.0,1,1.0,1,1.0,1,0.22081243066315354,79
3667,6,6864,2844,4020,0,0,0,1.0,1,1.0,1,1.0,1,0.22604702731851242,79
3668,4,6868,2846,4022,0,0,0,1.0,1,1.0,1,1.0,1,0.22929871105695518,77
3669,3,6871,2847,4024,0,0,0,1.0,1,1.0,1,1.0,1,0.22451647534147792,75
3670,4,6875,2850,4025,0,0,0,1.0,1,1.0,1,1.0,1,0.2498448071293746,76
3671,4,6879,2851,4028,0,0,0,1.0,1,1.0,1,1.0,1,0.22454436005034617,74
3672,3,6882,2852,4030,0,0,0,1.0,1,1.0,1,1.0,1,0.22870318265593176,75
3673,2,6884,2852,4032,0,0,0,1.0,1,1.0,1,1.0,1,0.22870318265593176,75
3674,4,6888,2855,4033,0,0,0,1.0,1,1.0,1,1.0,1,0.2259223241530854,75
3675,0,6888,2855,4033,0,0,0,1.0,1,1.0,1,1.0,1,0.22805183642832197,75
3676,7,6895,2856,4039,0,0,0,1.0,1,1.0,1,1.0,1,0.15667770840166156,75
3677,0,6895,2856,4039,0,0,0,1.0,1,1.0,1,1.0,1,0.1659852155292601,75
3678,0,6895,2856,4039,0,0,0,1.0,1,1.0,1,1.0,1,0.1779674587611466,77
3679,1,6896,2857,4039,0,0,0,1.0,1,1.0,1,1.0,1,0.20041629944525008,78
3680,1,6897,2857,4040,0,0,0,1.0,1,1.0,1,1.0,1,0.19761787342650924,80
3681,0,6897,2857,4040,0,0,0,1.0,1,1.0,1,1.0,1,0.2047809312257103,81
3682,0,6897,2857,4040,0,0,0,1.0,1,1.0,1,1.0,1,0.2047809312257103,81
3683,3,6900,2858,4042,0,0,0,1.0,1,1.0,1,1.0,1,0.20090805284159355,81
3684,0,6900,2858,4042,0,0,0,1.0,1,1.0,1,1.0,1,0.20090805284159355,81
3685,0,6900,2858,4042,0,0,0,1.0,1,1.0,1,1.0,1,0.20090805284159355,81
3686,0,6900,2858,4042,0,0,0,1.0,1,1.0,1,1.0,1,0.20090805284159355,81
3687,0,6900,2858,4042,0,0,0,1.0,1,1.0,1,1.0,1,0.196957947300541,82
3688,2,6902,2858,4044,0,0,0,1.0,1,1.0,1,1.0,1,0.19665036800835484,84
3689,0,6902,2858,4044,0,0,0,1.0,1,1.0,1,1.0,1,0.19665036800835484,84
3690,1,6903,2859,4044,0,0,0,1.0,1,1.0,1,1.0,1,0.21053373670557313,85
3691,4,6907,2859,4048,0,0,0,1.0,1,1.0,1,1.0,1,0.18369370127872922,86
3692,0,6907,2859,4048,0,0,0,1.0,1,1.0,1,1.0,1,0.17175988911578471,86
3693,1,6908,2859,4049,0,0,0,1.0,1,1.0,1,1.0,1,0.1676651368437889,86
3694,0,6908,2859,4049,0,0,0,1.0,1,1.0,1,1.0,1,0.1676651368437889,86
3695,2,6910,2861,4049,0,0,0,1.0,1,1.0,1,1.0,1,0.2074562649027893,86
3696,3,6913,2861,4052,0,0,0,1.0,1,1.0,1,1.0,1,0.15830373711095752,87
3697,1,6914,2862,4052,0,0,0,1.0,1,1.0,1,1.0,1,0.1500901730908176,85
3698,1,6915,2863,4052,0,0,0,1.0,1,1.0,1,1.0,1,0.15224832245235823,85
3699,1,6916,2864,4052,0,0,0,1.0,1,1.0,1,1.0,1,0.14878775571132952,85
3700,2,6918,2866,4052,0,0,0,1.0,1,1.0,1,1.0,1,0.17217081954924193,84
3701,3,6921,2866,4055,0,0,0,1.0,1,1.0,1,1.0,1,0.15693494482966008,85
3702,2,6923,2868,4055,0,0,0,1.0,1,1.0,1,1.0,1,0.16234425630364796,85
3703,0,6923,2868,4055,0,0,0,1.0,1,1.0,1,1.0,1,0.16234425630364796,85
3704,2,6925,2870,4055,0,0,0,1.0,1,1.0,1,1.0,1,0.17803825753303024,85
3705,0,6925,2870,4055,0,0,0,1.0,1,1.0,1,1.0,1,0.17121392990516113,86
3706,3,6928,2871,4057,0,0,0,1.0,1,1.0,1,1.0,1,0.15891862273891375,86
3707,1,6929,2872,4057,0,0,0,1.0,1,1.0,1,1.0,1,0.16526278572114733,85
3708,2,6931,2872,4059,0,0,0,1.0,1,1.0,1,1.0,1,0.15228210231165326,84
3709,0,6931,2872,4059,0,0,0,1.0,1,1.0,1,1.0,1,0.15819816924346586,85
3710,0,6931,2872,4059,0,0,0,1.0,1,1.0,1,1.0,1,0.14880981304430696,84
3711,1,6932,2872,4060,0,0,0,1.0,1,1.0,1,1.0,1,0.1523062023579614,85
3712,0,6932,2872,4060,0,0,0,1.0,1,1.0,1,1.0,1,0.1523062023579614,85
3713,0,6932,2872,4060,0,0,0,1.0,1,1.0,1,1.0,1,0.1523062023579614,85
3714,1,6933,2873,4060,0,0,0,1.0,1,1.0,1,1.0,1,0.17800247509204356,85
3715,1,6934,2874,4060,0,0,0,1.0,1,1.0,1,1.0,1,0.17606880985205575,85
3716,2,6936,2876,4060,0,0,0,1.0,1,1.0,1,1.0,1,0.17197653131208512,84
3717,0,6936,2876,4060,0,0,0,1.0,1,1.0,1,1.0,1,0.18184973110349242,86
3718,0,6936,2876,4060,0,0,0,1.0,1,1.0,1,1.0,1,0.1932740958246459,85
3719,1,6937,2877,4060,0,0,0,1.0,1,1.0,1,1.0,1,0.1980345208144036,84
3720,1,6938,2877,4061,0,0,0,1.0,1,1.0,1,1.0,1,0.21443221206322094,84
3721,10,6948,2881,4067,0,0,0,1.0,1,1.0,1,1.0,1,0.19814941951467935,85
3722,2,6950,2881,4069,0,0,0,1.0,1,1.0,1,1.0,1,0.18728059962451585,85
3723,3,6953,2882,4071,0,0,0,1.0,1,1.0,1,1.0,1,0.18890602492618666,85
3724,0,6953,2882,4071,0,0,0,1.0,1,1.0,1,1.0,1,0.18173579379243843,86
3725,2,6955,2884,4071,0,0,0,1.0,1,1.0,1,1.0,1,0.1794250954852227,86
3726,1,6956,2885,4071,0,0,0,1.0,1,1.0,1,1.0,1,0.18808257773343154,86
3727,0,6956,2885,4071,0,0,0,1.0,1,1.0,1,1.0,1,0.18808257773343154,86
3728,0,6956,2885,4071,0,0,0,1.0,1,1.0,1,1.0,1,0.18808257773343154,86
3729,0,6956,2885,4071,0,0,0,1.0,1,1.0,1,1.0,1,0.18808257773343154,86
3730,1,6957,2886,4071,0,0,0,1.0,1,1.0,1,1.0,1,0.20387103902494189,85
3731,0,6957,2886,4071,0,0,0,1.0,1,1.0,1,1.0,1,0.21368719241403442,86
3732,1,6958,2887,4071,0,0,0,1.0,1,1.0,1,1.0,1,0.2194859842064962,87
3733,0,6958,2887,4071,0,0,0,1.0,1,1.0,1,1.0,1,0.2194859842064962,87
3734,0,6958,2887,4071,0,0,0,1.0,1,1.0,1,1.0,1,0.2194859842064962,87
3735,2,6960,2888,4072,0,0,0,1.0,1,1.0,1,1.0,1,0.22036063046385299,86
3736,5,6965,2888,4077,0,0,0,1.0,1,1.0,1,1.0,1,0.1594006123323287,87
3737,4,6969,2890,4079,0,0,0,1.0,1,1.0,1,1.0,1,0.18956917458235584,87
3738,2,6971,2891,4080,0,0,0,1.0,1,1.0,1,1.0,1,0.1926315576073357,87
3739,2,6973,2891,4082,0,0,0,1.0,1,1.0,1,1.0,1,0.17783423428936995,88
3740,4,6977,2893,4084,0,0,0,1.0,1,1.0,1,1.0,1,0.2029650565645525,87
3741,0,6977,2893,4084,0,0,0,1.0,1,1.0,1,1.0,1,0.20017722284407752,87
3742,2,6979,2894,4085,0,0,0,1.0,1,1.0,1,1.0,1,0.18498500146006924,86
3743,0,6979,2894,4085,0,0,0,1.0,1,1.0,1,1.0,1,0.19414113025368665,84
3744,2,6981,2896,4085,0,0,0,1.0,1,1.0,1,1.0,1,0.2172597916430586,83
3745,0,6981,2896,4085,0,0,0,1.0,1,1.0,1,1.0,1,0.21357442287442696,83
3746,3,6984,2897,4087,0,0,0,1.0,1,1.0,1,1.0,1,0.23153682053298655,83
3747,5,6989,2899,4090,0,0,0,1.0,1,1.0,1,1.0,1,0.2471555681787632,81
3748,2,6991,2899,4092,0,0,0,1.0,1,1.0,1,1.0,1,0.24152364900816028,81
3749,1,6992,2899,4093,0,0,0,1.0,1,1.0,1,1.0,1,0.2418546067727939,80
3750,1,6993,2900,4093,0,0,0,1.0,1,1.0,1,1.0,1,0.2513810420813071,79
3751,10,7003,2903,4100,0,0,0,1.0,1,1.0,1,1.0,1,0.21458492592789646,80
3752,3,7006,2904,4102,0,0,0,1.0,1,1.0,1,1.0,1,0.2114379522882795,80
3753,5,7011,2907,4104,0,0,0,1.0,1,1.0,1,1.0,1,0.19834187809664763,81
3754,1,7012,2908,4104,0,0,0,1.0,1,1.0,1,1.0,1,0.20813918734624778,81
3755,3,7015,2909,4106,0,0,0,1.0,1,1.0,1,1.0,1,0.20236723464311054,80
3756,3,7018,2911,4107,0,0,0,1.0,1,1.0,1,1.0,1,0.2414244185298044,79
3757,2,7020,2911,4109,0,0,0,1.0,1,1.0,1,1.0,1,0.24519877549610422,80
3758,1,7021,2911,4110,0,0,0,1.0,1,1.0,1,1.0,1,0.24949488870416833,79
3759,1,7022,2912,4110,0,0,0,1.0,1,1.0,1,1.0,1,0.2608941242210712,79
3760,0,7022,2912,4110,0,0,0,1.0,1,1.0,1,1.0,1,0.2608941242210712,79
3761,0,7022,2912,4110,0,0,0,1.0,1,1.0,1,1.0,1,0.27848938038382837,78
3762,1,7023,2912,4111,0,0,0,1.0,1,1.0,1,1.0,1,0.2709617782063535,80
3763,0,7023,2912,4111,0,0,0,1.0,1,1.0,1,1.0,1,0.2709617782063535,80
3764,1,7024,2913,4111,0,0,0,1.0,1,1.0,1,1.0,1,0.2670845357550366,80
3765,0,7024,2913,4111,0,0,0,1.0,1,1.0,1,1.0,1,0.2734522995770167,81
3766,9,7033,2916,4117,0,0,0,1.0,1,1.0,1,1.0,1,0.2504665358013699,83
3767,3,7036,2917,4119,0,0,0,1.0,1,1.0,1,1.0,1,0.22680519660384213,83
3768,2,7038,2919,4119,0,0,0,1.0,1,1.0,1,1.0,1,0.2240927084939171,84
3769,0,7038,2919,4119,0,0,0,1.0,1,1.0,1,1.0,1,0.20567748802572755,86
3770,2,7040,2919,4121,0,0,0,1.0,1,1.0,1,1.0,1,0.21173090336373465,87
3771,3,7043,2920,4123,0,0,0,1.0,1,1.0,1,1.0,1,0.20889749670609525,87
3772,0,7043,2920,4123,0,0,0,1.0,1,1.0,1,1.0,1,0.21925352080332453,88
3773,2,7045,2920,4125,0,0,0,1.0,1,1.0,1,1.0,1,0.22854516906166203,85
3774,2,7047,2921,4126,0,0,0,1.0,1,1.0,1,1.0,1,0.2195036774182459,85
3775,4,7051,2922,4129,0,0,0,1.0,1,1.0,1,1.0,1,0.2612004963732059,83
3776,7,7058,2924,4134,0,0,0,1.0,1,1.0,1,1.0,1,0.28000275832100335,82
3777,4,7062,2926,4136,0,0,0,1.0,1,1.0,1,1.0,1,0.2714910734007067,81
3778,2,7064,2927,4137,0,0,0,1.0,1,1.0,1,1.0,1,0.2663043093552731,81
3779,4,7068,2930,4138,0,0,0,1.0,1,1.0,1,1.0,1,0.29191074372548553,80
3780,4,7072,2931,4141,0,0,0,1.0,1,1.0,1,1.0,1,0.27011454587675504,80
3781,3,7075,2931,4144,0,0,0,1.0,1,1.0,1,1.0,1,0.24211671221774916,80
3782,2,7077,2931,4146,0,0,0,1.0,1,1.0,1,1.0,1,0.23241321223324768,80
3783,3,7080,2932,4148,0,0,0,1.0,1,1.0,1,1.0,1,0.21844164121038898,80
3784,0,7080,2932,4148,0,0,0,1.0,1,1.0,1,1.0,1,0.21874313378305152,79
3785,4,7084,2933,4151,0,0,0,1.0,1,1.0,1,1.0,1,0.2160884943003932,77
3786,1,7085,2934,4151,0,0,0,1.0,1,1.0,1,1.0,1,0.196715362628464,78
3787,1,7086,2934,4152,0,0,0,1.0,1,1.0,1,1.0,1,0.19695482142885476,77
3788,0,7086,2934,4152,0,0,0,1.0,1,1.0,1,1.0,1,0.19800808089964034,78
3789,3,7089,2935,4154,0,0,0,1.0,1,1.0,1,1.0,1,0.19760563255736321,77
3790,1,7090,2936,4154,0,0,0,1.0,1,1.0,1,1.0,1,0.2127474569635882,77
3791,1,7091,2937,4154,0,0,0,1.0,1,1.0,1,1.0,1,0.22117567341261524,77
3792,1,7092,2937,4155,0,0,0,1.0,1,1.0,1,1.0,1,0.1954856748101126,78
3793,2,7094,2938,4156,0,0,0,1.0,1,1.0,1,1.0,1,0.20587145100430404,80
3794,0,7094,2938,4156,0,0,0,1.0,1,1.0,1,1.0,1,0.20158492989462568,82
3795,0,7094,2938,4156,0,0,0,1.0,1,1.0,1,1.0,1,0.2121941789413528,83
3796,6,7100,2938,4162,0,0,0,1.0,1,1.0,1,1.0,1,0.17851665913995363,83
3797,2,7102,2938,4164,0,0,0,1.0,1,1.0,1,1.0,1,0.17745100957977467,82
3798,5,7107,2939,4168,0,0,0,1.0,1,1.0,1,1.0,1,0.1697350919516012,82
3799,1,7108,2939,4169,0,0,0,1.0,1,1.0,1,1.0,1,0.17262390212459186,83
3800,4,7112,2939,4173,0,0,0,1.0,1,1.0,1,1.0,1,0.18400673782005492,83
3801,3,7115,2940,4175,0,0,0,1.0,1,1.0,1,1.0,1,0.17240665015082843,83
3802,0,7115,2940,4175,0,0,0,1.0,1,1.0,1,1.0,1,0.1888109003892251,82
3803,4,7119,2940,4179,0,0,0,1.0,1,1.0,1,1.0,1,0.18983647885989516,84
3804,5,7124,2940,4184,0,0,0,1.0,1,1.0,1,1.0,1,0.1897896418610952,84
3805,6,7130,2941,4189,0,0,0,1.0,1,1.0,1,1.0,1,0.1970273525853122,86
3806,5,7135,2942,4193,0,0,0,1.0,1,1.0,1,1.0,1,0.1836535566495659,86
3807,3,7138,2943,4195,0,0,0,1.0,1,1.0,1,1.0,1,0.2014708136091857,86
3808,4,7142,2944,4198,0,0,0,1.0,1,1.0,1,1.0,1,0.18944377303237886,85
3809,3,7145,2945,4200,0,0,0,1.0,1,1.0,1,1.0,1,0.20419900153173937,85
3810,1,7146,2945,4201,0,0,0,1.0,1,1.0,1,1.0,1,0.2091024645528259,85
3811,4,7150,2947,4203,0,0,0,1.0,1,1.0,1,1.0,1,0.19994917913977758,84
3812,0,7150,2947,4203,0,0,0,1.0,1,1.0,1,1.0,1,0.1946337396249621,83
3813,0,7150,2947,4203,0,0,0,1.0,1,1.0,1,1.0,1,0.18207783472828595,82
3814,3,7153,2949,4204,0,0,0,1.0,1,1.0,1,1.0,1,0.18436589258649366,81
3815,1,7154,2949,4205,0,0,0,1.0,1,1.0,1,1.0,1,0.15899974004532802,82
3816,2,7156,2950,4206,0,0,0,1.0,1,1.0,1,1.0,1,0.15536168632868713,81
3817,0,7156,2950,4206,0,0,0,1.0,1,1.0,1,1.0,1,0.15536168632868713,81
3818,2,7158,2951,4207,0,0,0,1.0,1,1.0,1,1.0,1,0.16828442421066184,81
3819,1,7159,2952,4207,0,0,0,1.0,1,1.0,1,1.0,1,0.1939248601601698,82
3820,1,7160,2952,4208,0,0,0,1.0,1,1.0,1,1.0,1,0.19131030212289313,84
3821,2,7162,2954,4208,0,0,0,1.0,1,1.0,1,1.0,1,0.24451275849940698,84
3822,4,7166,2955,4211,0,0,0,1.0,1,1.0,1,1.0,1,0.21151745676756928,82
3823,3,7169,2958,4211,0,0,0,1.0,1,1.0,1,1.0,1,0.2124267036577303,81
3824,2,7171,2959,4212,0,0,0,1.0,1,1.0,1,1.0,1,0.22563315940067835,78
3825,1,7172,2959,4213,0,0,0,1.0,1,1.0,1,1.0,1,0.23255573272830457,76
3826,5,7177,2961,4216,0,0,0,1.0,1,1.0,1,1.0,1,0.23046188419066882,76
3827,2,7179,2962,4217,0,0,0,1.0,1,1.0,1,1.0,1,0.22728970857671535,75
3828,3,7182,2963,4219,0,0,0,1.0,1,1.0,1,1.0,1,0.2227659807419906,74
3829,1,7183,2963,4220,0,0,0,1.0,1,1.0,1,1.0,1,0.2280475164548088,74
3830,1,7184,2964,4220,0,0,0,1.0,1,1.0,1,1.0,1,0.2236276330333973,74
3831,2,7186,2965,4221,0,0,0,1.0,1,1.0,1,1.0,1,0.23085217016859685,74
3832,0,7186,2965,4221,0,0,0,1.0,1,1.0,1,1.0,1,0.23906248159657367,73
3833,4,7190,2967,4223,0,0,0,1.0,1,1.0,1,1.0,1,0.23220561611145235,73
3834,2,7192,2967,4225,0,0,0,1.0,1,1.0,1,1.0,1,0.22851299350314966,74
3835,2,7194,2969,4225,0,0,0,1.0,1,1.0,1,1.0,1,0.2326583252801081,75
3836,2,7196,2969,4227,0,0,0,1.0,1,1.0,1,1.0,1,0.22353524589858154,75
3837,5,7201,2970,4231,0,0,0,1.0,1,1.0,1,1.0,1,0.26484205524021165,78
3838,6,7207,2972,4235,0,0,0,1.0,1,1.0,1,1.0,1,0.27245591449787643,78
3839,2,7209,2972,4237,0,0,0,1.0,1,1.0,1,1.0,1,0.25541317286646387,79
3840,7,7216,2973,4243,0,0,0,1.0,1,1.0,1,1.0,1,0.24867089968902975,82
3841,5,7221,2973,4248,0,0,0,1.0,1,1.0,1,1.0,1,0.20770491600590715,82
3842,1,7222,2973,4249,0,0,0,1.0,1,1.0,1,1.0,1,0.20111670622673405,82
3843,1,7223,2973,4250,0,0,0,1.0,1,1.0,1,1.0,1,0.18893614146115578,82
3844,1,7224,2973,4251,0,0,0,1.0,1,1.0,1,1.0,1,0.19115597367460516,83
3845,0,7224,2973,4251,0,0,0,1.0,1,1.0,1,1.0,1,0.19453787429021493,84
3846,6,7230,2973,4257,0,0,0,1.0,1,1.0,1,1.0,1,0.1589990867041686,85
3847,0,7230,2973,4257,0,0,0,1.0,1,1.0,1,1.0,1,0.17072179010274238,84
3848,2,7232,2975,4257,0,0,0,1.0,1,1.0,1,1.0,1,0.1767317078500109,84
3849,1,7233,2975,4258,0,0,0,1.0,1,1.0,1,1.0,1,0.172756118720077,83
3850,0,7233,2975,4258,0,0,0,1.0,1,1.0,1,1.0,1,0.2000353035213043,80
3851,0,7233,2975,4258,0,0,0,1.0,1,1.0,1,1.0,1,0.2000353035213043,80
3852,0,7233,2975,4258,0,0,0,1.0,1,1.0,1,1.0,1,0.2174566262977442,79
3853,2,7235,2976,4259,0,0,0,1.0,1,1.0,1,1.0,1,0.21310553414721353,79
3854,4,7239,2978,4261,0,0,0,1.0,1,1.0,1,1.0,1,0.24011126818276446,78
3855,2,7241,2979,4262,0,0,0,1.0,1,1.0,1,1.0,1,0.25117426843616475,78
3856,5,7246,2980,4266,0,0,0,1.0,1,1.0,1,1.0,1,0.23651597156318588,80
3857,1,7247,2980,4267,0,0,0,1.0,1,1.0,1,1.0,1,0.2144829148781448,81
3858,1,7248,2981,4267,0,0,0,1.0,1,1.0,1,1.0,1,0.22157466597043082,81
3859,0,7248,2981,4267,0,0,0,1.0,1,1.0,1,1.0,1,0.23052326942062462,83
3860,1,7249,2982,4267,0,0,0,1.0,1,1.0,1,1.0,1,0.25494330317357927,82
3861,3,7252,2983,4269,0,0,0,1.0,1,1.0,1,1.0,1,0.2733620861930957,84
3862,3,7255,2984,4271,0,0,0,1.0,1,1.0,1,1.0,1,0.27261789677491854,85
3863,0,7255,2984,4271,0,0,0,1.0,1,1.0,1,1.0,1,0.26754796847835777,84
3864,1,7256,2985,4271,0,0,0,1.0,1,1.0,1,1.0,1,0.26278902333619225,83
3865,1,7257,2986,4271,0,0,0,1.0,1,1.0,1,1.0,1,0.26124957802090387,82
3866,1,7258,2987,4271,0,0,0,1.0,1,1.0,1,1.0,1,0.26194342491323436,81
3867,3,7261,2990,4271,0,0,0,1.0,1,1.0,1,1.0,1,0.27331402005218036,81
3868,2,7263,2991,4272,0,0,0,1.0,1,1.0,1,1.0,1,0.2769876733791433,81
3869,3,7266,2992,4274,0,0,0,1.0,1,1.0,1,1.0,1,0.2672826170750082,81
3870,0,7266,2992,4274,0,0,0,1.0,1,1.0,1,1.0,1,0.2546085926359119,80
3871,4,7270,2993,4277,0,0,0,1.0,1,1.0,1,1.0,1,0.23640345520634257,82
3872,2,7272,2994,4278,0,0,0,1.0,1,1.0,1,1.0,1,0.23350534161120312,81
3873,2,7274,2995,4279,0,0,0,1.0,1,1.0,1,1.0,1,0.21943497876185267,81
3874,3,7277,2997,4280,0,0,0,1.0,1,1.0,1,1.0,1,0.21482977370542283,78
3875,0,7277,2997,4280,0,0,0,1.0,1,1.0,1,1.0,1,0.21438096749680918,77
3876,4,7281,3000,4281,0,0,0,1.0,1,1.0,1,1.0,1,0.23717931314461083,78
3877,1,7282,3000,4282,0,0,0,1.0,1,1.0,1,1.0,1,0.22795092990306456,75
3878,1,7283,3001,4282,0,0,0,1.0,1,1.0,1,1.0,1,0.22370899201711816,75
3879,0,7283,3001,4282,0,0,0,1.0,1,1.0,1,1.0,1,0.2354800758158814,73
3880,0,7283,3001,4282,0,0,0,1.0,1,1.0,1,1.0,1,0.23922835933811734,74
3881,1,7284,3002,4282,0,0,0,1.0,1,1.0,1,1.0,1,0.24767139154159226,75
3882,0,7284,3002,4282,0,0,0,1.0,1,1.0,1,1.0,1,0.2527117791564964,76
3883,1,7285,3002,4283,0,0,0,1.0,1,1.0,1,1.0,1,0.24517396193771762,77
3884,4,7289,3004,4285,0,0,0,1.0,1,1.0,1,1.0,1,0.23425264886590733,78
3885,2,7291,3005,4286,0,0,0,1.0,1,1.0,1,1.0,1,0.21015166141666541,78
3886,5,7296,3005,4291,0,0,0,1.0,1,1.0,1,1.0,1,0.1946935690367565,79
3887,6,7302,3006,4296,0,0,0,1.0,1,1.0,1,1.0,1,0.14141759947585963,78
3888,6,7308,3008,4300,0,0,0,1.0,1,1.0,1,1.0,1,0.1958110213045168,80
3889,5,7313,3008,4305,0,0,0,1.0,1,1.0,1,1.0,1,0.1745006094591911,82
3890,7,7320,3009,4311,0,0,0,1.0,1,1.0,1,1.0,1,0.19438193468825718,82
3891,4,7324,3013,4311,0,0,0,1.0,1,1.0,1,1.0,1,0.22073763485778766,85
3892,10,7334,3014,4320,0,0,0,1.0,1,1.0,1,1.0,1,0.23462132803876326,87
3893,8,7342,3014,4328,0,0,0,1.0,1,1.0,1,1.0,1,0.21357725656407536,86
3894,3,7345,3014,4331,0,0,0,1.0,1,1.0,1,1.0,1,0.21863144508288493,87
3895,5,7350,3015,4335,0,0,0,1.0,1,1.0,1,1.0,1,0.2200097289831383,87
3896,5,7355,3015,4340,0,0,0,1.0,1,1.0,1,1.0,1,0.21125198083226585,85
3897,7,7362,3017,4345,0,0,0,1.0,1,1.0,1,1.0,1,0.20982022742950163,85
3898,2,7364,3017,4347,0,0,0,1.0,1,1.0,1,1.0,1,0.21764576054803514,86
3899,0,7364,3017,4347,0,0,0,1.0,1,1.0,1,1.0,1,0.21764576054803514,86
3900,0,7364,3017,4347,0,0,0,1.0,1,1.0,1,1.0,1,0.21764576054803514,86
3901,6,7370,3018,4352,0,0,0,1.0,1,1.0,1,1.0,1,0.1941076539104466,86
3902,1,7371,3019,4352,0,0,0,1.0,1,1.0,1,1.0,1,0.18682801044393157,87
3903,4,7375,3020,4355,0,0,0,1.0,1,1.0,1,1.0,1,0.16368601979990835,87
3904,2,7377,3022,4355,0,0,0,1.0,1,1.0,1,1.0,1,0.17434845599283819,85
3905,1,7378,3022,4356,0,0,0,1.0,1,1.0,1,1.0,1,0.17332282070429855,84
3906,2,7380,3023,4357,0,0,0,1.0,1,1.0,1,1.0,1,0.16073830182758314,86
3907,2,7382,3025,4357,0,0,0,1.0,1,1.0,1,1.0,1,0.17563771142331,84
3908,1,7383,3026,4357,0,0,0,1.0,1,1.0,1,1.0,1,0.18758942044538227,83
3909,0,7383,3026,4357,0,0,0,1.0,1,1.0,1,1.0,1,0.19198281995636743,81
3910,6,7389,3030,4359,0,0,0,1.0,1,1.0,1,1.0,1,0.22291266990766123,82
3911,2,7391,3031,4360,0,0,0,1.0,1,1.0,1,1.0,1,0.21133075834119366,81
3912,2,7393,3032,4361,0,0,0,1.0,1,1.0,1,1.0,1,0.18200508543832436,80
3913,2,7395,3034,4361,0,0,0,1.0,1,1.0,1,1.0,1,0.20644359746094065,80
3914,5,7400,3036,4364,0,0,0,1.0,1,1.0,1,1.0,1,0.21906070760218196,81
3915,4,7404,3038,4366,0,0,0,1.0,1,1.0,1,1.0,1,0.2248810333952856,81
3916,11,7415,3039,4376,0,0,0,1.0,1,1.0,1,1.0,1,0.1656239537222366,81
3917,5,7420,3041,4379,0,0,0,1.0,1,1.0,1,1.0,1,0.14377474068270368,82
3918,5,7425,3042,4383,0,0,0,1.0,1,1.0,1,1.0,1,0.15311266513084645,85
3919,2,7427,3043,4384,0,0,0,1.0,1,1.0,1,1.0,1,0.15631983533867258,85
3920,3,7430,3044,4386,0,0,0,1.0,1,1.0,1,1.0,1,0.15154687799366723,85
3921,4,7434,3045,4389,0,0,0,1.0,1,1.0,1,1.0,1,0.12711291086365994,88
3922,0,7434,3045,4389,0,0,0,1.0,1,1.0,1,1.0,1,0.12711291086365994,88
3923,0,7434,3045,4389,0,0,0,1.0,1,1.0,1,1.0,1,0.11867813991765377,89
3924,0,7434,3045,4389,0,0,0,1.0,1,1.0,1,1.0,1,0.11958063025825287,90
3925,2,7436,3046,4390,0,0,0,1.0,1,1.0,1,1.0,1,0.12342265946480384,88
3926,0,7436,3046,4390,0,0,0,1.0,1,1.0,1,1.0,1,0.1277669888376086,89
3927,2,7438,3047,4391,0,0,0,1.0,1,1.0,1,1.0,1,0.1482854609131984,89
3928,1,7439,3047,4392,0,0,0,1.0,1,1.0,1,1.0,1,0.1366437251427889,88
3929,5,7444,3048,4396,0,0,0,1.0,1,1.0,1,1.0,1,0.1394293671070993,88
3930,4,7448,3048,4400,0,0,0,1.0,1,1.0,1,1.0,1,0.14972091905499949,87
3931,3,7451,3050,4401,0,0,0,1.0,1,1.0,1,1.0,1,0.16093305090212123,86
3932,1,7452,3051,4401,0,0,0,1.0,1,1.0,1,1.0,1,0.18127873435023834,85
3933,1,7453,3052,4401,0,0,0,1.0,1,1.0,1,1.0,1,0.2150834832606734,84
3934,4,7457,3052,4405,0,0,0,1.0,1,1.0,1,1.0,1,0.17976018074183128,85
3935,0,7457,3052,4405,0,0,0,1.0,1,1.0,1,1.0,1,0.17682712316775076,84
3936,0,7457,3052,4405,0,0,0,1.0,1,1.0,1,1.0,1,0.17275451830341393,84
3937,1,7458,3052,4406,0,0,0,1.0,1,1.0,1,1.0,1,0.15884883800755528,82
3938,1,7459,3053,4406,0,0,0,1.0,1,1.0,1,1.0,1,0.1551606566890191,82
3939,1,7460,3054,4406,0,0,0,1.0,1,1.0,1,1.0,1,0.14465802636116235,84
3940,1,7461,3055,4406,0,0,0,1.0,1,1.0,1,1.0,1,0.1512501718934375,84
3941,1,7462,3056,4406,0,0,0,1.0,1,1.0,1,1.0,1,0.13158765347314152,85
3942,1,7463,3057,4406,0,0,0,1.0,1,1.0,1,1.0,1,0.14159222519948045,85
3943,2,7465,3058,4407,0,0,0,1.0,1,1.0,1,1.0,1,0.13371583173937118,84
3944,2,7467,3059,4408,0,0,0,1.0,1,1.0,1,1.0,1,0.14793562665915397,83
3945,1,7468,3060,4408,0,0,0,1.0,1,1.0,1,1.0,1,0.14051142149139342,83
3946,9,7477,3061,4416,0,0,0,1.0,1,1.0,1,1.0,1,0.09713915676031934,83
3947,2,7479,3062,4417,0,0,0,1.0,1,1.0,1,1.0,1,0.10264965861805006,83
3948,1,7480,3062,4418,0,0,0,1.0,1,1.0,1,1.0,1,0.10773571163410263,84
3949,0,7480,3062,4418,0,0,0,1.0,1,1.0,1,1.0,1,0.12616317316071632,84
3950,2,7482,3064,4418,0,0,0,1.0,1,1.0,1,1.0,1,0.1308384618619779,86
3951,1,7483,3064,4419,0,0,0,1.0,1,1.0,1,1.0,1,0.13871259205307965,87
3952,4,7487,3066,4421,0,0,0,1.0,1,1.0,1,1.0,1,0.16399190537607058,86
3953,1,7488,3067,4421,0,0,0,1.0,1,1.0,1,1.0,1,0.1739626601053116,86
3954,1,7489,3067,4422,0,0,0,1.0,1,1.0,1,1.0,1,0.16179659202137772,85
3955,2,7491,3067,4424,0,0,0,1.0,1,1.0,1,1.0,1,0.1562291933367452,85
3956,0,7491,3067,4424,0,0,0,1.0,1,1.0,1,1.0,1,0.16067564655637545,84
3957,1,7492,3068,4424,0,0,0,1.0,1,1.0,1,1.0,1,0.1632995342989995,85
3958,2,7494,3069,4425,0,0,0,1.0,1,1.0,1,1.0,1,0.16644816124316766,84
3959,1,7495,3069,4426,0,0,0,1.0,1,1.0,1,1.0,1,0.18336671492520187,83
3960,2,7497,3071,4426,0,0,0,1.0,1,1.0,1,1.0,1,0.2105151977527218,84
3961,7,7504,3072,4432,0,0,0,1.0,1,1.0,1,1.0,1,0.17389613529164086,83
3962,2,7506,3074,4432,0,0,0,1.0,1,1.0,1,1.0,1,0.19635614007602978,84
3963,0,7506,3074,4432,0,0,0,1.0,1,1.0,1,1.0,1,0.2067926950101314,81
3964,4,7510,3077,4433,0,0,0,1.0,1,1.0,1,1.0,1,0.22812171999373648,81
3965,6,7516,3077,4439,0,0,0,1.0,1,1.0,1,1.0,1,0.1909027204299933,81
3966,1,7517,3078,4439,0,0,0,1.0,1,1.0,1,1.0,1,0.19375563068520857,79
3967,3,7520,3079,4441,0,0,0,1.0,1,1.0,1,1.0,1,0.2037014206580616,81
3968,1,7521,3080,4441,0,0,0,1.0,1,1.0,1,1.0,1,0.2044414355996633,79
3969,3,7524,3083,4441,0,0,0,1.0,1,1.0,1,1.0,1,0.22536574488167233,79
3970,2,7526,3084,4442,0,0,0,1.0,1,1.0,1,1.0,1,0.2165246238312349,78
3971,3,7529,3086,4443,0,0,0,1.0,1,1.0,1,1.0,1,0.22421902489479295,77
3972,1,7530,3087,4443,0,0,0,1.0,1,1.0,1,1.0,1,0.22873634355718062,78
3973,1,7531,3088,4443,0,0,0,1.0,1,1.0,1,1.0,1,0.22297979980636543,77
3974,0,7531,3088,4443,0,0,0,1.0,1,1.0,1,1.0,1,0.22297979980636543,77
3975,0,7531,3088,4443,0,0,0,1.0,1,1.0,1,1.0,1,0.2309557110956442,76
3976,3,7534,3088,4446,0,0,0,1.0,1,1.0,1,1.0,1,0.2117633265544687,77
3977,1,7535,3088,4447,0,0,0,1.0,1,1.0,1,1.0,1,0.21214440768868237,78
3978,2,7537,3089,4448,0,0,0,1.0,1,1.0,1,1.0,1,0.2305291588022439,79
3979,2,7539,3089,4450,0,0,0,1.0,1,1.0,1,1.0,1,0.21900220269379386,79
3980,0,7539,3089,4450,0,0,0,1.0,1,1.0,1,1.0,1,0.21900220269379386,79
3981,3,7542,3091,4451,0,0,0,1.0,1,1.0,1,1.0,1,0.23178333119861555,83
3982,2,7544,3092,4452,0,0,0,1.0,1,1.0,1,1.0,1,0.2326532463897736,83
3983,2,7546,3094,4452,0,0,0,1.0,1,1.0,1,1.0,1,0.22897214380392567,82
3984,5,7551,3096,4455,0,0,0,1.0,1,1.0,1,1.0,1,0.25593256344648974,83
3985,9,7560,3098,4462,0,0,0,1.0,1,1.0,1,1.0,1,0.21671274824719558,84
3986,3,7563,3099,4464,0,0,0,1.0,1,1.0,1,1.0,1,0.24702840784910746,83
3987,6,7569,3100,4469,0,0,0,1.0,1,1.0,1,1.0,1,0.22999172067716372,82
3988,6,7575,3100,4475,0,0,0,1.0,1,1.0,1,1.0,1,0.23072475801030465,83
3989,5,7580,3100,4480,0,0,0,1.0,1,1.0,1,1.0,1,0.24309979521231004,81
3990,4,7584,3101,4483,0,0,0,1.0,1,1.0,1,1.0,1,0.2319575952826722,81
3991,8,7592,3105,4487,0,0,0,1.0,1,1.0,1,1.0,1,0.21403239378135042,79
3992,3,7595,3105,4490,0,0,0,1.0,1,1.0,1,1.0,1,0.19059908788394783,81
3993,1,7596,3105,4491,0,0,0,1.0,1,1.0,1,1.0,1,0.19105570103645977,80
3994,0,7596,3105,4491,0,0,0,1.0,1,1.0,1,1.0,1,0.19105570103645977,80
3995,1,7597,3106,4491,0,0,0,1.0,1,1.0,1,1.0,1,0.18804638746735217,81
3996,0,7597,3106,4491,0,0,0,1.0,1,1.0,1,1.0,1,0.21546586795868627,80
3997,2,7599,3107,4492,0,0,0,1.0,1,1.0,1,1.0,1,0.22270017957395521,81
3998,0,7599,3107,4492,0,0,0,1.0,1,1.0,1,1.0,1,0.20552264497436945,82
3999,2,7601,3108,4493,0,0,0,1.0,1,1.0,1,1.0,1,0.1997697969786162,82
4000,4,7605,3111,4494,0,0,0,1.0,1,1.0,1,1.0,1,0.21491153310800662,82
4001,2,7607,3112,4495,0,0,0,1.0,1,1.0,1,1.0,1,0.20861974702672278,81
4002,2,7609,3114,4495,0,0,0,1.0,1,1.0,1,1.0,1,0.21850024874006646,81
4003,1,7610,3115,4495,0,0,0,1.0,1,1.0,1,1.0,1,0.23070274700133858,81
4004,0,7610,3115,4495,0,0,0,1.0,1,1.0,1,1.0,1,0.23682921333992404,80
4005,3,7613,3116,4497,0,0,0,1.0,1,1.0,1,1.0,1,0.22529560582005295,78
4006,6,7619,3117,4502,0,0,0,1.0,1,1.0,1,1.0,1,0.15512617970999762,76
4007,3,7622,3118,4504,0,0,0,1.0,1,1.0,1,1.0,1,0.1662755906201801,75
4008,2,7624,3120,4504,0,0,0,1.0,1,1.0,1,1.0,1,0.20810561528175905,74
4009,4,7628,3121,4507,0,0,0,1.0,1,1.0,1,1.0,1,0.20348200708948966,75
4010,2,7630,3121,4509,0,0,0,1.0,1,1.0,1,1.0,1,0.20935414317426287,75
4011,1,7631,3122,4509,0,0,0,1.0,1,1.0,1,1.0,1,0.2308026028017912,74
4012,2,7633,3123,4510,0,0,0,1.0,1,1.0,1,1.0,1,0.2308189683175188,74
4013,2,7635,3124,4511,0,0,0,1.0,1,1.0,1,1.0,1,0.2751882550916474,74
4014,6,7641,3125,4516,0,0,0,1.0,1,1.0,1,1.0,1,0.2776616611465894,73
4015,2,7643,3125,4518,0,0,0,1.0,1,1.0,1,1.0,1,0.29112239801592255,74
4016,3,7646,3126,4520,0,0,0,1.0,1,1.0,1,1.0,1,0.3029794266454571,74
4017,7,7653,3126,4527,0,0,0,1.0,1,1.0,1,1.0,1,0.29716884574495583,78
4018,4,7657,3126,4531,0,0,0,1.0,1,1.0,1,1.0,1,0.29863833674918866,78
4019,4,7661,3126,4535,0,0,0,1.0,1,1.0,1,1.0,1,0.30189564334321667,78
4020,4,7665,3126,4539,0,0,0,1.0,1,1.0,1,1.0,1,0.29965164417643314,78
4021,8,7673,3126,4547,0,0,0,1.0,1,1.0,1,1.0,1,0.2325160090625777,78
4022,2,7675,3127,4548,0,0,0,1.0,1,1.0,1,1.0,1,0.2442857602492765,79
4023,0,7675,3127,4548,0,0,0,1.0,1,1.0,1,1.0,1,0.2469423824519681,78
4024,0,7675,3127,4548,0,0,0,1.0,1,1.0,1,1.0,1,0.2495655877240182,77
4025,5,7680,3128,4552,0,0,0,1.0,1,1.0,1,1.0,1,0.2519019041809108,76
4026,1,7681,3129,4552,0,0,0,1.0,1,1.0,1,1.0,1,0.23764017691403586,76
4027,4,7685,3132,4553,0,0,0,1.0,1,1.0,1,1.0,1,0.2337606246765236,75
4028,4,7689,3133,4556,0,0,0,1.0,1,1.0,1,1.0,1,0.19635701518924398,76
4029,1,7690,3133,4557,0,0,0,1.0,1,1.0,1,1.0,1,0.1999141690324225,75
4030,3,7693,3134,4559,0,0,0,1.0,1,1.0,1,1.0,1,0.1834112114579772,74
4031,2,7695,3135,4560,0,0,0,1.0,1,1.0,1,1.0,1,0.2056412653807896,73
4032,1,7696,3135,4561,0,0,0,1.0,1,1.0,1,1.0,1,0.21441902178815475,71
4033,0,7696,3135,4561,0,0,0,1.0,1,1.0,1,1.0,1,0.20596629910489575,73
4034,4,7700,3139,4561,0,0,0,1.0,1,1.0,1,1.0,1,0.2009002631627724,72
4035,2,7702,3140,4562,0,0,0,1.0,1,1.0,1,1.0,1,0.19743970345581716,71
4036,4,7706,3143,4563,0,0,0,1.0,1,1.0,1,1.0,1,0.15667915133720514,71
4037,2,7708,3143,4565,0,0,0,1.0,1,1.0,1,1.0,1,0.147594474895523,70
4038,1,7709,3143,4566,0,0,0,1.0,1,1.0,1,1.0,1,0.15361351807082235,69
4039,2,7711,3144,4567,0,0,0,1.0,1,1.0,1,1.0,1,0.18150762484433208,68
4040,0,7711,3144,4567,0,0,0,1.0,1,1.0,1,1.0,1,0.19223994079268517,69
4041,1,7712,3145,4567,0,0,0,1.0,1,1.0,1,1.0,1,0.24054639590452156,67
4042,2,7714,3145,4569,0,0,0,1.0,1,1.0,1,1.0,1,0.2599786246484619,67
4043,2,7716,3146,4570,0,0,0,1.0,1,1.0,1,1.0,1,0.29696387202589947,66
4044,5,7721,3148,4573,0,0,0,1.0,1,1.0,1,1.0,1,0.3080840629724106,65
4045,0,7721,3148,4573,0,0,0,1.0,1,1.0,1,1.0,1,0.30708866022071574,66
4046,2,7723,3149,4574,0,0,0,1.0,1,1.0,1,1.0,1,0.32564428771499976,68
4047,1,7724,3149,4575,0,0,0,1.0,1,1.0,1,1.0,1,0.3279950536678013,68
4048,3,7727,3149,4578,0,0,0,1.0,1,1.0,1,1.0,1,0.33703653379185844,69
4049,4,7731,3149,4582,0,0,0,1.0,1,1.0,1,1.0,1,0.3356710926754807,69
4050,6,7737,3149,4588,0,0,0,1.0,1,1.0,1,1.0,1,0.3270276009930418,69
4051,2,7739,3149,4590,0,0,0,1.0,1,1.0,1,1.0,1,0.3003688053781576,69
4052,1,7740,3149,4591,0,0,0,1.0,1,1.0,1,1.0,1,0.2901890635463073,69
4053,0,7740,3149,4591,0,0,0,1.0,1,1.0,1,1.0,1,0.2901890635463073,69
4054,3,7743,3150,4593,0,0,0,1.0,1,1.0,1,1.0,1,0.2757460207063781,70
4055,1,7744,3150,4594,0,0,0,1.0,1,1.0,1,1.0,1,0.26304811430860986,70
4056,0,7744,3150,4594,0,0,0,1.0,1,1.0,1,1.0,1,0.26304811430860986,70
4057,0,7744,3150,4594,0,0,0,1.0,1,1.0,1,1.0,1,0.2658732478483023,71
4058,1,7745,3150,4595,0,0,0,1.0,1,1.0,1,1.0,1,0.2529417322430507,71
4059,1,7746,3151,4595,0,0,0,1.0,1,1.0,1,1.0,1,0.2554499567708173,72
4060,0,7746,3151,4595,0,0,0,1.0,1,1.0,1,1.0,1,0.26512169973566163,71
4061,3,7749,3152,4597,0,0,0,1.0,1,1.0,1,1.0,1,0.2793243624449709,72
4062,2,7751,3152,4599,0,0,0,1.0,1,1.0,1,1.0,1,0.2540468368496014,72
4063,3,7754,3153,4601,0,0,0,1.0,1,1.0,1,1.0,1,0.24622749011704329,72
4064,5,7759,3156,4603,0,0,0,1.0,1,1.0,1,1.0,1,0.24209423639422936,71
4065,2,7761,3157,4604,0,0,0,1.0,1,1.0,1,1.0,1,0.23012174719447562,70
4066,8,7769,3159,4610,0,0,0,1.0,1,1.0,1,1.0,1,0.20813100404785512,70
4067,3,7772,3159,4613,0,0,0,1.0,1,1.0,1,1.0,1,0.16799770401545097,68
4068,6,7778,3162,4616,0,0,0,1.0,1,1.0,1,1.0,1,0.18066472544932383,70
4069,1,7779,3162,4617,0,0,0,1.0,1,1.0,1,1.0,1,0.15801699892430932,68
4070,3,7782,3163,4619,0,0,0,1.0,1,1.0,1,1.0,1,0.18367674858913924,67
4071,2,7784,3163,4621,0,0,0,1.0,1,1.0,1,1.0,1,0.20087421696760427,68
4072,4,7788,3165,4623,0,0,0,1.0,1,1.0,1,1.0,1,0.22275682405077346,70
4073,5,7793,3168,4625,0,0,0,1.0,1,1.0,1,1.0,1,0.23675205298785496,70
4074,7,7800,3172,4628,0,0,0,1.0,1,1.0,1,1.0,1,0.2561105744232849,71
4075,8,7808,3176,4632,0,0,0,1.0,1,1.0,1,1.0,1,0.26815131808696296,72
4076,7,7815,3178,4637,0,0,0,1.0,1,1.0,1,1.0,1,0.2959119323619672,73
4077,8,7823,3179,4644,0,0,0,1.0,1,1.0,1,1.0,1,0.31171901981905215,72
4078,9,7832,3183,4649,0,0,0,1.0,1,1.0,1,1.0,1,0.33520961807994737,71
4079,7,7839,3184,4655,0,0,0,1.0,1,1.0,1,1.0,1,0.33332101355917615,69
4080,7,7846,3185,4661,0,0,0,1.0,1,1.0,1,1.0,1,0.3131639715127788,67
4081,11,7857,3185,4672,0,0,0,1.0,1,1.0,1,1.0,1,0.20096644337025585,66
4082,0,7857,3185,4672,0,0,0,1.0,1,1.0,1,1.0,1,0.2128241397379221,65
4083,3,7860,3186,4674,0,0,0,1.0,1,1.0,1,1.0,1,0.20625069238056937,64
4084,1,7861,3187,4674,0,0,0,1.0,1,1.0,1,1.0,1,0.2154379064664064,64
4085,4,7865,3187,4678,0,0,0,1.0,1,1.0,1,1.0,1,0.17125469230058138,65
4086,2,7867,3188,4679,0,0,0,1.0,1,1.0,1,1.0,1,0.20410647315085323,66
4087,3,7870,3189,4681,0,0,0,1.0,1,1.0,1,1.0,1,0.19549183765394237,66
4088,2,7872,3189,4683,0,0,0,1.0,1,1.0,1,1.0,1,0.23551803847422764,65
4089,1,7873,3189,4684,0,0,0,1.0,1,1.0,1,1.0,1,0.2092058287288747,65
4090,3,7876,3189,4687,0,0,0,1.0,1,1.0,1,1.0,1,0.21469562335620207,65
4091,2,7878,3189,4689,0,0,0,1.0,1,1.0,1,1.0,1,0.21469562335620207,65
4092,1,7879,3189,4690,0,0,0,1.0,1,1.0,1,1.0,1,0.24574908027849912,64
4093,3,7882,3189,4693,0,0,0,1.0,1,1.0,1,1.0,1,0.18268973578269698,66
4094,3,7885,3190,4695,0,0,0,1.0,1,1.0,1,1.0,1,0.20954405060798262,65
4095,3,7888,3193,4695,0,0,0,1.0,1,1.0,1,1.0,1,0.2281259131977053,65
4096,5,7893,3194,4699,0,0,0,1.0,1,1.0,1,1.0,1,0.18311357448767132,67
4097,3,7896,3196,4700,0,0,0,1.0,1,1.0,1,1.0,1,0.18880485121318863,67
4098,2,7898,3198,4700,0,0,0,1.0,1,1.0,1,1.0,1,0.21828568262369408,68
4099,1,7899,3199,4700,0,0,0,1.0,1,1.0,1,1.0,1,0.22184434362989486,69
4100,2,7901,3200,4701,0,0,0,1.0,1,1.0,1,1.0,1,0.2204216222942818,70
4101,2,7903,3201,4702,0,0,0,1.0,1,1.0,1,1.0,1,0.233451540622317,71
4102,2,7905,3203,4702,0,0,0,1.0,1,1.0,1,1.0,1,0.21452304367163494,71
4103,2,7907,3205,4702,0,0,0,1.0,1,1.0,1,1.0,1,0.20743262810725158,71
4104,2,7909,3207,4702,0,0,0,1.0,1,1.0,1,1.0,1,0.20265329901837092,69
4105,1,7910,3208,4702,0,0,0,1.0,1,1.0,1,1.0,1,0.22257549679537633,67
4106,0,7910,3208,4702,0,0,0,1.0,1,1.0,1,1.0,1,0.22952135436633553,68
4107,1,7911,3208,4703,0,0,0,1.0,1,1.0,1,1.0,1,0.21368316637192633,70
4108,1,7912,3208,4704,0,0,0,1.0,1,1.0,1,1.0,1,0.19644632931634456,70
4109,1,7913,3209,4704,0,0,0,1.0,1,1.0,1,1.0,1,0.20067544129337045,69
4110,0,7913,3209,4704,0,0,0,1.0,1,1.0,1,1.0,1,0.1812599204971188,71
4111,3,7916,3209,4707,0,0,0,1.0,1,1.0,1,1.0,1,0.1581311503017259,70
4112,0,7916,3209,4707,0,0,0,1.0,1,1.0,1,1.0,1,0.15330012296261233,72
4113,0,7916,3209,4707,0,0,0,1.0,1,1.0,1,1.0,1,0.15330012296261233,72
4114,6,7922,3212,4710,0,0,0,1.0,1,1.0,1,1.0,1,0.18849406570442898,72
4115,2,7924,3213,4711,0,0,0,1.0,1,1.0,1,1.0,1,0.17896133104080353,70
4116,2,7926,3214,4712,0,0,0,1.0,1,1.0,1,1.0,1,0.17022882429808636,67
4117,1,7927,3215,4712,0,0,0,1.0,1,1.0,1,1.0,1,0.17327982594342842,67
4118,1,7928,3215,4713,0,0,0,1.0,1,1.0,1,1.0,1,0.20341831814385644,66
4119,4,7932,3216,4716,0,0,0,1.0,1,1.0,1,1.0,1,0.2169360010630791,67
4120,3,7935,3218,4717,0,0,0,1.0,1,1.0,1,1.0,1,0.2568942028709184,64
4121,2,7937,3220,4717,0,0,0,1.0,1,1.0,1,1.0,1,0.30583781740855986,63
4122,5,7942,3223,4719,0,0,0,1.0,1,1.0,1,1.0,1,0.29493174660111776,63
4123,2,7944,3225,4719,0,0,0,1.0,1,1.0,1,1.0,1,0.2771358738224944,61
4124,3,7947,3227,4720,0,0,0,1.0,1,1.0,1,1.0,1,0.28053862619335496,62
4125,2,7949,3228,4721,0,0,0,1.0,1,1.0,1,1.0,1,0.2594070107285448,60
4126,4,7953,3229,4724,0,0,0,1.0,1,1.0,1,1.0,1,0.2197087655609881,59
4127,0,7953,3229,4724,0,0,0,1.0,1,1.0,1,1.0,1,0.2281276978689093,60
4128,1,7954,3230,4724,0,0,0,1.0,1,1.0,1,1.0,1,0.24035266253161428,60
4129,2,7956,3230,4726,0,0,0,1.0,1,1.0,1,1.0,1,0.23643130467391255,60
4130,1,7957,3231,4726,0,0,0,1.0,1,1.0,1,1.0,1,0.220995617311763,61
4131,3,7960,3233,4727,0,0,0,1.0,1,1.0,1,1.0,1,0.2580306480748327,60
4132,1,7961,3234,4727,0,0,0,1.0,1,1.0,1,1.0,1,0.25775576824924057,60
4133,0,7961,3234,4727,0,0,0,1.0,1,1.0,1,1.0,1,0.2658498917821087,62
4134,4,7965,3238,4727,0,0,0,1.0,1,1.0,1,1.0,1,0.28324485447326797,63
4135,3,7968,3238,4730,0,0,0,1.0,1,1.0,1,1.0,1,0.23988488163873548,65
4136,0,7968,3238,4730,0,0,0,1.0,1,1.0,1,1.0,1,0.23988488163873548,65
4137,0,7968,3238,4730,0,0,0,1.0,1,1.0,1,1.0,1,0.2404337745802999,66
4138,1,7969,3239,4730,0,0,0,1.0,1,1.0,1,1.0,1,0.24191017171887824,67
4139,1,7970,3239,4731,0,0,0,1.0,1,1.0,1,1.0,1,0.2361945348826096,67
4140,0,7970,3239,4731,0,0,0,1.0,1,1.0,1,1.0,1,0.22394859238188897,66
4141,1,7971,3239,4732,0,0,0,1.0,1,1.0,1,1.0,1,0.2138822078833616,67
4142,1,7972,3240,4732,0,0,0,1.0,1,1.0,1,1.0,1,0.21970488954914083,67
4143,2,7974,3241,4733,0,0,0,1.0,1,1.0,1,1.0,1,0.20975435948635487,66
4144,3,7977,3243,4734,0,0,0,1.0,1,1.0,1,1.0,1,0.22224568498410038,64
4145,1,7978,3244,4734,0,0,0,1.0,1,1.0,1,1.0,1,0.22697632689843253,63
4146,2,7980,3246,4734,0,0,0,1.0,1,1.0,1,1.0,1,0.24023261109995034,62
4147,0,7980,3246,4734,0,0,0,1.0,1,1.0,1,1.0,1,0.2351821560088961,60
4148,6,7986,3248,4738,0,0,0,1.0,1,1.0,1,1.0,1,0.186920522915748,62
4149,3,7989,3250,4739,0,0,0,1.0,1,1.0,1,1.0,1,0.18660066338914494,61
4150,3,7992,3252,4740,0,0,0,1.0,1,1.0,1,1.0,1,0.19163209701155257,60
4151,1,7993,3253,4740,0,0,0,1.0,1,1.0,1,1.0,1,0.2063186479114391,60
4152,2,7995,3255,4740,0,0,0,1.0,1,1.0,1,1.0,1,0.20288050330505875,60
4153,1,7996,3256,4740,0,0,0,1.0,1,1.0,1,1.0,1,0.23061177870175323,58
4154,0,7996,3256,4740,0,0,0,1.0,1,1.0,1,1.0,1,0.2211898752366693,57
4155,3,7999,3259,4740,0,0,0,1.0,1,1.0,1,1.0,1,0.23881276641487437,57
4156,6,8005,3262,4743,0,0,0,1.0,1,1.0,1,1.0,1,0.2463286833414174,58
4157,1,8006,3262,4744,0,0,0,1.0,1,1.0,1,1.0,1,0.22171995183748716,57
4158,1,8007,3263,4744,0,0,0,1.0,1,1.0,1,1.0,1,0.24584833371979595,55
4159,2,8009,3264,4745,0,0,0,1.0,1,1.0,1,1.0,1,0.24403320048738247,57
4160,1,8010,3265,4745,0,0,0,1.0,1,1.0,1,1.0,1,0.24969437521229404,58
4161,0,8010,3265,4745,0,0,0,1.0,1,1.0,1,1.0,1,0.24969437521229404,58
4162,1,8011,3265,4746,0,0,0,1.0,1,1.0,1,1.0,1,0.2304185593623955,57
4163,0,8011,3265,4746,0,0,0,1.0,1,1.0,1,1.0,1,0.2080265870996335,58
4164,3,8014,3268,4746,0,0,0,1.0,1,1.0,1,1.0,1,0.2717819071802688,56
4165,4,8018,3269,4749,0,0,0,1.0,1,1.0,1,1.0,1,0.2727643988654525,58
4166,1,8019,3269,4750,0,0,0,1.0,1,1.0,1,1.0,1,0.2571207908360112,57
4167,1,8020,3270,4750,0,0,0,1.0,1,1.0,1,1.0,1,0.2741473434499729,57
4168,0,8020,3270,4750,0,0,0,1.0,1,1.0,1,1.0,1,0.27038764561180767,58
4169,3,8023,3271,4752,0,0,0,1.0,1,1.0,1,1.0,1,0.269698072327005,58
4170,1,8024,3272,4752,0,0,0,1.0,1,1.0,1,1.0,1,0.28574264240088537,58
4171,4,8028,3272,4756,0,0,0,1.0,1,1.0,1,1.0,1,0.2615773353017902,57
4172,0,8028,3272,4756,0,0,0,1.0,1,1.0,1,1.0,1,0.2615773353017902,57
4173,2,8030,3273,4757,0,0,0,1.0,1,1.0,1,1.0,1,0.2825340424286108,56
4174,1,8031,3273,4758,0,0,0,1.0,1,1.0,1,1.0,1,0.27759527933982797,56
4175,4,8035,3274,4761,0,0,0,1.0,1,1.0,1,1.0,1,0.2512090327662612,55
4176,1,8036,3274,4762,0,0,0,1.0,1,1.0,1,1.0,1,0.25796835045919003,57
4177,1,8037,3275,4762,0,0,0,1.0,1,1.0,1,1.0,1,0.27815358941371315,58
4178,6,8043,3278,4765,0,0,0,1.0,1,1.0,1,1.0,1,0.2762053950691169,60
4179,4,8047,3279,4768,0,0,0,1.0,1,1.0,1,1.0,1,0.24451085828817884,61
4180,2,8049,3280,4769,0,0,0,1.0,1,1.0,1,1.0,1,0.23155300232818413,62
4181,2,8051,3280,4771,0,0,0,1.0,1,1.0,1,1.0,1,0.23723096239473682,63
4182,2,8053,3281,4772,0,0,0,1.0,1,1.0,1,1.0,1,0.2565738223079343,63
4183,4,8057,3282,4775,0,0,0,1.0,1,1.0,1,1.0,1,0.2540489052113252,63
4184,4,8061,3284,4777,0,0,0,1.0,1,1.0,1,1.0,1,0.2377401978722463,63
4185,0,8061,3284,4777,0,0,0,1.0,1,1.0,1,1.0,1,0.2494533878325948,61
4186,5,8066,3285,4781,0,0,0,1.0,1,1.0,1,1.0,1,0.17555540362951993,62
4187,2,8068,3286,4782,0,0,0,1.0,1,1.0,1,1.0,1,0.19237343617655583,60
4188,2,8070,3287,4783,0,0,0,1.0,1,1.0,1,1.0,1,0.1798676429015984,60
4189,0,8070,3287,4783,0,0,0,1.0,1,1.0,1,1.0,1,0.1798676429015984,60
4190,3,8073,3289,4784,0,0,0,1.0,1,1.0,1,1.0,1,0.18068728105100032,61
4191,0,8073,3289,4784,0,0,0,1.0,1,1.0,1,1.0,1,0.1968819238181391,59
4192,2,8075,3291,4784,0,0,0,1.0,1,1.0,1,1.0,1,0.22331026952159463,58
4193,3,8078,3294,4784,0,0,0,1.0,1,1.0,1,1.0,1,0.2647159407511482,57
4194,1,8079,3295,4784,0,0,0,1.0,1,1.0,1,1.0,1,0.2798632492041742,54
4195,2,8081,3296,4785,0,0,0,1.0,1,1.0,1,1.0,1,0.25459349316487845,55
4196,0,8081,3296,4785,0,0,0,1.0,1,1.0,1,1.0,1,0.2677181015155584,56
4197,0,8081,3296,4785,0,0,0,1.0,1,1.0,1,1.0,1,0.264004259119618,55
4198,2,8083,3297,4786,0,0,0,1.0,1,1.0,1,1.0,1,0.2905807937544093,56
4199,1,8084,3298,4786,0,0,0,1.0,1,1.0,1,1.0,1,0.31800066947460554,55
4200,0,8084,3298,4786,0,0,0,1.0,1,1.0,1,1.0,1,0.3179693776902207,55
4201,3,8087,3298,4789,0,0,0,1.0,1,1.0,1,1.0,1,0.2781906274246513,56
4202,0,8087,3298,4789,0,0,0,1.0,1,1.0,1,1.0,1,0.2781906274246513,56
4203,2,8089,3298,4791,0,0,0,1.0,1,1.0,1,1.0,1,0.27570582807227645,57
4204,0,8089,3298,4791,0,0,0,1.0,1,1.0,1,1.0,1,0.27570582807227645,57
4205,0,8089,3298,4791,0,0,0,1.0,1,1.0,1,1.0,1,0.26912306092634836,58
4206,2,8091,3299,4792,0,0,0,1.0,1,1.0,1,1.0,1,0.2531399630255157,58
4207,2,8093,3301,4792,0,0,0,1.0,1,1.0,1,1.0,1,0.2630649093310119,58
4208,2,8095,3302,4793,0,0,0,1.0,1,1.0,1,1.0,1,0.2521264721860882,60
4209,5,8100,3304,4796,0,0,0,1.0,1,1.0,1,1.0,1,0.25824194172486375,61
4210,2,8102,3304,4798,0,0,0,1.0,1,1.0,1,1.0,1,0.23342056213283632,62
4211,3,8105,3305,4800,0,0,0,1.0,1,1.0,1,1.0,1,0.2448281282219739,63
4212,2,8107,3305,4802,0,0,0,1.0,1,1.0,1,1.0,1,0.22553032475677118,64
4213,2,8109,3305,4804,0,0,0,1.0,1,1.0,1,1.0,1,0.21385820112155746,65
4214,2,8111,3305,4806,0,0,0,1.0,1,1.0,1,1.0,1,0.22210297086461372,65
4215,1,8112,3305,4807,0,0,0,1.0,1,1.0,1,1.0,1,0.2129790963076793,65
4216,1,8113,3305,4808,0,0,0,1.0,1,1.0,1,1.0,1,0.2137641242000542,64
4217,3,8116,3306,4810,0,0,0,1.0,1,1.0,1,1.0,1,0.2069572367631416,65
4218,1,8117,3306,4811,0,0,0,1.0,1,1.0,1,1.0,1,0.19406549680456164,65
4219,1,8118,3307,4811,0,0,0,1.0,1,1.0,1,1.0,1,0.21933127138380412,65
4220,2,8120,3307,4813,0,0,0,1.0,1,1.0,1,1.0,1,0.2065596703712153,65
4221,2,8122,3309,4813,0,0,0,1.0,1,1.0,1,1.0,1,0.24006115950570048,67
4222,3,8125,3310,4815,0,0,0,1.0,1,1.0,1,1.0,1,0.24993130129903995,68
4223,3,8128,3312,4816,0,0,0,1.0,1,1.0,1,1.0,1,0.2655270687262125,68
4224,0,8128,3312,4816,0,0,0,1.0,1,1.0,1,1.0,1,0.26551667003287105,68
4225,1,8129,3313,4816,0,0,0,1.0,1,1.0,1,1.0,1,0.25924693247569575,66
4226,0,8129,3313,4816,0,0,0,1.0,1,1.0,1,1.0,1,0.25922072405859026,66
4227,0,8129,3313,4816,0,0,0,1.0,1,1.0,1,1.0,1,0.25922072405859026,66
4228,0,8129,3313,4816,0,0,0,1.0,1,1.0,1,1.0,1,0.2587734435416517,65
4229,1,8130,3314,4816,0,0,0,1.0,1,1.0,1,1.0,1,0.27524042564271495,65
4230,1,8131,3315,4816,0,0,0,1.0,1,1.0,1,1.0,1,0.2874479867077309,64
4231,4,8135,3316,4819,0,0,0,1.0,1,1.0,1,1.0,1,0.25354648376957445,64
4232,3,8138,3317,4821,0,0,0,1.0,1,1.0,1,1.0,1,0.24477232893118017,65
4233,0,8138,3317,4821,0,0,0,1.0,1,1.0,1,1.0,1,0.24131974838337422,64
4234,1,8139,3317,4822,0,0,0,1.0,1,1.0,1,1.0,1,0.22734226400737148,63
4235,3,8142,3319,4823,0,0,0,1.0,1,1.0,1,1.0,1,0.22022668182654168,63
4236,1,8143,3319,4824,0,0,0,1.0,1,1.0,1,1.0,1,0.2362064737785516,63
4237,7,8150,3321,4829,0,0,0,1.0,1,1.0,1,1.0,1,0.22609384142276173,65
4238,0,8150,3321,4829,0,0,0,1.0,1,1.0,1,1.0,1,0.22609384142276173,65
4239,0,8150,3321,4829,0,0,0,1.0,1,1.0,1,1.0,1,0.22609384142276173,65
4240,1,8151,3322,4829,0,0,0,1.0,1,1.0,1,1.0,1,0.20542297049741143,66
4241,1,8152,3322,4830,0,0,0,1.0,1,1.0,1,1.0,1,0.21379263650805003,66
4242,4,8156,3323,4833,0,0,0,1.0,1,1.0,1,1.0,1,0.20292517622131742,69
4243,1,8157,3323,4834,0,0,0,1.0,1,1.0,1,1.0,1,0.19930195503366185,71
4244,2,8159,3323,4836,0,0,0,1.0,1,1.0,1,1.0,1,0.19930195503366185,71
4245,1,8160,3323,4837,0,0,0,1.0,1,1.0,1,1.0,1,0.20846441327570558,73
4246,4,8164,3323,4841,0,0,0,1.0,1,1.0,1,1.0,1,0.16666356638062166,74
4247,1,8165,3323,4842,0,0,0,1.0,1,1.0,1,1.0,1,0.1587894673426796,74
4248,0,8165,3323,4842,0,0,0,1.0,1,1.0,1,1.0,1,0.1587894673426796,74
4249,0,8165,3323,4842,0,0,0,1.0,1,1.0,1,1.0,1,0.1587894673426796,74
4250,0,8165,3323,4842,0,0,0,1.0,1,1.0,1,1.0,1,0.1587894673426796,74
4251,1,8166,3323,4843,0,0,0,1.0,1,1.0,1,1.0,1,0.15266315336302264,75
4252,1,8167,3324,4843,0,0,0,1.0,1,1.0,1,1.0,1,0.17499742143593358,75
4253,1,8168,3324,4844,0,0,0,1.0,1,1.0,1,1.0,1,0.16965685471701597,76
4254,2,8170,3326,4844,0,0,0,1.0,1,1.0,1,1.0,1,0.18184031572708081,75
4255,5,8175,3329,4846,0,0,0,1.0,1,1.0,1,1.0,1,0.18862000738887794,76
4256,1,8176,3330,4846,0,0,0,1.0,1,1.0,1,1.0,1,0.21299435037549774,78
4257,1,8177,3331,4846,0,0,0,1.0,1,1.0,1,1.0,1,0.20946943954834327,78
4258,2,8179,3333,4846,0,0,0,1.0,1,1.0,1,1.0,1,0.24054641427969747,77
4259,3,8182,3334,4848,0,0,0,1.0,1,1.0,1,1.0,1,0.2537734992809261,78
4260,1,8183,3334,4849,0,0,0,1.0,1,1.0,1,1.0,1,0.23588188353396788,77
4261,5,8188,3337,4851,0,0,0,1.0,1,1.0,1,1.0,1,0.21964170296620747,76
4262,3,8191,3337,4854,0,0,0,1.0,1,1.0,1,1.0,1,0.20297692234414752,75
4263,3,8194,3339,4855,0,0,0,1.0,1,1.0,1,1.0,1,0.1957006606026726,74
4264,3,8197,3339,4858,0,0,0,1.0,1,1.0,1,1.0,1,0.21903486609842152,74
4265,2,8199,3341,4858,0,0,0,1.0,1,1.0,1,1.0,1,0.22293847312103351,73
4266,1,8200,3342,4858,0,0,0,1.0,1,1.0,1,1.0,1,0.24546928235493037,71
4267,2,8202,3344,4858,0,0,0,1.0,1,1.0,1,1.0,1,0.25824888563487824,69
4268,2,8204,3346,4858,0,0,0,1.0,1,1.0,1,1.0,1,0.3033601897010299,67
4269,1,8205,3347,4858,0,0,0,1.0,1,1.0,1,1.0,1,0.3365713993317632,64
4270,1,8206,3347,4859,0,0,0,1.0,1,1.0,1,1.0,1,0.3000294769455377,63
4271,3,8209,3348,4861,0,0,0,1.0,1,1.0,1,1.0,1,0.2966023601096504,63
4272,1,8210,3349,4861,0,0,0,1.0,1,1.0,1,1.0,1,0.2997788652383246,62
4273,0,8210,3349,4861,0,0,0,1.0,1,1.0,1,1.0,1,0.2997788652383246,62
4274,1,8211,3349,4862,0,0,0,1.0,1,1.0,1,1.0,1,0.28910387919879843,62
4275,2,8213,3350,4863,0,0,0,1.0,1,1.0,1,1.0,1,0.27804141972244456,61
4276,6,8219,3350,4869,0,0,0,1.0,1,1.0,1,1.0,1,0.20717948454190935,62
4277,4,8223,3350,4873,0,0,0,1.0,1,1.0,1,1.0,1,0.20482354126906116,63
4278,2,8225,3350,4875,0,0,0,1.0,1,1.0,1,1.0,1,0.18399063540476077,64
4279,2,8227,3350,4877,0,0,0,1.0,1,1.0,1,1.0,1,0.19621411380189827,65
4280,3,8230,3352,4878,0,0,0,1.0,1,1.0,1,1.0,1,0.22139203492875312,65
4281,4,8234,3353,4881,0,0,0,1.0,1,1.0,1,1.0,1,0.21491277138614512,65
4282,11,8245,3357,4888,0,0,0,1.0,1,1.0,1,1.0,1,0.21946638273109917,66
4283,8,8253,3359,4894,0,0,0,1.0,1,1.0,1,1.0,1,0.2631562366277163,66
4284,5,8258,3361,4897,0,0,0,1.0,1,1.0,1,1.0,1,0.3184910893174435,66
4285,4,8262,3361,4901,0,0,0,1.0,1,1.0,1,1.0,1,0.3144706333619825,67
4286,6,8268,3361,4907,0,0,0,1.0,1,1.0,1,1.0,1,0.3230341507264537,67
4287,4,8272,3361,4911,0,0,0,1.0,1,1.0,1,1.0,1,0.30201512989613616,67
4288,5,8277,3362,4915,0,0,0,1.0,1,1.0,1,1.0,1,0.28306685794859204,68
4289,4,8281,3362,4919,0,0,0,1.0,1,1.0,1,1.0,1,0.3050965241256102,68
4290,5,8286,3363,4923,0,0,0,1.0,1,1.0,1,1.0,1,0.2973628169274066,70
4291,5,8291,3363,4928,0,0,0,1.0,1,1.0,1,1.0,1,0.23072704306913147,71
4292,0,8291,3363,4928,0,0,0,1.0,1,1.0,1,1.0,1,0.23072704306913147,71
4293,1,8292,3363,4929,0,0,0,1.0,1,1.0,1,1.0,1,0.218286343508574,71
4294,0,8292,3363,4929,0,0,0,1.0,1,1.0,1,1.0,1,0.218286343508574,71
4295,1,8293,3364,4929,0,0,0,1.0,1,1.0,1,1.0,1,0.23450793406311504,72
4296,1,8294,3365,4929,0,0,0,1.0,1,1.0,1,1.0,1,0.23842893881189609,73
4297,1,8295,3365,4930,0,0,0,1.0,1,1.0,1,1.0,1,0.22244945969533114,73
4298,1,8296,3365,4931,0,0,0,1.0,1,1.0,1,1.0,1,0.22032964344540804,74
4299,0,8296,3365,4931,0,0,0,1.0,1,1.0,1,1.0,1,0.2072148999085343,75
4300,1,8297,3365,4932,0,0,0,1.0,1,1.0,1,1.0,1,0.1956360263744209,75
4301,0,8297,3365,4932,0,0,0,1.0,1,1.0,1,1.0,1,0.19376589101295552,76
4302,1,8298,3366,4932,0,0,0,1.0,1,1.0,1,1.0,1,0.18575151652088026,76
4303,2,8300,3366,4934,0,0,0,1.0,1,1.0,1,1.0,1,0.1585645462274032,75
4304,1,8301,3367,4934,0,0,0,1.0,1,1.0,1,1.0,1,0.15607031538356117,75
4305,2,8303,3368,4935,0,0,0,1.0,1,1.0,1,1.0,1,0.17877592093060984,73
4306,5,8308,3370,4938,0,0,0,1.0,1,1.0,1,1.0,1,0.2186015819377034,74
4307,3,8311,3372,4939,0,0,0,1.0,1,1.0,1,1.0,1,0.23688852398756163,73
4308,1,8312,3373,4939,0,0,0,1.0,1,1.0,1,1.0,1,0.2689101731537992,71
4309,2,8314,3375,4939,0,0,0,1.0,1,1.0,1,1.0,1,0.2716619951284045,70
4310,4,8318,3377,4941,0,0,0,1.0,1,1.0,1,1.0,1,0.27257881328216726,69
4311,2,8320,3378,4942,0,0,0,1.0,1,1.0,1,1.0,1,0.2802306046763218,69
4312,3,8323,3379,4944,0,0,0,1.0,1,1.0,1,1.0,1,0.3096128897184885,66
4313,4,8327,3381,4946,0,0,0,1.0,1,1.0,1,1.0,1,0.3012860454880111,64
4314,1,8328,3381,4947,0,0,0,1.0,1,1.0,1,1.0,1,0.3095966041629441,61
4315,6,8334,3386,4948,0,0,0,1.0,1,1.0,1,1.0,1,0.3067524467494638,61
4316,3,8337,3389,4948,0,0,0,1.0,1,1.0,1,1.0,1,0.30913520887522355,60
4317,0,8337,3389,4948,0,0,0,1.0,1,1.0,1,1.0,1,0.30265339834510835,62
4318,2,8339,3390,4949,0,0,0,1.0,1,1.0,1,1.0,1,0.31197180876593833,59
4319,0,8339,3390,4949,0,0,0,1.0,1,1.0,1,1.0,1,0.308314330581706,60
4320,0,8339,3390,4949,0,0,0,1.0,1,1.0,1,1.0,1,0.308314330581706,60
4321,4,8343,3392,4951,0,0,0,1.0,1,1.0,1,1.0,1,0.28327622400025904,61
4322,3,8346,3394,4952,0,0,0,1.0,1,1.0,1,1.0,1,0.286420404379178,61
4323,1,8347,3394,4953,0,0,0,1.0,1,1.0,1,1.0,1,0.2788864242781717,61
4324,1,8348,3395,4953,0,0,0,1.0,1,1.0,1,1.0,1,0.2881771272913267,60
4325,2,8350,3395,4955,0,0,0,1.0,1,1.0,1,1.0,1,0.2696976553443103,60
4326,1,8351,3396,4955,0,0,0,1.0,1,1.0,1,1.0,1,0.2702765699999852,61
4327,3,8354,3396,4958,0,0,0,1.0,1,1.0,1,1.0,1,0.22907064574634495,62
4328,0,8354,3396,4958,0,0,0,1.0,1,1.0,1,1.0,1,0.22907064574634495,62
4329,1,8355,3396,4959,0,0,0,1.0,1,1.0,1,1.0,1,0.2213566962879573,65
4330,2,8357,3396,4961,0,0,0,1.0,1,1.0,1,1.0,1,0.20147836888212253,65
4331,1,8358,3396,4962,0,0,0,1.0,1,1.0,1,1.0,1,0.19791669606086054,65
4332,3,8361,3397,4964,0,0,0,1.0,1,1.0,1,1.0,1,0.2019800297509778,66
4333,1,8362,3398,4964,0,0,0,1.0,1,1.0,1,1.0,1,0.2053692857750626,66
4334,1,8363,3399,4964,0,0,0,1.0,1,1.0,1,1.0,1,0.22412106232158038,66
4335,0,8363,3399,4964,0,0,0,1.0,1,1.0,1,1.0,1,0.2376097660433073,65
4336,5,8368,3400,4968,0,0,0,1.0,1,1.0,1,1.0,1,0.1870663829768567,67
4337,1,8369,3401,4968,0,0,0,1.0,1,1.0,1,1.0,1,0.23005829739119785,69
4338,1,8370,3401,4969,0,0,0,1.0,1,1.0,1,1.0,1,0.2304635693404327,70
4339,2,8372,3401,4971,0,0,0,1.0,1,1.0,1,1.0,1,0.21524572590350916,70
4340,2,8374,3401,4973,0,0,0,1.0,1,1.0,1,1.0,1,0.20488256351941353,71
4341,1,8375,3402,4973,0,0,0,1.0,1,1.0,1,1.0,1,0.23192192205007436,70
4342,2,8377,3403,4974,0,0,0,1.0,1,1.0,1,1.0,1,0.2571133240238222,71
4343,5,8382,3407,4975,0,0,0,1.0,1,1.0,1,1.0,1,0.29021726963689864,67
4344,10,8392,3411,4981,0,0,0,1.0,1,1.0,1,1.0,1,0.32513681146365725,67
4345,10,8402,3414,4988,0,0,0,1.0,1,1.0,1,1.0,1,0.33992647629977857,64
4346,8,8410,3416,4994,0,0,0,1.0,1,1.0,1,1.0,1,0.3439948783419136,64
4347,8,8418,3419,4999,0,0,0,1.0,1,1.0,1,1.0,1,0.386874503820169,62
4348,6,8424,3421,5003,0,0,0,1.0,1,1.0,1,1.0,1,0.3773907770430901,62
4349,8,8432,3422,5010,0,0,0,1.0,1,1.0,1,1.0,1,0.40596895701110824,61
4350,11,8443,3425,5018,0,0,0,1.0,1,1.0,1,1.0,1,0.431872107232559,60
4351,8,8451,3426,5025,0,0,0,1.0,1,1.0,1,1.0,1,0.34463442281716933,60
4352,1,8452,3426,5026,0,0,0,1.0,1,1.0,1,1.0,1,0.3487488663058238,57
4353,2,8454,3426,5028,0,0,0,1.0,1,1.0,1,1.0,1,0.3315357901121557,55
4354,3,8457,3427,5030,0,0,0,1.0,1,1.0,1,1.0,1,0.2965855019394796,55
4355,1,8458,3427,5031,0,0,0,1.0,1,1.0,1,1.0,1,0.3071191437956339,53
4356,3,8461,3428,5033,0,0,0,1.0,1,1.0,1,1.0,1,0.24465838559508038,55
4357,1,8462,3428,5034,0,0,0,1.0,1,1.0,1,1.0,1,0.260084234678759,55
4358,2,8464,3429,5035,0,0,0,1.0,1,1.0,1,1.0,1,0.24665791640353668,55
4359,0,8464,3429,5035,0,0,0,1.0,1,1.0,1,1.0,1,0.2683540269870771,54
4360,2,8466,3429,5037,0,0,0,1.0,1,1.0,1,1.0,1,0.2636174296135931,55
4361,2,8468,3430,5038,0,0,0,1.0,1,1.0,1,1.0,1,0.2751921312807841,54
4362,0,8468,3430,5038,0,0,0,1.0,1,1.0,1,1.0,1,0.2626957384091281,55
4363,1,8469,3431,5038,0,0,0,1.0,1,1.0,1,1.0,1,0.27280071622199425,55
4364,1,8470,3432,5038,0,0,0,1.0,1,1.0,1,1.0,1,0.2625633216346172,55
4365,2,8472,3433,5039,0,0,0,1.0,1,1.0,1,1.0,1,0.25623550525750727,54
4366,8,8480,3434,5046,0,0,0,1.0,1,1.0,1,1.0,1,0.18957710890676693,54
4367,2,8482,3435,5047,0,0,0,1.0,1,1.0,1,1.0,1,0.17402110184837694,57
4368,0,8482,3435,5047,0,0,0,1.0,1,1.0,1,1.0,1,0.21342430943913265,57
4369,0,8482,3435,5047,0,0,0,1.0,1,1.0,1,1.0,1,0.21037439968183255,58
4370,1,8483,3436,5047,0,0,0,1.0,1,1.0,1,1.0,1,0.23239501877034754,59
4371,3,8486,3436,5050,0,0,0,1.0,1,1.0,1,1.0,1,0.2069261914589094,60
4372,1,8487,3437,5050,0,0,0,1.0,1,1.0,1,1.0,1,0.2188008390344273,60
4373,0,8487,3437,5050,0,0,0,1.0,1,1.0,1,1.0,1,0.2188008390344273,60
4374,1,8488,3438,5050,0,0,0,1.0,1,1.0,1,1.0,1,0.2659564389167996,59
4375,2,8490,3438,5052,0,0,0,1.0,1,1.0,1,1.0,1,0.2598351240156637,60
4376,1,8491,3438,5053,0,0,0,1.0,1,1.0,1,1.0,1,0.28408508851542386,60
4377,3,8494,3439,5055,0,0,0,1.0,1,1.0,1,1.0,1,0.30396960411544255,61
4378,2,8496,3439,5057,0,0,0,1.0,1,1.0,1,1.0,1,0.2771574672665435,64
4379,3,8499,3439,5060,0,0,0,1.0,1,1.0,1,1.0,1,0.27994774656825694,64
4380,3,8502,3440,5062,0,0,0,1.0,1,1.0,1,1.0,1,0.3081865383563231,65
4381,4,8506,3440,5066,0,0,0,1.0,1,1.0,1,1.0,1,0.23917765876453864,64
4382,0,8506,3440,5066,0,0,0,1.0,1,1.0,1,1.0,1,0.25908311622072094,64
4383,3,8509,3441,5068,0,0,0,1.0,1,1.0,1,1.0,1,0.2806216592658708,64
4384,1,8510,3442,5068,0,0,0,1.0,1,1.0,1,1.0,1,0.3041572141688348,60
4385,1,8511,3442,5069,0,0,0,1.0,1,1.0,1,1.0,1,0.2766221090124058,58
4386,0,8511,3442,5069,0,0,0,1.0,1,1.0,1,1.0,1,0.27261571201152196,58
4387,2,8513,3442,5071,0,0,0,1.0,1,1.0,1,1.0,1,0.26145627227372226,55
4388,7,8520,3446,5074,0,0,0,1.0,1,1.0,1,1.0,1,0.2845121259268222,56
4389,0,8520,3446,5074,0,0,0,1.0,1,1.0,1,1.0,1,0.2879727859717482,55
4390,1,8521,3447,5074,0,0,0,1.0,1,1.0,1,1.0,1,0.2891511267131045,55
4391,2,8523,3449,5074,0,0,0,1.0,1,1.0,1,1.0,1,0.28099217382613173,56
4392,0,8523,3449,5074,0,0,0,1.0,1,1.0,1,1.0,1,0.28983945365933833,56
4393,0,8523,3449,5074,0,0,0,1.0,1,1.0,1,1.0,1,0.3102687053996183,55
4394,2,8525,3451,5074,0,0,0,1.0,1,1.0,1,1.0,1,0.31944214211936284,53
4395,2,8527,3453,5074,0,0,0,1.0,1,1.0,1,1.0,1,0.33425383427147626,53
4396,5,8532,3456,5076,0,0,0,1.0,1,1.0,1,1.0,1,0.3392638441505468,53
4397,1,8533,3457,5076,0,0,0,1.0,1,1.0,1,1.0,1,0.3439374406319675,50
4398,2,8535,3458,5077,0,0,0,1.0,1,1.0,1,1.0,1,0.3453047239360587,50
4399,0,8535,3458,5077,0,0,0,1.0,1,1.0,1,1.0,1,0.34922651083541567,52
4400,5,8540,3458,5082,0,0,0,1.0,1,1.0,1,1.0,1,0.314982031643464,55
4401,2,8542,3458,5084,0,0,0,1.0,1,1.0,1,1.0,1,0.28184096717073903,56
4402,0,8542,3458,5084,0,0,0,1.0,1,1.0,1,1.0,1,0.28184096717073903,56
4403,2,8544,3460,5084,0,0,0,1.0,1,1.0,1,1.0,1,0.30647407987790676,57
4404,3,8547,3461,5086,0,0,0,1.0,1,1.0,1,1.0,1,0.30981220431962936,57
4405,0,8547,3461,5086,0,0,0,1.0,1,1.0,1,1.0,1,0.3059979351486835,58
4406,2,8549,3461,5088,0,0,0,1.0,1,1.0,1,1.0,1,0.29484045363851297,58
4407,1,8550,3461,5089,0,0,0,1.0,1,1.0,1,1.0,1,0.29962145178541577,58
4408,0,8550,3461,5089,0,0,0,1.0,1,1.0,1,1.0,1,0.3014675160852623,59
4409,0,8550,3461,5089,0,0,0,1.0,1,1.0,1,1.0,1,0.3014675160852623,59
4410,0,8550,3461,5089,0,0,0,1.0,1,1.0,1,1.0,1,0.3014675160852623,59
4411,1,8551,3461,5090,0,0,0,1.0,1,1.0,1,1.0,1,0.2583897044507342,62
4412,0,8551,3461,5090,0,0,0,1.0,1,1.0,1,1.0,1,0.25323413290320484,63
4413,0,8551,3461,5090,0,0,0,1.0,1,1.0,1,1.0,1,0.25323413290320484,63
4414,1,8552,3461,5091,0,0,0,1.0,1,1.0,1,1.0,1,0.24386006886486117,64
4415,1,8553,3461,5092,0,0,0,1.0,1,1.0,1,1.0,1,0.23320788629085482,64
4416,0,8553,3461,5092,0,0,0,1.0,1,1.0,1,1.0,1,0.23320788629085482,64
4417,2,8555,3461,5094,0,0,0,1.0,1,1.0,1,1.0,1,0.2226053947471982,65
4418,1,8556,3462,5094,0,0,0,1.0,1,1.0,1,1.0,1,0.233329637683347,65
4419,0,8556,3462,5094,0,0,0,1.0,1,1.0,1,1.0,1,0.2780712392308661,62
4420,1,8557,3462,5095,0,0,0,1.0,1,1.0,1,1.0,1,0.2701288450541297,62
4421,2,8559,3463,5096,0,0,0,1.0,1,1.0,1,1.0,1,0.27162516027605926,65
4422,4,8563,3465,5098,0,0,0,1.0,1,1.0,1,1.0,1,0.26875293947457396,64
4423,1,8564,3466,5098,0,0,0,1.0,1,1.0,1,1.0,1,0.26410220314517646,63
4424,2,8566,3467,5099,0,0,0,1.0,1,1.0,1,1.0,1,0.26221382462908943,63
4425,4,8570,3469,5101,0,0,0,1.0,1,1.0,1,1.0,1,0.2826487061890994,63
4426,4,8574,3470,5104,0,0,0,1.0,1,1.0,1,1.0,1,0.24764536601799414,63
4427,1,8575,3470,5105,0,0,0,1.0,1,1.0,1,1.0,1,0.23589353280858186,62
4428,2,8577,3470,5107,0,0,0,1.0,1,1.0,1,1.0,1,0.2032797269610284,61
4429,2,8579,3472,5107,0,0,0,1.0,1,1.0,1,1.0,1,0.2440213136261596,62
4430,1,8580,3472,5108,0,0,0,1.0,1,1.0,1,1.0,1,0.22812302790205355,60
4431,3,8583,3475,5108,0,0,0,1.0,1,1.0,1,1.0,1,0.22903875768698004,59
4432,3,8586,3476,5110,0,0,0,1.0,1,1.0,1,1.0,1,0.20037623980192423,60
4433,4,8590,3477,5113,0,0,0,1.0,1,1.0,1,1.0,1,0.13734317032530613,61
4434,3,8593,3479,5114,0,0,0,1.0,1,1.0,1,1.0,1,0.11821860831990656,61
4435,0,8593,3479,5114,0,0,0,1.0,1,1.0,1,1.0,1,0.11821860831990656,61
4436,1,8594,3480,5114,0,0,0,1.0,1,1.0,1,1.0,1,0.13901206740697233,61
4437,3,8597,3483,5114,0,0,0,1.0,1,1.0,1,1.0,1,0.16795470724017197,61
4438,0,8597,3483,5114,0,0,0,1.0,1,1.0,1,1.0,1,0.16866920969030505,62
4439,2,8599,3483,5116,0,0,0,1.0,1,1.0,1,1.0,1,0.17215398750543975,63
4440,2,8601,3483,5118,0,0,0,1.0,1,1.0,1,1.0,1,0.16571133858176512,64
4441,1,8602,3483,5119,0,0,0,1.0,1,1.0,1,1.0,1,0.1525529688548648,64
4442,5,8607,3486,5121,0,0,0,1.0,1,1.0,1,1.0,1,0.13445372372434497,67
4443,2,8609,3487,5122,0,0,0,1.0,1,1.0,1,1.0,1,0.14260818850981052,68
4444,0,8609,3487,5122,0,0,0,1.0,1,1.0,1,1.0,1,0.1399132561732075,69
4445,2,8611,3489,5122,0,0,0,1.0,1,1.0,1,1.0,1,0.16888117974813827,71
4446,2,8613,3491,5122,0,0,0,1.0,1,1.0,1,1.0,1,0.19041731865986242,71
4447,4,8617,3491,5126,0,0,0,1.0,1,1.0,1,1.0,1,0.17270024457600586,72
4448,1,8618,3491,5127,0,0,0,1.0,1,1.0,1,1.0,1,0.16863117067840455,71
4449,1,8619,3492,5127,0,0,0,1.0,1,1.0,1,1.0,1,0.18037739409931694,70
4450,1,8620,3492,5128,0,0,0,1.0,1,1.0,1,1.0,1,0.17401701904265762,69
4451,1,8621,3492,5129,0,0,0,1.0,1,1.0,1,1.0,1,0.1867900830628017,69
4452,0,8621,3492,5129,0,0,0,1.0,1,1.0,1,1.0,1,0.19290158914722969,70
4453,1,8622,3492,5130,0,0,0,1.0,1,1.0,1,1.0,1,0.20628909189730857,70
4454,2,8624,3492,5132,0,0,0,1.0,1,1.0,1,1.0,1,0.20091060774899014,71
4455,2,8626,3493,5133,0,0,0,1.0,1,1.0,1,1.0,1,0.19688106577152834,71
4456,7,8633,3496,5137,0,0,0,1.0,1,1.0,1,1.0,1,0.17047368616860456,71
4457,1,8634,3496,5138,0,0,0,1.0,1,1.0,1,1.0,1,0.16214348938043352,69
4458,2,8636,3498,5138,0,0,0,1.0,1,1.0,1,1.0,1,0.18837993568969702,70
4459,3,8639,3500,5139,0,0,0,1.0,1,1.0,1,1.0,1,0.17728832614972076,68
4460,4,8643,3503,5140,0,0,0,1.0,1,1.0,1,1.0,1,0.1981808367053919,68
4461,1,8644,3504,5140,0,0,0,1.0,1,1.0,1,1.0,1,0.20785654607345774,67
4462,4,8648,3508,5140,0,0,0,1.0,1,1.0,1,1.0,1,0.20386382593392047,66
4463,2,8650,3509,5141,0,0,0,1.0,1,1.0,1,1.0,1,0.22824020586586852,65
4464,2,8652,3511,5141,0,0,0,1.0,1,1.0,1,1.0,1,0.23130743200251536,62
4465,4,8656,3515,5141,0,0,0,1.0,1,1.0,1,1.0,1,0.26269057775951704,61
4466,1,8657,3515,5142,0,0,0,1.0,1,1.0,1,1.0,1,0.2608758383299445,60
4467,4,8661,3518,5143,0,0,0,1.0,1,1.0,1,1.0,1,0.2690835580171872,58
4468,2,8663,3520,5143,0,0,0,1.0,1,1.0,1,1.0,1,0.26101233209339036,57
4469,3,8666,3523,5143,0,0,0,1.0,1,1.0,1,1.0,1,0.28455156429625417,56
4470,3,8669,3525,5144,0,0,0,1.0,1,1.0,1,1.0,1,0.28885166529598244,55
4471,6,8675,3527,5148,0,0,0,1.0,1,1.0,1,1.0,1,0.23661658349739395,55
4472,4,8679,3529,5150,0,0,0,1.0,1,1.0,1,1.0,1,0.2229670524154737,55
4473,2,8681,3530,5151,0,0,0,1.0,1,1.0,1,1.0,1,0.21422953942140646,55
4474,3,8684,3532,5152,0,0,0,1.0,1,1.0,1,1.0,1,0.2390741302952487,55
4475,1,8685,3533,5152,0,0,0,1.0,1,1.0,1,1.0,1,0.2109098082986944,56
4476,0,8685,3533,5152,0,0,0,1.0,1,1.0,1,1.0,1,0.2113323888598414,56
4477,0,8685,3533,5152,0,0,0,1.0,1,1.0,1,1.0,1,0.22208237133769748,57
4478,0,8685,3533,5152,0,0,0,1.0,1,1.0,1,1.0,1,0.24147667739950993,55
4479,1,8686,3534,5152,0,0,0,1.0,1,1.0,1,1.0,1,0.24513450282139504,55
4480,0,8686,3534,5152,0,0,0,1.0,1,1.0,1,1.0,1,0.26039412216600766,54
4481,2,8688,3534,5154,0,0,0,1.0,1,1.0,1,1.0,1,0.2653529368775197,53
4482,2,8690,3536,5154,0,0,0,1.0,1,1.0,1,1.0,1,0.2927657139817585,54
4483,2,8692,3536,5156,0,0,0,1.0,1,1.0,1,1.0,1,0.29289340288161203,55
4484,1,8693,3537,5156,0,0,0,1.0,1,1.0,1,1.0,1,0.2847781335506155,57
4485,5,8698,3539,5159,0,0,0,1.0,1,1.0,1,1.0,1,0.2844868835771572,60
4486,9,8707,3542,5165,0,0,0,1.0,1,1.0,1,1.0,1,0.1938055439571342,60
4487,0,8707,3542,5165,0,0,0,1.0,1,1.0,1,1.0,1,0.1938055439571342,60
4488,0,8707,3542,5165,0,0,0,1.0,1,1.0,1,1.0,1,0.1938055439571342,60
4489,1,8708,3543,5165,0,0,0,1.0,1,1.0,1,1.0,1,0.18742021358371083,60
4490,1,8709,3543,5166,0,0,0,1.0,1,1.0,1,1.0,1,0.18965526848923386,60
4491,2,8711,3544,5167,0,0,0,1.0,1,1.0,1,1.0,1,0.1895683488275544,61
4492,2,8713,3544,5169,0,0,0,1.0,1,1.0,1,1.0,1,0.1895683488275544,61
4493,2,8715,3545,5170,0,0,0,1.0,1,1.0,1,1.0,1,0.206607501324318,60
4494,4,8719,3546,5173,0,0,0,1.0,1,1.0,1,1.0,1,0.1683787710330909,61
4495,1,8720,3546,5174,0,0,0,1.0,1,1.0,1,1.0,1,0.16256972124525726,59
4496,0,8720,3546,5174,0,0,0,1.0,1,1.0,1,1.0,1,0.18292018273458657,60
4497,0,8720,3546,5174,0,0,0,1.0,1,1.0,1,1.0,1,0.17441333638467746,59
4498,0,8720,3546,5174,0,0,0,1.0,1,1.0,1,1.0,1,0.17812542959497238,57
4499,5,8725,3548,5177,0,0,0,1.0,1,1.0,1,1.0,1,0.20285933080170804,58
4500,3,8728,3550,5178,0,0,0,1.0,1,1.0,1,1.0,1,0.22206533835128062,56
4501,5,8733,3551,5182,0,0,0,1.0,1,1.0,1,1.0,1,0.22003433567376413,57
4502,3,8736,3554,5182,0,0,0,1.0,1,1.0,1,1.0,1,0.2528022150384905,56
4503,2,8738,3554,5184,0,0,0,1.0,1,1.0,1,1.0,1,0.22543826654694837,54
4504,1,8739,3555,5184,0,0,0,1.0,1,1.0,1,1.0,1,0.22694672909481148,54
4505,1,8740,3556,5184,0,0,0,1.0,1,1.0,1,1.0,1,0.23151347392816155,51
4506,1,8741,3557,5184,0,0,0,1.0,1,1.0,1,1.0,1,0.23106260008557633,49
4507,3,8744,3559,5185,0,0,0,1.0,1,1.0,1,1.0,1,0.28210161009579265,48
4508,2,8746,3559,5187,0,0,0,1.0,1,1.0,1,1.0,1,0.25588787375563377,48
4509,2,8748,3561,5187,0,0,0,1.0,1,1.0,1,1.0,1,0.2702717740672613,46
4510,0,8748,3561,5187,0,0,0,1.0,1,1.0,1,1.0,1,0.28780105600049327,44
4511,3,8751,3562,5189,0,0,0,1.0,1,1.0,1,1.0,1,0.2859584456359387,45
4512,1,8752,3563,5189,0,0,0,1.0,1,1.0,1,1.0,1,0.29086060148511406,46
4513,1,8753,3564,5189,0,0,0,1.0,1,1.0,1,1.0,1,0.2924948814540744,45
4514,0,8753,3564,5189,0,0,0,1.0,1,1.0,1,1.0,1,0.2785006433709774,46
4515,0,8753,3564,5189,0,0,0,1.0,1,1.0,1,1.0,1,0.2943997963875686,48
4516,4,8757,3564,5193,0,0,0,1.0,1,1.0,1,1.0,1,0.22481911813076413,49
4517,3,8760,3565,5195,0,0,0,1.0,1,1.0,1,1.0,1,0.23014244760453356,50
4518,1,8761,3566,5195,0,0,0,1.0,1,1.0,1,1.0,1,0.22186879898802733,50
4519,2,8763,3568,5195,0,0,0,1.0,1,1.0,1,1.0,1,0.23528918369657953,49
4520,3,8766,3568,5198,0,0,0,1.0,1,1.0,1,1.0,1,0.2159085977661414,50
4521,1,8767,3568,5199,0,0,0,1.0,1,1.0,1,1.0,1,0.19857555617212877,50
4522,0,8767,3568,5199,0,0,0,1.0,1,1.0,1,1.0,1,0.19857555617212877,50
4523,2,8769,3568,5201,0,0,0,1.0,1,1.0,1,1.0,1,0.20453808206174462,51
4524,2,8771,3569,5202,0,0,0,1.0,1,1.0,1,1.0,1,0.21488204810341413,52
4525,8,8779,3571,5208,0,0,0,1.0,1,1.0,1,1.0,1,0.21249911823399947,53
4526,2,8781,3571,5210,0,0,0,1.0,1,1.0,1,1.0,1,0.20243252118986169,54
4527,3,8784,3571,5213,0,0,0,1.0,1,1.0,1,1.0,1,0.2007893489597257,55
4528,0,8784,3571,5213,0,0,0,1.0,1,1.0,1,1.0,1,0.2007893489597257,55
4529,0,8784,3571,5213,0,0,0,1.0,1,1.0,1,1.0,1,0.2103418296539483,55
4530,1,8785,3571,5214,0,0,0,1.0,1,1.0,1,1.0,1,0.1896206374408902,56
4531,3,8788,3573,5215,0,0,0,1.0,1,1.0,1,1.0,1,0.24772636575246174,56
4532,4,8792,3574,5218,0,0,0,1.0,1,1.0,1,1.0,1,0.25317114875023544,55
4533,1,8793,3575,5218,0,0,0,1.0,1,1.0,1,1.0,1,0.29888742620721687,54
4534,2,8795,3575,5220,0,0,0,1.0,1,1.0,1,1.0,1,0.2606085750530619,55
4535,0,8795,3575,5220,0,0,0,1.0,1,1.0,1,1.0,1,0.27367523291189555,52
4536,2,8797,3577,5220,0,0,0,1.0,1,1.0,1,1.0,1,0.25147824076094133,53
4537,3,8800,3578,5222,0,0,0,1.0,1,1.0,1,1.0,1,0.22759116302033328,52
4538,1,8801,3579,5222,0,0,0,1.0,1,1.0,1,1.0,1,0.2422255485775595,52
4539,1,8802,3580,5222,0,0,0,1.0,1,1.0,1,1.0,1,0.2770055622038106,53
4540,4,8806,3581,5225,0,0,0,1.0,1,1.0,1,1.0,1,0.27290078698249615,54
4541,0,8806,3581,5225,0,0,0,1.0,1,1.0,1,1.0,1,0.288904915892745,53
4542,4,8810,3585,5225,0,0,0,1.0,1,1.0,1,1.0,1,0.31524070040648045,53
4543,0,8810,3585,5225,0,0,0,1.0,1,1.0,1,1.0,1,0.31524070040648045,53
4544,2,8812,3587,5225,0,0,0,1.0,1,1.0,1,1.0,1,0.33756940144528924,52
4545,0,8812,3587,5225,0,0,0,1.0,1,1.0,1,1.0,1,0.34537306447152455,50
4546,12,8824,3589,5235,0,0,0,1.0,1,1.0,1,1.0,1,0.19713524355590462,49
4547,0,8824,3589,5235,0,0,0,1.0,1,1.0,1,1.0,1,0.19727269972580194,49
4548,0,8824,3589,5235,0,0,0,1.0,1,1.0,1,1.0,1,0.19727269972580194,49
4549,1,8825,3589,5236,0,0,0,1.0,1,1.0,1,1.0,1,0.19615577047339655,50
4550,1,8826,3590,5236,0,0,0,1.0,1,1.0,1,1.0,1,0.22905184194872646,49
4551,0,8826,3590,5236,0,0,0,1.0,1,1.0,1,1.0,1,0.22905184194872646,49
4552,1,8827,3591,5236,0,0,0,1.0,1,1.0,1,1.0,1,0.20679234836933647,49
4553,2,8829,3591,5238,0,0,0,1.0,1,1.0,1,1.0,1,0.2092845571036229,49
4554,1,8830,3592,5238,0,0,0,1.0,1,1.0,1,1.0,1,0.18617412516763895,49
4555,1,8831,3593,5238,0,0,0,1.0,1,1.0,1,1.0,1,0.1948203915298761,48
4556,2,8833,3595,5238,0,0,0,1.0,1,1.0,1,1.0,1,0.18205905031366124,48
4557,2,8835,3596,5239,0,0,0,1.0,1,1.0,1,1.0,1,0.16378282578400466,49
4558,1,8836,3597,5239,0,0,0,1.0,1,1.0,1,1.0,1,0.18133592708979862,49
4559,0,8836,3597,5239,0,0,0,1.0,1,1.0,1,1.0,1,0.18518873352453977,50
4560,0,8836,3597,5239,0,0,0,1.0,1,1.0,1,1.0,1,0.1750504362585556,51
4561,1,8837,3597,5240,0,0,0,1.0,1,1.0,1,1.0,1,0.15530826018595617,52
4562,3,8840,3599,5241,0,0,0,1.0,1,1.0,1,1.0,1,0.18345966518040077,53
4563,0,8840,3599,5241,0,0,0,1.0,1,1.0,1,1.0,1,0.16945735720563956,52
4564,0,8840,3599,5241,0,0,0,1.0,1,1.0,1,1.0,1,0.1705024506843937,54
4565,3,8843,3602,5241,0,0,0,1.0,1,1.0,1,1.0,1,0.17538167765842286,55
4566,1,8844,3603,5241,0,0,0,1.0,1,1.0,1,1.0,1,0.17569409532214877,55
4567,1,8845,3604,5241,0,0,0,1.0,1,1.0,1,1.0,1,0.1692406501559531,56
4568,2,8847,3605,5242,0,0,0,1.0,1,1.0,1,1.0,1,0.19195790920885575,58
4569,0,8847,3605,5242,0,0,0,1.0,1,1.0,1,1.0,1,0.168208920800984,59
4570,2,8849,3607,5242,0,0,0,1.0,1,1.0,1,1.0,1,0.19720769288349455,59
4571,0,8849,3607,5242,0,0,0,1.0,1,1.0,1,1.0,1,0.1797471402112192,57
4572,3,8852,3610,5242,0,0,0,1.0,1,1.0,1,1.0,1,0.2084413886531972,56
4573,1,8853,3611,5242,0,0,0,1.0,1,1.0,1,1.0,1,0.2169820493022565,56
4574,0,8853,3611,5242,0,0,0,1.0,1,1.0,1,1.0,1,0.2556530249577865,55
4575,2,8855,3612,5243,0,0,0,1.0,1,1.0,1,1.0,1,0.2581478096263815,55
4576,1,8856,3612,5244,0,0,0,1.0,1,1.0,1,1.0,1,0.23076311945555875,55
4577,0,8856,3612,5244,0,0,0,1.0,1,1.0,1,1.0,1,0.2250283841344629,54
4578,0,8856,3612,5244,0,0,0,1.0,1,1.0,1,1.0,1,0.26142448034177856,54
4579,1,8857,3613,5244,0,0,0,1.0,1,1.0,1,1.0,1,0.27918093324281706,54
4580,2,8859,3613,5246,0,0,0,1.0,1,1.0,1,1.0,1,0.23813273328524387,55
4581,3,8862,3614,5248,0,0,0,1.0,1,1.0,1,1.0,1,0.25559075911833534,56
4582,1,8863,3614,5249,0,0,0,1.0,1,1.0,1,1.0,1,0.24944691133352828,56
4583,1,8864,3615,5249,0,0,0,1.0,1,1.0,1,1.0,1,0.25757173818773016,57
4584,1,8865,3616,5249,0,0,0,1.0,1,1.0,1,1.0,1,0.28583472474762733,57
4585,1,8866,3616,5250,0,0,0,1.0,1,1.0,1,1.0,1,0.2764189943605967,57
4586,0,8866,3616,5250,0,0,0,1.0,1,1.0,1,1.0,1,0.2764189943605967,57
4587,0,8866,3616,5250,0,0,0,1.0,1,1.0,1,1.0,1,0.2764189943605967,57
4588,1,8867,3616,5251,0,0,0,1.0,1,1.0,1,1.0,1,0.26724154297557806,58
4589,0,8867,3616,5251,0,0,0,1.0,1,1.0,1,1.0,1,0.2678869557877663,59
4590,0,8867,3616,5251,0,0,0,1.0,1,1.0,1,1.0,1,0.2770984845213537,60
4591,2,8869,3616,5253,0,0,0,1.0,1,1.0,1,1.0,1,0.25536857879157965,61
4592,0,8869,3616,5253,0,0,0,1.0,1,1.0,1,1.0,1,0.25547217939731215,62
4593,3,8872,3617,5255,0,0,0,1.0,1,1.0,1,1.0,1,0.25463916926238905,64
4594,2,8874,3617,5257,0,0,0,1.0,1,1.0,1,1.0,1,0.2381552204212275,64
4595,0,8874,3617,5257,0,0,0,1.0,1,1.0,1,1.0,1,0.24617819519287906,63
4596,0,8874,3617,5257,0,0,0,1.0,1,1.0,1,1.0,1,0.24617819519287906,63
4597,4,8878,3619,5259,0,0,0,1.0,1,1.0,1,1.0,1,0.23608933955146127,63
4598,1,8879,3620,5259,0,0,0,1.0,1,1.0,1,1.0,1,0.23686319460492042,65
4599,3,8882,3621,5261,0,0,0,1.0,1,1.0,1,1.0,1,0.2254111323962035,66
4600,2,8884,3622,5262,0,0,0,1.0,1,1.0,1,1.0,1,0.24338140343199316,67
4601,0,8884,3622,5262,0,0,0,1.0,1,1.0,1,1.0,1,0.24338140343199316,67
4602,1,8885,3622,5263,0,0,0,1.0,1,1.0,1,1.0,1,0.22488673795759087,69
4603,2,8887,3623,5264,0,0,0,1.0,1,1.0,1,1.0,1,0.23486639623591618,69
4604,1,8888,3623,5265,0,0,0,1.0,1,1.0,1,1.0,1,0.21785180236063487,69
4605,0,8888,3623,5265,0,0,0,1.0,1,1.0,1,1.0,1,0.20575291302969398,70
4606,2,8890,3623,5267,0,0,0,1.0,1,1.0,1,1.0,1,0.1837471872162653,70
4607,1,8891,3623,5268,0,0,0,1.0,1,1.0,1,1.0,1,0.17543403239473387,72
4608,1,8892,3623,5269,0,0,0,1.0,1,1.0,1,1.0,1,0.1739039536981462,73
4609,1,8893,3624,5269,0,0,0,1.0,1,1.0,1,1.0,1,0.18185752751574047,72
4610,1,8894,3624,5270,0,0,0,1.0,1,1.0,1,1.0,1,0.16085606907649766,72
4611,0,8894,3624,5270,0,0,0,1.0,1,1.0,1,1.0,1,0.181242044188004,71
4612,4,8898,3626,5272,0,0,0,1.0,1,1.0,1,1.0,1,0.21625267135884307,70
4613,1,8899,3626,5273,0,0,0,1.0,1,1.0,1,1.0,1,0.20561009468265556,69
4614,0,8899,3626,5273,0,0,0,1.0,1,1.0,1,1.0,1,0.21016541873498182,68
4615,2,8901,3628,5273,0,0,0,1.0,1,1.0,1,1.0,1,0.214911536342926,68
4616,0,8901,3628,5273,0,0,0,1.0,1,1.0,1,1.0,1,0.23884888207117924,65
4617,2,8903,3630,5273,0,0,0,1.0,1,1.0,1,1.0,1,0.22995913615515723,66
4618,1,8904,3631,5273,0,0,0,1.0,1,1.0,1,1.0,1,0.2502490663546918,66
4619,1,8905,3632,5273,0,0,0,1.0,1,1.0,1,1.0,1,0.25896053411886405,65
4620,0,8905,3632,5273,0,0,0,1.0,1,1.0,1,1.0,1,0.25896053411886405,65
4621,9,8914,3636,5278,0,0,0,1.0,1,1.0,1,1.0,1,0.2456530396733832,67
4622,2,8916,3637,5279,0,0,0,1.0,1,1.0,1,1.0,1,0.2473346118140866,65
4623,2,8918,3639,5279,0,0,0,1.0,1,1.0,1,1.0,1,0.2736001285630469,66
4624,3,8921,3641,5280,0,0,0,1.0,1,1.0,1,1.0,1,0.27211915277077714,65
4625,1,8922,3641,5281,0,0,0,1.0,1,1.0,1,1.0,1,0.2692935064876852,64
4626,2,8924,3643,5281,0,0,0,1.0,1,1.0,1,1.0,1,0.2712030057207756,63
4627,2,8926,3644,5282,0,0,0,1.0,1,1.0,1,1.0,1,0.2508247391694721,65
4628,0,8926,3644,5282,0,0,0,1.0,1,1.0,1,1.0,1,0.2670420183566067,64
4629,2,8928,3646,5282,0,0,0,1.0,1,1.0,1,1.0,1,0.26642129812112036,64
4630,3,8931,3647,5284,0,0,0,1.0,1,1.0,1,1.0,1,0.22604148455033762,64
4631,2,8933,3648,5285,0,0,0,1.0,1,1.0,1,1.0,1,0.27587208363538696,66
4632,2,8935,3648,5287,0,0,0,1.0,1,1.0,1,1.0,1,0.2725373173778329,65
4633,0,8935,3648,5287,0,0,0,1.0,1,1.0,1,1.0,1,0.25494174954910204,66
4634,0,8935,3648,5287,0,0,0,1.0,1,1.0,1,1.0,1,0.25494174954910204,66
4635,0,8935,3648,5287,0,0,0,1.0,1,1.0,1,1.0,1,0.25642355063595934,66
4636,5,8940,3648,5292,0,0,0,1.0,1,1.0,1,1.0,1,0.1963176942343311,66
4637,1,8941,3648,5293,0,0,0,1.0,1,1.0,1,1.0,1,0.16958903609707607,68
4638,1,8942,3648,5294,0,0,0,1.0,1,1.0,1,1.0,1,0.17644699214510995,68
4639,3,8945,3649,5296,0,0,0,1.0,1,1.0,1,1.0,1,0.1776831805611102,69
4640,2,8947,3649,5298,0,0,0,1.0,1,1.0,1,1.0,1,0.1776831805611102,69
4641,1,8948,3649,5299,0,0,0,1.0,1,1.0,1,1.0,1,0.1840605140726117,70
4642,0,8948,3649,5299,0,0,0,1.0,1,1.0,1,1.0,1,0.19713547597137887,69
4643,3,8951,3650,5301,0,0,0,1.0,1,1.0,1,1.0,1,0.2012382329462706,70
4644,2,8953,3650,5303,0,0,0,1.0,1,1.0,1,1.0,1,0.21547680669367247,69
4645,2,8955,3650,5305,0,0,0,1.0,1,1.0,1,1.0,1,0.2098010677220348,70
4646,3,8958,3651,5307,0,0,0,1.0,1,1.0,1,1.0,1,0.23708798372189296,68
4647,5,8963,3652,5311,0,0,0,1.0,1,1.0,1,1.0,1,0.24911002938721,68
4648,3,8966,3652,5314,0,0,0,1.0,1,1.0,1,1.0,1,0.2745641537840174,67
4649,4,8970,3654,5316,0,0,0,1.0,1,1.0,1,1.0,1,0.3166867139658806,67
4650,5,8975,3655,5320,0,0,0,1.0,1,1.0,1,1.0,1,0.2960235714495709,67
4651,11,8986,3658,5328,0,0,0,1.0,1,1.0,1,1.0,1,0.22788885837914818,68
4652,3,8989,3659,5330,0,0,0,1.0,1,1.0,1,1.0,1,0.23114499495594462,66
4653,0,8989,3659,5330,0,0,0,1.0,1,1.0,1,1.0,1,0.21443364023725078,64
4654,2,8991,3660,5331,0,0,0,1.0,1,1.0,1,1.0,1,0.24067810539146478,65
4655,0,8991,3660,5331,0,0,0,1.0,1,1.0,1,1.0,1,0.2332906609040046,64
4656,2,8993,3661,5332,0,0,0,1.0,1,1.0,1,1.0,1,0.24419750093048895,65
4657,2,8995,3662,5333,0,0,0,1.0,1,1.0,1,1.0,1,0.2458836825556182,66
4658,2,8997,3663,5334,0,0,0,1.0,1,1.0,1,1.0,1,0.2839667199299708,65
4659,0,8997,3663,5334,0,0,0,1.0,1,1.0,1,1.0,1,0.2839667199299708,65
4660,1,8998,3664,5334,0,0,0,1.0,1,1.0,1,1.0,1,0.2901191587465092,66
4661,0,8998,3664,5334,0,0,0,1.0,1,1.0,1,1.0,1,0.3019194999286612,66
4662,1,8999,3664,5335,0,0,0,1.0,1,1.0,1,1.0,1,0.2963844367007742,68
4663,2,9001,3665,5336,0,0,0,1.0,1,1.0,1,1.0,1,0.2885641642127195,67
4664,8,9009,3667,5342,0,0,0,1.0,1,1.0,1,1.0,1,0.26455824094482205,67
4665,2,9011,3668,5343,0,0,0,1.0,1,1.0,1,1.0,1,0.25557989025624356,67
4666,6,9017,3670,5347,0,0,0,1.0,1,1.0,1,1.0,1,0.2250996845483563,67
4667,0,9017,3670,5347,0,0,0,1.0,1,1.0,1,1.0,1,0.22842102023892605,66
4668,1,9018,3671,5347,0,0,0,1.0,1,1.0,1,1.0,1,0.2393113211087077,66
4669,2,9020,3672,5348,0,0,0,1.0,1,1.0,1,1.0,1,0.23165669084704507,66
4670,1,9021,3673,5348,0,0,0,1.0,1,1.0,1,1.0,1,0.24015844420171467,64
4671,0,9021,3673,5348,0,0,0,1.0,1,1.0,1,1.0,1,0.24015844420171467,64
4672,3,9024,3675,5349,0,0,0,1.0,1,1.0,1,1.0,1,0.2689043091889254,64
4673,2,9026,3675,5351,0,0,0,1.0,1,1.0,1,1.0,1,0.25066483102552084,65
4674,2,9028,3676,5352,0,0,0,1.0,1,1.0,1,1.0,1,0.25224573971436803,66
4675,2,9030,3677,5353,0,0,0,1.0,1,1.0,1,1.0,1,0.2569408337178254,65
4676,1,9031,3678,5353,0,0,0,1.0,1,1.0,1,1.0,1,0.2727491520719718,65
4677,2,9033,3680,5353,0,0,0,1.0,1,1.0,1,1.0,1,0.269017400903243,65
4678,0,9033,3680,5353,0,0,0,1.0,1,1.0,1,1.0,1,0.2873514745567506,64
4679,1,9034,3681,5353,0,0,0,1.0,1,1.0,1,1.0,1,0.2836010771557397,66
4680,0,9034,3681,5353,0,0,0,1.0,1,1.0,1,1.0,1,0.29246702555843074,67
4681,9,9043,3682,5361,0,0,0,1.0,1,1.0,1,1.0,1,0.24363072540361694,67
4682,8,9051,3684,5367,0,0,0,1.0,1,1.0,1,1.0,1,0.2087656043035703,67
4683,3,9054,3685,5369,0,0,0,1.0,1,1.0,1,1.0,1,0.17688935700535638,67
4684,1,9055,3685,5370,0,0,0,1.0,1,1.0,1,1.0,1,0.18809317099876782,66
4685,2,9057,3685,5372,0,0,0,1.0,1,1.0,1,1.0,1,0.190786518173589,65
4686,2,9059,3686,5373,0,0,0,1.0,1,1.0,1,1.0,1,0.18729694555286877,65
4687,4,9063,3686,5377,0,0,0,1.0,1,1.0,1,1.0,1,0.18511018381905797,65
4688,4,9067,3688,5379,0,0,0,1.0,1,1.0,1,1.0,1,0.2382874536631524,64
4689,4,9071,3690,5381,0,0,0,1.0,1,1.0,1,1.0,1,0.274756221855205,65
4690,5,9076,3690,5386,0,0,0,1.0,1,1.0,1,1.0,1,0.29045321105245975,63
4691,8,9084,3693,5391,0,0,0,1.0,1,1.0,1,1.0,1,0.3018483038452646,64
4692,4,9088,3693,5395,0,0,0,1.0,1,1.0,1,1.0,1,0.3001312563143598,63
4693,4,9092,3694,5398,0,0,0,1.0,1,1.0,1,1.0,1,0.2730778580518712,64
4694,7,9099,3694,5405,0,0,0,1.0,1,1.0,1,1.0,1,0.2478194045495359,63
4695,4,9103,3694,5409,0,0,0,1.0,1,1.0,1,1.0,1,0.2566945770717144,62
4696,3,9106,3694,5412,0,0,0,1.0,1,1.0,1,1.0,1,0.23387937117310592,61
4697,0,9106,3694,5412,0,0,0,1.0,1,1.0,1,1.0,1,0.21905134634466175,63
4698,0,9106,3694,5412,0,0,0,1.0,1,1.0,1,1.0,1,0.22706076533890163,63
4699,3,9109,3694,5415,0,0,0,1.0,1,1.0,1,1.0,1,0.19740736976991607,65
4700,1,9110,3694,5416,0,0,0,1.0,1,1.0,1,1.0,1,0.20865131960392375,64
4701,0,9110,3694,5416,0,0,0,1.0,1,1.0,1,1.0,1,0.20865131960392375,64
4702,0,9110,3694,5416,0,0,0,1.0,1,1.0,1,1.0,1,0.21903738251023216,66
4703,1,9111,3695,5416,0,0,0,1.0,1,1.0,1,1.0,1,0.2195170517331156,65
4704,4,9115,3698,5417,0,0,0,1.0,1,1.0,1,1.0,1,0.23726204946935955,64
4705,2,9117,3700,5417,0,0,0,1.0,1,1.0,1,1.0,1,0.30259232932630653,65
4706,6,9123,3703,5420,0,0,0,1.0,1,1.0,1,1.0,1,0.28928819470348593,65
4707,4,9127,3705,5422,0,0,0,1.0,1,1.0,1,1.0,1,0.31091115410284215,63
4708,2,9129,3706,5423,0,0,0,1.0,1,1.0,1,1.0,1,0.2948000676914426,62
4709,4,9133,3710,5423,0,0,0,1.0,1,1.0,1,1.0,1,0.3435286085915979,61
4710,0,9133,3710,5423,0,0,0,1.0,1,1.0,1,1.0,1,0.3420938028129878,60
4711,6,9139,3712,5427,0,0,0,1.0,1,1.0,1,1.0,1,0.29461630671980965,59
4712,0,9139,3712,5427,0,0,0,1.0,1,1.0,1,1.0,1,0.29549156057700443,58
4713,2,9141,3713,5428,0,0,0,1.0,1,1.0,1,1.0,1,0.2647799211785866,58
4714,0,9141,3713,5428,0,0,0,1.0,1,1.0,1,1.0,1,0.2653033446692927,57
4715,0,9141,3713,5428,0,0,0,1.0,1,1.0,1,1.0,1,0.27457047249592076,57
4716,1,9142,3714,5428,0,0,0,1.0,1,1.0,1,1.0,1,0.29352463058883715,55
4717,4,9146,3715,5431,0,0,0,1.0,1,1.0,1,1.0,1,0.25980895572857843,57
4718,2,9148,3715,5433,0,0,0,1.0,1,1.0,1,1.0,1,0.2178173852508013,56
4719,3,9151,3716,5435,0,0,0,1.0,1,1.0,1,1.0,1,0.2422448447774541,56
4720,0,9151,3716,5435,0,0,0,1.0,1,1.0,1,1.0,1,0.24306223260008358,57
4721,1,9152,3716,5436,0,0,0,1.0,1,1.0,1,1.0,1,0.20717945931848095,57
4722,1,9153,3716,5437,0,0,0,1.0,1,1.0,1,1.0,1,0.19034578378136055,57
4723,2,9155,3718,5437,0,0,0,1.0,1,1.0,1,1.0,1,0.19749496073400102,57
4724,0,9155,3718,5437,0,0,0,1.0,1,1.0,1,1.0,1,0.1995870321231184,57
4725,0,9155,3718,5437,0,0,0,1.0,1,1.0,1,1.0,1,0.2350370714129542,57
4726,3,9158,3719,5439,0,0,0,1.0,1,1.0,1,1.0,1,0.21322058047258724,57
4727,0,9158,3719,5439,0,0,0,1.0,1,1.0,1,1.0,1,0.2283405869869385,56
4728,0,9158,3719,5439,0,0,0,1.0,1,1.0,1,1.0,1,0.23575729592004277,57
4729,0,9158,3719,5439,0,0,0,1.0,1,1.0,1,1.0,1,0.25296314593483454,56
4730,0,9158,3719,5439,0,0,0,1.0,1,1.0,1,1.0,1,0.284632437362763,54
4731,2,9160,3720,5440,0,0,0,1.0,1,1.0,1,1.0,1,0.28560325797658415,54
4732,4,9164,3724,5440,0,0,0,1.0,1,1.0,1,1.0,1,0.3212567153472262,54
4733,4,9168,3725,5443,0,0,0,1.0,1,1.0,1,1.0,1,0.3028113690586512,55
4734,4,9172,3726,5446,0,0,0,1.0,1,1.0,1,1.0,1,0.3252340892269233,56
4735,3,9175,3727,5448,0,0,0,1.0,1,1.0,1,1.0,1,0.33358569373026264,56
4736,1,9176,3727,5449,0,0,0,1.0,1,1.0,1,1.0,1,0.3229000922743135,58
4737,2,9178,3727,5451,0,0,0,1.0,1,1.0,1,1.0,1,0.32708223605813286,59
4738,5,9183,3729,5454,0,0,0,1.0,1,1.0,1,1.0,1,0.3489686074799347,60
4739,3,9186,3729,5457,0,0,0,1.0,1,1.0,1,1.0,1,0.35318408170356835,60
4740,1,9187,3729,5458,0,0,0,1.0,1,1.0,1,1.0,1,0.3488021435465029,60
4741,4,9191,3730,5461,0,0,0,1.0,1,1.0,1,1.0,1,0.3475899001627192,61
4742,3,9194,3732,5462,0,0,0,1.0,1,1.0,1,1.0,1,0.34310970044829725,61
4743,2,9196,3732,5464,0,0,0,1.0,1,1.0,1,1.0,1,0.30994509803710146,60
4744,4,9200,3734,5466,0,0,0,1.0,1,1.0,1,1.0,1,0.29708562689998785,60
4745,3,9203,3735,5468,0,0,0,1.0,1,1.0,1,1.0,1,0.27777781936952284,59
4746,2,9205,3736,5469,0,0,0,1.0,1,1.0,1,1.0,1,0.2901260261739995,59
4747,4,9209,3738,5471,0,0,0,1.0,1,1.0,1,1.0,1,0.27844344666834053,58
4748,3,9212,3740,5472,0,0,0,1.0,1,1.0,1,1.0,1,0.2720521718182686,58
4749,4,9216,3741,5475,0,0,0,1.0,1,1.0,1,1.0,1,0.261958371029627,58
4750,3,9219,3742,5477,0,0,0,1.0,1,1.0,1,1.0,1,0.24962196615535087,56
4751,4,9223,3744,5479,0,0,0,1.0,1,1.0,1,1.0,1,0.24737526228073048,58
4752,3,9226,3746,5480,0,0,0,1.0,1,1.0,1,1.0,1,0.27188955198187503,55
4753,2,9228,3746,5482,0,0,0,1.0,1,1.0,1,1.0,1,0.27188955198187503,55
4754,2,9230,3747,5483,0,0,0,1.0,1,1.0,1,1.0,1,0.23810686875928122,54
4755,3,9233,3748,5485,0,0,0,1.0,1,1.0,1,1.0,1,0.22802119787116032,54
4756,5,9238,3750,5488,0,0,0,1.0,1,1.0,1,1.0,1,0.17790084738572554,54
4757,1,9239,3750,5489,0,0,0,1.0,1,1.0,1,1.0,1,0.16630814009786682,53
4758,0,9239,3750,5489,0,0,0,1.0,1,1.0,1,1.0,1,0.16630814009786682,53
4759,0,9239,3750,5489,0,0,0,1.0,1,1.0,1,1.0,1,0.16630814009786682,53
4760,1,9240,3751,5489,0,0,0,1.0,1,1.0,1,1.0,1,0.20164257767589383,53
4761,2,9242,3752,5490,0,0,0,1.0,1,1.0,1,1.0,1,0.20914553954347848,52
4762,9,9251,3755,5496,0,0,0,1.0,1,1.0,1,1.0,1,0.24183775731370807,54
4763,3,9254,3758,5496,0,0,0,1.0,1,1.0,1,1.0,1,0.27496873339591243,54
4764,1,9255,3758,5497,0,0,0,1.0,1,1.0,1,1.0,1,0.2565246836791695,55
4765,4,9259,3760,5499,0,0,0,1.0,1,1.0,1,1.0,1,0.2735473277458099,56
4766,3,9262,3760,5502,0,0,0,1.0,1,1.0,1,1.0,1,0.2481498858596777,58
4767,2,9264,3761,5503,0,0,0,1.0,1,1.0,1,1.0,1,0.22393354619687122,59
4768,4,9268,3764,5504,0,0,0,1.0,1,1.0,1,1.0,1,0.2533434421406539,60
4769,0,9268,3764,5504,0,0,0,1.0,1,1.0,1,1.0,1,0.2567538487975666,59
4770,0,9268,3764,5504,0,0,0,1.0,1,1.0,1,1.0,1,0.2656553898661845,60
4771,4,9272,3764,5508,0,0,0,1.0,1,1.0,1,1.0,1,0.2412150876474008,59
4772,0,9272,3764,5508,0,0,0,1.0,1,1.0,1,1.0,1,0.2412150876474008,59
4773,0,9272,3764,5508,0,0,0,1.0,1,1.0,1,1.0,1,0.22698891721253206,60
4774,0,9272,3764,5508,0,0,0,1.0,1,1.0,1,1.0,1,0.22698891721253206,60
4775,0,9272,3764,5508,0,0,0,1.0,1,1.0,1,1.0,1,0.22405373742070997,62
4776,3,9275,3764,5511,0,0,0,1.0,1,1.0,1,1.0,1,0.21066464908272706,63
4777,1,9276,3764,5512,0,0,0,1.0,1,1.0,1,1.0,1,0.2060752501246975,63
4778,2,9278,3764,5514,0,0,0,1.0,1,1.0,1,1.0,1,0.20598472662167416,63
4779,1,9279,3765,5514,0,0,0,1.0,1,1.0,1,1.0,1,0.21457758612555436,63
4780,2,9281,3766,5515,0,0,0,1.0,1,1.0,1,1.0,1,0.229829660058285,65
4781,2,9283,3766,5517,0,0,0,1.0,1,1.0,1,1.0,1,0.23922179704926885,64
4782,2,9285,3766,5519,0,0,0,1.0,1,1.0,1,1.0,1,0.2285466343665932,65
4783,4,9289,3768,5521,0,0,0,1.0,1,1.0,1,1.0,1,0.21255541303985584,66
4784,2,9291,3770,5521,0,0,0,1.0,1,1.0,1,1.0,1,0.20566767306163342,64
4785,4,9295,3772,5523,0,0,0,1.0,1,1.0,1,1.0,1,0.2202241327480273,65
4786,8,9303,3774,5529,0,0,0,1.0,1,1.0,1,1.0,1,0.18645009153268102,66
4787,4,9307,3775,5532,0,0,0,1.0,1,1.0,1,1.0,1,0.14946440143373504,63
4788,3,9310,3778,5532,0,0,0,1.0,1,1.0,1,1.0,1,0.17138445249077752,63
4789,2,9312,3780,5532,0,0,0,1.0,1,1.0,1,1.0,1,0.17664748959991908,60
4790,3,9315,3782,5533,0,0,0,1.0,1,1.0,1,1.0,1,0.18344838952874876,61
4791,3,9318,3784,5534,0,0,0,1.0,1,1.0,1,1.0,1,0.20093849974503278,59
4792,2,9320,3786,5534,0,0,0,1.0,1,1.0,1,1.0,1,0.19185697381382716,59
4793,4,9324,3788,5536,0,0,0,1.0,1,1.0,1,1.0,1,0.17297771812317958,61
4794,2,9326,3790,5536,0,0,0,1.0,1,1.0,1,1.0,1,0.18594499314196689,60
4795,2,9328,3791,5537,0,0,0,1.0,1,1.0,1,1.0,1,0.16358872434977403,61
4796,2,9330,3793,5537,0,0,0,1.0,1,1.0,1,1.0,1,0.1935015249463153,60
4797,2,9332,3795,5537,0,0,0,1.0,1,1.0,1,1.0,1,0.2074895210808214,61
4798,3,9335,3795,5540,0,0,0,1.0,1,1.0,1,1.0,1,0.18546250222167526,61
4799,2,9337,3795,5542,0,0,0,1.0,1,1.0,1,1.0,1,0.17290767618713734,59
4800,1,9338,3796,5542,0,0,0,1.0,1,1.0,1,1.0,1,0.1884867033195396,57
4801,1,9339,3796,5543,0,0,0,1.0,1,1.0,1,1.0,1,0.1693457462263908,58
4802,1,9340,3797,5543,0,0,0,1.0,1,1.0,1,1.0,1,0.1668720890891604,56
4803,5,9345,3800,5545,0,0,0,1.0,1,1.0,1,1.0,1,0.1819779919567646,57
4804,0,9345,3800,5545,0,0,0,1.0,1,1.0,1,1.0,1,0.17250930803274644,55
4805,2,9347,3802,5545,0,0,0,1.0,1,1.0,1,1.0,1,0.20791705846434996,56
4806,1,9348,3802,5546,0,0,0,1.0,1,1.0,1,1.0,1,0.17475787007699403,55
4807,0,9348,3802,5546,0,0,0,1.0,1,1.0,1,1.0,1,0.1906476099518292,53
4808,1,9349,3803,5546,0,0,0,1.0,1,1.0,1,1.0,1,0.19306234694036317,54
4809,0,9349,3803,5546,0,0,0,1.0,1,1.0,1,1.0,1,0.22034313503168354,53
4810,1,9350,3804,5546,0,0,0,1.0,1,1.0,1,1.0,1,0.21624690771449626,53
4811,1,9351,3804,5547,0,0,0,1.0,1,1.0,1,1.0,1,0.1841493297741821,54
4812,2,9353,3806,5547,0,0,0,1.0,1,1.0,1,1.0,1,0.20871636177310368,54
4813,3,9356,3806,5550,0,0,0,1.0,1,1.0,1,1.0,1,0.14504101437227668,55
4814,2,9358,3808,5550,0,0,0,1.0,1,1.0,1,1.0,1,0.16380205899432612,55
4815,1,9359,3808,5551,0,0,0,1.0,1,1.0,1,1.0,1,0.15584184444063753,56
4816,2,9361,3809,5552,0,0,0,1.0,1,1.0,1,1.0,1,0.1564689343525869,56
4817,4,9365,3810,5555,0,0,0,1.0,1,1.0,1,1.0,1,0.15062479924289998,58
4818,4,9369,3812,5557,0,0,0,1.0,1,1.0,1,1.0,1,0.18905872923015424,58
4819,0,9369,3812,5557,0,0,0,1.0,1,1.0,1,1.0,1,0.182735570722095,58
4820,0,9369,3812,5557,0,0,0,1.0,1,1.0,1,1.0,1,0.182735570722095,58
4821,1,9370,3813,5557,0,0,0,1.0,1,1.0,1,1.0,1,0.18980803891135561,58
4822,1,9371,3814,5557,0,0,0,1.0,1,1.0,1,1.0,1,0.2118664187704982,58
4823,2,9373,3816,5557,0,0,0,1.0,1,1.0,1,1.0,1,0.2144902391679493,57
4824,2,9375,3818,5557,0,0,0,1.0,1,1.0,1,1.0,1,0.23839855419871342,56
4825,3,9378,3819,5559,0,0,0,1.0,1,1.0,1,1.0,1,0.21756082718558867,57
4826,1,9379,3820,5559,0,0,0,1.0,1,1.0,1,1.0,1,0.22350753460547879,57
4827,2,9381,3820,5561,0,0,0,1.0,1,1.0,1,1.0,1,0.21221956436131525,56
4828,1,9382,3821,5561,0,0,0,1.0,1,1.0,1,1.0,1,0.21529961052836152,57
4829,0,9382,3821,5561,0,0,0,1.0,1,1.0,1,1.0,1,0.22244922960379207,56
4830,0,9382,3821,5561,0,0,0,1.0,1,1.0,1,1.0,1,0.20786618649910518,57
4831,6,9388,3824,5564,0,0,0,1.0,1,1.0,1,1.0,1,0.2364361340071502,57
4832,0,9388,3824,5564,0,0,0,1.0,1,1.0,1,1.0,1,0.24267071141943564,55
4833,1,9389,3825,5564,0,0,0,1.0,1,1.0,1,1.0,1,0.2523544009646561,55
4834,2,9391,3826,5565,0,0,0,1.0,1,1.0,1,1.0,1,0.25922916531874485,55
4835,3,9394,3826,5568,0,0,0,1.0,1,1.0,1,1.0,1,0.20596058294861008,55
4836,2,9396,3827,5569,0,0,0,1.0,1,1.0,1,1.0,1,0.19492549179499466,55
4837,0,9396,3827,5569,0,0,0,1.0,1,1.0,1,1.0,1,0.1826213612889932,53
4838,1,9397,3828,5569,0,0,0,1.0,1,1.0,1,1.0,1,0.20175855618894523,54
4839,4,9401,3832,5569,0,0,0,1.0,1,1.0,1,1.0,1,0.21864789016522393,53
4840,2,9403,3833,5570,0,0,0,1.0,1,1.0,1,1.0,1,0.24131574923887716,52
4841,2,9405,3835,5570,0,0,0,1.0,1,1.0,1,1.0,1,0.25769555447823767,51
4842,5,9410,3837,5573,0,0,0,1.0,1,1.0,1,1.0,1,0.2910879444629399,50
4843,4,9414,3840,5574,0,0,0,1.0,1,1.0,1,1.0,1,0.3130256073864798,51
4844,4,9418,3842,5576,0,0,0,1.0,1,1.0,1,1.0,1,0.25745275188366445,50
4845,2,9420,3844,5576,0,0,0,1.0,1,1.0,1,1.0,1,0.2718679661617695,49
4846,6,9426,3845,5581,0,0,0,1.0,1,1.0,1,1.0,1,0.18725630118723932,49
4847,0,9426,3845,5581,0,0,0,1.0,1,1.0,1,1.0,1,0.17707650074064527,48
4848,2,9428,3846,5582,0,0,0,1.0,1,1.0,1,1.0,1,0.1929329351390936,48
4849,1,9429,3847,5582,0,0,0,1.0,1,1.0,1,1.0,1,0.18430218150374417,48
4850,0,9429,3847,5582,0,0,0,1.0,1,1.0,1,1.0,1,0.18483874169022788,49
4851,1,9430,3848,5582,0,0,0,1.0,1,1.0,1,1.0,1,0.18774215036662142,49
4852,0,9430,3848,5582,0,0,0,1.0,1,1.0,1,1.0,1,0.21735963133538244,49
4853,1,9431,3849,5582,0,0,0,1.0,1,1.0,1,1.0,1,0.24305051562994998,50
4854,1,9432,3850,5582,0,0,0,1.0,1,1.0,1,1.0,1,0.24322929385636016,51
4855,0,9432,3850,5582,0,0,0,1.0,1,1.0,1,1.0,1,0.24322929385636016,51
4856,0,9432,3850,5582,0,0,0,1.0,1,1.0,1,1.0,1,0.2409078168949417,50
4857,1,9433,3850,5583,0,0,0,1.0,1,1.0,1,1.0,1,0.23778819786918373,51
4858,3,9436,3850,5586,0,0,0,1.0,1,1.0,1,1.0,1,0.20636660191596884,51
4859,1,9437,3850,5587,0,0,0,1.0,1,1.0,1,1.0,1,0.22575342198286938,52
4860,0,9437,3850,5587,0,0,0,1.0,1,1.0,1,1.0,1,0.22575342198286938,52
4861,2,9439,3850,5589,0,0,0,1.0,1,1.0,1,1.0,1,0.22489020871500548,53
4862,2,9441,3852,5589,0,0,0,1.0,1,1.0,1,1.0,1,0.24945052928752462,53
4863,0,9441,3852,5589,0,0,0,1.0,1,1.0,1,1.0,1,0.25543113474686385,51
4864,1,9442,3852,5590,0,0,0,1.0,1,1.0,1,1.0,1,0.22985678351651245,53
4865,0,9442,3852,5590,0,0,0,1.0,1,1.0,1,1.0,1,0.23409014359043562,52
4866,1,9443,3853,5590,0,0,0,1.0,1,1.0,1,1.0,1,0.25358138212856773,53
4867,3,9446,3854,5592,0,0,0,1.0,1,1.0,1,1.0,1,0.2560969814446947,51
4868,2,9448,3855,5593,0,0,0,1.0,1,1.0,1,1.0,1,0.2324089082079017,53
4869,1,9449,3855,5594,0,0,0,1.0,1,1.0,1,1.0,1,0.22255332264214484,53
4870,3,9452,3857,5595,0,0,0,1.0,1,1.0,1,1.0,1,0.22659955517384087,55
4871,2,9454,3858,5596,0,0,0,1.0,1,1.0,1,1.0,1,0.2318998528591233,55
4872,4,9458,3860,5598,0,0,0,1.0,1,1.0,1,1.0,1,0.23498477725420638,56
4873,5,9463,3862,5601,0,0,0,1.0,1,1.0,1,1.0,1,0.22644416311369023,56
4874,2,9465,3863,5602,0,0,0,1.0,1,1.0,1,1.0,1,0.23704153347275977,58
4875,1,9466,3864,5602,0,0,0,1.0,1,1.0,1,1.0,1,0.2399716159650768,56
4876,6,9472,3864,5608,0,0,0,1.0,1,1.0,1,1.0,1,0.16080394228597528,56
4877,1,9473,3865,5608,0,0,0,1.0,1,1.0,1,1.0,1,0.1987246656627045,54
4878,0,9473,3865,5608,0,0,0,1.0,1,1.0,1,1.0,1,0.1987246656627045,54
4879,4,9477,3868,5609,0,0,0,1.0,1,1.0,1,1.0,1,0.20127215210245353,54
4880,2,9479,3868,5611,0,0,0,1.0,1,1.0,1,1.0,1,0.2021150482904601,53
4881,4,9483,3871,5612,0,0,0,1.0,1,1.0,1,1.0,1,0.29807178745455454,54
4882,2,9485,3872,5613,0,0,0,1.0,1,1.0,1,1.0,1,0.28760751550238556,52
4883,5,9490,3872,5618,0,0,0,1.0,1,1.0,1,1.0,1,0.2336103010448207,54
4884,6,9496,3872,5624,0,0,0,1.0,1,1.0,1,1.0,1,0.20169931163892302,52
4885,6,9502,3873,5629,0,0,0,1.0,1,1.0,1,1.0,1,0.22063067406478742,51
4886,6,9508,3873,5635,0,0,0,1.0,1,1.0,1,1.0,1,0.22520031977448693,50
4887,6,9514,3873,5641,0,0,0,1.0,1,1.0,1,1.0,1,0.2348737538607238,49
4888,6,9520,3873,5647,0,0,0,1.0,1,1.0,1,1.0,1,0.2505364868553577,48
4889,6,9526,3873,5653,0,0,0,1.0,1,1.0,1,1.0,1,0.2505364868553577,48
4890,6,9532,3873,5659,0,0,0,1.0,1,1.0,1,1.0,1,0.2505364868553577,48
4891,2,9534,3875,5659,0,0,0,1.0,1,1.0,1,1.0,1,0.2705637493468244,49
4892,1,9535,3875,5660,0,0,0,1.0,1,1.0,1,1.0,1,0.27477512521893094,51
4893,0,9535,3875,5660,0,0,0,1.0,1,1.0,1,1.0,1,0.276027987864473,51
4894,1,9536,3875,5661,0,0,0,1.0,1,1.0,1,1.0,1,0.2574496854276053,52
4895,1,9537,3875,5662,0,0,0,1.0,1,1.0,1,1.0,1,0.23583691337132143,52
4896,2,9539,3876,5663,0,0,0,1.0,1,1.0,1,1.0,1,0.2098443873588493,51
4897,0,9539,3876,5663,0,0,0,1.0,1,1.0,1,1.0,1,0.21227203183561333,52
4898,2,9541,3878,5663,0,0,0,1.0,1,1.0,1,1.0,1,0.1829617041222318,52
4899,1,9542,3878,5664,0,0,0,1.0,1,1.0,1,1.0,1,0.17346680280764476,53
4900,2,9544,3880,5664,0,0,0,1.0,1,1.0,1,1.0,1,0.15768999691850455,54
4901,4,9548,3883,5665,0,0,0,1.0,1,1.0,1,1.0,1,0.16964195224300188,54
4902,0,9548,3883,5665,0,0,0,1.0,1,1.0,1,1.0,1,0.17861286199430973,55
4903,3,9551,3884,5667,0,0,0,1.0,1,1.0,1,1.0,1,0.16478029349982196,56
4904,1,9552,3885,5667,0,0,0,1.0,1,1.0,1,1.0,1,0.18976513581736404,55
4905,0,9552,3885,5667,0,0,0,1.0,1,1.0,1,1.0,1,0.1913458696175637,54
4906,3,9555,3887,5668,0,0,0,1.0,1,1.0,1,1.0,1,0.23907608059273172,54
4907,3,9558,3887,5671,0,0,0,1.0,1,1.0,1,1.0,1,0.2151868909924195,54
4908,0,9558,3887,5671,0,0,0,1.0,1,1.0,1,1.0,1,0.21188756099434608,53
4909,2,9560,3888,5672,0,0,0,1.0,1,1.0,1,1.0,1,0.2205850308901826,54
4910,1,9561,3888,5673,0,0,0,1.0,1,1.0,1,1.0,1,0.20515621051400054,55
4911,4,9565,3889,5676,0,0,0,1.0,1,1.0,1,1.0,1,0.16541247004743706,57
4912,3,9568,3892,5676,0,0,0,1.0,1,1.0,1,1.0,1,0.1573403286327227,57
4913,0,9568,3892,5676,0,0,0,1.0,1,1.0,1,1.0,1,0.14490122845625772,56
4914,0,9568,3892,5676,0,0,0,1.0,1,1.0,1,1.0,1,0.14490122845625772,56
4915,1,9569,3893,5676,0,0,0,1.0,1,1.0,1,1.0,1,0.1650461492924289,56
4916,0,9569,3893,5676,0,0,0,1.0,1,1.0,1,1.0,1,0.1891148974353308,54
4917,1,9570,3894,5676,0,0,0,1.0,1,1.0,1,1.0,1,0.19355048804348213,53
4918,2,9572,3895,5677,0,0,0,1.0,1,1.0,1,1.0,1,0.21788891924094927,52
4919,2,9574,3895,5679,0,0,0,1.0,1,1.0,1,1.0,1,0.25350609193129675,49
4920,1,9575,3895,5680,0,0,0,1.0,1,1.0,1,1.0,1,0.2537289377925934,49
4921,4,9579,3897,5682,0,0,0,1.0,1,1.0,1,1.0,1,0.25854849366214155,50
4922,3,9582,3897,5685,0,0,0,1.0,1,1.0,1,1.0,1,0.21513716598031166,50
4923,0,9582,3897,5685,0,0,0,1.0,1,1.0,1,1.0,1,0.23319792142959292,52
4924,3,9585,3898,5687,0,0,0,1.0,1,1.0,1,1.0,1,0.2190310700638791,53
4925,2,9587,3898,5689,0,0,0,1.0,1,1.0,1,1.0,1,0.1698357393807417,54
4926,0,9587,3898,5689,0,0,0,1.0,1,1.0,1,1.0,1,0.1698357393807417,54
4927,2,9589,3899,5690,0,0,0,1.0,1,1.0,1,1.0,1,0.17296059824851734,54
4928,0,9589,3899,5690,0,0,0,1.0,1,1.0,1,1.0,1,0.17296059824851734,54
4929,0,9589,3899,5690,0,0,0,1.0,1,1.0,1,1.0,1,0.1705037745978852,55
4930,1,9590,3900,5690,0,0,0,1.0,1,1.0,1,1.0,1,0.22171187097010922,58
4931,2,9592,3900,5692,0,0,0,1.0,1,1.0,1,1.0,1,0.21816590392415755,58
4932,1,9593,3901,5692,0,0,0,1.0,1,1.0,1,1.0,1,0.24994873676753038,59
4933,3,9596,3901,5695,0,0,0,1.0,1,1.0,1,1.0,1,0.18505688957447725,59
4934,2,9598,3902,5696,0,0,0,1.0,1,1.0,1,1.0,1,0.22100177459933154,59
4935,2,9600,3902,5698,0,0,0,1.0,1,1.0,1,1.0,1,0.20006163709644037,59
4936,3,9603,3903,5700,0,0,0,1.0,1,1.0,1,1.0,1,0.2165417793014066,59
4937,3,9606,3903,5703,0,0,0,1.0,1,1.0,1,1.0,1,0.20653644688606898,61
4938,1,9607,3903,5704,0,0,0,1.0,1,1.0,1,1.0,1,0.202648834103664,62
4939,4,9611,3904,5707,0,0,0,1.0,1,1.0,1,1.0,1,0.18262750048176693,63
4940,1,9612,3904,5708,0,0,0,1.0,1,1.0,1,1.0,1,0.19302858885088864,65
4941,3,9615,3905,5710,0,0,0,1.0,1,1.0,1,1.0,1,0.19748072069707334,65
4942,5,9620,3908,5712,0,0,0,1.0,1,1.0,1,1.0,1,0.21891715947906853,67
4943,2,9622,3909,5713,0,0,0,1.0,1,1.0,1,1.0,1,0.20097015127898132,66
4944,3,9625,3912,5713,0,0,0,1.0,1,1.0,1,1.0,1,0.2502173917584894,63
4945,2,9627,3914,5713,0,0,0,1.0,1,1.0,1,1.0,1,0.24502445107409315,61
4946,4,9631,3915,5716,0,0,0,1.0,1,1.0,1,1.0,1,0.2654202665036678,60
4947,2,9633,3916,5717,0,0,0,1.0,1,1.0,1,1.0,1,0.2513471420063488,58
4948,2,9635,3917,5718,0,0,0,1.0,1,1.0,1,1.0,1,0.2515285533858504,57
4949,3,9638,3918,5720,0,0,0,1.0,1,1.0,1,1.0,1,0.24634717098634254,56
4950,1,9639,3918,5721,0,0,0,1.0,1,1.0,1,1.0,1,0.23834449972713442,57
4951,6,9645,3919,5726,0,0,0,1.0,1,1.0,1,1.0,1,0.13723262248700546,55
4952,5,9650,3923,5727,0,0,0,1.0,1,1.0,1,1.0,1,0.19271213519064218,55
4953,4,9654,3925,5729,0,0,0,1.0,1,1.0,1,1.0,1,0.1856462476712883,54
4954,1,9655,3926,5729,0,0,0,1.0,1,1.0,1,1.0,1,0.210557241831863,54
4955,1,9656,3926,5730,0,0,0,1.0,1,1.0,1,1.0,1,0.16410039202505278,52
4956,0,9656,3926,5730,0,0,0,1.0,1,1.0,1,1.0,1,0.16410039202505278,52
4957,1,9657,3927,5730,0,0,0,1.0,1,1.0,1,1.0,1,0.14637746110923325,53
4958,1,9658,3928,5730,0,0,0,1.0,1,1.0,1,1.0,1,0.15961188719048464,52
4959,1,9659,3929,5730,0,0,0,1.0,1,1.0,1,1.0,1,0.1889632772590127,51
4960,1,9660,3929,5731,0,0,0,1.0,1,1.0,1,1.0,1,0.16340670326640833,53
4961,0,9660,3929,5731,0,0,0,1.0,1,1.0,1,1.0,1,0.16340670326640833,53
4962,2,9662,3929,5733,0,0,0,1.0,1,1.0,1,1.0,1,0.1452846299397961,55
4963,1,9663,3930,5733,0,0,0,1.0,1,1.0,1,1.0,1,0.14275081272848636,54
4964,1,9664,3930,5734,0,0,0,1.0,1,1.0,1,1.0,1,0.1405927901730535,54
4965,0,9664,3930,5734,0,0,0,1.0,1,1.0,1,1.0,1,0.1405927901730535,54
4966,3,9667,3932,5735,0,0,0,1.0,1,1.0,1,1.0,1,0.15709585636714965,54
4967,4,9671,3935,5736,0,0,0,1.0,1,1.0,1,1.0,1,0.17034078278725107,55
4968,2,9673,3937,5736,0,0,0,1.0,1,1.0,1,1.0,1,0.16880665442850964,55
4969,2,9675,3938,5737,0,0,0,1.0,1,1.0,1,1.0,1,0.19717848029197804,57
4970,3,9678,3938,5740,0,0,0,1.0,1,1.0,1,1.0,1,0.21072030927450147,56
4971,7,9685,3939,5746,0,0,0,1.0,1,1.0,1,1.0,1,0.23990167663619322,57
4972,5,9690,3940,5750,0,0,0,1.0,1,1.0,1,1.0,1,0.2968588190312048,57
4973,5,9695,3940,5755,0,0,0,1.0,1,1.0,1,1.0,1,0.2703770342946413,60
4974,4,9699,3940,5759,0,0,0,1.0,1,1.0,1,1.0,1,0.2916216524037163,58
4975,6,9705,3940,5765,0,0,0,1.0,1,1.0,1,1.0,1,0.2620904361354764,59
4976,2,9707,3940,5767,0,0,0,1.0,1,1.0,1,1.0,1,0.2600723350021639,59
4977,5,9712,3944,5768,0,0,0,1.0,1,1.0,1,1.0,1,0.21960506396798438,59
4978,4,9716,3945,5771,0,0,0,1.0,1,1.0,1,1.0,1,0.20344950730500796,59
4979,0,9716,3945,5771,0,0,0,1.0,1,1.0,1,1.0,1,0.21200978034415707,61
4980,6,9722,3946,5776,0,0,0,1.0,1,1.0,1,1.0,1,0.19527070725383838,62
4981,3,9725,3947,5778,0,0,0,1.0,1,1.0,1,1.0,1,0.1911053475528495,62
4982,0,9725,3947,5778,0,0,0,1.0,1,1.0,1,1.0,1,0.18661469687236049,63
4983,0,9725,3947,5778,0,0,0,1.0,1,1.0,1,1.0,1,0.18656041642860338,63
4984,1,9726,3948,5778,0,0,0,1.0,1,1.0,1,1.0,1,0.1973254074221546,61
4985,0,9726,3948,5778,0,0,0,1.0,1,1.0,1,1.0,1,0.19954146174586065,59
4986,4,9730,3950,5780,0,0,0,1.0,1,1.0,1,1.0,1,0.17061962942990339,62
4987,1,9731,3951,5780,0,0,0,1.0,1,1.0,1,1.0,1,0.18368146184101783,60
4988,0,9731,3951,5780,0,0,0,1.0,1,1.0,1,1.0,1,0.18608060937736076,59
4989,2,9733,3952,5781,0,0,0,1.0,1,1.0,1,1.0,1,0.2020709376056124,57
4990,1,9734,3953,5781,0,0,0,1.0,1,1.0,1,1.0,1,0.23533476021451316,55
4991,2,9736,3955,5781,0,0,0,1.0,1,1.0,1,1.0,1,0.2396016234206429,54
4992,2,9738,3955,5783,0,0,0,1.0,1,1.0,1,1.0,1,0.2676033767287314,52
4993,0,9738,3955,5783,0,0,0,1.0,1,1.0,1,1.0,1,0.2529053094306429,51
4994,2,9740,3956,5784,0,0,0,1.0,1,1.0,1,1.0,1,0.2667552802930917,49
4995,2,9742,3958,5784,0,0,0,1.0,1,1.0,1,1.0,1,0.32773584179803467,48
4996,7,9749,3962,5787,0,0,0,1.0,1,1.0,1,1.0,1,0.2699182648624091,48
4997,3,9752,3964,5788,0,0,0,1.0,1,1.0,1,1.0,1,0.28230316476457795,46
4998,6,9758,3964,5794,0,0,0,1.0,1,1.0,1,1.0,1,0.17992503570514148,48
4999,2,9760,3966,5794,0,0,0,1.0,1,1.0,1,1.0,1,0.20743503339773403,48
5000,1,9761,3967,5794,0,0,0,1.0,1,1.0,1,1.0,1,0.17561151838764505,47
5001,0,9761,3967,5794,0,0,0,1.0,1,1.0,1,1.0,1,0.18269314813459833,45
5002,1,9762,3968,5794,0,0,0,1.0,1,1.0,1,1.0,1,0.18653041659958533,46
5003,1,9763,3968,5795,0,0,0,1.0,1,1.0,1,1.0,1,0.1973833314893826,46
5004,1,9764,3968,5796,0,0,0,1.0,1,1.0,1,1.0,1,0.17564093508645787,46
5005,0,9764,3968,5796,0,0,0,1.0,1,1.0,1,1.0,1,0.20049050130548327,45
5006,0,9764,3968,5796,0,0,0,1.0,1,1.0,1,1.0,1,0.23469764122609216,45
5007,2,9766,3969,5797,0,0,0,1.0,1,1.0,1,1.0,1,0.25368383994793475,46
5008,2,9768,3969,5799,0,0,0,1.0,1,1.0,1,1.0,1,0.24476210617000702,49
5009,3,9771,3969,5802,0,0,0,1.0,1,1.0,1,1.0,1,0.27636519085783345,49
5010,4,9775,3969,5806,0,0,0,1.0,1,1.0,1,1.0,1,0.2913625695047075,50
5011,4,9779,3969,5810,0,0,0,1.0,1,1.0,1,1.0,1,0.2463322981382467,51
5012,1,9780,3969,5811,0,0,0,1.0,1,1.0,1,1.0,1,0.24374813929515732,52
5013,0,9780,3969,5811,0,0,0,1.0,1,1.0,1,1.0,1,0.24374813929515732,52
5014,0,9780,3969,5811,0,0,0,1.0,1,1.0,1,1.0,1,0.23982609205257055,53
5015,5,9785,3970,5815,0,0,0,1.0,1,1.0,1,1.0,1,0.26430409290522733,54
5016,2,9787,3971,5816,0,0,0,1.0,1,1.0,1,1.0,1,0.2773764046108079,55
5017,2,9789,3971,5818,0,0,0,1.0,1,1.0,1,1.0,1,0.26217154890183086,55
5018,0,9789,3971,5818,0,0,0,1.0,1,1.0,1,1.0,1,0.2714014912155464,56
5019,8,9797,3972,5825,0,0,0,1.0,1,1.0,1,1.0,1,0.25326493664217836,56
5020,1,9798,3972,5826,0,0,0,1.0,1,1.0,1,1.0,1,0.2658056917533297,55
5021,0,9798,3972,5826,0,0,0,1.0,1,1.0,1,1.0,1,0.2758023835141754,56
5022,2,9800,3974,5826,0,0,0,1.0,1,1.0,1,1.0,1,0.3017555712148742,56
5023,1,9801,3974,5827,0,0,0,1.0,1,1.0,1,1.0,1,0.28399249682676075,55
5024,5,9806,3978,5828,0,0,0,1.0,1,1.0,1,1.0,1,0.29144037901888303,55
5025,3,9809,3980,5829,0,0,0,1.0,1,1.0,1,1.0,1,0.3011755681629858,53
5026,2,9811,3981,5830,0,0,0,1.0,1,1.0,1,1.0,1,0.2908697582156315,52
5027,3,9814,3983,5831,0,0,0,1.0,1,1.0,1,1.0,1,0.3067378024917298,51
5028,3,9817,3985,5832,0,0,0,1.0,1,1.0,1,1.0,1,0.31483018363444587,51
5029,1,9818,3986,5832,0,0,0,1.0,1,1.0,1,1.0,1,0.3495656001916459,50
5030,1,9819,3987,5832,0,0,0,1.0,1,1.0,1,1.0,1,0.3000737127710789,49
5031,2,9821,3989,5832,0,0,0,1.0,1,1.0,1,1.0,1,0.34015377615398457,49
5032,2,9823,3990,5833,0,0,0,1.0,1,1.0,1,1.0,1,0.3660499970977912,48
5033,4,9827,3992,5835,0,0,0,1.0,1,1.0,1,1.0,1,0.36295758917424625,50
5034,3,9830,3993,5837,0,0,0,1.0,1,1.0,1,1.0,1,0.31004341059212276,49
5035,3,9833,3994,5839,0,0,0,1.0,1,1.0,1,1.0,1,0.29414077501820834,49
5036,2,9835,3996,5839,0,0,0,1.0,1,1.0,1,1.0,1,0.29541894573046334,47
5037,2,9837,3997,5840,0,0,0,1.0,1,1.0,1,1.0,1,0.29774171194768273,47
5038,0,9837,3997,5840,0,0,0,1.0,1,1.0,1,1.0,1,0.29985853814434654,47
5039,0,9837,3997,5840,0,0,0,1.0,1,1.0,1,1.0,1,0.3072108735836169,48
5040,1,9838,3997,5841,0,0,0,1.0,1,1.0,1,1.0,1,0.2959227732884008,48
5041,1,9839,3997,5842,0,0,0,1.0,1,1.0,1,1.0,1,0.28943071488675576,48
5042,1,9840,3997,5843,0,0,0,1.0,1,1.0,1,1.0,1,0.2740740526470318,50
5043,0,9840,3997,5843,0,0,0,1.0,1,1.0,1,1.0,1,0.2731158473493373,51
5044,0,9840,3997,5843,0,0,0,1.0,1,1.0,1,1.0,1,0.2731158473493373,51
5045,2,9842,3997,5845,0,0,0,1.0,1,1.0,1,1.0,1,0.26302830647261966,52
5046,1,9843,3998,5845,0,0,0,1.0,1,1.0,1,1.0,1,0.29663876530768096,51
5047,0,9843,3998,5845,0,0,0,1.0,1,1.0,1,1.0,1,0.29663876530768096,51
5048,4,9847,3999,5848,0,0,0,1.0,1,1.0,1,1.0,1,0.23445985338246503,52
5049,1,9848,4000,5848,0,0,0,1.0,1,1.0,1,1.0,1,0.25493670771702787,54
5050,0,9848,4000,5848,0,0,0,1.0,1,1.0,1,1.0,1,0.27322814504215526,56
5051,0,9848,4000,5848,0,0,0,1.0,1,1.0,1,1.0,1,0.2915232350539634,55
5052,0,9848,4000,5848,0,0,0,1.0,1,1.0,1,1.0,1,0.2915232350539634,55
5053,0,9848,4000,5848,0,0,0,1.0,1,1.0,1,1.0,1,0.2915232350539634,55
5054,2,9850,4001,5849,0,0,0,1.0,1,1.0,1,1.0,1,0.2883686895387065,55
5055,0,9850,4001,5849,0,0,0,1.0,1,1.0,1,1.0,1,0.31231672248938086,55
5056,8,9858,4002,5856,0,0,0,1.0,1,1.0,1,1.0,1,0.24319752459753402,56
5057,0,9858,4002,5856,0,0,0,1.0,1,1.0,1,1.0,1,0.2496286148346822,58
5058,3,9861,4003,5858,0,0,0,1.0,1,1.0,1,1.0,1,0.22958304326374665,59
5059,2,9863,4003,5860,0,0,0,1.0,1,1.0,1,1.0,1,0.19310887202678464,59
5060,2,9865,4004,5861,0,0,0,1.0,1,1.0,1,1.0,1,0.19659752883365164,59
5061,2,9867,4005,5862,0,0,0,1.0,1,1.0,1,1.0,1,0.21416692202651078,59
5062,4,9871,4007,5864,0,0,0,1.0,1,1.0,1,1.0,1,0.24181011995899554,59
5063,4,9875,4009,5866,0,0,0,1.0,1,1.0,1,1.0,1,0.24308057962909344,59
5064,3,9878,4011,5867,0,0,0,1.0,1,1.0,1,1.0,1,0.2388197645253545,57
5065,4,9882,4013,5869,0,0,0,1.0,1,1.0,1,1.0,1,0.2315771935213058,55
5066,2,9884,4014,5870,0,0,0,1.0,1,1.0,1,1.0,1,0.24159503119365747,55
5067,2,9886,4015,5871,0,0,0,1.0,1,1.0,1,1.0,1,0.2600527536370062,54
5068,0,9886,4015,5871,0,0,0,1.0,1,1.0,1,1.0,1,0.2696279849316544,54
5069,1,9887,4016,5871,0,0,0,1.0,1,1.0,1,1.0,1,0.2603742173802557,54
5070,2,9889,4017,5872,0,0,0,1.0,1,1.0,1,1.0,1,0.2774692427586866,52
5071,6,9895,4019,5876,0,0,0,1.0,1,1.0,1,1.0,1,0.219258346930928,54
5072,3,9898,4019,5879,0,0,0,1.0,1,1.0,1,1.0,1,0.17252611769513432,52
5073,2,9900,4019,5881,0,0,0,1.0,1,1.0,1,1.0,1,0.1889084381421441,51
5074,2,9902,4019,5883,0,0,0,1.0,1,1.0,1,1.0,1,0.18670283964260792,52
5075,2,9904,4019,5885,0,0,0,1.0,1,1.0,1,1.0,1,0.17286823134412774,53
5076,1,9905,4019,5886,0,0,0,1.0,1,1.0,1,1.0,1,0.17659787107735836,53
5077,3,9908,4020,5888,0,0,0,1.0,1,1.0,1,1.0,1,0.200213689281877,56
5078,1,9909,4020,5889,0,0,0,1.0,1,1.0,1,1.0,1,0.22329566187045163,55
5079,2,9911,4020,5891,0,0,0,1.0,1,1.0,1,1.0,1,0.23320351153340832,56
5080,4,9915,4020,5895,0,0,0,1.0,1,1.0,1,1.0,1,0.2353057868306771,57
5081,4,9919,4020,5899,0,0,0,1.0,1,1.0,1,1.0,1,0.24556016008005113,58
5082,2,9921,4020,5901,0,0,0,1.0,1,1.0,1,1.0,1,0.2309376798907593,58
5083,2,9923,4020,5903,0,0,0,1.0,1,1.0,1,1.0,1,0.2507149289290446,59
5084,8,9931,4024,5907,0,0,0,1.0,1,1.0,1,1.0,1,0.2466236442437827,59
5085,3,9934,4024,5910,0,0,0,1.0,1,1.0,1,1.0,1,0.22757693225299436,60
5086,7,9941,4024,5917,0,0,0,1.0,1,1.0,1,1.0,1,0.11744561983040173,61
5087,5,9946,4028,5918,0,0,0,1.0,1,1.0,1,1.0,1,0.12858359274824074,62
5088,1,9947,4028,5919,0,0,0,1.0,1,1.0,1,1.0,1,0.13966447401379145,64
5089,3,9950,4030,5920,0,0,0,1.0,1,1.0,1,1.0,1,0.15212060032192284,64
5090,4,9954,4032,5922,0,0,0,1.0,1,1.0,1,1.0,1,0.1686530175888873,64
5091,5,9959,4035,5924,0,0,0,1.0,1,1.0,1,1.0,1,0.19696890180984,64
5092,3,9962,4036,5926,0,0,0,1.0,1,1.0,1,1.0,1,0.19974100112940008,64
5093,2,9964,4036,5928,0,0,0,1.0,1,1.0,1,1.0,1,0.20791950277280508,64
5094,1,9965,4037,5928,0,0,0,1.0,1,1.0,1,1.0,1,0.21726449951077936,65
5095,2,9967,4037,5930,0,0,0,1.0,1,1.0,1,1.0,1,0.21212938456898203,66
5096,3,9970,4039,5931,0,0,0,1.0,1,1.0,1,1.0,1,0.19922032596375375,66
5097,5,9975,4040,5935,0,0,0,1.0,1,1.0,1,1.0,1,0.22074543145689976,67
5098,4,9979,4041,5938,0,0,0,1.0,1,1.0,1,1.0,1,0.17615313593497445,67
5099,1,9980,4041,5939,0,0,0,1.0,1,1.0,1,1.0,1,0.1603183665233891,70
5100,1,9981,4041,5940,0,0,0,1.0,1,1.0,1,1.0,1,0.14425853008439743,71
5101,0,9981,4041,5940,0,0,0,1.0,1,1.0,1,1.0,1,0.1337871824529064,72
5102,7,9988,4044,5944,0,0,0,1.0,1,1.0,1,1.0,1,0.12635813596544934,72
5103,1,9989,4044,5945,0,0,0,1.0,1,1.0,1,1.0,1,0.09222920985140594,70
5104,2,9991,4046,5945,0,0,0,1.0,1,1.0,1,1.0,1,0.1141683980739171,67
5105,4,9995,4049,5946,0,0,0,1.0,1,1.0,1,1.0,1,0.1531315985237712,66
5106,3,9998,4052,5946,0,0,0,1.0,1,1.0,1,1.0,1,0.2271128214856575,64
5107,2,10000,4054,5946,0,0,0,1.0,1,1.0,1,1.0,1,0.21984800586147746,61
5108,2,10002,4056,5946,0,0,0,1.0,1,1.0,1,1.0,1,0.26696902193698546,57
5109,6,10008,4060,5948,0,0,0,1.0,1,1.0,1,1.0,1,0.3096142457585126,55
5110,3,10011,4061,5950,0,0,0,1.0,1,1.0,1,1.0,1,0.31135721303898445,53
5111,2,10013,4063,5950,0,0,0,1.0,1,1.0,1,1.0,1,0.36490148457846455,52
5112,2,10015,4065,5950,0,0,0,1.0,1,1.0,1,1.0,1,0.3481465063154332,52
5113,0,10015,4065,5950,0,0,0,1.0,1,1.0,1,1.0,1,0.35179269742735264,49
5114,5,10020,4069,5951,0,0,0,1.0,1,1.0,1,1.0,1,0.332566004462118,49
5115,0,10020,4069,5951,0,0,0,1.0,1,1.0,1,1.0,1,0.32679732595269134,48
5116,9,10029,4071,5958,0,0,0,1.0,1,1.0,1,1.0,1,0.1959316945827212,47
5117,1,10030,4071,5959,0,0,0,1.0,1,1.0,1,1.0,1,0.2177794356387776,48
5118,2,10032,4072,5960,0,0,0,1.0,1,1.0,1,1.0,1,0.23626464838698422,49
5119,8,10040,4074,5966,0,0,0,1.0,1,1.0,1,1.0,1,0.21375873980445312,49
5120,0,10040,4074,5966,0,0,0,1.0,1,1.0,1,1.0,1,0.2344081578872384,48
5121,1,10041,4075,5966,0,0,0,1.0,1,1.0,1,1.0,1,0.22801143611192407,48
5122,0,10041,4075,5966,0,0,0,1.0,1,1.0,1,1.0,1,0.2456434303210171,46
5123,1,10042,4075,5967,0,0,0,1.0,1,1.0,1,1.0,1,0.23034838884366388,46
5124,1,10043,4075,5968,0,0,0,1.0,1,1.0,1,1.0,1,0.23354740040429017,47
5125,3,10046,4076,5970,0,0,0,1.0,1,1.0,1,1.0,1,0.2055964706307592,49
5126,1,10047,4076,5971,0,0,0,1.0,1,1.0,1,1.0,1,0.179751678296559,49
5127,2,10049,4077,5972,0,0,0,1.0,1,1.0,1,1.0,1,0.17598930173925928,51
5128,3,10052,4078,5974,0,0,0,1.0,1,1.0,1,1.0,1,0.18785986217887052,53
5129,5,10057,4079,5978,0,0,0,1.0,1,1.0,1,1.0,1,0.1813122241131686,55
5130,2,10059,4079,5980,0,0,0,1.0,1,1.0,1,1.0,1,0.18230893654470298,55
5131,1,10060,4079,5981,0,0,0,1.0,1,1.0,1,1.0,1,0.17062754271696964,55
5132,0,10060,4079,5981,0,0,0,1.0,1,1.0,1,1.0,1,0.17062754271696964,55
5133,0,10060,4079,5981,0,0,0,1.0,1,1.0,1,1.0,1,0.17590662306872848,56
5134,0,10060,4079,5981,0,0,0,1.0,1,1.0,1,1.0,1,0.20513304407322228,56
5135,2,10062,4081,5981,0,0,0,1.0,1,1.0,1,1.0,1,0.21594238119422443,56
5136,0,10062,4081,5981,0,0,0,1.0,1,1.0,1,1.0,1,0.2269382413679778,55
5137,3,10065,4082,5983,0,0,0,1.0,1,1.0,1,1.0,1,0.208336665912365,55
5138,0,10065,4082,5983,0,0,0,1.0,1,1.0,1,1.0,1,0.21775875780271944,54
5139,4,10069,4085,5984,0,0,0,1.0,1,1.0,1,1.0,1,0.19165226332684282,54
5140,1,10070,4086,5984,0,0,0,1.0,1,1.0,1,1.0,1,0.21020507077293735,54
5141,3,10073,4089,5984,0,0,0,1.0,1,1.0,1,1.0,1,0.22379291447538258,53
5142,6,10079,4092,5987,0,0,0,1.0,1,1.0,1,1.0,1,0.27335006755946695,55
5143,3,10082,4095,5987,0,0,0,1.0,1,1.0,1,1.0,1,0.21354910607931332,54
5144,3,10085,4098,5987,0,0,0,1.0,1,1.0,1,1.0,1,0.24421335772595276,50
5145,3,10088,4099,5989,0,0,0,1.0,1,1.0,1,1.0,1,0.23948110872937528,51
5146,2,10090,4100,5990,0,0,0,1.0,1,1.0,1,1.0,1,0.19769706314475016,48
5147,2,10092,4100,5992,0,0,0,1.0,1,1.0,1,1.0,1,0.19074034858808764,49
5148,1,10093,4101,5992,0,0,0,1.0,1,1.0,1,1.0,1,0.17876429521170778,47
5149,1,10094,4102,5992,0,0,0,1.0,1,1.0,1,1.0,1,0.21612441270235194,46
5150,5,10099,4107,5992,0,0,0,1.0,1,1.0,1,1.0,1,0.2526791580094902,46
5151,0,10099,4107,5992,0,0,0,1.0,1,1.0,1,1.0,1,0.22796072631459205,45
5152,3,10102,4110,5992,0,0,0,1.0,1,1.0,1,1.0,1,0.30162141975223816,45
5153,5,10107,4112,5995,0,0,0,1.0,1,1.0,1,1.0,1,0.23861678378686033,45
5154,3,10110,4113,5997,0,0,0,1.0,1,1.0,1,1.0,1,0.23602586245870086,45
5155,0,10110,4113,5997,0,0,0,1.0,1,1.0,1,1.0,1,0.2143871930062128,44
5156,2,10112,4114,5998,0,0,0,1.0,1,1.0,1,1.0,1,0.22077659045849096,44
5157,1,10113,4115,5998,0,0,0,1.0,1,1.0,1,1.0,1,0.20623742547573276,42
5158,2,10115,4116,5999,0,0,0,1.0,1,1.0,1,1.0,1,0.1925508028711699,43
5159,0,10115,4116,5999,0,0,0,1.0,1,1.0,1,1.0,1,0.23125462798516924,43
5160,1,10116,4116,6000,0,0,0,1.0,1,1.0,1,1.0,1,0.2202518835926023,43
5161,0,10116,4116,6000,0,0,0,1.0,1,1.0,1,1.0,1,0.2202518835926023,43
5162,0,10116,4116,6000,0,0,0,1.0,1,1.0,1,1.0,1,0.2178346236126048,44
5163,2,10118,4116,6002,0,0,0,1.0,1,1.0,1,1.0,1,0.20541161555838902,46
5164,1,10119,4116,6003,0,0,0,1.0,1,1.0,1,1.0,1,0.19404312943998445,46
5165,0,10119,4116,6003,0,0,0,1.0,1,1.0,1,1.0,1,0.19404312943998445,46
5166,5,10124,4119,6005,0,0,0,1.0,1,1.0,1,1.0,1,0.1665054624982477,47
5167,0,10124,4119,6005,0,0,0,1.0,1,1.0,1,1.0,1,0.1665054624982477,47
5168,4,10128,4121,6007,0,0,0,1.0,1,1.0,1,1.0,1,0.1980782482114694,47
5169,1,10129,4122,6007,0,0,0,1.0,1,1.0,1,1.0,1,0.20472974258689222,47
5170,1,10130,4123,6007,0,0,0,1.0,1,1.0,1,1.0,1,0.21604725464656863,48
5171,1,10131,4124,6007,0,0,0,1.0,1,1.0,1,1.0,1,0.2429827764737785,48
5172,0,10131,4124,6007,0,0,0,1.0,1,1.0,1,1.0,1,0.21307023983017329,49
5173,0,10131,4124,6007,0,0,0,1.0,1,1.0,1,1.0,1,0.21771225743992997,49
5174,3,10134,4124,6010,0,0,0,1.0,1,1.0,1,1.0,1,0.20621946112005157,52
5175,2,10136,4124,6012,0,0,0,1.0,1,1.0,1,1.0,1,0.20461022855248567,53
5176,4,10140,4124,6016,0,0,0,1.0,1,1.0,1,1.0,1,0.1564781826417771,54
5177,2,10142,4126,6016,0,0,0,1.0,1,1.0,1,1.0,1,0.1853914922279385,54
5178,5,10147,4128,6019,0,0,0,1.0,1,1.0,1,1.0,1,0.17696098818534856,55
5179,0,10147,4128,6019,0,0,0,1.0,1,1.0,1,1.0,1,0.17009559195824397,53
5180,0,10147,4128,6019,0,0,0,1.0,1,1.0,1,1.0,1,0.17833276736973896,52
5181,1,10148,4129,6019,0,0,0,1.0,1,1.0,1,1.0,1,0.1721630552071693,52
5182,0,10148,4129,6019,0,0,0,1.0,1,1.0,1,1.0,1,0.1721630552071693,52
5183,3,10151,4132,6019,0,0,0,1.0,1,1.0,1,1.0,1,0.17744667066100114,52
5184,1,10152,4133,6019,0,0,0,1.0,1,1.0,1,1.0,1,0.17863113432458785,52
5185,6,10158,4136,6022,0,0,0,1.0,1,1.0,1,1.0,1,0.22237262634037686,50
5186,2,10160,4138,6022,0,0,0,1.0,1,1.0,1,1.0,1,0.28714526897046266,48
5187,2,10162,4138,6024,0,0,0,1.0,1,1.0,1,1.0,1,0.26365475239697944,46
5188,0,10162,4138,6024,0,0,0,1.0,1,1.0,1,1.0,1,0.2597010494600092,44
5189,1,10163,4138,6025,0,0,0,1.0,1,1.0,1,1.0,1,0.25540596934302395,44
5190,1,10164,4139,6025,0,0,0,1.0,1,1.0,1,1.0,1,0.2914079537691996,45
5191,3,10167,4139,6028,0,0,0,1.0,1,1.0,1,1.0,1,0.22984797440079965,45
5192,0,10167,4139,6028,0,0,0,1.0,1,1.0,1,1.0,1,0.22984797440079965,45
5193,1,10168,4139,6029,0,0,0,1.0,1,1.0,1,1.0,1,0.1981380228839517,45
5194,0,10168,4139,6029,0,0,0,1.0,1,1.0,1,1.0,1,0.19131657672195326,45
5195,1,10169,4140,6029,0,0,0,1.0,1,1.0,1,1.0,1,0.1912816304499453,46
5196,1,10170,4140,6030,0,0,0,1.0,1,1.0,1,1.0,1,0.17843879790211317,46
5197,1,10171,4141,6030,0,0,0,1.0,1,1.0,1,1.0,1,0.19577769482318896,46
5198,1,10172,4141,6031,0,0,0,1.0,1,1.0,1,1.0,1,0.16893871241461167,47
5199,1,10173,4142,6031,0,0,0,1.0,1,1.0,1,1.0,1,0.1930411611860219,49
5200,1,10174,4143,6031,0,0,0,1.0,1,1.0,1,1.0,1,0.2139769948334605,49
5201,3,10177,4145,6032,0,0,0,1.0,1,1.0,1,1.0,1,0.19970769197010269,50
5202,2,10179,4145,6034,0,0,0,1.0,1,1.0,1,1.0,1,0.16593921791644695,52
5203,1,10180,4145,6035,0,0,0,1.0,1,1.0,1,1.0,1,0.1560656108746008,52
5204,0,10180,4145,6035,0,0,0,1.0,1,1.0,1,1.0,1,0.14818120121317344,54
5205,0,10180,4145,6035,0,0,0,1.0,1,1.0,1,1.0,1,0.14818120121317344,54
5206,2,10182,4145,6037,0,0,0,1.0,1,1.0,1,1.0,1,0.1405262362622593,55
5207,0,10182,4145,6037,0,0,0,1.0,1,1.0,1,1.0,1,0.14697075562768247,54
5208,0,10182,4145,6037,0,0,0,1.0,1,1.0,1,1.0,1,0.14697075562768247,54
5209,0,10182,4145,6037,0,0,0,1.0,1,1.0,1,1.0,1,0.14697075562768247,54
5210,1,10183,4145,6038,0,0,0,1.0,1,1.0,1,1.0,1,0.133241651614683,54
5211,1,10184,4146,6038,0,0,0,1.0,1,1.0,1,1.0,1,0.1495730617630743,56
5212,1,10185,4146,6039,0,0,0,1.0,1,1.0,1,1.0,1,0.12845591806398027,57
5213,3,10188,4149,6039,0,0,0,1.0,1,1.0,1,1.0,1,0.16511691113958812,57
5214,3,10191,4151,6040,0,0,0,1.0,1,1.0,1,1.0,1,0.19847097766099295,58
5215,3,10194,4151,6043,0,0,0,1.0,1,1.0,1,1.0,1,0.19710645589277767,57
5216,1,10195,4151,6044,0,0,0,1.0,1,1.0,1,1.0,1,0.19526779719005086,57
5217,1,10196,4152,6044,0,0,0,1.0,1,1.0,1,1.0,1,0.16462006099154067,56
5218,2,10198,4154,6044,0,0,0,1.0,1,1.0,1,1.0,1,0.1937210768271654,56
5219,0,10198,4154,6044,0,0,0,1.0,1,1.0,1,1.0,1,0.21706879553146044,54
5220,2,10200,4156,6044,0,0,0,1.0,1,1.0,1,1.0,1,0.24643506000054036,53
5221,5,10205,4156,6049,0,0,0,1.0,1,1.0,1,1.0,1,0.1766207884072879,52
5222,1,10206,4156,6050,0,0,0,1.0,1,1.0,1,1.0,1,0.18067031058838037,52
5223,2,10208,4157,6051,0,0,0,1.0,1,1.0,1,1.0,1,0.16333318680394943,52
5224,2,10210,4159,6051,0,0,0,1.0,1,1.0,1,1.0,1,0.1735239211778261,52
5225,0,10210,4159,6051,0,0,0,1.0,1,1.0,1,1.0,1,0.1866210692007817,50
5226,2,10212,4161,6051,0,0,0,1.0,1,1.0,1,1.0,1,0.20191908217811014,51
5227,3,10215,4164,6051,0,0,0,1.0,1,1.0,1,1.0,1,0.23474592274168837,49
5228,1,10216,4164,6052,0,0,0,1.0,1,1.0,1,1.0,1,0.23490420208276117,48
5229,1,10217,4165,6052,0,0,0,1.0,1,1.0,1,1.0,1,0.19438627693332636,49
5230,0,10217,4165,6052,0,0,0,1.0,1,1.0,1,1.0,1,0.19438627693332636,49
5231,2,10219,4166,6053,0,0,0,1.0,1,1.0,1,1.0,1,0.17948819432751653,49
5232,2,10221,4167,6054,0,0,0,1.0,1,1.0,1,1.0,1,0.15795859669646317,51
5233,1,10222,4168,6054,0,0,0,1.0,1,1.0,1,1.0,1,0.20176376652170622,51
5234,4,10226,4171,6055,0,0,0,1.0,1,1.0,1,1.0,1,0.2048268552852404,52
5235,3,10229,4171,6058,0,0,0,1.0,1,1.0,1,1.0,1,0.17180206955605165,52
5236,4,10233,4172,6061,0,0,0,1.0,1,1.0,1,1.0,1,0.1180368207343327,52
5237,2,10235,4173,6062,0,0,0,1.0,1,1.0,1,1.0,1,0.14695731327570663,53
5238,0,10235,4173,6062,0,0,0,1.0,1,1.0,1,1.0,1,0.14695731327570663,53
5239,0,10235,4173,6062,0,0,0,1.0,1,1.0,1,1.0,1,0.14695731327570663,53
5240,2,10237,4174,6063,0,0,0,1.0,1,1.0,1,1.0,1,0.1613043966792551,55
5241,0,10237,4174,6063,0,0,0,1.0,1,1.0,1,1.0,1,0.15943606053717732,56
5242,2,10239,4176,6063,0,0,0,1.0,1,1.0,1,1.0,1,0.20378267233231148,54
5243,4,10243,4177,6066,0,0,0,1.0,1,1.0,1,1.0,1,0.19425467577672026,55
5244,2,10245,4177,6068,0,0,0,1.0,1,1.0,1,1.0,1,0.2040252675861835,55
5245,1,10246,4178,6068,0,0,0,1.0,1,1.0,1,1.0,1,0.2137322991584146,55
5246,7,10253,4180,6073,0,0,0,1.0,1,1.0,1,1.0,1,0.2708602580885701,55
5247,6,10259,4181,6078,0,0,0,1.0,1,1.0,1,1.0,1,0.2912395040153345,54
5248,7,10266,4182,6084,0,0,0,1.0,1,1.0,1,1.0,1,0.30424270826410066,53
5249,2,10268,4183,6085,0,0,0,1.0,1,1.0,1,1.0,1,0.30179151944195753,55
5250,4,10272,4185,6087,0,0,0,1.0,1,1.0,1,1.0,1,0.27870436754556627,55
5251,5,10277,4186,6091,0,0,0,1.0,1,1.0,1,1.0,1,0.19785381036967759,57
5252,2,10279,4186,6093,0,0,0,1.0,1,1.0,1,1.0,1,0.1850052849753104,58
5253,2,10281,4186,6095,0,0,0,1.0,1,1.0,1,1.0,1,0.17739220107180073,59
5254,2,10283,4187,6096,0,0,0,1.0,1,1.0,1,1.0,1,0.1806362231249727,59
5255,1,10284,4187,6097,0,0,0,1.0,1,1.0,1,1.0,1,0.15922436765272974,58
5256,3,10287,4189,6098,0,0,0,1.0,1,1.0,1,1.0,1,0.17927768246644804,59
5257,0,10287,4189,6098,0,0,0,1.0,1,1.0,1,1.0,1,0.16559943606233565,58
5258,0,10287,4189,6098,0,0,0,1.0,1,1.0,1,1.0,1,0.1687661129867377,56
5259,0,10287,4189,6098,0,0,0,1.0,1,1.0,1,1.0,1,0.1692947227323048,56
5260,0,10287,4189,6098,0,0,0,1.0,1,1.0,1,1.0,1,0.162538015866713,55
5261,3,10290,4190,6100,0,0,0,1.0,1,1.0,1,1.0,1,0.14941662842790965,54
5262,1,10291,4191,6100,0,0,0,1.0,1,1.0,1,1.0,1,0.1647197588632463,54
5263,3,10294,4193,6101,0,0,0,1.0,1,1.0,1,1.0,1,0.17675154741186921,53
5264,1,10295,4194,6101,0,0,0,1.0,1,1.0,1,1.0,1,0.1701571445254256,51
5265,3,10298,4196,6102,0,0,0,1.0,1,1.0,1,1.0,1,0.16913902992502916,50
5266,4,10302,4200,6102,0,0,0,1.0,1,1.0,1,1.0,1,0.18272643377493974,49
5267,2,10304,4202,6102,0,0,0,1.0,1,1.0,1,1.0,1,0.21908714478259705,48
5268,1,10305,4203,6102,0,0,0,1.0,1,1.0,1,1.0,1,0.20903096949438668,47
5269,2,10307,4204,6103,0,0,0,1.0,1,1.0,1,1.0,1,0.23935957750254158,45
5270,0,10307,4204,6103,0,0,0,1.0,1,1.0,1,1.0,1,0.253711034291445,47
5271,1,10308,4205,6103,0,0,0,1.0,1,1.0,1,1.0,1,0.2401231531565087,45
5272,6,10314,4210,6104,0,0,0,1.0,1,1.0,1,1.0,1,0.31083203435868956,46
5273,1,10315,4211,6104,0,0,0,1.0,1,1.0,1,1.0,1,0.3522596777894521,44
5274,1,10316,4212,6104,0,0,0,1.0,1,1.0,1,1.0,1,0.3704129117737435,44
5275,5,10321,4213,6108,0,0,0,1.0,1,1.0,1,1.0,1,0.3540767298402464,46
5276,3,10324,4214,6110,0,0,0,1.0,1,1.0,1,1.0,1,0.32441940741447106,46
5277,0,10324,4214,6110,0,0,0,1.0,1,1.0,1,1.0,1,0.32441940741447106,46
5278,4,10328,4218,6110,0,0,0,1.0,1,1.0,1,1.0,1,0.3611975522354975,46
5279,3,10331,4218,6113,0,0,0,1.0,1,1.0,1,1.0,1,0.2833886430127936,47
5280,2,10333,4219,6114,0,0,0,1.0,1,1.0,1,1.0,1,0.2795614851738034,47
5281,3,10336,4219,6117,0,0,0,1.0,1,1.0,1,1.0,1,0.2549901706328545,48
5282,2,10338,4220,6118,0,0,0,1.0,1,1.0,1,1.0,1,0.24223832513506133,48
5283,2,10340,4221,6119,0,0,0,1.0,1,1.0,1,1.0,1,0.26241135993057696,49
5284,0,10340,4221,6119,0,0,0,1.0,1,1.0,1,1.0,1,0.26241135993057696,49
5285,0,10340,4221,6119,0,0,0,1.0,1,1.0,1,1.0,1,0.25022034649339125,50
5286,4,10344,4221,6123,0,0,0,1.0,1,1.0,1,1.0,1,0.1918916495419959,51
5287,1,10345,4221,6124,0,0,0,1.0,1,1.0,1,1.0,1,0.15786005463047548,51
5288,1,10346,4221,6125,0,0,0,1.0,1,1.0,1,1.0,1,0.1500874307453237,51
5289,0,10346,4221,6125,0,0,0,1.0,1,1.0,1,1.0,1,0.15188303247032744,53
5290,2,10348,4221,6127,0,0,0,1.0,1,1.0,1,1.0,1,0.11884170340577416,53
5291,1,10349,4222,6127,0,0,0,1.0,1,1.0,1,1.0,1,0.13703227939408055,53
5292,1,10350,4223,6127,0,0,0,1.0,1,1.0,1,1.0,1,0.14812243381222456,53
5293,2,10352,4225,6127,0,0,0,1.0,1,1.0,1,1.0,1,0.2265829192999942,53
5294,2,10354,4226,6128,0,0,0,1.0,1,1.0,1,1.0,1,0.2391335653030886,54
5295,2,10356,4228,6128,0,0,0,1.0,1,1.0,1,1.0,1,0.274798280569974,52
5296,0,10356,4228,6128,0,0,0,1.0,1,1.0,1,1.0,1,0.2689343731681767,49
5297,2,10358,4229,6129,0,0,0,1.0,1,1.0,1,1.0,1,0.28853849563925377,49
5298,1,10359,4229,6130,0,0,0,1.0,1,1.0,1,1.0,1,0.2658359544133952,49
5299,2,10361,4231,6130,0,0,0,1.0,1,1.0,1,1.0,1,0.241695217839778,50
5300,0,10361,4231,6130,0,0,0,1.0,1,1.0,1,1.0,1,0.24935415544792186,48
5301,3,10364,4233,6131,0,0,0,1.0,1,1.0,1,1.0,1,0.2646800837702819,46
5302,1,10365,4234,6131,0,0,0,1.0,1,1.0,1,1.0,1,0.27771560083887686,47
5303,3,10368,4236,6132,0,0,0,1.0,1,1.0,1,1.0,1,0.28851456414744014,46
5304,1,10369,4237,6132,0,0,0,1.0,1,1.0,1,1.0,1,0.3352814921212547,45
5305,0,10369,4237,6132,0,0,0,1.0,1,1.0,1,1.0,1,0.33157745524208,44
5306,3,10372,4240,6132,0,0,0,1.0,1,1.0,1,1.0,1,0.3981776082234896,42
5307,3,10375,4242,6133,0,0,0,1.0,1,1.0,1,1.0,1,0.40668138150488237,42
5308,2,10377,4243,6134,0,0,0,1.0,1,1.0,1,1.0,1,0.4071370825902799,43
5309,1,10378,4244,6134,0,0,0,1.0,1,1.0,1,1.0,1,0.41318459205970204,41
5310,0,10378,4244,6134,0,0,0,1.0,1,1.0,1,1.0,1,0.4159527689642656,41
5311,5,10383,4246,6137,0,0,0,1.0,1,1.0,1,1.0,1,0.3015785698682946,42
5312,0,10383,4246,6137,0,0,0,1.0,1,1.0,1,1.0,1,0.31818046604814476,43
5313,0,10383,4246,6137,0,0,0,1.0,1,1.0,1,1.0,1,0.3200607231982946,44
5314,1,10384,4246,6138,0,0,0,1.0,1,1.0,1,1.0,1,0.2924197939511495,44
5315,3,10387,4247,6140,0,0,0,1.0,1,1.0,1,1.0,1,0.2984493723614675,45
5316,3,10390,4247,6143,0,0,0,1.0,1,1.0,1,1.0,1,0.2655694886621649,46
5317,2,10392,4247,6145,0,0,0,1.0,1,1.0,1,1.0,1,0.2647633658918028,46
5318,0,10392,4247,6145,0,0,0,1.0,1,1.0,1,1.0,1,0.2647633658918028,46
5319,0,10392,4247,6145,0,0,0,1.0,1,1.0,1,1.0,1,0.27698085547050144,47
5320,2,10394,4248,6146,0,0,0,1.0,1,1.0,1,1.0,1,0.261071948409712,48
5321,2,10396,4248,6148,0,0,0,1.0,1,1.0,1,1.0,1,0.23300533152462077,49
5322,0,10396,4248,6148,0,0,0,1.0,1,1.0,1,1.0,1,0.23300533152462077,49
5323,2,10398,4248,6150,0,0,0,1.0,1,1.0,1,1.0,1,0.2291572642553564,51
5324,0,10398,4248,6150,0,0,0,1.0,1,1.0,1,1.0,1,0.22490297681578392,53
5325,2,10400,4249,6151,0,0,0,1.0,1,1.0,1,1.0,1,0.21007090166490855,53
5326,3,10403,4250,6153,0,0,0,1.0,1,1.0,1,1.0,1,0.2107301971364925,53
5327,1,10404,4250,6154,0,0,0,1.0,1,1.0,1,1.0,1,0.22265346918093343,53
5328,1,10405,4250,6155,0,0,0,1.0,1,1.0,1,1.0,1,0.20690320359125364,54
5329,3,10408,4252,6156,0,0,0,1.0,1,1.0,1,1.0,1,0.24139904988797928,53
5330,4,10412,4254,6158,0,0,0,1.0,1,1.0,1,1.0,1,0.25350533776434686,52
5331,2,10414,4255,6159,0,0,0,1.0,1,1.0,1,1.0,1,0.2717813599594543,51
5332,0,10414,4255,6159,0,0,0,1.0,1,1.0,1,1.0,1,0.2832555466965878,52
5333,1,10415,4256,6159,0,0,0,1.0,1,1.0,1,1.0,1,0.30742353443727416,53
5334,4,10419,4257,6162,0,0,0,1.0,1,1.0,1,1.0,1,0.32156543080795236,54
5335,4,10423,4257,6166,0,0,0,1.0,1,1.0,1,1.0,1,0.30827634141774524,55
5336,0,10423,4257,6166,0,0,0,1.0,1,1.0,1,1.0,1,0.3109586700180436,54
5337,1,10424,4257,6167,0,0,0,1.0,1,1.0,1,1.0,1,0.3013604276566058,55
5338,0,10424,4257,6167,0,0,0,1.0,1,1.0,1,1.0,1,0.3013604276566058,55
5339,0,10424,4257,6167,0,0,0,1.0,1,1.0,1,1.0,1,0.3013604276566058,55
5340,1,10425,4257,6168,0,0,0,1.0,1,1.0,1,1.0,1,0.3011324574136713,55
5341,4,10429,4258,6171,0,0,0,1.0,1,1.0,1,1.0,1,0.2850324259412681,54
5342,1,10430,4259,6171,0,0,0,1.0,1,1.0,1,1.0,1,0.28947175536874337,55
5343,1,10431,4260,6171,0,0,0,1.0,1,1.0,1,1.0,1,0.2917423748125446,54
5344,2,10433,4262,6171,0,0,0,1.0,1,1.0,1,1.0,1,0.32062187522554525,55
5345,1,10434,4262,6172,0,0,0,1.0,1,1.0,1,1.0,1,0.288073401836268,53
5346,5,10439,4265,6174,0,0,0,1.0,1,1.0,1,1.0,1,0.30093952598683127,53
5347,6,10445,4268,6177,0,0,0,1.0,1,1.0,1,1.0,1,0.3185051832497809,51
5348,2,10447,4269,6178,0,0,0,1.0,1,1.0,1,1.0,1,0.31483814183874165,53
5349,5,10452,4271,6181,0,0,0,1.0,1,1.0,1,1.0,1,0.27956458468686074,52
5350,2,10454,4272,6182,0,0,0,1.0,1,1.0,1,1.0,1,0.2986556491508581,50
5351,0,10454,4272,6182,0,0,0,1.0,1,1.0,1,1.0,1,0.296860453919946,52
5352,1,10455,4273,6182,0,0,0,1.0,1,1.0,1,1.0,1,0.3084648595165647,49
5353,1,10456,4273,6183,0,0,0,1.0,1,1.0,1,1.0,1,0.2817092890240261,49
5354,1,10457,4273,6184,0,0,0,1.0,1,1.0,1,1.0,1,0.23265578427485284,49
5355,1,10458,4273,6185,0,0,0,1.0,1,1.0,1,1.0,1,0.21768770898609727,48
5356,5,10463,4274,6189,0,0,0,1.0,1,1.0,1,1.0,1,0.1945275735119144,49
5357,0,10463,4274,6189,0,0,0,1.0,1,1.0,1,1.0,1,0.20066415772749654,47
5358,0,10463,4274,6189,0,0,0,1.0,1,1.0,1,1.0,1,0.20944680825017145,48
5359,0,10463,4274,6189,0,0,0,1.0,1,1.0,1,1.0,1,0.20944680825017145,48
5360,0,10463,4274,6189,0,0,0,1.0,1,1.0,1,1.0,1,0.20944680825017145,48
5361,2,10465,4274,6191,0,0,0,1.0,1,1.0,1,1.0,1,0.19505980097102504,50
5362,1,10466,4275,6191,0,0,0,1.0,1,1.0,1,1.0,1,0.1762920371813491,50
5363,1,10467,4276,6191,0,0,0,1.0,1,1.0,1,1.0,1,0.17498173876892673,50
5364,0,10467,4276,6191,0,0,0,1.0,1,1.0,1,1.0,1,0.17595925313942593,51
5365,1,10468,4277,6191,0,0,0,1.0,1,1.0,1,1.0,1,0.18627547562879723,52
5366,0,10468,4277,6191,0,0,0,1.0,1,1.0,1,1.0,1,0.18627547562879723,52
5367,1,10469,4278,6191,0,0,0,1.0,1,1.0,1,1.0,1,0.2043780504236984,54
5368,4,10473,4279,6194,0,0,0,1.0,1,1.0,1,1.0,1,0.22550758822450964,55
5369,2,10475,4281,6194,0,0,0,1.0,1,1.0,1,1.0,1,0.1983977939079279,53
5370,6,10481,4284,6197,0,0,0,1.0,1,1.0,1,1.0,1,0.24269570687616981,54
5371,4,10485,4286,6199,0,0,0,1.0,1,1.0,1,1.0,1,0.25957480426062346,53
5372,4,10489,4286,6203,0,0,0,1.0,1,1.0,1,1.0,1,0.23109905856736873,53
5373,1,10490,4286,6204,0,0,0,1.0,1,1.0,1,1.0,1,0.21849511913800415,52
5374,1,10491,4287,6204,0,0,0,1.0,1,1.0,1,1.0,1,0.22188743055530363,51
5375,1,10492,4287,6205,0,0,0,1.0,1,1.0,1,1.0,1,0.17867806190483987,52
5376,1,10493,4288,6205,0,0,0,1.0,1,1.0,1,1.0,1,0.20573212275435407,51
5377,0,10493,4288,6205,0,0,0,1.0,1,1.0,1,1.0,1,0.21850565755381118,52
5378,3,10496,4290,6206,0,0,0,1.0,1,1.0,1,1.0,1,0.26013085024017785,50
5379,0,10496,4290,6206,0,0,0,1.0,1,1.0,1,1.0,1,0.26013085024017785,50
5380,2,10498,4290,6208,0,0,0,1.0,1,1.0,1,1.0,1,0.28412258787555267,52
5381,0,10498,4290,6208,0,0,0,1.0,1,1.0,1,1.0,1,0.28412258787555267,52
5382,0,10498,4290,6208,0,0,0,1.0,1,1.0,1,1.0,1,0.2832847874619662,52
5383,2,10500,4290,6210,0,0,0,1.0,1,1.0,1,1.0,1,0.23700908767390896,51
5384,1,10501,4291,6210,0,0,0,1.0,1,1.0,1,1.0,1,0.236639391071428,52
5385,1,10502,4292,6210,0,0,0,1.0,1,1.0,1,1.0,1,0.27479860828825253,51
5386,7,10509,4294,6215,0,0,0,1.0,1,1.0,1,1.0,1,0.1819228573285172,52
5387,3,10512,4294,6218,0,0,0,1.0,1,1.0,1,1.0,1,0.12098012817179134,53
5388,0,10512,4294,6218,0,0,0,1.0,1,1.0,1,1.0,1,0.1225865459820654,54
5389,5,10517,4296,6221,0,0,0,1.0,1,1.0,1,1.0,1,0.08255253738414138,55
5390,3,10520,4297,6223,0,0,0,1.0,1,1.0,1,1.0,1,0.07278514343931429,56
5391,0,10520,4297,6223,0,0,0,1.0,1,1.0,1,1.0,1,0.07278514343931429,56
5392,2,10522,4299,6223,0,0,0,1.0,1,1.0,1,1.0,1,0.12882105753973416,56
5393,0,10522,4299,6223,0,0,0,1.0,1,1.0,1,1.0,1,0.13297103725798884,54
5394,1,10523,4300,6223,0,0,0,1.0,1,1.0,1,1.0,1,0.14768441730521947,53
5395,0,10523,4300,6223,0,0,0,1.0,1,1.0,1,1.0,1,0.15147024457989378,53
5396,0,10523,4300,6223,0,0,0,1.0,1,1.0,1,1.0,1,0.16202663371422413,54
5397,1,10524,4301,6223,0,0,0,1.0,1,1.0,1,1.0,1,0.1314268945239376,53
5398,2,10526,4302,6224,0,0,0,1.0,1,1.0,1,1.0,1,0.14619418208231014,53
5399,3,10529,4304,6225,0,0,0,1.0,1,1.0,1,1.0,1,0.19171228706657184,55
5400,4,10533,4305,6228,0,0,0,1.0,1,1.0,1,1.0,1,0.19969823253492994,55
5401,9,10542,4306,6236,0,0,0,1.0,1,1.0,1,1.0,1,0.08115038647890255,56
5402,0,10542,4306,6236,0,0,0,1.0,1,1.0,1,1.0,1,0.0,0
