,SuccessfulHandoverCount,TotalSuccessfulHandoverCount,TotalSuccessfulHandoverCountRange,TotalSuccessfulHandoverCountLoadBalancing,TotalSuccessfulHandoverCountOverload,FailedHandoverCount,TotalFailedHandoverCount,AvgQoS,MinQoS,AvgQoS_LoadBased,MinQoS_LoadBased,AvgQoS_RangeBased,MinQoS_RangeBased,GiniLoad,VehicleCount
0,0,0,0,0,0,0,0,1.0,1,1.0,1,1.0,1,0.0,0
1,16,16,0,16,0,0,0,1.0,1,1.0,1,1.0,1,0.2981687554246577,30
2,17,33,0,33,0,0,0,1.0,1,1.0,1,1.0,1,0.2838240682696022,32
3,8,41,0,41,0,0,0,1.0,1,1.0,1,1.0,1,0.24939211196566097,33
4,13,54,0,54,0,0,0,1.0,1,1.0,1,1.0,1,0.17969812735158372,34
5,7,61,0,61,0,0,0,1.0,1,1.0,1,1.0,1,0.20793872312937556,36
6,12,73,0,73,0,0,0,1.0,1,1.0,1,1.0,1,0.16463299057337258,38
7,14,87,0,87,0,0,0,1.0,1,1.0,1,1.0,1,0.18782266719559396,40
8,19,106,0,106,0,0,0,1.0,1,1.0,1,1.0,1,0.2574445048182198,40
9,11,117,0,117,0,0,0,1.0,1,1.0,1,1.0,1,0.2264047760485124,40
10,12,129,0,129,0,0,0,1.0,1,1.0,1,1.0,1,0.25818993540815505,41
11,13,142,0,142,0,0,0,1.0,1,1.0,1,1.0,1,0.22727147939557285,40
12,14,156,0,156,0,0,0,1.0,1,1.0,1,1.0,1,0.22211968578622224,39
13,18,174,2,172,0,0,0,1.0,1,1.0,1,1.0,1,0.3079056811869025,37
14,14,188,2,186,0,0,0,1.0,1,1.0,1,1.0,1,0.30239677762306433,35
15,12,200,2,198,0,0,0,1.0,1,1.0,1,1.0,1,0.2715539344402414,36
16,7,207,2,205,0,0,0,1.0,1,1.0,1,1.0,1,0.28950044004415426,34
17,8,215,2,213,0,0,0,1.0,1,1.0,1,1.0,1,0.29364296919779515,33
18,10,225,2,223,0,0,0,1.0,1,1.0,1,1.0,1,0.30771482890201957,34
19,9,234,3,231,0,0,0,1.0,1,1.0,1,1.0,1,0.32693027769816785,34
20,7,241,3,238,0,0,0,1.0,1,1.0,1,1.0,1,0.2931810484444566,34
21,3,244,3,241,0,0,0,1.0,1,1.0,1,1.0,1,0.2374704754908329,36
22,0,244,3,241,0,0,0,1.0,1,1.0,1,1.0,1,0.26077016122009666,35
23,1,245,3,242,0,0,0,1.0,1,1.0,1,1.0,1,0.23432901555362962,35
24,0,245,3,242,0,0,0,1.0,1,1.0,1,1.0,1,0.18080199286553475,35
25,4,249,5,244,0,0,0,1.0,1,1.0,1,1.0,1,0.21732499963659072,35
26,1,250,6,244,0,0,0,1.0,1,1.0,1,1.0,1,0.2279016169682133,36
27,0,250,6,244,0,0,0,1.0,1,1.0,1,1.0,1,0.19023799824739088,34
28,2,252,8,244,0,0,0,1.0,1,1.0,1,1.0,1,0.2793555869475061,35
29,2,254,9,245,0,0,0,1.0,1,1.0,1,1.0,1,0.20829328806001185,33
30,0,254,9,245,0,0,0,1.0,1,1.0,1,1.0,1,0.20829328806001185,33
31,2,256,11,245,0,0,0,1.0,1,1.0,1,1.0,1,0.31911867151830947,33
32,1,257,12,245,0,0,0,1.0,1,1.0,1,1.0,1,0.360466530365384,32
33,2,259,13,246,0,0,0,1.0,1,1.0,1,1.0,1,0.32706766800654996,33
34,4,263,14,249,0,0,0,1.0,1,1.0,1,1.0,1,0.3244978527791429,33
35,4,267,14,253,0,0,0,1.0,1,1.0,1,1.0,1,0.3210654859760446,35
36,1,268,14,254,0,0,0,1.0,1,1.0,1,1.0,1,0.32566324147633663,36
37,2,270,14,256,0,0,0,1.0,1,1.0,1,1.0,1,0.28299627862800414,37
38,0,270,14,256,0,0,0,1.0,1,1.0,1,1.0,1,0.29775103363431016,36
39,0,270,14,256,0,0,0,1.0,1,1.0,1,1.0,1,0.32593847074754745,38
40,1,271,15,256,0,0,0,1.0,1,1.0,1,1.0,1,0.33172300312388114,40
41,4,275,15,260,0,0,0,1.0,1,1.0,1,1.0,1,0.26060365072981706,40
42,3,278,18,260,0,0,0,1.0,1,1.0,1,1.0,1,0.2474221660861422,40
43,2,280,19,261,0,0,0,1.0,1,1.0,1,1.0,1,0.26694227393578757,43
44,0,280,19,261,0,0,0,1.0,1,1.0,1,1.0,1,0.26694227393578757,43
45,0,280,19,261,0,0,0,1.0,1,1.0,1,1.0,1,0.25404452251689424,44
46,0,280,19,261,0,0,0,1.0,1,1.0,1,1.0,1,0.25404452251689424,44
47,0,280,19,261,0,0,0,1.0,1,1.0,1,1.0,1,0.25404452251689424,44
48,0,280,19,261,0,0,0,1.0,1,1.0,1,1.0,1,0.25404452251689424,44
49,0,280,19,261,0,0,0,1.0,1,1.0,1,1.0,1,0.2452390349897372,41
50,1,281,20,261,0,0,0,1.0,1,1.0,1,1.0,1,0.2777268064632956,40
51,0,281,20,261,0,0,0,1.0,1,1.0,1,1.0,1,0.27149231804407914,38
52,1,282,21,261,0,0,0,1.0,1,1.0,1,1.0,1,0.3288751278481923,37
53,1,283,21,262,0,0,0,1.0,1,1.0,1,1.0,1,0.32722570764478387,38
54,2,285,21,264,0,0,0,1.0,1,1.0,1,1.0,1,0.314981522825002,38
55,2,287,22,265,0,0,0,1.0,1,1.0,1,1.0,1,0.3082468731613294,38
56,2,289,22,267,0,0,0,1.0,1,1.0,1,1.0,1,0.30731536606397053,38
57,1,290,23,267,0,0,0,1.0,1,1.0,1,1.0,1,0.2936676778790494,38
58,3,293,26,267,0,0,0,1.0,1,1.0,1,1.0,1,0.36075882794932496,38
59,0,293,26,267,0,0,0,1.0,1,1.0,1,1.0,1,0.35991933343582444,40
60,2,295,27,268,0,0,0,1.0,1,1.0,1,1.0,1,0.3375318677074621,40
61,1,296,27,269,0,0,0,1.0,1,1.0,1,1.0,1,0.3053215965148614,40
62,3,299,28,271,0,0,0,1.0,1,1.0,1,1.0,1,0.2935026226897657,42
63,2,301,29,272,0,0,0,1.0,1,1.0,1,1.0,1,0.27889161894050285,40
64,0,301,29,272,0,0,0,1.0,1,1.0,1,1.0,1,0.2720280644299145,41
65,1,302,30,272,0,0,0,1.0,1,1.0,1,1.0,1,0.30666799553879537,41
66,2,304,31,273,0,0,0,1.0,1,1.0,1,1.0,1,0.32679606868082234,41
67,1,305,31,274,0,0,0,1.0,1,1.0,1,1.0,1,0.3028533446477634,41
68,0,305,31,274,0,0,0,1.0,1,1.0,1,1.0,1,0.2901162914097608,41
69,3,308,32,276,0,0,0,1.0,1,1.0,1,1.0,1,0.26838712814850546,41
70,0,308,32,276,0,0,0,1.0,1,1.0,1,1.0,1,0.2832797977255664,42
71,3,311,34,277,0,0,0,1.0,1,1.0,1,1.0,1,0.2789316920808914,44
72,2,313,34,279,0,0,0,1.0,1,1.0,1,1.0,1,0.2500938548147393,44
73,0,313,34,279,0,0,0,1.0,1,1.0,1,1.0,1,0.27176042840951997,46
74,0,313,34,279,0,0,0,1.0,1,1.0,1,1.0,1,0.273641019207616,44
75,1,314,34,280,0,0,0,1.0,1,1.0,1,1.0,1,0.2671344198132913,44
76,2,316,35,281,0,0,0,1.0,1,1.0,1,1.0,1,0.28851748133639354,45
77,2,318,35,283,0,0,0,1.0,1,1.0,1,1.0,1,0.21191919433025913,44
78,1,319,36,283,0,0,0,1.0,1,1.0,1,1.0,1,0.24221255317295892,44
79,1,320,36,284,0,0,0,1.0,1,1.0,1,1.0,1,0.2577500337655839,43
80,1,321,37,284,0,0,0,1.0,1,1.0,1,1.0,1,0.24810339374439913,43
81,3,324,40,284,0,0,0,1.0,1,1.0,1,1.0,1,0.3129907871111041,44
82,2,326,41,285,0,0,0,1.0,1,1.0,1,1.0,1,0.26957528402792175,45
83,2,328,43,285,0,0,0,1.0,1,1.0,1,1.0,1,0.33063861938729566,45
84,2,330,43,287,0,0,0,1.0,1,1.0,1,1.0,1,0.3214933705630258,45
85,2,332,44,288,0,0,0,1.0,1,1.0,1,1.0,1,0.30544881385812217,45
86,1,333,44,289,0,0,0,1.0,1,1.0,1,1.0,1,0.26650700208780337,45
87,0,333,44,289,0,0,0,1.0,1,1.0,1,1.0,1,0.27341282671019523,44
88,0,333,44,289,0,0,0,1.0,1,1.0,1,1.0,1,0.2682291744583932,45
89,0,333,44,289,0,0,0,1.0,1,1.0,1,1.0,1,0.2811065523037273,46
90,0,333,44,289,0,0,0,1.0,1,1.0,1,1.0,1,0.3032453226239215,44
91,1,334,45,289,0,0,0,1.0,1,1.0,1,1.0,1,0.30092807003133726,45
92,1,335,45,290,0,0,0,1.0,1,1.0,1,1.0,1,0.2995890171231738,46
93,0,335,45,290,0,0,0,1.0,1,1.0,1,1.0,1,0.2995890171231738,46
94,0,335,45,290,0,0,0,1.0,1,1.0,1,1.0,1,0.2995890171231738,46
95,0,335,45,290,0,0,0,1.0,1,1.0,1,1.0,1,0.3155442844587727,46
96,2,337,46,291,0,0,0,1.0,1,1.0,1,1.0,1,0.31289767166862714,46
97,1,338,46,292,0,0,0,1.0,1,1.0,1,1.0,1,0.30170318144732927,47
98,0,338,46,292,0,0,0,1.0,1,1.0,1,1.0,1,0.30170318144732927,47
99,0,338,46,292,0,0,0,1.0,1,1.0,1,1.0,1,0.314438727907937,46
100,2,340,47,293,0,0,0,1.0,1,1.0,1,1.0,1,0.3387951307572713,48
101,3,343,48,295,0,0,0,1.0,1,1.0,1,1.0,1,0.33732752527361215,49
102,2,345,50,295,0,0,0,1.0,1,1.0,1,1.0,1,0.3554683533320146,49
103,5,350,51,299,0,0,0,1.0,1,1.0,1,1.0,1,0.27217051234070494,48
104,5,355,53,302,0,0,0,1.0,1,1.0,1,1.0,1,0.2902427667748878,49
105,4,359,55,304,0,0,0,1.0,1,1.0,1,1.0,1,0.2756807217199873,48
106,2,361,56,305,0,0,0,1.0,1,1.0,1,1.0,1,0.264825796493586,48
107,1,362,56,306,0,0,0,1.0,1,1.0,1,1.0,1,0.23760604777843172,47
108,2,364,57,307,0,0,0,1.0,1,1.0,1,1.0,1,0.22637997122353895,47
109,3,367,59,308,0,0,0,1.0,1,1.0,1,1.0,1,0.2766989096693669,47
110,3,370,61,309,0,0,0,1.0,1,1.0,1,1.0,1,0.2712731888606378,47
111,4,374,63,311,0,0,0,1.0,1,1.0,1,1.0,1,0.2125055399304928,46
112,1,375,63,312,0,0,0,1.0,1,1.0,1,1.0,1,0.1885021754779545,46
113,2,377,65,312,0,0,0,1.0,1,1.0,1,1.0,1,0.1968086880771396,45
114,1,378,65,313,0,0,0,1.0,1,1.0,1,1.0,1,0.1917569392543541,46
115,7,385,66,319,0,0,0,1.0,1,1.0,1,1.0,1,0.18690047315586544,47
116,0,385,66,319,0,0,0,1.0,1,1.0,1,1.0,1,0.16232777939237314,48
117,4,389,69,320,0,0,0,1.0,1,1.0,1,1.0,1,0.1838381883264608,48
118,3,392,69,323,0,0,0,1.0,1,1.0,1,1.0,1,0.15926041875102168,49
119,1,393,70,323,0,0,0,1.0,1,1.0,1,1.0,1,0.17659158520500362,50
120,3,396,70,326,0,0,0,1.0,1,1.0,1,1.0,1,0.16796881994528104,51
121,1,397,70,327,0,0,0,1.0,1,1.0,1,1.0,1,0.14165385429194585,51
122,1,398,70,328,0,0,0,1.0,1,1.0,1,1.0,1,0.1256683098958288,51
123,0,398,70,328,0,0,0,1.0,1,1.0,1,1.0,1,0.1256683098958288,51
124,0,398,70,328,0,0,0,1.0,1,1.0,1,1.0,1,0.1256683098958288,51
125,0,398,70,328,0,0,0,1.0,1,1.0,1,1.0,1,0.17270808593018674,50
126,1,399,70,329,0,0,0,1.0,1,1.0,1,1.0,1,0.15338154814647978,52
127,1,400,71,329,0,0,0,1.0,1,1.0,1,1.0,1,0.1795528233986005,50
128,1,401,71,330,0,0,0,1.0,1,1.0,1,1.0,1,0.14568536432847706,50
129,0,401,71,330,0,0,0,1.0,1,1.0,1,1.0,1,0.17464387519016805,52
130,1,402,72,330,0,0,0,1.0,1,1.0,1,1.0,1,0.2045384264194662,52
131,1,403,72,331,0,0,0,1.0,1,1.0,1,1.0,1,0.1988999938938788,54
132,2,405,74,331,0,0,0,1.0,1,1.0,1,1.0,1,0.21090936883958597,54
133,0,405,74,331,0,0,0,1.0,1,1.0,1,1.0,1,0.22288396668355986,52
134,2,407,76,331,0,0,0,1.0,1,1.0,1,1.0,1,0.22815469307637354,52
135,4,411,80,331,0,0,0,1.0,1,1.0,1,1.0,1,0.268818778308295,51
136,3,414,81,333,0,0,0,1.0,1,1.0,1,1.0,1,0.2412910000463921,51
137,1,415,82,333,0,0,0,1.0,1,1.0,1,1.0,1,0.2383293725517468,50
138,2,417,83,334,0,0,0,1.0,1,1.0,1,1.0,1,0.2771206784615603,52
139,4,421,86,335,0,0,0,1.0,1,1.0,1,1.0,1,0.3132416574738503,51
140,3,424,88,336,0,0,0,1.0,1,1.0,1,1.0,1,0.3195748292601702,51
141,7,431,90,341,0,0,0,1.0,1,1.0,1,1.0,1,0.21039527120199794,50
142,4,435,93,342,0,0,0,1.0,1,1.0,1,1.0,1,0.23364878322834817,51
143,2,437,94,343,0,0,0,1.0,1,1.0,1,1.0,1,0.21529358472588148,48
144,2,439,95,344,0,0,0,1.0,1,1.0,1,1.0,1,0.2263820637317418,49
145,4,443,97,346,0,0,0,1.0,1,1.0,1,1.0,1,0.16653331848513675,47
146,2,445,99,346,0,0,0,1.0,1,1.0,1,1.0,1,0.2035194697498617,49
147,1,446,99,347,0,0,0,1.0,1,1.0,1,1.0,1,0.2292331163285357,46
148,1,447,100,347,0,0,0,1.0,1,1.0,1,1.0,1,0.19549169401356503,47
149,1,448,101,347,0,0,0,1.0,1,1.0,1,1.0,1,0.2025923845740005,46
150,1,449,102,347,0,0,0,1.0,1,1.0,1,1.0,1,0.20454802445698747,47
151,2,451,104,347,0,0,0,1.0,1,1.0,1,1.0,1,0.2353883121647108,46
152,1,452,104,348,0,0,0,1.0,1,1.0,1,1.0,1,0.2573034468122046,45
153,1,453,105,348,0,0,0,1.0,1,1.0,1,1.0,1,0.260628510357339,46
154,1,454,105,349,0,0,0,1.0,1,1.0,1,1.0,1,0.25760249631713344,44
155,3,457,107,350,0,0,0,1.0,1,1.0,1,1.0,1,0.28035028720283517,45
156,4,461,109,352,0,0,0,1.0,1,1.0,1,1.0,1,0.27576165130049624,43
157,0,461,109,352,0,0,0,1.0,1,1.0,1,1.0,1,0.28518479233179045,42
158,0,461,109,352,0,0,0,1.0,1,1.0,1,1.0,1,0.30255547886825473,43
159,1,462,110,352,0,0,0,1.0,1,1.0,1,1.0,1,0.32039336515198624,44
160,0,462,110,352,0,0,0,1.0,1,1.0,1,1.0,1,0.32911466660058136,44
161,10,472,113,359,0,0,0,1.0,1,1.0,1,1.0,1,0.25756762020852886,44
162,1,473,113,360,0,0,0,1.0,1,1.0,1,1.0,1,0.22739077095288246,44
163,11,484,119,365,0,0,0,1.0,1,1.0,1,1.0,1,0.31749107609384214,44
164,2,486,120,366,0,0,0,1.0,1,1.0,1,1.0,1,0.3348044876550945,44
165,3,489,121,368,0,0,0,1.0,1,1.0,1,1.0,1,0.3059884953592258,43
166,3,492,121,371,0,0,0,1.0,1,1.0,1,1.0,1,0.3025360813082477,43
167,0,492,121,371,0,0,0,1.0,1,1.0,1,1.0,1,0.31056734183415446,42
168,2,494,121,373,0,0,0,1.0,1,1.0,1,1.0,1,0.34079047827195946,40
169,1,495,121,374,0,0,0,1.0,1,1.0,1,1.0,1,0.32706166865806113,41
170,0,495,121,374,0,0,0,1.0,1,1.0,1,1.0,1,0.3260468718754093,39
171,3,498,123,375,0,0,0,1.0,1,1.0,1,1.0,1,0.2937375312205475,39
172,0,498,123,375,0,0,0,1.0,1,1.0,1,1.0,1,0.2877031132758658,38
173,5,503,126,377,0,0,0,1.0,1,1.0,1,1.0,1,0.22284155690285742,38
174,1,504,127,377,0,0,0,1.0,1,1.0,1,1.0,1,0.27485287481636245,37
175,1,505,128,377,0,0,0,1.0,1,1.0,1,1.0,1,0.2847479454227252,36
176,1,506,129,377,0,0,0,1.0,1,1.0,1,1.0,1,0.278519759768844,36
177,1,507,130,377,0,0,0,1.0,1,1.0,1,1.0,1,0.2715798909107773,38
178,1,508,131,377,0,0,0,1.0,1,1.0,1,1.0,1,0.29614590332799673,39
179,1,509,131,378,0,0,0,1.0,1,1.0,1,1.0,1,0.3210601782867938,40
180,0,509,131,378,0,0,0,1.0,1,1.0,1,1.0,1,0.3210601782867938,40
181,3,512,131,381,0,0,0,1.0,1,1.0,1,1.0,1,0.2974878963590198,39
182,2,514,133,381,0,0,0,1.0,1,1.0,1,1.0,1,0.2725578782864662,40
183,4,518,134,384,0,0,0,1.0,1,1.0,1,1.0,1,0.24715549797926054,40
184,1,519,135,384,0,0,0,1.0,1,1.0,1,1.0,1,0.278196364352067,38
185,1,520,136,384,0,0,0,1.0,1,1.0,1,1.0,1,0.30536571722769773,38
186,2,522,137,385,0,0,0,1.0,1,1.0,1,1.0,1,0.29346961535703187,37
187,1,523,138,385,0,0,0,1.0,1,1.0,1,1.0,1,0.29258908721066335,36
188,3,526,141,385,0,0,0,1.0,1,1.0,1,1.0,1,0.314807705180234,36
189,1,527,141,386,0,0,0,1.0,1,1.0,1,1.0,1,0.2940315708524607,36
190,1,528,142,386,0,0,0,1.0,1,1.0,1,1.0,1,0.3310371296828157,36
191,3,531,143,388,0,0,0,1.0,1,1.0,1,1.0,1,0.3350239583187588,37
192,2,533,144,389,0,0,0,1.0,1,1.0,1,1.0,1,0.3052880263845464,37
193,0,533,144,389,0,0,0,1.0,1,1.0,1,1.0,1,0.3038286654759527,38
194,0,533,144,389,0,0,0,1.0,1,1.0,1,1.0,1,0.3180001077848481,39
195,3,536,146,390,0,0,0,1.0,1,1.0,1,1.0,1,0.3205071745593561,40
196,1,537,147,390,0,0,0,1.0,1,1.0,1,1.0,1,0.2888684279555434,40
197,1,538,147,391,0,0,0,1.0,1,1.0,1,1.0,1,0.301462745564578,40
198,4,542,149,393,0,0,0,1.0,1,1.0,1,1.0,1,0.22660270637028398,40
199,1,543,150,393,0,0,0,1.0,1,1.0,1,1.0,1,0.2515206324489651,40
200,5,548,152,396,0,0,0,1.0,1,1.0,1,1.0,1,0.246507582117862,40
201,3,551,154,397,0,0,0,1.0,1,1.0,1,1.0,1,0.20204737343690118,39
202,1,552,154,398,0,0,0,1.0,1,1.0,1,1.0,1,0.1730431222001911,40
203,2,554,156,398,0,0,0,1.0,1,1.0,1,1.0,1,0.16490947507747303,39
204,0,554,156,398,0,0,0,1.0,1,1.0,1,1.0,1,0.14149832248170496,38
205,1,555,157,398,0,0,0,1.0,1,1.0,1,1.0,1,0.14379298998138063,37
206,0,555,157,398,0,0,0,1.0,1,1.0,1,1.0,1,0.13845752127117578,36
207,0,555,157,398,0,0,0,1.0,1,1.0,1,1.0,1,0.1514405768790331,37
208,0,555,157,398,0,0,0,1.0,1,1.0,1,1.0,1,0.1925948418792977,36
209,2,557,159,398,0,0,0,1.0,1,1.0,1,1.0,1,0.2356477033629493,36
210,2,559,160,399,0,0,0,1.0,1,1.0,1,1.0,1,0.24649105842900587,36
211,0,559,160,399,0,0,0,1.0,1,1.0,1,1.0,1,0.30283385153557885,34
212,2,561,161,400,0,0,0,1.0,1,1.0,1,1.0,1,0.311761800806424,34
213,1,562,162,400,0,0,0,1.0,1,1.0,1,1.0,1,0.37007266443543313,36
214,2,564,163,401,0,0,0,1.0,1,1.0,1,1.0,1,0.3176978499069847,35
215,1,565,164,401,0,0,0,1.0,1,1.0,1,1.0,1,0.31238812484459205,35
216,1,566,164,402,0,0,0,1.0,1,1.0,1,1.0,1,0.297217573354057,37
217,1,567,165,402,0,0,0,1.0,1,1.0,1,1.0,1,0.3211847800614924,37
218,3,570,168,402,0,0,0,1.0,1,1.0,1,1.0,1,0.307834827195721,37
219,1,571,169,402,0,0,0,1.0,1,1.0,1,1.0,1,0.34380985444245366,37
220,1,572,170,402,0,0,0,1.0,1,1.0,1,1.0,1,0.3705657829880447,38
221,6,578,172,406,0,0,0,1.0,1,1.0,1,1.0,1,0.24724580302871224,39
222,8,586,176,410,0,0,0,1.0,1,1.0,1,1.0,1,0.2067945499748277,39
223,2,588,177,411,0,0,0,1.0,1,1.0,1,1.0,1,0.22624097182258845,40
224,4,592,180,412,0,0,0,1.0,1,1.0,1,1.0,1,0.24194712776617883,40
225,1,593,181,412,0,0,0,1.0,1,1.0,1,1.0,1,0.2630726536307336,39
226,3,596,183,413,0,0,0,1.0,1,1.0,1,1.0,1,0.24049582356768295,39
227,2,598,184,414,0,0,0,1.0,1,1.0,1,1.0,1,0.21720548255066885,39
228,1,599,185,414,0,0,0,1.0,1,1.0,1,1.0,1,0.2134117491302987,38
229,2,601,185,416,0,0,0,1.0,1,1.0,1,1.0,1,0.18986325302768242,39
230,3,604,187,417,0,0,0,1.0,1,1.0,1,1.0,1,0.2076707701274429,38
231,4,608,190,418,0,0,0,1.0,1,1.0,1,1.0,1,0.22196944047963013,38
232,2,610,192,418,0,0,0,1.0,1,1.0,1,1.0,1,0.2719267275263071,37
233,0,610,192,418,0,0,0,1.0,1,1.0,1,1.0,1,0.2663676075494154,36
234,0,610,192,418,0,0,0,1.0,1,1.0,1,1.0,1,0.27308472567286407,34
235,2,612,194,418,0,0,0,1.0,1,1.0,1,1.0,1,0.33203065574863283,34
236,1,613,195,418,0,0,0,1.0,1,1.0,1,1.0,1,0.346138998038674,33
237,1,614,195,419,0,0,0,1.0,1,1.0,1,1.0,1,0.3491704934957628,32
238,1,615,196,419,0,0,0,1.0,1,1.0,1,1.0,1,0.36759793694953724,32
239,0,615,196,419,0,0,0,1.0,1,1.0,1,1.0,1,0.31579186139754467,31
240,0,615,196,419,0,0,0,1.0,1,1.0,1,1.0,1,0.3761450181269417,28
241,1,616,197,419,0,0,0,1.0,1,1.0,1,1.0,1,0.3827486278666406,27
242,0,616,197,419,0,0,0,1.0,1,1.0,1,1.0,1,0.37260741832914374,29
243,3,619,198,421,0,0,0,1.0,1,1.0,1,1.0,1,0.3318004556190207,28
244,1,620,199,421,0,0,0,1.0,1,1.0,1,1.0,1,0.33576327228968356,28
245,1,621,200,421,0,0,0,1.0,1,1.0,1,1.0,1,0.3253020214650674,27
246,3,624,202,422,0,0,0,1.0,1,1.0,1,1.0,1,0.28227635654907335,25
247,2,626,203,423,0,0,0,1.0,1,1.0,1,1.0,1,0.2568016307244288,26
248,1,627,203,424,0,0,0,1.0,1,1.0,1,1.0,1,0.2728289611771945,27
249,0,627,203,424,0,0,0,1.0,1,1.0,1,1.0,1,0.2572556410825645,26
250,2,629,203,426,0,0,0,1.0,1,1.0,1,1.0,1,0.2528927849862107,27
251,0,629,203,426,0,0,0,1.0,1,1.0,1,1.0,1,0.2697830115086473,28
252,1,630,204,426,0,0,0,1.0,1,1.0,1,1.0,1,0.27798611649012783,28
253,0,630,204,426,0,0,0,1.0,1,1.0,1,1.0,1,0.25699707480000145,28
254,0,630,204,426,0,0,0,1.0,1,1.0,1,1.0,1,0.2854789762484717,29
255,5,635,205,430,0,0,0,1.0,1,1.0,1,1.0,1,0.28336833177175796,30
256,0,635,205,430,0,0,0,1.0,1,1.0,1,1.0,1,0.28336833177175796,30
257,1,636,206,430,0,0,0,1.0,1,1.0,1,1.0,1,0.32990991294264777,32
258,2,638,208,430,0,0,0,1.0,1,1.0,1,1.0,1,0.33156413689475794,32
259,1,639,208,431,0,0,0,1.0,1,1.0,1,1.0,1,0.313910963149028,32
260,0,639,208,431,0,0,0,1.0,1,1.0,1,1.0,1,0.26934302290663703,34
261,1,640,208,432,0,0,0,1.0,1,1.0,1,1.0,1,0.27710798943643206,35
262,2,642,210,432,0,0,0,1.0,1,1.0,1,1.0,1,0.33551310057696815,36
263,0,642,210,432,0,0,0,1.0,1,1.0,1,1.0,1,0.3177534533580394,34
264,2,644,212,432,0,0,0,1.0,1,1.0,1,1.0,1,0.3705010114495719,34
265,0,644,212,432,0,0,0,1.0,1,1.0,1,1.0,1,0.40702813156838435,33
266,1,645,213,432,0,0,0,1.0,1,1.0,1,1.0,1,0.4286377051455202,34
267,0,645,213,432,0,0,0,1.0,1,1.0,1,1.0,1,0.42823966958672927,33
268,1,646,213,433,0,0,0,1.0,1,1.0,1,1.0,1,0.43529224894381985,34
269,4,650,215,435,0,0,0,1.0,1,1.0,1,1.0,1,0.372472649180983,34
270,0,650,215,435,0,0,0,1.0,1,1.0,1,1.0,1,0.3800808069113435,36
271,0,650,215,435,0,0,0,1.0,1,1.0,1,1.0,1,0.3800808069113435,36
272,0,650,215,435,0,0,0,1.0,1,1.0,1,1.0,1,0.39100864805125757,38
273,0,650,215,435,0,0,0,1.0,1,1.0,1,1.0,1,0.39100864805125757,38
274,1,651,216,435,0,0,0,1.0,1,1.0,1,1.0,1,0.4040369397206182,38
275,5,656,217,439,0,0,0,1.0,1,1.0,1,1.0,1,0.30666919285046457,38
276,1,657,217,440,0,0,0,1.0,1,1.0,1,1.0,1,0.3250732186444395,39
277,1,658,218,440,0,0,0,1.0,1,1.0,1,1.0,1,0.36463393532548316,38
278,0,658,218,440,0,0,0,1.0,1,1.0,1,1.0,1,0.3450746861583618,38
279,1,659,219,440,0,0,0,1.0,1,1.0,1,1.0,1,0.3532100949592917,38
280,0,659,219,440,0,0,0,1.0,1,1.0,1,1.0,1,0.3589989165868852,38
281,2,661,219,442,0,0,0,1.0,1,1.0,1,1.0,1,0.28495498227286864,38
282,0,661,219,442,0,0,0,1.0,1,1.0,1,1.0,1,0.2883298568321999,38
283,1,662,220,442,0,0,0,1.0,1,1.0,1,1.0,1,0.30632868526523377,38
284,0,662,220,442,0,0,0,1.0,1,1.0,1,1.0,1,0.3037332414996303,39
285,1,663,221,442,0,0,0,1.0,1,1.0,1,1.0,1,0.3402604900473552,39
286,0,663,221,442,0,0,0,1.0,1,1.0,1,1.0,1,0.3402604900473552,39
287,3,666,222,444,0,0,0,1.0,1,1.0,1,1.0,1,0.3852316958500823,39
288,1,667,222,445,0,0,0,1.0,1,1.0,1,1.0,1,0.33666238814981336,39
289,1,668,222,446,0,0,0,1.0,1,1.0,1,1.0,1,0.3283755164710836,39
290,0,668,222,446,0,0,0,1.0,1,1.0,1,1.0,1,0.3286246853181561,39
291,1,669,222,447,0,0,0,1.0,1,1.0,1,1.0,1,0.3066087741059738,39
292,2,671,222,449,0,0,0,1.0,1,1.0,1,1.0,1,0.31685263901879485,40
293,4,675,224,451,0,0,0,1.0,1,1.0,1,1.0,1,0.29416109508666743,41
294,4,679,225,454,0,0,0,1.0,1,1.0,1,1.0,1,0.287930953760467,40
295,4,683,226,457,0,0,0,1.0,1,1.0,1,1.0,1,0.28376715013689924,42
296,4,687,228,459,0,0,0,1.0,1,1.0,1,1.0,1,0.2905777473123339,42
297,10,697,228,469,0,0,0,1.0,1,1.0,1,1.0,1,0.22967419246947704,43
298,6,703,228,475,0,0,0,1.0,1,1.0,1,1.0,1,0.2181050334409803,44
299,4,707,228,479,0,0,0,1.0,1,1.0,1,1.0,1,0.2181050334409803,44
300,5,712,228,484,0,0,0,1.0,1,1.0,1,1.0,1,0.20507621797663458,45
301,4,716,229,487,0,0,0,1.0,1,1.0,1,1.0,1,0.1776696139279113,47
302,6,722,232,490,0,0,0,1.0,1,1.0,1,1.0,1,0.16446715903613068,46
303,2,724,233,491,0,0,0,1.0,1,1.0,1,1.0,1,0.17615419027221066,45
304,2,726,235,491,0,0,0,1.0,1,1.0,1,1.0,1,0.21582349017582547,45
305,0,726,235,491,0,0,0,1.0,1,1.0,1,1.0,1,0.2156037511787992,43
306,3,729,236,493,0,0,0,1.0,1,1.0,1,1.0,1,0.23946227313412993,44
307,1,730,236,494,0,0,0,1.0,1,1.0,1,1.0,1,0.24704322368363676,42
308,3,733,238,495,0,0,0,1.0,1,1.0,1,1.0,1,0.24964110655260566,41
309,2,735,238,497,0,0,0,1.0,1,1.0,1,1.0,1,0.25230923440487585,42
310,3,738,238,500,0,0,0,1.0,1,1.0,1,1.0,1,0.24739900505815804,41
311,1,739,238,501,0,0,0,1.0,1,1.0,1,1.0,1,0.24089881339910157,41
312,0,739,238,501,0,0,0,1.0,1,1.0,1,1.0,1,0.2305734152292752,44
313,0,739,238,501,0,0,0,1.0,1,1.0,1,1.0,1,0.23707275160124006,43
314,0,739,238,501,0,0,0,1.0,1,1.0,1,1.0,1,0.23707275160124006,43
315,0,739,238,501,0,0,0,1.0,1,1.0,1,1.0,1,0.21332747324804643,43
316,1,740,239,501,0,0,0,1.0,1,1.0,1,1.0,1,0.24243006116627425,43
317,0,740,239,501,0,0,0,1.0,1,1.0,1,1.0,1,0.2475598056555335,44
318,3,743,241,502,0,0,0,1.0,1,1.0,1,1.0,1,0.3199180358472656,45
319,2,745,241,504,0,0,0,1.0,1,1.0,1,1.0,1,0.3451005552933062,46
320,2,747,242,505,0,0,0,1.0,1,1.0,1,1.0,1,0.3299263663811669,45
321,4,751,242,509,0,0,0,1.0,1,1.0,1,1.0,1,0.23743222738185968,44
322,2,753,242,511,0,0,0,1.0,1,1.0,1,1.0,1,0.20627124271996714,42
323,2,755,243,512,0,0,0,1.0,1,1.0,1,1.0,1,0.19238913214195613,42
324,0,755,243,512,0,0,0,1.0,1,1.0,1,1.0,1,0.2037584495872854,43
325,4,759,245,514,0,0,0,1.0,1,1.0,1,1.0,1,0.21193737256827463,43
326,1,760,245,515,0,0,0,1.0,1,1.0,1,1.0,1,0.23407713327163965,43
327,4,764,247,517,0,0,0,1.0,1,1.0,1,1.0,1,0.24256069221866894,44
328,0,764,247,517,0,0,0,1.0,1,1.0,1,1.0,1,0.24256069221866894,44
329,0,764,247,517,0,0,0,1.0,1,1.0,1,1.0,1,0.22474761564027007,45
330,2,766,247,519,0,0,0,1.0,1,1.0,1,1.0,1,0.22899414487226963,46
331,2,768,247,521,0,0,0,1.0,1,1.0,1,1.0,1,0.22899414487226963,46
332,1,769,247,522,0,0,0,1.0,1,1.0,1,1.0,1,0.19378795478294733,47
333,1,770,247,523,0,0,0,1.0,1,1.0,1,1.0,1,0.21889196795532082,48
334,3,773,248,525,0,0,0,1.0,1,1.0,1,1.0,1,0.21578406469451616,48
335,3,776,249,527,0,0,0,1.0,1,1.0,1,1.0,1,0.16190022257867343,49
336,1,777,250,527,0,0,0,1.0,1,1.0,1,1.0,1,0.16668965565838156,50
337,0,777,250,527,0,0,0,1.0,1,1.0,1,1.0,1,0.18477327973020388,51
338,0,777,250,527,0,0,0,1.0,1,1.0,1,1.0,1,0.18477327973020388,51
339,1,778,251,527,0,0,0,1.0,1,1.0,1,1.0,1,0.19916951699064298,51
340,1,779,252,527,0,0,0,1.0,1,1.0,1,1.0,1,0.23594425627743415,51
341,2,781,252,529,0,0,0,1.0,1,1.0,1,1.0,1,0.21455332962385612,51
342,0,781,252,529,0,0,0,1.0,1,1.0,1,1.0,1,0.21455332962385612,51
343,0,781,252,529,0,0,0,1.0,1,1.0,1,1.0,1,0.22216022581637376,51
344,2,783,253,530,0,0,0,1.0,1,1.0,1,1.0,1,0.19054515198071018,50
345,0,783,253,530,0,0,0,1.0,1,1.0,1,1.0,1,0.19054515198071018,50
346,3,786,255,531,0,0,0,1.0,1,1.0,1,1.0,1,0.23979114433059276,50
347,1,787,255,532,0,0,0,1.0,1,1.0,1,1.0,1,0.241130274468271,51
348,2,789,257,532,0,0,0,1.0,1,1.0,1,1.0,1,0.271651239690763,52
349,2,791,259,532,0,0,0,1.0,1,1.0,1,1.0,1,0.29209259405249033,54
350,2,793,259,534,0,0,0,1.0,1,1.0,1,1.0,1,0.29901538981303666,54
351,3,796,261,535,0,0,0,1.0,1,1.0,1,1.0,1,0.2867108735531905,54
352,4,800,262,538,0,0,0,1.0,1,1.0,1,1.0,1,0.2709000059831481,56
353,3,803,264,539,0,0,0,1.0,1,1.0,1,1.0,1,0.19316113915433536,54
354,1,804,264,540,0,0,0,1.0,1,1.0,1,1.0,1,0.16967757772411948,53
355,3,807,267,540,0,0,0,1.0,1,1.0,1,1.0,1,0.17262581231178453,54
356,2,809,268,541,0,0,0,1.0,1,1.0,1,1.0,1,0.19446196916317923,54
357,6,815,272,543,0,0,0,1.0,1,1.0,1,1.0,1,0.19654603987651154,53
358,0,815,272,543,0,0,0,1.0,1,1.0,1,1.0,1,0.24228450569855778,49
359,0,815,272,543,0,0,0,1.0,1,1.0,1,1.0,1,0.2326304530545314,48
360,0,815,272,543,0,0,0,1.0,1,1.0,1,1.0,1,0.25058028424645107,47
361,1,816,272,544,0,0,0,1.0,1,1.0,1,1.0,1,0.20665256043613,46
362,0,816,272,544,0,0,0,1.0,1,1.0,1,1.0,1,0.20910793236741548,46
363,2,818,272,546,0,0,0,1.0,1,1.0,1,1.0,1,0.19619373596676326,47
364,0,818,272,546,0,0,0,1.0,1,1.0,1,1.0,1,0.19619373596676326,47
365,1,819,273,546,0,0,0,1.0,1,1.0,1,1.0,1,0.23008201995070196,47
366,4,823,274,549,0,0,0,1.0,1,1.0,1,1.0,1,0.25112642071108654,50
367,1,824,274,550,0,0,0,1.0,1,1.0,1,1.0,1,0.24437115408400564,50
368,0,824,274,550,0,0,0,1.0,1,1.0,1,1.0,1,0.2225657896671168,51
369,0,824,274,550,0,0,0,1.0,1,1.0,1,1.0,1,0.24860531097957864,51
370,0,824,274,550,0,0,0,1.0,1,1.0,1,1.0,1,0.24860531097957864,51
371,2,826,275,551,0,0,0,1.0,1,1.0,1,1.0,1,0.29148320579201664,52
372,1,827,275,552,0,0,0,1.0,1,1.0,1,1.0,1,0.2890258843851775,53
373,4,831,277,554,0,0,0,1.0,1,1.0,1,1.0,1,0.312929509743343,53
374,2,833,277,556,0,0,0,1.0,1,1.0,1,1.0,1,0.30418023818760226,53
375,3,836,279,557,0,0,0,1.0,1,1.0,1,1.0,1,0.29210720862562595,53
376,2,838,280,558,0,0,0,1.0,1,1.0,1,1.0,1,0.29011063436885387,53
377,3,841,283,558,0,0,0,1.0,1,1.0,1,1.0,1,0.2835727413762814,53
378,1,842,284,558,0,0,0,1.0,1,1.0,1,1.0,1,0.2860083455976172,53
379,1,843,285,558,0,0,0,1.0,1,1.0,1,1.0,1,0.29158796633232453,54
380,1,844,286,558,0,0,0,1.0,1,1.0,1,1.0,1,0.2882713778717111,54
381,6,850,287,563,0,0,0,1.0,1,1.0,1,1.0,1,0.18560444688498154,54
382,1,851,288,563,0,0,0,1.0,1,1.0,1,1.0,1,0.18830188666362296,55
383,2,853,290,563,0,0,0,1.0,1,1.0,1,1.0,1,0.18580821931192043,55
384,1,854,291,563,0,0,0,1.0,1,1.0,1,1.0,1,0.21176235849128355,54
385,0,854,291,563,0,0,0,1.0,1,1.0,1,1.0,1,0.21843001997504577,52
386,1,855,292,563,0,0,0,1.0,1,1.0,1,1.0,1,0.2411398884777276,52
387,1,856,293,563,0,0,0,1.0,1,1.0,1,1.0,1,0.25953534530448963,50
388,5,861,294,567,0,0,0,1.0,1,1.0,1,1.0,1,0.20539430018302812,52
389,3,864,295,569,0,0,0,1.0,1,1.0,1,1.0,1,0.18591968679298884,51
390,3,867,297,570,0,0,0,1.0,1,1.0,1,1.0,1,0.1858430759615296,50
391,1,868,298,570,0,0,0,1.0,1,1.0,1,1.0,1,0.19565176872874376,49
392,4,872,300,572,0,0,0,1.0,1,1.0,1,1.0,1,0.2380201928528855,47
393,2,874,301,573,0,0,0,1.0,1,1.0,1,1.0,1,0.2865492740557553,47
394,2,876,303,573,0,0,0,1.0,1,1.0,1,1.0,1,0.30387334081967005,48
395,4,880,304,576,0,0,0,1.0,1,1.0,1,1.0,1,0.33553409345121443,46
396,3,883,306,577,0,0,0,1.0,1,1.0,1,1.0,1,0.3591550740804645,43
397,0,883,306,577,0,0,0,1.0,1,1.0,1,1.0,1,0.38419457841200455,42
398,0,883,306,577,0,0,0,1.0,1,1.0,1,1.0,1,0.4058565148212609,40
399,0,883,306,577,0,0,0,1.0,1,1.0,1,1.0,1,0.39671690214664806,39
400,1,884,307,577,0,0,0,1.0,1,1.0,1,1.0,1,0.34958775385663726,38
401,5,889,307,582,0,0,0,1.0,1,1.0,1,1.0,1,0.29836404942784683,37
402,2,891,308,583,0,0,0,1.0,1,1.0,1,1.0,1,0.29995670259026136,36
403,1,892,309,583,0,0,0,1.0,1,1.0,1,1.0,1,0.25660762957769045,38
404,2,894,311,583,0,0,0,1.0,1,1.0,1,1.0,1,0.25429145131478154,39
405,1,895,311,584,0,0,0,1.0,1,1.0,1,1.0,1,0.2319695977911715,40
406,1,896,312,584,0,0,0,1.0,1,1.0,1,1.0,1,0.2877484161032665,41
407,2,898,312,586,0,0,0,1.0,1,1.0,1,1.0,1,0.2386967791862041,42
408,5,903,313,590,0,0,0,1.0,1,1.0,1,1.0,1,0.2578946163325784,43
409,4,907,313,594,0,0,0,1.0,1,1.0,1,1.0,1,0.27011456332841144,44
410,4,911,313,598,0,0,0,1.0,1,1.0,1,1.0,1,0.28322909455557366,46
411,5,916,314,602,0,0,0,1.0,1,1.0,1,1.0,1,0.3043737452436719,46
412,4,920,314,606,0,0,0,1.0,1,1.0,1,1.0,1,0.27105284247483974,47
413,2,922,314,608,0,0,0,1.0,1,1.0,1,1.0,1,0.2795190947629283,47
414,5,927,314,613,0,0,0,1.0,1,1.0,1,1.0,1,0.26113039387128945,47
415,8,935,315,620,0,0,0,1.0,1,1.0,1,1.0,1,0.27435258202775115,48
416,9,944,315,629,0,0,0,1.0,1,1.0,1,1.0,1,0.2831529867518831,49
417,6,950,316,634,0,0,0,1.0,1,1.0,1,1.0,1,0.2500319928537005,49
418,8,958,316,642,0,0,0,1.0,1,1.0,1,1.0,1,0.2692341250612689,50
419,5,963,316,647,0,0,0,1.0,1,1.0,1,1.0,1,0.2623736644264392,50
420,3,966,316,650,0,0,0,1.0,1,1.0,1,1.0,1,0.2524763586422303,50
421,4,970,316,654,0,0,0,1.0,1,1.0,1,1.0,1,0.16290786104760477,50
422,0,970,316,654,0,0,0,1.0,1,1.0,1,1.0,1,0.19329776322314357,50
423,5,975,319,656,0,0,0,1.0,1,1.0,1,1.0,1,0.20687615806785553,51
424,1,976,320,656,0,0,0,1.0,1,1.0,1,1.0,1,0.2091353876061331,49
425,2,978,321,657,0,0,0,1.0,1,1.0,1,1.0,1,0.226439337701938,48
426,5,983,323,660,0,0,0,1.0,1,1.0,1,1.0,1,0.20867213974209903,50
427,3,986,324,662,0,0,0,1.0,1,1.0,1,1.0,1,0.23289972097859685,48
428,5,991,326,665,0,0,0,1.0,1,1.0,1,1.0,1,0.2647970157351024,49
429,1,992,327,665,0,0,0,1.0,1,1.0,1,1.0,1,0.2600557111472724,45
430,1,993,327,666,0,0,0,1.0,1,1.0,1,1.0,1,0.2416544223214537,44
431,1,994,328,666,0,0,0,1.0,1,1.0,1,1.0,1,0.29736908721862193,42
432,1,995,329,666,0,0,0,1.0,1,1.0,1,1.0,1,0.3198529370069394,40
433,1,996,330,666,0,0,0,1.0,1,1.0,1,1.0,1,0.2932843156973675,39
434,1,997,331,666,0,0,0,1.0,1,1.0,1,1.0,1,0.3036870946810787,39
435,2,999,333,666,0,0,0,1.0,1,1.0,1,1.0,1,0.31673591539238793,38
436,0,999,333,666,0,0,0,1.0,1,1.0,1,1.0,1,0.31673591539238793,38
437,0,999,333,666,0,0,0,1.0,1,1.0,1,1.0,1,0.33354596747249826,39
438,2,1001,334,667,0,0,0,1.0,1,1.0,1,1.0,1,0.29566624222995563,38
439,1,1002,335,667,0,0,0,1.0,1,1.0,1,1.0,1,0.2969278608500966,39
440,0,1002,335,667,0,0,0,1.0,1,1.0,1,1.0,1,0.2969278608500966,39
441,5,1007,336,671,0,0,0,1.0,1,1.0,1,1.0,1,0.21780789468328637,41
442,0,1007,336,671,0,0,0,1.0,1,1.0,1,1.0,1,0.23090097937773119,42
443,1,1008,337,671,0,0,0,1.0,1,1.0,1,1.0,1,0.22438517783949116,42
444,0,1008,337,671,0,0,0,1.0,1,1.0,1,1.0,1,0.22809528727142103,43
445,6,1014,339,675,0,0,0,1.0,1,1.0,1,1.0,1,0.16755375791857927,44
446,3,1017,340,677,0,0,0,1.0,1,1.0,1,1.0,1,0.1429469119138156,44
447,3,1020,341,679,0,0,0,1.0,1,1.0,1,1.0,1,0.19721361309667038,47
448,3,1023,342,681,0,0,0,1.0,1,1.0,1,1.0,1,0.2172903546528795,46
449,4,1027,342,685,0,0,0,1.0,1,1.0,1,1.0,1,0.21685137895769008,46
450,5,1032,342,690,0,0,0,1.0,1,1.0,1,1.0,1,0.24074869374796387,46
451,4,1036,342,694,0,0,0,1.0,1,1.0,1,1.0,1,0.2538509469992736,47
452,4,1040,342,698,0,0,0,1.0,1,1.0,1,1.0,1,0.2669661639247669,47
453,2,1042,342,700,0,0,0,1.0,1,1.0,1,1.0,1,0.30992359004461884,47
454,3,1045,342,703,0,0,0,1.0,1,1.0,1,1.0,1,0.25547231220966293,46
455,5,1050,344,706,0,0,0,1.0,1,1.0,1,1.0,1,0.2647972271845986,47
456,3,1053,345,708,0,0,0,1.0,1,1.0,1,1.0,1,0.26877037533624837,49
457,1,1054,346,708,0,0,0,1.0,1,1.0,1,1.0,1,0.267432126153239,50
458,0,1054,346,708,0,0,0,1.0,1,1.0,1,1.0,1,0.267432126153239,50
459,1,1055,346,709,0,0,0,1.0,1,1.0,1,1.0,1,0.2438944293159027,52
460,3,1058,346,712,0,0,0,1.0,1,1.0,1,1.0,1,0.2712045436112969,53
461,5,1063,346,717,0,0,0,1.0,1,1.0,1,1.0,1,0.21039360020505551,54
462,1,1064,346,718,0,0,0,1.0,1,1.0,1,1.0,1,0.1995480446534913,54
463,3,1067,347,720,0,0,0,1.0,1,1.0,1,1.0,1,0.19328051821114448,55
464,4,1071,348,723,0,0,0,1.0,1,1.0,1,1.0,1,0.14383892613595775,56
465,1,1072,348,724,0,0,0,1.0,1,1.0,1,1.0,1,0.15059265482002637,54
466,4,1076,349,727,0,0,0,1.0,1,1.0,1,1.0,1,0.13925558590565487,54
467,1,1077,350,727,0,0,0,1.0,1,1.0,1,1.0,1,0.1928049219208874,51
468,4,1081,353,728,0,0,0,1.0,1,1.0,1,1.0,1,0.15281093120627712,51
469,1,1082,354,728,0,0,0,1.0,1,1.0,1,1.0,1,0.15220193316504319,48
470,3,1085,356,729,0,0,0,1.0,1,1.0,1,1.0,1,0.14947137273023306,47
471,2,1087,358,729,0,0,0,1.0,1,1.0,1,1.0,1,0.17782613618737764,44
472,3,1090,361,729,0,0,0,1.0,1,1.0,1,1.0,1,0.2080127713047885,43
473,3,1093,363,730,0,0,0,1.0,1,1.0,1,1.0,1,0.20219221375970003,41
474,1,1094,364,730,0,0,0,1.0,1,1.0,1,1.0,1,0.19118016053069212,39
475,5,1099,367,732,0,0,0,1.0,1,1.0,1,1.0,1,0.20065336368120273,40
476,1,1100,368,732,0,0,0,1.0,1,1.0,1,1.0,1,0.28769288316941394,38
477,2,1102,370,732,0,0,0,1.0,1,1.0,1,1.0,1,0.32865715675174473,35
478,0,1102,370,732,0,0,0,1.0,1,1.0,1,1.0,1,0.3207374562533052,35
479,0,1102,370,732,0,0,0,1.0,1,1.0,1,1.0,1,0.33287485779547166,32
480,0,1102,370,732,0,0,0,1.0,1,1.0,1,1.0,1,0.3412422208447957,32
481,2,1104,370,734,0,0,0,1.0,1,1.0,1,1.0,1,0.31827946920473205,33
482,4,1108,372,736,0,0,0,1.0,1,1.0,1,1.0,1,0.3482457547993451,34
483,1,1109,373,736,0,0,0,1.0,1,1.0,1,1.0,1,0.3349062174012194,32
484,1,1110,373,737,0,0,0,1.0,1,1.0,1,1.0,1,0.2996498914933535,33
485,3,1113,375,738,0,0,0,1.0,1,1.0,1,1.0,1,0.32310605927573216,34
486,5,1118,375,743,0,0,0,1.0,1,1.0,1,1.0,1,0.3303428874606263,36
487,2,1120,375,745,0,0,0,1.0,1,1.0,1,1.0,1,0.3079566051661452,36
488,2,1122,375,747,0,0,0,1.0,1,1.0,1,1.0,1,0.2882038902832097,37
489,3,1125,377,748,0,0,0,1.0,1,1.0,1,1.0,1,0.35203884907841426,38
490,0,1125,377,748,0,0,0,1.0,1,1.0,1,1.0,1,0.35203884907841426,38
491,0,1125,377,748,0,0,0,1.0,1,1.0,1,1.0,1,0.3545206911115262,37
492,4,1129,378,751,0,0,0,1.0,1,1.0,1,1.0,1,0.3213910909640959,37
493,0,1129,378,751,0,0,0,1.0,1,1.0,1,1.0,1,0.3213910909640959,37
494,5,1134,380,754,0,0,0,1.0,1,1.0,1,1.0,1,0.2539694954975047,39
495,0,1134,380,754,0,0,0,1.0,1,1.0,1,1.0,1,0.2583763758163081,40
496,0,1134,380,754,0,0,0,1.0,1,1.0,1,1.0,1,0.2583763758163081,40
497,2,1136,380,756,0,0,0,1.0,1,1.0,1,1.0,1,0.20999315080495093,43
498,2,1138,381,757,0,0,0,1.0,1,1.0,1,1.0,1,0.18711663170024187,43
499,0,1138,381,757,0,0,0,1.0,1,1.0,1,1.0,1,0.1819824679331743,44
500,2,1140,382,758,0,0,0,1.0,1,1.0,1,1.0,1,0.19066358419057686,45
501,1,1141,383,758,0,0,0,1.0,1,1.0,1,1.0,1,0.21243710456372966,45
502,1,1142,384,758,0,0,0,1.0,1,1.0,1,1.0,1,0.21358831000048556,45
503,9,1151,387,764,0,0,0,1.0,1,1.0,1,1.0,1,0.16979611713641637,46
504,3,1154,389,765,0,0,0,1.0,1,1.0,1,1.0,1,0.21775872931384263,47
505,0,1154,389,765,0,0,0,1.0,1,1.0,1,1.0,1,0.22435476081748879,42
506,2,1156,391,765,0,0,0,1.0,1,1.0,1,1.0,1,0.2716890898412006,41
507,0,1156,391,765,0,0,0,1.0,1,1.0,1,1.0,1,0.2814334383932943,38
508,2,1158,393,765,0,0,0,1.0,1,1.0,1,1.0,1,0.3392209150978348,38
509,0,1158,393,765,0,0,0,1.0,1,1.0,1,1.0,1,0.37548630788913356,37
510,0,1158,393,765,0,0,0,1.0,1,1.0,1,1.0,1,0.39703362239984774,36
511,1,1159,394,765,0,0,0,1.0,1,1.0,1,1.0,1,0.4169589143070363,34
512,0,1159,394,765,0,0,0,1.0,1,1.0,1,1.0,1,0.40680643946710515,32
513,0,1159,394,765,0,0,0,1.0,1,1.0,1,1.0,1,0.40680643946710515,32
514,0,1159,394,765,0,0,0,1.0,1,1.0,1,1.0,1,0.42763832222766124,35
515,0,1159,394,765,0,0,0,1.0,1,1.0,1,1.0,1,0.42763832222766124,35
516,0,1159,394,765,0,0,0,1.0,1,1.0,1,1.0,1,0.43675907755214255,36
517,0,1159,394,765,0,0,0,1.0,1,1.0,1,1.0,1,0.43675907755214255,36
518,0,1159,394,765,0,0,0,1.0,1,1.0,1,1.0,1,0.4562197802044273,39
519,2,1161,395,766,0,0,0,1.0,1,1.0,1,1.0,1,0.4109921377830435,39
520,1,1162,396,766,0,0,0,1.0,1,1.0,1,1.0,1,0.4484193436063196,39
521,8,1170,396,774,0,0,0,1.0,1,1.0,1,1.0,1,0.33192834820747674,40
522,0,1170,396,774,0,0,0,1.0,1,1.0,1,1.0,1,0.33192834820747674,40
523,1,1171,396,775,0,0,0,1.0,1,1.0,1,1.0,1,0.35524291673457614,41
524,2,1173,397,776,0,0,0,1.0,1,1.0,1,1.0,1,0.32282201906908625,41
525,1,1174,398,776,0,0,0,1.0,1,1.0,1,1.0,1,0.3570355344818586,40
526,1,1175,398,777,0,0,0,1.0,1,1.0,1,1.0,1,0.36250671298157866,40
527,3,1178,398,780,0,0,0,1.0,1,1.0,1,1.0,1,0.35621294410458626,40
528,1,1179,399,780,0,0,0,1.0,1,1.0,1,1.0,1,0.34679248302589977,40
529,0,1179,399,780,0,0,0,1.0,1,1.0,1,1.0,1,0.37294518068849764,39
530,0,1179,399,780,0,0,0,1.0,1,1.0,1,1.0,1,0.37294518068849764,39
531,2,1181,400,781,0,0,0,1.0,1,1.0,1,1.0,1,0.3534946454390816,39
532,1,1182,400,782,0,0,0,1.0,1,1.0,1,1.0,1,0.37075777518761993,40
533,1,1183,400,783,0,0,0,1.0,1,1.0,1,1.0,1,0.4070804840079029,40
534,4,1187,400,787,0,0,0,1.0,1,1.0,1,1.0,1,0.3687072507953545,42
535,3,1190,400,790,0,0,0,1.0,1,1.0,1,1.0,1,0.3715176158804957,42
536,1,1191,400,791,0,0,0,1.0,1,1.0,1,1.0,1,0.3551649246380383,43
537,1,1192,400,792,0,0,0,1.0,1,1.0,1,1.0,1,0.3585469389726179,43
538,0,1192,400,792,0,0,0,1.0,1,1.0,1,1.0,1,0.36624003969616864,44
539,0,1192,400,792,0,0,0,1.0,1,1.0,1,1.0,1,0.36624003969616864,44
540,2,1194,401,793,0,0,0,1.0,1,1.0,1,1.0,1,0.3536090408134908,44
541,2,1196,401,795,0,0,0,1.0,1,1.0,1,1.0,1,0.29424444175948405,45
542,2,1198,402,796,0,0,0,1.0,1,1.0,1,1.0,1,0.2829768054886122,46
543,2,1200,404,796,0,0,0,1.0,1,1.0,1,1.0,1,0.32095925101304557,43
544,4,1204,406,798,0,0,0,1.0,1,1.0,1,1.0,1,0.32932918576271386,42
545,4,1208,408,800,0,0,0,1.0,1,1.0,1,1.0,1,0.32814241840273906,43
546,3,1211,411,800,0,0,0,1.0,1,1.0,1,1.0,1,0.4169495135187763,41
547,0,1211,411,800,0,0,0,1.0,1,1.0,1,1.0,1,0.38164958046541503,40
548,3,1214,414,800,0,0,0,1.0,1,1.0,1,1.0,1,0.4475190103211807,40
549,1,1215,415,800,0,0,0,1.0,1,1.0,1,1.0,1,0.44868346599274606,39
550,1,1216,415,801,0,0,0,1.0,1,1.0,1,1.0,1,0.4239662400628443,38
551,6,1222,417,805,0,0,0,1.0,1,1.0,1,1.0,1,0.3732584165083453,38
552,1,1223,418,805,0,0,0,1.0,1,1.0,1,1.0,1,0.39603180101038105,39
553,1,1224,418,806,0,0,0,1.0,1,1.0,1,1.0,1,0.3790279538195941,38
554,1,1225,419,806,0,0,0,1.0,1,1.0,1,1.0,1,0.3982806697612896,39
555,0,1225,419,806,0,0,0,1.0,1,1.0,1,1.0,1,0.3837371234848279,39
556,3,1228,420,808,0,0,0,1.0,1,1.0,1,1.0,1,0.375152270660818,40
557,0,1228,420,808,0,0,0,1.0,1,1.0,1,1.0,1,0.3948886743085821,40
558,2,1230,420,810,0,0,0,1.0,1,1.0,1,1.0,1,0.34717139550273934,40
559,2,1232,421,811,0,0,0,1.0,1,1.0,1,1.0,1,0.32044883326894313,40
560,0,1232,421,811,0,0,0,1.0,1,1.0,1,1.0,1,0.31118687205832857,41
561,4,1236,422,814,0,0,0,1.0,1,1.0,1,1.0,1,0.2835068880998117,42
562,1,1237,423,814,0,0,0,1.0,1,1.0,1,1.0,1,0.29599265564895544,42
563,3,1240,425,815,0,0,0,1.0,1,1.0,1,1.0,1,0.35545227667086104,42
564,2,1242,425,817,0,0,0,1.0,1,1.0,1,1.0,1,0.3338608794081345,43
565,2,1244,425,819,0,0,0,1.0,1,1.0,1,1.0,1,0.3237443901956029,44
566,1,1245,425,820,0,0,0,1.0,1,1.0,1,1.0,1,0.3217545950910312,45
567,1,1246,426,820,0,0,0,1.0,1,1.0,1,1.0,1,0.34188550991068783,45
568,4,1250,426,824,0,0,0,1.0,1,1.0,1,1.0,1,0.2504683259547769,46
569,2,1252,426,826,0,0,0,1.0,1,1.0,1,1.0,1,0.23843246772525498,47
570,3,1255,426,829,0,0,0,1.0,1,1.0,1,1.0,1,0.25705983310071245,48
571,3,1258,427,831,0,0,0,1.0,1,1.0,1,1.0,1,0.2806866170668523,48
572,0,1258,427,831,0,0,0,1.0,1,1.0,1,1.0,1,0.27732673223573306,47
573,1,1259,427,832,0,0,0,1.0,1,1.0,1,1.0,1,0.27698008300887816,49
574,2,1261,427,834,0,0,0,1.0,1,1.0,1,1.0,1,0.28006513319805537,49
575,2,1263,427,836,0,0,0,1.0,1,1.0,1,1.0,1,0.2778709337545425,50
576,4,1267,427,840,0,0,0,1.0,1,1.0,1,1.0,1,0.21480788617829122,51
577,3,1270,427,843,0,0,0,1.0,1,1.0,1,1.0,1,0.20336568846171246,51
578,2,1272,427,845,0,0,0,1.0,1,1.0,1,1.0,1,0.20336568846171246,51
579,1,1273,427,846,0,0,0,1.0,1,1.0,1,1.0,1,0.19939940993712765,52
580,1,1274,427,847,0,0,0,1.0,1,1.0,1,1.0,1,0.23119735603337005,52
581,4,1278,427,851,0,0,0,1.0,1,1.0,1,1.0,1,0.18798731437092772,52
582,0,1278,427,851,0,0,0,1.0,1,1.0,1,1.0,1,0.19808430443532,53
583,2,1280,429,851,0,0,0,1.0,1,1.0,1,1.0,1,0.24940825158827193,51
584,8,1288,434,854,0,0,0,1.0,1,1.0,1,1.0,1,0.23270343753566458,51
585,4,1292,437,855,0,0,0,1.0,1,1.0,1,1.0,1,0.2381474397575716,49
586,2,1294,439,855,0,0,0,1.0,1,1.0,1,1.0,1,0.22915762331505124,49
587,2,1296,440,856,0,0,0,1.0,1,1.0,1,1.0,1,0.2604933563069826,48
588,2,1298,442,856,0,0,0,1.0,1,1.0,1,1.0,1,0.2844588902756115,46
589,1,1299,443,856,0,0,0,1.0,1,1.0,1,1.0,1,0.29174515541619317,48
590,2,1301,444,857,0,0,0,1.0,1,1.0,1,1.0,1,0.2710341489970557,47
591,2,1303,446,857,0,0,0,1.0,1,1.0,1,1.0,1,0.24337449225226454,48
592,1,1304,447,857,0,0,0,1.0,1,1.0,1,1.0,1,0.24837326263941095,47
593,3,1307,450,857,0,0,0,1.0,1,1.0,1,1.0,1,0.26432889132073456,45
594,2,1309,451,858,0,0,0,1.0,1,1.0,1,1.0,1,0.25729328951666514,44
595,2,1311,453,858,0,0,0,1.0,1,1.0,1,1.0,1,0.26938326162043286,43
596,1,1312,454,858,0,0,0,1.0,1,1.0,1,1.0,1,0.2960827863546643,44
597,1,1313,455,858,0,0,0,1.0,1,1.0,1,1.0,1,0.27914647562518546,43
598,1,1314,456,858,0,0,0,1.0,1,1.0,1,1.0,1,0.2726297652934586,45
599,3,1317,458,859,0,0,0,1.0,1,1.0,1,1.0,1,0.290921896868913,44
600,1,1318,459,859,0,0,0,1.0,1,1.0,1,1.0,1,0.27228990420326077,44
601,3,1321,459,862,0,0,0,1.0,1,1.0,1,1.0,1,0.24481808319758885,45
602,3,1324,460,864,0,0,0,1.0,1,1.0,1,1.0,1,0.2832334935545925,46
603,1,1325,460,865,0,0,0,1.0,1,1.0,1,1.0,1,0.2925789291472617,46
604,2,1327,460,867,0,0,0,1.0,1,1.0,1,1.0,1,0.25293110352702247,47
605,5,1332,461,871,0,0,0,1.0,1,1.0,1,1.0,1,0.1997202226467798,47
606,2,1334,461,873,0,0,0,1.0,1,1.0,1,1.0,1,0.2174297453969926,47
607,3,1337,461,876,0,0,0,1.0,1,1.0,1,1.0,1,0.19534389464483629,48
608,2,1339,461,878,0,0,0,1.0,1,1.0,1,1.0,1,0.2074704591966098,47
609,2,1341,461,880,0,0,0,1.0,1,1.0,1,1.0,1,0.19293528746386474,48
610,3,1344,461,883,0,0,0,1.0,1,1.0,1,1.0,1,0.19648493615021648,48
611,5,1349,463,886,0,0,0,1.0,1,1.0,1,1.0,1,0.1752582430281042,49
612,4,1353,463,890,0,0,0,1.0,1,1.0,1,1.0,1,0.17224838984134488,50
613,2,1355,464,891,0,0,0,1.0,1,1.0,1,1.0,1,0.18733143604092442,50
614,2,1357,464,893,0,0,0,1.0,1,1.0,1,1.0,1,0.18733143604092442,50
615,2,1359,465,894,0,0,0,1.0,1,1.0,1,1.0,1,0.21046298155475088,50
616,1,1360,465,895,0,0,0,1.0,1,1.0,1,1.0,1,0.2116648174176524,50
617,5,1365,465,900,0,0,0,1.0,1,1.0,1,1.0,1,0.16300656279764028,52
618,1,1366,465,901,0,0,0,1.0,1,1.0,1,1.0,1,0.15359640847553752,52
619,2,1368,466,902,0,0,0,1.0,1,1.0,1,1.0,1,0.1691490385961644,50
620,3,1371,467,904,0,0,0,1.0,1,1.0,1,1.0,1,0.21194251494850616,50
621,3,1374,468,906,0,0,0,1.0,1,1.0,1,1.0,1,0.19906367344328663,49
622,0,1374,468,906,0,0,0,1.0,1,1.0,1,1.0,1,0.20761304663542016,49
623,3,1377,471,906,0,0,0,1.0,1,1.0,1,1.0,1,0.23843582274411926,48
624,4,1381,473,908,0,0,0,1.0,1,1.0,1,1.0,1,0.28148146439806054,46
625,4,1385,475,910,0,0,0,1.0,1,1.0,1,1.0,1,0.28425661836052013,45
626,9,1394,479,915,0,0,0,1.0,1,1.0,1,1.0,1,0.24317972545405367,44
627,1,1395,480,915,0,0,0,1.0,1,1.0,1,1.0,1,0.2594008262547851,44
628,3,1398,483,915,0,0,0,1.0,1,1.0,1,1.0,1,0.2856218585978619,44
629,0,1398,483,915,0,0,0,1.0,1,1.0,1,1.0,1,0.2613318946375531,41
630,1,1399,484,915,0,0,0,1.0,1,1.0,1,1.0,1,0.3259322493844691,40
631,1,1400,485,915,0,0,0,1.0,1,1.0,1,1.0,1,0.3364840364150796,38
632,3,1403,488,915,0,0,0,1.0,1,1.0,1,1.0,1,0.3284544686476322,38
633,0,1403,488,915,0,0,0,1.0,1,1.0,1,1.0,1,0.3286095566470375,36
634,1,1404,489,915,0,0,0,1.0,1,1.0,1,1.0,1,0.34515831043977996,35
635,1,1405,490,915,0,0,0,1.0,1,1.0,1,1.0,1,0.36354458048436056,35
636,0,1405,490,915,0,0,0,1.0,1,1.0,1,1.0,1,0.38625940817197374,36
637,0,1405,490,915,0,0,0,1.0,1,1.0,1,1.0,1,0.40058680516528516,35
638,1,1406,491,915,0,0,0,1.0,1,1.0,1,1.0,1,0.4297624921082686,34
639,1,1407,492,915,0,0,0,1.0,1,1.0,1,1.0,1,0.4072131040501564,36
640,0,1407,492,915,0,0,0,1.0,1,1.0,1,1.0,1,0.42353905131247827,37
641,11,1418,492,926,0,0,0,1.0,1,1.0,1,1.0,1,0.25345924930938396,37
642,2,1420,493,927,0,0,0,1.0,1,1.0,1,1.0,1,0.1981780965273277,38
643,0,1420,493,927,0,0,0,1.0,1,1.0,1,1.0,1,0.19315854637522314,39
644,2,1422,494,928,0,0,0,1.0,1,1.0,1,1.0,1,0.19291213023286072,39
645,3,1425,494,931,0,0,0,1.0,1,1.0,1,1.0,1,0.22854930919323618,39
646,4,1429,495,934,0,0,0,1.0,1,1.0,1,1.0,1,0.24914823051652155,40
647,2,1431,495,936,0,0,0,1.0,1,1.0,1,1.0,1,0.26269147117531094,40
648,4,1435,496,939,0,0,0,1.0,1,1.0,1,1.0,1,0.26864112306370025,40
649,7,1442,497,945,0,0,0,1.0,1,1.0,1,1.0,1,0.2756368537673583,40
650,8,1450,499,951,0,0,0,1.0,1,1.0,1,1.0,1,0.30131595404812206,41
651,6,1456,499,957,0,0,0,1.0,1,1.0,1,1.0,1,0.28891767243249894,42
652,4,1460,499,961,0,0,0,1.0,1,1.0,1,1.0,1,0.3163131362940303,41
653,3,1463,499,964,0,0,0,1.0,1,1.0,1,1.0,1,0.31994073655830435,41
654,7,1470,499,971,0,0,0,1.0,1,1.0,1,1.0,1,0.3318401566045728,42
655,3,1473,499,974,0,0,0,1.0,1,1.0,1,1.0,1,0.30589752940872605,45
656,10,1483,503,980,0,0,0,1.0,1,1.0,1,1.0,1,0.3997775493092732,45
657,5,1488,504,984,0,0,0,1.0,1,1.0,1,1.0,1,0.318755899365508,43
658,4,1492,504,988,0,0,0,1.0,1,1.0,1,1.0,1,0.3463080600596204,43
659,9,1501,505,996,0,0,0,1.0,1,1.0,1,1.0,1,0.30568368774870236,43
660,7,1508,506,1002,0,0,0,1.0,1,1.0,1,1.0,1,0.33846855500598105,43
661,3,1511,506,1005,0,0,0,1.0,1,1.0,1,1.0,1,0.2979475125320217,41
662,2,1513,507,1006,0,0,0,1.0,1,1.0,1,1.0,1,0.3468218126483108,40
663,1,1514,508,1006,0,0,0,1.0,1,1.0,1,1.0,1,0.3653593574974778,39
664,0,1514,508,1006,0,0,0,1.0,1,1.0,1,1.0,1,0.3726912544453984,36
665,1,1515,508,1007,0,0,0,1.0,1,1.0,1,1.0,1,0.37822201315358206,36
666,1,1516,509,1007,0,0,0,1.0,1,1.0,1,1.0,1,0.3731773528239198,36
667,3,1519,510,1009,0,0,0,1.0,1,1.0,1,1.0,1,0.34805961179047784,35
668,4,1523,513,1010,0,0,0,1.0,1,1.0,1,1.0,1,0.3020922147901909,34
669,2,1525,515,1010,0,0,0,1.0,1,1.0,1,1.0,1,0.3245923550554793,34
670,1,1526,516,1010,0,0,0,1.0,1,1.0,1,1.0,1,0.34920276123841243,32
671,1,1527,517,1010,0,0,0,1.0,1,1.0,1,1.0,1,0.3604717782532568,33
672,0,1527,517,1010,0,0,0,1.0,1,1.0,1,1.0,1,0.3725551273632776,32
673,1,1528,517,1011,0,0,0,1.0,1,1.0,1,1.0,1,0.35938410560439943,32
674,2,1530,518,1012,0,0,0,1.0,1,1.0,1,1.0,1,0.41264209661407386,32
675,2,1532,519,1013,0,0,0,1.0,1,1.0,1,1.0,1,0.41032597966189743,34
676,1,1533,520,1013,0,0,0,1.0,1,1.0,1,1.0,1,0.3639922993132222,35
677,1,1534,520,1014,0,0,0,1.0,1,1.0,1,1.0,1,0.333001147506359,35
678,1,1535,521,1014,0,0,0,1.0,1,1.0,1,1.0,1,0.32998383450960384,35
679,1,1536,522,1014,0,0,0,1.0,1,1.0,1,1.0,1,0.3545412721104284,36
680,1,1537,522,1015,0,0,0,1.0,1,1.0,1,1.0,1,0.3118424751305743,37
681,5,1542,522,1020,0,0,0,1.0,1,1.0,1,1.0,1,0.18696270399706927,37
682,1,1543,523,1020,0,0,0,1.0,1,1.0,1,1.0,1,0.17399911758837422,37
683,0,1543,523,1020,0,0,0,1.0,1,1.0,1,1.0,1,0.15795002202644187,38
684,1,1544,524,1020,0,0,0,1.0,1,1.0,1,1.0,1,0.1884273764034662,39
685,1,1545,524,1021,0,0,0,1.0,1,1.0,1,1.0,1,0.13875744747053417,38
686,0,1545,524,1021,0,0,0,1.0,1,1.0,1,1.0,1,0.1455486357895603,37
687,1,1546,525,1021,0,0,0,1.0,1,1.0,1,1.0,1,0.23503630282159643,38
688,1,1547,525,1022,0,0,0,1.0,1,1.0,1,1.0,1,0.20987181191508417,37
689,2,1549,527,1022,0,0,0,1.0,1,1.0,1,1.0,1,0.2662128206426065,39
690,0,1549,527,1022,0,0,0,1.0,1,1.0,1,1.0,1,0.2909547926215295,38
691,2,1551,528,1023,0,0,0,1.0,1,1.0,1,1.0,1,0.2850173298198282,38
692,4,1555,530,1025,0,0,0,1.0,1,1.0,1,1.0,1,0.3012622360387438,38
693,3,1558,531,1027,0,0,0,1.0,1,1.0,1,1.0,1,0.2922460755649358,40
694,6,1564,532,1032,0,0,0,1.0,1,1.0,1,1.0,1,0.2823626638628368,42
695,4,1568,533,1035,0,0,0,1.0,1,1.0,1,1.0,1,0.234220020252758,40
696,2,1570,534,1036,0,0,0,1.0,1,1.0,1,1.0,1,0.23392872557009514,39
697,2,1572,534,1038,0,0,0,1.0,1,1.0,1,1.0,1,0.23385929316278545,39
698,4,1576,536,1040,0,0,0,1.0,1,1.0,1,1.0,1,0.27154378194102846,37
699,3,1579,536,1043,0,0,0,1.0,1,1.0,1,1.0,1,0.30009358969148603,37
700,2,1581,537,1044,0,0,0,1.0,1,1.0,1,1.0,1,0.3661493324627165,37
701,10,1591,539,1052,0,0,0,1.0,1,1.0,1,1.0,1,0.17312292888254216,37
702,1,1592,539,1053,0,0,0,1.0,1,1.0,1,1.0,1,0.17857258908358764,38
703,3,1595,542,1053,0,0,0,1.0,1,1.0,1,1.0,1,0.24558724007523888,36
704,2,1597,542,1055,0,0,0,1.0,1,1.0,1,1.0,1,0.19204633819004566,36
705,2,1599,544,1055,0,0,0,1.0,1,1.0,1,1.0,1,0.20472920063795153,36
706,4,1603,547,1056,0,0,0,1.0,1,1.0,1,1.0,1,0.2855393161344728,35
707,3,1606,549,1057,0,0,0,1.0,1,1.0,1,1.0,1,0.29033232330187525,36
708,2,1608,550,1058,0,0,0,1.0,1,1.0,1,1.0,1,0.2708746570606485,36
709,4,1612,551,1061,0,0,0,1.0,1,1.0,1,1.0,1,0.289458524616409,34
710,1,1613,552,1061,0,0,0,1.0,1,1.0,1,1.0,1,0.2768412785925089,34
711,0,1613,552,1061,0,0,0,1.0,1,1.0,1,1.0,1,0.2763114425009702,34
712,3,1616,554,1062,0,0,0,1.0,1,1.0,1,1.0,1,0.2997851522229747,35
713,2,1618,555,1063,0,0,0,1.0,1,1.0,1,1.0,1,0.29444565469090045,34
714,0,1618,555,1063,0,0,0,1.0,1,1.0,1,1.0,1,0.298777599154959,34
715,1,1619,555,1064,0,0,0,1.0,1,1.0,1,1.0,1,0.30655127940480015,35
716,0,1619,555,1064,0,0,0,1.0,1,1.0,1,1.0,1,0.32059413642377227,33
717,2,1621,557,1064,0,0,0,1.0,1,1.0,1,1.0,1,0.4113810131340143,33
718,4,1625,558,1067,0,0,0,1.0,1,1.0,1,1.0,1,0.39293340434064555,32
719,2,1627,559,1068,0,0,0,1.0,1,1.0,1,1.0,1,0.37359055068328917,32
720,1,1628,559,1069,0,0,0,1.0,1,1.0,1,1.0,1,0.36997242711446315,33
721,4,1632,559,1073,0,0,0,1.0,1,1.0,1,1.0,1,0.2779534278181779,33
722,2,1634,560,1074,0,0,0,1.0,1,1.0,1,1.0,1,0.25327229178135924,34
723,1,1635,561,1074,0,0,0,1.0,1,1.0,1,1.0,1,0.2676332996381925,34
724,1,1636,561,1075,0,0,0,1.0,1,1.0,1,1.0,1,0.27038200056775324,36
725,1,1637,561,1076,0,0,0,1.0,1,1.0,1,1.0,1,0.24780904310765878,36
726,1,1638,562,1076,0,0,0,1.0,1,1.0,1,1.0,1,0.22849491138763828,36
727,0,1638,562,1076,0,0,0,1.0,1,1.0,1,1.0,1,0.22849491138763828,36
728,0,1638,562,1076,0,0,0,1.0,1,1.0,1,1.0,1,0.24350031695262514,37
729,0,1638,562,1076,0,0,0,1.0,1,1.0,1,1.0,1,0.23964472988389543,37
730,0,1638,562,1076,0,0,0,1.0,1,1.0,1,1.0,1,0.2506012595223876,38
731,0,1638,562,1076,0,0,0,1.0,1,1.0,1,1.0,1,0.26878166872204606,39
732,0,1638,562,1076,0,0,0,1.0,1,1.0,1,1.0,1,0.26017598899761596,41
733,1,1639,563,1076,0,0,0,1.0,1,1.0,1,1.0,1,0.23893104280376914,39
734,3,1642,565,1077,0,0,0,1.0,1,1.0,1,1.0,1,0.23853325860830923,39
735,2,1644,567,1077,0,0,0,1.0,1,1.0,1,1.0,1,0.27471905155953114,39
736,1,1645,567,1078,0,0,0,1.0,1,1.0,1,1.0,1,0.3038574419225586,38
737,1,1646,568,1078,0,0,0,1.0,1,1.0,1,1.0,1,0.33721076306263187,39
738,0,1646,568,1078,0,0,0,1.0,1,1.0,1,1.0,1,0.3714630370298486,37
739,1,1647,568,1079,0,0,0,1.0,1,1.0,1,1.0,1,0.35762356014177726,37
740,1,1648,569,1079,0,0,0,1.0,1,1.0,1,1.0,1,0.38042048322822014,35
741,4,1652,569,1083,0,0,0,1.0,1,1.0,1,1.0,1,0.2716866757681431,33
742,3,1655,570,1085,0,0,0,1.0,1,1.0,1,1.0,1,0.3298802017658461,35
743,6,1661,572,1089,0,0,0,1.0,1,1.0,1,1.0,1,0.2942961726611316,35
744,3,1664,575,1089,0,0,0,1.0,1,1.0,1,1.0,1,0.234129933682397,34
745,2,1666,575,1091,0,0,0,1.0,1,1.0,1,1.0,1,0.2677948146124741,34
746,0,1666,575,1091,0,0,0,1.0,1,1.0,1,1.0,1,0.27420468139169546,33
747,1,1667,576,1091,0,0,0,1.0,1,1.0,1,1.0,1,0.24934899069887909,32
748,2,1669,576,1093,0,0,0,1.0,1,1.0,1,1.0,1,0.1811517956412291,33
749,0,1669,576,1093,0,0,0,1.0,1,1.0,1,1.0,1,0.1811517956412291,33
750,1,1670,577,1093,0,0,0,1.0,1,1.0,1,1.0,1,0.20812521525639718,34
751,2,1672,578,1094,0,0,0,1.0,1,1.0,1,1.0,1,0.18788938847485886,36
752,3,1675,580,1095,0,0,0,1.0,1,1.0,1,1.0,1,0.23265167871534906,35
753,3,1678,581,1097,0,0,0,1.0,1,1.0,1,1.0,1,0.2749531719481488,37
754,2,1680,581,1099,0,0,0,1.0,1,1.0,1,1.0,1,0.2845006913289984,37
755,3,1683,581,1102,0,0,0,1.0,1,1.0,1,1.0,1,0.2781315918088531,35
756,3,1686,582,1104,0,0,0,1.0,1,1.0,1,1.0,1,0.2609794309424094,36
757,1,1687,582,1105,0,0,0,1.0,1,1.0,1,1.0,1,0.2753122059013361,35
758,0,1687,582,1105,0,0,0,1.0,1,1.0,1,1.0,1,0.2735320852850477,36
759,2,1689,583,1106,0,0,0,1.0,1,1.0,1,1.0,1,0.2957990606589006,37
760,1,1690,583,1107,0,0,0,1.0,1,1.0,1,1.0,1,0.3394013913380663,36
761,4,1694,583,1111,0,0,0,1.0,1,1.0,1,1.0,1,0.26645666669761187,36
762,0,1694,583,1111,0,0,0,1.0,1,1.0,1,1.0,1,0.27120597979184397,37
763,0,1694,583,1111,0,0,0,1.0,1,1.0,1,1.0,1,0.28256493224940804,38
764,0,1694,583,1111,0,0,0,1.0,1,1.0,1,1.0,1,0.28256493224940804,38
765,1,1695,583,1112,0,0,0,1.0,1,1.0,1,1.0,1,0.2722384704849943,38
766,2,1697,583,1114,0,0,0,1.0,1,1.0,1,1.0,1,0.23067669178717973,40
767,0,1697,583,1114,0,0,0,1.0,1,1.0,1,1.0,1,0.2419325482303706,41
768,2,1699,584,1115,0,0,0,1.0,1,1.0,1,1.0,1,0.255055969871749,41
769,0,1699,584,1115,0,0,0,1.0,1,1.0,1,1.0,1,0.2663681982557989,42
770,1,1700,584,1116,0,0,0,1.0,1,1.0,1,1.0,1,0.2775354707885573,41
771,0,1700,584,1116,0,0,0,1.0,1,1.0,1,1.0,1,0.2623501775840011,41
772,3,1703,586,1117,0,0,0,1.0,1,1.0,1,1.0,1,0.24502103631620206,41
773,0,1703,586,1117,0,0,0,1.0,1,1.0,1,1.0,1,0.255396996393091,41
774,3,1706,588,1118,0,0,0,1.0,1,1.0,1,1.0,1,0.3011342188545553,42
775,1,1707,588,1119,0,0,0,1.0,1,1.0,1,1.0,1,0.31206479744596954,42
776,1,1708,588,1120,0,0,0,1.0,1,1.0,1,1.0,1,0.3011342188545553,42
777,1,1709,588,1121,0,0,0,1.0,1,1.0,1,1.0,1,0.31206479744596954,42
778,2,1711,588,1123,0,0,0,1.0,1,1.0,1,1.0,1,0.3290919528216289,44
779,2,1713,588,1125,0,0,0,1.0,1,1.0,1,1.0,1,0.30863693834967976,44
780,1,1714,589,1125,0,0,0,1.0,1,1.0,1,1.0,1,0.32173196667353227,44
781,3,1717,589,1128,0,0,0,1.0,1,1.0,1,1.0,1,0.30119471454982316,46
782,4,1721,591,1130,0,0,0,1.0,1,1.0,1,1.0,1,0.3196452513313726,45
783,2,1723,592,1131,0,0,0,1.0,1,1.0,1,1.0,1,0.3590313140628242,44
784,1,1724,593,1131,0,0,0,1.0,1,1.0,1,1.0,1,0.3869263644160613,44
785,2,1726,594,1132,0,0,0,1.0,1,1.0,1,1.0,1,0.3306724374319654,43
786,1,1727,595,1132,0,0,0,1.0,1,1.0,1,1.0,1,0.32069971421790955,43
787,0,1727,595,1132,0,0,0,1.0,1,1.0,1,1.0,1,0.32069971421790955,43
788,5,1732,597,1135,0,0,0,1.0,1,1.0,1,1.0,1,0.23636176593680358,45
789,1,1733,597,1136,0,0,0,1.0,1,1.0,1,1.0,1,0.22438650081131256,46
790,0,1733,597,1136,0,0,0,1.0,1,1.0,1,1.0,1,0.24645492099945698,45
791,0,1733,597,1136,0,0,0,1.0,1,1.0,1,1.0,1,0.26330717756740857,46
792,3,1736,598,1138,0,0,0,1.0,1,1.0,1,1.0,1,0.27910592791746985,46
793,0,1736,598,1138,0,0,0,1.0,1,1.0,1,1.0,1,0.27910592791746985,46
794,2,1738,599,1139,0,0,0,1.0,1,1.0,1,1.0,1,0.3168398406496499,47
795,1,1739,599,1140,0,0,0,1.0,1,1.0,1,1.0,1,0.3094896577531445,47
796,3,1742,600,1142,0,0,0,1.0,1,1.0,1,1.0,1,0.33666389905312016,46
797,6,1748,603,1145,0,0,0,1.0,1,1.0,1,1.0,1,0.343940005456375,47
798,4,1752,603,1149,0,0,0,1.0,1,1.0,1,1.0,1,0.3037060120941877,48
799,3,1755,603,1152,0,0,0,1.0,1,1.0,1,1.0,1,0.2927767996242838,48
800,2,1757,604,1153,0,0,0,1.0,1,1.0,1,1.0,1,0.30247702131909887,48
801,7,1764,604,1160,0,0,0,1.0,1,1.0,1,1.0,1,0.17208898900416458,49
802,0,1764,604,1160,0,0,0,1.0,1,1.0,1,1.0,1,0.1612115968224446,50
803,0,1764,604,1160,0,0,0,1.0,1,1.0,1,1.0,1,0.16739595742976532,49
804,3,1767,607,1160,0,0,0,1.0,1,1.0,1,1.0,1,0.18094074391789028,50
805,0,1767,607,1160,0,0,0,1.0,1,1.0,1,1.0,1,0.18094074391789028,50
806,0,1767,607,1160,0,0,0,1.0,1,1.0,1,1.0,1,0.18094074391789028,50
807,1,1768,607,1161,0,0,0,1.0,1,1.0,1,1.0,1,0.1731769616973349,51
808,1,1769,608,1161,0,0,0,1.0,1,1.0,1,1.0,1,0.20291702618286334,51
809,1,1770,609,1161,0,0,0,1.0,1,1.0,1,1.0,1,0.20655803451674504,51
810,3,1773,609,1164,0,0,0,1.0,1,1.0,1,1.0,1,0.1775646595045875,52
811,1,1774,610,1164,0,0,0,1.0,1,1.0,1,1.0,1,0.21020340705657245,50
812,2,1776,611,1165,0,0,0,1.0,1,1.0,1,1.0,1,0.22356957195625551,48
813,2,1778,612,1166,0,0,0,1.0,1,1.0,1,1.0,1,0.24907496197428391,49
814,3,1781,613,1168,0,0,0,1.0,1,1.0,1,1.0,1,0.2183206217597732,48
815,2,1783,614,1169,0,0,0,1.0,1,1.0,1,1.0,1,0.22149959271057698,48
816,1,1784,615,1169,0,0,0,1.0,1,1.0,1,1.0,1,0.21259464073361573,46
817,1,1785,616,1169,0,0,0,1.0,1,1.0,1,1.0,1,0.23151284784408924,44
818,0,1785,616,1169,0,0,0,1.0,1,1.0,1,1.0,1,0.22119546752789593,46
819,1,1786,616,1170,0,0,0,1.0,1,1.0,1,1.0,1,0.20552157371959365,44
820,1,1787,616,1171,0,0,0,1.0,1,1.0,1,1.0,1,0.22801652208323353,44
821,1,1788,616,1172,0,0,0,1.0,1,1.0,1,1.0,1,0.19762206927038875,44
822,3,1791,617,1174,0,0,0,1.0,1,1.0,1,1.0,1,0.19336286200066827,44
823,0,1791,617,1174,0,0,0,1.0,1,1.0,1,1.0,1,0.18504606039844324,42
824,1,1792,618,1174,0,0,0,1.0,1,1.0,1,1.0,1,0.1875885745555571,42
825,2,1794,620,1174,0,0,0,1.0,1,1.0,1,1.0,1,0.19282344875463076,40
826,3,1797,623,1174,0,0,0,1.0,1,1.0,1,1.0,1,0.257881031954061,41
827,1,1798,624,1174,0,0,0,1.0,1,1.0,1,1.0,1,0.27595042934870806,40
828,4,1802,627,1175,0,0,0,1.0,1,1.0,1,1.0,1,0.22191883677570431,40
829,1,1803,628,1175,0,0,0,1.0,1,1.0,1,1.0,1,0.24491745244814878,42
830,3,1806,630,1176,0,0,0,1.0,1,1.0,1,1.0,1,0.26812727014529003,42
831,4,1810,632,1178,0,0,0,1.0,1,1.0,1,1.0,1,0.2504741355542987,43
832,1,1811,633,1178,0,0,0,1.0,1,1.0,1,1.0,1,0.26782724802215324,42
833,1,1812,634,1178,0,0,0,1.0,1,1.0,1,1.0,1,0.29546681517729095,41
834,2,1814,635,1179,0,0,0,1.0,1,1.0,1,1.0,1,0.2853094971474042,41
835,0,1814,635,1179,0,0,0,1.0,1,1.0,1,1.0,1,0.2895309201432532,41
836,0,1814,635,1179,0,0,0,1.0,1,1.0,1,1.0,1,0.29358566247261103,40
837,0,1814,635,1179,0,0,0,1.0,1,1.0,1,1.0,1,0.2899482061546876,41
838,0,1814,635,1179,0,0,0,1.0,1,1.0,1,1.0,1,0.2899482061546876,41
839,1,1815,636,1179,0,0,0,1.0,1,1.0,1,1.0,1,0.324846651172223,41
840,5,1820,637,1183,0,0,0,1.0,1,1.0,1,1.0,1,0.3165206665816513,42
841,5,1825,637,1188,0,0,0,1.0,1,1.0,1,1.0,1,0.18850595472309417,42
842,1,1826,638,1188,0,0,0,1.0,1,1.0,1,1.0,1,0.21996727060404858,42
843,2,1828,639,1189,0,0,0,1.0,1,1.0,1,1.0,1,0.21960288859103255,42
844,0,1828,639,1189,0,0,0,1.0,1,1.0,1,1.0,1,0.23774463748056657,42
845,4,1832,640,1192,0,0,0,1.0,1,1.0,1,1.0,1,0.2683573879714443,44
846,1,1833,641,1192,0,0,0,1.0,1,1.0,1,1.0,1,0.3018242475277653,44
847,1,1834,642,1192,0,0,0,1.0,1,1.0,1,1.0,1,0.2925321847832224,42
848,0,1834,642,1192,0,0,0,1.0,1,1.0,1,1.0,1,0.295457966049407,43
849,0,1834,642,1192,0,0,0,1.0,1,1.0,1,1.0,1,0.3143836225576936,43
850,2,1836,643,1193,0,0,0,1.0,1,1.0,1,1.0,1,0.3653604453998639,41
851,3,1839,646,1193,0,0,0,1.0,1,1.0,1,1.0,1,0.35725702488693567,40
852,0,1839,646,1193,0,0,0,1.0,1,1.0,1,1.0,1,0.35725702488693567,40
853,2,1841,647,1194,0,0,0,1.0,1,1.0,1,1.0,1,0.3416540662898691,40
854,1,1842,648,1194,0,0,0,1.0,1,1.0,1,1.0,1,0.34743649384229275,40
855,1,1843,649,1194,0,0,0,1.0,1,1.0,1,1.0,1,0.3567895532820215,41
856,2,1845,649,1196,0,0,0,1.0,1,1.0,1,1.0,1,0.3567895532820215,41
857,4,1849,650,1199,0,0,0,1.0,1,1.0,1,1.0,1,0.33105483278624853,42
858,5,1854,651,1203,0,0,0,1.0,1,1.0,1,1.0,1,0.2915528384766233,43
859,1,1855,651,1204,0,0,0,1.0,1,1.0,1,1.0,1,0.31071711118453504,43
860,3,1858,652,1206,0,0,0,1.0,1,1.0,1,1.0,1,0.3163499442239937,44
861,9,1867,653,1214,0,0,0,1.0,1,1.0,1,1.0,1,0.20992008568992354,44
862,3,1870,653,1217,0,0,0,1.0,1,1.0,1,1.0,1,0.2028943557721206,44
863,5,1875,655,1220,0,0,0,1.0,1,1.0,1,1.0,1,0.21856452331141132,44
864,1,1876,655,1221,0,0,0,1.0,1,1.0,1,1.0,1,0.22509988571665832,44
865,3,1879,656,1223,0,0,0,1.0,1,1.0,1,1.0,1,0.2143427569238604,43
866,4,1883,659,1224,0,0,0,1.0,1,1.0,1,1.0,1,0.25965374495829485,45
867,1,1884,659,1225,0,0,0,1.0,1,1.0,1,1.0,1,0.2704338811958094,44
868,3,1887,662,1225,0,0,0,1.0,1,1.0,1,1.0,1,0.24676900955629824,45
869,3,1890,664,1226,0,0,0,1.0,1,1.0,1,1.0,1,0.2503076904787402,44
870,2,1892,664,1228,0,0,0,1.0,1,1.0,1,1.0,1,0.24437623772628134,44
871,1,1893,664,1229,0,0,0,1.0,1,1.0,1,1.0,1,0.2707405087859868,43
872,1,1894,664,1230,0,0,0,1.0,1,1.0,1,1.0,1,0.250335809918867,43
873,1,1895,665,1230,0,0,0,1.0,1,1.0,1,1.0,1,0.26745968965987005,43
874,7,1902,667,1235,0,0,0,1.0,1,1.0,1,1.0,1,0.26720288278522086,46
875,1,1903,667,1236,0,0,0,1.0,1,1.0,1,1.0,1,0.2615322437580792,43
876,1,1904,668,1236,0,0,0,1.0,1,1.0,1,1.0,1,0.28025679533561293,44
877,0,1904,668,1236,0,0,0,1.0,1,1.0,1,1.0,1,0.3101081359872925,44
878,1,1905,668,1237,0,0,0,1.0,1,1.0,1,1.0,1,0.30616856770338957,44
879,1,1906,669,1237,0,0,0,1.0,1,1.0,1,1.0,1,0.2900708804495085,44
880,2,1908,671,1237,0,0,0,1.0,1,1.0,1,1.0,1,0.3021684664093515,44
881,5,1913,671,1242,0,0,0,1.0,1,1.0,1,1.0,1,0.19612614759759697,43
882,3,1916,673,1243,0,0,0,1.0,1,1.0,1,1.0,1,0.21068337985664815,45
883,0,1916,673,1243,0,0,0,1.0,1,1.0,1,1.0,1,0.22052001254544962,45
884,0,1916,673,1243,0,0,0,1.0,1,1.0,1,1.0,1,0.20761394426315613,45
885,4,1920,674,1246,0,0,0,1.0,1,1.0,1,1.0,1,0.16227270845807312,43
886,5,1925,675,1250,0,0,0,1.0,1,1.0,1,1.0,1,0.2203641494954333,43
887,2,1927,676,1251,0,0,0,1.0,1,1.0,1,1.0,1,0.2110364161937574,41
888,4,1931,676,1255,0,0,0,1.0,1,1.0,1,1.0,1,0.23513055581529366,40
889,5,1936,679,1257,0,0,0,1.0,1,1.0,1,1.0,1,0.32469430695757195,40
890,4,1940,680,1260,0,0,0,1.0,1,1.0,1,1.0,1,0.28889893476358824,38
891,5,1945,682,1263,0,0,0,1.0,1,1.0,1,1.0,1,0.3526628440223021,39
892,9,1954,683,1271,0,0,0,1.0,1,1.0,1,1.0,1,0.35472585880579666,39
893,6,1960,685,1275,0,0,0,1.0,1,1.0,1,1.0,1,0.35526723018651873,37
894,7,1967,687,1280,0,0,0,1.0,1,1.0,1,1.0,1,0.36179217486254284,36
895,7,1974,687,1287,0,0,0,1.0,1,1.0,1,1.0,1,0.3209618951052068,37
896,7,1981,689,1292,0,0,0,1.0,1,1.0,1,1.0,1,0.3352866085004517,36
897,4,1985,689,1296,0,0,0,1.0,1,1.0,1,1.0,1,0.33134512452951004,36
898,3,1988,689,1299,0,0,0,1.0,1,1.0,1,1.0,1,0.3377340325380711,35
899,2,1990,689,1301,0,0,0,1.0,1,1.0,1,1.0,1,0.33364761767123635,35
900,3,1993,689,1304,0,0,0,1.0,1,1.0,1,1.0,1,0.3567808930958085,36
901,3,1996,689,1307,0,0,0,1.0,1,1.0,1,1.0,1,0.2818795301865928,36
902,2,1998,691,1307,0,0,0,1.0,1,1.0,1,1.0,1,0.34123262766079404,36
903,2,2000,692,1308,0,0,0,1.0,1,1.0,1,1.0,1,0.28397713665296487,35
904,3,2003,695,1308,0,0,0,1.0,1,1.0,1,1.0,1,0.3527923989587387,37
905,4,2007,697,1310,0,0,0,1.0,1,1.0,1,1.0,1,0.3464908170083125,36
906,1,2008,697,1311,0,0,0,1.0,1,1.0,1,1.0,1,0.3212467929386445,37
907,3,2011,699,1312,0,0,0,1.0,1,1.0,1,1.0,1,0.2870074029644246,37
908,0,2011,699,1312,0,0,0,1.0,1,1.0,1,1.0,1,0.2840385415826805,36
909,1,2012,700,1312,0,0,0,1.0,1,1.0,1,1.0,1,0.265274203599613,36
910,5,2017,702,1315,0,0,0,1.0,1,1.0,1,1.0,1,0.23972424226856173,37
911,3,2020,703,1317,0,0,0,1.0,1,1.0,1,1.0,1,0.28414920537746763,36
912,3,2023,704,1319,0,0,0,1.0,1,1.0,1,1.0,1,0.3001420362540022,34
913,6,2029,705,1324,0,0,0,1.0,1,1.0,1,1.0,1,0.28882224456652,34
914,2,2031,706,1325,0,0,0,1.0,1,1.0,1,1.0,1,0.32735440114040437,33
915,2,2033,706,1327,0,0,0,1.0,1,1.0,1,1.0,1,0.32735440114040437,33
916,3,2036,707,1329,0,0,0,1.0,1,1.0,1,1.0,1,0.3786172303445843,34
917,6,2042,708,1334,0,0,0,1.0,1,1.0,1,1.0,1,0.38906910462172317,34
918,3,2045,709,1336,0,0,0,1.0,1,1.0,1,1.0,1,0.3682755397542894,36
919,1,2046,709,1337,0,0,0,1.0,1,1.0,1,1.0,1,0.37052696785750405,36
920,3,2049,710,1339,0,0,0,1.0,1,1.0,1,1.0,1,0.34442716225339887,37
921,6,2055,710,1345,0,0,0,1.0,1,1.0,1,1.0,1,0.14603867628695982,37
922,2,2057,711,1346,0,0,0,1.0,1,1.0,1,1.0,1,0.179069667419862,38
923,1,2058,711,1347,0,0,0,1.0,1,1.0,1,1.0,1,0.13194073632187345,36
924,0,2058,711,1347,0,0,0,1.0,1,1.0,1,1.0,1,0.12936064890685267,35
925,2,2060,713,1347,0,0,0,1.0,1,1.0,1,1.0,1,0.18751942318713877,35
926,2,2062,715,1347,0,0,0,1.0,1,1.0,1,1.0,1,0.2002717286339582,34
927,1,2063,716,1347,0,0,0,1.0,1,1.0,1,1.0,1,0.21214225836709857,32
928,0,2063,716,1347,0,0,0,1.0,1,1.0,1,1.0,1,0.18907051931292515,32
929,0,2063,716,1347,0,0,0,1.0,1,1.0,1,1.0,1,0.22388792719339018,31
930,0,2063,716,1347,0,0,0,1.0,1,1.0,1,1.0,1,0.24423641324276854,30
931,2,2065,718,1347,0,0,0,1.0,1,1.0,1,1.0,1,0.27873080296021097,29
932,3,2068,720,1348,0,0,0,1.0,1,1.0,1,1.0,1,0.29958300686095135,29
933,0,2068,720,1348,0,0,0,1.0,1,1.0,1,1.0,1,0.29958300686095135,29
934,1,2069,721,1348,0,0,0,1.0,1,1.0,1,1.0,1,0.32253372946768427,29
935,0,2069,721,1348,0,0,0,1.0,1,1.0,1,1.0,1,0.3489845415304471,31
936,1,2070,722,1348,0,0,0,1.0,1,1.0,1,1.0,1,0.3889222831441056,31
937,1,2071,723,1348,0,0,0,1.0,1,1.0,1,1.0,1,0.38987364092671445,34
938,0,2071,723,1348,0,0,0,1.0,1,1.0,1,1.0,1,0.38166994403524795,33
939,2,2073,724,1349,0,0,0,1.0,1,1.0,1,1.0,1,0.40290909405542635,36
940,7,2080,725,1355,0,0,0,1.0,1,1.0,1,1.0,1,0.279874688405036,36
941,3,2083,727,1356,0,0,0,1.0,1,1.0,1,1.0,1,0.2886753244783551,36
942,2,2085,729,1356,0,0,0,1.0,1,1.0,1,1.0,1,0.29070887759432473,36
943,2,2087,731,1356,0,0,0,1.0,1,1.0,1,1.0,1,0.3264363169546958,35
944,3,2090,732,1358,0,0,0,1.0,1,1.0,1,1.0,1,0.2574123861412329,35
945,1,2091,733,1358,0,0,0,1.0,1,1.0,1,1.0,1,0.24464947046429253,33
946,2,2093,734,1359,0,0,0,1.0,1,1.0,1,1.0,1,0.24513358950224776,36
947,1,2094,734,1360,0,0,0,1.0,1,1.0,1,1.0,1,0.22433148115540574,34
948,1,2095,735,1360,0,0,0,1.0,1,1.0,1,1.0,1,0.2621215114389401,33
949,1,2096,736,1360,0,0,0,1.0,1,1.0,1,1.0,1,0.3114923961321207,34
950,0,2096,736,1360,0,0,0,1.0,1,1.0,1,1.0,1,0.34030847080746235,33
951,0,2096,736,1360,0,0,0,1.0,1,1.0,1,1.0,1,0.34030847080746235,33
952,0,2096,736,1360,0,0,0,1.0,1,1.0,1,1.0,1,0.3479197168422002,32
953,0,2096,736,1360,0,0,0,1.0,1,1.0,1,1.0,1,0.3479197168422002,32
954,1,2097,737,1360,0,0,0,1.0,1,1.0,1,1.0,1,0.35726607363788926,31
955,1,2098,737,1361,0,0,0,1.0,1,1.0,1,1.0,1,0.3683861976133958,32
956,0,2098,737,1361,0,0,0,1.0,1,1.0,1,1.0,1,0.3492406910490584,32
957,2,2100,738,1362,0,0,0,1.0,1,1.0,1,1.0,1,0.3268152303191034,33
958,0,2100,738,1362,0,0,0,1.0,1,1.0,1,1.0,1,0.33076685338745426,35
959,1,2101,739,1362,0,0,0,1.0,1,1.0,1,1.0,1,0.3493046592013372,36
960,1,2102,739,1363,0,0,0,1.0,1,1.0,1,1.0,1,0.3389496255047679,38
961,6,2108,741,1367,0,0,0,1.0,1,1.0,1,1.0,1,0.3851951068561471,37
962,2,2110,742,1368,0,0,0,1.0,1,1.0,1,1.0,1,0.3415616439756342,35
963,0,2110,742,1368,0,0,0,1.0,1,1.0,1,1.0,1,0.33690355150796725,35
964,0,2110,742,1368,0,0,0,1.0,1,1.0,1,1.0,1,0.3512037857540839,34
965,1,2111,742,1369,0,0,0,1.0,1,1.0,1,1.0,1,0.3364470241648715,35
966,2,2113,743,1370,0,0,0,1.0,1,1.0,1,1.0,1,0.3236599215069974,34
967,1,2114,743,1371,0,0,0,1.0,1,1.0,1,1.0,1,0.3058323862353709,35
968,1,2115,744,1371,0,0,0,1.0,1,1.0,1,1.0,1,0.282114408281678,36
969,2,2117,744,1373,0,0,0,1.0,1,1.0,1,1.0,1,0.3040118920829364,35
970,0,2117,744,1373,0,0,0,1.0,1,1.0,1,1.0,1,0.32785070216122647,34
971,0,2117,744,1373,0,0,0,1.0,1,1.0,1,1.0,1,0.31343669679042246,35
972,1,2118,745,1373,0,0,0,1.0,1,1.0,1,1.0,1,0.29970918029927907,35
973,0,2118,745,1373,0,0,0,1.0,1,1.0,1,1.0,1,0.31635378328384667,36
974,1,2119,746,1373,0,0,0,1.0,1,1.0,1,1.0,1,0.3703142865188536,35
975,1,2120,746,1374,0,0,0,1.0,1,1.0,1,1.0,1,0.33202487534643255,36
976,3,2123,747,1376,0,0,0,1.0,1,1.0,1,1.0,1,0.3467807797975386,38
977,2,2125,747,1378,0,0,0,1.0,1,1.0,1,1.0,1,0.365381965894088,38
978,3,2128,748,1380,0,0,0,1.0,1,1.0,1,1.0,1,0.36973732355214867,38
979,1,2129,748,1381,0,0,0,1.0,1,1.0,1,1.0,1,0.3269296686424517,39
980,1,2130,749,1381,0,0,0,1.0,1,1.0,1,1.0,1,0.36124690402037624,39
981,3,2133,749,1384,0,0,0,1.0,1,1.0,1,1.0,1,0.32837960378581543,40
982,2,2135,749,1386,0,0,0,1.0,1,1.0,1,1.0,1,0.3149971961997301,40
983,1,2136,749,1387,0,0,0,1.0,1,1.0,1,1.0,1,0.2431900376461564,38
984,1,2137,750,1387,0,0,0,1.0,1,1.0,1,1.0,1,0.2466368822823764,39
985,4,2141,752,1389,0,0,0,1.0,1,1.0,1,1.0,1,0.2502694150078348,38
986,2,2143,754,1389,0,0,0,1.0,1,1.0,1,1.0,1,0.3091709621532802,38
987,2,2145,756,1389,0,0,0,1.0,1,1.0,1,1.0,1,0.3093819382746908,38
988,1,2146,757,1389,0,0,0,1.0,1,1.0,1,1.0,1,0.33645219596090176,38
989,0,2146,757,1389,0,0,0,1.0,1,1.0,1,1.0,1,0.32980187818251205,38
990,2,2148,758,1390,0,0,0,1.0,1,1.0,1,1.0,1,0.3650914637888338,38
991,1,2149,758,1391,0,0,0,1.0,1,1.0,1,1.0,1,0.3364261748221038,40
992,2,2151,759,1392,0,0,0,1.0,1,1.0,1,1.0,1,0.3080897567726617,39
993,0,2151,759,1392,0,0,0,1.0,1,1.0,1,1.0,1,0.2910613596648406,38
994,0,2151,759,1392,0,0,0,1.0,1,1.0,1,1.0,1,0.302616642089183,39
995,0,2151,759,1392,0,0,0,1.0,1,1.0,1,1.0,1,0.3035592455922817,41
996,0,2151,759,1392,0,0,0,1.0,1,1.0,1,1.0,1,0.30969195953462636,40
997,0,2151,759,1392,0,0,0,1.0,1,1.0,1,1.0,1,0.3233976100417269,41
998,1,2152,759,1393,0,0,0,1.0,1,1.0,1,1.0,1,0.3281797300461684,40
999,0,2152,759,1393,0,0,0,1.0,1,1.0,1,1.0,1,0.3716333744698149,40
1000,1,2153,760,1393,0,0,0,1.0,1,1.0,1,1.0,1,0.38941986592130223,40
1001,4,2157,760,1397,0,0,0,1.0,1,1.0,1,1.0,1,0.34629799784611637,39
1002,0,2157,760,1397,0,0,0,1.0,1,1.0,1,1.0,1,0.34629799784611637,39
1003,0,2157,760,1397,0,0,0,1.0,1,1.0,1,1.0,1,0.34629799784611637,39
1004,0,2157,760,1397,0,0,0,1.0,1,1.0,1,1.0,1,0.34629799784611637,39
1005,0,2157,760,1397,0,0,0,1.0,1,1.0,1,1.0,1,0.3531742915039882,40
1006,1,2158,760,1398,0,0,0,1.0,1,1.0,1,1.0,1,0.3286854552797283,41
1007,2,2160,760,1400,0,0,0,1.0,1,1.0,1,1.0,1,0.31835603266104534,42
1008,2,2162,760,1402,0,0,0,1.0,1,1.0,1,1.0,1,0.2815955859720748,43
1009,3,2165,760,1405,0,0,0,1.0,1,1.0,1,1.0,1,0.20422416909228713,44
1010,0,2165,760,1405,0,0,0,1.0,1,1.0,1,1.0,1,0.20422416909228713,44
1011,0,2165,760,1405,0,0,0,1.0,1,1.0,1,1.0,1,0.20422416909228713,44
1012,3,2168,763,1405,0,0,0,1.0,1,1.0,1,1.0,1,0.26719381697325,46
1013,2,2170,763,1407,0,0,0,1.0,1,1.0,1,1.0,1,0.22948472934683964,46
1014,2,2172,764,1408,0,0,0,1.0,1,1.0,1,1.0,1,0.25094171697977347,46
1015,0,2172,764,1408,0,0,0,1.0,1,1.0,1,1.0,1,0.25094171697977347,46
1016,3,2175,765,1410,0,0,0,1.0,1,1.0,1,1.0,1,0.22826101100506163,47
1017,0,2175,765,1410,0,0,0,1.0,1,1.0,1,1.0,1,0.22826101100506163,47
1018,2,2177,766,1411,0,0,0,1.0,1,1.0,1,1.0,1,0.2584637477238353,48
1019,4,2181,767,1414,0,0,0,1.0,1,1.0,1,1.0,1,0.2534008791911804,49
1020,3,2184,767,1417,0,0,0,1.0,1,1.0,1,1.0,1,0.22958849689948213,51
1021,2,2186,767,1419,0,0,0,1.0,1,1.0,1,1.0,1,0.18168329427556068,51
1022,2,2188,768,1420,0,0,0,1.0,1,1.0,1,1.0,1,0.17119684875613947,52
1023,1,2189,768,1421,0,0,0,1.0,1,1.0,1,1.0,1,0.16302178099258852,52
1024,1,2190,769,1421,0,0,0,1.0,1,1.0,1,1.0,1,0.19482401568713884,52
1025,1,2191,769,1422,0,0,0,1.0,1,1.0,1,1.0,1,0.17869096428828396,54
1026,0,2191,769,1422,0,0,0,1.0,1,1.0,1,1.0,1,0.17869096428828396,54
1027,2,2193,770,1423,0,0,0,1.0,1,1.0,1,1.0,1,0.1504773378733963,55
1028,1,2194,770,1424,0,0,0,1.0,1,1.0,1,1.0,1,0.1455001420252251,56
1029,0,2194,770,1424,0,0,0,1.0,1,1.0,1,1.0,1,0.1455001420252251,56
1030,1,2195,770,1425,0,0,0,1.0,1,1.0,1,1.0,1,0.1458930693169988,57
1031,0,2195,770,1425,0,0,0,1.0,1,1.0,1,1.0,1,0.15134150547764322,58
1032,3,2198,773,1425,0,0,0,1.0,1,1.0,1,1.0,1,0.2029219299242557,58
1033,0,2198,773,1425,0,0,0,1.0,1,1.0,1,1.0,1,0.1953304790060084,57
1034,5,2203,776,1427,0,0,0,1.0,1,1.0,1,1.0,1,0.19176452204694633,57
1035,5,2208,778,1430,0,0,0,1.0,1,1.0,1,1.0,1,0.2100365434112897,57
1036,1,2209,779,1430,0,0,0,1.0,1,1.0,1,1.0,1,0.2163776207595061,59
1037,7,2216,781,1435,0,0,0,1.0,1,1.0,1,1.0,1,0.21528578678812177,57
1038,4,2220,783,1437,0,0,0,1.0,1,1.0,1,1.0,1,0.24797468894367486,59
1039,3,2223,785,1438,0,0,0,1.0,1,1.0,1,1.0,1,0.23770205398705177,57
1040,1,2224,786,1438,0,0,0,1.0,1,1.0,1,1.0,1,0.29445694772226544,56
1041,3,2227,786,1441,0,0,0,1.0,1,1.0,1,1.0,1,0.2296112210210321,54
1042,4,2231,787,1444,0,0,0,1.0,1,1.0,1,1.0,1,0.1931649257915028,52
1043,0,2231,787,1444,0,0,0,1.0,1,1.0,1,1.0,1,0.1931649257915028,52
1044,1,2232,788,1444,0,0,0,1.0,1,1.0,1,1.0,1,0.21195713908558483,50
1045,3,2235,789,1446,0,0,0,1.0,1,1.0,1,1.0,1,0.22554568172861808,51
1046,2,2237,789,1448,0,0,0,1.0,1,1.0,1,1.0,1,0.21312313778483283,50
1047,1,2238,790,1448,0,0,0,1.0,1,1.0,1,1.0,1,0.25903422832682654,50
1048,0,2238,790,1448,0,0,0,1.0,1,1.0,1,1.0,1,0.25903422832682654,50
1049,2,2240,792,1448,0,0,0,1.0,1,1.0,1,1.0,1,0.28179247577549854,50
1050,0,2240,792,1448,0,0,0,1.0,1,1.0,1,1.0,1,0.28179247577549854,50
1051,1,2241,793,1448,0,0,0,1.0,1,1.0,1,1.0,1,0.2797395014825948,50
1052,1,2242,793,1449,0,0,0,1.0,1,1.0,1,1.0,1,0.28447977085424586,51
1053,0,2242,793,1449,0,0,0,1.0,1,1.0,1,1.0,1,0.28447977085424586,51
1054,2,2244,793,1451,0,0,0,1.0,1,1.0,1,1.0,1,0.25382451672466133,53
1055,0,2244,793,1451,0,0,0,1.0,1,1.0,1,1.0,1,0.2667967056775472,54
1056,0,2244,793,1451,0,0,0,1.0,1,1.0,1,1.0,1,0.29269072349534264,54
1057,3,2247,794,1453,0,0,0,1.0,1,1.0,1,1.0,1,0.30727419894992924,55
1058,0,2247,794,1453,0,0,0,1.0,1,1.0,1,1.0,1,0.3081806651480511,54
1059,5,2252,796,1456,0,0,0,1.0,1,1.0,1,1.0,1,0.2814613422228422,53
1060,1,2253,796,1457,0,0,0,1.0,1,1.0,1,1.0,1,0.2477457323652487,53
1061,6,2259,799,1460,0,0,0,1.0,1,1.0,1,1.0,1,0.21827311147551737,53
1062,4,2263,803,1460,0,0,0,1.0,1,1.0,1,1.0,1,0.23135355236575084,54
1063,4,2267,803,1464,0,0,0,1.0,1,1.0,1,1.0,1,0.1740263218213473,53
1064,1,2268,804,1464,0,0,0,1.0,1,1.0,1,1.0,1,0.21184263964978647,55
1065,2,2270,804,1466,0,0,0,1.0,1,1.0,1,1.0,1,0.19880341055689804,54
1066,0,2270,804,1466,0,0,0,1.0,1,1.0,1,1.0,1,0.20897054414086186,55
1067,2,2272,805,1467,0,0,0,1.0,1,1.0,1,1.0,1,0.23219938926914402,55
1068,1,2273,805,1468,0,0,0,1.0,1,1.0,1,1.0,1,0.23548166850486152,55
1069,3,2276,807,1469,0,0,0,1.0,1,1.0,1,1.0,1,0.2370171956659893,55
1070,0,2276,807,1469,0,0,0,1.0,1,1.0,1,1.0,1,0.25316937212210144,54
1071,1,2277,808,1469,0,0,0,1.0,1,1.0,1,1.0,1,0.2514178852461868,55
1072,2,2279,810,1469,0,0,0,1.0,1,1.0,1,1.0,1,0.241855963114807,54
1073,2,2281,812,1469,0,0,0,1.0,1,1.0,1,1.0,1,0.25606626158051005,54
1074,3,2284,814,1470,0,0,0,1.0,1,1.0,1,1.0,1,0.22875168332011783,52
1075,1,2285,815,1470,0,0,0,1.0,1,1.0,1,1.0,1,0.2340123718941989,51
1076,3,2288,817,1471,0,0,0,1.0,1,1.0,1,1.0,1,0.2011400386801196,52
1077,3,2291,820,1471,0,0,0,1.0,1,1.0,1,1.0,1,0.14340723217956797,49
1078,2,2293,822,1471,0,0,0,1.0,1,1.0,1,1.0,1,0.1866213215708064,48
1079,1,2294,823,1471,0,0,0,1.0,1,1.0,1,1.0,1,0.1860260676542282,47
1080,0,2294,823,1471,0,0,0,1.0,1,1.0,1,1.0,1,0.19476496397336718,47
1081,2,2296,825,1471,0,0,0,1.0,1,1.0,1,1.0,1,0.25313190459696827,45
1082,3,2299,826,1473,0,0,0,1.0,1,1.0,1,1.0,1,0.2608258241336912,42
1083,2,2301,828,1473,0,0,0,1.0,1,1.0,1,1.0,1,0.3521734821588859,42
1084,1,2302,828,1474,0,0,0,1.0,1,1.0,1,1.0,1,0.3285212623713721,40
1085,1,2303,829,1474,0,0,0,1.0,1,1.0,1,1.0,1,0.3081226452012239,43
1086,0,2303,829,1474,0,0,0,1.0,1,1.0,1,1.0,1,0.315133985923935,41
1087,0,2303,829,1474,0,0,0,1.0,1,1.0,1,1.0,1,0.3274426074620883,41
1088,2,2305,831,1474,0,0,0,1.0,1,1.0,1,1.0,1,0.2891818464487854,41
1089,2,2307,833,1474,0,0,0,1.0,1,1.0,1,1.0,1,0.30962655565388647,42
1090,0,2307,833,1474,0,0,0,1.0,1,1.0,1,1.0,1,0.3174863886308176,43
1091,0,2307,833,1474,0,0,0,1.0,1,1.0,1,1.0,1,0.31956918167583975,43
1092,1,2308,834,1474,0,0,0,1.0,1,1.0,1,1.0,1,0.32943900684632677,43
1093,2,2310,835,1475,0,0,0,1.0,1,1.0,1,1.0,1,0.3250631266588322,43
1094,1,2311,836,1475,0,0,0,1.0,1,1.0,1,1.0,1,0.3348857468741959,43
1095,2,2313,837,1476,0,0,0,1.0,1,1.0,1,1.0,1,0.35395077964659427,44
1096,1,2314,838,1476,0,0,0,1.0,1,1.0,1,1.0,1,0.3584423006736288,44
1097,7,2321,840,1481,0,0,0,1.0,1,1.0,1,1.0,1,0.3658337286754473,45
1098,1,2322,841,1481,0,0,0,1.0,1,1.0,1,1.0,1,0.3564650644865524,46
1099,2,2324,842,1482,0,0,0,1.0,1,1.0,1,1.0,1,0.350165011897831,48
1100,0,2324,842,1482,0,0,0,1.0,1,1.0,1,1.0,1,0.34394389187499363,49
1101,4,2328,843,1485,0,0,0,1.0,1,1.0,1,1.0,1,0.29189605949329067,49
1102,2,2330,845,1485,0,0,0,1.0,1,1.0,1,1.0,1,0.2987161466534166,50
1103,4,2334,846,1488,0,0,0,1.0,1,1.0,1,1.0,1,0.25365906896834334,48
1104,3,2337,849,1488,0,0,0,1.0,1,1.0,1,1.0,1,0.27595403349240083,50
1105,5,2342,852,1490,0,0,0,1.0,1,1.0,1,1.0,1,0.2732716472239396,48
1106,2,2344,853,1491,0,0,0,1.0,1,1.0,1,1.0,1,0.27933046879480256,48
1107,1,2345,854,1491,0,0,0,1.0,1,1.0,1,1.0,1,0.29976253181518825,47
1108,0,2345,854,1491,0,0,0,1.0,1,1.0,1,1.0,1,0.3007222735551886,47
1109,2,2347,855,1492,0,0,0,1.0,1,1.0,1,1.0,1,0.2771356038782757,46
1110,1,2348,856,1492,0,0,0,1.0,1,1.0,1,1.0,1,0.323272402131185,43
1111,3,2351,857,1494,0,0,0,1.0,1,1.0,1,1.0,1,0.30789773535163667,44
1112,2,2353,859,1494,0,0,0,1.0,1,1.0,1,1.0,1,0.373957647655414,43
1113,1,2354,860,1494,0,0,0,1.0,1,1.0,1,1.0,1,0.4136834416617965,39
1114,0,2354,860,1494,0,0,0,1.0,1,1.0,1,1.0,1,0.4136834416617965,39
1115,3,2357,863,1494,0,0,0,1.0,1,1.0,1,1.0,1,0.3416392382441819,37
1116,2,2359,865,1494,0,0,0,1.0,1,1.0,1,1.0,1,0.3253721124769139,37
1117,2,2361,866,1495,0,0,0,1.0,1,1.0,1,1.0,1,0.3700238277077144,36
1118,0,2361,866,1495,0,0,0,1.0,1,1.0,1,1.0,1,0.3710199342372874,36
1119,0,2361,866,1495,0,0,0,1.0,1,1.0,1,1.0,1,0.3710199342372874,36
1120,0,2361,866,1495,0,0,0,1.0,1,1.0,1,1.0,1,0.3710199342372874,36
1121,8,2369,866,1503,0,0,0,1.0,1,1.0,1,1.0,1,0.29229636484640203,36
1122,2,2371,866,1505,0,0,0,1.0,1,1.0,1,1.0,1,0.23827256257532498,37
1123,4,2375,867,1508,0,0,0,1.0,1,1.0,1,1.0,1,0.27806263228442807,37
1124,3,2378,867,1511,0,0,0,1.0,1,1.0,1,1.0,1,0.26098342288827503,37
1125,4,2382,869,1513,0,0,0,1.0,1,1.0,1,1.0,1,0.37224025848708897,38
1126,4,2386,869,1517,0,0,0,1.0,1,1.0,1,1.0,1,0.34269886790382326,38
1127,7,2393,869,1524,0,0,0,1.0,1,1.0,1,1.0,1,0.3417114578111529,39
1128,6,2399,869,1530,0,0,0,1.0,1,1.0,1,1.0,1,0.32085833878187164,39
1129,2,2401,869,1532,0,0,0,1.0,1,1.0,1,1.0,1,0.32279317063606,39
1130,3,2404,869,1535,0,0,0,1.0,1,1.0,1,1.0,1,0.32847555221767255,39
1131,5,2409,870,1539,0,0,0,1.0,1,1.0,1,1.0,1,0.309329136745992,39
1132,5,2414,871,1543,0,0,0,1.0,1,1.0,1,1.0,1,0.3536170166845729,39
1133,6,2420,872,1548,0,0,0,1.0,1,1.0,1,1.0,1,0.3140698108633342,42
1134,6,2426,872,1554,0,0,0,1.0,1,1.0,1,1.0,1,0.3140698108633342,42
1135,4,2430,872,1558,0,0,0,1.0,1,1.0,1,1.0,1,0.35349260742561306,44
1136,5,2435,873,1562,0,0,0,1.0,1,1.0,1,1.0,1,0.3584237635918427,46
1137,10,2445,873,1572,0,0,0,1.0,1,1.0,1,1.0,1,0.36361897898495793,45
1138,5,2450,873,1577,0,0,0,1.0,1,1.0,1,1.0,1,0.36117935886628205,46
1139,8,2458,874,1584,0,0,0,1.0,1,1.0,1,1.0,1,0.3106145602283068,47
1140,1,2459,874,1585,0,0,0,1.0,1,1.0,1,1.0,1,0.3271549489192169,46
1141,3,2462,874,1588,0,0,0,1.0,1,1.0,1,1.0,1,0.29917037616548847,45
1142,4,2466,875,1591,0,0,0,1.0,1,1.0,1,1.0,1,0.24456490683671706,45
1143,1,2467,876,1591,0,0,0,1.0,1,1.0,1,1.0,1,0.2505895759652395,43
1144,2,2469,877,1592,0,0,0,1.0,1,1.0,1,1.0,1,0.21930057240143858,45
1145,1,2470,877,1593,0,0,0,1.0,1,1.0,1,1.0,1,0.2288773424657102,44
1146,3,2473,878,1595,0,0,0,1.0,1,1.0,1,1.0,1,0.19731500144320382,45
1147,1,2474,879,1595,0,0,0,1.0,1,1.0,1,1.0,1,0.20212608036007262,44
1148,1,2475,880,1595,0,0,0,1.0,1,1.0,1,1.0,1,0.21212923447600537,43
1149,5,2480,881,1599,0,0,0,1.0,1,1.0,1,1.0,1,0.1829772016917564,42
1150,3,2483,883,1600,0,0,0,1.0,1,1.0,1,1.0,1,0.23180098420381412,45
1151,0,2483,883,1600,0,0,0,1.0,1,1.0,1,1.0,1,0.24296823145408109,40
1152,2,2485,885,1600,0,0,0,1.0,1,1.0,1,1.0,1,0.28311917940878245,41
1153,2,2487,887,1600,0,0,0,1.0,1,1.0,1,1.0,1,0.3326256953736409,38
1154,3,2490,889,1601,0,0,0,1.0,1,1.0,1,1.0,1,0.2805491549059284,37
1155,2,2492,891,1601,0,0,0,1.0,1,1.0,1,1.0,1,0.2990506610102561,38
1156,1,2493,892,1601,0,0,0,1.0,1,1.0,1,1.0,1,0.28673970732670195,38
1157,0,2493,892,1601,0,0,0,1.0,1,1.0,1,1.0,1,0.2753227090608965,37
1158,0,2493,892,1601,0,0,0,1.0,1,1.0,1,1.0,1,0.25782709723941877,36
1159,0,2493,892,1601,0,0,0,1.0,1,1.0,1,1.0,1,0.25633189291548375,35
1160,0,2493,892,1601,0,0,0,1.0,1,1.0,1,1.0,1,0.25633189291548375,35
1161,1,2494,892,1602,0,0,0,1.0,1,1.0,1,1.0,1,0.2383994974003678,36
1162,1,2495,892,1603,0,0,0,1.0,1,1.0,1,1.0,1,0.22698817446564776,37
1163,1,2496,892,1604,0,0,0,1.0,1,1.0,1,1.0,1,0.2157797809463297,37
1164,0,2496,892,1604,0,0,0,1.0,1,1.0,1,1.0,1,0.20668217839426417,38
1165,1,2497,893,1604,0,0,0,1.0,1,1.0,1,1.0,1,0.23397543865344725,38
1166,0,2497,893,1604,0,0,0,1.0,1,1.0,1,1.0,1,0.261593100309767,40
1167,3,2500,895,1605,0,0,0,1.0,1,1.0,1,1.0,1,0.24270489180350516,40
1168,2,2502,896,1606,0,0,0,1.0,1,1.0,1,1.0,1,0.22397731470733762,40
1169,0,2502,896,1606,0,0,0,1.0,1,1.0,1,1.0,1,0.23035461467379045,41
1170,2,2504,898,1606,0,0,0,1.0,1,1.0,1,1.0,1,0.26672945850106433,41
1171,2,2506,899,1607,0,0,0,1.0,1,1.0,1,1.0,1,0.23633081607190448,43
1172,1,2507,900,1607,0,0,0,1.0,1,1.0,1,1.0,1,0.25202230190109626,43
1173,0,2507,900,1607,0,0,0,1.0,1,1.0,1,1.0,1,0.25202230190109626,43
1174,1,2508,901,1607,0,0,0,1.0,1,1.0,1,1.0,1,0.25922405817633076,43
1175,1,2509,901,1608,0,0,0,1.0,1,1.0,1,1.0,1,0.2672311791343995,44
1176,5,2514,902,1612,0,0,0,1.0,1,1.0,1,1.0,1,0.22315939490487627,45
1177,1,2515,903,1612,0,0,0,1.0,1,1.0,1,1.0,1,0.24817281120431817,45
1178,1,2516,904,1612,0,0,0,1.0,1,1.0,1,1.0,1,0.22680746084191344,45
1179,2,2518,904,1614,0,0,0,1.0,1,1.0,1,1.0,1,0.22649251455846423,46
1180,0,2518,904,1614,0,0,0,1.0,1,1.0,1,1.0,1,0.20893439357224103,47
1181,0,2518,904,1614,0,0,0,1.0,1,1.0,1,1.0,1,0.22392995432105298,48
1182,1,2519,905,1614,0,0,0,1.0,1,1.0,1,1.0,1,0.22708373978247604,48
1183,2,2521,906,1615,0,0,0,1.0,1,1.0,1,1.0,1,0.26707808579839903,46
1184,3,2524,909,1615,0,0,0,1.0,1,1.0,1,1.0,1,0.2536249947451587,47
1185,1,2525,910,1615,0,0,0,1.0,1,1.0,1,1.0,1,0.2951971476182037,44
1186,2,2527,910,1617,0,0,0,1.0,1,1.0,1,1.0,1,0.2857935271261822,47
1187,0,2527,910,1617,0,0,0,1.0,1,1.0,1,1.0,1,0.30270468317215954,49
1188,0,2527,910,1617,0,0,0,1.0,1,1.0,1,1.0,1,0.30149022363161665,50
1189,0,2527,910,1617,0,0,0,1.0,1,1.0,1,1.0,1,0.2796825100412396,48
1190,1,2528,911,1617,0,0,0,1.0,1,1.0,1,1.0,1,0.3014819182578338,48
1191,0,2528,911,1617,0,0,0,1.0,1,1.0,1,1.0,1,0.27546097748470244,46
1192,1,2529,912,1617,0,0,0,1.0,1,1.0,1,1.0,1,0.2979730206832502,46
1193,0,2529,912,1617,0,0,0,1.0,1,1.0,1,1.0,1,0.325400390028427,45
1194,1,2530,912,1618,0,0,0,1.0,1,1.0,1,1.0,1,0.3120585941217393,45
1195,2,2532,913,1619,0,0,0,1.0,1,1.0,1,1.0,1,0.32300709461360133,47
1196,2,2534,914,1620,0,0,0,1.0,1,1.0,1,1.0,1,0.3224760466670329,48
1197,0,2534,914,1620,0,0,0,1.0,1,1.0,1,1.0,1,0.30933382489935624,49
1198,3,2537,916,1621,0,0,0,1.0,1,1.0,1,1.0,1,0.3088659786598668,49
1199,1,2538,916,1622,0,0,0,1.0,1,1.0,1,1.0,1,0.3101035610386115,50
1200,1,2539,917,1622,0,0,0,1.0,1,1.0,1,1.0,1,0.3218562487736102,50
1201,7,2546,917,1629,0,0,0,1.0,1,1.0,1,1.0,1,0.19808413856748142,50
1202,2,2548,918,1630,0,0,0,1.0,1,1.0,1,1.0,1,0.19775155180445053,51
1203,0,2548,918,1630,0,0,0,1.0,1,1.0,1,1.0,1,0.1968607581225867,52
1204,0,2548,918,1630,0,0,0,1.0,1,1.0,1,1.0,1,0.1968607581225867,52
1205,3,2551,919,1632,0,0,0,1.0,1,1.0,1,1.0,1,0.2073425219064573,53
1206,3,2554,919,1635,0,0,0,1.0,1,1.0,1,1.0,1,0.16523351143278414,53
1207,1,2555,919,1636,0,0,0,1.0,1,1.0,1,1.0,1,0.17885182340339778,55
1208,3,2558,919,1639,0,0,0,1.0,1,1.0,1,1.0,1,0.1869948141846779,56
1209,2,2560,919,1641,0,0,0,1.0,1,1.0,1,1.0,1,0.19918375190045567,55
1210,2,2562,919,1643,0,0,0,1.0,1,1.0,1,1.0,1,0.21951289794257098,55
1211,6,2568,919,1649,0,0,0,1.0,1,1.0,1,1.0,1,0.18732464704461094,57
1212,2,2570,919,1651,0,0,0,1.0,1,1.0,1,1.0,1,0.18106375265767613,57
1213,3,2573,919,1654,0,0,0,1.0,1,1.0,1,1.0,1,0.17664675161128973,57
1214,6,2579,921,1658,0,0,0,1.0,1,1.0,1,1.0,1,0.24117140502225268,57
1215,4,2583,921,1662,0,0,0,1.0,1,1.0,1,1.0,1,0.2151463874609821,59
1216,5,2588,921,1667,0,0,0,1.0,1,1.0,1,1.0,1,0.20000879863901308,61
1217,8,2596,922,1674,0,0,0,1.0,1,1.0,1,1.0,1,0.194203819813937,61
1218,8,2604,922,1682,0,0,0,1.0,1,1.0,1,1.0,1,0.21483087901789133,61
1219,3,2607,923,1684,0,0,0,1.0,1,1.0,1,1.0,1,0.23250225056058543,61
1220,2,2609,923,1686,0,0,0,1.0,1,1.0,1,1.0,1,0.24239901300814473,60
1221,5,2614,923,1691,0,0,0,1.0,1,1.0,1,1.0,1,0.2119361684326298,61
1222,1,2615,923,1692,0,0,0,1.0,1,1.0,1,1.0,1,0.18715316811367358,61
1223,3,2618,926,1692,0,0,0,1.0,1,1.0,1,1.0,1,0.2226504104028516,59
1224,4,2622,927,1695,0,0,0,1.0,1,1.0,1,1.0,1,0.17657365849923853,60
1225,2,2624,927,1697,0,0,0,1.0,1,1.0,1,1.0,1,0.18165915265782273,60
1226,1,2625,928,1697,0,0,0,1.0,1,1.0,1,1.0,1,0.18797949748227857,61
1227,1,2626,929,1697,0,0,0,1.0,1,1.0,1,1.0,1,0.18278638507015152,59
1228,2,2628,930,1698,0,0,0,1.0,1,1.0,1,1.0,1,0.1983661442925598,58
1229,4,2632,932,1700,0,0,0,1.0,1,1.0,1,1.0,1,0.18839396456737384,57
1230,2,2634,934,1700,0,0,0,1.0,1,1.0,1,1.0,1,0.18152996111504907,55
1231,1,2635,935,1700,0,0,0,1.0,1,1.0,1,1.0,1,0.22975088523307458,54
1232,2,2637,937,1700,0,0,0,1.0,1,1.0,1,1.0,1,0.26087641334687056,51
1233,2,2639,939,1700,0,0,0,1.0,1,1.0,1,1.0,1,0.27135090466131545,49
1234,2,2641,941,1700,0,0,0,1.0,1,1.0,1,1.0,1,0.29631601611443764,49
1235,0,2641,941,1700,0,0,0,1.0,1,1.0,1,1.0,1,0.3166796535909969,48
1236,2,2643,941,1702,0,0,0,1.0,1,1.0,1,1.0,1,0.3092074013066142,49
1237,3,2646,943,1703,0,0,0,1.0,1,1.0,1,1.0,1,0.3242979040074483,48
1238,0,2646,943,1703,0,0,0,1.0,1,1.0,1,1.0,1,0.31808040367267487,47
1239,1,2647,943,1704,0,0,0,1.0,1,1.0,1,1.0,1,0.30129639798894586,48
1240,4,2651,944,1707,0,0,0,1.0,1,1.0,1,1.0,1,0.307785446502682,49
1241,5,2656,944,1712,0,0,0,1.0,1,1.0,1,1.0,1,0.19322243370071074,49
1242,0,2656,944,1712,0,0,0,1.0,1,1.0,1,1.0,1,0.19025698885046072,49
1243,1,2657,944,1713,0,0,0,1.0,1,1.0,1,1.0,1,0.1826832963612253,50
1244,1,2658,944,1714,0,0,0,1.0,1,1.0,1,1.0,1,0.17606374234535815,50
1245,2,2660,945,1715,0,0,0,1.0,1,1.0,1,1.0,1,0.1802736885376637,51
1246,2,2662,946,1716,0,0,0,1.0,1,1.0,1,1.0,1,0.20523226954450333,52
1247,1,2663,946,1717,0,0,0,1.0,1,1.0,1,1.0,1,0.20841270866822886,52
1248,5,2668,948,1720,0,0,0,1.0,1,1.0,1,1.0,1,0.24597774297321298,51
1249,6,2674,949,1725,0,0,0,1.0,1,1.0,1,1.0,1,0.23670415499586678,51
1250,3,2677,951,1726,0,0,0,1.0,1,1.0,1,1.0,1,0.2146935807420675,51
1251,3,2680,951,1729,0,0,0,1.0,1,1.0,1,1.0,1,0.19847098310923694,53
1252,3,2683,953,1730,0,0,0,1.0,1,1.0,1,1.0,1,0.1996199769195763,52
1253,0,2683,953,1730,0,0,0,1.0,1,1.0,1,1.0,1,0.1996199769195763,52
1254,1,2684,953,1731,0,0,0,1.0,1,1.0,1,1.0,1,0.18524918067703092,53
1255,0,2684,953,1731,0,0,0,1.0,1,1.0,1,1.0,1,0.18698727349464983,55
1256,0,2684,953,1731,0,0,0,1.0,1,1.0,1,1.0,1,0.18698727349464983,55
1257,1,2685,953,1732,0,0,0,1.0,1,1.0,1,1.0,1,0.20653938611565656,57
1258,0,2685,953,1732,0,0,0,1.0,1,1.0,1,1.0,1,0.20686040869818856,57
1259,0,2685,953,1732,0,0,0,1.0,1,1.0,1,1.0,1,0.20686040869818856,57
1260,3,2688,953,1735,0,0,0,1.0,1,1.0,1,1.0,1,0.19278976613886595,56
1261,2,2690,953,1737,0,0,0,1.0,1,1.0,1,1.0,1,0.15913224440605955,57
1262,2,2692,954,1738,0,0,0,1.0,1,1.0,1,1.0,1,0.15010351338450767,58
1263,2,2694,956,1738,0,0,0,1.0,1,1.0,1,1.0,1,0.16238077739801368,58
1264,2,2696,957,1739,0,0,0,1.0,1,1.0,1,1.0,1,0.1648029254110909,57
1265,3,2699,959,1740,0,0,0,1.0,1,1.0,1,1.0,1,0.19879552217707636,56
1266,1,2700,959,1741,0,0,0,1.0,1,1.0,1,1.0,1,0.16506021193959003,55
1267,2,2702,961,1741,0,0,0,1.0,1,1.0,1,1.0,1,0.1649796393227288,53
1268,6,2708,966,1742,0,0,0,1.0,1,1.0,1,1.0,1,0.2668609941658741,52
1269,1,2709,967,1742,0,0,0,1.0,1,1.0,1,1.0,1,0.28037387990007573,51
1270,1,2710,968,1742,0,0,0,1.0,1,1.0,1,1.0,1,0.2904594547380818,47
1271,1,2711,968,1743,0,0,0,1.0,1,1.0,1,1.0,1,0.27398976431936367,46
1272,0,2711,968,1743,0,0,0,1.0,1,1.0,1,1.0,1,0.2440796972910201,43
1273,2,2713,970,1743,0,0,0,1.0,1,1.0,1,1.0,1,0.30354166248464953,44
1274,1,2714,971,1743,0,0,0,1.0,1,1.0,1,1.0,1,0.317370515745014,44
1275,0,2714,971,1743,0,0,0,1.0,1,1.0,1,1.0,1,0.32424702988825355,45
1276,2,2716,973,1743,0,0,0,1.0,1,1.0,1,1.0,1,0.3732809690222654,43
1277,4,2720,976,1744,0,0,0,1.0,1,1.0,1,1.0,1,0.3774824269144959,44
1278,5,2725,980,1745,0,0,0,1.0,1,1.0,1,1.0,1,0.4046628825324197,45
1279,0,2725,980,1745,0,0,0,1.0,1,1.0,1,1.0,1,0.4039309437413926,47
1280,0,2725,980,1745,0,0,0,1.0,1,1.0,1,1.0,1,0.4039309437413926,47
1281,10,2735,980,1755,0,0,0,1.0,1,1.0,1,1.0,1,0.2110631098115022,47
1282,2,2737,981,1756,0,0,0,1.0,1,1.0,1,1.0,1,0.20225934471386886,46
1283,0,2737,981,1756,0,0,0,1.0,1,1.0,1,1.0,1,0.20225934471386886,46
1284,0,2737,981,1756,0,0,0,1.0,1,1.0,1,1.0,1,0.20225934471386886,46
1285,1,2738,981,1757,0,0,0,1.0,1,1.0,1,1.0,1,0.20982674908717702,46
1286,0,2738,981,1757,0,0,0,1.0,1,1.0,1,1.0,1,0.21809710670751237,45
1287,4,2742,981,1761,0,0,0,1.0,1,1.0,1,1.0,1,0.17458677271711198,49
1288,1,2743,981,1762,0,0,0,1.0,1,1.0,1,1.0,1,0.1573037595149428,49
1289,0,2743,981,1762,0,0,0,1.0,1,1.0,1,1.0,1,0.15083753028120742,52
1290,2,2745,981,1764,0,0,0,1.0,1,1.0,1,1.0,1,0.1214341664291508,52
1291,3,2748,981,1767,0,0,0,1.0,1,1.0,1,1.0,1,0.1141494502509194,52
1292,2,2750,981,1769,0,0,0,1.0,1,1.0,1,1.0,1,0.11824103537090767,53
1293,1,2751,981,1770,0,0,0,1.0,1,1.0,1,1.0,1,0.12469707468996702,53
1294,3,2754,981,1773,0,0,0,1.0,1,1.0,1,1.0,1,0.11824103537090767,53
1295,5,2759,981,1778,0,0,0,1.0,1,1.0,1,1.0,1,0.12824167079209361,54
1296,6,2765,981,1784,0,0,0,1.0,1,1.0,1,1.0,1,0.16399673393073397,55
1297,7,2772,982,1790,0,0,0,1.0,1,1.0,1,1.0,1,0.20082858724282032,54
1298,3,2775,982,1793,0,0,0,1.0,1,1.0,1,1.0,1,0.1959394254438545,55
1299,3,2778,982,1796,0,0,0,1.0,1,1.0,1,1.0,1,0.2120661826603978,54
1300,7,2785,983,1802,0,0,0,1.0,1,1.0,1,1.0,1,0.2133381421794855,55
1301,6,2791,984,1807,0,0,0,1.0,1,1.0,1,1.0,1,0.19273177841004702,54
1302,4,2795,986,1809,0,0,0,1.0,1,1.0,1,1.0,1,0.1945144448537778,54
1303,4,2799,988,1811,0,0,0,1.0,1,1.0,1,1.0,1,0.24646237642145097,50
1304,3,2802,990,1812,0,0,0,1.0,1,1.0,1,1.0,1,0.1791712686237392,51
1305,3,2805,993,1812,0,0,0,1.0,1,1.0,1,1.0,1,0.17865416342856144,48
1306,6,2811,998,1813,0,0,0,1.0,1,1.0,1,1.0,1,0.3007390686901046,48
1307,3,2814,999,1815,0,0,0,1.0,1,1.0,1,1.0,1,0.25080876111691164,48
1308,3,2817,1001,1816,0,0,0,1.0,1,1.0,1,1.0,1,0.3313642168603884,46
1309,4,2821,1003,1818,0,0,0,1.0,1,1.0,1,1.0,1,0.3359016725041599,47
1310,2,2823,1003,1820,0,0,0,1.0,1,1.0,1,1.0,1,0.3302213270809053,46
1311,3,2826,1004,1822,0,0,0,1.0,1,1.0,1,1.0,1,0.33569028380491855,46
1312,10,2836,1006,1830,0,0,0,1.0,1,1.0,1,1.0,1,0.3079311071731092,45
1313,3,2839,1006,1833,0,0,0,1.0,1,1.0,1,1.0,1,0.3422945584908429,44
1314,4,2843,1007,1836,0,0,0,1.0,1,1.0,1,1.0,1,0.3420061095640036,42
1315,3,2846,1008,1838,0,0,0,1.0,1,1.0,1,1.0,1,0.35073620167495406,40
1316,2,2848,1008,1840,0,0,0,1.0,1,1.0,1,1.0,1,0.32209296302635537,42
1317,6,2854,1009,1845,0,0,0,1.0,1,1.0,1,1.0,1,0.32201254410143276,42
1318,2,2856,1009,1847,0,0,0,1.0,1,1.0,1,1.0,1,0.3181582797465636,42
1319,3,2859,1011,1848,0,0,0,1.0,1,1.0,1,1.0,1,0.37030391303881316,42
1320,4,2863,1011,1852,0,0,0,1.0,1,1.0,1,1.0,1,0.37030391303881316,42
1321,6,2869,1011,1858,0,0,0,1.0,1,1.0,1,1.0,1,0.2382879231914423,45
1322,0,2869,1011,1858,0,0,0,1.0,1,1.0,1,1.0,1,0.2382879231914423,45
1323,2,2871,1012,1859,0,0,0,1.0,1,1.0,1,1.0,1,0.19502959534834693,46
1324,0,2871,1012,1859,0,0,0,1.0,1,1.0,1,1.0,1,0.21027181367753767,45
1325,1,2872,1013,1859,0,0,0,1.0,1,1.0,1,1.0,1,0.2291572206791611,46
1326,1,2873,1013,1860,0,0,0,1.0,1,1.0,1,1.0,1,0.23292462226534588,45
1327,2,2875,1013,1862,0,0,0,1.0,1,1.0,1,1.0,1,0.20694636688740353,46
1328,2,2877,1013,1864,0,0,0,1.0,1,1.0,1,1.0,1,0.20055569033683515,47
1329,4,2881,1014,1867,0,0,0,1.0,1,1.0,1,1.0,1,0.20937602692035817,47
1330,3,2884,1014,1870,0,0,0,1.0,1,1.0,1,1.0,1,0.2037462904316156,46
1331,2,2886,1014,1872,0,0,0,1.0,1,1.0,1,1.0,1,0.2037462904316156,46
1332,5,2891,1016,1875,0,0,0,1.0,1,1.0,1,1.0,1,0.2621385349294525,49
1333,4,2895,1016,1879,0,0,0,1.0,1,1.0,1,1.0,1,0.23561102124404926,50
1334,5,2900,1016,1884,0,0,0,1.0,1,1.0,1,1.0,1,0.2377074393377703,50
1335,3,2903,1016,1887,0,0,0,1.0,1,1.0,1,1.0,1,0.2669218246312901,52
1336,2,2905,1016,1889,0,0,0,1.0,1,1.0,1,1.0,1,0.2383957535270293,53
1337,6,2911,1018,1893,0,0,0,1.0,1,1.0,1,1.0,1,0.27211174324714515,54
1338,7,2918,1020,1898,0,0,0,1.0,1,1.0,1,1.0,1,0.303653526107367,54
1339,5,2923,1021,1902,0,0,0,1.0,1,1.0,1,1.0,1,0.29816972494667376,54
1340,4,2927,1021,1906,0,0,0,1.0,1,1.0,1,1.0,1,0.281570318695159,53
1341,2,2929,1021,1908,0,0,0,1.0,1,1.0,1,1.0,1,0.2696199271637857,53
1342,1,2930,1022,1908,0,0,0,1.0,1,1.0,1,1.0,1,0.28174552634376243,52
1343,0,2930,1022,1908,0,0,0,1.0,1,1.0,1,1.0,1,0.2656642721297288,50
1344,3,2933,1023,1910,0,0,0,1.0,1,1.0,1,1.0,1,0.2646370669877079,51
1345,0,2933,1023,1910,0,0,0,1.0,1,1.0,1,1.0,1,0.26295692729827713,50
1346,0,2933,1023,1910,0,0,0,1.0,1,1.0,1,1.0,1,0.2628618665665789,50
1347,0,2933,1023,1910,0,0,0,1.0,1,1.0,1,1.0,1,0.28031202314308884,48
1348,2,2935,1024,1911,0,0,0,1.0,1,1.0,1,1.0,1,0.2697823257775965,49
1349,1,2936,1025,1911,0,0,0,1.0,1,1.0,1,1.0,1,0.26007749463902063,48
1350,1,2937,1026,1911,0,0,0,1.0,1,1.0,1,1.0,1,0.2861036799943594,49
1351,0,2937,1026,1911,0,0,0,1.0,1,1.0,1,1.0,1,0.2801271334239625,48
1352,5,2942,1029,1913,0,0,0,1.0,1,1.0,1,1.0,1,0.2860281170570124,49
1353,1,2943,1029,1914,0,0,0,1.0,1,1.0,1,1.0,1,0.2767969729402523,49
1354,3,2946,1029,1917,0,0,0,1.0,1,1.0,1,1.0,1,0.2673602884246386,49
1355,2,2948,1029,1919,0,0,0,1.0,1,1.0,1,1.0,1,0.24634088514164362,50
1356,0,2948,1029,1919,0,0,0,1.0,1,1.0,1,1.0,1,0.24634088514164362,50
1357,5,2953,1032,1921,0,0,0,1.0,1,1.0,1,1.0,1,0.2587071933464876,50
1358,3,2956,1033,1923,0,0,0,1.0,1,1.0,1,1.0,1,0.2492438008211228,51
1359,4,2960,1034,1926,0,0,0,1.0,1,1.0,1,1.0,1,0.2744062158536062,53
1360,3,2963,1034,1929,0,0,0,1.0,1,1.0,1,1.0,1,0.2654520943119903,54
1361,5,2968,1034,1934,0,0,0,1.0,1,1.0,1,1.0,1,0.17191142493485054,54
1362,3,2971,1035,1936,0,0,0,1.0,1,1.0,1,1.0,1,0.16386744788642985,55
1363,3,2974,1035,1939,0,0,0,1.0,1,1.0,1,1.0,1,0.1513026986346677,55
1364,1,2975,1035,1940,0,0,0,1.0,1,1.0,1,1.0,1,0.1620610075630031,55
1365,5,2980,1036,1944,0,0,0,1.0,1,1.0,1,1.0,1,0.16191017879512443,56
1366,4,2984,1036,1948,0,0,0,1.0,1,1.0,1,1.0,1,0.1510401961143645,56
1367,4,2988,1037,1951,0,0,0,1.0,1,1.0,1,1.0,1,0.16618934117371478,56
1368,3,2991,1038,1953,0,0,0,1.0,1,1.0,1,1.0,1,0.20044519424134793,58
1369,4,2995,1038,1957,0,0,0,1.0,1,1.0,1,1.0,1,0.19033146080159816,59
1370,4,2999,1038,1961,0,0,0,1.0,1,1.0,1,1.0,1,0.19033146080159816,59
1371,3,3002,1038,1964,0,0,0,1.0,1,1.0,1,1.0,1,0.19904801415630752,59
1372,4,3006,1039,1967,0,0,0,1.0,1,1.0,1,1.0,1,0.18397390976902636,59
1373,2,3008,1039,1969,0,0,0,1.0,1,1.0,1,1.0,1,0.1872158890313668,59
1374,3,3011,1039,1972,0,0,0,1.0,1,1.0,1,1.0,1,0.18704197174101542,60
1375,6,3017,1039,1978,0,0,0,1.0,1,1.0,1,1.0,1,0.1743284761397651,61
1376,8,3025,1039,1986,0,0,0,1.0,1,1.0,1,1.0,1,0.2082930221101367,61
1377,5,3030,1041,1989,0,0,0,1.0,1,1.0,1,1.0,1,0.21438115190990906,61
1378,10,3040,1042,1998,0,0,0,1.0,1,1.0,1,1.0,1,0.20345608427664866,61
1379,5,3045,1042,2003,0,0,0,1.0,1,1.0,1,1.0,1,0.23586398668305625,60
1380,7,3052,1043,2009,0,0,0,1.0,1,1.0,1,1.0,1,0.2530510608185188,60
1381,7,3059,1044,2015,0,0,0,1.0,1,1.0,1,1.0,1,0.19308613100058522,58
1382,3,3062,1045,2017,0,0,0,1.0,1,1.0,1,1.0,1,0.19556684086864984,58
1383,1,3063,1045,2018,0,0,0,1.0,1,1.0,1,1.0,1,0.1455706017622767,57
1384,1,3064,1046,2018,0,0,0,1.0,1,1.0,1,1.0,1,0.2009864043661899,54
1385,1,3065,1046,2019,0,0,0,1.0,1,1.0,1,1.0,1,0.18032168425279774,52
1386,2,3067,1047,2020,0,0,0,1.0,1,1.0,1,1.0,1,0.18257647305933514,51
1387,1,3068,1048,2020,0,0,0,1.0,1,1.0,1,1.0,1,0.22665674129605232,51
1388,6,3074,1052,2022,0,0,0,1.0,1,1.0,1,1.0,1,0.17256173605963848,52
1389,0,3074,1052,2022,0,0,0,1.0,1,1.0,1,1.0,1,0.2194598370245902,50
1390,2,3076,1054,2022,0,0,0,1.0,1,1.0,1,1.0,1,0.19120076846051587,51
1391,0,3076,1054,2022,0,0,0,1.0,1,1.0,1,1.0,1,0.19597422151899588,50
1392,1,3077,1055,2022,0,0,0,1.0,1,1.0,1,1.0,1,0.20571991963416536,50
1393,0,3077,1055,2022,0,0,0,1.0,1,1.0,1,1.0,1,0.22310315239190334,49
1394,1,3078,1056,2022,0,0,0,1.0,1,1.0,1,1.0,1,0.24361483257397074,50
1395,1,3079,1056,2023,0,0,0,1.0,1,1.0,1,1.0,1,0.2484587094812881,51
1396,4,3083,1057,2026,0,0,0,1.0,1,1.0,1,1.0,1,0.22862645473200632,52
1397,1,3084,1057,2027,0,0,0,1.0,1,1.0,1,1.0,1,0.20696573341402152,52
1398,0,3084,1057,2027,0,0,0,1.0,1,1.0,1,1.0,1,0.18547629033934832,53
1399,2,3086,1059,2027,0,0,0,1.0,1,1.0,1,1.0,1,0.19502576184230164,54
1400,1,3087,1060,2027,0,0,0,1.0,1,1.0,1,1.0,1,0.22742280099522202,54
1401,4,3091,1062,2029,0,0,0,1.0,1,1.0,1,1.0,1,0.18098698156388315,54
1402,2,3093,1064,2029,0,0,0,1.0,1,1.0,1,1.0,1,0.1765886656151989,53
1403,0,3093,1064,2029,0,0,0,1.0,1,1.0,1,1.0,1,0.1944177506198754,52
1404,1,3094,1064,2030,0,0,0,1.0,1,1.0,1,1.0,1,0.19994528454998373,53
1405,2,3096,1065,2031,0,0,0,1.0,1,1.0,1,1.0,1,0.25552328578066785,52
1406,2,3098,1065,2033,0,0,0,1.0,1,1.0,1,1.0,1,0.24465103898595192,53
1407,1,3099,1065,2034,0,0,0,1.0,1,1.0,1,1.0,1,0.2406929095221002,54
1408,0,3099,1065,2034,0,0,0,1.0,1,1.0,1,1.0,1,0.2555866737414324,53
1409,0,3099,1065,2034,0,0,0,1.0,1,1.0,1,1.0,1,0.2550300455873285,55
1410,0,3099,1065,2034,0,0,0,1.0,1,1.0,1,1.0,1,0.2470545022726577,54
1411,0,3099,1065,2034,0,0,0,1.0,1,1.0,1,1.0,1,0.2470545022726577,54
1412,0,3099,1065,2034,0,0,0,1.0,1,1.0,1,1.0,1,0.2545226018972932,53
1413,0,3099,1065,2034,0,0,0,1.0,1,1.0,1,1.0,1,0.24713024902101965,54
1414,2,3101,1065,2036,0,0,0,1.0,1,1.0,1,1.0,1,0.24611254462307192,55
1415,4,3105,1067,2038,0,0,0,1.0,1,1.0,1,1.0,1,0.22438652975736276,57
1416,2,3107,1069,2038,0,0,0,1.0,1,1.0,1,1.0,1,0.25999532859565355,59
1417,0,3107,1069,2038,0,0,0,1.0,1,1.0,1,1.0,1,0.24982740565025244,58
1418,2,3109,1071,2038,0,0,0,1.0,1,1.0,1,1.0,1,0.2591639056889806,57
1419,1,3110,1072,2038,0,0,0,1.0,1,1.0,1,1.0,1,0.27328399439835477,56
1420,1,3111,1072,2039,0,0,0,1.0,1,1.0,1,1.0,1,0.28581535843611483,54
1421,6,3117,1073,2044,0,0,0,1.0,1,1.0,1,1.0,1,0.20407098340314195,55
1422,0,3117,1073,2044,0,0,0,1.0,1,1.0,1,1.0,1,0.18044875521852596,52
1423,2,3119,1075,2044,0,0,0,1.0,1,1.0,1,1.0,1,0.230119675210154,52
1424,3,3122,1078,2044,0,0,0,1.0,1,1.0,1,1.0,1,0.26902747115114034,51
1425,0,3122,1078,2044,0,0,0,1.0,1,1.0,1,1.0,1,0.26288517146939144,50
1426,2,3124,1079,2045,0,0,0,1.0,1,1.0,1,1.0,1,0.26326765322482276,50
1427,0,3124,1079,2045,0,0,0,1.0,1,1.0,1,1.0,1,0.2733899473132817,48
1428,4,3128,1083,2045,0,0,0,1.0,1,1.0,1,1.0,1,0.33929430183687936,48
1429,2,3130,1084,2046,0,0,0,1.0,1,1.0,1,1.0,1,0.339820854003883,48
1430,4,3134,1085,2049,0,0,0,1.0,1,1.0,1,1.0,1,0.3077434798114674,48
1431,1,3135,1085,2050,0,0,0,1.0,1,1.0,1,1.0,1,0.27924397957070135,48
1432,3,3138,1085,2053,0,0,0,1.0,1,1.0,1,1.0,1,0.23115655813606012,50
1433,0,3138,1085,2053,0,0,0,1.0,1,1.0,1,1.0,1,0.2417603219681446,51
1434,2,3140,1087,2053,0,0,0,1.0,1,1.0,1,1.0,1,0.2534038699308508,51
1435,6,3146,1091,2055,0,0,0,1.0,1,1.0,1,1.0,1,0.27961502024910273,50
1436,3,3149,1093,2056,0,0,0,1.0,1,1.0,1,1.0,1,0.2571192563329953,51
1437,0,3149,1093,2056,0,0,0,1.0,1,1.0,1,1.0,1,0.2571192563329953,51
1438,3,3152,1095,2057,0,0,0,1.0,1,1.0,1,1.0,1,0.286732769664518,51
1439,1,3153,1095,2058,0,0,0,1.0,1,1.0,1,1.0,1,0.2714320321194626,50
1440,1,3154,1096,2058,0,0,0,1.0,1,1.0,1,1.0,1,0.3118378884365151,51
1441,5,3159,1096,2063,0,0,0,1.0,1,1.0,1,1.0,1,0.20143640852723566,51
1442,3,3162,1098,2064,0,0,0,1.0,1,1.0,1,1.0,1,0.20213345505418548,52
1443,1,3163,1098,2065,0,0,0,1.0,1,1.0,1,1.0,1,0.20857288917041786,53
1444,3,3166,1099,2067,0,0,0,1.0,1,1.0,1,1.0,1,0.1761088618039561,54
1445,1,3167,1099,2068,0,0,0,1.0,1,1.0,1,1.0,1,0.20320423582491332,54
1446,5,3172,1099,2073,0,0,0,1.0,1,1.0,1,1.0,1,0.16178265682161544,54
1447,4,3176,1099,2077,0,0,0,1.0,1,1.0,1,1.0,1,0.16833247932587309,55
1448,2,3178,1099,2079,0,0,0,1.0,1,1.0,1,1.0,1,0.14435995976572666,55
1449,1,3179,1099,2080,0,0,0,1.0,1,1.0,1,1.0,1,0.1561003451144978,55
1450,3,3182,1100,2082,0,0,0,1.0,1,1.0,1,1.0,1,0.16491007617852338,57
1451,2,3184,1100,2084,0,0,0,1.0,1,1.0,1,1.0,1,0.16491007617852338,57
1452,1,3185,1100,2085,0,0,0,1.0,1,1.0,1,1.0,1,0.14913346189071872,57
1453,6,3191,1101,2090,0,0,0,1.0,1,1.0,1,1.0,1,0.16917153123226672,57
1454,5,3196,1103,2093,0,0,0,1.0,1,1.0,1,1.0,1,0.23381825473068113,58
1455,2,3198,1103,2095,0,0,0,1.0,1,1.0,1,1.0,1,0.21075695309303435,56
1456,7,3205,1104,2101,0,0,0,1.0,1,1.0,1,1.0,1,0.2173758799099864,55
1457,5,3210,1104,2106,0,0,0,1.0,1,1.0,1,1.0,1,0.24700649650759318,54
1458,3,3213,1105,2108,0,0,0,1.0,1,1.0,1,1.0,1,0.26451212080521846,53
1459,2,3215,1105,2110,0,0,0,1.0,1,1.0,1,1.0,1,0.2498881809671735,52
1460,2,3217,1106,2111,0,0,0,1.0,1,1.0,1,1.0,1,0.22367726076667283,51
1461,9,3226,1109,2117,0,0,0,1.0,1,1.0,1,1.0,1,0.1562107179944238,51
1462,3,3229,1111,2118,0,0,0,1.0,1,1.0,1,1.0,1,0.1407451434472061,51
1463,3,3232,1114,2118,0,0,0,1.0,1,1.0,1,1.0,1,0.17954538459000055,52
1464,3,3235,1117,2118,0,0,0,1.0,1,1.0,1,1.0,1,0.20177875067971618,52
1465,2,3237,1118,2119,0,0,0,1.0,1,1.0,1,1.0,1,0.18915781701078965,51
1466,3,3240,1120,2120,0,0,0,1.0,1,1.0,1,1.0,1,0.19411020714706792,50
1467,3,3243,1122,2121,0,0,0,1.0,1,1.0,1,1.0,1,0.21411355029051476,48
1468,5,3248,1125,2123,0,0,0,1.0,1,1.0,1,1.0,1,0.1898835666968733,48
1469,2,3250,1127,2123,0,0,0,1.0,1,1.0,1,1.0,1,0.24182049840261227,48
1470,1,3251,1128,2123,0,0,0,1.0,1,1.0,1,1.0,1,0.2517392029414669,48
1471,2,3253,1130,2123,0,0,0,1.0,1,1.0,1,1.0,1,0.29050726293589396,45
1472,1,3254,1131,2123,0,0,0,1.0,1,1.0,1,1.0,1,0.2843237411639186,45
1473,1,3255,1132,2123,0,0,0,1.0,1,1.0,1,1.0,1,0.3131436138589583,46
1474,1,3256,1132,2124,0,0,0,1.0,1,1.0,1,1.0,1,0.3004314079928378,46
1475,1,3257,1133,2124,0,0,0,1.0,1,1.0,1,1.0,1,0.31817142753134187,46
1476,1,3258,1133,2125,0,0,0,1.0,1,1.0,1,1.0,1,0.31533004820598226,47
1477,1,3259,1133,2126,0,0,0,1.0,1,1.0,1,1.0,1,0.3143297623099284,47
1478,0,3259,1133,2126,0,0,0,1.0,1,1.0,1,1.0,1,0.34327976806773264,47
1479,0,3259,1133,2126,0,0,0,1.0,1,1.0,1,1.0,1,0.3346026198154308,48
1480,1,3260,1134,2126,0,0,0,1.0,1,1.0,1,1.0,1,0.36023918198200466,47
1481,11,3271,1135,2136,0,0,0,1.0,1,1.0,1,1.0,1,0.22020824166629271,47
1482,3,3274,1137,2137,0,0,0,1.0,1,1.0,1,1.0,1,0.30195079488206994,46
1483,6,3280,1138,2142,0,0,0,1.0,1,1.0,1,1.0,1,0.2507932134470037,47
1484,3,3283,1138,2145,0,0,0,1.0,1,1.0,1,1.0,1,0.2805717541038523,47
1485,3,3286,1138,2148,0,0,0,1.0,1,1.0,1,1.0,1,0.32640318665700024,47
1486,5,3291,1138,2153,0,0,0,1.0,1,1.0,1,1.0,1,0.2787630410009512,49
1487,9,3300,1141,2159,0,0,0,1.0,1,1.0,1,1.0,1,0.24911014306750925,49
1488,2,3302,1142,2160,0,0,0,1.0,1,1.0,1,1.0,1,0.2152933043606422,51
1489,3,3305,1143,2162,0,0,0,1.0,1,1.0,1,1.0,1,0.2728138012338079,52
1490,4,3309,1144,2165,0,0,0,1.0,1,1.0,1,1.0,1,0.25524396269572897,52
1491,5,3314,1145,2169,0,0,0,1.0,1,1.0,1,1.0,1,0.29549162331388384,53
1492,11,3325,1147,2178,0,0,0,1.0,1,1.0,1,1.0,1,0.29633060300162856,53
1493,7,3332,1147,2185,0,0,0,1.0,1,1.0,1,1.0,1,0.23326439210981018,52
1494,4,3336,1148,2188,0,0,0,1.0,1,1.0,1,1.0,1,0.22464888759726664,50
1495,6,3342,1150,2192,0,0,0,1.0,1,1.0,1,1.0,1,0.26494811374731037,50
1496,5,3347,1152,2195,0,0,0,1.0,1,1.0,1,1.0,1,0.2934564632770317,52
1497,6,3353,1153,2200,0,0,0,1.0,1,1.0,1,1.0,1,0.3143100970089402,51
1498,9,3362,1155,2207,0,0,0,1.0,1,1.0,1,1.0,1,0.29392887719255595,50
1499,5,3367,1155,2212,0,0,0,1.0,1,1.0,1,1.0,1,0.2758517345023465,50
1500,6,3373,1156,2217,0,0,0,1.0,1,1.0,1,1.0,1,0.27369836935504255,49
1501,3,3376,1157,2219,0,0,0,1.0,1,1.0,1,1.0,1,0.24391057638233676,47
1502,3,3379,1160,2219,0,0,0,1.0,1,1.0,1,1.0,1,0.2680379454052414,47
1503,1,3380,1160,2220,0,0,0,1.0,1,1.0,1,1.0,1,0.23742374309887077,47
1504,3,3383,1163,2220,0,0,0,1.0,1,1.0,1,1.0,1,0.2688857758749746,48
1505,3,3386,1164,2222,0,0,0,1.0,1,1.0,1,1.0,1,0.2449725872899147,47
1506,0,3386,1164,2222,0,0,0,1.0,1,1.0,1,1.0,1,0.2276412310916913,47
1507,3,3389,1167,2222,0,0,0,1.0,1,1.0,1,1.0,1,0.2583866421902294,45
1508,3,3392,1169,2223,0,0,0,1.0,1,1.0,1,1.0,1,0.26878599678638854,45
1509,4,3396,1172,2224,0,0,0,1.0,1,1.0,1,1.0,1,0.27510942059192234,44
1510,2,3398,1174,2224,0,0,0,1.0,1,1.0,1,1.0,1,0.33538456889946044,42
1511,0,3398,1174,2224,0,0,0,1.0,1,1.0,1,1.0,1,0.34066734048454883,40
1512,5,3403,1177,2226,0,0,0,1.0,1,1.0,1,1.0,1,0.3787911405658917,39
1513,1,3404,1177,2227,0,0,0,1.0,1,1.0,1,1.0,1,0.3696568903199395,39
1514,1,3405,1177,2228,0,0,0,1.0,1,1.0,1,1.0,1,0.3617254699353236,38
1515,0,3405,1177,2228,0,0,0,1.0,1,1.0,1,1.0,1,0.3772873765158814,39
1516,0,3405,1177,2228,0,0,0,1.0,1,1.0,1,1.0,1,0.3772873765158814,39
1517,2,3407,1179,2228,0,0,0,1.0,1,1.0,1,1.0,1,0.36377118379934403,39
1518,3,3410,1181,2229,0,0,0,1.0,1,1.0,1,1.0,1,0.3766557880962813,39
1519,1,3411,1181,2230,0,0,0,1.0,1,1.0,1,1.0,1,0.35409862119336716,39
1520,1,3412,1182,2230,0,0,0,1.0,1,1.0,1,1.0,1,0.4126550316709326,39
1521,12,3424,1183,2241,0,0,0,1.0,1,1.0,1,1.0,1,0.2374310088414352,40
1522,1,3425,1183,2242,0,0,0,1.0,1,1.0,1,1.0,1,0.24484947994634385,40
1523,0,3425,1183,2242,0,0,0,1.0,1,1.0,1,1.0,1,0.2571565920104679,41
1524,0,3425,1183,2242,0,0,0,1.0,1,1.0,1,1.0,1,0.272189919135116,42
1525,1,3426,1183,2243,0,0,0,1.0,1,1.0,1,1.0,1,0.27774550541780424,45
1526,0,3426,1183,2243,0,0,0,1.0,1,1.0,1,1.0,1,0.2878542433539549,46
1527,0,3426,1183,2243,0,0,0,1.0,1,1.0,1,1.0,1,0.2878542433539549,46
1528,0,3426,1183,2243,0,0,0,1.0,1,1.0,1,1.0,1,0.2859240670392787,47
1529,1,3427,1183,2244,0,0,0,1.0,1,1.0,1,1.0,1,0.25202138250765915,47
1530,0,3427,1183,2244,0,0,0,1.0,1,1.0,1,1.0,1,0.26216299549522515,48
1531,0,3427,1183,2244,0,0,0,1.0,1,1.0,1,1.0,1,0.2741299125944757,46
1532,4,3431,1184,2247,0,0,0,1.0,1,1.0,1,1.0,1,0.2681168242856072,47
1533,0,3431,1184,2247,0,0,0,1.0,1,1.0,1,1.0,1,0.2602584686732533,46
1534,0,3431,1184,2247,0,0,0,1.0,1,1.0,1,1.0,1,0.26979550392462737,47
1535,1,3432,1185,2247,0,0,0,1.0,1,1.0,1,1.0,1,0.28424607281466946,47
1536,0,3432,1185,2247,0,0,0,1.0,1,1.0,1,1.0,1,0.294865959801817,48
1537,0,3432,1185,2247,0,0,0,1.0,1,1.0,1,1.0,1,0.3134885008233076,46
1538,1,3433,1185,2248,0,0,0,1.0,1,1.0,1,1.0,1,0.29426879973397707,47
1539,0,3433,1185,2248,0,0,0,1.0,1,1.0,1,1.0,1,0.3168652956931562,47
1540,1,3434,1186,2248,0,0,0,1.0,1,1.0,1,1.0,1,0.32772947856554685,47
1541,7,3441,1186,2255,0,0,0,1.0,1,1.0,1,1.0,1,0.23523452274206336,47
1542,6,3447,1189,2258,0,0,0,1.0,1,1.0,1,1.0,1,0.2679050324657692,50
1543,4,3451,1192,2259,0,0,0,1.0,1,1.0,1,1.0,1,0.24957427261372553,47
1544,5,3456,1195,2261,0,0,0,1.0,1,1.0,1,1.0,1,0.2575740251086182,48
1545,4,3460,1196,2264,0,0,0,1.0,1,1.0,1,1.0,1,0.24237324173177585,47
1546,3,3463,1197,2266,0,0,0,1.0,1,1.0,1,1.0,1,0.24525759893661053,47
1547,4,3467,1199,2268,0,0,0,1.0,1,1.0,1,1.0,1,0.2817545184356674,47
1548,10,3477,1203,2274,0,0,0,1.0,1,1.0,1,1.0,1,0.2982945617685614,47
1549,9,3486,1207,2279,0,0,0,1.0,1,1.0,1,1.0,1,0.3186501547416923,46
1550,8,3494,1208,2286,0,0,0,1.0,1,1.0,1,1.0,1,0.27048293079263336,44
1551,8,3502,1210,2292,0,0,0,1.0,1,1.0,1,1.0,1,0.2731448957274002,45
1552,4,3506,1210,2296,0,0,0,1.0,1,1.0,1,1.0,1,0.2923380046609285,43
1553,7,3513,1212,2301,0,0,0,1.0,1,1.0,1,1.0,1,0.34619738821867185,43
1554,3,3516,1213,2303,0,0,0,1.0,1,1.0,1,1.0,1,0.36079859800982034,41
1555,6,3522,1214,2308,0,0,0,1.0,1,1.0,1,1.0,1,0.2936495690440724,44
1556,2,3524,1215,2309,0,0,0,1.0,1,1.0,1,1.0,1,0.2711684981531827,45
1557,4,3528,1216,2312,0,0,0,1.0,1,1.0,1,1.0,1,0.29654126158496275,45
1558,5,3533,1216,2317,0,0,0,1.0,1,1.0,1,1.0,1,0.2815852932484672,46
1559,2,3535,1217,2318,0,0,0,1.0,1,1.0,1,1.0,1,0.24374239212055507,47
1560,4,3539,1219,2320,0,0,0,1.0,1,1.0,1,1.0,1,0.27536360667212234,46
1561,4,3543,1219,2324,0,0,0,1.0,1,1.0,1,1.0,1,0.16468754249616063,47
1562,2,3545,1219,2326,0,0,0,1.0,1,1.0,1,1.0,1,0.14524403264289093,47
1563,0,3545,1219,2326,0,0,0,1.0,1,1.0,1,1.0,1,0.14524403264289093,47
1564,0,3545,1219,2326,0,0,0,1.0,1,1.0,1,1.0,1,0.14524403264289093,47
1565,4,3549,1219,2330,0,0,0,1.0,1,1.0,1,1.0,1,0.14985924936918402,48
1566,2,3551,1219,2332,0,0,0,1.0,1,1.0,1,1.0,1,0.14985924936918402,48
1567,2,3553,1219,2334,0,0,0,1.0,1,1.0,1,1.0,1,0.14467475068962735,48
1568,3,3556,1220,2336,0,0,0,1.0,1,1.0,1,1.0,1,0.176983138973986,48
1569,1,3557,1220,2337,0,0,0,1.0,1,1.0,1,1.0,1,0.198657894189653,45
1570,2,3559,1220,2339,0,0,0,1.0,1,1.0,1,1.0,1,0.2023220122985833,44
1571,3,3562,1222,2340,0,0,0,1.0,1,1.0,1,1.0,1,0.1680771896340796,42
1572,0,3562,1222,2340,0,0,0,1.0,1,1.0,1,1.0,1,0.21568662423098306,43
1573,1,3563,1223,2340,0,0,0,1.0,1,1.0,1,1.0,1,0.23957585910310783,43
1574,4,3567,1226,2341,0,0,0,1.0,1,1.0,1,1.0,1,0.23603790933160007,42
1575,3,3570,1226,2344,0,0,0,1.0,1,1.0,1,1.0,1,0.2347901013008967,43
1576,5,3575,1230,2345,0,0,0,1.0,1,1.0,1,1.0,1,0.3282748236597341,41
1577,0,3575,1230,2345,0,0,0,1.0,1,1.0,1,1.0,1,0.31523057878924954,40
1578,3,3578,1230,2348,0,0,0,1.0,1,1.0,1,1.0,1,0.3136708244272549,40
1579,2,3580,1230,2350,0,0,0,1.0,1,1.0,1,1.0,1,0.3174068156645371,40
1580,4,3584,1231,2353,0,0,0,1.0,1,1.0,1,1.0,1,0.28936340410352684,40
1581,5,3589,1232,2357,0,0,0,1.0,1,1.0,1,1.0,1,0.21669430961716493,40
1582,4,3593,1235,2358,0,0,0,1.0,1,1.0,1,1.0,1,0.2532302909619075,40
1583,0,3593,1235,2358,0,0,0,1.0,1,1.0,1,1.0,1,0.24742895394838452,38
1584,2,3595,1236,2359,0,0,0,1.0,1,1.0,1,1.0,1,0.2102203746286141,39
1585,3,3598,1239,2359,0,0,0,1.0,1,1.0,1,1.0,1,0.2100910869960554,38
1586,4,3602,1242,2360,0,0,0,1.0,1,1.0,1,1.0,1,0.2293603951313951,38
1587,2,3604,1244,2360,0,0,0,1.0,1,1.0,1,1.0,1,0.2557257408549322,37
1588,3,3607,1245,2362,0,0,0,1.0,1,1.0,1,1.0,1,0.2586036586491814,39
1589,1,3608,1246,2362,0,0,0,1.0,1,1.0,1,1.0,1,0.2816293157424805,37
1590,1,3609,1247,2362,0,0,0,1.0,1,1.0,1,1.0,1,0.291087301704823,37
1591,0,3609,1247,2362,0,0,0,1.0,1,1.0,1,1.0,1,0.3144728586513877,36
1592,3,3612,1247,2365,0,0,0,1.0,1,1.0,1,1.0,1,0.2861764186199571,34
1593,2,3614,1249,2365,0,0,0,1.0,1,1.0,1,1.0,1,0.3718004911975782,33
1594,1,3615,1250,2365,0,0,0,1.0,1,1.0,1,1.0,1,0.37677950859260106,31
1595,0,3615,1250,2365,0,0,0,1.0,1,1.0,1,1.0,1,0.362530083259102,34
1596,0,3615,1250,2365,0,0,0,1.0,1,1.0,1,1.0,1,0.37021736603368366,33
1597,0,3615,1250,2365,0,0,0,1.0,1,1.0,1,1.0,1,0.37021736603368366,33
1598,0,3615,1250,2365,0,0,0,1.0,1,1.0,1,1.0,1,0.37550561337879745,33
1599,2,3617,1251,2366,0,0,0,1.0,1,1.0,1,1.0,1,0.36971915625240315,33
1600,1,3618,1251,2367,0,0,0,1.0,1,1.0,1,1.0,1,0.3511809709638935,34
1601,5,3623,1253,2370,0,0,0,1.0,1,1.0,1,1.0,1,0.2999016528810489,35
1602,3,3626,1253,2373,0,0,0,1.0,1,1.0,1,1.0,1,0.2032269958429412,36
1603,1,3627,1254,2373,0,0,0,1.0,1,1.0,1,1.0,1,0.2590822505674813,38
1604,2,3629,1255,2374,0,0,0,1.0,1,1.0,1,1.0,1,0.2452739614214038,38
1605,0,3629,1255,2374,0,0,0,1.0,1,1.0,1,1.0,1,0.2452739614214038,38
1606,4,3633,1257,2376,0,0,0,1.0,1,1.0,1,1.0,1,0.2942692057206015,39
1607,4,3637,1258,2379,0,0,0,1.0,1,1.0,1,1.0,1,0.24943564293759343,37
1608,3,3640,1260,2380,0,0,0,1.0,1,1.0,1,1.0,1,0.29784162293138533,36
1609,2,3642,1260,2382,0,0,0,1.0,1,1.0,1,1.0,1,0.3004517223668869,34
1610,4,3646,1262,2384,0,0,0,1.0,1,1.0,1,1.0,1,0.27545799784113617,34
1611,3,3649,1263,2386,0,0,0,1.0,1,1.0,1,1.0,1,0.321743995270121,35
1612,3,3652,1263,2389,0,0,0,1.0,1,1.0,1,1.0,1,0.29870394118480253,33
1613,4,3656,1263,2393,0,0,0,1.0,1,1.0,1,1.0,1,0.28848878998554417,34
1614,3,3659,1263,2396,0,0,0,1.0,1,1.0,1,1.0,1,0.28106284613559085,35
1615,3,3662,1263,2399,0,0,0,1.0,1,1.0,1,1.0,1,0.2706987819991678,35
1616,3,3665,1264,2401,0,0,0,1.0,1,1.0,1,1.0,1,0.2591020880705592,37
1617,2,3667,1266,2401,0,0,0,1.0,1,1.0,1,1.0,1,0.27907055523207985,38
1618,0,3667,1266,2401,0,0,0,1.0,1,1.0,1,1.0,1,0.27907055523207985,38
1619,1,3668,1267,2401,0,0,0,1.0,1,1.0,1,1.0,1,0.2913942863847204,38
1620,3,3671,1268,2403,0,0,0,1.0,1,1.0,1,1.0,1,0.285900697324855,39
1621,2,3673,1269,2404,0,0,0,1.0,1,1.0,1,1.0,1,0.29103987909135526,37
1622,1,3674,1270,2404,0,0,0,1.0,1,1.0,1,1.0,1,0.3064303039996413,37
1623,3,3677,1272,2405,0,0,0,1.0,1,1.0,1,1.0,1,0.30710994178076456,37
1624,2,3679,1274,2405,0,0,0,1.0,1,1.0,1,1.0,1,0.3357267146617312,37
1625,4,3683,1275,2408,0,0,0,1.0,1,1.0,1,1.0,1,0.2934880585350136,35
1626,3,3686,1277,2409,0,0,0,1.0,1,1.0,1,1.0,1,0.35638966235819863,35
1627,0,3686,1277,2409,0,0,0,1.0,1,1.0,1,1.0,1,0.35248371106467913,34
1628,4,3690,1279,2411,0,0,0,1.0,1,1.0,1,1.0,1,0.3604651986807097,35
1629,4,3694,1281,2413,0,0,0,1.0,1,1.0,1,1.0,1,0.3875226963802584,34
1630,0,3694,1281,2413,0,0,0,1.0,1,1.0,1,1.0,1,0.38305085635858016,32
1631,0,3694,1281,2413,0,0,0,1.0,1,1.0,1,1.0,1,0.39339469182547737,33
1632,0,3694,1281,2413,0,0,0,1.0,1,1.0,1,1.0,1,0.4316295247091078,32
1633,1,3695,1281,2414,0,0,0,1.0,1,1.0,1,1.0,1,0.42433782034209266,31
1634,2,3697,1282,2415,0,0,0,1.0,1,1.0,1,1.0,1,0.4288317860938371,31
1635,0,3697,1282,2415,0,0,0,1.0,1,1.0,1,1.0,1,0.43960161166242073,31
1636,1,3698,1283,2415,0,0,0,1.0,1,1.0,1,1.0,1,0.4338290975715269,33
1637,0,3698,1283,2415,0,0,0,1.0,1,1.0,1,1.0,1,0.4338290975715269,33
1638,1,3699,1283,2416,0,0,0,1.0,1,1.0,1,1.0,1,0.42229277454264225,36
1639,2,3701,1284,2417,0,0,0,1.0,1,1.0,1,1.0,1,0.4359954712427002,36
1640,0,3701,1284,2417,0,0,0,1.0,1,1.0,1,1.0,1,0.4359954712427002,36
1641,5,3706,1285,2421,0,0,0,1.0,1,1.0,1,1.0,1,0.2811967610125469,38
1642,3,3709,1287,2422,0,0,0,1.0,1,1.0,1,1.0,1,0.2947361180384125,37
1643,2,3711,1288,2423,0,0,0,1.0,1,1.0,1,1.0,1,0.3056025256009107,37
1644,0,3711,1288,2423,0,0,0,1.0,1,1.0,1,1.0,1,0.305833309533066,38
1645,1,3712,1288,2424,0,0,0,1.0,1,1.0,1,1.0,1,0.257822724559183,36
1646,0,3712,1288,2424,0,0,0,1.0,1,1.0,1,1.0,1,0.2714804563306509,37
1647,2,3714,1290,2424,0,0,0,1.0,1,1.0,1,1.0,1,0.31387161624741194,35
1648,4,3718,1290,2428,0,0,0,1.0,1,1.0,1,1.0,1,0.3381087231246655,38
1649,2,3720,1291,2429,0,0,0,1.0,1,1.0,1,1.0,1,0.3824130802512462,35
1650,0,3720,1291,2429,0,0,0,1.0,1,1.0,1,1.0,1,0.4034476667187543,34
1651,0,3720,1291,2429,0,0,0,1.0,1,1.0,1,1.0,1,0.38729581545884445,32
1652,0,3720,1291,2429,0,0,0,1.0,1,1.0,1,1.0,1,0.40220307323013,33
1653,0,3720,1291,2429,0,0,0,1.0,1,1.0,1,1.0,1,0.40220307323013,33
1654,1,3721,1291,2430,0,0,0,1.0,1,1.0,1,1.0,1,0.4233645533586041,34
1655,0,3721,1291,2430,0,0,0,1.0,1,1.0,1,1.0,1,0.4406944201903716,35
1656,2,3723,1291,2432,0,0,0,1.0,1,1.0,1,1.0,1,0.38897105919129343,35
1657,5,3728,1291,2437,0,0,0,1.0,1,1.0,1,1.0,1,0.2987853172907232,36
1658,2,3730,1291,2439,0,0,0,1.0,1,1.0,1,1.0,1,0.2987853172907232,36
1659,1,3731,1291,2440,0,0,0,1.0,1,1.0,1,1.0,1,0.28595680739017343,36
1660,10,3741,1294,2447,0,0,0,1.0,1,1.0,1,1.0,1,0.28552759685514373,38
1661,2,3743,1294,2449,0,0,0,1.0,1,1.0,1,1.0,1,0.24984760394672986,38
1662,4,3747,1297,2450,0,0,0,1.0,1,1.0,1,1.0,1,0.2029706699683527,39
1663,2,3749,1298,2451,0,0,0,1.0,1,1.0,1,1.0,1,0.16092773541234048,40
1664,1,3750,1299,2451,0,0,0,1.0,1,1.0,1,1.0,1,0.18624517216907419,39
1665,3,3753,1300,2453,0,0,0,1.0,1,1.0,1,1.0,1,0.13622036644165555,40
1666,0,3753,1300,2453,0,0,0,1.0,1,1.0,1,1.0,1,0.17728075499245416,40
1667,6,3759,1304,2455,0,0,0,1.0,1,1.0,1,1.0,1,0.15544346494985342,40
1668,1,3760,1305,2455,0,0,0,1.0,1,1.0,1,1.0,1,0.14364449361923012,41
1669,1,3761,1305,2456,0,0,0,1.0,1,1.0,1,1.0,1,0.12789131954902244,40
1670,2,3763,1307,2456,0,0,0,1.0,1,1.0,1,1.0,1,0.17138818333141956,40
1671,0,3763,1307,2456,0,0,0,1.0,1,1.0,1,1.0,1,0.19440785557320356,41
1672,0,3763,1307,2456,0,0,0,1.0,1,1.0,1,1.0,1,0.19520669494818793,40
1673,1,3764,1308,2456,0,0,0,1.0,1,1.0,1,1.0,1,0.2235005312736096,39
1674,2,3766,1309,2457,0,0,0,1.0,1,1.0,1,1.0,1,0.26114207077276963,40
1675,2,3768,1310,2458,0,0,0,1.0,1,1.0,1,1.0,1,0.28073253169808343,38
1676,2,3770,1310,2460,0,0,0,1.0,1,1.0,1,1.0,1,0.24231627876484332,39
1677,0,3770,1310,2460,0,0,0,1.0,1,1.0,1,1.0,1,0.24260156584237277,39
1678,2,3772,1310,2462,0,0,0,1.0,1,1.0,1,1.0,1,0.19462590573059815,39
1679,1,3773,1311,2462,0,0,0,1.0,1,1.0,1,1.0,1,0.22306651313581288,39
1680,1,3774,1311,2463,0,0,0,1.0,1,1.0,1,1.0,1,0.22487425732924723,41
1681,4,3778,1312,2466,0,0,0,1.0,1,1.0,1,1.0,1,0.1789325109535375,41
1682,3,3781,1312,2469,0,0,0,1.0,1,1.0,1,1.0,1,0.111857706647216,43
1683,2,3783,1314,2469,0,0,0,1.0,1,1.0,1,1.0,1,0.15150817992904278,43
1684,6,3789,1316,2473,0,0,0,1.0,1,1.0,1,1.0,1,0.2063319691402973,42
1685,1,3790,1316,2474,0,0,0,1.0,1,1.0,1,1.0,1,0.2096807134294257,41
1686,2,3792,1317,2475,0,0,0,1.0,1,1.0,1,1.0,1,0.2669619949694201,41
1687,4,3796,1320,2476,0,0,0,1.0,1,1.0,1,1.0,1,0.29905522300879583,40
1688,5,3801,1323,2478,0,0,0,1.0,1,1.0,1,1.0,1,0.3720730359849023,39
1689,2,3803,1323,2480,0,0,0,1.0,1,1.0,1,1.0,1,0.34601008202224864,38
1690,1,3804,1324,2480,0,0,0,1.0,1,1.0,1,1.0,1,0.40056732620648144,38
1691,1,3805,1325,2480,0,0,0,1.0,1,1.0,1,1.0,1,0.404072102580422,36
1692,0,3805,1325,2480,0,0,0,1.0,1,1.0,1,1.0,1,0.37334203896775137,36
1693,1,3806,1326,2480,0,0,0,1.0,1,1.0,1,1.0,1,0.37665949789712266,35
1694,0,3806,1326,2480,0,0,0,1.0,1,1.0,1,1.0,1,0.35294653751883204,33
1695,1,3807,1326,2481,0,0,0,1.0,1,1.0,1,1.0,1,0.3571475468913872,34
1696,0,3807,1326,2481,0,0,0,1.0,1,1.0,1,1.0,1,0.35830180951783963,35
1697,0,3807,1326,2481,0,0,0,1.0,1,1.0,1,1.0,1,0.3411673313822215,36
1698,4,3811,1329,2482,0,0,0,1.0,1,1.0,1,1.0,1,0.38925049668287715,38
1699,2,3813,1330,2483,0,0,0,1.0,1,1.0,1,1.0,1,0.3992534788336389,38
1700,2,3815,1330,2485,0,0,0,1.0,1,1.0,1,1.0,1,0.3925450438667107,39
1701,7,3822,1330,2492,0,0,0,1.0,1,1.0,1,1.0,1,0.23084693571248996,40
1702,2,3824,1331,2493,0,0,0,1.0,1,1.0,1,1.0,1,0.24015300103636059,41
1703,1,3825,1332,2493,0,0,0,1.0,1,1.0,1,1.0,1,0.2546180428295778,41
1704,3,3828,1335,2493,0,0,0,1.0,1,1.0,1,1.0,1,0.2699581667826966,41
1705,3,3831,1336,2495,0,0,0,1.0,1,1.0,1,1.0,1,0.21608658160538977,40
1706,2,3833,1337,2496,0,0,0,1.0,1,1.0,1,1.0,1,0.2631706177515071,40
1707,3,3836,1338,2498,0,0,0,1.0,1,1.0,1,1.0,1,0.18591830425614864,39
1708,0,3836,1338,2498,0,0,0,1.0,1,1.0,1,1.0,1,0.18591830425614864,39
1709,2,3838,1339,2499,0,0,0,1.0,1,1.0,1,1.0,1,0.16814903244107837,38
1710,2,3840,1340,2500,0,0,0,1.0,1,1.0,1,1.0,1,0.21434869855171912,39
1711,2,3842,1342,2500,0,0,0,1.0,1,1.0,1,1.0,1,0.29220316518919476,38
1712,2,3844,1343,2501,0,0,0,1.0,1,1.0,1,1.0,1,0.2585813246188581,38
1713,0,3844,1343,2501,0,0,0,1.0,1,1.0,1,1.0,1,0.28448644851608657,37
1714,0,3844,1343,2501,0,0,0,1.0,1,1.0,1,1.0,1,0.2822351360145347,38
1715,1,3845,1344,2501,0,0,0,1.0,1,1.0,1,1.0,1,0.28595666689302257,40
1716,0,3845,1344,2501,0,0,0,1.0,1,1.0,1,1.0,1,0.29522585150563274,39
1717,0,3845,1344,2501,0,0,0,1.0,1,1.0,1,1.0,1,0.29664585744442623,38
1718,2,3847,1344,2503,0,0,0,1.0,1,1.0,1,1.0,1,0.27200269787213655,38
1719,0,3847,1344,2503,0,0,0,1.0,1,1.0,1,1.0,1,0.27200269787213655,38
1720,0,3847,1344,2503,0,0,0,1.0,1,1.0,1,1.0,1,0.2698037597946406,41
1721,1,3848,1344,2504,0,0,0,1.0,1,1.0,1,1.0,1,0.21262645309173106,39
1722,2,3850,1345,2505,0,0,0,1.0,1,1.0,1,1.0,1,0.18957852992807123,40
1723,2,3852,1347,2505,0,0,0,1.0,1,1.0,1,1.0,1,0.15565544322408742,38
1724,0,3852,1347,2505,0,0,0,1.0,1,1.0,1,1.0,1,0.1479448678478393,37
1725,0,3852,1347,2505,0,0,0,1.0,1,1.0,1,1.0,1,0.17058026246376598,38
1726,1,3853,1348,2505,0,0,0,1.0,1,1.0,1,1.0,1,0.2522465393782382,37
1727,0,3853,1348,2505,0,0,0,1.0,1,1.0,1,1.0,1,0.2522465393782382,37
1728,0,3853,1348,2505,0,0,0,1.0,1,1.0,1,1.0,1,0.247109014269189,35
1729,1,3854,1349,2505,0,0,0,1.0,1,1.0,1,1.0,1,0.25519680348721085,37
1730,1,3855,1350,2505,0,0,0,1.0,1,1.0,1,1.0,1,0.3262826782593797,37
1731,1,3856,1350,2506,0,0,0,1.0,1,1.0,1,1.0,1,0.31532078055935087,37
1732,2,3858,1350,2508,0,0,0,1.0,1,1.0,1,1.0,1,0.3400449682421786,37
1733,3,3861,1352,2509,0,0,0,1.0,1,1.0,1,1.0,1,0.32924310246229244,36
1734,0,3861,1352,2509,0,0,0,1.0,1,1.0,1,1.0,1,0.3326688020663652,35
1735,2,3863,1354,2509,0,0,0,1.0,1,1.0,1,1.0,1,0.34854939217131214,34
1736,0,3863,1354,2509,0,0,0,1.0,1,1.0,1,1.0,1,0.3627081240398039,35
1737,4,3867,1356,2511,0,0,0,1.0,1,1.0,1,1.0,1,0.35185424462681614,36
1738,2,3869,1357,2512,0,0,0,1.0,1,1.0,1,1.0,1,0.3374717777898093,37
1739,2,3871,1358,2513,0,0,0,1.0,1,1.0,1,1.0,1,0.314448001906068,38
1740,0,3871,1358,2513,0,0,0,1.0,1,1.0,1,1.0,1,0.3271406600623804,37
1741,2,3873,1358,2515,0,0,0,1.0,1,1.0,1,1.0,1,0.31164143073850065,38
1742,5,3878,1360,2518,0,0,0,1.0,1,1.0,1,1.0,1,0.29976229794827824,39
1743,2,3880,1362,2518,0,0,0,1.0,1,1.0,1,1.0,1,0.3288648361856686,37
1744,2,3882,1364,2518,0,0,0,1.0,1,1.0,1,1.0,1,0.34489790638065737,38
1745,4,3886,1365,2521,0,0,0,1.0,1,1.0,1,1.0,1,0.33803255995653997,37
1746,1,3887,1366,2521,0,0,0,1.0,1,1.0,1,1.0,1,0.32833586334992715,38
1747,1,3888,1366,2522,0,0,0,1.0,1,1.0,1,1.0,1,0.3064429272673596,38
1748,1,3889,1366,2523,0,0,0,1.0,1,1.0,1,1.0,1,0.29089534017136626,38
1749,0,3889,1366,2523,0,0,0,1.0,1,1.0,1,1.0,1,0.2993085537713318,37
1750,1,3890,1367,2523,0,0,0,1.0,1,1.0,1,1.0,1,0.3243422950008149,39
1751,0,3890,1367,2523,0,0,0,1.0,1,1.0,1,1.0,1,0.32665113200300266,38
1752,1,3891,1367,2524,0,0,0,1.0,1,1.0,1,1.0,1,0.3220998720736948,39
1753,0,3891,1367,2524,0,0,0,1.0,1,1.0,1,1.0,1,0.3125100359599159,40
1754,5,3896,1369,2527,0,0,0,1.0,1,1.0,1,1.0,1,0.2996678987474316,41
1755,1,3897,1369,2528,0,0,0,1.0,1,1.0,1,1.0,1,0.3224017264661732,41
1756,2,3899,1370,2529,0,0,0,1.0,1,1.0,1,1.0,1,0.3273490324466223,42
1757,3,3902,1370,2532,0,0,0,1.0,1,1.0,1,1.0,1,0.2842984425766819,42
1758,3,3905,1371,2534,0,0,0,1.0,1,1.0,1,1.0,1,0.2636710865735014,42
1759,1,3906,1371,2535,0,0,0,1.0,1,1.0,1,1.0,1,0.22534225340750524,39
1760,1,3907,1372,2535,0,0,0,1.0,1,1.0,1,1.0,1,0.3102831376606492,39
1761,6,3913,1376,2537,0,0,0,1.0,1,1.0,1,1.0,1,0.2598139838649112,38
1762,2,3915,1377,2538,0,0,0,1.0,1,1.0,1,1.0,1,0.2594469438433453,37
1763,0,3915,1377,2538,0,0,0,1.0,1,1.0,1,1.0,1,0.2594469438433453,37
1764,2,3917,1379,2538,0,0,0,1.0,1,1.0,1,1.0,1,0.2513866270404817,36
1765,5,3922,1381,2541,0,0,0,1.0,1,1.0,1,1.0,1,0.21693901879881078,37
1766,0,3922,1381,2541,0,0,0,1.0,1,1.0,1,1.0,1,0.2110819991244899,36
1767,0,3922,1381,2541,0,0,0,1.0,1,1.0,1,1.0,1,0.2110819991244899,36
1768,0,3922,1381,2541,0,0,0,1.0,1,1.0,1,1.0,1,0.2110819991244899,36
1769,1,3923,1382,2541,0,0,0,1.0,1,1.0,1,1.0,1,0.22777321443408644,38
1770,1,3924,1383,2541,0,0,0,1.0,1,1.0,1,1.0,1,0.22580400720054478,38
1771,0,3924,1383,2541,0,0,0,1.0,1,1.0,1,1.0,1,0.22580400720054478,38
1772,1,3925,1383,2542,0,0,0,1.0,1,1.0,1,1.0,1,0.1780473333588015,40
1773,1,3926,1384,2542,0,0,0,1.0,1,1.0,1,1.0,1,0.1936587836001852,40
1774,0,3926,1384,2542,0,0,0,1.0,1,1.0,1,1.0,1,0.1936587836001852,40
1775,0,3926,1384,2542,0,0,0,1.0,1,1.0,1,1.0,1,0.20480530729404633,41
1776,0,3926,1384,2542,0,0,0,1.0,1,1.0,1,1.0,1,0.17987332770174583,43
1777,2,3928,1385,2543,0,0,0,1.0,1,1.0,1,1.0,1,0.1802731323946743,44
1778,5,3933,1388,2545,0,0,0,1.0,1,1.0,1,1.0,1,0.19021521326811364,44
1779,0,3933,1388,2545,0,0,0,1.0,1,1.0,1,1.0,1,0.19021521326811364,44
1780,1,3934,1388,2546,0,0,0,1.0,1,1.0,1,1.0,1,0.20748726600111972,46
1781,3,3937,1390,2547,0,0,0,1.0,1,1.0,1,1.0,1,0.18734748797683676,46
1782,6,3943,1393,2550,0,0,0,1.0,1,1.0,1,1.0,1,0.18349766706490542,45
1783,2,3945,1395,2550,0,0,0,1.0,1,1.0,1,1.0,1,0.20631543394882265,44
1784,4,3949,1397,2552,0,0,0,1.0,1,1.0,1,1.0,1,0.27609296546047285,44
1785,0,3949,1397,2552,0,0,0,1.0,1,1.0,1,1.0,1,0.26674017158780877,42
1786,5,3954,1400,2554,0,0,0,1.0,1,1.0,1,1.0,1,0.31018473541832,42
1787,4,3958,1400,2558,0,0,0,1.0,1,1.0,1,1.0,1,0.2968824582150405,41
1788,2,3960,1402,2558,0,0,0,1.0,1,1.0,1,1.0,1,0.3588017132347455,41
1789,1,3961,1402,2559,0,0,0,1.0,1,1.0,1,1.0,1,0.3419237905280874,41
1790,1,3962,1403,2559,0,0,0,1.0,1,1.0,1,1.0,1,0.32307926172043594,41
1791,0,3962,1403,2559,0,0,0,1.0,1,1.0,1,1.0,1,0.333395107175965,41
1792,2,3964,1404,2560,0,0,0,1.0,1,1.0,1,1.0,1,0.310245467190252,43
1793,4,3968,1408,2560,0,0,0,1.0,1,1.0,1,1.0,1,0.26121106919339165,43
1794,3,3971,1411,2560,0,0,0,1.0,1,1.0,1,1.0,1,0.27336644367576757,41
1795,2,3973,1413,2560,0,0,0,1.0,1,1.0,1,1.0,1,0.2885867870529689,41
1796,2,3975,1414,2561,0,0,0,1.0,1,1.0,1,1.0,1,0.2968881891033699,40
1797,4,3979,1415,2564,0,0,0,1.0,1,1.0,1,1.0,1,0.2975607431215369,38
1798,0,3979,1415,2564,0,0,0,1.0,1,1.0,1,1.0,1,0.2975607431215369,38
1799,0,3979,1415,2564,0,0,0,1.0,1,1.0,1,1.0,1,0.2802610428769087,37
1800,1,3980,1416,2564,0,0,0,1.0,1,1.0,1,1.0,1,0.35028216846713195,35
1801,3,3983,1416,2567,0,0,0,1.0,1,1.0,1,1.0,1,0.24716453673067454,34
1802,0,3983,1416,2567,0,0,0,1.0,1,1.0,1,1.0,1,0.23885737246483563,33
1803,0,3983,1416,2567,0,0,0,1.0,1,1.0,1,1.0,1,0.23885737246483563,33
1804,2,3985,1418,2567,0,0,0,1.0,1,1.0,1,1.0,1,0.28699789831849915,33
1805,0,3985,1418,2567,0,0,0,1.0,1,1.0,1,1.0,1,0.2873909289648732,35
1806,7,3992,1420,2572,0,0,0,1.0,1,1.0,1,1.0,1,0.3137836700517737,36
1807,0,3992,1420,2572,0,0,0,1.0,1,1.0,1,1.0,1,0.30478237108828704,35
1808,0,3992,1420,2572,0,0,0,1.0,1,1.0,1,1.0,1,0.28174166389384386,37
1809,0,3992,1420,2572,0,0,0,1.0,1,1.0,1,1.0,1,0.27271869556186873,35
1810,0,3992,1420,2572,0,0,0,1.0,1,1.0,1,1.0,1,0.2729256843553402,36
1811,0,3992,1420,2572,0,0,0,1.0,1,1.0,1,1.0,1,0.266106427311671,34
1812,2,3994,1420,2574,0,0,0,1.0,1,1.0,1,1.0,1,0.23278813139968932,36
1813,0,3994,1420,2574,0,0,0,1.0,1,1.0,1,1.0,1,0.24872630013842983,35
1814,0,3994,1420,2574,0,0,0,1.0,1,1.0,1,1.0,1,0.26116173327853914,36
1815,0,3994,1420,2574,0,0,0,1.0,1,1.0,1,1.0,1,0.2744576505185195,35
1816,3,3997,1422,2575,0,0,0,1.0,1,1.0,1,1.0,1,0.23132345319509354,35
1817,0,3997,1422,2575,0,0,0,1.0,1,1.0,1,1.0,1,0.23132345319509354,35
1818,5,4002,1425,2577,0,0,0,1.0,1,1.0,1,1.0,1,0.21844426781794138,36
1819,4,4006,1428,2578,0,0,0,1.0,1,1.0,1,1.0,1,0.18576227462271286,37
1820,1,4007,1429,2578,0,0,0,1.0,1,1.0,1,1.0,1,0.19023213231898708,37
1821,2,4009,1430,2579,0,0,0,1.0,1,1.0,1,1.0,1,0.1540338916682514,38
1822,7,4016,1435,2581,0,0,0,1.0,1,1.0,1,1.0,1,0.21419913622931644,37
1823,2,4018,1437,2581,0,0,0,1.0,1,1.0,1,1.0,1,0.2381898835835202,36
1824,6,4024,1439,2585,0,0,0,1.0,1,1.0,1,1.0,1,0.22624481682986786,36
1825,1,4025,1440,2585,0,0,0,1.0,1,1.0,1,1.0,1,0.22078853699537943,34
1826,2,4027,1441,2586,0,0,0,1.0,1,1.0,1,1.0,1,0.192634471459382,35
1827,2,4029,1443,2586,0,0,0,1.0,1,1.0,1,1.0,1,0.19656486132128245,34
1828,0,4029,1443,2586,0,0,0,1.0,1,1.0,1,1.0,1,0.19876074574753846,33
1829,1,4030,1444,2586,0,0,0,1.0,1,1.0,1,1.0,1,0.203977968857456,31
1830,0,4030,1444,2586,0,0,0,1.0,1,1.0,1,1.0,1,0.2135696280218887,31
1831,1,4031,1445,2586,0,0,0,1.0,1,1.0,1,1.0,1,0.226125484669856,30
1832,0,4031,1445,2586,0,0,0,1.0,1,1.0,1,1.0,1,0.2300626787787048,29
1833,5,4036,1448,2588,0,0,0,1.0,1,1.0,1,1.0,1,0.35875230049598955,28
1834,2,4038,1448,2590,0,0,0,1.0,1,1.0,1,1.0,1,0.3552626851173477,27
1835,4,4042,1451,2591,0,0,0,1.0,1,1.0,1,1.0,1,0.41940609023531006,26
1836,1,4043,1452,2591,0,0,0,1.0,1,1.0,1,1.0,1,0.41802594315308556,26
1837,0,4043,1452,2591,0,0,0,1.0,1,1.0,1,1.0,1,0.47074108064695463,25
1838,1,4044,1452,2592,0,0,0,1.0,1,1.0,1,1.0,1,0.4032524072827841,25
1839,0,4044,1452,2592,0,0,0,1.0,1,1.0,1,1.0,1,0.451842165437314,24
1840,1,4045,1453,2592,0,0,0,1.0,1,1.0,1,1.0,1,0.5319052507581277,23
1841,5,4050,1453,2597,0,0,0,1.0,1,1.0,1,1.0,1,0.31936948584188124,22
1842,2,4052,1454,2598,0,0,0,1.0,1,1.0,1,1.0,1,0.3207687837436511,23
1843,0,4052,1454,2598,0,0,0,1.0,1,1.0,1,1.0,1,0.3207687837436511,23
1844,1,4053,1455,2598,0,0,0,1.0,1,1.0,1,1.0,1,0.3499513788020987,23
1845,2,4055,1457,2598,0,0,0,1.0,1,1.0,1,1.0,1,0.3465465296456779,23
1846,2,4057,1457,2600,0,0,0,1.0,1,1.0,1,1.0,1,0.2818067491348031,23
1847,0,4057,1457,2600,0,0,0,1.0,1,1.0,1,1.0,1,0.30284953510068174,24
1848,0,4057,1457,2600,0,0,0,1.0,1,1.0,1,1.0,1,0.30284953510068174,24
1849,0,4057,1457,2600,0,0,0,1.0,1,1.0,1,1.0,1,0.32784218356181866,25
1850,0,4057,1457,2600,0,0,0,1.0,1,1.0,1,1.0,1,0.32784218356181866,25
1851,0,4057,1457,2600,0,0,0,1.0,1,1.0,1,1.0,1,0.32784218356181866,25
1852,0,4057,1457,2600,0,0,0,1.0,1,1.0,1,1.0,1,0.32784218356181866,25
1853,0,4057,1457,2600,0,0,0,1.0,1,1.0,1,1.0,1,0.357570222258275,25
1854,0,4057,1457,2600,0,0,0,1.0,1,1.0,1,1.0,1,0.357570222258275,25
1855,1,4058,1457,2601,0,0,0,1.0,1,1.0,1,1.0,1,0.35874827190558556,26
1856,1,4059,1457,2602,0,0,0,1.0,1,1.0,1,1.0,1,0.3658912770905567,27
1857,1,4060,1457,2603,0,0,0,1.0,1,1.0,1,1.0,1,0.34161847455193106,28
1858,3,4063,1458,2605,0,0,0,1.0,1,1.0,1,1.0,1,0.3193783737825706,28
1859,4,4067,1460,2607,0,0,0,1.0,1,1.0,1,1.0,1,0.36541978756621923,28
1860,0,4067,1460,2607,0,0,0,1.0,1,1.0,1,1.0,1,0.36541978756621923,28
1861,4,4071,1460,2611,0,0,0,1.0,1,1.0,1,1.0,1,0.2692189662902062,28
1862,0,4071,1460,2611,0,0,0,1.0,1,1.0,1,1.0,1,0.2692189662902062,28
1863,2,4073,1461,2612,0,0,0,1.0,1,1.0,1,1.0,1,0.2879600459823499,29
1864,1,4074,1462,2612,0,0,0,1.0,1,1.0,1,1.0,1,0.28376169356956643,27
1865,0,4074,1462,2612,0,0,0,1.0,1,1.0,1,1.0,1,0.34264303055829326,26
1866,1,4075,1463,2612,0,0,0,1.0,1,1.0,1,1.0,1,0.3691808335033393,26
1867,1,4076,1463,2613,0,0,0,1.0,1,1.0,1,1.0,1,0.37744280119071033,26
1868,2,4078,1463,2615,0,0,0,1.0,1,1.0,1,1.0,1,0.37744280119071033,26
1869,1,4079,1463,2616,0,0,0,1.0,1,1.0,1,1.0,1,0.3691808335033393,26
1870,1,4080,1463,2617,0,0,0,1.0,1,1.0,1,1.0,1,0.3916560509032672,27
1871,3,4083,1464,2619,0,0,0,1.0,1,1.0,1,1.0,1,0.4024599564946565,27
1872,1,4084,1464,2620,0,0,0,1.0,1,1.0,1,1.0,1,0.42553476881295066,25
1873,0,4084,1464,2620,0,0,0,1.0,1,1.0,1,1.0,1,0.42553476881295066,25
1874,1,4085,1464,2621,0,0,0,1.0,1,1.0,1,1.0,1,0.436565910225172,25
1875,1,4086,1464,2622,0,0,0,1.0,1,1.0,1,1.0,1,0.4185552356179384,25
1876,0,4086,1464,2622,0,0,0,1.0,1,1.0,1,1.0,1,0.4190307469702701,26
1877,0,4086,1464,2622,0,0,0,1.0,1,1.0,1,1.0,1,0.3979292704880896,27
1878,1,4087,1465,2622,0,0,0,1.0,1,1.0,1,1.0,1,0.3804302674808862,28
1879,2,4089,1465,2624,0,0,0,1.0,1,1.0,1,1.0,1,0.374406300934524,29
1880,2,4091,1465,2626,0,0,0,1.0,1,1.0,1,1.0,1,0.3631011210390669,29
1881,3,4094,1466,2628,0,0,0,1.0,1,1.0,1,1.0,1,0.37299539543004,29
1882,1,4095,1466,2629,0,0,0,1.0,1,1.0,1,1.0,1,0.3133816617041512,28
1883,0,4095,1466,2629,0,0,0,1.0,1,1.0,1,1.0,1,0.3133816617041512,28
1884,1,4096,1467,2629,0,0,0,1.0,1,1.0,1,1.0,1,0.3267048890026474,28
1885,1,4097,1467,2630,0,0,0,1.0,1,1.0,1,1.0,1,0.29790111838208944,28
1886,0,4097,1467,2630,0,0,0,1.0,1,1.0,1,1.0,1,0.28785743041754785,29
1887,0,4097,1467,2630,0,0,0,1.0,1,1.0,1,1.0,1,0.28785743041754785,29
1888,0,4097,1467,2630,0,0,0,1.0,1,1.0,1,1.0,1,0.3217825522153432,31
1889,0,4097,1467,2630,0,0,0,1.0,1,1.0,1,1.0,1,0.3217825522153432,31
1890,1,4098,1468,2630,0,0,0,1.0,1,1.0,1,1.0,1,0.3417484613750854,31
1891,1,4099,1468,2631,0,0,0,1.0,1,1.0,1,1.0,1,0.34862404097444455,32
1892,0,4099,1468,2631,0,0,0,1.0,1,1.0,1,1.0,1,0.34862404097444455,32
1893,0,4099,1468,2631,0,0,0,1.0,1,1.0,1,1.0,1,0.34862404097444455,32
1894,0,4099,1468,2631,0,0,0,1.0,1,1.0,1,1.0,1,0.33222087475000994,33
1895,3,4102,1470,2632,0,0,0,1.0,1,1.0,1,1.0,1,0.32487807479569575,35
1896,0,4102,1470,2632,0,0,0,1.0,1,1.0,1,1.0,1,0.34604944285264916,34
1897,0,4102,1470,2632,0,0,0,1.0,1,1.0,1,1.0,1,0.34604944285264916,34
1898,0,4102,1470,2632,0,0,0,1.0,1,1.0,1,1.0,1,0.34604944285264916,34
1899,0,4102,1470,2632,0,0,0,1.0,1,1.0,1,1.0,1,0.34604944285264916,34
1900,0,4102,1470,2632,0,0,0,1.0,1,1.0,1,1.0,1,0.3583209627100058,35
1901,2,4104,1470,2634,0,0,0,1.0,1,1.0,1,1.0,1,0.3373655146596955,35
1902,1,4105,1470,2635,0,0,0,1.0,1,1.0,1,1.0,1,0.3121134867192472,35
1903,0,4105,1470,2635,0,0,0,1.0,1,1.0,1,1.0,1,0.3121134867192472,35
1904,0,4105,1470,2635,0,0,0,1.0,1,1.0,1,1.0,1,0.3121134867192472,35
1905,0,4105,1470,2635,0,0,0,1.0,1,1.0,1,1.0,1,0.28776570790396805,37
1906,1,4106,1470,2636,0,0,0,1.0,1,1.0,1,1.0,1,0.2555188154620285,37
1907,0,4106,1470,2636,0,0,0,1.0,1,1.0,1,1.0,1,0.2709786614641365,39
1908,1,4107,1470,2637,0,0,0,1.0,1,1.0,1,1.0,1,0.27566040792389207,39
1909,2,4109,1470,2639,0,0,0,1.0,1,1.0,1,1.0,1,0.25458106708018163,41
1910,0,4109,1470,2639,0,0,0,1.0,1,1.0,1,1.0,1,0.25458106708018163,41
1911,0,4109,1470,2639,0,0,0,1.0,1,1.0,1,1.0,1,0.24952435570926093,40
1912,3,4112,1472,2640,0,0,0,1.0,1,1.0,1,1.0,1,0.22259327645306695,39
1913,3,4115,1474,2641,0,0,0,1.0,1,1.0,1,1.0,1,0.24463443908282886,40
1914,1,4116,1474,2642,0,0,0,1.0,1,1.0,1,1.0,1,0.224299523024445,41
1915,3,4119,1476,2643,0,0,0,1.0,1,1.0,1,1.0,1,0.2468973621581117,42
1916,6,4125,1478,2647,0,0,0,1.0,1,1.0,1,1.0,1,0.24154452449673885,42
1917,1,4126,1479,2647,0,0,0,1.0,1,1.0,1,1.0,1,0.27074689625482345,41
1918,0,4126,1479,2647,0,0,0,1.0,1,1.0,1,1.0,1,0.2461269379785138,38
1919,3,4129,1480,2649,0,0,0,1.0,1,1.0,1,1.0,1,0.3038544312402919,38
1920,1,4130,1480,2650,0,0,0,1.0,1,1.0,1,1.0,1,0.3250329762044786,38
1921,2,4132,1480,2652,0,0,0,1.0,1,1.0,1,1.0,1,0.2543189136761916,39
1922,0,4132,1480,2652,0,0,0,1.0,1,1.0,1,1.0,1,0.23314614209385992,40
1923,1,4133,1480,2653,0,0,0,1.0,1,1.0,1,1.0,1,0.2018622605368653,41
1924,3,4136,1483,2653,0,0,0,1.0,1,1.0,1,1.0,1,0.2614028182745553,41
1925,2,4138,1483,2655,0,0,0,1.0,1,1.0,1,1.0,1,0.21086861617350208,41
1926,0,4138,1483,2655,0,0,0,1.0,1,1.0,1,1.0,1,0.21086861617350208,41
1927,3,4141,1483,2658,0,0,0,1.0,1,1.0,1,1.0,1,0.21356185024087856,41
1928,1,4142,1484,2658,0,0,0,1.0,1,1.0,1,1.0,1,0.20922684151747845,42
1929,0,4142,1484,2658,0,0,0,1.0,1,1.0,1,1.0,1,0.21290467190138718,41
1930,0,4142,1484,2658,0,0,0,1.0,1,1.0,1,1.0,1,0.21290467190138718,41
1931,0,4142,1484,2658,0,0,0,1.0,1,1.0,1,1.0,1,0.21290467190138718,41
1932,0,4142,1484,2658,0,0,0,1.0,1,1.0,1,1.0,1,0.21290467190138718,41
1933,1,4143,1485,2658,0,0,0,1.0,1,1.0,1,1.0,1,0.2498073259901837,43
1934,0,4143,1485,2658,0,0,0,1.0,1,1.0,1,1.0,1,0.25797635598308666,44
1935,0,4143,1485,2658,0,0,0,1.0,1,1.0,1,1.0,1,0.24335779733208646,45
1936,0,4143,1485,2658,0,0,0,1.0,1,1.0,1,1.0,1,0.22987324778907056,48
1937,2,4145,1487,2658,0,0,0,1.0,1,1.0,1,1.0,1,0.24553998262595608,48
1938,0,4145,1487,2658,0,0,0,1.0,1,1.0,1,1.0,1,0.24553998262595608,48
1939,0,4145,1487,2658,0,0,0,1.0,1,1.0,1,1.0,1,0.24553998262595608,48
1940,0,4145,1487,2658,0,0,0,1.0,1,1.0,1,1.0,1,0.24553998262595608,48
1941,2,4147,1488,2659,0,0,0,1.0,1,1.0,1,1.0,1,0.268459792158509,48
1942,3,4150,1490,2660,0,0,0,1.0,1,1.0,1,1.0,1,0.3235100706154316,49
1943,2,4152,1490,2662,0,0,0,1.0,1,1.0,1,1.0,1,0.30520410805551146,48
1944,4,4156,1494,2662,0,0,0,1.0,1,1.0,1,1.0,1,0.3877596620140111,47
1945,5,4161,1496,2665,0,0,0,1.0,1,1.0,1,1.0,1,0.3498689323435851,46
1946,1,4162,1496,2666,0,0,0,1.0,1,1.0,1,1.0,1,0.34308182762218115,46
1947,5,4167,1500,2667,0,0,0,1.0,1,1.0,1,1.0,1,0.45025840413174717,45
1948,7,4174,1502,2672,0,0,0,1.0,1,1.0,1,1.0,1,0.36290656639313784,46
1949,3,4177,1504,2673,0,0,0,1.0,1,1.0,1,1.0,1,0.36235747575711497,42
1950,1,4178,1504,2674,0,0,0,1.0,1,1.0,1,1.0,1,0.3294087164296939,40
1951,1,4179,1505,2674,0,0,0,1.0,1,1.0,1,1.0,1,0.37597221173344636,39
1952,1,4180,1506,2674,0,0,0,1.0,1,1.0,1,1.0,1,0.33310507725917116,35
1953,2,4182,1508,2674,0,0,0,1.0,1,1.0,1,1.0,1,0.35807485460247873,36
1954,1,4183,1509,2674,0,0,0,1.0,1,1.0,1,1.0,1,0.36751534034778716,34
1955,0,4183,1509,2674,0,0,0,1.0,1,1.0,1,1.0,1,0.37688536036859427,35
1956,3,4186,1510,2676,0,0,0,1.0,1,1.0,1,1.0,1,0.3438438646845599,37
1957,0,4186,1510,2676,0,0,0,1.0,1,1.0,1,1.0,1,0.3438438646845599,37
1958,0,4186,1510,2676,0,0,0,1.0,1,1.0,1,1.0,1,0.32541254239095463,39
1959,0,4186,1510,2676,0,0,0,1.0,1,1.0,1,1.0,1,0.3360510481279617,41
1960,2,4188,1512,2676,0,0,0,1.0,1,1.0,1,1.0,1,0.40381838296935096,40
1961,4,4192,1513,2679,0,0,0,1.0,1,1.0,1,1.0,1,0.35087424824420105,41
1962,3,4195,1513,2682,0,0,0,1.0,1,1.0,1,1.0,1,0.3600858358856403,40
1963,1,4196,1513,2683,0,0,0,1.0,1,1.0,1,1.0,1,0.33175375945409447,41
1964,1,4197,1514,2683,0,0,0,1.0,1,1.0,1,1.0,1,0.34884146027652396,40
1965,1,4198,1514,2684,0,0,0,1.0,1,1.0,1,1.0,1,0.3136231613782522,41
1966,0,4198,1514,2684,0,0,0,1.0,1,1.0,1,1.0,1,0.3136231613782522,41
1967,3,4201,1514,2687,0,0,0,1.0,1,1.0,1,1.0,1,0.26684631039950857,42
1968,0,4201,1514,2687,0,0,0,1.0,1,1.0,1,1.0,1,0.279835517218143,42
1969,1,4202,1515,2687,0,0,0,1.0,1,1.0,1,1.0,1,0.2755451058117552,43
1970,1,4203,1515,2688,0,0,0,1.0,1,1.0,1,1.0,1,0.3062895402657495,42
1971,1,4204,1515,2689,0,0,0,1.0,1,1.0,1,1.0,1,0.3171765541997442,42
1972,3,4207,1515,2692,0,0,0,1.0,1,1.0,1,1.0,1,0.2926608705065063,42
1973,4,4211,1515,2696,0,0,0,1.0,1,1.0,1,1.0,1,0.2832967645339892,43
1974,2,4213,1516,2697,0,0,0,1.0,1,1.0,1,1.0,1,0.31446009181628,43
1975,2,4215,1516,2699,0,0,0,1.0,1,1.0,1,1.0,1,0.29252829703750605,43
1976,1,4216,1517,2699,0,0,0,1.0,1,1.0,1,1.0,1,0.2727962409604356,43
1977,7,4223,1517,2706,0,0,0,1.0,1,1.0,1,1.0,1,0.2801670659680004,48
1978,5,4228,1519,2709,0,0,0,1.0,1,1.0,1,1.0,1,0.277139850077653,48
1979,1,4229,1519,2710,0,0,0,1.0,1,1.0,1,1.0,1,0.2776829210717,49
1980,2,4231,1519,2712,0,0,0,1.0,1,1.0,1,1.0,1,0.2829054384037929,50
1981,6,4237,1522,2715,0,0,0,1.0,1,1.0,1,1.0,1,0.2537291245788001,50
1982,2,4239,1524,2715,0,0,0,1.0,1,1.0,1,1.0,1,0.24476494844766689,50
1983,0,4239,1524,2715,0,0,0,1.0,1,1.0,1,1.0,1,0.2506592069019563,49
1984,1,4240,1525,2715,0,0,0,1.0,1,1.0,1,1.0,1,0.23434116398268973,48
1985,1,4241,1526,2715,0,0,0,1.0,1,1.0,1,1.0,1,0.26329993857269446,46
1986,1,4242,1527,2715,0,0,0,1.0,1,1.0,1,1.0,1,0.25298640112686177,46
1987,3,4245,1530,2715,0,0,0,1.0,1,1.0,1,1.0,1,0.2402826614337703,42
1988,1,4246,1530,2716,0,0,0,1.0,1,1.0,1,1.0,1,0.18563433836782264,40
1989,3,4249,1533,2716,0,0,0,1.0,1,1.0,1,1.0,1,0.2190158111979943,38
1990,0,4249,1533,2716,0,0,0,1.0,1,1.0,1,1.0,1,0.2024213678520028,38
1991,2,4251,1535,2716,0,0,0,1.0,1,1.0,1,1.0,1,0.24789143889621598,38
1992,1,4252,1536,2716,0,0,0,1.0,1,1.0,1,1.0,1,0.29241582651760434,39
1993,3,4255,1538,2717,0,0,0,1.0,1,1.0,1,1.0,1,0.38888205067549597,38
1994,2,4257,1540,2717,0,0,0,1.0,1,1.0,1,1.0,1,0.34276407593137265,37
1995,1,4258,1541,2717,0,0,0,1.0,1,1.0,1,1.0,1,0.38201773126633104,37
1996,1,4259,1542,2717,0,0,0,1.0,1,1.0,1,1.0,1,0.3676201517590647,37
1997,3,4262,1545,2717,0,0,0,1.0,1,1.0,1,1.0,1,0.3997418784914988,35
1998,0,4262,1545,2717,0,0,0,1.0,1,1.0,1,1.0,1,0.4219118819273103,34
1999,1,4263,1546,2717,0,0,0,1.0,1,1.0,1,1.0,1,0.42406507496424295,35
2000,1,4264,1546,2718,0,0,0,1.0,1,1.0,1,1.0,1,0.39176990085844676,34
2001,2,4266,1546,2720,0,0,0,1.0,1,1.0,1,1.0,1,0.3758903550617609,35
2002,4,4270,1547,2723,0,0,0,1.0,1,1.0,1,1.0,1,0.3437482287591978,36
2003,2,4272,1547,2725,0,0,0,1.0,1,1.0,1,1.0,1,0.3335374796105883,37
2004,3,4275,1549,2726,0,0,0,1.0,1,1.0,1,1.0,1,0.338594037511015,38
2005,1,4276,1550,2726,0,0,0,1.0,1,1.0,1,1.0,1,0.33408137328319204,38
2006,0,4276,1550,2726,0,0,0,1.0,1,1.0,1,1.0,1,0.33408137328319204,38
2007,3,4279,1551,2728,0,0,0,1.0,1,1.0,1,1.0,1,0.34359508396930144,40
2008,2,4281,1551,2730,0,0,0,1.0,1,1.0,1,1.0,1,0.34359508396930144,40
2009,5,4286,1553,2733,0,0,0,1.0,1,1.0,1,1.0,1,0.32404374683746634,41
2010,2,4288,1553,2735,0,0,0,1.0,1,1.0,1,1.0,1,0.3245133052742968,41
2011,1,4289,1553,2736,0,0,0,1.0,1,1.0,1,1.0,1,0.3190081327864745,41
2012,0,4289,1553,2736,0,0,0,1.0,1,1.0,1,1.0,1,0.3190081327864745,41
2013,1,4290,1553,2737,0,0,0,1.0,1,1.0,1,1.0,1,0.3341169266543472,43
2014,1,4291,1553,2738,0,0,0,1.0,1,1.0,1,1.0,1,0.34357262444434916,43
2015,0,4291,1553,2738,0,0,0,1.0,1,1.0,1,1.0,1,0.34357262444434916,43
2016,2,4293,1554,2739,0,0,0,1.0,1,1.0,1,1.0,1,0.3596614375422239,44
2017,3,4296,1554,2742,0,0,0,1.0,1,1.0,1,1.0,1,0.292923425718974,45
2018,3,4299,1556,2743,0,0,0,1.0,1,1.0,1,1.0,1,0.2616670620158104,46
2019,0,4299,1556,2743,0,0,0,1.0,1,1.0,1,1.0,1,0.24968986266733925,47
2020,2,4301,1557,2744,0,0,0,1.0,1,1.0,1,1.0,1,0.25978087366865904,47
2021,1,4302,1557,2745,0,0,0,1.0,1,1.0,1,1.0,1,0.2475161885024115,47
2022,0,4302,1557,2745,0,0,0,1.0,1,1.0,1,1.0,1,0.24673365177744114,48
2023,6,4308,1561,2747,0,0,0,1.0,1,1.0,1,1.0,1,0.2570665897108192,48
2024,2,4310,1563,2747,0,0,0,1.0,1,1.0,1,1.0,1,0.28412375025387576,45
2025,1,4311,1564,2747,0,0,0,1.0,1,1.0,1,1.0,1,0.31232916439407726,42
2026,1,4312,1565,2747,0,0,0,1.0,1,1.0,1,1.0,1,0.31709006292838626,44
2027,2,4314,1567,2747,0,0,0,1.0,1,1.0,1,1.0,1,0.3439948427787791,40
2028,2,4316,1568,2748,0,0,0,1.0,1,1.0,1,1.0,1,0.3816036505021069,39
2029,5,4321,1570,2751,0,0,0,1.0,1,1.0,1,1.0,1,0.3560773764386586,37
2030,4,4325,1572,2753,0,0,0,1.0,1,1.0,1,1.0,1,0.40959837852482717,34
2031,2,4327,1573,2754,0,0,0,1.0,1,1.0,1,1.0,1,0.3392871258575588,35
2032,3,4330,1575,2755,0,0,0,1.0,1,1.0,1,1.0,1,0.34866885510394685,34
2033,0,4330,1575,2755,0,0,0,1.0,1,1.0,1,1.0,1,0.34401062591282017,36
2034,1,4331,1575,2756,0,0,0,1.0,1,1.0,1,1.0,1,0.30499124804741734,34
2035,0,4331,1575,2756,0,0,0,1.0,1,1.0,1,1.0,1,0.2996341500152397,35
2036,1,4332,1576,2756,0,0,0,1.0,1,1.0,1,1.0,1,0.32515273581347814,34
2037,0,4332,1576,2756,0,0,0,1.0,1,1.0,1,1.0,1,0.31879931283649243,35
2038,0,4332,1576,2756,0,0,0,1.0,1,1.0,1,1.0,1,0.29830109554168044,36
2039,1,4333,1577,2756,0,0,0,1.0,1,1.0,1,1.0,1,0.293318296989781,38
2040,0,4333,1577,2756,0,0,0,1.0,1,1.0,1,1.0,1,0.293318296989781,38
2041,4,4337,1577,2760,0,0,0,1.0,1,1.0,1,1.0,1,0.20189104372746114,39
2042,2,4339,1578,2761,0,0,0,1.0,1,1.0,1,1.0,1,0.1362914847890728,39
2043,0,4339,1578,2761,0,0,0,1.0,1,1.0,1,1.0,1,0.1362914847890728,39
2044,0,4339,1578,2761,0,0,0,1.0,1,1.0,1,1.0,1,0.1362914847890728,39
2045,0,4339,1578,2761,0,0,0,1.0,1,1.0,1,1.0,1,0.14747715188370242,41
2046,0,4339,1578,2761,0,0,0,1.0,1,1.0,1,1.0,1,0.16981481211626673,42
2047,0,4339,1578,2761,0,0,0,1.0,1,1.0,1,1.0,1,0.16981481211626673,42
2048,2,4341,1579,2762,0,0,0,1.0,1,1.0,1,1.0,1,0.16936612435658974,43
2049,1,4342,1580,2762,0,0,0,1.0,1,1.0,1,1.0,1,0.2170860268779226,44
2050,1,4343,1580,2763,0,0,0,1.0,1,1.0,1,1.0,1,0.19487568416730164,44
2051,3,4346,1582,2764,0,0,0,1.0,1,1.0,1,1.0,1,0.2943376795041869,45
2052,3,4349,1582,2767,0,0,0,1.0,1,1.0,1,1.0,1,0.262984419543741,45
2053,0,4349,1582,2767,0,0,0,1.0,1,1.0,1,1.0,1,0.262984419543741,45
2054,1,4350,1583,2767,0,0,0,1.0,1,1.0,1,1.0,1,0.2681557972378945,46
2055,0,4350,1583,2767,0,0,0,1.0,1,1.0,1,1.0,1,0.2681557972378945,46
2056,1,4351,1583,2768,0,0,0,1.0,1,1.0,1,1.0,1,0.2418663577942242,46
2057,5,4356,1586,2770,0,0,0,1.0,1,1.0,1,1.0,1,0.2139530384382769,47
2058,3,4359,1588,2771,0,0,0,1.0,1,1.0,1,1.0,1,0.21590634253948215,47
2059,2,4361,1590,2771,0,0,0,1.0,1,1.0,1,1.0,1,0.18919222460239626,48
2060,2,4363,1592,2771,0,0,0,1.0,1,1.0,1,1.0,1,0.2032080445291766,50
2061,3,4366,1593,2773,0,0,0,1.0,1,1.0,1,1.0,1,0.16934365444502283,51
2062,2,4368,1594,2774,0,0,0,1.0,1,1.0,1,1.0,1,0.1886888559000669,49
2063,1,4369,1595,2774,0,0,0,1.0,1,1.0,1,1.0,1,0.1959687518912235,48
2064,2,4371,1596,2775,0,0,0,1.0,1,1.0,1,1.0,1,0.19723886565071297,45
2065,0,4371,1596,2775,0,0,0,1.0,1,1.0,1,1.0,1,0.19246842938938752,44
2066,1,4372,1597,2775,0,0,0,1.0,1,1.0,1,1.0,1,0.2522387172571143,42
2067,1,4373,1598,2775,0,0,0,1.0,1,1.0,1,1.0,1,0.27529299806226,41
2068,1,4374,1598,2776,0,0,0,1.0,1,1.0,1,1.0,1,0.2564530153586548,40
2069,1,4375,1598,2777,0,0,0,1.0,1,1.0,1,1.0,1,0.23396490937596298,40
2070,1,4376,1599,2777,0,0,0,1.0,1,1.0,1,1.0,1,0.2601090572500901,40
2071,1,4377,1600,2777,0,0,0,1.0,1,1.0,1,1.0,1,0.27486967680580865,40
2072,1,4378,1600,2778,0,0,0,1.0,1,1.0,1,1.0,1,0.2996285055157499,41
2073,1,4379,1601,2778,0,0,0,1.0,1,1.0,1,1.0,1,0.3040410406713371,41
2074,0,4379,1601,2778,0,0,0,1.0,1,1.0,1,1.0,1,0.3033686874890653,41
2075,1,4380,1602,2778,0,0,0,1.0,1,1.0,1,1.0,1,0.3115114148695517,41
2076,2,4382,1604,2778,0,0,0,1.0,1,1.0,1,1.0,1,0.3128417985583971,41
2077,0,4382,1604,2778,0,0,0,1.0,1,1.0,1,1.0,1,0.31528904810980385,40
2078,1,4383,1605,2778,0,0,0,1.0,1,1.0,1,1.0,1,0.32189439083709864,40
2079,1,4384,1605,2779,0,0,0,1.0,1,1.0,1,1.0,1,0.29930497428811687,39
2080,1,4385,1606,2779,0,0,0,1.0,1,1.0,1,1.0,1,0.3269732034491456,38
2081,6,4391,1607,2784,0,0,0,1.0,1,1.0,1,1.0,1,0.22527176825543194,40
2082,2,4393,1607,2786,0,0,0,1.0,1,1.0,1,1.0,1,0.20077539262278446,41
2083,3,4396,1608,2788,0,0,0,1.0,1,1.0,1,1.0,1,0.20547002289414615,40
2084,3,4399,1609,2790,0,0,0,1.0,1,1.0,1,1.0,1,0.22864383626683718,42
2085,0,4399,1609,2790,0,0,0,1.0,1,1.0,1,1.0,1,0.22864383626683718,42
2086,1,4400,1610,2790,0,0,0,1.0,1,1.0,1,1.0,1,0.2107535305265035,43
2087,2,4402,1611,2791,0,0,0,1.0,1,1.0,1,1.0,1,0.20592520893631097,45
2088,3,4405,1612,2793,0,0,0,1.0,1,1.0,1,1.0,1,0.2066527653162216,46
2089,1,4406,1612,2794,0,0,0,1.0,1,1.0,1,1.0,1,0.20597125870766722,47
2090,5,4411,1613,2798,0,0,0,1.0,1,1.0,1,1.0,1,0.23260121062392589,49
2091,2,4413,1613,2800,0,0,0,1.0,1,1.0,1,1.0,1,0.24340165676765335,49
2092,3,4416,1614,2802,0,0,0,1.0,1,1.0,1,1.0,1,0.2481246250626092,49
2093,3,4419,1615,2804,0,0,0,1.0,1,1.0,1,1.0,1,0.27809009282597397,49
2094,6,4425,1615,2810,0,0,0,1.0,1,1.0,1,1.0,1,0.29594146782858793,49
2095,8,4433,1616,2817,0,0,0,1.0,1,1.0,1,1.0,1,0.1919299540025215,49
2096,2,4435,1616,2819,0,0,0,1.0,1,1.0,1,1.0,1,0.1943321359611696,51
2097,3,4438,1616,2822,0,0,0,1.0,1,1.0,1,1.0,1,0.16436496059606445,51
2098,2,4440,1616,2824,0,0,0,1.0,1,1.0,1,1.0,1,0.1585905242039639,52
2099,1,4441,1616,2825,0,0,0,1.0,1,1.0,1,1.0,1,0.16850815290240978,51
2100,0,4441,1616,2825,0,0,0,1.0,1,1.0,1,1.0,1,0.18417147458301564,51
2101,2,4443,1617,2826,0,0,0,1.0,1,1.0,1,1.0,1,0.18197929038867852,48
2102,1,4444,1618,2826,0,0,0,1.0,1,1.0,1,1.0,1,0.20373226586263027,49
2103,3,4447,1620,2827,0,0,0,1.0,1,1.0,1,1.0,1,0.22455058856896368,48
2104,1,4448,1620,2828,0,0,0,1.0,1,1.0,1,1.0,1,0.24648088376967314,43
2105,1,4449,1621,2828,0,0,0,1.0,1,1.0,1,1.0,1,0.2736625750523965,42
2106,3,4452,1623,2829,0,0,0,1.0,1,1.0,1,1.0,1,0.3397914464899435,40
2107,1,4453,1624,2829,0,0,0,1.0,1,1.0,1,1.0,1,0.36827182371574296,39
2108,4,4457,1626,2831,0,0,0,1.0,1,1.0,1,1.0,1,0.3472559832998312,38
2109,1,4458,1627,2831,0,0,0,1.0,1,1.0,1,1.0,1,0.3752363895359585,37
2110,3,4461,1629,2832,0,0,0,1.0,1,1.0,1,1.0,1,0.38621531053127145,38
2111,0,4461,1629,2832,0,0,0,1.0,1,1.0,1,1.0,1,0.37026545480447715,37
2112,2,4463,1631,2832,0,0,0,1.0,1,1.0,1,1.0,1,0.4161667928444935,36
2113,1,4464,1632,2832,0,0,0,1.0,1,1.0,1,1.0,1,0.47055247754822765,36
2114,0,4464,1632,2832,0,0,0,1.0,1,1.0,1,1.0,1,0.45700371176587506,36
2115,1,4465,1632,2833,0,0,0,1.0,1,1.0,1,1.0,1,0.4342257707343689,35
2116,0,4465,1632,2833,0,0,0,1.0,1,1.0,1,1.0,1,0.439067864144422,37
2117,2,4467,1633,2834,0,0,0,1.0,1,1.0,1,1.0,1,0.41035741513490054,38
2118,1,4468,1633,2835,0,0,0,1.0,1,1.0,1,1.0,1,0.38987466500613416,40
2119,1,4469,1634,2835,0,0,0,1.0,1,1.0,1,1.0,1,0.39156666671344853,40
2120,0,4469,1634,2835,0,0,0,1.0,1,1.0,1,1.0,1,0.4032132578751777,41
2121,2,4471,1634,2837,0,0,0,1.0,1,1.0,1,1.0,1,0.36958651451044944,41
2122,0,4471,1634,2837,0,0,0,1.0,1,1.0,1,1.0,1,0.38124163361088786,42
2123,1,4472,1634,2838,0,0,0,1.0,1,1.0,1,1.0,1,0.36519574843369473,43
2124,0,4472,1634,2838,0,0,0,1.0,1,1.0,1,1.0,1,0.4030651484052414,41
2125,0,4472,1634,2838,0,0,0,1.0,1,1.0,1,1.0,1,0.4030651484052414,41
2126,0,4472,1634,2838,0,0,0,1.0,1,1.0,1,1.0,1,0.4117504812298354,40
2127,0,4472,1634,2838,0,0,0,1.0,1,1.0,1,1.0,1,0.4117504812298354,40
2128,0,4472,1634,2838,0,0,0,1.0,1,1.0,1,1.0,1,0.4192437040924378,41
2129,0,4472,1634,2838,0,0,0,1.0,1,1.0,1,1.0,1,0.41125440854389567,42
2130,4,4476,1634,2842,0,0,0,1.0,1,1.0,1,1.0,1,0.35390600403798605,45
2131,0,4476,1634,2842,0,0,0,1.0,1,1.0,1,1.0,1,0.35390600403798605,45
2132,2,4478,1634,2844,0,0,0,1.0,1,1.0,1,1.0,1,0.3268430288452786,46
2133,3,4481,1635,2846,0,0,0,1.0,1,1.0,1,1.0,1,0.32300837194919446,46
2134,2,4483,1635,2848,0,0,0,1.0,1,1.0,1,1.0,1,0.2828860490745926,47
2135,3,4486,1635,2851,0,0,0,1.0,1,1.0,1,1.0,1,0.22813873093394943,47
2136,4,4490,1635,2855,0,0,0,1.0,1,1.0,1,1.0,1,0.21636191332480043,47
2137,4,4494,1636,2858,0,0,0,1.0,1,1.0,1,1.0,1,0.17573122576327724,49
2138,1,4495,1637,2858,0,0,0,1.0,1,1.0,1,1.0,1,0.2265999740509805,49
2139,5,4500,1638,2862,0,0,0,1.0,1,1.0,1,1.0,1,0.1432264240444585,47
2140,5,4505,1640,2865,0,0,0,1.0,1,1.0,1,1.0,1,0.11421699608524527,48
2141,1,4506,1641,2865,0,0,0,1.0,1,1.0,1,1.0,1,0.10856096698618646,47
2142,1,4507,1641,2866,0,0,0,1.0,1,1.0,1,1.0,1,0.08350135686497052,47
2143,2,4509,1641,2868,0,0,0,1.0,1,1.0,1,1.0,1,0.07855109742335693,48
2144,4,4513,1643,2870,0,0,0,1.0,1,1.0,1,1.0,1,0.13249742715750762,48
2145,2,4515,1645,2870,0,0,0,1.0,1,1.0,1,1.0,1,0.16887248417307882,46
2146,2,4517,1646,2871,0,0,0,1.0,1,1.0,1,1.0,1,0.13388672118722109,47
2147,5,4522,1650,2872,0,0,0,1.0,1,1.0,1,1.0,1,0.20291810696545737,48
2148,2,4524,1650,2874,0,0,0,1.0,1,1.0,1,1.0,1,0.19213292981019042,46
2149,5,4529,1654,2875,0,0,0,1.0,1,1.0,1,1.0,1,0.27766313151252714,46
2150,4,4533,1654,2879,0,0,0,1.0,1,1.0,1,1.0,1,0.24058011269455376,46
2151,3,4536,1655,2881,0,0,0,1.0,1,1.0,1,1.0,1,0.2959929754499219,44
2152,7,4543,1656,2887,0,0,0,1.0,1,1.0,1,1.0,1,0.3126351115668015,45
2153,8,4551,1657,2894,0,0,0,1.0,1,1.0,1,1.0,1,0.3074108008841324,48
2154,4,4555,1657,2898,0,0,0,1.0,1,1.0,1,1.0,1,0.348187292486626,47
2155,7,4562,1657,2905,0,0,0,1.0,1,1.0,1,1.0,1,0.36018877857371207,48
2156,4,4566,1658,2908,0,0,0,1.0,1,1.0,1,1.0,1,0.36973656973564584,45
2157,4,4570,1658,2912,0,0,0,1.0,1,1.0,1,1.0,1,0.35388643331760977,43
2158,7,4577,1659,2918,0,0,0,1.0,1,1.0,1,1.0,1,0.37816901986541607,43
2159,8,4585,1661,2924,0,0,0,1.0,1,1.0,1,1.0,1,0.3636694600810741,43
2160,2,4587,1661,2926,0,0,0,1.0,1,1.0,1,1.0,1,0.35375030980475847,41
2161,8,4595,1661,2934,0,0,0,1.0,1,1.0,1,1.0,1,0.15404207021459282,41
2162,2,4597,1662,2935,0,0,0,1.0,1,1.0,1,1.0,1,0.12190817703675288,42
2163,1,4598,1662,2936,0,0,0,1.0,1,1.0,1,1.0,1,0.11589216624475339,43
2164,5,4603,1664,2939,0,0,0,1.0,1,1.0,1,1.0,1,0.1748580630842813,44
2165,1,4604,1664,2940,0,0,0,1.0,1,1.0,1,1.0,1,0.1746316085145695,44
2166,1,4605,1664,2941,0,0,0,1.0,1,1.0,1,1.0,1,0.18192557213365138,46
2167,1,4606,1665,2941,0,0,0,1.0,1,1.0,1,1.0,1,0.20961704814985174,46
2168,0,4606,1665,2941,0,0,0,1.0,1,1.0,1,1.0,1,0.20445266282288085,45
2169,1,4607,1665,2942,0,0,0,1.0,1,1.0,1,1.0,1,0.17417682149584376,49
2170,1,4608,1665,2943,0,0,0,1.0,1,1.0,1,1.0,1,0.17469466679130452,49
2171,3,4611,1665,2946,0,0,0,1.0,1,1.0,1,1.0,1,0.18745850222909755,51
2172,2,4613,1665,2948,0,0,0,1.0,1,1.0,1,1.0,1,0.17889495155774118,52
2173,1,4614,1665,2949,0,0,0,1.0,1,1.0,1,1.0,1,0.17697248032348498,52
2174,0,4614,1665,2949,0,0,0,1.0,1,1.0,1,1.0,1,0.17697248032348498,52
2175,2,4616,1666,2950,0,0,0,1.0,1,1.0,1,1.0,1,0.24935898091038847,53
2176,4,4620,1666,2954,0,0,0,1.0,1,1.0,1,1.0,1,0.19650985848718178,54
2177,4,4624,1667,2957,0,0,0,1.0,1,1.0,1,1.0,1,0.21750810838460882,55
2178,4,4628,1669,2959,0,0,0,1.0,1,1.0,1,1.0,1,0.20288611777957885,54
2179,1,4629,1669,2960,0,0,0,1.0,1,1.0,1,1.0,1,0.18325067898925962,52
2180,4,4633,1672,2961,0,0,0,1.0,1,1.0,1,1.0,1,0.23310080068526617,51
2181,5,4638,1673,2965,0,0,0,1.0,1,1.0,1,1.0,1,0.13792315207288977,49
2182,4,4642,1676,2966,0,0,0,1.0,1,1.0,1,1.0,1,0.16281505955360312,49
2183,3,4645,1679,2966,0,0,0,1.0,1,1.0,1,1.0,1,0.2190856275426188,46
2184,3,4648,1681,2967,0,0,0,1.0,1,1.0,1,1.0,1,0.24371254590956082,45
2185,1,4649,1681,2968,0,0,0,1.0,1,1.0,1,1.0,1,0.19501435940101083,44
2186,4,4653,1683,2970,0,0,0,1.0,1,1.0,1,1.0,1,0.23643613488308568,42
2187,3,4656,1686,2970,0,0,0,1.0,1,1.0,1,1.0,1,0.24584798123856608,40
2188,2,4658,1688,2970,0,0,0,1.0,1,1.0,1,1.0,1,0.22539586482572596,38
2189,2,4660,1690,2970,0,0,0,1.0,1,1.0,1,1.0,1,0.2900882652918381,36
2190,4,4664,1693,2971,0,0,0,1.0,1,1.0,1,1.0,1,0.3553421415542822,34
2191,2,4666,1695,2971,0,0,0,1.0,1,1.0,1,1.0,1,0.33382153436608214,34
2192,3,4669,1697,2972,0,0,0,1.0,1,1.0,1,1.0,1,0.3335174142585964,33
2193,1,4670,1697,2973,0,0,0,1.0,1,1.0,1,1.0,1,0.3661799764491013,32
2194,1,4671,1698,2973,0,0,0,1.0,1,1.0,1,1.0,1,0.37977324643874755,32
2195,0,4671,1698,2973,0,0,0,1.0,1,1.0,1,1.0,1,0.39305948245515526,31
2196,3,4674,1699,2975,0,0,0,1.0,1,1.0,1,1.0,1,0.3844987991134354,32
2197,1,4675,1700,2975,0,0,0,1.0,1,1.0,1,1.0,1,0.4052520354924342,31
2198,0,4675,1700,2975,0,0,0,1.0,1,1.0,1,1.0,1,0.4052520354924342,31
2199,1,4676,1701,2975,0,0,0,1.0,1,1.0,1,1.0,1,0.3428141812300394,32
2200,3,4679,1701,2978,0,0,0,1.0,1,1.0,1,1.0,1,0.3273555134731863,35
2201,3,4682,1701,2981,0,0,0,1.0,1,1.0,1,1.0,1,0.21306765634054617,36
2202,2,4684,1702,2982,0,0,0,1.0,1,1.0,1,1.0,1,0.16739546215947482,36
2203,0,4684,1702,2982,0,0,0,1.0,1,1.0,1,1.0,1,0.15916071095286616,37
2204,1,4685,1702,2983,0,0,0,1.0,1,1.0,1,1.0,1,0.18124987229160366,36
2205,3,4688,1703,2985,0,0,0,1.0,1,1.0,1,1.0,1,0.16180767318531164,37
2206,3,4691,1705,2986,0,0,0,1.0,1,1.0,1,1.0,1,0.25917251856486967,35
2207,3,4694,1706,2988,0,0,0,1.0,1,1.0,1,1.0,1,0.2923591930909089,37
2208,2,4696,1706,2990,0,0,0,1.0,1,1.0,1,1.0,1,0.2939493670947846,36
2209,1,4697,1707,2990,0,0,0,1.0,1,1.0,1,1.0,1,0.32802021713176505,35
2210,4,4701,1707,2994,0,0,0,1.0,1,1.0,1,1.0,1,0.3162772589348835,38
2211,2,4703,1707,2996,0,0,0,1.0,1,1.0,1,1.0,1,0.3555497738962757,37
2212,4,4707,1707,3000,0,0,0,1.0,1,1.0,1,1.0,1,0.3207786037506609,38
2213,2,4709,1708,3001,0,0,0,1.0,1,1.0,1,1.0,1,0.3070088529636126,38
2214,2,4711,1708,3003,0,0,0,1.0,1,1.0,1,1.0,1,0.29240676052413417,39
2215,2,4713,1709,3004,0,0,0,1.0,1,1.0,1,1.0,1,0.28323477621844406,39
2216,3,4716,1711,3005,0,0,0,1.0,1,1.0,1,1.0,1,0.28700308174986905,39
2217,0,4716,1711,3005,0,0,0,1.0,1,1.0,1,1.0,1,0.2425017248446326,38
2218,3,4719,1712,3007,0,0,0,1.0,1,1.0,1,1.0,1,0.24288432682788186,37
2219,3,4722,1714,3008,0,0,0,1.0,1,1.0,1,1.0,1,0.328689952012389,36
2220,5,4727,1715,3012,0,0,0,1.0,1,1.0,1,1.0,1,0.2541576165453352,34
2221,1,4728,1715,3013,0,0,0,1.0,1,1.0,1,1.0,1,0.2101316152938607,35
2222,2,4730,1716,3014,0,0,0,1.0,1,1.0,1,1.0,1,0.20465879006461235,33
2223,1,4731,1717,3014,0,0,0,1.0,1,1.0,1,1.0,1,0.20469556859290675,34
2224,2,4733,1719,3014,0,0,0,1.0,1,1.0,1,1.0,1,0.1835245165994318,32
2225,5,4738,1721,3017,0,0,0,1.0,1,1.0,1,1.0,1,0.18898541374208133,33
2226,1,4739,1722,3017,0,0,0,1.0,1,1.0,1,1.0,1,0.23572435317133225,32
2227,1,4740,1722,3018,0,0,0,1.0,1,1.0,1,1.0,1,0.2158662962859101,31
2228,1,4741,1723,3018,0,0,0,1.0,1,1.0,1,1.0,1,0.2629500689725608,32
2229,3,4744,1725,3019,0,0,0,1.0,1,1.0,1,1.0,1,0.15427708912368196,32
2230,0,4744,1725,3019,0,0,0,1.0,1,1.0,1,1.0,1,0.1769202868408653,31
2231,0,4744,1725,3019,0,0,0,1.0,1,1.0,1,1.0,1,0.15644968820213617,32
2232,1,4745,1726,3019,0,0,0,1.0,1,1.0,1,1.0,1,0.15752862292022476,32
2233,0,4745,1726,3019,0,0,0,1.0,1,1.0,1,1.0,1,0.15362584503566218,31
2234,0,4745,1726,3019,0,0,0,1.0,1,1.0,1,1.0,1,0.1666122246296374,32
2235,1,4746,1726,3020,0,0,0,1.0,1,1.0,1,1.0,1,0.18906599376496036,31
2236,0,4746,1726,3020,0,0,0,1.0,1,1.0,1,1.0,1,0.18906599376496036,31
2237,1,4747,1727,3020,0,0,0,1.0,1,1.0,1,1.0,1,0.22540574998034632,31
2238,2,4749,1729,3020,0,0,0,1.0,1,1.0,1,1.0,1,0.3406202800002277,31
2239,1,4750,1729,3021,0,0,0,1.0,1,1.0,1,1.0,1,0.3347416956977247,31
2240,3,4753,1730,3023,0,0,0,1.0,1,1.0,1,1.0,1,0.37929269537677623,32
2241,5,4758,1731,3027,0,0,0,1.0,1,1.0,1,1.0,1,0.229706985197177,32
2242,3,4761,1733,3028,0,0,0,1.0,1,1.0,1,1.0,1,0.1905686611276831,34
2243,1,4762,1734,3028,0,0,0,1.0,1,1.0,1,1.0,1,0.21861633722235058,34
2244,2,4764,1734,3030,0,0,0,1.0,1,1.0,1,1.0,1,0.20798583610966512,36
2245,0,4764,1734,3030,0,0,0,1.0,1,1.0,1,1.0,1,0.20798583610966512,36
2246,2,4766,1734,3032,0,0,0,1.0,1,1.0,1,1.0,1,0.23175574624755918,39
2247,0,4766,1734,3032,0,0,0,1.0,1,1.0,1,1.0,1,0.22082204417163662,40
2248,0,4766,1734,3032,0,0,0,1.0,1,1.0,1,1.0,1,0.22082204417163662,40
2249,0,4766,1734,3032,0,0,0,1.0,1,1.0,1,1.0,1,0.21779638910619695,41
2250,0,4766,1734,3032,0,0,0,1.0,1,1.0,1,1.0,1,0.21779638910619695,41
2251,1,4767,1734,3033,0,0,0,1.0,1,1.0,1,1.0,1,0.22911936714542494,42
2252,1,4768,1734,3034,0,0,0,1.0,1,1.0,1,1.0,1,0.22512081730237923,41
2253,1,4769,1734,3035,0,0,0,1.0,1,1.0,1,1.0,1,0.222795935934473,40
2254,1,4770,1735,3035,0,0,0,1.0,1,1.0,1,1.0,1,0.2266249990406397,39
2255,1,4771,1735,3036,0,0,0,1.0,1,1.0,1,1.0,1,0.2575398342005328,39
2256,1,4772,1736,3036,0,0,0,1.0,1,1.0,1,1.0,1,0.28777590374411866,40
2257,2,4774,1737,3037,0,0,0,1.0,1,1.0,1,1.0,1,0.305321287349418,40
2258,2,4776,1738,3038,0,0,0,1.0,1,1.0,1,1.0,1,0.2873614092406062,39
2259,2,4778,1739,3039,0,0,0,1.0,1,1.0,1,1.0,1,0.29605070485949786,41
2260,2,4780,1740,3040,0,0,0,1.0,1,1.0,1,1.0,1,0.33319741782788415,38
2261,5,4785,1741,3044,0,0,0,1.0,1,1.0,1,1.0,1,0.23065113691998163,38
2262,2,4787,1742,3045,0,0,0,1.0,1,1.0,1,1.0,1,0.2788297927048986,36
2263,3,4790,1744,3046,0,0,0,1.0,1,1.0,1,1.0,1,0.3026528096151,35
2264,2,4792,1746,3046,0,0,0,1.0,1,1.0,1,1.0,1,0.38750581593296374,33
2265,4,4796,1749,3047,0,0,0,1.0,1,1.0,1,1.0,1,0.38277511415893534,33
2266,2,4798,1751,3047,0,0,0,1.0,1,1.0,1,1.0,1,0.42553714812465937,33
2267,5,4803,1753,3050,0,0,0,1.0,1,1.0,1,1.0,1,0.45253257341800607,33
2268,4,4807,1754,3053,0,0,0,1.0,1,1.0,1,1.0,1,0.4468313151199529,35
2269,5,4812,1755,3057,0,0,0,1.0,1,1.0,1,1.0,1,0.3637716019375457,36
2270,2,4814,1756,3058,0,0,0,1.0,1,1.0,1,1.0,1,0.4198251520521414,34
2271,3,4817,1757,3060,0,0,0,1.0,1,1.0,1,1.0,1,0.3360812657321357,34
2272,4,4821,1758,3063,0,0,0,1.0,1,1.0,1,1.0,1,0.3490500895508321,33
2273,4,4825,1759,3066,0,0,0,1.0,1,1.0,1,1.0,1,0.3515322770565896,32
2274,2,4827,1759,3068,0,0,0,1.0,1,1.0,1,1.0,1,0.3515322770565896,32
2275,2,4829,1759,3070,0,0,0,1.0,1,1.0,1,1.0,1,0.3221524510307614,32
2276,2,4831,1760,3071,0,0,0,1.0,1,1.0,1,1.0,1,0.3373293809272628,31
2277,2,4833,1761,3072,0,0,0,1.0,1,1.0,1,1.0,1,0.3481992197086344,30
2278,5,4838,1763,3075,0,0,0,1.0,1,1.0,1,1.0,1,0.3658977815919759,33
2279,3,4841,1763,3078,0,0,0,1.0,1,1.0,1,1.0,1,0.35438127409165093,33
2280,4,4845,1763,3082,0,0,0,1.0,1,1.0,1,1.0,1,0.3648534179297288,35
2281,4,4849,1763,3086,0,0,0,1.0,1,1.0,1,1.0,1,0.23040439814579564,36
2282,0,4849,1763,3086,0,0,0,1.0,1,1.0,1,1.0,1,0.23040439814579564,36
2283,1,4850,1763,3087,0,0,0,1.0,1,1.0,1,1.0,1,0.18866395163752606,36
2284,1,4851,1763,3088,0,0,0,1.0,1,1.0,1,1.0,1,0.17419883527694144,36
2285,1,4852,1763,3089,0,0,0,1.0,1,1.0,1,1.0,1,0.16284231683241576,37
2286,0,4852,1763,3089,0,0,0,1.0,1,1.0,1,1.0,1,0.15889755607553777,38
2287,0,4852,1763,3089,0,0,0,1.0,1,1.0,1,1.0,1,0.17261578811402647,38
2288,4,4856,1765,3091,0,0,0,1.0,1,1.0,1,1.0,1,0.1990969393794283,40
2289,1,4857,1766,3091,0,0,0,1.0,1,1.0,1,1.0,1,0.2333718967206581,40
2290,0,4857,1766,3091,0,0,0,1.0,1,1.0,1,1.0,1,0.25581738511897806,39
2291,2,4859,1768,3091,0,0,0,1.0,1,1.0,1,1.0,1,0.3025240048318995,37
2292,1,4860,1769,3091,0,0,0,1.0,1,1.0,1,1.0,1,0.3861939858794012,35
2293,0,4860,1769,3091,0,0,0,1.0,1,1.0,1,1.0,1,0.3868108360796207,35
2294,2,4862,1769,3093,0,0,0,1.0,1,1.0,1,1.0,1,0.3880161777570277,35
2295,0,4862,1769,3093,0,0,0,1.0,1,1.0,1,1.0,1,0.39379492309762665,36
2296,0,4862,1769,3093,0,0,0,1.0,1,1.0,1,1.0,1,0.359914442764336,34
2297,1,4863,1770,3093,0,0,0,1.0,1,1.0,1,1.0,1,0.3923304201997115,35
2298,1,4864,1771,3093,0,0,0,1.0,1,1.0,1,1.0,1,0.4237572776354964,34
2299,0,4864,1771,3093,0,0,0,1.0,1,1.0,1,1.0,1,0.3908422443506028,35
2300,0,4864,1771,3093,0,0,0,1.0,1,1.0,1,1.0,1,0.3908422443506028,35
2301,4,4868,1771,3097,0,0,0,1.0,1,1.0,1,1.0,1,0.29982476360732035,35
2302,3,4871,1773,3098,0,0,0,1.0,1,1.0,1,1.0,1,0.35160504999446107,37
2303,1,4872,1774,3098,0,0,0,1.0,1,1.0,1,1.0,1,0.3360901364841686,35
2304,4,4876,1777,3099,0,0,0,1.0,1,1.0,1,1.0,1,0.4022759988593335,36
2305,1,4877,1777,3100,0,0,0,1.0,1,1.0,1,1.0,1,0.40267825069039126,34
2306,2,4879,1778,3101,0,0,0,1.0,1,1.0,1,1.0,1,0.4406642738975566,35
2307,2,4881,1779,3102,0,0,0,1.0,1,1.0,1,1.0,1,0.3761828489110004,35
2308,1,4882,1779,3103,0,0,0,1.0,1,1.0,1,1.0,1,0.36645092265452783,35
2309,1,4883,1779,3104,0,0,0,1.0,1,1.0,1,1.0,1,0.3885493300238017,34
2310,1,4884,1779,3105,0,0,0,1.0,1,1.0,1,1.0,1,0.3829299995636659,36
2311,3,4887,1779,3108,0,0,0,1.0,1,1.0,1,1.0,1,0.386626919545188,38
2312,4,4891,1781,3110,0,0,0,1.0,1,1.0,1,1.0,1,0.3735284675939101,39
2313,3,4894,1781,3113,0,0,0,1.0,1,1.0,1,1.0,1,0.3901145596677609,39
2314,6,4900,1781,3119,0,0,0,1.0,1,1.0,1,1.0,1,0.3524095419785438,39
2315,4,4904,1782,3122,0,0,0,1.0,1,1.0,1,1.0,1,0.3083847301041514,40
2316,4,4908,1782,3126,0,0,0,1.0,1,1.0,1,1.0,1,0.3093550682842215,40
2317,6,4914,1783,3131,0,0,0,1.0,1,1.0,1,1.0,1,0.3214094891712731,41
2318,3,4917,1784,3133,0,0,0,1.0,1,1.0,1,1.0,1,0.31285236378873643,41
2319,1,4918,1784,3134,0,0,0,1.0,1,1.0,1,1.0,1,0.30913122626253453,41
2320,3,4921,1785,3136,0,0,0,1.0,1,1.0,1,1.0,1,0.3309644759146045,42
2321,7,4928,1785,3143,0,0,0,1.0,1,1.0,1,1.0,1,0.2148501771197729,43
2322,1,4929,1786,3143,0,0,0,1.0,1,1.0,1,1.0,1,0.27181585067707276,42
2323,2,4931,1786,3145,0,0,0,1.0,1,1.0,1,1.0,1,0.2456609307234756,43
2324,2,4933,1786,3147,0,0,0,1.0,1,1.0,1,1.0,1,0.26423655743767555,44
2325,4,4937,1786,3151,0,0,0,1.0,1,1.0,1,1.0,1,0.26341768767075807,44
2326,2,4939,1786,3153,0,0,0,1.0,1,1.0,1,1.0,1,0.2429162253235628,45
2327,4,4943,1786,3157,0,0,0,1.0,1,1.0,1,1.0,1,0.2429162253235628,45
2328,2,4945,1786,3159,0,0,0,1.0,1,1.0,1,1.0,1,0.26891178649312436,46
2329,2,4947,1786,3161,0,0,0,1.0,1,1.0,1,1.0,1,0.2480542316608731,45
2330,3,4950,1786,3164,0,0,0,1.0,1,1.0,1,1.0,1,0.24699594581455195,47
2331,2,4952,1786,3166,0,0,0,1.0,1,1.0,1,1.0,1,0.24071066562524493,48
2332,4,4956,1786,3170,0,0,0,1.0,1,1.0,1,1.0,1,0.2527960075131329,48
2333,6,4962,1787,3175,0,0,0,1.0,1,1.0,1,1.0,1,0.2863051620596,49
2334,7,4969,1788,3181,0,0,0,1.0,1,1.0,1,1.0,1,0.3446539010569801,47
2335,7,4976,1789,3187,0,0,0,1.0,1,1.0,1,1.0,1,0.35199838955660573,46
2336,4,4980,1789,3191,0,0,0,1.0,1,1.0,1,1.0,1,0.3759833243627664,46
2337,3,4983,1789,3194,0,0,0,1.0,1,1.0,1,1.0,1,0.37069458438253267,45
2338,5,4988,1792,3196,0,0,0,1.0,1,1.0,1,1.0,1,0.3104069219336938,44
2339,2,4990,1793,3197,0,0,0,1.0,1,1.0,1,1.0,1,0.31119393019919356,45
2340,3,4993,1794,3199,0,0,0,1.0,1,1.0,1,1.0,1,0.29627354040372106,44
2341,3,4996,1794,3202,0,0,0,1.0,1,1.0,1,1.0,1,0.2455151833121025,45
2342,0,4996,1794,3202,0,0,0,1.0,1,1.0,1,1.0,1,0.2341748683454776,47
2343,1,4997,1795,3202,0,0,0,1.0,1,1.0,1,1.0,1,0.2266151874858616,46
2344,2,4999,1795,3204,0,0,0,1.0,1,1.0,1,1.0,1,0.2166300017429964,46
2345,1,5000,1795,3205,0,0,0,1.0,1,1.0,1,1.0,1,0.21632623116768218,45
2346,0,5000,1795,3205,0,0,0,1.0,1,1.0,1,1.0,1,0.20286574988230635,46
2347,2,5002,1795,3207,0,0,0,1.0,1,1.0,1,1.0,1,0.20681079442526198,47
2348,3,5005,1796,3209,0,0,0,1.0,1,1.0,1,1.0,1,0.22296697227296156,49
2349,3,5008,1797,3211,0,0,0,1.0,1,1.0,1,1.0,1,0.25604304320716537,49
2350,4,5012,1797,3215,0,0,0,1.0,1,1.0,1,1.0,1,0.18463638353707668,50
2351,4,5016,1798,3218,0,0,0,1.0,1,1.0,1,1.0,1,0.20987587558027956,50
2352,3,5019,1798,3221,0,0,0,1.0,1,1.0,1,1.0,1,0.2021815561532471,51
2353,4,5023,1799,3224,0,0,0,1.0,1,1.0,1,1.0,1,0.1475480425033278,51
2354,0,5023,1799,3224,0,0,0,1.0,1,1.0,1,1.0,1,0.1687131104080152,51
2355,2,5025,1800,3225,0,0,0,1.0,1,1.0,1,1.0,1,0.2039507952867555,50
2356,1,5026,1801,3225,0,0,0,1.0,1,1.0,1,1.0,1,0.1850085957222422,50
2357,0,5026,1801,3225,0,0,0,1.0,1,1.0,1,1.0,1,0.20893038408899062,49
2358,2,5028,1801,3227,0,0,0,1.0,1,1.0,1,1.0,1,0.2228482875593406,51
2359,1,5029,1801,3228,0,0,0,1.0,1,1.0,1,1.0,1,0.2010736345352161,51
2360,1,5030,1802,3228,0,0,0,1.0,1,1.0,1,1.0,1,0.22679786841520774,51
2361,2,5032,1803,3229,0,0,0,1.0,1,1.0,1,1.0,1,0.21947627497148242,52
2362,2,5034,1803,3231,0,0,0,1.0,1,1.0,1,1.0,1,0.17675655085272035,53
2363,1,5035,1803,3232,0,0,0,1.0,1,1.0,1,1.0,1,0.17469136384493517,54
2364,2,5037,1804,3233,0,0,0,1.0,1,1.0,1,1.0,1,0.16577959668996511,55
2365,1,5038,1805,3233,0,0,0,1.0,1,1.0,1,1.0,1,0.16803388258092658,53
2366,3,5041,1807,3234,0,0,0,1.0,1,1.0,1,1.0,1,0.1631238630234196,53
2367,5,5046,1811,3235,0,0,0,1.0,1,1.0,1,1.0,1,0.22214975651458227,51
2368,4,5050,1814,3236,0,0,0,1.0,1,1.0,1,1.0,1,0.2629781156064446,50
2369,2,5052,1815,3237,0,0,0,1.0,1,1.0,1,1.0,1,0.2898947651692368,47
2370,2,5054,1815,3239,0,0,0,1.0,1,1.0,1,1.0,1,0.277189113714674,48
2371,0,5054,1815,3239,0,0,0,1.0,1,1.0,1,1.0,1,0.2733038075544958,49
2372,0,5054,1815,3239,0,0,0,1.0,1,1.0,1,1.0,1,0.2796909868940932,48
2373,0,5054,1815,3239,0,0,0,1.0,1,1.0,1,1.0,1,0.27568023919942,49
2374,0,5054,1815,3239,0,0,0,1.0,1,1.0,1,1.0,1,0.26606738837377575,50
2375,3,5057,1817,3240,0,0,0,1.0,1,1.0,1,1.0,1,0.26207507576579203,50
2376,0,5057,1817,3240,0,0,0,1.0,1,1.0,1,1.0,1,0.2562743380342071,50
2377,0,5057,1817,3240,0,0,0,1.0,1,1.0,1,1.0,1,0.2658657459792424,49
2378,0,5057,1817,3240,0,0,0,1.0,1,1.0,1,1.0,1,0.2658657459792424,49
2379,3,5060,1818,3242,0,0,0,1.0,1,1.0,1,1.0,1,0.26369054252562335,50
2380,1,5061,1819,3242,0,0,0,1.0,1,1.0,1,1.0,1,0.28076585472512067,50
2381,3,5064,1820,3244,0,0,0,1.0,1,1.0,1,1.0,1,0.26036723140716367,51
2382,1,5065,1821,3244,0,0,0,1.0,1,1.0,1,1.0,1,0.2562890285035738,51
2383,3,5068,1822,3246,0,0,0,1.0,1,1.0,1,1.0,1,0.2511311136917887,52
2384,0,5068,1822,3246,0,0,0,1.0,1,1.0,1,1.0,1,0.22389175736105782,52
2385,2,5070,1824,3246,0,0,0,1.0,1,1.0,1,1.0,1,0.253883700061999,51
2386,4,5074,1826,3248,0,0,0,1.0,1,1.0,1,1.0,1,0.2766925530751257,52
2387,1,5075,1827,3248,0,0,0,1.0,1,1.0,1,1.0,1,0.2788171418523898,49
2388,1,5076,1828,3248,0,0,0,1.0,1,1.0,1,1.0,1,0.2820211327910708,48
2389,2,5078,1830,3248,0,0,0,1.0,1,1.0,1,1.0,1,0.30720790197109726,48
2390,5,5083,1832,3251,0,0,0,1.0,1,1.0,1,1.0,1,0.2790416791848398,49
2391,4,5087,1834,3253,0,0,0,1.0,1,1.0,1,1.0,1,0.27435027189367794,48
2392,2,5089,1836,3253,0,0,0,1.0,1,1.0,1,1.0,1,0.268191814199654,49
2393,5,5094,1837,3257,0,0,0,1.0,1,1.0,1,1.0,1,0.2543094247254365,50
2394,4,5098,1840,3258,0,0,0,1.0,1,1.0,1,1.0,1,0.2847400236992839,50
2395,2,5100,1841,3259,0,0,0,1.0,1,1.0,1,1.0,1,0.2778772913258151,49
2396,2,5102,1841,3261,0,0,0,1.0,1,1.0,1,1.0,1,0.26660347881627877,50
2397,3,5105,1843,3262,0,0,0,1.0,1,1.0,1,1.0,1,0.2631241900387835,51
2398,2,5107,1845,3262,0,0,0,1.0,1,1.0,1,1.0,1,0.27014653945222716,49
2399,1,5108,1845,3263,0,0,0,1.0,1,1.0,1,1.0,1,0.27463328141534404,50
2400,1,5109,1846,3263,0,0,0,1.0,1,1.0,1,1.0,1,0.31509904314213305,51
2401,3,5112,1846,3266,0,0,0,1.0,1,1.0,1,1.0,1,0.2664888184539635,50
2402,1,5113,1846,3267,0,0,0,1.0,1,1.0,1,1.0,1,0.2431959626555066,51
2403,1,5114,1846,3268,0,0,0,1.0,1,1.0,1,1.0,1,0.22114854982661022,52
2404,0,5114,1846,3268,0,0,0,1.0,1,1.0,1,1.0,1,0.23620500207769993,53
2405,0,5114,1846,3268,0,0,0,1.0,1,1.0,1,1.0,1,0.23785444499914807,52
2406,1,5115,1847,3268,0,0,0,1.0,1,1.0,1,1.0,1,0.24349124227390667,52
2407,2,5117,1848,3269,0,0,0,1.0,1,1.0,1,1.0,1,0.25530158259187263,51
2408,1,5118,1848,3270,0,0,0,1.0,1,1.0,1,1.0,1,0.23986346464220518,50
2409,0,5118,1848,3270,0,0,0,1.0,1,1.0,1,1.0,1,0.2531903613807332,50
2410,2,5120,1849,3271,0,0,0,1.0,1,1.0,1,1.0,1,0.30967365831052074,49
2411,0,5120,1849,3271,0,0,0,1.0,1,1.0,1,1.0,1,0.3219210853767929,48
2412,0,5120,1849,3271,0,0,0,1.0,1,1.0,1,1.0,1,0.3230926172641245,47
2413,1,5121,1849,3272,0,0,0,1.0,1,1.0,1,1.0,1,0.2880698000987008,47
2414,2,5123,1850,3273,0,0,0,1.0,1,1.0,1,1.0,1,0.30937317221423355,47
2415,0,5123,1850,3273,0,0,0,1.0,1,1.0,1,1.0,1,0.3147555170398307,46
2416,0,5123,1850,3273,0,0,0,1.0,1,1.0,1,1.0,1,0.3009122131558428,47
2417,5,5128,1852,3276,0,0,0,1.0,1,1.0,1,1.0,1,0.2925553421881507,46
2418,4,5132,1854,3278,0,0,0,1.0,1,1.0,1,1.0,1,0.2980693710668077,48
2419,2,5134,1855,3279,0,0,0,1.0,1,1.0,1,1.0,1,0.2924057699576505,47
2420,2,5136,1856,3280,0,0,0,1.0,1,1.0,1,1.0,1,0.2686713518259277,49
2421,5,5141,1857,3284,0,0,0,1.0,1,1.0,1,1.0,1,0.2157356129390306,50
2422,2,5143,1859,3284,0,0,0,1.0,1,1.0,1,1.0,1,0.20230013186460555,50
2423,1,5144,1859,3285,0,0,0,1.0,1,1.0,1,1.0,1,0.18692117478978926,51
2424,1,5145,1860,3285,0,0,0,1.0,1,1.0,1,1.0,1,0.18335858070905647,50
2425,1,5146,1861,3285,0,0,0,1.0,1,1.0,1,1.0,1,0.18256897779987208,48
2426,6,5152,1867,3285,0,0,0,1.0,1,1.0,1,1.0,1,0.22795310414221137,51
2427,2,5154,1869,3285,0,0,0,1.0,1,1.0,1,1.0,1,0.2553777327747296,50
2428,2,5156,1869,3287,0,0,0,1.0,1,1.0,1,1.0,1,0.18930766242764113,49
2429,1,5157,1870,3287,0,0,0,1.0,1,1.0,1,1.0,1,0.2264609508088974,49
2430,0,5157,1870,3287,0,0,0,1.0,1,1.0,1,1.0,1,0.24312092343348934,46
2431,0,5157,1870,3287,0,0,0,1.0,1,1.0,1,1.0,1,0.24370287211142339,45
2432,2,5159,1871,3288,0,0,0,1.0,1,1.0,1,1.0,1,0.3299720520162942,44
2433,1,5160,1872,3288,0,0,0,1.0,1,1.0,1,1.0,1,0.2998421908561785,45
2434,1,5161,1873,3288,0,0,0,1.0,1,1.0,1,1.0,1,0.3222253327816339,44
2435,1,5162,1873,3289,0,0,0,1.0,1,1.0,1,1.0,1,0.29951492572550087,44
2436,1,5163,1873,3290,0,0,0,1.0,1,1.0,1,1.0,1,0.3084852693660787,44
2437,0,5163,1873,3290,0,0,0,1.0,1,1.0,1,1.0,1,0.32131307348051685,45
2438,1,5164,1874,3290,0,0,0,1.0,1,1.0,1,1.0,1,0.34489038505150804,45
2439,1,5165,1875,3290,0,0,0,1.0,1,1.0,1,1.0,1,0.3054909079900455,46
2440,1,5166,1875,3291,0,0,0,1.0,1,1.0,1,1.0,1,0.27661946327020415,45
2441,6,5172,1875,3297,0,0,0,1.0,1,1.0,1,1.0,1,0.1795341633757832,45
2442,1,5173,1875,3298,0,0,0,1.0,1,1.0,1,1.0,1,0.1845933489617725,46
2443,3,5176,1875,3301,0,0,0,1.0,1,1.0,1,1.0,1,0.19971752082274152,45
2444,6,5182,1880,3302,0,0,0,1.0,1,1.0,1,1.0,1,0.31526365670464923,46
2445,4,5186,1881,3305,0,0,0,1.0,1,1.0,1,1.0,1,0.2940483026309872,44
2446,4,5190,1883,3307,0,0,0,1.0,1,1.0,1,1.0,1,0.30373869419686145,44
2447,4,5194,1885,3309,0,0,0,1.0,1,1.0,1,1.0,1,0.30968118094980784,42
2448,3,5197,1888,3309,0,0,0,1.0,1,1.0,1,1.0,1,0.32514476966361355,41
2449,3,5200,1889,3311,0,0,0,1.0,1,1.0,1,1.0,1,0.29153221649677924,40
2450,3,5203,1891,3312,0,0,0,1.0,1,1.0,1,1.0,1,0.26889054971265014,42
2451,2,5205,1891,3314,0,0,0,1.0,1,1.0,1,1.0,1,0.2556027927800465,43
2452,2,5207,1892,3315,0,0,0,1.0,1,1.0,1,1.0,1,0.27746761713361207,43
2453,0,5207,1892,3315,0,0,0,1.0,1,1.0,1,1.0,1,0.29750835715845964,45
2454,3,5210,1894,3316,0,0,0,1.0,1,1.0,1,1.0,1,0.30934702352220605,47
2455,1,5211,1894,3317,0,0,0,1.0,1,1.0,1,1.0,1,0.3215391042559436,48
2456,4,5215,1895,3320,0,0,0,1.0,1,1.0,1,1.0,1,0.33632330070106586,49
2457,4,5219,1897,3322,0,0,0,1.0,1,1.0,1,1.0,1,0.37252905746025816,48
2458,3,5222,1897,3325,0,0,0,1.0,1,1.0,1,1.0,1,0.3742933274554646,49
2459,4,5226,1897,3329,0,0,0,1.0,1,1.0,1,1.0,1,0.35443412498221905,49
2460,4,5230,1898,3332,0,0,0,1.0,1,1.0,1,1.0,1,0.35284225028068406,50
2461,0,5230,1898,3332,0,0,0,1.0,1,1.0,1,1.0,1,0.35284225028068406,50
2462,3,5233,1900,3333,0,0,0,1.0,1,1.0,1,1.0,1,0.3080757381556825,51
2463,1,5234,1900,3334,0,0,0,1.0,1,1.0,1,1.0,1,0.3078518090949564,51
2464,2,5236,1902,3334,0,0,0,1.0,1,1.0,1,1.0,1,0.3018607396742533,50
2465,2,5238,1903,3335,0,0,0,1.0,1,1.0,1,1.0,1,0.28337611640446314,49
2466,2,5240,1905,3335,0,0,0,1.0,1,1.0,1,1.0,1,0.27365035080620137,49
2467,1,5241,1905,3336,0,0,0,1.0,1,1.0,1,1.0,1,0.2642914705237331,48
2468,3,5244,1908,3336,0,0,0,1.0,1,1.0,1,1.0,1,0.28410752541240075,47
2469,1,5245,1909,3336,0,0,0,1.0,1,1.0,1,1.0,1,0.27440592376062917,46
2470,0,5245,1909,3336,0,0,0,1.0,1,1.0,1,1.0,1,0.2877715263794229,44
2471,2,5247,1910,3337,0,0,0,1.0,1,1.0,1,1.0,1,0.28968198520325933,44
2472,4,5251,1910,3341,0,0,0,1.0,1,1.0,1,1.0,1,0.28012283387639303,44
2473,2,5253,1911,3342,0,0,0,1.0,1,1.0,1,1.0,1,0.28294388850097896,43
2474,3,5256,1913,3343,0,0,0,1.0,1,1.0,1,1.0,1,0.2939968060192261,44
2475,3,5259,1914,3345,0,0,0,1.0,1,1.0,1,1.0,1,0.27514703122526973,46
2476,2,5261,1914,3347,0,0,0,1.0,1,1.0,1,1.0,1,0.25821869148912524,46
2477,1,5262,1914,3348,0,0,0,1.0,1,1.0,1,1.0,1,0.2674157423563548,46
2478,1,5263,1914,3349,0,0,0,1.0,1,1.0,1,1.0,1,0.25821869148912524,46
2479,5,5268,1916,3352,0,0,0,1.0,1,1.0,1,1.0,1,0.281965158115481,46
2480,3,5271,1917,3354,0,0,0,1.0,1,1.0,1,1.0,1,0.2894111323053968,47
2481,5,5276,1918,3358,0,0,0,1.0,1,1.0,1,1.0,1,0.1558159867364427,47
2482,2,5278,1918,3360,0,0,0,1.0,1,1.0,1,1.0,1,0.13983785762948472,45
2483,3,5281,1919,3362,0,0,0,1.0,1,1.0,1,1.0,1,0.16919880532053058,45
2484,3,5284,1920,3364,0,0,0,1.0,1,1.0,1,1.0,1,0.18373855470447537,46
2485,3,5287,1921,3366,0,0,0,1.0,1,1.0,1,1.0,1,0.13044956519393688,44
2486,1,5288,1921,3367,0,0,0,1.0,1,1.0,1,1.0,1,0.1430412310145615,43
2487,1,5289,1921,3368,0,0,0,1.0,1,1.0,1,1.0,1,0.1280755513184579,44
2488,6,5295,1923,3372,0,0,0,1.0,1,1.0,1,1.0,1,0.17822247146579365,45
2489,4,5299,1923,3376,0,0,0,1.0,1,1.0,1,1.0,1,0.19769096575199543,44
2490,7,5306,1925,3381,0,0,0,1.0,1,1.0,1,1.0,1,0.23096427241789474,44
2491,6,5312,1927,3385,0,0,0,1.0,1,1.0,1,1.0,1,0.2777198546999486,44
2492,3,5315,1928,3387,0,0,0,1.0,1,1.0,1,1.0,1,0.2754252636806988,44
2493,6,5321,1928,3393,0,0,0,1.0,1,1.0,1,1.0,1,0.3079383437181086,42
2494,3,5324,1928,3396,0,0,0,1.0,1,1.0,1,1.0,1,0.30963209322421753,42
2495,5,5329,1928,3401,0,0,0,1.0,1,1.0,1,1.0,1,0.2838433763860271,42
2496,7,5336,1929,3407,0,0,0,1.0,1,1.0,1,1.0,1,0.3126810936334898,42
2497,7,5343,1929,3414,0,0,0,1.0,1,1.0,1,1.0,1,0.32095796469902027,44
2498,4,5347,1929,3418,0,0,0,1.0,1,1.0,1,1.0,1,0.35072258062886114,43
2499,4,5351,1930,3421,0,0,0,1.0,1,1.0,1,1.0,1,0.30977712387921535,43
2500,6,5357,1931,3426,0,0,0,1.0,1,1.0,1,1.0,1,0.2805322260358716,44
2501,7,5364,1932,3432,0,0,0,1.0,1,1.0,1,1.0,1,0.15951785685434133,46
2502,4,5368,1934,3434,0,0,0,1.0,1,1.0,1,1.0,1,0.1489539458329382,47
2503,1,5369,1935,3434,0,0,0,1.0,1,1.0,1,1.0,1,0.1770216843604239,47
2504,1,5370,1936,3434,0,0,0,1.0,1,1.0,1,1.0,1,0.1978690030397243,46
2505,4,5374,1939,3435,0,0,0,1.0,1,1.0,1,1.0,1,0.23555679480223315,46
2506,2,5376,1940,3436,0,0,0,1.0,1,1.0,1,1.0,1,0.2572573473950641,45
2507,1,5377,1941,3436,0,0,0,1.0,1,1.0,1,1.0,1,0.2687778848462074,45
2508,4,5381,1942,3439,0,0,0,1.0,1,1.0,1,1.0,1,0.2647076771775855,46
2509,4,5385,1944,3441,0,0,0,1.0,1,1.0,1,1.0,1,0.26710499867903076,45
2510,5,5390,1945,3445,0,0,0,1.0,1,1.0,1,1.0,1,0.26702677558277393,46
2511,1,5391,1945,3446,0,0,0,1.0,1,1.0,1,1.0,1,0.23631934265138485,47
2512,0,5391,1945,3446,0,0,0,1.0,1,1.0,1,1.0,1,0.25377095343106026,47
2513,1,5392,1946,3446,0,0,0,1.0,1,1.0,1,1.0,1,0.22601094266655028,48
2514,2,5394,1948,3446,0,0,0,1.0,1,1.0,1,1.0,1,0.2698917626776413,48
2515,3,5397,1948,3449,0,0,0,1.0,1,1.0,1,1.0,1,0.2676784119545325,49
2516,5,5402,1951,3451,0,0,0,1.0,1,1.0,1,1.0,1,0.2783251918364796,49
2517,2,5404,1951,3453,0,0,0,1.0,1,1.0,1,1.0,1,0.24364554852084044,49
2518,0,5404,1951,3453,0,0,0,1.0,1,1.0,1,1.0,1,0.2511110405216368,48
2519,3,5407,1952,3455,0,0,0,1.0,1,1.0,1,1.0,1,0.2663664384833818,48
2520,0,5407,1952,3455,0,0,0,1.0,1,1.0,1,1.0,1,0.2747533865934564,46
2521,4,5411,1954,3457,0,0,0,1.0,1,1.0,1,1.0,1,0.22465408447248694,47
2522,1,5412,1955,3457,0,0,0,1.0,1,1.0,1,1.0,1,0.2665360160733116,45
2523,2,5414,1956,3458,0,0,0,1.0,1,1.0,1,1.0,1,0.2838033425059234,44
2524,0,5414,1956,3458,0,0,0,1.0,1,1.0,1,1.0,1,0.2807642675602164,42
2525,3,5417,1957,3460,0,0,0,1.0,1,1.0,1,1.0,1,0.30023127281400874,42
2526,0,5417,1957,3460,0,0,0,1.0,1,1.0,1,1.0,1,0.301580756754208,41
2527,0,5417,1957,3460,0,0,0,1.0,1,1.0,1,1.0,1,0.301580756754208,41
2528,1,5418,1957,3461,0,0,0,1.0,1,1.0,1,1.0,1,0.2710376831460255,41
2529,1,5419,1958,3461,0,0,0,1.0,1,1.0,1,1.0,1,0.27748155100700916,42
2530,0,5419,1958,3461,0,0,0,1.0,1,1.0,1,1.0,1,0.28945818130436696,41
2531,0,5419,1958,3461,0,0,0,1.0,1,1.0,1,1.0,1,0.28945818130436696,41
2532,1,5420,1958,3462,0,0,0,1.0,1,1.0,1,1.0,1,0.27317286400741075,43
2533,0,5420,1958,3462,0,0,0,1.0,1,1.0,1,1.0,1,0.27317286400741075,43
2534,0,5420,1958,3462,0,0,0,1.0,1,1.0,1,1.0,1,0.27317286400741075,43
2535,2,5422,1960,3462,0,0,0,1.0,1,1.0,1,1.0,1,0.31640253172203814,44
2536,0,5422,1960,3462,0,0,0,1.0,1,1.0,1,1.0,1,0.31640253172203814,44
2537,0,5422,1960,3462,0,0,0,1.0,1,1.0,1,1.0,1,0.3214723670383079,45
2538,3,5425,1960,3465,0,0,0,1.0,1,1.0,1,1.0,1,0.297688499543167,48
2539,3,5428,1962,3466,0,0,0,1.0,1,1.0,1,1.0,1,0.2960052164795731,48
2540,4,5432,1964,3468,0,0,0,1.0,1,1.0,1,1.0,1,0.3113989512409321,50
2541,7,5439,1965,3474,0,0,0,1.0,1,1.0,1,1.0,1,0.24116543714212743,52
2542,3,5442,1967,3475,0,0,0,1.0,1,1.0,1,1.0,1,0.23194647828706247,52
2543,3,5445,1970,3475,0,0,0,1.0,1,1.0,1,1.0,1,0.26579541954797187,51
2544,3,5448,1973,3475,0,0,0,1.0,1,1.0,1,1.0,1,0.2800149272325648,51
2545,5,5453,1973,3480,0,0,0,1.0,1,1.0,1,1.0,1,0.21916682380998,50
2546,1,5454,1974,3480,0,0,0,1.0,1,1.0,1,1.0,1,0.2358296253713071,50
2547,0,5454,1974,3480,0,0,0,1.0,1,1.0,1,1.0,1,0.26196298964323994,47
2548,0,5454,1974,3480,0,0,0,1.0,1,1.0,1,1.0,1,0.2549113821946927,46
2549,5,5459,1978,3481,0,0,0,1.0,1,1.0,1,1.0,1,0.3103736578546068,46
2550,2,5461,1980,3481,0,0,0,1.0,1,1.0,1,1.0,1,0.3212522892246098,44
2551,1,5462,1981,3481,0,0,0,1.0,1,1.0,1,1.0,1,0.30914781520038936,43
2552,2,5464,1982,3482,0,0,0,1.0,1,1.0,1,1.0,1,0.31479646651847154,43
2553,1,5465,1982,3483,0,0,0,1.0,1,1.0,1,1.0,1,0.3038958955416203,44
2554,1,5466,1983,3483,0,0,0,1.0,1,1.0,1,1.0,1,0.29057516843220843,45
2555,0,5466,1983,3483,0,0,0,1.0,1,1.0,1,1.0,1,0.307885284357236,44
2556,0,5466,1983,3483,0,0,0,1.0,1,1.0,1,1.0,1,0.29933759490281026,44
2557,1,5467,1984,3483,0,0,0,1.0,1,1.0,1,1.0,1,0.3465374012826917,41
2558,2,5469,1985,3484,0,0,0,1.0,1,1.0,1,1.0,1,0.36332123441069974,40
2559,1,5470,1985,3485,0,0,0,1.0,1,1.0,1,1.0,1,0.37521417253344935,41
2560,0,5470,1985,3485,0,0,0,1.0,1,1.0,1,1.0,1,0.37521417253344935,41
2561,11,5481,1985,3496,0,0,0,1.0,1,1.0,1,1.0,1,0.19986444674058132,43
2562,2,5483,1986,3497,0,0,0,1.0,1,1.0,1,1.0,1,0.22293921187888066,44
2563,0,5483,1986,3497,0,0,0,1.0,1,1.0,1,1.0,1,0.22293921187888066,44
2564,1,5484,1986,3498,0,0,0,1.0,1,1.0,1,1.0,1,0.23069797610724763,44
2565,2,5486,1987,3499,0,0,0,1.0,1,1.0,1,1.0,1,0.25357194755924406,45
2566,1,5487,1988,3499,0,0,0,1.0,1,1.0,1,1.0,1,0.29242838588558495,46
2567,2,5489,1989,3500,0,0,0,1.0,1,1.0,1,1.0,1,0.2983334071786934,48
2568,2,5491,1990,3501,0,0,0,1.0,1,1.0,1,1.0,1,0.3090888187736957,48
2569,0,5491,1990,3501,0,0,0,1.0,1,1.0,1,1.0,1,0.3195076274041386,49
2570,4,5495,1990,3505,0,0,0,1.0,1,1.0,1,1.0,1,0.305433625400239,48
2571,1,5496,1990,3506,0,0,0,1.0,1,1.0,1,1.0,1,0.30333003419235227,48
2572,2,5498,1990,3508,0,0,0,1.0,1,1.0,1,1.0,1,0.28581506275724616,49
2573,3,5501,1990,3511,0,0,0,1.0,1,1.0,1,1.0,1,0.2614080409122092,50
2574,1,5502,1990,3512,0,0,0,1.0,1,1.0,1,1.0,1,0.28600720360077597,49
2575,1,5503,1990,3513,0,0,0,1.0,1,1.0,1,1.0,1,0.29118782915990504,48
2576,0,5503,1990,3513,0,0,0,1.0,1,1.0,1,1.0,1,0.29118782915990504,48
2577,1,5504,1990,3514,0,0,0,1.0,1,1.0,1,1.0,1,0.2910373268523255,50
2578,0,5504,1990,3514,0,0,0,1.0,1,1.0,1,1.0,1,0.2910373268523255,50
2579,2,5506,1991,3515,0,0,0,1.0,1,1.0,1,1.0,1,0.26260737875053497,51
2580,2,5508,1991,3517,0,0,0,1.0,1,1.0,1,1.0,1,0.2818932769441168,52
2581,6,5514,1991,3523,0,0,0,1.0,1,1.0,1,1.0,1,0.20128205855854994,51
2582,1,5515,1992,3523,0,0,0,1.0,1,1.0,1,1.0,1,0.21509069080444523,51
2583,4,5519,1993,3526,0,0,0,1.0,1,1.0,1,1.0,1,0.18620660364389133,51
2584,3,5522,1995,3527,0,0,0,1.0,1,1.0,1,1.0,1,0.20697422898711615,51
2585,0,5522,1995,3527,0,0,0,1.0,1,1.0,1,1.0,1,0.19235798923877573,50
2586,4,5526,1998,3528,0,0,0,1.0,1,1.0,1,1.0,1,0.26774714941960825,50
2587,3,5529,1999,3530,0,0,0,1.0,1,1.0,1,1.0,1,0.1937994412420033,48
2588,2,5531,2001,3530,0,0,0,1.0,1,1.0,1,1.0,1,0.2641199165438031,50
2589,3,5534,2002,3532,0,0,0,1.0,1,1.0,1,1.0,1,0.2157392183133323,48
2590,2,5536,2003,3533,0,0,0,1.0,1,1.0,1,1.0,1,0.22311929330754854,47
2591,1,5537,2004,3533,0,0,0,1.0,1,1.0,1,1.0,1,0.2408733750252192,47
2592,1,5538,2004,3534,0,0,0,1.0,1,1.0,1,1.0,1,0.2571316193457675,47
2593,1,5539,2005,3534,0,0,0,1.0,1,1.0,1,1.0,1,0.2938084728389714,47
2594,3,5542,2007,3535,0,0,0,1.0,1,1.0,1,1.0,1,0.2949986230741012,49
2595,3,5545,2009,3536,0,0,0,1.0,1,1.0,1,1.0,1,0.30439927750744844,48
2596,3,5548,2011,3537,0,0,0,1.0,1,1.0,1,1.0,1,0.2799745131976856,47
2597,3,5551,2013,3538,0,0,0,1.0,1,1.0,1,1.0,1,0.2561944188690231,48
2598,0,5551,2013,3538,0,0,0,1.0,1,1.0,1,1.0,1,0.2561944188690231,48
2599,2,5553,2015,3538,0,0,0,1.0,1,1.0,1,1.0,1,0.26444826023003243,49
2600,1,5554,2016,3538,0,0,0,1.0,1,1.0,1,1.0,1,0.27015890967951867,52
2601,10,5564,2018,3546,0,0,0,1.0,1,1.0,1,1.0,1,0.14717085538458294,51
2602,3,5567,2018,3549,0,0,0,1.0,1,1.0,1,1.0,1,0.12415104455551328,52
2603,1,5568,2019,3549,0,0,0,1.0,1,1.0,1,1.0,1,0.17531431836135347,53
2604,1,5569,2019,3550,0,0,0,1.0,1,1.0,1,1.0,1,0.1797155961001301,53
2605,2,5571,2020,3551,0,0,0,1.0,1,1.0,1,1.0,1,0.20263026791066757,52
2606,0,5571,2020,3551,0,0,0,1.0,1,1.0,1,1.0,1,0.20263026791066757,52
2607,2,5573,2021,3552,0,0,0,1.0,1,1.0,1,1.0,1,0.22315895601221297,52
2608,0,5573,2021,3552,0,0,0,1.0,1,1.0,1,1.0,1,0.22315895601221297,52
2609,0,5573,2021,3552,0,0,0,1.0,1,1.0,1,1.0,1,0.22539324774606825,53
2610,2,5575,2021,3554,0,0,0,1.0,1,1.0,1,1.0,1,0.22632268103944841,54
2611,6,5581,2023,3558,0,0,0,1.0,1,1.0,1,1.0,1,0.20714408389878766,54
2612,9,5590,2024,3566,0,0,0,1.0,1,1.0,1,1.0,1,0.2448777211416539,56
2613,6,5596,2026,3570,0,0,0,1.0,1,1.0,1,1.0,1,0.2792254100260496,56
2614,6,5602,2027,3575,0,0,0,1.0,1,1.0,1,1.0,1,0.30379694446555533,56
2615,4,5606,2027,3579,0,0,0,1.0,1,1.0,1,1.0,1,0.29329007333596974,57
2616,6,5612,2027,3585,0,0,0,1.0,1,1.0,1,1.0,1,0.26294073921343086,57
2617,2,5614,2027,3587,0,0,0,1.0,1,1.0,1,1.0,1,0.25676821423123547,58
2618,2,5616,2027,3589,0,0,0,1.0,1,1.0,1,1.0,1,0.274577615796402,58
2619,6,5622,2027,3595,0,0,0,1.0,1,1.0,1,1.0,1,0.25935562080297303,58
2620,1,5623,2027,3596,0,0,0,1.0,1,1.0,1,1.0,1,0.24452298580773119,60
2621,5,5628,2027,3601,0,0,0,1.0,1,1.0,1,1.0,1,0.14795388047224953,59
2622,2,5630,2029,3601,0,0,0,1.0,1,1.0,1,1.0,1,0.1747379518146694,60
2623,5,5635,2030,3605,0,0,0,1.0,1,1.0,1,1.0,1,0.12838829742906518,59
2624,2,5637,2032,3605,0,0,0,1.0,1,1.0,1,1.0,1,0.1554472183855486,58
2625,5,5642,2033,3609,0,0,0,1.0,1,1.0,1,1.0,1,0.12703871708996006,58
2626,3,5645,2035,3610,0,0,0,1.0,1,1.0,1,1.0,1,0.14040544551872491,57
2627,0,5645,2035,3610,0,0,0,1.0,1,1.0,1,1.0,1,0.12239778110984191,55
2628,3,5648,2038,3610,0,0,0,1.0,1,1.0,1,1.0,1,0.19196402816718802,55
2629,0,5648,2038,3610,0,0,0,1.0,1,1.0,1,1.0,1,0.1786274152812173,54
2630,1,5649,2039,3610,0,0,0,1.0,1,1.0,1,1.0,1,0.21102854962977646,55
2631,0,5649,2039,3610,0,0,0,1.0,1,1.0,1,1.0,1,0.19996319714649283,55
2632,0,5649,2039,3610,0,0,0,1.0,1,1.0,1,1.0,1,0.19996319714649283,55
2633,1,5650,2040,3610,0,0,0,1.0,1,1.0,1,1.0,1,0.22239788103463148,53
2634,1,5651,2041,3610,0,0,0,1.0,1,1.0,1,1.0,1,0.2250489301785432,52
2635,1,5652,2041,3611,0,0,0,1.0,1,1.0,1,1.0,1,0.22657617220866444,52
2636,6,5658,2046,3612,0,0,0,1.0,1,1.0,1,1.0,1,0.21627149869817214,51
2637,2,5660,2048,3612,0,0,0,1.0,1,1.0,1,1.0,1,0.2380204644227396,50
2638,4,5664,2050,3614,0,0,0,1.0,1,1.0,1,1.0,1,0.2769209733569196,48
2639,1,5665,2050,3615,0,0,0,1.0,1,1.0,1,1.0,1,0.2455140355527901,48
2640,4,5669,2054,3615,0,0,0,1.0,1,1.0,1,1.0,1,0.26001845429057613,46
2641,13,5682,2056,3626,0,0,0,1.0,1,1.0,1,1.0,1,0.10824680062115832,46
2642,4,5686,2059,3627,0,0,0,1.0,1,1.0,1,1.0,1,0.14142012932782616,47
2643,2,5688,2060,3628,0,0,0,1.0,1,1.0,1,1.0,1,0.16698751955637586,45
2644,3,5691,2063,3628,0,0,0,1.0,1,1.0,1,1.0,1,0.2510506835473017,44
2645,2,5693,2063,3630,0,0,0,1.0,1,1.0,1,1.0,1,0.22861794869284363,42
2646,4,5697,2064,3633,0,0,0,1.0,1,1.0,1,1.0,1,0.23514787435607343,43
2647,2,5699,2065,3634,0,0,0,1.0,1,1.0,1,1.0,1,0.27486040343669194,40
2648,2,5701,2066,3635,0,0,0,1.0,1,1.0,1,1.0,1,0.25291553043872184,41
2649,2,5703,2067,3636,0,0,0,1.0,1,1.0,1,1.0,1,0.23092644080388577,43
2650,3,5706,2067,3639,0,0,0,1.0,1,1.0,1,1.0,1,0.24995540748051168,43
2651,1,5707,2067,3640,0,0,0,1.0,1,1.0,1,1.0,1,0.2490409211084243,44
2652,4,5711,2068,3643,0,0,0,1.0,1,1.0,1,1.0,1,0.20744373725785295,44
2653,1,5712,2068,3644,0,0,0,1.0,1,1.0,1,1.0,1,0.19457246328265637,44
2654,2,5714,2069,3645,0,0,0,1.0,1,1.0,1,1.0,1,0.22935487104352456,45
2655,2,5716,2070,3646,0,0,0,1.0,1,1.0,1,1.0,1,0.20442734884547142,45
2656,1,5717,2071,3646,0,0,0,1.0,1,1.0,1,1.0,1,0.2232048192781937,45
2657,0,5717,2071,3646,0,0,0,1.0,1,1.0,1,1.0,1,0.23411345868548056,45
2658,1,5718,2071,3647,0,0,0,1.0,1,1.0,1,1.0,1,0.24626893816211812,47
2659,1,5719,2072,3647,0,0,0,1.0,1,1.0,1,1.0,1,0.23695236884604814,46
2660,3,5722,2073,3649,0,0,0,1.0,1,1.0,1,1.0,1,0.2783881131272232,46
2661,7,5729,2073,3656,0,0,0,1.0,1,1.0,1,1.0,1,0.22965061207803997,46
2662,1,5730,2074,3656,0,0,0,1.0,1,1.0,1,1.0,1,0.2034458419004768,47
2663,4,5734,2077,3657,0,0,0,1.0,1,1.0,1,1.0,1,0.265943488585663,46
2664,4,5738,2079,3659,0,0,0,1.0,1,1.0,1,1.0,1,0.24609080619911844,45
2665,8,5746,2081,3665,0,0,0,1.0,1,1.0,1,1.0,1,0.27148550878284605,47
2666,9,5755,2085,3670,0,0,0,1.0,1,1.0,1,1.0,1,0.3050153524995629,47
2667,5,5760,2087,3673,0,0,0,1.0,1,1.0,1,1.0,1,0.3250903454104371,45
2668,5,5765,2088,3677,0,0,0,1.0,1,1.0,1,1.0,1,0.33339690943146744,45
2669,8,5773,2089,3684,0,0,0,1.0,1,1.0,1,1.0,1,0.30491226924228754,45
2670,6,5779,2091,3688,0,0,0,1.0,1,1.0,1,1.0,1,0.32725756005466555,45
2671,3,5782,2092,3690,0,0,0,1.0,1,1.0,1,1.0,1,0.31632826026990063,41
2672,3,5785,2093,3692,0,0,0,1.0,1,1.0,1,1.0,1,0.2647655091572382,40
2673,2,5787,2094,3693,0,0,0,1.0,1,1.0,1,1.0,1,0.26688607247905116,39
2674,0,5787,2094,3693,0,0,0,1.0,1,1.0,1,1.0,1,0.2782528467587068,37
2675,3,5790,2096,3694,0,0,0,1.0,1,1.0,1,1.0,1,0.3200042231476186,35
2676,3,5793,2096,3697,0,0,0,1.0,1,1.0,1,1.0,1,0.3393065098640179,34
2677,4,5797,2098,3699,0,0,0,1.0,1,1.0,1,1.0,1,0.431049482776458,32
2678,5,5802,2099,3703,0,0,0,1.0,1,1.0,1,1.0,1,0.40809190903421555,33
2679,6,5808,2099,3709,0,0,0,1.0,1,1.0,1,1.0,1,0.43327304415958307,33
2680,7,5815,2102,3713,0,0,0,1.0,1,1.0,1,1.0,1,0.5020647730894556,33
2681,7,5822,2102,3720,0,0,0,1.0,1,1.0,1,1.0,1,0.2382584227322585,32
2682,0,5822,2102,3720,0,0,0,1.0,1,1.0,1,1.0,1,0.2382584227322585,32
2683,2,5824,2103,3721,0,0,0,1.0,1,1.0,1,1.0,1,0.1605907647095364,32
2684,0,5824,2103,3721,0,0,0,1.0,1,1.0,1,1.0,1,0.1507311215059831,31
2685,2,5826,2103,3723,0,0,0,1.0,1,1.0,1,1.0,1,0.14376875413815796,30
2686,2,5828,2103,3725,0,0,0,1.0,1,1.0,1,1.0,1,0.15859142587561034,29
2687,2,5830,2103,3727,0,0,0,1.0,1,1.0,1,1.0,1,0.1935423846006018,28
2688,1,5831,2103,3728,0,0,0,1.0,1,1.0,1,1.0,1,0.18034278547100369,28
2689,2,5833,2103,3730,0,0,0,1.0,1,1.0,1,1.0,1,0.21654648101880877,29
2690,2,5835,2103,3732,0,0,0,1.0,1,1.0,1,1.0,1,0.1628285943095015,29
2691,2,5837,2104,3733,0,0,0,1.0,1,1.0,1,1.0,1,0.18773114107654257,29
2692,1,5838,2104,3734,0,0,0,1.0,1,1.0,1,1.0,1,0.1972634273805556,31
2693,3,5841,2105,3736,0,0,0,1.0,1,1.0,1,1.0,1,0.24434014731566875,32
2694,3,5844,2105,3739,0,0,0,1.0,1,1.0,1,1.0,1,0.2140581544932337,32
2695,2,5846,2105,3741,0,0,0,1.0,1,1.0,1,1.0,1,0.18643497738503262,33
2696,1,5847,2105,3742,0,0,0,1.0,1,1.0,1,1.0,1,0.15841549355665446,33
2697,3,5850,2106,3744,0,0,0,1.0,1,1.0,1,1.0,1,0.17206930568681217,34
2698,3,5853,2108,3745,0,0,0,1.0,1,1.0,1,1.0,1,0.22384561948604648,34
2699,1,5854,2108,3746,0,0,0,1.0,1,1.0,1,1.0,1,0.2289898338928539,36
2700,0,5854,2108,3746,0,0,0,1.0,1,1.0,1,1.0,1,0.22767691427027328,36
2701,6,5860,2108,3752,0,0,0,1.0,1,1.0,1,1.0,1,0.09851007817776751,36
2702,1,5861,2109,3752,0,0,0,1.0,1,1.0,1,1.0,1,0.13815990265719716,36
2703,4,5865,2110,3755,0,0,0,1.0,1,1.0,1,1.0,1,0.11287463127551473,38
2704,2,5867,2111,3756,0,0,0,1.0,1,1.0,1,1.0,1,0.17547585844806654,37
2705,3,5870,2112,3758,0,0,0,1.0,1,1.0,1,1.0,1,0.21043947147935319,36
2706,3,5873,2114,3759,0,0,0,1.0,1,1.0,1,1.0,1,0.27015877225559937,34
2707,2,5875,2114,3761,0,0,0,1.0,1,1.0,1,1.0,1,0.273505632523513,36
2708,4,5879,2116,3763,0,0,0,1.0,1,1.0,1,1.0,1,0.2700107736452021,36
2709,0,5879,2116,3763,0,0,0,1.0,1,1.0,1,1.0,1,0.294328475948192,33
2710,3,5882,2119,3763,0,0,0,1.0,1,1.0,1,1.0,1,0.25452409747047716,32
2711,1,5883,2120,3763,0,0,0,1.0,1,1.0,1,1.0,1,0.3032937597413639,29
2712,0,5883,2120,3763,0,0,0,1.0,1,1.0,1,1.0,1,0.299211487887803,28
2713,0,5883,2120,3763,0,0,0,1.0,1,1.0,1,1.0,1,0.32085977120800063,28
2714,0,5883,2120,3763,0,0,0,1.0,1,1.0,1,1.0,1,0.3795689912210065,25
2715,1,5884,2121,3763,0,0,0,1.0,1,1.0,1,1.0,1,0.42683894629894176,24
2716,4,5888,2123,3765,0,0,0,1.0,1,1.0,1,1.0,1,0.42328564004706853,23
2717,0,5888,2123,3765,0,0,0,1.0,1,1.0,1,1.0,1,0.3905915132156508,24
2718,0,5888,2123,3765,0,0,0,1.0,1,1.0,1,1.0,1,0.3905915132156508,24
2719,0,5888,2123,3765,0,0,0,1.0,1,1.0,1,1.0,1,0.36945531366719436,25
2720,2,5890,2125,3765,0,0,0,1.0,1,1.0,1,1.0,1,0.398874555547926,25
2721,5,5895,2127,3768,0,0,0,1.0,1,1.0,1,1.0,1,0.18207964923936368,26
2722,3,5898,2128,3770,0,0,0,1.0,1,1.0,1,1.0,1,0.18534801134706677,26
2723,1,5899,2129,3770,0,0,0,1.0,1,1.0,1,1.0,1,0.18745065423965845,26
2724,1,5900,2130,3770,0,0,0,1.0,1,1.0,1,1.0,1,0.2340123608490375,27
2725,2,5902,2131,3771,0,0,0,1.0,1,1.0,1,1.0,1,0.16368659285742154,27
2726,1,5903,2131,3772,0,0,0,1.0,1,1.0,1,1.0,1,0.17342848090322702,28
2727,0,5903,2131,3772,0,0,0,1.0,1,1.0,1,1.0,1,0.15184625191250695,29
2728,0,5903,2131,3772,0,0,0,1.0,1,1.0,1,1.0,1,0.13956566227705403,28
2729,2,5905,2132,3773,0,0,0,1.0,1,1.0,1,1.0,1,0.15577313059286493,28
2730,1,5906,2132,3774,0,0,0,1.0,1,1.0,1,1.0,1,0.19408830508387,29
2731,0,5906,2132,3774,0,0,0,1.0,1,1.0,1,1.0,1,0.2230425995806701,30
2732,2,5908,2132,3776,0,0,0,1.0,1,1.0,1,1.0,1,0.26873094575401707,29
2733,0,5908,2132,3776,0,0,0,1.0,1,1.0,1,1.0,1,0.26873094575401707,29
2734,0,5908,2132,3776,0,0,0,1.0,1,1.0,1,1.0,1,0.26873094575401707,29
2735,1,5909,2133,3776,0,0,0,1.0,1,1.0,1,1.0,1,0.26893938647458504,29
2736,0,5909,2133,3776,0,0,0,1.0,1,1.0,1,1.0,1,0.2833413706571073,30
2737,1,5910,2134,3776,0,0,0,1.0,1,1.0,1,1.0,1,0.2604966740109663,30
2738,3,5913,2136,3777,0,0,0,1.0,1,1.0,1,1.0,1,0.30032670922504884,29
2739,0,5913,2136,3777,0,0,0,1.0,1,1.0,1,1.0,1,0.3039101011016753,30
2740,1,5914,2137,3777,0,0,0,1.0,1,1.0,1,1.0,1,0.3364484007793956,29
2741,3,5917,2139,3778,0,0,0,1.0,1,1.0,1,1.0,1,0.32864388199957933,29
2742,2,5919,2140,3779,0,0,0,1.0,1,1.0,1,1.0,1,0.3375940145709021,29
2743,5,5924,2141,3783,0,0,0,1.0,1,1.0,1,1.0,1,0.33353720806568166,30
2744,2,5926,2143,3783,0,0,0,1.0,1,1.0,1,1.0,1,0.4272778156358863,28
2745,1,5927,2143,3784,0,0,0,1.0,1,1.0,1,1.0,1,0.40376137043359744,27
2746,1,5928,2143,3785,0,0,0,1.0,1,1.0,1,1.0,1,0.33990874420247086,26
2747,1,5929,2144,3785,0,0,0,1.0,1,1.0,1,1.0,1,0.37696513885075994,22
2748,0,5929,2144,3785,0,0,0,1.0,1,1.0,1,1.0,1,0.41651391728536097,22
2749,1,5930,2144,3786,0,0,0,1.0,1,1.0,1,1.0,1,0.4384675476994708,20
2750,0,5930,2144,3786,0,0,0,1.0,1,1.0,1,1.0,1,0.45936453320754517,17
2751,1,5931,2145,3786,0,0,0,1.0,1,1.0,1,1.0,1,0.47272098614566144,17
2752,2,5933,2146,3787,0,0,0,1.0,1,1.0,1,1.0,1,0.46842612528633365,16
2753,0,5933,2146,3787,0,0,0,1.0,1,1.0,1,1.0,1,0.46842612528633365,16
2754,0,5933,2146,3787,0,0,0,1.0,1,1.0,1,1.0,1,0.46842612528633365,16
2755,0,5933,2146,3787,0,0,0,1.0,1,1.0,1,1.0,1,0.46842612528633365,16
2756,0,5933,2146,3787,0,0,0,1.0,1,1.0,1,1.0,1,0.47295635160210525,17
2757,0,5933,2146,3787,0,0,0,1.0,1,1.0,1,1.0,1,0.4566018925520142,18
2758,0,5933,2146,3787,0,0,0,1.0,1,1.0,1,1.0,1,0.4566018925520142,18
2759,2,5935,2147,3788,0,0,0,1.0,1,1.0,1,1.0,1,0.3876280686686792,19
2760,0,5935,2147,3788,0,0,0,1.0,1,1.0,1,1.0,1,0.4491314965477793,18
2761,0,5935,2147,3788,0,0,0,1.0,1,1.0,1,1.0,1,0.4491314965477793,18
2762,1,5936,2148,3788,0,0,0,1.0,1,1.0,1,1.0,1,0.40916119464144324,18
2763,0,5936,2148,3788,0,0,0,1.0,1,1.0,1,1.0,1,0.40916119464144324,18
2764,0,5936,2148,3788,0,0,0,1.0,1,1.0,1,1.0,1,0.40916119464144324,18
2765,1,5937,2149,3788,0,0,0,1.0,1,1.0,1,1.0,1,0.43892136780151497,18
2766,0,5937,2149,3788,0,0,0,1.0,1,1.0,1,1.0,1,0.43892136780151497,18
2767,0,5937,2149,3788,0,0,0,1.0,1,1.0,1,1.0,1,0.47080150629583517,17
2768,0,5937,2149,3788,0,0,0,1.0,1,1.0,1,1.0,1,0.47080150629583517,17
2769,1,5938,2150,3788,0,0,0,1.0,1,1.0,1,1.0,1,0.47080150629583517,17
2770,0,5938,2150,3788,0,0,0,1.0,1,1.0,1,1.0,1,0.47080150629583517,17
2771,0,5938,2150,3788,0,0,0,1.0,1,1.0,1,1.0,1,0.47080150629583517,17
2772,0,5938,2150,3788,0,0,0,1.0,1,1.0,1,1.0,1,0.47080150629583517,17
2773,0,5938,2150,3788,0,0,0,1.0,1,1.0,1,1.0,1,0.47080150629583517,17
2774,0,5938,2150,3788,0,0,0,1.0,1,1.0,1,1.0,1,0.4306414322850285,18
2775,3,5941,2153,3788,0,0,0,1.0,1,1.0,1,1.0,1,0.448606164947793,20
2776,0,5941,2153,3788,0,0,0,1.0,1,1.0,1,1.0,1,0.43055719373146306,21
2777,1,5942,2154,3788,0,0,0,1.0,1,1.0,1,1.0,1,0.46817870443230525,21
2778,2,5944,2155,3789,0,0,0,1.0,1,1.0,1,1.0,1,0.45238374599677295,21
2779,2,5946,2157,3789,0,0,0,1.0,1,1.0,1,1.0,1,0.454725321389437,22
2780,0,5946,2157,3789,0,0,0,1.0,1,1.0,1,1.0,1,0.454725321389437,22
2781,3,5949,2157,3792,0,0,0,1.0,1,1.0,1,1.0,1,0.3695071718885456,22
2782,2,5951,2158,3793,0,0,0,1.0,1,1.0,1,1.0,1,0.26824552824215764,23
2783,0,5951,2158,3793,0,0,0,1.0,1,1.0,1,1.0,1,0.24027711601439575,22
2784,1,5952,2159,3793,0,0,0,1.0,1,1.0,1,1.0,1,0.2750220820969006,21
2785,0,5952,2159,3793,0,0,0,1.0,1,1.0,1,1.0,1,0.25878250252372553,19
2786,2,5954,2160,3794,0,0,0,1.0,1,1.0,1,1.0,1,0.27438582203303297,19
2787,0,5954,2160,3794,0,0,0,1.0,1,1.0,1,1.0,1,0.280704469197549,20
2788,1,5955,2161,3794,0,0,0,1.0,1,1.0,1,1.0,1,0.32676518775567687,20
2789,0,5955,2161,3794,0,0,0,1.0,1,1.0,1,1.0,1,0.31449973968338124,19
2790,1,5956,2161,3795,0,0,0,1.0,1,1.0,1,1.0,1,0.3076144563048566,20
2791,0,5956,2161,3795,0,0,0,1.0,1,1.0,1,1.0,1,0.3076144563048566,20
2792,0,5956,2161,3795,0,0,0,1.0,1,1.0,1,1.0,1,0.3076144563048566,20
2793,0,5956,2161,3795,0,0,0,1.0,1,1.0,1,1.0,1,0.31360430622448887,19
2794,0,5956,2161,3795,0,0,0,1.0,1,1.0,1,1.0,1,0.33527486426454073,20
2795,0,5956,2161,3795,0,0,0,1.0,1,1.0,1,1.0,1,0.32698809155008485,21
2796,0,5956,2161,3795,0,0,0,1.0,1,1.0,1,1.0,1,0.33696132348132446,22
2797,0,5956,2161,3795,0,0,0,1.0,1,1.0,1,1.0,1,0.3882668534037128,21
2798,1,5957,2162,3795,0,0,0,1.0,1,1.0,1,1.0,1,0.4297022721080366,21
2799,0,5957,2162,3795,0,0,0,1.0,1,1.0,1,1.0,1,0.4260077025196575,20
2800,0,5957,2162,3795,0,0,0,1.0,1,1.0,1,1.0,1,0.4260077025196575,20
2801,0,5957,2162,3795,0,0,0,1.0,1,1.0,1,1.0,1,0.4260077025196575,20
2802,1,5958,2162,3796,0,0,0,1.0,1,1.0,1,1.0,1,0.3746947145077632,20
2803,1,5959,2162,3797,0,0,0,1.0,1,1.0,1,1.0,1,0.3359036033514066,21
2804,1,5960,2162,3798,0,0,0,1.0,1,1.0,1,1.0,1,0.3054823063314654,22
2805,1,5961,2163,3798,0,0,0,1.0,1,1.0,1,1.0,1,0.3017875934767206,22
2806,4,5965,2165,3800,0,0,0,1.0,1,1.0,1,1.0,1,0.2671008013299708,23
2807,2,5967,2167,3800,0,0,0,1.0,1,1.0,1,1.0,1,0.31738036482626275,24
2808,2,5969,2169,3800,0,0,0,1.0,1,1.0,1,1.0,1,0.39006927975959144,24
2809,1,5970,2169,3801,0,0,0,1.0,1,1.0,1,1.0,1,0.30933097183922936,26
2810,0,5970,2169,3801,0,0,0,1.0,1,1.0,1,1.0,1,0.2697587205420738,26
2811,0,5970,2169,3801,0,0,0,1.0,1,1.0,1,1.0,1,0.24951072745365832,27
2812,0,5970,2169,3801,0,0,0,1.0,1,1.0,1,1.0,1,0.24951072745365832,27
2813,0,5970,2169,3801,0,0,0,1.0,1,1.0,1,1.0,1,0.2252225928737606,28
2814,3,5973,2171,3802,0,0,0,1.0,1,1.0,1,1.0,1,0.2282870759551108,29
2815,0,5973,2171,3802,0,0,0,1.0,1,1.0,1,1.0,1,0.22042628358324923,30
2816,0,5973,2171,3802,0,0,0,1.0,1,1.0,1,1.0,1,0.21181279339756034,31
2817,0,5973,2171,3802,0,0,0,1.0,1,1.0,1,1.0,1,0.21181279339756034,31
2818,1,5974,2172,3802,0,0,0,1.0,1,1.0,1,1.0,1,0.209863180793119,32
2819,0,5974,2172,3802,0,0,0,1.0,1,1.0,1,1.0,1,0.209863180793119,32
2820,0,5974,2172,3802,0,0,0,1.0,1,1.0,1,1.0,1,0.21392652453641653,33
2821,1,5975,2172,3803,0,0,0,1.0,1,1.0,1,1.0,1,0.21838907459289608,34
2822,1,5976,2173,3803,0,0,0,1.0,1,1.0,1,1.0,1,0.21707483821914758,35
2823,1,5977,2174,3803,0,0,0,1.0,1,1.0,1,1.0,1,0.22235568954609228,31
2824,2,5979,2176,3803,0,0,0,1.0,1,1.0,1,1.0,1,0.3208411995739986,33
2825,0,5979,2176,3803,0,0,0,1.0,1,1.0,1,1.0,1,0.28320369623173147,31
2826,1,5980,2177,3803,0,0,0,1.0,1,1.0,1,1.0,1,0.32827291207130543,31
2827,4,5984,2181,3803,0,0,0,1.0,1,1.0,1,1.0,1,0.389689300378302,32
2828,3,5987,2182,3805,0,0,0,1.0,1,1.0,1,1.0,1,0.40865555163564415,33
2829,2,5989,2183,3806,0,0,0,1.0,1,1.0,1,1.0,1,0.3829371458739781,33
2830,2,5991,2183,3808,0,0,0,1.0,1,1.0,1,1.0,1,0.32901213472921176,32
2831,0,5991,2183,3808,0,0,0,1.0,1,1.0,1,1.0,1,0.3187166620960308,31
2832,3,5994,2186,3808,0,0,0,1.0,1,1.0,1,1.0,1,0.3216858598676822,30
2833,2,5996,2188,3808,0,0,0,1.0,1,1.0,1,1.0,1,0.327547551827699,29
2834,4,6000,2191,3809,0,0,0,1.0,1,1.0,1,1.0,1,0.4052138048403316,29
2835,1,6001,2192,3809,0,0,0,1.0,1,1.0,1,1.0,1,0.49597871095006874,27
2836,1,6002,2193,3809,0,0,0,1.0,1,1.0,1,1.0,1,0.4420503005999974,27
2837,0,6002,2193,3809,0,0,0,1.0,1,1.0,1,1.0,1,0.45339404349897705,28
2838,0,6002,2193,3809,0,0,0,1.0,1,1.0,1,1.0,1,0.4549503017640531,29
2839,0,6002,2193,3809,0,0,0,1.0,1,1.0,1,1.0,1,0.42169330128177346,29
2840,2,6004,2194,3810,0,0,0,1.0,1,1.0,1,1.0,1,0.39408392980454193,29
2841,4,6008,2195,3813,0,0,0,1.0,1,1.0,1,1.0,1,0.2869149182252843,31
2842,2,6010,2195,3815,0,0,0,1.0,1,1.0,1,1.0,1,0.22736659583916233,32
2843,0,6010,2195,3815,0,0,0,1.0,1,1.0,1,1.0,1,0.22736659583916233,32
2844,1,6011,2195,3816,0,0,0,1.0,1,1.0,1,1.0,1,0.20583451808215442,33
2845,1,6012,2196,3816,0,0,0,1.0,1,1.0,1,1.0,1,0.22290344854292335,34
2846,1,6013,2197,3816,0,0,0,1.0,1,1.0,1,1.0,1,0.24584588862506024,34
2847,1,6014,2198,3816,0,0,0,1.0,1,1.0,1,1.0,1,0.23131769110007705,35
2848,4,6018,2199,3819,0,0,0,1.0,1,1.0,1,1.0,1,0.17564459832079035,37
2849,1,6019,2200,3819,0,0,0,1.0,1,1.0,1,1.0,1,0.21419584122066268,37
2850,0,6019,2200,3819,0,0,0,1.0,1,1.0,1,1.0,1,0.21419584122066268,37
2851,3,6022,2201,3821,0,0,0,1.0,1,1.0,1,1.0,1,0.15836413474490174,38
2852,1,6023,2201,3822,0,0,0,1.0,1,1.0,1,1.0,1,0.20004172484644542,36
2853,2,6025,2201,3824,0,0,0,1.0,1,1.0,1,1.0,1,0.23802893984096885,36
2854,2,6027,2201,3826,0,0,0,1.0,1,1.0,1,1.0,1,0.25977723043262535,37
2855,2,6029,2202,3827,0,0,0,1.0,1,1.0,1,1.0,1,0.2654405668191474,37
2856,1,6030,2202,3828,0,0,0,1.0,1,1.0,1,1.0,1,0.28627434115215716,38
2857,4,6034,2204,3830,0,0,0,1.0,1,1.0,1,1.0,1,0.3071509873151667,39
2858,4,6038,2205,3833,0,0,0,1.0,1,1.0,1,1.0,1,0.2572738822284757,39
2859,1,6039,2205,3834,0,0,0,1.0,1,1.0,1,1.0,1,0.2610610924055607,39
2860,3,6042,2205,3837,0,0,0,1.0,1,1.0,1,1.0,1,0.2660779453175212,40
2861,2,6044,2205,3839,0,0,0,1.0,1,1.0,1,1.0,1,0.16247868016897063,38
2862,3,6047,2208,3839,0,0,0,1.0,1,1.0,1,1.0,1,0.20759992347485115,38
2863,1,6048,2209,3839,0,0,0,1.0,1,1.0,1,1.0,1,0.21709901639176557,37
2864,5,6053,2213,3840,0,0,0,1.0,1,1.0,1,1.0,1,0.2674668436190387,35
2865,1,6054,2214,3840,0,0,0,1.0,1,1.0,1,1.0,1,0.29590718475378897,33
2866,2,6056,2216,3840,0,0,0,1.0,1,1.0,1,1.0,1,0.28502060269746654,31
2867,3,6059,2218,3841,0,0,0,1.0,1,1.0,1,1.0,1,0.30910834062786013,30
2868,1,6060,2219,3841,0,0,0,1.0,1,1.0,1,1.0,1,0.33737454851300375,31
2869,5,6065,2223,3842,0,0,0,1.0,1,1.0,1,1.0,1,0.4013259002146402,30
2870,1,6066,2223,3843,0,0,0,1.0,1,1.0,1,1.0,1,0.45940197970971464,26
2871,1,6067,2223,3844,0,0,0,1.0,1,1.0,1,1.0,1,0.4109823256729671,27
2872,1,6068,2224,3844,0,0,0,1.0,1,1.0,1,1.0,1,0.3834748868173941,25
2873,0,6068,2224,3844,0,0,0,1.0,1,1.0,1,1.0,1,0.3888791465957842,24
2874,0,6068,2224,3844,0,0,0,1.0,1,1.0,1,1.0,1,0.37402385760578327,25
2875,0,6068,2224,3844,0,0,0,1.0,1,1.0,1,1.0,1,0.3938114590086805,26
2876,2,6070,2225,3845,0,0,0,1.0,1,1.0,1,1.0,1,0.3914513167660506,28
2877,1,6071,2225,3846,0,0,0,1.0,1,1.0,1,1.0,1,0.3801701371174413,29
2878,0,6071,2225,3846,0,0,0,1.0,1,1.0,1,1.0,1,0.37203409431076984,31
2879,0,6071,2225,3846,0,0,0,1.0,1,1.0,1,1.0,1,0.37203409431076984,31
2880,0,6071,2225,3846,0,0,0,1.0,1,1.0,1,1.0,1,0.37373067281335687,32
2881,5,6076,2225,3851,0,0,0,1.0,1,1.0,1,1.0,1,0.2454315398794046,31
2882,0,6076,2225,3851,0,0,0,1.0,1,1.0,1,1.0,1,0.2454315398794046,31
2883,1,6077,2225,3852,0,0,0,1.0,1,1.0,1,1.0,1,0.2590259623663294,32
2884,2,6079,2226,3853,0,0,0,1.0,1,1.0,1,1.0,1,0.26179224529877493,32
2885,1,6080,2226,3854,0,0,0,1.0,1,1.0,1,1.0,1,0.26486828689966346,33
2886,3,6083,2228,3855,0,0,0,1.0,1,1.0,1,1.0,1,0.25467224843362063,34
2887,2,6085,2228,3857,0,0,0,1.0,1,1.0,1,1.0,1,0.2130887199079948,34
2888,1,6086,2229,3857,0,0,0,1.0,1,1.0,1,1.0,1,0.22936272140586383,34
2889,0,6086,2229,3857,0,0,0,1.0,1,1.0,1,1.0,1,0.2406496580784922,37
2890,0,6086,2229,3857,0,0,0,1.0,1,1.0,1,1.0,1,0.2406496580784922,37
2891,2,6088,2231,3857,0,0,0,1.0,1,1.0,1,1.0,1,0.29692385770121854,37
2892,0,6088,2231,3857,0,0,0,1.0,1,1.0,1,1.0,1,0.29692385770121854,37
2893,3,6091,2233,3858,0,0,0,1.0,1,1.0,1,1.0,1,0.332614123995247,38
2894,1,6092,2233,3859,0,0,0,1.0,1,1.0,1,1.0,1,0.3011145865880771,39
2895,1,6093,2234,3859,0,0,0,1.0,1,1.0,1,1.0,1,0.30678326842646064,40
2896,4,6097,2235,3862,0,0,0,1.0,1,1.0,1,1.0,1,0.2861571233094847,41
2897,1,6098,2235,3863,0,0,0,1.0,1,1.0,1,1.0,1,0.27293492004177333,41
2898,1,6099,2236,3863,0,0,0,1.0,1,1.0,1,1.0,1,0.31444005598830677,41
2899,0,6099,2236,3863,0,0,0,1.0,1,1.0,1,1.0,1,0.3062709817471514,39
2900,5,6104,2238,3866,0,0,0,1.0,1,1.0,1,1.0,1,0.3683367667230923,40
2901,2,6106,2238,3868,0,0,0,1.0,1,1.0,1,1.0,1,0.28954414976186854,40
2902,2,6108,2240,3868,0,0,0,1.0,1,1.0,1,1.0,1,0.35575122982639296,38
2903,0,6108,2240,3868,0,0,0,1.0,1,1.0,1,1.0,1,0.3233193318940095,36
2904,3,6111,2242,3869,0,0,0,1.0,1,1.0,1,1.0,1,0.35532894269593746,36
2905,1,6112,2243,3869,0,0,0,1.0,1,1.0,1,1.0,1,0.3505172113273137,35
2906,3,6115,2243,3872,0,0,0,1.0,1,1.0,1,1.0,1,0.298528892804848,36
2907,2,6117,2244,3873,0,0,0,1.0,1,1.0,1,1.0,1,0.3354694150395262,37
2908,1,6118,2245,3873,0,0,0,1.0,1,1.0,1,1.0,1,0.31843944676673,38
2909,0,6118,2245,3873,0,0,0,1.0,1,1.0,1,1.0,1,0.31048350604402886,37
2910,0,6118,2245,3873,0,0,0,1.0,1,1.0,1,1.0,1,0.31262565635996725,37
2911,0,6118,2245,3873,0,0,0,1.0,1,1.0,1,1.0,1,0.3039822833957211,36
2912,4,6122,2248,3874,0,0,0,1.0,1,1.0,1,1.0,1,0.37681242777680474,36
2913,1,6123,2248,3875,0,0,0,1.0,1,1.0,1,1.0,1,0.36796020442419547,36
2914,2,6125,2249,3876,0,0,0,1.0,1,1.0,1,1.0,1,0.3908043031285027,38
2915,0,6125,2249,3876,0,0,0,1.0,1,1.0,1,1.0,1,0.3843440641922492,37
2916,2,6127,2250,3877,0,0,0,1.0,1,1.0,1,1.0,1,0.339032253691086,39
2917,3,6130,2250,3880,0,0,0,1.0,1,1.0,1,1.0,1,0.2874621255075747,40
2918,1,6131,2251,3880,0,0,0,1.0,1,1.0,1,1.0,1,0.31890150740902046,40
2919,2,6133,2252,3881,0,0,0,1.0,1,1.0,1,1.0,1,0.2927178753819859,42
2920,1,6134,2252,3882,0,0,0,1.0,1,1.0,1,1.0,1,0.2974932033377318,42
2921,5,6139,2253,3886,0,0,0,1.0,1,1.0,1,1.0,1,0.22847284163088752,42
2922,0,6139,2253,3886,0,0,0,1.0,1,1.0,1,1.0,1,0.20720827104833675,43
2923,1,6140,2253,3887,0,0,0,1.0,1,1.0,1,1.0,1,0.19834567771863348,45
2924,1,6141,2253,3888,0,0,0,1.0,1,1.0,1,1.0,1,0.16920976571307136,46
2925,0,6141,2253,3888,0,0,0,1.0,1,1.0,1,1.0,1,0.16920976571307136,46
2926,0,6141,2253,3888,0,0,0,1.0,1,1.0,1,1.0,1,0.16920976571307136,46
2927,3,6144,2254,3890,0,0,0,1.0,1,1.0,1,1.0,1,0.1796920960914137,48
2928,3,6147,2255,3892,0,0,0,1.0,1,1.0,1,1.0,1,0.20896541198350507,48
2929,2,6149,2255,3894,0,0,0,1.0,1,1.0,1,1.0,1,0.20896541198350507,48
2930,1,6150,2255,3895,0,0,0,1.0,1,1.0,1,1.0,1,0.20629685019277977,50
2931,2,6152,2256,3896,0,0,0,1.0,1,1.0,1,1.0,1,0.2317981764155037,51
2932,5,6157,2256,3901,0,0,0,1.0,1,1.0,1,1.0,1,0.23156565289219233,52
2933,2,6159,2256,3903,0,0,0,1.0,1,1.0,1,1.0,1,0.23144929217609686,53
2934,3,6162,2256,3906,0,0,0,1.0,1,1.0,1,1.0,1,0.23464317084882808,54
2935,4,6166,2258,3908,0,0,0,1.0,1,1.0,1,1.0,1,0.2807311175456083,53
2936,9,6175,2259,3916,0,0,0,1.0,1,1.0,1,1.0,1,0.2800465244516587,53
2937,2,6177,2259,3918,0,0,0,1.0,1,1.0,1,1.0,1,0.285242329519982,51
2938,2,6179,2259,3920,0,0,0,1.0,1,1.0,1,1.0,1,0.2760689142941435,53
2939,4,6183,2259,3924,0,0,0,1.0,1,1.0,1,1.0,1,0.2923034836476003,52
2940,3,6186,2259,3927,0,0,0,1.0,1,1.0,1,1.0,1,0.2790035266434699,52
2941,4,6190,2259,3931,0,0,0,1.0,1,1.0,1,1.0,1,0.23692320665356073,50
2942,0,6190,2259,3931,0,0,0,1.0,1,1.0,1,1.0,1,0.2726062733260791,50
2943,1,6191,2260,3931,0,0,0,1.0,1,1.0,1,1.0,1,0.282681979241699,49
2944,2,6193,2261,3932,0,0,0,1.0,1,1.0,1,1.0,1,0.27861793143990843,48
2945,3,6196,2262,3934,0,0,0,1.0,1,1.0,1,1.0,1,0.25113611660884755,48
2946,3,6199,2265,3934,0,0,0,1.0,1,1.0,1,1.0,1,0.25815119228495487,47
2947,3,6202,2266,3936,0,0,0,1.0,1,1.0,1,1.0,1,0.22172529660639123,47
2948,1,6203,2267,3936,0,0,0,1.0,1,1.0,1,1.0,1,0.24534988286825718,48
2949,1,6204,2267,3937,0,0,0,1.0,1,1.0,1,1.0,1,0.21886703127730708,48
2950,1,6205,2267,3938,0,0,0,1.0,1,1.0,1,1.0,1,0.20619061182148912,48
2951,0,6205,2267,3938,0,0,0,1.0,1,1.0,1,1.0,1,0.22734995197273297,50
2952,0,6205,2267,3938,0,0,0,1.0,1,1.0,1,1.0,1,0.22734995197273297,50
2953,1,6206,2268,3938,0,0,0,1.0,1,1.0,1,1.0,1,0.2587799433740775,51
2954,1,6207,2268,3939,0,0,0,1.0,1,1.0,1,1.0,1,0.2324208366431312,51
2955,0,6207,2268,3939,0,0,0,1.0,1,1.0,1,1.0,1,0.2324208366431312,51
2956,0,6207,2268,3939,0,0,0,1.0,1,1.0,1,1.0,1,0.2324208366431312,51
2957,0,6207,2268,3939,0,0,0,1.0,1,1.0,1,1.0,1,0.24089325780883145,52
2958,0,6207,2268,3939,0,0,0,1.0,1,1.0,1,1.0,1,0.24089325780883145,52
2959,1,6208,2269,3939,0,0,0,1.0,1,1.0,1,1.0,1,0.2602750264340163,53
2960,0,6208,2269,3939,0,0,0,1.0,1,1.0,1,1.0,1,0.2512559940970972,52
2961,6,6214,2270,3944,0,0,0,1.0,1,1.0,1,1.0,1,0.1730122847585666,53
2962,3,6217,2271,3946,0,0,0,1.0,1,1.0,1,1.0,1,0.17247526652583856,54
2963,1,6218,2272,3946,0,0,0,1.0,1,1.0,1,1.0,1,0.1824887296652461,55
2964,1,6219,2272,3947,0,0,0,1.0,1,1.0,1,1.0,1,0.19503047985134705,55
2965,1,6220,2272,3948,0,0,0,1.0,1,1.0,1,1.0,1,0.19991741029848317,55
2966,0,6220,2272,3948,0,0,0,1.0,1,1.0,1,1.0,1,0.19991741029848317,55
2967,2,6222,2272,3950,0,0,0,1.0,1,1.0,1,1.0,1,0.21611736037960222,56
2968,1,6223,2272,3951,0,0,0,1.0,1,1.0,1,1.0,1,0.2004168663072638,56
2969,1,6224,2273,3951,0,0,0,1.0,1,1.0,1,1.0,1,0.2177036333365838,55
2970,5,6229,2274,3955,0,0,0,1.0,1,1.0,1,1.0,1,0.2220329745855901,57
2971,5,6234,2277,3957,0,0,0,1.0,1,1.0,1,1.0,1,0.1778445491070087,56
2972,2,6236,2278,3958,0,0,0,1.0,1,1.0,1,1.0,1,0.18102034533464167,57
2973,2,6238,2280,3958,0,0,0,1.0,1,1.0,1,1.0,1,0.1962505517427857,59
2974,0,6238,2280,3958,0,0,0,1.0,1,1.0,1,1.0,1,0.19335960174612274,60
2975,2,6240,2282,3958,0,0,0,1.0,1,1.0,1,1.0,1,0.25292069929137995,58
2976,4,6244,2282,3962,0,0,0,1.0,1,1.0,1,1.0,1,0.2115909414943297,59
2977,2,6246,2283,3963,0,0,0,1.0,1,1.0,1,1.0,1,0.21148147633992925,59
2978,2,6248,2285,3963,0,0,0,1.0,1,1.0,1,1.0,1,0.2299898907281934,58
2979,1,6249,2286,3963,0,0,0,1.0,1,1.0,1,1.0,1,0.2307660197114033,57
2980,0,6249,2286,3963,0,0,0,1.0,1,1.0,1,1.0,1,0.24093758748105487,56
2981,4,6253,2287,3966,0,0,0,1.0,1,1.0,1,1.0,1,0.23446870561884442,56
2982,2,6255,2288,3967,0,0,0,1.0,1,1.0,1,1.0,1,0.22279581664323048,57
2983,4,6259,2290,3969,0,0,0,1.0,1,1.0,1,1.0,1,0.22822686638952028,57
2984,1,6260,2291,3969,0,0,0,1.0,1,1.0,1,1.0,1,0.2275355755383428,56
2985,4,6264,2292,3972,0,0,0,1.0,1,1.0,1,1.0,1,0.245133764580045,55
2986,4,6268,2294,3974,0,0,0,1.0,1,1.0,1,1.0,1,0.2487445194530348,55
2987,1,6269,2295,3974,0,0,0,1.0,1,1.0,1,1.0,1,0.269150213355984,51
2988,0,6269,2295,3974,0,0,0,1.0,1,1.0,1,1.0,1,0.26849555481486465,52
2989,2,6271,2295,3976,0,0,0,1.0,1,1.0,1,1.0,1,0.23363708565659005,50
2990,2,6273,2297,3976,0,0,0,1.0,1,1.0,1,1.0,1,0.25521640826564596,50
2991,0,6273,2297,3976,0,0,0,1.0,1,1.0,1,1.0,1,0.25822452147744074,50
2992,0,6273,2297,3976,0,0,0,1.0,1,1.0,1,1.0,1,0.25822452147744074,50
2993,2,6275,2297,3978,0,0,0,1.0,1,1.0,1,1.0,1,0.25796411646418876,51
2994,1,6276,2298,3978,0,0,0,1.0,1,1.0,1,1.0,1,0.2752385910635074,51
2995,0,6276,2298,3978,0,0,0,1.0,1,1.0,1,1.0,1,0.2882503890984086,51
2996,2,6278,2299,3979,0,0,0,1.0,1,1.0,1,1.0,1,0.2940335183247925,52
2997,1,6279,2300,3979,0,0,0,1.0,1,1.0,1,1.0,1,0.3288169817691245,52
2998,4,6283,2304,3979,0,0,0,1.0,1,1.0,1,1.0,1,0.35950300477367014,51
2999,2,6285,2304,3981,0,0,0,1.0,1,1.0,1,1.0,1,0.33838332878562755,51
3000,4,6289,2306,3983,0,0,0,1.0,1,1.0,1,1.0,1,0.32344690654509245,52
3001,6,6295,2306,3989,0,0,0,1.0,1,1.0,1,1.0,1,0.2559513702605425,52
3002,3,6298,2307,3991,0,0,0,1.0,1,1.0,1,1.0,1,0.23384527772972755,53
3003,1,6299,2307,3992,0,0,0,1.0,1,1.0,1,1.0,1,0.23125129331744318,54
3004,2,6301,2307,3994,0,0,0,1.0,1,1.0,1,1.0,1,0.2240039004553419,55
3005,2,6303,2307,3996,0,0,0,1.0,1,1.0,1,1.0,1,0.22435364105883507,56
3006,2,6305,2307,3998,0,0,0,1.0,1,1.0,1,1.0,1,0.2106209681352353,57
3007,5,6310,2307,4003,0,0,0,1.0,1,1.0,1,1.0,1,0.20917881452863024,58
3008,4,6314,2308,4006,0,0,0,1.0,1,1.0,1,1.0,1,0.22896181555031977,59
3009,7,6321,2308,4013,0,0,0,1.0,1,1.0,1,1.0,1,0.2345166785024975,59
3010,7,6328,2308,4020,0,0,0,1.0,1,1.0,1,1.0,1,0.2212012754896382,59
3011,7,6335,2309,4026,0,0,0,1.0,1,1.0,1,1.0,1,0.19401164734219026,59
3012,7,6342,2310,4032,0,0,0,1.0,1,1.0,1,1.0,1,0.21518716314639788,61
3013,5,6347,2310,4037,0,0,0,1.0,1,1.0,1,1.0,1,0.21450972357534207,59
3014,4,6351,2310,4041,0,0,0,1.0,1,1.0,1,1.0,1,0.25475156490060036,60
3015,10,6361,2311,4050,0,0,0,1.0,1,1.0,1,1.0,1,0.27463328493000516,58
3016,8,6369,2311,4058,0,0,0,1.0,1,1.0,1,1.0,1,0.27193864821958924,57
3017,6,6375,2313,4062,0,0,0,1.0,1,1.0,1,1.0,1,0.2493445099483103,58
3018,5,6380,2313,4067,0,0,0,1.0,1,1.0,1,1.0,1,0.28944943330452977,55
3019,4,6384,2313,4071,0,0,0,1.0,1,1.0,1,1.0,1,0.2969214227594711,56
3020,3,6387,2313,4074,0,0,0,1.0,1,1.0,1,1.0,1,0.3202685565835842,55
3021,1,6388,2314,4074,0,0,0,1.0,1,1.0,1,1.0,1,0.3315006015545726,55
3022,1,6389,2314,4075,0,0,0,1.0,1,1.0,1,1.0,1,0.3429088008598404,55
3023,2,6391,2314,4077,0,0,0,1.0,1,1.0,1,1.0,1,0.3113541608654359,54
3024,2,6393,2315,4078,0,0,0,1.0,1,1.0,1,1.0,1,0.2872843052722027,54
3025,6,6399,2318,4081,0,0,0,1.0,1,1.0,1,1.0,1,0.2660074423985426,54
3026,2,6401,2318,4083,0,0,0,1.0,1,1.0,1,1.0,1,0.2407677330133452,53
3027,4,6405,2321,4084,0,0,0,1.0,1,1.0,1,1.0,1,0.20867373252410717,53
3028,6,6411,2324,4087,0,0,0,1.0,1,1.0,1,1.0,1,0.18280434776129242,51
3029,3,6414,2325,4089,0,0,0,1.0,1,1.0,1,1.0,1,0.21293034540040878,51
3030,5,6419,2327,4092,0,0,0,1.0,1,1.0,1,1.0,1,0.22781933732267792,52
3031,5,6424,2330,4094,0,0,0,1.0,1,1.0,1,1.0,1,0.2147289135627443,51
3032,4,6428,2330,4098,0,0,0,1.0,1,1.0,1,1.0,1,0.21083812965274942,50
3033,4,6432,2330,4102,0,0,0,1.0,1,1.0,1,1.0,1,0.20461800246465447,52
3034,2,6434,2330,4104,0,0,0,1.0,1,1.0,1,1.0,1,0.2524383737567374,51
3035,2,6436,2330,4106,0,0,0,1.0,1,1.0,1,1.0,1,0.21654100372582666,51
3036,4,6440,2330,4110,0,0,0,1.0,1,1.0,1,1.0,1,0.21976603381446844,53
3037,3,6443,2330,4113,0,0,0,1.0,1,1.0,1,1.0,1,0.18128970585620122,52
3038,2,6445,2330,4115,0,0,0,1.0,1,1.0,1,1.0,1,0.18128970585620122,52
3039,2,6447,2330,4117,0,0,0,1.0,1,1.0,1,1.0,1,0.16965881625323073,54
3040,1,6448,2331,4117,0,0,0,1.0,1,1.0,1,1.0,1,0.17354280292891344,55
3041,2,6450,2331,4119,0,0,0,1.0,1,1.0,1,1.0,1,0.16139678659989432,56
3042,2,6452,2333,4119,0,0,0,1.0,1,1.0,1,1.0,1,0.20138289498764417,56
3043,2,6454,2334,4120,0,0,0,1.0,1,1.0,1,1.0,1,0.1582723278776293,57
3044,1,6455,2335,4120,0,0,0,1.0,1,1.0,1,1.0,1,0.1738318548967263,57
3045,1,6456,2335,4121,0,0,0,1.0,1,1.0,1,1.0,1,0.16813810970694476,56
3046,3,6459,2338,4121,0,0,0,1.0,1,1.0,1,1.0,1,0.17561416596210702,57
3047,0,6459,2338,4121,0,0,0,1.0,1,1.0,1,1.0,1,0.1930293814472111,56
3048,1,6460,2338,4122,0,0,0,1.0,1,1.0,1,1.0,1,0.19476701521369041,58
3049,2,6462,2339,4123,0,0,0,1.0,1,1.0,1,1.0,1,0.20666383307540062,59
3050,4,6466,2339,4127,0,0,0,1.0,1,1.0,1,1.0,1,0.1832758849769868,60
3051,4,6470,2340,4130,0,0,0,1.0,1,1.0,1,1.0,1,0.21666432341385627,59
3052,0,6470,2340,4130,0,0,0,1.0,1,1.0,1,1.0,1,0.22802543652171942,58
3053,6,6476,2343,4133,0,0,0,1.0,1,1.0,1,1.0,1,0.28827276550698666,57
3054,6,6482,2345,4137,0,0,0,1.0,1,1.0,1,1.0,1,0.30869522741534067,55
3055,2,6484,2345,4139,0,0,0,1.0,1,1.0,1,1.0,1,0.2971582813339817,54
3056,5,6489,2346,4143,0,0,0,1.0,1,1.0,1,1.0,1,0.32502746833843943,55
3057,7,6496,2348,4148,0,0,0,1.0,1,1.0,1,1.0,1,0.3634576196418647,54
3058,10,6506,2348,4158,0,0,0,1.0,1,1.0,1,1.0,1,0.3707271166526483,55
3059,5,6511,2348,4163,0,0,0,1.0,1,1.0,1,1.0,1,0.353064080529126,56
3060,8,6519,2348,4171,0,0,0,1.0,1,1.0,1,1.0,1,0.35731328413830055,56
3061,5,6524,2348,4176,0,0,0,1.0,1,1.0,1,1.0,1,0.29358989709925987,56
3062,2,6526,2350,4176,0,0,0,1.0,1,1.0,1,1.0,1,0.32220187568022235,57
3063,1,6527,2350,4177,0,0,0,1.0,1,1.0,1,1.0,1,0.26251416288728974,55
3064,1,6528,2351,4177,0,0,0,1.0,1,1.0,1,1.0,1,0.29982768376578806,56
3065,0,6528,2351,4177,0,0,0,1.0,1,1.0,1,1.0,1,0.2911167846684953,55
3066,1,6529,2351,4178,0,0,0,1.0,1,1.0,1,1.0,1,0.28295548738618986,55
3067,1,6530,2351,4179,0,0,0,1.0,1,1.0,1,1.0,1,0.267862860401055,54
3068,4,6534,2354,4180,0,0,0,1.0,1,1.0,1,1.0,1,0.27579098954463516,53
3069,2,6536,2356,4180,0,0,0,1.0,1,1.0,1,1.0,1,0.3016187121650401,51
3070,0,6536,2356,4180,0,0,0,1.0,1,1.0,1,1.0,1,0.307072885823854,50
3071,1,6537,2357,4180,0,0,0,1.0,1,1.0,1,1.0,1,0.2823975619182412,51
3072,2,6539,2358,4181,0,0,0,1.0,1,1.0,1,1.0,1,0.27951564736390627,53
3073,0,6539,2358,4181,0,0,0,1.0,1,1.0,1,1.0,1,0.28552650862060774,51
3074,1,6540,2359,4181,0,0,0,1.0,1,1.0,1,1.0,1,0.2824151565712713,50
3075,2,6542,2360,4182,0,0,0,1.0,1,1.0,1,1.0,1,0.3044228656480443,52
3076,0,6542,2360,4182,0,0,0,1.0,1,1.0,1,1.0,1,0.3337816293067361,53
3077,2,6544,2361,4183,0,0,0,1.0,1,1.0,1,1.0,1,0.31980067744095514,52
3078,1,6545,2361,4184,0,0,0,1.0,1,1.0,1,1.0,1,0.34081582146461126,53
3079,1,6546,2361,4185,0,0,0,1.0,1,1.0,1,1.0,1,0.31483886832403146,53
3080,0,6546,2361,4185,0,0,0,1.0,1,1.0,1,1.0,1,0.33130109527066726,52
3081,14,6560,2363,4197,0,0,0,1.0,1,1.0,1,1.0,1,0.2527987244370031,54
3082,4,6564,2365,4199,0,0,0,1.0,1,1.0,1,1.0,1,0.2551384666897741,54
3083,2,6566,2365,4201,0,0,0,1.0,1,1.0,1,1.0,1,0.2551384666897741,54
3084,6,6572,2366,4206,0,0,0,1.0,1,1.0,1,1.0,1,0.2869704016878511,55
3085,4,6576,2368,4208,0,0,0,1.0,1,1.0,1,1.0,1,0.3148585014955553,55
3086,6,6582,2368,4214,0,0,0,1.0,1,1.0,1,1.0,1,0.30912588378983963,56
3087,2,6584,2368,4216,0,0,0,1.0,1,1.0,1,1.0,1,0.3170854740553553,57
3088,4,6588,2368,4220,0,0,0,1.0,1,1.0,1,1.0,1,0.33782024650681874,56
3089,4,6592,2368,4224,0,0,0,1.0,1,1.0,1,1.0,1,0.34124281649491317,55
3090,3,6595,2368,4227,0,0,0,1.0,1,1.0,1,1.0,1,0.3407610470641606,54
3091,2,6597,2368,4229,0,0,0,1.0,1,1.0,1,1.0,1,0.36063180154131474,53
3092,4,6601,2368,4233,0,0,0,1.0,1,1.0,1,1.0,1,0.33815482945852743,56
3093,3,6604,2369,4235,0,0,0,1.0,1,1.0,1,1.0,1,0.34872536916398694,56
3094,2,6606,2369,4237,0,0,0,1.0,1,1.0,1,1.0,1,0.34391669571871086,58
3095,5,6611,2369,4242,0,0,0,1.0,1,1.0,1,1.0,1,0.3321355232679455,59
3096,3,6614,2369,4245,0,0,0,1.0,1,1.0,1,1.0,1,0.3344392846545969,60
3097,7,6621,2370,4251,0,0,0,1.0,1,1.0,1,1.0,1,0.31799375267300883,60
3098,2,6623,2370,4253,0,0,0,1.0,1,1.0,1,1.0,1,0.3523731380291064,58
3099,2,6625,2370,4255,0,0,0,1.0,1,1.0,1,1.0,1,0.3536569301624897,57
3100,2,6627,2370,4257,0,0,0,1.0,1,1.0,1,1.0,1,0.35506849267579194,57
3101,4,6631,2372,4259,0,0,0,1.0,1,1.0,1,1.0,1,0.32480338208536985,58
3102,3,6634,2374,4260,0,0,0,1.0,1,1.0,1,1.0,1,0.3365564489456496,59
3103,4,6638,2374,4264,0,0,0,1.0,1,1.0,1,1.0,1,0.29526515948315707,58
3104,4,6642,2376,4266,0,0,0,1.0,1,1.0,1,1.0,1,0.2572998941411929,58
3105,1,6643,2377,4266,0,0,0,1.0,1,1.0,1,1.0,1,0.25319996011050433,56
3106,5,6648,2379,4269,0,0,0,1.0,1,1.0,1,1.0,1,0.24961374515605153,57
3107,3,6651,2381,4270,0,0,0,1.0,1,1.0,1,1.0,1,0.21600167079744212,55
3108,8,6659,2384,4275,0,0,0,1.0,1,1.0,1,1.0,1,0.18701185925584976,55
3109,3,6662,2385,4277,0,0,0,1.0,1,1.0,1,1.0,1,0.16050997935698663,54
3110,4,6666,2388,4278,0,0,0,1.0,1,1.0,1,1.0,1,0.14799646172439238,54
3111,1,6667,2388,4279,0,0,0,1.0,1,1.0,1,1.0,1,0.1337134077774242,54
3112,3,6670,2391,4279,0,0,0,1.0,1,1.0,1,1.0,1,0.16329623941349156,56
3113,4,6674,2394,4280,0,0,0,1.0,1,1.0,1,1.0,1,0.21298145927938167,55
3114,1,6675,2395,4280,0,0,0,1.0,1,1.0,1,1.0,1,0.2106475011311789,54
3115,2,6677,2395,4282,0,0,0,1.0,1,1.0,1,1.0,1,0.18861244325797283,56
3116,4,6681,2397,4284,0,0,0,1.0,1,1.0,1,1.0,1,0.1792662273849181,56
3117,0,6681,2397,4284,0,0,0,1.0,1,1.0,1,1.0,1,0.2190553437013918,58
3118,2,6683,2398,4285,0,0,0,1.0,1,1.0,1,1.0,1,0.19809276494199388,57
3119,1,6684,2399,4285,0,0,0,1.0,1,1.0,1,1.0,1,0.21155815749060244,57
3120,0,6684,2399,4285,0,0,0,1.0,1,1.0,1,1.0,1,0.20559378366253347,56
3121,3,6687,2399,4288,0,0,0,1.0,1,1.0,1,1.0,1,0.15755857598701822,57
3122,0,6687,2399,4288,0,0,0,1.0,1,1.0,1,1.0,1,0.15755857598701822,57
3123,1,6688,2399,4289,0,0,0,1.0,1,1.0,1,1.0,1,0.1422270971108836,57
3124,1,6689,2399,4290,0,0,0,1.0,1,1.0,1,1.0,1,0.1472169895460468,59
3125,1,6690,2400,4290,0,0,0,1.0,1,1.0,1,1.0,1,0.1748639529019485,61
3126,0,6690,2400,4290,0,0,0,1.0,1,1.0,1,1.0,1,0.17783470365021803,60
3127,1,6691,2401,4290,0,0,0,1.0,1,1.0,1,1.0,1,0.20375550553425165,58
3128,3,6694,2402,4292,0,0,0,1.0,1,1.0,1,1.0,1,0.2280572174338735,58
3129,1,6695,2403,4292,0,0,0,1.0,1,1.0,1,1.0,1,0.2423407542680287,56
3130,0,6695,2403,4292,0,0,0,1.0,1,1.0,1,1.0,1,0.26760785833893075,56
3131,5,6700,2405,4295,0,0,0,1.0,1,1.0,1,1.0,1,0.29606011499549084,55
3132,0,6700,2405,4295,0,0,0,1.0,1,1.0,1,1.0,1,0.2859710792389635,53
3133,1,6701,2405,4296,0,0,0,1.0,1,1.0,1,1.0,1,0.2640882276925218,52
3134,0,6701,2405,4296,0,0,0,1.0,1,1.0,1,1.0,1,0.28091498904737044,52
3135,2,6703,2407,4296,0,0,0,1.0,1,1.0,1,1.0,1,0.28722918981500417,53
3136,7,6710,2411,4299,0,0,0,1.0,1,1.0,1,1.0,1,0.28760406046837766,54
3137,5,6715,2414,4301,0,0,0,1.0,1,1.0,1,1.0,1,0.30348221265044834,55
3138,9,6724,2418,4306,0,0,0,1.0,1,1.0,1,1.0,1,0.26375980084481887,57
3139,3,6727,2419,4308,0,0,0,1.0,1,1.0,1,1.0,1,0.27970756779526507,56
3140,1,6728,2420,4308,0,0,0,1.0,1,1.0,1,1.0,1,0.2556864493310677,56
3141,6,6734,2422,4312,0,0,0,1.0,1,1.0,1,1.0,1,0.18858535600262963,56
3142,2,6736,2423,4313,0,0,0,1.0,1,1.0,1,1.0,1,0.18719023899922188,56
3143,2,6738,2424,4314,0,0,0,1.0,1,1.0,1,1.0,1,0.194936040467027,56
3144,1,6739,2425,4314,0,0,0,1.0,1,1.0,1,1.0,1,0.1893155771671672,54
3145,1,6740,2425,4315,0,0,0,1.0,1,1.0,1,1.0,1,0.1812689237858415,55
3146,1,6741,2425,4316,0,0,0,1.0,1,1.0,1,1.0,1,0.17112107315042854,53
3147,1,6742,2425,4317,0,0,0,1.0,1,1.0,1,1.0,1,0.17703764377957507,54
3148,1,6743,2426,4317,0,0,0,1.0,1,1.0,1,1.0,1,0.19341307223468984,54
3149,0,6743,2426,4317,0,0,0,1.0,1,1.0,1,1.0,1,0.19304837695946728,53
3150,1,6744,2426,4318,0,0,0,1.0,1,1.0,1,1.0,1,0.17706214824858385,53
3151,0,6744,2426,4318,0,0,0,1.0,1,1.0,1,1.0,1,0.18768206430482176,53
3152,1,6745,2426,4319,0,0,0,1.0,1,1.0,1,1.0,1,0.1869687438844399,54
3153,0,6745,2426,4319,0,0,0,1.0,1,1.0,1,1.0,1,0.209522040671978,53
3154,2,6747,2427,4320,0,0,0,1.0,1,1.0,1,1.0,1,0.2361310237675173,55
3155,0,6747,2427,4320,0,0,0,1.0,1,1.0,1,1.0,1,0.23891112758290284,56
3156,1,6748,2428,4320,0,0,0,1.0,1,1.0,1,1.0,1,0.27888957145349363,56
3157,0,6748,2428,4320,0,0,0,1.0,1,1.0,1,1.0,1,0.27888957145349363,56
3158,1,6749,2429,4320,0,0,0,1.0,1,1.0,1,1.0,1,0.2807995789245472,57
3159,2,6751,2430,4321,0,0,0,1.0,1,1.0,1,1.0,1,0.26767339035875254,56
3160,4,6755,2431,4324,0,0,0,1.0,1,1.0,1,1.0,1,0.2567659951990733,58
3161,11,6766,2431,4335,0,0,0,1.0,1,1.0,1,1.0,1,0.10702921378430466,59
3162,0,6766,2431,4335,0,0,0,1.0,1,1.0,1,1.0,1,0.10702921378430466,59
3163,3,6769,2433,4336,0,0,0,1.0,1,1.0,1,1.0,1,0.14082186135380875,59
3164,2,6771,2435,4336,0,0,0,1.0,1,1.0,1,1.0,1,0.17311786254469802,60
3165,0,6771,2435,4336,0,0,0,1.0,1,1.0,1,1.0,1,0.15864089871564718,58
3166,2,6773,2437,4336,0,0,0,1.0,1,1.0,1,1.0,1,0.16773449314803032,59
3167,3,6776,2439,4337,0,0,0,1.0,1,1.0,1,1.0,1,0.17489135849534684,57
3168,2,6778,2440,4338,0,0,0,1.0,1,1.0,1,1.0,1,0.17464617635739565,58
3169,2,6780,2442,4338,0,0,0,1.0,1,1.0,1,1.0,1,0.1763551710531811,57
3170,1,6781,2443,4338,0,0,0,1.0,1,1.0,1,1.0,1,0.18775060258756518,55
3171,2,6783,2443,4340,0,0,0,1.0,1,1.0,1,1.0,1,0.159581363878447,56
3172,3,6786,2444,4342,0,0,0,1.0,1,1.0,1,1.0,1,0.14854750082309212,54
3173,3,6789,2446,4343,0,0,0,1.0,1,1.0,1,1.0,1,0.12414621254539109,53
3174,1,6790,2447,4343,0,0,0,1.0,1,1.0,1,1.0,1,0.165942190871533,53
3175,4,6794,2449,4345,0,0,0,1.0,1,1.0,1,1.0,1,0.15181187963158654,52
3176,3,6797,2451,4346,0,0,0,1.0,1,1.0,1,1.0,1,0.1843780669895033,53
3177,2,6799,2452,4347,0,0,0,1.0,1,1.0,1,1.0,1,0.17441163938596888,52
3178,3,6802,2453,4349,0,0,0,1.0,1,1.0,1,1.0,1,0.20546451050488782,53
3179,1,6803,2453,4350,0,0,0,1.0,1,1.0,1,1.0,1,0.18318753656449097,54
3180,1,6804,2453,4351,0,0,0,1.0,1,1.0,1,1.0,1,0.2062875797680695,54
3181,3,6807,2454,4353,0,0,0,1.0,1,1.0,1,1.0,1,0.17549216289054517,55
3182,0,6807,2454,4353,0,0,0,1.0,1,1.0,1,1.0,1,0.17651785383940108,54
3183,2,6809,2456,4353,0,0,0,1.0,1,1.0,1,1.0,1,0.2242845059813888,56
3184,4,6813,2459,4354,0,0,0,1.0,1,1.0,1,1.0,1,0.21263363581259487,54
3185,0,6813,2459,4354,0,0,0,1.0,1,1.0,1,1.0,1,0.20540959109713694,53
3186,3,6816,2461,4355,0,0,0,1.0,1,1.0,1,1.0,1,0.24556310672889675,52
3187,3,6819,2463,4356,0,0,0,1.0,1,1.0,1,1.0,1,0.20705239674138512,50
3188,1,6820,2464,4356,0,0,0,1.0,1,1.0,1,1.0,1,0.21968775806724078,50
3189,7,6827,2467,4360,0,0,0,1.0,1,1.0,1,1.0,1,0.21973209041085665,49
3190,0,6827,2467,4360,0,0,0,1.0,1,1.0,1,1.0,1,0.23313916677025148,50
3191,2,6829,2469,4360,0,0,0,1.0,1,1.0,1,1.0,1,0.2633688104773476,49
3192,0,6829,2469,4360,0,0,0,1.0,1,1.0,1,1.0,1,0.2633688104773476,49
3193,0,6829,2469,4360,0,0,0,1.0,1,1.0,1,1.0,1,0.26209680604225255,49
3194,3,6832,2470,4362,0,0,0,1.0,1,1.0,1,1.0,1,0.22982540605160695,50
3195,0,6832,2470,4362,0,0,0,1.0,1,1.0,1,1.0,1,0.24796791427097065,49
3196,1,6833,2471,4362,0,0,0,1.0,1,1.0,1,1.0,1,0.2696658635897213,49
3197,1,6834,2471,4363,0,0,0,1.0,1,1.0,1,1.0,1,0.24914481301449468,50
3198,1,6835,2471,4364,0,0,0,1.0,1,1.0,1,1.0,1,0.24347108393958652,50
3199,1,6836,2472,4364,0,0,0,1.0,1,1.0,1,1.0,1,0.25983946484717474,52
3200,1,6837,2473,4364,0,0,0,1.0,1,1.0,1,1.0,1,0.26744193147684664,53
3201,13,6850,2475,4375,0,0,0,1.0,1,1.0,1,1.0,1,0.15610889843939493,55
3202,3,6853,2475,4378,0,0,0,1.0,1,1.0,1,1.0,1,0.14574871458160887,55
3203,2,6855,2475,4380,0,0,0,1.0,1,1.0,1,1.0,1,0.15319467416881583,53
3204,1,6856,2475,4381,0,0,0,1.0,1,1.0,1,1.0,1,0.1739334079925624,53
3205,2,6858,2475,4383,0,0,0,1.0,1,1.0,1,1.0,1,0.18662314147798778,53
3206,0,6858,2475,4383,0,0,0,1.0,1,1.0,1,1.0,1,0.1859663913055111,52
3207,3,6861,2477,4384,0,0,0,1.0,1,1.0,1,1.0,1,0.2070863185048665,53
3208,2,6863,2477,4386,0,0,0,1.0,1,1.0,1,1.0,1,0.2612323191665649,51
3209,3,6866,2478,4388,0,0,0,1.0,1,1.0,1,1.0,1,0.30400524990190547,52
3210,0,6866,2478,4388,0,0,0,1.0,1,1.0,1,1.0,1,0.29778691111781214,49
3211,2,6868,2480,4388,0,0,0,1.0,1,1.0,1,1.0,1,0.307830878368564,48
3212,1,6869,2480,4389,0,0,0,1.0,1,1.0,1,1.0,1,0.32452671740152794,48
3213,1,6870,2481,4389,0,0,0,1.0,1,1.0,1,1.0,1,0.29692419868728187,49
3214,2,6872,2483,4389,0,0,0,1.0,1,1.0,1,1.0,1,0.2680861803661179,51
3215,0,6872,2483,4389,0,0,0,1.0,1,1.0,1,1.0,1,0.2680861803661179,51
3216,2,6874,2485,4389,0,0,0,1.0,1,1.0,1,1.0,1,0.2804387276315886,51
3217,1,6875,2486,4389,0,0,0,1.0,1,1.0,1,1.0,1,0.2935705085984751,51
3218,0,6875,2486,4389,0,0,0,1.0,1,1.0,1,1.0,1,0.2935705085984751,51
3219,0,6875,2486,4389,0,0,0,1.0,1,1.0,1,1.0,1,0.30708540134827544,52
3220,0,6875,2486,4389,0,0,0,1.0,1,1.0,1,1.0,1,0.30708540134827544,52
3221,9,6884,2486,4398,0,0,0,1.0,1,1.0,1,1.0,1,0.15935440356454955,54
3222,0,6884,2486,4398,0,0,0,1.0,1,1.0,1,1.0,1,0.17294791743430743,54
3223,1,6885,2486,4399,0,0,0,1.0,1,1.0,1,1.0,1,0.17590344546426756,56
3224,1,6886,2487,4399,0,0,0,1.0,1,1.0,1,1.0,1,0.17133712861945838,57
3225,3,6889,2487,4402,0,0,0,1.0,1,1.0,1,1.0,1,0.16101998516863686,58
3226,1,6890,2487,4403,0,0,0,1.0,1,1.0,1,1.0,1,0.13111130901210263,58
3227,0,6890,2487,4403,0,0,0,1.0,1,1.0,1,1.0,1,0.13111130901210263,58
3228,0,6890,2487,4403,0,0,0,1.0,1,1.0,1,1.0,1,0.13111130901210263,58
3229,1,6891,2488,4403,0,0,0,1.0,1,1.0,1,1.0,1,0.19000106143604878,60
3230,0,6891,2488,4403,0,0,0,1.0,1,1.0,1,1.0,1,0.19562742888660392,61
3231,0,6891,2488,4403,0,0,0,1.0,1,1.0,1,1.0,1,0.19562742888660392,61
3232,0,6891,2488,4403,0,0,0,1.0,1,1.0,1,1.0,1,0.19562742888660392,61
3233,3,6894,2488,4406,0,0,0,1.0,1,1.0,1,1.0,1,0.18162022672951414,63
3234,0,6894,2488,4406,0,0,0,1.0,1,1.0,1,1.0,1,0.18208516854175927,64
3235,0,6894,2488,4406,0,0,0,1.0,1,1.0,1,1.0,1,0.18721366170504103,65
3236,1,6895,2488,4407,0,0,0,1.0,1,1.0,1,1.0,1,0.18277647054619175,66
3237,2,6897,2488,4409,0,0,0,1.0,1,1.0,1,1.0,1,0.1695906986014845,67
3238,1,6898,2488,4410,0,0,0,1.0,1,1.0,1,1.0,1,0.14061732168207536,67
3239,0,6898,2488,4410,0,0,0,1.0,1,1.0,1,1.0,1,0.15698932206107313,69
3240,2,6900,2488,4412,0,0,0,1.0,1,1.0,1,1.0,1,0.1472095131336966,69
3241,5,6905,2491,4414,0,0,0,1.0,1,1.0,1,1.0,1,0.1332783061369851,68
3242,1,6906,2492,4414,0,0,0,1.0,1,1.0,1,1.0,1,0.1595172407344946,67
3243,3,6909,2494,4415,0,0,0,1.0,1,1.0,1,1.0,1,0.14208430950550927,68
3244,0,6909,2494,4415,0,0,0,1.0,1,1.0,1,1.0,1,0.16909163061538965,68
3245,1,6910,2494,4416,0,0,0,1.0,1,1.0,1,1.0,1,0.17640707838470704,69
3246,1,6911,2495,4416,0,0,0,1.0,1,1.0,1,1.0,1,0.1785175180764236,68
3247,0,6911,2495,4416,0,0,0,1.0,1,1.0,1,1.0,1,0.1785175180764236,68
3248,1,6912,2496,4416,0,0,0,1.0,1,1.0,1,1.0,1,0.1913647470218218,68
3249,0,6912,2496,4416,0,0,0,1.0,1,1.0,1,1.0,1,0.19852553615204654,69
3250,1,6913,2496,4417,0,0,0,1.0,1,1.0,1,1.0,1,0.1802748534545403,69
3251,1,6914,2497,4417,0,0,0,1.0,1,1.0,1,1.0,1,0.19710912258749103,68
3252,0,6914,2497,4417,0,0,0,1.0,1,1.0,1,1.0,1,0.17961644798741722,68
3253,0,6914,2497,4417,0,0,0,1.0,1,1.0,1,1.0,1,0.19321987029542953,69
3254,1,6915,2498,4417,0,0,0,1.0,1,1.0,1,1.0,1,0.192907737124027,69
3255,1,6916,2498,4418,0,0,0,1.0,1,1.0,1,1.0,1,0.1988784606681554,70
3256,0,6916,2498,4418,0,0,0,1.0,1,1.0,1,1.0,1,0.1988784606681554,70
3257,1,6917,2498,4419,0,0,0,1.0,1,1.0,1,1.0,1,0.19004019396466365,71
3258,2,6919,2500,4419,0,0,0,1.0,1,1.0,1,1.0,1,0.20354217288423004,72
3259,2,6921,2502,4419,0,0,0,1.0,1,1.0,1,1.0,1,0.21377489282020146,71
3260,4,6925,2503,4422,0,0,0,1.0,1,1.0,1,1.0,1,0.1702113590479309,72
3261,3,6928,2504,4424,0,0,0,1.0,1,1.0,1,1.0,1,0.16366799874440982,74
3262,1,6929,2505,4424,0,0,0,1.0,1,1.0,1,1.0,1,0.17144015850575345,73
3263,4,6933,2508,4425,0,0,0,1.0,1,1.0,1,1.0,1,0.19352441666187722,73
3264,2,6935,2510,4425,0,0,0,1.0,1,1.0,1,1.0,1,0.23072940256543123,71
3265,1,6936,2511,4425,0,0,0,1.0,1,1.0,1,1.0,1,0.24138124523597035,70
3266,4,6940,2515,4425,0,0,0,1.0,1,1.0,1,1.0,1,0.2248160197897741,69
3267,2,6942,2516,4426,0,0,0,1.0,1,1.0,1,1.0,1,0.2338520219842241,69
3268,2,6944,2518,4426,0,0,0,1.0,1,1.0,1,1.0,1,0.25733723411488824,68
3269,2,6946,2519,4427,0,0,0,1.0,1,1.0,1,1.0,1,0.27830564840535504,68
3270,2,6948,2519,4429,0,0,0,1.0,1,1.0,1,1.0,1,0.26433484117312717,67
3271,0,6948,2519,4429,0,0,0,1.0,1,1.0,1,1.0,1,0.2728190748554137,66
3272,1,6949,2519,4430,0,0,0,1.0,1,1.0,1,1.0,1,0.2535223896867014,67
3273,3,6952,2519,4433,0,0,0,1.0,1,1.0,1,1.0,1,0.24113675091590328,66
3274,2,6954,2520,4434,0,0,0,1.0,1,1.0,1,1.0,1,0.25247832976259615,68
3275,0,6954,2520,4434,0,0,0,1.0,1,1.0,1,1.0,1,0.25247832976259615,68
3276,0,6954,2520,4434,0,0,0,1.0,1,1.0,1,1.0,1,0.25832780302484537,69
3277,0,6954,2520,4434,0,0,0,1.0,1,1.0,1,1.0,1,0.26675057508470923,68
3278,0,6954,2520,4434,0,0,0,1.0,1,1.0,1,1.0,1,0.2707005944779086,69
3279,1,6955,2521,4434,0,0,0,1.0,1,1.0,1,1.0,1,0.2675914793968192,67
3280,2,6957,2522,4435,0,0,0,1.0,1,1.0,1,1.0,1,0.262870090257091,66
3281,5,6962,2524,4438,0,0,0,1.0,1,1.0,1,1.0,1,0.215716064061623,67
3282,4,6966,2525,4441,0,0,0,1.0,1,1.0,1,1.0,1,0.20477496345997975,66
3283,2,6968,2527,4441,0,0,0,1.0,1,1.0,1,1.0,1,0.262110129479469,67
3284,6,6974,2527,4447,0,0,0,1.0,1,1.0,1,1.0,1,0.18161362521515098,66
3285,1,6975,2527,4448,0,0,0,1.0,1,1.0,1,1.0,1,0.16244398464542859,66
3286,2,6977,2527,4450,0,0,0,1.0,1,1.0,1,1.0,1,0.15429520093253996,63
3287,3,6980,2529,4451,0,0,0,1.0,1,1.0,1,1.0,1,0.21613502429198048,61
3288,5,6985,2529,4456,0,0,0,1.0,1,1.0,1,1.0,1,0.19493026957025106,63
3289,4,6989,2530,4459,0,0,0,1.0,1,1.0,1,1.0,1,0.23215087860868772,62
3290,2,6991,2530,4461,0,0,0,1.0,1,1.0,1,1.0,1,0.23221878399637588,63
3291,3,6994,2531,4463,0,0,0,1.0,1,1.0,1,1.0,1,0.2747913666689365,62
3292,3,6997,2531,4466,0,0,0,1.0,1,1.0,1,1.0,1,0.2742179323075184,63
3293,7,7004,2534,4470,0,0,0,1.0,1,1.0,1,1.0,1,0.2506598100393151,65
3294,4,7008,2534,4474,0,0,0,1.0,1,1.0,1,1.0,1,0.2506598100393151,65
3295,4,7012,2536,4476,0,0,0,1.0,1,1.0,1,1.0,1,0.2679987362673403,65
3296,4,7016,2536,4480,0,0,0,1.0,1,1.0,1,1.0,1,0.2679987362673403,65
3297,5,7021,2537,4484,0,0,0,1.0,1,1.0,1,1.0,1,0.26177740618005907,66
3298,2,7023,2538,4485,0,0,0,1.0,1,1.0,1,1.0,1,0.2501371919374001,66
3299,0,7023,2538,4485,0,0,0,1.0,1,1.0,1,1.0,1,0.2557833750391906,67
3300,2,7025,2540,4485,0,0,0,1.0,1,1.0,1,1.0,1,0.2766231734575297,67
3301,9,7034,2541,4493,0,0,0,1.0,1,1.0,1,1.0,1,0.20820312086253645,68
3302,1,7035,2542,4493,0,0,0,1.0,1,1.0,1,1.0,1,0.21517603878900365,67
3303,2,7037,2544,4493,0,0,0,1.0,1,1.0,1,1.0,1,0.23888718617102409,67
3304,2,7039,2544,4495,0,0,0,1.0,1,1.0,1,1.0,1,0.24190991543502424,67
3305,3,7042,2544,4498,0,0,0,1.0,1,1.0,1,1.0,1,0.2314788450525746,69
3306,0,7042,2544,4498,0,0,0,1.0,1,1.0,1,1.0,1,0.21920991111627824,70
3307,0,7042,2544,4498,0,0,0,1.0,1,1.0,1,1.0,1,0.21920991111627824,70
3308,1,7043,2544,4499,0,0,0,1.0,1,1.0,1,1.0,1,0.21242818368874103,70
3309,3,7046,2544,4502,0,0,0,1.0,1,1.0,1,1.0,1,0.21127129688286758,72
3310,4,7050,2544,4506,0,0,0,1.0,1,1.0,1,1.0,1,0.21747163593699909,74
3311,2,7052,2544,4508,0,0,0,1.0,1,1.0,1,1.0,1,0.21179469988227265,74
3312,1,7053,2544,4509,0,0,0,1.0,1,1.0,1,1.0,1,0.2110575075922183,74
3313,2,7055,2544,4511,0,0,0,1.0,1,1.0,1,1.0,1,0.22838475197231817,75
3314,4,7059,2544,4515,0,0,0,1.0,1,1.0,1,1.0,1,0.20811505120056054,76
3315,3,7062,2545,4517,0,0,0,1.0,1,1.0,1,1.0,1,0.24092621126504915,75
3316,3,7065,2546,4519,0,0,0,1.0,1,1.0,1,1.0,1,0.23861163611389044,76
3317,2,7067,2547,4520,0,0,0,1.0,1,1.0,1,1.0,1,0.24166362593535284,73
3318,4,7071,2550,4521,0,0,0,1.0,1,1.0,1,1.0,1,0.2706282219017169,72
3319,4,7075,2551,4524,0,0,0,1.0,1,1.0,1,1.0,1,0.269851650925498,71
3320,1,7076,2551,4525,0,0,0,1.0,1,1.0,1,1.0,1,0.23958167318803497,70
3321,3,7079,2553,4526,0,0,0,1.0,1,1.0,1,1.0,1,0.2712562278094057,69
3322,5,7084,2555,4529,0,0,0,1.0,1,1.0,1,1.0,1,0.20239585999972468,68
3323,0,7084,2555,4529,0,0,0,1.0,1,1.0,1,1.0,1,0.2069436373322508,69
3324,2,7086,2557,4529,0,0,0,1.0,1,1.0,1,1.0,1,0.18806365650501372,69
3325,0,7086,2557,4529,0,0,0,1.0,1,1.0,1,1.0,1,0.19064183112751099,70
3326,3,7089,2560,4529,0,0,0,1.0,1,1.0,1,1.0,1,0.23007144740387425,69
3327,1,7090,2561,4529,0,0,0,1.0,1,1.0,1,1.0,1,0.21623550375530692,70
3328,1,7091,2562,4529,0,0,0,1.0,1,1.0,1,1.0,1,0.2314496055863943,73
3329,1,7092,2562,4530,0,0,0,1.0,1,1.0,1,1.0,1,0.2410716162907156,72
3330,0,7092,2562,4530,0,0,0,1.0,1,1.0,1,1.0,1,0.2410716162907156,72
3331,2,7094,2564,4530,0,0,0,1.0,1,1.0,1,1.0,1,0.2513056524853613,72
3332,0,7094,2564,4530,0,0,0,1.0,1,1.0,1,1.0,1,0.25523056128080984,73
3333,1,7095,2564,4531,0,0,0,1.0,1,1.0,1,1.0,1,0.25327605657528496,72
3334,0,7095,2564,4531,0,0,0,1.0,1,1.0,1,1.0,1,0.2492518888674282,73
3335,2,7097,2565,4532,0,0,0,1.0,1,1.0,1,1.0,1,0.2557484111255188,74
3336,0,7097,2565,4532,0,0,0,1.0,1,1.0,1,1.0,1,0.2557484111255188,74
3337,0,7097,2565,4532,0,0,0,1.0,1,1.0,1,1.0,1,0.2557484111255188,74
3338,0,7097,2565,4532,0,0,0,1.0,1,1.0,1,1.0,1,0.2557484111255188,74
3339,2,7099,2566,4533,0,0,0,1.0,1,1.0,1,1.0,1,0.26415552227241085,75
3340,1,7100,2566,4534,0,0,0,1.0,1,1.0,1,1.0,1,0.2681780719252729,75
3341,3,7103,2566,4537,0,0,0,1.0,1,1.0,1,1.0,1,0.23725331471558558,76
3342,1,7104,2566,4538,0,0,0,1.0,1,1.0,1,1.0,1,0.24256410185318467,76
3343,3,7107,2568,4539,0,0,0,1.0,1,1.0,1,1.0,1,0.22751266469543646,75
3344,5,7112,2571,4541,0,0,0,1.0,1,1.0,1,1.0,1,0.23103203823355115,75
3345,2,7114,2572,4542,0,0,0,1.0,1,1.0,1,1.0,1,0.23361460921727864,72
3346,2,7116,2572,4544,0,0,0,1.0,1,1.0,1,1.0,1,0.23383005387116648,73
3347,3,7119,2574,4545,0,0,0,1.0,1,1.0,1,1.0,1,0.22599437975461367,73
3348,2,7121,2576,4545,0,0,0,1.0,1,1.0,1,1.0,1,0.23973626032615294,73
3349,1,7122,2576,4546,0,0,0,1.0,1,1.0,1,1.0,1,0.24137170435059138,74
3350,4,7126,2578,4548,0,0,0,1.0,1,1.0,1,1.0,1,0.24816955335054858,73
3351,1,7127,2579,4548,0,0,0,1.0,1,1.0,1,1.0,1,0.25912791455455264,72
3352,1,7128,2580,4548,0,0,0,1.0,1,1.0,1,1.0,1,0.27243827635066825,72
3353,3,7131,2581,4550,0,0,0,1.0,1,1.0,1,1.0,1,0.2800105263960214,72
3354,3,7134,2582,4552,0,0,0,1.0,1,1.0,1,1.0,1,0.2692697333809321,70
3355,1,7135,2583,4552,0,0,0,1.0,1,1.0,1,1.0,1,0.28695420657482723,69
3356,2,7137,2585,4552,0,0,0,1.0,1,1.0,1,1.0,1,0.279625927540545,69
3357,3,7140,2586,4554,0,0,0,1.0,1,1.0,1,1.0,1,0.2694879062670085,68
3358,1,7141,2587,4554,0,0,0,1.0,1,1.0,1,1.0,1,0.2818181362788425,68
3359,1,7142,2588,4554,0,0,0,1.0,1,1.0,1,1.0,1,0.28600121486363766,66
3360,3,7145,2590,4555,0,0,0,1.0,1,1.0,1,1.0,1,0.33706632829992716,65
3361,6,7151,2590,4561,0,0,0,1.0,1,1.0,1,1.0,1,0.2729826025052053,64
3362,1,7152,2590,4562,0,0,0,1.0,1,1.0,1,1.0,1,0.2637446670552489,64
3363,0,7152,2590,4562,0,0,0,1.0,1,1.0,1,1.0,1,0.26354926532819567,65
3364,3,7155,2590,4565,0,0,0,1.0,1,1.0,1,1.0,1,0.24996105301713728,66
3365,2,7157,2590,4567,0,0,0,1.0,1,1.0,1,1.0,1,0.2578907678150078,68
3366,3,7160,2591,4569,0,0,0,1.0,1,1.0,1,1.0,1,0.276742304676443,66
3367,4,7164,2591,4573,0,0,0,1.0,1,1.0,1,1.0,1,0.2766018663357411,68
3368,6,7170,2592,4578,0,0,0,1.0,1,1.0,1,1.0,1,0.24035791971144763,68
3369,4,7174,2592,4582,0,0,0,1.0,1,1.0,1,1.0,1,0.25158294481030197,69
3370,4,7178,2592,4586,0,0,0,1.0,1,1.0,1,1.0,1,0.23593617948419116,71
3371,2,7180,2592,4588,0,0,0,1.0,1,1.0,1,1.0,1,0.22055686620062465,71
3372,5,7185,2594,4591,0,0,0,1.0,1,1.0,1,1.0,1,0.22543155145339255,71
3373,2,7187,2594,4593,0,0,0,1.0,1,1.0,1,1.0,1,0.22866173775614382,72
3374,3,7190,2594,4596,0,0,0,1.0,1,1.0,1,1.0,1,0.21793326109126865,72
3375,2,7192,2595,4597,0,0,0,1.0,1,1.0,1,1.0,1,0.23312340605117898,73
3376,5,7197,2595,4602,0,0,0,1.0,1,1.0,1,1.0,1,0.18961186090801124,75
3377,3,7200,2596,4604,0,0,0,1.0,1,1.0,1,1.0,1,0.20632320756632433,77
3378,4,7204,2596,4608,0,0,0,1.0,1,1.0,1,1.0,1,0.20632320756632433,77
3379,4,7208,2598,4610,0,0,0,1.0,1,1.0,1,1.0,1,0.22198765706494472,77
3380,4,7212,2598,4614,0,0,0,1.0,1,1.0,1,1.0,1,0.2346661638776536,76
3381,4,7216,2598,4618,0,0,0,1.0,1,1.0,1,1.0,1,0.20803046613708323,76
3382,2,7218,2599,4619,0,0,0,1.0,1,1.0,1,1.0,1,0.21846885141969516,78
3383,1,7219,2600,4619,0,0,0,1.0,1,1.0,1,1.0,1,0.2243116206089313,77
3384,2,7221,2602,4619,0,0,0,1.0,1,1.0,1,1.0,1,0.24426285699984904,77
3385,2,7223,2603,4620,0,0,0,1.0,1,1.0,1,1.0,1,0.2617207784213604,75
3386,2,7225,2603,4622,0,0,0,1.0,1,1.0,1,1.0,1,0.2610779024998444,76
3387,2,7227,2604,4623,0,0,0,1.0,1,1.0,1,1.0,1,0.2715679006996973,75
3388,2,7229,2606,4623,0,0,0,1.0,1,1.0,1,1.0,1,0.2735513007366492,76
3389,3,7232,2608,4624,0,0,0,1.0,1,1.0,1,1.0,1,0.2602658071088487,77
3390,2,7234,2608,4626,0,0,0,1.0,1,1.0,1,1.0,1,0.26608301248735644,76
3391,2,7236,2609,4627,0,0,0,1.0,1,1.0,1,1.0,1,0.25622533623857596,77
3392,1,7237,2609,4628,0,0,0,1.0,1,1.0,1,1.0,1,0.24090224007888253,78
3393,0,7237,2609,4628,0,0,0,1.0,1,1.0,1,1.0,1,0.2366646760249288,76
3394,2,7239,2609,4630,0,0,0,1.0,1,1.0,1,1.0,1,0.2497402106280348,75
3395,1,7240,2609,4631,0,0,0,1.0,1,1.0,1,1.0,1,0.2586158773610298,73
3396,2,7242,2609,4633,0,0,0,1.0,1,1.0,1,1.0,1,0.2551429905956491,73
3397,0,7242,2609,4633,0,0,0,1.0,1,1.0,1,1.0,1,0.25706096044765014,74
3398,2,7244,2610,4634,0,0,0,1.0,1,1.0,1,1.0,1,0.2535362574707934,74
3399,3,7247,2611,4636,0,0,0,1.0,1,1.0,1,1.0,1,0.2603431238225403,75
3400,4,7251,2612,4639,0,0,0,1.0,1,1.0,1,1.0,1,0.2660318809687132,75
3401,18,7269,2613,4656,0,0,0,1.0,1,1.0,1,1.0,1,0.11409128450975126,77
3402,3,7272,2614,4658,0,0,0,1.0,1,1.0,1,1.0,1,0.1304192873844678,77
3403,1,7273,2615,4658,0,0,0,1.0,1,1.0,1,1.0,1,0.1387425962412643,78
3404,0,7273,2615,4658,0,0,0,1.0,1,1.0,1,1.0,1,0.1387425962412643,78
3405,0,7273,2615,4658,0,0,0,1.0,1,1.0,1,1.0,1,0.1387425962412643,78
3406,2,7275,2617,4658,0,0,0,1.0,1,1.0,1,1.0,1,0.16416968253809358,78
3407,0,7275,2617,4658,0,0,0,1.0,1,1.0,1,1.0,1,0.16201335971426542,78
3408,1,7276,2617,4659,0,0,0,1.0,1,1.0,1,1.0,1,0.1483671959491125,79
3409,1,7277,2617,4660,0,0,0,1.0,1,1.0,1,1.0,1,0.13418972643600902,81
3410,0,7277,2617,4660,0,0,0,1.0,1,1.0,1,1.0,1,0.1395975856372825,82
3411,2,7279,2617,4662,0,0,0,1.0,1,1.0,1,1.0,1,0.12630607310274855,84
3412,1,7280,2617,4663,0,0,0,1.0,1,1.0,1,1.0,1,0.14608654537859597,84
3413,1,7281,2617,4664,0,0,0,1.0,1,1.0,1,1.0,1,0.12630607310274855,84
3414,1,7282,2617,4665,0,0,0,1.0,1,1.0,1,1.0,1,0.14608654537859597,84
3415,3,7285,2618,4667,0,0,0,1.0,1,1.0,1,1.0,1,0.130582429600415,85
3416,2,7287,2618,4669,0,0,0,1.0,1,1.0,1,1.0,1,0.1331364814694018,85
3417,3,7290,2618,4672,0,0,0,1.0,1,1.0,1,1.0,1,0.12930899004124413,86
3418,5,7295,2619,4676,0,0,0,1.0,1,1.0,1,1.0,1,0.14100330670737488,86
3419,2,7297,2620,4677,0,0,0,1.0,1,1.0,1,1.0,1,0.15497630576371751,87
3420,3,7300,2620,4680,0,0,0,1.0,1,1.0,1,1.0,1,0.1566251685625907,88
3421,5,7305,2621,4684,0,0,0,1.0,1,1.0,1,1.0,1,0.14525511879289274,89
3422,1,7306,2621,4685,0,0,0,1.0,1,1.0,1,1.0,1,0.15268343859317107,90
3423,1,7307,2622,4685,0,0,0,1.0,1,1.0,1,1.0,1,0.14944816513785197,90
3424,1,7308,2623,4685,0,0,0,1.0,1,1.0,1,1.0,1,0.1454842597860656,91
3425,1,7309,2624,4685,0,0,0,1.0,1,1.0,1,1.0,1,0.15457785667961796,90
3426,3,7312,2626,4686,0,0,0,1.0,1,1.0,1,1.0,1,0.17585036438714646,92
3427,3,7315,2626,4689,0,0,0,1.0,1,1.0,1,1.0,1,0.18739033944782618,92
3428,2,7317,2626,4691,0,0,0,1.0,1,1.0,1,1.0,1,0.19510052781731224,91
3429,2,7319,2626,4693,0,0,0,1.0,1,1.0,1,1.0,1,0.19510052781731224,91
3430,6,7325,2629,4696,0,0,0,1.0,1,1.0,1,1.0,1,0.2095500118265213,91
3431,1,7326,2629,4697,0,0,0,1.0,1,1.0,1,1.0,1,0.21098828334211295,90
3432,4,7330,2632,4698,0,0,0,1.0,1,1.0,1,1.0,1,0.220704087576023,91
3433,4,7334,2632,4702,0,0,0,1.0,1,1.0,1,1.0,1,0.2290334489253285,90
3434,1,7335,2632,4703,0,0,0,1.0,1,1.0,1,1.0,1,0.2313172549486319,89
3435,3,7338,2633,4705,0,0,0,1.0,1,1.0,1,1.0,1,0.24356519165384274,88
3436,4,7342,2633,4709,0,0,0,1.0,1,1.0,1,1.0,1,0.22491907542131803,86
3437,5,7347,2634,4713,0,0,0,1.0,1,1.0,1,1.0,1,0.21791500933449248,86
3438,4,7351,2634,4717,0,0,0,1.0,1,1.0,1,1.0,1,0.22252057476736867,87
3439,5,7356,2634,4722,0,0,0,1.0,1,1.0,1,1.0,1,0.2349197119060978,86
3440,3,7359,2635,4724,0,0,0,1.0,1,1.0,1,1.0,1,0.2207690657092048,86
3441,7,7366,2636,4730,0,0,0,1.0,1,1.0,1,1.0,1,0.16956030218590595,85
3442,1,7367,2636,4731,0,0,0,1.0,1,1.0,1,1.0,1,0.16782004668314068,85
3443,1,7368,2636,4732,0,0,0,1.0,1,1.0,1,1.0,1,0.16603986825355774,85
3444,1,7369,2637,4732,0,0,0,1.0,1,1.0,1,1.0,1,0.169566739157945,85
3445,3,7372,2639,4733,0,0,0,1.0,1,1.0,1,1.0,1,0.18615244683345863,84
3446,3,7375,2641,4734,0,0,0,1.0,1,1.0,1,1.0,1,0.20131677912244492,85
3447,0,7375,2641,4734,0,0,0,1.0,1,1.0,1,1.0,1,0.2117368789091819,85
3448,3,7378,2643,4735,0,0,0,1.0,1,1.0,1,1.0,1,0.2209229713272,85
3449,1,7379,2643,4736,0,0,0,1.0,1,1.0,1,1.0,1,0.22506843347217048,84
3450,1,7380,2644,4736,0,0,0,1.0,1,1.0,1,1.0,1,0.21121507771264647,84
3451,1,7381,2645,4736,0,0,0,1.0,1,1.0,1,1.0,1,0.2093687944886343,85
3452,3,7384,2648,4736,0,0,0,1.0,1,1.0,1,1.0,1,0.2049820389450087,86
3453,1,7385,2648,4737,0,0,0,1.0,1,1.0,1,1.0,1,0.19419275672774564,85
3454,1,7386,2648,4738,0,0,0,1.0,1,1.0,1,1.0,1,0.17465057062005146,88
3455,0,7386,2648,4738,0,0,0,1.0,1,1.0,1,1.0,1,0.17465057062005146,88
3456,1,7387,2649,4738,0,0,0,1.0,1,1.0,1,1.0,1,0.17748552427630374,88
3457,2,7389,2649,4740,0,0,0,1.0,1,1.0,1,1.0,1,0.16731134526017533,89
3458,0,7389,2649,4740,0,0,0,1.0,1,1.0,1,1.0,1,0.17490554080458248,88
3459,0,7389,2649,4740,0,0,0,1.0,1,1.0,1,1.0,1,0.17490554080458248,88
3460,0,7389,2649,4740,0,0,0,1.0,1,1.0,1,1.0,1,0.171151100611905,89
3461,3,7392,2649,4743,0,0,0,1.0,1,1.0,1,1.0,1,0.15314408966410947,89
3462,2,7394,2650,4744,0,0,0,1.0,1,1.0,1,1.0,1,0.15167266999192774,90
3463,2,7396,2650,4746,0,0,0,1.0,1,1.0,1,1.0,1,0.1347719095113209,89
3464,1,7397,2651,4746,0,0,0,1.0,1,1.0,1,1.0,1,0.13168814737006307,88
3465,1,7398,2651,4747,0,0,0,1.0,1,1.0,1,1.0,1,0.14584569543377143,87
3466,0,7398,2651,4747,0,0,0,1.0,1,1.0,1,1.0,1,0.14584569543377143,87
3467,0,7398,2651,4747,0,0,0,1.0,1,1.0,1,1.0,1,0.14405613544347187,87
3468,2,7400,2653,4747,0,0,0,1.0,1,1.0,1,1.0,1,0.16780518235977968,88
3469,2,7402,2654,4748,0,0,0,1.0,1,1.0,1,1.0,1,0.17131041525337953,85
3470,2,7404,2656,4748,0,0,0,1.0,1,1.0,1,1.0,1,0.19564266654788523,86
3471,3,7407,2658,4749,0,0,0,1.0,1,1.0,1,1.0,1,0.2232639855559439,84
3472,3,7410,2660,4750,0,0,0,1.0,1,1.0,1,1.0,1,0.2131853871081401,83
3473,0,7410,2660,4750,0,0,0,1.0,1,1.0,1,1.0,1,0.21594636905333298,81
3474,1,7411,2661,4750,0,0,0,1.0,1,1.0,1,1.0,1,0.18103965794660126,80
3475,4,7415,2663,4752,0,0,0,1.0,1,1.0,1,1.0,1,0.209043156981302,82
3476,1,7416,2664,4752,0,0,0,1.0,1,1.0,1,1.0,1,0.1934909252137044,81
3477,4,7420,2668,4752,0,0,0,1.0,1,1.0,1,1.0,1,0.20358382009763126,83
3478,1,7421,2669,4752,0,0,0,1.0,1,1.0,1,1.0,1,0.21902659724842394,83
3479,2,7423,2670,4753,0,0,0,1.0,1,1.0,1,1.0,1,0.2161046368264669,83
3480,0,7423,2670,4753,0,0,0,1.0,1,1.0,1,1.0,1,0.2161046368264669,83
3481,5,7428,2671,4757,0,0,0,1.0,1,1.0,1,1.0,1,0.1774263538107676,83
3482,2,7430,2671,4759,0,0,0,1.0,1,1.0,1,1.0,1,0.16527687333683053,83
3483,5,7435,2674,4761,0,0,0,1.0,1,1.0,1,1.0,1,0.16847008336089542,82
3484,1,7436,2675,4761,0,0,0,1.0,1,1.0,1,1.0,1,0.17662948751936436,82
3485,3,7439,2677,4762,0,0,0,1.0,1,1.0,1,1.0,1,0.19336089012795787,83
3486,0,7439,2677,4762,0,0,0,1.0,1,1.0,1,1.0,1,0.19336089012795787,83
3487,0,7439,2677,4762,0,0,0,1.0,1,1.0,1,1.0,1,0.19873856936895606,84
3488,0,7439,2677,4762,0,0,0,1.0,1,1.0,1,1.0,1,0.19865295145785763,84
3489,1,7440,2677,4763,0,0,0,1.0,1,1.0,1,1.0,1,0.1811687653288531,84
3490,0,7440,2677,4763,0,0,0,1.0,1,1.0,1,1.0,1,0.1811687653288531,84
3491,2,7442,2677,4765,0,0,0,1.0,1,1.0,1,1.0,1,0.16703069413989202,86
3492,2,7444,2678,4766,0,0,0,1.0,1,1.0,1,1.0,1,0.16686786932209105,86
3493,6,7450,2678,4772,0,0,0,1.0,1,1.0,1,1.0,1,0.1520103525328103,86
3494,3,7453,2679,4774,0,0,0,1.0,1,1.0,1,1.0,1,0.1532101890558113,86
3495,3,7456,2679,4777,0,0,0,1.0,1,1.0,1,1.0,1,0.14694697707066684,87
3496,4,7460,2679,4781,0,0,0,1.0,1,1.0,1,1.0,1,0.1550777209439944,88
3497,5,7465,2680,4785,0,0,0,1.0,1,1.0,1,1.0,1,0.17521652954705755,89
3498,12,7477,2681,4796,0,0,0,1.0,1,1.0,1,1.0,1,0.15424565112525784,89
3499,5,7482,2682,4800,0,0,0,1.0,1,1.0,1,1.0,1,0.14298103733912282,91
3500,7,7489,2682,4807,0,0,0,1.0,1,1.0,1,1.0,1,0.13554582165955745,90
3501,4,7493,2682,4811,0,0,0,1.0,1,1.0,1,1.0,1,0.11944945145033027,90
3502,0,7493,2682,4811,0,0,0,1.0,1,1.0,1,1.0,1,0.12263536181988306,91
3503,1,7494,2683,4811,0,0,0,1.0,1,1.0,1,1.0,1,0.12890894548641216,91
3504,5,7499,2686,4813,0,0,0,1.0,1,1.0,1,1.0,1,0.18185549194040712,89
3505,4,7503,2687,4816,0,0,0,1.0,1,1.0,1,1.0,1,0.17781848228263392,87
3506,5,7508,2690,4818,0,0,0,1.0,1,1.0,1,1.0,1,0.18835784448940732,87
3507,3,7511,2693,4818,0,0,0,1.0,1,1.0,1,1.0,1,0.189808454165849,84
3508,6,7517,2696,4821,0,0,0,1.0,1,1.0,1,1.0,1,0.24588869815155315,83
3509,4,7521,2698,4823,0,0,0,1.0,1,1.0,1,1.0,1,0.26898281549750247,80
3510,2,7523,2698,4825,0,0,0,1.0,1,1.0,1,1.0,1,0.2722229574570113,78
3511,2,7525,2698,4827,0,0,0,1.0,1,1.0,1,1.0,1,0.2655288609467608,77
3512,2,7527,2698,4829,0,0,0,1.0,1,1.0,1,1.0,1,0.2712243891299601,74
3513,3,7530,2699,4831,0,0,0,1.0,1,1.0,1,1.0,1,0.2629593342040319,76
3514,4,7534,2701,4833,0,0,0,1.0,1,1.0,1,1.0,1,0.28002594070564013,76
3515,4,7538,2702,4836,0,0,0,1.0,1,1.0,1,1.0,1,0.2998169724396408,75
3516,3,7541,2703,4838,0,0,0,1.0,1,1.0,1,1.0,1,0.30737598955894513,73
3517,4,7545,2705,4840,0,0,0,1.0,1,1.0,1,1.0,1,0.30409848281490903,74
3518,2,7547,2705,4842,0,0,0,1.0,1,1.0,1,1.0,1,0.3175145915387613,74
3519,2,7549,2706,4843,0,0,0,1.0,1,1.0,1,1.0,1,0.30675460911218333,73
3520,2,7551,2706,4845,0,0,0,1.0,1,1.0,1,1.0,1,0.24878455835603105,74
3521,11,7562,2706,4856,0,0,0,1.0,1,1.0,1,1.0,1,0.1839647460200156,75
3522,0,7562,2706,4856,0,0,0,1.0,1,1.0,1,1.0,1,0.1839647460200156,75
3523,0,7562,2706,4856,0,0,0,1.0,1,1.0,1,1.0,1,0.1839647460200156,75
3524,1,7563,2707,4856,0,0,0,1.0,1,1.0,1,1.0,1,0.184807479156825,75
3525,0,7563,2707,4856,0,0,0,1.0,1,1.0,1,1.0,1,0.18828846157917403,75
3526,0,7563,2707,4856,0,0,0,1.0,1,1.0,1,1.0,1,0.1924647602847584,76
3527,2,7565,2709,4856,0,0,0,1.0,1,1.0,1,1.0,1,0.23796057896780234,77
3528,2,7567,2709,4858,0,0,0,1.0,1,1.0,1,1.0,1,0.24497475036004301,77
3529,2,7569,2710,4859,0,0,0,1.0,1,1.0,1,1.0,1,0.2646661776577956,78
3530,8,7577,2710,4867,0,0,0,1.0,1,1.0,1,1.0,1,0.23730034479191006,78
3531,6,7583,2711,4872,0,0,0,1.0,1,1.0,1,1.0,1,0.25984134024815014,79
3532,4,7587,2711,4876,0,0,0,1.0,1,1.0,1,1.0,1,0.28460667063542505,79
3533,7,7594,2712,4882,0,0,0,1.0,1,1.0,1,1.0,1,0.2724619801653927,79
3534,11,7605,2714,4891,0,0,0,1.0,1,1.0,1,1.0,1,0.28823474180294456,80
3535,11,7616,2715,4901,0,0,0,1.0,1,1.0,1,1.0,1,0.30910689771848826,81
3536,11,7627,2715,4912,0,0,0,1.0,1,1.0,1,1.0,1,0.29161662617253037,82
3537,9,7636,2715,4921,0,0,0,1.0,1,1.0,1,1.0,1,0.3107611680910573,82
3538,11,7647,2715,4932,0,0,0,1.0,1,1.0,1,1.0,1,0.3159114676358965,83
3539,9,7656,2715,4941,0,0,0,1.0,1,1.0,1,1.0,1,0.2981519858843882,83
3540,8,7664,2715,4949,0,0,0,1.0,1,1.0,1,1.0,1,0.3089870661509326,85
3541,10,7674,2715,4959,0,0,0,1.0,1,1.0,1,1.0,1,0.24754966683152013,85
3542,3,7677,2716,4961,0,0,0,1.0,1,1.0,1,1.0,1,0.2046923359632789,88
3543,1,7678,2717,4961,0,0,0,1.0,1,1.0,1,1.0,1,0.20112141765635608,87
3544,2,7680,2718,4962,0,0,0,1.0,1,1.0,1,1.0,1,0.2019949032332092,87
3545,2,7682,2719,4963,0,0,0,1.0,1,1.0,1,1.0,1,0.2078088542339659,85
3546,0,7682,2719,4963,0,0,0,1.0,1,1.0,1,1.0,1,0.2023831892278248,83
3547,1,7683,2719,4964,0,0,0,1.0,1,1.0,1,1.0,1,0.19398262165704744,82
3548,0,7683,2719,4964,0,0,0,1.0,1,1.0,1,1.0,1,0.19398262165704744,82
3549,0,7683,2719,4964,0,0,0,1.0,1,1.0,1,1.0,1,0.19661804049481835,81
3550,1,7684,2719,4965,0,0,0,1.0,1,1.0,1,1.0,1,0.19938577267965232,79
3551,2,7686,2721,4965,0,0,0,1.0,1,1.0,1,1.0,1,0.20008872147607734,80
3552,2,7688,2722,4966,0,0,0,1.0,1,1.0,1,1.0,1,0.19594259846095072,78
3553,1,7689,2723,4966,0,0,0,1.0,1,1.0,1,1.0,1,0.2060813504475905,79
3554,1,7690,2723,4967,0,0,0,1.0,1,1.0,1,1.0,1,0.20690455638840477,77
3555,1,7691,2724,4967,0,0,0,1.0,1,1.0,1,1.0,1,0.21724099647978712,77
3556,0,7691,2724,4967,0,0,0,1.0,1,1.0,1,1.0,1,0.22915113951732427,76
3557,1,7692,2724,4968,0,0,0,1.0,1,1.0,1,1.0,1,0.2272269375273339,76
3558,5,7697,2725,4972,0,0,0,1.0,1,1.0,1,1.0,1,0.20992441027608982,76
3559,0,7697,2725,4972,0,0,0,1.0,1,1.0,1,1.0,1,0.20992441027608982,76
3560,4,7701,2726,4975,0,0,0,1.0,1,1.0,1,1.0,1,0.2058729906523465,78
3561,4,7705,2727,4978,0,0,0,1.0,1,1.0,1,1.0,1,0.19103894054197598,79
3562,4,7709,2729,4980,0,0,0,1.0,1,1.0,1,1.0,1,0.20354068531303754,79
3563,2,7711,2730,4981,0,0,0,1.0,1,1.0,1,1.0,1,0.195789007945421,79
3564,4,7715,2731,4984,0,0,0,1.0,1,1.0,1,1.0,1,0.16332611145027853,80
3565,3,7718,2732,4986,0,0,0,1.0,1,1.0,1,1.0,1,0.16473594193679597,83
3566,2,7720,2733,4987,0,0,0,1.0,1,1.0,1,1.0,1,0.19302677109611519,84
3567,2,7722,2733,4989,0,0,0,1.0,1,1.0,1,1.0,1,0.18392258539822173,84
3568,3,7725,2734,4991,0,0,0,1.0,1,1.0,1,1.0,1,0.19268726351265944,84
3569,6,7731,2736,4995,0,0,0,1.0,1,1.0,1,1.0,1,0.21594935610893962,84
3570,15,7746,2739,5007,0,0,0,1.0,1,1.0,1,1.0,1,0.19788734282337578,87
3571,8,7754,2740,5014,0,0,0,1.0,1,1.0,1,1.0,1,0.20893027113309065,86
3572,8,7762,2742,5020,0,0,0,1.0,1,1.0,1,1.0,1,0.2223244879672803,87
3573,8,7770,2743,5027,0,0,0,1.0,1,1.0,1,1.0,1,0.2223188002865074,87
3574,4,7774,2743,5031,0,0,0,1.0,1,1.0,1,1.0,1,0.19891499809816762,88
3575,8,7782,2743,5039,0,0,0,1.0,1,1.0,1,1.0,1,0.1931961830607612,88
3576,3,7785,2744,5041,0,0,0,1.0,1,1.0,1,1.0,1,0.1984267089697822,90
3577,4,7789,2744,5045,0,0,0,1.0,1,1.0,1,1.0,1,0.16710686693789725,90
3578,3,7792,2744,5048,0,0,0,1.0,1,1.0,1,1.0,1,0.17896576201497874,91
3579,3,7795,2745,5050,0,0,0,1.0,1,1.0,1,1.0,1,0.16801721104612513,91
3580,1,7796,2745,5051,0,0,0,1.0,1,1.0,1,1.0,1,0.19490038279819297,91
3581,4,7800,2746,5054,0,0,0,1.0,1,1.0,1,1.0,1,0.1623382525385834,91
3582,4,7804,2748,5056,0,0,0,1.0,1,1.0,1,1.0,1,0.15844705190724703,92
3583,1,7805,2748,5057,0,0,0,1.0,1,1.0,1,1.0,1,0.1482227681849983,88
3584,3,7808,2750,5058,0,0,0,1.0,1,1.0,1,1.0,1,0.14424682792076307,87
3585,2,7810,2751,5059,0,0,0,1.0,1,1.0,1,1.0,1,0.16425046901539572,84
3586,4,7814,2755,5059,0,0,0,1.0,1,1.0,1,1.0,1,0.19215631067435526,83
3587,2,7816,2756,5060,0,0,0,1.0,1,1.0,1,1.0,1,0.16658724465605396,82
3588,4,7820,2760,5060,0,0,0,1.0,1,1.0,1,1.0,1,0.17666477909174758,81
3589,8,7828,2766,5062,0,0,0,1.0,1,1.0,1,1.0,1,0.17070939162755244,80
3590,2,7830,2767,5063,0,0,0,1.0,1,1.0,1,1.0,1,0.21095855239948977,78
3591,1,7831,2768,5063,0,0,0,1.0,1,1.0,1,1.0,1,0.22829067992500612,77
3592,1,7832,2769,5063,0,0,0,1.0,1,1.0,1,1.0,1,0.25631701747943714,75
3593,1,7833,2769,5064,0,0,0,1.0,1,1.0,1,1.0,1,0.2635728277218059,76
3594,2,7835,2771,5064,0,0,0,1.0,1,1.0,1,1.0,1,0.262464207247142,74
3595,0,7835,2771,5064,0,0,0,1.0,1,1.0,1,1.0,1,0.2567602893566257,74
3596,1,7836,2772,5064,0,0,0,1.0,1,1.0,1,1.0,1,0.2446058368138777,73
3597,3,7839,2774,5065,0,0,0,1.0,1,1.0,1,1.0,1,0.23696440371264937,73
3598,3,7842,2776,5066,0,0,0,1.0,1,1.0,1,1.0,1,0.2332487870585539,73
3599,1,7843,2776,5067,0,0,0,1.0,1,1.0,1,1.0,1,0.23440640472318855,73
3600,0,7843,2776,5067,0,0,0,1.0,1,1.0,1,1.0,1,0.23801746046434852,74
3601,11,7854,2779,5075,0,0,0,1.0,1,1.0,1,1.0,1,0.16811441924626697,75
3602,2,7856,2779,5077,0,0,0,1.0,1,1.0,1,1.0,1,0.11881405038534118,76
3603,2,7858,2781,5077,0,0,0,1.0,1,1.0,1,1.0,1,0.14311795329541424,77
3604,3,7861,2783,5078,0,0,0,1.0,1,1.0,1,1.0,1,0.1716675439004373,78
3605,1,7862,2784,5078,0,0,0,1.0,1,1.0,1,1.0,1,0.17433865242276997,77
3606,1,7863,2785,5078,0,0,0,1.0,1,1.0,1,1.0,1,0.18158687812417348,79
3607,1,7864,2786,5078,0,0,0,1.0,1,1.0,1,1.0,1,0.19085292890597014,79
3608,1,7865,2786,5079,0,0,0,1.0,1,1.0,1,1.0,1,0.19240544291156267,79
3609,2,7867,2786,5081,0,0,0,1.0,1,1.0,1,1.0,1,0.18747966091914672,79
3610,2,7869,2788,5081,0,0,0,1.0,1,1.0,1,1.0,1,0.1873569566091535,80
3611,5,7874,2789,5085,0,0,0,1.0,1,1.0,1,1.0,1,0.1726057408012243,80
3612,4,7878,2791,5087,0,0,0,1.0,1,1.0,1,1.0,1,0.1874854365925133,79
3613,4,7882,2793,5089,0,0,0,1.0,1,1.0,1,1.0,1,0.1826715558913295,79
3614,6,7888,2796,5092,0,0,0,1.0,1,1.0,1,1.0,1,0.19928662700901398,78
3615,1,7889,2796,5093,0,0,0,1.0,1,1.0,1,1.0,1,0.20334980604562375,79
3616,2,7891,2797,5094,0,0,0,1.0,1,1.0,1,1.0,1,0.20708430764512484,79
3617,4,7895,2798,5097,0,0,0,1.0,1,1.0,1,1.0,1,0.20833111533167795,80
3618,3,7898,2798,5100,0,0,0,1.0,1,1.0,1,1.0,1,0.22923986742580255,82
3619,3,7901,2799,5102,0,0,0,1.0,1,1.0,1,1.0,1,0.22316859368431408,82
3620,1,7902,2799,5103,0,0,0,1.0,1,1.0,1,1.0,1,0.2257119139082102,81
3621,9,7911,2799,5112,0,0,0,1.0,1,1.0,1,1.0,1,0.15022807792546136,83
3622,0,7911,2799,5112,0,0,0,1.0,1,1.0,1,1.0,1,0.1516257084839441,81
3623,2,7913,2801,5112,0,0,0,1.0,1,1.0,1,1.0,1,0.16718438104993896,81
3624,1,7914,2802,5112,0,0,0,1.0,1,1.0,1,1.0,1,0.17957072566247892,79
3625,3,7917,2804,5113,0,0,0,1.0,1,1.0,1,1.0,1,0.19778311263627749,80
3626,1,7918,2804,5114,0,0,0,1.0,1,1.0,1,1.0,1,0.18555665979424743,78
3627,5,7923,2806,5117,0,0,0,1.0,1,1.0,1,1.0,1,0.1728052734273751,78
3628,2,7925,2807,5118,0,0,0,1.0,1,1.0,1,1.0,1,0.14602043769073172,77
3629,1,7926,2808,5118,0,0,0,1.0,1,1.0,1,1.0,1,0.13429644618126446,76
3630,1,7927,2809,5118,0,0,0,1.0,1,1.0,1,1.0,1,0.14381838111980114,77
3631,0,7927,2809,5118,0,0,0,1.0,1,1.0,1,1.0,1,0.14549575064702228,75
3632,2,7929,2810,5119,0,0,0,1.0,1,1.0,1,1.0,1,0.1592993650200923,74
3633,3,7932,2811,5121,0,0,0,1.0,1,1.0,1,1.0,1,0.14821070048270601,75
3634,3,7935,2814,5121,0,0,0,1.0,1,1.0,1,1.0,1,0.1932762614744571,74
3635,2,7937,2815,5122,0,0,0,1.0,1,1.0,1,1.0,1,0.1980153932248711,74
3636,3,7940,2816,5124,0,0,0,1.0,1,1.0,1,1.0,1,0.1997327347662858,74
3637,2,7942,2816,5126,0,0,0,1.0,1,1.0,1,1.0,1,0.21089555450105582,74
3638,1,7943,2816,5127,0,0,0,1.0,1,1.0,1,1.0,1,0.21261407602846807,75
3639,3,7946,2819,5127,0,0,0,1.0,1,1.0,1,1.0,1,0.22648190842557,76
3640,1,7947,2819,5128,0,0,0,1.0,1,1.0,1,1.0,1,0.2208468904680238,76
3641,8,7955,2821,5134,0,0,0,1.0,1,1.0,1,1.0,1,0.20510647828673884,75
3642,3,7958,2823,5135,0,0,0,1.0,1,1.0,1,1.0,1,0.2282823336149133,75
3643,1,7959,2823,5136,0,0,0,1.0,1,1.0,1,1.0,1,0.21906636704442545,74
3644,0,7959,2823,5136,0,0,0,1.0,1,1.0,1,1.0,1,0.21906636704442545,74
3645,0,7959,2823,5136,0,0,0,1.0,1,1.0,1,1.0,1,0.21906636704442545,74
3646,0,7959,2823,5136,0,0,0,1.0,1,1.0,1,1.0,1,0.2076470217479254,75
3647,2,7961,2823,5138,0,0,0,1.0,1,1.0,1,1.0,1,0.18730929845032943,77
3648,6,7967,2823,5144,0,0,0,1.0,1,1.0,1,1.0,1,0.1493702217985867,78
3649,2,7969,2823,5146,0,0,0,1.0,1,1.0,1,1.0,1,0.15163752997722496,80
3650,1,7970,2824,5146,0,0,0,1.0,1,1.0,1,1.0,1,0.1761800848261513,81
3651,1,7971,2824,5147,0,0,0,1.0,1,1.0,1,1.0,1,0.17092173166002494,81
3652,2,7973,2825,5148,0,0,0,1.0,1,1.0,1,1.0,1,0.1855625166375782,83
3653,1,7974,2825,5149,0,0,0,1.0,1,1.0,1,1.0,1,0.1824266799163966,83
3654,0,7974,2825,5149,0,0,0,1.0,1,1.0,1,1.0,1,0.1824266799163966,83
3655,0,7974,2825,5149,0,0,0,1.0,1,1.0,1,1.0,1,0.17341061745311148,84
3656,3,7977,2825,5152,0,0,0,1.0,1,1.0,1,1.0,1,0.15102387149896235,85
3657,2,7979,2826,5153,0,0,0,1.0,1,1.0,1,1.0,1,0.1695833012311695,86
3658,4,7983,2827,5156,0,0,0,1.0,1,1.0,1,1.0,1,0.1745701987524738,87
3659,3,7986,2827,5159,0,0,0,1.0,1,1.0,1,1.0,1,0.1863582726741812,87
3660,2,7988,2827,5161,0,0,0,1.0,1,1.0,1,1.0,1,0.1668423313330095,86
3661,5,7993,2829,5164,0,0,0,1.0,1,1.0,1,1.0,1,0.16934618537513446,86
3662,1,7994,2829,5165,0,0,0,1.0,1,1.0,1,1.0,1,0.17152366855343132,83
3663,7,8001,2834,5167,0,0,0,1.0,1,1.0,1,1.0,1,0.2133739395038127,85
3664,1,8002,2835,5167,0,0,0,1.0,1,1.0,1,1.0,1,0.1914388735802672,82
3665,2,8004,2836,5168,0,0,0,1.0,1,1.0,1,1.0,1,0.18545507141030965,81
3666,1,8005,2837,5168,0,0,0,1.0,1,1.0,1,1.0,1,0.2017882447783536,79
3667,2,8007,2839,5168,0,0,0,1.0,1,1.0,1,1.0,1,0.20378877423782854,79
3668,2,8009,2841,5168,0,0,0,1.0,1,1.0,1,1.0,1,0.18856687113803572,77
3669,2,8011,2843,5168,0,0,0,1.0,1,1.0,1,1.0,1,0.18518529353346375,75
3670,3,8014,2846,5168,0,0,0,1.0,1,1.0,1,1.0,1,0.20690746469309843,76
3671,1,8015,2847,5168,0,0,0,1.0,1,1.0,1,1.0,1,0.19490750528466713,74
3672,1,8016,2848,5168,0,0,0,1.0,1,1.0,1,1.0,1,0.2035423784754302,75
3673,0,8016,2848,5168,0,0,0,1.0,1,1.0,1,1.0,1,0.2035423784754302,75
3674,2,8018,2850,5168,0,0,0,1.0,1,1.0,1,1.0,1,0.21739394054847608,75
3675,0,8018,2850,5168,0,0,0,1.0,1,1.0,1,1.0,1,0.21950310605968043,75
3676,1,8019,2851,5168,0,0,0,1.0,1,1.0,1,1.0,1,0.23216230390581152,75
3677,0,8019,2851,5168,0,0,0,1.0,1,1.0,1,1.0,1,0.22875762926633594,75
3678,2,8021,2851,5170,0,0,0,1.0,1,1.0,1,1.0,1,0.23115878103200546,77
3679,1,8022,2852,5170,0,0,0,1.0,1,1.0,1,1.0,1,0.2501665248195712,78
3680,2,8024,2852,5172,0,0,0,1.0,1,1.0,1,1.0,1,0.2431850817433652,80
3681,5,8029,2852,5177,0,0,0,1.0,1,1.0,1,1.0,1,0.20111206773175336,81
3682,1,8030,2852,5178,0,0,0,1.0,1,1.0,1,1.0,1,0.1815752017906413,81
3683,1,8031,2853,5178,0,0,0,1.0,1,1.0,1,1.0,1,0.19487855097911966,81
3684,0,8031,2853,5178,0,0,0,1.0,1,1.0,1,1.0,1,0.19487855097911966,81
3685,0,8031,2853,5178,0,0,0,1.0,1,1.0,1,1.0,1,0.19487855097911966,81
3686,0,8031,2853,5178,0,0,0,1.0,1,1.0,1,1.0,1,0.19487855097911966,81
3687,0,8031,2853,5178,0,0,0,1.0,1,1.0,1,1.0,1,0.18954949825293638,82
3688,0,8031,2853,5178,0,0,0,1.0,1,1.0,1,1.0,1,0.20270764550785425,84
3689,0,8031,2853,5178,0,0,0,1.0,1,1.0,1,1.0,1,0.20270764550785425,84
3690,1,8032,2854,5178,0,0,0,1.0,1,1.0,1,1.0,1,0.2067691972528063,85
3691,0,8032,2854,5178,0,0,0,1.0,1,1.0,1,1.0,1,0.2052105420637756,86
3692,1,8033,2854,5179,0,0,0,1.0,1,1.0,1,1.0,1,0.194127173879289,86
3693,1,8034,2854,5180,0,0,0,1.0,1,1.0,1,1.0,1,0.1961726647893944,86
3694,0,8034,2854,5180,0,0,0,1.0,1,1.0,1,1.0,1,0.1961726647893944,86
3695,3,8037,2857,5180,0,0,0,1.0,1,1.0,1,1.0,1,0.22828365077681922,86
3696,3,8040,2857,5183,0,0,0,1.0,1,1.0,1,1.0,1,0.1966858409556557,87
3697,0,8040,2857,5183,0,0,0,1.0,1,1.0,1,1.0,1,0.18742656854689455,85
3698,1,8041,2858,5183,0,0,0,1.0,1,1.0,1,1.0,1,0.18862477652179577,85
3699,2,8043,2859,5184,0,0,0,1.0,1,1.0,1,1.0,1,0.18224558861297996,85
3700,4,8047,2862,5185,0,0,0,1.0,1,1.0,1,1.0,1,0.18358741159005262,84
3701,4,8051,2862,5189,0,0,0,1.0,1,1.0,1,1.0,1,0.15651452816389835,85
3702,2,8053,2864,5189,0,0,0,1.0,1,1.0,1,1.0,1,0.18064115821607687,85
3703,1,8054,2864,5190,0,0,0,1.0,1,1.0,1,1.0,1,0.1741310698660088,85
3704,2,8056,2864,5192,0,0,0,1.0,1,1.0,1,1.0,1,0.17046816112725074,85
3705,0,8056,2864,5192,0,0,0,1.0,1,1.0,1,1.0,1,0.16129058508310196,86
3706,1,8057,2865,5192,0,0,0,1.0,1,1.0,1,1.0,1,0.1694269753982988,86
3707,1,8058,2866,5192,0,0,0,1.0,1,1.0,1,1.0,1,0.17591551825095564,85
3708,2,8060,2866,5194,0,0,0,1.0,1,1.0,1,1.0,1,0.178682231335892,84
3709,0,8060,2866,5194,0,0,0,1.0,1,1.0,1,1.0,1,0.1848702069250292,85
3710,0,8060,2866,5194,0,0,0,1.0,1,1.0,1,1.0,1,0.1738880692915637,84
3711,0,8060,2866,5194,0,0,0,1.0,1,1.0,1,1.0,1,0.1828925094623127,85
3712,1,8061,2867,5194,0,0,0,1.0,1,1.0,1,1.0,1,0.1780209746216846,85
3713,1,8062,2867,5195,0,0,0,1.0,1,1.0,1,1.0,1,0.17944329314855872,85
3714,3,8065,2868,5197,0,0,0,1.0,1,1.0,1,1.0,1,0.1969348751185177,85
3715,5,8070,2869,5201,0,0,0,1.0,1,1.0,1,1.0,1,0.19840928169671823,85
3716,4,8074,2871,5203,0,0,0,1.0,1,1.0,1,1.0,1,0.19127440800193776,84
3717,3,8077,2871,5206,0,0,0,1.0,1,1.0,1,1.0,1,0.20299096172696834,86
3718,3,8080,2871,5209,0,0,0,1.0,1,1.0,1,1.0,1,0.21933266261561568,85
3719,3,8083,2872,5211,0,0,0,1.0,1,1.0,1,1.0,1,0.2179097488229025,84
3720,5,8088,2872,5216,0,0,0,1.0,1,1.0,1,1.0,1,0.21156237082641416,84
3721,7,8095,2876,5219,0,0,0,1.0,1,1.0,1,1.0,1,0.197967978064869,85
3722,2,8097,2876,5221,0,0,0,1.0,1,1.0,1,1.0,1,0.18710040719209473,85
3723,1,8098,2877,5221,0,0,0,1.0,1,1.0,1,1.0,1,0.1993729813043077,85
3724,0,8098,2877,5221,0,0,0,1.0,1,1.0,1,1.0,1,0.19208425259279258,86
3725,2,8100,2879,5221,0,0,0,1.0,1,1.0,1,1.0,1,0.19035440229845452,86
3726,1,8101,2880,5221,0,0,0,1.0,1,1.0,1,1.0,1,0.19901188454666338,86
3727,0,8101,2880,5221,0,0,0,1.0,1,1.0,1,1.0,1,0.19901188454666338,86
3728,0,8101,2880,5221,0,0,0,1.0,1,1.0,1,1.0,1,0.19901188454666338,86
3729,0,8101,2880,5221,0,0,0,1.0,1,1.0,1,1.0,1,0.19901188454666338,86
3730,1,8102,2881,5221,0,0,0,1.0,1,1.0,1,1.0,1,0.21492816200356224,85
3731,0,8102,2881,5221,0,0,0,1.0,1,1.0,1,1.0,1,0.22517218719490364,86
3732,1,8103,2882,5221,0,0,0,1.0,1,1.0,1,1.0,1,0.2308873813868113,87
3733,0,8103,2882,5221,0,0,0,1.0,1,1.0,1,1.0,1,0.2308873813868113,87
3734,0,8103,2882,5221,0,0,0,1.0,1,1.0,1,1.0,1,0.2308873813868113,87
3735,5,8108,2883,5225,0,0,0,1.0,1,1.0,1,1.0,1,0.19292254482715074,86
3736,0,8108,2883,5225,0,0,0,1.0,1,1.0,1,1.0,1,0.18953327442038329,87
3737,2,8110,2885,5225,0,0,0,1.0,1,1.0,1,1.0,1,0.21920202190562782,87
3738,0,8110,2885,5225,0,0,0,1.0,1,1.0,1,1.0,1,0.22864963654168632,87
3739,2,8112,2886,5226,0,0,0,1.0,1,1.0,1,1.0,1,0.2109751856193818,88
3740,2,8114,2888,5226,0,0,0,1.0,1,1.0,1,1.0,1,0.23409961835319856,87
3741,4,8118,2888,5230,0,0,0,1.0,1,1.0,1,1.0,1,0.1998630092391769,87
3742,4,8122,2890,5232,0,0,0,1.0,1,1.0,1,1.0,1,0.1894329659377866,86
3743,1,8123,2891,5232,0,0,0,1.0,1,1.0,1,1.0,1,0.2081273688788213,84
3744,2,8125,2892,5233,0,0,0,1.0,1,1.0,1,1.0,1,0.2215940824770065,83
3745,1,8126,2892,5234,0,0,0,1.0,1,1.0,1,1.0,1,0.19964388904755528,83
3746,1,8127,2893,5234,0,0,0,1.0,1,1.0,1,1.0,1,0.22669395819088245,83
3747,1,8128,2894,5234,0,0,0,1.0,1,1.0,1,1.0,1,0.22098756902505995,81
3748,2,8130,2895,5235,0,0,0,1.0,1,1.0,1,1.0,1,0.21046952759519746,81
3749,3,8133,2896,5237,0,0,0,1.0,1,1.0,1,1.0,1,0.1950728270999861,80
3750,2,8135,2897,5238,0,0,0,1.0,1,1.0,1,1.0,1,0.18950577508048388,79
3751,4,8139,2901,5238,0,0,0,1.0,1,1.0,1,1.0,1,0.23042215250409914,80
3752,3,8142,2904,5238,0,0,0,1.0,1,1.0,1,1.0,1,0.23929425159741907,80
3753,4,8146,2907,5239,0,0,0,1.0,1,1.0,1,1.0,1,0.24959858727994075,81
3754,2,8148,2908,5240,0,0,0,1.0,1,1.0,1,1.0,1,0.25643136012335904,81
3755,1,8149,2908,5241,0,0,0,1.0,1,1.0,1,1.0,1,0.254939159930868,80
3756,2,8151,2910,5241,0,0,0,1.0,1,1.0,1,1.0,1,0.2549075347814498,79
3757,0,8151,2910,5241,0,0,0,1.0,1,1.0,1,1.0,1,0.260745038420679,80
3758,0,8151,2910,5241,0,0,0,1.0,1,1.0,1,1.0,1,0.268371457341992,79
3759,0,8151,2910,5241,0,0,0,1.0,1,1.0,1,1.0,1,0.268371457341992,79
3760,0,8151,2910,5241,0,0,0,1.0,1,1.0,1,1.0,1,0.268371457341992,79
3761,6,8157,2910,5247,0,0,0,1.0,1,1.0,1,1.0,1,0.2495665361110008,78
3762,4,8161,2910,5251,0,0,0,1.0,1,1.0,1,1.0,1,0.20960223749046714,80
3763,3,8164,2910,5254,0,0,0,1.0,1,1.0,1,1.0,1,0.22499433070528616,80
3764,3,8167,2912,5255,0,0,0,1.0,1,1.0,1,1.0,1,0.23997579980797074,80
3765,5,8172,2913,5259,0,0,0,1.0,1,1.0,1,1.0,1,0.2311312478196619,81
3766,4,8176,2914,5262,0,0,0,1.0,1,1.0,1,1.0,1,0.24368624960910445,83
3767,3,8179,2915,5264,0,0,0,1.0,1,1.0,1,1.0,1,0.23731904276805663,83
3768,6,8185,2915,5270,0,0,0,1.0,1,1.0,1,1.0,1,0.23690391862217833,84
3769,2,8187,2915,5272,0,0,0,1.0,1,1.0,1,1.0,1,0.22074387879883692,86
3770,4,8191,2915,5276,0,0,0,1.0,1,1.0,1,1.0,1,0.22108758388751207,87
3771,6,8197,2916,5281,0,0,0,1.0,1,1.0,1,1.0,1,0.22274227174618594,87
3772,7,8204,2916,5288,0,0,0,1.0,1,1.0,1,1.0,1,0.23749435922148923,88
3773,6,8210,2916,5294,0,0,0,1.0,1,1.0,1,1.0,1,0.252129499261509,85
3774,4,8214,2916,5298,0,0,0,1.0,1,1.0,1,1.0,1,0.25477185167691263,85
3775,12,8226,2917,5309,0,0,0,1.0,1,1.0,1,1.0,1,0.28467979632630813,83
3776,12,8238,2918,5320,0,0,0,1.0,1,1.0,1,1.0,1,0.2994011641374328,82
3777,11,8249,2919,5330,0,0,0,1.0,1,1.0,1,1.0,1,0.2944917616661424,81
3778,11,8260,2920,5340,0,0,0,1.0,1,1.0,1,1.0,1,0.2931776571902664,81
3779,6,8266,2923,5343,0,0,0,1.0,1,1.0,1,1.0,1,0.31931934439096654,80
3780,10,8276,2924,5352,0,0,0,1.0,1,1.0,1,1.0,1,0.30183917892402573,80
3781,9,8285,2924,5361,0,0,0,1.0,1,1.0,1,1.0,1,0.2235526022413938,80
3782,1,8286,2924,5362,0,0,0,1.0,1,1.0,1,1.0,1,0.21885800203720937,80
3783,3,8289,2925,5364,0,0,0,1.0,1,1.0,1,1.0,1,0.19087086540341303,80
3784,1,8290,2926,5364,0,0,0,1.0,1,1.0,1,1.0,1,0.19433774212011484,79
3785,4,8294,2927,5367,0,0,0,1.0,1,1.0,1,1.0,1,0.20188060738154873,77
3786,1,8295,2928,5367,0,0,0,1.0,1,1.0,1,1.0,1,0.19002508638015683,78
3787,0,8295,2928,5367,0,0,0,1.0,1,1.0,1,1.0,1,0.19190085007752783,77
3788,0,8295,2928,5367,0,0,0,1.0,1,1.0,1,1.0,1,0.19232728288913875,78
3789,2,8297,2929,5368,0,0,0,1.0,1,1.0,1,1.0,1,0.19605162295588918,77
3790,1,8298,2930,5368,0,0,0,1.0,1,1.0,1,1.0,1,0.21090366626494159,77
3791,1,8299,2931,5368,0,0,0,1.0,1,1.0,1,1.0,1,0.22347531032925624,77
3792,0,8299,2931,5368,0,0,0,1.0,1,1.0,1,1.0,1,0.2081436797409899,78
3793,3,8302,2933,5369,0,0,0,1.0,1,1.0,1,1.0,1,0.20262354009842,80
3794,1,8303,2933,5370,0,0,0,1.0,1,1.0,1,1.0,1,0.19413093670552983,82
3795,1,8304,2933,5371,0,0,0,1.0,1,1.0,1,1.0,1,0.18748756580101728,83
3796,0,8304,2933,5371,0,0,0,1.0,1,1.0,1,1.0,1,0.18748756580101728,83
3797,0,8304,2933,5371,0,0,0,1.0,1,1.0,1,1.0,1,0.19661087948711212,82
3798,1,8305,2934,5371,0,0,0,1.0,1,1.0,1,1.0,1,0.19645117998525355,82
3799,0,8305,2934,5371,0,0,0,1.0,1,1.0,1,1.0,1,0.20262260884350394,83
3800,1,8306,2935,5371,0,0,0,1.0,1,1.0,1,1.0,1,0.21865380092274853,83
3801,8,8314,2936,5378,0,0,0,1.0,1,1.0,1,1.0,1,0.17341822203189539,83
3802,0,8314,2936,5378,0,0,0,1.0,1,1.0,1,1.0,1,0.18841084536215463,82
3803,1,8315,2936,5379,0,0,0,1.0,1,1.0,1,1.0,1,0.18586667188295006,84
3804,0,8315,2936,5379,0,0,0,1.0,1,1.0,1,1.0,1,0.18586667188295006,84
3805,3,8318,2937,5381,0,0,0,1.0,1,1.0,1,1.0,1,0.20388415754515024,86
3806,3,8321,2939,5382,0,0,0,1.0,1,1.0,1,1.0,1,0.19399099389202026,86
3807,1,8322,2940,5382,0,0,0,1.0,1,1.0,1,1.0,1,0.2028649005386198,86
3808,1,8323,2941,5382,0,0,0,1.0,1,1.0,1,1.0,1,0.20247483262327948,85
3809,1,8324,2942,5382,0,0,0,1.0,1,1.0,1,1.0,1,0.21512217133701705,85
3810,0,8324,2942,5382,0,0,0,1.0,1,1.0,1,1.0,1,0.21512217133701705,85
3811,2,8326,2944,5382,0,0,0,1.0,1,1.0,1,1.0,1,0.22246794296900996,84
3812,0,8326,2944,5382,0,0,0,1.0,1,1.0,1,1.0,1,0.2173262445310824,83
3813,0,8326,2944,5382,0,0,0,1.0,1,1.0,1,1.0,1,0.1988980475640506,82
3814,2,8328,2946,5382,0,0,0,1.0,1,1.0,1,1.0,1,0.2196229122689457,81
3815,3,8331,2946,5385,0,0,0,1.0,1,1.0,1,1.0,1,0.18628301290034865,82
3816,2,8333,2947,5386,0,0,0,1.0,1,1.0,1,1.0,1,0.1813268112895015,81
3817,0,8333,2947,5386,0,0,0,1.0,1,1.0,1,1.0,1,0.1813268112895015,81
3818,1,8334,2948,5386,0,0,0,1.0,1,1.0,1,1.0,1,0.20571716003133128,81
3819,2,8336,2949,5387,0,0,0,1.0,1,1.0,1,1.0,1,0.22300203295486928,82
3820,2,8338,2950,5388,0,0,0,1.0,1,1.0,1,1.0,1,0.2136327042735254,84
3821,7,8345,2952,5393,0,0,0,1.0,1,1.0,1,1.0,1,0.23401295953004,84
3822,6,8351,2952,5399,0,0,0,1.0,1,1.0,1,1.0,1,0.17795040272025378,82
3823,2,8353,2954,5399,0,0,0,1.0,1,1.0,1,1.0,1,0.17336382015526955,81
3824,3,8356,2956,5400,0,0,0,1.0,1,1.0,1,1.0,1,0.1979758189088206,78
3825,1,8357,2956,5401,0,0,0,1.0,1,1.0,1,1.0,1,0.19770104371695338,76
3826,3,8360,2957,5403,0,0,0,1.0,1,1.0,1,1.0,1,0.22427860037941655,76
3827,1,8361,2958,5403,0,0,0,1.0,1,1.0,1,1.0,1,0.2355777176220734,75
3828,1,8362,2959,5403,0,0,0,1.0,1,1.0,1,1.0,1,0.2581154404870221,74
3829,3,8365,2959,5406,0,0,0,1.0,1,1.0,1,1.0,1,0.26452709802562197,74
3830,0,8365,2959,5406,0,0,0,1.0,1,1.0,1,1.0,1,0.26452709802562197,74
3831,3,8368,2961,5407,0,0,0,1.0,1,1.0,1,1.0,1,0.28293038029995177,74
3832,1,8369,2961,5408,0,0,0,1.0,1,1.0,1,1.0,1,0.28761529314171985,73
3833,7,8376,2964,5412,0,0,0,1.0,1,1.0,1,1.0,1,0.2727975301785164,73
3834,2,8378,2964,5414,0,0,0,1.0,1,1.0,1,1.0,1,0.2617287270955945,74
3835,3,8381,2966,5415,0,0,0,1.0,1,1.0,1,1.0,1,0.27827339521061034,75
3836,0,8381,2966,5415,0,0,0,1.0,1,1.0,1,1.0,1,0.2779192053273292,75
3837,3,8384,2967,5417,0,0,0,1.0,1,1.0,1,1.0,1,0.3114705083353712,78
3838,3,8387,2968,5419,0,0,0,1.0,1,1.0,1,1.0,1,0.3108406851802412,78
3839,2,8389,2968,5421,0,0,0,1.0,1,1.0,1,1.0,1,0.3176098490755331,79
3840,9,8398,2969,5429,0,0,0,1.0,1,1.0,1,1.0,1,0.3009806382750843,82
3841,10,8408,2969,5439,0,0,0,1.0,1,1.0,1,1.0,1,0.21067538973586672,82
3842,2,8410,2969,5441,0,0,0,1.0,1,1.0,1,1.0,1,0.20902090389335107,82
3843,2,8412,2969,5443,0,0,0,1.0,1,1.0,1,1.0,1,0.19339386053025168,82
3844,1,8413,2970,5443,0,0,0,1.0,1,1.0,1,1.0,1,0.19061816043695295,83
3845,1,8414,2970,5444,0,0,0,1.0,1,1.0,1,1.0,1,0.17548616337723172,84
3846,2,8416,2970,5446,0,0,0,1.0,1,1.0,1,1.0,1,0.16141041992826843,85
3847,2,8418,2970,5448,0,0,0,1.0,1,1.0,1,1.0,1,0.17064991478308625,84
3848,1,8419,2970,5449,0,0,0,1.0,1,1.0,1,1.0,1,0.17014713947661794,84
3849,3,8422,2970,5452,0,0,0,1.0,1,1.0,1,1.0,1,0.15618256146585152,83
3850,1,8423,2970,5453,0,0,0,1.0,1,1.0,1,1.0,1,0.17531932534905817,80
3851,2,8425,2970,5455,0,0,0,1.0,1,1.0,1,1.0,1,0.16389337647805827,80
3852,2,8427,2970,5457,0,0,0,1.0,1,1.0,1,1.0,1,0.17850770641036212,79
3853,1,8428,2971,5457,0,0,0,1.0,1,1.0,1,1.0,1,0.1912969032158165,79
3854,4,8432,2973,5459,0,0,0,1.0,1,1.0,1,1.0,1,0.204795017893608,78
3855,1,8433,2974,5459,0,0,0,1.0,1,1.0,1,1.0,1,0.2257993444759263,78
3856,1,8434,2975,5459,0,0,0,1.0,1,1.0,1,1.0,1,0.2308594920946634,80
3857,2,8436,2976,5460,0,0,0,1.0,1,1.0,1,1.0,1,0.22502756622965187,81
3858,1,8437,2977,5460,0,0,0,1.0,1,1.0,1,1.0,1,0.22887443867931265,81
3859,0,8437,2977,5460,0,0,0,1.0,1,1.0,1,1.0,1,0.2358801089424388,83
3860,1,8438,2978,5460,0,0,0,1.0,1,1.0,1,1.0,1,0.25303384658895184,82
3861,5,8443,2979,5464,0,0,0,1.0,1,1.0,1,1.0,1,0.24565948840197205,84
3862,7,8450,2982,5468,0,0,0,1.0,1,1.0,1,1.0,1,0.2508869008493614,85
3863,0,8450,2982,5468,0,0,0,1.0,1,1.0,1,1.0,1,0.24634771102704103,84
3864,1,8451,2983,5468,0,0,0,1.0,1,1.0,1,1.0,1,0.24831644413981838,83
3865,1,8452,2984,5468,0,0,0,1.0,1,1.0,1,1.0,1,0.250783853164432,82
3866,1,8453,2985,5468,0,0,0,1.0,1,1.0,1,1.0,1,0.2535894100971423,81
3867,2,8455,2987,5468,0,0,0,1.0,1,1.0,1,1.0,1,0.2531300334985674,81
3868,2,8457,2988,5469,0,0,0,1.0,1,1.0,1,1.0,1,0.27645126343819115,81
3869,3,8460,2991,5469,0,0,0,1.0,1,1.0,1,1.0,1,0.28592773750738293,81
3870,0,8460,2991,5469,0,0,0,1.0,1,1.0,1,1.0,1,0.2717782129816203,80
3871,6,8466,2993,5473,0,0,0,1.0,1,1.0,1,1.0,1,0.2505691863294996,82
3872,1,8467,2993,5474,0,0,0,1.0,1,1.0,1,1.0,1,0.24774263350221504,81
3873,0,8467,2993,5474,0,0,0,1.0,1,1.0,1,1.0,1,0.24774263350221504,81
3874,3,8470,2994,5476,0,0,0,1.0,1,1.0,1,1.0,1,0.23688166260778482,78
3875,0,8470,2994,5476,0,0,0,1.0,1,1.0,1,1.0,1,0.23696044209549635,77
3876,2,8472,2995,5477,0,0,0,1.0,1,1.0,1,1.0,1,0.22022823511372688,78
3877,1,8473,2995,5478,0,0,0,1.0,1,1.0,1,1.0,1,0.21617935640927358,75
3878,2,8475,2996,5479,0,0,0,1.0,1,1.0,1,1.0,1,0.2165756372560494,75
3879,0,8475,2996,5479,0,0,0,1.0,1,1.0,1,1.0,1,0.23397521047887926,73
3880,1,8476,2996,5480,0,0,0,1.0,1,1.0,1,1.0,1,0.22146765257550402,74
3881,4,8480,2997,5483,0,0,0,1.0,1,1.0,1,1.0,1,0.21684336020353842,75
3882,3,8483,2997,5486,0,0,0,1.0,1,1.0,1,1.0,1,0.1897084338537529,76
3883,0,8483,2997,5486,0,0,0,1.0,1,1.0,1,1.0,1,0.19291817079786536,77
3884,8,8491,2999,5492,0,0,0,1.0,1,1.0,1,1.0,1,0.16045555808296783,78
3885,3,8494,2999,5495,0,0,0,1.0,1,1.0,1,1.0,1,0.15505527028992136,78
3886,3,8497,2999,5498,0,0,0,1.0,1,1.0,1,1.0,1,0.15797339556767265,79
3887,6,8503,3000,5503,0,0,0,1.0,1,1.0,1,1.0,1,0.1437124271513012,78
3888,4,8507,3002,5505,0,0,0,1.0,1,1.0,1,1.0,1,0.18262496687988164,80
3889,4,8511,3002,5509,0,0,0,1.0,1,1.0,1,1.0,1,0.19203621293752793,82
3890,6,8517,3003,5514,0,0,0,1.0,1,1.0,1,1.0,1,0.19827933467507414,82
3891,10,8527,3004,5523,0,0,0,1.0,1,1.0,1,1.0,1,0.2100906446799698,85
3892,11,8538,3006,5532,0,0,0,1.0,1,1.0,1,1.0,1,0.22262273758375825,87
3893,12,8550,3006,5544,0,0,0,1.0,1,1.0,1,1.0,1,0.20016953598825973,86
3894,8,8558,3006,5552,0,0,0,1.0,1,1.0,1,1.0,1,0.21127602703085843,87
3895,8,8566,3007,5559,0,0,0,1.0,1,1.0,1,1.0,1,0.20919564440991179,87
3896,6,8572,3007,5565,0,0,0,1.0,1,1.0,1,1.0,1,0.2322510758329731,85
3897,4,8576,3007,5569,0,0,0,1.0,1,1.0,1,1.0,1,0.21932898255152802,85
3898,6,8582,3007,5575,0,0,0,1.0,1,1.0,1,1.0,1,0.22413806468255076,86
3899,2,8584,3007,5577,0,0,0,1.0,1,1.0,1,1.0,1,0.22413806468255076,86
3900,2,8586,3007,5579,0,0,0,1.0,1,1.0,1,1.0,1,0.21943239976784726,86
3901,4,8590,3007,5583,0,0,0,1.0,1,1.0,1,1.0,1,0.19475384858490669,86
3902,0,8590,3007,5583,0,0,0,1.0,1,1.0,1,1.0,1,0.19261472091444448,87
3903,1,8591,3007,5584,0,0,0,1.0,1,1.0,1,1.0,1,0.1791326319652669,87
3904,3,8594,3010,5584,0,0,0,1.0,1,1.0,1,1.0,1,0.21120986981247253,85
3905,2,8596,3011,5585,0,0,0,1.0,1,1.0,1,1.0,1,0.21145867380832223,84
3906,4,8600,3012,5588,0,0,0,1.0,1,1.0,1,1.0,1,0.20087124128603598,86
3907,3,8603,3014,5589,0,0,0,1.0,1,1.0,1,1.0,1,0.19284213449775983,84
3908,1,8604,3015,5589,0,0,0,1.0,1,1.0,1,1.0,1,0.19744114713271851,83
3909,0,8604,3015,5589,0,0,0,1.0,1,1.0,1,1.0,1,0.20322961027922462,81
3910,2,8606,3017,5589,0,0,0,1.0,1,1.0,1,1.0,1,0.212735952286268,82
3911,2,8608,3018,5590,0,0,0,1.0,1,1.0,1,1.0,1,0.2177437380964675,81
3912,1,8609,3018,5591,0,0,0,1.0,1,1.0,1,1.0,1,0.20690126327524108,80
3913,4,8613,3021,5592,0,0,0,1.0,1,1.0,1,1.0,1,0.2200853611067191,80
3914,6,8619,3023,5596,0,0,0,1.0,1,1.0,1,1.0,1,0.22624165739064286,81
3915,6,8625,3025,5600,0,0,0,1.0,1,1.0,1,1.0,1,0.21782412403713836,81
3916,3,8628,3026,5602,0,0,0,1.0,1,1.0,1,1.0,1,0.24468929343769225,81
3917,3,8631,3027,5604,0,0,0,1.0,1,1.0,1,1.0,1,0.24716577859868594,82
3918,6,8637,3029,5608,0,0,0,1.0,1,1.0,1,1.0,1,0.2607486787687435,85
3919,5,8642,3031,5611,0,0,0,1.0,1,1.0,1,1.0,1,0.27723985320076555,85
3920,6,8648,3032,5616,0,0,0,1.0,1,1.0,1,1.0,1,0.2639980947665867,85
3921,12,8660,3032,5628,0,0,0,1.0,1,1.0,1,1.0,1,0.19056853333748183,88
3922,1,8661,3032,5629,0,0,0,1.0,1,1.0,1,1.0,1,0.18569072220766902,88
3923,1,8662,3032,5630,0,0,0,1.0,1,1.0,1,1.0,1,0.17095245111541643,89
3924,1,8663,3032,5631,0,0,0,1.0,1,1.0,1,1.0,1,0.16842007727595001,90
3925,2,8665,3033,5632,0,0,0,1.0,1,1.0,1,1.0,1,0.1627784400837771,88
3926,3,8668,3033,5635,0,0,0,1.0,1,1.0,1,1.0,1,0.11211947875591873,89
3927,1,8669,3033,5636,0,0,0,1.0,1,1.0,1,1.0,1,0.12095682304412546,89
3928,1,8670,3033,5637,0,0,0,1.0,1,1.0,1,1.0,1,0.11902878003630095,88
3929,2,8672,3033,5639,0,0,0,1.0,1,1.0,1,1.0,1,0.11902878003630095,88
3930,2,8674,3033,5641,0,0,0,1.0,1,1.0,1,1.0,1,0.12280114166228126,87
3931,2,8676,3033,5643,0,0,0,1.0,1,1.0,1,1.0,1,0.1314944880864436,86
3932,3,8679,3034,5645,0,0,0,1.0,1,1.0,1,1.0,1,0.1331087613730673,85
3933,3,8682,3034,5648,0,0,0,1.0,1,1.0,1,1.0,1,0.14160408980812947,84
3934,5,8687,3035,5652,0,0,0,1.0,1,1.0,1,1.0,1,0.164907815739726,85
3935,7,8694,3037,5657,0,0,0,1.0,1,1.0,1,1.0,1,0.18319074309297204,84
3936,3,8697,3037,5660,0,0,0,1.0,1,1.0,1,1.0,1,0.1756890021279809,84
3937,3,8700,3037,5663,0,0,0,1.0,1,1.0,1,1.0,1,0.16868716975694067,82
3938,3,8703,3037,5666,0,0,0,1.0,1,1.0,1,1.0,1,0.159092796443001,82
3939,3,8706,3037,5669,0,0,0,1.0,1,1.0,1,1.0,1,0.17920542749666107,84
3940,3,8709,3037,5672,0,0,0,1.0,1,1.0,1,1.0,1,0.16284076836108152,84
3941,4,8713,3037,5676,0,0,0,1.0,1,1.0,1,1.0,1,0.11669344320898797,85
3942,1,8714,3038,5676,0,0,0,1.0,1,1.0,1,1.0,1,0.13028458332056808,85
3943,1,8715,3038,5677,0,0,0,1.0,1,1.0,1,1.0,1,0.12249209972906952,84
3944,3,8718,3040,5678,0,0,0,1.0,1,1.0,1,1.0,1,0.1766910327352573,83
3945,2,8720,3042,5678,0,0,0,1.0,1,1.0,1,1.0,1,0.17222546972736394,83
3946,3,8723,3044,5679,0,0,0,1.0,1,1.0,1,1.0,1,0.20543077802704568,83
3947,5,8728,3046,5682,0,0,0,1.0,1,1.0,1,1.0,1,0.17564566514547256,83
3948,2,8730,3047,5683,0,0,0,1.0,1,1.0,1,1.0,1,0.19442506776963253,84
3949,0,8730,3047,5683,0,0,0,1.0,1,1.0,1,1.0,1,0.20755828240404461,84
3950,3,8733,3049,5684,0,0,0,1.0,1,1.0,1,1.0,1,0.20723430727686154,86
3951,2,8735,3049,5686,0,0,0,1.0,1,1.0,1,1.0,1,0.197839543815518,87
3952,3,8738,3050,5688,0,0,0,1.0,1,1.0,1,1.0,1,0.19502198266052637,86
3953,2,8740,3052,5688,0,0,0,1.0,1,1.0,1,1.0,1,0.19809730551649224,86
3954,1,8741,3053,5688,0,0,0,1.0,1,1.0,1,1.0,1,0.18496485441495492,85
3955,1,8742,3054,5688,0,0,0,1.0,1,1.0,1,1.0,1,0.18820751803027608,85
3956,0,8742,3054,5688,0,0,0,1.0,1,1.0,1,1.0,1,0.19701137421831896,84
3957,2,8744,3055,5689,0,0,0,1.0,1,1.0,1,1.0,1,0.19405382766404253,85
3958,1,8745,3056,5689,0,0,0,1.0,1,1.0,1,1.0,1,0.19959837915836914,84
3959,0,8745,3056,5689,0,0,0,1.0,1,1.0,1,1.0,1,0.20992094560556734,83
3960,0,8745,3056,5689,0,0,0,1.0,1,1.0,1,1.0,1,0.21178212656298995,84
3961,5,8750,3057,5693,0,0,0,1.0,1,1.0,1,1.0,1,0.1858459314236439,83
3962,0,8750,3057,5693,0,0,0,1.0,1,1.0,1,1.0,1,0.16825134171876804,84
3963,2,8752,3058,5694,0,0,0,1.0,1,1.0,1,1.0,1,0.17694019162065674,81
3964,6,8758,3059,5699,0,0,0,1.0,1,1.0,1,1.0,1,0.1271408122937475,81
3965,2,8760,3059,5701,0,0,0,1.0,1,1.0,1,1.0,1,0.11154685933893542,81
3966,1,8761,3060,5701,0,0,0,1.0,1,1.0,1,1.0,1,0.1317545309784753,79
3967,1,8762,3060,5702,0,0,0,1.0,1,1.0,1,1.0,1,0.12597086079296801,81
3968,1,8763,3061,5702,0,0,0,1.0,1,1.0,1,1.0,1,0.13119231350348443,79
3969,5,8768,3065,5703,0,0,0,1.0,1,1.0,1,1.0,1,0.2000054387980298,79
3970,2,8770,3067,5703,0,0,0,1.0,1,1.0,1,1.0,1,0.2278802836995557,78
3971,0,8770,3067,5703,0,0,0,1.0,1,1.0,1,1.0,1,0.23892959828587845,77
3972,1,8771,3068,5703,0,0,0,1.0,1,1.0,1,1.0,1,0.2337825071749569,78
3973,0,8771,3068,5703,0,0,0,1.0,1,1.0,1,1.0,1,0.231902463066837,77
3974,0,8771,3068,5703,0,0,0,1.0,1,1.0,1,1.0,1,0.231902463066837,77
3975,2,8773,3070,5703,0,0,0,1.0,1,1.0,1,1.0,1,0.26678390137942176,76
3976,1,8774,3070,5704,0,0,0,1.0,1,1.0,1,1.0,1,0.26898729133285787,77
3977,0,8774,3070,5704,0,0,0,1.0,1,1.0,1,1.0,1,0.27123147952283055,78
3978,1,8775,3071,5704,0,0,0,1.0,1,1.0,1,1.0,1,0.2947996002967303,79
3979,3,8778,3072,5706,0,0,0,1.0,1,1.0,1,1.0,1,0.27996719548068566,79
3980,3,8781,3073,5708,0,0,0,1.0,1,1.0,1,1.0,1,0.2665862413531193,79
3981,10,8791,3075,5716,0,0,0,1.0,1,1.0,1,1.0,1,0.24802392524352804,83
3982,3,8794,3076,5718,0,0,0,1.0,1,1.0,1,1.0,1,0.2354783345216758,83
3983,1,8795,3077,5718,0,0,0,1.0,1,1.0,1,1.0,1,0.23304847727517733,82
3984,1,8796,3077,5719,0,0,0,1.0,1,1.0,1,1.0,1,0.22547586701960676,83
3985,4,8800,3080,5720,0,0,0,1.0,1,1.0,1,1.0,1,0.23240407948982142,84
3986,5,8805,3082,5723,0,0,0,1.0,1,1.0,1,1.0,1,0.242663487368888,83
3987,4,8809,3084,5725,0,0,0,1.0,1,1.0,1,1.0,1,0.2327620490970454,82
3988,4,8813,3084,5729,0,0,0,1.0,1,1.0,1,1.0,1,0.24121047918919977,83
3989,5,8818,3084,5734,0,0,0,1.0,1,1.0,1,1.0,1,0.2369697024828983,81
3990,4,8822,3084,5738,0,0,0,1.0,1,1.0,1,1.0,1,0.2369697024828983,81
3991,4,8826,3085,5741,0,0,0,1.0,1,1.0,1,1.0,1,0.2319786412102284,79
3992,4,8830,3085,5745,0,0,0,1.0,1,1.0,1,1.0,1,0.20150959463408363,81
3993,2,8832,3085,5747,0,0,0,1.0,1,1.0,1,1.0,1,0.20649623597697,80
3994,3,8835,3086,5749,0,0,0,1.0,1,1.0,1,1.0,1,0.20619923989931202,80
3995,3,8838,3088,5750,0,0,0,1.0,1,1.0,1,1.0,1,0.21476105779790308,81
3996,1,8839,3088,5751,0,0,0,1.0,1,1.0,1,1.0,1,0.24079281562569843,80
3997,5,8844,3089,5755,0,0,0,1.0,1,1.0,1,1.0,1,0.24509779809718915,81
3998,3,8847,3090,5757,0,0,0,1.0,1,1.0,1,1.0,1,0.23883145655488425,82
3999,2,8849,3090,5759,0,0,0,1.0,1,1.0,1,1.0,1,0.2248049584313153,82
4000,3,8852,3092,5760,0,0,0,1.0,1,1.0,1,1.0,1,0.24162582163358992,82
4001,7,8859,3093,5766,0,0,0,1.0,1,1.0,1,1.0,1,0.17088720361465182,81
4002,2,8861,3095,5766,0,0,0,1.0,1,1.0,1,1.0,1,0.19239288193331971,81
4003,2,8863,3095,5768,0,0,0,1.0,1,1.0,1,1.0,1,0.17952792072435828,81
4004,0,8863,3095,5768,0,0,0,1.0,1,1.0,1,1.0,1,0.17366144654460586,80
4005,3,8866,3097,5769,0,0,0,1.0,1,1.0,1,1.0,1,0.18744738619914597,78
4006,1,8867,3098,5769,0,0,0,1.0,1,1.0,1,1.0,1,0.17141447930393047,76
4007,3,8870,3099,5771,0,0,0,1.0,1,1.0,1,1.0,1,0.1860355274010936,75
4008,1,8871,3099,5772,0,0,0,1.0,1,1.0,1,1.0,1,0.1810532927897719,74
4009,2,8873,3100,5773,0,0,0,1.0,1,1.0,1,1.0,1,0.20007254051414589,75
4010,3,8876,3101,5775,0,0,0,1.0,1,1.0,1,1.0,1,0.195322155604797,75
4011,2,8878,3103,5775,0,0,0,1.0,1,1.0,1,1.0,1,0.18215676264855005,74
4012,1,8879,3104,5775,0,0,0,1.0,1,1.0,1,1.0,1,0.2031818130082506,74
4013,1,8880,3105,5775,0,0,0,1.0,1,1.0,1,1.0,1,0.23606085812441,74
4014,2,8882,3107,5775,0,0,0,1.0,1,1.0,1,1.0,1,0.27588739907561954,73
4015,1,8883,3107,5776,0,0,0,1.0,1,1.0,1,1.0,1,0.2716288063642847,74
4016,2,8885,3107,5778,0,0,0,1.0,1,1.0,1,1.0,1,0.29635732860521363,74
4017,8,8893,3109,5784,0,0,0,1.0,1,1.0,1,1.0,1,0.3133755479134832,78
4018,6,8899,3109,5790,0,0,0,1.0,1,1.0,1,1.0,1,0.30223721235885126,78
4019,6,8905,3110,5795,0,0,0,1.0,1,1.0,1,1.0,1,0.30346831337550073,78
4020,7,8912,3110,5802,0,0,0,1.0,1,1.0,1,1.0,1,0.30100379264113225,78
4021,10,8922,3110,5812,0,0,0,1.0,1,1.0,1,1.0,1,0.20252058571767853,78
4022,2,8924,3112,5812,0,0,0,1.0,1,1.0,1,1.0,1,0.23545238693946258,79
4023,0,8924,3112,5812,0,0,0,1.0,1,1.0,1,1.0,1,0.2346581385734879,78
4024,1,8925,3113,5812,0,0,0,1.0,1,1.0,1,1.0,1,0.2638710802892811,77
4025,6,8931,3114,5817,0,0,0,1.0,1,1.0,1,1.0,1,0.2602531176803615,76
4026,1,8932,3114,5818,0,0,0,1.0,1,1.0,1,1.0,1,0.25232234048934143,76
4027,5,8937,3117,5820,0,0,0,1.0,1,1.0,1,1.0,1,0.24131940292178755,75
4028,3,8940,3118,5822,0,0,0,1.0,1,1.0,1,1.0,1,0.21027471808806344,76
4029,0,8940,3118,5822,0,0,0,1.0,1,1.0,1,1.0,1,0.22430357363680128,75
4030,0,8940,3118,5822,0,0,0,1.0,1,1.0,1,1.0,1,0.23377824813808165,74
4031,3,8943,3120,5823,0,0,0,1.0,1,1.0,1,1.0,1,0.22821724687110423,73
4032,0,8943,3120,5823,0,0,0,1.0,1,1.0,1,1.0,1,0.24706425463525503,71
4033,1,8944,3121,5823,0,0,0,1.0,1,1.0,1,1.0,1,0.22695914735821926,73
4034,7,8951,3125,5826,0,0,0,1.0,1,1.0,1,1.0,1,0.2149171406200059,72
4035,1,8952,3126,5826,0,0,0,1.0,1,1.0,1,1.0,1,0.21425789441459872,71
4036,3,8955,3128,5827,0,0,0,1.0,1,1.0,1,1.0,1,0.19647647162217766,71
4037,2,8957,3129,5828,0,0,0,1.0,1,1.0,1,1.0,1,0.2113089161528635,70
4038,1,8958,3130,5828,0,0,0,1.0,1,1.0,1,1.0,1,0.22805128485134168,69
4039,1,8959,3130,5829,0,0,0,1.0,1,1.0,1,1.0,1,0.21674121154906817,68
4040,2,8961,3132,5829,0,0,0,1.0,1,1.0,1,1.0,1,0.2325257757383522,69
4041,7,8968,3133,5835,0,0,0,1.0,1,1.0,1,1.0,1,0.2103593604980959,67
4042,2,8970,3133,5837,0,0,0,1.0,1,1.0,1,1.0,1,0.23825675352889653,67
4043,1,8971,3134,5837,0,0,0,1.0,1,1.0,1,1.0,1,0.2680178495683315,66
4044,1,8972,3135,5837,0,0,0,1.0,1,1.0,1,1.0,1,0.28449353339139166,65
4045,2,8974,3135,5839,0,0,0,1.0,1,1.0,1,1.0,1,0.2846949152533791,66
4046,0,8974,3135,5839,0,0,0,1.0,1,1.0,1,1.0,1,0.30682306679981175,68
4047,0,8974,3135,5839,0,0,0,1.0,1,1.0,1,1.0,1,0.30682306679981175,68
4048,3,8977,3136,5841,0,0,0,1.0,1,1.0,1,1.0,1,0.3174990151607455,69
4049,1,8978,3136,5842,0,0,0,1.0,1,1.0,1,1.0,1,0.3132502795393342,69
4050,1,8979,3136,5843,0,0,0,1.0,1,1.0,1,1.0,1,0.32155446261735965,69
4051,2,8981,3136,5845,0,0,0,1.0,1,1.0,1,1.0,1,0.31936054889288007,69
4052,1,8982,3136,5846,0,0,0,1.0,1,1.0,1,1.0,1,0.317210444177724,69
4053,2,8984,3136,5848,0,0,0,1.0,1,1.0,1,1.0,1,0.317210444177724,69
4054,4,8988,3137,5851,0,0,0,1.0,1,1.0,1,1.0,1,0.3159447504145894,70
4055,2,8990,3137,5853,0,0,0,1.0,1,1.0,1,1.0,1,0.30261490612667213,70
4056,2,8992,3137,5855,0,0,0,1.0,1,1.0,1,1.0,1,0.2962214274096495,70
4057,5,8997,3137,5860,0,0,0,1.0,1,1.0,1,1.0,1,0.30855532796424934,71
4058,6,9003,3137,5866,0,0,0,1.0,1,1.0,1,1.0,1,0.2888427209277094,71
4059,6,9009,3138,5871,0,0,0,1.0,1,1.0,1,1.0,1,0.2812360537682936,72
4060,1,9010,3138,5872,0,0,0,1.0,1,1.0,1,1.0,1,0.29630181859584653,71
4061,7,9017,3139,5878,0,0,0,1.0,1,1.0,1,1.0,1,0.24673545095072436,72
4062,1,9018,3139,5879,0,0,0,1.0,1,1.0,1,1.0,1,0.2324467269490841,72
4063,1,9019,3139,5880,0,0,0,1.0,1,1.0,1,1.0,1,0.2312753343637793,72
4064,3,9022,3141,5881,0,0,0,1.0,1,1.0,1,1.0,1,0.23179837677882992,71
4065,3,9025,3142,5883,0,0,0,1.0,1,1.0,1,1.0,1,0.19485811679749004,70
4066,4,9029,3145,5884,0,0,0,1.0,1,1.0,1,1.0,1,0.21868043066031795,70
4067,1,9030,3146,5884,0,0,0,1.0,1,1.0,1,1.0,1,0.21164714209010385,68
4068,9,9039,3148,5891,0,0,0,1.0,1,1.0,1,1.0,1,0.16068451434275852,70
4069,0,9039,3148,5891,0,0,0,1.0,1,1.0,1,1.0,1,0.1528287175391248,68
4070,1,9040,3149,5891,0,0,0,1.0,1,1.0,1,1.0,1,0.1766918623667961,67
4071,1,9041,3149,5892,0,0,0,1.0,1,1.0,1,1.0,1,0.20400020691187942,68
4072,1,9042,3150,5892,0,0,0,1.0,1,1.0,1,1.0,1,0.2209722221461519,70
4073,3,9045,3152,5893,0,0,0,1.0,1,1.0,1,1.0,1,0.20170010436243566,70
4074,5,9050,3155,5895,0,0,0,1.0,1,1.0,1,1.0,1,0.2087337737484524,71
4075,5,9055,3157,5898,0,0,0,1.0,1,1.0,1,1.0,1,0.2148541050398829,72
4076,5,9060,3159,5901,0,0,0,1.0,1,1.0,1,1.0,1,0.2077725929607158,73
4077,1,9061,3160,5901,0,0,0,1.0,1,1.0,1,1.0,1,0.22154881137837293,72
4078,4,9065,3162,5903,0,0,0,1.0,1,1.0,1,1.0,1,0.21156831182517313,71
4079,2,9067,3164,5903,0,0,0,1.0,1,1.0,1,1.0,1,0.2264469039364912,69
4080,2,9069,3165,5904,0,0,0,1.0,1,1.0,1,1.0,1,0.2559732174759822,67
4081,8,9077,3165,5912,0,0,0,1.0,1,1.0,1,1.0,1,0.2107119553362357,66
4082,1,9078,3165,5913,0,0,0,1.0,1,1.0,1,1.0,1,0.22033241277427248,65
4083,1,9079,3166,5913,0,0,0,1.0,1,1.0,1,1.0,1,0.2277407060134925,64
4084,4,9083,3168,5915,0,0,0,1.0,1,1.0,1,1.0,1,0.26219993498702354,64
4085,3,9086,3169,5917,0,0,0,1.0,1,1.0,1,1.0,1,0.24442323983999803,65
4086,1,9087,3170,5917,0,0,0,1.0,1,1.0,1,1.0,1,0.23286567778327955,66
4087,2,9089,3171,5918,0,0,0,1.0,1,1.0,1,1.0,1,0.22276088834954283,66
4088,2,9091,3171,5920,0,0,0,1.0,1,1.0,1,1.0,1,0.24446310207843983,65
4089,3,9094,3171,5923,0,0,0,1.0,1,1.0,1,1.0,1,0.24909636769559895,65
4090,3,9097,3171,5926,0,0,0,1.0,1,1.0,1,1.0,1,0.2526049095651364,65
4091,1,9098,3171,5927,0,0,0,1.0,1,1.0,1,1.0,1,0.23361044338347564,65
4092,1,9099,3171,5928,0,0,0,1.0,1,1.0,1,1.0,1,0.2193934466372723,64
4093,1,9100,3171,5929,0,0,0,1.0,1,1.0,1,1.0,1,0.2078553479402276,66
4094,3,9103,3173,5930,0,0,0,1.0,1,1.0,1,1.0,1,0.24553721371607276,65
4095,5,9108,3176,5932,0,0,0,1.0,1,1.0,1,1.0,1,0.279589084820768,65
4096,7,9115,3178,5937,0,0,0,1.0,1,1.0,1,1.0,1,0.262144888962078,67
4097,5,9120,3179,5941,0,0,0,1.0,1,1.0,1,1.0,1,0.21652558233528071,67
4098,3,9123,3179,5944,0,0,0,1.0,1,1.0,1,1.0,1,0.21504644343156887,68
4099,1,9124,3179,5945,0,0,0,1.0,1,1.0,1,1.0,1,0.21763740720135966,69
4100,0,9124,3179,5945,0,0,0,1.0,1,1.0,1,1.0,1,0.21771009550617684,70
4101,8,9132,3179,5953,0,0,0,1.0,1,1.0,1,1.0,1,0.16067388613534714,71
4102,3,9135,3181,5954,0,0,0,1.0,1,1.0,1,1.0,1,0.16204055314744076,71
4103,1,9136,3181,5955,0,0,0,1.0,1,1.0,1,1.0,1,0.15778254234069639,71
4104,1,9137,3182,5955,0,0,0,1.0,1,1.0,1,1.0,1,0.19018736169997813,69
4105,0,9137,3182,5955,0,0,0,1.0,1,1.0,1,1.0,1,0.19265353031607851,67
4106,1,9138,3182,5956,0,0,0,1.0,1,1.0,1,1.0,1,0.18177201777445737,68
4107,2,9140,3182,5958,0,0,0,1.0,1,1.0,1,1.0,1,0.16929171687461347,70
4108,1,9141,3183,5958,0,0,0,1.0,1,1.0,1,1.0,1,0.16472611130063936,70
4109,1,9142,3184,5958,0,0,0,1.0,1,1.0,1,1.0,1,0.16210329635421142,69
4110,1,9143,3185,5958,0,0,0,1.0,1,1.0,1,1.0,1,0.16139978758795587,71
4111,1,9144,3185,5959,0,0,0,1.0,1,1.0,1,1.0,1,0.1404606736676819,70
4112,0,9144,3185,5959,0,0,0,1.0,1,1.0,1,1.0,1,0.15035765500589732,72
4113,0,9144,3185,5959,0,0,0,1.0,1,1.0,1,1.0,1,0.15035765500589732,72
4114,3,9147,3188,5959,0,0,0,1.0,1,1.0,1,1.0,1,0.2050821279231108,72
4115,1,9148,3189,5959,0,0,0,1.0,1,1.0,1,1.0,1,0.21911106781798342,70
4116,2,9150,3190,5960,0,0,0,1.0,1,1.0,1,1.0,1,0.2456908869734455,67
4117,0,9150,3190,5960,0,0,0,1.0,1,1.0,1,1.0,1,0.2550883530664319,67
4118,0,9150,3190,5960,0,0,0,1.0,1,1.0,1,1.0,1,0.27848139881752315,66
4119,3,9153,3192,5961,0,0,0,1.0,1,1.0,1,1.0,1,0.30687916991901726,67
4120,0,9153,3192,5961,0,0,0,1.0,1,1.0,1,1.0,1,0.3239343005032391,64
4121,10,9163,3194,5969,0,0,0,1.0,1,1.0,1,1.0,1,0.2909395554689064,63
4122,4,9167,3196,5971,0,0,0,1.0,1,1.0,1,1.0,1,0.2768055121190628,63
4123,1,9168,3197,5971,0,0,0,1.0,1,1.0,1,1.0,1,0.2646425077023718,61
4124,3,9171,3199,5972,0,0,0,1.0,1,1.0,1,1.0,1,0.28165702311278323,62
4125,0,9171,3199,5972,0,0,0,1.0,1,1.0,1,1.0,1,0.2728512291555483,60
4126,4,9175,3202,5973,0,0,0,1.0,1,1.0,1,1.0,1,0.30301731890073025,59
4127,6,9181,3204,5977,0,0,0,1.0,1,1.0,1,1.0,1,0.3028012692100311,60
4128,4,9185,3205,5980,0,0,0,1.0,1,1.0,1,1.0,1,0.2997196911472241,60
4129,0,9185,3205,5980,0,0,0,1.0,1,1.0,1,1.0,1,0.3131519474809025,60
4130,2,9187,3207,5980,0,0,0,1.0,1,1.0,1,1.0,1,0.32325081934059535,61
4131,2,9189,3207,5982,0,0,0,1.0,1,1.0,1,1.0,1,0.30662855675729006,60
4132,2,9191,3208,5983,0,0,0,1.0,1,1.0,1,1.0,1,0.2977322727725055,60
4133,1,9192,3209,5983,0,0,0,1.0,1,1.0,1,1.0,1,0.29949678929284484,62
4134,0,9192,3209,5983,0,0,0,1.0,1,1.0,1,1.0,1,0.28396200579981107,63
4135,5,9197,3211,5986,0,0,0,1.0,1,1.0,1,1.0,1,0.24264938814143466,65
4136,1,9198,3212,5986,0,0,0,1.0,1,1.0,1,1.0,1,0.25904278846229073,65
4137,2,9200,3214,5986,0,0,0,1.0,1,1.0,1,1.0,1,0.26788586490015953,66
4138,2,9202,3215,5987,0,0,0,1.0,1,1.0,1,1.0,1,0.2664161786463897,67
4139,7,9209,3217,5992,0,0,0,1.0,1,1.0,1,1.0,1,0.27861870240809117,67
4140,0,9209,3217,5992,0,0,0,1.0,1,1.0,1,1.0,1,0.272608000697965,66
4141,3,9212,3217,5995,0,0,0,1.0,1,1.0,1,1.0,1,0.23642211029803945,67
4142,2,9214,3218,5996,0,0,0,1.0,1,1.0,1,1.0,1,0.2280353520217976,67
4143,2,9216,3219,5997,0,0,0,1.0,1,1.0,1,1.0,1,0.20251708699377904,66
4144,1,9217,3220,5997,0,0,0,1.0,1,1.0,1,1.0,1,0.21721193098335037,64
4145,1,9218,3221,5997,0,0,0,1.0,1,1.0,1,1.0,1,0.2137729917566913,63
4146,4,9222,3223,5999,0,0,0,1.0,1,1.0,1,1.0,1,0.20583021736479845,62
4147,1,9223,3224,5999,0,0,0,1.0,1,1.0,1,1.0,1,0.21417513197010352,60
4148,3,9226,3225,6001,0,0,0,1.0,1,1.0,1,1.0,1,0.20055227291170968,62
4149,3,9229,3227,6002,0,0,0,1.0,1,1.0,1,1.0,1,0.18953012294642765,61
4150,2,9231,3229,6002,0,0,0,1.0,1,1.0,1,1.0,1,0.19093869836167807,60
4151,0,9231,3229,6002,0,0,0,1.0,1,1.0,1,1.0,1,0.20044980656258937,60
4152,2,9233,3231,6002,0,0,0,1.0,1,1.0,1,1.0,1,0.19665464269228727,60
4153,1,9234,3232,6002,0,0,0,1.0,1,1.0,1,1.0,1,0.2021664509704075,58
4154,0,9234,3232,6002,0,0,0,1.0,1,1.0,1,1.0,1,0.22555889172254387,57
4155,3,9237,3235,6002,0,0,0,1.0,1,1.0,1,1.0,1,0.26674883283809225,57
4156,4,9241,3238,6003,0,0,0,1.0,1,1.0,1,1.0,1,0.2987119501277572,58
4157,1,9242,3238,6004,0,0,0,1.0,1,1.0,1,1.0,1,0.2941250397578336,57
4158,0,9242,3238,6004,0,0,0,1.0,1,1.0,1,1.0,1,0.3335470279632028,55
4159,2,9244,3239,6005,0,0,0,1.0,1,1.0,1,1.0,1,0.3308792032251796,57
4160,2,9246,3240,6006,0,0,0,1.0,1,1.0,1,1.0,1,0.3300122457961914,58
4161,10,9256,3241,6015,0,0,0,1.0,1,1.0,1,1.0,1,0.22985467527018924,58
4162,3,9259,3241,6018,0,0,0,1.0,1,1.0,1,1.0,1,0.1950056743003252,57
4163,2,9261,3242,6019,0,0,0,1.0,1,1.0,1,1.0,1,0.2069148875156379,58
4164,3,9264,3244,6020,0,0,0,1.0,1,1.0,1,1.0,1,0.22955721474144528,56
4165,0,9264,3244,6020,0,0,0,1.0,1,1.0,1,1.0,1,0.2474798494942974,58
4166,0,9264,3244,6020,0,0,0,1.0,1,1.0,1,1.0,1,0.24366804658395777,57
4167,1,9265,3244,6021,0,0,0,1.0,1,1.0,1,1.0,1,0.26569214491698895,57
4168,5,9270,3244,6026,0,0,0,1.0,1,1.0,1,1.0,1,0.2553736253273907,58
4169,3,9273,3245,6028,0,0,0,1.0,1,1.0,1,1.0,1,0.245860206270873,58
4170,2,9275,3245,6030,0,0,0,1.0,1,1.0,1,1.0,1,0.27706353202885636,58
4171,2,9277,3245,6032,0,0,0,1.0,1,1.0,1,1.0,1,0.2942043970342042,57
4172,4,9281,3245,6036,0,0,0,1.0,1,1.0,1,1.0,1,0.2942043970342042,57
4173,2,9283,3245,6038,0,0,0,1.0,1,1.0,1,1.0,1,0.31754181724236924,56
4174,4,9287,3248,6039,0,0,0,1.0,1,1.0,1,1.0,1,0.30882284608331956,56
4175,2,9289,3249,6040,0,0,0,1.0,1,1.0,1,1.0,1,0.34097760459325266,55
4176,6,9295,3251,6044,0,0,0,1.0,1,1.0,1,1.0,1,0.30134092554815106,57
4177,2,9297,3252,6045,0,0,0,1.0,1,1.0,1,1.0,1,0.3155966806273932,58
4178,6,9303,3255,6048,0,0,0,1.0,1,1.0,1,1.0,1,0.29286906048196415,60
4179,2,9305,3256,6049,0,0,0,1.0,1,1.0,1,1.0,1,0.2890612870613358,61
4180,3,9308,3256,6052,0,0,0,1.0,1,1.0,1,1.0,1,0.28228095193880476,62
4181,5,9313,3257,6056,0,0,0,1.0,1,1.0,1,1.0,1,0.22803744003480927,63
4182,1,9314,3257,6057,0,0,0,1.0,1,1.0,1,1.0,1,0.21421017605710055,63
4183,0,9314,3257,6057,0,0,0,1.0,1,1.0,1,1.0,1,0.20649088451643532,63
4184,2,9316,3258,6058,0,0,0,1.0,1,1.0,1,1.0,1,0.2142232590668545,63
4185,1,9317,3258,6059,0,0,0,1.0,1,1.0,1,1.0,1,0.2078871005901958,61
4186,3,9320,3260,6060,0,0,0,1.0,1,1.0,1,1.0,1,0.19362162164069444,62
4187,2,9322,3262,6060,0,0,0,1.0,1,1.0,1,1.0,1,0.20945460326675766,60
4188,0,9322,3262,6060,0,0,0,1.0,1,1.0,1,1.0,1,0.22157670890348552,60
4189,1,9323,3263,6060,0,0,0,1.0,1,1.0,1,1.0,1,0.24516003634702677,60
4190,3,9326,3264,6062,0,0,0,1.0,1,1.0,1,1.0,1,0.2191010020890644,61
4191,0,9326,3264,6062,0,0,0,1.0,1,1.0,1,1.0,1,0.20235667478398278,59
4192,1,9327,3265,6062,0,0,0,1.0,1,1.0,1,1.0,1,0.2310436644585457,58
4193,2,9329,3267,6062,0,0,0,1.0,1,1.0,1,1.0,1,0.2618613089477192,57
4194,0,9329,3267,6062,0,0,0,1.0,1,1.0,1,1.0,1,0.29245866596359443,54
4195,2,9331,3268,6063,0,0,0,1.0,1,1.0,1,1.0,1,0.26358446057079454,55
4196,0,9331,3268,6063,0,0,0,1.0,1,1.0,1,1.0,1,0.2846221585826135,56
4197,0,9331,3268,6063,0,0,0,1.0,1,1.0,1,1.0,1,0.290603393874703,55
4198,1,9332,3269,6063,0,0,0,1.0,1,1.0,1,1.0,1,0.3066264311923936,56
4199,2,9334,3271,6063,0,0,0,1.0,1,1.0,1,1.0,1,0.32947088595707563,55
4200,0,9334,3271,6063,0,0,0,1.0,1,1.0,1,1.0,1,0.32944243277459984,55
4201,3,9337,3271,6066,0,0,0,1.0,1,1.0,1,1.0,1,0.2896319677369642,56
4202,0,9337,3271,6066,0,0,0,1.0,1,1.0,1,1.0,1,0.2896319677369642,56
4203,1,9338,3271,6067,0,0,0,1.0,1,1.0,1,1.0,1,0.29628080016803904,57
4204,1,9339,3271,6068,0,0,0,1.0,1,1.0,1,1.0,1,0.2840018307143697,57
4205,2,9341,3272,6069,0,0,0,1.0,1,1.0,1,1.0,1,0.2688570781842596,58
4206,3,9344,3273,6071,0,0,0,1.0,1,1.0,1,1.0,1,0.23509000414564832,58
4207,2,9346,3275,6071,0,0,0,1.0,1,1.0,1,1.0,1,0.23772793004680398,58
4208,2,9348,3276,6072,0,0,0,1.0,1,1.0,1,1.0,1,0.24079948512658195,60
4209,4,9352,3279,6073,0,0,0,1.0,1,1.0,1,1.0,1,0.25338487239378626,61
4210,2,9354,3280,6074,0,0,0,1.0,1,1.0,1,1.0,1,0.24716656984441113,62
4211,0,9354,3280,6074,0,0,0,1.0,1,1.0,1,1.0,1,0.24604149456473184,63
4212,1,9355,3280,6075,0,0,0,1.0,1,1.0,1,1.0,1,0.22445194660197282,64
4213,0,9355,3280,6075,0,0,0,1.0,1,1.0,1,1.0,1,0.21206028712237787,65
4214,0,9355,3280,6075,0,0,0,1.0,1,1.0,1,1.0,1,0.2195968973983649,65
4215,0,9355,3280,6075,0,0,0,1.0,1,1.0,1,1.0,1,0.2195968973983649,65
4216,0,9355,3280,6075,0,0,0,1.0,1,1.0,1,1.0,1,0.23100737783085437,64
4217,1,9356,3281,6075,0,0,0,1.0,1,1.0,1,1.0,1,0.23673992643884256,65
4218,1,9357,3281,6076,0,0,0,1.0,1,1.0,1,1.0,1,0.22659179013618447,65
4219,0,9357,3281,6076,0,0,0,1.0,1,1.0,1,1.0,1,0.22659179013618447,65
4220,3,9360,3283,6077,0,0,0,1.0,1,1.0,1,1.0,1,0.20161477522937635,65
4221,2,9362,3284,6078,0,0,0,1.0,1,1.0,1,1.0,1,0.21702866009870816,67
4222,3,9365,3286,6079,0,0,0,1.0,1,1.0,1,1.0,1,0.21615212613407075,68
4223,2,9367,3288,6079,0,0,0,1.0,1,1.0,1,1.0,1,0.23804885100421966,68
4224,0,9367,3288,6079,0,0,0,1.0,1,1.0,1,1.0,1,0.23815466128002707,68
4225,0,9367,3288,6079,0,0,0,1.0,1,1.0,1,1.0,1,0.23027924984707127,66
4226,1,9368,3289,6079,0,0,0,1.0,1,1.0,1,1.0,1,0.24533558582698853,66
4227,0,9368,3289,6079,0,0,0,1.0,1,1.0,1,1.0,1,0.24533558582698853,66
4228,0,9368,3289,6079,0,0,0,1.0,1,1.0,1,1.0,1,0.26403693113558047,65
4229,1,9369,3290,6079,0,0,0,1.0,1,1.0,1,1.0,1,0.27055304864182816,65
4230,1,9370,3291,6079,0,0,0,1.0,1,1.0,1,1.0,1,0.28263613627116163,64
4231,0,9370,3291,6079,0,0,0,1.0,1,1.0,1,1.0,1,0.2836223486024458,64
4232,3,9373,3292,6081,0,0,0,1.0,1,1.0,1,1.0,1,0.26771676944863704,65
4233,0,9373,3292,6081,0,0,0,1.0,1,1.0,1,1.0,1,0.26466092696717164,64
4234,2,9375,3294,6081,0,0,0,1.0,1,1.0,1,1.0,1,0.2617356275299534,63
4235,3,9378,3296,6082,0,0,0,1.0,1,1.0,1,1.0,1,0.2706560464079433,63
4236,0,9378,3296,6082,0,0,0,1.0,1,1.0,1,1.0,1,0.2706560464079433,63
4237,2,9380,3298,6082,0,0,0,1.0,1,1.0,1,1.0,1,0.31453933410146706,65
4238,1,9381,3298,6083,0,0,0,1.0,1,1.0,1,1.0,1,0.29583237187516404,65
4239,1,9382,3298,6084,0,0,0,1.0,1,1.0,1,1.0,1,0.2905674035293012,65
4240,1,9383,3299,6084,0,0,0,1.0,1,1.0,1,1.0,1,0.2746277867958317,66
4241,6,9389,3299,6090,0,0,0,1.0,1,1.0,1,1.0,1,0.2017035267186265,66
4242,3,9392,3300,6092,0,0,0,1.0,1,1.0,1,1.0,1,0.1817312768407756,69
4243,2,9394,3300,6094,0,0,0,1.0,1,1.0,1,1.0,1,0.19586184724536673,71
4244,1,9395,3300,6095,0,0,0,1.0,1,1.0,1,1.0,1,0.1903358150218225,71
4245,2,9397,3300,6097,0,0,0,1.0,1,1.0,1,1.0,1,0.17840548668052705,73
4246,1,9398,3300,6098,0,0,0,1.0,1,1.0,1,1.0,1,0.16720039833721953,74
4247,0,9398,3300,6098,0,0,0,1.0,1,1.0,1,1.0,1,0.16720039833721953,74
4248,0,9398,3300,6098,0,0,0,1.0,1,1.0,1,1.0,1,0.16720039833721953,74
4249,1,9399,3300,6099,0,0,0,1.0,1,1.0,1,1.0,1,0.16760518817211964,74
4250,0,9399,3300,6099,0,0,0,1.0,1,1.0,1,1.0,1,0.16760518817211964,74
4251,1,9400,3301,6099,0,0,0,1.0,1,1.0,1,1.0,1,0.16406133980008153,75
4252,5,9405,3304,6101,0,0,0,1.0,1,1.0,1,1.0,1,0.22973095121810877,75
4253,4,9409,3304,6105,0,0,0,1.0,1,1.0,1,1.0,1,0.21313120881582007,76
4254,5,9414,3306,6108,0,0,0,1.0,1,1.0,1,1.0,1,0.22832924963621126,75
4255,5,9419,3308,6111,0,0,0,1.0,1,1.0,1,1.0,1,0.24206549895458096,76
4256,6,9425,3308,6117,0,0,0,1.0,1,1.0,1,1.0,1,0.2132127629354042,78
4257,4,9429,3308,6121,0,0,0,1.0,1,1.0,1,1.0,1,0.2132127629354042,78
4258,7,9436,3310,6126,0,0,0,1.0,1,1.0,1,1.0,1,0.21767843042345164,77
4259,6,9442,3311,6131,0,0,0,1.0,1,1.0,1,1.0,1,0.23684800272282566,78
4260,8,9450,3311,6139,0,0,0,1.0,1,1.0,1,1.0,1,0.21897041462733968,77
4261,4,9454,3312,6142,0,0,0,1.0,1,1.0,1,1.0,1,0.18981746512135184,76
4262,3,9457,3312,6145,0,0,0,1.0,1,1.0,1,1.0,1,0.1747917791503356,75
4263,1,9458,3313,6145,0,0,0,1.0,1,1.0,1,1.0,1,0.1876099565732161,74
4264,0,9458,3313,6145,0,0,0,1.0,1,1.0,1,1.0,1,0.20581947070523343,74
4265,2,9460,3314,6146,0,0,0,1.0,1,1.0,1,1.0,1,0.21279570233458572,73
4266,0,9460,3314,6146,0,0,0,1.0,1,1.0,1,1.0,1,0.23837284121109506,71
4267,2,9462,3316,6146,0,0,0,1.0,1,1.0,1,1.0,1,0.2482561887894445,69
4268,1,9463,3317,6146,0,0,0,1.0,1,1.0,1,1.0,1,0.2757087301923144,67
4269,1,9464,3318,6146,0,0,0,1.0,1,1.0,1,1.0,1,0.2905352740863643,64
4270,2,9466,3320,6146,0,0,0,1.0,1,1.0,1,1.0,1,0.28341287035129875,63
4271,1,9467,3321,6146,0,0,0,1.0,1,1.0,1,1.0,1,0.2932356586051141,63
4272,1,9468,3322,6146,0,0,0,1.0,1,1.0,1,1.0,1,0.2961161377379367,62
4273,2,9470,3322,6148,0,0,0,1.0,1,1.0,1,1.0,1,0.28555060348607675,62
4274,1,9471,3322,6149,0,0,0,1.0,1,1.0,1,1.0,1,0.27470425233227774,62
4275,2,9473,3323,6150,0,0,0,1.0,1,1.0,1,1.0,1,0.2504462656742212,61
4276,0,9473,3323,6150,0,0,0,1.0,1,1.0,1,1.0,1,0.2534746292704108,62
4277,0,9473,3323,6150,0,0,0,1.0,1,1.0,1,1.0,1,0.2645276282555254,63
4278,3,9476,3325,6151,0,0,0,1.0,1,1.0,1,1.0,1,0.2616598139406795,64
4279,3,9479,3327,6152,0,0,0,1.0,1,1.0,1,1.0,1,0.28007752324885254,65
4280,3,9482,3329,6153,0,0,0,1.0,1,1.0,1,1.0,1,0.2877151321019757,65
4281,6,9488,3329,6159,0,0,0,1.0,1,1.0,1,1.0,1,0.21541023899661524,65
4282,5,9493,3332,6161,0,0,0,1.0,1,1.0,1,1.0,1,0.21178063484112628,66
4283,2,9495,3333,6162,0,0,0,1.0,1,1.0,1,1.0,1,0.22681615370044708,66
4284,2,9497,3334,6163,0,0,0,1.0,1,1.0,1,1.0,1,0.24070372611302218,66
4285,2,9499,3335,6164,0,0,0,1.0,1,1.0,1,1.0,1,0.23387617536830782,67
4286,4,9503,3336,6167,0,0,0,1.0,1,1.0,1,1.0,1,0.26829944710324155,67
4287,2,9505,3336,6169,0,0,0,1.0,1,1.0,1,1.0,1,0.27541157325307813,67
4288,4,9509,3338,6171,0,0,0,1.0,1,1.0,1,1.0,1,0.24455606066677793,68
4289,4,9513,3339,6174,0,0,0,1.0,1,1.0,1,1.0,1,0.25990898650435246,68
4290,2,9515,3340,6175,0,0,0,1.0,1,1.0,1,1.0,1,0.23742106447554887,70
4291,1,9516,3340,6176,0,0,0,1.0,1,1.0,1,1.0,1,0.23538520502323448,71
4292,2,9518,3340,6178,0,0,0,1.0,1,1.0,1,1.0,1,0.23538520502323448,71
4293,1,9519,3340,6179,0,0,0,1.0,1,1.0,1,1.0,1,0.2396197810444274,71
4294,1,9520,3341,6179,0,0,0,1.0,1,1.0,1,1.0,1,0.2283625237979669,71
4295,0,9520,3341,6179,0,0,0,1.0,1,1.0,1,1.0,1,0.2285625034169497,72
4296,2,9522,3342,6180,0,0,0,1.0,1,1.0,1,1.0,1,0.23428987547747518,73
4297,1,9523,3342,6181,0,0,0,1.0,1,1.0,1,1.0,1,0.24387192415235687,73
4298,1,9524,3343,6181,0,0,0,1.0,1,1.0,1,1.0,1,0.2667936644249841,74
4299,2,9526,3343,6183,0,0,0,1.0,1,1.0,1,1.0,1,0.24476218204977782,75
4300,1,9527,3343,6184,0,0,0,1.0,1,1.0,1,1.0,1,0.23135613716780357,75
4301,5,9532,3344,6188,0,0,0,1.0,1,1.0,1,1.0,1,0.19739635134369712,76
4302,0,9532,3344,6188,0,0,0,1.0,1,1.0,1,1.0,1,0.19739635134369712,76
4303,2,9534,3344,6190,0,0,0,1.0,1,1.0,1,1.0,1,0.1665357942920556,75
4304,1,9535,3345,6190,0,0,0,1.0,1,1.0,1,1.0,1,0.18351567806403352,75
4305,1,9536,3346,6190,0,0,0,1.0,1,1.0,1,1.0,1,0.20999627131485438,73
4306,4,9540,3348,6192,0,0,0,1.0,1,1.0,1,1.0,1,0.22479901935888158,74
4307,2,9542,3350,6192,0,0,0,1.0,1,1.0,1,1.0,1,0.2452044934896116,73
4308,0,9542,3350,6192,0,0,0,1.0,1,1.0,1,1.0,1,0.2569997975273353,71
4309,0,9542,3350,6192,0,0,0,1.0,1,1.0,1,1.0,1,0.26755331436150176,70
4310,0,9542,3350,6192,0,0,0,1.0,1,1.0,1,1.0,1,0.2631354739240062,69
4311,3,9545,3352,6193,0,0,0,1.0,1,1.0,1,1.0,1,0.26329892051106074,69
4312,5,9550,3357,6193,0,0,0,1.0,1,1.0,1,1.0,1,0.2793254957154877,66
4313,1,9551,3358,6193,0,0,0,1.0,1,1.0,1,1.0,1,0.2822419533912699,64
4314,2,9553,3359,6194,0,0,0,1.0,1,1.0,1,1.0,1,0.29554617389882337,61
4315,5,9558,3364,6194,0,0,0,1.0,1,1.0,1,1.0,1,0.27628995577636994,61
4316,3,9561,3367,6194,0,0,0,1.0,1,1.0,1,1.0,1,0.29393622120108875,60
4317,0,9561,3367,6194,0,0,0,1.0,1,1.0,1,1.0,1,0.28535870450121237,62
4318,2,9563,3368,6195,0,0,0,1.0,1,1.0,1,1.0,1,0.29852139927613686,59
4319,1,9564,3368,6196,0,0,0,1.0,1,1.0,1,1.0,1,0.2869247252357112,60
4320,0,9564,3368,6196,0,0,0,1.0,1,1.0,1,1.0,1,0.2869247252357112,60
4321,7,9571,3371,6200,0,0,0,1.0,1,1.0,1,1.0,1,0.25676773495210947,61
4322,4,9575,3372,6203,0,0,0,1.0,1,1.0,1,1.0,1,0.2550890508251889,61
4323,2,9577,3372,6205,0,0,0,1.0,1,1.0,1,1.0,1,0.2581254551466901,61
4324,1,9578,3372,6206,0,0,0,1.0,1,1.0,1,1.0,1,0.26024507477139214,60
4325,2,9580,3372,6208,0,0,0,1.0,1,1.0,1,1.0,1,0.2483699059591446,60
4326,4,9584,3373,6211,0,0,0,1.0,1,1.0,1,1.0,1,0.2519414691921721,61
4327,1,9585,3373,6212,0,0,0,1.0,1,1.0,1,1.0,1,0.26032013375867014,62
4328,2,9587,3373,6214,0,0,0,1.0,1,1.0,1,1.0,1,0.24526762775535016,62
4329,2,9589,3373,6216,0,0,0,1.0,1,1.0,1,1.0,1,0.24615247204149063,65
4330,2,9591,3373,6218,0,0,0,1.0,1,1.0,1,1.0,1,0.23172361544472855,65
4331,2,9593,3373,6220,0,0,0,1.0,1,1.0,1,1.0,1,0.23172361544472855,65
4332,3,9596,3374,6222,0,0,0,1.0,1,1.0,1,1.0,1,0.22537354385250594,66
4333,0,9596,3374,6222,0,0,0,1.0,1,1.0,1,1.0,1,0.22537354385250594,66
4334,2,9598,3375,6223,0,0,0,1.0,1,1.0,1,1.0,1,0.23449675680076698,66
4335,0,9598,3375,6223,0,0,0,1.0,1,1.0,1,1.0,1,0.2481947962828951,65
4336,6,9604,3377,6227,0,0,0,1.0,1,1.0,1,1.0,1,0.23896091546293224,67
4337,5,9609,3379,6230,0,0,0,1.0,1,1.0,1,1.0,1,0.28651648585511785,69
4338,4,9613,3379,6234,0,0,0,1.0,1,1.0,1,1.0,1,0.2548403846376797,70
4339,2,9615,3379,6236,0,0,0,1.0,1,1.0,1,1.0,1,0.28000592339193686,70
4340,3,9618,3379,6239,0,0,0,1.0,1,1.0,1,1.0,1,0.25344348306095005,71
4341,6,9624,3381,6243,0,0,0,1.0,1,1.0,1,1.0,1,0.23414957898566913,70
4342,2,9626,3381,6245,0,0,0,1.0,1,1.0,1,1.0,1,0.22788358281328586,71
4343,4,9630,3384,6246,0,0,0,1.0,1,1.0,1,1.0,1,0.254173192708779,67
4344,3,9633,3386,6247,0,0,0,1.0,1,1.0,1,1.0,1,0.26813054262723585,67
4345,4,9637,3389,6248,0,0,0,1.0,1,1.0,1,1.0,1,0.26944738007418395,64
4346,4,9641,3393,6248,0,0,0,1.0,1,1.0,1,1.0,1,0.2737999272897778,64
4347,1,9642,3394,6248,0,0,0,1.0,1,1.0,1,1.0,1,0.283132356729192,62
4348,3,9645,3397,6248,0,0,0,1.0,1,1.0,1,1.0,1,0.2788826337107219,62
4349,2,9647,3398,6249,0,0,0,1.0,1,1.0,1,1.0,1,0.3052101626174934,61
4350,3,9650,3401,6249,0,0,0,1.0,1,1.0,1,1.0,1,0.34249581779066895,60
4351,2,9652,3403,6249,0,0,0,1.0,1,1.0,1,1.0,1,0.361754204919056,60
4352,0,9652,3403,6249,0,0,0,1.0,1,1.0,1,1.0,1,0.3723519895962441,57
4353,1,9653,3404,6249,0,0,0,1.0,1,1.0,1,1.0,1,0.3669233309378505,55
4354,3,9656,3405,6251,0,0,0,1.0,1,1.0,1,1.0,1,0.33144562859664906,55
4355,1,9657,3405,6252,0,0,0,1.0,1,1.0,1,1.0,1,0.32936730683833243,53
4356,1,9658,3406,6252,0,0,0,1.0,1,1.0,1,1.0,1,0.3083076563861494,55
4357,0,9658,3406,6252,0,0,0,1.0,1,1.0,1,1.0,1,0.3304290985662501,55
4358,1,9659,3407,6252,0,0,0,1.0,1,1.0,1,1.0,1,0.34862626581397904,55
4359,0,9659,3407,6252,0,0,0,1.0,1,1.0,1,1.0,1,0.37118695711059063,54
4360,0,9659,3407,6252,0,0,0,1.0,1,1.0,1,1.0,1,0.3583010642429852,55
4361,14,9673,3408,6265,0,0,0,1.0,1,1.0,1,1.0,1,0.2285945804647744,54
4362,3,9676,3408,6268,0,0,0,1.0,1,1.0,1,1.0,1,0.1959723699472945,55
4363,7,9683,3409,6274,0,0,0,1.0,1,1.0,1,1.0,1,0.2089232343834319,55
4364,2,9685,3410,6275,0,0,0,1.0,1,1.0,1,1.0,1,0.21992316296968836,55
4365,4,9689,3411,6278,0,0,0,1.0,1,1.0,1,1.0,1,0.25490596061438703,54
4366,7,9696,3412,6284,0,0,0,1.0,1,1.0,1,1.0,1,0.254589262962596,54
4367,6,9702,3413,6289,0,0,0,1.0,1,1.0,1,1.0,1,0.2666921615595961,57
4368,3,9705,3413,6292,0,0,0,1.0,1,1.0,1,1.0,1,0.29523050146460456,57
4369,5,9710,3413,6297,0,0,0,1.0,1,1.0,1,1.0,1,0.290745757190621,58
4370,6,9716,3413,6303,0,0,0,1.0,1,1.0,1,1.0,1,0.29805000466949,59
4371,3,9719,3413,6306,0,0,0,1.0,1,1.0,1,1.0,1,0.3027130281752241,60
4372,4,9723,3414,6309,0,0,0,1.0,1,1.0,1,1.0,1,0.3107011192323777,60
4373,4,9727,3415,6312,0,0,0,1.0,1,1.0,1,1.0,1,0.31285958036932493,60
4374,4,9731,3415,6316,0,0,0,1.0,1,1.0,1,1.0,1,0.30769576189547043,59
4375,6,9737,3415,6322,0,0,0,1.0,1,1.0,1,1.0,1,0.31453853057991293,60
4376,7,9744,3415,6329,0,0,0,1.0,1,1.0,1,1.0,1,0.3412244109133729,60
4377,9,9753,3416,6337,0,0,0,1.0,1,1.0,1,1.0,1,0.3397860179838674,61
4378,4,9757,3416,6341,0,0,0,1.0,1,1.0,1,1.0,1,0.3333988522253256,64
4379,4,9761,3417,6344,0,0,0,1.0,1,1.0,1,1.0,1,0.32868429504168245,64
4380,6,9767,3418,6349,0,0,0,1.0,1,1.0,1,1.0,1,0.331612733152349,65
4381,5,9772,3418,6354,0,0,0,1.0,1,1.0,1,1.0,1,0.251246441269613,64
4382,1,9773,3419,6354,0,0,0,1.0,1,1.0,1,1.0,1,0.2710865962344257,64
4383,3,9776,3420,6356,0,0,0,1.0,1,1.0,1,1.0,1,0.2855249030560368,64
4384,3,9779,3422,6357,0,0,0,1.0,1,1.0,1,1.0,1,0.34575400301387416,60
4385,1,9780,3422,6358,0,0,0,1.0,1,1.0,1,1.0,1,0.3201510718114556,58
4386,1,9781,3423,6358,0,0,0,1.0,1,1.0,1,1.0,1,0.31985286571412097,58
4387,3,9784,3424,6360,0,0,0,1.0,1,1.0,1,1.0,1,0.2802603308683951,55
4388,4,9788,3426,6362,0,0,0,1.0,1,1.0,1,1.0,1,0.26589051391735186,56
4389,0,9788,3426,6362,0,0,0,1.0,1,1.0,1,1.0,1,0.2531069911176023,55
4390,0,9788,3426,6362,0,0,0,1.0,1,1.0,1,1.0,1,0.2531069911176023,55
4391,2,9790,3428,6362,0,0,0,1.0,1,1.0,1,1.0,1,0.24884809701565855,56
4392,0,9790,3428,6362,0,0,0,1.0,1,1.0,1,1.0,1,0.2567979121630669,56
4393,1,9791,3429,6362,0,0,0,1.0,1,1.0,1,1.0,1,0.29913338297225983,55
4394,1,9792,3430,6362,0,0,0,1.0,1,1.0,1,1.0,1,0.2856291196794662,53
4395,2,9794,3432,6362,0,0,0,1.0,1,1.0,1,1.0,1,0.3193416238729099,53
4396,4,9798,3436,6362,0,0,0,1.0,1,1.0,1,1.0,1,0.33253919871307885,53
4397,1,9799,3437,6362,0,0,0,1.0,1,1.0,1,1.0,1,0.36613000996874745,50
4398,0,9799,3437,6362,0,0,0,1.0,1,1.0,1,1.0,1,0.37406625814537214,50
4399,2,9801,3437,6364,0,0,0,1.0,1,1.0,1,1.0,1,0.34744804481165537,52
4400,2,9803,3438,6365,0,0,0,1.0,1,1.0,1,1.0,1,0.3440725105072913,55
4401,4,9807,3438,6369,0,0,0,1.0,1,1.0,1,1.0,1,0.2906611224014154,56
4402,0,9807,3438,6369,0,0,0,1.0,1,1.0,1,1.0,1,0.2906611224014154,56
4403,2,9809,3440,6369,0,0,0,1.0,1,1.0,1,1.0,1,0.31022880566864997,57
4404,3,9812,3441,6371,0,0,0,1.0,1,1.0,1,1.0,1,0.2837512411071254,57
4405,0,9812,3441,6371,0,0,0,1.0,1,1.0,1,1.0,1,0.27976556849876055,58
4406,1,9813,3441,6372,0,0,0,1.0,1,1.0,1,1.0,1,0.27322734858860354,58
4407,0,9813,3441,6372,0,0,0,1.0,1,1.0,1,1.0,1,0.27322734858860354,58
4408,0,9813,3441,6372,0,0,0,1.0,1,1.0,1,1.0,1,0.2752814339912053,59
4409,0,9813,3441,6372,0,0,0,1.0,1,1.0,1,1.0,1,0.2752814339912053,59
4410,0,9813,3441,6372,0,0,0,1.0,1,1.0,1,1.0,1,0.2752814339912053,59
4411,0,9813,3441,6372,0,0,0,1.0,1,1.0,1,1.0,1,0.258535457396863,62
4412,0,9813,3441,6372,0,0,0,1.0,1,1.0,1,1.0,1,0.253376977684925,63
4413,1,9814,3442,6372,0,0,0,1.0,1,1.0,1,1.0,1,0.26369502330962186,63
4414,2,9816,3442,6374,0,0,0,1.0,1,1.0,1,1.0,1,0.24670516915287197,64
4415,2,9818,3443,6375,0,0,0,1.0,1,1.0,1,1.0,1,0.24461151819666946,64
4416,0,9818,3443,6375,0,0,0,1.0,1,1.0,1,1.0,1,0.24461151819666946,64
4417,1,9819,3443,6376,0,0,0,1.0,1,1.0,1,1.0,1,0.24799411829225804,65
4418,3,9822,3444,6378,0,0,0,1.0,1,1.0,1,1.0,1,0.23993184342240098,65
4419,1,9823,3444,6379,0,0,0,1.0,1,1.0,1,1.0,1,0.29534048343270847,62
4420,0,9823,3444,6379,0,0,0,1.0,1,1.0,1,1.0,1,0.3051161572305485,62
4421,3,9826,3445,6381,0,0,0,1.0,1,1.0,1,1.0,1,0.2891168663012023,65
4422,2,9828,3447,6381,0,0,0,1.0,1,1.0,1,1.0,1,0.3081128569513789,64
4423,1,9829,3448,6381,0,0,0,1.0,1,1.0,1,1.0,1,0.31043591498298984,63
4424,2,9831,3449,6382,0,0,0,1.0,1,1.0,1,1.0,1,0.31632804497757333,63
4425,7,9838,3451,6387,0,0,0,1.0,1,1.0,1,1.0,1,0.2799418823909869,63
4426,4,9842,3453,6389,0,0,0,1.0,1,1.0,1,1.0,1,0.25413609755134914,63
4427,0,9842,3453,6389,0,0,0,1.0,1,1.0,1,1.0,1,0.24895875964883485,62
4428,0,9842,3453,6389,0,0,0,1.0,1,1.0,1,1.0,1,0.24349269645639257,61
4429,2,9844,3454,6390,0,0,0,1.0,1,1.0,1,1.0,1,0.2607831121658674,62
4430,3,9847,3455,6392,0,0,0,1.0,1,1.0,1,1.0,1,0.24799001512745847,60
4431,3,9850,3458,6392,0,0,0,1.0,1,1.0,1,1.0,1,0.2436361758076597,59
4432,5,9855,3459,6396,0,0,0,1.0,1,1.0,1,1.0,1,0.20113028744676614,60
4433,4,9859,3461,6398,0,0,0,1.0,1,1.0,1,1.0,1,0.21387605982909225,61
4434,2,9861,3462,6399,0,0,0,1.0,1,1.0,1,1.0,1,0.21080348981157795,61
4435,0,9861,3462,6399,0,0,0,1.0,1,1.0,1,1.0,1,0.21080348981157795,61
4436,0,9861,3462,6399,0,0,0,1.0,1,1.0,1,1.0,1,0.21080348981157795,61
4437,2,9863,3464,6399,0,0,0,1.0,1,1.0,1,1.0,1,0.2515684832146982,61
4438,1,9864,3464,6400,0,0,0,1.0,1,1.0,1,1.0,1,0.2601685681132102,62
4439,0,9864,3464,6400,0,0,0,1.0,1,1.0,1,1.0,1,0.2716595702189448,63
4440,4,9868,3466,6402,0,0,0,1.0,1,1.0,1,1.0,1,0.24054667458619083,64
4441,3,9871,3466,6405,0,0,0,1.0,1,1.0,1,1.0,1,0.21369839124079232,64
4442,4,9875,3469,6406,0,0,0,1.0,1,1.0,1,1.0,1,0.19090829631443404,67
4443,1,9876,3469,6407,0,0,0,1.0,1,1.0,1,1.0,1,0.18061648491914858,68
4444,1,9877,3470,6407,0,0,0,1.0,1,1.0,1,1.0,1,0.20522984804504743,69
4445,2,9879,3471,6408,0,0,0,1.0,1,1.0,1,1.0,1,0.2168936782041392,71
4446,6,9885,3472,6413,0,0,0,1.0,1,1.0,1,1.0,1,0.22805713331219285,71
4447,4,9889,3472,6417,0,0,0,1.0,1,1.0,1,1.0,1,0.2214306875758629,72
4448,2,9891,3472,6419,0,0,0,1.0,1,1.0,1,1.0,1,0.23252355518054407,71
4449,3,9894,3473,6421,0,0,0,1.0,1,1.0,1,1.0,1,0.24376674068437595,70
4450,1,9895,3473,6422,0,0,0,1.0,1,1.0,1,1.0,1,0.24338262678977993,69
4451,2,9897,3473,6424,0,0,0,1.0,1,1.0,1,1.0,1,0.24839157495065547,69
4452,2,9899,3473,6426,0,0,0,1.0,1,1.0,1,1.0,1,0.24626226030862855,70
4453,2,9901,3473,6428,0,0,0,1.0,1,1.0,1,1.0,1,0.2593735395222527,70
4454,5,9906,3474,6432,0,0,0,1.0,1,1.0,1,1.0,1,0.25829549992000356,71
4455,3,9909,3475,6434,0,0,0,1.0,1,1.0,1,1.0,1,0.29398499188822286,71
4456,4,9913,3477,6436,0,0,0,1.0,1,1.0,1,1.0,1,0.25841283985579255,71
4457,4,9917,3478,6439,0,0,0,1.0,1,1.0,1,1.0,1,0.319542735640361,69
4458,7,9924,3481,6443,0,0,0,1.0,1,1.0,1,1.0,1,0.28166500861713956,70
4459,1,9925,3482,6443,0,0,0,1.0,1,1.0,1,1.0,1,0.28190610818035877,68
4460,5,9930,3485,6445,0,0,0,1.0,1,1.0,1,1.0,1,0.2787311476315982,68
4461,7,9937,3485,6452,0,0,0,1.0,1,1.0,1,1.0,1,0.1806088747805182,67
4462,3,9940,3488,6452,0,0,0,1.0,1,1.0,1,1.0,1,0.1826473219807148,66
4463,2,9942,3489,6453,0,0,0,1.0,1,1.0,1,1.0,1,0.1942279795974778,65
4464,4,9946,3493,6453,0,0,0,1.0,1,1.0,1,1.0,1,0.23281125048415682,62
4465,2,9948,3495,6453,0,0,0,1.0,1,1.0,1,1.0,1,0.24948004796029769,61
4466,2,9950,3496,6454,0,0,0,1.0,1,1.0,1,1.0,1,0.26265065962598205,60
4467,3,9953,3498,6455,0,0,0,1.0,1,1.0,1,1.0,1,0.31082378562489593,58
4468,1,9954,3499,6455,0,0,0,1.0,1,1.0,1,1.0,1,0.27699267733530714,57
4469,1,9955,3500,6455,0,0,0,1.0,1,1.0,1,1.0,1,0.2807610712307211,56
4470,3,9958,3502,6456,0,0,0,1.0,1,1.0,1,1.0,1,0.2590203211247237,55
4471,2,9960,3503,6457,0,0,0,1.0,1,1.0,1,1.0,1,0.2572462113553096,55
4472,2,9962,3505,6457,0,0,0,1.0,1,1.0,1,1.0,1,0.2747897198097099,55
4473,1,9963,3506,6457,0,0,0,1.0,1,1.0,1,1.0,1,0.28641978675208984,55
4474,3,9966,3507,6459,0,0,0,1.0,1,1.0,1,1.0,1,0.2664109381329638,55
4475,2,9968,3507,6461,0,0,0,1.0,1,1.0,1,1.0,1,0.23516083721761796,56
4476,0,9968,3507,6461,0,0,0,1.0,1,1.0,1,1.0,1,0.23384194930962465,56
4477,0,9968,3507,6461,0,0,0,1.0,1,1.0,1,1.0,1,0.24423479938537254,57
4478,1,9969,3507,6462,0,0,0,1.0,1,1.0,1,1.0,1,0.24263629195391184,55
4479,1,9970,3508,6462,0,0,0,1.0,1,1.0,1,1.0,1,0.2553972082560383,55
4480,0,9970,3508,6462,0,0,0,1.0,1,1.0,1,1.0,1,0.26051034964283615,54
4481,8,9978,3508,6470,0,0,0,1.0,1,1.0,1,1.0,1,0.20629082665890575,53
4482,4,9982,3510,6472,0,0,0,1.0,1,1.0,1,1.0,1,0.18579525546396947,54
4483,0,9982,3510,6472,0,0,0,1.0,1,1.0,1,1.0,1,0.18628290553885546,55
4484,2,9984,3511,6473,0,0,0,1.0,1,1.0,1,1.0,1,0.16210189116655047,57
4485,4,9988,3513,6475,0,0,0,1.0,1,1.0,1,1.0,1,0.1860976270141902,60
4486,3,9991,3514,6477,0,0,0,1.0,1,1.0,1,1.0,1,0.18016957575382875,60
4487,0,9991,3514,6477,0,0,0,1.0,1,1.0,1,1.0,1,0.18016957575382875,60
4488,0,9991,3514,6477,0,0,0,1.0,1,1.0,1,1.0,1,0.18016957575382875,60
4489,1,9992,3515,6477,0,0,0,1.0,1,1.0,1,1.0,1,0.1836982701351836,60
4490,2,9994,3515,6479,0,0,0,1.0,1,1.0,1,1.0,1,0.1836982701351836,60
4491,3,9997,3515,6482,0,0,0,1.0,1,1.0,1,1.0,1,0.16588254404078182,61
4492,1,9998,3515,6483,0,0,0,1.0,1,1.0,1,1.0,1,0.16641263414746393,61
4493,1,9999,3516,6483,0,0,0,1.0,1,1.0,1,1.0,1,0.15706951800160204,60
4494,1,10000,3517,6483,0,0,0,1.0,1,1.0,1,1.0,1,0.1708936424597315,61
4495,1,10001,3518,6483,0,0,0,1.0,1,1.0,1,1.0,1,0.18970199947855387,59
4496,4,10005,3519,6486,0,0,0,1.0,1,1.0,1,1.0,1,0.20652571587445737,60
4497,5,10010,3520,6490,0,0,0,1.0,1,1.0,1,1.0,1,0.22977525026715914,59
4498,3,10013,3521,6492,0,0,0,1.0,1,1.0,1,1.0,1,0.24912429646009723,57
4499,5,10018,3523,6495,0,0,0,1.0,1,1.0,1,1.0,1,0.23760318625773666,58
4500,3,10021,3524,6497,0,0,0,1.0,1,1.0,1,1.0,1,0.21606648301383424,56
4501,3,10024,3525,6499,0,0,0,1.0,1,1.0,1,1.0,1,0.1952207217608695,57
4502,4,10028,3529,6499,0,0,0,1.0,1,1.0,1,1.0,1,0.21287987574531522,56
4503,2,10030,3531,6499,0,0,0,1.0,1,1.0,1,1.0,1,0.24761696888288684,54
4504,3,10033,3534,6499,0,0,0,1.0,1,1.0,1,1.0,1,0.27734241496828743,54
4505,1,10034,3535,6499,0,0,0,1.0,1,1.0,1,1.0,1,0.25330688692734693,51
4506,6,10040,3537,6503,0,0,0,1.0,1,1.0,1,1.0,1,0.21671643687650377,49
4507,2,10042,3538,6504,0,0,0,1.0,1,1.0,1,1.0,1,0.22755767819851472,48
4508,1,10043,3538,6505,0,0,0,1.0,1,1.0,1,1.0,1,0.2286597189022462,48
4509,4,10047,3542,6505,0,0,0,1.0,1,1.0,1,1.0,1,0.25307898419084923,46
4510,0,10047,3542,6505,0,0,0,1.0,1,1.0,1,1.0,1,0.27382336320131756,44
4511,3,10050,3543,6507,0,0,0,1.0,1,1.0,1,1.0,1,0.2933296012039522,45
4512,2,10052,3545,6507,0,0,0,1.0,1,1.0,1,1.0,1,0.30384454261548877,46
4513,1,10053,3546,6507,0,0,0,1.0,1,1.0,1,1.0,1,0.30153599793489305,45
4514,1,10054,3547,6507,0,0,0,1.0,1,1.0,1,1.0,1,0.25425019951249733,46
4515,1,10055,3547,6508,0,0,0,1.0,1,1.0,1,1.0,1,0.2540694278468437,48
4516,0,10055,3547,6508,0,0,0,1.0,1,1.0,1,1.0,1,0.237847560163176,49
4517,2,10057,3549,6508,0,0,0,1.0,1,1.0,1,1.0,1,0.24877274203590055,50
4518,1,10058,3550,6508,0,0,0,1.0,1,1.0,1,1.0,1,0.23493534656263096,50
4519,3,10061,3552,6509,0,0,0,1.0,1,1.0,1,1.0,1,0.24349108105938086,49
4520,0,10061,3552,6509,0,0,0,1.0,1,1.0,1,1.0,1,0.2473113721108288,50
4521,6,10067,3553,6514,0,0,0,1.0,1,1.0,1,1.0,1,0.1617778716069368,50
4522,1,10068,3553,6515,0,0,0,1.0,1,1.0,1,1.0,1,0.15694482322628223,50
4523,0,10068,3553,6515,0,0,0,1.0,1,1.0,1,1.0,1,0.16147494806182106,51
4524,1,10069,3554,6515,0,0,0,1.0,1,1.0,1,1.0,1,0.1780414473580654,52
4525,1,10070,3554,6516,0,0,0,1.0,1,1.0,1,1.0,1,0.15073835769800803,53
4526,0,10070,3554,6516,0,0,0,1.0,1,1.0,1,1.0,1,0.1420723535405244,54
4527,1,10071,3554,6517,0,0,0,1.0,1,1.0,1,1.0,1,0.14401310094276248,55
4528,0,10071,3554,6517,0,0,0,1.0,1,1.0,1,1.0,1,0.14401310094276248,55
4529,0,10071,3554,6517,0,0,0,1.0,1,1.0,1,1.0,1,0.16629033826989092,55
4530,1,10072,3554,6518,0,0,0,1.0,1,1.0,1,1.0,1,0.1657360540536612,56
4531,8,10080,3558,6522,0,0,0,1.0,1,1.0,1,1.0,1,0.21445307626315321,56
4532,5,10085,3560,6525,0,0,0,1.0,1,1.0,1,1.0,1,0.241135458370041,55
4533,5,10090,3561,6529,0,0,0,1.0,1,1.0,1,1.0,1,0.29318781398206945,54
4534,5,10095,3561,6534,0,0,0,1.0,1,1.0,1,1.0,1,0.2664557517909052,55
4535,3,10098,3561,6537,0,0,0,1.0,1,1.0,1,1.0,1,0.25705282001076313,52
4536,3,10101,3563,6538,0,0,0,1.0,1,1.0,1,1.0,1,0.23058490089450473,53
4537,2,10103,3564,6539,0,0,0,1.0,1,1.0,1,1.0,1,0.24329567510203978,52
4538,2,10105,3565,6540,0,0,0,1.0,1,1.0,1,1.0,1,0.25741441996653414,52
4539,3,10108,3567,6541,0,0,0,1.0,1,1.0,1,1.0,1,0.28575438887845617,53
4540,3,10111,3568,6543,0,0,0,1.0,1,1.0,1,1.0,1,0.3075411953606267,54
4541,9,10120,3568,6552,0,0,0,1.0,1,1.0,1,1.0,1,0.20710333033267736,53
4542,6,10126,3571,6555,0,0,0,1.0,1,1.0,1,1.0,1,0.2538968344799051,53
4543,5,10131,3572,6559,0,0,0,1.0,1,1.0,1,1.0,1,0.27134155460479653,53
4544,1,10132,3572,6560,0,0,0,1.0,1,1.0,1,1.0,1,0.2690332596425898,52
4545,1,10133,3572,6561,0,0,0,1.0,1,1.0,1,1.0,1,0.25008761906130433,50
4546,2,10135,3573,6562,0,0,0,1.0,1,1.0,1,1.0,1,0.2067642689468318,49
4547,1,10136,3574,6562,0,0,0,1.0,1,1.0,1,1.0,1,0.22027592613208205,49
4548,1,10137,3575,6562,0,0,0,1.0,1,1.0,1,1.0,1,0.24245374869094813,49
4549,0,10137,3575,6562,0,0,0,1.0,1,1.0,1,1.0,1,0.23877465394754088,50
4550,3,10140,3576,6564,0,0,0,1.0,1,1.0,1,1.0,1,0.26011097709013453,49
4551,1,10141,3576,6565,0,0,0,1.0,1,1.0,1,1.0,1,0.25940612523906875,49
4552,0,10141,3576,6565,0,0,0,1.0,1,1.0,1,1.0,1,0.25940612523906875,49
4553,3,10144,3578,6566,0,0,0,1.0,1,1.0,1,1.0,1,0.3493060344870211,49
4554,5,10149,3579,6570,0,0,0,1.0,1,1.0,1,1.0,1,0.3723433174719275,49
4555,3,10152,3580,6572,0,0,0,1.0,1,1.0,1,1.0,1,0.36033562505741795,48
4556,2,10154,3581,6573,0,0,0,1.0,1,1.0,1,1.0,1,0.33759727165842107,48
4557,4,10158,3581,6577,0,0,0,1.0,1,1.0,1,1.0,1,0.3405532350982652,49
4558,3,10161,3582,6579,0,0,0,1.0,1,1.0,1,1.0,1,0.2910247778914078,49
4559,3,10164,3583,6581,0,0,0,1.0,1,1.0,1,1.0,1,0.304417015122506,50
4560,5,10169,3583,6586,0,0,0,1.0,1,1.0,1,1.0,1,0.29669103748908454,51
4561,7,10176,3583,6593,0,0,0,1.0,1,1.0,1,1.0,1,0.1871453970992451,52
4562,0,10176,3583,6593,0,0,0,1.0,1,1.0,1,1.0,1,0.19005927782390108,53
4563,0,10176,3583,6593,0,0,0,1.0,1,1.0,1,1.0,1,0.18059893337355415,52
4564,0,10176,3583,6593,0,0,0,1.0,1,1.0,1,1.0,1,0.18355273699413008,54
4565,2,10178,3584,6594,0,0,0,1.0,1,1.0,1,1.0,1,0.20134051901125463,55
4566,2,10180,3584,6596,0,0,0,1.0,1,1.0,1,1.0,1,0.1946155387283842,55
4567,1,10181,3585,6596,0,0,0,1.0,1,1.0,1,1.0,1,0.1729110169462244,56
4568,2,10183,3587,6596,0,0,0,1.0,1,1.0,1,1.0,1,0.19653789461279855,58
4569,2,10185,3587,6598,0,0,0,1.0,1,1.0,1,1.0,1,0.18954307966656342,59
4570,2,10187,3588,6599,0,0,0,1.0,1,1.0,1,1.0,1,0.17231332950040784,59
4571,1,10188,3588,6600,0,0,0,1.0,1,1.0,1,1.0,1,0.16043220387359303,57
4572,2,10190,3590,6600,0,0,0,1.0,1,1.0,1,1.0,1,0.193572025828845,56
4573,1,10191,3590,6601,0,0,0,1.0,1,1.0,1,1.0,1,0.1841678318006335,56
4574,1,10192,3590,6602,0,0,0,1.0,1,1.0,1,1.0,1,0.2359950168460865,55
4575,2,10194,3590,6604,0,0,0,1.0,1,1.0,1,1.0,1,0.22442984737582453,55
4576,1,10195,3590,6605,0,0,0,1.0,1,1.0,1,1.0,1,0.2450890164762287,55
4577,3,10198,3591,6607,0,0,0,1.0,1,1.0,1,1.0,1,0.27229922271561,54
4578,2,10200,3591,6609,0,0,0,1.0,1,1.0,1,1.0,1,0.26178800160762505,54
4579,2,10202,3592,6610,0,0,0,1.0,1,1.0,1,1.0,1,0.2592295946183665,54
4580,1,10203,3592,6611,0,0,0,1.0,1,1.0,1,1.0,1,0.2441568301828492,55
4581,4,10207,3594,6613,0,0,0,1.0,1,1.0,1,1.0,1,0.26669657323832296,56
4582,0,10207,3594,6613,0,0,0,1.0,1,1.0,1,1.0,1,0.26669657323832296,56
4583,0,10207,3594,6613,0,0,0,1.0,1,1.0,1,1.0,1,0.2622354205363539,57
4584,1,10208,3595,6613,0,0,0,1.0,1,1.0,1,1.0,1,0.27714309877375337,57
4585,0,10208,3595,6613,0,0,0,1.0,1,1.0,1,1.0,1,0.27714309877375337,57
4586,0,10208,3595,6613,0,0,0,1.0,1,1.0,1,1.0,1,0.27714309877375337,57
4587,0,10208,3595,6613,0,0,0,1.0,1,1.0,1,1.0,1,0.27714309877375337,57
4588,0,10208,3595,6613,0,0,0,1.0,1,1.0,1,1.0,1,0.2813542460228791,58
4589,0,10208,3595,6613,0,0,0,1.0,1,1.0,1,1.0,1,0.28536820556402015,59
4590,1,10209,3595,6614,0,0,0,1.0,1,1.0,1,1.0,1,0.28078703277851735,60
4591,0,10209,3595,6614,0,0,0,1.0,1,1.0,1,1.0,1,0.28725068355319516,61
4592,1,10210,3595,6615,0,0,0,1.0,1,1.0,1,1.0,1,0.2869087865210719,62
4593,2,10212,3596,6616,0,0,0,1.0,1,1.0,1,1.0,1,0.30134251361319214,64
4594,2,10214,3596,6618,0,0,0,1.0,1,1.0,1,1.0,1,0.27640566986047216,64
4595,4,10218,3597,6621,0,0,0,1.0,1,1.0,1,1.0,1,0.24404384019936287,63
4596,2,10220,3597,6623,0,0,0,1.0,1,1.0,1,1.0,1,0.24404384019936287,63
4597,4,10224,3599,6625,0,0,0,1.0,1,1.0,1,1.0,1,0.22162609865146374,63
4598,3,10227,3600,6627,0,0,0,1.0,1,1.0,1,1.0,1,0.20881597967552473,65
4599,3,10230,3601,6629,0,0,0,1.0,1,1.0,1,1.0,1,0.20096286610071687,66
4600,3,10233,3602,6631,0,0,0,1.0,1,1.0,1,1.0,1,0.22340280064660387,67
4601,4,10237,3602,6635,0,0,0,1.0,1,1.0,1,1.0,1,0.1754743771906669,67
4602,2,10239,3602,6637,0,0,0,1.0,1,1.0,1,1.0,1,0.15498386961067737,69
4603,1,10240,3603,6637,0,0,0,1.0,1,1.0,1,1.0,1,0.17255653743569332,69
4604,2,10242,3604,6638,0,0,0,1.0,1,1.0,1,1.0,1,0.15847431772760326,69
4605,0,10242,3604,6638,0,0,0,1.0,1,1.0,1,1.0,1,0.16192745422547106,70
4606,0,10242,3604,6638,0,0,0,1.0,1,1.0,1,1.0,1,0.16192745422547106,70
4607,1,10243,3604,6639,0,0,0,1.0,1,1.0,1,1.0,1,0.16346824486470302,72
4608,1,10244,3604,6640,0,0,0,1.0,1,1.0,1,1.0,1,0.1558780413692814,73
4609,1,10245,3605,6640,0,0,0,1.0,1,1.0,1,1.0,1,0.1710999890931347,72
4610,2,10247,3605,6642,0,0,0,1.0,1,1.0,1,1.0,1,0.1598331584872825,72
4611,0,10247,3605,6642,0,0,0,1.0,1,1.0,1,1.0,1,0.17504855235153227,71
4612,2,10249,3607,6642,0,0,0,1.0,1,1.0,1,1.0,1,0.21933757995278652,70
4613,0,10249,3607,6642,0,0,0,1.0,1,1.0,1,1.0,1,0.2102760766028933,69
4614,2,10251,3607,6644,0,0,0,1.0,1,1.0,1,1.0,1,0.19412530637814887,68
4615,2,10253,3608,6645,0,0,0,1.0,1,1.0,1,1.0,1,0.1935534922994307,68
4616,0,10253,3608,6645,0,0,0,1.0,1,1.0,1,1.0,1,0.2267212296170816,65
4617,2,10255,3610,6645,0,0,0,1.0,1,1.0,1,1.0,1,0.2243369018501007,66
4618,2,10257,3611,6646,0,0,0,1.0,1,1.0,1,1.0,1,0.2543227658542206,66
4619,3,10260,3612,6648,0,0,0,1.0,1,1.0,1,1.0,1,0.2679237088845057,65
4620,3,10263,3612,6651,0,0,0,1.0,1,1.0,1,1.0,1,0.25679036338597006,65
4621,9,10272,3615,6657,0,0,0,1.0,1,1.0,1,1.0,1,0.21182401999103426,67
4622,2,10274,3616,6658,0,0,0,1.0,1,1.0,1,1.0,1,0.20413316704026804,65
4623,3,10277,3617,6660,0,0,0,1.0,1,1.0,1,1.0,1,0.22509731865989077,66
4624,2,10279,3618,6661,0,0,0,1.0,1,1.0,1,1.0,1,0.22812416519808795,65
4625,1,10280,3618,6662,0,0,0,1.0,1,1.0,1,1.0,1,0.22208320094716158,64
4626,1,10281,3619,6662,0,0,0,1.0,1,1.0,1,1.0,1,0.23144839671506098,63
4627,2,10283,3620,6663,0,0,0,1.0,1,1.0,1,1.0,1,0.2118130530209871,65
4628,0,10283,3620,6663,0,0,0,1.0,1,1.0,1,1.0,1,0.2274752248633857,64
4629,2,10285,3622,6663,0,0,0,1.0,1,1.0,1,1.0,1,0.2124479057209276,64
4630,1,10286,3623,6663,0,0,0,1.0,1,1.0,1,1.0,1,0.195790754313494,64
4631,4,10290,3625,6665,0,0,0,1.0,1,1.0,1,1.0,1,0.26522418437341333,66
4632,1,10291,3625,6666,0,0,0,1.0,1,1.0,1,1.0,1,0.2640884829278735,65
4633,1,10292,3625,6667,0,0,0,1.0,1,1.0,1,1.0,1,0.22140968539701675,66
4634,0,10292,3625,6667,0,0,0,1.0,1,1.0,1,1.0,1,0.22140968539701675,66
4635,0,10292,3625,6667,0,0,0,1.0,1,1.0,1,1.0,1,0.2241675476446948,66
4636,0,10292,3625,6667,0,0,0,1.0,1,1.0,1,1.0,1,0.2241675476446948,66
4637,2,10294,3625,6669,0,0,0,1.0,1,1.0,1,1.0,1,0.1886042218022465,68
4638,0,10294,3625,6669,0,0,0,1.0,1,1.0,1,1.0,1,0.1886042218022465,68
4639,2,10296,3625,6671,0,0,0,1.0,1,1.0,1,1.0,1,0.19712642939446387,69
4640,0,10296,3625,6671,0,0,0,1.0,1,1.0,1,1.0,1,0.19712642939446387,69
4641,3,10299,3626,6673,0,0,0,1.0,1,1.0,1,1.0,1,0.16789395241282884,70
4642,0,10299,3626,6673,0,0,0,1.0,1,1.0,1,1.0,1,0.18072227615246922,69
4643,3,10302,3627,6675,0,0,0,1.0,1,1.0,1,1.0,1,0.16801507104212288,70
4644,0,10302,3627,6675,0,0,0,1.0,1,1.0,1,1.0,1,0.1747966694996186,69
4645,4,10306,3628,6678,0,0,0,1.0,1,1.0,1,1.0,1,0.17638796695010037,70
4646,3,10309,3629,6680,0,0,0,1.0,1,1.0,1,1.0,1,0.2094377325093664,68
4647,4,10313,3631,6682,0,0,0,1.0,1,1.0,1,1.0,1,0.22533214524375167,68
4648,2,10315,3631,6684,0,0,0,1.0,1,1.0,1,1.0,1,0.258365133886654,67
4649,6,10321,3634,6687,0,0,0,1.0,1,1.0,1,1.0,1,0.312843976865384,67
4650,4,10325,3635,6690,0,0,0,1.0,1,1.0,1,1.0,1,0.2905926373754128,67
4651,6,10331,3638,6693,0,0,0,1.0,1,1.0,1,1.0,1,0.2801314040583566,68
4652,2,10333,3640,6693,0,0,0,1.0,1,1.0,1,1.0,1,0.29868989222945086,66
4653,1,10334,3641,6693,0,0,0,1.0,1,1.0,1,1.0,1,0.2771500246429446,64
4654,3,10337,3642,6695,0,0,0,1.0,1,1.0,1,1.0,1,0.25227777725188133,65
4655,0,10337,3642,6695,0,0,0,1.0,1,1.0,1,1.0,1,0.245371031213856,64
4656,0,10337,3642,6695,0,0,0,1.0,1,1.0,1,1.0,1,0.25210567217123736,65
4657,2,10339,3644,6695,0,0,0,1.0,1,1.0,1,1.0,1,0.2673798875012733,66
4658,2,10341,3645,6696,0,0,0,1.0,1,1.0,1,1.0,1,0.2901613075131896,65
4659,0,10341,3645,6696,0,0,0,1.0,1,1.0,1,1.0,1,0.2901613075131896,65
4660,2,10343,3647,6696,0,0,0,1.0,1,1.0,1,1.0,1,0.307092869451745,66
4661,3,10346,3647,6699,0,0,0,1.0,1,1.0,1,1.0,1,0.2988862675777069,66
4662,2,10348,3647,6701,0,0,0,1.0,1,1.0,1,1.0,1,0.2765929929513164,68
4663,1,10349,3648,6701,0,0,0,1.0,1,1.0,1,1.0,1,0.2807565589969207,67
4664,5,10354,3649,6705,0,0,0,1.0,1,1.0,1,1.0,1,0.26606248335054905,67
4665,1,10355,3650,6705,0,0,0,1.0,1,1.0,1,1.0,1,0.2699852066693424,67
4666,4,10359,3650,6709,0,0,0,1.0,1,1.0,1,1.0,1,0.23112720345390317,67
4667,1,10360,3651,6709,0,0,0,1.0,1,1.0,1,1.0,1,0.23255118674800898,66
4668,3,10363,3653,6710,0,0,0,1.0,1,1.0,1,1.0,1,0.24397710035003872,66
4669,3,10366,3655,6711,0,0,0,1.0,1,1.0,1,1.0,1,0.23641197503877534,66
4670,0,10366,3655,6711,0,0,0,1.0,1,1.0,1,1.0,1,0.24877362292173244,64
4671,1,10367,3655,6712,0,0,0,1.0,1,1.0,1,1.0,1,0.24571524072480194,64
4672,3,10370,3657,6713,0,0,0,1.0,1,1.0,1,1.0,1,0.2854233997060285,64
4673,1,10371,3657,6714,0,0,0,1.0,1,1.0,1,1.0,1,0.2740734515226841,65
4674,3,10374,3660,6714,0,0,0,1.0,1,1.0,1,1.0,1,0.29700284756447975,66
4675,5,10379,3661,6718,0,0,0,1.0,1,1.0,1,1.0,1,0.2864031372255461,65
4676,0,10379,3661,6718,0,0,0,1.0,1,1.0,1,1.0,1,0.30483784511780043,65
4677,2,10381,3663,6718,0,0,0,1.0,1,1.0,1,1.0,1,0.3052541244124502,65
4678,0,10381,3663,6718,0,0,0,1.0,1,1.0,1,1.0,1,0.32812417939076166,64
4679,2,10383,3664,6719,0,0,0,1.0,1,1.0,1,1.0,1,0.3190820702830828,66
4680,4,10387,3664,6723,0,0,0,1.0,1,1.0,1,1.0,1,0.32274797302921454,67
4681,10,10397,3665,6732,0,0,0,1.0,1,1.0,1,1.0,1,0.23037287501943468,67
4682,4,10401,3667,6734,0,0,0,1.0,1,1.0,1,1.0,1,0.23164268889387907,67
4683,4,10405,3668,6737,0,0,0,1.0,1,1.0,1,1.0,1,0.20560190647293608,67
4684,1,10406,3668,6738,0,0,0,1.0,1,1.0,1,1.0,1,0.20635945824510296,66
4685,0,10406,3668,6738,0,0,0,1.0,1,1.0,1,1.0,1,0.20438058262042805,65
4686,0,10406,3668,6738,0,0,0,1.0,1,1.0,1,1.0,1,0.21286578609307263,65
4687,4,10410,3668,6742,0,0,0,1.0,1,1.0,1,1.0,1,0.20571710278403144,65
4688,3,10413,3669,6744,0,0,0,1.0,1,1.0,1,1.0,1,0.2439824999012115,64
4689,5,10418,3672,6746,0,0,0,1.0,1,1.0,1,1.0,1,0.2956628603671469,65
4690,6,10424,3672,6752,0,0,0,1.0,1,1.0,1,1.0,1,0.2884405590283365,63
4691,11,10435,3675,6760,0,0,0,1.0,1,1.0,1,1.0,1,0.3015154249082667,64
4692,2,10437,3675,6762,0,0,0,1.0,1,1.0,1,1.0,1,0.29272482230613667,63
4693,2,10439,3675,6764,0,0,0,1.0,1,1.0,1,1.0,1,0.297192014550708,64
4694,6,10445,3675,6770,0,0,0,1.0,1,1.0,1,1.0,1,0.29357276352454703,63
4695,6,10451,3675,6776,0,0,0,1.0,1,1.0,1,1.0,1,0.2936451914845002,62
4696,3,10454,3675,6779,0,0,0,1.0,1,1.0,1,1.0,1,0.31508720465483725,61
4697,6,10460,3675,6785,0,0,0,1.0,1,1.0,1,1.0,1,0.29486023232671194,63
4698,4,10464,3676,6788,0,0,0,1.0,1,1.0,1,1.0,1,0.2814181502988131,63
4699,5,10469,3676,6793,0,0,0,1.0,1,1.0,1,1.0,1,0.2644318260964841,65
4700,2,10471,3676,6795,0,0,0,1.0,1,1.0,1,1.0,1,0.2876814995901606,64
4701,2,10473,3676,6797,0,0,0,1.0,1,1.0,1,1.0,1,0.27265672784073053,64
4702,1,10474,3676,6798,0,0,0,1.0,1,1.0,1,1.0,1,0.2579613651818281,66
4703,1,10475,3677,6798,0,0,0,1.0,1,1.0,1,1.0,1,0.2531185753131227,65
4704,1,10476,3678,6798,0,0,0,1.0,1,1.0,1,1.0,1,0.25578525081298703,64
4705,5,10481,3681,6800,0,0,0,1.0,1,1.0,1,1.0,1,0.27268475972306866,65
4706,4,10485,3684,6801,0,0,0,1.0,1,1.0,1,1.0,1,0.28153762347872696,65
4707,6,10491,3688,6803,0,0,0,1.0,1,1.0,1,1.0,1,0.30380101945146726,63
4708,2,10493,3689,6804,0,0,0,1.0,1,1.0,1,1.0,1,0.2915193917824018,62
4709,6,10499,3693,6806,0,0,0,1.0,1,1.0,1,1.0,1,0.33020965431375304,61
4710,0,10499,3693,6806,0,0,0,1.0,1,1.0,1,1.0,1,0.32899413044686915,60
4711,2,10501,3695,6806,0,0,0,1.0,1,1.0,1,1.0,1,0.341683560484434,59
4712,2,10503,3696,6807,0,0,0,1.0,1,1.0,1,1.0,1,0.3411068020792752,58
4713,3,10506,3698,6808,0,0,0,1.0,1,1.0,1,1.0,1,0.339700416149334,58
4714,0,10506,3698,6808,0,0,0,1.0,1,1.0,1,1.0,1,0.3412553886671104,57
4715,1,10507,3698,6809,0,0,0,1.0,1,1.0,1,1.0,1,0.3462780754646725,57
4716,3,10510,3699,6811,0,0,0,1.0,1,1.0,1,1.0,1,0.35407480780069445,55
4717,1,10511,3699,6812,0,0,0,1.0,1,1.0,1,1.0,1,0.3454263310478474,57
4718,0,10511,3699,6812,0,0,0,1.0,1,1.0,1,1.0,1,0.34760503271155,56
4719,5,10516,3700,6816,0,0,0,1.0,1,1.0,1,1.0,1,0.33288150232495395,56
4720,0,10516,3700,6816,0,0,0,1.0,1,1.0,1,1.0,1,0.3305477489550498,57
4721,8,10524,3700,6824,0,0,0,1.0,1,1.0,1,1.0,1,0.2082105411894085,57
4722,2,10526,3700,6826,0,0,0,1.0,1,1.0,1,1.0,1,0.2082105411894085,57
4723,2,10528,3702,6826,0,0,0,1.0,1,1.0,1,1.0,1,0.21431383401702897,57
4724,0,10528,3702,6826,0,0,0,1.0,1,1.0,1,1.0,1,0.21590863908938437,57
4725,2,10530,3702,6828,0,0,0,1.0,1,1.0,1,1.0,1,0.24947898128707965,57
4726,3,10533,3703,6830,0,0,0,1.0,1,1.0,1,1.0,1,0.24978595678092708,57
4727,1,10534,3703,6831,0,0,0,1.0,1,1.0,1,1.0,1,0.26201690882297396,56
4728,0,10534,3703,6831,0,0,0,1.0,1,1.0,1,1.0,1,0.269668419859292,57
4729,1,10535,3703,6832,0,0,0,1.0,1,1.0,1,1.0,1,0.27456100599824446,56
4730,1,10536,3704,6832,0,0,0,1.0,1,1.0,1,1.0,1,0.3192910288221583,54
4731,2,10538,3705,6833,0,0,0,1.0,1,1.0,1,1.0,1,0.314310846838403,54
4732,2,10540,3706,6834,0,0,0,1.0,1,1.0,1,1.0,1,0.3338305558238819,54
4733,2,10542,3707,6835,0,0,0,1.0,1,1.0,1,1.0,1,0.34932365861115,55
4734,3,10545,3708,6837,0,0,0,1.0,1,1.0,1,1.0,1,0.3700978246910196,56
4735,3,10548,3709,6839,0,0,0,1.0,1,1.0,1,1.0,1,0.37394124216034397,56
4736,4,10552,3710,6842,0,0,0,1.0,1,1.0,1,1.0,1,0.3678101502861482,58
4737,2,10554,3710,6844,0,0,0,1.0,1,1.0,1,1.0,1,0.3761992510228854,59
4738,3,10557,3711,6846,0,0,0,1.0,1,1.0,1,1.0,1,0.3819947525452077,60
4739,3,10560,3711,6849,0,0,0,1.0,1,1.0,1,1.0,1,0.3751110953577742,60
4740,2,10562,3711,6851,0,0,0,1.0,1,1.0,1,1.0,1,0.37191112875436944,60
4741,7,10569,3712,6857,0,0,0,1.0,1,1.0,1,1.0,1,0.3159771152513035,61
4742,3,10572,3714,6858,0,0,0,1.0,1,1.0,1,1.0,1,0.3197836290864011,61
4743,1,10573,3714,6859,0,0,0,1.0,1,1.0,1,1.0,1,0.3009718636004841,60
4744,3,10576,3716,6860,0,0,0,1.0,1,1.0,1,1.0,1,0.30280667469377737,60
4745,3,10579,3717,6862,0,0,0,1.0,1,1.0,1,1.0,1,0.2858507895618537,59
4746,2,10581,3718,6863,0,0,0,1.0,1,1.0,1,1.0,1,0.29638593526004386,59
4747,5,10586,3720,6866,0,0,0,1.0,1,1.0,1,1.0,1,0.277552235599823,58
4748,5,10591,3722,6869,0,0,0,1.0,1,1.0,1,1.0,1,0.2639041352526076,58
4749,8,10599,3723,6876,0,0,0,1.0,1,1.0,1,1.0,1,0.17814574967157742,58
4750,4,10603,3724,6879,0,0,0,1.0,1,1.0,1,1.0,1,0.18734285913439214,56
4751,4,10607,3726,6881,0,0,0,1.0,1,1.0,1,1.0,1,0.19171769086922436,58
4752,3,10610,3727,6883,0,0,0,1.0,1,1.0,1,1.0,1,0.1844048457462997,55
4753,1,10611,3727,6884,0,0,0,1.0,1,1.0,1,1.0,1,0.18302264699412718,55
4754,2,10613,3727,6886,0,0,0,1.0,1,1.0,1,1.0,1,0.18837645133731876,54
4755,2,10615,3728,6887,0,0,0,1.0,1,1.0,1,1.0,1,0.19167605597938744,54
4756,3,10618,3731,6887,0,0,0,1.0,1,1.0,1,1.0,1,0.20952684842636346,54
4757,3,10621,3731,6890,0,0,0,1.0,1,1.0,1,1.0,1,0.18704469093499548,53
4758,0,10621,3731,6890,0,0,0,1.0,1,1.0,1,1.0,1,0.18704469093499548,53
4759,3,10624,3731,6893,0,0,0,1.0,1,1.0,1,1.0,1,0.18139273679379847,53
4760,1,10625,3732,6893,0,0,0,1.0,1,1.0,1,1.0,1,0.21705426024929034,53
4761,4,10629,3733,6896,0,0,0,1.0,1,1.0,1,1.0,1,0.1722572210405245,52
4762,5,10634,3736,6898,0,0,0,1.0,1,1.0,1,1.0,1,0.24305532967156354,54
4763,3,10637,3738,6899,0,0,0,1.0,1,1.0,1,1.0,1,0.26786224134640746,54
4764,4,10641,3739,6902,0,0,0,1.0,1,1.0,1,1.0,1,0.2502430070131338,55
4765,6,10647,3739,6908,0,0,0,1.0,1,1.0,1,1.0,1,0.25908751983627637,56
4766,5,10652,3739,6913,0,0,0,1.0,1,1.0,1,1.0,1,0.24198511456596464,58
4767,6,10658,3740,6918,0,0,0,1.0,1,1.0,1,1.0,1,0.2181531292100909,59
4768,4,10662,3742,6920,0,0,0,1.0,1,1.0,1,1.0,1,0.2502433122356791,60
4769,4,10666,3742,6924,0,0,0,1.0,1,1.0,1,1.0,1,0.25062052078352376,59
4770,4,10670,3742,6928,0,0,0,1.0,1,1.0,1,1.0,1,0.24230651946935594,60
4771,4,10674,3742,6932,0,0,0,1.0,1,1.0,1,1.0,1,0.2551322620954855,59
4772,3,10677,3743,6934,0,0,0,1.0,1,1.0,1,1.0,1,0.2193439489795894,59
4773,2,10679,3743,6936,0,0,0,1.0,1,1.0,1,1.0,1,0.20978768445859497,60
4774,2,10681,3743,6938,0,0,0,1.0,1,1.0,1,1.0,1,0.20978768445859497,60
4775,1,10682,3743,6939,0,0,0,1.0,1,1.0,1,1.0,1,0.21598834063521377,62
4776,2,10684,3743,6941,0,0,0,1.0,1,1.0,1,1.0,1,0.2113492369251997,63
4777,1,10685,3743,6942,0,0,0,1.0,1,1.0,1,1.0,1,0.21197385816085715,63
4778,2,10687,3743,6944,0,0,0,1.0,1,1.0,1,1.0,1,0.2002078542784073,63
4779,2,10689,3744,6945,0,0,0,1.0,1,1.0,1,1.0,1,0.19835211184851256,63
4780,2,10691,3745,6946,0,0,0,1.0,1,1.0,1,1.0,1,0.20978547872026554,65
4781,5,10696,3745,6951,0,0,0,1.0,1,1.0,1,1.0,1,0.18040807149031782,64
4782,2,10698,3745,6953,0,0,0,1.0,1,1.0,1,1.0,1,0.17028671541526544,65
4783,2,10700,3746,6954,0,0,0,1.0,1,1.0,1,1.0,1,0.17112010292183336,66
4784,4,10704,3749,6955,0,0,0,1.0,1,1.0,1,1.0,1,0.18624385629564266,64
4785,5,10709,3751,6958,0,0,0,1.0,1,1.0,1,1.0,1,0.1741737570325624,65
4786,6,10715,3754,6961,0,0,0,1.0,1,1.0,1,1.0,1,0.18154583286035939,66
4787,2,10717,3755,6962,0,0,0,1.0,1,1.0,1,1.0,1,0.1480284988514013,63
4788,7,10724,3760,6964,0,0,0,1.0,1,1.0,1,1.0,1,0.18121393526310858,63
4789,6,10730,3763,6967,0,0,0,1.0,1,1.0,1,1.0,1,0.14558082875603712,60
4790,3,10733,3765,6968,0,0,0,1.0,1,1.0,1,1.0,1,0.14219467635710795,61
4791,2,10735,3767,6968,0,0,0,1.0,1,1.0,1,1.0,1,0.1494495377190804,59
4792,4,10739,3770,6969,0,0,0,1.0,1,1.0,1,1.0,1,0.15643147893228504,59
4793,2,10741,3771,6970,0,0,0,1.0,1,1.0,1,1.0,1,0.1516985973528755,61
4794,2,10743,3773,6970,0,0,0,1.0,1,1.0,1,1.0,1,0.16221307537827423,60
4795,0,10743,3773,6970,0,0,0,1.0,1,1.0,1,1.0,1,0.15979073331448707,61
4796,3,10746,3775,6971,0,0,0,1.0,1,1.0,1,1.0,1,0.18889342265490153,60
4797,3,10749,3778,6971,0,0,0,1.0,1,1.0,1,1.0,1,0.22930435998703813,61
4798,1,10750,3778,6972,0,0,0,1.0,1,1.0,1,1.0,1,0.22939497173562926,61
4799,0,10750,3778,6972,0,0,0,1.0,1,1.0,1,1.0,1,0.2444641738646051,59
4800,1,10751,3779,6972,0,0,0,1.0,1,1.0,1,1.0,1,0.24940717509055343,57
4801,10,10761,3781,6980,0,0,0,1.0,1,1.0,1,1.0,1,0.1166051927097103,58
4802,0,10761,3781,6980,0,0,0,1.0,1,1.0,1,1.0,1,0.126571416093624,56
4803,2,10763,3783,6980,0,0,0,1.0,1,1.0,1,1.0,1,0.16838823154700888,57
4804,1,10764,3783,6981,0,0,0,1.0,1,1.0,1,1.0,1,0.14124570081808674,55
4805,3,10767,3785,6982,0,0,0,1.0,1,1.0,1,1.0,1,0.14546286278090026,56
4806,0,10767,3785,6982,0,0,0,1.0,1,1.0,1,1.0,1,0.14091202010401965,55
4807,0,10767,3785,6982,0,0,0,1.0,1,1.0,1,1.0,1,0.1803793323087343,53
4808,2,10769,3786,6983,0,0,0,1.0,1,1.0,1,1.0,1,0.18021246824559506,54
4809,0,10769,3786,6983,0,0,0,1.0,1,1.0,1,1.0,1,0.2037551002211954,53
4810,1,10770,3786,6984,0,0,0,1.0,1,1.0,1,1.0,1,0.1891704130633461,53
4811,1,10771,3786,6985,0,0,0,1.0,1,1.0,1,1.0,1,0.16007552942363093,54
4812,4,10775,3790,6985,0,0,0,1.0,1,1.0,1,1.0,1,0.19084150843921874,54
4813,2,10777,3790,6987,0,0,0,1.0,1,1.0,1,1.0,1,0.15695854247540944,55
4814,2,10779,3792,6987,0,0,0,1.0,1,1.0,1,1.0,1,0.1942107984907081,55
4815,1,10780,3792,6988,0,0,0,1.0,1,1.0,1,1.0,1,0.17559194082828206,56
4816,1,10781,3793,6988,0,0,0,1.0,1,1.0,1,1.0,1,0.19772179197357753,56
4817,2,10783,3795,6988,0,0,0,1.0,1,1.0,1,1.0,1,0.23067756186874175,58
4818,4,10787,3797,6990,0,0,0,1.0,1,1.0,1,1.0,1,0.2495524420277681,58
4819,0,10787,3797,6990,0,0,0,1.0,1,1.0,1,1.0,1,0.2412247148897216,58
4820,1,10788,3798,6990,0,0,0,1.0,1,1.0,1,1.0,1,0.22547142810221893,58
4821,6,10794,3799,6995,0,0,0,1.0,1,1.0,1,1.0,1,0.17075399231452693,58
4822,3,10797,3801,6996,0,0,0,1.0,1,1.0,1,1.0,1,0.17535460660871005,58
4823,1,10798,3802,6996,0,0,0,1.0,1,1.0,1,1.0,1,0.19062470679251542,57
4824,1,10799,3803,6996,0,0,0,1.0,1,1.0,1,1.0,1,0.21751378980286995,56
4825,3,10802,3804,6998,0,0,0,1.0,1,1.0,1,1.0,1,0.21166604352941476,57
4826,1,10803,3805,6998,0,0,0,1.0,1,1.0,1,1.0,1,0.2184500979670317,57
4827,2,10805,3805,7000,0,0,0,1.0,1,1.0,1,1.0,1,0.2061614689167016,56
4828,1,10806,3806,7000,0,0,0,1.0,1,1.0,1,1.0,1,0.20700296267316526,57
4829,0,10806,3806,7000,0,0,0,1.0,1,1.0,1,1.0,1,0.2140626713184517,56
4830,0,10806,3806,7000,0,0,0,1.0,1,1.0,1,1.0,1,0.19966301807894773,57
4831,6,10812,3809,7003,0,0,0,1.0,1,1.0,1,1.0,1,0.2254776549242353,57
4832,1,10813,3810,7003,0,0,0,1.0,1,1.0,1,1.0,1,0.24221030959886256,55
4833,3,10816,3811,7005,0,0,0,1.0,1,1.0,1,1.0,1,0.24940856277213744,55
4834,0,10816,3811,7005,0,0,0,1.0,1,1.0,1,1.0,1,0.2549781268329178,55
4835,0,10816,3811,7005,0,0,0,1.0,1,1.0,1,1.0,1,0.2548439540462015,55
4836,0,10816,3811,7005,0,0,0,1.0,1,1.0,1,1.0,1,0.2548439540462015,55
4837,0,10816,3811,7005,0,0,0,1.0,1,1.0,1,1.0,1,0.2835814972771305,53
4838,4,10820,3813,7007,0,0,0,1.0,1,1.0,1,1.0,1,0.29823044428665085,54
4839,4,10824,3816,7008,0,0,0,1.0,1,1.0,1,1.0,1,0.28520280435539846,53
4840,2,10826,3817,7009,0,0,0,1.0,1,1.0,1,1.0,1,0.28444805622060765,52
4841,8,10834,3819,7015,0,0,0,1.0,1,1.0,1,1.0,1,0.18177874258379503,51
4842,1,10835,3820,7015,0,0,0,1.0,1,1.0,1,1.0,1,0.2029965589852074,50
4843,4,10839,3823,7016,0,0,0,1.0,1,1.0,1,1.0,1,0.2473938978386326,51
4844,1,10840,3823,7017,0,0,0,1.0,1,1.0,1,1.0,1,0.22453393958762166,50
4845,2,10842,3825,7017,0,0,0,1.0,1,1.0,1,1.0,1,0.23766888859588461,49
4846,2,10844,3827,7017,0,0,0,1.0,1,1.0,1,1.0,1,0.23622314305306724,49
4847,1,10845,3827,7018,0,0,0,1.0,1,1.0,1,1.0,1,0.23988136224343964,48
4848,1,10846,3828,7018,0,0,0,1.0,1,1.0,1,1.0,1,0.25343685035785185,48
4849,7,10853,3831,7022,0,0,0,1.0,1,1.0,1,1.0,1,0.19681402378452825,48
4850,2,10855,3831,7024,0,0,0,1.0,1,1.0,1,1.0,1,0.16294259535247774,49
4851,4,10859,3831,7028,0,0,0,1.0,1,1.0,1,1.0,1,0.12358413706468524,49
4852,0,10859,3831,7028,0,0,0,1.0,1,1.0,1,1.0,1,0.16215073062482765,49
4853,0,10859,3831,7028,0,0,0,1.0,1,1.0,1,1.0,1,0.15477302289956116,50
4854,0,10859,3831,7028,0,0,0,1.0,1,1.0,1,1.0,1,0.1635933730984759,51
4855,0,10859,3831,7028,0,0,0,1.0,1,1.0,1,1.0,1,0.1635933730984759,51
4856,0,10859,3831,7028,0,0,0,1.0,1,1.0,1,1.0,1,0.1652083525734433,50
4857,1,10860,3831,7029,0,0,0,1.0,1,1.0,1,1.0,1,0.15609172367672056,51
4858,1,10861,3831,7030,0,0,0,1.0,1,1.0,1,1.0,1,0.15871557192259722,51
4859,0,10861,3831,7030,0,0,0,1.0,1,1.0,1,1.0,1,0.17386516430545054,52
4860,0,10861,3831,7030,0,0,0,1.0,1,1.0,1,1.0,1,0.17386516430545054,52
4861,1,10862,3831,7031,0,0,0,1.0,1,1.0,1,1.0,1,0.1813351193446737,53
4862,2,10864,3833,7031,0,0,0,1.0,1,1.0,1,1.0,1,0.2198565276856113,53
4863,0,10864,3833,7031,0,0,0,1.0,1,1.0,1,1.0,1,0.2198991843814148,51
4864,1,10865,3834,7031,0,0,0,1.0,1,1.0,1,1.0,1,0.24690234140044232,53
4865,1,10866,3834,7032,0,0,0,1.0,1,1.0,1,1.0,1,0.23286415808100566,52
4866,2,10868,3835,7033,0,0,0,1.0,1,1.0,1,1.0,1,0.23902467131016727,53
4867,1,10869,3835,7034,0,0,0,1.0,1,1.0,1,1.0,1,0.23716025976523494,51
4868,2,10871,3837,7034,0,0,0,1.0,1,1.0,1,1.0,1,0.2331820786535019,53
4869,0,10871,3837,7034,0,0,0,1.0,1,1.0,1,1.0,1,0.2331820786535019,53
4870,5,10876,3839,7037,0,0,0,1.0,1,1.0,1,1.0,1,0.19048221353853434,55
4871,1,10877,3840,7037,0,0,0,1.0,1,1.0,1,1.0,1,0.2097826396100945,55
4872,4,10881,3842,7039,0,0,0,1.0,1,1.0,1,1.0,1,0.18503288488755365,56
4873,1,10882,3843,7039,0,0,0,1.0,1,1.0,1,1.0,1,0.1826448394178867,56
4874,2,10884,3844,7040,0,0,0,1.0,1,1.0,1,1.0,1,0.19433393411079336,58
4875,1,10885,3845,7040,0,0,0,1.0,1,1.0,1,1.0,1,0.20778069498223786,56
4876,0,10885,3845,7040,0,0,0,1.0,1,1.0,1,1.0,1,0.2040078033765922,56
4877,1,10886,3846,7040,0,0,0,1.0,1,1.0,1,1.0,1,0.23362212393569506,54
4878,6,10892,3848,7044,0,0,0,1.0,1,1.0,1,1.0,1,0.20565772027591403,54
4879,5,10897,3852,7045,0,0,0,1.0,1,1.0,1,1.0,1,0.20447896884791153,54
4880,1,10898,3852,7046,0,0,0,1.0,1,1.0,1,1.0,1,0.1901662084318965,53
4881,4,10902,3854,7048,0,0,0,1.0,1,1.0,1,1.0,1,0.19293244655418915,54
4882,1,10903,3855,7048,0,0,0,1.0,1,1.0,1,1.0,1,0.1998208559035307,52
4883,3,10906,3857,7049,0,0,0,1.0,1,1.0,1,1.0,1,0.23023268566442454,54
4884,0,10906,3857,7049,0,0,0,1.0,1,1.0,1,1.0,1,0.20343875300545086,52
4885,0,10906,3857,7049,0,0,0,1.0,1,1.0,1,1.0,1,0.19337805984978046,51
4886,0,10906,3857,7049,0,0,0,1.0,1,1.0,1,1.0,1,0.1882386458308179,50
4887,1,10907,3857,7050,0,0,0,1.0,1,1.0,1,1.0,1,0.17751977649337147,49
4888,0,10907,3857,7050,0,0,0,1.0,1,1.0,1,1.0,1,0.18309128417163362,48
4889,0,10907,3857,7050,0,0,0,1.0,1,1.0,1,1.0,1,0.18309128417163362,48
4890,0,10907,3857,7050,0,0,0,1.0,1,1.0,1,1.0,1,0.18309128417163362,48
4891,2,10909,3859,7050,0,0,0,1.0,1,1.0,1,1.0,1,0.21084295895590477,49
4892,1,10910,3859,7051,0,0,0,1.0,1,1.0,1,1.0,1,0.23013620769234291,51
4893,0,10910,3859,7051,0,0,0,1.0,1,1.0,1,1.0,1,0.2314801388590859,51
4894,0,10910,3859,7051,0,0,0,1.0,1,1.0,1,1.0,1,0.22876149622386535,52
4895,1,10911,3859,7052,0,0,0,1.0,1,1.0,1,1.0,1,0.21948525380577966,52
4896,2,10913,3861,7052,0,0,0,1.0,1,1.0,1,1.0,1,0.1931743166717577,51
4897,0,10913,3861,7052,0,0,0,1.0,1,1.0,1,1.0,1,0.17958975810537897,52
4898,2,10915,3863,7052,0,0,0,1.0,1,1.0,1,1.0,1,0.1810015906315445,52
4899,0,10915,3863,7052,0,0,0,1.0,1,1.0,1,1.0,1,0.16544632598864883,53
4900,4,10919,3866,7053,0,0,0,1.0,1,1.0,1,1.0,1,0.14281453684179726,54
4901,5,10924,3869,7055,0,0,0,1.0,1,1.0,1,1.0,1,0.1238456004534154,54
4902,2,10926,3870,7056,0,0,0,1.0,1,1.0,1,1.0,1,0.11226299184872456,55
4903,4,10930,3872,7058,0,0,0,1.0,1,1.0,1,1.0,1,0.16480623590344973,56
4904,1,10931,3873,7058,0,0,0,1.0,1,1.0,1,1.0,1,0.19172284411706922,55
4905,1,10932,3874,7058,0,0,0,1.0,1,1.0,1,1.0,1,0.20191898158003305,54
4906,3,10935,3875,7060,0,0,0,1.0,1,1.0,1,1.0,1,0.20516724635631883,54
4907,2,10937,3875,7062,0,0,0,1.0,1,1.0,1,1.0,1,0.19643093081604815,54
4908,1,10938,3875,7063,0,0,0,1.0,1,1.0,1,1.0,1,0.19658140497784,53
4909,2,10940,3877,7063,0,0,0,1.0,1,1.0,1,1.0,1,0.21818098708481004,54
4910,2,10942,3877,7065,0,0,0,1.0,1,1.0,1,1.0,1,0.2034483414794834,55
4911,4,10946,3878,7068,0,0,0,1.0,1,1.0,1,1.0,1,0.20482953335410106,57
4912,8,10954,3882,7072,0,0,0,1.0,1,1.0,1,1.0,1,0.21425290656629492,57
4913,3,10957,3882,7075,0,0,0,1.0,1,1.0,1,1.0,1,0.19535243814084824,56
4914,1,10958,3883,7075,0,0,0,1.0,1,1.0,1,1.0,1,0.21803889882414132,56
4915,2,10960,3885,7075,0,0,0,1.0,1,1.0,1,1.0,1,0.21488487534572973,56
4916,3,10963,3886,7077,0,0,0,1.0,1,1.0,1,1.0,1,0.23734331061781844,54
4917,5,10968,3888,7080,0,0,0,1.0,1,1.0,1,1.0,1,0.261331254006548,53
4918,1,10969,3888,7081,0,0,0,1.0,1,1.0,1,1.0,1,0.2546099035795298,52
4919,2,10971,3888,7083,0,0,0,1.0,1,1.0,1,1.0,1,0.2745019013080501,49
4920,1,10972,3888,7084,0,0,0,1.0,1,1.0,1,1.0,1,0.2815346153097901,49
4921,5,10977,3890,7087,0,0,0,1.0,1,1.0,1,1.0,1,0.31298170933492253,50
4922,2,10979,3890,7089,0,0,0,1.0,1,1.0,1,1.0,1,0.2946057343720607,50
4923,6,10985,3891,7094,0,0,0,1.0,1,1.0,1,1.0,1,0.20332483271095306,52
4924,2,10987,3892,7095,0,0,0,1.0,1,1.0,1,1.0,1,0.21244609173960677,53
4925,3,10990,3892,7098,0,0,0,1.0,1,1.0,1,1.0,1,0.1569184698350433,54
4926,0,10990,3892,7098,0,0,0,1.0,1,1.0,1,1.0,1,0.1569184698350433,54
4927,1,10991,3893,7098,0,0,0,1.0,1,1.0,1,1.0,1,0.1729868760746576,54
4928,0,10991,3893,7098,0,0,0,1.0,1,1.0,1,1.0,1,0.1729868760746576,54
4929,0,10991,3893,7098,0,0,0,1.0,1,1.0,1,1.0,1,0.1604313795417238,55
4930,1,10992,3894,7098,0,0,0,1.0,1,1.0,1,1.0,1,0.19590004625253293,58
4931,1,10993,3894,7099,0,0,0,1.0,1,1.0,1,1.0,1,0.18530221103437003,58
4932,1,10994,3895,7099,0,0,0,1.0,1,1.0,1,1.0,1,0.21811300786333623,59
4933,1,10995,3895,7100,0,0,0,1.0,1,1.0,1,1.0,1,0.21445367975768473,59
4934,1,10996,3895,7101,0,0,0,1.0,1,1.0,1,1.0,1,0.22070888693282156,59
4935,2,10998,3895,7103,0,0,0,1.0,1,1.0,1,1.0,1,0.19902725937296242,59
4936,0,10998,3895,7103,0,0,0,1.0,1,1.0,1,1.0,1,0.19902725937296242,59
4937,0,10998,3895,7103,0,0,0,1.0,1,1.0,1,1.0,1,0.20490778431014114,61
4938,3,11001,3895,7106,0,0,0,1.0,1,1.0,1,1.0,1,0.17114857009065054,62
4939,2,11003,3896,7107,0,0,0,1.0,1,1.0,1,1.0,1,0.15580403998145592,63
4940,0,11003,3896,7107,0,0,0,1.0,1,1.0,1,1.0,1,0.17889200993937054,65
4941,2,11005,3897,7108,0,0,0,1.0,1,1.0,1,1.0,1,0.174420210250774,65
4942,5,11010,3900,7110,0,0,0,1.0,1,1.0,1,1.0,1,0.19051440874176942,67
4943,3,11013,3901,7112,0,0,0,1.0,1,1.0,1,1.0,1,0.19444640891929327,66
4944,3,11016,3904,7112,0,0,0,1.0,1,1.0,1,1.0,1,0.2446990227144639,63
4945,1,11017,3905,7112,0,0,0,1.0,1,1.0,1,1.0,1,0.23375389550966263,61
4946,2,11019,3906,7113,0,0,0,1.0,1,1.0,1,1.0,1,0.266947683111919,60
4947,0,11019,3906,7113,0,0,0,1.0,1,1.0,1,1.0,1,0.25500176467996505,58
4948,7,11026,3909,7117,0,0,0,1.0,1,1.0,1,1.0,1,0.25319672571229496,57
4949,2,11028,3910,7118,0,0,0,1.0,1,1.0,1,1.0,1,0.2486866456064922,56
4950,2,11030,3911,7119,0,0,0,1.0,1,1.0,1,1.0,1,0.2242514673575205,57
4951,2,11032,3913,7119,0,0,0,1.0,1,1.0,1,1.0,1,0.2417762596093929,55
4952,6,11038,3917,7121,0,0,0,1.0,1,1.0,1,1.0,1,0.26099191044502085,55
4953,5,11043,3920,7123,0,0,0,1.0,1,1.0,1,1.0,1,0.27228403706249144,54
4954,1,11044,3921,7123,0,0,0,1.0,1,1.0,1,1.0,1,0.28803529823972795,54
4955,0,11044,3921,7123,0,0,0,1.0,1,1.0,1,1.0,1,0.26433072179475764,52
4956,0,11044,3921,7123,0,0,0,1.0,1,1.0,1,1.0,1,0.26433072179475764,52
4957,0,11044,3921,7123,0,0,0,1.0,1,1.0,1,1.0,1,0.25219204031146913,53
4958,1,11045,3922,7123,0,0,0,1.0,1,1.0,1,1.0,1,0.2643596443826718,52
4959,1,11046,3923,7123,0,0,0,1.0,1,1.0,1,1.0,1,0.2864058455566695,51
4960,0,11046,3923,7123,0,0,0,1.0,1,1.0,1,1.0,1,0.2876035750041167,53
4961,7,11053,3923,7130,0,0,0,1.0,1,1.0,1,1.0,1,0.19061485115277482,53
4962,2,11055,3923,7132,0,0,0,1.0,1,1.0,1,1.0,1,0.16855347795998224,55
4963,1,11056,3923,7133,0,0,0,1.0,1,1.0,1,1.0,1,0.13361270090739885,54
4964,3,11059,3924,7135,0,0,0,1.0,1,1.0,1,1.0,1,0.1252814093826329,54
4965,2,11061,3925,7136,0,0,0,1.0,1,1.0,1,1.0,1,0.16006155599706548,54
4966,2,11063,3926,7137,0,0,0,1.0,1,1.0,1,1.0,1,0.1647277704510349,54
4967,2,11065,3927,7138,0,0,0,1.0,1,1.0,1,1.0,1,0.19131594174129293,55
4968,2,11067,3928,7139,0,0,0,1.0,1,1.0,1,1.0,1,0.18762677720397222,55
4969,4,11071,3928,7143,0,0,0,1.0,1,1.0,1,1.0,1,0.15952887805767424,57
4970,1,11072,3928,7144,0,0,0,1.0,1,1.0,1,1.0,1,0.20064980540286953,56
4971,3,11075,3929,7146,0,0,0,1.0,1,1.0,1,1.0,1,0.20234654888495562,57
4972,4,11079,3930,7149,0,0,0,1.0,1,1.0,1,1.0,1,0.25281671268607153,57
4973,4,11083,3932,7151,0,0,0,1.0,1,1.0,1,1.0,1,0.2804959073670055,60
4974,4,11087,3932,7155,0,0,0,1.0,1,1.0,1,1.0,1,0.28870753463596965,58
4975,6,11093,3933,7160,0,0,0,1.0,1,1.0,1,1.0,1,0.2857441617404762,59
4976,6,11099,3935,7164,0,0,0,1.0,1,1.0,1,1.0,1,0.22824443023527144,59
4977,4,11103,3937,7166,0,0,0,1.0,1,1.0,1,1.0,1,0.255875633128862,59
4978,7,11110,3938,7172,0,0,0,1.0,1,1.0,1,1.0,1,0.21962078499509327,59
4979,5,11115,3939,7176,0,0,0,1.0,1,1.0,1,1.0,1,0.20971933275755883,61
4980,5,11120,3940,7180,0,0,0,1.0,1,1.0,1,1.0,1,0.18160483033882469,62
4981,2,11122,3941,7181,0,0,0,1.0,1,1.0,1,1.0,1,0.17707250080346698,62
4982,1,11123,3942,7181,0,0,0,1.0,1,1.0,1,1.0,1,0.1652989104162142,63
4983,0,11123,3942,7181,0,0,0,1.0,1,1.0,1,1.0,1,0.16474689047644614,63
4984,1,11124,3943,7181,0,0,0,1.0,1,1.0,1,1.0,1,0.17559664626054172,61
4985,0,11124,3943,7181,0,0,0,1.0,1,1.0,1,1.0,1,0.17479108403909102,59
4986,4,11128,3945,7183,0,0,0,1.0,1,1.0,1,1.0,1,0.17565813464397564,62
4987,1,11129,3946,7183,0,0,0,1.0,1,1.0,1,1.0,1,0.1814062496091599,60
4988,1,11130,3947,7183,0,0,0,1.0,1,1.0,1,1.0,1,0.19141543479449732,59
4989,3,11133,3949,7184,0,0,0,1.0,1,1.0,1,1.0,1,0.20188903181703194,57
4990,1,11134,3949,7185,0,0,0,1.0,1,1.0,1,1.0,1,0.17708761078374888,55
4991,2,11136,3951,7185,0,0,0,1.0,1,1.0,1,1.0,1,0.23677161915545925,54
4992,3,11139,3952,7187,0,0,0,1.0,1,1.0,1,1.0,1,0.2491311573546578,52
4993,0,11139,3952,7187,0,0,0,1.0,1,1.0,1,1.0,1,0.23399608336931976,51
4994,2,11141,3954,7187,0,0,0,1.0,1,1.0,1,1.0,1,0.25806152071764493,49
4995,4,11145,3957,7188,0,0,0,1.0,1,1.0,1,1.0,1,0.3037702310062237,48
4996,4,11149,3961,7188,0,0,0,1.0,1,1.0,1,1.0,1,0.2808226753343578,48
4997,0,11149,3961,7188,0,0,0,1.0,1,1.0,1,1.0,1,0.28517557629792156,46
4998,2,11151,3962,7189,0,0,0,1.0,1,1.0,1,1.0,1,0.29182221554527393,48
4999,3,11154,3965,7189,0,0,0,1.0,1,1.0,1,1.0,1,0.3297050212821092,48
5000,2,11156,3966,7190,0,0,0,1.0,1,1.0,1,1.0,1,0.30249749113336405,47
5001,6,11162,3966,7196,0,0,0,1.0,1,1.0,1,1.0,1,0.2175126499770445,45
5002,2,11164,3968,7196,0,0,0,1.0,1,1.0,1,1.0,1,0.25026272118222187,46
5003,2,11166,3968,7198,0,0,0,1.0,1,1.0,1,1.0,1,0.23876340888784445,46
5004,3,11169,3969,7200,0,0,0,1.0,1,1.0,1,1.0,1,0.19673600431339916,46
5005,0,11169,3969,7200,0,0,0,1.0,1,1.0,1,1.0,1,0.22719859038733195,45
5006,0,11169,3969,7200,0,0,0,1.0,1,1.0,1,1.0,1,0.2548800269359802,45
5007,1,11170,3969,7201,0,0,0,1.0,1,1.0,1,1.0,1,0.23676959978902498,46
5008,1,11171,3969,7202,0,0,0,1.0,1,1.0,1,1.0,1,0.21242880626702945,49
5009,1,11172,3969,7203,0,0,0,1.0,1,1.0,1,1.0,1,0.21413128766271775,49
5010,0,11172,3969,7203,0,0,0,1.0,1,1.0,1,1.0,1,0.2148924930476378,50
5011,1,11173,3969,7204,0,0,0,1.0,1,1.0,1,1.0,1,0.21266111131932802,51
5012,0,11173,3969,7204,0,0,0,1.0,1,1.0,1,1.0,1,0.22063235779708498,52
5013,0,11173,3969,7204,0,0,0,1.0,1,1.0,1,1.0,1,0.22063235779708498,52
5014,0,11173,3969,7204,0,0,0,1.0,1,1.0,1,1.0,1,0.21351497416287044,53
5015,2,11175,3970,7205,0,0,0,1.0,1,1.0,1,1.0,1,0.2461600789102346,54
5016,3,11178,3971,7207,0,0,0,1.0,1,1.0,1,1.0,1,0.2886841846029474,55
5017,6,11184,3971,7213,0,0,0,1.0,1,1.0,1,1.0,1,0.28118365623012836,55
5018,7,11191,3972,7219,0,0,0,1.0,1,1.0,1,1.0,1,0.2658206583131588,56
5019,4,11195,3972,7223,0,0,0,1.0,1,1.0,1,1.0,1,0.2586455556768618,56
5020,3,11198,3972,7226,0,0,0,1.0,1,1.0,1,1.0,1,0.25359067861734896,55
5021,2,11200,3972,7228,0,0,0,1.0,1,1.0,1,1.0,1,0.24439747907716006,56
5022,3,11203,3975,7228,0,0,0,1.0,1,1.0,1,1.0,1,0.2662288199033803,56
5023,0,11203,3975,7228,0,0,0,1.0,1,1.0,1,1.0,1,0.2578335941707638,55
5024,4,11207,3978,7229,0,0,0,1.0,1,1.0,1,1.0,1,0.28409222057263767,55
5025,1,11208,3979,7229,0,0,0,1.0,1,1.0,1,1.0,1,0.28389341167879917,53
5026,1,11209,3980,7229,0,0,0,1.0,1,1.0,1,1.0,1,0.2807794752464282,52
5027,3,11212,3982,7230,0,0,0,1.0,1,1.0,1,1.0,1,0.305683515549133,51
5028,1,11213,3983,7230,0,0,0,1.0,1,1.0,1,1.0,1,0.3262267196545185,51
5029,1,11214,3984,7230,0,0,0,1.0,1,1.0,1,1.0,1,0.34918553810629377,50
5030,2,11216,3985,7231,0,0,0,1.0,1,1.0,1,1.0,1,0.30986095704195515,49
5031,2,11218,3986,7232,0,0,0,1.0,1,1.0,1,1.0,1,0.2980638472172101,49
5032,5,11223,3988,7235,0,0,0,1.0,1,1.0,1,1.0,1,0.30134338315895753,48
5033,3,11226,3991,7235,0,0,0,1.0,1,1.0,1,1.0,1,0.36783413196872794,50
5034,1,11227,3992,7235,0,0,0,1.0,1,1.0,1,1.0,1,0.3564856159481971,49
5035,2,11229,3993,7236,0,0,0,1.0,1,1.0,1,1.0,1,0.36099406223062824,49
5036,1,11230,3994,7236,0,0,0,1.0,1,1.0,1,1.0,1,0.36766777051222266,47
5037,3,11233,3995,7238,0,0,0,1.0,1,1.0,1,1.0,1,0.3800443878324262,47
5038,0,11233,3995,7238,0,0,0,1.0,1,1.0,1,1.0,1,0.3838224302953656,47
5039,0,11233,3995,7238,0,0,0,1.0,1,1.0,1,1.0,1,0.3850375434522734,48
5040,1,11234,3995,7239,0,0,0,1.0,1,1.0,1,1.0,1,0.35485856028689866,48
5041,7,11241,3995,7246,0,0,0,1.0,1,1.0,1,1.0,1,0.24638650790524613,48
5042,0,11241,3995,7246,0,0,0,1.0,1,1.0,1,1.0,1,0.24226827252700184,50
5043,1,11242,3995,7247,0,0,0,1.0,1,1.0,1,1.0,1,0.22972578711810743,51
5044,0,11242,3995,7247,0,0,0,1.0,1,1.0,1,1.0,1,0.22972578711810743,51
5045,1,11243,3995,7248,0,0,0,1.0,1,1.0,1,1.0,1,0.22689704403897681,52
5046,1,11244,3996,7248,0,0,0,1.0,1,1.0,1,1.0,1,0.2538714522315732,51
5047,0,11244,3996,7248,0,0,0,1.0,1,1.0,1,1.0,1,0.2538714522315732,51
5048,2,11246,3997,7249,0,0,0,1.0,1,1.0,1,1.0,1,0.24634656553473155,52
5049,1,11247,3998,7249,0,0,0,1.0,1,1.0,1,1.0,1,0.2764948408070615,54
5050,4,11251,3998,7253,0,0,0,1.0,1,1.0,1,1.0,1,0.239066883591264,56
5051,1,11252,3998,7254,0,0,0,1.0,1,1.0,1,1.0,1,0.24157226530294407,55
5052,0,11252,3998,7254,0,0,0,1.0,1,1.0,1,1.0,1,0.24157226530294407,55
5053,0,11252,3998,7254,0,0,0,1.0,1,1.0,1,1.0,1,0.24157226530294407,55
5054,2,11254,3999,7255,0,0,0,1.0,1,1.0,1,1.0,1,0.22092360761689248,55
5055,0,11254,3999,7255,0,0,0,1.0,1,1.0,1,1.0,1,0.24852615279932,55
5056,1,11255,4000,7255,0,0,0,1.0,1,1.0,1,1.0,1,0.29266536045957636,56
5057,0,11255,4000,7255,0,0,0,1.0,1,1.0,1,1.0,1,0.29030776136342257,58
5058,3,11258,4000,7258,0,0,0,1.0,1,1.0,1,1.0,1,0.24189566548041563,59
5059,1,11259,4000,7259,0,0,0,1.0,1,1.0,1,1.0,1,0.23893998357157126,59
5060,2,11261,4000,7261,0,0,0,1.0,1,1.0,1,1.0,1,0.21476248197522946,59
5061,3,11264,4000,7264,0,0,0,1.0,1,1.0,1,1.0,1,0.20989347152024407,59
5062,5,11269,4002,7267,0,0,0,1.0,1,1.0,1,1.0,1,0.22296820881482624,59
5063,2,11271,4003,7268,0,0,0,1.0,1,1.0,1,1.0,1,0.21832898937573275,59
5064,4,11275,4006,7269,0,0,0,1.0,1,1.0,1,1.0,1,0.25102897964545334,57
5065,1,11276,4007,7269,0,0,0,1.0,1,1.0,1,1.0,1,0.20821757229275586,55
5066,3,11279,4009,7270,0,0,0,1.0,1,1.0,1,1.0,1,0.22249018629942624,55
5067,1,11280,4010,7270,0,0,0,1.0,1,1.0,1,1.0,1,0.24654921600230756,54
5068,2,11282,4011,7271,0,0,0,1.0,1,1.0,1,1.0,1,0.24446094364119275,54
5069,3,11285,4013,7272,0,0,0,1.0,1,1.0,1,1.0,1,0.2529732537863155,54
5070,2,11287,4014,7273,0,0,0,1.0,1,1.0,1,1.0,1,0.2563862914874569,52
5071,2,11289,4015,7274,0,0,0,1.0,1,1.0,1,1.0,1,0.2674742559565326,54
5072,0,11289,4015,7274,0,0,0,1.0,1,1.0,1,1.0,1,0.24174605140972513,52
5073,2,11291,4015,7276,0,0,0,1.0,1,1.0,1,1.0,1,0.23578162080289733,51
5074,2,11293,4015,7278,0,0,0,1.0,1,1.0,1,1.0,1,0.19619957593368953,52
5075,0,11293,4015,7278,0,0,0,1.0,1,1.0,1,1.0,1,0.19954761154970752,53
5076,0,11293,4015,7278,0,0,0,1.0,1,1.0,1,1.0,1,0.19954761154970752,53
5077,0,11293,4015,7278,0,0,0,1.0,1,1.0,1,1.0,1,0.2130528160165746,56
5078,1,11294,4015,7279,0,0,0,1.0,1,1.0,1,1.0,1,0.21520135879773794,55
5079,0,11294,4015,7279,0,0,0,1.0,1,1.0,1,1.0,1,0.22273369091749867,56
5080,0,11294,4015,7279,0,0,0,1.0,1,1.0,1,1.0,1,0.22817522767461385,57
5081,7,11301,4015,7286,0,0,0,1.0,1,1.0,1,1.0,1,0.13703086075529627,58
5082,0,11301,4015,7286,0,0,0,1.0,1,1.0,1,1.0,1,0.13703086075529627,58
5083,0,11301,4015,7286,0,0,0,1.0,1,1.0,1,1.0,1,0.1435141378144741,59
5084,2,11303,4017,7286,0,0,0,1.0,1,1.0,1,1.0,1,0.1355791908160377,59
5085,0,11303,4017,7286,0,0,0,1.0,1,1.0,1,1.0,1,0.14185017913388015,60
5086,1,11304,4018,7286,0,0,0,1.0,1,1.0,1,1.0,1,0.15359468471540144,61
5087,5,11309,4022,7287,0,0,0,1.0,1,1.0,1,1.0,1,0.18959439488446983,62
5088,6,11315,4023,7292,0,0,0,1.0,1,1.0,1,1.0,1,0.16193363994805896,64
5089,3,11318,4026,7292,0,0,0,1.0,1,1.0,1,1.0,1,0.17959368037503198,64
5090,3,11321,4028,7293,0,0,0,1.0,1,1.0,1,1.0,1,0.1955122066522609,64
5091,6,11327,4031,7296,0,0,0,1.0,1,1.0,1,1.0,1,0.2451020499169605,64
5092,6,11333,4032,7301,0,0,0,1.0,1,1.0,1,1.0,1,0.25538817385259555,64
5093,5,11338,4032,7306,0,0,0,1.0,1,1.0,1,1.0,1,0.2463512727744852,64
5094,6,11344,4033,7311,0,0,0,1.0,1,1.0,1,1.0,1,0.24016189822927092,65
5095,5,11349,4034,7315,0,0,0,1.0,1,1.0,1,1.0,1,0.2263954561670581,66
5096,2,11351,4034,7317,0,0,0,1.0,1,1.0,1,1.0,1,0.2118379638496764,66
5097,7,11358,4035,7323,0,0,0,1.0,1,1.0,1,1.0,1,0.2159847164127987,67
5098,8,11366,4037,7329,0,0,0,1.0,1,1.0,1,1.0,1,0.1618036474466616,67
5099,6,11372,4038,7334,0,0,0,1.0,1,1.0,1,1.0,1,0.15035654141326688,70
5100,4,11376,4039,7337,0,0,0,1.0,1,1.0,1,1.0,1,0.17075420998930568,71
5101,3,11379,4039,7340,0,0,0,1.0,1,1.0,1,1.0,1,0.1302857466991085,72
5102,2,11381,4041,7340,0,0,0,1.0,1,1.0,1,1.0,1,0.14132073009795657,72
5103,1,11382,4042,7340,0,0,0,1.0,1,1.0,1,1.0,1,0.14760540560052038,70
5104,3,11385,4045,7340,0,0,0,1.0,1,1.0,1,1.0,1,0.17049383517882127,67
5105,4,11389,4048,7341,0,0,0,1.0,1,1.0,1,1.0,1,0.19008941830970966,66
5106,2,11391,4050,7341,0,0,0,1.0,1,1.0,1,1.0,1,0.2303356279197091,64
5107,2,11393,4052,7341,0,0,0,1.0,1,1.0,1,1.0,1,0.22433520015843722,61
5108,1,11394,4053,7341,0,0,0,1.0,1,1.0,1,1.0,1,0.2547940410481818,57
5109,3,11397,4056,7341,0,0,0,1.0,1,1.0,1,1.0,1,0.29824827070653354,55
5110,3,11400,4058,7342,0,0,0,1.0,1,1.0,1,1.0,1,0.32432886432679164,53
5111,2,11402,4058,7344,0,0,0,1.0,1,1.0,1,1.0,1,0.2669649893462176,52
5112,2,11404,4060,7344,0,0,0,1.0,1,1.0,1,1.0,1,0.2748048833781012,52
5113,0,11404,4060,7344,0,0,0,1.0,1,1.0,1,1.0,1,0.26295536060974856,49
5114,6,11410,4065,7345,0,0,0,1.0,1,1.0,1,1.0,1,0.24690355765698083,49
5115,0,11410,4065,7345,0,0,0,1.0,1,1.0,1,1.0,1,0.24024661959580326,48
5116,2,11412,4067,7345,0,0,0,1.0,1,1.0,1,1.0,1,0.231218192726322,47
5117,0,11412,4067,7345,0,0,0,1.0,1,1.0,1,1.0,1,0.24449892600305578,48
5118,0,11412,4067,7345,0,0,0,1.0,1,1.0,1,1.0,1,0.24392520356779845,49
5119,1,11413,4068,7345,0,0,0,1.0,1,1.0,1,1.0,1,0.25384667131092603,49
5120,2,11415,4070,7345,0,0,0,1.0,1,1.0,1,1.0,1,0.32736750849789903,48
5121,6,11421,4071,7350,0,0,0,1.0,1,1.0,1,1.0,1,0.2528034236380045,48
5122,4,11425,4072,7353,0,0,0,1.0,1,1.0,1,1.0,1,0.23322880381019115,46
5123,2,11427,4073,7354,0,0,0,1.0,1,1.0,1,1.0,1,0.2638915983422065,46
5124,1,11428,4073,7355,0,0,0,1.0,1,1.0,1,1.0,1,0.2271243537972561,47
5125,4,11432,4074,7358,0,0,0,1.0,1,1.0,1,1.0,1,0.21173006097552904,49
5126,1,11433,4074,7359,0,0,0,1.0,1,1.0,1,1.0,1,0.2012605282161724,49
5127,2,11435,4075,7360,0,0,0,1.0,1,1.0,1,1.0,1,0.22191114349622074,51
5128,2,11437,4076,7361,0,0,0,1.0,1,1.0,1,1.0,1,0.23466068010765845,53
5129,4,11441,4077,7364,0,0,0,1.0,1,1.0,1,1.0,1,0.22925413762859784,55
5130,3,11444,4077,7367,0,0,0,1.0,1,1.0,1,1.0,1,0.22365195907308158,55
5131,2,11446,4077,7369,0,0,0,1.0,1,1.0,1,1.0,1,0.23769262566751925,55
5132,4,11450,4077,7373,0,0,0,1.0,1,1.0,1,1.0,1,0.23769262566751925,55
5133,3,11453,4077,7376,0,0,0,1.0,1,1.0,1,1.0,1,0.21923209738610536,56
5134,6,11459,4077,7382,0,0,0,1.0,1,1.0,1,1.0,1,0.21518606693439338,56
5135,6,11465,4079,7386,0,0,0,1.0,1,1.0,1,1.0,1,0.2261341089678867,56
5136,4,11469,4079,7390,0,0,0,1.0,1,1.0,1,1.0,1,0.25583769764108694,55
5137,3,11472,4080,7392,0,0,0,1.0,1,1.0,1,1.0,1,0.25163361329051076,55
5138,6,11478,4080,7398,0,0,0,1.0,1,1.0,1,1.0,1,0.22417486512948254,54
5139,3,11481,4081,7400,0,0,0,1.0,1,1.0,1,1.0,1,0.22973901615583706,54
5140,4,11485,4082,7403,0,0,0,1.0,1,1.0,1,1.0,1,0.2143931865972134,54
5141,4,11489,4084,7405,0,0,0,1.0,1,1.0,1,1.0,1,0.21404049552741766,53
5142,7,11496,4086,7410,0,0,0,1.0,1,1.0,1,1.0,1,0.1676511286120995,55
5143,3,11499,4089,7410,0,0,0,1.0,1,1.0,1,1.0,1,0.15845769351580644,54
5144,1,11500,4090,7410,0,0,0,1.0,1,1.0,1,1.0,1,0.19045427573608742,50
5145,4,11504,4091,7413,0,0,0,1.0,1,1.0,1,1.0,1,0.20379167198407844,51
5146,3,11507,4092,7415,0,0,0,1.0,1,1.0,1,1.0,1,0.19457853224425306,48
5147,2,11509,4093,7416,0,0,0,1.0,1,1.0,1,1.0,1,0.18472686088064558,49
5148,1,11510,4094,7416,0,0,0,1.0,1,1.0,1,1.0,1,0.17887693927172574,47
5149,3,11513,4096,7417,0,0,0,1.0,1,1.0,1,1.0,1,0.19028328135608882,46
5150,5,11518,4100,7418,0,0,0,1.0,1,1.0,1,1.0,1,0.23746484893986,46
5151,0,11518,4100,7418,0,0,0,1.0,1,1.0,1,1.0,1,0.22436743581825586,45
5152,3,11521,4103,7418,0,0,0,1.0,1,1.0,1,1.0,1,0.24953646878256844,45
5153,0,11521,4103,7418,0,0,0,1.0,1,1.0,1,1.0,1,0.26643577603950575,45
5154,0,11521,4103,7418,0,0,0,1.0,1,1.0,1,1.0,1,0.2656383049338102,45
5155,0,11521,4103,7418,0,0,0,1.0,1,1.0,1,1.0,1,0.2572127294213378,44
5156,1,11522,4104,7418,0,0,0,1.0,1,1.0,1,1.0,1,0.2705403697527634,44
5157,1,11523,4105,7418,0,0,0,1.0,1,1.0,1,1.0,1,0.28868810242985254,42
5158,2,11525,4106,7419,0,0,0,1.0,1,1.0,1,1.0,1,0.28275113175340416,43
5159,0,11525,4106,7419,0,0,0,1.0,1,1.0,1,1.0,1,0.32304844515175557,43
5160,0,11525,4106,7419,0,0,0,1.0,1,1.0,1,1.0,1,0.32304844515175557,43
5161,3,11528,4106,7422,0,0,0,1.0,1,1.0,1,1.0,1,0.27100645865876666,43
5162,1,11529,4106,7423,0,0,0,1.0,1,1.0,1,1.0,1,0.2474873456318116,44
5163,0,11529,4106,7423,0,0,0,1.0,1,1.0,1,1.0,1,0.26248637491900767,46
5164,1,11530,4106,7424,0,0,0,1.0,1,1.0,1,1.0,1,0.24714189525673505,46
5165,2,11532,4107,7425,0,0,0,1.0,1,1.0,1,1.0,1,0.22559590853857112,46
5166,5,11537,4109,7428,0,0,0,1.0,1,1.0,1,1.0,1,0.1836641368673424,47
5167,2,11539,4109,7430,0,0,0,1.0,1,1.0,1,1.0,1,0.1561565131310489,47
5168,3,11542,4110,7432,0,0,0,1.0,1,1.0,1,1.0,1,0.18037867526792656,47
5169,2,11544,4110,7434,0,0,0,1.0,1,1.0,1,1.0,1,0.18532792131521672,47
5170,3,11547,4111,7436,0,0,0,1.0,1,1.0,1,1.0,1,0.18839326418720426,48
5171,2,11549,4112,7437,0,0,0,1.0,1,1.0,1,1.0,1,0.2318593228453392,48
5172,1,11550,4112,7438,0,0,0,1.0,1,1.0,1,1.0,1,0.18161558791450907,49
5173,3,11553,4112,7441,0,0,0,1.0,1,1.0,1,1.0,1,0.1912635981188213,49
5174,2,11555,4112,7443,0,0,0,1.0,1,1.0,1,1.0,1,0.2281370056727942,52
5175,2,11557,4112,7445,0,0,0,1.0,1,1.0,1,1.0,1,0.20138289593902195,53
5176,4,11561,4112,7449,0,0,0,1.0,1,1.0,1,1.0,1,0.20299622809555717,54
5177,4,11565,4114,7451,0,0,0,1.0,1,1.0,1,1.0,1,0.22879048817623923,54
5178,4,11569,4114,7455,0,0,0,1.0,1,1.0,1,1.0,1,0.18085177794333995,55
5179,1,11570,4114,7456,0,0,0,1.0,1,1.0,1,1.0,1,0.17992152557575197,53
5180,1,11571,4115,7456,0,0,0,1.0,1,1.0,1,1.0,1,0.23732739589592847,52
5181,4,11575,4116,7459,0,0,0,1.0,1,1.0,1,1.0,1,0.1753269463355945,52
5182,1,11576,4116,7460,0,0,0,1.0,1,1.0,1,1.0,1,0.16650592959445468,52
5183,3,11579,4119,7460,0,0,0,1.0,1,1.0,1,1.0,1,0.2189259125866766,52
5184,4,11583,4121,7462,0,0,0,1.0,1,1.0,1,1.0,1,0.22216809204241436,52
5185,2,11585,4123,7462,0,0,0,1.0,1,1.0,1,1.0,1,0.2587045452892932,50
5186,0,11585,4123,7462,0,0,0,1.0,1,1.0,1,1.0,1,0.266357545382538,48
5187,0,11585,4123,7462,0,0,0,1.0,1,1.0,1,1.0,1,0.24936500611534043,46
5188,0,11585,4123,7462,0,0,0,1.0,1,1.0,1,1.0,1,0.23892376115236405,44
5189,0,11585,4123,7462,0,0,0,1.0,1,1.0,1,1.0,1,0.2726064725989492,44
5190,1,11586,4124,7462,0,0,0,1.0,1,1.0,1,1.0,1,0.30969844578442673,45
5191,0,11586,4124,7462,0,0,0,1.0,1,1.0,1,1.0,1,0.31004145281172946,45
5192,1,11587,4125,7462,0,0,0,1.0,1,1.0,1,1.0,1,0.32294357843841376,45
5193,1,11588,4125,7463,0,0,0,1.0,1,1.0,1,1.0,1,0.3100467884316591,45
5194,2,11590,4125,7465,0,0,0,1.0,1,1.0,1,1.0,1,0.3037887378800345,45
5195,3,11593,4127,7466,0,0,0,1.0,1,1.0,1,1.0,1,0.2754105976154218,46
5196,0,11593,4127,7466,0,0,0,1.0,1,1.0,1,1.0,1,0.2754105976154218,46
5197,2,11595,4129,7466,0,0,0,1.0,1,1.0,1,1.0,1,0.29166692237949554,46
5198,0,11595,4129,7466,0,0,0,1.0,1,1.0,1,1.0,1,0.2812937684908424,47
5199,2,11597,4130,7467,0,0,0,1.0,1,1.0,1,1.0,1,0.281272734898294,49
5200,2,11599,4131,7468,0,0,0,1.0,1,1.0,1,1.0,1,0.2882434370950152,49
5201,6,11605,4133,7472,0,0,0,1.0,1,1.0,1,1.0,1,0.2031493396742641,50
5202,3,11608,4133,7475,0,0,0,1.0,1,1.0,1,1.0,1,0.164751547962454,52
5203,1,11609,4133,7476,0,0,0,1.0,1,1.0,1,1.0,1,0.1692038450522832,52
5204,1,11610,4133,7477,0,0,0,1.0,1,1.0,1,1.0,1,0.17814350209755012,54
5205,0,11610,4133,7477,0,0,0,1.0,1,1.0,1,1.0,1,0.17814350209755012,54
5206,2,11612,4133,7479,0,0,0,1.0,1,1.0,1,1.0,1,0.14293868192471335,55
5207,1,11613,4133,7480,0,0,0,1.0,1,1.0,1,1.0,1,0.1513334234994808,54
5208,0,11613,4133,7480,0,0,0,1.0,1,1.0,1,1.0,1,0.1513334234994808,54
5209,1,11614,4133,7481,0,0,0,1.0,1,1.0,1,1.0,1,0.14355709489869017,54
5210,2,11616,4133,7483,0,0,0,1.0,1,1.0,1,1.0,1,0.14065939677098085,54
5211,2,11618,4134,7484,0,0,0,1.0,1,1.0,1,1.0,1,0.14083045277017311,56
5212,2,11620,4134,7486,0,0,0,1.0,1,1.0,1,1.0,1,0.1432025012464296,57
5213,3,11623,4136,7487,0,0,0,1.0,1,1.0,1,1.0,1,0.1768654131844679,57
5214,7,11630,4138,7492,0,0,0,1.0,1,1.0,1,1.0,1,0.17830566698671307,58
5215,1,11631,4138,7493,0,0,0,1.0,1,1.0,1,1.0,1,0.196714594498925,57
5216,2,11633,4138,7495,0,0,0,1.0,1,1.0,1,1.0,1,0.1957115750539595,57
5217,3,11636,4139,7497,0,0,0,1.0,1,1.0,1,1.0,1,0.1772186928270728,56
5218,3,11639,4141,7498,0,0,0,1.0,1,1.0,1,1.0,1,0.19060388135935194,56
5219,2,11641,4141,7500,0,0,0,1.0,1,1.0,1,1.0,1,0.22053764133087997,54
5220,3,11644,4141,7503,0,0,0,1.0,1,1.0,1,1.0,1,0.24161436884900003,53
5221,5,11649,4141,7508,0,0,0,1.0,1,1.0,1,1.0,1,0.15896399305844425,52
5222,2,11651,4142,7509,0,0,0,1.0,1,1.0,1,1.0,1,0.20172672849939688,52
5223,1,11652,4143,7509,0,0,0,1.0,1,1.0,1,1.0,1,0.2256201601368026,52
5224,3,11655,4145,7510,0,0,0,1.0,1,1.0,1,1.0,1,0.24368701546357985,52
5225,0,11655,4145,7510,0,0,0,1.0,1,1.0,1,1.0,1,0.24356547623721173,50
5226,4,11659,4148,7511,0,0,0,1.0,1,1.0,1,1.0,1,0.2556105454734683,51
5227,3,11662,4151,7511,0,0,0,1.0,1,1.0,1,1.0,1,0.27287603977361663,49
5228,0,11662,4151,7511,0,0,0,1.0,1,1.0,1,1.0,1,0.29142588717973833,48
5229,1,11663,4152,7511,0,0,0,1.0,1,1.0,1,1.0,1,0.2695149525235505,49
5230,1,11664,4152,7512,0,0,0,1.0,1,1.0,1,1.0,1,0.24761058776705122,49
5231,2,11666,4153,7513,0,0,0,1.0,1,1.0,1,1.0,1,0.22734615818267984,49
5232,4,11670,4155,7515,0,0,0,1.0,1,1.0,1,1.0,1,0.21716170505012128,51
5233,1,11671,4156,7515,0,0,0,1.0,1,1.0,1,1.0,1,0.24658009133629372,51
5234,5,11676,4159,7517,0,0,0,1.0,1,1.0,1,1.0,1,0.23842595522791882,52
5235,2,11678,4159,7519,0,0,0,1.0,1,1.0,1,1.0,1,0.23414162978936637,52
5236,1,11679,4160,7519,0,0,0,1.0,1,1.0,1,1.0,1,0.2503377072572368,52
5237,0,11679,4160,7519,0,0,0,1.0,1,1.0,1,1.0,1,0.2644272411080286,53
5238,0,11679,4160,7519,0,0,0,1.0,1,1.0,1,1.0,1,0.2644272411080286,53
5239,1,11680,4160,7520,0,0,0,1.0,1,1.0,1,1.0,1,0.26830682368921693,53
5240,3,11683,4160,7523,0,0,0,1.0,1,1.0,1,1.0,1,0.2296427916483293,55
5241,5,11688,4160,7528,0,0,0,1.0,1,1.0,1,1.0,1,0.14346450273636704,56
5242,2,11690,4162,7528,0,0,0,1.0,1,1.0,1,1.0,1,0.18202487994231936,54
5243,2,11692,4163,7529,0,0,0,1.0,1,1.0,1,1.0,1,0.1718189501402741,55
5244,2,11694,4164,7530,0,0,0,1.0,1,1.0,1,1.0,1,0.22333124486492956,55
5245,1,11695,4165,7530,0,0,0,1.0,1,1.0,1,1.0,1,0.22210826510510553,55
5246,1,11696,4166,7530,0,0,0,1.0,1,1.0,1,1.0,1,0.2615424505662428,55
5247,2,11698,4167,7531,0,0,0,1.0,1,1.0,1,1.0,1,0.259587642934162,54
5248,1,11699,4168,7531,0,0,0,1.0,1,1.0,1,1.0,1,0.2528449405233875,53
5249,6,11705,4170,7535,0,0,0,1.0,1,1.0,1,1.0,1,0.25233925407117985,55
5250,7,11712,4172,7540,0,0,0,1.0,1,1.0,1,1.0,1,0.2639799701313591,55
5251,6,11718,4173,7545,0,0,0,1.0,1,1.0,1,1.0,1,0.280780218323883,57
5252,2,11720,4173,7547,0,0,0,1.0,1,1.0,1,1.0,1,0.27524706004412147,58
5253,9,11729,4174,7555,0,0,0,1.0,1,1.0,1,1.0,1,0.24547022247655736,59
5254,6,11735,4175,7560,0,0,0,1.0,1,1.0,1,1.0,1,0.23544229251457105,59
5255,5,11740,4176,7564,0,0,0,1.0,1,1.0,1,1.0,1,0.24665372518494688,58
5256,8,11748,4178,7570,0,0,0,1.0,1,1.0,1,1.0,1,0.26247748530771364,59
5257,2,11750,4178,7572,0,0,0,1.0,1,1.0,1,1.0,1,0.21223739672234138,58
5258,3,11753,4178,7575,0,0,0,1.0,1,1.0,1,1.0,1,0.23302670420162608,56
5259,5,11758,4178,7580,0,0,0,1.0,1,1.0,1,1.0,1,0.24745321747606228,56
5260,6,11764,4180,7584,0,0,0,1.0,1,1.0,1,1.0,1,0.22309885527142487,55
5261,5,11769,4181,7588,0,0,0,1.0,1,1.0,1,1.0,1,0.15262977987909263,54
5262,1,11770,4182,7588,0,0,0,1.0,1,1.0,1,1.0,1,0.16500972831094968,54
5263,5,11775,4185,7590,0,0,0,1.0,1,1.0,1,1.0,1,0.1893790180851351,53
5264,0,11775,4185,7590,0,0,0,1.0,1,1.0,1,1.0,1,0.16848714253067068,51
5265,1,11776,4186,7590,0,0,0,1.0,1,1.0,1,1.0,1,0.17034762154198405,50
5266,2,11778,4188,7590,0,0,0,1.0,1,1.0,1,1.0,1,0.18042061356122133,49
5267,1,11779,4189,7590,0,0,0,1.0,1,1.0,1,1.0,1,0.1719474741775672,48
5268,3,11782,4191,7591,0,0,0,1.0,1,1.0,1,1.0,1,0.21685094451986828,47
5269,2,11784,4192,7592,0,0,0,1.0,1,1.0,1,1.0,1,0.2583943569470606,45
5270,1,11785,4193,7592,0,0,0,1.0,1,1.0,1,1.0,1,0.22971429254622786,47
5271,3,11788,4194,7594,0,0,0,1.0,1,1.0,1,1.0,1,0.2605875903350744,45
5272,3,11791,4197,7594,0,0,0,1.0,1,1.0,1,1.0,1,0.30033508969821715,46
5273,1,11792,4198,7594,0,0,0,1.0,1,1.0,1,1.0,1,0.3006004619264227,44
5274,1,11793,4199,7594,0,0,0,1.0,1,1.0,1,1.0,1,0.30003372402637485,44
5275,7,11800,4203,7597,0,0,0,1.0,1,1.0,1,1.0,1,0.2518647055132554,46
5276,5,11805,4205,7600,0,0,0,1.0,1,1.0,1,1.0,1,0.23519651113752169,46
5277,3,11808,4208,7600,0,0,0,1.0,1,1.0,1,1.0,1,0.29122017607266015,46
5278,3,11811,4211,7600,0,0,0,1.0,1,1.0,1,1.0,1,0.2749034071296658,46
5279,1,11812,4212,7600,0,0,0,1.0,1,1.0,1,1.0,1,0.309504070368682,47
5280,2,11814,4213,7601,0,0,0,1.0,1,1.0,1,1.0,1,0.3408474444384148,47
5281,8,11822,4213,7609,0,0,0,1.0,1,1.0,1,1.0,1,0.24038886338581947,48
5282,2,11824,4214,7610,0,0,0,1.0,1,1.0,1,1.0,1,0.23285046766715542,48
5283,2,11826,4214,7612,0,0,0,1.0,1,1.0,1,1.0,1,0.21077418997383576,49
5284,0,11826,4214,7612,0,0,0,1.0,1,1.0,1,1.0,1,0.21077418997383576,49
5285,2,11828,4214,7614,0,0,0,1.0,1,1.0,1,1.0,1,0.19298013605108108,50
5286,1,11829,4214,7615,0,0,0,1.0,1,1.0,1,1.0,1,0.21841088351275015,51
5287,2,11831,4214,7617,0,0,0,1.0,1,1.0,1,1.0,1,0.21841088351275015,51
5288,2,11833,4214,7619,0,0,0,1.0,1,1.0,1,1.0,1,0.18974112169428886,51
5289,2,11835,4214,7621,0,0,0,1.0,1,1.0,1,1.0,1,0.20778138216014758,53
5290,2,11837,4214,7623,0,0,0,1.0,1,1.0,1,1.0,1,0.1908281242182108,53
5291,6,11843,4215,7628,0,0,0,1.0,1,1.0,1,1.0,1,0.16187364576050767,53
5292,2,11845,4216,7629,0,0,0,1.0,1,1.0,1,1.0,1,0.1546323152665969,53
5293,3,11848,4217,7631,0,0,0,1.0,1,1.0,1,1.0,1,0.1613441973186538,53
5294,5,11853,4217,7636,0,0,0,1.0,1,1.0,1,1.0,1,0.14186642819382417,54
5295,3,11856,4219,7637,0,0,0,1.0,1,1.0,1,1.0,1,0.14735446393844015,52
5296,3,11859,4219,7640,0,0,0,1.0,1,1.0,1,1.0,1,0.13718432682180448,49
5297,2,11861,4220,7641,0,0,0,1.0,1,1.0,1,1.0,1,0.1852610970086359,49
5298,4,11865,4220,7645,0,0,0,1.0,1,1.0,1,1.0,1,0.20938698460222005,49
5299,5,11870,4221,7649,0,0,0,1.0,1,1.0,1,1.0,1,0.17497314295422756,50
5300,2,11872,4221,7651,0,0,0,1.0,1,1.0,1,1.0,1,0.19047782960102672,48
5301,1,11873,4222,7651,0,0,0,1.0,1,1.0,1,1.0,1,0.2268830115190783,46
5302,1,11874,4223,7651,0,0,0,1.0,1,1.0,1,1.0,1,0.22180173248263169,47
5303,3,11877,4225,7652,0,0,0,1.0,1,1.0,1,1.0,1,0.2189441977568826,46
5304,2,11879,4227,7652,0,0,0,1.0,1,1.0,1,1.0,1,0.2749962087971051,45
5305,2,11881,4228,7653,0,0,0,1.0,1,1.0,1,1.0,1,0.25667199940635693,44
5306,3,11884,4231,7653,0,0,0,1.0,1,1.0,1,1.0,1,0.35396027974377453,42
5307,3,11887,4233,7654,0,0,0,1.0,1,1.0,1,1.0,1,0.3622022659620859,42
5308,4,11891,4234,7657,0,0,0,1.0,1,1.0,1,1.0,1,0.3145204687709005,43
5309,0,11891,4234,7657,0,0,0,1.0,1,1.0,1,1.0,1,0.30204764667607137,41
5310,2,11893,4235,7658,0,0,0,1.0,1,1.0,1,1.0,1,0.3398061173430151,41
5311,0,11893,4235,7658,0,0,0,1.0,1,1.0,1,1.0,1,0.31259046440028104,42
5312,0,11893,4235,7658,0,0,0,1.0,1,1.0,1,1.0,1,0.3239263386494099,43
5313,0,11893,4235,7658,0,0,0,1.0,1,1.0,1,1.0,1,0.3258596020960462,44
5314,0,11893,4235,7658,0,0,0,1.0,1,1.0,1,1.0,1,0.3258596020960462,44
5315,3,11896,4237,7659,0,0,0,1.0,1,1.0,1,1.0,1,0.35687225749709667,45
5316,3,11899,4237,7662,0,0,0,1.0,1,1.0,1,1.0,1,0.32556709840061526,46
5317,2,11901,4238,7663,0,0,0,1.0,1,1.0,1,1.0,1,0.33700251597164654,46
5318,1,11902,4239,7663,0,0,0,1.0,1,1.0,1,1.0,1,0.3210336440970461,46
5319,1,11903,4240,7663,0,0,0,1.0,1,1.0,1,1.0,1,0.34764372511759417,47
5320,1,11904,4241,7663,0,0,0,1.0,1,1.0,1,1.0,1,0.32850825094203884,48
5321,9,11913,4241,7672,0,0,0,1.0,1,1.0,1,1.0,1,0.2502711783699828,49
5322,0,11913,4241,7672,0,0,0,1.0,1,1.0,1,1.0,1,0.2502711783699828,49
5323,0,11913,4241,7672,0,0,0,1.0,1,1.0,1,1.0,1,0.27368192953456444,51
5324,3,11916,4241,7675,0,0,0,1.0,1,1.0,1,1.0,1,0.24911780048445542,53
5325,4,11920,4242,7678,0,0,0,1.0,1,1.0,1,1.0,1,0.2642411293002126,53
5326,3,11923,4242,7681,0,0,0,1.0,1,1.0,1,1.0,1,0.26057637361034736,53
5327,4,11927,4242,7685,0,0,0,1.0,1,1.0,1,1.0,1,0.2985855720778405,53
5328,5,11932,4242,7690,0,0,0,1.0,1,1.0,1,1.0,1,0.2895117288223647,54
5329,5,11937,4244,7693,0,0,0,1.0,1,1.0,1,1.0,1,0.35115028423046313,53
5330,2,11939,4244,7695,0,0,0,1.0,1,1.0,1,1.0,1,0.33905348174686517,52
5331,2,11941,4244,7697,0,0,0,1.0,1,1.0,1,1.0,1,0.3276199760403588,51
5332,1,11942,4245,7697,0,0,0,1.0,1,1.0,1,1.0,1,0.3497860029777224,52
5333,3,11945,4246,7699,0,0,0,1.0,1,1.0,1,1.0,1,0.37465411655604414,53
5334,2,11947,4247,7700,0,0,0,1.0,1,1.0,1,1.0,1,0.4053537531361026,54
5335,2,11949,4247,7702,0,0,0,1.0,1,1.0,1,1.0,1,0.38361629988689316,55
5336,1,11950,4247,7703,0,0,0,1.0,1,1.0,1,1.0,1,0.36651946885653625,54
5337,0,11950,4247,7703,0,0,0,1.0,1,1.0,1,1.0,1,0.37137162519183065,55
5338,1,11951,4247,7704,0,0,0,1.0,1,1.0,1,1.0,1,0.3687167258329881,55
5339,2,11953,4247,7706,0,0,0,1.0,1,1.0,1,1.0,1,0.3687167258329881,55
5340,7,11960,4247,7713,0,0,0,1.0,1,1.0,1,1.0,1,0.3621232846208702,55
5341,6,11966,4247,7719,0,0,0,1.0,1,1.0,1,1.0,1,0.3183549056755574,54
5342,2,11968,4248,7720,0,0,0,1.0,1,1.0,1,1.0,1,0.31003975229206976,55
5343,1,11969,4249,7720,0,0,0,1.0,1,1.0,1,1.0,1,0.30760263891019163,54
5344,3,11972,4251,7721,0,0,0,1.0,1,1.0,1,1.0,1,0.33084592533031537,55
5345,1,11973,4251,7722,0,0,0,1.0,1,1.0,1,1.0,1,0.3008557983423065,53
5346,8,11981,4254,7727,0,0,0,1.0,1,1.0,1,1.0,1,0.2794107312856914,53
5347,6,11987,4256,7731,0,0,0,1.0,1,1.0,1,1.0,1,0.286142308055172,51
5348,5,11992,4257,7735,0,0,0,1.0,1,1.0,1,1.0,1,0.26972634176174803,53
5349,3,11995,4260,7735,0,0,0,1.0,1,1.0,1,1.0,1,0.31945536270857966,52
5350,1,11996,4261,7735,0,0,0,1.0,1,1.0,1,1.0,1,0.3304710752634188,50
5351,4,12000,4262,7738,0,0,0,1.0,1,1.0,1,1.0,1,0.33354362020912637,52
5352,3,12003,4263,7740,0,0,0,1.0,1,1.0,1,1.0,1,0.27699329840886,49
5353,2,12005,4263,7742,0,0,0,1.0,1,1.0,1,1.0,1,0.23474143894240254,49
5354,0,12005,4263,7742,0,0,0,1.0,1,1.0,1,1.0,1,0.21313029137547795,49
5355,1,12006,4263,7743,0,0,0,1.0,1,1.0,1,1.0,1,0.19193016483706332,48
5356,1,12007,4263,7744,0,0,0,1.0,1,1.0,1,1.0,1,0.20897918700369023,49
5357,4,12011,4263,7748,0,0,0,1.0,1,1.0,1,1.0,1,0.19806886013480632,47
5358,2,12013,4264,7749,0,0,0,1.0,1,1.0,1,1.0,1,0.21238974061647461,48
5359,1,12014,4264,7750,0,0,0,1.0,1,1.0,1,1.0,1,0.2061609607923011,48
5360,3,12017,4264,7753,0,0,0,1.0,1,1.0,1,1.0,1,0.1976496972027922,48
5361,3,12020,4264,7756,0,0,0,1.0,1,1.0,1,1.0,1,0.18418180764063558,50
5362,0,12020,4264,7756,0,0,0,1.0,1,1.0,1,1.0,1,0.18418180764063558,50
5363,1,12021,4264,7757,0,0,0,1.0,1,1.0,1,1.0,1,0.15798212986631122,50
5364,0,12021,4264,7757,0,0,0,1.0,1,1.0,1,1.0,1,0.1589110964662455,51
5365,0,12021,4264,7757,0,0,0,1.0,1,1.0,1,1.0,1,0.17005633157171207,52
5366,0,12021,4264,7757,0,0,0,1.0,1,1.0,1,1.0,1,0.17005633157171207,52
5367,1,12022,4265,7757,0,0,0,1.0,1,1.0,1,1.0,1,0.19213357343598314,54
5368,2,12024,4265,7759,0,0,0,1.0,1,1.0,1,1.0,1,0.1788881526957509,55
5369,3,12027,4266,7761,0,0,0,1.0,1,1.0,1,1.0,1,0.1786350436887208,53
5370,7,12034,4268,7766,0,0,0,1.0,1,1.0,1,1.0,1,0.17896846709292394,54
5371,5,12039,4271,7768,0,0,0,1.0,1,1.0,1,1.0,1,0.21385296316924352,53
5372,5,12044,4272,7772,0,0,0,1.0,1,1.0,1,1.0,1,0.23165756685051334,53
5373,0,12044,4272,7772,0,0,0,1.0,1,1.0,1,1.0,1,0.24489744135892857,52
5374,6,12050,4274,7776,0,0,0,1.0,1,1.0,1,1.0,1,0.23765197039364422,51
5375,2,12052,4274,7778,0,0,0,1.0,1,1.0,1,1.0,1,0.2072665630708993,52
5376,4,12056,4276,7780,0,0,0,1.0,1,1.0,1,1.0,1,0.21194051463352084,51
5377,7,12063,4278,7785,0,0,0,1.0,1,1.0,1,1.0,1,0.1794207058546447,52
5378,1,12064,4279,7785,0,0,0,1.0,1,1.0,1,1.0,1,0.18732612002619248,50
5379,0,12064,4279,7785,0,0,0,1.0,1,1.0,1,1.0,1,0.18732612002619248,50
5380,2,12066,4279,7787,0,0,0,1.0,1,1.0,1,1.0,1,0.22296335178068638,52
5381,0,12066,4279,7787,0,0,0,1.0,1,1.0,1,1.0,1,0.22296335178068638,52
5382,1,12067,4280,7787,0,0,0,1.0,1,1.0,1,1.0,1,0.2398076166831714,52
5383,1,12068,4280,7788,0,0,0,1.0,1,1.0,1,1.0,1,0.1940687909587991,51
5384,2,12070,4280,7790,0,0,0,1.0,1,1.0,1,1.0,1,0.17763442600696258,52
5385,2,12072,4281,7791,0,0,0,1.0,1,1.0,1,1.0,1,0.21577476796916326,51
5386,1,12073,4282,7791,0,0,0,1.0,1,1.0,1,1.0,1,0.22005021554209916,52
5387,3,12076,4282,7794,0,0,0,1.0,1,1.0,1,1.0,1,0.170263643001167,53
5388,0,12076,4282,7794,0,0,0,1.0,1,1.0,1,1.0,1,0.17330825020060542,54
5389,1,12077,4282,7795,0,0,0,1.0,1,1.0,1,1.0,1,0.1535172799626113,55
5390,3,12080,4283,7797,0,0,0,1.0,1,1.0,1,1.0,1,0.1403906727197541,56
5391,2,12082,4283,7799,0,0,0,1.0,1,1.0,1,1.0,1,0.13954373073993573,56
5392,3,12085,4286,7799,0,0,0,1.0,1,1.0,1,1.0,1,0.1724339395598706,56
5393,1,12086,4287,7799,0,0,0,1.0,1,1.0,1,1.0,1,0.2004614414760617,54
5394,1,12087,4288,7799,0,0,0,1.0,1,1.0,1,1.0,1,0.21660633471724225,53
5395,2,12089,4290,7799,0,0,0,1.0,1,1.0,1,1.0,1,0.2506568549440018,53
5396,2,12091,4291,7800,0,0,0,1.0,1,1.0,1,1.0,1,0.26053402345880067,54
5397,0,12091,4291,7800,0,0,0,1.0,1,1.0,1,1.0,1,0.25221531218495674,53
5398,2,12093,4291,7802,0,0,0,1.0,1,1.0,1,1.0,1,0.25102941820516284,53
5399,2,12095,4293,7802,0,0,0,1.0,1,1.0,1,1.0,1,0.2586142766774056,55
5400,6,12101,4294,7807,0,0,0,1.0,1,1.0,1,1.0,1,0.21423242324365677,55
5401,7,12108,4295,7813,0,0,0,1.0,1,1.0,1,1.0,1,0.1589012562500352,56
5402,0,12108,4295,7813,0,0,0,1.0,1,1.0,1,1.0,1,0.0,0
