,SuccessfulHandoverCount,TotalSuccessfulHandoverCount,TotalSuccessfulHandoverCountRange,TotalSuccessfulHandoverCountLoadBalancing,TotalSuccessfulHandoverCountOverload,FailedHandoverCount,TotalFailedHandoverCount,AvgQoS,MinQoS,AvgQoS_LoadBased,MinQoS_LoadBased,AvgQoS_RangeBased,MinQoS_RangeBased,GiniLoad,VehicleCount
0,0,0,0,0,0,0,0,1.0,1,1.0,1,1.0,1,0.0,0
1,16,16,0,16,0,0,0,1.0,1,1.0,1,1.0,1,0.29816839317586874,30
2,13,29,0,29,0,0,0,1.0,1,1.0,1,1.0,1,0.31201973957963103,32
3,12,41,0,41,0,0,0,1.0,1,1.0,1,1.0,1,0.2975813495389383,33
4,14,55,0,55,0,0,0,1.0,1,1.0,1,1.0,1,0.24429833430659884,34
5,1,56,0,56,0,0,0,1.0,1,1.0,1,1.0,1,0.20977591183418237,36
6,0,56,0,56,0,0,0,1.0,1,1.0,1,1.0,1,0.21411447800566002,38
7,0,56,0,56,0,0,0,1.0,1,1.0,1,1.0,1,0.20617064078629854,40
8,1,57,0,57,0,0,0,1.0,1,1.0,1,1.0,1,0.20038599465091556,40
9,0,57,0,57,0,0,0,1.0,1,1.0,1,1.0,1,0.20038599465091556,40
10,1,58,1,57,0,0,0,1.0,1,1.0,1,1.0,1,0.2398201342772488,41
11,0,58,1,57,0,0,0,1.0,1,1.0,1,1.0,1,0.2120018801833485,40
12,0,58,1,57,0,0,0,1.0,1,1.0,1,1.0,1,0.20075436350845266,39
13,2,60,2,58,0,0,0,1.0,1,1.0,1,1.0,1,0.21703888364211651,37
14,1,61,2,59,0,0,0,1.0,1,1.0,1,1.0,1,0.2621897377842592,35
15,1,62,3,59,0,0,0,1.0,1,1.0,1,1.0,1,0.22000607053722834,36
16,0,62,3,59,0,0,0,1.0,1,1.0,1,1.0,1,0.26753631242149545,34
17,0,62,3,59,0,0,0,1.0,1,1.0,1,1.0,1,0.2945824705150763,33
18,1,63,3,60,0,0,0,1.0,1,1.0,1,1.0,1,0.27549991355521386,34
19,2,65,4,61,0,0,0,1.0,1,1.0,1,1.0,1,0.2907308256601262,34
20,0,65,4,61,0,0,0,1.0,1,1.0,1,1.0,1,0.25354188594781263,34
21,4,69,5,64,0,0,0,1.0,1,1.0,1,1.0,1,0.2412446575691397,36
22,0,69,5,64,0,0,0,1.0,1,1.0,1,1.0,1,0.24195246520726185,35
23,5,74,7,67,0,0,0,1.0,1,1.0,1,1.0,1,0.2610620572911081,35
24,2,76,9,67,0,0,0,1.0,1,1.0,1,1.0,1,0.2553352298783142,35
25,5,81,13,68,0,0,0,1.0,1,1.0,1,1.0,1,0.3159227370536359,35
26,6,87,15,72,0,0,0,1.0,1,1.0,1,1.0,1,0.2941845119375276,36
27,2,89,17,72,0,0,0,1.0,1,1.0,1,1.0,1,0.24183146618975782,34
28,2,91,18,73,0,0,0,1.0,1,1.0,1,1.0,1,0.24908387748496413,35
29,3,94,18,76,0,0,0,1.0,1,1.0,1,1.0,1,0.10495796750810141,33
30,1,95,19,76,0,0,0,1.0,1,1.0,1,1.0,1,0.16204383650840293,33
31,1,96,20,76,0,0,0,1.0,1,1.0,1,1.0,1,0.18662282644935335,33
32,1,97,21,76,0,0,0,1.0,1,1.0,1,1.0,1,0.22986830239221723,32
33,1,98,21,77,0,0,0,1.0,1,1.0,1,1.0,1,0.22049944415004535,33
34,1,99,22,77,0,0,0,1.0,1,1.0,1,1.0,1,0.268472805560705,33
35,1,100,22,78,0,0,0,1.0,1,1.0,1,1.0,1,0.23626788250124436,35
36,1,101,23,78,0,0,0,1.0,1,1.0,1,1.0,1,0.27211108323175903,36
37,2,103,24,79,0,0,0,1.0,1,1.0,1,1.0,1,0.23601608425635642,37
38,1,104,24,80,0,0,0,1.0,1,1.0,1,1.0,1,0.22918349310614403,36
39,2,106,24,82,0,0,0,1.0,1,1.0,1,1.0,1,0.21571555653926233,38
40,0,106,24,82,0,0,0,1.0,1,1.0,1,1.0,1,0.23515325247646804,40
41,0,106,24,82,0,0,0,1.0,1,1.0,1,1.0,1,0.23515325247646804,40
42,2,108,26,82,0,0,0,1.0,1,1.0,1,1.0,1,0.26386340910634004,40
43,4,112,27,85,0,0,0,1.0,1,1.0,1,1.0,1,0.29263438189509233,43
44,0,112,27,85,0,0,0,1.0,1,1.0,1,1.0,1,0.29263438189509233,43
45,2,114,27,87,0,0,0,1.0,1,1.0,1,1.0,1,0.2577383706060145,44
46,0,114,27,87,0,0,0,1.0,1,1.0,1,1.0,1,0.2577383706060145,44
47,1,115,28,87,0,0,0,1.0,1,1.0,1,1.0,1,0.2535726448650977,44
48,2,117,30,87,0,0,0,1.0,1,1.0,1,1.0,1,0.3152186085481361,44
49,1,118,31,87,0,0,0,1.0,1,1.0,1,1.0,1,0.29778075025868067,41
50,1,119,32,87,0,0,0,1.0,1,1.0,1,1.0,1,0.31061974033462336,40
51,0,119,32,87,0,0,0,1.0,1,1.0,1,1.0,1,0.3118129318966544,38
52,1,120,33,87,0,0,0,1.0,1,1.0,1,1.0,1,0.34789922752832564,37
53,0,120,33,87,0,0,0,1.0,1,1.0,1,1.0,1,0.3578610532879026,38
54,4,124,34,90,0,0,0,1.0,1,1.0,1,1.0,1,0.30440074937448397,38
55,1,125,34,91,0,0,0,1.0,1,1.0,1,1.0,1,0.2830472755295249,38
56,2,127,34,93,0,0,0,1.0,1,1.0,1,1.0,1,0.3165151228543245,38
57,2,129,34,95,0,0,0,1.0,1,1.0,1,1.0,1,0.2723321942770314,38
58,5,134,36,98,0,0,0,1.0,1,1.0,1,1.0,1,0.30501871950097664,38
59,1,135,36,99,0,0,0,1.0,1,1.0,1,1.0,1,0.2782890168415815,40
60,2,137,38,99,0,0,0,1.0,1,1.0,1,1.0,1,0.28410974474271256,40
61,0,137,38,99,0,0,0,1.0,1,1.0,1,1.0,1,0.2805249313193785,40
62,3,140,39,101,0,0,0,1.0,1,1.0,1,1.0,1,0.28002290217309567,42
63,3,143,40,103,0,0,0,1.0,1,1.0,1,1.0,1,0.23803177853749027,40
64,0,143,40,103,0,0,0,1.0,1,1.0,1,1.0,1,0.23611726784361184,41
65,1,144,41,103,0,0,0,1.0,1,1.0,1,1.0,1,0.27740726317306397,41
66,2,146,42,104,0,0,0,1.0,1,1.0,1,1.0,1,0.2982222614038236,41
67,1,147,43,104,0,0,0,1.0,1,1.0,1,1.0,1,0.3091525379708098,41
68,0,147,43,104,0,0,0,1.0,1,1.0,1,1.0,1,0.29278734741850926,41
69,2,149,43,106,0,0,0,1.0,1,1.0,1,1.0,1,0.2864104457939759,41
70,1,150,43,107,0,0,0,1.0,1,1.0,1,1.0,1,0.2856045171140533,42
71,1,151,44,107,0,0,0,1.0,1,1.0,1,1.0,1,0.2992040478717504,44
72,1,152,44,108,0,0,0,1.0,1,1.0,1,1.0,1,0.2583955133230744,44
73,1,153,44,109,0,0,0,1.0,1,1.0,1,1.0,1,0.27302797042826776,46
74,2,155,44,111,0,0,0,1.0,1,1.0,1,1.0,1,0.2730296880277751,44
75,2,157,45,112,0,0,0,1.0,1,1.0,1,1.0,1,0.2378769808803039,44
76,6,163,48,115,0,0,0,1.0,1,1.0,1,1.0,1,0.29525790373459254,45
77,4,167,48,119,0,0,0,1.0,1,1.0,1,1.0,1,0.20975781135173416,44
78,0,167,48,119,0,0,0,1.0,1,1.0,1,1.0,1,0.2324684793338669,44
79,1,168,48,120,0,0,0,1.0,1,1.0,1,1.0,1,0.24193778816018757,43
80,0,168,48,120,0,0,0,1.0,1,1.0,1,1.0,1,0.24193778816018757,43
81,4,172,51,121,0,0,0,1.0,1,1.0,1,1.0,1,0.2837856651788315,44
82,4,176,53,123,0,0,0,1.0,1,1.0,1,1.0,1,0.2604736285742525,45
83,3,179,55,124,0,0,0,1.0,1,1.0,1,1.0,1,0.27364751017307754,45
84,0,179,55,124,0,0,0,1.0,1,1.0,1,1.0,1,0.27364751017307754,45
85,1,180,56,124,0,0,0,1.0,1,1.0,1,1.0,1,0.27438371807302303,45
86,1,181,56,125,0,0,0,1.0,1,1.0,1,1.0,1,0.23829502007158224,45
87,0,181,56,125,0,0,0,1.0,1,1.0,1,1.0,1,0.24658963700478198,44
88,0,181,56,125,0,0,0,1.0,1,1.0,1,1.0,1,0.23814404431076755,45
89,0,181,56,125,0,0,0,1.0,1,1.0,1,1.0,1,0.2536187624483103,46
90,0,181,56,125,0,0,0,1.0,1,1.0,1,1.0,1,0.28388972208948643,44
91,1,182,57,125,0,0,0,1.0,1,1.0,1,1.0,1,0.2820799291035524,45
92,0,182,57,125,0,0,0,1.0,1,1.0,1,1.0,1,0.29413828857568475,46
93,0,182,57,125,0,0,0,1.0,1,1.0,1,1.0,1,0.29413828857568475,46
94,2,184,58,126,0,0,0,1.0,1,1.0,1,1.0,1,0.28145405913148575,46
95,1,185,58,127,0,0,0,1.0,1,1.0,1,1.0,1,0.2839904510525727,46
96,2,187,59,128,0,0,0,1.0,1,1.0,1,1.0,1,0.2814489206061023,46
97,0,187,59,128,0,0,0,1.0,1,1.0,1,1.0,1,0.27643616969987345,47
98,0,187,59,128,0,0,0,1.0,1,1.0,1,1.0,1,0.27643616969987345,47
99,0,187,59,128,0,0,0,1.0,1,1.0,1,1.0,1,0.2885575171619206,46
100,3,190,60,130,0,0,0,1.0,1,1.0,1,1.0,1,0.30721301772467025,48
101,3,193,61,132,0,0,0,1.0,1,1.0,1,1.0,1,0.29782853674024823,49
102,1,194,62,132,0,0,0,1.0,1,1.0,1,1.0,1,0.306640673953887,49
103,3,197,63,134,0,0,0,1.0,1,1.0,1,1.0,1,0.24768937453552858,48
104,5,202,65,137,0,0,0,1.0,1,1.0,1,1.0,1,0.2669081387928249,49
105,5,207,68,139,0,0,0,1.0,1,1.0,1,1.0,1,0.2283149258414468,48
106,1,208,69,139,0,0,0,1.0,1,1.0,1,1.0,1,0.2318114528145887,48
107,1,209,70,139,0,0,0,1.0,1,1.0,1,1.0,1,0.2459874860641378,47
108,0,209,70,139,0,0,0,1.0,1,1.0,1,1.0,1,0.24143168895177064,47
109,5,214,72,142,0,0,0,1.0,1,1.0,1,1.0,1,0.24060385183099578,47
110,2,216,73,143,0,0,0,1.0,1,1.0,1,1.0,1,0.255143877664781,47
111,3,219,75,144,0,0,0,1.0,1,1.0,1,1.0,1,0.17122448827823203,46
112,2,221,77,144,0,0,0,1.0,1,1.0,1,1.0,1,0.1867133145057406,46
113,2,223,78,145,0,0,0,1.0,1,1.0,1,1.0,1,0.13691670272435735,45
114,1,224,79,145,0,0,0,1.0,1,1.0,1,1.0,1,0.1596561827040733,46
115,1,225,80,145,0,0,0,1.0,1,1.0,1,1.0,1,0.18531299008425497,47
116,0,225,80,145,0,0,0,1.0,1,1.0,1,1.0,1,0.17041019427430484,48
117,4,229,84,145,0,0,0,1.0,1,1.0,1,1.0,1,0.22606950695749595,48
118,1,230,84,146,0,0,0,1.0,1,1.0,1,1.0,1,0.23103321303239294,49
119,1,231,85,146,0,0,0,1.0,1,1.0,1,1.0,1,0.24430934228751558,50
120,1,232,85,147,0,0,0,1.0,1,1.0,1,1.0,1,0.20602588991014578,51
121,2,234,85,149,0,0,0,1.0,1,1.0,1,1.0,1,0.17732316206214022,51
122,0,234,85,149,0,0,0,1.0,1,1.0,1,1.0,1,0.17732316206214022,51
123,0,234,85,149,0,0,0,1.0,1,1.0,1,1.0,1,0.17732316206214022,51
124,1,235,85,150,0,0,0,1.0,1,1.0,1,1.0,1,0.1757431310512577,51
125,2,237,85,152,0,0,0,1.0,1,1.0,1,1.0,1,0.1971396778366383,50
126,3,240,87,153,0,0,0,1.0,1,1.0,1,1.0,1,0.15353732199652317,52
127,0,240,87,153,0,0,0,1.0,1,1.0,1,1.0,1,0.174274527323412,50
128,3,243,89,154,0,0,0,1.0,1,1.0,1,1.0,1,0.1415397030149402,50
129,1,244,89,155,0,0,0,1.0,1,1.0,1,1.0,1,0.1545485800880697,52
130,2,246,90,156,0,0,0,1.0,1,1.0,1,1.0,1,0.17586738490664655,52
131,0,246,90,156,0,0,0,1.0,1,1.0,1,1.0,1,0.19136331942508564,54
132,2,248,91,157,0,0,0,1.0,1,1.0,1,1.0,1,0.17199303236098545,54
133,1,249,91,158,0,0,0,1.0,1,1.0,1,1.0,1,0.14746562641076527,52
134,0,249,91,158,0,0,0,1.0,1,1.0,1,1.0,1,0.14746572127496554,52
135,5,254,96,158,0,0,0,1.0,1,1.0,1,1.0,1,0.22297121516067075,51
136,3,257,97,160,0,0,0,1.0,1,1.0,1,1.0,1,0.21498465901570107,51
137,4,261,98,163,0,0,0,1.0,1,1.0,1,1.0,1,0.11887119815241802,50
138,1,262,99,163,0,0,0,1.0,1,1.0,1,1.0,1,0.11735583864495383,52
139,3,265,101,164,0,0,0,1.0,1,1.0,1,1.0,1,0.15259339830077304,51
140,1,266,102,164,0,0,0,1.0,1,1.0,1,1.0,1,0.16580338963767177,51
141,3,269,103,166,0,0,0,1.0,1,1.0,1,1.0,1,0.17873119935783766,50
142,2,271,105,166,0,0,0,1.0,1,1.0,1,1.0,1,0.16044409623018654,51
143,1,272,106,166,0,0,0,1.0,1,1.0,1,1.0,1,0.16155059105159744,48
144,2,274,108,166,0,0,0,1.0,1,1.0,1,1.0,1,0.19824962962844575,49
145,5,279,112,167,0,0,0,1.0,1,1.0,1,1.0,1,0.09846440036612218,47
146,4,283,114,169,0,0,0,1.0,1,1.0,1,1.0,1,0.11395447548783041,49
147,0,283,114,169,0,0,0,1.0,1,1.0,1,1.0,1,0.1451026993265698,46
148,1,284,115,169,0,0,0,1.0,1,1.0,1,1.0,1,0.1268849395452256,47
149,2,286,116,170,0,0,0,1.0,1,1.0,1,1.0,1,0.14431993275195,46
150,0,286,116,170,0,0,0,1.0,1,1.0,1,1.0,1,0.1261199506043313,47
151,2,288,118,170,0,0,0,1.0,1,1.0,1,1.0,1,0.16304504067615802,46
152,0,288,118,170,0,0,0,1.0,1,1.0,1,1.0,1,0.18398500428794162,45
153,1,289,118,171,0,0,0,1.0,1,1.0,1,1.0,1,0.17327021479100121,46
154,0,289,118,171,0,0,0,1.0,1,1.0,1,1.0,1,0.18480518433607243,44
155,3,292,120,172,0,0,0,1.0,1,1.0,1,1.0,1,0.1767315274764987,45
156,2,294,122,172,0,0,0,1.0,1,1.0,1,1.0,1,0.23848668282009036,43
157,1,295,122,173,0,0,0,1.0,1,1.0,1,1.0,1,0.2250848667407569,42
158,2,297,122,175,0,0,0,1.0,1,1.0,1,1.0,1,0.20840851796582374,43
159,1,298,123,175,0,0,0,1.0,1,1.0,1,1.0,1,0.2583369881512228,44
160,2,300,124,176,0,0,0,1.0,1,1.0,1,1.0,1,0.25446281644171737,44
161,5,305,126,179,0,0,0,1.0,1,1.0,1,1.0,1,0.21530262300957514,44
162,1,306,127,179,0,0,0,1.0,1,1.0,1,1.0,1,0.23075002839434264,44
163,10,316,133,183,0,0,0,1.0,1,1.0,1,1.0,1,0.2404361062889832,44
164,5,321,137,184,0,0,0,1.0,1,1.0,1,1.0,1,0.3182183807334791,44
165,7,328,138,190,0,0,0,1.0,1,1.0,1,1.0,1,0.16950751064157835,43
166,1,329,138,191,0,0,0,1.0,1,1.0,1,1.0,1,0.16715694675934684,43
167,0,329,138,191,0,0,0,1.0,1,1.0,1,1.0,1,0.1665626304508858,42
168,0,329,138,191,0,0,0,1.0,1,1.0,1,1.0,1,0.20107601577340867,40
169,3,332,139,193,0,0,0,1.0,1,1.0,1,1.0,1,0.11371133272909019,41
170,0,332,139,193,0,0,0,1.0,1,1.0,1,1.0,1,0.14919326383818,39
171,1,333,140,193,0,0,0,1.0,1,1.0,1,1.0,1,0.20408271069650602,39
172,0,333,140,193,0,0,0,1.0,1,1.0,1,1.0,1,0.1798013563826111,38
173,1,334,141,193,0,0,0,1.0,1,1.0,1,1.0,1,0.21606986406131204,38
174,1,335,142,193,0,0,0,1.0,1,1.0,1,1.0,1,0.1619998658380155,37
175,2,337,144,193,0,0,0,1.0,1,1.0,1,1.0,1,0.21752818934377458,36
176,3,340,147,193,0,0,0,1.0,1,1.0,1,1.0,1,0.24820206240395923,36
177,1,341,148,193,0,0,0,1.0,1,1.0,1,1.0,1,0.24257673625390694,38
178,1,342,149,193,0,0,0,1.0,1,1.0,1,1.0,1,0.2770063159639693,39
179,3,345,149,196,0,0,0,1.0,1,1.0,1,1.0,1,0.25041419136408133,40
180,2,347,150,197,0,0,0,1.0,1,1.0,1,1.0,1,0.24368159923726682,40
181,1,348,150,198,0,0,0,1.0,1,1.0,1,1.0,1,0.24521217760973454,39
182,2,350,151,199,0,0,0,1.0,1,1.0,1,1.0,1,0.22053685560144237,40
183,1,351,152,199,0,0,0,1.0,1,1.0,1,1.0,1,0.26999622448686916,40
184,0,351,152,199,0,0,0,1.0,1,1.0,1,1.0,1,0.29172373127795975,38
185,2,353,152,201,0,0,0,1.0,1,1.0,1,1.0,1,0.2559899118313683,38
186,3,356,154,202,0,0,0,1.0,1,1.0,1,1.0,1,0.25037312574596055,37
187,1,357,155,202,0,0,0,1.0,1,1.0,1,1.0,1,0.2656236259125413,36
188,5,362,158,204,0,0,0,1.0,1,1.0,1,1.0,1,0.24787002883950104,36
189,3,365,159,206,0,0,0,1.0,1,1.0,1,1.0,1,0.16857745589106332,36
190,2,367,160,207,0,0,0,1.0,1,1.0,1,1.0,1,0.19880189655640101,36
191,1,368,161,207,0,0,0,1.0,1,1.0,1,1.0,1,0.2120775069031112,37
192,1,369,161,208,0,0,0,1.0,1,1.0,1,1.0,1,0.19512462743098563,37
193,0,369,161,208,0,0,0,1.0,1,1.0,1,1.0,1,0.19841364448560475,38
194,2,371,161,210,0,0,0,1.0,1,1.0,1,1.0,1,0.16833988662699823,39
195,2,373,163,210,0,0,0,1.0,1,1.0,1,1.0,1,0.20026182704052492,40
196,1,374,164,210,0,0,0,1.0,1,1.0,1,1.0,1,0.19805198017161274,40
197,1,375,164,211,0,0,0,1.0,1,1.0,1,1.0,1,0.2186587696836232,40
198,1,376,165,211,0,0,0,1.0,1,1.0,1,1.0,1,0.23250967319068305,40
199,2,378,166,212,0,0,0,1.0,1,1.0,1,1.0,1,0.2177630321955526,40
200,0,378,166,212,0,0,0,1.0,1,1.0,1,1.0,1,0.2177630321955526,40
201,2,380,168,212,0,0,0,1.0,1,1.0,1,1.0,1,0.22954962101676635,39
202,0,380,168,212,0,0,0,1.0,1,1.0,1,1.0,1,0.22249375673068356,40
203,2,382,170,212,0,0,0,1.0,1,1.0,1,1.0,1,0.2150880869689003,39
204,2,384,171,213,0,0,0,1.0,1,1.0,1,1.0,1,0.16126412765056466,38
205,2,386,173,213,0,0,0,1.0,1,1.0,1,1.0,1,0.16932093132427792,37
206,0,386,173,213,0,0,0,1.0,1,1.0,1,1.0,1,0.2018734369896339,36
207,1,387,174,213,0,0,0,1.0,1,1.0,1,1.0,1,0.23469410631491724,37
208,0,387,174,213,0,0,0,1.0,1,1.0,1,1.0,1,0.2544580669495942,36
209,3,390,175,215,0,0,0,1.0,1,1.0,1,1.0,1,0.2471735498073436,36
210,2,392,176,216,0,0,0,1.0,1,1.0,1,1.0,1,0.2748061285845607,36
211,0,392,176,216,0,0,0,1.0,1,1.0,1,1.0,1,0.27692200050688215,34
212,2,394,177,217,0,0,0,1.0,1,1.0,1,1.0,1,0.3018792464716774,34
213,1,395,177,218,0,0,0,1.0,1,1.0,1,1.0,1,0.2892629123720204,36
214,1,396,177,219,0,0,0,1.0,1,1.0,1,1.0,1,0.2588112601195409,35
215,2,398,178,220,0,0,0,1.0,1,1.0,1,1.0,1,0.23425076404602083,35
216,1,399,178,221,0,0,0,1.0,1,1.0,1,1.0,1,0.22042370359151622,37
217,2,401,179,222,0,0,0,1.0,1,1.0,1,1.0,1,0.21063266379040907,37
218,5,406,183,223,0,0,0,1.0,1,1.0,1,1.0,1,0.24885036888456752,37
219,2,408,184,224,0,0,0,1.0,1,1.0,1,1.0,1,0.25062635185531235,37
220,1,409,185,224,0,0,0,1.0,1,1.0,1,1.0,1,0.2336883333894164,38
221,3,412,187,225,0,0,0,1.0,1,1.0,1,1.0,1,0.16006520045910366,39
222,1,413,188,225,0,0,0,1.0,1,1.0,1,1.0,1,0.15217273287182562,39
223,2,415,189,226,0,0,0,1.0,1,1.0,1,1.0,1,0.18468076888823168,40
224,4,419,192,227,0,0,0,1.0,1,1.0,1,1.0,1,0.17050335373739098,40
225,1,420,192,228,0,0,0,1.0,1,1.0,1,1.0,1,0.14295342269126599,39
226,2,422,194,228,0,0,0,1.0,1,1.0,1,1.0,1,0.17376903860761506,39
227,2,424,195,229,0,0,0,1.0,1,1.0,1,1.0,1,0.18356823887419194,39
228,3,427,198,229,0,0,0,1.0,1,1.0,1,1.0,1,0.2456888521050562,38
229,4,431,199,232,0,0,0,1.0,1,1.0,1,1.0,1,0.2413524762699447,39
230,2,433,201,232,0,0,0,1.0,1,1.0,1,1.0,1,0.23435778979832186,38
231,2,435,202,233,0,0,0,1.0,1,1.0,1,1.0,1,0.23702682978780676,38
232,3,438,203,235,0,0,0,1.0,1,1.0,1,1.0,1,0.2006006690035033,37
233,3,441,205,236,0,0,0,1.0,1,1.0,1,1.0,1,0.18677176343251942,36
234,0,441,205,236,0,0,0,1.0,1,1.0,1,1.0,1,0.21499426691037418,34
235,1,442,206,236,0,0,0,1.0,1,1.0,1,1.0,1,0.2685512427513883,34
236,0,442,206,236,0,0,0,1.0,1,1.0,1,1.0,1,0.301225230548107,33
237,1,443,206,237,0,0,0,1.0,1,1.0,1,1.0,1,0.30839883837821924,32
238,0,443,206,237,0,0,0,1.0,1,1.0,1,1.0,1,0.3124847667712827,32
239,3,446,208,238,0,0,0,1.0,1,1.0,1,1.0,1,0.2623567620805051,31
240,0,446,208,238,0,0,0,1.0,1,1.0,1,1.0,1,0.2959080084137023,28
241,1,447,209,238,0,0,0,1.0,1,1.0,1,1.0,1,0.32434258104841596,27
242,2,449,209,240,0,0,0,1.0,1,1.0,1,1.0,1,0.30524161096266733,29
243,1,450,210,240,0,0,0,1.0,1,1.0,1,1.0,1,0.3010669662760758,28
244,0,450,210,240,0,0,0,1.0,1,1.0,1,1.0,1,0.31237166536655936,28
245,2,452,211,241,0,0,0,1.0,1,1.0,1,1.0,1,0.25362048459134623,27
246,2,454,213,241,0,0,0,1.0,1,1.0,1,1.0,1,0.29657555918307177,25
247,1,455,214,241,0,0,0,1.0,1,1.0,1,1.0,1,0.32179698424336173,26
248,1,456,214,242,0,0,0,1.0,1,1.0,1,1.0,1,0.2806216422922225,27
249,1,457,215,242,0,0,0,1.0,1,1.0,1,1.0,1,0.3081984045607036,26
250,2,459,215,244,0,0,0,1.0,1,1.0,1,1.0,1,0.29219370310711135,27
251,0,459,215,244,0,0,0,1.0,1,1.0,1,1.0,1,0.30804018862089,28
252,3,462,216,246,0,0,0,1.0,1,1.0,1,1.0,1,0.2607477015838281,28
253,0,462,216,246,0,0,0,1.0,1,1.0,1,1.0,1,0.24353725236189655,28
254,0,462,216,246,0,0,0,1.0,1,1.0,1,1.0,1,0.2726258039021911,29
255,2,464,217,247,0,0,0,1.0,1,1.0,1,1.0,1,0.31881722932751627,30
256,0,464,217,247,0,0,0,1.0,1,1.0,1,1.0,1,0.31881722932751627,30
257,4,468,218,250,0,0,0,1.0,1,1.0,1,1.0,1,0.3217111459268453,32
258,2,470,220,250,0,0,0,1.0,1,1.0,1,1.0,1,0.31392671192007776,32
259,0,470,220,250,0,0,0,1.0,1,1.0,1,1.0,1,0.31392671192007776,32
260,1,471,220,251,0,0,0,1.0,1,1.0,1,1.0,1,0.24030425583007384,34
261,0,471,220,251,0,0,0,1.0,1,1.0,1,1.0,1,0.2506198683366679,35
262,3,474,223,251,0,0,0,1.0,1,1.0,1,1.0,1,0.34186954460763475,36
263,0,474,223,251,0,0,0,1.0,1,1.0,1,1.0,1,0.3154051076537226,34
264,2,476,225,251,0,0,0,1.0,1,1.0,1,1.0,1,0.3824091385446498,34
265,1,477,225,252,0,0,0,1.0,1,1.0,1,1.0,1,0.40343619714475626,33
266,1,478,225,253,0,0,0,1.0,1,1.0,1,1.0,1,0.37053226508187004,34
267,0,478,225,253,0,0,0,1.0,1,1.0,1,1.0,1,0.36398587757357315,33
268,1,479,225,254,0,0,0,1.0,1,1.0,1,1.0,1,0.35942669023384727,34
269,2,481,227,254,0,0,0,1.0,1,1.0,1,1.0,1,0.3482979031396721,34
270,2,483,227,256,0,0,0,1.0,1,1.0,1,1.0,1,0.31884114991602347,36
271,0,483,227,256,0,0,0,1.0,1,1.0,1,1.0,1,0.31884114991602347,36
272,1,484,227,257,0,0,0,1.0,1,1.0,1,1.0,1,0.30974769365214916,38
273,0,484,227,257,0,0,0,1.0,1,1.0,1,1.0,1,0.30974769365214916,38
274,3,487,229,258,0,0,0,1.0,1,1.0,1,1.0,1,0.2542185105865098,38
275,1,488,229,259,0,0,0,1.0,1,1.0,1,1.0,1,0.23037520661101496,38
276,0,488,229,259,0,0,0,1.0,1,1.0,1,1.0,1,0.23708876098063583,39
277,1,489,230,259,0,0,0,1.0,1,1.0,1,1.0,1,0.2488472363258755,38
278,0,489,230,259,0,0,0,1.0,1,1.0,1,1.0,1,0.2617400627924765,38
279,0,489,230,259,0,0,0,1.0,1,1.0,1,1.0,1,0.24880883152578803,38
280,0,489,230,259,0,0,0,1.0,1,1.0,1,1.0,1,0.28713960586941856,38
281,0,489,230,259,0,0,0,1.0,1,1.0,1,1.0,1,0.28212278494886117,38
282,0,489,230,259,0,0,0,1.0,1,1.0,1,1.0,1,0.28177655343231417,38
283,1,490,231,259,0,0,0,1.0,1,1.0,1,1.0,1,0.3106632223665409,38
284,1,491,231,260,0,0,0,1.0,1,1.0,1,1.0,1,0.2944195829675099,39
285,1,492,232,260,0,0,0,1.0,1,1.0,1,1.0,1,0.3374408983885594,39
286,0,492,232,260,0,0,0,1.0,1,1.0,1,1.0,1,0.3374408983885594,39
287,3,495,233,262,0,0,0,1.0,1,1.0,1,1.0,1,0.35523341536003583,39
288,2,497,233,264,0,0,0,1.0,1,1.0,1,1.0,1,0.2928036981046739,39
289,0,497,233,264,0,0,0,1.0,1,1.0,1,1.0,1,0.2928036981046739,39
290,0,497,233,264,0,0,0,1.0,1,1.0,1,1.0,1,0.29306867968411765,39
291,1,498,233,265,0,0,0,1.0,1,1.0,1,1.0,1,0.27372303099074247,39
292,2,500,233,267,0,0,0,1.0,1,1.0,1,1.0,1,0.22957095674167596,40
293,2,502,233,269,0,0,0,1.0,1,1.0,1,1.0,1,0.19406678397101512,41
294,2,504,234,270,0,0,0,1.0,1,1.0,1,1.0,1,0.1611038938075121,40
295,4,508,237,271,0,0,0,1.0,1,1.0,1,1.0,1,0.18314445636256635,42
296,3,511,240,271,0,0,0,1.0,1,1.0,1,1.0,1,0.17674871128118935,42
297,4,515,242,273,0,0,0,1.0,1,1.0,1,1.0,1,0.14806946719688693,43
298,2,517,243,274,0,0,0,1.0,1,1.0,1,1.0,1,0.19732111508129346,44
299,2,519,244,275,0,0,0,1.0,1,1.0,1,1.0,1,0.19017382857633516,44
300,1,520,244,276,0,0,0,1.0,1,1.0,1,1.0,1,0.19295629392924984,45
301,4,524,247,277,0,0,0,1.0,1,1.0,1,1.0,1,0.20858567289447696,47
302,5,529,249,280,0,0,0,1.0,1,1.0,1,1.0,1,0.18539407182145476,46
303,2,531,250,281,0,0,0,1.0,1,1.0,1,1.0,1,0.18866217973144683,45
304,1,532,251,281,0,0,0,1.0,1,1.0,1,1.0,1,0.19214528128463945,45
305,2,534,251,283,0,0,0,1.0,1,1.0,1,1.0,1,0.1650292981447466,43
306,3,537,252,285,0,0,0,1.0,1,1.0,1,1.0,1,0.19686576370847067,44
307,1,538,253,285,0,0,0,1.0,1,1.0,1,1.0,1,0.21977694215713306,42
308,2,540,255,285,0,0,0,1.0,1,1.0,1,1.0,1,0.22631325942919592,41
309,3,543,255,288,0,0,0,1.0,1,1.0,1,1.0,1,0.1501541452911487,42
310,0,543,255,288,0,0,0,1.0,1,1.0,1,1.0,1,0.15101041506096902,41
311,0,543,255,288,0,0,0,1.0,1,1.0,1,1.0,1,0.15101041506096902,41
312,0,543,255,288,0,0,0,1.0,1,1.0,1,1.0,1,0.1299142597254892,44
313,0,543,255,288,0,0,0,1.0,1,1.0,1,1.0,1,0.1382842384635424,43
314,1,544,256,288,0,0,0,1.0,1,1.0,1,1.0,1,0.14201199144527973,43
315,2,546,257,289,0,0,0,1.0,1,1.0,1,1.0,1,0.18627062552067075,43
316,0,546,257,289,0,0,0,1.0,1,1.0,1,1.0,1,0.18627062552067075,43
317,1,547,257,290,0,0,0,1.0,1,1.0,1,1.0,1,0.14383953542385483,44
318,2,549,259,290,0,0,0,1.0,1,1.0,1,1.0,1,0.2067166081720345,45
319,1,550,259,291,0,0,0,1.0,1,1.0,1,1.0,1,0.1703399321457128,46
320,1,551,260,291,0,0,0,1.0,1,1.0,1,1.0,1,0.2303638781157305,45
321,0,551,260,291,0,0,0,1.0,1,1.0,1,1.0,1,0.21543698291308386,44
322,0,551,260,291,0,0,0,1.0,1,1.0,1,1.0,1,0.23986031511388697,42
323,4,555,262,293,0,0,0,1.0,1,1.0,1,1.0,1,0.18038944404408105,42
324,0,555,262,293,0,0,0,1.0,1,1.0,1,1.0,1,0.1919546279526096,43
325,3,558,264,294,0,0,0,1.0,1,1.0,1,1.0,1,0.23118979346009996,43
326,1,559,264,295,0,0,0,1.0,1,1.0,1,1.0,1,0.20178158025493273,43
327,3,562,266,296,0,0,0,1.0,1,1.0,1,1.0,1,0.2378738133458881,44
328,1,563,266,297,0,0,0,1.0,1,1.0,1,1.0,1,0.21219658769044142,44
329,0,563,266,297,0,0,0,1.0,1,1.0,1,1.0,1,0.19486156630181095,45
330,1,564,266,298,0,0,0,1.0,1,1.0,1,1.0,1,0.1813349941397751,46
331,0,564,266,298,0,0,0,1.0,1,1.0,1,1.0,1,0.1813349941397751,46
332,0,564,266,298,0,0,0,1.0,1,1.0,1,1.0,1,0.1642729606617385,47
333,0,564,266,298,0,0,0,1.0,1,1.0,1,1.0,1,0.1775112240765379,48
334,0,564,266,298,0,0,0,1.0,1,1.0,1,1.0,1,0.1775112240765379,48
335,1,565,267,298,0,0,0,1.0,1,1.0,1,1.0,1,0.17882707683199442,49
336,2,567,267,300,0,0,0,1.0,1,1.0,1,1.0,1,0.18222434001235915,50
337,3,570,268,302,0,0,0,1.0,1,1.0,1,1.0,1,0.1706196372319547,51
338,0,570,268,302,0,0,0,1.0,1,1.0,1,1.0,1,0.1706196372319547,51
339,2,572,269,303,0,0,0,1.0,1,1.0,1,1.0,1,0.15774058743100708,51
340,1,573,270,303,0,0,0,1.0,1,1.0,1,1.0,1,0.18033093974064915,51
341,1,574,270,304,0,0,0,1.0,1,1.0,1,1.0,1,0.17141799333143753,51
342,1,575,271,304,0,0,0,1.0,1,1.0,1,1.0,1,0.19946714271287772,51
343,2,577,271,306,0,0,0,1.0,1,1.0,1,1.0,1,0.17082415215731614,51
344,0,577,271,306,0,0,0,1.0,1,1.0,1,1.0,1,0.1700421661995649,50
345,0,577,271,306,0,0,0,1.0,1,1.0,1,1.0,1,0.1700421661995649,50
346,3,580,273,307,0,0,0,1.0,1,1.0,1,1.0,1,0.2235650054561291,50
347,1,581,273,308,0,0,0,1.0,1,1.0,1,1.0,1,0.20759653394604888,51
348,2,583,275,308,0,0,0,1.0,1,1.0,1,1.0,1,0.23515160408554708,52
349,3,586,277,309,0,0,0,1.0,1,1.0,1,1.0,1,0.22478751135020947,54
350,4,590,277,313,0,0,0,1.0,1,1.0,1,1.0,1,0.21475579407582202,54
351,2,592,279,313,0,0,0,1.0,1,1.0,1,1.0,1,0.2136599678363337,54
352,3,595,280,315,0,0,0,1.0,1,1.0,1,1.0,1,0.23286208779894968,56
353,2,597,282,315,0,0,0,1.0,1,1.0,1,1.0,1,0.1783881083719471,54
354,0,597,282,315,0,0,0,1.0,1,1.0,1,1.0,1,0.19483255351028297,53
355,2,599,283,316,0,0,0,1.0,1,1.0,1,1.0,1,0.17128538166232635,54
356,1,600,284,316,0,0,0,1.0,1,1.0,1,1.0,1,0.2006857645975654,54
357,5,605,289,316,0,0,0,1.0,1,1.0,1,1.0,1,0.28482636586545257,53
358,2,607,289,318,0,0,0,1.0,1,1.0,1,1.0,1,0.273594014701019,49
359,0,607,289,318,0,0,0,1.0,1,1.0,1,1.0,1,0.26440743274421824,48
360,0,607,289,318,0,0,0,1.0,1,1.0,1,1.0,1,0.2828658364437312,47
361,2,609,289,320,0,0,0,1.0,1,1.0,1,1.0,1,0.22328601464064982,46
362,0,609,289,320,0,0,0,1.0,1,1.0,1,1.0,1,0.22427829906275754,46
363,1,610,290,320,0,0,0,1.0,1,1.0,1,1.0,1,0.21349974617137832,47
364,1,611,290,321,0,0,0,1.0,1,1.0,1,1.0,1,0.19669372751157915,47
365,0,611,290,321,0,0,0,1.0,1,1.0,1,1.0,1,0.19669372751157915,47
366,3,614,292,322,0,0,0,1.0,1,1.0,1,1.0,1,0.2397503634104802,50
367,0,614,292,322,0,0,0,1.0,1,1.0,1,1.0,1,0.2397503634104802,50
368,0,614,292,322,0,0,0,1.0,1,1.0,1,1.0,1,0.22633967753668466,51
369,1,615,292,323,0,0,0,1.0,1,1.0,1,1.0,1,0.22463004036874706,51
370,1,616,292,324,0,0,0,1.0,1,1.0,1,1.0,1,0.20393491723288154,51
371,1,617,292,325,0,0,0,1.0,1,1.0,1,1.0,1,0.23621466430824184,52
372,0,617,292,325,0,0,0,1.0,1,1.0,1,1.0,1,0.23587506194123575,53
373,2,619,294,325,0,0,0,1.0,1,1.0,1,1.0,1,0.23437162014178348,53
374,2,621,294,327,0,0,0,1.0,1,1.0,1,1.0,1,0.22092943759791528,53
375,7,628,298,330,0,0,0,1.0,1,1.0,1,1.0,1,0.20144081795538207,53
376,0,628,298,330,0,0,0,1.0,1,1.0,1,1.0,1,0.20144081795538207,53
377,3,631,300,331,0,0,0,1.0,1,1.0,1,1.0,1,0.18137261126106152,53
378,1,632,301,331,0,0,0,1.0,1,1.0,1,1.0,1,0.1658896294951806,53
379,1,633,302,331,0,0,0,1.0,1,1.0,1,1.0,1,0.18141796663277582,54
380,3,636,305,331,0,0,0,1.0,1,1.0,1,1.0,1,0.17791182900286767,54
381,1,637,306,331,0,0,0,1.0,1,1.0,1,1.0,1,0.18739061095931536,54
382,2,639,308,331,0,0,0,1.0,1,1.0,1,1.0,1,0.18856905068135962,55
383,2,641,310,331,0,0,0,1.0,1,1.0,1,1.0,1,0.19291249206104605,55
384,2,643,310,333,0,0,0,1.0,1,1.0,1,1.0,1,0.17818661728683724,54
385,2,645,310,335,0,0,0,1.0,1,1.0,1,1.0,1,0.150308857632233,52
386,1,646,311,335,0,0,0,1.0,1,1.0,1,1.0,1,0.16094908751007297,52
387,3,649,313,336,0,0,0,1.0,1,1.0,1,1.0,1,0.16686800301085425,50
388,2,651,314,337,0,0,0,1.0,1,1.0,1,1.0,1,0.16768592016546488,52
389,2,653,314,339,0,0,0,1.0,1,1.0,1,1.0,1,0.16857114159642214,51
390,2,655,316,339,0,0,0,1.0,1,1.0,1,1.0,1,0.16391201183022322,50
391,3,658,318,340,0,0,0,1.0,1,1.0,1,1.0,1,0.2154806726546774,49
392,3,661,320,341,0,0,0,1.0,1,1.0,1,1.0,1,0.2345571178612178,47
393,1,662,321,341,0,0,0,1.0,1,1.0,1,1.0,1,0.26382557228527376,47
394,4,666,323,343,0,0,0,1.0,1,1.0,1,1.0,1,0.2574516071480405,48
395,5,671,324,347,0,0,0,1.0,1,1.0,1,1.0,1,0.2648786827342456,46
396,3,674,326,348,0,0,0,1.0,1,1.0,1,1.0,1,0.29154220205813103,43
397,2,676,326,350,0,0,0,1.0,1,1.0,1,1.0,1,0.27640399785721403,42
398,2,678,327,351,0,0,0,1.0,1,1.0,1,1.0,1,0.3090952753506961,40
399,0,678,327,351,0,0,0,1.0,1,1.0,1,1.0,1,0.2981248224592934,39
400,2,680,328,352,0,0,0,1.0,1,1.0,1,1.0,1,0.23678914818047717,38
401,1,681,328,353,0,0,0,1.0,1,1.0,1,1.0,1,0.24702437431989965,37
402,1,682,329,353,0,0,0,1.0,1,1.0,1,1.0,1,0.2259645974371426,36
403,1,683,330,353,0,0,0,1.0,1,1.0,1,1.0,1,0.18832612232298543,38
404,1,684,331,353,0,0,0,1.0,1,1.0,1,1.0,1,0.23566229258173027,39
405,2,686,331,355,0,0,0,1.0,1,1.0,1,1.0,1,0.18244984580463122,40
406,1,687,331,356,0,0,0,1.0,1,1.0,1,1.0,1,0.18214466883120012,41
407,0,687,331,356,0,0,0,1.0,1,1.0,1,1.0,1,0.167390034955557,42
408,0,687,331,356,0,0,0,1.0,1,1.0,1,1.0,1,0.17551816510757037,43
409,1,688,332,356,0,0,0,1.0,1,1.0,1,1.0,1,0.21874594085835702,44
410,0,688,332,356,0,0,0,1.0,1,1.0,1,1.0,1,0.23153462955081797,46
411,1,689,333,356,0,0,0,1.0,1,1.0,1,1.0,1,0.25509690502027677,46
412,2,691,333,358,0,0,0,1.0,1,1.0,1,1.0,1,0.25068084864789175,47
413,1,692,334,358,0,0,0,1.0,1,1.0,1,1.0,1,0.27711186054171544,47
414,0,692,334,358,0,0,0,1.0,1,1.0,1,1.0,1,0.27711186054171544,47
415,2,694,335,359,0,0,0,1.0,1,1.0,1,1.0,1,0.25233866371638836,48
416,0,694,335,359,0,0,0,1.0,1,1.0,1,1.0,1,0.25858351491861187,49
417,0,694,335,359,0,0,0,1.0,1,1.0,1,1.0,1,0.25858351491861187,49
418,3,697,336,361,0,0,0,1.0,1,1.0,1,1.0,1,0.23568239630804477,50
419,1,698,336,362,0,0,0,1.0,1,1.0,1,1.0,1,0.21796225005883782,50
420,1,699,337,362,0,0,0,1.0,1,1.0,1,1.0,1,0.21411088598147884,50
421,1,700,337,363,0,0,0,1.0,1,1.0,1,1.0,1,0.20203307734038453,50
422,2,702,337,365,0,0,0,1.0,1,1.0,1,1.0,1,0.1989771642533713,50
423,3,705,340,365,0,0,0,1.0,1,1.0,1,1.0,1,0.23484594532913755,51
424,0,705,340,365,0,0,0,1.0,1,1.0,1,1.0,1,0.2315675274709311,49
425,1,706,341,365,0,0,0,1.0,1,1.0,1,1.0,1,0.2680269227504629,48
426,2,708,341,367,0,0,0,1.0,1,1.0,1,1.0,1,0.22683614093854781,50
427,5,713,344,369,0,0,0,1.0,1,1.0,1,1.0,1,0.25049922503726596,48
428,5,718,347,371,0,0,0,1.0,1,1.0,1,1.0,1,0.30633633138617433,49
429,3,721,348,373,0,0,0,1.0,1,1.0,1,1.0,1,0.2713559398081754,45
430,3,724,349,375,0,0,0,1.0,1,1.0,1,1.0,1,0.23597903513960308,44
431,2,726,349,377,0,0,0,1.0,1,1.0,1,1.0,1,0.2059279688083909,42
432,0,726,349,377,0,0,0,1.0,1,1.0,1,1.0,1,0.1985417478321743,40
433,1,727,350,377,0,0,0,1.0,1,1.0,1,1.0,1,0.21483421305733386,39
434,1,728,351,377,0,0,0,1.0,1,1.0,1,1.0,1,0.20096679105906304,39
435,2,730,353,377,0,0,0,1.0,1,1.0,1,1.0,1,0.29363367396313694,38
436,0,730,353,377,0,0,0,1.0,1,1.0,1,1.0,1,0.29363367396313694,38
437,3,733,353,380,0,0,0,1.0,1,1.0,1,1.0,1,0.24323144454001233,39
438,0,733,353,380,0,0,0,1.0,1,1.0,1,1.0,1,0.2398451478761996,38
439,0,733,353,380,0,0,0,1.0,1,1.0,1,1.0,1,0.2534326154514157,39
440,1,734,353,381,0,0,0,1.0,1,1.0,1,1.0,1,0.21422510356630572,39
441,2,736,354,382,0,0,0,1.0,1,1.0,1,1.0,1,0.1724617642538167,41
442,0,736,354,382,0,0,0,1.0,1,1.0,1,1.0,1,0.1840927980282745,42
443,0,736,354,382,0,0,0,1.0,1,1.0,1,1.0,1,0.1840927980282745,42
444,1,737,354,383,0,0,0,1.0,1,1.0,1,1.0,1,0.1591516175688253,43
445,2,739,356,383,0,0,0,1.0,1,1.0,1,1.0,1,0.17893415615980285,44
446,2,741,357,384,0,0,0,1.0,1,1.0,1,1.0,1,0.2078327287199356,44
447,2,743,358,385,0,0,0,1.0,1,1.0,1,1.0,1,0.19732732964850336,47
448,1,744,359,385,0,0,0,1.0,1,1.0,1,1.0,1,0.2430741806567922,46
449,0,744,359,385,0,0,0,1.0,1,1.0,1,1.0,1,0.2430741806567922,46
450,1,745,359,386,0,0,0,1.0,1,1.0,1,1.0,1,0.25678704858983803,46
451,2,747,360,387,0,0,0,1.0,1,1.0,1,1.0,1,0.2391898061169225,47
452,0,747,360,387,0,0,0,1.0,1,1.0,1,1.0,1,0.2570244649892505,47
453,0,747,360,387,0,0,0,1.0,1,1.0,1,1.0,1,0.2570244649892505,47
454,1,748,360,388,0,0,0,1.0,1,1.0,1,1.0,1,0.22746738936259503,46
455,4,752,362,390,0,0,0,1.0,1,1.0,1,1.0,1,0.2006845644239727,47
456,1,753,363,390,0,0,0,1.0,1,1.0,1,1.0,1,0.21803606093411576,49
457,3,756,364,392,0,0,0,1.0,1,1.0,1,1.0,1,0.19919110497796694,50
458,0,756,364,392,0,0,0,1.0,1,1.0,1,1.0,1,0.19919110497796694,50
459,1,757,364,393,0,0,0,1.0,1,1.0,1,1.0,1,0.1661280387780179,52
460,2,759,364,395,0,0,0,1.0,1,1.0,1,1.0,1,0.15495625842737198,53
461,1,760,364,396,0,0,0,1.0,1,1.0,1,1.0,1,0.16415055819893104,54
462,0,760,364,396,0,0,0,1.0,1,1.0,1,1.0,1,0.16415055819893104,54
463,3,763,365,398,0,0,0,1.0,1,1.0,1,1.0,1,0.14912510535810705,55
464,1,764,366,398,0,0,0,1.0,1,1.0,1,1.0,1,0.17591712768800025,56
465,2,766,367,399,0,0,0,1.0,1,1.0,1,1.0,1,0.15756976736215664,54
466,5,771,369,402,0,0,0,1.0,1,1.0,1,1.0,1,0.16186188294562237,54
467,2,773,371,402,0,0,0,1.0,1,1.0,1,1.0,1,0.1851721214711281,51
468,5,778,374,404,0,0,0,1.0,1,1.0,1,1.0,1,0.1781938307951613,51
469,3,781,374,407,0,0,0,1.0,1,1.0,1,1.0,1,0.13582583686721122,48
470,3,784,376,408,0,0,0,1.0,1,1.0,1,1.0,1,0.1400340928800835,47
471,1,785,377,408,0,0,0,1.0,1,1.0,1,1.0,1,0.15990743194874327,44
472,5,790,381,409,0,0,0,1.0,1,1.0,1,1.0,1,0.2305135718351417,43
473,2,792,382,410,0,0,0,1.0,1,1.0,1,1.0,1,0.1705051487776396,41
474,0,792,382,410,0,0,0,1.0,1,1.0,1,1.0,1,0.21402919471791854,39
475,2,794,384,410,0,0,0,1.0,1,1.0,1,1.0,1,0.24528976653804613,40
476,3,797,386,411,0,0,0,1.0,1,1.0,1,1.0,1,0.26324922043474863,38
477,3,800,388,412,0,0,0,1.0,1,1.0,1,1.0,1,0.3004815229565806,35
478,0,800,388,412,0,0,0,1.0,1,1.0,1,1.0,1,0.29409041322443746,35
479,1,801,389,412,0,0,0,1.0,1,1.0,1,1.0,1,0.314602883281373,32
480,0,801,389,412,0,0,0,1.0,1,1.0,1,1.0,1,0.345684867224999,32
481,0,801,389,412,0,0,0,1.0,1,1.0,1,1.0,1,0.32795769956259985,33
482,2,803,390,413,0,0,0,1.0,1,1.0,1,1.0,1,0.31469109543819396,34
483,0,803,390,413,0,0,0,1.0,1,1.0,1,1.0,1,0.31606782863223654,32
484,2,805,391,414,0,0,0,1.0,1,1.0,1,1.0,1,0.3039001901650115,33
485,4,809,392,417,0,0,0,1.0,1,1.0,1,1.0,1,0.2783684428518933,34
486,3,812,392,420,0,0,0,1.0,1,1.0,1,1.0,1,0.25669385610643,36
487,3,815,392,423,0,0,0,1.0,1,1.0,1,1.0,1,0.214157014462214,36
488,0,815,392,423,0,0,0,1.0,1,1.0,1,1.0,1,0.2291954803643933,37
489,3,818,394,424,0,0,0,1.0,1,1.0,1,1.0,1,0.28250262630823897,38
490,1,819,395,424,0,0,0,1.0,1,1.0,1,1.0,1,0.29500889147040354,38
491,0,819,395,424,0,0,0,1.0,1,1.0,1,1.0,1,0.30064888345622187,37
492,2,821,396,425,0,0,0,1.0,1,1.0,1,1.0,1,0.29685045828768614,37
493,2,823,396,427,0,0,0,1.0,1,1.0,1,1.0,1,0.25156091209152776,37
494,7,830,399,431,0,0,0,1.0,1,1.0,1,1.0,1,0.2803652610808008,39
495,3,833,399,434,0,0,0,1.0,1,1.0,1,1.0,1,0.2707076091305561,40
496,1,834,399,435,0,0,0,1.0,1,1.0,1,1.0,1,0.24701999446744163,40
497,2,836,399,437,0,0,0,1.0,1,1.0,1,1.0,1,0.18919284772344364,43
498,1,837,400,437,0,0,0,1.0,1,1.0,1,1.0,1,0.18264148375785416,43
499,1,838,401,437,0,0,0,1.0,1,1.0,1,1.0,1,0.2236032087357574,44
500,4,842,402,440,0,0,0,1.0,1,1.0,1,1.0,1,0.19339699255888215,45
501,1,843,402,441,0,0,0,1.0,1,1.0,1,1.0,1,0.16334539226965855,45
502,2,845,403,442,0,0,0,1.0,1,1.0,1,1.0,1,0.15924634201344098,45
503,1,846,404,442,0,0,0,1.0,1,1.0,1,1.0,1,0.16326355449534707,46
504,3,849,406,443,0,0,0,1.0,1,1.0,1,1.0,1,0.20454892895180965,47
505,0,849,406,443,0,0,0,1.0,1,1.0,1,1.0,1,0.2177463403059817,42
506,2,851,408,443,0,0,0,1.0,1,1.0,1,1.0,1,0.3033939757188597,41
507,1,852,408,444,0,0,0,1.0,1,1.0,1,1.0,1,0.24691134929716124,38
508,2,854,410,444,0,0,0,1.0,1,1.0,1,1.0,1,0.32651652816885096,38
509,0,854,410,444,0,0,0,1.0,1,1.0,1,1.0,1,0.3664392627618828,37
510,1,855,411,444,0,0,0,1.0,1,1.0,1,1.0,1,0.4079104871339107,36
511,4,859,412,447,0,0,0,1.0,1,1.0,1,1.0,1,0.3623694364583121,34
512,0,859,412,447,0,0,0,1.0,1,1.0,1,1.0,1,0.35108623410473205,32
513,0,859,412,447,0,0,0,1.0,1,1.0,1,1.0,1,0.35108623410473205,32
514,1,860,412,448,0,0,0,1.0,1,1.0,1,1.0,1,0.3216418900052488,35
515,1,861,412,449,0,0,0,1.0,1,1.0,1,1.0,1,0.290287366425792,35
516,2,863,412,451,0,0,0,1.0,1,1.0,1,1.0,1,0.2731490775605549,36
517,0,863,412,451,0,0,0,1.0,1,1.0,1,1.0,1,0.2731490775605549,36
518,3,866,412,454,0,0,0,1.0,1,1.0,1,1.0,1,0.25843220117053295,39
519,1,867,413,454,0,0,0,1.0,1,1.0,1,1.0,1,0.25641422993279894,39
520,1,868,414,454,0,0,0,1.0,1,1.0,1,1.0,1,0.2515580188898494,39
521,1,869,414,455,0,0,0,1.0,1,1.0,1,1.0,1,0.2246147969468772,40
522,0,869,414,455,0,0,0,1.0,1,1.0,1,1.0,1,0.2246147969468772,40
523,1,870,415,455,0,0,0,1.0,1,1.0,1,1.0,1,0.23555402912819162,41
524,1,871,415,456,0,0,0,1.0,1,1.0,1,1.0,1,0.21400603596409848,41
525,2,873,417,456,0,0,0,1.0,1,1.0,1,1.0,1,0.24519970304351413,40
526,0,873,417,456,0,0,0,1.0,1,1.0,1,1.0,1,0.25468903354230316,40
527,1,874,418,456,0,0,0,1.0,1,1.0,1,1.0,1,0.2893663295616709,40
528,1,875,419,456,0,0,0,1.0,1,1.0,1,1.0,1,0.29036481413799053,40
529,3,878,419,459,0,0,0,1.0,1,1.0,1,1.0,1,0.25680872694377543,39
530,0,878,419,459,0,0,0,1.0,1,1.0,1,1.0,1,0.25680872694377543,39
531,0,878,419,459,0,0,0,1.0,1,1.0,1,1.0,1,0.26112756389341857,39
532,1,879,420,459,0,0,0,1.0,1,1.0,1,1.0,1,0.3114055099201879,40
533,1,880,421,459,0,0,0,1.0,1,1.0,1,1.0,1,0.3591971271370871,40
534,2,882,421,461,0,0,0,1.0,1,1.0,1,1.0,1,0.3305965581610125,42
535,2,884,422,462,0,0,0,1.0,1,1.0,1,1.0,1,0.3479809245865043,42
536,2,886,422,464,0,0,0,1.0,1,1.0,1,1.0,1,0.30816570840503005,43
537,2,888,422,466,0,0,0,1.0,1,1.0,1,1.0,1,0.26127235965715423,43
538,2,890,423,467,0,0,0,1.0,1,1.0,1,1.0,1,0.2718141150592981,44
539,0,890,423,467,0,0,0,1.0,1,1.0,1,1.0,1,0.2718141150592981,44
540,0,890,423,467,0,0,0,1.0,1,1.0,1,1.0,1,0.2718141150592981,44
541,0,890,423,467,0,0,0,1.0,1,1.0,1,1.0,1,0.2609342069356496,45
542,2,892,424,468,0,0,0,1.0,1,1.0,1,1.0,1,0.26411502821567745,46
543,5,897,427,470,0,0,0,1.0,1,1.0,1,1.0,1,0.28405978582414265,43
544,2,899,429,470,0,0,0,1.0,1,1.0,1,1.0,1,0.29743513615815137,42
545,3,902,430,472,0,0,0,1.0,1,1.0,1,1.0,1,0.2804794589325168,43
546,4,906,433,473,0,0,0,1.0,1,1.0,1,1.0,1,0.34963884820994706,41
547,0,906,433,473,0,0,0,1.0,1,1.0,1,1.0,1,0.31199822622619194,40
548,4,910,436,474,0,0,0,1.0,1,1.0,1,1.0,1,0.3539828578173536,40
549,4,914,437,477,0,0,0,1.0,1,1.0,1,1.0,1,0.2973000764300381,39
550,2,916,438,478,0,0,0,1.0,1,1.0,1,1.0,1,0.31221964595632723,38
551,3,919,440,479,0,0,0,1.0,1,1.0,1,1.0,1,0.33843331912393443,38
552,1,920,441,479,0,0,0,1.0,1,1.0,1,1.0,1,0.3646275845465183,39
553,2,922,441,481,0,0,0,1.0,1,1.0,1,1.0,1,0.33291164917758387,38
554,2,924,442,482,0,0,0,1.0,1,1.0,1,1.0,1,0.33232977871472885,39
555,0,924,442,482,0,0,0,1.0,1,1.0,1,1.0,1,0.32108409632250584,39
556,2,926,443,483,0,0,0,1.0,1,1.0,1,1.0,1,0.3271699682136154,40
557,0,926,443,483,0,0,0,1.0,1,1.0,1,1.0,1,0.3425488458949161,40
558,1,927,443,484,0,0,0,1.0,1,1.0,1,1.0,1,0.32585029967382045,40
559,2,929,444,485,0,0,0,1.0,1,1.0,1,1.0,1,0.29827730323982804,40
560,1,930,444,486,0,0,0,1.0,1,1.0,1,1.0,1,0.282071775924206,41
561,4,934,445,489,0,0,0,1.0,1,1.0,1,1.0,1,0.2457164071907012,42
562,1,935,446,489,0,0,0,1.0,1,1.0,1,1.0,1,0.26143925564504783,42
563,1,936,447,489,0,0,0,1.0,1,1.0,1,1.0,1,0.2933503731620569,42
564,1,937,447,490,0,0,0,1.0,1,1.0,1,1.0,1,0.3063159516791374,43
565,3,940,448,492,0,0,0,1.0,1,1.0,1,1.0,1,0.2652332166907956,44
566,0,940,448,492,0,0,0,1.0,1,1.0,1,1.0,1,0.2703310395911181,45
567,0,940,448,492,0,0,0,1.0,1,1.0,1,1.0,1,0.2703310395911181,45
568,3,943,448,495,0,0,0,1.0,1,1.0,1,1.0,1,0.1867394595130438,46
569,2,945,450,495,0,0,0,1.0,1,1.0,1,1.0,1,0.2088003498349365,47
570,2,947,451,496,0,0,0,1.0,1,1.0,1,1.0,1,0.22038269823231996,48
571,2,949,452,497,0,0,0,1.0,1,1.0,1,1.0,1,0.2331433175317852,48
572,0,949,452,497,0,0,0,1.0,1,1.0,1,1.0,1,0.2307468284544441,47
573,0,949,452,497,0,0,0,1.0,1,1.0,1,1.0,1,0.23474088007586763,49
574,0,949,452,497,0,0,0,1.0,1,1.0,1,1.0,1,0.23474088007586763,49
575,1,950,452,498,0,0,0,1.0,1,1.0,1,1.0,1,0.19326881060482853,50
576,2,952,452,500,0,0,0,1.0,1,1.0,1,1.0,1,0.1854068941415687,51
577,1,953,452,501,0,0,0,1.0,1,1.0,1,1.0,1,0.1600388834235089,51
578,1,954,452,502,0,0,0,1.0,1,1.0,1,1.0,1,0.1556318688347674,51
579,2,956,454,502,0,0,0,1.0,1,1.0,1,1.0,1,0.1761494391280848,52
580,1,957,454,503,0,0,0,1.0,1,1.0,1,1.0,1,0.20285268145880225,52
581,0,957,454,503,0,0,0,1.0,1,1.0,1,1.0,1,0.21683848814850182,52
582,4,961,455,506,0,0,0,1.0,1,1.0,1,1.0,1,0.2059871214927382,53
583,2,963,457,506,0,0,0,1.0,1,1.0,1,1.0,1,0.2512934695631519,51
584,4,967,460,507,0,0,0,1.0,1,1.0,1,1.0,1,0.23990077849010882,51
585,4,971,463,508,0,0,0,1.0,1,1.0,1,1.0,1,0.24489860231893038,49
586,4,975,466,509,0,0,0,1.0,1,1.0,1,1.0,1,0.20499719169325953,49
587,1,976,467,509,0,0,0,1.0,1,1.0,1,1.0,1,0.22054122727398098,48
588,2,978,469,509,0,0,0,1.0,1,1.0,1,1.0,1,0.22771642920931662,46
589,2,980,470,510,0,0,0,1.0,1,1.0,1,1.0,1,0.2389190519111699,48
590,3,983,471,512,0,0,0,1.0,1,1.0,1,1.0,1,0.21352357559845903,47
591,1,984,472,512,0,0,0,1.0,1,1.0,1,1.0,1,0.2303736907406349,48
592,1,985,473,512,0,0,0,1.0,1,1.0,1,1.0,1,0.22985014654796304,47
593,2,987,474,513,0,0,0,1.0,1,1.0,1,1.0,1,0.23956997548295803,45
594,2,989,475,514,0,0,0,1.0,1,1.0,1,1.0,1,0.23422593457775978,44
595,1,990,476,514,0,0,0,1.0,1,1.0,1,1.0,1,0.22750273669385515,43
596,1,991,477,514,0,0,0,1.0,1,1.0,1,1.0,1,0.25590746914368345,44
597,4,995,478,517,0,0,0,1.0,1,1.0,1,1.0,1,0.19629587121529368,43
598,1,996,479,517,0,0,0,1.0,1,1.0,1,1.0,1,0.18925654006947495,45
599,1,997,480,517,0,0,0,1.0,1,1.0,1,1.0,1,0.19476558623905194,44
600,0,997,480,517,0,0,0,1.0,1,1.0,1,1.0,1,0.19476558623905194,44
601,1,998,481,517,0,0,0,1.0,1,1.0,1,1.0,1,0.22434827081175057,45
602,4,1002,483,519,0,0,0,1.0,1,1.0,1,1.0,1,0.26596533566217745,46
603,0,1002,483,519,0,0,0,1.0,1,1.0,1,1.0,1,0.2623812606443993,46
604,2,1004,484,520,0,0,0,1.0,1,1.0,1,1.0,1,0.2548510089665305,47
605,1,1005,484,521,0,0,0,1.0,1,1.0,1,1.0,1,0.21059876610463474,47
606,0,1005,484,521,0,0,0,1.0,1,1.0,1,1.0,1,0.23129094961149457,47
607,3,1008,485,523,0,0,0,1.0,1,1.0,1,1.0,1,0.19803599326762417,48
608,0,1008,485,523,0,0,0,1.0,1,1.0,1,1.0,1,0.22232387916867183,47
609,2,1010,485,525,0,0,0,1.0,1,1.0,1,1.0,1,0.1676891170031965,48
610,1,1011,485,526,0,0,0,1.0,1,1.0,1,1.0,1,0.15045715007357247,48
611,2,1013,487,526,0,0,0,1.0,1,1.0,1,1.0,1,0.14740081067621288,49
612,1,1014,487,527,0,0,0,1.0,1,1.0,1,1.0,1,0.13366032315314674,50
613,2,1016,488,528,0,0,0,1.0,1,1.0,1,1.0,1,0.1278541208790129,50
614,0,1016,488,528,0,0,0,1.0,1,1.0,1,1.0,1,0.1278541208790129,50
615,1,1017,489,528,0,0,0,1.0,1,1.0,1,1.0,1,0.14009591947957448,50
616,1,1018,490,528,0,0,0,1.0,1,1.0,1,1.0,1,0.15035087640942923,50
617,2,1020,490,530,0,0,0,1.0,1,1.0,1,1.0,1,0.12349612751455341,52
618,2,1022,490,532,0,0,0,1.0,1,1.0,1,1.0,1,0.10571854314006345,52
619,1,1023,491,532,0,0,0,1.0,1,1.0,1,1.0,1,0.10741422242084485,50
620,1,1024,491,533,0,0,0,1.0,1,1.0,1,1.0,1,0.13524776572506633,50
621,1,1025,492,533,0,0,0,1.0,1,1.0,1,1.0,1,0.14315559464918975,49
622,0,1025,492,533,0,0,0,1.0,1,1.0,1,1.0,1,0.14256335213109342,49
623,3,1028,494,534,0,0,0,1.0,1,1.0,1,1.0,1,0.18279748211967595,48
624,3,1031,496,535,0,0,0,1.0,1,1.0,1,1.0,1,0.236728387716462,46
625,1,1032,497,535,0,0,0,1.0,1,1.0,1,1.0,1,0.2092893498878572,45
626,5,1037,500,537,0,0,0,1.0,1,1.0,1,1.0,1,0.2250146575476835,44
627,4,1041,503,538,0,0,0,1.0,1,1.0,1,1.0,1,0.18419163337738087,44
628,2,1043,505,538,0,0,0,1.0,1,1.0,1,1.0,1,0.2148143326621936,44
629,1,1044,506,538,0,0,0,1.0,1,1.0,1,1.0,1,0.22427756080471706,41
630,1,1045,507,538,0,0,0,1.0,1,1.0,1,1.0,1,0.2708797389029642,40
631,5,1050,510,540,0,0,0,1.0,1,1.0,1,1.0,1,0.2694367804079211,38
632,1,1051,511,540,0,0,0,1.0,1,1.0,1,1.0,1,0.27836679076059045,38
633,2,1053,512,541,0,0,0,1.0,1,1.0,1,1.0,1,0.2975088418583695,36
634,0,1053,512,541,0,0,0,1.0,1,1.0,1,1.0,1,0.2915999784883205,35
635,1,1054,513,541,0,0,0,1.0,1,1.0,1,1.0,1,0.2961552022337342,35
636,3,1057,514,543,0,0,0,1.0,1,1.0,1,1.0,1,0.28103846208345074,36
637,1,1058,514,544,0,0,0,1.0,1,1.0,1,1.0,1,0.24954140207295894,35
638,1,1059,515,544,0,0,0,1.0,1,1.0,1,1.0,1,0.27148716513445076,34
639,1,1060,516,544,0,0,0,1.0,1,1.0,1,1.0,1,0.25389221836310466,36
640,4,1064,517,547,0,0,0,1.0,1,1.0,1,1.0,1,0.23945850587656287,37
641,2,1066,517,549,0,0,0,1.0,1,1.0,1,1.0,1,0.19629185936670057,37
642,0,1066,517,549,0,0,0,1.0,1,1.0,1,1.0,1,0.1813621647445256,38
643,1,1067,517,550,0,0,0,1.0,1,1.0,1,1.0,1,0.15447449465944604,39
644,2,1069,518,551,0,0,0,1.0,1,1.0,1,1.0,1,0.1748411625937359,39
645,1,1070,518,552,0,0,0,1.0,1,1.0,1,1.0,1,0.18119163314406256,39
646,2,1072,519,553,0,0,0,1.0,1,1.0,1,1.0,1,0.22627012813036818,40
647,0,1072,519,553,0,0,0,1.0,1,1.0,1,1.0,1,0.22627012813036818,40
648,1,1073,520,553,0,0,0,1.0,1,1.0,1,1.0,1,0.24678396560271987,40
649,1,1074,520,554,0,0,0,1.0,1,1.0,1,1.0,1,0.22864707186289057,40
650,3,1077,522,555,0,0,0,1.0,1,1.0,1,1.0,1,0.2718419402575054,41
651,3,1080,523,557,0,0,0,1.0,1,1.0,1,1.0,1,0.25560451762680886,42
652,0,1080,523,557,0,0,0,1.0,1,1.0,1,1.0,1,0.2822251012146368,41
653,3,1083,523,560,0,0,0,1.0,1,1.0,1,1.0,1,0.2142818808291169,41
654,1,1084,523,561,0,0,0,1.0,1,1.0,1,1.0,1,0.19674394867235312,42
655,1,1085,523,562,0,0,0,1.0,1,1.0,1,1.0,1,0.18394872907943674,45
656,2,1087,525,562,0,0,0,1.0,1,1.0,1,1.0,1,0.24991220810831882,45
657,3,1090,525,565,0,0,0,1.0,1,1.0,1,1.0,1,0.19250614587641698,43
658,1,1091,526,565,0,0,0,1.0,1,1.0,1,1.0,1,0.24710742522168674,43
659,0,1091,526,565,0,0,0,1.0,1,1.0,1,1.0,1,0.23371205278489365,43
660,3,1094,529,565,0,0,0,1.0,1,1.0,1,1.0,1,0.3110899859733013,43
661,0,1094,529,565,0,0,0,1.0,1,1.0,1,1.0,1,0.3163770186701669,41
662,2,1096,530,566,0,0,0,1.0,1,1.0,1,1.0,1,0.35629393071148574,40
663,3,1099,531,568,0,0,0,1.0,1,1.0,1,1.0,1,0.3079423148748527,39
664,2,1101,533,568,0,0,0,1.0,1,1.0,1,1.0,1,0.3411584424245599,36
665,4,1105,534,571,0,0,0,1.0,1,1.0,1,1.0,1,0.28392642787338224,36
666,2,1107,536,571,0,0,0,1.0,1,1.0,1,1.0,1,0.2748475095744433,36
667,2,1109,537,572,0,0,0,1.0,1,1.0,1,1.0,1,0.2742521672248285,35
668,2,1111,538,573,0,0,0,1.0,1,1.0,1,1.0,1,0.26523276229789183,34
669,2,1113,539,574,0,0,0,1.0,1,1.0,1,1.0,1,0.28059775314296537,34
670,4,1117,540,577,0,0,0,1.0,1,1.0,1,1.0,1,0.2059773905997941,32
671,3,1120,541,579,0,0,0,1.0,1,1.0,1,1.0,1,0.13829722070382452,33
672,0,1120,541,579,0,0,0,1.0,1,1.0,1,1.0,1,0.16931035550740792,32
673,0,1120,541,579,0,0,0,1.0,1,1.0,1,1.0,1,0.16931035550740792,32
674,3,1123,543,580,0,0,0,1.0,1,1.0,1,1.0,1,0.20441635504669117,32
675,2,1125,545,580,0,0,0,1.0,1,1.0,1,1.0,1,0.24658700637423436,34
676,1,1126,545,581,0,0,0,1.0,1,1.0,1,1.0,1,0.23965157037085036,35
677,2,1128,546,582,0,0,0,1.0,1,1.0,1,1.0,1,0.19256186498087835,35
678,0,1128,546,582,0,0,0,1.0,1,1.0,1,1.0,1,0.19256186498087835,35
679,3,1131,547,584,0,0,0,1.0,1,1.0,1,1.0,1,0.15193535711401435,36
680,0,1131,547,584,0,0,0,1.0,1,1.0,1,1.0,1,0.15604845573208628,37
681,0,1131,547,584,0,0,0,1.0,1,1.0,1,1.0,1,0.15604845573208628,37
682,1,1132,548,584,0,0,0,1.0,1,1.0,1,1.0,1,0.18077396594190176,37
683,0,1132,548,584,0,0,0,1.0,1,1.0,1,1.0,1,0.19317082956060222,38
684,1,1133,549,584,0,0,0,1.0,1,1.0,1,1.0,1,0.21700081676228716,39
685,1,1134,549,585,0,0,0,1.0,1,1.0,1,1.0,1,0.1740615713566722,38
686,0,1134,549,585,0,0,0,1.0,1,1.0,1,1.0,1,0.1970075973513652,37
687,4,1138,550,588,0,0,0,1.0,1,1.0,1,1.0,1,0.21003473727688604,38
688,0,1138,550,588,0,0,0,1.0,1,1.0,1,1.0,1,0.24701791795626876,37
689,2,1140,552,588,0,0,0,1.0,1,1.0,1,1.0,1,0.300762156368035,39
690,1,1141,552,589,0,0,0,1.0,1,1.0,1,1.0,1,0.26667948579192563,38
691,1,1142,553,589,0,0,0,1.0,1,1.0,1,1.0,1,0.2656885123668334,38
692,2,1144,555,589,0,0,0,1.0,1,1.0,1,1.0,1,0.275822644429105,38
693,3,1147,557,590,0,0,0,1.0,1,1.0,1,1.0,1,0.2904588417501765,40
694,2,1149,559,590,0,0,0,1.0,1,1.0,1,1.0,1,0.3409203727449645,42
695,0,1149,559,590,0,0,0,1.0,1,1.0,1,1.0,1,0.31269732146460477,40
696,3,1152,561,591,0,0,0,1.0,1,1.0,1,1.0,1,0.3063595073963548,39
697,3,1155,561,594,0,0,0,1.0,1,1.0,1,1.0,1,0.23994716112595607,39
698,2,1157,562,595,0,0,0,1.0,1,1.0,1,1.0,1,0.20014964909689711,37
699,0,1157,562,595,0,0,0,1.0,1,1.0,1,1.0,1,0.19713945705196625,37
700,2,1159,563,596,0,0,0,1.0,1,1.0,1,1.0,1,0.22842143293093267,37
701,1,1160,564,596,0,0,0,1.0,1,1.0,1,1.0,1,0.23435483795005052,37
702,1,1161,564,597,0,0,0,1.0,1,1.0,1,1.0,1,0.20196735503528707,38
703,2,1163,566,597,0,0,0,1.0,1,1.0,1,1.0,1,0.23583576554137434,36
704,1,1164,567,597,0,0,0,1.0,1,1.0,1,1.0,1,0.26404964018891464,36
705,4,1168,569,599,0,0,0,1.0,1,1.0,1,1.0,1,0.21934832726214953,36
706,3,1171,572,599,0,0,0,1.0,1,1.0,1,1.0,1,0.28204416196864535,35
707,3,1174,574,600,0,0,0,1.0,1,1.0,1,1.0,1,0.28969684056276107,36
708,1,1175,575,600,0,0,0,1.0,1,1.0,1,1.0,1,0.3062876457309951,36
709,3,1178,577,601,0,0,0,1.0,1,1.0,1,1.0,1,0.27534248403254086,34
710,1,1179,578,601,0,0,0,1.0,1,1.0,1,1.0,1,0.2986201953672106,34
711,0,1179,578,601,0,0,0,1.0,1,1.0,1,1.0,1,0.2918219563182664,34
712,6,1185,581,604,0,0,0,1.0,1,1.0,1,1.0,1,0.351593916379189,35
713,3,1188,582,606,0,0,0,1.0,1,1.0,1,1.0,1,0.3090782409962184,34
714,3,1191,583,608,0,0,0,1.0,1,1.0,1,1.0,1,0.2640735750112683,34
715,0,1191,583,608,0,0,0,1.0,1,1.0,1,1.0,1,0.28052826311099266,35
716,1,1192,584,608,0,0,0,1.0,1,1.0,1,1.0,1,0.30083944820775294,33
717,4,1196,586,610,0,0,0,1.0,1,1.0,1,1.0,1,0.3726299089418517,33
718,4,1200,587,613,0,0,0,1.0,1,1.0,1,1.0,1,0.34489442482839494,32
719,2,1202,587,615,0,0,0,1.0,1,1.0,1,1.0,1,0.2880342603271403,32
720,2,1204,587,617,0,0,0,1.0,1,1.0,1,1.0,1,0.24830503678715346,33
721,2,1206,588,618,0,0,0,1.0,1,1.0,1,1.0,1,0.19877665676367928,33
722,2,1208,589,619,0,0,0,1.0,1,1.0,1,1.0,1,0.23864729724927417,34
723,0,1208,589,619,0,0,0,1.0,1,1.0,1,1.0,1,0.23864729724927417,34
724,0,1208,589,619,0,0,0,1.0,1,1.0,1,1.0,1,0.25943570269821375,36
725,2,1210,589,621,0,0,0,1.0,1,1.0,1,1.0,1,0.20317068202356775,36
726,0,1210,589,621,0,0,0,1.0,1,1.0,1,1.0,1,0.20317068202356775,36
727,0,1210,589,621,0,0,0,1.0,1,1.0,1,1.0,1,0.20317068202356775,36
728,1,1211,590,621,0,0,0,1.0,1,1.0,1,1.0,1,0.20685844783229745,37
729,0,1211,590,621,0,0,0,1.0,1,1.0,1,1.0,1,0.21079714938321284,37
730,0,1211,590,621,0,0,0,1.0,1,1.0,1,1.0,1,0.21656102280778627,38
731,2,1213,590,623,0,0,0,1.0,1,1.0,1,1.0,1,0.20715626375036905,39
732,0,1213,590,623,0,0,0,1.0,1,1.0,1,1.0,1,0.1761347782843289,41
733,0,1213,590,623,0,0,0,1.0,1,1.0,1,1.0,1,0.13102052073223264,39
734,1,1214,591,623,0,0,0,1.0,1,1.0,1,1.0,1,0.17010307524069163,39
735,2,1216,593,623,0,0,0,1.0,1,1.0,1,1.0,1,0.22524610175690102,39
736,1,1217,593,624,0,0,0,1.0,1,1.0,1,1.0,1,0.26046672091992157,38
737,2,1219,594,625,0,0,0,1.0,1,1.0,1,1.0,1,0.28926448809032107,39
738,0,1219,594,625,0,0,0,1.0,1,1.0,1,1.0,1,0.3389014860774054,37
739,0,1219,594,625,0,0,0,1.0,1,1.0,1,1.0,1,0.3389014860774054,37
740,0,1219,594,625,0,0,0,1.0,1,1.0,1,1.0,1,0.32433687487505425,35
741,0,1219,594,625,0,0,0,1.0,1,1.0,1,1.0,1,0.30185346348588715,33
742,1,1220,595,625,0,0,0,1.0,1,1.0,1,1.0,1,0.33752027394341827,35
743,3,1223,597,626,0,0,0,1.0,1,1.0,1,1.0,1,0.34450744581502724,35
744,3,1226,599,627,0,0,0,1.0,1,1.0,1,1.0,1,0.2993941191922121,34
745,2,1228,600,628,0,0,0,1.0,1,1.0,1,1.0,1,0.30742072331031467,34
746,2,1230,601,629,0,0,0,1.0,1,1.0,1,1.0,1,0.27765722426649525,33
747,1,1231,602,629,0,0,0,1.0,1,1.0,1,1.0,1,0.2515477989824729,32
748,1,1232,602,630,0,0,0,1.0,1,1.0,1,1.0,1,0.22133112362875645,33
749,0,1232,602,630,0,0,0,1.0,1,1.0,1,1.0,1,0.22133112362875645,33
750,1,1233,603,630,0,0,0,1.0,1,1.0,1,1.0,1,0.2507251036313513,34
751,2,1235,604,631,0,0,0,1.0,1,1.0,1,1.0,1,0.25331821664387383,36
752,2,1237,605,632,0,0,0,1.0,1,1.0,1,1.0,1,0.2681577161768754,35
753,3,1240,607,633,0,0,0,1.0,1,1.0,1,1.0,1,0.3270008068835127,37
754,2,1242,608,634,0,0,0,1.0,1,1.0,1,1.0,1,0.32599871808121117,37
755,3,1245,609,636,0,0,0,1.0,1,1.0,1,1.0,1,0.2785595962090569,35
756,3,1248,610,638,0,0,0,1.0,1,1.0,1,1.0,1,0.2860147040773056,36
757,1,1249,610,639,0,0,0,1.0,1,1.0,1,1.0,1,0.2581120587947431,35
758,0,1249,610,639,0,0,0,1.0,1,1.0,1,1.0,1,0.26954688915220054,36
759,0,1249,610,639,0,0,0,1.0,1,1.0,1,1.0,1,0.27369914954894664,37
760,0,1249,610,639,0,0,0,1.0,1,1.0,1,1.0,1,0.3050490260404923,36
761,1,1250,610,640,0,0,0,1.0,1,1.0,1,1.0,1,0.29007154579309724,36
762,0,1250,610,640,0,0,0,1.0,1,1.0,1,1.0,1,0.30172592476678856,37
763,0,1250,610,640,0,0,0,1.0,1,1.0,1,1.0,1,0.3109475789393933,38
764,0,1250,610,640,0,0,0,1.0,1,1.0,1,1.0,1,0.3109475789393933,38
765,0,1250,610,640,0,0,0,1.0,1,1.0,1,1.0,1,0.3109475789393933,38
766,1,1251,610,641,0,0,0,1.0,1,1.0,1,1.0,1,0.28317259449855897,40
767,0,1251,610,641,0,0,0,1.0,1,1.0,1,1.0,1,0.2964964214678469,41
768,3,1254,611,643,0,0,0,1.0,1,1.0,1,1.0,1,0.294355619338413,41
769,1,1255,611,644,0,0,0,1.0,1,1.0,1,1.0,1,0.2963382592771039,42
770,2,1257,612,645,0,0,0,1.0,1,1.0,1,1.0,1,0.26962952136935925,41
771,0,1257,612,645,0,0,0,1.0,1,1.0,1,1.0,1,0.26022850058401037,41
772,2,1259,614,645,0,0,0,1.0,1,1.0,1,1.0,1,0.24674081471293463,41
773,1,1260,614,646,0,0,0,1.0,1,1.0,1,1.0,1,0.24153965269616617,41
774,2,1262,616,646,0,0,0,1.0,1,1.0,1,1.0,1,0.25390711339013633,42
775,2,1264,616,648,0,0,0,1.0,1,1.0,1,1.0,1,0.2268813141311672,42
776,0,1264,616,648,0,0,0,1.0,1,1.0,1,1.0,1,0.2268813141311672,42
777,1,1265,616,649,0,0,0,1.0,1,1.0,1,1.0,1,0.21753193567840182,42
778,1,1266,617,649,0,0,0,1.0,1,1.0,1,1.0,1,0.2577134429584777,44
779,0,1266,617,649,0,0,0,1.0,1,1.0,1,1.0,1,0.2577134429584777,44
780,0,1266,617,649,0,0,0,1.0,1,1.0,1,1.0,1,0.2577134429584777,44
781,1,1267,617,650,0,0,0,1.0,1,1.0,1,1.0,1,0.23939530467616202,46
782,1,1268,618,650,0,0,0,1.0,1,1.0,1,1.0,1,0.2646558298733016,45
783,2,1270,619,651,0,0,0,1.0,1,1.0,1,1.0,1,0.27214777996229195,44
784,0,1270,619,651,0,0,0,1.0,1,1.0,1,1.0,1,0.27214777996229195,44
785,1,1271,620,651,0,0,0,1.0,1,1.0,1,1.0,1,0.2805514497529498,43
786,1,1272,621,651,0,0,0,1.0,1,1.0,1,1.0,1,0.27209594316383895,43
787,0,1272,621,651,0,0,0,1.0,1,1.0,1,1.0,1,0.27209594316383895,43
788,3,1275,622,653,0,0,0,1.0,1,1.0,1,1.0,1,0.255172060178456,45
789,1,1276,623,653,0,0,0,1.0,1,1.0,1,1.0,1,0.2625532644014259,46
790,0,1276,623,653,0,0,0,1.0,1,1.0,1,1.0,1,0.29238176590871706,45
791,4,1280,623,657,0,0,0,1.0,1,1.0,1,1.0,1,0.23160467285136319,46
792,3,1283,624,659,0,0,0,1.0,1,1.0,1,1.0,1,0.2132637168748732,46
793,1,1284,624,660,0,0,0,1.0,1,1.0,1,1.0,1,0.19622284375628885,46
794,2,1286,625,661,0,0,0,1.0,1,1.0,1,1.0,1,0.22418320199984973,47
795,1,1287,625,662,0,0,0,1.0,1,1.0,1,1.0,1,0.1976663062055857,47
796,4,1291,627,664,0,0,0,1.0,1,1.0,1,1.0,1,0.21138874967189852,46
797,2,1293,629,664,0,0,0,1.0,1,1.0,1,1.0,1,0.2461231639985308,47
798,5,1298,631,667,0,0,0,1.0,1,1.0,1,1.0,1,0.25461986741598075,48
799,0,1298,631,667,0,0,0,1.0,1,1.0,1,1.0,1,0.25461986741598075,48
800,3,1301,632,669,0,0,0,1.0,1,1.0,1,1.0,1,0.27599136778295813,48
801,6,1307,632,675,0,0,0,1.0,1,1.0,1,1.0,1,0.18620688253758544,49
802,1,1308,632,676,0,0,0,1.0,1,1.0,1,1.0,1,0.16883637625982204,50
803,1,1309,632,677,0,0,0,1.0,1,1.0,1,1.0,1,0.20609782398055695,49
804,2,1311,632,679,0,0,0,1.0,1,1.0,1,1.0,1,0.22491323233032162,50
805,5,1316,632,684,0,0,0,1.0,1,1.0,1,1.0,1,0.12413306494504892,50
806,0,1316,632,684,0,0,0,1.0,1,1.0,1,1.0,1,0.12413306494504892,50
807,0,1316,632,684,0,0,0,1.0,1,1.0,1,1.0,1,0.13815299295310499,51
808,2,1318,633,685,0,0,0,1.0,1,1.0,1,1.0,1,0.13594981638470077,51
809,4,1322,635,687,0,0,0,1.0,1,1.0,1,1.0,1,0.15093489795895154,51
810,2,1324,636,688,0,0,0,1.0,1,1.0,1,1.0,1,0.1710325916130213,52
811,1,1325,637,688,0,0,0,1.0,1,1.0,1,1.0,1,0.19279242811459907,50
812,4,1329,639,690,0,0,0,1.0,1,1.0,1,1.0,1,0.17597762914144488,48
813,2,1331,640,691,0,0,0,1.0,1,1.0,1,1.0,1,0.19010979546825696,49
814,0,1331,640,691,0,0,0,1.0,1,1.0,1,1.0,1,0.1659669498311676,48
815,2,1333,642,691,0,0,0,1.0,1,1.0,1,1.0,1,0.2557582259606706,48
816,0,1333,642,691,0,0,0,1.0,1,1.0,1,1.0,1,0.22292301662826722,46
817,2,1335,642,693,0,0,0,1.0,1,1.0,1,1.0,1,0.2233964674366484,44
818,0,1335,642,693,0,0,0,1.0,1,1.0,1,1.0,1,0.20806177970409265,46
819,0,1335,642,693,0,0,0,1.0,1,1.0,1,1.0,1,0.23308711875264732,44
820,1,1336,643,693,0,0,0,1.0,1,1.0,1,1.0,1,0.27858384105608,44
821,1,1337,643,694,0,0,0,1.0,1,1.0,1,1.0,1,0.24873232966574862,44
822,3,1340,645,695,0,0,0,1.0,1,1.0,1,1.0,1,0.27641896596553794,44
823,1,1341,646,695,0,0,0,1.0,1,1.0,1,1.0,1,0.27044851581536516,42
824,3,1344,649,695,0,0,0,1.0,1,1.0,1,1.0,1,0.28824102183434147,42
825,5,1349,652,697,0,0,0,1.0,1,1.0,1,1.0,1,0.25475383560763665,40
826,5,1354,657,697,0,0,0,1.0,1,1.0,1,1.0,1,0.2727270123418942,41
827,0,1354,657,697,0,0,0,1.0,1,1.0,1,1.0,1,0.26607330298580734,40
828,4,1358,659,699,0,0,0,1.0,1,1.0,1,1.0,1,0.19721117260117224,40
829,2,1360,660,700,0,0,0,1.0,1,1.0,1,1.0,1,0.20826433125066457,42
830,3,1363,662,701,0,0,0,1.0,1,1.0,1,1.0,1,0.24102662428564595,42
831,3,1366,663,703,0,0,0,1.0,1,1.0,1,1.0,1,0.20464828827777184,43
832,3,1369,665,704,0,0,0,1.0,1,1.0,1,1.0,1,0.20293221009647414,42
833,0,1369,665,704,0,0,0,1.0,1,1.0,1,1.0,1,0.21386784915224985,41
834,1,1370,666,704,0,0,0,1.0,1,1.0,1,1.0,1,0.23250904090767677,41
835,1,1371,666,705,0,0,0,1.0,1,1.0,1,1.0,1,0.22481560144243215,41
836,0,1371,666,705,0,0,0,1.0,1,1.0,1,1.0,1,0.22784389437871175,40
837,0,1371,666,705,0,0,0,1.0,1,1.0,1,1.0,1,0.22483315793207387,41
838,0,1371,666,705,0,0,0,1.0,1,1.0,1,1.0,1,0.22483315793207387,41
839,2,1373,667,706,0,0,0,1.0,1,1.0,1,1.0,1,0.21133156288846447,41
840,3,1376,668,708,0,0,0,1.0,1,1.0,1,1.0,1,0.22629890609552528,42
841,3,1379,668,711,0,0,0,1.0,1,1.0,1,1.0,1,0.1697351858138363,42
842,1,1380,669,711,0,0,0,1.0,1,1.0,1,1.0,1,0.19431565028775638,42
843,1,1381,670,711,0,0,0,1.0,1,1.0,1,1.0,1,0.20179833073530845,42
844,0,1381,670,711,0,0,0,1.0,1,1.0,1,1.0,1,0.22193468308852346,42
845,0,1381,670,711,0,0,0,1.0,1,1.0,1,1.0,1,0.2814896788560691,44
846,3,1384,670,714,0,0,0,1.0,1,1.0,1,1.0,1,0.22413705907832018,44
847,1,1385,671,714,0,0,0,1.0,1,1.0,1,1.0,1,0.21094078418075424,42
848,0,1385,671,714,0,0,0,1.0,1,1.0,1,1.0,1,0.2561491580838861,43
849,1,1386,671,715,0,0,0,1.0,1,1.0,1,1.0,1,0.23700756963110045,43
850,2,1388,672,716,0,0,0,1.0,1,1.0,1,1.0,1,0.2755455235441437,41
851,2,1390,674,716,0,0,0,1.0,1,1.0,1,1.0,1,0.2384752209228597,40
852,0,1390,674,716,0,0,0,1.0,1,1.0,1,1.0,1,0.2384752209228597,40
853,2,1392,675,717,0,0,0,1.0,1,1.0,1,1.0,1,0.2442809608437264,40
854,3,1395,677,718,0,0,0,1.0,1,1.0,1,1.0,1,0.2271626389428538,40
855,1,1396,678,718,0,0,0,1.0,1,1.0,1,1.0,1,0.21794356440865997,41
856,1,1397,679,718,0,0,0,1.0,1,1.0,1,1.0,1,0.22715016857932901,41
857,1,1398,680,718,0,0,0,1.0,1,1.0,1,1.0,1,0.2241785500482743,42
858,1,1399,680,719,0,0,0,1.0,1,1.0,1,1.0,1,0.21650961227227142,43
859,0,1399,680,719,0,0,0,1.0,1,1.0,1,1.0,1,0.21650961227227142,43
860,1,1400,681,719,0,0,0,1.0,1,1.0,1,1.0,1,0.21643061671246708,44
861,2,1402,683,719,0,0,0,1.0,1,1.0,1,1.0,1,0.25104947761367846,44
862,3,1405,684,721,0,0,0,1.0,1,1.0,1,1.0,1,0.2097452815694917,44
863,4,1409,686,723,0,0,0,1.0,1,1.0,1,1.0,1,0.24481574462593592,44
864,4,1413,688,725,0,0,0,1.0,1,1.0,1,1.0,1,0.25982110933487385,44
865,4,1417,689,728,0,0,0,1.0,1,1.0,1,1.0,1,0.1696622320336436,43
866,3,1420,692,728,0,0,0,1.0,1,1.0,1,1.0,1,0.24817300990922825,45
867,1,1421,692,729,0,0,0,1.0,1,1.0,1,1.0,1,0.22218892356246928,44
868,1,1422,692,730,0,0,0,1.0,1,1.0,1,1.0,1,0.23286152577971292,45
869,3,1425,694,731,0,0,0,1.0,1,1.0,1,1.0,1,0.23938795977551358,44
870,2,1427,695,732,0,0,0,1.0,1,1.0,1,1.0,1,0.22663163472404615,44
871,0,1427,695,732,0,0,0,1.0,1,1.0,1,1.0,1,0.2260468530492185,43
872,2,1429,696,733,0,0,0,1.0,1,1.0,1,1.0,1,0.19705078259753722,43
873,3,1432,697,735,0,0,0,1.0,1,1.0,1,1.0,1,0.18318323150746338,43
874,3,1435,698,737,0,0,0,1.0,1,1.0,1,1.0,1,0.17434851313045954,46
875,2,1437,699,738,0,0,0,1.0,1,1.0,1,1.0,1,0.16223346531006108,43
876,2,1439,699,740,0,0,0,1.0,1,1.0,1,1.0,1,0.14351109936922482,44
877,0,1439,699,740,0,0,0,1.0,1,1.0,1,1.0,1,0.17791680610364297,44
878,2,1441,700,741,0,0,0,1.0,1,1.0,1,1.0,1,0.1899055263447986,44
879,0,1441,700,741,0,0,0,1.0,1,1.0,1,1.0,1,0.1899055263447986,44
880,1,1442,701,741,0,0,0,1.0,1,1.0,1,1.0,1,0.23235806473762857,44
881,2,1444,701,743,0,0,0,1.0,1,1.0,1,1.0,1,0.18219001987260583,43
882,4,1448,703,745,0,0,0,1.0,1,1.0,1,1.0,1,0.19615267356531627,45
883,2,1450,704,746,0,0,0,1.0,1,1.0,1,1.0,1,0.19699785298964195,45
884,0,1450,704,746,0,0,0,1.0,1,1.0,1,1.0,1,0.20352867415385648,45
885,3,1453,705,748,0,0,0,1.0,1,1.0,1,1.0,1,0.1483963522208457,43
886,2,1455,707,748,0,0,0,1.0,1,1.0,1,1.0,1,0.20428620417653226,43
887,1,1456,708,748,0,0,0,1.0,1,1.0,1,1.0,1,0.19415909421113015,41
888,1,1457,708,749,0,0,0,1.0,1,1.0,1,1.0,1,0.25928487456577654,40
889,5,1462,710,752,0,0,0,1.0,1,1.0,1,1.0,1,0.2531704400850316,40
890,1,1463,711,752,0,0,0,1.0,1,1.0,1,1.0,1,0.22191555699192553,38
891,1,1464,712,752,0,0,0,1.0,1,1.0,1,1.0,1,0.22553977280421575,39
892,2,1466,714,752,0,0,0,1.0,1,1.0,1,1.0,1,0.2822024464673842,39
893,1,1467,714,753,0,0,0,1.0,1,1.0,1,1.0,1,0.2396816874904957,37
894,1,1468,715,753,0,0,0,1.0,1,1.0,1,1.0,1,0.21942503399085952,36
895,0,1468,715,753,0,0,0,1.0,1,1.0,1,1.0,1,0.23171414720640807,37
896,2,1470,717,753,0,0,0,1.0,1,1.0,1,1.0,1,0.23754986274780296,36
897,2,1472,719,753,0,0,0,1.0,1,1.0,1,1.0,1,0.23031902417684746,36
898,0,1472,719,753,0,0,0,1.0,1,1.0,1,1.0,1,0.24536611282093887,35
899,1,1473,720,753,0,0,0,1.0,1,1.0,1,1.0,1,0.2516104978390689,35
900,2,1475,721,754,0,0,0,1.0,1,1.0,1,1.0,1,0.28312890719473444,36
901,0,1475,721,754,0,0,0,1.0,1,1.0,1,1.0,1,0.28312890719473444,36
902,3,1478,724,754,0,0,0,1.0,1,1.0,1,1.0,1,0.35683198629515134,36
903,3,1481,725,756,0,0,0,1.0,1,1.0,1,1.0,1,0.3142112735403643,35
904,4,1485,728,757,0,0,0,1.0,1,1.0,1,1.0,1,0.3212128000078592,37
905,2,1487,729,758,0,0,0,1.0,1,1.0,1,1.0,1,0.30947641484200683,36
906,1,1488,730,758,0,0,0,1.0,1,1.0,1,1.0,1,0.33191236559418474,37
907,3,1491,732,759,0,0,0,1.0,1,1.0,1,1.0,1,0.29973799747897556,37
908,1,1492,733,759,0,0,0,1.0,1,1.0,1,1.0,1,0.3241257697244267,36
909,4,1496,733,763,0,0,0,1.0,1,1.0,1,1.0,1,0.2161753391210024,36
910,2,1498,734,764,0,0,0,1.0,1,1.0,1,1.0,1,0.24930517239687114,37
911,3,1501,735,766,0,0,0,1.0,1,1.0,1,1.0,1,0.2953019843078303,36
912,1,1502,736,766,0,0,0,1.0,1,1.0,1,1.0,1,0.2930962268316072,34
913,5,1507,736,771,0,0,0,1.0,1,1.0,1,1.0,1,0.18438397627855596,34
914,0,1507,736,771,0,0,0,1.0,1,1.0,1,1.0,1,0.21222289226424318,33
915,0,1507,736,771,0,0,0,1.0,1,1.0,1,1.0,1,0.21222289226424318,33
916,1,1508,737,771,0,0,0,1.0,1,1.0,1,1.0,1,0.2254554535213312,34
917,1,1509,737,772,0,0,0,1.0,1,1.0,1,1.0,1,0.1886980126759956,34
918,1,1510,738,772,0,0,0,1.0,1,1.0,1,1.0,1,0.16071898361073964,36
919,0,1510,738,772,0,0,0,1.0,1,1.0,1,1.0,1,0.16071898361073964,36
920,1,1511,739,772,0,0,0,1.0,1,1.0,1,1.0,1,0.17535516554299188,37
921,0,1511,739,772,0,0,0,1.0,1,1.0,1,1.0,1,0.17535516554299188,37
922,1,1512,740,772,0,0,0,1.0,1,1.0,1,1.0,1,0.20188787448875817,38
923,2,1514,742,772,0,0,0,1.0,1,1.0,1,1.0,1,0.1840252791826348,36
924,1,1515,743,772,0,0,0,1.0,1,1.0,1,1.0,1,0.17532168622221755,35
925,3,1518,744,774,0,0,0,1.0,1,1.0,1,1.0,1,0.23227927431791331,35
926,2,1520,746,774,0,0,0,1.0,1,1.0,1,1.0,1,0.24113876396558875,34
927,0,1520,746,774,0,0,0,1.0,1,1.0,1,1.0,1,0.23799468001282723,32
928,1,1521,747,774,0,0,0,1.0,1,1.0,1,1.0,1,0.23821225942405166,32
929,2,1523,748,775,0,0,0,1.0,1,1.0,1,1.0,1,0.21099557998232707,31
930,0,1523,748,775,0,0,0,1.0,1,1.0,1,1.0,1,0.24092516450286117,30
931,2,1525,750,775,0,0,0,1.0,1,1.0,1,1.0,1,0.2554220311796208,29
932,1,1526,751,775,0,0,0,1.0,1,1.0,1,1.0,1,0.24080595691219633,29
933,0,1526,751,775,0,0,0,1.0,1,1.0,1,1.0,1,0.24080595691219633,29
934,1,1527,752,775,0,0,0,1.0,1,1.0,1,1.0,1,0.2502463001990329,29
935,2,1529,752,777,0,0,0,1.0,1,1.0,1,1.0,1,0.23885524678532494,31
936,2,1531,753,778,0,0,0,1.0,1,1.0,1,1.0,1,0.2421855566518441,31
937,3,1534,755,779,0,0,0,1.0,1,1.0,1,1.0,1,0.23927012894874333,34
938,0,1534,755,779,0,0,0,1.0,1,1.0,1,1.0,1,0.24542950736601304,33
939,2,1536,756,780,0,0,0,1.0,1,1.0,1,1.0,1,0.30337346418329497,36
940,1,1537,756,781,0,0,0,1.0,1,1.0,1,1.0,1,0.2900463369012602,36
941,3,1540,758,782,0,0,0,1.0,1,1.0,1,1.0,1,0.29339220724794834,36
942,3,1543,760,783,0,0,0,1.0,1,1.0,1,1.0,1,0.29844237257244033,36
943,2,1545,762,783,0,0,0,1.0,1,1.0,1,1.0,1,0.2932947298127576,35
944,1,1546,763,783,0,0,0,1.0,1,1.0,1,1.0,1,0.2775014087285703,35
945,3,1549,764,785,0,0,0,1.0,1,1.0,1,1.0,1,0.19507797584530276,33
946,3,1552,766,786,0,0,0,1.0,1,1.0,1,1.0,1,0.26653444500408824,36
947,0,1552,766,786,0,0,0,1.0,1,1.0,1,1.0,1,0.2440282432169897,34
948,1,1553,767,786,0,0,0,1.0,1,1.0,1,1.0,1,0.268917532938377,33
949,1,1554,768,786,0,0,0,1.0,1,1.0,1,1.0,1,0.3433163283964009,34
950,0,1554,768,786,0,0,0,1.0,1,1.0,1,1.0,1,0.3515972230599688,33
951,0,1554,768,786,0,0,0,1.0,1,1.0,1,1.0,1,0.3515972230599688,33
952,0,1554,768,786,0,0,0,1.0,1,1.0,1,1.0,1,0.36435409224774856,32
953,1,1555,768,787,0,0,0,1.0,1,1.0,1,1.0,1,0.33386109319343504,32
954,0,1555,768,787,0,0,0,1.0,1,1.0,1,1.0,1,0.3610269557319315,31
955,1,1556,768,788,0,0,0,1.0,1,1.0,1,1.0,1,0.3694682762978099,32
956,2,1558,769,789,0,0,0,1.0,1,1.0,1,1.0,1,0.3254806425920439,32
957,2,1560,769,791,0,0,0,1.0,1,1.0,1,1.0,1,0.2847365559642164,33
958,0,1560,769,791,0,0,0,1.0,1,1.0,1,1.0,1,0.28110390678348995,35
959,1,1561,770,791,0,0,0,1.0,1,1.0,1,1.0,1,0.3011216230994623,36
960,1,1562,770,792,0,0,0,1.0,1,1.0,1,1.0,1,0.31536655691753324,38
961,2,1564,772,792,0,0,0,1.0,1,1.0,1,1.0,1,0.40337606609139864,37
962,2,1566,773,793,0,0,0,1.0,1,1.0,1,1.0,1,0.3785022375324907,35
963,0,1566,773,793,0,0,0,1.0,1,1.0,1,1.0,1,0.3966646748442893,35
964,1,1567,773,794,0,0,0,1.0,1,1.0,1,1.0,1,0.3894741735063693,34
965,3,1570,773,797,0,0,0,1.0,1,1.0,1,1.0,1,0.3149343339662747,35
966,0,1570,773,797,0,0,0,1.0,1,1.0,1,1.0,1,0.30774858929968757,34
967,0,1570,773,797,0,0,0,1.0,1,1.0,1,1.0,1,0.32124357056036495,35
968,1,1571,774,797,0,0,0,1.0,1,1.0,1,1.0,1,0.31548855255499764,36
969,1,1572,774,798,0,0,0,1.0,1,1.0,1,1.0,1,0.3254000525437593,35
970,0,1572,774,798,0,0,0,1.0,1,1.0,1,1.0,1,0.3647491093586907,34
971,0,1572,774,798,0,0,0,1.0,1,1.0,1,1.0,1,0.3731484674389895,35
972,1,1573,775,798,0,0,0,1.0,1,1.0,1,1.0,1,0.35929311806235514,35
973,1,1574,775,799,0,0,0,1.0,1,1.0,1,1.0,1,0.36463268212305966,36
974,1,1575,776,799,0,0,0,1.0,1,1.0,1,1.0,1,0.4133265930340331,35
975,1,1576,776,800,0,0,0,1.0,1,1.0,1,1.0,1,0.38379626889847274,36
976,3,1579,777,802,0,0,0,1.0,1,1.0,1,1.0,1,0.3903388214076507,38
977,0,1579,777,802,0,0,0,1.0,1,1.0,1,1.0,1,0.3903388214076507,38
978,0,1579,777,802,0,0,0,1.0,1,1.0,1,1.0,1,0.3903388214076507,38
979,1,1580,777,803,0,0,0,1.0,1,1.0,1,1.0,1,0.3697816905230527,39
980,3,1583,780,803,0,0,0,1.0,1,1.0,1,1.0,1,0.43079957874299246,39
981,5,1588,780,808,0,0,0,1.0,1,1.0,1,1.0,1,0.38472779554801423,40
982,2,1590,782,808,0,0,0,1.0,1,1.0,1,1.0,1,0.4438232871085946,40
983,1,1591,782,809,0,0,0,1.0,1,1.0,1,1.0,1,0.3963527918602282,38
984,2,1593,783,810,0,0,0,1.0,1,1.0,1,1.0,1,0.4055250217191964,39
985,8,1601,786,815,0,0,0,1.0,1,1.0,1,1.0,1,0.3409731095165794,38
986,5,1606,788,818,0,0,0,1.0,1,1.0,1,1.0,1,0.33716131825122203,38
987,2,1608,788,820,0,0,0,1.0,1,1.0,1,1.0,1,0.2925220476554874,38
988,1,1609,789,820,0,0,0,1.0,1,1.0,1,1.0,1,0.3146015968750821,38
989,2,1611,789,822,0,0,0,1.0,1,1.0,1,1.0,1,0.2784083004648286,38
990,0,1611,789,822,0,0,0,1.0,1,1.0,1,1.0,1,0.2784083004648286,38
991,2,1613,790,823,0,0,0,1.0,1,1.0,1,1.0,1,0.2937616816038504,40
992,0,1613,790,823,0,0,0,1.0,1,1.0,1,1.0,1,0.2768034375820295,39
993,1,1614,791,823,0,0,0,1.0,1,1.0,1,1.0,1,0.2880878475719244,38
994,1,1615,791,824,0,0,0,1.0,1,1.0,1,1.0,1,0.2877243237164645,39
995,0,1615,791,824,0,0,0,1.0,1,1.0,1,1.0,1,0.2842041098933004,41
996,0,1615,791,824,0,0,0,1.0,1,1.0,1,1.0,1,0.28588906343425113,40
997,2,1617,791,826,0,0,0,1.0,1,1.0,1,1.0,1,0.28253512193751323,41
998,0,1617,791,826,0,0,0,1.0,1,1.0,1,1.0,1,0.3057203400807318,40
999,0,1617,791,826,0,0,0,1.0,1,1.0,1,1.0,1,0.30642250227558915,40
1000,0,1617,791,826,0,0,0,1.0,1,1.0,1,1.0,1,0.30642250227558915,40
1001,1,1618,791,827,0,0,0,1.0,1,1.0,1,1.0,1,0.29634289963802846,39
1002,0,1618,791,827,0,0,0,1.0,1,1.0,1,1.0,1,0.29634289963802846,39
1003,1,1619,791,828,0,0,0,1.0,1,1.0,1,1.0,1,0.2680851162187707,39
1004,0,1619,791,828,0,0,0,1.0,1,1.0,1,1.0,1,0.2680851162187707,39
1005,0,1619,791,828,0,0,0,1.0,1,1.0,1,1.0,1,0.2754665166653194,40
1006,0,1619,791,828,0,0,0,1.0,1,1.0,1,1.0,1,0.27219589859791543,41
1007,0,1619,791,828,0,0,0,1.0,1,1.0,1,1.0,1,0.2833104927796825,42
1008,1,1620,791,829,0,0,0,1.0,1,1.0,1,1.0,1,0.2744812857698929,43
1009,0,1620,791,829,0,0,0,1.0,1,1.0,1,1.0,1,0.28446588106083276,44
1010,1,1621,792,829,0,0,0,1.0,1,1.0,1,1.0,1,0.26502562567819743,44
1011,0,1621,792,829,0,0,0,1.0,1,1.0,1,1.0,1,0.26502562567819743,44
1012,4,1625,795,830,0,0,0,1.0,1,1.0,1,1.0,1,0.2644809854894084,46
1013,0,1625,795,830,0,0,0,1.0,1,1.0,1,1.0,1,0.2644809854894084,46
1014,3,1628,796,832,0,0,0,1.0,1,1.0,1,1.0,1,0.26526704668286916,46
1015,0,1628,796,832,0,0,0,1.0,1,1.0,1,1.0,1,0.26526704668286916,46
1016,2,1630,797,833,0,0,0,1.0,1,1.0,1,1.0,1,0.2787927004408249,47
1017,2,1632,797,835,0,0,0,1.0,1,1.0,1,1.0,1,0.24433745867947884,47
1018,5,1637,798,839,0,0,0,1.0,1,1.0,1,1.0,1,0.2046225926734324,48
1019,1,1638,799,839,0,0,0,1.0,1,1.0,1,1.0,1,0.21339658585145524,49
1020,1,1639,799,840,0,0,0,1.0,1,1.0,1,1.0,1,0.20394744403066967,51
1021,1,1640,800,840,0,0,0,1.0,1,1.0,1,1.0,1,0.22003731869517423,51
1022,3,1643,801,842,0,0,0,1.0,1,1.0,1,1.0,1,0.17417101911639,52
1023,0,1643,801,842,0,0,0,1.0,1,1.0,1,1.0,1,0.18270418970801994,52
1024,1,1644,802,842,0,0,0,1.0,1,1.0,1,1.0,1,0.20096311852200377,52
1025,1,1645,802,843,0,0,0,1.0,1,1.0,1,1.0,1,0.20237307904484275,54
1026,1,1646,802,844,0,0,0,1.0,1,1.0,1,1.0,1,0.16764778488041307,54
1027,0,1646,802,844,0,0,0,1.0,1,1.0,1,1.0,1,0.16485721788250704,55
1028,1,1647,803,844,0,0,0,1.0,1,1.0,1,1.0,1,0.18104895823238817,56
1029,0,1647,803,844,0,0,0,1.0,1,1.0,1,1.0,1,0.18104895823238817,56
1030,3,1650,803,847,0,0,0,1.0,1,1.0,1,1.0,1,0.17259832663639932,57
1031,0,1650,803,847,0,0,0,1.0,1,1.0,1,1.0,1,0.17988115417737935,58
1032,3,1653,805,848,0,0,0,1.0,1,1.0,1,1.0,1,0.1788196456036271,58
1033,0,1653,805,848,0,0,0,1.0,1,1.0,1,1.0,1,0.1708336485987773,57
1034,3,1656,808,848,0,0,0,1.0,1,1.0,1,1.0,1,0.17891235835917632,57
1035,3,1659,810,849,0,0,0,1.0,1,1.0,1,1.0,1,0.209553748978354,57
1036,5,1664,812,852,0,0,0,1.0,1,1.0,1,1.0,1,0.18861253001769215,59
1037,4,1668,815,853,0,0,0,1.0,1,1.0,1,1.0,1,0.20254464775254694,57
1038,3,1671,816,855,0,0,0,1.0,1,1.0,1,1.0,1,0.2036328565334853,59
1039,3,1674,819,855,0,0,0,1.0,1,1.0,1,1.0,1,0.20316950953213875,57
1040,1,1675,820,855,0,0,0,1.0,1,1.0,1,1.0,1,0.2538498950560469,56
1041,4,1679,822,857,0,0,0,1.0,1,1.0,1,1.0,1,0.2317600107790264,54
1042,2,1681,822,859,0,0,0,1.0,1,1.0,1,1.0,1,0.20441201387091473,52
1043,0,1681,822,859,0,0,0,1.0,1,1.0,1,1.0,1,0.20441201387091473,52
1044,1,1682,823,859,0,0,0,1.0,1,1.0,1,1.0,1,0.17839201067117244,50
1045,1,1683,824,859,0,0,0,1.0,1,1.0,1,1.0,1,0.21564679319204458,51
1046,2,1685,826,859,0,0,0,1.0,1,1.0,1,1.0,1,0.22414346815604747,50
1047,2,1687,826,861,0,0,0,1.0,1,1.0,1,1.0,1,0.20210019670846713,50
1048,1,1688,827,861,0,0,0,1.0,1,1.0,1,1.0,1,0.20317477614190604,50
1049,2,1690,828,862,0,0,0,1.0,1,1.0,1,1.0,1,0.20988223923207108,50
1050,1,1691,828,863,0,0,0,1.0,1,1.0,1,1.0,1,0.20031120851576736,50
1051,1,1692,828,864,0,0,0,1.0,1,1.0,1,1.0,1,0.18003206654332107,50
1052,2,1694,829,865,0,0,0,1.0,1,1.0,1,1.0,1,0.17756707026846572,51
1053,1,1695,829,866,0,0,0,1.0,1,1.0,1,1.0,1,0.17106222456206668,51
1054,0,1695,829,866,0,0,0,1.0,1,1.0,1,1.0,1,0.1560974952343292,53
1055,0,1695,829,866,0,0,0,1.0,1,1.0,1,1.0,1,0.17106590152075324,54
1056,0,1695,829,866,0,0,0,1.0,1,1.0,1,1.0,1,0.19790626683799661,54
1057,4,1699,830,869,0,0,0,1.0,1,1.0,1,1.0,1,0.1971865693174729,55
1058,1,1700,831,869,0,0,0,1.0,1,1.0,1,1.0,1,0.21100861715616467,54
1059,2,1702,832,870,0,0,0,1.0,1,1.0,1,1.0,1,0.2417481755799071,53
1060,0,1702,832,870,0,0,0,1.0,1,1.0,1,1.0,1,0.2417481755799071,53
1061,4,1706,835,871,0,0,0,1.0,1,1.0,1,1.0,1,0.22553497576455808,53
1062,5,1711,840,871,0,0,0,1.0,1,1.0,1,1.0,1,0.2396323900885851,54
1063,4,1715,841,874,0,0,0,1.0,1,1.0,1,1.0,1,0.2145260694682185,53
1064,8,1723,845,878,0,0,0,1.0,1,1.0,1,1.0,1,0.20215358855460328,55
1065,0,1723,845,878,0,0,0,1.0,1,1.0,1,1.0,1,0.22446459165320376,54
1066,2,1725,845,880,0,0,0,1.0,1,1.0,1,1.0,1,0.2132985132499289,55
1067,2,1727,846,881,0,0,0,1.0,1,1.0,1,1.0,1,0.23117059377886903,55
1068,0,1727,846,881,0,0,0,1.0,1,1.0,1,1.0,1,0.2512007690168393,55
1069,5,1732,848,884,0,0,0,1.0,1,1.0,1,1.0,1,0.23388998298257485,55
1070,0,1732,848,884,0,0,0,1.0,1,1.0,1,1.0,1,0.23344615576402306,54
1071,1,1733,848,885,0,0,0,1.0,1,1.0,1,1.0,1,0.2188894966477551,55
1072,0,1733,848,885,0,0,0,1.0,1,1.0,1,1.0,1,0.21190257720698416,54
1073,3,1736,849,887,0,0,0,1.0,1,1.0,1,1.0,1,0.1813461530242025,54
1074,1,1737,850,887,0,0,0,1.0,1,1.0,1,1.0,1,0.19928141487136683,52
1075,2,1739,851,888,0,0,0,1.0,1,1.0,1,1.0,1,0.21367945877652253,51
1076,4,1743,852,891,0,0,0,1.0,1,1.0,1,1.0,1,0.165592564883467,52
1077,1,1744,853,891,0,0,0,1.0,1,1.0,1,1.0,1,0.17773891511397197,49
1078,2,1746,855,891,0,0,0,1.0,1,1.0,1,1.0,1,0.21741063239163017,48
1079,2,1748,857,891,0,0,0,1.0,1,1.0,1,1.0,1,0.23381931377770948,47
1080,1,1749,858,891,0,0,0,1.0,1,1.0,1,1.0,1,0.271379893602821,47
1081,1,1750,859,891,0,0,0,1.0,1,1.0,1,1.0,1,0.28692948344918756,45
1082,1,1751,860,891,0,0,0,1.0,1,1.0,1,1.0,1,0.36883142486058,42
1083,4,1755,861,894,0,0,0,1.0,1,1.0,1,1.0,1,0.3572597611864326,42
1084,1,1756,861,895,0,0,0,1.0,1,1.0,1,1.0,1,0.3445175184561112,40
1085,2,1758,861,897,0,0,0,1.0,1,1.0,1,1.0,1,0.2994484535287271,43
1086,1,1759,861,898,0,0,0,1.0,1,1.0,1,1.0,1,0.29217841853629806,41
1087,1,1760,861,899,0,0,0,1.0,1,1.0,1,1.0,1,0.26032145536277407,41
1088,2,1762,861,901,0,0,0,1.0,1,1.0,1,1.0,1,0.23758663192079735,41
1089,1,1763,862,901,0,0,0,1.0,1,1.0,1,1.0,1,0.23450262190234897,42
1090,0,1763,862,901,0,0,0,1.0,1,1.0,1,1.0,1,0.22854849076873882,43
1091,0,1763,862,901,0,0,0,1.0,1,1.0,1,1.0,1,0.2341348083211461,43
1092,1,1764,863,901,0,0,0,1.0,1,1.0,1,1.0,1,0.21385056125063837,43
1093,1,1765,864,901,0,0,0,1.0,1,1.0,1,1.0,1,0.21921463601378635,43
1094,1,1766,865,901,0,0,0,1.0,1,1.0,1,1.0,1,0.22756748280458766,43
1095,0,1766,865,901,0,0,0,1.0,1,1.0,1,1.0,1,0.24197399165659564,44
1096,2,1768,867,901,0,0,0,1.0,1,1.0,1,1.0,1,0.2704723400423058,44
1097,3,1771,869,902,0,0,0,1.0,1,1.0,1,1.0,1,0.3217541083752717,45
1098,2,1773,869,904,0,0,0,1.0,1,1.0,1,1.0,1,0.3108314283672801,46
1099,3,1776,869,907,0,0,0,1.0,1,1.0,1,1.0,1,0.25341452178907947,48
1100,1,1777,869,908,0,0,0,1.0,1,1.0,1,1.0,1,0.2401067064861225,49
1101,2,1779,870,909,0,0,0,1.0,1,1.0,1,1.0,1,0.23285612032542782,49
1102,4,1783,873,910,0,0,0,1.0,1,1.0,1,1.0,1,0.25028453720671356,50
1103,3,1786,874,912,0,0,0,1.0,1,1.0,1,1.0,1,0.20239986156136927,48
1104,4,1790,878,912,0,0,0,1.0,1,1.0,1,1.0,1,0.21377580798047377,50
1105,3,1793,880,913,0,0,0,1.0,1,1.0,1,1.0,1,0.1726337939283844,48
1106,1,1794,881,913,0,0,0,1.0,1,1.0,1,1.0,1,0.18952778407990453,48
1107,3,1797,883,914,0,0,0,1.0,1,1.0,1,1.0,1,0.20979157577067853,47
1108,2,1799,884,915,0,0,0,1.0,1,1.0,1,1.0,1,0.23169555783299697,47
1109,4,1803,886,917,0,0,0,1.0,1,1.0,1,1.0,1,0.21867708906563396,46
1110,2,1805,887,918,0,0,0,1.0,1,1.0,1,1.0,1,0.2532221893292546,43
1111,3,1808,888,920,0,0,0,1.0,1,1.0,1,1.0,1,0.24241371033491071,44
1112,1,1809,889,920,0,0,0,1.0,1,1.0,1,1.0,1,0.3012419353129705,43
1113,3,1812,890,922,0,0,0,1.0,1,1.0,1,1.0,1,0.29840700462965114,39
1114,0,1812,890,922,0,0,0,1.0,1,1.0,1,1.0,1,0.29840700462965114,39
1115,1,1813,891,922,0,0,0,1.0,1,1.0,1,1.0,1,0.29104574426539664,37
1116,4,1817,894,923,0,0,0,1.0,1,1.0,1,1.0,1,0.24926402991548535,37
1117,4,1821,896,925,0,0,0,1.0,1,1.0,1,1.0,1,0.21901523502709846,36
1118,0,1821,896,925,0,0,0,1.0,1,1.0,1,1.0,1,0.22030124337859963,36
1119,0,1821,896,925,0,0,0,1.0,1,1.0,1,1.0,1,0.22030124337859963,36
1120,0,1821,896,925,0,0,0,1.0,1,1.0,1,1.0,1,0.22030124337859963,36
1121,0,1821,896,925,0,0,0,1.0,1,1.0,1,1.0,1,0.22030124337859963,36
1122,1,1822,896,926,0,0,0,1.0,1,1.0,1,1.0,1,0.226918641166237,37
1123,0,1822,896,926,0,0,0,1.0,1,1.0,1,1.0,1,0.226918641166237,37
1124,0,1822,896,926,0,0,0,1.0,1,1.0,1,1.0,1,0.226918641166237,37
1125,2,1824,897,927,0,0,0,1.0,1,1.0,1,1.0,1,0.2877339656349595,38
1126,0,1824,897,927,0,0,0,1.0,1,1.0,1,1.0,1,0.2877339656349595,38
1127,3,1827,898,929,0,0,0,1.0,1,1.0,1,1.0,1,0.26245973648590115,39
1128,0,1827,898,929,0,0,0,1.0,1,1.0,1,1.0,1,0.26245973648590115,39
1129,2,1829,899,930,0,0,0,1.0,1,1.0,1,1.0,1,0.25468154001449067,39
1130,1,1830,900,930,0,0,0,1.0,1,1.0,1,1.0,1,0.25933269379473123,39
1131,0,1830,900,930,0,0,0,1.0,1,1.0,1,1.0,1,0.25933269379473123,39
1132,1,1831,901,930,0,0,0,1.0,1,1.0,1,1.0,1,0.2668698725779521,39
1133,3,1834,902,932,0,0,0,1.0,1,1.0,1,1.0,1,0.21697823229152263,42
1134,0,1834,902,932,0,0,0,1.0,1,1.0,1,1.0,1,0.21697823229152263,42
1135,3,1837,903,934,0,0,0,1.0,1,1.0,1,1.0,1,0.29101621386109455,44
1136,1,1838,903,935,0,0,0,1.0,1,1.0,1,1.0,1,0.29721428929668825,46
1137,1,1839,903,936,0,0,0,1.0,1,1.0,1,1.0,1,0.28646440956130903,45
1138,3,1842,904,938,0,0,0,1.0,1,1.0,1,1.0,1,0.26552105008232785,46
1139,1,1843,905,938,0,0,0,1.0,1,1.0,1,1.0,1,0.2870472016701372,47
1140,1,1844,905,939,0,0,0,1.0,1,1.0,1,1.0,1,0.28003326988125454,46
1141,3,1847,905,942,0,0,0,1.0,1,1.0,1,1.0,1,0.24588689864887983,45
1142,4,1851,908,943,0,0,0,1.0,1,1.0,1,1.0,1,0.23581423923585867,45
1143,2,1853,910,943,0,0,0,1.0,1,1.0,1,1.0,1,0.22829581393089488,43
1144,6,1859,913,946,0,0,0,1.0,1,1.0,1,1.0,1,0.18173398469526042,45
1145,1,1860,914,946,0,0,0,1.0,1,1.0,1,1.0,1,0.18534021086028324,44
1146,1,1861,914,947,0,0,0,1.0,1,1.0,1,1.0,1,0.1969668303100926,45
1147,2,1863,916,947,0,0,0,1.0,1,1.0,1,1.0,1,0.2295835311297849,44
1148,4,1867,919,948,0,0,0,1.0,1,1.0,1,1.0,1,0.21951182842265562,43
1149,4,1871,920,951,0,0,0,1.0,1,1.0,1,1.0,1,0.22331564902787857,42
1150,5,1876,922,954,0,0,0,1.0,1,1.0,1,1.0,1,0.18941676461398163,45
1151,2,1878,923,955,0,0,0,1.0,1,1.0,1,1.0,1,0.22196512090905277,40
1152,4,1882,925,957,0,0,0,1.0,1,1.0,1,1.0,1,0.265210630750119,41
1153,3,1885,927,958,0,0,0,1.0,1,1.0,1,1.0,1,0.2879101399627958,38
1154,1,1886,928,958,0,0,0,1.0,1,1.0,1,1.0,1,0.27403770945386974,37
1155,1,1887,928,959,0,0,0,1.0,1,1.0,1,1.0,1,0.25290399583339457,38
1156,0,1887,928,959,0,0,0,1.0,1,1.0,1,1.0,1,0.28646996253982776,38
1157,0,1887,928,959,0,0,0,1.0,1,1.0,1,1.0,1,0.2792612826286873,37
1158,1,1888,929,959,0,0,0,1.0,1,1.0,1,1.0,1,0.34293932098106494,36
1159,1,1889,929,960,0,0,0,1.0,1,1.0,1,1.0,1,0.295291338116231,35
1160,0,1889,929,960,0,0,0,1.0,1,1.0,1,1.0,1,0.295291338116231,35
1161,1,1890,929,961,0,0,0,1.0,1,1.0,1,1.0,1,0.29149145412291316,36
1162,0,1890,929,961,0,0,0,1.0,1,1.0,1,1.0,1,0.29385745439341715,37
1163,0,1890,929,961,0,0,0,1.0,1,1.0,1,1.0,1,0.29385745439341715,37
1164,0,1890,929,961,0,0,0,1.0,1,1.0,1,1.0,1,0.2811894048961559,38
1165,1,1891,929,962,0,0,0,1.0,1,1.0,1,1.0,1,0.26929102476316785,38
1166,1,1892,929,963,0,0,0,1.0,1,1.0,1,1.0,1,0.2779923151164412,40
1167,4,1896,931,965,0,0,0,1.0,1,1.0,1,1.0,1,0.2732519816430417,40
1168,3,1899,932,967,0,0,0,1.0,1,1.0,1,1.0,1,0.21000314178108515,40
1169,1,1900,932,968,0,0,0,1.0,1,1.0,1,1.0,1,0.2094876031952275,41
1170,2,1902,934,968,0,0,0,1.0,1,1.0,1,1.0,1,0.2160049590532169,41
1171,1,1903,935,968,0,0,0,1.0,1,1.0,1,1.0,1,0.2286435424147276,43
1172,1,1904,936,968,0,0,0,1.0,1,1.0,1,1.0,1,0.2196895103352603,43
1173,0,1904,936,968,0,0,0,1.0,1,1.0,1,1.0,1,0.2196895103352603,43
1174,0,1904,936,968,0,0,0,1.0,1,1.0,1,1.0,1,0.2196895103352603,43
1175,2,1906,936,970,0,0,0,1.0,1,1.0,1,1.0,1,0.19245202019418567,44
1176,2,1908,937,971,0,0,0,1.0,1,1.0,1,1.0,1,0.179071035371894,45
1177,1,1909,938,971,0,0,0,1.0,1,1.0,1,1.0,1,0.20830891177475108,45
1178,1,1910,939,971,0,0,0,1.0,1,1.0,1,1.0,1,0.2097824861628705,45
1179,2,1912,940,972,0,0,0,1.0,1,1.0,1,1.0,1,0.2566593769176754,46
1180,1,1913,940,973,0,0,0,1.0,1,1.0,1,1.0,1,0.22928393601630137,47
1181,0,1913,940,973,0,0,0,1.0,1,1.0,1,1.0,1,0.24383070125477074,48
1182,2,1915,942,973,0,0,0,1.0,1,1.0,1,1.0,1,0.26137102892043185,48
1183,0,1915,942,973,0,0,0,1.0,1,1.0,1,1.0,1,0.2656772933839119,46
1184,2,1917,944,973,0,0,0,1.0,1,1.0,1,1.0,1,0.28970830128337305,47
1185,4,1921,945,976,0,0,0,1.0,1,1.0,1,1.0,1,0.25597169680798704,44
1186,1,1922,945,977,0,0,0,1.0,1,1.0,1,1.0,1,0.2742996635391072,47
1187,2,1924,946,978,0,0,0,1.0,1,1.0,1,1.0,1,0.2981183837080151,49
1188,0,1924,946,978,0,0,0,1.0,1,1.0,1,1.0,1,0.2969731311060706,50
1189,2,1926,946,980,0,0,0,1.0,1,1.0,1,1.0,1,0.2682597817640679,48
1190,1,1927,947,980,0,0,0,1.0,1,1.0,1,1.0,1,0.31024751837848386,48
1191,3,1930,947,983,0,0,0,1.0,1,1.0,1,1.0,1,0.284022778188307,46
1192,0,1930,947,983,0,0,0,1.0,1,1.0,1,1.0,1,0.284022778188307,46
1193,0,1930,947,983,0,0,0,1.0,1,1.0,1,1.0,1,0.26494221061794676,45
1194,1,1931,947,984,0,0,0,1.0,1,1.0,1,1.0,1,0.2500526193573244,45
1195,2,1933,947,986,0,0,0,1.0,1,1.0,1,1.0,1,0.22784400394526494,47
1196,1,1934,948,986,0,0,0,1.0,1,1.0,1,1.0,1,0.22255862391400424,48
1197,1,1935,948,987,0,0,0,1.0,1,1.0,1,1.0,1,0.20268009007690943,49
1198,1,1936,949,987,0,0,0,1.0,1,1.0,1,1.0,1,0.20957835303197397,49
1199,1,1937,949,988,0,0,0,1.0,1,1.0,1,1.0,1,0.19879504701875128,50
1200,1,1938,950,988,0,0,0,1.0,1,1.0,1,1.0,1,0.2066898364418855,50
1201,0,1938,950,988,0,0,0,1.0,1,1.0,1,1.0,1,0.2066898364418855,50
1202,1,1939,951,988,0,0,0,1.0,1,1.0,1,1.0,1,0.2194331464651949,51
1203,0,1939,951,988,0,0,0,1.0,1,1.0,1,1.0,1,0.208274344801532,52
1204,0,1939,951,988,0,0,0,1.0,1,1.0,1,1.0,1,0.208274344801532,52
1205,4,1943,952,991,0,0,0,1.0,1,1.0,1,1.0,1,0.21215902493304917,53
1206,0,1943,952,991,0,0,0,1.0,1,1.0,1,1.0,1,0.21215902493304917,53
1207,1,1944,952,992,0,0,0,1.0,1,1.0,1,1.0,1,0.20617211877762576,55
1208,1,1945,952,993,0,0,0,1.0,1,1.0,1,1.0,1,0.20915669210145255,56
1209,2,1947,952,995,0,0,0,1.0,1,1.0,1,1.0,1,0.20332754198583372,55
1210,0,1947,952,995,0,0,0,1.0,1,1.0,1,1.0,1,0.20332754198583372,55
1211,0,1947,952,995,0,0,0,1.0,1,1.0,1,1.0,1,0.19089581010490478,57
1212,1,1948,953,995,0,0,0,1.0,1,1.0,1,1.0,1,0.1861653961320982,57
1213,1,1949,954,995,0,0,0,1.0,1,1.0,1,1.0,1,0.17822283184704402,57
1214,3,1952,957,995,0,0,0,1.0,1,1.0,1,1.0,1,0.24516592722429506,57
1215,1,1953,957,996,0,0,0,1.0,1,1.0,1,1.0,1,0.24994865321025844,59
1216,3,1956,957,999,0,0,0,1.0,1,1.0,1,1.0,1,0.20873273929388117,61
1217,2,1958,957,1001,0,0,0,1.0,1,1.0,1,1.0,1,0.1882521670319899,61
1218,0,1958,957,1001,0,0,0,1.0,1,1.0,1,1.0,1,0.21472109712186926,61
1219,2,1960,958,1002,0,0,0,1.0,1,1.0,1,1.0,1,0.202678241769122,61
1220,4,1964,959,1005,0,0,0,1.0,1,1.0,1,1.0,1,0.19024391714030955,60
1221,2,1966,960,1006,0,0,0,1.0,1,1.0,1,1.0,1,0.18990641585003734,61
1222,0,1966,960,1006,0,0,0,1.0,1,1.0,1,1.0,1,0.18990641585003734,61
1223,1,1967,961,1006,0,0,0,1.0,1,1.0,1,1.0,1,0.20355274256286868,59
1224,3,1970,964,1006,0,0,0,1.0,1,1.0,1,1.0,1,0.21859328735232528,60
1225,5,1975,965,1010,0,0,0,1.0,1,1.0,1,1.0,1,0.20833012961433084,60
1226,5,1980,966,1014,0,0,0,1.0,1,1.0,1,1.0,1,0.17337766348751424,61
1227,3,1983,968,1015,0,0,0,1.0,1,1.0,1,1.0,1,0.1488995229637098,59
1228,2,1985,969,1016,0,0,0,1.0,1,1.0,1,1.0,1,0.13116309261918754,58
1229,2,1987,971,1016,0,0,0,1.0,1,1.0,1,1.0,1,0.1472968218865441,57
1230,2,1989,972,1017,0,0,0,1.0,1,1.0,1,1.0,1,0.16505343425890961,55
1231,3,1992,974,1018,0,0,0,1.0,1,1.0,1,1.0,1,0.19954352208488102,54
1232,2,1994,976,1018,0,0,0,1.0,1,1.0,1,1.0,1,0.23829630787029654,51
1233,3,1997,978,1019,0,0,0,1.0,1,1.0,1,1.0,1,0.23865926647491487,49
1234,4,2001,981,1020,0,0,0,1.0,1,1.0,1,1.0,1,0.27337474513299226,49
1235,1,2002,982,1020,0,0,0,1.0,1,1.0,1,1.0,1,0.3084085762389875,48
1236,4,2006,982,1024,0,0,0,1.0,1,1.0,1,1.0,1,0.23700419450239657,49
1237,3,2009,983,1026,0,0,0,1.0,1,1.0,1,1.0,1,0.24212358939883302,48
1238,1,2010,983,1027,0,0,0,1.0,1,1.0,1,1.0,1,0.2269173885266779,47
1239,0,2010,983,1027,0,0,0,1.0,1,1.0,1,1.0,1,0.21116234158268662,48
1240,1,2011,983,1028,0,0,0,1.0,1,1.0,1,1.0,1,0.21736435030311657,49
1241,1,2012,984,1028,0,0,0,1.0,1,1.0,1,1.0,1,0.21137511383828556,49
1242,0,2012,984,1028,0,0,0,1.0,1,1.0,1,1.0,1,0.21492248629462102,49
1243,0,2012,984,1028,0,0,0,1.0,1,1.0,1,1.0,1,0.21848959422340244,50
1244,0,2012,984,1028,0,0,0,1.0,1,1.0,1,1.0,1,0.23273372903651446,50
1245,1,2013,984,1029,0,0,0,1.0,1,1.0,1,1.0,1,0.2432045186064223,51
1246,1,2014,985,1029,0,0,0,1.0,1,1.0,1,1.0,1,0.28390365310310245,52
1247,1,2015,985,1030,0,0,0,1.0,1,1.0,1,1.0,1,0.2691672965570181,52
1248,1,2016,986,1030,0,0,0,1.0,1,1.0,1,1.0,1,0.3283815734166156,51
1249,6,2022,987,1035,0,0,0,1.0,1,1.0,1,1.0,1,0.24641709680624282,51
1250,2,2024,989,1035,0,0,0,1.0,1,1.0,1,1.0,1,0.22161886034308698,51
1251,1,2025,989,1036,0,0,0,1.0,1,1.0,1,1.0,1,0.2067097932592791,53
1252,2,2027,991,1036,0,0,0,1.0,1,1.0,1,1.0,1,0.22222296096700878,52
1253,1,2028,991,1037,0,0,0,1.0,1,1.0,1,1.0,1,0.2050396597983872,52
1254,0,2028,991,1037,0,0,0,1.0,1,1.0,1,1.0,1,0.19127148503932329,53
1255,5,2033,992,1041,0,0,0,1.0,1,1.0,1,1.0,1,0.17405576192361633,55
1256,0,2033,992,1041,0,0,0,1.0,1,1.0,1,1.0,1,0.17405576192361633,55
1257,0,2033,992,1041,0,0,0,1.0,1,1.0,1,1.0,1,0.18848260564106223,57
1258,0,2033,992,1041,0,0,0,1.0,1,1.0,1,1.0,1,0.18820262506733837,57
1259,0,2033,992,1041,0,0,0,1.0,1,1.0,1,1.0,1,0.18820262506733837,57
1260,1,2034,993,1041,0,0,0,1.0,1,1.0,1,1.0,1,0.19476009055829752,56
1261,1,2035,993,1042,0,0,0,1.0,1,1.0,1,1.0,1,0.19120688412842704,57
1262,2,2037,994,1043,0,0,0,1.0,1,1.0,1,1.0,1,0.20796142615637261,58
1263,5,2042,997,1045,0,0,0,1.0,1,1.0,1,1.0,1,0.21809987279482287,58
1264,3,2045,997,1048,0,0,0,1.0,1,1.0,1,1.0,1,0.16806897659558823,57
1265,6,2051,1001,1050,0,0,0,1.0,1,1.0,1,1.0,1,0.17041967570101277,56
1266,0,2051,1001,1050,0,0,0,1.0,1,1.0,1,1.0,1,0.16726991049583953,55
1267,2,2053,1002,1051,0,0,0,1.0,1,1.0,1,1.0,1,0.20024192445098754,53
1268,3,2056,1005,1051,0,0,0,1.0,1,1.0,1,1.0,1,0.24668585652075092,52
1269,1,2057,1005,1052,0,0,0,1.0,1,1.0,1,1.0,1,0.218897164028646,51
1270,0,2057,1005,1052,0,0,0,1.0,1,1.0,1,1.0,1,0.20688716017144546,47
1271,1,2058,1006,1052,0,0,0,1.0,1,1.0,1,1.0,1,0.2367991388510693,46
1272,0,2058,1006,1052,0,0,0,1.0,1,1.0,1,1.0,1,0.20288978976814703,43
1273,4,2062,1008,1054,0,0,0,1.0,1,1.0,1,1.0,1,0.18574086991992406,44
1274,3,2065,1010,1055,0,0,0,1.0,1,1.0,1,1.0,1,0.23026797446922115,44
1275,1,2066,1010,1056,0,0,0,1.0,1,1.0,1,1.0,1,0.21979142627268944,45
1276,0,2066,1010,1056,0,0,0,1.0,1,1.0,1,1.0,1,0.2328992667609795,43
1277,4,2070,1012,1058,0,0,0,1.0,1,1.0,1,1.0,1,0.23838928225635744,44
1278,4,2074,1015,1059,0,0,0,1.0,1,1.0,1,1.0,1,0.2639009270372415,45
1279,0,2074,1015,1059,0,0,0,1.0,1,1.0,1,1.0,1,0.2560504027134427,47
1280,0,2074,1015,1059,0,0,0,1.0,1,1.0,1,1.0,1,0.2560504027134427,47
1281,3,2077,1015,1062,0,0,0,1.0,1,1.0,1,1.0,1,0.21404481147308854,47
1282,2,2079,1016,1063,0,0,0,1.0,1,1.0,1,1.0,1,0.23705309724020057,46
1283,1,2080,1017,1063,0,0,0,1.0,1,1.0,1,1.0,1,0.24409023708754846,46
1284,0,2080,1017,1063,0,0,0,1.0,1,1.0,1,1.0,1,0.24409023708754846,46
1285,2,2082,1017,1065,0,0,0,1.0,1,1.0,1,1.0,1,0.24493699995731671,46
1286,0,2082,1017,1065,0,0,0,1.0,1,1.0,1,1.0,1,0.246534899934586,45
1287,3,2085,1017,1068,0,0,0,1.0,1,1.0,1,1.0,1,0.20791789883552558,49
1288,1,2086,1017,1069,0,0,0,1.0,1,1.0,1,1.0,1,0.1767711698764558,49
1289,2,2088,1017,1071,0,0,0,1.0,1,1.0,1,1.0,1,0.1302658651817095,52
1290,0,2088,1017,1071,0,0,0,1.0,1,1.0,1,1.0,1,0.1302658651817095,52
1291,0,2088,1017,1071,0,0,0,1.0,1,1.0,1,1.0,1,0.1302658651817095,52
1292,1,2089,1017,1072,0,0,0,1.0,1,1.0,1,1.0,1,0.11874506511095184,53
1293,1,2090,1018,1072,0,0,0,1.0,1,1.0,1,1.0,1,0.11593052700031586,53
1294,0,2090,1018,1072,0,0,0,1.0,1,1.0,1,1.0,1,0.11593052700031586,53
1295,1,2091,1019,1072,0,0,0,1.0,1,1.0,1,1.0,1,0.13814205239451854,54
1296,0,2091,1019,1072,0,0,0,1.0,1,1.0,1,1.0,1,0.1482563478486597,55
1297,3,2094,1019,1075,0,0,0,1.0,1,1.0,1,1.0,1,0.10211995522563021,54
1298,0,2094,1019,1075,0,0,0,1.0,1,1.0,1,1.0,1,0.11643570491395507,55
1299,0,2094,1019,1075,0,0,0,1.0,1,1.0,1,1.0,1,0.13525229376499495,54
1300,0,2094,1019,1075,0,0,0,1.0,1,1.0,1,1.0,1,0.1535301620838637,55
1301,3,2097,1021,1076,0,0,0,1.0,1,1.0,1,1.0,1,0.1911569076064998,54
1302,2,2099,1023,1076,0,0,0,1.0,1,1.0,1,1.0,1,0.23064015383145525,54
1303,7,2106,1026,1080,0,0,0,1.0,1,1.0,1,1.0,1,0.2682818684573112,50
1304,5,2111,1030,1081,0,0,0,1.0,1,1.0,1,1.0,1,0.2531218677559418,51
1305,6,2117,1032,1085,0,0,0,1.0,1,1.0,1,1.0,1,0.18101403284230227,48
1306,5,2122,1036,1086,0,0,0,1.0,1,1.0,1,1.0,1,0.25636372152581044,48
1307,0,2122,1036,1086,0,0,0,1.0,1,1.0,1,1.0,1,0.226101980213397,48
1308,2,2124,1038,1086,0,0,0,1.0,1,1.0,1,1.0,1,0.25548977924699284,46
1309,5,2129,1040,1089,0,0,0,1.0,1,1.0,1,1.0,1,0.22708308820533732,47
1310,0,2129,1040,1089,0,0,0,1.0,1,1.0,1,1.0,1,0.200373660871016,46
1311,2,2131,1042,1089,0,0,0,1.0,1,1.0,1,1.0,1,0.2650986071877368,46
1312,2,2133,1044,1089,0,0,0,1.0,1,1.0,1,1.0,1,0.29098026136488414,45
1313,2,2135,1044,1091,0,0,0,1.0,1,1.0,1,1.0,1,0.2819436979132497,44
1314,1,2136,1044,1092,0,0,0,1.0,1,1.0,1,1.0,1,0.26633040166911154,42
1315,0,2136,1044,1092,0,0,0,1.0,1,1.0,1,1.0,1,0.2756143409079669,40
1316,0,2136,1044,1092,0,0,0,1.0,1,1.0,1,1.0,1,0.2574298690639189,42
1317,2,2138,1045,1093,0,0,0,1.0,1,1.0,1,1.0,1,0.2874464234766585,42
1318,0,2138,1045,1093,0,0,0,1.0,1,1.0,1,1.0,1,0.2874464234766585,42
1319,1,2139,1045,1094,0,0,0,1.0,1,1.0,1,1.0,1,0.2502619006521922,42
1320,0,2139,1045,1094,0,0,0,1.0,1,1.0,1,1.0,1,0.2502619006521922,42
1321,0,2139,1045,1094,0,0,0,1.0,1,1.0,1,1.0,1,0.23553839997861045,45
1322,1,2140,1045,1095,0,0,0,1.0,1,1.0,1,1.0,1,0.22959038948436256,45
1323,1,2141,1046,1095,0,0,0,1.0,1,1.0,1,1.0,1,0.22937288724551613,46
1324,0,2141,1046,1095,0,0,0,1.0,1,1.0,1,1.0,1,0.24518067667548835,45
1325,3,2144,1047,1097,0,0,0,1.0,1,1.0,1,1.0,1,0.2404502082905832,46
1326,1,2145,1048,1097,0,0,0,1.0,1,1.0,1,1.0,1,0.28878251039455627,45
1327,3,2148,1048,1100,0,0,0,1.0,1,1.0,1,1.0,1,0.25337068984725203,46
1328,2,2150,1048,1102,0,0,0,1.0,1,1.0,1,1.0,1,0.2161230409309669,47
1329,3,2153,1049,1104,0,0,0,1.0,1,1.0,1,1.0,1,0.2022757591945281,47
1330,0,2153,1049,1104,0,0,0,1.0,1,1.0,1,1.0,1,0.22079241020955084,46
1331,1,2154,1050,1104,0,0,0,1.0,1,1.0,1,1.0,1,0.21537030261656703,46
1332,2,2156,1051,1105,0,0,0,1.0,1,1.0,1,1.0,1,0.21814084812645873,49
1333,1,2157,1051,1106,0,0,0,1.0,1,1.0,1,1.0,1,0.21269206172355404,50
1334,1,2158,1052,1106,0,0,0,1.0,1,1.0,1,1.0,1,0.20941126411483366,50
1335,0,2158,1052,1106,0,0,0,1.0,1,1.0,1,1.0,1,0.23731712530109175,52
1336,0,2158,1052,1106,0,0,0,1.0,1,1.0,1,1.0,1,0.22478961040614318,53
1337,3,2161,1054,1107,0,0,0,1.0,1,1.0,1,1.0,1,0.264873878307231,54
1338,2,2163,1055,1108,0,0,0,1.0,1,1.0,1,1.0,1,0.26890717637801054,54
1339,2,2165,1056,1109,0,0,0,1.0,1,1.0,1,1.0,1,0.28390096440841756,54
1340,1,2166,1056,1110,0,0,0,1.0,1,1.0,1,1.0,1,0.2953599739358066,53
1341,0,2166,1056,1110,0,0,0,1.0,1,1.0,1,1.0,1,0.2794692126692855,53
1342,1,2167,1057,1110,0,0,0,1.0,1,1.0,1,1.0,1,0.2734162076228409,52
1343,1,2168,1058,1110,0,0,0,1.0,1,1.0,1,1.0,1,0.2726396103402202,50
1344,4,2172,1061,1111,0,0,0,1.0,1,1.0,1,1.0,1,0.29046005671594544,51
1345,1,2173,1061,1112,0,0,0,1.0,1,1.0,1,1.0,1,0.2690992285891612,50
1346,2,2175,1063,1112,0,0,0,1.0,1,1.0,1,1.0,1,0.2793916853848831,50
1347,0,2175,1063,1112,0,0,0,1.0,1,1.0,1,1.0,1,0.2754824842333163,48
1348,1,2176,1063,1113,0,0,0,1.0,1,1.0,1,1.0,1,0.2625917791917073,49
1349,2,2178,1064,1114,0,0,0,1.0,1,1.0,1,1.0,1,0.2489415019543396,48
1350,2,2180,1065,1115,0,0,0,1.0,1,1.0,1,1.0,1,0.2812027300083485,49
1351,0,2180,1065,1115,0,0,0,1.0,1,1.0,1,1.0,1,0.2687048682109488,48
1352,3,2183,1067,1116,0,0,0,1.0,1,1.0,1,1.0,1,0.28175366924452167,49
1353,1,2184,1067,1117,0,0,0,1.0,1,1.0,1,1.0,1,0.2559875991345472,49
1354,2,2186,1067,1119,0,0,0,1.0,1,1.0,1,1.0,1,0.2285407240141771,49
1355,1,2187,1067,1120,0,0,0,1.0,1,1.0,1,1.0,1,0.20580843309094835,50
1356,2,2189,1067,1122,0,0,0,1.0,1,1.0,1,1.0,1,0.17109515552593754,50
1357,4,2193,1070,1123,0,0,0,1.0,1,1.0,1,1.0,1,0.18692744602774516,50
1358,4,2197,1071,1126,0,0,0,1.0,1,1.0,1,1.0,1,0.19432750780651817,51
1359,3,2200,1072,1128,0,0,0,1.0,1,1.0,1,1.0,1,0.20296963292774883,53
1360,1,2201,1072,1129,0,0,0,1.0,1,1.0,1,1.0,1,0.20696411483062233,54
1361,2,2203,1072,1131,0,0,0,1.0,1,1.0,1,1.0,1,0.16447595614708033,54
1362,1,2204,1073,1131,0,0,0,1.0,1,1.0,1,1.0,1,0.16588738436987885,55
1363,0,2204,1073,1131,0,0,0,1.0,1,1.0,1,1.0,1,0.16588738436987885,55
1364,2,2206,1073,1133,0,0,0,1.0,1,1.0,1,1.0,1,0.16184178618610895,55
1365,2,2208,1074,1134,0,0,0,1.0,1,1.0,1,1.0,1,0.1809644416730841,56
1366,0,2208,1074,1134,0,0,0,1.0,1,1.0,1,1.0,1,0.1809644416730841,56
1367,1,2209,1075,1134,0,0,0,1.0,1,1.0,1,1.0,1,0.18958160631317433,56
1368,4,2213,1076,1137,0,0,0,1.0,1,1.0,1,1.0,1,0.19810209023598088,58
1369,5,2218,1076,1142,0,0,0,1.0,1,1.0,1,1.0,1,0.13360071860205006,59
1370,1,2219,1077,1142,0,0,0,1.0,1,1.0,1,1.0,1,0.13762726263240083,59
1371,1,2220,1077,1143,0,0,0,1.0,1,1.0,1,1.0,1,0.14879686631585728,59
1372,1,2221,1078,1143,0,0,0,1.0,1,1.0,1,1.0,1,0.16267168128716786,59
1373,1,2222,1078,1144,0,0,0,1.0,1,1.0,1,1.0,1,0.15698679080688144,59
1374,3,2225,1081,1144,0,0,0,1.0,1,1.0,1,1.0,1,0.1833309937215341,60
1375,2,2227,1081,1146,0,0,0,1.0,1,1.0,1,1.0,1,0.15789786057127675,61
1376,2,2229,1081,1148,0,0,0,1.0,1,1.0,1,1.0,1,0.16835564582088947,61
1377,2,2231,1081,1150,0,0,0,1.0,1,1.0,1,1.0,1,0.13813464674192413,61
1378,1,2232,1082,1150,0,0,0,1.0,1,1.0,1,1.0,1,0.16175742719412245,61
1379,1,2233,1083,1150,0,0,0,1.0,1,1.0,1,1.0,1,0.18219045765275704,60
1380,2,2235,1085,1150,0,0,0,1.0,1,1.0,1,1.0,1,0.20363008245145395,60
1381,3,2238,1086,1152,0,0,0,1.0,1,1.0,1,1.0,1,0.20840467448883496,58
1382,4,2242,1089,1153,0,0,0,1.0,1,1.0,1,1.0,1,0.2246786741600835,58
1383,3,2245,1092,1153,0,0,0,1.0,1,1.0,1,1.0,1,0.18624300918000833,57
1384,4,2249,1095,1154,0,0,0,1.0,1,1.0,1,1.0,1,0.19904178927213428,54
1385,1,2250,1096,1154,0,0,0,1.0,1,1.0,1,1.0,1,0.21088131116759556,52
1386,3,2253,1097,1156,0,0,0,1.0,1,1.0,1,1.0,1,0.18796370856528802,51
1387,4,2257,1098,1159,0,0,0,1.0,1,1.0,1,1.0,1,0.21137726378092128,51
1388,3,2260,1101,1159,0,0,0,1.0,1,1.0,1,1.0,1,0.18850191640669872,52
1389,3,2263,1101,1162,0,0,0,1.0,1,1.0,1,1.0,1,0.19035550486080782,50
1390,2,2265,1102,1163,0,0,0,1.0,1,1.0,1,1.0,1,0.19506640517951862,51
1391,0,2265,1102,1163,0,0,0,1.0,1,1.0,1,1.0,1,0.18615259596087436,50
1392,1,2266,1103,1163,0,0,0,1.0,1,1.0,1,1.0,1,0.20817666298357942,50
1393,2,2268,1103,1165,0,0,0,1.0,1,1.0,1,1.0,1,0.16284889024668597,49
1394,1,2269,1104,1165,0,0,0,1.0,1,1.0,1,1.0,1,0.1843793827077235,50
1395,0,2269,1104,1165,0,0,0,1.0,1,1.0,1,1.0,1,0.19776122479082395,51
1396,1,2270,1104,1166,0,0,0,1.0,1,1.0,1,1.0,1,0.19996323336831962,52
1397,0,2270,1104,1166,0,0,0,1.0,1,1.0,1,1.0,1,0.19996323336831962,52
1398,1,2271,1105,1166,0,0,0,1.0,1,1.0,1,1.0,1,0.1916782802491098,53
1399,2,2273,1107,1166,0,0,0,1.0,1,1.0,1,1.0,1,0.1941795071662555,54
1400,2,2275,1108,1167,0,0,0,1.0,1,1.0,1,1.0,1,0.20876432896121017,54
1401,1,2276,1109,1167,0,0,0,1.0,1,1.0,1,1.0,1,0.21574635801621006,54
1402,3,2279,1112,1167,0,0,0,1.0,1,1.0,1,1.0,1,0.2549294543904996,53
1403,0,2279,1112,1167,0,0,0,1.0,1,1.0,1,1.0,1,0.2740694350896445,52
1404,1,2280,1112,1168,0,0,0,1.0,1,1.0,1,1.0,1,0.2747936137750532,53
1405,2,2282,1112,1170,0,0,0,1.0,1,1.0,1,1.0,1,0.24548385039606385,52
1406,0,2282,1112,1170,0,0,0,1.0,1,1.0,1,1.0,1,0.23419572585960668,53
1407,0,2282,1112,1170,0,0,0,1.0,1,1.0,1,1.0,1,0.24364470558704657,54
1408,0,2282,1112,1170,0,0,0,1.0,1,1.0,1,1.0,1,0.2585075099936537,53
1409,2,2284,1112,1172,0,0,0,1.0,1,1.0,1,1.0,1,0.2368275081537162,55
1410,0,2284,1112,1172,0,0,0,1.0,1,1.0,1,1.0,1,0.23274066052124162,54
1411,0,2284,1112,1172,0,0,0,1.0,1,1.0,1,1.0,1,0.23274066052124162,54
1412,0,2284,1112,1172,0,0,0,1.0,1,1.0,1,1.0,1,0.23781680305216163,53
1413,1,2285,1112,1173,0,0,0,1.0,1,1.0,1,1.0,1,0.2170239576579708,54
1414,2,2287,1112,1175,0,0,0,1.0,1,1.0,1,1.0,1,0.21709996503245999,55
1415,2,2289,1113,1176,0,0,0,1.0,1,1.0,1,1.0,1,0.20079171818738106,57
1416,2,2291,1113,1178,0,0,0,1.0,1,1.0,1,1.0,1,0.19900281476044723,59
1417,1,2292,1114,1178,0,0,0,1.0,1,1.0,1,1.0,1,0.21398585944731702,58
1418,3,2295,1115,1180,0,0,0,1.0,1,1.0,1,1.0,1,0.18933210273128273,57
1419,1,2296,1116,1180,0,0,0,1.0,1,1.0,1,1.0,1,0.21253277009679394,56
1420,2,2298,1116,1182,0,0,0,1.0,1,1.0,1,1.0,1,0.2399136716036043,54
1421,2,2300,1117,1183,0,0,0,1.0,1,1.0,1,1.0,1,0.2561421786653686,55
1422,1,2301,1117,1184,0,0,0,1.0,1,1.0,1,1.0,1,0.19824384192909514,52
1423,2,2303,1119,1184,0,0,0,1.0,1,1.0,1,1.0,1,0.2196957807042913,52
1424,3,2306,1122,1184,0,0,0,1.0,1,1.0,1,1.0,1,0.2489977332184271,51
1425,2,2308,1122,1186,0,0,0,1.0,1,1.0,1,1.0,1,0.22554534121727465,50
1426,2,2310,1123,1187,0,0,0,1.0,1,1.0,1,1.0,1,0.24622721217124657,50
1427,0,2310,1123,1187,0,0,0,1.0,1,1.0,1,1.0,1,0.251563412023875,48
1428,5,2315,1126,1189,0,0,0,1.0,1,1.0,1,1.0,1,0.24974862202781636,48
1429,2,2317,1127,1190,0,0,0,1.0,1,1.0,1,1.0,1,0.2505609212868718,48
1430,0,2317,1127,1190,0,0,0,1.0,1,1.0,1,1.0,1,0.2505609212868718,48
1431,0,2317,1127,1190,0,0,0,1.0,1,1.0,1,1.0,1,0.2505609212868718,48
1432,2,2319,1128,1191,0,0,0,1.0,1,1.0,1,1.0,1,0.2277528737068358,50
1433,1,2320,1128,1192,0,0,0,1.0,1,1.0,1,1.0,1,0.22649515931647968,51
1434,3,2323,1130,1193,0,0,0,1.0,1,1.0,1,1.0,1,0.2268037427526102,51
1435,5,2328,1133,1195,0,0,0,1.0,1,1.0,1,1.0,1,0.22031416729710893,50
1436,2,2330,1134,1196,0,0,0,1.0,1,1.0,1,1.0,1,0.2239983373479777,51
1437,3,2333,1134,1199,0,0,0,1.0,1,1.0,1,1.0,1,0.17334217994350182,51
1438,2,2335,1135,1200,0,0,0,1.0,1,1.0,1,1.0,1,0.17561213419951485,51
1439,2,2337,1137,1200,0,0,0,1.0,1,1.0,1,1.0,1,0.19975478756535556,50
1440,1,2338,1138,1200,0,0,0,1.0,1,1.0,1,1.0,1,0.23852179425178097,51
1441,1,2339,1138,1201,0,0,0,1.0,1,1.0,1,1.0,1,0.23390963838393788,51
1442,2,2341,1139,1202,0,0,0,1.0,1,1.0,1,1.0,1,0.22587319473637082,52
1443,3,2344,1139,1205,0,0,0,1.0,1,1.0,1,1.0,1,0.2100562920273365,53
1444,3,2347,1139,1208,0,0,0,1.0,1,1.0,1,1.0,1,0.1762190317076752,54
1445,0,2347,1139,1208,0,0,0,1.0,1,1.0,1,1.0,1,0.1762190317076752,54
1446,0,2347,1139,1208,0,0,0,1.0,1,1.0,1,1.0,1,0.1867800284303678,54
1447,0,2347,1139,1208,0,0,0,1.0,1,1.0,1,1.0,1,0.18742713143411863,55
1448,0,2347,1139,1208,0,0,0,1.0,1,1.0,1,1.0,1,0.18742713143411863,55
1449,1,2348,1140,1208,0,0,0,1.0,1,1.0,1,1.0,1,0.1775740007230909,55
1450,5,2353,1141,1212,0,0,0,1.0,1,1.0,1,1.0,1,0.13259285605110918,57
1451,0,2353,1141,1212,0,0,0,1.0,1,1.0,1,1.0,1,0.13259285605110918,57
1452,0,2353,1141,1212,0,0,0,1.0,1,1.0,1,1.0,1,0.13259285605110918,57
1453,2,2355,1143,1212,0,0,0,1.0,1,1.0,1,1.0,1,0.17560637097809625,57
1454,4,2359,1145,1214,0,0,0,1.0,1,1.0,1,1.0,1,0.1904598630081837,58
1455,1,2360,1145,1215,0,0,0,1.0,1,1.0,1,1.0,1,0.18374393405187445,56
1456,2,2362,1146,1216,0,0,0,1.0,1,1.0,1,1.0,1,0.18847625030579143,55
1457,2,2364,1146,1218,0,0,0,1.0,1,1.0,1,1.0,1,0.1808475456822625,54
1458,2,2366,1148,1218,0,0,0,1.0,1,1.0,1,1.0,1,0.19846945434026186,53
1459,2,2368,1148,1220,0,0,0,1.0,1,1.0,1,1.0,1,0.1421441318230263,52
1460,0,2368,1148,1220,0,0,0,1.0,1,1.0,1,1.0,1,0.13788106306856412,51
1461,2,2370,1150,1220,0,0,0,1.0,1,1.0,1,1.0,1,0.1460133208139073,51
1462,3,2373,1153,1220,0,0,0,1.0,1,1.0,1,1.0,1,0.14446886484013188,51
1463,4,2377,1157,1220,0,0,0,1.0,1,1.0,1,1.0,1,0.21376562788439094,52
1464,3,2380,1160,1220,0,0,0,1.0,1,1.0,1,1.0,1,0.2629640987558006,52
1465,4,2384,1161,1223,0,0,0,1.0,1,1.0,1,1.0,1,0.22664369330269785,51
1466,4,2388,1163,1225,0,0,0,1.0,1,1.0,1,1.0,1,0.2163289627784955,50
1467,3,2391,1165,1226,0,0,0,1.0,1,1.0,1,1.0,1,0.19913155331467455,48
1468,3,2394,1166,1228,0,0,0,1.0,1,1.0,1,1.0,1,0.15105630648002435,48
1469,5,2399,1168,1231,0,0,0,1.0,1,1.0,1,1.0,1,0.14176376153511272,48
1470,2,2401,1169,1232,0,0,0,1.0,1,1.0,1,1.0,1,0.13673793174569512,48
1471,2,2403,1171,1232,0,0,0,1.0,1,1.0,1,1.0,1,0.16528972583677198,45
1472,1,2404,1172,1232,0,0,0,1.0,1,1.0,1,1.0,1,0.16543091329576395,45
1473,2,2406,1173,1233,0,0,0,1.0,1,1.0,1,1.0,1,0.1496264773441276,46
1474,0,2406,1173,1233,0,0,0,1.0,1,1.0,1,1.0,1,0.16551548461509544,46
1475,0,2406,1173,1233,0,0,0,1.0,1,1.0,1,1.0,1,0.16551548461509544,46
1476,1,2407,1173,1234,0,0,0,1.0,1,1.0,1,1.0,1,0.16565689091898025,47
1477,1,2408,1174,1234,0,0,0,1.0,1,1.0,1,1.0,1,0.17907074791231198,47
1478,3,2411,1175,1236,0,0,0,1.0,1,1.0,1,1.0,1,0.18661604458075315,47
1479,1,2412,1175,1237,0,0,0,1.0,1,1.0,1,1.0,1,0.174156575470069,48
1480,2,2414,1176,1238,0,0,0,1.0,1,1.0,1,1.0,1,0.1848321671155403,47
1481,3,2417,1177,1240,0,0,0,1.0,1,1.0,1,1.0,1,0.1782167873067058,47
1482,2,2419,1179,1240,0,0,0,1.0,1,1.0,1,1.0,1,0.21248053514272916,46
1483,2,2421,1180,1241,0,0,0,1.0,1,1.0,1,1.0,1,0.219735421507594,47
1484,1,2422,1181,1241,0,0,0,1.0,1,1.0,1,1.0,1,0.22165192717138438,47
1485,2,2424,1181,1243,0,0,0,1.0,1,1.0,1,1.0,1,0.24356818079272155,47
1486,2,2426,1181,1245,0,0,0,1.0,1,1.0,1,1.0,1,0.21946177848778314,49
1487,4,2430,1184,1246,0,0,0,1.0,1,1.0,1,1.0,1,0.1805323315764677,49
1488,1,2431,1185,1246,0,0,0,1.0,1,1.0,1,1.0,1,0.17839177017940352,51
1489,1,2432,1185,1247,0,0,0,1.0,1,1.0,1,1.0,1,0.17886309743035522,52
1490,1,2433,1185,1248,0,0,0,1.0,1,1.0,1,1.0,1,0.14929044105566555,52
1491,2,2435,1187,1248,0,0,0,1.0,1,1.0,1,1.0,1,0.17005247801149453,53
1492,4,2439,1190,1249,0,0,0,1.0,1,1.0,1,1.0,1,0.2040562777808463,53
1493,2,2441,1190,1251,0,0,0,1.0,1,1.0,1,1.0,1,0.11850281927504783,52
1494,2,2443,1192,1251,0,0,0,1.0,1,1.0,1,1.0,1,0.1294289424074619,50
1495,2,2445,1194,1251,0,0,0,1.0,1,1.0,1,1.0,1,0.11091253537078105,50
1496,3,2448,1196,1252,0,0,0,1.0,1,1.0,1,1.0,1,0.17128020067831198,52
1497,2,2450,1197,1253,0,0,0,1.0,1,1.0,1,1.0,1,0.16099750247736516,51
1498,1,2451,1198,1253,0,0,0,1.0,1,1.0,1,1.0,1,0.1741269326049691,50
1499,0,2451,1198,1253,0,0,0,1.0,1,1.0,1,1.0,1,0.17202356068549463,50
1500,3,2454,1200,1254,0,0,0,1.0,1,1.0,1,1.0,1,0.19790001588126227,49
1501,1,2455,1200,1255,0,0,0,1.0,1,1.0,1,1.0,1,0.17954053703921918,47
1502,3,2458,1203,1255,0,0,0,1.0,1,1.0,1,1.0,1,0.24744168806163153,47
1503,3,2461,1204,1257,0,0,0,1.0,1,1.0,1,1.0,1,0.18033197348536487,47
1504,0,2461,1204,1257,0,0,0,1.0,1,1.0,1,1.0,1,0.1614476310046912,48
1505,2,2463,1206,1257,0,0,0,1.0,1,1.0,1,1.0,1,0.18744490188452612,47
1506,2,2465,1208,1257,0,0,0,1.0,1,1.0,1,1.0,1,0.20030400309252497,47
1507,3,2468,1211,1257,0,0,0,1.0,1,1.0,1,1.0,1,0.27269127014753947,45
1508,2,2470,1212,1258,0,0,0,1.0,1,1.0,1,1.0,1,0.24902301328738904,45
1509,4,2474,1215,1259,0,0,0,1.0,1,1.0,1,1.0,1,0.2658027788290277,44
1510,2,2476,1217,1259,0,0,0,1.0,1,1.0,1,1.0,1,0.3221309041843339,42
1511,0,2476,1217,1259,0,0,0,1.0,1,1.0,1,1.0,1,0.31689664476341467,40
1512,3,2479,1220,1259,0,0,0,1.0,1,1.0,1,1.0,1,0.3842076043764534,39
1513,5,2484,1220,1264,0,0,0,1.0,1,1.0,1,1.0,1,0.2889950658999429,39
1514,0,2484,1220,1264,0,0,0,1.0,1,1.0,1,1.0,1,0.2800422178423174,38
1515,1,2485,1220,1265,0,0,0,1.0,1,1.0,1,1.0,1,0.2610653430752057,39
1516,1,2486,1220,1266,0,0,0,1.0,1,1.0,1,1.0,1,0.24146451502791028,39
1517,3,2489,1221,1268,0,0,0,1.0,1,1.0,1,1.0,1,0.2362704031042393,39
1518,1,2490,1222,1268,0,0,0,1.0,1,1.0,1,1.0,1,0.2620361695569245,39
1519,1,2491,1222,1269,0,0,0,1.0,1,1.0,1,1.0,1,0.24294486623599917,39
1520,2,2493,1223,1270,0,0,0,1.0,1,1.0,1,1.0,1,0.25976586142695457,39
1521,2,2495,1224,1271,0,0,0,1.0,1,1.0,1,1.0,1,0.2741525466451392,40
1522,1,2496,1225,1271,0,0,0,1.0,1,1.0,1,1.0,1,0.2948694131663351,40
1523,3,2499,1225,1274,0,0,0,1.0,1,1.0,1,1.0,1,0.23820924712863478,41
1524,1,2500,1226,1274,0,0,0,1.0,1,1.0,1,1.0,1,0.2761480068762124,42
1525,3,2503,1227,1276,0,0,0,1.0,1,1.0,1,1.0,1,0.22848152778041578,45
1526,3,2506,1227,1279,0,0,0,1.0,1,1.0,1,1.0,1,0.20026688976888754,46
1527,0,2506,1227,1279,0,0,0,1.0,1,1.0,1,1.0,1,0.20026688976888754,46
1528,0,2506,1227,1279,0,0,0,1.0,1,1.0,1,1.0,1,0.20507744421843707,47
1529,0,2506,1227,1279,0,0,0,1.0,1,1.0,1,1.0,1,0.20507744421843707,47
1530,2,2508,1227,1281,0,0,0,1.0,1,1.0,1,1.0,1,0.1811206290272142,48
1531,0,2508,1227,1281,0,0,0,1.0,1,1.0,1,1.0,1,0.18982182370522402,46
1532,1,2509,1227,1282,0,0,0,1.0,1,1.0,1,1.0,1,0.14870577711387334,47
1533,0,2509,1227,1282,0,0,0,1.0,1,1.0,1,1.0,1,0.1560194966191551,46
1534,1,2510,1228,1282,0,0,0,1.0,1,1.0,1,1.0,1,0.13947296025596856,47
1535,1,2511,1229,1282,0,0,0,1.0,1,1.0,1,1.0,1,0.13211685958308242,47
1536,0,2511,1229,1282,0,0,0,1.0,1,1.0,1,1.0,1,0.14531916719842716,48
1537,0,2511,1229,1282,0,0,0,1.0,1,1.0,1,1.0,1,0.144076571565082,46
1538,0,2511,1229,1282,0,0,0,1.0,1,1.0,1,1.0,1,0.16025225765287776,47
1539,0,2511,1229,1282,0,0,0,1.0,1,1.0,1,1.0,1,0.19401569206091385,47
1540,1,2512,1230,1282,0,0,0,1.0,1,1.0,1,1.0,1,0.20522020568402996,47
1541,1,2513,1230,1283,0,0,0,1.0,1,1.0,1,1.0,1,0.1711145375316594,47
1542,2,2515,1232,1283,0,0,0,1.0,1,1.0,1,1.0,1,0.2137538643136978,50
1543,5,2520,1235,1285,0,0,0,1.0,1,1.0,1,1.0,1,0.2296031935165776,47
1544,7,2527,1239,1288,0,0,0,1.0,1,1.0,1,1.0,1,0.2714489343370354,48
1545,3,2530,1240,1290,0,0,0,1.0,1,1.0,1,1.0,1,0.20369057728340642,47
1546,2,2532,1241,1291,0,0,0,1.0,1,1.0,1,1.0,1,0.22682677510998384,47
1547,1,2533,1242,1291,0,0,0,1.0,1,1.0,1,1.0,1,0.25022094749498813,47
1548,2,2535,1244,1291,0,0,0,1.0,1,1.0,1,1.0,1,0.22301964065286956,47
1549,7,2542,1248,1294,0,0,0,1.0,1,1.0,1,1.0,1,0.18130316415686504,46
1550,1,2543,1249,1294,0,0,0,1.0,1,1.0,1,1.0,1,0.22987117407776217,44
1551,6,2549,1253,1296,0,0,0,1.0,1,1.0,1,1.0,1,0.21524972867809958,45
1552,3,2552,1255,1297,0,0,0,1.0,1,1.0,1,1.0,1,0.24752363391624346,43
1553,5,2557,1257,1300,0,0,0,1.0,1,1.0,1,1.0,1,0.1832136214258084,43
1554,0,2557,1257,1300,0,0,0,1.0,1,1.0,1,1.0,1,0.20974255233209446,41
1555,0,2557,1257,1300,0,0,0,1.0,1,1.0,1,1.0,1,0.2348976555199087,44
1556,1,2558,1258,1300,0,0,0,1.0,1,1.0,1,1.0,1,0.23354417887166284,45
1557,2,2560,1258,1302,0,0,0,1.0,1,1.0,1,1.0,1,0.1969069889501657,45
1558,1,2561,1258,1303,0,0,0,1.0,1,1.0,1,1.0,1,0.18586452437249584,46
1559,4,2565,1259,1306,0,0,0,1.0,1,1.0,1,1.0,1,0.15491423233543022,47
1560,1,2566,1260,1306,0,0,0,1.0,1,1.0,1,1.0,1,0.1417157194471191,46
1561,1,2567,1261,1306,0,0,0,1.0,1,1.0,1,1.0,1,0.1576480045028378,47
1562,1,2568,1262,1306,0,0,0,1.0,1,1.0,1,1.0,1,0.1513124286666624,47
1563,0,2568,1262,1306,0,0,0,1.0,1,1.0,1,1.0,1,0.1513124286666624,47
1564,0,2568,1262,1306,0,0,0,1.0,1,1.0,1,1.0,1,0.1513124286666624,47
1565,1,2569,1262,1307,0,0,0,1.0,1,1.0,1,1.0,1,0.18729195128675027,48
1566,2,2571,1263,1308,0,0,0,1.0,1,1.0,1,1.0,1,0.16171591449439035,48
1567,1,2572,1263,1309,0,0,0,1.0,1,1.0,1,1.0,1,0.17408370455626307,48
1568,4,2576,1266,1310,0,0,0,1.0,1,1.0,1,1.0,1,0.21716227471213959,48
1569,1,2577,1266,1311,0,0,0,1.0,1,1.0,1,1.0,1,0.17737952823629277,45
1570,0,2577,1266,1311,0,0,0,1.0,1,1.0,1,1.0,1,0.191185120370479,44
1571,2,2579,1268,1311,0,0,0,1.0,1,1.0,1,1.0,1,0.21236788890697947,42
1572,5,2584,1269,1315,0,0,0,1.0,1,1.0,1,1.0,1,0.22173884372630234,43
1573,4,2588,1271,1317,0,0,0,1.0,1,1.0,1,1.0,1,0.21469237984060996,43
1574,3,2591,1274,1317,0,0,0,1.0,1,1.0,1,1.0,1,0.21060183339954683,42
1575,1,2592,1275,1317,0,0,0,1.0,1,1.0,1,1.0,1,0.23757164337196285,43
1576,3,2595,1278,1317,0,0,0,1.0,1,1.0,1,1.0,1,0.20798837029055714,41
1577,1,2596,1279,1317,0,0,0,1.0,1,1.0,1,1.0,1,0.22851063678276223,40
1578,0,2596,1279,1317,0,0,0,1.0,1,1.0,1,1.0,1,0.21420396627103913,40
1579,0,2596,1279,1317,0,0,0,1.0,1,1.0,1,1.0,1,0.2132141551392171,40
1580,0,2596,1279,1317,0,0,0,1.0,1,1.0,1,1.0,1,0.2132141551392171,40
1581,3,2599,1281,1318,0,0,0,1.0,1,1.0,1,1.0,1,0.22148225758162937,40
1582,6,2605,1285,1320,0,0,0,1.0,1,1.0,1,1.0,1,0.24551172518811126,40
1583,2,2607,1286,1321,0,0,0,1.0,1,1.0,1,1.0,1,0.23708768684948717,38
1584,4,2611,1289,1322,0,0,0,1.0,1,1.0,1,1.0,1,0.2413253447951198,39
1585,4,2615,1292,1323,0,0,0,1.0,1,1.0,1,1.0,1,0.19923652896314004,38
1586,2,2617,1294,1323,0,0,0,1.0,1,1.0,1,1.0,1,0.2233034796828468,38
1587,1,2618,1295,1323,0,0,0,1.0,1,1.0,1,1.0,1,0.2116492221550311,37
1588,4,2622,1298,1324,0,0,0,1.0,1,1.0,1,1.0,1,0.21819046724297206,39
1589,3,2625,1300,1325,0,0,0,1.0,1,1.0,1,1.0,1,0.20278769825009507,37
1590,2,2627,1302,1325,0,0,0,1.0,1,1.0,1,1.0,1,0.24562685581181093,37
1591,3,2630,1303,1327,0,0,0,1.0,1,1.0,1,1.0,1,0.2674433405761435,36
1592,2,2632,1303,1329,0,0,0,1.0,1,1.0,1,1.0,1,0.25360587587210043,34
1593,1,2633,1303,1330,0,0,0,1.0,1,1.0,1,1.0,1,0.26426181094186424,33
1594,0,2633,1303,1330,0,0,0,1.0,1,1.0,1,1.0,1,0.31528441834981713,31
1595,2,2635,1304,1331,0,0,0,1.0,1,1.0,1,1.0,1,0.270456879368357,34
1596,0,2635,1304,1331,0,0,0,1.0,1,1.0,1,1.0,1,0.29032812684726944,33
1597,0,2635,1304,1331,0,0,0,1.0,1,1.0,1,1.0,1,0.29032812684726944,33
1598,1,2636,1304,1332,0,0,0,1.0,1,1.0,1,1.0,1,0.21313054337080783,33
1599,0,2636,1304,1332,0,0,0,1.0,1,1.0,1,1.0,1,0.21313054337080783,33
1600,2,2638,1305,1333,0,0,0,1.0,1,1.0,1,1.0,1,0.22091262135710307,34
1601,2,2640,1305,1335,0,0,0,1.0,1,1.0,1,1.0,1,0.1891943497369201,35
1602,0,2640,1305,1335,0,0,0,1.0,1,1.0,1,1.0,1,0.16470787785339,36
1603,3,2643,1306,1337,0,0,0,1.0,1,1.0,1,1.0,1,0.1692697394240492,38
1604,1,2644,1307,1337,0,0,0,1.0,1,1.0,1,1.0,1,0.15532954709620805,38
1605,0,2644,1307,1337,0,0,0,1.0,1,1.0,1,1.0,1,0.15532954709620805,38
1606,4,2648,1309,1339,0,0,0,1.0,1,1.0,1,1.0,1,0.20253068530703844,39
1607,2,2650,1311,1339,0,0,0,1.0,1,1.0,1,1.0,1,0.23982554890408553,37
1608,0,2650,1311,1339,0,0,0,1.0,1,1.0,1,1.0,1,0.25729524875009735,36
1609,2,2652,1311,1341,0,0,0,1.0,1,1.0,1,1.0,1,0.2241920156983352,34
1610,2,2654,1312,1342,0,0,0,1.0,1,1.0,1,1.0,1,0.1965238075234667,34
1611,2,2656,1314,1342,0,0,0,1.0,1,1.0,1,1.0,1,0.22137158292028894,35
1612,0,2656,1314,1342,0,0,0,1.0,1,1.0,1,1.0,1,0.2313990417158286,33
1613,3,2659,1316,1343,0,0,0,1.0,1,1.0,1,1.0,1,0.27143625223985846,34
1614,1,2660,1317,1343,0,0,0,1.0,1,1.0,1,1.0,1,0.2683889950026538,35
1615,3,2663,1319,1344,0,0,0,1.0,1,1.0,1,1.0,1,0.26096503481722083,35
1616,2,2665,1320,1345,0,0,0,1.0,1,1.0,1,1.0,1,0.19646984566585957,37
1617,1,2666,1321,1345,0,0,0,1.0,1,1.0,1,1.0,1,0.2204785995440806,38
1618,3,2669,1323,1346,0,0,0,1.0,1,1.0,1,1.0,1,0.2349292960883355,38
1619,0,2669,1323,1346,0,0,0,1.0,1,1.0,1,1.0,1,0.2360607571626434,38
1620,2,2671,1324,1347,0,0,0,1.0,1,1.0,1,1.0,1,0.2505386988185377,39
1621,3,2674,1325,1349,0,0,0,1.0,1,1.0,1,1.0,1,0.1634511645453531,37
1622,0,2674,1325,1349,0,0,0,1.0,1,1.0,1,1.0,1,0.18693999505532938,37
1623,2,2676,1327,1349,0,0,0,1.0,1,1.0,1,1.0,1,0.20758164710154675,37
1624,2,2678,1329,1349,0,0,0,1.0,1,1.0,1,1.0,1,0.25158937794435915,37
1625,2,2680,1329,1351,0,0,0,1.0,1,1.0,1,1.0,1,0.22312144387906488,35
1626,1,2681,1330,1351,0,0,0,1.0,1,1.0,1,1.0,1,0.27984421852388525,35
1627,0,2681,1330,1351,0,0,0,1.0,1,1.0,1,1.0,1,0.2628861559877624,34
1628,2,2683,1331,1352,0,0,0,1.0,1,1.0,1,1.0,1,0.2655413845937227,35
1629,3,2686,1334,1352,0,0,0,1.0,1,1.0,1,1.0,1,0.357195117297308,34
1630,1,2687,1334,1353,0,0,0,1.0,1,1.0,1,1.0,1,0.295088530573265,32
1631,0,2687,1334,1353,0,0,0,1.0,1,1.0,1,1.0,1,0.31263165335319987,33
1632,0,2687,1334,1353,0,0,0,1.0,1,1.0,1,1.0,1,0.3560610818467267,32
1633,1,2688,1334,1354,0,0,0,1.0,1,1.0,1,1.0,1,0.33906747309485263,31
1634,0,2688,1334,1354,0,0,0,1.0,1,1.0,1,1.0,1,0.33906747309485263,31
1635,1,2689,1334,1355,0,0,0,1.0,1,1.0,1,1.0,1,0.3387807747731006,31
1636,2,2691,1335,1356,0,0,0,1.0,1,1.0,1,1.0,1,0.28835326464437533,33
1637,1,2692,1335,1357,0,0,0,1.0,1,1.0,1,1.0,1,0.2728257541490782,33
1638,2,2694,1335,1359,0,0,0,1.0,1,1.0,1,1.0,1,0.24209251320038855,36
1639,0,2694,1335,1359,0,0,0,1.0,1,1.0,1,1.0,1,0.24209251320038855,36
1640,1,2695,1336,1359,0,0,0,1.0,1,1.0,1,1.0,1,0.26468869503765263,36
1641,1,2696,1337,1359,0,0,0,1.0,1,1.0,1,1.0,1,0.2532640418665951,38
1642,1,2697,1338,1359,0,0,0,1.0,1,1.0,1,1.0,1,0.2756404435898746,37
1643,2,2699,1340,1359,0,0,0,1.0,1,1.0,1,1.0,1,0.2900728930634178,37
1644,5,2704,1342,1362,0,0,0,1.0,1,1.0,1,1.0,1,0.3357253005516161,38
1645,1,2705,1342,1363,0,0,0,1.0,1,1.0,1,1.0,1,0.3384164747859361,36
1646,0,2705,1342,1363,0,0,0,1.0,1,1.0,1,1.0,1,0.35032995902036973,37
1647,1,2706,1343,1363,0,0,0,1.0,1,1.0,1,1.0,1,0.41062497760730166,35
1648,3,2709,1343,1366,0,0,0,1.0,1,1.0,1,1.0,1,0.39712960586305696,38
1649,1,2710,1344,1366,0,0,0,1.0,1,1.0,1,1.0,1,0.38920569867811156,35
1650,0,2710,1344,1366,0,0,0,1.0,1,1.0,1,1.0,1,0.403452073095168,34
1651,0,2710,1344,1366,0,0,0,1.0,1,1.0,1,1.0,1,0.4296675166601545,32
1652,0,2710,1344,1366,0,0,0,1.0,1,1.0,1,1.0,1,0.43299464380589997,33
1653,1,2711,1344,1367,0,0,0,1.0,1,1.0,1,1.0,1,0.3955021620134079,33
1654,1,2712,1344,1368,0,0,0,1.0,1,1.0,1,1.0,1,0.372108599715199,34
1655,2,2714,1344,1370,0,0,0,1.0,1,1.0,1,1.0,1,0.3481285217471516,35
1656,0,2714,1344,1370,0,0,0,1.0,1,1.0,1,1.0,1,0.3481285217471516,35
1657,5,2719,1344,1375,0,0,0,1.0,1,1.0,1,1.0,1,0.2080432072280313,36
1658,0,2719,1344,1375,0,0,0,1.0,1,1.0,1,1.0,1,0.2080432072280313,36
1659,2,2721,1344,1377,0,0,0,1.0,1,1.0,1,1.0,1,0.20899529268240313,36
1660,6,2727,1348,1379,0,0,0,1.0,1,1.0,1,1.0,1,0.20421569901315192,38
1661,0,2727,1348,1379,0,0,0,1.0,1,1.0,1,1.0,1,0.20421569901315192,38
1662,3,2730,1351,1379,0,0,0,1.0,1,1.0,1,1.0,1,0.233817611575533,39
1663,1,2731,1352,1379,0,0,0,1.0,1,1.0,1,1.0,1,0.26261681046504853,40
1664,1,2732,1352,1380,0,0,0,1.0,1,1.0,1,1.0,1,0.24622581859458975,39
1665,4,2736,1353,1383,0,0,0,1.0,1,1.0,1,1.0,1,0.21097552490645535,40
1666,0,2736,1353,1383,0,0,0,1.0,1,1.0,1,1.0,1,0.24717779942016654,40
1667,1,2737,1354,1383,0,0,0,1.0,1,1.0,1,1.0,1,0.24325068296358712,40
1668,2,2739,1355,1384,0,0,0,1.0,1,1.0,1,1.0,1,0.24363099383041725,41
1669,2,2741,1355,1386,0,0,0,1.0,1,1.0,1,1.0,1,0.2120143213768871,40
1670,2,2743,1356,1387,0,0,0,1.0,1,1.0,1,1.0,1,0.18079093082008071,40
1671,0,2743,1356,1387,0,0,0,1.0,1,1.0,1,1.0,1,0.20350891142111754,41
1672,2,2745,1358,1387,0,0,0,1.0,1,1.0,1,1.0,1,0.26074376530263466,40
1673,4,2749,1359,1390,0,0,0,1.0,1,1.0,1,1.0,1,0.21469425192363287,39
1674,0,2749,1359,1390,0,0,0,1.0,1,1.0,1,1.0,1,0.2279541766966921,40
1675,0,2749,1359,1390,0,0,0,1.0,1,1.0,1,1.0,1,0.22361677675857158,38
1676,0,2749,1359,1390,0,0,0,1.0,1,1.0,1,1.0,1,0.23581085949582425,39
1677,0,2749,1359,1390,0,0,0,1.0,1,1.0,1,1.0,1,0.2360884872415483,39
1678,0,2749,1359,1390,0,0,0,1.0,1,1.0,1,1.0,1,0.2360884872415483,39
1679,1,2750,1360,1390,0,0,0,1.0,1,1.0,1,1.0,1,0.24316603848926194,39
1680,3,2753,1360,1393,0,0,0,1.0,1,1.0,1,1.0,1,0.1696475337435192,41
1681,1,2754,1360,1394,0,0,0,1.0,1,1.0,1,1.0,1,0.13923621780794967,41
1682,1,2755,1361,1394,0,0,0,1.0,1,1.0,1,1.0,1,0.21607159171084195,43
1683,4,2759,1365,1394,0,0,0,1.0,1,1.0,1,1.0,1,0.2661827330698546,43
1684,2,2761,1366,1395,0,0,0,1.0,1,1.0,1,1.0,1,0.22866828772121606,42
1685,2,2763,1367,1396,0,0,0,1.0,1,1.0,1,1.0,1,0.22100300992064328,41
1686,5,2768,1369,1399,0,0,0,1.0,1,1.0,1,1.0,1,0.25318736162610656,41
1687,2,2770,1369,1401,0,0,0,1.0,1,1.0,1,1.0,1,0.20663282057579685,40
1688,3,2773,1371,1402,0,0,0,1.0,1,1.0,1,1.0,1,0.24878178213599794,39
1689,3,2776,1373,1403,0,0,0,1.0,1,1.0,1,1.0,1,0.246664547139107,38
1690,3,2779,1374,1405,0,0,0,1.0,1,1.0,1,1.0,1,0.20884321550191567,38
1691,0,2779,1374,1405,0,0,0,1.0,1,1.0,1,1.0,1,0.264090356962645,36
1692,0,2779,1374,1405,0,0,0,1.0,1,1.0,1,1.0,1,0.23397755916618856,36
1693,1,2780,1375,1405,0,0,0,1.0,1,1.0,1,1.0,1,0.2387252587617332,35
1694,0,2780,1375,1405,0,0,0,1.0,1,1.0,1,1.0,1,0.24604628083786034,33
1695,0,2780,1375,1405,0,0,0,1.0,1,1.0,1,1.0,1,0.262773560313017,34
1696,1,2781,1376,1405,0,0,0,1.0,1,1.0,1,1.0,1,0.30830801691125914,35
1697,4,2785,1377,1408,0,0,0,1.0,1,1.0,1,1.0,1,0.2655810312687607,36
1698,2,2787,1378,1409,0,0,0,1.0,1,1.0,1,1.0,1,0.26097168120396363,38
1699,1,2788,1379,1409,0,0,0,1.0,1,1.0,1,1.0,1,0.2849805866109418,38
1700,2,2790,1380,1410,0,0,0,1.0,1,1.0,1,1.0,1,0.27396486790383073,39
1701,0,2790,1380,1410,0,0,0,1.0,1,1.0,1,1.0,1,0.28550290632184544,40
1702,4,2794,1383,1411,0,0,0,1.0,1,1.0,1,1.0,1,0.32506490772557906,41
1703,3,2797,1384,1413,0,0,0,1.0,1,1.0,1,1.0,1,0.32109323870537687,41
1704,3,2800,1386,1414,0,0,0,1.0,1,1.0,1,1.0,1,0.310555509473549,41
1705,1,2801,1387,1414,0,0,0,1.0,1,1.0,1,1.0,1,0.26670449214367675,40
1706,0,2801,1387,1414,0,0,0,1.0,1,1.0,1,1.0,1,0.26670449214367675,40
1707,2,2803,1388,1415,0,0,0,1.0,1,1.0,1,1.0,1,0.2638931124640814,39
1708,1,2804,1388,1416,0,0,0,1.0,1,1.0,1,1.0,1,0.22731254172457072,39
1709,1,2805,1389,1416,0,0,0,1.0,1,1.0,1,1.0,1,0.22497713929395446,38
1710,4,2809,1391,1418,0,0,0,1.0,1,1.0,1,1.0,1,0.2514188992692032,39
1711,0,2809,1391,1418,0,0,0,1.0,1,1.0,1,1.0,1,0.2629177720771479,38
1712,3,2812,1393,1419,0,0,0,1.0,1,1.0,1,1.0,1,0.2582870064787446,38
1713,1,2813,1393,1420,0,0,0,1.0,1,1.0,1,1.0,1,0.224604184258074,37
1714,0,2813,1393,1420,0,0,0,1.0,1,1.0,1,1.0,1,0.2405879975880339,38
1715,3,2816,1394,1422,0,0,0,1.0,1,1.0,1,1.0,1,0.21937367553624793,40
1716,0,2816,1394,1422,0,0,0,1.0,1,1.0,1,1.0,1,0.2197044133125075,39
1717,0,2816,1394,1422,0,0,0,1.0,1,1.0,1,1.0,1,0.21206382851046268,38
1718,0,2816,1394,1422,0,0,0,1.0,1,1.0,1,1.0,1,0.24263566797082733,38
1719,0,2816,1394,1422,0,0,0,1.0,1,1.0,1,1.0,1,0.24263566797082733,38
1720,1,2817,1394,1423,0,0,0,1.0,1,1.0,1,1.0,1,0.24441795932445257,41
1721,1,2818,1395,1423,0,0,0,1.0,1,1.0,1,1.0,1,0.2234678982733246,39
1722,2,2820,1397,1423,0,0,0,1.0,1,1.0,1,1.0,1,0.27555873854677765,40
1723,1,2821,1398,1423,0,0,0,1.0,1,1.0,1,1.0,1,0.2689470373740644,38
1724,1,2822,1399,1423,0,0,0,1.0,1,1.0,1,1.0,1,0.28742864295709647,37
1725,2,2824,1399,1425,0,0,0,1.0,1,1.0,1,1.0,1,0.24760933205327154,38
1726,2,2826,1400,1426,0,0,0,1.0,1,1.0,1,1.0,1,0.26599391474795847,37
1727,0,2826,1400,1426,0,0,0,1.0,1,1.0,1,1.0,1,0.26599391474795847,37
1728,0,2826,1400,1426,0,0,0,1.0,1,1.0,1,1.0,1,0.2652008828822829,35
1729,1,2827,1401,1426,0,0,0,1.0,1,1.0,1,1.0,1,0.2774480595117447,37
1730,4,2831,1402,1429,0,0,0,1.0,1,1.0,1,1.0,1,0.291160288133962,37
1731,1,2832,1403,1429,0,0,0,1.0,1,1.0,1,1.0,1,0.3187732739615768,37
1732,1,2833,1403,1430,0,0,0,1.0,1,1.0,1,1.0,1,0.3303139621929526,37
1733,2,2835,1404,1431,0,0,0,1.0,1,1.0,1,1.0,1,0.28962319139628384,36
1734,1,2836,1404,1432,0,0,0,1.0,1,1.0,1,1.0,1,0.28112451124917515,35
1735,2,2838,1405,1433,0,0,0,1.0,1,1.0,1,1.0,1,0.24612861728861102,34
1736,0,2838,1405,1433,0,0,0,1.0,1,1.0,1,1.0,1,0.26297110349738406,35
1737,2,2840,1407,1433,0,0,0,1.0,1,1.0,1,1.0,1,0.25069997390582244,36
1738,4,2844,1408,1436,0,0,0,1.0,1,1.0,1,1.0,1,0.2332733747289445,37
1739,1,2845,1409,1436,0,0,0,1.0,1,1.0,1,1.0,1,0.21870488001462296,38
1740,1,2846,1410,1436,0,0,0,1.0,1,1.0,1,1.0,1,0.2100886277282218,37
1741,1,2847,1410,1437,0,0,0,1.0,1,1.0,1,1.0,1,0.1920321519351227,38
1742,2,2849,1412,1437,0,0,0,1.0,1,1.0,1,1.0,1,0.24669978047731198,39
1743,2,2851,1414,1437,0,0,0,1.0,1,1.0,1,1.0,1,0.2635661429957851,37
1744,3,2854,1416,1438,0,0,0,1.0,1,1.0,1,1.0,1,0.2793652071095091,38
1745,3,2857,1416,1441,0,0,0,1.0,1,1.0,1,1.0,1,0.22962302812450058,37
1746,3,2860,1418,1442,0,0,0,1.0,1,1.0,1,1.0,1,0.23144582471448905,38
1747,1,2861,1418,1443,0,0,0,1.0,1,1.0,1,1.0,1,0.20683432842969873,38
1748,0,2861,1418,1443,0,0,0,1.0,1,1.0,1,1.0,1,0.20683432842969873,38
1749,1,2862,1418,1444,0,0,0,1.0,1,1.0,1,1.0,1,0.20093970374998962,37
1750,0,2862,1418,1444,0,0,0,1.0,1,1.0,1,1.0,1,0.20923337129619798,39
1751,0,2862,1418,1444,0,0,0,1.0,1,1.0,1,1.0,1,0.20663119232916266,38
1752,0,2862,1418,1444,0,0,0,1.0,1,1.0,1,1.0,1,0.21558230409930887,39
1753,0,2862,1418,1444,0,0,0,1.0,1,1.0,1,1.0,1,0.21034017545988695,40
1754,3,2865,1419,1446,0,0,0,1.0,1,1.0,1,1.0,1,0.19192796438897605,41
1755,1,2866,1419,1447,0,0,0,1.0,1,1.0,1,1.0,1,0.20545798386283362,41
1756,1,2867,1420,1447,0,0,0,1.0,1,1.0,1,1.0,1,0.23779681035382097,42
1757,2,2869,1420,1449,0,0,0,1.0,1,1.0,1,1.0,1,0.2214208218237616,42
1758,1,2870,1421,1449,0,0,0,1.0,1,1.0,1,1.0,1,0.2394665592316968,42
1759,1,2871,1422,1449,0,0,0,1.0,1,1.0,1,1.0,1,0.2893851302271277,39
1760,3,2874,1424,1450,0,0,0,1.0,1,1.0,1,1.0,1,0.3145267350037305,39
1761,5,2879,1425,1454,0,0,0,1.0,1,1.0,1,1.0,1,0.248690373343568,38
1762,0,2879,1425,1454,0,0,0,1.0,1,1.0,1,1.0,1,0.27043795283853994,37
1763,2,2881,1426,1455,0,0,0,1.0,1,1.0,1,1.0,1,0.3044929111824366,37
1764,2,2883,1428,1455,0,0,0,1.0,1,1.0,1,1.0,1,0.30194984136587055,36
1765,6,2889,1430,1459,0,0,0,1.0,1,1.0,1,1.0,1,0.17084426779123543,37
1766,2,2891,1430,1461,0,0,0,1.0,1,1.0,1,1.0,1,0.12256326678461223,36
1767,0,2891,1430,1461,0,0,0,1.0,1,1.0,1,1.0,1,0.12256326678461223,36
1768,0,2891,1430,1461,0,0,0,1.0,1,1.0,1,1.0,1,0.12256326678461223,36
1769,0,2891,1430,1461,0,0,0,1.0,1,1.0,1,1.0,1,0.15559729343339682,38
1770,1,2892,1431,1461,0,0,0,1.0,1,1.0,1,1.0,1,0.18479736918231332,38
1771,0,2892,1431,1461,0,0,0,1.0,1,1.0,1,1.0,1,0.18479736918231332,38
1772,1,2893,1432,1461,0,0,0,1.0,1,1.0,1,1.0,1,0.19739539383465537,40
1773,1,2894,1433,1461,0,0,0,1.0,1,1.0,1,1.0,1,0.23028384757924467,40
1774,0,2894,1433,1461,0,0,0,1.0,1,1.0,1,1.0,1,0.23028384757924467,40
1775,2,2896,1433,1463,0,0,0,1.0,1,1.0,1,1.0,1,0.2239994256397985,41
1776,0,2896,1433,1463,0,0,0,1.0,1,1.0,1,1.0,1,0.21659782277483888,43
1777,3,2899,1434,1465,0,0,0,1.0,1,1.0,1,1.0,1,0.20348263571399267,44
1778,2,2901,1436,1465,0,0,0,1.0,1,1.0,1,1.0,1,0.2253946175303428,44
1779,1,2902,1437,1465,0,0,0,1.0,1,1.0,1,1.0,1,0.23351555868477927,44
1780,1,2903,1438,1465,0,0,0,1.0,1,1.0,1,1.0,1,0.23334089229112084,46
1781,1,2904,1438,1466,0,0,0,1.0,1,1.0,1,1.0,1,0.21189651736907295,46
1782,4,2908,1440,1468,0,0,0,1.0,1,1.0,1,1.0,1,0.24436934127061483,45
1783,1,2909,1441,1468,0,0,0,1.0,1,1.0,1,1.0,1,0.2677836600776515,44
1784,0,2909,1441,1468,0,0,0,1.0,1,1.0,1,1.0,1,0.2681566889776254,44
1785,4,2913,1443,1470,0,0,0,1.0,1,1.0,1,1.0,1,0.22861468097082888,42
1786,4,2917,1446,1471,0,0,0,1.0,1,1.0,1,1.0,1,0.30290409462978074,42
1787,3,2920,1447,1473,0,0,0,1.0,1,1.0,1,1.0,1,0.30092924518838543,41
1788,5,2925,1449,1476,0,0,0,1.0,1,1.0,1,1.0,1,0.3199622921340956,41
1789,4,2929,1451,1478,0,0,0,1.0,1,1.0,1,1.0,1,0.29552180984258075,41
1790,4,2933,1452,1481,0,0,0,1.0,1,1.0,1,1.0,1,0.23840315982839708,41
1791,0,2933,1452,1481,0,0,0,1.0,1,1.0,1,1.0,1,0.23852560373922557,41
1792,0,2933,1452,1481,0,0,0,1.0,1,1.0,1,1.0,1,0.23777354544721363,43
1793,3,2936,1452,1484,0,0,0,1.0,1,1.0,1,1.0,1,0.17687968661369696,43
1794,2,2938,1454,1484,0,0,0,1.0,1,1.0,1,1.0,1,0.20641915390033796,41
1795,2,2940,1456,1484,0,0,0,1.0,1,1.0,1,1.0,1,0.2254048120004965,41
1796,1,2941,1456,1485,0,0,0,1.0,1,1.0,1,1.0,1,0.21623105166605788,40
1797,2,2943,1457,1486,0,0,0,1.0,1,1.0,1,1.0,1,0.21599014961964888,38
1798,0,2943,1457,1486,0,0,0,1.0,1,1.0,1,1.0,1,0.21599014961964888,38
1799,0,2943,1457,1486,0,0,0,1.0,1,1.0,1,1.0,1,0.19752577565108664,37
1800,1,2944,1458,1486,0,0,0,1.0,1,1.0,1,1.0,1,0.27329246540829577,35
1801,1,2945,1458,1487,0,0,0,1.0,1,1.0,1,1.0,1,0.24755802903243973,34
1802,0,2945,1458,1487,0,0,0,1.0,1,1.0,1,1.0,1,0.2910020741241228,33
1803,2,2947,1459,1488,0,0,0,1.0,1,1.0,1,1.0,1,0.3100988575265244,33
1804,4,2951,1462,1489,0,0,0,1.0,1,1.0,1,1.0,1,0.36052245077734885,33
1805,3,2954,1462,1492,0,0,0,1.0,1,1.0,1,1.0,1,0.2945136253753951,35
1806,5,2959,1463,1496,0,0,0,1.0,1,1.0,1,1.0,1,0.2217847554805996,36
1807,1,2960,1464,1496,0,0,0,1.0,1,1.0,1,1.0,1,0.19491550539391692,35
1808,1,2961,1464,1497,0,0,0,1.0,1,1.0,1,1.0,1,0.17429501891710628,37
1809,0,2961,1464,1497,0,0,0,1.0,1,1.0,1,1.0,1,0.1969660348300028,35
1810,0,2961,1464,1497,0,0,0,1.0,1,1.0,1,1.0,1,0.20954143786071588,36
1811,0,2961,1464,1497,0,0,0,1.0,1,1.0,1,1.0,1,0.2447186092095744,34
1812,1,2962,1464,1498,0,0,0,1.0,1,1.0,1,1.0,1,0.2244469852100946,36
1813,0,2962,1464,1498,0,0,0,1.0,1,1.0,1,1.0,1,0.23806848010295287,35
1814,3,2965,1466,1499,0,0,0,1.0,1,1.0,1,1.0,1,0.29256360812429133,36
1815,1,2966,1466,1500,0,0,0,1.0,1,1.0,1,1.0,1,0.2854670285277603,35
1816,1,2967,1467,1500,0,0,0,1.0,1,1.0,1,1.0,1,0.2666103315884972,35
1817,1,2968,1467,1501,0,0,0,1.0,1,1.0,1,1.0,1,0.24738471914591512,35
1818,3,2971,1470,1501,0,0,0,1.0,1,1.0,1,1.0,1,0.18895465651730614,36
1819,3,2974,1472,1502,0,0,0,1.0,1,1.0,1,1.0,1,0.1957559074965981,37
1820,0,2974,1472,1502,0,0,0,1.0,1,1.0,1,1.0,1,0.1957559074965981,37
1821,2,2976,1474,1502,0,0,0,1.0,1,1.0,1,1.0,1,0.17141435667419402,38
1822,4,2980,1476,1504,0,0,0,1.0,1,1.0,1,1.0,1,0.23324399459413647,37
1823,2,2982,1478,1504,0,0,0,1.0,1,1.0,1,1.0,1,0.27430885539805194,36
1824,3,2985,1481,1504,0,0,0,1.0,1,1.0,1,1.0,1,0.3872573589082945,36
1825,4,2989,1483,1506,0,0,0,1.0,1,1.0,1,1.0,1,0.32230172678054886,34
1826,1,2990,1483,1507,0,0,0,1.0,1,1.0,1,1.0,1,0.28667618793243416,35
1827,2,2992,1484,1508,0,0,0,1.0,1,1.0,1,1.0,1,0.2851340607168753,34
1828,2,2994,1486,1508,0,0,0,1.0,1,1.0,1,1.0,1,0.30511694417210106,33
1829,2,2996,1486,1510,0,0,0,1.0,1,1.0,1,1.0,1,0.2368361480749923,31
1830,0,2996,1486,1510,0,0,0,1.0,1,1.0,1,1.0,1,0.25168875665645357,31
1831,1,2997,1487,1510,0,0,0,1.0,1,1.0,1,1.0,1,0.24898357640068375,30
1832,1,2998,1488,1510,0,0,0,1.0,1,1.0,1,1.0,1,0.24680951815519592,29
1833,2,3000,1490,1510,0,0,0,1.0,1,1.0,1,1.0,1,0.3178996651690047,28
1834,2,3002,1490,1512,0,0,0,1.0,1,1.0,1,1.0,1,0.22642466612677414,27
1835,3,3005,1493,1512,0,0,0,1.0,1,1.0,1,1.0,1,0.285620784542975,26
1836,1,3006,1494,1512,0,0,0,1.0,1,1.0,1,1.0,1,0.3165432243046827,26
1837,3,3009,1495,1514,0,0,0,1.0,1,1.0,1,1.0,1,0.3462695275513271,25
1838,2,3011,1495,1516,0,0,0,1.0,1,1.0,1,1.0,1,0.255801688265176,25
1839,0,3011,1495,1516,0,0,0,1.0,1,1.0,1,1.0,1,0.3086955942454522,24
1840,2,3013,1496,1517,0,0,0,1.0,1,1.0,1,1.0,1,0.40005896311528855,23
1841,2,3015,1496,1519,0,0,0,1.0,1,1.0,1,1.0,1,0.3136379162008661,22
1842,1,3016,1497,1519,0,0,0,1.0,1,1.0,1,1.0,1,0.35341233425983526,23
1843,1,3017,1498,1519,0,0,0,1.0,1,1.0,1,1.0,1,0.34648915682851467,23
1844,0,3017,1498,1519,0,0,0,1.0,1,1.0,1,1.0,1,0.34648915682851467,23
1845,2,3019,1500,1519,0,0,0,1.0,1,1.0,1,1.0,1,0.37243508446570694,23
1846,1,3020,1500,1520,0,0,0,1.0,1,1.0,1,1.0,1,0.3390028640102596,23
1847,0,3020,1500,1520,0,0,0,1.0,1,1.0,1,1.0,1,0.35790369676580247,24
1848,0,3020,1500,1520,0,0,0,1.0,1,1.0,1,1.0,1,0.35790369676580247,24
1849,0,3020,1500,1520,0,0,0,1.0,1,1.0,1,1.0,1,0.38054843272203775,25
1850,0,3020,1500,1520,0,0,0,1.0,1,1.0,1,1.0,1,0.38054843272203775,25
1851,0,3020,1500,1520,0,0,0,1.0,1,1.0,1,1.0,1,0.38054843272203775,25
1852,0,3020,1500,1520,0,0,0,1.0,1,1.0,1,1.0,1,0.38054843272203775,25
1853,0,3020,1500,1520,0,0,0,1.0,1,1.0,1,1.0,1,0.39902486903106277,25
1854,0,3020,1500,1520,0,0,0,1.0,1,1.0,1,1.0,1,0.39902486903106277,25
1855,0,3020,1500,1520,0,0,0,1.0,1,1.0,1,1.0,1,0.40890303633834557,26
1856,1,3021,1501,1520,0,0,0,1.0,1,1.0,1,1.0,1,0.36378269082119025,27
1857,0,3021,1501,1520,0,0,0,1.0,1,1.0,1,1.0,1,0.3510485010953419,28
1858,3,3024,1503,1521,0,0,0,1.0,1,1.0,1,1.0,1,0.3515000490928178,28
1859,3,3027,1505,1522,0,0,0,1.0,1,1.0,1,1.0,1,0.36992128587498874,28
1860,0,3027,1505,1522,0,0,0,1.0,1,1.0,1,1.0,1,0.36992128587498874,28
1861,1,3028,1505,1523,0,0,0,1.0,1,1.0,1,1.0,1,0.3544000884934076,28
1862,0,3028,1505,1523,0,0,0,1.0,1,1.0,1,1.0,1,0.3544000884934076,28
1863,1,3029,1506,1523,0,0,0,1.0,1,1.0,1,1.0,1,0.36803424891057074,29
1864,1,3030,1507,1523,0,0,0,1.0,1,1.0,1,1.0,1,0.3531507465853049,27
1865,2,3032,1508,1524,0,0,0,1.0,1,1.0,1,1.0,1,0.37502460746414534,26
1866,1,3033,1509,1524,0,0,0,1.0,1,1.0,1,1.0,1,0.4131382361450689,26
1867,0,3033,1509,1524,0,0,0,1.0,1,1.0,1,1.0,1,0.4131382361450689,26
1868,0,3033,1509,1524,0,0,0,1.0,1,1.0,1,1.0,1,0.4131382361450689,26
1869,1,3034,1509,1525,0,0,0,1.0,1,1.0,1,1.0,1,0.36815677777152883,26
1870,1,3035,1509,1526,0,0,0,1.0,1,1.0,1,1.0,1,0.3687372051695262,27
1871,1,3036,1510,1526,0,0,0,1.0,1,1.0,1,1.0,1,0.37556449371887085,27
1872,0,3036,1510,1526,0,0,0,1.0,1,1.0,1,1.0,1,0.36728561565154577,25
1873,1,3037,1510,1527,0,0,0,1.0,1,1.0,1,1.0,1,0.3080033584586235,25
1874,1,3038,1510,1528,0,0,0,1.0,1,1.0,1,1.0,1,0.3500557256094804,25
1875,1,3039,1510,1529,0,0,0,1.0,1,1.0,1,1.0,1,0.31984471142003645,25
1876,0,3039,1510,1529,0,0,0,1.0,1,1.0,1,1.0,1,0.3096370282848519,26
1877,0,3039,1510,1529,0,0,0,1.0,1,1.0,1,1.0,1,0.3218643676199325,27
1878,3,3042,1512,1530,0,0,0,1.0,1,1.0,1,1.0,1,0.2946967057473283,28
1879,1,3043,1512,1531,0,0,0,1.0,1,1.0,1,1.0,1,0.2496358794823406,29
1880,0,3043,1512,1531,0,0,0,1.0,1,1.0,1,1.0,1,0.2496358794823406,29
1881,0,3043,1512,1531,0,0,0,1.0,1,1.0,1,1.0,1,0.2496358794823406,29
1882,0,3043,1512,1531,0,0,0,1.0,1,1.0,1,1.0,1,0.23278146724852986,28
1883,0,3043,1512,1531,0,0,0,1.0,1,1.0,1,1.0,1,0.23278146724852986,28
1884,1,3044,1513,1531,0,0,0,1.0,1,1.0,1,1.0,1,0.2495929064142031,28
1885,0,3044,1513,1531,0,0,0,1.0,1,1.0,1,1.0,1,0.2495929064142031,28
1886,0,3044,1513,1531,0,0,0,1.0,1,1.0,1,1.0,1,0.24419212698263507,29
1887,0,3044,1513,1531,0,0,0,1.0,1,1.0,1,1.0,1,0.24419212698263507,29
1888,1,3045,1513,1532,0,0,0,1.0,1,1.0,1,1.0,1,0.26499042921761756,31
1889,0,3045,1513,1532,0,0,0,1.0,1,1.0,1,1.0,1,0.26499042921761756,31
1890,1,3046,1514,1532,0,0,0,1.0,1,1.0,1,1.0,1,0.28581776360157035,31
1891,0,3046,1514,1532,0,0,0,1.0,1,1.0,1,1.0,1,0.30279608173066547,32
1892,0,3046,1514,1532,0,0,0,1.0,1,1.0,1,1.0,1,0.30279608173066547,32
1893,0,3046,1514,1532,0,0,0,1.0,1,1.0,1,1.0,1,0.30279608173066547,32
1894,0,3046,1514,1532,0,0,0,1.0,1,1.0,1,1.0,1,0.2877097911149552,33
1895,3,3049,1515,1534,0,0,0,1.0,1,1.0,1,1.0,1,0.25718753203739075,35
1896,0,3049,1515,1534,0,0,0,1.0,1,1.0,1,1.0,1,0.2840292800124154,34
1897,0,3049,1515,1534,0,0,0,1.0,1,1.0,1,1.0,1,0.2840292800124154,34
1898,0,3049,1515,1534,0,0,0,1.0,1,1.0,1,1.0,1,0.2840292800124154,34
1899,0,3049,1515,1534,0,0,0,1.0,1,1.0,1,1.0,1,0.2840292800124154,34
1900,2,3051,1515,1536,0,0,0,1.0,1,1.0,1,1.0,1,0.23164922641637137,35
1901,1,3052,1515,1537,0,0,0,1.0,1,1.0,1,1.0,1,0.20129787923217762,35
1902,0,3052,1515,1537,0,0,0,1.0,1,1.0,1,1.0,1,0.20129787923217762,35
1903,0,3052,1515,1537,0,0,0,1.0,1,1.0,1,1.0,1,0.20129787923217762,35
1904,0,3052,1515,1537,0,0,0,1.0,1,1.0,1,1.0,1,0.20129787923217762,35
1905,0,3052,1515,1537,0,0,0,1.0,1,1.0,1,1.0,1,0.1905036489577589,37
1906,0,3052,1515,1537,0,0,0,1.0,1,1.0,1,1.0,1,0.1905036489577589,37
1907,1,3053,1515,1538,0,0,0,1.0,1,1.0,1,1.0,1,0.1729541033895153,39
1908,0,3053,1515,1538,0,0,0,1.0,1,1.0,1,1.0,1,0.1729541033895153,39
1909,0,3053,1515,1538,0,0,0,1.0,1,1.0,1,1.0,1,0.18988311030156005,41
1910,0,3053,1515,1538,0,0,0,1.0,1,1.0,1,1.0,1,0.18988311030156005,41
1911,0,3053,1515,1538,0,0,0,1.0,1,1.0,1,1.0,1,0.22491249290799262,40
1912,3,3056,1518,1538,0,0,0,1.0,1,1.0,1,1.0,1,0.25969040865556087,39
1913,4,3060,1520,1540,0,0,0,1.0,1,1.0,1,1.0,1,0.2527101811183429,40
1914,1,3061,1521,1540,0,0,0,1.0,1,1.0,1,1.0,1,0.26042528811925,41
1915,3,3064,1523,1541,0,0,0,1.0,1,1.0,1,1.0,1,0.29464077706302855,42
1916,3,3067,1524,1543,0,0,0,1.0,1,1.0,1,1.0,1,0.29525517379790694,42
1917,4,3071,1525,1546,0,0,0,1.0,1,1.0,1,1.0,1,0.22361753375263327,41
1918,2,3073,1527,1546,0,0,0,1.0,1,1.0,1,1.0,1,0.23689545983732418,38
1919,1,3074,1528,1546,0,0,0,1.0,1,1.0,1,1.0,1,0.30441822938823787,38
1920,1,3075,1528,1547,0,0,0,1.0,1,1.0,1,1.0,1,0.30438042184114045,38
1921,1,3076,1528,1548,0,0,0,1.0,1,1.0,1,1.0,1,0.25173819831676386,39
1922,0,3076,1528,1548,0,0,0,1.0,1,1.0,1,1.0,1,0.23354285916855272,40
1923,1,3077,1529,1548,0,0,0,1.0,1,1.0,1,1.0,1,0.21271177120792845,41
1924,6,3083,1532,1551,0,0,0,1.0,1,1.0,1,1.0,1,0.26211563861334924,41
1925,2,3085,1532,1553,0,0,0,1.0,1,1.0,1,1.0,1,0.17480979696304919,41
1926,0,3085,1532,1553,0,0,0,1.0,1,1.0,1,1.0,1,0.17480979696304919,41
1927,1,3086,1532,1554,0,0,0,1.0,1,1.0,1,1.0,1,0.15365626537911792,41
1928,1,3087,1533,1554,0,0,0,1.0,1,1.0,1,1.0,1,0.1557275214719094,42
1929,0,3087,1533,1554,0,0,0,1.0,1,1.0,1,1.0,1,0.15400311435057593,41
1930,0,3087,1533,1554,0,0,0,1.0,1,1.0,1,1.0,1,0.15400311435057593,41
1931,0,3087,1533,1554,0,0,0,1.0,1,1.0,1,1.0,1,0.15400311435057593,41
1932,0,3087,1533,1554,0,0,0,1.0,1,1.0,1,1.0,1,0.15400311435057593,41
1933,2,3089,1534,1555,0,0,0,1.0,1,1.0,1,1.0,1,0.19133878914442387,43
1934,0,3089,1534,1555,0,0,0,1.0,1,1.0,1,1.0,1,0.20065359607586578,44
1935,0,3089,1534,1555,0,0,0,1.0,1,1.0,1,1.0,1,0.18208200815355954,45
1936,0,3089,1534,1555,0,0,0,1.0,1,1.0,1,1.0,1,0.19008667483682037,48
1937,3,3092,1536,1556,0,0,0,1.0,1,1.0,1,1.0,1,0.21427392780947158,48
1938,2,3094,1538,1556,0,0,0,1.0,1,1.0,1,1.0,1,0.20287861282852923,48
1939,1,3095,1538,1557,0,0,0,1.0,1,1.0,1,1.0,1,0.17842763835293643,48
1940,0,3095,1538,1557,0,0,0,1.0,1,1.0,1,1.0,1,0.17842763835293643,48
1941,0,3095,1538,1557,0,0,0,1.0,1,1.0,1,1.0,1,0.17842763835293643,48
1942,2,3097,1539,1558,0,0,0,1.0,1,1.0,1,1.0,1,0.23128847874510738,49
1943,1,3098,1539,1559,0,0,0,1.0,1,1.0,1,1.0,1,0.21503843308234166,48
1944,5,3103,1542,1561,0,0,0,1.0,1,1.0,1,1.0,1,0.24741065613492405,47
1945,3,3106,1543,1563,0,0,0,1.0,1,1.0,1,1.0,1,0.22748086049945823,46
1946,2,3108,1544,1564,0,0,0,1.0,1,1.0,1,1.0,1,0.24913636550956178,46
1947,3,3111,1547,1564,0,0,0,1.0,1,1.0,1,1.0,1,0.36671609654006304,45
1948,3,3114,1548,1566,0,0,0,1.0,1,1.0,1,1.0,1,0.28580902679196,46
1949,3,3117,1549,1568,0,0,0,1.0,1,1.0,1,1.0,1,0.29190902575688527,42
1950,0,3117,1549,1568,0,0,0,1.0,1,1.0,1,1.0,1,0.288745043680915,40
1951,1,3118,1550,1568,0,0,0,1.0,1,1.0,1,1.0,1,0.3456037086412722,39
1952,1,3119,1551,1568,0,0,0,1.0,1,1.0,1,1.0,1,0.3821894163868215,35
1953,6,3125,1554,1571,0,0,0,1.0,1,1.0,1,1.0,1,0.3184555295510378,36
1954,1,3126,1555,1571,0,0,0,1.0,1,1.0,1,1.0,1,0.34620813853001703,34
1955,0,3126,1555,1571,0,0,0,1.0,1,1.0,1,1.0,1,0.3562455324628445,35
1956,5,3131,1557,1574,0,0,0,1.0,1,1.0,1,1.0,1,0.33278028662532755,37
1957,2,3133,1557,1576,0,0,0,1.0,1,1.0,1,1.0,1,0.28416634730399365,37
1958,0,3133,1557,1576,0,0,0,1.0,1,1.0,1,1.0,1,0.2757855034851184,39
1959,1,3134,1557,1577,0,0,0,1.0,1,1.0,1,1.0,1,0.2762127643409362,41
1960,2,3136,1558,1578,0,0,0,1.0,1,1.0,1,1.0,1,0.2712596413131318,40
1961,0,3136,1558,1578,0,0,0,1.0,1,1.0,1,1.0,1,0.26294553506071744,41
1962,1,3137,1559,1578,0,0,0,1.0,1,1.0,1,1.0,1,0.3169157078500315,40
1963,5,3142,1559,1583,0,0,0,1.0,1,1.0,1,1.0,1,0.2601930387599234,41
1964,1,3143,1560,1583,0,0,0,1.0,1,1.0,1,1.0,1,0.2715754929049306,40
1965,2,3145,1560,1585,0,0,0,1.0,1,1.0,1,1.0,1,0.22746697657597673,41
1966,0,3145,1560,1585,0,0,0,1.0,1,1.0,1,1.0,1,0.22746697657597673,41
1967,0,3145,1560,1585,0,0,0,1.0,1,1.0,1,1.0,1,0.2421287693391621,42
1968,0,3145,1560,1585,0,0,0,1.0,1,1.0,1,1.0,1,0.25505685793063526,42
1969,1,3146,1561,1585,0,0,0,1.0,1,1.0,1,1.0,1,0.25146344726085473,43
1970,1,3147,1561,1586,0,0,0,1.0,1,1.0,1,1.0,1,0.25164539555786086,42
1971,1,3148,1562,1586,0,0,0,1.0,1,1.0,1,1.0,1,0.2594783915599897,42
1972,0,3148,1562,1586,0,0,0,1.0,1,1.0,1,1.0,1,0.2594783915599897,42
1973,0,3148,1562,1586,0,0,0,1.0,1,1.0,1,1.0,1,0.2705143689374526,43
1974,1,3149,1563,1586,0,0,0,1.0,1,1.0,1,1.0,1,0.30282289426664005,43
1975,2,3151,1563,1588,0,0,0,1.0,1,1.0,1,1.0,1,0.27830122611170327,43
1976,1,3152,1564,1588,0,0,0,1.0,1,1.0,1,1.0,1,0.26455611502097587,43
1977,5,3157,1564,1593,0,0,0,1.0,1,1.0,1,1.0,1,0.2624775873706689,48
1978,3,3160,1567,1593,0,0,0,1.0,1,1.0,1,1.0,1,0.25960238079417775,48
1979,0,3160,1567,1593,0,0,0,1.0,1,1.0,1,1.0,1,0.2685473728208612,49
1980,1,3161,1567,1594,0,0,0,1.0,1,1.0,1,1.0,1,0.2589747123583052,50
1981,3,3164,1568,1596,0,0,0,1.0,1,1.0,1,1.0,1,0.2197491669941929,50
1982,1,3165,1569,1596,0,0,0,1.0,1,1.0,1,1.0,1,0.21861009239931464,50
1983,1,3166,1569,1597,0,0,0,1.0,1,1.0,1,1.0,1,0.20895313331706225,49
1984,2,3168,1571,1597,0,0,0,1.0,1,1.0,1,1.0,1,0.23147059055460756,48
1985,1,3169,1571,1598,0,0,0,1.0,1,1.0,1,1.0,1,0.22110259800734614,46
1986,3,3172,1573,1599,0,0,0,1.0,1,1.0,1,1.0,1,0.20775091562956707,46
1987,2,3174,1575,1599,0,0,0,1.0,1,1.0,1,1.0,1,0.22978696577131422,42
1988,1,3175,1575,1600,0,0,0,1.0,1,1.0,1,1.0,1,0.19667565645301965,40
1989,3,3178,1578,1600,0,0,0,1.0,1,1.0,1,1.0,1,0.21552096251937314,38
1990,1,3179,1578,1601,0,0,0,1.0,1,1.0,1,1.0,1,0.20384680071236283,38
1991,1,3180,1579,1601,0,0,0,1.0,1,1.0,1,1.0,1,0.23964333972238663,38
1992,2,3182,1580,1602,0,0,0,1.0,1,1.0,1,1.0,1,0.2752475659514146,39
1993,4,3186,1582,1604,0,0,0,1.0,1,1.0,1,1.0,1,0.2868463950879102,38
1994,1,3187,1583,1604,0,0,0,1.0,1,1.0,1,1.0,1,0.2769189931417885,37
1995,2,3189,1584,1605,0,0,0,1.0,1,1.0,1,1.0,1,0.3251321966847422,37
1996,0,3189,1584,1605,0,0,0,1.0,1,1.0,1,1.0,1,0.3234986442874721,37
1997,1,3190,1584,1606,0,0,0,1.0,1,1.0,1,1.0,1,0.3074565227083042,35
1998,1,3191,1585,1606,0,0,0,1.0,1,1.0,1,1.0,1,0.3497020736866988,34
1999,4,3195,1588,1607,0,0,0,1.0,1,1.0,1,1.0,1,0.3380839822329186,35
2000,0,3195,1588,1607,0,0,0,1.0,1,1.0,1,1.0,1,0.3721307430681895,34
2001,1,3196,1588,1608,0,0,0,1.0,1,1.0,1,1.0,1,0.34871926714525414,35
2002,3,3199,1588,1611,0,0,0,1.0,1,1.0,1,1.0,1,0.28436721379621693,36
2003,2,3201,1588,1613,0,0,0,1.0,1,1.0,1,1.0,1,0.26360361518246583,37
2004,4,3205,1590,1615,0,0,0,1.0,1,1.0,1,1.0,1,0.2424041225529465,38
2005,1,3206,1591,1615,0,0,0,1.0,1,1.0,1,1.0,1,0.23994669947280498,38
2006,0,3206,1591,1615,0,0,0,1.0,1,1.0,1,1.0,1,0.23994669947280498,38
2007,1,3207,1592,1615,0,0,0,1.0,1,1.0,1,1.0,1,0.2369919132100551,40
2008,1,3208,1593,1615,0,0,0,1.0,1,1.0,1,1.0,1,0.24087399134825266,40
2009,3,3211,1595,1616,0,0,0,1.0,1,1.0,1,1.0,1,0.23697450046291554,41
2010,0,3211,1595,1616,0,0,0,1.0,1,1.0,1,1.0,1,0.23697450046291554,41
2011,0,3211,1595,1616,0,0,0,1.0,1,1.0,1,1.0,1,0.23697450046291554,41
2012,0,3211,1595,1616,0,0,0,1.0,1,1.0,1,1.0,1,0.23697450046291554,41
2013,0,3211,1595,1616,0,0,0,1.0,1,1.0,1,1.0,1,0.2599038214384919,43
2014,0,3211,1595,1616,0,0,0,1.0,1,1.0,1,1.0,1,0.2816478297850478,43
2015,1,3212,1596,1616,0,0,0,1.0,1,1.0,1,1.0,1,0.2725524469419561,43
2016,3,3215,1597,1618,0,0,0,1.0,1,1.0,1,1.0,1,0.2626474341463946,44
2017,2,3217,1597,1620,0,0,0,1.0,1,1.0,1,1.0,1,0.2391289882632772,45
2018,3,3220,1599,1621,0,0,0,1.0,1,1.0,1,1.0,1,0.21235178923878903,46
2019,1,3221,1599,1622,0,0,0,1.0,1,1.0,1,1.0,1,0.16782136496952055,47
2020,0,3221,1599,1622,0,0,0,1.0,1,1.0,1,1.0,1,0.16782136496952055,47
2021,1,3222,1600,1622,0,0,0,1.0,1,1.0,1,1.0,1,0.16356177316124001,47
2022,0,3222,1600,1622,0,0,0,1.0,1,1.0,1,1.0,1,0.1702454552902469,48
2023,3,3225,1603,1622,0,0,0,1.0,1,1.0,1,1.0,1,0.22981893008701304,48
2024,4,3229,1606,1623,0,0,0,1.0,1,1.0,1,1.0,1,0.21100582261700182,45
2025,3,3232,1608,1624,0,0,0,1.0,1,1.0,1,1.0,1,0.2564239619759641,42
2026,4,3236,1610,1626,0,0,0,1.0,1,1.0,1,1.0,1,0.2507360141094453,44
2027,1,3237,1611,1626,0,0,0,1.0,1,1.0,1,1.0,1,0.30347879327441507,40
2028,1,3238,1612,1626,0,0,0,1.0,1,1.0,1,1.0,1,0.35992790533130453,39
2029,3,3241,1612,1629,0,0,0,1.0,1,1.0,1,1.0,1,0.3316628437390514,37
2030,3,3244,1613,1631,0,0,0,1.0,1,1.0,1,1.0,1,0.3674324785453697,34
2031,0,3244,1613,1631,0,0,0,1.0,1,1.0,1,1.0,1,0.38110588278676016,35
2032,3,3247,1614,1633,0,0,0,1.0,1,1.0,1,1.0,1,0.35068138353507283,34
2033,7,3254,1618,1636,0,0,0,1.0,1,1.0,1,1.0,1,0.31301478643589137,36
2034,0,3254,1618,1636,0,0,0,1.0,1,1.0,1,1.0,1,0.326672002025141,34
2035,1,3255,1619,1636,0,0,0,1.0,1,1.0,1,1.0,1,0.31258313885630656,35
2036,2,3257,1620,1637,0,0,0,1.0,1,1.0,1,1.0,1,0.29710496943439413,34
2037,1,3258,1620,1638,0,0,0,1.0,1,1.0,1,1.0,1,0.28025101105573474,35
2038,0,3258,1620,1638,0,0,0,1.0,1,1.0,1,1.0,1,0.26693678084577227,36
2039,2,3260,1621,1639,0,0,0,1.0,1,1.0,1,1.0,1,0.24936054606430086,38
2040,0,3260,1621,1639,0,0,0,1.0,1,1.0,1,1.0,1,0.24936054606430086,38
2041,0,3260,1621,1639,0,0,0,1.0,1,1.0,1,1.0,1,0.24773963392471682,39
2042,1,3261,1621,1640,0,0,0,1.0,1,1.0,1,1.0,1,0.19765506900899488,39
2043,0,3261,1621,1640,0,0,0,1.0,1,1.0,1,1.0,1,0.19765506900899488,39
2044,0,3261,1621,1640,0,0,0,1.0,1,1.0,1,1.0,1,0.19765506900899488,39
2045,2,3263,1621,1642,0,0,0,1.0,1,1.0,1,1.0,1,0.15799992596911216,41
2046,1,3264,1621,1643,0,0,0,1.0,1,1.0,1,1.0,1,0.15489391093707497,42
2047,0,3264,1621,1643,0,0,0,1.0,1,1.0,1,1.0,1,0.15489391093707497,42
2048,1,3265,1622,1643,0,0,0,1.0,1,1.0,1,1.0,1,0.18514326207563928,43
2049,1,3266,1623,1643,0,0,0,1.0,1,1.0,1,1.0,1,0.23614527880687328,44
2050,1,3267,1623,1644,0,0,0,1.0,1,1.0,1,1.0,1,0.20796887825117946,44
2051,4,3271,1624,1647,0,0,0,1.0,1,1.0,1,1.0,1,0.23680395019720304,45
2052,0,3271,1624,1647,0,0,0,1.0,1,1.0,1,1.0,1,0.23680395019720304,45
2053,3,3274,1625,1649,0,0,0,1.0,1,1.0,1,1.0,1,0.21632050837301628,45
2054,1,3275,1626,1649,0,0,0,1.0,1,1.0,1,1.0,1,0.23081107559416877,46
2055,0,3275,1626,1649,0,0,0,1.0,1,1.0,1,1.0,1,0.23081107559416877,46
2056,3,3278,1626,1652,0,0,0,1.0,1,1.0,1,1.0,1,0.1661782324747863,46
2057,3,3281,1628,1653,0,0,0,1.0,1,1.0,1,1.0,1,0.13503796730209836,47
2058,2,3283,1630,1653,0,0,0,1.0,1,1.0,1,1.0,1,0.16182810995450814,47
2059,2,3285,1632,1653,0,0,0,1.0,1,1.0,1,1.0,1,0.17319842894380985,48
2060,3,3288,1633,1655,0,0,0,1.0,1,1.0,1,1.0,1,0.18060042972760637,50
2061,2,3290,1634,1656,0,0,0,1.0,1,1.0,1,1.0,1,0.14504885072337817,51
2062,2,3292,1636,1656,0,0,0,1.0,1,1.0,1,1.0,1,0.15192861417012501,49
2063,3,3295,1638,1657,0,0,0,1.0,1,1.0,1,1.0,1,0.1573741767121745,48
2064,2,3297,1640,1657,0,0,0,1.0,1,1.0,1,1.0,1,0.24839890065566286,45
2065,2,3299,1640,1659,0,0,0,1.0,1,1.0,1,1.0,1,0.18719975306445244,44
2066,1,3300,1641,1659,0,0,0,1.0,1,1.0,1,1.0,1,0.24700814547019886,42
2067,2,3302,1642,1660,0,0,0,1.0,1,1.0,1,1.0,1,0.23442425188972854,41
2068,0,3302,1642,1660,0,0,0,1.0,1,1.0,1,1.0,1,0.24996907720039596,40
2069,4,3306,1643,1663,0,0,0,1.0,1,1.0,1,1.0,1,0.20931366429077874,40
2070,2,3308,1643,1665,0,0,0,1.0,1,1.0,1,1.0,1,0.1763688581336256,40
2071,3,3311,1646,1665,0,0,0,1.0,1,1.0,1,1.0,1,0.15257147669169335,40
2072,1,3312,1646,1666,0,0,0,1.0,1,1.0,1,1.0,1,0.17199062221574676,41
2073,2,3314,1647,1667,0,0,0,1.0,1,1.0,1,1.0,1,0.1783323674446219,41
2074,0,3314,1647,1667,0,0,0,1.0,1,1.0,1,1.0,1,0.1788043482548776,41
2075,1,3315,1648,1667,0,0,0,1.0,1,1.0,1,1.0,1,0.19964775179558877,41
2076,4,3319,1650,1669,0,0,0,1.0,1,1.0,1,1.0,1,0.20755453839250668,41
2077,1,3320,1650,1670,0,0,0,1.0,1,1.0,1,1.0,1,0.17402927743715102,40
2078,0,3320,1650,1670,0,0,0,1.0,1,1.0,1,1.0,1,0.17402927743715102,40
2079,2,3322,1650,1672,0,0,0,1.0,1,1.0,1,1.0,1,0.10884174927169564,39
2080,1,3323,1650,1673,0,0,0,1.0,1,1.0,1,1.0,1,0.12388226504893789,38
2081,0,3323,1650,1673,0,0,0,1.0,1,1.0,1,1.0,1,0.1397392508975876,40
2082,1,3324,1651,1673,0,0,0,1.0,1,1.0,1,1.0,1,0.18867821495971063,41
2083,0,3324,1651,1673,0,0,0,1.0,1,1.0,1,1.0,1,0.18957752264514918,40
2084,3,3327,1654,1673,0,0,0,1.0,1,1.0,1,1.0,1,0.22383775753693153,42
2085,1,3328,1654,1674,0,0,0,1.0,1,1.0,1,1.0,1,0.2031860008682899,42
2086,1,3329,1655,1674,0,0,0,1.0,1,1.0,1,1.0,1,0.1773196722904375,43
2087,1,3330,1655,1675,0,0,0,1.0,1,1.0,1,1.0,1,0.16699199059929098,45
2088,4,3334,1657,1677,0,0,0,1.0,1,1.0,1,1.0,1,0.2034065443368627,46
2089,1,3335,1657,1678,0,0,0,1.0,1,1.0,1,1.0,1,0.1823169276484179,47
2090,4,3339,1659,1680,0,0,0,1.0,1,1.0,1,1.0,1,0.2163116329873308,49
2091,0,3339,1659,1680,0,0,0,1.0,1,1.0,1,1.0,1,0.2163116329873308,49
2092,0,3339,1659,1680,0,0,0,1.0,1,1.0,1,1.0,1,0.2163116329873308,49
2093,2,3341,1660,1681,0,0,0,1.0,1,1.0,1,1.0,1,0.21315670890256067,49
2094,0,3341,1660,1681,0,0,0,1.0,1,1.0,1,1.0,1,0.21315670890256067,49
2095,1,3342,1660,1682,0,0,0,1.0,1,1.0,1,1.0,1,0.17449754392861644,49
2096,1,3343,1660,1683,0,0,0,1.0,1,1.0,1,1.0,1,0.161230532991373,51
2097,0,3343,1660,1683,0,0,0,1.0,1,1.0,1,1.0,1,0.161230532991373,51
2098,0,3343,1660,1683,0,0,0,1.0,1,1.0,1,1.0,1,0.15752870888578643,52
2099,1,3344,1661,1683,0,0,0,1.0,1,1.0,1,1.0,1,0.17070844662814233,51
2100,1,3345,1661,1684,0,0,0,1.0,1,1.0,1,1.0,1,0.15690133857231017,51
2101,1,3346,1661,1685,0,0,0,1.0,1,1.0,1,1.0,1,0.1876025833267031,48
2102,5,3351,1664,1687,0,0,0,1.0,1,1.0,1,1.0,1,0.22604917506622968,49
2103,4,3355,1667,1688,0,0,0,1.0,1,1.0,1,1.0,1,0.3095229067055989,48
2104,1,3356,1668,1688,0,0,0,1.0,1,1.0,1,1.0,1,0.341091704297491,43
2105,6,3362,1670,1692,0,0,0,1.0,1,1.0,1,1.0,1,0.30343667319565587,42
2106,3,3365,1671,1694,0,0,0,1.0,1,1.0,1,1.0,1,0.25759959315343184,40
2107,1,3366,1671,1695,0,0,0,1.0,1,1.0,1,1.0,1,0.2194092555158501,39
2108,2,3368,1672,1696,0,0,0,1.0,1,1.0,1,1.0,1,0.193345309298929,38
2109,2,3370,1673,1697,0,0,0,1.0,1,1.0,1,1.0,1,0.15927598885895936,37
2110,2,3372,1675,1697,0,0,0,1.0,1,1.0,1,1.0,1,0.20508904108831505,38
2111,1,3373,1676,1697,0,0,0,1.0,1,1.0,1,1.0,1,0.2272103420380292,37
2112,4,3377,1678,1699,0,0,0,1.0,1,1.0,1,1.0,1,0.23959969177946205,36
2113,2,3379,1679,1700,0,0,0,1.0,1,1.0,1,1.0,1,0.295376310377549,36
2114,0,3379,1679,1700,0,0,0,1.0,1,1.0,1,1.0,1,0.28112107202468856,36
2115,0,3379,1679,1700,0,0,0,1.0,1,1.0,1,1.0,1,0.26517585492632617,35
2116,0,3379,1679,1700,0,0,0,1.0,1,1.0,1,1.0,1,0.2800722854523625,37
2117,0,3379,1679,1700,0,0,0,1.0,1,1.0,1,1.0,1,0.26437802235871755,38
2118,1,3380,1679,1701,0,0,0,1.0,1,1.0,1,1.0,1,0.26078631845172345,40
2119,0,3380,1679,1701,0,0,0,1.0,1,1.0,1,1.0,1,0.26078631845172345,40
2120,1,3381,1680,1701,0,0,0,1.0,1,1.0,1,1.0,1,0.3008235823585376,41
2121,0,3381,1680,1701,0,0,0,1.0,1,1.0,1,1.0,1,0.3008235823585376,41
2122,1,3382,1681,1701,0,0,0,1.0,1,1.0,1,1.0,1,0.3211514048016045,42
2123,0,3382,1681,1701,0,0,0,1.0,1,1.0,1,1.0,1,0.317696346507242,43
2124,0,3382,1681,1701,0,0,0,1.0,1,1.0,1,1.0,1,0.34878932941104096,41
2125,1,3383,1681,1702,0,0,0,1.0,1,1.0,1,1.0,1,0.3311476668170062,41
2126,0,3383,1681,1702,0,0,0,1.0,1,1.0,1,1.0,1,0.35113804974496676,40
2127,0,3383,1681,1702,0,0,0,1.0,1,1.0,1,1.0,1,0.35113804974496676,40
2128,1,3384,1681,1703,0,0,0,1.0,1,1.0,1,1.0,1,0.34872010249059293,41
2129,1,3385,1681,1704,0,0,0,1.0,1,1.0,1,1.0,1,0.3371268750289779,42
2130,2,3387,1681,1706,0,0,0,1.0,1,1.0,1,1.0,1,0.3291059078493533,45
2131,0,3387,1681,1706,0,0,0,1.0,1,1.0,1,1.0,1,0.3291059078493533,45
2132,3,3390,1681,1709,0,0,0,1.0,1,1.0,1,1.0,1,0.28813797856923773,46
2133,2,3392,1682,1710,0,0,0,1.0,1,1.0,1,1.0,1,0.2906264192845928,46
2134,1,3393,1682,1711,0,0,0,1.0,1,1.0,1,1.0,1,0.2801548889593109,47
2135,4,3397,1682,1715,0,0,0,1.0,1,1.0,1,1.0,1,0.21982655385400007,47
2136,0,3397,1682,1715,0,0,0,1.0,1,1.0,1,1.0,1,0.21982655385400007,47
2137,2,3399,1684,1715,0,0,0,1.0,1,1.0,1,1.0,1,0.21734316181116076,49
2138,1,3400,1685,1715,0,0,0,1.0,1,1.0,1,1.0,1,0.21364829537567848,49
2139,2,3402,1686,1716,0,0,0,1.0,1,1.0,1,1.0,1,0.15331880134206477,47
2140,6,3408,1689,1719,0,0,0,1.0,1,1.0,1,1.0,1,0.18132207146392668,48
2141,3,3411,1690,1721,0,0,0,1.0,1,1.0,1,1.0,1,0.1541150247540746,47
2142,1,3412,1691,1721,0,0,0,1.0,1,1.0,1,1.0,1,0.15152744993832679,47
2143,1,3413,1692,1721,0,0,0,1.0,1,1.0,1,1.0,1,0.15173398014555492,48
2144,0,3413,1692,1721,0,0,0,1.0,1,1.0,1,1.0,1,0.14336646211805934,48
2145,3,3416,1695,1721,0,0,0,1.0,1,1.0,1,1.0,1,0.16247375824068222,46
2146,2,3418,1696,1722,0,0,0,1.0,1,1.0,1,1.0,1,0.15866862562664003,47
2147,4,3422,1700,1722,0,0,0,1.0,1,1.0,1,1.0,1,0.14407776102154662,48
2148,2,3424,1701,1723,0,0,0,1.0,1,1.0,1,1.0,1,0.162957578943274,46
2149,4,3428,1703,1725,0,0,0,1.0,1,1.0,1,1.0,1,0.15452062326042473,46
2150,2,3430,1705,1725,0,0,0,1.0,1,1.0,1,1.0,1,0.19166877328525894,46
2151,5,3435,1707,1728,0,0,0,1.0,1,1.0,1,1.0,1,0.2217876239088047,44
2152,3,3438,1708,1730,0,0,0,1.0,1,1.0,1,1.0,1,0.24150669382568457,45
2153,2,3440,1710,1730,0,0,0,1.0,1,1.0,1,1.0,1,0.2853147646836953,48
2154,2,3442,1710,1732,0,0,0,1.0,1,1.0,1,1.0,1,0.2906873711043078,47
2155,4,3446,1712,1734,0,0,0,1.0,1,1.0,1,1.0,1,0.3001858791447931,48
2156,1,3447,1712,1735,0,0,0,1.0,1,1.0,1,1.0,1,0.29495247424210624,45
2157,3,3450,1712,1738,0,0,0,1.0,1,1.0,1,1.0,1,0.2596352707780377,43
2158,1,3451,1712,1739,0,0,0,1.0,1,1.0,1,1.0,1,0.2448679000378606,43
2159,5,3456,1714,1742,0,0,0,1.0,1,1.0,1,1.0,1,0.2829313324993649,43
2160,3,3459,1714,1745,0,0,0,1.0,1,1.0,1,1.0,1,0.20537369526495028,41
2161,3,3462,1714,1748,0,0,0,1.0,1,1.0,1,1.0,1,0.12937721813891828,41
2162,1,3463,1715,1748,0,0,0,1.0,1,1.0,1,1.0,1,0.13283615903241175,42
2163,2,3465,1716,1749,0,0,0,1.0,1,1.0,1,1.0,1,0.14664438732617155,43
2164,3,3468,1718,1750,0,0,0,1.0,1,1.0,1,1.0,1,0.21056435279414426,44
2165,2,3470,1718,1752,0,0,0,1.0,1,1.0,1,1.0,1,0.18517326899726083,44
2166,1,3471,1718,1753,0,0,0,1.0,1,1.0,1,1.0,1,0.18064208072997778,46
2167,1,3472,1719,1753,0,0,0,1.0,1,1.0,1,1.0,1,0.21727119138105994,46
2168,0,3472,1719,1753,0,0,0,1.0,1,1.0,1,1.0,1,0.20314215149968304,45
2169,3,3475,1720,1755,0,0,0,1.0,1,1.0,1,1.0,1,0.16792125398332494,49
2170,0,3475,1720,1755,0,0,0,1.0,1,1.0,1,1.0,1,0.16792125398332494,49
2171,0,3475,1720,1755,0,0,0,1.0,1,1.0,1,1.0,1,0.1708855962101363,51
2172,2,3477,1722,1755,0,0,0,1.0,1,1.0,1,1.0,1,0.1274994674356687,52
2173,0,3477,1722,1755,0,0,0,1.0,1,1.0,1,1.0,1,0.1274994674356687,52
2174,1,3478,1723,1755,0,0,0,1.0,1,1.0,1,1.0,1,0.14078013713554824,52
2175,1,3479,1723,1756,0,0,0,1.0,1,1.0,1,1.0,1,0.1360418361481317,53
2176,0,3479,1723,1756,0,0,0,1.0,1,1.0,1,1.0,1,0.13140755732636863,54
2177,2,3481,1724,1757,0,0,0,1.0,1,1.0,1,1.0,1,0.11627416331523861,55
2178,0,3481,1724,1757,0,0,0,1.0,1,1.0,1,1.0,1,0.10782009575243078,54
2179,2,3483,1726,1757,0,0,0,1.0,1,1.0,1,1.0,1,0.15169529317942682,52
2180,2,3485,1728,1757,0,0,0,1.0,1,1.0,1,1.0,1,0.18823810721905682,51
2181,5,3490,1729,1761,0,0,0,1.0,1,1.0,1,1.0,1,0.11811946247655883,49
2182,2,3492,1731,1761,0,0,0,1.0,1,1.0,1,1.0,1,0.1789156588251702,49
2183,4,3496,1734,1762,0,0,0,1.0,1,1.0,1,1.0,1,0.24818537058720141,46
2184,2,3498,1736,1762,0,0,0,1.0,1,1.0,1,1.0,1,0.2935211260130503,45
2185,5,3503,1737,1766,0,0,0,1.0,1,1.0,1,1.0,1,0.16741233398354544,44
2186,2,3505,1739,1766,0,0,0,1.0,1,1.0,1,1.0,1,0.1729186671981063,42
2187,6,3511,1743,1768,0,0,0,1.0,1,1.0,1,1.0,1,0.15340747609094135,40
2188,4,3515,1747,1768,0,0,0,1.0,1,1.0,1,1.0,1,0.20009442834754787,38
2189,2,3517,1748,1769,0,0,0,1.0,1,1.0,1,1.0,1,0.1765584314148395,36
2190,3,3520,1751,1769,0,0,0,1.0,1,1.0,1,1.0,1,0.23840445336464713,34
2191,2,3522,1753,1769,0,0,0,1.0,1,1.0,1,1.0,1,0.21551692731242547,34
2192,2,3524,1755,1769,0,0,0,1.0,1,1.0,1,1.0,1,0.26661039889629257,33
2193,3,3527,1755,1772,0,0,0,1.0,1,1.0,1,1.0,1,0.21096138023918737,32
2194,2,3529,1756,1773,0,0,0,1.0,1,1.0,1,1.0,1,0.1667474663810191,32
2195,0,3529,1756,1773,0,0,0,1.0,1,1.0,1,1.0,1,0.1824558610702645,31
2196,2,3531,1757,1774,0,0,0,1.0,1,1.0,1,1.0,1,0.1674304002373671,32
2197,1,3532,1758,1774,0,0,0,1.0,1,1.0,1,1.0,1,0.18061570397474816,31
2198,0,3532,1758,1774,0,0,0,1.0,1,1.0,1,1.0,1,0.18061570397474816,31
2199,2,3534,1759,1775,0,0,0,1.0,1,1.0,1,1.0,1,0.15017479760638505,32
2200,0,3534,1759,1775,0,0,0,1.0,1,1.0,1,1.0,1,0.20170100543869834,35
2201,1,3535,1759,1776,0,0,0,1.0,1,1.0,1,1.0,1,0.16399563331640402,36
2202,1,3536,1760,1776,0,0,0,1.0,1,1.0,1,1.0,1,0.12387089033870258,36
2203,0,3536,1760,1776,0,0,0,1.0,1,1.0,1,1.0,1,0.12901296269453544,37
2204,1,3537,1761,1776,0,0,0,1.0,1,1.0,1,1.0,1,0.17953562142556304,36
2205,2,3539,1762,1777,0,0,0,1.0,1,1.0,1,1.0,1,0.15726264612536264,37
2206,1,3540,1763,1777,0,0,0,1.0,1,1.0,1,1.0,1,0.21590157076606778,35
2207,1,3541,1763,1778,0,0,0,1.0,1,1.0,1,1.0,1,0.2102062872895142,37
2208,0,3541,1763,1778,0,0,0,1.0,1,1.0,1,1.0,1,0.21988013828380118,36
2209,1,3542,1763,1779,0,0,0,1.0,1,1.0,1,1.0,1,0.22935566171696048,35
2210,0,3542,1763,1779,0,0,0,1.0,1,1.0,1,1.0,1,0.26029879243159854,38
2211,0,3542,1763,1779,0,0,0,1.0,1,1.0,1,1.0,1,0.28213543361929067,37
2212,1,3543,1763,1780,0,0,0,1.0,1,1.0,1,1.0,1,0.26798116313857395,38
2213,1,3544,1764,1780,0,0,0,1.0,1,1.0,1,1.0,1,0.24382849370473345,38
2214,1,3545,1765,1780,0,0,0,1.0,1,1.0,1,1.0,1,0.2773392455572264,39
2215,2,3547,1766,1781,0,0,0,1.0,1,1.0,1,1.0,1,0.2552375141800579,39
2216,1,3548,1767,1781,0,0,0,1.0,1,1.0,1,1.0,1,0.27961417020422236,39
2217,2,3550,1769,1781,0,0,0,1.0,1,1.0,1,1.0,1,0.2536966667987137,38
2218,3,3553,1771,1782,0,0,0,1.0,1,1.0,1,1.0,1,0.24543549041857649,37
2219,1,3554,1772,1782,0,0,0,1.0,1,1.0,1,1.0,1,0.24616001269232474,36
2220,0,3554,1772,1782,0,0,0,1.0,1,1.0,1,1.0,1,0.2777163515508985,34
2221,5,3559,1774,1785,0,0,0,1.0,1,1.0,1,1.0,1,0.24899567478076418,35
2222,0,3559,1774,1785,0,0,0,1.0,1,1.0,1,1.0,1,0.23825401185712342,33
2223,1,3560,1775,1785,0,0,0,1.0,1,1.0,1,1.0,1,0.239588640164936,34
2224,1,3561,1776,1785,0,0,0,1.0,1,1.0,1,1.0,1,0.2045340269115494,32
2225,4,3565,1779,1786,0,0,0,1.0,1,1.0,1,1.0,1,0.26300539396251066,33
2226,2,3567,1781,1786,0,0,0,1.0,1,1.0,1,1.0,1,0.30294292744550505,32
2227,0,3567,1781,1786,0,0,0,1.0,1,1.0,1,1.0,1,0.2574629433066239,31
2228,2,3569,1782,1787,0,0,0,1.0,1,1.0,1,1.0,1,0.24821962526525793,32
2229,1,3570,1783,1787,0,0,0,1.0,1,1.0,1,1.0,1,0.23000636215369807,32
2230,0,3570,1783,1787,0,0,0,1.0,1,1.0,1,1.0,1,0.23094562663694498,31
2231,0,3570,1783,1787,0,0,0,1.0,1,1.0,1,1.0,1,0.2287689431025634,32
2232,3,3573,1784,1789,0,0,0,1.0,1,1.0,1,1.0,1,0.2340707962935488,32
2233,1,3574,1785,1789,0,0,0,1.0,1,1.0,1,1.0,1,0.26439899599706196,31
2234,1,3575,1785,1790,0,0,0,1.0,1,1.0,1,1.0,1,0.23914751842151719,32
2235,1,3576,1785,1791,0,0,0,1.0,1,1.0,1,1.0,1,0.2629282131899599,31
2236,1,3577,1786,1791,0,0,0,1.0,1,1.0,1,1.0,1,0.29789246851916906,31
2237,2,3579,1787,1792,0,0,0,1.0,1,1.0,1,1.0,1,0.3153400347649915,31
2238,4,3583,1789,1794,0,0,0,1.0,1,1.0,1,1.0,1,0.29302169780727566,31
2239,0,3583,1789,1794,0,0,0,1.0,1,1.0,1,1.0,1,0.29302169780727566,31
2240,1,3584,1790,1794,0,0,0,1.0,1,1.0,1,1.0,1,0.2802077583231553,32
2241,2,3586,1791,1795,0,0,0,1.0,1,1.0,1,1.0,1,0.26170341864424773,32
2242,2,3588,1793,1795,0,0,0,1.0,1,1.0,1,1.0,1,0.24724574783699566,34
2243,1,3589,1794,1795,0,0,0,1.0,1,1.0,1,1.0,1,0.27044746999788316,34
2244,1,3590,1794,1796,0,0,0,1.0,1,1.0,1,1.0,1,0.26773301949322237,36
2245,0,3590,1794,1796,0,0,0,1.0,1,1.0,1,1.0,1,0.26773301949322237,36
2246,0,3590,1794,1796,0,0,0,1.0,1,1.0,1,1.0,1,0.2817838645560326,39
2247,1,3591,1794,1797,0,0,0,1.0,1,1.0,1,1.0,1,0.2585982080417372,40
2248,0,3591,1794,1797,0,0,0,1.0,1,1.0,1,1.0,1,0.2585982080417372,40
2249,0,3591,1794,1797,0,0,0,1.0,1,1.0,1,1.0,1,0.2574799619519923,41
2250,0,3591,1794,1797,0,0,0,1.0,1,1.0,1,1.0,1,0.2574799619519923,41
2251,1,3592,1794,1798,0,0,0,1.0,1,1.0,1,1.0,1,0.2686319576458098,42
2252,3,3595,1795,1800,0,0,0,1.0,1,1.0,1,1.0,1,0.2887716519401344,41
2253,1,3596,1795,1801,0,0,0,1.0,1,1.0,1,1.0,1,0.26087375522848666,40
2254,2,3598,1797,1801,0,0,0,1.0,1,1.0,1,1.0,1,0.2874327757103291,39
2255,2,3600,1797,1803,0,0,0,1.0,1,1.0,1,1.0,1,0.21505437122085308,39
2256,3,3603,1800,1803,0,0,0,1.0,1,1.0,1,1.0,1,0.27396043373980555,40
2257,2,3605,1801,1804,0,0,0,1.0,1,1.0,1,1.0,1,0.28123871049705534,40
2258,2,3607,1803,1804,0,0,0,1.0,1,1.0,1,1.0,1,0.26168984426628994,39
2259,4,3611,1805,1806,0,0,0,1.0,1,1.0,1,1.0,1,0.23645627943681743,41
2260,0,3611,1805,1806,0,0,0,1.0,1,1.0,1,1.0,1,0.2264657448123207,38
2261,0,3611,1805,1806,0,0,0,1.0,1,1.0,1,1.0,1,0.2264657448123207,38
2262,0,3611,1805,1806,0,0,0,1.0,1,1.0,1,1.0,1,0.2520650696774642,36
2263,2,3613,1807,1806,0,0,0,1.0,1,1.0,1,1.0,1,0.25243760187633324,35
2264,2,3615,1809,1806,0,0,0,1.0,1,1.0,1,1.0,1,0.3268609283595025,33
2265,4,3619,1810,1809,0,0,0,1.0,1,1.0,1,1.0,1,0.2643694702862764,33
2266,4,3623,1812,1811,0,0,0,1.0,1,1.0,1,1.0,1,0.22209321178777963,33
2267,2,3625,1814,1811,0,0,0,1.0,1,1.0,1,1.0,1,0.23753341134020645,33
2268,3,3628,1816,1812,0,0,0,1.0,1,1.0,1,1.0,1,0.23674823859187025,35
2269,2,3630,1817,1813,0,0,0,1.0,1,1.0,1,1.0,1,0.23372619106452847,36
2270,0,3630,1817,1813,0,0,0,1.0,1,1.0,1,1.0,1,0.2435797224148261,34
2271,5,3635,1822,1813,0,0,0,1.0,1,1.0,1,1.0,1,0.2457116941489411,34
2272,3,3638,1824,1814,0,0,0,1.0,1,1.0,1,1.0,1,0.1818576730969392,33
2273,3,3641,1826,1815,0,0,0,1.0,1,1.0,1,1.0,1,0.14368102007774528,32
2274,0,3641,1826,1815,0,0,0,1.0,1,1.0,1,1.0,1,0.14368102007774528,32
2275,1,3642,1826,1816,0,0,0,1.0,1,1.0,1,1.0,1,0.14690495663769035,32
2276,1,3643,1827,1816,0,0,0,1.0,1,1.0,1,1.0,1,0.1798101237427851,31
2277,0,3643,1827,1816,0,0,0,1.0,1,1.0,1,1.0,1,0.19858623310678597,30
2278,0,3643,1827,1816,0,0,0,1.0,1,1.0,1,1.0,1,0.20257848589439448,33
2279,0,3643,1827,1816,0,0,0,1.0,1,1.0,1,1.0,1,0.20257848589439448,33
2280,3,3646,1828,1818,0,0,0,1.0,1,1.0,1,1.0,1,0.12355411485969633,35
2281,0,3646,1828,1818,0,0,0,1.0,1,1.0,1,1.0,1,0.14045363307911798,36
2282,0,3646,1828,1818,0,0,0,1.0,1,1.0,1,1.0,1,0.14045363307911798,36
2283,0,3646,1828,1818,0,0,0,1.0,1,1.0,1,1.0,1,0.14045363307911798,36
2284,1,3647,1829,1818,0,0,0,1.0,1,1.0,1,1.0,1,0.19084525874081829,36
2285,1,3648,1829,1819,0,0,0,1.0,1,1.0,1,1.0,1,0.17176120117892973,37
2286,1,3649,1830,1819,0,0,0,1.0,1,1.0,1,1.0,1,0.2184663993501554,38
2287,1,3650,1830,1820,0,0,0,1.0,1,1.0,1,1.0,1,0.1807680073295817,38
2288,3,3653,1832,1821,0,0,0,1.0,1,1.0,1,1.0,1,0.2631622849824763,40
2289,3,3656,1832,1824,0,0,0,1.0,1,1.0,1,1.0,1,0.19859755002969273,40
2290,0,3656,1832,1824,0,0,0,1.0,1,1.0,1,1.0,1,0.22034752192705653,39
2291,1,3657,1833,1824,0,0,0,1.0,1,1.0,1,1.0,1,0.24189405959177812,37
2292,0,3657,1833,1824,0,0,0,1.0,1,1.0,1,1.0,1,0.2725641842272402,35
2293,3,3660,1836,1824,0,0,0,1.0,1,1.0,1,1.0,1,0.36285773140635086,35
2294,6,3666,1836,1830,0,0,0,1.0,1,1.0,1,1.0,1,0.29926451476945987,35
2295,0,3666,1836,1830,0,0,0,1.0,1,1.0,1,1.0,1,0.3022753005951456,36
2296,0,3666,1836,1830,0,0,0,1.0,1,1.0,1,1.0,1,0.33311360015029545,34
2297,1,3667,1836,1831,0,0,0,1.0,1,1.0,1,1.0,1,0.3300028389092885,35
2298,1,3668,1837,1831,0,0,0,1.0,1,1.0,1,1.0,1,0.30820447830358194,34
2299,2,3670,1839,1831,0,0,0,1.0,1,1.0,1,1.0,1,0.3108030792192118,35
2300,1,3671,1839,1832,0,0,0,1.0,1,1.0,1,1.0,1,0.28900156586121356,35
2301,0,3671,1839,1832,0,0,0,1.0,1,1.0,1,1.0,1,0.28900156586121356,35
2302,3,3674,1842,1832,0,0,0,1.0,1,1.0,1,1.0,1,0.33495446496360476,37
2303,2,3676,1843,1833,0,0,0,1.0,1,1.0,1,1.0,1,0.251016207652844,35
2304,4,3680,1845,1835,0,0,0,1.0,1,1.0,1,1.0,1,0.2929348686300261,36
2305,0,3680,1845,1835,0,0,0,1.0,1,1.0,1,1.0,1,0.3093998127384325,34
2306,2,3682,1845,1837,0,0,0,1.0,1,1.0,1,1.0,1,0.3226753068104869,35
2307,0,3682,1845,1837,0,0,0,1.0,1,1.0,1,1.0,1,0.31716492373686367,35
2308,0,3682,1845,1837,0,0,0,1.0,1,1.0,1,1.0,1,0.31716492373686367,35
2309,0,3682,1845,1837,0,0,0,1.0,1,1.0,1,1.0,1,0.3290402708506465,34
2310,0,3682,1845,1837,0,0,0,1.0,1,1.0,1,1.0,1,0.33544959132617125,36
2311,1,3683,1845,1838,0,0,0,1.0,1,1.0,1,1.0,1,0.33007639972478503,38
2312,4,3687,1847,1840,0,0,0,1.0,1,1.0,1,1.0,1,0.3567776591197255,39
2313,5,3692,1848,1844,0,0,0,1.0,1,1.0,1,1.0,1,0.27112150404289953,39
2314,2,3694,1848,1846,0,0,0,1.0,1,1.0,1,1.0,1,0.23105845940441871,39
2315,6,3700,1850,1850,0,0,0,1.0,1,1.0,1,1.0,1,0.20981635568760937,40
2316,0,3700,1850,1850,0,0,0,1.0,1,1.0,1,1.0,1,0.20981635568760937,40
2317,3,3703,1851,1852,0,0,0,1.0,1,1.0,1,1.0,1,0.19975134006897682,41
2318,1,3704,1852,1852,0,0,0,1.0,1,1.0,1,1.0,1,0.20686222299663706,41
2319,0,3704,1852,1852,0,0,0,1.0,1,1.0,1,1.0,1,0.20686222299663706,41
2320,2,3706,1852,1854,0,0,0,1.0,1,1.0,1,1.0,1,0.20785009494719614,42
2321,0,3706,1852,1854,0,0,0,1.0,1,1.0,1,1.0,1,0.19235731454362234,43
2322,1,3707,1853,1854,0,0,0,1.0,1,1.0,1,1.0,1,0.23518844542165007,42
2323,0,3707,1853,1854,0,0,0,1.0,1,1.0,1,1.0,1,0.24081006760178297,43
2324,0,3707,1853,1854,0,0,0,1.0,1,1.0,1,1.0,1,0.25717378895871434,44
2325,1,3708,1853,1855,0,0,0,1.0,1,1.0,1,1.0,1,0.23922135214942228,44
2326,1,3709,1853,1856,0,0,0,1.0,1,1.0,1,1.0,1,0.2114520616309844,45
2327,0,3709,1853,1856,0,0,0,1.0,1,1.0,1,1.0,1,0.2114520616309844,45
2328,0,3709,1853,1856,0,0,0,1.0,1,1.0,1,1.0,1,0.22279568932644617,46
2329,0,3709,1853,1856,0,0,0,1.0,1,1.0,1,1.0,1,0.21755435189449898,45
2330,0,3709,1853,1856,0,0,0,1.0,1,1.0,1,1.0,1,0.21906513979639755,47
2331,0,3709,1853,1856,0,0,0,1.0,1,1.0,1,1.0,1,0.21914729568723676,48
2332,0,3709,1853,1856,0,0,0,1.0,1,1.0,1,1.0,1,0.21914729568723676,48
2333,2,3711,1855,1856,0,0,0,1.0,1,1.0,1,1.0,1,0.2632574575100392,49
2334,3,3714,1856,1858,0,0,0,1.0,1,1.0,1,1.0,1,0.27994283877998494,47
2335,1,3715,1857,1858,0,0,0,1.0,1,1.0,1,1.0,1,0.3290779883359728,46
2336,1,3716,1857,1859,0,0,0,1.0,1,1.0,1,1.0,1,0.305236205878254,46
2337,2,3718,1858,1860,0,0,0,1.0,1,1.0,1,1.0,1,0.26201592693000003,45
2338,5,3723,1862,1861,0,0,0,1.0,1,1.0,1,1.0,1,0.19949260638881178,44
2339,3,3726,1863,1863,0,0,0,1.0,1,1.0,1,1.0,1,0.158382054741437,45
2340,0,3726,1863,1863,0,0,0,1.0,1,1.0,1,1.0,1,0.1578481834741156,44
2341,0,3726,1863,1863,0,0,0,1.0,1,1.0,1,1.0,1,0.17215518657509882,45
2342,1,3727,1864,1863,0,0,0,1.0,1,1.0,1,1.0,1,0.16681378895051102,47
2343,1,3728,1864,1864,0,0,0,1.0,1,1.0,1,1.0,1,0.1548116992575543,46
2344,0,3728,1864,1864,0,0,0,1.0,1,1.0,1,1.0,1,0.1919271790822742,46
2345,2,3730,1864,1866,0,0,0,1.0,1,1.0,1,1.0,1,0.16008790363484648,45
2346,0,3730,1864,1866,0,0,0,1.0,1,1.0,1,1.0,1,0.15083949164824859,46
2347,1,3731,1864,1867,0,0,0,1.0,1,1.0,1,1.0,1,0.14556231773166228,47
2348,1,3732,1865,1867,0,0,0,1.0,1,1.0,1,1.0,1,0.17537599692955635,49
2349,2,3734,1866,1868,0,0,0,1.0,1,1.0,1,1.0,1,0.19715563449576462,49
2350,0,3734,1866,1868,0,0,0,1.0,1,1.0,1,1.0,1,0.17945417655686272,50
2351,3,3737,1867,1870,0,0,0,1.0,1,1.0,1,1.0,1,0.17126220841787623,50
2352,1,3738,1867,1871,0,0,0,1.0,1,1.0,1,1.0,1,0.17895354405107372,51
2353,1,3739,1867,1872,0,0,0,1.0,1,1.0,1,1.0,1,0.1728312089516714,51
2354,0,3739,1867,1872,0,0,0,1.0,1,1.0,1,1.0,1,0.189278052190242,51
2355,2,3741,1869,1872,0,0,0,1.0,1,1.0,1,1.0,1,0.1839935190017907,50
2356,0,3741,1869,1872,0,0,0,1.0,1,1.0,1,1.0,1,0.1839935190017907,50
2357,1,3742,1869,1873,0,0,0,1.0,1,1.0,1,1.0,1,0.1786772408638304,49
2358,0,3742,1869,1873,0,0,0,1.0,1,1.0,1,1.0,1,0.19711701783173466,51
2359,0,3742,1869,1873,0,0,0,1.0,1,1.0,1,1.0,1,0.1873099189972171,51
2360,3,3745,1871,1874,0,0,0,1.0,1,1.0,1,1.0,1,0.24312643379127227,51
2361,4,3749,1873,1876,0,0,0,1.0,1,1.0,1,1.0,1,0.24751126423090555,52
2362,2,3751,1874,1877,0,0,0,1.0,1,1.0,1,1.0,1,0.22750161823709592,53
2363,2,3753,1875,1878,0,0,0,1.0,1,1.0,1,1.0,1,0.2246019717631848,54
2364,2,3755,1875,1880,0,0,0,1.0,1,1.0,1,1.0,1,0.20672283188274268,55
2365,2,3757,1876,1881,0,0,0,1.0,1,1.0,1,1.0,1,0.18964983394423868,53
2366,1,3758,1877,1881,0,0,0,1.0,1,1.0,1,1.0,1,0.18950459223030297,53
2367,2,3760,1879,1881,0,0,0,1.0,1,1.0,1,1.0,1,0.25079733887999106,51
2368,2,3762,1880,1882,0,0,0,1.0,1,1.0,1,1.0,1,0.2353108489319338,50
2369,2,3764,1881,1883,0,0,0,1.0,1,1.0,1,1.0,1,0.2426264616402672,47
2370,0,3764,1881,1883,0,0,0,1.0,1,1.0,1,1.0,1,0.26248720439050505,48
2371,2,3766,1883,1883,0,0,0,1.0,1,1.0,1,1.0,1,0.27222659689609285,49
2372,1,3767,1883,1884,0,0,0,1.0,1,1.0,1,1.0,1,0.2758564067470228,48
2373,3,3770,1884,1886,0,0,0,1.0,1,1.0,1,1.0,1,0.2510199917603142,49
2374,1,3771,1884,1887,0,0,0,1.0,1,1.0,1,1.0,1,0.23895694437262902,50
2375,1,3772,1885,1887,0,0,0,1.0,1,1.0,1,1.0,1,0.24188964207272748,50
2376,0,3772,1885,1887,0,0,0,1.0,1,1.0,1,1.0,1,0.24160258139762736,50
2377,1,3773,1885,1888,0,0,0,1.0,1,1.0,1,1.0,1,0.23198968805866593,49
2378,0,3773,1885,1888,0,0,0,1.0,1,1.0,1,1.0,1,0.23198968805866593,49
2379,1,3774,1886,1888,0,0,0,1.0,1,1.0,1,1.0,1,0.2666142592416943,50
2380,1,3775,1887,1888,0,0,0,1.0,1,1.0,1,1.0,1,0.28291596607028296,50
2381,1,3776,1888,1888,0,0,0,1.0,1,1.0,1,1.0,1,0.30740387709900563,51
2382,2,3778,1889,1889,0,0,0,1.0,1,1.0,1,1.0,1,0.28800010797176706,51
2383,4,3782,1889,1893,0,0,0,1.0,1,1.0,1,1.0,1,0.24411259280582187,52
2384,2,3784,1891,1893,0,0,0,1.0,1,1.0,1,1.0,1,0.23535375609706802,52
2385,5,3789,1894,1895,0,0,0,1.0,1,1.0,1,1.0,1,0.2623729554390313,51
2386,5,3794,1896,1898,0,0,0,1.0,1,1.0,1,1.0,1,0.2673583599582086,52
2387,0,3794,1896,1898,0,0,0,1.0,1,1.0,1,1.0,1,0.28474418483026426,49
2388,1,3795,1897,1898,0,0,0,1.0,1,1.0,1,1.0,1,0.2891466095202067,48
2389,2,3797,1897,1900,0,0,0,1.0,1,1.0,1,1.0,1,0.2617634152230274,48
2390,3,3800,1899,1901,0,0,0,1.0,1,1.0,1,1.0,1,0.2453148217821057,49
2391,0,3800,1899,1901,0,0,0,1.0,1,1.0,1,1.0,1,0.24203527729920699,48
2392,2,3802,1900,1902,0,0,0,1.0,1,1.0,1,1.0,1,0.2317367550887715,49
2393,4,3806,1901,1905,0,0,0,1.0,1,1.0,1,1.0,1,0.22156163432497378,50
2394,3,3809,1903,1906,0,0,0,1.0,1,1.0,1,1.0,1,0.26362056598055084,50
2395,2,3811,1904,1907,0,0,0,1.0,1,1.0,1,1.0,1,0.24559348394413544,49
2396,1,3812,1905,1907,0,0,0,1.0,1,1.0,1,1.0,1,0.23911387463298736,50
2397,4,3816,1907,1909,0,0,0,1.0,1,1.0,1,1.0,1,0.24542891386323473,51
2398,2,3818,1908,1910,0,0,0,1.0,1,1.0,1,1.0,1,0.2097831599166059,49
2399,2,3820,1908,1912,0,0,0,1.0,1,1.0,1,1.0,1,0.17989921286521282,50
2400,0,3820,1908,1912,0,0,0,1.0,1,1.0,1,1.0,1,0.1925220067468016,51
2401,1,3821,1909,1912,0,0,0,1.0,1,1.0,1,1.0,1,0.21322781247462588,50
2402,0,3821,1909,1912,0,0,0,1.0,1,1.0,1,1.0,1,0.21018478963497478,51
2403,0,3821,1909,1912,0,0,0,1.0,1,1.0,1,1.0,1,0.20911797538248963,52
2404,1,3822,1909,1913,0,0,0,1.0,1,1.0,1,1.0,1,0.21915871635405867,53
2405,1,3823,1909,1914,0,0,0,1.0,1,1.0,1,1.0,1,0.2110663631115927,52
2406,1,3824,1910,1914,0,0,0,1.0,1,1.0,1,1.0,1,0.22443596746163455,52
2407,0,3824,1910,1914,0,0,0,1.0,1,1.0,1,1.0,1,0.24910682754379343,51
2408,0,3824,1910,1914,0,0,0,1.0,1,1.0,1,1.0,1,0.2566660505068425,50
2409,2,3826,1910,1916,0,0,0,1.0,1,1.0,1,1.0,1,0.2429652997710965,50
2410,1,3827,1911,1916,0,0,0,1.0,1,1.0,1,1.0,1,0.27887013515193665,49
2411,0,3827,1911,1916,0,0,0,1.0,1,1.0,1,1.0,1,0.29040827216057896,48
2412,0,3827,1911,1916,0,0,0,1.0,1,1.0,1,1.0,1,0.3129701860387555,47
2413,4,3831,1911,1920,0,0,0,1.0,1,1.0,1,1.0,1,0.26509625750293664,47
2414,1,3832,1912,1920,0,0,0,1.0,1,1.0,1,1.0,1,0.30175638927166903,47
2415,0,3832,1912,1920,0,0,0,1.0,1,1.0,1,1.0,1,0.3108723426172421,46
2416,1,3833,1912,1921,0,0,0,1.0,1,1.0,1,1.0,1,0.2879963691943793,47
2417,1,3834,1912,1922,0,0,0,1.0,1,1.0,1,1.0,1,0.27877024130095057,46
2418,2,3836,1913,1923,0,0,0,1.0,1,1.0,1,1.0,1,0.2739538136798347,48
2419,3,3839,1915,1924,0,0,0,1.0,1,1.0,1,1.0,1,0.24038675023559675,47
2420,1,3840,1916,1924,0,0,0,1.0,1,1.0,1,1.0,1,0.22127412450709555,49
2421,2,3842,1917,1925,0,0,0,1.0,1,1.0,1,1.0,1,0.2095825188974933,50
2422,3,3845,1919,1926,0,0,0,1.0,1,1.0,1,1.0,1,0.17968021083418514,50
2423,1,3846,1919,1927,0,0,0,1.0,1,1.0,1,1.0,1,0.17049080897101715,51
2424,3,3849,1922,1927,0,0,0,1.0,1,1.0,1,1.0,1,0.17973816999593148,50
2425,2,3851,1922,1929,0,0,0,1.0,1,1.0,1,1.0,1,0.16490784935168376,48
2426,3,3854,1924,1930,0,0,0,1.0,1,1.0,1,1.0,1,0.17152067647640093,51
2427,1,3855,1925,1930,0,0,0,1.0,1,1.0,1,1.0,1,0.1938341388739301,50
2428,2,3857,1927,1930,0,0,0,1.0,1,1.0,1,1.0,1,0.209426260339272,49
2429,3,3860,1929,1931,0,0,0,1.0,1,1.0,1,1.0,1,0.2567124168155452,49
2430,1,3861,1930,1931,0,0,0,1.0,1,1.0,1,1.0,1,0.2712642489439994,46
2431,0,3861,1930,1931,0,0,0,1.0,1,1.0,1,1.0,1,0.29119397463744034,45
2432,0,3861,1930,1931,0,0,0,1.0,1,1.0,1,1.0,1,0.32211743138516713,44
2433,5,3866,1930,1936,0,0,0,1.0,1,1.0,1,1.0,1,0.2030407692500351,45
2434,1,3867,1931,1936,0,0,0,1.0,1,1.0,1,1.0,1,0.2139981416557107,44
2435,0,3867,1931,1936,0,0,0,1.0,1,1.0,1,1.0,1,0.2139981416557107,44
2436,1,3868,1931,1937,0,0,0,1.0,1,1.0,1,1.0,1,0.1814597637720658,44
2437,3,3871,1933,1938,0,0,0,1.0,1,1.0,1,1.0,1,0.20987177074390898,45
2438,2,3873,1934,1939,0,0,0,1.0,1,1.0,1,1.0,1,0.24384497378815975,45
2439,1,3874,1934,1940,0,0,0,1.0,1,1.0,1,1.0,1,0.2115418398756948,46
2440,0,3874,1934,1940,0,0,0,1.0,1,1.0,1,1.0,1,0.2273051136329898,45
2441,2,3876,1935,1941,0,0,0,1.0,1,1.0,1,1.0,1,0.21330212529596046,45
2442,0,3876,1935,1941,0,0,0,1.0,1,1.0,1,1.0,1,0.20950940529316855,46
2443,0,3876,1935,1941,0,0,0,1.0,1,1.0,1,1.0,1,0.2581264583987705,45
2444,5,3881,1937,1944,0,0,0,1.0,1,1.0,1,1.0,1,0.2955565938388062,46
2445,3,3884,1938,1946,0,0,0,1.0,1,1.0,1,1.0,1,0.312438561157336,44
2446,4,3888,1941,1947,0,0,0,1.0,1,1.0,1,1.0,1,0.26653217389672135,44
2447,2,3890,1942,1948,0,0,0,1.0,1,1.0,1,1.0,1,0.2670891794594515,42
2448,4,3894,1945,1949,0,0,0,1.0,1,1.0,1,1.0,1,0.26471449491273746,41
2449,4,3898,1946,1952,0,0,0,1.0,1,1.0,1,1.0,1,0.21621033076788082,40
2450,3,3901,1949,1952,0,0,0,1.0,1,1.0,1,1.0,1,0.23433267077540162,42
2451,2,3903,1949,1954,0,0,0,1.0,1,1.0,1,1.0,1,0.20387459779807382,43
2452,0,3903,1949,1954,0,0,0,1.0,1,1.0,1,1.0,1,0.20387459779807382,43
2453,0,3903,1949,1954,0,0,0,1.0,1,1.0,1,1.0,1,0.22138266742482748,45
2454,3,3906,1951,1955,0,0,0,1.0,1,1.0,1,1.0,1,0.2552065700766252,47
2455,0,3906,1951,1955,0,0,0,1.0,1,1.0,1,1.0,1,0.2592135487344334,48
2456,2,3908,1952,1956,0,0,0,1.0,1,1.0,1,1.0,1,0.26822902320496345,49
2457,2,3910,1953,1957,0,0,0,1.0,1,1.0,1,1.0,1,0.3066970701773223,48
2458,0,3910,1953,1957,0,0,0,1.0,1,1.0,1,1.0,1,0.30496543373818924,49
2459,0,3910,1953,1957,0,0,0,1.0,1,1.0,1,1.0,1,0.30496543373818924,49
2460,7,3917,1955,1962,0,0,0,1.0,1,1.0,1,1.0,1,0.2807960050508882,50
2461,0,3917,1955,1962,0,0,0,1.0,1,1.0,1,1.0,1,0.2807960050508882,50
2462,6,3923,1957,1966,0,0,0,1.0,1,1.0,1,1.0,1,0.2516524508365341,51
2463,4,3927,1958,1969,0,0,0,1.0,1,1.0,1,1.0,1,0.26073973332416606,51
2464,3,3930,1960,1970,0,0,0,1.0,1,1.0,1,1.0,1,0.24913879973310635,50
2465,3,3933,1960,1973,0,0,0,1.0,1,1.0,1,1.0,1,0.2071025283706809,49
2466,1,3934,1961,1973,0,0,0,1.0,1,1.0,1,1.0,1,0.20959705765237754,49
2467,1,3935,1961,1974,0,0,0,1.0,1,1.0,1,1.0,1,0.192792028942471,48
2468,2,3937,1963,1974,0,0,0,1.0,1,1.0,1,1.0,1,0.23926999727598774,47
2469,2,3939,1964,1975,0,0,0,1.0,1,1.0,1,1.0,1,0.19824390512803747,46
2470,0,3939,1964,1975,0,0,0,1.0,1,1.0,1,1.0,1,0.20980419144654194,44
2471,0,3939,1964,1975,0,0,0,1.0,1,1.0,1,1.0,1,0.2225013828679706,44
2472,1,3940,1964,1976,0,0,0,1.0,1,1.0,1,1.0,1,0.23653161752310484,44
2473,2,3942,1965,1977,0,0,0,1.0,1,1.0,1,1.0,1,0.21369473665297115,43
2474,3,3945,1967,1978,0,0,0,1.0,1,1.0,1,1.0,1,0.23427443465525594,44
2475,3,3948,1968,1980,0,0,0,1.0,1,1.0,1,1.0,1,0.19340570602683316,46
2476,0,3948,1968,1980,0,0,0,1.0,1,1.0,1,1.0,1,0.19340570602683316,46
2477,1,3949,1968,1981,0,0,0,1.0,1,1.0,1,1.0,1,0.18052136232020835,46
2478,0,3949,1968,1981,0,0,0,1.0,1,1.0,1,1.0,1,0.18052136232020835,46
2479,2,3951,1970,1981,0,0,0,1.0,1,1.0,1,1.0,1,0.16665636833919398,46
2480,2,3953,1972,1981,0,0,0,1.0,1,1.0,1,1.0,1,0.2264807289072793,47
2481,5,3958,1974,1984,0,0,0,1.0,1,1.0,1,1.0,1,0.1734901219437683,47
2482,1,3959,1975,1984,0,0,0,1.0,1,1.0,1,1.0,1,0.18234664587821178,45
2483,0,3959,1975,1984,0,0,0,1.0,1,1.0,1,1.0,1,0.1879914653260007,45
2484,1,3960,1976,1984,0,0,0,1.0,1,1.0,1,1.0,1,0.2375202377281336,46
2485,1,3961,1977,1984,0,0,0,1.0,1,1.0,1,1.0,1,0.2277792592440312,44
2486,0,3961,1977,1984,0,0,0,1.0,1,1.0,1,1.0,1,0.22027201586096018,43
2487,1,3962,1978,1984,0,0,0,1.0,1,1.0,1,1.0,1,0.24643945272116055,44
2488,2,3964,1980,1984,0,0,0,1.0,1,1.0,1,1.0,1,0.27422585913781095,45
2489,3,3967,1981,1986,0,0,0,1.0,1,1.0,1,1.0,1,0.2470302270369532,44
2490,3,3970,1983,1987,0,0,0,1.0,1,1.0,1,1.0,1,0.28086850297184984,44
2491,2,3972,1984,1988,0,0,0,1.0,1,1.0,1,1.0,1,0.26917857400830425,44
2492,0,3972,1984,1988,0,0,0,1.0,1,1.0,1,1.0,1,0.26917857400830425,44
2493,2,3974,1985,1989,0,0,0,1.0,1,1.0,1,1.0,1,0.2868804165658964,42
2494,0,3974,1985,1989,0,0,0,1.0,1,1.0,1,1.0,1,0.2868804165658964,42
2495,1,3975,1985,1990,0,0,0,1.0,1,1.0,1,1.0,1,0.25878486792170863,42
2496,1,3976,1985,1991,0,0,0,1.0,1,1.0,1,1.0,1,0.23266951352236998,42
2497,1,3977,1986,1991,0,0,0,1.0,1,1.0,1,1.0,1,0.24665947208853553,44
2498,0,3977,1986,1991,0,0,0,1.0,1,1.0,1,1.0,1,0.26246642138356346,43
2499,2,3979,1987,1992,0,0,0,1.0,1,1.0,1,1.0,1,0.22539698424479063,43
2500,4,3983,1988,1995,0,0,0,1.0,1,1.0,1,1.0,1,0.16574579466108233,44
2501,0,3983,1988,1995,0,0,0,1.0,1,1.0,1,1.0,1,0.17690276927949017,46
2502,3,3986,1991,1995,0,0,0,1.0,1,1.0,1,1.0,1,0.18989539329100052,47
2503,2,3988,1992,1996,0,0,0,1.0,1,1.0,1,1.0,1,0.18312876150424306,47
2504,1,3989,1993,1996,0,0,0,1.0,1,1.0,1,1.0,1,0.2114080343847931,46
2505,5,3994,1996,1998,0,0,0,1.0,1,1.0,1,1.0,1,0.19769691519697025,46
2506,0,3994,1996,1998,0,0,0,1.0,1,1.0,1,1.0,1,0.2035639623264879,45
2507,2,3996,1998,1998,0,0,0,1.0,1,1.0,1,1.0,1,0.21580255622757463,45
2508,3,3999,2001,1998,0,0,0,1.0,1,1.0,1,1.0,1,0.22166181641765323,46
2509,3,4002,2002,2000,0,0,0,1.0,1,1.0,1,1.0,1,0.21607069732062448,45
2510,3,4005,2004,2001,0,0,0,1.0,1,1.0,1,1.0,1,0.2472603699212691,46
2511,3,4008,2005,2003,0,0,0,1.0,1,1.0,1,1.0,1,0.23878126783174713,47
2512,1,4009,2005,2004,0,0,0,1.0,1,1.0,1,1.0,1,0.23351868727516745,47
2513,3,4012,2005,2007,0,0,0,1.0,1,1.0,1,1.0,1,0.16217212497665862,48
2514,4,4016,2007,2009,0,0,0,1.0,1,1.0,1,1.0,1,0.21220951784811617,48
2515,2,4018,2007,2011,0,0,0,1.0,1,1.0,1,1.0,1,0.17744882084986952,49
2516,0,4018,2007,2011,0,0,0,1.0,1,1.0,1,1.0,1,0.17744882084986952,49
2517,3,4021,2009,2012,0,0,0,1.0,1,1.0,1,1.0,1,0.16637807030840032,49
2518,2,4023,2011,2012,0,0,0,1.0,1,1.0,1,1.0,1,0.19420623634156076,48
2519,2,4025,2012,2013,0,0,0,1.0,1,1.0,1,1.0,1,0.20005699844450053,48
2520,1,4026,2013,2013,0,0,0,1.0,1,1.0,1,1.0,1,0.25274915796888,46
2521,2,4028,2015,2013,0,0,0,1.0,1,1.0,1,1.0,1,0.2749741551645587,47
2522,1,4029,2016,2013,0,0,0,1.0,1,1.0,1,1.0,1,0.30989144474113156,45
2523,2,4031,2017,2014,0,0,0,1.0,1,1.0,1,1.0,1,0.3368446804737736,44
2524,1,4032,2017,2015,0,0,0,1.0,1,1.0,1,1.0,1,0.2717343345734117,42
2525,1,4033,2017,2016,0,0,0,1.0,1,1.0,1,1.0,1,0.26685137066713105,42
2526,0,4033,2017,2016,0,0,0,1.0,1,1.0,1,1.0,1,0.28684458215211317,41
2527,0,4033,2017,2016,0,0,0,1.0,1,1.0,1,1.0,1,0.28684458215211317,41
2528,0,4033,2017,2016,0,0,0,1.0,1,1.0,1,1.0,1,0.31238197856729805,41
2529,2,4035,2018,2017,0,0,0,1.0,1,1.0,1,1.0,1,0.31229237204029564,42
2530,0,4035,2018,2017,0,0,0,1.0,1,1.0,1,1.0,1,0.3244883614006046,41
2531,0,4035,2018,2017,0,0,0,1.0,1,1.0,1,1.0,1,0.3244883614006046,41
2532,1,4036,2018,2018,0,0,0,1.0,1,1.0,1,1.0,1,0.3233955104837458,43
2533,1,4037,2018,2019,0,0,0,1.0,1,1.0,1,1.0,1,0.2937802781294304,43
2534,0,4037,2018,2019,0,0,0,1.0,1,1.0,1,1.0,1,0.2937802781294304,43
2535,1,4038,2019,2019,0,0,0,1.0,1,1.0,1,1.0,1,0.3286586844203487,44
2536,0,4038,2019,2019,0,0,0,1.0,1,1.0,1,1.0,1,0.3286586844203487,44
2537,0,4038,2019,2019,0,0,0,1.0,1,1.0,1,1.0,1,0.34048228805315084,45
2538,5,4043,2019,2024,0,0,0,1.0,1,1.0,1,1.0,1,0.27208886300565294,48
2539,2,4045,2020,2025,0,0,0,1.0,1,1.0,1,1.0,1,0.25418963439089326,48
2540,0,4045,2020,2025,0,0,0,1.0,1,1.0,1,1.0,1,0.26802764320480327,50
2541,2,4047,2021,2026,0,0,0,1.0,1,1.0,1,1.0,1,0.2547834102883797,52
2542,3,4050,2024,2026,0,0,0,1.0,1,1.0,1,1.0,1,0.3276956098329431,52
2543,6,4056,2027,2029,0,0,0,1.0,1,1.0,1,1.0,1,0.34246690342006,51
2544,7,4063,2031,2032,0,0,0,1.0,1,1.0,1,1.0,1,0.35297050926013684,51
2545,9,4072,2031,2041,0,0,0,1.0,1,1.0,1,1.0,1,0.20558234748925072,50
2546,2,4074,2032,2042,0,0,0,1.0,1,1.0,1,1.0,1,0.2164681161550561,50
2547,1,4075,2033,2042,0,0,0,1.0,1,1.0,1,1.0,1,0.2130034075417262,47
2548,0,4075,2033,2042,0,0,0,1.0,1,1.0,1,1.0,1,0.20010489531333056,46
2549,2,4077,2034,2043,0,0,0,1.0,1,1.0,1,1.0,1,0.21492904380995248,46
2550,2,4079,2036,2043,0,0,0,1.0,1,1.0,1,1.0,1,0.2258334602497965,44
2551,0,4079,2036,2043,0,0,0,1.0,1,1.0,1,1.0,1,0.2174368251166058,43
2552,0,4079,2036,2043,0,0,0,1.0,1,1.0,1,1.0,1,0.24751849500409137,43
2553,1,4080,2036,2044,0,0,0,1.0,1,1.0,1,1.0,1,0.22974470240981307,44
2554,2,4082,2038,2044,0,0,0,1.0,1,1.0,1,1.0,1,0.2498710645385795,45
2555,1,4083,2039,2044,0,0,0,1.0,1,1.0,1,1.0,1,0.28990730023080863,44
2556,1,4084,2039,2045,0,0,0,1.0,1,1.0,1,1.0,1,0.25244740145612615,44
2557,2,4086,2040,2046,0,0,0,1.0,1,1.0,1,1.0,1,0.2898087937745437,41
2558,2,4088,2040,2048,0,0,0,1.0,1,1.0,1,1.0,1,0.27089357095797867,40
2559,1,4089,2040,2049,0,0,0,1.0,1,1.0,1,1.0,1,0.27680912187575984,41
2560,0,4089,2040,2049,0,0,0,1.0,1,1.0,1,1.0,1,0.27680912187575984,41
2561,1,4090,2040,2050,0,0,0,1.0,1,1.0,1,1.0,1,0.28081834090174046,43
2562,0,4090,2040,2050,0,0,0,1.0,1,1.0,1,1.0,1,0.29338040780969843,44
2563,1,4091,2040,2051,0,0,0,1.0,1,1.0,1,1.0,1,0.2773067939582393,44
2564,2,4093,2042,2051,0,0,0,1.0,1,1.0,1,1.0,1,0.2739996289599123,44
2565,3,4096,2043,2053,0,0,0,1.0,1,1.0,1,1.0,1,0.2353954593175068,45
2566,0,4096,2043,2053,0,0,0,1.0,1,1.0,1,1.0,1,0.2429237300439687,46
2567,2,4098,2044,2054,0,0,0,1.0,1,1.0,1,1.0,1,0.243777828039007,48
2568,4,4102,2047,2055,0,0,0,1.0,1,1.0,1,1.0,1,0.2909379191897875,48
2569,2,4104,2047,2057,0,0,0,1.0,1,1.0,1,1.0,1,0.2746903166467527,49
2570,1,4105,2047,2058,0,0,0,1.0,1,1.0,1,1.0,1,0.2819052188927894,48
2571,0,4105,2047,2058,0,0,0,1.0,1,1.0,1,1.0,1,0.2819052188927894,48
2572,0,4105,2047,2058,0,0,0,1.0,1,1.0,1,1.0,1,0.26489208908130907,49
2573,3,4108,2047,2061,0,0,0,1.0,1,1.0,1,1.0,1,0.23418209782498986,50
2574,2,4110,2049,2061,0,0,0,1.0,1,1.0,1,1.0,1,0.24708927659754457,49
2575,1,4111,2049,2062,0,0,0,1.0,1,1.0,1,1.0,1,0.24245436284971586,48
2576,0,4111,2049,2062,0,0,0,1.0,1,1.0,1,1.0,1,0.24245436284971586,48
2577,2,4113,2049,2064,0,0,0,1.0,1,1.0,1,1.0,1,0.22647192613017217,50
2578,0,4113,2049,2064,0,0,0,1.0,1,1.0,1,1.0,1,0.22647192613017217,50
2579,1,4114,2050,2064,0,0,0,1.0,1,1.0,1,1.0,1,0.21569491578051114,51
2580,0,4114,2050,2064,0,0,0,1.0,1,1.0,1,1.0,1,0.22460501314823478,52
2581,1,4115,2050,2065,0,0,0,1.0,1,1.0,1,1.0,1,0.23438503201181085,51
2582,2,4117,2051,2066,0,0,0,1.0,1,1.0,1,1.0,1,0.23644420801110008,51
2583,2,4119,2052,2067,0,0,0,1.0,1,1.0,1,1.0,1,0.24841965209291944,51
2584,4,4123,2055,2068,0,0,0,1.0,1,1.0,1,1.0,1,0.28157527543491034,51
2585,2,4125,2055,2070,0,0,0,1.0,1,1.0,1,1.0,1,0.2416309268751152,50
2586,4,4129,2058,2071,0,0,0,1.0,1,1.0,1,1.0,1,0.2646596228913641,50
2587,2,4131,2058,2073,0,0,0,1.0,1,1.0,1,1.0,1,0.20935145701681498,48
2588,2,4133,2059,2074,0,0,0,1.0,1,1.0,1,1.0,1,0.24684558763918815,50
2589,4,4137,2060,2077,0,0,0,1.0,1,1.0,1,1.0,1,0.1576589471589267,48
2590,0,4137,2060,2077,0,0,0,1.0,1,1.0,1,1.0,1,0.1493015428085777,47
2591,0,4137,2060,2077,0,0,0,1.0,1,1.0,1,1.0,1,0.1493015428085777,47
2592,1,4138,2061,2077,0,0,0,1.0,1,1.0,1,1.0,1,0.16753369361017248,47
2593,2,4140,2062,2078,0,0,0,1.0,1,1.0,1,1.0,1,0.19045463246787647,47
2594,2,4142,2064,2078,0,0,0,1.0,1,1.0,1,1.0,1,0.2177988350834401,49
2595,3,4145,2066,2079,0,0,0,1.0,1,1.0,1,1.0,1,0.2408586835102442,48
2596,2,4147,2068,2079,0,0,0,1.0,1,1.0,1,1.0,1,0.19350993397630167,47
2597,2,4149,2070,2079,0,0,0,1.0,1,1.0,1,1.0,1,0.23995622301119934,48
2598,4,4153,2073,2080,0,0,0,1.0,1,1.0,1,1.0,1,0.2320203662948509,48
2599,2,4155,2075,2080,0,0,0,1.0,1,1.0,1,1.0,1,0.21697862353659092,49
2600,0,4155,2075,2080,0,0,0,1.0,1,1.0,1,1.0,1,0.22932877102814814,52
2601,2,4157,2076,2081,0,0,0,1.0,1,1.0,1,1.0,1,0.21459489180920857,51
2602,4,4161,2077,2084,0,0,0,1.0,1,1.0,1,1.0,1,0.17667628062102236,52
2603,2,4163,2078,2085,0,0,0,1.0,1,1.0,1,1.0,1,0.20918598713684808,53
2604,0,4163,2078,2085,0,0,0,1.0,1,1.0,1,1.0,1,0.20918598713684808,53
2605,1,4164,2078,2086,0,0,0,1.0,1,1.0,1,1.0,1,0.2272280694254684,52
2606,1,4165,2078,2087,0,0,0,1.0,1,1.0,1,1.0,1,0.19768415621611274,52
2607,2,4167,2079,2088,0,0,0,1.0,1,1.0,1,1.0,1,0.215468299072686,52
2608,1,4168,2079,2089,0,0,0,1.0,1,1.0,1,1.0,1,0.1963145478234993,52
2609,0,4168,2079,2089,0,0,0,1.0,1,1.0,1,1.0,1,0.20322548027539802,53
2610,2,4170,2080,2090,0,0,0,1.0,1,1.0,1,1.0,1,0.23485119914492011,54
2611,3,4173,2081,2092,0,0,0,1.0,1,1.0,1,1.0,1,0.1761013024103736,54
2612,3,4176,2083,2093,0,0,0,1.0,1,1.0,1,1.0,1,0.14666726091195673,56
2613,0,4176,2083,2093,0,0,0,1.0,1,1.0,1,1.0,1,0.14666726091195673,56
2614,2,4178,2084,2094,0,0,0,1.0,1,1.0,1,1.0,1,0.13306561771994577,56
2615,0,4178,2084,2094,0,0,0,1.0,1,1.0,1,1.0,1,0.1316432620988885,57
2616,0,4178,2084,2094,0,0,0,1.0,1,1.0,1,1.0,1,0.1316432620988885,57
2617,2,4180,2085,2095,0,0,0,1.0,1,1.0,1,1.0,1,0.11607878011934288,58
2618,1,4181,2086,2095,0,0,0,1.0,1,1.0,1,1.0,1,0.11815746164212727,58
2619,0,4181,2086,2095,0,0,0,1.0,1,1.0,1,1.0,1,0.14418876273082676,58
2620,0,4181,2086,2095,0,0,0,1.0,1,1.0,1,1.0,1,0.16444739649532011,60
2621,2,4183,2087,2096,0,0,0,1.0,1,1.0,1,1.0,1,0.12475541059895996,59
2622,1,4184,2088,2096,0,0,0,1.0,1,1.0,1,1.0,1,0.14273053869809912,60
2623,4,4188,2090,2098,0,0,0,1.0,1,1.0,1,1.0,1,0.14186453074234168,59
2624,1,4189,2091,2098,0,0,0,1.0,1,1.0,1,1.0,1,0.15371708177902554,58
2625,3,4192,2094,2098,0,0,0,1.0,1,1.0,1,1.0,1,0.18300355868387577,58
2626,3,4195,2096,2099,0,0,0,1.0,1,1.0,1,1.0,1,0.20846449598428196,57
2627,1,4196,2097,2099,0,0,0,1.0,1,1.0,1,1.0,1,0.17741668455660808,55
2628,2,4198,2099,2099,0,0,0,1.0,1,1.0,1,1.0,1,0.21390493459059756,55
2629,0,4198,2099,2099,0,0,0,1.0,1,1.0,1,1.0,1,0.2025003712695932,54
2630,2,4200,2099,2101,0,0,0,1.0,1,1.0,1,1.0,1,0.20073882120433628,55
2631,1,4201,2099,2102,0,0,0,1.0,1,1.0,1,1.0,1,0.1937711634677591,55
2632,1,4202,2100,2102,0,0,0,1.0,1,1.0,1,1.0,1,0.22238243807494143,55
2633,4,4206,2101,2105,0,0,0,1.0,1,1.0,1,1.0,1,0.22064129282686493,53
2634,4,4210,2103,2107,0,0,0,1.0,1,1.0,1,1.0,1,0.21927505016382717,52
2635,4,4214,2104,2110,0,0,0,1.0,1,1.0,1,1.0,1,0.19646335076902793,52
2636,4,4218,2105,2113,0,0,0,1.0,1,1.0,1,1.0,1,0.1788241210154697,51
2637,2,4220,2106,2114,0,0,0,1.0,1,1.0,1,1.0,1,0.1906877933066005,50
2638,3,4223,2108,2115,0,0,0,1.0,1,1.0,1,1.0,1,0.19908496353244295,48
2639,1,4224,2109,2115,0,0,0,1.0,1,1.0,1,1.0,1,0.2295426401286904,48
2640,6,4230,2114,2116,0,0,0,1.0,1,1.0,1,1.0,1,0.23174440982243286,46
2641,4,4234,2116,2118,0,0,0,1.0,1,1.0,1,1.0,1,0.17782451350186865,46
2642,4,4238,2120,2118,0,0,0,1.0,1,1.0,1,1.0,1,0.1842289861311056,47
2643,1,4239,2121,2118,0,0,0,1.0,1,1.0,1,1.0,1,0.200935678438417,45
2644,2,4241,2123,2118,0,0,0,1.0,1,1.0,1,1.0,1,0.25765429763414105,44
2645,2,4243,2123,2120,0,0,0,1.0,1,1.0,1,1.0,1,0.23899823846489818,42
2646,3,4246,2124,2122,0,0,0,1.0,1,1.0,1,1.0,1,0.19840364131602378,43
2647,0,4246,2124,2122,0,0,0,1.0,1,1.0,1,1.0,1,0.20280770217512176,40
2648,0,4246,2124,2122,0,0,0,1.0,1,1.0,1,1.0,1,0.17335179080694724,41
2649,2,4248,2124,2124,0,0,0,1.0,1,1.0,1,1.0,1,0.15235262399431695,43
2650,0,4248,2124,2124,0,0,0,1.0,1,1.0,1,1.0,1,0.13961332895066947,43
2651,1,4249,2125,2124,0,0,0,1.0,1,1.0,1,1.0,1,0.13108351930249484,44
2652,1,4250,2126,2124,0,0,0,1.0,1,1.0,1,1.0,1,0.09361464244967559,44
2653,0,4250,2126,2124,0,0,0,1.0,1,1.0,1,1.0,1,0.09361464244967559,44
2654,1,4251,2127,2124,0,0,0,1.0,1,1.0,1,1.0,1,0.10095659605959756,45
2655,1,4252,2128,2124,0,0,0,1.0,1,1.0,1,1.0,1,0.11007065799558326,45
2656,0,4252,2128,2124,0,0,0,1.0,1,1.0,1,1.0,1,0.11007065799558326,45
2657,0,4252,2128,2124,0,0,0,1.0,1,1.0,1,1.0,1,0.13315201332009083,45
2658,1,4253,2129,2124,0,0,0,1.0,1,1.0,1,1.0,1,0.14511553821150028,47
2659,1,4254,2130,2124,0,0,0,1.0,1,1.0,1,1.0,1,0.16855976700663322,46
2660,1,4255,2131,2124,0,0,0,1.0,1,1.0,1,1.0,1,0.17581672576591137,46
2661,1,4256,2131,2125,0,0,0,1.0,1,1.0,1,1.0,1,0.172620674648426,46
2662,3,4259,2132,2127,0,0,0,1.0,1,1.0,1,1.0,1,0.16340568703331987,47
2663,4,4263,2136,2127,0,0,0,1.0,1,1.0,1,1.0,1,0.22301148770268756,46
2664,4,4267,2139,2128,0,0,0,1.0,1,1.0,1,1.0,1,0.21856404563061443,45
2665,4,4271,2141,2130,0,0,0,1.0,1,1.0,1,1.0,1,0.1498726788906442,47
2666,4,4275,2145,2130,0,0,0,1.0,1,1.0,1,1.0,1,0.189919924615018,47
2667,4,4279,2146,2133,0,0,0,1.0,1,1.0,1,1.0,1,0.1230916025387278,45
2668,2,4281,2146,2135,0,0,0,1.0,1,1.0,1,1.0,1,0.11191026783134941,45
2669,2,4283,2148,2135,0,0,0,1.0,1,1.0,1,1.0,1,0.1755082095130529,45
2670,5,4288,2151,2137,0,0,0,1.0,1,1.0,1,1.0,1,0.14158909389950086,45
2671,2,4290,2153,2137,0,0,0,1.0,1,1.0,1,1.0,1,0.17313014724549386,41
2672,2,4292,2155,2137,0,0,0,1.0,1,1.0,1,1.0,1,0.22731015596519769,40
2673,2,4294,2155,2139,0,0,0,1.0,1,1.0,1,1.0,1,0.19068025442204634,39
2674,3,4297,2157,2140,0,0,0,1.0,1,1.0,1,1.0,1,0.19088709613504495,37
2675,2,4299,2159,2140,0,0,0,1.0,1,1.0,1,1.0,1,0.23160350848305608,35
2676,0,4299,2159,2140,0,0,0,1.0,1,1.0,1,1.0,1,0.2187384278983605,34
2677,2,4301,2161,2140,0,0,0,1.0,1,1.0,1,1.0,1,0.24656156147217337,32
2678,0,4301,2161,2140,0,0,0,1.0,1,1.0,1,1.0,1,0.3015577122985925,33
2679,1,4302,2162,2140,0,0,0,1.0,1,1.0,1,1.0,1,0.3541448049323707,33
2680,9,4311,2166,2145,0,0,0,1.0,1,1.0,1,1.0,1,0.3149526096732692,33
2681,4,4315,2167,2148,0,0,0,1.0,1,1.0,1,1.0,1,0.14614379775451794,32
2682,0,4315,2167,2148,0,0,0,1.0,1,1.0,1,1.0,1,0.14614379775451794,32
2683,1,4316,2168,2148,0,0,0,1.0,1,1.0,1,1.0,1,0.255641314688154,32
2684,0,4316,2168,2148,0,0,0,1.0,1,1.0,1,1.0,1,0.26840811317185426,31
2685,3,4319,2169,2150,0,0,0,1.0,1,1.0,1,1.0,1,0.2680066683134571,30
2686,3,4322,2170,2152,0,0,0,1.0,1,1.0,1,1.0,1,0.24228435844249058,29
2687,0,4322,2170,2152,0,0,0,1.0,1,1.0,1,1.0,1,0.23901369022578262,28
2688,0,4322,2170,2152,0,0,0,1.0,1,1.0,1,1.0,1,0.23901369022578262,28
2689,1,4323,2170,2153,0,0,0,1.0,1,1.0,1,1.0,1,0.2479956604601321,29
2690,1,4324,2170,2154,0,0,0,1.0,1,1.0,1,1.0,1,0.22274203466894008,29
2691,1,4325,2171,2154,0,0,0,1.0,1,1.0,1,1.0,1,0.212639155546791,29
2692,0,4325,2171,2154,0,0,0,1.0,1,1.0,1,1.0,1,0.24350346142710835,31
2693,3,4328,2173,2155,0,0,0,1.0,1,1.0,1,1.0,1,0.2714337518695791,32
2694,1,4329,2174,2155,0,0,0,1.0,1,1.0,1,1.0,1,0.27603518667313864,32
2695,1,4330,2175,2155,0,0,0,1.0,1,1.0,1,1.0,1,0.23170896869894017,33
2696,0,4330,2175,2155,0,0,0,1.0,1,1.0,1,1.0,1,0.23170896869894017,33
2697,2,4332,2176,2156,0,0,0,1.0,1,1.0,1,1.0,1,0.1826111160900028,34
2698,2,4334,2178,2156,0,0,0,1.0,1,1.0,1,1.0,1,0.17660887327388558,34
2699,0,4334,2178,2156,0,0,0,1.0,1,1.0,1,1.0,1,0.1683781251668993,36
2700,0,4334,2178,2156,0,0,0,1.0,1,1.0,1,1.0,1,0.18291334057128347,36
2701,0,4334,2178,2156,0,0,0,1.0,1,1.0,1,1.0,1,0.18291334057128347,36
2702,2,4336,2179,2157,0,0,0,1.0,1,1.0,1,1.0,1,0.21035300939149387,36
2703,3,4339,2181,2158,0,0,0,1.0,1,1.0,1,1.0,1,0.20687583600582402,38
2704,1,4340,2182,2158,0,0,0,1.0,1,1.0,1,1.0,1,0.2445369115982249,37
2705,6,4346,2186,2160,0,0,0,1.0,1,1.0,1,1.0,1,0.28169094661226546,36
2706,1,4347,2187,2160,0,0,0,1.0,1,1.0,1,1.0,1,0.2890373216030151,34
2707,1,4348,2188,2160,0,0,0,1.0,1,1.0,1,1.0,1,0.28631785388658265,36
2708,3,4351,2191,2160,0,0,0,1.0,1,1.0,1,1.0,1,0.3075737621775574,36
2709,1,4352,2191,2161,0,0,0,1.0,1,1.0,1,1.0,1,0.296506600599014,33
2710,4,4356,2194,2162,0,0,0,1.0,1,1.0,1,1.0,1,0.2791228505525052,32
2711,2,4358,2196,2162,0,0,0,1.0,1,1.0,1,1.0,1,0.27993900823097195,29
2712,0,4358,2196,2162,0,0,0,1.0,1,1.0,1,1.0,1,0.287698238665534,28
2713,1,4359,2196,2163,0,0,0,1.0,1,1.0,1,1.0,1,0.27378944580336867,28
2714,3,4362,2197,2165,0,0,0,1.0,1,1.0,1,1.0,1,0.26676132744900355,25
2715,2,4364,2199,2165,0,0,0,1.0,1,1.0,1,1.0,1,0.3708000131977998,24
2716,4,4368,2201,2167,0,0,0,1.0,1,1.0,1,1.0,1,0.4015410881934774,23
2717,3,4371,2202,2169,0,0,0,1.0,1,1.0,1,1.0,1,0.2889293164135162,24
2718,1,4372,2202,2170,0,0,0,1.0,1,1.0,1,1.0,1,0.22984902814553165,24
2719,1,4373,2202,2171,0,0,0,1.0,1,1.0,1,1.0,1,0.21137743005642168,25
2720,1,4374,2203,2171,0,0,0,1.0,1,1.0,1,1.0,1,0.23267792041534194,25
2721,1,4375,2204,2171,0,0,0,1.0,1,1.0,1,1.0,1,0.20291113508452202,26
2722,1,4376,2205,2171,0,0,0,1.0,1,1.0,1,1.0,1,0.22711311373762819,26
2723,1,4377,2206,2171,0,0,0,1.0,1,1.0,1,1.0,1,0.24122920148862748,26
2724,1,4378,2207,2171,0,0,0,1.0,1,1.0,1,1.0,1,0.2755665624652599,27
2725,1,4379,2208,2171,0,0,0,1.0,1,1.0,1,1.0,1,0.24537129141451597,27
2726,0,4379,2208,2171,0,0,0,1.0,1,1.0,1,1.0,1,0.26403314317505466,28
2727,0,4379,2208,2171,0,0,0,1.0,1,1.0,1,1.0,1,0.2523002033314532,29
2728,0,4379,2208,2171,0,0,0,1.0,1,1.0,1,1.0,1,0.24730599697468345,28
2729,0,4379,2208,2171,0,0,0,1.0,1,1.0,1,1.0,1,0.24730599697468345,28
2730,0,4379,2208,2171,0,0,0,1.0,1,1.0,1,1.0,1,0.23822935851072835,29
2731,1,4380,2209,2171,0,0,0,1.0,1,1.0,1,1.0,1,0.2564622693632152,30
2732,1,4381,2210,2171,0,0,0,1.0,1,1.0,1,1.0,1,0.29754027254262294,29
2733,1,4382,2211,2171,0,0,0,1.0,1,1.0,1,1.0,1,0.32213628382953097,29
2734,2,4384,2211,2173,0,0,0,1.0,1,1.0,1,1.0,1,0.2912529151829354,29
2735,2,4386,2212,2174,0,0,0,1.0,1,1.0,1,1.0,1,0.3066578850508411,29
2736,0,4386,2212,2174,0,0,0,1.0,1,1.0,1,1.0,1,0.3201836187024547,30
2737,1,4387,2212,2175,0,0,0,1.0,1,1.0,1,1.0,1,0.3121587933722817,30
2738,1,4388,2213,2175,0,0,0,1.0,1,1.0,1,1.0,1,0.3404515674962816,29
2739,0,4388,2213,2175,0,0,0,1.0,1,1.0,1,1.0,1,0.342768636178285,30
2740,1,4389,2214,2175,0,0,0,1.0,1,1.0,1,1.0,1,0.36864906109090034,29
2741,3,4392,2216,2176,0,0,0,1.0,1,1.0,1,1.0,1,0.32634557653397084,29
2742,1,4393,2217,2176,0,0,0,1.0,1,1.0,1,1.0,1,0.35000627643541204,29
2743,3,4396,2218,2178,0,0,0,1.0,1,1.0,1,1.0,1,0.39486057940881175,30
2744,2,4398,2220,2178,0,0,0,1.0,1,1.0,1,1.0,1,0.4821746763949405,28
2745,1,4399,2220,2179,0,0,0,1.0,1,1.0,1,1.0,1,0.4089316774153178,27
2746,1,4400,2221,2179,0,0,0,1.0,1,1.0,1,1.0,1,0.4292168550491918,26
2747,3,4403,2223,2180,0,0,0,1.0,1,1.0,1,1.0,1,0.48741013655907006,22
2748,1,4404,2223,2181,0,0,0,1.0,1,1.0,1,1.0,1,0.44716727040577603,22
2749,1,4405,2223,2182,0,0,0,1.0,1,1.0,1,1.0,1,0.47505918040248635,20
2750,1,4406,2223,2183,0,0,0,1.0,1,1.0,1,1.0,1,0.47618008378257326,17
2751,0,4406,2223,2183,0,0,0,1.0,1,1.0,1,1.0,1,0.47618008378257326,17
2752,0,4406,2223,2183,0,0,0,1.0,1,1.0,1,1.0,1,0.44597105459943454,16
2753,1,4407,2223,2184,0,0,0,1.0,1,1.0,1,1.0,1,0.38896153596599736,16
2754,1,4408,2224,2184,0,0,0,1.0,1,1.0,1,1.0,1,0.433962397462993,16
2755,1,4409,2225,2184,0,0,0,1.0,1,1.0,1,1.0,1,0.5198101712454748,16
2756,1,4410,2225,2185,0,0,0,1.0,1,1.0,1,1.0,1,0.5084595578826252,17
2757,3,4413,2225,2188,0,0,0,1.0,1,1.0,1,1.0,1,0.37399207670235696,18
2758,0,4413,2225,2188,0,0,0,1.0,1,1.0,1,1.0,1,0.37399207670235696,18
2759,0,4413,2225,2188,0,0,0,1.0,1,1.0,1,1.0,1,0.39402075106645895,19
2760,0,4413,2225,2188,0,0,0,1.0,1,1.0,1,1.0,1,0.3702510225421401,18
2761,0,4413,2225,2188,0,0,0,1.0,1,1.0,1,1.0,1,0.3702510225421401,18
2762,0,4413,2225,2188,0,0,0,1.0,1,1.0,1,1.0,1,0.3702510225421401,18
2763,0,4413,2225,2188,0,0,0,1.0,1,1.0,1,1.0,1,0.3702510225421401,18
2764,0,4413,2225,2188,0,0,0,1.0,1,1.0,1,1.0,1,0.3702510225421401,18
2765,1,4414,2226,2188,0,0,0,1.0,1,1.0,1,1.0,1,0.39427054975367126,18
2766,0,4414,2226,2188,0,0,0,1.0,1,1.0,1,1.0,1,0.39427054975367126,18
2767,0,4414,2226,2188,0,0,0,1.0,1,1.0,1,1.0,1,0.440807226555532,17
2768,0,4414,2226,2188,0,0,0,1.0,1,1.0,1,1.0,1,0.440807226555532,17
2769,0,4414,2226,2188,0,0,0,1.0,1,1.0,1,1.0,1,0.440807226555532,17
2770,0,4414,2226,2188,0,0,0,1.0,1,1.0,1,1.0,1,0.440807226555532,17
2771,0,4414,2226,2188,0,0,0,1.0,1,1.0,1,1.0,1,0.440807226555532,17
2772,0,4414,2226,2188,0,0,0,1.0,1,1.0,1,1.0,1,0.440807226555532,17
2773,1,4415,2227,2188,0,0,0,1.0,1,1.0,1,1.0,1,0.5205726632645354,17
2774,1,4416,2227,2189,0,0,0,1.0,1,1.0,1,1.0,1,0.4425965581646992,18
2775,2,4418,2229,2189,0,0,0,1.0,1,1.0,1,1.0,1,0.42757367344306096,20
2776,0,4418,2229,2189,0,0,0,1.0,1,1.0,1,1.0,1,0.404134144457681,21
2777,1,4419,2230,2189,0,0,0,1.0,1,1.0,1,1.0,1,0.4229448656551548,21
2778,2,4421,2231,2190,0,0,0,1.0,1,1.0,1,1.0,1,0.39333444305301785,21
2779,1,4422,2232,2190,0,0,0,1.0,1,1.0,1,1.0,1,0.36860778477031475,22
2780,2,4424,2233,2191,0,0,0,1.0,1,1.0,1,1.0,1,0.3960387866646427,22
2781,0,4424,2233,2191,0,0,0,1.0,1,1.0,1,1.0,1,0.3960387866646427,22
2782,2,4426,2234,2192,0,0,0,1.0,1,1.0,1,1.0,1,0.3449231755622655,23
2783,1,4427,2235,2192,0,0,0,1.0,1,1.0,1,1.0,1,0.35729452980900445,22
2784,1,4428,2236,2192,0,0,0,1.0,1,1.0,1,1.0,1,0.390328338364154,21
2785,1,4429,2236,2193,0,0,0,1.0,1,1.0,1,1.0,1,0.31130321149069345,19
2786,1,4430,2237,2193,0,0,0,1.0,1,1.0,1,1.0,1,0.3468425058199449,19
2787,0,4430,2237,2193,0,0,0,1.0,1,1.0,1,1.0,1,0.3249714044420424,20
2788,0,4430,2237,2193,0,0,0,1.0,1,1.0,1,1.0,1,0.3249714044420424,20
2789,0,4430,2237,2193,0,0,0,1.0,1,1.0,1,1.0,1,0.32995906004924924,19
2790,0,4430,2237,2193,0,0,0,1.0,1,1.0,1,1.0,1,0.32598913346383174,20
2791,1,4431,2238,2193,0,0,0,1.0,1,1.0,1,1.0,1,0.38290076570780673,20
2792,1,4432,2238,2194,0,0,0,1.0,1,1.0,1,1.0,1,0.32598913346383174,20
2793,0,4432,2238,2194,0,0,0,1.0,1,1.0,1,1.0,1,0.3584944326706162,19
2794,0,4432,2238,2194,0,0,0,1.0,1,1.0,1,1.0,1,0.37841741304021165,20
2795,0,4432,2238,2194,0,0,0,1.0,1,1.0,1,1.0,1,0.38847296348404436,21
2796,0,4432,2238,2194,0,0,0,1.0,1,1.0,1,1.0,1,0.37639874960623104,22
2797,1,4433,2238,2195,0,0,0,1.0,1,1.0,1,1.0,1,0.379928077660556,21
2798,1,4434,2239,2195,0,0,0,1.0,1,1.0,1,1.0,1,0.44596747537287595,21
2799,0,4434,2239,2195,0,0,0,1.0,1,1.0,1,1.0,1,0.4273626418809744,20
2800,0,4434,2239,2195,0,0,0,1.0,1,1.0,1,1.0,1,0.4273626418809744,20
2801,0,4434,2239,2195,0,0,0,1.0,1,1.0,1,1.0,1,0.4273626418809744,20
2802,1,4435,2239,2196,0,0,0,1.0,1,1.0,1,1.0,1,0.37458016543789874,20
2803,1,4436,2239,2197,0,0,0,1.0,1,1.0,1,1.0,1,0.33954214723881027,21
2804,1,4437,2239,2198,0,0,0,1.0,1,1.0,1,1.0,1,0.31392745516814213,22
2805,1,4438,2240,2198,0,0,0,1.0,1,1.0,1,1.0,1,0.3103364335048269,22
2806,1,4439,2240,2199,0,0,0,1.0,1,1.0,1,1.0,1,0.2494428280215158,23
2807,3,4442,2243,2199,0,0,0,1.0,1,1.0,1,1.0,1,0.3600051597507095,24
2808,2,4444,2245,2199,0,0,0,1.0,1,1.0,1,1.0,1,0.38824517016361054,24
2809,4,4448,2245,2203,0,0,0,1.0,1,1.0,1,1.0,1,0.24045328993303336,26
2810,1,4449,2245,2204,0,0,0,1.0,1,1.0,1,1.0,1,0.15534967182728168,26
2811,0,4449,2245,2204,0,0,0,1.0,1,1.0,1,1.0,1,0.17115658030216696,27
2812,0,4449,2245,2204,0,0,0,1.0,1,1.0,1,1.0,1,0.17115658030216696,27
2813,0,4449,2245,2204,0,0,0,1.0,1,1.0,1,1.0,1,0.15952109321528699,28
2814,1,4450,2246,2204,0,0,0,1.0,1,1.0,1,1.0,1,0.2364166095731695,29
2815,0,4450,2246,2204,0,0,0,1.0,1,1.0,1,1.0,1,0.2412316912638834,30
2816,1,4451,2247,2204,0,0,0,1.0,1,1.0,1,1.0,1,0.2164627696731918,31
2817,0,4451,2247,2204,0,0,0,1.0,1,1.0,1,1.0,1,0.2164627696731918,31
2818,2,4453,2248,2205,0,0,0,1.0,1,1.0,1,1.0,1,0.21479714598550112,32
2819,0,4453,2248,2205,0,0,0,1.0,1,1.0,1,1.0,1,0.21479714598550112,32
2820,0,4453,2248,2205,0,0,0,1.0,1,1.0,1,1.0,1,0.2254420833128373,33
2821,0,4453,2248,2205,0,0,0,1.0,1,1.0,1,1.0,1,0.2449347915720271,34
2822,1,4454,2249,2205,0,0,0,1.0,1,1.0,1,1.0,1,0.2384332147571629,35
2823,1,4455,2250,2205,0,0,0,1.0,1,1.0,1,1.0,1,0.25303981739974424,31
2824,3,4458,2252,2206,0,0,0,1.0,1,1.0,1,1.0,1,0.35143218129109594,33
2825,1,4459,2252,2207,0,0,0,1.0,1,1.0,1,1.0,1,0.2915609530755349,31
2826,1,4460,2253,2207,0,0,0,1.0,1,1.0,1,1.0,1,0.3450197793714802,31
2827,4,4464,2255,2209,0,0,0,1.0,1,1.0,1,1.0,1,0.27692996410988086,32
2828,2,4466,2256,2210,0,0,0,1.0,1,1.0,1,1.0,1,0.33717696970344135,33
2829,5,4471,2257,2214,0,0,0,1.0,1,1.0,1,1.0,1,0.24368712850158059,33
2830,0,4471,2257,2214,0,0,0,1.0,1,1.0,1,1.0,1,0.23095676744483026,32
2831,2,4473,2258,2215,0,0,0,1.0,1,1.0,1,1.0,1,0.2120044860397969,31
2832,2,4475,2259,2216,0,0,0,1.0,1,1.0,1,1.0,1,0.1920050527955486,30
2833,2,4477,2261,2216,0,0,0,1.0,1,1.0,1,1.0,1,0.25759507829592976,29
2834,3,4480,2264,2216,0,0,0,1.0,1,1.0,1,1.0,1,0.31333097230005946,29
2835,5,4485,2266,2219,0,0,0,1.0,1,1.0,1,1.0,1,0.33573270739295363,27
2836,0,4485,2266,2219,0,0,0,1.0,1,1.0,1,1.0,1,0.3125905676562016,27
2837,1,4486,2266,2220,0,0,0,1.0,1,1.0,1,1.0,1,0.27378462545289484,28
2838,0,4486,2266,2220,0,0,0,1.0,1,1.0,1,1.0,1,0.2981963013460296,29
2839,0,4486,2266,2220,0,0,0,1.0,1,1.0,1,1.0,1,0.2953726229812451,29
2840,1,4487,2267,2220,0,0,0,1.0,1,1.0,1,1.0,1,0.2685761531710251,29
2841,1,4488,2268,2220,0,0,0,1.0,1,1.0,1,1.0,1,0.2911475468082285,31
2842,1,4489,2268,2221,0,0,0,1.0,1,1.0,1,1.0,1,0.25299797497516513,32
2843,0,4489,2268,2221,0,0,0,1.0,1,1.0,1,1.0,1,0.25299797497516513,32
2844,2,4491,2268,2223,0,0,0,1.0,1,1.0,1,1.0,1,0.2002358468514662,33
2845,2,4493,2270,2223,0,0,0,1.0,1,1.0,1,1.0,1,0.2108849615150173,34
2846,1,4494,2271,2223,0,0,0,1.0,1,1.0,1,1.0,1,0.2169555265167899,34
2847,1,4495,2272,2223,0,0,0,1.0,1,1.0,1,1.0,1,0.21246542706681643,35
2848,1,4496,2273,2223,0,0,0,1.0,1,1.0,1,1.0,1,0.2582868357587403,37
2849,1,4497,2274,2223,0,0,0,1.0,1,1.0,1,1.0,1,0.3026847544153167,37
2850,2,4499,2275,2224,0,0,0,1.0,1,1.0,1,1.0,1,0.2692365073543526,37
2851,1,4500,2276,2224,0,0,0,1.0,1,1.0,1,1.0,1,0.3021379591806122,38
2852,0,4500,2276,2224,0,0,0,1.0,1,1.0,1,1.0,1,0.30161727123673376,36
2853,3,4503,2276,2227,0,0,0,1.0,1,1.0,1,1.0,1,0.26186019191539534,36
2854,1,4504,2276,2228,0,0,0,1.0,1,1.0,1,1.0,1,0.26615172532934284,37
2855,1,4505,2276,2229,0,0,0,1.0,1,1.0,1,1.0,1,0.27154395154372735,37
2856,0,4505,2276,2229,0,0,0,1.0,1,1.0,1,1.0,1,0.2730919148443577,38
2857,3,4508,2278,2230,0,0,0,1.0,1,1.0,1,1.0,1,0.26142496062414655,39
2858,3,4511,2278,2233,0,0,0,1.0,1,1.0,1,1.0,1,0.1967398827325329,39
2859,0,4511,2278,2233,0,0,0,1.0,1,1.0,1,1.0,1,0.1967398827325329,39
2860,3,4514,2281,2233,0,0,0,1.0,1,1.0,1,1.0,1,0.23887791895927607,40
2861,2,4516,2282,2234,0,0,0,1.0,1,1.0,1,1.0,1,0.16429734708983182,38
2862,6,4522,2288,2234,0,0,0,1.0,1,1.0,1,1.0,1,0.21455531182630092,38
2863,2,4524,2289,2235,0,0,0,1.0,1,1.0,1,1.0,1,0.1950268000384303,37
2864,3,4527,2292,2235,0,0,0,1.0,1,1.0,1,1.0,1,0.21940517596082854,35
2865,1,4528,2293,2235,0,0,0,1.0,1,1.0,1,1.0,1,0.2490364713864768,33
2866,3,4531,2295,2236,0,0,0,1.0,1,1.0,1,1.0,1,0.25761513835813726,31
2867,2,4533,2296,2237,0,0,0,1.0,1,1.0,1,1.0,1,0.27463132175405,30
2868,1,4534,2297,2237,0,0,0,1.0,1,1.0,1,1.0,1,0.3002169185817406,31
2869,6,4540,2299,2241,0,0,0,1.0,1,1.0,1,1.0,1,0.2779598818418879,30
2870,0,4540,2299,2241,0,0,0,1.0,1,1.0,1,1.0,1,0.3094000065087942,26
2871,1,4541,2300,2241,0,0,0,1.0,1,1.0,1,1.0,1,0.3604820661666104,27
2872,0,4541,2300,2241,0,0,0,1.0,1,1.0,1,1.0,1,0.3409325799685976,25
2873,0,4541,2300,2241,0,0,0,1.0,1,1.0,1,1.0,1,0.3287393021239912,24
2874,0,4541,2300,2241,0,0,0,1.0,1,1.0,1,1.0,1,0.28727067589888045,25
2875,1,4542,2301,2241,0,0,0,1.0,1,1.0,1,1.0,1,0.3249932141692874,26
2876,3,4545,2302,2243,0,0,0,1.0,1,1.0,1,1.0,1,0.3313960782030343,28
2877,1,4546,2302,2244,0,0,0,1.0,1,1.0,1,1.0,1,0.31324778841586437,29
2878,1,4547,2302,2245,0,0,0,1.0,1,1.0,1,1.0,1,0.2584718901153805,31
2879,0,4547,2302,2245,0,0,0,1.0,1,1.0,1,1.0,1,0.2584718901153805,31
2880,0,4547,2302,2245,0,0,0,1.0,1,1.0,1,1.0,1,0.25949766288067744,32
2881,1,4548,2302,2246,0,0,0,1.0,1,1.0,1,1.0,1,0.25754988102799836,31
2882,0,4548,2302,2246,0,0,0,1.0,1,1.0,1,1.0,1,0.25754988102799836,31
2883,1,4549,2302,2247,0,0,0,1.0,1,1.0,1,1.0,1,0.26625426212257547,32
2884,2,4551,2303,2248,0,0,0,1.0,1,1.0,1,1.0,1,0.25814203073183223,32
2885,2,4553,2304,2249,0,0,0,1.0,1,1.0,1,1.0,1,0.23450104950597872,33
2886,2,4555,2306,2249,0,0,0,1.0,1,1.0,1,1.0,1,0.2267833174031836,34
2887,1,4556,2306,2250,0,0,0,1.0,1,1.0,1,1.0,1,0.21777147581374098,34
2888,1,4557,2307,2250,0,0,0,1.0,1,1.0,1,1.0,1,0.219730717060281,34
2889,3,4560,2308,2252,0,0,0,1.0,1,1.0,1,1.0,1,0.22244377655052083,37
2890,1,4561,2308,2253,0,0,0,1.0,1,1.0,1,1.0,1,0.2053286546027472,37
2891,2,4563,2310,2253,0,0,0,1.0,1,1.0,1,1.0,1,0.25026855122393854,37
2892,0,4563,2310,2253,0,0,0,1.0,1,1.0,1,1.0,1,0.25026855122393854,37
2893,1,4564,2311,2253,0,0,0,1.0,1,1.0,1,1.0,1,0.2781033017028062,38
2894,3,4567,2311,2256,0,0,0,1.0,1,1.0,1,1.0,1,0.21778564248664145,39
2895,1,4568,2312,2256,0,0,0,1.0,1,1.0,1,1.0,1,0.21079251304027194,40
2896,3,4571,2314,2257,0,0,0,1.0,1,1.0,1,1.0,1,0.24430231257932877,41
2897,3,4574,2315,2259,0,0,0,1.0,1,1.0,1,1.0,1,0.19624783524211717,41
2898,3,4577,2317,2260,0,0,0,1.0,1,1.0,1,1.0,1,0.20892138019826942,41
2899,0,4577,2317,2260,0,0,0,1.0,1,1.0,1,1.0,1,0.20210169407846595,39
2900,3,4580,2319,2261,0,0,0,1.0,1,1.0,1,1.0,1,0.28442546225766946,40
2901,0,4580,2319,2261,0,0,0,1.0,1,1.0,1,1.0,1,0.24522839142678737,40
2902,1,4581,2320,2261,0,0,0,1.0,1,1.0,1,1.0,1,0.23697187170018003,38
2903,0,4581,2320,2261,0,0,0,1.0,1,1.0,1,1.0,1,0.19731441557426213,36
2904,1,4582,2321,2261,0,0,0,1.0,1,1.0,1,1.0,1,0.272995742188375,36
2905,1,4583,2322,2261,0,0,0,1.0,1,1.0,1,1.0,1,0.2714807387421457,35
2906,1,4584,2322,2262,0,0,0,1.0,1,1.0,1,1.0,1,0.27231290577461004,36
2907,0,4584,2322,2262,0,0,0,1.0,1,1.0,1,1.0,1,0.2889894119879424,37
2908,2,4586,2323,2263,0,0,0,1.0,1,1.0,1,1.0,1,0.3159510936017189,38
2909,2,4588,2323,2265,0,0,0,1.0,1,1.0,1,1.0,1,0.2617259737495165,37
2910,2,4590,2324,2266,0,0,0,1.0,1,1.0,1,1.0,1,0.25337378482552586,37
2911,0,4590,2324,2266,0,0,0,1.0,1,1.0,1,1.0,1,0.3028076538629316,36
2912,4,4594,2327,2267,0,0,0,1.0,1,1.0,1,1.0,1,0.33019365369627585,36
2913,1,4595,2328,2267,0,0,0,1.0,1,1.0,1,1.0,1,0.31536428121047827,36
2914,0,4595,2328,2267,0,0,0,1.0,1,1.0,1,1.0,1,0.32546539370267713,38
2915,0,4595,2328,2267,0,0,0,1.0,1,1.0,1,1.0,1,0.32218698941730395,37
2916,0,4595,2328,2267,0,0,0,1.0,1,1.0,1,1.0,1,0.3365218194922066,39
2917,6,4601,2330,2271,0,0,0,1.0,1,1.0,1,1.0,1,0.2728253374501188,40
2918,4,4605,2333,2272,0,0,0,1.0,1,1.0,1,1.0,1,0.26391625972867955,40
2919,2,4607,2334,2273,0,0,0,1.0,1,1.0,1,1.0,1,0.2370837738381336,42
2920,0,4607,2334,2273,0,0,0,1.0,1,1.0,1,1.0,1,0.2370837738381336,42
2921,1,4608,2334,2274,0,0,0,1.0,1,1.0,1,1.0,1,0.2203425062568425,42
2922,0,4608,2334,2274,0,0,0,1.0,1,1.0,1,1.0,1,0.20354489268090625,43
2923,2,4610,2334,2276,0,0,0,1.0,1,1.0,1,1.0,1,0.16448611923029513,45
2924,1,4611,2335,2276,0,0,0,1.0,1,1.0,1,1.0,1,0.16606786611955526,46
2925,0,4611,2335,2276,0,0,0,1.0,1,1.0,1,1.0,1,0.16606786611955526,46
2926,0,4611,2335,2276,0,0,0,1.0,1,1.0,1,1.0,1,0.16606786611955526,46
2927,1,4612,2336,2276,0,0,0,1.0,1,1.0,1,1.0,1,0.16199432961568372,48
2928,2,4614,2338,2276,0,0,0,1.0,1,1.0,1,1.0,1,0.19885764128429986,48
2929,0,4614,2338,2276,0,0,0,1.0,1,1.0,1,1.0,1,0.19885764128429986,48
2930,1,4615,2338,2277,0,0,0,1.0,1,1.0,1,1.0,1,0.20605147075998223,50
2931,1,4616,2339,2277,0,0,0,1.0,1,1.0,1,1.0,1,0.23649990484839645,51
2932,1,4617,2339,2278,0,0,0,1.0,1,1.0,1,1.0,1,0.2407007737936472,52
2933,0,4617,2339,2278,0,0,0,1.0,1,1.0,1,1.0,1,0.24700496261148866,53
2934,6,4623,2341,2282,0,0,0,1.0,1,1.0,1,1.0,1,0.2412030636385381,54
2935,1,4624,2341,2283,0,0,0,1.0,1,1.0,1,1.0,1,0.25045873052149803,53
2936,1,4625,2341,2284,0,0,0,1.0,1,1.0,1,1.0,1,0.2382397544844661,53
2937,1,4626,2342,2284,0,0,0,1.0,1,1.0,1,1.0,1,0.23844039509203516,51
2938,4,4630,2344,2286,0,0,0,1.0,1,1.0,1,1.0,1,0.2731825242567058,53
2939,0,4630,2344,2286,0,0,0,1.0,1,1.0,1,1.0,1,0.28953587825334365,52
2940,1,4631,2345,2286,0,0,0,1.0,1,1.0,1,1.0,1,0.3304972771597497,52
2941,3,4634,2346,2288,0,0,0,1.0,1,1.0,1,1.0,1,0.2808896973693922,50
2942,1,4635,2346,2289,0,0,0,1.0,1,1.0,1,1.0,1,0.2748158238137152,50
2943,3,4638,2347,2291,0,0,0,1.0,1,1.0,1,1.0,1,0.2386161404284533,49
2944,3,4641,2348,2293,0,0,0,1.0,1,1.0,1,1.0,1,0.2176962743230895,48
2945,3,4644,2349,2295,0,0,0,1.0,1,1.0,1,1.0,1,0.19761950385771232,48
2946,2,4646,2351,2295,0,0,0,1.0,1,1.0,1,1.0,1,0.1920160988897013,47
2947,1,4647,2351,2296,0,0,0,1.0,1,1.0,1,1.0,1,0.1568328876705916,47
2948,3,4650,2352,2298,0,0,0,1.0,1,1.0,1,1.0,1,0.1414727173228348,48
2949,2,4652,2352,2300,0,0,0,1.0,1,1.0,1,1.0,1,0.08809750158914086,48
2950,1,4653,2353,2300,0,0,0,1.0,1,1.0,1,1.0,1,0.11053320187110233,48
2951,0,4653,2353,2300,0,0,0,1.0,1,1.0,1,1.0,1,0.1351936044138294,50
2952,0,4653,2353,2300,0,0,0,1.0,1,1.0,1,1.0,1,0.1351936044138294,50
2953,0,4653,2353,2300,0,0,0,1.0,1,1.0,1,1.0,1,0.17105622928306444,51
2954,0,4653,2353,2300,0,0,0,1.0,1,1.0,1,1.0,1,0.17105622928306444,51
2955,0,4653,2353,2300,0,0,0,1.0,1,1.0,1,1.0,1,0.17105622928306444,51
2956,0,4653,2353,2300,0,0,0,1.0,1,1.0,1,1.0,1,0.17105622928306444,51
2957,0,4653,2353,2300,0,0,0,1.0,1,1.0,1,1.0,1,0.18268905200379593,52
2958,1,4654,2353,2301,0,0,0,1.0,1,1.0,1,1.0,1,0.17146302568221977,52
2959,2,4656,2354,2302,0,0,0,1.0,1,1.0,1,1.0,1,0.17470209651992885,53
2960,0,4656,2354,2302,0,0,0,1.0,1,1.0,1,1.0,1,0.1661326706734386,52
2961,0,4656,2354,2302,0,0,0,1.0,1,1.0,1,1.0,1,0.16933064970834028,53
2962,0,4656,2354,2302,0,0,0,1.0,1,1.0,1,1.0,1,0.187542402922844,54
2963,4,4660,2356,2304,0,0,0,1.0,1,1.0,1,1.0,1,0.1952340143427428,55
2964,4,4664,2356,2308,0,0,0,1.0,1,1.0,1,1.0,1,0.17521677685259437,55
2965,1,4665,2356,2309,0,0,0,1.0,1,1.0,1,1.0,1,0.16249905759033967,55
2966,0,4665,2356,2309,0,0,0,1.0,1,1.0,1,1.0,1,0.16249905759033967,55
2967,2,4667,2356,2311,0,0,0,1.0,1,1.0,1,1.0,1,0.1639144941453786,56
2968,0,4667,2356,2311,0,0,0,1.0,1,1.0,1,1.0,1,0.1639144941453786,56
2969,1,4668,2356,2312,0,0,0,1.0,1,1.0,1,1.0,1,0.16679760098202087,55
2970,0,4668,2356,2312,0,0,0,1.0,1,1.0,1,1.0,1,0.18321281789006819,57
2971,2,4670,2358,2312,0,0,0,1.0,1,1.0,1,1.0,1,0.1776759384903029,56
2972,2,4672,2359,2313,0,0,0,1.0,1,1.0,1,1.0,1,0.19120386302191447,57
2973,4,4676,2361,2315,0,0,0,1.0,1,1.0,1,1.0,1,0.18676406626709122,59
2974,2,4678,2362,2316,0,0,0,1.0,1,1.0,1,1.0,1,0.18328310538235895,60
2975,2,4680,2364,2316,0,0,0,1.0,1,1.0,1,1.0,1,0.21521177239818065,58
2976,3,4683,2365,2318,0,0,0,1.0,1,1.0,1,1.0,1,0.20413094222178688,59
2977,6,4689,2366,2323,0,0,0,1.0,1,1.0,1,1.0,1,0.1813030464176623,59
2978,2,4691,2368,2323,0,0,0,1.0,1,1.0,1,1.0,1,0.1852596720344539,58
2979,1,4692,2369,2323,0,0,0,1.0,1,1.0,1,1.0,1,0.19926245019315347,57
2980,2,4694,2371,2323,0,0,0,1.0,1,1.0,1,1.0,1,0.19898360631050016,56
2981,2,4696,2372,2324,0,0,0,1.0,1,1.0,1,1.0,1,0.2010626463681026,56
2982,1,4697,2372,2325,0,0,0,1.0,1,1.0,1,1.0,1,0.1960176853606437,57
2983,5,4702,2375,2327,0,0,0,1.0,1,1.0,1,1.0,1,0.22554672835546397,57
2984,0,4702,2375,2327,0,0,0,1.0,1,1.0,1,1.0,1,0.22157981153040987,56
2985,6,4708,2375,2333,0,0,0,1.0,1,1.0,1,1.0,1,0.17959506531735517,55
2986,4,4712,2379,2333,0,0,0,1.0,1,1.0,1,1.0,1,0.20959397407082583,55
2987,0,4712,2379,2333,0,0,0,1.0,1,1.0,1,1.0,1,0.2527292148668756,51
2988,1,4713,2379,2334,0,0,0,1.0,1,1.0,1,1.0,1,0.237372923237512,52
2989,2,4715,2379,2336,0,0,0,1.0,1,1.0,1,1.0,1,0.21557508395257854,50
2990,3,4718,2381,2337,0,0,0,1.0,1,1.0,1,1.0,1,0.1983509803897659,50
2991,0,4718,2381,2337,0,0,0,1.0,1,1.0,1,1.0,1,0.20409889957896343,50
2992,0,4718,2381,2337,0,0,0,1.0,1,1.0,1,1.0,1,0.20409889957896343,50
2993,3,4721,2381,2340,0,0,0,1.0,1,1.0,1,1.0,1,0.19206979985488828,51
2994,2,4723,2383,2340,0,0,0,1.0,1,1.0,1,1.0,1,0.21494738021209467,51
2995,0,4723,2383,2340,0,0,0,1.0,1,1.0,1,1.0,1,0.2292180813486797,51
2996,1,4724,2384,2340,0,0,0,1.0,1,1.0,1,1.0,1,0.2537719101858636,52
2997,0,4724,2384,2340,0,0,0,1.0,1,1.0,1,1.0,1,0.27246445712808026,52
2998,3,4727,2387,2340,0,0,0,1.0,1,1.0,1,1.0,1,0.2783060689693395,51
2999,1,4728,2387,2341,0,0,0,1.0,1,1.0,1,1.0,1,0.2649257325481482,51
3000,2,4730,2389,2341,0,0,0,1.0,1,1.0,1,1.0,1,0.25140387487091237,52
3001,0,4730,2389,2341,0,0,0,1.0,1,1.0,1,1.0,1,0.25140387487091237,52
3002,1,4731,2389,2342,0,0,0,1.0,1,1.0,1,1.0,1,0.2560425128033015,53
3003,1,4732,2389,2343,0,0,0,1.0,1,1.0,1,1.0,1,0.23462013277677515,54
3004,0,4732,2389,2343,0,0,0,1.0,1,1.0,1,1.0,1,0.24231478523744748,55
3005,3,4735,2389,2346,0,0,0,1.0,1,1.0,1,1.0,1,0.22283097058653822,56
3006,1,4736,2389,2347,0,0,0,1.0,1,1.0,1,1.0,1,0.2101189862606881,57
3007,0,4736,2389,2347,0,0,0,1.0,1,1.0,1,1.0,1,0.21565883137591557,58
3008,2,4738,2390,2348,0,0,0,1.0,1,1.0,1,1.0,1,0.20892975007716583,59
3009,0,4738,2390,2348,0,0,0,1.0,1,1.0,1,1.0,1,0.20892975007716583,59
3010,1,4739,2390,2349,0,0,0,1.0,1,1.0,1,1.0,1,0.18484284581559995,59
3011,2,4741,2391,2350,0,0,0,1.0,1,1.0,1,1.0,1,0.17912224368204666,59
3012,1,4742,2391,2351,0,0,0,1.0,1,1.0,1,1.0,1,0.16941366327311477,61
3013,0,4742,2391,2351,0,0,0,1.0,1,1.0,1,1.0,1,0.16753805892203383,59
3014,1,4743,2392,2351,0,0,0,1.0,1,1.0,1,1.0,1,0.18389702748382472,60
3015,2,4745,2393,2352,0,0,0,1.0,1,1.0,1,1.0,1,0.23398117669485455,58
3016,0,4745,2393,2352,0,0,0,1.0,1,1.0,1,1.0,1,0.22610185284741427,57
3017,3,4748,2396,2352,0,0,0,1.0,1,1.0,1,1.0,1,0.24519713071449006,58
3018,0,4748,2396,2352,0,0,0,1.0,1,1.0,1,1.0,1,0.2970954372928909,55
3019,1,4749,2396,2353,0,0,0,1.0,1,1.0,1,1.0,1,0.2977739738262611,56
3020,3,4752,2397,2355,0,0,0,1.0,1,1.0,1,1.0,1,0.2935470798440313,55
3021,3,4755,2398,2357,0,0,0,1.0,1,1.0,1,1.0,1,0.2655091393897741,55
3022,6,4761,2401,2360,0,0,0,1.0,1,1.0,1,1.0,1,0.2587188979664395,55
3023,3,4764,2403,2361,0,0,0,1.0,1,1.0,1,1.0,1,0.23198174634109953,54
3024,1,4765,2404,2361,0,0,0,1.0,1,1.0,1,1.0,1,0.24713236146546397,54
3025,4,4769,2406,2363,0,0,0,1.0,1,1.0,1,1.0,1,0.20769767092026975,54
3026,0,4769,2406,2363,0,0,0,1.0,1,1.0,1,1.0,1,0.1864315586256496,53
3027,2,4771,2408,2363,0,0,0,1.0,1,1.0,1,1.0,1,0.1723053767643098,53
3028,3,4774,2410,2364,0,0,0,1.0,1,1.0,1,1.0,1,0.15431527762283462,51
3029,2,4776,2411,2365,0,0,0,1.0,1,1.0,1,1.0,1,0.17842630678519505,51
3030,2,4778,2413,2365,0,0,0,1.0,1,1.0,1,1.0,1,0.22502892215717932,52
3031,4,4782,2416,2366,0,0,0,1.0,1,1.0,1,1.0,1,0.2198662768458744,51
3032,0,4782,2416,2366,0,0,0,1.0,1,1.0,1,1.0,1,0.20831054613993252,50
3033,2,4784,2417,2367,0,0,0,1.0,1,1.0,1,1.0,1,0.18474732689671736,52
3034,0,4784,2417,2367,0,0,0,1.0,1,1.0,1,1.0,1,0.1964944472330723,51
3035,0,4784,2417,2367,0,0,0,1.0,1,1.0,1,1.0,1,0.19480203298428522,51
3036,2,4786,2417,2369,0,0,0,1.0,1,1.0,1,1.0,1,0.17371728877504694,53
3037,1,4787,2417,2370,0,0,0,1.0,1,1.0,1,1.0,1,0.17775789228515043,52
3038,0,4787,2417,2370,0,0,0,1.0,1,1.0,1,1.0,1,0.17775789228515043,52
3039,0,4787,2417,2370,0,0,0,1.0,1,1.0,1,1.0,1,0.16616966927114077,54
3040,1,4788,2418,2370,0,0,0,1.0,1,1.0,1,1.0,1,0.14594142902357052,55
3041,1,4789,2418,2371,0,0,0,1.0,1,1.0,1,1.0,1,0.1472154189387055,56
3042,1,4790,2419,2371,0,0,0,1.0,1,1.0,1,1.0,1,0.16447868581665998,56
3043,0,4790,2419,2371,0,0,0,1.0,1,1.0,1,1.0,1,0.1546541666683186,57
3044,3,4793,2422,2371,0,0,0,1.0,1,1.0,1,1.0,1,0.19115682171245527,57
3045,2,4795,2422,2373,0,0,0,1.0,1,1.0,1,1.0,1,0.1795368441927931,56
3046,2,4797,2424,2373,0,0,0,1.0,1,1.0,1,1.0,1,0.19573045971640585,57
3047,0,4797,2424,2373,0,0,0,1.0,1,1.0,1,1.0,1,0.2130126309684978,56
3048,5,4802,2425,2377,0,0,0,1.0,1,1.0,1,1.0,1,0.1807587035919464,58
3049,5,4807,2426,2381,0,0,0,1.0,1,1.0,1,1.0,1,0.1892751176760494,59
3050,2,4809,2426,2383,0,0,0,1.0,1,1.0,1,1.0,1,0.16839878163584399,60
3051,2,4811,2428,2383,0,0,0,1.0,1,1.0,1,1.0,1,0.21507112392637986,59
3052,1,4812,2429,2383,0,0,0,1.0,1,1.0,1,1.0,1,0.20808494497554786,58
3053,4,4816,2431,2385,0,0,0,1.0,1,1.0,1,1.0,1,0.22429250378396418,57
3054,3,4819,2434,2385,0,0,0,1.0,1,1.0,1,1.0,1,0.2992740203803368,55
3055,1,4820,2435,2385,0,0,0,1.0,1,1.0,1,1.0,1,0.3055570440397795,54
3056,2,4822,2436,2386,0,0,0,1.0,1,1.0,1,1.0,1,0.30444889165095845,55
3057,2,4824,2436,2388,0,0,0,1.0,1,1.0,1,1.0,1,0.2798134438885751,54
3058,2,4826,2437,2389,0,0,0,1.0,1,1.0,1,1.0,1,0.2798011853593459,55
3059,3,4829,2437,2392,0,0,0,1.0,1,1.0,1,1.0,1,0.24827672367710288,56
3060,0,4829,2437,2392,0,0,0,1.0,1,1.0,1,1.0,1,0.24827672367710288,56
3061,1,4830,2438,2392,0,0,0,1.0,1,1.0,1,1.0,1,0.2586766702454329,56
3062,4,4834,2440,2394,0,0,0,1.0,1,1.0,1,1.0,1,0.25613588269828114,57
3063,2,4836,2441,2395,0,0,0,1.0,1,1.0,1,1.0,1,0.22751524539342358,55
3064,4,4840,2444,2396,0,0,0,1.0,1,1.0,1,1.0,1,0.2712833754305891,56
3065,3,4843,2446,2397,0,0,0,1.0,1,1.0,1,1.0,1,0.2627720204340572,55
3066,2,4845,2447,2398,0,0,0,1.0,1,1.0,1,1.0,1,0.269972384296255,55
3067,2,4847,2448,2399,0,0,0,1.0,1,1.0,1,1.0,1,0.2640152196446552,54
3068,5,4852,2450,2402,0,0,0,1.0,1,1.0,1,1.0,1,0.2569143984141202,53
3069,2,4854,2451,2403,0,0,0,1.0,1,1.0,1,1.0,1,0.21796293502950154,51
3070,0,4854,2451,2403,0,0,0,1.0,1,1.0,1,1.0,1,0.22296274229961816,50
3071,1,4855,2451,2404,0,0,0,1.0,1,1.0,1,1.0,1,0.193857401409828,51
3072,1,4856,2452,2404,0,0,0,1.0,1,1.0,1,1.0,1,0.21422181067076837,53
3073,2,4858,2452,2406,0,0,0,1.0,1,1.0,1,1.0,1,0.20018657747895158,51
3074,0,4858,2452,2406,0,0,0,1.0,1,1.0,1,1.0,1,0.20444868208658104,50
3075,2,4860,2453,2407,0,0,0,1.0,1,1.0,1,1.0,1,0.23267244040372875,52
3076,0,4860,2453,2407,0,0,0,1.0,1,1.0,1,1.0,1,0.2525876602115726,53
3077,1,4861,2453,2408,0,0,0,1.0,1,1.0,1,1.0,1,0.23802376766544975,52
3078,1,4862,2453,2409,0,0,0,1.0,1,1.0,1,1.0,1,0.267674085838811,53
3079,1,4863,2454,2409,0,0,0,1.0,1,1.0,1,1.0,1,0.2764678755803891,53
3080,2,4865,2454,2411,0,0,0,1.0,1,1.0,1,1.0,1,0.2615915885283291,52
3081,1,4866,2455,2411,0,0,0,1.0,1,1.0,1,1.0,1,0.2935578649890983,54
3082,3,4869,2457,2412,0,0,0,1.0,1,1.0,1,1.0,1,0.3001070210613292,54
3083,3,4872,2457,2415,0,0,0,1.0,1,1.0,1,1.0,1,0.2750092322468028,54
3084,2,4874,2458,2416,0,0,0,1.0,1,1.0,1,1.0,1,0.28816393521566425,55
3085,0,4874,2458,2416,0,0,0,1.0,1,1.0,1,1.0,1,0.28816393521566425,55
3086,0,4874,2458,2416,0,0,0,1.0,1,1.0,1,1.0,1,0.2971796292288612,56
3087,1,4875,2458,2417,0,0,0,1.0,1,1.0,1,1.0,1,0.30014955026270274,57
3088,0,4875,2458,2417,0,0,0,1.0,1,1.0,1,1.0,1,0.319947313689284,56
3089,2,4877,2460,2417,0,0,0,1.0,1,1.0,1,1.0,1,0.3379553856441097,55
3090,1,4878,2460,2418,0,0,0,1.0,1,1.0,1,1.0,1,0.32789054102146514,54
3091,0,4878,2460,2418,0,0,0,1.0,1,1.0,1,1.0,1,0.3473498170837305,53
3092,1,4879,2460,2419,0,0,0,1.0,1,1.0,1,1.0,1,0.3233719363325497,56
3093,1,4880,2461,2419,0,0,0,1.0,1,1.0,1,1.0,1,0.3374141341924005,56
3094,0,4880,2461,2419,0,0,0,1.0,1,1.0,1,1.0,1,0.34092103840127713,58
3095,1,4881,2461,2420,0,0,0,1.0,1,1.0,1,1.0,1,0.3370771012899522,59
3096,1,4882,2461,2421,0,0,0,1.0,1,1.0,1,1.0,1,0.33723286188172436,60
3097,2,4884,2462,2422,0,0,0,1.0,1,1.0,1,1.0,1,0.3244050591349584,60
3098,1,4885,2462,2423,0,0,0,1.0,1,1.0,1,1.0,1,0.34187226450002073,58
3099,0,4885,2462,2423,0,0,0,1.0,1,1.0,1,1.0,1,0.3547534275620534,57
3100,0,4885,2462,2423,0,0,0,1.0,1,1.0,1,1.0,1,0.3547534275620534,57
3101,2,4887,2463,2424,0,0,0,1.0,1,1.0,1,1.0,1,0.34853867886623113,58
3102,4,4891,2465,2426,0,0,0,1.0,1,1.0,1,1.0,1,0.34168175496128894,59
3103,4,4895,2466,2429,0,0,0,1.0,1,1.0,1,1.0,1,0.31414249814043843,58
3104,6,4901,2468,2433,0,0,0,1.0,1,1.0,1,1.0,1,0.28845109179200845,58
3105,2,4903,2469,2434,0,0,0,1.0,1,1.0,1,1.0,1,0.25914061098196706,56
3106,6,4909,2473,2436,0,0,0,1.0,1,1.0,1,1.0,1,0.2685028537871096,57
3107,3,4912,2475,2437,0,0,0,1.0,1,1.0,1,1.0,1,0.23920821905208112,55
3108,3,4915,2476,2439,0,0,0,1.0,1,1.0,1,1.0,1,0.21532141385484782,55
3109,5,4920,2478,2442,0,0,0,1.0,1,1.0,1,1.0,1,0.1892811441634636,54
3110,3,4923,2480,2443,0,0,0,1.0,1,1.0,1,1.0,1,0.16400370019273056,54
3111,1,4924,2480,2444,0,0,0,1.0,1,1.0,1,1.0,1,0.15767133377973797,54
3112,4,4928,2484,2444,0,0,0,1.0,1,1.0,1,1.0,1,0.17518343485275167,56
3113,2,4930,2486,2444,0,0,0,1.0,1,1.0,1,1.0,1,0.19354905376466658,55
3114,1,4931,2487,2444,0,0,0,1.0,1,1.0,1,1.0,1,0.18032535353628623,54
3115,0,4931,2487,2444,0,0,0,1.0,1,1.0,1,1.0,1,0.1794249823503213,56
3116,3,4934,2489,2445,0,0,0,1.0,1,1.0,1,1.0,1,0.16922886354423858,56
3117,2,4936,2489,2447,0,0,0,1.0,1,1.0,1,1.0,1,0.20182806344121,58
3118,6,4942,2491,2451,0,0,0,1.0,1,1.0,1,1.0,1,0.17032118202255406,57
3119,0,4942,2491,2451,0,0,0,1.0,1,1.0,1,1.0,1,0.17032118202255406,57
3120,0,4942,2491,2451,0,0,0,1.0,1,1.0,1,1.0,1,0.16090407952425984,56
3121,2,4944,2493,2451,0,0,0,1.0,1,1.0,1,1.0,1,0.1606680175302145,57
3122,0,4944,2493,2451,0,0,0,1.0,1,1.0,1,1.0,1,0.1606680175302145,57
3123,0,4944,2493,2451,0,0,0,1.0,1,1.0,1,1.0,1,0.1606680175302145,57
3124,0,4944,2493,2451,0,0,0,1.0,1,1.0,1,1.0,1,0.17216589988170905,59
3125,3,4947,2494,2453,0,0,0,1.0,1,1.0,1,1.0,1,0.1819831508338418,61
3126,1,4948,2494,2454,0,0,0,1.0,1,1.0,1,1.0,1,0.17020808326819722,60
3127,1,4949,2495,2454,0,0,0,1.0,1,1.0,1,1.0,1,0.19643646192084963,58
3128,2,4951,2496,2455,0,0,0,1.0,1,1.0,1,1.0,1,0.24302253851909,58
3129,3,4954,2497,2457,0,0,0,1.0,1,1.0,1,1.0,1,0.23013291833493277,56
3130,2,4956,2497,2459,0,0,0,1.0,1,1.0,1,1.0,1,0.22327727599747096,56
3131,3,4959,2498,2461,0,0,0,1.0,1,1.0,1,1.0,1,0.2225500911610681,55
3132,1,4960,2498,2462,0,0,0,1.0,1,1.0,1,1.0,1,0.20748495777544657,53
3133,3,4963,2498,2465,0,0,0,1.0,1,1.0,1,1.0,1,0.16988496294027144,52
3134,2,4965,2498,2467,0,0,0,1.0,1,1.0,1,1.0,1,0.16426657672290573,52
3135,4,4969,2499,2470,0,0,0,1.0,1,1.0,1,1.0,1,0.12386031020399771,53
3136,2,4971,2501,2470,0,0,0,1.0,1,1.0,1,1.0,1,0.14997989359784594,54
3137,1,4972,2502,2470,0,0,0,1.0,1,1.0,1,1.0,1,0.16564280078215993,55
3138,6,4978,2506,2472,0,0,0,1.0,1,1.0,1,1.0,1,0.18314836115379296,57
3139,2,4980,2507,2473,0,0,0,1.0,1,1.0,1,1.0,1,0.18063191009177829,56
3140,3,4983,2509,2474,0,0,0,1.0,1,1.0,1,1.0,1,0.15582691748335842,56
3141,3,4986,2511,2475,0,0,0,1.0,1,1.0,1,1.0,1,0.1719878330131609,56
3142,1,4987,2511,2476,0,0,0,1.0,1,1.0,1,1.0,1,0.15649891360364845,56
3143,1,4988,2512,2476,0,0,0,1.0,1,1.0,1,1.0,1,0.17051914465716153,56
3144,1,4989,2513,2476,0,0,0,1.0,1,1.0,1,1.0,1,0.1669798319083274,54
3145,1,4990,2513,2477,0,0,0,1.0,1,1.0,1,1.0,1,0.1646684274652953,55
3146,1,4991,2513,2478,0,0,0,1.0,1,1.0,1,1.0,1,0.13577406258039543,53
3147,0,4991,2513,2478,0,0,0,1.0,1,1.0,1,1.0,1,0.14918288647003763,54
3148,4,4995,2515,2480,0,0,0,1.0,1,1.0,1,1.0,1,0.12194198621416424,54
3149,0,4995,2515,2480,0,0,0,1.0,1,1.0,1,1.0,1,0.11785942777467288,53
3150,0,4995,2515,2480,0,0,0,1.0,1,1.0,1,1.0,1,0.11785942777467288,53
3151,0,4995,2515,2480,0,0,0,1.0,1,1.0,1,1.0,1,0.1311289064184684,53
3152,0,4995,2515,2480,0,0,0,1.0,1,1.0,1,1.0,1,0.12888394909477022,54
3153,1,4996,2515,2481,0,0,0,1.0,1,1.0,1,1.0,1,0.12404157044430049,53
3154,1,4997,2516,2481,0,0,0,1.0,1,1.0,1,1.0,1,0.16671677809657567,55
3155,0,4997,2516,2481,0,0,0,1.0,1,1.0,1,1.0,1,0.16924186287424156,56
3156,1,4998,2517,2481,0,0,0,1.0,1,1.0,1,1.0,1,0.20883879713034836,56
3157,2,5000,2517,2483,0,0,0,1.0,1,1.0,1,1.0,1,0.18025214273548876,56
3158,3,5003,2517,2486,0,0,0,1.0,1,1.0,1,1.0,1,0.1549178343078632,57
3159,0,5003,2517,2486,0,0,0,1.0,1,1.0,1,1.0,1,0.17315996144859488,56
3160,5,5008,2518,2490,0,0,0,1.0,1,1.0,1,1.0,1,0.14762944010540602,58
3161,0,5008,2518,2490,0,0,0,1.0,1,1.0,1,1.0,1,0.1378010411946096,59
3162,1,5009,2519,2490,0,0,0,1.0,1,1.0,1,1.0,1,0.15687723655434407,59
3163,2,5011,2521,2490,0,0,0,1.0,1,1.0,1,1.0,1,0.21980000300882094,59
3164,3,5014,2523,2491,0,0,0,1.0,1,1.0,1,1.0,1,0.21153310318499718,60
3165,1,5015,2523,2492,0,0,0,1.0,1,1.0,1,1.0,1,0.20095630250472932,58
3166,5,5020,2525,2495,0,0,0,1.0,1,1.0,1,1.0,1,0.1345920609383384,59
3167,3,5023,2528,2495,0,0,0,1.0,1,1.0,1,1.0,1,0.17148277213804955,57
3168,2,5025,2529,2496,0,0,0,1.0,1,1.0,1,1.0,1,0.1874863346274769,58
3169,3,5028,2529,2499,0,0,0,1.0,1,1.0,1,1.0,1,0.1253885249883642,57
3170,1,5029,2529,2500,0,0,0,1.0,1,1.0,1,1.0,1,0.11830355721038935,55
3171,6,5035,2533,2502,0,0,0,1.0,1,1.0,1,1.0,1,0.1332912896894297,56
3172,0,5035,2533,2502,0,0,0,1.0,1,1.0,1,1.0,1,0.14226492702949942,54
3173,2,5037,2535,2502,0,0,0,1.0,1,1.0,1,1.0,1,0.1413384887499189,53
3174,3,5040,2537,2503,0,0,0,1.0,1,1.0,1,1.0,1,0.2043823964319087,53
3175,2,5042,2537,2505,0,0,0,1.0,1,1.0,1,1.0,1,0.2020336378151471,52
3176,5,5047,2542,2505,0,0,0,1.0,1,1.0,1,1.0,1,0.24707425436219557,53
3177,4,5051,2543,2508,0,0,0,1.0,1,1.0,1,1.0,1,0.17165178074971166,52
3178,4,5055,2545,2510,0,0,0,1.0,1,1.0,1,1.0,1,0.19172393810166663,53
3179,2,5057,2545,2512,0,0,0,1.0,1,1.0,1,1.0,1,0.14830753089853557,54
3180,0,5057,2545,2512,0,0,0,1.0,1,1.0,1,1.0,1,0.17014101886889138,54
3181,3,5060,2545,2515,0,0,0,1.0,1,1.0,1,1.0,1,0.13964968874900055,55
3182,0,5060,2545,2515,0,0,0,1.0,1,1.0,1,1.0,1,0.15558645708468855,54
3183,2,5062,2547,2515,0,0,0,1.0,1,1.0,1,1.0,1,0.19727324730894377,56
3184,4,5066,2549,2517,0,0,0,1.0,1,1.0,1,1.0,1,0.19076626280658635,54
3185,1,5067,2550,2517,0,0,0,1.0,1,1.0,1,1.0,1,0.20121587817264594,53
3186,2,5069,2551,2518,0,0,0,1.0,1,1.0,1,1.0,1,0.21458122234813246,52
3187,2,5071,2553,2518,0,0,0,1.0,1,1.0,1,1.0,1,0.2172206295215224,50
3188,4,5075,2555,2520,0,0,0,1.0,1,1.0,1,1.0,1,0.1898520244170261,50
3189,3,5078,2558,2520,0,0,0,1.0,1,1.0,1,1.0,1,0.2275459584368201,49
3190,3,5081,2559,2522,0,0,0,1.0,1,1.0,1,1.0,1,0.22126608308697543,50
3191,2,5083,2561,2522,0,0,0,1.0,1,1.0,1,1.0,1,0.24949527637656385,49
3192,0,5083,2561,2522,0,0,0,1.0,1,1.0,1,1.0,1,0.24949527637656385,49
3193,1,5084,2561,2523,0,0,0,1.0,1,1.0,1,1.0,1,0.22943035574146953,49
3194,3,5087,2562,2525,0,0,0,1.0,1,1.0,1,1.0,1,0.23273184299560284,50
3195,0,5087,2562,2525,0,0,0,1.0,1,1.0,1,1.0,1,0.2472300893857384,49
3196,0,5087,2562,2525,0,0,0,1.0,1,1.0,1,1.0,1,0.2472300893857384,49
3197,2,5089,2562,2527,0,0,0,1.0,1,1.0,1,1.0,1,0.16599091605181696,50
3198,2,5091,2562,2529,0,0,0,1.0,1,1.0,1,1.0,1,0.13896007439361574,50
3199,1,5092,2562,2530,0,0,0,1.0,1,1.0,1,1.0,1,0.1155731261406519,52
3200,1,5093,2563,2530,0,0,0,1.0,1,1.0,1,1.0,1,0.12640823490047232,53
3201,2,5095,2563,2532,0,0,0,1.0,1,1.0,1,1.0,1,0.09494236313107941,55
3202,1,5096,2564,2532,0,0,0,1.0,1,1.0,1,1.0,1,0.11988927930999727,55
3203,0,5096,2564,2532,0,0,0,1.0,1,1.0,1,1.0,1,0.08461546462146026,53
3204,2,5098,2565,2533,0,0,0,1.0,1,1.0,1,1.0,1,0.12720474796035725,53
3205,1,5099,2566,2533,0,0,0,1.0,1,1.0,1,1.0,1,0.15411473125963152,53
3206,0,5099,2566,2533,0,0,0,1.0,1,1.0,1,1.0,1,0.13495461430775457,52
3207,2,5101,2568,2533,0,0,0,1.0,1,1.0,1,1.0,1,0.1775358548785493,53
3208,0,5101,2568,2533,0,0,0,1.0,1,1.0,1,1.0,1,0.24367417488444332,51
3209,1,5102,2568,2534,0,0,0,1.0,1,1.0,1,1.0,1,0.22448961460717914,52
3210,0,5102,2568,2534,0,0,0,1.0,1,1.0,1,1.0,1,0.2260231794040145,49
3211,3,5105,2570,2535,0,0,0,1.0,1,1.0,1,1.0,1,0.22996858981000132,48
3212,0,5105,2570,2535,0,0,0,1.0,1,1.0,1,1.0,1,0.2537226035168558,48
3213,3,5108,2572,2536,0,0,0,1.0,1,1.0,1,1.0,1,0.20674304958749443,49
3214,2,5110,2574,2536,0,0,0,1.0,1,1.0,1,1.0,1,0.17765766836410277,51
3215,0,5110,2574,2536,0,0,0,1.0,1,1.0,1,1.0,1,0.17765766836410277,51
3216,4,5114,2576,2538,0,0,0,1.0,1,1.0,1,1.0,1,0.16884124417732208,51
3217,1,5115,2577,2538,0,0,0,1.0,1,1.0,1,1.0,1,0.1935957605120186,51
3218,0,5115,2577,2538,0,0,0,1.0,1,1.0,1,1.0,1,0.1935957605120186,51
3219,0,5115,2577,2538,0,0,0,1.0,1,1.0,1,1.0,1,0.20938026378701802,52
3220,0,5115,2577,2538,0,0,0,1.0,1,1.0,1,1.0,1,0.20938026378701802,52
3221,0,5115,2577,2538,0,0,0,1.0,1,1.0,1,1.0,1,0.2037051479069472,54
3222,0,5115,2577,2538,0,0,0,1.0,1,1.0,1,1.0,1,0.19430995872900014,54
3223,2,5117,2577,2540,0,0,0,1.0,1,1.0,1,1.0,1,0.19659433077584265,56
3224,1,5118,2578,2540,0,0,0,1.0,1,1.0,1,1.0,1,0.209399926120632,57
3225,4,5122,2578,2544,0,0,0,1.0,1,1.0,1,1.0,1,0.17639858694345595,58
3226,0,5122,2578,2544,0,0,0,1.0,1,1.0,1,1.0,1,0.17639858694345595,58
3227,0,5122,2578,2544,0,0,0,1.0,1,1.0,1,1.0,1,0.17639858694345595,58
3228,0,5122,2578,2544,0,0,0,1.0,1,1.0,1,1.0,1,0.17639858694345595,58
3229,3,5125,2579,2546,0,0,0,1.0,1,1.0,1,1.0,1,0.21393379794782172,60
3230,1,5126,2579,2547,0,0,0,1.0,1,1.0,1,1.0,1,0.1912554519284182,61
3231,1,5127,2580,2547,0,0,0,1.0,1,1.0,1,1.0,1,0.21507935119991559,61
3232,0,5127,2580,2547,0,0,0,1.0,1,1.0,1,1.0,1,0.21507935119991559,61
3233,3,5130,2580,2550,0,0,0,1.0,1,1.0,1,1.0,1,0.21112366972090044,63
3234,0,5130,2580,2550,0,0,0,1.0,1,1.0,1,1.0,1,0.21379547231863458,64
3235,0,5130,2580,2550,0,0,0,1.0,1,1.0,1,1.0,1,0.21388465546554547,65
3236,0,5130,2580,2550,0,0,0,1.0,1,1.0,1,1.0,1,0.2211462478512648,66
3237,3,5133,2580,2553,0,0,0,1.0,1,1.0,1,1.0,1,0.1803706605534823,67
3238,0,5133,2580,2553,0,0,0,1.0,1,1.0,1,1.0,1,0.1803706605534823,67
3239,0,5133,2580,2553,0,0,0,1.0,1,1.0,1,1.0,1,0.1947226866458021,69
3240,1,5134,2581,2553,0,0,0,1.0,1,1.0,1,1.0,1,0.19056130050857825,69
3241,4,5138,2584,2554,0,0,0,1.0,1,1.0,1,1.0,1,0.16840793008558264,68
3242,0,5138,2584,2554,0,0,0,1.0,1,1.0,1,1.0,1,0.16858118036313877,67
3243,2,5140,2586,2554,0,0,0,1.0,1,1.0,1,1.0,1,0.2050404691625018,68
3244,1,5141,2586,2555,0,0,0,1.0,1,1.0,1,1.0,1,0.21066228421778702,68
3245,4,5145,2586,2559,0,0,0,1.0,1,1.0,1,1.0,1,0.1746146645176805,69
3246,1,5146,2587,2559,0,0,0,1.0,1,1.0,1,1.0,1,0.17518159152384802,68
3247,1,5147,2587,2560,0,0,0,1.0,1,1.0,1,1.0,1,0.16904934124648724,68
3248,2,5149,2589,2560,0,0,0,1.0,1,1.0,1,1.0,1,0.1828070699748207,68
3249,1,5150,2589,2561,0,0,0,1.0,1,1.0,1,1.0,1,0.17938064392849165,69
3250,0,5150,2589,2561,0,0,0,1.0,1,1.0,1,1.0,1,0.17938064392849165,69
3251,1,5151,2590,2561,0,0,0,1.0,1,1.0,1,1.0,1,0.21419102804922957,68
3252,0,5151,2590,2561,0,0,0,1.0,1,1.0,1,1.0,1,0.19646559029409755,68
3253,2,5153,2591,2562,0,0,0,1.0,1,1.0,1,1.0,1,0.18681881417088542,69
3254,1,5154,2591,2563,0,0,0,1.0,1,1.0,1,1.0,1,0.18397403069094148,69
3255,3,5157,2591,2566,0,0,0,1.0,1,1.0,1,1.0,1,0.16829506622427365,70
3256,1,5158,2591,2567,0,0,0,1.0,1,1.0,1,1.0,1,0.16151015439261002,70
3257,0,5158,2591,2567,0,0,0,1.0,1,1.0,1,1.0,1,0.16840938072824446,71
3258,4,5162,2593,2569,0,0,0,1.0,1,1.0,1,1.0,1,0.15913395597766444,72
3259,1,5163,2594,2569,0,0,0,1.0,1,1.0,1,1.0,1,0.17549454263510025,71
3260,4,5167,2595,2572,0,0,0,1.0,1,1.0,1,1.0,1,0.16929438778516734,72
3261,1,5168,2595,2573,0,0,0,1.0,1,1.0,1,1.0,1,0.17499343343847595,74
3262,1,5169,2596,2573,0,0,0,1.0,1,1.0,1,1.0,1,0.18959624819491,73
3263,2,5171,2598,2573,0,0,0,1.0,1,1.0,1,1.0,1,0.2067129210218706,73
3264,3,5174,2600,2574,0,0,0,1.0,1,1.0,1,1.0,1,0.218115537697619,71
3265,4,5178,2603,2575,0,0,0,1.0,1,1.0,1,1.0,1,0.22988126262141237,70
3266,2,5180,2605,2575,0,0,0,1.0,1,1.0,1,1.0,1,0.24344546552125085,69
3267,1,5181,2606,2575,0,0,0,1.0,1,1.0,1,1.0,1,0.26275084330853204,69
3268,3,5184,2609,2575,0,0,0,1.0,1,1.0,1,1.0,1,0.26927020388261547,68
3269,7,5191,2609,2582,0,0,0,1.0,1,1.0,1,1.0,1,0.2138344604282961,68
3270,0,5191,2609,2582,0,0,0,1.0,1,1.0,1,1.0,1,0.22565923860105033,67
3271,0,5191,2609,2582,0,0,0,1.0,1,1.0,1,1.0,1,0.22957501877674924,66
3272,3,5194,2609,2585,0,0,0,1.0,1,1.0,1,1.0,1,0.18278491586307638,67
3273,1,5195,2609,2586,0,0,0,1.0,1,1.0,1,1.0,1,0.19438517081742168,66
3274,3,5198,2610,2588,0,0,0,1.0,1,1.0,1,1.0,1,0.1864452981625374,68
3275,1,5199,2610,2589,0,0,0,1.0,1,1.0,1,1.0,1,0.178380637234554,68
3276,1,5200,2611,2589,0,0,0,1.0,1,1.0,1,1.0,1,0.19071064619399655,69
3277,2,5202,2611,2591,0,0,0,1.0,1,1.0,1,1.0,1,0.16076054226197564,68
3278,2,5204,2611,2593,0,0,0,1.0,1,1.0,1,1.0,1,0.15141092120082184,69
3279,0,5204,2611,2593,0,0,0,1.0,1,1.0,1,1.0,1,0.15113019224641744,67
3280,1,5205,2612,2593,0,0,0,1.0,1,1.0,1,1.0,1,0.18299583480055975,66
3281,6,5211,2614,2597,0,0,0,1.0,1,1.0,1,1.0,1,0.17257048387819912,67
3282,4,5215,2615,2600,0,0,0,1.0,1,1.0,1,1.0,1,0.18034066290112127,66
3283,3,5218,2617,2601,0,0,0,1.0,1,1.0,1,1.0,1,0.22224162295470057,67
3284,0,5218,2617,2601,0,0,0,1.0,1,1.0,1,1.0,1,0.23525414472999504,66
3285,3,5221,2617,2604,0,0,0,1.0,1,1.0,1,1.0,1,0.16809995936055377,66
3286,0,5221,2617,2604,0,0,0,1.0,1,1.0,1,1.0,1,0.1570905902728482,63
3287,0,5221,2617,2604,0,0,0,1.0,1,1.0,1,1.0,1,0.17556290947145423,61
3288,0,5221,2617,2604,0,0,0,1.0,1,1.0,1,1.0,1,0.18760428719481514,63
3289,2,5223,2618,2605,0,0,0,1.0,1,1.0,1,1.0,1,0.20228924868122886,62
3290,1,5224,2619,2605,0,0,0,1.0,1,1.0,1,1.0,1,0.20976879395801862,63
3291,2,5226,2621,2605,0,0,0,1.0,1,1.0,1,1.0,1,0.2519005992466197,62
3292,1,5227,2621,2606,0,0,0,1.0,1,1.0,1,1.0,1,0.24645702080495313,63
3293,2,5229,2623,2606,0,0,0,1.0,1,1.0,1,1.0,1,0.2549969299578596,65
3294,0,5229,2623,2606,0,0,0,1.0,1,1.0,1,1.0,1,0.2549969299578596,65
3295,2,5231,2625,2606,0,0,0,1.0,1,1.0,1,1.0,1,0.2556049735123775,65
3296,0,5231,2625,2606,0,0,0,1.0,1,1.0,1,1.0,1,0.2556049735123775,65
3297,3,5234,2626,2608,0,0,0,1.0,1,1.0,1,1.0,1,0.22645005006173832,66
3298,1,5235,2626,2609,0,0,0,1.0,1,1.0,1,1.0,1,0.22154462804186445,66
3299,0,5235,2626,2609,0,0,0,1.0,1,1.0,1,1.0,1,0.22970081769941084,67
3300,2,5237,2628,2609,0,0,0,1.0,1,1.0,1,1.0,1,0.2587433778496621,67
3301,4,5241,2629,2612,0,0,0,1.0,1,1.0,1,1.0,1,0.2692164425741496,68
3302,1,5242,2629,2613,0,0,0,1.0,1,1.0,1,1.0,1,0.27187232855631915,67
3303,1,5243,2629,2614,0,0,0,1.0,1,1.0,1,1.0,1,0.26558117296525463,67
3304,1,5244,2630,2614,0,0,0,1.0,1,1.0,1,1.0,1,0.2625332318621873,67
3305,8,5252,2630,2622,0,0,0,1.0,1,1.0,1,1.0,1,0.19376186393960707,69
3306,0,5252,2630,2622,0,0,0,1.0,1,1.0,1,1.0,1,0.1850311876159624,70
3307,0,5252,2630,2622,0,0,0,1.0,1,1.0,1,1.0,1,0.1850311876159624,70
3308,1,5253,2630,2623,0,0,0,1.0,1,1.0,1,1.0,1,0.18103989580245786,70
3309,0,5253,2630,2623,0,0,0,1.0,1,1.0,1,1.0,1,0.1974792900998411,72
3310,2,5255,2630,2625,0,0,0,1.0,1,1.0,1,1.0,1,0.19681420582286474,74
3311,0,5255,2630,2625,0,0,0,1.0,1,1.0,1,1.0,1,0.19681420582286474,74
3312,0,5255,2630,2625,0,0,0,1.0,1,1.0,1,1.0,1,0.19681420582286474,74
3313,2,5257,2630,2627,0,0,0,1.0,1,1.0,1,1.0,1,0.20106258097727464,75
3314,3,5260,2630,2630,0,0,0,1.0,1,1.0,1,1.0,1,0.19648437438448976,76
3315,1,5261,2631,2630,0,0,0,1.0,1,1.0,1,1.0,1,0.23154014657013852,75
3316,1,5262,2632,2630,0,0,0,1.0,1,1.0,1,1.0,1,0.24768243490548653,76
3317,3,5265,2633,2632,0,0,0,1.0,1,1.0,1,1.0,1,0.23770441804880732,73
3318,4,5269,2636,2633,0,0,0,1.0,1,1.0,1,1.0,1,0.26803951497422657,72
3319,7,5276,2637,2639,0,0,0,1.0,1,1.0,1,1.0,1,0.20977941260099872,71
3320,0,5276,2637,2639,0,0,0,1.0,1,1.0,1,1.0,1,0.2084371643543457,70
3321,3,5279,2638,2641,0,0,0,1.0,1,1.0,1,1.0,1,0.20718888672942853,69
3322,1,5280,2639,2641,0,0,0,1.0,1,1.0,1,1.0,1,0.2076042019517921,68
3323,1,5281,2640,2641,0,0,0,1.0,1,1.0,1,1.0,1,0.2333144291353294,69
3324,1,5282,2641,2641,0,0,0,1.0,1,1.0,1,1.0,1,0.21574977201463766,69
3325,2,5284,2641,2643,0,0,0,1.0,1,1.0,1,1.0,1,0.19216621268210413,70
3326,3,5287,2642,2645,0,0,0,1.0,1,1.0,1,1.0,1,0.19602472739040053,69
3327,0,5287,2642,2645,0,0,0,1.0,1,1.0,1,1.0,1,0.1877946580824165,70
3328,1,5288,2643,2645,0,0,0,1.0,1,1.0,1,1.0,1,0.20414692305805757,73
3329,2,5290,2644,2646,0,0,0,1.0,1,1.0,1,1.0,1,0.23795204881265655,72
3330,2,5292,2645,2647,0,0,0,1.0,1,1.0,1,1.0,1,0.2398391026997782,72
3331,3,5295,2647,2648,0,0,0,1.0,1,1.0,1,1.0,1,0.24886232705543798,72
3332,3,5298,2647,2651,0,0,0,1.0,1,1.0,1,1.0,1,0.2259895567787368,73
3333,1,5299,2647,2652,0,0,0,1.0,1,1.0,1,1.0,1,0.22282718569992357,72
3334,1,5300,2647,2653,0,0,0,1.0,1,1.0,1,1.0,1,0.21094386954149036,73
3335,1,5301,2647,2654,0,0,0,1.0,1,1.0,1,1.0,1,0.20842289102819148,74
3336,0,5301,2647,2654,0,0,0,1.0,1,1.0,1,1.0,1,0.20842289102819148,74
3337,0,5301,2647,2654,0,0,0,1.0,1,1.0,1,1.0,1,0.20842289102819148,74
3338,1,5302,2647,2655,0,0,0,1.0,1,1.0,1,1.0,1,0.20118051245696816,74
3339,1,5303,2648,2655,0,0,0,1.0,1,1.0,1,1.0,1,0.21022430500200123,75
3340,0,5303,2648,2655,0,0,0,1.0,1,1.0,1,1.0,1,0.21305278021601626,75
3341,0,5303,2648,2655,0,0,0,1.0,1,1.0,1,1.0,1,0.2234163509801519,76
3342,1,5304,2648,2656,0,0,0,1.0,1,1.0,1,1.0,1,0.23087792926448708,76
3343,5,5309,2650,2659,0,0,0,1.0,1,1.0,1,1.0,1,0.20164633086452297,75
3344,1,5310,2651,2659,0,0,0,1.0,1,1.0,1,1.0,1,0.2091640854824149,75
3345,5,5315,2653,2662,0,0,0,1.0,1,1.0,1,1.0,1,0.21390632209719387,72
3346,6,5321,2655,2666,0,0,0,1.0,1,1.0,1,1.0,1,0.21063885378043645,73
3347,1,5322,2656,2666,0,0,0,1.0,1,1.0,1,1.0,1,0.20641483324475052,73
3348,2,5324,2656,2668,0,0,0,1.0,1,1.0,1,1.0,1,0.20632300992200833,73
3349,4,5328,2657,2671,0,0,0,1.0,1,1.0,1,1.0,1,0.18611484527323274,74
3350,2,5330,2658,2672,0,0,0,1.0,1,1.0,1,1.0,1,0.18571851712292814,73
3351,1,5331,2659,2672,0,0,0,1.0,1,1.0,1,1.0,1,0.193545387072893,72
3352,1,5332,2660,2672,0,0,0,1.0,1,1.0,1,1.0,1,0.2081248519041533,72
3353,5,5337,2662,2675,0,0,0,1.0,1,1.0,1,1.0,1,0.18978448791774757,72
3354,1,5338,2663,2675,0,0,0,1.0,1,1.0,1,1.0,1,0.20660055807577102,70
3355,3,5341,2665,2676,0,0,0,1.0,1,1.0,1,1.0,1,0.2415274987573291,69
3356,4,5345,2667,2678,0,0,0,1.0,1,1.0,1,1.0,1,0.2553709544346976,69
3357,3,5348,2669,2679,0,0,0,1.0,1,1.0,1,1.0,1,0.24342243891610335,68
3358,1,5349,2670,2679,0,0,0,1.0,1,1.0,1,1.0,1,0.26463336079089356,68
3359,1,5350,2671,2679,0,0,0,1.0,1,1.0,1,1.0,1,0.26612550252440276,66
3360,1,5351,2672,2679,0,0,0,1.0,1,1.0,1,1.0,1,0.28764996097549544,65
3361,2,5353,2672,2681,0,0,0,1.0,1,1.0,1,1.0,1,0.25697727158200545,64
3362,0,5353,2672,2681,0,0,0,1.0,1,1.0,1,1.0,1,0.25697727158200545,64
3363,0,5353,2672,2681,0,0,0,1.0,1,1.0,1,1.0,1,0.25327136318842913,65
3364,0,5353,2672,2681,0,0,0,1.0,1,1.0,1,1.0,1,0.2599404634848941,66
3365,1,5354,2672,2682,0,0,0,1.0,1,1.0,1,1.0,1,0.2555860461887179,68
3366,1,5355,2673,2682,0,0,0,1.0,1,1.0,1,1.0,1,0.27693578841814925,66
3367,2,5357,2673,2684,0,0,0,1.0,1,1.0,1,1.0,1,0.269515095406457,68
3368,3,5360,2674,2686,0,0,0,1.0,1,1.0,1,1.0,1,0.24569604176880508,68
3369,2,5362,2674,2688,0,0,0,1.0,1,1.0,1,1.0,1,0.2278226606913968,69
3370,0,5362,2674,2688,0,0,0,1.0,1,1.0,1,1.0,1,0.21400645924875122,71
3371,1,5363,2674,2689,0,0,0,1.0,1,1.0,1,1.0,1,0.20195286128308207,71
3372,3,5366,2675,2691,0,0,0,1.0,1,1.0,1,1.0,1,0.20069764592397113,71
3373,0,5366,2675,2691,0,0,0,1.0,1,1.0,1,1.0,1,0.20354187150006425,72
3374,0,5366,2675,2691,0,0,0,1.0,1,1.0,1,1.0,1,0.2017650863204194,72
3375,0,5366,2675,2691,0,0,0,1.0,1,1.0,1,1.0,1,0.20705002027252126,73
3376,1,5367,2675,2692,0,0,0,1.0,1,1.0,1,1.0,1,0.19973901097382923,75
3377,3,5370,2676,2694,0,0,0,1.0,1,1.0,1,1.0,1,0.193938485194527,77
3378,0,5370,2676,2694,0,0,0,1.0,1,1.0,1,1.0,1,0.193938485194527,77
3379,4,5374,2679,2695,0,0,0,1.0,1,1.0,1,1.0,1,0.23196367949731858,77
3380,3,5377,2679,2698,0,0,0,1.0,1,1.0,1,1.0,1,0.22359482264667307,76
3381,1,5378,2680,2698,0,0,0,1.0,1,1.0,1,1.0,1,0.2239715726537489,76
3382,0,5378,2680,2698,0,0,0,1.0,1,1.0,1,1.0,1,0.23048206715384223,78
3383,1,5379,2680,2699,0,0,0,1.0,1,1.0,1,1.0,1,0.22123013597579816,77
3384,6,5385,2686,2699,0,0,0,1.0,1,1.0,1,1.0,1,0.2607094614130374,77
3385,1,5386,2686,2700,0,0,0,1.0,1,1.0,1,1.0,1,0.24849863244792506,75
3386,2,5388,2687,2701,0,0,0,1.0,1,1.0,1,1.0,1,0.24158006701882606,76
3387,1,5389,2687,2702,0,0,0,1.0,1,1.0,1,1.0,1,0.23025857800166002,75
3388,2,5391,2689,2702,0,0,0,1.0,1,1.0,1,1.0,1,0.24986394225022776,76
3389,1,5392,2689,2703,0,0,0,1.0,1,1.0,1,1.0,1,0.24356351378995433,77
3390,0,5392,2689,2703,0,0,0,1.0,1,1.0,1,1.0,1,0.23850321447468203,76
3391,1,5393,2690,2703,0,0,0,1.0,1,1.0,1,1.0,1,0.23295996793245508,77
3392,3,5396,2690,2706,0,0,0,1.0,1,1.0,1,1.0,1,0.20833483663780653,78
3393,4,5400,2690,2710,0,0,0,1.0,1,1.0,1,1.0,1,0.16344069222345065,76
3394,2,5402,2691,2711,0,0,0,1.0,1,1.0,1,1.0,1,0.18848483377533878,75
3395,1,5403,2691,2712,0,0,0,1.0,1,1.0,1,1.0,1,0.18115629485657006,73
3396,1,5404,2691,2713,0,0,0,1.0,1,1.0,1,1.0,1,0.16924563882008264,73
3397,1,5405,2692,2713,0,0,0,1.0,1,1.0,1,1.0,1,0.15905167189118924,74
3398,1,5406,2693,2713,0,0,0,1.0,1,1.0,1,1.0,1,0.16849621964865227,74
3399,2,5408,2694,2714,0,0,0,1.0,1,1.0,1,1.0,1,0.16858140754320386,75
3400,1,5409,2695,2714,0,0,0,1.0,1,1.0,1,1.0,1,0.1845837421861929,75
3401,5,5414,2696,2718,0,0,0,1.0,1,1.0,1,1.0,1,0.11873879422107704,77
3402,1,5415,2697,2718,0,0,0,1.0,1,1.0,1,1.0,1,0.1291110186794988,77
3403,3,5418,2698,2720,0,0,0,1.0,1,1.0,1,1.0,1,0.10581043402026198,78
3404,1,5419,2699,2720,0,0,0,1.0,1,1.0,1,1.0,1,0.11385377048865611,78
3405,1,5420,2699,2721,0,0,0,1.0,1,1.0,1,1.0,1,0.10704219730264736,78
3406,2,5422,2701,2721,0,0,0,1.0,1,1.0,1,1.0,1,0.1333554261537057,78
3407,0,5422,2701,2721,0,0,0,1.0,1,1.0,1,1.0,1,0.1331439058085494,78
3408,0,5422,2701,2721,0,0,0,1.0,1,1.0,1,1.0,1,0.13772588777183994,79
3409,1,5423,2701,2722,0,0,0,1.0,1,1.0,1,1.0,1,0.13244332331477857,81
3410,0,5423,2701,2722,0,0,0,1.0,1,1.0,1,1.0,1,0.1400262514748381,82
3411,0,5423,2701,2722,0,0,0,1.0,1,1.0,1,1.0,1,0.1450930005764667,84
3412,0,5423,2701,2722,0,0,0,1.0,1,1.0,1,1.0,1,0.1450930005764667,84
3413,1,5424,2702,2722,0,0,0,1.0,1,1.0,1,1.0,1,0.14688297350310378,84
3414,1,5425,2702,2723,0,0,0,1.0,1,1.0,1,1.0,1,0.1413424127474787,84
3415,3,5428,2704,2724,0,0,0,1.0,1,1.0,1,1.0,1,0.15470247939020082,85
3416,1,5429,2705,2724,0,0,0,1.0,1,1.0,1,1.0,1,0.14591711467147953,85
3417,2,5431,2706,2725,0,0,0,1.0,1,1.0,1,1.0,1,0.15248164878691622,86
3418,3,5434,2708,2726,0,0,0,1.0,1,1.0,1,1.0,1,0.17287093752031568,86
3419,3,5437,2709,2728,0,0,0,1.0,1,1.0,1,1.0,1,0.1722100941080402,87
3420,1,5438,2709,2729,0,0,0,1.0,1,1.0,1,1.0,1,0.17695097964412745,88
3421,3,5441,2710,2731,0,0,0,1.0,1,1.0,1,1.0,1,0.18352772052093197,89
3422,1,5442,2710,2732,0,0,0,1.0,1,1.0,1,1.0,1,0.18387498324015106,90
3423,1,5443,2711,2732,0,0,0,1.0,1,1.0,1,1.0,1,0.18188230629567317,90
3424,0,5443,2711,2732,0,0,0,1.0,1,1.0,1,1.0,1,0.17483840394891612,91
3425,4,5447,2712,2735,0,0,0,1.0,1,1.0,1,1.0,1,0.15075205040445996,90
3426,2,5449,2714,2735,0,0,0,1.0,1,1.0,1,1.0,1,0.1561622474404506,92
3427,1,5450,2714,2736,0,0,0,1.0,1,1.0,1,1.0,1,0.1545114163473253,92
3428,0,5450,2714,2736,0,0,0,1.0,1,1.0,1,1.0,1,0.1619860654097389,91
3429,2,5452,2714,2738,0,0,0,1.0,1,1.0,1,1.0,1,0.15809561216605464,91
3430,2,5454,2716,2738,0,0,0,1.0,1,1.0,1,1.0,1,0.18087870363514325,91
3431,0,5454,2716,2738,0,0,0,1.0,1,1.0,1,1.0,1,0.16786981096067044,90
3432,2,5456,2717,2739,0,0,0,1.0,1,1.0,1,1.0,1,0.1710617805364784,91
3433,3,5459,2717,2742,0,0,0,1.0,1,1.0,1,1.0,1,0.16074279281408702,90
3434,0,5459,2717,2742,0,0,0,1.0,1,1.0,1,1.0,1,0.15466617972154528,89
3435,1,5460,2718,2742,0,0,0,1.0,1,1.0,1,1.0,1,0.17001449072714633,88
3436,0,5460,2718,2742,0,0,0,1.0,1,1.0,1,1.0,1,0.17417294155481752,86
3437,2,5462,2719,2743,0,0,0,1.0,1,1.0,1,1.0,1,0.18904131379359687,86
3438,1,5463,2719,2744,0,0,0,1.0,1,1.0,1,1.0,1,0.1962755474242507,87
3439,2,5465,2720,2745,0,0,0,1.0,1,1.0,1,1.0,1,0.21832389247228862,86
3440,3,5468,2720,2748,0,0,0,1.0,1,1.0,1,1.0,1,0.19216774747817575,86
3441,2,5470,2721,2749,0,0,0,1.0,1,1.0,1,1.0,1,0.19235306537495825,85
3442,0,5470,2721,2749,0,0,0,1.0,1,1.0,1,1.0,1,0.1935406150817112,85
3443,0,5470,2721,2749,0,0,0,1.0,1,1.0,1,1.0,1,0.20155309261581042,85
3444,3,5473,2722,2751,0,0,0,1.0,1,1.0,1,1.0,1,0.17872680056802323,85
3445,2,5475,2724,2751,0,0,0,1.0,1,1.0,1,1.0,1,0.20779034153056908,84
3446,5,5480,2727,2753,0,0,0,1.0,1,1.0,1,1.0,1,0.23963590854589298,85
3447,2,5482,2728,2754,0,0,0,1.0,1,1.0,1,1.0,1,0.24252859431310547,85
3448,2,5484,2730,2754,0,0,0,1.0,1,1.0,1,1.0,1,0.24893750975447976,85
3449,3,5487,2730,2757,0,0,0,1.0,1,1.0,1,1.0,1,0.2351698521279851,84
3450,0,5487,2730,2757,0,0,0,1.0,1,1.0,1,1.0,1,0.2351698521279851,84
3451,3,5490,2730,2760,0,0,0,1.0,1,1.0,1,1.0,1,0.21090975844271972,85
3452,2,5492,2732,2760,0,0,0,1.0,1,1.0,1,1.0,1,0.20021345489017583,86
3453,1,5493,2732,2761,0,0,0,1.0,1,1.0,1,1.0,1,0.19293562837499809,85
3454,2,5495,2732,2763,0,0,0,1.0,1,1.0,1,1.0,1,0.17452626932368462,88
3455,0,5495,2732,2763,0,0,0,1.0,1,1.0,1,1.0,1,0.17452626932368462,88
3456,0,5495,2732,2763,0,0,0,1.0,1,1.0,1,1.0,1,0.17452626932368462,88
3457,2,5497,2732,2765,0,0,0,1.0,1,1.0,1,1.0,1,0.16074280572064414,89
3458,0,5497,2732,2765,0,0,0,1.0,1,1.0,1,1.0,1,0.1659367647384381,88
3459,0,5497,2732,2765,0,0,0,1.0,1,1.0,1,1.0,1,0.1659367647384381,88
3460,0,5497,2732,2765,0,0,0,1.0,1,1.0,1,1.0,1,0.15984399570681515,89
3461,0,5497,2732,2765,0,0,0,1.0,1,1.0,1,1.0,1,0.15984399570681515,89
3462,0,5497,2732,2765,0,0,0,1.0,1,1.0,1,1.0,1,0.16273478552555562,90
3463,2,5499,2732,2767,0,0,0,1.0,1,1.0,1,1.0,1,0.15635653673667102,89
3464,1,5500,2733,2767,0,0,0,1.0,1,1.0,1,1.0,1,0.15353147646441237,88
3465,2,5502,2733,2769,0,0,0,1.0,1,1.0,1,1.0,1,0.15824273119688803,87
3466,1,5503,2733,2770,0,0,0,1.0,1,1.0,1,1.0,1,0.1453321279841891,87
3467,1,5504,2734,2770,0,0,0,1.0,1,1.0,1,1.0,1,0.15627068732583127,87
3468,4,5508,2736,2772,0,0,0,1.0,1,1.0,1,1.0,1,0.17180464520383326,88
3469,3,5511,2737,2774,0,0,0,1.0,1,1.0,1,1.0,1,0.1684555610742748,85
3470,2,5513,2739,2774,0,0,0,1.0,1,1.0,1,1.0,1,0.19680715443611224,86
3471,6,5519,2741,2778,0,0,0,1.0,1,1.0,1,1.0,1,0.19533225430750686,84
3472,1,5520,2742,2778,0,0,0,1.0,1,1.0,1,1.0,1,0.20054009679867962,83
3473,2,5522,2742,2780,0,0,0,1.0,1,1.0,1,1.0,1,0.1916871252448471,81
3474,2,5524,2743,2781,0,0,0,1.0,1,1.0,1,1.0,1,0.15882477440629925,80
3475,5,5529,2745,2784,0,0,0,1.0,1,1.0,1,1.0,1,0.18588116058803467,82
3476,3,5532,2746,2786,0,0,0,1.0,1,1.0,1,1.0,1,0.1656658501717582,81
3477,5,5537,2748,2789,0,0,0,1.0,1,1.0,1,1.0,1,0.16757724071182148,83
3478,1,5538,2749,2789,0,0,0,1.0,1,1.0,1,1.0,1,0.18351248000267145,83
3479,1,5539,2749,2790,0,0,0,1.0,1,1.0,1,1.0,1,0.1628242851630669,83
3480,0,5539,2749,2790,0,0,0,1.0,1,1.0,1,1.0,1,0.1628242851630669,83
3481,6,5545,2752,2793,0,0,0,1.0,1,1.0,1,1.0,1,0.15117764666769326,83
3482,2,5547,2753,2794,0,0,0,1.0,1,1.0,1,1.0,1,0.16262341481856737,83
3483,3,5550,2756,2794,0,0,0,1.0,1,1.0,1,1.0,1,0.18385415765229327,82
3484,1,5551,2757,2794,0,0,0,1.0,1,1.0,1,1.0,1,0.20149592027269042,82
3485,3,5554,2757,2797,0,0,0,1.0,1,1.0,1,1.0,1,0.18678240593770337,83
3486,0,5554,2757,2797,0,0,0,1.0,1,1.0,1,1.0,1,0.18678240593770337,83
3487,0,5554,2757,2797,0,0,0,1.0,1,1.0,1,1.0,1,0.19221094621712317,84
3488,1,5555,2757,2798,0,0,0,1.0,1,1.0,1,1.0,1,0.1810018087030851,84
3489,2,5557,2757,2800,0,0,0,1.0,1,1.0,1,1.0,1,0.16597232643363355,84
3490,0,5557,2757,2800,0,0,0,1.0,1,1.0,1,1.0,1,0.16597232643363355,84
3491,0,5557,2757,2800,0,0,0,1.0,1,1.0,1,1.0,1,0.16927263275741264,86
3492,1,5558,2758,2800,0,0,0,1.0,1,1.0,1,1.0,1,0.16050624778216455,86
3493,0,5558,2758,2800,0,0,0,1.0,1,1.0,1,1.0,1,0.16050624778216455,86
3494,0,5558,2758,2800,0,0,0,1.0,1,1.0,1,1.0,1,0.16050624778216455,86
3495,3,5561,2758,2803,0,0,0,1.0,1,1.0,1,1.0,1,0.14164621276122774,87
3496,0,5561,2758,2803,0,0,0,1.0,1,1.0,1,1.0,1,0.15024783605052416,88
3497,1,5562,2759,2803,0,0,0,1.0,1,1.0,1,1.0,1,0.16855703039914963,89
3498,3,5565,2759,2806,0,0,0,1.0,1,1.0,1,1.0,1,0.16761016788065208,89
3499,2,5567,2760,2807,0,0,0,1.0,1,1.0,1,1.0,1,0.1499910451490424,91
3500,1,5568,2761,2807,0,0,0,1.0,1,1.0,1,1.0,1,0.16128047539119478,90
3501,1,5569,2761,2808,0,0,0,1.0,1,1.0,1,1.0,1,0.15231835669078989,90
3502,1,5570,2761,2809,0,0,0,1.0,1,1.0,1,1.0,1,0.15453289411120968,91
3503,5,5575,2764,2811,0,0,0,1.0,1,1.0,1,1.0,1,0.14190130530310202,91
3504,3,5578,2766,2812,0,0,0,1.0,1,1.0,1,1.0,1,0.1600720304637438,89
3505,5,5583,2767,2816,0,0,0,1.0,1,1.0,1,1.0,1,0.14795907128246802,87
3506,1,5584,2768,2816,0,0,0,1.0,1,1.0,1,1.0,1,0.15342330523815348,87
3507,2,5586,2770,2816,0,0,0,1.0,1,1.0,1,1.0,1,0.1658085224554694,84
3508,3,5589,2773,2816,0,0,0,1.0,1,1.0,1,1.0,1,0.19675686729173517,83
3509,3,5592,2774,2818,0,0,0,1.0,1,1.0,1,1.0,1,0.18356356740002266,80
3510,1,5593,2775,2818,0,0,0,1.0,1,1.0,1,1.0,1,0.18206989937199053,78
3511,3,5596,2777,2819,0,0,0,1.0,1,1.0,1,1.0,1,0.16396967039771454,77
3512,0,5596,2777,2819,0,0,0,1.0,1,1.0,1,1.0,1,0.1717437443962707,74
3513,2,5598,2778,2820,0,0,0,1.0,1,1.0,1,1.0,1,0.16795939355059566,76
3514,2,5600,2779,2821,0,0,0,1.0,1,1.0,1,1.0,1,0.16351739487628425,76
3515,0,5600,2779,2821,0,0,0,1.0,1,1.0,1,1.0,1,0.16101723847522773,75
3516,1,5601,2780,2821,0,0,0,1.0,1,1.0,1,1.0,1,0.17792789018707322,73
3517,5,5606,2783,2823,0,0,0,1.0,1,1.0,1,1.0,1,0.18750220970489523,74
3518,0,5606,2783,2823,0,0,0,1.0,1,1.0,1,1.0,1,0.19864387065710273,74
3519,0,5606,2783,2823,0,0,0,1.0,1,1.0,1,1.0,1,0.2098986348178203,73
3520,1,5607,2783,2824,0,0,0,1.0,1,1.0,1,1.0,1,0.1918865044113807,74
3521,4,5611,2783,2828,0,0,0,1.0,1,1.0,1,1.0,1,0.1679927071057529,75
3522,0,5611,2783,2828,0,0,0,1.0,1,1.0,1,1.0,1,0.1679927071057529,75
3523,1,5612,2783,2829,0,0,0,1.0,1,1.0,1,1.0,1,0.1552544409326945,75
3524,1,5613,2784,2829,0,0,0,1.0,1,1.0,1,1.0,1,0.15834081638966874,75
3525,1,5614,2784,2830,0,0,0,1.0,1,1.0,1,1.0,1,0.1557141530131227,75
3526,2,5616,2785,2831,0,0,0,1.0,1,1.0,1,1.0,1,0.15312696613823049,76
3527,3,5619,2787,2832,0,0,0,1.0,1,1.0,1,1.0,1,0.1982482145960111,77
3528,5,5624,2788,2836,0,0,0,1.0,1,1.0,1,1.0,1,0.18727461186607988,77
3529,2,5626,2789,2837,0,0,0,1.0,1,1.0,1,1.0,1,0.18763716557631444,78
3530,3,5629,2789,2840,0,0,0,1.0,1,1.0,1,1.0,1,0.18364160583286568,78
3531,3,5632,2790,2842,0,0,0,1.0,1,1.0,1,1.0,1,0.19788056093903122,79
3532,1,5633,2791,2842,0,0,0,1.0,1,1.0,1,1.0,1,0.22364788189083656,79
3533,2,5635,2792,2843,0,0,0,1.0,1,1.0,1,1.0,1,0.23878560301912996,79
3534,3,5638,2794,2844,0,0,0,1.0,1,1.0,1,1.0,1,0.2548702755347845,80
3535,0,5638,2794,2844,0,0,0,1.0,1,1.0,1,1.0,1,0.2623905744523943,81
3536,0,5638,2794,2844,0,0,0,1.0,1,1.0,1,1.0,1,0.25833243844781606,82
3537,0,5638,2794,2844,0,0,0,1.0,1,1.0,1,1.0,1,0.25833243844781606,82
3538,1,5639,2794,2845,0,0,0,1.0,1,1.0,1,1.0,1,0.2554041513673493,83
3539,0,5639,2794,2845,0,0,0,1.0,1,1.0,1,1.0,1,0.2554041513673493,83
3540,1,5640,2795,2845,0,0,0,1.0,1,1.0,1,1.0,1,0.2563945003284692,85
3541,4,5644,2796,2848,0,0,0,1.0,1,1.0,1,1.0,1,0.24086117952874872,85
3542,7,5651,2798,2853,0,0,0,1.0,1,1.0,1,1.0,1,0.1966577026943625,88
3543,1,5652,2799,2853,0,0,0,1.0,1,1.0,1,1.0,1,0.19576963642458925,87
3544,1,5653,2800,2853,0,0,0,1.0,1,1.0,1,1.0,1,0.2022239764424001,87
3545,1,5654,2801,2853,0,0,0,1.0,1,1.0,1,1.0,1,0.1995404106719749,85
3546,0,5654,2801,2853,0,0,0,1.0,1,1.0,1,1.0,1,0.19292985654373346,83
3547,1,5655,2801,2854,0,0,0,1.0,1,1.0,1,1.0,1,0.17384294819937093,82
3548,2,5657,2803,2854,0,0,0,1.0,1,1.0,1,1.0,1,0.1767768763617269,82
3549,0,5657,2803,2854,0,0,0,1.0,1,1.0,1,1.0,1,0.1691840583680554,81
3550,2,5659,2805,2854,0,0,0,1.0,1,1.0,1,1.0,1,0.18714375147006088,79
3551,2,5661,2807,2854,0,0,0,1.0,1,1.0,1,1.0,1,0.18753116608888587,80
3552,2,5663,2808,2855,0,0,0,1.0,1,1.0,1,1.0,1,0.19341282791750034,78
3553,3,5666,2809,2857,0,0,0,1.0,1,1.0,1,1.0,1,0.1841955385112985,79
3554,1,5667,2809,2858,0,0,0,1.0,1,1.0,1,1.0,1,0.18039348450184908,77
3555,1,5668,2810,2858,0,0,0,1.0,1,1.0,1,1.0,1,0.18987092937313807,77
3556,1,5669,2810,2859,0,0,0,1.0,1,1.0,1,1.0,1,0.18951134529824706,76
3557,2,5671,2810,2861,0,0,0,1.0,1,1.0,1,1.0,1,0.17235534941948988,76
3558,2,5673,2811,2862,0,0,0,1.0,1,1.0,1,1.0,1,0.18474353956693812,76
3559,2,5675,2811,2864,0,0,0,1.0,1,1.0,1,1.0,1,0.16515759190457047,76
3560,1,5676,2812,2864,0,0,0,1.0,1,1.0,1,1.0,1,0.19413948955249485,78
3561,3,5679,2813,2866,0,0,0,1.0,1,1.0,1,1.0,1,0.17690355984114428,79
3562,3,5682,2815,2867,0,0,0,1.0,1,1.0,1,1.0,1,0.18105199678040013,79
3563,3,5685,2817,2868,0,0,0,1.0,1,1.0,1,1.0,1,0.17944020752911158,79
3564,1,5686,2817,2869,0,0,0,1.0,1,1.0,1,1.0,1,0.18371041728336157,80
3565,4,5690,2818,2872,0,0,0,1.0,1,1.0,1,1.0,1,0.18051656367169516,83
3566,2,5692,2820,2872,0,0,0,1.0,1,1.0,1,1.0,1,0.20137091095158605,84
3567,4,5696,2820,2876,0,0,0,1.0,1,1.0,1,1.0,1,0.16541329640713687,84
3568,2,5698,2821,2877,0,0,0,1.0,1,1.0,1,1.0,1,0.16677467261958503,84
3569,2,5700,2822,2878,0,0,0,1.0,1,1.0,1,1.0,1,0.1635928607959647,84
3570,4,5704,2824,2880,0,0,0,1.0,1,1.0,1,1.0,1,0.1664303750332679,87
3571,2,5706,2826,2880,0,0,0,1.0,1,1.0,1,1.0,1,0.2094081434549015,86
3572,2,5708,2827,2881,0,0,0,1.0,1,1.0,1,1.0,1,0.20483310106219474,87
3573,4,5712,2829,2883,0,0,0,1.0,1,1.0,1,1.0,1,0.19045750728367428,87
3574,2,5714,2831,2883,0,0,0,1.0,1,1.0,1,1.0,1,0.2055960638850148,88
3575,2,5716,2831,2885,0,0,0,1.0,1,1.0,1,1.0,1,0.19082260692687475,88
3576,1,5717,2832,2885,0,0,0,1.0,1,1.0,1,1.0,1,0.18036357928917307,90
3577,1,5718,2832,2886,0,0,0,1.0,1,1.0,1,1.0,1,0.16791191839096412,90
3578,1,5719,2833,2886,0,0,0,1.0,1,1.0,1,1.0,1,0.17668072765497558,91
3579,3,5722,2835,2887,0,0,0,1.0,1,1.0,1,1.0,1,0.17644817282019865,91
3580,2,5724,2835,2889,0,0,0,1.0,1,1.0,1,1.0,1,0.1916013830752568,91
3581,3,5727,2836,2891,0,0,0,1.0,1,1.0,1,1.0,1,0.17439183440692696,91
3582,3,5730,2836,2894,0,0,0,1.0,1,1.0,1,1.0,1,0.15640283821105555,92
3583,2,5732,2836,2896,0,0,0,1.0,1,1.0,1,1.0,1,0.14854515965317952,88
3584,2,5734,2837,2897,0,0,0,1.0,1,1.0,1,1.0,1,0.13805768019412248,87
3585,2,5736,2839,2897,0,0,0,1.0,1,1.0,1,1.0,1,0.1581062242901265,84
3586,4,5740,2842,2898,0,0,0,1.0,1,1.0,1,1.0,1,0.15278323160450444,83
3587,1,5741,2842,2899,0,0,0,1.0,1,1.0,1,1.0,1,0.14488007406198466,82
3588,2,5743,2844,2899,0,0,0,1.0,1,1.0,1,1.0,1,0.1520760356623871,81
3589,6,5749,2849,2900,0,0,0,1.0,1,1.0,1,1.0,1,0.1802785419995061,80
3590,3,5752,2851,2901,0,0,0,1.0,1,1.0,1,1.0,1,0.20770541467515954,78
3591,3,5755,2852,2903,0,0,0,1.0,1,1.0,1,1.0,1,0.19235677580606916,77
3592,1,5756,2853,2903,0,0,0,1.0,1,1.0,1,1.0,1,0.22259543668750084,75
3593,7,5763,2855,2908,0,0,0,1.0,1,1.0,1,1.0,1,0.16216952155262662,76
3594,1,5764,2856,2908,0,0,0,1.0,1,1.0,1,1.0,1,0.16896900862984868,74
3595,2,5766,2858,2908,0,0,0,1.0,1,1.0,1,1.0,1,0.1836392800568101,74
3596,1,5767,2859,2908,0,0,0,1.0,1,1.0,1,1.0,1,0.18918217192559755,73
3597,4,5771,2861,2910,0,0,0,1.0,1,1.0,1,1.0,1,0.1833366215602574,73
3598,2,5773,2862,2911,0,0,0,1.0,1,1.0,1,1.0,1,0.18052883104755002,73
3599,3,5776,2864,2912,0,0,0,1.0,1,1.0,1,1.0,1,0.19392008734374677,73
3600,1,5777,2864,2913,0,0,0,1.0,1,1.0,1,1.0,1,0.18724197504961806,74
3601,4,5781,2865,2916,0,0,0,1.0,1,1.0,1,1.0,1,0.1754263213373761,75
3602,1,5782,2865,2917,0,0,0,1.0,1,1.0,1,1.0,1,0.14777726913359715,76
3603,1,5783,2866,2917,0,0,0,1.0,1,1.0,1,1.0,1,0.16135798864127399,77
3604,2,5785,2867,2918,0,0,0,1.0,1,1.0,1,1.0,1,0.1671572200238442,78
3605,2,5787,2867,2920,0,0,0,1.0,1,1.0,1,1.0,1,0.13861434168945652,77
3606,0,5787,2867,2920,0,0,0,1.0,1,1.0,1,1.0,1,0.1338009063098957,79
3607,0,5787,2867,2920,0,0,0,1.0,1,1.0,1,1.0,1,0.1338009063098957,79
3608,0,5787,2867,2920,0,0,0,1.0,1,1.0,1,1.0,1,0.1338009063098957,79
3609,0,5787,2867,2920,0,0,0,1.0,1,1.0,1,1.0,1,0.1338009063098957,79
3610,2,5789,2869,2920,0,0,0,1.0,1,1.0,1,1.0,1,0.15521855106335042,80
3611,2,5791,2870,2921,0,0,0,1.0,1,1.0,1,1.0,1,0.13901400549541607,80
3612,2,5793,2871,2922,0,0,0,1.0,1,1.0,1,1.0,1,0.14341821424848247,79
3613,3,5796,2873,2923,0,0,0,1.0,1,1.0,1,1.0,1,0.165776158256944,79
3614,6,5802,2876,2926,0,0,0,1.0,1,1.0,1,1.0,1,0.1410506641394872,78
3615,0,5802,2876,2926,0,0,0,1.0,1,1.0,1,1.0,1,0.13084955061942277,79
3616,1,5803,2877,2926,0,0,0,1.0,1,1.0,1,1.0,1,0.14217237901286797,79
3617,4,5807,2879,2928,0,0,0,1.0,1,1.0,1,1.0,1,0.1281076846551381,80
3618,1,5808,2879,2929,0,0,0,1.0,1,1.0,1,1.0,1,0.1469298073185716,82
3619,2,5810,2880,2930,0,0,0,1.0,1,1.0,1,1.0,1,0.1587392968913759,82
3620,3,5813,2882,2931,0,0,0,1.0,1,1.0,1,1.0,1,0.17063531574216767,81
3621,3,5816,2883,2933,0,0,0,1.0,1,1.0,1,1.0,1,0.15341646048988147,83
3622,1,5817,2884,2933,0,0,0,1.0,1,1.0,1,1.0,1,0.17284625161957873,81
3623,3,5820,2887,2933,0,0,0,1.0,1,1.0,1,1.0,1,0.22231900932328882,81
3624,2,5822,2888,2934,0,0,0,1.0,1,1.0,1,1.0,1,0.22448108930190072,79
3625,9,5831,2891,2940,0,0,0,1.0,1,1.0,1,1.0,1,0.22289824662007993,80
3626,1,5832,2891,2941,0,0,0,1.0,1,1.0,1,1.0,1,0.19110581336802396,78
3627,2,5834,2891,2943,0,0,0,1.0,1,1.0,1,1.0,1,0.1835434262947954,78
3628,1,5835,2892,2943,0,0,0,1.0,1,1.0,1,1.0,1,0.1734827311379069,77
3629,1,5836,2892,2944,0,0,0,1.0,1,1.0,1,1.0,1,0.16298647455353799,76
3630,1,5837,2892,2945,0,0,0,1.0,1,1.0,1,1.0,1,0.1532091049411212,77
3631,1,5838,2893,2945,0,0,0,1.0,1,1.0,1,1.0,1,0.15584956735889258,75
3632,1,5839,2894,2945,0,0,0,1.0,1,1.0,1,1.0,1,0.16825580778066712,74
3633,6,5845,2896,2949,0,0,0,1.0,1,1.0,1,1.0,1,0.14326550099010008,75
3634,2,5847,2897,2950,0,0,0,1.0,1,1.0,1,1.0,1,0.1409961703962072,74
3635,1,5848,2898,2950,0,0,0,1.0,1,1.0,1,1.0,1,0.1450259836439924,74
3636,1,5849,2898,2951,0,0,0,1.0,1,1.0,1,1.0,1,0.14070310941569178,74
3637,3,5852,2898,2954,0,0,0,1.0,1,1.0,1,1.0,1,0.11121837734998248,74
3638,0,5852,2898,2954,0,0,0,1.0,1,1.0,1,1.0,1,0.1203239997981744,75
3639,3,5855,2901,2954,0,0,0,1.0,1,1.0,1,1.0,1,0.1392149522589022,76
3640,1,5856,2901,2955,0,0,0,1.0,1,1.0,1,1.0,1,0.13396973103382898,76
3641,4,5860,2903,2957,0,0,0,1.0,1,1.0,1,1.0,1,0.1560151080123631,75
3642,3,5863,2905,2958,0,0,0,1.0,1,1.0,1,1.0,1,0.19097437713268292,75
3643,0,5863,2905,2958,0,0,0,1.0,1,1.0,1,1.0,1,0.18134013548235575,74
3644,1,5864,2906,2958,0,0,0,1.0,1,1.0,1,1.0,1,0.1764254713142728,74
3645,2,5866,2906,2960,0,0,0,1.0,1,1.0,1,1.0,1,0.15791145719639454,74
3646,0,5866,2906,2960,0,0,0,1.0,1,1.0,1,1.0,1,0.14941279474113037,75
3647,1,5867,2906,2961,0,0,0,1.0,1,1.0,1,1.0,1,0.13415158091369564,77
3648,0,5867,2906,2961,0,0,0,1.0,1,1.0,1,1.0,1,0.1451376531317163,78
3649,1,5868,2906,2962,0,0,0,1.0,1,1.0,1,1.0,1,0.15080021210841218,80
3650,2,5870,2907,2963,0,0,0,1.0,1,1.0,1,1.0,1,0.16286868383194633,81
3651,1,5871,2907,2964,0,0,0,1.0,1,1.0,1,1.0,1,0.14757575543471751,81
3652,3,5874,2908,2966,0,0,0,1.0,1,1.0,1,1.0,1,0.15462682537455852,83
3653,2,5876,2908,2968,0,0,0,1.0,1,1.0,1,1.0,1,0.1351624604881995,83
3654,0,5876,2908,2968,0,0,0,1.0,1,1.0,1,1.0,1,0.1351624604881995,83
3655,0,5876,2908,2968,0,0,0,1.0,1,1.0,1,1.0,1,0.12615777143147858,84
3656,1,5877,2908,2969,0,0,0,1.0,1,1.0,1,1.0,1,0.12460794173815837,85
3657,1,5878,2909,2969,0,0,0,1.0,1,1.0,1,1.0,1,0.13432982990571085,86
3658,3,5881,2911,2970,0,0,0,1.0,1,1.0,1,1.0,1,0.16399809134476365,87
3659,0,5881,2911,2970,0,0,0,1.0,1,1.0,1,1.0,1,0.1801537916216725,87
3660,0,5881,2911,2970,0,0,0,1.0,1,1.0,1,1.0,1,0.1913796213771162,86
3661,2,5883,2912,2971,0,0,0,1.0,1,1.0,1,1.0,1,0.18233216789944978,86
3662,1,5884,2912,2972,0,0,0,1.0,1,1.0,1,1.0,1,0.17839374907769442,83
3663,5,5889,2916,2973,0,0,0,1.0,1,1.0,1,1.0,1,0.23048436682138726,85
3664,0,5889,2916,2973,0,0,0,1.0,1,1.0,1,1.0,1,0.22811050456886614,82
3665,4,5893,2916,2977,0,0,0,1.0,1,1.0,1,1.0,1,0.1836930817594776,81
3666,2,5895,2918,2977,0,0,0,1.0,1,1.0,1,1.0,1,0.20593742513274435,79
3667,0,5895,2918,2977,0,0,0,1.0,1,1.0,1,1.0,1,0.20850875282519998,79
3668,2,5897,2920,2977,0,0,0,1.0,1,1.0,1,1.0,1,0.18965214187647342,77
3669,3,5900,2922,2978,0,0,0,1.0,1,1.0,1,1.0,1,0.1795675735321353,75
3670,5,5905,2925,2980,0,0,0,1.0,1,1.0,1,1.0,1,0.1853891454647042,76
3671,2,5907,2926,2981,0,0,0,1.0,1,1.0,1,1.0,1,0.1624878303545091,74
3672,1,5908,2927,2981,0,0,0,1.0,1,1.0,1,1.0,1,0.17419471080497415,75
3673,2,5910,2927,2983,0,0,0,1.0,1,1.0,1,1.0,1,0.15352371089431635,75
3674,2,5912,2929,2983,0,0,0,1.0,1,1.0,1,1.0,1,0.1654395781720097,75
3675,0,5912,2929,2983,0,0,0,1.0,1,1.0,1,1.0,1,0.16795496243589342,75
3676,2,5914,2930,2984,0,0,0,1.0,1,1.0,1,1.0,1,0.1764828660995886,75
3677,1,5915,2930,2985,0,0,0,1.0,1,1.0,1,1.0,1,0.1743500487976168,75
3678,0,5915,2930,2985,0,0,0,1.0,1,1.0,1,1.0,1,0.187231621410419,77
3679,1,5916,2931,2985,0,0,0,1.0,1,1.0,1,1.0,1,0.2088159346404966,78
3680,3,5919,2931,2988,0,0,0,1.0,1,1.0,1,1.0,1,0.1975587045900105,80
3681,3,5922,2931,2991,0,0,0,1.0,1,1.0,1,1.0,1,0.19405383905068332,81
3682,0,5922,2931,2991,0,0,0,1.0,1,1.0,1,1.0,1,0.19405383905068332,81
3683,2,5924,2932,2992,0,0,0,1.0,1,1.0,1,1.0,1,0.2032885455441698,81
3684,0,5924,2932,2992,0,0,0,1.0,1,1.0,1,1.0,1,0.2032885455441698,81
3685,0,5924,2932,2992,0,0,0,1.0,1,1.0,1,1.0,1,0.2032885455441698,81
3686,0,5924,2932,2992,0,0,0,1.0,1,1.0,1,1.0,1,0.2032885455441698,81
3687,1,5925,2932,2993,0,0,0,1.0,1,1.0,1,1.0,1,0.1899163700315634,82
3688,2,5927,2932,2995,0,0,0,1.0,1,1.0,1,1.0,1,0.18713760016934988,84
3689,1,5928,2932,2996,0,0,0,1.0,1,1.0,1,1.0,1,0.18377144095106876,84
3690,0,5928,2932,2996,0,0,0,1.0,1,1.0,1,1.0,1,0.19297409594081277,85
3691,0,5928,2932,2996,0,0,0,1.0,1,1.0,1,1.0,1,0.18984428924789648,86
3692,0,5928,2932,2996,0,0,0,1.0,1,1.0,1,1.0,1,0.18786174913857873,86
3693,1,5929,2932,2997,0,0,0,1.0,1,1.0,1,1.0,1,0.18473272034673482,86
3694,0,5929,2932,2997,0,0,0,1.0,1,1.0,1,1.0,1,0.18473272034673482,86
3695,2,5931,2934,2997,0,0,0,1.0,1,1.0,1,1.0,1,0.2232983743493395,86
3696,3,5934,2934,3000,0,0,0,1.0,1,1.0,1,1.0,1,0.18026966934958402,87
3697,2,5936,2935,3001,0,0,0,1.0,1,1.0,1,1.0,1,0.16514790285074388,85
3698,1,5937,2936,3001,0,0,0,1.0,1,1.0,1,1.0,1,0.1688640195240793,85
3699,1,5938,2937,3001,0,0,0,1.0,1,1.0,1,1.0,1,0.16268260459093237,85
3700,2,5940,2939,3001,0,0,0,1.0,1,1.0,1,1.0,1,0.1805997957753995,84
3701,1,5941,2939,3002,0,0,0,1.0,1,1.0,1,1.0,1,0.17071635407440774,85
3702,3,5944,2941,3003,0,0,0,1.0,1,1.0,1,1.0,1,0.17539903618915928,85
3703,1,5945,2941,3004,0,0,0,1.0,1,1.0,1,1.0,1,0.16350625580311606,85
3704,3,5948,2943,3005,0,0,0,1.0,1,1.0,1,1.0,1,0.18013315477306274,85
3705,0,5948,2943,3005,0,0,0,1.0,1,1.0,1,1.0,1,0.17172296629068817,86
3706,1,5949,2944,3005,0,0,0,1.0,1,1.0,1,1.0,1,0.17790361680766634,86
3707,1,5950,2945,3005,0,0,0,1.0,1,1.0,1,1.0,1,0.18494337691686155,85
3708,2,5952,2945,3007,0,0,0,1.0,1,1.0,1,1.0,1,0.16251569514675815,84
3709,1,5953,2945,3008,0,0,0,1.0,1,1.0,1,1.0,1,0.15826326346907163,85
3710,0,5953,2945,3008,0,0,0,1.0,1,1.0,1,1.0,1,0.1530847419773726,84
3711,0,5953,2945,3008,0,0,0,1.0,1,1.0,1,1.0,1,0.1568350802264777,85
3712,1,5954,2946,3008,0,0,0,1.0,1,1.0,1,1.0,1,0.15032693620556747,85
3713,0,5954,2946,3008,0,0,0,1.0,1,1.0,1,1.0,1,0.15032693620556747,85
3714,3,5957,2947,3010,0,0,0,1.0,1,1.0,1,1.0,1,0.16218972922374403,85
3715,1,5958,2948,3010,0,0,0,1.0,1,1.0,1,1.0,1,0.16025606482318483,85
3716,1,5959,2949,3010,0,0,0,1.0,1,1.0,1,1.0,1,0.16400963137357324,84
3717,1,5960,2949,3011,0,0,0,1.0,1,1.0,1,1.0,1,0.16473708216207034,86
3718,0,5960,2949,3011,0,0,0,1.0,1,1.0,1,1.0,1,0.17593103854154085,85
3719,2,5962,2950,3012,0,0,0,1.0,1,1.0,1,1.0,1,0.17911913267245044,84
3720,0,5962,2950,3012,0,0,0,1.0,1,1.0,1,1.0,1,0.19844468653731706,84
3721,7,5969,2954,3015,0,0,0,1.0,1,1.0,1,1.0,1,0.18841410254980995,85
3722,2,5971,2954,3017,0,0,0,1.0,1,1.0,1,1.0,1,0.17701409625239561,85
3723,0,5971,2954,3017,0,0,0,1.0,1,1.0,1,1.0,1,0.19107899629080718,85
3724,1,5972,2954,3018,0,0,0,1.0,1,1.0,1,1.0,1,0.17129625347151645,86
3725,2,5974,2956,3018,0,0,0,1.0,1,1.0,1,1.0,1,0.16723718742332172,86
3726,0,5974,2956,3018,0,0,0,1.0,1,1.0,1,1.0,1,0.16723718742332172,86
3727,0,5974,2956,3018,0,0,0,1.0,1,1.0,1,1.0,1,0.16723718742332172,86
3728,1,5975,2957,3018,0,0,0,1.0,1,1.0,1,1.0,1,0.19294758456557712,86
3729,3,5978,2957,3021,0,0,0,1.0,1,1.0,1,1.0,1,0.16722313289169474,86
3730,0,5978,2957,3021,0,0,0,1.0,1,1.0,1,1.0,1,0.17604815688070014,85
3731,0,5978,2957,3021,0,0,0,1.0,1,1.0,1,1.0,1,0.18688314325756286,86
3732,2,5980,2958,3022,0,0,0,1.0,1,1.0,1,1.0,1,0.18477489349494033,87
3733,1,5981,2959,3022,0,0,0,1.0,1,1.0,1,1.0,1,0.19414104856980963,87
3734,0,5981,2959,3022,0,0,0,1.0,1,1.0,1,1.0,1,0.19414104856980963,87
3735,4,5985,2961,3024,0,0,0,1.0,1,1.0,1,1.0,1,0.22135706240313743,86
3736,0,5985,2961,3024,0,0,0,1.0,1,1.0,1,1.0,1,0.2030695453956715,87
3737,4,5989,2961,3028,0,0,0,1.0,1,1.0,1,1.0,1,0.17449103296745822,87
3738,1,5990,2961,3029,0,0,0,1.0,1,1.0,1,1.0,1,0.17982409344907177,87
3739,2,5992,2961,3031,0,0,0,1.0,1,1.0,1,1.0,1,0.1683859275629145,88
3740,2,5994,2963,3031,0,0,0,1.0,1,1.0,1,1.0,1,0.19911302719442125,87
3741,5,5999,2963,3036,0,0,0,1.0,1,1.0,1,1.0,1,0.17524902792023864,87
3742,1,6000,2964,3036,0,0,0,1.0,1,1.0,1,1.0,1,0.1876616445217524,86
3743,1,6001,2965,3036,0,0,0,1.0,1,1.0,1,1.0,1,0.1992728144021206,84
3744,2,6003,2967,3036,0,0,0,1.0,1,1.0,1,1.0,1,0.22011772800673818,83
3745,6,6009,2967,3042,0,0,0,1.0,1,1.0,1,1.0,1,0.15498499651411252,83
3746,1,6010,2968,3042,0,0,0,1.0,1,1.0,1,1.0,1,0.18904692860706426,83
3747,2,6012,2968,3044,0,0,0,1.0,1,1.0,1,1.0,1,0.1701816270107831,81
3748,1,6013,2968,3045,0,0,0,1.0,1,1.0,1,1.0,1,0.17073566272467441,81
3749,3,6016,2968,3048,0,0,0,1.0,1,1.0,1,1.0,1,0.15560594648416498,80
3750,0,6016,2968,3048,0,0,0,1.0,1,1.0,1,1.0,1,0.15780524449401384,79
3751,3,6019,2971,3048,0,0,0,1.0,1,1.0,1,1.0,1,0.1809387700800998,80
3752,3,6022,2973,3049,0,0,0,1.0,1,1.0,1,1.0,1,0.1953755605477874,80
3753,4,6026,2976,3050,0,0,0,1.0,1,1.0,1,1.0,1,0.1999189731845249,81
3754,1,6027,2977,3050,0,0,0,1.0,1,1.0,1,1.0,1,0.23146063854906948,81
3755,2,6029,2977,3052,0,0,0,1.0,1,1.0,1,1.0,1,0.22627784791026204,80
3756,2,6031,2978,3053,0,0,0,1.0,1,1.0,1,1.0,1,0.23501724604855556,79
3757,4,6035,2978,3057,0,0,0,1.0,1,1.0,1,1.0,1,0.20530421349492714,80
3758,0,6035,2978,3057,0,0,0,1.0,1,1.0,1,1.0,1,0.21263086069407544,79
3759,1,6036,2979,3057,0,0,0,1.0,1,1.0,1,1.0,1,0.22836622376122515,79
3760,0,6036,2979,3057,0,0,0,1.0,1,1.0,1,1.0,1,0.22836622376122515,79
3761,1,6037,2979,3058,0,0,0,1.0,1,1.0,1,1.0,1,0.23309073775823774,78
3762,2,6039,2979,3060,0,0,0,1.0,1,1.0,1,1.0,1,0.2200449532343071,80
3763,0,6039,2979,3060,0,0,0,1.0,1,1.0,1,1.0,1,0.2200449532343071,80
3764,3,6042,2981,3061,0,0,0,1.0,1,1.0,1,1.0,1,0.2398382681481286,80
3765,2,6044,2981,3063,0,0,0,1.0,1,1.0,1,1.0,1,0.23041830881511,81
3766,4,6048,2982,3066,0,0,0,1.0,1,1.0,1,1.0,1,0.2320488765380073,83
3767,1,6049,2983,3066,0,0,0,1.0,1,1.0,1,1.0,1,0.22455876508359057,83
3768,2,6051,2984,3067,0,0,0,1.0,1,1.0,1,1.0,1,0.21863040167685777,84
3769,1,6052,2984,3068,0,0,0,1.0,1,1.0,1,1.0,1,0.19631629839083595,86
3770,2,6054,2984,3070,0,0,0,1.0,1,1.0,1,1.0,1,0.1932104250708476,87
3771,2,6056,2985,3071,0,0,0,1.0,1,1.0,1,1.0,1,0.19005266379175864,87
3772,4,6060,2985,3075,0,0,0,1.0,1,1.0,1,1.0,1,0.1721429663447134,88
3773,1,6061,2985,3076,0,0,0,1.0,1,1.0,1,1.0,1,0.17889640044811392,85
3774,2,6063,2986,3077,0,0,0,1.0,1,1.0,1,1.0,1,0.1780875790103079,85
3775,2,6065,2987,3078,0,0,0,1.0,1,1.0,1,1.0,1,0.20138749450027268,83
3776,1,6066,2988,3078,0,0,0,1.0,1,1.0,1,1.0,1,0.2120958208458745,82
3777,5,6071,2989,3082,0,0,0,1.0,1,1.0,1,1.0,1,0.18253549208207728,81
3778,1,6072,2989,3083,0,0,0,1.0,1,1.0,1,1.0,1,0.18231602517559006,81
3779,2,6074,2991,3083,0,0,0,1.0,1,1.0,1,1.0,1,0.21362298055009807,80
3780,1,6075,2991,3084,0,0,0,1.0,1,1.0,1,1.0,1,0.20752459890462008,80
3781,2,6077,2991,3086,0,0,0,1.0,1,1.0,1,1.0,1,0.1959822690493497,80
3782,2,6079,2992,3087,0,0,0,1.0,1,1.0,1,1.0,1,0.20086439331947284,80
3783,1,6080,2993,3087,0,0,0,1.0,1,1.0,1,1.0,1,0.20762058414573564,80
3784,1,6081,2993,3088,0,0,0,1.0,1,1.0,1,1.0,1,0.19893925118029346,79
3785,3,6084,2993,3091,0,0,0,1.0,1,1.0,1,1.0,1,0.18220841695300688,77
3786,1,6085,2994,3091,0,0,0,1.0,1,1.0,1,1.0,1,0.17617873334094772,78
3787,1,6086,2995,3091,0,0,0,1.0,1,1.0,1,1.0,1,0.16798249118906083,77
3788,0,6086,2995,3091,0,0,0,1.0,1,1.0,1,1.0,1,0.17499586752967833,78
3789,3,6089,2996,3093,0,0,0,1.0,1,1.0,1,1.0,1,0.17670609767285014,77
3790,1,6090,2997,3093,0,0,0,1.0,1,1.0,1,1.0,1,0.1938311944229605,77
3791,1,6091,2998,3093,0,0,0,1.0,1,1.0,1,1.0,1,0.19854605897739966,77
3792,1,6092,2998,3094,0,0,0,1.0,1,1.0,1,1.0,1,0.17720182196854903,78
3793,3,6095,2999,3096,0,0,0,1.0,1,1.0,1,1.0,1,0.18449606485427686,80
3794,5,6100,3000,3100,0,0,0,1.0,1,1.0,1,1.0,1,0.14024600268167342,82
3795,1,6101,3000,3101,0,0,0,1.0,1,1.0,1,1.0,1,0.14819441697282495,83
3796,1,6102,3001,3101,0,0,0,1.0,1,1.0,1,1.0,1,0.14258269001396162,83
3797,2,6104,3001,3103,0,0,0,1.0,1,1.0,1,1.0,1,0.14248469936564634,82
3798,0,6104,3001,3103,0,0,0,1.0,1,1.0,1,1.0,1,0.14591057542810365,82
3799,0,6104,3001,3103,0,0,0,1.0,1,1.0,1,1.0,1,0.15133370436403967,83
3800,1,6105,3002,3103,0,0,0,1.0,1,1.0,1,1.0,1,0.18032659135913093,83
3801,3,6108,3003,3105,0,0,0,1.0,1,1.0,1,1.0,1,0.16739933493680292,83
3802,0,6108,3003,3105,0,0,0,1.0,1,1.0,1,1.0,1,0.18029133414544218,82
3803,0,6108,3003,3105,0,0,0,1.0,1,1.0,1,1.0,1,0.18290518836128164,84
3804,0,6108,3003,3105,0,0,0,1.0,1,1.0,1,1.0,1,0.18290518836128164,84
3805,7,6115,3004,3111,0,0,0,1.0,1,1.0,1,1.0,1,0.1744933682230351,86
3806,1,6116,3004,3112,0,0,0,1.0,1,1.0,1,1.0,1,0.1689546698012776,86
3807,1,6117,3005,3112,0,0,0,1.0,1,1.0,1,1.0,1,0.18323553996212696,86
3808,1,6118,3006,3112,0,0,0,1.0,1,1.0,1,1.0,1,0.176469154625412,85
3809,3,6121,3007,3114,0,0,0,1.0,1,1.0,1,1.0,1,0.17990393871799393,85
3810,1,6122,3007,3115,0,0,0,1.0,1,1.0,1,1.0,1,0.17310212181071638,85
3811,1,6123,3008,3115,0,0,0,1.0,1,1.0,1,1.0,1,0.18209022028228802,84
3812,0,6123,3008,3115,0,0,0,1.0,1,1.0,1,1.0,1,0.1783515249773633,83
3813,0,6123,3008,3115,0,0,0,1.0,1,1.0,1,1.0,1,0.16695734277563803,82
3814,2,6125,3010,3115,0,0,0,1.0,1,1.0,1,1.0,1,0.18702123533260184,81
3815,2,6127,3010,3117,0,0,0,1.0,1,1.0,1,1.0,1,0.16927673112565014,82
3816,2,6129,3011,3118,0,0,0,1.0,1,1.0,1,1.0,1,0.16192920433148242,81
3817,1,6130,3011,3119,0,0,0,1.0,1,1.0,1,1.0,1,0.1527880265406223,81
3818,3,6133,3013,3120,0,0,0,1.0,1,1.0,1,1.0,1,0.19452625489872521,81
3819,3,6136,3014,3122,0,0,0,1.0,1,1.0,1,1.0,1,0.20357564185451021,82
3820,2,6138,3014,3124,0,0,0,1.0,1,1.0,1,1.0,1,0.19392894477575812,84
3821,3,6141,3015,3126,0,0,0,1.0,1,1.0,1,1.0,1,0.2092665883461288,84
3822,0,6141,3015,3126,0,0,0,1.0,1,1.0,1,1.0,1,0.18915001483774962,82
3823,3,6144,3018,3126,0,0,0,1.0,1,1.0,1,1.0,1,0.18200809911502017,81
3824,0,6144,3018,3126,0,0,0,1.0,1,1.0,1,1.0,1,0.1978966764385195,78
3825,6,6150,3018,3132,0,0,0,1.0,1,1.0,1,1.0,1,0.16993871578612904,76
3826,1,6151,3019,3132,0,0,0,1.0,1,1.0,1,1.0,1,0.20631001142727579,76
3827,0,6151,3019,3132,0,0,0,1.0,1,1.0,1,1.0,1,0.19497470267864056,75
3828,1,6152,3020,3132,0,0,0,1.0,1,1.0,1,1.0,1,0.19451512954264263,74
3829,3,6155,3021,3134,0,0,0,1.0,1,1.0,1,1.0,1,0.20300123624603672,74
3830,0,6155,3021,3134,0,0,0,1.0,1,1.0,1,1.0,1,0.20300123624603672,74
3831,2,6157,3023,3134,0,0,0,1.0,1,1.0,1,1.0,1,0.2376973622125477,74
3832,2,6159,3023,3136,0,0,0,1.0,1,1.0,1,1.0,1,0.2321307635089938,73
3833,5,6164,3026,3138,0,0,0,1.0,1,1.0,1,1.0,1,0.22436213020732332,73
3834,0,6164,3026,3138,0,0,0,1.0,1,1.0,1,1.0,1,0.22306316356011538,74
3835,2,6166,3027,3139,0,0,0,1.0,1,1.0,1,1.0,1,0.2401346909106205,75
3836,1,6167,3027,3140,0,0,0,1.0,1,1.0,1,1.0,1,0.2313325424444288,75
3837,4,6171,3028,3143,0,0,0,1.0,1,1.0,1,1.0,1,0.23420610694173327,78
3838,1,6172,3029,3143,0,0,0,1.0,1,1.0,1,1.0,1,0.23689306846920472,78
3839,1,6173,3029,3144,0,0,0,1.0,1,1.0,1,1.0,1,0.23479166559480855,79
3840,5,6178,3030,3148,0,0,0,1.0,1,1.0,1,1.0,1,0.21952843413472548,82
3841,2,6180,3030,3150,0,0,0,1.0,1,1.0,1,1.0,1,0.2045775479629064,82
3842,0,6180,3030,3150,0,0,0,1.0,1,1.0,1,1.0,1,0.2024956826077807,82
3843,1,6181,3030,3151,0,0,0,1.0,1,1.0,1,1.0,1,0.19062344521562868,82
3844,1,6182,3031,3151,0,0,0,1.0,1,1.0,1,1.0,1,0.19618894546758595,83
3845,3,6185,3031,3154,0,0,0,1.0,1,1.0,1,1.0,1,0.18985786786388534,84
3846,1,6186,3031,3155,0,0,0,1.0,1,1.0,1,1.0,1,0.18548312894660574,85
3847,0,6186,3031,3155,0,0,0,1.0,1,1.0,1,1.0,1,0.19750210359498516,84
3848,1,6187,3032,3155,0,0,0,1.0,1,1.0,1,1.0,1,0.21362428448776732,84
3849,2,6189,3032,3157,0,0,0,1.0,1,1.0,1,1.0,1,0.19024790755582555,83
3850,0,6189,3032,3157,0,0,0,1.0,1,1.0,1,1.0,1,0.20798654211008755,80
3851,1,6190,3032,3158,0,0,0,1.0,1,1.0,1,1.0,1,0.1992856685825731,80
3852,0,6190,3032,3158,0,0,0,1.0,1,1.0,1,1.0,1,0.22348400244020694,79
3853,2,6192,3033,3159,0,0,0,1.0,1,1.0,1,1.0,1,0.22711097054296242,79
3854,2,6194,3035,3159,0,0,0,1.0,1,1.0,1,1.0,1,0.2507569667346434,78
3855,2,6196,3036,3160,0,0,0,1.0,1,1.0,1,1.0,1,0.2584583612098783,78
3856,3,6199,3037,3162,0,0,0,1.0,1,1.0,1,1.0,1,0.2721219638545357,80
3857,6,6205,3038,3167,0,0,0,1.0,1,1.0,1,1.0,1,0.23719795111297562,81
3858,1,6206,3039,3167,0,0,0,1.0,1,1.0,1,1.0,1,0.24681512777949757,81
3859,2,6208,3039,3169,0,0,0,1.0,1,1.0,1,1.0,1,0.2313323633703389,83
3860,2,6210,3040,3170,0,0,0,1.0,1,1.0,1,1.0,1,0.2461164159580307,82
3861,4,6214,3041,3173,0,0,0,1.0,1,1.0,1,1.0,1,0.25592995468266455,84
3862,2,6216,3042,3174,0,0,0,1.0,1,1.0,1,1.0,1,0.26151002060995815,85
3863,1,6217,3042,3175,0,0,0,1.0,1,1.0,1,1.0,1,0.2463639936155403,84
3864,1,6218,3043,3175,0,0,0,1.0,1,1.0,1,1.0,1,0.24332060454301185,83
3865,1,6219,3044,3175,0,0,0,1.0,1,1.0,1,1.0,1,0.24382397543677156,82
3866,1,6220,3045,3175,0,0,0,1.0,1,1.0,1,1.0,1,0.24458250091300174,81
3867,6,6226,3049,3177,0,0,0,1.0,1,1.0,1,1.0,1,0.22580707154011312,81
3868,1,6227,3050,3177,0,0,0,1.0,1,1.0,1,1.0,1,0.23024775859037075,81
3869,4,6231,3052,3179,0,0,0,1.0,1,1.0,1,1.0,1,0.23355063667544615,81
3870,0,6231,3052,3179,0,0,0,1.0,1,1.0,1,1.0,1,0.2076738246406967,80
3871,1,6232,3053,3179,0,0,0,1.0,1,1.0,1,1.0,1,0.21685381110680751,82
3872,3,6235,3054,3181,0,0,0,1.0,1,1.0,1,1.0,1,0.20453845690419048,81
3873,0,6235,3054,3181,0,0,0,1.0,1,1.0,1,1.0,1,0.20453845690419048,81
3874,1,6236,3054,3182,0,0,0,1.0,1,1.0,1,1.0,1,0.19546230930642844,78
3875,0,6236,3054,3182,0,0,0,1.0,1,1.0,1,1.0,1,0.19494040822298445,77
3876,2,6238,3055,3183,0,0,0,1.0,1,1.0,1,1.0,1,0.17835771748481877,78
3877,1,6239,3055,3184,0,0,0,1.0,1,1.0,1,1.0,1,0.18927758291241595,75
3878,2,6241,3057,3184,0,0,0,1.0,1,1.0,1,1.0,1,0.18563218843678087,75
3879,0,6241,3057,3184,0,0,0,1.0,1,1.0,1,1.0,1,0.20288414643235092,73
3880,0,6241,3057,3184,0,0,0,1.0,1,1.0,1,1.0,1,0.20235174203827416,74
3881,4,6245,3058,3187,0,0,0,1.0,1,1.0,1,1.0,1,0.19089724132814112,75
3882,1,6246,3058,3188,0,0,0,1.0,1,1.0,1,1.0,1,0.18963754895296428,76
3883,1,6247,3058,3189,0,0,0,1.0,1,1.0,1,1.0,1,0.17942013528128292,77
3884,2,6249,3058,3191,0,0,0,1.0,1,1.0,1,1.0,1,0.17010373499105408,78
3885,5,6254,3058,3196,0,0,0,1.0,1,1.0,1,1.0,1,0.12771846533375944,78
3886,2,6256,3059,3197,0,0,0,1.0,1,1.0,1,1.0,1,0.13429298561659023,79
3887,2,6258,3061,3197,0,0,0,1.0,1,1.0,1,1.0,1,0.15258673603107226,78
3888,3,6261,3062,3199,0,0,0,1.0,1,1.0,1,1.0,1,0.17614276246945706,80
3889,4,6265,3062,3203,0,0,0,1.0,1,1.0,1,1.0,1,0.14377613981760137,82
3890,3,6268,3064,3204,0,0,0,1.0,1,1.0,1,1.0,1,0.1460090872236228,82
3891,3,6271,3067,3204,0,0,0,1.0,1,1.0,1,1.0,1,0.16160168567294914,85
3892,3,6274,3068,3206,0,0,0,1.0,1,1.0,1,1.0,1,0.17150674415899053,87
3893,4,6278,3068,3210,0,0,0,1.0,1,1.0,1,1.0,1,0.13402111551298715,86
3894,0,6278,3068,3210,0,0,0,1.0,1,1.0,1,1.0,1,0.13984762823914426,87
3895,2,6280,3069,3211,0,0,0,1.0,1,1.0,1,1.0,1,0.14038737848109492,87
3896,2,6282,3070,3212,0,0,0,1.0,1,1.0,1,1.0,1,0.15670632578539703,85
3897,3,6285,3072,3213,0,0,0,1.0,1,1.0,1,1.0,1,0.16169248267373643,85
3898,1,6286,3073,3213,0,0,0,1.0,1,1.0,1,1.0,1,0.16926075352597456,86
3899,1,6287,3074,3213,0,0,0,1.0,1,1.0,1,1.0,1,0.16927917622101285,86
3900,2,6289,3075,3214,0,0,0,1.0,1,1.0,1,1.0,1,0.18413413588664065,86
3901,2,6291,3077,3214,0,0,0,1.0,1,1.0,1,1.0,1,0.19261227241628054,86
3902,1,6292,3078,3214,0,0,0,1.0,1,1.0,1,1.0,1,0.1916989375953574,87
3903,2,6294,3079,3215,0,0,0,1.0,1,1.0,1,1.0,1,0.1913663108644753,87
3904,3,6297,3081,3216,0,0,0,1.0,1,1.0,1,1.0,1,0.18894430038003424,85
3905,2,6299,3081,3218,0,0,0,1.0,1,1.0,1,1.0,1,0.1707423569853102,84
3906,3,6302,3082,3220,0,0,0,1.0,1,1.0,1,1.0,1,0.15393296456999958,86
3907,0,6302,3082,3220,0,0,0,1.0,1,1.0,1,1.0,1,0.14959271913487554,84
3908,0,6302,3082,3220,0,0,0,1.0,1,1.0,1,1.0,1,0.14491177956167153,83
3909,4,6306,3084,3222,0,0,0,1.0,1,1.0,1,1.0,1,0.163480465545336,81
3910,4,6310,3088,3222,0,0,0,1.0,1,1.0,1,1.0,1,0.18998495506432486,82
3911,1,6311,3088,3223,0,0,0,1.0,1,1.0,1,1.0,1,0.17570524342323043,81
3912,0,6311,3088,3223,0,0,0,1.0,1,1.0,1,1.0,1,0.17325703358264447,80
3913,9,6320,3091,3229,0,0,0,1.0,1,1.0,1,1.0,1,0.13080194665812886,80
3914,3,6323,3092,3231,0,0,0,1.0,1,1.0,1,1.0,1,0.13639646209705025,81
3915,3,6326,3094,3232,0,0,0,1.0,1,1.0,1,1.0,1,0.15488720841951234,81
3916,2,6328,3095,3233,0,0,0,1.0,1,1.0,1,1.0,1,0.18494935681062583,81
3917,9,6337,3097,3240,0,0,0,1.0,1,1.0,1,1.0,1,0.12603058524050834,82
3918,6,6343,3099,3244,0,0,0,1.0,1,1.0,1,1.0,1,0.1610086062272218,85
3919,2,6345,3100,3245,0,0,0,1.0,1,1.0,1,1.0,1,0.18035150715841103,85
3920,5,6350,3101,3249,0,0,0,1.0,1,1.0,1,1.0,1,0.17286339196252246,85
3921,6,6356,3101,3255,0,0,0,1.0,1,1.0,1,1.0,1,0.13176874087452645,88
3922,1,6357,3101,3256,0,0,0,1.0,1,1.0,1,1.0,1,0.12947998705507374,88
3923,1,6358,3102,3256,0,0,0,1.0,1,1.0,1,1.0,1,0.14134619133010787,89
3924,1,6359,3102,3257,0,0,0,1.0,1,1.0,1,1.0,1,0.13418526231487027,90
3925,2,6361,3104,3257,0,0,0,1.0,1,1.0,1,1.0,1,0.13888537027905148,88
3926,2,6363,3105,3258,0,0,0,1.0,1,1.0,1,1.0,1,0.15327088348151516,89
3927,5,6368,3106,3262,0,0,0,1.0,1,1.0,1,1.0,1,0.14085162721100616,89
3928,0,6368,3106,3262,0,0,0,1.0,1,1.0,1,1.0,1,0.13616150854885986,88
3929,1,6369,3106,3263,0,0,0,1.0,1,1.0,1,1.0,1,0.12561148499325162,88
3930,0,6369,3106,3263,0,0,0,1.0,1,1.0,1,1.0,1,0.1334164575807658,87
3931,1,6370,3107,3263,0,0,0,1.0,1,1.0,1,1.0,1,0.13974604760682777,86
3932,1,6371,3108,3263,0,0,0,1.0,1,1.0,1,1.0,1,0.14772063377439745,85
3933,2,6373,3109,3264,0,0,0,1.0,1,1.0,1,1.0,1,0.15753222927125207,84
3934,2,6375,3110,3265,0,0,0,1.0,1,1.0,1,1.0,1,0.16692625492403343,85
3935,1,6376,3110,3266,0,0,0,1.0,1,1.0,1,1.0,1,0.15786201708658745,84
3936,0,6376,3110,3266,0,0,0,1.0,1,1.0,1,1.0,1,0.15657160817911928,84
3937,1,6377,3110,3267,0,0,0,1.0,1,1.0,1,1.0,1,0.1483653266721227,82
3938,1,6378,3110,3268,0,0,0,1.0,1,1.0,1,1.0,1,0.14016531895861695,82
3939,1,6379,3110,3269,0,0,0,1.0,1,1.0,1,1.0,1,0.12902171810514426,84
3940,1,6380,3111,3269,0,0,0,1.0,1,1.0,1,1.0,1,0.1321374249084429,84
3941,2,6382,3111,3271,0,0,0,1.0,1,1.0,1,1.0,1,0.11605750544708701,85
3942,2,6384,3113,3271,0,0,0,1.0,1,1.0,1,1.0,1,0.12381163041868226,85
3943,1,6385,3114,3271,0,0,0,1.0,1,1.0,1,1.0,1,0.10785668019697835,84
3944,3,6388,3117,3271,0,0,0,1.0,1,1.0,1,1.0,1,0.16210910295098088,83
3945,3,6391,3118,3273,0,0,0,1.0,1,1.0,1,1.0,1,0.14058429699636923,83
3946,1,6392,3119,3273,0,0,0,1.0,1,1.0,1,1.0,1,0.1585287767592668,83
3947,2,6394,3120,3274,0,0,0,1.0,1,1.0,1,1.0,1,0.1518349546254507,83
3948,3,6397,3122,3275,0,0,0,1.0,1,1.0,1,1.0,1,0.15800656686563982,84
3949,3,6400,3122,3278,0,0,0,1.0,1,1.0,1,1.0,1,0.15589013084531275,84
3950,2,6402,3123,3279,0,0,0,1.0,1,1.0,1,1.0,1,0.16498794334056158,86
3951,1,6403,3123,3280,0,0,0,1.0,1,1.0,1,1.0,1,0.1718694125807973,87
3952,1,6404,3123,3281,0,0,0,1.0,1,1.0,1,1.0,1,0.16872133740077724,86
3953,5,6409,3125,3284,0,0,0,1.0,1,1.0,1,1.0,1,0.1679762300823159,86
3954,4,6413,3125,3288,0,0,0,1.0,1,1.0,1,1.0,1,0.12769851411408348,85
3955,1,6414,3126,3288,0,0,0,1.0,1,1.0,1,1.0,1,0.14514627133436794,85
3956,0,6414,3126,3288,0,0,0,1.0,1,1.0,1,1.0,1,0.1530245832707981,84
3957,3,6417,3127,3290,0,0,0,1.0,1,1.0,1,1.0,1,0.13086587282001888,85
3958,1,6418,3128,3290,0,0,0,1.0,1,1.0,1,1.0,1,0.13518658464792235,84
3959,1,6419,3128,3291,0,0,0,1.0,1,1.0,1,1.0,1,0.13749097312230765,83
3960,1,6420,3129,3291,0,0,0,1.0,1,1.0,1,1.0,1,0.14800354347721092,84
3961,0,6420,3129,3291,0,0,0,1.0,1,1.0,1,1.0,1,0.1561470094128903,83
3962,1,6421,3130,3291,0,0,0,1.0,1,1.0,1,1.0,1,0.15956085082324384,84
3963,0,6421,3130,3291,0,0,0,1.0,1,1.0,1,1.0,1,0.1725128056878691,81
3964,1,6422,3131,3291,0,0,0,1.0,1,1.0,1,1.0,1,0.17274525614300767,81
3965,3,6425,3131,3294,0,0,0,1.0,1,1.0,1,1.0,1,0.15163117037534893,81
3966,2,6427,3133,3294,0,0,0,1.0,1,1.0,1,1.0,1,0.17647964654995202,79
3967,2,6429,3134,3295,0,0,0,1.0,1,1.0,1,1.0,1,0.18821687412681803,81
3968,2,6431,3136,3295,0,0,0,1.0,1,1.0,1,1.0,1,0.19616962642002106,79
3969,7,6438,3139,3299,0,0,0,1.0,1,1.0,1,1.0,1,0.17108541601132535,79
3970,4,6442,3141,3301,0,0,0,1.0,1,1.0,1,1.0,1,0.1699631097453749,78
3971,0,6442,3141,3301,0,0,0,1.0,1,1.0,1,1.0,1,0.16752193719606154,77
3972,1,6443,3142,3301,0,0,0,1.0,1,1.0,1,1.0,1,0.16994730168413094,78
3973,0,6443,3142,3301,0,0,0,1.0,1,1.0,1,1.0,1,0.16551435168851555,77
3974,0,6443,3142,3301,0,0,0,1.0,1,1.0,1,1.0,1,0.16551435168851555,77
3975,2,6445,3144,3301,0,0,0,1.0,1,1.0,1,1.0,1,0.21252407926521488,76
3976,1,6446,3144,3302,0,0,0,1.0,1,1.0,1,1.0,1,0.21972864984901347,77
3977,1,6447,3144,3303,0,0,0,1.0,1,1.0,1,1.0,1,0.2158783851021914,78
3978,4,6451,3145,3306,0,0,0,1.0,1,1.0,1,1.0,1,0.22665926591107297,79
3979,1,6452,3145,3307,0,0,0,1.0,1,1.0,1,1.0,1,0.22098789165514846,79
3980,0,6452,3145,3307,0,0,0,1.0,1,1.0,1,1.0,1,0.22098789165514846,79
3981,5,6457,3147,3310,0,0,0,1.0,1,1.0,1,1.0,1,0.22313702259628768,83
3982,2,6459,3148,3311,0,0,0,1.0,1,1.0,1,1.0,1,0.2240997670971565,83
3983,2,6461,3149,3312,0,0,0,1.0,1,1.0,1,1.0,1,0.21204909577053155,82
3984,3,6464,3151,3313,0,0,0,1.0,1,1.0,1,1.0,1,0.22827357452009991,83
3985,5,6469,3153,3316,0,0,0,1.0,1,1.0,1,1.0,1,0.21451391750991386,84
3986,3,6472,3155,3317,0,0,0,1.0,1,1.0,1,1.0,1,0.23233638291422168,83
3987,2,6474,3156,3318,0,0,0,1.0,1,1.0,1,1.0,1,0.23282494343696766,82
3988,1,6475,3156,3319,0,0,0,1.0,1,1.0,1,1.0,1,0.23581048038207794,83
3989,3,6478,3156,3322,0,0,0,1.0,1,1.0,1,1.0,1,0.22418551448386637,81
3990,4,6482,3156,3326,0,0,0,1.0,1,1.0,1,1.0,1,0.19113375055552595,81
3991,3,6485,3158,3327,0,0,0,1.0,1,1.0,1,1.0,1,0.21232122599192232,79
3992,1,6486,3159,3327,0,0,0,1.0,1,1.0,1,1.0,1,0.19837457408614428,81
3993,1,6487,3159,3328,0,0,0,1.0,1,1.0,1,1.0,1,0.19555486456716234,80
3994,2,6489,3160,3329,0,0,0,1.0,1,1.0,1,1.0,1,0.18380517333536978,80
3995,2,6491,3162,3329,0,0,0,1.0,1,1.0,1,1.0,1,0.18773761581104306,81
3996,1,6492,3162,3330,0,0,0,1.0,1,1.0,1,1.0,1,0.20946343624371852,80
3997,3,6495,3162,3333,0,0,0,1.0,1,1.0,1,1.0,1,0.1839990825565727,81
3998,0,6495,3162,3333,0,0,0,1.0,1,1.0,1,1.0,1,0.17317770070576052,82
3999,1,6496,3162,3334,0,0,0,1.0,1,1.0,1,1.0,1,0.1687855010285725,82
4000,3,6499,3165,3334,0,0,0,1.0,1,1.0,1,1.0,1,0.19914903912157275,82
4001,3,6502,3165,3337,0,0,0,1.0,1,1.0,1,1.0,1,0.17123983360906953,81
4002,1,6503,3166,3337,0,0,0,1.0,1,1.0,1,1.0,1,0.16744509444699837,81
4003,1,6504,3167,3337,0,0,0,1.0,1,1.0,1,1.0,1,0.17351915962582848,81
4004,1,6505,3168,3337,0,0,0,1.0,1,1.0,1,1.0,1,0.19323620124448887,80
4005,2,6507,3170,3337,0,0,0,1.0,1,1.0,1,1.0,1,0.22263926931948774,78
4006,1,6508,3171,3337,0,0,0,1.0,1,1.0,1,1.0,1,0.22713108513478,76
4007,3,6511,3172,3339,0,0,0,1.0,1,1.0,1,1.0,1,0.23259855841566213,75
4008,4,6515,3174,3341,0,0,0,1.0,1,1.0,1,1.0,1,0.2322409907813017,74
4009,10,6525,3176,3349,0,0,0,1.0,1,1.0,1,1.0,1,0.2029831156494874,75
4010,0,6525,3176,3349,0,0,0,1.0,1,1.0,1,1.0,1,0.20646642514255062,75
4011,2,6527,3178,3349,0,0,0,1.0,1,1.0,1,1.0,1,0.19085032773968336,74
4012,1,6528,3179,3349,0,0,0,1.0,1,1.0,1,1.0,1,0.19596177963127798,74
4013,3,6531,3180,3351,0,0,0,1.0,1,1.0,1,1.0,1,0.19787077711728782,74
4014,0,6531,3180,3351,0,0,0,1.0,1,1.0,1,1.0,1,0.20964726790419147,73
4015,0,6531,3180,3351,0,0,0,1.0,1,1.0,1,1.0,1,0.2181322107368901,74
4016,1,6532,3180,3352,0,0,0,1.0,1,1.0,1,1.0,1,0.23191102259374857,74
4017,6,6538,3182,3356,0,0,0,1.0,1,1.0,1,1.0,1,0.2135265144517801,78
4018,1,6539,3183,3356,0,0,0,1.0,1,1.0,1,1.0,1,0.22927358444650572,78
4019,1,6540,3184,3356,0,0,0,1.0,1,1.0,1,1.0,1,0.22993842066807374,78
4020,0,6540,3184,3356,0,0,0,1.0,1,1.0,1,1.0,1,0.22993842066807374,78
4021,0,6540,3184,3356,0,0,0,1.0,1,1.0,1,1.0,1,0.22993842066807374,78
4022,2,6542,3185,3357,0,0,0,1.0,1,1.0,1,1.0,1,0.22986649652781305,79
4023,0,6542,3185,3357,0,0,0,1.0,1,1.0,1,1.0,1,0.2242302496473753,78
4024,2,6544,3186,3358,0,0,0,1.0,1,1.0,1,1.0,1,0.2143509108069847,77
4025,2,6546,3188,3358,0,0,0,1.0,1,1.0,1,1.0,1,0.22410859661199828,76
4026,2,6548,3190,3358,0,0,0,1.0,1,1.0,1,1.0,1,0.23245012873450258,76
4027,2,6550,3191,3359,0,0,0,1.0,1,1.0,1,1.0,1,0.2245855582656464,75
4028,5,6555,3193,3362,0,0,0,1.0,1,1.0,1,1.0,1,0.22237201261000478,76
4029,5,6560,3194,3366,0,0,0,1.0,1,1.0,1,1.0,1,0.21345183975800425,75
4030,1,6561,3194,3367,0,0,0,1.0,1,1.0,1,1.0,1,0.20489885350539863,74
4031,3,6564,3197,3367,0,0,0,1.0,1,1.0,1,1.0,1,0.22425714009918843,73
4032,0,6564,3197,3367,0,0,0,1.0,1,1.0,1,1.0,1,0.2289993480850589,71
4033,4,6568,3198,3370,0,0,0,1.0,1,1.0,1,1.0,1,0.1977749926674075,73
4034,3,6571,3200,3371,0,0,0,1.0,1,1.0,1,1.0,1,0.175646644386917,72
4035,0,6571,3200,3371,0,0,0,1.0,1,1.0,1,1.0,1,0.1897504369220408,71
4036,2,6573,3202,3371,0,0,0,1.0,1,1.0,1,1.0,1,0.1912098086316591,71
4037,2,6575,3203,3372,0,0,0,1.0,1,1.0,1,1.0,1,0.20389324155642446,70
4038,0,6575,3203,3372,0,0,0,1.0,1,1.0,1,1.0,1,0.22156575199445994,69
4039,3,6578,3204,3374,0,0,0,1.0,1,1.0,1,1.0,1,0.2678992250533605,68
4040,2,6580,3205,3375,0,0,0,1.0,1,1.0,1,1.0,1,0.267125298479263,69
4041,2,6582,3205,3377,0,0,0,1.0,1,1.0,1,1.0,1,0.25704792361704915,67
4042,0,6582,3205,3377,0,0,0,1.0,1,1.0,1,1.0,1,0.28631495212975705,67
4043,1,6583,3206,3377,0,0,0,1.0,1,1.0,1,1.0,1,0.32194000397528777,66
4044,3,6586,3208,3378,0,0,0,1.0,1,1.0,1,1.0,1,0.3283878082121312,65
4045,2,6588,3208,3380,0,0,0,1.0,1,1.0,1,1.0,1,0.31461049356090165,66
4046,0,6588,3208,3380,0,0,0,1.0,1,1.0,1,1.0,1,0.33125697936462184,68
4047,0,6588,3208,3380,0,0,0,1.0,1,1.0,1,1.0,1,0.33125697936462184,68
4048,0,6588,3208,3380,0,0,0,1.0,1,1.0,1,1.0,1,0.33954983839103187,69
4049,1,6589,3208,3381,0,0,0,1.0,1,1.0,1,1.0,1,0.3324498866083969,69
4050,0,6589,3208,3381,0,0,0,1.0,1,1.0,1,1.0,1,0.33427286256967265,69
4051,0,6589,3208,3381,0,0,0,1.0,1,1.0,1,1.0,1,0.33427286256967265,69
4052,2,6591,3209,3382,0,0,0,1.0,1,1.0,1,1.0,1,0.3299514560198378,69
4053,5,6596,3209,3387,0,0,0,1.0,1,1.0,1,1.0,1,0.2854214979809074,69
4054,0,6596,3209,3387,0,0,0,1.0,1,1.0,1,1.0,1,0.2822976858498704,70
4055,1,6597,3209,3388,0,0,0,1.0,1,1.0,1,1.0,1,0.26581800454903504,70
4056,0,6597,3209,3388,0,0,0,1.0,1,1.0,1,1.0,1,0.26581800454903504,70
4057,1,6598,3209,3389,0,0,0,1.0,1,1.0,1,1.0,1,0.25749940503425195,71
4058,0,6598,3209,3389,0,0,0,1.0,1,1.0,1,1.0,1,0.25749940503425195,71
4059,1,6599,3210,3389,0,0,0,1.0,1,1.0,1,1.0,1,0.2624186792184055,72
4060,0,6599,3210,3389,0,0,0,1.0,1,1.0,1,1.0,1,0.2722868688735655,71
4061,2,6601,3211,3390,0,0,0,1.0,1,1.0,1,1.0,1,0.28773509817246246,72
4062,5,6606,3213,3393,0,0,0,1.0,1,1.0,1,1.0,1,0.26053060053188654,72
4063,3,6609,3215,3394,0,0,0,1.0,1,1.0,1,1.0,1,0.27066347513870975,72
4064,3,6612,3217,3395,0,0,0,1.0,1,1.0,1,1.0,1,0.26434000014936804,71
4065,2,6614,3219,3395,0,0,0,1.0,1,1.0,1,1.0,1,0.2549703313558484,70
4066,4,6618,3221,3397,0,0,0,1.0,1,1.0,1,1.0,1,0.2582465557866885,70
4067,4,6622,3222,3400,0,0,0,1.0,1,1.0,1,1.0,1,0.22646425166890644,68
4068,2,6624,3223,3401,0,0,0,1.0,1,1.0,1,1.0,1,0.23435372114932812,70
4069,5,6629,3225,3404,0,0,0,1.0,1,1.0,1,1.0,1,0.22691392753347928,68
4070,3,6632,3226,3406,0,0,0,1.0,1,1.0,1,1.0,1,0.20735897173019457,67
4071,2,6634,3227,3407,0,0,0,1.0,1,1.0,1,1.0,1,0.2347080378347312,68
4072,7,6641,3231,3410,0,0,0,1.0,1,1.0,1,1.0,1,0.20078592049743846,70
4073,6,6647,3233,3414,0,0,0,1.0,1,1.0,1,1.0,1,0.16630583553957423,70
4074,5,6652,3237,3415,0,0,0,1.0,1,1.0,1,1.0,1,0.20554181050633566,71
4075,3,6655,3239,3416,0,0,0,1.0,1,1.0,1,1.0,1,0.23143459187866647,72
4076,4,6659,3242,3417,0,0,0,1.0,1,1.0,1,1.0,1,0.23629065526146986,73
4077,3,6662,3243,3419,0,0,0,1.0,1,1.0,1,1.0,1,0.2342649165054784,72
4078,5,6667,3247,3420,0,0,0,1.0,1,1.0,1,1.0,1,0.27531914284844194,71
4079,2,6669,3248,3421,0,0,0,1.0,1,1.0,1,1.0,1,0.26661848583635106,69
4080,1,6670,3249,3421,0,0,0,1.0,1,1.0,1,1.0,1,0.27850806462515265,67
4081,5,6675,3249,3426,0,0,0,1.0,1,1.0,1,1.0,1,0.2202181858285572,66
4082,0,6675,3249,3426,0,0,0,1.0,1,1.0,1,1.0,1,0.24111734762090625,65
4083,2,6677,3250,3427,0,0,0,1.0,1,1.0,1,1.0,1,0.24202653394647958,64
4084,2,6679,3252,3427,0,0,0,1.0,1,1.0,1,1.0,1,0.2594170555848613,64
4085,2,6681,3252,3429,0,0,0,1.0,1,1.0,1,1.0,1,0.22737576379970464,65
4086,2,6683,3253,3430,0,0,0,1.0,1,1.0,1,1.0,1,0.2168510534840562,66
4087,1,6684,3254,3430,0,0,0,1.0,1,1.0,1,1.0,1,0.2147823200679937,66
4088,0,6684,3254,3430,0,0,0,1.0,1,1.0,1,1.0,1,0.2372908149898879,65
4089,1,6685,3254,3431,0,0,0,1.0,1,1.0,1,1.0,1,0.22799160852916522,65
4090,0,6685,3254,3431,0,0,0,1.0,1,1.0,1,1.0,1,0.2380506149560057,65
4091,1,6686,3254,3432,0,0,0,1.0,1,1.0,1,1.0,1,0.22658354440383824,65
4092,1,6687,3254,3433,0,0,0,1.0,1,1.0,1,1.0,1,0.23481749980691824,64
4093,2,6689,3254,3435,0,0,0,1.0,1,1.0,1,1.0,1,0.20188960123344252,66
4094,1,6690,3255,3435,0,0,0,1.0,1,1.0,1,1.0,1,0.22857790710096482,65
4095,3,6693,3256,3437,0,0,0,1.0,1,1.0,1,1.0,1,0.22491196102037034,65
4096,2,6695,3257,3438,0,0,0,1.0,1,1.0,1,1.0,1,0.22664308360554603,67
4097,7,6702,3259,3443,0,0,0,1.0,1,1.0,1,1.0,1,0.1856556512170106,67
4098,1,6703,3260,3443,0,0,0,1.0,1,1.0,1,1.0,1,0.20245558054105775,68
4099,1,6704,3260,3444,0,0,0,1.0,1,1.0,1,1.0,1,0.20324251811532207,69
4100,1,6705,3261,3444,0,0,0,1.0,1,1.0,1,1.0,1,0.20352031752687136,70
4101,6,6711,3262,3449,0,0,0,1.0,1,1.0,1,1.0,1,0.1719757471424217,71
4102,1,6712,3263,3449,0,0,0,1.0,1,1.0,1,1.0,1,0.16930198234986685,71
4103,0,6712,3263,3449,0,0,0,1.0,1,1.0,1,1.0,1,0.16832211419335721,71
4104,4,6716,3266,3450,0,0,0,1.0,1,1.0,1,1.0,1,0.20005094506210397,69
4105,4,6720,3266,3454,0,0,0,1.0,1,1.0,1,1.0,1,0.17833917818584008,67
4106,0,6720,3266,3454,0,0,0,1.0,1,1.0,1,1.0,1,0.1845524302687893,68
4107,2,6722,3266,3456,0,0,0,1.0,1,1.0,1,1.0,1,0.16277006457863527,70
4108,0,6722,3266,3456,0,0,0,1.0,1,1.0,1,1.0,1,0.16065625487462712,70
4109,1,6723,3266,3457,0,0,0,1.0,1,1.0,1,1.0,1,0.15802450409991137,69
4110,0,6723,3266,3457,0,0,0,1.0,1,1.0,1,1.0,1,0.14209332775412503,71
4111,1,6724,3266,3458,0,0,0,1.0,1,1.0,1,1.0,1,0.12782502939332627,70
4112,0,6724,3266,3458,0,0,0,1.0,1,1.0,1,1.0,1,0.12550896044203347,72
4113,0,6724,3266,3458,0,0,0,1.0,1,1.0,1,1.0,1,0.12550896044203347,72
4114,3,6727,3269,3458,0,0,0,1.0,1,1.0,1,1.0,1,0.19171644142617886,72
4115,1,6728,3270,3458,0,0,0,1.0,1,1.0,1,1.0,1,0.185828123257987,70
4116,1,6729,3271,3458,0,0,0,1.0,1,1.0,1,1.0,1,0.21143153484758317,67
4117,3,6732,3272,3460,0,0,0,1.0,1,1.0,1,1.0,1,0.21830152321674895,67
4118,2,6734,3272,3462,0,0,0,1.0,1,1.0,1,1.0,1,0.21665598577287495,66
4119,2,6736,3274,3462,0,0,0,1.0,1,1.0,1,1.0,1,0.2600137263087366,67
4120,0,6736,3274,3462,0,0,0,1.0,1,1.0,1,1.0,1,0.2712154028511753,64
4121,5,6741,3275,3466,0,0,0,1.0,1,1.0,1,1.0,1,0.26436697744236914,63
4122,2,6743,3277,3466,0,0,0,1.0,1,1.0,1,1.0,1,0.2677030061202405,63
4123,3,6746,3279,3467,0,0,0,1.0,1,1.0,1,1.0,1,0.23280783266771818,61
4124,2,6748,3280,3468,0,0,0,1.0,1,1.0,1,1.0,1,0.23573549574188218,62
4125,3,6751,3281,3470,0,0,0,1.0,1,1.0,1,1.0,1,0.21796664675232422,60
4126,2,6753,3283,3470,0,0,0,1.0,1,1.0,1,1.0,1,0.23119293360985896,59
4127,3,6756,3284,3472,0,0,0,1.0,1,1.0,1,1.0,1,0.2297290233219714,60
4128,2,6758,3285,3473,0,0,0,1.0,1,1.0,1,1.0,1,0.22566244519876053,60
4129,1,6759,3285,3474,0,0,0,1.0,1,1.0,1,1.0,1,0.24396585607720805,60
4130,2,6761,3287,3474,0,0,0,1.0,1,1.0,1,1.0,1,0.24748336131847884,61
4131,2,6763,3288,3475,0,0,0,1.0,1,1.0,1,1.0,1,0.26195247612421585,60
4132,4,6767,3289,3478,0,0,0,1.0,1,1.0,1,1.0,1,0.2484959044983664,60
4133,1,6768,3289,3479,0,0,0,1.0,1,1.0,1,1.0,1,0.251313989215126,62
4134,4,6772,3292,3480,0,0,0,1.0,1,1.0,1,1.0,1,0.27786559300501307,63
4135,4,6776,3293,3483,0,0,0,1.0,1,1.0,1,1.0,1,0.2676321198135157,65
4136,0,6776,3293,3483,0,0,0,1.0,1,1.0,1,1.0,1,0.2676321198135157,65
4137,1,6777,3294,3483,0,0,0,1.0,1,1.0,1,1.0,1,0.2582996968118258,66
4138,3,6780,3295,3485,0,0,0,1.0,1,1.0,1,1.0,1,0.23695882366107832,67
4139,1,6781,3296,3485,0,0,0,1.0,1,1.0,1,1.0,1,0.24671307064628653,67
4140,0,6781,3296,3485,0,0,0,1.0,1,1.0,1,1.0,1,0.2346644853329182,66
4141,2,6783,3297,3486,0,0,0,1.0,1,1.0,1,1.0,1,0.2407685700324967,67
4142,0,6783,3297,3486,0,0,0,1.0,1,1.0,1,1.0,1,0.2407685700324967,67
4143,2,6785,3298,3487,0,0,0,1.0,1,1.0,1,1.0,1,0.23472280767610695,66
4144,1,6786,3299,3487,0,0,0,1.0,1,1.0,1,1.0,1,0.24713585004856448,64
4145,3,6789,3300,3489,0,0,0,1.0,1,1.0,1,1.0,1,0.23040831512741786,63
4146,4,6793,3301,3492,0,0,0,1.0,1,1.0,1,1.0,1,0.2101079858640078,62
4147,0,6793,3301,3492,0,0,0,1.0,1,1.0,1,1.0,1,0.2162196654282714,60
4148,4,6797,3302,3495,0,0,0,1.0,1,1.0,1,1.0,1,0.19982243570550867,62
4149,2,6799,3302,3497,0,0,0,1.0,1,1.0,1,1.0,1,0.19881105672927676,61
4150,2,6801,3303,3498,0,0,0,1.0,1,1.0,1,1.0,1,0.197103114494625,60
4151,1,6802,3304,3498,0,0,0,1.0,1,1.0,1,1.0,1,0.1912864287247275,60
4152,1,6803,3305,3498,0,0,0,1.0,1,1.0,1,1.0,1,0.20652851936714264,60
4153,0,6803,3305,3498,0,0,0,1.0,1,1.0,1,1.0,1,0.21276576864770322,58
4154,0,6803,3305,3498,0,0,0,1.0,1,1.0,1,1.0,1,0.20740549203115854,57
4155,3,6806,3307,3499,0,0,0,1.0,1,1.0,1,1.0,1,0.2135941448772167,57
4156,4,6810,3309,3501,0,0,0,1.0,1,1.0,1,1.0,1,0.23713126219966707,58
4157,2,6812,3309,3503,0,0,0,1.0,1,1.0,1,1.0,1,0.2078434557737715,57
4158,1,6813,3310,3503,0,0,0,1.0,1,1.0,1,1.0,1,0.24288999450136717,55
4159,0,6813,3310,3503,0,0,0,1.0,1,1.0,1,1.0,1,0.248905464295195,57
4160,1,6814,3311,3503,0,0,0,1.0,1,1.0,1,1.0,1,0.2434667481949369,58
4161,2,6816,3311,3505,0,0,0,1.0,1,1.0,1,1.0,1,0.21320148228412744,58
4162,0,6816,3311,3505,0,0,0,1.0,1,1.0,1,1.0,1,0.2173303047968075,57
4163,1,6817,3312,3505,0,0,0,1.0,1,1.0,1,1.0,1,0.22577136238532586,58
4164,4,6821,3315,3506,0,0,0,1.0,1,1.0,1,1.0,1,0.2658179925317209,56
4165,4,6825,3316,3509,0,0,0,1.0,1,1.0,1,1.0,1,0.2752465407084342,58
4166,2,6827,3316,3511,0,0,0,1.0,1,1.0,1,1.0,1,0.24956849417914065,57
4167,0,6827,3316,3511,0,0,0,1.0,1,1.0,1,1.0,1,0.26982800356298614,57
4168,0,6827,3316,3511,0,0,0,1.0,1,1.0,1,1.0,1,0.2655262015030331,58
4169,4,6831,3317,3514,0,0,0,1.0,1,1.0,1,1.0,1,0.2233563353369024,58
4170,1,6832,3318,3514,0,0,0,1.0,1,1.0,1,1.0,1,0.24921398100193703,58
4171,0,6832,3318,3514,0,0,0,1.0,1,1.0,1,1.0,1,0.26616682656367074,57
4172,0,6832,3318,3514,0,0,0,1.0,1,1.0,1,1.0,1,0.26616682656367074,57
4173,1,6833,3318,3515,0,0,0,1.0,1,1.0,1,1.0,1,0.2852716494414964,56
4174,0,6833,3318,3515,0,0,0,1.0,1,1.0,1,1.0,1,0.2852716494414964,56
4175,2,6835,3318,3517,0,0,0,1.0,1,1.0,1,1.0,1,0.2514882352115696,55
4176,1,6836,3319,3517,0,0,0,1.0,1,1.0,1,1.0,1,0.27123326065249165,57
4177,4,6840,3320,3520,0,0,0,1.0,1,1.0,1,1.0,1,0.25862990574962197,58
4178,6,6846,3323,3523,0,0,0,1.0,1,1.0,1,1.0,1,0.25338685411067696,60
4179,2,6848,3324,3524,0,0,0,1.0,1,1.0,1,1.0,1,0.2368331301394716,61
4180,0,6848,3324,3524,0,0,0,1.0,1,1.0,1,1.0,1,0.22886887100251396,62
4181,2,6850,3324,3526,0,0,0,1.0,1,1.0,1,1.0,1,0.21174740292643193,63
4182,1,6851,3325,3526,0,0,0,1.0,1,1.0,1,1.0,1,0.22707416126828908,63
4183,1,6852,3325,3527,0,0,0,1.0,1,1.0,1,1.0,1,0.20599387537783637,63
4184,4,6856,3328,3528,0,0,0,1.0,1,1.0,1,1.0,1,0.21594221522007226,63
4185,2,6858,3328,3530,0,0,0,1.0,1,1.0,1,1.0,1,0.19616233517919796,61
4186,6,6864,3331,3533,0,0,0,1.0,1,1.0,1,1.0,1,0.17804879698238021,62
4187,2,6866,3332,3534,0,0,0,1.0,1,1.0,1,1.0,1,0.18073572932985554,60
4188,1,6867,3332,3535,0,0,0,1.0,1,1.0,1,1.0,1,0.1579263668210383,60
4189,0,6867,3332,3535,0,0,0,1.0,1,1.0,1,1.0,1,0.1579263668210383,60
4190,1,6868,3333,3535,0,0,0,1.0,1,1.0,1,1.0,1,0.18008369743005664,61
4191,1,6869,3334,3535,0,0,0,1.0,1,1.0,1,1.0,1,0.18518462222651216,59
4192,1,6870,3335,3535,0,0,0,1.0,1,1.0,1,1.0,1,0.19630637272566318,58
4193,1,6871,3336,3535,0,0,0,1.0,1,1.0,1,1.0,1,0.20751519731680015,57
4194,1,6872,3337,3535,0,0,0,1.0,1,1.0,1,1.0,1,0.2508877039050177,54
4195,1,6873,3337,3536,0,0,0,1.0,1,1.0,1,1.0,1,0.23493241109223653,55
4196,0,6873,3337,3536,0,0,0,1.0,1,1.0,1,1.0,1,0.25146971166756094,56
4197,2,6875,3338,3537,0,0,0,1.0,1,1.0,1,1.0,1,0.258692375837511,55
4198,3,6878,3339,3539,0,0,0,1.0,1,1.0,1,1.0,1,0.26897296296337636,56
4199,1,6879,3340,3539,0,0,0,1.0,1,1.0,1,1.0,1,0.29549322280207446,55
4200,0,6879,3340,3539,0,0,0,1.0,1,1.0,1,1.0,1,0.2954013663902519,55
4201,1,6880,3340,3540,0,0,0,1.0,1,1.0,1,1.0,1,0.26893774573603907,56
4202,0,6880,3340,3540,0,0,0,1.0,1,1.0,1,1.0,1,0.26893774573603907,56
4203,2,6882,3340,3542,0,0,0,1.0,1,1.0,1,1.0,1,0.2706227425399548,57
4204,0,6882,3340,3542,0,0,0,1.0,1,1.0,1,1.0,1,0.2706227425399548,57
4205,0,6882,3340,3542,0,0,0,1.0,1,1.0,1,1.0,1,0.2670450261613733,58
4206,3,6885,3342,3543,0,0,0,1.0,1,1.0,1,1.0,1,0.2452119616616166,58
4207,2,6887,3344,3543,0,0,0,1.0,1,1.0,1,1.0,1,0.25063903528211917,58
4208,1,6888,3345,3543,0,0,0,1.0,1,1.0,1,1.0,1,0.25583033431968266,60
4209,5,6893,3348,3545,0,0,0,1.0,1,1.0,1,1.0,1,0.20585215496781217,61
4210,1,6894,3348,3546,0,0,0,1.0,1,1.0,1,1.0,1,0.18222507148185613,62
4211,2,6896,3349,3547,0,0,0,1.0,1,1.0,1,1.0,1,0.18474511538658178,63
4212,0,6896,3349,3547,0,0,0,1.0,1,1.0,1,1.0,1,0.18711189340125353,64
4213,1,6897,3349,3548,0,0,0,1.0,1,1.0,1,1.0,1,0.18819153365924682,65
4214,0,6897,3349,3548,0,0,0,1.0,1,1.0,1,1.0,1,0.1955444789663251,65
4215,0,6897,3349,3548,0,0,0,1.0,1,1.0,1,1.0,1,0.1955444789663251,65
4216,0,6897,3349,3548,0,0,0,1.0,1,1.0,1,1.0,1,0.2050248525710546,64
4217,1,6898,3350,3548,0,0,0,1.0,1,1.0,1,1.0,1,0.21200390565061858,65
4218,1,6899,3350,3549,0,0,0,1.0,1,1.0,1,1.0,1,0.19741553377048407,65
4219,1,6900,3351,3549,0,0,0,1.0,1,1.0,1,1.0,1,0.22363292788157144,65
4220,2,6902,3351,3551,0,0,0,1.0,1,1.0,1,1.0,1,0.19772033869629727,65
4221,1,6903,3352,3551,0,0,0,1.0,1,1.0,1,1.0,1,0.22858968398759735,67
4222,0,6903,3352,3551,0,0,0,1.0,1,1.0,1,1.0,1,0.2338902562651111,68
4223,1,6904,3353,3551,0,0,0,1.0,1,1.0,1,1.0,1,0.2432166597481475,68
4224,2,6906,3354,3552,0,0,0,1.0,1,1.0,1,1.0,1,0.25453386281790913,68
4225,3,6909,3354,3555,0,0,0,1.0,1,1.0,1,1.0,1,0.22802140568392465,66
4226,1,6910,3354,3556,0,0,0,1.0,1,1.0,1,1.0,1,0.21681018681207329,66
4227,1,6911,3355,3556,0,0,0,1.0,1,1.0,1,1.0,1,0.22972689930934703,66
4228,0,6911,3355,3556,0,0,0,1.0,1,1.0,1,1.0,1,0.22868996677122616,65
4229,1,6912,3356,3556,0,0,0,1.0,1,1.0,1,1.0,1,0.2343861616933125,65
4230,2,6914,3357,3557,0,0,0,1.0,1,1.0,1,1.0,1,0.25319535582316677,64
4231,1,6915,3358,3557,0,0,0,1.0,1,1.0,1,1.0,1,0.26752509890403664,64
4232,1,6916,3358,3558,0,0,0,1.0,1,1.0,1,1.0,1,0.24298472256263512,65
4233,1,6917,3358,3559,0,0,0,1.0,1,1.0,1,1.0,1,0.23728414422674038,64
4234,2,6919,3359,3560,0,0,0,1.0,1,1.0,1,1.0,1,0.2154920942116627,63
4235,2,6921,3361,3560,0,0,0,1.0,1,1.0,1,1.0,1,0.22672635867412666,63
4236,1,6922,3361,3561,0,0,0,1.0,1,1.0,1,1.0,1,0.2194029510278997,63
4237,3,6925,3363,3562,0,0,0,1.0,1,1.0,1,1.0,1,0.23690007094566723,65
4238,1,6926,3363,3563,0,0,0,1.0,1,1.0,1,1.0,1,0.22953123794524705,65
4239,0,6926,3363,3563,0,0,0,1.0,1,1.0,1,1.0,1,0.22953123794524705,65
4240,1,6927,3364,3563,0,0,0,1.0,1,1.0,1,1.0,1,0.21247620947176152,66
4241,2,6929,3364,3565,0,0,0,1.0,1,1.0,1,1.0,1,0.18072803974146226,66
4242,1,6930,3364,3566,0,0,0,1.0,1,1.0,1,1.0,1,0.15100340621009742,69
4243,1,6931,3364,3567,0,0,0,1.0,1,1.0,1,1.0,1,0.1563503238463688,71
4244,0,6931,3364,3567,0,0,0,1.0,1,1.0,1,1.0,1,0.1563503238463688,71
4245,3,6934,3364,3570,0,0,0,1.0,1,1.0,1,1.0,1,0.14197753217165768,73
4246,1,6935,3364,3571,0,0,0,1.0,1,1.0,1,1.0,1,0.11626726788290696,74
4247,0,6935,3364,3571,0,0,0,1.0,1,1.0,1,1.0,1,0.11626726788290696,74
4248,0,6935,3364,3571,0,0,0,1.0,1,1.0,1,1.0,1,0.11626726788290696,74
4249,0,6935,3364,3571,0,0,0,1.0,1,1.0,1,1.0,1,0.11626726788290696,74
4250,0,6935,3364,3571,0,0,0,1.0,1,1.0,1,1.0,1,0.11626726788290696,74
4251,0,6935,3364,3571,0,0,0,1.0,1,1.0,1,1.0,1,0.11751193039978658,75
4252,2,6937,3366,3571,0,0,0,1.0,1,1.0,1,1.0,1,0.16299282000733858,75
4253,1,6938,3366,3572,0,0,0,1.0,1,1.0,1,1.0,1,0.1586701342548274,76
4254,2,6940,3368,3572,0,0,0,1.0,1,1.0,1,1.0,1,0.16761694298857654,75
4255,4,6944,3371,3573,0,0,0,1.0,1,1.0,1,1.0,1,0.18100311217634088,76
4256,3,6947,3373,3574,0,0,0,1.0,1,1.0,1,1.0,1,0.1839155318547013,78
4257,2,6949,3374,3575,0,0,0,1.0,1,1.0,1,1.0,1,0.16416929941738478,78
4258,1,6950,3375,3575,0,0,0,1.0,1,1.0,1,1.0,1,0.19133507405350134,77
4259,4,6954,3377,3577,0,0,0,1.0,1,1.0,1,1.0,1,0.18233503299976328,78
4260,3,6957,3377,3580,0,0,0,1.0,1,1.0,1,1.0,1,0.15709700439495794,77
4261,1,6958,3378,3580,0,0,0,1.0,1,1.0,1,1.0,1,0.15104138813848478,76
4262,0,6958,3378,3580,0,0,0,1.0,1,1.0,1,1.0,1,0.16599021573465025,75
4263,4,6962,3382,3580,0,0,0,1.0,1,1.0,1,1.0,1,0.14804973601217516,74
4264,0,6962,3382,3580,0,0,0,1.0,1,1.0,1,1.0,1,0.18560051628899954,74
4265,3,6965,3384,3581,0,0,0,1.0,1,1.0,1,1.0,1,0.17865755168844727,73
4266,0,6965,3384,3581,0,0,0,1.0,1,1.0,1,1.0,1,0.20324184804477358,71
4267,3,6968,3387,3581,0,0,0,1.0,1,1.0,1,1.0,1,0.22004597692360878,69
4268,2,6970,3389,3581,0,0,0,1.0,1,1.0,1,1.0,1,0.26503470066649115,67
4269,5,6975,3390,3585,0,0,0,1.0,1,1.0,1,1.0,1,0.21119999550295238,64
4270,1,6976,3391,3585,0,0,0,1.0,1,1.0,1,1.0,1,0.2249513737794862,63
4271,3,6979,3392,3587,0,0,0,1.0,1,1.0,1,1.0,1,0.24235230307401334,63
4272,2,6981,3393,3588,0,0,0,1.0,1,1.0,1,1.0,1,0.2317594622585114,62
4273,5,6986,3393,3593,0,0,0,1.0,1,1.0,1,1.0,1,0.19994324778609976,62
4274,2,6988,3393,3595,0,0,0,1.0,1,1.0,1,1.0,1,0.2052933644520452,62
4275,0,6988,3393,3595,0,0,0,1.0,1,1.0,1,1.0,1,0.19648987057861145,61
4276,0,6988,3393,3595,0,0,0,1.0,1,1.0,1,1.0,1,0.20364357775651928,62
4277,0,6988,3393,3595,0,0,0,1.0,1,1.0,1,1.0,1,0.21556337817275328,63
4278,1,6989,3393,3596,0,0,0,1.0,1,1.0,1,1.0,1,0.20234908613456346,64
4279,4,6993,3396,3597,0,0,0,1.0,1,1.0,1,1.0,1,0.19195256253781812,65
4280,1,6994,3397,3597,0,0,0,1.0,1,1.0,1,1.0,1,0.1956449595910173,65
4281,1,6995,3397,3598,0,0,0,1.0,1,1.0,1,1.0,1,0.19140357113570916,65
4282,5,7000,3402,3598,0,0,0,1.0,1,1.0,1,1.0,1,0.2481513534015476,66
4283,2,7002,3403,3599,0,0,0,1.0,1,1.0,1,1.0,1,0.25596807334344224,66
4284,2,7004,3404,3600,0,0,0,1.0,1,1.0,1,1.0,1,0.27097086515218616,66
4285,3,7007,3405,3602,0,0,0,1.0,1,1.0,1,1.0,1,0.24669745127496584,67
4286,1,7008,3405,3603,0,0,0,1.0,1,1.0,1,1.0,1,0.2520535850341348,67
4287,1,7009,3405,3604,0,0,0,1.0,1,1.0,1,1.0,1,0.23649043655536753,67
4288,0,7009,3405,3604,0,0,0,1.0,1,1.0,1,1.0,1,0.2310638464196252,68
4289,3,7012,3405,3607,0,0,0,1.0,1,1.0,1,1.0,1,0.22578743518870859,68
4290,1,7013,3405,3608,0,0,0,1.0,1,1.0,1,1.0,1,0.2164735957476904,70
4291,1,7014,3406,3608,0,0,0,1.0,1,1.0,1,1.0,1,0.2226055186896971,71
4292,1,7015,3406,3609,0,0,0,1.0,1,1.0,1,1.0,1,0.2141324379533262,71
4293,1,7016,3406,3610,0,0,0,1.0,1,1.0,1,1.0,1,0.21130807770786925,71
4294,0,7016,3406,3610,0,0,0,1.0,1,1.0,1,1.0,1,0.21130807770786925,71
4295,1,7017,3407,3610,0,0,0,1.0,1,1.0,1,1.0,1,0.22479607945174362,72
4296,1,7018,3407,3611,0,0,0,1.0,1,1.0,1,1.0,1,0.2309628247498545,73
4297,0,7018,3407,3611,0,0,0,1.0,1,1.0,1,1.0,1,0.2309628247498545,73
4298,0,7018,3407,3611,0,0,0,1.0,1,1.0,1,1.0,1,0.23853919133884136,74
4299,1,7019,3407,3612,0,0,0,1.0,1,1.0,1,1.0,1,0.22108153828578897,75
4300,1,7020,3407,3613,0,0,0,1.0,1,1.0,1,1.0,1,0.20660795380975372,75
4301,1,7021,3407,3614,0,0,0,1.0,1,1.0,1,1.0,1,0.20007956697756027,76
4302,0,7021,3407,3614,0,0,0,1.0,1,1.0,1,1.0,1,0.20007956697756027,76
4303,1,7022,3407,3615,0,0,0,1.0,1,1.0,1,1.0,1,0.18604812234100696,75
4304,2,7024,3409,3615,0,0,0,1.0,1,1.0,1,1.0,1,0.2282228229295773,75
4305,4,7028,3410,3618,0,0,0,1.0,1,1.0,1,1.0,1,0.2387410563726418,73
4306,9,7037,3414,3623,0,0,0,1.0,1,1.0,1,1.0,1,0.221835249350864,74
4307,2,7039,3415,3624,0,0,0,1.0,1,1.0,1,1.0,1,0.2072406008601066,73
4308,0,7039,3415,3624,0,0,0,1.0,1,1.0,1,1.0,1,0.23297796865882836,71
4309,2,7041,3416,3625,0,0,0,1.0,1,1.0,1,1.0,1,0.22867651550776505,70
4310,2,7043,3417,3626,0,0,0,1.0,1,1.0,1,1.0,1,0.22041934673411454,69
4311,3,7046,3419,3627,0,0,0,1.0,1,1.0,1,1.0,1,0.2152807800228703,69
4312,1,7047,3420,3627,0,0,0,1.0,1,1.0,1,1.0,1,0.254283699414875,66
4313,4,7051,3422,3629,0,0,0,1.0,1,1.0,1,1.0,1,0.24710487354095023,64
4314,1,7052,3423,3629,0,0,0,1.0,1,1.0,1,1.0,1,0.26801495202050934,61
4315,3,7055,3426,3629,0,0,0,1.0,1,1.0,1,1.0,1,0.2634606593142223,61
4316,3,7058,3429,3629,0,0,0,1.0,1,1.0,1,1.0,1,0.2551625068634754,60
4317,3,7061,3429,3632,0,0,0,1.0,1,1.0,1,1.0,1,0.2209212421430396,62
4318,1,7062,3429,3633,0,0,0,1.0,1,1.0,1,1.0,1,0.2495505122115636,59
4319,1,7063,3430,3633,0,0,0,1.0,1,1.0,1,1.0,1,0.25556063909177024,60
4320,1,7064,3430,3634,0,0,0,1.0,1,1.0,1,1.0,1,0.2472011281620824,60
4321,4,7068,3433,3635,0,0,0,1.0,1,1.0,1,1.0,1,0.24628178712496226,61
4322,2,7070,3435,3635,0,0,0,1.0,1,1.0,1,1.0,1,0.265772876814459,61
4323,0,7070,3435,3635,0,0,0,1.0,1,1.0,1,1.0,1,0.265772876814459,61
4324,2,7072,3436,3636,0,0,0,1.0,1,1.0,1,1.0,1,0.2733351468280353,60
4325,3,7075,3437,3638,0,0,0,1.0,1,1.0,1,1.0,1,0.2777238174592298,60
4326,1,7076,3438,3638,0,0,0,1.0,1,1.0,1,1.0,1,0.2793657782556169,61
4327,1,7077,3438,3639,0,0,0,1.0,1,1.0,1,1.0,1,0.2602334195573454,62
4328,0,7077,3438,3639,0,0,0,1.0,1,1.0,1,1.0,1,0.2602334195573454,62
4329,3,7080,3438,3642,0,0,0,1.0,1,1.0,1,1.0,1,0.2326116692349645,65
4330,1,7081,3438,3643,0,0,0,1.0,1,1.0,1,1.0,1,0.21640683806955024,65
4331,0,7081,3438,3643,0,0,0,1.0,1,1.0,1,1.0,1,0.21640683806955024,65
4332,3,7084,3439,3645,0,0,0,1.0,1,1.0,1,1.0,1,0.2086172739856424,66
4333,5,7089,3440,3649,0,0,0,1.0,1,1.0,1,1.0,1,0.18951976521508393,66
4334,1,7090,3441,3649,0,0,0,1.0,1,1.0,1,1.0,1,0.2054510798092321,66
4335,0,7090,3441,3649,0,0,0,1.0,1,1.0,1,1.0,1,0.21856309782717415,65
4336,4,7094,3443,3651,0,0,0,1.0,1,1.0,1,1.0,1,0.23023450001375245,67
4337,0,7094,3443,3651,0,0,0,1.0,1,1.0,1,1.0,1,0.24223997650683646,69
4338,1,7095,3443,3652,0,0,0,1.0,1,1.0,1,1.0,1,0.24234074380499626,70
4339,1,7096,3443,3653,0,0,0,1.0,1,1.0,1,1.0,1,0.2467916476652155,70
4340,2,7098,3443,3655,0,0,0,1.0,1,1.0,1,1.0,1,0.22082764222427775,71
4341,1,7099,3443,3656,0,0,0,1.0,1,1.0,1,1.0,1,0.23452803175078119,70
4342,1,7100,3444,3656,0,0,0,1.0,1,1.0,1,1.0,1,0.2516986567725035,71
4343,5,7105,3447,3658,0,0,0,1.0,1,1.0,1,1.0,1,0.2818744285275564,67
4344,6,7111,3450,3661,0,0,0,1.0,1,1.0,1,1.0,1,0.28554914247071467,67
4345,7,7118,3452,3666,0,0,0,1.0,1,1.0,1,1.0,1,0.23226441998543204,64
4346,4,7122,3454,3668,0,0,0,1.0,1,1.0,1,1.0,1,0.23400323901257045,64
4347,4,7126,3457,3669,0,0,0,1.0,1,1.0,1,1.0,1,0.2569156385895713,62
4348,4,7130,3459,3671,0,0,0,1.0,1,1.0,1,1.0,1,0.2533601645480229,62
4349,1,7131,3460,3671,0,0,0,1.0,1,1.0,1,1.0,1,0.2850248658041009,61
4350,1,7132,3461,3671,0,0,0,1.0,1,1.0,1,1.0,1,0.2883672440511173,60
4351,0,7132,3461,3671,0,0,0,1.0,1,1.0,1,1.0,1,0.2873354996477419,60
4352,0,7132,3461,3671,0,0,0,1.0,1,1.0,1,1.0,1,0.3028815268487263,57
4353,1,7133,3461,3672,0,0,0,1.0,1,1.0,1,1.0,1,0.293666066374073,55
4354,2,7135,3462,3673,0,0,0,1.0,1,1.0,1,1.0,1,0.29036838801796155,55
4355,1,7136,3462,3674,0,0,0,1.0,1,1.0,1,1.0,1,0.2926876815517242,53
4356,1,7137,3462,3675,0,0,0,1.0,1,1.0,1,1.0,1,0.27159540116717423,55
4357,2,7139,3462,3677,0,0,0,1.0,1,1.0,1,1.0,1,0.269992921318463,55
4358,4,7143,3463,3680,0,0,0,1.0,1,1.0,1,1.0,1,0.2159640356493242,55
4359,0,7143,3463,3680,0,0,0,1.0,1,1.0,1,1.0,1,0.22974821079148983,54
4360,1,7144,3464,3680,0,0,0,1.0,1,1.0,1,1.0,1,0.22085762602498074,55
4361,4,7148,3465,3683,0,0,0,1.0,1,1.0,1,1.0,1,0.21991434621865147,54
4362,3,7151,3465,3686,0,0,0,1.0,1,1.0,1,1.0,1,0.15113204209170092,55
4363,0,7151,3465,3686,0,0,0,1.0,1,1.0,1,1.0,1,0.15886267226632095,55
4364,3,7154,3467,3687,0,0,0,1.0,1,1.0,1,1.0,1,0.19765982941007193,55
4365,2,7156,3467,3689,0,0,0,1.0,1,1.0,1,1.0,1,0.18838600428685356,54
4366,0,7156,3467,3689,0,0,0,1.0,1,1.0,1,1.0,1,0.18838600428685356,54
4367,0,7156,3467,3689,0,0,0,1.0,1,1.0,1,1.0,1,0.20932080136298625,57
4368,4,7160,3469,3691,0,0,0,1.0,1,1.0,1,1.0,1,0.23149603225032944,57
4369,1,7161,3469,3692,0,0,0,1.0,1,1.0,1,1.0,1,0.2194273790471149,58
4370,2,7163,3470,3693,0,0,0,1.0,1,1.0,1,1.0,1,0.22719750936736458,59
4371,0,7163,3470,3693,0,0,0,1.0,1,1.0,1,1.0,1,0.22421009255861768,60
4372,1,7164,3471,3693,0,0,0,1.0,1,1.0,1,1.0,1,0.22921216053039,60
4373,2,7166,3471,3695,0,0,0,1.0,1,1.0,1,1.0,1,0.20950235723754876,60
4374,1,7167,3472,3695,0,0,0,1.0,1,1.0,1,1.0,1,0.23893994622338113,59
4375,1,7168,3472,3696,0,0,0,1.0,1,1.0,1,1.0,1,0.22984596365796978,60
4376,0,7168,3472,3696,0,0,0,1.0,1,1.0,1,1.0,1,0.2555922632314363,60
4377,2,7170,3473,3697,0,0,0,1.0,1,1.0,1,1.0,1,0.2602529661408317,61
4378,1,7171,3473,3698,0,0,0,1.0,1,1.0,1,1.0,1,0.23746086210820533,64
4379,0,7171,3473,3698,0,0,0,1.0,1,1.0,1,1.0,1,0.23746086210820533,64
4380,3,7174,3475,3699,0,0,0,1.0,1,1.0,1,1.0,1,0.2550925440185818,65
4381,1,7175,3475,3700,0,0,0,1.0,1,1.0,1,1.0,1,0.25724933677637934,64
4382,1,7176,3476,3700,0,0,0,1.0,1,1.0,1,1.0,1,0.2740837506321305,64
4383,0,7176,3476,3700,0,0,0,1.0,1,1.0,1,1.0,1,0.28496687240705887,64
4384,1,7177,3477,3700,0,0,0,1.0,1,1.0,1,1.0,1,0.30736888046681515,60
4385,1,7178,3477,3701,0,0,0,1.0,1,1.0,1,1.0,1,0.28279061763199714,58
4386,3,7181,3480,3701,0,0,0,1.0,1,1.0,1,1.0,1,0.2880344419422339,58
4387,3,7184,3481,3703,0,0,0,1.0,1,1.0,1,1.0,1,0.267892967609836,55
4388,4,7188,3484,3704,0,0,0,1.0,1,1.0,1,1.0,1,0.2843776043009458,56
4389,6,7194,3484,3710,0,0,0,1.0,1,1.0,1,1.0,1,0.21022269734477514,55
4390,1,7195,3485,3710,0,0,0,1.0,1,1.0,1,1.0,1,0.2105152203526257,55
4391,2,7197,3487,3710,0,0,0,1.0,1,1.0,1,1.0,1,0.22654161276727275,56
4392,1,7198,3487,3711,0,0,0,1.0,1,1.0,1,1.0,1,0.22620928775454802,56
4393,2,7200,3488,3712,0,0,0,1.0,1,1.0,1,1.0,1,0.25681285543522026,55
4394,1,7201,3489,3712,0,0,0,1.0,1,1.0,1,1.0,1,0.2431368734409287,53
4395,2,7203,3491,3712,0,0,0,1.0,1,1.0,1,1.0,1,0.26817864440419226,53
4396,3,7206,3494,3712,0,0,0,1.0,1,1.0,1,1.0,1,0.2961265659408693,53
4397,1,7207,3495,3712,0,0,0,1.0,1,1.0,1,1.0,1,0.32527917510355386,50
4398,0,7207,3495,3712,0,0,0,1.0,1,1.0,1,1.0,1,0.34555309237715187,50
4399,1,7208,3495,3713,0,0,0,1.0,1,1.0,1,1.0,1,0.337168183931912,52
4400,2,7210,3496,3714,0,0,0,1.0,1,1.0,1,1.0,1,0.33449506169101295,55
4401,1,7211,3496,3715,0,0,0,1.0,1,1.0,1,1.0,1,0.3140804696860899,56
4402,0,7211,3496,3715,0,0,0,1.0,1,1.0,1,1.0,1,0.3140804696860899,56
4403,3,7214,3498,3716,0,0,0,1.0,1,1.0,1,1.0,1,0.30054220095346046,57
4404,0,7214,3498,3716,0,0,0,1.0,1,1.0,1,1.0,1,0.30054220095346046,57
4405,0,7214,3498,3716,0,0,0,1.0,1,1.0,1,1.0,1,0.2947924545759326,58
4406,0,7214,3498,3716,0,0,0,1.0,1,1.0,1,1.0,1,0.2947924545759326,58
4407,0,7214,3498,3716,0,0,0,1.0,1,1.0,1,1.0,1,0.2947924545759326,58
4408,1,7215,3499,3716,0,0,0,1.0,1,1.0,1,1.0,1,0.30801240197345797,59
4409,0,7215,3499,3716,0,0,0,1.0,1,1.0,1,1.0,1,0.30801240197345797,59
4410,0,7215,3499,3716,0,0,0,1.0,1,1.0,1,1.0,1,0.30801240197345797,59
4411,0,7215,3499,3716,0,0,0,1.0,1,1.0,1,1.0,1,0.29767515345861134,62
4412,0,7215,3499,3716,0,0,0,1.0,1,1.0,1,1.0,1,0.2925883641275653,63
4413,0,7215,3499,3716,0,0,0,1.0,1,1.0,1,1.0,1,0.2925883641275653,63
4414,3,7218,3499,3719,0,0,0,1.0,1,1.0,1,1.0,1,0.26926297633201857,64
4415,1,7219,3499,3720,0,0,0,1.0,1,1.0,1,1.0,1,0.2609796915472867,64
4416,0,7219,3499,3720,0,0,0,1.0,1,1.0,1,1.0,1,0.2609796915472867,64
4417,2,7221,3499,3722,0,0,0,1.0,1,1.0,1,1.0,1,0.2512798618614988,65
4418,2,7223,3501,3722,0,0,0,1.0,1,1.0,1,1.0,1,0.2779080742743496,65
4419,1,7224,3501,3723,0,0,0,1.0,1,1.0,1,1.0,1,0.30928709716849373,62
4420,0,7224,3501,3723,0,0,0,1.0,1,1.0,1,1.0,1,0.31024825672431483,62
4421,3,7227,3502,3725,0,0,0,1.0,1,1.0,1,1.0,1,0.3011475276593126,65
4422,3,7230,3504,3726,0,0,0,1.0,1,1.0,1,1.0,1,0.33104327856507076,64
4423,0,7230,3504,3726,0,0,0,1.0,1,1.0,1,1.0,1,0.3220458846153295,63
4424,3,7233,3505,3728,0,0,0,1.0,1,1.0,1,1.0,1,0.30712952114606923,63
4425,6,7239,3507,3732,0,0,0,1.0,1,1.0,1,1.0,1,0.28647177550536634,63
4426,3,7242,3508,3734,0,0,0,1.0,1,1.0,1,1.0,1,0.2652180828005513,63
4427,1,7243,3508,3735,0,0,0,1.0,1,1.0,1,1.0,1,0.2407683963217556,62
4428,2,7245,3508,3737,0,0,0,1.0,1,1.0,1,1.0,1,0.20715181262683224,61
4429,2,7247,3509,3738,0,0,0,1.0,1,1.0,1,1.0,1,0.23059377608266554,62
4430,2,7249,3510,3739,0,0,0,1.0,1,1.0,1,1.0,1,0.24069193512023918,60
4431,1,7250,3511,3739,0,0,0,1.0,1,1.0,1,1.0,1,0.21969932211581938,59
4432,3,7253,3512,3741,0,0,0,1.0,1,1.0,1,1.0,1,0.20503321899095409,60
4433,3,7256,3514,3742,0,0,0,1.0,1,1.0,1,1.0,1,0.1979010175084085,61
4434,4,7260,3516,3744,0,0,0,1.0,1,1.0,1,1.0,1,0.17480054245274682,61
4435,0,7260,3516,3744,0,0,0,1.0,1,1.0,1,1.0,1,0.17480054245274682,61
4436,1,7261,3517,3744,0,0,0,1.0,1,1.0,1,1.0,1,0.20513842876237043,61
4437,5,7266,3521,3745,0,0,0,1.0,1,1.0,1,1.0,1,0.21795441559593887,61
4438,1,7267,3521,3746,0,0,0,1.0,1,1.0,1,1.0,1,0.21252264041048444,62
4439,1,7268,3521,3747,0,0,0,1.0,1,1.0,1,1.0,1,0.21693678913348316,63
4440,1,7269,3521,3748,0,0,0,1.0,1,1.0,1,1.0,1,0.20200966481765673,64
4441,1,7270,3521,3749,0,0,0,1.0,1,1.0,1,1.0,1,0.1899950648305963,64
4442,2,7272,3522,3750,0,0,0,1.0,1,1.0,1,1.0,1,0.17667036491697274,67
4443,1,7273,3522,3751,0,0,0,1.0,1,1.0,1,1.0,1,0.15781131787861244,68
4444,2,7275,3523,3752,0,0,0,1.0,1,1.0,1,1.0,1,0.1663269133661665,69
4445,2,7277,3525,3752,0,0,0,1.0,1,1.0,1,1.0,1,0.1917147546563656,71
4446,1,7278,3525,3753,0,0,0,1.0,1,1.0,1,1.0,1,0.18124388985616396,71
4447,1,7279,3525,3754,0,0,0,1.0,1,1.0,1,1.0,1,0.17859820236693366,72
4448,1,7280,3525,3755,0,0,0,1.0,1,1.0,1,1.0,1,0.19028559109358906,71
4449,3,7283,3526,3757,0,0,0,1.0,1,1.0,1,1.0,1,0.17943760483148105,70
4450,0,7283,3526,3757,0,0,0,1.0,1,1.0,1,1.0,1,0.18478926397675405,69
4451,0,7283,3526,3757,0,0,0,1.0,1,1.0,1,1.0,1,0.19221627766433366,69
4452,0,7283,3526,3757,0,0,0,1.0,1,1.0,1,1.0,1,0.1954962561301369,70
4453,1,7284,3526,3758,0,0,0,1.0,1,1.0,1,1.0,1,0.2125130070739817,70
4454,3,7287,3527,3760,0,0,0,1.0,1,1.0,1,1.0,1,0.19769399271359478,71
4455,4,7291,3528,3763,0,0,0,1.0,1,1.0,1,1.0,1,0.20016728335234543,71
4456,1,7292,3529,3763,0,0,0,1.0,1,1.0,1,1.0,1,0.22107452276591277,71
4457,7,7299,3532,3767,0,0,0,1.0,1,1.0,1,1.0,1,0.16656918133911675,69
4458,7,7306,3536,3770,0,0,0,1.0,1,1.0,1,1.0,1,0.17142689055833224,70
4459,2,7308,3537,3771,0,0,0,1.0,1,1.0,1,1.0,1,0.17821878527508225,68
4460,3,7311,3540,3771,0,0,0,1.0,1,1.0,1,1.0,1,0.18793923543946497,68
4461,2,7313,3540,3773,0,0,0,1.0,1,1.0,1,1.0,1,0.16907474518200113,67
4462,3,7316,3543,3773,0,0,0,1.0,1,1.0,1,1.0,1,0.18654564230305123,66
4463,5,7321,3546,3775,0,0,0,1.0,1,1.0,1,1.0,1,0.19606392288814423,65
4464,2,7323,3548,3775,0,0,0,1.0,1,1.0,1,1.0,1,0.21686600101269177,62
4465,5,7328,3551,3777,0,0,0,1.0,1,1.0,1,1.0,1,0.2067963887682692,61
4466,1,7329,3551,3778,0,0,0,1.0,1,1.0,1,1.0,1,0.21571234162852215,60
4467,4,7333,3554,3779,0,0,0,1.0,1,1.0,1,1.0,1,0.19217825990214674,58
4468,1,7334,3555,3779,0,0,0,1.0,1,1.0,1,1.0,1,0.2108719152152541,57
4469,3,7337,3556,3781,0,0,0,1.0,1,1.0,1,1.0,1,0.21809069443217993,56
4470,1,7338,3557,3781,0,0,0,1.0,1,1.0,1,1.0,1,0.23561296586774724,55
4471,3,7341,3560,3781,0,0,0,1.0,1,1.0,1,1.0,1,0.2364687598116252,55
4472,2,7343,3562,3781,0,0,0,1.0,1,1.0,1,1.0,1,0.24333844538186908,55
4473,5,7348,3564,3784,0,0,0,1.0,1,1.0,1,1.0,1,0.21549865841163018,55
4474,4,7352,3566,3786,0,0,0,1.0,1,1.0,1,1.0,1,0.21925556872027535,55
4475,1,7353,3566,3787,0,0,0,1.0,1,1.0,1,1.0,1,0.1637151630299191,56
4476,1,7354,3567,3787,0,0,0,1.0,1,1.0,1,1.0,1,0.17055196125198693,56
4477,1,7355,3567,3788,0,0,0,1.0,1,1.0,1,1.0,1,0.17284728310780928,57
4478,0,7355,3567,3788,0,0,0,1.0,1,1.0,1,1.0,1,0.18577883888008648,55
4479,1,7356,3568,3788,0,0,0,1.0,1,1.0,1,1.0,1,0.1938692015283812,55
4480,0,7356,3568,3788,0,0,0,1.0,1,1.0,1,1.0,1,0.20376412882579098,54
4481,2,7358,3568,3790,0,0,0,1.0,1,1.0,1,1.0,1,0.19543897183401132,53
4482,3,7361,3570,3791,0,0,0,1.0,1,1.0,1,1.0,1,0.2168517499362665,54
4483,0,7361,3570,3791,0,0,0,1.0,1,1.0,1,1.0,1,0.22185574190054602,55
4484,2,7363,3572,3791,0,0,0,1.0,1,1.0,1,1.0,1,0.2444708760397162,57
4485,6,7369,3574,3795,0,0,0,1.0,1,1.0,1,1.0,1,0.23229521597702926,60
4486,7,7376,3577,3799,0,0,0,1.0,1,1.0,1,1.0,1,0.17561980622530762,60
4487,1,7377,3577,3800,0,0,0,1.0,1,1.0,1,1.0,1,0.17074794009752411,60
4488,0,7377,3577,3800,0,0,0,1.0,1,1.0,1,1.0,1,0.17074794009752411,60
4489,1,7378,3578,3800,0,0,0,1.0,1,1.0,1,1.0,1,0.17906575583746473,60
4490,0,7378,3578,3800,0,0,0,1.0,1,1.0,1,1.0,1,0.17906575583746473,60
4491,1,7379,3579,3800,0,0,0,1.0,1,1.0,1,1.0,1,0.1847625234387067,61
4492,1,7380,3580,3800,0,0,0,1.0,1,1.0,1,1.0,1,0.16041951009865868,61
4493,2,7382,3582,3800,0,0,0,1.0,1,1.0,1,1.0,1,0.17080759687971614,60
4494,3,7385,3583,3802,0,0,0,1.0,1,1.0,1,1.0,1,0.13550214431697138,61
4495,0,7385,3583,3802,0,0,0,1.0,1,1.0,1,1.0,1,0.13618774459655722,59
4496,1,7386,3583,3803,0,0,0,1.0,1,1.0,1,1.0,1,0.12753269046229773,60
4497,1,7387,3583,3804,0,0,0,1.0,1,1.0,1,1.0,1,0.13394446449624606,59
4498,0,7387,3583,3804,0,0,0,1.0,1,1.0,1,1.0,1,0.15064629221904494,57
4499,3,7390,3585,3805,0,0,0,1.0,1,1.0,1,1.0,1,0.14489149985671104,58
4500,2,7392,3587,3805,0,0,0,1.0,1,1.0,1,1.0,1,0.17800566832095643,56
4501,1,7393,3588,3805,0,0,0,1.0,1,1.0,1,1.0,1,0.22394831680966293,57
4502,8,7401,3592,3809,0,0,0,1.0,1,1.0,1,1.0,1,0.2248756412244637,56
4503,1,7402,3593,3809,0,0,0,1.0,1,1.0,1,1.0,1,0.2519168272289236,54
4504,0,7402,3593,3809,0,0,0,1.0,1,1.0,1,1.0,1,0.2268288647448684,54
4505,2,7404,3594,3810,0,0,0,1.0,1,1.0,1,1.0,1,0.19114027872909511,51
4506,0,7404,3594,3810,0,0,0,1.0,1,1.0,1,1.0,1,0.18922017886600087,49
4507,1,7405,3595,3810,0,0,0,1.0,1,1.0,1,1.0,1,0.21247319806074808,48
4508,0,7405,3595,3810,0,0,0,1.0,1,1.0,1,1.0,1,0.23725231432503308,48
4509,6,7411,3597,3814,0,0,0,1.0,1,1.0,1,1.0,1,0.20297717987613742,46
4510,0,7411,3597,3814,0,0,0,1.0,1,1.0,1,1.0,1,0.2190184227373968,44
4511,3,7414,3598,3816,0,0,0,1.0,1,1.0,1,1.0,1,0.22779577127086284,45
4512,1,7415,3599,3816,0,0,0,1.0,1,1.0,1,1.0,1,0.2444672896438284,46
4513,2,7417,3600,3817,0,0,0,1.0,1,1.0,1,1.0,1,0.23455324724138812,45
4514,2,7419,3600,3819,0,0,0,1.0,1,1.0,1,1.0,1,0.1806906043391192,46
4515,1,7420,3600,3820,0,0,0,1.0,1,1.0,1,1.0,1,0.17490042280236154,48
4516,1,7421,3601,3820,0,0,0,1.0,1,1.0,1,1.0,1,0.18246218751605756,49
4517,3,7424,3602,3822,0,0,0,1.0,1,1.0,1,1.0,1,0.17482002782285558,50
4518,1,7425,3603,3822,0,0,0,1.0,1,1.0,1,1.0,1,0.16036049152311532,50
4519,2,7427,3605,3822,0,0,0,1.0,1,1.0,1,1.0,1,0.17655124071462752,49
4520,1,7428,3605,3823,0,0,0,1.0,1,1.0,1,1.0,1,0.1883629721724931,50
4521,2,7430,3606,3824,0,0,0,1.0,1,1.0,1,1.0,1,0.17832699297592294,50
4522,1,7431,3606,3825,0,0,0,1.0,1,1.0,1,1.0,1,0.14600231147070605,50
4523,0,7431,3606,3825,0,0,0,1.0,1,1.0,1,1.0,1,0.14424905644469935,51
4524,2,7433,3607,3826,0,0,0,1.0,1,1.0,1,1.0,1,0.15749315531272204,52
4525,2,7435,3608,3827,0,0,0,1.0,1,1.0,1,1.0,1,0.1387910950723525,53
4526,0,7435,3608,3827,0,0,0,1.0,1,1.0,1,1.0,1,0.12729492468988143,54
4527,0,7435,3608,3827,0,0,0,1.0,1,1.0,1,1.0,1,0.1375854647166805,55
4528,0,7435,3608,3827,0,0,0,1.0,1,1.0,1,1.0,1,0.1375854647166805,55
4529,0,7435,3608,3827,0,0,0,1.0,1,1.0,1,1.0,1,0.14743127766712352,55
4530,0,7435,3608,3827,0,0,0,1.0,1,1.0,1,1.0,1,0.14974099566960672,56
4531,3,7438,3611,3827,0,0,0,1.0,1,1.0,1,1.0,1,0.2312478547021166,56
4532,3,7441,3612,3829,0,0,0,1.0,1,1.0,1,1.0,1,0.24973570753444216,55
4533,3,7444,3613,3831,0,0,0,1.0,1,1.0,1,1.0,1,0.23988051755331202,54
4534,3,7447,3613,3834,0,0,0,1.0,1,1.0,1,1.0,1,0.207768918832012,55
4535,1,7448,3613,3835,0,0,0,1.0,1,1.0,1,1.0,1,0.21134804897606801,52
4536,2,7450,3614,3836,0,0,0,1.0,1,1.0,1,1.0,1,0.1948833726392882,53
4537,2,7452,3615,3837,0,0,0,1.0,1,1.0,1,1.0,1,0.19173054036181839,52
4538,0,7452,3615,3837,0,0,0,1.0,1,1.0,1,1.0,1,0.2038209629279434,52
4539,1,7453,3616,3837,0,0,0,1.0,1,1.0,1,1.0,1,0.24540502331424954,53
4540,3,7456,3617,3839,0,0,0,1.0,1,1.0,1,1.0,1,0.25438369642600717,54
4541,3,7459,3618,3841,0,0,0,1.0,1,1.0,1,1.0,1,0.21862482972842914,53
4542,3,7462,3620,3842,0,0,0,1.0,1,1.0,1,1.0,1,0.23301922559756083,53
4543,2,7464,3621,3843,0,0,0,1.0,1,1.0,1,1.0,1,0.23412031778032047,53
4544,4,7468,3623,3845,0,0,0,1.0,1,1.0,1,1.0,1,0.23633482527632885,52
4545,2,7470,3623,3847,0,0,0,1.0,1,1.0,1,1.0,1,0.19963731988163147,50
4546,0,7470,3623,3847,0,0,0,1.0,1,1.0,1,1.0,1,0.21611369846149167,49
4547,1,7471,3624,3847,0,0,0,1.0,1,1.0,1,1.0,1,0.22591973464585258,49
4548,0,7471,3624,3847,0,0,0,1.0,1,1.0,1,1.0,1,0.22591973464585258,49
4549,2,7473,3626,3847,0,0,0,1.0,1,1.0,1,1.0,1,0.2487039606906105,50
4550,1,7474,3627,3847,0,0,0,1.0,1,1.0,1,1.0,1,0.2601162161773278,49
4551,1,7475,3627,3848,0,0,0,1.0,1,1.0,1,1.0,1,0.24851154094825398,49
4552,0,7475,3627,3848,0,0,0,1.0,1,1.0,1,1.0,1,0.24851154094825398,49
4553,3,7478,3629,3849,0,0,0,1.0,1,1.0,1,1.0,1,0.30628779515236026,49
4554,3,7481,3629,3852,0,0,0,1.0,1,1.0,1,1.0,1,0.2599268047850429,49
4555,1,7482,3630,3852,0,0,0,1.0,1,1.0,1,1.0,1,0.26641839542744633,48
4556,1,7483,3630,3853,0,0,0,1.0,1,1.0,1,1.0,1,0.2527793706929166,48
4557,2,7485,3631,3854,0,0,0,1.0,1,1.0,1,1.0,1,0.2673175484941549,49
4558,0,7485,3631,3854,0,0,0,1.0,1,1.0,1,1.0,1,0.24255282329366024,49
4559,3,7488,3632,3856,0,0,0,1.0,1,1.0,1,1.0,1,0.25951168593116647,50
4560,1,7489,3633,3856,0,0,0,1.0,1,1.0,1,1.0,1,0.2632096558690747,51
4561,1,7490,3633,3857,0,0,0,1.0,1,1.0,1,1.0,1,0.2455848030634006,52
4562,0,7490,3633,3857,0,0,0,1.0,1,1.0,1,1.0,1,0.2514411126613446,53
4563,2,7492,3634,3858,0,0,0,1.0,1,1.0,1,1.0,1,0.22502081468295795,52
4564,2,7494,3634,3860,0,0,0,1.0,1,1.0,1,1.0,1,0.18985957364525416,54
4565,2,7496,3635,3861,0,0,0,1.0,1,1.0,1,1.0,1,0.21171017650847135,55
4566,0,7496,3635,3861,0,0,0,1.0,1,1.0,1,1.0,1,0.21171017650847135,55
4567,2,7498,3637,3861,0,0,0,1.0,1,1.0,1,1.0,1,0.19047572860061437,56
4568,2,7500,3638,3862,0,0,0,1.0,1,1.0,1,1.0,1,0.19447226334446135,58
4569,2,7502,3639,3863,0,0,0,1.0,1,1.0,1,1.0,1,0.18680218452008693,59
4570,1,7503,3640,3863,0,0,0,1.0,1,1.0,1,1.0,1,0.17972629119484465,59
4571,0,7503,3640,3863,0,0,0,1.0,1,1.0,1,1.0,1,0.16762336032934239,57
4572,3,7506,3643,3863,0,0,0,1.0,1,1.0,1,1.0,1,0.20493353922210486,56
4573,1,7507,3643,3864,0,0,0,1.0,1,1.0,1,1.0,1,0.19698414971807357,56
4574,0,7507,3643,3864,0,0,0,1.0,1,1.0,1,1.0,1,0.23036485459814363,55
4575,0,7507,3643,3864,0,0,0,1.0,1,1.0,1,1.0,1,0.23036485459814363,55
4576,0,7507,3643,3864,0,0,0,1.0,1,1.0,1,1.0,1,0.2408604898631984,55
4577,1,7508,3643,3865,0,0,0,1.0,1,1.0,1,1.0,1,0.24725320155043823,54
4578,1,7509,3644,3865,0,0,0,1.0,1,1.0,1,1.0,1,0.2734144143138283,54
4579,1,7510,3644,3866,0,0,0,1.0,1,1.0,1,1.0,1,0.2505085727982253,54
4580,0,7510,3644,3866,0,0,0,1.0,1,1.0,1,1.0,1,0.24453654470001626,55
4581,2,7512,3645,3867,0,0,0,1.0,1,1.0,1,1.0,1,0.2619740153392429,56
4582,0,7512,3645,3867,0,0,0,1.0,1,1.0,1,1.0,1,0.2619740153392429,56
4583,1,7513,3646,3867,0,0,0,1.0,1,1.0,1,1.0,1,0.27364303682536323,57
4584,1,7514,3647,3867,0,0,0,1.0,1,1.0,1,1.0,1,0.29796415421974914,57
4585,1,7515,3647,3868,0,0,0,1.0,1,1.0,1,1.0,1,0.28641504340346585,57
4586,0,7515,3647,3868,0,0,0,1.0,1,1.0,1,1.0,1,0.28641504340346585,57
4587,0,7515,3647,3868,0,0,0,1.0,1,1.0,1,1.0,1,0.28641504340346585,57
4588,0,7515,3647,3868,0,0,0,1.0,1,1.0,1,1.0,1,0.2955660470702045,58
4589,0,7515,3647,3868,0,0,0,1.0,1,1.0,1,1.0,1,0.29891834974084364,59
4590,0,7515,3647,3868,0,0,0,1.0,1,1.0,1,1.0,1,0.30559674370207557,60
4591,3,7518,3647,3871,0,0,0,1.0,1,1.0,1,1.0,1,0.2846845189978221,61
4592,0,7518,3647,3871,0,0,0,1.0,1,1.0,1,1.0,1,0.2903889028260597,62
4593,4,7522,3648,3874,0,0,0,1.0,1,1.0,1,1.0,1,0.25655622581763465,64
4594,1,7523,3648,3875,0,0,0,1.0,1,1.0,1,1.0,1,0.2496930950953937,64
4595,0,7523,3648,3875,0,0,0,1.0,1,1.0,1,1.0,1,0.2607534889204323,63
4596,0,7523,3648,3875,0,0,0,1.0,1,1.0,1,1.0,1,0.2607534889204323,63
4597,2,7525,3650,3875,0,0,0,1.0,1,1.0,1,1.0,1,0.2527683194574485,63
4598,3,7528,3651,3877,0,0,0,1.0,1,1.0,1,1.0,1,0.2128932178879802,65
4599,2,7530,3652,3878,0,0,0,1.0,1,1.0,1,1.0,1,0.20562632263831607,66
4600,1,7531,3653,3878,0,0,0,1.0,1,1.0,1,1.0,1,0.22304926574216552,67
4601,2,7533,3653,3880,0,0,0,1.0,1,1.0,1,1.0,1,0.19603171217539556,67
4602,1,7534,3653,3881,0,0,0,1.0,1,1.0,1,1.0,1,0.17569215531807753,69
4603,1,7535,3654,3881,0,0,0,1.0,1,1.0,1,1.0,1,0.19412400871987656,69
4604,0,7535,3654,3881,0,0,0,1.0,1,1.0,1,1.0,1,0.19412400871987656,69
4605,3,7538,3654,3884,0,0,0,1.0,1,1.0,1,1.0,1,0.17566789879354547,70
4606,0,7538,3654,3884,0,0,0,1.0,1,1.0,1,1.0,1,0.17566789879354547,70
4607,1,7539,3655,3884,0,0,0,1.0,1,1.0,1,1.0,1,0.20239236400277905,72
4608,1,7540,3655,3885,0,0,0,1.0,1,1.0,1,1.0,1,0.19952783329407378,73
4609,2,7542,3655,3887,0,0,0,1.0,1,1.0,1,1.0,1,0.17278831693091368,72
4610,2,7544,3656,3888,0,0,0,1.0,1,1.0,1,1.0,1,0.15968718900005444,72
4611,0,7544,3656,3888,0,0,0,1.0,1,1.0,1,1.0,1,0.1531009629563697,71
4612,1,7545,3657,3888,0,0,0,1.0,1,1.0,1,1.0,1,0.17053714480747734,70
4613,0,7545,3657,3888,0,0,0,1.0,1,1.0,1,1.0,1,0.16646503157744885,69
4614,0,7545,3657,3888,0,0,0,1.0,1,1.0,1,1.0,1,0.19405520391781572,68
4615,3,7548,3659,3889,0,0,0,1.0,1,1.0,1,1.0,1,0.19085093238854597,68
4616,0,7548,3659,3889,0,0,0,1.0,1,1.0,1,1.0,1,0.2260943616887032,65
4617,1,7549,3660,3889,0,0,0,1.0,1,1.0,1,1.0,1,0.21773136569628884,66
4618,1,7550,3661,3889,0,0,0,1.0,1,1.0,1,1.0,1,0.23800666805370055,66
4619,0,7550,3661,3889,0,0,0,1.0,1,1.0,1,1.0,1,0.24527579095214846,65
4620,0,7550,3661,3889,0,0,0,1.0,1,1.0,1,1.0,1,0.24527579095214846,65
4621,9,7559,3665,3894,0,0,0,1.0,1,1.0,1,1.0,1,0.23011187756809273,67
4622,2,7561,3666,3895,0,0,0,1.0,1,1.0,1,1.0,1,0.23802900334235064,65
4623,3,7564,3669,3895,0,0,0,1.0,1,1.0,1,1.0,1,0.2822974506481048,66
4624,2,7566,3671,3895,0,0,0,1.0,1,1.0,1,1.0,1,0.28337912483593086,65
4625,5,7571,3672,3899,0,0,0,1.0,1,1.0,1,1.0,1,0.23165049958389705,64
4626,3,7574,3674,3900,0,0,0,1.0,1,1.0,1,1.0,1,0.22027619659503783,63
4627,2,7576,3675,3901,0,0,0,1.0,1,1.0,1,1.0,1,0.20675902343165029,65
4628,0,7576,3675,3901,0,0,0,1.0,1,1.0,1,1.0,1,0.2128712546562707,64
4629,4,7580,3676,3904,0,0,0,1.0,1,1.0,1,1.0,1,0.2013192005783613,64
4630,3,7583,3677,3906,0,0,0,1.0,1,1.0,1,1.0,1,0.15806931732946441,64
4631,2,7585,3678,3907,0,0,0,1.0,1,1.0,1,1.0,1,0.201109950094101,66
4632,1,7586,3678,3908,0,0,0,1.0,1,1.0,1,1.0,1,0.1985226291055759,65
4633,1,7587,3678,3909,0,0,0,1.0,1,1.0,1,1.0,1,0.1825131929033073,66
4634,0,7587,3678,3909,0,0,0,1.0,1,1.0,1,1.0,1,0.1825131929033073,66
4635,1,7588,3679,3909,0,0,0,1.0,1,1.0,1,1.0,1,0.18764727446717624,66
4636,0,7588,3679,3909,0,0,0,1.0,1,1.0,1,1.0,1,0.18764727446717624,66
4637,3,7591,3679,3912,0,0,0,1.0,1,1.0,1,1.0,1,0.1579208538701693,68
4638,0,7591,3679,3912,0,0,0,1.0,1,1.0,1,1.0,1,0.1579208538701693,68
4639,2,7593,3680,3913,0,0,0,1.0,1,1.0,1,1.0,1,0.17469702900523168,69
4640,0,7593,3680,3913,0,0,0,1.0,1,1.0,1,1.0,1,0.17469702900523168,69
4641,2,7595,3680,3915,0,0,0,1.0,1,1.0,1,1.0,1,0.15061353377041545,70
4642,0,7595,3680,3915,0,0,0,1.0,1,1.0,1,1.0,1,0.16328090344244026,69
4643,2,7597,3681,3916,0,0,0,1.0,1,1.0,1,1.0,1,0.1654879472038629,70
4644,1,7598,3682,3916,0,0,0,1.0,1,1.0,1,1.0,1,0.1986015360437712,69
4645,2,7600,3682,3918,0,0,0,1.0,1,1.0,1,1.0,1,0.17820549387802986,70
4646,2,7602,3683,3919,0,0,0,1.0,1,1.0,1,1.0,1,0.20265426864592304,68
4647,2,7604,3685,3919,0,0,0,1.0,1,1.0,1,1.0,1,0.21973411823609965,68
4648,1,7605,3685,3920,0,0,0,1.0,1,1.0,1,1.0,1,0.24610403185594829,67
4649,3,7608,3686,3922,0,0,0,1.0,1,1.0,1,1.0,1,0.27087654770207625,67
4650,0,7608,3686,3922,0,0,0,1.0,1,1.0,1,1.0,1,0.24961916293289832,67
4651,4,7612,3689,3923,0,0,0,1.0,1,1.0,1,1.0,1,0.2486932695448571,68
4652,3,7615,3690,3925,0,0,0,1.0,1,1.0,1,1.0,1,0.2365456431407868,66
4653,1,7616,3691,3925,0,0,0,1.0,1,1.0,1,1.0,1,0.2200043564000992,64
4654,2,7618,3692,3926,0,0,0,1.0,1,1.0,1,1.0,1,0.25483672023088905,65
4655,1,7619,3692,3927,0,0,0,1.0,1,1.0,1,1.0,1,0.24284424951626526,64
4656,1,7620,3693,3927,0,0,0,1.0,1,1.0,1,1.0,1,0.2592063521331739,65
4657,4,7624,3695,3929,0,0,0,1.0,1,1.0,1,1.0,1,0.2503403474972199,66
4658,1,7625,3696,3929,0,0,0,1.0,1,1.0,1,1.0,1,0.29029288393666114,65
4659,1,7626,3696,3930,0,0,0,1.0,1,1.0,1,1.0,1,0.2809660038825648,65
4660,0,7626,3696,3930,0,0,0,1.0,1,1.0,1,1.0,1,0.2901329829348448,66
4661,1,7627,3696,3931,0,0,0,1.0,1,1.0,1,1.0,1,0.29106915227688585,66
4662,3,7630,3697,3933,0,0,0,1.0,1,1.0,1,1.0,1,0.27138685059157586,68
4663,0,7630,3697,3933,0,0,0,1.0,1,1.0,1,1.0,1,0.27221498708685277,67
4664,3,7633,3698,3935,0,0,0,1.0,1,1.0,1,1.0,1,0.270082563110263,67
4665,3,7636,3699,3937,0,0,0,1.0,1,1.0,1,1.0,1,0.2554144300435203,67
4666,0,7636,3699,3937,0,0,0,1.0,1,1.0,1,1.0,1,0.2714259324707668,67
4667,1,7637,3700,3937,0,0,0,1.0,1,1.0,1,1.0,1,0.2730224888430285,66
4668,3,7640,3702,3938,0,0,0,1.0,1,1.0,1,1.0,1,0.2891712072735432,66
4669,5,7645,3703,3942,0,0,0,1.0,1,1.0,1,1.0,1,0.24812206406133505,66
4670,0,7645,3703,3942,0,0,0,1.0,1,1.0,1,1.0,1,0.2660760684629445,64
4671,0,7645,3703,3942,0,0,0,1.0,1,1.0,1,1.0,1,0.2660760684629445,64
4672,5,7650,3705,3945,0,0,0,1.0,1,1.0,1,1.0,1,0.2787391765093535,64
4673,5,7655,3705,3950,0,0,0,1.0,1,1.0,1,1.0,1,0.22938879230268006,65
4674,4,7659,3707,3952,0,0,0,1.0,1,1.0,1,1.0,1,0.21075934074309502,66
4675,2,7661,3708,3953,0,0,0,1.0,1,1.0,1,1.0,1,0.22703257310742328,65
4676,0,7661,3708,3953,0,0,0,1.0,1,1.0,1,1.0,1,0.24478974816087318,65
4677,2,7663,3708,3955,0,0,0,1.0,1,1.0,1,1.0,1,0.23536584084234483,65
4678,0,7663,3708,3955,0,0,0,1.0,1,1.0,1,1.0,1,0.24590180136677114,64
4679,1,7664,3709,3955,0,0,0,1.0,1,1.0,1,1.0,1,0.24271903703211403,66
4680,1,7665,3709,3956,0,0,0,1.0,1,1.0,1,1.0,1,0.25130407878561056,67
4681,3,7668,3710,3958,0,0,0,1.0,1,1.0,1,1.0,1,0.240333775110892,67
4682,7,7675,3712,3963,0,0,0,1.0,1,1.0,1,1.0,1,0.2105231309918569,67
4683,2,7677,3713,3964,0,0,0,1.0,1,1.0,1,1.0,1,0.203290267429943,67
4684,0,7677,3713,3964,0,0,0,1.0,1,1.0,1,1.0,1,0.19398743866779494,66
4685,1,7678,3713,3965,0,0,0,1.0,1,1.0,1,1.0,1,0.1753746781256169,65
4686,1,7679,3714,3965,0,0,0,1.0,1,1.0,1,1.0,1,0.20013563062125755,65
4687,0,7679,3714,3965,0,0,0,1.0,1,1.0,1,1.0,1,0.19191681740949498,65
4688,2,7681,3716,3965,0,0,0,1.0,1,1.0,1,1.0,1,0.23485220860168182,64
4689,4,7685,3718,3967,0,0,0,1.0,1,1.0,1,1.0,1,0.27552428236773374,65
4690,0,7685,3718,3967,0,0,0,1.0,1,1.0,1,1.0,1,0.2966826130359947,63
4691,5,7690,3721,3969,0,0,0,1.0,1,1.0,1,1.0,1,0.3114149396284192,64
4692,0,7690,3721,3969,0,0,0,1.0,1,1.0,1,1.0,1,0.27824467466701774,63
4693,2,7692,3721,3971,0,0,0,1.0,1,1.0,1,1.0,1,0.2744829077902043,64
4694,0,7692,3721,3971,0,0,0,1.0,1,1.0,1,1.0,1,0.2649764425193771,63
4695,1,7693,3721,3972,0,0,0,1.0,1,1.0,1,1.0,1,0.2603625361531399,62
4696,1,7694,3721,3973,0,0,0,1.0,1,1.0,1,1.0,1,0.24718036763441356,61
4697,3,7697,3722,3975,0,0,0,1.0,1,1.0,1,1.0,1,0.22147413140076205,63
4698,1,7698,3722,3976,0,0,0,1.0,1,1.0,1,1.0,1,0.21304588962395973,63
4699,0,7698,3722,3976,0,0,0,1.0,1,1.0,1,1.0,1,0.21175521245622766,65
4700,2,7700,3722,3978,0,0,0,1.0,1,1.0,1,1.0,1,0.22265551444018444,64
4701,3,7703,3724,3979,0,0,0,1.0,1,1.0,1,1.0,1,0.23580777286041033,64
4702,0,7703,3724,3979,0,0,0,1.0,1,1.0,1,1.0,1,0.23887129725028397,66
4703,2,7705,3726,3979,0,0,0,1.0,1,1.0,1,1.0,1,0.2455262435279118,65
4704,3,7708,3727,3981,0,0,0,1.0,1,1.0,1,1.0,1,0.2249757925801842,64
4705,5,7713,3729,3984,0,0,0,1.0,1,1.0,1,1.0,1,0.24497384411848738,65
4706,2,7715,3731,3984,0,0,0,1.0,1,1.0,1,1.0,1,0.2599242514987155,65
4707,2,7717,3732,3985,0,0,0,1.0,1,1.0,1,1.0,1,0.2677112249594133,63
4708,1,7718,3733,3985,0,0,0,1.0,1,1.0,1,1.0,1,0.27886414985652414,62
4709,10,7728,3738,3990,0,0,0,1.0,1,1.0,1,1.0,1,0.2652833207708728,61
4710,0,7728,3738,3990,0,0,0,1.0,1,1.0,1,1.0,1,0.2658955564355054,60
4711,3,7731,3741,3990,0,0,0,1.0,1,1.0,1,1.0,1,0.2726585762728286,59
4712,0,7731,3741,3990,0,0,0,1.0,1,1.0,1,1.0,1,0.27058166423613245,58
4713,4,7735,3742,3993,0,0,0,1.0,1,1.0,1,1.0,1,0.2556392405113085,58
4714,0,7735,3742,3993,0,0,0,1.0,1,1.0,1,1.0,1,0.2560815567312319,57
4715,0,7735,3742,3993,0,0,0,1.0,1,1.0,1,1.0,1,0.26252461500515406,57
4716,1,7736,3743,3993,0,0,0,1.0,1,1.0,1,1.0,1,0.2817714000846622,55
4717,5,7741,3744,3997,0,0,0,1.0,1,1.0,1,1.0,1,0.22987071375709686,57
4718,1,7742,3744,3998,0,0,0,1.0,1,1.0,1,1.0,1,0.20947607931215798,56
4719,3,7745,3745,4000,0,0,0,1.0,1,1.0,1,1.0,1,0.21493316030519663,56
4720,0,7745,3745,4000,0,0,0,1.0,1,1.0,1,1.0,1,0.2175712929033838,57
4721,1,7746,3745,4001,0,0,0,1.0,1,1.0,1,1.0,1,0.2017912382616881,57
4722,2,7748,3746,4002,0,0,0,1.0,1,1.0,1,1.0,1,0.18484788970467161,57
4723,2,7750,3747,4003,0,0,0,1.0,1,1.0,1,1.0,1,0.1861073301144465,57
4724,0,7750,3747,4003,0,0,0,1.0,1,1.0,1,1.0,1,0.18763384830320703,57
4725,0,7750,3747,4003,0,0,0,1.0,1,1.0,1,1.0,1,0.22600517736207162,57
4726,3,7753,3749,4004,0,0,0,1.0,1,1.0,1,1.0,1,0.24560171755957974,57
4727,0,7753,3749,4004,0,0,0,1.0,1,1.0,1,1.0,1,0.25745948155284787,56
4728,0,7753,3749,4004,0,0,0,1.0,1,1.0,1,1.0,1,0.2619143925150499,57
4729,1,7754,3749,4005,0,0,0,1.0,1,1.0,1,1.0,1,0.27245271177773445,56
4730,0,7754,3749,4005,0,0,0,1.0,1,1.0,1,1.0,1,0.2867995377341335,54
4731,1,7755,3749,4006,0,0,0,1.0,1,1.0,1,1.0,1,0.2704255771374034,54
4732,3,7758,3752,4006,0,0,0,1.0,1,1.0,1,1.0,1,0.30094087205979814,54
4733,2,7760,3753,4007,0,0,0,1.0,1,1.0,1,1.0,1,0.31216481913507577,55
4734,1,7761,3753,4008,0,0,0,1.0,1,1.0,1,1.0,1,0.3136723593247812,56
4735,1,7762,3754,4008,0,0,0,1.0,1,1.0,1,1.0,1,0.3240116366704539,56
4736,3,7765,3755,4010,0,0,0,1.0,1,1.0,1,1.0,1,0.31037079005342183,58
4737,0,7765,3755,4010,0,0,0,1.0,1,1.0,1,1.0,1,0.3043599504946251,59
4738,5,7770,3759,4011,0,0,0,1.0,1,1.0,1,1.0,1,0.34823611131167104,60
4739,3,7773,3759,4014,0,0,0,1.0,1,1.0,1,1.0,1,0.32064633307047297,60
4740,0,7773,3759,4014,0,0,0,1.0,1,1.0,1,1.0,1,0.32064633307047297,60
4741,1,7774,3760,4014,0,0,0,1.0,1,1.0,1,1.0,1,0.3403553597161452,61
4742,2,7776,3760,4016,0,0,0,1.0,1,1.0,1,1.0,1,0.3088024750952328,61
4743,1,7777,3761,4016,0,0,0,1.0,1,1.0,1,1.0,1,0.31163632101185285,60
4744,6,7783,3763,4020,0,0,0,1.0,1,1.0,1,1.0,1,0.2738877760357272,60
4745,3,7786,3764,4022,0,0,0,1.0,1,1.0,1,1.0,1,0.25368508608070095,59
4746,1,7787,3765,4022,0,0,0,1.0,1,1.0,1,1.0,1,0.2669322120703557,59
4747,2,7789,3766,4023,0,0,0,1.0,1,1.0,1,1.0,1,0.2337207193483585,58
4748,4,7793,3768,4025,0,0,0,1.0,1,1.0,1,1.0,1,0.21439722181855295,58
4749,2,7795,3768,4027,0,0,0,1.0,1,1.0,1,1.0,1,0.1850696948457358,58
4750,0,7795,3768,4027,0,0,0,1.0,1,1.0,1,1.0,1,0.1847083241092266,56
4751,2,7797,3770,4027,0,0,0,1.0,1,1.0,1,1.0,1,0.1928218683689987,58
4752,0,7797,3770,4027,0,0,0,1.0,1,1.0,1,1.0,1,0.17891373087620407,55
4753,2,7799,3771,4028,0,0,0,1.0,1,1.0,1,1.0,1,0.16480650547806383,55
4754,3,7802,3774,4028,0,0,0,1.0,1,1.0,1,1.0,1,0.20482678414956446,54
4755,1,7803,3775,4028,0,0,0,1.0,1,1.0,1,1.0,1,0.21740695972198384,54
4756,2,7805,3777,4028,0,0,0,1.0,1,1.0,1,1.0,1,0.2385421161235304,54
4757,3,7808,3777,4031,0,0,0,1.0,1,1.0,1,1.0,1,0.19580763187710762,53
4758,0,7808,3777,4031,0,0,0,1.0,1,1.0,1,1.0,1,0.19580763187710762,53
4759,1,7809,3777,4032,0,0,0,1.0,1,1.0,1,1.0,1,0.1788108984448463,53
4760,1,7810,3778,4032,0,0,0,1.0,1,1.0,1,1.0,1,0.21921522757191383,53
4761,4,7814,3779,4035,0,0,0,1.0,1,1.0,1,1.0,1,0.21498407750283852,52
4762,6,7820,3782,4038,0,0,0,1.0,1,1.0,1,1.0,1,0.2453656366522045,54
4763,4,7824,3784,4040,0,0,0,1.0,1,1.0,1,1.0,1,0.23737658953746676,54
4764,2,7826,3784,4042,0,0,0,1.0,1,1.0,1,1.0,1,0.2036208677194673,55
4765,2,7828,3786,4042,0,0,0,1.0,1,1.0,1,1.0,1,0.2622001458285574,56
4766,2,7830,3787,4043,0,0,0,1.0,1,1.0,1,1.0,1,0.24874382900272132,58
4767,2,7832,3788,4044,0,0,0,1.0,1,1.0,1,1.0,1,0.233130755374836,59
4768,2,7834,3789,4045,0,0,0,1.0,1,1.0,1,1.0,1,0.2259564747365179,60
4769,0,7834,3789,4045,0,0,0,1.0,1,1.0,1,1.0,1,0.22921198605123622,59
4770,0,7834,3789,4045,0,0,0,1.0,1,1.0,1,1.0,1,0.23988476734457745,60
4771,0,7834,3789,4045,0,0,0,1.0,1,1.0,1,1.0,1,0.2548325240215949,59
4772,1,7835,3790,4045,0,0,0,1.0,1,1.0,1,1.0,1,0.24365856789168389,59
4773,1,7836,3790,4046,0,0,0,1.0,1,1.0,1,1.0,1,0.22344885038866608,60
4774,0,7836,3790,4046,0,0,0,1.0,1,1.0,1,1.0,1,0.22344885038866608,60
4775,2,7838,3790,4048,0,0,0,1.0,1,1.0,1,1.0,1,0.209867578248496,62
4776,0,7838,3790,4048,0,0,0,1.0,1,1.0,1,1.0,1,0.20030209583646635,63
4777,1,7839,3790,4049,0,0,0,1.0,1,1.0,1,1.0,1,0.1825977724579308,63
4778,0,7839,3790,4049,0,0,0,1.0,1,1.0,1,1.0,1,0.1825977724579308,63
4779,1,7840,3791,4049,0,0,0,1.0,1,1.0,1,1.0,1,0.19187119231342512,63
4780,3,7843,3792,4051,0,0,0,1.0,1,1.0,1,1.0,1,0.19862053290879522,65
4781,3,7846,3792,4054,0,0,0,1.0,1,1.0,1,1.0,1,0.18806838847115367,64
4782,0,7846,3792,4054,0,0,0,1.0,1,1.0,1,1.0,1,0.1988527721574956,65
4783,5,7851,3794,4057,0,0,0,1.0,1,1.0,1,1.0,1,0.18074783291496996,66
4784,2,7853,3796,4057,0,0,0,1.0,1,1.0,1,1.0,1,0.1674418722643688,64
4785,5,7858,3797,4061,0,0,0,1.0,1,1.0,1,1.0,1,0.15453152647904647,65
4786,5,7863,3800,4063,0,0,0,1.0,1,1.0,1,1.0,1,0.19309575422674535,66
4787,3,7866,3802,4064,0,0,0,1.0,1,1.0,1,1.0,1,0.16327084996180155,63
4788,3,7869,3805,4064,0,0,0,1.0,1,1.0,1,1.0,1,0.19488022416418183,63
4789,4,7873,3808,4065,0,0,0,1.0,1,1.0,1,1.0,1,0.1825880554751802,60
4790,5,7878,3811,4067,0,0,0,1.0,1,1.0,1,1.0,1,0.16953418455059963,61
4791,3,7881,3814,4067,0,0,0,1.0,1,1.0,1,1.0,1,0.1879288046458312,59
4792,1,7882,3815,4067,0,0,0,1.0,1,1.0,1,1.0,1,0.18290399276982366,59
4793,4,7886,3816,4070,0,0,0,1.0,1,1.0,1,1.0,1,0.15616610777076886,61
4794,2,7888,3817,4071,0,0,0,1.0,1,1.0,1,1.0,1,0.1361906273211451,60
4795,0,7888,3817,4071,0,0,0,1.0,1,1.0,1,1.0,1,0.1394545033293012,61
4796,2,7890,3819,4071,0,0,0,1.0,1,1.0,1,1.0,1,0.172954336313549,60
4797,4,7894,3822,4072,0,0,0,1.0,1,1.0,1,1.0,1,0.18604792805226428,61
4798,3,7897,3823,4074,0,0,0,1.0,1,1.0,1,1.0,1,0.15808244268496413,61
4799,1,7898,3823,4075,0,0,0,1.0,1,1.0,1,1.0,1,0.17318738583685853,59
4800,0,7898,3823,4075,0,0,0,1.0,1,1.0,1,1.0,1,0.20082426659791625,57
4801,5,7903,3825,4078,0,0,0,1.0,1,1.0,1,1.0,1,0.14427468644843358,58
4802,0,7903,3825,4078,0,0,0,1.0,1,1.0,1,1.0,1,0.16107501815521244,56
4803,1,7904,3826,4078,0,0,0,1.0,1,1.0,1,1.0,1,0.17941059493363135,57
4804,2,7906,3827,4079,0,0,0,1.0,1,1.0,1,1.0,1,0.1554246667817049,55
4805,1,7907,3828,4079,0,0,0,1.0,1,1.0,1,1.0,1,0.1604571920786616,56
4806,0,7907,3828,4079,0,0,0,1.0,1,1.0,1,1.0,1,0.15453497317842493,55
4807,0,7907,3828,4079,0,0,0,1.0,1,1.0,1,1.0,1,0.1679314603523259,53
4808,1,7908,3828,4080,0,0,0,1.0,1,1.0,1,1.0,1,0.17099061066257434,54
4809,0,7908,3828,4080,0,0,0,1.0,1,1.0,1,1.0,1,0.20328002526820327,53
4810,1,7909,3829,4080,0,0,0,1.0,1,1.0,1,1.0,1,0.2004968614163931,53
4811,0,7909,3829,4080,0,0,0,1.0,1,1.0,1,1.0,1,0.1909656716252254,54
4812,5,7914,3832,4082,0,0,0,1.0,1,1.0,1,1.0,1,0.17146585408861725,54
4813,2,7916,3832,4084,0,0,0,1.0,1,1.0,1,1.0,1,0.1425523264131347,55
4814,2,7918,3834,4084,0,0,0,1.0,1,1.0,1,1.0,1,0.17964085017621695,55
4815,1,7919,3834,4085,0,0,0,1.0,1,1.0,1,1.0,1,0.17078973942125764,56
4816,2,7921,3836,4085,0,0,0,1.0,1,1.0,1,1.0,1,0.1999127220291654,56
4817,7,7928,3838,4090,0,0,0,1.0,1,1.0,1,1.0,1,0.2016520165186442,58
4818,2,7930,3840,4090,0,0,0,1.0,1,1.0,1,1.0,1,0.2435188620411683,58
4819,0,7930,3840,4090,0,0,0,1.0,1,1.0,1,1.0,1,0.24431133309537503,58
4820,2,7932,3841,4091,0,0,0,1.0,1,1.0,1,1.0,1,0.2432671841779232,58
4821,4,7936,3842,4094,0,0,0,1.0,1,1.0,1,1.0,1,0.17725505417422516,58
4822,1,7937,3842,4095,0,0,0,1.0,1,1.0,1,1.0,1,0.1595350918571098,58
4823,1,7938,3843,4095,0,0,0,1.0,1,1.0,1,1.0,1,0.17514080580439592,57
4824,2,7940,3845,4095,0,0,0,1.0,1,1.0,1,1.0,1,0.1920300507877361,56
4825,3,7943,3845,4098,0,0,0,1.0,1,1.0,1,1.0,1,0.16580233205376335,57
4826,3,7946,3846,4100,0,0,0,1.0,1,1.0,1,1.0,1,0.15923347277546596,57
4827,0,7946,3846,4100,0,0,0,1.0,1,1.0,1,1.0,1,0.19479307122837825,56
4828,0,7946,3846,4100,0,0,0,1.0,1,1.0,1,1.0,1,0.17690169923332402,57
4829,1,7947,3846,4101,0,0,0,1.0,1,1.0,1,1.0,1,0.16416129254811782,56
4830,1,7948,3847,4101,0,0,0,1.0,1,1.0,1,1.0,1,0.15770992424872363,57
4831,1,7949,3848,4101,0,0,0,1.0,1,1.0,1,1.0,1,0.19966549185422922,57
4832,0,7949,3848,4101,0,0,0,1.0,1,1.0,1,1.0,1,0.2079769581128127,55
4833,3,7952,3850,4102,0,0,0,1.0,1,1.0,1,1.0,1,0.2259306952149816,55
4834,3,7955,3851,4104,0,0,0,1.0,1,1.0,1,1.0,1,0.2297128970181749,55
4835,1,7956,3851,4105,0,0,0,1.0,1,1.0,1,1.0,1,0.22327255647901006,55
4836,1,7957,3851,4106,0,0,0,1.0,1,1.0,1,1.0,1,0.20639340996401806,55
4837,1,7958,3851,4107,0,0,0,1.0,1,1.0,1,1.0,1,0.16533294736031331,53
4838,1,7959,3852,4107,0,0,0,1.0,1,1.0,1,1.0,1,0.17330890569947408,54
4839,4,7963,3856,4107,0,0,0,1.0,1,1.0,1,1.0,1,0.2089477548344978,53
4840,2,7965,3857,4108,0,0,0,1.0,1,1.0,1,1.0,1,0.2079369540518485,52
4841,3,7968,3859,4109,0,0,0,1.0,1,1.0,1,1.0,1,0.21073378524432132,51
4842,3,7971,3861,4110,0,0,0,1.0,1,1.0,1,1.0,1,0.2382447366734699,50
4843,7,7978,3865,4113,0,0,0,1.0,1,1.0,1,1.0,1,0.2446576199060312,51
4844,0,7978,3865,4113,0,0,0,1.0,1,1.0,1,1.0,1,0.22657298936668568,50
4845,3,7981,3866,4115,0,0,0,1.0,1,1.0,1,1.0,1,0.2275126102054948,49
4846,3,7984,3867,4117,0,0,0,1.0,1,1.0,1,1.0,1,0.17730736391598065,49
4847,0,7984,3867,4117,0,0,0,1.0,1,1.0,1,1.0,1,0.1702048356847267,48
4848,1,7985,3868,4117,0,0,0,1.0,1,1.0,1,1.0,1,0.17184744010554492,48
4849,0,7985,3868,4117,0,0,0,1.0,1,1.0,1,1.0,1,0.14718628265617026,48
4850,0,7985,3868,4117,0,0,0,1.0,1,1.0,1,1.0,1,0.14697619745088794,49
4851,1,7986,3869,4117,0,0,0,1.0,1,1.0,1,1.0,1,0.1584592695642889,49
4852,0,7986,3869,4117,0,0,0,1.0,1,1.0,1,1.0,1,0.17255027741842138,49
4853,1,7987,3870,4117,0,0,0,1.0,1,1.0,1,1.0,1,0.19652176688972256,50
4854,2,7989,3871,4118,0,0,0,1.0,1,1.0,1,1.0,1,0.19414524023888063,51
4855,0,7989,3871,4118,0,0,0,1.0,1,1.0,1,1.0,1,0.19414524023888063,51
4856,0,7989,3871,4118,0,0,0,1.0,1,1.0,1,1.0,1,0.18973536969034693,50
4857,2,7991,3871,4120,0,0,0,1.0,1,1.0,1,1.0,1,0.1631051211369419,51
4858,0,7991,3871,4120,0,0,0,1.0,1,1.0,1,1.0,1,0.1715638161743124,51
4859,1,7992,3871,4121,0,0,0,1.0,1,1.0,1,1.0,1,0.17742027762673035,52
4860,0,7992,3871,4121,0,0,0,1.0,1,1.0,1,1.0,1,0.17742027762673035,52
4861,0,7992,3871,4121,0,0,0,1.0,1,1.0,1,1.0,1,0.19267694294673698,53
4862,2,7994,3873,4121,0,0,0,1.0,1,1.0,1,1.0,1,0.23806454535479718,53
4863,0,7994,3873,4121,0,0,0,1.0,1,1.0,1,1.0,1,0.22346167612901263,51
4864,2,7996,3874,4122,0,0,0,1.0,1,1.0,1,1.0,1,0.24903713632001998,53
4865,3,7999,3874,4125,0,0,0,1.0,1,1.0,1,1.0,1,0.1734737314052995,52
4866,2,8001,3875,4126,0,0,0,1.0,1,1.0,1,1.0,1,0.1981169292135896,53
4867,2,8003,3875,4128,0,0,0,1.0,1,1.0,1,1.0,1,0.18096039368506572,51
4868,4,8007,3877,4130,0,0,0,1.0,1,1.0,1,1.0,1,0.1614797065549345,53
4869,1,8008,3877,4131,0,0,0,1.0,1,1.0,1,1.0,1,0.1487424808990473,53
4870,2,8010,3879,4131,0,0,0,1.0,1,1.0,1,1.0,1,0.18016546227111344,55
4871,3,8013,3880,4133,0,0,0,1.0,1,1.0,1,1.0,1,0.18065547871115928,55
4872,6,8019,3882,4137,0,0,0,1.0,1,1.0,1,1.0,1,0.15060340681024498,56
4873,3,8022,3884,4138,0,0,0,1.0,1,1.0,1,1.0,1,0.12860434746335506,56
4874,1,8023,3885,4138,0,0,0,1.0,1,1.0,1,1.0,1,0.13290675438839386,58
4875,2,8025,3886,4139,0,0,0,1.0,1,1.0,1,1.0,1,0.1660517822678459,56
4876,0,8025,3886,4139,0,0,0,1.0,1,1.0,1,1.0,1,0.18946523588688516,56
4877,6,8031,3888,4143,0,0,0,1.0,1,1.0,1,1.0,1,0.1708608121819081,54
4878,1,8032,3888,4144,0,0,0,1.0,1,1.0,1,1.0,1,0.150006037675819,54
4879,3,8035,3891,4144,0,0,0,1.0,1,1.0,1,1.0,1,0.17352617550673385,54
4880,2,8037,3891,4146,0,0,0,1.0,1,1.0,1,1.0,1,0.15216546796098745,53
4881,0,8037,3891,4146,0,0,0,1.0,1,1.0,1,1.0,1,0.15270238455618856,54
4882,1,8038,3892,4146,0,0,0,1.0,1,1.0,1,1.0,1,0.17231328126889325,52
4883,1,8039,3893,4146,0,0,0,1.0,1,1.0,1,1.0,1,0.20005181653907772,54
4884,0,8039,3893,4146,0,0,0,1.0,1,1.0,1,1.0,1,0.18836858726186156,52
4885,1,8040,3894,4146,0,0,0,1.0,1,1.0,1,1.0,1,0.23344302987411047,51
4886,0,8040,3894,4146,0,0,0,1.0,1,1.0,1,1.0,1,0.23201485517086237,50
4887,0,8040,3894,4146,0,0,0,1.0,1,1.0,1,1.0,1,0.2375033341972764,49
4888,0,8040,3894,4146,0,0,0,1.0,1,1.0,1,1.0,1,0.25320270538326767,48
4889,0,8040,3894,4146,0,0,0,1.0,1,1.0,1,1.0,1,0.25320270538326767,48
4890,0,8040,3894,4146,0,0,0,1.0,1,1.0,1,1.0,1,0.25320270538326767,48
4891,2,8042,3896,4146,0,0,0,1.0,1,1.0,1,1.0,1,0.2841337282100841,49
4892,1,8043,3896,4147,0,0,0,1.0,1,1.0,1,1.0,1,0.29270158964653165,51
4893,0,8043,3896,4147,0,0,0,1.0,1,1.0,1,1.0,1,0.29391787936033464,51
4894,1,8044,3896,4148,0,0,0,1.0,1,1.0,1,1.0,1,0.27500021776613925,52
4895,2,8046,3897,4149,0,0,0,1.0,1,1.0,1,1.0,1,0.24901101677352144,52
4896,1,8047,3897,4150,0,0,0,1.0,1,1.0,1,1.0,1,0.23730703516941315,51
4897,1,8048,3897,4151,0,0,0,1.0,1,1.0,1,1.0,1,0.22721468682687207,52
4898,1,8049,3898,4151,0,0,0,1.0,1,1.0,1,1.0,1,0.2094634299879423,52
4899,1,8050,3898,4152,0,0,0,1.0,1,1.0,1,1.0,1,0.20330755689840463,53
4900,1,8051,3899,4152,0,0,0,1.0,1,1.0,1,1.0,1,0.16883430350948284,54
4901,2,8053,3901,4152,0,0,0,1.0,1,1.0,1,1.0,1,0.1809963991995795,54
4902,1,8054,3902,4152,0,0,0,1.0,1,1.0,1,1.0,1,0.20221557433752502,55
4903,1,8055,3902,4153,0,0,0,1.0,1,1.0,1,1.0,1,0.21903223811804662,56
4904,1,8056,3903,4153,0,0,0,1.0,1,1.0,1,1.0,1,0.24322885719455636,55
4905,2,8058,3903,4155,0,0,0,1.0,1,1.0,1,1.0,1,0.22058786516376375,54
4906,7,8065,3906,4159,0,0,0,1.0,1,1.0,1,1.0,1,0.2286443175295418,54
4907,0,8065,3906,4159,0,0,0,1.0,1,1.0,1,1.0,1,0.22870087834198966,54
4908,2,8067,3907,4160,0,0,0,1.0,1,1.0,1,1.0,1,0.22805206708062561,53
4909,6,8073,3908,4165,0,0,0,1.0,1,1.0,1,1.0,1,0.2126926235786012,54
4910,0,8073,3908,4165,0,0,0,1.0,1,1.0,1,1.0,1,0.21646901475699443,55
4911,6,8079,3910,4169,0,0,0,1.0,1,1.0,1,1.0,1,0.18831757434517943,57
4912,0,8079,3910,4169,0,0,0,1.0,1,1.0,1,1.0,1,0.18831757434517943,57
4913,3,8082,3910,4172,0,0,0,1.0,1,1.0,1,1.0,1,0.13732169376336267,56
4914,0,8082,3910,4172,0,0,0,1.0,1,1.0,1,1.0,1,0.13732169376336267,56
4915,3,8085,3912,4173,0,0,0,1.0,1,1.0,1,1.0,1,0.13410502311734682,56
4916,0,8085,3912,4173,0,0,0,1.0,1,1.0,1,1.0,1,0.14803292630646575,54
4917,0,8085,3912,4173,0,0,0,1.0,1,1.0,1,1.0,1,0.16175308304234998,53
4918,1,8086,3913,4173,0,0,0,1.0,1,1.0,1,1.0,1,0.1863775831269358,52
4919,0,8086,3913,4173,0,0,0,1.0,1,1.0,1,1.0,1,0.2215295811617789,49
4920,0,8086,3913,4173,0,0,0,1.0,1,1.0,1,1.0,1,0.2215295811617789,49
4921,3,8089,3915,4174,0,0,0,1.0,1,1.0,1,1.0,1,0.2731877875511956,50
4922,0,8089,3915,4174,0,0,0,1.0,1,1.0,1,1.0,1,0.2731877875511956,50
4923,2,8091,3917,4174,0,0,0,1.0,1,1.0,1,1.0,1,0.26757470534815314,52
4924,3,8094,3918,4176,0,0,0,1.0,1,1.0,1,1.0,1,0.27014445724942443,53
4925,3,8097,3919,4178,0,0,0,1.0,1,1.0,1,1.0,1,0.2172392677285068,54
4926,2,8099,3919,4180,0,0,0,1.0,1,1.0,1,1.0,1,0.19437808377781562,54
4927,2,8101,3921,4180,0,0,0,1.0,1,1.0,1,1.0,1,0.19082038020058584,54
4928,0,8101,3921,4180,0,0,0,1.0,1,1.0,1,1.0,1,0.19082038020058584,54
4929,0,8101,3921,4180,0,0,0,1.0,1,1.0,1,1.0,1,0.18567106818071796,55
4930,1,8102,3922,4180,0,0,0,1.0,1,1.0,1,1.0,1,0.23955379852878547,58
4931,2,8104,3922,4182,0,0,0,1.0,1,1.0,1,1.0,1,0.214246673047358,58
4932,0,8104,3922,4182,0,0,0,1.0,1,1.0,1,1.0,1,0.22636493843509098,59
4933,1,8105,3922,4183,0,0,0,1.0,1,1.0,1,1.0,1,0.20317968729586175,59
4934,0,8105,3922,4183,0,0,0,1.0,1,1.0,1,1.0,1,0.20317968729586175,59
4935,2,8107,3922,4185,0,0,0,1.0,1,1.0,1,1.0,1,0.17615275126301333,59
4936,1,8108,3923,4185,0,0,0,1.0,1,1.0,1,1.0,1,0.201025560408619,59
4937,3,8111,3923,4188,0,0,0,1.0,1,1.0,1,1.0,1,0.18920868826124454,61
4938,2,8113,3923,4190,0,0,0,1.0,1,1.0,1,1.0,1,0.18703833832137676,62
4939,3,8116,3923,4193,0,0,0,1.0,1,1.0,1,1.0,1,0.1668604340894451,63
4940,1,8117,3923,4194,0,0,0,1.0,1,1.0,1,1.0,1,0.17803917978917533,65
4941,2,8119,3924,4195,0,0,0,1.0,1,1.0,1,1.0,1,0.17563770838329115,65
4942,4,8123,3927,4196,0,0,0,1.0,1,1.0,1,1.0,1,0.20641634366433367,67
4943,1,8124,3927,4197,0,0,0,1.0,1,1.0,1,1.0,1,0.2100089514667094,66
4944,3,8127,3930,4197,0,0,0,1.0,1,1.0,1,1.0,1,0.24256474300684597,63
4945,3,8130,3931,4199,0,0,0,1.0,1,1.0,1,1.0,1,0.1995754538923409,61
4946,7,8137,3933,4204,0,0,0,1.0,1,1.0,1,1.0,1,0.17126533915029774,60
4947,0,8137,3933,4204,0,0,0,1.0,1,1.0,1,1.0,1,0.15905131195209402,58
4948,2,8139,3935,4204,0,0,0,1.0,1,1.0,1,1.0,1,0.1945307610285704,57
4949,3,8142,3936,4206,0,0,0,1.0,1,1.0,1,1.0,1,0.18456405731949088,56
4950,3,8145,3937,4208,0,0,0,1.0,1,1.0,1,1.0,1,0.16455728981943826,57
4951,3,8148,3939,4209,0,0,0,1.0,1,1.0,1,1.0,1,0.1815823604624178,55
4952,5,8153,3943,4210,0,0,0,1.0,1,1.0,1,1.0,1,0.2396324708797883,55
4953,5,8158,3945,4213,0,0,0,1.0,1,1.0,1,1.0,1,0.19506077415695697,54
4954,1,8159,3946,4213,0,0,0,1.0,1,1.0,1,1.0,1,0.21914646857708495,54
4955,2,8161,3946,4215,0,0,0,1.0,1,1.0,1,1.0,1,0.15267475504749514,52
4956,0,8161,3946,4215,0,0,0,1.0,1,1.0,1,1.0,1,0.15267475504749514,52
4957,1,8162,3947,4215,0,0,0,1.0,1,1.0,1,1.0,1,0.15176012643643014,53
4958,1,8163,3948,4215,0,0,0,1.0,1,1.0,1,1.0,1,0.16553058809125865,52
4959,1,8164,3949,4215,0,0,0,1.0,1,1.0,1,1.0,1,0.17946665451719088,51
4960,1,8165,3949,4216,0,0,0,1.0,1,1.0,1,1.0,1,0.1793950680471079,53
4961,2,8167,3949,4218,0,0,0,1.0,1,1.0,1,1.0,1,0.13567505273407496,53
4962,0,8167,3949,4218,0,0,0,1.0,1,1.0,1,1.0,1,0.1519973155582619,55
4963,0,8167,3949,4218,0,0,0,1.0,1,1.0,1,1.0,1,0.13411827783147973,54
4964,0,8167,3949,4218,0,0,0,1.0,1,1.0,1,1.0,1,0.13411827783147973,54
4965,0,8167,3949,4218,0,0,0,1.0,1,1.0,1,1.0,1,0.13411827783147973,54
4966,3,8170,3951,4219,0,0,0,1.0,1,1.0,1,1.0,1,0.1484928873146432,54
4967,3,8173,3954,4219,0,0,0,1.0,1,1.0,1,1.0,1,0.18901281295277986,55
4968,2,8175,3955,4220,0,0,0,1.0,1,1.0,1,1.0,1,0.16023253255725112,55
4969,4,8179,3956,4223,0,0,0,1.0,1,1.0,1,1.0,1,0.16565464479408284,57
4970,0,8179,3956,4223,0,0,0,1.0,1,1.0,1,1.0,1,0.1821949491982348,56
4971,2,8181,3957,4224,0,0,0,1.0,1,1.0,1,1.0,1,0.1946476962191189,57
4972,3,8184,3959,4225,0,0,0,1.0,1,1.0,1,1.0,1,0.2526757603673447,57
4973,3,8187,3959,4228,0,0,0,1.0,1,1.0,1,1.0,1,0.19945033745442578,60
4974,1,8188,3959,4229,0,0,0,1.0,1,1.0,1,1.0,1,0.1911341224670004,58
4975,2,8190,3960,4230,0,0,0,1.0,1,1.0,1,1.0,1,0.19540004070416842,59
4976,3,8193,3961,4232,0,0,0,1.0,1,1.0,1,1.0,1,0.17701927111684543,59
4977,3,8196,3964,4232,0,0,0,1.0,1,1.0,1,1.0,1,0.20257589091290068,59
4978,1,8197,3965,4232,0,0,0,1.0,1,1.0,1,1.0,1,0.2040204832708577,59
4979,3,8200,3965,4235,0,0,0,1.0,1,1.0,1,1.0,1,0.18646306688813735,61
4980,1,8201,3966,4235,0,0,0,1.0,1,1.0,1,1.0,1,0.20720767370433385,62
4981,4,8205,3967,4238,0,0,0,1.0,1,1.0,1,1.0,1,0.18255823412605174,62
4982,2,8207,3968,4239,0,0,0,1.0,1,1.0,1,1.0,1,0.1736180332919022,63
4983,3,8210,3968,4242,0,0,0,1.0,1,1.0,1,1.0,1,0.1614501615269939,63
4984,2,8212,3970,4242,0,0,0,1.0,1,1.0,1,1.0,1,0.19080768495346226,61
4985,2,8214,3970,4244,0,0,0,1.0,1,1.0,1,1.0,1,0.15584565243448173,59
4986,7,8221,3972,4249,0,0,0,1.0,1,1.0,1,1.0,1,0.1465785659535371,62
4987,0,8221,3972,4249,0,0,0,1.0,1,1.0,1,1.0,1,0.144755535774257,60
4988,0,8221,3972,4249,0,0,0,1.0,1,1.0,1,1.0,1,0.15865795324587917,59
4989,3,8224,3973,4251,0,0,0,1.0,1,1.0,1,1.0,1,0.1566419734653884,57
4990,0,8224,3973,4251,0,0,0,1.0,1,1.0,1,1.0,1,0.1866684680854351,55
4991,5,8229,3977,4252,0,0,0,1.0,1,1.0,1,1.0,1,0.18647404287280478,54
4992,1,8230,3977,4253,0,0,0,1.0,1,1.0,1,1.0,1,0.17589814084885882,52
4993,1,8231,3978,4253,0,0,0,1.0,1,1.0,1,1.0,1,0.15916060445152538,51
4994,3,8234,3980,4254,0,0,0,1.0,1,1.0,1,1.0,1,0.21657485486969436,49
4995,4,8238,3982,4256,0,0,0,1.0,1,1.0,1,1.0,1,0.22296065006118257,48
4996,2,8240,3984,4256,0,0,0,1.0,1,1.0,1,1.0,1,0.22410606530976618,48
4997,1,8241,3985,4256,0,0,0,1.0,1,1.0,1,1.0,1,0.24151337630181408,46
4998,2,8243,3986,4257,0,0,0,1.0,1,1.0,1,1.0,1,0.22474689510440513,48
4999,4,8247,3988,4259,0,0,0,1.0,1,1.0,1,1.0,1,0.27277614434812636,48
5000,0,8247,3988,4259,0,0,0,1.0,1,1.0,1,1.0,1,0.25470324453058535,47
5001,3,8250,3989,4261,0,0,0,1.0,1,1.0,1,1.0,1,0.2574019445570821,45
5002,3,8253,3991,4262,0,0,0,1.0,1,1.0,1,1.0,1,0.25494227744249404,46
5003,0,8253,3991,4262,0,0,0,1.0,1,1.0,1,1.0,1,0.2733941006334007,46
5004,2,8255,3991,4264,0,0,0,1.0,1,1.0,1,1.0,1,0.23881500211270348,46
5005,1,8256,3991,4265,0,0,0,1.0,1,1.0,1,1.0,1,0.22832399225700983,45
5006,0,8256,3991,4265,0,0,0,1.0,1,1.0,1,1.0,1,0.2582049729960946,45
5007,0,8256,3991,4265,0,0,0,1.0,1,1.0,1,1.0,1,0.2628789378677445,46
5008,2,8258,3991,4267,0,0,0,1.0,1,1.0,1,1.0,1,0.23271758551570085,49
5009,0,8258,3991,4267,0,0,0,1.0,1,1.0,1,1.0,1,0.2284806638699807,49
5010,0,8258,3991,4267,0,0,0,1.0,1,1.0,1,1.0,1,0.2376274393744315,50
5011,0,8258,3991,4267,0,0,0,1.0,1,1.0,1,1.0,1,0.24944669627399524,51
5012,0,8258,3991,4267,0,0,0,1.0,1,1.0,1,1.0,1,0.2571130000955298,52
5013,0,8258,3991,4267,0,0,0,1.0,1,1.0,1,1.0,1,0.2571130000955298,52
5014,0,8258,3991,4267,0,0,0,1.0,1,1.0,1,1.0,1,0.258559586116568,53
5015,3,8261,3992,4269,0,0,0,1.0,1,1.0,1,1.0,1,0.26829963510083815,54
5016,0,8261,3992,4269,0,0,0,1.0,1,1.0,1,1.0,1,0.2775978687928415,55
5017,1,8262,3992,4270,0,0,0,1.0,1,1.0,1,1.0,1,0.26905607904938456,55
5018,2,8264,3992,4272,0,0,0,1.0,1,1.0,1,1.0,1,0.2657114742158572,56
5019,3,8267,3992,4275,0,0,0,1.0,1,1.0,1,1.0,1,0.2281744657648274,56
5020,1,8268,3993,4275,0,0,0,1.0,1,1.0,1,1.0,1,0.22165656563039884,55
5021,0,8268,3993,4275,0,0,0,1.0,1,1.0,1,1.0,1,0.22676341162221356,56
5022,3,8271,3996,4275,0,0,0,1.0,1,1.0,1,1.0,1,0.292159836525689,56
5023,2,8273,3997,4276,0,0,0,1.0,1,1.0,1,1.0,1,0.2689914461864857,55
5024,4,8277,4001,4276,0,0,0,1.0,1,1.0,1,1.0,1,0.2895587351290854,55
5025,4,8281,4002,4279,0,0,0,1.0,1,1.0,1,1.0,1,0.2486576163770014,53
5026,3,8284,4005,4279,0,0,0,1.0,1,1.0,1,1.0,1,0.2710979841401017,52
5027,1,8285,4006,4279,0,0,0,1.0,1,1.0,1,1.0,1,0.29804423435192084,51
5028,4,8289,4008,4281,0,0,0,1.0,1,1.0,1,1.0,1,0.3205935960710983,51
5029,1,8290,4008,4282,0,0,0,1.0,1,1.0,1,1.0,1,0.32248345087160724,50
5030,4,8294,4010,4284,0,0,0,1.0,1,1.0,1,1.0,1,0.3042083382132823,49
5031,2,8296,4011,4285,0,0,0,1.0,1,1.0,1,1.0,1,0.2973433008966914,49
5032,1,8297,4012,4285,0,0,0,1.0,1,1.0,1,1.0,1,0.2997034527368818,48
5033,6,8303,4015,4288,0,0,0,1.0,1,1.0,1,1.0,1,0.3200826544060157,50
5034,1,8304,4015,4289,0,0,0,1.0,1,1.0,1,1.0,1,0.2846927343626777,49
5035,2,8306,4017,4289,0,0,0,1.0,1,1.0,1,1.0,1,0.3288330926131524,49
5036,1,8307,4018,4289,0,0,0,1.0,1,1.0,1,1.0,1,0.324667445222678,47
5037,5,8312,4019,4293,0,0,0,1.0,1,1.0,1,1.0,1,0.256794064795295,47
5038,0,8312,4019,4293,0,0,0,1.0,1,1.0,1,1.0,1,0.25139720474435523,47
5039,0,8312,4019,4293,0,0,0,1.0,1,1.0,1,1.0,1,0.2641751356338208,48
5040,0,8312,4019,4293,0,0,0,1.0,1,1.0,1,1.0,1,0.2641751356338208,48
5041,1,8313,4019,4294,0,0,0,1.0,1,1.0,1,1.0,1,0.25120135442522407,48
5042,1,8314,4019,4295,0,0,0,1.0,1,1.0,1,1.0,1,0.2408199302412348,50
5043,0,8314,4019,4295,0,0,0,1.0,1,1.0,1,1.0,1,0.24047625078922158,51
5044,0,8314,4019,4295,0,0,0,1.0,1,1.0,1,1.0,1,0.24047625078922158,51
5045,1,8315,4019,4296,0,0,0,1.0,1,1.0,1,1.0,1,0.2376913215300365,52
5046,1,8316,4020,4296,0,0,0,1.0,1,1.0,1,1.0,1,0.26308996112701216,51
5047,1,8317,4020,4297,0,0,0,1.0,1,1.0,1,1.0,1,0.24408630355541594,51
5048,0,8317,4020,4297,0,0,0,1.0,1,1.0,1,1.0,1,0.25160380758989903,52
5049,2,8319,4021,4298,0,0,0,1.0,1,1.0,1,1.0,1,0.2653118368252827,54
5050,4,8323,4021,4302,0,0,0,1.0,1,1.0,1,1.0,1,0.2313597366939051,56
5051,1,8324,4021,4303,0,0,0,1.0,1,1.0,1,1.0,1,0.2272313710286969,55
5052,0,8324,4021,4303,0,0,0,1.0,1,1.0,1,1.0,1,0.2272313710286969,55
5053,2,8326,4022,4304,0,0,0,1.0,1,1.0,1,1.0,1,0.2487808923818073,55
5054,2,8328,4023,4305,0,0,0,1.0,1,1.0,1,1.0,1,0.2488878207256121,55
5055,1,8329,4023,4306,0,0,0,1.0,1,1.0,1,1.0,1,0.2556199786850686,55
5056,0,8329,4023,4306,0,0,0,1.0,1,1.0,1,1.0,1,0.2634586207549153,56
5057,4,8333,4024,4309,0,0,0,1.0,1,1.0,1,1.0,1,0.21974022223282338,58
5058,0,8333,4024,4309,0,0,0,1.0,1,1.0,1,1.0,1,0.22994999897140966,59
5059,1,8334,4024,4310,0,0,0,1.0,1,1.0,1,1.0,1,0.2211736992809023,59
5060,1,8335,4024,4311,0,0,0,1.0,1,1.0,1,1.0,1,0.21508212093581197,59
5061,5,8340,4025,4315,0,0,0,1.0,1,1.0,1,1.0,1,0.21088087985478243,59
5062,7,8347,4029,4318,0,0,0,1.0,1,1.0,1,1.0,1,0.24700950112389114,59
5063,5,8352,4030,4322,0,0,0,1.0,1,1.0,1,1.0,1,0.2614862565345728,59
5064,2,8354,4032,4322,0,0,0,1.0,1,1.0,1,1.0,1,0.2780825679036525,57
5065,2,8356,4033,4323,0,0,0,1.0,1,1.0,1,1.0,1,0.27159120797238906,55
5066,2,8358,4033,4325,0,0,0,1.0,1,1.0,1,1.0,1,0.24958454929178456,55
5067,6,8364,4035,4329,0,0,0,1.0,1,1.0,1,1.0,1,0.24645090259123853,54
5068,0,8364,4035,4329,0,0,0,1.0,1,1.0,1,1.0,1,0.23982356155728557,54
5069,2,8366,4036,4330,0,0,0,1.0,1,1.0,1,1.0,1,0.21640070307180312,54
5070,2,8368,4036,4332,0,0,0,1.0,1,1.0,1,1.0,1,0.20840754752610885,52
5071,2,8370,4037,4333,0,0,0,1.0,1,1.0,1,1.0,1,0.21740031199914214,54
5072,0,8370,4037,4333,0,0,0,1.0,1,1.0,1,1.0,1,0.22437987178891378,52
5073,3,8373,4037,4336,0,0,0,1.0,1,1.0,1,1.0,1,0.19339108574068561,51
5074,0,8373,4037,4336,0,0,0,1.0,1,1.0,1,1.0,1,0.17734393171214943,52
5075,0,8373,4037,4336,0,0,0,1.0,1,1.0,1,1.0,1,0.18694040818091096,53
5076,0,8373,4037,4336,0,0,0,1.0,1,1.0,1,1.0,1,0.18694040818091096,53
5077,4,8377,4039,4338,0,0,0,1.0,1,1.0,1,1.0,1,0.19587199632809144,56
5078,3,8380,4040,4340,0,0,0,1.0,1,1.0,1,1.0,1,0.18737204744844094,55
5079,0,8380,4040,4340,0,0,0,1.0,1,1.0,1,1.0,1,0.19994827778484034,56
5080,0,8380,4040,4340,0,0,0,1.0,1,1.0,1,1.0,1,0.19805866120347895,57
5081,2,8382,4040,4342,0,0,0,1.0,1,1.0,1,1.0,1,0.18075540597625397,58
5082,0,8382,4040,4342,0,0,0,1.0,1,1.0,1,1.0,1,0.18075540597625397,58
5083,0,8382,4040,4342,0,0,0,1.0,1,1.0,1,1.0,1,0.18942366888186016,59
5084,1,8383,4040,4343,0,0,0,1.0,1,1.0,1,1.0,1,0.15910711279823506,59
5085,1,8384,4041,4343,0,0,0,1.0,1,1.0,1,1.0,1,0.18034929483136916,60
5086,1,8385,4041,4344,0,0,0,1.0,1,1.0,1,1.0,1,0.1542974994065003,61
5087,4,8389,4044,4345,0,0,0,1.0,1,1.0,1,1.0,1,0.13473934470533364,62
5088,3,8392,4046,4346,0,0,0,1.0,1,1.0,1,1.0,1,0.16156186785465068,64
5089,2,8394,4048,4346,0,0,0,1.0,1,1.0,1,1.0,1,0.17886365019014808,64
5090,0,8394,4048,4346,0,0,0,1.0,1,1.0,1,1.0,1,0.17886365019014808,64
5091,2,8396,4050,4346,0,0,0,1.0,1,1.0,1,1.0,1,0.21610922178595857,64
5092,2,8398,4051,4347,0,0,0,1.0,1,1.0,1,1.0,1,0.21938614013199834,64
5093,0,8398,4051,4347,0,0,0,1.0,1,1.0,1,1.0,1,0.21938614013199834,64
5094,2,8400,4052,4348,0,0,0,1.0,1,1.0,1,1.0,1,0.22219542790565572,65
5095,4,8404,4053,4351,0,0,0,1.0,1,1.0,1,1.0,1,0.2118599974929808,66
5096,2,8406,4053,4353,0,0,0,1.0,1,1.0,1,1.0,1,0.17505502227734993,66
5097,1,8407,4053,4354,0,0,0,1.0,1,1.0,1,1.0,1,0.17742090214337564,67
5098,1,8408,4053,4355,0,0,0,1.0,1,1.0,1,1.0,1,0.16976746888816943,67
5099,1,8409,4054,4355,0,0,0,1.0,1,1.0,1,1.0,1,0.16413510720153518,70
5100,1,8410,4055,4355,0,0,0,1.0,1,1.0,1,1.0,1,0.1782189959970008,71
5101,2,8412,4055,4357,0,0,0,1.0,1,1.0,1,1.0,1,0.1565910386762614,72
5102,3,8415,4057,4358,0,0,0,1.0,1,1.0,1,1.0,1,0.17539786628043438,72
5103,2,8417,4059,4358,0,0,0,1.0,1,1.0,1,1.0,1,0.16403299751263428,70
5104,5,8422,4063,4359,0,0,0,1.0,1,1.0,1,1.0,1,0.206970351914125,67
5105,6,8428,4065,4363,0,0,0,1.0,1,1.0,1,1.0,1,0.20293895050799582,66
5106,4,8432,4069,4363,0,0,0,1.0,1,1.0,1,1.0,1,0.2502495988286188,64
5107,5,8437,4073,4364,0,0,0,1.0,1,1.0,1,1.0,1,0.2465076748200753,61
5108,2,8439,4075,4364,0,0,0,1.0,1,1.0,1,1.0,1,0.2915640976185737,57
5109,5,8444,4078,4366,0,0,0,1.0,1,1.0,1,1.0,1,0.2771620887368821,55
5110,5,8449,4080,4369,0,0,0,1.0,1,1.0,1,1.0,1,0.24681136234101142,53
5111,4,8453,4083,4370,0,0,0,1.0,1,1.0,1,1.0,1,0.2700343702575506,52
5112,6,8459,4085,4374,0,0,0,1.0,1,1.0,1,1.0,1,0.19709714434715267,52
5113,1,8460,4085,4375,0,0,0,1.0,1,1.0,1,1.0,1,0.17114096512956412,49
5114,5,8465,4090,4375,0,0,0,1.0,1,1.0,1,1.0,1,0.18948274425608388,49
5115,2,8467,4090,4377,0,0,0,1.0,1,1.0,1,1.0,1,0.15086302601564575,48
5116,1,8468,4091,4377,0,0,0,1.0,1,1.0,1,1.0,1,0.1634717007272593,47
5117,0,8468,4091,4377,0,0,0,1.0,1,1.0,1,1.0,1,0.17422052576960786,48
5118,0,8468,4091,4377,0,0,0,1.0,1,1.0,1,1.0,1,0.1640104011862966,49
5119,2,8470,4093,4377,0,0,0,1.0,1,1.0,1,1.0,1,0.17336359050970243,49
5120,2,8472,4094,4378,0,0,0,1.0,1,1.0,1,1.0,1,0.20609660233262275,48
5121,2,8474,4095,4379,0,0,0,1.0,1,1.0,1,1.0,1,0.18276384047521943,48
5122,1,8475,4096,4379,0,0,0,1.0,1,1.0,1,1.0,1,0.1949955957889154,46
5123,1,8476,4097,4379,0,0,0,1.0,1,1.0,1,1.0,1,0.2090640944880534,46
5124,1,8477,4097,4380,0,0,0,1.0,1,1.0,1,1.0,1,0.18564031327277114,47
5125,5,8482,4098,4384,0,0,0,1.0,1,1.0,1,1.0,1,0.15762880123895875,49
5126,0,8482,4098,4384,0,0,0,1.0,1,1.0,1,1.0,1,0.15762880123895875,49
5127,3,8485,4099,4386,0,0,0,1.0,1,1.0,1,1.0,1,0.16915435735337708,51
5128,3,8488,4100,4388,0,0,0,1.0,1,1.0,1,1.0,1,0.19573322000830684,53
5129,3,8491,4102,4389,0,0,0,1.0,1,1.0,1,1.0,1,0.19708640429229216,55
5130,0,8491,4102,4389,0,0,0,1.0,1,1.0,1,1.0,1,0.19708640429229216,55
5131,1,8492,4102,4390,0,0,0,1.0,1,1.0,1,1.0,1,0.18204420753559775,55
5132,0,8492,4102,4390,0,0,0,1.0,1,1.0,1,1.0,1,0.18204420753559775,55
5133,0,8492,4102,4390,0,0,0,1.0,1,1.0,1,1.0,1,0.18268002954320522,56
5134,0,8492,4102,4390,0,0,0,1.0,1,1.0,1,1.0,1,0.21246857900282057,56
5135,2,8494,4103,4391,0,0,0,1.0,1,1.0,1,1.0,1,0.21104542581691474,56
5136,0,8494,4103,4391,0,0,0,1.0,1,1.0,1,1.0,1,0.22218947893312452,55
5137,4,8498,4104,4394,0,0,0,1.0,1,1.0,1,1.0,1,0.22459006224091535,55
5138,2,8500,4104,4396,0,0,0,1.0,1,1.0,1,1.0,1,0.19293917842026959,54
5139,2,8502,4106,4396,0,0,0,1.0,1,1.0,1,1.0,1,0.19896029473158253,54
5140,1,8503,4107,4396,0,0,0,1.0,1,1.0,1,1.0,1,0.21590308635290767,54
5141,7,8510,4111,4399,0,0,0,1.0,1,1.0,1,1.0,1,0.21021722019840286,53
5142,8,8518,4114,4404,0,0,0,1.0,1,1.0,1,1.0,1,0.18926403274631426,55
5143,4,8522,4117,4405,0,0,0,1.0,1,1.0,1,1.0,1,0.1462963547350241,54
5144,3,8525,4118,4407,0,0,0,1.0,1,1.0,1,1.0,1,0.12564437169848877,50
5145,2,8527,4119,4408,0,0,0,1.0,1,1.0,1,1.0,1,0.14447065505272,51
5146,1,8528,4120,4408,0,0,0,1.0,1,1.0,1,1.0,1,0.14784246057308356,48
5147,1,8529,4121,4408,0,0,0,1.0,1,1.0,1,1.0,1,0.18857023268534678,49
5148,3,8532,4123,4409,0,0,0,1.0,1,1.0,1,1.0,1,0.18693244527249256,47
5149,1,8533,4124,4409,0,0,0,1.0,1,1.0,1,1.0,1,0.2109421689272662,46
5150,4,8537,4128,4409,0,0,0,1.0,1,1.0,1,1.0,1,0.24672239335067936,46
5151,0,8537,4128,4409,0,0,0,1.0,1,1.0,1,1.0,1,0.23164565317075242,45
5152,3,8540,4131,4409,0,0,0,1.0,1,1.0,1,1.0,1,0.2408616592024824,45
5153,2,8542,4133,4409,0,0,0,1.0,1,1.0,1,1.0,1,0.2728268824173543,45
5154,4,8546,4134,4412,0,0,0,1.0,1,1.0,1,1.0,1,0.24608393531717823,45
5155,1,8547,4135,4412,0,0,0,1.0,1,1.0,1,1.0,1,0.25922521975124213,44
5156,0,8547,4135,4412,0,0,0,1.0,1,1.0,1,1.0,1,0.2575319303126623,44
5157,1,8548,4135,4413,0,0,0,1.0,1,1.0,1,1.0,1,0.22447186621258347,42
5158,2,8550,4136,4414,0,0,0,1.0,1,1.0,1,1.0,1,0.2167026450312615,43
5159,0,8550,4136,4414,0,0,0,1.0,1,1.0,1,1.0,1,0.23147157858322284,43
5160,0,8550,4136,4414,0,0,0,1.0,1,1.0,1,1.0,1,0.23147157858322284,43
5161,0,8550,4136,4414,0,0,0,1.0,1,1.0,1,1.0,1,0.23147157858322284,43
5162,0,8550,4136,4414,0,0,0,1.0,1,1.0,1,1.0,1,0.23128840513264876,44
5163,1,8551,4136,4415,0,0,0,1.0,1,1.0,1,1.0,1,0.23509586219492878,46
5164,3,8554,4138,4416,0,0,0,1.0,1,1.0,1,1.0,1,0.21828803788315848,46
5165,1,8555,4138,4417,0,0,0,1.0,1,1.0,1,1.0,1,0.21432334287182117,46
5166,5,8560,4141,4419,0,0,0,1.0,1,1.0,1,1.0,1,0.22246975098810312,47
5167,0,8560,4141,4419,0,0,0,1.0,1,1.0,1,1.0,1,0.22246975098810312,47
5168,3,8563,4142,4421,0,0,0,1.0,1,1.0,1,1.0,1,0.23266530995618273,47
5169,2,8565,4142,4423,0,0,0,1.0,1,1.0,1,1.0,1,0.21554239100560055,47
5170,2,8567,4143,4424,0,0,0,1.0,1,1.0,1,1.0,1,0.2163290575119711,48
5171,1,8568,4144,4424,0,0,0,1.0,1,1.0,1,1.0,1,0.2418416013708457,48
5172,1,8569,4144,4425,0,0,0,1.0,1,1.0,1,1.0,1,0.18926047268453014,49
5173,0,8569,4144,4425,0,0,0,1.0,1,1.0,1,1.0,1,0.19746724851680422,49
5174,0,8569,4144,4425,0,0,0,1.0,1,1.0,1,1.0,1,0.20034043143912214,52
5175,2,8571,4145,4426,0,0,0,1.0,1,1.0,1,1.0,1,0.18744003397818038,53
5176,2,8573,4145,4428,0,0,0,1.0,1,1.0,1,1.0,1,0.17540504641074373,54
5177,4,8577,4147,4430,0,0,0,1.0,1,1.0,1,1.0,1,0.15921299682737033,54
5178,3,8580,4149,4431,0,0,0,1.0,1,1.0,1,1.0,1,0.19571440020794817,55
5179,0,8580,4149,4431,0,0,0,1.0,1,1.0,1,1.0,1,0.1888834103267915,53
5180,1,8581,4149,4432,0,0,0,1.0,1,1.0,1,1.0,1,0.18775443482190032,52
5181,2,8583,4151,4432,0,0,0,1.0,1,1.0,1,1.0,1,0.19520662634998312,52
5182,0,8583,4151,4432,0,0,0,1.0,1,1.0,1,1.0,1,0.19520662634998312,52
5183,1,8584,4152,4432,0,0,0,1.0,1,1.0,1,1.0,1,0.21696064728910722,52
5184,1,8585,4153,4432,0,0,0,1.0,1,1.0,1,1.0,1,0.2320466237155216,52
5185,2,8587,4154,4433,0,0,0,1.0,1,1.0,1,1.0,1,0.22781681181532074,50
5186,1,8588,4155,4433,0,0,0,1.0,1,1.0,1,1.0,1,0.2790277404875138,48
5187,4,8592,4156,4436,0,0,0,1.0,1,1.0,1,1.0,1,0.26887632053376825,46
5188,0,8592,4156,4436,0,0,0,1.0,1,1.0,1,1.0,1,0.27949607280754174,44
5189,3,8595,4156,4439,0,0,0,1.0,1,1.0,1,1.0,1,0.1869582817503973,44
5190,1,8596,4157,4439,0,0,0,1.0,1,1.0,1,1.0,1,0.21059043993670074,45
5191,0,8596,4157,4439,0,0,0,1.0,1,1.0,1,1.0,1,0.20793073500924808,45
5192,2,8598,4158,4440,0,0,0,1.0,1,1.0,1,1.0,1,0.1676504228369561,45
5193,0,8598,4158,4440,0,0,0,1.0,1,1.0,1,1.0,1,0.1676504228369561,45
5194,0,8598,4158,4440,0,0,0,1.0,1,1.0,1,1.0,1,0.17039505305338823,45
5195,1,8599,4159,4440,0,0,0,1.0,1,1.0,1,1.0,1,0.18539520388148403,46
5196,0,8599,4159,4440,0,0,0,1.0,1,1.0,1,1.0,1,0.18539520388148403,46
5197,2,8601,4161,4440,0,0,0,1.0,1,1.0,1,1.0,1,0.21179832487515182,46
5198,1,8602,4161,4441,0,0,0,1.0,1,1.0,1,1.0,1,0.18215215094337808,47
5199,2,8604,4162,4442,0,0,0,1.0,1,1.0,1,1.0,1,0.2060655054599509,49
5200,1,8605,4163,4442,0,0,0,1.0,1,1.0,1,1.0,1,0.21457920483041065,49
5201,3,8608,4165,4443,0,0,0,1.0,1,1.0,1,1.0,1,0.2143526586534081,50
5202,1,8609,4165,4444,0,0,0,1.0,1,1.0,1,1.0,1,0.1885570912683096,52
5203,0,8609,4165,4444,0,0,0,1.0,1,1.0,1,1.0,1,0.1885570912683096,52
5204,1,8610,4165,4445,0,0,0,1.0,1,1.0,1,1.0,1,0.15617711967158102,54
5205,1,8611,4165,4446,0,0,0,1.0,1,1.0,1,1.0,1,0.14876076255656584,54
5206,0,8611,4165,4446,0,0,0,1.0,1,1.0,1,1.0,1,0.16035883293085426,55
5207,0,8611,4165,4446,0,0,0,1.0,1,1.0,1,1.0,1,0.16669344192146912,54
5208,0,8611,4165,4446,0,0,0,1.0,1,1.0,1,1.0,1,0.16669344192146912,54
5209,1,8612,4165,4447,0,0,0,1.0,1,1.0,1,1.0,1,0.1414243352340606,54
5210,0,8612,4165,4447,0,0,0,1.0,1,1.0,1,1.0,1,0.1414243352340606,54
5211,2,8614,4166,4448,0,0,0,1.0,1,1.0,1,1.0,1,0.16391197385962425,56
5212,1,8615,4167,4448,0,0,0,1.0,1,1.0,1,1.0,1,0.15053491446711942,57
5213,2,8617,4168,4449,0,0,0,1.0,1,1.0,1,1.0,1,0.15166678488718421,57
5214,6,8623,4170,4453,0,0,0,1.0,1,1.0,1,1.0,1,0.18361021287469304,58
5215,1,8624,4170,4454,0,0,0,1.0,1,1.0,1,1.0,1,0.1961592298060619,57
5216,2,8626,4172,4454,0,0,0,1.0,1,1.0,1,1.0,1,0.22361132041021936,57
5217,4,8630,4174,4456,0,0,0,1.0,1,1.0,1,1.0,1,0.18629165134587775,56
5218,0,8630,4174,4456,0,0,0,1.0,1,1.0,1,1.0,1,0.18629165134587775,56
5219,1,8631,4174,4457,0,0,0,1.0,1,1.0,1,1.0,1,0.17556669846243605,54
5220,1,8632,4174,4458,0,0,0,1.0,1,1.0,1,1.0,1,0.17084614629890135,53
5221,0,8632,4174,4458,0,0,0,1.0,1,1.0,1,1.0,1,0.18208310596764818,52
5222,2,8634,4176,4458,0,0,0,1.0,1,1.0,1,1.0,1,0.19420570316470326,52
5223,2,8636,4178,4458,0,0,0,1.0,1,1.0,1,1.0,1,0.21066134572970147,52
5224,4,8640,4181,4459,0,0,0,1.0,1,1.0,1,1.0,1,0.2474008697682177,52
5225,5,8645,4181,4464,0,0,0,1.0,1,1.0,1,1.0,1,0.1859921973086072,50
5226,3,8648,4183,4465,0,0,0,1.0,1,1.0,1,1.0,1,0.16690943528398394,51
5227,2,8650,4185,4465,0,0,0,1.0,1,1.0,1,1.0,1,0.20450952938510045,49
5228,0,8650,4185,4465,0,0,0,1.0,1,1.0,1,1.0,1,0.22438391940770466,48
5229,1,8651,4185,4466,0,0,0,1.0,1,1.0,1,1.0,1,0.19029663400391092,49
5230,0,8651,4185,4466,0,0,0,1.0,1,1.0,1,1.0,1,0.19029663400391092,49
5231,1,8652,4186,4466,0,0,0,1.0,1,1.0,1,1.0,1,0.20158319077928447,49
5232,4,8656,4188,4468,0,0,0,1.0,1,1.0,1,1.0,1,0.17877015036890279,51
5233,1,8657,4189,4468,0,0,0,1.0,1,1.0,1,1.0,1,0.21342600638745046,51
5234,4,8661,4192,4469,0,0,0,1.0,1,1.0,1,1.0,1,0.23785546334259922,52
5235,4,8665,4192,4473,0,0,0,1.0,1,1.0,1,1.0,1,0.174483663005432,52
5236,0,8665,4192,4473,0,0,0,1.0,1,1.0,1,1.0,1,0.174483663005432,52
5237,3,8668,4193,4475,0,0,0,1.0,1,1.0,1,1.0,1,0.181891442473125,53
5238,0,8668,4193,4475,0,0,0,1.0,1,1.0,1,1.0,1,0.181891442473125,53
5239,2,8670,4193,4477,0,0,0,1.0,1,1.0,1,1.0,1,0.17723313004391858,53
5240,1,8671,4193,4478,0,0,0,1.0,1,1.0,1,1.0,1,0.17628234361324466,55
5241,2,8673,4193,4480,0,0,0,1.0,1,1.0,1,1.0,1,0.15674735305373524,56
5242,2,8675,4194,4481,0,0,0,1.0,1,1.0,1,1.0,1,0.17166988905206876,54
5243,1,8676,4195,4481,0,0,0,1.0,1,1.0,1,1.0,1,0.186604595130548,55
5244,0,8676,4195,4481,0,0,0,1.0,1,1.0,1,1.0,1,0.2005400923489424,55
5245,3,8679,4196,4483,0,0,0,1.0,1,1.0,1,1.0,1,0.17160144074769026,55
5246,2,8681,4198,4483,0,0,0,1.0,1,1.0,1,1.0,1,0.2680265158666912,55
5247,2,8683,4199,4484,0,0,0,1.0,1,1.0,1,1.0,1,0.25899275073860045,54
5248,4,8687,4200,4487,0,0,0,1.0,1,1.0,1,1.0,1,0.23535331411898566,53
5249,2,8689,4202,4487,0,0,0,1.0,1,1.0,1,1.0,1,0.23006552923063225,55
5250,3,8692,4204,4488,0,0,0,1.0,1,1.0,1,1.0,1,0.20656522939094776,55
5251,2,8694,4205,4489,0,0,0,1.0,1,1.0,1,1.0,1,0.22302372359299846,57
5252,0,8694,4205,4489,0,0,0,1.0,1,1.0,1,1.0,1,0.22687217456931116,58
5253,7,8701,4206,4495,0,0,0,1.0,1,1.0,1,1.0,1,0.1528599296422827,59
5254,1,8702,4207,4495,0,0,0,1.0,1,1.0,1,1.0,1,0.16320061821616308,59
5255,0,8702,4207,4495,0,0,0,1.0,1,1.0,1,1.0,1,0.1578425082064351,58
5256,2,8704,4209,4495,0,0,0,1.0,1,1.0,1,1.0,1,0.19877266295923507,59
5257,0,8704,4209,4495,0,0,0,1.0,1,1.0,1,1.0,1,0.19664068159995524,58
5258,0,8704,4209,4495,0,0,0,1.0,1,1.0,1,1.0,1,0.19543101513285036,56
5259,0,8704,4209,4495,0,0,0,1.0,1,1.0,1,1.0,1,0.20328649173763455,56
5260,0,8704,4209,4495,0,0,0,1.0,1,1.0,1,1.0,1,0.19401577260167352,55
5261,1,8705,4210,4495,0,0,0,1.0,1,1.0,1,1.0,1,0.2192692903552056,54
5262,3,8708,4212,4496,0,0,0,1.0,1,1.0,1,1.0,1,0.23699975000970822,54
5263,3,8711,4214,4497,0,0,0,1.0,1,1.0,1,1.0,1,0.2538492294192576,53
5264,2,8713,4215,4498,0,0,0,1.0,1,1.0,1,1.0,1,0.2593346713847342,51
5265,6,8719,4217,4502,0,0,0,1.0,1,1.0,1,1.0,1,0.22532658986184956,50
5266,2,8721,4218,4503,0,0,0,1.0,1,1.0,1,1.0,1,0.1916505637166828,49
5267,1,8722,4219,4503,0,0,0,1.0,1,1.0,1,1.0,1,0.19567387552820875,48
5268,2,8724,4221,4503,0,0,0,1.0,1,1.0,1,1.0,1,0.19266416994762425,47
5269,1,8725,4221,4504,0,0,0,1.0,1,1.0,1,1.0,1,0.2137746536585733,45
5270,0,8725,4221,4504,0,0,0,1.0,1,1.0,1,1.0,1,0.2229900410151639,47
5271,0,8725,4221,4504,0,0,0,1.0,1,1.0,1,1.0,1,0.23493301013255627,45
5272,5,8730,4226,4504,0,0,0,1.0,1,1.0,1,1.0,1,0.30571900636966837,46
5273,5,8735,4226,4509,0,0,0,1.0,1,1.0,1,1.0,1,0.21617048394490584,44
5274,3,8738,4228,4510,0,0,0,1.0,1,1.0,1,1.0,1,0.26697157835814367,44
5275,5,8743,4230,4513,0,0,0,1.0,1,1.0,1,1.0,1,0.2705073342070147,46
5276,1,8744,4231,4513,0,0,0,1.0,1,1.0,1,1.0,1,0.25463333844852254,46
5277,3,8747,4231,4516,0,0,0,1.0,1,1.0,1,1.0,1,0.20332609028586948,46
5278,4,8751,4234,4517,0,0,0,1.0,1,1.0,1,1.0,1,0.19829876582965394,46
5279,3,8754,4235,4519,0,0,0,1.0,1,1.0,1,1.0,1,0.22845484296610696,47
5280,2,8756,4236,4520,0,0,0,1.0,1,1.0,1,1.0,1,0.23195926179694035,47
5281,1,8757,4236,4521,0,0,0,1.0,1,1.0,1,1.0,1,0.22382394303924735,48
5282,3,8760,4238,4522,0,0,0,1.0,1,1.0,1,1.0,1,0.23250518709391907,48
5283,1,8761,4238,4523,0,0,0,1.0,1,1.0,1,1.0,1,0.2265015458457162,49
5284,0,8761,4238,4523,0,0,0,1.0,1,1.0,1,1.0,1,0.2265015458457162,49
5285,0,8761,4238,4523,0,0,0,1.0,1,1.0,1,1.0,1,0.20080582367917665,50
5286,1,8762,4238,4524,0,0,0,1.0,1,1.0,1,1.0,1,0.2088472560466591,51
5287,1,8763,4238,4525,0,0,0,1.0,1,1.0,1,1.0,1,0.19797761307742529,51
5288,1,8764,4238,4526,0,0,0,1.0,1,1.0,1,1.0,1,0.1772180360784455,51
5289,1,8765,4238,4527,0,0,0,1.0,1,1.0,1,1.0,1,0.19487999441839002,53
5290,1,8766,4238,4528,0,0,0,1.0,1,1.0,1,1.0,1,0.18590897465969866,53
5291,1,8767,4239,4528,0,0,0,1.0,1,1.0,1,1.0,1,0.20211449576820636,53
5292,1,8768,4240,4528,0,0,0,1.0,1,1.0,1,1.0,1,0.22226138609782947,53
5293,5,8773,4242,4531,0,0,0,1.0,1,1.0,1,1.0,1,0.2567145095130174,53
5294,3,8776,4243,4533,0,0,0,1.0,1,1.0,1,1.0,1,0.24840228147668011,54
5295,3,8779,4244,4535,0,0,0,1.0,1,1.0,1,1.0,1,0.24031241929568145,52
5296,0,8779,4244,4535,0,0,0,1.0,1,1.0,1,1.0,1,0.2503595731792053,49
5297,4,8783,4246,4537,0,0,0,1.0,1,1.0,1,1.0,1,0.28701998013650565,49
5298,0,8783,4246,4537,0,0,0,1.0,1,1.0,1,1.0,1,0.28388526554177296,49
5299,2,8785,4248,4537,0,0,0,1.0,1,1.0,1,1.0,1,0.2926038861933915,50
5300,1,8786,4248,4538,0,0,0,1.0,1,1.0,1,1.0,1,0.279513053678113,48
5301,1,8787,4249,4538,0,0,0,1.0,1,1.0,1,1.0,1,0.30013779499236287,46
5302,2,8789,4250,4539,0,0,0,1.0,1,1.0,1,1.0,1,0.3019843381343415,47
5303,2,8791,4252,4539,0,0,0,1.0,1,1.0,1,1.0,1,0.29944119621024945,46
5304,0,8791,4252,4539,0,0,0,1.0,1,1.0,1,1.0,1,0.31097651036611773,45
5305,1,8792,4253,4539,0,0,0,1.0,1,1.0,1,1.0,1,0.3165887125082705,44
5306,3,8795,4256,4539,0,0,0,1.0,1,1.0,1,1.0,1,0.3958399844619931,42
5307,4,8799,4258,4541,0,0,0,1.0,1,1.0,1,1.0,1,0.3927195042228293,42
5308,6,8805,4260,4545,0,0,0,1.0,1,1.0,1,1.0,1,0.34728372885560865,43
5309,2,8807,4260,4547,0,0,0,1.0,1,1.0,1,1.0,1,0.3180358320654245,41
5310,1,8808,4261,4547,0,0,0,1.0,1,1.0,1,1.0,1,0.3538965401997666,41
5311,0,8808,4261,4547,0,0,0,1.0,1,1.0,1,1.0,1,0.33914219044807786,42
5312,1,8809,4261,4548,0,0,0,1.0,1,1.0,1,1.0,1,0.3154980636359929,43
5313,1,8810,4261,4549,0,0,0,1.0,1,1.0,1,1.0,1,0.29269608594915375,44
5314,1,8811,4261,4550,0,0,0,1.0,1,1.0,1,1.0,1,0.2719543224912132,44
5315,5,8816,4262,4554,0,0,0,1.0,1,1.0,1,1.0,1,0.23031709869849742,45
5316,0,8816,4262,4554,0,0,0,1.0,1,1.0,1,1.0,1,0.24225564619946002,46
5317,1,8817,4262,4555,0,0,0,1.0,1,1.0,1,1.0,1,0.24178441019528416,46
5318,1,8818,4263,4555,0,0,0,1.0,1,1.0,1,1.0,1,0.23477838327006287,46
5319,1,8819,4263,4556,0,0,0,1.0,1,1.0,1,1.0,1,0.23501418906302568,47
5320,2,8821,4264,4557,0,0,0,1.0,1,1.0,1,1.0,1,0.2207429740381272,48
5321,2,8823,4264,4559,0,0,0,1.0,1,1.0,1,1.0,1,0.19387296967504042,49
5322,0,8823,4264,4559,0,0,0,1.0,1,1.0,1,1.0,1,0.19387296967504042,49
5323,0,8823,4264,4559,0,0,0,1.0,1,1.0,1,1.0,1,0.21963733569787233,51
5324,1,8824,4264,4560,0,0,0,1.0,1,1.0,1,1.0,1,0.20554130572229792,53
5325,2,8826,4265,4561,0,0,0,1.0,1,1.0,1,1.0,1,0.2115799430551523,53
5326,1,8827,4266,4561,0,0,0,1.0,1,1.0,1,1.0,1,0.23020154459688244,53
5327,1,8828,4266,4562,0,0,0,1.0,1,1.0,1,1.0,1,0.24159556419899805,53
5328,1,8829,4266,4563,0,0,0,1.0,1,1.0,1,1.0,1,0.23572411168604404,54
5329,1,8830,4267,4563,0,0,0,1.0,1,1.0,1,1.0,1,0.2637562197199881,53
5330,2,8832,4269,4563,0,0,0,1.0,1,1.0,1,1.0,1,0.2884591716876993,52
5331,3,8835,4269,4566,0,0,0,1.0,1,1.0,1,1.0,1,0.2610257817935729,51
5332,2,8837,4269,4568,0,0,0,1.0,1,1.0,1,1.0,1,0.24575196913164568,52
5333,2,8839,4270,4569,0,0,0,1.0,1,1.0,1,1.0,1,0.2787946865825568,53
5334,2,8841,4271,4570,0,0,0,1.0,1,1.0,1,1.0,1,0.2958828002531639,54
5335,1,8842,4271,4571,0,0,0,1.0,1,1.0,1,1.0,1,0.29040950226803686,55
5336,0,8842,4271,4571,0,0,0,1.0,1,1.0,1,1.0,1,0.3008410796905432,54
5337,0,8842,4271,4571,0,0,0,1.0,1,1.0,1,1.0,1,0.30742661235257757,55
5338,0,8842,4271,4571,0,0,0,1.0,1,1.0,1,1.0,1,0.30742661235257757,55
5339,0,8842,4271,4571,0,0,0,1.0,1,1.0,1,1.0,1,0.30742661235257757,55
5340,0,8842,4271,4571,0,0,0,1.0,1,1.0,1,1.0,1,0.30742661235257757,55
5341,1,8843,4272,4571,0,0,0,1.0,1,1.0,1,1.0,1,0.3494346577539669,54
5342,1,8844,4273,4571,0,0,0,1.0,1,1.0,1,1.0,1,0.3536654400148868,55
5343,6,8850,4276,4574,0,0,0,1.0,1,1.0,1,1.0,1,0.33026600656346355,54
5344,3,8853,4279,4574,0,0,0,1.0,1,1.0,1,1.0,1,0.3305640707637355,55
5345,0,8853,4279,4574,0,0,0,1.0,1,1.0,1,1.0,1,0.3196430841212693,53
5346,3,8856,4282,4574,0,0,0,1.0,1,1.0,1,1.0,1,0.33291658314226097,53
5347,4,8860,4285,4575,0,0,0,1.0,1,1.0,1,1.0,1,0.33509372149034927,51
5348,6,8866,4287,4579,0,0,0,1.0,1,1.0,1,1.0,1,0.28968943811198994,53
5349,5,8871,4290,4581,0,0,0,1.0,1,1.0,1,1.0,1,0.3005139258224546,52
5350,1,8872,4291,4581,0,0,0,1.0,1,1.0,1,1.0,1,0.3105753450405017,50
5351,9,8881,4293,4588,0,0,0,1.0,1,1.0,1,1.0,1,0.23679688396185786,52
5352,2,8883,4295,4588,0,0,0,1.0,1,1.0,1,1.0,1,0.2543969012538923,49
5353,2,8885,4295,4590,0,0,0,1.0,1,1.0,1,1.0,1,0.23817084286674522,49
5354,1,8886,4295,4591,0,0,0,1.0,1,1.0,1,1.0,1,0.21315216718001798,49
5355,1,8887,4295,4592,0,0,0,1.0,1,1.0,1,1.0,1,0.19077894926093622,48
5356,2,8889,4296,4593,0,0,0,1.0,1,1.0,1,1.0,1,0.2196023205388665,49
5357,1,8890,4296,4594,0,0,0,1.0,1,1.0,1,1.0,1,0.20093152437690895,47
5358,1,8891,4297,4594,0,0,0,1.0,1,1.0,1,1.0,1,0.22656397166316602,48
5359,0,8891,4297,4594,0,0,0,1.0,1,1.0,1,1.0,1,0.22656397166316602,48
5360,0,8891,4297,4594,0,0,0,1.0,1,1.0,1,1.0,1,0.22656397166316602,48
5361,1,8892,4297,4595,0,0,0,1.0,1,1.0,1,1.0,1,0.23571706465919984,50
5362,0,8892,4297,4595,0,0,0,1.0,1,1.0,1,1.0,1,0.23571706465919984,50
5363,0,8892,4297,4595,0,0,0,1.0,1,1.0,1,1.0,1,0.23571706465919984,50
5364,1,8893,4298,4595,0,0,0,1.0,1,1.0,1,1.0,1,0.22097401113003737,51
5365,4,8897,4298,4599,0,0,0,1.0,1,1.0,1,1.0,1,0.18872942553651348,52
5366,0,8897,4298,4599,0,0,0,1.0,1,1.0,1,1.0,1,0.18872942553651348,52
5367,1,8898,4299,4599,0,0,0,1.0,1,1.0,1,1.0,1,0.21213672371466477,54
5368,3,8901,4299,4602,0,0,0,1.0,1,1.0,1,1.0,1,0.18100436241558313,55
5369,1,8902,4300,4602,0,0,0,1.0,1,1.0,1,1.0,1,0.19616158180548685,53
5370,3,8905,4302,4603,0,0,0,1.0,1,1.0,1,1.0,1,0.23870796008971312,54
5371,2,8907,4304,4603,0,0,0,1.0,1,1.0,1,1.0,1,0.25134049778000733,53
5372,5,8912,4307,4605,0,0,0,1.0,1,1.0,1,1.0,1,0.31540020917966627,53
5373,4,8916,4307,4609,0,0,0,1.0,1,1.0,1,1.0,1,0.2545061942515362,52
5374,1,8917,4308,4609,0,0,0,1.0,1,1.0,1,1.0,1,0.2533062156955608,51
5375,2,8919,4308,4611,0,0,0,1.0,1,1.0,1,1.0,1,0.19778874352503426,52
5376,1,8920,4309,4611,0,0,0,1.0,1,1.0,1,1.0,1,0.21048814321223638,51
5377,2,8922,4310,4612,0,0,0,1.0,1,1.0,1,1.0,1,0.2112583655696721,52
5378,1,8923,4311,4612,0,0,0,1.0,1,1.0,1,1.0,1,0.23956673780981133,50
5379,0,8923,4311,4612,0,0,0,1.0,1,1.0,1,1.0,1,0.23956673780981133,50
5380,0,8923,4311,4612,0,0,0,1.0,1,1.0,1,1.0,1,0.25622116141712065,52
5381,1,8924,4311,4613,0,0,0,1.0,1,1.0,1,1.0,1,0.25319142295440134,52
5382,1,8925,4312,4613,0,0,0,1.0,1,1.0,1,1.0,1,0.2799843673648125,52
5383,1,8926,4312,4614,0,0,0,1.0,1,1.0,1,1.0,1,0.231137845741014,51
5384,3,8929,4314,4615,0,0,0,1.0,1,1.0,1,1.0,1,0.22699790766133057,52
5385,3,8932,4315,4617,0,0,0,1.0,1,1.0,1,1.0,1,0.23386103265592428,51
5386,2,8934,4316,4618,0,0,0,1.0,1,1.0,1,1.0,1,0.19109915704303673,52
5387,3,8937,4317,4620,0,0,0,1.0,1,1.0,1,1.0,1,0.16085117708047597,53
5388,2,8939,4317,4622,0,0,0,1.0,1,1.0,1,1.0,1,0.12822759493959524,54
5389,2,8941,4318,4623,0,0,0,1.0,1,1.0,1,1.0,1,0.08878203383470429,55
5390,3,8944,4320,4624,0,0,0,1.0,1,1.0,1,1.0,1,0.07770323380722192,56
5391,1,8945,4321,4624,0,0,0,1.0,1,1.0,1,1.0,1,0.09318828973229754,56
5392,3,8948,4324,4624,0,0,0,1.0,1,1.0,1,1.0,1,0.122949905096995,56
5393,1,8949,4325,4624,0,0,0,1.0,1,1.0,1,1.0,1,0.15381617698938868,54
5394,2,8951,4326,4625,0,0,0,1.0,1,1.0,1,1.0,1,0.15379191183388932,53
5395,2,8953,4328,4625,0,0,0,1.0,1,1.0,1,1.0,1,0.20129051880553475,53
5396,1,8954,4328,4626,0,0,0,1.0,1,1.0,1,1.0,1,0.1916392157501448,54
5397,2,8956,4329,4627,0,0,0,1.0,1,1.0,1,1.0,1,0.16130858953795957,53
5398,1,8957,4329,4628,0,0,0,1.0,1,1.0,1,1.0,1,0.14298969850634038,53
5399,6,8963,4333,4630,0,0,0,1.0,1,1.0,1,1.0,1,0.17082449403128935,55
5400,2,8965,4333,4632,0,0,0,1.0,1,1.0,1,1.0,1,0.14904553096850592,55
5401,3,8968,4335,4633,0,0,0,1.0,1,1.0,1,1.0,1,0.18867061200540441,56
5402,0,8968,4335,4633,0,0,0,1.0,1,1.0,1,1.0,1,0.0,0
