,SuccessfulHandoverCount,TotalSuccessfulHandoverCount,TotalSuccessfulHandoverCountRange,TotalSuccessfulHandoverCountLoadBalancing,TotalSuccessfulHandoverCountOverload,FailedHandoverCount,TotalFailedHandoverCount,AvgQoS,MinQoS,AvgQoS_LoadBased,MinQoS_LoadBased,AvgQoS_RangeBased,MinQoS_RangeBased,GiniLoad,VehicleCount
0,0,0,0,0,0,0,0,1.0,1,1.0,1,1.0,1,0.0,0
1,11,11,0,11,0,0,0,1.0,1,1.0,1,1.0,1,0.2655473127736556,26
2,9,20,0,20,0,0,0,1.0,1,1.0,1,1.0,1,0.16272431613789476,27
3,4,24,0,24,0,0,0,1.0,1,1.0,1,1.0,1,0.20302059887784218,28
4,5,29,0,29,0,0,0,1.0,1,1.0,1,1.0,1,0.17593128176082087,29
5,5,34,0,34,0,0,0,1.0,1,1.0,1,1.0,1,0.18504327244413957,29
6,6,40,0,40,0,0,0,1.0,1,1.0,1,1.0,1,0.23297775368904033,32
7,7,47,0,47,0,0,0,1.0,1,1.0,1,1.0,1,0.2523105710181928,33
8,13,60,0,60,0,0,0,1.0,1,1.0,1,1.0,1,0.13169774894319916,35
9,13,73,0,73,0,0,0,1.0,1,1.0,1,1.0,1,0.22498150261032737,35
10,10,83,0,83,0,0,0,1.0,1,1.0,1,1.0,1,0.21350498429896592,35
11,12,95,0,95,0,0,0,1.0,1,1.0,1,1.0,1,0.1417750746981574,35
12,6,101,0,101,0,0,0,1.0,1,1.0,1,1.0,1,0.15591808561609136,34
13,9,110,0,110,0,0,0,1.0,1,1.0,1,1.0,1,0.17991427768623428,32
14,7,117,2,115,0,0,0,1.0,1,1.0,1,1.0,1,0.3022513203669301,31
15,5,122,2,120,0,0,0,1.0,1,1.0,1,1.0,1,0.2868579905958236,30
16,8,130,2,128,0,0,0,1.0,1,1.0,1,1.0,1,0.35737090004843247,30
17,5,135,2,133,0,0,0,1.0,1,1.0,1,1.0,1,0.3092729774945912,29
18,6,141,3,138,0,0,0,1.0,1,1.0,1,1.0,1,0.413014622372432,29
19,7,148,3,145,0,0,0,1.0,1,1.0,1,1.0,1,0.3751600807273033,28
20,8,156,3,153,0,0,0,1.0,1,1.0,1,1.0,1,0.41698725830741096,28
21,1,157,3,154,0,0,0,1.0,1,1.0,1,1.0,1,0.37728569025654607,28
22,4,161,5,156,0,0,0,1.0,1,1.0,1,1.0,1,0.331653081699737,28
23,0,161,5,156,0,0,0,1.0,1,1.0,1,1.0,1,0.34449813919882116,27
24,1,162,6,156,0,0,0,1.0,1,1.0,1,1.0,1,0.3724413941825768,28
25,4,166,7,159,0,0,0,1.0,1,1.0,1,1.0,1,0.2664593762510325,28
26,3,169,9,160,0,0,0,1.0,1,1.0,1,1.0,1,0.3063368721041624,30
27,2,171,10,161,0,0,0,1.0,1,1.0,1,1.0,1,0.25484678154576357,30
28,5,176,12,164,0,0,0,1.0,1,1.0,1,1.0,1,0.2205814470969505,31
29,1,177,13,164,0,0,0,1.0,1,1.0,1,1.0,1,0.20545074644120412,30
30,3,180,15,165,0,0,0,1.0,1,1.0,1,1.0,1,0.21231718810418634,30
31,0,180,15,165,0,0,0,1.0,1,1.0,1,1.0,1,0.2238587782839481,31
32,2,182,16,166,0,0,0,1.0,1,1.0,1,1.0,1,0.24850655402401575,31
33,3,185,17,168,0,0,0,1.0,1,1.0,1,1.0,1,0.31088616786890144,31
34,4,189,18,171,0,0,0,1.0,1,1.0,1,1.0,1,0.25244098684506305,29
35,2,191,19,172,0,0,0,1.0,1,1.0,1,1.0,1,0.29400468799699375,30
36,1,192,19,173,0,0,0,1.0,1,1.0,1,1.0,1,0.2949234545127009,30
37,2,194,20,174,0,0,0,1.0,1,1.0,1,1.0,1,0.3130227172752482,31
38,2,196,20,176,0,0,0,1.0,1,1.0,1,1.0,1,0.32138429487111236,32
39,4,200,20,180,0,0,0,1.0,1,1.0,1,1.0,1,0.3413247123612319,36
40,4,204,20,184,0,0,0,1.0,1,1.0,1,1.0,1,0.34408657205376775,37
41,4,208,20,188,0,0,0,1.0,1,1.0,1,1.0,1,0.22911760796071842,37
42,4,212,20,192,0,0,0,1.0,1,1.0,1,1.0,1,0.18654845271970988,38
43,2,214,20,194,0,0,0,1.0,1,1.0,1,1.0,1,0.2202547934555616,40
44,0,214,20,194,0,0,0,1.0,1,1.0,1,1.0,1,0.24797261427450398,39
45,0,214,20,194,0,0,0,1.0,1,1.0,1,1.0,1,0.24730142901827343,40
46,0,214,20,194,0,0,0,1.0,1,1.0,1,1.0,1,0.24630624027755713,39
47,1,215,21,194,0,0,0,1.0,1,1.0,1,1.0,1,0.23358509462479568,39
48,0,215,21,194,0,0,0,1.0,1,1.0,1,1.0,1,0.23358509462479568,39
49,1,216,22,194,0,0,0,1.0,1,1.0,1,1.0,1,0.2092651831465835,37
50,0,216,22,194,0,0,0,1.0,1,1.0,1,1.0,1,0.22046213100398238,35
51,0,216,22,194,0,0,0,1.0,1,1.0,1,1.0,1,0.21734614260075077,34
52,0,216,22,194,0,0,0,1.0,1,1.0,1,1.0,1,0.23978069588437123,34
53,0,216,22,194,0,0,0,1.0,1,1.0,1,1.0,1,0.23658570599660367,35
54,1,217,22,195,0,0,0,1.0,1,1.0,1,1.0,1,0.2788244086259447,36
55,4,221,23,198,0,0,0,1.0,1,1.0,1,1.0,1,0.23453216699934676,36
56,5,226,25,201,0,0,0,1.0,1,1.0,1,1.0,1,0.2481704458455642,36
57,2,228,25,203,0,0,0,1.0,1,1.0,1,1.0,1,0.2648689339684096,37
58,4,232,27,205,0,0,0,1.0,1,1.0,1,1.0,1,0.28799944723538795,38
59,2,234,28,206,0,0,0,1.0,1,1.0,1,1.0,1,0.28140973551978,37
60,1,235,28,207,0,0,0,1.0,1,1.0,1,1.0,1,0.24565962695973068,38
61,2,237,28,209,0,0,0,1.0,1,1.0,1,1.0,1,0.20881559370342975,37
62,1,238,29,209,0,0,0,1.0,1,1.0,1,1.0,1,0.2158027662901656,39
63,1,239,30,209,0,0,0,1.0,1,1.0,1,1.0,1,0.2361176431332294,39
64,1,240,31,209,0,0,0,1.0,1,1.0,1,1.0,1,0.23904789535593068,38
65,1,241,32,209,0,0,0,1.0,1,1.0,1,1.0,1,0.26062654308292166,39
66,3,244,34,210,0,0,0,1.0,1,1.0,1,1.0,1,0.2949950801355477,39
67,0,244,34,210,0,0,0,1.0,1,1.0,1,1.0,1,0.29428391636526724,36
68,2,246,35,211,0,0,0,1.0,1,1.0,1,1.0,1,0.3239352240519945,36
69,0,246,35,211,0,0,0,1.0,1,1.0,1,1.0,1,0.331130114075574,37
70,0,246,35,211,0,0,0,1.0,1,1.0,1,1.0,1,0.37543348838828855,36
71,0,246,35,211,0,0,0,1.0,1,1.0,1,1.0,1,0.36903804850109023,38
72,2,248,36,212,0,0,0,1.0,1,1.0,1,1.0,1,0.3460916914767194,38
73,1,249,37,212,0,0,0,1.0,1,1.0,1,1.0,1,0.34650446615988334,37
74,1,250,37,213,0,0,0,1.0,1,1.0,1,1.0,1,0.3441123741506734,38
75,1,251,38,213,0,0,0,1.0,1,1.0,1,1.0,1,0.3725769733099627,38
76,3,254,40,214,0,0,0,1.0,1,1.0,1,1.0,1,0.3602050732929724,39
77,2,256,40,216,0,0,0,1.0,1,1.0,1,1.0,1,0.3214333158717984,40
78,0,256,40,216,0,0,0,1.0,1,1.0,1,1.0,1,0.31832022069992055,41
79,0,256,40,216,0,0,0,1.0,1,1.0,1,1.0,1,0.31832022069992055,41
80,0,256,40,216,0,0,0,1.0,1,1.0,1,1.0,1,0.31832022069992055,41
81,4,260,40,220,0,0,0,1.0,1,1.0,1,1.0,1,0.21682681493164332,41
82,2,262,40,222,0,0,0,1.0,1,1.0,1,1.0,1,0.19507128261980453,44
83,1,263,40,223,0,0,0,1.0,1,1.0,1,1.0,1,0.1966776780159464,44
84,0,263,40,223,0,0,0,1.0,1,1.0,1,1.0,1,0.20001342236710815,45
85,0,263,40,223,0,0,0,1.0,1,1.0,1,1.0,1,0.20001342236710815,45
86,1,264,41,223,0,0,0,1.0,1,1.0,1,1.0,1,0.23506299622118287,45
87,1,265,42,223,0,0,0,1.0,1,1.0,1,1.0,1,0.2814536554267642,44
88,1,266,43,223,0,0,0,1.0,1,1.0,1,1.0,1,0.29052155502030447,44
89,1,267,43,224,0,0,0,1.0,1,1.0,1,1.0,1,0.28585520285247257,43
90,2,269,43,226,0,0,0,1.0,1,1.0,1,1.0,1,0.3107720845655703,44
91,1,270,44,226,0,0,0,1.0,1,1.0,1,1.0,1,0.3363713777127488,44
92,0,270,44,226,0,0,0,1.0,1,1.0,1,1.0,1,0.3225935934963554,43
93,0,270,44,226,0,0,0,1.0,1,1.0,1,1.0,1,0.3378758383013429,44
94,1,271,45,226,0,0,0,1.0,1,1.0,1,1.0,1,0.36230192752802043,44
95,1,272,45,227,0,0,0,1.0,1,1.0,1,1.0,1,0.3332678263410873,43
96,0,272,45,227,0,0,0,1.0,1,1.0,1,1.0,1,0.3398450221186262,44
97,0,272,45,227,0,0,0,1.0,1,1.0,1,1.0,1,0.3398450221186262,44
98,0,272,45,227,0,0,0,1.0,1,1.0,1,1.0,1,0.36799181415627635,43
99,0,272,45,227,0,0,0,1.0,1,1.0,1,1.0,1,0.36799181415627635,43
100,2,274,45,229,0,0,0,1.0,1,1.0,1,1.0,1,0.3286027608430929,47
101,2,276,45,231,0,0,0,1.0,1,1.0,1,1.0,1,0.29957118617320094,47
102,1,277,46,231,0,0,0,1.0,1,1.0,1,1.0,1,0.31633742540705034,47
103,2,279,48,231,0,0,0,1.0,1,1.0,1,1.0,1,0.31067923386455804,46
104,4,283,51,232,0,0,0,1.0,1,1.0,1,1.0,1,0.33234274063248576,45
105,5,288,53,235,0,0,0,1.0,1,1.0,1,1.0,1,0.2753627586609373,44
106,4,292,57,235,0,0,0,1.0,1,1.0,1,1.0,1,0.2927484461650626,45
107,1,293,58,235,0,0,0,1.0,1,1.0,1,1.0,1,0.27795286000215763,44
108,4,297,58,239,0,0,0,1.0,1,1.0,1,1.0,1,0.18437791244892077,46
109,2,299,59,240,0,0,0,1.0,1,1.0,1,1.0,1,0.1793119390985793,46
110,4,303,61,242,0,0,0,1.0,1,1.0,1,1.0,1,0.14452197245325815,46
111,2,305,62,243,0,0,0,1.0,1,1.0,1,1.0,1,0.13717157944125496,46
112,2,307,64,243,0,0,0,1.0,1,1.0,1,1.0,1,0.14695184258257396,46
113,1,308,64,244,0,0,0,1.0,1,1.0,1,1.0,1,0.11016402537907297,46
114,1,309,65,244,0,0,0,1.0,1,1.0,1,1.0,1,0.09516883065316174,46
115,1,310,66,244,0,0,0,1.0,1,1.0,1,1.0,1,0.1324667801451612,47
116,3,313,69,244,0,0,0,1.0,1,1.0,1,1.0,1,0.1977932668399208,47
117,3,316,70,246,0,0,0,1.0,1,1.0,1,1.0,1,0.17477762025539573,45
118,1,317,71,246,0,0,0,1.0,1,1.0,1,1.0,1,0.18505348686466747,46
119,0,317,71,246,0,0,0,1.0,1,1.0,1,1.0,1,0.19038876754396614,46
120,0,317,71,246,0,0,0,1.0,1,1.0,1,1.0,1,0.17964181705689394,47
121,2,319,72,247,0,0,0,1.0,1,1.0,1,1.0,1,0.16779508537069193,46
122,1,320,72,248,0,0,0,1.0,1,1.0,1,1.0,1,0.15467739004182965,46
123,0,320,72,248,0,0,0,1.0,1,1.0,1,1.0,1,0.17794125901626978,45
124,0,320,72,248,0,0,0,1.0,1,1.0,1,1.0,1,0.17842859020460664,46
125,2,322,74,248,0,0,0,1.0,1,1.0,1,1.0,1,0.23651261227709905,44
126,2,324,74,250,0,0,0,1.0,1,1.0,1,1.0,1,0.20257438160305727,45
127,1,325,74,251,0,0,0,1.0,1,1.0,1,1.0,1,0.1839384105059129,45
128,1,326,75,251,0,0,0,1.0,1,1.0,1,1.0,1,0.21974941513801824,46
129,2,328,75,253,0,0,0,1.0,1,1.0,1,1.0,1,0.22729016604019125,48
130,1,329,75,254,0,0,0,1.0,1,1.0,1,1.0,1,0.24566398488555583,48
131,1,330,75,255,0,0,0,1.0,1,1.0,1,1.0,1,0.2183157831350284,49
132,3,333,77,256,0,0,0,1.0,1,1.0,1,1.0,1,0.2715233407569444,51
133,2,335,79,256,0,0,0,1.0,1,1.0,1,1.0,1,0.28976752538313905,49
134,8,343,83,260,0,0,0,1.0,1,1.0,1,1.0,1,0.237259181540602,49
135,1,344,83,261,0,0,0,1.0,1,1.0,1,1.0,1,0.24416154982736404,49
136,5,349,88,261,0,0,0,1.0,1,1.0,1,1.0,1,0.2792961375675459,48
137,0,349,88,261,0,0,0,1.0,1,1.0,1,1.0,1,0.27622188498648076,47
138,4,353,91,262,0,0,0,1.0,1,1.0,1,1.0,1,0.28392603871443256,48
139,2,355,92,263,0,0,0,1.0,1,1.0,1,1.0,1,0.29390449168735217,48
140,4,359,95,264,0,0,0,1.0,1,1.0,1,1.0,1,0.32912323127071097,49
141,6,365,96,269,0,0,0,1.0,1,1.0,1,1.0,1,0.2447604025582575,49
142,1,366,97,269,0,0,0,1.0,1,1.0,1,1.0,1,0.2305836009334826,49
143,2,368,98,270,0,0,0,1.0,1,1.0,1,1.0,1,0.19222573252175987,47
144,3,371,100,271,0,0,0,1.0,1,1.0,1,1.0,1,0.18044886041871283,46
145,3,374,101,273,0,0,0,1.0,1,1.0,1,1.0,1,0.1404356284657842,44
146,0,374,101,273,0,0,0,1.0,1,1.0,1,1.0,1,0.1579683680899246,44
147,0,374,101,273,0,0,0,1.0,1,1.0,1,1.0,1,0.14361077989277973,43
148,0,374,101,273,0,0,0,1.0,1,1.0,1,1.0,1,0.12646676427235812,43
149,2,376,103,273,0,0,0,1.0,1,1.0,1,1.0,1,0.1467804992640208,43
150,0,376,103,273,0,0,0,1.0,1,1.0,1,1.0,1,0.12662293143167103,42
151,1,377,104,273,0,0,0,1.0,1,1.0,1,1.0,1,0.15401475873023585,42
152,1,378,105,273,0,0,0,1.0,1,1.0,1,1.0,1,0.16571292935965098,42
153,0,378,105,273,0,0,0,1.0,1,1.0,1,1.0,1,0.19532224748162375,42
154,3,381,107,274,0,0,0,1.0,1,1.0,1,1.0,1,0.2626572369969275,43
155,1,382,107,275,0,0,0,1.0,1,1.0,1,1.0,1,0.2628439622254505,43
156,0,382,107,275,0,0,0,1.0,1,1.0,1,1.0,1,0.24873114858872986,42
157,0,382,107,275,0,0,0,1.0,1,1.0,1,1.0,1,0.2847223263117174,41
158,0,382,107,275,0,0,0,1.0,1,1.0,1,1.0,1,0.27191309330162455,42
159,0,382,107,275,0,0,0,1.0,1,1.0,1,1.0,1,0.28033982131500484,43
160,4,386,110,276,0,0,0,1.0,1,1.0,1,1.0,1,0.3298762773278061,44
161,11,397,111,286,0,0,0,1.0,1,1.0,1,1.0,1,0.2284155937834045,44
162,0,397,111,286,0,0,0,1.0,1,1.0,1,1.0,1,0.21638380695761242,45
163,2,399,113,286,0,0,0,1.0,1,1.0,1,1.0,1,0.2922658262091519,43
164,2,401,114,287,0,0,0,1.0,1,1.0,1,1.0,1,0.27606140764433057,42
165,4,405,117,288,0,0,0,1.0,1,1.0,1,1.0,1,0.2725963215219161,42
166,0,405,117,288,0,0,0,1.0,1,1.0,1,1.0,1,0.2774471633143062,42
167,4,409,120,289,0,0,0,1.0,1,1.0,1,1.0,1,0.3052626594541893,41
168,1,410,121,289,0,0,0,1.0,1,1.0,1,1.0,1,0.3330630207853037,40
169,1,411,121,290,0,0,0,1.0,1,1.0,1,1.0,1,0.2786852069504545,40
170,2,413,121,292,0,0,0,1.0,1,1.0,1,1.0,1,0.24784816989041125,38
171,2,415,122,293,0,0,0,1.0,1,1.0,1,1.0,1,0.3086290987457175,37
172,2,417,124,293,0,0,0,1.0,1,1.0,1,1.0,1,0.31891498306601995,35
173,2,419,125,294,0,0,0,1.0,1,1.0,1,1.0,1,0.3337503551894461,36
174,1,420,126,294,0,0,0,1.0,1,1.0,1,1.0,1,0.31902902257105864,34
175,0,420,126,294,0,0,0,1.0,1,1.0,1,1.0,1,0.2928581550135196,33
176,0,420,126,294,0,0,0,1.0,1,1.0,1,1.0,1,0.3130875028235191,34
177,2,422,126,296,0,0,0,1.0,1,1.0,1,1.0,1,0.27809727397416406,36
178,2,424,127,297,0,0,0,1.0,1,1.0,1,1.0,1,0.23495896655104634,37
179,2,426,128,298,0,0,0,1.0,1,1.0,1,1.0,1,0.28172193907411547,37
180,2,428,128,300,0,0,0,1.0,1,1.0,1,1.0,1,0.2910855666600742,36
181,2,430,128,302,0,0,0,1.0,1,1.0,1,1.0,1,0.252773203524114,36
182,2,432,129,303,0,0,0,1.0,1,1.0,1,1.0,1,0.20493093753838085,38
183,1,433,130,303,0,0,0,1.0,1,1.0,1,1.0,1,0.21323311420311652,37
184,3,436,133,303,0,0,0,1.0,1,1.0,1,1.0,1,0.23801019811811408,36
185,1,437,134,303,0,0,0,1.0,1,1.0,1,1.0,1,0.2557061215253571,35
186,3,440,136,304,0,0,0,1.0,1,1.0,1,1.0,1,0.28157768171677355,34
187,3,443,139,304,0,0,0,1.0,1,1.0,1,1.0,1,0.3189295762210134,33
188,2,445,139,306,0,0,0,1.0,1,1.0,1,1.0,1,0.267373802331802,33
189,3,448,142,306,0,0,0,1.0,1,1.0,1,1.0,1,0.33884066227658194,33
190,1,449,142,307,0,0,0,1.0,1,1.0,1,1.0,1,0.28838080757876194,32
191,3,452,144,308,0,0,0,1.0,1,1.0,1,1.0,1,0.31128255472944144,34
192,0,452,144,308,0,0,0,1.0,1,1.0,1,1.0,1,0.31128255472944144,34
193,0,452,144,308,0,0,0,1.0,1,1.0,1,1.0,1,0.30753956591343423,35
194,1,453,144,309,0,0,0,1.0,1,1.0,1,1.0,1,0.31944735799399027,37
195,0,453,144,309,0,0,0,1.0,1,1.0,1,1.0,1,0.32381067586968576,36
196,1,454,145,309,0,0,0,1.0,1,1.0,1,1.0,1,0.335350100401954,36
197,3,457,146,311,0,0,0,1.0,1,1.0,1,1.0,1,0.31665411077176886,37
198,2,459,148,311,0,0,0,1.0,1,1.0,1,1.0,1,0.33478458278027806,37
199,0,459,148,311,0,0,0,1.0,1,1.0,1,1.0,1,0.33478458278027806,37
200,2,461,149,312,0,0,0,1.0,1,1.0,1,1.0,1,0.2934403307546904,37
201,1,462,149,313,0,0,0,1.0,1,1.0,1,1.0,1,0.23356859416001804,36
202,1,463,150,313,0,0,0,1.0,1,1.0,1,1.0,1,0.19946559830366256,36
203,1,464,151,313,0,0,0,1.0,1,1.0,1,1.0,1,0.19995593267715717,35
204,1,465,151,314,0,0,0,1.0,1,1.0,1,1.0,1,0.20991226949870562,35
205,2,467,153,314,0,0,0,1.0,1,1.0,1,1.0,1,0.19043528572063312,35
206,2,469,154,315,0,0,0,1.0,1,1.0,1,1.0,1,0.2473675185326523,34
207,0,469,154,315,0,0,0,1.0,1,1.0,1,1.0,1,0.2579835051792138,34
208,1,470,155,315,0,0,0,1.0,1,1.0,1,1.0,1,0.33987068651687863,33
209,1,471,155,316,0,0,0,1.0,1,1.0,1,1.0,1,0.32234232596713724,33
210,3,474,157,317,0,0,0,1.0,1,1.0,1,1.0,1,0.3567019772661331,34
211,1,475,158,317,0,0,0,1.0,1,1.0,1,1.0,1,0.4111687516049938,33
212,0,475,158,317,0,0,0,1.0,1,1.0,1,1.0,1,0.4111687516049938,33
213,8,483,159,324,0,0,0,1.0,1,1.0,1,1.0,1,0.2891300941449381,35
214,4,487,161,326,0,0,0,1.0,1,1.0,1,1.0,1,0.26262299599054784,34
215,3,490,162,328,0,0,0,1.0,1,1.0,1,1.0,1,0.2833228760569433,35
216,4,494,163,331,0,0,0,1.0,1,1.0,1,1.0,1,0.2879807660047941,36
217,1,495,164,331,0,0,0,1.0,1,1.0,1,1.0,1,0.29289646081039916,36
218,3,498,166,332,0,0,0,1.0,1,1.0,1,1.0,1,0.32739334134423337,36
219,2,500,166,334,0,0,0,1.0,1,1.0,1,1.0,1,0.25734258373897245,37
220,2,502,168,334,0,0,0,1.0,1,1.0,1,1.0,1,0.3093016683768804,38
221,5,507,170,337,0,0,0,1.0,1,1.0,1,1.0,1,0.22432903804644577,37
222,2,509,171,338,0,0,0,1.0,1,1.0,1,1.0,1,0.19357271878740004,38
223,3,512,172,340,0,0,0,1.0,1,1.0,1,1.0,1,0.1928139729810999,38
224,5,517,175,342,0,0,0,1.0,1,1.0,1,1.0,1,0.26791119029364185,38
225,1,518,176,342,0,0,0,1.0,1,1.0,1,1.0,1,0.262847059406618,36
226,3,521,177,344,0,0,0,1.0,1,1.0,1,1.0,1,0.2957073660144495,37
227,2,523,178,345,0,0,0,1.0,1,1.0,1,1.0,1,0.2678463974044533,35
228,1,524,179,345,0,0,0,1.0,1,1.0,1,1.0,1,0.3037954415386133,35
229,2,526,181,345,0,0,0,1.0,1,1.0,1,1.0,1,0.24915923708356327,35
230,1,527,182,345,0,0,0,1.0,1,1.0,1,1.0,1,0.24487330978575506,35
231,3,530,185,345,0,0,0,1.0,1,1.0,1,1.0,1,0.22054887439283447,35
232,5,535,187,348,0,0,0,1.0,1,1.0,1,1.0,1,0.21503513592395804,36
233,0,535,187,348,0,0,0,1.0,1,1.0,1,1.0,1,0.21503513592395804,36
234,3,538,189,349,0,0,0,1.0,1,1.0,1,1.0,1,0.1764815425420763,34
235,3,541,192,349,0,0,0,1.0,1,1.0,1,1.0,1,0.19901345455740996,33
236,0,541,192,349,0,0,0,1.0,1,1.0,1,1.0,1,0.22111626385754313,31
237,1,542,193,349,0,0,0,1.0,1,1.0,1,1.0,1,0.19833327838394751,32
238,2,544,194,350,0,0,0,1.0,1,1.0,1,1.0,1,0.21568722317532169,31
239,2,546,196,350,0,0,0,1.0,1,1.0,1,1.0,1,0.19343333296549028,30
240,0,546,196,350,0,0,0,1.0,1,1.0,1,1.0,1,0.20172388276727315,27
241,1,547,197,350,0,0,0,1.0,1,1.0,1,1.0,1,0.22868031855799462,27
242,1,548,197,351,0,0,0,1.0,1,1.0,1,1.0,1,0.16622508068809788,28
243,0,548,197,351,0,0,0,1.0,1,1.0,1,1.0,1,0.16622508068809788,28
244,1,549,198,351,0,0,0,1.0,1,1.0,1,1.0,1,0.2817957574319202,27
245,0,549,198,351,0,0,0,1.0,1,1.0,1,1.0,1,0.2817957574319202,27
246,2,551,200,351,0,0,0,1.0,1,1.0,1,1.0,1,0.32494717272029855,25
247,0,551,200,351,0,0,0,1.0,1,1.0,1,1.0,1,0.3150818365285669,24
248,0,551,200,351,0,0,0,1.0,1,1.0,1,1.0,1,0.3117683192305733,24
249,1,552,201,351,0,0,0,1.0,1,1.0,1,1.0,1,0.38776125890706037,25
250,2,554,201,353,0,0,0,1.0,1,1.0,1,1.0,1,0.3219947724342836,27
251,0,554,201,353,0,0,0,1.0,1,1.0,1,1.0,1,0.3219947724342836,27
252,0,554,201,353,0,0,0,1.0,1,1.0,1,1.0,1,0.3219947724342836,27
253,0,554,201,353,0,0,0,1.0,1,1.0,1,1.0,1,0.3285118828499301,29
254,3,557,204,353,0,0,0,1.0,1,1.0,1,1.0,1,0.3614079712113613,30
255,1,558,204,354,0,0,0,1.0,1,1.0,1,1.0,1,0.35338453519315904,31
256,2,560,206,354,0,0,0,1.0,1,1.0,1,1.0,1,0.37211922258380886,31
257,0,560,206,354,0,0,0,1.0,1,1.0,1,1.0,1,0.38039783691304946,33
258,2,562,207,355,0,0,0,1.0,1,1.0,1,1.0,1,0.35948955072947497,33
259,0,562,207,355,0,0,0,1.0,1,1.0,1,1.0,1,0.35948955072947497,33
260,6,568,210,358,0,0,0,1.0,1,1.0,1,1.0,1,0.3594245676060847,35
261,1,569,211,358,0,0,0,1.0,1,1.0,1,1.0,1,0.3512577278915346,35
262,0,569,211,358,0,0,0,1.0,1,1.0,1,1.0,1,0.3512577278915346,35
263,0,569,211,358,0,0,0,1.0,1,1.0,1,1.0,1,0.3560619039041257,34
264,1,570,212,358,0,0,0,1.0,1,1.0,1,1.0,1,0.39419012070433984,32
265,2,572,214,358,0,0,0,1.0,1,1.0,1,1.0,1,0.37417584946613186,30
266,2,574,215,359,0,0,0,1.0,1,1.0,1,1.0,1,0.3442698839636444,31
267,1,575,216,359,0,0,0,1.0,1,1.0,1,1.0,1,0.37962960281029756,30
268,1,576,216,360,0,0,0,1.0,1,1.0,1,1.0,1,0.3516730611039203,31
269,0,576,216,360,0,0,0,1.0,1,1.0,1,1.0,1,0.3516730611039203,31
270,3,579,218,361,0,0,0,1.0,1,1.0,1,1.0,1,0.3813976357516533,32
271,1,580,219,361,0,0,0,1.0,1,1.0,1,1.0,1,0.4210329941751965,31
272,1,581,220,361,0,0,0,1.0,1,1.0,1,1.0,1,0.5030158564957395,32
273,0,581,220,361,0,0,0,1.0,1,1.0,1,1.0,1,0.5030158564957395,32
274,2,583,221,362,0,0,0,1.0,1,1.0,1,1.0,1,0.47919413858817717,32
275,5,588,222,366,0,0,0,1.0,1,1.0,1,1.0,1,0.42018063394141597,33
276,6,594,225,369,0,0,0,1.0,1,1.0,1,1.0,1,0.44099627202464814,34
277,3,597,227,370,0,0,0,1.0,1,1.0,1,1.0,1,0.40691700282596277,32
278,1,598,227,371,0,0,0,1.0,1,1.0,1,1.0,1,0.3793092928815531,31
279,0,598,227,371,0,0,0,1.0,1,1.0,1,1.0,1,0.36525039302822787,31
280,0,598,227,371,0,0,0,1.0,1,1.0,1,1.0,1,0.36193750879545994,30
281,3,601,227,374,0,0,0,1.0,1,1.0,1,1.0,1,0.21376004044480912,31
282,1,602,228,374,0,0,0,1.0,1,1.0,1,1.0,1,0.23717974726542138,30
283,2,604,229,375,0,0,0,1.0,1,1.0,1,1.0,1,0.20180077150873546,31
284,2,606,230,376,0,0,0,1.0,1,1.0,1,1.0,1,0.212929774593957,31
285,0,606,230,376,0,0,0,1.0,1,1.0,1,1.0,1,0.212929774593957,31
286,0,606,230,376,0,0,0,1.0,1,1.0,1,1.0,1,0.212929774593957,31
287,0,606,230,376,0,0,0,1.0,1,1.0,1,1.0,1,0.24417875606832987,33
288,0,606,230,376,0,0,0,1.0,1,1.0,1,1.0,1,0.2599600071154546,32
289,1,607,231,376,0,0,0,1.0,1,1.0,1,1.0,1,0.3563120659431659,32
290,0,607,231,376,0,0,0,1.0,1,1.0,1,1.0,1,0.34354228389076635,31
291,0,607,231,376,0,0,0,1.0,1,1.0,1,1.0,1,0.3389224621268068,30
292,1,608,232,376,0,0,0,1.0,1,1.0,1,1.0,1,0.3103462420829711,32
293,0,608,232,376,0,0,0,1.0,1,1.0,1,1.0,1,0.3103462420829711,32
294,1,609,232,377,0,0,0,1.0,1,1.0,1,1.0,1,0.29868940667544697,32
295,1,610,232,378,0,0,0,1.0,1,1.0,1,1.0,1,0.29862150109752716,34
296,1,611,233,378,0,0,0,1.0,1,1.0,1,1.0,1,0.2881469134466859,34
297,2,613,235,378,0,0,0,1.0,1,1.0,1,1.0,1,0.3510498680692886,34
298,3,616,236,380,0,0,0,1.0,1,1.0,1,1.0,1,0.3756673270818075,35
299,4,620,236,384,0,0,0,1.0,1,1.0,1,1.0,1,0.3749196315866849,35
300,5,625,237,388,0,0,0,1.0,1,1.0,1,1.0,1,0.3459536461874737,35
301,6,631,237,394,0,0,0,1.0,1,1.0,1,1.0,1,0.28471459265822446,38
302,1,632,238,394,0,0,0,1.0,1,1.0,1,1.0,1,0.2913055618605316,38
303,1,633,239,394,0,0,0,1.0,1,1.0,1,1.0,1,0.32179875278574727,37
304,4,637,240,397,0,0,0,1.0,1,1.0,1,1.0,1,0.329270782752655,37
305,5,642,242,400,0,0,0,1.0,1,1.0,1,1.0,1,0.3333868501086112,36
306,1,643,242,401,0,0,0,1.0,1,1.0,1,1.0,1,0.3326590131999042,36
307,3,646,242,404,0,0,0,1.0,1,1.0,1,1.0,1,0.25037494823487666,35
308,0,646,242,404,0,0,0,1.0,1,1.0,1,1.0,1,0.2274877161545065,37
309,0,646,242,404,0,0,0,1.0,1,1.0,1,1.0,1,0.2274877161545065,37
310,0,646,242,404,0,0,0,1.0,1,1.0,1,1.0,1,0.2274877161545065,37
311,1,647,242,405,0,0,0,1.0,1,1.0,1,1.0,1,0.19429638511856928,39
312,1,648,243,405,0,0,0,1.0,1,1.0,1,1.0,1,0.20418565060764224,40
313,0,648,243,405,0,0,0,1.0,1,1.0,1,1.0,1,0.1997297261152759,39
314,0,648,243,405,0,0,0,1.0,1,1.0,1,1.0,1,0.21002250044938545,40
315,1,649,244,405,0,0,0,1.0,1,1.0,1,1.0,1,0.26291198892591683,39
316,1,650,244,406,0,0,0,1.0,1,1.0,1,1.0,1,0.24776167906001922,39
317,0,650,244,406,0,0,0,1.0,1,1.0,1,1.0,1,0.2593466752129538,40
318,1,651,244,407,0,0,0,1.0,1,1.0,1,1.0,1,0.2640999189745441,41
319,1,652,244,408,0,0,0,1.0,1,1.0,1,1.0,1,0.291665744163738,41
320,1,653,245,408,0,0,0,1.0,1,1.0,1,1.0,1,0.27517277746771757,41
321,2,655,245,410,0,0,0,1.0,1,1.0,1,1.0,1,0.18583327915336728,41
322,3,658,247,411,0,0,0,1.0,1,1.0,1,1.0,1,0.1251299385207244,41
323,1,659,247,412,0,0,0,1.0,1,1.0,1,1.0,1,0.11956044627271895,41
324,3,662,249,413,0,0,0,1.0,1,1.0,1,1.0,1,0.17557137472832454,42
325,1,663,250,413,0,0,0,1.0,1,1.0,1,1.0,1,0.19168079775633848,42
326,3,666,251,415,0,0,0,1.0,1,1.0,1,1.0,1,0.24137636842405316,42
327,3,669,251,418,0,0,0,1.0,1,1.0,1,1.0,1,0.2301077209101812,42
328,2,671,251,420,0,0,0,1.0,1,1.0,1,1.0,1,0.23746395848752655,43
329,2,673,251,422,0,0,0,1.0,1,1.0,1,1.0,1,0.23746395848752655,43
330,2,675,251,424,0,0,0,1.0,1,1.0,1,1.0,1,0.21906210032439216,45
331,3,678,251,427,0,0,0,1.0,1,1.0,1,1.0,1,0.20461992415196123,45
332,0,678,251,427,0,0,0,1.0,1,1.0,1,1.0,1,0.21258725402160533,45
333,0,678,251,427,0,0,0,1.0,1,1.0,1,1.0,1,0.21737535457369647,46
334,2,680,252,428,0,0,0,1.0,1,1.0,1,1.0,1,0.21284162721073943,48
335,4,684,253,431,0,0,0,1.0,1,1.0,1,1.0,1,0.19913143321391027,48
336,0,684,253,431,0,0,0,1.0,1,1.0,1,1.0,1,0.19913143321391027,48
337,1,685,253,432,0,0,0,1.0,1,1.0,1,1.0,1,0.18068815220077078,49
338,0,685,253,432,0,0,0,1.0,1,1.0,1,1.0,1,0.1877716167458157,50
339,0,685,253,432,0,0,0,1.0,1,1.0,1,1.0,1,0.1877716167458157,50
340,0,685,253,432,0,0,0,1.0,1,1.0,1,1.0,1,0.1877716167458157,50
341,0,685,253,432,0,0,0,1.0,1,1.0,1,1.0,1,0.1884195139568495,51
342,1,686,254,432,0,0,0,1.0,1,1.0,1,1.0,1,0.20818110711380836,51
343,2,688,254,434,0,0,0,1.0,1,1.0,1,1.0,1,0.17844547232474456,51
344,0,688,254,434,0,0,0,1.0,1,1.0,1,1.0,1,0.1774794164850925,50
345,0,688,254,434,0,0,0,1.0,1,1.0,1,1.0,1,0.19203107021628774,51
346,5,693,255,438,0,0,0,1.0,1,1.0,1,1.0,1,0.18517656168717184,51
347,4,697,259,438,0,0,0,1.0,1,1.0,1,1.0,1,0.21055836285801102,51
348,5,702,262,440,0,0,0,1.0,1,1.0,1,1.0,1,0.2813511690502826,53
349,2,704,262,442,0,0,0,1.0,1,1.0,1,1.0,1,0.24857468677119882,55
350,1,705,262,443,0,0,0,1.0,1,1.0,1,1.0,1,0.22874644499738056,54
351,3,708,264,444,0,0,0,1.0,1,1.0,1,1.0,1,0.23126889365674033,54
352,3,711,265,446,0,0,0,1.0,1,1.0,1,1.0,1,0.23145663981012268,53
353,5,716,267,449,0,0,0,1.0,1,1.0,1,1.0,1,0.22086090323533913,53
354,0,716,267,449,0,0,0,1.0,1,1.0,1,1.0,1,0.24708634458886594,50
355,2,718,267,451,0,0,0,1.0,1,1.0,1,1.0,1,0.22560592555963027,51
356,2,720,268,452,0,0,0,1.0,1,1.0,1,1.0,1,0.28733589573851004,51
357,2,722,270,452,0,0,0,1.0,1,1.0,1,1.0,1,0.29031934828618666,50
358,4,726,272,454,0,0,0,1.0,1,1.0,1,1.0,1,0.3334041058963838,48
359,3,729,274,455,0,0,0,1.0,1,1.0,1,1.0,1,0.36586789202883674,47
360,1,730,275,455,0,0,0,1.0,1,1.0,1,1.0,1,0.356894577627852,45
361,4,734,275,459,0,0,0,1.0,1,1.0,1,1.0,1,0.2988498540013442,44
362,2,736,275,461,0,0,0,1.0,1,1.0,1,1.0,1,0.26026950248032943,44
363,3,739,276,463,0,0,0,1.0,1,1.0,1,1.0,1,0.205645753060445,44
364,1,740,276,464,0,0,0,1.0,1,1.0,1,1.0,1,0.18846210018746282,43
365,3,743,278,465,0,0,0,1.0,1,1.0,1,1.0,1,0.20513740274706935,43
366,2,745,279,466,0,0,0,1.0,1,1.0,1,1.0,1,0.23091163886556368,45
367,1,746,279,467,0,0,0,1.0,1,1.0,1,1.0,1,0.25174911971560016,44
368,2,748,281,467,0,0,0,1.0,1,1.0,1,1.0,1,0.23442257672510405,46
369,2,750,282,468,0,0,0,1.0,1,1.0,1,1.0,1,0.2642869593454746,45
370,1,751,283,468,0,0,0,1.0,1,1.0,1,1.0,1,0.272544541492038,46
371,1,752,283,469,0,0,0,1.0,1,1.0,1,1.0,1,0.28747472705380317,47
372,0,752,283,469,0,0,0,1.0,1,1.0,1,1.0,1,0.2964545755515018,48
373,2,754,284,470,0,0,0,1.0,1,1.0,1,1.0,1,0.2826681031246983,48
374,1,755,285,470,0,0,0,1.0,1,1.0,1,1.0,1,0.2810522862457739,49
375,0,755,285,470,0,0,0,1.0,1,1.0,1,1.0,1,0.2810522862457739,49
376,4,759,288,471,0,0,0,1.0,1,1.0,1,1.0,1,0.21217682632449558,49
377,4,763,291,472,0,0,0,1.0,1,1.0,1,1.0,1,0.18599004982774198,49
378,2,765,292,473,0,0,0,1.0,1,1.0,1,1.0,1,0.19162248438816637,49
379,1,766,292,474,0,0,0,1.0,1,1.0,1,1.0,1,0.20437779485738436,50
380,2,768,293,475,0,0,0,1.0,1,1.0,1,1.0,1,0.22310833677699374,50
381,3,771,293,478,0,0,0,1.0,1,1.0,1,1.0,1,0.1592811930772266,51
382,2,773,295,478,0,0,0,1.0,1,1.0,1,1.0,1,0.14343071002168067,50
383,1,774,296,478,0,0,0,1.0,1,1.0,1,1.0,1,0.1407413919871324,51
384,2,776,298,478,0,0,0,1.0,1,1.0,1,1.0,1,0.14840802631727476,50
385,0,776,298,478,0,0,0,1.0,1,1.0,1,1.0,1,0.15490573510500746,50
386,0,776,298,478,0,0,0,1.0,1,1.0,1,1.0,1,0.17974281991629548,48
387,0,776,298,478,0,0,0,1.0,1,1.0,1,1.0,1,0.20367537432789334,47
388,3,779,300,479,0,0,0,1.0,1,1.0,1,1.0,1,0.14212189277587373,48
389,1,780,300,480,0,0,0,1.0,1,1.0,1,1.0,1,0.15671222759242762,47
390,1,781,301,480,0,0,0,1.0,1,1.0,1,1.0,1,0.17903810453799157,49
391,1,782,302,480,0,0,0,1.0,1,1.0,1,1.0,1,0.16821220732701198,46
392,1,783,303,480,0,0,0,1.0,1,1.0,1,1.0,1,0.2239212567442861,46
393,2,785,305,480,0,0,0,1.0,1,1.0,1,1.0,1,0.2658849693554989,44
394,4,789,307,482,0,0,0,1.0,1,1.0,1,1.0,1,0.2771827061769894,43
395,1,790,307,483,0,0,0,1.0,1,1.0,1,1.0,1,0.28471346515116125,42
396,2,792,309,483,0,0,0,1.0,1,1.0,1,1.0,1,0.3362284117150863,39
397,3,795,311,484,0,0,0,1.0,1,1.0,1,1.0,1,0.44853707527069214,39
398,0,795,311,484,0,0,0,1.0,1,1.0,1,1.0,1,0.436345911366427,36
399,0,795,311,484,0,0,0,1.0,1,1.0,1,1.0,1,0.436345911366427,36
400,3,798,313,485,0,0,0,1.0,1,1.0,1,1.0,1,0.4154217842471295,34
401,3,801,314,487,0,0,0,1.0,1,1.0,1,1.0,1,0.3690536039948608,33
402,1,802,314,488,0,0,0,1.0,1,1.0,1,1.0,1,0.3355107782074401,34
403,1,803,314,489,0,0,0,1.0,1,1.0,1,1.0,1,0.3165044548790017,36
404,3,806,316,490,0,0,0,1.0,1,1.0,1,1.0,1,0.2953370918460701,36
405,0,806,316,490,0,0,0,1.0,1,1.0,1,1.0,1,0.29098933671688526,37
406,0,806,316,490,0,0,0,1.0,1,1.0,1,1.0,1,0.29098933671688526,37
407,3,809,316,493,0,0,0,1.0,1,1.0,1,1.0,1,0.25310901623756454,39
408,5,814,318,496,0,0,0,1.0,1,1.0,1,1.0,1,0.29411596250400707,40
409,5,819,318,501,0,0,0,1.0,1,1.0,1,1.0,1,0.2987820505371286,41
410,7,826,320,506,0,0,0,1.0,1,1.0,1,1.0,1,0.35274429924102585,42
411,6,832,320,512,0,0,0,1.0,1,1.0,1,1.0,1,0.3637639800019207,43
412,6,838,321,517,0,0,0,1.0,1,1.0,1,1.0,1,0.3850836994941113,44
413,9,847,321,526,0,0,0,1.0,1,1.0,1,1.0,1,0.35723894880840495,44
414,8,855,321,534,0,0,0,1.0,1,1.0,1,1.0,1,0.3650487868684886,45
415,4,859,321,538,0,0,0,1.0,1,1.0,1,1.0,1,0.34208119192124575,45
416,7,866,321,545,0,0,0,1.0,1,1.0,1,1.0,1,0.3234196413318955,46
417,12,878,323,555,0,0,0,1.0,1,1.0,1,1.0,1,0.31523089471876603,46
418,8,886,323,563,0,0,0,1.0,1,1.0,1,1.0,1,0.29248386301406926,47
419,3,889,323,566,0,0,0,1.0,1,1.0,1,1.0,1,0.3004190808580788,47
420,5,894,323,571,0,0,0,1.0,1,1.0,1,1.0,1,0.3237963817332253,47
421,3,897,323,574,0,0,0,1.0,1,1.0,1,1.0,1,0.25141403766305265,47
422,4,901,324,577,0,0,0,1.0,1,1.0,1,1.0,1,0.23813832544583183,49
423,1,902,324,578,0,0,0,1.0,1,1.0,1,1.0,1,0.23251682708705929,47
424,2,904,324,580,0,0,0,1.0,1,1.0,1,1.0,1,0.20590833720787916,45
425,2,906,324,582,0,0,0,1.0,1,1.0,1,1.0,1,0.20466869694400636,46
426,0,906,324,582,0,0,0,1.0,1,1.0,1,1.0,1,0.2216974969625788,46
427,1,907,325,582,0,0,0,1.0,1,1.0,1,1.0,1,0.21913143131797425,45
428,3,910,327,583,0,0,0,1.0,1,1.0,1,1.0,1,0.1993617127666648,45
429,4,914,329,585,0,0,0,1.0,1,1.0,1,1.0,1,0.17402524303849148,42
430,2,916,330,586,0,0,0,1.0,1,1.0,1,1.0,1,0.19796086232134388,40
431,3,919,333,586,0,0,0,1.0,1,1.0,1,1.0,1,0.2513159365735851,39
432,2,921,335,586,0,0,0,1.0,1,1.0,1,1.0,1,0.31940713017775635,37
433,2,923,337,586,0,0,0,1.0,1,1.0,1,1.0,1,0.3100200182277517,35
434,1,924,338,586,0,0,0,1.0,1,1.0,1,1.0,1,0.32750079904474705,33
435,1,925,338,587,0,0,0,1.0,1,1.0,1,1.0,1,0.30703161261554307,33
436,1,926,338,588,0,0,0,1.0,1,1.0,1,1.0,1,0.29687188612983484,33
437,0,926,338,588,0,0,0,1.0,1,1.0,1,1.0,1,0.2923602507278458,33
438,0,926,338,588,0,0,0,1.0,1,1.0,1,1.0,1,0.31156936361771514,32
439,1,927,339,588,0,0,0,1.0,1,1.0,1,1.0,1,0.2610239742803489,34
440,1,928,340,588,0,0,0,1.0,1,1.0,1,1.0,1,0.2748825025725641,34
441,3,931,342,589,0,0,0,1.0,1,1.0,1,1.0,1,0.29633681342991525,35
442,3,934,344,590,0,0,0,1.0,1,1.0,1,1.0,1,0.2806985338546352,37
443,6,940,347,593,0,0,0,1.0,1,1.0,1,1.0,1,0.2640887004532643,37
444,0,940,347,593,0,0,0,1.0,1,1.0,1,1.0,1,0.2678373568009978,38
445,3,943,348,595,0,0,0,1.0,1,1.0,1,1.0,1,0.2475636090341997,39
446,1,944,348,596,0,0,0,1.0,1,1.0,1,1.0,1,0.24937354001739853,39
447,2,946,348,598,0,0,0,1.0,1,1.0,1,1.0,1,0.25634993374493786,41
448,3,949,348,601,0,0,0,1.0,1,1.0,1,1.0,1,0.26315162367450096,41
449,4,953,348,605,0,0,0,1.0,1,1.0,1,1.0,1,0.2743377685310767,40
450,5,958,349,609,0,0,0,1.0,1,1.0,1,1.0,1,0.2874546247595579,40
451,4,962,349,613,0,0,0,1.0,1,1.0,1,1.0,1,0.3040498499073226,41
452,2,964,349,615,0,0,0,1.0,1,1.0,1,1.0,1,0.3040498499073226,41
453,1,965,350,615,0,0,0,1.0,1,1.0,1,1.0,1,0.30107527801811473,40
454,2,967,350,617,0,0,0,1.0,1,1.0,1,1.0,1,0.30768975246531993,41
455,6,973,353,620,0,0,0,1.0,1,1.0,1,1.0,1,0.29242670534006476,41
456,0,973,353,620,0,0,0,1.0,1,1.0,1,1.0,1,0.317238673465917,43
457,3,976,354,622,0,0,0,1.0,1,1.0,1,1.0,1,0.3161318739908747,43
458,1,977,355,622,0,0,0,1.0,1,1.0,1,1.0,1,0.3101581656257793,43
459,0,977,355,622,0,0,0,1.0,1,1.0,1,1.0,1,0.299060689116879,44
460,4,981,355,626,0,0,0,1.0,1,1.0,1,1.0,1,0.22319690431877867,47
461,5,986,355,631,0,0,0,1.0,1,1.0,1,1.0,1,0.11957390501106202,48
462,1,987,356,631,0,0,0,1.0,1,1.0,1,1.0,1,0.14045300070568006,49
463,0,987,356,631,0,0,0,1.0,1,1.0,1,1.0,1,0.12127351990999723,47
464,3,990,359,631,0,0,0,1.0,1,1.0,1,1.0,1,0.1434403966287896,48
465,2,992,361,631,0,0,0,1.0,1,1.0,1,1.0,1,0.11053415528475563,47
466,3,995,364,631,0,0,0,1.0,1,1.0,1,1.0,1,0.16249579008894288,46
467,3,998,366,632,0,0,0,1.0,1,1.0,1,1.0,1,0.15810254454998124,44
468,1,999,367,632,0,0,0,1.0,1,1.0,1,1.0,1,0.09830706840313604,41
469,2,1001,368,633,0,0,0,1.0,1,1.0,1,1.0,1,0.07954230138756309,40
470,2,1003,370,633,0,0,0,1.0,1,1.0,1,1.0,1,0.16287437160909016,39
471,2,1005,372,633,0,0,0,1.0,1,1.0,1,1.0,1,0.16865307931217685,38
472,5,1010,376,634,0,0,0,1.0,1,1.0,1,1.0,1,0.19533473005681942,36
473,5,1015,379,636,0,0,0,1.0,1,1.0,1,1.0,1,0.2609445273158257,36
474,3,1018,381,637,0,0,0,1.0,1,1.0,1,1.0,1,0.2374781753333629,34
475,2,1020,382,638,0,0,0,1.0,1,1.0,1,1.0,1,0.2385226076707369,34
476,0,1020,382,638,0,0,0,1.0,1,1.0,1,1.0,1,0.2542047322836686,32
477,0,1020,382,638,0,0,0,1.0,1,1.0,1,1.0,1,0.258693132499368,32
478,0,1020,382,638,0,0,0,1.0,1,1.0,1,1.0,1,0.2533824419287549,30
479,0,1020,382,638,0,0,0,1.0,1,1.0,1,1.0,1,0.25790659442923924,31
480,0,1020,382,638,0,0,0,1.0,1,1.0,1,1.0,1,0.3148042538217068,27
481,3,1023,383,640,0,0,0,1.0,1,1.0,1,1.0,1,0.3024799081050564,28
482,1,1024,384,640,0,0,0,1.0,1,1.0,1,1.0,1,0.30741778432628614,28
483,1,1025,385,640,0,0,0,1.0,1,1.0,1,1.0,1,0.30887713827192687,29
484,2,1027,386,641,0,0,0,1.0,1,1.0,1,1.0,1,0.2811416520152666,29
485,0,1027,386,641,0,0,0,1.0,1,1.0,1,1.0,1,0.2811416520152666,29
486,3,1030,387,643,0,0,0,1.0,1,1.0,1,1.0,1,0.3063919960081808,31
487,1,1031,387,644,0,0,0,1.0,1,1.0,1,1.0,1,0.2896182094289875,33
488,0,1031,387,644,0,0,0,1.0,1,1.0,1,1.0,1,0.29494103726301496,34
489,5,1036,389,647,0,0,0,1.0,1,1.0,1,1.0,1,0.27556819973543434,34
490,0,1036,389,647,0,0,0,1.0,1,1.0,1,1.0,1,0.27556819973543434,34
491,1,1037,390,647,0,0,0,1.0,1,1.0,1,1.0,1,0.3009275480035653,34
492,2,1039,390,649,0,0,0,1.0,1,1.0,1,1.0,1,0.2843946342988107,34
493,1,1040,391,649,0,0,0,1.0,1,1.0,1,1.0,1,0.3040971437512869,34
494,1,1041,392,649,0,0,0,1.0,1,1.0,1,1.0,1,0.33361501267800464,36
495,1,1042,393,649,0,0,0,1.0,1,1.0,1,1.0,1,0.32354881009757824,36
496,0,1042,393,649,0,0,0,1.0,1,1.0,1,1.0,1,0.3044087213036177,37
497,1,1043,393,650,0,0,0,1.0,1,1.0,1,1.0,1,0.2774233928040233,39
498,3,1046,394,652,0,0,0,1.0,1,1.0,1,1.0,1,0.2903627584174668,40
499,2,1048,395,653,0,0,0,1.0,1,1.0,1,1.0,1,0.28638373993721794,40
500,5,1053,397,656,0,0,0,1.0,1,1.0,1,1.0,1,0.2512688397999416,42
501,2,1055,397,658,0,0,0,1.0,1,1.0,1,1.0,1,0.20045042644658662,42
502,3,1058,399,659,0,0,0,1.0,1,1.0,1,1.0,1,0.22210461189961775,42
503,1,1059,400,659,0,0,0,1.0,1,1.0,1,1.0,1,0.2105934183082713,41
504,2,1061,401,660,0,0,0,1.0,1,1.0,1,1.0,1,0.25684748583673506,42
505,0,1061,401,660,0,0,0,1.0,1,1.0,1,1.0,1,0.22291191842328878,38
506,1,1062,402,660,0,0,0,1.0,1,1.0,1,1.0,1,0.26480925482492285,37
507,0,1062,402,660,0,0,0,1.0,1,1.0,1,1.0,1,0.2726319836405725,35
508,4,1066,405,661,0,0,0,1.0,1,1.0,1,1.0,1,0.3786239038222421,35
509,0,1066,405,661,0,0,0,1.0,1,1.0,1,1.0,1,0.35978073267614596,34
510,1,1067,406,661,0,0,0,1.0,1,1.0,1,1.0,1,0.41586377314443035,34
511,2,1069,408,661,0,0,0,1.0,1,1.0,1,1.0,1,0.43122046877487635,32
512,4,1073,409,664,0,0,0,1.0,1,1.0,1,1.0,1,0.391840902423936,30
513,0,1073,409,664,0,0,0,1.0,1,1.0,1,1.0,1,0.39441067910736133,31
514,0,1073,409,664,0,0,0,1.0,1,1.0,1,1.0,1,0.39441067910736133,31
515,2,1075,409,666,0,0,0,1.0,1,1.0,1,1.0,1,0.3917287672754969,32
516,0,1075,409,666,0,0,0,1.0,1,1.0,1,1.0,1,0.37803529784461565,31
517,2,1077,410,667,0,0,0,1.0,1,1.0,1,1.0,1,0.40457127696881123,32
518,0,1077,410,667,0,0,0,1.0,1,1.0,1,1.0,1,0.3983910512822722,31
519,1,1078,411,667,0,0,0,1.0,1,1.0,1,1.0,1,0.3833169351076059,31
520,4,1082,413,669,0,0,0,1.0,1,1.0,1,1.0,1,0.3455593941474856,33
521,4,1086,414,672,0,0,0,1.0,1,1.0,1,1.0,1,0.2582360915825384,34
522,1,1087,415,672,0,0,0,1.0,1,1.0,1,1.0,1,0.23861858307670247,34
523,2,1089,415,674,0,0,0,1.0,1,1.0,1,1.0,1,0.24469150315808785,33
524,1,1090,416,674,0,0,0,1.0,1,1.0,1,1.0,1,0.2726465698369022,34
525,0,1090,416,674,0,0,0,1.0,1,1.0,1,1.0,1,0.32218233866786117,32
526,0,1090,416,674,0,0,0,1.0,1,1.0,1,1.0,1,0.32218233866786117,32
527,1,1091,416,675,0,0,0,1.0,1,1.0,1,1.0,1,0.3656632182775054,31
528,3,1094,418,676,0,0,0,1.0,1,1.0,1,1.0,1,0.3789439036579487,31
529,0,1094,418,676,0,0,0,1.0,1,1.0,1,1.0,1,0.40376678423544604,30
530,0,1094,418,676,0,0,0,1.0,1,1.0,1,1.0,1,0.40376678423544604,30
531,2,1096,418,678,0,0,0,1.0,1,1.0,1,1.0,1,0.3781724729209627,32
532,3,1099,419,680,0,0,0,1.0,1,1.0,1,1.0,1,0.3922774767963835,32
533,6,1105,421,684,0,0,0,1.0,1,1.0,1,1.0,1,0.40929343780601607,34
534,4,1109,422,687,0,0,0,1.0,1,1.0,1,1.0,1,0.42054577372575136,34
535,4,1113,422,691,0,0,0,1.0,1,1.0,1,1.0,1,0.3823159543811484,37
536,1,1114,422,692,0,0,0,1.0,1,1.0,1,1.0,1,0.3968470408752577,37
537,3,1117,424,693,0,0,0,1.0,1,1.0,1,1.0,1,0.4535397527159828,37
538,5,1122,424,698,0,0,0,1.0,1,1.0,1,1.0,1,0.4300932946534008,38
539,1,1123,424,699,0,0,0,1.0,1,1.0,1,1.0,1,0.4453789571635144,38
540,5,1128,424,704,0,0,0,1.0,1,1.0,1,1.0,1,0.4174490165675322,38
541,4,1132,424,708,0,0,0,1.0,1,1.0,1,1.0,1,0.3465586315468795,39
542,3,1135,425,710,0,0,0,1.0,1,1.0,1,1.0,1,0.2945434002443054,40
543,1,1136,426,710,0,0,0,1.0,1,1.0,1,1.0,1,0.32613156139173,37
544,3,1139,428,711,0,0,0,1.0,1,1.0,1,1.0,1,0.35477051239425017,35
545,1,1140,428,712,0,0,0,1.0,1,1.0,1,1.0,1,0.2906173495987312,35
546,2,1142,430,712,0,0,0,1.0,1,1.0,1,1.0,1,0.3117391424250844,35
547,1,1143,431,712,0,0,0,1.0,1,1.0,1,1.0,1,0.2888194118314395,34
548,2,1145,433,712,0,0,0,1.0,1,1.0,1,1.0,1,0.3608117413398302,34
549,4,1149,436,713,0,0,0,1.0,1,1.0,1,1.0,1,0.4454879819924336,31
550,1,1150,436,714,0,0,0,1.0,1,1.0,1,1.0,1,0.4236224062269242,30
551,3,1153,439,714,0,0,0,1.0,1,1.0,1,1.0,1,0.5030748339611802,31
552,0,1153,439,714,0,0,0,1.0,1,1.0,1,1.0,1,0.47647470588993507,29
553,0,1153,439,714,0,0,0,1.0,1,1.0,1,1.0,1,0.45834696746842185,30
554,2,1155,439,716,0,0,0,1.0,1,1.0,1,1.0,1,0.42069690365827145,30
555,3,1158,439,719,0,0,0,1.0,1,1.0,1,1.0,1,0.37776182052143126,30
556,0,1158,439,719,0,0,0,1.0,1,1.0,1,1.0,1,0.38023345509325923,31
557,0,1158,439,719,0,0,0,1.0,1,1.0,1,1.0,1,0.4265408769834843,31
558,0,1158,439,719,0,0,0,1.0,1,1.0,1,1.0,1,0.4265408769834843,31
559,3,1161,440,721,0,0,0,1.0,1,1.0,1,1.0,1,0.41700900717040357,31
560,2,1163,440,723,0,0,0,1.0,1,1.0,1,1.0,1,0.39697066530187614,32
561,4,1167,441,726,0,0,0,1.0,1,1.0,1,1.0,1,0.31534433978756377,33
562,1,1168,442,726,0,0,0,1.0,1,1.0,1,1.0,1,0.3238184551363667,33
563,3,1171,443,728,0,0,0,1.0,1,1.0,1,1.0,1,0.28397237572406636,33
564,1,1172,443,729,0,0,0,1.0,1,1.0,1,1.0,1,0.2610714067056605,34
565,3,1175,444,731,0,0,0,1.0,1,1.0,1,1.0,1,0.1939117387867363,35
566,1,1176,444,732,0,0,0,1.0,1,1.0,1,1.0,1,0.1834782774147202,36
567,1,1177,445,732,0,0,0,1.0,1,1.0,1,1.0,1,0.2003315061838273,37
568,3,1180,447,733,0,0,0,1.0,1,1.0,1,1.0,1,0.17405171556118734,36
569,1,1181,448,733,0,0,0,1.0,1,1.0,1,1.0,1,0.1701360075404735,37
570,1,1182,448,734,0,0,0,1.0,1,1.0,1,1.0,1,0.2145221848296574,38
571,2,1184,449,735,0,0,0,1.0,1,1.0,1,1.0,1,0.18701809077310244,38
572,0,1184,449,735,0,0,0,1.0,1,1.0,1,1.0,1,0.19433789189673997,39
573,0,1184,449,735,0,0,0,1.0,1,1.0,1,1.0,1,0.19433789189673997,39
574,0,1184,449,735,0,0,0,1.0,1,1.0,1,1.0,1,0.20911898634159898,41
575,0,1184,449,735,0,0,0,1.0,1,1.0,1,1.0,1,0.20911898634159898,41
576,1,1185,449,736,0,0,0,1.0,1,1.0,1,1.0,1,0.20616679601629256,42
577,1,1186,449,737,0,0,0,1.0,1,1.0,1,1.0,1,0.23730079544242905,42
578,5,1191,450,741,0,0,0,1.0,1,1.0,1,1.0,1,0.2168681546012028,41
579,3,1194,450,744,0,0,0,1.0,1,1.0,1,1.0,1,0.19521079636167743,42
580,5,1199,452,747,0,0,0,1.0,1,1.0,1,1.0,1,0.2792385129942898,43
581,3,1202,453,749,0,0,0,1.0,1,1.0,1,1.0,1,0.2151840362962433,42
582,2,1204,454,750,0,0,0,1.0,1,1.0,1,1.0,1,0.19673421623786863,41
583,4,1208,458,750,0,0,0,1.0,1,1.0,1,1.0,1,0.23886278637414082,40
584,4,1212,459,753,0,0,0,1.0,1,1.0,1,1.0,1,0.21628726564437478,38
585,4,1216,462,754,0,0,0,1.0,1,1.0,1,1.0,1,0.24005398364954222,38
586,5,1221,466,755,0,0,0,1.0,1,1.0,1,1.0,1,0.2527359195264138,37
587,2,1223,467,756,0,0,0,1.0,1,1.0,1,1.0,1,0.30130134960336435,35
588,2,1225,469,756,0,0,0,1.0,1,1.0,1,1.0,1,0.2599486669866591,35
589,1,1226,469,757,0,0,0,1.0,1,1.0,1,1.0,1,0.28236034440255137,34
590,2,1228,471,757,0,0,0,1.0,1,1.0,1,1.0,1,0.2781065017251284,36
591,2,1230,472,758,0,0,0,1.0,1,1.0,1,1.0,1,0.26777093693370185,35
592,2,1232,474,758,0,0,0,1.0,1,1.0,1,1.0,1,0.3056929315342512,37
593,1,1233,475,758,0,0,0,1.0,1,1.0,1,1.0,1,0.3184969187328514,36
594,0,1233,475,758,0,0,0,1.0,1,1.0,1,1.0,1,0.2981415925186643,35
595,1,1234,476,758,0,0,0,1.0,1,1.0,1,1.0,1,0.2621353325630107,34
596,1,1235,477,758,0,0,0,1.0,1,1.0,1,1.0,1,0.2903222953396588,34
597,1,1236,478,758,0,0,0,1.0,1,1.0,1,1.0,1,0.2906250158238434,33
598,1,1237,478,759,0,0,0,1.0,1,1.0,1,1.0,1,0.294590721153684,33
599,3,1240,480,760,0,0,0,1.0,1,1.0,1,1.0,1,0.27653354955559406,33
600,1,1241,481,760,0,0,0,1.0,1,1.0,1,1.0,1,0.29830983653495613,33
601,2,1243,481,762,0,0,0,1.0,1,1.0,1,1.0,1,0.2817806810140323,34
602,1,1244,481,763,0,0,0,1.0,1,1.0,1,1.0,1,0.2505611299862467,35
603,0,1244,481,763,0,0,0,1.0,1,1.0,1,1.0,1,0.28567163239349047,35
604,0,1244,481,763,0,0,0,1.0,1,1.0,1,1.0,1,0.2803523139560352,35
605,0,1244,481,763,0,0,0,1.0,1,1.0,1,1.0,1,0.28530764644033885,35
606,1,1245,481,764,0,0,0,1.0,1,1.0,1,1.0,1,0.28229089639601346,35
607,1,1246,482,764,0,0,0,1.0,1,1.0,1,1.0,1,0.3117309673965398,35
608,1,1247,482,765,0,0,0,1.0,1,1.0,1,1.0,1,0.31426116341376475,36
609,1,1248,482,766,0,0,0,1.0,1,1.0,1,1.0,1,0.31698180362846146,37
610,1,1249,482,767,0,0,0,1.0,1,1.0,1,1.0,1,0.29055500246800725,37
611,2,1251,483,768,0,0,0,1.0,1,1.0,1,1.0,1,0.26558156404028493,39
612,3,1254,484,770,0,0,0,1.0,1,1.0,1,1.0,1,0.23534157020769017,39
613,1,1255,485,770,0,0,0,1.0,1,1.0,1,1.0,1,0.2551358502764684,39
614,4,1259,486,773,0,0,0,1.0,1,1.0,1,1.0,1,0.23574470701935785,39
615,2,1261,487,774,0,0,0,1.0,1,1.0,1,1.0,1,0.25222120092956096,39
616,2,1263,488,775,0,0,0,1.0,1,1.0,1,1.0,1,0.30358813988314115,38
617,3,1266,489,777,0,0,0,1.0,1,1.0,1,1.0,1,0.3129235637046214,39
618,5,1271,491,780,0,0,0,1.0,1,1.0,1,1.0,1,0.36463850991580965,40
619,4,1275,492,783,0,0,0,1.0,1,1.0,1,1.0,1,0.35165630812028265,39
620,4,1279,493,786,0,0,0,1.0,1,1.0,1,1.0,1,0.33355093171643424,38
621,9,1288,495,793,0,0,0,1.0,1,1.0,1,1.0,1,0.19207830974066845,38
622,1,1289,495,794,0,0,0,1.0,1,1.0,1,1.0,1,0.16635452823076027,38
623,4,1293,499,794,0,0,0,1.0,1,1.0,1,1.0,1,0.20191111976268805,37
624,4,1297,501,796,0,0,0,1.0,1,1.0,1,1.0,1,0.1682513401709393,33
625,0,1297,501,796,0,0,0,1.0,1,1.0,1,1.0,1,0.13502937346096805,32
626,2,1299,503,796,0,0,0,1.0,1,1.0,1,1.0,1,0.11558753586996474,31
627,1,1300,504,796,0,0,0,1.0,1,1.0,1,1.0,1,0.08719802821973592,30
628,4,1304,507,797,0,0,0,1.0,1,1.0,1,1.0,1,0.15083735199313567,32
629,3,1307,509,798,0,0,0,1.0,1,1.0,1,1.0,1,0.1686286148861497,29
630,3,1310,511,799,0,0,0,1.0,1,1.0,1,1.0,1,0.2815831517517721,29
631,1,1311,512,799,0,0,0,1.0,1,1.0,1,1.0,1,0.43094147842525615,25
632,0,1311,512,799,0,0,0,1.0,1,1.0,1,1.0,1,0.44249057982860013,24
633,1,1312,513,799,0,0,0,1.0,1,1.0,1,1.0,1,0.4111415630459309,23
634,1,1313,514,799,0,0,0,1.0,1,1.0,1,1.0,1,0.42985154413028226,23
635,1,1314,515,799,0,0,0,1.0,1,1.0,1,1.0,1,0.4717868052035081,22
636,1,1315,516,799,0,0,0,1.0,1,1.0,1,1.0,1,0.4468678395665481,22
637,1,1316,517,799,0,0,0,1.0,1,1.0,1,1.0,1,0.4062548249683159,23
638,1,1317,518,799,0,0,0,1.0,1,1.0,1,1.0,1,0.4303099662843581,23
639,0,1317,518,799,0,0,0,1.0,1,1.0,1,1.0,1,0.4228805321403276,24
640,1,1318,519,799,0,0,0,1.0,1,1.0,1,1.0,1,0.460434085719278,24
641,2,1320,519,801,0,0,0,1.0,1,1.0,1,1.0,1,0.41552398406985264,25
642,2,1322,519,803,0,0,0,1.0,1,1.0,1,1.0,1,0.32041932707520654,26
643,2,1324,519,805,0,0,0,1.0,1,1.0,1,1.0,1,0.23247543174931581,28
644,1,1325,520,805,0,0,0,1.0,1,1.0,1,1.0,1,0.2164130060813354,28
645,2,1327,522,805,0,0,0,1.0,1,1.0,1,1.0,1,0.2548097019088247,28
646,3,1330,522,808,0,0,0,1.0,1,1.0,1,1.0,1,0.2567529762774109,29
647,6,1336,524,812,0,0,0,1.0,1,1.0,1,1.0,1,0.3096938473916356,30
648,2,1338,524,814,0,0,0,1.0,1,1.0,1,1.0,1,0.3096938473916356,30
649,4,1342,526,816,0,0,0,1.0,1,1.0,1,1.0,1,0.32181417310700217,31
650,5,1347,527,820,0,0,0,1.0,1,1.0,1,1.0,1,0.3126607454346905,31
651,7,1354,528,826,0,0,0,1.0,1,1.0,1,1.0,1,0.25598867623799837,32
652,5,1359,529,830,0,0,0,1.0,1,1.0,1,1.0,1,0.2892874932993872,32
653,2,1361,529,832,0,0,0,1.0,1,1.0,1,1.0,1,0.27987065773429576,33
654,3,1364,529,835,0,0,0,1.0,1,1.0,1,1.0,1,0.2449721439268256,33
655,7,1371,531,840,0,0,0,1.0,1,1.0,1,1.0,1,0.24541110645610914,36
656,4,1375,531,844,0,0,0,1.0,1,1.0,1,1.0,1,0.24541110645610914,36
657,4,1379,532,847,0,0,0,1.0,1,1.0,1,1.0,1,0.23644245794521074,35
658,5,1384,534,850,0,0,0,1.0,1,1.0,1,1.0,1,0.2850169298075294,33
659,4,1388,535,853,0,0,0,1.0,1,1.0,1,1.0,1,0.28065445991849475,35
660,2,1390,536,854,0,0,0,1.0,1,1.0,1,1.0,1,0.30521354063587586,34
661,1,1391,536,855,0,0,0,1.0,1,1.0,1,1.0,1,0.29383847799847124,33
662,0,1391,536,855,0,0,0,1.0,1,1.0,1,1.0,1,0.31862717945743363,31
663,3,1394,537,857,0,0,0,1.0,1,1.0,1,1.0,1,0.2987115201870355,29
664,0,1394,537,857,0,0,0,1.0,1,1.0,1,1.0,1,0.3215429599175518,27
665,3,1397,538,859,0,0,0,1.0,1,1.0,1,1.0,1,0.225474360043561,27
666,3,1400,540,860,0,0,0,1.0,1,1.0,1,1.0,1,0.24987148032870277,28
667,3,1403,542,861,0,0,0,1.0,1,1.0,1,1.0,1,0.2922380294901542,26
668,1,1404,543,861,0,0,0,1.0,1,1.0,1,1.0,1,0.3223751292394934,26
669,2,1406,545,861,0,0,0,1.0,1,1.0,1,1.0,1,0.30745431890845026,25
670,0,1406,545,861,0,0,0,1.0,1,1.0,1,1.0,1,0.30272202406174187,24
671,0,1406,545,861,0,0,0,1.0,1,1.0,1,1.0,1,0.30272202406174187,24
672,2,1408,546,862,0,0,0,1.0,1,1.0,1,1.0,1,0.31519245735229445,25
673,0,1408,546,862,0,0,0,1.0,1,1.0,1,1.0,1,0.31519245735229445,25
674,1,1409,547,862,0,0,0,1.0,1,1.0,1,1.0,1,0.2978272694019781,25
675,1,1410,547,863,0,0,0,1.0,1,1.0,1,1.0,1,0.33897459945474934,26
676,3,1413,549,864,0,0,0,1.0,1,1.0,1,1.0,1,0.2504803388247343,27
677,0,1413,549,864,0,0,0,1.0,1,1.0,1,1.0,1,0.2674919193328659,28
678,2,1415,550,865,0,0,0,1.0,1,1.0,1,1.0,1,0.2902226585197205,28
679,3,1418,552,866,0,0,0,1.0,1,1.0,1,1.0,1,0.27526760010539164,30
680,0,1418,552,866,0,0,0,1.0,1,1.0,1,1.0,1,0.28573356838102804,29
681,2,1420,552,868,0,0,0,1.0,1,1.0,1,1.0,1,0.2053726663982202,29
682,1,1421,552,869,0,0,0,1.0,1,1.0,1,1.0,1,0.1658313351214611,30
683,0,1421,552,869,0,0,0,1.0,1,1.0,1,1.0,1,0.1658313351214611,30
684,1,1422,552,870,0,0,0,1.0,1,1.0,1,1.0,1,0.17560324558661747,31
685,0,1422,552,870,0,0,0,1.0,1,1.0,1,1.0,1,0.17303940262835857,30
686,3,1425,555,870,0,0,0,1.0,1,1.0,1,1.0,1,0.1999582875215411,30
687,2,1427,557,870,0,0,0,1.0,1,1.0,1,1.0,1,0.29689441171102515,30
688,1,1428,557,871,0,0,0,1.0,1,1.0,1,1.0,1,0.24852142880399766,31
689,2,1430,558,872,0,0,0,1.0,1,1.0,1,1.0,1,0.3020366861433474,32
690,1,1431,558,873,0,0,0,1.0,1,1.0,1,1.0,1,0.244779935827435,32
691,0,1431,558,873,0,0,0,1.0,1,1.0,1,1.0,1,0.244779935827435,32
692,3,1434,561,873,0,0,0,1.0,1,1.0,1,1.0,1,0.30104364735486894,32
693,4,1438,562,876,0,0,0,1.0,1,1.0,1,1.0,1,0.2682153686076739,34
694,1,1439,563,876,0,0,0,1.0,1,1.0,1,1.0,1,0.31812824159017716,36
695,1,1440,564,876,0,0,0,1.0,1,1.0,1,1.0,1,0.29579445744156146,34
696,1,1441,565,876,0,0,0,1.0,1,1.0,1,1.0,1,0.3267568864376845,33
697,0,1441,565,876,0,0,0,1.0,1,1.0,1,1.0,1,0.32826035723241764,33
698,2,1443,566,877,0,0,0,1.0,1,1.0,1,1.0,1,0.31705045731966847,34
699,1,1444,567,877,0,0,0,1.0,1,1.0,1,1.0,1,0.3955730568813597,33
700,3,1447,569,878,0,0,0,1.0,1,1.0,1,1.0,1,0.339567178879704,32
701,5,1452,569,883,0,0,0,1.0,1,1.0,1,1.0,1,0.23167880568158786,33
702,6,1458,572,886,0,0,0,1.0,1,1.0,1,1.0,1,0.31884768053277057,34
703,0,1458,572,886,0,0,0,1.0,1,1.0,1,1.0,1,0.307648161340785,32
704,0,1458,572,886,0,0,0,1.0,1,1.0,1,1.0,1,0.2950467973577852,31
705,2,1460,574,886,0,0,0,1.0,1,1.0,1,1.0,1,0.2796058060430911,33
706,3,1463,577,886,0,0,0,1.0,1,1.0,1,1.0,1,0.3558777709451891,33
707,1,1464,578,886,0,0,0,1.0,1,1.0,1,1.0,1,0.3523424461192018,31
708,2,1466,580,886,0,0,0,1.0,1,1.0,1,1.0,1,0.4349979739169796,31
709,1,1467,581,886,0,0,0,1.0,1,1.0,1,1.0,1,0.43881674856016745,30
710,0,1467,581,886,0,0,0,1.0,1,1.0,1,1.0,1,0.43881674856016745,30
711,0,1467,581,886,0,0,0,1.0,1,1.0,1,1.0,1,0.43726435779386336,30
712,1,1468,581,887,0,0,0,1.0,1,1.0,1,1.0,1,0.41477452714767826,30
713,3,1471,581,890,0,0,0,1.0,1,1.0,1,1.0,1,0.3979535981414633,31
714,3,1474,582,892,0,0,0,1.0,1,1.0,1,1.0,1,0.38216066952423255,31
715,0,1474,582,892,0,0,0,1.0,1,1.0,1,1.0,1,0.39242386395759954,30
716,1,1475,583,892,0,0,0,1.0,1,1.0,1,1.0,1,0.386918644784341,31
717,1,1476,583,893,0,0,0,1.0,1,1.0,1,1.0,1,0.39222578395859903,32
718,2,1478,584,894,0,0,0,1.0,1,1.0,1,1.0,1,0.3738855046185238,32
719,1,1479,585,894,0,0,0,1.0,1,1.0,1,1.0,1,0.3684614028944543,32
720,0,1479,585,894,0,0,0,1.0,1,1.0,1,1.0,1,0.35980366769171734,34
721,3,1482,586,896,0,0,0,1.0,1,1.0,1,1.0,1,0.34004030867043433,34
722,0,1482,586,896,0,0,0,1.0,1,1.0,1,1.0,1,0.34004030867043433,34
723,1,1483,586,897,0,0,0,1.0,1,1.0,1,1.0,1,0.3257846130957097,35
724,1,1484,587,897,0,0,0,1.0,1,1.0,1,1.0,1,0.36192605101882624,36
725,4,1488,587,901,0,0,0,1.0,1,1.0,1,1.0,1,0.3141271402883253,37
726,1,1489,587,902,0,0,0,1.0,1,1.0,1,1.0,1,0.28993870850449643,37
727,0,1489,587,902,0,0,0,1.0,1,1.0,1,1.0,1,0.3053479748986566,38
728,1,1490,587,903,0,0,0,1.0,1,1.0,1,1.0,1,0.28330887063046917,39
729,0,1490,587,903,0,0,0,1.0,1,1.0,1,1.0,1,0.28330887063046917,39
730,0,1490,587,903,0,0,0,1.0,1,1.0,1,1.0,1,0.2887610443455713,40
731,0,1490,587,903,0,0,0,1.0,1,1.0,1,1.0,1,0.2887610443455713,40
732,1,1491,587,904,0,0,0,1.0,1,1.0,1,1.0,1,0.3014507208907879,41
733,1,1492,588,904,0,0,0,1.0,1,1.0,1,1.0,1,0.2878732280044924,41
734,1,1493,589,904,0,0,0,1.0,1,1.0,1,1.0,1,0.31990651118451574,42
735,0,1493,589,904,0,0,0,1.0,1,1.0,1,1.0,1,0.2889100526201398,42
736,1,1494,589,905,0,0,0,1.0,1,1.0,1,1.0,1,0.29560783932087875,41
737,1,1495,590,905,0,0,0,1.0,1,1.0,1,1.0,1,0.35102111731821756,41
738,3,1498,590,908,0,0,0,1.0,1,1.0,1,1.0,1,0.3213264464703595,39
739,2,1500,590,910,0,0,0,1.0,1,1.0,1,1.0,1,0.3213264464703595,39
740,2,1502,590,912,0,0,0,1.0,1,1.0,1,1.0,1,0.33693529194708455,39
741,1,1503,590,913,0,0,0,1.0,1,1.0,1,1.0,1,0.3081892387313342,38
742,2,1505,591,914,0,0,0,1.0,1,1.0,1,1.0,1,0.29072927112578206,39
743,3,1508,593,915,0,0,0,1.0,1,1.0,1,1.0,1,0.23580267660140214,39
744,3,1511,595,916,0,0,0,1.0,1,1.0,1,1.0,1,0.2016572456803549,39
745,2,1513,597,916,0,0,0,1.0,1,1.0,1,1.0,1,0.23237013540979837,39
746,2,1515,598,917,0,0,0,1.0,1,1.0,1,1.0,1,0.25895264687976766,40
747,5,1520,600,920,0,0,0,1.0,1,1.0,1,1.0,1,0.25152001438486077,41
748,1,1521,601,920,0,0,0,1.0,1,1.0,1,1.0,1,0.23571721756586753,41
749,2,1523,602,921,0,0,0,1.0,1,1.0,1,1.0,1,0.20805651463206248,41
750,3,1526,604,922,0,0,0,1.0,1,1.0,1,1.0,1,0.20789064113504754,39
751,1,1527,605,922,0,0,0,1.0,1,1.0,1,1.0,1,0.19666018425839546,41
752,4,1531,609,922,0,0,0,1.0,1,1.0,1,1.0,1,0.28948251735893366,41
753,4,1535,609,926,0,0,0,1.0,1,1.0,1,1.0,1,0.24120286458140897,41
754,8,1543,613,930,0,0,0,1.0,1,1.0,1,1.0,1,0.2741681242697583,41
755,0,1543,613,930,0,0,0,1.0,1,1.0,1,1.0,1,0.30113210649137445,41
756,0,1543,613,930,0,0,0,1.0,1,1.0,1,1.0,1,0.30113210649137445,41
757,1,1544,614,930,0,0,0,1.0,1,1.0,1,1.0,1,0.3475011408382611,39
758,0,1544,614,930,0,0,0,1.0,1,1.0,1,1.0,1,0.31768052543448316,39
759,0,1544,614,930,0,0,0,1.0,1,1.0,1,1.0,1,0.31852404293482656,39
760,3,1547,614,933,0,0,0,1.0,1,1.0,1,1.0,1,0.29131996248976244,40
761,4,1551,614,937,0,0,0,1.0,1,1.0,1,1.0,1,0.18782328541401394,41
762,1,1552,614,938,0,0,0,1.0,1,1.0,1,1.0,1,0.18619471561575096,42
763,0,1552,614,938,0,0,0,1.0,1,1.0,1,1.0,1,0.20362878070754867,43
764,1,1553,614,939,0,0,0,1.0,1,1.0,1,1.0,1,0.19997463749511937,43
765,1,1554,614,940,0,0,0,1.0,1,1.0,1,1.0,1,0.1529398196306269,45
766,1,1555,615,940,0,0,0,1.0,1,1.0,1,1.0,1,0.16324508564655918,45
767,1,1556,615,941,0,0,0,1.0,1,1.0,1,1.0,1,0.14936377996173314,46
768,0,1556,615,941,0,0,0,1.0,1,1.0,1,1.0,1,0.13823041790598098,45
769,0,1556,615,941,0,0,0,1.0,1,1.0,1,1.0,1,0.15497266508040244,46
770,0,1556,615,941,0,0,0,1.0,1,1.0,1,1.0,1,0.14897924376121607,47
771,3,1559,618,941,0,0,0,1.0,1,1.0,1,1.0,1,0.19949429211364889,47
772,0,1559,618,941,0,0,0,1.0,1,1.0,1,1.0,1,0.18784720683878584,46
773,2,1561,620,941,0,0,0,1.0,1,1.0,1,1.0,1,0.20975448366067265,45
774,0,1561,620,941,0,0,0,1.0,1,1.0,1,1.0,1,0.2407717323718716,45
775,1,1562,621,941,0,0,0,1.0,1,1.0,1,1.0,1,0.2709402609425198,45
776,0,1562,621,941,0,0,0,1.0,1,1.0,1,1.0,1,0.24634134674801617,43
777,0,1562,621,941,0,0,0,1.0,1,1.0,1,1.0,1,0.2477991484438437,44
778,2,1564,623,941,0,0,0,1.0,1,1.0,1,1.0,1,0.28531603139740264,45
779,1,1565,623,942,0,0,0,1.0,1,1.0,1,1.0,1,0.26642254160869006,45
780,6,1571,625,946,0,0,0,1.0,1,1.0,1,1.0,1,0.2785103925255853,45
781,3,1574,625,949,0,0,0,1.0,1,1.0,1,1.0,1,0.22469511983067686,46
782,1,1575,625,950,0,0,0,1.0,1,1.0,1,1.0,1,0.25424795924469334,47
783,1,1576,626,950,0,0,0,1.0,1,1.0,1,1.0,1,0.218179704846515,46
784,0,1576,626,950,0,0,0,1.0,1,1.0,1,1.0,1,0.22195883768289357,45
785,0,1576,626,950,0,0,0,1.0,1,1.0,1,1.0,1,0.2143083739376543,43
786,2,1578,627,951,0,0,0,1.0,1,1.0,1,1.0,1,0.17054300270825934,43
787,3,1581,629,952,0,0,0,1.0,1,1.0,1,1.0,1,0.14854800157362572,43
788,1,1582,630,952,0,0,0,1.0,1,1.0,1,1.0,1,0.16813879217376068,44
789,0,1582,630,952,0,0,0,1.0,1,1.0,1,1.0,1,0.15709478988942316,46
790,1,1583,631,952,0,0,0,1.0,1,1.0,1,1.0,1,0.16545630064499917,46
791,0,1583,631,952,0,0,0,1.0,1,1.0,1,1.0,1,0.19360457184139634,46
792,0,1583,631,952,0,0,0,1.0,1,1.0,1,1.0,1,0.20333802648840574,47
793,0,1583,631,952,0,0,0,1.0,1,1.0,1,1.0,1,0.2225012531403608,48
794,1,1584,632,952,0,0,0,1.0,1,1.0,1,1.0,1,0.2514864546084106,48
795,0,1584,632,952,0,0,0,1.0,1,1.0,1,1.0,1,0.24649398907862025,47
796,1,1585,633,952,0,0,0,1.0,1,1.0,1,1.0,1,0.3025587568776673,45
797,1,1586,633,953,0,0,0,1.0,1,1.0,1,1.0,1,0.3165683349865558,47
798,3,1589,635,954,0,0,0,1.0,1,1.0,1,1.0,1,0.31467222476525736,48
799,3,1592,636,956,0,0,0,1.0,1,1.0,1,1.0,1,0.2946169094828711,48
800,2,1594,638,956,0,0,0,1.0,1,1.0,1,1.0,1,0.31243776249552263,48
801,5,1599,640,959,0,0,0,1.0,1,1.0,1,1.0,1,0.25542170413191206,49
802,3,1602,642,960,0,0,0,1.0,1,1.0,1,1.0,1,0.2552817064407538,50
803,0,1602,642,960,0,0,0,1.0,1,1.0,1,1.0,1,0.2552817064407538,50
804,0,1602,642,960,0,0,0,1.0,1,1.0,1,1.0,1,0.2552817064407538,50
805,3,1605,643,962,0,0,0,1.0,1,1.0,1,1.0,1,0.2463270356206894,50
806,0,1605,643,962,0,0,0,1.0,1,1.0,1,1.0,1,0.23938132331541606,51
807,0,1605,643,962,0,0,0,1.0,1,1.0,1,1.0,1,0.23938132331541606,51
808,2,1607,643,964,0,0,0,1.0,1,1.0,1,1.0,1,0.1991938017115891,53
809,0,1607,643,964,0,0,0,1.0,1,1.0,1,1.0,1,0.19371068431434635,51
810,0,1607,643,964,0,0,0,1.0,1,1.0,1,1.0,1,0.20474389270365786,52
811,2,1609,644,965,0,0,0,1.0,1,1.0,1,1.0,1,0.21763460331167384,50
812,1,1610,644,966,0,0,0,1.0,1,1.0,1,1.0,1,0.2199871838202857,51
813,2,1612,646,966,0,0,0,1.0,1,1.0,1,1.0,1,0.2623044218337485,51
814,5,1617,648,969,0,0,0,1.0,1,1.0,1,1.0,1,0.29928266156498873,52
815,2,1619,649,970,0,0,0,1.0,1,1.0,1,1.0,1,0.3197892891813071,50
816,0,1619,649,970,0,0,0,1.0,1,1.0,1,1.0,1,0.3197892891813071,50
817,0,1619,649,970,0,0,0,1.0,1,1.0,1,1.0,1,0.3154720129655164,49
818,3,1622,650,972,0,0,0,1.0,1,1.0,1,1.0,1,0.27696458091752574,49
819,1,1623,650,973,0,0,0,1.0,1,1.0,1,1.0,1,0.2787962567906559,50
820,2,1625,650,975,0,0,0,1.0,1,1.0,1,1.0,1,0.30364684504027584,49
821,0,1625,650,975,0,0,0,1.0,1,1.0,1,1.0,1,0.3017380570450591,49
822,1,1626,650,976,0,0,0,1.0,1,1.0,1,1.0,1,0.2852477370431948,49
823,5,1631,652,979,0,0,0,1.0,1,1.0,1,1.0,1,0.2655524634885848,47
824,3,1634,654,980,0,0,0,1.0,1,1.0,1,1.0,1,0.25549354165151716,45
825,1,1635,654,981,0,0,0,1.0,1,1.0,1,1.0,1,0.2395890713221532,43
826,3,1638,656,982,0,0,0,1.0,1,1.0,1,1.0,1,0.24178632390406907,44
827,2,1640,658,982,0,0,0,1.0,1,1.0,1,1.0,1,0.2599363892150916,43
828,4,1644,660,984,0,0,0,1.0,1,1.0,1,1.0,1,0.2842895684263338,43
829,2,1646,661,985,0,0,0,1.0,1,1.0,1,1.0,1,0.2795669240512304,45
830,2,1648,661,987,0,0,0,1.0,1,1.0,1,1.0,1,0.3022804896831787,46
831,4,1652,662,990,0,0,0,1.0,1,1.0,1,1.0,1,0.2545781031043634,48
832,2,1654,663,991,0,0,0,1.0,1,1.0,1,1.0,1,0.2899481952731727,47
833,3,1657,664,993,0,0,0,1.0,1,1.0,1,1.0,1,0.2927981954527129,47
834,2,1659,665,994,0,0,0,1.0,1,1.0,1,1.0,1,0.27315586805316217,46
835,1,1660,665,995,0,0,0,1.0,1,1.0,1,1.0,1,0.29678570282244954,45
836,5,1665,667,998,0,0,0,1.0,1,1.0,1,1.0,1,0.2801015874888106,46
837,2,1667,667,1000,0,0,0,1.0,1,1.0,1,1.0,1,0.27998402196534183,46
838,0,1667,667,1000,0,0,0,1.0,1,1.0,1,1.0,1,0.27875930153010176,45
839,2,1669,667,1002,0,0,0,1.0,1,1.0,1,1.0,1,0.24695027863383254,46
840,1,1670,667,1003,0,0,0,1.0,1,1.0,1,1.0,1,0.22275913319635274,46
841,4,1674,667,1007,0,0,0,1.0,1,1.0,1,1.0,1,0.1849186476197887,46
842,3,1677,668,1009,0,0,0,1.0,1,1.0,1,1.0,1,0.1924147326089028,46
843,2,1679,668,1011,0,0,0,1.0,1,1.0,1,1.0,1,0.17143925776780966,46
844,3,1682,670,1012,0,0,0,1.0,1,1.0,1,1.0,1,0.21411366975080745,47
845,5,1687,671,1016,0,0,0,1.0,1,1.0,1,1.0,1,0.2336933622679929,48
846,3,1690,671,1019,0,0,0,1.0,1,1.0,1,1.0,1,0.2062717575898866,47
847,1,1691,671,1020,0,0,0,1.0,1,1.0,1,1.0,1,0.22936808414459578,48
848,1,1692,671,1021,0,0,0,1.0,1,1.0,1,1.0,1,0.22447537629975803,48
849,5,1697,673,1024,0,0,0,1.0,1,1.0,1,1.0,1,0.26312616387768784,48
850,1,1698,673,1025,0,0,0,1.0,1,1.0,1,1.0,1,0.2606040829989318,46
851,2,1700,673,1027,0,0,0,1.0,1,1.0,1,1.0,1,0.29065870335082006,45
852,3,1703,676,1027,0,0,0,1.0,1,1.0,1,1.0,1,0.2486788057635025,44
853,1,1704,677,1027,0,0,0,1.0,1,1.0,1,1.0,1,0.2550455186070261,44
854,2,1706,679,1027,0,0,0,1.0,1,1.0,1,1.0,1,0.28996343565136934,45
855,0,1706,679,1027,0,0,0,1.0,1,1.0,1,1.0,1,0.2774407288729274,46
856,2,1708,680,1028,0,0,0,1.0,1,1.0,1,1.0,1,0.27761320446029963,46
857,0,1708,680,1028,0,0,0,1.0,1,1.0,1,1.0,1,0.2708866648355969,47
858,2,1710,682,1028,0,0,0,1.0,1,1.0,1,1.0,1,0.28223363003065516,48
859,6,1716,683,1033,0,0,0,1.0,1,1.0,1,1.0,1,0.24646178423648493,48
860,2,1718,683,1035,0,0,0,1.0,1,1.0,1,1.0,1,0.27850315673549847,49
861,7,1725,684,1041,0,0,0,1.0,1,1.0,1,1.0,1,0.1860858485256768,49
862,1,1726,685,1041,0,0,0,1.0,1,1.0,1,1.0,1,0.18199762998783908,49
863,1,1727,686,1041,0,0,0,1.0,1,1.0,1,1.0,1,0.1875896145168821,48
864,1,1728,686,1042,0,0,0,1.0,1,1.0,1,1.0,1,0.17974473616581776,49
865,2,1730,686,1044,0,0,0,1.0,1,1.0,1,1.0,1,0.16974581265910518,48
866,1,1731,687,1044,0,0,0,1.0,1,1.0,1,1.0,1,0.14211002909947076,50
867,0,1731,687,1044,0,0,0,1.0,1,1.0,1,1.0,1,0.15446164644726088,50
868,2,1733,689,1044,0,0,0,1.0,1,1.0,1,1.0,1,0.1757917968811757,51
869,1,1734,690,1044,0,0,0,1.0,1,1.0,1,1.0,1,0.12749954214095596,49
870,0,1734,690,1044,0,0,0,1.0,1,1.0,1,1.0,1,0.12749954214095596,49
871,2,1736,692,1044,0,0,0,1.0,1,1.0,1,1.0,1,0.1509234652792139,49
872,2,1738,694,1044,0,0,0,1.0,1,1.0,1,1.0,1,0.15997804996695847,48
873,4,1742,697,1045,0,0,0,1.0,1,1.0,1,1.0,1,0.2608457930495222,49
874,1,1743,697,1046,0,0,0,1.0,1,1.0,1,1.0,1,0.24169971300627452,49
875,1,1744,698,1046,0,0,0,1.0,1,1.0,1,1.0,1,0.28213144712326155,50
876,4,1748,699,1049,0,0,0,1.0,1,1.0,1,1.0,1,0.26571418982823164,50
877,4,1752,701,1051,0,0,0,1.0,1,1.0,1,1.0,1,0.2657426250007626,50
878,2,1754,702,1052,0,0,0,1.0,1,1.0,1,1.0,1,0.24226044740108818,49
879,1,1755,703,1052,0,0,0,1.0,1,1.0,1,1.0,1,0.24743757519156415,49
880,1,1756,704,1052,0,0,0,1.0,1,1.0,1,1.0,1,0.2805566015134162,48
881,9,1765,706,1059,0,0,0,1.0,1,1.0,1,1.0,1,0.1875780536800656,49
882,2,1767,706,1061,0,0,0,1.0,1,1.0,1,1.0,1,0.1558645286000773,48
883,4,1771,706,1065,0,0,0,1.0,1,1.0,1,1.0,1,0.15894330108157567,50
884,2,1773,706,1067,0,0,0,1.0,1,1.0,1,1.0,1,0.19379918431998458,50
885,4,1777,706,1071,0,0,0,1.0,1,1.0,1,1.0,1,0.18207337805381302,49
886,2,1779,706,1073,0,0,0,1.0,1,1.0,1,1.0,1,0.17444588079008205,49
887,4,1783,706,1077,0,0,0,1.0,1,1.0,1,1.0,1,0.17412122127849503,49
888,2,1785,706,1079,0,0,0,1.0,1,1.0,1,1.0,1,0.22969779029582418,47
889,5,1790,707,1083,0,0,0,1.0,1,1.0,1,1.0,1,0.2378010706379833,46
890,4,1794,707,1087,0,0,0,1.0,1,1.0,1,1.0,1,0.2511222519936992,44
891,3,1797,708,1089,0,0,0,1.0,1,1.0,1,1.0,1,0.2770493519197801,45
892,4,1801,709,1092,0,0,0,1.0,1,1.0,1,1.0,1,0.2894237192669115,45
893,4,1805,709,1096,0,0,0,1.0,1,1.0,1,1.0,1,0.2894237192669115,45
894,2,1807,709,1098,0,0,0,1.0,1,1.0,1,1.0,1,0.27055969010813496,44
895,6,1813,711,1102,0,0,0,1.0,1,1.0,1,1.0,1,0.2773916166062941,45
896,6,1819,712,1107,0,0,0,1.0,1,1.0,1,1.0,1,0.28118155730540023,44
897,6,1825,712,1113,0,0,0,1.0,1,1.0,1,1.0,1,0.28118155730540023,44
898,2,1827,713,1114,0,0,0,1.0,1,1.0,1,1.0,1,0.2864850754493499,45
899,3,1830,713,1117,0,0,0,1.0,1,1.0,1,1.0,1,0.3145784527883981,44
900,4,1834,713,1121,0,0,0,1.0,1,1.0,1,1.0,1,0.305752891449355,46
901,4,1838,713,1125,0,0,0,1.0,1,1.0,1,1.0,1,0.26335727302819395,45
902,2,1840,715,1125,0,0,0,1.0,1,1.0,1,1.0,1,0.2660669815990309,45
903,3,1843,716,1127,0,0,0,1.0,1,1.0,1,1.0,1,0.29553877534529405,44
904,1,1844,717,1127,0,0,0,1.0,1,1.0,1,1.0,1,0.3168129295777391,45
905,3,1847,717,1130,0,0,0,1.0,1,1.0,1,1.0,1,0.3357692564006719,45
906,2,1849,717,1132,0,0,0,1.0,1,1.0,1,1.0,1,0.30483556071268997,45
907,1,1850,717,1133,0,0,0,1.0,1,1.0,1,1.0,1,0.2794234609242288,46
908,3,1853,719,1134,0,0,0,1.0,1,1.0,1,1.0,1,0.24201787094974123,46
909,4,1857,723,1134,0,0,0,1.0,1,1.0,1,1.0,1,0.23025174088743794,46
910,2,1859,723,1136,0,0,0,1.0,1,1.0,1,1.0,1,0.24048830761619402,44
911,1,1860,724,1136,0,0,0,1.0,1,1.0,1,1.0,1,0.23531130676935483,45
912,0,1860,724,1136,0,0,0,1.0,1,1.0,1,1.0,1,0.26106868063774047,44
913,4,1864,725,1139,0,0,0,1.0,1,1.0,1,1.0,1,0.21748334112650342,45
914,1,1865,726,1139,0,0,0,1.0,1,1.0,1,1.0,1,0.24022311229609183,45
915,2,1867,726,1141,0,0,0,1.0,1,1.0,1,1.0,1,0.23611614836253936,45
916,0,1867,726,1141,0,0,0,1.0,1,1.0,1,1.0,1,0.23611614836253936,45
917,2,1869,726,1143,0,0,0,1.0,1,1.0,1,1.0,1,0.22727607417228243,46
918,3,1872,728,1144,0,0,0,1.0,1,1.0,1,1.0,1,0.1983714068931469,47
919,2,1874,728,1146,0,0,0,1.0,1,1.0,1,1.0,1,0.2215202132116764,47
920,1,1875,728,1147,0,0,0,1.0,1,1.0,1,1.0,1,0.2132022639057479,47
921,7,1882,730,1152,0,0,0,1.0,1,1.0,1,1.0,1,0.148001138088816,49
922,3,1885,731,1154,0,0,0,1.0,1,1.0,1,1.0,1,0.13749320270900658,49
923,1,1886,732,1154,0,0,0,1.0,1,1.0,1,1.0,1,0.13881878998047967,47
924,2,1888,734,1154,0,0,0,1.0,1,1.0,1,1.0,1,0.1518814601427536,47
925,3,1891,735,1156,0,0,0,1.0,1,1.0,1,1.0,1,0.14814335188794397,47
926,5,1896,737,1159,0,0,0,1.0,1,1.0,1,1.0,1,0.23177617292048083,46
927,4,1900,738,1162,0,0,0,1.0,1,1.0,1,1.0,1,0.22705331548262514,45
928,1,1901,738,1163,0,0,0,1.0,1,1.0,1,1.0,1,0.2373535435564286,43
929,1,1902,738,1164,0,0,0,1.0,1,1.0,1,1.0,1,0.23650593754293156,42
930,3,1905,739,1166,0,0,0,1.0,1,1.0,1,1.0,1,0.25104478980060363,41
931,3,1908,740,1168,0,0,0,1.0,1,1.0,1,1.0,1,0.2669023628610148,40
932,3,1911,741,1170,0,0,0,1.0,1,1.0,1,1.0,1,0.20467125653594545,40
933,3,1914,744,1170,0,0,0,1.0,1,1.0,1,1.0,1,0.21891770960170645,39
934,1,1915,745,1170,0,0,0,1.0,1,1.0,1,1.0,1,0.2256635069309608,39
935,4,1919,747,1172,0,0,0,1.0,1,1.0,1,1.0,1,0.21668936547182016,41
936,0,1919,747,1172,0,0,0,1.0,1,1.0,1,1.0,1,0.19707834119404372,42
937,1,1920,748,1172,0,0,0,1.0,1,1.0,1,1.0,1,0.2236032747146698,43
938,0,1920,748,1172,0,0,0,1.0,1,1.0,1,1.0,1,0.24006813293134774,44
939,0,1920,748,1172,0,0,0,1.0,1,1.0,1,1.0,1,0.251773939110583,46
940,0,1920,748,1172,0,0,0,1.0,1,1.0,1,1.0,1,0.2531382130373985,46
941,3,1923,749,1174,0,0,0,1.0,1,1.0,1,1.0,1,0.2616844029559935,46
942,2,1925,751,1174,0,0,0,1.0,1,1.0,1,1.0,1,0.2907851208909815,46
943,3,1928,753,1175,0,0,0,1.0,1,1.0,1,1.0,1,0.2673898740379343,45
944,1,1929,754,1175,0,0,0,1.0,1,1.0,1,1.0,1,0.27591512015435365,45
945,5,1934,755,1179,0,0,0,1.0,1,1.0,1,1.0,1,0.1960111399184694,44
946,3,1937,757,1180,0,0,0,1.0,1,1.0,1,1.0,1,0.25081884130459997,46
947,1,1938,757,1181,0,0,0,1.0,1,1.0,1,1.0,1,0.2221787875664268,44
948,0,1938,757,1181,0,0,0,1.0,1,1.0,1,1.0,1,0.2221787875664268,44
949,1,1939,757,1182,0,0,0,1.0,1,1.0,1,1.0,1,0.23367874650659676,44
950,1,1940,757,1183,0,0,0,1.0,1,1.0,1,1.0,1,0.2525518730639247,43
951,0,1940,757,1183,0,0,0,1.0,1,1.0,1,1.0,1,0.2798257587910474,42
952,1,1941,758,1183,0,0,0,1.0,1,1.0,1,1.0,1,0.28870892329601316,42
953,0,1941,758,1183,0,0,0,1.0,1,1.0,1,1.0,1,0.27735682575335596,41
954,1,1942,759,1183,0,0,0,1.0,1,1.0,1,1.0,1,0.2799539696935706,40
955,0,1942,759,1183,0,0,0,1.0,1,1.0,1,1.0,1,0.27160815048886805,42
956,2,1944,761,1183,0,0,0,1.0,1,1.0,1,1.0,1,0.2810362098425434,43
957,0,1944,761,1183,0,0,0,1.0,1,1.0,1,1.0,1,0.2840547868478307,42
958,1,1945,761,1184,0,0,0,1.0,1,1.0,1,1.0,1,0.2878249950801469,43
959,3,1948,762,1186,0,0,0,1.0,1,1.0,1,1.0,1,0.29675909132894224,45
960,2,1950,764,1186,0,0,0,1.0,1,1.0,1,1.0,1,0.3335103924958704,47
961,4,1954,765,1189,0,0,0,1.0,1,1.0,1,1.0,1,0.3294320008936542,45
962,2,1956,767,1189,0,0,0,1.0,1,1.0,1,1.0,1,0.35798881882407874,45
963,4,1960,768,1192,0,0,0,1.0,1,1.0,1,1.0,1,0.3368809647544863,44
964,0,1960,768,1192,0,0,0,1.0,1,1.0,1,1.0,1,0.3292628302867202,44
965,3,1963,768,1195,0,0,0,1.0,1,1.0,1,1.0,1,0.27676890130891735,45
966,1,1964,768,1196,0,0,0,1.0,1,1.0,1,1.0,1,0.2521796964773445,43
967,1,1965,768,1197,0,0,0,1.0,1,1.0,1,1.0,1,0.2381457816640215,43
968,1,1966,768,1198,0,0,0,1.0,1,1.0,1,1.0,1,0.25938755934308494,43
969,2,1968,769,1199,0,0,0,1.0,1,1.0,1,1.0,1,0.31145243390652677,42
970,2,1970,770,1200,0,0,0,1.0,1,1.0,1,1.0,1,0.2883555196885549,42
971,0,1970,770,1200,0,0,0,1.0,1,1.0,1,1.0,1,0.2883555196885549,42
972,1,1971,771,1200,0,0,0,1.0,1,1.0,1,1.0,1,0.27503791861738386,42
973,0,1971,771,1200,0,0,0,1.0,1,1.0,1,1.0,1,0.28520683581838535,43
974,4,1975,773,1202,0,0,0,1.0,1,1.0,1,1.0,1,0.2959734564549483,43
975,0,1975,773,1202,0,0,0,1.0,1,1.0,1,1.0,1,0.2978393101883442,43
976,1,1976,773,1203,0,0,0,1.0,1,1.0,1,1.0,1,0.29920559769542604,45
977,1,1977,773,1204,0,0,0,1.0,1,1.0,1,1.0,1,0.3235592140105976,44
978,1,1978,773,1205,0,0,0,1.0,1,1.0,1,1.0,1,0.2907723608561948,44
979,2,1980,773,1207,0,0,0,1.0,1,1.0,1,1.0,1,0.29287477005394397,45
980,0,1980,773,1207,0,0,0,1.0,1,1.0,1,1.0,1,0.29287477005394397,45
981,1,1981,774,1207,0,0,0,1.0,1,1.0,1,1.0,1,0.2830964403294252,45
982,2,1983,776,1207,0,0,0,1.0,1,1.0,1,1.0,1,0.35209815049035914,46
983,6,1989,779,1210,0,0,0,1.0,1,1.0,1,1.0,1,0.36583669492252185,45
984,2,1991,780,1211,0,0,0,1.0,1,1.0,1,1.0,1,0.3555714808202194,45
985,6,1997,784,1213,0,0,0,1.0,1,1.0,1,1.0,1,0.38179835315646404,45
986,1,1998,785,1213,0,0,0,1.0,1,1.0,1,1.0,1,0.3902600131835044,44
987,2,2000,786,1214,0,0,0,1.0,1,1.0,1,1.0,1,0.4114929337425966,45
988,4,2004,788,1216,0,0,0,1.0,1,1.0,1,1.0,1,0.40088027228789047,44
989,1,2005,788,1217,0,0,0,1.0,1,1.0,1,1.0,1,0.38313681300954733,43
990,2,2007,789,1218,0,0,0,1.0,1,1.0,1,1.0,1,0.3646376554608565,42
991,0,2007,789,1218,0,0,0,1.0,1,1.0,1,1.0,1,0.3544669554218941,42
992,0,2007,789,1218,0,0,0,1.0,1,1.0,1,1.0,1,0.3408405680527737,43
993,1,2008,790,1218,0,0,0,1.0,1,1.0,1,1.0,1,0.36446664589590005,43
994,1,2009,791,1218,0,0,0,1.0,1,1.0,1,1.0,1,0.3990254729774432,43
995,0,2009,791,1218,0,0,0,1.0,1,1.0,1,1.0,1,0.3952031085076078,43
996,1,2010,791,1219,0,0,0,1.0,1,1.0,1,1.0,1,0.38907433878880654,44
997,2,2012,792,1220,0,0,0,1.0,1,1.0,1,1.0,1,0.3850984819255629,44
998,5,2017,792,1225,0,0,0,1.0,1,1.0,1,1.0,1,0.33569371012203153,45
999,0,2017,792,1225,0,0,0,1.0,1,1.0,1,1.0,1,0.34508576354514675,42
1000,0,2017,792,1225,0,0,0,1.0,1,1.0,1,1.0,1,0.3483642863467041,43
1001,1,2018,792,1226,0,0,0,1.0,1,1.0,1,1.0,1,0.32309276621362626,42
1002,2,2020,792,1228,0,0,0,1.0,1,1.0,1,1.0,1,0.27942192301389407,43
1003,0,2020,792,1228,0,0,0,1.0,1,1.0,1,1.0,1,0.27942192301389407,43
1004,0,2020,792,1228,0,0,0,1.0,1,1.0,1,1.0,1,0.27942192301389407,43
1005,0,2020,792,1228,0,0,0,1.0,1,1.0,1,1.0,1,0.28949994926420136,44
1006,1,2021,792,1229,0,0,0,1.0,1,1.0,1,1.0,1,0.2757715923791322,46
1007,1,2022,792,1230,0,0,0,1.0,1,1.0,1,1.0,1,0.2627966296655508,46
1008,0,2022,792,1230,0,0,0,1.0,1,1.0,1,1.0,1,0.27441633439566,47
1009,1,2023,792,1231,0,0,0,1.0,1,1.0,1,1.0,1,0.24793328727561342,48
1010,0,2023,792,1231,0,0,0,1.0,1,1.0,1,1.0,1,0.24793328727561342,48
1011,3,2026,793,1233,0,0,0,1.0,1,1.0,1,1.0,1,0.21869785595347846,48
1012,3,2029,795,1234,0,0,0,1.0,1,1.0,1,1.0,1,0.23835310597675463,49
1013,1,2030,795,1235,0,0,0,1.0,1,1.0,1,1.0,1,0.20793027431068353,50
1014,1,2031,796,1235,0,0,0,1.0,1,1.0,1,1.0,1,0.22206512131551612,50
1015,1,2032,796,1236,0,0,0,1.0,1,1.0,1,1.0,1,0.2288550595760538,51
1016,1,2033,797,1236,0,0,0,1.0,1,1.0,1,1.0,1,0.23785466250144882,51
1017,2,2035,797,1238,0,0,0,1.0,1,1.0,1,1.0,1,0.2103341945879157,52
1018,4,2039,798,1241,0,0,0,1.0,1,1.0,1,1.0,1,0.18761317074776165,52
1019,2,2041,798,1243,0,0,0,1.0,1,1.0,1,1.0,1,0.1839293199978397,52
1020,2,2043,799,1244,0,0,0,1.0,1,1.0,1,1.0,1,0.17200927557447254,53
1021,3,2046,799,1247,0,0,0,1.0,1,1.0,1,1.0,1,0.16362211424086906,53
1022,1,2047,799,1248,0,0,0,1.0,1,1.0,1,1.0,1,0.13565828972015476,54
1023,1,2048,800,1248,0,0,0,1.0,1,1.0,1,1.0,1,0.15338288135303238,55
1024,1,2049,800,1249,0,0,0,1.0,1,1.0,1,1.0,1,0.13803723165397347,55
1025,0,2049,800,1249,0,0,0,1.0,1,1.0,1,1.0,1,0.128495432373355,56
1026,1,2050,801,1249,0,0,0,1.0,1,1.0,1,1.0,1,0.1604567666141738,57
1027,0,2050,801,1249,0,0,0,1.0,1,1.0,1,1.0,1,0.17254481889144208,58
1028,2,2052,802,1250,0,0,0,1.0,1,1.0,1,1.0,1,0.18969576044923256,58
1029,2,2054,804,1250,0,0,0,1.0,1,1.0,1,1.0,1,0.20587584153394933,59
1030,0,2054,804,1250,0,0,0,1.0,1,1.0,1,1.0,1,0.21229167706134525,60
1031,3,2057,804,1253,0,0,0,1.0,1,1.0,1,1.0,1,0.18786295282621085,60
1032,0,2057,804,1253,0,0,0,1.0,1,1.0,1,1.0,1,0.19611694788173759,61
1033,0,2057,804,1253,0,0,0,1.0,1,1.0,1,1.0,1,0.18884915416077044,60
1034,4,2061,808,1253,0,0,0,1.0,1,1.0,1,1.0,1,0.23022687499599617,60
1035,2,2063,809,1254,0,0,0,1.0,1,1.0,1,1.0,1,0.2279270478882126,59
1036,7,2070,813,1257,0,0,0,1.0,1,1.0,1,1.0,1,0.23870760033522817,60
1037,6,2076,815,1261,0,0,0,1.0,1,1.0,1,1.0,1,0.23491121806714657,59
1038,5,2081,816,1265,0,0,0,1.0,1,1.0,1,1.0,1,0.24135335501886476,60
1039,3,2084,818,1266,0,0,0,1.0,1,1.0,1,1.0,1,0.25811808115654605,60
1040,5,2089,819,1270,0,0,0,1.0,1,1.0,1,1.0,1,0.2701168720446148,58
1041,4,2093,820,1273,0,0,0,1.0,1,1.0,1,1.0,1,0.21834445293017443,56
1042,1,2094,820,1274,0,0,0,1.0,1,1.0,1,1.0,1,0.21440570127601852,55
1043,1,2095,820,1275,0,0,0,1.0,1,1.0,1,1.0,1,0.2042215811711591,55
1044,1,2096,821,1275,0,0,0,1.0,1,1.0,1,1.0,1,0.19296614005332297,52
1045,2,2098,821,1277,0,0,0,1.0,1,1.0,1,1.0,1,0.16613303697590387,52
1046,1,2099,821,1278,0,0,0,1.0,1,1.0,1,1.0,1,0.16111887518278722,53
1047,0,2099,821,1278,0,0,0,1.0,1,1.0,1,1.0,1,0.15493250936409417,54
1048,2,2101,822,1279,0,0,0,1.0,1,1.0,1,1.0,1,0.1717366167735184,56
1049,2,2103,823,1280,0,0,0,1.0,1,1.0,1,1.0,1,0.18388832372834615,55
1050,2,2105,823,1282,0,0,0,1.0,1,1.0,1,1.0,1,0.17171737704606643,56
1051,1,2106,824,1282,0,0,0,1.0,1,1.0,1,1.0,1,0.15611196964915364,55
1052,1,2107,824,1283,0,0,0,1.0,1,1.0,1,1.0,1,0.15163121330358983,56
1053,2,2109,825,1284,0,0,0,1.0,1,1.0,1,1.0,1,0.15914479931496808,56
1054,2,2111,826,1285,0,0,0,1.0,1,1.0,1,1.0,1,0.16738463171717305,57
1055,2,2113,826,1287,0,0,0,1.0,1,1.0,1,1.0,1,0.17859152402418363,58
1056,1,2114,826,1288,0,0,0,1.0,1,1.0,1,1.0,1,0.15978176499899152,59
1057,2,2116,826,1290,0,0,0,1.0,1,1.0,1,1.0,1,0.17505101864615985,60
1058,3,2119,828,1291,0,0,0,1.0,1,1.0,1,1.0,1,0.2016861528764268,60
1059,1,2120,828,1292,0,0,0,1.0,1,1.0,1,1.0,1,0.18321084960365275,60
1060,3,2123,829,1294,0,0,0,1.0,1,1.0,1,1.0,1,0.21104433540309622,60
1061,9,2132,832,1300,0,0,0,1.0,1,1.0,1,1.0,1,0.1394835627422232,59
1062,3,2135,833,1302,0,0,0,1.0,1,1.0,1,1.0,1,0.1475123607833864,59
1063,1,2136,834,1302,0,0,0,1.0,1,1.0,1,1.0,1,0.14088937008319077,58
1064,2,2138,836,1302,0,0,0,1.0,1,1.0,1,1.0,1,0.2225430913697769,58
1065,4,2142,838,1304,0,0,0,1.0,1,1.0,1,1.0,1,0.19429358189362986,60
1066,2,2144,839,1305,0,0,0,1.0,1,1.0,1,1.0,1,0.2073558329386916,58
1067,2,2146,841,1305,0,0,0,1.0,1,1.0,1,1.0,1,0.23955305841339794,59
1068,1,2147,842,1305,0,0,0,1.0,1,1.0,1,1.0,1,0.24462298095573323,59
1069,1,2148,843,1305,0,0,0,1.0,1,1.0,1,1.0,1,0.27781654975882386,58
1070,2,2150,844,1306,0,0,0,1.0,1,1.0,1,1.0,1,0.26967919910257754,58
1071,1,2151,845,1306,0,0,0,1.0,1,1.0,1,1.0,1,0.27735154512259574,57
1072,0,2151,845,1306,0,0,0,1.0,1,1.0,1,1.0,1,0.269529544089983,56
1073,0,2151,845,1306,0,0,0,1.0,1,1.0,1,1.0,1,0.296555883958266,54
1074,2,2153,847,1306,0,0,0,1.0,1,1.0,1,1.0,1,0.3138022986706053,54
1075,4,2157,850,1307,0,0,0,1.0,1,1.0,1,1.0,1,0.27884944559709096,51
1076,1,2158,851,1307,0,0,0,1.0,1,1.0,1,1.0,1,0.29091064531193267,51
1077,1,2159,852,1307,0,0,0,1.0,1,1.0,1,1.0,1,0.3278260253120259,51
1078,4,2163,854,1309,0,0,0,1.0,1,1.0,1,1.0,1,0.3529841754637325,52
1079,6,2169,857,1312,0,0,0,1.0,1,1.0,1,1.0,1,0.3259699863723652,51
1080,2,2171,858,1313,0,0,0,1.0,1,1.0,1,1.0,1,0.30528152330030917,51
1081,6,2177,858,1319,0,0,0,1.0,1,1.0,1,1.0,1,0.23599285298377645,48
1082,1,2178,859,1319,0,0,0,1.0,1,1.0,1,1.0,1,0.25253009772009716,47
1083,1,2179,860,1319,0,0,0,1.0,1,1.0,1,1.0,1,0.28049806602093175,46
1084,0,2179,860,1319,0,0,0,1.0,1,1.0,1,1.0,1,0.269793786652172,45
1085,2,2181,861,1320,0,0,0,1.0,1,1.0,1,1.0,1,0.29759812673930414,46
1086,0,2181,861,1320,0,0,0,1.0,1,1.0,1,1.0,1,0.2877025608063218,45
1087,0,2181,861,1320,0,0,0,1.0,1,1.0,1,1.0,1,0.31013660538001037,44
1088,1,2182,862,1320,0,0,0,1.0,1,1.0,1,1.0,1,0.29350735904840003,45
1089,2,2184,864,1320,0,0,0,1.0,1,1.0,1,1.0,1,0.306999001654697,46
1090,0,2184,864,1320,0,0,0,1.0,1,1.0,1,1.0,1,0.30835461552966825,47
1091,1,2185,865,1320,0,0,0,1.0,1,1.0,1,1.0,1,0.3146921310192373,47
1092,0,2185,865,1320,0,0,0,1.0,1,1.0,1,1.0,1,0.3037659642697082,48
1093,2,2187,866,1321,0,0,0,1.0,1,1.0,1,1.0,1,0.30019117086692976,48
1094,3,2190,868,1322,0,0,0,1.0,1,1.0,1,1.0,1,0.31919033988790485,48
1095,3,2193,868,1325,0,0,0,1.0,1,1.0,1,1.0,1,0.29246647899229117,49
1096,3,2196,869,1327,0,0,0,1.0,1,1.0,1,1.0,1,0.2887764150770438,49
1097,4,2200,871,1329,0,0,0,1.0,1,1.0,1,1.0,1,0.2682383914949008,50
1098,1,2201,871,1330,0,0,0,1.0,1,1.0,1,1.0,1,0.26314691004245905,51
1099,3,2204,872,1332,0,0,0,1.0,1,1.0,1,1.0,1,0.23884970245827836,54
1100,6,2210,873,1337,0,0,0,1.0,1,1.0,1,1.0,1,0.20676920003079458,54
1101,4,2214,873,1341,0,0,0,1.0,1,1.0,1,1.0,1,0.16411286765430014,54
1102,1,2215,873,1342,0,0,0,1.0,1,1.0,1,1.0,1,0.1560279777189793,54
1103,2,2217,874,1343,0,0,0,1.0,1,1.0,1,1.0,1,0.17336878941368114,53
1104,1,2218,875,1343,0,0,0,1.0,1,1.0,1,1.0,1,0.1632119068106189,53
1105,1,2219,876,1343,0,0,0,1.0,1,1.0,1,1.0,1,0.19026990664384585,52
1106,2,2221,877,1344,0,0,0,1.0,1,1.0,1,1.0,1,0.2136647459183307,52
1107,1,2222,878,1344,0,0,0,1.0,1,1.0,1,1.0,1,0.2559264469908083,52
1108,2,2224,880,1344,0,0,0,1.0,1,1.0,1,1.0,1,0.2579769652091727,51
1109,3,2227,883,1344,0,0,0,1.0,1,1.0,1,1.0,1,0.28437498570060543,49
1110,1,2228,884,1344,0,0,0,1.0,1,1.0,1,1.0,1,0.30579899911745195,48
1111,7,2235,888,1347,0,0,0,1.0,1,1.0,1,1.0,1,0.329852716034422,47
1112,3,2238,889,1349,0,0,0,1.0,1,1.0,1,1.0,1,0.3608692683141754,46
1113,1,2239,890,1349,0,0,0,1.0,1,1.0,1,1.0,1,0.36808512012812067,43
1114,0,2239,890,1349,0,0,0,1.0,1,1.0,1,1.0,1,0.37593963936195823,41
1115,2,2241,891,1350,0,0,0,1.0,1,1.0,1,1.0,1,0.3588246682426611,40
1116,1,2242,891,1351,0,0,0,1.0,1,1.0,1,1.0,1,0.3302534998046412,39
1117,2,2244,893,1351,0,0,0,1.0,1,1.0,1,1.0,1,0.3249073829809815,40
1118,1,2245,894,1351,0,0,0,1.0,1,1.0,1,1.0,1,0.3077177046431029,40
1119,0,2245,894,1351,0,0,0,1.0,1,1.0,1,1.0,1,0.3077177046431029,40
1120,0,2245,894,1351,0,0,0,1.0,1,1.0,1,1.0,1,0.3077177046431029,40
1121,7,2252,894,1358,0,0,0,1.0,1,1.0,1,1.0,1,0.22040381066378112,40
1122,0,2252,894,1358,0,0,0,1.0,1,1.0,1,1.0,1,0.21522648290077392,41
1123,2,2254,896,1358,0,0,0,1.0,1,1.0,1,1.0,1,0.25912244099115234,41
1124,2,2256,897,1359,0,0,0,1.0,1,1.0,1,1.0,1,0.22451556379879112,41
1125,5,2261,899,1362,0,0,0,1.0,1,1.0,1,1.0,1,0.3043799721352786,41
1126,2,2263,900,1363,0,0,0,1.0,1,1.0,1,1.0,1,0.29950066383807145,41
1127,4,2267,900,1367,0,0,0,1.0,1,1.0,1,1.0,1,0.2786907583786155,41
1128,4,2271,900,1371,0,0,0,1.0,1,1.0,1,1.0,1,0.25591690203686007,42
1129,7,2278,901,1377,0,0,0,1.0,1,1.0,1,1.0,1,0.24673538498358683,42
1130,3,2281,901,1380,0,0,0,1.0,1,1.0,1,1.0,1,0.2045429666218762,42
1131,2,2283,901,1382,0,0,0,1.0,1,1.0,1,1.0,1,0.21109418843666408,42
1132,4,2287,901,1386,0,0,0,1.0,1,1.0,1,1.0,1,0.17696193282505018,43
1133,3,2290,901,1389,0,0,0,1.0,1,1.0,1,1.0,1,0.18156423834366953,45
1134,2,2292,901,1391,0,0,0,1.0,1,1.0,1,1.0,1,0.17066539226212393,46
1135,2,2294,901,1393,0,0,0,1.0,1,1.0,1,1.0,1,0.17743485295184608,45
1136,4,2298,901,1397,0,0,0,1.0,1,1.0,1,1.0,1,0.22234484163173737,48
1137,9,2307,901,1406,0,0,0,1.0,1,1.0,1,1.0,1,0.22088366679641014,49
1138,6,2313,901,1412,0,0,0,1.0,1,1.0,1,1.0,1,0.21787046115296232,49
1139,2,2315,901,1414,0,0,0,1.0,1,1.0,1,1.0,1,0.24817040549110078,49
1140,4,2319,902,1417,0,0,0,1.0,1,1.0,1,1.0,1,0.26908625386648405,49
1141,6,2325,903,1422,0,0,0,1.0,1,1.0,1,1.0,1,0.22722754207340673,48
1142,2,2327,904,1423,0,0,0,1.0,1,1.0,1,1.0,1,0.22987167072616246,48
1143,5,2332,906,1426,0,0,0,1.0,1,1.0,1,1.0,1,0.2136409034357142,48
1144,6,2338,907,1431,0,0,0,1.0,1,1.0,1,1.0,1,0.13314158220143194,48
1145,1,2339,908,1431,0,0,0,1.0,1,1.0,1,1.0,1,0.1757500702201659,48
1146,1,2340,909,1431,0,0,0,1.0,1,1.0,1,1.0,1,0.22163422311315667,48
1147,0,2340,909,1431,0,0,0,1.0,1,1.0,1,1.0,1,0.26320813422546246,46
1148,2,2342,911,1431,0,0,0,1.0,1,1.0,1,1.0,1,0.2724109137339222,46
1149,1,2343,912,1431,0,0,0,1.0,1,1.0,1,1.0,1,0.29757431530827266,45
1150,3,2346,914,1432,0,0,0,1.0,1,1.0,1,1.0,1,0.28476010434653914,46
1151,3,2349,917,1432,0,0,0,1.0,1,1.0,1,1.0,1,0.3397542859771165,44
1152,0,2349,917,1432,0,0,0,1.0,1,1.0,1,1.0,1,0.3141744156892731,44
1153,5,2354,919,1435,0,0,0,1.0,1,1.0,1,1.0,1,0.33048269183702217,43
1154,1,2355,920,1435,0,0,0,1.0,1,1.0,1,1.0,1,0.33373901626686253,43
1155,1,2356,921,1435,0,0,0,1.0,1,1.0,1,1.0,1,0.30150527212782496,43
1156,1,2357,921,1436,0,0,0,1.0,1,1.0,1,1.0,1,0.26751491918622905,42
1157,1,2358,922,1436,0,0,0,1.0,1,1.0,1,1.0,1,0.2760389577690031,42
1158,0,2358,922,1436,0,0,0,1.0,1,1.0,1,1.0,1,0.2697003955171691,41
1159,0,2358,922,1436,0,0,0,1.0,1,1.0,1,1.0,1,0.2703264262992167,41
1160,0,2358,922,1436,0,0,0,1.0,1,1.0,1,1.0,1,0.2703264262992167,41
1161,3,2361,922,1439,0,0,0,1.0,1,1.0,1,1.0,1,0.20712843931704628,42
1162,0,2361,922,1439,0,0,0,1.0,1,1.0,1,1.0,1,0.19838274658146007,43
1163,0,2361,922,1439,0,0,0,1.0,1,1.0,1,1.0,1,0.19838274658146007,43
1164,0,2361,922,1439,0,0,0,1.0,1,1.0,1,1.0,1,0.18558977566816584,44
1165,0,2361,922,1439,0,0,0,1.0,1,1.0,1,1.0,1,0.18558977566816584,44
1166,3,2364,923,1441,0,0,0,1.0,1,1.0,1,1.0,1,0.18951209614565578,46
1167,1,2365,924,1441,0,0,0,1.0,1,1.0,1,1.0,1,0.19532426813712817,46
1168,1,2366,924,1442,0,0,0,1.0,1,1.0,1,1.0,1,0.17976224578106081,47
1169,2,2368,926,1442,0,0,0,1.0,1,1.0,1,1.0,1,0.18781702632157032,46
1170,1,2369,926,1443,0,0,0,1.0,1,1.0,1,1.0,1,0.1713684811905297,48
1171,5,2374,928,1446,0,0,0,1.0,1,1.0,1,1.0,1,0.15723920118363155,49
1172,0,2374,928,1446,0,0,0,1.0,1,1.0,1,1.0,1,0.15723920118363155,49
1173,0,2374,928,1446,0,0,0,1.0,1,1.0,1,1.0,1,0.15723920118363155,49
1174,1,2375,929,1446,0,0,0,1.0,1,1.0,1,1.0,1,0.17516424959188853,49
1175,0,2375,929,1446,0,0,0,1.0,1,1.0,1,1.0,1,0.18431871704282218,50
1176,1,2376,929,1447,0,0,0,1.0,1,1.0,1,1.0,1,0.20363742646123192,52
1177,2,2378,931,1447,0,0,0,1.0,1,1.0,1,1.0,1,0.22353358693249623,52
1178,0,2378,931,1447,0,0,0,1.0,1,1.0,1,1.0,1,0.22353358693249623,52
1179,0,2378,931,1447,0,0,0,1.0,1,1.0,1,1.0,1,0.20669468608338543,53
1180,0,2378,931,1447,0,0,0,1.0,1,1.0,1,1.0,1,0.18997462604681695,54
1181,1,2379,931,1448,0,0,0,1.0,1,1.0,1,1.0,1,0.1944907907530854,55
1182,2,2381,933,1448,0,0,0,1.0,1,1.0,1,1.0,1,0.2060921124366912,55
1183,2,2383,935,1448,0,0,0,1.0,1,1.0,1,1.0,1,0.22859011608513705,53
1184,1,2384,936,1448,0,0,0,1.0,1,1.0,1,1.0,1,0.2353698295557516,54
1185,0,2384,936,1448,0,0,0,1.0,1,1.0,1,1.0,1,0.23572566664438263,53
1186,1,2385,937,1448,0,0,0,1.0,1,1.0,1,1.0,1,0.27747764978419176,54
1187,4,2389,938,1451,0,0,0,1.0,1,1.0,1,1.0,1,0.2839920373472084,55
1188,0,2389,938,1451,0,0,0,1.0,1,1.0,1,1.0,1,0.2839920373472084,55
1189,1,2390,938,1452,0,0,0,1.0,1,1.0,1,1.0,1,0.2584222193604643,54
1190,2,2392,939,1453,0,0,0,1.0,1,1.0,1,1.0,1,0.24927992326745071,55
1191,0,2392,939,1453,0,0,0,1.0,1,1.0,1,1.0,1,0.24050779433677005,54
1192,2,2394,940,1454,0,0,0,1.0,1,1.0,1,1.0,1,0.23786372252206242,52
1193,2,2396,940,1456,0,0,0,1.0,1,1.0,1,1.0,1,0.18100587204571855,53
1194,2,2398,941,1457,0,0,0,1.0,1,1.0,1,1.0,1,0.19045474266887333,53
1195,2,2400,943,1457,0,0,0,1.0,1,1.0,1,1.0,1,0.1648269206086444,54
1196,1,2401,944,1457,0,0,0,1.0,1,1.0,1,1.0,1,0.17306434392207587,56
1197,3,2404,947,1457,0,0,0,1.0,1,1.0,1,1.0,1,0.2175184984952075,56
1198,3,2407,948,1459,0,0,0,1.0,1,1.0,1,1.0,1,0.2134123983514136,58
1199,1,2408,949,1459,0,0,0,1.0,1,1.0,1,1.0,1,0.22396403774411403,58
1200,2,2410,949,1461,0,0,0,1.0,1,1.0,1,1.0,1,0.18255382235228176,58
1201,3,2413,950,1463,0,0,0,1.0,1,1.0,1,1.0,1,0.1660869431411137,58
1202,2,2415,951,1464,0,0,0,1.0,1,1.0,1,1.0,1,0.1593583114827183,60
1203,0,2415,951,1464,0,0,0,1.0,1,1.0,1,1.0,1,0.17283131661283593,58
1204,1,2416,952,1464,0,0,0,1.0,1,1.0,1,1.0,1,0.19335215189164448,59
1205,1,2417,953,1464,0,0,0,1.0,1,1.0,1,1.0,1,0.21247695625404248,59
1206,0,2417,953,1464,0,0,0,1.0,1,1.0,1,1.0,1,0.23215030809487824,58
1207,2,2419,953,1466,0,0,0,1.0,1,1.0,1,1.0,1,0.21414958800834186,60
1208,1,2420,953,1467,0,0,0,1.0,1,1.0,1,1.0,1,0.2090472692649903,60
1209,1,2421,953,1468,0,0,0,1.0,1,1.0,1,1.0,1,0.21493099122415035,61
1210,0,2421,953,1468,0,0,0,1.0,1,1.0,1,1.0,1,0.21493099122415035,61
1211,1,2422,954,1468,0,0,0,1.0,1,1.0,1,1.0,1,0.19086907583206542,63
1212,2,2424,955,1469,0,0,0,1.0,1,1.0,1,1.0,1,0.17351518628556972,63
1213,1,2425,956,1469,0,0,0,1.0,1,1.0,1,1.0,1,0.18523511318723399,63
1214,1,2426,957,1469,0,0,0,1.0,1,1.0,1,1.0,1,0.23601380443874265,62
1215,3,2429,957,1472,0,0,0,1.0,1,1.0,1,1.0,1,0.2149103202698009,63
1216,3,2432,957,1475,0,0,0,1.0,1,1.0,1,1.0,1,0.2127977457300685,64
1217,1,2433,957,1476,0,0,0,1.0,1,1.0,1,1.0,1,0.21746326939593907,65
1218,1,2434,958,1476,0,0,0,1.0,1,1.0,1,1.0,1,0.24128557217211308,64
1219,2,2436,958,1478,0,0,0,1.0,1,1.0,1,1.0,1,0.24546926834327787,65
1220,2,2438,959,1479,0,0,0,1.0,1,1.0,1,1.0,1,0.2678279816282217,64
1221,7,2445,961,1484,0,0,0,1.0,1,1.0,1,1.0,1,0.1887673891054257,65
1222,1,2446,962,1484,0,0,0,1.0,1,1.0,1,1.0,1,0.1940575796506604,66
1223,4,2450,963,1487,0,0,0,1.0,1,1.0,1,1.0,1,0.17957683761200943,64
1224,6,2456,965,1491,0,0,0,1.0,1,1.0,1,1.0,1,0.17407215490005243,66
1225,2,2458,966,1492,0,0,0,1.0,1,1.0,1,1.0,1,0.18821941608877338,66
1226,2,2460,967,1493,0,0,0,1.0,1,1.0,1,1.0,1,0.18639232297402514,68
1227,3,2463,969,1494,0,0,0,1.0,1,1.0,1,1.0,1,0.1765240512678639,64
1228,0,2463,969,1494,0,0,0,1.0,1,1.0,1,1.0,1,0.1908222106064378,62
1229,3,2466,971,1495,0,0,0,1.0,1,1.0,1,1.0,1,0.15517213911402028,61
1230,2,2468,972,1496,0,0,0,1.0,1,1.0,1,1.0,1,0.17809493940180543,58
1231,1,2469,973,1496,0,0,0,1.0,1,1.0,1,1.0,1,0.1905904757402243,57
1232,1,2470,974,1496,0,0,0,1.0,1,1.0,1,1.0,1,0.23038455417876497,53
1233,1,2471,975,1496,0,0,0,1.0,1,1.0,1,1.0,1,0.21332689515492417,53
1234,2,2473,975,1498,0,0,0,1.0,1,1.0,1,1.0,1,0.19172857120175343,54
1235,0,2473,975,1498,0,0,0,1.0,1,1.0,1,1.0,1,0.21202069968182605,55
1236,2,2475,977,1498,0,0,0,1.0,1,1.0,1,1.0,1,0.2526655977319471,55
1237,1,2476,977,1499,0,0,0,1.0,1,1.0,1,1.0,1,0.2433424895422288,55
1238,4,2480,978,1502,0,0,0,1.0,1,1.0,1,1.0,1,0.23923212532677637,54
1239,0,2480,978,1502,0,0,0,1.0,1,1.0,1,1.0,1,0.23233704327328714,55
1240,0,2480,978,1502,0,0,0,1.0,1,1.0,1,1.0,1,0.23233704327328714,55
1241,5,2485,978,1507,0,0,0,1.0,1,1.0,1,1.0,1,0.12274348429454623,54
1242,0,2485,978,1507,0,0,0,1.0,1,1.0,1,1.0,1,0.11576264585043616,54
1243,2,2487,980,1507,0,0,0,1.0,1,1.0,1,1.0,1,0.13165760221971154,55
1244,0,2487,980,1507,0,0,0,1.0,1,1.0,1,1.0,1,0.14205735094550181,55
1245,2,2489,982,1507,0,0,0,1.0,1,1.0,1,1.0,1,0.16815464323829074,55
1246,0,2489,982,1507,0,0,0,1.0,1,1.0,1,1.0,1,0.1917119816433897,55
1247,4,2493,984,1509,0,0,0,1.0,1,1.0,1,1.0,1,0.21449972531561076,57
1248,1,2494,984,1510,0,0,0,1.0,1,1.0,1,1.0,1,0.2243650725610282,56
1249,6,2500,988,1512,0,0,0,1.0,1,1.0,1,1.0,1,0.252134715746032,56
1250,5,2505,990,1515,0,0,0,1.0,1,1.0,1,1.0,1,0.26757230570637414,56
1251,3,2508,990,1518,0,0,0,1.0,1,1.0,1,1.0,1,0.2097784693037347,58
1252,1,2509,991,1518,0,0,0,1.0,1,1.0,1,1.0,1,0.22417248852508637,58
1253,2,2511,993,1518,0,0,0,1.0,1,1.0,1,1.0,1,0.23215441730228029,58
1254,0,2511,993,1518,0,0,0,1.0,1,1.0,1,1.0,1,0.20573744819768572,60
1255,1,2512,993,1519,0,0,0,1.0,1,1.0,1,1.0,1,0.21490383442994454,61
1256,2,2514,993,1521,0,0,0,1.0,1,1.0,1,1.0,1,0.22505934502576358,61
1257,4,2518,994,1524,0,0,0,1.0,1,1.0,1,1.0,1,0.21025296166476365,62
1258,1,2519,994,1525,0,0,0,1.0,1,1.0,1,1.0,1,0.19974912962367825,63
1259,0,2519,994,1525,0,0,0,1.0,1,1.0,1,1.0,1,0.19974912962367825,63
1260,2,2521,994,1527,0,0,0,1.0,1,1.0,1,1.0,1,0.18374169335296286,63
1261,3,2524,994,1530,0,0,0,1.0,1,1.0,1,1.0,1,0.1443639918649463,63
1262,3,2527,995,1532,0,0,0,1.0,1,1.0,1,1.0,1,0.14147168228352283,64
1263,3,2530,997,1533,0,0,0,1.0,1,1.0,1,1.0,1,0.17140465046766704,63
1264,3,2533,999,1534,0,0,0,1.0,1,1.0,1,1.0,1,0.19612835510487422,63
1265,2,2535,1001,1534,0,0,0,1.0,1,1.0,1,1.0,1,0.20050873795827845,60
1266,3,2538,1004,1534,0,0,0,1.0,1,1.0,1,1.0,1,0.2577335640593735,61
1267,1,2539,1004,1535,0,0,0,1.0,1,1.0,1,1.0,1,0.2515184723160701,58
1268,3,2542,1006,1536,0,0,0,1.0,1,1.0,1,1.0,1,0.2546132747215037,54
1269,1,2543,1006,1537,0,0,0,1.0,1,1.0,1,1.0,1,0.24130431254148357,54
1270,1,2544,1007,1537,0,0,0,1.0,1,1.0,1,1.0,1,0.2626753115739619,51
1271,0,2544,1007,1537,0,0,0,1.0,1,1.0,1,1.0,1,0.27173836835196524,50
1272,0,2544,1007,1537,0,0,0,1.0,1,1.0,1,1.0,1,0.27562054153667215,47
1273,0,2544,1007,1537,0,0,0,1.0,1,1.0,1,1.0,1,0.27562054153667215,47
1274,1,2545,1008,1537,0,0,0,1.0,1,1.0,1,1.0,1,0.3327700598072227,49
1275,1,2546,1009,1537,0,0,0,1.0,1,1.0,1,1.0,1,0.3626022907727941,48
1276,3,2549,1011,1538,0,0,0,1.0,1,1.0,1,1.0,1,0.3740816851881978,49
1277,4,2553,1014,1539,0,0,0,1.0,1,1.0,1,1.0,1,0.3783876135132095,50
1278,2,2555,1015,1540,0,0,0,1.0,1,1.0,1,1.0,1,0.37238611977364955,51
1279,0,2555,1015,1540,0,0,0,1.0,1,1.0,1,1.0,1,0.37238611977364955,51
1280,0,2555,1015,1540,0,0,0,1.0,1,1.0,1,1.0,1,0.3576735120726467,52
1281,7,2562,1015,1547,0,0,0,1.0,1,1.0,1,1.0,1,0.2518496598881747,52
1282,5,2567,1017,1550,0,0,0,1.0,1,1.0,1,1.0,1,0.2224054205410276,52
1283,1,2568,1018,1550,0,0,0,1.0,1,1.0,1,1.0,1,0.24494569866040605,52
1284,3,2571,1019,1552,0,0,0,1.0,1,1.0,1,1.0,1,0.2388958993772967,52
1285,0,2571,1019,1552,0,0,0,1.0,1,1.0,1,1.0,1,0.27058647078354847,51
1286,2,2573,1019,1554,0,0,0,1.0,1,1.0,1,1.0,1,0.26466199724779194,52
1287,2,2575,1019,1556,0,0,0,1.0,1,1.0,1,1.0,1,0.2418754331637923,54
1288,3,2578,1019,1559,0,0,0,1.0,1,1.0,1,1.0,1,0.22836504899218563,55
1289,3,2581,1019,1562,0,0,0,1.0,1,1.0,1,1.0,1,0.2095741573058948,56
1290,4,2585,1020,1565,0,0,0,1.0,1,1.0,1,1.0,1,0.182897039873732,57
1291,4,2589,1020,1569,0,0,0,1.0,1,1.0,1,1.0,1,0.20127818266196057,58
1292,3,2592,1020,1572,0,0,0,1.0,1,1.0,1,1.0,1,0.17319245547712644,59
1293,5,2597,1020,1577,0,0,0,1.0,1,1.0,1,1.0,1,0.17402340862261043,59
1294,6,2603,1020,1583,0,0,0,1.0,1,1.0,1,1.0,1,0.17402340862261043,59
1295,7,2610,1021,1589,0,0,0,1.0,1,1.0,1,1.0,1,0.1641285243810881,59
1296,5,2615,1021,1594,0,0,0,1.0,1,1.0,1,1.0,1,0.19625655124086028,59
1297,5,2620,1022,1598,0,0,0,1.0,1,1.0,1,1.0,1,0.1988556583407836,61
1298,4,2624,1022,1602,0,0,0,1.0,1,1.0,1,1.0,1,0.22371586883245884,61
1299,4,2628,1022,1606,0,0,0,1.0,1,1.0,1,1.0,1,0.21104636021470638,60
1300,1,2629,1022,1607,0,0,0,1.0,1,1.0,1,1.0,1,0.2150165730942012,59
1301,6,2635,1022,1613,0,0,0,1.0,1,1.0,1,1.0,1,0.14064472145882123,59
1302,3,2638,1025,1613,0,0,0,1.0,1,1.0,1,1.0,1,0.13064040186105103,59
1303,4,2642,1029,1613,0,0,0,1.0,1,1.0,1,1.0,1,0.2161467493238916,55
1304,2,2644,1031,1613,0,0,0,1.0,1,1.0,1,1.0,1,0.19650244627353655,56
1305,2,2646,1033,1613,0,0,0,1.0,1,1.0,1,1.0,1,0.21318343433491083,54
1306,2,2648,1034,1614,0,0,0,1.0,1,1.0,1,1.0,1,0.22603284823203795,53
1307,2,2650,1036,1614,0,0,0,1.0,1,1.0,1,1.0,1,0.2510615924910555,52
1308,5,2655,1040,1615,0,0,0,1.0,1,1.0,1,1.0,1,0.24479860910196952,52
1309,3,2658,1043,1615,0,0,0,1.0,1,1.0,1,1.0,1,0.25508668290964703,54
1310,3,2661,1044,1617,0,0,0,1.0,1,1.0,1,1.0,1,0.2597001847164727,52
1311,0,2661,1044,1617,0,0,0,1.0,1,1.0,1,1.0,1,0.2471512812320874,51
1312,2,2663,1046,1617,0,0,0,1.0,1,1.0,1,1.0,1,0.28411005374042625,49
1313,0,2663,1046,1617,0,0,0,1.0,1,1.0,1,1.0,1,0.2869189990957665,47
1314,0,2663,1046,1617,0,0,0,1.0,1,1.0,1,1.0,1,0.26956265358646314,46
1315,0,2663,1046,1617,0,0,0,1.0,1,1.0,1,1.0,1,0.29380999002806985,45
1316,3,2666,1049,1617,0,0,0,1.0,1,1.0,1,1.0,1,0.26821552454078473,46
1317,0,2666,1049,1617,0,0,0,1.0,1,1.0,1,1.0,1,0.2555593083903465,45
1318,2,2668,1051,1617,0,0,0,1.0,1,1.0,1,1.0,1,0.2684032412057772,46
1319,2,2670,1052,1618,0,0,0,1.0,1,1.0,1,1.0,1,0.23296637853019372,46
1320,1,2671,1053,1618,0,0,0,1.0,1,1.0,1,1.0,1,0.1947095219912246,46
1321,4,2675,1053,1622,0,0,0,1.0,1,1.0,1,1.0,1,0.13855076257679252,48
1322,1,2676,1053,1623,0,0,0,1.0,1,1.0,1,1.0,1,0.1426596607383316,49
1323,1,2677,1053,1624,0,0,0,1.0,1,1.0,1,1.0,1,0.16226651065112646,49
1324,0,2677,1053,1624,0,0,0,1.0,1,1.0,1,1.0,1,0.18255149721619954,50
1325,0,2677,1053,1624,0,0,0,1.0,1,1.0,1,1.0,1,0.1886688226694798,49
1326,2,2679,1054,1625,0,0,0,1.0,1,1.0,1,1.0,1,0.22847885003390322,50
1327,1,2680,1055,1625,0,0,0,1.0,1,1.0,1,1.0,1,0.259586459647773,50
1328,0,2680,1055,1625,0,0,0,1.0,1,1.0,1,1.0,1,0.2852138683906151,49
1329,0,2680,1055,1625,0,0,0,1.0,1,1.0,1,1.0,1,0.2794997934004971,50
1330,2,2682,1057,1625,0,0,0,1.0,1,1.0,1,1.0,1,0.24409434751582315,50
1331,1,2683,1058,1625,0,0,0,1.0,1,1.0,1,1.0,1,0.2727440588532617,50
1332,4,2687,1060,1627,0,0,0,1.0,1,1.0,1,1.0,1,0.2308787108053869,51
1333,2,2689,1060,1629,0,0,0,1.0,1,1.0,1,1.0,1,0.23349240493966952,52
1334,3,2692,1060,1632,0,0,0,1.0,1,1.0,1,1.0,1,0.23715900908816445,54
1335,2,2694,1060,1634,0,0,0,1.0,1,1.0,1,1.0,1,0.2393664813673441,54
1336,3,2697,1060,1637,0,0,0,1.0,1,1.0,1,1.0,1,0.22616091461763246,56
1337,9,2706,1063,1643,0,0,0,1.0,1,1.0,1,1.0,1,0.2396887083474395,57
1338,2,2708,1064,1644,0,0,0,1.0,1,1.0,1,1.0,1,0.25288972436876433,57
1339,2,2710,1066,1644,0,0,0,1.0,1,1.0,1,1.0,1,0.29984973667569054,58
1340,5,2715,1066,1649,0,0,0,1.0,1,1.0,1,1.0,1,0.2843100990084277,59
1341,3,2718,1066,1652,0,0,0,1.0,1,1.0,1,1.0,1,0.22887127871017143,57
1342,2,2720,1068,1652,0,0,0,1.0,1,1.0,1,1.0,1,0.20977793749845342,57
1343,1,2721,1069,1652,0,0,0,1.0,1,1.0,1,1.0,1,0.20280285531435321,55
1344,5,2726,1073,1653,0,0,0,1.0,1,1.0,1,1.0,1,0.18428614858055356,54
1345,0,2726,1073,1653,0,0,0,1.0,1,1.0,1,1.0,1,0.17714286498123863,53
1346,2,2728,1075,1653,0,0,0,1.0,1,1.0,1,1.0,1,0.22680638972520892,53
1347,1,2729,1076,1653,0,0,0,1.0,1,1.0,1,1.0,1,0.21523042399905945,51
1348,1,2730,1077,1653,0,0,0,1.0,1,1.0,1,1.0,1,0.2540036725018046,52
1349,0,2730,1077,1653,0,0,0,1.0,1,1.0,1,1.0,1,0.24268588201877336,50
1350,1,2731,1078,1653,0,0,0,1.0,1,1.0,1,1.0,1,0.2530010701129332,51
1351,1,2732,1079,1653,0,0,0,1.0,1,1.0,1,1.0,1,0.24792035490989509,50
1352,0,2732,1079,1653,0,0,0,1.0,1,1.0,1,1.0,1,0.2324331686983777,50
1353,1,2733,1080,1653,0,0,0,1.0,1,1.0,1,1.0,1,0.25673006290508293,50
1354,2,2735,1081,1654,0,0,0,1.0,1,1.0,1,1.0,1,0.25818427170985997,51
1355,2,2737,1081,1656,0,0,0,1.0,1,1.0,1,1.0,1,0.25222188098338266,53
1356,2,2739,1082,1657,0,0,0,1.0,1,1.0,1,1.0,1,0.2561343196076394,52
1357,2,2741,1083,1658,0,0,0,1.0,1,1.0,1,1.0,1,0.28204111867399123,52
1358,0,2741,1083,1658,0,0,0,1.0,1,1.0,1,1.0,1,0.2847458890878196,53
1359,4,2745,1085,1660,0,0,0,1.0,1,1.0,1,1.0,1,0.30862035845419716,54
1360,2,2747,1086,1661,0,0,0,1.0,1,1.0,1,1.0,1,0.2941897430660955,55
1361,10,2757,1087,1670,0,0,0,1.0,1,1.0,1,1.0,1,0.18411849746570488,55
1362,1,2758,1087,1671,0,0,0,1.0,1,1.0,1,1.0,1,0.18387854048542068,56
1363,2,2760,1087,1673,0,0,0,1.0,1,1.0,1,1.0,1,0.18387854048542068,56
1364,2,2762,1087,1675,0,0,0,1.0,1,1.0,1,1.0,1,0.17701870315499593,55
1365,2,2764,1087,1677,0,0,0,1.0,1,1.0,1,1.0,1,0.15881986197935768,56
1366,3,2767,1087,1680,0,0,0,1.0,1,1.0,1,1.0,1,0.21056729879819264,57
1367,5,2772,1088,1684,0,0,0,1.0,1,1.0,1,1.0,1,0.15798845295481787,57
1368,5,2777,1089,1688,0,0,0,1.0,1,1.0,1,1.0,1,0.14889753854186982,58
1369,4,2781,1090,1691,0,0,0,1.0,1,1.0,1,1.0,1,0.1706394074944712,59
1370,3,2784,1091,1693,0,0,0,1.0,1,1.0,1,1.0,1,0.19028045928744527,60
1371,7,2791,1092,1699,0,0,0,1.0,1,1.0,1,1.0,1,0.2210094475215154,59
1372,6,2797,1094,1703,0,0,0,1.0,1,1.0,1,1.0,1,0.26646246496189363,59
1373,7,2804,1095,1709,0,0,0,1.0,1,1.0,1,1.0,1,0.24594025972033876,59
1374,6,2810,1095,1715,0,0,0,1.0,1,1.0,1,1.0,1,0.24805996344458758,59
1375,5,2815,1095,1720,0,0,0,1.0,1,1.0,1,1.0,1,0.2385254083167075,62
1376,9,2824,1096,1728,0,0,0,1.0,1,1.0,1,1.0,1,0.25554206392590756,61
1377,11,2835,1097,1738,0,0,0,1.0,1,1.0,1,1.0,1,0.25401169926480704,63
1378,10,2845,1098,1747,0,0,0,1.0,1,1.0,1,1.0,1,0.2533387523174488,62
1379,10,2855,1101,1754,0,0,0,1.0,1,1.0,1,1.0,1,0.2858789030831159,61
1380,8,2863,1101,1762,0,0,0,1.0,1,1.0,1,1.0,1,0.29052790866495765,60
1381,9,2872,1101,1771,0,0,0,1.0,1,1.0,1,1.0,1,0.21779060304762513,58
1382,2,2874,1102,1772,0,0,0,1.0,1,1.0,1,1.0,1,0.24268436820919578,56
1383,0,2874,1102,1772,0,0,0,1.0,1,1.0,1,1.0,1,0.21599759445458547,57
1384,2,2876,1103,1773,0,0,0,1.0,1,1.0,1,1.0,1,0.18974303174420146,55
1385,1,2877,1104,1773,0,0,0,1.0,1,1.0,1,1.0,1,0.21090776211676138,55
1386,3,2880,1106,1774,0,0,0,1.0,1,1.0,1,1.0,1,0.21334385343421178,54
1387,1,2881,1107,1774,0,0,0,1.0,1,1.0,1,1.0,1,0.23140414127374925,53
1388,3,2884,1110,1774,0,0,0,1.0,1,1.0,1,1.0,1,0.270546769622057,52
1389,4,2888,1110,1778,0,0,0,1.0,1,1.0,1,1.0,1,0.2731538707261983,52
1390,1,2889,1110,1779,0,0,0,1.0,1,1.0,1,1.0,1,0.27317366846311264,51
1391,1,2890,1110,1780,0,0,0,1.0,1,1.0,1,1.0,1,0.2619669418807988,52
1392,1,2891,1111,1780,0,0,0,1.0,1,1.0,1,1.0,1,0.2663200209832024,51
1393,2,2893,1112,1781,0,0,0,1.0,1,1.0,1,1.0,1,0.25621517439301866,51
1394,1,2894,1112,1782,0,0,0,1.0,1,1.0,1,1.0,1,0.2793160870780339,52
1395,0,2894,1112,1782,0,0,0,1.0,1,1.0,1,1.0,1,0.2793160870780339,52
1396,2,2896,1113,1783,0,0,0,1.0,1,1.0,1,1.0,1,0.2505830173905901,53
1397,0,2896,1113,1783,0,0,0,1.0,1,1.0,1,1.0,1,0.2587217178750868,56
1398,3,2899,1114,1785,0,0,0,1.0,1,1.0,1,1.0,1,0.2505070502629124,56
1399,1,2900,1115,1785,0,0,0,1.0,1,1.0,1,1.0,1,0.2739145870496213,57
1400,0,2900,1115,1785,0,0,0,1.0,1,1.0,1,1.0,1,0.2739145870496213,57
1401,5,2905,1115,1790,0,0,0,1.0,1,1.0,1,1.0,1,0.18271281011419438,57
1402,3,2908,1118,1790,0,0,0,1.0,1,1.0,1,1.0,1,0.20120340169808237,57
1403,1,2909,1118,1791,0,0,0,1.0,1,1.0,1,1.0,1,0.18531636496491896,56
1404,4,2913,1118,1795,0,0,0,1.0,1,1.0,1,1.0,1,0.14908139490965797,58
1405,3,2916,1119,1797,0,0,0,1.0,1,1.0,1,1.0,1,0.2097094940660429,58
1406,2,2918,1119,1799,0,0,0,1.0,1,1.0,1,1.0,1,0.19849762316735878,58
1407,0,2918,1119,1799,0,0,0,1.0,1,1.0,1,1.0,1,0.21640706000179083,57
1408,2,2920,1119,1801,0,0,0,1.0,1,1.0,1,1.0,1,0.21352396333174123,58
1409,2,2922,1119,1803,0,0,0,1.0,1,1.0,1,1.0,1,0.21709471816335615,57
1410,2,2924,1119,1805,0,0,0,1.0,1,1.0,1,1.0,1,0.21709471816335615,57
1411,1,2925,1120,1805,0,0,0,1.0,1,1.0,1,1.0,1,0.2356627924203399,56
1412,0,2925,1120,1805,0,0,0,1.0,1,1.0,1,1.0,1,0.23638724959005333,55
1413,0,2925,1120,1805,0,0,0,1.0,1,1.0,1,1.0,1,0.233521756535312,57
1414,0,2925,1120,1805,0,0,0,1.0,1,1.0,1,1.0,1,0.233521756535312,57
1415,1,2926,1120,1806,0,0,0,1.0,1,1.0,1,1.0,1,0.22240796685822659,60
1416,4,2930,1121,1809,0,0,0,1.0,1,1.0,1,1.0,1,0.23728010313195746,61
1417,6,2936,1121,1815,0,0,0,1.0,1,1.0,1,1.0,1,0.24180660005449428,59
1418,4,2940,1121,1819,0,0,0,1.0,1,1.0,1,1.0,1,0.27491164245634353,60
1419,9,2949,1123,1826,0,0,0,1.0,1,1.0,1,1.0,1,0.25304027020587283,59
1420,7,2956,1124,1832,0,0,0,1.0,1,1.0,1,1.0,1,0.25908646591844864,58
1421,3,2959,1124,1835,0,0,0,1.0,1,1.0,1,1.0,1,0.19184403999602542,57
1422,0,2959,1124,1835,0,0,0,1.0,1,1.0,1,1.0,1,0.19184403999602542,57
1423,2,2961,1125,1836,0,0,0,1.0,1,1.0,1,1.0,1,0.16922689509232716,56
1424,1,2962,1126,1836,0,0,0,1.0,1,1.0,1,1.0,1,0.18088629895791208,57
1425,2,2964,1128,1836,0,0,0,1.0,1,1.0,1,1.0,1,0.2035485472666172,54
1426,2,2966,1130,1836,0,0,0,1.0,1,1.0,1,1.0,1,0.22425215827201855,54
1427,5,2971,1133,1838,0,0,0,1.0,1,1.0,1,1.0,1,0.2767764970814089,53
1428,2,2973,1134,1839,0,0,0,1.0,1,1.0,1,1.0,1,0.26730702867789313,52
1429,1,2974,1134,1840,0,0,0,1.0,1,1.0,1,1.0,1,0.24713013065857956,52
1430,2,2976,1136,1840,0,0,0,1.0,1,1.0,1,1.0,1,0.2547526223364521,51
1431,1,2977,1136,1841,0,0,0,1.0,1,1.0,1,1.0,1,0.2377157387095638,51
1432,4,2981,1138,1843,0,0,0,1.0,1,1.0,1,1.0,1,0.2663369020804621,52
1433,4,2985,1138,1847,0,0,0,1.0,1,1.0,1,1.0,1,0.24568556194269062,52
1434,6,2991,1140,1851,0,0,0,1.0,1,1.0,1,1.0,1,0.21754831179550121,52
1435,2,2993,1141,1852,0,0,0,1.0,1,1.0,1,1.0,1,0.24532338410053292,50
1436,3,2996,1143,1853,0,0,0,1.0,1,1.0,1,1.0,1,0.27595537994413255,50
1437,1,2997,1144,1853,0,0,0,1.0,1,1.0,1,1.0,1,0.30314093506696016,49
1438,1,2998,1145,1853,0,0,0,1.0,1,1.0,1,1.0,1,0.319466975273943,49
1439,1,2999,1146,1853,0,0,0,1.0,1,1.0,1,1.0,1,0.3354075747355471,50
1440,3,3002,1147,1855,0,0,0,1.0,1,1.0,1,1.0,1,0.34997124108376737,50
1441,8,3010,1148,1862,0,0,0,1.0,1,1.0,1,1.0,1,0.26184563032776154,51
1442,2,3012,1148,1864,0,0,0,1.0,1,1.0,1,1.0,1,0.2424345946394476,50
1443,2,3014,1148,1866,0,0,0,1.0,1,1.0,1,1.0,1,0.219538996274307,51
1444,1,3015,1148,1867,0,0,0,1.0,1,1.0,1,1.0,1,0.22889335444551231,51
1445,2,3017,1149,1868,0,0,0,1.0,1,1.0,1,1.0,1,0.2414924057813111,51
1446,1,3018,1149,1869,0,0,0,1.0,1,1.0,1,1.0,1,0.25149755406324353,51
1447,2,3020,1149,1871,0,0,0,1.0,1,1.0,1,1.0,1,0.22534806368544225,51
1448,3,3023,1150,1873,0,0,0,1.0,1,1.0,1,1.0,1,0.2049683114983109,51
1449,1,3024,1150,1874,0,0,0,1.0,1,1.0,1,1.0,1,0.2199749927660085,51
1450,2,3026,1150,1876,0,0,0,1.0,1,1.0,1,1.0,1,0.20853003037913057,52
1451,2,3028,1151,1877,0,0,0,1.0,1,1.0,1,1.0,1,0.20668414768743373,54
1452,4,3032,1151,1881,0,0,0,1.0,1,1.0,1,1.0,1,0.19583157311002394,56
1453,3,3035,1151,1884,0,0,0,1.0,1,1.0,1,1.0,1,0.2015249969962306,56
1454,5,3040,1152,1888,0,0,0,1.0,1,1.0,1,1.0,1,0.1950206509580311,58
1455,5,3045,1154,1891,0,0,0,1.0,1,1.0,1,1.0,1,0.2597142720050725,55
1456,4,3049,1154,1895,0,0,0,1.0,1,1.0,1,1.0,1,0.27087179493248603,56
1457,3,3052,1155,1897,0,0,0,1.0,1,1.0,1,1.0,1,0.33971511828593276,54
1458,4,3056,1156,1900,0,0,0,1.0,1,1.0,1,1.0,1,0.32864731855515583,52
1459,2,3058,1156,1902,0,0,0,1.0,1,1.0,1,1.0,1,0.3355974085577125,52
1460,0,3058,1156,1902,0,0,0,1.0,1,1.0,1,1.0,1,0.3154706546900063,50
1461,9,3067,1158,1909,0,0,0,1.0,1,1.0,1,1.0,1,0.19885352528854727,53
1462,4,3071,1161,1910,0,0,0,1.0,1,1.0,1,1.0,1,0.2284953775167123,51
1463,1,3072,1162,1910,0,0,0,1.0,1,1.0,1,1.0,1,0.242851600531085,51
1464,2,3074,1164,1910,0,0,0,1.0,1,1.0,1,1.0,1,0.2951732274644924,51
1465,1,3075,1164,1911,0,0,0,1.0,1,1.0,1,1.0,1,0.2773384704542252,49
1466,2,3077,1166,1911,0,0,0,1.0,1,1.0,1,1.0,1,0.2778909156186136,49
1467,2,3079,1168,1911,0,0,0,1.0,1,1.0,1,1.0,1,0.32946446547003916,47
1468,1,3080,1168,1912,0,0,0,1.0,1,1.0,1,1.0,1,0.2863730594302957,48
1469,2,3082,1170,1912,0,0,0,1.0,1,1.0,1,1.0,1,0.30398548924635005,47
1470,2,3084,1170,1914,0,0,0,1.0,1,1.0,1,1.0,1,0.2803274117302009,49
1471,0,3084,1170,1914,0,0,0,1.0,1,1.0,1,1.0,1,0.2991414803917429,48
1472,1,3085,1170,1915,0,0,0,1.0,1,1.0,1,1.0,1,0.25503118543014924,48
1473,0,3085,1170,1915,0,0,0,1.0,1,1.0,1,1.0,1,0.265080547460174,49
1474,0,3085,1170,1915,0,0,0,1.0,1,1.0,1,1.0,1,0.265080547460174,49
1475,3,3088,1170,1918,0,0,0,1.0,1,1.0,1,1.0,1,0.2203100613677892,49
1476,1,3089,1171,1918,0,0,0,1.0,1,1.0,1,1.0,1,0.21424537568193575,51
1477,1,3090,1171,1919,0,0,0,1.0,1,1.0,1,1.0,1,0.2022531410355836,51
1478,0,3090,1171,1919,0,0,0,1.0,1,1.0,1,1.0,1,0.1943115020170895,52
1479,2,3092,1171,1921,0,0,0,1.0,1,1.0,1,1.0,1,0.18286335516481977,53
1480,1,3093,1172,1921,0,0,0,1.0,1,1.0,1,1.0,1,0.19564290619743743,53
1481,1,3094,1172,1922,0,0,0,1.0,1,1.0,1,1.0,1,0.19031591513849241,53
1482,4,3098,1173,1925,0,0,0,1.0,1,1.0,1,1.0,1,0.20357435290938575,52
1483,0,3098,1173,1925,0,0,0,1.0,1,1.0,1,1.0,1,0.20357435290938575,52
1484,1,3099,1174,1925,0,0,0,1.0,1,1.0,1,1.0,1,0.23716605585041722,53
1485,0,3099,1174,1925,0,0,0,1.0,1,1.0,1,1.0,1,0.23716605585041722,53
1486,4,3103,1175,1928,0,0,0,1.0,1,1.0,1,1.0,1,0.23827490521260097,54
1487,2,3105,1177,1928,0,0,0,1.0,1,1.0,1,1.0,1,0.2199616111498622,55
1488,0,3105,1177,1928,0,0,0,1.0,1,1.0,1,1.0,1,0.23258928399682435,57
1489,3,3108,1180,1928,0,0,0,1.0,1,1.0,1,1.0,1,0.24611471516156147,58
1490,0,3108,1180,1928,0,0,0,1.0,1,1.0,1,1.0,1,0.24611471516156147,58
1491,4,3112,1181,1931,0,0,0,1.0,1,1.0,1,1.0,1,0.2051016505707469,59
1492,1,3113,1182,1931,0,0,0,1.0,1,1.0,1,1.0,1,0.20849378586072562,59
1493,0,3113,1182,1931,0,0,0,1.0,1,1.0,1,1.0,1,0.21045355279311637,58
1494,1,3114,1183,1931,0,0,0,1.0,1,1.0,1,1.0,1,0.22816937871522716,58
1495,3,3117,1185,1932,0,0,0,1.0,1,1.0,1,1.0,1,0.2585679291967494,57
1496,0,3117,1185,1932,0,0,0,1.0,1,1.0,1,1.0,1,0.25221313096757475,59
1497,4,3121,1186,1935,0,0,0,1.0,1,1.0,1,1.0,1,0.24498802767616507,58
1498,1,3122,1187,1935,0,0,0,1.0,1,1.0,1,1.0,1,0.2670191880418098,58
1499,0,3122,1187,1935,0,0,0,1.0,1,1.0,1,1.0,1,0.24240793371568858,56
1500,4,3126,1188,1938,0,0,0,1.0,1,1.0,1,1.0,1,0.23515415803695633,57
1501,5,3131,1189,1942,0,0,0,1.0,1,1.0,1,1.0,1,0.16940844464303614,55
1502,2,3133,1191,1942,0,0,0,1.0,1,1.0,1,1.0,1,0.16013984342702148,55
1503,3,3136,1193,1943,0,0,0,1.0,1,1.0,1,1.0,1,0.16238018402382814,54
1504,2,3138,1195,1943,0,0,0,1.0,1,1.0,1,1.0,1,0.16521036336909597,55
1505,2,3140,1196,1944,0,0,0,1.0,1,1.0,1,1.0,1,0.13153742159283904,53
1506,6,3146,1199,1947,0,0,0,1.0,1,1.0,1,1.0,1,0.16180804320384462,55
1507,0,3146,1199,1947,0,0,0,1.0,1,1.0,1,1.0,1,0.16085983675596982,53
1508,2,3148,1201,1947,0,0,0,1.0,1,1.0,1,1.0,1,0.20006155177602786,53
1509,2,3150,1201,1949,0,0,0,1.0,1,1.0,1,1.0,1,0.157254957280106,52
1510,3,3153,1202,1951,0,0,0,1.0,1,1.0,1,1.0,1,0.16184222660430278,50
1511,1,3154,1203,1951,0,0,0,1.0,1,1.0,1,1.0,1,0.1848136140168028,49
1512,3,3157,1206,1951,0,0,0,1.0,1,1.0,1,1.0,1,0.24228596008904332,48
1513,1,3158,1207,1951,0,0,0,1.0,1,1.0,1,1.0,1,0.30151617084106974,47
1514,2,3160,1208,1952,0,0,0,1.0,1,1.0,1,1.0,1,0.2622240393220194,48
1515,1,3161,1208,1953,0,0,0,1.0,1,1.0,1,1.0,1,0.24502354988741332,48
1516,1,3162,1209,1953,0,0,0,1.0,1,1.0,1,1.0,1,0.2525047971035488,47
1517,2,3164,1209,1955,0,0,0,1.0,1,1.0,1,1.0,1,0.22039983082231915,48
1518,1,3165,1210,1955,0,0,0,1.0,1,1.0,1,1.0,1,0.22778616451117628,48
1519,0,3165,1210,1955,0,0,0,1.0,1,1.0,1,1.0,1,0.24133352377849823,47
1520,3,3168,1213,1955,0,0,0,1.0,1,1.0,1,1.0,1,0.29444280172497417,48
1521,9,3177,1213,1964,0,0,0,1.0,1,1.0,1,1.0,1,0.12500266038951566,49
1522,1,3178,1214,1964,0,0,0,1.0,1,1.0,1,1.0,1,0.14830906584144554,48
1523,0,3178,1214,1964,0,0,0,1.0,1,1.0,1,1.0,1,0.1632925070858134,49
1524,2,3180,1214,1966,0,0,0,1.0,1,1.0,1,1.0,1,0.1794169546125792,49
1525,1,3181,1214,1967,0,0,0,1.0,1,1.0,1,1.0,1,0.20173505320896196,51
1526,2,3183,1214,1969,0,0,0,1.0,1,1.0,1,1.0,1,0.19366938532521116,52
1527,3,3186,1215,1971,0,0,0,1.0,1,1.0,1,1.0,1,0.21460180394836,54
1528,3,3189,1215,1974,0,0,0,1.0,1,1.0,1,1.0,1,0.2102320694318958,54
1529,4,3193,1215,1978,0,0,0,1.0,1,1.0,1,1.0,1,0.2269306654465496,54
1530,3,3196,1215,1981,0,0,0,1.0,1,1.0,1,1.0,1,0.21685912369967641,54
1531,5,3201,1215,1986,0,0,0,1.0,1,1.0,1,1.0,1,0.20917486928680432,54
1532,7,3208,1216,1992,0,0,0,1.0,1,1.0,1,1.0,1,0.22560067292725683,54
1533,6,3214,1216,1998,0,0,0,1.0,1,1.0,1,1.0,1,0.22089804663526172,54
1534,5,3219,1216,2003,0,0,0,1.0,1,1.0,1,1.0,1,0.2168791616775907,54
1535,5,3224,1217,2007,0,0,0,1.0,1,1.0,1,1.0,1,0.2069582536343344,54
1536,2,3226,1217,2009,0,0,0,1.0,1,1.0,1,1.0,1,0.2169798596483517,55
1537,1,3227,1217,2010,0,0,0,1.0,1,1.0,1,1.0,1,0.24648465695199495,53
1538,4,3231,1217,2014,0,0,0,1.0,1,1.0,1,1.0,1,0.2189567879944517,54
1539,5,3236,1217,2019,0,0,0,1.0,1,1.0,1,1.0,1,0.2498236290617605,54
1540,7,3243,1218,2025,0,0,0,1.0,1,1.0,1,1.0,1,0.2584269419908764,54
1541,7,3250,1218,2032,0,0,0,1.0,1,1.0,1,1.0,1,0.17402181500194164,54
1542,3,3253,1220,2033,0,0,0,1.0,1,1.0,1,1.0,1,0.2035060118004838,57
1543,4,3257,1222,2035,0,0,0,1.0,1,1.0,1,1.0,1,0.19347580504750536,55
1544,3,3260,1224,2036,0,0,0,1.0,1,1.0,1,1.0,1,0.23306543730955012,54
1545,4,3264,1225,2039,0,0,0,1.0,1,1.0,1,1.0,1,0.1860135136160229,54
1546,1,3265,1226,2039,0,0,0,1.0,1,1.0,1,1.0,1,0.18754970088006806,53
1547,3,3268,1229,2039,0,0,0,1.0,1,1.0,1,1.0,1,0.2466389303909073,53
1548,8,3276,1234,2042,0,0,0,1.0,1,1.0,1,1.0,1,0.25890817188859566,54
1549,5,3281,1236,2045,0,0,0,1.0,1,1.0,1,1.0,1,0.23903526433930233,52
1550,4,3285,1239,2046,0,0,0,1.0,1,1.0,1,1.0,1,0.2212730495985895,52
1551,4,3289,1241,2048,0,0,0,1.0,1,1.0,1,1.0,1,0.24544019707470566,52
1552,6,3295,1242,2053,0,0,0,1.0,1,1.0,1,1.0,1,0.1803802194182603,51
1553,6,3301,1244,2057,0,0,0,1.0,1,1.0,1,1.0,1,0.2605122515680282,51
1554,5,3306,1248,2058,0,0,0,1.0,1,1.0,1,1.0,1,0.259912080678443,51
1555,3,3309,1249,2060,0,0,0,1.0,1,1.0,1,1.0,1,0.2863410821920329,50
1556,5,3314,1249,2065,0,0,0,1.0,1,1.0,1,1.0,1,0.25182525479344603,51
1557,2,3316,1250,2066,0,0,0,1.0,1,1.0,1,1.0,1,0.255959712419643,51
1558,2,3318,1250,2068,0,0,0,1.0,1,1.0,1,1.0,1,0.264714860389862,52
1559,3,3321,1251,2070,0,0,0,1.0,1,1.0,1,1.0,1,0.2860757943959481,53
1560,4,3325,1252,2073,0,0,0,1.0,1,1.0,1,1.0,1,0.28465588702619116,51
1561,9,3334,1253,2081,0,0,0,1.0,1,1.0,1,1.0,1,0.17457647695080514,51
1562,1,3335,1253,2082,0,0,0,1.0,1,1.0,1,1.0,1,0.16103970003801354,52
1563,0,3335,1253,2082,0,0,0,1.0,1,1.0,1,1.0,1,0.16103970003801354,52
1564,0,3335,1253,2082,0,0,0,1.0,1,1.0,1,1.0,1,0.1840036801664452,51
1565,4,3339,1254,2085,0,0,0,1.0,1,1.0,1,1.0,1,0.21947759581332363,53
1566,4,3343,1254,2089,0,0,0,1.0,1,1.0,1,1.0,1,0.2285690193470442,53
1567,4,3347,1254,2093,0,0,0,1.0,1,1.0,1,1.0,1,0.2563876548942769,52
1568,2,3349,1254,2095,0,0,0,1.0,1,1.0,1,1.0,1,0.23184725619157706,52
1569,2,3351,1254,2097,0,0,0,1.0,1,1.0,1,1.0,1,0.26445830289907774,49
1570,4,3355,1254,2101,0,0,0,1.0,1,1.0,1,1.0,1,0.27216163564581325,48
1571,6,3361,1256,2105,0,0,0,1.0,1,1.0,1,1.0,1,0.27774135165728125,46
1572,5,3366,1259,2107,0,0,0,1.0,1,1.0,1,1.0,1,0.30289309562262745,47
1573,5,3371,1260,2111,0,0,0,1.0,1,1.0,1,1.0,1,0.32186475393731273,48
1574,4,3375,1261,2114,0,0,0,1.0,1,1.0,1,1.0,1,0.3950003799707005,46
1575,7,3382,1262,2120,0,0,0,1.0,1,1.0,1,1.0,1,0.4208358044707333,47
1576,6,3388,1265,2123,0,0,0,1.0,1,1.0,1,1.0,1,0.3486063079233894,46
1577,4,3392,1265,2127,0,0,0,1.0,1,1.0,1,1.0,1,0.3406654805221863,45
1578,5,3397,1265,2132,0,0,0,1.0,1,1.0,1,1.0,1,0.31715353813191943,44
1579,2,3399,1265,2134,0,0,0,1.0,1,1.0,1,1.0,1,0.3748351750889429,43
1580,2,3401,1265,2136,0,0,0,1.0,1,1.0,1,1.0,1,0.338091555045952,43
1581,5,3406,1265,2141,0,0,0,1.0,1,1.0,1,1.0,1,0.24058746984456783,42
1582,1,3407,1266,2141,0,0,0,1.0,1,1.0,1,1.0,1,0.2493373588396545,42
1583,0,3407,1266,2141,0,0,0,1.0,1,1.0,1,1.0,1,0.26102417110479154,43
1584,3,3410,1268,2142,0,0,0,1.0,1,1.0,1,1.0,1,0.2530399396900422,41
1585,7,3417,1270,2147,0,0,0,1.0,1,1.0,1,1.0,1,0.19881967268034997,43
1586,2,3419,1272,2147,0,0,0,1.0,1,1.0,1,1.0,1,0.2073419065388441,42
1587,2,3421,1273,2148,0,0,0,1.0,1,1.0,1,1.0,1,0.2192708881507587,42
1588,2,3423,1274,2149,0,0,0,1.0,1,1.0,1,1.0,1,0.22799665636549737,42
1589,1,3424,1275,2149,0,0,0,1.0,1,1.0,1,1.0,1,0.22869621933299344,42
1590,3,3427,1275,2152,0,0,0,1.0,1,1.0,1,1.0,1,0.2088640702494619,41
1591,1,3428,1276,2152,0,0,0,1.0,1,1.0,1,1.0,1,0.22436612389441407,40
1592,1,3429,1277,2152,0,0,0,1.0,1,1.0,1,1.0,1,0.26448838877241854,39
1593,3,3432,1279,2153,0,0,0,1.0,1,1.0,1,1.0,1,0.23625276981162707,39
1594,0,3432,1279,2153,0,0,0,1.0,1,1.0,1,1.0,1,0.24119865973167545,39
1595,2,3434,1281,2153,0,0,0,1.0,1,1.0,1,1.0,1,0.29859595870505123,42
1596,0,3434,1281,2153,0,0,0,1.0,1,1.0,1,1.0,1,0.3110123264134023,41
1597,0,3434,1281,2153,0,0,0,1.0,1,1.0,1,1.0,1,0.3110123264134023,41
1598,2,3436,1281,2155,0,0,0,1.0,1,1.0,1,1.0,1,0.27487671009238435,39
1599,1,3437,1282,2155,0,0,0,1.0,1,1.0,1,1.0,1,0.24971330605688222,39
1600,2,3439,1282,2157,0,0,0,1.0,1,1.0,1,1.0,1,0.25563139241748284,40
1601,8,3447,1283,2164,0,0,0,1.0,1,1.0,1,1.0,1,0.1641800265091289,41
1602,1,3448,1283,2165,0,0,0,1.0,1,1.0,1,1.0,1,0.14010945018907545,41
1603,2,3450,1284,2166,0,0,0,1.0,1,1.0,1,1.0,1,0.19846214602671342,43
1604,0,3450,1284,2166,0,0,0,1.0,1,1.0,1,1.0,1,0.19846214602671342,43
1605,1,3451,1285,2166,0,0,0,1.0,1,1.0,1,1.0,1,0.23620352865588465,44
1606,1,3452,1286,2166,0,0,0,1.0,1,1.0,1,1.0,1,0.24143797156529484,44
1607,2,3454,1287,2167,0,0,0,1.0,1,1.0,1,1.0,1,0.20635845526778732,42
1608,1,3455,1288,2167,0,0,0,1.0,1,1.0,1,1.0,1,0.24148056391680492,41
1609,0,3455,1288,2167,0,0,0,1.0,1,1.0,1,1.0,1,0.20795125764772765,39
1610,1,3456,1289,2167,0,0,0,1.0,1,1.0,1,1.0,1,0.19589708589094199,39
1611,3,3459,1289,2170,0,0,0,1.0,1,1.0,1,1.0,1,0.17416630193370874,40
1612,4,3463,1290,2173,0,0,0,1.0,1,1.0,1,1.0,1,0.18994907299424232,39
1613,3,3466,1291,2175,0,0,0,1.0,1,1.0,1,1.0,1,0.24821234912902895,41
1614,7,3473,1291,2182,0,0,0,1.0,1,1.0,1,1.0,1,0.26323295298618904,41
1615,6,3479,1293,2186,0,0,0,1.0,1,1.0,1,1.0,1,0.24925108394545686,41
1616,5,3484,1294,2190,0,0,0,1.0,1,1.0,1,1.0,1,0.2788983676691106,43
1617,6,3490,1296,2194,0,0,0,1.0,1,1.0,1,1.0,1,0.2944802855068655,44
1618,3,3493,1297,2196,0,0,0,1.0,1,1.0,1,1.0,1,0.30118484697122144,44
1619,4,3497,1298,2199,0,0,0,1.0,1,1.0,1,1.0,1,0.356069955453257,44
1620,5,3502,1299,2203,0,0,0,1.0,1,1.0,1,1.0,1,0.36354800302706985,45
1621,5,3507,1299,2208,0,0,0,1.0,1,1.0,1,1.0,1,0.2814955371878835,44
1622,2,3509,1300,2209,0,0,0,1.0,1,1.0,1,1.0,1,0.2845361731391992,44
1623,1,3510,1300,2210,0,0,0,1.0,1,1.0,1,1.0,1,0.26306266132804995,43
1624,0,3510,1300,2210,0,0,0,1.0,1,1.0,1,1.0,1,0.23510022302474842,43
1625,1,3511,1300,2211,0,0,0,1.0,1,1.0,1,1.0,1,0.1910666889106716,43
1626,5,3516,1303,2213,0,0,0,1.0,1,1.0,1,1.0,1,0.1930183331523125,42
1627,0,3516,1303,2213,0,0,0,1.0,1,1.0,1,1.0,1,0.19484536996561536,42
1628,3,3519,1305,2214,0,0,0,1.0,1,1.0,1,1.0,1,0.2206739932382489,42
1629,2,3521,1306,2215,0,0,0,1.0,1,1.0,1,1.0,1,0.21236039698523881,41
1630,3,3524,1309,2215,0,0,0,1.0,1,1.0,1,1.0,1,0.2976328672229921,41
1631,1,3525,1309,2216,0,0,0,1.0,1,1.0,1,1.0,1,0.27021366779283335,40
1632,0,3525,1309,2216,0,0,0,1.0,1,1.0,1,1.0,1,0.260003904521975,39
1633,0,3525,1309,2216,0,0,0,1.0,1,1.0,1,1.0,1,0.260003904521975,39
1634,0,3525,1309,2216,0,0,0,1.0,1,1.0,1,1.0,1,0.260003904521975,39
1635,0,3525,1309,2216,0,0,0,1.0,1,1.0,1,1.0,1,0.26233593215472406,40
1636,2,3527,1310,2217,0,0,0,1.0,1,1.0,1,1.0,1,0.23549333065833883,41
1637,2,3529,1311,2218,0,0,0,1.0,1,1.0,1,1.0,1,0.23082665798223492,41
1638,2,3531,1312,2219,0,0,0,1.0,1,1.0,1,1.0,1,0.251058551569868,42
1639,2,3533,1313,2220,0,0,0,1.0,1,1.0,1,1.0,1,0.24932633809822524,43
1640,0,3533,1313,2220,0,0,0,1.0,1,1.0,1,1.0,1,0.24932633809822524,43
1641,4,3537,1313,2224,0,0,0,1.0,1,1.0,1,1.0,1,0.1770532464693027,44
1642,5,3542,1315,2227,0,0,0,1.0,1,1.0,1,1.0,1,0.17121730927006498,45
1643,2,3544,1317,2227,0,0,0,1.0,1,1.0,1,1.0,1,0.1806792975242571,44
1644,2,3546,1319,2227,0,0,0,1.0,1,1.0,1,1.0,1,0.2078911588372977,45
1645,1,3547,1319,2228,0,0,0,1.0,1,1.0,1,1.0,1,0.21852392666925322,44
1646,0,3547,1319,2228,0,0,0,1.0,1,1.0,1,1.0,1,0.21307885015212857,43
1647,3,3550,1321,2229,0,0,0,1.0,1,1.0,1,1.0,1,0.22564876027449532,43
1648,1,3551,1321,2230,0,0,0,1.0,1,1.0,1,1.0,1,0.2457939990200493,42
1649,0,3551,1321,2230,0,0,0,1.0,1,1.0,1,1.0,1,0.27734752861617284,41
1650,0,3551,1321,2230,0,0,0,1.0,1,1.0,1,1.0,1,0.27734752861617284,41
1651,2,3553,1323,2230,0,0,0,1.0,1,1.0,1,1.0,1,0.29156295639047025,40
1652,0,3553,1323,2230,0,0,0,1.0,1,1.0,1,1.0,1,0.3025787501540538,39
1653,1,3554,1323,2231,0,0,0,1.0,1,1.0,1,1.0,1,0.31741422284157345,39
1654,0,3554,1323,2231,0,0,0,1.0,1,1.0,1,1.0,1,0.31741422284157345,39
1655,1,3555,1324,2231,0,0,0,1.0,1,1.0,1,1.0,1,0.34455070528880627,40
1656,1,3556,1324,2232,0,0,0,1.0,1,1.0,1,1.0,1,0.32769754147866625,40
1657,0,3556,1324,2232,0,0,0,1.0,1,1.0,1,1.0,1,0.32769754147866625,40
1658,1,3557,1325,2232,0,0,0,1.0,1,1.0,1,1.0,1,0.2985427354433288,40
1659,3,3560,1328,2232,0,0,0,1.0,1,1.0,1,1.0,1,0.32226395020636955,40
1660,4,3564,1328,2236,0,0,0,1.0,1,1.0,1,1.0,1,0.27886230480605156,41
1661,6,3570,1330,2240,0,0,0,1.0,1,1.0,1,1.0,1,0.21966211862068857,42
1662,4,3574,1332,2242,0,0,0,1.0,1,1.0,1,1.0,1,0.19256723710224447,44
1663,1,3575,1333,2242,0,0,0,1.0,1,1.0,1,1.0,1,0.24134429764367452,43
1664,5,3580,1337,2243,0,0,0,1.0,1,1.0,1,1.0,1,0.3517628622807531,42
1665,5,3585,1338,2247,0,0,0,1.0,1,1.0,1,1.0,1,0.2883457745715543,42
1666,1,3586,1339,2247,0,0,0,1.0,1,1.0,1,1.0,1,0.26880068916312927,43
1667,3,3589,1342,2247,0,0,0,1.0,1,1.0,1,1.0,1,0.315753046773135,40
1668,1,3590,1342,2248,0,0,0,1.0,1,1.0,1,1.0,1,0.2850434764928778,40
1669,1,3591,1343,2248,0,0,0,1.0,1,1.0,1,1.0,1,0.26646031158946265,40
1670,1,3592,1343,2249,0,0,0,1.0,1,1.0,1,1.0,1,0.24898466573072356,39
1671,1,3593,1344,2249,0,0,0,1.0,1,1.0,1,1.0,1,0.25104581251039954,39
1672,3,3596,1346,2250,0,0,0,1.0,1,1.0,1,1.0,1,0.21905899455084452,38
1673,2,3598,1348,2250,0,0,0,1.0,1,1.0,1,1.0,1,0.20403545310392793,38
1674,1,3599,1349,2250,0,0,0,1.0,1,1.0,1,1.0,1,0.22907113712402152,38
1675,4,3603,1351,2252,0,0,0,1.0,1,1.0,1,1.0,1,0.21674733494810253,39
1676,0,3603,1351,2252,0,0,0,1.0,1,1.0,1,1.0,1,0.23498046050672775,39
1677,1,3604,1351,2253,0,0,0,1.0,1,1.0,1,1.0,1,0.22142676710733109,40
1678,0,3604,1351,2253,0,0,0,1.0,1,1.0,1,1.0,1,0.22770061802912742,39
1679,0,3604,1351,2253,0,0,0,1.0,1,1.0,1,1.0,1,0.22770061802912742,39
1680,0,3604,1351,2253,0,0,0,1.0,1,1.0,1,1.0,1,0.24332718995242886,40
1681,3,3607,1352,2255,0,0,0,1.0,1,1.0,1,1.0,1,0.19912843883678016,41
1682,2,3609,1352,2257,0,0,0,1.0,1,1.0,1,1.0,1,0.13784621709030806,40
1683,2,3611,1354,2257,0,0,0,1.0,1,1.0,1,1.0,1,0.1451684632030376,43
1684,3,3614,1356,2258,0,0,0,1.0,1,1.0,1,1.0,1,0.14460067465077667,42
1685,0,3614,1356,2258,0,0,0,1.0,1,1.0,1,1.0,1,0.12685317002047938,41
1686,0,3614,1356,2258,0,0,0,1.0,1,1.0,1,1.0,1,0.15865975373317415,39
1687,5,3619,1358,2261,0,0,0,1.0,1,1.0,1,1.0,1,0.13039459080491125,41
1688,1,3620,1359,2261,0,0,0,1.0,1,1.0,1,1.0,1,0.21204909058148935,39
1689,1,3621,1360,2261,0,0,0,1.0,1,1.0,1,1.0,1,0.25635408438674856,37
1690,1,3622,1361,2261,0,0,0,1.0,1,1.0,1,1.0,1,0.31420468857265005,36
1691,3,3625,1364,2261,0,0,0,1.0,1,1.0,1,1.0,1,0.36680484035098176,36
1692,0,3625,1364,2261,0,0,0,1.0,1,1.0,1,1.0,1,0.38858044401755826,34
1693,1,3626,1365,2261,0,0,0,1.0,1,1.0,1,1.0,1,0.3814700915813271,33
1694,0,3626,1365,2261,0,0,0,1.0,1,1.0,1,1.0,1,0.36906426215886934,32
1695,0,3626,1365,2261,0,0,0,1.0,1,1.0,1,1.0,1,0.3584154259157922,32
1696,2,3628,1366,2262,0,0,0,1.0,1,1.0,1,1.0,1,0.3803406042455746,34
1697,2,3630,1368,2262,0,0,0,1.0,1,1.0,1,1.0,1,0.3920233496400866,34
1698,5,3635,1370,2265,0,0,0,1.0,1,1.0,1,1.0,1,0.38976895280953067,36
1699,4,3639,1372,2267,0,0,0,1.0,1,1.0,1,1.0,1,0.3667194579014949,36
1700,2,3641,1372,2269,0,0,0,1.0,1,1.0,1,1.0,1,0.3781331135950504,37
1701,3,3644,1373,2271,0,0,0,1.0,1,1.0,1,1.0,1,0.35956416899391525,39
1702,3,3647,1374,2273,0,0,0,1.0,1,1.0,1,1.0,1,0.3342227385236233,39
1703,0,3647,1374,2273,0,0,0,1.0,1,1.0,1,1.0,1,0.32498032869789595,38
1704,5,3652,1377,2275,0,0,0,1.0,1,1.0,1,1.0,1,0.3166763926175056,38
1705,1,3653,1377,2276,0,0,0,1.0,1,1.0,1,1.0,1,0.30597683445792656,37
1706,3,3656,1379,2277,0,0,0,1.0,1,1.0,1,1.0,1,0.3046746716306355,37
1707,4,3660,1382,2278,0,0,0,1.0,1,1.0,1,1.0,1,0.3339750707645681,36
1708,0,3660,1382,2278,0,0,0,1.0,1,1.0,1,1.0,1,0.3227125824835148,34
1709,0,3660,1382,2278,0,0,0,1.0,1,1.0,1,1.0,1,0.3227125824835148,34
1710,4,3664,1383,2281,0,0,0,1.0,1,1.0,1,1.0,1,0.30423790659471733,33
1711,1,3665,1383,2282,0,0,0,1.0,1,1.0,1,1.0,1,0.28855203538718904,32
1712,1,3666,1384,2282,0,0,0,1.0,1,1.0,1,1.0,1,0.32610715692810077,31
1713,1,3667,1384,2283,0,0,0,1.0,1,1.0,1,1.0,1,0.3149498947428785,32
1714,0,3667,1384,2283,0,0,0,1.0,1,1.0,1,1.0,1,0.3149498947428785,32
1715,1,3668,1385,2283,0,0,0,1.0,1,1.0,1,1.0,1,0.3218995673234421,32
1716,0,3668,1385,2283,0,0,0,1.0,1,1.0,1,1.0,1,0.3218094542125732,34
1717,0,3668,1385,2283,0,0,0,1.0,1,1.0,1,1.0,1,0.3218094542125732,34
1718,2,3670,1385,2285,0,0,0,1.0,1,1.0,1,1.0,1,0.28165581704833814,34
1719,1,3671,1386,2285,0,0,0,1.0,1,1.0,1,1.0,1,0.30874567343590525,34
1720,0,3671,1386,2285,0,0,0,1.0,1,1.0,1,1.0,1,0.2921905372178132,34
1721,3,3674,1387,2287,0,0,0,1.0,1,1.0,1,1.0,1,0.2518675261546299,35
1722,0,3674,1387,2287,0,0,0,1.0,1,1.0,1,1.0,1,0.23567145357840652,35
1723,0,3674,1387,2287,0,0,0,1.0,1,1.0,1,1.0,1,0.2533924331500258,34
1724,1,3675,1388,2287,0,0,0,1.0,1,1.0,1,1.0,1,0.1894703116341178,33
1725,1,3676,1389,2287,0,0,0,1.0,1,1.0,1,1.0,1,0.2512569787974528,35
1726,0,3676,1389,2287,0,0,0,1.0,1,1.0,1,1.0,1,0.2528844916847972,34
1727,1,3677,1390,2287,0,0,0,1.0,1,1.0,1,1.0,1,0.2876801710338878,34
1728,1,3678,1390,2288,0,0,0,1.0,1,1.0,1,1.0,1,0.26500963346714945,35
1729,1,3679,1391,2288,0,0,0,1.0,1,1.0,1,1.0,1,0.30221702165550374,35
1730,1,3680,1392,2288,0,0,0,1.0,1,1.0,1,1.0,1,0.3265984938876561,35
1731,1,3681,1393,2288,0,0,0,1.0,1,1.0,1,1.0,1,0.3508648238545553,35
1732,1,3682,1393,2289,0,0,0,1.0,1,1.0,1,1.0,1,0.3285274970664798,35
1733,0,3682,1393,2289,0,0,0,1.0,1,1.0,1,1.0,1,0.35526742108998915,33
1734,2,3684,1395,2289,0,0,0,1.0,1,1.0,1,1.0,1,0.3763511000456938,34
1735,4,3688,1396,2292,0,0,0,1.0,1,1.0,1,1.0,1,0.32083528556226965,33
1736,2,3690,1398,2292,0,0,0,1.0,1,1.0,1,1.0,1,0.3382058635032707,33
1737,0,3690,1398,2292,0,0,0,1.0,1,1.0,1,1.0,1,0.3458410072841819,35
1738,3,3693,1399,2294,0,0,0,1.0,1,1.0,1,1.0,1,0.2875743689571123,36
1739,3,3696,1401,2295,0,0,0,1.0,1,1.0,1,1.0,1,0.3000446842824237,36
1740,5,3701,1403,2298,0,0,0,1.0,1,1.0,1,1.0,1,0.28270899235841396,37
1741,2,3703,1403,2300,0,0,0,1.0,1,1.0,1,1.0,1,0.22518662677787887,36
1742,1,3704,1404,2300,0,0,0,1.0,1,1.0,1,1.0,1,0.24229194047374533,36
1743,3,3707,1406,2301,0,0,0,1.0,1,1.0,1,1.0,1,0.22809818713532712,37
1744,0,3707,1406,2301,0,0,0,1.0,1,1.0,1,1.0,1,0.23535287004465005,37
1745,6,3713,1409,2304,0,0,0,1.0,1,1.0,1,1.0,1,0.19310215159936484,38
1746,1,3714,1409,2305,0,0,0,1.0,1,1.0,1,1.0,1,0.17833130062327865,38
1747,0,3714,1409,2305,0,0,0,1.0,1,1.0,1,1.0,1,0.1869325707648453,37
1748,1,3715,1410,2305,0,0,0,1.0,1,1.0,1,1.0,1,0.17744031967402746,38
1749,0,3715,1410,2305,0,0,0,1.0,1,1.0,1,1.0,1,0.17744031967402746,38
1750,1,3716,1410,2306,0,0,0,1.0,1,1.0,1,1.0,1,0.20428888665916609,39
1751,0,3716,1410,2306,0,0,0,1.0,1,1.0,1,1.0,1,0.2054213157540688,41
1752,0,3716,1410,2306,0,0,0,1.0,1,1.0,1,1.0,1,0.2054213157540688,41
1753,1,3717,1410,2307,0,0,0,1.0,1,1.0,1,1.0,1,0.20106475792172404,41
1754,1,3718,1411,2307,0,0,0,1.0,1,1.0,1,1.0,1,0.20353795596068525,40
1755,1,3719,1412,2307,0,0,0,1.0,1,1.0,1,1.0,1,0.19619114077039654,41
1756,0,3719,1412,2307,0,0,0,1.0,1,1.0,1,1.0,1,0.2305915413468368,41
1757,1,3720,1412,2308,0,0,0,1.0,1,1.0,1,1.0,1,0.246994726134473,40
1758,0,3720,1412,2308,0,0,0,1.0,1,1.0,1,1.0,1,0.24916934819298703,41
1759,3,3723,1414,2309,0,0,0,1.0,1,1.0,1,1.0,1,0.3173046326434807,38
1760,3,3726,1415,2311,0,0,0,1.0,1,1.0,1,1.0,1,0.3668753428295131,38
1761,3,3729,1416,2313,0,0,0,1.0,1,1.0,1,1.0,1,0.3403467906241139,37
1762,4,3733,1417,2316,0,0,0,1.0,1,1.0,1,1.0,1,0.3133625214900433,37
1763,2,3735,1418,2317,0,0,0,1.0,1,1.0,1,1.0,1,0.31585933486166534,37
1764,2,3737,1419,2318,0,0,0,1.0,1,1.0,1,1.0,1,0.2770394380939447,36
1765,2,3739,1421,2318,0,0,0,1.0,1,1.0,1,1.0,1,0.2820373980936851,36
1766,3,3742,1422,2320,0,0,0,1.0,1,1.0,1,1.0,1,0.24140086504241517,37
1767,3,3745,1423,2322,0,0,0,1.0,1,1.0,1,1.0,1,0.25198874038558533,37
1768,2,3747,1424,2323,0,0,0,1.0,1,1.0,1,1.0,1,0.24329356373059816,37
1769,1,3748,1425,2323,0,0,0,1.0,1,1.0,1,1.0,1,0.242881416374648,38
1770,0,3748,1425,2323,0,0,0,1.0,1,1.0,1,1.0,1,0.2425333568083758,39
1771,0,3748,1425,2323,0,0,0,1.0,1,1.0,1,1.0,1,0.2425333568083758,39
1772,0,3748,1425,2323,0,0,0,1.0,1,1.0,1,1.0,1,0.2425333568083758,39
1773,0,3748,1425,2323,0,0,0,1.0,1,1.0,1,1.0,1,0.21922689155130873,41
1774,0,3748,1425,2323,0,0,0,1.0,1,1.0,1,1.0,1,0.21922689155130873,41
1775,0,3748,1425,2323,0,0,0,1.0,1,1.0,1,1.0,1,0.2335699792058191,42
1776,5,3753,1426,2327,0,0,0,1.0,1,1.0,1,1.0,1,0.18587215478666347,43
1777,1,3754,1426,2328,0,0,0,1.0,1,1.0,1,1.0,1,0.17933004571994163,43
1778,2,3756,1426,2330,0,0,0,1.0,1,1.0,1,1.0,1,0.1603098158855189,44
1779,1,3757,1426,2331,0,0,0,1.0,1,1.0,1,1.0,1,0.15936631979861682,46
1780,0,3757,1426,2331,0,0,0,1.0,1,1.0,1,1.0,1,0.15936631979861682,46
1781,0,3757,1426,2331,0,0,0,1.0,1,1.0,1,1.0,1,0.15936631979861682,46
1782,1,3758,1426,2332,0,0,0,1.0,1,1.0,1,1.0,1,0.16909923836697258,46
1783,3,3761,1428,2333,0,0,0,1.0,1,1.0,1,1.0,1,0.15035757896580002,44
1784,2,3763,1430,2333,0,0,0,1.0,1,1.0,1,1.0,1,0.18828628235889358,45
1785,1,3764,1431,2333,0,0,0,1.0,1,1.0,1,1.0,1,0.19438174643065093,42
1786,5,3769,1435,2334,0,0,0,1.0,1,1.0,1,1.0,1,0.2766629369159403,43
1787,3,3772,1437,2335,0,0,0,1.0,1,1.0,1,1.0,1,0.2905510319031023,41
1788,1,3773,1438,2335,0,0,0,1.0,1,1.0,1,1.0,1,0.31647399770110674,41
1789,6,3779,1440,2339,0,0,0,1.0,1,1.0,1,1.0,1,0.2701669246705226,41
1790,2,3781,1442,2339,0,0,0,1.0,1,1.0,1,1.0,1,0.2355521568737891,41
1791,2,3783,1443,2340,0,0,0,1.0,1,1.0,1,1.0,1,0.23734025452969568,40
1792,1,3784,1444,2340,0,0,0,1.0,1,1.0,1,1.0,1,0.23860089295011994,40
1793,1,3785,1444,2341,0,0,0,1.0,1,1.0,1,1.0,1,0.271396008272985,41
1794,3,3788,1445,2343,0,0,0,1.0,1,1.0,1,1.0,1,0.30108500787945247,41
1795,3,3791,1448,2343,0,0,0,1.0,1,1.0,1,1.0,1,0.28946789235426706,40
1796,3,3794,1450,2344,0,0,0,1.0,1,1.0,1,1.0,1,0.31354433207563837,40
1797,1,3795,1451,2344,0,0,0,1.0,1,1.0,1,1.0,1,0.36775566266527476,37
1798,1,3796,1452,2344,0,0,0,1.0,1,1.0,1,1.0,1,0.37955365451064726,37
1799,1,3797,1452,2345,0,0,0,1.0,1,1.0,1,1.0,1,0.4597869592684387,36
1800,3,3800,1452,2348,0,0,0,1.0,1,1.0,1,1.0,1,0.38531211030462875,36
1801,3,3803,1452,2351,0,0,0,1.0,1,1.0,1,1.0,1,0.272950161622757,34
1802,1,3804,1452,2352,0,0,0,1.0,1,1.0,1,1.0,1,0.23435655850366197,33
1803,1,3805,1453,2352,0,0,0,1.0,1,1.0,1,1.0,1,0.26099266686166944,33
1804,4,3809,1454,2355,0,0,0,1.0,1,1.0,1,1.0,1,0.24681017752744913,33
1805,0,3809,1454,2355,0,0,0,1.0,1,1.0,1,1.0,1,0.23641029645763098,35
1806,1,3810,1455,2355,0,0,0,1.0,1,1.0,1,1.0,1,0.26321680162788147,35
1807,3,3813,1455,2358,0,0,0,1.0,1,1.0,1,1.0,1,0.24040528637200273,35
1808,3,3816,1455,2361,0,0,0,1.0,1,1.0,1,1.0,1,0.1861732780467497,36
1809,1,3817,1455,2362,0,0,0,1.0,1,1.0,1,1.0,1,0.22976899132550618,36
1810,2,3819,1455,2364,0,0,0,1.0,1,1.0,1,1.0,1,0.24384308802786606,35
1811,6,3825,1456,2369,0,0,0,1.0,1,1.0,1,1.0,1,0.284147985210567,36
1812,4,3829,1456,2373,0,0,0,1.0,1,1.0,1,1.0,1,0.32206342215751876,36
1813,5,3834,1458,2376,0,0,0,1.0,1,1.0,1,1.0,1,0.32540093264871184,36
1814,6,3840,1458,2382,0,0,0,1.0,1,1.0,1,1.0,1,0.331814035400129,34
1815,6,3846,1458,2388,0,0,0,1.0,1,1.0,1,1.0,1,0.3065786436225412,35
1816,5,3851,1459,2392,0,0,0,1.0,1,1.0,1,1.0,1,0.33782809382495377,34
1817,7,3858,1461,2397,0,0,0,1.0,1,1.0,1,1.0,1,0.2479099762758085,34
1818,4,3862,1462,2400,0,0,0,1.0,1,1.0,1,1.0,1,0.26620710415909304,34
1819,4,3866,1463,2403,0,0,0,1.0,1,1.0,1,1.0,1,0.24730893134667473,35
1820,3,3869,1463,2406,0,0,0,1.0,1,1.0,1,1.0,1,0.26952974077145325,36
1821,3,3872,1464,2408,0,0,0,1.0,1,1.0,1,1.0,1,0.24647186719067707,36
1822,2,3874,1465,2409,0,0,0,1.0,1,1.0,1,1.0,1,0.25557282629181366,37
1823,3,3877,1466,2411,0,0,0,1.0,1,1.0,1,1.0,1,0.2523199310127627,38
1824,2,3879,1467,2412,0,0,0,1.0,1,1.0,1,1.0,1,0.22986694769649257,37
1825,3,3882,1469,2413,0,0,0,1.0,1,1.0,1,1.0,1,0.23107450332056922,36
1826,0,3882,1469,2413,0,0,0,1.0,1,1.0,1,1.0,1,0.21596755352820218,35
1827,1,3883,1470,2413,0,0,0,1.0,1,1.0,1,1.0,1,0.22450186262863836,35
1828,2,3885,1472,2413,0,0,0,1.0,1,1.0,1,1.0,1,0.2732853468699171,33
1829,0,3885,1472,2413,0,0,0,1.0,1,1.0,1,1.0,1,0.2626270918589292,32
1830,2,3887,1473,2414,0,0,0,1.0,1,1.0,1,1.0,1,0.3084878837557137,32
1831,0,3887,1473,2414,0,0,0,1.0,1,1.0,1,1.0,1,0.30932890555055265,30
1832,2,3889,1475,2414,0,0,0,1.0,1,1.0,1,1.0,1,0.38993837963972305,30
1833,2,3891,1476,2415,0,0,0,1.0,1,1.0,1,1.0,1,0.4047519571510489,29
1834,3,3894,1479,2415,0,0,0,1.0,1,1.0,1,1.0,1,0.35467591359702555,28
1835,1,3895,1480,2415,0,0,0,1.0,1,1.0,1,1.0,1,0.3733397921537142,28
1836,0,3895,1480,2415,0,0,0,1.0,1,1.0,1,1.0,1,0.3773678083739953,29
1837,0,3895,1480,2415,0,0,0,1.0,1,1.0,1,1.0,1,0.39402446309945294,28
1838,1,3896,1481,2415,0,0,0,1.0,1,1.0,1,1.0,1,0.42897467981159565,28
1839,3,3899,1483,2416,0,0,0,1.0,1,1.0,1,1.0,1,0.46806285704505746,27
1840,1,3900,1483,2417,0,0,0,1.0,1,1.0,1,1.0,1,0.5156738575730042,26
1841,8,3908,1483,2425,0,0,0,1.0,1,1.0,1,1.0,1,0.24868988450771654,25
1842,3,3911,1484,2427,0,0,0,1.0,1,1.0,1,1.0,1,0.22670387543145434,26
1843,0,3911,1484,2427,0,0,0,1.0,1,1.0,1,1.0,1,0.22670387543145434,26
1844,0,3911,1484,2427,0,0,0,1.0,1,1.0,1,1.0,1,0.22670387543145434,26
1845,0,3911,1484,2427,0,0,0,1.0,1,1.0,1,1.0,1,0.22670387543145434,26
1846,3,3914,1486,2428,0,0,0,1.0,1,1.0,1,1.0,1,0.25013027761427264,26
1847,0,3914,1486,2428,0,0,0,1.0,1,1.0,1,1.0,1,0.25013027761427264,26
1848,1,3915,1487,2428,0,0,0,1.0,1,1.0,1,1.0,1,0.2702210205606663,27
1849,0,3915,1487,2428,0,0,0,1.0,1,1.0,1,1.0,1,0.2702210205606663,27
1850,0,3915,1487,2428,0,0,0,1.0,1,1.0,1,1.0,1,0.29179209788799304,28
1851,0,3915,1487,2428,0,0,0,1.0,1,1.0,1,1.0,1,0.29179209788799304,28
1852,0,3915,1487,2428,0,0,0,1.0,1,1.0,1,1.0,1,0.29179209788799304,28
1853,0,3915,1487,2428,0,0,0,1.0,1,1.0,1,1.0,1,0.2967542376391498,27
1854,3,3918,1488,2430,0,0,0,1.0,1,1.0,1,1.0,1,0.31869170884927317,28
1855,2,3920,1488,2432,0,0,0,1.0,1,1.0,1,1.0,1,0.3047206239826744,28
1856,4,3924,1488,2436,0,0,0,1.0,1,1.0,1,1.0,1,0.27576356221647386,30
1857,3,3927,1488,2439,0,0,0,1.0,1,1.0,1,1.0,1,0.29753675123255874,31
1858,6,3933,1490,2443,0,0,0,1.0,1,1.0,1,1.0,1,0.3140213399541538,31
1859,4,3937,1490,2447,0,0,0,1.0,1,1.0,1,1.0,1,0.2904145864682686,31
1860,3,3940,1490,2450,0,0,0,1.0,1,1.0,1,1.0,1,0.2547161460924036,31
1861,0,3940,1490,2450,0,0,0,1.0,1,1.0,1,1.0,1,0.2547161460924036,31
1862,1,3941,1491,2450,0,0,0,1.0,1,1.0,1,1.0,1,0.2445303621457071,31
1863,1,3942,1492,2450,0,0,0,1.0,1,1.0,1,1.0,1,0.2790113082361509,31
1864,4,3946,1495,2451,0,0,0,1.0,1,1.0,1,1.0,1,0.2685692297160777,30
1865,0,3946,1495,2451,0,0,0,1.0,1,1.0,1,1.0,1,0.2466331368590063,27
1866,2,3948,1497,2451,0,0,0,1.0,1,1.0,1,1.0,1,0.31690346489657123,28
1867,1,3949,1498,2451,0,0,0,1.0,1,1.0,1,1.0,1,0.327052926167226,26
1868,1,3950,1499,2451,0,0,0,1.0,1,1.0,1,1.0,1,0.3742616604175862,26
1869,0,3950,1499,2451,0,0,0,1.0,1,1.0,1,1.0,1,0.37577565824325143,25
1870,1,3951,1500,2451,0,0,0,1.0,1,1.0,1,1.0,1,0.362025906634876,25
1871,1,3952,1501,2451,0,0,0,1.0,1,1.0,1,1.0,1,0.3508835145845563,26
1872,0,3952,1501,2451,0,0,0,1.0,1,1.0,1,1.0,1,0.33087894336003537,25
1873,0,3952,1501,2451,0,0,0,1.0,1,1.0,1,1.0,1,0.38510960088073615,23
1874,0,3952,1501,2451,0,0,0,1.0,1,1.0,1,1.0,1,0.35836380175308796,23
1875,0,3952,1501,2451,0,0,0,1.0,1,1.0,1,1.0,1,0.3876560019795053,21
1876,3,3955,1502,2453,0,0,0,1.0,1,1.0,1,1.0,1,0.31685844698235255,24
1877,0,3955,1502,2453,0,0,0,1.0,1,1.0,1,1.0,1,0.31685844698235255,24
1878,2,3957,1504,2453,0,0,0,1.0,1,1.0,1,1.0,1,0.31667680475978155,26
1879,0,3957,1504,2453,0,0,0,1.0,1,1.0,1,1.0,1,0.31667680475978155,26
1880,1,3958,1504,2454,0,0,0,1.0,1,1.0,1,1.0,1,0.2824439249096142,26
1881,0,3958,1504,2454,0,0,0,1.0,1,1.0,1,1.0,1,0.2824439249096142,26
1882,0,3958,1504,2454,0,0,0,1.0,1,1.0,1,1.0,1,0.27441957018558927,25
1883,0,3958,1504,2454,0,0,0,1.0,1,1.0,1,1.0,1,0.27441957018558927,25
1884,0,3958,1504,2454,0,0,0,1.0,1,1.0,1,1.0,1,0.27441957018558927,25
1885,0,3958,1504,2454,0,0,0,1.0,1,1.0,1,1.0,1,0.27441957018558927,25
1886,0,3958,1504,2454,0,0,0,1.0,1,1.0,1,1.0,1,0.2923870437930032,26
1887,0,3958,1504,2454,0,0,0,1.0,1,1.0,1,1.0,1,0.2923870437930032,26
1888,2,3960,1505,2455,0,0,0,1.0,1,1.0,1,1.0,1,0.29171196597899274,27
1889,1,3961,1505,2456,0,0,0,1.0,1,1.0,1,1.0,1,0.3006428584978176,28
1890,0,3961,1505,2456,0,0,0,1.0,1,1.0,1,1.0,1,0.3006428584978176,28
1891,0,3961,1505,2456,0,0,0,1.0,1,1.0,1,1.0,1,0.32782202268750227,29
1892,0,3961,1505,2456,0,0,0,1.0,1,1.0,1,1.0,1,0.32782202268750227,29
1893,0,3961,1505,2456,0,0,0,1.0,1,1.0,1,1.0,1,0.32782202268750227,29
1894,0,3961,1505,2456,0,0,0,1.0,1,1.0,1,1.0,1,0.32782202268750227,29
1895,4,3965,1506,2459,0,0,0,1.0,1,1.0,1,1.0,1,0.2691222227444941,31
1896,1,3966,1506,2460,0,0,0,1.0,1,1.0,1,1.0,1,0.2461328220064404,31
1897,0,3966,1506,2460,0,0,0,1.0,1,1.0,1,1.0,1,0.2461328220064404,31
1898,0,3966,1506,2460,0,0,0,1.0,1,1.0,1,1.0,1,0.2461328220064404,31
1899,1,3967,1506,2461,0,0,0,1.0,1,1.0,1,1.0,1,0.2554630916286075,32
1900,0,3967,1506,2461,0,0,0,1.0,1,1.0,1,1.0,1,0.2554630916286075,32
1901,1,3968,1506,2462,0,0,0,1.0,1,1.0,1,1.0,1,0.23114474494065798,32
1902,0,3968,1506,2462,0,0,0,1.0,1,1.0,1,1.0,1,0.23114474494065798,32
1903,0,3968,1506,2462,0,0,0,1.0,1,1.0,1,1.0,1,0.23114474494065798,32
1904,0,3968,1506,2462,0,0,0,1.0,1,1.0,1,1.0,1,0.22013330979260373,34
1905,0,3968,1506,2462,0,0,0,1.0,1,1.0,1,1.0,1,0.22013330979260373,34
1906,0,3968,1506,2462,0,0,0,1.0,1,1.0,1,1.0,1,0.23061998989256255,35
1907,0,3968,1506,2462,0,0,0,1.0,1,1.0,1,1.0,1,0.2279586419570544,36
1908,0,3968,1506,2462,0,0,0,1.0,1,1.0,1,1.0,1,0.2279586419570544,36
1909,1,3969,1506,2463,0,0,0,1.0,1,1.0,1,1.0,1,0.22015607293536651,37
1910,1,3970,1507,2463,0,0,0,1.0,1,1.0,1,1.0,1,0.2609357657668846,38
1911,0,3970,1507,2463,0,0,0,1.0,1,1.0,1,1.0,1,0.2474639338205155,37
1912,3,3973,1509,2464,0,0,0,1.0,1,1.0,1,1.0,1,0.2432830591173745,37
1913,0,3973,1509,2464,0,0,0,1.0,1,1.0,1,1.0,1,0.23172047327934917,36
1914,3,3976,1510,2466,0,0,0,1.0,1,1.0,1,1.0,1,0.26064397032761155,37
1915,3,3979,1511,2468,0,0,0,1.0,1,1.0,1,1.0,1,0.2643349695545651,37
1916,6,3985,1514,2471,0,0,0,1.0,1,1.0,1,1.0,1,0.2669819507465188,39
1917,4,3989,1515,2474,0,0,0,1.0,1,1.0,1,1.0,1,0.2854453546467184,38
1918,2,3991,1516,2475,0,0,0,1.0,1,1.0,1,1.0,1,0.2978524606470087,38
1919,3,3994,1516,2478,0,0,0,1.0,1,1.0,1,1.0,1,0.2599176706849745,38
1920,1,3995,1516,2479,0,0,0,1.0,1,1.0,1,1.0,1,0.2710505319102305,39
1921,1,3996,1516,2480,0,0,0,1.0,1,1.0,1,1.0,1,0.22274227382045725,38
1922,3,3999,1518,2481,0,0,0,1.0,1,1.0,1,1.0,1,0.18846615998599095,39
1923,2,4001,1519,2482,0,0,0,1.0,1,1.0,1,1.0,1,0.20679040357071968,40
1924,0,4001,1519,2482,0,0,0,1.0,1,1.0,1,1.0,1,0.20679040357071968,40
1925,0,4001,1519,2482,0,0,0,1.0,1,1.0,1,1.0,1,0.22605461408624697,40
1926,0,4001,1519,2482,0,0,0,1.0,1,1.0,1,1.0,1,0.22605461408624697,40
1927,1,4002,1520,2482,0,0,0,1.0,1,1.0,1,1.0,1,0.23829496780651158,41
1928,1,4003,1521,2482,0,0,0,1.0,1,1.0,1,1.0,1,0.25337266821819726,41
1929,0,4003,1521,2482,0,0,0,1.0,1,1.0,1,1.0,1,0.2501810624203495,40
1930,1,4004,1521,2483,0,0,0,1.0,1,1.0,1,1.0,1,0.2028268986686719,40
1931,0,4004,1521,2483,0,0,0,1.0,1,1.0,1,1.0,1,0.2028268986686719,40
1932,0,4004,1521,2483,0,0,0,1.0,1,1.0,1,1.0,1,0.2028268986686719,40
1933,1,4005,1521,2484,0,0,0,1.0,1,1.0,1,1.0,1,0.20518897033840933,42
1934,0,4005,1521,2484,0,0,0,1.0,1,1.0,1,1.0,1,0.2214614691098151,44
1935,0,4005,1521,2484,0,0,0,1.0,1,1.0,1,1.0,1,0.2214614691098151,44
1936,3,4008,1523,2485,0,0,0,1.0,1,1.0,1,1.0,1,0.23413400497730316,46
1937,2,4010,1524,2486,0,0,0,1.0,1,1.0,1,1.0,1,0.20392941176900017,47
1938,1,4011,1525,2486,0,0,0,1.0,1,1.0,1,1.0,1,0.18834076385445636,47
1939,1,4012,1526,2486,0,0,0,1.0,1,1.0,1,1.0,1,0.20471317277447432,47
1940,0,4012,1526,2486,0,0,0,1.0,1,1.0,1,1.0,1,0.20471317277447432,47
1941,4,4016,1528,2488,0,0,0,1.0,1,1.0,1,1.0,1,0.16416751831823773,47
1942,2,4018,1530,2488,0,0,0,1.0,1,1.0,1,1.0,1,0.21413149847772367,49
1943,2,4020,1532,2488,0,0,0,1.0,1,1.0,1,1.0,1,0.20372250692761748,47
1944,8,4028,1536,2492,0,0,0,1.0,1,1.0,1,1.0,1,0.18972344456757112,47
1945,0,4028,1536,2492,0,0,0,1.0,1,1.0,1,1.0,1,0.1899828532005528,45
1946,1,4029,1536,2493,0,0,0,1.0,1,1.0,1,1.0,1,0.18798740057189814,45
1947,3,4032,1539,2493,0,0,0,1.0,1,1.0,1,1.0,1,0.2411943859087761,45
1948,1,4033,1540,2493,0,0,0,1.0,1,1.0,1,1.0,1,0.297432951289957,45
1949,4,4037,1544,2493,0,0,0,1.0,1,1.0,1,1.0,1,0.3797976158852885,42
1950,7,4044,1548,2496,0,0,0,1.0,1,1.0,1,1.0,1,0.34107513234989173,42
1951,2,4046,1549,2497,0,0,0,1.0,1,1.0,1,1.0,1,0.3886045315287321,38
1952,2,4048,1551,2497,0,0,0,1.0,1,1.0,1,1.0,1,0.3960061288457827,36
1953,0,4048,1551,2497,0,0,0,1.0,1,1.0,1,1.0,1,0.3845926265095035,35
1954,2,4050,1552,2498,0,0,0,1.0,1,1.0,1,1.0,1,0.35237546758801624,32
1955,0,4050,1552,2498,0,0,0,1.0,1,1.0,1,1.0,1,0.351742047976755,33
1956,3,4053,1554,2499,0,0,0,1.0,1,1.0,1,1.0,1,0.3574127491685408,31
1957,2,4055,1555,2500,0,0,0,1.0,1,1.0,1,1.0,1,0.35898972567437565,33
1958,2,4057,1556,2501,0,0,0,1.0,1,1.0,1,1.0,1,0.342794675623688,34
1959,1,4058,1556,2502,0,0,0,1.0,1,1.0,1,1.0,1,0.3259241444357188,35
1960,1,4059,1557,2502,0,0,0,1.0,1,1.0,1,1.0,1,0.3661047244977474,36
1961,5,4064,1558,2506,0,0,0,1.0,1,1.0,1,1.0,1,0.28560530770331716,36
1962,1,4065,1558,2507,0,0,0,1.0,1,1.0,1,1.0,1,0.32329810722318486,35
1963,4,4069,1558,2511,0,0,0,1.0,1,1.0,1,1.0,1,0.26166620209984515,36
1964,4,4073,1559,2514,0,0,0,1.0,1,1.0,1,1.0,1,0.20911283643368309,35
1965,0,4073,1559,2514,0,0,0,1.0,1,1.0,1,1.0,1,0.18820030967169518,36
1966,2,4075,1560,2515,0,0,0,1.0,1,1.0,1,1.0,1,0.18367434442589528,36
1967,1,4076,1560,2516,0,0,0,1.0,1,1.0,1,1.0,1,0.1660436136050469,36
1968,0,4076,1560,2516,0,0,0,1.0,1,1.0,1,1.0,1,0.17058479854620542,37
1969,1,4077,1561,2516,0,0,0,1.0,1,1.0,1,1.0,1,0.17214490904320415,37
1970,0,4077,1561,2516,0,0,0,1.0,1,1.0,1,1.0,1,0.18739539060724988,38
1971,0,4077,1561,2516,0,0,0,1.0,1,1.0,1,1.0,1,0.20350294617167072,37
1972,0,4077,1561,2516,0,0,0,1.0,1,1.0,1,1.0,1,0.20350294617167072,37
1973,5,4082,1562,2520,0,0,0,1.0,1,1.0,1,1.0,1,0.2716415343483582,37
1974,2,4084,1563,2521,0,0,0,1.0,1,1.0,1,1.0,1,0.27630386717258765,38
1975,3,4087,1563,2524,0,0,0,1.0,1,1.0,1,1.0,1,0.288693158707272,37
1976,4,4091,1566,2525,0,0,0,1.0,1,1.0,1,1.0,1,0.3129665865765781,39
1977,3,4094,1567,2527,0,0,0,1.0,1,1.0,1,1.0,1,0.3073396256169769,42
1978,2,4096,1568,2528,0,0,0,1.0,1,1.0,1,1.0,1,0.29769696985432703,42
1979,3,4099,1568,2531,0,0,0,1.0,1,1.0,1,1.0,1,0.24410673943887376,42
1980,0,4099,1568,2531,0,0,0,1.0,1,1.0,1,1.0,1,0.2514541222455771,43
1981,2,4101,1568,2533,0,0,0,1.0,1,1.0,1,1.0,1,0.22779859403285707,44
1982,1,4102,1569,2533,0,0,0,1.0,1,1.0,1,1.0,1,0.22931515464533275,44
1983,2,4104,1571,2533,0,0,0,1.0,1,1.0,1,1.0,1,0.20771557672040358,44
1984,1,4105,1572,2533,0,0,0,1.0,1,1.0,1,1.0,1,0.24158191106978366,42
1985,2,4107,1573,2534,0,0,0,1.0,1,1.0,1,1.0,1,0.21705539565119042,41
1986,5,4112,1576,2536,0,0,0,1.0,1,1.0,1,1.0,1,0.21455256333029374,40
1987,2,4114,1577,2537,0,0,0,1.0,1,1.0,1,1.0,1,0.1800414521175061,37
1988,3,4117,1580,2537,0,0,0,1.0,1,1.0,1,1.0,1,0.24256421727593983,35
1989,1,4118,1581,2537,0,0,0,1.0,1,1.0,1,1.0,1,0.24880841956069744,32
1990,1,4119,1582,2537,0,0,0,1.0,1,1.0,1,1.0,1,0.2991436697877908,31
1991,1,4120,1583,2537,0,0,0,1.0,1,1.0,1,1.0,1,0.33127633461668665,32
1992,0,4120,1583,2537,0,0,0,1.0,1,1.0,1,1.0,1,0.33127633461668665,32
1993,1,4121,1584,2537,0,0,0,1.0,1,1.0,1,1.0,1,0.38870767468976286,32
1994,1,4122,1585,2537,0,0,0,1.0,1,1.0,1,1.0,1,0.39359362918535346,31
1995,1,4123,1585,2538,0,0,0,1.0,1,1.0,1,1.0,1,0.3354209286524484,32
1996,0,4123,1585,2538,0,0,0,1.0,1,1.0,1,1.0,1,0.35138662508568363,32
1997,0,4123,1585,2538,0,0,0,1.0,1,1.0,1,1.0,1,0.3828028946469337,31
1998,1,4124,1586,2538,0,0,0,1.0,1,1.0,1,1.0,1,0.39567978084521244,32
1999,1,4125,1586,2539,0,0,0,1.0,1,1.0,1,1.0,1,0.3549286427001713,31
2000,0,4125,1586,2539,0,0,0,1.0,1,1.0,1,1.0,1,0.37381375494172703,30
2001,1,4126,1586,2540,0,0,0,1.0,1,1.0,1,1.0,1,0.36047621929546,29
2002,2,4128,1587,2541,0,0,0,1.0,1,1.0,1,1.0,1,0.3178140427570586,31
2003,4,4132,1589,2543,0,0,0,1.0,1,1.0,1,1.0,1,0.3268580462937659,33
2004,5,4137,1590,2547,0,0,0,1.0,1,1.0,1,1.0,1,0.30962133915231077,34
2005,1,4138,1590,2548,0,0,0,1.0,1,1.0,1,1.0,1,0.3035675716516479,35
2006,1,4139,1591,2548,0,0,0,1.0,1,1.0,1,1.0,1,0.30301910183568803,36
2007,0,4139,1591,2548,0,0,0,1.0,1,1.0,1,1.0,1,0.30301910183568803,36
2008,3,4142,1593,2549,0,0,0,1.0,1,1.0,1,1.0,1,0.29361669280069624,36
2009,1,4143,1593,2550,0,0,0,1.0,1,1.0,1,1.0,1,0.2615124300529699,37
2010,2,4145,1594,2551,0,0,0,1.0,1,1.0,1,1.0,1,0.2628740248367834,37
2011,0,4145,1594,2551,0,0,0,1.0,1,1.0,1,1.0,1,0.2628740248367834,37
2012,0,4145,1594,2551,0,0,0,1.0,1,1.0,1,1.0,1,0.2628740248367834,37
2013,1,4146,1594,2552,0,0,0,1.0,1,1.0,1,1.0,1,0.24694966022909629,39
2014,2,4148,1594,2554,0,0,0,1.0,1,1.0,1,1.0,1,0.2640261224878915,39
2015,2,4150,1594,2556,0,0,0,1.0,1,1.0,1,1.0,1,0.2640261224878915,39
2016,3,4153,1594,2559,0,0,0,1.0,1,1.0,1,1.0,1,0.21148449432640212,41
2017,3,4156,1594,2562,0,0,0,1.0,1,1.0,1,1.0,1,0.20617810569273767,41
2018,5,4161,1596,2565,0,0,0,1.0,1,1.0,1,1.0,1,0.2412610566575099,42
2019,1,4162,1596,2566,0,0,0,1.0,1,1.0,1,1.0,1,0.21068664635950005,43
2020,4,4166,1598,2568,0,0,0,1.0,1,1.0,1,1.0,1,0.23662221819149945,43
2021,2,4168,1599,2569,0,0,0,1.0,1,1.0,1,1.0,1,0.1939620324354669,43
2022,1,4169,1600,2569,0,0,0,1.0,1,1.0,1,1.0,1,0.18126122182679233,44
2023,3,4172,1602,2570,0,0,0,1.0,1,1.0,1,1.0,1,0.2146563397787154,42
2024,2,4174,1604,2570,0,0,0,1.0,1,1.0,1,1.0,1,0.22541538792894575,41
2025,3,4177,1606,2571,0,0,0,1.0,1,1.0,1,1.0,1,0.2454236086626988,39
2026,2,4179,1607,2572,0,0,0,1.0,1,1.0,1,1.0,1,0.2724168245514527,39
2027,4,4183,1610,2573,0,0,0,1.0,1,1.0,1,1.0,1,0.42902769061273216,38
2028,6,4189,1611,2578,0,0,0,1.0,1,1.0,1,1.0,1,0.3975841877945794,37
2029,1,4190,1611,2579,0,0,0,1.0,1,1.0,1,1.0,1,0.3787218804298531,35
2030,0,4190,1611,2579,0,0,0,1.0,1,1.0,1,1.0,1,0.351761983323963,32
2031,0,4190,1611,2579,0,0,0,1.0,1,1.0,1,1.0,1,0.37000963421971583,34
2032,1,4191,1612,2579,0,0,0,1.0,1,1.0,1,1.0,1,0.4088131887394096,35
2033,4,4195,1615,2580,0,0,0,1.0,1,1.0,1,1.0,1,0.3425292505420665,35
2034,3,4198,1616,2582,0,0,0,1.0,1,1.0,1,1.0,1,0.3111424609511887,35
2035,0,4198,1616,2582,0,0,0,1.0,1,1.0,1,1.0,1,0.30862583364663376,36
2036,0,4198,1616,2582,0,0,0,1.0,1,1.0,1,1.0,1,0.31061320661636826,35
2037,1,4199,1617,2582,0,0,0,1.0,1,1.0,1,1.0,1,0.3274892751539089,36
2038,1,4200,1618,2582,0,0,0,1.0,1,1.0,1,1.0,1,0.3201959870719949,38
2039,2,4202,1619,2583,0,0,0,1.0,1,1.0,1,1.0,1,0.32391281576198455,38
2040,0,4202,1619,2583,0,0,0,1.0,1,1.0,1,1.0,1,0.3074137039362565,37
2041,2,4204,1620,2584,0,0,0,1.0,1,1.0,1,1.0,1,0.33242413670758086,38
2042,2,4206,1620,2586,0,0,0,1.0,1,1.0,1,1.0,1,0.30735650146966903,38
2043,1,4207,1621,2586,0,0,0,1.0,1,1.0,1,1.0,1,0.28736736757158066,38
2044,0,4207,1621,2586,0,0,0,1.0,1,1.0,1,1.0,1,0.2781451745687594,39
2045,0,4207,1621,2586,0,0,0,1.0,1,1.0,1,1.0,1,0.2934257718000556,40
2046,3,4210,1621,2589,0,0,0,1.0,1,1.0,1,1.0,1,0.24514397481025874,41
2047,0,4210,1621,2589,0,0,0,1.0,1,1.0,1,1.0,1,0.24514397481025874,41
2048,1,4211,1621,2590,0,0,0,1.0,1,1.0,1,1.0,1,0.22706988182495155,43
2049,1,4212,1622,2590,0,0,0,1.0,1,1.0,1,1.0,1,0.2247536798934666,43
2050,1,4213,1622,2591,0,0,0,1.0,1,1.0,1,1.0,1,0.20642311876535302,43
2051,0,4213,1622,2591,0,0,0,1.0,1,1.0,1,1.0,1,0.23745397440284374,43
2052,1,4214,1623,2591,0,0,0,1.0,1,1.0,1,1.0,1,0.2492324656632313,44
2053,2,4216,1624,2592,0,0,0,1.0,1,1.0,1,1.0,1,0.2699553459664856,43
2054,1,4217,1625,2592,0,0,0,1.0,1,1.0,1,1.0,1,0.26561393862510174,44
2055,0,4217,1625,2592,0,0,0,1.0,1,1.0,1,1.0,1,0.27672592034516774,43
2056,1,4218,1626,2592,0,0,0,1.0,1,1.0,1,1.0,1,0.2788800701141366,44
2057,5,4223,1629,2594,0,0,0,1.0,1,1.0,1,1.0,1,0.2470603395120381,44
2058,3,4226,1631,2595,0,0,0,1.0,1,1.0,1,1.0,1,0.23482340825389308,44
2059,0,4226,1631,2595,0,0,0,1.0,1,1.0,1,1.0,1,0.24490777866950753,45
2060,2,4228,1632,2596,0,0,0,1.0,1,1.0,1,1.0,1,0.2657951261065818,46
2061,9,4237,1635,2602,0,0,0,1.0,1,1.0,1,1.0,1,0.20365511523944096,48
2062,3,4240,1636,2604,0,0,0,1.0,1,1.0,1,1.0,1,0.18899669629004004,48
2063,0,4240,1636,2604,0,0,0,1.0,1,1.0,1,1.0,1,0.19837552559486096,45
2064,1,4241,1637,2604,0,0,0,1.0,1,1.0,1,1.0,1,0.1893235423803786,44
2065,1,4242,1638,2604,0,0,0,1.0,1,1.0,1,1.0,1,0.18030488460464766,42
2066,3,4245,1641,2604,0,0,0,1.0,1,1.0,1,1.0,1,0.2692970151320321,42
2067,3,4248,1642,2606,0,0,0,1.0,1,1.0,1,1.0,1,0.2585113309138692,38
2068,2,4250,1643,2607,0,0,0,1.0,1,1.0,1,1.0,1,0.2912820288254079,37
2069,0,4250,1643,2607,0,0,0,1.0,1,1.0,1,1.0,1,0.31849395663099506,35
2070,2,4252,1644,2608,0,0,0,1.0,1,1.0,1,1.0,1,0.2840726585524046,35
2071,1,4253,1645,2608,0,0,0,1.0,1,1.0,1,1.0,1,0.32471240736346413,34
2072,1,4254,1646,2608,0,0,0,1.0,1,1.0,1,1.0,1,0.38026078702628197,35
2073,1,4255,1646,2609,0,0,0,1.0,1,1.0,1,1.0,1,0.375177030417876,37
2074,0,4255,1646,2609,0,0,0,1.0,1,1.0,1,1.0,1,0.3617127009920727,36
2075,0,4255,1646,2609,0,0,0,1.0,1,1.0,1,1.0,1,0.3706667685930416,38
2076,1,4256,1646,2610,0,0,0,1.0,1,1.0,1,1.0,1,0.34603935578376005,37
2077,0,4256,1646,2610,0,0,0,1.0,1,1.0,1,1.0,1,0.34603935578376005,37
2078,0,4256,1646,2610,0,0,0,1.0,1,1.0,1,1.0,1,0.34603935578376005,37
2079,1,4257,1647,2610,0,0,0,1.0,1,1.0,1,1.0,1,0.3448052809789088,37
2080,0,4257,1647,2610,0,0,0,1.0,1,1.0,1,1.0,1,0.35346905470081125,36
2081,6,4263,1648,2615,0,0,0,1.0,1,1.0,1,1.0,1,0.2748894379035164,37
2082,3,4266,1650,2616,0,0,0,1.0,1,1.0,1,1.0,1,0.34322982847143824,38
2083,2,4268,1650,2618,0,0,0,1.0,1,1.0,1,1.0,1,0.3214188507318704,39
2084,8,4276,1651,2625,0,0,0,1.0,1,1.0,1,1.0,1,0.2932035877243815,41
2085,4,4280,1652,2628,0,0,0,1.0,1,1.0,1,1.0,1,0.30953424729082557,41
2086,3,4283,1652,2631,0,0,0,1.0,1,1.0,1,1.0,1,0.30472682439913323,44
2087,2,4285,1652,2633,0,0,0,1.0,1,1.0,1,1.0,1,0.2871832201567998,44
2088,4,4289,1652,2637,0,0,0,1.0,1,1.0,1,1.0,1,0.2889534748333281,45
2089,3,4292,1652,2640,0,0,0,1.0,1,1.0,1,1.0,1,0.2666734954113406,46
2090,1,4293,1652,2641,0,0,0,1.0,1,1.0,1,1.0,1,0.27012913450322623,47
2091,2,4295,1652,2643,0,0,0,1.0,1,1.0,1,1.0,1,0.25634380619770797,48
2092,2,4297,1654,2643,0,0,0,1.0,1,1.0,1,1.0,1,0.2585546956352788,48
2093,0,4297,1654,2643,0,0,0,1.0,1,1.0,1,1.0,1,0.2585546956352788,48
2094,0,4297,1654,2643,0,0,0,1.0,1,1.0,1,1.0,1,0.24078678625866526,47
2095,1,4298,1654,2644,0,0,0,1.0,1,1.0,1,1.0,1,0.2342230617262978,49
2096,1,4299,1655,2644,0,0,0,1.0,1,1.0,1,1.0,1,0.2470011405564573,50
2097,1,4300,1655,2645,0,0,0,1.0,1,1.0,1,1.0,1,0.2406147961920875,50
2098,1,4301,1655,2646,0,0,0,1.0,1,1.0,1,1.0,1,0.24204473604597793,51
2099,0,4301,1655,2646,0,0,0,1.0,1,1.0,1,1.0,1,0.25425259426704677,50
2100,1,4302,1656,2646,0,0,0,1.0,1,1.0,1,1.0,1,0.24696548153802528,49
2101,6,4308,1658,2650,0,0,0,1.0,1,1.0,1,1.0,1,0.2632155621988608,48
2102,6,4314,1660,2654,0,0,0,1.0,1,1.0,1,1.0,1,0.26299371606171085,49
2103,2,4316,1661,2655,0,0,0,1.0,1,1.0,1,1.0,1,0.24374340721903015,44
2104,4,4320,1664,2656,0,0,0,1.0,1,1.0,1,1.0,1,0.3222809871504338,42
2105,0,4320,1664,2656,0,0,0,1.0,1,1.0,1,1.0,1,0.31573630759285093,40
2106,3,4323,1665,2658,0,0,0,1.0,1,1.0,1,1.0,1,0.3892128666939793,39
2107,2,4325,1666,2659,0,0,0,1.0,1,1.0,1,1.0,1,0.3431768240310944,37
2108,1,4326,1667,2659,0,0,0,1.0,1,1.0,1,1.0,1,0.34991518581198916,37
2109,3,4329,1670,2659,0,0,0,1.0,1,1.0,1,1.0,1,0.41183883503111623,36
2110,0,4329,1670,2659,0,0,0,1.0,1,1.0,1,1.0,1,0.3797657262486512,35
2111,1,4330,1671,2659,0,0,0,1.0,1,1.0,1,1.0,1,0.34395732013412045,35
2112,0,4330,1671,2659,0,0,0,1.0,1,1.0,1,1.0,1,0.34395732013412045,35
2113,0,4330,1671,2659,0,0,0,1.0,1,1.0,1,1.0,1,0.34317749554607035,35
2114,3,4333,1672,2661,0,0,0,1.0,1,1.0,1,1.0,1,0.30200761629571815,36
2115,0,4333,1672,2661,0,0,0,1.0,1,1.0,1,1.0,1,0.29958613248073773,37
2116,2,4335,1674,2661,0,0,0,1.0,1,1.0,1,1.0,1,0.3721761430378827,39
2117,3,4338,1674,2664,0,0,0,1.0,1,1.0,1,1.0,1,0.30553634798559487,39
2118,3,4341,1675,2666,0,0,0,1.0,1,1.0,1,1.0,1,0.33328656242532334,41
2119,4,4345,1677,2668,0,0,0,1.0,1,1.0,1,1.0,1,0.2437906653021114,42
2120,1,4346,1677,2669,0,0,0,1.0,1,1.0,1,1.0,1,0.22131193916826003,42
2121,2,4348,1677,2671,0,0,0,1.0,1,1.0,1,1.0,1,0.18198636250922506,42
2122,0,4348,1677,2671,0,0,0,1.0,1,1.0,1,1.0,1,0.20009328566246376,43
2123,1,4349,1677,2672,0,0,0,1.0,1,1.0,1,1.0,1,0.23853210058560628,42
2124,0,4349,1677,2672,0,0,0,1.0,1,1.0,1,1.0,1,0.23853210058560628,42
2125,0,4349,1677,2672,0,0,0,1.0,1,1.0,1,1.0,1,0.2589122720745893,41
2126,0,4349,1677,2672,0,0,0,1.0,1,1.0,1,1.0,1,0.2589122720745893,41
2127,0,4349,1677,2672,0,0,0,1.0,1,1.0,1,1.0,1,0.2589122720745893,41
2128,2,4351,1678,2673,0,0,0,1.0,1,1.0,1,1.0,1,0.23223344988076114,42
2129,1,4352,1678,2674,0,0,0,1.0,1,1.0,1,1.0,1,0.2587907109411118,43
2130,1,4353,1678,2675,0,0,0,1.0,1,1.0,1,1.0,1,0.24825826501042644,45
2131,0,4353,1678,2675,0,0,0,1.0,1,1.0,1,1.0,1,0.25197672930884724,44
2132,0,4353,1678,2675,0,0,0,1.0,1,1.0,1,1.0,1,0.25197672930884724,44
2133,1,4354,1678,2676,0,0,0,1.0,1,1.0,1,1.0,1,0.21642222394023639,45
2134,1,4355,1679,2676,0,0,0,1.0,1,1.0,1,1.0,1,0.23369042158032463,45
2135,5,4360,1682,2678,0,0,0,1.0,1,1.0,1,1.0,1,0.2547387149634633,46
2136,4,4364,1685,2679,0,0,0,1.0,1,1.0,1,1.0,1,0.23055559055096486,47
2137,4,4368,1687,2681,0,0,0,1.0,1,1.0,1,1.0,1,0.23081654633281806,47
2138,2,4370,1689,2681,0,0,0,1.0,1,1.0,1,1.0,1,0.27356955737433264,45
2139,4,4374,1690,2684,0,0,0,1.0,1,1.0,1,1.0,1,0.2175414434390455,45
2140,1,4375,1690,2685,0,0,0,1.0,1,1.0,1,1.0,1,0.2082474182602221,44
2141,3,4378,1692,2686,0,0,0,1.0,1,1.0,1,1.0,1,0.20172950044134344,45
2142,3,4381,1694,2687,0,0,0,1.0,1,1.0,1,1.0,1,0.18886572279434607,46
2143,1,4382,1694,2688,0,0,0,1.0,1,1.0,1,1.0,1,0.17204766494317278,46
2144,2,4384,1696,2688,0,0,0,1.0,1,1.0,1,1.0,1,0.1880187070536747,48
2145,1,4385,1697,2688,0,0,0,1.0,1,1.0,1,1.0,1,0.1912442069901704,46
2146,3,4388,1699,2689,0,0,0,1.0,1,1.0,1,1.0,1,0.17902258766894366,45
2147,2,4390,1701,2689,0,0,0,1.0,1,1.0,1,1.0,1,0.18701499494810134,44
2148,5,4395,1704,2691,0,0,0,1.0,1,1.0,1,1.0,1,0.236264127026243,44
2149,3,4398,1705,2693,0,0,0,1.0,1,1.0,1,1.0,1,0.2695041270709461,42
2150,4,4402,1708,2694,0,0,0,1.0,1,1.0,1,1.0,1,0.3102690837279516,40
2151,3,4405,1710,2695,0,0,0,1.0,1,1.0,1,1.0,1,0.319848455814709,39
2152,2,4407,1711,2696,0,0,0,1.0,1,1.0,1,1.0,1,0.3326178352149423,40
2153,4,4411,1712,2699,0,0,0,1.0,1,1.0,1,1.0,1,0.36807387245772044,42
2154,8,4419,1713,2706,0,0,0,1.0,1,1.0,1,1.0,1,0.34816995615845436,42
2155,5,4424,1715,2709,0,0,0,1.0,1,1.0,1,1.0,1,0.27558044271432797,41
2156,4,4428,1715,2713,0,0,0,1.0,1,1.0,1,1.0,1,0.3005068089374288,40
2157,5,4433,1716,2717,0,0,0,1.0,1,1.0,1,1.0,1,0.3198292726611425,40
2158,5,4438,1716,2722,0,0,0,1.0,1,1.0,1,1.0,1,0.32015191505421925,38
2159,2,4440,1716,2724,0,0,0,1.0,1,1.0,1,1.0,1,0.3132540095002382,38
2160,3,4443,1718,2725,0,0,0,1.0,1,1.0,1,1.0,1,0.312530409008272,38
2161,6,4449,1719,2730,0,0,0,1.0,1,1.0,1,1.0,1,0.20244691661939507,38
2162,2,4451,1720,2731,0,0,0,1.0,1,1.0,1,1.0,1,0.18487191110377124,38
2163,3,4454,1722,2732,0,0,0,1.0,1,1.0,1,1.0,1,0.2353308406975816,40
2164,3,4457,1724,2733,0,0,0,1.0,1,1.0,1,1.0,1,0.2799010728868097,41
2165,3,4460,1724,2736,0,0,0,1.0,1,1.0,1,1.0,1,0.23615304873000473,42
2166,0,4460,1724,2736,0,0,0,1.0,1,1.0,1,1.0,1,0.23615304873000473,42
2167,1,4461,1724,2737,0,0,0,1.0,1,1.0,1,1.0,1,0.19685016411237471,43
2168,2,4463,1724,2739,0,0,0,1.0,1,1.0,1,1.0,1,0.17037172793852762,43
2169,1,4464,1724,2740,0,0,0,1.0,1,1.0,1,1.0,1,0.21075600287050497,45
2170,4,4468,1724,2744,0,0,0,1.0,1,1.0,1,1.0,1,0.17298847252998775,46
2171,4,4472,1724,2748,0,0,0,1.0,1,1.0,1,1.0,1,0.1870835140484828,48
2172,4,4476,1724,2752,0,0,0,1.0,1,1.0,1,1.0,1,0.1767169271659052,49
2173,4,4480,1725,2755,0,0,0,1.0,1,1.0,1,1.0,1,0.17455676522243263,49
2174,2,4482,1726,2756,0,0,0,1.0,1,1.0,1,1.0,1,0.17690679082764613,49
2175,3,4485,1726,2759,0,0,0,1.0,1,1.0,1,1.0,1,0.16760493246529187,49
2176,2,4487,1726,2761,0,0,0,1.0,1,1.0,1,1.0,1,0.15543488273326006,51
2177,4,4491,1728,2763,0,0,0,1.0,1,1.0,1,1.0,1,0.1653702819773348,51
2178,1,4492,1729,2763,0,0,0,1.0,1,1.0,1,1.0,1,0.16256095967604586,50
2179,1,4493,1729,2764,0,0,0,1.0,1,1.0,1,1.0,1,0.12783611531846564,49
2180,0,4493,1729,2764,0,0,0,1.0,1,1.0,1,1.0,1,0.12536237893392183,47
2181,2,4495,1731,2764,0,0,0,1.0,1,1.0,1,1.0,1,0.14931868724764086,47
2182,3,4498,1733,2765,0,0,0,1.0,1,1.0,1,1.0,1,0.13477683442640545,45
2183,2,4500,1735,2765,0,0,0,1.0,1,1.0,1,1.0,1,0.15942844799560896,44
2184,4,4504,1738,2766,0,0,0,1.0,1,1.0,1,1.0,1,0.2414927536293501,43
2185,7,4511,1742,2769,0,0,0,1.0,1,1.0,1,1.0,1,0.2713069395275972,40
2186,4,4515,1745,2770,0,0,0,1.0,1,1.0,1,1.0,1,0.3126413196953019,38
2187,1,4516,1746,2770,0,0,0,1.0,1,1.0,1,1.0,1,0.30611508328069775,35
2188,3,4519,1749,2770,0,0,0,1.0,1,1.0,1,1.0,1,0.406354826975136,34
2189,0,4519,1749,2770,0,0,0,1.0,1,1.0,1,1.0,1,0.41168036797413327,31
2190,4,4523,1752,2771,0,0,0,1.0,1,1.0,1,1.0,1,0.4286839104730933,29
2191,1,4524,1753,2771,0,0,0,1.0,1,1.0,1,1.0,1,0.4592570067446874,28
2192,3,4527,1755,2772,0,0,0,1.0,1,1.0,1,1.0,1,0.4894198276326195,29
2193,1,4528,1756,2772,0,0,0,1.0,1,1.0,1,1.0,1,0.5207328085461,28
2194,0,4528,1756,2772,0,0,0,1.0,1,1.0,1,1.0,1,0.5227028849649127,27
2195,1,4529,1757,2772,0,0,0,1.0,1,1.0,1,1.0,1,0.5423018731564757,27
2196,2,4531,1758,2773,0,0,0,1.0,1,1.0,1,1.0,1,0.5842735774606284,27
2197,1,4532,1759,2773,0,0,0,1.0,1,1.0,1,1.0,1,0.568549027837398,27
2198,0,4532,1759,2773,0,0,0,1.0,1,1.0,1,1.0,1,0.5452737259415152,28
2199,2,4534,1760,2774,0,0,0,1.0,1,1.0,1,1.0,1,0.5204355640871011,29
2200,3,4537,1760,2777,0,0,0,1.0,1,1.0,1,1.0,1,0.4917682301573373,31
2201,8,4545,1762,2783,0,0,0,1.0,1,1.0,1,1.0,1,0.2565895512537819,32
2202,0,4545,1762,2783,0,0,0,1.0,1,1.0,1,1.0,1,0.2856581926264669,31
2203,0,4545,1762,2783,0,0,0,1.0,1,1.0,1,1.0,1,0.2739339767235946,32
2204,0,4545,1762,2783,0,0,0,1.0,1,1.0,1,1.0,1,0.2739339767235946,32
2205,0,4545,1762,2783,0,0,0,1.0,1,1.0,1,1.0,1,0.2795788133564642,33
2206,0,4545,1762,2783,0,0,0,1.0,1,1.0,1,1.0,1,0.27319170277369015,32
2207,1,4546,1762,2784,0,0,0,1.0,1,1.0,1,1.0,1,0.2711092153460072,33
2208,1,4547,1762,2785,0,0,0,1.0,1,1.0,1,1.0,1,0.21945581882424847,35
2209,1,4548,1763,2785,0,0,0,1.0,1,1.0,1,1.0,1,0.26317790279863157,36
2210,3,4551,1763,2788,0,0,0,1.0,1,1.0,1,1.0,1,0.2315037754655705,35
2211,0,4551,1763,2788,0,0,0,1.0,1,1.0,1,1.0,1,0.24666219199202852,36
2212,2,4553,1763,2790,0,0,0,1.0,1,1.0,1,1.0,1,0.23231438038773897,37
2213,5,4558,1765,2793,0,0,0,1.0,1,1.0,1,1.0,1,0.2157347383471679,37
2214,7,4565,1765,2800,0,0,0,1.0,1,1.0,1,1.0,1,0.20584589126001734,39
2215,5,4570,1766,2804,0,0,0,1.0,1,1.0,1,1.0,1,0.15378677147490294,36
2216,4,4574,1768,2806,0,0,0,1.0,1,1.0,1,1.0,1,0.1954691331082829,37
2217,4,4578,1769,2809,0,0,0,1.0,1,1.0,1,1.0,1,0.12836338665425437,35
2218,3,4581,1771,2810,0,0,0,1.0,1,1.0,1,1.0,1,0.13658145177826694,35
2219,0,4581,1771,2810,0,0,0,1.0,1,1.0,1,1.0,1,0.14965156964541565,33
2220,0,4581,1771,2810,0,0,0,1.0,1,1.0,1,1.0,1,0.16316098279099972,31
2221,1,4582,1772,2810,0,0,0,1.0,1,1.0,1,1.0,1,0.191961053024374,31
2222,1,4583,1772,2811,0,0,0,1.0,1,1.0,1,1.0,1,0.1680730591983963,30
2223,1,4584,1773,2811,0,0,0,1.0,1,1.0,1,1.0,1,0.18896951824509295,28
2224,3,4587,1776,2811,0,0,0,1.0,1,1.0,1,1.0,1,0.2189200775753869,29
2225,3,4590,1778,2812,0,0,0,1.0,1,1.0,1,1.0,1,0.24980708097154772,28
2226,3,4593,1779,2814,0,0,0,1.0,1,1.0,1,1.0,1,0.20126215160057218,30
2227,0,4593,1779,2814,0,0,0,1.0,1,1.0,1,1.0,1,0.21077604584039647,28
2228,3,4596,1782,2814,0,0,0,1.0,1,1.0,1,1.0,1,0.273792456292482,29
2229,1,4597,1783,2814,0,0,0,1.0,1,1.0,1,1.0,1,0.2378116492886696,28
2230,0,4597,1783,2814,0,0,0,1.0,1,1.0,1,1.0,1,0.2357003017347667,28
2231,1,4598,1784,2814,0,0,0,1.0,1,1.0,1,1.0,1,0.2339719084432263,27
2232,0,4598,1784,2814,0,0,0,1.0,1,1.0,1,1.0,1,0.25580654409550585,27
2233,2,4600,1786,2814,0,0,0,1.0,1,1.0,1,1.0,1,0.3024014347912894,28
2234,2,4602,1787,2815,0,0,0,1.0,1,1.0,1,1.0,1,0.3178503197680304,26
2235,1,4603,1788,2815,0,0,0,1.0,1,1.0,1,1.0,1,0.35098400387657136,26
2236,2,4605,1790,2815,0,0,0,1.0,1,1.0,1,1.0,1,0.44376702837728116,26
2237,2,4607,1792,2815,0,0,0,1.0,1,1.0,1,1.0,1,0.4449149858573202,26
2238,3,4610,1793,2817,0,0,0,1.0,1,1.0,1,1.0,1,0.3502995574587871,27
2239,1,4611,1794,2817,0,0,0,1.0,1,1.0,1,1.0,1,0.37324052173585254,28
2240,2,4613,1795,2818,0,0,0,1.0,1,1.0,1,1.0,1,0.3503971124072833,30
2241,4,4617,1797,2820,0,0,0,1.0,1,1.0,1,1.0,1,0.2513778791727478,29
2242,0,4617,1797,2820,0,0,0,1.0,1,1.0,1,1.0,1,0.2513778791727478,29
2243,2,4619,1798,2821,0,0,0,1.0,1,1.0,1,1.0,1,0.23999535058719104,29
2244,1,4620,1798,2822,0,0,0,1.0,1,1.0,1,1.0,1,0.21636122016057344,29
2245,0,4620,1798,2822,0,0,0,1.0,1,1.0,1,1.0,1,0.23444384189933726,30
2246,0,4620,1798,2822,0,0,0,1.0,1,1.0,1,1.0,1,0.2437036744325055,33
2247,0,4620,1798,2822,0,0,0,1.0,1,1.0,1,1.0,1,0.25138497724336323,34
2248,0,4620,1798,2822,0,0,0,1.0,1,1.0,1,1.0,1,0.25138497724336323,34
2249,0,4620,1798,2822,0,0,0,1.0,1,1.0,1,1.0,1,0.24852000535112834,35
2250,0,4620,1798,2822,0,0,0,1.0,1,1.0,1,1.0,1,0.24852000535112834,35
2251,0,4620,1798,2822,0,0,0,1.0,1,1.0,1,1.0,1,0.25030116762358795,36
2252,2,4622,1799,2823,0,0,0,1.0,1,1.0,1,1.0,1,0.2838982854830026,37
2253,3,4625,1801,2824,0,0,0,1.0,1,1.0,1,1.0,1,0.28764293676904407,35
2254,2,4627,1802,2825,0,0,0,1.0,1,1.0,1,1.0,1,0.30071850058341754,33
2255,1,4628,1802,2826,0,0,0,1.0,1,1.0,1,1.0,1,0.2902812352587486,35
2256,1,4629,1803,2826,0,0,0,1.0,1,1.0,1,1.0,1,0.31699144045623695,34
2257,1,4630,1804,2826,0,0,0,1.0,1,1.0,1,1.0,1,0.33981110116533086,36
2258,4,4634,1805,2829,0,0,0,1.0,1,1.0,1,1.0,1,0.31745292227818434,35
2259,1,4635,1805,2830,0,0,0,1.0,1,1.0,1,1.0,1,0.3184450079577379,35
2260,1,4636,1806,2830,0,0,0,1.0,1,1.0,1,1.0,1,0.36536550595881245,33
2261,4,4640,1808,2832,0,0,0,1.0,1,1.0,1,1.0,1,0.2914578765260419,33
2262,0,4640,1808,2832,0,0,0,1.0,1,1.0,1,1.0,1,0.3063027477465535,32
2263,2,4642,1810,2832,0,0,0,1.0,1,1.0,1,1.0,1,0.32274031479563264,31
2264,1,4643,1811,2832,0,0,0,1.0,1,1.0,1,1.0,1,0.353558940211699,30
2265,0,4643,1811,2832,0,0,0,1.0,1,1.0,1,1.0,1,0.3250323466388123,29
2266,4,4647,1814,2833,0,0,0,1.0,1,1.0,1,1.0,1,0.3117813835116765,30
2267,3,4650,1815,2835,0,0,0,1.0,1,1.0,1,1.0,1,0.26782708033778607,29
2268,4,4654,1817,2837,0,0,0,1.0,1,1.0,1,1.0,1,0.13261346828120496,30
2269,0,4654,1817,2837,0,0,0,1.0,1,1.0,1,1.0,1,0.12479624629688843,31
2270,2,4656,1819,2837,0,0,0,1.0,1,1.0,1,1.0,1,0.11167320398211379,31
2271,4,4660,1823,2837,0,0,0,1.0,1,1.0,1,1.0,1,0.20068868171050439,31
2272,2,4662,1825,2837,0,0,0,1.0,1,1.0,1,1.0,1,0.2650832770229303,31
2273,2,4664,1826,2838,0,0,0,1.0,1,1.0,1,1.0,1,0.2952309752705076,30
2274,1,4665,1826,2839,0,0,0,1.0,1,1.0,1,1.0,1,0.2689630021716821,31
2275,2,4667,1826,2841,0,0,0,1.0,1,1.0,1,1.0,1,0.2517257736547265,32
2276,2,4669,1828,2841,0,0,0,1.0,1,1.0,1,1.0,1,0.2596208601058462,31
2277,2,4671,1829,2842,0,0,0,1.0,1,1.0,1,1.0,1,0.24444479685449202,31
2278,1,4672,1830,2842,0,0,0,1.0,1,1.0,1,1.0,1,0.25001243979943816,32
2279,0,4672,1830,2842,0,0,0,1.0,1,1.0,1,1.0,1,0.2594929940369954,32
2280,0,4672,1830,2842,0,0,0,1.0,1,1.0,1,1.0,1,0.2638418299636762,33
2281,2,4674,1830,2844,0,0,0,1.0,1,1.0,1,1.0,1,0.218987969674,34
2282,0,4674,1830,2844,0,0,0,1.0,1,1.0,1,1.0,1,0.218987969674,34
2283,0,4674,1830,2844,0,0,0,1.0,1,1.0,1,1.0,1,0.218987969674,34
2284,2,4676,1831,2845,0,0,0,1.0,1,1.0,1,1.0,1,0.22726982637879461,34
2285,2,4678,1832,2846,0,0,0,1.0,1,1.0,1,1.0,1,0.21995268271948587,35
2286,0,4678,1832,2846,0,0,0,1.0,1,1.0,1,1.0,1,0.24667043694064303,34
2287,1,4679,1833,2846,0,0,0,1.0,1,1.0,1,1.0,1,0.22476772023492184,35
2288,1,4680,1833,2847,0,0,0,1.0,1,1.0,1,1.0,1,0.2369621302196066,35
2289,1,4681,1834,2847,0,0,0,1.0,1,1.0,1,1.0,1,0.24905583902991915,37
2290,1,4682,1835,2847,0,0,0,1.0,1,1.0,1,1.0,1,0.3019524724401843,37
2291,0,4682,1835,2847,0,0,0,1.0,1,1.0,1,1.0,1,0.2954837806421301,35
2292,4,4686,1836,2850,0,0,0,1.0,1,1.0,1,1.0,1,0.29584836886048393,35
2293,1,4687,1837,2850,0,0,0,1.0,1,1.0,1,1.0,1,0.2925456250298216,34
2294,0,4687,1837,2850,0,0,0,1.0,1,1.0,1,1.0,1,0.31481457537344254,33
2295,2,4689,1838,2851,0,0,0,1.0,1,1.0,1,1.0,1,0.33185774612753716,34
2296,5,4694,1838,2856,0,0,0,1.0,1,1.0,1,1.0,1,0.3396673656180864,33
2297,0,4694,1838,2856,0,0,0,1.0,1,1.0,1,1.0,1,0.3597981680624842,32
2298,0,4694,1838,2856,0,0,0,1.0,1,1.0,1,1.0,1,0.36723063435077785,32
2299,0,4694,1838,2856,0,0,0,1.0,1,1.0,1,1.0,1,0.349134063137397,33
2300,4,4698,1840,2858,0,0,0,1.0,1,1.0,1,1.0,1,0.3796260441679634,33
2301,3,4701,1841,2860,0,0,0,1.0,1,1.0,1,1.0,1,0.3202014539188553,33
2302,3,4704,1843,2861,0,0,0,1.0,1,1.0,1,1.0,1,0.3278401275415509,34
2303,7,4711,1847,2864,0,0,0,1.0,1,1.0,1,1.0,1,0.3278839600079706,34
2304,1,4712,1847,2865,0,0,0,1.0,1,1.0,1,1.0,1,0.25830543596493477,33
2305,1,4713,1848,2865,0,0,0,1.0,1,1.0,1,1.0,1,0.27946787867256445,33
2306,1,4714,1849,2865,0,0,0,1.0,1,1.0,1,1.0,1,0.2876766641902774,33
2307,2,4716,1849,2867,0,0,0,1.0,1,1.0,1,1.0,1,0.24565356132891777,35
2308,1,4717,1850,2867,0,0,0,1.0,1,1.0,1,1.0,1,0.2529528718623662,34
2309,2,4719,1852,2867,0,0,0,1.0,1,1.0,1,1.0,1,0.24436272062579664,34
2310,1,4720,1852,2868,0,0,0,1.0,1,1.0,1,1.0,1,0.20576423441153188,34
2311,1,4721,1853,2868,0,0,0,1.0,1,1.0,1,1.0,1,0.2233739803768462,35
2312,5,4726,1857,2869,0,0,0,1.0,1,1.0,1,1.0,1,0.3048450408801416,34
2313,1,4727,1858,2869,0,0,0,1.0,1,1.0,1,1.0,1,0.26056551550210616,35
2314,0,4727,1858,2869,0,0,0,1.0,1,1.0,1,1.0,1,0.29042572588665394,35
2315,1,4728,1858,2870,0,0,0,1.0,1,1.0,1,1.0,1,0.2884784255373327,34
2316,0,4728,1858,2870,0,0,0,1.0,1,1.0,1,1.0,1,0.29394857304583505,35
2317,0,4728,1858,2870,0,0,0,1.0,1,1.0,1,1.0,1,0.31725826415718583,32
2318,0,4728,1858,2870,0,0,0,1.0,1,1.0,1,1.0,1,0.31725826415718583,32
2319,0,4728,1858,2870,0,0,0,1.0,1,1.0,1,1.0,1,0.31725826415718583,32
2320,0,4728,1858,2870,0,0,0,1.0,1,1.0,1,1.0,1,0.3332254997964728,32
2321,3,4731,1858,2873,0,0,0,1.0,1,1.0,1,1.0,1,0.2673918781659637,33
2322,0,4731,1858,2873,0,0,0,1.0,1,1.0,1,1.0,1,0.2673918781659637,33
2323,0,4731,1858,2873,0,0,0,1.0,1,1.0,1,1.0,1,0.2673918781659637,33
2324,3,4734,1860,2874,0,0,0,1.0,1,1.0,1,1.0,1,0.2903161050392983,34
2325,0,4734,1860,2874,0,0,0,1.0,1,1.0,1,1.0,1,0.29393182619149905,35
2326,1,4735,1861,2874,0,0,0,1.0,1,1.0,1,1.0,1,0.3124926755176913,35
2327,3,4738,1861,2877,0,0,0,1.0,1,1.0,1,1.0,1,0.2678786466665368,36
2328,2,4740,1862,2878,0,0,0,1.0,1,1.0,1,1.0,1,0.31549202722900915,37
2329,0,4740,1862,2878,0,0,0,1.0,1,1.0,1,1.0,1,0.3475988925782429,37
2330,2,4742,1862,2880,0,0,0,1.0,1,1.0,1,1.0,1,0.32612282463418146,38
2331,1,4743,1862,2881,0,0,0,1.0,1,1.0,1,1.0,1,0.3177527469947538,40
2332,0,4743,1862,2881,0,0,0,1.0,1,1.0,1,1.0,1,0.3177527469947538,40
2333,0,4743,1862,2881,0,0,0,1.0,1,1.0,1,1.0,1,0.32777334974950784,41
2334,0,4743,1862,2881,0,0,0,1.0,1,1.0,1,1.0,1,0.32777334974950784,41
2335,0,4743,1862,2881,0,0,0,1.0,1,1.0,1,1.0,1,0.32777334974950784,41
2336,1,4744,1862,2882,0,0,0,1.0,1,1.0,1,1.0,1,0.32388462226407294,41
2337,1,4745,1862,2883,0,0,0,1.0,1,1.0,1,1.0,1,0.3328954525203431,42
2338,0,4745,1862,2883,0,0,0,1.0,1,1.0,1,1.0,1,0.34458930425307727,43
2339,0,4745,1862,2883,0,0,0,1.0,1,1.0,1,1.0,1,0.34458930425307727,43
2340,8,4753,1862,2891,0,0,0,1.0,1,1.0,1,1.0,1,0.2764698786298464,45
2341,4,4757,1862,2895,0,0,0,1.0,1,1.0,1,1.0,1,0.19659038069965132,45
2342,2,4759,1863,2896,0,0,0,1.0,1,1.0,1,1.0,1,0.20907467976319677,46
2343,3,4762,1864,2898,0,0,0,1.0,1,1.0,1,1.0,1,0.18083323446302216,45
2344,5,4767,1866,2901,0,0,0,1.0,1,1.0,1,1.0,1,0.22355747834627276,44
2345,1,4768,1866,2902,0,0,0,1.0,1,1.0,1,1.0,1,0.2116205570210542,44
2346,2,4770,1867,2903,0,0,0,1.0,1,1.0,1,1.0,1,0.24199904999415864,44
2347,4,4774,1868,2906,0,0,0,1.0,1,1.0,1,1.0,1,0.1883022174318876,44
2348,2,4776,1868,2908,0,0,0,1.0,1,1.0,1,1.0,1,0.19135455724772346,45
2349,2,4778,1868,2910,0,0,0,1.0,1,1.0,1,1.0,1,0.2093920826151849,46
2350,4,4782,1869,2913,0,0,0,1.0,1,1.0,1,1.0,1,0.22537484732135513,47
2351,2,4784,1869,2915,0,0,0,1.0,1,1.0,1,1.0,1,0.22406994536165348,47
2352,3,4787,1870,2917,0,0,0,1.0,1,1.0,1,1.0,1,0.2400631089055493,47
2353,2,4789,1870,2919,0,0,0,1.0,1,1.0,1,1.0,1,0.1891214443620092,46
2354,3,4792,1871,2921,0,0,0,1.0,1,1.0,1,1.0,1,0.19154056016353446,47
2355,4,4796,1871,2925,0,0,0,1.0,1,1.0,1,1.0,1,0.20283457876525937,47
2356,7,4803,1874,2929,0,0,0,1.0,1,1.0,1,1.0,1,0.16421623750175626,47
2357,6,4809,1875,2934,0,0,0,1.0,1,1.0,1,1.0,1,0.14662745262135377,47
2358,1,4810,1875,2935,0,0,0,1.0,1,1.0,1,1.0,1,0.12845427816773702,48
2359,0,4810,1875,2935,0,0,0,1.0,1,1.0,1,1.0,1,0.17328324400927958,49
2360,2,4812,1876,2936,0,0,0,1.0,1,1.0,1,1.0,1,0.16663036628347316,49
2361,4,4816,1877,2939,0,0,0,1.0,1,1.0,1,1.0,1,0.16455826700258724,50
2362,1,4817,1877,2940,0,0,0,1.0,1,1.0,1,1.0,1,0.13876982766950735,51
2363,0,4817,1877,2940,0,0,0,1.0,1,1.0,1,1.0,1,0.13876982766950735,51
2364,1,4818,1877,2941,0,0,0,1.0,1,1.0,1,1.0,1,0.13592312828708347,52
2365,2,4820,1878,2942,0,0,0,1.0,1,1.0,1,1.0,1,0.1459238712037687,53
2366,3,4823,1880,2943,0,0,0,1.0,1,1.0,1,1.0,1,0.14805436230321709,54
2367,4,4827,1882,2945,0,0,0,1.0,1,1.0,1,1.0,1,0.13735562653483485,52
2368,3,4830,1885,2945,0,0,0,1.0,1,1.0,1,1.0,1,0.18576846825267773,51
2369,2,4832,1886,2946,0,0,0,1.0,1,1.0,1,1.0,1,0.19716955752499052,51
2370,6,4838,1889,2949,0,0,0,1.0,1,1.0,1,1.0,1,0.2783948337886391,52
2371,8,4846,1891,2955,0,0,0,1.0,1,1.0,1,1.0,1,0.2777131432946664,52
2372,4,4850,1893,2957,0,0,0,1.0,1,1.0,1,1.0,1,0.3385468430185316,49
2373,5,4855,1893,2962,0,0,0,1.0,1,1.0,1,1.0,1,0.313351113796883,47
2374,2,4857,1893,2964,0,0,0,1.0,1,1.0,1,1.0,1,0.32426354090313525,45
2375,0,4857,1893,2964,0,0,0,1.0,1,1.0,1,1.0,1,0.31410399168090786,45
2376,0,4857,1893,2964,0,0,0,1.0,1,1.0,1,1.0,1,0.33829439926445004,43
2377,1,4858,1894,2964,0,0,0,1.0,1,1.0,1,1.0,1,0.30281028248460184,44
2378,0,4858,1894,2964,0,0,0,1.0,1,1.0,1,1.0,1,0.2945075112414349,43
2379,1,4859,1895,2964,0,0,0,1.0,1,1.0,1,1.0,1,0.25969352868132584,43
2380,3,4862,1896,2966,0,0,0,1.0,1,1.0,1,1.0,1,0.2521069668769954,43
2381,6,4868,1897,2971,0,0,0,1.0,1,1.0,1,1.0,1,0.13710496800858119,44
2382,2,4870,1899,2971,0,0,0,1.0,1,1.0,1,1.0,1,0.11825531841490673,44
2383,2,4872,1901,2971,0,0,0,1.0,1,1.0,1,1.0,1,0.14341207624902128,45
2384,3,4875,1904,2971,0,0,0,1.0,1,1.0,1,1.0,1,0.2350699374153712,45
2385,2,4877,1905,2972,0,0,0,1.0,1,1.0,1,1.0,1,0.18421477151591778,45
2386,4,4881,1909,2972,0,0,0,1.0,1,1.0,1,1.0,1,0.2381689974012412,46
2387,0,4881,1909,2972,0,0,0,1.0,1,1.0,1,1.0,1,0.21449833461024173,44
2388,5,4886,1911,2975,0,0,0,1.0,1,1.0,1,1.0,1,0.22097110039640333,44
2389,1,4887,1911,2976,0,0,0,1.0,1,1.0,1,1.0,1,0.2000593645524866,43
2390,2,4889,1913,2976,0,0,0,1.0,1,1.0,1,1.0,1,0.16970503167702744,44
2391,0,4889,1913,2976,0,0,0,1.0,1,1.0,1,1.0,1,0.15314943657340346,43
2392,2,4891,1915,2976,0,0,0,1.0,1,1.0,1,1.0,1,0.2408814110979819,44
2393,4,4895,1916,2979,0,0,0,1.0,1,1.0,1,1.0,1,0.21694307113910413,45
2394,1,4896,1917,2979,0,0,0,1.0,1,1.0,1,1.0,1,0.20530441317000425,44
2395,2,4898,1918,2980,0,0,0,1.0,1,1.0,1,1.0,1,0.1748082903180229,44
2396,2,4900,1920,2980,0,0,0,1.0,1,1.0,1,1.0,1,0.2028510572768053,45
2397,2,4902,1920,2982,0,0,0,1.0,1,1.0,1,1.0,1,0.17796898863167301,44
2398,1,4903,1921,2982,0,0,0,1.0,1,1.0,1,1.0,1,0.19825849093293824,44
2399,0,4903,1921,2982,0,0,0,1.0,1,1.0,1,1.0,1,0.2155471538435367,45
2400,0,4903,1921,2982,0,0,0,1.0,1,1.0,1,1.0,1,0.2155471538435367,45
2401,3,4906,1921,2985,0,0,0,1.0,1,1.0,1,1.0,1,0.16080276483549633,46
2402,1,4907,1922,2985,0,0,0,1.0,1,1.0,1,1.0,1,0.22110865846707478,47
2403,4,4911,1924,2987,0,0,0,1.0,1,1.0,1,1.0,1,0.19919622371366677,48
2404,1,4912,1925,2987,0,0,0,1.0,1,1.0,1,1.0,1,0.20931570188530668,47
2405,0,4912,1925,2987,0,0,0,1.0,1,1.0,1,1.0,1,0.19649455422285375,45
2406,2,4914,1926,2988,0,0,0,1.0,1,1.0,1,1.0,1,0.18253198989688152,45
2407,1,4915,1927,2988,0,0,0,1.0,1,1.0,1,1.0,1,0.20714116503799276,42
2408,3,4918,1928,2990,0,0,0,1.0,1,1.0,1,1.0,1,0.1401948890979667,41
2409,0,4918,1928,2990,0,0,0,1.0,1,1.0,1,1.0,1,0.1578939332011735,41
2410,2,4920,1929,2991,0,0,0,1.0,1,1.0,1,1.0,1,0.22265993428655062,40
2411,3,4923,1931,2992,0,0,0,1.0,1,1.0,1,1.0,1,0.2074642813077656,40
2412,3,4926,1932,2994,0,0,0,1.0,1,1.0,1,1.0,1,0.227576449913045,38
2413,4,4930,1934,2996,0,0,0,1.0,1,1.0,1,1.0,1,0.2992320304012836,38
2414,4,4934,1935,2999,0,0,0,1.0,1,1.0,1,1.0,1,0.26402663467061877,36
2415,5,4939,1937,3002,0,0,0,1.0,1,1.0,1,1.0,1,0.36182426564283393,36
2416,3,4942,1938,3004,0,0,0,1.0,1,1.0,1,1.0,1,0.36599323890058283,35
2417,2,4944,1939,3005,0,0,0,1.0,1,1.0,1,1.0,1,0.4011827506558111,33
2418,1,4945,1940,3005,0,0,0,1.0,1,1.0,1,1.0,1,0.4195734518885083,33
2419,3,4948,1940,3008,0,0,0,1.0,1,1.0,1,1.0,1,0.3479161777135187,33
2420,2,4950,1942,3008,0,0,0,1.0,1,1.0,1,1.0,1,0.31132929318620334,34
2421,3,4953,1943,3010,0,0,0,1.0,1,1.0,1,1.0,1,0.3316409728425708,34
2422,1,4954,1944,3010,0,0,0,1.0,1,1.0,1,1.0,1,0.31319061537870685,35
2423,5,4959,1946,3013,0,0,0,1.0,1,1.0,1,1.0,1,0.25511796761232985,36
2424,2,4961,1948,3013,0,0,0,1.0,1,1.0,1,1.0,1,0.23022870555816036,35
2425,2,4963,1949,3014,0,0,0,1.0,1,1.0,1,1.0,1,0.20542452717164453,33
2426,2,4965,1951,3014,0,0,0,1.0,1,1.0,1,1.0,1,0.21953746475512242,34
2427,0,4965,1951,3014,0,0,0,1.0,1,1.0,1,1.0,1,0.2876663748851949,34
2428,2,4967,1952,3015,0,0,0,1.0,1,1.0,1,1.0,1,0.29220762036879744,34
2429,2,4969,1953,3016,0,0,0,1.0,1,1.0,1,1.0,1,0.3164640119647194,34
2430,0,4969,1953,3016,0,0,0,1.0,1,1.0,1,1.0,1,0.3262282061796829,33
2431,0,4969,1953,3016,0,0,0,1.0,1,1.0,1,1.0,1,0.3262282061796829,33
2432,0,4969,1953,3016,0,0,0,1.0,1,1.0,1,1.0,1,0.36373742664849157,33
2433,3,4972,1955,3017,0,0,0,1.0,1,1.0,1,1.0,1,0.27927891176410113,34
2434,0,4972,1955,3017,0,0,0,1.0,1,1.0,1,1.0,1,0.27927891176410113,34
2435,1,4973,1956,3017,0,0,0,1.0,1,1.0,1,1.0,1,0.30138084171713964,34
2436,1,4974,1957,3017,0,0,0,1.0,1,1.0,1,1.0,1,0.250450622700535,33
2437,1,4975,1958,3017,0,0,0,1.0,1,1.0,1,1.0,1,0.21189735957645972,33
2438,1,4976,1958,3018,0,0,0,1.0,1,1.0,1,1.0,1,0.23731290858237805,34
2439,0,4976,1958,3018,0,0,0,1.0,1,1.0,1,1.0,1,0.257025100981064,35
2440,1,4977,1959,3018,0,0,0,1.0,1,1.0,1,1.0,1,0.27436142241976524,35
2441,7,4984,1962,3022,0,0,0,1.0,1,1.0,1,1.0,1,0.2135694054530073,35
2442,0,4984,1962,3022,0,0,0,1.0,1,1.0,1,1.0,1,0.20660369975803283,35
2443,2,4986,1964,3022,0,0,0,1.0,1,1.0,1,1.0,1,0.23491089001236637,35
2444,4,4990,1967,3023,0,0,0,1.0,1,1.0,1,1.0,1,0.2876114780304902,34
2445,2,4992,1968,3024,0,0,0,1.0,1,1.0,1,1.0,1,0.34131447813886245,33
2446,1,4993,1969,3024,0,0,0,1.0,1,1.0,1,1.0,1,0.4096644537738561,30
2447,2,4995,1971,3024,0,0,0,1.0,1,1.0,1,1.0,1,0.3358795900099652,29
2448,2,4997,1973,3024,0,0,0,1.0,1,1.0,1,1.0,1,0.3385056957519166,27
2449,0,4997,1973,3024,0,0,0,1.0,1,1.0,1,1.0,1,0.3533347831197818,26
2450,2,4999,1974,3025,0,0,0,1.0,1,1.0,1,1.0,1,0.34359243952633683,28
2451,1,5000,1974,3026,0,0,0,1.0,1,1.0,1,1.0,1,0.3285107240257029,28
2452,0,5000,1974,3026,0,0,0,1.0,1,1.0,1,1.0,1,0.34245579497271306,29
2453,4,5004,1974,3030,0,0,0,1.0,1,1.0,1,1.0,1,0.34164515979313215,30
2454,2,5006,1974,3032,0,0,0,1.0,1,1.0,1,1.0,1,0.3539898515795686,32
2455,3,5009,1975,3034,0,0,0,1.0,1,1.0,1,1.0,1,0.3435002910743164,33
2456,3,5012,1976,3036,0,0,0,1.0,1,1.0,1,1.0,1,0.28895996142894587,34
2457,2,5014,1976,3038,0,0,0,1.0,1,1.0,1,1.0,1,0.2781730616632151,34
2458,2,5016,1978,3038,0,0,0,1.0,1,1.0,1,1.0,1,0.2909041754333038,36
2459,0,5016,1978,3038,0,0,0,1.0,1,1.0,1,1.0,1,0.2909041754333038,36
2460,0,5016,1978,3038,0,0,0,1.0,1,1.0,1,1.0,1,0.29099159285554915,37
2461,3,5019,1979,3040,0,0,0,1.0,1,1.0,1,1.0,1,0.2651887735860672,37
2462,6,5025,1982,3043,0,0,0,1.0,1,1.0,1,1.0,1,0.23522170934171005,38
2463,1,5026,1983,3043,0,0,0,1.0,1,1.0,1,1.0,1,0.22736016132368686,38
2464,5,5031,1986,3045,0,0,0,1.0,1,1.0,1,1.0,1,0.24674993882035487,37
2465,1,5032,1987,3045,0,0,0,1.0,1,1.0,1,1.0,1,0.24310742097372903,36
2466,2,5034,1989,3045,0,0,0,1.0,1,1.0,1,1.0,1,0.2851546437916908,36
2467,0,5034,1989,3045,0,0,0,1.0,1,1.0,1,1.0,1,0.2977919554872017,34
2468,1,5035,1990,3045,0,0,0,1.0,1,1.0,1,1.0,1,0.33684008393208953,33
2469,1,5036,1991,3045,0,0,0,1.0,1,1.0,1,1.0,1,0.35083381388300056,32
2470,2,5038,1993,3045,0,0,0,1.0,1,1.0,1,1.0,1,0.42488386592938604,33
2471,1,5039,1993,3046,0,0,0,1.0,1,1.0,1,1.0,1,0.4237466877998395,31
2472,0,5039,1993,3046,0,0,0,1.0,1,1.0,1,1.0,1,0.4331409097524472,32
2473,0,5039,1993,3046,0,0,0,1.0,1,1.0,1,1.0,1,0.43044323883358504,31
2474,1,5040,1993,3047,0,0,0,1.0,1,1.0,1,1.0,1,0.4125019518576908,33
2475,2,5042,1994,3048,0,0,0,1.0,1,1.0,1,1.0,1,0.3815804247771315,33
2476,2,5044,1995,3049,0,0,0,1.0,1,1.0,1,1.0,1,0.3813661469704656,33
2477,3,5047,1996,3051,0,0,0,1.0,1,1.0,1,1.0,1,0.3679115400970302,33
2478,1,5048,1997,3051,0,0,0,1.0,1,1.0,1,1.0,1,0.30845962096945223,33
2479,3,5051,2000,3051,0,0,0,1.0,1,1.0,1,1.0,1,0.33445161991116007,33
2480,2,5053,2002,3051,0,0,0,1.0,1,1.0,1,1.0,1,0.3620581214808887,34
2481,4,5057,2004,3053,0,0,0,1.0,1,1.0,1,1.0,1,0.29998520409787394,33
2482,1,5058,2004,3054,0,0,0,1.0,1,1.0,1,1.0,1,0.28656853733992377,34
2483,4,5062,2005,3057,0,0,0,1.0,1,1.0,1,1.0,1,0.2431391364855397,33
2484,2,5064,2005,3059,0,0,0,1.0,1,1.0,1,1.0,1,0.18401173259271486,32
2485,2,5066,2005,3061,0,0,0,1.0,1,1.0,1,1.0,1,0.16307453505834613,31
2486,1,5067,2006,3061,0,0,0,1.0,1,1.0,1,1.0,1,0.1636756196996954,29
2487,0,5067,2006,3061,0,0,0,1.0,1,1.0,1,1.0,1,0.1636756196996954,29
2488,4,5071,2008,3063,0,0,0,1.0,1,1.0,1,1.0,1,0.2993502545248322,30
2489,2,5073,2009,3064,0,0,0,1.0,1,1.0,1,1.0,1,0.33222995712675396,29
2490,2,5075,2010,3065,0,0,0,1.0,1,1.0,1,1.0,1,0.34074026571554755,30
2491,2,5077,2010,3067,0,0,0,1.0,1,1.0,1,1.0,1,0.2821125180519479,30
2492,1,5078,2010,3068,0,0,0,1.0,1,1.0,1,1.0,1,0.2779187265394585,29
2493,2,5080,2010,3070,0,0,0,1.0,1,1.0,1,1.0,1,0.2779187265394585,29
2494,2,5082,2010,3072,0,0,0,1.0,1,1.0,1,1.0,1,0.29171950801769525,28
2495,4,5086,2011,3075,0,0,0,1.0,1,1.0,1,1.0,1,0.28819892578178447,29
2496,2,5088,2011,3077,0,0,0,1.0,1,1.0,1,1.0,1,0.32593676757436885,28
2497,3,5091,2012,3079,0,0,0,1.0,1,1.0,1,1.0,1,0.41047302206053876,28
2498,1,5092,2012,3080,0,0,0,1.0,1,1.0,1,1.0,1,0.398467932177043,29
2499,1,5093,2012,3081,0,0,0,1.0,1,1.0,1,1.0,1,0.4401830305026454,30
2500,2,5095,2013,3082,0,0,0,1.0,1,1.0,1,1.0,1,0.36640748524306777,29
2501,6,5101,2014,3087,0,0,0,1.0,1,1.0,1,1.0,1,0.2485921477294721,33
2502,2,5103,2015,3088,0,0,0,1.0,1,1.0,1,1.0,1,0.26407234208916053,33
2503,3,5106,2015,3091,0,0,0,1.0,1,1.0,1,1.0,1,0.25637084189791554,31
2504,4,5110,2017,3093,0,0,0,1.0,1,1.0,1,1.0,1,0.2931643935536882,31
2505,1,5111,2018,3093,0,0,0,1.0,1,1.0,1,1.0,1,0.2931976980740484,32
2506,2,5113,2020,3093,0,0,0,1.0,1,1.0,1,1.0,1,0.28773905201741923,31
2507,4,5117,2022,3095,0,0,0,1.0,1,1.0,1,1.0,1,0.24427634695308462,29
2508,4,5121,2025,3096,0,0,0,1.0,1,1.0,1,1.0,1,0.25488051100179066,31
2509,1,5122,2025,3097,0,0,0,1.0,1,1.0,1,1.0,1,0.2519017665764227,30
2510,1,5123,2025,3098,0,0,0,1.0,1,1.0,1,1.0,1,0.21754586531583886,31
2511,2,5125,2026,3099,0,0,0,1.0,1,1.0,1,1.0,1,0.17936719097779294,32
2512,4,5129,2028,3101,0,0,0,1.0,1,1.0,1,1.0,1,0.18860072290838484,32
2513,7,5136,2030,3106,0,0,0,1.0,1,1.0,1,1.0,1,0.16191385277604042,34
2514,1,5137,2030,3107,0,0,0,1.0,1,1.0,1,1.0,1,0.15704509050455961,35
2515,2,5139,2031,3108,0,0,0,1.0,1,1.0,1,1.0,1,0.19903995072394995,35
2516,1,5140,2032,3108,0,0,0,1.0,1,1.0,1,1.0,1,0.18362328606794867,34
2517,3,5143,2034,3109,0,0,0,1.0,1,1.0,1,1.0,1,0.20669664749329633,34
2518,4,5147,2037,3110,0,0,0,1.0,1,1.0,1,1.0,1,0.27736302123715656,33
2519,1,5148,2037,3111,0,0,0,1.0,1,1.0,1,1.0,1,0.2535992801932672,32
2520,1,5149,2038,3111,0,0,0,1.0,1,1.0,1,1.0,1,0.2442772005933679,31
2521,1,5150,2038,3112,0,0,0,1.0,1,1.0,1,1.0,1,0.20685194612635746,31
2522,1,5151,2039,3112,0,0,0,1.0,1,1.0,1,1.0,1,0.2510966967608443,30
2523,2,5153,2040,3113,0,0,0,1.0,1,1.0,1,1.0,1,0.20658063456647205,30
2524,0,5153,2040,3113,0,0,0,1.0,1,1.0,1,1.0,1,0.30162873764465664,29
2525,2,5155,2041,3114,0,0,0,1.0,1,1.0,1,1.0,1,0.3295283380828913,29
2526,0,5155,2041,3114,0,0,0,1.0,1,1.0,1,1.0,1,0.3283575143186099,27
2527,0,5155,2041,3114,0,0,0,1.0,1,1.0,1,1.0,1,0.33802618460246164,28
2528,0,5155,2041,3114,0,0,0,1.0,1,1.0,1,1.0,1,0.33802618460246164,28
2529,0,5155,2041,3114,0,0,0,1.0,1,1.0,1,1.0,1,0.33802618460246164,28
2530,0,5155,2041,3114,0,0,0,1.0,1,1.0,1,1.0,1,0.350771406497814,29
2531,0,5155,2041,3114,0,0,0,1.0,1,1.0,1,1.0,1,0.3697142177741571,30
2532,1,5156,2041,3115,0,0,0,1.0,1,1.0,1,1.0,1,0.3658670420008342,31
2533,2,5158,2041,3117,0,0,0,1.0,1,1.0,1,1.0,1,0.33638992446897037,31
2534,0,5158,2041,3117,0,0,0,1.0,1,1.0,1,1.0,1,0.33638992446897037,31
2535,1,5159,2042,3117,0,0,0,1.0,1,1.0,1,1.0,1,0.38471920033125523,31
2536,3,5162,2043,3119,0,0,0,1.0,1,1.0,1,1.0,1,0.39300360020959285,32
2537,1,5163,2044,3119,0,0,0,1.0,1,1.0,1,1.0,1,0.3615239030167519,33
2538,0,5163,2044,3119,0,0,0,1.0,1,1.0,1,1.0,1,0.3681948736675489,35
2539,3,5166,2046,3120,0,0,0,1.0,1,1.0,1,1.0,1,0.37456185854412927,37
2540,1,5167,2047,3120,0,0,0,1.0,1,1.0,1,1.0,1,0.38187400555833506,38
2541,6,5173,2049,3124,0,0,0,1.0,1,1.0,1,1.0,1,0.2582751101211845,39
2542,3,5176,2051,3125,0,0,0,1.0,1,1.0,1,1.0,1,0.25765170415763694,38
2543,3,5179,2054,3125,0,0,0,1.0,1,1.0,1,1.0,1,0.3125471293392464,41
2544,3,5182,2056,3126,0,0,0,1.0,1,1.0,1,1.0,1,0.3186947413036426,39
2545,9,5191,2058,3133,0,0,0,1.0,1,1.0,1,1.0,1,0.254511318260485,40
2546,0,5191,2058,3133,0,0,0,1.0,1,1.0,1,1.0,1,0.22160180793846385,38
2547,2,5193,2060,3133,0,0,0,1.0,1,1.0,1,1.0,1,0.24975853132374892,38
2548,0,5193,2060,3133,0,0,0,1.0,1,1.0,1,1.0,1,0.22935497351199427,35
2549,2,5195,2062,3133,0,0,0,1.0,1,1.0,1,1.0,1,0.2899139060209175,35
2550,0,5195,2062,3133,0,0,0,1.0,1,1.0,1,1.0,1,0.2897971492540649,33
2551,2,5197,2064,3133,0,0,0,1.0,1,1.0,1,1.0,1,0.35165713749373484,31
2552,0,5197,2064,3133,0,0,0,1.0,1,1.0,1,1.0,1,0.3835738346448852,30
2553,1,5198,2065,3133,0,0,0,1.0,1,1.0,1,1.0,1,0.35755743674907364,30
2554,0,5198,2065,3133,0,0,0,1.0,1,1.0,1,1.0,1,0.35517043792414543,32
2555,0,5198,2065,3133,0,0,0,1.0,1,1.0,1,1.0,1,0.37907113088522665,32
2556,1,5199,2066,3133,0,0,0,1.0,1,1.0,1,1.0,1,0.34942640305756334,32
2557,1,5200,2067,3133,0,0,0,1.0,1,1.0,1,1.0,1,0.3737270879052496,30
2558,3,5203,2068,3135,0,0,0,1.0,1,1.0,1,1.0,1,0.31926444930633197,31
2559,1,5204,2068,3136,0,0,0,1.0,1,1.0,1,1.0,1,0.3042841057143008,30
2560,0,5204,2068,3136,0,0,0,1.0,1,1.0,1,1.0,1,0.3042841057143008,30
2561,2,5206,2068,3138,0,0,0,1.0,1,1.0,1,1.0,1,0.2549855562579823,30
2562,1,5207,2068,3139,0,0,0,1.0,1,1.0,1,1.0,1,0.25511127804774364,33
2563,1,5208,2068,3140,0,0,0,1.0,1,1.0,1,1.0,1,0.23784093955239724,33
2564,0,5208,2068,3140,0,0,0,1.0,1,1.0,1,1.0,1,0.23784093955239724,33
2565,0,5208,2068,3140,0,0,0,1.0,1,1.0,1,1.0,1,0.23784093955239724,33
2566,1,5209,2068,3141,0,0,0,1.0,1,1.0,1,1.0,1,0.21437062269918067,35
2567,2,5211,2069,3142,0,0,0,1.0,1,1.0,1,1.0,1,0.23596993404470792,36
2568,2,5213,2070,3143,0,0,0,1.0,1,1.0,1,1.0,1,0.25339596023712385,37
2569,2,5215,2071,3144,0,0,0,1.0,1,1.0,1,1.0,1,0.25414307611296,37
2570,1,5216,2071,3145,0,0,0,1.0,1,1.0,1,1.0,1,0.24567937674844453,37
2571,0,5216,2071,3145,0,0,0,1.0,1,1.0,1,1.0,1,0.24567937674844453,37
2572,0,5216,2071,3145,0,0,0,1.0,1,1.0,1,1.0,1,0.2468580642609017,39
2573,0,5216,2071,3145,0,0,0,1.0,1,1.0,1,1.0,1,0.2468580642609017,39
2574,0,5216,2071,3145,0,0,0,1.0,1,1.0,1,1.0,1,0.27233351122823546,38
2575,2,5218,2072,3146,0,0,0,1.0,1,1.0,1,1.0,1,0.28406177516429104,38
2576,0,5218,2072,3146,0,0,0,1.0,1,1.0,1,1.0,1,0.2909961479278219,37
2577,3,5221,2072,3149,0,0,0,1.0,1,1.0,1,1.0,1,0.25526764462514645,39
2578,1,5222,2072,3150,0,0,0,1.0,1,1.0,1,1.0,1,0.26800831266178854,40
2579,1,5223,2072,3151,0,0,0,1.0,1,1.0,1,1.0,1,0.24570155699236962,41
2580,0,5223,2072,3151,0,0,0,1.0,1,1.0,1,1.0,1,0.24760698509937554,42
2581,0,5223,2072,3151,0,0,0,1.0,1,1.0,1,1.0,1,0.25638148186170195,43
2582,2,5225,2073,3152,0,0,0,1.0,1,1.0,1,1.0,1,0.26617354111703984,43
2583,3,5228,2074,3154,0,0,0,1.0,1,1.0,1,1.0,1,0.27918892933178674,43
2584,1,5229,2074,3155,0,0,0,1.0,1,1.0,1,1.0,1,0.2280523813763075,43
2585,2,5231,2075,3156,0,0,0,1.0,1,1.0,1,1.0,1,0.2489773857396798,44
2586,2,5233,2075,3158,0,0,0,1.0,1,1.0,1,1.0,1,0.18743054334291004,43
2587,2,5235,2076,3159,0,0,0,1.0,1,1.0,1,1.0,1,0.18277101612296354,44
2588,0,5235,2076,3159,0,0,0,1.0,1,1.0,1,1.0,1,0.18277101612296354,44
2589,1,5236,2077,3159,0,0,0,1.0,1,1.0,1,1.0,1,0.18737532818024677,44
2590,0,5236,2077,3159,0,0,0,1.0,1,1.0,1,1.0,1,0.18737532818024677,44
2591,0,5236,2077,3159,0,0,0,1.0,1,1.0,1,1.0,1,0.18737532818024677,44
2592,1,5237,2078,3159,0,0,0,1.0,1,1.0,1,1.0,1,0.22203611221878888,44
2593,1,5238,2079,3159,0,0,0,1.0,1,1.0,1,1.0,1,0.21983515512391508,43
2594,7,5245,2083,3162,0,0,0,1.0,1,1.0,1,1.0,1,0.21356554704605327,48
2595,3,5248,2084,3164,0,0,0,1.0,1,1.0,1,1.0,1,0.1591054032232856,45
2596,4,5252,2086,3166,0,0,0,1.0,1,1.0,1,1.0,1,0.178910006085538,46
2597,2,5254,2087,3167,0,0,0,1.0,1,1.0,1,1.0,1,0.14569364696500842,45
2598,0,5254,2087,3167,0,0,0,1.0,1,1.0,1,1.0,1,0.14569364696500842,45
2599,2,5256,2089,3167,0,0,0,1.0,1,1.0,1,1.0,1,0.1652263362649486,45
2600,1,5257,2090,3167,0,0,0,1.0,1,1.0,1,1.0,1,0.1671180151570751,48
2601,1,5258,2090,3168,0,0,0,1.0,1,1.0,1,1.0,1,0.1607043314020786,47
2602,0,5258,2090,3168,0,0,0,1.0,1,1.0,1,1.0,1,0.1838427581840956,48
2603,0,5258,2090,3168,0,0,0,1.0,1,1.0,1,1.0,1,0.1838427581840956,48
2604,0,5258,2090,3168,0,0,0,1.0,1,1.0,1,1.0,1,0.18710374725054457,47
2605,1,5259,2091,3168,0,0,0,1.0,1,1.0,1,1.0,1,0.21272254109449246,47
2606,0,5259,2091,3168,0,0,0,1.0,1,1.0,1,1.0,1,0.20654314586304784,46
2607,1,5260,2092,3168,0,0,0,1.0,1,1.0,1,1.0,1,0.2512231227387393,45
2608,2,5262,2093,3169,0,0,0,1.0,1,1.0,1,1.0,1,0.23098598087927935,45
2609,2,5264,2095,3169,0,0,0,1.0,1,1.0,1,1.0,1,0.23673415027507158,44
2610,4,5268,2096,3172,0,0,0,1.0,1,1.0,1,1.0,1,0.17715185937890016,45
2611,6,5274,2101,3173,0,0,0,1.0,1,1.0,1,1.0,1,0.19820895642557412,46
2612,2,5276,2102,3174,0,0,0,1.0,1,1.0,1,1.0,1,0.17976655955201945,47
2613,1,5277,2103,3174,0,0,0,1.0,1,1.0,1,1.0,1,0.20896321446547195,48
2614,3,5280,2105,3175,0,0,0,1.0,1,1.0,1,1.0,1,0.2562556618343189,48
2615,1,5281,2106,3175,0,0,0,1.0,1,1.0,1,1.0,1,0.2536025928209988,49
2616,0,5281,2106,3175,0,0,0,1.0,1,1.0,1,1.0,1,0.2536025928209988,49
2617,0,5281,2106,3175,0,0,0,1.0,1,1.0,1,1.0,1,0.23799619237360475,48
2618,2,5283,2107,3176,0,0,0,1.0,1,1.0,1,1.0,1,0.20059629863489215,47
2619,1,5284,2108,3176,0,0,0,1.0,1,1.0,1,1.0,1,0.20161055954440538,50
2620,1,5285,2109,3176,0,0,0,1.0,1,1.0,1,1.0,1,0.2186633287460541,51
2621,5,5290,2111,3179,0,0,0,1.0,1,1.0,1,1.0,1,0.16492226464732607,52
2622,1,5291,2112,3179,0,0,0,1.0,1,1.0,1,1.0,1,0.15341854972738483,52
2623,4,5295,2114,3181,0,0,0,1.0,1,1.0,1,1.0,1,0.20482844624421295,53
2624,3,5298,2117,3181,0,0,0,1.0,1,1.0,1,1.0,1,0.1854739426209225,51
2625,2,5300,2118,3182,0,0,0,1.0,1,1.0,1,1.0,1,0.19299268372880926,50
2626,1,5301,2119,3182,0,0,0,1.0,1,1.0,1,1.0,1,0.20689807047627573,49
2627,2,5303,2121,3182,0,0,0,1.0,1,1.0,1,1.0,1,0.23363871575167816,48
2628,1,5304,2122,3182,0,0,0,1.0,1,1.0,1,1.0,1,0.24786818778277447,48
2629,1,5305,2123,3182,0,0,0,1.0,1,1.0,1,1.0,1,0.2066042721575971,47
2630,1,5306,2124,3182,0,0,0,1.0,1,1.0,1,1.0,1,0.22424898723574815,47
2631,0,5306,2124,3182,0,0,0,1.0,1,1.0,1,1.0,1,0.22375766723918442,47
2632,4,5310,2127,3183,0,0,0,1.0,1,1.0,1,1.0,1,0.198028172222877,47
2633,0,5310,2127,3183,0,0,0,1.0,1,1.0,1,1.0,1,0.19328064611622592,44
2634,1,5311,2128,3183,0,0,0,1.0,1,1.0,1,1.0,1,0.2268409163755974,44
2635,7,5318,2131,3187,0,0,0,1.0,1,1.0,1,1.0,1,0.2768461364314011,45
2636,0,5318,2131,3187,0,0,0,1.0,1,1.0,1,1.0,1,0.27024544030653974,40
2637,2,5320,2132,3188,0,0,0,1.0,1,1.0,1,1.0,1,0.2896036940559246,41
2638,3,5323,2135,3188,0,0,0,1.0,1,1.0,1,1.0,1,0.33803205976152967,38
2639,2,5325,2135,3190,0,0,0,1.0,1,1.0,1,1.0,1,0.33943475432901354,39
2640,1,5326,2136,3190,0,0,0,1.0,1,1.0,1,1.0,1,0.3745202157573382,38
2641,11,5337,2140,3197,0,0,0,1.0,1,1.0,1,1.0,1,0.16471909758944253,37
2642,4,5341,2144,3197,0,0,0,1.0,1,1.0,1,1.0,1,0.23534821010140594,38
2643,3,5344,2144,3200,0,0,0,1.0,1,1.0,1,1.0,1,0.1567149343830592,37
2644,1,5345,2145,3200,0,0,0,1.0,1,1.0,1,1.0,1,0.1721595658493215,36
2645,2,5347,2147,3200,0,0,0,1.0,1,1.0,1,1.0,1,0.24380039076576385,35
2646,2,5349,2147,3202,0,0,0,1.0,1,1.0,1,1.0,1,0.23954161705036478,35
2647,2,5351,2148,3203,0,0,0,1.0,1,1.0,1,1.0,1,0.18213899094916866,35
2648,2,5353,2149,3204,0,0,0,1.0,1,1.0,1,1.0,1,0.16751307908696314,36
2649,1,5354,2150,3204,0,0,0,1.0,1,1.0,1,1.0,1,0.15685080388310343,37
2650,0,5354,2150,3204,0,0,0,1.0,1,1.0,1,1.0,1,0.16874726740631363,39
2651,1,5355,2151,3204,0,0,0,1.0,1,1.0,1,1.0,1,0.1716619112594891,39
2652,0,5355,2151,3204,0,0,0,1.0,1,1.0,1,1.0,1,0.1716619112594891,39
2653,0,5355,2151,3204,0,0,0,1.0,1,1.0,1,1.0,1,0.1716619112594891,39
2654,0,5355,2151,3204,0,0,0,1.0,1,1.0,1,1.0,1,0.18001943475805404,40
2655,0,5355,2151,3204,0,0,0,1.0,1,1.0,1,1.0,1,0.18001943475805404,40
2656,4,5359,2152,3207,0,0,0,1.0,1,1.0,1,1.0,1,0.19183038056544938,39
2657,1,5360,2152,3208,0,0,0,1.0,1,1.0,1,1.0,1,0.19765011023691,40
2658,0,5360,2152,3208,0,0,0,1.0,1,1.0,1,1.0,1,0.23133777752297682,41
2659,1,5361,2153,3208,0,0,0,1.0,1,1.0,1,1.0,1,0.25572389054090267,41
2660,2,5363,2153,3210,0,0,0,1.0,1,1.0,1,1.0,1,0.27411051476673515,40
2661,5,5368,2154,3214,0,0,0,1.0,1,1.0,1,1.0,1,0.17837214079631034,40
2662,3,5371,2155,3216,0,0,0,1.0,1,1.0,1,1.0,1,0.1678649456063812,42
2663,0,5371,2155,3216,0,0,0,1.0,1,1.0,1,1.0,1,0.1507189184158508,41
2664,3,5374,2157,3217,0,0,0,1.0,1,1.0,1,1.0,1,0.22117187658266413,42
2665,3,5377,2158,3219,0,0,0,1.0,1,1.0,1,1.0,1,0.1978902447594103,43
2666,3,5380,2160,3220,0,0,0,1.0,1,1.0,1,1.0,1,0.1923842301699095,44
2667,5,5385,2162,3223,0,0,0,1.0,1,1.0,1,1.0,1,0.20826077009495128,42
2668,1,5386,2163,3223,0,0,0,1.0,1,1.0,1,1.0,1,0.23854309704269158,41
2669,0,5386,2163,3223,0,0,0,1.0,1,1.0,1,1.0,1,0.2521288683690623,42
2670,0,5386,2163,3223,0,0,0,1.0,1,1.0,1,1.0,1,0.2908261656809825,40
2671,0,5386,2163,3223,0,0,0,1.0,1,1.0,1,1.0,1,0.2803982957459433,39
2672,3,5389,2166,3223,0,0,0,1.0,1,1.0,1,1.0,1,0.310604029117072,36
2673,4,5393,2168,3225,0,0,0,1.0,1,1.0,1,1.0,1,0.38362362568039404,35
2674,0,5393,2168,3225,0,0,0,1.0,1,1.0,1,1.0,1,0.3670125150842781,33
2675,1,5394,2168,3226,0,0,0,1.0,1,1.0,1,1.0,1,0.3255064044836269,34
2676,2,5396,2169,3227,0,0,0,1.0,1,1.0,1,1.0,1,0.2865242148373119,32
2677,1,5397,2170,3227,0,0,0,1.0,1,1.0,1,1.0,1,0.3480969253645368,33
2678,0,5397,2170,3227,0,0,0,1.0,1,1.0,1,1.0,1,0.32806103698097233,33
2679,1,5398,2170,3228,0,0,0,1.0,1,1.0,1,1.0,1,0.342468948912671,32
2680,0,5398,2170,3228,0,0,0,1.0,1,1.0,1,1.0,1,0.342468948912671,32
2681,3,5401,2170,3231,0,0,0,1.0,1,1.0,1,1.0,1,0.28708179447188414,32
2682,5,5406,2173,3233,0,0,0,1.0,1,1.0,1,1.0,1,0.2905866712300956,33
2683,0,5406,2173,3233,0,0,0,1.0,1,1.0,1,1.0,1,0.26062467458127675,32
2684,1,5407,2173,3234,0,0,0,1.0,1,1.0,1,1.0,1,0.2679221405187259,31
2685,0,5407,2173,3234,0,0,0,1.0,1,1.0,1,1.0,1,0.2679221405187259,31
2686,0,5407,2173,3234,0,0,0,1.0,1,1.0,1,1.0,1,0.29740645706667745,30
2687,1,5408,2174,3234,0,0,0,1.0,1,1.0,1,1.0,1,0.34333433324500007,30
2688,3,5411,2175,3236,0,0,0,1.0,1,1.0,1,1.0,1,0.3604438394715266,30
2689,5,5416,2176,3240,0,0,0,1.0,1,1.0,1,1.0,1,0.3637248993056426,31
2690,4,5420,2178,3242,0,0,0,1.0,1,1.0,1,1.0,1,0.31010984052182183,31
2691,2,5422,2179,3243,0,0,0,1.0,1,1.0,1,1.0,1,0.39107788694798173,32
2692,4,5426,2181,3245,0,0,0,1.0,1,1.0,1,1.0,1,0.41930812963317443,32
2693,5,5431,2183,3248,0,0,0,1.0,1,1.0,1,1.0,1,0.4006029625637471,33
2694,3,5434,2183,3251,0,0,0,1.0,1,1.0,1,1.0,1,0.3854562277889738,34
2695,3,5437,2183,3254,0,0,0,1.0,1,1.0,1,1.0,1,0.35016510358233865,35
2696,2,5439,2183,3256,0,0,0,1.0,1,1.0,1,1.0,1,0.3592372296806852,35
2697,3,5442,2185,3257,0,0,0,1.0,1,1.0,1,1.0,1,0.33725250599915474,35
2698,4,5446,2185,3261,0,0,0,1.0,1,1.0,1,1.0,1,0.29446399803693163,36
2699,3,5449,2185,3264,0,0,0,1.0,1,1.0,1,1.0,1,0.3356373818248765,36
2700,2,5451,2185,3266,0,0,0,1.0,1,1.0,1,1.0,1,0.31422663060246636,37
2701,5,5456,2185,3271,0,0,0,1.0,1,1.0,1,1.0,1,0.2004122982352498,37
2702,1,5457,2186,3271,0,0,0,1.0,1,1.0,1,1.0,1,0.20175088961201731,37
2703,2,5459,2188,3271,0,0,0,1.0,1,1.0,1,1.0,1,0.2240371634188079,38
2704,1,5460,2189,3271,0,0,0,1.0,1,1.0,1,1.0,1,0.25726953492825994,37
2705,3,5463,2191,3272,0,0,0,1.0,1,1.0,1,1.0,1,0.2698353197382457,36
2706,2,5465,2192,3273,0,0,0,1.0,1,1.0,1,1.0,1,0.274116552796322,36
2707,1,5466,2192,3274,0,0,0,1.0,1,1.0,1,1.0,1,0.2490028053283618,35
2708,3,5469,2194,3275,0,0,0,1.0,1,1.0,1,1.0,1,0.279405564316868,36
2709,2,5471,2196,3275,0,0,0,1.0,1,1.0,1,1.0,1,0.2288222678194711,32
2710,1,5472,2197,3275,0,0,0,1.0,1,1.0,1,1.0,1,0.27019028893560393,29
2711,2,5474,2199,3275,0,0,0,1.0,1,1.0,1,1.0,1,0.3132890083674063,29
2712,1,5475,2200,3275,0,0,0,1.0,1,1.0,1,1.0,1,0.40917588018610823,28
2713,0,5475,2200,3275,0,0,0,1.0,1,1.0,1,1.0,1,0.4004698648977442,28
2714,0,5475,2200,3275,0,0,0,1.0,1,1.0,1,1.0,1,0.38284285288685194,26
2715,1,5476,2201,3275,0,0,0,1.0,1,1.0,1,1.0,1,0.3842992007643926,24
2716,0,5476,2201,3275,0,0,0,1.0,1,1.0,1,1.0,1,0.3854791999080428,24
2717,3,5479,2204,3275,0,0,0,1.0,1,1.0,1,1.0,1,0.4075459764790003,25
2718,2,5481,2205,3276,0,0,0,1.0,1,1.0,1,1.0,1,0.37692040235204066,25
2719,5,5486,2208,3278,0,0,0,1.0,1,1.0,1,1.0,1,0.352250552916233,25
2720,3,5489,2210,3279,0,0,0,1.0,1,1.0,1,1.0,1,0.3655150160936706,25
2721,4,5493,2212,3281,0,0,0,1.0,1,1.0,1,1.0,1,0.2578867284933438,25
2722,1,5494,2213,3281,0,0,0,1.0,1,1.0,1,1.0,1,0.20789730918885713,26
2723,0,5494,2213,3281,0,0,0,1.0,1,1.0,1,1.0,1,0.20789730918885713,26
2724,1,5495,2214,3281,0,0,0,1.0,1,1.0,1,1.0,1,0.22607439813117886,27
2725,1,5496,2214,3282,0,0,0,1.0,1,1.0,1,1.0,1,0.20555892563824998,28
2726,1,5497,2215,3282,0,0,0,1.0,1,1.0,1,1.0,1,0.21984577667413654,28
2727,1,5498,2215,3283,0,0,0,1.0,1,1.0,1,1.0,1,0.20954420245697986,29
2728,1,5499,2216,3283,0,0,0,1.0,1,1.0,1,1.0,1,0.23985929879073586,29
2729,0,5499,2216,3283,0,0,0,1.0,1,1.0,1,1.0,1,0.2502681079646253,29
2730,0,5499,2216,3283,0,0,0,1.0,1,1.0,1,1.0,1,0.2502681079646253,29
2731,1,5500,2216,3284,0,0,0,1.0,1,1.0,1,1.0,1,0.219987949994702,30
2732,1,5501,2217,3284,0,0,0,1.0,1,1.0,1,1.0,1,0.253520279877136,29
2733,0,5501,2217,3284,0,0,0,1.0,1,1.0,1,1.0,1,0.253520279877136,29
2734,0,5501,2217,3284,0,0,0,1.0,1,1.0,1,1.0,1,0.253520279877136,29
2735,1,5502,2218,3284,0,0,0,1.0,1,1.0,1,1.0,1,0.3015940744919655,29
2736,2,5504,2220,3284,0,0,0,1.0,1,1.0,1,1.0,1,0.3236187995072139,30
2737,1,5505,2220,3285,0,0,0,1.0,1,1.0,1,1.0,1,0.3415036466626993,30
2738,3,5508,2222,3286,0,0,0,1.0,1,1.0,1,1.0,1,0.36992870488549323,30
2739,2,5510,2223,3287,0,0,0,1.0,1,1.0,1,1.0,1,0.40328687661362533,29
2740,3,5513,2224,3289,0,0,0,1.0,1,1.0,1,1.0,1,0.4257911297012278,29
2741,6,5519,2225,3294,0,0,0,1.0,1,1.0,1,1.0,1,0.35541039263843915,28
2742,3,5522,2226,3296,0,0,0,1.0,1,1.0,1,1.0,1,0.3147937506242037,28
2743,0,5522,2226,3296,0,0,0,1.0,1,1.0,1,1.0,1,0.3279276688281376,29
2744,1,5523,2227,3296,0,0,0,1.0,1,1.0,1,1.0,1,0.3236520369055816,27
2745,1,5524,2228,3296,0,0,0,1.0,1,1.0,1,1.0,1,0.3311244678412448,25
2746,1,5525,2229,3296,0,0,0,1.0,1,1.0,1,1.0,1,0.3577457068001804,25
2747,2,5527,2231,3296,0,0,0,1.0,1,1.0,1,1.0,1,0.3866135394578502,23
2748,1,5528,2232,3296,0,0,0,1.0,1,1.0,1,1.0,1,0.4332288084435733,22
2749,0,5528,2232,3296,0,0,0,1.0,1,1.0,1,1.0,1,0.45833371524425476,19
2750,1,5529,2233,3296,0,0,0,1.0,1,1.0,1,1.0,1,0.49891474937538244,18
2751,0,5529,2233,3296,0,0,0,1.0,1,1.0,1,1.0,1,0.4864592335058876,16
2752,0,5529,2233,3296,0,0,0,1.0,1,1.0,1,1.0,1,0.4675524926989264,15
2753,0,5529,2233,3296,0,0,0,1.0,1,1.0,1,1.0,1,0.4675524926989264,15
2754,0,5529,2233,3296,0,0,0,1.0,1,1.0,1,1.0,1,0.4675524926989264,15
2755,0,5529,2233,3296,0,0,0,1.0,1,1.0,1,1.0,1,0.4675524926989264,15
2756,1,5530,2234,3296,0,0,0,1.0,1,1.0,1,1.0,1,0.4450645202446078,16
2757,0,5530,2234,3296,0,0,0,1.0,1,1.0,1,1.0,1,0.45136949219520067,17
2758,0,5530,2234,3296,0,0,0,1.0,1,1.0,1,1.0,1,0.45136949219520067,17
2759,0,5530,2234,3296,0,0,0,1.0,1,1.0,1,1.0,1,0.46424738343603766,18
2760,0,5530,2234,3296,0,0,0,1.0,1,1.0,1,1.0,1,0.46424738343603766,18
2761,0,5530,2234,3296,0,0,0,1.0,1,1.0,1,1.0,1,0.46424738343603766,18
2762,0,5530,2234,3296,0,0,0,1.0,1,1.0,1,1.0,1,0.46424738343603766,18
2763,0,5530,2234,3296,0,0,0,1.0,1,1.0,1,1.0,1,0.45103756994097816,17
2764,1,5531,2235,3296,0,0,0,1.0,1,1.0,1,1.0,1,0.5425757801895764,17
2765,2,5533,2235,3298,0,0,0,1.0,1,1.0,1,1.0,1,0.4189762209607048,18
2766,0,5533,2235,3298,0,0,0,1.0,1,1.0,1,1.0,1,0.4189762209607048,18
2767,0,5533,2235,3298,0,0,0,1.0,1,1.0,1,1.0,1,0.4189762209607048,18
2768,1,5534,2236,3298,0,0,0,1.0,1,1.0,1,1.0,1,0.36536160244360255,18
2769,1,5535,2237,3298,0,0,0,1.0,1,1.0,1,1.0,1,0.3400369995445092,18
2770,1,5536,2238,3298,0,0,0,1.0,1,1.0,1,1.0,1,0.35156170393121,18
2771,0,5536,2238,3298,0,0,0,1.0,1,1.0,1,1.0,1,0.35156170393121,18
2772,0,5536,2238,3298,0,0,0,1.0,1,1.0,1,1.0,1,0.35156170393121,18
2773,0,5536,2238,3298,0,0,0,1.0,1,1.0,1,1.0,1,0.35156170393121,18
2774,2,5538,2239,3299,0,0,0,1.0,1,1.0,1,1.0,1,0.3728970127410534,20
2775,1,5539,2240,3299,0,0,0,1.0,1,1.0,1,1.0,1,0.37591016870764227,21
2776,1,5540,2240,3300,0,0,0,1.0,1,1.0,1,1.0,1,0.3718693402673438,21
2777,0,5540,2240,3300,0,0,0,1.0,1,1.0,1,1.0,1,0.3613545068660072,22
2778,3,5543,2241,3302,0,0,0,1.0,1,1.0,1,1.0,1,0.3788346675372807,24
2779,1,5544,2242,3302,0,0,0,1.0,1,1.0,1,1.0,1,0.41380412390174426,24
2780,0,5544,2242,3302,0,0,0,1.0,1,1.0,1,1.0,1,0.41380412390174426,24
2781,1,5545,2242,3303,0,0,0,1.0,1,1.0,1,1.0,1,0.3785710331047269,24
2782,3,5548,2243,3305,0,0,0,1.0,1,1.0,1,1.0,1,0.31267083434564696,24
2783,2,5550,2244,3306,0,0,0,1.0,1,1.0,1,1.0,1,0.27913119475020953,24
2784,3,5553,2245,3308,0,0,0,1.0,1,1.0,1,1.0,1,0.2824195733570991,24
2785,1,5554,2246,3308,0,0,0,1.0,1,1.0,1,1.0,1,0.24184526670494966,22
2786,0,5554,2246,3308,0,0,0,1.0,1,1.0,1,1.0,1,0.28335433975597996,22
2787,0,5554,2246,3308,0,0,0,1.0,1,1.0,1,1.0,1,0.26397070927539795,21
2788,0,5554,2246,3308,0,0,0,1.0,1,1.0,1,1.0,1,0.26520468230011335,20
2789,1,5555,2247,3308,0,0,0,1.0,1,1.0,1,1.0,1,0.30042385122140564,20
2790,0,5555,2247,3308,0,0,0,1.0,1,1.0,1,1.0,1,0.3296353945017273,21
2791,1,5556,2248,3308,0,0,0,1.0,1,1.0,1,1.0,1,0.3732261680540247,21
2792,1,5557,2248,3309,0,0,0,1.0,1,1.0,1,1.0,1,0.30673669392677133,21
2793,0,5557,2248,3309,0,0,0,1.0,1,1.0,1,1.0,1,0.3418135370281731,18
2794,0,5557,2248,3309,0,0,0,1.0,1,1.0,1,1.0,1,0.3418135370281731,18
2795,0,5557,2248,3309,0,0,0,1.0,1,1.0,1,1.0,1,0.3167958278635818,20
2796,1,5558,2249,3309,0,0,0,1.0,1,1.0,1,1.0,1,0.28958175187305313,21
2797,1,5559,2249,3310,0,0,0,1.0,1,1.0,1,1.0,1,0.2568399920822475,21
2798,0,5559,2249,3310,0,0,0,1.0,1,1.0,1,1.0,1,0.2568399920822475,21
2799,0,5559,2249,3310,0,0,0,1.0,1,1.0,1,1.0,1,0.2655650622784934,22
2800,0,5559,2249,3310,0,0,0,1.0,1,1.0,1,1.0,1,0.2655650622784934,22
2801,1,5560,2250,3310,0,0,0,1.0,1,1.0,1,1.0,1,0.2766178149965013,22
2802,0,5560,2250,3310,0,0,0,1.0,1,1.0,1,1.0,1,0.2766178149965013,22
2803,1,5561,2251,3310,0,0,0,1.0,1,1.0,1,1.0,1,0.3264843495665783,22
2804,1,5562,2251,3311,0,0,0,1.0,1,1.0,1,1.0,1,0.3154494662155892,23
2805,0,5562,2251,3311,0,0,0,1.0,1,1.0,1,1.0,1,0.3154494662155892,23
2806,0,5562,2251,3311,0,0,0,1.0,1,1.0,1,1.0,1,0.3154494662155892,23
2807,0,5562,2251,3311,0,0,0,1.0,1,1.0,1,1.0,1,0.3225406804307369,24
2808,0,5562,2251,3311,0,0,0,1.0,1,1.0,1,1.0,1,0.3225406804307369,24
2809,1,5563,2252,3311,0,0,0,1.0,1,1.0,1,1.0,1,0.3646221033716464,25
2810,0,5563,2252,3311,0,0,0,1.0,1,1.0,1,1.0,1,0.35844929762458627,24
2811,0,5563,2252,3311,0,0,0,1.0,1,1.0,1,1.0,1,0.38490518159048515,26
2812,1,5564,2252,3312,0,0,0,1.0,1,1.0,1,1.0,1,0.35968416715122736,26
2813,1,5565,2253,3312,0,0,0,1.0,1,1.0,1,1.0,1,0.31976114848829856,27
2814,6,5571,2255,3316,0,0,0,1.0,1,1.0,1,1.0,1,0.2993347642967782,29
2815,0,5571,2255,3316,0,0,0,1.0,1,1.0,1,1.0,1,0.2993347642967782,29
2816,0,5571,2255,3316,0,0,0,1.0,1,1.0,1,1.0,1,0.31173189542705526,29
2817,0,5571,2255,3316,0,0,0,1.0,1,1.0,1,1.0,1,0.31173189542705526,29
2818,3,5574,2255,3319,0,0,0,1.0,1,1.0,1,1.0,1,0.3605929521180203,29
2819,0,5574,2255,3319,0,0,0,1.0,1,1.0,1,1.0,1,0.3626994900152149,30
2820,0,5574,2255,3319,0,0,0,1.0,1,1.0,1,1.0,1,0.37345122399118735,30
2821,4,5578,2256,3322,0,0,0,1.0,1,1.0,1,1.0,1,0.3103756346555907,31
2822,3,5581,2257,3324,0,0,0,1.0,1,1.0,1,1.0,1,0.29823770485218676,30
2823,1,5582,2258,3324,0,0,0,1.0,1,1.0,1,1.0,1,0.29172637343956787,27
2824,0,5582,2258,3324,0,0,0,1.0,1,1.0,1,1.0,1,0.27585167353956735,28
2825,4,5586,2262,3324,0,0,0,1.0,1,1.0,1,1.0,1,0.3158723182481416,28
2826,1,5587,2263,3324,0,0,0,1.0,1,1.0,1,1.0,1,0.35273215145308434,27
2827,2,5589,2265,3324,0,0,0,1.0,1,1.0,1,1.0,1,0.41278804835041677,28
2828,3,5592,2265,3327,0,0,0,1.0,1,1.0,1,1.0,1,0.34168751274719233,28
2829,1,5593,2266,3327,0,0,0,1.0,1,1.0,1,1.0,1,0.3354230892574034,27
2830,1,5594,2266,3328,0,0,0,1.0,1,1.0,1,1.0,1,0.31510068321029944,27
2831,0,5594,2266,3328,0,0,0,1.0,1,1.0,1,1.0,1,0.31510068321029944,27
2832,3,5597,2267,3330,0,0,0,1.0,1,1.0,1,1.0,1,0.325517760986292,27
2833,0,5597,2267,3330,0,0,0,1.0,1,1.0,1,1.0,1,0.30236569857993617,26
2834,1,5598,2268,3330,0,0,0,1.0,1,1.0,1,1.0,1,0.2593687501856169,26
2835,1,5599,2269,3330,0,0,0,1.0,1,1.0,1,1.0,1,0.2475837027304271,25
2836,0,5599,2269,3330,0,0,0,1.0,1,1.0,1,1.0,1,0.24852328853819416,27
2837,2,5601,2270,3331,0,0,0,1.0,1,1.0,1,1.0,1,0.24546825632344935,27
2838,1,5602,2271,3331,0,0,0,1.0,1,1.0,1,1.0,1,0.23260196156826146,27
2839,0,5602,2271,3331,0,0,0,1.0,1,1.0,1,1.0,1,0.24570265427607657,29
2840,1,5603,2272,3331,0,0,0,1.0,1,1.0,1,1.0,1,0.2687004410829856,29
2841,1,5604,2272,3332,0,0,0,1.0,1,1.0,1,1.0,1,0.23959361701883103,31
2842,2,5606,2272,3334,0,0,0,1.0,1,1.0,1,1.0,1,0.19351761994230016,31
2843,1,5607,2272,3335,0,0,0,1.0,1,1.0,1,1.0,1,0.2019430735933052,32
2844,1,5608,2273,3335,0,0,0,1.0,1,1.0,1,1.0,1,0.22102246762057964,33
2845,1,5609,2273,3336,0,0,0,1.0,1,1.0,1,1.0,1,0.2085963956727005,32
2846,1,5610,2274,3336,0,0,0,1.0,1,1.0,1,1.0,1,0.21541579616984147,33
2847,1,5611,2274,3337,0,0,0,1.0,1,1.0,1,1.0,1,0.2569206455260679,32
2848,2,5613,2275,3338,0,0,0,1.0,1,1.0,1,1.0,1,0.2925507790514888,33
2849,2,5615,2275,3340,0,0,0,1.0,1,1.0,1,1.0,1,0.2973779883038988,34
2850,4,5619,2277,3342,0,0,0,1.0,1,1.0,1,1.0,1,0.26363106217539856,34
2851,3,5622,2277,3345,0,0,0,1.0,1,1.0,1,1.0,1,0.2803704879577178,34
2852,7,5629,2282,3347,0,0,0,1.0,1,1.0,1,1.0,1,0.25580261628732215,35
2853,4,5633,2283,3350,0,0,0,1.0,1,1.0,1,1.0,1,0.30220244615838315,36
2854,4,5637,2283,3354,0,0,0,1.0,1,1.0,1,1.0,1,0.2855336378409584,37
2855,5,5642,2284,3358,0,0,0,1.0,1,1.0,1,1.0,1,0.276768377700864,38
2856,6,5648,2284,3364,0,0,0,1.0,1,1.0,1,1.0,1,0.2735894742574031,38
2857,6,5654,2285,3369,0,0,0,1.0,1,1.0,1,1.0,1,0.30049758167048196,39
2858,3,5657,2285,3372,0,0,0,1.0,1,1.0,1,1.0,1,0.2956652271370209,40
2859,3,5660,2286,3374,0,0,0,1.0,1,1.0,1,1.0,1,0.3197975959155084,40
2860,5,5665,2288,3377,0,0,0,1.0,1,1.0,1,1.0,1,0.2874937117890188,40
2861,2,5667,2288,3379,0,0,0,1.0,1,1.0,1,1.0,1,0.21155690679203254,38
2862,4,5671,2291,3380,0,0,0,1.0,1,1.0,1,1.0,1,0.22955203984551362,38
2863,4,5675,2291,3384,0,0,0,1.0,1,1.0,1,1.0,1,0.1955707509922469,38
2864,3,5678,2294,3384,0,0,0,1.0,1,1.0,1,1.0,1,0.22054529245404275,36
2865,3,5681,2296,3385,0,0,0,1.0,1,1.0,1,1.0,1,0.25909696709206087,34
2866,2,5683,2298,3385,0,0,0,1.0,1,1.0,1,1.0,1,0.3333462074351857,31
2867,1,5684,2299,3385,0,0,0,1.0,1,1.0,1,1.0,1,0.3047065352958904,30
2868,3,5687,2302,3385,0,0,0,1.0,1,1.0,1,1.0,1,0.4355705526373186,27
2869,0,5687,2302,3385,0,0,0,1.0,1,1.0,1,1.0,1,0.4435765206235519,27
2870,1,5688,2303,3385,0,0,0,1.0,1,1.0,1,1.0,1,0.47454109126247046,25
2871,2,5690,2304,3386,0,0,0,1.0,1,1.0,1,1.0,1,0.41375696998656075,25
2872,2,5692,2306,3386,0,0,0,1.0,1,1.0,1,1.0,1,0.43692051950472566,23
2873,1,5693,2307,3386,0,0,0,1.0,1,1.0,1,1.0,1,0.45733386540258,24
2874,0,5693,2307,3386,0,0,0,1.0,1,1.0,1,1.0,1,0.46738882917572844,24
2875,1,5694,2307,3387,0,0,0,1.0,1,1.0,1,1.0,1,0.46973543101525683,23
2876,2,5696,2308,3388,0,0,0,1.0,1,1.0,1,1.0,1,0.45532662456760364,24
2877,0,5696,2308,3388,0,0,0,1.0,1,1.0,1,1.0,1,0.45532662456760364,24
2878,2,5698,2309,3389,0,0,0,1.0,1,1.0,1,1.0,1,0.4319962535483814,24
2879,1,5699,2310,3389,0,0,0,1.0,1,1.0,1,1.0,1,0.4680139564519181,25
2880,1,5700,2310,3390,0,0,0,1.0,1,1.0,1,1.0,1,0.474094838883908,26
2881,4,5704,2310,3394,0,0,0,1.0,1,1.0,1,1.0,1,0.34105298338907436,26
2882,2,5706,2310,3396,0,0,0,1.0,1,1.0,1,1.0,1,0.2769312533429221,27
2883,1,5707,2310,3397,0,0,0,1.0,1,1.0,1,1.0,1,0.25846395806013095,28
2884,1,5708,2311,3397,0,0,0,1.0,1,1.0,1,1.0,1,0.3286155836446974,29
2885,0,5708,2311,3397,0,0,0,1.0,1,1.0,1,1.0,1,0.32366886140475454,31
2886,1,5709,2312,3397,0,0,0,1.0,1,1.0,1,1.0,1,0.360986470327381,31
2887,2,5711,2312,3399,0,0,0,1.0,1,1.0,1,1.0,1,0.32392193101151207,33
2888,3,5714,2313,3401,0,0,0,1.0,1,1.0,1,1.0,1,0.28741441614901514,34
2889,2,5716,2313,3403,0,0,0,1.0,1,1.0,1,1.0,1,0.29835912513376994,35
2890,2,5718,2314,3404,0,0,0,1.0,1,1.0,1,1.0,1,0.3064646808232486,35
2891,2,5720,2315,3405,0,0,0,1.0,1,1.0,1,1.0,1,0.27278780237686623,35
2892,0,5720,2315,3405,0,0,0,1.0,1,1.0,1,1.0,1,0.27278780237686623,35
2893,0,5720,2315,3405,0,0,0,1.0,1,1.0,1,1.0,1,0.3003997985340459,37
2894,0,5720,2315,3405,0,0,0,1.0,1,1.0,1,1.0,1,0.3003997985340459,37
2895,0,5720,2315,3405,0,0,0,1.0,1,1.0,1,1.0,1,0.3003997985340459,37
2896,0,5720,2315,3405,0,0,0,1.0,1,1.0,1,1.0,1,0.31455519500336115,38
2897,0,5720,2315,3405,0,0,0,1.0,1,1.0,1,1.0,1,0.3507923486139251,37
2898,4,5724,2315,3409,0,0,0,1.0,1,1.0,1,1.0,1,0.28924878294771567,38
2899,4,5728,2317,3411,0,0,0,1.0,1,1.0,1,1.0,1,0.336695466667411,37
2900,0,5728,2317,3411,0,0,0,1.0,1,1.0,1,1.0,1,0.3425561360050416,36
2901,2,5730,2317,3413,0,0,0,1.0,1,1.0,1,1.0,1,0.2759295262730779,37
2902,1,5731,2318,3413,0,0,0,1.0,1,1.0,1,1.0,1,0.3421496474328717,35
2903,0,5731,2318,3413,0,0,0,1.0,1,1.0,1,1.0,1,0.34271779104650063,35
2904,0,5731,2318,3413,0,0,0,1.0,1,1.0,1,1.0,1,0.3446581093602056,33
2905,1,5732,2318,3414,0,0,0,1.0,1,1.0,1,1.0,1,0.31265096718029217,34
2906,1,5733,2319,3414,0,0,0,1.0,1,1.0,1,1.0,1,0.3252475556767451,34
2907,1,5734,2319,3415,0,0,0,1.0,1,1.0,1,1.0,1,0.3018292936164972,35
2908,1,5735,2319,3416,0,0,0,1.0,1,1.0,1,1.0,1,0.26083665886024604,36
2909,0,5735,2319,3416,0,0,0,1.0,1,1.0,1,1.0,1,0.2717303201512984,38
2910,0,5735,2319,3416,0,0,0,1.0,1,1.0,1,1.0,1,0.2717303201512984,38
2911,1,5736,2320,3416,0,0,0,1.0,1,1.0,1,1.0,1,0.28090733264621165,37
2912,0,5736,2320,3416,0,0,0,1.0,1,1.0,1,1.0,1,0.28090733264621165,37
2913,0,5736,2320,3416,0,0,0,1.0,1,1.0,1,1.0,1,0.29423602548874406,38
2914,1,5737,2320,3417,0,0,0,1.0,1,1.0,1,1.0,1,0.277679482021257,38
2915,2,5739,2320,3419,0,0,0,1.0,1,1.0,1,1.0,1,0.2500698646650007,39
2916,0,5739,2320,3419,0,0,0,1.0,1,1.0,1,1.0,1,0.264425058958977,40
2917,1,5740,2320,3420,0,0,0,1.0,1,1.0,1,1.0,1,0.2730053407911534,41
2918,0,5740,2320,3420,0,0,0,1.0,1,1.0,1,1.0,1,0.29827609182516773,41
2919,0,5740,2320,3420,0,0,0,1.0,1,1.0,1,1.0,1,0.29827609182516773,41
2920,1,5741,2320,3421,0,0,0,1.0,1,1.0,1,1.0,1,0.3126868487530299,43
2921,3,5744,2320,3424,0,0,0,1.0,1,1.0,1,1.0,1,0.28712933786058886,42
2922,1,5745,2321,3424,0,0,0,1.0,1,1.0,1,1.0,1,0.2673528035024964,43
2923,2,5747,2321,3426,0,0,0,1.0,1,1.0,1,1.0,1,0.2591384331276552,44
2924,0,5747,2321,3426,0,0,0,1.0,1,1.0,1,1.0,1,0.24543677046196452,45
2925,1,5748,2321,3427,0,0,0,1.0,1,1.0,1,1.0,1,0.24996367113609416,45
2926,2,5750,2322,3428,0,0,0,1.0,1,1.0,1,1.0,1,0.251731122144504,47
2927,1,5751,2322,3429,0,0,0,1.0,1,1.0,1,1.0,1,0.23250902730286485,47
2928,1,5752,2323,3429,0,0,0,1.0,1,1.0,1,1.0,1,0.2448119065753618,48
2929,0,5752,2323,3429,0,0,0,1.0,1,1.0,1,1.0,1,0.2448119065753618,48
2930,1,5753,2323,3430,0,0,0,1.0,1,1.0,1,1.0,1,0.2537651702281778,50
2931,0,5753,2323,3430,0,0,0,1.0,1,1.0,1,1.0,1,0.26307638184228077,51
2932,0,5753,2323,3430,0,0,0,1.0,1,1.0,1,1.0,1,0.26307638184228077,51
2933,4,5757,2324,3433,0,0,0,1.0,1,1.0,1,1.0,1,0.25677497643287295,52
2934,2,5759,2326,3433,0,0,0,1.0,1,1.0,1,1.0,1,0.2772227864255148,52
2935,0,5759,2326,3433,0,0,0,1.0,1,1.0,1,1.0,1,0.2877005511676821,51
2936,0,5759,2326,3433,0,0,0,1.0,1,1.0,1,1.0,1,0.2878990403369019,49
2937,0,5759,2326,3433,0,0,0,1.0,1,1.0,1,1.0,1,0.30483307984753494,50
2938,2,5761,2327,3434,0,0,0,1.0,1,1.0,1,1.0,1,0.30766846358148503,50
2939,4,5765,2327,3438,0,0,0,1.0,1,1.0,1,1.0,1,0.23056600308792252,51
2940,3,5768,2328,3440,0,0,0,1.0,1,1.0,1,1.0,1,0.23263366173659264,52
2941,2,5770,2328,3442,0,0,0,1.0,1,1.0,1,1.0,1,0.23000448915764626,53
2942,2,5772,2330,3442,0,0,0,1.0,1,1.0,1,1.0,1,0.2607688939327922,52
2943,3,5775,2332,3443,0,0,0,1.0,1,1.0,1,1.0,1,0.26099707140256784,51
2944,4,5779,2334,3445,0,0,0,1.0,1,1.0,1,1.0,1,0.24137121152577798,52
2945,2,5781,2335,3446,0,0,0,1.0,1,1.0,1,1.0,1,0.20400029386581273,50
2946,3,5784,2337,3447,0,0,0,1.0,1,1.0,1,1.0,1,0.24472268585431198,51
2947,4,5788,2339,3449,0,0,0,1.0,1,1.0,1,1.0,1,0.222366376908352,50
2948,2,5790,2340,3450,0,0,0,1.0,1,1.0,1,1.0,1,0.23247908529389716,50
2949,0,5790,2340,3450,0,0,0,1.0,1,1.0,1,1.0,1,0.2283557788448536,49
2950,1,5791,2341,3450,0,0,0,1.0,1,1.0,1,1.0,1,0.25264566117923803,48
2951,3,5794,2342,3452,0,0,0,1.0,1,1.0,1,1.0,1,0.27712426127941486,48
2952,4,5798,2342,3456,0,0,0,1.0,1,1.0,1,1.0,1,0.2503209015462724,46
2953,1,5799,2342,3457,0,0,0,1.0,1,1.0,1,1.0,1,0.24676117128250896,46
2954,0,5799,2342,3457,0,0,0,1.0,1,1.0,1,1.0,1,0.2559211858887341,48
2955,2,5801,2342,3459,0,0,0,1.0,1,1.0,1,1.0,1,0.25212796273718124,48
2956,3,5804,2344,3460,0,0,0,1.0,1,1.0,1,1.0,1,0.30325087626087405,47
2957,4,5808,2345,3463,0,0,0,1.0,1,1.0,1,1.0,1,0.2749205251145045,48
2958,0,5808,2345,3463,0,0,0,1.0,1,1.0,1,1.0,1,0.27077857499647984,49
2959,1,5809,2346,3463,0,0,0,1.0,1,1.0,1,1.0,1,0.28604772281592117,49
2960,2,5811,2347,3464,0,0,0,1.0,1,1.0,1,1.0,1,0.2557450379053066,49
2961,7,5818,2349,3469,0,0,0,1.0,1,1.0,1,1.0,1,0.17549947636890892,51
2962,1,5819,2350,3469,0,0,0,1.0,1,1.0,1,1.0,1,0.16655542873193616,51
2963,3,5822,2351,3471,0,0,0,1.0,1,1.0,1,1.0,1,0.13171804132532994,51
2964,4,5826,2353,3473,0,0,0,1.0,1,1.0,1,1.0,1,0.12398259685963244,52
2965,0,5826,2353,3473,0,0,0,1.0,1,1.0,1,1.0,1,0.11847704750973824,53
2966,2,5828,2354,3474,0,0,0,1.0,1,1.0,1,1.0,1,0.113105145075501,53
2967,2,5830,2355,3475,0,0,0,1.0,1,1.0,1,1.0,1,0.1291919496757834,53
2968,1,5831,2355,3476,0,0,0,1.0,1,1.0,1,1.0,1,0.09365096271279602,54
2969,1,5832,2356,3476,0,0,0,1.0,1,1.0,1,1.0,1,0.13610099010157095,55
2970,2,5834,2356,3478,0,0,0,1.0,1,1.0,1,1.0,1,0.10480885740325317,55
2971,0,5834,2356,3478,0,0,0,1.0,1,1.0,1,1.0,1,0.10480885740325317,55
2972,0,5834,2356,3478,0,0,0,1.0,1,1.0,1,1.0,1,0.10480885740325317,55
2973,0,5834,2356,3478,0,0,0,1.0,1,1.0,1,1.0,1,0.10709791752009731,55
2974,1,5835,2357,3478,0,0,0,1.0,1,1.0,1,1.0,1,0.09812790659221694,56
2975,0,5835,2357,3478,0,0,0,1.0,1,1.0,1,1.0,1,0.08801127655360884,55
2976,0,5835,2357,3478,0,0,0,1.0,1,1.0,1,1.0,1,0.11380806359530278,57
2977,1,5836,2357,3479,0,0,0,1.0,1,1.0,1,1.0,1,0.1060947589930298,59
2978,2,5838,2359,3479,0,0,0,1.0,1,1.0,1,1.0,1,0.11723700699109231,59
2979,4,5842,2362,3480,0,0,0,1.0,1,1.0,1,1.0,1,0.14531320845160647,59
2980,0,5842,2362,3480,0,0,0,1.0,1,1.0,1,1.0,1,0.14531320845160647,59
2981,1,5843,2363,3480,0,0,0,1.0,1,1.0,1,1.0,1,0.15373306803443046,59
2982,5,5848,2364,3484,0,0,0,1.0,1,1.0,1,1.0,1,0.1522110086564201,61
2983,4,5852,2368,3484,0,0,0,1.0,1,1.0,1,1.0,1,0.1928984875764015,61
2984,5,5857,2371,3486,0,0,0,1.0,1,1.0,1,1.0,1,0.18550693440429483,61
2985,5,5862,2375,3487,0,0,0,1.0,1,1.0,1,1.0,1,0.19189202327891502,57
2986,8,5870,2380,3490,0,0,0,1.0,1,1.0,1,1.0,1,0.26174972075198377,58
2987,3,5873,2381,3492,0,0,0,1.0,1,1.0,1,1.0,1,0.29620790722308465,56
2988,4,5877,2384,3493,0,0,0,1.0,1,1.0,1,1.0,1,0.26253271803966943,55
2989,3,5880,2387,3493,0,0,0,1.0,1,1.0,1,1.0,1,0.3027070500454934,53
2990,1,5881,2388,3493,0,0,0,1.0,1,1.0,1,1.0,1,0.280169414864242,52
2991,1,5882,2389,3493,0,0,0,1.0,1,1.0,1,1.0,1,0.2650520942802525,54
2992,2,5884,2390,3494,0,0,0,1.0,1,1.0,1,1.0,1,0.295822335417905,55
2993,2,5886,2392,3494,0,0,0,1.0,1,1.0,1,1.0,1,0.30967403331702076,53
2994,8,5894,2394,3500,0,0,0,1.0,1,1.0,1,1.0,1,0.32282085614516925,53
2995,1,5895,2394,3501,0,0,0,1.0,1,1.0,1,1.0,1,0.3264639649876562,51
2996,4,5899,2394,3505,0,0,0,1.0,1,1.0,1,1.0,1,0.3385182803207125,52
2997,4,5903,2395,3508,0,0,0,1.0,1,1.0,1,1.0,1,0.35170393193827043,50
2998,4,5907,2396,3511,0,0,0,1.0,1,1.0,1,1.0,1,0.31776973685515947,51
2999,2,5909,2396,3513,0,0,0,1.0,1,1.0,1,1.0,1,0.2972192673075459,48
3000,1,5910,2397,3513,0,0,0,1.0,1,1.0,1,1.0,1,0.30341893292329997,48
3001,8,5918,2397,3521,0,0,0,1.0,1,1.0,1,1.0,1,0.1791791754451947,49
3002,2,5920,2398,3522,0,0,0,1.0,1,1.0,1,1.0,1,0.1690538287124233,50
3003,0,5920,2398,3522,0,0,0,1.0,1,1.0,1,1.0,1,0.1690538287124233,50
3004,2,5922,2399,3523,0,0,0,1.0,1,1.0,1,1.0,1,0.14271478417415678,51
3005,0,5922,2399,3523,0,0,0,1.0,1,1.0,1,1.0,1,0.1612845888798123,50
3006,0,5922,2399,3523,0,0,0,1.0,1,1.0,1,1.0,1,0.17822430769198946,51
3007,0,5922,2399,3523,0,0,0,1.0,1,1.0,1,1.0,1,0.20650725907297107,51
3008,3,5925,2400,3525,0,0,0,1.0,1,1.0,1,1.0,1,0.23510140515783368,53
3009,1,5926,2400,3526,0,0,0,1.0,1,1.0,1,1.0,1,0.23085599309693708,52
3010,2,5928,2400,3528,0,0,0,1.0,1,1.0,1,1.0,1,0.23085599309693708,52
3011,2,5930,2401,3529,0,0,0,1.0,1,1.0,1,1.0,1,0.2294265547091023,51
3012,4,5934,2403,3531,0,0,0,1.0,1,1.0,1,1.0,1,0.237503519860569,54
3013,4,5938,2406,3532,0,0,0,1.0,1,1.0,1,1.0,1,0.26087479225326937,52
3014,2,5940,2407,3533,0,0,0,1.0,1,1.0,1,1.0,1,0.24079009030224377,51
3015,2,5942,2408,3534,0,0,0,1.0,1,1.0,1,1.0,1,0.23286226356736878,50
3016,3,5945,2410,3535,0,0,0,1.0,1,1.0,1,1.0,1,0.2616665952453667,50
3017,3,5948,2412,3536,0,0,0,1.0,1,1.0,1,1.0,1,0.280845209249415,48
3018,1,5949,2413,3536,0,0,0,1.0,1,1.0,1,1.0,1,0.26739162047854803,48
3019,2,5951,2413,3538,0,0,0,1.0,1,1.0,1,1.0,1,0.27660535894233873,47
3020,1,5952,2414,3538,0,0,0,1.0,1,1.0,1,1.0,1,0.27784276958418014,47
3021,5,5957,2417,3540,0,0,0,1.0,1,1.0,1,1.0,1,0.2561359896064909,46
3022,2,5959,2419,3540,0,0,0,1.0,1,1.0,1,1.0,1,0.2829645097067306,45
3023,2,5961,2420,3541,0,0,0,1.0,1,1.0,1,1.0,1,0.24869663846753853,41
3024,6,5967,2425,3542,0,0,0,1.0,1,1.0,1,1.0,1,0.309222519380298,43
3025,3,5970,2426,3544,0,0,0,1.0,1,1.0,1,1.0,1,0.2764451291216666,39
3026,1,5971,2427,3544,0,0,0,1.0,1,1.0,1,1.0,1,0.3251084257532833,38
3027,2,5973,2428,3545,0,0,0,1.0,1,1.0,1,1.0,1,0.2810294074967552,38
3028,0,5973,2428,3545,0,0,0,1.0,1,1.0,1,1.0,1,0.2967750570146412,38
3029,1,5974,2428,3546,0,0,0,1.0,1,1.0,1,1.0,1,0.3083383136339195,37
3030,1,5975,2429,3546,0,0,0,1.0,1,1.0,1,1.0,1,0.32090325603721404,38
3031,2,5977,2430,3547,0,0,0,1.0,1,1.0,1,1.0,1,0.31222062642268905,39
3032,2,5979,2431,3548,0,0,0,1.0,1,1.0,1,1.0,1,0.26511596208785887,39
3033,0,5979,2431,3548,0,0,0,1.0,1,1.0,1,1.0,1,0.270648165720518,39
3034,0,5979,2431,3548,0,0,0,1.0,1,1.0,1,1.0,1,0.26943790655906896,38
3035,1,5980,2432,3548,0,0,0,1.0,1,1.0,1,1.0,1,0.2750762542872892,39
3036,1,5981,2432,3549,0,0,0,1.0,1,1.0,1,1.0,1,0.2633569390730205,39
3037,0,5981,2432,3549,0,0,0,1.0,1,1.0,1,1.0,1,0.2849664806677686,39
3038,1,5982,2433,3549,0,0,0,1.0,1,1.0,1,1.0,1,0.29240594837087286,40
3039,3,5985,2434,3551,0,0,0,1.0,1,1.0,1,1.0,1,0.30783566431634735,41
3040,0,5985,2434,3551,0,0,0,1.0,1,1.0,1,1.0,1,0.2881120554152939,42
3041,7,5992,2435,3557,0,0,0,1.0,1,1.0,1,1.0,1,0.16437349086140357,43
3042,3,5995,2437,3558,0,0,0,1.0,1,1.0,1,1.0,1,0.20123835230730772,45
3043,2,5997,2439,3558,0,0,0,1.0,1,1.0,1,1.0,1,0.2328543953342203,45
3044,2,5999,2440,3559,0,0,0,1.0,1,1.0,1,1.0,1,0.22690960960530163,45
3045,2,6001,2441,3560,0,0,0,1.0,1,1.0,1,1.0,1,0.23167597410665725,45
3046,0,6001,2441,3560,0,0,0,1.0,1,1.0,1,1.0,1,0.24225538367296262,46
3047,2,6003,2443,3560,0,0,0,1.0,1,1.0,1,1.0,1,0.27410414317875964,46
3048,3,6006,2443,3563,0,0,0,1.0,1,1.0,1,1.0,1,0.23323889397529815,49
3049,4,6010,2444,3566,0,0,0,1.0,1,1.0,1,1.0,1,0.2452162323353453,50
3050,3,6013,2444,3569,0,0,0,1.0,1,1.0,1,1.0,1,0.2265702185766095,50
3051,3,6016,2445,3571,0,0,0,1.0,1,1.0,1,1.0,1,0.2437729019020856,50
3052,6,6022,2446,3576,0,0,0,1.0,1,1.0,1,1.0,1,0.2217561495083275,50
3053,4,6026,2447,3579,0,0,0,1.0,1,1.0,1,1.0,1,0.1818352348434554,49
3054,1,6027,2447,3580,0,0,0,1.0,1,1.0,1,1.0,1,0.20647559262964332,47
3055,3,6030,2448,3582,0,0,0,1.0,1,1.0,1,1.0,1,0.20963062274577293,48
3056,2,6032,2448,3584,0,0,0,1.0,1,1.0,1,1.0,1,0.22073561406820275,47
3057,4,6036,2450,3586,0,0,0,1.0,1,1.0,1,1.0,1,0.2582178517022945,48
3058,3,6039,2451,3588,0,0,0,1.0,1,1.0,1,1.0,1,0.2943006881825671,46
3059,6,6045,2451,3594,0,0,0,1.0,1,1.0,1,1.0,1,0.29734231491652735,44
3060,6,6051,2452,3599,0,0,0,1.0,1,1.0,1,1.0,1,0.2909856103182733,44
3061,2,6053,2452,3601,0,0,0,1.0,1,1.0,1,1.0,1,0.2642757377131843,42
3062,3,6056,2454,3602,0,0,0,1.0,1,1.0,1,1.0,1,0.2711200790094987,42
3063,3,6059,2455,3604,0,0,0,1.0,1,1.0,1,1.0,1,0.23107025407707826,41
3064,2,6061,2457,3604,0,0,0,1.0,1,1.0,1,1.0,1,0.30286005267088756,42
3065,1,6062,2458,3604,0,0,0,1.0,1,1.0,1,1.0,1,0.28667774499113857,40
3066,4,6066,2460,3606,0,0,0,1.0,1,1.0,1,1.0,1,0.2199847291165266,42
3067,4,6070,2463,3607,0,0,0,1.0,1,1.0,1,1.0,1,0.21656419757229597,40
3068,3,6073,2466,3607,0,0,0,1.0,1,1.0,1,1.0,1,0.23720092428109418,39
3069,3,6076,2468,3608,0,0,0,1.0,1,1.0,1,1.0,1,0.2625286399365819,38
3070,2,6078,2468,3610,0,0,0,1.0,1,1.0,1,1.0,1,0.2732691917977431,39
3071,1,6079,2468,3611,0,0,0,1.0,1,1.0,1,1.0,1,0.2626007513207713,39
3072,5,6084,2468,3616,0,0,0,1.0,1,1.0,1,1.0,1,0.2757955694486737,40
3073,2,6086,2469,3617,0,0,0,1.0,1,1.0,1,1.0,1,0.3204368143794282,38
3074,2,6088,2469,3619,0,0,0,1.0,1,1.0,1,1.0,1,0.2906196790004507,38
3075,4,6092,2471,3621,0,0,0,1.0,1,1.0,1,1.0,1,0.3301390927767966,41
3076,2,6094,2472,3622,0,0,0,1.0,1,1.0,1,1.0,1,0.28732607949405387,42
3077,3,6097,2473,3624,0,0,0,1.0,1,1.0,1,1.0,1,0.2989193720610081,42
3078,2,6099,2473,3626,0,0,0,1.0,1,1.0,1,1.0,1,0.24699089473050057,42
3079,0,6099,2473,3626,0,0,0,1.0,1,1.0,1,1.0,1,0.24699089473050057,42
3080,0,6099,2473,3626,0,0,0,1.0,1,1.0,1,1.0,1,0.24369218495932535,43
3081,4,6103,2473,3630,0,0,0,1.0,1,1.0,1,1.0,1,0.13928724021444683,44
3082,1,6104,2473,3631,0,0,0,1.0,1,1.0,1,1.0,1,0.15451227415771426,45
3083,3,6107,2474,3633,0,0,0,1.0,1,1.0,1,1.0,1,0.1887034906315618,45
3084,0,6107,2474,3633,0,0,0,1.0,1,1.0,1,1.0,1,0.1887034906315618,45
3085,1,6108,2474,3634,0,0,0,1.0,1,1.0,1,1.0,1,0.2227748873831572,46
3086,0,6108,2474,3634,0,0,0,1.0,1,1.0,1,1.0,1,0.2227748873831572,46
3087,2,6110,2475,3635,0,0,0,1.0,1,1.0,1,1.0,1,0.25305445240541774,47
3088,2,6112,2476,3636,0,0,0,1.0,1,1.0,1,1.0,1,0.2669009574432331,48
3089,0,6112,2476,3636,0,0,0,1.0,1,1.0,1,1.0,1,0.24114909455689904,46
3090,0,6112,2476,3636,0,0,0,1.0,1,1.0,1,1.0,1,0.23932421382284078,46
3091,0,6112,2476,3636,0,0,0,1.0,1,1.0,1,1.0,1,0.2586544276790092,46
3092,3,6115,2477,3638,0,0,0,1.0,1,1.0,1,1.0,1,0.26211918424794534,47
3093,3,6118,2478,3640,0,0,0,1.0,1,1.0,1,1.0,1,0.27498785115276303,47
3094,3,6121,2479,3642,0,0,0,1.0,1,1.0,1,1.0,1,0.27334417321611865,45
3095,5,6126,2481,3645,0,0,0,1.0,1,1.0,1,1.0,1,0.25455022232619834,46
3096,2,6128,2481,3647,0,0,0,1.0,1,1.0,1,1.0,1,0.2578498840067741,46
3097,6,6134,2483,3651,0,0,0,1.0,1,1.0,1,1.0,1,0.3119743800703553,47
3098,3,6137,2483,3654,0,0,0,1.0,1,1.0,1,1.0,1,0.28873440657450933,47
3099,1,6138,2483,3655,0,0,0,1.0,1,1.0,1,1.0,1,0.3044839947625655,47
3100,2,6140,2483,3657,0,0,0,1.0,1,1.0,1,1.0,1,0.3044839947625655,47
3101,6,6146,2483,3663,0,0,0,1.0,1,1.0,1,1.0,1,0.18615405022425982,48
3102,1,6147,2483,3664,0,0,0,1.0,1,1.0,1,1.0,1,0.17569808112252722,48
3103,3,6150,2484,3666,0,0,0,1.0,1,1.0,1,1.0,1,0.13662885437705102,49
3104,2,6152,2486,3666,0,0,0,1.0,1,1.0,1,1.0,1,0.14742219679477492,48
3105,0,6152,2486,3666,0,0,0,1.0,1,1.0,1,1.0,1,0.1522000465111929,45
3106,1,6153,2487,3666,0,0,0,1.0,1,1.0,1,1.0,1,0.18955162517568477,46
3107,1,6154,2488,3666,0,0,0,1.0,1,1.0,1,1.0,1,0.18518853607594793,44
3108,1,6155,2488,3667,0,0,0,1.0,1,1.0,1,1.0,1,0.17215340898753348,45
3109,0,6155,2488,3667,0,0,0,1.0,1,1.0,1,1.0,1,0.1778970680147727,44
3110,4,6159,2491,3668,0,0,0,1.0,1,1.0,1,1.0,1,0.14966616578238356,46
3111,2,6161,2492,3669,0,0,0,1.0,1,1.0,1,1.0,1,0.14935587598629935,46
3112,1,6162,2492,3670,0,0,0,1.0,1,1.0,1,1.0,1,0.17121842267134127,47
3113,1,6163,2493,3670,0,0,0,1.0,1,1.0,1,1.0,1,0.1630328161267213,48
3114,0,6163,2493,3670,0,0,0,1.0,1,1.0,1,1.0,1,0.1799654009017191,48
3115,0,6163,2493,3670,0,0,0,1.0,1,1.0,1,1.0,1,0.19924703278435552,49
3116,0,6163,2493,3670,0,0,0,1.0,1,1.0,1,1.0,1,0.2268853871531621,48
3117,3,6166,2494,3672,0,0,0,1.0,1,1.0,1,1.0,1,0.22417437089452533,49
3118,0,6166,2494,3672,0,0,0,1.0,1,1.0,1,1.0,1,0.2461005072410034,50
3119,0,6166,2494,3672,0,0,0,1.0,1,1.0,1,1.0,1,0.2461005072410034,50
3120,1,6167,2495,3672,0,0,0,1.0,1,1.0,1,1.0,1,0.2598480698008631,50
3121,5,6172,2497,3675,0,0,0,1.0,1,1.0,1,1.0,1,0.21313028933585212,50
3122,2,6174,2497,3677,0,0,0,1.0,1,1.0,1,1.0,1,0.19157297577286284,50
3123,1,6175,2498,3677,0,0,0,1.0,1,1.0,1,1.0,1,0.19388139045512393,51
3124,1,6176,2499,3677,0,0,0,1.0,1,1.0,1,1.0,1,0.21451983995755147,51
3125,2,6178,2500,3678,0,0,0,1.0,1,1.0,1,1.0,1,0.23128206873117593,51
3126,4,6182,2501,3681,0,0,0,1.0,1,1.0,1,1.0,1,0.21467651704038196,54
3127,1,6183,2502,3681,0,0,0,1.0,1,1.0,1,1.0,1,0.25786657502717275,53
3128,1,6184,2503,3681,0,0,0,1.0,1,1.0,1,1.0,1,0.2915908224507427,52
3129,1,6185,2504,3681,0,0,0,1.0,1,1.0,1,1.0,1,0.28677292546915045,51
3130,2,6187,2504,3683,0,0,0,1.0,1,1.0,1,1.0,1,0.2811152775510285,50
3131,3,6190,2506,3684,0,0,0,1.0,1,1.0,1,1.0,1,0.29491199538678287,50
3132,0,6190,2506,3684,0,0,0,1.0,1,1.0,1,1.0,1,0.3042146562857994,49
3133,2,6192,2507,3685,0,0,0,1.0,1,1.0,1,1.0,1,0.3140013628366755,49
3134,0,6192,2507,3685,0,0,0,1.0,1,1.0,1,1.0,1,0.3000036172499268,46
3135,1,6193,2508,3685,0,0,0,1.0,1,1.0,1,1.0,1,0.3165372787709017,47
3136,4,6197,2509,3688,0,0,0,1.0,1,1.0,1,1.0,1,0.27785078720659284,46
3137,0,6197,2509,3688,0,0,0,1.0,1,1.0,1,1.0,1,0.27629803005155973,49
3138,1,6198,2510,3688,0,0,0,1.0,1,1.0,1,1.0,1,0.2935527506097382,49
3139,1,6199,2511,3688,0,0,0,1.0,1,1.0,1,1.0,1,0.32742775808686114,50
3140,5,6204,2513,3691,0,0,0,1.0,1,1.0,1,1.0,1,0.3244836251743614,51
3141,2,6206,2513,3693,0,0,0,1.0,1,1.0,1,1.0,1,0.29670495069301983,50
3142,0,6206,2513,3693,0,0,0,1.0,1,1.0,1,1.0,1,0.29670495069301983,50
3143,1,6207,2514,3693,0,0,0,1.0,1,1.0,1,1.0,1,0.3031337892827799,49
3144,1,6208,2515,3693,0,0,0,1.0,1,1.0,1,1.0,1,0.31858373198944434,49
3145,1,6209,2515,3694,0,0,0,1.0,1,1.0,1,1.0,1,0.3130247457840043,48
3146,3,6212,2517,3695,0,0,0,1.0,1,1.0,1,1.0,1,0.3220788211214641,49
3147,5,6217,2518,3699,0,0,0,1.0,1,1.0,1,1.0,1,0.257374184268028,48
3148,2,6219,2519,3700,0,0,0,1.0,1,1.0,1,1.0,1,0.23693487214671632,48
3149,3,6222,2522,3700,0,0,0,1.0,1,1.0,1,1.0,1,0.2531531070894112,47
3150,2,6224,2523,3701,0,0,0,1.0,1,1.0,1,1.0,1,0.22312473763899868,47
3151,2,6226,2523,3703,0,0,0,1.0,1,1.0,1,1.0,1,0.23918958537634621,48
3152,1,6227,2524,3703,0,0,0,1.0,1,1.0,1,1.0,1,0.234035613915684,47
3153,1,6228,2525,3703,0,0,0,1.0,1,1.0,1,1.0,1,0.24565872217557072,47
3154,3,6231,2526,3705,0,0,0,1.0,1,1.0,1,1.0,1,0.27023620310381974,48
3155,2,6233,2526,3707,0,0,0,1.0,1,1.0,1,1.0,1,0.2530417246390386,48
3156,2,6235,2526,3709,0,0,0,1.0,1,1.0,1,1.0,1,0.2588098822250296,48
3157,3,6238,2526,3712,0,0,0,1.0,1,1.0,1,1.0,1,0.2813767980224139,48
3158,2,6240,2526,3714,0,0,0,1.0,1,1.0,1,1.0,1,0.26788014068541954,48
3159,3,6243,2526,3717,0,0,0,1.0,1,1.0,1,1.0,1,0.24974041019881887,49
3160,1,6244,2526,3718,0,0,0,1.0,1,1.0,1,1.0,1,0.25878611815365454,51
3161,2,6246,2526,3720,0,0,0,1.0,1,1.0,1,1.0,1,0.1992439294331282,52
3162,1,6247,2527,3720,0,0,0,1.0,1,1.0,1,1.0,1,0.20255873850285713,51
3163,3,6250,2527,3723,0,0,0,1.0,1,1.0,1,1.0,1,0.1357842951196488,51
3164,2,6252,2528,3724,0,0,0,1.0,1,1.0,1,1.0,1,0.1376907196799415,52
3165,1,6253,2528,3725,0,0,0,1.0,1,1.0,1,1.0,1,0.12116739896914844,50
3166,1,6254,2528,3726,0,0,0,1.0,1,1.0,1,1.0,1,0.10735148517800579,50
3167,1,6255,2529,3726,0,0,0,1.0,1,1.0,1,1.0,1,0.09717927434749861,49
3168,2,6257,2531,3726,0,0,0,1.0,1,1.0,1,1.0,1,0.14319484589581047,47
3169,3,6260,2532,3728,0,0,0,1.0,1,1.0,1,1.0,1,0.1753306026269501,48
3170,2,6262,2533,3729,0,0,0,1.0,1,1.0,1,1.0,1,0.22813740857095866,47
3171,6,6268,2533,3735,0,0,0,1.0,1,1.0,1,1.0,1,0.24333204587322754,47
3172,6,6274,2533,3741,0,0,0,1.0,1,1.0,1,1.0,1,0.26139097425347013,46
3173,6,6280,2533,3747,0,0,0,1.0,1,1.0,1,1.0,1,0.2536365637826325,45
3174,7,6287,2533,3754,0,0,0,1.0,1,1.0,1,1.0,1,0.2568751656887444,43
3175,3,6290,2535,3755,0,0,0,1.0,1,1.0,1,1.0,1,0.2285386664766584,43
3176,2,6292,2535,3757,0,0,0,1.0,1,1.0,1,1.0,1,0.22612420044406678,44
3177,4,6296,2537,3759,0,0,0,1.0,1,1.0,1,1.0,1,0.21779857447472117,44
3178,1,6297,2538,3759,0,0,0,1.0,1,1.0,1,1.0,1,0.23886937799532965,47
3179,2,6299,2540,3759,0,0,0,1.0,1,1.0,1,1.0,1,0.2622859966953134,48
3180,1,6300,2541,3759,0,0,0,1.0,1,1.0,1,1.0,1,0.2645006028984234,48
3181,4,6304,2541,3763,0,0,0,1.0,1,1.0,1,1.0,1,0.17793159232088535,48
3182,0,6304,2541,3763,0,0,0,1.0,1,1.0,1,1.0,1,0.19596643831440402,51
3183,1,6305,2541,3764,0,0,0,1.0,1,1.0,1,1.0,1,0.1805761767605107,50
3184,0,6305,2541,3764,0,0,0,1.0,1,1.0,1,1.0,1,0.18976695877351552,50
3185,0,6305,2541,3764,0,0,0,1.0,1,1.0,1,1.0,1,0.19436256733800436,48
3186,2,6307,2542,3765,0,0,0,1.0,1,1.0,1,1.0,1,0.18669166950657035,48
3187,0,6307,2542,3765,0,0,0,1.0,1,1.0,1,1.0,1,0.20805034899842675,48
3188,3,6310,2543,3767,0,0,0,1.0,1,1.0,1,1.0,1,0.19896686780659156,48
3189,2,6312,2543,3769,0,0,0,1.0,1,1.0,1,1.0,1,0.18769028317304928,49
3190,3,6315,2543,3772,0,0,0,1.0,1,1.0,1,1.0,1,0.18260253373232804,51
3191,0,6315,2543,3772,0,0,0,1.0,1,1.0,1,1.0,1,0.16387736384766002,52
3192,0,6315,2543,3772,0,0,0,1.0,1,1.0,1,1.0,1,0.16387736384766002,52
3193,0,6315,2543,3772,0,0,0,1.0,1,1.0,1,1.0,1,0.16387736384766002,52
3194,4,6319,2544,3775,0,0,0,1.0,1,1.0,1,1.0,1,0.18549217968884396,54
3195,2,6321,2544,3777,0,0,0,1.0,1,1.0,1,1.0,1,0.1604675966993578,54
3196,1,6322,2545,3777,0,0,0,1.0,1,1.0,1,1.0,1,0.17773903541393035,54
3197,0,6322,2545,3777,0,0,0,1.0,1,1.0,1,1.0,1,0.20013179812698925,54
3198,0,6322,2545,3777,0,0,0,1.0,1,1.0,1,1.0,1,0.20013179812698925,54
3199,1,6323,2545,3778,0,0,0,1.0,1,1.0,1,1.0,1,0.1805917090977971,56
3200,4,6327,2547,3780,0,0,0,1.0,1,1.0,1,1.0,1,0.2017093021792684,56
3201,2,6329,2548,3781,0,0,0,1.0,1,1.0,1,1.0,1,0.21285611566966683,56
3202,1,6330,2548,3782,0,0,0,1.0,1,1.0,1,1.0,1,0.20049476173561648,57
3203,1,6331,2548,3783,0,0,0,1.0,1,1.0,1,1.0,1,0.18004578670668192,56
3204,3,6334,2550,3784,0,0,0,1.0,1,1.0,1,1.0,1,0.18449570523127384,55
3205,0,6334,2550,3784,0,0,0,1.0,1,1.0,1,1.0,1,0.19101942181999687,54
3206,3,6337,2553,3784,0,0,0,1.0,1,1.0,1,1.0,1,0.23407977640069427,56
3207,1,6338,2554,3784,0,0,0,1.0,1,1.0,1,1.0,1,0.25589606636304,54
3208,1,6339,2554,3785,0,0,0,1.0,1,1.0,1,1.0,1,0.24513437861763857,53
3209,0,6339,2554,3785,0,0,0,1.0,1,1.0,1,1.0,1,0.24069596495108936,54
3210,2,6341,2556,3785,0,0,0,1.0,1,1.0,1,1.0,1,0.2818831761323078,53
3211,2,6343,2557,3786,0,0,0,1.0,1,1.0,1,1.0,1,0.2881335200471166,53
3212,1,6344,2557,3787,0,0,0,1.0,1,1.0,1,1.0,1,0.29139909112991563,54
3213,0,6344,2557,3787,0,0,0,1.0,1,1.0,1,1.0,1,0.2773067235137654,54
3214,1,6345,2557,3788,0,0,0,1.0,1,1.0,1,1.0,1,0.2971121431197745,55
3215,1,6346,2557,3789,0,0,0,1.0,1,1.0,1,1.0,1,0.30449192339914355,55
3216,3,6349,2558,3791,0,0,0,1.0,1,1.0,1,1.0,1,0.3034434129503758,55
3217,3,6352,2561,3791,0,0,0,1.0,1,1.0,1,1.0,1,0.32051460154680167,54
3218,0,6352,2561,3791,0,0,0,1.0,1,1.0,1,1.0,1,0.32051460154680167,54
3219,1,6353,2562,3791,0,0,0,1.0,1,1.0,1,1.0,1,0.3231322406814773,55
3220,1,6354,2562,3792,0,0,0,1.0,1,1.0,1,1.0,1,0.2895869996675708,56
3221,1,6355,2562,3793,0,0,0,1.0,1,1.0,1,1.0,1,0.27165548621681385,57
3222,0,6355,2562,3793,0,0,0,1.0,1,1.0,1,1.0,1,0.27165548621681385,57
3223,3,6358,2564,3794,0,0,0,1.0,1,1.0,1,1.0,1,0.2876411895493077,56
3224,5,6363,2569,3794,0,0,0,1.0,1,1.0,1,1.0,1,0.3021872611430482,58
3225,2,6365,2570,3795,0,0,0,1.0,1,1.0,1,1.0,1,0.29203782087272545,55
3226,2,6367,2572,3795,0,0,0,1.0,1,1.0,1,1.0,1,0.3379744321375086,54
3227,2,6369,2573,3796,0,0,0,1.0,1,1.0,1,1.0,1,0.31741672313404606,53
3228,4,6373,2575,3798,0,0,0,1.0,1,1.0,1,1.0,1,0.33415220032678405,52
3229,7,6380,2578,3802,0,0,0,1.0,1,1.0,1,1.0,1,0.3133520042015364,52
3230,1,6381,2579,3802,0,0,0,1.0,1,1.0,1,1.0,1,0.28372297626409126,50
3231,2,6383,2581,3802,0,0,0,1.0,1,1.0,1,1.0,1,0.3061015404858776,50
3232,1,6384,2582,3802,0,0,0,1.0,1,1.0,1,1.0,1,0.3152386527079553,50
3233,2,6386,2583,3803,0,0,0,1.0,1,1.0,1,1.0,1,0.3250854649837128,50
3234,2,6388,2584,3804,0,0,0,1.0,1,1.0,1,1.0,1,0.323996181544777,49
3235,5,6393,2587,3806,0,0,0,1.0,1,1.0,1,1.0,1,0.33048706833756303,49
3236,1,6394,2587,3807,0,0,0,1.0,1,1.0,1,1.0,1,0.31323133602907205,51
3237,1,6395,2588,3807,0,0,0,1.0,1,1.0,1,1.0,1,0.34133365138115157,53
3238,0,6395,2588,3807,0,0,0,1.0,1,1.0,1,1.0,1,0.3388701398897105,53
3239,0,6395,2588,3807,0,0,0,1.0,1,1.0,1,1.0,1,0.3388701398897105,53
3240,0,6395,2588,3807,0,0,0,1.0,1,1.0,1,1.0,1,0.3396989113884813,53
3241,2,6397,2588,3809,0,0,0,1.0,1,1.0,1,1.0,1,0.3124264053027639,53
3242,0,6397,2588,3809,0,0,0,1.0,1,1.0,1,1.0,1,0.3124264053027639,53
3243,3,6400,2588,3812,0,0,0,1.0,1,1.0,1,1.0,1,0.29250807831205905,56
3244,1,6401,2588,3813,0,0,0,1.0,1,1.0,1,1.0,1,0.2853343561912375,57
3245,1,6402,2588,3814,0,0,0,1.0,1,1.0,1,1.0,1,0.27846760815030863,59
3246,1,6403,2588,3815,0,0,0,1.0,1,1.0,1,1.0,1,0.2657042566445747,59
3247,2,6405,2589,3816,0,0,0,1.0,1,1.0,1,1.0,1,0.2688207834807467,59
3248,2,6407,2590,3817,0,0,0,1.0,1,1.0,1,1.0,1,0.24558551800993256,59
3249,0,6407,2590,3817,0,0,0,1.0,1,1.0,1,1.0,1,0.2717158227471703,58
3250,1,6408,2591,3817,0,0,0,1.0,1,1.0,1,1.0,1,0.26565508417584266,58
3251,2,6410,2592,3818,0,0,0,1.0,1,1.0,1,1.0,1,0.2757514126317226,57
3252,4,6414,2593,3821,0,0,0,1.0,1,1.0,1,1.0,1,0.24286136111850568,57
3253,0,6414,2593,3821,0,0,0,1.0,1,1.0,1,1.0,1,0.258597686496038,56
3254,1,6415,2594,3821,0,0,0,1.0,1,1.0,1,1.0,1,0.26773765922504567,57
3255,1,6416,2594,3822,0,0,0,1.0,1,1.0,1,1.0,1,0.2659374755563653,57
3256,0,6416,2594,3822,0,0,0,1.0,1,1.0,1,1.0,1,0.2659374755563653,57
3257,1,6417,2594,3823,0,0,0,1.0,1,1.0,1,1.0,1,0.25727898910212094,57
3258,1,6418,2594,3824,0,0,0,1.0,1,1.0,1,1.0,1,0.24070976180429235,58
3259,5,6423,2595,3828,0,0,0,1.0,1,1.0,1,1.0,1,0.21653585004393658,59
3260,2,6425,2595,3830,0,0,0,1.0,1,1.0,1,1.0,1,0.22052682951050936,60
3261,9,6434,2598,3836,0,0,0,1.0,1,1.0,1,1.0,1,0.1914991677201341,60
3262,2,6436,2599,3837,0,0,0,1.0,1,1.0,1,1.0,1,0.17730809757827892,61
3263,7,6443,2606,3837,0,0,0,1.0,1,1.0,1,1.0,1,0.1923800984857585,62
3264,4,6447,2608,3839,0,0,0,1.0,1,1.0,1,1.0,1,0.19017444933197197,60
3265,1,6448,2609,3839,0,0,0,1.0,1,1.0,1,1.0,1,0.1767989554774034,58
3266,5,6453,2611,3842,0,0,0,1.0,1,1.0,1,1.0,1,0.2140111690567794,59
3267,4,6457,2613,3844,0,0,0,1.0,1,1.0,1,1.0,1,0.21251786772893944,60
3268,8,6465,2617,3848,0,0,0,1.0,1,1.0,1,1.0,1,0.26868184978790244,58
3269,5,6470,2618,3852,0,0,0,1.0,1,1.0,1,1.0,1,0.2385023768040776,57
3270,3,6473,2620,3853,0,0,0,1.0,1,1.0,1,1.0,1,0.24420698020830542,56
3271,2,6475,2622,3853,0,0,0,1.0,1,1.0,1,1.0,1,0.2502803434764447,55
3272,2,6477,2622,3855,0,0,0,1.0,1,1.0,1,1.0,1,0.24375271654687172,55
3273,4,6481,2623,3858,0,0,0,1.0,1,1.0,1,1.0,1,0.27622544159265877,55
3274,7,6488,2624,3864,0,0,0,1.0,1,1.0,1,1.0,1,0.2505088465880044,55
3275,1,6489,2624,3865,0,0,0,1.0,1,1.0,1,1.0,1,0.23361606146286873,55
3276,1,6490,2624,3866,0,0,0,1.0,1,1.0,1,1.0,1,0.25563917473001196,55
3277,0,6490,2624,3866,0,0,0,1.0,1,1.0,1,1.0,1,0.2544662949837809,57
3278,1,6491,2625,3866,0,0,0,1.0,1,1.0,1,1.0,1,0.2768230196723183,56
3279,0,6491,2625,3866,0,0,0,1.0,1,1.0,1,1.0,1,0.2570582068337947,54
3280,0,6491,2625,3866,0,0,0,1.0,1,1.0,1,1.0,1,0.2956345041400273,53
3281,11,6502,2627,3875,0,0,0,1.0,1,1.0,1,1.0,1,0.101232023026574,52
3282,3,6505,2628,3877,0,0,0,1.0,1,1.0,1,1.0,1,0.14436252451290893,50
3283,2,6507,2629,3878,0,0,0,1.0,1,1.0,1,1.0,1,0.15367296095294064,50
3284,5,6512,2630,3882,0,0,0,1.0,1,1.0,1,1.0,1,0.2239178388688069,47
3285,6,6518,2630,3888,0,0,0,1.0,1,1.0,1,1.0,1,0.20980314047025753,48
3286,9,6527,2630,3897,0,0,0,1.0,1,1.0,1,1.0,1,0.24287493165703689,46
3287,9,6536,2633,3903,0,0,0,1.0,1,1.0,1,1.0,1,0.32654390018156837,46
3288,7,6543,2634,3909,0,0,0,1.0,1,1.0,1,1.0,1,0.3327303922131854,46
3289,7,6550,2636,3914,0,0,0,1.0,1,1.0,1,1.0,1,0.3047683065408549,48
3290,3,6553,2637,3916,0,0,0,1.0,1,1.0,1,1.0,1,0.2811761133084991,48
3291,4,6557,2637,3920,0,0,0,1.0,1,1.0,1,1.0,1,0.30971930350004273,50
3292,4,6561,2638,3923,0,0,0,1.0,1,1.0,1,1.0,1,0.3297374366654775,50
3293,5,6566,2638,3928,0,0,0,1.0,1,1.0,1,1.0,1,0.3139091378484294,51
3294,2,6568,2638,3930,0,0,0,1.0,1,1.0,1,1.0,1,0.2871533062603516,50
3295,7,6575,2639,3936,0,0,0,1.0,1,1.0,1,1.0,1,0.30850516867678524,50
3296,5,6580,2639,3941,0,0,0,1.0,1,1.0,1,1.0,1,0.2923963557883935,50
3297,6,6586,2640,3946,0,0,0,1.0,1,1.0,1,1.0,1,0.23465796932180277,51
3298,4,6590,2640,3950,0,0,0,1.0,1,1.0,1,1.0,1,0.24811735663452797,52
3299,3,6593,2640,3953,0,0,0,1.0,1,1.0,1,1.0,1,0.19561370560939287,53
3300,3,6596,2640,3956,0,0,0,1.0,1,1.0,1,1.0,1,0.22182228136838777,53
3301,3,6599,2640,3959,0,0,0,1.0,1,1.0,1,1.0,1,0.16440892202726984,53
3302,2,6601,2642,3959,0,0,0,1.0,1,1.0,1,1.0,1,0.17798805571731785,53
3303,0,6601,2642,3959,0,0,0,1.0,1,1.0,1,1.0,1,0.16635943967425268,52
3304,2,6603,2644,3959,0,0,0,1.0,1,1.0,1,1.0,1,0.20142628043368765,52
3305,0,6603,2644,3959,0,0,0,1.0,1,1.0,1,1.0,1,0.19612404694165614,51
3306,1,6604,2645,3959,0,0,0,1.0,1,1.0,1,1.0,1,0.21800025179440166,51
3307,0,6604,2645,3959,0,0,0,1.0,1,1.0,1,1.0,1,0.2112733837574047,48
3308,2,6606,2647,3959,0,0,0,1.0,1,1.0,1,1.0,1,0.2458260307313964,48
3309,1,6607,2648,3959,0,0,0,1.0,1,1.0,1,1.0,1,0.2454432891931088,48
3310,2,6609,2648,3961,0,0,0,1.0,1,1.0,1,1.0,1,0.26182986123213076,47
3311,4,6613,2651,3962,0,0,0,1.0,1,1.0,1,1.0,1,0.26831654043313913,49
3312,2,6615,2652,3963,0,0,0,1.0,1,1.0,1,1.0,1,0.26333502145462334,48
3313,5,6620,2656,3964,0,0,0,1.0,1,1.0,1,1.0,1,0.2870727195199947,49
3314,2,6622,2658,3964,0,0,0,1.0,1,1.0,1,1.0,1,0.3186764412775423,47
3315,2,6624,2659,3965,0,0,0,1.0,1,1.0,1,1.0,1,0.32640370791137263,47
3316,0,6624,2659,3965,0,0,0,1.0,1,1.0,1,1.0,1,0.32640370791137263,47
3317,5,6629,2661,3968,0,0,0,1.0,1,1.0,1,1.0,1,0.2634512726460131,46
3318,4,6633,2663,3970,0,0,0,1.0,1,1.0,1,1.0,1,0.30188646209769154,45
3319,3,6636,2664,3972,0,0,0,1.0,1,1.0,1,1.0,1,0.33088323059230335,44
3320,2,6638,2665,3973,0,0,0,1.0,1,1.0,1,1.0,1,0.2883230050260151,43
3321,5,6643,2668,3975,0,0,0,1.0,1,1.0,1,1.0,1,0.31453764522709,43
3322,3,6646,2669,3977,0,0,0,1.0,1,1.0,1,1.0,1,0.23274299314240735,40
3323,2,6648,2670,3978,0,0,0,1.0,1,1.0,1,1.0,1,0.22843631936749229,40
3324,4,6652,2672,3980,0,0,0,1.0,1,1.0,1,1.0,1,0.17994963661095334,40
3325,3,6655,2674,3981,0,0,0,1.0,1,1.0,1,1.0,1,0.2035015813769541,40
3326,1,6656,2674,3982,0,0,0,1.0,1,1.0,1,1.0,1,0.1434009863320207,41
3327,1,6657,2675,3982,0,0,0,1.0,1,1.0,1,1.0,1,0.15569560359170057,39
3328,1,6658,2676,3982,0,0,0,1.0,1,1.0,1,1.0,1,0.1801656333103896,41
3329,1,6659,2677,3982,0,0,0,1.0,1,1.0,1,1.0,1,0.1595212341568707,39
3330,3,6662,2680,3982,0,0,0,1.0,1,1.0,1,1.0,1,0.1993382179615894,40
3331,0,6662,2680,3982,0,0,0,1.0,1,1.0,1,1.0,1,0.19177332641479738,38
3332,1,6663,2680,3983,0,0,0,1.0,1,1.0,1,1.0,1,0.2168655950984441,38
3333,0,6663,2680,3983,0,0,0,1.0,1,1.0,1,1.0,1,0.2168655950984441,38
3334,0,6663,2680,3983,0,0,0,1.0,1,1.0,1,1.0,1,0.24461000692881169,40
3335,0,6663,2680,3983,0,0,0,1.0,1,1.0,1,1.0,1,0.24461000692881169,40
3336,0,6663,2680,3983,0,0,0,1.0,1,1.0,1,1.0,1,0.28195943547340885,39
3337,1,6664,2680,3984,0,0,0,1.0,1,1.0,1,1.0,1,0.2480867367597735,40
3338,4,6668,2682,3986,0,0,0,1.0,1,1.0,1,1.0,1,0.25605012292261525,41
3339,1,6669,2683,3986,0,0,0,1.0,1,1.0,1,1.0,1,0.28839420407509275,42
3340,2,6671,2685,3986,0,0,0,1.0,1,1.0,1,1.0,1,0.30887509205595065,43
3341,4,6675,2685,3990,0,0,0,1.0,1,1.0,1,1.0,1,0.22279456474081863,43
3342,2,6677,2686,3991,0,0,0,1.0,1,1.0,1,1.0,1,0.2506771096450702,44
3343,2,6679,2688,3991,0,0,0,1.0,1,1.0,1,1.0,1,0.24269533739228089,44
3344,2,6681,2690,3991,0,0,0,1.0,1,1.0,1,1.0,1,0.29906740582479374,44
3345,0,6681,2690,3991,0,0,0,1.0,1,1.0,1,1.0,1,0.31094178666791367,43
3346,0,6681,2690,3991,0,0,0,1.0,1,1.0,1,1.0,1,0.3322276535032008,42
3347,0,6681,2690,3991,0,0,0,1.0,1,1.0,1,1.0,1,0.3157035836965479,44
3348,1,6682,2690,3992,0,0,0,1.0,1,1.0,1,1.0,1,0.2920705942712042,45
3349,1,6683,2691,3992,0,0,0,1.0,1,1.0,1,1.0,1,0.2846324595826892,45
3350,1,6684,2691,3993,0,0,0,1.0,1,1.0,1,1.0,1,0.2792697414425099,46
3351,1,6685,2692,3993,0,0,0,1.0,1,1.0,1,1.0,1,0.29286529876716516,47
3352,3,6688,2693,3995,0,0,0,1.0,1,1.0,1,1.0,1,0.2855949018401079,47
3353,0,6688,2693,3995,0,0,0,1.0,1,1.0,1,1.0,1,0.2970470990851562,48
3354,1,6689,2694,3995,0,0,0,1.0,1,1.0,1,1.0,1,0.2761075507553096,48
3355,3,6692,2694,3998,0,0,0,1.0,1,1.0,1,1.0,1,0.2715213923309283,48
3356,3,6695,2695,4000,0,0,0,1.0,1,1.0,1,1.0,1,0.2784966160190576,48
3357,1,6696,2696,4000,0,0,0,1.0,1,1.0,1,1.0,1,0.2758422521256173,47
3358,0,6696,2696,4000,0,0,0,1.0,1,1.0,1,1.0,1,0.29980060565650835,46
3359,0,6696,2696,4000,0,0,0,1.0,1,1.0,1,1.0,1,0.2907573237028924,45
3360,2,6698,2698,4000,0,0,0,1.0,1,1.0,1,1.0,1,0.33370252930859245,44
3361,2,6700,2698,4002,0,0,0,1.0,1,1.0,1,1.0,1,0.2856134437109568,43
3362,4,6704,2700,4004,0,0,0,1.0,1,1.0,1,1.0,1,0.28877104688516503,42
3363,2,6706,2701,4005,0,0,0,1.0,1,1.0,1,1.0,1,0.3251224907004478,41
3364,1,6707,2701,4006,0,0,0,1.0,1,1.0,1,1.0,1,0.3165864402260788,41
3365,2,6709,2702,4007,0,0,0,1.0,1,1.0,1,1.0,1,0.33813048016312025,41
3366,1,6710,2702,4008,0,0,0,1.0,1,1.0,1,1.0,1,0.2934386701714625,40
3367,0,6710,2702,4008,0,0,0,1.0,1,1.0,1,1.0,1,0.2824016578435818,39
3368,3,6713,2704,4009,0,0,0,1.0,1,1.0,1,1.0,1,0.22854905303325787,39
3369,0,6713,2704,4009,0,0,0,1.0,1,1.0,1,1.0,1,0.22070453783593091,40
3370,2,6715,2706,4009,0,0,0,1.0,1,1.0,1,1.0,1,0.24180307830593156,41
3371,2,6717,2707,4010,0,0,0,1.0,1,1.0,1,1.0,1,0.22980486613720785,41
3372,2,6719,2709,4010,0,0,0,1.0,1,1.0,1,1.0,1,0.28707098642432716,40
3373,0,6719,2709,4010,0,0,0,1.0,1,1.0,1,1.0,1,0.29780676549972024,41
3374,1,6720,2709,4011,0,0,0,1.0,1,1.0,1,1.0,1,0.3054105456499776,42
3375,3,6723,2709,4014,0,0,0,1.0,1,1.0,1,1.0,1,0.31541160208940155,44
3376,9,6732,2709,4023,0,0,0,1.0,1,1.0,1,1.0,1,0.22099466902168022,46
3377,2,6734,2709,4025,0,0,0,1.0,1,1.0,1,1.0,1,0.2299180290840963,47
3378,5,6739,2711,4028,0,0,0,1.0,1,1.0,1,1.0,1,0.25806457584620734,48
3379,3,6742,2711,4031,0,0,0,1.0,1,1.0,1,1.0,1,0.24585952897949706,48
3380,5,6747,2712,4035,0,0,0,1.0,1,1.0,1,1.0,1,0.28439137418450766,48
3381,5,6752,2712,4040,0,0,0,1.0,1,1.0,1,1.0,1,0.17121991852932267,48
3382,2,6754,2714,4040,0,0,0,1.0,1,1.0,1,1.0,1,0.18785902987872397,49
3383,0,6754,2714,4040,0,0,0,1.0,1,1.0,1,1.0,1,0.17481284056829632,47
3384,3,6757,2717,4040,0,0,0,1.0,1,1.0,1,1.0,1,0.23500696041688676,48
3385,3,6760,2717,4043,0,0,0,1.0,1,1.0,1,1.0,1,0.17166709243696487,47
3386,1,6761,2718,4043,0,0,0,1.0,1,1.0,1,1.0,1,0.22702578702378862,49
3387,1,6762,2718,4044,0,0,0,1.0,1,1.0,1,1.0,1,0.20937121670186876,48
3388,1,6763,2719,4044,0,0,0,1.0,1,1.0,1,1.0,1,0.24500800566950182,48
3389,3,6766,2719,4047,0,0,0,1.0,1,1.0,1,1.0,1,0.22460872396491338,50
3390,0,6766,2719,4047,0,0,0,1.0,1,1.0,1,1.0,1,0.2040928844882591,51
3391,0,6766,2719,4047,0,0,0,1.0,1,1.0,1,1.0,1,0.2040928844882591,51
3392,1,6767,2719,4048,0,0,0,1.0,1,1.0,1,1.0,1,0.2056006051656081,52
3393,1,6768,2719,4049,0,0,0,1.0,1,1.0,1,1.0,1,0.18558443857249124,52
3394,1,6769,2719,4050,0,0,0,1.0,1,1.0,1,1.0,1,0.16943940706356622,52
3395,0,6769,2719,4050,0,0,0,1.0,1,1.0,1,1.0,1,0.18498122384602753,50
3396,1,6770,2720,4050,0,0,0,1.0,1,1.0,1,1.0,1,0.17699518812100593,49
3397,1,6771,2721,4050,0,0,0,1.0,1,1.0,1,1.0,1,0.19949307280569412,49
3398,0,6771,2721,4050,0,0,0,1.0,1,1.0,1,1.0,1,0.20102478226961062,48
3399,1,6772,2722,4050,0,0,0,1.0,1,1.0,1,1.0,1,0.22352501707934108,49
3400,1,6773,2723,4050,0,0,0,1.0,1,1.0,1,1.0,1,0.2287933346290238,50
3401,4,6777,2723,4054,0,0,0,1.0,1,1.0,1,1.0,1,0.13657287888678574,51
3402,1,6778,2724,4054,0,0,0,1.0,1,1.0,1,1.0,1,0.18013058054962897,51
3403,3,6781,2726,4055,0,0,0,1.0,1,1.0,1,1.0,1,0.16558080452748247,51
3404,2,6783,2727,4056,0,0,0,1.0,1,1.0,1,1.0,1,0.15294271602527246,51
3405,1,6784,2728,4056,0,0,0,1.0,1,1.0,1,1.0,1,0.18380984075984083,51
3406,0,6784,2728,4056,0,0,0,1.0,1,1.0,1,1.0,1,0.18621244309975044,51
3407,1,6785,2729,4056,0,0,0,1.0,1,1.0,1,1.0,1,0.18091969725446516,52
3408,0,6785,2729,4056,0,0,0,1.0,1,1.0,1,1.0,1,0.1934907077480451,53
3409,0,6785,2729,4056,0,0,0,1.0,1,1.0,1,1.0,1,0.17646841250749923,54
3410,3,6788,2732,4056,0,0,0,1.0,1,1.0,1,1.0,1,0.15294960181860504,54
3411,0,6788,2732,4056,0,0,0,1.0,1,1.0,1,1.0,1,0.13126545716682655,54
3412,3,6791,2732,4059,0,0,0,1.0,1,1.0,1,1.0,1,0.11395579949922226,55
3413,1,6792,2733,4059,0,0,0,1.0,1,1.0,1,1.0,1,0.14948996230982087,55
3414,1,6793,2733,4060,0,0,0,1.0,1,1.0,1,1.0,1,0.1668309970570536,55
3415,4,6797,2736,4061,0,0,0,1.0,1,1.0,1,1.0,1,0.1979714989787453,56
3416,3,6800,2737,4063,0,0,0,1.0,1,1.0,1,1.0,1,0.18552559763878712,55
3417,2,6802,2737,4065,0,0,0,1.0,1,1.0,1,1.0,1,0.19610716434246206,56
3418,1,6803,2738,4065,0,0,0,1.0,1,1.0,1,1.0,1,0.23943271027020582,55
3419,5,6808,2738,4070,0,0,0,1.0,1,1.0,1,1.0,1,0.21816559946893135,56
3420,5,6813,2739,4074,0,0,0,1.0,1,1.0,1,1.0,1,0.25555824459525645,55
3421,7,6820,2739,4081,0,0,0,1.0,1,1.0,1,1.0,1,0.1906722248195707,57
3422,1,6821,2740,4081,0,0,0,1.0,1,1.0,1,1.0,1,0.19760085363342378,56
3423,2,6823,2742,4081,0,0,0,1.0,1,1.0,1,1.0,1,0.1951447984237485,56
3424,1,6824,2743,4081,0,0,0,1.0,1,1.0,1,1.0,1,0.1866210811354498,56
3425,1,6825,2744,4081,0,0,0,1.0,1,1.0,1,1.0,1,0.19097114103015592,56
3426,1,6826,2744,4082,0,0,0,1.0,1,1.0,1,1.0,1,0.20507399052290556,55
3427,1,6827,2744,4083,0,0,0,1.0,1,1.0,1,1.0,1,0.23343361866651022,55
3428,2,6829,2746,4083,0,0,0,1.0,1,1.0,1,1.0,1,0.24341450017889563,55
3429,0,6829,2746,4083,0,0,0,1.0,1,1.0,1,1.0,1,0.2530861508311006,54
3430,0,6829,2746,4083,0,0,0,1.0,1,1.0,1,1.0,1,0.25861405465318926,56
3431,0,6829,2746,4083,0,0,0,1.0,1,1.0,1,1.0,1,0.23833205947298036,54
3432,1,6830,2747,4083,0,0,0,1.0,1,1.0,1,1.0,1,0.26853825678737486,56
3433,3,6833,2749,4084,0,0,0,1.0,1,1.0,1,1.0,1,0.26745494920215546,53
3434,1,6834,2750,4084,0,0,0,1.0,1,1.0,1,1.0,1,0.24712468236080817,51
3435,1,6835,2751,4084,0,0,0,1.0,1,1.0,1,1.0,1,0.25464402795180374,51
3436,3,6838,2753,4085,0,0,0,1.0,1,1.0,1,1.0,1,0.2800198215652487,51
3437,8,6846,2754,4092,0,0,0,1.0,1,1.0,1,1.0,1,0.26190328362795806,53
3438,3,6849,2755,4094,0,0,0,1.0,1,1.0,1,1.0,1,0.2657292119081307,52
3439,0,6849,2755,4094,0,0,0,1.0,1,1.0,1,1.0,1,0.2599935816183775,54
3440,1,6850,2755,4095,0,0,0,1.0,1,1.0,1,1.0,1,0.2501955101661382,52
3441,7,6857,2755,4102,0,0,0,1.0,1,1.0,1,1.0,1,0.1274389324945611,53
3442,3,6860,2756,4104,0,0,0,1.0,1,1.0,1,1.0,1,0.13417659801655876,53
3443,3,6863,2757,4106,0,0,0,1.0,1,1.0,1,1.0,1,0.13929221679950315,53
3444,0,6863,2757,4106,0,0,0,1.0,1,1.0,1,1.0,1,0.1467535345591526,52
3445,1,6864,2757,4107,0,0,0,1.0,1,1.0,1,1.0,1,0.14045705310316403,53
3446,3,6867,2758,4109,0,0,0,1.0,1,1.0,1,1.0,1,0.17985716584662237,53
3447,3,6870,2761,4109,0,0,0,1.0,1,1.0,1,1.0,1,0.19340246745198567,53
3448,2,6872,2761,4111,0,0,0,1.0,1,1.0,1,1.0,1,0.20878680473188513,52
3449,5,6877,2764,4113,0,0,0,1.0,1,1.0,1,1.0,1,0.19012344724166744,52
3450,3,6880,2766,4114,0,0,0,1.0,1,1.0,1,1.0,1,0.213265517108491,52
3451,4,6884,2768,4116,0,0,0,1.0,1,1.0,1,1.0,1,0.22048676958003202,54
3452,5,6889,2769,4120,0,0,0,1.0,1,1.0,1,1.0,1,0.25009061999919585,54
3453,3,6892,2770,4122,0,0,0,1.0,1,1.0,1,1.0,1,0.2589237402097169,54
3454,1,6893,2770,4123,0,0,0,1.0,1,1.0,1,1.0,1,0.24491962000603967,57
3455,3,6896,2770,4126,0,0,0,1.0,1,1.0,1,1.0,1,0.2568019739372375,57
3456,1,6897,2770,4127,0,0,0,1.0,1,1.0,1,1.0,1,0.26854915302102156,58
3457,1,6898,2770,4128,0,0,0,1.0,1,1.0,1,1.0,1,0.2703378206077305,57
3458,4,6902,2770,4132,0,0,0,1.0,1,1.0,1,1.0,1,0.27098164270269065,57
3459,4,6906,2770,4136,0,0,0,1.0,1,1.0,1,1.0,1,0.27098164270269065,57
3460,3,6909,2771,4138,0,0,0,1.0,1,1.0,1,1.0,1,0.2570519110656455,58
3461,9,6918,2772,4146,0,0,0,1.0,1,1.0,1,1.0,1,0.12078159492083494,59
3462,2,6920,2773,4147,0,0,0,1.0,1,1.0,1,1.0,1,0.11640217224321259,59
3463,3,6923,2775,4148,0,0,0,1.0,1,1.0,1,1.0,1,0.12951574214326447,59
3464,3,6926,2777,4149,0,0,0,1.0,1,1.0,1,1.0,1,0.1711939969110288,59
3465,4,6930,2779,4151,0,0,0,1.0,1,1.0,1,1.0,1,0.16184152211470365,57
3466,4,6934,2781,4153,0,0,0,1.0,1,1.0,1,1.0,1,0.1625455837254206,57
3467,1,6935,2781,4154,0,0,0,1.0,1,1.0,1,1.0,1,0.1661923587695202,57
3468,2,6937,2783,4154,0,0,0,1.0,1,1.0,1,1.0,1,0.20599998985829215,57
3469,3,6940,2785,4155,0,0,0,1.0,1,1.0,1,1.0,1,0.18259254607098305,53
3470,3,6943,2788,4155,0,0,0,1.0,1,1.0,1,1.0,1,0.2512009044807384,50
3471,1,6944,2789,4155,0,0,0,1.0,1,1.0,1,1.0,1,0.24480283868131622,49
3472,3,6947,2791,4156,0,0,0,1.0,1,1.0,1,1.0,1,0.28132767975296835,47
3473,5,6952,2795,4157,0,0,0,1.0,1,1.0,1,1.0,1,0.36519381340132717,45
3474,3,6955,2795,4160,0,0,0,1.0,1,1.0,1,1.0,1,0.32247803065079683,42
3475,4,6959,2796,4163,0,0,0,1.0,1,1.0,1,1.0,1,0.32866590769036635,43
3476,1,6960,2797,4163,0,0,0,1.0,1,1.0,1,1.0,1,0.3067862566864733,41
3477,0,6960,2797,4163,0,0,0,1.0,1,1.0,1,1.0,1,0.25684686441059473,42
3478,1,6961,2798,4163,0,0,0,1.0,1,1.0,1,1.0,1,0.2465815451838669,40
3479,1,6962,2799,4163,0,0,0,1.0,1,1.0,1,1.0,1,0.2346710726804308,40
3480,1,6963,2799,4164,0,0,0,1.0,1,1.0,1,1.0,1,0.22471572452743926,40
3481,3,6966,2800,4166,0,0,0,1.0,1,1.0,1,1.0,1,0.24123548231075526,40
3482,1,6967,2800,4167,0,0,0,1.0,1,1.0,1,1.0,1,0.2325697404895299,40
3483,1,6968,2800,4168,0,0,0,1.0,1,1.0,1,1.0,1,0.20052233641589093,39
3484,0,6968,2800,4168,0,0,0,1.0,1,1.0,1,1.0,1,0.20052233641589093,39
3485,0,6968,2800,4168,0,0,0,1.0,1,1.0,1,1.0,1,0.2215821459896072,40
3486,0,6968,2800,4168,0,0,0,1.0,1,1.0,1,1.0,1,0.2243061687936873,41
3487,0,6968,2800,4168,0,0,0,1.0,1,1.0,1,1.0,1,0.26871576296209,41
3488,2,6970,2802,4168,0,0,0,1.0,1,1.0,1,1.0,1,0.24049018047742352,42
3489,1,6971,2802,4169,0,0,0,1.0,1,1.0,1,1.0,1,0.22003926126253548,44
3490,1,6972,2803,4169,0,0,0,1.0,1,1.0,1,1.0,1,0.2338145879156073,44
3491,2,6974,2803,4171,0,0,0,1.0,1,1.0,1,1.0,1,0.23084683486615967,45
3492,2,6976,2805,4171,0,0,0,1.0,1,1.0,1,1.0,1,0.2589718563429124,45
3493,2,6978,2806,4172,0,0,0,1.0,1,1.0,1,1.0,1,0.25885700737404754,45
3494,1,6979,2806,4173,0,0,0,1.0,1,1.0,1,1.0,1,0.2531421773901691,45
3495,0,6979,2806,4173,0,0,0,1.0,1,1.0,1,1.0,1,0.2531421773901691,45
3496,0,6979,2806,4173,0,0,0,1.0,1,1.0,1,1.0,1,0.28862295343213507,46
3497,2,6981,2806,4175,0,0,0,1.0,1,1.0,1,1.0,1,0.2737454849088346,47
3498,3,6984,2807,4177,0,0,0,1.0,1,1.0,1,1.0,1,0.3151746270326111,48
3499,4,6988,2808,4180,0,0,0,1.0,1,1.0,1,1.0,1,0.3208030907348715,47
3500,3,6991,2809,4182,0,0,0,1.0,1,1.0,1,1.0,1,0.30067495944583505,50
3501,3,6994,2810,4184,0,0,0,1.0,1,1.0,1,1.0,1,0.25994031327393957,50
3502,0,6994,2810,4184,0,0,0,1.0,1,1.0,1,1.0,1,0.25994031327393957,50
3503,1,6995,2811,4184,0,0,0,1.0,1,1.0,1,1.0,1,0.2812276945922124,50
3504,1,6996,2812,4184,0,0,0,1.0,1,1.0,1,1.0,1,0.3065962136560607,47
3505,0,6996,2812,4184,0,0,0,1.0,1,1.0,1,1.0,1,0.3193164211380422,48
3506,5,7001,2814,4187,0,0,0,1.0,1,1.0,1,1.0,1,0.34021213726951377,49
3507,0,7001,2814,4187,0,0,0,1.0,1,1.0,1,1.0,1,0.3090204405695465,46
3508,3,7004,2816,4188,0,0,0,1.0,1,1.0,1,1.0,1,0.3595457019606704,47
3509,0,7004,2816,4188,0,0,0,1.0,1,1.0,1,1.0,1,0.33216527184446343,44
3510,1,7005,2817,4188,0,0,0,1.0,1,1.0,1,1.0,1,0.4057652665495937,45
3511,1,7006,2818,4188,0,0,0,1.0,1,1.0,1,1.0,1,0.41208282215992265,44
3512,1,7007,2818,4189,0,0,0,1.0,1,1.0,1,1.0,1,0.4026085367696123,42
3513,0,7007,2818,4189,0,0,0,1.0,1,1.0,1,1.0,1,0.4026085367696123,42
3514,0,7007,2818,4189,0,0,0,1.0,1,1.0,1,1.0,1,0.3926934433758012,42
3515,1,7008,2818,4190,0,0,0,1.0,1,1.0,1,1.0,1,0.3870857769580589,42
3516,0,7008,2818,4190,0,0,0,1.0,1,1.0,1,1.0,1,0.3810864946929785,41
3517,1,7009,2819,4190,0,0,0,1.0,1,1.0,1,1.0,1,0.38166260467802765,44
3518,3,7012,2820,4192,0,0,0,1.0,1,1.0,1,1.0,1,0.3620801341099932,43
3519,0,7012,2820,4192,0,0,0,1.0,1,1.0,1,1.0,1,0.3697977102871325,44
3520,1,7013,2820,4193,0,0,0,1.0,1,1.0,1,1.0,1,0.36495998194204954,45
3521,3,7016,2820,4196,0,0,0,1.0,1,1.0,1,1.0,1,0.31716954951600745,45
3522,2,7018,2820,4198,0,0,0,1.0,1,1.0,1,1.0,1,0.292338288106845,46
3523,2,7020,2820,4200,0,0,0,1.0,1,1.0,1,1.0,1,0.28464602035681347,46
3524,1,7021,2820,4201,0,0,0,1.0,1,1.0,1,1.0,1,0.2716084959085357,47
3525,1,7022,2820,4202,0,0,0,1.0,1,1.0,1,1.0,1,0.30502039334195485,48
3526,2,7024,2820,4204,0,0,0,1.0,1,1.0,1,1.0,1,0.2903727073622183,49
3527,4,7028,2822,4206,0,0,0,1.0,1,1.0,1,1.0,1,0.334224878218961,49
3528,6,7034,2822,4212,0,0,0,1.0,1,1.0,1,1.0,1,0.2571091060373621,51
3529,2,7036,2822,4214,0,0,0,1.0,1,1.0,1,1.0,1,0.240890886512421,51
3530,0,7036,2822,4214,0,0,0,1.0,1,1.0,1,1.0,1,0.2491272114667043,52
3531,3,7039,2824,4215,0,0,0,1.0,1,1.0,1,1.0,1,0.252891689502888,52
3532,2,7041,2824,4217,0,0,0,1.0,1,1.0,1,1.0,1,0.23236711481189598,52
3533,0,7041,2824,4217,0,0,0,1.0,1,1.0,1,1.0,1,0.23236711481189598,52
3534,0,7041,2824,4217,0,0,0,1.0,1,1.0,1,1.0,1,0.23236711481189598,52
3535,1,7042,2825,4217,0,0,0,1.0,1,1.0,1,1.0,1,0.24181411522229218,52
3536,1,7043,2825,4218,0,0,0,1.0,1,1.0,1,1.0,1,0.24092694030174497,54
3537,0,7043,2825,4218,0,0,0,1.0,1,1.0,1,1.0,1,0.2445101675377092,55
3538,0,7043,2825,4218,0,0,0,1.0,1,1.0,1,1.0,1,0.2445101675377092,55
3539,1,7044,2825,4219,0,0,0,1.0,1,1.0,1,1.0,1,0.23306771662705242,58
3540,1,7045,2825,4220,0,0,0,1.0,1,1.0,1,1.0,1,0.23245500089740334,59
3541,1,7046,2825,4221,0,0,0,1.0,1,1.0,1,1.0,1,0.21889837396349532,59
3542,4,7050,2825,4225,0,0,0,1.0,1,1.0,1,1.0,1,0.19327048426846213,61
3543,3,7053,2827,4226,0,0,0,1.0,1,1.0,1,1.0,1,0.21337452086277867,62
3544,2,7055,2829,4226,0,0,0,1.0,1,1.0,1,1.0,1,0.21090886654595076,59
3545,5,7060,2831,4229,0,0,0,1.0,1,1.0,1,1.0,1,0.21238093618585124,59
3546,2,7062,2833,4229,0,0,0,1.0,1,1.0,1,1.0,1,0.25714625648646267,57
3547,2,7064,2834,4230,0,0,0,1.0,1,1.0,1,1.0,1,0.24051414512143657,53
3548,1,7065,2835,4230,0,0,0,1.0,1,1.0,1,1.0,1,0.2733709913413283,53
3549,1,7066,2836,4230,0,0,0,1.0,1,1.0,1,1.0,1,0.26086924576755155,52
3550,1,7067,2837,4230,0,0,0,1.0,1,1.0,1,1.0,1,0.3012161847075076,51
3551,1,7068,2838,4230,0,0,0,1.0,1,1.0,1,1.0,1,0.29941602755225183,51
3552,3,7071,2839,4232,0,0,0,1.0,1,1.0,1,1.0,1,0.30315119097499055,51
3553,0,7071,2839,4232,0,0,0,1.0,1,1.0,1,1.0,1,0.30920424367129123,49
3554,1,7072,2839,4233,0,0,0,1.0,1,1.0,1,1.0,1,0.2884229162459821,49
3555,1,7073,2839,4234,0,0,0,1.0,1,1.0,1,1.0,1,0.28929032424690426,51
3556,0,7073,2839,4234,0,0,0,1.0,1,1.0,1,1.0,1,0.28929032424690426,51
3557,1,7074,2839,4235,0,0,0,1.0,1,1.0,1,1.0,1,0.2788219820446293,52
3558,3,7077,2841,4236,0,0,0,1.0,1,1.0,1,1.0,1,0.2997337481895539,52
3559,3,7080,2842,4238,0,0,0,1.0,1,1.0,1,1.0,1,0.28241151763566125,52
3560,4,7084,2843,4241,0,0,0,1.0,1,1.0,1,1.0,1,0.2618050271317154,53
3561,4,7088,2843,4245,0,0,0,1.0,1,1.0,1,1.0,1,0.22168437336255598,54
3562,3,7091,2844,4247,0,0,0,1.0,1,1.0,1,1.0,1,0.18894029732302847,54
3563,1,7092,2845,4247,0,0,0,1.0,1,1.0,1,1.0,1,0.2065876937009213,55
3564,2,7094,2845,4249,0,0,0,1.0,1,1.0,1,1.0,1,0.17471930659515508,57
3565,1,7095,2845,4250,0,0,0,1.0,1,1.0,1,1.0,1,0.19442380424560957,56
3566,1,7096,2846,4250,0,0,0,1.0,1,1.0,1,1.0,1,0.2340224850400011,57
3567,1,7097,2847,4250,0,0,0,1.0,1,1.0,1,1.0,1,0.23063889749384686,57
3568,0,7097,2847,4250,0,0,0,1.0,1,1.0,1,1.0,1,0.23063889749384686,57
3569,2,7099,2847,4252,0,0,0,1.0,1,1.0,1,1.0,1,0.20133903467262082,57
3570,3,7102,2848,4254,0,0,0,1.0,1,1.0,1,1.0,1,0.23888164530150474,59
3571,4,7106,2848,4258,0,0,0,1.0,1,1.0,1,1.0,1,0.24563494812988743,60
3572,0,7106,2848,4258,0,0,0,1.0,1,1.0,1,1.0,1,0.24782973317854287,61
3573,4,7110,2848,4262,0,0,0,1.0,1,1.0,1,1.0,1,0.2233945331886469,62
3574,1,7111,2848,4263,0,0,0,1.0,1,1.0,1,1.0,1,0.22628345431402228,63
3575,4,7115,2849,4266,0,0,0,1.0,1,1.0,1,1.0,1,0.25660468095421834,63
3576,2,7117,2849,4268,0,0,0,1.0,1,1.0,1,1.0,1,0.25660468095421834,63
3577,1,7118,2849,4269,0,0,0,1.0,1,1.0,1,1.0,1,0.2541224454600902,64
3578,1,7119,2849,4270,0,0,0,1.0,1,1.0,1,1.0,1,0.26987420877187496,64
3579,4,7123,2849,4274,0,0,0,1.0,1,1.0,1,1.0,1,0.275275507561096,64
3580,2,7125,2849,4276,0,0,0,1.0,1,1.0,1,1.0,1,0.27271853789122297,65
3581,12,7137,2849,4288,0,0,0,1.0,1,1.0,1,1.0,1,0.17285133713221726,68
3582,6,7143,2851,4292,0,0,0,1.0,1,1.0,1,1.0,1,0.14616371398194483,68
3583,2,7145,2853,4292,0,0,0,1.0,1,1.0,1,1.0,1,0.14371065372290312,65
3584,2,7147,2855,4292,0,0,0,1.0,1,1.0,1,1.0,1,0.10667088938490661,64
3585,4,7151,2857,4294,0,0,0,1.0,1,1.0,1,1.0,1,0.10535428212752408,64
3586,4,7155,2859,4296,0,0,0,1.0,1,1.0,1,1.0,1,0.11244194697055632,65
3587,1,7156,2859,4297,0,0,0,1.0,1,1.0,1,1.0,1,0.12386707568234714,64
3588,3,7159,2862,4297,0,0,0,1.0,1,1.0,1,1.0,1,0.1427427147542935,62
3589,3,7162,2864,4298,0,0,0,1.0,1,1.0,1,1.0,1,0.15184308499019453,63
3590,2,7164,2865,4299,0,0,0,1.0,1,1.0,1,1.0,1,0.17167001632944223,63
3591,3,7167,2866,4301,0,0,0,1.0,1,1.0,1,1.0,1,0.2009238250226422,62
3592,3,7170,2868,4302,0,0,0,1.0,1,1.0,1,1.0,1,0.22078869078060095,59
3593,4,7174,2868,4306,0,0,0,1.0,1,1.0,1,1.0,1,0.21678391016158063,58
3594,4,7178,2868,4310,0,0,0,1.0,1,1.0,1,1.0,1,0.2617809447179067,57
3595,3,7181,2869,4312,0,0,0,1.0,1,1.0,1,1.0,1,0.22212397183585975,59
3596,1,7182,2870,4312,0,0,0,1.0,1,1.0,1,1.0,1,0.21108779149043794,57
3597,1,7183,2871,4312,0,0,0,1.0,1,1.0,1,1.0,1,0.23766442574483437,57
3598,3,7186,2871,4315,0,0,0,1.0,1,1.0,1,1.0,1,0.23569510751548742,57
3599,4,7190,2874,4316,0,0,0,1.0,1,1.0,1,1.0,1,0.2652551622087221,58
3600,0,7190,2874,4316,0,0,0,1.0,1,1.0,1,1.0,1,0.26457354990014126,58
3601,9,7199,2876,4323,0,0,0,1.0,1,1.0,1,1.0,1,0.1832215327338332,58
3602,4,7203,2877,4326,0,0,0,1.0,1,1.0,1,1.0,1,0.1271801978493221,60
3603,1,7204,2877,4327,0,0,0,1.0,1,1.0,1,1.0,1,0.12404975335239964,60
3604,1,7205,2877,4328,0,0,0,1.0,1,1.0,1,1.0,1,0.11392189353179571,60
3605,0,7205,2877,4328,0,0,0,1.0,1,1.0,1,1.0,1,0.12914444083714074,61
3606,1,7206,2878,4328,0,0,0,1.0,1,1.0,1,1.0,1,0.13580474937671547,63
3607,2,7208,2879,4329,0,0,0,1.0,1,1.0,1,1.0,1,0.1690115360756126,63
3608,1,7209,2879,4330,0,0,0,1.0,1,1.0,1,1.0,1,0.1667284058338864,64
3609,1,7210,2879,4331,0,0,0,1.0,1,1.0,1,1.0,1,0.1855018381281096,66
3610,6,7216,2881,4335,0,0,0,1.0,1,1.0,1,1.0,1,0.16157580517994685,67
3611,6,7222,2883,4339,0,0,0,1.0,1,1.0,1,1.0,1,0.1891432638378151,67
3612,5,7227,2884,4343,0,0,0,1.0,1,1.0,1,1.0,1,0.21281812758713956,66
3613,3,7230,2885,4345,0,0,0,1.0,1,1.0,1,1.0,1,0.23481967760139508,66
3614,2,7232,2886,4346,0,0,0,1.0,1,1.0,1,1.0,1,0.2419927091407551,65
3615,0,7232,2886,4346,0,0,0,1.0,1,1.0,1,1.0,1,0.22442422084889913,65
3616,0,7232,2886,4346,0,0,0,1.0,1,1.0,1,1.0,1,0.22442422084889913,65
3617,4,7236,2886,4350,0,0,0,1.0,1,1.0,1,1.0,1,0.23187203937150408,66
3618,4,7240,2888,4352,0,0,0,1.0,1,1.0,1,1.0,1,0.24406597303077074,66
3619,3,7243,2889,4354,0,0,0,1.0,1,1.0,1,1.0,1,0.23543191428335866,65
3620,6,7249,2890,4359,0,0,0,1.0,1,1.0,1,1.0,1,0.20310758404881452,66
3621,4,7253,2890,4363,0,0,0,1.0,1,1.0,1,1.0,1,0.15136517057858365,65
3622,3,7256,2892,4364,0,0,0,1.0,1,1.0,1,1.0,1,0.14663691069125276,65
3623,2,7258,2894,4364,0,0,0,1.0,1,1.0,1,1.0,1,0.16728374983941025,62
3624,3,7261,2896,4365,0,0,0,1.0,1,1.0,1,1.0,1,0.19637126190285342,62
3625,4,7265,2898,4367,0,0,0,1.0,1,1.0,1,1.0,1,0.17239778763128039,61
3626,1,7266,2899,4367,0,0,0,1.0,1,1.0,1,1.0,1,0.1302519247172169,58
3627,3,7269,2901,4368,0,0,0,1.0,1,1.0,1,1.0,1,0.12385061995949115,58
3628,1,7270,2902,4368,0,0,0,1.0,1,1.0,1,1.0,1,0.12807967523447283,57
3629,4,7274,2904,4370,0,0,0,1.0,1,1.0,1,1.0,1,0.14033415846276998,57
3630,0,7274,2904,4370,0,0,0,1.0,1,1.0,1,1.0,1,0.14201834562200527,56
3631,3,7277,2907,4370,0,0,0,1.0,1,1.0,1,1.0,1,0.15384757681041933,54
3632,0,7277,2907,4370,0,0,0,1.0,1,1.0,1,1.0,1,0.15399560054625683,52
3633,5,7282,2911,4371,0,0,0,1.0,1,1.0,1,1.0,1,0.23375323801922016,52
3634,3,7285,2913,4372,0,0,0,1.0,1,1.0,1,1.0,1,0.28111972151226916,49
3635,1,7286,2914,4372,0,0,0,1.0,1,1.0,1,1.0,1,0.3008542694549442,47
3636,1,7287,2914,4373,0,0,0,1.0,1,1.0,1,1.0,1,0.2871503133327953,48
3637,4,7291,2915,4376,0,0,0,1.0,1,1.0,1,1.0,1,0.26667324788401175,49
3638,1,7292,2915,4377,0,0,0,1.0,1,1.0,1,1.0,1,0.2759909662229077,50
3639,1,7293,2916,4377,0,0,0,1.0,1,1.0,1,1.0,1,0.3006945904105282,52
3640,2,7295,2917,4378,0,0,0,1.0,1,1.0,1,1.0,1,0.33418109955561676,52
3641,9,7304,2917,4387,0,0,0,1.0,1,1.0,1,1.0,1,0.18850673587940425,52
3642,0,7304,2917,4387,0,0,0,1.0,1,1.0,1,1.0,1,0.18850673587940425,52
3643,0,7304,2917,4387,0,0,0,1.0,1,1.0,1,1.0,1,0.18850673587940425,52
3644,0,7304,2917,4387,0,0,0,1.0,1,1.0,1,1.0,1,0.18850673587940425,52
3645,0,7304,2917,4387,0,0,0,1.0,1,1.0,1,1.0,1,0.1672215508637601,53
3646,0,7304,2917,4387,0,0,0,1.0,1,1.0,1,1.0,1,0.1672215508637601,53
3647,6,7310,2918,4392,0,0,0,1.0,1,1.0,1,1.0,1,0.12677557306574264,55
3648,3,7313,2918,4395,0,0,0,1.0,1,1.0,1,1.0,1,0.10810125237385401,57
3649,8,7321,2920,4401,0,0,0,1.0,1,1.0,1,1.0,1,0.14696941549182765,57
3650,7,7328,2920,4408,0,0,0,1.0,1,1.0,1,1.0,1,0.15374312886987632,59
3651,10,7338,2921,4417,0,0,0,1.0,1,1.0,1,1.0,1,0.17920468645214227,59
3652,6,7344,2921,4423,0,0,0,1.0,1,1.0,1,1.0,1,0.1645487220536645,59
3653,4,7348,2921,4427,0,0,0,1.0,1,1.0,1,1.0,1,0.18353734124288895,59
3654,2,7350,2921,4429,0,0,0,1.0,1,1.0,1,1.0,1,0.16549336415630977,59
3655,4,7354,2921,4433,0,0,0,1.0,1,1.0,1,1.0,1,0.17620396297967705,62
3656,5,7359,2921,4438,0,0,0,1.0,1,1.0,1,1.0,1,0.1766210089141735,62
3657,4,7363,2921,4442,0,0,0,1.0,1,1.0,1,1.0,1,0.1924344235659091,63
3658,5,7368,2922,4446,0,0,0,1.0,1,1.0,1,1.0,1,0.21718281551350976,63
3659,4,7372,2924,4448,0,0,0,1.0,1,1.0,1,1.0,1,0.23651197605725238,62
3660,4,7376,2926,4450,0,0,0,1.0,1,1.0,1,1.0,1,0.2587698698874009,62
3661,5,7381,2927,4454,0,0,0,1.0,1,1.0,1,1.0,1,0.1909702137767239,61
3662,5,7386,2929,4457,0,0,0,1.0,1,1.0,1,1.0,1,0.1788549489595379,60
3663,2,7388,2930,4458,0,0,0,1.0,1,1.0,1,1.0,1,0.1776464483976412,61
3664,0,7388,2930,4458,0,0,0,1.0,1,1.0,1,1.0,1,0.12629869709479818,58
3665,1,7389,2931,4458,0,0,0,1.0,1,1.0,1,1.0,1,0.11740671768349771,58
3666,1,7390,2932,4458,0,0,0,1.0,1,1.0,1,1.0,1,0.12099046348181111,58
3667,3,7393,2935,4458,0,0,0,1.0,1,1.0,1,1.0,1,0.17381950863285878,58
3668,1,7394,2935,4459,0,0,0,1.0,1,1.0,1,1.0,1,0.1959779900597097,58
3669,1,7395,2936,4459,0,0,0,1.0,1,1.0,1,1.0,1,0.201735115794383,57
3670,1,7396,2937,4459,0,0,0,1.0,1,1.0,1,1.0,1,0.2210207530405251,56
3671,2,7398,2938,4460,0,0,0,1.0,1,1.0,1,1.0,1,0.2357950429111898,57
3672,2,7400,2939,4461,0,0,0,1.0,1,1.0,1,1.0,1,0.2466885597794294,57
3673,0,7400,2939,4461,0,0,0,1.0,1,1.0,1,1.0,1,0.2431365228254076,58
3674,0,7400,2939,4461,0,0,0,1.0,1,1.0,1,1.0,1,0.24653815824051747,57
3675,0,7400,2939,4461,0,0,0,1.0,1,1.0,1,1.0,1,0.2542054479887224,58
3676,3,7403,2941,4462,0,0,0,1.0,1,1.0,1,1.0,1,0.27943650803474285,59
3677,5,7408,2941,4467,0,0,0,1.0,1,1.0,1,1.0,1,0.27192014823970667,60
3678,4,7412,2941,4471,0,0,0,1.0,1,1.0,1,1.0,1,0.27267515276760673,62
3679,5,7417,2941,4476,0,0,0,1.0,1,1.0,1,1.0,1,0.2721188656371882,62
3680,4,7421,2941,4480,0,0,0,1.0,1,1.0,1,1.0,1,0.2573565036195374,63
3681,5,7426,2941,4485,0,0,0,1.0,1,1.0,1,1.0,1,0.19033868762615533,64
3682,0,7426,2941,4485,0,0,0,1.0,1,1.0,1,1.0,1,0.19033868762615533,64
3683,0,7426,2941,4485,0,0,0,1.0,1,1.0,1,1.0,1,0.19033868762615533,64
3684,4,7430,2942,4488,0,0,0,1.0,1,1.0,1,1.0,1,0.18327192822023095,64
3685,0,7430,2942,4488,0,0,0,1.0,1,1.0,1,1.0,1,0.18327192822023095,64
3686,0,7430,2942,4488,0,0,0,1.0,1,1.0,1,1.0,1,0.1800946764491314,65
3687,1,7431,2942,4489,0,0,0,1.0,1,1.0,1,1.0,1,0.16259633778151905,65
3688,0,7431,2942,4489,0,0,0,1.0,1,1.0,1,1.0,1,0.163092584717642,66
3689,0,7431,2942,4489,0,0,0,1.0,1,1.0,1,1.0,1,0.163092584717642,66
3690,0,7431,2942,4489,0,0,0,1.0,1,1.0,1,1.0,1,0.16885626571781848,67
3691,0,7431,2942,4489,0,0,0,1.0,1,1.0,1,1.0,1,0.16854288069839743,68
3692,1,7432,2942,4490,0,0,0,1.0,1,1.0,1,1.0,1,0.1538439970971038,69
3693,3,7435,2943,4492,0,0,0,1.0,1,1.0,1,1.0,1,0.13062715336499675,69
3694,1,7436,2944,4492,0,0,0,1.0,1,1.0,1,1.0,1,0.1515074271738916,70
3695,0,7436,2944,4492,0,0,0,1.0,1,1.0,1,1.0,1,0.1515074271738916,70
3696,3,7439,2946,4493,0,0,0,1.0,1,1.0,1,1.0,1,0.15070314846169622,71
3697,3,7442,2948,4494,0,0,0,1.0,1,1.0,1,1.0,1,0.1584205419772636,70
3698,1,7443,2949,4494,0,0,0,1.0,1,1.0,1,1.0,1,0.17601403446928895,70
3699,2,7445,2950,4495,0,0,0,1.0,1,1.0,1,1.0,1,0.19174596247589681,70
3700,2,7447,2952,4495,0,0,0,1.0,1,1.0,1,1.0,1,0.206217204224344,68
3701,6,7453,2952,4501,0,0,0,1.0,1,1.0,1,1.0,1,0.13144000399077707,69
3702,1,7454,2953,4501,0,0,0,1.0,1,1.0,1,1.0,1,0.14229467485517372,69
3703,1,7455,2954,4501,0,0,0,1.0,1,1.0,1,1.0,1,0.1717319220534244,70
3704,1,7456,2955,4501,0,0,0,1.0,1,1.0,1,1.0,1,0.15796451398455053,69
3705,1,7457,2955,4502,0,0,0,1.0,1,1.0,1,1.0,1,0.14223145084358108,69
3706,2,7459,2956,4503,0,0,0,1.0,1,1.0,1,1.0,1,0.15734349813026247,69
3707,0,7459,2956,4503,0,0,0,1.0,1,1.0,1,1.0,1,0.13546731569165113,67
3708,1,7460,2956,4504,0,0,0,1.0,1,1.0,1,1.0,1,0.12781654598896208,67
3709,0,7460,2956,4504,0,0,0,1.0,1,1.0,1,1.0,1,0.12781654598896208,67
3710,0,7460,2956,4504,0,0,0,1.0,1,1.0,1,1.0,1,0.12523669465046433,67
3711,1,7461,2956,4505,0,0,0,1.0,1,1.0,1,1.0,1,0.1287022128409838,68
3712,1,7462,2957,4505,0,0,0,1.0,1,1.0,1,1.0,1,0.11032075090959871,68
3713,2,7464,2959,4505,0,0,0,1.0,1,1.0,1,1.0,1,0.12868839343548605,68
3714,0,7464,2959,4505,0,0,0,1.0,1,1.0,1,1.0,1,0.14585941716523976,67
3715,2,7466,2961,4505,0,0,0,1.0,1,1.0,1,1.0,1,0.15350573965238395,68
3716,1,7467,2962,4505,0,0,0,1.0,1,1.0,1,1.0,1,0.16914493702549147,67
3717,3,7470,2963,4507,0,0,0,1.0,1,1.0,1,1.0,1,0.21726304995470086,68
3718,0,7470,2963,4507,0,0,0,1.0,1,1.0,1,1.0,1,0.21639452436958742,68
3719,0,7470,2963,4507,0,0,0,1.0,1,1.0,1,1.0,1,0.24340146185505215,68
3720,1,7471,2963,4508,0,0,0,1.0,1,1.0,1,1.0,1,0.23638889924527123,68
3721,10,7481,2969,4512,0,0,0,1.0,1,1.0,1,1.0,1,0.17534710675390713,70
3722,0,7481,2969,4512,0,0,0,1.0,1,1.0,1,1.0,1,0.18688956664659592,71
3723,2,7483,2971,4512,0,0,0,1.0,1,1.0,1,1.0,1,0.20089795071554353,71
3724,2,7485,2972,4513,0,0,0,1.0,1,1.0,1,1.0,1,0.20326593229801046,72
3725,1,7486,2973,4513,0,0,0,1.0,1,1.0,1,1.0,1,0.20848309101661913,72
3726,0,7486,2973,4513,0,0,0,1.0,1,1.0,1,1.0,1,0.2152436467629873,71
3727,0,7486,2973,4513,0,0,0,1.0,1,1.0,1,1.0,1,0.2152436467629873,71
3728,0,7486,2973,4513,0,0,0,1.0,1,1.0,1,1.0,1,0.2180374871103458,70
3729,1,7487,2974,4513,0,0,0,1.0,1,1.0,1,1.0,1,0.223086244242602,70
3730,5,7492,2975,4517,0,0,0,1.0,1,1.0,1,1.0,1,0.21395896356614547,71
3731,1,7493,2975,4518,0,0,0,1.0,1,1.0,1,1.0,1,0.20263908649373127,71
3732,0,7493,2975,4518,0,0,0,1.0,1,1.0,1,1.0,1,0.1937049301345728,72
3733,2,7495,2976,4519,0,0,0,1.0,1,1.0,1,1.0,1,0.21166405742094963,73
3734,2,7497,2978,4519,0,0,0,1.0,1,1.0,1,1.0,1,0.25403994205864533,74
3735,2,7499,2979,4520,0,0,0,1.0,1,1.0,1,1.0,1,0.2361167337728931,72
3736,0,7499,2979,4520,0,0,0,1.0,1,1.0,1,1.0,1,0.22604224312406315,72
3737,5,7504,2979,4525,0,0,0,1.0,1,1.0,1,1.0,1,0.1762928629559645,73
3738,0,7504,2979,4525,0,0,0,1.0,1,1.0,1,1.0,1,0.17390988718501538,72
3739,0,7504,2979,4525,0,0,0,1.0,1,1.0,1,1.0,1,0.16552818107559836,73
3740,0,7504,2979,4525,0,0,0,1.0,1,1.0,1,1.0,1,0.17509415226652145,70
3741,1,7505,2979,4526,0,0,0,1.0,1,1.0,1,1.0,1,0.17192113946254844,70
3742,2,7507,2981,4526,0,0,0,1.0,1,1.0,1,1.0,1,0.16907120498312517,70
3743,1,7508,2982,4526,0,0,0,1.0,1,1.0,1,1.0,1,0.18261150728649383,69
3744,3,7511,2985,4526,0,0,0,1.0,1,1.0,1,1.0,1,0.2286459126315269,69
3745,2,7513,2986,4527,0,0,0,1.0,1,1.0,1,1.0,1,0.1879622414033004,68
3746,1,7514,2987,4527,0,0,0,1.0,1,1.0,1,1.0,1,0.21790405784413736,66
3747,2,7516,2989,4527,0,0,0,1.0,1,1.0,1,1.0,1,0.2155892269028388,66
3748,1,7517,2990,4527,0,0,0,1.0,1,1.0,1,1.0,1,0.20526412806009275,65
3749,1,7518,2991,4527,0,0,0,1.0,1,1.0,1,1.0,1,0.19924293950142946,64
3750,3,7521,2993,4528,0,0,0,1.0,1,1.0,1,1.0,1,0.2100154354909968,63
3751,0,7521,2993,4528,0,0,0,1.0,1,1.0,1,1.0,1,0.19383238941639055,64
3752,3,7524,2996,4528,0,0,0,1.0,1,1.0,1,1.0,1,0.22941625400714752,64
3753,0,7524,2996,4528,0,0,0,1.0,1,1.0,1,1.0,1,0.23568855413647882,65
3754,3,7527,2999,4528,0,0,0,1.0,1,1.0,1,1.0,1,0.23308967369200348,65
3755,4,7531,3001,4530,0,0,0,1.0,1,1.0,1,1.0,1,0.22815475654857076,65
3756,1,7532,3001,4531,0,0,0,1.0,1,1.0,1,1.0,1,0.23578422449007366,65
3757,3,7535,3004,4531,0,0,0,1.0,1,1.0,1,1.0,1,0.2568644443020328,65
3758,1,7536,3004,4532,0,0,0,1.0,1,1.0,1,1.0,1,0.2552763012369703,64
3759,1,7537,3005,4532,0,0,0,1.0,1,1.0,1,1.0,1,0.2663466638188411,64
3760,4,7541,3006,4535,0,0,0,1.0,1,1.0,1,1.0,1,0.2537571596794788,63
3761,8,7549,3006,4543,0,0,0,1.0,1,1.0,1,1.0,1,0.1638164788908589,63
3762,4,7553,3006,4547,0,0,0,1.0,1,1.0,1,1.0,1,0.1502330045663361,65
3763,4,7557,3007,4550,0,0,0,1.0,1,1.0,1,1.0,1,0.18768569422958428,65
3764,7,7564,3007,4557,0,0,0,1.0,1,1.0,1,1.0,1,0.17540113503888416,66
3765,5,7569,3007,4562,0,0,0,1.0,1,1.0,1,1.0,1,0.191795524438441,67
3766,5,7574,3008,4566,0,0,0,1.0,1,1.0,1,1.0,1,0.19188114539448442,67
3767,8,7582,3009,4573,0,0,0,1.0,1,1.0,1,1.0,1,0.20474016309774865,68
3768,12,7594,3012,4582,0,0,0,1.0,1,1.0,1,1.0,1,0.24722125273704834,67
3769,6,7600,3012,4588,0,0,0,1.0,1,1.0,1,1.0,1,0.2398987902823211,69
3770,6,7606,3012,4594,0,0,0,1.0,1,1.0,1,1.0,1,0.24006143772117974,69
3771,6,7612,3012,4600,0,0,0,1.0,1,1.0,1,1.0,1,0.24670456019857898,69
3772,9,7621,3012,4609,0,0,0,1.0,1,1.0,1,1.0,1,0.22223696454012443,70
3773,10,7631,3012,4619,0,0,0,1.0,1,1.0,1,1.0,1,0.17904356489777049,68
3774,5,7636,3012,4624,0,0,0,1.0,1,1.0,1,1.0,1,0.15891326055940222,68
3775,8,7644,3013,4631,0,0,0,1.0,1,1.0,1,1.0,1,0.1844424782229441,68
3776,3,7647,3013,4634,0,0,0,1.0,1,1.0,1,1.0,1,0.21220985644918577,66
3777,5,7652,3015,4637,0,0,0,1.0,1,1.0,1,1.0,1,0.1577847972992113,65
3778,2,7654,3016,4638,0,0,0,1.0,1,1.0,1,1.0,1,0.14822493930120328,65
3779,2,7656,3017,4639,0,0,0,1.0,1,1.0,1,1.0,1,0.15187925695005566,65
3780,4,7660,3019,4641,0,0,0,1.0,1,1.0,1,1.0,1,0.16996108099539947,64
3781,2,7662,3019,4643,0,0,0,1.0,1,1.0,1,1.0,1,0.1435541543038326,64
3782,1,7663,3020,4643,0,0,0,1.0,1,1.0,1,1.0,1,0.16842651538637296,67
3783,0,7663,3020,4643,0,0,0,1.0,1,1.0,1,1.0,1,0.16588190444098175,65
3784,1,7664,3021,4643,0,0,0,1.0,1,1.0,1,1.0,1,0.16540623432754997,65
3785,3,7667,3022,4645,0,0,0,1.0,1,1.0,1,1.0,1,0.17394077844850786,63
3786,1,7668,3023,4645,0,0,0,1.0,1,1.0,1,1.0,1,0.18820113163877056,66
3787,5,7673,3024,4649,0,0,0,1.0,1,1.0,1,1.0,1,0.1616884718711605,65
3788,1,7674,3024,4650,0,0,0,1.0,1,1.0,1,1.0,1,0.14161707954921238,65
3789,2,7676,3026,4650,0,0,0,1.0,1,1.0,1,1.0,1,0.162956333435304,65
3790,1,7677,3027,4650,0,0,0,1.0,1,1.0,1,1.0,1,0.19496898875310925,64
3791,1,7678,3028,4650,0,0,0,1.0,1,1.0,1,1.0,1,0.22123506915204863,64
3792,3,7681,3030,4651,0,0,0,1.0,1,1.0,1,1.0,1,0.23784081813767413,65
3793,5,7686,3031,4655,0,0,0,1.0,1,1.0,1,1.0,1,0.22795897405814175,68
3794,4,7690,3033,4657,0,0,0,1.0,1,1.0,1,1.0,1,0.22515064328531748,68
3795,6,7696,3034,4662,0,0,0,1.0,1,1.0,1,1.0,1,0.2312380814345456,69
3796,2,7698,3035,4663,0,0,0,1.0,1,1.0,1,1.0,1,0.22299460622955328,69
3797,0,7698,3035,4663,0,0,0,1.0,1,1.0,1,1.0,1,0.24350406187209994,70
3798,0,7698,3035,4663,0,0,0,1.0,1,1.0,1,1.0,1,0.24350406187209994,70
3799,0,7698,3035,4663,0,0,0,1.0,1,1.0,1,1.0,1,0.256387615848524,69
3800,1,7699,3035,4664,0,0,0,1.0,1,1.0,1,1.0,1,0.23164505821795883,69
3801,6,7705,3036,4669,0,0,0,1.0,1,1.0,1,1.0,1,0.19064532536663223,67
3802,0,7705,3036,4669,0,0,0,1.0,1,1.0,1,1.0,1,0.19064532536663223,67
3803,3,7708,3037,4671,0,0,0,1.0,1,1.0,1,1.0,1,0.16665678921775764,69
3804,3,7711,3038,4673,0,0,0,1.0,1,1.0,1,1.0,1,0.1715983034541896,70
3805,2,7713,3039,4674,0,0,0,1.0,1,1.0,1,1.0,1,0.18436688512071278,71
3806,1,7714,3040,4674,0,0,0,1.0,1,1.0,1,1.0,1,0.18832262432204935,71
3807,1,7715,3041,4674,0,0,0,1.0,1,1.0,1,1.0,1,0.21090040780007407,72
3808,0,7715,3041,4674,0,0,0,1.0,1,1.0,1,1.0,1,0.21090040780007407,72
3809,1,7716,3042,4674,0,0,0,1.0,1,1.0,1,1.0,1,0.22100455504479685,72
3810,2,7718,3043,4675,0,0,0,1.0,1,1.0,1,1.0,1,0.23943672359524756,72
3811,1,7719,3043,4676,0,0,0,1.0,1,1.0,1,1.0,1,0.20538564149624497,71
3812,1,7720,3043,4677,0,0,0,1.0,1,1.0,1,1.0,1,0.21941191592269885,72
3813,2,7722,3044,4678,0,0,0,1.0,1,1.0,1,1.0,1,0.22324651521713867,71
3814,1,7723,3044,4679,0,0,0,1.0,1,1.0,1,1.0,1,0.2336356110928239,72
3815,1,7724,3044,4680,0,0,0,1.0,1,1.0,1,1.0,1,0.21578424223223847,71
3816,1,7725,3044,4681,0,0,0,1.0,1,1.0,1,1.0,1,0.22754156978996185,69
3817,2,7727,3045,4682,0,0,0,1.0,1,1.0,1,1.0,1,0.2599123042115678,72
3818,3,7730,3046,4684,0,0,0,1.0,1,1.0,1,1.0,1,0.2593860056110867,72
3819,3,7733,3047,4686,0,0,0,1.0,1,1.0,1,1.0,1,0.2703254019697612,72
3820,3,7736,3048,4688,0,0,0,1.0,1,1.0,1,1.0,1,0.2968250486843331,72
3821,6,7742,3049,4693,0,0,0,1.0,1,1.0,1,1.0,1,0.24509170638934064,72
3822,5,7747,3051,4696,0,0,0,1.0,1,1.0,1,1.0,1,0.22618066780860083,69
3823,5,7752,3054,4698,0,0,0,1.0,1,1.0,1,1.0,1,0.211704065189099,69
3824,1,7753,3055,4698,0,0,0,1.0,1,1.0,1,1.0,1,0.2228132985206962,65
3825,0,7753,3055,4698,0,0,0,1.0,1,1.0,1,1.0,1,0.21078064264688748,64
3826,0,7753,3055,4698,0,0,0,1.0,1,1.0,1,1.0,1,0.2173142081793893,65
3827,2,7755,3056,4699,0,0,0,1.0,1,1.0,1,1.0,1,0.2121781071383055,64
3828,0,7755,3056,4699,0,0,0,1.0,1,1.0,1,1.0,1,0.20122791755720512,65
3829,2,7757,3058,4699,0,0,0,1.0,1,1.0,1,1.0,1,0.2196821365789013,65
3830,0,7757,3058,4699,0,0,0,1.0,1,1.0,1,1.0,1,0.2187962982022711,64
3831,3,7760,3060,4700,0,0,0,1.0,1,1.0,1,1.0,1,0.21640665216370483,63
3832,1,7761,3061,4700,0,0,0,1.0,1,1.0,1,1.0,1,0.248511384026516,64
3833,1,7762,3062,4700,0,0,0,1.0,1,1.0,1,1.0,1,0.25428584840819946,64
3834,2,7764,3064,4700,0,0,0,1.0,1,1.0,1,1.0,1,0.28686811147851954,63
3835,2,7766,3065,4701,0,0,0,1.0,1,1.0,1,1.0,1,0.3051299193936794,63
3836,0,7766,3065,4701,0,0,0,1.0,1,1.0,1,1.0,1,0.3051299193936794,63
3837,4,7770,3067,4703,0,0,0,1.0,1,1.0,1,1.0,1,0.31821074406405253,62
3838,2,7772,3068,4704,0,0,0,1.0,1,1.0,1,1.0,1,0.3169005725114271,62
3839,2,7774,3070,4704,0,0,0,1.0,1,1.0,1,1.0,1,0.3644539796579195,60
3840,1,7775,3070,4705,0,0,0,1.0,1,1.0,1,1.0,1,0.36018988248915884,62
3841,14,7789,3071,4718,0,0,0,1.0,1,1.0,1,1.0,1,0.2825083360201802,62
3842,6,7795,3071,4724,0,0,0,1.0,1,1.0,1,1.0,1,0.24499757361471042,63
3843,5,7800,3071,4729,0,0,0,1.0,1,1.0,1,1.0,1,0.23320543029819008,64
3844,5,7805,3071,4734,0,0,0,1.0,1,1.0,1,1.0,1,0.22203547827221917,65
3845,7,7812,3071,4741,0,0,0,1.0,1,1.0,1,1.0,1,0.19663321374729364,66
3846,3,7815,3071,4744,0,0,0,1.0,1,1.0,1,1.0,1,0.19916617797955735,67
3847,6,7821,3073,4748,0,0,0,1.0,1,1.0,1,1.0,1,0.19338188103549842,67
3848,3,7824,3073,4751,0,0,0,1.0,1,1.0,1,1.0,1,0.17932310687995748,67
3849,4,7828,3074,4754,0,0,0,1.0,1,1.0,1,1.0,1,0.18967214585702552,67
3850,4,7832,3075,4757,0,0,0,1.0,1,1.0,1,1.0,1,0.2360985495837332,68
3851,5,7837,3076,4761,0,0,0,1.0,1,1.0,1,1.0,1,0.2333047755009482,68
3852,6,7843,3076,4767,0,0,0,1.0,1,1.0,1,1.0,1,0.2219991849447314,70
3853,3,7846,3077,4769,0,0,0,1.0,1,1.0,1,1.0,1,0.22945740911566012,70
3854,5,7851,3077,4774,0,0,0,1.0,1,1.0,1,1.0,1,0.20073908547581343,70
3855,2,7853,3078,4775,0,0,0,1.0,1,1.0,1,1.0,1,0.21548229138911962,69
3856,4,7857,3078,4779,0,0,0,1.0,1,1.0,1,1.0,1,0.20848130301980178,70
3857,3,7860,3080,4780,0,0,0,1.0,1,1.0,1,1.0,1,0.26454778936322404,68
3858,3,7863,3081,4782,0,0,0,1.0,1,1.0,1,1.0,1,0.2512885060647274,67
3859,1,7864,3081,4783,0,0,0,1.0,1,1.0,1,1.0,1,0.22623897067657006,66
3860,8,7872,3081,4791,0,0,0,1.0,1,1.0,1,1.0,1,0.2476566629530182,66
3861,5,7877,3082,4795,0,0,0,1.0,1,1.0,1,1.0,1,0.2199205843922913,66
3862,5,7882,3084,4798,0,0,0,1.0,1,1.0,1,1.0,1,0.2147606842405586,66
3863,0,7882,3084,4798,0,0,0,1.0,1,1.0,1,1.0,1,0.21797649798453705,63
3864,2,7884,3086,4798,0,0,0,1.0,1,1.0,1,1.0,1,0.2177163786279579,63
3865,0,7884,3086,4798,0,0,0,1.0,1,1.0,1,1.0,1,0.2103752022325838,61
3866,1,7885,3087,4798,0,0,0,1.0,1,1.0,1,1.0,1,0.19918151760678796,61
3867,2,7887,3089,4798,0,0,0,1.0,1,1.0,1,1.0,1,0.2110694267517651,60
3868,0,7887,3089,4798,0,0,0,1.0,1,1.0,1,1.0,1,0.190936560259265,59
3869,1,7888,3090,4798,0,0,0,1.0,1,1.0,1,1.0,1,0.17617832362928731,61
3870,0,7888,3090,4798,0,0,0,1.0,1,1.0,1,1.0,1,0.1838139806633089,61
3871,3,7891,3091,4800,0,0,0,1.0,1,1.0,1,1.0,1,0.19192943138702373,64
3872,3,7894,3092,4802,0,0,0,1.0,1,1.0,1,1.0,1,0.20369092465491423,63
3873,1,7895,3092,4803,0,0,0,1.0,1,1.0,1,1.0,1,0.20252177874669153,62
3874,0,7895,3092,4803,0,0,0,1.0,1,1.0,1,1.0,1,0.19904097872032447,63
3875,1,7896,3092,4804,0,0,0,1.0,1,1.0,1,1.0,1,0.21377851719300614,61
3876,1,7897,3092,4805,0,0,0,1.0,1,1.0,1,1.0,1,0.2122592441308715,62
3877,4,7901,3093,4808,0,0,0,1.0,1,1.0,1,1.0,1,0.2477807061801867,63
3878,0,7901,3093,4808,0,0,0,1.0,1,1.0,1,1.0,1,0.2477807061801867,63
3879,1,7902,3094,4808,0,0,0,1.0,1,1.0,1,1.0,1,0.2637570435353042,63
3880,0,7902,3094,4808,0,0,0,1.0,1,1.0,1,1.0,1,0.2438673672911083,65
3881,10,7912,3095,4817,0,0,0,1.0,1,1.0,1,1.0,1,0.17248706399482883,65
3882,3,7915,3097,4818,0,0,0,1.0,1,1.0,1,1.0,1,0.1636406567183146,66
3883,1,7916,3098,4818,0,0,0,1.0,1,1.0,1,1.0,1,0.1701206226681843,66
3884,2,7918,3099,4819,0,0,0,1.0,1,1.0,1,1.0,1,0.18356690841663156,66
3885,1,7919,3100,4819,0,0,0,1.0,1,1.0,1,1.0,1,0.1970852766101297,66
3886,2,7921,3102,4819,0,0,0,1.0,1,1.0,1,1.0,1,0.22711338009648513,65
3887,1,7922,3102,4820,0,0,0,1.0,1,1.0,1,1.0,1,0.2386426219978904,65
3888,1,7923,3102,4821,0,0,0,1.0,1,1.0,1,1.0,1,0.2464943408697052,66
3889,2,7925,3103,4822,0,0,0,1.0,1,1.0,1,1.0,1,0.23475731742464206,64
3890,1,7926,3104,4822,0,0,0,1.0,1,1.0,1,1.0,1,0.23776947134165724,63
3891,2,7928,3105,4823,0,0,0,1.0,1,1.0,1,1.0,1,0.2434960141624271,66
3892,3,7931,3105,4826,0,0,0,1.0,1,1.0,1,1.0,1,0.25061863646915566,67
3893,2,7933,3105,4828,0,0,0,1.0,1,1.0,1,1.0,1,0.24868549176632765,66
3894,5,7938,3105,4833,0,0,0,1.0,1,1.0,1,1.0,1,0.23668751801764087,67
3895,2,7940,3105,4835,0,0,0,1.0,1,1.0,1,1.0,1,0.2426754866182058,66
3896,4,7944,3106,4838,0,0,0,1.0,1,1.0,1,1.0,1,0.23323575392345228,66
3897,5,7949,3106,4843,0,0,0,1.0,1,1.0,1,1.0,1,0.25261961398740856,65
3898,8,7957,3110,4847,0,0,0,1.0,1,1.0,1,1.0,1,0.28716641354152067,65
3899,4,7961,3111,4850,0,0,0,1.0,1,1.0,1,1.0,1,0.28505631473744897,64
3900,5,7966,3111,4855,0,0,0,1.0,1,1.0,1,1.0,1,0.3117852712278263,63
3901,6,7972,3114,4858,0,0,0,1.0,1,1.0,1,1.0,1,0.2767719973866368,63
3902,2,7974,3114,4860,0,0,0,1.0,1,1.0,1,1.0,1,0.27740297063640723,64
3903,1,7975,3115,4860,0,0,0,1.0,1,1.0,1,1.0,1,0.2719400135834288,64
3904,4,7979,3118,4861,0,0,0,1.0,1,1.0,1,1.0,1,0.2377214084252873,63
3905,2,7981,3118,4863,0,0,0,1.0,1,1.0,1,1.0,1,0.2442069549239398,63
3906,6,7987,3121,4866,0,0,0,1.0,1,1.0,1,1.0,1,0.20935914260256763,64
3907,5,7992,3123,4869,0,0,0,1.0,1,1.0,1,1.0,1,0.22353863613185906,64
3908,3,7995,3124,4871,0,0,0,1.0,1,1.0,1,1.0,1,0.2131232166362474,63
3909,1,7996,3125,4871,0,0,0,1.0,1,1.0,1,1.0,1,0.2221283450016092,62
3910,0,7996,3125,4871,0,0,0,1.0,1,1.0,1,1.0,1,0.23228221508320646,62
3911,2,7998,3126,4872,0,0,0,1.0,1,1.0,1,1.0,1,0.24955409593979613,64
3912,4,8002,3126,4876,0,0,0,1.0,1,1.0,1,1.0,1,0.2129571755369526,64
3913,0,8002,3126,4876,0,0,0,1.0,1,1.0,1,1.0,1,0.22162218734901856,65
3914,0,8002,3126,4876,0,0,0,1.0,1,1.0,1,1.0,1,0.24314724443009178,65
3915,0,8002,3126,4876,0,0,0,1.0,1,1.0,1,1.0,1,0.23977523118632524,66
3916,0,8002,3126,4876,0,0,0,1.0,1,1.0,1,1.0,1,0.23977523118632524,66
3917,1,8003,3126,4877,0,0,0,1.0,1,1.0,1,1.0,1,0.22456647568706473,66
3918,3,8006,3127,4879,0,0,0,1.0,1,1.0,1,1.0,1,0.24754108610945505,67
3919,3,8009,3128,4881,0,0,0,1.0,1,1.0,1,1.0,1,0.26003913635478554,68
3920,1,8010,3128,4882,0,0,0,1.0,1,1.0,1,1.0,1,0.24116326877195737,69
3921,5,8015,3129,4886,0,0,0,1.0,1,1.0,1,1.0,1,0.20558777614303858,68
3922,3,8018,3132,4886,0,0,0,1.0,1,1.0,1,1.0,1,0.22341895152036595,68
3923,2,8020,3132,4888,0,0,0,1.0,1,1.0,1,1.0,1,0.21544733488185203,69
3924,0,8020,3132,4888,0,0,0,1.0,1,1.0,1,1.0,1,0.22346385090593282,69
3925,2,8022,3133,4889,0,0,0,1.0,1,1.0,1,1.0,1,0.2265823075032727,67
3926,2,8024,3133,4891,0,0,0,1.0,1,1.0,1,1.0,1,0.24363697727339864,67
3927,2,8026,3133,4893,0,0,0,1.0,1,1.0,1,1.0,1,0.2860371202714828,65
3928,2,8028,3134,4894,0,0,0,1.0,1,1.0,1,1.0,1,0.2963705609620009,65
3929,3,8031,3137,4894,0,0,0,1.0,1,1.0,1,1.0,1,0.28440026573534605,64
3930,1,8032,3137,4895,0,0,0,1.0,1,1.0,1,1.0,1,0.28428019506837576,64
3931,3,8035,3139,4896,0,0,0,1.0,1,1.0,1,1.0,1,0.29844959898468826,62
3932,1,8036,3140,4896,0,0,0,1.0,1,1.0,1,1.0,1,0.2919370229067792,62
3933,1,8037,3141,4896,0,0,0,1.0,1,1.0,1,1.0,1,0.3006534537143292,62
3934,1,8038,3142,4896,0,0,0,1.0,1,1.0,1,1.0,1,0.29352877942943256,61
3935,0,8038,3142,4896,0,0,0,1.0,1,1.0,1,1.0,1,0.30160533153023517,64
3936,4,8042,3142,4900,0,0,0,1.0,1,1.0,1,1.0,1,0.2725606089443633,65
3937,1,8043,3142,4901,0,0,0,1.0,1,1.0,1,1.0,1,0.24503242437665962,66
3938,1,8044,3142,4902,0,0,0,1.0,1,1.0,1,1.0,1,0.2493044180099671,66
3939,2,8046,3142,4904,0,0,0,1.0,1,1.0,1,1.0,1,0.25876490604519314,67
3940,2,8048,3143,4905,0,0,0,1.0,1,1.0,1,1.0,1,0.2429344155833031,69
3941,5,8053,3143,4910,0,0,0,1.0,1,1.0,1,1.0,1,0.19295741303671976,69
3942,1,8054,3144,4910,0,0,0,1.0,1,1.0,1,1.0,1,0.2092855303882159,69
3943,1,8055,3145,4910,0,0,0,1.0,1,1.0,1,1.0,1,0.22342097153069623,68
3944,3,8058,3145,4913,0,0,0,1.0,1,1.0,1,1.0,1,0.190276287646973,68
3945,3,8061,3148,4913,0,0,0,1.0,1,1.0,1,1.0,1,0.1990957682553734,67
3946,4,8065,3150,4915,0,0,0,1.0,1,1.0,1,1.0,1,0.2121355626979342,67
3947,0,8065,3150,4915,0,0,0,1.0,1,1.0,1,1.0,1,0.21543895766704682,66
3948,2,8067,3152,4915,0,0,0,1.0,1,1.0,1,1.0,1,0.21511086439204818,67
3949,4,8071,3155,4916,0,0,0,1.0,1,1.0,1,1.0,1,0.26325701017319614,66
3950,2,8073,3157,4916,0,0,0,1.0,1,1.0,1,1.0,1,0.2781458941664208,65
3951,2,8075,3157,4918,0,0,0,1.0,1,1.0,1,1.0,1,0.2539907323176574,65
3952,3,8078,3160,4918,0,0,0,1.0,1,1.0,1,1.0,1,0.25572584264004045,65
3953,1,8079,3161,4918,0,0,0,1.0,1,1.0,1,1.0,1,0.2873447061181837,65
3954,1,8080,3162,4918,0,0,0,1.0,1,1.0,1,1.0,1,0.2971348345931021,64
3955,2,8082,3162,4920,0,0,0,1.0,1,1.0,1,1.0,1,0.2906838027809677,64
3956,3,8085,3164,4921,0,0,0,1.0,1,1.0,1,1.0,1,0.2581285039995954,63
3957,0,8085,3164,4921,0,0,0,1.0,1,1.0,1,1.0,1,0.2581285039995954,63
3958,1,8086,3165,4921,0,0,0,1.0,1,1.0,1,1.0,1,0.27553600658428007,63
3959,2,8088,3166,4922,0,0,0,1.0,1,1.0,1,1.0,1,0.2731343482544302,62
3960,0,8088,3166,4922,0,0,0,1.0,1,1.0,1,1.0,1,0.2731343482544302,62
3961,5,8093,3167,4926,0,0,0,1.0,1,1.0,1,1.0,1,0.2134664917255953,64
3962,0,8093,3167,4926,0,0,0,1.0,1,1.0,1,1.0,1,0.2134664917255953,64
3963,1,8094,3168,4926,0,0,0,1.0,1,1.0,1,1.0,1,0.21732585299428614,62
3964,1,8095,3169,4926,0,0,0,1.0,1,1.0,1,1.0,1,0.20973907468145223,63
3965,1,8096,3169,4927,0,0,0,1.0,1,1.0,1,1.0,1,0.1828281735871177,63
3966,2,8098,3170,4928,0,0,0,1.0,1,1.0,1,1.0,1,0.17359184698401364,62
3967,0,8098,3170,4928,0,0,0,1.0,1,1.0,1,1.0,1,0.18338636429898403,64
3968,1,8099,3171,4928,0,0,0,1.0,1,1.0,1,1.0,1,0.20650896938884045,63
3969,6,8105,3171,4934,0,0,0,1.0,1,1.0,1,1.0,1,0.18076987911580192,63
3970,2,8107,3171,4936,0,0,0,1.0,1,1.0,1,1.0,1,0.1797999564908394,65
3971,5,8112,3171,4941,0,0,0,1.0,1,1.0,1,1.0,1,0.16975823748164232,65
3972,7,8119,3173,4946,0,0,0,1.0,1,1.0,1,1.0,1,0.20701043078634274,66
3973,4,8123,3174,4949,0,0,0,1.0,1,1.0,1,1.0,1,0.1992488823986377,66
3974,8,8131,3177,4954,0,0,0,1.0,1,1.0,1,1.0,1,0.22467032208964324,66
3975,7,8138,3178,4960,0,0,0,1.0,1,1.0,1,1.0,1,0.2067983465051218,66
3976,4,8142,3179,4963,0,0,0,1.0,1,1.0,1,1.0,1,0.24511041933104982,66
3977,4,8146,3180,4966,0,0,0,1.0,1,1.0,1,1.0,1,0.2236902033178382,64
3978,8,8154,3182,4972,0,0,0,1.0,1,1.0,1,1.0,1,0.2623288966834568,63
3979,2,8156,3182,4974,0,0,0,1.0,1,1.0,1,1.0,1,0.29018352210337983,63
3980,5,8161,3183,4978,0,0,0,1.0,1,1.0,1,1.0,1,0.2975381751506804,63
3981,7,8168,3183,4985,0,0,0,1.0,1,1.0,1,1.0,1,0.21834526113767103,64
3982,5,8173,3184,4989,0,0,0,1.0,1,1.0,1,1.0,1,0.1865369006379395,65
3983,1,8174,3184,4990,0,0,0,1.0,1,1.0,1,1.0,1,0.1726356036709785,64
3984,0,8174,3184,4990,0,0,0,1.0,1,1.0,1,1.0,1,0.17631956032347568,65
3985,3,8177,3187,4990,0,0,0,1.0,1,1.0,1,1.0,1,0.1968699658990274,64
3986,1,8178,3188,4990,0,0,0,1.0,1,1.0,1,1.0,1,0.20766763064488333,63
3987,2,8180,3190,4990,0,0,0,1.0,1,1.0,1,1.0,1,0.23869397413991283,63
3988,1,8181,3191,4990,0,0,0,1.0,1,1.0,1,1.0,1,0.22755308005262115,63
3989,4,8185,3193,4992,0,0,0,1.0,1,1.0,1,1.0,1,0.22814609549699927,63
3990,2,8187,3195,4992,0,0,0,1.0,1,1.0,1,1.0,1,0.29033061459974246,62
3991,0,8187,3195,4992,0,0,0,1.0,1,1.0,1,1.0,1,0.29033061459974246,62
3992,0,8187,3195,4992,0,0,0,1.0,1,1.0,1,1.0,1,0.2784735235272915,65
3993,0,8187,3195,4992,0,0,0,1.0,1,1.0,1,1.0,1,0.2784735235272915,65
3994,0,8187,3195,4992,0,0,0,1.0,1,1.0,1,1.0,1,0.27924344963390735,64
3995,3,8190,3195,4995,0,0,0,1.0,1,1.0,1,1.0,1,0.2614439625868004,64
3996,3,8193,3195,4998,0,0,0,1.0,1,1.0,1,1.0,1,0.2501693009534404,67
3997,2,8195,3195,5000,0,0,0,1.0,1,1.0,1,1.0,1,0.24709182922028167,69
3998,0,8195,3195,5000,0,0,0,1.0,1,1.0,1,1.0,1,0.24709182922028167,69
3999,0,8195,3195,5000,0,0,0,1.0,1,1.0,1,1.0,1,0.24709182922028167,69
4000,5,8200,3196,5004,0,0,0,1.0,1,1.0,1,1.0,1,0.27576489219848144,69
4001,15,8215,3196,5019,0,0,0,1.0,1,1.0,1,1.0,1,0.1512735035146391,68
4002,4,8219,3197,5022,0,0,0,1.0,1,1.0,1,1.0,1,0.15259465388529994,68
4003,2,8221,3197,5024,0,0,0,1.0,1,1.0,1,1.0,1,0.16412945844255578,68
4004,3,8224,3198,5026,0,0,0,1.0,1,1.0,1,1.0,1,0.16558104096436566,67
4005,2,8226,3198,5028,0,0,0,1.0,1,1.0,1,1.0,1,0.1786334305918464,67
4006,3,8229,3200,5029,0,0,0,1.0,1,1.0,1,1.0,1,0.19565174942355562,67
4007,8,8237,3201,5036,0,0,0,1.0,1,1.0,1,1.0,1,0.18896717094809973,67
4008,8,8245,3203,5042,0,0,0,1.0,1,1.0,1,1.0,1,0.2240395844477341,67
4009,4,8249,3204,5045,0,0,0,1.0,1,1.0,1,1.0,1,0.2588955309556008,67
4010,6,8255,3204,5051,0,0,0,1.0,1,1.0,1,1.0,1,0.27029116229419925,66
4011,7,8262,3205,5057,0,0,0,1.0,1,1.0,1,1.0,1,0.27797776080771774,66
4012,4,8266,3205,5061,0,0,0,1.0,1,1.0,1,1.0,1,0.2608579383855759,66
4013,3,8269,3205,5064,0,0,0,1.0,1,1.0,1,1.0,1,0.27278281561164097,66
4014,4,8273,3206,5067,0,0,0,1.0,1,1.0,1,1.0,1,0.26988695965572274,66
4015,3,8276,3206,5070,0,0,0,1.0,1,1.0,1,1.0,1,0.30394289684546094,64
4016,7,8283,3207,5076,0,0,0,1.0,1,1.0,1,1.0,1,0.3377904267692254,64
4017,6,8289,3207,5082,0,0,0,1.0,1,1.0,1,1.0,1,0.3185486658534528,66
4018,5,8294,3207,5087,0,0,0,1.0,1,1.0,1,1.0,1,0.33183927542775055,67
4019,7,8301,3209,5092,0,0,0,1.0,1,1.0,1,1.0,1,0.3450957658080605,67
4020,3,8304,3209,5095,0,0,0,1.0,1,1.0,1,1.0,1,0.349665175541165,66
4021,10,8314,3211,5103,0,0,0,1.0,1,1.0,1,1.0,1,0.25793303191955863,66
4022,1,8315,3212,5103,0,0,0,1.0,1,1.0,1,1.0,1,0.28828248192539707,66
4023,3,8318,3214,5104,0,0,0,1.0,1,1.0,1,1.0,1,0.2843799263790211,66
4024,3,8321,3217,5104,0,0,0,1.0,1,1.0,1,1.0,1,0.2965261431043522,66
4025,0,8321,3217,5104,0,0,0,1.0,1,1.0,1,1.0,1,0.28823515451278614,66
4026,0,8321,3217,5104,0,0,0,1.0,1,1.0,1,1.0,1,0.2892176626741855,66
4027,1,8322,3218,5104,0,0,0,1.0,1,1.0,1,1.0,1,0.2819242783199436,64
4028,7,8329,3223,5106,0,0,0,1.0,1,1.0,1,1.0,1,0.31048381146055415,63
4029,1,8330,3223,5107,0,0,0,1.0,1,1.0,1,1.0,1,0.289542282709987,62
4030,2,8332,3224,5108,0,0,0,1.0,1,1.0,1,1.0,1,0.2956098342966243,63
4031,1,8333,3225,5108,0,0,0,1.0,1,1.0,1,1.0,1,0.30111318530465614,62
4032,3,8336,3228,5108,0,0,0,1.0,1,1.0,1,1.0,1,0.33060014036846846,62
4033,5,8341,3230,5111,0,0,0,1.0,1,1.0,1,1.0,1,0.3348948199200343,61
4034,3,8344,3232,5112,0,0,0,1.0,1,1.0,1,1.0,1,0.31527272739592693,60
4035,0,8344,3232,5112,0,0,0,1.0,1,1.0,1,1.0,1,0.33382421562434217,59
4036,1,8345,3233,5112,0,0,0,1.0,1,1.0,1,1.0,1,0.3515495867373341,58
4037,1,8346,3234,5112,0,0,0,1.0,1,1.0,1,1.0,1,0.34274373822234483,59
4038,1,8347,3235,5112,0,0,0,1.0,1,1.0,1,1.0,1,0.35951794282560345,58
4039,2,8349,3237,5112,0,0,0,1.0,1,1.0,1,1.0,1,0.42856402101683505,56
4040,3,8352,3237,5115,0,0,0,1.0,1,1.0,1,1.0,1,0.41407863472828005,55
4041,13,8365,3239,5126,0,0,0,1.0,1,1.0,1,1.0,1,0.33636402668983173,54
4042,1,8366,3240,5126,0,0,0,1.0,1,1.0,1,1.0,1,0.3359126175967562,56
4043,2,8368,3241,5127,0,0,0,1.0,1,1.0,1,1.0,1,0.34789367899534374,56
4044,3,8371,3242,5129,0,0,0,1.0,1,1.0,1,1.0,1,0.3697748424183918,56
4045,3,8374,3243,5131,0,0,0,1.0,1,1.0,1,1.0,1,0.3725115315123164,57
4046,3,8377,3243,5134,0,0,0,1.0,1,1.0,1,1.0,1,0.40607063881510985,59
4047,6,8383,3245,5138,0,0,0,1.0,1,1.0,1,1.0,1,0.4351491237552133,59
4048,11,8394,3246,5148,0,0,0,1.0,1,1.0,1,1.0,1,0.45095629124434955,59
4049,9,8403,3246,5157,0,0,0,1.0,1,1.0,1,1.0,1,0.4300335656273206,60
4050,4,8407,3246,5161,0,0,0,1.0,1,1.0,1,1.0,1,0.404137962802274,60
4051,4,8411,3246,5165,0,0,0,1.0,1,1.0,1,1.0,1,0.4300335656273206,60
4052,8,8419,3246,5173,0,0,0,1.0,1,1.0,1,1.0,1,0.4300335656273206,60
4053,6,8425,3246,5179,0,0,0,1.0,1,1.0,1,1.0,1,0.4084595816138822,60
4054,7,8432,3247,5185,0,0,0,1.0,1,1.0,1,1.0,1,0.40406069944461925,61
4055,5,8437,3247,5190,0,0,0,1.0,1,1.0,1,1.0,1,0.41669347480444024,61
4056,9,8446,3247,5199,0,0,0,1.0,1,1.0,1,1.0,1,0.41613154977903655,62
4057,7,8453,3247,5206,0,0,0,1.0,1,1.0,1,1.0,1,0.40210879768970054,63
4058,14,8467,3247,5220,0,0,0,1.0,1,1.0,1,1.0,1,0.4167304135835364,64
4059,7,8474,3247,5227,0,0,0,1.0,1,1.0,1,1.0,1,0.45290707208356057,63
4060,16,8490,3247,5243,0,0,0,1.0,1,1.0,1,1.0,1,0.45290707208356057,63
4061,8,8498,3247,5251,0,0,0,1.0,1,1.0,1,1.0,1,0.388283356028707,63
4062,1,8499,3248,5251,0,0,0,1.0,1,1.0,1,1.0,1,0.36617838149862686,65
4063,3,8502,3249,5253,0,0,0,1.0,1,1.0,1,1.0,1,0.3493141116973455,64
4064,6,8508,3251,5257,0,0,0,1.0,1,1.0,1,1.0,1,0.3196068637318137,65
4065,2,8510,3251,5259,0,0,0,1.0,1,1.0,1,1.0,1,0.28009294953947683,64
4066,0,8510,3251,5259,0,0,0,1.0,1,1.0,1,1.0,1,0.28009294953947683,64
4067,4,8514,3253,5261,0,0,0,1.0,1,1.0,1,1.0,1,0.30213702281049365,63
4068,4,8518,3254,5264,0,0,0,1.0,1,1.0,1,1.0,1,0.259239906604936,64
4069,7,8525,3257,5268,0,0,0,1.0,1,1.0,1,1.0,1,0.2274697808849461,62
4070,3,8528,3259,5269,0,0,0,1.0,1,1.0,1,1.0,1,0.24674193899112387,61
4071,2,8530,3261,5269,0,0,0,1.0,1,1.0,1,1.0,1,0.26322610581458966,61
4072,3,8533,3264,5269,0,0,0,1.0,1,1.0,1,1.0,1,0.26025306907510976,60
4073,3,8536,3265,5271,0,0,0,1.0,1,1.0,1,1.0,1,0.2808242601473779,60
4074,7,8543,3270,5273,0,0,0,1.0,1,1.0,1,1.0,1,0.2946166394356638,60
4075,1,8544,3271,5273,0,0,0,1.0,1,1.0,1,1.0,1,0.2536415819300602,59
4076,2,8546,3272,5274,0,0,0,1.0,1,1.0,1,1.0,1,0.26926092869804247,60
4077,2,8548,3274,5274,0,0,0,1.0,1,1.0,1,1.0,1,0.27606954848955206,61
4078,1,8549,3275,5274,0,0,0,1.0,1,1.0,1,1.0,1,0.28255931156344954,60
4079,2,8551,3275,5276,0,0,0,1.0,1,1.0,1,1.0,1,0.312811818717153,58
4080,1,8552,3275,5277,0,0,0,1.0,1,1.0,1,1.0,1,0.2889063415221124,56
4081,9,8561,3275,5286,0,0,0,1.0,1,1.0,1,1.0,1,0.24712745266873976,56
4082,0,8561,3275,5286,0,0,0,1.0,1,1.0,1,1.0,1,0.25524120343293993,55
4083,1,8562,3276,5286,0,0,0,1.0,1,1.0,1,1.0,1,0.27888526175466505,55
4084,2,8564,3277,5287,0,0,0,1.0,1,1.0,1,1.0,1,0.2813914588755524,55
4085,4,8568,3277,5291,0,0,0,1.0,1,1.0,1,1.0,1,0.2580050933835519,56
4086,3,8571,3278,5293,0,0,0,1.0,1,1.0,1,1.0,1,0.2326532024204904,57
4087,5,8576,3279,5297,0,0,0,1.0,1,1.0,1,1.0,1,0.23527856837104072,57
4088,2,8578,3279,5299,0,0,0,1.0,1,1.0,1,1.0,1,0.23886739277456948,57
4089,2,8580,3279,5301,0,0,0,1.0,1,1.0,1,1.0,1,0.2617766049581984,56
4090,3,8583,3280,5303,0,0,0,1.0,1,1.0,1,1.0,1,0.2622108424502553,56
4091,2,8585,3280,5305,0,0,0,1.0,1,1.0,1,1.0,1,0.26475502508142523,56
4092,2,8587,3280,5307,0,0,0,1.0,1,1.0,1,1.0,1,0.25223566382196044,57
4093,3,8590,3281,5309,0,0,0,1.0,1,1.0,1,1.0,1,0.2618695523372447,58
4094,2,8592,3282,5310,0,0,0,1.0,1,1.0,1,1.0,1,0.2709273474408619,57
4095,0,8592,3282,5310,0,0,0,1.0,1,1.0,1,1.0,1,0.2709273474408619,57
4096,6,8598,3284,5314,0,0,0,1.0,1,1.0,1,1.0,1,0.25703959825089506,59
4097,4,8602,3285,5317,0,0,0,1.0,1,1.0,1,1.0,1,0.23700421569159263,59
4098,3,8605,3286,5319,0,0,0,1.0,1,1.0,1,1.0,1,0.23999562784107883,59
4099,3,8608,3287,5321,0,0,0,1.0,1,1.0,1,1.0,1,0.2599933123813058,60
4100,3,8611,3288,5323,0,0,0,1.0,1,1.0,1,1.0,1,0.29319970005679036,60
4101,6,8617,3288,5329,0,0,0,1.0,1,1.0,1,1.0,1,0.18025164578263905,60
4102,9,8626,3295,5331,0,0,0,1.0,1,1.0,1,1.0,1,0.1690354879924996,60
4103,1,8627,3296,5331,0,0,0,1.0,1,1.0,1,1.0,1,0.18069620111763732,58
4104,5,8632,3298,5334,0,0,0,1.0,1,1.0,1,1.0,1,0.21302155831927183,60
4105,2,8634,3299,5335,0,0,0,1.0,1,1.0,1,1.0,1,0.2028251761664451,59
4106,3,8637,3299,5338,0,0,0,1.0,1,1.0,1,1.0,1,0.1721011996002959,61
4107,1,8638,3299,5339,0,0,0,1.0,1,1.0,1,1.0,1,0.18618373367528143,59
4108,1,8639,3299,5340,0,0,0,1.0,1,1.0,1,1.0,1,0.1815854892130932,60
4109,1,8640,3299,5341,0,0,0,1.0,1,1.0,1,1.0,1,0.18659556607381322,59
4110,1,8641,3299,5342,0,0,0,1.0,1,1.0,1,1.0,1,0.1635474025952582,60
4111,1,8642,3300,5342,0,0,0,1.0,1,1.0,1,1.0,1,0.18864448910198123,61
4112,0,8642,3300,5342,0,0,0,1.0,1,1.0,1,1.0,1,0.18873503549293486,60
4113,3,8645,3301,5344,0,0,0,1.0,1,1.0,1,1.0,1,0.16932808976586367,61
4114,1,8646,3301,5345,0,0,0,1.0,1,1.0,1,1.0,1,0.16964214711519726,62
4115,2,8648,3302,5346,0,0,0,1.0,1,1.0,1,1.0,1,0.18056840321610154,60
4116,1,8649,3303,5346,0,0,0,1.0,1,1.0,1,1.0,1,0.1962022216436693,59
4117,5,8654,3305,5349,0,0,0,1.0,1,1.0,1,1.0,1,0.195084737952159,56
4118,0,8654,3305,5349,0,0,0,1.0,1,1.0,1,1.0,1,0.19359496714993496,55
4119,0,8654,3305,5349,0,0,0,1.0,1,1.0,1,1.0,1,0.22249122463693813,53
4120,2,8656,3307,5349,0,0,0,1.0,1,1.0,1,1.0,1,0.24751201806332537,52
4121,6,8662,3310,5352,0,0,0,1.0,1,1.0,1,1.0,1,0.16942361719408067,53
4122,3,8665,3311,5354,0,0,0,1.0,1,1.0,1,1.0,1,0.15232857377404438,52
4123,1,8666,3312,5354,0,0,0,1.0,1,1.0,1,1.0,1,0.1798645848153157,51
4124,2,8668,3313,5355,0,0,0,1.0,1,1.0,1,1.0,1,0.18936006711170844,51
4125,0,8668,3313,5355,0,0,0,1.0,1,1.0,1,1.0,1,0.17852692872453801,50
4126,4,8672,3316,5356,0,0,0,1.0,1,1.0,1,1.0,1,0.19377579143465998,50
4127,0,8672,3316,5356,0,0,0,1.0,1,1.0,1,1.0,1,0.19789169180609192,49
4128,0,8672,3316,5356,0,0,0,1.0,1,1.0,1,1.0,1,0.19789169180609192,49
4129,0,8672,3316,5356,0,0,0,1.0,1,1.0,1,1.0,1,0.19789169180609192,49
4130,1,8673,3317,5356,0,0,0,1.0,1,1.0,1,1.0,1,0.19583886589053606,50
4131,2,8675,3318,5357,0,0,0,1.0,1,1.0,1,1.0,1,0.17176236459739824,50
4132,0,8675,3318,5357,0,0,0,1.0,1,1.0,1,1.0,1,0.17176236459739824,50
4133,0,8675,3318,5357,0,0,0,1.0,1,1.0,1,1.0,1,0.1833998846691637,51
4134,1,8676,3318,5358,0,0,0,1.0,1,1.0,1,1.0,1,0.1512271454692202,53
4135,2,8678,3319,5359,0,0,0,1.0,1,1.0,1,1.0,1,0.13790982846345817,54
4136,1,8679,3319,5360,0,0,0,1.0,1,1.0,1,1.0,1,0.12367927012679976,54
4137,1,8680,3319,5361,0,0,0,1.0,1,1.0,1,1.0,1,0.14734542118582108,55
4138,0,8680,3319,5361,0,0,0,1.0,1,1.0,1,1.0,1,0.15892132162734007,54
4139,0,8680,3319,5361,0,0,0,1.0,1,1.0,1,1.0,1,0.15892132162734007,54
4140,2,8682,3321,5361,0,0,0,1.0,1,1.0,1,1.0,1,0.20178953067372313,55
4141,7,8689,3321,5368,0,0,0,1.0,1,1.0,1,1.0,1,0.1593901658779461,55
4142,3,8692,3322,5370,0,0,0,1.0,1,1.0,1,1.0,1,0.16633420967100726,55
4143,0,8692,3322,5370,0,0,0,1.0,1,1.0,1,1.0,1,0.19221815329409153,53
4144,1,8693,3323,5370,0,0,0,1.0,1,1.0,1,1.0,1,0.20460953600651116,52
4145,4,8697,3324,5373,0,0,0,1.0,1,1.0,1,1.0,1,0.2183980187940206,51
4146,4,8701,3326,5375,0,0,0,1.0,1,1.0,1,1.0,1,0.21844523546318412,51
4147,6,8707,3328,5379,0,0,0,1.0,1,1.0,1,1.0,1,0.2765802055917294,50
4148,5,8712,3328,5384,0,0,0,1.0,1,1.0,1,1.0,1,0.26282031065432115,52
4149,3,8715,3328,5387,0,0,0,1.0,1,1.0,1,1.0,1,0.22675462319225795,53
4150,5,8720,3330,5390,0,0,0,1.0,1,1.0,1,1.0,1,0.27100445689714797,53
4151,2,8722,3330,5392,0,0,0,1.0,1,1.0,1,1.0,1,0.27814787395367246,53
4152,8,8730,3332,5398,0,0,0,1.0,1,1.0,1,1.0,1,0.24618146426206194,54
4153,4,8734,3332,5402,0,0,0,1.0,1,1.0,1,1.0,1,0.28048407683723847,51
4154,2,8736,3332,5404,0,0,0,1.0,1,1.0,1,1.0,1,0.28250909802501717,51
4155,6,8742,3334,5408,0,0,0,1.0,1,1.0,1,1.0,1,0.3181363286807458,51
4156,8,8750,3337,5413,0,0,0,1.0,1,1.0,1,1.0,1,0.28838152536876605,52
4157,5,8755,3337,5418,0,0,0,1.0,1,1.0,1,1.0,1,0.2977271696237623,52
4158,9,8764,3338,5426,0,0,0,1.0,1,1.0,1,1.0,1,0.2878447595800334,52
4159,4,8768,3338,5430,0,0,0,1.0,1,1.0,1,1.0,1,0.2881761403635421,52
4160,4,8772,3339,5433,0,0,0,1.0,1,1.0,1,1.0,1,0.28657353208604186,50
4161,4,8776,3340,5436,0,0,0,1.0,1,1.0,1,1.0,1,0.21637038336237802,50
4162,1,8777,3341,5436,0,0,0,1.0,1,1.0,1,1.0,1,0.2157551966092462,51
4163,4,8781,3342,5439,0,0,0,1.0,1,1.0,1,1.0,1,0.1819527829401448,48
4164,3,8784,3344,5440,0,0,0,1.0,1,1.0,1,1.0,1,0.22553831631170485,50
4165,1,8785,3344,5441,0,0,0,1.0,1,1.0,1,1.0,1,0.21209357559980346,49
4166,1,8786,3344,5442,0,0,0,1.0,1,1.0,1,1.0,1,0.21365997474157492,50
4167,0,8786,3344,5442,0,0,0,1.0,1,1.0,1,1.0,1,0.21540691091835285,50
4168,2,8788,3345,5443,0,0,0,1.0,1,1.0,1,1.0,1,0.23955232144999836,50
4169,1,8789,3346,5443,0,0,0,1.0,1,1.0,1,1.0,1,0.2385635081173309,51
4170,1,8790,3347,5443,0,0,0,1.0,1,1.0,1,1.0,1,0.28104947519532963,50
4171,3,8793,3349,5444,0,0,0,1.0,1,1.0,1,1.0,1,0.2872473347182979,50
4172,1,8794,3349,5445,0,0,0,1.0,1,1.0,1,1.0,1,0.30776385376078885,49
4173,0,8794,3349,5445,0,0,0,1.0,1,1.0,1,1.0,1,0.33499482268600955,48
4174,1,8795,3349,5446,0,0,0,1.0,1,1.0,1,1.0,1,0.30857204973561714,48
4175,2,8797,3351,5446,0,0,0,1.0,1,1.0,1,1.0,1,0.2861116772529265,48
4176,3,8800,3352,5448,0,0,0,1.0,1,1.0,1,1.0,1,0.2935384927643329,50
4177,2,8802,3354,5448,0,0,0,1.0,1,1.0,1,1.0,1,0.29864986535031224,52
4178,1,8803,3355,5448,0,0,0,1.0,1,1.0,1,1.0,1,0.3080367809971393,53
4179,2,8805,3357,5448,0,0,0,1.0,1,1.0,1,1.0,1,0.31099017318762856,54
4180,2,8807,3358,5449,0,0,0,1.0,1,1.0,1,1.0,1,0.30411119620337446,55
4181,5,8812,3358,5454,0,0,0,1.0,1,1.0,1,1.0,1,0.23989198469292147,56
4182,1,8813,3358,5455,0,0,0,1.0,1,1.0,1,1.0,1,0.2285319603610424,56
4183,4,8817,3360,5457,0,0,0,1.0,1,1.0,1,1.0,1,0.19970080809537477,57
4184,2,8819,3362,5457,0,0,0,1.0,1,1.0,1,1.0,1,0.24094238029564413,57
4185,2,8821,3363,5458,0,0,0,1.0,1,1.0,1,1.0,1,0.24084146397400383,54
4186,2,8823,3364,5459,0,0,0,1.0,1,1.0,1,1.0,1,0.2258046828959078,55
4187,0,8823,3364,5459,0,0,0,1.0,1,1.0,1,1.0,1,0.23050734538605233,53
4188,3,8826,3365,5461,0,0,0,1.0,1,1.0,1,1.0,1,0.2176321695256048,53
4189,3,8829,3366,5463,0,0,0,1.0,1,1.0,1,1.0,1,0.21174023945453588,53
4190,1,8830,3367,5463,0,0,0,1.0,1,1.0,1,1.0,1,0.20327355874975697,53
4191,0,8830,3367,5463,0,0,0,1.0,1,1.0,1,1.0,1,0.21141464487034423,51
4192,1,8831,3368,5463,0,0,0,1.0,1,1.0,1,1.0,1,0.23058033284685092,51
4193,1,8832,3369,5463,0,0,0,1.0,1,1.0,1,1.0,1,0.2381736726882457,50
4194,0,8832,3369,5463,0,0,0,1.0,1,1.0,1,1.0,1,0.22925407995784178,50
4195,1,8833,3370,5463,0,0,0,1.0,1,1.0,1,1.0,1,0.26735454960197197,50
4196,2,8835,3371,5464,0,0,0,1.0,1,1.0,1,1.0,1,0.2714716974040777,51
4197,2,8837,3373,5464,0,0,0,1.0,1,1.0,1,1.0,1,0.2705253737002494,50
4198,0,8837,3373,5464,0,0,0,1.0,1,1.0,1,1.0,1,0.3086589254015081,48
4199,0,8837,3373,5464,0,0,0,1.0,1,1.0,1,1.0,1,0.32412117650655686,48
4200,1,8838,3374,5464,0,0,0,1.0,1,1.0,1,1.0,1,0.3377201518293229,48
4201,2,8840,3374,5466,0,0,0,1.0,1,1.0,1,1.0,1,0.3311067289453299,47
4202,0,8840,3374,5466,0,0,0,1.0,1,1.0,1,1.0,1,0.3311067289453299,47
4203,0,8840,3374,5466,0,0,0,1.0,1,1.0,1,1.0,1,0.3311067289453299,47
4204,4,8844,3377,5467,0,0,0,1.0,1,1.0,1,1.0,1,0.3291084442073606,48
4205,0,8844,3377,5467,0,0,0,1.0,1,1.0,1,1.0,1,0.3167272620159976,49
4206,1,8845,3377,5468,0,0,0,1.0,1,1.0,1,1.0,1,0.30774319447091714,49
4207,0,8845,3377,5468,0,0,0,1.0,1,1.0,1,1.0,1,0.29544191649820445,48
4208,2,8847,3379,5468,0,0,0,1.0,1,1.0,1,1.0,1,0.2823937387153394,49
4209,5,8852,3381,5471,0,0,0,1.0,1,1.0,1,1.0,1,0.2867828975926444,51
4210,1,8853,3382,5471,0,0,0,1.0,1,1.0,1,1.0,1,0.3120962661126691,52
4211,2,8855,3382,5473,0,0,0,1.0,1,1.0,1,1.0,1,0.3082818887223811,53
4212,1,8856,3382,5474,0,0,0,1.0,1,1.0,1,1.0,1,0.2992323831939665,53
4213,1,8857,3382,5475,0,0,0,1.0,1,1.0,1,1.0,1,0.2737797373886854,54
4214,2,8859,3383,5476,0,0,0,1.0,1,1.0,1,1.0,1,0.2947730533520342,54
4215,1,8860,3384,5476,0,0,0,1.0,1,1.0,1,1.0,1,0.2945065728903366,54
4216,1,8861,3384,5477,0,0,0,1.0,1,1.0,1,1.0,1,0.30951234316256804,53
4217,3,8864,3386,5478,0,0,0,1.0,1,1.0,1,1.0,1,0.35039154409158424,54
4218,3,8867,3387,5480,0,0,0,1.0,1,1.0,1,1.0,1,0.3616846760308954,53
4219,1,8868,3387,5481,0,0,0,1.0,1,1.0,1,1.0,1,0.3603022176611855,53
4220,3,8871,3387,5484,0,0,0,1.0,1,1.0,1,1.0,1,0.3578620755006858,53
4221,1,8872,3387,5485,0,0,0,1.0,1,1.0,1,1.0,1,0.3506781430968235,54
4222,5,8877,3391,5486,0,0,0,1.0,1,1.0,1,1.0,1,0.3687743717602931,55
4223,6,8883,3393,5490,0,0,0,1.0,1,1.0,1,1.0,1,0.3535188981065491,56
4224,2,8885,3395,5490,0,0,0,1.0,1,1.0,1,1.0,1,0.36536218811346044,55
4225,2,8887,3396,5491,0,0,0,1.0,1,1.0,1,1.0,1,0.34154952658280396,53
4226,2,8889,3397,5492,0,0,0,1.0,1,1.0,1,1.0,1,0.3491585063176956,54
4227,1,8890,3398,5492,0,0,0,1.0,1,1.0,1,1.0,1,0.3491280233168248,52
4228,1,8891,3399,5492,0,0,0,1.0,1,1.0,1,1.0,1,0.35303104364440135,51
4229,2,8893,3401,5492,0,0,0,1.0,1,1.0,1,1.0,1,0.3733111459048865,48
4230,1,8894,3402,5492,0,0,0,1.0,1,1.0,1,1.0,1,0.3861345925929396,48
4231,0,8894,3402,5492,0,0,0,1.0,1,1.0,1,1.0,1,0.3725520703603162,48
4232,1,8895,3403,5492,0,0,0,1.0,1,1.0,1,1.0,1,0.37358322052270315,48
4233,0,8895,3403,5492,0,0,0,1.0,1,1.0,1,1.0,1,0.3544254123461493,48
4234,2,8897,3404,5493,0,0,0,1.0,1,1.0,1,1.0,1,0.35279595588955587,49
4235,3,8900,3405,5495,0,0,0,1.0,1,1.0,1,1.0,1,0.32870800011625767,47
4236,3,8903,3406,5497,0,0,0,1.0,1,1.0,1,1.0,1,0.3514082425973681,47
4237,0,8903,3406,5497,0,0,0,1.0,1,1.0,1,1.0,1,0.3460625882909851,48
4238,0,8903,3406,5497,0,0,0,1.0,1,1.0,1,1.0,1,0.37112765985341106,47
4239,0,8903,3406,5497,0,0,0,1.0,1,1.0,1,1.0,1,0.3791760440615643,48
4240,1,8904,3406,5498,0,0,0,1.0,1,1.0,1,1.0,1,0.3661286080419489,47
4241,4,8908,3406,5502,0,0,0,1.0,1,1.0,1,1.0,1,0.27479110847741767,49
4242,1,8909,3406,5503,0,0,0,1.0,1,1.0,1,1.0,1,0.2601387373347992,49
4243,4,8913,3407,5506,0,0,0,1.0,1,1.0,1,1.0,1,0.2268767593997368,50
4244,0,8913,3407,5506,0,0,0,1.0,1,1.0,1,1.0,1,0.25960056106534585,51
4245,0,8913,3407,5506,0,0,0,1.0,1,1.0,1,1.0,1,0.2839825514690581,51
4246,0,8913,3407,5506,0,0,0,1.0,1,1.0,1,1.0,1,0.2839825514690581,51
4247,0,8913,3407,5506,0,0,0,1.0,1,1.0,1,1.0,1,0.2934019269416839,52
4248,3,8916,3408,5508,0,0,0,1.0,1,1.0,1,1.0,1,0.29833543353892567,52
4249,4,8920,3408,5512,0,0,0,1.0,1,1.0,1,1.0,1,0.26583077679504646,52
4250,2,8922,3408,5514,0,0,0,1.0,1,1.0,1,1.0,1,0.2485393848171764,52
4251,7,8929,3409,5520,0,0,0,1.0,1,1.0,1,1.0,1,0.24315410004487598,53
4252,1,8930,3410,5520,0,0,0,1.0,1,1.0,1,1.0,1,0.2508475995584658,53
4253,4,8934,3413,5521,0,0,0,1.0,1,1.0,1,1.0,1,0.2772320677931496,54
4254,1,8935,3413,5522,0,0,0,1.0,1,1.0,1,1.0,1,0.26127480058689884,54
4255,4,8939,3414,5525,0,0,0,1.0,1,1.0,1,1.0,1,0.26536560572990137,55
4256,4,8943,3415,5528,0,0,0,1.0,1,1.0,1,1.0,1,0.23924204643643684,57
4257,1,8944,3415,5529,0,0,0,1.0,1,1.0,1,1.0,1,0.21691371151788957,57
4258,0,8944,3415,5529,0,0,0,1.0,1,1.0,1,1.0,1,0.23106619945392928,57
4259,0,8944,3415,5529,0,0,0,1.0,1,1.0,1,1.0,1,0.23106619945392928,57
4260,0,8944,3415,5529,0,0,0,1.0,1,1.0,1,1.0,1,0.23498535719633515,58
4261,2,8946,3415,5531,0,0,0,1.0,1,1.0,1,1.0,1,0.21374047894357995,59
4262,2,8948,3416,5532,0,0,0,1.0,1,1.0,1,1.0,1,0.21463288421926405,60
4263,2,8950,3418,5532,0,0,0,1.0,1,1.0,1,1.0,1,0.2323889821277288,59
4264,4,8954,3421,5533,0,0,0,1.0,1,1.0,1,1.0,1,0.2439521608050528,58
4265,1,8955,3421,5534,0,0,0,1.0,1,1.0,1,1.0,1,0.23834003718696462,58
4266,5,8960,3422,5538,0,0,0,1.0,1,1.0,1,1.0,1,0.2365048493009682,58
4267,0,8960,3422,5538,0,0,0,1.0,1,1.0,1,1.0,1,0.23054551033332976,55
4268,3,8963,3425,5538,0,0,0,1.0,1,1.0,1,1.0,1,0.2927621379436524,55
4269,2,8965,3426,5539,0,0,0,1.0,1,1.0,1,1.0,1,0.29364660352920785,50
4270,3,8968,3429,5539,0,0,0,1.0,1,1.0,1,1.0,1,0.3407505219147655,47
4271,3,8971,3431,5540,0,0,0,1.0,1,1.0,1,1.0,1,0.35128640692678736,47
4272,0,8971,3431,5540,0,0,0,1.0,1,1.0,1,1.0,1,0.3934337395063985,46
4273,4,8975,3432,5543,0,0,0,1.0,1,1.0,1,1.0,1,0.36108936187994545,47
4274,4,8979,3433,5546,0,0,0,1.0,1,1.0,1,1.0,1,0.35176894762794314,45
4275,3,8982,3436,5546,0,0,0,1.0,1,1.0,1,1.0,1,0.3190370714074884,44
4276,1,8983,3437,5546,0,0,0,1.0,1,1.0,1,1.0,1,0.3464512932955307,43
4277,5,8988,3440,5548,0,0,0,1.0,1,1.0,1,1.0,1,0.36001683622027325,42
4278,2,8990,3441,5549,0,0,0,1.0,1,1.0,1,1.0,1,0.3453124134954421,43
4279,2,8992,3443,5549,0,0,0,1.0,1,1.0,1,1.0,1,0.34079150460619784,42
4280,3,8995,3445,5550,0,0,0,1.0,1,1.0,1,1.0,1,0.37786513063136123,44
4281,9,9004,3446,5558,0,0,0,1.0,1,1.0,1,1.0,1,0.20971834011214016,44
4282,1,9005,3446,5559,0,0,0,1.0,1,1.0,1,1.0,1,0.2016793832977801,44
4283,1,9006,3446,5560,0,0,0,1.0,1,1.0,1,1.0,1,0.2059070071070864,45
4284,2,9008,3446,5562,0,0,0,1.0,1,1.0,1,1.0,1,0.1765133439329276,45
4285,1,9009,3447,5562,0,0,0,1.0,1,1.0,1,1.0,1,0.1870973904809664,47
4286,1,9010,3447,5563,0,0,0,1.0,1,1.0,1,1.0,1,0.18175298891503258,47
4287,3,9013,3447,5566,0,0,0,1.0,1,1.0,1,1.0,1,0.16006613027672703,49
4288,1,9014,3447,5567,0,0,0,1.0,1,1.0,1,1.0,1,0.1537963642168358,49
4289,2,9016,3447,5569,0,0,0,1.0,1,1.0,1,1.0,1,0.1542685010735283,50
4290,6,9022,3448,5574,0,0,0,1.0,1,1.0,1,1.0,1,0.1547174738895372,51
4291,6,9028,3449,5579,0,0,0,1.0,1,1.0,1,1.0,1,0.2073095062716221,50
4292,7,9035,3450,5585,0,0,0,1.0,1,1.0,1,1.0,1,0.26224867832432247,51
4293,7,9042,3450,5592,0,0,0,1.0,1,1.0,1,1.0,1,0.22465393188370508,51
4294,4,9046,3451,5595,0,0,0,1.0,1,1.0,1,1.0,1,0.2503471187511522,50
4295,6,9052,3452,5600,0,0,0,1.0,1,1.0,1,1.0,1,0.2831031455155171,50
4296,8,9060,3454,5606,0,0,0,1.0,1,1.0,1,1.0,1,0.26480264206757487,49
4297,2,9062,3454,5608,0,0,0,1.0,1,1.0,1,1.0,1,0.2665970249739663,49
4298,3,9065,3454,5611,0,0,0,1.0,1,1.0,1,1.0,1,0.27937314471447594,49
4299,3,9068,3454,5614,0,0,0,1.0,1,1.0,1,1.0,1,0.2737174950800492,48
4300,4,9072,3456,5616,0,0,0,1.0,1,1.0,1,1.0,1,0.28829100064472457,49
4301,9,9081,3458,5623,0,0,0,1.0,1,1.0,1,1.0,1,0.1555212930416876,50
4302,4,9085,3458,5627,0,0,0,1.0,1,1.0,1,1.0,1,0.10598704324125707,51
4303,2,9087,3459,5628,0,0,0,1.0,1,1.0,1,1.0,1,0.13702104231203455,51
4304,6,9093,3462,5631,0,0,0,1.0,1,1.0,1,1.0,1,0.15346876794785866,51
4305,2,9095,3463,5632,0,0,0,1.0,1,1.0,1,1.0,1,0.17284612954122022,49
4306,1,9096,3464,5632,0,0,0,1.0,1,1.0,1,1.0,1,0.1997252771659617,49
4307,2,9098,3466,5632,0,0,0,1.0,1,1.0,1,1.0,1,0.23848742314923269,46
4308,2,9100,3468,5632,0,0,0,1.0,1,1.0,1,1.0,1,0.21109198052214728,44
4309,3,9103,3470,5633,0,0,0,1.0,1,1.0,1,1.0,1,0.2562004097690628,44
4310,2,9105,3471,5634,0,0,0,1.0,1,1.0,1,1.0,1,0.26559748621977247,42
4311,2,9107,3473,5634,0,0,0,1.0,1,1.0,1,1.0,1,0.19816507239129252,42
4312,1,9108,3474,5634,0,0,0,1.0,1,1.0,1,1.0,1,0.21119876098564033,40
4313,6,9114,3478,5636,0,0,0,1.0,1,1.0,1,1.0,1,0.22128067799982537,40
4314,1,9115,3478,5637,0,0,0,1.0,1,1.0,1,1.0,1,0.299010880984252,36
4315,2,9117,3479,5638,0,0,0,1.0,1,1.0,1,1.0,1,0.30203534176967645,37
4316,4,9121,3482,5639,0,0,0,1.0,1,1.0,1,1.0,1,0.3976177576295515,37
4317,4,9125,3483,5642,0,0,0,1.0,1,1.0,1,1.0,1,0.3948260020518897,36
4318,1,9126,3484,5642,0,0,0,1.0,1,1.0,1,1.0,1,0.44764284238268104,34
4319,1,9127,3484,5643,0,0,0,1.0,1,1.0,1,1.0,1,0.40928182801189955,34
4320,0,9127,3484,5643,0,0,0,1.0,1,1.0,1,1.0,1,0.40928182801189955,34
4321,5,9132,3484,5648,0,0,0,1.0,1,1.0,1,1.0,1,0.2792639850315057,35
4322,0,9132,3484,5648,0,0,0,1.0,1,1.0,1,1.0,1,0.2792639850315057,35
4323,0,9132,3484,5648,0,0,0,1.0,1,1.0,1,1.0,1,0.2792639850315057,35
4324,2,9134,3484,5650,0,0,0,1.0,1,1.0,1,1.0,1,0.2859281499981574,34
4325,1,9135,3484,5651,0,0,0,1.0,1,1.0,1,1.0,1,0.2587046685743594,34
4326,4,9139,3486,5653,0,0,0,1.0,1,1.0,1,1.0,1,0.24056196656119191,36
4327,1,9140,3486,5654,0,0,0,1.0,1,1.0,1,1.0,1,0.22137058285847122,35
4328,1,9141,3486,5655,0,0,0,1.0,1,1.0,1,1.0,1,0.1834317917644689,35
4329,3,9144,3487,5657,0,0,0,1.0,1,1.0,1,1.0,1,0.16168219119112445,38
4330,3,9147,3488,5659,0,0,0,1.0,1,1.0,1,1.0,1,0.14467890869161568,38
4331,1,9148,3488,5660,0,0,0,1.0,1,1.0,1,1.0,1,0.16962533633239082,39
4332,1,9149,3488,5661,0,0,0,1.0,1,1.0,1,1.0,1,0.1753589042543207,40
4333,1,9150,3488,5662,0,0,0,1.0,1,1.0,1,1.0,1,0.13496352183211743,41
4334,1,9151,3489,5662,0,0,0,1.0,1,1.0,1,1.0,1,0.12298443577888654,41
4335,1,9152,3489,5663,0,0,0,1.0,1,1.0,1,1.0,1,0.09684663662869297,42
4336,1,9153,3489,5664,0,0,0,1.0,1,1.0,1,1.0,1,0.12284372703200644,43
4337,4,9157,3490,5667,0,0,0,1.0,1,1.0,1,1.0,1,0.12211934716452887,44
4338,3,9160,3490,5670,0,0,0,1.0,1,1.0,1,1.0,1,0.10373197264471412,44
4339,3,9163,3491,5672,0,0,0,1.0,1,1.0,1,1.0,1,0.1754576218275072,46
4340,4,9167,3491,5676,0,0,0,1.0,1,1.0,1,1.0,1,0.16026978362438754,47
4341,6,9173,3494,5679,0,0,0,1.0,1,1.0,1,1.0,1,0.1322310812449094,47
4342,5,9178,3496,5682,0,0,0,1.0,1,1.0,1,1.0,1,0.14053337129906027,47
4343,0,9178,3496,5682,0,0,0,1.0,1,1.0,1,1.0,1,0.09560043257643543,42
4344,3,9181,3499,5682,0,0,0,1.0,1,1.0,1,1.0,1,0.19849946212962893,42
4345,4,9185,3501,5684,0,0,0,1.0,1,1.0,1,1.0,1,0.17369298129933233,39
4346,0,9185,3501,5684,0,0,0,1.0,1,1.0,1,1.0,1,0.1830418095050027,37
4347,2,9187,3503,5684,0,0,0,1.0,1,1.0,1,1.0,1,0.2575472643969275,37
4348,4,9191,3507,5684,0,0,0,1.0,1,1.0,1,1.0,1,0.3683250088670416,38
4349,1,9192,3507,5685,0,0,0,1.0,1,1.0,1,1.0,1,0.35383566768272845,36
4350,4,9196,3511,5685,0,0,0,1.0,1,1.0,1,1.0,1,0.3710922849504273,37
4351,2,9198,3512,5686,0,0,0,1.0,1,1.0,1,1.0,1,0.35771066176734817,35
4352,1,9199,3512,5687,0,0,0,1.0,1,1.0,1,1.0,1,0.3642365859856281,34
4353,0,9199,3512,5687,0,0,0,1.0,1,1.0,1,1.0,1,0.36479140222900697,34
4354,0,9199,3512,5687,0,0,0,1.0,1,1.0,1,1.0,1,0.40680934392420737,32
4355,1,9200,3512,5688,0,0,0,1.0,1,1.0,1,1.0,1,0.36860343307751786,32
4356,2,9202,3514,5688,0,0,0,1.0,1,1.0,1,1.0,1,0.3620671555277988,34
4357,0,9202,3514,5688,0,0,0,1.0,1,1.0,1,1.0,1,0.3626889736357649,35
4358,2,9204,3516,5688,0,0,0,1.0,1,1.0,1,1.0,1,0.4005379882733925,35
4359,6,9210,3518,5692,0,0,0,1.0,1,1.0,1,1.0,1,0.4054369212526653,37
4360,5,9215,3518,5697,0,0,0,1.0,1,1.0,1,1.0,1,0.3809631463049454,38
4361,8,9223,3518,5705,0,0,0,1.0,1,1.0,1,1.0,1,0.1933411607439699,39
4362,3,9226,3520,5706,0,0,0,1.0,1,1.0,1,1.0,1,0.21416252185509624,38
4363,2,9228,3520,5708,0,0,0,1.0,1,1.0,1,1.0,1,0.1711555148095161,38
4364,3,9231,3521,5710,0,0,0,1.0,1,1.0,1,1.0,1,0.11878312274383074,39
4365,0,9231,3521,5710,0,0,0,1.0,1,1.0,1,1.0,1,0.11878312274383074,39
4366,0,9231,3521,5710,0,0,0,1.0,1,1.0,1,1.0,1,0.11878312274383074,39
4367,0,9231,3521,5710,0,0,0,1.0,1,1.0,1,1.0,1,0.13332482062928674,41
4368,1,9232,3522,5710,0,0,0,1.0,1,1.0,1,1.0,1,0.16042571599745667,41
4369,3,9235,3522,5713,0,0,0,1.0,1,1.0,1,1.0,1,0.1847974451803546,42
4370,3,9238,3523,5715,0,0,0,1.0,1,1.0,1,1.0,1,0.18813524863910494,42
4371,2,9240,3523,5717,0,0,0,1.0,1,1.0,1,1.0,1,0.22704035330176234,43
4372,2,9242,3523,5719,0,0,0,1.0,1,1.0,1,1.0,1,0.20682380023648553,43
4373,2,9244,3523,5721,0,0,0,1.0,1,1.0,1,1.0,1,0.22704035330176234,43
4374,5,9249,3523,5726,0,0,0,1.0,1,1.0,1,1.0,1,0.22771537183059892,44
4375,12,9261,3526,5735,0,0,0,1.0,1,1.0,1,1.0,1,0.23277634080231574,45
4376,10,9271,3526,5745,0,0,0,1.0,1,1.0,1,1.0,1,0.24953417192939747,46
4377,9,9280,3527,5753,0,0,0,1.0,1,1.0,1,1.0,1,0.27163440749375095,47
4378,6,9286,3527,5759,0,0,0,1.0,1,1.0,1,1.0,1,0.2521209586314905,49
4379,14,9300,3530,5770,0,0,0,1.0,1,1.0,1,1.0,1,0.2673481576033022,51
4380,12,9312,3531,5781,0,0,0,1.0,1,1.0,1,1.0,1,0.3100986367699208,50
4381,6,9318,3532,5786,0,0,0,1.0,1,1.0,1,1.0,1,0.2551774995002839,49
4382,2,9320,3533,5787,0,0,0,1.0,1,1.0,1,1.0,1,0.26529260861203346,47
4383,3,9323,3535,5788,0,0,0,1.0,1,1.0,1,1.0,1,0.2921130683273913,47
4384,2,9325,3536,5789,0,0,0,1.0,1,1.0,1,1.0,1,0.3002517899270175,44
4385,0,9325,3536,5789,0,0,0,1.0,1,1.0,1,1.0,1,0.26694859293163004,42
4386,2,9327,3537,5790,0,0,0,1.0,1,1.0,1,1.0,1,0.34040214772396277,41
4387,1,9328,3538,5790,0,0,0,1.0,1,1.0,1,1.0,1,0.30083345843907816,39
4388,2,9330,3539,5791,0,0,0,1.0,1,1.0,1,1.0,1,0.2774533582468643,39
4389,1,9331,3540,5791,0,0,0,1.0,1,1.0,1,1.0,1,0.26776921281025434,38
4390,2,9333,3540,5793,0,0,0,1.0,1,1.0,1,1.0,1,0.2501338331022514,38
4391,1,9334,3540,5794,0,0,0,1.0,1,1.0,1,1.0,1,0.23033446939474092,39
4392,1,9335,3540,5795,0,0,0,1.0,1,1.0,1,1.0,1,0.21132671600566438,39
4393,1,9336,3540,5796,0,0,0,1.0,1,1.0,1,1.0,1,0.1988123940052455,40
4394,0,9336,3540,5796,0,0,0,1.0,1,1.0,1,1.0,1,0.20254104036281942,39
4395,0,9336,3540,5796,0,0,0,1.0,1,1.0,1,1.0,1,0.20254104036281942,39
4396,0,9336,3540,5796,0,0,0,1.0,1,1.0,1,1.0,1,0.23494976862360065,39
4397,1,9337,3541,5796,0,0,0,1.0,1,1.0,1,1.0,1,0.2581042402473779,38
4398,0,9337,3541,5796,0,0,0,1.0,1,1.0,1,1.0,1,0.26317344678938687,39
4399,0,9337,3541,5796,0,0,0,1.0,1,1.0,1,1.0,1,0.27734256645838284,42
4400,0,9337,3541,5796,0,0,0,1.0,1,1.0,1,1.0,1,0.2762049308366557,43
4401,5,9342,3541,5801,0,0,0,1.0,1,1.0,1,1.0,1,0.19620340426915314,44
4402,0,9342,3541,5801,0,0,0,1.0,1,1.0,1,1.0,1,0.19620340426915314,44
4403,0,9342,3541,5801,0,0,0,1.0,1,1.0,1,1.0,1,0.18970423954173474,45
4404,0,9342,3541,5801,0,0,0,1.0,1,1.0,1,1.0,1,0.18970423954173474,45
4405,0,9342,3541,5801,0,0,0,1.0,1,1.0,1,1.0,1,0.19842605361622492,46
4406,1,9343,3542,5801,0,0,0,1.0,1,1.0,1,1.0,1,0.23261822146854938,46
4407,0,9343,3542,5801,0,0,0,1.0,1,1.0,1,1.0,1,0.23261822146854938,46
4408,0,9343,3542,5801,0,0,0,1.0,1,1.0,1,1.0,1,0.2390010436463621,47
4409,1,9344,3543,5801,0,0,0,1.0,1,1.0,1,1.0,1,0.29031793378417553,48
4410,0,9344,3543,5801,0,0,0,1.0,1,1.0,1,1.0,1,0.29031793378417553,48
4411,1,9345,3543,5802,0,0,0,1.0,1,1.0,1,1.0,1,0.2751351882257354,50
4412,3,9348,3544,5804,0,0,0,1.0,1,1.0,1,1.0,1,0.2745481889767727,50
4413,2,9350,3544,5806,0,0,0,1.0,1,1.0,1,1.0,1,0.2503778064841872,50
4414,2,9352,3545,5807,0,0,0,1.0,1,1.0,1,1.0,1,0.2259469033471483,51
4415,1,9353,3546,5807,0,0,0,1.0,1,1.0,1,1.0,1,0.21121621819559436,51
4416,1,9354,3546,5808,0,0,0,1.0,1,1.0,1,1.0,1,0.19647765959300992,51
4417,2,9356,3547,5809,0,0,0,1.0,1,1.0,1,1.0,1,0.1880095822390499,51
4418,1,9357,3548,5809,0,0,0,1.0,1,1.0,1,1.0,1,0.2015805537160739,51
4419,1,9358,3548,5810,0,0,0,1.0,1,1.0,1,1.0,1,0.19133100277027137,50
4420,1,9359,3549,5810,0,0,0,1.0,1,1.0,1,1.0,1,0.20899039224017252,50
4421,1,9360,3549,5811,0,0,0,1.0,1,1.0,1,1.0,1,0.1969308754489858,52
4422,1,9361,3549,5812,0,0,0,1.0,1,1.0,1,1.0,1,0.21656600801452341,51
4423,0,9361,3549,5812,0,0,0,1.0,1,1.0,1,1.0,1,0.21656600801452341,51
4424,0,9361,3549,5812,0,0,0,1.0,1,1.0,1,1.0,1,0.22551227535575843,53
4425,0,9361,3549,5812,0,0,0,1.0,1,1.0,1,1.0,1,0.22543141566692904,54
4426,2,9363,3550,5813,0,0,0,1.0,1,1.0,1,1.0,1,0.21360531908319405,55
4427,2,9365,3550,5815,0,0,0,1.0,1,1.0,1,1.0,1,0.1985019083758127,55
4428,0,9365,3550,5815,0,0,0,1.0,1,1.0,1,1.0,1,0.1985019083758127,55
4429,2,9367,3551,5816,0,0,0,1.0,1,1.0,1,1.0,1,0.18662598760206184,56
4430,0,9367,3551,5816,0,0,0,1.0,1,1.0,1,1.0,1,0.18075501235386843,55
4431,1,9368,3551,5817,0,0,0,1.0,1,1.0,1,1.0,1,0.18846934477761762,56
4432,0,9368,3551,5817,0,0,0,1.0,1,1.0,1,1.0,1,0.18846934477761762,56
4433,2,9370,3551,5819,0,0,0,1.0,1,1.0,1,1.0,1,0.17694785553697984,57
4434,0,9370,3551,5819,0,0,0,1.0,1,1.0,1,1.0,1,0.17690715572061352,56
4435,1,9371,3552,5819,0,0,0,1.0,1,1.0,1,1.0,1,0.18163949191639775,56
4436,5,9376,3554,5822,0,0,0,1.0,1,1.0,1,1.0,1,0.16404979602481704,55
4437,0,9376,3554,5822,0,0,0,1.0,1,1.0,1,1.0,1,0.17784905157539396,54
4438,1,9377,3555,5822,0,0,0,1.0,1,1.0,1,1.0,1,0.21139159567229485,54
4439,1,9378,3555,5823,0,0,0,1.0,1,1.0,1,1.0,1,0.2089164500941845,55
4440,1,9379,3556,5823,0,0,0,1.0,1,1.0,1,1.0,1,0.21334953361968123,55
4441,4,9383,3558,5825,0,0,0,1.0,1,1.0,1,1.0,1,0.18097806329120003,59
4442,3,9386,3559,5827,0,0,0,1.0,1,1.0,1,1.0,1,0.15567029310817934,61
4443,2,9388,3561,5827,0,0,0,1.0,1,1.0,1,1.0,1,0.18825232390397578,60
4444,1,9389,3561,5828,0,0,0,1.0,1,1.0,1,1.0,1,0.19672480833977063,61
4445,0,9389,3561,5828,0,0,0,1.0,1,1.0,1,1.0,1,0.19672480833977063,61
4446,1,9390,3562,5828,0,0,0,1.0,1,1.0,1,1.0,1,0.21683864834396543,62
4447,1,9391,3562,5829,0,0,0,1.0,1,1.0,1,1.0,1,0.1966521381207931,63
4448,0,9391,3562,5829,0,0,0,1.0,1,1.0,1,1.0,1,0.1966521381207931,63
4449,0,9391,3562,5829,0,0,0,1.0,1,1.0,1,1.0,1,0.1966521381207931,63
4450,0,9391,3562,5829,0,0,0,1.0,1,1.0,1,1.0,1,0.1962076597944949,62
4451,0,9391,3562,5829,0,0,0,1.0,1,1.0,1,1.0,1,0.19656007746670204,63
4452,0,9391,3562,5829,0,0,0,1.0,1,1.0,1,1.0,1,0.2050961590102838,64
4453,4,9395,3562,5833,0,0,0,1.0,1,1.0,1,1.0,1,0.1729392960767645,65
4454,0,9395,3562,5833,0,0,0,1.0,1,1.0,1,1.0,1,0.1638171425039532,66
4455,2,9397,3563,5834,0,0,0,1.0,1,1.0,1,1.0,1,0.1510410396938754,67
4456,2,9399,3565,5834,0,0,0,1.0,1,1.0,1,1.0,1,0.18766741997553602,67
4457,0,9399,3565,5834,0,0,0,1.0,1,1.0,1,1.0,1,0.18820190557241145,65
4458,1,9400,3565,5835,0,0,0,1.0,1,1.0,1,1.0,1,0.19678289230107085,65
4459,3,9403,3567,5836,0,0,0,1.0,1,1.0,1,1.0,1,0.24598321881323587,64
4460,0,9403,3567,5836,0,0,0,1.0,1,1.0,1,1.0,1,0.23329696913985454,63
4461,3,9406,3568,5838,0,0,0,1.0,1,1.0,1,1.0,1,0.2026490702690461,62
4462,7,9413,3574,5839,0,0,0,1.0,1,1.0,1,1.0,1,0.2725779368200922,61
4463,5,9418,3577,5841,0,0,0,1.0,1,1.0,1,1.0,1,0.2988576315025552,61
4464,2,9420,3579,5841,0,0,0,1.0,1,1.0,1,1.0,1,0.2791320526133061,58
4465,1,9421,3580,5841,0,0,0,1.0,1,1.0,1,1.0,1,0.3474880918513564,57
4466,3,9424,3581,5843,0,0,0,1.0,1,1.0,1,1.0,1,0.32311591754643193,54
4467,5,9429,3585,5844,0,0,0,1.0,1,1.0,1,1.0,1,0.29597132247353525,52
4468,1,9430,3586,5844,0,0,0,1.0,1,1.0,1,1.0,1,0.30837256023235393,52
4469,3,9433,3589,5844,0,0,0,1.0,1,1.0,1,1.0,1,0.30976261336442995,51
4470,2,9435,3591,5844,0,0,0,1.0,1,1.0,1,1.0,1,0.30621566218909135,51
4471,3,9438,3594,5844,0,0,0,1.0,1,1.0,1,1.0,1,0.3070084038355669,50
4472,1,9439,3594,5845,0,0,0,1.0,1,1.0,1,1.0,1,0.29096058852576206,48
4473,0,9439,3594,5845,0,0,0,1.0,1,1.0,1,1.0,1,0.29759941138562607,47
4474,3,9442,3596,5846,0,0,0,1.0,1,1.0,1,1.0,1,0.31902231447356144,49
4475,0,9442,3596,5846,0,0,0,1.0,1,1.0,1,1.0,1,0.3478767654654005,47
4476,3,9445,3598,5847,0,0,0,1.0,1,1.0,1,1.0,1,0.3470335624110496,49
4477,1,9446,3599,5847,0,0,0,1.0,1,1.0,1,1.0,1,0.38759646210955684,48
4478,0,9446,3599,5847,0,0,0,1.0,1,1.0,1,1.0,1,0.38759646210955684,48
4479,0,9446,3599,5847,0,0,0,1.0,1,1.0,1,1.0,1,0.38759646210955684,48
4480,2,9448,3599,5849,0,0,0,1.0,1,1.0,1,1.0,1,0.34885644392647164,49
4481,9,9457,3599,5858,0,0,0,1.0,1,1.0,1,1.0,1,0.21530526787872617,49
4482,1,9458,3599,5859,0,0,0,1.0,1,1.0,1,1.0,1,0.23699325498061882,49
4483,2,9460,3599,5861,0,0,0,1.0,1,1.0,1,1.0,1,0.19209521291536005,50
4484,6,9466,3600,5866,0,0,0,1.0,1,1.0,1,1.0,1,0.16466194989608593,52
4485,2,9468,3600,5868,0,0,0,1.0,1,1.0,1,1.0,1,0.19515635058013103,53
4486,4,9472,3601,5871,0,0,0,1.0,1,1.0,1,1.0,1,0.17433291204970336,55
4487,6,9478,3603,5875,0,0,0,1.0,1,1.0,1,1.0,1,0.16112369618357028,55
4488,1,9479,3603,5876,0,0,0,1.0,1,1.0,1,1.0,1,0.16523436978303654,54
4489,3,9482,3604,5878,0,0,0,1.0,1,1.0,1,1.0,1,0.20159150600635758,53
4490,1,9483,3604,5879,0,0,0,1.0,1,1.0,1,1.0,1,0.2018817030912095,53
4491,3,9486,3604,5882,0,0,0,1.0,1,1.0,1,1.0,1,0.2152183739776446,52
4492,4,9490,3604,5886,0,0,0,1.0,1,1.0,1,1.0,1,0.2152183739776446,52
4493,6,9496,3605,5891,0,0,0,1.0,1,1.0,1,1.0,1,0.2712074541625566,52
4494,5,9501,3605,5896,0,0,0,1.0,1,1.0,1,1.0,1,0.23933813427384784,53
4495,7,9508,3609,5899,0,0,0,1.0,1,1.0,1,1.0,1,0.2233409161568316,50
4496,6,9514,3613,5901,0,0,0,1.0,1,1.0,1,1.0,1,0.2500914021765029,51
4497,2,9516,3615,5901,0,0,0,1.0,1,1.0,1,1.0,1,0.25436869406049173,50
4498,2,9518,3617,5901,0,0,0,1.0,1,1.0,1,1.0,1,0.2767709050721352,49
4499,0,9518,3617,5901,0,0,0,1.0,1,1.0,1,1.0,1,0.26428086135428763,48
4500,2,9520,3617,5903,0,0,0,1.0,1,1.0,1,1.0,1,0.23980873063866176,48
4501,2,9522,3618,5904,0,0,0,1.0,1,1.0,1,1.0,1,0.2359412188988099,48
4502,1,9523,3619,5904,0,0,0,1.0,1,1.0,1,1.0,1,0.24968307871303105,49
4503,3,9526,3622,5904,0,0,0,1.0,1,1.0,1,1.0,1,0.2629304041035583,49
4504,2,9528,3623,5905,0,0,0,1.0,1,1.0,1,1.0,1,0.28642550395717925,45
4505,3,9531,3624,5907,0,0,0,1.0,1,1.0,1,1.0,1,0.23219006873458292,46
4506,3,9534,3627,5907,0,0,0,1.0,1,1.0,1,1.0,1,0.3007608298550429,45
4507,6,9540,3628,5912,0,0,0,1.0,1,1.0,1,1.0,1,0.2679952765542163,45
4508,5,9545,3630,5915,0,0,0,1.0,1,1.0,1,1.0,1,0.23177203377958028,43
4509,1,9546,3631,5915,0,0,0,1.0,1,1.0,1,1.0,1,0.24887442210009922,41
4510,1,9547,3632,5915,0,0,0,1.0,1,1.0,1,1.0,1,0.2688301401113822,42
4511,1,9548,3632,5916,0,0,0,1.0,1,1.0,1,1.0,1,0.265783983768636,41
4512,0,9548,3632,5916,0,0,0,1.0,1,1.0,1,1.0,1,0.265783983768636,41
4513,1,9549,3633,5916,0,0,0,1.0,1,1.0,1,1.0,1,0.31045614598723237,41
4514,3,9552,3636,5916,0,0,0,1.0,1,1.0,1,1.0,1,0.33514178914253495,42
4515,3,9555,3636,5919,0,0,0,1.0,1,1.0,1,1.0,1,0.3043970243856823,41
4516,3,9558,3638,5920,0,0,0,1.0,1,1.0,1,1.0,1,0.25401553516485,42
4517,0,9558,3638,5920,0,0,0,1.0,1,1.0,1,1.0,1,0.26264887398772324,43
4518,0,9558,3638,5920,0,0,0,1.0,1,1.0,1,1.0,1,0.2677962256832664,42
4519,2,9560,3640,5920,0,0,0,1.0,1,1.0,1,1.0,1,0.2932750267186014,42
4520,1,9561,3640,5921,0,0,0,1.0,1,1.0,1,1.0,1,0.31101635099409297,42
4521,3,9564,3640,5924,0,0,0,1.0,1,1.0,1,1.0,1,0.2635951987954803,42
4522,3,9567,3641,5926,0,0,0,1.0,1,1.0,1,1.0,1,0.2381701481638166,42
4523,0,9567,3641,5926,0,0,0,1.0,1,1.0,1,1.0,1,0.2381701481638166,42
4524,5,9572,3643,5929,0,0,0,1.0,1,1.0,1,1.0,1,0.21199586157700143,43
4525,3,9575,3644,5931,0,0,0,1.0,1,1.0,1,1.0,1,0.2270108370463512,46
4526,2,9577,3646,5931,0,0,0,1.0,1,1.0,1,1.0,1,0.24997102383123962,46
4527,4,9581,3649,5932,0,0,0,1.0,1,1.0,1,1.0,1,0.25824068928070953,47
4528,2,9583,3649,5934,0,0,0,1.0,1,1.0,1,1.0,1,0.26210748640228176,49
4529,1,9584,3649,5935,0,0,0,1.0,1,1.0,1,1.0,1,0.2513009628721947,50
4530,2,9586,3650,5936,0,0,0,1.0,1,1.0,1,1.0,1,0.2494163002804849,51
4531,2,9588,3650,5938,0,0,0,1.0,1,1.0,1,1.0,1,0.19700529233246694,51
4532,0,9588,3650,5938,0,0,0,1.0,1,1.0,1,1.0,1,0.19700529233246694,51
4533,2,9590,3650,5940,0,0,0,1.0,1,1.0,1,1.0,1,0.17976823442954984,50
4534,1,9591,3650,5941,0,0,0,1.0,1,1.0,1,1.0,1,0.14919456867656422,51
4535,1,9592,3651,5941,0,0,0,1.0,1,1.0,1,1.0,1,0.1432610190916549,50
4536,0,9592,3651,5941,0,0,0,1.0,1,1.0,1,1.0,1,0.18206513528036883,48
4537,0,9592,3651,5941,0,0,0,1.0,1,1.0,1,1.0,1,0.18924464714974834,49
4538,2,9594,3651,5943,0,0,0,1.0,1,1.0,1,1.0,1,0.19153134917042416,48
4539,1,9595,3652,5943,0,0,0,1.0,1,1.0,1,1.0,1,0.25507855330457707,50
4540,0,9595,3652,5943,0,0,0,1.0,1,1.0,1,1.0,1,0.22906776997817815,49
4541,4,9599,3654,5945,0,0,0,1.0,1,1.0,1,1.0,1,0.231869255397149,49
4542,4,9603,3657,5946,0,0,0,1.0,1,1.0,1,1.0,1,0.24007245161228694,47
4543,2,9605,3659,5946,0,0,0,1.0,1,1.0,1,1.0,1,0.257132726775136,45
4544,3,9608,3661,5947,0,0,0,1.0,1,1.0,1,1.0,1,0.26104838348637166,45
4545,6,9614,3664,5950,0,0,0,1.0,1,1.0,1,1.0,1,0.31284149094061775,43
4546,2,9616,3665,5951,0,0,0,1.0,1,1.0,1,1.0,1,0.30921638338586654,43
4547,0,9616,3665,5951,0,0,0,1.0,1,1.0,1,1.0,1,0.3236704755909223,41
4548,2,9618,3665,5953,0,0,0,1.0,1,1.0,1,1.0,1,0.28741648054389607,42
4549,0,9618,3665,5953,0,0,0,1.0,1,1.0,1,1.0,1,0.2945516783369701,41
4550,4,9622,3668,5954,0,0,0,1.0,1,1.0,1,1.0,1,0.2936204524542763,41
4551,1,9623,3669,5954,0,0,0,1.0,1,1.0,1,1.0,1,0.315114036817052,39
4552,0,9623,3669,5954,0,0,0,1.0,1,1.0,1,1.0,1,0.3173679077766332,38
4553,1,9624,3669,5955,0,0,0,1.0,1,1.0,1,1.0,1,0.32108007602902894,39
4554,1,9625,3670,5955,0,0,0,1.0,1,1.0,1,1.0,1,0.35274999023842213,38
4555,0,9625,3670,5955,0,0,0,1.0,1,1.0,1,1.0,1,0.35893975959546526,37
4556,0,9625,3670,5955,0,0,0,1.0,1,1.0,1,1.0,1,0.3810036003806715,36
4557,1,9626,3671,5955,0,0,0,1.0,1,1.0,1,1.0,1,0.3681759136682997,38
4558,2,9628,3673,5955,0,0,0,1.0,1,1.0,1,1.0,1,0.3467329046853846,39
4559,2,9630,3675,5955,0,0,0,1.0,1,1.0,1,1.0,1,0.4116685802662919,38
4560,3,9633,3676,5957,0,0,0,1.0,1,1.0,1,1.0,1,0.4201990878097942,41
4561,8,9641,3676,5965,0,0,0,1.0,1,1.0,1,1.0,1,0.2769506234086379,41
4562,2,9643,3676,5967,0,0,0,1.0,1,1.0,1,1.0,1,0.25937833679078864,43
4563,1,9644,3676,5968,0,0,0,1.0,1,1.0,1,1.0,1,0.25956900486354906,42
4564,0,9644,3676,5968,0,0,0,1.0,1,1.0,1,1.0,1,0.25858781550879084,43
4565,1,9645,3676,5969,0,0,0,1.0,1,1.0,1,1.0,1,0.27521630792211393,44
4566,3,9648,3676,5972,0,0,0,1.0,1,1.0,1,1.0,1,0.2199611452859474,45
4567,3,9651,3678,5973,0,0,0,1.0,1,1.0,1,1.0,1,0.18534792890049856,47
4568,0,9651,3678,5973,0,0,0,1.0,1,1.0,1,1.0,1,0.18534792890049856,47
4569,5,9656,3681,5975,0,0,0,1.0,1,1.0,1,1.0,1,0.17551833550468005,49
4570,2,9658,3681,5977,0,0,0,1.0,1,1.0,1,1.0,1,0.17533876079572422,49
4571,1,9659,3681,5978,0,0,0,1.0,1,1.0,1,1.0,1,0.18223184732990186,48
4572,1,9660,3681,5979,0,0,0,1.0,1,1.0,1,1.0,1,0.17218578200502777,48
4573,1,9661,3681,5980,0,0,0,1.0,1,1.0,1,1.0,1,0.17728661875310203,48
4574,2,9663,3681,5982,0,0,0,1.0,1,1.0,1,1.0,1,0.1714512313551237,50
4575,4,9667,3684,5983,0,0,0,1.0,1,1.0,1,1.0,1,0.21802651207717538,51
4576,2,9669,3685,5984,0,0,0,1.0,1,1.0,1,1.0,1,0.2524323549795025,48
4577,0,9669,3685,5984,0,0,0,1.0,1,1.0,1,1.0,1,0.26344653855935074,47
4578,1,9670,3686,5984,0,0,0,1.0,1,1.0,1,1.0,1,0.2715824642911761,46
4579,4,9674,3687,5987,0,0,0,1.0,1,1.0,1,1.0,1,0.28143332690161993,46
4580,1,9675,3687,5988,0,0,0,1.0,1,1.0,1,1.0,1,0.2568672681810386,47
4581,5,9680,3687,5993,0,0,0,1.0,1,1.0,1,1.0,1,0.1926274849487945,47
4582,0,9680,3687,5993,0,0,0,1.0,1,1.0,1,1.0,1,0.18853932327867134,48
4583,0,9680,3687,5993,0,0,0,1.0,1,1.0,1,1.0,1,0.18853932327867134,48
4584,1,9681,3687,5994,0,0,0,1.0,1,1.0,1,1.0,1,0.20837677660126747,50
4585,2,9683,3688,5995,0,0,0,1.0,1,1.0,1,1.0,1,0.23525034625700883,50
4586,1,9684,3688,5996,0,0,0,1.0,1,1.0,1,1.0,1,0.22904098762053465,50
4587,3,9687,3688,5999,0,0,0,1.0,1,1.0,1,1.0,1,0.21533515939426584,50
4588,1,9688,3688,6000,0,0,0,1.0,1,1.0,1,1.0,1,0.2206227089819409,50
4589,1,9689,3688,6001,0,0,0,1.0,1,1.0,1,1.0,1,0.23926727014643298,52
4590,1,9690,3688,6002,0,0,0,1.0,1,1.0,1,1.0,1,0.23248113295580736,52
4591,2,9692,3688,6004,0,0,0,1.0,1,1.0,1,1.0,1,0.22832603376306762,53
4592,2,9694,3688,6006,0,0,0,1.0,1,1.0,1,1.0,1,0.24823045927584428,54
4593,6,9700,3689,6011,0,0,0,1.0,1,1.0,1,1.0,1,0.24092286775664717,56
4594,6,9706,3689,6017,0,0,0,1.0,1,1.0,1,1.0,1,0.2303742644693173,57
4595,5,9711,3690,6021,0,0,0,1.0,1,1.0,1,1.0,1,0.2279542515666021,56
4596,6,9717,3690,6027,0,0,0,1.0,1,1.0,1,1.0,1,0.19089341746636027,56
4597,5,9722,3691,6031,0,0,0,1.0,1,1.0,1,1.0,1,0.20311042170369228,56
4598,8,9730,3693,6037,0,0,0,1.0,1,1.0,1,1.0,1,0.2410614642866824,57
4599,5,9735,3693,6042,0,0,0,1.0,1,1.0,1,1.0,1,0.23771021386305782,59
4600,2,9737,3693,6044,0,0,0,1.0,1,1.0,1,1.0,1,0.2281779162116339,60
4601,4,9741,3694,6047,0,0,0,1.0,1,1.0,1,1.0,1,0.20400057776871536,60
4602,1,9742,3695,6047,0,0,0,1.0,1,1.0,1,1.0,1,0.1971758581933155,62
4603,0,9742,3695,6047,0,0,0,1.0,1,1.0,1,1.0,1,0.1971758581933155,62
4604,0,9742,3695,6047,0,0,0,1.0,1,1.0,1,1.0,1,0.19116163798653588,63
4605,0,9742,3695,6047,0,0,0,1.0,1,1.0,1,1.0,1,0.19116163798653588,63
4606,1,9743,3695,6048,0,0,0,1.0,1,1.0,1,1.0,1,0.18172327148303086,64
4607,2,9745,3696,6049,0,0,0,1.0,1,1.0,1,1.0,1,0.17337049705663127,65
4608,3,9748,3697,6051,0,0,0,1.0,1,1.0,1,1.0,1,0.1899037645139312,66
4609,3,9751,3698,6053,0,0,0,1.0,1,1.0,1,1.0,1,0.20860171014633486,65
4610,0,9751,3698,6053,0,0,0,1.0,1,1.0,1,1.0,1,0.21268400853840613,63
4611,2,9753,3699,6054,0,0,0,1.0,1,1.0,1,1.0,1,0.23479647644572998,64
4612,0,9753,3699,6054,0,0,0,1.0,1,1.0,1,1.0,1,0.23258356775654934,62
4613,1,9754,3700,6054,0,0,0,1.0,1,1.0,1,1.0,1,0.26795884935648706,63
4614,4,9758,3702,6056,0,0,0,1.0,1,1.0,1,1.0,1,0.2328537416205881,61
4615,3,9761,3703,6058,0,0,0,1.0,1,1.0,1,1.0,1,0.2584571865893604,59
4616,4,9765,3705,6060,0,0,0,1.0,1,1.0,1,1.0,1,0.2583944726557827,58
4617,2,9767,3705,6062,0,0,0,1.0,1,1.0,1,1.0,1,0.280087016582649,58
4618,3,9770,3706,6064,0,0,0,1.0,1,1.0,1,1.0,1,0.3042144937674749,57
4619,3,9773,3707,6066,0,0,0,1.0,1,1.0,1,1.0,1,0.3183125935848021,57
4620,1,9774,3707,6067,0,0,0,1.0,1,1.0,1,1.0,1,0.30717460412208264,57
4621,3,9777,3707,6070,0,0,0,1.0,1,1.0,1,1.0,1,0.2693327762398265,59
4622,3,9780,3709,6071,0,0,0,1.0,1,1.0,1,1.0,1,0.28940344584767913,60
4623,3,9783,3710,6073,0,0,0,1.0,1,1.0,1,1.0,1,0.2934101444455313,59
4624,2,9785,3711,6074,0,0,0,1.0,1,1.0,1,1.0,1,0.28884203465789227,59
4625,1,9786,3712,6074,0,0,0,1.0,1,1.0,1,1.0,1,0.2931898008531939,57
4626,3,9789,3714,6075,0,0,0,1.0,1,1.0,1,1.0,1,0.30694984566874306,56
4627,1,9790,3715,6075,0,0,0,1.0,1,1.0,1,1.0,1,0.3038384537056062,56
4628,1,9791,3716,6075,0,0,0,1.0,1,1.0,1,1.0,1,0.32314346392910875,56
4629,3,9794,3717,6077,0,0,0,1.0,1,1.0,1,1.0,1,0.3511082462832747,56
4630,1,9795,3718,6077,0,0,0,1.0,1,1.0,1,1.0,1,0.34432545754862476,57
4631,0,9795,3718,6077,0,0,0,1.0,1,1.0,1,1.0,1,0.3669929896345183,56
4632,2,9797,3719,6078,0,0,0,1.0,1,1.0,1,1.0,1,0.39972799415887195,57
4633,1,9798,3719,6079,0,0,0,1.0,1,1.0,1,1.0,1,0.37970305059266757,58
4634,0,9798,3719,6079,0,0,0,1.0,1,1.0,1,1.0,1,0.37970305059266757,58
4635,3,9801,3719,6082,0,0,0,1.0,1,1.0,1,1.0,1,0.33809272349553476,59
4636,0,9801,3719,6082,0,0,0,1.0,1,1.0,1,1.0,1,0.3261176574843595,60
4637,0,9801,3719,6082,0,0,0,1.0,1,1.0,1,1.0,1,0.3261176574843595,60
4638,2,9803,3719,6084,0,0,0,1.0,1,1.0,1,1.0,1,0.30684566684348336,61
4639,3,9806,3720,6086,0,0,0,1.0,1,1.0,1,1.0,1,0.285938943292583,62
4640,0,9806,3720,6086,0,0,0,1.0,1,1.0,1,1.0,1,0.29832247543717366,63
4641,7,9813,3722,6091,0,0,0,1.0,1,1.0,1,1.0,1,0.22518770078483158,63
4642,0,9813,3722,6091,0,0,0,1.0,1,1.0,1,1.0,1,0.23853176997162326,62
4643,4,9817,3724,6093,0,0,0,1.0,1,1.0,1,1.0,1,0.26501247307645753,63
4644,4,9821,3725,6096,0,0,0,1.0,1,1.0,1,1.0,1,0.2803415856959705,62
4645,3,9824,3725,6099,0,0,0,1.0,1,1.0,1,1.0,1,0.2825125443798857,63
4646,7,9831,3728,6103,0,0,0,1.0,1,1.0,1,1.0,1,0.3143084886822117,63
4647,3,9834,3728,6106,0,0,0,1.0,1,1.0,1,1.0,1,0.3216750267593158,62
4648,11,9845,3730,6115,0,0,0,1.0,1,1.0,1,1.0,1,0.29794834382658075,63
4649,4,9849,3730,6119,0,0,0,1.0,1,1.0,1,1.0,1,0.2805353992941703,61
4650,6,9855,3732,6123,0,0,0,1.0,1,1.0,1,1.0,1,0.26865212046215425,63
4651,5,9860,3734,6126,0,0,0,1.0,1,1.0,1,1.0,1,0.2356552180050597,62
4652,2,9862,3735,6127,0,0,0,1.0,1,1.0,1,1.0,1,0.2677218679509142,59
4653,1,9863,3735,6128,0,0,0,1.0,1,1.0,1,1.0,1,0.26773655237031413,60
4654,2,9865,3737,6128,0,0,0,1.0,1,1.0,1,1.0,1,0.2854572111305724,60
4655,0,9865,3737,6128,0,0,0,1.0,1,1.0,1,1.0,1,0.2854572111305724,60
4656,4,9869,3739,6130,0,0,0,1.0,1,1.0,1,1.0,1,0.30836675497511556,61
4657,3,9872,3739,6133,0,0,0,1.0,1,1.0,1,1.0,1,0.294932904044708,62
4658,3,9875,3739,6136,0,0,0,1.0,1,1.0,1,1.0,1,0.2755427897485948,62
4659,2,9877,3739,6138,0,0,0,1.0,1,1.0,1,1.0,1,0.2855065622961247,61
4660,5,9882,3741,6141,0,0,0,1.0,1,1.0,1,1.0,1,0.33215326443526483,61
4661,5,9887,3741,6146,0,0,0,1.0,1,1.0,1,1.0,1,0.30238409372054376,61
4662,1,9888,3742,6146,0,0,0,1.0,1,1.0,1,1.0,1,0.2863951673636607,62
4663,2,9890,3742,6148,0,0,0,1.0,1,1.0,1,1.0,1,0.24398746791919637,61
4664,1,9891,3743,6148,0,0,0,1.0,1,1.0,1,1.0,1,0.25572036129688164,62
4665,1,9892,3744,6148,0,0,0,1.0,1,1.0,1,1.0,1,0.2600211925117956,61
4666,5,9897,3745,6152,0,0,0,1.0,1,1.0,1,1.0,1,0.21633667280560076,61
4667,0,9897,3745,6152,0,0,0,1.0,1,1.0,1,1.0,1,0.21600852207902696,59
4668,4,9901,3748,6153,0,0,0,1.0,1,1.0,1,1.0,1,0.21548150704973384,59
4669,2,9903,3750,6153,0,0,0,1.0,1,1.0,1,1.0,1,0.22249828651426856,58
4670,2,9905,3752,6153,0,0,0,1.0,1,1.0,1,1.0,1,0.24509751579186648,57
4671,0,9905,3752,6153,0,0,0,1.0,1,1.0,1,1.0,1,0.23799846825197002,55
4672,2,9907,3753,6154,0,0,0,1.0,1,1.0,1,1.0,1,0.25927241608869095,56
4673,4,9911,3753,6158,0,0,0,1.0,1,1.0,1,1.0,1,0.1842349438972022,58
4674,1,9912,3754,6158,0,0,0,1.0,1,1.0,1,1.0,1,0.2053022359006119,58
4675,2,9914,3754,6160,0,0,0,1.0,1,1.0,1,1.0,1,0.22199455800195453,57
4676,1,9915,3755,6160,0,0,0,1.0,1,1.0,1,1.0,1,0.25996860037577524,58
4677,0,9915,3755,6160,0,0,0,1.0,1,1.0,1,1.0,1,0.2569176520794409,57
4678,2,9917,3757,6160,0,0,0,1.0,1,1.0,1,1.0,1,0.23787528519055037,57
4679,1,9918,3757,6161,0,0,0,1.0,1,1.0,1,1.0,1,0.22126899649516152,57
4680,2,9920,3757,6163,0,0,0,1.0,1,1.0,1,1.0,1,0.2098148440385729,59
4681,5,9925,3759,6166,0,0,0,1.0,1,1.0,1,1.0,1,0.20873783930223858,60
4682,2,9927,3760,6167,0,0,0,1.0,1,1.0,1,1.0,1,0.20664668857163254,60
4683,1,9928,3761,6167,0,0,0,1.0,1,1.0,1,1.0,1,0.22436121048273455,60
4684,3,9931,3764,6167,0,0,0,1.0,1,1.0,1,1.0,1,0.30402362865297444,60
4685,1,9932,3764,6168,0,0,0,1.0,1,1.0,1,1.0,1,0.28432630422798666,59
4686,4,9936,3765,6171,0,0,0,1.0,1,1.0,1,1.0,1,0.2808664830902726,60
4687,2,9938,3765,6173,0,0,0,1.0,1,1.0,1,1.0,1,0.28058420520106025,59
4688,3,9941,3766,6175,0,0,0,1.0,1,1.0,1,1.0,1,0.2790366888874905,59
4689,2,9943,3768,6175,0,0,0,1.0,1,1.0,1,1.0,1,0.33167795849566695,59
4690,4,9947,3769,6178,0,0,0,1.0,1,1.0,1,1.0,1,0.3313602819186675,58
4691,4,9951,3770,6181,0,0,0,1.0,1,1.0,1,1.0,1,0.3366967738594006,57
4692,4,9955,3770,6185,0,0,0,1.0,1,1.0,1,1.0,1,0.3077290950457207,58
4693,4,9959,3770,6189,0,0,0,1.0,1,1.0,1,1.0,1,0.30198117317415946,57
4694,4,9963,3771,6192,0,0,0,1.0,1,1.0,1,1.0,1,0.29045051020960666,57
4695,2,9965,3771,6194,0,0,0,1.0,1,1.0,1,1.0,1,0.29981255449636807,56
4696,4,9969,3772,6197,0,0,0,1.0,1,1.0,1,1.0,1,0.33381461435414156,57
4697,8,9977,3772,6205,0,0,0,1.0,1,1.0,1,1.0,1,0.27827860538814303,58
4698,5,9982,3773,6209,0,0,0,1.0,1,1.0,1,1.0,1,0.29693726069807097,59
4699,2,9984,3773,6211,0,0,0,1.0,1,1.0,1,1.0,1,0.3156377253491743,58
4700,2,9986,3773,6213,0,0,0,1.0,1,1.0,1,1.0,1,0.30596340078782136,59
4701,6,9992,3773,6219,0,0,0,1.0,1,1.0,1,1.0,1,0.24717150418569328,60
4702,1,9993,3773,6220,0,0,0,1.0,1,1.0,1,1.0,1,0.24284209004879184,61
4703,2,9995,3774,6221,0,0,0,1.0,1,1.0,1,1.0,1,0.22591517595912855,59
4704,2,9997,3776,6221,0,0,0,1.0,1,1.0,1,1.0,1,0.23635690060263126,58
4705,2,9999,3778,6221,0,0,0,1.0,1,1.0,1,1.0,1,0.2825266932149663,58
4706,4,10003,3780,6223,0,0,0,1.0,1,1.0,1,1.0,1,0.28397753312188584,60
4707,4,10007,3781,6226,0,0,0,1.0,1,1.0,1,1.0,1,0.2688552241176303,57
4708,3,10010,3783,6227,0,0,0,1.0,1,1.0,1,1.0,1,0.27677936146422083,57
4709,2,10012,3785,6227,0,0,0,1.0,1,1.0,1,1.0,1,0.30036354959753364,55
4710,0,10012,3785,6227,0,0,0,1.0,1,1.0,1,1.0,1,0.2860682628229175,53
4711,1,10013,3786,6227,0,0,0,1.0,1,1.0,1,1.0,1,0.2984939315796544,52
4712,2,10015,3788,6227,0,0,0,1.0,1,1.0,1,1.0,1,0.3358716600738606,52
4713,4,10019,3790,6229,0,0,0,1.0,1,1.0,1,1.0,1,0.35600499632849325,51
4714,0,10019,3790,6229,0,0,0,1.0,1,1.0,1,1.0,1,0.35284853271292993,50
4715,1,10020,3791,6229,0,0,0,1.0,1,1.0,1,1.0,1,0.37681214078833575,50
4716,2,10022,3792,6230,0,0,0,1.0,1,1.0,1,1.0,1,0.3642846934759877,49
4717,3,10025,3793,6232,0,0,0,1.0,1,1.0,1,1.0,1,0.3657033366078346,49
4718,1,10026,3793,6233,0,0,0,1.0,1,1.0,1,1.0,1,0.3444233302380805,50
4719,1,10027,3793,6234,0,0,0,1.0,1,1.0,1,1.0,1,0.3343629685728416,49
4720,0,10027,3793,6234,0,0,0,1.0,1,1.0,1,1.0,1,0.3343629685728416,49
4721,11,10038,3793,6245,0,0,0,1.0,1,1.0,1,1.0,1,0.1811250407211948,50
4722,2,10040,3794,6246,0,0,0,1.0,1,1.0,1,1.0,1,0.2211646929391146,51
4723,1,10041,3795,6246,0,0,0,1.0,1,1.0,1,1.0,1,0.22369680403043607,50
4724,1,10042,3795,6247,0,0,0,1.0,1,1.0,1,1.0,1,0.25412456755311125,50
4725,3,10045,3796,6249,0,0,0,1.0,1,1.0,1,1.0,1,0.29305815879515645,52
4726,6,10051,3796,6255,0,0,0,1.0,1,1.0,1,1.0,1,0.3074096305837356,51
4727,1,10052,3796,6256,0,0,0,1.0,1,1.0,1,1.0,1,0.3149541925976586,52
4728,0,10052,3796,6256,0,0,0,1.0,1,1.0,1,1.0,1,0.3149541925976586,52
4729,1,10053,3797,6256,0,0,0,1.0,1,1.0,1,1.0,1,0.3459103956882793,52
4730,2,10055,3797,6258,0,0,0,1.0,1,1.0,1,1.0,1,0.36730205442906644,50
4731,5,10060,3798,6262,0,0,0,1.0,1,1.0,1,1.0,1,0.36532199895603573,51
4732,5,10065,3800,6265,0,0,0,1.0,1,1.0,1,1.0,1,0.40151167111550495,52
4733,5,10070,3800,6270,0,0,0,1.0,1,1.0,1,1.0,1,0.4510700419480649,53
4734,9,10079,3801,6278,0,0,0,1.0,1,1.0,1,1.0,1,0.4832979198595827,53
4735,11,10090,3802,6288,0,0,0,1.0,1,1.0,1,1.0,1,0.4546911485849578,53
4736,6,10096,3802,6294,0,0,0,1.0,1,1.0,1,1.0,1,0.4515147632310961,55
4737,3,10099,3802,6297,0,0,0,1.0,1,1.0,1,1.0,1,0.4376796916185316,57
4738,7,10106,3802,6304,0,0,0,1.0,1,1.0,1,1.0,1,0.4195170218403181,57
4739,4,10110,3802,6308,0,0,0,1.0,1,1.0,1,1.0,1,0.42555493447440434,57
4740,3,10113,3802,6311,0,0,0,1.0,1,1.0,1,1.0,1,0.41557839591225715,57
4741,12,10125,3802,6323,0,0,0,1.0,1,1.0,1,1.0,1,0.2686556259024531,58
4742,1,10126,3803,6323,0,0,0,1.0,1,1.0,1,1.0,1,0.2714655006243472,58
4743,1,10127,3803,6324,0,0,0,1.0,1,1.0,1,1.0,1,0.24253626447652918,56
4744,3,10130,3805,6325,0,0,0,1.0,1,1.0,1,1.0,1,0.2696367786467769,57
4745,1,10131,3805,6326,0,0,0,1.0,1,1.0,1,1.0,1,0.24984503653837528,56
4746,1,10132,3806,6326,0,0,0,1.0,1,1.0,1,1.0,1,0.27220686978995684,56
4747,3,10135,3808,6327,0,0,0,1.0,1,1.0,1,1.0,1,0.29738436273574315,55
4748,3,10138,3809,6329,0,0,0,1.0,1,1.0,1,1.0,1,0.3151004499136283,55
4749,1,10139,3810,6329,0,0,0,1.0,1,1.0,1,1.0,1,0.32899501839869727,54
4750,2,10141,3812,6329,0,0,0,1.0,1,1.0,1,1.0,1,0.3144186435854418,53
4751,4,10145,3814,6331,0,0,0,1.0,1,1.0,1,1.0,1,0.3769235414882855,53
4752,3,10148,3815,6333,0,0,0,1.0,1,1.0,1,1.0,1,0.2937553576589204,53
4753,1,10149,3816,6333,0,0,0,1.0,1,1.0,1,1.0,1,0.33219333223610303,52
4754,1,10150,3816,6334,0,0,0,1.0,1,1.0,1,1.0,1,0.32015865440774155,52
4755,0,10150,3816,6334,0,0,0,1.0,1,1.0,1,1.0,1,0.3297001959864786,51
4756,4,10154,3816,6338,0,0,0,1.0,1,1.0,1,1.0,1,0.3043198530883307,52
4757,0,10154,3816,6338,0,0,0,1.0,1,1.0,1,1.0,1,0.30276038975163516,51
4758,1,10155,3816,6339,0,0,0,1.0,1,1.0,1,1.0,1,0.2928499959447302,51
4759,2,10157,3816,6341,0,0,0,1.0,1,1.0,1,1.0,1,0.26954920177239655,51
4760,1,10158,3816,6342,0,0,0,1.0,1,1.0,1,1.0,1,0.2655488983238789,52
4761,4,10162,3818,6344,0,0,0,1.0,1,1.0,1,1.0,1,0.19052147864297753,50
4762,2,10164,3818,6346,0,0,0,1.0,1,1.0,1,1.0,1,0.17778631756515803,51
4763,3,10167,3819,6348,0,0,0,1.0,1,1.0,1,1.0,1,0.18440994887325546,51
4764,3,10170,3821,6349,0,0,0,1.0,1,1.0,1,1.0,1,0.18070481096022498,53
4765,1,10171,3822,6349,0,0,0,1.0,1,1.0,1,1.0,1,0.2061988277585086,53
4766,2,10173,3824,6349,0,0,0,1.0,1,1.0,1,1.0,1,0.23146907920750184,55
4767,2,10175,3825,6350,0,0,0,1.0,1,1.0,1,1.0,1,0.21801703696674343,56
4768,0,10175,3825,6350,0,0,0,1.0,1,1.0,1,1.0,1,0.22211801910102316,56
4769,1,10176,3826,6350,0,0,0,1.0,1,1.0,1,1.0,1,0.23044653505936927,56
4770,0,10176,3826,6350,0,0,0,1.0,1,1.0,1,1.0,1,0.23044653505936927,56
4771,0,10176,3826,6350,0,0,0,1.0,1,1.0,1,1.0,1,0.23303075660941408,55
4772,2,10178,3827,6351,0,0,0,1.0,1,1.0,1,1.0,1,0.2030634907315827,56
4773,0,10178,3827,6351,0,0,0,1.0,1,1.0,1,1.0,1,0.2030634907315827,56
4774,0,10178,3827,6351,0,0,0,1.0,1,1.0,1,1.0,1,0.1926562040786084,58
4775,0,10178,3827,6351,0,0,0,1.0,1,1.0,1,1.0,1,0.19588590787250953,59
4776,0,10178,3827,6351,0,0,0,1.0,1,1.0,1,1.0,1,0.19588590787250953,59
4777,2,10180,3828,6352,0,0,0,1.0,1,1.0,1,1.0,1,0.19371629927604697,60
4778,0,10180,3828,6352,0,0,0,1.0,1,1.0,1,1.0,1,0.19371629927604697,60
4779,1,10181,3828,6353,0,0,0,1.0,1,1.0,1,1.0,1,0.18836731528252637,61
4780,2,10183,3828,6355,0,0,0,1.0,1,1.0,1,1.0,1,0.20028387141830048,63
4781,3,10186,3828,6358,0,0,0,1.0,1,1.0,1,1.0,1,0.18023750641527295,62
4782,2,10188,3829,6359,0,0,0,1.0,1,1.0,1,1.0,1,0.19816775785757482,63
4783,2,10190,3830,6360,0,0,0,1.0,1,1.0,1,1.0,1,0.1758262375414685,62
4784,4,10194,3833,6361,0,0,0,1.0,1,1.0,1,1.0,1,0.22137841007136383,62
4785,4,10198,3834,6364,0,0,0,1.0,1,1.0,1,1.0,1,0.19914384157325493,62
4786,4,10202,3838,6364,0,0,0,1.0,1,1.0,1,1.0,1,0.2019568090233845,63
4787,5,10207,3840,6367,0,0,0,1.0,1,1.0,1,1.0,1,0.19826550475782648,62
4788,4,10211,3843,6368,0,0,0,1.0,1,1.0,1,1.0,1,0.1702540792364696,62
4789,3,10214,3844,6370,0,0,0,1.0,1,1.0,1,1.0,1,0.16300287098020125,60
4790,3,10217,3847,6370,0,0,0,1.0,1,1.0,1,1.0,1,0.15162942767063659,61
4791,1,10218,3848,6370,0,0,0,1.0,1,1.0,1,1.0,1,0.14646661582329207,60
4792,4,10222,3852,6370,0,0,0,1.0,1,1.0,1,1.0,1,0.17367107699425022,60
4793,3,10225,3854,6371,0,0,0,1.0,1,1.0,1,1.0,1,0.20946177434764698,61
4794,4,10229,3855,6374,0,0,0,1.0,1,1.0,1,1.0,1,0.18544380429509477,59
4795,3,10232,3856,6376,0,0,0,1.0,1,1.0,1,1.0,1,0.18796366522884944,61
4796,2,10234,3857,6377,0,0,0,1.0,1,1.0,1,1.0,1,0.1792040344295933,59
4797,0,10234,3857,6377,0,0,0,1.0,1,1.0,1,1.0,1,0.1929407388310554,58
4798,1,10235,3857,6378,0,0,0,1.0,1,1.0,1,1.0,1,0.18548790608414814,59
4799,1,10236,3858,6378,0,0,0,1.0,1,1.0,1,1.0,1,0.18897364777677061,57
4800,3,10239,3859,6380,0,0,0,1.0,1,1.0,1,1.0,1,0.17228157898766122,58
4801,2,10241,3860,6381,0,0,0,1.0,1,1.0,1,1.0,1,0.14505311359143902,57
4802,2,10243,3861,6382,0,0,0,1.0,1,1.0,1,1.0,1,0.1363802032423249,57
4803,0,10243,3861,6382,0,0,0,1.0,1,1.0,1,1.0,1,0.12308528758970756,56
4804,0,10243,3861,6382,0,0,0,1.0,1,1.0,1,1.0,1,0.11863413498450273,54
4805,1,10244,3862,6382,0,0,0,1.0,1,1.0,1,1.0,1,0.14079530345174393,56
4806,0,10244,3862,6382,0,0,0,1.0,1,1.0,1,1.0,1,0.13671994395479314,55
4807,2,10246,3863,6383,0,0,0,1.0,1,1.0,1,1.0,1,0.11441749867593146,54
4808,0,10246,3863,6383,0,0,0,1.0,1,1.0,1,1.0,1,0.14522737081350245,53
4809,1,10247,3864,6383,0,0,0,1.0,1,1.0,1,1.0,1,0.1700276622275677,53
4810,1,10248,3864,6384,0,0,0,1.0,1,1.0,1,1.0,1,0.16041258429119662,51
4811,1,10249,3864,6385,0,0,0,1.0,1,1.0,1,1.0,1,0.1665449752062372,52
4812,0,10249,3864,6385,0,0,0,1.0,1,1.0,1,1.0,1,0.16830772487194223,52
4813,0,10249,3864,6385,0,0,0,1.0,1,1.0,1,1.0,1,0.16830772487194223,52
4814,6,10255,3868,6387,0,0,0,1.0,1,1.0,1,1.0,1,0.2252664957021359,53
4815,4,10259,3871,6388,0,0,0,1.0,1,1.0,1,1.0,1,0.2689464606268967,54
4816,2,10261,3871,6390,0,0,0,1.0,1,1.0,1,1.0,1,0.22305509053899647,54
4817,5,10266,3875,6391,0,0,0,1.0,1,1.0,1,1.0,1,0.29909173058273125,55
4818,7,10273,3879,6394,0,0,0,1.0,1,1.0,1,1.0,1,0.2418091499243186,55
4819,2,10275,3881,6394,0,0,0,1.0,1,1.0,1,1.0,1,0.29063051449501986,55
4820,3,10278,3883,6395,0,0,0,1.0,1,1.0,1,1.0,1,0.3153002310957172,55
4821,9,10287,3884,6403,0,0,0,1.0,1,1.0,1,1.0,1,0.1823793621570213,55
4822,1,10288,3885,6403,0,0,0,1.0,1,1.0,1,1.0,1,0.18122553311086792,54
4823,1,10289,3885,6404,0,0,0,1.0,1,1.0,1,1.0,1,0.1523760019194688,54
4824,2,10291,3886,6405,0,0,0,1.0,1,1.0,1,1.0,1,0.131125395171979,55
4825,1,10292,3887,6405,0,0,0,1.0,1,1.0,1,1.0,1,0.13328882514920215,53
4826,2,10294,3889,6405,0,0,0,1.0,1,1.0,1,1.0,1,0.1644722384144328,54
4827,1,10295,3889,6406,0,0,0,1.0,1,1.0,1,1.0,1,0.14797759764112017,53
4828,1,10296,3889,6407,0,0,0,1.0,1,1.0,1,1.0,1,0.10633375321667068,54
4829,0,10296,3889,6407,0,0,0,1.0,1,1.0,1,1.0,1,0.10912302183408355,54
4830,0,10296,3889,6407,0,0,0,1.0,1,1.0,1,1.0,1,0.134013569493755,53
4831,2,10298,3891,6407,0,0,0,1.0,1,1.0,1,1.0,1,0.15169003931521677,52
4832,0,10298,3891,6407,0,0,0,1.0,1,1.0,1,1.0,1,0.1680429888190206,50
4833,1,10299,3891,6408,0,0,0,1.0,1,1.0,1,1.0,1,0.15865206535257256,51
4834,2,10301,3893,6408,0,0,0,1.0,1,1.0,1,1.0,1,0.2252048081182328,51
4835,0,10301,3893,6408,0,0,0,1.0,1,1.0,1,1.0,1,0.20404183494657785,50
4836,3,10304,3895,6409,0,0,0,1.0,1,1.0,1,1.0,1,0.29508884892233617,50
4837,4,10308,3897,6411,0,0,0,1.0,1,1.0,1,1.0,1,0.3001490740765377,46
4838,4,10312,3899,6413,0,0,0,1.0,1,1.0,1,1.0,1,0.3052652249417819,47
4839,2,10314,3901,6413,0,0,0,1.0,1,1.0,1,1.0,1,0.31599183379186413,45
4840,1,10315,3902,6413,0,0,0,1.0,1,1.0,1,1.0,1,0.34901733158817594,45
4841,6,10321,3903,6418,0,0,0,1.0,1,1.0,1,1.0,1,0.23320200265290927,43
4842,0,10321,3903,6418,0,0,0,1.0,1,1.0,1,1.0,1,0.2086771106600355,43
4843,4,10325,3904,6421,0,0,0,1.0,1,1.0,1,1.0,1,0.17006927669258254,44
4844,0,10325,3904,6421,0,0,0,1.0,1,1.0,1,1.0,1,0.1568117833829872,43
4845,0,10325,3904,6421,0,0,0,1.0,1,1.0,1,1.0,1,0.16873664871052194,44
4846,2,10327,3905,6422,0,0,0,1.0,1,1.0,1,1.0,1,0.15423543479585902,43
4847,2,10329,3907,6422,0,0,0,1.0,1,1.0,1,1.0,1,0.20225137072009622,42
4848,2,10331,3909,6422,0,0,0,1.0,1,1.0,1,1.0,1,0.25712129130499334,41
4849,2,10333,3911,6422,0,0,0,1.0,1,1.0,1,1.0,1,0.2549614714237742,41
4850,1,10334,3911,6423,0,0,0,1.0,1,1.0,1,1.0,1,0.2737949260753316,41
4851,1,10335,3911,6424,0,0,0,1.0,1,1.0,1,1.0,1,0.286884701052197,41
4852,0,10335,3911,6424,0,0,0,1.0,1,1.0,1,1.0,1,0.3046588402651925,43
4853,1,10336,3912,6424,0,0,0,1.0,1,1.0,1,1.0,1,0.3514613378955543,44
4854,2,10338,3912,6426,0,0,0,1.0,1,1.0,1,1.0,1,0.35129460502306786,45
4855,3,10341,3914,6427,0,0,0,1.0,1,1.0,1,1.0,1,0.37425301510450937,44
4856,2,10343,3914,6429,0,0,0,1.0,1,1.0,1,1.0,1,0.37425301510450937,44
4857,3,10346,3914,6432,0,0,0,1.0,1,1.0,1,1.0,1,0.34396285936876797,44
4858,1,10347,3914,6433,0,0,0,1.0,1,1.0,1,1.0,1,0.3624871928585561,45
4859,1,10348,3914,6434,0,0,0,1.0,1,1.0,1,1.0,1,0.3525447389756228,46
4860,0,10348,3914,6434,0,0,0,1.0,1,1.0,1,1.0,1,0.3525447389756228,46
4861,6,10354,3915,6439,0,0,0,1.0,1,1.0,1,1.0,1,0.2814118586890814,46
4862,4,10358,3915,6443,0,0,0,1.0,1,1.0,1,1.0,1,0.27499534301182116,47
4863,5,10363,3915,6448,0,0,0,1.0,1,1.0,1,1.0,1,0.22745277231252106,47
4864,1,10364,3915,6449,0,0,0,1.0,1,1.0,1,1.0,1,0.22392488439638306,47
4865,2,10366,3915,6451,0,0,0,1.0,1,1.0,1,1.0,1,0.18138516593705223,48
4866,0,10366,3915,6451,0,0,0,1.0,1,1.0,1,1.0,1,0.18456716025223927,49
4867,0,10366,3915,6451,0,0,0,1.0,1,1.0,1,1.0,1,0.18773079962611786,50
4868,2,10368,3917,6451,0,0,0,1.0,1,1.0,1,1.0,1,0.19451071464310993,50
4869,1,10369,3917,6452,0,0,0,1.0,1,1.0,1,1.0,1,0.2055279090205669,50
4870,6,10375,3920,6455,0,0,0,1.0,1,1.0,1,1.0,1,0.24225792497870072,52
4871,4,10379,3920,6459,0,0,0,1.0,1,1.0,1,1.0,1,0.2158275820498023,52
4872,4,10383,3920,6463,0,0,0,1.0,1,1.0,1,1.0,1,0.14631749953066736,53
4873,2,10385,3921,6464,0,0,0,1.0,1,1.0,1,1.0,1,0.17963661423939833,55
4874,2,10387,3921,6466,0,0,0,1.0,1,1.0,1,1.0,1,0.18032472526695717,56
4875,6,10393,3922,6471,0,0,0,1.0,1,1.0,1,1.0,1,0.19609469298679955,55
4876,3,10396,3923,6473,0,0,0,1.0,1,1.0,1,1.0,1,0.21227170105019097,55
4877,5,10401,3924,6477,0,0,0,1.0,1,1.0,1,1.0,1,0.2391694319278956,54
4878,9,10410,3925,6485,0,0,0,1.0,1,1.0,1,1.0,1,0.2412831734264125,53
4879,5,10415,3927,6488,0,0,0,1.0,1,1.0,1,1.0,1,0.3239503996423649,54
4880,6,10421,3927,6494,0,0,0,1.0,1,1.0,1,1.0,1,0.28596736072048473,54
4881,2,10423,3928,6495,0,0,0,1.0,1,1.0,1,1.0,1,0.27176221336370865,53
4882,2,10425,3929,6496,0,0,0,1.0,1,1.0,1,1.0,1,0.2506937026472912,53
4883,1,10426,3930,6496,0,0,0,1.0,1,1.0,1,1.0,1,0.25800952592632714,53
4884,1,10427,3931,6496,0,0,0,1.0,1,1.0,1,1.0,1,0.2593021878349123,51
4885,0,10427,3931,6496,0,0,0,1.0,1,1.0,1,1.0,1,0.2514367093733651,50
4886,0,10427,3931,6496,0,0,0,1.0,1,1.0,1,1.0,1,0.23361055827109586,48
4887,0,10427,3931,6496,0,0,0,1.0,1,1.0,1,1.0,1,0.23361055827109586,48
4888,1,10428,3932,6496,0,0,0,1.0,1,1.0,1,1.0,1,0.24792915292486675,48
4889,0,10428,3932,6496,0,0,0,1.0,1,1.0,1,1.0,1,0.24792915292486675,48
4890,0,10428,3932,6496,0,0,0,1.0,1,1.0,1,1.0,1,0.25624657346779356,49
4891,2,10430,3933,6497,0,0,0,1.0,1,1.0,1,1.0,1,0.27267413648408295,50
4892,0,10430,3933,6497,0,0,0,1.0,1,1.0,1,1.0,1,0.28543110189510496,49
4893,0,10430,3933,6497,0,0,0,1.0,1,1.0,1,1.0,1,0.2948956542736975,50
4894,1,10431,3933,6498,0,0,0,1.0,1,1.0,1,1.0,1,0.2792595915494914,51
4895,0,10431,3933,6498,0,0,0,1.0,1,1.0,1,1.0,1,0.29268455707769725,52
4896,3,10434,3935,6499,0,0,0,1.0,1,1.0,1,1.0,1,0.22153018669725302,53
4897,1,10435,3935,6500,0,0,0,1.0,1,1.0,1,1.0,1,0.22631027061585068,53
4898,3,10438,3937,6501,0,0,0,1.0,1,1.0,1,1.0,1,0.2051578374950956,53
4899,3,10441,3938,6503,0,0,0,1.0,1,1.0,1,1.0,1,0.18699490788537473,55
4900,3,10444,3941,6503,0,0,0,1.0,1,1.0,1,1.0,1,0.1920291521969411,55
4901,3,10447,3942,6505,0,0,0,1.0,1,1.0,1,1.0,1,0.15842792069394157,56
4902,0,10447,3942,6505,0,0,0,1.0,1,1.0,1,1.0,1,0.17310040634401774,58
4903,2,10449,3944,6505,0,0,0,1.0,1,1.0,1,1.0,1,0.17780250573804612,58
4904,1,10450,3945,6505,0,0,0,1.0,1,1.0,1,1.0,1,0.16528107656287622,57
4905,1,10451,3946,6505,0,0,0,1.0,1,1.0,1,1.0,1,0.17458452872082375,54
4906,2,10453,3948,6505,0,0,0,1.0,1,1.0,1,1.0,1,0.22480170124264803,55
4907,0,10453,3948,6505,0,0,0,1.0,1,1.0,1,1.0,1,0.22180232975867173,52
4908,5,10458,3949,6509,0,0,0,1.0,1,1.0,1,1.0,1,0.19668689158775002,53
4909,0,10458,3949,6509,0,0,0,1.0,1,1.0,1,1.0,1,0.20173104417045146,52
4910,0,10458,3949,6509,0,0,0,1.0,1,1.0,1,1.0,1,0.20729420512805316,53
4911,0,10458,3949,6509,0,0,0,1.0,1,1.0,1,1.0,1,0.21080265652668387,55
4912,1,10459,3950,6509,0,0,0,1.0,1,1.0,1,1.0,1,0.25809773437210437,54
4913,2,10461,3950,6511,0,0,0,1.0,1,1.0,1,1.0,1,0.22036358689505037,53
4914,1,10462,3951,6511,0,0,0,1.0,1,1.0,1,1.0,1,0.23345219529335764,53
4915,4,10466,3954,6512,0,0,0,1.0,1,1.0,1,1.0,1,0.23207891860632213,54
4916,0,10466,3954,6512,0,0,0,1.0,1,1.0,1,1.0,1,0.22953598077798681,52
4917,2,10468,3955,6513,0,0,0,1.0,1,1.0,1,1.0,1,0.2370296502352422,52
4918,2,10470,3956,6514,0,0,0,1.0,1,1.0,1,1.0,1,0.23350653727189893,51
4919,0,10470,3956,6514,0,0,0,1.0,1,1.0,1,1.0,1,0.2520866060178436,50
4920,0,10470,3956,6514,0,0,0,1.0,1,1.0,1,1.0,1,0.2556876332500527,51
4921,4,10474,3956,6518,0,0,0,1.0,1,1.0,1,1.0,1,0.20549126203637214,51
4922,1,10475,3957,6518,0,0,0,1.0,1,1.0,1,1.0,1,0.2615996070920492,53
4923,4,10479,3959,6520,0,0,0,1.0,1,1.0,1,1.0,1,0.21243082400267163,53
4924,1,10480,3960,6520,0,0,0,1.0,1,1.0,1,1.0,1,0.22083149000466853,55
4925,4,10484,3962,6522,0,0,0,1.0,1,1.0,1,1.0,1,0.19715362929674313,56
4926,0,10484,3962,6522,0,0,0,1.0,1,1.0,1,1.0,1,0.1864851832536708,55
4927,2,10486,3964,6522,0,0,0,1.0,1,1.0,1,1.0,1,0.19712146755713233,55
4928,0,10486,3964,6522,0,0,0,1.0,1,1.0,1,1.0,1,0.19712146755713233,55
4929,1,10487,3964,6523,0,0,0,1.0,1,1.0,1,1.0,1,0.16634746582001605,56
4930,2,10489,3966,6523,0,0,0,1.0,1,1.0,1,1.0,1,0.19997922571841495,58
4931,1,10490,3966,6524,0,0,0,1.0,1,1.0,1,1.0,1,0.17619416114436323,59
4932,0,10490,3966,6524,0,0,0,1.0,1,1.0,1,1.0,1,0.1911177301781562,60
4933,0,10490,3966,6524,0,0,0,1.0,1,1.0,1,1.0,1,0.1911177301781562,60
4934,0,10490,3966,6524,0,0,0,1.0,1,1.0,1,1.0,1,0.1911177301781562,60
4935,1,10491,3966,6525,0,0,0,1.0,1,1.0,1,1.0,1,0.17220606652649692,60
4936,1,10492,3967,6525,0,0,0,1.0,1,1.0,1,1.0,1,0.19040700200428215,61
4937,3,10495,3967,6528,0,0,0,1.0,1,1.0,1,1.0,1,0.18487995933477214,62
4938,1,10496,3967,6529,0,0,0,1.0,1,1.0,1,1.0,1,0.16845495758757206,62
4939,3,10499,3970,6529,0,0,0,1.0,1,1.0,1,1.0,1,0.18142485882587814,64
4940,4,10503,3970,6533,0,0,0,1.0,1,1.0,1,1.0,1,0.12183973438634566,67
4941,0,10503,3970,6533,0,0,0,1.0,1,1.0,1,1.0,1,0.13309508106749265,66
4942,2,10505,3972,6533,0,0,0,1.0,1,1.0,1,1.0,1,0.1478422248104034,67
4943,4,10509,3974,6535,0,0,0,1.0,1,1.0,1,1.0,1,0.15614678610498064,65
4944,2,10511,3976,6535,0,0,0,1.0,1,1.0,1,1.0,1,0.1900897791508482,65
4945,2,10513,3977,6536,0,0,0,1.0,1,1.0,1,1.0,1,0.16953392225376054,62
4946,2,10515,3979,6536,0,0,0,1.0,1,1.0,1,1.0,1,0.18427116829124962,61
4947,2,10517,3980,6537,0,0,0,1.0,1,1.0,1,1.0,1,0.1917405231344481,59
4948,5,10522,3983,6539,0,0,0,1.0,1,1.0,1,1.0,1,0.21319570132209217,59
4949,1,10523,3984,6539,0,0,0,1.0,1,1.0,1,1.0,1,0.2132089470182916,57
4950,8,10531,3989,6542,0,0,0,1.0,1,1.0,1,1.0,1,0.23956957512937643,58
4951,2,10533,3991,6542,0,0,0,1.0,1,1.0,1,1.0,1,0.21531737070033904,55
4952,2,10535,3993,6542,0,0,0,1.0,1,1.0,1,1.0,1,0.23140962623541778,53
4953,2,10537,3995,6542,0,0,0,1.0,1,1.0,1,1.0,1,0.2585781155922818,54
4954,0,10537,3995,6542,0,0,0,1.0,1,1.0,1,1.0,1,0.2345743310238901,52
4955,1,10538,3996,6542,0,0,0,1.0,1,1.0,1,1.0,1,0.2510282776550105,51
4956,0,10538,3996,6542,0,0,0,1.0,1,1.0,1,1.0,1,0.2766112394260114,47
4957,1,10539,3997,6542,0,0,0,1.0,1,1.0,1,1.0,1,0.3012925926214593,48
4958,0,10539,3997,6542,0,0,0,1.0,1,1.0,1,1.0,1,0.29411848376607586,47
4959,0,10539,3997,6542,0,0,0,1.0,1,1.0,1,1.0,1,0.29411848376607586,47
4960,1,10540,3997,6543,0,0,0,1.0,1,1.0,1,1.0,1,0.290997609707952,48
4961,6,10546,3998,6548,0,0,0,1.0,1,1.0,1,1.0,1,0.19121296688548392,49
4962,1,10547,3998,6549,0,0,0,1.0,1,1.0,1,1.0,1,0.16746726851488844,49
4963,1,10548,3998,6550,0,0,0,1.0,1,1.0,1,1.0,1,0.17822828937633367,51
4964,1,10549,3999,6550,0,0,0,1.0,1,1.0,1,1.0,1,0.18349894938489852,51
4965,1,10550,4000,6550,0,0,0,1.0,1,1.0,1,1.0,1,0.19916340191155454,51
4966,3,10553,4000,6553,0,0,0,1.0,1,1.0,1,1.0,1,0.17945352624321217,51
4967,2,10555,4001,6554,0,0,0,1.0,1,1.0,1,1.0,1,0.17825632296537486,51
4968,3,10558,4003,6555,0,0,0,1.0,1,1.0,1,1.0,1,0.224226718847105,52
4969,2,10560,4004,6556,0,0,0,1.0,1,1.0,1,1.0,1,0.25357576760697514,53
4970,3,10563,4005,6558,0,0,0,1.0,1,1.0,1,1.0,1,0.26747335021892815,54
4971,7,10570,4005,6565,0,0,0,1.0,1,1.0,1,1.0,1,0.24160768793278153,55
4972,2,10572,4005,6567,0,0,0,1.0,1,1.0,1,1.0,1,0.28694802910969625,56
4973,5,10577,4006,6571,0,0,0,1.0,1,1.0,1,1.0,1,0.26777999929630536,57
4974,4,10581,4006,6575,0,0,0,1.0,1,1.0,1,1.0,1,0.30181666043419825,56
4975,3,10584,4006,6578,0,0,0,1.0,1,1.0,1,1.0,1,0.2778994579138793,57
4976,6,10590,4007,6583,0,0,0,1.0,1,1.0,1,1.0,1,0.2478013890050781,57
4977,2,10592,4007,6585,0,0,0,1.0,1,1.0,1,1.0,1,0.23909259861783136,57
4978,5,10597,4010,6587,0,0,0,1.0,1,1.0,1,1.0,1,0.22913371136185723,58
4979,5,10602,4011,6591,0,0,0,1.0,1,1.0,1,1.0,1,0.22684405380556988,58
4980,6,10608,4012,6596,0,0,0,1.0,1,1.0,1,1.0,1,0.18936198865859236,59
4981,4,10612,4013,6599,0,0,0,1.0,1,1.0,1,1.0,1,0.16230414129434936,60
4982,0,10612,4013,6599,0,0,0,1.0,1,1.0,1,1.0,1,0.15012435140562516,61
4983,2,10614,4014,6600,0,0,0,1.0,1,1.0,1,1.0,1,0.12154330241849798,61
4984,1,10615,4014,6601,0,0,0,1.0,1,1.0,1,1.0,1,0.13000384932901765,59
4985,2,10617,4015,6602,0,0,0,1.0,1,1.0,1,1.0,1,0.14212320676104198,58
4986,5,10622,4019,6603,0,0,0,1.0,1,1.0,1,1.0,1,0.13388272678720053,59
4987,0,10622,4019,6603,0,0,0,1.0,1,1.0,1,1.0,1,0.13671890598107073,58
4988,2,10624,4021,6603,0,0,0,1.0,1,1.0,1,1.0,1,0.15616620728917582,57
4989,2,10626,4023,6603,0,0,0,1.0,1,1.0,1,1.0,1,0.18060904739524875,54
4990,1,10627,4023,6604,0,0,0,1.0,1,1.0,1,1.0,1,0.18342346155497563,53
4991,6,10633,4029,6604,0,0,0,1.0,1,1.0,1,1.0,1,0.2677990722880898,52
4992,4,10637,4031,6606,0,0,0,1.0,1,1.0,1,1.0,1,0.3016468683956483,48
4993,0,10637,4031,6606,0,0,0,1.0,1,1.0,1,1.0,1,0.3016468683956483,48
4994,3,10640,4033,6607,0,0,0,1.0,1,1.0,1,1.0,1,0.2883250672046987,45
4995,4,10644,4036,6608,0,0,0,1.0,1,1.0,1,1.0,1,0.36649522443621435,45
4996,3,10647,4039,6608,0,0,0,1.0,1,1.0,1,1.0,1,0.31053949809811476,45
4997,1,10648,4039,6609,0,0,0,1.0,1,1.0,1,1.0,1,0.2596670134710478,42
4998,1,10649,4040,6609,0,0,0,1.0,1,1.0,1,1.0,1,0.2725239410918323,44
4999,1,10650,4041,6609,0,0,0,1.0,1,1.0,1,1.0,1,0.2956575326714159,44
5000,0,10650,4041,6609,0,0,0,1.0,1,1.0,1,1.0,1,0.2973821756356561,42
5001,3,10653,4041,6612,0,0,0,1.0,1,1.0,1,1.0,1,0.2458699448092433,42
5002,2,10655,4042,6613,0,0,0,1.0,1,1.0,1,1.0,1,0.24188734041967497,41
5003,1,10656,4043,6613,0,0,0,1.0,1,1.0,1,1.0,1,0.2875031524185422,41
5004,0,10656,4043,6613,0,0,0,1.0,1,1.0,1,1.0,1,0.3124643734897992,41
5005,0,10656,4043,6613,0,0,0,1.0,1,1.0,1,1.0,1,0.3124643734897992,41
5006,0,10656,4043,6613,0,0,0,1.0,1,1.0,1,1.0,1,0.32242461056090743,42
5007,1,10657,4043,6614,0,0,0,1.0,1,1.0,1,1.0,1,0.32250313427482147,43
5008,1,10658,4043,6615,0,0,0,1.0,1,1.0,1,1.0,1,0.2905935257035104,46
5009,1,10659,4044,6615,0,0,0,1.0,1,1.0,1,1.0,1,0.29757178467680084,46
5010,2,10661,4044,6617,0,0,0,1.0,1,1.0,1,1.0,1,0.2992390240159712,46
5011,0,10661,4044,6617,0,0,0,1.0,1,1.0,1,1.0,1,0.3091172293979403,47
5012,2,10663,4044,6619,0,0,0,1.0,1,1.0,1,1.0,1,0.2750714585190875,48
5013,1,10664,4044,6620,0,0,0,1.0,1,1.0,1,1.0,1,0.2779727425140986,48
5014,1,10665,4044,6621,0,0,0,1.0,1,1.0,1,1.0,1,0.27640548895231765,49
5015,4,10669,4045,6624,0,0,0,1.0,1,1.0,1,1.0,1,0.2736342319149885,50
5016,5,10674,4046,6628,0,0,0,1.0,1,1.0,1,1.0,1,0.2651711404047021,51
5017,6,10680,4046,6634,0,0,0,1.0,1,1.0,1,1.0,1,0.2542616053282656,51
5018,7,10687,4047,6640,0,0,0,1.0,1,1.0,1,1.0,1,0.23753010248214332,51
5019,4,10691,4047,6644,0,0,0,1.0,1,1.0,1,1.0,1,0.2559790328844357,51
5020,3,10694,4047,6647,0,0,0,1.0,1,1.0,1,1.0,1,0.25182414876520537,51
5021,1,10695,4047,6648,0,0,0,1.0,1,1.0,1,1.0,1,0.2558391418041053,52
5022,1,10696,4048,6648,0,0,0,1.0,1,1.0,1,1.0,1,0.2597703718026795,52
5023,3,10699,4050,6649,0,0,0,1.0,1,1.0,1,1.0,1,0.26451812639267686,52
5024,3,10702,4053,6649,0,0,0,1.0,1,1.0,1,1.0,1,0.30483989559881314,51
5025,1,10703,4053,6650,0,0,0,1.0,1,1.0,1,1.0,1,0.2778340655489569,50
5026,1,10704,4054,6650,0,0,0,1.0,1,1.0,1,1.0,1,0.30857931092758656,49
5027,0,10704,4054,6650,0,0,0,1.0,1,1.0,1,1.0,1,0.3273436468626954,47
5028,3,10707,4056,6651,0,0,0,1.0,1,1.0,1,1.0,1,0.3454562805335472,47
5029,3,10710,4058,6652,0,0,0,1.0,1,1.0,1,1.0,1,0.35818574868318714,46
5030,1,10711,4058,6653,0,0,0,1.0,1,1.0,1,1.0,1,0.3312155236339108,48
5031,1,10712,4059,6653,0,0,0,1.0,1,1.0,1,1.0,1,0.3847852011855251,46
5032,2,10714,4059,6655,0,0,0,1.0,1,1.0,1,1.0,1,0.38211313008983605,46
5033,5,10719,4060,6659,0,0,0,1.0,1,1.0,1,1.0,1,0.3482087103598503,47
5034,1,10720,4061,6659,0,0,0,1.0,1,1.0,1,1.0,1,0.3400903763109363,48
5035,0,10720,4061,6659,0,0,0,1.0,1,1.0,1,1.0,1,0.3304449830273343,47
5036,0,10720,4061,6659,0,0,0,1.0,1,1.0,1,1.0,1,0.3304449830273343,47
5037,1,10721,4061,6660,0,0,0,1.0,1,1.0,1,1.0,1,0.3299637942066885,47
5038,1,10722,4062,6660,0,0,0,1.0,1,1.0,1,1.0,1,0.3623183093857171,48
5039,0,10722,4062,6660,0,0,0,1.0,1,1.0,1,1.0,1,0.3566502824385172,47
5040,0,10722,4062,6660,0,0,0,1.0,1,1.0,1,1.0,1,0.35850241030868313,48
5041,5,10727,4062,6665,0,0,0,1.0,1,1.0,1,1.0,1,0.2653243303903105,49
5042,0,10727,4062,6665,0,0,0,1.0,1,1.0,1,1.0,1,0.27602614568692724,50
5043,1,10728,4062,6666,0,0,0,1.0,1,1.0,1,1.0,1,0.24471816649681147,51
5044,0,10728,4062,6666,0,0,0,1.0,1,1.0,1,1.0,1,0.24471816649681147,51
5045,0,10728,4062,6666,0,0,0,1.0,1,1.0,1,1.0,1,0.24471816649681147,51
5046,1,10729,4063,6666,0,0,0,1.0,1,1.0,1,1.0,1,0.27121475262310113,52
5047,0,10729,4063,6666,0,0,0,1.0,1,1.0,1,1.0,1,0.2891501405123711,52
5048,0,10729,4063,6666,0,0,0,1.0,1,1.0,1,1.0,1,0.2891501405123711,52
5049,1,10730,4063,6667,0,0,0,1.0,1,1.0,1,1.0,1,0.2844026090766161,52
5050,4,10734,4064,6670,0,0,0,1.0,1,1.0,1,1.0,1,0.2701572924166865,55
5051,0,10734,4064,6670,0,0,0,1.0,1,1.0,1,1.0,1,0.28948062998281676,55
5052,0,10734,4064,6670,0,0,0,1.0,1,1.0,1,1.0,1,0.28948062998281676,55
5053,1,10735,4064,6671,0,0,0,1.0,1,1.0,1,1.0,1,0.28749431199125824,54
5054,1,10736,4065,6671,0,0,0,1.0,1,1.0,1,1.0,1,0.30173975298060907,54
5055,1,10737,4065,6672,0,0,0,1.0,1,1.0,1,1.0,1,0.3031479820049331,54
5056,2,10739,4065,6674,0,0,0,1.0,1,1.0,1,1.0,1,0.294987479370424,55
5057,1,10740,4065,6675,0,0,0,1.0,1,1.0,1,1.0,1,0.29218696723354404,56
5058,6,10746,4065,6681,0,0,0,1.0,1,1.0,1,1.0,1,0.23842412559457354,58
5059,1,10747,4065,6682,0,0,0,1.0,1,1.0,1,1.0,1,0.21517787845038952,58
5060,2,10749,4066,6683,0,0,0,1.0,1,1.0,1,1.0,1,0.22189708740254363,59
5061,4,10753,4066,6687,0,0,0,1.0,1,1.0,1,1.0,1,0.16866823802140737,58
5062,3,10756,4067,6689,0,0,0,1.0,1,1.0,1,1.0,1,0.17438464964150416,58
5063,3,10759,4069,6690,0,0,0,1.0,1,1.0,1,1.0,1,0.19881953505027117,57
5064,1,10760,4070,6690,0,0,0,1.0,1,1.0,1,1.0,1,0.2375916731462739,57
5065,5,10765,4072,6693,0,0,0,1.0,1,1.0,1,1.0,1,0.23760458677879953,56
5066,2,10767,4074,6693,0,0,0,1.0,1,1.0,1,1.0,1,0.28084484037963975,55
5067,1,10768,4075,6693,0,0,0,1.0,1,1.0,1,1.0,1,0.2980595947122331,54
5068,6,10774,4078,6696,0,0,0,1.0,1,1.0,1,1.0,1,0.33283044127537875,54
5069,2,10776,4079,6697,0,0,0,1.0,1,1.0,1,1.0,1,0.33594801693920384,53
5070,3,10779,4079,6700,0,0,0,1.0,1,1.0,1,1.0,1,0.3165817616447713,53
5071,1,10780,4079,6701,0,0,0,1.0,1,1.0,1,1.0,1,0.2928526911197372,53
5072,1,10781,4079,6702,0,0,0,1.0,1,1.0,1,1.0,1,0.25563244975959165,53
5073,1,10782,4079,6703,0,0,0,1.0,1,1.0,1,1.0,1,0.2724911156452857,53
5074,1,10783,4079,6704,0,0,0,1.0,1,1.0,1,1.0,1,0.255186039566842,52
5075,0,10783,4079,6704,0,0,0,1.0,1,1.0,1,1.0,1,0.255186039566842,52
5076,0,10783,4079,6704,0,0,0,1.0,1,1.0,1,1.0,1,0.2577033360578993,55
5077,0,10783,4079,6704,0,0,0,1.0,1,1.0,1,1.0,1,0.28125224087315087,55
5078,0,10783,4079,6704,0,0,0,1.0,1,1.0,1,1.0,1,0.28125224087315087,55
5079,0,10783,4079,6704,0,0,0,1.0,1,1.0,1,1.0,1,0.2967776014271575,54
5080,1,10784,4079,6705,0,0,0,1.0,1,1.0,1,1.0,1,0.30084190505157415,55
5081,10,10794,4079,6715,0,0,0,1.0,1,1.0,1,1.0,1,0.17339749307547778,57
5082,2,10796,4079,6717,0,0,0,1.0,1,1.0,1,1.0,1,0.15959704042877204,57
5083,0,10796,4079,6717,0,0,0,1.0,1,1.0,1,1.0,1,0.1707515759576985,58
5084,1,10797,4079,6718,0,0,0,1.0,1,1.0,1,1.0,1,0.15838985957375618,58
5085,2,10799,4079,6720,0,0,0,1.0,1,1.0,1,1.0,1,0.12783312494229865,59
5086,2,10801,4080,6721,0,0,0,1.0,1,1.0,1,1.0,1,0.11342577573958033,60
5087,4,10805,4082,6723,0,0,0,1.0,1,1.0,1,1.0,1,0.16864032978276136,61
5088,9,10814,4084,6730,0,0,0,1.0,1,1.0,1,1.0,1,0.19392320659508738,62
5089,7,10821,4088,6733,0,0,0,1.0,1,1.0,1,1.0,1,0.23537347145770338,63
5090,2,10823,4088,6735,0,0,0,1.0,1,1.0,1,1.0,1,0.21455855640884197,63
5091,4,10827,4089,6738,0,0,0,1.0,1,1.0,1,1.0,1,0.23730121452772987,63
5092,3,10830,4090,6740,0,0,0,1.0,1,1.0,1,1.0,1,0.2691266308942286,63
5093,3,10833,4090,6743,0,0,0,1.0,1,1.0,1,1.0,1,0.2558392465731448,63
5094,5,10838,4091,6747,0,0,0,1.0,1,1.0,1,1.0,1,0.22204698690008387,64
5095,1,10839,4092,6747,0,0,0,1.0,1,1.0,1,1.0,1,0.24125102298199544,64
5096,2,10841,4092,6749,0,0,0,1.0,1,1.0,1,1.0,1,0.21691722792525528,67
5097,0,10841,4092,6749,0,0,0,1.0,1,1.0,1,1.0,1,0.2275245954644447,67
5098,0,10841,4092,6749,0,0,0,1.0,1,1.0,1,1.0,1,0.2244147352710283,68
5099,0,10841,4092,6749,0,0,0,1.0,1,1.0,1,1.0,1,0.23134178308575074,70
5100,0,10841,4092,6749,0,0,0,1.0,1,1.0,1,1.0,1,0.2190776052916082,71
5101,5,10846,4092,6754,0,0,0,1.0,1,1.0,1,1.0,1,0.1503102825335955,71
5102,3,10849,4094,6755,0,0,0,1.0,1,1.0,1,1.0,1,0.17853249201466348,70
5103,1,10850,4095,6755,0,0,0,1.0,1,1.0,1,1.0,1,0.17555271496343802,67
5104,4,10854,4098,6756,0,0,0,1.0,1,1.0,1,1.0,1,0.24276134527752083,67
5105,3,10857,4099,6758,0,0,0,1.0,1,1.0,1,1.0,1,0.22707284615157894,63
5106,0,10857,4099,6758,0,0,0,1.0,1,1.0,1,1.0,1,0.24578797964925575,63
5107,5,10862,4104,6758,0,0,0,1.0,1,1.0,1,1.0,1,0.26620104049405585,60
5108,2,10864,4106,6758,0,0,0,1.0,1,1.0,1,1.0,1,0.30487109189042483,56
5109,4,10868,4109,6759,0,0,0,1.0,1,1.0,1,1.0,1,0.3409699216241623,56
5110,4,10872,4111,6761,0,0,0,1.0,1,1.0,1,1.0,1,0.3783702297657168,52
5111,5,10877,4115,6762,0,0,0,1.0,1,1.0,1,1.0,1,0.3818003893267394,51
5112,3,10880,4116,6764,0,0,0,1.0,1,1.0,1,1.0,1,0.3680981292026865,50
5113,2,10882,4118,6764,0,0,0,1.0,1,1.0,1,1.0,1,0.37250305785944127,48
5114,2,10884,4120,6764,0,0,0,1.0,1,1.0,1,1.0,1,0.35750209170461955,46
5115,0,10884,4120,6764,0,0,0,1.0,1,1.0,1,1.0,1,0.35840929718781933,44
5116,2,10886,4121,6765,0,0,0,1.0,1,1.0,1,1.0,1,0.3362882603581269,44
5117,1,10887,4121,6766,0,0,0,1.0,1,1.0,1,1.0,1,0.315925575733202,46
5118,1,10888,4122,6766,0,0,0,1.0,1,1.0,1,1.0,1,0.331032037150201,46
5119,4,10892,4124,6768,0,0,0,1.0,1,1.0,1,1.0,1,0.3052631515950613,46
5120,1,10893,4125,6768,0,0,0,1.0,1,1.0,1,1.0,1,0.30999128726530323,46
5121,8,10901,4126,6775,0,0,0,1.0,1,1.0,1,1.0,1,0.2041297807627469,46
5122,5,10906,4128,6778,0,0,0,1.0,1,1.0,1,1.0,1,0.18462636419683393,46
5123,1,10907,4129,6778,0,0,0,1.0,1,1.0,1,1.0,1,0.19247059548647893,45
5124,3,10910,4129,6781,0,0,0,1.0,1,1.0,1,1.0,1,0.1664270139986767,47
5125,4,10914,4129,6785,0,0,0,1.0,1,1.0,1,1.0,1,0.19509187096850247,50
5126,5,10919,4130,6789,0,0,0,1.0,1,1.0,1,1.0,1,0.1959137678791464,50
5127,4,10923,4130,6793,0,0,0,1.0,1,1.0,1,1.0,1,0.19704406625347365,52
5128,5,10928,4131,6797,0,0,0,1.0,1,1.0,1,1.0,1,0.2083833181138695,53
5129,8,10936,4131,6805,0,0,0,1.0,1,1.0,1,1.0,1,0.2221997314371952,55
5130,11,10947,4132,6815,0,0,0,1.0,1,1.0,1,1.0,1,0.21053517313789638,55
5131,9,10956,4132,6824,0,0,0,1.0,1,1.0,1,1.0,1,0.2153556409090208,54
5132,4,10960,4132,6828,0,0,0,1.0,1,1.0,1,1.0,1,0.24124662077406386,54
5133,7,10967,4133,6834,0,0,0,1.0,1,1.0,1,1.0,1,0.25015548402326787,54
5134,6,10973,4133,6840,0,0,0,1.0,1,1.0,1,1.0,1,0.25608720154172177,53
5135,7,10980,4133,6847,0,0,0,1.0,1,1.0,1,1.0,1,0.2724902035081204,54
5136,6,10986,4133,6853,0,0,0,1.0,1,1.0,1,1.0,1,0.29047673776437116,54
5137,8,10994,4134,6860,0,0,0,1.0,1,1.0,1,1.0,1,0.26110176187064404,54
5138,4,10998,4136,6862,0,0,0,1.0,1,1.0,1,1.0,1,0.26847483251020193,54
5139,5,11003,4137,6866,0,0,0,1.0,1,1.0,1,1.0,1,0.26488955988117235,55
5140,9,11012,4141,6871,0,0,0,1.0,1,1.0,1,1.0,1,0.31476931773124694,55
5141,10,11022,4141,6881,0,0,0,1.0,1,1.0,1,1.0,1,0.13770988204230938,53
5142,2,11024,4142,6882,0,0,0,1.0,1,1.0,1,1.0,1,0.13605616104483692,54
5143,4,11028,4144,6884,0,0,0,1.0,1,1.0,1,1.0,1,0.12344857463150867,52
5144,4,11032,4146,6886,0,0,0,1.0,1,1.0,1,1.0,1,0.13422834235007117,50
5145,1,11033,4147,6886,0,0,0,1.0,1,1.0,1,1.0,1,0.15245853868016307,49
5146,1,11034,4148,6886,0,0,0,1.0,1,1.0,1,1.0,1,0.16230855816976433,49
5147,1,11035,4149,6886,0,0,0,1.0,1,1.0,1,1.0,1,0.17634249153259665,46
5148,2,11037,4150,6887,0,0,0,1.0,1,1.0,1,1.0,1,0.2164602081469493,46
5149,0,11037,4150,6887,0,0,0,1.0,1,1.0,1,1.0,1,0.21411082313695592,45
5150,5,11042,4153,6889,0,0,0,1.0,1,1.0,1,1.0,1,0.25480773329186523,47
5151,2,11044,4153,6891,0,0,0,1.0,1,1.0,1,1.0,1,0.2371479253009522,46
5152,6,11050,4155,6895,0,0,0,1.0,1,1.0,1,1.0,1,0.21535874077592398,46
5153,4,11054,4157,6897,0,0,0,1.0,1,1.0,1,1.0,1,0.2059897850711521,45
5154,4,11058,4158,6900,0,0,0,1.0,1,1.0,1,1.0,1,0.22619941879415015,47
5155,2,11060,4159,6901,0,0,0,1.0,1,1.0,1,1.0,1,0.23892332127723775,47
5156,3,11063,4161,6902,0,0,0,1.0,1,1.0,1,1.0,1,0.2699520467962782,47
5157,2,11065,4162,6903,0,0,0,1.0,1,1.0,1,1.0,1,0.24918573438983851,46
5158,0,11065,4162,6903,0,0,0,1.0,1,1.0,1,1.0,1,0.2518755247885602,47
5159,1,11066,4162,6904,0,0,0,1.0,1,1.0,1,1.0,1,0.2604559215066453,49
5160,0,11066,4162,6904,0,0,0,1.0,1,1.0,1,1.0,1,0.2576427990228639,48
5161,3,11069,4162,6907,0,0,0,1.0,1,1.0,1,1.0,1,0.20555858072528144,48
5162,2,11071,4162,6909,0,0,0,1.0,1,1.0,1,1.0,1,0.1683229573421665,49
5163,1,11072,4162,6910,0,0,0,1.0,1,1.0,1,1.0,1,0.17012209500161823,51
5164,0,11072,4162,6910,0,0,0,1.0,1,1.0,1,1.0,1,0.17012209500161823,51
5165,1,11073,4163,6910,0,0,0,1.0,1,1.0,1,1.0,1,0.20026662693881145,52
5166,1,11074,4164,6910,0,0,0,1.0,1,1.0,1,1.0,1,0.20061827320784914,52
5167,2,11076,4165,6911,0,0,0,1.0,1,1.0,1,1.0,1,0.18344262134319983,52
5168,1,11077,4165,6912,0,0,0,1.0,1,1.0,1,1.0,1,0.16417431393257617,52
5169,1,11078,4166,6912,0,0,0,1.0,1,1.0,1,1.0,1,0.17491674009811667,53
5170,1,11079,4166,6913,0,0,0,1.0,1,1.0,1,1.0,1,0.15397409275643467,53
5171,0,11079,4166,6913,0,0,0,1.0,1,1.0,1,1.0,1,0.14707931541325972,52
5172,1,11080,4167,6913,0,0,0,1.0,1,1.0,1,1.0,1,0.16240674317099005,53
5173,0,11080,4167,6913,0,0,0,1.0,1,1.0,1,1.0,1,0.17901800509312227,54
5174,0,11080,4167,6913,0,0,0,1.0,1,1.0,1,1.0,1,0.193549259694957,56
5175,1,11081,4168,6913,0,0,0,1.0,1,1.0,1,1.0,1,0.18843975035049798,58
5176,5,11086,4170,6916,0,0,0,1.0,1,1.0,1,1.0,1,0.1647944791026124,58
5177,3,11089,4170,6919,0,0,0,1.0,1,1.0,1,1.0,1,0.1570621866675427,59
5178,7,11096,4172,6924,0,0,0,1.0,1,1.0,1,1.0,1,0.15412224525996412,57
5179,4,11100,4173,6927,0,0,0,1.0,1,1.0,1,1.0,1,0.1604060949296036,58
5180,3,11103,4174,6929,0,0,0,1.0,1,1.0,1,1.0,1,0.1389266942526274,56
5181,1,11104,4175,6929,0,0,0,1.0,1,1.0,1,1.0,1,0.15067820369618906,57
5182,2,11106,4177,6929,0,0,0,1.0,1,1.0,1,1.0,1,0.16126027407787988,56
5183,0,11106,4177,6929,0,0,0,1.0,1,1.0,1,1.0,1,0.16222976491736593,57
5184,3,11109,4179,6930,0,0,0,1.0,1,1.0,1,1.0,1,0.195040585301378,56
5185,2,11111,4181,6930,0,0,0,1.0,1,1.0,1,1.0,1,0.2086223228528597,56
5186,1,11112,4182,6930,0,0,0,1.0,1,1.0,1,1.0,1,0.20465403304596827,54
5187,0,11112,4182,6930,0,0,0,1.0,1,1.0,1,1.0,1,0.21437432249696303,51
5188,4,11116,4184,6932,0,0,0,1.0,1,1.0,1,1.0,1,0.2552645421874312,50
5189,0,11116,4184,6932,0,0,0,1.0,1,1.0,1,1.0,1,0.2372824100847846,49
5190,2,11118,4186,6932,0,0,0,1.0,1,1.0,1,1.0,1,0.26237156330808803,50
5191,1,11119,4186,6933,0,0,0,1.0,1,1.0,1,1.0,1,0.2419890251806807,50
5192,2,11121,4188,6933,0,0,0,1.0,1,1.0,1,1.0,1,0.2455322925313317,49
5193,0,11121,4188,6933,0,0,0,1.0,1,1.0,1,1.0,1,0.2584072503610095,50
5194,4,11125,4189,6936,0,0,0,1.0,1,1.0,1,1.0,1,0.25058710903498427,51
5195,1,11126,4190,6936,0,0,0,1.0,1,1.0,1,1.0,1,0.2821020775880471,51
5196,2,11128,4190,6938,0,0,0,1.0,1,1.0,1,1.0,1,0.24751773605503846,51
5197,0,11128,4190,6938,0,0,0,1.0,1,1.0,1,1.0,1,0.24751773605503846,51
5198,0,11128,4190,6938,0,0,0,1.0,1,1.0,1,1.0,1,0.24751773605503846,51
5199,0,11128,4190,6938,0,0,0,1.0,1,1.0,1,1.0,1,0.24761142974172645,54
5200,1,11129,4191,6938,0,0,0,1.0,1,1.0,1,1.0,1,0.25283424223920886,54
5201,10,11139,4192,6947,0,0,0,1.0,1,1.0,1,1.0,1,0.11463305769537811,55
5202,0,11139,4192,6947,0,0,0,1.0,1,1.0,1,1.0,1,0.12270493656050516,56
5203,0,11139,4192,6947,0,0,0,1.0,1,1.0,1,1.0,1,0.12270493656050516,56
5204,5,11144,4192,6952,0,0,0,1.0,1,1.0,1,1.0,1,0.054097964576689236,58
5205,0,11144,4192,6952,0,0,0,1.0,1,1.0,1,1.0,1,0.054097964576689236,58
5206,2,11146,4192,6954,0,0,0,1.0,1,1.0,1,1.0,1,0.054097964576689236,58
5207,2,11148,4192,6956,0,0,0,1.0,1,1.0,1,1.0,1,0.06739995613545907,59
5208,2,11150,4192,6958,0,0,0,1.0,1,1.0,1,1.0,1,0.08189720368480184,58
5209,1,11151,4192,6959,0,0,0,1.0,1,1.0,1,1.0,1,0.08289241573931186,58
5210,1,11152,4192,6960,0,0,0,1.0,1,1.0,1,1.0,1,0.09594329488901855,57
5211,2,11154,4193,6961,0,0,0,1.0,1,1.0,1,1.0,1,0.11677808039278943,57
5212,2,11156,4193,6963,0,0,0,1.0,1,1.0,1,1.0,1,0.1188511361764227,59
5213,4,11160,4196,6964,0,0,0,1.0,1,1.0,1,1.0,1,0.1793697425567095,59
5214,7,11167,4197,6970,0,0,0,1.0,1,1.0,1,1.0,1,0.18314634575557354,59
5215,3,11170,4198,6972,0,0,0,1.0,1,1.0,1,1.0,1,0.22113864951366843,58
5216,4,11174,4198,6976,0,0,0,1.0,1,1.0,1,1.0,1,0.2135240003788395,59
5217,8,11182,4202,6980,0,0,0,1.0,1,1.0,1,1.0,1,0.145902267613789,58
5218,5,11187,4205,6982,0,0,0,1.0,1,1.0,1,1.0,1,0.20607809350882567,58
5219,2,11189,4205,6984,0,0,0,1.0,1,1.0,1,1.0,1,0.16586588844510175,57
5220,1,11190,4205,6985,0,0,0,1.0,1,1.0,1,1.0,1,0.15938090018478376,56
5221,4,11194,4207,6987,0,0,0,1.0,1,1.0,1,1.0,1,0.1954790412681734,58
5222,1,11195,4208,6987,0,0,0,1.0,1,1.0,1,1.0,1,0.19361868189039394,56
5223,3,11198,4210,6988,0,0,0,1.0,1,1.0,1,1.0,1,0.23363601470560044,55
5224,1,11199,4211,6988,0,0,0,1.0,1,1.0,1,1.0,1,0.2404478004485803,56
5225,2,11201,4212,6989,0,0,0,1.0,1,1.0,1,1.0,1,0.25836975320265115,55
5226,1,11202,4213,6989,0,0,0,1.0,1,1.0,1,1.0,1,0.23752611567455292,55
5227,0,11202,4213,6989,0,0,0,1.0,1,1.0,1,1.0,1,0.23545967196918782,53
5228,1,11203,4214,6989,0,0,0,1.0,1,1.0,1,1.0,1,0.21697493650436003,51
5229,3,11206,4215,6991,0,0,0,1.0,1,1.0,1,1.0,1,0.20362206222641777,51
5230,0,11206,4215,6991,0,0,0,1.0,1,1.0,1,1.0,1,0.2053246547973541,51
5231,2,11208,4216,6992,0,0,0,1.0,1,1.0,1,1.0,1,0.22417038101860856,52
5232,3,11211,4218,6993,0,0,0,1.0,1,1.0,1,1.0,1,0.22160731844268564,52
5233,0,11211,4218,6993,0,0,0,1.0,1,1.0,1,1.0,1,0.23660701432011944,53
5234,1,11212,4219,6993,0,0,0,1.0,1,1.0,1,1.0,1,0.2708272668630723,53
5235,1,11213,4220,6993,0,0,0,1.0,1,1.0,1,1.0,1,0.2796224294343735,53
5236,2,11215,4222,6993,0,0,0,1.0,1,1.0,1,1.0,1,0.2867672826230123,52
5237,1,11216,4222,6994,0,0,0,1.0,1,1.0,1,1.0,1,0.301709103156539,52
5238,3,11219,4224,6995,0,0,0,1.0,1,1.0,1,1.0,1,0.31778952040688424,52
5239,2,11221,4224,6997,0,0,0,1.0,1,1.0,1,1.0,1,0.32625327381191666,51
5240,4,11225,4225,7000,0,0,0,1.0,1,1.0,1,1.0,1,0.3367451760892478,53
5241,12,11237,4225,7012,0,0,0,1.0,1,1.0,1,1.0,1,0.20531328142418206,53
5242,3,11240,4226,7014,0,0,0,1.0,1,1.0,1,1.0,1,0.2373103098178451,51
5243,3,11243,4228,7015,0,0,0,1.0,1,1.0,1,1.0,1,0.2943850011260239,51
5244,4,11247,4229,7018,0,0,0,1.0,1,1.0,1,1.0,1,0.28370716520263806,52
5245,4,11251,4230,7021,0,0,0,1.0,1,1.0,1,1.0,1,0.3032961947075664,53
5246,6,11257,4233,7024,0,0,0,1.0,1,1.0,1,1.0,1,0.28739838884701513,53
5247,2,11259,4234,7025,0,0,0,1.0,1,1.0,1,1.0,1,0.31143079437257526,54
5248,5,11264,4235,7029,0,0,0,1.0,1,1.0,1,1.0,1,0.27465005155473365,54
5249,5,11269,4236,7033,0,0,0,1.0,1,1.0,1,1.0,1,0.2765034259661678,55
5250,4,11273,4236,7037,0,0,0,1.0,1,1.0,1,1.0,1,0.29410414207056274,57
5251,3,11276,4236,7040,0,0,0,1.0,1,1.0,1,1.0,1,0.29174869141394477,58
5252,6,11282,4237,7045,0,0,0,1.0,1,1.0,1,1.0,1,0.29140628970240023,58
5253,5,11287,4238,7049,0,0,0,1.0,1,1.0,1,1.0,1,0.3012281020635866,58
5254,3,11290,4239,7051,0,0,0,1.0,1,1.0,1,1.0,1,0.3153880983080938,59
5255,3,11293,4240,7053,0,0,0,1.0,1,1.0,1,1.0,1,0.3020633622146298,58
5256,5,11298,4240,7058,0,0,0,1.0,1,1.0,1,1.0,1,0.2952009173094197,58
5257,8,11306,4241,7065,0,0,0,1.0,1,1.0,1,1.0,1,0.2774321667766564,57
5258,3,11309,4241,7068,0,0,0,1.0,1,1.0,1,1.0,1,0.2580974211244947,55
5259,3,11312,4241,7071,0,0,0,1.0,1,1.0,1,1.0,1,0.2803743515826838,56
5260,3,11315,4241,7074,0,0,0,1.0,1,1.0,1,1.0,1,0.28436735944570224,55
5261,3,11318,4242,7076,0,0,0,1.0,1,1.0,1,1.0,1,0.264125592378364,54
5262,1,11319,4243,7076,0,0,0,1.0,1,1.0,1,1.0,1,0.29141896887728236,54
5263,8,11327,4247,7080,0,0,0,1.0,1,1.0,1,1.0,1,0.28029027097975273,55
5264,3,11330,4249,7081,0,0,0,1.0,1,1.0,1,1.0,1,0.3249987469468133,53
5265,3,11333,4252,7081,0,0,0,1.0,1,1.0,1,1.0,1,0.3556568045125374,52
5266,2,11335,4252,7083,0,0,0,1.0,1,1.0,1,1.0,1,0.3317527394278143,49
5267,3,11338,4254,7084,0,0,0,1.0,1,1.0,1,1.0,1,0.3222394073818238,49
5268,2,11340,4254,7086,0,0,0,1.0,1,1.0,1,1.0,1,0.31846807177472775,46
5269,1,11341,4255,7086,0,0,0,1.0,1,1.0,1,1.0,1,0.3413731769997731,45
5270,3,11344,4257,7087,0,0,0,1.0,1,1.0,1,1.0,1,0.3020895353572904,46
5271,1,11345,4258,7087,0,0,0,1.0,1,1.0,1,1.0,1,0.3338699751049264,46
5272,1,11346,4258,7088,0,0,0,1.0,1,1.0,1,1.0,1,0.30663931335912026,45
5273,7,11353,4263,7090,0,0,0,1.0,1,1.0,1,1.0,1,0.32499186511116446,45
5274,0,11353,4263,7090,0,0,0,1.0,1,1.0,1,1.0,1,0.31982935236883187,45
5275,7,11360,4268,7092,0,0,0,1.0,1,1.0,1,1.0,1,0.338784444419454,46
5276,5,11365,4271,7094,0,0,0,1.0,1,1.0,1,1.0,1,0.3293403953824065,45
5277,0,11365,4271,7094,0,0,0,1.0,1,1.0,1,1.0,1,0.3302844433485338,45
5278,0,11365,4271,7094,0,0,0,1.0,1,1.0,1,1.0,1,0.3341511077419513,44
5279,1,11366,4272,7094,0,0,0,1.0,1,1.0,1,1.0,1,0.37351662441477784,45
5280,1,11367,4273,7094,0,0,0,1.0,1,1.0,1,1.0,1,0.3683611749796296,46
5281,5,11372,4273,7099,0,0,0,1.0,1,1.0,1,1.0,1,0.29856971323285325,46
5282,1,11373,4273,7100,0,0,0,1.0,1,1.0,1,1.0,1,0.3031664907916233,47
5283,1,11374,4273,7101,0,0,0,1.0,1,1.0,1,1.0,1,0.29136310532062576,48
5284,0,11374,4273,7101,0,0,0,1.0,1,1.0,1,1.0,1,0.29136310532062576,48
5285,1,11375,4273,7102,0,0,0,1.0,1,1.0,1,1.0,1,0.2676036886848306,48
5286,0,11375,4273,7102,0,0,0,1.0,1,1.0,1,1.0,1,0.2747392698264113,50
5287,1,11376,4273,7103,0,0,0,1.0,1,1.0,1,1.0,1,0.2599277757291841,50
5288,1,11377,4273,7104,0,0,0,1.0,1,1.0,1,1.0,1,0.22324329665375478,51
5289,1,11378,4273,7105,0,0,0,1.0,1,1.0,1,1.0,1,0.2312073840400441,51
5290,1,11379,4273,7106,0,0,0,1.0,1,1.0,1,1.0,1,0.23046842472485127,52
5291,3,11382,4274,7108,0,0,0,1.0,1,1.0,1,1.0,1,0.2615940379377105,52
5292,2,11384,4274,7110,0,0,0,1.0,1,1.0,1,1.0,1,0.252816848287482,53
5293,3,11387,4275,7112,0,0,0,1.0,1,1.0,1,1.0,1,0.2958159604289377,51
5294,2,11389,4276,7113,0,0,0,1.0,1,1.0,1,1.0,1,0.294565454355523,50
5295,2,11391,4276,7115,0,0,0,1.0,1,1.0,1,1.0,1,0.3315146314066455,49
5296,4,11395,4278,7117,0,0,0,1.0,1,1.0,1,1.0,1,0.3984833639838226,48
5297,2,11397,4278,7119,0,0,0,1.0,1,1.0,1,1.0,1,0.40498677206701067,46
5298,2,11399,4278,7121,0,0,0,1.0,1,1.0,1,1.0,1,0.4045533283539354,46
5299,0,11399,4278,7121,0,0,0,1.0,1,1.0,1,1.0,1,0.40519148176463965,47
5300,1,11400,4278,7122,0,0,0,1.0,1,1.0,1,1.0,1,0.3765377428137614,48
5301,1,11401,4278,7123,0,0,0,1.0,1,1.0,1,1.0,1,0.35873152907949774,48
5302,5,11406,4281,7125,0,0,0,1.0,1,1.0,1,1.0,1,0.3326303692903314,49
5303,1,11407,4282,7125,0,0,0,1.0,1,1.0,1,1.0,1,0.3334629609430679,48
5304,0,11407,4282,7125,0,0,0,1.0,1,1.0,1,1.0,1,0.34622600057253855,48
5305,1,11408,4283,7125,0,0,0,1.0,1,1.0,1,1.0,1,0.35414435872762706,47
5306,7,11415,4286,7129,0,0,0,1.0,1,1.0,1,1.0,1,0.3531217690852298,48
5307,4,11419,4287,7132,0,0,0,1.0,1,1.0,1,1.0,1,0.3378698718127494,48
5308,2,11421,4288,7133,0,0,0,1.0,1,1.0,1,1.0,1,0.331713251497158,47
5309,1,11422,4289,7133,0,0,0,1.0,1,1.0,1,1.0,1,0.3703441851899347,46
5310,1,11423,4289,7134,0,0,0,1.0,1,1.0,1,1.0,1,0.34377068560643803,46
5311,0,11423,4289,7134,0,0,0,1.0,1,1.0,1,1.0,1,0.32427584807884574,46
5312,2,11425,4290,7135,0,0,0,1.0,1,1.0,1,1.0,1,0.3452971508905878,46
5313,0,11425,4290,7135,0,0,0,1.0,1,1.0,1,1.0,1,0.35173939001890886,46
5314,2,11427,4290,7137,0,0,0,1.0,1,1.0,1,1.0,1,0.3294430517596275,46
5315,2,11429,4291,7138,0,0,0,1.0,1,1.0,1,1.0,1,0.3483049913376736,47
5316,4,11433,4291,7142,0,0,0,1.0,1,1.0,1,1.0,1,0.32419847744047875,48
5317,2,11435,4292,7143,0,0,0,1.0,1,1.0,1,1.0,1,0.2750650452618827,49
5318,6,11441,4294,7147,0,0,0,1.0,1,1.0,1,1.0,1,0.23314680004746183,49
5319,3,11444,4295,7149,0,0,0,1.0,1,1.0,1,1.0,1,0.268510246559143,50
5320,5,11449,4296,7153,0,0,0,1.0,1,1.0,1,1.0,1,0.2919193524230521,51
5321,8,11457,4296,7161,0,0,0,1.0,1,1.0,1,1.0,1,0.15321254399613313,52
5322,3,11460,4296,7164,0,0,0,1.0,1,1.0,1,1.0,1,0.1273333450128387,53
5323,4,11464,4296,7168,0,0,0,1.0,1,1.0,1,1.0,1,0.13613230853820477,53
5324,3,11467,4296,7171,0,0,0,1.0,1,1.0,1,1.0,1,0.1413263148914582,55
5325,4,11471,4297,7174,0,0,0,1.0,1,1.0,1,1.0,1,0.13532459947797262,55
5326,4,11475,4298,7177,0,0,0,1.0,1,1.0,1,1.0,1,0.19000811239244145,55
5327,3,11478,4298,7180,0,0,0,1.0,1,1.0,1,1.0,1,0.13658141225117187,56
5328,8,11486,4300,7186,0,0,0,1.0,1,1.0,1,1.0,1,0.145791286238173,57
5329,3,11489,4300,7189,0,0,0,1.0,1,1.0,1,1.0,1,0.18146773501399532,57
5330,7,11496,4302,7194,0,0,0,1.0,1,1.0,1,1.0,1,0.17920783046902228,56
5331,6,11502,4302,7200,0,0,0,1.0,1,1.0,1,1.0,1,0.18236387644705124,57
5332,8,11510,4302,7208,0,0,0,1.0,1,1.0,1,1.0,1,0.18730797833604917,58
5333,5,11515,4302,7213,0,0,0,1.0,1,1.0,1,1.0,1,0.1821086916126652,59
5334,6,11521,4302,7219,0,0,0,1.0,1,1.0,1,1.0,1,0.1712283527238816,59
5335,7,11528,4302,7226,0,0,0,1.0,1,1.0,1,1.0,1,0.1723989822349315,58
5336,9,11537,4302,7235,0,0,0,1.0,1,1.0,1,1.0,1,0.16628359784473867,59
5337,4,11541,4302,7239,0,0,0,1.0,1,1.0,1,1.0,1,0.18468969628594353,60
5338,2,11543,4302,7241,0,0,0,1.0,1,1.0,1,1.0,1,0.1798381560862369,60
5339,5,11548,4302,7246,0,0,0,1.0,1,1.0,1,1.0,1,0.18288748489961784,60
5340,8,11556,4304,7252,0,0,0,1.0,1,1.0,1,1.0,1,0.21913850539706325,60
5341,3,11559,4304,7255,0,0,0,1.0,1,1.0,1,1.0,1,0.1901950123985921,61
5342,2,11561,4305,7256,0,0,0,1.0,1,1.0,1,1.0,1,0.19594033665823105,59
5343,2,11563,4307,7256,0,0,0,1.0,1,1.0,1,1.0,1,0.21898575894121944,58
5344,2,11565,4309,7256,0,0,0,1.0,1,1.0,1,1.0,1,0.24816495902014304,58
5345,2,11567,4310,7257,0,0,0,1.0,1,1.0,1,1.0,1,0.2385097938586499,54
5346,0,11567,4310,7257,0,0,0,1.0,1,1.0,1,1.0,1,0.2385097938586499,54
5347,2,11569,4312,7257,0,0,0,1.0,1,1.0,1,1.0,1,0.22157628415763003,54
5348,2,11571,4313,7258,0,0,0,1.0,1,1.0,1,1.0,1,0.20531538659933038,55
5349,3,11574,4315,7259,0,0,0,1.0,1,1.0,1,1.0,1,0.22320693743776454,56
5350,1,11575,4315,7260,0,0,0,1.0,1,1.0,1,1.0,1,0.2371073396234426,56
5351,0,11575,4315,7260,0,0,0,1.0,1,1.0,1,1.0,1,0.22672984856762046,57
5352,3,11578,4316,7262,0,0,0,1.0,1,1.0,1,1.0,1,0.23899346989127512,57
5353,1,11579,4317,7262,0,0,0,1.0,1,1.0,1,1.0,1,0.23176046724442403,57
5354,1,11580,4318,7262,0,0,0,1.0,1,1.0,1,1.0,1,0.20784817937184655,56
5355,0,11580,4318,7262,0,0,0,1.0,1,1.0,1,1.0,1,0.2097768623129226,57
5356,0,11580,4318,7262,0,0,0,1.0,1,1.0,1,1.0,1,0.22191704619075966,56
5357,1,11581,4318,7263,0,0,0,1.0,1,1.0,1,1.0,1,0.23038609503516097,56
5358,2,11583,4319,7264,0,0,0,1.0,1,1.0,1,1.0,1,0.20019329808185365,57
5359,0,11583,4319,7264,0,0,0,1.0,1,1.0,1,1.0,1,0.20019329808185365,57
5360,0,11583,4319,7264,0,0,0,1.0,1,1.0,1,1.0,1,0.2218151601539817,55
5361,4,11587,4320,7267,0,0,0,1.0,1,1.0,1,1.0,1,0.22300180168211933,56
5362,3,11590,4321,7269,0,0,0,1.0,1,1.0,1,1.0,1,0.19477674271762105,57
5363,1,11591,4321,7270,0,0,0,1.0,1,1.0,1,1.0,1,0.18894840394520704,57
5364,1,11592,4321,7271,0,0,0,1.0,1,1.0,1,1.0,1,0.17920391648664954,58
5365,1,11593,4322,7271,0,0,0,1.0,1,1.0,1,1.0,1,0.20705445579241089,59
5366,4,11597,4324,7273,0,0,0,1.0,1,1.0,1,1.0,1,0.2025329608905753,60
5367,2,11599,4325,7274,0,0,0,1.0,1,1.0,1,1.0,1,0.20063499598558804,60
5368,1,11600,4326,7274,0,0,0,1.0,1,1.0,1,1.0,1,0.2108290990342694,58
5369,1,11601,4326,7275,0,0,0,1.0,1,1.0,1,1.0,1,0.18673218856313636,58
5370,1,11602,4327,7275,0,0,0,1.0,1,1.0,1,1.0,1,0.20843387785104261,57
5371,3,11605,4329,7276,0,0,0,1.0,1,1.0,1,1.0,1,0.22360826590425792,56
5372,4,11609,4332,7277,0,0,0,1.0,1,1.0,1,1.0,1,0.24575845173620953,55
5373,4,11613,4335,7278,0,0,0,1.0,1,1.0,1,1.0,1,0.268781012953208,54
5374,0,11613,4335,7278,0,0,0,1.0,1,1.0,1,1.0,1,0.26773708354770615,53
5375,1,11614,4336,7278,0,0,0,1.0,1,1.0,1,1.0,1,0.29731598086774963,52
5376,2,11616,4336,7280,0,0,0,1.0,1,1.0,1,1.0,1,0.2570418006361812,52
5377,1,11617,4337,7280,0,0,0,1.0,1,1.0,1,1.0,1,0.28310917353825377,51
5378,4,11621,4339,7282,0,0,0,1.0,1,1.0,1,1.0,1,0.28710665396337964,52
5379,0,11621,4339,7282,0,0,0,1.0,1,1.0,1,1.0,1,0.3194591807407922,50
5380,5,11626,4342,7284,0,0,0,1.0,1,1.0,1,1.0,1,0.371418937656303,51
5381,6,11632,4343,7289,0,0,0,1.0,1,1.0,1,1.0,1,0.26022058978048923,50
5382,1,11633,4343,7290,0,0,0,1.0,1,1.0,1,1.0,1,0.22617126165311097,48
5383,1,11634,4343,7291,0,0,0,1.0,1,1.0,1,1.0,1,0.20629798063468405,48
5384,1,11635,4343,7292,0,0,0,1.0,1,1.0,1,1.0,1,0.19577874330647244,48
5385,1,11636,4343,7293,0,0,0,1.0,1,1.0,1,1.0,1,0.19040593721314694,47
5386,2,11638,4345,7293,0,0,0,1.0,1,1.0,1,1.0,1,0.24762106463836317,48
5387,0,11638,4345,7293,0,0,0,1.0,1,1.0,1,1.0,1,0.24695732821817867,48
5388,1,11639,4345,7294,0,0,0,1.0,1,1.0,1,1.0,1,0.24237764097723474,48
5389,1,11640,4346,7294,0,0,0,1.0,1,1.0,1,1.0,1,0.2416353596444232,50
5390,3,11643,4346,7297,0,0,0,1.0,1,1.0,1,1.0,1,0.2152187727720742,52
5391,2,11645,4347,7298,0,0,0,1.0,1,1.0,1,1.0,1,0.21155036135132263,52
5392,1,11646,4347,7299,0,0,0,1.0,1,1.0,1,1.0,1,0.2258660049403631,51
5393,3,11649,4350,7299,0,0,0,1.0,1,1.0,1,1.0,1,0.2506527251655092,50
5394,1,11650,4350,7300,0,0,0,1.0,1,1.0,1,1.0,1,0.2339396350583827,50
5395,2,11652,4352,7300,0,0,0,1.0,1,1.0,1,1.0,1,0.26035949006106424,49
5396,2,11654,4354,7300,0,0,0,1.0,1,1.0,1,1.0,1,0.2962331068576056,48
5397,3,11657,4356,7301,0,0,0,1.0,1,1.0,1,1.0,1,0.27275355861739436,48
5398,0,11657,4356,7301,0,0,0,1.0,1,1.0,1,1.0,1,0.31058399000134873,46
5399,4,11661,4359,7302,0,0,0,1.0,1,1.0,1,1.0,1,0.2738679298458524,46
5400,3,11664,4361,7303,0,0,0,1.0,1,1.0,1,1.0,1,0.2999018325755472,48
5401,1,11665,4361,7304,0,0,0,1.0,1,1.0,1,1.0,1,0.2649136606363448,49
5402,0,11665,4361,7304,0,0,0,1.0,1,1.0,1,1.0,1,0.0,0
