,SuccessfulHandoverCount,TotalSuccessfulHandoverCount,TotalSuccessfulHandoverCountRange,TotalSuccessfulHandoverCountLoadBalancing,TotalSuccessfulHandoverCountOverload,FailedHandoverCount,TotalFailedHandoverCount,AvgQoS,MinQoS,AvgQoS_LoadBased,MinQoS_LoadBased,AvgQoS_RangeBased,MinQoS_RangeBased,GiniLoad,VehicleCount
0,0,0,0,0,0,0,0,1.0,1,1.0,1,1.0,1,0.0,0
1,21,21,0,21,0,0,0,1.0,1,1.0,1,1.0,1,0.22146556179179222,30
2,17,38,0,38,0,0,0,1.0,1,1.0,1,1.0,1,0.23998861497877716,32
3,27,65,0,65,0,0,0,1.0,1,1.0,1,1.0,1,0.2620816184555264,33
4,17,82,0,82,0,0,0,1.0,1,1.0,1,1.0,1,0.35352239171283606,34
5,7,89,0,89,0,0,0,1.0,1,1.0,1,1.0,1,0.18062442666111006,36
6,1,90,0,90,0,0,0,1.0,1,1.0,1,1.0,1,0.18797129329830511,38
7,2,92,0,92,0,0,0,1.0,1,1.0,1,1.0,1,0.20156028738393095,40
8,3,95,0,95,0,0,0,1.0,1,1.0,1,1.0,1,0.19670929430634315,40
9,3,98,0,98,0,0,0,1.0,1,1.0,1,1.0,1,0.15758435635923024,40
10,2,100,0,100,0,0,0,1.0,1,1.0,1,1.0,1,0.17199159234540184,41
11,3,103,0,103,0,0,0,1.0,1,1.0,1,1.0,1,0.18373860886393045,40
12,2,105,0,105,0,0,0,1.0,1,1.0,1,1.0,1,0.151553854923601,39
13,6,111,2,109,0,0,0,1.0,1,1.0,1,1.0,1,0.16337262702931424,37
14,0,111,2,109,0,0,0,1.0,1,1.0,1,1.0,1,0.17630304262278074,35
15,3,114,2,112,0,0,0,1.0,1,1.0,1,1.0,1,0.13597375828769687,36
16,2,116,4,112,0,0,0,1.0,1,1.0,1,1.0,1,0.19708154674632786,34
17,1,117,4,113,0,0,0,1.0,1,1.0,1,1.0,1,0.22789376560190092,33
18,1,118,4,114,0,0,0,1.0,1,1.0,1,1.0,1,0.22933663392981302,34
19,2,120,5,115,0,0,0,1.0,1,1.0,1,1.0,1,0.22077379482782178,34
20,0,120,5,115,0,0,0,1.0,1,1.0,1,1.0,1,0.20962721358294908,34
21,3,123,6,117,0,0,0,1.0,1,1.0,1,1.0,1,0.18853171073534614,36
22,0,123,6,117,0,0,0,1.0,1,1.0,1,1.0,1,0.19115398198131583,35
23,2,125,7,118,0,0,0,1.0,1,1.0,1,1.0,1,0.2104602859647988,35
24,1,126,8,118,0,0,0,1.0,1,1.0,1,1.0,1,0.19041392218190156,35
25,11,137,12,125,0,0,0,1.0,1,1.0,1,1.0,1,0.12378220323633933,35
26,5,142,13,129,0,0,0,1.0,1,1.0,1,1.0,1,0.09098582554532171,36
27,3,145,14,131,0,0,0,1.0,1,1.0,1,1.0,1,0.11136303709991313,34
28,6,151,16,135,0,0,0,1.0,1,1.0,1,1.0,1,0.13524207662244067,35
29,0,151,16,135,0,0,0,1.0,1,1.0,1,1.0,1,0.17681301754678874,33
30,3,154,18,136,0,0,0,1.0,1,1.0,1,1.0,1,0.17094432928603126,33
31,1,155,18,137,0,0,0,1.0,1,1.0,1,1.0,1,0.169967328305378,33
32,0,155,18,137,0,0,0,1.0,1,1.0,1,1.0,1,0.19407865622711848,32
33,2,157,18,139,0,0,0,1.0,1,1.0,1,1.0,1,0.15028564363755306,33
34,1,158,19,139,0,0,0,1.0,1,1.0,1,1.0,1,0.16010023729345838,33
35,3,161,19,142,0,0,0,1.0,1,1.0,1,1.0,1,0.15680706175104311,35
36,1,162,20,142,0,0,0,1.0,1,1.0,1,1.0,1,0.16030232702597444,36
37,8,170,22,148,0,0,0,1.0,1,1.0,1,1.0,1,0.19236125902390927,37
38,5,175,22,153,0,0,0,1.0,1,1.0,1,1.0,1,0.1844400982600976,36
39,2,177,22,155,0,0,0,1.0,1,1.0,1,1.0,1,0.13850517085534167,38
40,3,180,22,158,0,0,0,1.0,1,1.0,1,1.0,1,0.1605899197774224,40
41,2,182,22,160,0,0,0,1.0,1,1.0,1,1.0,1,0.12072773257065954,40
42,1,183,23,160,0,0,0,1.0,1,1.0,1,1.0,1,0.14987117051596768,40
43,3,186,24,162,0,0,0,1.0,1,1.0,1,1.0,1,0.15320391441931785,43
44,0,186,24,162,0,0,0,1.0,1,1.0,1,1.0,1,0.15320391441931785,43
45,1,187,25,162,0,0,0,1.0,1,1.0,1,1.0,1,0.17299385912535847,44
46,1,188,25,163,0,0,0,1.0,1,1.0,1,1.0,1,0.15607303721074786,44
47,1,189,26,163,0,0,0,1.0,1,1.0,1,1.0,1,0.18605693429933248,44
48,3,192,27,165,0,0,0,1.0,1,1.0,1,1.0,1,0.17633216356390977,44
49,2,194,27,167,0,0,0,1.0,1,1.0,1,1.0,1,0.16198633348698596,41
50,0,194,27,167,0,0,0,1.0,1,1.0,1,1.0,1,0.18969120894202587,40
51,0,194,27,167,0,0,0,1.0,1,1.0,1,1.0,1,0.20304460690100018,38
52,1,195,28,167,0,0,0,1.0,1,1.0,1,1.0,1,0.21962722669079973,37
53,4,199,28,171,0,0,0,1.0,1,1.0,1,1.0,1,0.20529839119711102,38
54,0,199,28,171,0,0,0,1.0,1,1.0,1,1.0,1,0.18602926089618377,38
55,1,200,28,172,0,0,0,1.0,1,1.0,1,1.0,1,0.14042516115599532,38
56,0,200,28,172,0,0,0,1.0,1,1.0,1,1.0,1,0.15483299461392044,38
57,2,202,29,173,0,0,0,1.0,1,1.0,1,1.0,1,0.16943210369328907,38
58,6,208,31,177,0,0,0,1.0,1,1.0,1,1.0,1,0.22266965501687142,38
59,4,212,31,181,0,0,0,1.0,1,1.0,1,1.0,1,0.15608918403047709,40
60,1,213,32,181,0,0,0,1.0,1,1.0,1,1.0,1,0.16833935950778448,40
61,1,214,32,182,0,0,0,1.0,1,1.0,1,1.0,1,0.1541781835410138,40
62,0,214,32,182,0,0,0,1.0,1,1.0,1,1.0,1,0.14967793436249133,42
63,0,214,32,182,0,0,0,1.0,1,1.0,1,1.0,1,0.15502250987912436,40
64,0,214,32,182,0,0,0,1.0,1,1.0,1,1.0,1,0.143396835859115,41
65,0,214,32,182,0,0,0,1.0,1,1.0,1,1.0,1,0.143396835859115,41
66,1,215,33,182,0,0,0,1.0,1,1.0,1,1.0,1,0.15515607786726207,41
67,0,215,33,182,0,0,0,1.0,1,1.0,1,1.0,1,0.15515607786726207,41
68,0,215,33,182,0,0,0,1.0,1,1.0,1,1.0,1,0.14518552321570408,41
69,3,218,35,183,0,0,0,1.0,1,1.0,1,1.0,1,0.17599856017692078,41
70,4,222,36,186,0,0,0,1.0,1,1.0,1,1.0,1,0.14107568933065878,42
71,3,225,38,187,0,0,0,1.0,1,1.0,1,1.0,1,0.11753288676117093,44
72,1,226,38,188,0,0,0,1.0,1,1.0,1,1.0,1,0.08146568842533639,44
73,2,228,38,190,0,0,0,1.0,1,1.0,1,1.0,1,0.0813404957151996,46
74,0,228,38,190,0,0,0,1.0,1,1.0,1,1.0,1,0.10388914250630578,44
75,0,228,38,190,0,0,0,1.0,1,1.0,1,1.0,1,0.10388914250630578,44
76,4,232,41,191,0,0,0,1.0,1,1.0,1,1.0,1,0.1993198962462519,45
77,6,238,42,196,0,0,0,1.0,1,1.0,1,1.0,1,0.15033582712870658,44
78,3,241,43,198,0,0,0,1.0,1,1.0,1,1.0,1,0.13652495463686798,44
79,3,244,44,200,0,0,0,1.0,1,1.0,1,1.0,1,0.186948571363663,43
80,4,248,44,204,0,0,0,1.0,1,1.0,1,1.0,1,0.1866732956483405,43
81,6,254,46,208,0,0,0,1.0,1,1.0,1,1.0,1,0.21315612746820342,44
82,3,257,48,209,0,0,0,1.0,1,1.0,1,1.0,1,0.2423721366536662,45
83,6,263,50,213,0,0,0,1.0,1,1.0,1,1.0,1,0.24987881890511038,45
84,2,265,50,215,0,0,0,1.0,1,1.0,1,1.0,1,0.2519904083118671,45
85,4,269,51,218,0,0,0,1.0,1,1.0,1,1.0,1,0.21212878075157235,45
86,3,272,51,221,0,0,0,1.0,1,1.0,1,1.0,1,0.16924235122305523,45
87,0,272,51,221,0,0,0,1.0,1,1.0,1,1.0,1,0.18263099559269938,44
88,0,272,51,221,0,0,0,1.0,1,1.0,1,1.0,1,0.17083729601918599,45
89,3,275,52,223,0,0,0,1.0,1,1.0,1,1.0,1,0.17107139732562054,46
90,0,275,52,223,0,0,0,1.0,1,1.0,1,1.0,1,0.19756276405880355,44
91,1,276,53,223,0,0,0,1.0,1,1.0,1,1.0,1,0.1867107929674874,45
92,0,276,53,223,0,0,0,1.0,1,1.0,1,1.0,1,0.1951253325609919,46
93,0,276,53,223,0,0,0,1.0,1,1.0,1,1.0,1,0.1951253325609919,46
94,0,276,53,223,0,0,0,1.0,1,1.0,1,1.0,1,0.1951253325609919,46
95,2,278,53,225,0,0,0,1.0,1,1.0,1,1.0,1,0.1921104518382082,46
96,1,279,54,225,0,0,0,1.0,1,1.0,1,1.0,1,0.20408615382170733,46
97,2,281,54,227,0,0,0,1.0,1,1.0,1,1.0,1,0.1719482535189534,47
98,0,281,54,227,0,0,0,1.0,1,1.0,1,1.0,1,0.1719482535189534,47
99,0,281,54,227,0,0,0,1.0,1,1.0,1,1.0,1,0.18683741774636026,46
100,1,282,54,228,0,0,0,1.0,1,1.0,1,1.0,1,0.19963286534927535,48
101,4,286,55,231,0,0,0,1.0,1,1.0,1,1.0,1,0.16831235455893728,49
102,1,287,56,231,0,0,0,1.0,1,1.0,1,1.0,1,0.17441420820023862,49
103,2,289,56,233,0,0,0,1.0,1,1.0,1,1.0,1,0.12361072796232835,48
104,4,293,57,236,0,0,0,1.0,1,1.0,1,1.0,1,0.12018725700315888,49
105,2,295,58,237,0,0,0,1.0,1,1.0,1,1.0,1,0.10673985646379697,48
106,2,297,60,237,0,0,0,1.0,1,1.0,1,1.0,1,0.12399110058170668,48
107,2,299,62,237,0,0,0,1.0,1,1.0,1,1.0,1,0.1857975033718015,47
108,1,300,62,238,0,0,0,1.0,1,1.0,1,1.0,1,0.16487663627835344,47
109,4,304,64,240,0,0,0,1.0,1,1.0,1,1.0,1,0.1279807629547105,47
110,2,306,64,242,0,0,0,1.0,1,1.0,1,1.0,1,0.11826836050983093,47
111,3,309,64,245,0,0,0,1.0,1,1.0,1,1.0,1,0.09610863673681556,46
112,4,313,66,247,0,0,0,1.0,1,1.0,1,1.0,1,0.10483162987773335,46
113,3,316,68,248,0,0,0,1.0,1,1.0,1,1.0,1,0.13104302433315831,45
114,2,318,69,249,0,0,0,1.0,1,1.0,1,1.0,1,0.09076769601193944,46
115,3,321,70,251,0,0,0,1.0,1,1.0,1,1.0,1,0.12488126631828034,47
116,1,322,70,252,0,0,0,1.0,1,1.0,1,1.0,1,0.09734039923903459,48
117,2,324,72,252,0,0,0,1.0,1,1.0,1,1.0,1,0.12010970250791629,48
118,0,324,72,252,0,0,0,1.0,1,1.0,1,1.0,1,0.1253710831933027,49
119,1,325,73,252,0,0,0,1.0,1,1.0,1,1.0,1,0.1397875568759662,50
120,4,329,73,256,0,0,0,1.0,1,1.0,1,1.0,1,0.11468134449277678,51
121,0,329,73,256,0,0,0,1.0,1,1.0,1,1.0,1,0.11468134449277678,51
122,1,330,74,256,0,0,0,1.0,1,1.0,1,1.0,1,0.10218154967543085,51
123,0,330,74,256,0,0,0,1.0,1,1.0,1,1.0,1,0.10218154967543085,51
124,0,330,74,256,0,0,0,1.0,1,1.0,1,1.0,1,0.10218154967543085,51
125,2,332,74,258,0,0,0,1.0,1,1.0,1,1.0,1,0.11575598149384213,50
126,6,338,78,260,0,0,0,1.0,1,1.0,1,1.0,1,0.12271959039075234,52
127,3,341,79,262,0,0,0,1.0,1,1.0,1,1.0,1,0.1427752704192031,50
128,1,342,79,263,0,0,0,1.0,1,1.0,1,1.0,1,0.1421524954345093,50
129,5,347,79,268,0,0,0,1.0,1,1.0,1,1.0,1,0.13523253559448273,52
130,2,349,80,269,0,0,0,1.0,1,1.0,1,1.0,1,0.14005839304263415,52
131,2,351,80,271,0,0,0,1.0,1,1.0,1,1.0,1,0.14268971653738566,54
132,6,357,80,277,0,0,0,1.0,1,1.0,1,1.0,1,0.07502578247447701,54
133,1,358,80,278,0,0,0,1.0,1,1.0,1,1.0,1,0.08512381606173951,52
134,0,358,80,278,0,0,0,1.0,1,1.0,1,1.0,1,0.08603615062354956,52
135,5,363,84,279,0,0,0,1.0,1,1.0,1,1.0,1,0.15645514566847246,51
136,2,365,86,279,0,0,0,1.0,1,1.0,1,1.0,1,0.16085729164909396,51
137,3,368,86,282,0,0,0,1.0,1,1.0,1,1.0,1,0.09543985365444768,50
138,6,374,87,287,0,0,0,1.0,1,1.0,1,1.0,1,0.07821304083073158,52
139,0,374,87,287,0,0,0,1.0,1,1.0,1,1.0,1,0.07712219394838489,51
140,4,378,89,289,0,0,0,1.0,1,1.0,1,1.0,1,0.07698408914343302,51
141,2,380,90,290,0,0,0,1.0,1,1.0,1,1.0,1,0.09453234501556007,50
142,3,383,93,290,0,0,0,1.0,1,1.0,1,1.0,1,0.11420435603644548,51
143,0,383,93,290,0,0,0,1.0,1,1.0,1,1.0,1,0.14517349693354586,48
144,1,384,94,290,0,0,0,1.0,1,1.0,1,1.0,1,0.15598916514015135,49
145,4,388,97,291,0,0,0,1.0,1,1.0,1,1.0,1,0.07910868689845622,47
146,8,396,101,295,0,0,0,1.0,1,1.0,1,1.0,1,0.07129604236727247,49
147,3,399,101,298,0,0,0,1.0,1,1.0,1,1.0,1,0.07310380407605507,46
148,4,403,101,302,0,0,0,1.0,1,1.0,1,1.0,1,0.12136027713096147,47
149,5,408,103,305,0,0,0,1.0,1,1.0,1,1.0,1,0.08094711186222629,46
150,0,408,103,305,0,0,0,1.0,1,1.0,1,1.0,1,0.06386343563451777,47
151,1,409,104,305,0,0,0,1.0,1,1.0,1,1.0,1,0.07782090093602878,46
152,0,409,104,305,0,0,0,1.0,1,1.0,1,1.0,1,0.10221838279994658,45
153,3,412,104,308,0,0,0,1.0,1,1.0,1,1.0,1,0.06935491569436425,46
154,0,412,104,308,0,0,0,1.0,1,1.0,1,1.0,1,0.08128716909158946,44
155,3,415,106,309,0,0,0,1.0,1,1.0,1,1.0,1,0.10157092048619618,45
156,1,416,107,309,0,0,0,1.0,1,1.0,1,1.0,1,0.137940224830559,43
157,3,419,107,312,0,0,0,1.0,1,1.0,1,1.0,1,0.09948098491559693,42
158,0,419,107,312,0,0,0,1.0,1,1.0,1,1.0,1,0.11966049952948032,43
159,4,423,109,314,0,0,0,1.0,1,1.0,1,1.0,1,0.17584049292709464,44
160,2,425,109,316,0,0,0,1.0,1,1.0,1,1.0,1,0.14943693983338868,44
161,3,428,111,317,0,0,0,1.0,1,1.0,1,1.0,1,0.15848838540269347,44
162,2,430,112,318,0,0,0,1.0,1,1.0,1,1.0,1,0.1738428791958083,44
163,4,434,115,319,0,0,0,1.0,1,1.0,1,1.0,1,0.21489728702805241,44
164,2,436,115,321,0,0,0,1.0,1,1.0,1,1.0,1,0.20177078828546863,44
165,5,441,117,324,0,0,0,1.0,1,1.0,1,1.0,1,0.14616326729005844,43
166,6,447,118,329,0,0,0,1.0,1,1.0,1,1.0,1,0.10626414083254293,43
167,4,451,120,331,0,0,0,1.0,1,1.0,1,1.0,1,0.11429862134304025,42
168,2,453,120,333,0,0,0,1.0,1,1.0,1,1.0,1,0.131538992863541,40
169,3,456,121,335,0,0,0,1.0,1,1.0,1,1.0,1,0.09562926437417477,41
170,1,457,122,335,0,0,0,1.0,1,1.0,1,1.0,1,0.13250850207480652,39
171,6,463,125,338,0,0,0,1.0,1,1.0,1,1.0,1,0.11663331089193384,39
172,0,463,125,338,0,0,0,1.0,1,1.0,1,1.0,1,0.13919915448242165,38
173,1,464,125,339,0,0,0,1.0,1,1.0,1,1.0,1,0.11677225401744772,38
174,0,464,125,339,0,0,0,1.0,1,1.0,1,1.0,1,0.1663565624215004,37
175,1,465,126,339,0,0,0,1.0,1,1.0,1,1.0,1,0.15843139536344436,36
176,1,466,127,339,0,0,0,1.0,1,1.0,1,1.0,1,0.15375995475304166,36
177,2,468,129,339,0,0,0,1.0,1,1.0,1,1.0,1,0.14014091452238167,38
178,2,470,129,341,0,0,0,1.0,1,1.0,1,1.0,1,0.12824449127301496,39
179,0,470,129,341,0,0,0,1.0,1,1.0,1,1.0,1,0.13915584666346917,40
180,0,470,129,341,0,0,0,1.0,1,1.0,1,1.0,1,0.13915584666346917,40
181,0,470,129,341,0,0,0,1.0,1,1.0,1,1.0,1,0.15660759935587854,39
182,3,473,132,341,0,0,0,1.0,1,1.0,1,1.0,1,0.15627268202877584,40
183,4,477,133,344,0,0,0,1.0,1,1.0,1,1.0,1,0.16572747153447967,40
184,2,479,135,344,0,0,0,1.0,1,1.0,1,1.0,1,0.23172519194537058,38
185,8,487,137,350,0,0,0,1.0,1,1.0,1,1.0,1,0.1504714641469995,38
186,2,489,138,351,0,0,0,1.0,1,1.0,1,1.0,1,0.12130696661246912,37
187,4,493,140,353,0,0,0,1.0,1,1.0,1,1.0,1,0.12996891319776488,36
188,1,494,141,353,0,0,0,1.0,1,1.0,1,1.0,1,0.16182484141518866,36
189,3,497,142,355,0,0,0,1.0,1,1.0,1,1.0,1,0.12531265854896714,36
190,3,500,142,358,0,0,0,1.0,1,1.0,1,1.0,1,0.12222774481280624,36
191,1,501,143,358,0,0,0,1.0,1,1.0,1,1.0,1,0.14489265092987613,37
192,1,502,144,358,0,0,0,1.0,1,1.0,1,1.0,1,0.18548046616154648,37
193,3,505,144,361,0,0,0,1.0,1,1.0,1,1.0,1,0.12500126647004958,38
194,2,507,144,363,0,0,0,1.0,1,1.0,1,1.0,1,0.10843648433896687,39
195,3,510,145,365,0,0,0,1.0,1,1.0,1,1.0,1,0.12102149875596897,40
196,0,510,145,365,0,0,0,1.0,1,1.0,1,1.0,1,0.12102149875596897,40
197,6,516,145,371,0,0,0,1.0,1,1.0,1,1.0,1,0.12197456915575734,40
198,1,517,145,372,0,0,0,1.0,1,1.0,1,1.0,1,0.14104165685526693,40
199,4,521,146,375,0,0,0,1.0,1,1.0,1,1.0,1,0.1775442591974883,40
200,2,523,146,377,0,0,0,1.0,1,1.0,1,1.0,1,0.16340124925148816,40
201,2,525,147,378,0,0,0,1.0,1,1.0,1,1.0,1,0.13511359397003947,39
202,1,526,147,379,0,0,0,1.0,1,1.0,1,1.0,1,0.15016845090169004,40
203,3,529,148,381,0,0,0,1.0,1,1.0,1,1.0,1,0.09922351635003522,39
204,1,530,149,381,0,0,0,1.0,1,1.0,1,1.0,1,0.11721850819729951,38
205,4,534,152,382,0,0,0,1.0,1,1.0,1,1.0,1,0.12126580946744157,37
206,1,535,153,382,0,0,0,1.0,1,1.0,1,1.0,1,0.10261461466864091,36
207,3,538,154,384,0,0,0,1.0,1,1.0,1,1.0,1,0.10618292346803207,37
208,0,538,154,384,0,0,0,1.0,1,1.0,1,1.0,1,0.15356441395985865,36
209,0,538,154,384,0,0,0,1.0,1,1.0,1,1.0,1,0.15356441395985865,36
210,1,539,155,384,0,0,0,1.0,1,1.0,1,1.0,1,0.21303507529967539,36
211,0,539,155,384,0,0,0,1.0,1,1.0,1,1.0,1,0.2458482156081817,34
212,2,541,157,384,0,0,0,1.0,1,1.0,1,1.0,1,0.2624646925947054,34
213,7,548,158,390,0,0,0,1.0,1,1.0,1,1.0,1,0.2292450697631584,36
214,1,549,158,391,0,0,0,1.0,1,1.0,1,1.0,1,0.22739652020825815,35
215,2,551,158,393,0,0,0,1.0,1,1.0,1,1.0,1,0.1592175294448677,35
216,2,553,158,395,0,0,0,1.0,1,1.0,1,1.0,1,0.16345804338874093,37
217,3,556,159,397,0,0,0,1.0,1,1.0,1,1.0,1,0.1445822643994731,37
218,4,560,162,398,0,0,0,1.0,1,1.0,1,1.0,1,0.13891001405831943,37
219,1,561,163,398,0,0,0,1.0,1,1.0,1,1.0,1,0.18034207371932237,37
220,1,562,163,399,0,0,0,1.0,1,1.0,1,1.0,1,0.17434935410469599,38
221,3,565,163,402,0,0,0,1.0,1,1.0,1,1.0,1,0.09965907457971682,39
222,1,566,164,402,0,0,0,1.0,1,1.0,1,1.0,1,0.12112033343392949,39
223,3,569,165,404,0,0,0,1.0,1,1.0,1,1.0,1,0.11480275308204056,40
224,6,575,168,407,0,0,0,1.0,1,1.0,1,1.0,1,0.13018838094890106,40
225,1,576,169,407,0,0,0,1.0,1,1.0,1,1.0,1,0.14128599815991788,39
226,3,579,170,409,0,0,0,1.0,1,1.0,1,1.0,1,0.11384329951056481,39
227,1,580,171,409,0,0,0,1.0,1,1.0,1,1.0,1,0.12548304727754256,39
228,3,583,174,409,0,0,0,1.0,1,1.0,1,1.0,1,0.1981457832345525,38
229,4,587,175,412,0,0,0,1.0,1,1.0,1,1.0,1,0.1331165086605374,39
230,1,588,176,412,0,0,0,1.0,1,1.0,1,1.0,1,0.06341738443496736,38
231,2,590,177,413,0,0,0,1.0,1,1.0,1,1.0,1,0.07955955463732674,38
232,2,592,178,414,0,0,0,1.0,1,1.0,1,1.0,1,0.1220663210343408,37
233,4,596,180,416,0,0,0,1.0,1,1.0,1,1.0,1,0.11925604512293507,36
234,1,597,180,417,0,0,0,1.0,1,1.0,1,1.0,1,0.1317737254920312,34
235,2,599,182,417,0,0,0,1.0,1,1.0,1,1.0,1,0.20004583323168795,34
236,0,599,182,417,0,0,0,1.0,1,1.0,1,1.0,1,0.21879328128835868,33
237,1,600,182,418,0,0,0,1.0,1,1.0,1,1.0,1,0.2102716384962566,32
238,0,600,182,418,0,0,0,1.0,1,1.0,1,1.0,1,0.21129116440671264,32
239,2,602,183,419,0,0,0,1.0,1,1.0,1,1.0,1,0.18568100361500306,31
240,0,602,183,419,0,0,0,1.0,1,1.0,1,1.0,1,0.270144162313894,28
241,2,604,185,419,0,0,0,1.0,1,1.0,1,1.0,1,0.27007412047761464,27
242,2,606,185,421,0,0,0,1.0,1,1.0,1,1.0,1,0.2585994474217546,29
243,1,607,186,421,0,0,0,1.0,1,1.0,1,1.0,1,0.3050976704212515,28
244,1,608,186,422,0,0,0,1.0,1,1.0,1,1.0,1,0.2884280196354268,28
245,4,612,187,425,0,0,0,1.0,1,1.0,1,1.0,1,0.24454534621583973,27
246,2,614,188,426,0,0,0,1.0,1,1.0,1,1.0,1,0.17481486461323215,25
247,2,616,189,427,0,0,0,1.0,1,1.0,1,1.0,1,0.213859740336879,26
248,1,617,189,428,0,0,0,1.0,1,1.0,1,1.0,1,0.20442998207564106,27
249,0,617,189,428,0,0,0,1.0,1,1.0,1,1.0,1,0.18712762344433384,26
250,1,618,189,429,0,0,0,1.0,1,1.0,1,1.0,1,0.18933691223258034,27
251,1,619,189,430,0,0,0,1.0,1,1.0,1,1.0,1,0.1847847727645349,28
252,1,620,189,431,0,0,0,1.0,1,1.0,1,1.0,1,0.19864616906591903,28
253,1,621,190,431,0,0,0,1.0,1,1.0,1,1.0,1,0.20231668960314708,28
254,2,623,190,433,0,0,0,1.0,1,1.0,1,1.0,1,0.21640721175533623,29
255,4,627,191,436,0,0,0,1.0,1,1.0,1,1.0,1,0.23852010861723164,30
256,1,628,191,437,0,0,0,1.0,1,1.0,1,1.0,1,0.23527482660070437,30
257,2,630,191,439,0,0,0,1.0,1,1.0,1,1.0,1,0.20837585230395614,32
258,2,632,192,440,0,0,0,1.0,1,1.0,1,1.0,1,0.24575724210288113,32
259,0,632,192,440,0,0,0,1.0,1,1.0,1,1.0,1,0.24575724210288113,32
260,2,634,192,442,0,0,0,1.0,1,1.0,1,1.0,1,0.17332222674902076,34
261,1,635,192,443,0,0,0,1.0,1,1.0,1,1.0,1,0.17326976297839036,35
262,2,637,194,443,0,0,0,1.0,1,1.0,1,1.0,1,0.26031433981697316,36
263,0,637,194,443,0,0,0,1.0,1,1.0,1,1.0,1,0.2281094879995929,34
264,3,640,195,445,0,0,0,1.0,1,1.0,1,1.0,1,0.19336243997221322,34
265,1,641,195,446,0,0,0,1.0,1,1.0,1,1.0,1,0.1808913861282356,33
266,0,641,195,446,0,0,0,1.0,1,1.0,1,1.0,1,0.18981210470061355,34
267,0,641,195,446,0,0,0,1.0,1,1.0,1,1.0,1,0.1944104165528863,33
268,1,642,195,447,0,0,0,1.0,1,1.0,1,1.0,1,0.20007326483019033,34
269,1,643,196,447,0,0,0,1.0,1,1.0,1,1.0,1,0.20583604154595161,34
270,1,644,196,448,0,0,0,1.0,1,1.0,1,1.0,1,0.19798431720126478,36
271,0,644,196,448,0,0,0,1.0,1,1.0,1,1.0,1,0.19798431720126478,36
272,0,644,196,448,0,0,0,1.0,1,1.0,1,1.0,1,0.2187031048152109,38
273,1,645,196,449,0,0,0,1.0,1,1.0,1,1.0,1,0.20416785323862663,38
274,1,646,197,449,0,0,0,1.0,1,1.0,1,1.0,1,0.21843730359073293,38
275,1,647,197,450,0,0,0,1.0,1,1.0,1,1.0,1,0.21026856923436404,38
276,2,649,197,452,0,0,0,1.0,1,1.0,1,1.0,1,0.21643621971732863,39
277,3,652,198,454,0,0,0,1.0,1,1.0,1,1.0,1,0.1574542589080649,38
278,0,652,198,454,0,0,0,1.0,1,1.0,1,1.0,1,0.18921481593147682,38
279,0,652,198,454,0,0,0,1.0,1,1.0,1,1.0,1,0.17524478811689517,38
280,2,654,200,454,0,0,0,1.0,1,1.0,1,1.0,1,0.21016569255180637,38
281,3,657,200,457,0,0,0,1.0,1,1.0,1,1.0,1,0.11148392864244724,38
282,1,658,200,458,0,0,0,1.0,1,1.0,1,1.0,1,0.09757974551374357,38
283,1,659,201,458,0,0,0,1.0,1,1.0,1,1.0,1,0.12055411220913964,38
284,0,659,201,458,0,0,0,1.0,1,1.0,1,1.0,1,0.124889265392414,39
285,1,660,202,458,0,0,0,1.0,1,1.0,1,1.0,1,0.16423549219538636,39
286,0,660,202,458,0,0,0,1.0,1,1.0,1,1.0,1,0.16423549219538636,39
287,1,661,202,459,0,0,0,1.0,1,1.0,1,1.0,1,0.21432877240789505,39
288,0,661,202,459,0,0,0,1.0,1,1.0,1,1.0,1,0.17447177012989806,39
289,0,661,202,459,0,0,0,1.0,1,1.0,1,1.0,1,0.17447177012989806,39
290,3,664,203,461,0,0,0,1.0,1,1.0,1,1.0,1,0.153009692483192,39
291,3,667,203,464,0,0,0,1.0,1,1.0,1,1.0,1,0.13412137716819542,39
292,7,674,204,470,0,0,0,1.0,1,1.0,1,1.0,1,0.1444661043424746,40
293,4,678,204,474,0,0,0,1.0,1,1.0,1,1.0,1,0.06980068412753891,41
294,0,678,204,474,0,0,0,1.0,1,1.0,1,1.0,1,0.09863753911935086,40
295,1,679,205,474,0,0,0,1.0,1,1.0,1,1.0,1,0.11562453914278208,42
296,2,681,207,474,0,0,0,1.0,1,1.0,1,1.0,1,0.17679361528662924,42
297,3,684,207,477,0,0,0,1.0,1,1.0,1,1.0,1,0.12654412763109438,43
298,4,688,209,479,0,0,0,1.0,1,1.0,1,1.0,1,0.13096807781288528,44
299,2,690,209,481,0,0,0,1.0,1,1.0,1,1.0,1,0.1311899040662956,44
300,3,693,209,484,0,0,0,1.0,1,1.0,1,1.0,1,0.11595569874147905,45
301,4,697,212,485,0,0,0,1.0,1,1.0,1,1.0,1,0.12201614565295184,47
302,5,702,214,488,0,0,0,1.0,1,1.0,1,1.0,1,0.10914091098199634,46
303,2,704,216,488,0,0,0,1.0,1,1.0,1,1.0,1,0.11657731690802671,45
304,3,707,217,490,0,0,0,1.0,1,1.0,1,1.0,1,0.08647612021014843,45
305,0,707,217,490,0,0,0,1.0,1,1.0,1,1.0,1,0.09076431332017958,43
306,1,708,217,491,0,0,0,1.0,1,1.0,1,1.0,1,0.13767841210788853,44
307,2,710,219,491,0,0,0,1.0,1,1.0,1,1.0,1,0.13204409603294517,42
308,3,713,221,492,0,0,0,1.0,1,1.0,1,1.0,1,0.14042255470777154,41
309,3,716,221,495,0,0,0,1.0,1,1.0,1,1.0,1,0.10405775043985774,42
310,1,717,221,496,0,0,0,1.0,1,1.0,1,1.0,1,0.10749465064956279,41
311,0,717,221,496,0,0,0,1.0,1,1.0,1,1.0,1,0.10749465064956279,41
312,3,720,222,498,0,0,0,1.0,1,1.0,1,1.0,1,0.09366176979595815,44
313,0,720,222,498,0,0,0,1.0,1,1.0,1,1.0,1,0.08449596974321978,43
314,2,722,223,499,0,0,0,1.0,1,1.0,1,1.0,1,0.08113340639720344,43
315,1,723,224,499,0,0,0,1.0,1,1.0,1,1.0,1,0.11006308943561163,43
316,7,730,226,504,0,0,0,1.0,1,1.0,1,1.0,1,0.13768162016784316,43
317,2,732,226,506,0,0,0,1.0,1,1.0,1,1.0,1,0.13572484487362363,44
318,3,735,228,507,0,0,0,1.0,1,1.0,1,1.0,1,0.15466670048341938,45
319,1,736,228,508,0,0,0,1.0,1,1.0,1,1.0,1,0.13487407396620896,46
320,0,736,228,508,0,0,0,1.0,1,1.0,1,1.0,1,0.12479398736258379,45
321,0,736,228,508,0,0,0,1.0,1,1.0,1,1.0,1,0.1186014838813084,44
322,1,737,228,509,0,0,0,1.0,1,1.0,1,1.0,1,0.11187114868759233,42
323,2,739,229,510,0,0,0,1.0,1,1.0,1,1.0,1,0.1040259778317858,42
324,0,739,229,510,0,0,0,1.0,1,1.0,1,1.0,1,0.10114171681836016,43
325,3,742,231,511,0,0,0,1.0,1,1.0,1,1.0,1,0.11889514285787876,43
326,2,744,231,513,0,0,0,1.0,1,1.0,1,1.0,1,0.11777626714558015,43
327,2,746,233,513,0,0,0,1.0,1,1.0,1,1.0,1,0.1561745450983333,44
328,0,746,233,513,0,0,0,1.0,1,1.0,1,1.0,1,0.1561745450983333,44
329,5,751,233,518,0,0,0,1.0,1,1.0,1,1.0,1,0.08991867188339311,45
330,2,753,233,520,0,0,0,1.0,1,1.0,1,1.0,1,0.09423857301386548,46
331,0,753,233,520,0,0,0,1.0,1,1.0,1,1.0,1,0.09423857301386548,46
332,1,754,233,521,0,0,0,1.0,1,1.0,1,1.0,1,0.09724772118200584,47
333,2,756,233,523,0,0,0,1.0,1,1.0,1,1.0,1,0.08354269000127407,48
334,0,756,233,523,0,0,0,1.0,1,1.0,1,1.0,1,0.08354269000127407,48
335,2,758,234,524,0,0,0,1.0,1,1.0,1,1.0,1,0.09626807612655623,49
336,1,759,234,525,0,0,0,1.0,1,1.0,1,1.0,1,0.10833430616749232,50
337,0,759,234,525,0,0,0,1.0,1,1.0,1,1.0,1,0.12787912098449836,51
338,1,760,235,525,0,0,0,1.0,1,1.0,1,1.0,1,0.15055378948193773,51
339,3,763,237,526,0,0,0,1.0,1,1.0,1,1.0,1,0.1459218362471133,51
340,1,764,238,526,0,0,0,1.0,1,1.0,1,1.0,1,0.16138293280550073,51
341,3,767,238,529,0,0,0,1.0,1,1.0,1,1.0,1,0.11072493921722068,51
342,1,768,239,529,0,0,0,1.0,1,1.0,1,1.0,1,0.11832293085626179,51
343,1,769,239,530,0,0,0,1.0,1,1.0,1,1.0,1,0.12738151714110948,51
344,1,770,240,530,0,0,0,1.0,1,1.0,1,1.0,1,0.13498896228330315,50
345,2,772,240,532,0,0,0,1.0,1,1.0,1,1.0,1,0.11041351184178437,50
346,3,775,243,532,0,0,0,1.0,1,1.0,1,1.0,1,0.2156280443309765,50
347,1,776,243,533,0,0,0,1.0,1,1.0,1,1.0,1,0.1951863718877616,51
348,3,779,245,534,0,0,0,1.0,1,1.0,1,1.0,1,0.19608275084456955,52
349,6,785,246,539,0,0,0,1.0,1,1.0,1,1.0,1,0.14150325406323128,54
350,3,788,247,541,0,0,0,1.0,1,1.0,1,1.0,1,0.16632573765086625,54
351,4,792,249,543,0,0,0,1.0,1,1.0,1,1.0,1,0.16185659495675714,54
352,0,792,249,543,0,0,0,1.0,1,1.0,1,1.0,1,0.1677877385093497,56
353,2,794,251,543,0,0,0,1.0,1,1.0,1,1.0,1,0.13606569956583453,54
354,0,794,251,543,0,0,0,1.0,1,1.0,1,1.0,1,0.13111280524197372,53
355,3,797,252,545,0,0,0,1.0,1,1.0,1,1.0,1,0.09776564717338025,54
356,2,799,253,546,0,0,0,1.0,1,1.0,1,1.0,1,0.12406466766718827,54
357,3,802,256,546,0,0,0,1.0,1,1.0,1,1.0,1,0.18434881793115465,53
358,2,804,256,548,0,0,0,1.0,1,1.0,1,1.0,1,0.149764790694215,49
359,0,804,256,548,0,0,0,1.0,1,1.0,1,1.0,1,0.164250731686477,48
360,1,805,256,549,0,0,0,1.0,1,1.0,1,1.0,1,0.17153193683370446,47
361,4,809,256,553,0,0,0,1.0,1,1.0,1,1.0,1,0.13944739775223255,46
362,1,810,256,554,0,0,0,1.0,1,1.0,1,1.0,1,0.14391261559219098,46
363,2,812,256,556,0,0,0,1.0,1,1.0,1,1.0,1,0.13321934743307112,47
364,0,812,256,556,0,0,0,1.0,1,1.0,1,1.0,1,0.13321934743307112,47
365,3,815,256,559,0,0,0,1.0,1,1.0,1,1.0,1,0.09572870109983145,47
366,3,818,257,561,0,0,0,1.0,1,1.0,1,1.0,1,0.1312739357268041,50
367,4,822,258,564,0,0,0,1.0,1,1.0,1,1.0,1,0.12210916289527873,50
368,0,822,258,564,0,0,0,1.0,1,1.0,1,1.0,1,0.0996047706753467,51
369,1,823,258,565,0,0,0,1.0,1,1.0,1,1.0,1,0.10617871529969206,51
370,1,824,258,566,0,0,0,1.0,1,1.0,1,1.0,1,0.09156099661890699,51
371,3,827,259,568,0,0,0,1.0,1,1.0,1,1.0,1,0.13988375772610534,52
372,0,827,259,568,0,0,0,1.0,1,1.0,1,1.0,1,0.13890094714898613,53
373,3,830,260,570,0,0,0,1.0,1,1.0,1,1.0,1,0.10538722925928719,53
374,1,831,261,570,0,0,0,1.0,1,1.0,1,1.0,1,0.13401151210323203,53
375,3,834,263,571,0,0,0,1.0,1,1.0,1,1.0,1,0.12854969998050936,53
376,2,836,264,572,0,0,0,1.0,1,1.0,1,1.0,1,0.12502155070745105,53
377,6,842,267,575,0,0,0,1.0,1,1.0,1,1.0,1,0.08104911745442223,53
378,1,843,268,575,0,0,0,1.0,1,1.0,1,1.0,1,0.0920119512402504,53
379,1,844,269,575,0,0,0,1.0,1,1.0,1,1.0,1,0.0830989578378592,54
380,1,845,270,575,0,0,0,1.0,1,1.0,1,1.0,1,0.08639841951167149,54
381,1,846,271,575,0,0,0,1.0,1,1.0,1,1.0,1,0.08336382883015483,54
382,2,848,272,576,0,0,0,1.0,1,1.0,1,1.0,1,0.0912327916864212,55
383,2,850,274,576,0,0,0,1.0,1,1.0,1,1.0,1,0.09688062533227405,55
384,1,851,275,576,0,0,0,1.0,1,1.0,1,1.0,1,0.12376902654890364,54
385,3,854,275,579,0,0,0,1.0,1,1.0,1,1.0,1,0.08026702957404372,52
386,2,856,276,580,0,0,0,1.0,1,1.0,1,1.0,1,0.06786047762775568,52
387,2,858,277,581,0,0,0,1.0,1,1.0,1,1.0,1,0.10566298138352671,50
388,1,859,277,582,0,0,0,1.0,1,1.0,1,1.0,1,0.09333829586027394,52
389,3,862,279,583,0,0,0,1.0,1,1.0,1,1.0,1,0.09070948587868598,51
390,1,863,280,583,0,0,0,1.0,1,1.0,1,1.0,1,0.10694326582827499,50
391,5,868,284,584,0,0,0,1.0,1,1.0,1,1.0,1,0.16088103848007848,49
392,1,869,285,584,0,0,0,1.0,1,1.0,1,1.0,1,0.19757849020003632,47
393,10,879,287,592,0,0,0,1.0,1,1.0,1,1.0,1,0.09261959528355211,47
394,7,886,290,596,0,0,0,1.0,1,1.0,1,1.0,1,0.17226597914996633,48
395,4,890,291,599,0,0,0,1.0,1,1.0,1,1.0,1,0.16917607545253965,46
396,5,895,293,602,0,0,0,1.0,1,1.0,1,1.0,1,0.1792934902746311,43
397,6,901,293,608,0,0,0,1.0,1,1.0,1,1.0,1,0.13004318613833138,42
398,1,902,294,608,0,0,0,1.0,1,1.0,1,1.0,1,0.15073034379448289,40
399,1,903,295,608,0,0,0,1.0,1,1.0,1,1.0,1,0.17049182297404308,39
400,0,903,295,608,0,0,0,1.0,1,1.0,1,1.0,1,0.19734454326287454,38
401,1,904,295,609,0,0,0,1.0,1,1.0,1,1.0,1,0.21059957805257393,37
402,1,905,296,609,0,0,0,1.0,1,1.0,1,1.0,1,0.18167126897386252,36
403,1,906,297,609,0,0,0,1.0,1,1.0,1,1.0,1,0.15993964803099212,38
404,3,909,298,611,0,0,0,1.0,1,1.0,1,1.0,1,0.15074554316331762,39
405,0,909,298,611,0,0,0,1.0,1,1.0,1,1.0,1,0.15294589840406164,40
406,1,910,298,612,0,0,0,1.0,1,1.0,1,1.0,1,0.1191790164065824,41
407,0,910,298,612,0,0,0,1.0,1,1.0,1,1.0,1,0.11197548217603867,42
408,3,913,299,614,0,0,0,1.0,1,1.0,1,1.0,1,0.16637357235424194,43
409,4,917,300,617,0,0,0,1.0,1,1.0,1,1.0,1,0.15072961920073177,44
410,3,920,300,620,0,0,0,1.0,1,1.0,1,1.0,1,0.14003895736288657,46
411,1,921,300,621,0,0,0,1.0,1,1.0,1,1.0,1,0.15621329026080363,46
412,3,924,300,624,0,0,0,1.0,1,1.0,1,1.0,1,0.14588299721207276,47
413,1,925,301,624,0,0,0,1.0,1,1.0,1,1.0,1,0.1666498429123765,47
414,2,927,301,626,0,0,0,1.0,1,1.0,1,1.0,1,0.13588370782497908,47
415,3,930,301,629,0,0,0,1.0,1,1.0,1,1.0,1,0.10945092423368781,48
416,1,931,302,629,0,0,0,1.0,1,1.0,1,1.0,1,0.14349159188074556,49
417,0,931,302,629,0,0,0,1.0,1,1.0,1,1.0,1,0.14349159188074556,49
418,2,933,303,630,0,0,0,1.0,1,1.0,1,1.0,1,0.16195193248280187,50
419,1,934,303,631,0,0,0,1.0,1,1.0,1,1.0,1,0.16210083354415425,50
420,3,937,303,634,0,0,0,1.0,1,1.0,1,1.0,1,0.1375468768567238,50
421,2,939,303,636,0,0,0,1.0,1,1.0,1,1.0,1,0.0884115519428521,50
422,0,939,303,636,0,0,0,1.0,1,1.0,1,1.0,1,0.11153462541464768,50
423,4,943,306,637,0,0,0,1.0,1,1.0,1,1.0,1,0.15127233385660768,51
424,2,945,307,638,0,0,0,1.0,1,1.0,1,1.0,1,0.1451703006610022,49
425,2,947,307,640,0,0,0,1.0,1,1.0,1,1.0,1,0.14630134703417622,48
426,4,951,309,642,0,0,0,1.0,1,1.0,1,1.0,1,0.16661798858427931,50
427,4,955,311,644,0,0,0,1.0,1,1.0,1,1.0,1,0.17066229175304987,48
428,5,960,313,647,0,0,0,1.0,1,1.0,1,1.0,1,0.1797603487643448,49
429,4,964,313,651,0,0,0,1.0,1,1.0,1,1.0,1,0.11220369676653949,45
430,5,969,315,654,0,0,0,1.0,1,1.0,1,1.0,1,0.12206477756258932,44
431,1,970,315,655,0,0,0,1.0,1,1.0,1,1.0,1,0.1265245675331309,42
432,2,972,315,657,0,0,0,1.0,1,1.0,1,1.0,1,0.1511266855058824,40
433,3,975,316,659,0,0,0,1.0,1,1.0,1,1.0,1,0.14821313708653477,39
434,1,976,317,659,0,0,0,1.0,1,1.0,1,1.0,1,0.1382393236735521,39
435,1,977,318,659,0,0,0,1.0,1,1.0,1,1.0,1,0.2155599112009046,38
436,2,979,318,661,0,0,0,1.0,1,1.0,1,1.0,1,0.1636725559792585,38
437,2,981,318,663,0,0,0,1.0,1,1.0,1,1.0,1,0.13786123718533144,39
438,2,983,318,665,0,0,0,1.0,1,1.0,1,1.0,1,0.11907435882602878,38
439,3,986,320,666,0,0,0,1.0,1,1.0,1,1.0,1,0.15952885117640617,39
440,1,987,320,667,0,0,0,1.0,1,1.0,1,1.0,1,0.1146816699592486,39
441,1,988,320,668,0,0,0,1.0,1,1.0,1,1.0,1,0.08991523041698475,41
442,3,991,320,671,0,0,0,1.0,1,1.0,1,1.0,1,0.09644201367599844,42
443,2,993,321,672,0,0,0,1.0,1,1.0,1,1.0,1,0.11179506401428363,42
444,2,995,321,674,0,0,0,1.0,1,1.0,1,1.0,1,0.092888963229411,43
445,2,997,322,675,0,0,0,1.0,1,1.0,1,1.0,1,0.07804584627348297,44
446,1,998,323,675,0,0,0,1.0,1,1.0,1,1.0,1,0.08953333182158178,44
447,1,999,324,675,0,0,0,1.0,1,1.0,1,1.0,1,0.14677719094397873,47
448,1,1000,324,676,0,0,0,1.0,1,1.0,1,1.0,1,0.1482069276706674,46
449,4,1004,324,680,0,0,0,1.0,1,1.0,1,1.0,1,0.10443613618546696,46
450,0,1004,324,680,0,0,0,1.0,1,1.0,1,1.0,1,0.13721471091750229,46
451,1,1005,324,681,0,0,0,1.0,1,1.0,1,1.0,1,0.12096413209951527,47
452,1,1006,324,682,0,0,0,1.0,1,1.0,1,1.0,1,0.13965334893762715,47
453,0,1006,324,682,0,0,0,1.0,1,1.0,1,1.0,1,0.13965334893762715,47
454,1,1007,324,683,0,0,0,1.0,1,1.0,1,1.0,1,0.12660712553915798,46
455,4,1011,325,686,0,0,0,1.0,1,1.0,1,1.0,1,0.08061222011418105,47
456,1,1012,326,686,0,0,0,1.0,1,1.0,1,1.0,1,0.10119332311643979,49
457,3,1015,327,688,0,0,0,1.0,1,1.0,1,1.0,1,0.12254316859113991,50
458,2,1017,327,690,0,0,0,1.0,1,1.0,1,1.0,1,0.0788424668528051,50
459,0,1017,327,690,0,0,0,1.0,1,1.0,1,1.0,1,0.0734714344694226,52
460,0,1017,327,690,0,0,0,1.0,1,1.0,1,1.0,1,0.083494575865399,53
461,0,1017,327,690,0,0,0,1.0,1,1.0,1,1.0,1,0.09964381788392881,54
462,0,1017,327,690,0,0,0,1.0,1,1.0,1,1.0,1,0.09964381788392881,54
463,4,1021,329,692,0,0,0,1.0,1,1.0,1,1.0,1,0.11199320130024241,55
464,3,1024,330,694,0,0,0,1.0,1,1.0,1,1.0,1,0.11432050336696604,56
465,3,1027,332,695,0,0,0,1.0,1,1.0,1,1.0,1,0.10944298965180473,54
466,7,1034,335,699,0,0,0,1.0,1,1.0,1,1.0,1,0.11566915329900296,54
467,3,1037,336,701,0,0,0,1.0,1,1.0,1,1.0,1,0.1415924561496948,51
468,8,1045,342,703,0,0,0,1.0,1,1.0,1,1.0,1,0.18792790035755108,51
469,5,1050,343,707,0,0,0,1.0,1,1.0,1,1.0,1,0.11488699006204782,48
470,2,1052,344,708,0,0,0,1.0,1,1.0,1,1.0,1,0.11095528630379468,47
471,3,1055,346,709,0,0,0,1.0,1,1.0,1,1.0,1,0.14140636741664095,44
472,3,1058,348,710,0,0,0,1.0,1,1.0,1,1.0,1,0.18756987581668277,43
473,5,1063,348,715,0,0,0,1.0,1,1.0,1,1.0,1,0.07963746643671948,41
474,1,1064,348,716,0,0,0,1.0,1,1.0,1,1.0,1,0.10345080209341255,39
475,1,1065,349,716,0,0,0,1.0,1,1.0,1,1.0,1,0.1328965319074396,40
476,9,1074,353,721,0,0,0,1.0,1,1.0,1,1.0,1,0.19541404146610308,38
477,2,1076,353,723,0,0,0,1.0,1,1.0,1,1.0,1,0.14951812821137056,35
478,1,1077,353,724,0,0,0,1.0,1,1.0,1,1.0,1,0.14218655450201187,35
479,2,1079,354,725,0,0,0,1.0,1,1.0,1,1.0,1,0.2171180461533405,32
480,0,1079,354,725,0,0,0,1.0,1,1.0,1,1.0,1,0.22082586045028396,32
481,0,1079,354,725,0,0,0,1.0,1,1.0,1,1.0,1,0.22725904981626696,33
482,5,1084,356,728,0,0,0,1.0,1,1.0,1,1.0,1,0.23480151821756767,34
483,3,1087,357,730,0,0,0,1.0,1,1.0,1,1.0,1,0.19444152981082938,32
484,0,1087,357,730,0,0,0,1.0,1,1.0,1,1.0,1,0.17663789550428158,33
485,5,1092,359,733,0,0,0,1.0,1,1.0,1,1.0,1,0.13575742025256993,34
486,2,1094,359,735,0,0,0,1.0,1,1.0,1,1.0,1,0.13298310066185864,36
487,0,1094,359,735,0,0,0,1.0,1,1.0,1,1.0,1,0.13298310066185864,36
488,1,1095,359,736,0,0,0,1.0,1,1.0,1,1.0,1,0.13571923729096255,37
489,6,1101,361,740,0,0,0,1.0,1,1.0,1,1.0,1,0.10873033849342266,38
490,1,1102,362,740,0,0,0,1.0,1,1.0,1,1.0,1,0.1174605342903722,38
491,0,1102,362,740,0,0,0,1.0,1,1.0,1,1.0,1,0.12204133514053353,37
492,2,1104,363,741,0,0,0,1.0,1,1.0,1,1.0,1,0.12294527703286157,37
493,1,1105,363,742,0,0,0,1.0,1,1.0,1,1.0,1,0.10385128919440838,37
494,5,1110,366,744,0,0,0,1.0,1,1.0,1,1.0,1,0.20017440646709322,39
495,2,1112,366,746,0,0,0,1.0,1,1.0,1,1.0,1,0.19234369186025335,40
496,1,1113,366,747,0,0,0,1.0,1,1.0,1,1.0,1,0.1808090455775282,40
497,4,1117,367,750,0,0,0,1.0,1,1.0,1,1.0,1,0.16049472443518273,43
498,2,1119,367,752,0,0,0,1.0,1,1.0,1,1.0,1,0.14865353647301752,43
499,4,1123,367,756,0,0,0,1.0,1,1.0,1,1.0,1,0.12836487746778574,44
500,1,1124,368,756,0,0,0,1.0,1,1.0,1,1.0,1,0.143132388390267,45
501,2,1126,368,758,0,0,0,1.0,1,1.0,1,1.0,1,0.13111678364015777,45
502,1,1127,369,758,0,0,0,1.0,1,1.0,1,1.0,1,0.11811470565492978,45
503,2,1129,371,758,0,0,0,1.0,1,1.0,1,1.0,1,0.15919610519618752,46
504,5,1134,373,761,0,0,0,1.0,1,1.0,1,1.0,1,0.14888201655996583,47
505,1,1135,373,762,0,0,0,1.0,1,1.0,1,1.0,1,0.1793540751069919,42
506,3,1138,376,762,0,0,0,1.0,1,1.0,1,1.0,1,0.2280751008580406,41
507,3,1141,377,764,0,0,0,1.0,1,1.0,1,1.0,1,0.1866817221327336,38
508,1,1142,378,764,0,0,0,1.0,1,1.0,1,1.0,1,0.24334375706828534,38
509,4,1146,378,768,0,0,0,1.0,1,1.0,1,1.0,1,0.22910803409219346,37
510,0,1146,378,768,0,0,0,1.0,1,1.0,1,1.0,1,0.2238310999020229,36
511,0,1146,378,768,0,0,0,1.0,1,1.0,1,1.0,1,0.23869294286830317,34
512,0,1146,378,768,0,0,0,1.0,1,1.0,1,1.0,1,0.23857215161226672,32
513,3,1149,378,771,0,0,0,1.0,1,1.0,1,1.0,1,0.12819431510630147,32
514,1,1150,378,772,0,0,0,1.0,1,1.0,1,1.0,1,0.129982695642856,35
515,4,1154,378,776,0,0,0,1.0,1,1.0,1,1.0,1,0.1092602744017879,35
516,2,1156,378,778,0,0,0,1.0,1,1.0,1,1.0,1,0.11046994919402016,36
517,1,1157,378,779,0,0,0,1.0,1,1.0,1,1.0,1,0.09270030730779305,36
518,1,1158,378,780,0,0,0,1.0,1,1.0,1,1.0,1,0.11254776153320535,39
519,1,1159,379,780,0,0,0,1.0,1,1.0,1,1.0,1,0.10710994963415246,39
520,3,1162,380,782,0,0,0,1.0,1,1.0,1,1.0,1,0.14518361614925443,39
521,2,1164,380,784,0,0,0,1.0,1,1.0,1,1.0,1,0.10753984456102124,40
522,1,1165,381,784,0,0,0,1.0,1,1.0,1,1.0,1,0.09610649529214664,40
523,1,1166,381,785,0,0,0,1.0,1,1.0,1,1.0,1,0.11105924848621947,41
524,1,1167,382,785,0,0,0,1.0,1,1.0,1,1.0,1,0.0924052553841128,41
525,2,1169,383,786,0,0,0,1.0,1,1.0,1,1.0,1,0.10435921722812154,40
526,1,1170,384,786,0,0,0,1.0,1,1.0,1,1.0,1,0.15469557448290847,40
527,0,1170,384,786,0,0,0,1.0,1,1.0,1,1.0,1,0.15469557448290847,40
528,1,1171,385,786,0,0,0,1.0,1,1.0,1,1.0,1,0.1442201880491837,40
529,0,1171,385,786,0,0,0,1.0,1,1.0,1,1.0,1,0.16086555026567892,39
530,0,1171,385,786,0,0,0,1.0,1,1.0,1,1.0,1,0.16086555026567892,39
531,0,1171,385,786,0,0,0,1.0,1,1.0,1,1.0,1,0.16830778807098631,39
532,1,1172,386,786,0,0,0,1.0,1,1.0,1,1.0,1,0.2054487091832837,40
533,8,1180,388,792,0,0,0,1.0,1,1.0,1,1.0,1,0.12212523046921728,40
534,2,1182,388,794,0,0,0,1.0,1,1.0,1,1.0,1,0.13180558171057422,42
535,1,1183,388,795,0,0,0,1.0,1,1.0,1,1.0,1,0.1324486780322701,42
536,0,1183,388,795,0,0,0,1.0,1,1.0,1,1.0,1,0.143960985419339,43
537,0,1183,388,795,0,0,0,1.0,1,1.0,1,1.0,1,0.143960985419339,43
538,2,1185,389,796,0,0,0,1.0,1,1.0,1,1.0,1,0.14503068000108785,44
539,1,1186,390,796,0,0,0,1.0,1,1.0,1,1.0,1,0.16865563174592713,44
540,1,1187,390,797,0,0,0,1.0,1,1.0,1,1.0,1,0.16464677820041887,44
541,3,1190,391,799,0,0,0,1.0,1,1.0,1,1.0,1,0.10745105557810361,45
542,2,1192,392,800,0,0,0,1.0,1,1.0,1,1.0,1,0.11729869474078114,46
543,1,1193,392,801,0,0,0,1.0,1,1.0,1,1.0,1,0.12530907493618335,43
544,1,1194,393,801,0,0,0,1.0,1,1.0,1,1.0,1,0.12982903147549435,42
545,4,1198,395,803,0,0,0,1.0,1,1.0,1,1.0,1,0.15518534766823477,43
546,3,1201,397,804,0,0,0,1.0,1,1.0,1,1.0,1,0.16514368483264366,41
547,2,1203,397,806,0,0,0,1.0,1,1.0,1,1.0,1,0.1524500849887489,40
548,4,1207,400,807,0,0,0,1.0,1,1.0,1,1.0,1,0.20128522952791547,40
549,2,1209,401,808,0,0,0,1.0,1,1.0,1,1.0,1,0.1676507703464558,39
550,1,1210,402,808,0,0,0,1.0,1,1.0,1,1.0,1,0.19750973908459837,38
551,5,1215,404,811,0,0,0,1.0,1,1.0,1,1.0,1,0.20280708123420335,38
552,3,1218,405,813,0,0,0,1.0,1,1.0,1,1.0,1,0.16389437954430608,39
553,3,1221,405,816,0,0,0,1.0,1,1.0,1,1.0,1,0.10953967065247909,38
554,1,1222,406,816,0,0,0,1.0,1,1.0,1,1.0,1,0.15107559140695825,39
555,2,1224,406,818,0,0,0,1.0,1,1.0,1,1.0,1,0.09711355856666697,39
556,2,1226,407,819,0,0,0,1.0,1,1.0,1,1.0,1,0.09366332324952724,40
557,0,1226,407,819,0,0,0,1.0,1,1.0,1,1.0,1,0.08717373816105964,40
558,0,1226,407,819,0,0,0,1.0,1,1.0,1,1.0,1,0.08717373816105964,40
559,0,1226,407,819,0,0,0,1.0,1,1.0,1,1.0,1,0.08717373816105964,40
560,0,1226,407,819,0,0,0,1.0,1,1.0,1,1.0,1,0.07316957576923888,41
561,1,1227,408,819,0,0,0,1.0,1,1.0,1,1.0,1,0.13246352784887952,42
562,1,1228,409,819,0,0,0,1.0,1,1.0,1,1.0,1,0.17708813662230402,42
563,2,1230,410,820,0,0,0,1.0,1,1.0,1,1.0,1,0.18496996926751344,42
564,1,1231,410,821,0,0,0,1.0,1,1.0,1,1.0,1,0.19311760820097512,43
565,2,1233,410,823,0,0,0,1.0,1,1.0,1,1.0,1,0.17387437156429383,44
566,0,1233,410,823,0,0,0,1.0,1,1.0,1,1.0,1,0.17393801030539713,45
567,1,1234,411,823,0,0,0,1.0,1,1.0,1,1.0,1,0.2016445430372902,45
568,2,1236,412,824,0,0,0,1.0,1,1.0,1,1.0,1,0.18452498853707117,46
569,6,1242,414,828,0,0,0,1.0,1,1.0,1,1.0,1,0.16229461793923985,47
570,1,1243,415,828,0,0,0,1.0,1,1.0,1,1.0,1,0.1903203996415786,48
571,2,1245,416,829,0,0,0,1.0,1,1.0,1,1.0,1,0.19925359608636245,48
572,0,1245,416,829,0,0,0,1.0,1,1.0,1,1.0,1,0.19387012159169006,47
573,2,1247,416,831,0,0,0,1.0,1,1.0,1,1.0,1,0.17456233898441595,49
574,1,1248,416,832,0,0,0,1.0,1,1.0,1,1.0,1,0.15534218884482717,49
575,2,1250,416,834,0,0,0,1.0,1,1.0,1,1.0,1,0.10584232323726368,50
576,3,1253,416,837,0,0,0,1.0,1,1.0,1,1.0,1,0.10834607308512141,51
577,0,1253,416,837,0,0,0,1.0,1,1.0,1,1.0,1,0.10834607308512141,51
578,1,1254,416,838,0,0,0,1.0,1,1.0,1,1.0,1,0.09520621023207029,51
579,1,1255,417,838,0,0,0,1.0,1,1.0,1,1.0,1,0.11480457474591531,52
580,1,1256,417,839,0,0,0,1.0,1,1.0,1,1.0,1,0.1379460966916055,52
581,3,1259,418,841,0,0,0,1.0,1,1.0,1,1.0,1,0.12856701891094988,52
582,3,1262,419,843,0,0,0,1.0,1,1.0,1,1.0,1,0.1363157771812374,53
583,3,1265,420,845,0,0,0,1.0,1,1.0,1,1.0,1,0.15967683706395402,51
584,6,1271,423,848,0,0,0,1.0,1,1.0,1,1.0,1,0.1291608841873137,51
585,4,1275,426,849,0,0,0,1.0,1,1.0,1,1.0,1,0.13724086332405733,49
586,2,1277,427,850,0,0,0,1.0,1,1.0,1,1.0,1,0.09933703321968686,49
587,1,1278,428,850,0,0,0,1.0,1,1.0,1,1.0,1,0.13726212169887433,48
588,1,1279,429,850,0,0,0,1.0,1,1.0,1,1.0,1,0.10629770202720443,46
589,2,1281,430,851,0,0,0,1.0,1,1.0,1,1.0,1,0.08919271496938909,48
590,2,1283,431,852,0,0,0,1.0,1,1.0,1,1.0,1,0.11721692260988616,47
591,3,1286,433,853,0,0,0,1.0,1,1.0,1,1.0,1,0.1397632229355866,48
592,2,1288,434,854,0,0,0,1.0,1,1.0,1,1.0,1,0.20200362811836733,47
593,4,1292,436,856,0,0,0,1.0,1,1.0,1,1.0,1,0.15154146388877343,45
594,2,1294,437,857,0,0,0,1.0,1,1.0,1,1.0,1,0.1274566130870327,44
595,1,1295,438,857,0,0,0,1.0,1,1.0,1,1.0,1,0.14994808209181779,43
596,3,1298,440,858,0,0,0,1.0,1,1.0,1,1.0,1,0.19270694691485848,44
597,3,1301,441,860,0,0,0,1.0,1,1.0,1,1.0,1,0.1400058095422967,43
598,4,1305,443,862,0,0,0,1.0,1,1.0,1,1.0,1,0.1490029678650357,45
599,2,1307,444,863,0,0,0,1.0,1,1.0,1,1.0,1,0.1317919875027625,44
600,0,1307,444,863,0,0,0,1.0,1,1.0,1,1.0,1,0.1317919875027625,44
601,2,1309,445,864,0,0,0,1.0,1,1.0,1,1.0,1,0.1535170944883187,45
602,3,1312,446,866,0,0,0,1.0,1,1.0,1,1.0,1,0.19560507078479145,46
603,0,1312,446,866,0,0,0,1.0,1,1.0,1,1.0,1,0.20841359586911895,46
604,1,1313,446,867,0,0,0,1.0,1,1.0,1,1.0,1,0.18638577566597966,47
605,2,1315,447,868,0,0,0,1.0,1,1.0,1,1.0,1,0.13204349285334527,47
606,0,1315,447,868,0,0,0,1.0,1,1.0,1,1.0,1,0.14329763154951117,47
607,0,1315,447,868,0,0,0,1.0,1,1.0,1,1.0,1,0.1567803322705479,48
608,0,1315,447,868,0,0,0,1.0,1,1.0,1,1.0,1,0.18290864267181664,47
609,2,1317,447,870,0,0,0,1.0,1,1.0,1,1.0,1,0.15333296466842358,48
610,3,1320,447,873,0,0,0,1.0,1,1.0,1,1.0,1,0.1485485042513083,48
611,1,1321,447,874,0,0,0,1.0,1,1.0,1,1.0,1,0.13613343020554344,49
612,4,1325,447,878,0,0,0,1.0,1,1.0,1,1.0,1,0.06593661516341384,50
613,0,1325,447,878,0,0,0,1.0,1,1.0,1,1.0,1,0.06593661516341384,50
614,0,1325,447,878,0,0,0,1.0,1,1.0,1,1.0,1,0.06593661516341384,50
615,1,1326,448,878,0,0,0,1.0,1,1.0,1,1.0,1,0.07948588681660332,50
616,0,1326,448,878,0,0,0,1.0,1,1.0,1,1.0,1,0.07948588681660332,50
617,3,1329,449,880,0,0,0,1.0,1,1.0,1,1.0,1,0.09500492661842279,52
618,0,1329,449,880,0,0,0,1.0,1,1.0,1,1.0,1,0.09500492661842279,52
619,1,1330,450,880,0,0,0,1.0,1,1.0,1,1.0,1,0.09712356160675978,50
620,1,1331,450,881,0,0,0,1.0,1,1.0,1,1.0,1,0.09008430715677687,50
621,2,1333,452,881,0,0,0,1.0,1,1.0,1,1.0,1,0.11537224039090199,49
622,2,1335,453,882,0,0,0,1.0,1,1.0,1,1.0,1,0.1386056441294927,49
623,6,1341,456,885,0,0,0,1.0,1,1.0,1,1.0,1,0.1665165667422127,48
624,0,1341,456,885,0,0,0,1.0,1,1.0,1,1.0,1,0.18534996494981712,46
625,7,1348,458,890,0,0,0,1.0,1,1.0,1,1.0,1,0.10867457120442296,45
626,2,1350,459,891,0,0,0,1.0,1,1.0,1,1.0,1,0.08180685729898685,44
627,2,1352,459,893,0,0,0,1.0,1,1.0,1,1.0,1,0.09182336261511269,44
628,4,1356,463,893,0,0,0,1.0,1,1.0,1,1.0,1,0.18725056209469892,44
629,2,1358,464,894,0,0,0,1.0,1,1.0,1,1.0,1,0.11975113831882107,41
630,3,1361,465,896,0,0,0,1.0,1,1.0,1,1.0,1,0.13797150138428693,40
631,5,1366,468,898,0,0,0,1.0,1,1.0,1,1.0,1,0.21881899039967617,38
632,6,1372,471,901,0,0,0,1.0,1,1.0,1,1.0,1,0.2207854243156171,38
633,1,1373,471,902,0,0,0,1.0,1,1.0,1,1.0,1,0.2267320865461277,36
634,0,1373,471,902,0,0,0,1.0,1,1.0,1,1.0,1,0.2250408149634608,35
635,1,1374,472,902,0,0,0,1.0,1,1.0,1,1.0,1,0.2388942706134781,35
636,3,1377,473,904,0,0,0,1.0,1,1.0,1,1.0,1,0.21469503194482994,36
637,3,1380,473,907,0,0,0,1.0,1,1.0,1,1.0,1,0.18209512350644438,35
638,0,1380,473,907,0,0,0,1.0,1,1.0,1,1.0,1,0.2098597894365822,34
639,3,1383,474,909,0,0,0,1.0,1,1.0,1,1.0,1,0.17878020895187902,36
640,4,1387,474,913,0,0,0,1.0,1,1.0,1,1.0,1,0.12476960359003807,37
641,0,1387,474,913,0,0,0,1.0,1,1.0,1,1.0,1,0.12476960359003807,37
642,0,1387,474,913,0,0,0,1.0,1,1.0,1,1.0,1,0.09609882562275854,38
643,2,1389,475,914,0,0,0,1.0,1,1.0,1,1.0,1,0.07741770848868676,39
644,2,1391,476,915,0,0,0,1.0,1,1.0,1,1.0,1,0.11740409468215764,39
645,0,1391,476,915,0,0,0,1.0,1,1.0,1,1.0,1,0.15166750189134767,39
646,2,1393,477,916,0,0,0,1.0,1,1.0,1,1.0,1,0.20835318764563998,40
647,0,1393,477,916,0,0,0,1.0,1,1.0,1,1.0,1,0.20835318764563998,40
648,2,1395,478,917,0,0,0,1.0,1,1.0,1,1.0,1,0.21556180296666125,40
649,6,1401,478,923,0,0,0,1.0,1,1.0,1,1.0,1,0.12272053257243379,40
650,1,1402,479,923,0,0,0,1.0,1,1.0,1,1.0,1,0.15225069454323512,41
651,2,1404,479,925,0,0,0,1.0,1,1.0,1,1.0,1,0.14231908066512777,42
652,1,1405,479,926,0,0,0,1.0,1,1.0,1,1.0,1,0.1425414988745495,41
653,1,1406,479,927,0,0,0,1.0,1,1.0,1,1.0,1,0.12156217857082234,41
654,3,1409,480,929,0,0,0,1.0,1,1.0,1,1.0,1,0.12639728418529358,42
655,2,1411,480,931,0,0,0,1.0,1,1.0,1,1.0,1,0.1276573533691429,45
656,5,1416,482,934,0,0,0,1.0,1,1.0,1,1.0,1,0.15346987984773053,45
657,2,1418,482,936,0,0,0,1.0,1,1.0,1,1.0,1,0.14697137353150197,43
658,3,1421,485,936,0,0,0,1.0,1,1.0,1,1.0,1,0.229587053167228,43
659,2,1423,486,937,0,0,0,1.0,1,1.0,1,1.0,1,0.20331525867145428,43
660,0,1423,486,937,0,0,0,1.0,1,1.0,1,1.0,1,0.21789765149920293,43
661,0,1423,486,937,0,0,0,1.0,1,1.0,1,1.0,1,0.2518671434503627,41
662,3,1426,487,939,0,0,0,1.0,1,1.0,1,1.0,1,0.21897877699261897,40
663,0,1426,487,939,0,0,0,1.0,1,1.0,1,1.0,1,0.20906448426965377,39
664,4,1430,490,940,0,0,0,1.0,1,1.0,1,1.0,1,0.2601027355103398,36
665,4,1434,491,943,0,0,0,1.0,1,1.0,1,1.0,1,0.1597482031114886,36
666,2,1436,492,944,0,0,0,1.0,1,1.0,1,1.0,1,0.14963709580844237,36
667,1,1437,493,944,0,0,0,1.0,1,1.0,1,1.0,1,0.1568787258763127,35
668,2,1439,495,944,0,0,0,1.0,1,1.0,1,1.0,1,0.16937429952035413,34
669,2,1441,497,944,0,0,0,1.0,1,1.0,1,1.0,1,0.17976249100586705,34
670,1,1442,498,944,0,0,0,1.0,1,1.0,1,1.0,1,0.20103899773099135,32
671,2,1444,499,945,0,0,0,1.0,1,1.0,1,1.0,1,0.18446659692286207,33
672,0,1444,499,945,0,0,0,1.0,1,1.0,1,1.0,1,0.2102317039917719,32
673,2,1446,499,947,0,0,0,1.0,1,1.0,1,1.0,1,0.15399564151748235,32
674,1,1447,500,947,0,0,0,1.0,1,1.0,1,1.0,1,0.1903834430255605,32
675,5,1452,502,950,0,0,0,1.0,1,1.0,1,1.0,1,0.2118021823255891,34
676,4,1456,502,954,0,0,0,1.0,1,1.0,1,1.0,1,0.1401740722740489,35
677,1,1457,502,955,0,0,0,1.0,1,1.0,1,1.0,1,0.09107335771817669,35
678,0,1457,502,955,0,0,0,1.0,1,1.0,1,1.0,1,0.09107335771817669,35
679,2,1459,504,955,0,0,0,1.0,1,1.0,1,1.0,1,0.13143812527610368,36
680,1,1460,505,955,0,0,0,1.0,1,1.0,1,1.0,1,0.1542216029095975,37
681,1,1461,505,956,0,0,0,1.0,1,1.0,1,1.0,1,0.12389831915278053,37
682,0,1461,505,956,0,0,0,1.0,1,1.0,1,1.0,1,0.12389831915278053,37
683,5,1466,506,960,0,0,0,1.0,1,1.0,1,1.0,1,0.08414505677845141,38
684,3,1469,507,962,0,0,0,1.0,1,1.0,1,1.0,1,0.11735345070226844,39
685,0,1469,507,962,0,0,0,1.0,1,1.0,1,1.0,1,0.10720228808063466,38
686,0,1469,507,962,0,0,0,1.0,1,1.0,1,1.0,1,0.13910462071412524,37
687,4,1473,509,964,0,0,0,1.0,1,1.0,1,1.0,1,0.17576693447685224,38
688,2,1475,509,966,0,0,0,1.0,1,1.0,1,1.0,1,0.1820019367565865,37
689,1,1476,509,967,0,0,0,1.0,1,1.0,1,1.0,1,0.17906905971623951,39
690,0,1476,509,967,0,0,0,1.0,1,1.0,1,1.0,1,0.19085096562801676,38
691,2,1478,510,968,0,0,0,1.0,1,1.0,1,1.0,1,0.14143582819561906,38
692,1,1479,510,969,0,0,0,1.0,1,1.0,1,1.0,1,0.13161402040127806,38
693,4,1483,511,972,0,0,0,1.0,1,1.0,1,1.0,1,0.11811619444344176,40
694,4,1487,514,973,0,0,0,1.0,1,1.0,1,1.0,1,0.1588759398397294,42
695,3,1490,517,973,0,0,0,1.0,1,1.0,1,1.0,1,0.22216502776357264,40
696,3,1493,518,975,0,0,0,1.0,1,1.0,1,1.0,1,0.24182731471523994,39
697,5,1498,519,979,0,0,0,1.0,1,1.0,1,1.0,1,0.178071374736735,39
698,2,1500,519,981,0,0,0,1.0,1,1.0,1,1.0,1,0.1556162191411982,37
699,0,1500,519,981,0,0,0,1.0,1,1.0,1,1.0,1,0.1427213567229831,37
700,2,1502,519,983,0,0,0,1.0,1,1.0,1,1.0,1,0.13119726397418585,37
701,2,1504,520,984,0,0,0,1.0,1,1.0,1,1.0,1,0.08595530402095121,37
702,1,1505,521,984,0,0,0,1.0,1,1.0,1,1.0,1,0.14465109085047648,38
703,1,1506,522,984,0,0,0,1.0,1,1.0,1,1.0,1,0.17553615052318527,36
704,2,1508,524,984,0,0,0,1.0,1,1.0,1,1.0,1,0.1704715656336746,36
705,3,1511,526,985,0,0,0,1.0,1,1.0,1,1.0,1,0.176098309101905,36
706,7,1518,531,987,0,0,0,1.0,1,1.0,1,1.0,1,0.20091665043380091,35
707,3,1521,532,989,0,0,0,1.0,1,1.0,1,1.0,1,0.19445727456686973,36
708,6,1527,535,992,0,0,0,1.0,1,1.0,1,1.0,1,0.21183937250324586,36
709,4,1531,536,995,0,0,0,1.0,1,1.0,1,1.0,1,0.14741840312565876,34
710,1,1532,537,995,0,0,0,1.0,1,1.0,1,1.0,1,0.1399204373058328,34
711,0,1532,537,995,0,0,0,1.0,1,1.0,1,1.0,1,0.13478938422454742,34
712,2,1534,538,996,0,0,0,1.0,1,1.0,1,1.0,1,0.16472443029491815,35
713,1,1535,539,996,0,0,0,1.0,1,1.0,1,1.0,1,0.15944374362567548,34
714,2,1537,540,997,0,0,0,1.0,1,1.0,1,1.0,1,0.1574129062416526,34
715,1,1538,540,998,0,0,0,1.0,1,1.0,1,1.0,1,0.17055522067421375,35
716,0,1538,540,998,0,0,0,1.0,1,1.0,1,1.0,1,0.16781309086147084,33
717,3,1541,542,999,0,0,0,1.0,1,1.0,1,1.0,1,0.24351830081093767,33
718,5,1546,543,1003,0,0,0,1.0,1,1.0,1,1.0,1,0.19946910819988597,32
719,0,1546,543,1003,0,0,0,1.0,1,1.0,1,1.0,1,0.19946910819988597,32
720,2,1548,543,1005,0,0,0,1.0,1,1.0,1,1.0,1,0.1390270333951802,33
721,0,1548,543,1005,0,0,0,1.0,1,1.0,1,1.0,1,0.1390270333951802,33
722,1,1549,544,1005,0,0,0,1.0,1,1.0,1,1.0,1,0.18275072857618724,34
723,2,1551,545,1006,0,0,0,1.0,1,1.0,1,1.0,1,0.20136261635164363,34
724,2,1553,545,1008,0,0,0,1.0,1,1.0,1,1.0,1,0.17758829346841096,36
725,3,1556,546,1010,0,0,0,1.0,1,1.0,1,1.0,1,0.18880956070227317,36
726,1,1557,546,1011,0,0,0,1.0,1,1.0,1,1.0,1,0.15892360358291957,36
727,0,1557,546,1011,0,0,0,1.0,1,1.0,1,1.0,1,0.15892360358291957,36
728,2,1559,546,1013,0,0,0,1.0,1,1.0,1,1.0,1,0.16049894699674774,37
729,2,1561,546,1015,0,0,0,1.0,1,1.0,1,1.0,1,0.1008724534399119,37
730,0,1561,546,1015,0,0,0,1.0,1,1.0,1,1.0,1,0.10424905820524859,38
731,2,1563,547,1016,0,0,0,1.0,1,1.0,1,1.0,1,0.16965585642910305,39
732,3,1566,547,1019,0,0,0,1.0,1,1.0,1,1.0,1,0.1320321277468215,41
733,3,1569,548,1021,0,0,0,1.0,1,1.0,1,1.0,1,0.06451030357572109,39
734,1,1570,549,1021,0,0,0,1.0,1,1.0,1,1.0,1,0.12033068822431585,39
735,0,1570,549,1021,0,0,0,1.0,1,1.0,1,1.0,1,0.12128914713121114,39
736,0,1570,549,1021,0,0,0,1.0,1,1.0,1,1.0,1,0.1345346796883284,38
737,4,1574,552,1022,0,0,0,1.0,1,1.0,1,1.0,1,0.13545961145257052,39
738,1,1575,552,1023,0,0,0,1.0,1,1.0,1,1.0,1,0.15237944188410532,37
739,1,1576,553,1023,0,0,0,1.0,1,1.0,1,1.0,1,0.1694138494769978,37
740,0,1576,553,1023,0,0,0,1.0,1,1.0,1,1.0,1,0.16661126786682837,35
741,1,1577,554,1023,0,0,0,1.0,1,1.0,1,1.0,1,0.22643045229047978,33
742,3,1580,555,1025,0,0,0,1.0,1,1.0,1,1.0,1,0.16854318880487953,35
743,2,1582,557,1025,0,0,0,1.0,1,1.0,1,1.0,1,0.22525990424606276,35
744,2,1584,559,1025,0,0,0,1.0,1,1.0,1,1.0,1,0.19467149485405338,34
745,6,1590,561,1029,0,0,0,1.0,1,1.0,1,1.0,1,0.13177846428045228,34
746,2,1592,562,1030,0,0,0,1.0,1,1.0,1,1.0,1,0.11139976514519473,33
747,1,1593,562,1031,0,0,0,1.0,1,1.0,1,1.0,1,0.12535719805790788,32
748,0,1593,562,1031,0,0,0,1.0,1,1.0,1,1.0,1,0.1433390014113405,33
749,1,1594,562,1032,0,0,0,1.0,1,1.0,1,1.0,1,0.10996100803284914,33
750,2,1596,562,1034,0,0,0,1.0,1,1.0,1,1.0,1,0.09651543918677309,34
751,1,1597,563,1034,0,0,0,1.0,1,1.0,1,1.0,1,0.0993565055984533,36
752,1,1598,564,1034,0,0,0,1.0,1,1.0,1,1.0,1,0.06001541424313195,35
753,2,1600,566,1034,0,0,0,1.0,1,1.0,1,1.0,1,0.14420946734758358,37
754,5,1605,568,1037,0,0,0,1.0,1,1.0,1,1.0,1,0.12964197909295472,37
755,2,1607,569,1038,0,0,0,1.0,1,1.0,1,1.0,1,0.1493562938770886,35
756,3,1610,570,1040,0,0,0,1.0,1,1.0,1,1.0,1,0.19287852685332496,36
757,5,1615,570,1045,0,0,0,1.0,1,1.0,1,1.0,1,0.09425961380616185,35
758,0,1615,570,1045,0,0,0,1.0,1,1.0,1,1.0,1,0.09478219066126603,36
759,2,1617,571,1046,0,0,0,1.0,1,1.0,1,1.0,1,0.1083401028158267,37
760,2,1619,571,1048,0,0,0,1.0,1,1.0,1,1.0,1,0.13802841335364033,36
761,2,1621,571,1050,0,0,0,1.0,1,1.0,1,1.0,1,0.08379675369976335,36
762,0,1621,571,1050,0,0,0,1.0,1,1.0,1,1.0,1,0.09236994497429836,37
763,0,1621,571,1050,0,0,0,1.0,1,1.0,1,1.0,1,0.09506917146645069,38
764,0,1621,571,1050,0,0,0,1.0,1,1.0,1,1.0,1,0.09506917146645069,38
765,0,1621,571,1050,0,0,0,1.0,1,1.0,1,1.0,1,0.09506917146645069,38
766,0,1621,571,1050,0,0,0,1.0,1,1.0,1,1.0,1,0.07267935633424048,40
767,0,1621,571,1050,0,0,0,1.0,1,1.0,1,1.0,1,0.09332937193151862,41
768,1,1622,572,1050,0,0,0,1.0,1,1.0,1,1.0,1,0.12515188237461033,41
769,0,1622,572,1050,0,0,0,1.0,1,1.0,1,1.0,1,0.13864828453248962,42
770,2,1624,573,1051,0,0,0,1.0,1,1.0,1,1.0,1,0.13314105108930013,41
771,1,1625,574,1051,0,0,0,1.0,1,1.0,1,1.0,1,0.1524887655782769,41
772,2,1627,575,1052,0,0,0,1.0,1,1.0,1,1.0,1,0.1407460449891434,41
773,4,1631,575,1056,0,0,0,1.0,1,1.0,1,1.0,1,0.08703958612148513,41
774,3,1634,577,1057,0,0,0,1.0,1,1.0,1,1.0,1,0.13366541015331385,42
775,0,1634,577,1057,0,0,0,1.0,1,1.0,1,1.0,1,0.13366541015331385,42
776,0,1634,577,1057,0,0,0,1.0,1,1.0,1,1.0,1,0.13366541015331385,42
777,0,1634,577,1057,0,0,0,1.0,1,1.0,1,1.0,1,0.13366541015331385,42
778,2,1636,577,1059,0,0,0,1.0,1,1.0,1,1.0,1,0.11674827292666051,44
779,1,1637,577,1060,0,0,0,1.0,1,1.0,1,1.0,1,0.09442970687795739,44
780,0,1637,577,1060,0,0,0,1.0,1,1.0,1,1.0,1,0.09442970687795739,44
781,0,1637,577,1060,0,0,0,1.0,1,1.0,1,1.0,1,0.10892261459240268,46
782,4,1641,579,1062,0,0,0,1.0,1,1.0,1,1.0,1,0.11061123538896477,45
783,1,1642,580,1062,0,0,0,1.0,1,1.0,1,1.0,1,0.15794489963810662,44
784,4,1646,582,1064,0,0,0,1.0,1,1.0,1,1.0,1,0.15557071758103042,44
785,5,1651,582,1069,0,0,0,1.0,1,1.0,1,1.0,1,0.12465697686314495,43
786,0,1651,582,1069,0,0,0,1.0,1,1.0,1,1.0,1,0.12465697686314495,43
787,1,1652,583,1069,0,0,0,1.0,1,1.0,1,1.0,1,0.1211867956188407,43
788,2,1654,584,1070,0,0,0,1.0,1,1.0,1,1.0,1,0.13635688866298584,45
789,4,1658,585,1073,0,0,0,1.0,1,1.0,1,1.0,1,0.07640561700075049,46
790,1,1659,585,1074,0,0,0,1.0,1,1.0,1,1.0,1,0.07365851080409634,45
791,0,1659,585,1074,0,0,0,1.0,1,1.0,1,1.0,1,0.0908163859768003,46
792,3,1662,586,1076,0,0,0,1.0,1,1.0,1,1.0,1,0.10110298616346015,46
793,1,1663,586,1077,0,0,0,1.0,1,1.0,1,1.0,1,0.07615155329962443,46
794,1,1664,586,1078,0,0,0,1.0,1,1.0,1,1.0,1,0.11879971922161595,47
795,0,1664,586,1078,0,0,0,1.0,1,1.0,1,1.0,1,0.11879971922161595,47
796,3,1667,588,1079,0,0,0,1.0,1,1.0,1,1.0,1,0.15308480290528934,46
797,5,1672,590,1082,0,0,0,1.0,1,1.0,1,1.0,1,0.11114546335390056,47
798,3,1675,592,1083,0,0,0,1.0,1,1.0,1,1.0,1,0.12987347082042772,48
799,0,1675,592,1083,0,0,0,1.0,1,1.0,1,1.0,1,0.12987347082042772,48
800,2,1677,593,1084,0,0,0,1.0,1,1.0,1,1.0,1,0.17526954040525647,48
801,7,1684,594,1090,0,0,0,1.0,1,1.0,1,1.0,1,0.11886011767272507,49
802,2,1686,594,1092,0,0,0,1.0,1,1.0,1,1.0,1,0.12719147232895525,50
803,2,1688,594,1094,0,0,0,1.0,1,1.0,1,1.0,1,0.13086245170258026,49
804,5,1693,595,1098,0,0,0,1.0,1,1.0,1,1.0,1,0.13654312674614238,50
805,2,1695,595,1100,0,0,0,1.0,1,1.0,1,1.0,1,0.09595311750838792,50
806,1,1696,596,1100,0,0,0,1.0,1,1.0,1,1.0,1,0.09682735190526907,50
807,3,1699,596,1103,0,0,0,1.0,1,1.0,1,1.0,1,0.09826326474164894,51
808,1,1700,596,1104,0,0,0,1.0,1,1.0,1,1.0,1,0.09873494274033916,51
809,4,1704,597,1107,0,0,0,1.0,1,1.0,1,1.0,1,0.06813180798049287,51
810,0,1704,597,1107,0,0,0,1.0,1,1.0,1,1.0,1,0.07195921664073114,52
811,3,1707,599,1108,0,0,0,1.0,1,1.0,1,1.0,1,0.1279653699547781,50
812,2,1709,600,1109,0,0,0,1.0,1,1.0,1,1.0,1,0.13184874798341834,48
813,5,1714,601,1113,0,0,0,1.0,1,1.0,1,1.0,1,0.13300560737622788,49
814,1,1715,601,1114,0,0,0,1.0,1,1.0,1,1.0,1,0.1086416560829104,48
815,1,1716,601,1115,0,0,0,1.0,1,1.0,1,1.0,1,0.1037570747349133,48
816,2,1718,603,1115,0,0,0,1.0,1,1.0,1,1.0,1,0.15347985363894806,46
817,4,1722,603,1119,0,0,0,1.0,1,1.0,1,1.0,1,0.1727520064164984,44
818,2,1724,603,1121,0,0,0,1.0,1,1.0,1,1.0,1,0.13098082292512084,46
819,0,1724,603,1121,0,0,0,1.0,1,1.0,1,1.0,1,0.17370652554244082,44
820,0,1724,603,1121,0,0,0,1.0,1,1.0,1,1.0,1,0.20406169700297572,44
821,3,1727,603,1124,0,0,0,1.0,1,1.0,1,1.0,1,0.1594556122607101,44
822,2,1729,605,1124,0,0,0,1.0,1,1.0,1,1.0,1,0.20386480442511806,44
823,2,1731,606,1125,0,0,0,1.0,1,1.0,1,1.0,1,0.151680709350384,42
824,3,1734,608,1126,0,0,0,1.0,1,1.0,1,1.0,1,0.16309075341221096,42
825,1,1735,609,1126,0,0,0,1.0,1,1.0,1,1.0,1,0.1417764674682239,40
826,6,1741,614,1127,0,0,0,1.0,1,1.0,1,1.0,1,0.18176495115757288,41
827,2,1743,615,1128,0,0,0,1.0,1,1.0,1,1.0,1,0.17723485262324454,40
828,4,1747,617,1130,0,0,0,1.0,1,1.0,1,1.0,1,0.16813036667370587,40
829,10,1757,618,1139,0,0,0,1.0,1,1.0,1,1.0,1,0.07173645434150377,42
830,6,1763,620,1143,0,0,0,1.0,1,1.0,1,1.0,1,0.14210344813093986,42
831,9,1772,622,1150,0,0,0,1.0,1,1.0,1,1.0,1,0.1724170832865907,43
832,7,1779,623,1156,0,0,0,1.0,1,1.0,1,1.0,1,0.16209444632437758,42
833,1,1780,623,1157,0,0,0,1.0,1,1.0,1,1.0,1,0.15063745286747834,41
834,2,1782,624,1158,0,0,0,1.0,1,1.0,1,1.0,1,0.1567387809823456,41
835,2,1784,624,1160,0,0,0,1.0,1,1.0,1,1.0,1,0.10583150744811272,41
836,0,1784,624,1160,0,0,0,1.0,1,1.0,1,1.0,1,0.10433906855269733,40
837,0,1784,624,1160,0,0,0,1.0,1,1.0,1,1.0,1,0.10364928637841216,41
838,0,1784,624,1160,0,0,0,1.0,1,1.0,1,1.0,1,0.10364928637841216,41
839,1,1785,625,1160,0,0,0,1.0,1,1.0,1,1.0,1,0.12394447410670112,41
840,3,1788,626,1162,0,0,0,1.0,1,1.0,1,1.0,1,0.10698217665536194,42
841,1,1789,626,1163,0,0,0,1.0,1,1.0,1,1.0,1,0.09680509193720578,42
842,1,1790,627,1163,0,0,0,1.0,1,1.0,1,1.0,1,0.1257532055421373,42
843,3,1793,629,1164,0,0,0,1.0,1,1.0,1,1.0,1,0.10630529176491603,42
844,1,1794,629,1165,0,0,0,1.0,1,1.0,1,1.0,1,0.12404560729741086,42
845,4,1798,630,1168,0,0,0,1.0,1,1.0,1,1.0,1,0.15724068751474196,44
846,2,1800,631,1169,0,0,0,1.0,1,1.0,1,1.0,1,0.15421653009965441,44
847,0,1800,631,1169,0,0,0,1.0,1,1.0,1,1.0,1,0.11716609988359866,42
848,2,1802,631,1171,0,0,0,1.0,1,1.0,1,1.0,1,0.15283168877554423,43
849,2,1804,631,1173,0,0,0,1.0,1,1.0,1,1.0,1,0.1480568155547142,43
850,4,1808,631,1177,0,0,0,1.0,1,1.0,1,1.0,1,0.14812625867693752,41
851,1,1809,631,1178,0,0,0,1.0,1,1.0,1,1.0,1,0.1362083343222655,40
852,2,1811,632,1179,0,0,0,1.0,1,1.0,1,1.0,1,0.12754177003728281,40
853,3,1814,633,1181,0,0,0,1.0,1,1.0,1,1.0,1,0.10295333818403161,40
854,1,1815,634,1181,0,0,0,1.0,1,1.0,1,1.0,1,0.09620382020188556,40
855,1,1816,635,1181,0,0,0,1.0,1,1.0,1,1.0,1,0.07051877001409149,41
856,1,1817,636,1181,0,0,0,1.0,1,1.0,1,1.0,1,0.08811313089800062,41
857,1,1818,637,1181,0,0,0,1.0,1,1.0,1,1.0,1,0.09392713817238783,42
858,1,1819,637,1182,0,0,0,1.0,1,1.0,1,1.0,1,0.08557616592238879,43
859,0,1819,637,1182,0,0,0,1.0,1,1.0,1,1.0,1,0.08557616592238879,43
860,0,1819,637,1182,0,0,0,1.0,1,1.0,1,1.0,1,0.0933434298692748,44
861,1,1820,638,1182,0,0,0,1.0,1,1.0,1,1.0,1,0.12419997868911582,44
862,1,1821,639,1182,0,0,0,1.0,1,1.0,1,1.0,1,0.10769240553501606,44
863,4,1825,642,1183,0,0,0,1.0,1,1.0,1,1.0,1,0.16529549048270573,44
864,5,1830,643,1187,0,0,0,1.0,1,1.0,1,1.0,1,0.16268037894335338,44
865,3,1833,645,1188,0,0,0,1.0,1,1.0,1,1.0,1,0.10230642504390614,43
866,8,1841,650,1191,0,0,0,1.0,1,1.0,1,1.0,1,0.12104993879416608,45
867,3,1844,650,1194,0,0,0,1.0,1,1.0,1,1.0,1,0.16156123933556937,44
868,2,1846,650,1196,0,0,0,1.0,1,1.0,1,1.0,1,0.11027072403772195,45
869,4,1850,652,1198,0,0,0,1.0,1,1.0,1,1.0,1,0.11739049050736684,44
870,1,1851,653,1198,0,0,0,1.0,1,1.0,1,1.0,1,0.13901668594583444,44
871,2,1853,654,1199,0,0,0,1.0,1,1.0,1,1.0,1,0.15796478524324398,43
872,0,1853,654,1199,0,0,0,1.0,1,1.0,1,1.0,1,0.15796478524324398,43
873,3,1856,655,1201,0,0,0,1.0,1,1.0,1,1.0,1,0.13786919122071706,43
874,4,1860,656,1204,0,0,0,1.0,1,1.0,1,1.0,1,0.1373835800158618,46
875,4,1864,657,1207,0,0,0,1.0,1,1.0,1,1.0,1,0.1479449141434383,43
876,2,1866,657,1209,0,0,0,1.0,1,1.0,1,1.0,1,0.1526932148963429,44
877,5,1871,657,1214,0,0,0,1.0,1,1.0,1,1.0,1,0.13449162714169863,44
878,0,1871,657,1214,0,0,0,1.0,1,1.0,1,1.0,1,0.13449162714169863,44
879,0,1871,657,1214,0,0,0,1.0,1,1.0,1,1.0,1,0.13449162714169863,44
880,2,1873,659,1214,0,0,0,1.0,1,1.0,1,1.0,1,0.19137558115718348,44
881,4,1877,659,1218,0,0,0,1.0,1,1.0,1,1.0,1,0.14096233968889002,43
882,3,1880,660,1220,0,0,0,1.0,1,1.0,1,1.0,1,0.1039981534188429,45
883,1,1881,660,1221,0,0,0,1.0,1,1.0,1,1.0,1,0.09529549808621851,45
884,2,1883,661,1222,0,0,0,1.0,1,1.0,1,1.0,1,0.07554477397284044,45
885,2,1885,662,1223,0,0,0,1.0,1,1.0,1,1.0,1,0.05732696671445841,43
886,2,1887,664,1223,0,0,0,1.0,1,1.0,1,1.0,1,0.15389781800709804,43
887,2,1889,665,1224,0,0,0,1.0,1,1.0,1,1.0,1,0.13549566456419157,41
888,1,1890,665,1225,0,0,0,1.0,1,1.0,1,1.0,1,0.19997303478011008,40
889,4,1894,665,1229,0,0,0,1.0,1,1.0,1,1.0,1,0.12101220993233487,40
890,2,1896,666,1230,0,0,0,1.0,1,1.0,1,1.0,1,0.15317371072209848,38
891,2,1898,667,1231,0,0,0,1.0,1,1.0,1,1.0,1,0.1638149400226188,39
892,1,1899,668,1231,0,0,0,1.0,1,1.0,1,1.0,1,0.16625058425365707,39
893,3,1902,668,1234,0,0,0,1.0,1,1.0,1,1.0,1,0.07815466780435235,37
894,1,1903,669,1234,0,0,0,1.0,1,1.0,1,1.0,1,0.11971336441958215,36
895,0,1903,669,1234,0,0,0,1.0,1,1.0,1,1.0,1,0.1016228258572891,37
896,3,1906,671,1235,0,0,0,1.0,1,1.0,1,1.0,1,0.15843644331882475,36
897,4,1910,673,1237,0,0,0,1.0,1,1.0,1,1.0,1,0.1443197751162431,36
898,0,1910,673,1237,0,0,0,1.0,1,1.0,1,1.0,1,0.16556806100494492,35
899,1,1911,674,1237,0,0,0,1.0,1,1.0,1,1.0,1,0.1720102008989997,35
900,0,1911,674,1237,0,0,0,1.0,1,1.0,1,1.0,1,0.21093421425480618,36
901,2,1913,675,1238,0,0,0,1.0,1,1.0,1,1.0,1,0.20350637311870887,36
902,4,1917,679,1238,0,0,0,1.0,1,1.0,1,1.0,1,0.2959246265067889,36
903,3,1920,680,1240,0,0,0,1.0,1,1.0,1,1.0,1,0.23875399694629315,35
904,5,1925,683,1242,0,0,0,1.0,1,1.0,1,1.0,1,0.20346189509682513,37
905,2,1927,684,1243,0,0,0,1.0,1,1.0,1,1.0,1,0.1855285820320203,36
906,2,1929,684,1245,0,0,0,1.0,1,1.0,1,1.0,1,0.1446676130777121,37
907,3,1932,685,1247,0,0,0,1.0,1,1.0,1,1.0,1,0.09584565796215641,37
908,3,1935,688,1247,0,0,0,1.0,1,1.0,1,1.0,1,0.13905866451431537,36
909,2,1937,688,1249,0,0,0,1.0,1,1.0,1,1.0,1,0.09978254939731662,36
910,3,1940,689,1251,0,0,0,1.0,1,1.0,1,1.0,1,0.12644816281720353,37
911,1,1941,690,1251,0,0,0,1.0,1,1.0,1,1.0,1,0.1959581749977789,36
912,1,1942,691,1251,0,0,0,1.0,1,1.0,1,1.0,1,0.19796334671553134,34
913,6,1948,692,1256,0,0,0,1.0,1,1.0,1,1.0,1,0.14221098772269514,34
914,0,1948,692,1256,0,0,0,1.0,1,1.0,1,1.0,1,0.17802508558757366,33
915,0,1948,692,1256,0,0,0,1.0,1,1.0,1,1.0,1,0.17802508558757366,33
916,2,1950,693,1257,0,0,0,1.0,1,1.0,1,1.0,1,0.13992855860932799,34
917,2,1952,694,1258,0,0,0,1.0,1,1.0,1,1.0,1,0.10611641798614992,34
918,0,1952,694,1258,0,0,0,1.0,1,1.0,1,1.0,1,0.12267855193022592,36
919,1,1953,695,1258,0,0,0,1.0,1,1.0,1,1.0,1,0.10587507078671526,36
920,1,1954,696,1258,0,0,0,1.0,1,1.0,1,1.0,1,0.09805703860963763,37
921,0,1954,696,1258,0,0,0,1.0,1,1.0,1,1.0,1,0.09805703860963763,37
922,0,1954,696,1258,0,0,0,1.0,1,1.0,1,1.0,1,0.11542871479732567,38
923,1,1955,697,1258,0,0,0,1.0,1,1.0,1,1.0,1,0.1315998413846409,36
924,0,1955,697,1258,0,0,0,1.0,1,1.0,1,1.0,1,0.12717726622470596,35
925,3,1958,698,1260,0,0,0,1.0,1,1.0,1,1.0,1,0.14328494844686682,35
926,3,1961,699,1262,0,0,0,1.0,1,1.0,1,1.0,1,0.10637767400048403,34
927,0,1961,699,1262,0,0,0,1.0,1,1.0,1,1.0,1,0.14817248790170687,32
928,1,1962,699,1263,0,0,0,1.0,1,1.0,1,1.0,1,0.1610586917036314,32
929,4,1966,700,1266,0,0,0,1.0,1,1.0,1,1.0,1,0.13472458816694832,31
930,0,1966,700,1266,0,0,0,1.0,1,1.0,1,1.0,1,0.163687159413489,30
931,2,1968,702,1266,0,0,0,1.0,1,1.0,1,1.0,1,0.14912460083894402,29
932,0,1968,702,1266,0,0,0,1.0,1,1.0,1,1.0,1,0.14912460083894402,29
933,1,1969,702,1267,0,0,0,1.0,1,1.0,1,1.0,1,0.13694474519271949,29
934,0,1969,702,1267,0,0,0,1.0,1,1.0,1,1.0,1,0.13694474519271949,29
935,2,1971,702,1269,0,0,0,1.0,1,1.0,1,1.0,1,0.12589805659589395,31
936,1,1972,703,1269,0,0,0,1.0,1,1.0,1,1.0,1,0.1430630061294563,31
937,5,1977,704,1273,0,0,0,1.0,1,1.0,1,1.0,1,0.1703310065402822,34
938,3,1980,704,1276,0,0,0,1.0,1,1.0,1,1.0,1,0.14164390942917168,33
939,2,1982,705,1277,0,0,0,1.0,1,1.0,1,1.0,1,0.18515340149457044,36
940,4,1986,705,1281,0,0,0,1.0,1,1.0,1,1.0,1,0.22502674820658955,36
941,2,1988,705,1283,0,0,0,1.0,1,1.0,1,1.0,1,0.19576886173234156,36
942,3,1991,706,1285,0,0,0,1.0,1,1.0,1,1.0,1,0.18233423598044543,36
943,1,1992,706,1286,0,0,0,1.0,1,1.0,1,1.0,1,0.1619901646790747,35
944,1,1993,707,1286,0,0,0,1.0,1,1.0,1,1.0,1,0.11444191873007677,35
945,2,1995,708,1287,0,0,0,1.0,1,1.0,1,1.0,1,0.1200934004288174,33
946,2,1997,709,1288,0,0,0,1.0,1,1.0,1,1.0,1,0.16208346507790014,36
947,1,1998,710,1288,0,0,0,1.0,1,1.0,1,1.0,1,0.17095813542193541,34
948,1,1999,711,1288,0,0,0,1.0,1,1.0,1,1.0,1,0.1920446534976888,33
949,3,2002,712,1290,0,0,0,1.0,1,1.0,1,1.0,1,0.22180281467095536,34
950,0,2002,712,1290,0,0,0,1.0,1,1.0,1,1.0,1,0.2564514960866463,33
951,0,2002,712,1290,0,0,0,1.0,1,1.0,1,1.0,1,0.2564514960866463,33
952,0,2002,712,1290,0,0,0,1.0,1,1.0,1,1.0,1,0.2653216997351512,32
953,1,2003,712,1291,0,0,0,1.0,1,1.0,1,1.0,1,0.2281445506434858,32
954,0,2003,712,1291,0,0,0,1.0,1,1.0,1,1.0,1,0.24774145417200327,31
955,2,2005,712,1293,0,0,0,1.0,1,1.0,1,1.0,1,0.2339729007001134,32
956,1,2006,713,1293,0,0,0,1.0,1,1.0,1,1.0,1,0.18575635328978837,32
957,0,2006,713,1293,0,0,0,1.0,1,1.0,1,1.0,1,0.1718476904905387,33
958,0,2006,713,1293,0,0,0,1.0,1,1.0,1,1.0,1,0.1819772722744031,35
959,1,2007,714,1293,0,0,0,1.0,1,1.0,1,1.0,1,0.20533013090304425,36
960,4,2011,714,1297,0,0,0,1.0,1,1.0,1,1.0,1,0.17053904516370794,38
961,2,2013,716,1297,0,0,0,1.0,1,1.0,1,1.0,1,0.3040117746745863,37
962,4,2017,718,1299,0,0,0,1.0,1,1.0,1,1.0,1,0.288415152423002,35
963,1,2018,718,1300,0,0,0,1.0,1,1.0,1,1.0,1,0.25006138387986976,35
964,1,2019,718,1301,0,0,0,1.0,1,1.0,1,1.0,1,0.23268407820229625,34
965,2,2021,718,1303,0,0,0,1.0,1,1.0,1,1.0,1,0.17823443904903982,35
966,2,2023,718,1305,0,0,0,1.0,1,1.0,1,1.0,1,0.19537613181197155,34
967,2,2025,718,1307,0,0,0,1.0,1,1.0,1,1.0,1,0.15535088980185302,35
968,2,2027,719,1308,0,0,0,1.0,1,1.0,1,1.0,1,0.14474790380807456,36
969,0,2027,719,1308,0,0,0,1.0,1,1.0,1,1.0,1,0.1525797738794564,35
970,1,2028,719,1309,0,0,0,1.0,1,1.0,1,1.0,1,0.17042091871252857,34
971,0,2028,719,1309,0,0,0,1.0,1,1.0,1,1.0,1,0.16728870488112033,35
972,2,2030,721,1309,0,0,0,1.0,1,1.0,1,1.0,1,0.1605347605367811,35
973,2,2032,721,1311,0,0,0,1.0,1,1.0,1,1.0,1,0.16114784530632828,36
974,2,2034,723,1311,0,0,0,1.0,1,1.0,1,1.0,1,0.22003954298124953,35
975,1,2035,723,1312,0,0,0,1.0,1,1.0,1,1.0,1,0.17884618581813302,36
976,1,2036,723,1313,0,0,0,1.0,1,1.0,1,1.0,1,0.18743724505547754,38
977,0,2036,723,1313,0,0,0,1.0,1,1.0,1,1.0,1,0.18743724505547754,38
978,0,2036,723,1313,0,0,0,1.0,1,1.0,1,1.0,1,0.18743724505547754,38
979,2,2038,724,1314,0,0,0,1.0,1,1.0,1,1.0,1,0.17155998291230978,39
980,2,2040,726,1314,0,0,0,1.0,1,1.0,1,1.0,1,0.22818554907132446,39
981,3,2043,727,1316,0,0,0,1.0,1,1.0,1,1.0,1,0.2194434795042514,40
982,5,2048,730,1318,0,0,0,1.0,1,1.0,1,1.0,1,0.267620516732523,40
983,1,2049,730,1319,0,0,0,1.0,1,1.0,1,1.0,1,0.20515316923727134,38
984,4,2053,732,1321,0,0,0,1.0,1,1.0,1,1.0,1,0.2104301495934832,39
985,7,2060,735,1325,0,0,0,1.0,1,1.0,1,1.0,1,0.1715655424275708,38
986,4,2064,738,1326,0,0,0,1.0,1,1.0,1,1.0,1,0.20129718935385296,38
987,1,2065,738,1327,0,0,0,1.0,1,1.0,1,1.0,1,0.16202104976876647,38
988,2,2067,739,1328,0,0,0,1.0,1,1.0,1,1.0,1,0.1655077930253761,38
989,2,2069,739,1330,0,0,0,1.0,1,1.0,1,1.0,1,0.13032425093238303,38
990,0,2069,739,1330,0,0,0,1.0,1,1.0,1,1.0,1,0.13032425093238303,38
991,1,2070,740,1330,0,0,0,1.0,1,1.0,1,1.0,1,0.14859491240005152,40
992,0,2070,740,1330,0,0,0,1.0,1,1.0,1,1.0,1,0.13122674956363348,39
993,0,2070,740,1330,0,0,0,1.0,1,1.0,1,1.0,1,0.1347553449599206,38
994,1,2071,740,1331,0,0,0,1.0,1,1.0,1,1.0,1,0.13660788325436493,39
995,0,2071,740,1331,0,0,0,1.0,1,1.0,1,1.0,1,0.11227057577422091,41
996,0,2071,740,1331,0,0,0,1.0,1,1.0,1,1.0,1,0.11394072822760147,40
997,2,2073,740,1333,0,0,0,1.0,1,1.0,1,1.0,1,0.11487748154046888,41
998,1,2074,740,1334,0,0,0,1.0,1,1.0,1,1.0,1,0.1304839890014926,40
999,0,2074,740,1334,0,0,0,1.0,1,1.0,1,1.0,1,0.1584327968605968,40
1000,1,2075,741,1334,0,0,0,1.0,1,1.0,1,1.0,1,0.17636240438991313,40
1001,2,2077,741,1336,0,0,0,1.0,1,1.0,1,1.0,1,0.11128271721364698,39
1002,0,2077,741,1336,0,0,0,1.0,1,1.0,1,1.0,1,0.11128271721364698,39
1003,0,2077,741,1336,0,0,0,1.0,1,1.0,1,1.0,1,0.11128271721364698,39
1004,0,2077,741,1336,0,0,0,1.0,1,1.0,1,1.0,1,0.11128271721364698,39
1005,0,2077,741,1336,0,0,0,1.0,1,1.0,1,1.0,1,0.12285334741216149,40
1006,2,2079,742,1337,0,0,0,1.0,1,1.0,1,1.0,1,0.11993580835420281,41
1007,0,2079,742,1337,0,0,0,1.0,1,1.0,1,1.0,1,0.14160181296387944,42
1008,3,2082,742,1340,0,0,0,1.0,1,1.0,1,1.0,1,0.1144403471210421,43
1009,1,2083,743,1340,0,0,0,1.0,1,1.0,1,1.0,1,0.13718241698650036,44
1010,1,2084,743,1341,0,0,0,1.0,1,1.0,1,1.0,1,0.10300590818347022,44
1011,1,2085,744,1341,0,0,0,1.0,1,1.0,1,1.0,1,0.14874337011837888,44
1012,3,2088,745,1343,0,0,0,1.0,1,1.0,1,1.0,1,0.13910716492906913,46
1013,0,2088,745,1343,0,0,0,1.0,1,1.0,1,1.0,1,0.13910716492906913,46
1014,3,2091,746,1345,0,0,0,1.0,1,1.0,1,1.0,1,0.15181800465723294,46
1015,0,2091,746,1345,0,0,0,1.0,1,1.0,1,1.0,1,0.15181800465723294,46
1016,0,2091,746,1345,0,0,0,1.0,1,1.0,1,1.0,1,0.16627340966434706,47
1017,1,2092,746,1346,0,0,0,1.0,1,1.0,1,1.0,1,0.15919510214370103,47
1018,5,2097,747,1350,0,0,0,1.0,1,1.0,1,1.0,1,0.13074369639958705,48
1019,1,2098,748,1350,0,0,0,1.0,1,1.0,1,1.0,1,0.14275395182402112,49
1020,1,2099,748,1351,0,0,0,1.0,1,1.0,1,1.0,1,0.12965517721645684,51
1021,3,2102,749,1353,0,0,0,1.0,1,1.0,1,1.0,1,0.11305585936035287,51
1022,1,2103,750,1353,0,0,0,1.0,1,1.0,1,1.0,1,0.10543806775048348,52
1023,1,2104,750,1354,0,0,0,1.0,1,1.0,1,1.0,1,0.10248894224565096,52
1024,1,2105,751,1354,0,0,0,1.0,1,1.0,1,1.0,1,0.10653087928333116,52
1025,1,2106,751,1355,0,0,0,1.0,1,1.0,1,1.0,1,0.110659157421379,54
1026,0,2106,751,1355,0,0,0,1.0,1,1.0,1,1.0,1,0.110659157421379,54
1027,1,2107,751,1356,0,0,0,1.0,1,1.0,1,1.0,1,0.09390831600050581,55
1028,2,2109,752,1357,0,0,0,1.0,1,1.0,1,1.0,1,0.10042961999647812,56
1029,2,2111,752,1359,0,0,0,1.0,1,1.0,1,1.0,1,0.07098231070442135,56
1030,2,2113,752,1361,0,0,0,1.0,1,1.0,1,1.0,1,0.05847038376596683,57
1031,0,2113,752,1361,0,0,0,1.0,1,1.0,1,1.0,1,0.06262048882631499,58
1032,1,2114,753,1361,0,0,0,1.0,1,1.0,1,1.0,1,0.07916020835364475,58
1033,2,2116,754,1362,0,0,0,1.0,1,1.0,1,1.0,1,0.06540851644203481,57
1034,3,2119,757,1362,0,0,0,1.0,1,1.0,1,1.0,1,0.13384108837683087,57
1035,6,2125,759,1366,0,0,0,1.0,1,1.0,1,1.0,1,0.15650686988179496,57
1036,5,2130,761,1369,0,0,0,1.0,1,1.0,1,1.0,1,0.1428019221599333,59
1037,3,2133,762,1371,0,0,0,1.0,1,1.0,1,1.0,1,0.16187429194379463,57
1038,4,2137,763,1374,0,0,0,1.0,1,1.0,1,1.0,1,0.14384854331974084,59
1039,5,2142,768,1374,0,0,0,1.0,1,1.0,1,1.0,1,0.16035649643671263,57
1040,5,2147,768,1379,0,0,0,1.0,1,1.0,1,1.0,1,0.16245615855746015,56
1041,1,2148,768,1380,0,0,0,1.0,1,1.0,1,1.0,1,0.14718169312592236,54
1042,1,2149,768,1381,0,0,0,1.0,1,1.0,1,1.0,1,0.1143651235314927,52
1043,1,2150,768,1382,0,0,0,1.0,1,1.0,1,1.0,1,0.09724229941675337,52
1044,1,2151,769,1382,0,0,0,1.0,1,1.0,1,1.0,1,0.14026125102370407,50
1045,5,2156,771,1385,0,0,0,1.0,1,1.0,1,1.0,1,0.13363559656857898,51
1046,1,2157,771,1386,0,0,0,1.0,1,1.0,1,1.0,1,0.12708000844364506,50
1047,5,2162,772,1390,0,0,0,1.0,1,1.0,1,1.0,1,0.09476679476928887,50
1048,1,2163,772,1391,0,0,0,1.0,1,1.0,1,1.0,1,0.08452309135213848,50
1049,2,2165,773,1392,0,0,0,1.0,1,1.0,1,1.0,1,0.09058381197993907,50
1050,1,2166,774,1392,0,0,0,1.0,1,1.0,1,1.0,1,0.0996611069912693,50
1051,1,2167,774,1393,0,0,0,1.0,1,1.0,1,1.0,1,0.0964224261889345,50
1052,0,2167,774,1393,0,0,0,1.0,1,1.0,1,1.0,1,0.1123559684078797,51
1053,1,2168,774,1394,0,0,0,1.0,1,1.0,1,1.0,1,0.07262413909162085,51
1054,1,2169,774,1395,0,0,0,1.0,1,1.0,1,1.0,1,0.053711300838927216,53
1055,1,2170,774,1396,0,0,0,1.0,1,1.0,1,1.0,1,0.07425889101042595,54
1056,0,2170,774,1396,0,0,0,1.0,1,1.0,1,1.0,1,0.10645531124376836,54
1057,2,2172,775,1397,0,0,0,1.0,1,1.0,1,1.0,1,0.12031506915992463,55
1058,1,2173,775,1398,0,0,0,1.0,1,1.0,1,1.0,1,0.10490465746554144,54
1059,3,2176,776,1400,0,0,0,1.0,1,1.0,1,1.0,1,0.12631690516261507,53
1060,2,2178,776,1402,0,0,0,1.0,1,1.0,1,1.0,1,0.09591848080727469,53
1061,3,2181,779,1402,0,0,0,1.0,1,1.0,1,1.0,1,0.15563201451035333,53
1062,8,2189,784,1405,0,0,0,1.0,1,1.0,1,1.0,1,0.11952664260911573,54
1063,0,2189,784,1405,0,0,0,1.0,1,1.0,1,1.0,1,0.13756652704032435,53
1064,6,2195,788,1407,0,0,0,1.0,1,1.0,1,1.0,1,0.14941957763858751,55
1065,5,2200,789,1411,0,0,0,1.0,1,1.0,1,1.0,1,0.15362781056621852,54
1066,9,2209,791,1418,0,0,0,1.0,1,1.0,1,1.0,1,0.14131877273343654,55
1067,2,2211,791,1420,0,0,0,1.0,1,1.0,1,1.0,1,0.15575937112178656,55
1068,2,2213,791,1422,0,0,0,1.0,1,1.0,1,1.0,1,0.14981866034930724,55
1069,4,2217,791,1426,0,0,0,1.0,1,1.0,1,1.0,1,0.13269730166282664,55
1070,0,2217,791,1426,0,0,0,1.0,1,1.0,1,1.0,1,0.14717683982660637,54
1071,1,2218,791,1427,0,0,0,1.0,1,1.0,1,1.0,1,0.12163672875655006,55
1072,1,2219,791,1428,0,0,0,1.0,1,1.0,1,1.0,1,0.1289455132580269,54
1073,1,2220,792,1428,0,0,0,1.0,1,1.0,1,1.0,1,0.13018769649782624,54
1074,2,2222,794,1428,0,0,0,1.0,1,1.0,1,1.0,1,0.1257790264299851,52
1075,2,2224,795,1429,0,0,0,1.0,1,1.0,1,1.0,1,0.14518605776426274,51
1076,5,2229,797,1432,0,0,0,1.0,1,1.0,1,1.0,1,0.15092409476181035,52
1077,4,2233,799,1434,0,0,0,1.0,1,1.0,1,1.0,1,0.09966484132815621,49
1078,3,2236,801,1435,0,0,0,1.0,1,1.0,1,1.0,1,0.14737230991175984,48
1079,4,2240,803,1437,0,0,0,1.0,1,1.0,1,1.0,1,0.15008231464335728,47
1080,1,2241,804,1437,0,0,0,1.0,1,1.0,1,1.0,1,0.1310565579375328,47
1081,1,2242,805,1437,0,0,0,1.0,1,1.0,1,1.0,1,0.1851123551286668,45
1082,0,2242,805,1437,0,0,0,1.0,1,1.0,1,1.0,1,0.21344214539084783,42
1083,2,2244,806,1438,0,0,0,1.0,1,1.0,1,1.0,1,0.24731041635601525,42
1084,1,2245,806,1439,0,0,0,1.0,1,1.0,1,1.0,1,0.28097742090245376,40
1085,4,2249,806,1443,0,0,0,1.0,1,1.0,1,1.0,1,0.1895917010542124,43
1086,1,2250,806,1444,0,0,0,1.0,1,1.0,1,1.0,1,0.20656298163052828,41
1087,2,2252,806,1446,0,0,0,1.0,1,1.0,1,1.0,1,0.15736726201649978,41
1088,1,2253,806,1447,0,0,0,1.0,1,1.0,1,1.0,1,0.13968978372180593,41
1089,3,2256,807,1449,0,0,0,1.0,1,1.0,1,1.0,1,0.11971932103020773,42
1090,0,2256,807,1449,0,0,0,1.0,1,1.0,1,1.0,1,0.14205627755007716,43
1091,2,2258,808,1450,0,0,0,1.0,1,1.0,1,1.0,1,0.15821898997562783,43
1092,0,2258,808,1450,0,0,0,1.0,1,1.0,1,1.0,1,0.15821898997562783,43
1093,2,2260,810,1450,0,0,0,1.0,1,1.0,1,1.0,1,0.1763160471852005,43
1094,2,2262,811,1451,0,0,0,1.0,1,1.0,1,1.0,1,0.16712309406335404,43
1095,2,2264,812,1452,0,0,0,1.0,1,1.0,1,1.0,1,0.2020942084375411,44
1096,1,2265,813,1452,0,0,0,1.0,1,1.0,1,1.0,1,0.22321336695206292,44
1097,5,2270,815,1455,0,0,0,1.0,1,1.0,1,1.0,1,0.21527363675442573,45
1098,0,2270,815,1455,0,0,0,1.0,1,1.0,1,1.0,1,0.21121119738802818,46
1099,3,2273,816,1457,0,0,0,1.0,1,1.0,1,1.0,1,0.2055961871183158,48
1100,2,2275,816,1459,0,0,0,1.0,1,1.0,1,1.0,1,0.17272810454873022,49
1101,1,2276,816,1460,0,0,0,1.0,1,1.0,1,1.0,1,0.1636804238167351,49
1102,2,2278,818,1460,0,0,0,1.0,1,1.0,1,1.0,1,0.19308466698870705,50
1103,5,2283,819,1464,0,0,0,1.0,1,1.0,1,1.0,1,0.13070323132703499,48
1104,6,2289,823,1466,0,0,0,1.0,1,1.0,1,1.0,1,0.19933499254627557,50
1105,9,2298,824,1474,0,0,0,1.0,1,1.0,1,1.0,1,0.09337829010839988,48
1106,3,2301,825,1476,0,0,0,1.0,1,1.0,1,1.0,1,0.08629136116826815,48
1107,3,2304,826,1478,0,0,0,1.0,1,1.0,1,1.0,1,0.10984457699805879,47
1108,0,2304,826,1478,0,0,0,1.0,1,1.0,1,1.0,1,0.1089759625462015,47
1109,3,2307,829,1478,0,0,0,1.0,1,1.0,1,1.0,1,0.08373844009522892,46
1110,1,2308,830,1478,0,0,0,1.0,1,1.0,1,1.0,1,0.17214743814529956,43
1111,2,2310,831,1479,0,0,0,1.0,1,1.0,1,1.0,1,0.15383688717358185,44
1112,1,2311,832,1479,0,0,0,1.0,1,1.0,1,1.0,1,0.16753408479403586,43
1113,4,2315,833,1482,0,0,0,1.0,1,1.0,1,1.0,1,0.1659592527860279,39
1114,0,2315,833,1482,0,0,0,1.0,1,1.0,1,1.0,1,0.1659592527860279,39
1115,1,2316,834,1482,0,0,0,1.0,1,1.0,1,1.0,1,0.14040667593242578,37
1116,2,2318,836,1482,0,0,0,1.0,1,1.0,1,1.0,1,0.14254019169983553,37
1117,3,2321,837,1484,0,0,0,1.0,1,1.0,1,1.0,1,0.14890921407345775,36
1118,0,2321,837,1484,0,0,0,1.0,1,1.0,1,1.0,1,0.14777010647198538,36
1119,0,2321,837,1484,0,0,0,1.0,1,1.0,1,1.0,1,0.14777010647198538,36
1120,0,2321,837,1484,0,0,0,1.0,1,1.0,1,1.0,1,0.14777010647198538,36
1121,1,2322,837,1485,0,0,0,1.0,1,1.0,1,1.0,1,0.10716627637807344,36
1122,0,2322,837,1485,0,0,0,1.0,1,1.0,1,1.0,1,0.1127108195968006,37
1123,2,2324,839,1485,0,0,0,1.0,1,1.0,1,1.0,1,0.15269188360337457,37
1124,1,2325,839,1486,0,0,0,1.0,1,1.0,1,1.0,1,0.14870583815809796,37
1125,4,2329,841,1488,0,0,0,1.0,1,1.0,1,1.0,1,0.21863654390728476,38
1126,1,2330,841,1489,0,0,0,1.0,1,1.0,1,1.0,1,0.1937906661874568,38
1127,2,2332,841,1491,0,0,0,1.0,1,1.0,1,1.0,1,0.1889218181869794,39
1128,0,2332,841,1491,0,0,0,1.0,1,1.0,1,1.0,1,0.1889218181869794,39
1129,3,2335,841,1494,0,0,0,1.0,1,1.0,1,1.0,1,0.15224996507974928,39
1130,1,2336,842,1494,0,0,0,1.0,1,1.0,1,1.0,1,0.1527292963176662,39
1131,0,2336,842,1494,0,0,0,1.0,1,1.0,1,1.0,1,0.1527292963176662,39
1132,3,2339,844,1495,0,0,0,1.0,1,1.0,1,1.0,1,0.161449591011702,39
1133,1,2340,844,1496,0,0,0,1.0,1,1.0,1,1.0,1,0.14642238098495808,42
1134,0,2340,844,1496,0,0,0,1.0,1,1.0,1,1.0,1,0.14642238098495808,42
1135,2,2342,844,1498,0,0,0,1.0,1,1.0,1,1.0,1,0.14683638811539304,44
1136,2,2344,845,1499,0,0,0,1.0,1,1.0,1,1.0,1,0.15310739828993347,46
1137,1,2345,845,1500,0,0,0,1.0,1,1.0,1,1.0,1,0.14517109033818212,45
1138,2,2347,846,1501,0,0,0,1.0,1,1.0,1,1.0,1,0.14631821701619852,46
1139,1,2348,847,1501,0,0,0,1.0,1,1.0,1,1.0,1,0.15797614851741892,47
1140,2,2350,848,1502,0,0,0,1.0,1,1.0,1,1.0,1,0.16314507773456052,46
1141,2,2352,848,1504,0,0,0,1.0,1,1.0,1,1.0,1,0.12418021824077949,45
1142,3,2355,850,1505,0,0,0,1.0,1,1.0,1,1.0,1,0.14911121769294514,45
1143,4,2359,852,1507,0,0,0,1.0,1,1.0,1,1.0,1,0.12490354831445948,43
1144,4,2363,854,1509,0,0,0,1.0,1,1.0,1,1.0,1,0.12975515993007083,45
1145,3,2366,855,1511,0,0,0,1.0,1,1.0,1,1.0,1,0.09730073270936702,44
1146,1,2367,855,1512,0,0,0,1.0,1,1.0,1,1.0,1,0.08423451961923101,45
1147,3,2370,858,1512,0,0,0,1.0,1,1.0,1,1.0,1,0.11509298521513196,44
1148,3,2373,860,1513,0,0,0,1.0,1,1.0,1,1.0,1,0.1482015617947323,43
1149,5,2378,861,1517,0,0,0,1.0,1,1.0,1,1.0,1,0.1553540532224679,42
1150,3,2381,862,1519,0,0,0,1.0,1,1.0,1,1.0,1,0.1594216173875123,45
1151,0,2381,862,1519,0,0,0,1.0,1,1.0,1,1.0,1,0.16625193275611494,40
1152,4,2385,865,1520,0,0,0,1.0,1,1.0,1,1.0,1,0.17781566234017143,41
1153,8,2393,867,1526,0,0,0,1.0,1,1.0,1,1.0,1,0.17277844972703713,38
1154,3,2396,869,1527,0,0,0,1.0,1,1.0,1,1.0,1,0.1916120640035742,37
1155,2,2398,870,1528,0,0,0,1.0,1,1.0,1,1.0,1,0.14411622453274886,38
1156,5,2403,871,1532,0,0,0,1.0,1,1.0,1,1.0,1,0.1924524358747917,38
1157,2,2405,871,1534,0,0,0,1.0,1,1.0,1,1.0,1,0.1501553054886411,37
1158,0,2405,871,1534,0,0,0,1.0,1,1.0,1,1.0,1,0.17326871448303116,36
1159,0,2405,871,1534,0,0,0,1.0,1,1.0,1,1.0,1,0.1587553948125602,35
1160,0,2405,871,1534,0,0,0,1.0,1,1.0,1,1.0,1,0.1587553948125602,35
1161,0,2405,871,1534,0,0,0,1.0,1,1.0,1,1.0,1,0.17465479364816344,36
1162,0,2405,871,1534,0,0,0,1.0,1,1.0,1,1.0,1,0.17954909958312354,37
1163,0,2405,871,1534,0,0,0,1.0,1,1.0,1,1.0,1,0.17954909958312354,37
1164,0,2405,871,1534,0,0,0,1.0,1,1.0,1,1.0,1,0.16983114653700404,38
1165,1,2406,872,1534,0,0,0,1.0,1,1.0,1,1.0,1,0.194565882995917,38
1166,1,2407,872,1535,0,0,0,1.0,1,1.0,1,1.0,1,0.20546396742971665,40
1167,6,2413,875,1538,0,0,0,1.0,1,1.0,1,1.0,1,0.1828860855449108,40
1168,1,2414,875,1539,0,0,0,1.0,1,1.0,1,1.0,1,0.17304769863014785,40
1169,1,2415,875,1540,0,0,0,1.0,1,1.0,1,1.0,1,0.13959959953440554,41
1170,3,2418,877,1541,0,0,0,1.0,1,1.0,1,1.0,1,0.12020504382516385,41
1171,3,2421,878,1543,0,0,0,1.0,1,1.0,1,1.0,1,0.13261147173115054,43
1172,2,2423,879,1544,0,0,0,1.0,1,1.0,1,1.0,1,0.138506444375343,43
1173,4,2427,879,1548,0,0,0,1.0,1,1.0,1,1.0,1,0.06752590482853958,43
1174,1,2428,880,1548,0,0,0,1.0,1,1.0,1,1.0,1,0.08392318865056504,43
1175,0,2428,880,1548,0,0,0,1.0,1,1.0,1,1.0,1,0.09969783082789979,44
1176,0,2428,880,1548,0,0,0,1.0,1,1.0,1,1.0,1,0.11478640460213102,45
1177,1,2429,881,1548,0,0,0,1.0,1,1.0,1,1.0,1,0.15001507668025182,45
1178,0,2429,881,1548,0,0,0,1.0,1,1.0,1,1.0,1,0.15001507668025182,45
1179,2,2431,883,1548,0,0,0,1.0,1,1.0,1,1.0,1,0.2082182025136585,46
1180,0,2431,883,1548,0,0,0,1.0,1,1.0,1,1.0,1,0.1885439755087101,47
1181,2,2433,883,1550,0,0,0,1.0,1,1.0,1,1.0,1,0.1644869885379695,48
1182,0,2433,883,1550,0,0,0,1.0,1,1.0,1,1.0,1,0.1644869885379695,48
1183,0,2433,883,1550,0,0,0,1.0,1,1.0,1,1.0,1,0.17868181291374963,46
1184,2,2435,884,1551,0,0,0,1.0,1,1.0,1,1.0,1,0.14588040559335994,47
1185,4,2439,885,1554,0,0,0,1.0,1,1.0,1,1.0,1,0.16781163395868376,44
1186,2,2441,885,1556,0,0,0,1.0,1,1.0,1,1.0,1,0.1679353072538822,47
1187,2,2443,885,1558,0,0,0,1.0,1,1.0,1,1.0,1,0.16265316021674894,49
1188,1,2444,886,1558,0,0,0,1.0,1,1.0,1,1.0,1,0.15978156566746013,50
1189,2,2446,886,1560,0,0,0,1.0,1,1.0,1,1.0,1,0.12432585020498736,48
1190,2,2448,887,1561,0,0,0,1.0,1,1.0,1,1.0,1,0.13714069687608996,48
1191,0,2448,887,1561,0,0,0,1.0,1,1.0,1,1.0,1,0.15159849279070334,46
1192,1,2449,888,1561,0,0,0,1.0,1,1.0,1,1.0,1,0.1582819868017434,46
1193,3,2452,888,1564,0,0,0,1.0,1,1.0,1,1.0,1,0.13714807659644043,45
1194,0,2452,888,1564,0,0,0,1.0,1,1.0,1,1.0,1,0.13714807659644043,45
1195,5,2457,889,1568,0,0,0,1.0,1,1.0,1,1.0,1,0.12806103859200682,47
1196,0,2457,889,1568,0,0,0,1.0,1,1.0,1,1.0,1,0.13075056290232745,48
1197,1,2458,889,1569,0,0,0,1.0,1,1.0,1,1.0,1,0.11704523615680412,49
1198,1,2459,890,1569,0,0,0,1.0,1,1.0,1,1.0,1,0.10694875154324746,49
1199,2,2461,890,1571,0,0,0,1.0,1,1.0,1,1.0,1,0.11150357294448866,50
1200,1,2462,891,1571,0,0,0,1.0,1,1.0,1,1.0,1,0.11263470691480203,50
1201,1,2463,891,1572,0,0,0,1.0,1,1.0,1,1.0,1,0.09987867037159213,50
1202,1,2464,892,1572,0,0,0,1.0,1,1.0,1,1.0,1,0.11392080681346235,51
1203,0,2464,892,1572,0,0,0,1.0,1,1.0,1,1.0,1,0.10540262701264237,52
1204,0,2464,892,1572,0,0,0,1.0,1,1.0,1,1.0,1,0.10540262701264237,52
1205,5,2469,893,1576,0,0,0,1.0,1,1.0,1,1.0,1,0.10826703834611509,53
1206,0,2469,893,1576,0,0,0,1.0,1,1.0,1,1.0,1,0.10826703834611509,53
1207,0,2469,893,1576,0,0,0,1.0,1,1.0,1,1.0,1,0.11845575127444025,55
1208,0,2469,893,1576,0,0,0,1.0,1,1.0,1,1.0,1,0.13001503960510694,56
1209,1,2470,893,1577,0,0,0,1.0,1,1.0,1,1.0,1,0.130183899032964,55
1210,0,2470,893,1577,0,0,0,1.0,1,1.0,1,1.0,1,0.130183899032964,55
1211,0,2470,893,1577,0,0,0,1.0,1,1.0,1,1.0,1,0.11416617174604506,57
1212,2,2472,894,1578,0,0,0,1.0,1,1.0,1,1.0,1,0.1076158323256967,57
1213,2,2474,894,1580,0,0,0,1.0,1,1.0,1,1.0,1,0.09289522001442867,57
1214,5,2479,898,1581,0,0,0,1.0,1,1.0,1,1.0,1,0.16856620919160709,57
1215,4,2483,898,1585,0,0,0,1.0,1,1.0,1,1.0,1,0.16374361527337203,59
1216,3,2486,898,1588,0,0,0,1.0,1,1.0,1,1.0,1,0.15211594056571748,61
1217,4,2490,898,1592,0,0,0,1.0,1,1.0,1,1.0,1,0.1209960622373765,61
1218,2,2492,899,1593,0,0,0,1.0,1,1.0,1,1.0,1,0.11986245787855782,61
1219,2,2494,900,1594,0,0,0,1.0,1,1.0,1,1.0,1,0.09974146577776744,61
1220,0,2494,900,1594,0,0,0,1.0,1,1.0,1,1.0,1,0.1081769851305768,60
1221,3,2497,901,1596,0,0,0,1.0,1,1.0,1,1.0,1,0.09604700727749155,61
1222,1,2498,902,1596,0,0,0,1.0,1,1.0,1,1.0,1,0.10839333629422714,61
1223,0,2498,902,1596,0,0,0,1.0,1,1.0,1,1.0,1,0.12075252932770036,59
1224,5,2503,906,1597,0,0,0,1.0,1,1.0,1,1.0,1,0.13040844027918913,60
1225,5,2508,907,1601,0,0,0,1.0,1,1.0,1,1.0,1,0.1422598679393812,60
1226,6,2514,908,1606,0,0,0,1.0,1,1.0,1,1.0,1,0.07483954669489422,61
1227,8,2522,908,1614,0,0,0,1.0,1,1.0,1,1.0,1,0.0798570070421345,59
1228,5,2527,909,1618,0,0,0,1.0,1,1.0,1,1.0,1,0.08201279257814036,58
1229,3,2530,911,1619,0,0,0,1.0,1,1.0,1,1.0,1,0.07861395133983305,57
1230,3,2533,912,1621,0,0,0,1.0,1,1.0,1,1.0,1,0.06283383197315191,55
1231,0,2533,912,1621,0,0,0,1.0,1,1.0,1,1.0,1,0.076023030753964,54
1232,2,2535,914,1621,0,0,0,1.0,1,1.0,1,1.0,1,0.1185986477823921,51
1233,5,2540,915,1625,0,0,0,1.0,1,1.0,1,1.0,1,0.08557410469067644,49
1234,4,2544,917,1627,0,0,0,1.0,1,1.0,1,1.0,1,0.12149630211996655,49
1235,1,2545,918,1627,0,0,0,1.0,1,1.0,1,1.0,1,0.15136107221404263,48
1236,3,2548,918,1630,0,0,0,1.0,1,1.0,1,1.0,1,0.12813839179610545,49
1237,4,2552,919,1633,0,0,0,1.0,1,1.0,1,1.0,1,0.13441660914607167,48
1238,0,2552,919,1633,0,0,0,1.0,1,1.0,1,1.0,1,0.13595941789188118,47
1239,1,2553,919,1634,0,0,0,1.0,1,1.0,1,1.0,1,0.12470711621846806,48
1240,0,2553,919,1634,0,0,0,1.0,1,1.0,1,1.0,1,0.13678904644504758,49
1241,4,2557,920,1637,0,0,0,1.0,1,1.0,1,1.0,1,0.14609113308021013,49
1242,2,2559,920,1639,0,0,0,1.0,1,1.0,1,1.0,1,0.12856492569266054,49
1243,2,2561,920,1641,0,0,0,1.0,1,1.0,1,1.0,1,0.15550563531161202,50
1244,6,2567,921,1646,0,0,0,1.0,1,1.0,1,1.0,1,0.16001374750687872,50
1245,4,2571,921,1650,0,0,0,1.0,1,1.0,1,1.0,1,0.11819251691316204,51
1246,1,2572,922,1650,0,0,0,1.0,1,1.0,1,1.0,1,0.148013480834078,52
1247,0,2572,922,1650,0,0,0,1.0,1,1.0,1,1.0,1,0.148013480834078,52
1248,2,2574,924,1650,0,0,0,1.0,1,1.0,1,1.0,1,0.22952842405388668,51
1249,4,2578,925,1653,0,0,0,1.0,1,1.0,1,1.0,1,0.15838102699791637,51
1250,2,2580,927,1653,0,0,0,1.0,1,1.0,1,1.0,1,0.18314458169666292,51
1251,1,2581,927,1654,0,0,0,1.0,1,1.0,1,1.0,1,0.1696750954499098,53
1252,4,2585,930,1655,0,0,0,1.0,1,1.0,1,1.0,1,0.1650206590998264,52
1253,4,2589,931,1658,0,0,0,1.0,1,1.0,1,1.0,1,0.11573644304158137,52
1254,0,2589,931,1658,0,0,0,1.0,1,1.0,1,1.0,1,0.1282148533393812,53
1255,1,2590,931,1659,0,0,0,1.0,1,1.0,1,1.0,1,0.1351963645191725,55
1256,0,2590,931,1659,0,0,0,1.0,1,1.0,1,1.0,1,0.1351963645191725,55
1257,5,2595,931,1664,0,0,0,1.0,1,1.0,1,1.0,1,0.11404513522553428,57
1258,0,2595,931,1664,0,0,0,1.0,1,1.0,1,1.0,1,0.11416988207572383,57
1259,0,2595,931,1664,0,0,0,1.0,1,1.0,1,1.0,1,0.11416988207572383,57
1260,0,2595,931,1664,0,0,0,1.0,1,1.0,1,1.0,1,0.12364380849825056,56
1261,1,2596,931,1665,0,0,0,1.0,1,1.0,1,1.0,1,0.1064069868808716,57
1262,2,2598,931,1667,0,0,0,1.0,1,1.0,1,1.0,1,0.04307757378009295,58
1263,3,2601,932,1669,0,0,0,1.0,1,1.0,1,1.0,1,0.03919675134033096,58
1264,0,2601,932,1669,0,0,0,1.0,1,1.0,1,1.0,1,0.08343647733889611,57
1265,5,2606,937,1669,0,0,0,1.0,1,1.0,1,1.0,1,0.09858432552803713,56
1266,2,2608,938,1670,0,0,0,1.0,1,1.0,1,1.0,1,0.11241270060409968,55
1267,5,2613,940,1673,0,0,0,1.0,1,1.0,1,1.0,1,0.1377807780130193,53
1268,4,2617,943,1674,0,0,0,1.0,1,1.0,1,1.0,1,0.19480191730248528,52
1269,7,2624,944,1680,0,0,0,1.0,1,1.0,1,1.0,1,0.10583387121796352,51
1270,3,2627,944,1683,0,0,0,1.0,1,1.0,1,1.0,1,0.12668387856495822,47
1271,3,2630,945,1685,0,0,0,1.0,1,1.0,1,1.0,1,0.14145347645313713,46
1272,0,2630,945,1685,0,0,0,1.0,1,1.0,1,1.0,1,0.18063267151642465,43
1273,6,2636,946,1690,0,0,0,1.0,1,1.0,1,1.0,1,0.09561699848029714,44
1274,2,2638,947,1691,0,0,0,1.0,1,1.0,1,1.0,1,0.12526048836171103,44
1275,3,2641,949,1692,0,0,0,1.0,1,1.0,1,1.0,1,0.13362471047941815,45
1276,0,2641,949,1692,0,0,0,1.0,1,1.0,1,1.0,1,0.14922573446596174,43
1277,7,2648,951,1697,0,0,0,1.0,1,1.0,1,1.0,1,0.10409775965502445,44
1278,3,2651,954,1697,0,0,0,1.0,1,1.0,1,1.0,1,0.10138089631565683,45
1279,0,2651,954,1697,0,0,0,1.0,1,1.0,1,1.0,1,0.0954043598613694,47
1280,0,2651,954,1697,0,0,0,1.0,1,1.0,1,1.0,1,0.0954043598613694,47
1281,0,2651,954,1697,0,0,0,1.0,1,1.0,1,1.0,1,0.0954043598613694,47
1282,1,2652,955,1697,0,0,0,1.0,1,1.0,1,1.0,1,0.14737492873961008,46
1283,1,2653,956,1697,0,0,0,1.0,1,1.0,1,1.0,1,0.14757136582359462,46
1284,0,2653,956,1697,0,0,0,1.0,1,1.0,1,1.0,1,0.14757136582359462,46
1285,3,2656,957,1699,0,0,0,1.0,1,1.0,1,1.0,1,0.18646563722723988,46
1286,0,2656,957,1699,0,0,0,1.0,1,1.0,1,1.0,1,0.17428648184883905,45
1287,6,2662,958,1704,0,0,0,1.0,1,1.0,1,1.0,1,0.1526216994364362,49
1288,5,2667,958,1709,0,0,0,1.0,1,1.0,1,1.0,1,0.16747365282198445,49
1289,7,2674,959,1715,0,0,0,1.0,1,1.0,1,1.0,1,0.1007726016228705,52
1290,1,2675,960,1715,0,0,0,1.0,1,1.0,1,1.0,1,0.10512798923443421,52
1291,2,2677,960,1717,0,0,0,1.0,1,1.0,1,1.0,1,0.10279779204957919,52
1292,3,2680,960,1720,0,0,0,1.0,1,1.0,1,1.0,1,0.09893233025277694,53
1293,2,2682,960,1722,0,0,0,1.0,1,1.0,1,1.0,1,0.057353843633417,53
1294,0,2682,960,1722,0,0,0,1.0,1,1.0,1,1.0,1,0.057353843633417,53
1295,1,2683,960,1723,0,0,0,1.0,1,1.0,1,1.0,1,0.06029737075993407,54
1296,1,2684,961,1723,0,0,0,1.0,1,1.0,1,1.0,1,0.09247437968663973,55
1297,1,2685,961,1724,0,0,0,1.0,1,1.0,1,1.0,1,0.0965538662983712,54
1298,0,2685,961,1724,0,0,0,1.0,1,1.0,1,1.0,1,0.11002583927874676,55
1299,0,2685,961,1724,0,0,0,1.0,1,1.0,1,1.0,1,0.12383649712675034,54
1300,1,2686,961,1725,0,0,0,1.0,1,1.0,1,1.0,1,0.13666069777009843,55
1301,8,2694,962,1732,0,0,0,1.0,1,1.0,1,1.0,1,0.07204517044531475,54
1302,4,2698,964,1734,0,0,0,1.0,1,1.0,1,1.0,1,0.12075291170922256,54
1303,3,2701,966,1735,0,0,0,1.0,1,1.0,1,1.0,1,0.1956868216675066,50
1304,2,2703,968,1735,0,0,0,1.0,1,1.0,1,1.0,1,0.16703488515973133,51
1305,5,2708,970,1738,0,0,0,1.0,1,1.0,1,1.0,1,0.1487628879433446,48
1306,3,2711,973,1738,0,0,0,1.0,1,1.0,1,1.0,1,0.18459059859389157,48
1307,2,2713,974,1739,0,0,0,1.0,1,1.0,1,1.0,1,0.13934209906399747,48
1308,0,2713,974,1739,0,0,0,1.0,1,1.0,1,1.0,1,0.1379609804516323,46
1309,4,2717,975,1742,0,0,0,1.0,1,1.0,1,1.0,1,0.13367076384973958,47
1310,1,2718,975,1743,0,0,0,1.0,1,1.0,1,1.0,1,0.12074585339874565,46
1311,3,2721,978,1743,0,0,0,1.0,1,1.0,1,1.0,1,0.1947913294267133,46
1312,3,2724,979,1745,0,0,0,1.0,1,1.0,1,1.0,1,0.1342639582117894,45
1313,0,2724,979,1745,0,0,0,1.0,1,1.0,1,1.0,1,0.15342966568461217,44
1314,1,2725,980,1745,0,0,0,1.0,1,1.0,1,1.0,1,0.15370011039124845,42
1315,1,2726,981,1745,0,0,0,1.0,1,1.0,1,1.0,1,0.17712177248112354,40
1316,2,2728,981,1747,0,0,0,1.0,1,1.0,1,1.0,1,0.13893351702118545,42
1317,0,2728,981,1747,0,0,0,1.0,1,1.0,1,1.0,1,0.1824113575991155,42
1318,0,2728,981,1747,0,0,0,1.0,1,1.0,1,1.0,1,0.1824113575991155,42
1319,0,2728,981,1747,0,0,0,1.0,1,1.0,1,1.0,1,0.1824113575991155,42
1320,0,2728,981,1747,0,0,0,1.0,1,1.0,1,1.0,1,0.1824113575991155,42
1321,3,2731,981,1750,0,0,0,1.0,1,1.0,1,1.0,1,0.11874650286941135,45
1322,3,2734,981,1753,0,0,0,1.0,1,1.0,1,1.0,1,0.10348207364382074,45
1323,4,2738,982,1756,0,0,0,1.0,1,1.0,1,1.0,1,0.07242794099774653,46
1324,1,2739,982,1757,0,0,0,1.0,1,1.0,1,1.0,1,0.08224466466455298,45
1325,1,2740,983,1757,0,0,0,1.0,1,1.0,1,1.0,1,0.11963138175394118,46
1326,1,2741,984,1757,0,0,0,1.0,1,1.0,1,1.0,1,0.12340305841905387,45
1327,1,2742,984,1758,0,0,0,1.0,1,1.0,1,1.0,1,0.1307812799835751,46
1328,2,2744,984,1760,0,0,0,1.0,1,1.0,1,1.0,1,0.16105715643601537,47
1329,1,2745,984,1761,0,0,0,1.0,1,1.0,1,1.0,1,0.15120130259469594,47
1330,0,2745,984,1761,0,0,0,1.0,1,1.0,1,1.0,1,0.15978259378510462,46
1331,1,2746,984,1762,0,0,0,1.0,1,1.0,1,1.0,1,0.14090759268398317,46
1332,3,2749,985,1764,0,0,0,1.0,1,1.0,1,1.0,1,0.18285162781009928,49
1333,2,2751,985,1766,0,0,0,1.0,1,1.0,1,1.0,1,0.16094871459743518,50
1334,1,2752,986,1766,0,0,0,1.0,1,1.0,1,1.0,1,0.16697950842459533,50
1335,4,2756,987,1769,0,0,0,1.0,1,1.0,1,1.0,1,0.1758158614878405,52
1336,1,2757,987,1770,0,0,0,1.0,1,1.0,1,1.0,1,0.142519965533519,53
1337,6,2763,989,1774,0,0,0,1.0,1,1.0,1,1.0,1,0.16406898550137036,54
1338,1,2764,990,1774,0,0,0,1.0,1,1.0,1,1.0,1,0.17345565411165811,54
1339,1,2765,990,1775,0,0,0,1.0,1,1.0,1,1.0,1,0.16459597624576686,54
1340,1,2766,990,1776,0,0,0,1.0,1,1.0,1,1.0,1,0.13913094893004996,53
1341,0,2766,990,1776,0,0,0,1.0,1,1.0,1,1.0,1,0.13697166687461587,53
1342,0,2766,990,1776,0,0,0,1.0,1,1.0,1,1.0,1,0.13295753391958948,52
1343,0,2766,990,1776,0,0,0,1.0,1,1.0,1,1.0,1,0.11173563219595385,50
1344,3,2769,992,1777,0,0,0,1.0,1,1.0,1,1.0,1,0.1543087296386681,51
1345,3,2772,992,1780,0,0,0,1.0,1,1.0,1,1.0,1,0.12447882869304383,50
1346,3,2775,995,1780,0,0,0,1.0,1,1.0,1,1.0,1,0.1490520523408546,50
1347,0,2775,995,1780,0,0,0,1.0,1,1.0,1,1.0,1,0.1485873674627426,48
1348,1,2776,995,1781,0,0,0,1.0,1,1.0,1,1.0,1,0.14950006982983266,49
1349,2,2778,995,1783,0,0,0,1.0,1,1.0,1,1.0,1,0.11891110279088378,48
1350,0,2778,995,1783,0,0,0,1.0,1,1.0,1,1.0,1,0.12009564692535418,49
1351,0,2778,995,1783,0,0,0,1.0,1,1.0,1,1.0,1,0.121526700771023,48
1352,2,2780,997,1783,0,0,0,1.0,1,1.0,1,1.0,1,0.08698786299345801,49
1353,0,2780,997,1783,0,0,0,1.0,1,1.0,1,1.0,1,0.09336521892868305,49
1354,1,2781,998,1783,0,0,0,1.0,1,1.0,1,1.0,1,0.09675592083983339,49
1355,0,2781,998,1783,0,0,0,1.0,1,1.0,1,1.0,1,0.08705224696585272,50
1356,2,2783,999,1784,0,0,0,1.0,1,1.0,1,1.0,1,0.1067907991712723,50
1357,4,2787,1001,1786,0,0,0,1.0,1,1.0,1,1.0,1,0.1135296330058966,50
1358,5,2792,1002,1790,0,0,0,1.0,1,1.0,1,1.0,1,0.12953555157700647,51
1359,1,2793,1003,1790,0,0,0,1.0,1,1.0,1,1.0,1,0.16919875992385427,53
1360,2,2795,1003,1792,0,0,0,1.0,1,1.0,1,1.0,1,0.15895964550366434,54
1361,5,2800,1003,1797,0,0,0,1.0,1,1.0,1,1.0,1,0.11580864191927613,54
1362,2,2802,1004,1798,0,0,0,1.0,1,1.0,1,1.0,1,0.11697212654892948,55
1363,2,2804,1005,1799,0,0,0,1.0,1,1.0,1,1.0,1,0.11029637919718545,55
1364,2,2806,1005,1801,0,0,0,1.0,1,1.0,1,1.0,1,0.133751798392568,55
1365,6,2812,1007,1805,0,0,0,1.0,1,1.0,1,1.0,1,0.147071304510618,56
1366,2,2814,1007,1807,0,0,0,1.0,1,1.0,1,1.0,1,0.1342841255787693,56
1367,3,2817,1008,1809,0,0,0,1.0,1,1.0,1,1.0,1,0.11814689593834561,56
1368,3,2820,1009,1811,0,0,0,1.0,1,1.0,1,1.0,1,0.11655684718859347,58
1369,2,2822,1009,1813,0,0,0,1.0,1,1.0,1,1.0,1,0.09793361162695333,59
1370,1,2823,1010,1813,0,0,0,1.0,1,1.0,1,1.0,1,0.09603305597715776,59
1371,3,2826,1010,1816,0,0,0,1.0,1,1.0,1,1.0,1,0.06920609623894731,59
1372,1,2827,1011,1816,0,0,0,1.0,1,1.0,1,1.0,1,0.07592910575984974,59
1373,3,2830,1011,1819,0,0,0,1.0,1,1.0,1,1.0,1,0.03514805092005727,59
1374,2,2832,1012,1820,0,0,0,1.0,1,1.0,1,1.0,1,0.05557109605364915,60
1375,1,2833,1012,1821,0,0,0,1.0,1,1.0,1,1.0,1,0.09163062221428844,61
1376,3,2836,1012,1824,0,0,0,1.0,1,1.0,1,1.0,1,0.11028284273513218,61
1377,2,2838,1014,1824,0,0,0,1.0,1,1.0,1,1.0,1,0.1158938720883026,61
1378,2,2840,1015,1825,0,0,0,1.0,1,1.0,1,1.0,1,0.14734870583603293,61
1379,2,2842,1015,1827,0,0,0,1.0,1,1.0,1,1.0,1,0.11258244171452787,60
1380,4,2846,1017,1829,0,0,0,1.0,1,1.0,1,1.0,1,0.12626732049459644,60
1381,3,2849,1018,1831,0,0,0,1.0,1,1.0,1,1.0,1,0.11901433345557759,58
1382,2,2851,1019,1832,0,0,0,1.0,1,1.0,1,1.0,1,0.13370156722656143,58
1383,4,2855,1022,1833,0,0,0,1.0,1,1.0,1,1.0,1,0.1139369833851428,57
1384,5,2860,1026,1834,0,0,0,1.0,1,1.0,1,1.0,1,0.10811926013570022,54
1385,4,2864,1027,1837,0,0,0,1.0,1,1.0,1,1.0,1,0.10862304199391849,52
1386,1,2865,1027,1838,0,0,0,1.0,1,1.0,1,1.0,1,0.12430525332798927,51
1387,3,2868,1027,1841,0,0,0,1.0,1,1.0,1,1.0,1,0.13590758423472185,51
1388,2,2870,1029,1841,0,0,0,1.0,1,1.0,1,1.0,1,0.11757675305312232,52
1389,4,2874,1029,1845,0,0,0,1.0,1,1.0,1,1.0,1,0.10967029793653156,50
1390,2,2876,1030,1846,0,0,0,1.0,1,1.0,1,1.0,1,0.09811901218653278,51
1391,0,2876,1030,1846,0,0,0,1.0,1,1.0,1,1.0,1,0.10920136911721352,50
1392,1,2877,1031,1846,0,0,0,1.0,1,1.0,1,1.0,1,0.08961400959923173,50
1393,1,2878,1031,1847,0,0,0,1.0,1,1.0,1,1.0,1,0.09438236361913578,49
1394,2,2880,1032,1848,0,0,0,1.0,1,1.0,1,1.0,1,0.11831253134240784,50
1395,1,2881,1032,1849,0,0,0,1.0,1,1.0,1,1.0,1,0.1118617156336011,51
1396,1,2882,1032,1850,0,0,0,1.0,1,1.0,1,1.0,1,0.11896165293544118,52
1397,1,2883,1033,1850,0,0,0,1.0,1,1.0,1,1.0,1,0.13511272089684007,52
1398,1,2884,1034,1850,0,0,0,1.0,1,1.0,1,1.0,1,0.12804472425094848,53
1399,6,2890,1036,1854,0,0,0,1.0,1,1.0,1,1.0,1,0.14029645951919875,54
1400,1,2891,1037,1854,0,0,0,1.0,1,1.0,1,1.0,1,0.1473019690648292,54
1401,1,2892,1037,1855,0,0,0,1.0,1,1.0,1,1.0,1,0.14221555698280441,54
1402,3,2895,1039,1856,0,0,0,1.0,1,1.0,1,1.0,1,0.1616560947357413,53
1403,0,2895,1039,1856,0,0,0,1.0,1,1.0,1,1.0,1,0.1792353004264986,52
1404,1,2896,1039,1857,0,0,0,1.0,1,1.0,1,1.0,1,0.17727879096857638,53
1405,0,2896,1039,1857,0,0,0,1.0,1,1.0,1,1.0,1,0.18316596693591164,52
1406,0,2896,1039,1857,0,0,0,1.0,1,1.0,1,1.0,1,0.16926159444143699,53
1407,1,2897,1039,1858,0,0,0,1.0,1,1.0,1,1.0,1,0.17158642636632104,54
1408,0,2897,1039,1858,0,0,0,1.0,1,1.0,1,1.0,1,0.183623102447949,53
1409,0,2897,1039,1858,0,0,0,1.0,1,1.0,1,1.0,1,0.18736636618795263,55
1410,0,2897,1039,1858,0,0,0,1.0,1,1.0,1,1.0,1,0.19245852451844492,54
1411,1,2898,1039,1859,0,0,0,1.0,1,1.0,1,1.0,1,0.1779872416639574,54
1412,0,2898,1039,1859,0,0,0,1.0,1,1.0,1,1.0,1,0.18720442823704667,53
1413,4,2902,1039,1863,0,0,0,1.0,1,1.0,1,1.0,1,0.16329353172541694,54
1414,2,2904,1039,1865,0,0,0,1.0,1,1.0,1,1.0,1,0.15368002267444317,55
1415,3,2907,1039,1868,0,0,0,1.0,1,1.0,1,1.0,1,0.11716071245942478,57
1416,6,2913,1040,1873,0,0,0,1.0,1,1.0,1,1.0,1,0.14108876549196006,59
1417,3,2916,1042,1874,0,0,0,1.0,1,1.0,1,1.0,1,0.18734747279219124,58
1418,4,2920,1043,1877,0,0,0,1.0,1,1.0,1,1.0,1,0.15623316717183988,57
1419,1,2921,1044,1877,0,0,0,1.0,1,1.0,1,1.0,1,0.1828670064091636,56
1420,1,2922,1044,1878,0,0,0,1.0,1,1.0,1,1.0,1,0.19738011640412256,54
1421,3,2925,1044,1881,0,0,0,1.0,1,1.0,1,1.0,1,0.15195282074828717,55
1422,0,2925,1044,1881,0,0,0,1.0,1,1.0,1,1.0,1,0.1592333225518025,52
1423,1,2926,1045,1881,0,0,0,1.0,1,1.0,1,1.0,1,0.17083629271141437,52
1424,3,2929,1048,1881,0,0,0,1.0,1,1.0,1,1.0,1,0.17239758099087849,51
1425,4,2933,1048,1885,0,0,0,1.0,1,1.0,1,1.0,1,0.15101661934144298,50
1426,7,2940,1051,1889,0,0,0,1.0,1,1.0,1,1.0,1,0.13448955377266217,50
1427,3,2943,1051,1892,0,0,0,1.0,1,1.0,1,1.0,1,0.15151492704089786,48
1428,3,2946,1052,1894,0,0,0,1.0,1,1.0,1,1.0,1,0.16256545689212815,48
1429,4,2950,1052,1898,0,0,0,1.0,1,1.0,1,1.0,1,0.1554493336824228,48
1430,1,2951,1052,1899,0,0,0,1.0,1,1.0,1,1.0,1,0.15778301331170075,48
1431,0,2951,1052,1899,0,0,0,1.0,1,1.0,1,1.0,1,0.15778301331170075,48
1432,2,2953,1052,1901,0,0,0,1.0,1,1.0,1,1.0,1,0.13767084840042423,50
1433,1,2954,1052,1902,0,0,0,1.0,1,1.0,1,1.0,1,0.1081814580738835,51
1434,4,2958,1055,1903,0,0,0,1.0,1,1.0,1,1.0,1,0.13348545635093062,51
1435,6,2964,1058,1906,0,0,0,1.0,1,1.0,1,1.0,1,0.08793081393441742,50
1436,1,2965,1059,1906,0,0,0,1.0,1,1.0,1,1.0,1,0.12229658520287666,51
1437,2,2967,1059,1908,0,0,0,1.0,1,1.0,1,1.0,1,0.10504705389355264,51
1438,2,2969,1061,1908,0,0,0,1.0,1,1.0,1,1.0,1,0.14750841253020333,51
1439,6,2975,1064,1911,0,0,0,1.0,1,1.0,1,1.0,1,0.2174891792135102,50
1440,6,2981,1065,1916,0,0,0,1.0,1,1.0,1,1.0,1,0.2428255616248548,51
1441,6,2987,1065,1922,0,0,0,1.0,1,1.0,1,1.0,1,0.15984189887893344,51
1442,4,2991,1067,1924,0,0,0,1.0,1,1.0,1,1.0,1,0.15663136586182988,52
1443,7,2998,1067,1931,0,0,0,1.0,1,1.0,1,1.0,1,0.18944101075950096,53
1444,6,3004,1067,1937,0,0,0,1.0,1,1.0,1,1.0,1,0.17648564598273545,54
1445,3,3007,1067,1940,0,0,0,1.0,1,1.0,1,1.0,1,0.09563260091963684,54
1446,3,3010,1067,1943,0,0,0,1.0,1,1.0,1,1.0,1,0.08936209112955212,54
1447,0,3010,1067,1943,0,0,0,1.0,1,1.0,1,1.0,1,0.07659676422561071,55
1448,1,3011,1067,1944,0,0,0,1.0,1,1.0,1,1.0,1,0.05968138143550497,55
1449,0,3011,1067,1944,0,0,0,1.0,1,1.0,1,1.0,1,0.05968138143550497,55
1450,0,3011,1067,1944,0,0,0,1.0,1,1.0,1,1.0,1,0.07787704015821778,57
1451,0,3011,1067,1944,0,0,0,1.0,1,1.0,1,1.0,1,0.07787704015821778,57
1452,0,3011,1067,1944,0,0,0,1.0,1,1.0,1,1.0,1,0.07787704015821778,57
1453,2,3013,1069,1944,0,0,0,1.0,1,1.0,1,1.0,1,0.14754158446532373,57
1454,4,3017,1069,1948,0,0,0,1.0,1,1.0,1,1.0,1,0.12009672924857269,58
1455,1,3018,1069,1949,0,0,0,1.0,1,1.0,1,1.0,1,0.12445246138358732,56
1456,1,3019,1070,1949,0,0,0,1.0,1,1.0,1,1.0,1,0.13353140978371786,55
1457,5,3024,1070,1954,0,0,0,1.0,1,1.0,1,1.0,1,0.08373330219431302,54
1458,3,3027,1071,1956,0,0,0,1.0,1,1.0,1,1.0,1,0.08179447922155841,53
1459,2,3029,1071,1958,0,0,0,1.0,1,1.0,1,1.0,1,0.09670476338197942,52
1460,2,3031,1071,1960,0,0,0,1.0,1,1.0,1,1.0,1,0.09096408536726064,51
1461,2,3033,1073,1960,0,0,0,1.0,1,1.0,1,1.0,1,0.09459152490308229,51
1462,1,3034,1074,1960,0,0,0,1.0,1,1.0,1,1.0,1,0.12874793626329514,51
1463,3,3037,1075,1962,0,0,0,1.0,1,1.0,1,1.0,1,0.12673604534738186,52
1464,4,3041,1077,1964,0,0,0,1.0,1,1.0,1,1.0,1,0.14867879511182677,52
1465,3,3044,1077,1967,0,0,0,1.0,1,1.0,1,1.0,1,0.1259166612488175,51
1466,6,3050,1080,1970,0,0,0,1.0,1,1.0,1,1.0,1,0.13700514536834255,50
1467,3,3053,1080,1973,0,0,0,1.0,1,1.0,1,1.0,1,0.17313430606008118,48
1468,5,3058,1083,1975,0,0,0,1.0,1,1.0,1,1.0,1,0.1596106214822483,48
1469,12,3070,1085,1985,0,0,0,1.0,1,1.0,1,1.0,1,0.14342677408616938,48
1470,6,3076,1087,1989,0,0,0,1.0,1,1.0,1,1.0,1,0.17495998806652968,48
1471,6,3082,1089,1993,0,0,0,1.0,1,1.0,1,1.0,1,0.13926964068882525,45
1472,0,3082,1089,1993,0,0,0,1.0,1,1.0,1,1.0,1,0.13603685568634089,45
1473,4,3086,1089,1997,0,0,0,1.0,1,1.0,1,1.0,1,0.06627600025268665,46
1474,1,3087,1089,1998,0,0,0,1.0,1,1.0,1,1.0,1,0.08225157506824053,46
1475,0,3087,1089,1998,0,0,0,1.0,1,1.0,1,1.0,1,0.08225157506824053,46
1476,0,3087,1089,1998,0,0,0,1.0,1,1.0,1,1.0,1,0.09400301540559615,47
1477,1,3088,1090,1998,0,0,0,1.0,1,1.0,1,1.0,1,0.09080312853590082,47
1478,2,3090,1091,1999,0,0,0,1.0,1,1.0,1,1.0,1,0.13656574163137764,47
1479,0,3090,1091,1999,0,0,0,1.0,1,1.0,1,1.0,1,0.14178224849038257,48
1480,2,3092,1092,2000,0,0,0,1.0,1,1.0,1,1.0,1,0.13561962407829978,47
1481,2,3094,1093,2001,0,0,0,1.0,1,1.0,1,1.0,1,0.14125029574996878,47
1482,1,3095,1094,2001,0,0,0,1.0,1,1.0,1,1.0,1,0.13812958151428936,46
1483,2,3097,1095,2002,0,0,0,1.0,1,1.0,1,1.0,1,0.1554794582917913,47
1484,3,3100,1096,2004,0,0,0,1.0,1,1.0,1,1.0,1,0.13027079515330628,47
1485,3,3103,1096,2007,0,0,0,1.0,1,1.0,1,1.0,1,0.141930155675213,47
1486,3,3106,1096,2010,0,0,0,1.0,1,1.0,1,1.0,1,0.12023350412193258,49
1487,1,3107,1097,2010,0,0,0,1.0,1,1.0,1,1.0,1,0.11215168488542139,49
1488,1,3108,1098,2010,0,0,0,1.0,1,1.0,1,1.0,1,0.1187986627756524,51
1489,2,3110,1099,2011,0,0,0,1.0,1,1.0,1,1.0,1,0.12067896183145893,52
1490,2,3112,1100,2012,0,0,0,1.0,1,1.0,1,1.0,1,0.14123380614851808,52
1491,5,3117,1103,2014,0,0,0,1.0,1,1.0,1,1.0,1,0.17293001610359157,53
1492,8,3125,1106,2019,0,0,0,1.0,1,1.0,1,1.0,1,0.19335033157810513,53
1493,7,3132,1108,2024,0,0,0,1.0,1,1.0,1,1.0,1,0.1351580440363536,52
1494,2,3134,1108,2026,0,0,0,1.0,1,1.0,1,1.0,1,0.11308105319045722,50
1495,2,3136,1110,2026,0,0,0,1.0,1,1.0,1,1.0,1,0.12621733963293916,50
1496,3,3139,1112,2027,0,0,0,1.0,1,1.0,1,1.0,1,0.1708031975737667,52
1497,5,3144,1113,2031,0,0,0,1.0,1,1.0,1,1.0,1,0.09377938715415754,51
1498,0,3144,1113,2031,0,0,0,1.0,1,1.0,1,1.0,1,0.09589707471098072,50
1499,0,3144,1113,2031,0,0,0,1.0,1,1.0,1,1.0,1,0.10738758485056445,50
1500,1,3145,1114,2031,0,0,0,1.0,1,1.0,1,1.0,1,0.15882471930663977,49
1501,7,3152,1114,2038,0,0,0,1.0,1,1.0,1,1.0,1,0.12888691297984728,47
1502,3,3155,1115,2040,0,0,0,1.0,1,1.0,1,1.0,1,0.09945346772883967,47
1503,2,3157,1115,2042,0,0,0,1.0,1,1.0,1,1.0,1,0.11462964028214362,47
1504,8,3165,1118,2047,0,0,0,1.0,1,1.0,1,1.0,1,0.19260773702732703,48
1505,8,3173,1120,2053,0,0,0,1.0,1,1.0,1,1.0,1,0.12778586359552047,47
1506,2,3175,1121,2054,0,0,0,1.0,1,1.0,1,1.0,1,0.12405182481033683,47
1507,1,3176,1122,2054,0,0,0,1.0,1,1.0,1,1.0,1,0.1636570495608853,45
1508,3,3179,1124,2055,0,0,0,1.0,1,1.0,1,1.0,1,0.15475517894447854,45
1509,3,3182,1126,2056,0,0,0,1.0,1,1.0,1,1.0,1,0.1341094461041234,44
1510,3,3185,1129,2056,0,0,0,1.0,1,1.0,1,1.0,1,0.23213418944428948,42
1511,1,3186,1129,2057,0,0,0,1.0,1,1.0,1,1.0,1,0.2135911559903083,40
1512,4,3190,1131,2059,0,0,0,1.0,1,1.0,1,1.0,1,0.23837306300616337,39
1513,7,3197,1132,2065,0,0,0,1.0,1,1.0,1,1.0,1,0.11281306713496278,39
1514,1,3198,1132,2066,0,0,0,1.0,1,1.0,1,1.0,1,0.1258278110852107,38
1515,4,3202,1133,2069,0,0,0,1.0,1,1.0,1,1.0,1,0.14336058670026322,39
1516,2,3204,1133,2071,0,0,0,1.0,1,1.0,1,1.0,1,0.14336058670026322,39
1517,4,3208,1135,2073,0,0,0,1.0,1,1.0,1,1.0,1,0.16952831697238255,39
1518,2,3210,1135,2075,0,0,0,1.0,1,1.0,1,1.0,1,0.13452200062058564,39
1519,0,3210,1135,2075,0,0,0,1.0,1,1.0,1,1.0,1,0.13452200062058564,39
1520,2,3212,1137,2075,0,0,0,1.0,1,1.0,1,1.0,1,0.2262450180718337,39
1521,6,3218,1137,2081,0,0,0,1.0,1,1.0,1,1.0,1,0.09820088299401025,40
1522,1,3219,1137,2082,0,0,0,1.0,1,1.0,1,1.0,1,0.08773657083877993,40
1523,0,3219,1137,2082,0,0,0,1.0,1,1.0,1,1.0,1,0.09983434285175458,41
1524,1,3220,1138,2082,0,0,0,1.0,1,1.0,1,1.0,1,0.14712416401012013,42
1525,2,3222,1138,2084,0,0,0,1.0,1,1.0,1,1.0,1,0.10701748315359762,45
1526,0,3222,1138,2084,0,0,0,1.0,1,1.0,1,1.0,1,0.11979351554060667,46
1527,0,3222,1138,2084,0,0,0,1.0,1,1.0,1,1.0,1,0.11979351554060667,46
1528,2,3224,1139,2085,0,0,0,1.0,1,1.0,1,1.0,1,0.11437982509139298,47
1529,0,3224,1139,2085,0,0,0,1.0,1,1.0,1,1.0,1,0.11437982509139298,47
1530,1,3225,1139,2086,0,0,0,1.0,1,1.0,1,1.0,1,0.09903247011358762,48
1531,1,3226,1139,2087,0,0,0,1.0,1,1.0,1,1.0,1,0.08607616705506993,46
1532,0,3226,1139,2087,0,0,0,1.0,1,1.0,1,1.0,1,0.08316031465215608,47
1533,1,3227,1139,2088,0,0,0,1.0,1,1.0,1,1.0,1,0.06418949960314749,46
1534,0,3227,1139,2088,0,0,0,1.0,1,1.0,1,1.0,1,0.05758495736242235,47
1535,1,3228,1140,2088,0,0,0,1.0,1,1.0,1,1.0,1,0.055754794968333424,47
1536,0,3228,1140,2088,0,0,0,1.0,1,1.0,1,1.0,1,0.06906969824948002,48
1537,1,3229,1140,2089,0,0,0,1.0,1,1.0,1,1.0,1,0.0748623982463221,46
1538,0,3229,1140,2089,0,0,0,1.0,1,1.0,1,1.0,1,0.09440084632165723,47
1539,0,3229,1140,2089,0,0,0,1.0,1,1.0,1,1.0,1,0.10825071098938577,47
1540,4,3233,1142,2091,0,0,0,1.0,1,1.0,1,1.0,1,0.11137135970489233,47
1541,1,3234,1142,2092,0,0,0,1.0,1,1.0,1,1.0,1,0.09291414591782166,47
1542,3,3237,1144,2093,0,0,0,1.0,1,1.0,1,1.0,1,0.14938132500228982,50
1543,4,3241,1146,2095,0,0,0,1.0,1,1.0,1,1.0,1,0.11126860623911738,47
1544,5,3246,1149,2097,0,0,0,1.0,1,1.0,1,1.0,1,0.15008683483536012,48
1545,5,3251,1151,2100,0,0,0,1.0,1,1.0,1,1.0,1,0.06840389154245628,47
1546,3,3254,1153,2101,0,0,0,1.0,1,1.0,1,1.0,1,0.09194682045348708,47
1547,2,3256,1155,2101,0,0,0,1.0,1,1.0,1,1.0,1,0.12534523956437804,47
1548,4,3260,1159,2101,0,0,0,1.0,1,1.0,1,1.0,1,0.15412335621237713,47
1549,11,3271,1163,2108,0,0,0,1.0,1,1.0,1,1.0,1,0.112854470199076,46
1550,3,3274,1164,2110,0,0,0,1.0,1,1.0,1,1.0,1,0.1626486060927847,44
1551,7,3281,1167,2114,0,0,0,1.0,1,1.0,1,1.0,1,0.18791386159196474,45
1552,6,3287,1169,2118,0,0,0,1.0,1,1.0,1,1.0,1,0.15960446690109195,43
1553,5,3292,1172,2120,0,0,0,1.0,1,1.0,1,1.0,1,0.12371322295088875,43
1554,1,3293,1173,2120,0,0,0,1.0,1,1.0,1,1.0,1,0.11969794307809212,41
1555,1,3294,1173,2121,0,0,0,1.0,1,1.0,1,1.0,1,0.13201973873009235,44
1556,3,3297,1174,2123,0,0,0,1.0,1,1.0,1,1.0,1,0.13666881805981115,45
1557,4,3301,1175,2126,0,0,0,1.0,1,1.0,1,1.0,1,0.11924665380656142,45
1558,3,3304,1175,2129,0,0,0,1.0,1,1.0,1,1.0,1,0.0940620184849327,46
1559,1,3305,1175,2130,0,0,0,1.0,1,1.0,1,1.0,1,0.10174412953401074,47
1560,1,3306,1176,2130,0,0,0,1.0,1,1.0,1,1.0,1,0.08170288678607261,46
1561,1,3307,1177,2130,0,0,0,1.0,1,1.0,1,1.0,1,0.10357347880074332,47
1562,0,3307,1177,2130,0,0,0,1.0,1,1.0,1,1.0,1,0.10878740770608068,47
1563,0,3307,1177,2130,0,0,0,1.0,1,1.0,1,1.0,1,0.10878740770608068,47
1564,1,3308,1177,2131,0,0,0,1.0,1,1.0,1,1.0,1,0.08951436391201546,47
1565,1,3309,1177,2132,0,0,0,1.0,1,1.0,1,1.0,1,0.10605584127280467,48
1566,1,3310,1177,2133,0,0,0,1.0,1,1.0,1,1.0,1,0.09361132522059186,48
1567,1,3311,1177,2134,0,0,0,1.0,1,1.0,1,1.0,1,0.08821804295532362,48
1568,2,3313,1178,2135,0,0,0,1.0,1,1.0,1,1.0,1,0.1137237006934104,48
1569,0,3313,1178,2135,0,0,0,1.0,1,1.0,1,1.0,1,0.09943327741243892,45
1570,0,3313,1178,2135,0,0,0,1.0,1,1.0,1,1.0,1,0.10309407408252479,44
1571,4,3317,1182,2135,0,0,0,1.0,1,1.0,1,1.0,1,0.1389591785567942,42
1572,2,3319,1182,2137,0,0,0,1.0,1,1.0,1,1.0,1,0.19145634630083497,43
1573,5,3324,1183,2141,0,0,0,1.0,1,1.0,1,1.0,1,0.13953331968380292,43
1574,2,3326,1185,2141,0,0,0,1.0,1,1.0,1,1.0,1,0.1116833039685986,42
1575,4,3330,1187,2143,0,0,0,1.0,1,1.0,1,1.0,1,0.14550661298510276,43
1576,4,3334,1190,2144,0,0,0,1.0,1,1.0,1,1.0,1,0.1800296453611648,41
1577,5,3339,1192,2147,0,0,0,1.0,1,1.0,1,1.0,1,0.15207043791069164,40
1578,1,3340,1192,2148,0,0,0,1.0,1,1.0,1,1.0,1,0.14330376139117193,40
1579,0,3340,1192,2148,0,0,0,1.0,1,1.0,1,1.0,1,0.1435139983770946,40
1580,0,3340,1192,2148,0,0,0,1.0,1,1.0,1,1.0,1,0.1435139983770946,40
1581,2,3342,1193,2149,0,0,0,1.0,1,1.0,1,1.0,1,0.139139623783438,40
1582,7,3349,1196,2153,0,0,0,1.0,1,1.0,1,1.0,1,0.11236248970522049,40
1583,0,3349,1196,2153,0,0,0,1.0,1,1.0,1,1.0,1,0.11507362248045991,38
1584,4,3353,1198,2155,0,0,0,1.0,1,1.0,1,1.0,1,0.10297576975183749,39
1585,4,3357,1201,2156,0,0,0,1.0,1,1.0,1,1.0,1,0.09988428658952256,38
1586,2,3359,1203,2156,0,0,0,1.0,1,1.0,1,1.0,1,0.16402683660941944,38
1587,5,3364,1207,2157,0,0,0,1.0,1,1.0,1,1.0,1,0.18618443907172572,37
1588,7,3371,1209,2162,0,0,0,1.0,1,1.0,1,1.0,1,0.10023692172196322,39
1589,3,3374,1211,2163,0,0,0,1.0,1,1.0,1,1.0,1,0.15221144866320646,37
1590,1,3375,1211,2164,0,0,0,1.0,1,1.0,1,1.0,1,0.14853615045967558,37
1591,5,3380,1214,2166,0,0,0,1.0,1,1.0,1,1.0,1,0.19566108112899344,36
1592,2,3382,1214,2168,0,0,0,1.0,1,1.0,1,1.0,1,0.16162838198538979,34
1593,3,3385,1215,2170,0,0,0,1.0,1,1.0,1,1.0,1,0.15514930279204828,33
1594,0,3385,1215,2170,0,0,0,1.0,1,1.0,1,1.0,1,0.21694331007139636,31
1595,3,3388,1216,2172,0,0,0,1.0,1,1.0,1,1.0,1,0.164695392965621,34
1596,0,3388,1216,2172,0,0,0,1.0,1,1.0,1,1.0,1,0.18598034241640146,33
1597,2,3390,1216,2174,0,0,0,1.0,1,1.0,1,1.0,1,0.12671908657672606,33
1598,0,3390,1216,2174,0,0,0,1.0,1,1.0,1,1.0,1,0.13872381063405895,33
1599,0,3390,1216,2174,0,0,0,1.0,1,1.0,1,1.0,1,0.13872381063405895,33
1600,1,3391,1217,2174,0,0,0,1.0,1,1.0,1,1.0,1,0.1714207116130228,34
1601,2,3393,1218,2175,0,0,0,1.0,1,1.0,1,1.0,1,0.17769346164553942,35
1602,1,3394,1218,2176,0,0,0,1.0,1,1.0,1,1.0,1,0.1540109931646658,36
1603,2,3396,1218,2178,0,0,0,1.0,1,1.0,1,1.0,1,0.1542924413281751,38
1604,3,3399,1219,2180,0,0,0,1.0,1,1.0,1,1.0,1,0.15559576348223897,38
1605,1,3400,1219,2181,0,0,0,1.0,1,1.0,1,1.0,1,0.10596586871173339,38
1606,3,3403,1221,2182,0,0,0,1.0,1,1.0,1,1.0,1,0.15697987236306127,39
1607,1,3404,1221,2183,0,0,0,1.0,1,1.0,1,1.0,1,0.15993562732459232,37
1608,6,3410,1224,2186,0,0,0,1.0,1,1.0,1,1.0,1,0.1721471614553484,36
1609,3,3413,1224,2189,0,0,0,1.0,1,1.0,1,1.0,1,0.13214640568633754,34
1610,2,3415,1225,2190,0,0,0,1.0,1,1.0,1,1.0,1,0.13113009148687851,34
1611,2,3417,1226,2191,0,0,0,1.0,1,1.0,1,1.0,1,0.12385838332046241,35
1612,0,3417,1226,2191,0,0,0,1.0,1,1.0,1,1.0,1,0.15235197891549473,33
1613,3,3420,1227,2193,0,0,0,1.0,1,1.0,1,1.0,1,0.1673536936378686,34
1614,0,3420,1227,2193,0,0,0,1.0,1,1.0,1,1.0,1,0.1713545904230494,35
1615,0,3420,1227,2193,0,0,0,1.0,1,1.0,1,1.0,1,0.1713545904230494,35
1616,1,3421,1227,2194,0,0,0,1.0,1,1.0,1,1.0,1,0.14066131554942954,37
1617,1,3422,1228,2194,0,0,0,1.0,1,1.0,1,1.0,1,0.18153745256953924,38
1618,2,3424,1229,2195,0,0,0,1.0,1,1.0,1,1.0,1,0.14262354854152304,38
1619,1,3425,1230,2195,0,0,0,1.0,1,1.0,1,1.0,1,0.19321167226295324,38
1620,3,3428,1231,2197,0,0,0,1.0,1,1.0,1,1.0,1,0.15944558754710117,39
1621,5,3433,1231,2202,0,0,0,1.0,1,1.0,1,1.0,1,0.08414488173623078,37
1622,2,3435,1233,2202,0,0,0,1.0,1,1.0,1,1.0,1,0.1475255614526227,37
1623,3,3438,1236,2202,0,0,0,1.0,1,1.0,1,1.0,1,0.22402004494564667,37
1624,3,3441,1237,2204,0,0,0,1.0,1,1.0,1,1.0,1,0.19642426104804994,37
1625,3,3444,1237,2207,0,0,0,1.0,1,1.0,1,1.0,1,0.14630991684624814,35
1626,0,3444,1237,2207,0,0,0,1.0,1,1.0,1,1.0,1,0.14630991684624814,35
1627,0,3444,1237,2207,0,0,0,1.0,1,1.0,1,1.0,1,0.13556221995809226,34
1628,1,3445,1237,2208,0,0,0,1.0,1,1.0,1,1.0,1,0.10531011173881032,35
1629,4,3449,1240,2209,0,0,0,1.0,1,1.0,1,1.0,1,0.14489065576103674,34
1630,0,3449,1240,2209,0,0,0,1.0,1,1.0,1,1.0,1,0.14221220697072764,32
1631,1,3450,1240,2210,0,0,0,1.0,1,1.0,1,1.0,1,0.1632129191736076,33
1632,1,3451,1241,2210,0,0,0,1.0,1,1.0,1,1.0,1,0.21988140773693035,32
1633,2,3453,1242,2211,0,0,0,1.0,1,1.0,1,1.0,1,0.1936619734753437,31
1634,1,3454,1242,2212,0,0,0,1.0,1,1.0,1,1.0,1,0.16236147801776024,31
1635,1,3455,1242,2213,0,0,0,1.0,1,1.0,1,1.0,1,0.15650557168008267,31
1636,1,3456,1242,2214,0,0,0,1.0,1,1.0,1,1.0,1,0.16848355318752356,33
1637,2,3458,1242,2216,0,0,0,1.0,1,1.0,1,1.0,1,0.10580013256469553,33
1638,0,3458,1242,2216,0,0,0,1.0,1,1.0,1,1.0,1,0.10678068203367355,36
1639,2,3460,1243,2217,0,0,0,1.0,1,1.0,1,1.0,1,0.05663724547267388,36
1640,0,3460,1243,2217,0,0,0,1.0,1,1.0,1,1.0,1,0.05663724547267388,36
1641,0,3460,1243,2217,0,0,0,1.0,1,1.0,1,1.0,1,0.08526937934025854,38
1642,1,3461,1244,2217,0,0,0,1.0,1,1.0,1,1.0,1,0.13716642012432084,37
1643,2,3463,1246,2217,0,0,0,1.0,1,1.0,1,1.0,1,0.13425906979541175,37
1644,6,3469,1249,2220,0,0,0,1.0,1,1.0,1,1.0,1,0.22956810176653222,38
1645,2,3471,1249,2222,0,0,0,1.0,1,1.0,1,1.0,1,0.13990848056423436,36
1646,2,3473,1250,2223,0,0,0,1.0,1,1.0,1,1.0,1,0.1348871654565401,37
1647,2,3475,1251,2224,0,0,0,1.0,1,1.0,1,1.0,1,0.1624528071576672,35
1648,1,3476,1251,2225,0,0,0,1.0,1,1.0,1,1.0,1,0.1687507176280864,38
1649,2,3478,1252,2226,0,0,0,1.0,1,1.0,1,1.0,1,0.19851950681196515,35
1650,0,3478,1252,2226,0,0,0,1.0,1,1.0,1,1.0,1,0.20832286598692792,34
1651,0,3478,1252,2226,0,0,0,1.0,1,1.0,1,1.0,1,0.24947070523136913,32
1652,0,3478,1252,2226,0,0,0,1.0,1,1.0,1,1.0,1,0.2499596489996938,33
1653,2,3480,1252,2228,0,0,0,1.0,1,1.0,1,1.0,1,0.21248223700487023,33
1654,1,3481,1252,2229,0,0,0,1.0,1,1.0,1,1.0,1,0.18001184076332896,34
1655,1,3482,1253,2229,0,0,0,1.0,1,1.0,1,1.0,1,0.19912498532372114,35
1656,2,3484,1253,2231,0,0,0,1.0,1,1.0,1,1.0,1,0.14774662338245237,35
1657,1,3485,1253,2232,0,0,0,1.0,1,1.0,1,1.0,1,0.13659117316079306,36
1658,1,3486,1254,2232,0,0,0,1.0,1,1.0,1,1.0,1,0.12691264287801235,36
1659,0,3486,1254,2232,0,0,0,1.0,1,1.0,1,1.0,1,0.12691264287801235,36
1660,5,3491,1257,2234,0,0,0,1.0,1,1.0,1,1.0,1,0.12792635326281437,38
1661,1,3492,1257,2235,0,0,0,1.0,1,1.0,1,1.0,1,0.1051156153119152,38
1662,5,3497,1260,2237,0,0,0,1.0,1,1.0,1,1.0,1,0.0810500439121139,39
1663,1,3498,1261,2237,0,0,0,1.0,1,1.0,1,1.0,1,0.11694963766024244,40
1664,0,3498,1261,2237,0,0,0,1.0,1,1.0,1,1.0,1,0.15791407918030453,39
1665,7,3505,1262,2243,0,0,0,1.0,1,1.0,1,1.0,1,0.132664973381142,40
1666,0,3505,1262,2243,0,0,0,1.0,1,1.0,1,1.0,1,0.16806378605359876,40
1667,3,3508,1263,2245,0,0,0,1.0,1,1.0,1,1.0,1,0.16575231042933344,40
1668,3,3511,1264,2247,0,0,0,1.0,1,1.0,1,1.0,1,0.16159663326032705,41
1669,0,3511,1264,2247,0,0,0,1.0,1,1.0,1,1.0,1,0.142750916253508,40
1670,0,3511,1264,2247,0,0,0,1.0,1,1.0,1,1.0,1,0.142750916253508,40
1671,4,3515,1266,2249,0,0,0,1.0,1,1.0,1,1.0,1,0.13332373549273846,41
1672,2,3517,1268,2249,0,0,0,1.0,1,1.0,1,1.0,1,0.19509207314838867,40
1673,1,3518,1268,2250,0,0,0,1.0,1,1.0,1,1.0,1,0.16015279305468394,39
1674,3,3521,1270,2251,0,0,0,1.0,1,1.0,1,1.0,1,0.19000827947981808,40
1675,0,3521,1270,2251,0,0,0,1.0,1,1.0,1,1.0,1,0.18854888106667442,38
1676,2,3523,1270,2253,0,0,0,1.0,1,1.0,1,1.0,1,0.13378598637152467,39
1677,1,3524,1270,2254,0,0,0,1.0,1,1.0,1,1.0,1,0.12180070757198047,39
1678,0,3524,1270,2254,0,0,0,1.0,1,1.0,1,1.0,1,0.12180070757198047,39
1679,0,3524,1270,2254,0,0,0,1.0,1,1.0,1,1.0,1,0.12180070757198047,39
1680,4,3528,1272,2256,0,0,0,1.0,1,1.0,1,1.0,1,0.10884630187954665,41
1681,2,3530,1273,2257,0,0,0,1.0,1,1.0,1,1.0,1,0.06923885388566953,41
1682,3,3533,1273,2260,0,0,0,1.0,1,1.0,1,1.0,1,0.05159690730986083,43
1683,4,3537,1277,2260,0,0,0,1.0,1,1.0,1,1.0,1,0.1423472245564033,43
1684,5,3542,1279,2263,0,0,0,1.0,1,1.0,1,1.0,1,0.19383724361979252,42
1685,6,3548,1279,2269,0,0,0,1.0,1,1.0,1,1.0,1,0.1149649660699827,41
1686,3,3551,1281,2270,0,0,0,1.0,1,1.0,1,1.0,1,0.16035989453564925,41
1687,1,3552,1282,2270,0,0,0,1.0,1,1.0,1,1.0,1,0.17490576781860606,40
1688,3,3555,1284,2271,0,0,0,1.0,1,1.0,1,1.0,1,0.11233752908521141,39
1689,2,3557,1285,2272,0,0,0,1.0,1,1.0,1,1.0,1,0.13826548240133374,38
1690,1,3558,1286,2272,0,0,0,1.0,1,1.0,1,1.0,1,0.14149484642791707,38
1691,1,3559,1287,2272,0,0,0,1.0,1,1.0,1,1.0,1,0.1690624362189483,36
1692,0,3559,1287,2272,0,0,0,1.0,1,1.0,1,1.0,1,0.16653467639449357,36
1693,1,3560,1288,2272,0,0,0,1.0,1,1.0,1,1.0,1,0.15038146006164277,35
1694,0,3560,1288,2272,0,0,0,1.0,1,1.0,1,1.0,1,0.17375579202983024,33
1695,0,3560,1288,2272,0,0,0,1.0,1,1.0,1,1.0,1,0.16852973440233887,34
1696,0,3560,1288,2272,0,0,0,1.0,1,1.0,1,1.0,1,0.1949509714626231,35
1697,0,3560,1288,2272,0,0,0,1.0,1,1.0,1,1.0,1,0.19783545526392415,36
1698,2,3562,1290,2272,0,0,0,1.0,1,1.0,1,1.0,1,0.24847411069013844,38
1699,3,3565,1291,2274,0,0,0,1.0,1,1.0,1,1.0,1,0.22030384653133497,38
1700,0,3565,1291,2274,0,0,0,1.0,1,1.0,1,1.0,1,0.22954498122325354,39
1701,3,3568,1292,2276,0,0,0,1.0,1,1.0,1,1.0,1,0.2233106510245243,40
1702,6,3574,1294,2280,0,0,0,1.0,1,1.0,1,1.0,1,0.2148887483281993,41
1703,4,3578,1296,2282,0,0,0,1.0,1,1.0,1,1.0,1,0.1897332306603106,41
1704,4,3582,1298,2284,0,0,0,1.0,1,1.0,1,1.0,1,0.145169022354353,41
1705,5,3587,1299,2288,0,0,0,1.0,1,1.0,1,1.0,1,0.08706215593664335,40
1706,2,3589,1300,2289,0,0,0,1.0,1,1.0,1,1.0,1,0.09402689581916138,40
1707,4,3593,1301,2292,0,0,0,1.0,1,1.0,1,1.0,1,0.10909420157502216,39
1708,1,3594,1301,2293,0,0,0,1.0,1,1.0,1,1.0,1,0.10868809820875945,39
1709,0,3594,1301,2293,0,0,0,1.0,1,1.0,1,1.0,1,0.11788584594268949,38
1710,3,3597,1301,2296,0,0,0,1.0,1,1.0,1,1.0,1,0.0407880258345465,39
1711,0,3597,1301,2296,0,0,0,1.0,1,1.0,1,1.0,1,0.06728542909385445,38
1712,0,3597,1301,2296,0,0,0,1.0,1,1.0,1,1.0,1,0.06728542909385445,38
1713,1,3598,1301,2297,0,0,0,1.0,1,1.0,1,1.0,1,0.07833788579154356,37
1714,1,3599,1302,2297,0,0,0,1.0,1,1.0,1,1.0,1,0.15547185032868738,38
1715,2,3601,1302,2299,0,0,0,1.0,1,1.0,1,1.0,1,0.13928285211908514,40
1716,2,3603,1303,2300,0,0,0,1.0,1,1.0,1,1.0,1,0.187165188525048,39
1717,2,3605,1305,2300,0,0,0,1.0,1,1.0,1,1.0,1,0.17788379230723722,38
1718,1,3606,1305,2301,0,0,0,1.0,1,1.0,1,1.0,1,0.1756896542769863,38
1719,0,3606,1305,2301,0,0,0,1.0,1,1.0,1,1.0,1,0.1756896542769863,38
1720,1,3607,1306,2301,0,0,0,1.0,1,1.0,1,1.0,1,0.21832931382646478,41
1721,1,3608,1307,2301,0,0,0,1.0,1,1.0,1,1.0,1,0.201364032327153,39
1722,5,3613,1309,2304,0,0,0,1.0,1,1.0,1,1.0,1,0.19864483279111902,40
1723,2,3615,1310,2305,0,0,0,1.0,1,1.0,1,1.0,1,0.1546845298517442,38
1724,0,3615,1310,2305,0,0,0,1.0,1,1.0,1,1.0,1,0.17066272918623718,37
1725,1,3616,1310,2306,0,0,0,1.0,1,1.0,1,1.0,1,0.17391530335947164,38
1726,2,3618,1310,2308,0,0,0,1.0,1,1.0,1,1.0,1,0.14991136734093227,37
1727,0,3618,1310,2308,0,0,0,1.0,1,1.0,1,1.0,1,0.14991136734093227,37
1728,0,3618,1310,2308,0,0,0,1.0,1,1.0,1,1.0,1,0.20353623058391898,35
1729,9,3627,1311,2316,0,0,0,1.0,1,1.0,1,1.0,1,0.16004334826982453,37
1730,7,3634,1311,2323,0,0,0,1.0,1,1.0,1,1.0,1,0.1409571611119822,37
1731,5,3639,1311,2328,0,0,0,1.0,1,1.0,1,1.0,1,0.12261714915453707,37
1732,5,3644,1311,2333,0,0,0,1.0,1,1.0,1,1.0,1,0.2395419036487682,37
1733,6,3650,1313,2337,0,0,0,1.0,1,1.0,1,1.0,1,0.18928834697807334,36
1734,1,3651,1313,2338,0,0,0,1.0,1,1.0,1,1.0,1,0.19452468721497426,35
1735,1,3652,1314,2338,0,0,0,1.0,1,1.0,1,1.0,1,0.19743064600007387,34
1736,1,3653,1314,2339,0,0,0,1.0,1,1.0,1,1.0,1,0.1789548127328522,35
1737,6,3659,1316,2343,0,0,0,1.0,1,1.0,1,1.0,1,0.12626814520319962,36
1738,2,3661,1317,2344,0,0,0,1.0,1,1.0,1,1.0,1,0.15001168046504829,37
1739,1,3662,1318,2344,0,0,0,1.0,1,1.0,1,1.0,1,0.14071919089328377,38
1740,1,3663,1318,2345,0,0,0,1.0,1,1.0,1,1.0,1,0.1544745059970107,37
1741,1,3664,1318,2346,0,0,0,1.0,1,1.0,1,1.0,1,0.15285288036308156,38
1742,4,3668,1320,2348,0,0,0,1.0,1,1.0,1,1.0,1,0.20810786878829346,39
1743,3,3671,1322,2349,0,0,0,1.0,1,1.0,1,1.0,1,0.21277545778035814,37
1744,4,3675,1324,2351,0,0,0,1.0,1,1.0,1,1.0,1,0.2178205001933087,38
1745,6,3681,1324,2357,0,0,0,1.0,1,1.0,1,1.0,1,0.1743524932617581,37
1746,1,3682,1324,2358,0,0,0,1.0,1,1.0,1,1.0,1,0.16788601703814895,38
1747,3,3685,1324,2361,0,0,0,1.0,1,1.0,1,1.0,1,0.17439860397939475,38
1748,2,3687,1325,2362,0,0,0,1.0,1,1.0,1,1.0,1,0.17092482965054548,38
1749,0,3687,1325,2362,0,0,0,1.0,1,1.0,1,1.0,1,0.1838221228480872,37
1750,3,3690,1325,2365,0,0,0,1.0,1,1.0,1,1.0,1,0.12768058258074147,39
1751,2,3692,1326,2366,0,0,0,1.0,1,1.0,1,1.0,1,0.1244057209673963,38
1752,1,3693,1327,2366,0,0,0,1.0,1,1.0,1,1.0,1,0.10774638903968371,39
1753,1,3694,1327,2367,0,0,0,1.0,1,1.0,1,1.0,1,0.06941294057073269,40
1754,1,3695,1328,2367,0,0,0,1.0,1,1.0,1,1.0,1,0.12939362731209456,41
1755,0,3695,1328,2367,0,0,0,1.0,1,1.0,1,1.0,1,0.13823832822803195,41
1756,3,3698,1329,2369,0,0,0,1.0,1,1.0,1,1.0,1,0.14358206350694422,42
1757,2,3700,1329,2371,0,0,0,1.0,1,1.0,1,1.0,1,0.1126001975386665,42
1758,1,3701,1330,2371,0,0,0,1.0,1,1.0,1,1.0,1,0.11405713403781173,42
1759,1,3702,1330,2372,0,0,0,1.0,1,1.0,1,1.0,1,0.16279677638541923,39
1760,5,3707,1332,2375,0,0,0,1.0,1,1.0,1,1.0,1,0.21228640947310656,39
1761,9,3716,1334,2382,0,0,0,1.0,1,1.0,1,1.0,1,0.12373618017657409,38
1762,3,3719,1334,2385,0,0,0,1.0,1,1.0,1,1.0,1,0.08809920753527442,37
1763,3,3722,1334,2388,0,0,0,1.0,1,1.0,1,1.0,1,0.10339490917182433,37
1764,3,3725,1335,2390,0,0,0,1.0,1,1.0,1,1.0,1,0.1632073080147017,36
1765,3,3728,1337,2391,0,0,0,1.0,1,1.0,1,1.0,1,0.13595183244677486,37
1766,0,3728,1337,2391,0,0,0,1.0,1,1.0,1,1.0,1,0.12199763197130359,36
1767,0,3728,1337,2391,0,0,0,1.0,1,1.0,1,1.0,1,0.12199763197130359,36
1768,1,3729,1337,2392,0,0,0,1.0,1,1.0,1,1.0,1,0.09315512139195364,36
1769,2,3731,1338,2393,0,0,0,1.0,1,1.0,1,1.0,1,0.1091505490110984,38
1770,0,3731,1338,2393,0,0,0,1.0,1,1.0,1,1.0,1,0.1091505490110984,38
1771,0,3731,1338,2393,0,0,0,1.0,1,1.0,1,1.0,1,0.1091505490110984,38
1772,0,3731,1338,2393,0,0,0,1.0,1,1.0,1,1.0,1,0.10265486972622667,40
1773,0,3731,1338,2393,0,0,0,1.0,1,1.0,1,1.0,1,0.10758039509641894,40
1774,0,3731,1338,2393,0,0,0,1.0,1,1.0,1,1.0,1,0.10758039509641894,40
1775,0,3731,1338,2393,0,0,0,1.0,1,1.0,1,1.0,1,0.11654414032949884,41
1776,0,3731,1338,2393,0,0,0,1.0,1,1.0,1,1.0,1,0.09492065766611658,43
1777,0,3731,1338,2393,0,0,0,1.0,1,1.0,1,1.0,1,0.10626558478118844,44
1778,5,3736,1342,2394,0,0,0,1.0,1,1.0,1,1.0,1,0.08555859231960786,44
1779,0,3736,1342,2394,0,0,0,1.0,1,1.0,1,1.0,1,0.08555859231960786,44
1780,1,3737,1342,2395,0,0,0,1.0,1,1.0,1,1.0,1,0.1105500045169023,46
1781,2,3739,1343,2396,0,0,0,1.0,1,1.0,1,1.0,1,0.06547738993445218,46
1782,3,3742,1345,2397,0,0,0,1.0,1,1.0,1,1.0,1,0.09984912089542926,45
1783,4,3746,1347,2399,0,0,0,1.0,1,1.0,1,1.0,1,0.09906628138900964,44
1784,2,3748,1349,2399,0,0,0,1.0,1,1.0,1,1.0,1,0.13375200432025677,44
1785,1,3749,1350,2399,0,0,0,1.0,1,1.0,1,1.0,1,0.1362617300519527,42
1786,9,3758,1354,2404,0,0,0,1.0,1,1.0,1,1.0,1,0.15538819584325503,42
1787,3,3761,1355,2406,0,0,0,1.0,1,1.0,1,1.0,1,0.18783739759243484,41
1788,5,3766,1357,2409,0,0,0,1.0,1,1.0,1,1.0,1,0.15156490081467602,41
1789,4,3770,1358,2412,0,0,0,1.0,1,1.0,1,1.0,1,0.1085142932506,41
1790,3,3773,1359,2414,0,0,0,1.0,1,1.0,1,1.0,1,0.10029736222092087,41
1791,1,3774,1359,2415,0,0,0,1.0,1,1.0,1,1.0,1,0.13603158004046187,41
1792,2,3776,1360,2416,0,0,0,1.0,1,1.0,1,1.0,1,0.13747739620622287,43
1793,3,3779,1362,2417,0,0,0,1.0,1,1.0,1,1.0,1,0.12580253759279406,43
1794,1,3780,1363,2417,0,0,0,1.0,1,1.0,1,1.0,1,0.13169037751581625,41
1795,2,3782,1365,2417,0,0,0,1.0,1,1.0,1,1.0,1,0.18090443872249287,41
1796,3,3785,1366,2419,0,0,0,1.0,1,1.0,1,1.0,1,0.21252164269510462,40
1797,6,3791,1367,2424,0,0,0,1.0,1,1.0,1,1.0,1,0.181863383937959,38
1798,0,3791,1367,2424,0,0,0,1.0,1,1.0,1,1.0,1,0.181863383937959,38
1799,2,3793,1368,2425,0,0,0,1.0,1,1.0,1,1.0,1,0.14393267618349365,37
1800,2,3795,1369,2426,0,0,0,1.0,1,1.0,1,1.0,1,0.16592401498559908,35
1801,1,3796,1369,2427,0,0,0,1.0,1,1.0,1,1.0,1,0.11432079021177644,34
1802,0,3796,1369,2427,0,0,0,1.0,1,1.0,1,1.0,1,0.1105825449227893,33
1803,0,3796,1369,2427,0,0,0,1.0,1,1.0,1,1.0,1,0.1105825449227893,33
1804,3,3799,1371,2428,0,0,0,1.0,1,1.0,1,1.0,1,0.19346772015097077,33
1805,3,3802,1371,2431,0,0,0,1.0,1,1.0,1,1.0,1,0.1552418665398228,35
1806,4,3806,1371,2435,0,0,0,1.0,1,1.0,1,1.0,1,0.11901535437477803,36
1807,0,3806,1371,2435,0,0,0,1.0,1,1.0,1,1.0,1,0.17629354383917492,35
1808,1,3807,1371,2436,0,0,0,1.0,1,1.0,1,1.0,1,0.18200619368701865,37
1809,3,3810,1372,2438,0,0,0,1.0,1,1.0,1,1.0,1,0.1486410476961483,35
1810,2,3812,1373,2439,0,0,0,1.0,1,1.0,1,1.0,1,0.20237296780301003,36
1811,0,3812,1373,2439,0,0,0,1.0,1,1.0,1,1.0,1,0.20961763116170773,34
1812,0,3812,1373,2439,0,0,0,1.0,1,1.0,1,1.0,1,0.219219079285915,36
1813,1,3813,1373,2440,0,0,0,1.0,1,1.0,1,1.0,1,0.22624449651360634,35
1814,2,3815,1373,2442,0,0,0,1.0,1,1.0,1,1.0,1,0.19883962167677222,36
1815,0,3815,1373,2442,0,0,0,1.0,1,1.0,1,1.0,1,0.21273014637577448,35
1816,0,3815,1373,2442,0,0,0,1.0,1,1.0,1,1.0,1,0.21273014637577448,35
1817,0,3815,1373,2442,0,0,0,1.0,1,1.0,1,1.0,1,0.21273014637577448,35
1818,3,3818,1376,2442,0,0,0,1.0,1,1.0,1,1.0,1,0.17277696551056337,36
1819,4,3822,1378,2444,0,0,0,1.0,1,1.0,1,1.0,1,0.16662669674564728,37
1820,2,3824,1378,2446,0,0,0,1.0,1,1.0,1,1.0,1,0.1480262864230008,37
1821,2,3826,1379,2447,0,0,0,1.0,1,1.0,1,1.0,1,0.11692312387805977,38
1822,6,3832,1382,2450,0,0,0,1.0,1,1.0,1,1.0,1,0.16459757352909438,37
1823,2,3834,1383,2451,0,0,0,1.0,1,1.0,1,1.0,1,0.17088370485385843,36
1824,6,3840,1387,2453,0,0,0,1.0,1,1.0,1,1.0,1,0.3026655682930059,36
1825,6,3846,1388,2458,0,0,0,1.0,1,1.0,1,1.0,1,0.20653274559956872,34
1826,5,3851,1389,2462,0,0,0,1.0,1,1.0,1,1.0,1,0.12471015454981486,35
1827,1,3852,1390,2462,0,0,0,1.0,1,1.0,1,1.0,1,0.15016672380694573,34
1828,1,3853,1391,2462,0,0,0,1.0,1,1.0,1,1.0,1,0.1261035221428467,33
1829,0,3853,1391,2462,0,0,0,1.0,1,1.0,1,1.0,1,0.13486652702262292,31
1830,2,3855,1393,2462,0,0,0,1.0,1,1.0,1,1.0,1,0.15581480044974297,31
1831,3,3858,1395,2463,0,0,0,1.0,1,1.0,1,1.0,1,0.17607275387022245,30
1832,1,3859,1396,2463,0,0,0,1.0,1,1.0,1,1.0,1,0.20656968994972735,29
1833,4,3863,1399,2464,0,0,0,1.0,1,1.0,1,1.0,1,0.2023105751128289,28
1834,3,3866,1400,2466,0,0,0,1.0,1,1.0,1,1.0,1,0.1687803883253573,27
1835,4,3870,1402,2468,0,0,0,1.0,1,1.0,1,1.0,1,0.2120024910589832,26
1836,3,3873,1402,2471,0,0,0,1.0,1,1.0,1,1.0,1,0.2262192061004531,26
1837,2,3875,1402,2473,0,0,0,1.0,1,1.0,1,1.0,1,0.18642185962792118,25
1838,2,3877,1403,2474,0,0,0,1.0,1,1.0,1,1.0,1,0.14662783593907094,25
1839,0,3877,1403,2474,0,0,0,1.0,1,1.0,1,1.0,1,0.18866971958305342,24
1840,0,3877,1403,2474,0,0,0,1.0,1,1.0,1,1.0,1,0.23153169110755814,23
1841,1,3878,1403,2475,0,0,0,1.0,1,1.0,1,1.0,1,0.19651818961503406,22
1842,2,3880,1404,2476,0,0,0,1.0,1,1.0,1,1.0,1,0.14869264771762514,23
1843,0,3880,1404,2476,0,0,0,1.0,1,1.0,1,1.0,1,0.14869264771762514,23
1844,2,3882,1405,2477,0,0,0,1.0,1,1.0,1,1.0,1,0.20036324697569263,23
1845,1,3883,1405,2478,0,0,0,1.0,1,1.0,1,1.0,1,0.1682411239818332,23
1846,0,3883,1405,2478,0,0,0,1.0,1,1.0,1,1.0,1,0.1682411239818332,23
1847,0,3883,1405,2478,0,0,0,1.0,1,1.0,1,1.0,1,0.17752693930454294,24
1848,0,3883,1405,2478,0,0,0,1.0,1,1.0,1,1.0,1,0.17752693930454294,24
1849,0,3883,1405,2478,0,0,0,1.0,1,1.0,1,1.0,1,0.20786416110431663,25
1850,1,3884,1406,2478,0,0,0,1.0,1,1.0,1,1.0,1,0.20979064749987433,25
1851,0,3884,1406,2478,0,0,0,1.0,1,1.0,1,1.0,1,0.20979064749987433,25
1852,0,3884,1406,2478,0,0,0,1.0,1,1.0,1,1.0,1,0.20979064749987433,25
1853,1,3885,1406,2479,0,0,0,1.0,1,1.0,1,1.0,1,0.19172757743720353,25
1854,2,3887,1407,2480,0,0,0,1.0,1,1.0,1,1.0,1,0.22669650110270415,25
1855,0,3887,1407,2480,0,0,0,1.0,1,1.0,1,1.0,1,0.2458253781399408,26
1856,4,3891,1408,2483,0,0,0,1.0,1,1.0,1,1.0,1,0.2872502721027032,27
1857,2,3893,1408,2485,0,0,0,1.0,1,1.0,1,1.0,1,0.22635806461085656,28
1858,1,3894,1408,2486,0,0,0,1.0,1,1.0,1,1.0,1,0.20939177903094333,28
1859,2,3896,1410,2486,0,0,0,1.0,1,1.0,1,1.0,1,0.23330803341978498,28
1860,0,3896,1410,2486,0,0,0,1.0,1,1.0,1,1.0,1,0.23330803341978498,28
1861,0,3896,1410,2486,0,0,0,1.0,1,1.0,1,1.0,1,0.23330803341978498,28
1862,0,3896,1410,2486,0,0,0,1.0,1,1.0,1,1.0,1,0.23330803341978498,28
1863,1,3897,1411,2486,0,0,0,1.0,1,1.0,1,1.0,1,0.2619847122125331,29
1864,2,3899,1413,2486,0,0,0,1.0,1,1.0,1,1.0,1,0.23987934981512052,27
1865,2,3901,1413,2488,0,0,0,1.0,1,1.0,1,1.0,1,0.17529352162166667,26
1866,0,3901,1413,2488,0,0,0,1.0,1,1.0,1,1.0,1,0.17529352162166667,26
1867,1,3902,1414,2488,0,0,0,1.0,1,1.0,1,1.0,1,0.21716184333201868,26
1868,0,3902,1414,2488,0,0,0,1.0,1,1.0,1,1.0,1,0.21716184333201868,26
1869,0,3902,1414,2488,0,0,0,1.0,1,1.0,1,1.0,1,0.21716184333201868,26
1870,0,3902,1414,2488,0,0,0,1.0,1,1.0,1,1.0,1,0.2401140687253412,27
1871,1,3903,1415,2488,0,0,0,1.0,1,1.0,1,1.0,1,0.23436837097415736,27
1872,0,3903,1415,2488,0,0,0,1.0,1,1.0,1,1.0,1,0.27160682332712943,25
1873,2,3905,1415,2490,0,0,0,1.0,1,1.0,1,1.0,1,0.1943296974590931,25
1874,1,3906,1415,2491,0,0,0,1.0,1,1.0,1,1.0,1,0.20801756028937088,25
1875,0,3906,1415,2491,0,0,0,1.0,1,1.0,1,1.0,1,0.20801756028937088,25
1876,0,3906,1415,2491,0,0,0,1.0,1,1.0,1,1.0,1,0.19111708328696292,26
1877,1,3907,1415,2492,0,0,0,1.0,1,1.0,1,1.0,1,0.176323188363491,27
1878,2,3909,1417,2492,0,0,0,1.0,1,1.0,1,1.0,1,0.22328568730633247,28
1879,1,3910,1417,2493,0,0,0,1.0,1,1.0,1,1.0,1,0.18978511363464617,29
1880,1,3911,1417,2494,0,0,0,1.0,1,1.0,1,1.0,1,0.17590721217474584,29
1881,0,3911,1417,2494,0,0,0,1.0,1,1.0,1,1.0,1,0.17590721217474584,29
1882,0,3911,1417,2494,0,0,0,1.0,1,1.0,1,1.0,1,0.17427089204339116,28
1883,0,3911,1417,2494,0,0,0,1.0,1,1.0,1,1.0,1,0.17427089204339116,28
1884,0,3911,1417,2494,0,0,0,1.0,1,1.0,1,1.0,1,0.17427089204339116,28
1885,0,3911,1417,2494,0,0,0,1.0,1,1.0,1,1.0,1,0.17427089204339116,28
1886,1,3912,1418,2494,0,0,0,1.0,1,1.0,1,1.0,1,0.22077763367475126,29
1887,0,3912,1418,2494,0,0,0,1.0,1,1.0,1,1.0,1,0.22077763367475126,29
1888,3,3915,1418,2497,0,0,0,1.0,1,1.0,1,1.0,1,0.18729447224766207,31
1889,0,3915,1418,2497,0,0,0,1.0,1,1.0,1,1.0,1,0.18729447224766207,31
1890,0,3915,1418,2497,0,0,0,1.0,1,1.0,1,1.0,1,0.18729447224766207,31
1891,0,3915,1418,2497,0,0,0,1.0,1,1.0,1,1.0,1,0.20801911819637087,32
1892,0,3915,1418,2497,0,0,0,1.0,1,1.0,1,1.0,1,0.20801911819637087,32
1893,1,3916,1418,2498,0,0,0,1.0,1,1.0,1,1.0,1,0.18379073345435018,32
1894,0,3916,1418,2498,0,0,0,1.0,1,1.0,1,1.0,1,0.16915281804845622,33
1895,3,3919,1419,2500,0,0,0,1.0,1,1.0,1,1.0,1,0.15668030304065508,35
1896,0,3919,1419,2500,0,0,0,1.0,1,1.0,1,1.0,1,0.16478553313578687,34
1897,0,3919,1419,2500,0,0,0,1.0,1,1.0,1,1.0,1,0.16478553313578687,34
1898,0,3919,1419,2500,0,0,0,1.0,1,1.0,1,1.0,1,0.16478553313578687,34
1899,0,3919,1419,2500,0,0,0,1.0,1,1.0,1,1.0,1,0.16478553313578687,34
1900,0,3919,1419,2500,0,0,0,1.0,1,1.0,1,1.0,1,0.16220953917464706,35
1901,0,3919,1419,2500,0,0,0,1.0,1,1.0,1,1.0,1,0.16220953917464706,35
1902,1,3920,1420,2500,0,0,0,1.0,1,1.0,1,1.0,1,0.20439338584455086,35
1903,0,3920,1420,2500,0,0,0,1.0,1,1.0,1,1.0,1,0.20439338584455086,35
1904,0,3920,1420,2500,0,0,0,1.0,1,1.0,1,1.0,1,0.20439338584455086,35
1905,2,3922,1420,2502,0,0,0,1.0,1,1.0,1,1.0,1,0.163085260367978,37
1906,0,3922,1420,2502,0,0,0,1.0,1,1.0,1,1.0,1,0.163085260367978,37
1907,0,3922,1420,2502,0,0,0,1.0,1,1.0,1,1.0,1,0.1830535846314472,39
1908,1,3923,1420,2503,0,0,0,1.0,1,1.0,1,1.0,1,0.16930587041033354,39
1909,5,3928,1421,2507,0,0,0,1.0,1,1.0,1,1.0,1,0.17775338478281363,41
1910,0,3928,1421,2507,0,0,0,1.0,1,1.0,1,1.0,1,0.17775338478281363,41
1911,3,3931,1421,2510,0,0,0,1.0,1,1.0,1,1.0,1,0.19262532007189517,40
1912,3,3934,1422,2512,0,0,0,1.0,1,1.0,1,1.0,1,0.21677028797559797,39
1913,4,3938,1423,2515,0,0,0,1.0,1,1.0,1,1.0,1,0.19270621842521518,40
1914,1,3939,1423,2516,0,0,0,1.0,1,1.0,1,1.0,1,0.17252542678028604,41
1915,1,3940,1423,2517,0,0,0,1.0,1,1.0,1,1.0,1,0.1828484639825958,42
1916,2,3942,1425,2517,0,0,0,1.0,1,1.0,1,1.0,1,0.2242359389635414,42
1917,4,3946,1425,2521,0,0,0,1.0,1,1.0,1,1.0,1,0.1958661461684394,41
1918,1,3947,1426,2521,0,0,0,1.0,1,1.0,1,1.0,1,0.22415392058222894,38
1919,3,3950,1427,2523,0,0,0,1.0,1,1.0,1,1.0,1,0.2749536156413087,38
1920,0,3950,1427,2523,0,0,0,1.0,1,1.0,1,1.0,1,0.26554414756384653,38
1921,3,3953,1428,2525,0,0,0,1.0,1,1.0,1,1.0,1,0.21587136374404656,39
1922,4,3957,1430,2527,0,0,0,1.0,1,1.0,1,1.0,1,0.2493226108013349,40
1923,0,3957,1430,2527,0,0,0,1.0,1,1.0,1,1.0,1,0.23374181658579146,41
1924,6,3963,1432,2531,0,0,0,1.0,1,1.0,1,1.0,1,0.21271424836185168,41
1925,2,3965,1432,2533,0,0,0,1.0,1,1.0,1,1.0,1,0.17227851444081993,41
1926,0,3965,1432,2533,0,0,0,1.0,1,1.0,1,1.0,1,0.17227851444081993,41
1927,0,3965,1432,2533,0,0,0,1.0,1,1.0,1,1.0,1,0.17227851444081993,41
1928,2,3967,1433,2534,0,0,0,1.0,1,1.0,1,1.0,1,0.14991966999981948,42
1929,1,3968,1433,2535,0,0,0,1.0,1,1.0,1,1.0,1,0.16984899712851498,41
1930,0,3968,1433,2535,0,0,0,1.0,1,1.0,1,1.0,1,0.16984899712851498,41
1931,0,3968,1433,2535,0,0,0,1.0,1,1.0,1,1.0,1,0.16984899712851498,41
1932,0,3968,1433,2535,0,0,0,1.0,1,1.0,1,1.0,1,0.16984899712851498,41
1933,3,3971,1434,2537,0,0,0,1.0,1,1.0,1,1.0,1,0.1842642342709715,43
1934,1,3972,1434,2538,0,0,0,1.0,1,1.0,1,1.0,1,0.19749780200213665,44
1935,2,3974,1434,2540,0,0,0,1.0,1,1.0,1,1.0,1,0.1650324728705751,45
1936,3,3977,1434,2543,0,0,0,1.0,1,1.0,1,1.0,1,0.15215426412561192,48
1937,5,3982,1436,2546,0,0,0,1.0,1,1.0,1,1.0,1,0.15324301387458755,48
1938,0,3982,1436,2546,0,0,0,1.0,1,1.0,1,1.0,1,0.15324301387458755,48
1939,0,3982,1436,2546,0,0,0,1.0,1,1.0,1,1.0,1,0.15324301387458755,48
1940,2,3984,1436,2548,0,0,0,1.0,1,1.0,1,1.0,1,0.13708490034207618,48
1941,3,3987,1437,2550,0,0,0,1.0,1,1.0,1,1.0,1,0.15675066625997566,48
1942,3,3990,1437,2553,0,0,0,1.0,1,1.0,1,1.0,1,0.1654526658100858,49
1943,0,3990,1437,2553,0,0,0,1.0,1,1.0,1,1.0,1,0.1645647516333677,48
1944,1,3991,1438,2553,0,0,0,1.0,1,1.0,1,1.0,1,0.17797609174551482,47
1945,4,3995,1438,2557,0,0,0,1.0,1,1.0,1,1.0,1,0.11757532584794646,46
1946,4,3999,1439,2560,0,0,0,1.0,1,1.0,1,1.0,1,0.10964551412110088,46
1947,3,4002,1442,2560,0,0,0,1.0,1,1.0,1,1.0,1,0.20644155380533621,45
1948,4,4006,1446,2560,0,0,0,1.0,1,1.0,1,1.0,1,0.21104121409767695,46
1949,7,4013,1449,2564,0,0,0,1.0,1,1.0,1,1.0,1,0.19595980235721233,42
1950,0,4013,1449,2564,0,0,0,1.0,1,1.0,1,1.0,1,0.18156429328834303,40
1951,2,4015,1451,2564,0,0,0,1.0,1,1.0,1,1.0,1,0.21181114713841073,39
1952,2,4017,1452,2565,0,0,0,1.0,1,1.0,1,1.0,1,0.2543332960655682,35
1953,5,4022,1453,2569,0,0,0,1.0,1,1.0,1,1.0,1,0.1556643537379639,36
1954,0,4022,1453,2569,0,0,0,1.0,1,1.0,1,1.0,1,0.20016398098740396,34
1955,0,4022,1453,2569,0,0,0,1.0,1,1.0,1,1.0,1,0.20249901602165743,35
1956,5,4027,1455,2572,0,0,0,1.0,1,1.0,1,1.0,1,0.23843514154901882,37
1957,4,4031,1455,2576,0,0,0,1.0,1,1.0,1,1.0,1,0.15511369079959303,37
1958,0,4031,1455,2576,0,0,0,1.0,1,1.0,1,1.0,1,0.14373630484429623,39
1959,1,4032,1455,2577,0,0,0,1.0,1,1.0,1,1.0,1,0.13054545870040832,41
1960,2,4034,1455,2579,0,0,0,1.0,1,1.0,1,1.0,1,0.1227784093588556,40
1961,2,4036,1455,2581,0,0,0,1.0,1,1.0,1,1.0,1,0.10067727040374205,41
1962,1,4037,1456,2581,0,0,0,1.0,1,1.0,1,1.0,1,0.11388930127804428,40
1963,1,4038,1456,2582,0,0,0,1.0,1,1.0,1,1.0,1,0.10297922458855692,41
1964,0,4038,1456,2582,0,0,0,1.0,1,1.0,1,1.0,1,0.1282113151557095,40
1965,5,4043,1458,2585,0,0,0,1.0,1,1.0,1,1.0,1,0.13948758826692048,41
1966,0,4043,1458,2585,0,0,0,1.0,1,1.0,1,1.0,1,0.13948758826692048,41
1967,2,4045,1460,2585,0,0,0,1.0,1,1.0,1,1.0,1,0.15393031341974678,42
1968,0,4045,1460,2585,0,0,0,1.0,1,1.0,1,1.0,1,0.16344829057467056,42
1969,6,4051,1462,2589,0,0,0,1.0,1,1.0,1,1.0,1,0.12066075331024806,43
1970,0,4051,1462,2589,0,0,0,1.0,1,1.0,1,1.0,1,0.12905979948723925,42
1971,0,4051,1462,2589,0,0,0,1.0,1,1.0,1,1.0,1,0.12905979948723925,42
1972,0,4051,1462,2589,0,0,0,1.0,1,1.0,1,1.0,1,0.12905979948723925,42
1973,0,4051,1462,2589,0,0,0,1.0,1,1.0,1,1.0,1,0.14118074400004185,43
1974,1,4052,1463,2589,0,0,0,1.0,1,1.0,1,1.0,1,0.18748818537532524,43
1975,1,4053,1463,2590,0,0,0,1.0,1,1.0,1,1.0,1,0.16604873692924066,43
1976,0,4053,1463,2590,0,0,0,1.0,1,1.0,1,1.0,1,0.16604873692924066,43
1977,6,4059,1463,2596,0,0,0,1.0,1,1.0,1,1.0,1,0.14352535230669303,48
1978,0,4059,1463,2596,0,0,0,1.0,1,1.0,1,1.0,1,0.14352535230669303,48
1979,3,4062,1464,2598,0,0,0,1.0,1,1.0,1,1.0,1,0.13018639798200454,49
1980,4,4066,1466,2600,0,0,0,1.0,1,1.0,1,1.0,1,0.1689650154492763,50
1981,4,4070,1467,2603,0,0,0,1.0,1,1.0,1,1.0,1,0.13559275828142087,50
1982,2,4072,1468,2604,0,0,0,1.0,1,1.0,1,1.0,1,0.13783170301391087,50
1983,2,4074,1470,2604,0,0,0,1.0,1,1.0,1,1.0,1,0.13308462808622237,49
1984,0,4074,1470,2604,0,0,0,1.0,1,1.0,1,1.0,1,0.15270985522259847,48
1985,3,4077,1470,2607,0,0,0,1.0,1,1.0,1,1.0,1,0.13861271145464854,46
1986,0,4077,1470,2607,0,0,0,1.0,1,1.0,1,1.0,1,0.13861271145464854,46
1987,4,4081,1472,2609,0,0,0,1.0,1,1.0,1,1.0,1,0.19426612169904248,42
1988,1,4082,1472,2610,0,0,0,1.0,1,1.0,1,1.0,1,0.15963131633500938,40
1989,2,4084,1474,2610,0,0,0,1.0,1,1.0,1,1.0,1,0.17203638778207012,38
1990,0,4084,1474,2610,0,0,0,1.0,1,1.0,1,1.0,1,0.15031561581459824,38
1991,1,4085,1475,2610,0,0,0,1.0,1,1.0,1,1.0,1,0.18442461652772987,38
1992,2,4087,1476,2611,0,0,0,1.0,1,1.0,1,1.0,1,0.2200065909024543,39
1993,4,4091,1478,2613,0,0,0,1.0,1,1.0,1,1.0,1,0.2543904529145806,38
1994,1,4092,1479,2613,0,0,0,1.0,1,1.0,1,1.0,1,0.25241716902915057,37
1995,3,4095,1480,2615,0,0,0,1.0,1,1.0,1,1.0,1,0.2424342485285488,37
1996,0,4095,1480,2615,0,0,0,1.0,1,1.0,1,1.0,1,0.24101656621247167,37
1997,4,4099,1480,2619,0,0,0,1.0,1,1.0,1,1.0,1,0.16748215106871037,35
1998,2,4101,1481,2620,0,0,0,1.0,1,1.0,1,1.0,1,0.16701936985338328,34
1999,2,4103,1483,2620,0,0,0,1.0,1,1.0,1,1.0,1,0.1627426354305374,35
2000,0,4103,1483,2620,0,0,0,1.0,1,1.0,1,1.0,1,0.17924419876503017,34
2001,0,4103,1483,2620,0,0,0,1.0,1,1.0,1,1.0,1,0.20840693934481222,35
2002,3,4106,1484,2622,0,0,0,1.0,1,1.0,1,1.0,1,0.23153061173383774,36
2003,1,4107,1484,2623,0,0,0,1.0,1,1.0,1,1.0,1,0.23560267359017772,37
2004,5,4112,1486,2626,0,0,0,1.0,1,1.0,1,1.0,1,0.1906229988419452,38
2005,3,4115,1486,2629,0,0,0,1.0,1,1.0,1,1.0,1,0.16055903192720636,38
2006,0,4115,1486,2629,0,0,0,1.0,1,1.0,1,1.0,1,0.16055903192720636,38
2007,1,4116,1487,2629,0,0,0,1.0,1,1.0,1,1.0,1,0.11452971277584711,40
2008,1,4117,1488,2629,0,0,0,1.0,1,1.0,1,1.0,1,0.12168527713702759,40
2009,2,4119,1490,2629,0,0,0,1.0,1,1.0,1,1.0,1,0.12416164825845191,41
2010,0,4119,1490,2629,0,0,0,1.0,1,1.0,1,1.0,1,0.12416164825845191,41
2011,0,4119,1490,2629,0,0,0,1.0,1,1.0,1,1.0,1,0.12416164825845191,41
2012,0,4119,1490,2629,0,0,0,1.0,1,1.0,1,1.0,1,0.12416164825845191,41
2013,0,4119,1490,2629,0,0,0,1.0,1,1.0,1,1.0,1,0.1513383690559651,43
2014,2,4121,1491,2630,0,0,0,1.0,1,1.0,1,1.0,1,0.2056395397750354,43
2015,2,4123,1493,2630,0,0,0,1.0,1,1.0,1,1.0,1,0.20407465659505603,43
2016,3,4126,1494,2632,0,0,0,1.0,1,1.0,1,1.0,1,0.2062106248894457,44
2017,6,4132,1494,2638,0,0,0,1.0,1,1.0,1,1.0,1,0.10190228149444173,45
2018,3,4135,1496,2639,0,0,0,1.0,1,1.0,1,1.0,1,0.10154183977228862,46
2019,0,4135,1496,2639,0,0,0,1.0,1,1.0,1,1.0,1,0.08726314624923044,47
2020,1,4136,1496,2640,0,0,0,1.0,1,1.0,1,1.0,1,0.06723309381193887,47
2021,1,4137,1497,2640,0,0,0,1.0,1,1.0,1,1.0,1,0.07849145258903159,47
2022,1,4138,1497,2641,0,0,0,1.0,1,1.0,1,1.0,1,0.07308463097505152,48
2023,1,4139,1498,2641,0,0,0,1.0,1,1.0,1,1.0,1,0.09193919382221157,48
2024,2,4141,1500,2641,0,0,0,1.0,1,1.0,1,1.0,1,0.1394918698592312,45
2025,1,4142,1501,2641,0,0,0,1.0,1,1.0,1,1.0,1,0.1641325273637911,42
2026,4,4146,1503,2643,0,0,0,1.0,1,1.0,1,1.0,1,0.1277019723152814,44
2027,1,4147,1504,2643,0,0,0,1.0,1,1.0,1,1.0,1,0.19581498839405959,40
2028,3,4150,1506,2644,0,0,0,1.0,1,1.0,1,1.0,1,0.2292831687692123,39
2029,4,4154,1506,2648,0,0,0,1.0,1,1.0,1,1.0,1,0.19438248194298047,37
2030,2,4156,1507,2649,0,0,0,1.0,1,1.0,1,1.0,1,0.2785174638826722,34
2031,3,4159,1508,2651,0,0,0,1.0,1,1.0,1,1.0,1,0.26299740049940723,35
2032,9,4168,1509,2659,0,0,0,1.0,1,1.0,1,1.0,1,0.24179767089316323,34
2033,6,4174,1510,2664,0,0,0,1.0,1,1.0,1,1.0,1,0.18494982861305512,36
2034,0,4174,1510,2664,0,0,0,1.0,1,1.0,1,1.0,1,0.18058277706903983,34
2035,2,4176,1511,2665,0,0,0,1.0,1,1.0,1,1.0,1,0.18355515777018935,35
2036,0,4176,1511,2665,0,0,0,1.0,1,1.0,1,1.0,1,0.17846472269160607,34
2037,1,4177,1511,2666,0,0,0,1.0,1,1.0,1,1.0,1,0.15760884614774384,35
2038,0,4177,1511,2666,0,0,0,1.0,1,1.0,1,1.0,1,0.16304451295901506,36
2039,2,4179,1512,2667,0,0,0,1.0,1,1.0,1,1.0,1,0.1315950068982737,38
2040,2,4181,1512,2669,0,0,0,1.0,1,1.0,1,1.0,1,0.13151338568934404,38
2041,0,4181,1512,2669,0,0,0,1.0,1,1.0,1,1.0,1,0.1380244872851555,39
2042,1,4182,1513,2669,0,0,0,1.0,1,1.0,1,1.0,1,0.1540733765891432,39
2043,0,4182,1513,2669,0,0,0,1.0,1,1.0,1,1.0,1,0.1540733765891432,39
2044,0,4182,1513,2669,0,0,0,1.0,1,1.0,1,1.0,1,0.1540733765891432,39
2045,2,4184,1514,2670,0,0,0,1.0,1,1.0,1,1.0,1,0.1301148124695755,41
2046,1,4185,1514,2671,0,0,0,1.0,1,1.0,1,1.0,1,0.14621719864899682,42
2047,1,4186,1514,2672,0,0,0,1.0,1,1.0,1,1.0,1,0.12257337144514774,42
2048,3,4189,1516,2673,0,0,0,1.0,1,1.0,1,1.0,1,0.15755861524038803,43
2049,4,4193,1517,2676,0,0,0,1.0,1,1.0,1,1.0,1,0.17700116563671073,44
2050,1,4194,1517,2677,0,0,0,1.0,1,1.0,1,1.0,1,0.14925874944677087,44
2051,1,4195,1517,2678,0,0,0,1.0,1,1.0,1,1.0,1,0.1788944398477045,45
2052,1,4196,1517,2679,0,0,0,1.0,1,1.0,1,1.0,1,0.16989079116419506,45
2053,3,4199,1517,2682,0,0,0,1.0,1,1.0,1,1.0,1,0.09620695302348284,45
2054,2,4201,1517,2684,0,0,0,1.0,1,1.0,1,1.0,1,0.07949760264835902,46
2055,0,4201,1517,2684,0,0,0,1.0,1,1.0,1,1.0,1,0.07949760264835902,46
2056,4,4205,1518,2687,0,0,0,1.0,1,1.0,1,1.0,1,0.10248065621855146,46
2057,1,4206,1519,2687,0,0,0,1.0,1,1.0,1,1.0,1,0.09207317826234424,47
2058,3,4209,1522,2687,0,0,0,1.0,1,1.0,1,1.0,1,0.12188547323340906,47
2059,3,4212,1523,2689,0,0,0,1.0,1,1.0,1,1.0,1,0.12995493771850428,48
2060,4,4216,1524,2692,0,0,0,1.0,1,1.0,1,1.0,1,0.10126838099098237,50
2061,2,4218,1524,2694,0,0,0,1.0,1,1.0,1,1.0,1,0.08843095975346384,51
2062,2,4220,1526,2694,0,0,0,1.0,1,1.0,1,1.0,1,0.1287590673087289,49
2063,5,4225,1529,2696,0,0,0,1.0,1,1.0,1,1.0,1,0.12482586960728696,48
2064,5,4230,1531,2699,0,0,0,1.0,1,1.0,1,1.0,1,0.21907548202966526,45
2065,6,4236,1531,2705,0,0,0,1.0,1,1.0,1,1.0,1,0.10644013384380652,44
2066,2,4238,1531,2707,0,0,0,1.0,1,1.0,1,1.0,1,0.13566749378167653,42
2067,1,4239,1531,2708,0,0,0,1.0,1,1.0,1,1.0,1,0.1326234238991857,41
2068,0,4239,1531,2708,0,0,0,1.0,1,1.0,1,1.0,1,0.16289364557605499,40
2069,4,4243,1531,2712,0,0,0,1.0,1,1.0,1,1.0,1,0.0998378108516909,40
2070,0,4243,1531,2712,0,0,0,1.0,1,1.0,1,1.0,1,0.13464407131280512,40
2071,1,4244,1532,2712,0,0,0,1.0,1,1.0,1,1.0,1,0.11103241855056802,40
2072,1,4245,1532,2713,0,0,0,1.0,1,1.0,1,1.0,1,0.11794541554087162,41
2073,4,4249,1533,2716,0,0,0,1.0,1,1.0,1,1.0,1,0.0865902069698803,41
2074,0,4249,1533,2716,0,0,0,1.0,1,1.0,1,1.0,1,0.08791932471805357,41
2075,1,4250,1534,2716,0,0,0,1.0,1,1.0,1,1.0,1,0.09024088442913333,41
2076,5,4255,1536,2719,0,0,0,1.0,1,1.0,1,1.0,1,0.10409403338062158,41
2077,0,4255,1536,2719,0,0,0,1.0,1,1.0,1,1.0,1,0.09005628225341537,40
2078,1,4256,1537,2719,0,0,0,1.0,1,1.0,1,1.0,1,0.12383763739045503,40
2079,1,4257,1537,2720,0,0,0,1.0,1,1.0,1,1.0,1,0.095809526700081,39
2080,1,4258,1537,2721,0,0,0,1.0,1,1.0,1,1.0,1,0.11580019047425263,38
2081,3,4261,1537,2724,0,0,0,1.0,1,1.0,1,1.0,1,0.08595173172692304,40
2082,2,4263,1538,2725,0,0,0,1.0,1,1.0,1,1.0,1,0.10659246545264602,41
2083,1,4264,1539,2725,0,0,0,1.0,1,1.0,1,1.0,1,0.09227048530037454,40
2084,3,4267,1541,2726,0,0,0,1.0,1,1.0,1,1.0,1,0.13619353594846736,42
2085,2,4269,1542,2727,0,0,0,1.0,1,1.0,1,1.0,1,0.1332678993247376,42
2086,1,4270,1543,2727,0,0,0,1.0,1,1.0,1,1.0,1,0.11964058508284947,43
2087,1,4271,1543,2728,0,0,0,1.0,1,1.0,1,1.0,1,0.12370689706698003,45
2088,6,4277,1545,2732,0,0,0,1.0,1,1.0,1,1.0,1,0.1641159861836892,46
2089,3,4280,1545,2735,0,0,0,1.0,1,1.0,1,1.0,1,0.12108291712609859,47
2090,4,4284,1547,2737,0,0,0,1.0,1,1.0,1,1.0,1,0.1476384858222999,49
2091,1,4285,1547,2738,0,0,0,1.0,1,1.0,1,1.0,1,0.13937702152791315,49
2092,1,4286,1547,2739,0,0,0,1.0,1,1.0,1,1.0,1,0.12872259139845338,49
2093,1,4287,1548,2739,0,0,0,1.0,1,1.0,1,1.0,1,0.15443295442526087,49
2094,1,4288,1548,2740,0,0,0,1.0,1,1.0,1,1.0,1,0.12723741400705418,49
2095,0,4288,1548,2740,0,0,0,1.0,1,1.0,1,1.0,1,0.10597494174112236,49
2096,0,4288,1548,2740,0,0,0,1.0,1,1.0,1,1.0,1,0.10100665909226007,51
2097,1,4289,1548,2741,0,0,0,1.0,1,1.0,1,1.0,1,0.09176410665603056,51
2098,1,4290,1549,2741,0,0,0,1.0,1,1.0,1,1.0,1,0.09801072094338643,52
2099,1,4291,1549,2742,0,0,0,1.0,1,1.0,1,1.0,1,0.10193082087149218,51
2100,0,4291,1549,2742,0,0,0,1.0,1,1.0,1,1.0,1,0.11366174995077487,51
2101,3,4294,1549,2745,0,0,0,1.0,1,1.0,1,1.0,1,0.11131900249459803,48
2102,4,4298,1551,2747,0,0,0,1.0,1,1.0,1,1.0,1,0.1637512537332557,49
2103,3,4301,1552,2749,0,0,0,1.0,1,1.0,1,1.0,1,0.16193658712992637,48
2104,1,4302,1553,2749,0,0,0,1.0,1,1.0,1,1.0,1,0.20475579450189627,43
2105,8,4310,1555,2755,0,0,0,1.0,1,1.0,1,1.0,1,0.1604819329144531,42
2106,2,4312,1556,2756,0,0,0,1.0,1,1.0,1,1.0,1,0.16620372808891307,40
2107,2,4314,1557,2757,0,0,0,1.0,1,1.0,1,1.0,1,0.19337462688142573,39
2108,4,4318,1559,2759,0,0,0,1.0,1,1.0,1,1.0,1,0.22382889110209847,38
2109,2,4320,1559,2761,0,0,0,1.0,1,1.0,1,1.0,1,0.16928990330301733,37
2110,2,4322,1559,2763,0,0,0,1.0,1,1.0,1,1.0,1,0.15015382790393034,38
2111,1,4323,1560,2763,0,0,0,1.0,1,1.0,1,1.0,1,0.1584027130233414,37
2112,0,4323,1560,2763,0,0,0,1.0,1,1.0,1,1.0,1,0.1391883194019278,36
2113,2,4325,1561,2764,0,0,0,1.0,1,1.0,1,1.0,1,0.17144197803117692,36
2114,2,4327,1562,2765,0,0,0,1.0,1,1.0,1,1.0,1,0.2060581962379345,36
2115,0,4327,1562,2765,0,0,0,1.0,1,1.0,1,1.0,1,0.1985570188712354,35
2116,1,4328,1563,2765,0,0,0,1.0,1,1.0,1,1.0,1,0.26452175849764564,37
2117,3,4331,1563,2768,0,0,0,1.0,1,1.0,1,1.0,1,0.15636222263873867,38
2118,0,4331,1563,2768,0,0,0,1.0,1,1.0,1,1.0,1,0.16560509196394807,40
2119,2,4333,1564,2769,0,0,0,1.0,1,1.0,1,1.0,1,0.15702623321157363,40
2120,1,4334,1564,2770,0,0,0,1.0,1,1.0,1,1.0,1,0.15216639901247794,41
2121,3,4337,1564,2773,0,0,0,1.0,1,1.0,1,1.0,1,0.12064623579736222,41
2122,0,4337,1564,2773,0,0,0,1.0,1,1.0,1,1.0,1,0.13684098649752713,42
2123,1,4338,1565,2773,0,0,0,1.0,1,1.0,1,1.0,1,0.14952290322187126,43
2124,0,4338,1565,2773,0,0,0,1.0,1,1.0,1,1.0,1,0.18412297121985002,41
2125,2,4340,1565,2775,0,0,0,1.0,1,1.0,1,1.0,1,0.1557451485628829,41
2126,0,4340,1565,2775,0,0,0,1.0,1,1.0,1,1.0,1,0.1800131596387588,40
2127,0,4340,1565,2775,0,0,0,1.0,1,1.0,1,1.0,1,0.1800131596387588,40
2128,1,4341,1565,2776,0,0,0,1.0,1,1.0,1,1.0,1,0.16406990667411694,41
2129,0,4341,1565,2776,0,0,0,1.0,1,1.0,1,1.0,1,0.16299572920622846,42
2130,3,4344,1565,2779,0,0,0,1.0,1,1.0,1,1.0,1,0.18153263881360102,45
2131,2,4346,1565,2781,0,0,0,1.0,1,1.0,1,1.0,1,0.13424846596200013,45
2132,1,4347,1565,2782,0,0,0,1.0,1,1.0,1,1.0,1,0.1248213273241453,46
2133,5,4352,1567,2785,0,0,0,1.0,1,1.0,1,1.0,1,0.1291810667463533,46
2134,2,4354,1567,2787,0,0,0,1.0,1,1.0,1,1.0,1,0.11053339205129452,47
2135,3,4357,1568,2789,0,0,0,1.0,1,1.0,1,1.0,1,0.11233911130663597,47
2136,1,4358,1568,2790,0,0,0,1.0,1,1.0,1,1.0,1,0.07543363024364048,47
2137,1,4359,1569,2790,0,0,0,1.0,1,1.0,1,1.0,1,0.0696802229651411,49
2138,1,4360,1570,2790,0,0,0,1.0,1,1.0,1,1.0,1,0.0917574169324682,49
2139,1,4361,1571,2790,0,0,0,1.0,1,1.0,1,1.0,1,0.13057688211151325,47
2140,0,4361,1571,2790,0,0,0,1.0,1,1.0,1,1.0,1,0.12800289403083084,48
2141,6,4367,1572,2795,0,0,0,1.0,1,1.0,1,1.0,1,0.09726516045803288,47
2142,1,4368,1572,2796,0,0,0,1.0,1,1.0,1,1.0,1,0.10119534232314656,47
2143,3,4371,1573,2798,0,0,0,1.0,1,1.0,1,1.0,1,0.0740709860727101,48
2144,5,4376,1576,2800,0,0,0,1.0,1,1.0,1,1.0,1,0.18087180323187405,48
2145,5,4381,1577,2804,0,0,0,1.0,1,1.0,1,1.0,1,0.08230600948465526,46
2146,2,4383,1578,2805,0,0,0,1.0,1,1.0,1,1.0,1,0.06714931012706886,47
2147,1,4384,1579,2805,0,0,0,1.0,1,1.0,1,1.0,1,0.08232504716776724,48
2148,1,4385,1579,2806,0,0,0,1.0,1,1.0,1,1.0,1,0.07962373969388958,46
2149,3,4388,1581,2807,0,0,0,1.0,1,1.0,1,1.0,1,0.08305872579130814,46
2150,2,4390,1583,2807,0,0,0,1.0,1,1.0,1,1.0,1,0.12776543230001267,46
2151,4,4394,1585,2809,0,0,0,1.0,1,1.0,1,1.0,1,0.14400500279037223,44
2152,3,4397,1586,2811,0,0,0,1.0,1,1.0,1,1.0,1,0.1845265017185197,45
2153,9,4406,1588,2818,0,0,0,1.0,1,1.0,1,1.0,1,0.12121225292835071,48
2154,1,4407,1588,2819,0,0,0,1.0,1,1.0,1,1.0,1,0.153994952423515,47
2155,5,4412,1590,2822,0,0,0,1.0,1,1.0,1,1.0,1,0.14920440380455793,48
2156,1,4413,1590,2823,0,0,0,1.0,1,1.0,1,1.0,1,0.15321488556675827,45
2157,3,4416,1590,2826,0,0,0,1.0,1,1.0,1,1.0,1,0.10829005493929432,43
2158,2,4418,1590,2828,0,0,0,1.0,1,1.0,1,1.0,1,0.10063121649335725,43
2159,3,4421,1593,2828,0,0,0,1.0,1,1.0,1,1.0,1,0.15648846728621751,43
2160,1,4422,1593,2829,0,0,0,1.0,1,1.0,1,1.0,1,0.1167837016454964,41
2161,4,4426,1595,2831,0,0,0,1.0,1,1.0,1,1.0,1,0.07055493863354748,41
2162,3,4429,1596,2833,0,0,0,1.0,1,1.0,1,1.0,1,0.0786825368005706,42
2163,2,4431,1596,2835,0,0,0,1.0,1,1.0,1,1.0,1,0.08465710622802042,43
2164,5,4436,1598,2838,0,0,0,1.0,1,1.0,1,1.0,1,0.13000268773001172,44
2165,2,4438,1598,2840,0,0,0,1.0,1,1.0,1,1.0,1,0.07930061265877625,44
2166,2,4440,1598,2842,0,0,0,1.0,1,1.0,1,1.0,1,0.06666637138707524,46
2167,0,4440,1598,2842,0,0,0,1.0,1,1.0,1,1.0,1,0.06666637138707524,46
2168,0,4440,1598,2842,0,0,0,1.0,1,1.0,1,1.0,1,0.05548522819753784,45
2169,4,4444,1599,2845,0,0,0,1.0,1,1.0,1,1.0,1,0.06434679737802279,49
2170,1,4445,1599,2846,0,0,0,1.0,1,1.0,1,1.0,1,0.07027760901101357,49
2171,4,4449,1600,2849,0,0,0,1.0,1,1.0,1,1.0,1,0.05300419502641892,51
2172,4,4453,1601,2852,0,0,0,1.0,1,1.0,1,1.0,1,0.06979586362269746,52
2173,1,4454,1602,2852,0,0,0,1.0,1,1.0,1,1.0,1,0.10320926271049237,52
2174,1,4455,1603,2852,0,0,0,1.0,1,1.0,1,1.0,1,0.12034095351250762,52
2175,4,4459,1604,2855,0,0,0,1.0,1,1.0,1,1.0,1,0.14566977331803593,53
2176,2,4461,1605,2856,0,0,0,1.0,1,1.0,1,1.0,1,0.14981266450560743,54
2177,5,4466,1606,2860,0,0,0,1.0,1,1.0,1,1.0,1,0.12318154668050471,55
2178,3,4469,1607,2862,0,0,0,1.0,1,1.0,1,1.0,1,0.10118848605702754,54
2179,1,4470,1607,2863,0,0,0,1.0,1,1.0,1,1.0,1,0.07780191600112935,52
2180,0,4470,1607,2863,0,0,0,1.0,1,1.0,1,1.0,1,0.07347938761346494,51
2181,2,4472,1608,2864,0,0,0,1.0,1,1.0,1,1.0,1,0.04540347640413525,49
2182,2,4474,1610,2864,0,0,0,1.0,1,1.0,1,1.0,1,0.08542811136789775,49
2183,2,4476,1612,2864,0,0,0,1.0,1,1.0,1,1.0,1,0.1359811277459834,46
2184,4,4480,1613,2867,0,0,0,1.0,1,1.0,1,1.0,1,0.1491366024111014,45
2185,6,4486,1615,2871,0,0,0,1.0,1,1.0,1,1.0,1,0.12251159355415743,44
2186,6,4492,1618,2874,0,0,0,1.0,1,1.0,1,1.0,1,0.11867452456023471,42
2187,6,4498,1623,2875,0,0,0,1.0,1,1.0,1,1.0,1,0.1686316809773421,40
2188,5,4503,1624,2879,0,0,0,1.0,1,1.0,1,1.0,1,0.15685632476279646,38
2189,2,4505,1625,2880,0,0,0,1.0,1,1.0,1,1.0,1,0.11103692007497748,36
2190,2,4507,1626,2881,0,0,0,1.0,1,1.0,1,1.0,1,0.15611099077560678,34
2191,0,4507,1626,2881,0,0,0,1.0,1,1.0,1,1.0,1,0.1536110315639542,34
2192,3,4510,1629,2881,0,0,0,1.0,1,1.0,1,1.0,1,0.1919499322581435,33
2193,5,4515,1629,2886,0,0,0,1.0,1,1.0,1,1.0,1,0.12793733499428234,32
2194,3,4518,1631,2887,0,0,0,1.0,1,1.0,1,1.0,1,0.1417796065928161,32
2195,1,4519,1631,2888,0,0,0,1.0,1,1.0,1,1.0,1,0.1688458139576394,31
2196,4,4523,1631,2892,0,0,0,1.0,1,1.0,1,1.0,1,0.10506702678526081,32
2197,0,4523,1631,2892,0,0,0,1.0,1,1.0,1,1.0,1,0.10596094185465986,31
2198,0,4523,1631,2892,0,0,0,1.0,1,1.0,1,1.0,1,0.10596094185465986,31
2199,0,4523,1631,2892,0,0,0,1.0,1,1.0,1,1.0,1,0.106738457515772,32
2200,1,4524,1631,2893,0,0,0,1.0,1,1.0,1,1.0,1,0.13143809129570921,35
2201,1,4525,1631,2894,0,0,0,1.0,1,1.0,1,1.0,1,0.11335451229305958,36
2202,0,4525,1631,2894,0,0,0,1.0,1,1.0,1,1.0,1,0.11335451229305958,36
2203,1,4526,1631,2895,0,0,0,1.0,1,1.0,1,1.0,1,0.11005073662767438,37
2204,2,4528,1632,2896,0,0,0,1.0,1,1.0,1,1.0,1,0.129943596200025,36
2205,2,4530,1632,2898,0,0,0,1.0,1,1.0,1,1.0,1,0.0956898251223483,37
2206,1,4531,1633,2898,0,0,0,1.0,1,1.0,1,1.0,1,0.18938579481140363,35
2207,5,4536,1635,2901,0,0,0,1.0,1,1.0,1,1.0,1,0.20523666813017177,37
2208,0,4536,1635,2901,0,0,0,1.0,1,1.0,1,1.0,1,0.19230435365685894,36
2209,1,4537,1635,2902,0,0,0,1.0,1,1.0,1,1.0,1,0.18440976675612503,35
2210,2,4539,1635,2904,0,0,0,1.0,1,1.0,1,1.0,1,0.16428036559193404,38
2211,1,4540,1635,2905,0,0,0,1.0,1,1.0,1,1.0,1,0.17060508291706153,37
2212,2,4542,1635,2907,0,0,0,1.0,1,1.0,1,1.0,1,0.13204940900806908,38
2213,0,4542,1635,2907,0,0,0,1.0,1,1.0,1,1.0,1,0.13204940900806908,38
2214,1,4543,1636,2907,0,0,0,1.0,1,1.0,1,1.0,1,0.15802021117133425,39
2215,4,4547,1638,2909,0,0,0,1.0,1,1.0,1,1.0,1,0.1348449243030971,39
2216,1,4548,1639,2909,0,0,0,1.0,1,1.0,1,1.0,1,0.14846026630554593,39
2217,2,4550,1639,2911,0,0,0,1.0,1,1.0,1,1.0,1,0.09765884524755797,38
2218,1,4551,1640,2911,0,0,0,1.0,1,1.0,1,1.0,1,0.11334844646533666,37
2219,2,4553,1641,2912,0,0,0,1.0,1,1.0,1,1.0,1,0.10055152063885653,36
2220,4,4557,1642,2915,0,0,0,1.0,1,1.0,1,1.0,1,0.15035097822462967,34
2221,5,4562,1644,2918,0,0,0,1.0,1,1.0,1,1.0,1,0.11229362770090398,35
2222,1,4563,1645,2918,0,0,0,1.0,1,1.0,1,1.0,1,0.15836768922045,33
2223,0,4563,1645,2918,0,0,0,1.0,1,1.0,1,1.0,1,0.13928207127373515,34
2224,2,4565,1647,2918,0,0,0,1.0,1,1.0,1,1.0,1,0.20365605170396942,32
2225,2,4567,1648,2919,0,0,0,1.0,1,1.0,1,1.0,1,0.21011686669827603,33
2226,2,4569,1650,2919,0,0,0,1.0,1,1.0,1,1.0,1,0.2549012450132182,32
2227,3,4572,1651,2921,0,0,0,1.0,1,1.0,1,1.0,1,0.20220397234509171,31
2228,1,4573,1651,2922,0,0,0,1.0,1,1.0,1,1.0,1,0.24301740955927484,32
2229,4,4577,1652,2925,0,0,0,1.0,1,1.0,1,1.0,1,0.12356754244517772,32
2230,0,4577,1652,2925,0,0,0,1.0,1,1.0,1,1.0,1,0.1339277715463422,31
2231,0,4577,1652,2925,0,0,0,1.0,1,1.0,1,1.0,1,0.12428059173793093,32
2232,3,4580,1652,2928,0,0,0,1.0,1,1.0,1,1.0,1,0.12094420903955828,32
2233,2,4582,1653,2929,0,0,0,1.0,1,1.0,1,1.0,1,0.14195955268311733,31
2234,0,4582,1653,2929,0,0,0,1.0,1,1.0,1,1.0,1,0.14026125941064063,32
2235,1,4583,1653,2930,0,0,0,1.0,1,1.0,1,1.0,1,0.14979775865363892,31
2236,0,4583,1653,2930,0,0,0,1.0,1,1.0,1,1.0,1,0.14979775865363892,31
2237,2,4585,1654,2931,0,0,0,1.0,1,1.0,1,1.0,1,0.12642198904410473,31
2238,1,4586,1655,2931,0,0,0,1.0,1,1.0,1,1.0,1,0.17299320736350837,31
2239,1,4587,1655,2932,0,0,0,1.0,1,1.0,1,1.0,1,0.1389739222357965,31
2240,1,4588,1656,2932,0,0,0,1.0,1,1.0,1,1.0,1,0.17993840064400982,32
2241,4,4592,1658,2934,0,0,0,1.0,1,1.0,1,1.0,1,0.13190877772379905,32
2242,2,4594,1659,2935,0,0,0,1.0,1,1.0,1,1.0,1,0.10134464277508426,34
2243,2,4596,1661,2935,0,0,0,1.0,1,1.0,1,1.0,1,0.20270959366000915,34
2244,2,4598,1661,2937,0,0,0,1.0,1,1.0,1,1.0,1,0.17812644835209418,36
2245,0,4598,1661,2937,0,0,0,1.0,1,1.0,1,1.0,1,0.17812644835209418,36
2246,2,4600,1661,2939,0,0,0,1.0,1,1.0,1,1.0,1,0.160782655286255,39
2247,1,4601,1661,2940,0,0,0,1.0,1,1.0,1,1.0,1,0.14692180341555997,40
2248,0,4601,1661,2940,0,0,0,1.0,1,1.0,1,1.0,1,0.14692180341555997,40
2249,1,4602,1661,2941,0,0,0,1.0,1,1.0,1,1.0,1,0.127951875251562,41
2250,0,4602,1661,2941,0,0,0,1.0,1,1.0,1,1.0,1,0.127951875251562,41
2251,0,4602,1661,2941,0,0,0,1.0,1,1.0,1,1.0,1,0.147785348169296,42
2252,1,4603,1661,2942,0,0,0,1.0,1,1.0,1,1.0,1,0.14362325956576746,41
2253,0,4603,1661,2942,0,0,0,1.0,1,1.0,1,1.0,1,0.12865668136374822,40
2254,1,4604,1662,2942,0,0,0,1.0,1,1.0,1,1.0,1,0.16006846161253493,39
2255,2,4606,1662,2944,0,0,0,1.0,1,1.0,1,1.0,1,0.19264503437279465,39
2256,2,4608,1664,2944,0,0,0,1.0,1,1.0,1,1.0,1,0.2451377373258727,40
2257,5,4613,1666,2947,0,0,0,1.0,1,1.0,1,1.0,1,0.1841929588040337,40
2258,3,4616,1668,2948,0,0,0,1.0,1,1.0,1,1.0,1,0.19945082335588257,39
2259,4,4620,1670,2950,0,0,0,1.0,1,1.0,1,1.0,1,0.16366198665191556,41
2260,0,4620,1670,2950,0,0,0,1.0,1,1.0,1,1.0,1,0.15824231027781957,38
2261,3,4623,1671,2952,0,0,0,1.0,1,1.0,1,1.0,1,0.10802346098667692,38
2262,0,4623,1671,2952,0,0,0,1.0,1,1.0,1,1.0,1,0.11239452805476388,36
2263,3,4626,1674,2952,0,0,0,1.0,1,1.0,1,1.0,1,0.1662932042216894,35
2264,5,4631,1677,2954,0,0,0,1.0,1,1.0,1,1.0,1,0.19125085074924006,33
2265,3,4634,1678,2956,0,0,0,1.0,1,1.0,1,1.0,1,0.16513208924382478,33
2266,3,4637,1680,2957,0,0,0,1.0,1,1.0,1,1.0,1,0.17933324586617264,33
2267,4,4641,1683,2958,0,0,0,1.0,1,1.0,1,1.0,1,0.23402860803466582,33
2268,4,4645,1684,2961,0,0,0,1.0,1,1.0,1,1.0,1,0.1937155932618233,35
2269,3,4648,1685,2963,0,0,0,1.0,1,1.0,1,1.0,1,0.17960368454375228,36
2270,0,4648,1685,2963,0,0,0,1.0,1,1.0,1,1.0,1,0.18267317251554777,34
2271,2,4650,1687,2963,0,0,0,1.0,1,1.0,1,1.0,1,0.2039676547418932,34
2272,2,4652,1688,2964,0,0,0,1.0,1,1.0,1,1.0,1,0.14899701203839177,33
2273,3,4655,1689,2966,0,0,0,1.0,1,1.0,1,1.0,1,0.15578560455240206,32
2274,0,4655,1689,2966,0,0,0,1.0,1,1.0,1,1.0,1,0.15578560455240206,32
2275,1,4656,1689,2967,0,0,0,1.0,1,1.0,1,1.0,1,0.1794898629479907,32
2276,1,4657,1690,2967,0,0,0,1.0,1,1.0,1,1.0,1,0.20857892313833876,31
2277,2,4659,1691,2968,0,0,0,1.0,1,1.0,1,1.0,1,0.18393570764796666,30
2278,3,4662,1692,2970,0,0,0,1.0,1,1.0,1,1.0,1,0.15167812330502384,33
2279,1,4663,1692,2971,0,0,0,1.0,1,1.0,1,1.0,1,0.12594021058983318,33
2280,4,4667,1692,2975,0,0,0,1.0,1,1.0,1,1.0,1,0.12134630274622095,35
2281,2,4669,1692,2977,0,0,0,1.0,1,1.0,1,1.0,1,0.06155910987916023,36
2282,0,4669,1692,2977,0,0,0,1.0,1,1.0,1,1.0,1,0.06155910987916023,36
2283,0,4669,1692,2977,0,0,0,1.0,1,1.0,1,1.0,1,0.06155910987916023,36
2284,1,4670,1693,2977,0,0,0,1.0,1,1.0,1,1.0,1,0.11106543253019344,36
2285,2,4672,1693,2979,0,0,0,1.0,1,1.0,1,1.0,1,0.08175462263526609,37
2286,1,4673,1694,2979,0,0,0,1.0,1,1.0,1,1.0,1,0.13685846415118558,38
2287,1,4674,1694,2980,0,0,0,1.0,1,1.0,1,1.0,1,0.09745037205744081,38
2288,5,4679,1696,2983,0,0,0,1.0,1,1.0,1,1.0,1,0.14952027764376,40
2289,3,4682,1696,2986,0,0,0,1.0,1,1.0,1,1.0,1,0.12690359173086774,40
2290,1,4683,1697,2986,0,0,0,1.0,1,1.0,1,1.0,1,0.14230194950705746,39
2291,0,4683,1697,2986,0,0,0,1.0,1,1.0,1,1.0,1,0.15466402933488568,37
2292,1,4684,1698,2986,0,0,0,1.0,1,1.0,1,1.0,1,0.19062464232888612,35
2293,3,4687,1701,2986,0,0,0,1.0,1,1.0,1,1.0,1,0.2597675520029345,35
2294,2,4689,1701,2988,0,0,0,1.0,1,1.0,1,1.0,1,0.19361374947694768,35
2295,1,4690,1701,2989,0,0,0,1.0,1,1.0,1,1.0,1,0.20815965237168885,36
2296,0,4690,1701,2989,0,0,0,1.0,1,1.0,1,1.0,1,0.23860420899926482,34
2297,5,4695,1701,2994,0,0,0,1.0,1,1.0,1,1.0,1,0.1583429425824502,35
2298,1,4696,1702,2994,0,0,0,1.0,1,1.0,1,1.0,1,0.18131055873692187,34
2299,1,4697,1703,2994,0,0,0,1.0,1,1.0,1,1.0,1,0.19341401358959687,35
2300,1,4698,1703,2995,0,0,0,1.0,1,1.0,1,1.0,1,0.1609242667130978,35
2301,6,4704,1703,3001,0,0,0,1.0,1,1.0,1,1.0,1,0.1250677763789378,35
2302,8,4712,1705,3007,0,0,0,1.0,1,1.0,1,1.0,1,0.17162813518438047,37
2303,4,4716,1706,3010,0,0,0,1.0,1,1.0,1,1.0,1,0.20845513928879403,35
2304,9,4725,1708,3017,0,0,0,1.0,1,1.0,1,1.0,1,0.24747072065694034,36
2305,3,4728,1708,3020,0,0,0,1.0,1,1.0,1,1.0,1,0.15733115879659113,34
2306,4,4732,1709,3023,0,0,0,1.0,1,1.0,1,1.0,1,0.11951823381193113,35
2307,0,4732,1709,3023,0,0,0,1.0,1,1.0,1,1.0,1,0.13215079040518968,35
2308,0,4732,1709,3023,0,0,0,1.0,1,1.0,1,1.0,1,0.13215079040518968,35
2309,0,4732,1709,3023,0,0,0,1.0,1,1.0,1,1.0,1,0.14531766669980012,34
2310,0,4732,1709,3023,0,0,0,1.0,1,1.0,1,1.0,1,0.1530421303007256,36
2311,2,4734,1709,3025,0,0,0,1.0,1,1.0,1,1.0,1,0.1349129583268176,38
2312,3,4737,1711,3026,0,0,0,1.0,1,1.0,1,1.0,1,0.18241795500260727,39
2313,3,4740,1711,3029,0,0,0,1.0,1,1.0,1,1.0,1,0.11371474454378754,39
2314,1,4741,1712,3029,0,0,0,1.0,1,1.0,1,1.0,1,0.10766473022813572,39
2315,3,4744,1714,3030,0,0,0,1.0,1,1.0,1,1.0,1,0.13984890054540244,40
2316,1,4745,1714,3031,0,0,0,1.0,1,1.0,1,1.0,1,0.1372501261718201,40
2317,2,4747,1715,3032,0,0,0,1.0,1,1.0,1,1.0,1,0.1663962609350029,41
2318,1,4748,1716,3032,0,0,0,1.0,1,1.0,1,1.0,1,0.1707114777706287,41
2319,1,4749,1716,3033,0,0,0,1.0,1,1.0,1,1.0,1,0.15911803519610224,41
2320,3,4752,1716,3036,0,0,0,1.0,1,1.0,1,1.0,1,0.1368323929413162,42
2321,2,4754,1717,3037,0,0,0,1.0,1,1.0,1,1.0,1,0.12021899439222364,43
2322,0,4754,1717,3037,0,0,0,1.0,1,1.0,1,1.0,1,0.11225030628700167,42
2323,1,4755,1718,3037,0,0,0,1.0,1,1.0,1,1.0,1,0.16331845158466715,43
2324,3,4758,1718,3040,0,0,0,1.0,1,1.0,1,1.0,1,0.13265524698464914,44
2325,1,4759,1719,3040,0,0,0,1.0,1,1.0,1,1.0,1,0.1584099683892198,44
2326,0,4759,1719,3040,0,0,0,1.0,1,1.0,1,1.0,1,0.1571517236928085,45
2327,0,4759,1719,3040,0,0,0,1.0,1,1.0,1,1.0,1,0.1571517236928085,45
2328,2,4761,1720,3041,0,0,0,1.0,1,1.0,1,1.0,1,0.15124572924139817,46
2329,2,4763,1720,3043,0,0,0,1.0,1,1.0,1,1.0,1,0.091570497668511,45
2330,0,4763,1720,3043,0,0,0,1.0,1,1.0,1,1.0,1,0.08345822923229357,47
2331,1,4764,1721,3043,0,0,0,1.0,1,1.0,1,1.0,1,0.10683825048698074,48
2332,0,4764,1721,3043,0,0,0,1.0,1,1.0,1,1.0,1,0.10683825048698074,48
2333,3,4767,1721,3046,0,0,0,1.0,1,1.0,1,1.0,1,0.08053018965171618,49
2334,1,4768,1722,3046,0,0,0,1.0,1,1.0,1,1.0,1,0.11559940894737496,47
2335,1,4769,1723,3046,0,0,0,1.0,1,1.0,1,1.0,1,0.16698647995740884,46
2336,1,4770,1723,3047,0,0,0,1.0,1,1.0,1,1.0,1,0.18638477762673966,46
2337,6,4776,1724,3052,0,0,0,1.0,1,1.0,1,1.0,1,0.1320426956749461,45
2338,3,4779,1725,3054,0,0,0,1.0,1,1.0,1,1.0,1,0.1271196062116785,44
2339,3,4782,1726,3056,0,0,0,1.0,1,1.0,1,1.0,1,0.10727359221930073,45
2340,4,4786,1727,3059,0,0,0,1.0,1,1.0,1,1.0,1,0.10558591553477084,44
2341,3,4789,1727,3062,0,0,0,1.0,1,1.0,1,1.0,1,0.0670920414376635,45
2342,1,4790,1728,3062,0,0,0,1.0,1,1.0,1,1.0,1,0.09004198462274328,47
2343,1,4791,1728,3063,0,0,0,1.0,1,1.0,1,1.0,1,0.07809703167312061,46
2344,1,4792,1729,3063,0,0,0,1.0,1,1.0,1,1.0,1,0.10113285074865917,46
2345,1,4793,1729,3064,0,0,0,1.0,1,1.0,1,1.0,1,0.09604034916224416,45
2346,0,4793,1729,3064,0,0,0,1.0,1,1.0,1,1.0,1,0.0816126399374657,46
2347,0,4793,1729,3064,0,0,0,1.0,1,1.0,1,1.0,1,0.09513637116818213,47
2348,2,4795,1730,3065,0,0,0,1.0,1,1.0,1,1.0,1,0.11846927761116127,49
2349,3,4798,1730,3068,0,0,0,1.0,1,1.0,1,1.0,1,0.08021221935024492,49
2350,0,4798,1730,3068,0,0,0,1.0,1,1.0,1,1.0,1,0.06805357388482769,50
2351,3,4801,1731,3070,0,0,0,1.0,1,1.0,1,1.0,1,0.09017670271238953,50
2352,2,4803,1731,3072,0,0,0,1.0,1,1.0,1,1.0,1,0.07810258998352286,51
2353,0,4803,1731,3072,0,0,0,1.0,1,1.0,1,1.0,1,0.07810258998352286,51
2354,0,4803,1731,3072,0,0,0,1.0,1,1.0,1,1.0,1,0.09635437739140411,51
2355,1,4804,1732,3072,0,0,0,1.0,1,1.0,1,1.0,1,0.134880136886311,50
2356,0,4804,1732,3072,0,0,0,1.0,1,1.0,1,1.0,1,0.134880136886311,50
2357,4,4808,1734,3074,0,0,0,1.0,1,1.0,1,1.0,1,0.11186025218552696,49
2358,4,4812,1734,3078,0,0,0,1.0,1,1.0,1,1.0,1,0.09808848265671277,51
2359,2,4814,1734,3080,0,0,0,1.0,1,1.0,1,1.0,1,0.06415000874480434,51
2360,4,4818,1735,3083,0,0,0,1.0,1,1.0,1,1.0,1,0.07660153198928635,51
2361,2,4820,1736,3084,0,0,0,1.0,1,1.0,1,1.0,1,0.11073384357906951,52
2362,1,4821,1737,3084,0,0,0,1.0,1,1.0,1,1.0,1,0.1298312934559919,53
2363,2,4823,1738,3085,0,0,0,1.0,1,1.0,1,1.0,1,0.13266192695796308,54
2364,7,4830,1740,3090,0,0,0,1.0,1,1.0,1,1.0,1,0.09936185166926013,55
2365,5,4835,1742,3093,0,0,0,1.0,1,1.0,1,1.0,1,0.1166547174639728,53
2366,3,4838,1745,3093,0,0,0,1.0,1,1.0,1,1.0,1,0.14311325949623513,53
2367,3,4841,1747,3094,0,0,0,1.0,1,1.0,1,1.0,1,0.18605125517624058,51
2368,5,4846,1749,3097,0,0,0,1.0,1,1.0,1,1.0,1,0.21711795265379655,50
2369,7,4853,1751,3102,0,0,0,1.0,1,1.0,1,1.0,1,0.17624074343805166,47
2370,0,4853,1751,3102,0,0,0,1.0,1,1.0,1,1.0,1,0.18593895404216343,48
2371,5,4858,1753,3105,0,0,0,1.0,1,1.0,1,1.0,1,0.18434067393817893,49
2372,0,4858,1753,3105,0,0,0,1.0,1,1.0,1,1.0,1,0.19406197219991858,48
2373,0,4858,1753,3105,0,0,0,1.0,1,1.0,1,1.0,1,0.20303747057081883,49
2374,0,4858,1753,3105,0,0,0,1.0,1,1.0,1,1.0,1,0.192904716515554,50
2375,1,4859,1753,3106,0,0,0,1.0,1,1.0,1,1.0,1,0.15182783405692454,50
2376,0,4859,1753,3106,0,0,0,1.0,1,1.0,1,1.0,1,0.16582032382331519,50
2377,0,4859,1753,3106,0,0,0,1.0,1,1.0,1,1.0,1,0.17212256190773603,49
2378,1,4860,1753,3107,0,0,0,1.0,1,1.0,1,1.0,1,0.15217814938306481,49
2379,1,4861,1754,3107,0,0,0,1.0,1,1.0,1,1.0,1,0.18325911211131257,50
2380,1,4862,1755,3107,0,0,0,1.0,1,1.0,1,1.0,1,0.19994687640694778,50
2381,4,4866,1756,3110,0,0,0,1.0,1,1.0,1,1.0,1,0.1929689165609142,51
2382,4,4870,1758,3112,0,0,0,1.0,1,1.0,1,1.0,1,0.2142559413204651,51
2383,1,4871,1758,3113,0,0,0,1.0,1,1.0,1,1.0,1,0.20383818237856222,52
2384,1,4872,1759,3113,0,0,0,1.0,1,1.0,1,1.0,1,0.18523418619568663,52
2385,9,4881,1761,3120,0,0,0,1.0,1,1.0,1,1.0,1,0.16581429058892225,51
2386,4,4885,1762,3123,0,0,0,1.0,1,1.0,1,1.0,1,0.1427169194307199,52
2387,3,4888,1764,3124,0,0,0,1.0,1,1.0,1,1.0,1,0.1596895693017549,49
2388,1,4889,1764,3125,0,0,0,1.0,1,1.0,1,1.0,1,0.14386794189786303,48
2389,2,4891,1765,3126,0,0,0,1.0,1,1.0,1,1.0,1,0.1348658602456579,48
2390,3,4894,1766,3128,0,0,0,1.0,1,1.0,1,1.0,1,0.09211909604289327,49
2391,2,4896,1768,3128,0,0,0,1.0,1,1.0,1,1.0,1,0.13899287541871191,48
2392,2,4898,1770,3128,0,0,0,1.0,1,1.0,1,1.0,1,0.1587324485092883,49
2393,6,4904,1771,3133,0,0,0,1.0,1,1.0,1,1.0,1,0.11180281159669266,50
2394,3,4907,1772,3135,0,0,0,1.0,1,1.0,1,1.0,1,0.11062324273756066,50
2395,1,4908,1772,3136,0,0,0,1.0,1,1.0,1,1.0,1,0.10772405302440441,49
2396,0,4908,1772,3136,0,0,0,1.0,1,1.0,1,1.0,1,0.11338092465974751,50
2397,4,4912,1774,3138,0,0,0,1.0,1,1.0,1,1.0,1,0.13373199445925404,51
2398,2,4914,1776,3138,0,0,0,1.0,1,1.0,1,1.0,1,0.1576951151652476,49
2399,2,4916,1776,3140,0,0,0,1.0,1,1.0,1,1.0,1,0.1389169876540868,50
2400,1,4917,1777,3140,0,0,0,1.0,1,1.0,1,1.0,1,0.18176065574891867,51
2401,3,4920,1778,3142,0,0,0,1.0,1,1.0,1,1.0,1,0.15565595272272545,50
2402,1,4921,1778,3143,0,0,0,1.0,1,1.0,1,1.0,1,0.14233913053957695,51
2403,0,4921,1778,3143,0,0,0,1.0,1,1.0,1,1.0,1,0.14347437919505512,52
2404,3,4924,1778,3146,0,0,0,1.0,1,1.0,1,1.0,1,0.09994224073164737,53
2405,3,4927,1778,3149,0,0,0,1.0,1,1.0,1,1.0,1,0.13223596074760938,52
2406,1,4928,1778,3150,0,0,0,1.0,1,1.0,1,1.0,1,0.12250512659442761,52
2407,1,4929,1778,3151,0,0,0,1.0,1,1.0,1,1.0,1,0.15896700046819062,51
2408,0,4929,1778,3151,0,0,0,1.0,1,1.0,1,1.0,1,0.16465013981889975,50
2409,2,4931,1778,3153,0,0,0,1.0,1,1.0,1,1.0,1,0.15512189611873367,50
2410,1,4932,1779,3153,0,0,0,1.0,1,1.0,1,1.0,1,0.18407665663672623,49
2411,1,4933,1780,3153,0,0,0,1.0,1,1.0,1,1.0,1,0.22870868792568044,48
2412,0,4933,1780,3153,0,0,0,1.0,1,1.0,1,1.0,1,0.2345458211164546,47
2413,5,4938,1780,3158,0,0,0,1.0,1,1.0,1,1.0,1,0.19280582489278017,47
2414,1,4939,1780,3159,0,0,0,1.0,1,1.0,1,1.0,1,0.21937914217811252,47
2415,2,4941,1780,3161,0,0,0,1.0,1,1.0,1,1.0,1,0.2155711068961804,46
2416,2,4943,1780,3163,0,0,0,1.0,1,1.0,1,1.0,1,0.18736110209387583,47
2417,1,4944,1780,3164,0,0,0,1.0,1,1.0,1,1.0,1,0.17482033494176222,46
2418,3,4947,1781,3166,0,0,0,1.0,1,1.0,1,1.0,1,0.17799830042913814,48
2419,4,4951,1782,3169,0,0,0,1.0,1,1.0,1,1.0,1,0.13944323622719543,47
2420,3,4954,1783,3171,0,0,0,1.0,1,1.0,1,1.0,1,0.12293934179585062,49
2421,0,4954,1783,3171,0,0,0,1.0,1,1.0,1,1.0,1,0.11796236968590303,50
2422,3,4957,1785,3172,0,0,0,1.0,1,1.0,1,1.0,1,0.10322386712140925,50
2423,1,4958,1786,3172,0,0,0,1.0,1,1.0,1,1.0,1,0.12063497945079893,51
2424,7,4965,1791,3174,0,0,0,1.0,1,1.0,1,1.0,1,0.1601144203209742,50
2425,4,4969,1792,3177,0,0,0,1.0,1,1.0,1,1.0,1,0.09646776346159333,48
2426,3,4972,1794,3178,0,0,0,1.0,1,1.0,1,1.0,1,0.09924640339802078,51
2427,3,4975,1795,3180,0,0,0,1.0,1,1.0,1,1.0,1,0.09675550575765479,50
2428,1,4976,1796,3180,0,0,0,1.0,1,1.0,1,1.0,1,0.12582682567314737,49
2429,4,4980,1798,3182,0,0,0,1.0,1,1.0,1,1.0,1,0.11831379003778866,49
2430,0,4980,1798,3182,0,0,0,1.0,1,1.0,1,1.0,1,0.1737861075013815,46
2431,2,4982,1800,3182,0,0,0,1.0,1,1.0,1,1.0,1,0.14448034612513966,45
2432,2,4984,1801,3183,0,0,0,1.0,1,1.0,1,1.0,1,0.2263629630028711,44
2433,7,4991,1802,3189,0,0,0,1.0,1,1.0,1,1.0,1,0.10904044293657016,45
2434,0,4991,1802,3189,0,0,0,1.0,1,1.0,1,1.0,1,0.12294174922368165,44
2435,1,4992,1802,3190,0,0,0,1.0,1,1.0,1,1.0,1,0.13045640659436342,44
2436,4,4996,1804,3192,0,0,0,1.0,1,1.0,1,1.0,1,0.13804377877431334,44
2437,3,4999,1805,3194,0,0,0,1.0,1,1.0,1,1.0,1,0.14626042484287768,45
2438,3,5002,1806,3196,0,0,0,1.0,1,1.0,1,1.0,1,0.1786984513105826,45
2439,3,5005,1806,3199,0,0,0,1.0,1,1.0,1,1.0,1,0.17063324233000488,46
2440,4,5009,1806,3203,0,0,0,1.0,1,1.0,1,1.0,1,0.17671657688133,45
2441,5,5014,1807,3207,0,0,0,1.0,1,1.0,1,1.0,1,0.13898754249798248,45
2442,1,5015,1808,3207,0,0,0,1.0,1,1.0,1,1.0,1,0.14304691559005386,46
2443,2,5017,1808,3209,0,0,0,1.0,1,1.0,1,1.0,1,0.14029675851112786,45
2444,7,5024,1812,3212,0,0,0,1.0,1,1.0,1,1.0,1,0.21810138282355057,46
2445,3,5027,1812,3215,0,0,0,1.0,1,1.0,1,1.0,1,0.19763063916456813,44
2446,3,5030,1814,3216,0,0,0,1.0,1,1.0,1,1.0,1,0.18108147488544035,44
2447,2,5032,1815,3217,0,0,0,1.0,1,1.0,1,1.0,1,0.1725146896960718,42
2448,2,5034,1817,3217,0,0,0,1.0,1,1.0,1,1.0,1,0.22875514668326533,41
2449,9,5043,1817,3226,0,0,0,1.0,1,1.0,1,1.0,1,0.14220310346267293,40
2450,4,5047,1817,3230,0,0,0,1.0,1,1.0,1,1.0,1,0.1725965597156024,42
2451,1,5048,1817,3231,0,0,0,1.0,1,1.0,1,1.0,1,0.12303535665301081,43
2452,2,5050,1817,3233,0,0,0,1.0,1,1.0,1,1.0,1,0.1389977710551212,43
2453,0,5050,1817,3233,0,0,0,1.0,1,1.0,1,1.0,1,0.1521266644148358,45
2454,2,5052,1819,3233,0,0,0,1.0,1,1.0,1,1.0,1,0.1624667949966514,47
2455,0,5052,1819,3233,0,0,0,1.0,1,1.0,1,1.0,1,0.16690746916157315,48
2456,3,5055,1820,3235,0,0,0,1.0,1,1.0,1,1.0,1,0.2048584337924088,49
2457,4,5059,1822,3237,0,0,0,1.0,1,1.0,1,1.0,1,0.243353306507715,48
2458,2,5061,1822,3239,0,0,0,1.0,1,1.0,1,1.0,1,0.2164562935457098,49
2459,2,5063,1822,3241,0,0,0,1.0,1,1.0,1,1.0,1,0.18714414290409176,49
2460,3,5066,1823,3243,0,0,0,1.0,1,1.0,1,1.0,1,0.19388521986559082,50
2461,2,5068,1823,3245,0,0,0,1.0,1,1.0,1,1.0,1,0.17501434862570628,50
2462,6,5074,1825,3249,0,0,0,1.0,1,1.0,1,1.0,1,0.1780119138492802,51
2463,5,5079,1827,3252,0,0,0,1.0,1,1.0,1,1.0,1,0.20316138734575617,51
2464,3,5082,1827,3255,0,0,0,1.0,1,1.0,1,1.0,1,0.1775810307940025,50
2465,4,5086,1828,3258,0,0,0,1.0,1,1.0,1,1.0,1,0.17040901166795552,49
2466,2,5088,1829,3259,0,0,0,1.0,1,1.0,1,1.0,1,0.15311634713895697,49
2467,3,5091,1829,3262,0,0,0,1.0,1,1.0,1,1.0,1,0.10893689260560048,48
2468,2,5093,1831,3262,0,0,0,1.0,1,1.0,1,1.0,1,0.1523297724119996,47
2469,3,5096,1832,3264,0,0,0,1.0,1,1.0,1,1.0,1,0.09472834553167284,46
2470,0,5096,1832,3264,0,0,0,1.0,1,1.0,1,1.0,1,0.09269820014521951,44
2471,2,5098,1832,3266,0,0,0,1.0,1,1.0,1,1.0,1,0.10026075614719457,44
2472,1,5099,1832,3267,0,0,0,1.0,1,1.0,1,1.0,1,0.11512647668976532,44
2473,0,5099,1832,3267,0,0,0,1.0,1,1.0,1,1.0,1,0.13222723479888468,43
2474,4,5103,1835,3268,0,0,0,1.0,1,1.0,1,1.0,1,0.1467382636310654,44
2475,1,5104,1835,3269,0,0,0,1.0,1,1.0,1,1.0,1,0.12087267748741962,46
2476,0,5104,1835,3269,0,0,0,1.0,1,1.0,1,1.0,1,0.12087267748741962,46
2477,3,5107,1836,3271,0,0,0,1.0,1,1.0,1,1.0,1,0.08991624088936068,46
2478,1,5108,1836,3272,0,0,0,1.0,1,1.0,1,1.0,1,0.0663353530850975,46
2479,1,5109,1837,3272,0,0,0,1.0,1,1.0,1,1.0,1,0.07831095768076883,46
2480,2,5111,1839,3272,0,0,0,1.0,1,1.0,1,1.0,1,0.11233283201213397,47
2481,3,5114,1840,3274,0,0,0,1.0,1,1.0,1,1.0,1,0.06988158882117373,47
2482,0,5114,1840,3274,0,0,0,1.0,1,1.0,1,1.0,1,0.10597278657998149,45
2483,1,5115,1840,3275,0,0,0,1.0,1,1.0,1,1.0,1,0.12847918198088365,45
2484,2,5117,1842,3275,0,0,0,1.0,1,1.0,1,1.0,1,0.15373047984664048,46
2485,1,5118,1842,3276,0,0,0,1.0,1,1.0,1,1.0,1,0.15122095385078907,44
2486,1,5119,1843,3276,0,0,0,1.0,1,1.0,1,1.0,1,0.1488155358279711,43
2487,1,5120,1844,3276,0,0,0,1.0,1,1.0,1,1.0,1,0.15662280833715994,44
2488,4,5124,1846,3278,0,0,0,1.0,1,1.0,1,1.0,1,0.17289965778535368,45
2489,3,5127,1846,3281,0,0,0,1.0,1,1.0,1,1.0,1,0.13492547768907356,44
2490,0,5127,1846,3281,0,0,0,1.0,1,1.0,1,1.0,1,0.13492547768907356,44
2491,1,5128,1847,3281,0,0,0,1.0,1,1.0,1,1.0,1,0.1775312315774157,44
2492,0,5128,1847,3281,0,0,0,1.0,1,1.0,1,1.0,1,0.1775312315774157,44
2493,1,5129,1847,3282,0,0,0,1.0,1,1.0,1,1.0,1,0.18099211222605519,42
2494,1,5130,1848,3282,0,0,0,1.0,1,1.0,1,1.0,1,0.20080855669322215,42
2495,1,5131,1848,3283,0,0,0,1.0,1,1.0,1,1.0,1,0.18680059143618086,42
2496,1,5132,1849,3283,0,0,0,1.0,1,1.0,1,1.0,1,0.19296323668040236,42
2497,5,5137,1850,3287,0,0,0,1.0,1,1.0,1,1.0,1,0.1549297471781369,44
2498,1,5138,1850,3288,0,0,0,1.0,1,1.0,1,1.0,1,0.1464928146234257,43
2499,0,5138,1850,3288,0,0,0,1.0,1,1.0,1,1.0,1,0.1464928146234257,43
2500,0,5138,1850,3288,0,0,0,1.0,1,1.0,1,1.0,1,0.15386558455616015,44
2501,2,5140,1851,3289,0,0,0,1.0,1,1.0,1,1.0,1,0.15054950272592785,46
2502,5,5145,1854,3291,0,0,0,1.0,1,1.0,1,1.0,1,0.11381919466332172,47
2503,2,5147,1856,3291,0,0,0,1.0,1,1.0,1,1.0,1,0.13733495175324603,47
2504,1,5148,1857,3291,0,0,0,1.0,1,1.0,1,1.0,1,0.17126096635937646,46
2505,6,5154,1861,3293,0,0,0,1.0,1,1.0,1,1.0,1,0.21744868530265557,46
2506,1,5155,1861,3294,0,0,0,1.0,1,1.0,1,1.0,1,0.17320242054643842,45
2507,3,5158,1863,3295,0,0,0,1.0,1,1.0,1,1.0,1,0.16646480039005143,45
2508,3,5161,1865,3296,0,0,0,1.0,1,1.0,1,1.0,1,0.1778039659041675,46
2509,6,5167,1866,3301,0,0,0,1.0,1,1.0,1,1.0,1,0.1407140126763182,45
2510,8,5175,1867,3308,0,0,0,1.0,1,1.0,1,1.0,1,0.13384523622690303,46
2511,3,5178,1867,3311,0,0,0,1.0,1,1.0,1,1.0,1,0.12952489328220124,47
2512,5,5183,1868,3315,0,0,0,1.0,1,1.0,1,1.0,1,0.1946787752813527,47
2513,5,5188,1869,3319,0,0,0,1.0,1,1.0,1,1.0,1,0.14364610267435826,48
2514,1,5189,1870,3319,0,0,0,1.0,1,1.0,1,1.0,1,0.1443465367823059,48
2515,3,5192,1870,3322,0,0,0,1.0,1,1.0,1,1.0,1,0.12272082478584968,49
2516,1,5193,1871,3322,0,0,0,1.0,1,1.0,1,1.0,1,0.13093462694705507,49
2517,5,5198,1872,3326,0,0,0,1.0,1,1.0,1,1.0,1,0.08957659502082267,49
2518,1,5199,1873,3326,0,0,0,1.0,1,1.0,1,1.0,1,0.1256969848426081,48
2519,1,5200,1873,3327,0,0,0,1.0,1,1.0,1,1.0,1,0.11937478250979829,48
2520,1,5201,1874,3327,0,0,0,1.0,1,1.0,1,1.0,1,0.17462749555495702,46
2521,8,5209,1876,3333,0,0,0,1.0,1,1.0,1,1.0,1,0.10473427155800757,47
2522,2,5211,1878,3333,0,0,0,1.0,1,1.0,1,1.0,1,0.1056081132166578,45
2523,2,5213,1880,3333,0,0,0,1.0,1,1.0,1,1.0,1,0.17818004619073807,44
2524,0,5213,1880,3333,0,0,0,1.0,1,1.0,1,1.0,1,0.15352887080347088,42
2525,3,5216,1881,3335,0,0,0,1.0,1,1.0,1,1.0,1,0.14818386663820088,42
2526,0,5216,1881,3335,0,0,0,1.0,1,1.0,1,1.0,1,0.15242616986489244,41
2527,1,5217,1882,3335,0,0,0,1.0,1,1.0,1,1.0,1,0.18677099870212663,41
2528,2,5219,1882,3337,0,0,0,1.0,1,1.0,1,1.0,1,0.12687836161186955,41
2529,0,5219,1882,3337,0,0,0,1.0,1,1.0,1,1.0,1,0.13548272526072674,42
2530,0,5219,1882,3337,0,0,0,1.0,1,1.0,1,1.0,1,0.15139730824516526,41
2531,0,5219,1882,3337,0,0,0,1.0,1,1.0,1,1.0,1,0.15139730824516526,41
2532,0,5219,1882,3337,0,0,0,1.0,1,1.0,1,1.0,1,0.17770451438122759,43
2533,0,5219,1882,3337,0,0,0,1.0,1,1.0,1,1.0,1,0.17770451438122759,43
2534,0,5219,1882,3337,0,0,0,1.0,1,1.0,1,1.0,1,0.17770451438122759,43
2535,1,5220,1882,3338,0,0,0,1.0,1,1.0,1,1.0,1,0.1749742244919341,44
2536,0,5220,1882,3338,0,0,0,1.0,1,1.0,1,1.0,1,0.1749742244919341,44
2537,1,5221,1882,3339,0,0,0,1.0,1,1.0,1,1.0,1,0.1753569154025882,45
2538,4,5225,1882,3343,0,0,0,1.0,1,1.0,1,1.0,1,0.1557564565735812,48
2539,3,5228,1884,3344,0,0,0,1.0,1,1.0,1,1.0,1,0.1680418750134118,48
2540,6,5234,1886,3348,0,0,0,1.0,1,1.0,1,1.0,1,0.1888637954629097,50
2541,3,5237,1887,3350,0,0,0,1.0,1,1.0,1,1.0,1,0.17843308772494024,52
2542,5,5242,1891,3351,0,0,0,1.0,1,1.0,1,1.0,1,0.2327907879821662,52
2543,6,5248,1894,3354,0,0,0,1.0,1,1.0,1,1.0,1,0.2388858567128091,51
2544,4,5252,1896,3356,0,0,0,1.0,1,1.0,1,1.0,1,0.23010414449977715,51
2545,5,5257,1897,3360,0,0,0,1.0,1,1.0,1,1.0,1,0.1735231309812689,50
2546,2,5259,1898,3361,0,0,0,1.0,1,1.0,1,1.0,1,0.16858284420782574,50
2547,1,5260,1899,3361,0,0,0,1.0,1,1.0,1,1.0,1,0.16916569835856504,47
2548,0,5260,1899,3361,0,0,0,1.0,1,1.0,1,1.0,1,0.15091611012826456,46
2549,3,5263,1900,3363,0,0,0,1.0,1,1.0,1,1.0,1,0.13674124490411868,46
2550,2,5265,1902,3363,0,0,0,1.0,1,1.0,1,1.0,1,0.1302870149426701,44
2551,0,5265,1902,3363,0,0,0,1.0,1,1.0,1,1.0,1,0.11601015343309205,43
2552,0,5265,1902,3363,0,0,0,1.0,1,1.0,1,1.0,1,0.13265197769098325,43
2553,0,5265,1902,3363,0,0,0,1.0,1,1.0,1,1.0,1,0.13721730225613382,44
2554,1,5266,1903,3363,0,0,0,1.0,1,1.0,1,1.0,1,0.1638975299931514,45
2555,3,5269,1904,3365,0,0,0,1.0,1,1.0,1,1.0,1,0.1483495450293825,44
2556,0,5269,1904,3365,0,0,0,1.0,1,1.0,1,1.0,1,0.1493790992925083,44
2557,2,5271,1905,3366,0,0,0,1.0,1,1.0,1,1.0,1,0.16381980752061348,41
2558,1,5272,1905,3367,0,0,0,1.0,1,1.0,1,1.0,1,0.15110099971404228,40
2559,1,5273,1905,3368,0,0,0,1.0,1,1.0,1,1.0,1,0.16315402000322635,41
2560,0,5273,1905,3368,0,0,0,1.0,1,1.0,1,1.0,1,0.16315402000322635,41
2561,2,5275,1905,3370,0,0,0,1.0,1,1.0,1,1.0,1,0.14837938907878886,43
2562,1,5276,1906,3370,0,0,0,1.0,1,1.0,1,1.0,1,0.172705991042574,44
2563,0,5276,1906,3370,0,0,0,1.0,1,1.0,1,1.0,1,0.172705991042574,44
2564,2,5278,1908,3370,0,0,0,1.0,1,1.0,1,1.0,1,0.19762965221007964,44
2565,0,5278,1908,3370,0,0,0,1.0,1,1.0,1,1.0,1,0.19397296026755875,45
2566,5,5283,1910,3373,0,0,0,1.0,1,1.0,1,1.0,1,0.19538161736506834,46
2567,3,5286,1911,3375,0,0,0,1.0,1,1.0,1,1.0,1,0.18251818258678873,48
2568,4,5290,1912,3378,0,0,0,1.0,1,1.0,1,1.0,1,0.19194908672931418,48
2569,2,5292,1912,3380,0,0,0,1.0,1,1.0,1,1.0,1,0.1756463757795621,49
2570,0,5292,1912,3380,0,0,0,1.0,1,1.0,1,1.0,1,0.18950103301564317,48
2571,1,5293,1912,3381,0,0,0,1.0,1,1.0,1,1.0,1,0.18903205237266438,48
2572,2,5295,1912,3383,0,0,0,1.0,1,1.0,1,1.0,1,0.15597414670178084,49
2573,1,5296,1912,3384,0,0,0,1.0,1,1.0,1,1.0,1,0.13003930210252018,50
2574,3,5299,1914,3385,0,0,0,1.0,1,1.0,1,1.0,1,0.13150522946955573,49
2575,1,5300,1914,3386,0,0,0,1.0,1,1.0,1,1.0,1,0.13049857199520198,48
2576,0,5300,1914,3386,0,0,0,1.0,1,1.0,1,1.0,1,0.13049857199520198,48
2577,2,5302,1914,3388,0,0,0,1.0,1,1.0,1,1.0,1,0.13893803547376452,50
2578,0,5302,1914,3388,0,0,0,1.0,1,1.0,1,1.0,1,0.13893803547376452,50
2579,2,5304,1915,3389,0,0,0,1.0,1,1.0,1,1.0,1,0.13610982060976506,51
2580,1,5305,1915,3390,0,0,0,1.0,1,1.0,1,1.0,1,0.13605532530549397,52
2581,2,5307,1915,3392,0,0,0,1.0,1,1.0,1,1.0,1,0.1360147272532063,51
2582,3,5310,1916,3394,0,0,0,1.0,1,1.0,1,1.0,1,0.12275471179309588,51
2583,4,5314,1918,3396,0,0,0,1.0,1,1.0,1,1.0,1,0.1332183476536072,51
2584,4,5318,1921,3397,0,0,0,1.0,1,1.0,1,1.0,1,0.15915677865924452,51
2585,5,5323,1921,3402,0,0,0,1.0,1,1.0,1,1.0,1,0.08031722644785629,50
2586,4,5327,1924,3403,0,0,0,1.0,1,1.0,1,1.0,1,0.09796190112934007,50
2587,2,5329,1925,3404,0,0,0,1.0,1,1.0,1,1.0,1,0.061261161858073024,48
2588,1,5330,1925,3405,0,0,0,1.0,1,1.0,1,1.0,1,0.0642875996175555,50
2589,1,5331,1926,3405,0,0,0,1.0,1,1.0,1,1.0,1,0.060206165963910284,48
2590,0,5331,1926,3405,0,0,0,1.0,1,1.0,1,1.0,1,0.0763102041617685,47
2591,1,5332,1927,3405,0,0,0,1.0,1,1.0,1,1.0,1,0.07808871207201919,47
2592,2,5334,1929,3405,0,0,0,1.0,1,1.0,1,1.0,1,0.08038746517545466,47
2593,1,5335,1929,3406,0,0,0,1.0,1,1.0,1,1.0,1,0.07749889603938082,47
2594,5,5340,1932,3408,0,0,0,1.0,1,1.0,1,1.0,1,0.13761744761686326,49
2595,7,5347,1935,3412,0,0,0,1.0,1,1.0,1,1.0,1,0.13670825798998829,48
2596,6,5353,1937,3416,0,0,0,1.0,1,1.0,1,1.0,1,0.16241382441355,47
2597,7,5360,1937,3423,0,0,0,1.0,1,1.0,1,1.0,1,0.09708610234383343,48
2598,2,5362,1937,3425,0,0,0,1.0,1,1.0,1,1.0,1,0.09708610234383343,48
2599,4,5366,1938,3428,0,0,0,1.0,1,1.0,1,1.0,1,0.10361439081733685,49
2600,3,5369,1938,3431,0,0,0,1.0,1,1.0,1,1.0,1,0.0877680679171032,52
2601,4,5373,1940,3433,0,0,0,1.0,1,1.0,1,1.0,1,0.10693832137854953,51
2602,1,5374,1941,3433,0,0,0,1.0,1,1.0,1,1.0,1,0.11006096464931962,52
2603,3,5377,1942,3435,0,0,0,1.0,1,1.0,1,1.0,1,0.11848192501833024,53
2604,0,5377,1942,3435,0,0,0,1.0,1,1.0,1,1.0,1,0.11848192501833024,53
2605,1,5378,1942,3436,0,0,0,1.0,1,1.0,1,1.0,1,0.13985333197873878,52
2606,1,5379,1942,3437,0,0,0,1.0,1,1.0,1,1.0,1,0.12933845170956443,52
2607,1,5380,1942,3438,0,0,0,1.0,1,1.0,1,1.0,1,0.1356127561620673,52
2608,2,5382,1942,3440,0,0,0,1.0,1,1.0,1,1.0,1,0.11300869531355463,52
2609,0,5382,1942,3440,0,0,0,1.0,1,1.0,1,1.0,1,0.09201344655918156,53
2610,0,5382,1942,3440,0,0,0,1.0,1,1.0,1,1.0,1,0.10009851035125167,54
2611,3,5385,1944,3441,0,0,0,1.0,1,1.0,1,1.0,1,0.10260641430596183,54
2612,2,5387,1946,3441,0,0,0,1.0,1,1.0,1,1.0,1,0.09653924125101294,56
2613,3,5390,1948,3442,0,0,0,1.0,1,1.0,1,1.0,1,0.09343601842909999,56
2614,2,5392,1949,3443,0,0,0,1.0,1,1.0,1,1.0,1,0.10305638151379089,56
2615,3,5395,1950,3445,0,0,0,1.0,1,1.0,1,1.0,1,0.09164954227394354,57
2616,0,5395,1950,3445,0,0,0,1.0,1,1.0,1,1.0,1,0.09164954227394354,57
2617,2,5397,1951,3446,0,0,0,1.0,1,1.0,1,1.0,1,0.08366387807544384,58
2618,1,5398,1952,3446,0,0,0,1.0,1,1.0,1,1.0,1,0.09996218937258482,58
2619,2,5400,1952,3448,0,0,0,1.0,1,1.0,1,1.0,1,0.07469081629840163,58
2620,4,5404,1953,3451,0,0,0,1.0,1,1.0,1,1.0,1,0.041109867121666074,60
2621,1,5405,1953,3452,0,0,0,1.0,1,1.0,1,1.0,1,0.03817473590248347,59
2622,1,5406,1954,3452,0,0,0,1.0,1,1.0,1,1.0,1,0.05440596286422443,60
2623,4,5410,1956,3454,0,0,0,1.0,1,1.0,1,1.0,1,0.06338785553789206,59
2624,2,5412,1958,3454,0,0,0,1.0,1,1.0,1,1.0,1,0.1174044909352545,58
2625,3,5415,1959,3456,0,0,0,1.0,1,1.0,1,1.0,1,0.07627079516517181,58
2626,1,5416,1960,3456,0,0,0,1.0,1,1.0,1,1.0,1,0.09109048618967547,57
2627,0,5416,1960,3456,0,0,0,1.0,1,1.0,1,1.0,1,0.0920905422835147,55
2628,1,5417,1961,3456,0,0,0,1.0,1,1.0,1,1.0,1,0.10244341820698455,55
2629,1,5418,1961,3457,0,0,0,1.0,1,1.0,1,1.0,1,0.0998963017608274,54
2630,2,5420,1963,3457,0,0,0,1.0,1,1.0,1,1.0,1,0.14169060731569103,55
2631,3,5423,1964,3459,0,0,0,1.0,1,1.0,1,1.0,1,0.15857994638990128,55
2632,2,5425,1966,3459,0,0,0,1.0,1,1.0,1,1.0,1,0.19453470972186732,55
2633,3,5428,1967,3461,0,0,0,1.0,1,1.0,1,1.0,1,0.14870356984794758,53
2634,8,5436,1970,3466,0,0,0,1.0,1,1.0,1,1.0,1,0.12830945732159676,52
2635,2,5438,1970,3468,0,0,0,1.0,1,1.0,1,1.0,1,0.09384919250758623,52
2636,5,5443,1973,3470,0,0,0,1.0,1,1.0,1,1.0,1,0.15057653955663342,51
2637,6,5449,1974,3475,0,0,0,1.0,1,1.0,1,1.0,1,0.07133337176083734,50
2638,2,5451,1976,3475,0,0,0,1.0,1,1.0,1,1.0,1,0.06483196183054309,48
2639,2,5453,1978,3475,0,0,0,1.0,1,1.0,1,1.0,1,0.12348545743456406,48
2640,3,5456,1981,3475,0,0,0,1.0,1,1.0,1,1.0,1,0.16155987343236294,46
2641,4,5460,1983,3477,0,0,0,1.0,1,1.0,1,1.0,1,0.09471229186752875,46
2642,9,5469,1988,3481,0,0,0,1.0,1,1.0,1,1.0,1,0.12891514207432345,47
2643,2,5471,1989,3482,0,0,0,1.0,1,1.0,1,1.0,1,0.14723243663160507,45
2644,3,5474,1990,3484,0,0,0,1.0,1,1.0,1,1.0,1,0.2098061269872841,44
2645,6,5480,1992,3488,0,0,0,1.0,1,1.0,1,1.0,1,0.16128374075142088,42
2646,1,5481,1992,3489,0,0,0,1.0,1,1.0,1,1.0,1,0.17056011983479646,43
2647,1,5482,1992,3490,0,0,0,1.0,1,1.0,1,1.0,1,0.11549454088207595,40
2648,0,5482,1992,3490,0,0,0,1.0,1,1.0,1,1.0,1,0.0952945679411572,41
2649,2,5484,1993,3491,0,0,0,1.0,1,1.0,1,1.0,1,0.11835439731127524,43
2650,1,5485,1993,3492,0,0,0,1.0,1,1.0,1,1.0,1,0.1123293442464201,43
2651,1,5486,1994,3492,0,0,0,1.0,1,1.0,1,1.0,1,0.09605204553078067,44
2652,0,5486,1994,3492,0,0,0,1.0,1,1.0,1,1.0,1,0.09605204553078067,44
2653,0,5486,1994,3492,0,0,0,1.0,1,1.0,1,1.0,1,0.09605204553078067,44
2654,1,5487,1995,3492,0,0,0,1.0,1,1.0,1,1.0,1,0.10508589875778813,45
2655,1,5488,1996,3492,0,0,0,1.0,1,1.0,1,1.0,1,0.09307732802055192,45
2656,0,5488,1996,3492,0,0,0,1.0,1,1.0,1,1.0,1,0.09307732802055192,45
2657,0,5488,1996,3492,0,0,0,1.0,1,1.0,1,1.0,1,0.11753989286209993,45
2658,3,5491,1997,3494,0,0,0,1.0,1,1.0,1,1.0,1,0.1338507507821897,47
2659,1,5492,1998,3494,0,0,0,1.0,1,1.0,1,1.0,1,0.16537194452087342,46
2660,3,5495,1998,3497,0,0,0,1.0,1,1.0,1,1.0,1,0.1487210166227491,46
2661,5,5500,1999,3501,0,0,0,1.0,1,1.0,1,1.0,1,0.10021826575657254,46
2662,2,5502,2001,3501,0,0,0,1.0,1,1.0,1,1.0,1,0.1312021765984142,47
2663,6,5508,2004,3504,0,0,0,1.0,1,1.0,1,1.0,1,0.07863532680519303,46
2664,5,5513,2008,3505,0,0,0,1.0,1,1.0,1,1.0,1,0.07708570626296453,45
2665,2,5515,2009,3506,0,0,0,1.0,1,1.0,1,1.0,1,0.06290214013623954,47
2666,4,5519,2012,3507,0,0,0,1.0,1,1.0,1,1.0,1,0.06964617213419459,47
2667,4,5523,2014,3509,0,0,0,1.0,1,1.0,1,1.0,1,0.14367664090745944,45
2668,3,5526,2015,3511,0,0,0,1.0,1,1.0,1,1.0,1,0.13024258888570805,45
2669,5,5531,2016,3515,0,0,0,1.0,1,1.0,1,1.0,1,0.10503302212199099,45
2670,4,5535,2018,3517,0,0,0,1.0,1,1.0,1,1.0,1,0.13462336332879607,45
2671,4,5539,2020,3519,0,0,0,1.0,1,1.0,1,1.0,1,0.12316751819007928,41
2672,2,5541,2021,3520,0,0,0,1.0,1,1.0,1,1.0,1,0.11880434594048002,40
2673,0,5541,2021,3520,0,0,0,1.0,1,1.0,1,1.0,1,0.11083110624422703,39
2674,2,5543,2022,3521,0,0,0,1.0,1,1.0,1,1.0,1,0.13466516736318498,37
2675,1,5544,2023,3521,0,0,0,1.0,1,1.0,1,1.0,1,0.15038846741028747,35
2676,0,5544,2023,3521,0,0,0,1.0,1,1.0,1,1.0,1,0.15565946886176488,34
2677,2,5546,2023,3523,0,0,0,1.0,1,1.0,1,1.0,1,0.11694056425496305,32
2678,6,5552,2025,3527,0,0,0,1.0,1,1.0,1,1.0,1,0.17825353496645602,33
2679,3,5555,2026,3529,0,0,0,1.0,1,1.0,1,1.0,1,0.2202582558166899,33
2680,6,5561,2029,3532,0,0,0,1.0,1,1.0,1,1.0,1,0.22595319690906426,33
2681,2,5563,2029,3534,0,0,0,1.0,1,1.0,1,1.0,1,0.08779535284098068,32
2682,0,5563,2029,3534,0,0,0,1.0,1,1.0,1,1.0,1,0.08779535284098068,32
2683,1,5564,2030,3534,0,0,0,1.0,1,1.0,1,1.0,1,0.19102018397371617,32
2684,0,5564,2030,3534,0,0,0,1.0,1,1.0,1,1.0,1,0.18707280573979465,31
2685,0,5564,2030,3534,0,0,0,1.0,1,1.0,1,1.0,1,0.2207818536419892,30
2686,1,5565,2030,3535,0,0,0,1.0,1,1.0,1,1.0,1,0.17293673325986889,29
2687,0,5565,2030,3535,0,0,0,1.0,1,1.0,1,1.0,1,0.18107699711436265,28
2688,1,5566,2030,3536,0,0,0,1.0,1,1.0,1,1.0,1,0.17286971663260162,28
2689,3,5569,2030,3539,0,0,0,1.0,1,1.0,1,1.0,1,0.17085867051753978,29
2690,0,5569,2030,3539,0,0,0,1.0,1,1.0,1,1.0,1,0.17085867051753978,29
2691,2,5571,2032,3539,0,0,0,1.0,1,1.0,1,1.0,1,0.16997579077517203,29
2692,3,5574,2032,3542,0,0,0,1.0,1,1.0,1,1.0,1,0.19976950689765158,31
2693,5,5579,2033,3546,0,0,0,1.0,1,1.0,1,1.0,1,0.15405996304334488,32
2694,1,5580,2034,3546,0,0,0,1.0,1,1.0,1,1.0,1,0.1791003577660349,32
2695,0,5580,2034,3546,0,0,0,1.0,1,1.0,1,1.0,1,0.16720082836087116,33
2696,2,5582,2035,3547,0,0,0,1.0,1,1.0,1,1.0,1,0.17983458502755478,33
2697,3,5585,2036,3549,0,0,0,1.0,1,1.0,1,1.0,1,0.17300997130764678,34
2698,1,5586,2037,3549,0,0,0,1.0,1,1.0,1,1.0,1,0.15682426259899088,34
2699,3,5589,2037,3552,0,0,0,1.0,1,1.0,1,1.0,1,0.1359057682858947,36
2700,3,5592,2037,3555,0,0,0,1.0,1,1.0,1,1.0,1,0.15553521796213313,36
2701,1,5593,2037,3556,0,0,0,1.0,1,1.0,1,1.0,1,0.129876076925947,36
2702,0,5593,2037,3556,0,0,0,1.0,1,1.0,1,1.0,1,0.129876076925947,36
2703,6,5599,2040,3559,0,0,0,1.0,1,1.0,1,1.0,1,0.14140512825141036,38
2704,0,5599,2040,3559,0,0,0,1.0,1,1.0,1,1.0,1,0.14563860595771183,37
2705,1,5600,2041,3559,0,0,0,1.0,1,1.0,1,1.0,1,0.13936880808736166,36
2706,2,5602,2043,3559,0,0,0,1.0,1,1.0,1,1.0,1,0.22861425366314128,34
2707,0,5602,2043,3559,0,0,0,1.0,1,1.0,1,1.0,1,0.21373328434595484,36
2708,2,5604,2045,3559,0,0,0,1.0,1,1.0,1,1.0,1,0.22282093843425818,36
2709,5,5609,2046,3563,0,0,0,1.0,1,1.0,1,1.0,1,0.14072471205194637,33
2710,2,5611,2048,3563,0,0,0,1.0,1,1.0,1,1.0,1,0.17437846025659956,32
2711,1,5612,2048,3564,0,0,0,1.0,1,1.0,1,1.0,1,0.09355647669901672,29
2712,1,5613,2049,3564,0,0,0,1.0,1,1.0,1,1.0,1,0.14635707387649288,28
2713,0,5613,2049,3564,0,0,0,1.0,1,1.0,1,1.0,1,0.18411658083947816,28
2714,0,5613,2049,3564,0,0,0,1.0,1,1.0,1,1.0,1,0.21453719952225941,25
2715,2,5615,2051,3564,0,0,0,1.0,1,1.0,1,1.0,1,0.30141514966553035,24
2716,4,5619,2053,3566,0,0,0,1.0,1,1.0,1,1.0,1,0.33550964945017697,23
2717,4,5623,2054,3569,0,0,0,1.0,1,1.0,1,1.0,1,0.20261477667594738,24
2718,2,5625,2054,3571,0,0,0,1.0,1,1.0,1,1.0,1,0.1215640852412455,24
2719,3,5628,2054,3574,0,0,0,1.0,1,1.0,1,1.0,1,0.10904803377357555,25
2720,0,5628,2054,3574,0,0,0,1.0,1,1.0,1,1.0,1,0.10904803377357555,25
2721,1,5629,2055,3574,0,0,0,1.0,1,1.0,1,1.0,1,0.1700016357769405,26
2722,1,5630,2056,3574,0,0,0,1.0,1,1.0,1,1.0,1,0.2125182845041004,26
2723,1,5631,2057,3574,0,0,0,1.0,1,1.0,1,1.0,1,0.20029684148176272,26
2724,2,5633,2058,3575,0,0,0,1.0,1,1.0,1,1.0,1,0.20631938515760992,27
2725,3,5636,2059,3577,0,0,0,1.0,1,1.0,1,1.0,1,0.18402351071102607,27
2726,2,5638,2059,3579,0,0,0,1.0,1,1.0,1,1.0,1,0.12852665697714377,28
2727,0,5638,2059,3579,0,0,0,1.0,1,1.0,1,1.0,1,0.13353653764556175,29
2728,0,5638,2059,3579,0,0,0,1.0,1,1.0,1,1.0,1,0.12696920687084706,28
2729,0,5638,2059,3579,0,0,0,1.0,1,1.0,1,1.0,1,0.12696920687084706,28
2730,0,5638,2059,3579,0,0,0,1.0,1,1.0,1,1.0,1,0.1513612440304423,29
2731,4,5642,2061,3581,0,0,0,1.0,1,1.0,1,1.0,1,0.18068024181260917,30
2732,1,5643,2061,3582,0,0,0,1.0,1,1.0,1,1.0,1,0.18790701380637279,29
2733,1,5644,2062,3582,0,0,0,1.0,1,1.0,1,1.0,1,0.2273111902956605,29
2734,0,5644,2062,3582,0,0,0,1.0,1,1.0,1,1.0,1,0.2273111902956605,29
2735,2,5646,2063,3583,0,0,0,1.0,1,1.0,1,1.0,1,0.23206322246015773,29
2736,1,5647,2063,3584,0,0,0,1.0,1,1.0,1,1.0,1,0.22149310197870345,30
2737,1,5648,2063,3585,0,0,0,1.0,1,1.0,1,1.0,1,0.18944166520066688,30
2738,1,5649,2064,3585,0,0,0,1.0,1,1.0,1,1.0,1,0.214369845805297,29
2739,0,5649,2064,3585,0,0,0,1.0,1,1.0,1,1.0,1,0.2236406370036697,30
2740,0,5649,2064,3585,0,0,0,1.0,1,1.0,1,1.0,1,0.24029662615503738,29
2741,2,5651,2065,3586,0,0,0,1.0,1,1.0,1,1.0,1,0.19432526231187539,29
2742,1,5652,2066,3586,0,0,0,1.0,1,1.0,1,1.0,1,0.21518241934481439,29
2743,1,5653,2066,3587,0,0,0,1.0,1,1.0,1,1.0,1,0.23155648049834537,30
2744,3,5656,2069,3587,0,0,0,1.0,1,1.0,1,1.0,1,0.35245500910665645,28
2745,4,5660,2070,3590,0,0,0,1.0,1,1.0,1,1.0,1,0.21582828873850604,27
2746,2,5662,2071,3591,0,0,0,1.0,1,1.0,1,1.0,1,0.23320332116064915,26
2747,2,5664,2072,3592,0,0,0,1.0,1,1.0,1,1.0,1,0.2950869555499659,22
2748,2,5666,2072,3594,0,0,0,1.0,1,1.0,1,1.0,1,0.2903330677221284,22
2749,1,5667,2072,3595,0,0,0,1.0,1,1.0,1,1.0,1,0.297229291485755,20
2750,0,5667,2072,3595,0,0,0,1.0,1,1.0,1,1.0,1,0.40643947886470155,17
2751,0,5667,2072,3595,0,0,0,1.0,1,1.0,1,1.0,1,0.40643947886470155,17
2752,0,5667,2072,3595,0,0,0,1.0,1,1.0,1,1.0,1,0.38675747154605566,16
2753,1,5668,2072,3596,0,0,0,1.0,1,1.0,1,1.0,1,0.2968459106597783,16
2754,1,5669,2073,3596,0,0,0,1.0,1,1.0,1,1.0,1,0.29305446848129924,16
2755,1,5670,2074,3596,0,0,0,1.0,1,1.0,1,1.0,1,0.36058512454451647,16
2756,2,5672,2074,3598,0,0,0,1.0,1,1.0,1,1.0,1,0.3038833037520326,17
2757,0,5672,2074,3598,0,0,0,1.0,1,1.0,1,1.0,1,0.32000043314689885,18
2758,1,5673,2074,3599,0,0,0,1.0,1,1.0,1,1.0,1,0.26956759020338855,18
2759,0,5673,2074,3599,0,0,0,1.0,1,1.0,1,1.0,1,0.28114640023667925,19
2760,0,5673,2074,3599,0,0,0,1.0,1,1.0,1,1.0,1,0.27294348862697465,18
2761,0,5673,2074,3599,0,0,0,1.0,1,1.0,1,1.0,1,0.27294348862697465,18
2762,0,5673,2074,3599,0,0,0,1.0,1,1.0,1,1.0,1,0.27294348862697465,18
2763,0,5673,2074,3599,0,0,0,1.0,1,1.0,1,1.0,1,0.27294348862697465,18
2764,0,5673,2074,3599,0,0,0,1.0,1,1.0,1,1.0,1,0.27294348862697465,18
2765,1,5674,2075,3599,0,0,0,1.0,1,1.0,1,1.0,1,0.27206613254251616,18
2766,0,5674,2075,3599,0,0,0,1.0,1,1.0,1,1.0,1,0.27206613254251616,18
2767,0,5674,2075,3599,0,0,0,1.0,1,1.0,1,1.0,1,0.31276796737150614,17
2768,0,5674,2075,3599,0,0,0,1.0,1,1.0,1,1.0,1,0.31276796737150614,17
2769,1,5675,2076,3599,0,0,0,1.0,1,1.0,1,1.0,1,0.2717661255063429,17
2770,0,5675,2076,3599,0,0,0,1.0,1,1.0,1,1.0,1,0.2717661255063429,17
2771,0,5675,2076,3599,0,0,0,1.0,1,1.0,1,1.0,1,0.2717661255063429,17
2772,0,5675,2076,3599,0,0,0,1.0,1,1.0,1,1.0,1,0.2717661255063429,17
2773,0,5675,2076,3599,0,0,0,1.0,1,1.0,1,1.0,1,0.2717661255063429,17
2774,0,5675,2076,3599,0,0,0,1.0,1,1.0,1,1.0,1,0.23128938311373073,18
2775,3,5678,2079,3599,0,0,0,1.0,1,1.0,1,1.0,1,0.27078789477193277,20
2776,1,5679,2079,3600,0,0,0,1.0,1,1.0,1,1.0,1,0.2659180816026361,21
2777,0,5679,2079,3600,0,0,0,1.0,1,1.0,1,1.0,1,0.2659180816026361,21
2778,3,5682,2081,3601,0,0,0,1.0,1,1.0,1,1.0,1,0.381117706802464,21
2779,3,5685,2082,3603,0,0,0,1.0,1,1.0,1,1.0,1,0.3494207942012773,22
2780,2,5687,2084,3603,0,0,0,1.0,1,1.0,1,1.0,1,0.48718217520813495,22
2781,3,5690,2084,3606,0,0,0,1.0,1,1.0,1,1.0,1,0.3463041440419064,22
2782,1,5691,2084,3607,0,0,0,1.0,1,1.0,1,1.0,1,0.25256280181783003,23
2783,2,5693,2085,3608,0,0,0,1.0,1,1.0,1,1.0,1,0.19304013822966498,22
2784,0,5693,2085,3608,0,0,0,1.0,1,1.0,1,1.0,1,0.16499129232690074,21
2785,0,5693,2085,3608,0,0,0,1.0,1,1.0,1,1.0,1,0.18561659622011042,19
2786,1,5694,2086,3608,0,0,0,1.0,1,1.0,1,1.0,1,0.16743471157008047,19
2787,0,5694,2086,3608,0,0,0,1.0,1,1.0,1,1.0,1,0.19945532820134965,20
2788,1,5695,2087,3608,0,0,0,1.0,1,1.0,1,1.0,1,0.20343995552219418,20
2789,0,5695,2087,3608,0,0,0,1.0,1,1.0,1,1.0,1,0.2256078253227169,19
2790,0,5695,2087,3608,0,0,0,1.0,1,1.0,1,1.0,1,0.225966775860221,20
2791,0,5695,2087,3608,0,0,0,1.0,1,1.0,1,1.0,1,0.225966775860221,20
2792,0,5695,2087,3608,0,0,0,1.0,1,1.0,1,1.0,1,0.225966775860221,20
2793,0,5695,2087,3608,0,0,0,1.0,1,1.0,1,1.0,1,0.24454370646728193,19
2794,0,5695,2087,3608,0,0,0,1.0,1,1.0,1,1.0,1,0.2688157047231647,20
2795,0,5695,2087,3608,0,0,0,1.0,1,1.0,1,1.0,1,0.257603678044941,21
2796,0,5695,2087,3608,0,0,0,1.0,1,1.0,1,1.0,1,0.24186471341788135,22
2797,0,5695,2087,3608,0,0,0,1.0,1,1.0,1,1.0,1,0.25103093447604574,21
2798,2,5697,2088,3609,0,0,0,1.0,1,1.0,1,1.0,1,0.2838949218481752,21
2799,0,5697,2088,3609,0,0,0,1.0,1,1.0,1,1.0,1,0.27236584155570476,20
2800,0,5697,2088,3609,0,0,0,1.0,1,1.0,1,1.0,1,0.27236584155570476,20
2801,0,5697,2088,3609,0,0,0,1.0,1,1.0,1,1.0,1,0.27236584155570476,20
2802,1,5698,2088,3610,0,0,0,1.0,1,1.0,1,1.0,1,0.23920190846992231,20
2803,1,5699,2088,3611,0,0,0,1.0,1,1.0,1,1.0,1,0.22961093903363672,21
2804,2,5701,2088,3613,0,0,0,1.0,1,1.0,1,1.0,1,0.2119220690783883,22
2805,2,5703,2089,3614,0,0,0,1.0,1,1.0,1,1.0,1,0.18454001383674662,22
2806,4,5707,2091,3616,0,0,0,1.0,1,1.0,1,1.0,1,0.17467960034193156,23
2807,4,5711,2093,3618,0,0,0,1.0,1,1.0,1,1.0,1,0.18044195227611698,24
2808,2,5713,2094,3619,0,0,0,1.0,1,1.0,1,1.0,1,0.18140977804042296,24
2809,4,5717,2094,3623,0,0,0,1.0,1,1.0,1,1.0,1,0.146212961389554,26
2810,1,5718,2094,3624,0,0,0,1.0,1,1.0,1,1.0,1,0.15449178594728613,26
2811,3,5721,2094,3627,0,0,0,1.0,1,1.0,1,1.0,1,0.14135835924338766,27
2812,2,5723,2094,3629,0,0,0,1.0,1,1.0,1,1.0,1,0.1017263490477379,27
2813,0,5723,2094,3629,0,0,0,1.0,1,1.0,1,1.0,1,0.0947408607623988,28
2814,0,5723,2094,3629,0,0,0,1.0,1,1.0,1,1.0,1,0.12329751689315828,29
2815,0,5723,2094,3629,0,0,0,1.0,1,1.0,1,1.0,1,0.13327591253784501,30
2816,0,5723,2094,3629,0,0,0,1.0,1,1.0,1,1.0,1,0.11006765129564858,31
2817,0,5723,2094,3629,0,0,0,1.0,1,1.0,1,1.0,1,0.11006765129564858,31
2818,1,5724,2095,3629,0,0,0,1.0,1,1.0,1,1.0,1,0.14954824957167065,32
2819,1,5725,2096,3629,0,0,0,1.0,1,1.0,1,1.0,1,0.1661462872183998,32
2820,2,5727,2096,3631,0,0,0,1.0,1,1.0,1,1.0,1,0.16325097921848966,33
2821,2,5729,2096,3633,0,0,0,1.0,1,1.0,1,1.0,1,0.16095089939658314,34
2822,0,5729,2096,3633,0,0,0,1.0,1,1.0,1,1.0,1,0.13230307036948663,35
2823,1,5730,2097,3633,0,0,0,1.0,1,1.0,1,1.0,1,0.18619679455378452,31
2824,2,5732,2099,3633,0,0,0,1.0,1,1.0,1,1.0,1,0.23667429229391646,33
2825,3,5735,2099,3636,0,0,0,1.0,1,1.0,1,1.0,1,0.13625818033443657,31
2826,2,5737,2100,3637,0,0,0,1.0,1,1.0,1,1.0,1,0.11880803754581053,31
2827,1,5738,2101,3637,0,0,0,1.0,1,1.0,1,1.0,1,0.1187505452695117,32
2828,3,5741,2102,3639,0,0,0,1.0,1,1.0,1,1.0,1,0.16928361345809761,33
2829,5,5746,2104,3642,0,0,0,1.0,1,1.0,1,1.0,1,0.15505303800040804,33
2830,2,5748,2105,3643,0,0,0,1.0,1,1.0,1,1.0,1,0.1863161933930012,32
2831,1,5749,2106,3643,0,0,0,1.0,1,1.0,1,1.0,1,0.1756586714894285,31
2832,2,5751,2107,3644,0,0,0,1.0,1,1.0,1,1.0,1,0.18768645456600994,30
2833,2,5753,2108,3645,0,0,0,1.0,1,1.0,1,1.0,1,0.16670866048841854,29
2834,3,5756,2111,3645,0,0,0,1.0,1,1.0,1,1.0,1,0.1941284114317782,29
2835,1,5757,2112,3645,0,0,0,1.0,1,1.0,1,1.0,1,0.233271018978448,27
2836,1,5758,2112,3646,0,0,0,1.0,1,1.0,1,1.0,1,0.19808482639579145,27
2837,3,5761,2113,3648,0,0,0,1.0,1,1.0,1,1.0,1,0.16444725658893058,28
2838,0,5761,2113,3648,0,0,0,1.0,1,1.0,1,1.0,1,0.1725864134235597,29
2839,1,5762,2113,3649,0,0,0,1.0,1,1.0,1,1.0,1,0.19744430650133496,29
2840,2,5764,2113,3651,0,0,0,1.0,1,1.0,1,1.0,1,0.188927904978744,29
2841,1,5765,2113,3652,0,0,0,1.0,1,1.0,1,1.0,1,0.15651701260013712,31
2842,2,5767,2114,3653,0,0,0,1.0,1,1.0,1,1.0,1,0.1947757626155091,32
2843,1,5768,2114,3654,0,0,0,1.0,1,1.0,1,1.0,1,0.1654716504046532,32
2844,1,5769,2115,3654,0,0,0,1.0,1,1.0,1,1.0,1,0.20859631190226924,33
2845,5,5774,2116,3658,0,0,0,1.0,1,1.0,1,1.0,1,0.148820953900022,34
2846,3,5777,2117,3660,0,0,0,1.0,1,1.0,1,1.0,1,0.1349782003548545,34
2847,0,5777,2117,3660,0,0,0,1.0,1,1.0,1,1.0,1,0.14109754425368912,35
2848,1,5778,2118,3660,0,0,0,1.0,1,1.0,1,1.0,1,0.19178398215353584,37
2849,3,5781,2118,3663,0,0,0,1.0,1,1.0,1,1.0,1,0.11837622876713338,37
2850,0,5781,2118,3663,0,0,0,1.0,1,1.0,1,1.0,1,0.11837622876713338,37
2851,0,5781,2118,3663,0,0,0,1.0,1,1.0,1,1.0,1,0.12975464516934804,38
2852,0,5781,2118,3663,0,0,0,1.0,1,1.0,1,1.0,1,0.16106496041419885,36
2853,0,5781,2118,3663,0,0,0,1.0,1,1.0,1,1.0,1,0.2048518719592293,36
2854,0,5781,2118,3663,0,0,0,1.0,1,1.0,1,1.0,1,0.219964089163626,37
2855,4,5785,2118,3667,0,0,0,1.0,1,1.0,1,1.0,1,0.18581741414130537,37
2856,1,5786,2118,3668,0,0,0,1.0,1,1.0,1,1.0,1,0.13406602756267175,38
2857,2,5788,2119,3669,0,0,0,1.0,1,1.0,1,1.0,1,0.1413546651786211,39
2858,1,5789,2119,3670,0,0,0,1.0,1,1.0,1,1.0,1,0.1579514961084983,39
2859,0,5789,2119,3670,0,0,0,1.0,1,1.0,1,1.0,1,0.1579514961084983,39
2860,2,5791,2121,3670,0,0,0,1.0,1,1.0,1,1.0,1,0.15894106696823826,40
2861,2,5793,2122,3671,0,0,0,1.0,1,1.0,1,1.0,1,0.08719579910962809,38
2862,5,5798,2127,3671,0,0,0,1.0,1,1.0,1,1.0,1,0.16223096030813922,38
2863,2,5800,2128,3672,0,0,0,1.0,1,1.0,1,1.0,1,0.14129835829068443,37
2864,4,5804,2132,3672,0,0,0,1.0,1,1.0,1,1.0,1,0.1710278604544143,35
2865,2,5806,2133,3673,0,0,0,1.0,1,1.0,1,1.0,1,0.1518532880177724,33
2866,2,5808,2135,3673,0,0,0,1.0,1,1.0,1,1.0,1,0.19383279861627362,31
2867,3,5811,2137,3674,0,0,0,1.0,1,1.0,1,1.0,1,0.265646638218218,30
2868,2,5813,2138,3675,0,0,0,1.0,1,1.0,1,1.0,1,0.22526764497433044,31
2869,7,5820,2141,3679,0,0,0,1.0,1,1.0,1,1.0,1,0.21668928731822992,30
2870,0,5820,2141,3679,0,0,0,1.0,1,1.0,1,1.0,1,0.25856607757676436,26
2871,1,5821,2141,3680,0,0,0,1.0,1,1.0,1,1.0,1,0.2269269726759495,27
2872,0,5821,2141,3680,0,0,0,1.0,1,1.0,1,1.0,1,0.25567218633175226,25
2873,5,5826,2141,3685,0,0,0,1.0,1,1.0,1,1.0,1,0.2412446685746888,24
2874,1,5827,2141,3686,0,0,0,1.0,1,1.0,1,1.0,1,0.20233541308167152,25
2875,4,5831,2142,3689,0,0,0,1.0,1,1.0,1,1.0,1,0.29451875050090526,26
2876,3,5834,2142,3692,0,0,0,1.0,1,1.0,1,1.0,1,0.2765490532970722,28
2877,1,5835,2142,3693,0,0,0,1.0,1,1.0,1,1.0,1,0.2532616295817675,29
2878,3,5838,2142,3696,0,0,0,1.0,1,1.0,1,1.0,1,0.15350112610725344,31
2879,1,5839,2142,3697,0,0,0,1.0,1,1.0,1,1.0,1,0.16956760387645597,31
2880,2,5841,2143,3698,0,0,0,1.0,1,1.0,1,1.0,1,0.18242506969856212,32
2881,1,5842,2143,3699,0,0,0,1.0,1,1.0,1,1.0,1,0.19568099874583778,31
2882,0,5842,2143,3699,0,0,0,1.0,1,1.0,1,1.0,1,0.19568099874583778,31
2883,1,5843,2143,3700,0,0,0,1.0,1,1.0,1,1.0,1,0.18432144856019522,32
2884,1,5844,2144,3700,0,0,0,1.0,1,1.0,1,1.0,1,0.21767089430358097,32
2885,6,5850,2147,3703,0,0,0,1.0,1,1.0,1,1.0,1,0.13426926013092,33
2886,2,5852,2147,3705,0,0,0,1.0,1,1.0,1,1.0,1,0.10746474140641873,34
2887,4,5856,2147,3709,0,0,0,1.0,1,1.0,1,1.0,1,0.12512543771125265,34
2888,0,5856,2147,3709,0,0,0,1.0,1,1.0,1,1.0,1,0.12512543771125265,34
2889,3,5859,2149,3710,0,0,0,1.0,1,1.0,1,1.0,1,0.17403655990124708,37
2890,4,5863,2149,3714,0,0,0,1.0,1,1.0,1,1.0,1,0.14862737742665577,37
2891,3,5866,2150,3716,0,0,0,1.0,1,1.0,1,1.0,1,0.16754557927841593,37
2892,1,5867,2150,3717,0,0,0,1.0,1,1.0,1,1.0,1,0.18703146162047105,37
2893,3,5870,2151,3719,0,0,0,1.0,1,1.0,1,1.0,1,0.19596304768177406,38
2894,3,5873,2151,3722,0,0,0,1.0,1,1.0,1,1.0,1,0.16529263539624967,39
2895,5,5878,2152,3726,0,0,0,1.0,1,1.0,1,1.0,1,0.11798069923592062,40
2896,3,5881,2153,3728,0,0,0,1.0,1,1.0,1,1.0,1,0.1778523536627283,41
2897,2,5883,2153,3730,0,0,0,1.0,1,1.0,1,1.0,1,0.12559917319019118,41
2898,3,5886,2155,3731,0,0,0,1.0,1,1.0,1,1.0,1,0.15170052583985336,41
2899,1,5887,2156,3731,0,0,0,1.0,1,1.0,1,1.0,1,0.1664922588908083,39
2900,5,5892,2158,3734,0,0,0,1.0,1,1.0,1,1.0,1,0.1966800457183848,40
2901,1,5893,2158,3735,0,0,0,1.0,1,1.0,1,1.0,1,0.137359180546365,40
2902,2,5895,2159,3736,0,0,0,1.0,1,1.0,1,1.0,1,0.15223195506747628,38
2903,1,5896,2160,3736,0,0,0,1.0,1,1.0,1,1.0,1,0.11155511072817026,36
2904,1,5897,2161,3736,0,0,0,1.0,1,1.0,1,1.0,1,0.14047781159043973,36
2905,0,5897,2161,3736,0,0,0,1.0,1,1.0,1,1.0,1,0.11419915569291568,35
2906,0,5897,2161,3736,0,0,0,1.0,1,1.0,1,1.0,1,0.13406418687804728,36
2907,1,5898,2162,3736,0,0,0,1.0,1,1.0,1,1.0,1,0.12700520234931842,37
2908,1,5899,2162,3737,0,0,0,1.0,1,1.0,1,1.0,1,0.14310697459214408,38
2909,1,5900,2163,3737,0,0,0,1.0,1,1.0,1,1.0,1,0.17088786754751134,37
2910,1,5901,2164,3737,0,0,0,1.0,1,1.0,1,1.0,1,0.18853107922299686,37
2911,0,5901,2164,3737,0,0,0,1.0,1,1.0,1,1.0,1,0.20171440622138598,36
2912,3,5904,2166,3738,0,0,0,1.0,1,1.0,1,1.0,1,0.18967722266740922,36
2913,1,5905,2167,3738,0,0,0,1.0,1,1.0,1,1.0,1,0.16060350822517863,36
2914,0,5905,2167,3738,0,0,0,1.0,1,1.0,1,1.0,1,0.18000441365660863,38
2915,0,5905,2167,3738,0,0,0,1.0,1,1.0,1,1.0,1,0.16318309009933746,37
2916,3,5908,2167,3741,0,0,0,1.0,1,1.0,1,1.0,1,0.11226350708798269,39
2917,2,5910,2168,3742,0,0,0,1.0,1,1.0,1,1.0,1,0.14177337839766616,40
2918,4,5914,2170,3744,0,0,0,1.0,1,1.0,1,1.0,1,0.17828961126158852,40
2919,3,5917,2171,3746,0,0,0,1.0,1,1.0,1,1.0,1,0.15489357493407058,42
2920,0,5917,2171,3746,0,0,0,1.0,1,1.0,1,1.0,1,0.15489357493407058,42
2921,1,5918,2171,3747,0,0,0,1.0,1,1.0,1,1.0,1,0.1253040487756009,42
2922,0,5918,2171,3747,0,0,0,1.0,1,1.0,1,1.0,1,0.10668237901847628,43
2923,0,5918,2171,3747,0,0,0,1.0,1,1.0,1,1.0,1,0.13091711541797305,45
2924,1,5919,2172,3747,0,0,0,1.0,1,1.0,1,1.0,1,0.13994674109646296,46
2925,2,5921,2172,3749,0,0,0,1.0,1,1.0,1,1.0,1,0.10161963914489676,46
2926,0,5921,2172,3749,0,0,0,1.0,1,1.0,1,1.0,1,0.10161963914489676,46
2927,2,5923,2173,3750,0,0,0,1.0,1,1.0,1,1.0,1,0.09151484630819742,48
2928,3,5926,2175,3751,0,0,0,1.0,1,1.0,1,1.0,1,0.09847463691099366,48
2929,0,5926,2175,3751,0,0,0,1.0,1,1.0,1,1.0,1,0.09847463691099366,48
2930,0,5926,2175,3751,0,0,0,1.0,1,1.0,1,1.0,1,0.1192965082358292,50
2931,1,5927,2176,3751,0,0,0,1.0,1,1.0,1,1.0,1,0.15112555601488983,51
2932,3,5930,2176,3754,0,0,0,1.0,1,1.0,1,1.0,1,0.15512099159059045,52
2933,3,5933,2176,3757,0,0,0,1.0,1,1.0,1,1.0,1,0.12385120601557588,53
2934,3,5936,2177,3759,0,0,0,1.0,1,1.0,1,1.0,1,0.1518376449333477,54
2935,0,5936,2177,3759,0,0,0,1.0,1,1.0,1,1.0,1,0.14793128270013653,53
2936,1,5937,2178,3759,0,0,0,1.0,1,1.0,1,1.0,1,0.15492588291287684,53
2937,3,5940,2178,3762,0,0,0,1.0,1,1.0,1,1.0,1,0.19177981462245638,51
2938,2,5942,2179,3763,0,0,0,1.0,1,1.0,1,1.0,1,0.2094381402657655,53
2939,0,5942,2179,3763,0,0,0,1.0,1,1.0,1,1.0,1,0.2023669959189031,52
2940,4,5946,2181,3765,0,0,0,1.0,1,1.0,1,1.0,1,0.22033875394175928,52
2941,3,5949,2181,3768,0,0,0,1.0,1,1.0,1,1.0,1,0.1713082087764575,50
2942,4,5953,2182,3771,0,0,0,1.0,1,1.0,1,1.0,1,0.15834766134599348,50
2943,3,5956,2183,3773,0,0,0,1.0,1,1.0,1,1.0,1,0.17892174097705402,49
2944,5,5961,2184,3777,0,0,0,1.0,1,1.0,1,1.0,1,0.14442333327416537,48
2945,4,5965,2185,3780,0,0,0,1.0,1,1.0,1,1.0,1,0.11202378268099766,48
2946,5,5970,2188,3782,0,0,0,1.0,1,1.0,1,1.0,1,0.07606212446574959,47
2947,1,5971,2189,3782,0,0,0,1.0,1,1.0,1,1.0,1,0.08848698506866179,47
2948,0,5971,2189,3782,0,0,0,1.0,1,1.0,1,1.0,1,0.10447167338418795,48
2949,1,5972,2189,3783,0,0,0,1.0,1,1.0,1,1.0,1,0.08660522821731548,48
2950,0,5972,2189,3783,0,0,0,1.0,1,1.0,1,1.0,1,0.08660522821731548,48
2951,3,5975,2190,3785,0,0,0,1.0,1,1.0,1,1.0,1,0.10442911446576976,50
2952,1,5976,2190,3786,0,0,0,1.0,1,1.0,1,1.0,1,0.07317694621456956,50
2953,0,5976,2190,3786,0,0,0,1.0,1,1.0,1,1.0,1,0.08328968593766738,51
2954,0,5976,2190,3786,0,0,0,1.0,1,1.0,1,1.0,1,0.08328968593766738,51
2955,0,5976,2190,3786,0,0,0,1.0,1,1.0,1,1.0,1,0.08328968593766738,51
2956,1,5977,2191,3786,0,0,0,1.0,1,1.0,1,1.0,1,0.11036563894388277,51
2957,1,5978,2191,3787,0,0,0,1.0,1,1.0,1,1.0,1,0.11834477965799775,52
2958,0,5978,2191,3787,0,0,0,1.0,1,1.0,1,1.0,1,0.11834477965799775,52
2959,2,5980,2192,3788,0,0,0,1.0,1,1.0,1,1.0,1,0.12181671841578617,53
2960,0,5980,2192,3788,0,0,0,1.0,1,1.0,1,1.0,1,0.11111358624218023,52
2961,1,5981,2193,3788,0,0,0,1.0,1,1.0,1,1.0,1,0.09505956399109415,53
2962,2,5983,2193,3790,0,0,0,1.0,1,1.0,1,1.0,1,0.08161025730478064,54
2963,5,5988,2195,3793,0,0,0,1.0,1,1.0,1,1.0,1,0.10145851706795483,55
2964,1,5989,2195,3794,0,0,0,1.0,1,1.0,1,1.0,1,0.119957631567687,55
2965,4,5993,2196,3797,0,0,0,1.0,1,1.0,1,1.0,1,0.0980298926631551,55
2966,0,5993,2196,3797,0,0,0,1.0,1,1.0,1,1.0,1,0.0980298926631551,55
2967,1,5994,2196,3798,0,0,0,1.0,1,1.0,1,1.0,1,0.13849582438419747,56
2968,2,5996,2196,3800,0,0,0,1.0,1,1.0,1,1.0,1,0.13865649235093885,56
2969,2,5998,2197,3801,0,0,0,1.0,1,1.0,1,1.0,1,0.14700297336163357,55
2970,2,6000,2198,3802,0,0,0,1.0,1,1.0,1,1.0,1,0.14507908371378303,57
2971,1,6001,2199,3802,0,0,0,1.0,1,1.0,1,1.0,1,0.14474531578299904,56
2972,2,6003,2200,3803,0,0,0,1.0,1,1.0,1,1.0,1,0.14493091305424755,57
2973,5,6008,2201,3807,0,0,0,1.0,1,1.0,1,1.0,1,0.11067850349246841,59
2974,2,6010,2202,3808,0,0,0,1.0,1,1.0,1,1.0,1,0.09992420704273297,60
2975,2,6012,2203,3809,0,0,0,1.0,1,1.0,1,1.0,1,0.1254690189186165,58
2976,2,6014,2204,3810,0,0,0,1.0,1,1.0,1,1.0,1,0.15510096249554509,59
2977,7,6021,2205,3816,0,0,0,1.0,1,1.0,1,1.0,1,0.10649945912198078,59
2978,4,6025,2206,3819,0,0,0,1.0,1,1.0,1,1.0,1,0.12290751903307233,58
2979,3,6028,2208,3820,0,0,0,1.0,1,1.0,1,1.0,1,0.10755108352298282,57
2980,2,6030,2210,3820,0,0,0,1.0,1,1.0,1,1.0,1,0.13640384540831788,56
2981,2,6032,2211,3821,0,0,0,1.0,1,1.0,1,1.0,1,0.14783312576780355,56
2982,2,6034,2212,3822,0,0,0,1.0,1,1.0,1,1.0,1,0.15831786496262515,57
2983,4,6038,2213,3825,0,0,0,1.0,1,1.0,1,1.0,1,0.13079594769219047,57
2984,1,6039,2214,3825,0,0,0,1.0,1,1.0,1,1.0,1,0.10472303295079297,56
2985,6,6045,2215,3830,0,0,0,1.0,1,1.0,1,1.0,1,0.07012774661494842,55
2986,2,6047,2217,3830,0,0,0,1.0,1,1.0,1,1.0,1,0.09227700736108381,55
2987,0,6047,2217,3830,0,0,0,1.0,1,1.0,1,1.0,1,0.15199448027718002,51
2988,3,6050,2218,3832,0,0,0,1.0,1,1.0,1,1.0,1,0.11149391772519943,52
2989,5,6055,2218,3837,0,0,0,1.0,1,1.0,1,1.0,1,0.05801817509456135,50
2990,3,6058,2220,3838,0,0,0,1.0,1,1.0,1,1.0,1,0.09707072517645164,50
2991,2,6060,2220,3840,0,0,0,1.0,1,1.0,1,1.0,1,0.07029039184536974,50
2992,1,6061,2220,3841,0,0,0,1.0,1,1.0,1,1.0,1,0.05100344742542824,50
2993,2,6063,2220,3843,0,0,0,1.0,1,1.0,1,1.0,1,0.05117791137507761,51
2994,2,6065,2222,3843,0,0,0,1.0,1,1.0,1,1.0,1,0.11583724656600741,51
2995,0,6065,2222,3843,0,0,0,1.0,1,1.0,1,1.0,1,0.11245842288915961,51
2996,2,6067,2223,3844,0,0,0,1.0,1,1.0,1,1.0,1,0.12996138883663322,52
2997,7,6074,2225,3849,0,0,0,1.0,1,1.0,1,1.0,1,0.06825380843301951,52
2998,0,6074,2225,3849,0,0,0,1.0,1,1.0,1,1.0,1,0.08400519113808357,51
2999,0,6074,2225,3849,0,0,0,1.0,1,1.0,1,1.0,1,0.08400519113808357,51
3000,2,6076,2227,3849,0,0,0,1.0,1,1.0,1,1.0,1,0.07779361268285276,52
3001,1,6077,2227,3850,0,0,0,1.0,1,1.0,1,1.0,1,0.06306546130926564,52
3002,1,6078,2228,3850,0,0,0,1.0,1,1.0,1,1.0,1,0.10305645403549346,53
3003,1,6079,2228,3851,0,0,0,1.0,1,1.0,1,1.0,1,0.09623254161717816,54
3004,0,6079,2228,3851,0,0,0,1.0,1,1.0,1,1.0,1,0.10613261184530383,55
3005,1,6080,2228,3852,0,0,0,1.0,1,1.0,1,1.0,1,0.11181839760430312,56
3006,1,6081,2229,3852,0,0,0,1.0,1,1.0,1,1.0,1,0.13711053929872774,57
3007,3,6084,2229,3855,0,0,0,1.0,1,1.0,1,1.0,1,0.1394356578284946,58
3008,2,6086,2230,3856,0,0,0,1.0,1,1.0,1,1.0,1,0.12718198274016596,59
3009,0,6086,2230,3856,0,0,0,1.0,1,1.0,1,1.0,1,0.12718198274016596,59
3010,3,6089,2231,3858,0,0,0,1.0,1,1.0,1,1.0,1,0.08272651083321983,59
3011,1,6090,2232,3858,0,0,0,1.0,1,1.0,1,1.0,1,0.09608932602923193,59
3012,1,6091,2233,3858,0,0,0,1.0,1,1.0,1,1.0,1,0.1332039055548296,61
3013,5,6096,2234,3862,0,0,0,1.0,1,1.0,1,1.0,1,0.11825093594686725,59
3014,1,6097,2234,3863,0,0,0,1.0,1,1.0,1,1.0,1,0.12447703959484381,60
3015,1,6098,2234,3864,0,0,0,1.0,1,1.0,1,1.0,1,0.11062690762586573,58
3016,2,6100,2235,3865,0,0,0,1.0,1,1.0,1,1.0,1,0.11706965739563381,57
3017,5,6105,2239,3866,0,0,0,1.0,1,1.0,1,1.0,1,0.1472859308285859,58
3018,1,6106,2239,3867,0,0,0,1.0,1,1.0,1,1.0,1,0.16365409627285948,55
3019,2,6108,2240,3868,0,0,0,1.0,1,1.0,1,1.0,1,0.17424945073873108,56
3020,1,6109,2240,3869,0,0,0,1.0,1,1.0,1,1.0,1,0.23641368619329822,55
3021,6,6115,2241,3874,0,0,0,1.0,1,1.0,1,1.0,1,0.17277433738444523,55
3022,2,6117,2242,3875,0,0,0,1.0,1,1.0,1,1.0,1,0.1860083538671981,55
3023,2,6119,2243,3876,0,0,0,1.0,1,1.0,1,1.0,1,0.1569056026734691,54
3024,2,6121,2244,3877,0,0,0,1.0,1,1.0,1,1.0,1,0.1703078305651679,54
3025,6,6127,2248,3879,0,0,0,1.0,1,1.0,1,1.0,1,0.17142704017653618,54
3026,1,6128,2248,3880,0,0,0,1.0,1,1.0,1,1.0,1,0.16044761608877187,53
3027,4,6132,2250,3882,0,0,0,1.0,1,1.0,1,1.0,1,0.14429244986703726,53
3028,2,6134,2252,3882,0,0,0,1.0,1,1.0,1,1.0,1,0.16515379408176128,51
3029,7,6141,2253,3888,0,0,0,1.0,1,1.0,1,1.0,1,0.09913837188420424,51
3030,2,6143,2255,3888,0,0,0,1.0,1,1.0,1,1.0,1,0.10289960141534135,52
3031,2,6145,2257,3888,0,0,0,1.0,1,1.0,1,1.0,1,0.12462534841200973,51
3032,2,6147,2257,3890,0,0,0,1.0,1,1.0,1,1.0,1,0.0926433587573111,50
3033,3,6150,2258,3892,0,0,0,1.0,1,1.0,1,1.0,1,0.07784007129875826,52
3034,0,6150,2258,3892,0,0,0,1.0,1,1.0,1,1.0,1,0.0671457052957608,51
3035,0,6150,2258,3892,0,0,0,1.0,1,1.0,1,1.0,1,0.0681371472540774,51
3036,0,6150,2258,3892,0,0,0,1.0,1,1.0,1,1.0,1,0.08832319274639532,53
3037,0,6150,2258,3892,0,0,0,1.0,1,1.0,1,1.0,1,0.09124334282043774,52
3038,1,6151,2259,3892,0,0,0,1.0,1,1.0,1,1.0,1,0.09404699397903188,52
3039,2,6153,2259,3894,0,0,0,1.0,1,1.0,1,1.0,1,0.0703146550225567,54
3040,0,6153,2259,3894,0,0,0,1.0,1,1.0,1,1.0,1,0.07247132427459074,55
3041,2,6155,2260,3895,0,0,0,1.0,1,1.0,1,1.0,1,0.09884399717162944,56
3042,2,6157,2261,3896,0,0,0,1.0,1,1.0,1,1.0,1,0.08916109152968454,56
3043,0,6157,2261,3896,0,0,0,1.0,1,1.0,1,1.0,1,0.07750958997164413,57
3044,4,6161,2263,3898,0,0,0,1.0,1,1.0,1,1.0,1,0.08309475966406007,57
3045,3,6164,2264,3900,0,0,0,1.0,1,1.0,1,1.0,1,0.10460324139344765,56
3046,1,6165,2265,3900,0,0,0,1.0,1,1.0,1,1.0,1,0.09182910809484252,57
3047,0,6165,2265,3900,0,0,0,1.0,1,1.0,1,1.0,1,0.10787359889120451,56
3048,4,6169,2266,3903,0,0,0,1.0,1,1.0,1,1.0,1,0.0928723652947725,58
3049,3,6172,2266,3906,0,0,0,1.0,1,1.0,1,1.0,1,0.09863653778360075,59
3050,4,6176,2266,3910,0,0,0,1.0,1,1.0,1,1.0,1,0.10022473659326533,60
3051,4,6180,2267,3913,0,0,0,1.0,1,1.0,1,1.0,1,0.1464229093243726,59
3052,3,6183,2268,3915,0,0,0,1.0,1,1.0,1,1.0,1,0.1542679565316237,58
3053,6,6189,2269,3920,0,0,0,1.0,1,1.0,1,1.0,1,0.08910766171601943,57
3054,2,6191,2271,3920,0,0,0,1.0,1,1.0,1,1.0,1,0.14393637213909247,55
3055,2,6193,2271,3922,0,0,0,1.0,1,1.0,1,1.0,1,0.11683227659638877,54
3056,3,6196,2273,3923,0,0,0,1.0,1,1.0,1,1.0,1,0.1621201008600584,55
3057,3,6199,2273,3926,0,0,0,1.0,1,1.0,1,1.0,1,0.15634370474448506,54
3058,1,6200,2273,3927,0,0,0,1.0,1,1.0,1,1.0,1,0.18864488777394045,55
3059,1,6201,2273,3928,0,0,0,1.0,1,1.0,1,1.0,1,0.17059498574898768,56
3060,0,6201,2273,3928,0,0,0,1.0,1,1.0,1,1.0,1,0.17059498574898768,56
3061,1,6202,2273,3929,0,0,0,1.0,1,1.0,1,1.0,1,0.1636530052389524,56
3062,6,6208,2276,3932,0,0,0,1.0,1,1.0,1,1.0,1,0.1862395158239249,57
3063,1,6209,2277,3932,0,0,0,1.0,1,1.0,1,1.0,1,0.16263972396748072,55
3064,5,6214,2279,3935,0,0,0,1.0,1,1.0,1,1.0,1,0.2048593314668649,56
3065,8,6222,2280,3942,0,0,0,1.0,1,1.0,1,1.0,1,0.18246525279007078,55
3066,2,6224,2282,3942,0,0,0,1.0,1,1.0,1,1.0,1,0.1695778874872485,55
3067,4,6228,2283,3945,0,0,0,1.0,1,1.0,1,1.0,1,0.14893725840379984,54
3068,2,6230,2283,3947,0,0,0,1.0,1,1.0,1,1.0,1,0.18083798032419274,53
3069,4,6234,2285,3949,0,0,0,1.0,1,1.0,1,1.0,1,0.1312640149010409,51
3070,2,6236,2285,3951,0,0,0,1.0,1,1.0,1,1.0,1,0.12025146819063474,50
3071,0,6236,2285,3951,0,0,0,1.0,1,1.0,1,1.0,1,0.1029264366559871,51
3072,1,6237,2286,3951,0,0,0,1.0,1,1.0,1,1.0,1,0.10974163207840108,53
3073,1,6238,2286,3952,0,0,0,1.0,1,1.0,1,1.0,1,0.11009203878771236,51
3074,1,6239,2287,3952,0,0,0,1.0,1,1.0,1,1.0,1,0.11811770447658611,50
3075,0,6239,2287,3952,0,0,0,1.0,1,1.0,1,1.0,1,0.1430548355541936,52
3076,3,6242,2288,3954,0,0,0,1.0,1,1.0,1,1.0,1,0.19103532751226965,53
3077,3,6245,2288,3957,0,0,0,1.0,1,1.0,1,1.0,1,0.1341915745520165,52
3078,3,6248,2289,3959,0,0,0,1.0,1,1.0,1,1.0,1,0.15563861721595032,53
3079,2,6250,2290,3960,0,0,0,1.0,1,1.0,1,1.0,1,0.16705999119754106,53
3080,3,6253,2291,3962,0,0,0,1.0,1,1.0,1,1.0,1,0.1996077963273231,52
3081,2,6255,2292,3963,0,0,0,1.0,1,1.0,1,1.0,1,0.2032824322922534,54
3082,3,6258,2295,3963,0,0,0,1.0,1,1.0,1,1.0,1,0.2544200754841615,54
3083,0,6258,2295,3963,0,0,0,1.0,1,1.0,1,1.0,1,0.2544200754841615,54
3084,2,6260,2297,3963,0,0,0,1.0,1,1.0,1,1.0,1,0.28829172919140134,55
3085,14,6274,2299,3975,0,0,0,1.0,1,1.0,1,1.0,1,0.22174813847327304,55
3086,4,6278,2299,3979,0,0,0,1.0,1,1.0,1,1.0,1,0.1796775522788329,56
3087,2,6280,2299,3981,0,0,0,1.0,1,1.0,1,1.0,1,0.21393692700062705,57
3088,2,6282,2299,3983,0,0,0,1.0,1,1.0,1,1.0,1,0.2029640861553098,56
3089,6,6288,2300,3988,0,0,0,1.0,1,1.0,1,1.0,1,0.20472736732122446,55
3090,1,6289,2300,3989,0,0,0,1.0,1,1.0,1,1.0,1,0.23665868544104654,54
3091,2,6291,2300,3991,0,0,0,1.0,1,1.0,1,1.0,1,0.25478834348785456,53
3092,3,6294,2300,3994,0,0,0,1.0,1,1.0,1,1.0,1,0.17568831088488027,56
3093,0,6294,2300,3994,0,0,0,1.0,1,1.0,1,1.0,1,0.17568831088488027,56
3094,0,6294,2300,3994,0,0,0,1.0,1,1.0,1,1.0,1,0.19201027081059288,58
3095,1,6295,2300,3995,0,0,0,1.0,1,1.0,1,1.0,1,0.17152300370551427,59
3096,0,6295,2300,3995,0,0,0,1.0,1,1.0,1,1.0,1,0.1795060920984412,60
3097,2,6297,2300,3997,0,0,0,1.0,1,1.0,1,1.0,1,0.19012646984316955,60
3098,0,6297,2300,3997,0,0,0,1.0,1,1.0,1,1.0,1,0.20916384809706737,58
3099,0,6297,2300,3997,0,0,0,1.0,1,1.0,1,1.0,1,0.21828998648672862,57
3100,0,6297,2300,3997,0,0,0,1.0,1,1.0,1,1.0,1,0.21828998648672862,57
3101,2,6299,2300,3999,0,0,0,1.0,1,1.0,1,1.0,1,0.19603190961497685,58
3102,3,6302,2301,4001,0,0,0,1.0,1,1.0,1,1.0,1,0.22924318502516935,59
3103,7,6309,2302,4007,0,0,0,1.0,1,1.0,1,1.0,1,0.15680323584085962,58
3104,8,6317,2304,4013,0,0,0,1.0,1,1.0,1,1.0,1,0.11577421530678597,58
3105,3,6320,2305,4015,0,0,0,1.0,1,1.0,1,1.0,1,0.0872040670315419,56
3106,3,6323,2307,4016,0,0,0,1.0,1,1.0,1,1.0,1,0.09201319546643857,57
3107,2,6325,2308,4017,0,0,0,1.0,1,1.0,1,1.0,1,0.0809219227719682,55
3108,3,6328,2310,4018,0,0,0,1.0,1,1.0,1,1.0,1,0.0903893579561917,55
3109,2,6330,2312,4018,0,0,0,1.0,1,1.0,1,1.0,1,0.10186149441437228,54
3110,3,6333,2314,4019,0,0,0,1.0,1,1.0,1,1.0,1,0.12679976843233576,54
3111,1,6334,2315,4019,0,0,0,1.0,1,1.0,1,1.0,1,0.15963128044034755,54
3112,8,6342,2318,4024,0,0,0,1.0,1,1.0,1,1.0,1,0.1974689085093197,56
3113,9,6351,2321,4030,0,0,0,1.0,1,1.0,1,1.0,1,0.18179870986133287,55
3114,5,6356,2322,4034,0,0,0,1.0,1,1.0,1,1.0,1,0.18157144428543853,54
3115,5,6361,2322,4039,0,0,0,1.0,1,1.0,1,1.0,1,0.1578038924564615,56
3116,7,6368,2324,4044,0,0,0,1.0,1,1.0,1,1.0,1,0.18896264857524298,56
3117,9,6377,2324,4053,0,0,0,1.0,1,1.0,1,1.0,1,0.1288885636499445,58
3118,2,6379,2324,4055,0,0,0,1.0,1,1.0,1,1.0,1,0.12638813923621056,57
3119,1,6380,2324,4056,0,0,0,1.0,1,1.0,1,1.0,1,0.12400553456584973,57
3120,0,6380,2324,4056,0,0,0,1.0,1,1.0,1,1.0,1,0.13712802365660196,56
3121,6,6386,2324,4062,0,0,0,1.0,1,1.0,1,1.0,1,0.07196300136083786,57
3122,0,6386,2324,4062,0,0,0,1.0,1,1.0,1,1.0,1,0.07196300136083786,57
3123,0,6386,2324,4062,0,0,0,1.0,1,1.0,1,1.0,1,0.07196300136083786,57
3124,1,6387,2324,4063,0,0,0,1.0,1,1.0,1,1.0,1,0.05579471968128964,59
3125,2,6389,2326,4063,0,0,0,1.0,1,1.0,1,1.0,1,0.06569057340536533,61
3126,2,6391,2327,4064,0,0,0,1.0,1,1.0,1,1.0,1,0.10578467077188854,60
3127,0,6391,2327,4064,0,0,0,1.0,1,1.0,1,1.0,1,0.08409229119685042,58
3128,1,6392,2328,4064,0,0,0,1.0,1,1.0,1,1.0,1,0.11415407183460233,58
3129,3,6395,2328,4067,0,0,0,1.0,1,1.0,1,1.0,1,0.08320735098309806,56
3130,2,6397,2328,4069,0,0,0,1.0,1,1.0,1,1.0,1,0.09825515781801339,56
3131,2,6399,2329,4070,0,0,0,1.0,1,1.0,1,1.0,1,0.13323080759050174,55
3132,1,6400,2329,4071,0,0,0,1.0,1,1.0,1,1.0,1,0.11489161977492204,53
3133,5,6405,2330,4075,0,0,0,1.0,1,1.0,1,1.0,1,0.07550352903185503,52
3134,2,6407,2330,4077,0,0,0,1.0,1,1.0,1,1.0,1,0.09586921673578618,52
3135,1,6408,2331,4077,0,0,0,1.0,1,1.0,1,1.0,1,0.1269156132039697,53
3136,4,6412,2333,4079,0,0,0,1.0,1,1.0,1,1.0,1,0.14770217965829324,54
3137,6,6418,2335,4083,0,0,0,1.0,1,1.0,1,1.0,1,0.09725145026986792,55
3138,7,6425,2337,4088,0,0,0,1.0,1,1.0,1,1.0,1,0.13996016345669635,57
3139,4,6429,2339,4090,0,0,0,1.0,1,1.0,1,1.0,1,0.13379955049101183,56
3140,4,6433,2339,4094,0,0,0,1.0,1,1.0,1,1.0,1,0.10611467215894854,56
3141,2,6435,2340,4095,0,0,0,1.0,1,1.0,1,1.0,1,0.12381398750414191,56
3142,1,6436,2341,4095,0,0,0,1.0,1,1.0,1,1.0,1,0.11837278462212346,56
3143,0,6436,2341,4095,0,0,0,1.0,1,1.0,1,1.0,1,0.11837278462212346,56
3144,0,6436,2341,4095,0,0,0,1.0,1,1.0,1,1.0,1,0.1327982539861654,54
3145,6,6442,2343,4099,0,0,0,1.0,1,1.0,1,1.0,1,0.09293823242715733,55
3146,2,6444,2344,4100,0,0,0,1.0,1,1.0,1,1.0,1,0.09130861262045635,53
3147,0,6444,2344,4100,0,0,0,1.0,1,1.0,1,1.0,1,0.10763228051859863,54
3148,2,6446,2344,4102,0,0,0,1.0,1,1.0,1,1.0,1,0.09050830059256004,54
3149,1,6447,2344,4103,0,0,0,1.0,1,1.0,1,1.0,1,0.08490944958824038,53
3150,0,6447,2344,4103,0,0,0,1.0,1,1.0,1,1.0,1,0.08490944958824038,53
3151,2,6449,2344,4105,0,0,0,1.0,1,1.0,1,1.0,1,0.0931003038293907,53
3152,0,6449,2344,4105,0,0,0,1.0,1,1.0,1,1.0,1,0.08043961769434481,54
3153,3,6452,2345,4107,0,0,0,1.0,1,1.0,1,1.0,1,0.07042087382262611,53
3154,1,6453,2346,4107,0,0,0,1.0,1,1.0,1,1.0,1,0.07047775482763967,55
3155,0,6453,2346,4107,0,0,0,1.0,1,1.0,1,1.0,1,0.07615060365657783,56
3156,1,6454,2347,4107,0,0,0,1.0,1,1.0,1,1.0,1,0.12009764822834855,56
3157,2,6456,2347,4109,0,0,0,1.0,1,1.0,1,1.0,1,0.0910533422597149,56
3158,2,6458,2347,4111,0,0,0,1.0,1,1.0,1,1.0,1,0.04666036712163158,57
3159,1,6459,2347,4112,0,0,0,1.0,1,1.0,1,1.0,1,0.05279666369228348,56
3160,3,6462,2348,4114,0,0,0,1.0,1,1.0,1,1.0,1,0.08553811320788363,58
3161,1,6463,2349,4114,0,0,0,1.0,1,1.0,1,1.0,1,0.0947928013319035,59
3162,0,6463,2349,4114,0,0,0,1.0,1,1.0,1,1.0,1,0.0947928013319035,59
3163,4,6467,2351,4116,0,0,0,1.0,1,1.0,1,1.0,1,0.11699258391473387,59
3164,3,6470,2352,4118,0,0,0,1.0,1,1.0,1,1.0,1,0.10455572017816925,60
3165,5,6475,2353,4122,0,0,0,1.0,1,1.0,1,1.0,1,0.09280841411616275,58
3166,0,6475,2353,4122,0,0,0,1.0,1,1.0,1,1.0,1,0.0847142208802583,59
3167,1,6476,2354,4122,0,0,0,1.0,1,1.0,1,1.0,1,0.0932249745541547,57
3168,3,6479,2355,4124,0,0,0,1.0,1,1.0,1,1.0,1,0.10364619865783,58
3169,3,6482,2356,4126,0,0,0,1.0,1,1.0,1,1.0,1,0.07302438398546017,57
3170,2,6484,2357,4127,0,0,0,1.0,1,1.0,1,1.0,1,0.07544162078265215,55
3171,4,6488,2361,4127,0,0,0,1.0,1,1.0,1,1.0,1,0.15864054573207462,56
3172,4,6492,2363,4129,0,0,0,1.0,1,1.0,1,1.0,1,0.12418096356174987,54
3173,4,6496,2365,4131,0,0,0,1.0,1,1.0,1,1.0,1,0.11512607465167514,53
3174,5,6501,2366,4135,0,0,0,1.0,1,1.0,1,1.0,1,0.13978283146824122,53
3175,0,6501,2366,4135,0,0,0,1.0,1,1.0,1,1.0,1,0.12705387913721977,52
3176,4,6505,2369,4136,0,0,0,1.0,1,1.0,1,1.0,1,0.17062338141944913,53
3177,5,6510,2370,4140,0,0,0,1.0,1,1.0,1,1.0,1,0.10618384642028493,52
3178,4,6514,2372,4142,0,0,0,1.0,1,1.0,1,1.0,1,0.09263167841369595,53
3179,3,6517,2372,4145,0,0,0,1.0,1,1.0,1,1.0,1,0.11332431991228886,54
3180,2,6519,2372,4147,0,0,0,1.0,1,1.0,1,1.0,1,0.10202112531108064,54
3181,2,6521,2372,4149,0,0,0,1.0,1,1.0,1,1.0,1,0.07387069389153994,55
3182,0,6521,2372,4149,0,0,0,1.0,1,1.0,1,1.0,1,0.08878824993477974,54
3183,1,6522,2372,4150,0,0,0,1.0,1,1.0,1,1.0,1,0.09786985637320483,56
3184,4,6526,2374,4152,0,0,0,1.0,1,1.0,1,1.0,1,0.12732059808595644,54
3185,5,6531,2375,4156,0,0,0,1.0,1,1.0,1,1.0,1,0.06850560524130214,53
3186,6,6537,2377,4160,0,0,0,1.0,1,1.0,1,1.0,1,0.11350064863833423,52
3187,0,6537,2377,4160,0,0,0,1.0,1,1.0,1,1.0,1,0.10937232035969491,50
3188,6,6543,2379,4164,0,0,0,1.0,1,1.0,1,1.0,1,0.14645744590767945,50
3189,2,6545,2379,4166,0,0,0,1.0,1,1.0,1,1.0,1,0.14711376690745057,49
3190,2,6547,2379,4168,0,0,0,1.0,1,1.0,1,1.0,1,0.1254849818543138,50
3191,2,6549,2381,4168,0,0,0,1.0,1,1.0,1,1.0,1,0.1639161727166324,49
3192,0,6549,2381,4168,0,0,0,1.0,1,1.0,1,1.0,1,0.1639161727166324,49
3193,0,6549,2381,4168,0,0,0,1.0,1,1.0,1,1.0,1,0.15874458808412995,49
3194,4,6553,2384,4169,0,0,0,1.0,1,1.0,1,1.0,1,0.1768250057461807,50
3195,2,6555,2384,4171,0,0,0,1.0,1,1.0,1,1.0,1,0.17237764466345976,49
3196,0,6555,2384,4171,0,0,0,1.0,1,1.0,1,1.0,1,0.17237764466345976,49
3197,2,6557,2384,4173,0,0,0,1.0,1,1.0,1,1.0,1,0.11511403707783258,50
3198,3,6560,2385,4175,0,0,0,1.0,1,1.0,1,1.0,1,0.12427740673259183,50
3199,4,6564,2385,4179,0,0,0,1.0,1,1.0,1,1.0,1,0.11639789394263758,52
3200,2,6566,2386,4180,0,0,0,1.0,1,1.0,1,1.0,1,0.1407042063679487,53
3201,3,6569,2386,4183,0,0,0,1.0,1,1.0,1,1.0,1,0.10576186182129081,55
3202,2,6571,2388,4183,0,0,0,1.0,1,1.0,1,1.0,1,0.12003423349741212,55
3203,0,6571,2388,4183,0,0,0,1.0,1,1.0,1,1.0,1,0.11718573970716924,53
3204,2,6573,2388,4185,0,0,0,1.0,1,1.0,1,1.0,1,0.13485105965924177,53
3205,3,6576,2389,4187,0,0,0,1.0,1,1.0,1,1.0,1,0.09960018517403128,53
3206,0,6576,2389,4187,0,0,0,1.0,1,1.0,1,1.0,1,0.11230851342177678,52
3207,3,6579,2391,4188,0,0,0,1.0,1,1.0,1,1.0,1,0.129403139198948,53
3208,0,6579,2391,4188,0,0,0,1.0,1,1.0,1,1.0,1,0.16410189201084027,51
3209,3,6582,2391,4191,0,0,0,1.0,1,1.0,1,1.0,1,0.13852383590766984,52
3210,0,6582,2391,4191,0,0,0,1.0,1,1.0,1,1.0,1,0.16373192534816447,49
3211,3,6585,2394,4191,0,0,0,1.0,1,1.0,1,1.0,1,0.23503940992565184,48
3212,2,6587,2396,4191,0,0,0,1.0,1,1.0,1,1.0,1,0.21275619919928088,48
3213,8,6595,2397,4198,0,0,0,1.0,1,1.0,1,1.0,1,0.1224395257214905,49
3214,3,6598,2398,4200,0,0,0,1.0,1,1.0,1,1.0,1,0.11201820676166672,51
3215,5,6603,2398,4205,0,0,0,1.0,1,1.0,1,1.0,1,0.11429582373949791,51
3216,6,6609,2399,4210,0,0,0,1.0,1,1.0,1,1.0,1,0.10581670243636938,51
3217,4,6613,2400,4213,0,0,0,1.0,1,1.0,1,1.0,1,0.09710532829090886,51
3218,0,6613,2400,4213,0,0,0,1.0,1,1.0,1,1.0,1,0.09710532829090886,51
3219,0,6613,2400,4213,0,0,0,1.0,1,1.0,1,1.0,1,0.11420244459769018,52
3220,0,6613,2400,4213,0,0,0,1.0,1,1.0,1,1.0,1,0.11420244459769018,52
3221,1,6614,2400,4214,0,0,0,1.0,1,1.0,1,1.0,1,0.09646218838484527,54
3222,1,6615,2400,4215,0,0,0,1.0,1,1.0,1,1.0,1,0.08717983066886996,54
3223,0,6615,2400,4215,0,0,0,1.0,1,1.0,1,1.0,1,0.10327286688014557,56
3224,1,6616,2401,4215,0,0,0,1.0,1,1.0,1,1.0,1,0.1224405167505309,57
3225,2,6618,2401,4217,0,0,0,1.0,1,1.0,1,1.0,1,0.11743973405815157,58
3226,0,6618,2401,4217,0,0,0,1.0,1,1.0,1,1.0,1,0.11743973405815157,58
3227,0,6618,2401,4217,0,0,0,1.0,1,1.0,1,1.0,1,0.11743973405815157,58
3228,0,6618,2401,4217,0,0,0,1.0,1,1.0,1,1.0,1,0.11743973405815157,58
3229,1,6619,2401,4218,0,0,0,1.0,1,1.0,1,1.0,1,0.12013551874724179,60
3230,0,6619,2401,4218,0,0,0,1.0,1,1.0,1,1.0,1,0.11688245008690054,61
3231,1,6620,2402,4218,0,0,0,1.0,1,1.0,1,1.0,1,0.13559134155336539,61
3232,0,6620,2402,4218,0,0,0,1.0,1,1.0,1,1.0,1,0.13559134155336539,61
3233,4,6624,2402,4222,0,0,0,1.0,1,1.0,1,1.0,1,0.09599821750116108,63
3234,1,6625,2403,4222,0,0,0,1.0,1,1.0,1,1.0,1,0.13239092887490578,64
3235,1,6626,2403,4223,0,0,0,1.0,1,1.0,1,1.0,1,0.1258678320318707,65
3236,1,6627,2403,4224,0,0,0,1.0,1,1.0,1,1.0,1,0.12691205589258714,66
3237,1,6628,2403,4225,0,0,0,1.0,1,1.0,1,1.0,1,0.11403946563892678,67
3238,0,6628,2403,4225,0,0,0,1.0,1,1.0,1,1.0,1,0.11403946563892678,67
3239,0,6628,2403,4225,0,0,0,1.0,1,1.0,1,1.0,1,0.13201162396081467,69
3240,0,6628,2403,4225,0,0,0,1.0,1,1.0,1,1.0,1,0.13201162396081467,69
3241,4,6632,2406,4226,0,0,0,1.0,1,1.0,1,1.0,1,0.12674520266735853,68
3242,0,6632,2406,4226,0,0,0,1.0,1,1.0,1,1.0,1,0.12836358896965616,67
3243,3,6635,2408,4227,0,0,0,1.0,1,1.0,1,1.0,1,0.13461256872454416,68
3244,5,6640,2408,4232,0,0,0,1.0,1,1.0,1,1.0,1,0.08569060652294237,68
3245,2,6642,2408,4234,0,0,0,1.0,1,1.0,1,1.0,1,0.07762200325021262,69
3246,1,6643,2409,4234,0,0,0,1.0,1,1.0,1,1.0,1,0.08555170563715007,68
3247,1,6644,2409,4235,0,0,0,1.0,1,1.0,1,1.0,1,0.07633331986648469,68
3248,4,6648,2412,4236,0,0,0,1.0,1,1.0,1,1.0,1,0.08989354120130146,68
3249,2,6650,2412,4238,0,0,0,1.0,1,1.0,1,1.0,1,0.06422735382048267,69
3250,1,6651,2412,4239,0,0,0,1.0,1,1.0,1,1.0,1,0.049098011828396244,69
3251,1,6652,2413,4239,0,0,0,1.0,1,1.0,1,1.0,1,0.08467844261425073,68
3252,0,6652,2413,4239,0,0,0,1.0,1,1.0,1,1.0,1,0.07718020758104172,68
3253,0,6652,2413,4239,0,0,0,1.0,1,1.0,1,1.0,1,0.09155172872551265,69
3254,0,6652,2413,4239,0,0,0,1.0,1,1.0,1,1.0,1,0.09155172872551265,69
3255,2,6654,2413,4241,0,0,0,1.0,1,1.0,1,1.0,1,0.08142064104039948,70
3256,4,6658,2414,4244,0,0,0,1.0,1,1.0,1,1.0,1,0.08657164030303492,70
3257,1,6659,2414,4245,0,0,0,1.0,1,1.0,1,1.0,1,0.0879827611133083,71
3258,1,6660,2415,4245,0,0,0,1.0,1,1.0,1,1.0,1,0.08442033523139629,72
3259,1,6661,2416,4245,0,0,0,1.0,1,1.0,1,1.0,1,0.10703839571251597,71
3260,0,6661,2416,4245,0,0,0,1.0,1,1.0,1,1.0,1,0.12692873063378393,72
3261,5,6666,2417,4249,0,0,0,1.0,1,1.0,1,1.0,1,0.12102005967976769,74
3262,7,6673,2419,4254,0,0,0,1.0,1,1.0,1,1.0,1,0.09842857490539089,73
3263,2,6675,2421,4254,0,0,0,1.0,1,1.0,1,1.0,1,0.11387336227922215,73
3264,3,6678,2422,4256,0,0,0,1.0,1,1.0,1,1.0,1,0.14334325175511056,71
3265,5,6683,2423,4260,0,0,0,1.0,1,1.0,1,1.0,1,0.11453980017136539,70
3266,4,6687,2427,4260,0,0,0,1.0,1,1.0,1,1.0,1,0.12987668731239785,69
3267,3,6690,2428,4262,0,0,0,1.0,1,1.0,1,1.0,1,0.12058236648782086,69
3268,1,6691,2429,4262,0,0,0,1.0,1,1.0,1,1.0,1,0.13650289052221387,68
3269,7,6698,2430,4268,0,0,0,1.0,1,1.0,1,1.0,1,0.10461474653112142,68
3270,2,6700,2430,4270,0,0,0,1.0,1,1.0,1,1.0,1,0.10816620879402539,67
3271,0,6700,2430,4270,0,0,0,1.0,1,1.0,1,1.0,1,0.10370694434206773,66
3272,2,6702,2430,4272,0,0,0,1.0,1,1.0,1,1.0,1,0.09758172959606617,67
3273,4,6706,2430,4276,0,0,0,1.0,1,1.0,1,1.0,1,0.07727369599669454,66
3274,1,6707,2431,4276,0,0,0,1.0,1,1.0,1,1.0,1,0.10788339658398088,68
3275,2,6709,2432,4277,0,0,0,1.0,1,1.0,1,1.0,1,0.10095101908150868,68
3276,2,6711,2432,4279,0,0,0,1.0,1,1.0,1,1.0,1,0.10252901485932756,69
3277,4,6715,2433,4282,0,0,0,1.0,1,1.0,1,1.0,1,0.09647858925329234,68
3278,1,6716,2434,4282,0,0,0,1.0,1,1.0,1,1.0,1,0.11217020874718156,69
3279,1,6717,2435,4282,0,0,0,1.0,1,1.0,1,1.0,1,0.1318935617719209,67
3280,3,6720,2436,4284,0,0,0,1.0,1,1.0,1,1.0,1,0.1229292895837459,66
3281,6,6726,2438,4288,0,0,0,1.0,1,1.0,1,1.0,1,0.12368115193901173,67
3282,0,6726,2438,4288,0,0,0,1.0,1,1.0,1,1.0,1,0.13003493012770828,66
3283,2,6728,2439,4289,0,0,0,1.0,1,1.0,1,1.0,1,0.16589488818442152,67
3284,1,6729,2439,4290,0,0,0,1.0,1,1.0,1,1.0,1,0.1364249861836154,66
3285,5,6734,2439,4295,0,0,0,1.0,1,1.0,1,1.0,1,0.10403129553074049,66
3286,0,6734,2439,4295,0,0,0,1.0,1,1.0,1,1.0,1,0.11577447262541148,63
3287,2,6736,2441,4295,0,0,0,1.0,1,1.0,1,1.0,1,0.16713839663102978,61
3288,0,6736,2441,4295,0,0,0,1.0,1,1.0,1,1.0,1,0.18160372929422886,63
3289,4,6740,2443,4297,0,0,0,1.0,1,1.0,1,1.0,1,0.19161579637297746,62
3290,0,6740,2443,4297,0,0,0,1.0,1,1.0,1,1.0,1,0.18538075228699666,63
3291,4,6744,2445,4299,0,0,0,1.0,1,1.0,1,1.0,1,0.19739018980345543,62
3292,1,6745,2445,4300,0,0,0,1.0,1,1.0,1,1.0,1,0.18566942171741543,63
3293,6,6751,2445,4306,0,0,0,1.0,1,1.0,1,1.0,1,0.1483103434956071,65
3294,1,6752,2445,4307,0,0,0,1.0,1,1.0,1,1.0,1,0.1453652279877842,65
3295,0,6752,2445,4307,0,0,0,1.0,1,1.0,1,1.0,1,0.1453652279877842,65
3296,0,6752,2445,4307,0,0,0,1.0,1,1.0,1,1.0,1,0.1453652279877842,65
3297,3,6755,2446,4309,0,0,0,1.0,1,1.0,1,1.0,1,0.14949912360248613,66
3298,0,6755,2446,4309,0,0,0,1.0,1,1.0,1,1.0,1,0.14949912360248613,66
3299,2,6757,2446,4311,0,0,0,1.0,1,1.0,1,1.0,1,0.13863892364750152,67
3300,2,6759,2448,4311,0,0,0,1.0,1,1.0,1,1.0,1,0.16952502657947632,67
3301,3,6762,2449,4313,0,0,0,1.0,1,1.0,1,1.0,1,0.17904871346057383,68
3302,0,6762,2449,4313,0,0,0,1.0,1,1.0,1,1.0,1,0.1916307659642676,67
3303,1,6763,2450,4313,0,0,0,1.0,1,1.0,1,1.0,1,0.18885745821073158,67
3304,2,6765,2451,4314,0,0,0,1.0,1,1.0,1,1.0,1,0.1937175719902568,67
3305,9,6774,2451,4323,0,0,0,1.0,1,1.0,1,1.0,1,0.16245517310406674,69
3306,2,6776,2451,4325,0,0,0,1.0,1,1.0,1,1.0,1,0.12734052832625103,70
3307,2,6778,2451,4327,0,0,0,1.0,1,1.0,1,1.0,1,0.11152852107660698,70
3308,1,6779,2451,4328,0,0,0,1.0,1,1.0,1,1.0,1,0.12476031608470005,70
3309,2,6781,2451,4330,0,0,0,1.0,1,1.0,1,1.0,1,0.1155123666002109,72
3310,3,6784,2451,4333,0,0,0,1.0,1,1.0,1,1.0,1,0.10292693928101894,74
3311,0,6784,2451,4333,0,0,0,1.0,1,1.0,1,1.0,1,0.10292693928101894,74
3312,0,6784,2451,4333,0,0,0,1.0,1,1.0,1,1.0,1,0.10292693928101894,74
3313,2,6786,2451,4335,0,0,0,1.0,1,1.0,1,1.0,1,0.09942157865443337,75
3314,1,6787,2451,4336,0,0,0,1.0,1,1.0,1,1.0,1,0.09997870041417185,76
3315,0,6787,2451,4336,0,0,0,1.0,1,1.0,1,1.0,1,0.10902188361278788,75
3316,1,6788,2452,4336,0,0,0,1.0,1,1.0,1,1.0,1,0.12018498956668507,76
3317,2,6790,2453,4337,0,0,0,1.0,1,1.0,1,1.0,1,0.13214307658597227,73
3318,3,6793,2455,4338,0,0,0,1.0,1,1.0,1,1.0,1,0.1584235978363594,72
3319,2,6795,2456,4339,0,0,0,1.0,1,1.0,1,1.0,1,0.1634151228300347,71
3320,1,6796,2456,4340,0,0,0,1.0,1,1.0,1,1.0,1,0.15463302930101935,70
3321,5,6801,2458,4343,0,0,0,1.0,1,1.0,1,1.0,1,0.17646004652077546,69
3322,1,6802,2459,4343,0,0,0,1.0,1,1.0,1,1.0,1,0.16056951635759886,68
3323,2,6804,2460,4344,0,0,0,1.0,1,1.0,1,1.0,1,0.17055036823506134,69
3324,1,6805,2461,4344,0,0,0,1.0,1,1.0,1,1.0,1,0.16671199485197918,69
3325,2,6807,2461,4346,0,0,0,1.0,1,1.0,1,1.0,1,0.16277322470520916,70
3326,6,6813,2464,4349,0,0,0,1.0,1,1.0,1,1.0,1,0.1523560936268899,69
3327,2,6815,2465,4350,0,0,0,1.0,1,1.0,1,1.0,1,0.16085408929891515,70
3328,4,6819,2465,4354,0,0,0,1.0,1,1.0,1,1.0,1,0.14477744447813334,73
3329,2,6821,2466,4355,0,0,0,1.0,1,1.0,1,1.0,1,0.17893171871248367,72
3330,4,6825,2467,4358,0,0,0,1.0,1,1.0,1,1.0,1,0.17320379047006765,72
3331,0,6825,2467,4358,0,0,0,1.0,1,1.0,1,1.0,1,0.17640592727826246,72
3332,1,6826,2467,4359,0,0,0,1.0,1,1.0,1,1.0,1,0.1735734565155349,73
3333,5,6831,2467,4364,0,0,0,1.0,1,1.0,1,1.0,1,0.1529530209752088,72
3334,0,6831,2467,4364,0,0,0,1.0,1,1.0,1,1.0,1,0.14590331043866453,73
3335,3,6834,2468,4366,0,0,0,1.0,1,1.0,1,1.0,1,0.15152915059873973,74
3336,1,6835,2468,4367,0,0,0,1.0,1,1.0,1,1.0,1,0.138534690199631,74
3337,1,6836,2469,4367,0,0,0,1.0,1,1.0,1,1.0,1,0.15887000574532703,74
3338,2,6838,2469,4369,0,0,0,1.0,1,1.0,1,1.0,1,0.14356917859171642,74
3339,1,6839,2470,4369,0,0,0,1.0,1,1.0,1,1.0,1,0.15876583323789978,75
3340,1,6840,2470,4370,0,0,0,1.0,1,1.0,1,1.0,1,0.14630610088848917,75
3341,0,6840,2470,4370,0,0,0,1.0,1,1.0,1,1.0,1,0.15428554270265438,76
3342,1,6841,2470,4371,0,0,0,1.0,1,1.0,1,1.0,1,0.1726255506091584,76
3343,3,6844,2471,4373,0,0,0,1.0,1,1.0,1,1.0,1,0.16190542275963185,75
3344,1,6845,2472,4373,0,0,0,1.0,1,1.0,1,1.0,1,0.1740498138230945,75
3345,6,6851,2474,4377,0,0,0,1.0,1,1.0,1,1.0,1,0.16889778463016372,72
3346,6,6857,2476,4381,0,0,0,1.0,1,1.0,1,1.0,1,0.17115839011401746,73
3347,5,6862,2477,4385,0,0,0,1.0,1,1.0,1,1.0,1,0.1550921833391384,73
3348,3,6865,2477,4388,0,0,0,1.0,1,1.0,1,1.0,1,0.16181001136248574,73
3349,10,6875,2478,4397,0,0,0,1.0,1,1.0,1,1.0,1,0.12765920500962008,74
3350,5,6880,2479,4401,0,0,0,1.0,1,1.0,1,1.0,1,0.12975958133758486,73
3351,2,6882,2480,4402,0,0,0,1.0,1,1.0,1,1.0,1,0.13954682392331422,72
3352,4,6886,2480,4406,0,0,0,1.0,1,1.0,1,1.0,1,0.14609828589091997,72
3353,4,6890,2481,4409,0,0,0,1.0,1,1.0,1,1.0,1,0.14258682080202792,72
3354,2,6892,2482,4410,0,0,0,1.0,1,1.0,1,1.0,1,0.18031426594450226,70
3355,7,6899,2484,4415,0,0,0,1.0,1,1.0,1,1.0,1,0.19852596315875,69
3356,4,6903,2486,4417,0,0,0,1.0,1,1.0,1,1.0,1,0.23337527705121108,69
3357,7,6910,2486,4424,0,0,0,1.0,1,1.0,1,1.0,1,0.1564962116268572,68
3358,2,6912,2487,4425,0,0,0,1.0,1,1.0,1,1.0,1,0.17023785238469022,68
3359,0,6912,2487,4425,0,0,0,1.0,1,1.0,1,1.0,1,0.18648289885269792,66
3360,1,6913,2488,4425,0,0,0,1.0,1,1.0,1,1.0,1,0.19210100796122834,65
3361,7,6920,2488,4432,0,0,0,1.0,1,1.0,1,1.0,1,0.17499070946935663,64
3362,0,6920,2488,4432,0,0,0,1.0,1,1.0,1,1.0,1,0.17499070946935663,64
3363,3,6923,2488,4435,0,0,0,1.0,1,1.0,1,1.0,1,0.16465078152787913,65
3364,1,6924,2488,4436,0,0,0,1.0,1,1.0,1,1.0,1,0.18110706934391443,66
3365,3,6927,2488,4439,0,0,0,1.0,1,1.0,1,1.0,1,0.17091156258249743,68
3366,0,6927,2488,4439,0,0,0,1.0,1,1.0,1,1.0,1,0.18422937541766093,66
3367,2,6929,2488,4441,0,0,0,1.0,1,1.0,1,1.0,1,0.16461844509716655,68
3368,2,6931,2488,4443,0,0,0,1.0,1,1.0,1,1.0,1,0.1317374678387111,68
3369,2,6933,2488,4445,0,0,0,1.0,1,1.0,1,1.0,1,0.12294475955857584,69
3370,0,6933,2488,4445,0,0,0,1.0,1,1.0,1,1.0,1,0.11285743645264028,71
3371,0,6933,2488,4445,0,0,0,1.0,1,1.0,1,1.0,1,0.11285743645264028,71
3372,4,6937,2489,4448,0,0,0,1.0,1,1.0,1,1.0,1,0.09743432637515437,71
3373,0,6937,2489,4448,0,0,0,1.0,1,1.0,1,1.0,1,0.10872331053324273,72
3374,0,6937,2489,4448,0,0,0,1.0,1,1.0,1,1.0,1,0.10760446257410008,72
3375,4,6941,2489,4452,0,0,0,1.0,1,1.0,1,1.0,1,0.0736603906747001,73
3376,1,6942,2489,4453,0,0,0,1.0,1,1.0,1,1.0,1,0.06918125829142245,75
3377,2,6944,2490,4454,0,0,0,1.0,1,1.0,1,1.0,1,0.07333587239520092,77
3378,0,6944,2490,4454,0,0,0,1.0,1,1.0,1,1.0,1,0.07333587239520092,77
3379,3,6947,2493,4454,0,0,0,1.0,1,1.0,1,1.0,1,0.1013254319390934,77
3380,0,6947,2493,4454,0,0,0,1.0,1,1.0,1,1.0,1,0.11605593114628318,76
3381,3,6950,2495,4455,0,0,0,1.0,1,1.0,1,1.0,1,0.11235358278545773,76
3382,3,6953,2496,4457,0,0,0,1.0,1,1.0,1,1.0,1,0.12028671680295078,78
3383,1,6954,2496,4458,0,0,0,1.0,1,1.0,1,1.0,1,0.1162258731328358,77
3384,7,6961,2501,4460,0,0,0,1.0,1,1.0,1,1.0,1,0.15145557309677218,77
3385,4,6965,2501,4464,0,0,0,1.0,1,1.0,1,1.0,1,0.12801595675287858,75
3386,4,6969,2504,4465,0,0,0,1.0,1,1.0,1,1.0,1,0.15136111783347445,76
3387,0,6969,2504,4465,0,0,0,1.0,1,1.0,1,1.0,1,0.14726238353913215,75
3388,4,6973,2505,4468,0,0,0,1.0,1,1.0,1,1.0,1,0.1277963866582245,76
3389,2,6975,2505,4470,0,0,0,1.0,1,1.0,1,1.0,1,0.11381441867393507,77
3390,1,6976,2505,4471,0,0,0,1.0,1,1.0,1,1.0,1,0.11502596036037104,76
3391,1,6977,2506,4471,0,0,0,1.0,1,1.0,1,1.0,1,0.08677298949939749,77
3392,0,6977,2506,4471,0,0,0,1.0,1,1.0,1,1.0,1,0.08769217546237243,78
3393,1,6978,2506,4472,0,0,0,1.0,1,1.0,1,1.0,1,0.08428216674168237,76
3394,1,6979,2507,4472,0,0,0,1.0,1,1.0,1,1.0,1,0.10947700368823013,75
3395,0,6979,2507,4472,0,0,0,1.0,1,1.0,1,1.0,1,0.1029248315822078,73
3396,1,6980,2508,4472,0,0,0,1.0,1,1.0,1,1.0,1,0.10016825632822567,73
3397,6,6986,2509,4477,0,0,0,1.0,1,1.0,1,1.0,1,0.07126415207226872,74
3398,2,6988,2509,4479,0,0,0,1.0,1,1.0,1,1.0,1,0.07157376860797221,74
3399,4,6992,2510,4482,0,0,0,1.0,1,1.0,1,1.0,1,0.07297457335825341,75
3400,3,6995,2511,4484,0,0,0,1.0,1,1.0,1,1.0,1,0.07888232098098046,75
3401,4,6999,2512,4487,0,0,0,1.0,1,1.0,1,1.0,1,0.05606879985227786,77
3402,1,7000,2513,4487,0,0,0,1.0,1,1.0,1,1.0,1,0.07089880507631371,77
3403,2,7002,2514,4488,0,0,0,1.0,1,1.0,1,1.0,1,0.08200135753317159,78
3404,1,7003,2515,4488,0,0,0,1.0,1,1.0,1,1.0,1,0.09140687933856063,78
3405,5,7008,2516,4492,0,0,0,1.0,1,1.0,1,1.0,1,0.0820656657285569,78
3406,5,7013,2518,4495,0,0,0,1.0,1,1.0,1,1.0,1,0.10678711852550336,78
3407,2,7015,2519,4496,0,0,0,1.0,1,1.0,1,1.0,1,0.1253132854463987,78
3408,6,7021,2520,4501,0,0,0,1.0,1,1.0,1,1.0,1,0.14067772520886115,79
3409,9,7030,2520,4510,0,0,0,1.0,1,1.0,1,1.0,1,0.07871288846107816,81
3410,0,7030,2520,4510,0,0,0,1.0,1,1.0,1,1.0,1,0.08301851541781136,82
3411,3,7033,2520,4513,0,0,0,1.0,1,1.0,1,1.0,1,0.07850517717021564,84
3412,1,7034,2520,4514,0,0,0,1.0,1,1.0,1,1.0,1,0.07481786126012517,84
3413,1,7035,2520,4515,0,0,0,1.0,1,1.0,1,1.0,1,0.06936494848860351,84
3414,0,7035,2520,4515,0,0,0,1.0,1,1.0,1,1.0,1,0.06936494848860351,84
3415,2,7037,2522,4515,0,0,0,1.0,1,1.0,1,1.0,1,0.09972973568660258,85
3416,5,7042,2524,4518,0,0,0,1.0,1,1.0,1,1.0,1,0.06947611036080141,85
3417,1,7043,2525,4518,0,0,0,1.0,1,1.0,1,1.0,1,0.08996804770770006,86
3418,4,7047,2527,4520,0,0,0,1.0,1,1.0,1,1.0,1,0.11712145006878825,86
3419,3,7050,2528,4522,0,0,0,1.0,1,1.0,1,1.0,1,0.1331609035485427,87
3420,2,7052,2529,4523,0,0,0,1.0,1,1.0,1,1.0,1,0.1340334192229673,88
3421,3,7055,2530,4525,0,0,0,1.0,1,1.0,1,1.0,1,0.12979086830178405,89
3422,3,7058,2531,4527,0,0,0,1.0,1,1.0,1,1.0,1,0.15321551475089262,90
3423,0,7058,2531,4527,0,0,0,1.0,1,1.0,1,1.0,1,0.15325793903568016,90
3424,0,7058,2531,4527,0,0,0,1.0,1,1.0,1,1.0,1,0.14403676165195023,91
3425,5,7063,2532,4531,0,0,0,1.0,1,1.0,1,1.0,1,0.13203062197837045,90
3426,3,7066,2533,4533,0,0,0,1.0,1,1.0,1,1.0,1,0.11638265136319483,92
3427,0,7066,2533,4533,0,0,0,1.0,1,1.0,1,1.0,1,0.1294941148304343,92
3428,0,7066,2533,4533,0,0,0,1.0,1,1.0,1,1.0,1,0.1351976052901429,91
3429,2,7068,2533,4535,0,0,0,1.0,1,1.0,1,1.0,1,0.12775448630487476,91
3430,3,7071,2535,4536,0,0,0,1.0,1,1.0,1,1.0,1,0.14303355736347023,91
3431,2,7073,2535,4538,0,0,0,1.0,1,1.0,1,1.0,1,0.12082231358109366,90
3432,3,7076,2537,4539,0,0,0,1.0,1,1.0,1,1.0,1,0.1209566377620548,91
3433,2,7078,2537,4541,0,0,0,1.0,1,1.0,1,1.0,1,0.11408979536536537,90
3434,0,7078,2537,4541,0,0,0,1.0,1,1.0,1,1.0,1,0.11642017672820473,89
3435,2,7080,2538,4542,0,0,0,1.0,1,1.0,1,1.0,1,0.11753664961433484,88
3436,0,7080,2538,4542,0,0,0,1.0,1,1.0,1,1.0,1,0.12564928090531202,86
3437,2,7082,2539,4543,0,0,0,1.0,1,1.0,1,1.0,1,0.11779928505003559,86
3438,3,7085,2539,4546,0,0,0,1.0,1,1.0,1,1.0,1,0.10209853652688133,87
3439,2,7087,2540,4547,0,0,0,1.0,1,1.0,1,1.0,1,0.11170461206648963,86
3440,0,7087,2540,4547,0,0,0,1.0,1,1.0,1,1.0,1,0.11343074159230111,86
3441,3,7090,2541,4549,0,0,0,1.0,1,1.0,1,1.0,1,0.11066474846196837,85
3442,0,7090,2541,4549,0,0,0,1.0,1,1.0,1,1.0,1,0.11079216435578908,85
3443,3,7093,2541,4552,0,0,0,1.0,1,1.0,1,1.0,1,0.09625208363061918,85
3444,2,7095,2543,4552,0,0,0,1.0,1,1.0,1,1.0,1,0.103360946622803,85
3445,4,7099,2544,4555,0,0,0,1.0,1,1.0,1,1.0,1,0.11760639154745192,84
3446,6,7105,2547,4558,0,0,0,1.0,1,1.0,1,1.0,1,0.16680200548640603,85
3447,2,7107,2547,4560,0,0,0,1.0,1,1.0,1,1.0,1,0.17267043915672683,85
3448,6,7113,2549,4564,0,0,0,1.0,1,1.0,1,1.0,1,0.185493776613865,85
3449,6,7119,2550,4569,0,0,0,1.0,1,1.0,1,1.0,1,0.17863936370283248,84
3450,1,7120,2550,4570,0,0,0,1.0,1,1.0,1,1.0,1,0.17564374135816427,84
3451,3,7123,2550,4573,0,0,0,1.0,1,1.0,1,1.0,1,0.1720116775392886,85
3452,1,7124,2550,4574,0,0,0,1.0,1,1.0,1,1.0,1,0.16427615457628553,86
3453,6,7130,2551,4579,0,0,0,1.0,1,1.0,1,1.0,1,0.13532436163849557,85
3454,1,7131,2551,4580,0,0,0,1.0,1,1.0,1,1.0,1,0.12353802695714497,88
3455,1,7132,2551,4581,0,0,0,1.0,1,1.0,1,1.0,1,0.12037666588619696,88
3456,4,7136,2552,4584,0,0,0,1.0,1,1.0,1,1.0,1,0.11032936145845995,88
3457,3,7139,2552,4587,0,0,0,1.0,1,1.0,1,1.0,1,0.10016223746132942,89
3458,0,7139,2552,4587,0,0,0,1.0,1,1.0,1,1.0,1,0.1071449723721138,88
3459,0,7139,2552,4587,0,0,0,1.0,1,1.0,1,1.0,1,0.1071449723721138,88
3460,0,7139,2552,4587,0,0,0,1.0,1,1.0,1,1.0,1,0.10067698197238602,89
3461,0,7139,2552,4587,0,0,0,1.0,1,1.0,1,1.0,1,0.10067698197238602,89
3462,2,7141,2552,4589,0,0,0,1.0,1,1.0,1,1.0,1,0.09822157772170897,90
3463,1,7142,2552,4590,0,0,0,1.0,1,1.0,1,1.0,1,0.09338627344867681,89
3464,1,7143,2553,4590,0,0,0,1.0,1,1.0,1,1.0,1,0.09676959503219083,88
3465,3,7146,2553,4593,0,0,0,1.0,1,1.0,1,1.0,1,0.09929756071644961,87
3466,3,7149,2554,4595,0,0,0,1.0,1,1.0,1,1.0,1,0.0876237070202362,87
3467,2,7151,2555,4596,0,0,0,1.0,1,1.0,1,1.0,1,0.094965004627741,87
3468,4,7155,2556,4599,0,0,0,1.0,1,1.0,1,1.0,1,0.11242654668219526,88
3469,2,7157,2557,4600,0,0,0,1.0,1,1.0,1,1.0,1,0.1257972913834339,85
3470,2,7159,2558,4601,0,0,0,1.0,1,1.0,1,1.0,1,0.12321977010497205,86
3471,1,7160,2559,4601,0,0,0,1.0,1,1.0,1,1.0,1,0.15771710703584996,84
3472,2,7162,2560,4602,0,0,0,1.0,1,1.0,1,1.0,1,0.14839439731805254,83
3473,4,7166,2560,4606,0,0,0,1.0,1,1.0,1,1.0,1,0.1434109489920563,81
3474,3,7169,2561,4608,0,0,0,1.0,1,1.0,1,1.0,1,0.12194203184592717,80
3475,2,7171,2562,4609,0,0,0,1.0,1,1.0,1,1.0,1,0.13084578798078883,82
3476,2,7173,2563,4610,0,0,0,1.0,1,1.0,1,1.0,1,0.1122567614049812,81
3477,3,7176,2564,4612,0,0,0,1.0,1,1.0,1,1.0,1,0.13100350465271943,83
3478,1,7177,2565,4612,0,0,0,1.0,1,1.0,1,1.0,1,0.14265039400107804,83
3479,1,7178,2565,4613,0,0,0,1.0,1,1.0,1,1.0,1,0.1382534241857771,83
3480,0,7178,2565,4613,0,0,0,1.0,1,1.0,1,1.0,1,0.1382534241857771,83
3481,11,7189,2569,4620,0,0,0,1.0,1,1.0,1,1.0,1,0.1164317271993052,83
3482,4,7193,2571,4622,0,0,0,1.0,1,1.0,1,1.0,1,0.15447428658700213,83
3483,7,7200,2574,4626,0,0,0,1.0,1,1.0,1,1.0,1,0.13282185232581648,82
3484,7,7207,2575,4632,0,0,0,1.0,1,1.0,1,1.0,1,0.14946076148527326,82
3485,5,7212,2576,4636,0,0,0,1.0,1,1.0,1,1.0,1,0.1423360261703056,83
3486,0,7212,2576,4636,0,0,0,1.0,1,1.0,1,1.0,1,0.1423360261703056,83
3487,0,7212,2576,4636,0,0,0,1.0,1,1.0,1,1.0,1,0.14639004178213666,84
3488,1,7213,2576,4637,0,0,0,1.0,1,1.0,1,1.0,1,0.14073766291258244,84
3489,3,7216,2576,4640,0,0,0,1.0,1,1.0,1,1.0,1,0.12112623585058936,84
3490,0,7216,2576,4640,0,0,0,1.0,1,1.0,1,1.0,1,0.12112623585058936,84
3491,0,7216,2576,4640,0,0,0,1.0,1,1.0,1,1.0,1,0.11721688672576754,86
3492,1,7217,2577,4640,0,0,0,1.0,1,1.0,1,1.0,1,0.10812097360649463,86
3493,2,7219,2577,4642,0,0,0,1.0,1,1.0,1,1.0,1,0.09152892198416204,86
3494,0,7219,2577,4642,0,0,0,1.0,1,1.0,1,1.0,1,0.09152892198416204,86
3495,0,7219,2577,4642,0,0,0,1.0,1,1.0,1,1.0,1,0.09332467415363041,87
3496,2,7221,2577,4644,0,0,0,1.0,1,1.0,1,1.0,1,0.08836949333249458,88
3497,4,7225,2578,4647,0,0,0,1.0,1,1.0,1,1.0,1,0.103437902139779,89
3498,3,7228,2578,4650,0,0,0,1.0,1,1.0,1,1.0,1,0.1009332176159017,89
3499,2,7230,2579,4651,0,0,0,1.0,1,1.0,1,1.0,1,0.09217728950554033,91
3500,1,7231,2579,4652,0,0,0,1.0,1,1.0,1,1.0,1,0.08940269085579601,90
3501,1,7232,2579,4653,0,0,0,1.0,1,1.0,1,1.0,1,0.08102485221402313,90
3502,1,7233,2579,4654,0,0,0,1.0,1,1.0,1,1.0,1,0.07630934962646263,91
3503,1,7234,2580,4654,0,0,0,1.0,1,1.0,1,1.0,1,0.08652648141138158,91
3504,1,7235,2581,4654,0,0,0,1.0,1,1.0,1,1.0,1,0.10572974035913615,89
3505,5,7240,2582,4658,0,0,0,1.0,1,1.0,1,1.0,1,0.1117307993728267,87
3506,4,7244,2585,4659,0,0,0,1.0,1,1.0,1,1.0,1,0.13321710912485543,87
3507,2,7246,2586,4660,0,0,0,1.0,1,1.0,1,1.0,1,0.09520674106240257,84
3508,4,7250,2588,4662,0,0,0,1.0,1,1.0,1,1.0,1,0.12786746188744663,83
3509,4,7254,2590,4664,0,0,0,1.0,1,1.0,1,1.0,1,0.11310207412596916,80
3510,0,7254,2590,4664,0,0,0,1.0,1,1.0,1,1.0,1,0.11800726778963447,78
3511,0,7254,2590,4664,0,0,0,1.0,1,1.0,1,1.0,1,0.12269267319056569,77
3512,0,7254,2590,4664,0,0,0,1.0,1,1.0,1,1.0,1,0.13761926807852792,74
3513,5,7259,2590,4669,0,0,0,1.0,1,1.0,1,1.0,1,0.11415044183090217,76
3514,2,7261,2591,4670,0,0,0,1.0,1,1.0,1,1.0,1,0.11481329714812555,76
3515,4,7265,2593,4672,0,0,0,1.0,1,1.0,1,1.0,1,0.13081934480652407,75
3516,2,7267,2594,4673,0,0,0,1.0,1,1.0,1,1.0,1,0.13440480973569888,73
3517,5,7272,2596,4676,0,0,0,1.0,1,1.0,1,1.0,1,0.14540689834907025,74
3518,1,7273,2596,4677,0,0,0,1.0,1,1.0,1,1.0,1,0.16013678799770337,74
3519,1,7274,2596,4678,0,0,0,1.0,1,1.0,1,1.0,1,0.1581570572067319,73
3520,2,7276,2596,4680,0,0,0,1.0,1,1.0,1,1.0,1,0.1274258792364337,74
3521,6,7282,2596,4686,0,0,0,1.0,1,1.0,1,1.0,1,0.10079976831272992,75
3522,0,7282,2596,4686,0,0,0,1.0,1,1.0,1,1.0,1,0.10079976831272992,75
3523,1,7283,2596,4687,0,0,0,1.0,1,1.0,1,1.0,1,0.09818087163162177,75
3524,2,7285,2597,4688,0,0,0,1.0,1,1.0,1,1.0,1,0.07963193718396584,75
3525,1,7286,2597,4689,0,0,0,1.0,1,1.0,1,1.0,1,0.0791753911589869,75
3526,0,7286,2597,4689,0,0,0,1.0,1,1.0,1,1.0,1,0.07972446735734812,76
3527,4,7290,2599,4691,0,0,0,1.0,1,1.0,1,1.0,1,0.13674285563721128,77
3528,5,7295,2599,4696,0,0,0,1.0,1,1.0,1,1.0,1,0.1314307573719335,77
3529,5,7300,2601,4699,0,0,0,1.0,1,1.0,1,1.0,1,0.13600109582510406,78
3530,3,7303,2601,4702,0,0,0,1.0,1,1.0,1,1.0,1,0.1334332079412368,78
3531,3,7306,2602,4704,0,0,0,1.0,1,1.0,1,1.0,1,0.15746220316059037,79
3532,4,7310,2603,4707,0,0,0,1.0,1,1.0,1,1.0,1,0.17475953496415844,79
3533,9,7319,2605,4714,0,0,0,1.0,1,1.0,1,1.0,1,0.16233902326261215,79
3534,5,7324,2607,4717,0,0,0,1.0,1,1.0,1,1.0,1,0.1557512751301045,80
3535,4,7328,2607,4721,0,0,0,1.0,1,1.0,1,1.0,1,0.14038355006099554,81
3536,0,7328,2607,4721,0,0,0,1.0,1,1.0,1,1.0,1,0.13524257020197544,82
3537,2,7330,2607,4723,0,0,0,1.0,1,1.0,1,1.0,1,0.12130072394370166,82
3538,1,7331,2607,4724,0,0,0,1.0,1,1.0,1,1.0,1,0.12551518885481275,83
3539,0,7331,2607,4724,0,0,0,1.0,1,1.0,1,1.0,1,0.12551518885481275,83
3540,1,7332,2608,4724,0,0,0,1.0,1,1.0,1,1.0,1,0.12605774629314526,85
3541,1,7333,2609,4724,0,0,0,1.0,1,1.0,1,1.0,1,0.12242719419635484,85
3542,4,7337,2609,4728,0,0,0,1.0,1,1.0,1,1.0,1,0.09952575534129648,88
3543,1,7338,2609,4729,0,0,0,1.0,1,1.0,1,1.0,1,0.09759348387317088,87
3544,2,7340,2610,4730,0,0,0,1.0,1,1.0,1,1.0,1,0.09199797578136498,87
3545,2,7342,2611,4731,0,0,0,1.0,1,1.0,1,1.0,1,0.08251024607452427,85
3546,0,7342,2611,4731,0,0,0,1.0,1,1.0,1,1.0,1,0.07720014106551631,83
3547,0,7342,2611,4731,0,0,0,1.0,1,1.0,1,1.0,1,0.08094818517047454,82
3548,1,7343,2612,4731,0,0,0,1.0,1,1.0,1,1.0,1,0.08632405279766764,82
3549,4,7347,2613,4734,0,0,0,1.0,1,1.0,1,1.0,1,0.059253810513402144,81
3550,3,7350,2615,4735,0,0,0,1.0,1,1.0,1,1.0,1,0.06793170115482983,79
3551,1,7351,2616,4735,0,0,0,1.0,1,1.0,1,1.0,1,0.07405407809575795,80
3552,1,7352,2616,4736,0,0,0,1.0,1,1.0,1,1.0,1,0.07948456035216943,78
3553,4,7356,2617,4739,0,0,0,1.0,1,1.0,1,1.0,1,0.07283702174624487,79
3554,0,7356,2617,4739,0,0,0,1.0,1,1.0,1,1.0,1,0.0912940521820114,77
3555,2,7358,2618,4740,0,0,0,1.0,1,1.0,1,1.0,1,0.09791051217303894,77
3556,1,7359,2619,4740,0,0,0,1.0,1,1.0,1,1.0,1,0.11688820787822887,76
3557,6,7365,2619,4746,0,0,0,1.0,1,1.0,1,1.0,1,0.08938349217438257,76
3558,1,7366,2620,4746,0,0,0,1.0,1,1.0,1,1.0,1,0.12029188358858993,76
3559,0,7366,2620,4746,0,0,0,1.0,1,1.0,1,1.0,1,0.12029188358858993,76
3560,3,7369,2621,4748,0,0,0,1.0,1,1.0,1,1.0,1,0.12042525095726563,78
3561,4,7373,2621,4752,0,0,0,1.0,1,1.0,1,1.0,1,0.09651383235597547,79
3562,3,7376,2623,4753,0,0,0,1.0,1,1.0,1,1.0,1,0.09894508220466826,79
3563,5,7381,2625,4756,0,0,0,1.0,1,1.0,1,1.0,1,0.07183304574912686,79
3564,5,7386,2628,4758,0,0,0,1.0,1,1.0,1,1.0,1,0.10095481385866206,80
3565,6,7392,2629,4763,0,0,0,1.0,1,1.0,1,1.0,1,0.10528646372319052,83
3566,2,7394,2630,4764,0,0,0,1.0,1,1.0,1,1.0,1,0.10682284445066342,84
3567,1,7395,2630,4765,0,0,0,1.0,1,1.0,1,1.0,1,0.09561173303797506,84
3568,2,7397,2631,4766,0,0,0,1.0,1,1.0,1,1.0,1,0.10577249662873156,84
3569,4,7401,2632,4769,0,0,0,1.0,1,1.0,1,1.0,1,0.08230707819328978,84
3570,6,7407,2635,4772,0,0,0,1.0,1,1.0,1,1.0,1,0.10589538154024998,87
3571,7,7414,2637,4777,0,0,0,1.0,1,1.0,1,1.0,1,0.16734566267987339,86
3572,14,7428,2638,4790,0,0,0,1.0,1,1.0,1,1.0,1,0.16115277750907797,87
3573,8,7436,2640,4796,0,0,0,1.0,1,1.0,1,1.0,1,0.12680921411597607,87
3574,3,7439,2642,4797,0,0,0,1.0,1,1.0,1,1.0,1,0.14908386310951088,88
3575,1,7440,2642,4798,0,0,0,1.0,1,1.0,1,1.0,1,0.14320320039496615,88
3576,4,7444,2643,4801,0,0,0,1.0,1,1.0,1,1.0,1,0.14438601931956296,90
3577,7,7451,2643,4808,0,0,0,1.0,1,1.0,1,1.0,1,0.10113413030954603,90
3578,4,7455,2644,4811,0,0,0,1.0,1,1.0,1,1.0,1,0.09388548454607656,91
3579,5,7460,2645,4815,0,0,0,1.0,1,1.0,1,1.0,1,0.09126183133273884,91
3580,2,7462,2645,4817,0,0,0,1.0,1,1.0,1,1.0,1,0.10598055405520615,91
3581,4,7466,2645,4821,0,0,0,1.0,1,1.0,1,1.0,1,0.08151426616054905,91
3582,2,7468,2646,4822,0,0,0,1.0,1,1.0,1,1.0,1,0.08931442694227565,92
3583,0,7468,2646,4822,0,0,0,1.0,1,1.0,1,1.0,1,0.09181711063093435,88
3584,2,7470,2647,4823,0,0,0,1.0,1,1.0,1,1.0,1,0.08751460500321334,87
3585,9,7479,2648,4831,0,0,0,1.0,1,1.0,1,1.0,1,0.08961396134484027,84
3586,4,7483,2648,4835,0,0,0,1.0,1,1.0,1,1.0,1,0.0751658091448906,83
3587,2,7485,2648,4837,0,0,0,1.0,1,1.0,1,1.0,1,0.07934285281005089,82
3588,7,7492,2649,4843,0,0,0,1.0,1,1.0,1,1.0,1,0.08615140042703877,81
3589,2,7494,2651,4843,0,0,0,1.0,1,1.0,1,1.0,1,0.08933517935710403,80
3590,1,7495,2651,4844,0,0,0,1.0,1,1.0,1,1.0,1,0.09254182390217351,78
3591,1,7496,2652,4844,0,0,0,1.0,1,1.0,1,1.0,1,0.11840570610736696,77
3592,1,7497,2653,4844,0,0,0,1.0,1,1.0,1,1.0,1,0.13653046227427854,75
3593,7,7504,2653,4851,0,0,0,1.0,1,1.0,1,1.0,1,0.08005661502967175,76
3594,2,7506,2654,4852,0,0,0,1.0,1,1.0,1,1.0,1,0.0835422466431648,74
3595,1,7507,2655,4852,0,0,0,1.0,1,1.0,1,1.0,1,0.09128079290534492,74
3596,3,7510,2656,4854,0,0,0,1.0,1,1.0,1,1.0,1,0.0979609304204134,73
3597,4,7514,2657,4857,0,0,0,1.0,1,1.0,1,1.0,1,0.08398494945106377,73
3598,3,7517,2659,4858,0,0,0,1.0,1,1.0,1,1.0,1,0.09883429761108849,73
3599,1,7518,2660,4858,0,0,0,1.0,1,1.0,1,1.0,1,0.10135257255522871,73
3600,0,7518,2660,4858,0,0,0,1.0,1,1.0,1,1.0,1,0.10519396376802898,74
3601,6,7524,2663,4861,0,0,0,1.0,1,1.0,1,1.0,1,0.10893313989530026,75
3602,2,7526,2663,4863,0,0,0,1.0,1,1.0,1,1.0,1,0.0751239688729549,76
3603,5,7531,2665,4866,0,0,0,1.0,1,1.0,1,1.0,1,0.1116575467439864,77
3604,4,7535,2666,4869,0,0,0,1.0,1,1.0,1,1.0,1,0.1095604778390438,78
3605,7,7542,2669,4873,0,0,0,1.0,1,1.0,1,1.0,1,0.09325372107680212,77
3606,1,7543,2669,4874,0,0,0,1.0,1,1.0,1,1.0,1,0.07910803251663248,79
3607,2,7545,2670,4875,0,0,0,1.0,1,1.0,1,1.0,1,0.08696515780245599,79
3608,3,7548,2670,4878,0,0,0,1.0,1,1.0,1,1.0,1,0.08891597571246103,79
3609,3,7551,2670,4881,0,0,0,1.0,1,1.0,1,1.0,1,0.04825326252122207,79
3610,3,7554,2672,4882,0,0,0,1.0,1,1.0,1,1.0,1,0.06325422969537604,80
3611,2,7556,2673,4883,0,0,0,1.0,1,1.0,1,1.0,1,0.0472530161200462,80
3612,6,7562,2675,4887,0,0,0,1.0,1,1.0,1,1.0,1,0.09995766144971976,79
3613,8,7570,2677,4893,0,0,0,1.0,1,1.0,1,1.0,1,0.07043220769985561,79
3614,1,7571,2678,4893,0,0,0,1.0,1,1.0,1,1.0,1,0.07604138201079533,78
3615,1,7572,2678,4894,0,0,0,1.0,1,1.0,1,1.0,1,0.06485823582111867,79
3616,1,7573,2679,4894,0,0,0,1.0,1,1.0,1,1.0,1,0.07613815745937826,79
3617,2,7575,2680,4895,0,0,0,1.0,1,1.0,1,1.0,1,0.06798677952091109,80
3618,1,7576,2680,4896,0,0,0,1.0,1,1.0,1,1.0,1,0.08771694868619523,82
3619,0,7576,2680,4896,0,0,0,1.0,1,1.0,1,1.0,1,0.10887642568978595,82
3620,1,7577,2681,4896,0,0,0,1.0,1,1.0,1,1.0,1,0.12191797201289391,81
3621,7,7584,2681,4903,0,0,0,1.0,1,1.0,1,1.0,1,0.0969382883378188,83
3622,2,7586,2682,4904,0,0,0,1.0,1,1.0,1,1.0,1,0.0825450877849711,81
3623,2,7588,2684,4904,0,0,0,1.0,1,1.0,1,1.0,1,0.09571454847144203,81
3624,1,7589,2685,4904,0,0,0,1.0,1,1.0,1,1.0,1,0.10947549704045952,79
3625,4,7593,2686,4907,0,0,0,1.0,1,1.0,1,1.0,1,0.10709541026535116,80
3626,1,7594,2686,4908,0,0,0,1.0,1,1.0,1,1.0,1,0.0886321975553617,78
3627,2,7596,2687,4909,0,0,0,1.0,1,1.0,1,1.0,1,0.09742874304735426,78
3628,2,7598,2688,4910,0,0,0,1.0,1,1.0,1,1.0,1,0.09278483911975437,77
3629,4,7602,2688,4914,0,0,0,1.0,1,1.0,1,1.0,1,0.0475681176958144,76
3630,2,7604,2689,4915,0,0,0,1.0,1,1.0,1,1.0,1,0.055105265741490585,77
3631,2,7606,2690,4916,0,0,0,1.0,1,1.0,1,1.0,1,0.06293866139792244,75
3632,2,7608,2692,4916,0,0,0,1.0,1,1.0,1,1.0,1,0.11401672081095168,74
3633,6,7614,2694,4920,0,0,0,1.0,1,1.0,1,1.0,1,0.09154953437363292,75
3634,1,7615,2695,4920,0,0,0,1.0,1,1.0,1,1.0,1,0.1042969544652191,74
3635,0,7615,2695,4920,0,0,0,1.0,1,1.0,1,1.0,1,0.1042969544652191,74
3636,2,7617,2696,4921,0,0,0,1.0,1,1.0,1,1.0,1,0.1124646500476153,74
3637,4,7621,2696,4925,0,0,0,1.0,1,1.0,1,1.0,1,0.1032221335415312,74
3638,2,7623,2696,4927,0,0,0,1.0,1,1.0,1,1.0,1,0.10088601382456218,75
3639,4,7627,2699,4928,0,0,0,1.0,1,1.0,1,1.0,1,0.08599209450859809,76
3640,1,7628,2699,4929,0,0,0,1.0,1,1.0,1,1.0,1,0.08010040238227151,76
3641,3,7631,2700,4931,0,0,0,1.0,1,1.0,1,1.0,1,0.091383949162157,75
3642,4,7635,2702,4933,0,0,0,1.0,1,1.0,1,1.0,1,0.09397007233497834,75
3643,1,7636,2702,4934,0,0,0,1.0,1,1.0,1,1.0,1,0.0754108088570362,74
3644,0,7636,2702,4934,0,0,0,1.0,1,1.0,1,1.0,1,0.0754108088570362,74
3645,1,7637,2702,4935,0,0,0,1.0,1,1.0,1,1.0,1,0.0642434563369824,74
3646,1,7638,2702,4936,0,0,0,1.0,1,1.0,1,1.0,1,0.053021027568090746,75
3647,0,7638,2702,4936,0,0,0,1.0,1,1.0,1,1.0,1,0.05776014401436958,77
3648,0,7638,2702,4936,0,0,0,1.0,1,1.0,1,1.0,1,0.0836615662298755,78
3649,1,7639,2702,4937,0,0,0,1.0,1,1.0,1,1.0,1,0.08672272630767495,80
3650,2,7641,2702,4939,0,0,0,1.0,1,1.0,1,1.0,1,0.07987194087437069,81
3651,0,7641,2702,4939,0,0,0,1.0,1,1.0,1,1.0,1,0.07987194087437069,81
3652,5,7646,2703,4943,0,0,0,1.0,1,1.0,1,1.0,1,0.08882653646727934,83
3653,1,7647,2703,4944,0,0,0,1.0,1,1.0,1,1.0,1,0.08608557626179153,83
3654,0,7647,2703,4944,0,0,0,1.0,1,1.0,1,1.0,1,0.08608557626179153,83
3655,0,7647,2703,4944,0,0,0,1.0,1,1.0,1,1.0,1,0.07763202782461547,84
3656,2,7649,2704,4945,0,0,0,1.0,1,1.0,1,1.0,1,0.08317482008718768,85
3657,4,7653,2705,4948,0,0,0,1.0,1,1.0,1,1.0,1,0.07836278043060062,86
3658,1,7654,2706,4948,0,0,0,1.0,1,1.0,1,1.0,1,0.0899529685033579,87
3659,2,7656,2706,4950,0,0,0,1.0,1,1.0,1,1.0,1,0.08233067998815839,87
3660,0,7656,2706,4950,0,0,0,1.0,1,1.0,1,1.0,1,0.08859709390967054,86
3661,5,7661,2708,4953,0,0,0,1.0,1,1.0,1,1.0,1,0.10134050608247021,86
3662,3,7664,2709,4955,0,0,0,1.0,1,1.0,1,1.0,1,0.0977634349287986,83
3663,5,7669,2713,4956,0,0,0,1.0,1,1.0,1,1.0,1,0.13424491463208144,85
3664,1,7670,2714,4956,0,0,0,1.0,1,1.0,1,1.0,1,0.13763847570051038,82
3665,8,7678,2714,4964,0,0,0,1.0,1,1.0,1,1.0,1,0.09274841422393768,81
3666,1,7679,2715,4964,0,0,0,1.0,1,1.0,1,1.0,1,0.10775182758025274,79
3667,0,7679,2715,4964,0,0,0,1.0,1,1.0,1,1.0,1,0.12034407071557168,79
3668,1,7680,2716,4964,0,0,0,1.0,1,1.0,1,1.0,1,0.1074670006364777,77
3669,1,7681,2716,4965,0,0,0,1.0,1,1.0,1,1.0,1,0.10865737281773583,75
3670,3,7684,2717,4967,0,0,0,1.0,1,1.0,1,1.0,1,0.11603433173517606,76
3671,3,7687,2718,4969,0,0,0,1.0,1,1.0,1,1.0,1,0.10771949418399711,74
3672,1,7688,2719,4969,0,0,0,1.0,1,1.0,1,1.0,1,0.11682579775325239,75
3673,5,7693,2720,4973,0,0,0,1.0,1,1.0,1,1.0,1,0.09916096226807354,75
3674,2,7695,2722,4973,0,0,0,1.0,1,1.0,1,1.0,1,0.10843444322997664,75
3675,1,7696,2722,4974,0,0,0,1.0,1,1.0,1,1.0,1,0.10164138465535039,75
3676,3,7699,2723,4976,0,0,0,1.0,1,1.0,1,1.0,1,0.11476450457358667,75
3677,2,7701,2723,4978,0,0,0,1.0,1,1.0,1,1.0,1,0.11042233485295261,75
3678,1,7702,2723,4979,0,0,0,1.0,1,1.0,1,1.0,1,0.11110594109637051,77
3679,2,7704,2724,4980,0,0,0,1.0,1,1.0,1,1.0,1,0.13112402952057675,78
3680,3,7707,2724,4983,0,0,0,1.0,1,1.0,1,1.0,1,0.10674734365149666,80
3681,1,7708,2724,4984,0,0,0,1.0,1,1.0,1,1.0,1,0.10698176290073473,81
3682,0,7708,2724,4984,0,0,0,1.0,1,1.0,1,1.0,1,0.10698176290073473,81
3683,1,7709,2725,4984,0,0,0,1.0,1,1.0,1,1.0,1,0.12283870830751073,81
3684,0,7709,2725,4984,0,0,0,1.0,1,1.0,1,1.0,1,0.12283870830751073,81
3685,0,7709,2725,4984,0,0,0,1.0,1,1.0,1,1.0,1,0.12283870830751073,81
3686,0,7709,2725,4984,0,0,0,1.0,1,1.0,1,1.0,1,0.12283870830751073,81
3687,1,7710,2725,4985,0,0,0,1.0,1,1.0,1,1.0,1,0.10998429859353077,82
3688,1,7711,2725,4986,0,0,0,1.0,1,1.0,1,1.0,1,0.1203090505995054,84
3689,0,7711,2725,4986,0,0,0,1.0,1,1.0,1,1.0,1,0.1203090505995054,84
3690,4,7715,2727,4988,0,0,0,1.0,1,1.0,1,1.0,1,0.12106237227847146,85
3691,0,7715,2727,4988,0,0,0,1.0,1,1.0,1,1.0,1,0.11679950355097772,86
3692,0,7715,2727,4988,0,0,0,1.0,1,1.0,1,1.0,1,0.10755846359771719,86
3693,1,7716,2727,4989,0,0,0,1.0,1,1.0,1,1.0,1,0.10551108790217173,86
3694,0,7716,2727,4989,0,0,0,1.0,1,1.0,1,1.0,1,0.10551108790217173,86
3695,2,7718,2729,4989,0,0,0,1.0,1,1.0,1,1.0,1,0.1447225305404734,86
3696,0,7718,2729,4989,0,0,0,1.0,1,1.0,1,1.0,1,0.13012426840760238,87
3697,2,7720,2731,4989,0,0,0,1.0,1,1.0,1,1.0,1,0.12965596615500735,85
3698,0,7720,2731,4989,0,0,0,1.0,1,1.0,1,1.0,1,0.13213907186576104,85
3699,1,7721,2732,4989,0,0,0,1.0,1,1.0,1,1.0,1,0.11475868546738976,85
3700,2,7723,2734,4989,0,0,0,1.0,1,1.0,1,1.0,1,0.1259223563120109,84
3701,4,7727,2735,4992,0,0,0,1.0,1,1.0,1,1.0,1,0.14026076596386425,85
3702,4,7731,2737,4994,0,0,0,1.0,1,1.0,1,1.0,1,0.15121432001678545,85
3703,3,7734,2737,4997,0,0,0,1.0,1,1.0,1,1.0,1,0.1459610514962975,85
3704,5,7739,2738,5001,0,0,0,1.0,1,1.0,1,1.0,1,0.16444288231154056,85
3705,5,7744,2738,5006,0,0,0,1.0,1,1.0,1,1.0,1,0.1316775501774574,86
3706,2,7746,2739,5007,0,0,0,1.0,1,1.0,1,1.0,1,0.13984510124520044,86
3707,2,7748,2741,5007,0,0,0,1.0,1,1.0,1,1.0,1,0.15484640852733692,85
3708,1,7749,2741,5008,0,0,0,1.0,1,1.0,1,1.0,1,0.1515193854624241,84
3709,3,7752,2741,5011,0,0,0,1.0,1,1.0,1,1.0,1,0.14172410897084456,85
3710,0,7752,2741,5011,0,0,0,1.0,1,1.0,1,1.0,1,0.14437000035125844,84
3711,0,7752,2741,5011,0,0,0,1.0,1,1.0,1,1.0,1,0.1414979773583552,85
3712,2,7754,2742,5012,0,0,0,1.0,1,1.0,1,1.0,1,0.1339331827672588,85
3713,2,7756,2742,5014,0,0,0,1.0,1,1.0,1,1.0,1,0.11858043040490983,85
3714,4,7760,2743,5017,0,0,0,1.0,1,1.0,1,1.0,1,0.11687652181833627,85
3715,1,7761,2743,5018,0,0,0,1.0,1,1.0,1,1.0,1,0.11521529453738538,85
3716,1,7762,2743,5019,0,0,0,1.0,1,1.0,1,1.0,1,0.11898402465922361,84
3717,2,7764,2743,5021,0,0,0,1.0,1,1.0,1,1.0,1,0.11965332059270253,86
3718,0,7764,2743,5021,0,0,0,1.0,1,1.0,1,1.0,1,0.13024027495267562,85
3719,4,7768,2745,5023,0,0,0,1.0,1,1.0,1,1.0,1,0.13021924101105267,84
3720,1,7769,2745,5024,0,0,0,1.0,1,1.0,1,1.0,1,0.14443747347389702,84
3721,5,7774,2748,5026,0,0,0,1.0,1,1.0,1,1.0,1,0.1436098305272787,85
3722,1,7775,2748,5027,0,0,0,1.0,1,1.0,1,1.0,1,0.1383054522467491,85
3723,3,7778,2749,5029,0,0,0,1.0,1,1.0,1,1.0,1,0.14749438300452009,85
3724,2,7780,2749,5031,0,0,0,1.0,1,1.0,1,1.0,1,0.13320684138183125,86
3725,5,7785,2750,5035,0,0,0,1.0,1,1.0,1,1.0,1,0.1290198892805203,86
3726,3,7788,2750,5038,0,0,0,1.0,1,1.0,1,1.0,1,0.12216067042190257,86
3727,1,7789,2750,5039,0,0,0,1.0,1,1.0,1,1.0,1,0.1201718129271932,86
3728,3,7792,2751,5041,0,0,0,1.0,1,1.0,1,1.0,1,0.1350806828555955,86
3729,3,7795,2752,5043,0,0,0,1.0,1,1.0,1,1.0,1,0.13400982623266863,86
3730,1,7796,2752,5044,0,0,0,1.0,1,1.0,1,1.0,1,0.14590592508480307,85
3731,1,7797,2752,5045,0,0,0,1.0,1,1.0,1,1.0,1,0.15142610225311087,86
3732,1,7798,2752,5046,0,0,0,1.0,1,1.0,1,1.0,1,0.14443426095436532,87
3733,2,7800,2753,5047,0,0,0,1.0,1,1.0,1,1.0,1,0.1572799973504133,87
3734,1,7801,2753,5048,0,0,0,1.0,1,1.0,1,1.0,1,0.15404495180097058,87
3735,3,7804,2754,5050,0,0,0,1.0,1,1.0,1,1.0,1,0.15966746694039335,86
3736,1,7805,2754,5051,0,0,0,1.0,1,1.0,1,1.0,1,0.1362458973838659,87
3737,4,7809,2755,5054,0,0,0,1.0,1,1.0,1,1.0,1,0.1306053921298191,87
3738,1,7810,2756,5054,0,0,0,1.0,1,1.0,1,1.0,1,0.1364910062963254,87
3739,1,7811,2756,5055,0,0,0,1.0,1,1.0,1,1.0,1,0.1285503120021842,88
3740,2,7813,2757,5056,0,0,0,1.0,1,1.0,1,1.0,1,0.15590613743760673,87
3741,6,7819,2757,5062,0,0,0,1.0,1,1.0,1,1.0,1,0.10668563927601839,87
3742,3,7822,2758,5064,0,0,0,1.0,1,1.0,1,1.0,1,0.10137343817802649,86
3743,0,7822,2758,5064,0,0,0,1.0,1,1.0,1,1.0,1,0.11697929939896431,84
3744,3,7825,2759,5066,0,0,0,1.0,1,1.0,1,1.0,1,0.1439120131168592,83
3745,4,7829,2759,5070,0,0,0,1.0,1,1.0,1,1.0,1,0.11201567763248516,83
3746,1,7830,2760,5070,0,0,0,1.0,1,1.0,1,1.0,1,0.13622745440194844,83
3747,3,7833,2761,5072,0,0,0,1.0,1,1.0,1,1.0,1,0.13428394008261985,81
3748,0,7833,2761,5072,0,0,0,1.0,1,1.0,1,1.0,1,0.13878080962626876,81
3749,2,7835,2761,5074,0,0,0,1.0,1,1.0,1,1.0,1,0.12157257492243446,80
3750,1,7836,2761,5075,0,0,0,1.0,1,1.0,1,1.0,1,0.12041186083678462,79
3751,2,7838,2763,5075,0,0,0,1.0,1,1.0,1,1.0,1,0.14979396270158665,80
3752,0,7838,2763,5075,0,0,0,1.0,1,1.0,1,1.0,1,0.15348989799010354,80
3753,5,7843,2766,5077,0,0,0,1.0,1,1.0,1,1.0,1,0.14811815113672558,81
3754,2,7845,2767,5078,0,0,0,1.0,1,1.0,1,1.0,1,0.15889779717049224,81
3755,4,7849,2769,5080,0,0,0,1.0,1,1.0,1,1.0,1,0.18051529889284265,80
3756,2,7851,2770,5081,0,0,0,1.0,1,1.0,1,1.0,1,0.20052704794093362,79
3757,4,7855,2770,5085,0,0,0,1.0,1,1.0,1,1.0,1,0.19112121692403844,80
3758,2,7857,2770,5087,0,0,0,1.0,1,1.0,1,1.0,1,0.1847701385441288,79
3759,1,7858,2770,5088,0,0,0,1.0,1,1.0,1,1.0,1,0.18013360801037237,79
3760,2,7860,2771,5089,0,0,0,1.0,1,1.0,1,1.0,1,0.18049953089441528,79
3761,0,7860,2771,5089,0,0,0,1.0,1,1.0,1,1.0,1,0.19622217370130166,78
3762,2,7862,2771,5091,0,0,0,1.0,1,1.0,1,1.0,1,0.18369234365382353,80
3763,0,7862,2771,5091,0,0,0,1.0,1,1.0,1,1.0,1,0.18369234365382353,80
3764,2,7864,2773,5091,0,0,0,1.0,1,1.0,1,1.0,1,0.20493110868713682,80
3765,7,7871,2774,5097,0,0,0,1.0,1,1.0,1,1.0,1,0.18037620973189317,81
3766,4,7875,2775,5100,0,0,0,1.0,1,1.0,1,1.0,1,0.1759139375120019,83
3767,1,7876,2776,5100,0,0,0,1.0,1,1.0,1,1.0,1,0.16990488779852245,83
3768,2,7878,2777,5101,0,0,0,1.0,1,1.0,1,1.0,1,0.16916413368587,84
3769,5,7883,2777,5106,0,0,0,1.0,1,1.0,1,1.0,1,0.11354127040398286,86
3770,1,7884,2777,5107,0,0,0,1.0,1,1.0,1,1.0,1,0.11071333161031875,87
3771,0,7884,2777,5107,0,0,0,1.0,1,1.0,1,1.0,1,0.11071333161031875,87
3772,0,7884,2777,5107,0,0,0,1.0,1,1.0,1,1.0,1,0.12874853152346505,88
3773,2,7886,2777,5109,0,0,0,1.0,1,1.0,1,1.0,1,0.12923661997912542,85
3774,2,7888,2777,5111,0,0,0,1.0,1,1.0,1,1.0,1,0.12349539062611327,85
3775,3,7891,2778,5113,0,0,0,1.0,1,1.0,1,1.0,1,0.15913842532868272,83
3776,2,7893,2779,5114,0,0,0,1.0,1,1.0,1,1.0,1,0.17514240577089868,82
3777,4,7897,2779,5118,0,0,0,1.0,1,1.0,1,1.0,1,0.1476714082217578,81
3778,0,7897,2779,5118,0,0,0,1.0,1,1.0,1,1.0,1,0.1417143250093923,81
3779,3,7900,2781,5119,0,0,0,1.0,1,1.0,1,1.0,1,0.1708993238788152,80
3780,4,7904,2781,5123,0,0,0,1.0,1,1.0,1,1.0,1,0.15599687541712062,80
3781,2,7906,2781,5125,0,0,0,1.0,1,1.0,1,1.0,1,0.152020048728191,80
3782,1,7907,2782,5125,0,0,0,1.0,1,1.0,1,1.0,1,0.15917435883981254,80
3783,1,7908,2783,5125,0,0,0,1.0,1,1.0,1,1.0,1,0.17584994945361676,80
3784,0,7908,2783,5125,0,0,0,1.0,1,1.0,1,1.0,1,0.18123179188647726,79
3785,4,7912,2783,5129,0,0,0,1.0,1,1.0,1,1.0,1,0.16993534793705523,77
3786,0,7912,2783,5129,0,0,0,1.0,1,1.0,1,1.0,1,0.1631626504441031,78
3787,1,7913,2783,5130,0,0,0,1.0,1,1.0,1,1.0,1,0.1619627225265105,77
3788,5,7918,2784,5134,0,0,0,1.0,1,1.0,1,1.0,1,0.1663198239374279,78
3789,7,7925,2786,5139,0,0,0,1.0,1,1.0,1,1.0,1,0.15242604469094675,77
3790,2,7927,2787,5140,0,0,0,1.0,1,1.0,1,1.0,1,0.15955849483735426,77
3791,1,7928,2788,5140,0,0,0,1.0,1,1.0,1,1.0,1,0.16619872952851317,77
3792,0,7928,2788,5140,0,0,0,1.0,1,1.0,1,1.0,1,0.15165654110032656,78
3793,2,7930,2788,5142,0,0,0,1.0,1,1.0,1,1.0,1,0.13298537696417725,80
3794,3,7933,2788,5145,0,0,0,1.0,1,1.0,1,1.0,1,0.1079685579321536,82
3795,1,7934,2788,5146,0,0,0,1.0,1,1.0,1,1.0,1,0.10371918523769344,83
3796,1,7935,2789,5146,0,0,0,1.0,1,1.0,1,1.0,1,0.0937887058621956,83
3797,2,7937,2789,5148,0,0,0,1.0,1,1.0,1,1.0,1,0.09754380135113463,82
3798,1,7938,2790,5148,0,0,0,1.0,1,1.0,1,1.0,1,0.09859701496778145,82
3799,0,7938,2790,5148,0,0,0,1.0,1,1.0,1,1.0,1,0.10865503947330477,83
3800,3,7941,2790,5151,0,0,0,1.0,1,1.0,1,1.0,1,0.12168056272045251,83
3801,4,7945,2791,5154,0,0,0,1.0,1,1.0,1,1.0,1,0.10585215367304433,83
3802,0,7945,2791,5154,0,0,0,1.0,1,1.0,1,1.0,1,0.12122767982316876,82
3803,2,7947,2791,5156,0,0,0,1.0,1,1.0,1,1.0,1,0.11453164683952521,84
3804,1,7948,2791,5157,0,0,0,1.0,1,1.0,1,1.0,1,0.10283915415378325,84
3805,3,7951,2792,5159,0,0,0,1.0,1,1.0,1,1.0,1,0.1259241698094952,86
3806,0,7951,2792,5159,0,0,0,1.0,1,1.0,1,1.0,1,0.1259241698094952,86
3807,4,7955,2793,5162,0,0,0,1.0,1,1.0,1,1.0,1,0.15097480352319032,86
3808,4,7959,2793,5166,0,0,0,1.0,1,1.0,1,1.0,1,0.12810212111535454,85
3809,6,7965,2794,5171,0,0,0,1.0,1,1.0,1,1.0,1,0.11788126869816662,85
3810,0,7965,2794,5171,0,0,0,1.0,1,1.0,1,1.0,1,0.11788126869816662,85
3811,1,7966,2795,5171,0,0,0,1.0,1,1.0,1,1.0,1,0.1270973327000813,84
3812,0,7966,2795,5171,0,0,0,1.0,1,1.0,1,1.0,1,0.1315070002450563,83
3813,3,7969,2795,5174,0,0,0,1.0,1,1.0,1,1.0,1,0.1066079412897599,82
3814,1,7970,2796,5174,0,0,0,1.0,1,1.0,1,1.0,1,0.11911683065553322,81
3815,3,7973,2796,5177,0,0,0,1.0,1,1.0,1,1.0,1,0.10623408964831846,82
3816,1,7974,2796,5178,0,0,0,1.0,1,1.0,1,1.0,1,0.09249322643111442,81
3817,3,7977,2797,5180,0,0,0,1.0,1,1.0,1,1.0,1,0.08596763525672675,81
3818,2,7979,2799,5180,0,0,0,1.0,1,1.0,1,1.0,1,0.1292602566142946,81
3819,4,7983,2801,5182,0,0,0,1.0,1,1.0,1,1.0,1,0.1564069897166762,82
3820,6,7989,2801,5188,0,0,0,1.0,1,1.0,1,1.0,1,0.14947742587214818,84
3821,3,7992,2801,5191,0,0,0,1.0,1,1.0,1,1.0,1,0.13668113878517055,84
3822,1,7993,2801,5192,0,0,0,1.0,1,1.0,1,1.0,1,0.1138795684058621,82
3823,1,7994,2802,5192,0,0,0,1.0,1,1.0,1,1.0,1,0.11458817989347318,81
3824,0,7994,2802,5192,0,0,0,1.0,1,1.0,1,1.0,1,0.13955616290100992,78
3825,5,7999,2802,5197,0,0,0,1.0,1,1.0,1,1.0,1,0.12615285092407683,76
3826,1,8000,2803,5197,0,0,0,1.0,1,1.0,1,1.0,1,0.15438654019134834,76
3827,1,8001,2804,5197,0,0,0,1.0,1,1.0,1,1.0,1,0.17829074195506897,75
3828,1,8002,2805,5197,0,0,0,1.0,1,1.0,1,1.0,1,0.1817502632214671,74
3829,6,8008,2805,5203,0,0,0,1.0,1,1.0,1,1.0,1,0.15100099117839094,74
3830,1,8009,2805,5204,0,0,0,1.0,1,1.0,1,1.0,1,0.1473936142522128,74
3831,3,8012,2807,5205,0,0,0,1.0,1,1.0,1,1.0,1,0.16410762010674046,74
3832,3,8015,2808,5207,0,0,0,1.0,1,1.0,1,1.0,1,0.1590953495400743,73
3833,6,8021,2811,5210,0,0,0,1.0,1,1.0,1,1.0,1,0.17243256802054274,73
3834,4,8025,2811,5214,0,0,0,1.0,1,1.0,1,1.0,1,0.16344566866401675,74
3835,4,8029,2812,5217,0,0,0,1.0,1,1.0,1,1.0,1,0.17559723699265972,75
3836,4,8033,2812,5221,0,0,0,1.0,1,1.0,1,1.0,1,0.16762533103925117,75
3837,9,8042,2813,5229,0,0,0,1.0,1,1.0,1,1.0,1,0.13631589542825884,78
3838,2,8044,2814,5230,0,0,0,1.0,1,1.0,1,1.0,1,0.13310306946192285,78
3839,4,8048,2814,5234,0,0,0,1.0,1,1.0,1,1.0,1,0.09938329013168051,79
3840,4,8052,2815,5237,0,0,0,1.0,1,1.0,1,1.0,1,0.11291763854590106,82
3841,2,8054,2815,5239,0,0,0,1.0,1,1.0,1,1.0,1,0.09322858709242138,82
3842,0,8054,2815,5239,0,0,0,1.0,1,1.0,1,1.0,1,0.09164098938650686,82
3843,1,8055,2815,5240,0,0,0,1.0,1,1.0,1,1.0,1,0.08487285998440103,82
3844,0,8055,2815,5240,0,0,0,1.0,1,1.0,1,1.0,1,0.09360460811463552,83
3845,1,8056,2815,5241,0,0,0,1.0,1,1.0,1,1.0,1,0.09187392126318385,84
3846,2,8058,2815,5243,0,0,0,1.0,1,1.0,1,1.0,1,0.08149724373617476,85
3847,0,8058,2815,5243,0,0,0,1.0,1,1.0,1,1.0,1,0.09235293308433722,84
3848,1,8059,2816,5243,0,0,0,1.0,1,1.0,1,1.0,1,0.10467046818453961,84
3849,4,8063,2816,5247,0,0,0,1.0,1,1.0,1,1.0,1,0.0950147570812343,83
3850,0,8063,2816,5247,0,0,0,1.0,1,1.0,1,1.0,1,0.12133956522964934,80
3851,0,8063,2816,5247,0,0,0,1.0,1,1.0,1,1.0,1,0.12133956522964934,80
3852,1,8064,2817,5247,0,0,0,1.0,1,1.0,1,1.0,1,0.1460335910451891,79
3853,6,8070,2817,5253,0,0,0,1.0,1,1.0,1,1.0,1,0.09870957318618896,79
3854,3,8073,2819,5254,0,0,0,1.0,1,1.0,1,1.0,1,0.12229201747201815,78
3855,1,8074,2820,5254,0,0,0,1.0,1,1.0,1,1.0,1,0.14679705926687775,78
3856,2,8076,2821,5255,0,0,0,1.0,1,1.0,1,1.0,1,0.16701841754846092,80
3857,6,8082,2822,5260,0,0,0,1.0,1,1.0,1,1.0,1,0.13154438191779547,81
3858,2,8084,2823,5261,0,0,0,1.0,1,1.0,1,1.0,1,0.13705431928576728,81
3859,0,8084,2823,5261,0,0,0,1.0,1,1.0,1,1.0,1,0.1428101182944218,83
3860,2,8086,2824,5262,0,0,0,1.0,1,1.0,1,1.0,1,0.14609193585863786,82
3861,5,8091,2824,5267,0,0,0,1.0,1,1.0,1,1.0,1,0.13153044382028845,84
3862,2,8093,2825,5268,0,0,0,1.0,1,1.0,1,1.0,1,0.13839678012012402,85
3863,3,8096,2825,5271,0,0,0,1.0,1,1.0,1,1.0,1,0.1354984486564432,84
3864,2,8098,2826,5272,0,0,0,1.0,1,1.0,1,1.0,1,0.12716661563237538,83
3865,3,8101,2827,5274,0,0,0,1.0,1,1.0,1,1.0,1,0.11471697772629212,82
3866,1,8102,2828,5274,0,0,0,1.0,1,1.0,1,1.0,1,0.1116718624823834,81
3867,4,8106,2831,5275,0,0,0,1.0,1,1.0,1,1.0,1,0.11695714811869785,81
3868,3,8109,2832,5277,0,0,0,1.0,1,1.0,1,1.0,1,0.13525351190851284,81
3869,6,8115,2832,5283,0,0,0,1.0,1,1.0,1,1.0,1,0.09601171251561628,81
3870,0,8115,2832,5283,0,0,0,1.0,1,1.0,1,1.0,1,0.09104268085980657,80
3871,0,8115,2832,5283,0,0,0,1.0,1,1.0,1,1.0,1,0.08829590372669388,82
3872,4,8119,2833,5286,0,0,0,1.0,1,1.0,1,1.0,1,0.07618536603224796,81
3873,0,8119,2833,5286,0,0,0,1.0,1,1.0,1,1.0,1,0.07618536603224796,81
3874,1,8120,2833,5287,0,0,0,1.0,1,1.0,1,1.0,1,0.07005949818061097,78
3875,1,8121,2833,5288,0,0,0,1.0,1,1.0,1,1.0,1,0.06884119563322208,77
3876,2,8123,2835,5288,0,0,0,1.0,1,1.0,1,1.0,1,0.0708059458018571,78
3877,2,8125,2835,5290,0,0,0,1.0,1,1.0,1,1.0,1,0.07636673102550792,75
3878,0,8125,2835,5290,0,0,0,1.0,1,1.0,1,1.0,1,0.07636673102550792,75
3879,0,8125,2835,5290,0,0,0,1.0,1,1.0,1,1.0,1,0.10228113959445519,73
3880,0,8125,2835,5290,0,0,0,1.0,1,1.0,1,1.0,1,0.08872540617993496,74
3881,3,8128,2835,5293,0,0,0,1.0,1,1.0,1,1.0,1,0.06656907955499211,75
3882,1,8129,2835,5294,0,0,0,1.0,1,1.0,1,1.0,1,0.06913478722395368,76
3883,0,8129,2835,5294,0,0,0,1.0,1,1.0,1,1.0,1,0.07106372641893156,77
3884,1,8130,2836,5294,0,0,0,1.0,1,1.0,1,1.0,1,0.09824983535363786,78
3885,4,8134,2836,5298,0,0,0,1.0,1,1.0,1,1.0,1,0.04773910269237282,78
3886,3,8137,2838,5299,0,0,0,1.0,1,1.0,1,1.0,1,0.08312644604654924,79
3887,10,8147,2840,5307,0,0,0,1.0,1,1.0,1,1.0,1,0.08552703717443592,78
3888,4,8151,2840,5311,0,0,0,1.0,1,1.0,1,1.0,1,0.0899329044476243,80
3889,2,8153,2840,5313,0,0,0,1.0,1,1.0,1,1.0,1,0.06453195664842615,82
3890,7,8160,2842,5318,0,0,0,1.0,1,1.0,1,1.0,1,0.07132132633989517,82
3891,5,8165,2844,5321,0,0,0,1.0,1,1.0,1,1.0,1,0.06517110163269932,85
3892,5,8170,2846,5324,0,0,0,1.0,1,1.0,1,1.0,1,0.09941322308625142,87
3893,6,8176,2846,5330,0,0,0,1.0,1,1.0,1,1.0,1,0.07005186766897706,86
3894,1,8177,2846,5331,0,0,0,1.0,1,1.0,1,1.0,1,0.06140550829715963,87
3895,1,8178,2847,5331,0,0,0,1.0,1,1.0,1,1.0,1,0.07083415925339924,87
3896,0,8178,2847,5331,0,0,0,1.0,1,1.0,1,1.0,1,0.09518990194629429,85
3897,4,8182,2848,5334,0,0,0,1.0,1,1.0,1,1.0,1,0.09071857895741516,85
3898,8,8190,2849,5341,0,0,0,1.0,1,1.0,1,1.0,1,0.11392153430292885,86
3899,3,8193,2849,5344,0,0,0,1.0,1,1.0,1,1.0,1,0.11606314463139292,86
3900,5,8198,2849,5349,0,0,0,1.0,1,1.0,1,1.0,1,0.10703096979960018,86
3901,7,8205,2851,5354,0,0,0,1.0,1,1.0,1,1.0,1,0.08497265662936251,86
3902,1,8206,2851,5355,0,0,0,1.0,1,1.0,1,1.0,1,0.08744974007141527,87
3903,2,8208,2852,5356,0,0,0,1.0,1,1.0,1,1.0,1,0.0829187743580101,87
3904,2,8210,2854,5356,0,0,0,1.0,1,1.0,1,1.0,1,0.10858591460824728,85
3905,7,8217,2854,5363,0,0,0,1.0,1,1.0,1,1.0,1,0.07220607144766801,84
3906,1,8218,2855,5363,0,0,0,1.0,1,1.0,1,1.0,1,0.07150252716742181,86
3907,3,8221,2855,5366,0,0,0,1.0,1,1.0,1,1.0,1,0.06933860740036066,84
3908,3,8224,2856,5368,0,0,0,1.0,1,1.0,1,1.0,1,0.07604141274872851,83
3909,4,8228,2858,5370,0,0,0,1.0,1,1.0,1,1.0,1,0.09260318497662721,81
3910,4,8232,2860,5372,0,0,0,1.0,1,1.0,1,1.0,1,0.09124399042460808,82
3911,3,8235,2862,5373,0,0,0,1.0,1,1.0,1,1.0,1,0.075523816193315,81
3912,2,8237,2864,5373,0,0,0,1.0,1,1.0,1,1.0,1,0.07855452279896968,80
3913,5,8242,2866,5376,0,0,0,1.0,1,1.0,1,1.0,1,0.0691531314728853,80
3914,1,8243,2867,5376,0,0,0,1.0,1,1.0,1,1.0,1,0.10486184136049205,81
3915,5,8248,2870,5378,0,0,0,1.0,1,1.0,1,1.0,1,0.12224732332631766,81
3916,8,8256,2873,5383,0,0,0,1.0,1,1.0,1,1.0,1,0.15256844159498262,81
3917,5,8261,2873,5388,0,0,0,1.0,1,1.0,1,1.0,1,0.10825474668853385,82
3918,6,8267,2874,5393,0,0,0,1.0,1,1.0,1,1.0,1,0.09803253297814765,85
3919,2,8269,2875,5394,0,0,0,1.0,1,1.0,1,1.0,1,0.09053148151369034,85
3920,2,8271,2875,5396,0,0,0,1.0,1,1.0,1,1.0,1,0.09053148151369034,85
3921,3,8274,2876,5398,0,0,0,1.0,1,1.0,1,1.0,1,0.08230083196045647,88
3922,4,8278,2877,5401,0,0,0,1.0,1,1.0,1,1.0,1,0.0842998839920565,88
3923,1,8279,2877,5402,0,0,0,1.0,1,1.0,1,1.0,1,0.07678346385396119,89
3924,2,8281,2877,5404,0,0,0,1.0,1,1.0,1,1.0,1,0.0760909231712648,90
3925,4,8285,2878,5407,0,0,0,1.0,1,1.0,1,1.0,1,0.0807727238695835,88
3926,1,8286,2879,5407,0,0,0,1.0,1,1.0,1,1.0,1,0.08461311067152574,89
3927,2,8288,2880,5408,0,0,0,1.0,1,1.0,1,1.0,1,0.09765437023630393,89
3928,0,8288,2880,5408,0,0,0,1.0,1,1.0,1,1.0,1,0.08938545537733063,88
3929,3,8291,2880,5411,0,0,0,1.0,1,1.0,1,1.0,1,0.06867381311076318,88
3930,0,8291,2880,5411,0,0,0,1.0,1,1.0,1,1.0,1,0.07997546777227163,87
3931,3,8294,2882,5412,0,0,0,1.0,1,1.0,1,1.0,1,0.09942939935219404,86
3932,1,8295,2883,5412,0,0,0,1.0,1,1.0,1,1.0,1,0.11345694337120875,85
3933,7,8302,2884,5418,0,0,0,1.0,1,1.0,1,1.0,1,0.08775330154680364,84
3934,3,8305,2884,5421,0,0,0,1.0,1,1.0,1,1.0,1,0.06964908353359728,85
3935,4,8309,2886,5423,0,0,0,1.0,1,1.0,1,1.0,1,0.07805053577598292,84
3936,3,8312,2886,5426,0,0,0,1.0,1,1.0,1,1.0,1,0.09119507895890104,84
3937,5,8317,2887,5430,0,0,0,1.0,1,1.0,1,1.0,1,0.07485979188922917,82
3938,1,8318,2887,5431,0,0,0,1.0,1,1.0,1,1.0,1,0.06380164270479977,82
3939,0,8318,2887,5431,0,0,0,1.0,1,1.0,1,1.0,1,0.06436427075540319,84
3940,2,8320,2889,5431,0,0,0,1.0,1,1.0,1,1.0,1,0.0807004318749723,84
3941,3,8323,2889,5434,0,0,0,1.0,1,1.0,1,1.0,1,0.052797809019233755,85
3942,1,8324,2889,5435,0,0,0,1.0,1,1.0,1,1.0,1,0.050478027028590354,85
3943,0,8324,2889,5435,0,0,0,1.0,1,1.0,1,1.0,1,0.04546297206725158,84
3944,4,8328,2891,5437,0,0,0,1.0,1,1.0,1,1.0,1,0.07434196072585422,83
3945,2,8330,2892,5438,0,0,0,1.0,1,1.0,1,1.0,1,0.06952842852128524,83
3946,2,8332,2894,5438,0,0,0,1.0,1,1.0,1,1.0,1,0.11922018211097254,83
3947,1,8333,2894,5439,0,0,0,1.0,1,1.0,1,1.0,1,0.11492667363387583,83
3948,3,8336,2895,5441,0,0,0,1.0,1,1.0,1,1.0,1,0.12534978608809452,84
3949,4,8340,2895,5445,0,0,0,1.0,1,1.0,1,1.0,1,0.11378733950832204,84
3950,3,8343,2896,5447,0,0,0,1.0,1,1.0,1,1.0,1,0.1104185746832368,86
3951,2,8345,2896,5449,0,0,0,1.0,1,1.0,1,1.0,1,0.1118247240382985,87
3952,0,8345,2896,5449,0,0,0,1.0,1,1.0,1,1.0,1,0.11145345068034221,86
3953,7,8352,2898,5454,0,0,0,1.0,1,1.0,1,1.0,1,0.09289864420873357,86
3954,4,8356,2898,5458,0,0,0,1.0,1,1.0,1,1.0,1,0.07184142808057047,85
3955,1,8357,2898,5459,0,0,0,1.0,1,1.0,1,1.0,1,0.11127695049488318,85
3956,1,8358,2898,5460,0,0,0,1.0,1,1.0,1,1.0,1,0.11914688128219832,84
3957,5,8363,2898,5465,0,0,0,1.0,1,1.0,1,1.0,1,0.07947979387485636,85
3958,1,8364,2898,5466,0,0,0,1.0,1,1.0,1,1.0,1,0.07585303006033671,84
3959,1,8365,2898,5467,0,0,0,1.0,1,1.0,1,1.0,1,0.09073342263015086,83
3960,4,8369,2900,5469,0,0,0,1.0,1,1.0,1,1.0,1,0.1126951061747621,84
3961,4,8373,2900,5473,0,0,0,1.0,1,1.0,1,1.0,1,0.09634238270795245,83
3962,3,8376,2902,5474,0,0,0,1.0,1,1.0,1,1.0,1,0.10458688120437934,84
3963,2,8378,2903,5475,0,0,0,1.0,1,1.0,1,1.0,1,0.11531683045826777,81
3964,5,8383,2905,5478,0,0,0,1.0,1,1.0,1,1.0,1,0.10730687438453464,81
3965,3,8386,2905,5481,0,0,0,1.0,1,1.0,1,1.0,1,0.060922058878959476,81
3966,1,8387,2906,5481,0,0,0,1.0,1,1.0,1,1.0,1,0.08028897958499431,79
3967,2,8389,2907,5482,0,0,0,1.0,1,1.0,1,1.0,1,0.08547326176207656,81
3968,0,8389,2907,5482,0,0,0,1.0,1,1.0,1,1.0,1,0.10273276327225209,79
3969,10,8399,2912,5487,0,0,0,1.0,1,1.0,1,1.0,1,0.09942595615496223,79
3970,1,8400,2913,5487,0,0,0,1.0,1,1.0,1,1.0,1,0.12295421582317914,78
3971,0,8400,2913,5487,0,0,0,1.0,1,1.0,1,1.0,1,0.12683500405841844,77
3972,1,8401,2914,5487,0,0,0,1.0,1,1.0,1,1.0,1,0.13394124918388264,78
3973,6,8407,2915,5492,0,0,0,1.0,1,1.0,1,1.0,1,0.11507584913129625,77
3974,0,8407,2915,5492,0,0,0,1.0,1,1.0,1,1.0,1,0.11507584913129625,77
3975,5,8412,2917,5495,0,0,0,1.0,1,1.0,1,1.0,1,0.15160566546649365,76
3976,4,8416,2917,5499,0,0,0,1.0,1,1.0,1,1.0,1,0.15611337354943153,77
3977,6,8422,2917,5505,0,0,0,1.0,1,1.0,1,1.0,1,0.13525134913359838,78
3978,3,8425,2918,5507,0,0,0,1.0,1,1.0,1,1.0,1,0.13628593208003817,79
3979,1,8426,2918,5508,0,0,0,1.0,1,1.0,1,1.0,1,0.13054032832368812,79
3980,1,8427,2918,5509,0,0,0,1.0,1,1.0,1,1.0,1,0.1283227503818912,79
3981,4,8431,2919,5512,0,0,0,1.0,1,1.0,1,1.0,1,0.1370557848146597,83
3982,4,8435,2920,5515,0,0,0,1.0,1,1.0,1,1.0,1,0.11367941233805395,83
3983,0,8435,2920,5515,0,0,0,1.0,1,1.0,1,1.0,1,0.11971139211349745,82
3984,0,8435,2920,5515,0,0,0,1.0,1,1.0,1,1.0,1,0.12122322781568617,83
3985,2,8437,2921,5516,0,0,0,1.0,1,1.0,1,1.0,1,0.1355236092429382,84
3986,6,8443,2924,5519,0,0,0,1.0,1,1.0,1,1.0,1,0.15124103554993856,83
3987,3,8446,2925,5521,0,0,0,1.0,1,1.0,1,1.0,1,0.14289361669257014,82
3988,3,8449,2926,5523,0,0,0,1.0,1,1.0,1,1.0,1,0.14657076903269975,83
3989,5,8454,2926,5528,0,0,0,1.0,1,1.0,1,1.0,1,0.126744327311007,81
3990,1,8455,2926,5529,0,0,0,1.0,1,1.0,1,1.0,1,0.12465676339960972,81
3991,0,8455,2926,5529,0,0,0,1.0,1,1.0,1,1.0,1,0.13867376246103144,79
3992,4,8459,2927,5532,0,0,0,1.0,1,1.0,1,1.0,1,0.10630199837941814,81
3993,3,8462,2928,5534,0,0,0,1.0,1,1.0,1,1.0,1,0.08503685851844262,80
3994,1,8463,2929,5534,0,0,0,1.0,1,1.0,1,1.0,1,0.08664360706989684,80
3995,0,8463,2929,5534,0,0,0,1.0,1,1.0,1,1.0,1,0.07755283748005315,81
3996,0,8463,2929,5534,0,0,0,1.0,1,1.0,1,1.0,1,0.10291869042381029,80
3997,2,8465,2930,5535,0,0,0,1.0,1,1.0,1,1.0,1,0.09323248229915929,81
3998,1,8466,2930,5536,0,0,0,1.0,1,1.0,1,1.0,1,0.07123714209908509,82
3999,1,8467,2930,5537,0,0,0,1.0,1,1.0,1,1.0,1,0.06854381983066897,82
4000,2,8469,2932,5537,0,0,0,1.0,1,1.0,1,1.0,1,0.08247547018915871,82
4001,2,8471,2934,5537,0,0,0,1.0,1,1.0,1,1.0,1,0.09542453376618555,81
4002,4,8475,2936,5539,0,0,0,1.0,1,1.0,1,1.0,1,0.09550057706867329,81
4003,1,8476,2937,5539,0,0,0,1.0,1,1.0,1,1.0,1,0.10504630458249398,81
4004,4,8480,2939,5541,0,0,0,1.0,1,1.0,1,1.0,1,0.11876047036870113,80
4005,7,8487,2942,5545,0,0,0,1.0,1,1.0,1,1.0,1,0.13882349348879278,78
4006,4,8491,2943,5548,0,0,0,1.0,1,1.0,1,1.0,1,0.11302649974367561,76
4007,0,8491,2943,5548,0,0,0,1.0,1,1.0,1,1.0,1,0.1129807912697984,75
4008,0,8491,2943,5548,0,0,0,1.0,1,1.0,1,1.0,1,0.11276906069210127,74
4009,4,8495,2945,5550,0,0,0,1.0,1,1.0,1,1.0,1,0.1416172619737324,75
4010,5,8500,2946,5554,0,0,0,1.0,1,1.0,1,1.0,1,0.10760081284564618,75
4011,2,8502,2947,5555,0,0,0,1.0,1,1.0,1,1.0,1,0.12825381903823624,74
4012,2,8504,2948,5556,0,0,0,1.0,1,1.0,1,1.0,1,0.14605647201828592,74
4013,6,8510,2949,5561,0,0,0,1.0,1,1.0,1,1.0,1,0.11535127965903982,74
4014,2,8512,2951,5561,0,0,0,1.0,1,1.0,1,1.0,1,0.14172626724275578,73
4015,1,8513,2951,5562,0,0,0,1.0,1,1.0,1,1.0,1,0.1466763215789607,74
4016,3,8516,2952,5564,0,0,0,1.0,1,1.0,1,1.0,1,0.16898684159176156,74
4017,8,8524,2954,5570,0,0,0,1.0,1,1.0,1,1.0,1,0.16812816666926764,78
4018,2,8526,2955,5571,0,0,0,1.0,1,1.0,1,1.0,1,0.17960899598494598,78
4019,2,8528,2955,5573,0,0,0,1.0,1,1.0,1,1.0,1,0.17944348048132167,78
4020,0,8528,2955,5573,0,0,0,1.0,1,1.0,1,1.0,1,0.17944348048132167,78
4021,3,8531,2955,5576,0,0,0,1.0,1,1.0,1,1.0,1,0.15559477928270793,78
4022,3,8534,2956,5578,0,0,0,1.0,1,1.0,1,1.0,1,0.13692081593712188,79
4023,0,8534,2956,5578,0,0,0,1.0,1,1.0,1,1.0,1,0.13654281070134888,78
4024,0,8534,2956,5578,0,0,0,1.0,1,1.0,1,1.0,1,0.1379932694156489,77
4025,6,8540,2957,5583,0,0,0,1.0,1,1.0,1,1.0,1,0.09372516379026208,76
4026,1,8541,2958,5583,0,0,0,1.0,1,1.0,1,1.0,1,0.10094901540406856,76
4027,5,8546,2962,5584,0,0,0,1.0,1,1.0,1,1.0,1,0.12997033587768253,75
4028,3,8549,2962,5587,0,0,0,1.0,1,1.0,1,1.0,1,0.11157059849716952,76
4029,1,8550,2962,5588,0,0,0,1.0,1,1.0,1,1.0,1,0.09604833458718047,75
4030,0,8550,2962,5588,0,0,0,1.0,1,1.0,1,1.0,1,0.09942264247009383,74
4031,3,8553,2964,5589,0,0,0,1.0,1,1.0,1,1.0,1,0.1046992257031534,73
4032,0,8553,2964,5589,0,0,0,1.0,1,1.0,1,1.0,1,0.11002506888864268,71
4033,4,8557,2965,5592,0,0,0,1.0,1,1.0,1,1.0,1,0.08205129147402661,73
4034,3,8560,2967,5593,0,0,0,1.0,1,1.0,1,1.0,1,0.07935622707662017,72
4035,0,8560,2967,5593,0,0,0,1.0,1,1.0,1,1.0,1,0.08909095186032735,71
4036,3,8563,2969,5594,0,0,0,1.0,1,1.0,1,1.0,1,0.07263381330847032,71
4037,2,8565,2970,5595,0,0,0,1.0,1,1.0,1,1.0,1,0.09052765100727986,70
4038,1,8566,2971,5595,0,0,0,1.0,1,1.0,1,1.0,1,0.09502057406273089,69
4039,3,8569,2972,5597,0,0,0,1.0,1,1.0,1,1.0,1,0.11111544470949945,68
4040,3,8572,2974,5598,0,0,0,1.0,1,1.0,1,1.0,1,0.14847021268745658,69
4041,3,8575,2975,5600,0,0,0,1.0,1,1.0,1,1.0,1,0.1711025366888826,67
4042,3,8578,2976,5602,0,0,0,1.0,1,1.0,1,1.0,1,0.2153921068752476,67
4043,3,8581,2977,5604,0,0,0,1.0,1,1.0,1,1.0,1,0.22725182267672667,66
4044,7,8588,2979,5609,0,0,0,1.0,1,1.0,1,1.0,1,0.22561699136306732,65
4045,6,8594,2979,5615,0,0,0,1.0,1,1.0,1,1.0,1,0.1811564669832233,66
4046,1,8595,2979,5616,0,0,0,1.0,1,1.0,1,1.0,1,0.16889756968955658,68
4047,1,8596,2979,5617,0,0,0,1.0,1,1.0,1,1.0,1,0.15909312759341707,68
4048,0,8596,2979,5617,0,0,0,1.0,1,1.0,1,1.0,1,0.16344434439062058,69
4049,2,8598,2980,5618,0,0,0,1.0,1,1.0,1,1.0,1,0.16520205335611937,69
4050,1,8599,2980,5619,0,0,0,1.0,1,1.0,1,1.0,1,0.15247153276583597,69
4051,1,8600,2980,5620,0,0,0,1.0,1,1.0,1,1.0,1,0.14699335869654742,69
4052,1,8601,2980,5621,0,0,0,1.0,1,1.0,1,1.0,1,0.13721504385130356,69
4053,0,8601,2980,5621,0,0,0,1.0,1,1.0,1,1.0,1,0.13721504385130356,69
4054,1,8602,2981,5621,0,0,0,1.0,1,1.0,1,1.0,1,0.1418435973563002,70
4055,2,8604,2981,5623,0,0,0,1.0,1,1.0,1,1.0,1,0.12661584561646577,70
4056,1,8605,2981,5624,0,0,0,1.0,1,1.0,1,1.0,1,0.11484321906608047,70
4057,3,8608,2981,5627,0,0,0,1.0,1,1.0,1,1.0,1,0.09856232130554086,71
4058,0,8608,2981,5627,0,0,0,1.0,1,1.0,1,1.0,1,0.09856232130554086,71
4059,1,8609,2982,5627,0,0,0,1.0,1,1.0,1,1.0,1,0.11947029232424629,72
4060,0,8609,2982,5627,0,0,0,1.0,1,1.0,1,1.0,1,0.1277157922296824,71
4061,3,8612,2984,5628,0,0,0,1.0,1,1.0,1,1.0,1,0.14130900203757163,72
4062,3,8615,2985,5630,0,0,0,1.0,1,1.0,1,1.0,1,0.1441911381896093,72
4063,5,8620,2987,5633,0,0,0,1.0,1,1.0,1,1.0,1,0.15060443477891838,72
4064,3,8623,2988,5635,0,0,0,1.0,1,1.0,1,1.0,1,0.1083361056448258,71
4065,2,8625,2989,5636,0,0,0,1.0,1,1.0,1,1.0,1,0.09273150523399791,70
4066,3,8628,2991,5637,0,0,0,1.0,1,1.0,1,1.0,1,0.10472703499715036,70
4067,1,8629,2991,5638,0,0,0,1.0,1,1.0,1,1.0,1,0.08808034525129382,68
4068,3,8632,2993,5639,0,0,0,1.0,1,1.0,1,1.0,1,0.0961766373263214,70
4069,4,8636,2995,5641,0,0,0,1.0,1,1.0,1,1.0,1,0.08590307720649999,68
4070,2,8638,2997,5641,0,0,0,1.0,1,1.0,1,1.0,1,0.11484505298868825,67
4071,1,8639,2997,5642,0,0,0,1.0,1,1.0,1,1.0,1,0.13318020448146234,68
4072,4,8643,2998,5645,0,0,0,1.0,1,1.0,1,1.0,1,0.11507417981104218,70
4073,6,8649,3001,5648,0,0,0,1.0,1,1.0,1,1.0,1,0.0811822399493941,70
4074,7,8656,3007,5649,0,0,0,1.0,1,1.0,1,1.0,1,0.1315521982141537,71
4075,4,8660,3010,5650,0,0,0,1.0,1,1.0,1,1.0,1,0.12793721136090083,72
4076,5,8665,3011,5654,0,0,0,1.0,1,1.0,1,1.0,1,0.11294152934833045,73
4077,5,8670,3013,5657,0,0,0,1.0,1,1.0,1,1.0,1,0.13221316830931185,72
4078,4,8674,3014,5660,0,0,0,1.0,1,1.0,1,1.0,1,0.16976889800796355,71
4079,3,8677,3014,5663,0,0,0,1.0,1,1.0,1,1.0,1,0.17345374068369723,69
4080,1,8678,3015,5663,0,0,0,1.0,1,1.0,1,1.0,1,0.1759538057714969,67
4081,3,8681,3015,5666,0,0,0,1.0,1,1.0,1,1.0,1,0.15472591334204241,66
4082,0,8681,3015,5666,0,0,0,1.0,1,1.0,1,1.0,1,0.17738407539139672,65
4083,6,8687,3017,5670,0,0,0,1.0,1,1.0,1,1.0,1,0.17024837064933732,64
4084,4,8691,3019,5672,0,0,0,1.0,1,1.0,1,1.0,1,0.1868513204937067,64
4085,5,8696,3019,5677,0,0,0,1.0,1,1.0,1,1.0,1,0.13542050089038804,65
4086,3,8699,3020,5679,0,0,0,1.0,1,1.0,1,1.0,1,0.1380640921027185,66
4087,2,8701,3020,5681,0,0,0,1.0,1,1.0,1,1.0,1,0.13396135734965733,66
4088,0,8701,3020,5681,0,0,0,1.0,1,1.0,1,1.0,1,0.1555485912214382,65
4089,2,8703,3021,5682,0,0,0,1.0,1,1.0,1,1.0,1,0.15047960334069918,65
4090,0,8703,3021,5682,0,0,0,1.0,1,1.0,1,1.0,1,0.16649976296387523,65
4091,1,8704,3021,5683,0,0,0,1.0,1,1.0,1,1.0,1,0.14832227669182993,65
4092,0,8704,3021,5683,0,0,0,1.0,1,1.0,1,1.0,1,0.16138229903149484,64
4093,5,8709,3021,5688,0,0,0,1.0,1,1.0,1,1.0,1,0.10974950984214453,66
4094,0,8709,3021,5688,0,0,0,1.0,1,1.0,1,1.0,1,0.13019861696634052,65
4095,1,8710,3022,5688,0,0,0,1.0,1,1.0,1,1.0,1,0.13553230878838304,65
4096,2,8712,3023,5689,0,0,0,1.0,1,1.0,1,1.0,1,0.14121081123076418,67
4097,4,8716,3025,5691,0,0,0,1.0,1,1.0,1,1.0,1,0.13233259462560062,67
4098,0,8716,3025,5691,0,0,0,1.0,1,1.0,1,1.0,1,0.14415768624010974,68
4099,1,8717,3025,5692,0,0,0,1.0,1,1.0,1,1.0,1,0.14864172367406925,69
4100,1,8718,3026,5692,0,0,0,1.0,1,1.0,1,1.0,1,0.14864835470214305,70
4101,7,8725,3027,5698,0,0,0,1.0,1,1.0,1,1.0,1,0.09377239230421117,71
4102,3,8728,3030,5698,0,0,0,1.0,1,1.0,1,1.0,1,0.1297734568276456,71
4103,3,8731,3031,5700,0,0,0,1.0,1,1.0,1,1.0,1,0.11690464734257709,71
4104,3,8734,3033,5701,0,0,0,1.0,1,1.0,1,1.0,1,0.15244859324098195,69
4105,5,8739,3033,5706,0,0,0,1.0,1,1.0,1,1.0,1,0.13549425686970498,67
4106,3,8742,3033,5709,0,0,0,1.0,1,1.0,1,1.0,1,0.11585126082377842,68
4107,2,8744,3033,5711,0,0,0,1.0,1,1.0,1,1.0,1,0.10024422640105954,70
4108,1,8745,3034,5711,0,0,0,1.0,1,1.0,1,1.0,1,0.10481456734724726,70
4109,3,8748,3034,5714,0,0,0,1.0,1,1.0,1,1.0,1,0.08331527669078827,69
4110,1,8749,3034,5715,0,0,0,1.0,1,1.0,1,1.0,1,0.0721326846867598,71
4111,1,8750,3034,5716,0,0,0,1.0,1,1.0,1,1.0,1,0.061317047805056354,70
4112,1,8751,3034,5717,0,0,0,1.0,1,1.0,1,1.0,1,0.05761988419993479,72
4113,0,8751,3034,5717,0,0,0,1.0,1,1.0,1,1.0,1,0.05761988419993479,72
4114,3,8754,3036,5718,0,0,0,1.0,1,1.0,1,1.0,1,0.09092532665906053,72
4115,3,8757,3039,5718,0,0,0,1.0,1,1.0,1,1.0,1,0.10645932205347082,70
4116,1,8758,3040,5718,0,0,0,1.0,1,1.0,1,1.0,1,0.11362339081387117,67
4117,3,8761,3042,5719,0,0,0,1.0,1,1.0,1,1.0,1,0.11673800166440206,67
4118,2,8763,3042,5721,0,0,0,1.0,1,1.0,1,1.0,1,0.11856106765497926,66
4119,3,8766,3044,5722,0,0,0,1.0,1,1.0,1,1.0,1,0.15241384072278397,67
4120,2,8768,3046,5722,0,0,0,1.0,1,1.0,1,1.0,1,0.21939329566533267,64
4121,10,8778,3048,5730,0,0,0,1.0,1,1.0,1,1.0,1,0.17042349709420987,63
4122,2,8780,3049,5731,0,0,0,1.0,1,1.0,1,1.0,1,0.14815802558052288,63
4123,1,8781,3050,5731,0,0,0,1.0,1,1.0,1,1.0,1,0.15295333158238872,61
4124,5,8786,3052,5734,0,0,0,1.0,1,1.0,1,1.0,1,0.14468937470145318,62
4125,4,8790,3052,5738,0,0,0,1.0,1,1.0,1,1.0,1,0.10701873899412807,60
4126,2,8792,3054,5738,0,0,0,1.0,1,1.0,1,1.0,1,0.11409827172756877,59
4127,2,8794,3056,5738,0,0,0,1.0,1,1.0,1,1.0,1,0.15876650682696683,60
4128,2,8796,3057,5739,0,0,0,1.0,1,1.0,1,1.0,1,0.1584590026612633,60
4129,2,8798,3057,5741,0,0,0,1.0,1,1.0,1,1.0,1,0.1427376301106128,60
4130,2,8800,3059,5741,0,0,0,1.0,1,1.0,1,1.0,1,0.1412041343101537,61
4131,1,8801,3059,5742,0,0,0,1.0,1,1.0,1,1.0,1,0.14218692780742534,60
4132,7,8808,3062,5746,0,0,0,1.0,1,1.0,1,1.0,1,0.13849724287517196,60
4133,3,8811,3063,5748,0,0,0,1.0,1,1.0,1,1.0,1,0.14640667522343748,62
4134,1,8812,3064,5748,0,0,0,1.0,1,1.0,1,1.0,1,0.1440768420937908,63
4135,3,8815,3065,5750,0,0,0,1.0,1,1.0,1,1.0,1,0.11118311620641151,65
4136,0,8815,3065,5750,0,0,0,1.0,1,1.0,1,1.0,1,0.11118311620641151,65
4137,1,8816,3066,5750,0,0,0,1.0,1,1.0,1,1.0,1,0.10873326599438134,66
4138,0,8816,3066,5750,0,0,0,1.0,1,1.0,1,1.0,1,0.11630665511271064,67
4139,2,8818,3068,5750,0,0,0,1.0,1,1.0,1,1.0,1,0.1447712368168225,67
4140,0,8818,3068,5750,0,0,0,1.0,1,1.0,1,1.0,1,0.1348985728426971,66
4141,0,8818,3068,5750,0,0,0,1.0,1,1.0,1,1.0,1,0.1330318923065372,67
4142,0,8818,3068,5750,0,0,0,1.0,1,1.0,1,1.0,1,0.1330318923065372,67
4143,3,8821,3069,5752,0,0,0,1.0,1,1.0,1,1.0,1,0.11856066637534453,66
4144,0,8821,3069,5752,0,0,0,1.0,1,1.0,1,1.0,1,0.13138999275482277,64
4145,8,8829,3073,5756,0,0,0,1.0,1,1.0,1,1.0,1,0.14707863736744173,63
4146,7,8836,3077,5759,0,0,0,1.0,1,1.0,1,1.0,1,0.15997895351872865,62
4147,1,8837,3077,5760,0,0,0,1.0,1,1.0,1,1.0,1,0.16825807271816162,60
4148,6,8843,3079,5764,0,0,0,1.0,1,1.0,1,1.0,1,0.14932276349602563,62
4149,4,8847,3079,5768,0,0,0,1.0,1,1.0,1,1.0,1,0.1131324206522191,61
4150,2,8849,3080,5769,0,0,0,1.0,1,1.0,1,1.0,1,0.10003552611666573,60
4151,2,8851,3082,5769,0,0,0,1.0,1,1.0,1,1.0,1,0.12035821596631381,60
4152,2,8853,3083,5770,0,0,0,1.0,1,1.0,1,1.0,1,0.12379320610275461,60
4153,1,8854,3083,5771,0,0,0,1.0,1,1.0,1,1.0,1,0.11319675640721154,58
4154,2,8856,3084,5772,0,0,0,1.0,1,1.0,1,1.0,1,0.1237283842999354,57
4155,1,8857,3085,5772,0,0,0,1.0,1,1.0,1,1.0,1,0.15369602012533212,57
4156,2,8859,3085,5774,0,0,0,1.0,1,1.0,1,1.0,1,0.15043484312757524,58
4157,3,8862,3085,5777,0,0,0,1.0,1,1.0,1,1.0,1,0.11307890100236678,57
4158,0,8862,3085,5777,0,0,0,1.0,1,1.0,1,1.0,1,0.1602229063290801,55
4159,2,8864,3086,5778,0,0,0,1.0,1,1.0,1,1.0,1,0.15437528209713103,57
4160,3,8867,3088,5779,0,0,0,1.0,1,1.0,1,1.0,1,0.17829681149112656,58
4161,6,8873,3089,5784,0,0,0,1.0,1,1.0,1,1.0,1,0.14359746062601833,58
4162,0,8873,3089,5784,0,0,0,1.0,1,1.0,1,1.0,1,0.15807375554239952,57
4163,0,8873,3089,5784,0,0,0,1.0,1,1.0,1,1.0,1,0.16607809444513524,58
4164,4,8877,3091,5786,0,0,0,1.0,1,1.0,1,1.0,1,0.16664503109821402,56
4165,2,8879,3091,5788,0,0,0,1.0,1,1.0,1,1.0,1,0.1353494244832812,58
4166,0,8879,3091,5788,0,0,0,1.0,1,1.0,1,1.0,1,0.14046788591299625,57
4167,0,8879,3091,5788,0,0,0,1.0,1,1.0,1,1.0,1,0.14619881972508805,57
4168,0,8879,3091,5788,0,0,0,1.0,1,1.0,1,1.0,1,0.14973075688274043,58
4169,0,8879,3091,5788,0,0,0,1.0,1,1.0,1,1.0,1,0.14973075688274043,58
4170,2,8881,3092,5789,0,0,0,1.0,1,1.0,1,1.0,1,0.16000437249815663,58
4171,0,8881,3092,5789,0,0,0,1.0,1,1.0,1,1.0,1,0.17685738474300866,57
4172,2,8883,3092,5791,0,0,0,1.0,1,1.0,1,1.0,1,0.14864308037801127,57
4173,1,8884,3092,5792,0,0,0,1.0,1,1.0,1,1.0,1,0.15803502099556904,56
4174,1,8885,3093,5792,0,0,0,1.0,1,1.0,1,1.0,1,0.18321217462415196,56
4175,3,8888,3093,5795,0,0,0,1.0,1,1.0,1,1.0,1,0.1600642048302818,55
4176,0,8888,3093,5795,0,0,0,1.0,1,1.0,1,1.0,1,0.1719864432609061,57
4177,6,8894,3094,5800,0,0,0,1.0,1,1.0,1,1.0,1,0.13247863491977874,58
4178,4,8898,3096,5802,0,0,0,1.0,1,1.0,1,1.0,1,0.1332089296209936,60
4179,0,8898,3096,5802,0,0,0,1.0,1,1.0,1,1.0,1,0.1295051313576279,61
4180,0,8898,3096,5802,0,0,0,1.0,1,1.0,1,1.0,1,0.1306729618997353,62
4181,4,8902,3096,5806,0,0,0,1.0,1,1.0,1,1.0,1,0.09907349158764533,63
4182,1,8903,3096,5807,0,0,0,1.0,1,1.0,1,1.0,1,0.08573181540960653,63
4183,1,8904,3097,5807,0,0,0,1.0,1,1.0,1,1.0,1,0.0934023487345062,63
4184,1,8905,3098,5807,0,0,0,1.0,1,1.0,1,1.0,1,0.10591149968881237,63
4185,3,8908,3098,5810,0,0,0,1.0,1,1.0,1,1.0,1,0.0756172044599281,61
4186,3,8911,3100,5811,0,0,0,1.0,1,1.0,1,1.0,1,0.07757440359695789,62
4187,1,8912,3101,5811,0,0,0,1.0,1,1.0,1,1.0,1,0.08189855414373252,60
4188,2,8914,3102,5812,0,0,0,1.0,1,1.0,1,1.0,1,0.09011679070745943,60
4189,3,8917,3103,5814,0,0,0,1.0,1,1.0,1,1.0,1,0.08571315573586882,60
4190,3,8920,3106,5814,0,0,0,1.0,1,1.0,1,1.0,1,0.14124090358838273,61
4191,3,8923,3107,5816,0,0,0,1.0,1,1.0,1,1.0,1,0.12713232031199861,59
4192,1,8924,3108,5816,0,0,0,1.0,1,1.0,1,1.0,1,0.1391764981998463,58
4193,3,8927,3109,5818,0,0,0,1.0,1,1.0,1,1.0,1,0.1341569445704452,57
4194,2,8929,3111,5818,0,0,0,1.0,1,1.0,1,1.0,1,0.1570907935009896,54
4195,2,8931,3112,5819,0,0,0,1.0,1,1.0,1,1.0,1,0.13510225024651268,55
4196,1,8932,3112,5820,0,0,0,1.0,1,1.0,1,1.0,1,0.13638877091898263,56
4197,4,8936,3113,5823,0,0,0,1.0,1,1.0,1,1.0,1,0.1132006714146858,55
4198,1,8937,3114,5823,0,0,0,1.0,1,1.0,1,1.0,1,0.18469366500889464,56
4199,1,8938,3115,5823,0,0,0,1.0,1,1.0,1,1.0,1,0.19598060309046242,55
4200,0,8938,3115,5823,0,0,0,1.0,1,1.0,1,1.0,1,0.19591911430379919,55
4201,4,8942,3115,5827,0,0,0,1.0,1,1.0,1,1.0,1,0.16285559607839062,56
4202,0,8942,3115,5827,0,0,0,1.0,1,1.0,1,1.0,1,0.16285559607839062,56
4203,0,8942,3115,5827,0,0,0,1.0,1,1.0,1,1.0,1,0.17363715201234145,57
4204,2,8944,3116,5828,0,0,0,1.0,1,1.0,1,1.0,1,0.17740233327341115,57
4205,4,8948,3116,5832,0,0,0,1.0,1,1.0,1,1.0,1,0.1148762397810938,58
4206,1,8949,3117,5832,0,0,0,1.0,1,1.0,1,1.0,1,0.128506495943611,58
4207,1,8950,3118,5832,0,0,0,1.0,1,1.0,1,1.0,1,0.12215284405803101,58
4208,1,8951,3118,5833,0,0,0,1.0,1,1.0,1,1.0,1,0.11759760598111055,60
4209,2,8953,3120,5833,0,0,0,1.0,1,1.0,1,1.0,1,0.12742188614302927,61
4210,1,8954,3120,5834,0,0,0,1.0,1,1.0,1,1.0,1,0.10295827491803114,62
4211,4,8958,3122,5836,0,0,0,1.0,1,1.0,1,1.0,1,0.11218247036344436,63
4212,1,8959,3122,5837,0,0,0,1.0,1,1.0,1,1.0,1,0.1028304902274758,64
4213,0,8959,3122,5837,0,0,0,1.0,1,1.0,1,1.0,1,0.10520897115324149,65
4214,0,8959,3122,5837,0,0,0,1.0,1,1.0,1,1.0,1,0.08547841133793678,65
4215,0,8959,3122,5837,0,0,0,1.0,1,1.0,1,1.0,1,0.08547841133793678,65
4216,0,8959,3122,5837,0,0,0,1.0,1,1.0,1,1.0,1,0.10051619570380034,64
4217,2,8961,3123,5838,0,0,0,1.0,1,1.0,1,1.0,1,0.11153291881212408,65
4218,0,8961,3123,5838,0,0,0,1.0,1,1.0,1,1.0,1,0.11153291881212408,65
4219,0,8961,3123,5838,0,0,0,1.0,1,1.0,1,1.0,1,0.11153291881212408,65
4220,1,8962,3124,5838,0,0,0,1.0,1,1.0,1,1.0,1,0.13099952818283303,65
4221,6,8968,3127,5841,0,0,0,1.0,1,1.0,1,1.0,1,0.16855019883597364,67
4222,1,8969,3127,5842,0,0,0,1.0,1,1.0,1,1.0,1,0.16839960996602138,68
4223,1,8970,3128,5842,0,0,0,1.0,1,1.0,1,1.0,1,0.1712367518569831,68
4224,1,8971,3129,5842,0,0,0,1.0,1,1.0,1,1.0,1,0.16938035595634232,68
4225,2,8973,3129,5844,0,0,0,1.0,1,1.0,1,1.0,1,0.13233140379749952,66
4226,0,8973,3129,5844,0,0,0,1.0,1,1.0,1,1.0,1,0.13208042852796975,66
4227,1,8974,3130,5844,0,0,0,1.0,1,1.0,1,1.0,1,0.157978769826283,66
4228,0,8974,3130,5844,0,0,0,1.0,1,1.0,1,1.0,1,0.14824404571666744,65
4229,2,8976,3131,5845,0,0,0,1.0,1,1.0,1,1.0,1,0.15076331311273583,65
4230,2,8978,3132,5846,0,0,0,1.0,1,1.0,1,1.0,1,0.15762524093063965,64
4231,2,8980,3133,5847,0,0,0,1.0,1,1.0,1,1.0,1,0.15765032809307924,64
4232,1,8981,3133,5848,0,0,0,1.0,1,1.0,1,1.0,1,0.13264399383054748,65
4233,0,8981,3133,5848,0,0,0,1.0,1,1.0,1,1.0,1,0.13460371305486393,64
4234,1,8982,3133,5849,0,0,0,1.0,1,1.0,1,1.0,1,0.12012509599129187,63
4235,2,8984,3135,5849,0,0,0,1.0,1,1.0,1,1.0,1,0.12397527678245672,63
4236,1,8985,3135,5850,0,0,0,1.0,1,1.0,1,1.0,1,0.11582600483113738,63
4237,5,8990,3137,5853,0,0,0,1.0,1,1.0,1,1.0,1,0.12186237766788728,65
4238,1,8991,3137,5854,0,0,0,1.0,1,1.0,1,1.0,1,0.10533247195423243,65
4239,0,8991,3137,5854,0,0,0,1.0,1,1.0,1,1.0,1,0.10533247195423243,65
4240,0,8991,3137,5854,0,0,0,1.0,1,1.0,1,1.0,1,0.09061655882567297,66
4241,0,8991,3137,5854,0,0,0,1.0,1,1.0,1,1.0,1,0.09061655882567297,66
4242,2,8993,3138,5855,0,0,0,1.0,1,1.0,1,1.0,1,0.08677004060885725,69
4243,3,8996,3138,5858,0,0,0,1.0,1,1.0,1,1.0,1,0.08291769109419454,71
4244,0,8996,3138,5858,0,0,0,1.0,1,1.0,1,1.0,1,0.08291769109419454,71
4245,1,8997,3138,5859,0,0,0,1.0,1,1.0,1,1.0,1,0.07567332581133505,73
4246,2,8999,3138,5861,0,0,0,1.0,1,1.0,1,1.0,1,0.04748371770045063,74
4247,0,8999,3138,5861,0,0,0,1.0,1,1.0,1,1.0,1,0.04748371770045063,74
4248,1,9000,3139,5861,0,0,0,1.0,1,1.0,1,1.0,1,0.06263885298604534,74
4249,0,9000,3139,5861,0,0,0,1.0,1,1.0,1,1.0,1,0.06263885298604534,74
4250,0,9000,3139,5861,0,0,0,1.0,1,1.0,1,1.0,1,0.06263885298604534,74
4251,2,9002,3141,5861,0,0,0,1.0,1,1.0,1,1.0,1,0.07719888194023464,75
4252,3,9005,3143,5862,0,0,0,1.0,1,1.0,1,1.0,1,0.11155961201947151,75
4253,2,9007,3143,5864,0,0,0,1.0,1,1.0,1,1.0,1,0.10335849073892024,76
4254,1,9008,3144,5864,0,0,0,1.0,1,1.0,1,1.0,1,0.12033681987458734,75
4255,4,9012,3146,5866,0,0,0,1.0,1,1.0,1,1.0,1,0.11952735125897117,76
4256,3,9015,3146,5869,0,0,0,1.0,1,1.0,1,1.0,1,0.10693564480569596,78
4257,3,9018,3146,5872,0,0,0,1.0,1,1.0,1,1.0,1,0.07914269021639242,78
4258,2,9020,3147,5873,0,0,0,1.0,1,1.0,1,1.0,1,0.09075636880272764,77
4259,2,9022,3148,5874,0,0,0,1.0,1,1.0,1,1.0,1,0.08280462349323554,78
4260,1,9023,3148,5875,0,0,0,1.0,1,1.0,1,1.0,1,0.08075345365638636,77
4261,1,9024,3149,5875,0,0,0,1.0,1,1.0,1,1.0,1,0.08693844174388987,76
4262,1,9025,3149,5876,0,0,0,1.0,1,1.0,1,1.0,1,0.08613676205062046,75
4263,0,9025,3149,5876,0,0,0,1.0,1,1.0,1,1.0,1,0.08656419719160706,74
4264,0,9025,3149,5876,0,0,0,1.0,1,1.0,1,1.0,1,0.12705022851912098,74
4265,7,9032,3153,5879,0,0,0,1.0,1,1.0,1,1.0,1,0.10162192017332472,73
4266,1,9033,3154,5879,0,0,0,1.0,1,1.0,1,1.0,1,0.11390755387554058,71
4267,4,9037,3158,5879,0,0,0,1.0,1,1.0,1,1.0,1,0.13478031713904684,69
4268,1,9038,3159,5879,0,0,0,1.0,1,1.0,1,1.0,1,0.1654679223328912,67
4269,7,9045,3161,5884,0,0,0,1.0,1,1.0,1,1.0,1,0.12321824148795753,64
4270,3,9048,3164,5884,0,0,0,1.0,1,1.0,1,1.0,1,0.13957391340992226,63
4271,0,9048,3164,5884,0,0,0,1.0,1,1.0,1,1.0,1,0.14115042460141825,63
4272,3,9051,3165,5886,0,0,0,1.0,1,1.0,1,1.0,1,0.13706809065386766,62
4273,2,9053,3166,5887,0,0,0,1.0,1,1.0,1,1.0,1,0.14998558165862513,62
4274,1,9054,3166,5888,0,0,0,1.0,1,1.0,1,1.0,1,0.16142263464140202,62
4275,1,9055,3166,5889,0,0,0,1.0,1,1.0,1,1.0,1,0.17885959291543227,61
4276,0,9055,3166,5889,0,0,0,1.0,1,1.0,1,1.0,1,0.1782292914247578,62
4277,8,9063,3166,5897,0,0,0,1.0,1,1.0,1,1.0,1,0.16228294160988943,63
4278,1,9064,3167,5897,0,0,0,1.0,1,1.0,1,1.0,1,0.16052830980331192,64
4279,6,9070,3169,5901,0,0,0,1.0,1,1.0,1,1.0,1,0.164696093720891,65
4280,4,9074,3169,5905,0,0,0,1.0,1,1.0,1,1.0,1,0.17263851047252018,65
4281,5,9079,3169,5910,0,0,0,1.0,1,1.0,1,1.0,1,0.13237486108854182,65
4282,6,9085,3172,5913,0,0,0,1.0,1,1.0,1,1.0,1,0.1444456755656611,66
4283,3,9088,3173,5915,0,0,0,1.0,1,1.0,1,1.0,1,0.164732146314031,66
4284,3,9091,3174,5917,0,0,0,1.0,1,1.0,1,1.0,1,0.18139600467869277,66
4285,1,9092,3174,5918,0,0,0,1.0,1,1.0,1,1.0,1,0.17733403648392762,67
4286,2,9094,3174,5920,0,0,0,1.0,1,1.0,1,1.0,1,0.17454765729449642,67
4287,1,9095,3174,5921,0,0,0,1.0,1,1.0,1,1.0,1,0.16431731007504533,67
4288,0,9095,3174,5921,0,0,0,1.0,1,1.0,1,1.0,1,0.15591220889960464,68
4289,3,9098,3175,5923,0,0,0,1.0,1,1.0,1,1.0,1,0.14760653700390305,68
4290,1,9099,3175,5924,0,0,0,1.0,1,1.0,1,1.0,1,0.15600854824361937,70
4291,4,9103,3177,5926,0,0,0,1.0,1,1.0,1,1.0,1,0.16998193394865682,71
4292,0,9103,3177,5926,0,0,0,1.0,1,1.0,1,1.0,1,0.16998193394865682,71
4293,4,9107,3177,5930,0,0,0,1.0,1,1.0,1,1.0,1,0.1417999418238099,71
4294,1,9108,3178,5930,0,0,0,1.0,1,1.0,1,1.0,1,0.14270392052146064,71
4295,3,9111,3179,5932,0,0,0,1.0,1,1.0,1,1.0,1,0.1565918633365317,72
4296,2,9113,3180,5933,0,0,0,1.0,1,1.0,1,1.0,1,0.16765059146165182,73
4297,3,9116,3180,5936,0,0,0,1.0,1,1.0,1,1.0,1,0.1333181900066413,73
4298,0,9116,3180,5936,0,0,0,1.0,1,1.0,1,1.0,1,0.14023833648716083,74
4299,0,9116,3180,5936,0,0,0,1.0,1,1.0,1,1.0,1,0.12232241517886314,75
4300,2,9118,3181,5937,0,0,0,1.0,1,1.0,1,1.0,1,0.13407807821637976,75
4301,1,9119,3181,5938,0,0,0,1.0,1,1.0,1,1.0,1,0.1171724475359558,76
4302,0,9119,3181,5938,0,0,0,1.0,1,1.0,1,1.0,1,0.1171724475359558,76
4303,1,9120,3181,5939,0,0,0,1.0,1,1.0,1,1.0,1,0.1160403873999486,75
4304,3,9123,3183,5940,0,0,0,1.0,1,1.0,1,1.0,1,0.16191904384810415,75
4305,3,9126,3183,5943,0,0,0,1.0,1,1.0,1,1.0,1,0.11173517596931568,73
4306,7,9133,3186,5947,0,0,0,1.0,1,1.0,1,1.0,1,0.09638143871656928,74
4307,6,9139,3187,5952,0,0,0,1.0,1,1.0,1,1.0,1,0.0844264319376548,73
4308,3,9142,3187,5955,0,0,0,1.0,1,1.0,1,1.0,1,0.08977533059658305,71
4309,1,9143,3187,5956,0,0,0,1.0,1,1.0,1,1.0,1,0.09475567519925189,70
4310,2,9145,3189,5956,0,0,0,1.0,1,1.0,1,1.0,1,0.12362345768787536,69
4311,2,9147,3190,5957,0,0,0,1.0,1,1.0,1,1.0,1,0.11912032655832742,69
4312,2,9149,3191,5958,0,0,0,1.0,1,1.0,1,1.0,1,0.14312535244973626,66
4313,3,9152,3193,5959,0,0,0,1.0,1,1.0,1,1.0,1,0.15103490095665495,64
4314,1,9153,3193,5960,0,0,0,1.0,1,1.0,1,1.0,1,0.16182155405567236,61
4315,3,9156,3196,5960,0,0,0,1.0,1,1.0,1,1.0,1,0.1862637888718142,61
4316,2,9158,3197,5961,0,0,0,1.0,1,1.0,1,1.0,1,0.1540317788403804,60
4317,4,9162,3197,5965,0,0,0,1.0,1,1.0,1,1.0,1,0.12421333305906174,62
4318,2,9164,3199,5965,0,0,0,1.0,1,1.0,1,1.0,1,0.141285737047772,59
4319,2,9166,3200,5966,0,0,0,1.0,1,1.0,1,1.0,1,0.1310248838038371,60
4320,0,9166,3200,5966,0,0,0,1.0,1,1.0,1,1.0,1,0.1310248838038371,60
4321,2,9168,3201,5967,0,0,0,1.0,1,1.0,1,1.0,1,0.12976184176940206,61
4322,1,9169,3202,5967,0,0,0,1.0,1,1.0,1,1.0,1,0.15301480254334757,61
4323,2,9171,3204,5967,0,0,0,1.0,1,1.0,1,1.0,1,0.1779021168436117,61
4324,1,9172,3205,5967,0,0,0,1.0,1,1.0,1,1.0,1,0.19279276351482572,60
4325,3,9175,3206,5969,0,0,0,1.0,1,1.0,1,1.0,1,0.20009196993013503,60
4326,2,9177,3208,5969,0,0,0,1.0,1,1.0,1,1.0,1,0.20941533307330149,61
4327,2,9179,3208,5971,0,0,0,1.0,1,1.0,1,1.0,1,0.1757431631502061,62
4328,0,9179,3208,5971,0,0,0,1.0,1,1.0,1,1.0,1,0.1757431631502061,62
4329,3,9182,3208,5974,0,0,0,1.0,1,1.0,1,1.0,1,0.15688153853970283,65
4330,3,9185,3208,5977,0,0,0,1.0,1,1.0,1,1.0,1,0.1323489025676994,65
4331,4,9189,3208,5981,0,0,0,1.0,1,1.0,1,1.0,1,0.12210451074180707,65
4332,5,9194,3209,5985,0,0,0,1.0,1,1.0,1,1.0,1,0.12886946971058416,66
4333,4,9198,3210,5988,0,0,0,1.0,1,1.0,1,1.0,1,0.1282482924104865,66
4334,2,9200,3211,5989,0,0,0,1.0,1,1.0,1,1.0,1,0.12985467258189765,66
4335,0,9200,3211,5989,0,0,0,1.0,1,1.0,1,1.0,1,0.14269496835328038,65
4336,3,9203,3212,5991,0,0,0,1.0,1,1.0,1,1.0,1,0.1543521230871906,67
4337,7,9210,3213,5997,0,0,0,1.0,1,1.0,1,1.0,1,0.16225700839911295,69
4338,0,9210,3213,5997,0,0,0,1.0,1,1.0,1,1.0,1,0.16738604071753166,70
4339,2,9212,3213,5999,0,0,0,1.0,1,1.0,1,1.0,1,0.1570689583707695,70
4340,1,9213,3213,6000,0,0,0,1.0,1,1.0,1,1.0,1,0.17085731376047936,71
4341,7,9220,3214,6006,0,0,0,1.0,1,1.0,1,1.0,1,0.13366169040978304,70
4342,0,9220,3214,6006,0,0,0,1.0,1,1.0,1,1.0,1,0.14188301063117092,71
4343,0,9220,3214,6006,0,0,0,1.0,1,1.0,1,1.0,1,0.1600100959695793,67
4344,6,9226,3218,6008,0,0,0,1.0,1,1.0,1,1.0,1,0.17608083222913015,67
4345,9,9235,3220,6015,0,0,0,1.0,1,1.0,1,1.0,1,0.1200231275737278,64
4346,2,9237,3222,6015,0,0,0,1.0,1,1.0,1,1.0,1,0.13470021265981963,64
4347,3,9240,3225,6015,0,0,0,1.0,1,1.0,1,1.0,1,0.1738681641330402,62
4348,4,9244,3227,6017,0,0,0,1.0,1,1.0,1,1.0,1,0.16568187849684296,62
4349,2,9246,3228,6018,0,0,0,1.0,1,1.0,1,1.0,1,0.1823783388594925,61
4350,2,9248,3229,6019,0,0,0,1.0,1,1.0,1,1.0,1,0.18564477927679127,60
4351,1,9249,3229,6020,0,0,0,1.0,1,1.0,1,1.0,1,0.18610153733122703,60
4352,0,9249,3229,6020,0,0,0,1.0,1,1.0,1,1.0,1,0.21285143120352956,57
4353,4,9253,3230,6023,0,0,0,1.0,1,1.0,1,1.0,1,0.21898052302670176,55
4354,5,9258,3231,6027,0,0,0,1.0,1,1.0,1,1.0,1,0.18403045270838095,55
4355,2,9260,3231,6029,0,0,0,1.0,1,1.0,1,1.0,1,0.18578238956885085,53
4356,0,9260,3231,6029,0,0,0,1.0,1,1.0,1,1.0,1,0.17999589077434683,55
4357,5,9265,3232,6033,0,0,0,1.0,1,1.0,1,1.0,1,0.13152795388340344,55
4358,3,9268,3233,6035,0,0,0,1.0,1,1.0,1,1.0,1,0.12153473728094838,55
4359,0,9268,3233,6035,0,0,0,1.0,1,1.0,1,1.0,1,0.1324990985358931,54
4360,2,9270,3233,6037,0,0,0,1.0,1,1.0,1,1.0,1,0.12112672725965089,55
4361,3,9273,3234,6039,0,0,0,1.0,1,1.0,1,1.0,1,0.08002359511155929,54
4362,1,9274,3234,6040,0,0,0,1.0,1,1.0,1,1.0,1,0.08298220249387345,55
4363,1,9275,3235,6040,0,0,0,1.0,1,1.0,1,1.0,1,0.10775139560108633,55
4364,1,9276,3236,6040,0,0,0,1.0,1,1.0,1,1.0,1,0.1295230076783066,55
4365,2,9278,3236,6042,0,0,0,1.0,1,1.0,1,1.0,1,0.13092191040880688,54
4366,3,9281,3237,6044,0,0,0,1.0,1,1.0,1,1.0,1,0.11309740310837346,54
4367,1,9282,3238,6044,0,0,0,1.0,1,1.0,1,1.0,1,0.13331010163771204,57
4368,3,9285,3238,6047,0,0,0,1.0,1,1.0,1,1.0,1,0.1335385974956196,57
4369,1,9286,3238,6048,0,0,0,1.0,1,1.0,1,1.0,1,0.1004614348198613,58
4370,1,9287,3239,6048,0,0,0,1.0,1,1.0,1,1.0,1,0.12622281191705,59
4371,1,9288,3239,6049,0,0,0,1.0,1,1.0,1,1.0,1,0.09980984062760001,60
4372,1,9289,3240,6049,0,0,0,1.0,1,1.0,1,1.0,1,0.10943095695302393,60
4373,2,9291,3240,6051,0,0,0,1.0,1,1.0,1,1.0,1,0.08817456785548232,60
4374,1,9292,3241,6051,0,0,0,1.0,1,1.0,1,1.0,1,0.12383186003461724,59
4375,0,9292,3241,6051,0,0,0,1.0,1,1.0,1,1.0,1,0.13283937633916887,60
4376,0,9292,3241,6051,0,0,0,1.0,1,1.0,1,1.0,1,0.15035733769368953,60
4377,4,9296,3244,6052,0,0,0,1.0,1,1.0,1,1.0,1,0.2146487325428039,61
4378,4,9300,3244,6056,0,0,0,1.0,1,1.0,1,1.0,1,0.18690711368777585,64
4379,0,9300,3244,6056,0,0,0,1.0,1,1.0,1,1.0,1,0.18690711368777585,64
4380,1,9301,3245,6056,0,0,0,1.0,1,1.0,1,1.0,1,0.1980955226218419,65
4381,7,9308,3245,6063,0,0,0,1.0,1,1.0,1,1.0,1,0.15487660847018134,64
4382,1,9309,3246,6063,0,0,0,1.0,1,1.0,1,1.0,1,0.1810127694738842,64
4383,1,9310,3247,6063,0,0,0,1.0,1,1.0,1,1.0,1,0.18466402133568985,64
4384,2,9312,3248,6064,0,0,0,1.0,1,1.0,1,1.0,1,0.22513780346856205,60
4385,6,9318,3249,6069,0,0,0,1.0,1,1.0,1,1.0,1,0.1844180371564634,58
4386,4,9322,3252,6070,0,0,0,1.0,1,1.0,1,1.0,1,0.2081824870752141,58
4387,4,9326,3253,6073,0,0,0,1.0,1,1.0,1,1.0,1,0.15920681530803668,55
4388,1,9327,3254,6073,0,0,0,1.0,1,1.0,1,1.0,1,0.17170990017518795,56
4389,2,9329,3254,6075,0,0,0,1.0,1,1.0,1,1.0,1,0.12841034397456316,55
4390,1,9330,3255,6075,0,0,0,1.0,1,1.0,1,1.0,1,0.1329495476453637,55
4391,2,9332,3257,6075,0,0,0,1.0,1,1.0,1,1.0,1,0.14787422781539294,56
4392,2,9334,3258,6076,0,0,0,1.0,1,1.0,1,1.0,1,0.153715776199746,56
4393,4,9338,3259,6079,0,0,0,1.0,1,1.0,1,1.0,1,0.15072698990664898,55
4394,1,9339,3260,6079,0,0,0,1.0,1,1.0,1,1.0,1,0.15743266907849063,53
4395,1,9340,3260,6080,0,0,0,1.0,1,1.0,1,1.0,1,0.14749940722991198,53
4396,3,9343,3262,6081,0,0,0,1.0,1,1.0,1,1.0,1,0.1647185862904851,53
4397,3,9346,3263,6083,0,0,0,1.0,1,1.0,1,1.0,1,0.18839595820753782,50
4398,1,9347,3264,6083,0,0,0,1.0,1,1.0,1,1.0,1,0.22311137913267567,50
4399,1,9348,3264,6084,0,0,0,1.0,1,1.0,1,1.0,1,0.21450927227476146,52
4400,4,9352,3264,6088,0,0,0,1.0,1,1.0,1,1.0,1,0.2065825164854781,55
4401,2,9354,3264,6090,0,0,0,1.0,1,1.0,1,1.0,1,0.16035140085160074,56
4402,0,9354,3264,6090,0,0,0,1.0,1,1.0,1,1.0,1,0.16035140085160074,56
4403,5,9359,3267,6092,0,0,0,1.0,1,1.0,1,1.0,1,0.14425319061202407,57
4404,0,9359,3267,6092,0,0,0,1.0,1,1.0,1,1.0,1,0.14425319061202407,57
4405,0,9359,3267,6092,0,0,0,1.0,1,1.0,1,1.0,1,0.13986177958832277,58
4406,0,9359,3267,6092,0,0,0,1.0,1,1.0,1,1.0,1,0.13986177958832277,58
4407,0,9359,3267,6092,0,0,0,1.0,1,1.0,1,1.0,1,0.13986177958832277,58
4408,1,9360,3268,6092,0,0,0,1.0,1,1.0,1,1.0,1,0.1600807882792906,59
4409,0,9360,3268,6092,0,0,0,1.0,1,1.0,1,1.0,1,0.1600807882792906,59
4410,0,9360,3268,6092,0,0,0,1.0,1,1.0,1,1.0,1,0.1600807882792906,59
4411,1,9361,3268,6093,0,0,0,1.0,1,1.0,1,1.0,1,0.1424125331626224,62
4412,0,9361,3268,6093,0,0,0,1.0,1,1.0,1,1.0,1,0.1422060823948944,63
4413,2,9363,3269,6094,0,0,0,1.0,1,1.0,1,1.0,1,0.1356014692830904,63
4414,3,9366,3269,6097,0,0,0,1.0,1,1.0,1,1.0,1,0.10821770224241598,64
4415,2,9368,3270,6098,0,0,0,1.0,1,1.0,1,1.0,1,0.12785342225806845,64
4416,1,9369,3270,6099,0,0,0,1.0,1,1.0,1,1.0,1,0.11859025965395842,64
4417,0,9369,3270,6099,0,0,0,1.0,1,1.0,1,1.0,1,0.12516216438157138,65
4418,1,9370,3271,6099,0,0,0,1.0,1,1.0,1,1.0,1,0.13310061154231576,65
4419,3,9373,3271,6102,0,0,0,1.0,1,1.0,1,1.0,1,0.1563305026408776,62
4420,0,9373,3271,6102,0,0,0,1.0,1,1.0,1,1.0,1,0.15681632505742282,62
4421,4,9377,3272,6105,0,0,0,1.0,1,1.0,1,1.0,1,0.14884553667799283,65
4422,4,9381,3273,6108,0,0,0,1.0,1,1.0,1,1.0,1,0.14223507018903048,64
4423,1,9382,3274,6108,0,0,0,1.0,1,1.0,1,1.0,1,0.1347780588777816,63
4424,3,9385,3275,6110,0,0,0,1.0,1,1.0,1,1.0,1,0.12904851882460752,63
4425,4,9389,3276,6113,0,0,0,1.0,1,1.0,1,1.0,1,0.11229497729684812,63
4426,2,9391,3277,6114,0,0,0,1.0,1,1.0,1,1.0,1,0.08742468033944041,63
4427,1,9392,3278,6114,0,0,0,1.0,1,1.0,1,1.0,1,0.08779107453571955,62
4428,0,9392,3278,6114,0,0,0,1.0,1,1.0,1,1.0,1,0.0833835224251585,61
4429,6,9398,3282,6116,0,0,0,1.0,1,1.0,1,1.0,1,0.12141555168485876,62
4430,2,9400,3283,6117,0,0,0,1.0,1,1.0,1,1.0,1,0.11150581105158791,60
4431,1,9401,3284,6117,0,0,0,1.0,1,1.0,1,1.0,1,0.09901250447846639,59
4432,2,9403,3285,6118,0,0,0,1.0,1,1.0,1,1.0,1,0.10116944948045523,60
4433,7,9410,3288,6122,0,0,0,1.0,1,1.0,1,1.0,1,0.1141743582960206,61
4434,2,9412,3289,6123,0,0,0,1.0,1,1.0,1,1.0,1,0.10069558465564152,61
4435,3,9415,3290,6125,0,0,0,1.0,1,1.0,1,1.0,1,0.11076382458194416,61
4436,0,9415,3290,6125,0,0,0,1.0,1,1.0,1,1.0,1,0.11076382458194416,61
4437,4,9419,3292,6127,0,0,0,1.0,1,1.0,1,1.0,1,0.11028042867978101,61
4438,1,9420,3293,6127,0,0,0,1.0,1,1.0,1,1.0,1,0.1014707977778882,62
4439,1,9421,3293,6128,0,0,0,1.0,1,1.0,1,1.0,1,0.10374314993272096,63
4440,0,9421,3293,6128,0,0,0,1.0,1,1.0,1,1.0,1,0.10393295045866402,64
4441,2,9423,3294,6129,0,0,0,1.0,1,1.0,1,1.0,1,0.09092158237968802,64
4442,7,9430,3297,6133,0,0,0,1.0,1,1.0,1,1.0,1,0.10469796300738957,67
4443,4,9434,3299,6135,0,0,0,1.0,1,1.0,1,1.0,1,0.11772781796499633,68
4444,3,9437,3299,6138,0,0,0,1.0,1,1.0,1,1.0,1,0.11331625882914015,69
4445,6,9443,3301,6142,0,0,0,1.0,1,1.0,1,1.0,1,0.11286472295941413,71
4446,2,9445,3301,6144,0,0,0,1.0,1,1.0,1,1.0,1,0.10652042012794422,71
4447,1,9446,3301,6145,0,0,0,1.0,1,1.0,1,1.0,1,0.09957269279499271,72
4448,0,9446,3301,6145,0,0,0,1.0,1,1.0,1,1.0,1,0.10833965526484846,71
4449,2,9448,3302,6146,0,0,0,1.0,1,1.0,1,1.0,1,0.10590016597173296,70
4450,0,9448,3302,6146,0,0,0,1.0,1,1.0,1,1.0,1,0.11495938384681957,69
4451,0,9448,3302,6146,0,0,0,1.0,1,1.0,1,1.0,1,0.1170751598334031,69
4452,2,9450,3302,6148,0,0,0,1.0,1,1.0,1,1.0,1,0.10507094451561758,70
4453,5,9455,3302,6153,0,0,0,1.0,1,1.0,1,1.0,1,0.06974575296530378,70
4454,4,9459,3304,6155,0,0,0,1.0,1,1.0,1,1.0,1,0.09483920835194724,71
4455,2,9461,3304,6157,0,0,0,1.0,1,1.0,1,1.0,1,0.08593680461459072,71
4456,4,9465,3306,6159,0,0,0,1.0,1,1.0,1,1.0,1,0.14163908601574748,71
4457,10,9475,3307,6168,0,0,0,1.0,1,1.0,1,1.0,1,0.060614328448291364,69
4458,3,9478,3308,6170,0,0,0,1.0,1,1.0,1,1.0,1,0.0785498305273529,70
4459,3,9481,3309,6172,0,0,0,1.0,1,1.0,1,1.0,1,0.1025763584376802,68
4460,3,9484,3310,6174,0,0,0,1.0,1,1.0,1,1.0,1,0.09672442073654364,68
4461,3,9487,3310,6177,0,0,0,1.0,1,1.0,1,1.0,1,0.07720721036192843,67
4462,5,9492,3313,6179,0,0,0,1.0,1,1.0,1,1.0,1,0.10184144893475801,66
4463,2,9494,3314,6180,0,0,0,1.0,1,1.0,1,1.0,1,0.12941788982155072,65
4464,5,9499,3317,6182,0,0,0,1.0,1,1.0,1,1.0,1,0.19320910329643393,62
4465,12,9511,3320,6191,0,0,0,1.0,1,1.0,1,1.0,1,0.13325184644728064,61
4466,2,9513,3320,6193,0,0,0,1.0,1,1.0,1,1.0,1,0.14619429632921863,60
4467,4,9517,3321,6196,0,0,0,1.0,1,1.0,1,1.0,1,0.13838911786661912,58
4468,4,9521,3322,6199,0,0,0,1.0,1,1.0,1,1.0,1,0.1388068983895798,57
4469,4,9525,3323,6202,0,0,0,1.0,1,1.0,1,1.0,1,0.12075568388435022,56
4470,2,9527,3324,6203,0,0,0,1.0,1,1.0,1,1.0,1,0.12881494658137946,55
4471,0,9527,3324,6203,0,0,0,1.0,1,1.0,1,1.0,1,0.12413208578628411,55
4472,4,9531,3327,6204,0,0,0,1.0,1,1.0,1,1.0,1,0.14231499879534598,55
4473,3,9534,3329,6205,0,0,0,1.0,1,1.0,1,1.0,1,0.15247079586354395,55
4474,4,9538,3330,6208,0,0,0,1.0,1,1.0,1,1.0,1,0.1416795372983149,55
4475,1,9539,3331,6208,0,0,0,1.0,1,1.0,1,1.0,1,0.1283595031500478,56
4476,0,9539,3331,6208,0,0,0,1.0,1,1.0,1,1.0,1,0.12875183095882098,56
4477,4,9543,3331,6212,0,0,0,1.0,1,1.0,1,1.0,1,0.09192435235586359,57
4478,0,9543,3331,6212,0,0,0,1.0,1,1.0,1,1.0,1,0.12006962139124376,55
4479,1,9544,3332,6212,0,0,0,1.0,1,1.0,1,1.0,1,0.1264332568102961,55
4480,1,9545,3333,6212,0,0,0,1.0,1,1.0,1,1.0,1,0.15311517150723825,54
4481,5,9550,3333,6217,0,0,0,1.0,1,1.0,1,1.0,1,0.09765881016947016,53
4482,1,9551,3334,6217,0,0,0,1.0,1,1.0,1,1.0,1,0.11681805167090123,54
4483,1,9552,3334,6218,0,0,0,1.0,1,1.0,1,1.0,1,0.11128608799340545,55
4484,1,9553,3335,6218,0,0,0,1.0,1,1.0,1,1.0,1,0.11595751332363628,57
4485,3,9556,3336,6220,0,0,0,1.0,1,1.0,1,1.0,1,0.11167939046846859,60
4486,5,9561,3338,6223,0,0,0,1.0,1,1.0,1,1.0,1,0.09098482330098287,60
4487,1,9562,3338,6224,0,0,0,1.0,1,1.0,1,1.0,1,0.09167046149698642,60
4488,0,9562,3338,6224,0,0,0,1.0,1,1.0,1,1.0,1,0.09167046149698642,60
4489,1,9563,3339,6224,0,0,0,1.0,1,1.0,1,1.0,1,0.11320596282536845,60
4490,1,9564,3340,6224,0,0,0,1.0,1,1.0,1,1.0,1,0.11708057996389407,60
4491,1,9565,3341,6224,0,0,0,1.0,1,1.0,1,1.0,1,0.12432324556852822,61
4492,1,9566,3342,6224,0,0,0,1.0,1,1.0,1,1.0,1,0.10939440220275606,61
4493,0,9566,3342,6224,0,0,0,1.0,1,1.0,1,1.0,1,0.11503380290726706,60
4494,4,9570,3344,6226,0,0,0,1.0,1,1.0,1,1.0,1,0.0970729595261147,61
4495,1,9571,3345,6226,0,0,0,1.0,1,1.0,1,1.0,1,0.12090592561522966,59
4496,2,9573,3346,6227,0,0,0,1.0,1,1.0,1,1.0,1,0.1628106989410595,60
4497,5,9578,3346,6232,0,0,0,1.0,1,1.0,1,1.0,1,0.12364173105915195,59
4498,1,9579,3346,6233,0,0,0,1.0,1,1.0,1,1.0,1,0.13022538050955867,57
4499,3,9582,3348,6234,0,0,0,1.0,1,1.0,1,1.0,1,0.13897705952349468,58
4500,0,9582,3348,6234,0,0,0,1.0,1,1.0,1,1.0,1,0.12713475754947512,56
4501,4,9586,3348,6238,0,0,0,1.0,1,1.0,1,1.0,1,0.09037228905807633,57
4502,4,9590,3351,6239,0,0,0,1.0,1,1.0,1,1.0,1,0.12910232191886398,56
4503,2,9592,3353,6239,0,0,0,1.0,1,1.0,1,1.0,1,0.184557822459779,54
4504,4,9596,3354,6242,0,0,0,1.0,1,1.0,1,1.0,1,0.12960284932450009,54
4505,2,9598,3356,6242,0,0,0,1.0,1,1.0,1,1.0,1,0.11935353930213764,51
4506,2,9600,3356,6244,0,0,0,1.0,1,1.0,1,1.0,1,0.059259939999826594,49
4507,1,9601,3357,6244,0,0,0,1.0,1,1.0,1,1.0,1,0.0970517621406991,48
4508,0,9601,3357,6244,0,0,0,1.0,1,1.0,1,1.0,1,0.11158570335635076,48
4509,3,9604,3359,6245,0,0,0,1.0,1,1.0,1,1.0,1,0.14884458506332204,46
4510,1,9605,3359,6246,0,0,0,1.0,1,1.0,1,1.0,1,0.1457423249170163,44
4511,1,9606,3360,6246,0,0,0,1.0,1,1.0,1,1.0,1,0.18699088291862292,45
4512,1,9607,3361,6246,0,0,0,1.0,1,1.0,1,1.0,1,0.19440560610405536,46
4513,6,9613,3362,6251,0,0,0,1.0,1,1.0,1,1.0,1,0.11966357977937066,45
4514,2,9615,3362,6253,0,0,0,1.0,1,1.0,1,1.0,1,0.11476006195853344,46
4515,1,9616,3362,6254,0,0,0,1.0,1,1.0,1,1.0,1,0.10550447253677742,48
4516,2,9618,3362,6256,0,0,0,1.0,1,1.0,1,1.0,1,0.10750622633611857,49
4517,0,9618,3362,6256,0,0,0,1.0,1,1.0,1,1.0,1,0.11083295918363792,50
4518,1,9619,3363,6256,0,0,0,1.0,1,1.0,1,1.0,1,0.10809200061686278,50
4519,2,9621,3365,6256,0,0,0,1.0,1,1.0,1,1.0,1,0.13984719434219825,49
4520,0,9621,3365,6256,0,0,0,1.0,1,1.0,1,1.0,1,0.15200095664022265,50
4521,1,9622,3365,6257,0,0,0,1.0,1,1.0,1,1.0,1,0.12839471141199887,50
4522,0,9622,3365,6257,0,0,0,1.0,1,1.0,1,1.0,1,0.12839471141199887,50
4523,1,9623,3366,6257,0,0,0,1.0,1,1.0,1,1.0,1,0.11448799839334224,51
4524,2,9625,3367,6258,0,0,0,1.0,1,1.0,1,1.0,1,0.11917717633841284,52
4525,3,9628,3368,6260,0,0,0,1.0,1,1.0,1,1.0,1,0.0943917574588715,53
4526,0,9628,3368,6260,0,0,0,1.0,1,1.0,1,1.0,1,0.08876706521298283,54
4527,2,9630,3368,6262,0,0,0,1.0,1,1.0,1,1.0,1,0.0851443234913541,55
4528,2,9632,3368,6264,0,0,0,1.0,1,1.0,1,1.0,1,0.08576851341110579,55
4529,3,9635,3369,6266,0,0,0,1.0,1,1.0,1,1.0,1,0.10311756335989931,55
4530,1,9636,3369,6267,0,0,0,1.0,1,1.0,1,1.0,1,0.09051507127414807,56
4531,5,9641,3373,6268,0,0,0,1.0,1,1.0,1,1.0,1,0.13807411485794646,56
4532,0,9641,3373,6268,0,0,0,1.0,1,1.0,1,1.0,1,0.15335997106555338,55
4533,5,9646,3375,6271,0,0,0,1.0,1,1.0,1,1.0,1,0.15121175954656776,54
4534,1,9647,3376,6271,0,0,0,1.0,1,1.0,1,1.0,1,0.16315574551345405,55
4535,1,9648,3376,6272,0,0,0,1.0,1,1.0,1,1.0,1,0.1500009578335075,52
4536,4,9652,3377,6275,0,0,0,1.0,1,1.0,1,1.0,1,0.16271622879339218,53
4537,5,9657,3377,6280,0,0,0,1.0,1,1.0,1,1.0,1,0.11069833994508026,52
4538,0,9657,3377,6280,0,0,0,1.0,1,1.0,1,1.0,1,0.10662970203245421,52
4539,2,9659,3378,6281,0,0,0,1.0,1,1.0,1,1.0,1,0.14548477461987333,53
4540,6,9665,3379,6286,0,0,0,1.0,1,1.0,1,1.0,1,0.12042708657314193,54
4541,2,9667,3379,6288,0,0,0,1.0,1,1.0,1,1.0,1,0.11470174965182658,53
4542,5,9672,3382,6290,0,0,0,1.0,1,1.0,1,1.0,1,0.11169123576720219,53
4543,1,9673,3383,6290,0,0,0,1.0,1,1.0,1,1.0,1,0.12645635177717748,53
4544,1,9674,3384,6290,0,0,0,1.0,1,1.0,1,1.0,1,0.13098906141964078,52
4545,5,9679,3384,6295,0,0,0,1.0,1,1.0,1,1.0,1,0.10102398605915175,50
4546,2,9681,3384,6297,0,0,0,1.0,1,1.0,1,1.0,1,0.08867833994190298,49
4547,0,9681,3384,6297,0,0,0,1.0,1,1.0,1,1.0,1,0.08853427208790836,49
4548,0,9681,3384,6297,0,0,0,1.0,1,1.0,1,1.0,1,0.08853427208790836,49
4549,3,9684,3386,6298,0,0,0,1.0,1,1.0,1,1.0,1,0.11420865540129713,50
4550,1,9685,3387,6298,0,0,0,1.0,1,1.0,1,1.0,1,0.12061585078238088,49
4551,1,9686,3387,6299,0,0,0,1.0,1,1.0,1,1.0,1,0.1119960522900188,49
4552,1,9687,3387,6300,0,0,0,1.0,1,1.0,1,1.0,1,0.0942324546320507,49
4553,2,9689,3388,6301,0,0,0,1.0,1,1.0,1,1.0,1,0.1169523410587075,49
4554,2,9691,3389,6302,0,0,0,1.0,1,1.0,1,1.0,1,0.11509155991366422,49
4555,1,9692,3390,6302,0,0,0,1.0,1,1.0,1,1.0,1,0.1082437054254675,48
4556,3,9695,3392,6303,0,0,0,1.0,1,1.0,1,1.0,1,0.15004058656555697,48
4557,5,9700,3394,6306,0,0,0,1.0,1,1.0,1,1.0,1,0.1542698391200072,49
4558,1,9701,3394,6307,0,0,0,1.0,1,1.0,1,1.0,1,0.12461687862114071,49
4559,1,9702,3395,6307,0,0,0,1.0,1,1.0,1,1.0,1,0.1731468866058826,50
4560,2,9704,3395,6309,0,0,0,1.0,1,1.0,1,1.0,1,0.16975250572702055,51
4561,1,9705,3395,6310,0,0,0,1.0,1,1.0,1,1.0,1,0.14757099242027388,52
4562,0,9705,3395,6310,0,0,0,1.0,1,1.0,1,1.0,1,0.14860922492426734,53
4563,0,9705,3395,6310,0,0,0,1.0,1,1.0,1,1.0,1,0.13391516416365282,52
4564,1,9706,3395,6311,0,0,0,1.0,1,1.0,1,1.0,1,0.12703106951220308,54
4565,3,9709,3396,6313,0,0,0,1.0,1,1.0,1,1.0,1,0.12801794468980474,55
4566,1,9710,3396,6314,0,0,0,1.0,1,1.0,1,1.0,1,0.12009814184213662,55
4567,1,9711,3397,6314,0,0,0,1.0,1,1.0,1,1.0,1,0.10412394036915475,56
4568,2,9713,3398,6315,0,0,0,1.0,1,1.0,1,1.0,1,0.1038561540241313,58
4569,1,9714,3398,6316,0,0,0,1.0,1,1.0,1,1.0,1,0.09820502271065903,59
4570,1,9715,3399,6316,0,0,0,1.0,1,1.0,1,1.0,1,0.08959634314070015,59
4571,0,9715,3399,6316,0,0,0,1.0,1,1.0,1,1.0,1,0.08728218689461979,57
4572,3,9718,3402,6316,0,0,0,1.0,1,1.0,1,1.0,1,0.11801314741990505,56
4573,3,9721,3404,6317,0,0,0,1.0,1,1.0,1,1.0,1,0.1534844757477312,56
4574,2,9723,3404,6319,0,0,0,1.0,1,1.0,1,1.0,1,0.15963391900986595,55
4575,1,9724,3404,6320,0,0,0,1.0,1,1.0,1,1.0,1,0.14439888899650719,55
4576,1,9725,3404,6321,0,0,0,1.0,1,1.0,1,1.0,1,0.15665536159063687,55
4577,1,9726,3404,6322,0,0,0,1.0,1,1.0,1,1.0,1,0.15468981567016823,54
4578,1,9727,3404,6323,0,0,0,1.0,1,1.0,1,1.0,1,0.14313873283841236,54
4579,1,9728,3405,6323,0,0,0,1.0,1,1.0,1,1.0,1,0.16399910302595877,54
4580,2,9730,3405,6325,0,0,0,1.0,1,1.0,1,1.0,1,0.14522229516618582,55
4581,3,9733,3407,6326,0,0,0,1.0,1,1.0,1,1.0,1,0.17188204230252996,56
4582,0,9733,3407,6326,0,0,0,1.0,1,1.0,1,1.0,1,0.17188204230252996,56
4583,1,9734,3408,6326,0,0,0,1.0,1,1.0,1,1.0,1,0.16554218707894872,57
4584,2,9736,3410,6326,0,0,0,1.0,1,1.0,1,1.0,1,0.20046573014769467,57
4585,4,9740,3410,6330,0,0,0,1.0,1,1.0,1,1.0,1,0.15893020211738285,57
4586,0,9740,3410,6330,0,0,0,1.0,1,1.0,1,1.0,1,0.15893020211738285,57
4587,0,9740,3410,6330,0,0,0,1.0,1,1.0,1,1.0,1,0.15893020211738285,57
4588,0,9740,3410,6330,0,0,0,1.0,1,1.0,1,1.0,1,0.16009508624391963,58
4589,1,9741,3410,6331,0,0,0,1.0,1,1.0,1,1.0,1,0.1483672643992982,59
4590,0,9741,3410,6331,0,0,0,1.0,1,1.0,1,1.0,1,0.1583424909385519,60
4591,1,9742,3410,6332,0,0,0,1.0,1,1.0,1,1.0,1,0.15173278012638616,61
4592,1,9743,3410,6333,0,0,0,1.0,1,1.0,1,1.0,1,0.13582324740609059,62
4593,1,9744,3410,6334,0,0,0,1.0,1,1.0,1,1.0,1,0.12746519895863836,64
4594,1,9745,3410,6335,0,0,0,1.0,1,1.0,1,1.0,1,0.10289196212912095,64
4595,4,9749,3411,6338,0,0,0,1.0,1,1.0,1,1.0,1,0.10284618167319329,63
4596,0,9749,3411,6338,0,0,0,1.0,1,1.0,1,1.0,1,0.10284618167319329,63
4597,2,9751,3411,6340,0,0,0,1.0,1,1.0,1,1.0,1,0.08914361199872309,63
4598,2,9753,3411,6342,0,0,0,1.0,1,1.0,1,1.0,1,0.0832269833291867,65
4599,2,9755,3412,6343,0,0,0,1.0,1,1.0,1,1.0,1,0.06763348056142203,66
4600,2,9757,3412,6345,0,0,0,1.0,1,1.0,1,1.0,1,0.07968550429752068,67
4601,2,9759,3414,6345,0,0,0,1.0,1,1.0,1,1.0,1,0.12745970615450766,67
4602,1,9760,3414,6346,0,0,0,1.0,1,1.0,1,1.0,1,0.1143588333837287,69
4603,1,9761,3415,6346,0,0,0,1.0,1,1.0,1,1.0,1,0.12489620985900474,69
4604,2,9763,3415,6348,0,0,0,1.0,1,1.0,1,1.0,1,0.10985153452761517,69
4605,1,9764,3415,6349,0,0,0,1.0,1,1.0,1,1.0,1,0.09515296917522295,70
4606,1,9765,3415,6350,0,0,0,1.0,1,1.0,1,1.0,1,0.0856230836458622,70
4607,2,9767,3416,6351,0,0,0,1.0,1,1.0,1,1.0,1,0.10539856417043234,72
4608,2,9769,3416,6353,0,0,0,1.0,1,1.0,1,1.0,1,0.09324762838320322,73
4609,1,9770,3416,6354,0,0,0,1.0,1,1.0,1,1.0,1,0.08620573781774028,72
4610,2,9772,3417,6355,0,0,0,1.0,1,1.0,1,1.0,1,0.07548337958546744,72
4611,1,9773,3417,6356,0,0,0,1.0,1,1.0,1,1.0,1,0.08815786976395963,71
4612,1,9774,3418,6356,0,0,0,1.0,1,1.0,1,1.0,1,0.1017869017403721,70
4613,0,9774,3418,6356,0,0,0,1.0,1,1.0,1,1.0,1,0.10036981300273894,69
4614,1,9775,3419,6356,0,0,0,1.0,1,1.0,1,1.0,1,0.10989882943891816,68
4615,3,9778,3421,6357,0,0,0,1.0,1,1.0,1,1.0,1,0.11562069590967443,68
4616,0,9778,3421,6357,0,0,0,1.0,1,1.0,1,1.0,1,0.1446393092985843,65
4617,2,9780,3422,6358,0,0,0,1.0,1,1.0,1,1.0,1,0.1328875085203284,66
4618,4,9784,3423,6361,0,0,0,1.0,1,1.0,1,1.0,1,0.12097332375176482,66
4619,0,9784,3423,6361,0,0,0,1.0,1,1.0,1,1.0,1,0.13172986686092958,65
4620,1,9785,3423,6362,0,0,0,1.0,1,1.0,1,1.0,1,0.12042866483093653,65
4621,8,9793,3428,6365,0,0,0,1.0,1,1.0,1,1.0,1,0.1542200027425646,67
4622,0,9793,3428,6365,0,0,0,1.0,1,1.0,1,1.0,1,0.1567702485917282,65
4623,4,9797,3431,6366,0,0,0,1.0,1,1.0,1,1.0,1,0.1995402162724464,66
4624,7,9804,3432,6372,0,0,0,1.0,1,1.0,1,1.0,1,0.1849784614362352,65
4625,7,9811,3433,6378,0,0,0,1.0,1,1.0,1,1.0,1,0.10008558933098084,64
4626,2,9813,3435,6378,0,0,0,1.0,1,1.0,1,1.0,1,0.10983031899359896,63
4627,2,9815,3436,6379,0,0,0,1.0,1,1.0,1,1.0,1,0.10051667309856871,65
4628,0,9815,3436,6379,0,0,0,1.0,1,1.0,1,1.0,1,0.11186761666929745,64
4629,4,9819,3436,6383,0,0,0,1.0,1,1.0,1,1.0,1,0.06851085127128723,64
4630,0,9819,3436,6383,0,0,0,1.0,1,1.0,1,1.0,1,0.06851085127128723,64
4631,6,9825,3439,6386,0,0,0,1.0,1,1.0,1,1.0,1,0.1145185800089956,66
4632,1,9826,3439,6387,0,0,0,1.0,1,1.0,1,1.0,1,0.11699352816031403,65
4633,1,9827,3439,6388,0,0,0,1.0,1,1.0,1,1.0,1,0.0987472504476546,66
4634,0,9827,3439,6388,0,0,0,1.0,1,1.0,1,1.0,1,0.0987472504476546,66
4635,0,9827,3439,6388,0,0,0,1.0,1,1.0,1,1.0,1,0.09974399956835704,66
4636,1,9828,3439,6389,0,0,0,1.0,1,1.0,1,1.0,1,0.07769236418916523,66
4637,2,9830,3439,6391,0,0,0,1.0,1,1.0,1,1.0,1,0.06146680718801705,68
4638,0,9830,3439,6391,0,0,0,1.0,1,1.0,1,1.0,1,0.06146680718801705,68
4639,1,9831,3440,6391,0,0,0,1.0,1,1.0,1,1.0,1,0.07667824203063665,69
4640,0,9831,3440,6391,0,0,0,1.0,1,1.0,1,1.0,1,0.07667824203063665,69
4641,2,9833,3440,6393,0,0,0,1.0,1,1.0,1,1.0,1,0.058735025604285576,70
4642,0,9833,3440,6393,0,0,0,1.0,1,1.0,1,1.0,1,0.07028276771323558,69
4643,2,9835,3441,6394,0,0,0,1.0,1,1.0,1,1.0,1,0.0776074887535216,70
4644,0,9835,3441,6394,0,0,0,1.0,1,1.0,1,1.0,1,0.09023126967850632,69
4645,2,9837,3442,6395,0,0,0,1.0,1,1.0,1,1.0,1,0.08682420610054818,70
4646,1,9838,3443,6395,0,0,0,1.0,1,1.0,1,1.0,1,0.11637976682289723,68
4647,3,9841,3446,6395,0,0,0,1.0,1,1.0,1,1.0,1,0.14895210465114572,68
4648,2,9843,3446,6397,0,0,0,1.0,1,1.0,1,1.0,1,0.17024751489241455,67
4649,8,9851,3449,6402,0,0,0,1.0,1,1.0,1,1.0,1,0.15024259125884706,67
4650,0,9851,3449,6402,0,0,0,1.0,1,1.0,1,1.0,1,0.13256300910521637,67
4651,4,9855,3451,6404,0,0,0,1.0,1,1.0,1,1.0,1,0.140304545206385,68
4652,0,9855,3451,6404,0,0,0,1.0,1,1.0,1,1.0,1,0.14930424282582586,66
4653,6,9861,3453,6408,0,0,0,1.0,1,1.0,1,1.0,1,0.1315665721277779,64
4654,1,9862,3453,6409,0,0,0,1.0,1,1.0,1,1.0,1,0.1481427761400082,65
4655,1,9863,3453,6410,0,0,0,1.0,1,1.0,1,1.0,1,0.15118274355145395,64
4656,4,9867,3455,6412,0,0,0,1.0,1,1.0,1,1.0,1,0.1739522371066196,65
4657,4,9871,3455,6416,0,0,0,1.0,1,1.0,1,1.0,1,0.14483088524801715,66
4658,3,9874,3457,6417,0,0,0,1.0,1,1.0,1,1.0,1,0.1819898463525835,65
4659,0,9874,3457,6417,0,0,0,1.0,1,1.0,1,1.0,1,0.1819898463525835,65
4660,2,9876,3459,6417,0,0,0,1.0,1,1.0,1,1.0,1,0.21008107391300795,66
4661,2,9878,3459,6419,0,0,0,1.0,1,1.0,1,1.0,1,0.18953359998544,66
4662,1,9879,3459,6420,0,0,0,1.0,1,1.0,1,1.0,1,0.1756356311609914,68
4663,1,9880,3459,6421,0,0,0,1.0,1,1.0,1,1.0,1,0.1782374089206202,67
4664,5,9885,3460,6425,0,0,0,1.0,1,1.0,1,1.0,1,0.15097403580863264,67
4665,3,9888,3461,6427,0,0,0,1.0,1,1.0,1,1.0,1,0.13072525398164064,67
4666,1,9889,3461,6428,0,0,0,1.0,1,1.0,1,1.0,1,0.13135962702842913,67
4667,1,9890,3462,6428,0,0,0,1.0,1,1.0,1,1.0,1,0.1295249880486034,66
4668,3,9893,3464,6429,0,0,0,1.0,1,1.0,1,1.0,1,0.1553358773322335,66
4669,4,9897,3465,6432,0,0,0,1.0,1,1.0,1,1.0,1,0.14367490973892666,66
4670,3,9900,3465,6435,0,0,0,1.0,1,1.0,1,1.0,1,0.14468174088561228,64
4671,1,9901,3465,6436,0,0,0,1.0,1,1.0,1,1.0,1,0.13486480232670137,64
4672,1,9902,3466,6436,0,0,0,1.0,1,1.0,1,1.0,1,0.16651605188596835,64
4673,3,9905,3466,6439,0,0,0,1.0,1,1.0,1,1.0,1,0.1433004526655118,65
4674,3,9908,3468,6440,0,0,0,1.0,1,1.0,1,1.0,1,0.1546884379625286,66
4675,4,9912,3468,6444,0,0,0,1.0,1,1.0,1,1.0,1,0.14054520141710222,65
4676,1,9913,3468,6445,0,0,0,1.0,1,1.0,1,1.0,1,0.16036403232477495,65
4677,2,9915,3468,6447,0,0,0,1.0,1,1.0,1,1.0,1,0.1497239027812193,65
4678,1,9916,3468,6448,0,0,0,1.0,1,1.0,1,1.0,1,0.15790981007810687,64
4679,0,9916,3468,6448,0,0,0,1.0,1,1.0,1,1.0,1,0.155850987490421,66
4680,2,9918,3469,6449,0,0,0,1.0,1,1.0,1,1.0,1,0.16919992188516667,67
4681,5,9923,3470,6453,0,0,0,1.0,1,1.0,1,1.0,1,0.12994523947084102,67
4682,2,9925,3471,6454,0,0,0,1.0,1,1.0,1,1.0,1,0.14017750373223353,67
4683,1,9926,3471,6455,0,0,0,1.0,1,1.0,1,1.0,1,0.12721840512831312,67
4684,2,9928,3473,6455,0,0,0,1.0,1,1.0,1,1.0,1,0.1368172448533855,66
4685,3,9931,3473,6458,0,0,0,1.0,1,1.0,1,1.0,1,0.11669928369758945,65
4686,4,9935,3477,6458,0,0,0,1.0,1,1.0,1,1.0,1,0.18370546191792972,65
4687,2,9937,3477,6460,0,0,0,1.0,1,1.0,1,1.0,1,0.15280294115535675,65
4688,7,9944,3480,6464,0,0,0,1.0,1,1.0,1,1.0,1,0.19871722569608394,64
4689,2,9946,3480,6466,0,0,0,1.0,1,1.0,1,1.0,1,0.1936467364344951,65
4690,0,9946,3480,6466,0,0,0,1.0,1,1.0,1,1.0,1,0.19823348461447637,63
4691,6,9952,3482,6470,0,0,0,1.0,1,1.0,1,1.0,1,0.18384837433819787,64
4692,4,9956,3482,6474,0,0,0,1.0,1,1.0,1,1.0,1,0.14224682600207542,63
4693,4,9960,3483,6477,0,0,0,1.0,1,1.0,1,1.0,1,0.15557333738593315,64
4694,1,9961,3483,6478,0,0,0,1.0,1,1.0,1,1.0,1,0.15015827665552878,63
4695,0,9961,3483,6478,0,0,0,1.0,1,1.0,1,1.0,1,0.15105208332411957,62
4696,2,9963,3484,6479,0,0,0,1.0,1,1.0,1,1.0,1,0.1568342025247893,61
4697,2,9965,3484,6481,0,0,0,1.0,1,1.0,1,1.0,1,0.14171129897844267,63
4698,1,9966,3484,6482,0,0,0,1.0,1,1.0,1,1.0,1,0.13700729217461793,63
4699,2,9968,3485,6483,0,0,0,1.0,1,1.0,1,1.0,1,0.13409922452720158,65
4700,1,9969,3485,6484,0,0,0,1.0,1,1.0,1,1.0,1,0.13621479431365527,64
4701,4,9973,3487,6486,0,0,0,1.0,1,1.0,1,1.0,1,0.1653945299966082,64
4702,4,9977,3487,6490,0,0,0,1.0,1,1.0,1,1.0,1,0.15352896089526277,66
4703,3,9980,3488,6492,0,0,0,1.0,1,1.0,1,1.0,1,0.13170432026599482,65
4704,3,9983,3490,6493,0,0,0,1.0,1,1.0,1,1.0,1,0.1476513491317569,64
4705,6,9989,3492,6497,0,0,0,1.0,1,1.0,1,1.0,1,0.16617671915442128,65
4706,2,9991,3494,6497,0,0,0,1.0,1,1.0,1,1.0,1,0.1813570914827448,65
4707,2,9993,3495,6498,0,0,0,1.0,1,1.0,1,1.0,1,0.1912186269747931,63
4708,1,9994,3496,6498,0,0,0,1.0,1,1.0,1,1.0,1,0.18293506765192297,62
4709,9,10003,3499,6504,0,0,0,1.0,1,1.0,1,1.0,1,0.1732802499036114,61
4710,0,10003,3499,6504,0,0,0,1.0,1,1.0,1,1.0,1,0.1757439209708621,60
4711,2,10005,3501,6504,0,0,0,1.0,1,1.0,1,1.0,1,0.17796336592957426,59
4712,0,10005,3501,6504,0,0,0,1.0,1,1.0,1,1.0,1,0.17708921151282178,58
4713,5,10010,3502,6508,0,0,0,1.0,1,1.0,1,1.0,1,0.14075680621931755,58
4714,0,10010,3502,6508,0,0,0,1.0,1,1.0,1,1.0,1,0.136200234181058,57
4715,0,10010,3502,6508,0,0,0,1.0,1,1.0,1,1.0,1,0.13351606961279752,57
4716,2,10012,3503,6509,0,0,0,1.0,1,1.0,1,1.0,1,0.11759177638301027,55
4717,4,10016,3504,6512,0,0,0,1.0,1,1.0,1,1.0,1,0.0677217348288547,57
4718,0,10016,3504,6512,0,0,0,1.0,1,1.0,1,1.0,1,0.06268661505774735,56
4719,1,10017,3505,6512,0,0,0,1.0,1,1.0,1,1.0,1,0.12195972054004656,56
4720,1,10018,3505,6513,0,0,0,1.0,1,1.0,1,1.0,1,0.11177862638355175,57
4721,2,10020,3505,6515,0,0,0,1.0,1,1.0,1,1.0,1,0.08386865641129967,57
4722,0,10020,3505,6515,0,0,0,1.0,1,1.0,1,1.0,1,0.08386865641129967,57
4723,3,10023,3506,6517,0,0,0,1.0,1,1.0,1,1.0,1,0.12465397852114343,57
4724,2,10025,3506,6519,0,0,0,1.0,1,1.0,1,1.0,1,0.11416684268749672,57
4725,1,10026,3507,6519,0,0,0,1.0,1,1.0,1,1.0,1,0.1409491764906392,57
4726,3,10029,3509,6520,0,0,0,1.0,1,1.0,1,1.0,1,0.14199891905732373,57
4727,0,10029,3509,6520,0,0,0,1.0,1,1.0,1,1.0,1,0.15896809768091805,56
4728,2,10031,3510,6521,0,0,0,1.0,1,1.0,1,1.0,1,0.16374514268201937,57
4729,0,10031,3510,6521,0,0,0,1.0,1,1.0,1,1.0,1,0.17678821151903995,56
4730,2,10033,3511,6522,0,0,0,1.0,1,1.0,1,1.0,1,0.2026687912762903,54
4731,1,10034,3511,6523,0,0,0,1.0,1,1.0,1,1.0,1,0.18783263574735357,54
4732,2,10036,3513,6523,0,0,0,1.0,1,1.0,1,1.0,1,0.23173731481822046,54
4733,5,10041,3515,6526,0,0,0,1.0,1,1.0,1,1.0,1,0.21337168777156978,55
4734,3,10044,3517,6527,0,0,0,1.0,1,1.0,1,1.0,1,0.28176935575872575,56
4735,4,10048,3518,6530,0,0,0,1.0,1,1.0,1,1.0,1,0.28278499808074464,56
4736,5,10053,3519,6534,0,0,0,1.0,1,1.0,1,1.0,1,0.2746931401129598,58
4737,5,10058,3519,6539,0,0,0,1.0,1,1.0,1,1.0,1,0.22640520171224054,59
4738,4,10062,3522,6540,0,0,0,1.0,1,1.0,1,1.0,1,0.26579734818443745,60
4739,3,10065,3522,6543,0,0,0,1.0,1,1.0,1,1.0,1,0.23806797565762258,60
4740,0,10065,3522,6543,0,0,0,1.0,1,1.0,1,1.0,1,0.23806797565762258,60
4741,6,10071,3523,6548,0,0,0,1.0,1,1.0,1,1.0,1,0.20441005661455447,61
4742,3,10074,3524,6550,0,0,0,1.0,1,1.0,1,1.0,1,0.1951388955858451,61
4743,0,10074,3524,6550,0,0,0,1.0,1,1.0,1,1.0,1,0.1839405935186471,60
4744,5,10079,3526,6553,0,0,0,1.0,1,1.0,1,1.0,1,0.15841949772095476,60
4745,0,10079,3526,6553,0,0,0,1.0,1,1.0,1,1.0,1,0.1486660070424533,59
4746,2,10081,3527,6554,0,0,0,1.0,1,1.0,1,1.0,1,0.1440585865283619,59
4747,2,10083,3528,6555,0,0,0,1.0,1,1.0,1,1.0,1,0.10912931872392723,58
4748,3,10086,3531,6555,0,0,0,1.0,1,1.0,1,1.0,1,0.10892782534315064,58
4749,6,10092,3533,6559,0,0,0,1.0,1,1.0,1,1.0,1,0.1106556087063637,58
4750,3,10095,3534,6561,0,0,0,1.0,1,1.0,1,1.0,1,0.059435527099947774,56
4751,2,10097,3536,6561,0,0,0,1.0,1,1.0,1,1.0,1,0.0758579683778451,58
4752,0,10097,3536,6561,0,0,0,1.0,1,1.0,1,1.0,1,0.06486341422447645,55
4753,0,10097,3536,6561,0,0,0,1.0,1,1.0,1,1.0,1,0.06486341422447645,55
4754,2,10099,3537,6562,0,0,0,1.0,1,1.0,1,1.0,1,0.07922329824905765,54
4755,2,10101,3538,6563,0,0,0,1.0,1,1.0,1,1.0,1,0.08337702489715651,54
4756,4,10105,3540,6565,0,0,0,1.0,1,1.0,1,1.0,1,0.09867598712583461,54
4757,1,10106,3540,6566,0,0,0,1.0,1,1.0,1,1.0,1,0.08903068535067801,53
4758,0,10106,3540,6566,0,0,0,1.0,1,1.0,1,1.0,1,0.08903068535067801,53
4759,0,10106,3540,6566,0,0,0,1.0,1,1.0,1,1.0,1,0.08903068535067801,53
4760,3,10109,3541,6568,0,0,0,1.0,1,1.0,1,1.0,1,0.09310992379825808,53
4761,5,10114,3543,6571,0,0,0,1.0,1,1.0,1,1.0,1,0.11127594809501666,52
4762,4,10118,3545,6573,0,0,0,1.0,1,1.0,1,1.0,1,0.16129327194240525,54
4763,4,10122,3546,6576,0,0,0,1.0,1,1.0,1,1.0,1,0.17812953500942036,54
4764,2,10124,3546,6578,0,0,0,1.0,1,1.0,1,1.0,1,0.16418754377967237,55
4765,4,10128,3548,6580,0,0,0,1.0,1,1.0,1,1.0,1,0.1743361240859005,56
4766,5,10133,3549,6584,0,0,0,1.0,1,1.0,1,1.0,1,0.14922558630229676,58
4767,3,10136,3549,6587,0,0,0,1.0,1,1.0,1,1.0,1,0.12942789823382433,59
4768,4,10140,3551,6589,0,0,0,1.0,1,1.0,1,1.0,1,0.13722300588798905,60
4769,1,10141,3551,6590,0,0,0,1.0,1,1.0,1,1.0,1,0.1337051154329574,59
4770,1,10142,3551,6591,0,0,0,1.0,1,1.0,1,1.0,1,0.1250057253566888,60
4771,0,10142,3551,6591,0,0,0,1.0,1,1.0,1,1.0,1,0.141185150345228,59
4772,1,10143,3552,6591,0,0,0,1.0,1,1.0,1,1.0,1,0.1361212925296763,59
4773,0,10143,3552,6591,0,0,0,1.0,1,1.0,1,1.0,1,0.12274679221792313,60
4774,0,10143,3552,6591,0,0,0,1.0,1,1.0,1,1.0,1,0.12274679221792313,60
4775,0,10143,3552,6591,0,0,0,1.0,1,1.0,1,1.0,1,0.11950986111623275,62
4776,0,10143,3552,6591,0,0,0,1.0,1,1.0,1,1.0,1,0.11299467989936027,63
4777,0,10143,3552,6591,0,0,0,1.0,1,1.0,1,1.0,1,0.11299467989936027,63
4778,0,10143,3552,6591,0,0,0,1.0,1,1.0,1,1.0,1,0.11299467989936027,63
4779,1,10144,3553,6591,0,0,0,1.0,1,1.0,1,1.0,1,0.11605573002345658,63
4780,4,10148,3554,6594,0,0,0,1.0,1,1.0,1,1.0,1,0.09989602781013779,65
4781,3,10151,3555,6596,0,0,0,1.0,1,1.0,1,1.0,1,0.10498754191676803,64
4782,2,10153,3555,6598,0,0,0,1.0,1,1.0,1,1.0,1,0.10017930480882623,65
4783,5,10158,3557,6601,0,0,0,1.0,1,1.0,1,1.0,1,0.07659819157806814,66
4784,4,10162,3560,6602,0,0,0,1.0,1,1.0,1,1.0,1,0.07317463674933344,64
4785,5,10167,3562,6605,0,0,0,1.0,1,1.0,1,1.0,1,0.0812780355660462,65
4786,2,10169,3562,6607,0,0,0,1.0,1,1.0,1,1.0,1,0.08737749752976631,66
4787,3,10172,3564,6608,0,0,0,1.0,1,1.0,1,1.0,1,0.08820834569213973,63
4788,5,10177,3568,6609,0,0,0,1.0,1,1.0,1,1.0,1,0.10764573447987687,63
4789,9,10186,3572,6614,0,0,0,1.0,1,1.0,1,1.0,1,0.06727144523947057,60
4790,4,10190,3573,6617,0,0,0,1.0,1,1.0,1,1.0,1,0.05576513786957688,61
4791,1,10191,3574,6617,0,0,0,1.0,1,1.0,1,1.0,1,0.06608375003058437,59
4792,3,10194,3576,6618,0,0,0,1.0,1,1.0,1,1.0,1,0.051574569208056885,59
4793,1,10195,3577,6618,0,0,0,1.0,1,1.0,1,1.0,1,0.05128914955975133,61
4794,1,10196,3578,6618,0,0,0,1.0,1,1.0,1,1.0,1,0.057986451276028333,60
4795,0,10196,3578,6618,0,0,0,1.0,1,1.0,1,1.0,1,0.07296671061302622,61
4796,2,10198,3580,6618,0,0,0,1.0,1,1.0,1,1.0,1,0.10473151200369403,60
4797,7,10205,3584,6621,0,0,0,1.0,1,1.0,1,1.0,1,0.10917414244548726,61
4798,2,10207,3584,6623,0,0,0,1.0,1,1.0,1,1.0,1,0.05463152883038515,61
4799,0,10207,3584,6623,0,0,0,1.0,1,1.0,1,1.0,1,0.0839035636377674,59
4800,0,10207,3584,6623,0,0,0,1.0,1,1.0,1,1.0,1,0.10921714845678784,57
4801,8,10215,3585,6630,0,0,0,1.0,1,1.0,1,1.0,1,0.09790223928223414,58
4802,4,10219,3586,6633,0,0,0,1.0,1,1.0,1,1.0,1,0.09037177962716984,56
4803,7,10226,3590,6636,0,0,0,1.0,1,1.0,1,1.0,1,0.11447767859675936,57
4804,4,10230,3592,6638,0,0,0,1.0,1,1.0,1,1.0,1,0.08806461625606647,55
4805,5,10235,3596,6639,0,0,0,1.0,1,1.0,1,1.0,1,0.14250861125797445,56
4806,2,10237,3596,6641,0,0,0,1.0,1,1.0,1,1.0,1,0.09032529154987487,55
4807,1,10238,3596,6642,0,0,0,1.0,1,1.0,1,1.0,1,0.07788162700713923,53
4808,2,10240,3597,6643,0,0,0,1.0,1,1.0,1,1.0,1,0.09343692148316057,54
4809,1,10241,3597,6644,0,0,0,1.0,1,1.0,1,1.0,1,0.12672928483633675,53
4810,2,10243,3597,6646,0,0,0,1.0,1,1.0,1,1.0,1,0.12217225325597285,53
4811,5,10248,3598,6650,0,0,0,1.0,1,1.0,1,1.0,1,0.1242130942515401,54
4812,4,10252,3599,6653,0,0,0,1.0,1,1.0,1,1.0,1,0.10251553499709579,54
4813,4,10256,3599,6657,0,0,0,1.0,1,1.0,1,1.0,1,0.05565085683391358,55
4814,2,10258,3601,6657,0,0,0,1.0,1,1.0,1,1.0,1,0.0830560100742359,55
4815,4,10262,3601,6661,0,0,0,1.0,1,1.0,1,1.0,1,0.11915574831143008,56
4816,4,10266,3603,6663,0,0,0,1.0,1,1.0,1,1.0,1,0.13271525918546787,56
4817,4,10270,3605,6665,0,0,0,1.0,1,1.0,1,1.0,1,0.11990938984435134,58
4818,2,10272,3607,6665,0,0,0,1.0,1,1.0,1,1.0,1,0.14462189410616647,58
4819,1,10273,3607,6666,0,0,0,1.0,1,1.0,1,1.0,1,0.11742883147599147,58
4820,2,10275,3608,6667,0,0,0,1.0,1,1.0,1,1.0,1,0.1210707385742497,58
4821,4,10279,3608,6671,0,0,0,1.0,1,1.0,1,1.0,1,0.09266559846794666,58
4822,2,10281,3609,6672,0,0,0,1.0,1,1.0,1,1.0,1,0.09981612681644826,58
4823,3,10284,3610,6674,0,0,0,1.0,1,1.0,1,1.0,1,0.11091324312196543,57
4824,4,10288,3611,6677,0,0,0,1.0,1,1.0,1,1.0,1,0.09720476422766443,56
4825,1,10289,3611,6678,0,0,0,1.0,1,1.0,1,1.0,1,0.11574642067743472,57
4826,1,10290,3612,6678,0,0,0,1.0,1,1.0,1,1.0,1,0.12074061416077575,57
4827,0,10290,3612,6678,0,0,0,1.0,1,1.0,1,1.0,1,0.15760628422247208,56
4828,2,10292,3613,6679,0,0,0,1.0,1,1.0,1,1.0,1,0.14528028111296068,57
4829,1,10293,3613,6680,0,0,0,1.0,1,1.0,1,1.0,1,0.140381693696954,56
4830,1,10294,3614,6680,0,0,0,1.0,1,1.0,1,1.0,1,0.12633721182023502,57
4831,3,10297,3616,6681,0,0,0,1.0,1,1.0,1,1.0,1,0.1703967419211486,57
4832,0,10297,3616,6681,0,0,0,1.0,1,1.0,1,1.0,1,0.18055588201192105,55
4833,5,10302,3617,6685,0,0,0,1.0,1,1.0,1,1.0,1,0.16209987893198133,55
4834,1,10303,3617,6686,0,0,0,1.0,1,1.0,1,1.0,1,0.15353839034223812,55
4835,0,10303,3617,6686,0,0,0,1.0,1,1.0,1,1.0,1,0.1750870712028343,55
4836,0,10303,3617,6686,0,0,0,1.0,1,1.0,1,1.0,1,0.1750870712028343,55
4837,3,10306,3617,6689,0,0,0,1.0,1,1.0,1,1.0,1,0.11940081224720592,53
4838,5,10311,3618,6693,0,0,0,1.0,1,1.0,1,1.0,1,0.08639952676430918,54
4839,2,10313,3620,6693,0,0,0,1.0,1,1.0,1,1.0,1,0.11116527173715526,53
4840,5,10318,3622,6696,0,0,0,1.0,1,1.0,1,1.0,1,0.13598201412487249,52
4841,6,10324,3625,6699,0,0,0,1.0,1,1.0,1,1.0,1,0.10124872128208501,51
4842,2,10326,3626,6700,0,0,0,1.0,1,1.0,1,1.0,1,0.11457081936673627,50
4843,4,10330,3628,6702,0,0,0,1.0,1,1.0,1,1.0,1,0.14199491995675928,51
4844,1,10331,3628,6703,0,0,0,1.0,1,1.0,1,1.0,1,0.09644047853421454,50
4845,3,10334,3630,6704,0,0,0,1.0,1,1.0,1,1.0,1,0.09903460201113833,49
4846,3,10337,3632,6705,0,0,0,1.0,1,1.0,1,1.0,1,0.08983449635026262,49
4847,1,10338,3633,6705,0,0,0,1.0,1,1.0,1,1.0,1,0.152310575929977,48
4848,3,10341,3634,6707,0,0,0,1.0,1,1.0,1,1.0,1,0.17123676179811353,48
4849,5,10346,3638,6708,0,0,0,1.0,1,1.0,1,1.0,1,0.17422305194252602,48
4850,1,10347,3638,6709,0,0,0,1.0,1,1.0,1,1.0,1,0.1658568142776136,49
4851,1,10348,3638,6710,0,0,0,1.0,1,1.0,1,1.0,1,0.15110562728885812,49
4852,0,10348,3638,6710,0,0,0,1.0,1,1.0,1,1.0,1,0.18198471557501414,49
4853,4,10352,3638,6714,0,0,0,1.0,1,1.0,1,1.0,1,0.1292780984423989,50
4854,1,10353,3639,6714,0,0,0,1.0,1,1.0,1,1.0,1,0.1453248143427567,51
4855,1,10354,3639,6715,0,0,0,1.0,1,1.0,1,1.0,1,0.1487902772401138,51
4856,0,10354,3639,6715,0,0,0,1.0,1,1.0,1,1.0,1,0.15941528850320308,50
4857,2,10356,3639,6717,0,0,0,1.0,1,1.0,1,1.0,1,0.1357451961623423,51
4858,0,10356,3639,6717,0,0,0,1.0,1,1.0,1,1.0,1,0.14398096545991182,51
4859,0,10356,3639,6717,0,0,0,1.0,1,1.0,1,1.0,1,0.154487105179118,52
4860,1,10357,3639,6718,0,0,0,1.0,1,1.0,1,1.0,1,0.1359975886735702,52
4861,2,10359,3639,6720,0,0,0,1.0,1,1.0,1,1.0,1,0.13259209014431997,53
4862,5,10364,3641,6723,0,0,0,1.0,1,1.0,1,1.0,1,0.10325191633711388,53
4863,0,10364,3641,6723,0,0,0,1.0,1,1.0,1,1.0,1,0.14239666137323742,51
4864,2,10366,3642,6724,0,0,0,1.0,1,1.0,1,1.0,1,0.12751043519225372,53
4865,4,10370,3642,6728,0,0,0,1.0,1,1.0,1,1.0,1,0.11218028346444896,52
4866,1,10371,3643,6728,0,0,0,1.0,1,1.0,1,1.0,1,0.09521568649220637,53
4867,1,10372,3644,6728,0,0,0,1.0,1,1.0,1,1.0,1,0.08891183701065583,51
4868,3,10375,3644,6731,0,0,0,1.0,1,1.0,1,1.0,1,0.07869428452854256,53
4869,1,10376,3644,6732,0,0,0,1.0,1,1.0,1,1.0,1,0.06274360886374634,53
4870,2,10378,3646,6732,0,0,0,1.0,1,1.0,1,1.0,1,0.09313784032150382,55
4871,2,10380,3646,6734,0,0,0,1.0,1,1.0,1,1.0,1,0.0732782809366005,55
4872,1,10381,3647,6734,0,0,0,1.0,1,1.0,1,1.0,1,0.11285716955177502,56
4873,3,10384,3647,6737,0,0,0,1.0,1,1.0,1,1.0,1,0.09337635494142404,56
4874,5,10389,3648,6741,0,0,0,1.0,1,1.0,1,1.0,1,0.08273851673118086,58
4875,3,10392,3649,6743,0,0,0,1.0,1,1.0,1,1.0,1,0.08907703220837505,56
4876,2,10394,3650,6744,0,0,0,1.0,1,1.0,1,1.0,1,0.08694652691351777,56
4877,4,10398,3652,6746,0,0,0,1.0,1,1.0,1,1.0,1,0.09982481790138024,54
4878,5,10403,3654,6749,0,0,0,1.0,1,1.0,1,1.0,1,0.09513805412261642,54
4879,4,10407,3656,6751,0,0,0,1.0,1,1.0,1,1.0,1,0.11695350766208827,54
4880,4,10411,3656,6755,0,0,0,1.0,1,1.0,1,1.0,1,0.15663367051065424,53
4881,8,10419,3658,6761,0,0,0,1.0,1,1.0,1,1.0,1,0.118053353730836,54
4882,0,10419,3658,6761,0,0,0,1.0,1,1.0,1,1.0,1,0.12161227668724618,52
4883,3,10422,3660,6762,0,0,0,1.0,1,1.0,1,1.0,1,0.1520608669033166,54
4884,0,10422,3660,6762,0,0,0,1.0,1,1.0,1,1.0,1,0.14573586466503177,52
4885,1,10423,3661,6762,0,0,0,1.0,1,1.0,1,1.0,1,0.15371301159207287,51
4886,0,10423,3661,6762,0,0,0,1.0,1,1.0,1,1.0,1,0.15818506167021962,50
4887,0,10423,3661,6762,0,0,0,1.0,1,1.0,1,1.0,1,0.17483572116236026,49
4888,0,10423,3661,6762,0,0,0,1.0,1,1.0,1,1.0,1,0.18305770837163038,48
4889,1,10424,3661,6763,0,0,0,1.0,1,1.0,1,1.0,1,0.1718608939285803,48
4890,0,10424,3661,6763,0,0,0,1.0,1,1.0,1,1.0,1,0.1718608939285803,48
4891,1,10425,3662,6763,0,0,0,1.0,1,1.0,1,1.0,1,0.20354146066582743,49
4892,4,10429,3662,6767,0,0,0,1.0,1,1.0,1,1.0,1,0.20909033172135102,51
4893,4,10433,3662,6771,0,0,0,1.0,1,1.0,1,1.0,1,0.1551251386994759,51
4894,2,10435,3662,6773,0,0,0,1.0,1,1.0,1,1.0,1,0.15903275678360218,52
4895,1,10436,3662,6774,0,0,0,1.0,1,1.0,1,1.0,1,0.13853921776028422,52
4896,0,10436,3662,6774,0,0,0,1.0,1,1.0,1,1.0,1,0.13448859922692322,51
4897,3,10439,3662,6777,0,0,0,1.0,1,1.0,1,1.0,1,0.08465844190497425,52
4898,0,10439,3662,6777,0,0,0,1.0,1,1.0,1,1.0,1,0.08465844190497425,52
4899,0,10439,3662,6777,0,0,0,1.0,1,1.0,1,1.0,1,0.0831049048944234,53
4900,2,10441,3663,6778,0,0,0,1.0,1,1.0,1,1.0,1,0.0632830470898962,54
4901,2,10443,3665,6778,0,0,0,1.0,1,1.0,1,1.0,1,0.07678179625097997,54
4902,3,10446,3667,6779,0,0,0,1.0,1,1.0,1,1.0,1,0.10607129990849624,55
4903,4,10450,3668,6782,0,0,0,1.0,1,1.0,1,1.0,1,0.1501243630208798,56
4904,8,10458,3670,6788,0,0,0,1.0,1,1.0,1,1.0,1,0.1735212071343233,55
4905,5,10463,3670,6793,0,0,0,1.0,1,1.0,1,1.0,1,0.12198393922220933,54
4906,4,10467,3671,6796,0,0,0,1.0,1,1.0,1,1.0,1,0.13773977899918724,54
4907,0,10467,3671,6796,0,0,0,1.0,1,1.0,1,1.0,1,0.1374707014421765,54
4908,5,10472,3671,6801,0,0,0,1.0,1,1.0,1,1.0,1,0.12990432181130587,53
4909,3,10475,3672,6803,0,0,0,1.0,1,1.0,1,1.0,1,0.10128659980025996,54
4910,1,10476,3672,6804,0,0,0,1.0,1,1.0,1,1.0,1,0.09658692499528697,55
4911,4,10480,3674,6806,0,0,0,1.0,1,1.0,1,1.0,1,0.13106285001577941,57
4912,3,10483,3676,6807,0,0,0,1.0,1,1.0,1,1.0,1,0.14991031698677193,57
4913,4,10487,3676,6811,0,0,0,1.0,1,1.0,1,1.0,1,0.10886743116156263,56
4914,2,10489,3677,6812,0,0,0,1.0,1,1.0,1,1.0,1,0.11081258063242934,56
4915,1,10490,3678,6812,0,0,0,1.0,1,1.0,1,1.0,1,0.1036390918128933,56
4916,2,10492,3678,6814,0,0,0,1.0,1,1.0,1,1.0,1,0.09550280694276818,54
4917,2,10494,3679,6815,0,0,0,1.0,1,1.0,1,1.0,1,0.08330015555177508,53
4918,1,10495,3680,6815,0,0,0,1.0,1,1.0,1,1.0,1,0.11338368774818149,52
4919,1,10496,3681,6815,0,0,0,1.0,1,1.0,1,1.0,1,0.14239989557357266,49
4920,0,10496,3681,6815,0,0,0,1.0,1,1.0,1,1.0,1,0.14239989557357266,49
4921,7,10503,3684,6819,0,0,0,1.0,1,1.0,1,1.0,1,0.18905151845992144,50
4922,1,10504,3684,6820,0,0,0,1.0,1,1.0,1,1.0,1,0.1690608984564325,50
4923,1,10505,3685,6820,0,0,0,1.0,1,1.0,1,1.0,1,0.16591648824978314,52
4924,3,10508,3686,6822,0,0,0,1.0,1,1.0,1,1.0,1,0.1768590582525834,53
4925,4,10512,3687,6825,0,0,0,1.0,1,1.0,1,1.0,1,0.12415725715206746,54
4926,2,10514,3687,6827,0,0,0,1.0,1,1.0,1,1.0,1,0.10521197504269554,54
4927,1,10515,3688,6827,0,0,0,1.0,1,1.0,1,1.0,1,0.11940249263530554,54
4928,1,10516,3688,6828,0,0,0,1.0,1,1.0,1,1.0,1,0.11430228588198667,54
4929,2,10518,3688,6830,0,0,0,1.0,1,1.0,1,1.0,1,0.10762058613580859,55
4930,1,10519,3688,6831,0,0,0,1.0,1,1.0,1,1.0,1,0.1274597525344589,58
4931,1,10520,3689,6831,0,0,0,1.0,1,1.0,1,1.0,1,0.1355417167923005,58
4932,1,10521,3689,6832,0,0,0,1.0,1,1.0,1,1.0,1,0.1443388362119657,59
4933,3,10524,3690,6834,0,0,0,1.0,1,1.0,1,1.0,1,0.11751612631031667,59
4934,0,10524,3690,6834,0,0,0,1.0,1,1.0,1,1.0,1,0.11751612631031667,59
4935,2,10526,3690,6836,0,0,0,1.0,1,1.0,1,1.0,1,0.1129223052401005,59
4936,0,10526,3690,6836,0,0,0,1.0,1,1.0,1,1.0,1,0.1129223052401005,59
4937,5,10531,3690,6841,0,0,0,1.0,1,1.0,1,1.0,1,0.11531518631373038,61
4938,5,10536,3690,6846,0,0,0,1.0,1,1.0,1,1.0,1,0.11384699139381514,62
4939,3,10539,3690,6849,0,0,0,1.0,1,1.0,1,1.0,1,0.11345036322109567,63
4940,5,10544,3690,6854,0,0,0,1.0,1,1.0,1,1.0,1,0.1295886985940407,65
4941,3,10547,3691,6856,0,0,0,1.0,1,1.0,1,1.0,1,0.13200909969003943,65
4942,5,10552,3693,6859,0,0,0,1.0,1,1.0,1,1.0,1,0.11621340991131154,67
4943,4,10556,3693,6863,0,0,0,1.0,1,1.0,1,1.0,1,0.11363189185714644,66
4944,4,10560,3695,6865,0,0,0,1.0,1,1.0,1,1.0,1,0.13415190028107013,63
4945,1,10561,3696,6865,0,0,0,1.0,1,1.0,1,1.0,1,0.11707394918515132,61
4946,3,10564,3697,6867,0,0,0,1.0,1,1.0,1,1.0,1,0.11037698006300768,60
4947,1,10565,3697,6868,0,0,0,1.0,1,1.0,1,1.0,1,0.08144873005213837,58
4948,3,10568,3699,6869,0,0,0,1.0,1,1.0,1,1.0,1,0.09388398616663039,57
4949,3,10571,3701,6870,0,0,0,1.0,1,1.0,1,1.0,1,0.0892662922602773,56
4950,3,10574,3701,6873,0,0,0,1.0,1,1.0,1,1.0,1,0.08939023623836945,57
4951,1,10575,3702,6873,0,0,0,1.0,1,1.0,1,1.0,1,0.06605969768720003,55
4952,4,10579,3705,6874,0,0,0,1.0,1,1.0,1,1.0,1,0.11720441284772383,55
4953,8,10587,3707,6880,0,0,0,1.0,1,1.0,1,1.0,1,0.11133673744996198,54
4954,2,10589,3708,6881,0,0,0,1.0,1,1.0,1,1.0,1,0.09953801218387122,54
4955,3,10592,3708,6884,0,0,0,1.0,1,1.0,1,1.0,1,0.09766468219894253,52
4956,0,10592,3708,6884,0,0,0,1.0,1,1.0,1,1.0,1,0.09766468219894253,52
4957,6,10598,3709,6889,0,0,0,1.0,1,1.0,1,1.0,1,0.07660071102596304,53
4958,2,10600,3709,6891,0,0,0,1.0,1,1.0,1,1.0,1,0.08291566833630319,52
4959,2,10602,3710,6892,0,0,0,1.0,1,1.0,1,1.0,1,0.12225846484055296,51
4960,3,10605,3710,6895,0,0,0,1.0,1,1.0,1,1.0,1,0.13407264178871903,53
4961,3,10608,3711,6897,0,0,0,1.0,1,1.0,1,1.0,1,0.09101611913569181,53
4962,2,10610,3711,6899,0,0,0,1.0,1,1.0,1,1.0,1,0.09121688481279935,55
4963,1,10611,3711,6900,0,0,0,1.0,1,1.0,1,1.0,1,0.06815002293679286,54
4964,2,10613,3713,6900,0,0,0,1.0,1,1.0,1,1.0,1,0.07561935120216728,54
4965,2,10615,3714,6901,0,0,0,1.0,1,1.0,1,1.0,1,0.08565448604480216,54
4966,1,10616,3715,6901,0,0,0,1.0,1,1.0,1,1.0,1,0.09095438454268025,54
4967,2,10618,3716,6902,0,0,0,1.0,1,1.0,1,1.0,1,0.09067025089123801,55
4968,0,10618,3716,6902,0,0,0,1.0,1,1.0,1,1.0,1,0.09067025089123801,55
4969,3,10621,3717,6904,0,0,0,1.0,1,1.0,1,1.0,1,0.09929400374898817,57
4970,0,10621,3717,6904,0,0,0,1.0,1,1.0,1,1.0,1,0.11076910647146403,56
4971,4,10625,3718,6907,0,0,0,1.0,1,1.0,1,1.0,1,0.10598227774714945,57
4972,3,10628,3719,6909,0,0,0,1.0,1,1.0,1,1.0,1,0.1363088545811558,57
4973,6,10634,3719,6915,0,0,0,1.0,1,1.0,1,1.0,1,0.07499155341405486,60
4974,0,10634,3719,6915,0,0,0,1.0,1,1.0,1,1.0,1,0.08920728772193162,58
4975,2,10636,3720,6916,0,0,0,1.0,1,1.0,1,1.0,1,0.1004272395970328,59
4976,3,10639,3722,6917,0,0,0,1.0,1,1.0,1,1.0,1,0.11409784611642272,59
4977,7,10646,3725,6921,0,0,0,1.0,1,1.0,1,1.0,1,0.07419275027543203,59
4978,0,10646,3725,6921,0,0,0,1.0,1,1.0,1,1.0,1,0.07419275027543203,59
4979,1,10647,3725,6922,0,0,0,1.0,1,1.0,1,1.0,1,0.07410183591889707,61
4980,4,10651,3726,6925,0,0,0,1.0,1,1.0,1,1.0,1,0.06991892244422594,62
4981,1,10652,3726,6926,0,0,0,1.0,1,1.0,1,1.0,1,0.06238728762004851,62
4982,2,10654,3727,6927,0,0,0,1.0,1,1.0,1,1.0,1,0.05426366633557709,63
4983,0,10654,3727,6927,0,0,0,1.0,1,1.0,1,1.0,1,0.05434638634990264,63
4984,2,10656,3729,6927,0,0,0,1.0,1,1.0,1,1.0,1,0.08673795834447375,61
4985,1,10657,3729,6928,0,0,0,1.0,1,1.0,1,1.0,1,0.06029769345209515,59
4986,3,10660,3731,6929,0,0,0,1.0,1,1.0,1,1.0,1,0.10171225398439399,62
4987,3,10663,3733,6930,0,0,0,1.0,1,1.0,1,1.0,1,0.08175707541121924,60
4988,2,10665,3733,6932,0,0,0,1.0,1,1.0,1,1.0,1,0.08070012942592401,59
4989,6,10671,3736,6935,0,0,0,1.0,1,1.0,1,1.0,1,0.08535535799257277,57
4990,1,10672,3736,6936,0,0,0,1.0,1,1.0,1,1.0,1,0.09119633116984785,55
4991,3,10675,3738,6937,0,0,0,1.0,1,1.0,1,1.0,1,0.16003305239696025,54
4992,0,10675,3738,6937,0,0,0,1.0,1,1.0,1,1.0,1,0.1439417865542613,52
4993,2,10677,3739,6938,0,0,0,1.0,1,1.0,1,1.0,1,0.09087194412950797,51
4994,1,10678,3740,6938,0,0,0,1.0,1,1.0,1,1.0,1,0.08852524122061121,49
4995,3,10681,3743,6938,0,0,0,1.0,1,1.0,1,1.0,1,0.12591928108602826,48
4996,5,10686,3748,6938,0,0,0,1.0,1,1.0,1,1.0,1,0.19625206300711245,48
4997,6,10692,3750,6942,0,0,0,1.0,1,1.0,1,1.0,1,0.09300602288215774,46
4998,3,10695,3750,6945,0,0,0,1.0,1,1.0,1,1.0,1,0.10908450919262394,48
4999,0,10695,3750,6945,0,0,0,1.0,1,1.0,1,1.0,1,0.14019147285446398,48
5000,0,10695,3750,6945,0,0,0,1.0,1,1.0,1,1.0,1,0.13109212625166347,47
5001,1,10696,3751,6945,0,0,0,1.0,1,1.0,1,1.0,1,0.10630489490081971,45
5002,4,10700,3753,6947,0,0,0,1.0,1,1.0,1,1.0,1,0.11062649542123577,46
5003,1,10701,3753,6948,0,0,0,1.0,1,1.0,1,1.0,1,0.13843828475044473,46
5004,3,10704,3754,6950,0,0,0,1.0,1,1.0,1,1.0,1,0.1518372060440068,46
5005,1,10705,3754,6951,0,0,0,1.0,1,1.0,1,1.0,1,0.17014316368088303,45
5006,0,10705,3754,6951,0,0,0,1.0,1,1.0,1,1.0,1,0.1799556545632643,45
5007,1,10706,3754,6952,0,0,0,1.0,1,1.0,1,1.0,1,0.1626671546359758,46
5008,0,10706,3754,6952,0,0,0,1.0,1,1.0,1,1.0,1,0.15746811341358505,49
5009,0,10706,3754,6952,0,0,0,1.0,1,1.0,1,1.0,1,0.15042541295118234,49
5010,0,10706,3754,6952,0,0,0,1.0,1,1.0,1,1.0,1,0.1552620081041853,50
5011,2,10708,3754,6954,0,0,0,1.0,1,1.0,1,1.0,1,0.14404677426301482,51
5012,0,10708,3754,6954,0,0,0,1.0,1,1.0,1,1.0,1,0.15349776614571456,52
5013,1,10709,3754,6955,0,0,0,1.0,1,1.0,1,1.0,1,0.12212104185624259,52
5014,0,10709,3754,6955,0,0,0,1.0,1,1.0,1,1.0,1,0.1283973680097306,53
5015,4,10713,3756,6957,0,0,0,1.0,1,1.0,1,1.0,1,0.162112000739904,54
5016,1,10714,3756,6958,0,0,0,1.0,1,1.0,1,1.0,1,0.1642853138020861,55
5017,4,10718,3757,6961,0,0,0,1.0,1,1.0,1,1.0,1,0.1327834137796059,55
5018,1,10719,3757,6962,0,0,0,1.0,1,1.0,1,1.0,1,0.13650782816704898,56
5019,1,10720,3757,6963,0,0,0,1.0,1,1.0,1,1.0,1,0.11970150762913428,56
5020,0,10720,3757,6963,0,0,0,1.0,1,1.0,1,1.0,1,0.13630123343046707,55
5021,1,10721,3757,6964,0,0,0,1.0,1,1.0,1,1.0,1,0.1258169422404775,56
5022,2,10723,3759,6964,0,0,0,1.0,1,1.0,1,1.0,1,0.15624453613244696,56
5023,1,10724,3760,6964,0,0,0,1.0,1,1.0,1,1.0,1,0.14952363705840835,55
5024,4,10728,3763,6965,0,0,0,1.0,1,1.0,1,1.0,1,0.20753307828100145,55
5025,6,10734,3765,6969,0,0,0,1.0,1,1.0,1,1.0,1,0.16522246311757008,53
5026,5,10739,3768,6971,0,0,0,1.0,1,1.0,1,1.0,1,0.18109972506677738,52
5027,1,10740,3769,6971,0,0,0,1.0,1,1.0,1,1.0,1,0.2019531638490128,51
5028,3,10743,3770,6973,0,0,0,1.0,1,1.0,1,1.0,1,0.24468629116950355,51
5029,8,10751,3772,6979,0,0,0,1.0,1,1.0,1,1.0,1,0.19250192844803762,50
5030,3,10754,3774,6980,0,0,0,1.0,1,1.0,1,1.0,1,0.1611692090575517,49
5031,2,10756,3775,6981,0,0,0,1.0,1,1.0,1,1.0,1,0.14414530072668022,49
5032,0,10756,3775,6981,0,0,0,1.0,1,1.0,1,1.0,1,0.15253498444403027,48
5033,7,10763,3778,6985,0,0,0,1.0,1,1.0,1,1.0,1,0.14285665604018338,50
5034,2,10765,3779,6986,0,0,0,1.0,1,1.0,1,1.0,1,0.15650856193700513,49
5035,0,10765,3779,6986,0,0,0,1.0,1,1.0,1,1.0,1,0.15650856193700513,49
5036,1,10766,3780,6986,0,0,0,1.0,1,1.0,1,1.0,1,0.17109215716195625,47
5037,7,10773,3781,6992,0,0,0,1.0,1,1.0,1,1.0,1,0.10646789980690047,47
5038,1,10774,3781,6993,0,0,0,1.0,1,1.0,1,1.0,1,0.11777713824113661,47
5039,1,10775,3781,6994,0,0,0,1.0,1,1.0,1,1.0,1,0.1178077166135626,48
5040,2,10777,3781,6996,0,0,0,1.0,1,1.0,1,1.0,1,0.1178077166135626,48
5041,0,10777,3781,6996,0,0,0,1.0,1,1.0,1,1.0,1,0.1178077166135626,48
5042,1,10778,3781,6997,0,0,0,1.0,1,1.0,1,1.0,1,0.10575895322494504,50
5043,0,10778,3781,6997,0,0,0,1.0,1,1.0,1,1.0,1,0.10055590565790916,51
5044,0,10778,3781,6997,0,0,0,1.0,1,1.0,1,1.0,1,0.10055590565790916,51
5045,1,10779,3781,6998,0,0,0,1.0,1,1.0,1,1.0,1,0.10772657953633812,52
5046,1,10780,3782,6998,0,0,0,1.0,1,1.0,1,1.0,1,0.13186787742971687,51
5047,1,10781,3783,6998,0,0,0,1.0,1,1.0,1,1.0,1,0.12951827712254715,51
5048,4,10785,3784,7001,0,0,0,1.0,1,1.0,1,1.0,1,0.11192076496057342,52
5049,4,10789,3785,7004,0,0,0,1.0,1,1.0,1,1.0,1,0.0978776471357454,54
5050,1,10790,3785,7005,0,0,0,1.0,1,1.0,1,1.0,1,0.10512185085094167,56
5051,1,10791,3785,7006,0,0,0,1.0,1,1.0,1,1.0,1,0.10136615371551726,55
5052,0,10791,3785,7006,0,0,0,1.0,1,1.0,1,1.0,1,0.10136615371551726,55
5053,1,10792,3786,7006,0,0,0,1.0,1,1.0,1,1.0,1,0.13960692677438613,55
5054,1,10793,3786,7007,0,0,0,1.0,1,1.0,1,1.0,1,0.12400631557554069,55
5055,1,10794,3786,7008,0,0,0,1.0,1,1.0,1,1.0,1,0.1313368563414652,55
5056,0,10794,3786,7008,0,0,0,1.0,1,1.0,1,1.0,1,0.14139502133654777,56
5057,3,10797,3786,7011,0,0,0,1.0,1,1.0,1,1.0,1,0.10491686141760652,58
5058,2,10799,3786,7013,0,0,0,1.0,1,1.0,1,1.0,1,0.0724118274928196,59
5059,1,10800,3786,7014,0,0,0,1.0,1,1.0,1,1.0,1,0.06676391018072403,59
5060,1,10801,3786,7015,0,0,0,1.0,1,1.0,1,1.0,1,0.06823169702776109,59
5061,1,10802,3786,7016,0,0,0,1.0,1,1.0,1,1.0,1,0.07731012394934801,59
5062,1,10803,3787,7016,0,0,0,1.0,1,1.0,1,1.0,1,0.11649312790447802,59
5063,3,10806,3789,7017,0,0,0,1.0,1,1.0,1,1.0,1,0.15749265901812995,59
5064,5,10811,3794,7017,0,0,0,1.0,1,1.0,1,1.0,1,0.21800644439842487,57
5065,6,10817,3795,7022,0,0,0,1.0,1,1.0,1,1.0,1,0.15175113835038237,55
5066,5,10822,3797,7025,0,0,0,1.0,1,1.0,1,1.0,1,0.1845972053812529,55
5067,6,10828,3797,7031,0,0,0,1.0,1,1.0,1,1.0,1,0.1466503807831817,54
5068,2,10830,3797,7033,0,0,0,1.0,1,1.0,1,1.0,1,0.10695416557722211,54
5069,1,10831,3798,7033,0,0,0,1.0,1,1.0,1,1.0,1,0.1098646457390219,54
5070,2,10833,3800,7033,0,0,0,1.0,1,1.0,1,1.0,1,0.12453561944670058,52
5071,5,10838,3802,7036,0,0,0,1.0,1,1.0,1,1.0,1,0.1392666703718437,54
5072,0,10838,3802,7036,0,0,0,1.0,1,1.0,1,1.0,1,0.11427617736225759,52
5073,1,10839,3802,7037,0,0,0,1.0,1,1.0,1,1.0,1,0.09351583461283385,51
5074,0,10839,3802,7037,0,0,0,1.0,1,1.0,1,1.0,1,0.08604361947998349,52
5075,1,10840,3802,7038,0,0,0,1.0,1,1.0,1,1.0,1,0.06116448764870181,53
5076,0,10840,3802,7038,0,0,0,1.0,1,1.0,1,1.0,1,0.06116448764870181,53
5077,2,10842,3803,7039,0,0,0,1.0,1,1.0,1,1.0,1,0.06231079728801988,56
5078,1,10843,3804,7039,0,0,0,1.0,1,1.0,1,1.0,1,0.08962572465493869,55
5079,0,10843,3804,7039,0,0,0,1.0,1,1.0,1,1.0,1,0.09484991963381932,56
5080,0,10843,3804,7039,0,0,0,1.0,1,1.0,1,1.0,1,0.10116576931400803,57
5081,1,10844,3804,7040,0,0,0,1.0,1,1.0,1,1.0,1,0.0930195175470233,58
5082,0,10844,3804,7040,0,0,0,1.0,1,1.0,1,1.0,1,0.0930195175470233,58
5083,0,10844,3804,7040,0,0,0,1.0,1,1.0,1,1.0,1,0.09926910302970887,59
5084,2,10846,3806,7040,0,0,0,1.0,1,1.0,1,1.0,1,0.0920317723606831,59
5085,2,10848,3807,7041,0,0,0,1.0,1,1.0,1,1.0,1,0.10397074311838779,60
5086,1,10849,3807,7042,0,0,0,1.0,1,1.0,1,1.0,1,0.08773152583044036,61
5087,2,10851,3809,7042,0,0,0,1.0,1,1.0,1,1.0,1,0.13665402818251846,62
5088,8,10859,3811,7048,0,0,0,1.0,1,1.0,1,1.0,1,0.13584458371994704,64
5089,6,10865,3814,7051,0,0,0,1.0,1,1.0,1,1.0,1,0.10069007097224716,64
5090,1,10866,3814,7052,0,0,0,1.0,1,1.0,1,1.0,1,0.08750594705226074,64
5091,4,10870,3817,7053,0,0,0,1.0,1,1.0,1,1.0,1,0.1288886490954993,64
5092,1,10871,3818,7053,0,0,0,1.0,1,1.0,1,1.0,1,0.13139344826687488,64
5093,5,10876,3818,7058,0,0,0,1.0,1,1.0,1,1.0,1,0.09840474075288135,64
5094,3,10879,3820,7059,0,0,0,1.0,1,1.0,1,1.0,1,0.10026028075978856,65
5095,3,10882,3821,7061,0,0,0,1.0,1,1.0,1,1.0,1,0.12941458120329732,66
5096,3,10885,3821,7064,0,0,0,1.0,1,1.0,1,1.0,1,0.15042547088156277,66
5097,6,10891,3821,7070,0,0,0,1.0,1,1.0,1,1.0,1,0.07617308081921124,67
5098,1,10892,3822,7070,0,0,0,1.0,1,1.0,1,1.0,1,0.09053970322354982,67
5099,2,10894,3822,7072,0,0,0,1.0,1,1.0,1,1.0,1,0.08308864918735272,70
5100,5,10899,3822,7077,0,0,0,1.0,1,1.0,1,1.0,1,0.08692437222076024,71
5101,1,10900,3822,7078,0,0,0,1.0,1,1.0,1,1.0,1,0.08490726095610943,72
5102,3,10903,3824,7079,0,0,0,1.0,1,1.0,1,1.0,1,0.09168838442505099,72
5103,1,10904,3824,7080,0,0,0,1.0,1,1.0,1,1.0,1,0.08956212863454935,70
5104,3,10907,3827,7080,0,0,0,1.0,1,1.0,1,1.0,1,0.09941415683996685,67
5105,8,10915,3831,7084,0,0,0,1.0,1,1.0,1,1.0,1,0.11258408162049317,66
5106,2,10917,3833,7084,0,0,0,1.0,1,1.0,1,1.0,1,0.15289344782991596,64
5107,3,10920,3835,7085,0,0,0,1.0,1,1.0,1,1.0,1,0.1396186558865174,61
5108,4,10924,3838,7086,0,0,0,1.0,1,1.0,1,1.0,1,0.15513453122949392,57
5109,6,10930,3840,7090,0,0,0,1.0,1,1.0,1,1.0,1,0.11635585365459805,55
5110,2,10932,3841,7091,0,0,0,1.0,1,1.0,1,1.0,1,0.11615007520977685,53
5111,5,10937,3844,7093,0,0,0,1.0,1,1.0,1,1.0,1,0.1367968599347212,52
5112,1,10938,3845,7093,0,0,0,1.0,1,1.0,1,1.0,1,0.14255826661005302,52
5113,3,10941,3845,7096,0,0,0,1.0,1,1.0,1,1.0,1,0.08086410715954209,49
5114,7,10948,3851,7097,0,0,0,1.0,1,1.0,1,1.0,1,0.11398814151490107,49
5115,1,10949,3851,7098,0,0,0,1.0,1,1.0,1,1.0,1,0.11339795386494625,48
5116,1,10950,3851,7099,0,0,0,1.0,1,1.0,1,1.0,1,0.1275401573998614,47
5117,2,10952,3851,7101,0,0,0,1.0,1,1.0,1,1.0,1,0.09556065064810226,48
5118,2,10954,3852,7102,0,0,0,1.0,1,1.0,1,1.0,1,0.10630977161949966,49
5119,2,10956,3853,7103,0,0,0,1.0,1,1.0,1,1.0,1,0.11007264611687576,49
5120,1,10957,3853,7104,0,0,0,1.0,1,1.0,1,1.0,1,0.13052673691352842,48
5121,0,10957,3853,7104,0,0,0,1.0,1,1.0,1,1.0,1,0.13052673691352842,48
5122,2,10959,3854,7105,0,0,0,1.0,1,1.0,1,1.0,1,0.17122773154930956,46
5123,0,10959,3854,7105,0,0,0,1.0,1,1.0,1,1.0,1,0.17122773154930956,46
5124,2,10961,3854,7107,0,0,0,1.0,1,1.0,1,1.0,1,0.13518448892973392,47
5125,6,10967,3856,7111,0,0,0,1.0,1,1.0,1,1.0,1,0.11873034100603579,49
5126,2,10969,3856,7113,0,0,0,1.0,1,1.0,1,1.0,1,0.11111398750181048,49
5127,3,10972,3858,7114,0,0,0,1.0,1,1.0,1,1.0,1,0.13643791335458538,51
5128,5,10977,3859,7118,0,0,0,1.0,1,1.0,1,1.0,1,0.15559491549044058,53
5129,4,10981,3860,7121,0,0,0,1.0,1,1.0,1,1.0,1,0.14474617769119386,55
5130,2,10983,3860,7123,0,0,0,1.0,1,1.0,1,1.0,1,0.12367107230237577,55
5131,0,10983,3860,7123,0,0,0,1.0,1,1.0,1,1.0,1,0.12367107230237577,55
5132,1,10984,3860,7124,0,0,0,1.0,1,1.0,1,1.0,1,0.12855222920526632,55
5133,4,10988,3860,7128,0,0,0,1.0,1,1.0,1,1.0,1,0.08216733846035282,56
5134,1,10989,3860,7129,0,0,0,1.0,1,1.0,1,1.0,1,0.09645391384484556,56
5135,2,10991,3862,7129,0,0,0,1.0,1,1.0,1,1.0,1,0.10888831468911983,56
5136,1,10992,3862,7130,0,0,0,1.0,1,1.0,1,1.0,1,0.10128044730038172,55
5137,0,10992,3862,7130,0,0,0,1.0,1,1.0,1,1.0,1,0.10451505918798847,55
5138,2,10994,3862,7132,0,0,0,1.0,1,1.0,1,1.0,1,0.09306855058598514,54
5139,0,10994,3862,7132,0,0,0,1.0,1,1.0,1,1.0,1,0.09306855058598514,54
5140,1,10995,3863,7132,0,0,0,1.0,1,1.0,1,1.0,1,0.09640000124153376,54
5141,3,10998,3864,7134,0,0,0,1.0,1,1.0,1,1.0,1,0.10653600552157934,53
5142,10,11008,3869,7139,0,0,0,1.0,1,1.0,1,1.0,1,0.08341589281487906,55
5143,4,11012,3873,7139,0,0,0,1.0,1,1.0,1,1.0,1,0.10962990034944212,54
5144,3,11015,3874,7141,0,0,0,1.0,1,1.0,1,1.0,1,0.08377382417568598,50
5145,3,11018,3875,7143,0,0,0,1.0,1,1.0,1,1.0,1,0.05569418802339702,51
5146,2,11020,3877,7143,0,0,0,1.0,1,1.0,1,1.0,1,0.10553224055644479,48
5147,4,11024,3879,7145,0,0,0,1.0,1,1.0,1,1.0,1,0.1356475893232247,49
5148,2,11026,3880,7146,0,0,0,1.0,1,1.0,1,1.0,1,0.10591833586162899,47
5149,1,11027,3880,7147,0,0,0,1.0,1,1.0,1,1.0,1,0.10102294462057912,46
5150,3,11030,3883,7147,0,0,0,1.0,1,1.0,1,1.0,1,0.12527934144377276,46
5151,1,11031,3884,7147,0,0,0,1.0,1,1.0,1,1.0,1,0.16760101106092626,45
5152,2,11033,3884,7149,0,0,0,1.0,1,1.0,1,1.0,1,0.14521458462389042,45
5153,5,11038,3887,7151,0,0,0,1.0,1,1.0,1,1.0,1,0.1487445610751675,45
5154,1,11039,3888,7151,0,0,0,1.0,1,1.0,1,1.0,1,0.173037032620184,45
5155,2,11041,3889,7152,0,0,0,1.0,1,1.0,1,1.0,1,0.1750980676680518,44
5156,3,11044,3891,7153,0,0,0,1.0,1,1.0,1,1.0,1,0.19376428534228504,44
5157,0,11044,3891,7153,0,0,0,1.0,1,1.0,1,1.0,1,0.2062092388484033,42
5158,3,11047,3892,7155,0,0,0,1.0,1,1.0,1,1.0,1,0.1517165586718351,43
5159,1,11048,3892,7156,0,0,0,1.0,1,1.0,1,1.0,1,0.1842099935072518,43
5160,1,11049,3892,7157,0,0,0,1.0,1,1.0,1,1.0,1,0.16987262312640497,43
5161,1,11050,3892,7158,0,0,0,1.0,1,1.0,1,1.0,1,0.141463784791607,43
5162,0,11050,3892,7158,0,0,0,1.0,1,1.0,1,1.0,1,0.1342613756255449,44
5163,4,11054,3892,7162,0,0,0,1.0,1,1.0,1,1.0,1,0.11717699544057338,46
5164,1,11055,3893,7162,0,0,0,1.0,1,1.0,1,1.0,1,0.12643981848767152,46
5165,3,11058,3894,7164,0,0,0,1.0,1,1.0,1,1.0,1,0.10113869945894981,46
5166,4,11062,3897,7165,0,0,0,1.0,1,1.0,1,1.0,1,0.1431379711102481,47
5167,2,11064,3898,7166,0,0,0,1.0,1,1.0,1,1.0,1,0.16018533930906012,47
5168,4,11068,3899,7169,0,0,0,1.0,1,1.0,1,1.0,1,0.13396957655259067,47
5169,1,11069,3899,7170,0,0,0,1.0,1,1.0,1,1.0,1,0.11385615863157417,47
5170,1,11070,3900,7170,0,0,0,1.0,1,1.0,1,1.0,1,0.11180770659175523,48
5171,2,11072,3901,7171,0,0,0,1.0,1,1.0,1,1.0,1,0.13303396077921836,48
5172,0,11072,3901,7171,0,0,0,1.0,1,1.0,1,1.0,1,0.1054400682910497,49
5173,1,11073,3901,7172,0,0,0,1.0,1,1.0,1,1.0,1,0.10319596293940814,49
5174,0,11073,3901,7172,0,0,0,1.0,1,1.0,1,1.0,1,0.10141870392031734,52
5175,0,11073,3901,7172,0,0,0,1.0,1,1.0,1,1.0,1,0.08900319863865222,53
5176,1,11074,3901,7173,0,0,0,1.0,1,1.0,1,1.0,1,0.09790519248048764,54
5177,2,11076,3903,7173,0,0,0,1.0,1,1.0,1,1.0,1,0.09656581848056726,54
5178,5,11081,3906,7175,0,0,0,1.0,1,1.0,1,1.0,1,0.15851520505909716,55
5179,1,11082,3906,7176,0,0,0,1.0,1,1.0,1,1.0,1,0.13357368411734777,53
5180,1,11083,3907,7176,0,0,0,1.0,1,1.0,1,1.0,1,0.1361985498437376,52
5181,3,11086,3907,7179,0,0,0,1.0,1,1.0,1,1.0,1,0.08877100497872101,52
5182,1,11087,3908,7179,0,0,0,1.0,1,1.0,1,1.0,1,0.08891295525175733,52
5183,3,11090,3911,7179,0,0,0,1.0,1,1.0,1,1.0,1,0.14460398248686582,52
5184,0,11090,3911,7179,0,0,0,1.0,1,1.0,1,1.0,1,0.14479336447359348,52
5185,4,11094,3913,7181,0,0,0,1.0,1,1.0,1,1.0,1,0.1519184214563945,50
5186,2,11096,3914,7182,0,0,0,1.0,1,1.0,1,1.0,1,0.18076849064016756,48
5187,2,11098,3914,7184,0,0,0,1.0,1,1.0,1,1.0,1,0.16343382277029508,46
5188,0,11098,3914,7184,0,0,0,1.0,1,1.0,1,1.0,1,0.1712428423417622,44
5189,0,11098,3914,7184,0,0,0,1.0,1,1.0,1,1.0,1,0.16261105960937933,44
5190,3,11101,3915,7186,0,0,0,1.0,1,1.0,1,1.0,1,0.1406949899399739,45
5191,0,11101,3915,7186,0,0,0,1.0,1,1.0,1,1.0,1,0.14124667528260942,45
5192,2,11103,3916,7187,0,0,0,1.0,1,1.0,1,1.0,1,0.13430470789738794,45
5193,0,11103,3916,7187,0,0,0,1.0,1,1.0,1,1.0,1,0.13430470789738794,45
5194,0,11103,3916,7187,0,0,0,1.0,1,1.0,1,1.0,1,0.13646160487239212,45
5195,6,11109,3917,7192,0,0,0,1.0,1,1.0,1,1.0,1,0.09608388284245929,46
5196,0,11109,3917,7192,0,0,0,1.0,1,1.0,1,1.0,1,0.09608388284245929,46
5197,1,11110,3917,7193,0,0,0,1.0,1,1.0,1,1.0,1,0.08093985935387914,46
5198,0,11110,3917,7193,0,0,0,1.0,1,1.0,1,1.0,1,0.0668129824046064,47
5199,1,11111,3918,7193,0,0,0,1.0,1,1.0,1,1.0,1,0.1176927368298615,49
5200,3,11114,3919,7195,0,0,0,1.0,1,1.0,1,1.0,1,0.12408350817803257,49
5201,4,11118,3920,7198,0,0,0,1.0,1,1.0,1,1.0,1,0.09562260693066216,50
5202,2,11120,3920,7200,0,0,0,1.0,1,1.0,1,1.0,1,0.075561439220437,52
5203,2,11122,3920,7202,0,0,0,1.0,1,1.0,1,1.0,1,0.075561439220437,52
5204,2,11124,3920,7204,0,0,0,1.0,1,1.0,1,1.0,1,0.08729847326047326,54
5205,1,11125,3920,7205,0,0,0,1.0,1,1.0,1,1.0,1,0.0751064196882303,54
5206,2,11127,3920,7207,0,0,0,1.0,1,1.0,1,1.0,1,0.05515105763918959,55
5207,0,11127,3920,7207,0,0,0,1.0,1,1.0,1,1.0,1,0.06222807500485471,54
5208,0,11127,3920,7207,0,0,0,1.0,1,1.0,1,1.0,1,0.06222807500485471,54
5209,0,11127,3920,7207,0,0,0,1.0,1,1.0,1,1.0,1,0.06222807500485471,54
5210,0,11127,3920,7207,0,0,0,1.0,1,1.0,1,1.0,1,0.06222807500485471,54
5211,2,11129,3921,7208,0,0,0,1.0,1,1.0,1,1.0,1,0.10616333569586418,56
5212,0,11129,3921,7208,0,0,0,1.0,1,1.0,1,1.0,1,0.10409017067963951,57
5213,7,11136,3926,7210,0,0,0,1.0,1,1.0,1,1.0,1,0.15062675317021354,57
5214,2,11138,3927,7211,0,0,0,1.0,1,1.0,1,1.0,1,0.1691699578751886,58
5215,1,11139,3927,7212,0,0,0,1.0,1,1.0,1,1.0,1,0.17486943577547623,57
5216,1,11140,3928,7212,0,0,0,1.0,1,1.0,1,1.0,1,0.161696667004012,57
5217,5,11145,3929,7216,0,0,0,1.0,1,1.0,1,1.0,1,0.1051853018717277,56
5218,4,11149,3932,7217,0,0,0,1.0,1,1.0,1,1.0,1,0.15418933118983294,56
5219,1,11150,3932,7218,0,0,0,1.0,1,1.0,1,1.0,1,0.12076548945016752,54
5220,2,11152,3934,7218,0,0,0,1.0,1,1.0,1,1.0,1,0.15411370131386598,53
5221,5,11157,3934,7223,0,0,0,1.0,1,1.0,1,1.0,1,0.11129918912734157,52
5222,1,11158,3934,7224,0,0,0,1.0,1,1.0,1,1.0,1,0.12604334800067232,52
5223,2,11160,3935,7225,0,0,0,1.0,1,1.0,1,1.0,1,0.10873967046795112,52
5224,0,11160,3935,7225,0,0,0,1.0,1,1.0,1,1.0,1,0.1212740652906677,52
5225,3,11163,3935,7228,0,0,0,1.0,1,1.0,1,1.0,1,0.08620570686271622,50
5226,3,11166,3938,7228,0,0,0,1.0,1,1.0,1,1.0,1,0.10970889784884352,51
5227,3,11169,3941,7228,0,0,0,1.0,1,1.0,1,1.0,1,0.14000574001148067,49
5228,0,11169,3941,7228,0,0,0,1.0,1,1.0,1,1.0,1,0.14826935261582733,48
5229,7,11176,3941,7235,0,0,0,1.0,1,1.0,1,1.0,1,0.08438020127963268,49
5230,3,11179,3942,7237,0,0,0,1.0,1,1.0,1,1.0,1,0.12181807938849329,49
5231,4,11183,3943,7240,0,0,0,1.0,1,1.0,1,1.0,1,0.11301880707250764,49
5232,5,11188,3943,7245,0,0,0,1.0,1,1.0,1,1.0,1,0.1360738352708931,51
5233,5,11193,3945,7248,0,0,0,1.0,1,1.0,1,1.0,1,0.1266716743739416,51
5234,4,11197,3946,7251,0,0,0,1.0,1,1.0,1,1.0,1,0.10282416542152176,52
5235,1,11198,3946,7252,0,0,0,1.0,1,1.0,1,1.0,1,0.07748206483592818,52
5236,1,11199,3947,7252,0,0,0,1.0,1,1.0,1,1.0,1,0.10364953197298665,52
5237,2,11201,3947,7254,0,0,0,1.0,1,1.0,1,1.0,1,0.09466908752207961,53
5238,1,11202,3947,7255,0,0,0,1.0,1,1.0,1,1.0,1,0.06494431725909881,53
5239,0,11202,3947,7255,0,0,0,1.0,1,1.0,1,1.0,1,0.06494431725909881,53
5240,4,11206,3948,7258,0,0,0,1.0,1,1.0,1,1.0,1,0.09423810712061285,55
5241,2,11208,3948,7260,0,0,0,1.0,1,1.0,1,1.0,1,0.08490909367627075,56
5242,0,11208,3948,7260,0,0,0,1.0,1,1.0,1,1.0,1,0.1093246497326714,54
5243,1,11209,3949,7260,0,0,0,1.0,1,1.0,1,1.0,1,0.12964083075031713,55
5244,2,11211,3951,7260,0,0,0,1.0,1,1.0,1,1.0,1,0.18440927681760805,55
5245,5,11216,3952,7264,0,0,0,1.0,1,1.0,1,1.0,1,0.1105389334853384,55
5246,1,11217,3953,7264,0,0,0,1.0,1,1.0,1,1.0,1,0.15611359334810362,55
5247,3,11220,3954,7266,0,0,0,1.0,1,1.0,1,1.0,1,0.12753002464507593,54
5248,2,11222,3955,7267,0,0,0,1.0,1,1.0,1,1.0,1,0.15761001580337855,53
5249,4,11226,3955,7271,0,0,0,1.0,1,1.0,1,1.0,1,0.08126626279098165,55
5250,0,11226,3955,7271,0,0,0,1.0,1,1.0,1,1.0,1,0.08126626279098165,55
5251,2,11228,3956,7272,0,0,0,1.0,1,1.0,1,1.0,1,0.10632538775145568,57
5252,3,11231,3957,7274,0,0,0,1.0,1,1.0,1,1.0,1,0.12329296179000518,58
5253,4,11235,3958,7277,0,0,0,1.0,1,1.0,1,1.0,1,0.08265572822168048,59
5254,1,11236,3959,7277,0,0,0,1.0,1,1.0,1,1.0,1,0.09402889574587384,59
5255,0,11236,3959,7277,0,0,0,1.0,1,1.0,1,1.0,1,0.08816005530373892,58
5256,2,11238,3960,7278,0,0,0,1.0,1,1.0,1,1.0,1,0.09658472439810602,59
5257,2,11240,3962,7278,0,0,0,1.0,1,1.0,1,1.0,1,0.0869656379132142,58
5258,0,11240,3962,7278,0,0,0,1.0,1,1.0,1,1.0,1,0.11084414942606405,56
5259,1,11241,3963,7278,0,0,0,1.0,1,1.0,1,1.0,1,0.13037202039394366,56
5260,0,11241,3963,7278,0,0,0,1.0,1,1.0,1,1.0,1,0.1270795157017652,55
5261,2,11243,3963,7280,0,0,0,1.0,1,1.0,1,1.0,1,0.08138490568306114,54
5262,1,11244,3964,7280,0,0,0,1.0,1,1.0,1,1.0,1,0.09890271359796597,54
5263,2,11246,3965,7281,0,0,0,1.0,1,1.0,1,1.0,1,0.11561061702127312,53
5264,1,11247,3966,7281,0,0,0,1.0,1,1.0,1,1.0,1,0.12074662691974784,51
5265,3,11250,3968,7282,0,0,0,1.0,1,1.0,1,1.0,1,0.13355594980323862,50
5266,6,11256,3971,7285,0,0,0,1.0,1,1.0,1,1.0,1,0.13294348735782183,49
5267,1,11257,3971,7286,0,0,0,1.0,1,1.0,1,1.0,1,0.11856147076552984,48
5268,2,11259,3973,7286,0,0,0,1.0,1,1.0,1,1.0,1,0.11627087447033452,47
5269,6,11265,3974,7291,0,0,0,1.0,1,1.0,1,1.0,1,0.11531718381938345,45
5270,3,11268,3975,7293,0,0,0,1.0,1,1.0,1,1.0,1,0.13069786451829246,47
5271,1,11269,3975,7294,0,0,0,1.0,1,1.0,1,1.0,1,0.15624987423915845,45
5272,6,11275,3978,7297,0,0,0,1.0,1,1.0,1,1.0,1,0.20468647022075964,46
5273,2,11277,3978,7299,0,0,0,1.0,1,1.0,1,1.0,1,0.14510416413930624,44
5274,5,11282,3979,7303,0,0,0,1.0,1,1.0,1,1.0,1,0.1858722932487233,44
5275,3,11285,3979,7306,0,0,0,1.0,1,1.0,1,1.0,1,0.14027445942710082,46
5276,2,11287,3979,7308,0,0,0,1.0,1,1.0,1,1.0,1,0.1380544281849451,46
5277,2,11289,3979,7310,0,0,0,1.0,1,1.0,1,1.0,1,0.10160268719767332,46
5278,3,11292,3982,7310,0,0,0,1.0,1,1.0,1,1.0,1,0.1416707266032252,46
5279,4,11296,3984,7312,0,0,0,1.0,1,1.0,1,1.0,1,0.17432501953855772,47
5280,2,11298,3986,7312,0,0,0,1.0,1,1.0,1,1.0,1,0.17856638379019085,47
5281,3,11301,3986,7315,0,0,0,1.0,1,1.0,1,1.0,1,0.12784100952568775,48
5282,1,11302,3986,7316,0,0,0,1.0,1,1.0,1,1.0,1,0.11608318472630419,48
5283,0,11302,3986,7316,0,0,0,1.0,1,1.0,1,1.0,1,0.12901140004211395,49
5284,0,11302,3986,7316,0,0,0,1.0,1,1.0,1,1.0,1,0.12901140004211395,49
5285,0,11302,3986,7316,0,0,0,1.0,1,1.0,1,1.0,1,0.10525750928750116,50
5286,0,11302,3986,7316,0,0,0,1.0,1,1.0,1,1.0,1,0.12071029272144908,51
5287,0,11302,3986,7316,0,0,0,1.0,1,1.0,1,1.0,1,0.12071029272144908,51
5288,1,11303,3986,7317,0,0,0,1.0,1,1.0,1,1.0,1,0.10824063486264868,51
5289,2,11305,3986,7319,0,0,0,1.0,1,1.0,1,1.0,1,0.11030187800144817,53
5290,2,11307,3986,7321,0,0,0,1.0,1,1.0,1,1.0,1,0.08605121090147583,53
5291,0,11307,3986,7321,0,0,0,1.0,1,1.0,1,1.0,1,0.08605121090147583,53
5292,2,11309,3988,7321,0,0,0,1.0,1,1.0,1,1.0,1,0.08916415952290159,53
5293,3,11312,3989,7323,0,0,0,1.0,1,1.0,1,1.0,1,0.12526086080207402,53
5294,2,11314,3990,7324,0,0,0,1.0,1,1.0,1,1.0,1,0.12127641345977125,54
5295,2,11316,3992,7324,0,0,0,1.0,1,1.0,1,1.0,1,0.15642198419901776,52
5296,1,11317,3993,7324,0,0,0,1.0,1,1.0,1,1.0,1,0.12272086754973911,49
5297,2,11319,3995,7324,0,0,0,1.0,1,1.0,1,1.0,1,0.18114625306891427,49
5298,2,11321,3996,7325,0,0,0,1.0,1,1.0,1,1.0,1,0.18784064048050034,49
5299,2,11323,3997,7326,0,0,0,1.0,1,1.0,1,1.0,1,0.17367762334780557,50
5300,0,11323,3997,7326,0,0,0,1.0,1,1.0,1,1.0,1,0.17853719406926005,48
5301,1,11324,3998,7326,0,0,0,1.0,1,1.0,1,1.0,1,0.20570568263672487,46
5302,1,11325,3998,7327,0,0,0,1.0,1,1.0,1,1.0,1,0.18650815424176473,47
5303,2,11327,4000,7327,0,0,0,1.0,1,1.0,1,1.0,1,0.1878371160636671,46
5304,5,11332,4002,7330,0,0,0,1.0,1,1.0,1,1.0,1,0.20642110418753468,45
5305,2,11334,4003,7331,0,0,0,1.0,1,1.0,1,1.0,1,0.20310120379888777,44
5306,2,11336,4005,7331,0,0,0,1.0,1,1.0,1,1.0,1,0.25030799153593786,42
5307,5,11341,4006,7335,0,0,0,1.0,1,1.0,1,1.0,1,0.18854180500100504,42
5308,4,11345,4008,7337,0,0,0,1.0,1,1.0,1,1.0,1,0.19245139392945934,43
5309,1,11346,4008,7338,0,0,0,1.0,1,1.0,1,1.0,1,0.1737705443272832,41
5310,2,11348,4009,7339,0,0,0,1.0,1,1.0,1,1.0,1,0.19623336316101528,41
5311,1,11349,4010,7339,0,0,0,1.0,1,1.0,1,1.0,1,0.1900888038134643,42
5312,2,11351,4010,7341,0,0,0,1.0,1,1.0,1,1.0,1,0.1659424552632174,43
5313,1,11352,4010,7342,0,0,0,1.0,1,1.0,1,1.0,1,0.14514249597672277,44
5314,1,11353,4010,7343,0,0,0,1.0,1,1.0,1,1.0,1,0.1272221744274216,44
5315,4,11357,4012,7345,0,0,0,1.0,1,1.0,1,1.0,1,0.13398152194361437,45
5316,2,11359,4012,7347,0,0,0,1.0,1,1.0,1,1.0,1,0.14498118594242562,46
5317,3,11362,4013,7349,0,0,0,1.0,1,1.0,1,1.0,1,0.12459875821868635,46
5318,1,11363,4014,7349,0,0,0,1.0,1,1.0,1,1.0,1,0.1290056088228268,46
5319,0,11363,4014,7349,0,0,0,1.0,1,1.0,1,1.0,1,0.14136774124097667,47
5320,3,11366,4015,7351,0,0,0,1.0,1,1.0,1,1.0,1,0.15867911662617964,48
5321,8,11374,4015,7359,0,0,0,1.0,1,1.0,1,1.0,1,0.11875124599697293,49
5322,6,11380,4015,7365,0,0,0,1.0,1,1.0,1,1.0,1,0.11865709521577981,49
5323,3,11383,4015,7368,0,0,0,1.0,1,1.0,1,1.0,1,0.12627961989918707,51
5324,6,11389,4016,7373,0,0,0,1.0,1,1.0,1,1.0,1,0.12346640518413943,53
5325,2,11391,4017,7374,0,0,0,1.0,1,1.0,1,1.0,1,0.12325051348643287,53
5326,2,11393,4018,7375,0,0,0,1.0,1,1.0,1,1.0,1,0.12162735356651252,53
5327,0,11393,4018,7375,0,0,0,1.0,1,1.0,1,1.0,1,0.13255847051105793,53
5328,3,11396,4019,7377,0,0,0,1.0,1,1.0,1,1.0,1,0.1101305266341903,54
5329,1,11397,4019,7378,0,0,0,1.0,1,1.0,1,1.0,1,0.11302645185739278,53
5330,1,11398,4020,7378,0,0,0,1.0,1,1.0,1,1.0,1,0.13547843359717063,52
5331,1,11399,4020,7379,0,0,0,1.0,1,1.0,1,1.0,1,0.13913241048744798,51
5332,0,11399,4020,7379,0,0,0,1.0,1,1.0,1,1.0,1,0.13804227768660068,52
5333,1,11400,4021,7379,0,0,0,1.0,1,1.0,1,1.0,1,0.18135565910502494,53
5334,2,11402,4021,7381,0,0,0,1.0,1,1.0,1,1.0,1,0.16750060919601883,54
5335,1,11403,4021,7382,0,0,0,1.0,1,1.0,1,1.0,1,0.16243099368135627,55
5336,0,11403,4021,7382,0,0,0,1.0,1,1.0,1,1.0,1,0.17058013579480916,54
5337,4,11407,4022,7385,0,0,0,1.0,1,1.0,1,1.0,1,0.17083011979526946,55
5338,0,11407,4022,7385,0,0,0,1.0,1,1.0,1,1.0,1,0.17083011979526946,55
5339,0,11407,4022,7385,0,0,0,1.0,1,1.0,1,1.0,1,0.17083011979526946,55
5340,0,11407,4022,7385,0,0,0,1.0,1,1.0,1,1.0,1,0.17083011979526946,55
5341,4,11411,4023,7388,0,0,0,1.0,1,1.0,1,1.0,1,0.14488035457022502,54
5342,2,11413,4025,7388,0,0,0,1.0,1,1.0,1,1.0,1,0.17638979276538824,55
5343,4,11417,4028,7389,0,0,0,1.0,1,1.0,1,1.0,1,0.1791650178885711,54
5344,2,11419,4030,7389,0,0,0,1.0,1,1.0,1,1.0,1,0.18642783313825764,55
5345,2,11421,4031,7390,0,0,0,1.0,1,1.0,1,1.0,1,0.16621430359846948,53
5346,2,11423,4032,7391,0,0,0,1.0,1,1.0,1,1.0,1,0.19392549160918204,53
5347,6,11429,4035,7394,0,0,0,1.0,1,1.0,1,1.0,1,0.19344342634271025,51
5348,4,11433,4036,7397,0,0,0,1.0,1,1.0,1,1.0,1,0.1702679550239375,53
5349,9,11442,4039,7403,0,0,0,1.0,1,1.0,1,1.0,1,0.12304644230177572,52
5350,0,11442,4039,7403,0,0,0,1.0,1,1.0,1,1.0,1,0.11459685962667122,50
5351,7,11449,4041,7408,0,0,0,1.0,1,1.0,1,1.0,1,0.1432992414539891,52
5352,2,11451,4042,7409,0,0,0,1.0,1,1.0,1,1.0,1,0.1254270041984674,49
5353,2,11453,4042,7411,0,0,0,1.0,1,1.0,1,1.0,1,0.08902702430456964,49
5354,1,11454,4042,7412,0,0,0,1.0,1,1.0,1,1.0,1,0.04432457191898885,49
5355,0,11454,4042,7412,0,0,0,1.0,1,1.0,1,1.0,1,0.06023454098143968,48
5356,1,11455,4043,7412,0,0,0,1.0,1,1.0,1,1.0,1,0.08842377009031668,49
5357,0,11455,4043,7412,0,0,0,1.0,1,1.0,1,1.0,1,0.109088702843635,47
5358,1,11456,4044,7412,0,0,0,1.0,1,1.0,1,1.0,1,0.12184496117884394,48
5359,3,11459,4044,7415,0,0,0,1.0,1,1.0,1,1.0,1,0.07157255743092454,48
5360,0,11459,4044,7415,0,0,0,1.0,1,1.0,1,1.0,1,0.07157255743092454,48
5361,2,11461,4045,7416,0,0,0,1.0,1,1.0,1,1.0,1,0.07252022052216443,50
5362,0,11461,4045,7416,0,0,0,1.0,1,1.0,1,1.0,1,0.07252022052216443,50
5363,0,11461,4045,7416,0,0,0,1.0,1,1.0,1,1.0,1,0.07252022052216443,50
5364,4,11465,4047,7418,0,0,0,1.0,1,1.0,1,1.0,1,0.10004507532418988,51
5365,1,11466,4047,7419,0,0,0,1.0,1,1.0,1,1.0,1,0.10883725644988944,52
5366,0,11466,4047,7419,0,0,0,1.0,1,1.0,1,1.0,1,0.10883725644988944,52
5367,0,11466,4047,7419,0,0,0,1.0,1,1.0,1,1.0,1,0.09721455732936499,54
5368,1,11467,4047,7420,0,0,0,1.0,1,1.0,1,1.0,1,0.09182859046892011,55
5369,3,11470,4049,7421,0,0,0,1.0,1,1.0,1,1.0,1,0.11648976088793575,53
5370,6,11476,4053,7423,0,0,0,1.0,1,1.0,1,1.0,1,0.16772003182548137,54
5371,4,11480,4055,7425,0,0,0,1.0,1,1.0,1,1.0,1,0.20251257797864197,53
5372,4,11484,4057,7427,0,0,0,1.0,1,1.0,1,1.0,1,0.22354373309783238,53
5373,5,11489,4057,7432,0,0,0,1.0,1,1.0,1,1.0,1,0.158691087164499,52
5374,3,11492,4058,7434,0,0,0,1.0,1,1.0,1,1.0,1,0.15910677683908908,51
5375,2,11494,4058,7436,0,0,0,1.0,1,1.0,1,1.0,1,0.1267005074055691,52
5376,3,11497,4060,7437,0,0,0,1.0,1,1.0,1,1.0,1,0.16565696166706223,51
5377,4,11501,4060,7441,0,0,0,1.0,1,1.0,1,1.0,1,0.1301685127684713,52
5378,0,11501,4060,7441,0,0,0,1.0,1,1.0,1,1.0,1,0.14277023198052674,50
5379,2,11503,4061,7442,0,0,0,1.0,1,1.0,1,1.0,1,0.14279167173557406,50
5380,0,11503,4061,7442,0,0,0,1.0,1,1.0,1,1.0,1,0.1615284278595002,52
5381,2,11505,4061,7444,0,0,0,1.0,1,1.0,1,1.0,1,0.14365402518249687,52
5382,2,11507,4061,7446,0,0,0,1.0,1,1.0,1,1.0,1,0.11211364707005719,52
5383,0,11507,4061,7446,0,0,0,1.0,1,1.0,1,1.0,1,0.1042946368643558,51
5384,0,11507,4061,7446,0,0,0,1.0,1,1.0,1,1.0,1,0.10928338667433116,52
5385,2,11509,4062,7447,0,0,0,1.0,1,1.0,1,1.0,1,0.139523872325417,51
5386,2,11511,4063,7448,0,0,0,1.0,1,1.0,1,1.0,1,0.12856490856867592,52
5387,3,11514,4065,7449,0,0,0,1.0,1,1.0,1,1.0,1,0.12139618566326218,53
5388,3,11517,4065,7452,0,0,0,1.0,1,1.0,1,1.0,1,0.128774419614563,54
5389,4,11521,4066,7455,0,0,0,1.0,1,1.0,1,1.0,1,0.07512828900420306,55
5390,3,11524,4067,7457,0,0,0,1.0,1,1.0,1,1.0,1,0.09007738057003288,56
5391,3,11527,4068,7459,0,0,0,1.0,1,1.0,1,1.0,1,0.07701378477822811,56
5392,5,11532,4070,7462,0,0,0,1.0,1,1.0,1,1.0,1,0.0924637916875504,56
5393,1,11533,4070,7463,0,0,0,1.0,1,1.0,1,1.0,1,0.06724915936425248,54
5394,1,11534,4071,7463,0,0,0,1.0,1,1.0,1,1.0,1,0.08128998374615268,53
5395,2,11536,4073,7463,0,0,0,1.0,1,1.0,1,1.0,1,0.10072273825855928,53
5396,2,11538,4074,7464,0,0,0,1.0,1,1.0,1,1.0,1,0.12451486243445077,54
5397,5,11543,4076,7467,0,0,0,1.0,1,1.0,1,1.0,1,0.091865213378272,53
5398,1,11544,4076,7468,0,0,0,1.0,1,1.0,1,1.0,1,0.07289941152941318,53
5399,8,11552,4082,7470,0,0,0,1.0,1,1.0,1,1.0,1,0.10185946688333816,55
5400,1,11553,4082,7471,0,0,0,1.0,1,1.0,1,1.0,1,0.09869819748622422,55
5401,3,11556,4084,7472,0,0,0,1.0,1,1.0,1,1.0,1,0.0967205022685356,56
5402,0,11556,4084,7472,0,0,0,1.0,1,1.0,1,1.0,1,0.0,0
