,SuccessfulHandoverCount,TotalSuccessfulHandoverCount,TotalSuccessfulHandoverCountRange,TotalSuccessfulHandoverCountLoadBalancing,TotalSuccessfulHandoverCountOverload,FailedHandoverCount,TotalFailedHandoverCount,AvgQoS,MinQoS,AvgQoS_LoadBased,MinQoS_LoadBased,AvgQoS_RangeBased,MinQoS_RangeBased,GiniLoad,VehicleCount
0,0,0,0,0,0,0,0,1.0,1,1.0,1,1.0,1,0.0,0
1,11,11,0,11,0,0,0,1.0,1,1.0,1,1.0,1,0.2655473127736556,26
2,9,20,0,20,0,0,0,1.0,1,1.0,1,1.0,1,0.16272431613789476,27
3,4,24,0,24,0,0,0,1.0,1,1.0,1,1.0,1,0.20302059887784218,28
4,4,28,0,28,0,0,0,1.0,1,1.0,1,1.0,1,0.17522496120144904,29
5,4,32,0,32,0,0,0,1.0,1,1.0,1,1.0,1,0.18433204641349135,29
6,5,37,0,37,0,0,0,1.0,1,1.0,1,1.0,1,0.2300090305542564,32
7,9,46,0,46,0,0,0,1.0,1,1.0,1,1.0,1,0.24131979466071568,33
8,18,64,0,64,0,0,0,1.0,1,1.0,1,1.0,1,0.1870938481166688,35
9,11,75,0,75,0,0,0,1.0,1,1.0,1,1.0,1,0.18527939352749823,35
10,7,82,0,82,0,0,0,1.0,1,1.0,1,1.0,1,0.12050130628419259,35
11,7,89,0,89,0,0,0,1.0,1,1.0,1,1.0,1,0.16006619668454938,35
12,9,98,0,98,0,0,0,1.0,1,1.0,1,1.0,1,0.19700727346302707,34
13,9,107,0,107,0,0,0,1.0,1,1.0,1,1.0,1,0.22717996937779555,32
14,12,119,3,116,0,0,0,1.0,1,1.0,1,1.0,1,0.3279872503992121,31
15,11,130,3,127,0,0,0,1.0,1,1.0,1,1.0,1,0.309489780133286,30
16,9,139,3,136,0,0,0,1.0,1,1.0,1,1.0,1,0.33816202898429487,30
17,7,146,3,143,0,0,0,1.0,1,1.0,1,1.0,1,0.2606083388467167,29
18,7,153,5,148,0,0,0,1.0,1,1.0,1,1.0,1,0.3649606256068951,29
19,4,157,5,152,0,0,0,1.0,1,1.0,1,1.0,1,0.33175764666702673,28
20,8,165,5,160,0,0,0,1.0,1,1.0,1,1.0,1,0.3606299522333238,28
21,5,170,5,165,0,0,0,1.0,1,1.0,1,1.0,1,0.2874008205579527,28
22,2,172,5,167,0,0,0,1.0,1,1.0,1,1.0,1,0.3044813128668762,28
23,3,175,5,170,0,0,0,1.0,1,1.0,1,1.0,1,0.321370843039742,27
24,7,182,7,175,0,0,0,1.0,1,1.0,1,1.0,1,0.32437082858518823,28
25,4,186,7,179,0,0,0,1.0,1,1.0,1,1.0,1,0.2831694923546294,28
26,7,193,8,185,0,0,0,1.0,1,1.0,1,1.0,1,0.21353317084601062,30
27,3,196,8,188,0,0,0,1.0,1,1.0,1,1.0,1,0.2537074890849048,30
28,6,202,8,194,0,0,0,1.0,1,1.0,1,1.0,1,0.248502181520448,31
29,6,208,9,199,0,0,0,1.0,1,1.0,1,1.0,1,0.2219039559523465,30
30,3,211,9,202,0,0,0,1.0,1,1.0,1,1.0,1,0.23749341703834978,30
31,2,213,10,203,0,0,0,1.0,1,1.0,1,1.0,1,0.24154237909587617,31
32,1,214,10,204,0,0,0,1.0,1,1.0,1,1.0,1,0.2252461109067239,31
33,1,215,11,204,0,0,0,1.0,1,1.0,1,1.0,1,0.2574383310720201,31
34,1,216,11,205,0,0,0,1.0,1,1.0,1,1.0,1,0.21858290061877597,29
35,1,217,12,205,0,0,0,1.0,1,1.0,1,1.0,1,0.24652878394384753,30
36,1,218,12,206,0,0,0,1.0,1,1.0,1,1.0,1,0.2247709813581941,30
37,0,218,12,206,0,0,0,1.0,1,1.0,1,1.0,1,0.2351797021706001,31
38,0,218,12,206,0,0,0,1.0,1,1.0,1,1.0,1,0.23478604983312,32
39,2,220,12,208,0,0,0,1.0,1,1.0,1,1.0,1,0.200414839057897,36
40,0,220,12,208,0,0,0,1.0,1,1.0,1,1.0,1,0.20573842261749534,37
41,1,221,12,209,0,0,0,1.0,1,1.0,1,1.0,1,0.1877003890759303,37
42,0,221,12,209,0,0,0,1.0,1,1.0,1,1.0,1,0.202285578537107,38
43,3,224,13,211,0,0,0,1.0,1,1.0,1,1.0,1,0.2531509105997527,40
44,2,226,14,212,0,0,0,1.0,1,1.0,1,1.0,1,0.26615216540288383,39
45,1,227,15,212,0,0,0,1.0,1,1.0,1,1.0,1,0.31083124202762297,40
46,0,227,15,212,0,0,0,1.0,1,1.0,1,1.0,1,0.3065411881742847,39
47,1,228,15,213,0,0,0,1.0,1,1.0,1,1.0,1,0.270106111208308,39
48,0,228,15,213,0,0,0,1.0,1,1.0,1,1.0,1,0.270106111208308,39
49,1,229,16,213,0,0,0,1.0,1,1.0,1,1.0,1,0.26706332189814286,37
50,1,230,17,213,0,0,0,1.0,1,1.0,1,1.0,1,0.3028594145627591,35
51,0,230,17,213,0,0,0,1.0,1,1.0,1,1.0,1,0.2973563652635223,34
52,1,231,18,213,0,0,0,1.0,1,1.0,1,1.0,1,0.32696440018442174,34
53,1,232,18,214,0,0,0,1.0,1,1.0,1,1.0,1,0.340995196954687,35
54,2,234,18,216,0,0,0,1.0,1,1.0,1,1.0,1,0.33067876675037083,36
55,3,237,20,217,0,0,0,1.0,1,1.0,1,1.0,1,0.32388949498376646,36
56,1,238,21,217,0,0,0,1.0,1,1.0,1,1.0,1,0.3361089430162558,36
57,1,239,21,218,0,0,0,1.0,1,1.0,1,1.0,1,0.32977614735673383,37
58,4,243,24,219,0,0,0,1.0,1,1.0,1,1.0,1,0.3544915391367704,38
59,1,244,25,219,0,0,0,1.0,1,1.0,1,1.0,1,0.3626553680947024,37
60,2,246,25,221,0,0,0,1.0,1,1.0,1,1.0,1,0.29851026848557277,38
61,2,248,25,223,0,0,0,1.0,1,1.0,1,1.0,1,0.25589092943392094,37
62,0,248,25,223,0,0,0,1.0,1,1.0,1,1.0,1,0.26384137609636,39
63,2,250,26,224,0,0,0,1.0,1,1.0,1,1.0,1,0.25575590975288515,39
64,1,251,27,224,0,0,0,1.0,1,1.0,1,1.0,1,0.2730283251293708,38
65,4,255,29,226,0,0,0,1.0,1,1.0,1,1.0,1,0.28959108282366774,39
66,2,257,31,226,0,0,0,1.0,1,1.0,1,1.0,1,0.34069408373769816,39
67,0,257,31,226,0,0,0,1.0,1,1.0,1,1.0,1,0.34655798900112583,36
68,2,259,33,226,0,0,0,1.0,1,1.0,1,1.0,1,0.39274649784008137,36
69,0,259,33,226,0,0,0,1.0,1,1.0,1,1.0,1,0.39849684707828475,37
70,0,259,33,226,0,0,0,1.0,1,1.0,1,1.0,1,0.42342061476290327,36
71,0,259,33,226,0,0,0,1.0,1,1.0,1,1.0,1,0.4169489685426593,38
72,1,260,34,226,0,0,0,1.0,1,1.0,1,1.0,1,0.4044635051465247,38
73,1,261,35,226,0,0,0,1.0,1,1.0,1,1.0,1,0.4151794573945692,37
74,2,263,35,228,0,0,0,1.0,1,1.0,1,1.0,1,0.3968585664089275,38
75,0,263,35,228,0,0,0,1.0,1,1.0,1,1.0,1,0.3968585664089275,38
76,2,265,37,228,0,0,0,1.0,1,1.0,1,1.0,1,0.384573770841934,39
77,1,266,37,229,0,0,0,1.0,1,1.0,1,1.0,1,0.38424156462636,40
78,2,268,37,231,0,0,0,1.0,1,1.0,1,1.0,1,0.38819369257757963,41
79,1,269,37,232,0,0,0,1.0,1,1.0,1,1.0,1,0.38978779380784806,41
80,1,270,37,233,0,0,0,1.0,1,1.0,1,1.0,1,0.38819369257757963,41
81,1,271,37,234,0,0,0,1.0,1,1.0,1,1.0,1,0.39064715905521297,41
82,5,276,37,239,0,0,0,1.0,1,1.0,1,1.0,1,0.3673840578027999,44
83,3,279,37,242,0,0,0,1.0,1,1.0,1,1.0,1,0.37828572551121226,44
84,2,281,37,244,0,0,0,1.0,1,1.0,1,1.0,1,0.37505091916770356,45
85,2,283,38,245,0,0,0,1.0,1,1.0,1,1.0,1,0.3890576825337873,45
86,4,287,38,249,0,0,0,1.0,1,1.0,1,1.0,1,0.35920965451484244,45
87,1,288,38,250,0,0,0,1.0,1,1.0,1,1.0,1,0.34509370039302284,44
88,0,288,38,250,0,0,0,1.0,1,1.0,1,1.0,1,0.34509370039302284,44
89,2,290,39,251,0,0,0,1.0,1,1.0,1,1.0,1,0.3436343903149564,43
90,0,290,39,251,0,0,0,1.0,1,1.0,1,1.0,1,0.3848636122325004,44
91,7,297,41,256,0,0,0,1.0,1,1.0,1,1.0,1,0.3550467950081399,44
92,0,297,41,256,0,0,0,1.0,1,1.0,1,1.0,1,0.3524368778614539,43
93,0,297,41,256,0,0,0,1.0,1,1.0,1,1.0,1,0.3669137612566558,44
94,0,297,41,256,0,0,0,1.0,1,1.0,1,1.0,1,0.3669137612566558,44
95,1,298,41,257,0,0,0,1.0,1,1.0,1,1.0,1,0.34286274879668704,43
96,1,299,41,258,0,0,0,1.0,1,1.0,1,1.0,1,0.33171491612364395,44
97,2,301,42,259,0,0,0,1.0,1,1.0,1,1.0,1,0.3339114799269799,44
98,0,301,42,259,0,0,0,1.0,1,1.0,1,1.0,1,0.3519242433511214,43
99,0,301,42,259,0,0,0,1.0,1,1.0,1,1.0,1,0.3519242433511214,43
100,2,303,42,261,0,0,0,1.0,1,1.0,1,1.0,1,0.30177040770212166,47
101,0,303,42,261,0,0,0,1.0,1,1.0,1,1.0,1,0.30177040770212166,47
102,2,305,43,262,0,0,0,1.0,1,1.0,1,1.0,1,0.3085971209230541,47
103,2,307,44,263,0,0,0,1.0,1,1.0,1,1.0,1,0.30965949801087433,46
104,5,312,48,264,0,0,0,1.0,1,1.0,1,1.0,1,0.30584735768897514,45
105,3,315,50,265,0,0,0,1.0,1,1.0,1,1.0,1,0.2800179798071348,44
106,3,318,52,266,0,0,0,1.0,1,1.0,1,1.0,1,0.252867783432901,45
107,2,320,53,267,0,0,0,1.0,1,1.0,1,1.0,1,0.22003318813987977,44
108,4,324,55,269,0,0,0,1.0,1,1.0,1,1.0,1,0.2043194739954063,46
109,4,328,58,270,0,0,0,1.0,1,1.0,1,1.0,1,0.15692520774807409,46
110,3,331,59,272,0,0,0,1.0,1,1.0,1,1.0,1,0.12418065955720849,46
111,3,334,60,274,0,0,0,1.0,1,1.0,1,1.0,1,0.17301359770937438,46
112,1,335,61,274,0,0,0,1.0,1,1.0,1,1.0,1,0.1424738299848259,46
113,1,336,61,275,0,0,0,1.0,1,1.0,1,1.0,1,0.10747237209959452,46
114,4,340,64,276,0,0,0,1.0,1,1.0,1,1.0,1,0.10362416646846596,46
115,1,341,65,276,0,0,0,1.0,1,1.0,1,1.0,1,0.09419370379290423,47
116,3,344,67,277,0,0,0,1.0,1,1.0,1,1.0,1,0.07126962470058622,47
117,2,346,68,278,0,0,0,1.0,1,1.0,1,1.0,1,0.11588701176506766,45
118,2,348,69,279,0,0,0,1.0,1,1.0,1,1.0,1,0.10205845621939753,46
119,1,349,69,280,0,0,0,1.0,1,1.0,1,1.0,1,0.14764577527802308,46
120,0,349,69,280,0,0,0,1.0,1,1.0,1,1.0,1,0.12535197617084348,47
121,1,350,69,281,0,0,0,1.0,1,1.0,1,1.0,1,0.09333808877723151,46
122,0,350,69,281,0,0,0,1.0,1,1.0,1,1.0,1,0.09333808877723151,46
123,0,350,69,281,0,0,0,1.0,1,1.0,1,1.0,1,0.10451500291476827,45
124,0,350,69,281,0,0,0,1.0,1,1.0,1,1.0,1,0.10664486931441404,46
125,1,351,70,281,0,0,0,1.0,1,1.0,1,1.0,1,0.10541692747048216,44
126,0,351,70,281,0,0,0,1.0,1,1.0,1,1.0,1,0.11439337490925136,45
127,0,351,70,281,0,0,0,1.0,1,1.0,1,1.0,1,0.1081773032170581,45
128,0,351,70,281,0,0,0,1.0,1,1.0,1,1.0,1,0.09996645777821342,46
129,0,351,70,281,0,0,0,1.0,1,1.0,1,1.0,1,0.1152125603728133,48
130,2,353,72,281,0,0,0,1.0,1,1.0,1,1.0,1,0.13089281807553377,48
131,1,354,73,281,0,0,0,1.0,1,1.0,1,1.0,1,0.14968900414414363,49
132,3,357,74,283,0,0,0,1.0,1,1.0,1,1.0,1,0.15608581486584797,51
133,3,360,76,284,0,0,0,1.0,1,1.0,1,1.0,1,0.18535595850456435,49
134,6,366,81,285,0,0,0,1.0,1,1.0,1,1.0,1,0.21182808167749476,49
135,3,369,82,287,0,0,0,1.0,1,1.0,1,1.0,1,0.24889685900498718,49
136,6,375,88,287,0,0,0,1.0,1,1.0,1,1.0,1,0.2824794807637521,48
137,2,377,88,289,0,0,0,1.0,1,1.0,1,1.0,1,0.28596417345253056,47
138,5,382,91,291,0,0,0,1.0,1,1.0,1,1.0,1,0.27850166683349736,48
139,3,385,91,294,0,0,0,1.0,1,1.0,1,1.0,1,0.27927106414555236,48
140,5,390,92,298,0,0,0,1.0,1,1.0,1,1.0,1,0.3165442954788707,49
141,4,394,93,301,0,0,0,1.0,1,1.0,1,1.0,1,0.343433812004782,49
142,3,397,94,303,0,0,0,1.0,1,1.0,1,1.0,1,0.34849221619669485,49
143,1,398,95,303,0,0,0,1.0,1,1.0,1,1.0,1,0.3859659833123775,47
144,1,399,96,303,0,0,0,1.0,1,1.0,1,1.0,1,0.3949294889597258,46
145,2,401,97,304,0,0,0,1.0,1,1.0,1,1.0,1,0.42231079727815357,44
146,5,406,98,308,0,0,0,1.0,1,1.0,1,1.0,1,0.3976909435637729,44
147,2,408,98,310,0,0,0,1.0,1,1.0,1,1.0,1,0.4058870251989579,43
148,3,411,99,312,0,0,0,1.0,1,1.0,1,1.0,1,0.3889666325794756,43
149,3,414,101,313,0,0,0,1.0,1,1.0,1,1.0,1,0.42907844035101794,43
150,4,418,102,316,0,0,0,1.0,1,1.0,1,1.0,1,0.4321825701738748,42
151,5,423,103,320,0,0,0,1.0,1,1.0,1,1.0,1,0.33268222857404356,42
152,0,423,103,320,0,0,0,1.0,1,1.0,1,1.0,1,0.33268222857404356,42
153,0,423,103,320,0,0,0,1.0,1,1.0,1,1.0,1,0.3199471048060394,42
154,4,427,103,324,0,0,0,1.0,1,1.0,1,1.0,1,0.23216548377090207,43
155,2,429,103,326,0,0,0,1.0,1,1.0,1,1.0,1,0.19923118955111518,43
156,1,430,104,326,0,0,0,1.0,1,1.0,1,1.0,1,0.22609497060967923,42
157,3,433,104,329,0,0,0,1.0,1,1.0,1,1.0,1,0.24136732159995924,41
158,4,437,104,333,0,0,0,1.0,1,1.0,1,1.0,1,0.13095309201458125,42
159,2,439,104,335,0,0,0,1.0,1,1.0,1,1.0,1,0.09258984514555685,43
160,0,439,104,335,0,0,0,1.0,1,1.0,1,1.0,1,0.10471642056434273,44
161,2,441,105,336,0,0,0,1.0,1,1.0,1,1.0,1,0.12661761433969396,44
162,4,445,108,337,0,0,0,1.0,1,1.0,1,1.0,1,0.15657367445498366,45
163,3,448,110,338,0,0,0,1.0,1,1.0,1,1.0,1,0.21492445303531582,43
164,1,449,111,338,0,0,0,1.0,1,1.0,1,1.0,1,0.21820217750054924,42
165,2,451,113,338,0,0,0,1.0,1,1.0,1,1.0,1,0.2271603869015438,42
166,2,453,114,339,0,0,0,1.0,1,1.0,1,1.0,1,0.238727372179281,42
167,1,454,115,339,0,0,0,1.0,1,1.0,1,1.0,1,0.23160284242153983,41
168,2,456,115,341,0,0,0,1.0,1,1.0,1,1.0,1,0.21988436036453207,40
169,2,458,117,341,0,0,0,1.0,1,1.0,1,1.0,1,0.20741002456963836,40
170,1,459,117,342,0,0,0,1.0,1,1.0,1,1.0,1,0.18384074541693293,38
171,3,462,120,342,0,0,0,1.0,1,1.0,1,1.0,1,0.2547461773213875,37
172,1,463,120,343,0,0,0,1.0,1,1.0,1,1.0,1,0.19666690564802664,35
173,2,465,121,344,0,0,0,1.0,1,1.0,1,1.0,1,0.20508358357563897,36
174,1,466,122,344,0,0,0,1.0,1,1.0,1,1.0,1,0.1831145802127039,34
175,0,466,122,344,0,0,0,1.0,1,1.0,1,1.0,1,0.20568319883100358,33
176,0,466,122,344,0,0,0,1.0,1,1.0,1,1.0,1,0.20111622091890116,34
177,1,467,122,345,0,0,0,1.0,1,1.0,1,1.0,1,0.2466442074653931,36
178,2,469,122,347,0,0,0,1.0,1,1.0,1,1.0,1,0.2558166062855257,37
179,2,471,123,348,0,0,0,1.0,1,1.0,1,1.0,1,0.287148422468133,37
180,2,473,123,350,0,0,0,1.0,1,1.0,1,1.0,1,0.2893836594200891,36
181,4,477,123,354,0,0,0,1.0,1,1.0,1,1.0,1,0.18213626269185135,36
182,5,482,126,356,0,0,0,1.0,1,1.0,1,1.0,1,0.167540292704698,38
183,2,484,127,357,0,0,0,1.0,1,1.0,1,1.0,1,0.1938947253343523,37
184,2,486,129,357,0,0,0,1.0,1,1.0,1,1.0,1,0.2487600693823046,36
185,0,486,129,357,0,0,0,1.0,1,1.0,1,1.0,1,0.2449394110541151,35
186,1,487,130,357,0,0,0,1.0,1,1.0,1,1.0,1,0.29551314802502965,34
187,2,489,132,357,0,0,0,1.0,1,1.0,1,1.0,1,0.3189172915499913,33
188,1,490,133,357,0,0,0,1.0,1,1.0,1,1.0,1,0.31855621434509485,33
189,6,496,138,358,0,0,0,1.0,1,1.0,1,1.0,1,0.40305220332472436,33
190,1,497,138,359,0,0,0,1.0,1,1.0,1,1.0,1,0.39596936463942883,32
191,2,499,139,360,0,0,0,1.0,1,1.0,1,1.0,1,0.39516471364056804,34
192,4,503,139,364,0,0,0,1.0,1,1.0,1,1.0,1,0.38972049424459504,34
193,4,507,139,368,0,0,0,1.0,1,1.0,1,1.0,1,0.39596634601040026,35
194,5,512,140,372,0,0,0,1.0,1,1.0,1,1.0,1,0.401206952496391,37
195,7,519,140,379,0,0,0,1.0,1,1.0,1,1.0,1,0.4187268722797512,36
196,5,524,140,384,0,0,0,1.0,1,1.0,1,1.0,1,0.3922858753251647,36
197,4,528,140,388,0,0,0,1.0,1,1.0,1,1.0,1,0.408235117679794,37
198,9,537,143,394,0,0,0,1.0,1,1.0,1,1.0,1,0.4118067049483341,37
199,6,543,143,400,0,0,0,1.0,1,1.0,1,1.0,1,0.4118067049483341,37
200,5,548,144,404,0,0,0,1.0,1,1.0,1,1.0,1,0.4000267614777618,37
201,4,552,144,408,0,0,0,1.0,1,1.0,1,1.0,1,0.322220296406039,36
202,3,555,145,410,0,0,0,1.0,1,1.0,1,1.0,1,0.3492133458875092,36
203,2,557,146,411,0,0,0,1.0,1,1.0,1,1.0,1,0.3438991168500723,35
204,0,557,146,411,0,0,0,1.0,1,1.0,1,1.0,1,0.3435304730626206,35
205,2,559,148,411,0,0,0,1.0,1,1.0,1,1.0,1,0.34977279613891366,35
206,8,567,151,416,0,0,0,1.0,1,1.0,1,1.0,1,0.3662663669442198,34
207,5,572,151,421,0,0,0,1.0,1,1.0,1,1.0,1,0.3359297753002951,34
208,4,576,151,425,0,0,0,1.0,1,1.0,1,1.0,1,0.25800197069270364,33
209,1,577,151,426,0,0,0,1.0,1,1.0,1,1.0,1,0.259896980578257,33
210,1,578,151,427,0,0,0,1.0,1,1.0,1,1.0,1,0.2820855267398506,34
211,5,583,152,431,0,0,0,1.0,1,1.0,1,1.0,1,0.2499620345003747,33
212,2,585,153,432,0,0,0,1.0,1,1.0,1,1.0,1,0.19370713179220123,33
213,2,587,154,433,0,0,0,1.0,1,1.0,1,1.0,1,0.21208240546073528,35
214,0,587,154,433,0,0,0,1.0,1,1.0,1,1.0,1,0.20733038248551072,34
215,2,589,155,434,0,0,0,1.0,1,1.0,1,1.0,1,0.16962483960874386,35
216,3,592,157,435,0,0,0,1.0,1,1.0,1,1.0,1,0.1875754454872426,36
217,2,594,158,436,0,0,0,1.0,1,1.0,1,1.0,1,0.20326134359219272,36
218,2,596,159,437,0,0,0,1.0,1,1.0,1,1.0,1,0.22114375298553487,36
219,1,597,159,438,0,0,0,1.0,1,1.0,1,1.0,1,0.19327224073200705,37
220,2,599,160,439,0,0,0,1.0,1,1.0,1,1.0,1,0.1603751727728112,38
221,1,600,160,440,0,0,0,1.0,1,1.0,1,1.0,1,0.17676754792505345,37
222,3,603,162,441,0,0,0,1.0,1,1.0,1,1.0,1,0.160599835638058,38
223,2,605,163,442,0,0,0,1.0,1,1.0,1,1.0,1,0.1640647672611059,38
224,3,608,164,444,0,0,0,1.0,1,1.0,1,1.0,1,0.19213332035168446,38
225,2,610,165,445,0,0,0,1.0,1,1.0,1,1.0,1,0.1882603307781391,36
226,2,612,166,446,0,0,0,1.0,1,1.0,1,1.0,1,0.2062776746729244,37
227,2,614,167,447,0,0,0,1.0,1,1.0,1,1.0,1,0.14968421976462756,35
228,2,616,169,447,0,0,0,1.0,1,1.0,1,1.0,1,0.17061498034977454,35
229,1,617,170,447,0,0,0,1.0,1,1.0,1,1.0,1,0.1521200043194306,35
230,2,619,172,447,0,0,0,1.0,1,1.0,1,1.0,1,0.19389555498797484,35
231,5,624,175,449,0,0,0,1.0,1,1.0,1,1.0,1,0.1272282211187689,35
232,2,626,175,451,0,0,0,1.0,1,1.0,1,1.0,1,0.1811816036488009,36
233,2,628,177,451,0,0,0,1.0,1,1.0,1,1.0,1,0.21800342173954584,36
234,1,629,178,451,0,0,0,1.0,1,1.0,1,1.0,1,0.26947006723868483,34
235,2,631,180,451,0,0,0,1.0,1,1.0,1,1.0,1,0.2594932818147763,33
236,1,632,180,452,0,0,0,1.0,1,1.0,1,1.0,1,0.265102422542485,31
237,1,633,181,452,0,0,0,1.0,1,1.0,1,1.0,1,0.26439437540658667,32
238,0,633,181,452,0,0,0,1.0,1,1.0,1,1.0,1,0.266819852995842,31
239,2,635,183,452,0,0,0,1.0,1,1.0,1,1.0,1,0.22779578598626699,30
240,2,637,184,453,0,0,0,1.0,1,1.0,1,1.0,1,0.2448522497220191,27
241,4,641,187,454,0,0,0,1.0,1,1.0,1,1.0,1,0.23675719282908,27
242,0,641,187,454,0,0,0,1.0,1,1.0,1,1.0,1,0.27147146405411593,28
243,1,642,188,454,0,0,0,1.0,1,1.0,1,1.0,1,0.2967287594124585,28
244,1,643,189,454,0,0,0,1.0,1,1.0,1,1.0,1,0.24566543758340306,27
245,1,644,190,454,0,0,0,1.0,1,1.0,1,1.0,1,0.2705131360279364,27
246,3,647,192,455,0,0,0,1.0,1,1.0,1,1.0,1,0.28735421801633415,25
247,0,647,192,455,0,0,0,1.0,1,1.0,1,1.0,1,0.25688362998977876,24
248,0,647,192,455,0,0,0,1.0,1,1.0,1,1.0,1,0.25836703516585885,24
249,0,647,192,455,0,0,0,1.0,1,1.0,1,1.0,1,0.2836108594755936,25
250,0,647,192,455,0,0,0,1.0,1,1.0,1,1.0,1,0.2889895046408345,27
251,0,647,192,455,0,0,0,1.0,1,1.0,1,1.0,1,0.2889895046408345,27
252,2,649,193,456,0,0,0,1.0,1,1.0,1,1.0,1,0.2800911809514146,27
253,1,650,193,457,0,0,0,1.0,1,1.0,1,1.0,1,0.2881518458065726,29
254,1,651,194,457,0,0,0,1.0,1,1.0,1,1.0,1,0.2573055310187324,30
255,1,652,195,457,0,0,0,1.0,1,1.0,1,1.0,1,0.28668996104926,31
256,2,654,197,457,0,0,0,1.0,1,1.0,1,1.0,1,0.2775934403737362,31
257,3,657,198,459,0,0,0,1.0,1,1.0,1,1.0,1,0.29795242557614726,33
258,3,660,200,460,0,0,0,1.0,1,1.0,1,1.0,1,0.313197527643116,33
259,2,662,200,462,0,0,0,1.0,1,1.0,1,1.0,1,0.2836557229972588,33
260,3,665,202,463,0,0,0,1.0,1,1.0,1,1.0,1,0.34509080512547685,35
261,5,670,204,466,0,0,0,1.0,1,1.0,1,1.0,1,0.3979094586617873,35
262,7,677,206,471,0,0,0,1.0,1,1.0,1,1.0,1,0.4098865488295115,35
263,2,679,206,473,0,0,0,1.0,1,1.0,1,1.0,1,0.39175901048848366,34
264,2,681,207,474,0,0,0,1.0,1,1.0,1,1.0,1,0.41317920409164466,32
265,1,682,207,475,0,0,0,1.0,1,1.0,1,1.0,1,0.39206825053774336,30
266,0,682,207,475,0,0,0,1.0,1,1.0,1,1.0,1,0.3772627032891764,31
267,1,683,207,476,0,0,0,1.0,1,1.0,1,1.0,1,0.39279213944590097,30
268,5,688,207,481,0,0,0,1.0,1,1.0,1,1.0,1,0.33680843070371813,31
269,3,691,209,482,0,0,0,1.0,1,1.0,1,1.0,1,0.35724191358427704,31
270,4,695,210,485,0,0,0,1.0,1,1.0,1,1.0,1,0.3748773399918803,32
271,1,696,210,486,0,0,0,1.0,1,1.0,1,1.0,1,0.3419168744945281,31
272,1,697,211,486,0,0,0,1.0,1,1.0,1,1.0,1,0.4155366459933742,32
273,0,697,211,486,0,0,0,1.0,1,1.0,1,1.0,1,0.4155366459933742,32
274,1,698,212,486,0,0,0,1.0,1,1.0,1,1.0,1,0.43165314147248945,32
275,2,700,212,488,0,0,0,1.0,1,1.0,1,1.0,1,0.34664733303691875,33
276,3,703,213,490,0,0,0,1.0,1,1.0,1,1.0,1,0.32430006224512065,34
277,0,703,213,490,0,0,0,1.0,1,1.0,1,1.0,1,0.24765253698615491,32
278,0,703,213,490,0,0,0,1.0,1,1.0,1,1.0,1,0.2584748137571745,31
279,1,704,213,491,0,0,0,1.0,1,1.0,1,1.0,1,0.19947687070790435,31
280,2,706,213,493,0,0,0,1.0,1,1.0,1,1.0,1,0.18462888818402354,30
281,2,708,214,494,0,0,0,1.0,1,1.0,1,1.0,1,0.17981226884564874,31
282,1,709,214,495,0,0,0,1.0,1,1.0,1,1.0,1,0.15353866107797076,30
283,1,710,215,495,0,0,0,1.0,1,1.0,1,1.0,1,0.18081810995769745,31
284,1,711,216,495,0,0,0,1.0,1,1.0,1,1.0,1,0.21505098488405158,31
285,1,712,217,495,0,0,0,1.0,1,1.0,1,1.0,1,0.26168398230409573,31
286,0,712,217,495,0,0,0,1.0,1,1.0,1,1.0,1,0.26168398230409573,31
287,4,716,218,498,0,0,0,1.0,1,1.0,1,1.0,1,0.2463760534619792,33
288,0,716,218,498,0,0,0,1.0,1,1.0,1,1.0,1,0.21773900202796412,32
289,1,717,219,498,0,0,0,1.0,1,1.0,1,1.0,1,0.24520658549467106,32
290,0,717,219,498,0,0,0,1.0,1,1.0,1,1.0,1,0.2297727882072356,31
291,0,717,219,498,0,0,0,1.0,1,1.0,1,1.0,1,0.24004877407116404,30
292,0,717,219,498,0,0,0,1.0,1,1.0,1,1.0,1,0.20129186439283425,32
293,0,717,219,498,0,0,0,1.0,1,1.0,1,1.0,1,0.20129186439283425,32
294,1,718,220,498,0,0,0,1.0,1,1.0,1,1.0,1,0.24839782796352128,32
295,1,719,221,498,0,0,0,1.0,1,1.0,1,1.0,1,0.24956682507635083,34
296,1,720,222,498,0,0,0,1.0,1,1.0,1,1.0,1,0.25665472723206245,34
297,1,721,223,498,0,0,0,1.0,1,1.0,1,1.0,1,0.2620277952050217,34
298,3,724,223,501,0,0,0,1.0,1,1.0,1,1.0,1,0.2744093130078019,35
299,1,725,223,502,0,0,0,1.0,1,1.0,1,1.0,1,0.2900074492192631,35
300,1,726,224,502,0,0,0,1.0,1,1.0,1,1.0,1,0.3178505214080117,35
301,8,734,225,509,0,0,0,1.0,1,1.0,1,1.0,1,0.19630445340791944,38
302,2,736,226,510,0,0,0,1.0,1,1.0,1,1.0,1,0.2160566497054069,38
303,4,740,228,512,0,0,0,1.0,1,1.0,1,1.0,1,0.2844475111699187,37
304,5,745,229,516,0,0,0,1.0,1,1.0,1,1.0,1,0.2758439777101914,37
305,6,751,230,521,0,0,0,1.0,1,1.0,1,1.0,1,0.33475610553228524,36
306,8,759,231,528,0,0,0,1.0,1,1.0,1,1.0,1,0.29942721862710225,36
307,4,763,231,532,0,0,0,1.0,1,1.0,1,1.0,1,0.28335887523587366,35
308,3,766,231,535,0,0,0,1.0,1,1.0,1,1.0,1,0.25456567653923223,37
309,2,768,231,537,0,0,0,1.0,1,1.0,1,1.0,1,0.2411094696667462,37
310,1,769,231,538,0,0,0,1.0,1,1.0,1,1.0,1,0.23895611419361407,37
311,1,770,231,539,0,0,0,1.0,1,1.0,1,1.0,1,0.2246274761853962,39
312,3,773,232,541,0,0,0,1.0,1,1.0,1,1.0,1,0.24075221919974174,40
313,1,774,232,542,0,0,0,1.0,1,1.0,1,1.0,1,0.25309777494377766,39
314,1,775,232,543,0,0,0,1.0,1,1.0,1,1.0,1,0.25253137098845896,40
315,1,776,232,544,0,0,0,1.0,1,1.0,1,1.0,1,0.23952590805322566,39
316,2,778,232,546,0,0,0,1.0,1,1.0,1,1.0,1,0.22530343928394017,39
317,3,781,232,549,0,0,0,1.0,1,1.0,1,1.0,1,0.2456150875782843,40
318,5,786,232,554,0,0,0,1.0,1,1.0,1,1.0,1,0.2227069459201108,41
319,4,790,232,558,0,0,0,1.0,1,1.0,1,1.0,1,0.3148463677569334,41
320,2,792,232,560,0,0,0,1.0,1,1.0,1,1.0,1,0.28710828162328117,41
321,5,797,232,565,0,0,0,1.0,1,1.0,1,1.0,1,0.253805369551836,41
322,1,798,232,566,0,0,0,1.0,1,1.0,1,1.0,1,0.2224542659854484,41
323,8,806,232,574,0,0,0,1.0,1,1.0,1,1.0,1,0.2722359266164231,41
324,2,808,234,574,0,0,0,1.0,1,1.0,1,1.0,1,0.25527850467082897,42
325,1,809,235,574,0,0,0,1.0,1,1.0,1,1.0,1,0.2512087803583185,42
326,0,809,235,574,0,0,0,1.0,1,1.0,1,1.0,1,0.2512087803583185,42
327,0,809,235,574,0,0,0,1.0,1,1.0,1,1.0,1,0.2512087803583185,42
328,1,810,235,575,0,0,0,1.0,1,1.0,1,1.0,1,0.26360732457902225,43
329,2,812,235,577,0,0,0,1.0,1,1.0,1,1.0,1,0.2650387677473068,43
330,2,814,235,579,0,0,0,1.0,1,1.0,1,1.0,1,0.25964323822994806,45
331,8,822,235,587,0,0,0,1.0,1,1.0,1,1.0,1,0.0759653547849964,45
332,1,823,235,588,0,0,0,1.0,1,1.0,1,1.0,1,0.09135706185405436,45
333,1,824,235,589,0,0,0,1.0,1,1.0,1,1.0,1,0.10424408805953761,46
334,0,824,235,589,0,0,0,1.0,1,1.0,1,1.0,1,0.1018536973227452,48
335,3,827,236,591,0,0,0,1.0,1,1.0,1,1.0,1,0.07212301760471401,48
336,1,828,236,592,0,0,0,1.0,1,1.0,1,1.0,1,0.0814622085279672,48
337,0,828,236,592,0,0,0,1.0,1,1.0,1,1.0,1,0.09657352961613702,49
338,1,829,237,592,0,0,0,1.0,1,1.0,1,1.0,1,0.10447488141430245,50
339,0,829,237,592,0,0,0,1.0,1,1.0,1,1.0,1,0.10447488141430245,50
340,0,829,237,592,0,0,0,1.0,1,1.0,1,1.0,1,0.10447488141430245,50
341,1,830,237,593,0,0,0,1.0,1,1.0,1,1.0,1,0.1051550966961324,51
342,1,831,238,593,0,0,0,1.0,1,1.0,1,1.0,1,0.13510649935513264,51
343,0,831,238,593,0,0,0,1.0,1,1.0,1,1.0,1,0.13944969983674435,51
344,0,831,238,593,0,0,0,1.0,1,1.0,1,1.0,1,0.1373248753183064,50
345,2,833,239,594,0,0,0,1.0,1,1.0,1,1.0,1,0.16961779348322703,51
346,5,838,241,597,0,0,0,1.0,1,1.0,1,1.0,1,0.1618784493114739,51
347,4,842,243,599,0,0,0,1.0,1,1.0,1,1.0,1,0.1662713359257918,51
348,4,846,245,601,0,0,0,1.0,1,1.0,1,1.0,1,0.23415780534075728,53
349,5,851,246,605,0,0,0,1.0,1,1.0,1,1.0,1,0.2501992554999144,55
350,4,855,246,609,0,0,0,1.0,1,1.0,1,1.0,1,0.25854595774304234,54
351,6,861,247,614,0,0,0,1.0,1,1.0,1,1.0,1,0.26447759561100503,54
352,2,863,247,616,0,0,0,1.0,1,1.0,1,1.0,1,0.24981091893195767,53
353,4,867,249,618,0,0,0,1.0,1,1.0,1,1.0,1,0.23498791662734306,53
354,0,867,249,618,0,0,0,1.0,1,1.0,1,1.0,1,0.21415957701084984,50
355,0,867,249,618,0,0,0,1.0,1,1.0,1,1.0,1,0.2250713219637637,51
356,1,868,250,618,0,0,0,1.0,1,1.0,1,1.0,1,0.22794058829499378,51
357,3,871,253,618,0,0,0,1.0,1,1.0,1,1.0,1,0.23289921302406297,50
358,4,875,257,618,0,0,0,1.0,1,1.0,1,1.0,1,0.2467716461913637,48
359,6,881,259,622,0,0,0,1.0,1,1.0,1,1.0,1,0.2956997814753439,47
360,2,883,259,624,0,0,0,1.0,1,1.0,1,1.0,1,0.320438195121568,45
361,8,891,260,631,0,0,0,1.0,1,1.0,1,1.0,1,0.23056852445898607,44
362,1,892,260,632,0,0,0,1.0,1,1.0,1,1.0,1,0.24087949220210655,44
363,5,897,262,635,0,0,0,1.0,1,1.0,1,1.0,1,0.22215965672705254,44
364,1,898,262,636,0,0,0,1.0,1,1.0,1,1.0,1,0.22892258328436935,43
365,1,899,263,636,0,0,0,1.0,1,1.0,1,1.0,1,0.266222869586047,43
366,1,900,264,636,0,0,0,1.0,1,1.0,1,1.0,1,0.2446184133790905,45
367,1,901,264,637,0,0,0,1.0,1,1.0,1,1.0,1,0.2410512762200694,44
368,2,903,264,639,0,0,0,1.0,1,1.0,1,1.0,1,0.21069455114869073,46
369,2,905,265,640,0,0,0,1.0,1,1.0,1,1.0,1,0.2546639532559781,45
370,1,906,265,641,0,0,0,1.0,1,1.0,1,1.0,1,0.2348451546380847,46
371,0,906,265,641,0,0,0,1.0,1,1.0,1,1.0,1,0.2570048388835236,47
372,1,907,265,642,0,0,0,1.0,1,1.0,1,1.0,1,0.2676908968453725,48
373,2,909,265,644,0,0,0,1.0,1,1.0,1,1.0,1,0.22746131369205783,48
374,0,909,265,644,0,0,0,1.0,1,1.0,1,1.0,1,0.230545609877088,49
375,0,909,265,644,0,0,0,1.0,1,1.0,1,1.0,1,0.230545609877088,49
376,4,913,269,644,0,0,0,1.0,1,1.0,1,1.0,1,0.24225309374935403,49
377,9,922,272,650,0,0,0,1.0,1,1.0,1,1.0,1,0.2319840774157584,49
378,5,927,273,654,0,0,0,1.0,1,1.0,1,1.0,1,0.24813351413058973,49
379,9,936,273,663,0,0,0,1.0,1,1.0,1,1.0,1,0.2206921334787484,50
380,8,944,274,670,0,0,0,1.0,1,1.0,1,1.0,1,0.2327884806878804,50
381,3,947,275,672,0,0,0,1.0,1,1.0,1,1.0,1,0.23711094146047776,51
382,2,949,275,674,0,0,0,1.0,1,1.0,1,1.0,1,0.2638349618909533,50
383,4,953,277,676,0,0,0,1.0,1,1.0,1,1.0,1,0.2481857373850969,51
384,3,956,277,679,0,0,0,1.0,1,1.0,1,1.0,1,0.2653822509192828,50
385,4,960,279,681,0,0,0,1.0,1,1.0,1,1.0,1,0.23863579164007595,50
386,4,964,281,683,0,0,0,1.0,1,1.0,1,1.0,1,0.2823425494641121,48
387,3,967,282,685,0,0,0,1.0,1,1.0,1,1.0,1,0.26525184603591156,47
388,6,973,284,689,0,0,0,1.0,1,1.0,1,1.0,1,0.30621855399054787,48
389,3,976,285,691,0,0,0,1.0,1,1.0,1,1.0,1,0.2980231112388148,47
390,4,980,287,693,0,0,0,1.0,1,1.0,1,1.0,1,0.29563066290383555,49
391,4,984,287,697,0,0,0,1.0,1,1.0,1,1.0,1,0.19944478585455885,46
392,3,987,288,699,0,0,0,1.0,1,1.0,1,1.0,1,0.17600239288859998,46
393,4,991,290,701,0,0,0,1.0,1,1.0,1,1.0,1,0.18331776518766463,44
394,2,993,290,703,0,0,0,1.0,1,1.0,1,1.0,1,0.18457977847281629,43
395,1,994,290,704,0,0,0,1.0,1,1.0,1,1.0,1,0.23971832291577938,42
396,1,995,291,704,0,0,0,1.0,1,1.0,1,1.0,1,0.21508434046576894,39
397,3,998,293,705,0,0,0,1.0,1,1.0,1,1.0,1,0.32419766508817954,39
398,0,998,293,705,0,0,0,1.0,1,1.0,1,1.0,1,0.32440130172620263,36
399,2,1000,295,705,0,0,0,1.0,1,1.0,1,1.0,1,0.32352087642799515,36
400,1,1001,296,705,0,0,0,1.0,1,1.0,1,1.0,1,0.34677588200919435,34
401,1,1002,297,705,0,0,0,1.0,1,1.0,1,1.0,1,0.34935726371441456,33
402,0,1002,297,705,0,0,0,1.0,1,1.0,1,1.0,1,0.3358175792984075,34
403,0,1002,297,705,0,0,0,1.0,1,1.0,1,1.0,1,0.3279715807010514,36
404,2,1004,299,705,0,0,0,1.0,1,1.0,1,1.0,1,0.3216236474308535,36
405,3,1007,300,707,0,0,0,1.0,1,1.0,1,1.0,1,0.3178495477780893,37
406,0,1007,300,707,0,0,0,1.0,1,1.0,1,1.0,1,0.3178495477780893,37
407,3,1010,301,709,0,0,0,1.0,1,1.0,1,1.0,1,0.3092051519347938,39
408,3,1013,302,711,0,0,0,1.0,1,1.0,1,1.0,1,0.3296344466313115,40
409,3,1016,304,712,0,0,0,1.0,1,1.0,1,1.0,1,0.36385170532879807,41
410,7,1023,305,718,0,0,0,1.0,1,1.0,1,1.0,1,0.38473940364266107,42
411,3,1026,305,721,0,0,0,1.0,1,1.0,1,1.0,1,0.35164989096090676,43
412,7,1033,306,727,0,0,0,1.0,1,1.0,1,1.0,1,0.381729495527442,44
413,6,1039,306,733,0,0,0,1.0,1,1.0,1,1.0,1,0.381729495527442,44
414,3,1042,306,736,0,0,0,1.0,1,1.0,1,1.0,1,0.427084747891705,45
415,6,1048,306,742,0,0,0,1.0,1,1.0,1,1.0,1,0.427084747891705,45
416,7,1055,306,749,0,0,0,1.0,1,1.0,1,1.0,1,0.39451067087185476,46
417,9,1064,307,757,0,0,0,1.0,1,1.0,1,1.0,1,0.34965920818082286,46
418,8,1072,307,765,0,0,0,1.0,1,1.0,1,1.0,1,0.35203077277322964,47
419,5,1077,307,770,0,0,0,1.0,1,1.0,1,1.0,1,0.33933571128031187,47
420,3,1080,308,772,0,0,0,1.0,1,1.0,1,1.0,1,0.3091901581186405,47
421,7,1087,310,777,0,0,0,1.0,1,1.0,1,1.0,1,0.2949222571551985,47
422,5,1092,312,780,0,0,0,1.0,1,1.0,1,1.0,1,0.28204399009472614,49
423,3,1095,314,781,0,0,0,1.0,1,1.0,1,1.0,1,0.28035253265272636,47
424,2,1097,315,782,0,0,0,1.0,1,1.0,1,1.0,1,0.28933583173368355,45
425,1,1098,315,783,0,0,0,1.0,1,1.0,1,1.0,1,0.30719013770524173,46
426,2,1100,315,785,0,0,0,1.0,1,1.0,1,1.0,1,0.3018953956087696,46
427,4,1104,316,788,0,0,0,1.0,1,1.0,1,1.0,1,0.27371946893178023,45
428,2,1106,316,790,0,0,0,1.0,1,1.0,1,1.0,1,0.24842631315491176,45
429,3,1109,317,792,0,0,0,1.0,1,1.0,1,1.0,1,0.24107519205850264,42
430,0,1109,317,792,0,0,0,1.0,1,1.0,1,1.0,1,0.2464515958390267,40
431,3,1112,320,792,0,0,0,1.0,1,1.0,1,1.0,1,0.28784550257251595,39
432,1,1113,321,792,0,0,0,1.0,1,1.0,1,1.0,1,0.3110252735187001,37
433,2,1115,323,792,0,0,0,1.0,1,1.0,1,1.0,1,0.31699752695058037,35
434,4,1119,324,795,0,0,0,1.0,1,1.0,1,1.0,1,0.35538031419697286,33
435,0,1119,324,795,0,0,0,1.0,1,1.0,1,1.0,1,0.35538031419697286,33
436,0,1119,324,795,0,0,0,1.0,1,1.0,1,1.0,1,0.35538031419697286,33
437,0,1119,324,795,0,0,0,1.0,1,1.0,1,1.0,1,0.3662128048859478,33
438,0,1119,324,795,0,0,0,1.0,1,1.0,1,1.0,1,0.3916851865887042,32
439,2,1121,326,795,0,0,0,1.0,1,1.0,1,1.0,1,0.3830111641889758,34
440,1,1122,326,796,0,0,0,1.0,1,1.0,1,1.0,1,0.37757033912695626,34
441,2,1124,327,797,0,0,0,1.0,1,1.0,1,1.0,1,0.4050531349279446,35
442,2,1126,329,797,0,0,0,1.0,1,1.0,1,1.0,1,0.4246458003905044,37
443,9,1135,334,801,0,0,0,1.0,1,1.0,1,1.0,1,0.4026752303075342,37
444,0,1135,334,801,0,0,0,1.0,1,1.0,1,1.0,1,0.39426297627451834,38
445,0,1135,334,801,0,0,0,1.0,1,1.0,1,1.0,1,0.3663816888158434,39
446,0,1135,334,801,0,0,0,1.0,1,1.0,1,1.0,1,0.3663816888158434,39
447,1,1136,335,801,0,0,0,1.0,1,1.0,1,1.0,1,0.36160036027008136,41
448,1,1137,335,802,0,0,0,1.0,1,1.0,1,1.0,1,0.3537348062677204,41
449,1,1138,335,803,0,0,0,1.0,1,1.0,1,1.0,1,0.3519923331421296,40
450,0,1138,335,803,0,0,0,1.0,1,1.0,1,1.0,1,0.354162300044757,40
451,8,1146,335,811,0,0,0,1.0,1,1.0,1,1.0,1,0.1832295982688346,41
452,0,1146,335,811,0,0,0,1.0,1,1.0,1,1.0,1,0.1832295982688346,41
453,1,1147,336,811,0,0,0,1.0,1,1.0,1,1.0,1,0.20411867777046805,40
454,0,1147,336,811,0,0,0,1.0,1,1.0,1,1.0,1,0.19915708062288967,41
455,5,1152,339,813,0,0,0,1.0,1,1.0,1,1.0,1,0.25076821919667047,41
456,4,1156,339,817,0,0,0,1.0,1,1.0,1,1.0,1,0.23175416824222003,43
457,1,1157,340,817,0,0,0,1.0,1,1.0,1,1.0,1,0.2754018532635245,43
458,1,1158,341,817,0,0,0,1.0,1,1.0,1,1.0,1,0.25471398633917525,43
459,0,1158,341,817,0,0,0,1.0,1,1.0,1,1.0,1,0.2329021387459919,44
460,2,1160,341,819,0,0,0,1.0,1,1.0,1,1.0,1,0.2131480599682401,47
461,4,1164,342,822,0,0,0,1.0,1,1.0,1,1.0,1,0.21269609364378383,48
462,4,1168,343,825,0,0,0,1.0,1,1.0,1,1.0,1,0.23133772595740265,49
463,4,1172,344,828,0,0,0,1.0,1,1.0,1,1.0,1,0.22236642258876835,47
464,4,1176,346,830,0,0,0,1.0,1,1.0,1,1.0,1,0.2244477694870532,48
465,2,1178,348,830,0,0,0,1.0,1,1.0,1,1.0,1,0.2559648600922234,47
466,6,1184,350,834,0,0,0,1.0,1,1.0,1,1.0,1,0.19592623134511825,46
467,3,1187,352,835,0,0,0,1.0,1,1.0,1,1.0,1,0.19304287133705575,44
468,3,1190,354,836,0,0,0,1.0,1,1.0,1,1.0,1,0.1637847304652828,41
469,4,1194,357,837,0,0,0,1.0,1,1.0,1,1.0,1,0.1912602058194388,40
470,3,1197,359,838,0,0,0,1.0,1,1.0,1,1.0,1,0.21506847124822703,39
471,2,1199,361,838,0,0,0,1.0,1,1.0,1,1.0,1,0.21553147500100095,38
472,3,1202,363,839,0,0,0,1.0,1,1.0,1,1.0,1,0.22459754017294103,36
473,4,1206,366,840,0,0,0,1.0,1,1.0,1,1.0,1,0.22909973092715827,36
474,1,1207,367,840,0,0,0,1.0,1,1.0,1,1.0,1,0.2170121319164071,34
475,2,1209,369,840,0,0,0,1.0,1,1.0,1,1.0,1,0.24518468229112783,34
476,2,1211,370,841,0,0,0,1.0,1,1.0,1,1.0,1,0.2751245558575398,32
477,1,1212,371,841,0,0,0,1.0,1,1.0,1,1.0,1,0.29209351407930517,32
478,0,1212,371,841,0,0,0,1.0,1,1.0,1,1.0,1,0.2637069061210495,30
479,1,1213,372,841,0,0,0,1.0,1,1.0,1,1.0,1,0.29136719449685455,31
480,0,1213,372,841,0,0,0,1.0,1,1.0,1,1.0,1,0.34084954010036,27
481,5,1218,374,844,0,0,0,1.0,1,1.0,1,1.0,1,0.28205543086830404,28
482,3,1221,376,845,0,0,0,1.0,1,1.0,1,1.0,1,0.2985063849588304,28
483,1,1222,377,845,0,0,0,1.0,1,1.0,1,1.0,1,0.3095799485778432,29
484,3,1225,377,848,0,0,0,1.0,1,1.0,1,1.0,1,0.27275711693136767,29
485,0,1225,377,848,0,0,0,1.0,1,1.0,1,1.0,1,0.27275711693136767,29
486,2,1227,378,849,0,0,0,1.0,1,1.0,1,1.0,1,0.2827920382840203,31
487,4,1231,378,853,0,0,0,1.0,1,1.0,1,1.0,1,0.3220070713677408,33
488,3,1234,378,856,0,0,0,1.0,1,1.0,1,1.0,1,0.321970954235968,34
489,4,1238,379,859,0,0,0,1.0,1,1.0,1,1.0,1,0.3565269201289335,34
490,1,1239,379,860,0,0,0,1.0,1,1.0,1,1.0,1,0.35202206434081595,34
491,3,1242,380,862,0,0,0,1.0,1,1.0,1,1.0,1,0.3995561460420529,34
492,5,1247,380,867,0,0,0,1.0,1,1.0,1,1.0,1,0.2901495140845231,34
493,5,1252,382,870,0,0,0,1.0,1,1.0,1,1.0,1,0.28164812950582374,34
494,7,1259,383,876,0,0,0,1.0,1,1.0,1,1.0,1,0.33316406003877663,36
495,3,1262,383,879,0,0,0,1.0,1,1.0,1,1.0,1,0.2944485093981964,36
496,2,1264,383,881,0,0,0,1.0,1,1.0,1,1.0,1,0.2756036713935318,37
497,5,1269,383,886,0,0,0,1.0,1,1.0,1,1.0,1,0.25019752206542645,39
498,7,1276,384,892,0,0,0,1.0,1,1.0,1,1.0,1,0.22500743833161818,40
499,4,1280,384,896,0,0,0,1.0,1,1.0,1,1.0,1,0.22500743833161818,40
500,6,1286,385,901,0,0,0,1.0,1,1.0,1,1.0,1,0.24507822092357992,42
501,7,1293,386,907,0,0,0,1.0,1,1.0,1,1.0,1,0.24732277005191902,42
502,9,1302,388,914,0,0,0,1.0,1,1.0,1,1.0,1,0.3022464883176333,42
503,8,1310,389,921,0,0,0,1.0,1,1.0,1,1.0,1,0.2954936720408795,41
504,5,1315,391,924,0,0,0,1.0,1,1.0,1,1.0,1,0.3347514666356809,42
505,5,1320,393,927,0,0,0,1.0,1,1.0,1,1.0,1,0.3371182402914944,38
506,6,1326,393,933,0,0,0,1.0,1,1.0,1,1.0,1,0.3182331699673465,37
507,3,1329,394,935,0,0,0,1.0,1,1.0,1,1.0,1,0.3035875623707639,35
508,4,1333,396,937,0,0,0,1.0,1,1.0,1,1.0,1,0.38834946896060657,35
509,2,1335,397,938,0,0,0,1.0,1,1.0,1,1.0,1,0.3700434901549876,34
510,1,1336,397,939,0,0,0,1.0,1,1.0,1,1.0,1,0.34909662071541375,34
511,4,1340,399,941,0,0,0,1.0,1,1.0,1,1.0,1,0.2787694177487719,32
512,0,1340,399,941,0,0,0,1.0,1,1.0,1,1.0,1,0.31434875859167033,30
513,2,1342,400,942,0,0,0,1.0,1,1.0,1,1.0,1,0.32477076181548625,31
514,0,1342,400,942,0,0,0,1.0,1,1.0,1,1.0,1,0.32477076181548625,31
515,2,1344,400,944,0,0,0,1.0,1,1.0,1,1.0,1,0.3044039537151411,32
516,1,1345,400,945,0,0,0,1.0,1,1.0,1,1.0,1,0.2796940479866181,31
517,3,1348,400,948,0,0,0,1.0,1,1.0,1,1.0,1,0.2215223264749069,32
518,0,1348,400,948,0,0,0,1.0,1,1.0,1,1.0,1,0.21972533305637934,31
519,0,1348,400,948,0,0,0,1.0,1,1.0,1,1.0,1,0.1890219702162114,31
520,2,1350,402,948,0,0,0,1.0,1,1.0,1,1.0,1,0.21812312126331035,33
521,2,1352,403,949,0,0,0,1.0,1,1.0,1,1.0,1,0.1817280205161016,34
522,2,1354,404,950,0,0,0,1.0,1,1.0,1,1.0,1,0.14412620966896386,34
523,0,1354,404,950,0,0,0,1.0,1,1.0,1,1.0,1,0.1559973754834282,33
524,1,1355,405,950,0,0,0,1.0,1,1.0,1,1.0,1,0.19218468425948695,34
525,1,1356,405,951,0,0,0,1.0,1,1.0,1,1.0,1,0.18928694649200564,32
526,0,1356,405,951,0,0,0,1.0,1,1.0,1,1.0,1,0.18928694649200564,32
527,0,1356,405,951,0,0,0,1.0,1,1.0,1,1.0,1,0.21774490674335714,31
528,4,1360,408,952,0,0,0,1.0,1,1.0,1,1.0,1,0.25052591552782844,31
529,0,1360,408,952,0,0,0,1.0,1,1.0,1,1.0,1,0.2616886048347799,30
530,1,1361,408,953,0,0,0,1.0,1,1.0,1,1.0,1,0.2633049215375058,30
531,2,1363,409,954,0,0,0,1.0,1,1.0,1,1.0,1,0.2165928414872751,32
532,9,1372,413,959,0,0,0,1.0,1,1.0,1,1.0,1,0.3066406560128668,32
533,2,1374,413,961,0,0,0,1.0,1,1.0,1,1.0,1,0.3113736212065852,34
534,5,1379,414,965,0,0,0,1.0,1,1.0,1,1.0,1,0.3208588625631541,34
535,5,1384,415,969,0,0,0,1.0,1,1.0,1,1.0,1,0.36060803016197124,37
536,2,1386,415,971,0,0,0,1.0,1,1.0,1,1.0,1,0.3537385311321798,37
537,5,1391,417,974,0,0,0,1.0,1,1.0,1,1.0,1,0.4298690273966606,37
538,4,1395,417,978,0,0,0,1.0,1,1.0,1,1.0,1,0.3931082855297181,38
539,4,1399,417,982,0,0,0,1.0,1,1.0,1,1.0,1,0.36862755917584683,38
540,2,1401,417,984,0,0,0,1.0,1,1.0,1,1.0,1,0.3597181046571121,38
541,4,1405,417,988,0,0,0,1.0,1,1.0,1,1.0,1,0.28821135301272227,39
542,2,1407,418,989,0,0,0,1.0,1,1.0,1,1.0,1,0.27295093292067835,40
543,1,1408,419,989,0,0,0,1.0,1,1.0,1,1.0,1,0.29533700957246595,37
544,0,1408,419,989,0,0,0,1.0,1,1.0,1,1.0,1,0.31850932717369596,35
545,1,1409,420,989,0,0,0,1.0,1,1.0,1,1.0,1,0.28311427493627855,35
546,3,1412,423,989,0,0,0,1.0,1,1.0,1,1.0,1,0.3288209879250088,35
547,1,1413,424,989,0,0,0,1.0,1,1.0,1,1.0,1,0.3141397324100792,34
548,4,1417,426,991,0,0,0,1.0,1,1.0,1,1.0,1,0.3367016577282961,34
549,3,1420,428,992,0,0,0,1.0,1,1.0,1,1.0,1,0.4202945051965696,31
550,0,1420,428,992,0,0,0,1.0,1,1.0,1,1.0,1,0.40750181828415444,30
551,2,1422,430,992,0,0,0,1.0,1,1.0,1,1.0,1,0.48181353106279456,31
552,0,1422,430,992,0,0,0,1.0,1,1.0,1,1.0,1,0.46035317462218595,29
553,1,1423,430,993,0,0,0,1.0,1,1.0,1,1.0,1,0.42556681069017377,30
554,0,1423,430,993,0,0,0,1.0,1,1.0,1,1.0,1,0.429576661771621,30
555,0,1423,430,993,0,0,0,1.0,1,1.0,1,1.0,1,0.4259012307953625,30
556,1,1424,430,994,0,0,0,1.0,1,1.0,1,1.0,1,0.42211414369819233,31
557,0,1424,430,994,0,0,0,1.0,1,1.0,1,1.0,1,0.44452501162234453,31
558,1,1425,430,995,0,0,0,1.0,1,1.0,1,1.0,1,0.41765276076939645,31
559,2,1427,430,997,0,0,0,1.0,1,1.0,1,1.0,1,0.38891987449049614,31
560,3,1430,430,1000,0,0,0,1.0,1,1.0,1,1.0,1,0.3876361210979054,32
561,2,1432,430,1002,0,0,0,1.0,1,1.0,1,1.0,1,0.3573399563074205,33
562,1,1433,431,1002,0,0,0,1.0,1,1.0,1,1.0,1,0.3617451574961654,33
563,2,1435,433,1002,0,0,0,1.0,1,1.0,1,1.0,1,0.3967626669617559,33
564,2,1437,433,1004,0,0,0,1.0,1,1.0,1,1.0,1,0.4042124534074717,34
565,5,1442,434,1008,0,0,0,1.0,1,1.0,1,1.0,1,0.3950270589645667,35
566,2,1444,435,1009,0,0,0,1.0,1,1.0,1,1.0,1,0.3568681125456157,36
567,3,1447,436,1011,0,0,0,1.0,1,1.0,1,1.0,1,0.38361673172100114,37
568,2,1449,438,1011,0,0,0,1.0,1,1.0,1,1.0,1,0.3379160131612239,36
569,1,1450,438,1012,0,0,0,1.0,1,1.0,1,1.0,1,0.3071523549106628,37
570,0,1450,438,1012,0,0,0,1.0,1,1.0,1,1.0,1,0.32569385337725154,38
571,8,1458,439,1019,0,0,0,1.0,1,1.0,1,1.0,1,0.14166695440750252,38
572,0,1458,439,1019,0,0,0,1.0,1,1.0,1,1.0,1,0.15284622753216537,39
573,0,1458,439,1019,0,0,0,1.0,1,1.0,1,1.0,1,0.15284622753216537,39
574,1,1459,439,1020,0,0,0,1.0,1,1.0,1,1.0,1,0.17938657921736337,41
575,1,1460,439,1021,0,0,0,1.0,1,1.0,1,1.0,1,0.16914752731882646,41
576,1,1461,439,1022,0,0,0,1.0,1,1.0,1,1.0,1,0.15281001511018372,42
577,0,1461,439,1022,0,0,0,1.0,1,1.0,1,1.0,1,0.15281001511018372,42
578,1,1462,440,1022,0,0,0,1.0,1,1.0,1,1.0,1,0.2031733944331893,41
579,1,1463,441,1022,0,0,0,1.0,1,1.0,1,1.0,1,0.24551309190058185,42
580,5,1468,443,1025,0,0,0,1.0,1,1.0,1,1.0,1,0.29268092148728553,43
581,4,1472,445,1027,0,0,0,1.0,1,1.0,1,1.0,1,0.2931353008672619,42
582,3,1475,445,1030,0,0,0,1.0,1,1.0,1,1.0,1,0.25717684483037323,41
583,2,1477,447,1030,0,0,0,1.0,1,1.0,1,1.0,1,0.26882717881169593,40
584,2,1479,448,1031,0,0,0,1.0,1,1.0,1,1.0,1,0.23780176436735062,38
585,0,1479,448,1031,0,0,0,1.0,1,1.0,1,1.0,1,0.2496557300897993,38
586,2,1481,449,1032,0,0,0,1.0,1,1.0,1,1.0,1,0.1550261262143944,37
587,2,1483,451,1032,0,0,0,1.0,1,1.0,1,1.0,1,0.21083143086676537,35
588,3,1486,453,1033,0,0,0,1.0,1,1.0,1,1.0,1,0.21368164183171315,35
589,0,1486,453,1033,0,0,0,1.0,1,1.0,1,1.0,1,0.2155506487504012,34
590,3,1489,455,1034,0,0,0,1.0,1,1.0,1,1.0,1,0.22947136159343898,36
591,2,1491,455,1036,0,0,0,1.0,1,1.0,1,1.0,1,0.16968762838727358,35
592,4,1495,458,1037,0,0,0,1.0,1,1.0,1,1.0,1,0.256754761783173,37
593,0,1495,458,1037,0,0,0,1.0,1,1.0,1,1.0,1,0.24229597446179724,36
594,1,1496,459,1037,0,0,0,1.0,1,1.0,1,1.0,1,0.2513068868773048,35
595,1,1497,460,1037,0,0,0,1.0,1,1.0,1,1.0,1,0.2690245994572945,34
596,2,1499,462,1037,0,0,0,1.0,1,1.0,1,1.0,1,0.28949335179035385,34
597,1,1500,463,1037,0,0,0,1.0,1,1.0,1,1.0,1,0.31313900246042686,33
598,0,1500,463,1037,0,0,0,1.0,1,1.0,1,1.0,1,0.3258970519265098,33
599,3,1503,465,1038,0,0,0,1.0,1,1.0,1,1.0,1,0.33580601974380436,33
600,2,1505,467,1038,0,0,0,1.0,1,1.0,1,1.0,1,0.3726861691996207,33
601,3,1508,467,1041,0,0,0,1.0,1,1.0,1,1.0,1,0.3044212301333079,34
602,4,1512,468,1044,0,0,0,1.0,1,1.0,1,1.0,1,0.2517584100806897,35
603,1,1513,469,1044,0,0,0,1.0,1,1.0,1,1.0,1,0.30371024798169044,35
604,1,1514,469,1045,0,0,0,1.0,1,1.0,1,1.0,1,0.27584842291309036,35
605,0,1514,469,1045,0,0,0,1.0,1,1.0,1,1.0,1,0.29182555033561797,35
606,1,1515,469,1046,0,0,0,1.0,1,1.0,1,1.0,1,0.28761446620910613,35
607,2,1517,470,1047,0,0,0,1.0,1,1.0,1,1.0,1,0.31356617848027973,35
608,2,1519,470,1049,0,0,0,1.0,1,1.0,1,1.0,1,0.3360913933357909,36
609,0,1519,470,1049,0,0,0,1.0,1,1.0,1,1.0,1,0.33901580091892847,37
610,2,1521,470,1051,0,0,0,1.0,1,1.0,1,1.0,1,0.2851168350789591,37
611,1,1522,471,1051,0,0,0,1.0,1,1.0,1,1.0,1,0.24238323953742827,39
612,2,1524,472,1052,0,0,0,1.0,1,1.0,1,1.0,1,0.2115869326128983,39
613,2,1526,473,1053,0,0,0,1.0,1,1.0,1,1.0,1,0.22628033720086735,39
614,3,1529,474,1055,0,0,0,1.0,1,1.0,1,1.0,1,0.2604493138515991,39
615,0,1529,474,1055,0,0,0,1.0,1,1.0,1,1.0,1,0.2604493138515991,39
616,1,1530,475,1055,0,0,0,1.0,1,1.0,1,1.0,1,0.31372819019744796,38
617,5,1535,477,1058,0,0,0,1.0,1,1.0,1,1.0,1,0.333353333246888,39
618,9,1544,480,1064,0,0,0,1.0,1,1.0,1,1.0,1,0.36485949435145537,40
619,2,1546,481,1065,0,0,0,1.0,1,1.0,1,1.0,1,0.3856435968063864,39
620,2,1548,481,1067,0,0,0,1.0,1,1.0,1,1.0,1,0.38147653037929063,38
621,5,1553,483,1070,0,0,0,1.0,1,1.0,1,1.0,1,0.35338753782940524,38
622,2,1555,485,1070,0,0,0,1.0,1,1.0,1,1.0,1,0.2961155313203002,38
623,5,1560,489,1071,0,0,0,1.0,1,1.0,1,1.0,1,0.2672380610142568,37
624,5,1565,492,1073,0,0,0,1.0,1,1.0,1,1.0,1,0.2898297206461741,33
625,2,1567,492,1075,0,0,0,1.0,1,1.0,1,1.0,1,0.29123388408641665,32
626,1,1568,493,1075,0,0,0,1.0,1,1.0,1,1.0,1,0.3060760945941931,31
627,1,1569,494,1075,0,0,0,1.0,1,1.0,1,1.0,1,0.3786747994585001,30
628,3,1572,496,1076,0,0,0,1.0,1,1.0,1,1.0,1,0.3336199098264246,32
629,1,1573,497,1076,0,0,0,1.0,1,1.0,1,1.0,1,0.3331578914285329,29
630,1,1574,498,1076,0,0,0,1.0,1,1.0,1,1.0,1,0.37954696199151733,29
631,2,1576,500,1076,0,0,0,1.0,1,1.0,1,1.0,1,0.4789761676182375,25
632,2,1578,501,1077,0,0,0,1.0,1,1.0,1,1.0,1,0.4959196907190237,24
633,2,1580,503,1077,0,0,0,1.0,1,1.0,1,1.0,1,0.512010311550188,23
634,1,1581,503,1078,0,0,0,1.0,1,1.0,1,1.0,1,0.5043834621659272,23
635,3,1584,504,1080,0,0,0,1.0,1,1.0,1,1.0,1,0.4336649019554196,22
636,1,1585,504,1081,0,0,0,1.0,1,1.0,1,1.0,1,0.4494005499982422,22
637,0,1585,504,1081,0,0,0,1.0,1,1.0,1,1.0,1,0.43078459472001995,23
638,1,1586,505,1081,0,0,0,1.0,1,1.0,1,1.0,1,0.45563087758220566,23
639,0,1586,505,1081,0,0,0,1.0,1,1.0,1,1.0,1,0.45523148419804366,24
640,2,1588,507,1081,0,0,0,1.0,1,1.0,1,1.0,1,0.45161064497099423,24
641,0,1588,507,1081,0,0,0,1.0,1,1.0,1,1.0,1,0.4711227461463763,25
642,0,1588,507,1081,0,0,0,1.0,1,1.0,1,1.0,1,0.4227326203322735,26
643,1,1589,507,1082,0,0,0,1.0,1,1.0,1,1.0,1,0.3760486735009808,28
644,2,1591,508,1083,0,0,0,1.0,1,1.0,1,1.0,1,0.3014994046428873,28
645,1,1592,509,1083,0,0,0,1.0,1,1.0,1,1.0,1,0.278504788341086,28
646,1,1593,509,1084,0,0,0,1.0,1,1.0,1,1.0,1,0.24193741529158955,29
647,0,1593,509,1084,0,0,0,1.0,1,1.0,1,1.0,1,0.22795834848871036,30
648,0,1593,509,1084,0,0,0,1.0,1,1.0,1,1.0,1,0.22795834848871036,30
649,1,1594,510,1084,0,0,0,1.0,1,1.0,1,1.0,1,0.2735631027217818,31
650,2,1596,511,1085,0,0,0,1.0,1,1.0,1,1.0,1,0.24361639923904987,31
651,2,1598,512,1086,0,0,0,1.0,1,1.0,1,1.0,1,0.1979273408845517,32
652,0,1598,512,1086,0,0,0,1.0,1,1.0,1,1.0,1,0.1979273408845517,32
653,0,1598,512,1086,0,0,0,1.0,1,1.0,1,1.0,1,0.2184387590111729,33
654,0,1598,512,1086,0,0,0,1.0,1,1.0,1,1.0,1,0.2184387590111729,33
655,3,1601,513,1088,0,0,0,1.0,1,1.0,1,1.0,1,0.2271901789521721,36
656,3,1604,516,1088,0,0,0,1.0,1,1.0,1,1.0,1,0.36034060822588715,36
657,2,1606,517,1089,0,0,0,1.0,1,1.0,1,1.0,1,0.33405203608057377,35
658,4,1610,520,1090,0,0,0,1.0,1,1.0,1,1.0,1,0.3267503828873024,33
659,3,1613,522,1091,0,0,0,1.0,1,1.0,1,1.0,1,0.3724778989892515,35
660,2,1615,523,1092,0,0,0,1.0,1,1.0,1,1.0,1,0.373929107777548,34
661,5,1620,523,1097,0,0,0,1.0,1,1.0,1,1.0,1,0.30584728300418496,33
662,2,1622,524,1098,0,0,0,1.0,1,1.0,1,1.0,1,0.31935301682027767,31
663,3,1625,525,1100,0,0,0,1.0,1,1.0,1,1.0,1,0.345467405908438,29
664,2,1627,527,1100,0,0,0,1.0,1,1.0,1,1.0,1,0.3678721353476037,27
665,0,1627,527,1100,0,0,0,1.0,1,1.0,1,1.0,1,0.3482980590243228,27
666,5,1632,529,1103,0,0,0,1.0,1,1.0,1,1.0,1,0.30564809702686185,28
667,1,1633,530,1103,0,0,0,1.0,1,1.0,1,1.0,1,0.33400189912148637,26
668,3,1636,531,1105,0,0,0,1.0,1,1.0,1,1.0,1,0.32747195541794427,26
669,3,1639,534,1105,0,0,0,1.0,1,1.0,1,1.0,1,0.34417973608558355,25
670,2,1641,534,1107,0,0,0,1.0,1,1.0,1,1.0,1,0.26198259252381595,24
671,4,1645,534,1111,0,0,0,1.0,1,1.0,1,1.0,1,0.22682097873587387,24
672,2,1647,534,1113,0,0,0,1.0,1,1.0,1,1.0,1,0.20759443628538063,25
673,5,1652,535,1117,0,0,0,1.0,1,1.0,1,1.0,1,0.31632024748696935,25
674,2,1654,535,1119,0,0,0,1.0,1,1.0,1,1.0,1,0.25853452593364457,25
675,3,1657,535,1122,0,0,0,1.0,1,1.0,1,1.0,1,0.30359807191504656,26
676,6,1663,538,1125,0,0,0,1.0,1,1.0,1,1.0,1,0.30412969990258715,27
677,3,1666,538,1128,0,0,0,1.0,1,1.0,1,1.0,1,0.28081285580780974,28
678,4,1670,539,1131,0,0,0,1.0,1,1.0,1,1.0,1,0.3282547312398147,28
679,6,1676,540,1136,0,0,0,1.0,1,1.0,1,1.0,1,0.3070071508352828,30
680,2,1678,540,1138,0,0,0,1.0,1,1.0,1,1.0,1,0.34206363103541026,29
681,3,1681,541,1140,0,0,0,1.0,1,1.0,1,1.0,1,0.4059260797368035,29
682,2,1683,541,1142,0,0,0,1.0,1,1.0,1,1.0,1,0.40612213282456416,30
683,3,1686,541,1145,0,0,0,1.0,1,1.0,1,1.0,1,0.3009480381717867,30
684,0,1686,541,1145,0,0,0,1.0,1,1.0,1,1.0,1,0.3202701389013707,31
685,0,1686,541,1145,0,0,0,1.0,1,1.0,1,1.0,1,0.3222433671051246,30
686,4,1690,544,1146,0,0,0,1.0,1,1.0,1,1.0,1,0.3223082328757708,30
687,2,1692,545,1147,0,0,0,1.0,1,1.0,1,1.0,1,0.37181394244511307,30
688,3,1695,545,1150,0,0,0,1.0,1,1.0,1,1.0,1,0.3256120467924328,31
689,3,1698,545,1153,0,0,0,1.0,1,1.0,1,1.0,1,0.35076915094829103,32
690,3,1701,545,1156,0,0,0,1.0,1,1.0,1,1.0,1,0.3045049622377484,32
691,3,1704,545,1159,0,0,0,1.0,1,1.0,1,1.0,1,0.1993695845049011,32
692,2,1706,547,1159,0,0,0,1.0,1,1.0,1,1.0,1,0.22988910183544956,32
693,1,1707,548,1159,0,0,0,1.0,1,1.0,1,1.0,1,0.22720306499450196,34
694,3,1710,549,1161,0,0,0,1.0,1,1.0,1,1.0,1,0.25515436853058515,36
695,1,1711,550,1161,0,0,0,1.0,1,1.0,1,1.0,1,0.22479837001643785,34
696,1,1712,551,1161,0,0,0,1.0,1,1.0,1,1.0,1,0.27996870957951736,33
697,0,1712,551,1161,0,0,0,1.0,1,1.0,1,1.0,1,0.2815973194112353,33
698,1,1713,552,1161,0,0,0,1.0,1,1.0,1,1.0,1,0.31184580444572463,34
699,1,1714,553,1161,0,0,0,1.0,1,1.0,1,1.0,1,0.382098118929114,33
700,2,1716,554,1162,0,0,0,1.0,1,1.0,1,1.0,1,0.28359516282659164,32
701,0,1716,554,1162,0,0,0,1.0,1,1.0,1,1.0,1,0.2704727050994006,33
702,4,1720,557,1163,0,0,0,1.0,1,1.0,1,1.0,1,0.35560039055323445,34
703,3,1723,559,1164,0,0,0,1.0,1,1.0,1,1.0,1,0.35029851426935515,32
704,2,1725,560,1165,0,0,0,1.0,1,1.0,1,1.0,1,0.3478515027069403,31
705,1,1726,561,1165,0,0,0,1.0,1,1.0,1,1.0,1,0.3616425648983641,33
706,1,1727,562,1165,0,0,0,1.0,1,1.0,1,1.0,1,0.3928907361094359,33
707,1,1728,563,1165,0,0,0,1.0,1,1.0,1,1.0,1,0.3641421034777784,31
708,1,1729,564,1165,0,0,0,1.0,1,1.0,1,1.0,1,0.3781024805498465,31
709,1,1730,565,1165,0,0,0,1.0,1,1.0,1,1.0,1,0.4103579455321321,30
710,2,1732,566,1166,0,0,0,1.0,1,1.0,1,1.0,1,0.40049601565539955,30
711,0,1732,566,1166,0,0,0,1.0,1,1.0,1,1.0,1,0.4051821454820159,30
712,0,1732,566,1166,0,0,0,1.0,1,1.0,1,1.0,1,0.4391705638688554,30
713,0,1732,566,1166,0,0,0,1.0,1,1.0,1,1.0,1,0.45454074853573867,31
714,1,1733,567,1166,0,0,0,1.0,1,1.0,1,1.0,1,0.4996502469379475,31
715,1,1734,567,1167,0,0,0,1.0,1,1.0,1,1.0,1,0.4976578479260344,30
716,0,1734,567,1167,0,0,0,1.0,1,1.0,1,1.0,1,0.500140514276172,31
717,0,1734,567,1167,0,0,0,1.0,1,1.0,1,1.0,1,0.509089839932803,32
718,5,1739,568,1171,0,0,0,1.0,1,1.0,1,1.0,1,0.3989968051576842,32
719,1,1740,569,1171,0,0,0,1.0,1,1.0,1,1.0,1,0.37599589561558716,32
720,0,1740,569,1171,0,0,0,1.0,1,1.0,1,1.0,1,0.36685421435840226,34
721,2,1742,570,1172,0,0,0,1.0,1,1.0,1,1.0,1,0.37523425190405013,34
722,2,1744,571,1173,0,0,0,1.0,1,1.0,1,1.0,1,0.36814182375487936,34
723,1,1745,571,1174,0,0,0,1.0,1,1.0,1,1.0,1,0.3518449104260157,35
724,0,1745,571,1174,0,0,0,1.0,1,1.0,1,1.0,1,0.3567965642369157,36
725,3,1748,571,1177,0,0,0,1.0,1,1.0,1,1.0,1,0.2852818847344149,37
726,0,1748,571,1177,0,0,0,1.0,1,1.0,1,1.0,1,0.2852818847344149,37
727,0,1748,571,1177,0,0,0,1.0,1,1.0,1,1.0,1,0.30081095781763534,38
728,0,1748,571,1177,0,0,0,1.0,1,1.0,1,1.0,1,0.2967391710325022,39
729,0,1748,571,1177,0,0,0,1.0,1,1.0,1,1.0,1,0.2967391710325022,39
730,1,1749,572,1177,0,0,0,1.0,1,1.0,1,1.0,1,0.31072411110863873,40
731,5,1754,574,1180,0,0,0,1.0,1,1.0,1,1.0,1,0.31116360541793303,40
732,0,1754,574,1180,0,0,0,1.0,1,1.0,1,1.0,1,0.3294270996742428,41
733,2,1756,574,1182,0,0,0,1.0,1,1.0,1,1.0,1,0.26343197459631723,41
734,0,1756,574,1182,0,0,0,1.0,1,1.0,1,1.0,1,0.26877216216885563,42
735,0,1756,574,1182,0,0,0,1.0,1,1.0,1,1.0,1,0.25760804820398664,42
736,1,1757,574,1183,0,0,0,1.0,1,1.0,1,1.0,1,0.21204405476996036,41
737,1,1758,575,1183,0,0,0,1.0,1,1.0,1,1.0,1,0.22816888198840113,41
738,3,1761,575,1186,0,0,0,1.0,1,1.0,1,1.0,1,0.2371285782864325,39
739,2,1763,575,1188,0,0,0,1.0,1,1.0,1,1.0,1,0.24813284941164443,39
740,2,1765,575,1190,0,0,0,1.0,1,1.0,1,1.0,1,0.27783658796069444,39
741,2,1767,575,1192,0,0,0,1.0,1,1.0,1,1.0,1,0.275778488292645,38
742,1,1768,575,1193,0,0,0,1.0,1,1.0,1,1.0,1,0.29024242877752965,39
743,6,1774,579,1195,0,0,0,1.0,1,1.0,1,1.0,1,0.2198282259110336,39
744,2,1776,580,1196,0,0,0,1.0,1,1.0,1,1.0,1,0.24148638698927516,39
745,3,1779,582,1197,0,0,0,1.0,1,1.0,1,1.0,1,0.24439368890730284,39
746,5,1784,583,1201,0,0,0,1.0,1,1.0,1,1.0,1,0.25768095736859015,40
747,5,1789,584,1205,0,0,0,1.0,1,1.0,1,1.0,1,0.23719129142890819,41
748,7,1796,586,1210,0,0,0,1.0,1,1.0,1,1.0,1,0.19484727881658728,41
749,3,1799,587,1212,0,0,0,1.0,1,1.0,1,1.0,1,0.19536574529595624,41
750,4,1803,589,1214,0,0,0,1.0,1,1.0,1,1.0,1,0.18578473269114734,39
751,0,1803,589,1214,0,0,0,1.0,1,1.0,1,1.0,1,0.1688475194372577,41
752,1,1804,590,1214,0,0,0,1.0,1,1.0,1,1.0,1,0.18818475986286232,41
753,1,1805,590,1215,0,0,0,1.0,1,1.0,1,1.0,1,0.17450991273975258,41
754,3,1808,593,1215,0,0,0,1.0,1,1.0,1,1.0,1,0.18456914284702697,41
755,1,1809,594,1215,0,0,0,1.0,1,1.0,1,1.0,1,0.20583902765851533,41
756,0,1809,594,1215,0,0,0,1.0,1,1.0,1,1.0,1,0.20583902765851533,41
757,2,1811,596,1215,0,0,0,1.0,1,1.0,1,1.0,1,0.2850190916565365,39
758,0,1811,596,1215,0,0,0,1.0,1,1.0,1,1.0,1,0.25494480096343475,39
759,1,1812,596,1216,0,0,0,1.0,1,1.0,1,1.0,1,0.23123064248421957,39
760,2,1814,596,1218,0,0,0,1.0,1,1.0,1,1.0,1,0.18140557073531638,40
761,0,1814,596,1218,0,0,0,1.0,1,1.0,1,1.0,1,0.16781399748805276,41
762,1,1815,596,1219,0,0,0,1.0,1,1.0,1,1.0,1,0.1671196068197219,42
763,0,1815,596,1219,0,0,0,1.0,1,1.0,1,1.0,1,0.18521933637448396,43
764,0,1815,596,1219,0,0,0,1.0,1,1.0,1,1.0,1,0.18521933637448396,43
765,0,1815,596,1219,0,0,0,1.0,1,1.0,1,1.0,1,0.15607354184261474,45
766,1,1816,597,1219,0,0,0,1.0,1,1.0,1,1.0,1,0.16825583790521229,45
767,0,1816,597,1219,0,0,0,1.0,1,1.0,1,1.0,1,0.17625626944482237,46
768,0,1816,597,1219,0,0,0,1.0,1,1.0,1,1.0,1,0.16552776696500818,45
769,1,1817,597,1220,0,0,0,1.0,1,1.0,1,1.0,1,0.16367758288820572,46
770,0,1817,597,1220,0,0,0,1.0,1,1.0,1,1.0,1,0.15468350567958647,47
771,4,1821,601,1220,0,0,0,1.0,1,1.0,1,1.0,1,0.2161704101104128,47
772,2,1823,602,1221,0,0,0,1.0,1,1.0,1,1.0,1,0.23749229271669206,46
773,4,1827,604,1223,0,0,0,1.0,1,1.0,1,1.0,1,0.27072273517247697,45
774,1,1828,604,1224,0,0,0,1.0,1,1.0,1,1.0,1,0.3021509585808462,45
775,4,1832,606,1226,0,0,0,1.0,1,1.0,1,1.0,1,0.31221321841027017,45
776,1,1833,606,1227,0,0,0,1.0,1,1.0,1,1.0,1,0.29382308589582573,43
777,2,1835,606,1229,0,0,0,1.0,1,1.0,1,1.0,1,0.2858944489052531,44
778,8,1843,608,1235,0,0,0,1.0,1,1.0,1,1.0,1,0.31301812575961785,45
779,6,1849,608,1241,0,0,0,1.0,1,1.0,1,1.0,1,0.31947023186687884,45
780,8,1857,610,1247,0,0,0,1.0,1,1.0,1,1.0,1,0.3734762686318167,45
781,5,1862,610,1252,0,0,0,1.0,1,1.0,1,1.0,1,0.2751541580867708,46
782,3,1865,610,1255,0,0,0,1.0,1,1.0,1,1.0,1,0.25780516439100526,47
783,0,1865,610,1255,0,0,0,1.0,1,1.0,1,1.0,1,0.22179153140494054,46
784,1,1866,610,1256,0,0,0,1.0,1,1.0,1,1.0,1,0.21033723715058047,45
785,1,1867,610,1257,0,0,0,1.0,1,1.0,1,1.0,1,0.18794442846746784,43
786,2,1869,611,1258,0,0,0,1.0,1,1.0,1,1.0,1,0.16357907187621465,43
787,1,1870,612,1258,0,0,0,1.0,1,1.0,1,1.0,1,0.17151008037528226,43
788,3,1873,614,1259,0,0,0,1.0,1,1.0,1,1.0,1,0.1481794380776362,44
789,2,1875,614,1261,0,0,0,1.0,1,1.0,1,1.0,1,0.14603987688930425,46
790,3,1878,615,1263,0,0,0,1.0,1,1.0,1,1.0,1,0.1396999275081388,46
791,1,1879,615,1264,0,0,0,1.0,1,1.0,1,1.0,1,0.16174856877872884,46
792,0,1879,615,1264,0,0,0,1.0,1,1.0,1,1.0,1,0.16620058398082885,47
793,1,1880,615,1265,0,0,0,1.0,1,1.0,1,1.0,1,0.1634855784547151,48
794,1,1881,616,1265,0,0,0,1.0,1,1.0,1,1.0,1,0.18618214385627638,48
795,0,1881,616,1265,0,0,0,1.0,1,1.0,1,1.0,1,0.1821506601889943,47
796,2,1883,618,1265,0,0,0,1.0,1,1.0,1,1.0,1,0.20484386510564412,45
797,2,1885,619,1266,0,0,0,1.0,1,1.0,1,1.0,1,0.23485127972331377,47
798,2,1887,620,1267,0,0,0,1.0,1,1.0,1,1.0,1,0.2355196972657408,48
799,4,1891,622,1269,0,0,0,1.0,1,1.0,1,1.0,1,0.24241663830492582,48
800,3,1894,624,1270,0,0,0,1.0,1,1.0,1,1.0,1,0.25024846100437853,48
801,4,1898,625,1273,0,0,0,1.0,1,1.0,1,1.0,1,0.24532767636399794,49
802,5,1903,627,1276,0,0,0,1.0,1,1.0,1,1.0,1,0.26064720564079075,50
803,2,1905,627,1278,0,0,0,1.0,1,1.0,1,1.0,1,0.26064720564079075,50
804,1,1906,627,1279,0,0,0,1.0,1,1.0,1,1.0,1,0.25498589099259267,50
805,1,1907,628,1279,0,0,0,1.0,1,1.0,1,1.0,1,0.2780805830108857,50
806,0,1907,628,1279,0,0,0,1.0,1,1.0,1,1.0,1,0.27272355499830814,51
807,0,1907,628,1279,0,0,0,1.0,1,1.0,1,1.0,1,0.27272355499830814,51
808,6,1913,628,1285,0,0,0,1.0,1,1.0,1,1.0,1,0.20628308506461948,53
809,3,1916,628,1288,0,0,0,1.0,1,1.0,1,1.0,1,0.21814829506826264,51
810,2,1918,628,1290,0,0,0,1.0,1,1.0,1,1.0,1,0.2353890199403612,52
811,4,1922,629,1293,0,0,0,1.0,1,1.0,1,1.0,1,0.21253165326742932,50
812,0,1922,629,1293,0,0,0,1.0,1,1.0,1,1.0,1,0.219455057044893,51
813,2,1924,631,1293,0,0,0,1.0,1,1.0,1,1.0,1,0.27021000946954515,51
814,3,1927,632,1295,0,0,0,1.0,1,1.0,1,1.0,1,0.2714807125498156,52
815,2,1929,633,1296,0,0,0,1.0,1,1.0,1,1.0,1,0.24676200400323114,50
816,0,1929,633,1296,0,0,0,1.0,1,1.0,1,1.0,1,0.24676200400323114,50
817,0,1929,633,1296,0,0,0,1.0,1,1.0,1,1.0,1,0.24526235491046267,49
818,2,1931,635,1296,0,0,0,1.0,1,1.0,1,1.0,1,0.29090796331218194,49
819,1,1932,635,1297,0,0,0,1.0,1,1.0,1,1.0,1,0.30091547003591335,50
820,1,1933,636,1297,0,0,0,1.0,1,1.0,1,1.0,1,0.34008978373632875,49
821,1,1934,636,1298,0,0,0,1.0,1,1.0,1,1.0,1,0.32901115650102863,49
822,0,1934,636,1298,0,0,0,1.0,1,1.0,1,1.0,1,0.32901115650102863,49
823,5,1939,638,1301,0,0,0,1.0,1,1.0,1,1.0,1,0.32710822267407647,47
824,1,1940,639,1301,0,0,0,1.0,1,1.0,1,1.0,1,0.3243590747556259,45
825,2,1942,640,1302,0,0,0,1.0,1,1.0,1,1.0,1,0.30493997380940413,43
826,3,1945,643,1302,0,0,0,1.0,1,1.0,1,1.0,1,0.30969927729946894,44
827,2,1947,644,1303,0,0,0,1.0,1,1.0,1,1.0,1,0.29371287064304125,43
828,3,1950,647,1303,0,0,0,1.0,1,1.0,1,1.0,1,0.3262388707149728,43
829,2,1952,649,1303,0,0,0,1.0,1,1.0,1,1.0,1,0.32608665689137667,45
830,3,1955,650,1305,0,0,0,1.0,1,1.0,1,1.0,1,0.30727475239994134,46
831,6,1961,652,1309,0,0,0,1.0,1,1.0,1,1.0,1,0.2894491842310042,48
832,0,1961,652,1309,0,0,0,1.0,1,1.0,1,1.0,1,0.3065492034970126,47
833,3,1964,655,1309,0,0,0,1.0,1,1.0,1,1.0,1,0.3107071237123416,47
834,2,1966,655,1311,0,0,0,1.0,1,1.0,1,1.0,1,0.26549030213346536,46
835,0,1966,655,1311,0,0,0,1.0,1,1.0,1,1.0,1,0.28131271941274094,45
836,2,1968,656,1312,0,0,0,1.0,1,1.0,1,1.0,1,0.2613565644368519,46
837,0,1968,656,1312,0,0,0,1.0,1,1.0,1,1.0,1,0.2618614714745599,46
838,1,1969,656,1313,0,0,0,1.0,1,1.0,1,1.0,1,0.25694065316808035,45
839,1,1970,656,1314,0,0,0,1.0,1,1.0,1,1.0,1,0.24141997005917706,46
840,0,1970,656,1314,0,0,0,1.0,1,1.0,1,1.0,1,0.2500478712766777,46
841,2,1972,657,1315,0,0,0,1.0,1,1.0,1,1.0,1,0.26573228293227324,46
842,3,1975,658,1317,0,0,0,1.0,1,1.0,1,1.0,1,0.24142915580851096,46
843,3,1978,659,1319,0,0,0,1.0,1,1.0,1,1.0,1,0.24341847331712013,46
844,3,1981,661,1320,0,0,0,1.0,1,1.0,1,1.0,1,0.23524946139915037,47
845,2,1983,662,1321,0,0,0,1.0,1,1.0,1,1.0,1,0.27779735244346837,48
846,3,1986,663,1323,0,0,0,1.0,1,1.0,1,1.0,1,0.278872636252647,47
847,3,1989,663,1326,0,0,0,1.0,1,1.0,1,1.0,1,0.2601278485898827,48
848,2,1991,663,1328,0,0,0,1.0,1,1.0,1,1.0,1,0.24012748652208782,48
849,5,1996,664,1332,0,0,0,1.0,1,1.0,1,1.0,1,0.23557184382445776,48
850,4,2000,664,1336,0,0,0,1.0,1,1.0,1,1.0,1,0.23972125747418463,46
851,3,2003,665,1338,0,0,0,1.0,1,1.0,1,1.0,1,0.25041004467928485,45
852,2,2005,666,1339,0,0,0,1.0,1,1.0,1,1.0,1,0.21557056106039754,44
853,1,2006,667,1339,0,0,0,1.0,1,1.0,1,1.0,1,0.21238720463863572,44
854,4,2010,668,1342,0,0,0,1.0,1,1.0,1,1.0,1,0.1985626832642276,45
855,1,2011,668,1343,0,0,0,1.0,1,1.0,1,1.0,1,0.20750209268220376,46
856,4,2015,669,1346,0,0,0,1.0,1,1.0,1,1.0,1,0.19878586006224608,46
857,2,2017,669,1348,0,0,0,1.0,1,1.0,1,1.0,1,0.19611069761244915,47
858,2,2019,670,1349,0,0,0,1.0,1,1.0,1,1.0,1,0.23984165026031506,48
859,4,2023,670,1353,0,0,0,1.0,1,1.0,1,1.0,1,0.2345396839468841,48
860,3,2026,671,1355,0,0,0,1.0,1,1.0,1,1.0,1,0.22660329263623333,49
861,3,2029,672,1357,0,0,0,1.0,1,1.0,1,1.0,1,0.24581207021179016,49
862,0,2029,672,1357,0,0,0,1.0,1,1.0,1,1.0,1,0.24581207021179016,49
863,1,2030,673,1357,0,0,0,1.0,1,1.0,1,1.0,1,0.2642685614757424,48
864,1,2031,673,1358,0,0,0,1.0,1,1.0,1,1.0,1,0.25547193534708434,49
865,2,2033,673,1360,0,0,0,1.0,1,1.0,1,1.0,1,0.2574339762455919,48
866,5,2038,673,1365,0,0,0,1.0,1,1.0,1,1.0,1,0.22719740023336923,50
867,2,2040,673,1367,0,0,0,1.0,1,1.0,1,1.0,1,0.2350804623475374,50
868,4,2044,677,1367,0,0,0,1.0,1,1.0,1,1.0,1,0.2527981395513362,51
869,2,2046,678,1368,0,0,0,1.0,1,1.0,1,1.0,1,0.20086329499135175,49
870,1,2047,679,1368,0,0,0,1.0,1,1.0,1,1.0,1,0.20671022897597824,49
871,4,2051,680,1371,0,0,0,1.0,1,1.0,1,1.0,1,0.1613676528731001,49
872,1,2052,680,1372,0,0,0,1.0,1,1.0,1,1.0,1,0.1657815168622842,48
873,4,2056,682,1374,0,0,0,1.0,1,1.0,1,1.0,1,0.18046180329383732,49
874,0,2056,682,1374,0,0,0,1.0,1,1.0,1,1.0,1,0.18203061492887576,49
875,1,2057,682,1375,0,0,0,1.0,1,1.0,1,1.0,1,0.19658781372275677,50
876,2,2059,684,1375,0,0,0,1.0,1,1.0,1,1.0,1,0.20457101402219718,50
877,6,2065,688,1377,0,0,0,1.0,1,1.0,1,1.0,1,0.15055657849955661,50
878,1,2066,689,1377,0,0,0,1.0,1,1.0,1,1.0,1,0.18757562615696594,49
879,0,2066,689,1377,0,0,0,1.0,1,1.0,1,1.0,1,0.18757562615696594,49
880,1,2067,690,1377,0,0,0,1.0,1,1.0,1,1.0,1,0.22681807276695318,48
881,4,2071,692,1379,0,0,0,1.0,1,1.0,1,1.0,1,0.2217373644838065,49
882,0,2071,692,1379,0,0,0,1.0,1,1.0,1,1.0,1,0.2455900859325285,48
883,0,2071,692,1379,0,0,0,1.0,1,1.0,1,1.0,1,0.2280833479137652,50
884,0,2071,692,1379,0,0,0,1.0,1,1.0,1,1.0,1,0.23656314091099218,50
885,2,2073,694,1379,0,0,0,1.0,1,1.0,1,1.0,1,0.23756366041160665,49
886,3,2076,695,1381,0,0,0,1.0,1,1.0,1,1.0,1,0.27066387197463204,49
887,1,2077,695,1382,0,0,0,1.0,1,1.0,1,1.0,1,0.26395333615190036,49
888,1,2078,696,1382,0,0,0,1.0,1,1.0,1,1.0,1,0.27939758302318773,47
889,5,2083,698,1385,0,0,0,1.0,1,1.0,1,1.0,1,0.2816150258823501,46
890,0,2083,698,1385,0,0,0,1.0,1,1.0,1,1.0,1,0.25582295537898886,44
891,2,2085,698,1387,0,0,0,1.0,1,1.0,1,1.0,1,0.27367831916728597,45
892,3,2088,699,1389,0,0,0,1.0,1,1.0,1,1.0,1,0.2720407663464011,45
893,1,2089,699,1390,0,0,0,1.0,1,1.0,1,1.0,1,0.26701492076237715,45
894,0,2089,699,1390,0,0,0,1.0,1,1.0,1,1.0,1,0.257464490497406,44
895,2,2091,701,1390,0,0,0,1.0,1,1.0,1,1.0,1,0.2338151707694689,45
896,1,2092,702,1390,0,0,0,1.0,1,1.0,1,1.0,1,0.2433697220823214,44
897,0,2092,702,1390,0,0,0,1.0,1,1.0,1,1.0,1,0.2433697220823214,44
898,0,2092,702,1390,0,0,0,1.0,1,1.0,1,1.0,1,0.2383707187345183,45
899,0,2092,702,1390,0,0,0,1.0,1,1.0,1,1.0,1,0.26182831391856815,44
900,3,2095,703,1392,0,0,0,1.0,1,1.0,1,1.0,1,0.2591223479853678,46
901,4,2099,704,1395,0,0,0,1.0,1,1.0,1,1.0,1,0.234938637940102,45
902,2,2101,706,1395,0,0,0,1.0,1,1.0,1,1.0,1,0.2524320648835184,45
903,2,2103,708,1395,0,0,0,1.0,1,1.0,1,1.0,1,0.3117808914502446,44
904,1,2104,708,1396,0,0,0,1.0,1,1.0,1,1.0,1,0.26139607829876854,45
905,2,2106,708,1398,0,0,0,1.0,1,1.0,1,1.0,1,0.25240350877910256,45
906,2,2108,710,1398,0,0,0,1.0,1,1.0,1,1.0,1,0.2561563912463833,45
907,3,2111,711,1400,0,0,0,1.0,1,1.0,1,1.0,1,0.2442339670027957,46
908,0,2111,711,1400,0,0,0,1.0,1,1.0,1,1.0,1,0.23908769171811708,46
909,5,2116,715,1401,0,0,0,1.0,1,1.0,1,1.0,1,0.24508083459142424,46
910,1,2117,715,1402,0,0,0,1.0,1,1.0,1,1.0,1,0.26119768099759033,44
911,3,2120,717,1403,0,0,0,1.0,1,1.0,1,1.0,1,0.24867602383380735,45
912,0,2120,717,1403,0,0,0,1.0,1,1.0,1,1.0,1,0.2710106504665723,44
913,2,2122,718,1404,0,0,0,1.0,1,1.0,1,1.0,1,0.2503742417816251,45
914,2,2124,720,1404,0,0,0,1.0,1,1.0,1,1.0,1,0.291250153019465,45
915,0,2124,720,1404,0,0,0,1.0,1,1.0,1,1.0,1,0.291250153019465,45
916,1,2125,720,1405,0,0,0,1.0,1,1.0,1,1.0,1,0.28561405362752007,45
917,0,2125,720,1405,0,0,0,1.0,1,1.0,1,1.0,1,0.29993242379625107,46
918,3,2128,721,1407,0,0,0,1.0,1,1.0,1,1.0,1,0.2659822207747396,47
919,2,2130,722,1408,0,0,0,1.0,1,1.0,1,1.0,1,0.27441786116494604,47
920,2,2132,723,1409,0,0,0,1.0,1,1.0,1,1.0,1,0.2632656325640777,47
921,4,2136,725,1411,0,0,0,1.0,1,1.0,1,1.0,1,0.2972343749984324,49
922,1,2137,726,1411,0,0,0,1.0,1,1.0,1,1.0,1,0.28339010520252184,49
923,1,2138,726,1412,0,0,0,1.0,1,1.0,1,1.0,1,0.26339983415817675,47
924,2,2140,726,1414,0,0,0,1.0,1,1.0,1,1.0,1,0.25013245739869233,47
925,2,2142,727,1415,0,0,0,1.0,1,1.0,1,1.0,1,0.26720341668143766,47
926,2,2144,729,1415,0,0,0,1.0,1,1.0,1,1.0,1,0.2824345548476775,46
927,1,2145,729,1416,0,0,0,1.0,1,1.0,1,1.0,1,0.2539735884686655,45
928,1,2146,730,1416,0,0,0,1.0,1,1.0,1,1.0,1,0.2748963965950189,43
929,1,2147,731,1416,0,0,0,1.0,1,1.0,1,1.0,1,0.32642460734708584,42
930,1,2148,731,1417,0,0,0,1.0,1,1.0,1,1.0,1,0.306437182237415,41
931,5,2153,733,1420,0,0,0,1.0,1,1.0,1,1.0,1,0.2967482379589244,40
932,3,2156,733,1423,0,0,0,1.0,1,1.0,1,1.0,1,0.2297407392690062,40
933,2,2158,735,1423,0,0,0,1.0,1,1.0,1,1.0,1,0.2513670732168,39
934,1,2159,735,1424,0,0,0,1.0,1,1.0,1,1.0,1,0.23706689289383112,39
935,4,2163,737,1426,0,0,0,1.0,1,1.0,1,1.0,1,0.2995549359770003,41
936,2,2165,737,1428,0,0,0,1.0,1,1.0,1,1.0,1,0.26125200526400794,42
937,1,2166,737,1429,0,0,0,1.0,1,1.0,1,1.0,1,0.2677935473274376,43
938,3,2169,738,1431,0,0,0,1.0,1,1.0,1,1.0,1,0.24048369796278973,44
939,1,2170,738,1432,0,0,0,1.0,1,1.0,1,1.0,1,0.2519604956180241,46
940,1,2171,739,1432,0,0,0,1.0,1,1.0,1,1.0,1,0.2510119709881433,46
941,1,2172,740,1432,0,0,0,1.0,1,1.0,1,1.0,1,0.27766249552293837,46
942,1,2173,741,1432,0,0,0,1.0,1,1.0,1,1.0,1,0.29255118523545093,46
943,4,2177,743,1434,0,0,0,1.0,1,1.0,1,1.0,1,0.28056684931416725,45
944,2,2179,744,1435,0,0,0,1.0,1,1.0,1,1.0,1,0.27426183764510037,45
945,3,2182,745,1437,0,0,0,1.0,1,1.0,1,1.0,1,0.27872657296789316,44
946,5,2187,747,1440,0,0,0,1.0,1,1.0,1,1.0,1,0.2864939156911826,46
947,3,2190,747,1443,0,0,0,1.0,1,1.0,1,1.0,1,0.27923345519741016,44
948,3,2193,748,1445,0,0,0,1.0,1,1.0,1,1.0,1,0.2748485015692537,44
949,8,2201,749,1452,0,0,0,1.0,1,1.0,1,1.0,1,0.3273712698946164,44
950,3,2204,749,1455,0,0,0,1.0,1,1.0,1,1.0,1,0.35484406438930416,43
951,4,2208,749,1459,0,0,0,1.0,1,1.0,1,1.0,1,0.35537160633561604,42
952,3,2211,751,1460,0,0,0,1.0,1,1.0,1,1.0,1,0.38224805698451764,42
953,2,2213,751,1462,0,0,0,1.0,1,1.0,1,1.0,1,0.38037996598855256,41
954,1,2214,751,1463,0,0,0,1.0,1,1.0,1,1.0,1,0.4058839717946607,40
955,6,2220,752,1468,0,0,0,1.0,1,1.0,1,1.0,1,0.39036410295601975,42
956,5,2225,753,1472,0,0,0,1.0,1,1.0,1,1.0,1,0.3658513631215696,43
957,1,2226,753,1473,0,0,0,1.0,1,1.0,1,1.0,1,0.3761321274663879,42
958,1,2227,753,1474,0,0,0,1.0,1,1.0,1,1.0,1,0.40697034489876965,43
959,2,2229,753,1476,0,0,0,1.0,1,1.0,1,1.0,1,0.3869225239760007,45
960,3,2232,754,1478,0,0,0,1.0,1,1.0,1,1.0,1,0.4343548831846923,47
961,5,2237,754,1483,0,0,0,1.0,1,1.0,1,1.0,1,0.3022204302191671,45
962,4,2241,756,1485,0,0,0,1.0,1,1.0,1,1.0,1,0.29702332381454566,45
963,3,2244,757,1487,0,0,0,1.0,1,1.0,1,1.0,1,0.2895751976163168,44
964,1,2245,757,1488,0,0,0,1.0,1,1.0,1,1.0,1,0.27394191217663877,44
965,2,2247,757,1490,0,0,0,1.0,1,1.0,1,1.0,1,0.2421226991902034,45
966,2,2249,758,1491,0,0,0,1.0,1,1.0,1,1.0,1,0.2749471471302032,43
967,1,2250,758,1492,0,0,0,1.0,1,1.0,1,1.0,1,0.273333175379487,43
968,2,2252,758,1494,0,0,0,1.0,1,1.0,1,1.0,1,0.2531932119595979,43
969,1,2253,759,1494,0,0,0,1.0,1,1.0,1,1.0,1,0.2801530029310388,42
970,1,2254,759,1495,0,0,0,1.0,1,1.0,1,1.0,1,0.28242616312935037,42
971,1,2255,759,1496,0,0,0,1.0,1,1.0,1,1.0,1,0.25264804121686657,42
972,2,2257,760,1497,0,0,0,1.0,1,1.0,1,1.0,1,0.24296122996108985,42
973,0,2257,760,1497,0,0,0,1.0,1,1.0,1,1.0,1,0.23667235354252023,43
974,1,2258,761,1497,0,0,0,1.0,1,1.0,1,1.0,1,0.23007891520663917,43
975,0,2258,761,1497,0,0,0,1.0,1,1.0,1,1.0,1,0.23433119493449808,43
976,0,2258,761,1497,0,0,0,1.0,1,1.0,1,1.0,1,0.2469360519815615,45
977,0,2258,761,1497,0,0,0,1.0,1,1.0,1,1.0,1,0.25727066493540146,44
978,0,2258,761,1497,0,0,0,1.0,1,1.0,1,1.0,1,0.25727066493540146,44
979,0,2258,761,1497,0,0,0,1.0,1,1.0,1,1.0,1,0.2763112329938391,45
980,3,2261,763,1498,0,0,0,1.0,1,1.0,1,1.0,1,0.3198585999483033,45
981,1,2262,763,1499,0,0,0,1.0,1,1.0,1,1.0,1,0.31828433248155297,45
982,4,2266,766,1500,0,0,0,1.0,1,1.0,1,1.0,1,0.3912429864088169,46
983,4,2270,768,1502,0,0,0,1.0,1,1.0,1,1.0,1,0.3882366081309912,45
984,0,2270,768,1502,0,0,0,1.0,1,1.0,1,1.0,1,0.37147018860284536,45
985,3,2273,771,1502,0,0,0,1.0,1,1.0,1,1.0,1,0.41621424279709385,45
986,1,2274,772,1502,0,0,0,1.0,1,1.0,1,1.0,1,0.4144707148697758,44
987,2,2276,773,1503,0,0,0,1.0,1,1.0,1,1.0,1,0.4370479371191358,45
988,2,2278,775,1503,0,0,0,1.0,1,1.0,1,1.0,1,0.46784722076893415,44
989,1,2279,776,1503,0,0,0,1.0,1,1.0,1,1.0,1,0.48248302721291286,43
990,3,2282,778,1504,0,0,0,1.0,1,1.0,1,1.0,1,0.4476556106704965,42
991,5,2287,778,1509,0,0,0,1.0,1,1.0,1,1.0,1,0.34230161409600474,42
992,1,2288,778,1510,0,0,0,1.0,1,1.0,1,1.0,1,0.3347198692452528,43
993,2,2290,780,1510,0,0,0,1.0,1,1.0,1,1.0,1,0.3634169780965134,43
994,2,2292,781,1511,0,0,0,1.0,1,1.0,1,1.0,1,0.37535457586162463,43
995,1,2293,781,1512,0,0,0,1.0,1,1.0,1,1.0,1,0.3492743609416867,43
996,3,2296,781,1515,0,0,0,1.0,1,1.0,1,1.0,1,0.2987243241068544,44
997,2,2298,782,1516,0,0,0,1.0,1,1.0,1,1.0,1,0.31437775320683253,44
998,0,2298,782,1516,0,0,0,1.0,1,1.0,1,1.0,1,0.3280711937034708,45
999,0,2298,782,1516,0,0,0,1.0,1,1.0,1,1.0,1,0.3372367636742492,42
1000,1,2299,782,1517,0,0,0,1.0,1,1.0,1,1.0,1,0.34102486976354046,43
1001,3,2302,782,1520,0,0,0,1.0,1,1.0,1,1.0,1,0.3046632940593311,42
1002,1,2303,782,1521,0,0,0,1.0,1,1.0,1,1.0,1,0.301005463580468,43
1003,2,2305,782,1523,0,0,0,1.0,1,1.0,1,1.0,1,0.301005463580468,43
1004,1,2306,782,1524,0,0,0,1.0,1,1.0,1,1.0,1,0.30004168258815916,43
1005,1,2307,782,1525,0,0,0,1.0,1,1.0,1,1.0,1,0.29540781531034754,44
1006,0,2307,782,1525,0,0,0,1.0,1,1.0,1,1.0,1,0.3104221390200917,46
1007,1,2308,782,1526,0,0,0,1.0,1,1.0,1,1.0,1,0.30654665935184117,46
1008,2,2310,783,1527,0,0,0,1.0,1,1.0,1,1.0,1,0.321204189125452,47
1009,3,2313,783,1530,0,0,0,1.0,1,1.0,1,1.0,1,0.261819796846291,48
1010,1,2314,783,1531,0,0,0,1.0,1,1.0,1,1.0,1,0.287344514895551,48
1011,2,2316,783,1533,0,0,0,1.0,1,1.0,1,1.0,1,0.287344514895551,48
1012,9,2325,785,1540,0,0,0,1.0,1,1.0,1,1.0,1,0.26853358280475875,49
1013,7,2332,786,1546,0,0,0,1.0,1,1.0,1,1.0,1,0.2882874881256779,50
1014,7,2339,787,1552,0,0,0,1.0,1,1.0,1,1.0,1,0.2674569689554701,50
1015,7,2346,787,1559,0,0,0,1.0,1,1.0,1,1.0,1,0.25327970751869117,51
1016,5,2351,788,1563,0,0,0,1.0,1,1.0,1,1.0,1,0.2448519831211901,51
1017,7,2358,788,1570,0,0,0,1.0,1,1.0,1,1.0,1,0.27511539645164146,52
1018,7,2365,789,1576,0,0,0,1.0,1,1.0,1,1.0,1,0.2324394981475249,52
1019,4,2369,789,1580,0,0,0,1.0,1,1.0,1,1.0,1,0.2862651428050503,52
1020,9,2378,789,1589,0,0,0,1.0,1,1.0,1,1.0,1,0.2669935335079094,53
1021,4,2382,789,1593,0,0,0,1.0,1,1.0,1,1.0,1,0.1606413830565344,53
1022,0,2382,789,1593,0,0,0,1.0,1,1.0,1,1.0,1,0.1556636011093917,54
1023,1,2383,790,1593,0,0,0,1.0,1,1.0,1,1.0,1,0.17746338382055576,55
1024,0,2383,790,1593,0,0,0,1.0,1,1.0,1,1.0,1,0.17174197079044357,55
1025,2,2385,790,1595,0,0,0,1.0,1,1.0,1,1.0,1,0.16016898421552347,56
1026,0,2385,790,1595,0,0,0,1.0,1,1.0,1,1.0,1,0.17034495128520225,57
1027,0,2385,790,1595,0,0,0,1.0,1,1.0,1,1.0,1,0.17891065276613327,58
1028,0,2385,790,1595,0,0,0,1.0,1,1.0,1,1.0,1,0.17891065276613327,58
1029,1,2386,790,1596,0,0,0,1.0,1,1.0,1,1.0,1,0.17309258666952576,59
1030,1,2387,790,1597,0,0,0,1.0,1,1.0,1,1.0,1,0.1628893105046094,60
1031,4,2391,792,1599,0,0,0,1.0,1,1.0,1,1.0,1,0.13588758749969848,60
1032,2,2393,793,1600,0,0,0,1.0,1,1.0,1,1.0,1,0.16002195690408397,61
1033,1,2394,793,1601,0,0,0,1.0,1,1.0,1,1.0,1,0.13057949729741247,60
1034,3,2397,796,1601,0,0,0,1.0,1,1.0,1,1.0,1,0.15234371274645492,60
1035,2,2399,798,1601,0,0,0,1.0,1,1.0,1,1.0,1,0.16368897282383907,59
1036,3,2402,800,1602,0,0,0,1.0,1,1.0,1,1.0,1,0.1870782603842815,60
1037,3,2405,803,1602,0,0,0,1.0,1,1.0,1,1.0,1,0.17665534524878718,59
1038,4,2409,806,1603,0,0,0,1.0,1,1.0,1,1.0,1,0.19531047872365634,60
1039,5,2414,808,1606,0,0,0,1.0,1,1.0,1,1.0,1,0.2600263968206446,60
1040,2,2416,808,1608,0,0,0,1.0,1,1.0,1,1.0,1,0.25309104498210516,58
1041,1,2417,809,1608,0,0,0,1.0,1,1.0,1,1.0,1,0.2553389032338669,56
1042,1,2418,809,1609,0,0,0,1.0,1,1.0,1,1.0,1,0.23796783574932398,55
1043,0,2418,809,1609,0,0,0,1.0,1,1.0,1,1.0,1,0.23796783574932398,55
1044,4,2422,811,1611,0,0,0,1.0,1,1.0,1,1.0,1,0.23653118644834786,52
1045,0,2422,811,1611,0,0,0,1.0,1,1.0,1,1.0,1,0.23303352971629993,52
1046,3,2425,812,1613,0,0,0,1.0,1,1.0,1,1.0,1,0.24647953407344275,53
1047,1,2426,812,1614,0,0,0,1.0,1,1.0,1,1.0,1,0.2153640234975362,54
1048,2,2428,814,1614,0,0,0,1.0,1,1.0,1,1.0,1,0.271093933430663,56
1049,2,2430,815,1615,0,0,0,1.0,1,1.0,1,1.0,1,0.2682654164635915,55
1050,2,2432,815,1617,0,0,0,1.0,1,1.0,1,1.0,1,0.26448159267044413,56
1051,7,2439,815,1624,0,0,0,1.0,1,1.0,1,1.0,1,0.16017599518805814,55
1052,1,2440,816,1624,0,0,0,1.0,1,1.0,1,1.0,1,0.18164404248941143,56
1053,0,2440,816,1624,0,0,0,1.0,1,1.0,1,1.0,1,0.18164404248941143,56
1054,0,2440,816,1624,0,0,0,1.0,1,1.0,1,1.0,1,0.16789112572149484,57
1055,0,2440,816,1624,0,0,0,1.0,1,1.0,1,1.0,1,0.17952818472463275,58
1056,4,2444,816,1628,0,0,0,1.0,1,1.0,1,1.0,1,0.10494114405448869,59
1057,1,2445,816,1629,0,0,0,1.0,1,1.0,1,1.0,1,0.11392983571405527,60
1058,6,2451,819,1632,0,0,0,1.0,1,1.0,1,1.0,1,0.16765911764723357,60
1059,2,2453,819,1634,0,0,0,1.0,1,1.0,1,1.0,1,0.16955636901429594,60
1060,2,2455,820,1635,0,0,0,1.0,1,1.0,1,1.0,1,0.20236187179308301,60
1061,4,2459,823,1636,0,0,0,1.0,1,1.0,1,1.0,1,0.23508114262634017,59
1062,6,2465,824,1641,0,0,0,1.0,1,1.0,1,1.0,1,0.2705483360938134,59
1063,5,2470,827,1643,0,0,0,1.0,1,1.0,1,1.0,1,0.3039408780335501,58
1064,5,2475,828,1647,0,0,0,1.0,1,1.0,1,1.0,1,0.30113624438009307,58
1065,2,2477,828,1649,0,0,0,1.0,1,1.0,1,1.0,1,0.2819866860003585,60
1066,3,2480,829,1651,0,0,0,1.0,1,1.0,1,1.0,1,0.3013541924256816,58
1067,3,2483,830,1653,0,0,0,1.0,1,1.0,1,1.0,1,0.3243792575727385,59
1068,4,2487,830,1657,0,0,0,1.0,1,1.0,1,1.0,1,0.32634964946937683,59
1069,6,2493,831,1662,0,0,0,1.0,1,1.0,1,1.0,1,0.3360396556053717,58
1070,2,2495,832,1663,0,0,0,1.0,1,1.0,1,1.0,1,0.33345154313877995,58
1071,3,2498,834,1664,0,0,0,1.0,1,1.0,1,1.0,1,0.32572046282107237,57
1072,1,2499,834,1665,0,0,0,1.0,1,1.0,1,1.0,1,0.31917476407140233,56
1073,1,2500,834,1666,0,0,0,1.0,1,1.0,1,1.0,1,0.3205269978958724,54
1074,1,2501,835,1666,0,0,0,1.0,1,1.0,1,1.0,1,0.3247631394280597,54
1075,1,2502,836,1666,0,0,0,1.0,1,1.0,1,1.0,1,0.327894348651724,51
1076,1,2503,836,1667,0,0,0,1.0,1,1.0,1,1.0,1,0.32391416005253104,51
1077,1,2504,837,1667,0,0,0,1.0,1,1.0,1,1.0,1,0.3235260537331644,51
1078,5,2509,840,1669,0,0,0,1.0,1,1.0,1,1.0,1,0.33017336880863984,52
1079,4,2513,842,1671,0,0,0,1.0,1,1.0,1,1.0,1,0.3131292734810738,51
1080,2,2515,844,1671,0,0,0,1.0,1,1.0,1,1.0,1,0.29964964789846654,51
1081,5,2520,844,1676,0,0,0,1.0,1,1.0,1,1.0,1,0.20178339236624407,48
1082,2,2522,845,1677,0,0,0,1.0,1,1.0,1,1.0,1,0.19548478954372395,47
1083,2,2524,846,1678,0,0,0,1.0,1,1.0,1,1.0,1,0.24689371981211108,46
1084,1,2525,846,1679,0,0,0,1.0,1,1.0,1,1.0,1,0.24170202373947178,45
1085,2,2527,847,1680,0,0,0,1.0,1,1.0,1,1.0,1,0.24752863277995926,46
1086,0,2527,847,1680,0,0,0,1.0,1,1.0,1,1.0,1,0.2367951271894986,45
1087,0,2527,847,1680,0,0,0,1.0,1,1.0,1,1.0,1,0.26272309148856005,44
1088,2,2529,849,1680,0,0,0,1.0,1,1.0,1,1.0,1,0.22512034855132948,45
1089,2,2531,851,1680,0,0,0,1.0,1,1.0,1,1.0,1,0.23613069719211377,46
1090,0,2531,851,1680,0,0,0,1.0,1,1.0,1,1.0,1,0.23702299835044652,47
1091,1,2532,852,1680,0,0,0,1.0,1,1.0,1,1.0,1,0.25124734550762096,47
1092,0,2532,852,1680,0,0,0,1.0,1,1.0,1,1.0,1,0.23803591309492272,48
1093,1,2533,853,1680,0,0,0,1.0,1,1.0,1,1.0,1,0.26093841805172535,48
1094,3,2536,856,1680,0,0,0,1.0,1,1.0,1,1.0,1,0.28128457652429645,48
1095,2,2538,856,1682,0,0,0,1.0,1,1.0,1,1.0,1,0.2906394504551391,49
1096,2,2540,857,1683,0,0,0,1.0,1,1.0,1,1.0,1,0.27399704697633553,49
1097,7,2547,859,1688,0,0,0,1.0,1,1.0,1,1.0,1,0.24088159331438658,50
1098,4,2551,859,1692,0,0,0,1.0,1,1.0,1,1.0,1,0.23233533866484823,51
1099,1,2552,860,1692,0,0,0,1.0,1,1.0,1,1.0,1,0.21934857103943545,54
1100,3,2555,861,1694,0,0,0,1.0,1,1.0,1,1.0,1,0.21788711269607305,54
1101,2,2557,861,1696,0,0,0,1.0,1,1.0,1,1.0,1,0.21813234257842082,54
1102,1,2558,862,1696,0,0,0,1.0,1,1.0,1,1.0,1,0.2544781635715433,54
1103,4,2562,864,1698,0,0,0,1.0,1,1.0,1,1.0,1,0.21198069819486787,53
1104,1,2563,865,1698,0,0,0,1.0,1,1.0,1,1.0,1,0.18648549699147005,53
1105,1,2564,866,1698,0,0,0,1.0,1,1.0,1,1.0,1,0.20104144146258415,52
1106,0,2564,866,1698,0,0,0,1.0,1,1.0,1,1.0,1,0.2165274109641024,52
1107,5,2569,867,1702,0,0,0,1.0,1,1.0,1,1.0,1,0.23477676511074905,52
1108,2,2571,869,1702,0,0,0,1.0,1,1.0,1,1.0,1,0.25137533501944415,51
1109,3,2574,872,1702,0,0,0,1.0,1,1.0,1,1.0,1,0.27522445586651845,49
1110,1,2575,873,1702,0,0,0,1.0,1,1.0,1,1.0,1,0.29691245019284723,48
1111,6,2581,876,1705,0,0,0,1.0,1,1.0,1,1.0,1,0.34130766441519017,47
1112,0,2581,876,1705,0,0,0,1.0,1,1.0,1,1.0,1,0.34348509625089274,46
1113,3,2584,878,1706,0,0,0,1.0,1,1.0,1,1.0,1,0.3543950021329289,43
1114,1,2585,879,1706,0,0,0,1.0,1,1.0,1,1.0,1,0.37415942585112466,41
1115,2,2587,881,1706,0,0,0,1.0,1,1.0,1,1.0,1,0.36170554994051274,40
1116,1,2588,881,1707,0,0,0,1.0,1,1.0,1,1.0,1,0.33008962538198694,39
1117,3,2591,883,1708,0,0,0,1.0,1,1.0,1,1.0,1,0.309615915000205,40
1118,2,2593,884,1709,0,0,0,1.0,1,1.0,1,1.0,1,0.30070513152425415,40
1119,4,2597,884,1713,0,0,0,1.0,1,1.0,1,1.0,1,0.26316078317373015,40
1120,0,2597,884,1713,0,0,0,1.0,1,1.0,1,1.0,1,0.26316078317373015,40
1121,5,2602,888,1714,0,0,0,1.0,1,1.0,1,1.0,1,0.3005850192532935,40
1122,0,2602,888,1714,0,0,0,1.0,1,1.0,1,1.0,1,0.30960693236709097,41
1123,2,2604,890,1714,0,0,0,1.0,1,1.0,1,1.0,1,0.3707018288082107,41
1124,2,2606,890,1716,0,0,0,1.0,1,1.0,1,1.0,1,0.35041506720884924,41
1125,1,2607,890,1717,0,0,0,1.0,1,1.0,1,1.0,1,0.3409758426463041,41
1126,1,2608,891,1717,0,0,0,1.0,1,1.0,1,1.0,1,0.3011445571240561,41
1127,1,2609,891,1718,0,0,0,1.0,1,1.0,1,1.0,1,0.29093270822228856,41
1128,1,2610,891,1719,0,0,0,1.0,1,1.0,1,1.0,1,0.2827294498535538,42
1129,0,2610,891,1719,0,0,0,1.0,1,1.0,1,1.0,1,0.2827294498535538,42
1130,0,2610,891,1719,0,0,0,1.0,1,1.0,1,1.0,1,0.2827294498535538,42
1131,0,2610,891,1719,0,0,0,1.0,1,1.0,1,1.0,1,0.2827294498535538,42
1132,0,2610,891,1719,0,0,0,1.0,1,1.0,1,1.0,1,0.24804058026786135,43
1133,3,2613,892,1721,0,0,0,1.0,1,1.0,1,1.0,1,0.20970343688999066,45
1134,0,2613,892,1721,0,0,0,1.0,1,1.0,1,1.0,1,0.21933514104174615,46
1135,1,2614,892,1722,0,0,0,1.0,1,1.0,1,1.0,1,0.22099090476760497,45
1136,0,2614,892,1722,0,0,0,1.0,1,1.0,1,1.0,1,0.24619359271747238,48
1137,2,2616,892,1724,0,0,0,1.0,1,1.0,1,1.0,1,0.2337715660297976,49
1138,0,2616,892,1724,0,0,0,1.0,1,1.0,1,1.0,1,0.2337715660297976,49
1139,0,2616,892,1724,0,0,0,1.0,1,1.0,1,1.0,1,0.2755712495488723,49
1140,1,2617,893,1724,0,0,0,1.0,1,1.0,1,1.0,1,0.28526156558500637,49
1141,9,2626,895,1731,0,0,0,1.0,1,1.0,1,1.0,1,0.20069032035325685,48
1142,3,2629,898,1731,0,0,0,1.0,1,1.0,1,1.0,1,0.21429922833581,48
1143,3,2632,901,1731,0,0,0,1.0,1,1.0,1,1.0,1,0.2469022447789557,48
1144,5,2637,905,1732,0,0,0,1.0,1,1.0,1,1.0,1,0.2057043042319021,48
1145,2,2639,906,1733,0,0,0,1.0,1,1.0,1,1.0,1,0.22078188967510917,48
1146,2,2641,908,1733,0,0,0,1.0,1,1.0,1,1.0,1,0.2818655265705788,48
1147,0,2641,908,1733,0,0,0,1.0,1,1.0,1,1.0,1,0.2970559876942521,46
1148,2,2643,910,1733,0,0,0,1.0,1,1.0,1,1.0,1,0.3056521414378958,46
1149,1,2644,911,1733,0,0,0,1.0,1,1.0,1,1.0,1,0.34269697607832583,45
1150,2,2646,912,1734,0,0,0,1.0,1,1.0,1,1.0,1,0.3325132648329594,46
1151,3,2649,915,1734,0,0,0,1.0,1,1.0,1,1.0,1,0.36750966456601675,44
1152,2,2651,915,1736,0,0,0,1.0,1,1.0,1,1.0,1,0.362898863831164,44
1153,4,2655,917,1738,0,0,0,1.0,1,1.0,1,1.0,1,0.35148220300092536,43
1154,1,2656,918,1738,0,0,0,1.0,1,1.0,1,1.0,1,0.3519088030381288,43
1155,1,2657,919,1738,0,0,0,1.0,1,1.0,1,1.0,1,0.32045547850969874,43
1156,0,2657,919,1738,0,0,0,1.0,1,1.0,1,1.0,1,0.31609575877768403,42
1157,4,2661,921,1740,0,0,0,1.0,1,1.0,1,1.0,1,0.2910040802482365,42
1158,0,2661,921,1740,0,0,0,1.0,1,1.0,1,1.0,1,0.2794352429802413,41
1159,0,2661,921,1740,0,0,0,1.0,1,1.0,1,1.0,1,0.2808225222180292,41
1160,0,2661,921,1740,0,0,0,1.0,1,1.0,1,1.0,1,0.2808225222180292,41
1161,1,2662,921,1741,0,0,0,1.0,1,1.0,1,1.0,1,0.2984228270338961,42
1162,0,2662,921,1741,0,0,0,1.0,1,1.0,1,1.0,1,0.29661688907421163,43
1163,0,2662,921,1741,0,0,0,1.0,1,1.0,1,1.0,1,0.29661688907421163,43
1164,0,2662,921,1741,0,0,0,1.0,1,1.0,1,1.0,1,0.28834697613008853,44
1165,0,2662,921,1741,0,0,0,1.0,1,1.0,1,1.0,1,0.28834697613008853,44
1166,2,2664,922,1742,0,0,0,1.0,1,1.0,1,1.0,1,0.3088698533129174,46
1167,1,2665,922,1743,0,0,0,1.0,1,1.0,1,1.0,1,0.2720812812699767,46
1168,0,2665,922,1743,0,0,0,1.0,1,1.0,1,1.0,1,0.27185416192759854,47
1169,3,2668,925,1743,0,0,0,1.0,1,1.0,1,1.0,1,0.26526020322011035,46
1170,0,2668,925,1743,0,0,0,1.0,1,1.0,1,1.0,1,0.27002337180487473,48
1171,8,2676,927,1749,0,0,0,1.0,1,1.0,1,1.0,1,0.18935361428065287,49
1172,0,2676,927,1749,0,0,0,1.0,1,1.0,1,1.0,1,0.18935361428065287,49
1173,0,2676,927,1749,0,0,0,1.0,1,1.0,1,1.0,1,0.18935361428065287,49
1174,1,2677,928,1749,0,0,0,1.0,1,1.0,1,1.0,1,0.20506441819877474,49
1175,0,2677,928,1749,0,0,0,1.0,1,1.0,1,1.0,1,0.21383537623274507,50
1176,2,2679,928,1751,0,0,0,1.0,1,1.0,1,1.0,1,0.22117384043141464,52
1177,1,2680,929,1751,0,0,0,1.0,1,1.0,1,1.0,1,0.23009343779759012,52
1178,0,2680,929,1751,0,0,0,1.0,1,1.0,1,1.0,1,0.23009343779759012,52
1179,0,2680,929,1751,0,0,0,1.0,1,1.0,1,1.0,1,0.21789546919623612,53
1180,1,2681,929,1752,0,0,0,1.0,1,1.0,1,1.0,1,0.20220762294814285,54
1181,1,2682,929,1753,0,0,0,1.0,1,1.0,1,1.0,1,0.20253220578447884,55
1182,2,2684,931,1753,0,0,0,1.0,1,1.0,1,1.0,1,0.20482148749846207,55
1183,1,2685,932,1753,0,0,0,1.0,1,1.0,1,1.0,1,0.23643323986024622,53
1184,2,2687,933,1754,0,0,0,1.0,1,1.0,1,1.0,1,0.22772954960571093,54
1185,0,2687,933,1754,0,0,0,1.0,1,1.0,1,1.0,1,0.23270463894606427,53
1186,4,2691,934,1757,0,0,0,1.0,1,1.0,1,1.0,1,0.228655502761992,54
1187,3,2694,935,1759,0,0,0,1.0,1,1.0,1,1.0,1,0.2693211151979233,55
1188,2,2696,935,1761,0,0,0,1.0,1,1.0,1,1.0,1,0.2653765942560329,55
1189,1,2697,935,1762,0,0,0,1.0,1,1.0,1,1.0,1,0.25039469905504624,54
1190,2,2699,936,1763,0,0,0,1.0,1,1.0,1,1.0,1,0.24018874876602214,55
1191,0,2699,936,1763,0,0,0,1.0,1,1.0,1,1.0,1,0.2288972502578172,54
1192,2,2701,937,1764,0,0,0,1.0,1,1.0,1,1.0,1,0.20457594731782663,52
1193,0,2701,937,1764,0,0,0,1.0,1,1.0,1,1.0,1,0.21548614919661777,53
1194,1,2702,938,1764,0,0,0,1.0,1,1.0,1,1.0,1,0.19341010916288742,53
1195,2,2704,940,1764,0,0,0,1.0,1,1.0,1,1.0,1,0.17397500281909006,54
1196,4,2708,941,1767,0,0,0,1.0,1,1.0,1,1.0,1,0.14715010677334858,56
1197,4,2712,943,1769,0,0,0,1.0,1,1.0,1,1.0,1,0.154496254660549,56
1198,4,2716,944,1772,0,0,0,1.0,1,1.0,1,1.0,1,0.15867387220503468,58
1199,3,2719,945,1774,0,0,0,1.0,1,1.0,1,1.0,1,0.18660833374462915,58
1200,1,2720,945,1775,0,0,0,1.0,1,1.0,1,1.0,1,0.16670327497920284,58
1201,6,2726,947,1779,0,0,0,1.0,1,1.0,1,1.0,1,0.15467426008765922,58
1202,0,2726,947,1779,0,0,0,1.0,1,1.0,1,1.0,1,0.14316260577851073,60
1203,0,2726,947,1779,0,0,0,1.0,1,1.0,1,1.0,1,0.14024726125632647,58
1204,2,2728,948,1780,0,0,0,1.0,1,1.0,1,1.0,1,0.16208826281812333,59
1205,2,2730,949,1781,0,0,0,1.0,1,1.0,1,1.0,1,0.1598533165311766,59
1206,0,2730,949,1781,0,0,0,1.0,1,1.0,1,1.0,1,0.18164106214241876,58
1207,1,2731,949,1782,0,0,0,1.0,1,1.0,1,1.0,1,0.1900644267587316,60
1208,0,2731,949,1782,0,0,0,1.0,1,1.0,1,1.0,1,0.1900644267587316,60
1209,0,2731,949,1782,0,0,0,1.0,1,1.0,1,1.0,1,0.19956795559500012,61
1210,0,2731,949,1782,0,0,0,1.0,1,1.0,1,1.0,1,0.19956795559500012,61
1211,0,2731,949,1782,0,0,0,1.0,1,1.0,1,1.0,1,0.18654312538055934,63
1212,3,2734,950,1784,0,0,0,1.0,1,1.0,1,1.0,1,0.16557392746439864,63
1213,2,2736,951,1785,0,0,0,1.0,1,1.0,1,1.0,1,0.2049712840856555,63
1214,1,2737,951,1786,0,0,0,1.0,1,1.0,1,1.0,1,0.2129101482019914,62
1215,3,2740,951,1789,0,0,0,1.0,1,1.0,1,1.0,1,0.21285663785195316,63
1216,4,2744,951,1793,0,0,0,1.0,1,1.0,1,1.0,1,0.24152534919680094,64
1217,4,2748,951,1797,0,0,0,1.0,1,1.0,1,1.0,1,0.23013308196064386,65
1218,2,2750,951,1799,0,0,0,1.0,1,1.0,1,1.0,1,0.24586903502181714,64
1219,3,2753,951,1802,0,0,0,1.0,1,1.0,1,1.0,1,0.25039971289023777,65
1220,3,2756,952,1804,0,0,0,1.0,1,1.0,1,1.0,1,0.2581893526635753,64
1221,2,2758,952,1806,0,0,0,1.0,1,1.0,1,1.0,1,0.2376810987407109,65
1222,3,2761,952,1809,0,0,0,1.0,1,1.0,1,1.0,1,0.24571974614032333,66
1223,2,2763,953,1810,0,0,0,1.0,1,1.0,1,1.0,1,0.21918873897942742,64
1224,4,2767,954,1813,0,0,0,1.0,1,1.0,1,1.0,1,0.22189066397939028,66
1225,5,2772,957,1815,0,0,0,1.0,1,1.0,1,1.0,1,0.2490995313698384,66
1226,10,2782,958,1824,0,0,0,1.0,1,1.0,1,1.0,1,0.22194183889874236,68
1227,3,2785,959,1826,0,0,0,1.0,1,1.0,1,1.0,1,0.20463821541174307,64
1228,2,2787,960,1827,0,0,0,1.0,1,1.0,1,1.0,1,0.21757837508297814,62
1229,2,2789,961,1828,0,0,0,1.0,1,1.0,1,1.0,1,0.23629691773881065,61
1230,1,2790,962,1828,0,0,0,1.0,1,1.0,1,1.0,1,0.2716776046356853,58
1231,8,2798,963,1835,0,0,0,1.0,1,1.0,1,1.0,1,0.17373071761662084,57
1232,1,2799,964,1835,0,0,0,1.0,1,1.0,1,1.0,1,0.19262448384040504,53
1233,2,2801,966,1835,0,0,0,1.0,1,1.0,1,1.0,1,0.21296820578993217,53
1234,0,2801,966,1835,0,0,0,1.0,1,1.0,1,1.0,1,0.21246415303285854,54
1235,1,2802,966,1836,0,0,0,1.0,1,1.0,1,1.0,1,0.21977299688188934,55
1236,3,2805,968,1837,0,0,0,1.0,1,1.0,1,1.0,1,0.24018678791399126,55
1237,1,2806,969,1837,0,0,0,1.0,1,1.0,1,1.0,1,0.25204658742176167,55
1238,2,2808,971,1837,0,0,0,1.0,1,1.0,1,1.0,1,0.2559229594926828,54
1239,4,2812,971,1841,0,0,0,1.0,1,1.0,1,1.0,1,0.18496934645888713,55
1240,1,2813,972,1841,0,0,0,1.0,1,1.0,1,1.0,1,0.17720485096962443,55
1241,1,2814,973,1841,0,0,0,1.0,1,1.0,1,1.0,1,0.1764438840623811,54
1242,0,2814,973,1841,0,0,0,1.0,1,1.0,1,1.0,1,0.19301849555088768,54
1243,2,2816,974,1842,0,0,0,1.0,1,1.0,1,1.0,1,0.1922918699929498,55
1244,0,2816,974,1842,0,0,0,1.0,1,1.0,1,1.0,1,0.20621571035817812,55
1245,1,2817,974,1843,0,0,0,1.0,1,1.0,1,1.0,1,0.1967629527943194,55
1246,3,2820,976,1844,0,0,0,1.0,1,1.0,1,1.0,1,0.25976590726909143,55
1247,3,2823,977,1846,0,0,0,1.0,1,1.0,1,1.0,1,0.23897282620619031,57
1248,1,2824,977,1847,0,0,0,1.0,1,1.0,1,1.0,1,0.256138646991792,56
1249,2,2826,979,1847,0,0,0,1.0,1,1.0,1,1.0,1,0.24986328306218025,56
1250,1,2827,980,1847,0,0,0,1.0,1,1.0,1,1.0,1,0.25330878557187214,56
1251,0,2827,980,1847,0,0,0,1.0,1,1.0,1,1.0,1,0.24165822608803744,58
1252,2,2829,981,1848,0,0,0,1.0,1,1.0,1,1.0,1,0.25754317709249697,58
1253,1,2830,982,1848,0,0,0,1.0,1,1.0,1,1.0,1,0.2642934705577606,58
1254,0,2830,982,1848,0,0,0,1.0,1,1.0,1,1.0,1,0.23350759541431101,60
1255,1,2831,983,1848,0,0,0,1.0,1,1.0,1,1.0,1,0.24478326457320393,61
1256,0,2831,983,1848,0,0,0,1.0,1,1.0,1,1.0,1,0.24478326457320393,61
1257,2,2833,984,1849,0,0,0,1.0,1,1.0,1,1.0,1,0.24255770375961572,62
1258,0,2833,984,1849,0,0,0,1.0,1,1.0,1,1.0,1,0.247070391492903,63
1259,0,2833,984,1849,0,0,0,1.0,1,1.0,1,1.0,1,0.247070391492903,63
1260,0,2833,984,1849,0,0,0,1.0,1,1.0,1,1.0,1,0.23480376436826253,63
1261,7,2840,986,1854,0,0,0,1.0,1,1.0,1,1.0,1,0.15950338420750423,63
1262,2,2842,987,1855,0,0,0,1.0,1,1.0,1,1.0,1,0.14157946454640408,64
1263,4,2846,989,1857,0,0,0,1.0,1,1.0,1,1.0,1,0.1551545498503254,63
1264,3,2849,992,1857,0,0,0,1.0,1,1.0,1,1.0,1,0.18351937042482688,63
1265,4,2853,994,1859,0,0,0,1.0,1,1.0,1,1.0,1,0.18618249362000333,60
1266,5,2858,998,1860,0,0,0,1.0,1,1.0,1,1.0,1,0.2353213579544579,61
1267,4,2862,1000,1862,0,0,0,1.0,1,1.0,1,1.0,1,0.25657270107445024,58
1268,2,2864,1001,1863,0,0,0,1.0,1,1.0,1,1.0,1,0.27385405302228993,54
1269,2,2866,1003,1863,0,0,0,1.0,1,1.0,1,1.0,1,0.2723507798749409,54
1270,1,2867,1004,1863,0,0,0,1.0,1,1.0,1,1.0,1,0.2800365067131467,51
1271,0,2867,1004,1863,0,0,0,1.0,1,1.0,1,1.0,1,0.2921119085386975,50
1272,0,2867,1004,1863,0,0,0,1.0,1,1.0,1,1.0,1,0.2863138133218822,47
1273,0,2867,1004,1863,0,0,0,1.0,1,1.0,1,1.0,1,0.2863138133218822,47
1274,1,2868,1005,1863,0,0,0,1.0,1,1.0,1,1.0,1,0.32970813839798535,49
1275,2,2870,1007,1863,0,0,0,1.0,1,1.0,1,1.0,1,0.3622043155624549,48
1276,3,2873,1009,1864,0,0,0,1.0,1,1.0,1,1.0,1,0.3769730552415021,49
1277,3,2876,1012,1864,0,0,0,1.0,1,1.0,1,1.0,1,0.41223266118179525,50
1278,3,2879,1013,1866,0,0,0,1.0,1,1.0,1,1.0,1,0.3943506101873161,51
1279,1,2880,1013,1867,0,0,0,1.0,1,1.0,1,1.0,1,0.37523535283109644,51
1280,0,2880,1013,1867,0,0,0,1.0,1,1.0,1,1.0,1,0.3519460308975265,52
1281,0,2880,1013,1867,0,0,0,1.0,1,1.0,1,1.0,1,0.3519460308975265,52
1282,3,2883,1016,1867,0,0,0,1.0,1,1.0,1,1.0,1,0.38238683816619917,52
1283,1,2884,1017,1867,0,0,0,1.0,1,1.0,1,1.0,1,0.4041003102137588,52
1284,1,2885,1018,1867,0,0,0,1.0,1,1.0,1,1.0,1,0.40916676165921234,52
1285,0,2885,1018,1867,0,0,0,1.0,1,1.0,1,1.0,1,0.4312322900014118,51
1286,2,2887,1018,1869,0,0,0,1.0,1,1.0,1,1.0,1,0.4240059374540366,52
1287,3,2890,1018,1872,0,0,0,1.0,1,1.0,1,1.0,1,0.40898288783513254,54
1288,3,2893,1018,1875,0,0,0,1.0,1,1.0,1,1.0,1,0.3760824889553487,55
1289,3,2896,1018,1878,0,0,0,1.0,1,1.0,1,1.0,1,0.32254550755278244,56
1290,2,2898,1018,1880,0,0,0,1.0,1,1.0,1,1.0,1,0.29096516320672944,57
1291,7,2905,1018,1887,0,0,0,1.0,1,1.0,1,1.0,1,0.1880533710464062,58
1292,0,2905,1018,1887,0,0,0,1.0,1,1.0,1,1.0,1,0.1753286478008674,59
1293,0,2905,1018,1887,0,0,0,1.0,1,1.0,1,1.0,1,0.1753286478008674,59
1294,2,2907,1019,1888,0,0,0,1.0,1,1.0,1,1.0,1,0.1931776928991577,59
1295,3,2910,1020,1890,0,0,0,1.0,1,1.0,1,1.0,1,0.21185062741569366,59
1296,3,2913,1020,1893,0,0,0,1.0,1,1.0,1,1.0,1,0.22646162395973132,59
1297,3,2916,1021,1895,0,0,0,1.0,1,1.0,1,1.0,1,0.22901372096876035,61
1298,3,2919,1021,1898,0,0,0,1.0,1,1.0,1,1.0,1,0.19048427467812032,61
1299,2,2921,1021,1900,0,0,0,1.0,1,1.0,1,1.0,1,0.21601148908034917,60
1300,3,2924,1021,1903,0,0,0,1.0,1,1.0,1,1.0,1,0.22635335171624313,59
1301,3,2927,1022,1905,0,0,0,1.0,1,1.0,1,1.0,1,0.2833734882194659,59
1302,6,2933,1025,1908,0,0,0,1.0,1,1.0,1,1.0,1,0.2366343960537764,59
1303,7,2940,1029,1911,0,0,0,1.0,1,1.0,1,1.0,1,0.28870655026137254,55
1304,4,2944,1032,1912,0,0,0,1.0,1,1.0,1,1.0,1,0.26142322327508943,56
1305,2,2946,1033,1913,0,0,0,1.0,1,1.0,1,1.0,1,0.2931664292739329,54
1306,2,2948,1034,1914,0,0,0,1.0,1,1.0,1,1.0,1,0.28935698192993453,53
1307,2,2950,1036,1914,0,0,0,1.0,1,1.0,1,1.0,1,0.24998031845279323,52
1308,1,2951,1037,1914,0,0,0,1.0,1,1.0,1,1.0,1,0.23543142213235482,52
1309,3,2954,1039,1915,0,0,0,1.0,1,1.0,1,1.0,1,0.21434843160062467,54
1310,4,2958,1041,1917,0,0,0,1.0,1,1.0,1,1.0,1,0.23005043860952043,52
1311,2,2960,1042,1918,0,0,0,1.0,1,1.0,1,1.0,1,0.23517269698592647,51
1312,2,2962,1044,1918,0,0,0,1.0,1,1.0,1,1.0,1,0.30015257739987017,49
1313,0,2962,1044,1918,0,0,0,1.0,1,1.0,1,1.0,1,0.30803117550864717,47
1314,1,2963,1045,1918,0,0,0,1.0,1,1.0,1,1.0,1,0.2876863450202257,46
1315,1,2964,1046,1918,0,0,0,1.0,1,1.0,1,1.0,1,0.31173812367772946,45
1316,2,2966,1047,1919,0,0,0,1.0,1,1.0,1,1.0,1,0.25800878648789866,46
1317,0,2966,1047,1919,0,0,0,1.0,1,1.0,1,1.0,1,0.2425739017337485,45
1318,1,2967,1047,1920,0,0,0,1.0,1,1.0,1,1.0,1,0.2547199328287078,46
1319,1,2968,1048,1920,0,0,0,1.0,1,1.0,1,1.0,1,0.24928152712028034,46
1320,1,2969,1049,1920,0,0,0,1.0,1,1.0,1,1.0,1,0.22470595049777906,46
1321,3,2972,1049,1923,0,0,0,1.0,1,1.0,1,1.0,1,0.14043385460618477,48
1322,2,2974,1050,1924,0,0,0,1.0,1,1.0,1,1.0,1,0.1569064130319339,49
1323,0,2974,1050,1924,0,0,0,1.0,1,1.0,1,1.0,1,0.1649046445048429,49
1324,2,2976,1051,1925,0,0,0,1.0,1,1.0,1,1.0,1,0.16526206874504115,50
1325,0,2976,1051,1925,0,0,0,1.0,1,1.0,1,1.0,1,0.16687331879324985,49
1326,1,2977,1052,1925,0,0,0,1.0,1,1.0,1,1.0,1,0.21835838158395657,50
1327,2,2979,1052,1927,0,0,0,1.0,1,1.0,1,1.0,1,0.23143494303740825,50
1328,0,2979,1052,1927,0,0,0,1.0,1,1.0,1,1.0,1,0.25874151895236686,49
1329,1,2980,1052,1928,0,0,0,1.0,1,1.0,1,1.0,1,0.2279423836016254,50
1330,0,2980,1052,1928,0,0,0,1.0,1,1.0,1,1.0,1,0.2279423836016254,50
1331,4,2984,1053,1931,0,0,0,1.0,1,1.0,1,1.0,1,0.2252577240871186,50
1332,3,2987,1054,1933,0,0,0,1.0,1,1.0,1,1.0,1,0.1709332975811725,51
1333,2,2989,1055,1934,0,0,0,1.0,1,1.0,1,1.0,1,0.18914601183277444,52
1334,0,2989,1055,1934,0,0,0,1.0,1,1.0,1,1.0,1,0.20252402918649193,54
1335,1,2990,1056,1934,0,0,0,1.0,1,1.0,1,1.0,1,0.24103576078336458,54
1336,2,2992,1056,1936,0,0,0,1.0,1,1.0,1,1.0,1,0.20901327758893204,56
1337,2,2994,1057,1937,0,0,0,1.0,1,1.0,1,1.0,1,0.2219763644160498,57
1338,8,3002,1058,1944,0,0,0,1.0,1,1.0,1,1.0,1,0.2239315998874894,57
1339,4,3006,1059,1947,0,0,0,1.0,1,1.0,1,1.0,1,0.22614898716453602,58
1340,5,3011,1060,1951,0,0,0,1.0,1,1.0,1,1.0,1,0.2449939210694431,59
1341,2,3013,1061,1952,0,0,0,1.0,1,1.0,1,1.0,1,0.23143116212067685,57
1342,6,3019,1063,1956,0,0,0,1.0,1,1.0,1,1.0,1,0.25581124493483276,57
1343,7,3026,1065,1961,0,0,0,1.0,1,1.0,1,1.0,1,0.2359488454717629,55
1344,2,3028,1066,1962,0,0,0,1.0,1,1.0,1,1.0,1,0.19793702765323962,54
1345,0,3028,1066,1962,0,0,0,1.0,1,1.0,1,1.0,1,0.1929001181723934,53
1346,1,3029,1067,1962,0,0,0,1.0,1,1.0,1,1.0,1,0.2227747741089404,53
1347,0,3029,1067,1962,0,0,0,1.0,1,1.0,1,1.0,1,0.21895868084697181,51
1348,2,3031,1068,1963,0,0,0,1.0,1,1.0,1,1.0,1,0.22930263820312088,52
1349,0,3031,1068,1963,0,0,0,1.0,1,1.0,1,1.0,1,0.23473242733203942,50
1350,0,3031,1068,1963,0,0,0,1.0,1,1.0,1,1.0,1,0.2308020413533932,51
1351,4,3035,1068,1967,0,0,0,1.0,1,1.0,1,1.0,1,0.15121996183040723,50
1352,1,3036,1069,1967,0,0,0,1.0,1,1.0,1,1.0,1,0.13772606909615664,50
1353,1,3037,1070,1967,0,0,0,1.0,1,1.0,1,1.0,1,0.14377370221022195,50
1354,0,3037,1070,1967,0,0,0,1.0,1,1.0,1,1.0,1,0.16016740753779166,51
1355,3,3040,1072,1968,0,0,0,1.0,1,1.0,1,1.0,1,0.15385559100245366,53
1356,2,3042,1073,1969,0,0,0,1.0,1,1.0,1,1.0,1,0.16729594198545908,52
1357,1,3043,1073,1970,0,0,0,1.0,1,1.0,1,1.0,1,0.17766376163071373,52
1358,0,3043,1073,1970,0,0,0,1.0,1,1.0,1,1.0,1,0.18031225193266456,53
1359,4,3047,1075,1972,0,0,0,1.0,1,1.0,1,1.0,1,0.21484682711544872,54
1360,1,3048,1076,1972,0,0,0,1.0,1,1.0,1,1.0,1,0.2262113295655245,55
1361,1,3049,1077,1972,0,0,0,1.0,1,1.0,1,1.0,1,0.22901738469209595,55
1362,0,3049,1077,1972,0,0,0,1.0,1,1.0,1,1.0,1,0.20658789611289638,56
1363,0,3049,1077,1972,0,0,0,1.0,1,1.0,1,1.0,1,0.20658789611289638,56
1364,0,3049,1077,1972,0,0,0,1.0,1,1.0,1,1.0,1,0.20099752849782063,55
1365,4,3053,1078,1975,0,0,0,1.0,1,1.0,1,1.0,1,0.16612911679961181,56
1366,1,3054,1079,1975,0,0,0,1.0,1,1.0,1,1.0,1,0.18848083540280022,57
1367,3,3057,1080,1977,0,0,0,1.0,1,1.0,1,1.0,1,0.18373384902414636,57
1368,1,3058,1080,1978,0,0,0,1.0,1,1.0,1,1.0,1,0.18851488578355546,58
1369,3,3061,1081,1980,0,0,0,1.0,1,1.0,1,1.0,1,0.1960433238073093,59
1370,3,3064,1082,1982,0,0,0,1.0,1,1.0,1,1.0,1,0.17177307972486014,60
1371,2,3066,1082,1984,0,0,0,1.0,1,1.0,1,1.0,1,0.18016770994808814,59
1372,5,3071,1084,1987,0,0,0,1.0,1,1.0,1,1.0,1,0.20758186219791566,59
1373,2,3073,1085,1988,0,0,0,1.0,1,1.0,1,1.0,1,0.18009149801961136,59
1374,0,3073,1085,1988,0,0,0,1.0,1,1.0,1,1.0,1,0.18009149801961136,59
1375,2,3075,1085,1990,0,0,0,1.0,1,1.0,1,1.0,1,0.2040415730904842,62
1376,5,3080,1087,1993,0,0,0,1.0,1,1.0,1,1.0,1,0.24390500004905977,61
1377,4,3084,1088,1996,0,0,0,1.0,1,1.0,1,1.0,1,0.24105012647102972,63
1378,4,3088,1091,1997,0,0,0,1.0,1,1.0,1,1.0,1,0.2819162098734304,62
1379,12,3100,1093,2007,0,0,0,1.0,1,1.0,1,1.0,1,0.27838939591810646,61
1380,2,3102,1093,2009,0,0,0,1.0,1,1.0,1,1.0,1,0.26989302871818277,60
1381,5,3107,1094,2013,0,0,0,1.0,1,1.0,1,1.0,1,0.24523478181532327,58
1382,4,3111,1096,2015,0,0,0,1.0,1,1.0,1,1.0,1,0.2235072042304096,56
1383,2,3113,1097,2016,0,0,0,1.0,1,1.0,1,1.0,1,0.20068494831343398,57
1384,2,3115,1098,2017,0,0,0,1.0,1,1.0,1,1.0,1,0.16544937291626752,55
1385,2,3117,1099,2018,0,0,0,1.0,1,1.0,1,1.0,1,0.20076629285320027,55
1386,2,3119,1101,2018,0,0,0,1.0,1,1.0,1,1.0,1,0.1875937649118644,54
1387,1,3120,1102,2018,0,0,0,1.0,1,1.0,1,1.0,1,0.20440461107145697,53
1388,3,3123,1105,2018,0,0,0,1.0,1,1.0,1,1.0,1,0.251352839857472,52
1389,2,3125,1105,2020,0,0,0,1.0,1,1.0,1,1.0,1,0.2506149901849182,52
1390,0,3125,1105,2020,0,0,0,1.0,1,1.0,1,1.0,1,0.25192017504257735,51
1391,0,3125,1105,2020,0,0,0,1.0,1,1.0,1,1.0,1,0.2639553785825366,52
1392,1,3126,1106,2020,0,0,0,1.0,1,1.0,1,1.0,1,0.27071739094827235,51
1393,2,3128,1107,2021,0,0,0,1.0,1,1.0,1,1.0,1,0.2615981067759329,51
1394,1,3129,1107,2022,0,0,0,1.0,1,1.0,1,1.0,1,0.28142404338076626,52
1395,2,3131,1107,2024,0,0,0,1.0,1,1.0,1,1.0,1,0.28142404338076626,52
1396,4,3135,1108,2027,0,0,0,1.0,1,1.0,1,1.0,1,0.24898015530162573,53
1397,1,3136,1108,2028,0,0,0,1.0,1,1.0,1,1.0,1,0.2357125643116323,56
1398,2,3138,1109,2029,0,0,0,1.0,1,1.0,1,1.0,1,0.24742883864174772,56
1399,3,3141,1111,2030,0,0,0,1.0,1,1.0,1,1.0,1,0.2594855866781478,57
1400,0,3141,1111,2030,0,0,0,1.0,1,1.0,1,1.0,1,0.2594855866781478,57
1401,0,3141,1111,2030,0,0,0,1.0,1,1.0,1,1.0,1,0.2594855866781478,57
1402,3,3144,1114,2030,0,0,0,1.0,1,1.0,1,1.0,1,0.2881069877416162,57
1403,1,3145,1114,2031,0,0,0,1.0,1,1.0,1,1.0,1,0.2802586523014788,56
1404,3,3148,1114,2034,0,0,0,1.0,1,1.0,1,1.0,1,0.27446921443078803,58
1405,3,3151,1115,2036,0,0,0,1.0,1,1.0,1,1.0,1,0.319407140674972,58
1406,2,3153,1115,2038,0,0,0,1.0,1,1.0,1,1.0,1,0.319407140674972,58
1407,2,3155,1115,2040,0,0,0,1.0,1,1.0,1,1.0,1,0.3330554964104501,57
1408,3,3158,1115,2043,0,0,0,1.0,1,1.0,1,1.0,1,0.34852114568321235,58
1409,5,3163,1115,2048,0,0,0,1.0,1,1.0,1,1.0,1,0.3131787233180684,57
1410,3,3166,1115,2051,0,0,0,1.0,1,1.0,1,1.0,1,0.31614799493732987,57
1411,8,3174,1116,2058,0,0,0,1.0,1,1.0,1,1.0,1,0.23374888446136635,56
1412,0,3174,1116,2058,0,0,0,1.0,1,1.0,1,1.0,1,0.2365353177873622,55
1413,1,3175,1116,2059,0,0,0,1.0,1,1.0,1,1.0,1,0.22724009246944088,57
1414,0,3175,1116,2059,0,0,0,1.0,1,1.0,1,1.0,1,0.22724009246944088,57
1415,1,3176,1116,2060,0,0,0,1.0,1,1.0,1,1.0,1,0.21244432582891395,60
1416,4,3180,1117,2063,0,0,0,1.0,1,1.0,1,1.0,1,0.20507332282052182,61
1417,1,3181,1117,2064,0,0,0,1.0,1,1.0,1,1.0,1,0.1892137537332966,59
1418,2,3183,1117,2066,0,0,0,1.0,1,1.0,1,1.0,1,0.169924089134357,60
1419,3,3186,1118,2068,0,0,0,1.0,1,1.0,1,1.0,1,0.1718290354928623,59
1420,4,3190,1118,2072,0,0,0,1.0,1,1.0,1,1.0,1,0.14851799198337168,58
1421,1,3191,1118,2073,0,0,0,1.0,1,1.0,1,1.0,1,0.13088872575429,57
1422,2,3193,1119,2074,0,0,0,1.0,1,1.0,1,1.0,1,0.13003844369525064,57
1423,1,3194,1120,2074,0,0,0,1.0,1,1.0,1,1.0,1,0.12019212405209001,56
1424,1,3195,1121,2074,0,0,0,1.0,1,1.0,1,1.0,1,0.13082021444187697,57
1425,3,3198,1123,2075,0,0,0,1.0,1,1.0,1,1.0,1,0.15892959376840568,54
1426,2,3200,1125,2075,0,0,0,1.0,1,1.0,1,1.0,1,0.20587978539786866,54
1427,2,3202,1127,2075,0,0,0,1.0,1,1.0,1,1.0,1,0.2655414461211801,53
1428,0,3202,1127,2075,0,0,0,1.0,1,1.0,1,1.0,1,0.2583660471825871,52
1429,0,3202,1127,2075,0,0,0,1.0,1,1.0,1,1.0,1,0.2583660471825871,52
1430,5,3207,1130,2077,0,0,0,1.0,1,1.0,1,1.0,1,0.2689677947713594,51
1431,1,3208,1130,2078,0,0,0,1.0,1,1.0,1,1.0,1,0.2529894156973732,51
1432,4,3212,1133,2079,0,0,0,1.0,1,1.0,1,1.0,1,0.2757156491488263,52
1433,3,3215,1134,2081,0,0,0,1.0,1,1.0,1,1.0,1,0.28194391238235667,52
1434,3,3218,1136,2082,0,0,0,1.0,1,1.0,1,1.0,1,0.2324526782336837,52
1435,3,3221,1138,2083,0,0,0,1.0,1,1.0,1,1.0,1,0.2583958381448304,50
1436,3,3224,1140,2084,0,0,0,1.0,1,1.0,1,1.0,1,0.27531922431434913,50
1437,0,3224,1140,2084,0,0,0,1.0,1,1.0,1,1.0,1,0.29772344271263707,49
1438,3,3227,1143,2084,0,0,0,1.0,1,1.0,1,1.0,1,0.36894412147710387,49
1439,6,3233,1146,2087,0,0,0,1.0,1,1.0,1,1.0,1,0.38365807164541754,50
1440,4,3237,1150,2087,0,0,0,1.0,1,1.0,1,1.0,1,0.3818389180748919,50
1441,7,3244,1150,2094,0,0,0,1.0,1,1.0,1,1.0,1,0.27740979956770034,51
1442,3,3247,1150,2097,0,0,0,1.0,1,1.0,1,1.0,1,0.2478586999800984,50
1443,2,3249,1150,2099,0,0,0,1.0,1,1.0,1,1.0,1,0.2368531446795666,51
1444,0,3249,1150,2099,0,0,0,1.0,1,1.0,1,1.0,1,0.2368531446795666,51
1445,1,3250,1150,2100,0,0,0,1.0,1,1.0,1,1.0,1,0.2249049314788199,51
1446,0,3250,1150,2100,0,0,0,1.0,1,1.0,1,1.0,1,0.22489001026146777,51
1447,0,3250,1150,2100,0,0,0,1.0,1,1.0,1,1.0,1,0.22489001026146777,51
1448,1,3251,1151,2100,0,0,0,1.0,1,1.0,1,1.0,1,0.21045401121175336,51
1449,1,3252,1151,2101,0,0,0,1.0,1,1.0,1,1.0,1,0.20151167517085333,51
1450,1,3253,1151,2102,0,0,0,1.0,1,1.0,1,1.0,1,0.1904023308093156,52
1451,2,3255,1151,2104,0,0,0,1.0,1,1.0,1,1.0,1,0.15256912909878134,54
1452,0,3255,1151,2104,0,0,0,1.0,1,1.0,1,1.0,1,0.17863798088855848,56
1453,2,3257,1152,2105,0,0,0,1.0,1,1.0,1,1.0,1,0.17211154594462869,56
1454,3,3260,1152,2108,0,0,0,1.0,1,1.0,1,1.0,1,0.17590055683202066,58
1455,6,3266,1154,2112,0,0,0,1.0,1,1.0,1,1.0,1,0.21817787020309198,55
1456,5,3271,1155,2116,0,0,0,1.0,1,1.0,1,1.0,1,0.226831515928189,56
1457,3,3274,1156,2118,0,0,0,1.0,1,1.0,1,1.0,1,0.2721127959467991,54
1458,5,3279,1158,2121,0,0,0,1.0,1,1.0,1,1.0,1,0.2842753531661104,52
1459,3,3282,1159,2123,0,0,0,1.0,1,1.0,1,1.0,1,0.2817840150835203,52
1460,3,3285,1159,2126,0,0,0,1.0,1,1.0,1,1.0,1,0.24300890743706416,50
1461,5,3290,1160,2130,0,0,0,1.0,1,1.0,1,1.0,1,0.2612279970866622,53
1462,5,3295,1162,2133,0,0,0,1.0,1,1.0,1,1.0,1,0.28334177950668493,51
1463,1,3296,1163,2133,0,0,0,1.0,1,1.0,1,1.0,1,0.2799301457300607,51
1464,3,3299,1166,2133,0,0,0,1.0,1,1.0,1,1.0,1,0.3352321779321798,51
1465,1,3300,1167,2133,0,0,0,1.0,1,1.0,1,1.0,1,0.33084356149494554,49
1466,3,3303,1169,2134,0,0,0,1.0,1,1.0,1,1.0,1,0.33233184006409067,49
1467,2,3305,1170,2135,0,0,0,1.0,1,1.0,1,1.0,1,0.3498199797771615,47
1468,1,3306,1171,2135,0,0,0,1.0,1,1.0,1,1.0,1,0.32197516078750626,48
1469,1,3307,1171,2136,0,0,0,1.0,1,1.0,1,1.0,1,0.3140005348861139,47
1470,2,3309,1171,2138,0,0,0,1.0,1,1.0,1,1.0,1,0.28947738704364867,49
1471,5,3314,1171,2143,0,0,0,1.0,1,1.0,1,1.0,1,0.2028458433457084,48
1472,2,3316,1171,2145,0,0,0,1.0,1,1.0,1,1.0,1,0.17544319716262322,48
1473,0,3316,1171,2145,0,0,0,1.0,1,1.0,1,1.0,1,0.1858520119349559,49
1474,0,3316,1171,2145,0,0,0,1.0,1,1.0,1,1.0,1,0.1858520119349559,49
1475,2,3318,1171,2147,0,0,0,1.0,1,1.0,1,1.0,1,0.14522467182558316,49
1476,1,3319,1172,2147,0,0,0,1.0,1,1.0,1,1.0,1,0.1608772280049442,51
1477,0,3319,1172,2147,0,0,0,1.0,1,1.0,1,1.0,1,0.1608772280049442,51
1478,0,3319,1172,2147,0,0,0,1.0,1,1.0,1,1.0,1,0.14667770243122247,52
1479,0,3319,1172,2147,0,0,0,1.0,1,1.0,1,1.0,1,0.16094600302874876,53
1480,1,3320,1173,2147,0,0,0,1.0,1,1.0,1,1.0,1,0.17583523811312227,53
1481,0,3320,1173,2147,0,0,0,1.0,1,1.0,1,1.0,1,0.17583523811312227,53
1482,2,3322,1174,2148,0,0,0,1.0,1,1.0,1,1.0,1,0.21473969995887415,52
1483,0,3322,1174,2148,0,0,0,1.0,1,1.0,1,1.0,1,0.21473969995887415,52
1484,0,3322,1174,2148,0,0,0,1.0,1,1.0,1,1.0,1,0.25014646389605416,53
1485,0,3322,1174,2148,0,0,0,1.0,1,1.0,1,1.0,1,0.25014646389605416,53
1486,1,3323,1174,2149,0,0,0,1.0,1,1.0,1,1.0,1,0.2654948490623155,54
1487,3,3326,1177,2149,0,0,0,1.0,1,1.0,1,1.0,1,0.26429941708637766,55
1488,4,3330,1178,2152,0,0,0,1.0,1,1.0,1,1.0,1,0.24469699300201778,57
1489,5,3335,1181,2154,0,0,0,1.0,1,1.0,1,1.0,1,0.21850735853038372,58
1490,4,3339,1183,2156,0,0,0,1.0,1,1.0,1,1.0,1,0.21464400082872795,58
1491,3,3342,1185,2157,0,0,0,1.0,1,1.0,1,1.0,1,0.24703279804990924,59
1492,3,3345,1187,2158,0,0,0,1.0,1,1.0,1,1.0,1,0.2555715431927257,59
1493,4,3349,1187,2162,0,0,0,1.0,1,1.0,1,1.0,1,0.1739059326714444,58
1494,1,3350,1188,2162,0,0,0,1.0,1,1.0,1,1.0,1,0.20348710327919015,58
1495,1,3351,1189,2162,0,0,0,1.0,1,1.0,1,1.0,1,0.2205809976523726,57
1496,2,3353,1189,2164,0,0,0,1.0,1,1.0,1,1.0,1,0.21343550579033355,59
1497,2,3355,1189,2166,0,0,0,1.0,1,1.0,1,1.0,1,0.22248495015325287,58
1498,3,3358,1190,2168,0,0,0,1.0,1,1.0,1,1.0,1,0.24451611051889766,58
1499,2,3360,1190,2170,0,0,0,1.0,1,1.0,1,1.0,1,0.19417894128335514,56
1500,3,3363,1191,2172,0,0,0,1.0,1,1.0,1,1.0,1,0.2043611183099272,57
1501,3,3366,1192,2174,0,0,0,1.0,1,1.0,1,1.0,1,0.17582579809964216,55
1502,3,3369,1195,2174,0,0,0,1.0,1,1.0,1,1.0,1,0.22084806798324783,55
1503,3,3372,1196,2176,0,0,0,1.0,1,1.0,1,1.0,1,0.21176345722409778,54
1504,2,3374,1197,2177,0,0,0,1.0,1,1.0,1,1.0,1,0.189673314087602,55
1505,1,3375,1198,2177,0,0,0,1.0,1,1.0,1,1.0,1,0.1583181100677538,53
1506,1,3376,1198,2178,0,0,0,1.0,1,1.0,1,1.0,1,0.1593387260771038,55
1507,0,3376,1198,2178,0,0,0,1.0,1,1.0,1,1.0,1,0.17232536919736263,53
1508,4,3380,1202,2178,0,0,0,1.0,1,1.0,1,1.0,1,0.23007109111311186,53
1509,1,3381,1202,2179,0,0,0,1.0,1,1.0,1,1.0,1,0.19802080381456397,52
1510,2,3383,1204,2179,0,0,0,1.0,1,1.0,1,1.0,1,0.24232466781831632,50
1511,1,3384,1205,2179,0,0,0,1.0,1,1.0,1,1.0,1,0.26699509497692325,49
1512,4,3388,1208,2180,0,0,0,1.0,1,1.0,1,1.0,1,0.31253301304111397,48
1513,0,3388,1208,2180,0,0,0,1.0,1,1.0,1,1.0,1,0.3411321891344371,47
1514,1,3389,1209,2180,0,0,0,1.0,1,1.0,1,1.0,1,0.33212987602248684,48
1515,0,3389,1209,2180,0,0,0,1.0,1,1.0,1,1.0,1,0.33212987602248684,48
1516,2,3391,1210,2181,0,0,0,1.0,1,1.0,1,1.0,1,0.3174690292205749,47
1517,2,3393,1210,2183,0,0,0,1.0,1,1.0,1,1.0,1,0.3172692157202653,48
1518,2,3395,1211,2184,0,0,0,1.0,1,1.0,1,1.0,1,0.30954388036188596,48
1519,1,3396,1211,2185,0,0,0,1.0,1,1.0,1,1.0,1,0.32000875468639645,47
1520,3,3399,1214,2185,0,0,0,1.0,1,1.0,1,1.0,1,0.3688835430165976,48
1521,2,3401,1214,2187,0,0,0,1.0,1,1.0,1,1.0,1,0.3296207901284057,49
1522,1,3402,1215,2187,0,0,0,1.0,1,1.0,1,1.0,1,0.34481527652792865,48
1523,3,3405,1216,2189,0,0,0,1.0,1,1.0,1,1.0,1,0.3713257144368674,49
1524,1,3406,1216,2190,0,0,0,1.0,1,1.0,1,1.0,1,0.3692557322740255,49
1525,0,3406,1216,2190,0,0,0,1.0,1,1.0,1,1.0,1,0.3775253281073779,51
1526,0,3406,1216,2190,0,0,0,1.0,1,1.0,1,1.0,1,0.3698443996318972,52
1527,3,3409,1217,2192,0,0,0,1.0,1,1.0,1,1.0,1,0.3156403664957094,54
1528,0,3409,1217,2192,0,0,0,1.0,1,1.0,1,1.0,1,0.3156403664957094,54
1529,0,3409,1217,2192,0,0,0,1.0,1,1.0,1,1.0,1,0.3156403664957094,54
1530,2,3411,1217,2194,0,0,0,1.0,1,1.0,1,1.0,1,0.3275070289804286,54
1531,9,3420,1217,2203,0,0,0,1.0,1,1.0,1,1.0,1,0.17387253568692113,54
1532,3,3423,1218,2205,0,0,0,1.0,1,1.0,1,1.0,1,0.1444603446095343,54
1533,0,3423,1218,2205,0,0,0,1.0,1,1.0,1,1.0,1,0.14887859456050676,54
1534,0,3423,1218,2205,0,0,0,1.0,1,1.0,1,1.0,1,0.14887859456050676,54
1535,1,3424,1218,2206,0,0,0,1.0,1,1.0,1,1.0,1,0.14030244959814173,54
1536,1,3425,1218,2207,0,0,0,1.0,1,1.0,1,1.0,1,0.13867241438453295,55
1537,0,3425,1218,2207,0,0,0,1.0,1,1.0,1,1.0,1,0.1543901262846306,53
1538,0,3425,1218,2207,0,0,0,1.0,1,1.0,1,1.0,1,0.16548795329621557,54
1539,0,3425,1218,2207,0,0,0,1.0,1,1.0,1,1.0,1,0.1966380816315365,54
1540,1,3426,1219,2207,0,0,0,1.0,1,1.0,1,1.0,1,0.20334374386779694,54
1541,1,3427,1220,2207,0,0,0,1.0,1,1.0,1,1.0,1,0.2023205629475748,54
1542,4,3431,1222,2209,0,0,0,1.0,1,1.0,1,1.0,1,0.24993337012441716,57
1543,4,3435,1225,2210,0,0,0,1.0,1,1.0,1,1.0,1,0.2623567551601656,55
1544,3,3438,1227,2211,0,0,0,1.0,1,1.0,1,1.0,1,0.2738362648214485,54
1545,3,3441,1228,2213,0,0,0,1.0,1,1.0,1,1.0,1,0.24413145996426905,54
1546,3,3444,1230,2214,0,0,0,1.0,1,1.0,1,1.0,1,0.2376620380880695,53
1547,6,3450,1234,2216,0,0,0,1.0,1,1.0,1,1.0,1,0.22777250691452372,53
1548,4,3454,1237,2217,0,0,0,1.0,1,1.0,1,1.0,1,0.22154820485473972,54
1549,2,3456,1239,2217,0,0,0,1.0,1,1.0,1,1.0,1,0.22094496468259844,52
1550,3,3459,1241,2218,0,0,0,1.0,1,1.0,1,1.0,1,0.20057177903709852,52
1551,8,3467,1245,2222,0,0,0,1.0,1,1.0,1,1.0,1,0.20392998854425423,52
1552,3,3470,1247,2223,0,0,0,1.0,1,1.0,1,1.0,1,0.20273513724173542,51
1553,6,3476,1250,2226,0,0,0,1.0,1,1.0,1,1.0,1,0.23206090213212952,51
1554,5,3481,1253,2228,0,0,0,1.0,1,1.0,1,1.0,1,0.22803740620815088,51
1555,3,3484,1254,2230,0,0,0,1.0,1,1.0,1,1.0,1,0.23882677319184215,50
1556,1,3485,1255,2230,0,0,0,1.0,1,1.0,1,1.0,1,0.22927528914021697,51
1557,3,3488,1258,2230,0,0,0,1.0,1,1.0,1,1.0,1,0.27038221052769634,51
1558,4,3492,1259,2233,0,0,0,1.0,1,1.0,1,1.0,1,0.2643670770158963,52
1559,3,3495,1261,2234,0,0,0,1.0,1,1.0,1,1.0,1,0.23346663227160427,53
1560,1,3496,1262,2234,0,0,0,1.0,1,1.0,1,1.0,1,0.257302345102991,51
1561,11,3507,1263,2244,0,0,0,1.0,1,1.0,1,1.0,1,0.17664352124255045,51
1562,1,3508,1263,2245,0,0,0,1.0,1,1.0,1,1.0,1,0.18694849262257718,52
1563,2,3510,1263,2247,0,0,0,1.0,1,1.0,1,1.0,1,0.18694849262257718,52
1564,2,3512,1263,2249,0,0,0,1.0,1,1.0,1,1.0,1,0.2144250056880448,51
1565,3,3515,1264,2251,0,0,0,1.0,1,1.0,1,1.0,1,0.20361135916017317,53
1566,2,3517,1264,2253,0,0,0,1.0,1,1.0,1,1.0,1,0.23211518594903527,53
1567,4,3521,1264,2257,0,0,0,1.0,1,1.0,1,1.0,1,0.22762416405702962,52
1568,4,3525,1265,2260,0,0,0,1.0,1,1.0,1,1.0,1,0.2650349807294215,52
1569,3,3528,1265,2263,0,0,0,1.0,1,1.0,1,1.0,1,0.24347851306177448,49
1570,0,3528,1265,2263,0,0,0,1.0,1,1.0,1,1.0,1,0.2354651955665104,48
1571,2,3530,1266,2264,0,0,0,1.0,1,1.0,1,1.0,1,0.24209035841469664,46
1572,1,3531,1267,2264,0,0,0,1.0,1,1.0,1,1.0,1,0.27163448283087965,47
1573,2,3533,1268,2265,0,0,0,1.0,1,1.0,1,1.0,1,0.2802364722104272,48
1574,3,3536,1270,2266,0,0,0,1.0,1,1.0,1,1.0,1,0.36929570509397075,46
1575,3,3539,1272,2267,0,0,0,1.0,1,1.0,1,1.0,1,0.4038144688629306,47
1576,7,3546,1276,2270,0,0,0,1.0,1,1.0,1,1.0,1,0.41242791437886434,46
1577,3,3549,1276,2273,0,0,0,1.0,1,1.0,1,1.0,1,0.41957630101819937,45
1578,1,3550,1276,2274,0,0,0,1.0,1,1.0,1,1.0,1,0.41836376441003803,44
1579,3,3553,1276,2277,0,0,0,1.0,1,1.0,1,1.0,1,0.3761634987333078,43
1580,3,3556,1276,2280,0,0,0,1.0,1,1.0,1,1.0,1,0.31119080351940753,43
1581,3,3559,1276,2283,0,0,0,1.0,1,1.0,1,1.0,1,0.33884609383663505,42
1582,5,3564,1276,2288,0,0,0,1.0,1,1.0,1,1.0,1,0.3285738283649633,42
1583,4,3568,1278,2290,0,0,0,1.0,1,1.0,1,1.0,1,0.33252059882521395,43
1584,6,3574,1279,2295,0,0,0,1.0,1,1.0,1,1.0,1,0.31450961984374004,41
1585,7,3581,1282,2299,0,0,0,1.0,1,1.0,1,1.0,1,0.33838275296692416,43
1586,2,3583,1283,2300,0,0,0,1.0,1,1.0,1,1.0,1,0.337305343782427,42
1587,4,3587,1285,2302,0,0,0,1.0,1,1.0,1,1.0,1,0.4002509010089636,42
1588,8,3595,1289,2306,0,0,0,1.0,1,1.0,1,1.0,1,0.47135297062476184,42
1589,6,3601,1289,2312,0,0,0,1.0,1,1.0,1,1.0,1,0.39894202461664224,42
1590,5,3606,1289,2317,0,0,0,1.0,1,1.0,1,1.0,1,0.374189827099749,41
1591,7,3613,1289,2324,0,0,0,1.0,1,1.0,1,1.0,1,0.2080750038485678,40
1592,1,3614,1289,2325,0,0,0,1.0,1,1.0,1,1.0,1,0.20835339208591028,39
1593,1,3615,1289,2326,0,0,0,1.0,1,1.0,1,1.0,1,0.18624306846896288,39
1594,0,3615,1289,2326,0,0,0,1.0,1,1.0,1,1.0,1,0.21110126607062343,39
1595,4,3619,1291,2328,0,0,0,1.0,1,1.0,1,1.0,1,0.21420364942421538,42
1596,0,3619,1291,2328,0,0,0,1.0,1,1.0,1,1.0,1,0.22784816999826868,41
1597,2,3621,1292,2329,0,0,0,1.0,1,1.0,1,1.0,1,0.2290616287003082,41
1598,1,3622,1292,2330,0,0,0,1.0,1,1.0,1,1.0,1,0.2519441924573989,39
1599,0,3622,1292,2330,0,0,0,1.0,1,1.0,1,1.0,1,0.2519441924573989,39
1600,1,3623,1292,2331,0,0,0,1.0,1,1.0,1,1.0,1,0.25524861594071285,40
1601,3,3626,1294,2332,0,0,0,1.0,1,1.0,1,1.0,1,0.26051126849238476,41
1602,2,3628,1294,2334,0,0,0,1.0,1,1.0,1,1.0,1,0.20590850606826297,41
1603,3,3631,1295,2336,0,0,0,1.0,1,1.0,1,1.0,1,0.24359960180162707,43
1604,0,3631,1295,2336,0,0,0,1.0,1,1.0,1,1.0,1,0.24359960180162707,43
1605,1,3632,1296,2336,0,0,0,1.0,1,1.0,1,1.0,1,0.26102277111392774,44
1606,1,3633,1297,2336,0,0,0,1.0,1,1.0,1,1.0,1,0.2781229816372071,44
1607,0,3633,1297,2336,0,0,0,1.0,1,1.0,1,1.0,1,0.27955866711939065,42
1608,1,3634,1298,2336,0,0,0,1.0,1,1.0,1,1.0,1,0.26869908574637014,41
1609,1,3635,1299,2336,0,0,0,1.0,1,1.0,1,1.0,1,0.26901921576631194,39
1610,2,3637,1300,2337,0,0,0,1.0,1,1.0,1,1.0,1,0.2406578449324227,39
1611,2,3639,1300,2339,0,0,0,1.0,1,1.0,1,1.0,1,0.23793505662054198,40
1612,1,3640,1301,2339,0,0,0,1.0,1,1.0,1,1.0,1,0.214499140493202,39
1613,1,3641,1301,2340,0,0,0,1.0,1,1.0,1,1.0,1,0.23404317634425234,41
1614,2,3643,1302,2341,0,0,0,1.0,1,1.0,1,1.0,1,0.2316689089455243,41
1615,3,3646,1302,2344,0,0,0,1.0,1,1.0,1,1.0,1,0.2149129254587314,41
1616,3,3649,1302,2347,0,0,0,1.0,1,1.0,1,1.0,1,0.26541517048481317,43
1617,2,3651,1303,2348,0,0,0,1.0,1,1.0,1,1.0,1,0.229164898795705,44
1618,2,3653,1303,2350,0,0,0,1.0,1,1.0,1,1.0,1,0.229164898795705,44
1619,1,3654,1303,2351,0,0,0,1.0,1,1.0,1,1.0,1,0.26651361238484095,44
1620,4,3658,1305,2353,0,0,0,1.0,1,1.0,1,1.0,1,0.32599669361207456,45
1621,2,3660,1305,2355,0,0,0,1.0,1,1.0,1,1.0,1,0.2789002140117197,44
1622,2,3662,1307,2355,0,0,0,1.0,1,1.0,1,1.0,1,0.31878382249122394,44
1623,2,3664,1307,2357,0,0,0,1.0,1,1.0,1,1.0,1,0.29104941652279415,43
1624,0,3664,1307,2357,0,0,0,1.0,1,1.0,1,1.0,1,0.26495147990828494,43
1625,3,3667,1309,2358,0,0,0,1.0,1,1.0,1,1.0,1,0.2770906051984406,43
1626,2,3669,1310,2359,0,0,0,1.0,1,1.0,1,1.0,1,0.2842122076707517,42
1627,0,3669,1310,2359,0,0,0,1.0,1,1.0,1,1.0,1,0.2839730893682968,42
1628,4,3673,1312,2361,0,0,0,1.0,1,1.0,1,1.0,1,0.2680069297478769,42
1629,0,3673,1312,2361,0,0,0,1.0,1,1.0,1,1.0,1,0.2656918798748655,41
1630,2,3675,1314,2361,0,0,0,1.0,1,1.0,1,1.0,1,0.29889797884471625,41
1631,2,3677,1315,2362,0,0,0,1.0,1,1.0,1,1.0,1,0.31613476279929154,40
1632,0,3677,1315,2362,0,0,0,1.0,1,1.0,1,1.0,1,0.3129846980240323,39
1633,1,3678,1316,2362,0,0,0,1.0,1,1.0,1,1.0,1,0.32056735309415646,39
1634,1,3679,1316,2363,0,0,0,1.0,1,1.0,1,1.0,1,0.29066478193547685,39
1635,1,3680,1316,2364,0,0,0,1.0,1,1.0,1,1.0,1,0.2743702343729991,40
1636,4,3684,1317,2367,0,0,0,1.0,1,1.0,1,1.0,1,0.22879121399431984,41
1637,1,3685,1318,2367,0,0,0,1.0,1,1.0,1,1.0,1,0.27383679741295003,41
1638,3,3688,1320,2368,0,0,0,1.0,1,1.0,1,1.0,1,0.3081004712226901,42
1639,2,3690,1320,2370,0,0,0,1.0,1,1.0,1,1.0,1,0.28282390672276353,43
1640,1,3691,1320,2371,0,0,0,1.0,1,1.0,1,1.0,1,0.2674251089720876,43
1641,1,3692,1320,2372,0,0,0,1.0,1,1.0,1,1.0,1,0.26923274641957634,44
1642,8,3700,1323,2377,0,0,0,1.0,1,1.0,1,1.0,1,0.30035196738329933,45
1643,6,3706,1324,2382,0,0,0,1.0,1,1.0,1,1.0,1,0.30952292043151425,44
1644,2,3708,1326,2382,0,0,0,1.0,1,1.0,1,1.0,1,0.327198453061896,45
1645,1,3709,1326,2383,0,0,0,1.0,1,1.0,1,1.0,1,0.3244733053272354,44
1646,4,3713,1327,2386,0,0,0,1.0,1,1.0,1,1.0,1,0.38252723174326914,43
1647,3,3716,1328,2388,0,0,0,1.0,1,1.0,1,1.0,1,0.35181740340158185,43
1648,2,3718,1328,2390,0,0,0,1.0,1,1.0,1,1.0,1,0.3646345518347152,42
1649,1,3719,1328,2391,0,0,0,1.0,1,1.0,1,1.0,1,0.35551664492761964,41
1650,1,3720,1328,2392,0,0,0,1.0,1,1.0,1,1.0,1,0.3547510615520347,41
1651,7,3727,1329,2398,0,0,0,1.0,1,1.0,1,1.0,1,0.2961726635726616,40
1652,2,3729,1329,2400,0,0,0,1.0,1,1.0,1,1.0,1,0.24645953422986405,39
1653,1,3730,1329,2401,0,0,0,1.0,1,1.0,1,1.0,1,0.2940420554626796,39
1654,1,3731,1329,2402,0,0,0,1.0,1,1.0,1,1.0,1,0.2726003315270778,39
1655,1,3732,1330,2402,0,0,0,1.0,1,1.0,1,1.0,1,0.31507091181487556,40
1656,3,3735,1331,2404,0,0,0,1.0,1,1.0,1,1.0,1,0.3091096449106333,40
1657,0,3735,1331,2404,0,0,0,1.0,1,1.0,1,1.0,1,0.3091096449106333,40
1658,2,3737,1331,2406,0,0,0,1.0,1,1.0,1,1.0,1,0.30443160431263017,40
1659,2,3739,1332,2407,0,0,0,1.0,1,1.0,1,1.0,1,0.2836553584370931,40
1660,1,3740,1333,2407,0,0,0,1.0,1,1.0,1,1.0,1,0.2920499569516981,41
1661,3,3743,1334,2409,0,0,0,1.0,1,1.0,1,1.0,1,0.3174732108960392,42
1662,4,3747,1336,2411,0,0,0,1.0,1,1.0,1,1.0,1,0.2690166096964657,44
1663,2,3749,1337,2412,0,0,0,1.0,1,1.0,1,1.0,1,0.22903812540238683,43
1664,4,3753,1339,2414,0,0,0,1.0,1,1.0,1,1.0,1,0.21470613263840013,42
1665,0,3753,1339,2414,0,0,0,1.0,1,1.0,1,1.0,1,0.20470210222776025,42
1666,4,3757,1342,2415,0,0,0,1.0,1,1.0,1,1.0,1,0.2477745475641827,43
1667,2,3759,1344,2415,0,0,0,1.0,1,1.0,1,1.0,1,0.22241455846290953,40
1668,1,3760,1344,2416,0,0,0,1.0,1,1.0,1,1.0,1,0.2225361670891228,40
1669,3,3763,1347,2416,0,0,0,1.0,1,1.0,1,1.0,1,0.2506045847835656,40
1670,2,3765,1348,2417,0,0,0,1.0,1,1.0,1,1.0,1,0.2814114167866522,39
1671,3,3768,1350,2418,0,0,0,1.0,1,1.0,1,1.0,1,0.2548011084061357,39
1672,2,3770,1350,2420,0,0,0,1.0,1,1.0,1,1.0,1,0.21203055998095324,38
1673,0,3770,1350,2420,0,0,0,1.0,1,1.0,1,1.0,1,0.21203055998095324,38
1674,2,3772,1352,2420,0,0,0,1.0,1,1.0,1,1.0,1,0.20773956077346076,38
1675,3,3775,1353,2422,0,0,0,1.0,1,1.0,1,1.0,1,0.2414891260520681,39
1676,3,3778,1354,2424,0,0,0,1.0,1,1.0,1,1.0,1,0.2540679165624727,39
1677,0,3778,1354,2424,0,0,0,1.0,1,1.0,1,1.0,1,0.2619016132508828,40
1678,0,3778,1354,2424,0,0,0,1.0,1,1.0,1,1.0,1,0.25043310094472315,39
1679,0,3778,1354,2424,0,0,0,1.0,1,1.0,1,1.0,1,0.25043310094472315,39
1680,2,3780,1354,2426,0,0,0,1.0,1,1.0,1,1.0,1,0.23754316299491784,40
1681,1,3781,1354,2427,0,0,0,1.0,1,1.0,1,1.0,1,0.23413207888932194,41
1682,0,3781,1354,2427,0,0,0,1.0,1,1.0,1,1.0,1,0.21994176548684494,40
1683,3,3784,1355,2429,0,0,0,1.0,1,1.0,1,1.0,1,0.18447192633074827,43
1684,4,3788,1358,2430,0,0,0,1.0,1,1.0,1,1.0,1,0.230466906926941,42
1685,4,3792,1360,2432,0,0,0,1.0,1,1.0,1,1.0,1,0.18060150152310747,41
1686,0,3792,1360,2432,0,0,0,1.0,1,1.0,1,1.0,1,0.1988735472648496,39
1687,6,3798,1364,2434,0,0,0,1.0,1,1.0,1,1.0,1,0.21842592870623312,41
1688,4,3802,1366,2436,0,0,0,1.0,1,1.0,1,1.0,1,0.26566116588022376,39
1689,1,3803,1367,2436,0,0,0,1.0,1,1.0,1,1.0,1,0.22400825223738804,37
1690,0,3803,1367,2436,0,0,0,1.0,1,1.0,1,1.0,1,0.22595149979593834,36
1691,2,3805,1368,2437,0,0,0,1.0,1,1.0,1,1.0,1,0.24960431425601837,36
1692,0,3805,1368,2437,0,0,0,1.0,1,1.0,1,1.0,1,0.27130645781522794,34
1693,1,3806,1369,2437,0,0,0,1.0,1,1.0,1,1.0,1,0.3116141329253335,33
1694,1,3807,1370,2437,0,0,0,1.0,1,1.0,1,1.0,1,0.39508462214095635,32
1695,1,3808,1370,2438,0,0,0,1.0,1,1.0,1,1.0,1,0.3802535683040288,32
1696,2,3810,1370,2440,0,0,0,1.0,1,1.0,1,1.0,1,0.3389803802515202,34
1697,1,3811,1370,2441,0,0,0,1.0,1,1.0,1,1.0,1,0.3469663160680085,34
1698,1,3812,1371,2441,0,0,0,1.0,1,1.0,1,1.0,1,0.3322273429845147,36
1699,1,3813,1372,2441,0,0,0,1.0,1,1.0,1,1.0,1,0.3605618987183705,36
1700,0,3813,1372,2441,0,0,0,1.0,1,1.0,1,1.0,1,0.37900482009929254,37
1701,1,3814,1372,2442,0,0,0,1.0,1,1.0,1,1.0,1,0.3742629638559091,39
1702,2,3816,1374,2442,0,0,0,1.0,1,1.0,1,1.0,1,0.38600924817115245,39
1703,1,3817,1375,2442,0,0,0,1.0,1,1.0,1,1.0,1,0.391497200151249,38
1704,4,3821,1378,2443,0,0,0,1.0,1,1.0,1,1.0,1,0.3861914103053294,38
1705,2,3823,1379,2444,0,0,0,1.0,1,1.0,1,1.0,1,0.38414031722745645,37
1706,8,3831,1383,2448,0,0,0,1.0,1,1.0,1,1.0,1,0.459170088371441,37
1707,5,3836,1384,2452,0,0,0,1.0,1,1.0,1,1.0,1,0.4431692420307187,36
1708,2,3838,1384,2454,0,0,0,1.0,1,1.0,1,1.0,1,0.4430943041640543,34
1709,3,3841,1385,2456,0,0,0,1.0,1,1.0,1,1.0,1,0.42872829726330697,34
1710,1,3842,1385,2457,0,0,0,1.0,1,1.0,1,1.0,1,0.45413281749002654,33
1711,5,3847,1385,2462,0,0,0,1.0,1,1.0,1,1.0,1,0.32398036183705703,32
1712,2,3849,1386,2463,0,0,0,1.0,1,1.0,1,1.0,1,0.33536886769936,31
1713,0,3849,1386,2463,0,0,0,1.0,1,1.0,1,1.0,1,0.33459903853672046,32
1714,0,3849,1386,2463,0,0,0,1.0,1,1.0,1,1.0,1,0.33459903853672046,32
1715,0,3849,1386,2463,0,0,0,1.0,1,1.0,1,1.0,1,0.33459903853672046,32
1716,1,3850,1386,2464,0,0,0,1.0,1,1.0,1,1.0,1,0.3490430984221892,34
1717,0,3850,1386,2464,0,0,0,1.0,1,1.0,1,1.0,1,0.3490430984221892,34
1718,0,3850,1386,2464,0,0,0,1.0,1,1.0,1,1.0,1,0.3723768707227502,34
1719,0,3850,1386,2464,0,0,0,1.0,1,1.0,1,1.0,1,0.3723768707227502,34
1720,0,3850,1386,2464,0,0,0,1.0,1,1.0,1,1.0,1,0.35327053562115435,34
1721,1,3851,1386,2465,0,0,0,1.0,1,1.0,1,1.0,1,0.3211295127720784,35
1722,0,3851,1386,2465,0,0,0,1.0,1,1.0,1,1.0,1,0.3253584238718657,35
1723,1,3852,1387,2465,0,0,0,1.0,1,1.0,1,1.0,1,0.3543253932581884,34
1724,3,3855,1388,2467,0,0,0,1.0,1,1.0,1,1.0,1,0.32912015899720004,33
1725,1,3856,1389,2467,0,0,0,1.0,1,1.0,1,1.0,1,0.3601532333055476,35
1726,2,3858,1389,2469,0,0,0,1.0,1,1.0,1,1.0,1,0.34701418447990606,34
1727,0,3858,1389,2469,0,0,0,1.0,1,1.0,1,1.0,1,0.34701418447990606,34
1728,0,3858,1389,2469,0,0,0,1.0,1,1.0,1,1.0,1,0.3490021067307513,35
1729,1,3859,1390,2469,0,0,0,1.0,1,1.0,1,1.0,1,0.3793063950278921,35
1730,1,3860,1391,2469,0,0,0,1.0,1,1.0,1,1.0,1,0.39228622316747547,35
1731,3,3863,1392,2471,0,0,0,1.0,1,1.0,1,1.0,1,0.40662643347096533,35
1732,2,3865,1392,2473,0,0,0,1.0,1,1.0,1,1.0,1,0.382854508111437,35
1733,3,3868,1392,2476,0,0,0,1.0,1,1.0,1,1.0,1,0.33475828892597836,33
1734,3,3871,1393,2478,0,0,0,1.0,1,1.0,1,1.0,1,0.29558668303166413,34
1735,1,3872,1393,2479,0,0,0,1.0,1,1.0,1,1.0,1,0.2944336409919422,33
1736,2,3874,1395,2479,0,0,0,1.0,1,1.0,1,1.0,1,0.31375114550483074,33
1737,1,3875,1395,2480,0,0,0,1.0,1,1.0,1,1.0,1,0.29270674159196,35
1738,2,3877,1396,2481,0,0,0,1.0,1,1.0,1,1.0,1,0.294509220948776,36
1739,7,3884,1398,2486,0,0,0,1.0,1,1.0,1,1.0,1,0.3038795225259417,36
1740,3,3887,1399,2488,0,0,0,1.0,1,1.0,1,1.0,1,0.29622509300683414,37
1741,6,3893,1399,2494,0,0,0,1.0,1,1.0,1,1.0,1,0.1958898593963018,36
1742,1,3894,1399,2495,0,0,0,1.0,1,1.0,1,1.0,1,0.1737603096775762,36
1743,2,3896,1401,2495,0,0,0,1.0,1,1.0,1,1.0,1,0.19322413409997038,37
1744,3,3899,1401,2498,0,0,0,1.0,1,1.0,1,1.0,1,0.1633742740286112,37
1745,3,3902,1404,2498,0,0,0,1.0,1,1.0,1,1.0,1,0.24112620314356195,38
1746,1,3903,1404,2499,0,0,0,1.0,1,1.0,1,1.0,1,0.2162195218953395,38
1747,0,3903,1404,2499,0,0,0,1.0,1,1.0,1,1.0,1,0.22688553762354674,37
1748,1,3904,1405,2499,0,0,0,1.0,1,1.0,1,1.0,1,0.21366297938233986,38
1749,0,3904,1405,2499,0,0,0,1.0,1,1.0,1,1.0,1,0.21366297938233986,38
1750,1,3905,1405,2500,0,0,0,1.0,1,1.0,1,1.0,1,0.21583940264966248,39
1751,1,3906,1405,2501,0,0,0,1.0,1,1.0,1,1.0,1,0.22785204889360464,41
1752,3,3909,1405,2504,0,0,0,1.0,1,1.0,1,1.0,1,0.2255149523070975,41
1753,6,3915,1405,2510,0,0,0,1.0,1,1.0,1,1.0,1,0.23911206930882514,41
1754,3,3918,1406,2512,0,0,0,1.0,1,1.0,1,1.0,1,0.23615224623960795,40
1755,4,3922,1407,2515,0,0,0,1.0,1,1.0,1,1.0,1,0.22731144706236772,41
1756,1,3923,1407,2516,0,0,0,1.0,1,1.0,1,1.0,1,0.2519099031723262,41
1757,3,3926,1407,2519,0,0,0,1.0,1,1.0,1,1.0,1,0.2626273055421739,40
1758,5,3931,1408,2523,0,0,0,1.0,1,1.0,1,1.0,1,0.2875198092427995,41
1759,5,3936,1409,2527,0,0,0,1.0,1,1.0,1,1.0,1,0.31366243230589597,38
1760,4,3940,1410,2530,0,0,0,1.0,1,1.0,1,1.0,1,0.26346225491632963,38
1761,2,3942,1412,2530,0,0,0,1.0,1,1.0,1,1.0,1,0.3159809475747116,37
1762,7,3949,1414,2535,0,0,0,1.0,1,1.0,1,1.0,1,0.37919998271085364,37
1763,3,3952,1414,2538,0,0,0,1.0,1,1.0,1,1.0,1,0.3245706404961168,37
1764,3,3955,1414,2541,0,0,0,1.0,1,1.0,1,1.0,1,0.3342954465734313,36
1765,3,3958,1415,2543,0,0,0,1.0,1,1.0,1,1.0,1,0.3290400461395738,36
1766,3,3961,1416,2545,0,0,0,1.0,1,1.0,1,1.0,1,0.3236294291679672,37
1767,1,3962,1417,2545,0,0,0,1.0,1,1.0,1,1.0,1,0.32275239529161215,37
1768,3,3965,1418,2547,0,0,0,1.0,1,1.0,1,1.0,1,0.287631676198897,37
1769,2,3967,1419,2548,0,0,0,1.0,1,1.0,1,1.0,1,0.3100738204767694,38
1770,1,3968,1419,2549,0,0,0,1.0,1,1.0,1,1.0,1,0.3237339931047737,39
1771,4,3972,1419,2553,0,0,0,1.0,1,1.0,1,1.0,1,0.21996238273626154,39
1772,0,3972,1419,2553,0,0,0,1.0,1,1.0,1,1.0,1,0.21996238273626154,39
1773,2,3974,1419,2555,0,0,0,1.0,1,1.0,1,1.0,1,0.18253878314715324,41
1774,1,3975,1420,2555,0,0,0,1.0,1,1.0,1,1.0,1,0.20110509108983335,41
1775,0,3975,1420,2555,0,0,0,1.0,1,1.0,1,1.0,1,0.2202021682354529,42
1776,1,3976,1420,2556,0,0,0,1.0,1,1.0,1,1.0,1,0.20977617727911144,43
1777,0,3976,1420,2556,0,0,0,1.0,1,1.0,1,1.0,1,0.20977617727911144,43
1778,4,3980,1420,2560,0,0,0,1.0,1,1.0,1,1.0,1,0.16262045834972655,44
1779,0,3980,1420,2560,0,0,0,1.0,1,1.0,1,1.0,1,0.15920802761052946,46
1780,1,3981,1421,2560,0,0,0,1.0,1,1.0,1,1.0,1,0.15782851993683694,46
1781,1,3982,1422,2560,0,0,0,1.0,1,1.0,1,1.0,1,0.20203957977607848,46
1782,3,3985,1424,2561,0,0,0,1.0,1,1.0,1,1.0,1,0.24570892396878913,46
1783,2,3987,1425,2562,0,0,0,1.0,1,1.0,1,1.0,1,0.2142936294579404,44
1784,1,3988,1425,2563,0,0,0,1.0,1,1.0,1,1.0,1,0.19974907745537884,45
1785,1,3989,1426,2563,0,0,0,1.0,1,1.0,1,1.0,1,0.1948765541747047,42
1786,5,3994,1427,2567,0,0,0,1.0,1,1.0,1,1.0,1,0.23193762208183477,43
1787,2,3996,1429,2567,0,0,0,1.0,1,1.0,1,1.0,1,0.236894160896573,41
1788,2,3998,1429,2569,0,0,0,1.0,1,1.0,1,1.0,1,0.2215264416085943,41
1789,2,4000,1431,2569,0,0,0,1.0,1,1.0,1,1.0,1,0.27775750445902014,41
1790,3,4003,1434,2569,0,0,0,1.0,1,1.0,1,1.0,1,0.28968554734898194,41
1791,5,4008,1437,2571,0,0,0,1.0,1,1.0,1,1.0,1,0.28508177017980774,40
1792,3,4011,1439,2572,0,0,0,1.0,1,1.0,1,1.0,1,0.25260515301918085,40
1793,5,4016,1441,2575,0,0,0,1.0,1,1.0,1,1.0,1,0.20443639012065962,41
1794,1,4017,1441,2576,0,0,0,1.0,1,1.0,1,1.0,1,0.20096299610376914,41
1795,3,4020,1442,2578,0,0,0,1.0,1,1.0,1,1.0,1,0.18992114434979196,40
1796,0,4020,1442,2578,0,0,0,1.0,1,1.0,1,1.0,1,0.18992114434979196,40
1797,2,4022,1444,2578,0,0,0,1.0,1,1.0,1,1.0,1,0.23780539695270395,37
1798,0,4022,1444,2578,0,0,0,1.0,1,1.0,1,1.0,1,0.23780539695270395,37
1799,1,4023,1444,2579,0,0,0,1.0,1,1.0,1,1.0,1,0.22015876382828836,36
1800,1,4024,1445,2579,0,0,0,1.0,1,1.0,1,1.0,1,0.2624524135555751,36
1801,1,4025,1445,2580,0,0,0,1.0,1,1.0,1,1.0,1,0.22279656048043467,34
1802,1,4026,1446,2580,0,0,0,1.0,1,1.0,1,1.0,1,0.20069968936228053,33
1803,1,4027,1446,2581,0,0,0,1.0,1,1.0,1,1.0,1,0.16096929839318916,33
1804,1,4028,1447,2581,0,0,0,1.0,1,1.0,1,1.0,1,0.19152910865629666,33
1805,2,4030,1448,2582,0,0,0,1.0,1,1.0,1,1.0,1,0.21388306880950364,35
1806,2,4032,1449,2583,0,0,0,1.0,1,1.0,1,1.0,1,0.256606004459889,35
1807,0,4032,1449,2583,0,0,0,1.0,1,1.0,1,1.0,1,0.26593098385166464,35
1808,1,4033,1449,2584,0,0,0,1.0,1,1.0,1,1.0,1,0.21831960679107293,36
1809,1,4034,1450,2584,0,0,0,1.0,1,1.0,1,1.0,1,0.18022160201253012,36
1810,0,4034,1450,2584,0,0,0,1.0,1,1.0,1,1.0,1,0.19872858214166403,35
1811,1,4035,1450,2585,0,0,0,1.0,1,1.0,1,1.0,1,0.2241183057548623,36
1812,3,4038,1451,2587,0,0,0,1.0,1,1.0,1,1.0,1,0.20511638019702846,36
1813,1,4039,1452,2587,0,0,0,1.0,1,1.0,1,1.0,1,0.21437409803451796,36
1814,2,4041,1454,2587,0,0,0,1.0,1,1.0,1,1.0,1,0.2501727177217619,34
1815,1,4042,1455,2587,0,0,0,1.0,1,1.0,1,1.0,1,0.2792925229003086,35
1816,2,4044,1456,2588,0,0,0,1.0,1,1.0,1,1.0,1,0.3394633944531045,34
1817,4,4048,1459,2589,0,0,0,1.0,1,1.0,1,1.0,1,0.26820673548032264,34
1818,1,4049,1459,2590,0,0,0,1.0,1,1.0,1,1.0,1,0.2315865850117198,34
1819,3,4052,1461,2591,0,0,0,1.0,1,1.0,1,1.0,1,0.21706339170898226,35
1820,0,4052,1461,2591,0,0,0,1.0,1,1.0,1,1.0,1,0.20653130665115815,36
1821,1,4053,1462,2591,0,0,0,1.0,1,1.0,1,1.0,1,0.19339629556248622,36
1822,4,4057,1465,2592,0,0,0,1.0,1,1.0,1,1.0,1,0.2552154713845544,37
1823,7,4064,1469,2595,0,0,0,1.0,1,1.0,1,1.0,1,0.31231035903626647,38
1824,2,4066,1471,2595,0,0,0,1.0,1,1.0,1,1.0,1,0.29947236572077585,37
1825,5,4071,1473,2598,0,0,0,1.0,1,1.0,1,1.0,1,0.34791090050225354,36
1826,1,4072,1473,2599,0,0,0,1.0,1,1.0,1,1.0,1,0.3336493730564319,35
1827,0,4072,1473,2599,0,0,0,1.0,1,1.0,1,1.0,1,0.3312129345066695,35
1828,1,4073,1474,2599,0,0,0,1.0,1,1.0,1,1.0,1,0.3572932534890992,33
1829,2,4075,1474,2601,0,0,0,1.0,1,1.0,1,1.0,1,0.3673363912986277,32
1830,3,4078,1476,2602,0,0,0,1.0,1,1.0,1,1.0,1,0.36974626850595177,32
1831,2,4080,1477,2603,0,0,0,1.0,1,1.0,1,1.0,1,0.39304163420512367,30
1832,1,4081,1477,2604,0,0,0,1.0,1,1.0,1,1.0,1,0.3689793896397448,30
1833,0,4081,1477,2604,0,0,0,1.0,1,1.0,1,1.0,1,0.3823771248784912,29
1834,3,4084,1478,2606,0,0,0,1.0,1,1.0,1,1.0,1,0.2866643284309149,28
1835,0,4084,1478,2606,0,0,0,1.0,1,1.0,1,1.0,1,0.2752558310818233,28
1836,0,4084,1478,2606,0,0,0,1.0,1,1.0,1,1.0,1,0.2778573205681635,29
1837,1,4085,1478,2607,0,0,0,1.0,1,1.0,1,1.0,1,0.3046314021511267,28
1838,1,4086,1479,2607,0,0,0,1.0,1,1.0,1,1.0,1,0.30717752136766524,28
1839,1,4087,1480,2607,0,0,0,1.0,1,1.0,1,1.0,1,0.4386252682195049,27
1840,1,4088,1480,2608,0,0,0,1.0,1,1.0,1,1.0,1,0.47089349371914674,26
1841,0,4088,1480,2608,0,0,0,1.0,1,1.0,1,1.0,1,0.4583066241878929,25
1842,3,4091,1481,2610,0,0,0,1.0,1,1.0,1,1.0,1,0.3913357618014064,26
1843,0,4091,1481,2610,0,0,0,1.0,1,1.0,1,1.0,1,0.3913357618014064,26
1844,1,4092,1482,2610,0,0,0,1.0,1,1.0,1,1.0,1,0.4062985165116158,26
1845,2,4094,1483,2611,0,0,0,1.0,1,1.0,1,1.0,1,0.440136419132116,26
1846,2,4096,1485,2611,0,0,0,1.0,1,1.0,1,1.0,1,0.4660558102802453,26
1847,0,4096,1485,2611,0,0,0,1.0,1,1.0,1,1.0,1,0.4660558102802453,26
1848,0,4096,1485,2611,0,0,0,1.0,1,1.0,1,1.0,1,0.4819673854333943,27
1849,0,4096,1485,2611,0,0,0,1.0,1,1.0,1,1.0,1,0.4819673854333943,27
1850,0,4096,1485,2611,0,0,0,1.0,1,1.0,1,1.0,1,0.49615550747197684,28
1851,0,4096,1485,2611,0,0,0,1.0,1,1.0,1,1.0,1,0.49615550747197684,28
1852,0,4096,1485,2611,0,0,0,1.0,1,1.0,1,1.0,1,0.49615550747197684,28
1853,2,4098,1485,2613,0,0,0,1.0,1,1.0,1,1.0,1,0.48776075757688525,27
1854,0,4098,1485,2613,0,0,0,1.0,1,1.0,1,1.0,1,0.5040349071619233,28
1855,3,4101,1485,2616,0,0,0,1.0,1,1.0,1,1.0,1,0.496808898609972,28
1856,4,4105,1485,2620,0,0,0,1.0,1,1.0,1,1.0,1,0.413683134833727,30
1857,3,4108,1485,2623,0,0,0,1.0,1,1.0,1,1.0,1,0.40240398446358394,31
1858,8,4116,1487,2629,0,0,0,1.0,1,1.0,1,1.0,1,0.4359583898314043,31
1859,4,4120,1487,2633,0,0,0,1.0,1,1.0,1,1.0,1,0.44222486476120076,31
1860,1,4121,1487,2634,0,0,0,1.0,1,1.0,1,1.0,1,0.43242280213148426,31
1861,4,4125,1487,2638,0,0,0,1.0,1,1.0,1,1.0,1,0.3514561113668456,31
1862,0,4125,1487,2638,0,0,0,1.0,1,1.0,1,1.0,1,0.3514561113668456,31
1863,1,4126,1487,2639,0,0,0,1.0,1,1.0,1,1.0,1,0.335297425567547,31
1864,2,4128,1489,2639,0,0,0,1.0,1,1.0,1,1.0,1,0.34500747058942033,30
1865,1,4129,1490,2639,0,0,0,1.0,1,1.0,1,1.0,1,0.39259109022148436,27
1866,2,4131,1492,2639,0,0,0,1.0,1,1.0,1,1.0,1,0.43860825184071783,28
1867,1,4132,1493,2639,0,0,0,1.0,1,1.0,1,1.0,1,0.459603880990253,26
1868,1,4133,1494,2639,0,0,0,1.0,1,1.0,1,1.0,1,0.4596892874473141,26
1869,0,4133,1494,2639,0,0,0,1.0,1,1.0,1,1.0,1,0.462058749002251,25
1870,1,4134,1495,2639,0,0,0,1.0,1,1.0,1,1.0,1,0.47834441870022065,25
1871,1,4135,1496,2639,0,0,0,1.0,1,1.0,1,1.0,1,0.4529849234770616,26
1872,0,4135,1496,2639,0,0,0,1.0,1,1.0,1,1.0,1,0.44107562655874133,25
1873,0,4135,1496,2639,0,0,0,1.0,1,1.0,1,1.0,1,0.44030111403500205,23
1874,1,4136,1497,2639,0,0,0,1.0,1,1.0,1,1.0,1,0.37362996401453513,23
1875,1,4137,1497,2640,0,0,0,1.0,1,1.0,1,1.0,1,0.43503781648531364,21
1876,2,4139,1498,2641,0,0,0,1.0,1,1.0,1,1.0,1,0.39494177375968004,24
1877,1,4140,1499,2641,0,0,0,1.0,1,1.0,1,1.0,1,0.44729509301081927,24
1878,0,4140,1499,2641,0,0,0,1.0,1,1.0,1,1.0,1,0.41077898495503734,26
1879,0,4140,1499,2641,0,0,0,1.0,1,1.0,1,1.0,1,0.41077898495503734,26
1880,1,4141,1499,2642,0,0,0,1.0,1,1.0,1,1.0,1,0.37582441838036945,26
1881,2,4143,1500,2643,0,0,0,1.0,1,1.0,1,1.0,1,0.3757213232247567,26
1882,0,4143,1500,2643,0,0,0,1.0,1,1.0,1,1.0,1,0.38970791205617217,25
1883,0,4143,1500,2643,0,0,0,1.0,1,1.0,1,1.0,1,0.38970791205617217,25
1884,0,4143,1500,2643,0,0,0,1.0,1,1.0,1,1.0,1,0.38970791205617217,25
1885,1,4144,1500,2644,0,0,0,1.0,1,1.0,1,1.0,1,0.3819093316747815,25
1886,0,4144,1500,2644,0,0,0,1.0,1,1.0,1,1.0,1,0.361623095116834,26
1887,0,4144,1500,2644,0,0,0,1.0,1,1.0,1,1.0,1,0.361623095116834,26
1888,2,4146,1501,2645,0,0,0,1.0,1,1.0,1,1.0,1,0.3952829540468688,27
1889,1,4147,1501,2646,0,0,0,1.0,1,1.0,1,1.0,1,0.3944426636829349,28
1890,0,4147,1501,2646,0,0,0,1.0,1,1.0,1,1.0,1,0.3944426636829349,28
1891,6,4153,1501,2652,0,0,0,1.0,1,1.0,1,1.0,1,0.23194743814296098,29
1892,0,4153,1501,2652,0,0,0,1.0,1,1.0,1,1.0,1,0.23194743814296098,29
1893,0,4153,1501,2652,0,0,0,1.0,1,1.0,1,1.0,1,0.23194743814296098,29
1894,0,4153,1501,2652,0,0,0,1.0,1,1.0,1,1.0,1,0.23194743814296098,29
1895,2,4155,1502,2653,0,0,0,1.0,1,1.0,1,1.0,1,0.18616658334860045,31
1896,2,4157,1503,2654,0,0,0,1.0,1,1.0,1,1.0,1,0.2011886622344999,31
1897,0,4157,1503,2654,0,0,0,1.0,1,1.0,1,1.0,1,0.2011886622344999,31
1898,0,4157,1503,2654,0,0,0,1.0,1,1.0,1,1.0,1,0.2011886622344999,31
1899,0,4157,1503,2654,0,0,0,1.0,1,1.0,1,1.0,1,0.2245677287555444,32
1900,0,4157,1503,2654,0,0,0,1.0,1,1.0,1,1.0,1,0.2245677287555444,32
1901,0,4157,1503,2654,0,0,0,1.0,1,1.0,1,1.0,1,0.2245677287555444,32
1902,0,4157,1503,2654,0,0,0,1.0,1,1.0,1,1.0,1,0.2245677287555444,32
1903,0,4157,1503,2654,0,0,0,1.0,1,1.0,1,1.0,1,0.2245677287555444,32
1904,0,4157,1503,2654,0,0,0,1.0,1,1.0,1,1.0,1,0.21485424931020028,34
1905,0,4157,1503,2654,0,0,0,1.0,1,1.0,1,1.0,1,0.21485424931020028,34
1906,0,4157,1503,2654,0,0,0,1.0,1,1.0,1,1.0,1,0.21926409083736734,35
1907,1,4158,1503,2655,0,0,0,1.0,1,1.0,1,1.0,1,0.21412795724596037,36
1908,1,4159,1503,2656,0,0,0,1.0,1,1.0,1,1.0,1,0.23188768487552322,36
1909,2,4161,1503,2658,0,0,0,1.0,1,1.0,1,1.0,1,0.20540437023243246,37
1910,1,4162,1503,2659,0,0,0,1.0,1,1.0,1,1.0,1,0.2074567548384784,38
1911,3,4165,1503,2662,0,0,0,1.0,1,1.0,1,1.0,1,0.13722306435491305,37
1912,2,4167,1505,2662,0,0,0,1.0,1,1.0,1,1.0,1,0.16538067175495594,37
1913,0,4167,1505,2662,0,0,0,1.0,1,1.0,1,1.0,1,0.15251055788075701,36
1914,2,4169,1506,2663,0,0,0,1.0,1,1.0,1,1.0,1,0.16117359639880574,37
1915,4,4173,1506,2667,0,0,0,1.0,1,1.0,1,1.0,1,0.1935051396730866,37
1916,3,4176,1506,2670,0,0,0,1.0,1,1.0,1,1.0,1,0.1754926589541409,39
1917,6,4182,1507,2675,0,0,0,1.0,1,1.0,1,1.0,1,0.1530493002180424,38
1918,3,4185,1508,2677,0,0,0,1.0,1,1.0,1,1.0,1,0.20485530402178218,38
1919,5,4190,1509,2681,0,0,0,1.0,1,1.0,1,1.0,1,0.2723903113726587,38
1920,7,4197,1510,2687,0,0,0,1.0,1,1.0,1,1.0,1,0.2507600215907679,39
1921,1,4198,1510,2688,0,0,0,1.0,1,1.0,1,1.0,1,0.2061429276356648,38
1922,0,4198,1510,2688,0,0,0,1.0,1,1.0,1,1.0,1,0.21564044400290402,39
1923,2,4200,1512,2688,0,0,0,1.0,1,1.0,1,1.0,1,0.19734220574399353,40
1924,1,4201,1512,2689,0,0,0,1.0,1,1.0,1,1.0,1,0.184230564339367,40
1925,0,4201,1512,2689,0,0,0,1.0,1,1.0,1,1.0,1,0.2081860566793608,40
1926,1,4202,1513,2689,0,0,0,1.0,1,1.0,1,1.0,1,0.20906236052020322,40
1927,0,4202,1513,2689,0,0,0,1.0,1,1.0,1,1.0,1,0.21641080509150726,41
1928,1,4203,1514,2689,0,0,0,1.0,1,1.0,1,1.0,1,0.21252312096977036,41
1929,0,4203,1514,2689,0,0,0,1.0,1,1.0,1,1.0,1,0.21229630621173154,40
1930,0,4203,1514,2689,0,0,0,1.0,1,1.0,1,1.0,1,0.21229630621173154,40
1931,0,4203,1514,2689,0,0,0,1.0,1,1.0,1,1.0,1,0.21229630621173154,40
1932,0,4203,1514,2689,0,0,0,1.0,1,1.0,1,1.0,1,0.21229630621173154,40
1933,1,4204,1515,2689,0,0,0,1.0,1,1.0,1,1.0,1,0.225424360646781,42
1934,1,4205,1515,2690,0,0,0,1.0,1,1.0,1,1.0,1,0.22308808116202083,44
1935,0,4205,1515,2690,0,0,0,1.0,1,1.0,1,1.0,1,0.22308808116202083,44
1936,4,4209,1516,2693,0,0,0,1.0,1,1.0,1,1.0,1,0.20472373234023247,46
1937,2,4211,1518,2693,0,0,0,1.0,1,1.0,1,1.0,1,0.23414984789369325,47
1938,2,4213,1519,2694,0,0,0,1.0,1,1.0,1,1.0,1,0.21983353548425347,47
1939,1,4214,1520,2694,0,0,0,1.0,1,1.0,1,1.0,1,0.21640840625161017,47
1940,1,4215,1520,2695,0,0,0,1.0,1,1.0,1,1.0,1,0.21020591341404096,47
1941,4,4219,1522,2697,0,0,0,1.0,1,1.0,1,1.0,1,0.24140131421925443,47
1942,6,4225,1525,2700,0,0,0,1.0,1,1.0,1,1.0,1,0.2565321954542729,49
1943,2,4227,1526,2701,0,0,0,1.0,1,1.0,1,1.0,1,0.2614900821360281,47
1944,0,4227,1526,2701,0,0,0,1.0,1,1.0,1,1.0,1,0.2614900821360281,47
1945,6,4233,1529,2704,0,0,0,1.0,1,1.0,1,1.0,1,0.30506605079744264,45
1946,3,4236,1529,2707,0,0,0,1.0,1,1.0,1,1.0,1,0.3040329502690945,45
1947,4,4240,1532,2708,0,0,0,1.0,1,1.0,1,1.0,1,0.32821097249101905,45
1948,5,4245,1534,2711,0,0,0,1.0,1,1.0,1,1.0,1,0.3408810484207554,45
1949,5,4250,1537,2713,0,0,0,1.0,1,1.0,1,1.0,1,0.4217048402256707,42
1950,6,4256,1540,2716,0,0,0,1.0,1,1.0,1,1.0,1,0.3003981299290883,42
1951,3,4259,1540,2719,0,0,0,1.0,1,1.0,1,1.0,1,0.2300503986584388,38
1952,2,4261,1541,2720,0,0,0,1.0,1,1.0,1,1.0,1,0.230162668916482,36
1953,1,4262,1542,2720,0,0,0,1.0,1,1.0,1,1.0,1,0.2405402458070904,35
1954,1,4263,1542,2721,0,0,0,1.0,1,1.0,1,1.0,1,0.2798158593492783,32
1955,2,4265,1544,2721,0,0,0,1.0,1,1.0,1,1.0,1,0.2585170593293691,33
1956,2,4267,1546,2721,0,0,0,1.0,1,1.0,1,1.0,1,0.2726275621020365,31
1957,1,4268,1547,2721,0,0,0,1.0,1,1.0,1,1.0,1,0.24995803889955787,33
1958,3,4271,1549,2722,0,0,0,1.0,1,1.0,1,1.0,1,0.20493237138152562,34
1959,0,4271,1549,2722,0,0,0,1.0,1,1.0,1,1.0,1,0.20749056285931394,35
1960,0,4271,1549,2722,0,0,0,1.0,1,1.0,1,1.0,1,0.2117053827697766,36
1961,1,4272,1550,2722,0,0,0,1.0,1,1.0,1,1.0,1,0.19699867410553776,36
1962,0,4272,1550,2722,0,0,0,1.0,1,1.0,1,1.0,1,0.1879525747720857,35
1963,1,4273,1551,2722,0,0,0,1.0,1,1.0,1,1.0,1,0.20820311451073256,36
1964,2,4275,1552,2723,0,0,0,1.0,1,1.0,1,1.0,1,0.23949960342127152,35
1965,2,4277,1552,2725,0,0,0,1.0,1,1.0,1,1.0,1,0.20185144768143293,36
1966,2,4279,1553,2726,0,0,0,1.0,1,1.0,1,1.0,1,0.23043227694910068,36
1967,0,4279,1553,2726,0,0,0,1.0,1,1.0,1,1.0,1,0.23043227694910068,36
1968,0,4279,1553,2726,0,0,0,1.0,1,1.0,1,1.0,1,0.2464064224537093,37
1969,1,4280,1554,2726,0,0,0,1.0,1,1.0,1,1.0,1,0.27724865517093483,37
1970,0,4280,1554,2726,0,0,0,1.0,1,1.0,1,1.0,1,0.2796974028782484,38
1971,1,4281,1555,2726,0,0,0,1.0,1,1.0,1,1.0,1,0.29788340900407645,37
1972,1,4282,1556,2726,0,0,0,1.0,1,1.0,1,1.0,1,0.3104539292918167,37
1973,2,4284,1557,2727,0,0,0,1.0,1,1.0,1,1.0,1,0.31315805021992715,37
1974,1,4285,1557,2728,0,0,0,1.0,1,1.0,1,1.0,1,0.29726729052464235,38
1975,0,4285,1557,2728,0,0,0,1.0,1,1.0,1,1.0,1,0.30639174539412756,37
1976,3,4288,1560,2728,0,0,0,1.0,1,1.0,1,1.0,1,0.3225128130297696,39
1977,3,4291,1561,2730,0,0,0,1.0,1,1.0,1,1.0,1,0.29893466871149016,42
1978,4,4295,1564,2731,0,0,0,1.0,1,1.0,1,1.0,1,0.29838492723762533,42
1979,0,4295,1564,2731,0,0,0,1.0,1,1.0,1,1.0,1,0.29838492723762533,42
1980,1,4296,1565,2731,0,0,0,1.0,1,1.0,1,1.0,1,0.3330529863236565,43
1981,6,4302,1566,2736,0,0,0,1.0,1,1.0,1,1.0,1,0.2393591189890404,44
1982,2,4304,1568,2736,0,0,0,1.0,1,1.0,1,1.0,1,0.23456035284600307,44
1983,2,4306,1569,2737,0,0,0,1.0,1,1.0,1,1.0,1,0.23651401640559297,44
1984,4,4310,1570,2740,0,0,0,1.0,1,1.0,1,1.0,1,0.2214509359000884,42
1985,1,4311,1571,2740,0,0,0,1.0,1,1.0,1,1.0,1,0.19535792339841446,41
1986,3,4314,1574,2740,0,0,0,1.0,1,1.0,1,1.0,1,0.2574046992557555,40
1987,2,4316,1575,2741,0,0,0,1.0,1,1.0,1,1.0,1,0.22118640189271688,37
1988,5,4321,1577,2744,0,0,0,1.0,1,1.0,1,1.0,1,0.20635941318557408,35
1989,0,4321,1577,2744,0,0,0,1.0,1,1.0,1,1.0,1,0.2489365706250692,32
1990,2,4323,1579,2744,0,0,0,1.0,1,1.0,1,1.0,1,0.20176604780574411,31
1991,1,4324,1580,2744,0,0,0,1.0,1,1.0,1,1.0,1,0.252812219078894,32
1992,3,4327,1582,2745,0,0,0,1.0,1,1.0,1,1.0,1,0.3081048723862668,32
1993,1,4328,1583,2745,0,0,0,1.0,1,1.0,1,1.0,1,0.3817771845971109,32
1994,0,4328,1583,2745,0,0,0,1.0,1,1.0,1,1.0,1,0.37545164481997334,31
1995,1,4329,1583,2746,0,0,0,1.0,1,1.0,1,1.0,1,0.335075691594452,32
1996,0,4329,1583,2746,0,0,0,1.0,1,1.0,1,1.0,1,0.31603564436866566,32
1997,0,4329,1583,2746,0,0,0,1.0,1,1.0,1,1.0,1,0.326737385243496,31
1998,1,4330,1584,2746,0,0,0,1.0,1,1.0,1,1.0,1,0.33777286545542473,32
1999,0,4330,1584,2746,0,0,0,1.0,1,1.0,1,1.0,1,0.34427015040662035,31
2000,0,4330,1584,2746,0,0,0,1.0,1,1.0,1,1.0,1,0.37161387562111153,30
2001,0,4330,1584,2746,0,0,0,1.0,1,1.0,1,1.0,1,0.39376335010697305,29
2002,1,4331,1585,2746,0,0,0,1.0,1,1.0,1,1.0,1,0.39193100764018485,31
2003,3,4334,1586,2748,0,0,0,1.0,1,1.0,1,1.0,1,0.38080424678628527,33
2004,3,4337,1587,2750,0,0,0,1.0,1,1.0,1,1.0,1,0.41013034956731936,34
2005,0,4337,1587,2750,0,0,0,1.0,1,1.0,1,1.0,1,0.42679926162127446,35
2006,1,4338,1588,2750,0,0,0,1.0,1,1.0,1,1.0,1,0.4212692343891671,36
2007,2,4340,1588,2752,0,0,0,1.0,1,1.0,1,1.0,1,0.3886646981405018,36
2008,2,4342,1589,2753,0,0,0,1.0,1,1.0,1,1.0,1,0.39842547394400046,36
2009,0,4342,1589,2753,0,0,0,1.0,1,1.0,1,1.0,1,0.3845951013340912,37
2010,1,4343,1590,2753,0,0,0,1.0,1,1.0,1,1.0,1,0.3964905264713736,37
2011,6,4349,1590,2759,0,0,0,1.0,1,1.0,1,1.0,1,0.2575454997054977,37
2012,3,4352,1591,2761,0,0,0,1.0,1,1.0,1,1.0,1,0.22081965851522936,37
2013,4,4356,1591,2765,0,0,0,1.0,1,1.0,1,1.0,1,0.1489859837866789,39
2014,1,4357,1591,2766,0,0,0,1.0,1,1.0,1,1.0,1,0.18246105954862488,39
2015,2,4359,1591,2768,0,0,0,1.0,1,1.0,1,1.0,1,0.13620190286370765,39
2016,2,4361,1591,2770,0,0,0,1.0,1,1.0,1,1.0,1,0.1558818058432976,41
2017,5,4366,1591,2775,0,0,0,1.0,1,1.0,1,1.0,1,0.14889582078532385,41
2018,7,4373,1592,2781,0,0,0,1.0,1,1.0,1,1.0,1,0.19607967977822013,42
2019,6,4379,1593,2786,0,0,0,1.0,1,1.0,1,1.0,1,0.14042608006957247,43
2020,5,4384,1595,2789,0,0,0,1.0,1,1.0,1,1.0,1,0.1745382669430901,43
2021,3,4387,1595,2792,0,0,0,1.0,1,1.0,1,1.0,1,0.16042210148944047,43
2022,2,4389,1596,2793,0,0,0,1.0,1,1.0,1,1.0,1,0.16317893234040026,44
2023,2,4391,1598,2793,0,0,0,1.0,1,1.0,1,1.0,1,0.22669177289545134,42
2024,0,4391,1598,2793,0,0,0,1.0,1,1.0,1,1.0,1,0.21543912306718097,41
2025,2,4393,1600,2793,0,0,0,1.0,1,1.0,1,1.0,1,0.25705117676833406,39
2026,2,4395,1602,2793,0,0,0,1.0,1,1.0,1,1.0,1,0.2720801002762785,39
2027,2,4397,1604,2793,0,0,0,1.0,1,1.0,1,1.0,1,0.3749028532428358,38
2028,1,4398,1605,2793,0,0,0,1.0,1,1.0,1,1.0,1,0.3930184556136717,37
2029,1,4399,1606,2793,0,0,0,1.0,1,1.0,1,1.0,1,0.3789653858599983,35
2030,5,4404,1609,2795,0,0,0,1.0,1,1.0,1,1.0,1,0.3592569063464713,32
2031,2,4406,1611,2795,0,0,0,1.0,1,1.0,1,1.0,1,0.3475525692197927,34
2032,2,4408,1613,2795,0,0,0,1.0,1,1.0,1,1.0,1,0.3991605248634282,35
2033,6,4414,1616,2798,0,0,0,1.0,1,1.0,1,1.0,1,0.40261212659254203,35
2034,1,4415,1616,2799,0,0,0,1.0,1,1.0,1,1.0,1,0.405632018754518,35
2035,5,4420,1619,2801,0,0,0,1.0,1,1.0,1,1.0,1,0.38234040796554547,36
2036,2,4422,1620,2802,0,0,0,1.0,1,1.0,1,1.0,1,0.41697656620879564,35
2037,7,4429,1621,2808,0,0,0,1.0,1,1.0,1,1.0,1,0.36077213485146914,36
2038,3,4432,1622,2810,0,0,0,1.0,1,1.0,1,1.0,1,0.3319220235927088,38
2039,4,4436,1623,2813,0,0,0,1.0,1,1.0,1,1.0,1,0.36965498619305914,38
2040,5,4441,1623,2818,0,0,0,1.0,1,1.0,1,1.0,1,0.33874346510893616,37
2041,1,4442,1623,2819,0,0,0,1.0,1,1.0,1,1.0,1,0.3096306440059179,38
2042,1,4443,1623,2820,0,0,0,1.0,1,1.0,1,1.0,1,0.28104545413586496,38
2043,1,4444,1624,2820,0,0,0,1.0,1,1.0,1,1.0,1,0.261740883948909,38
2044,1,4445,1624,2821,0,0,0,1.0,1,1.0,1,1.0,1,0.22215371037293494,39
2045,1,4446,1624,2822,0,0,0,1.0,1,1.0,1,1.0,1,0.21148265278149717,40
2046,3,4449,1624,2825,0,0,0,1.0,1,1.0,1,1.0,1,0.14356321041415793,41
2047,0,4449,1624,2825,0,0,0,1.0,1,1.0,1,1.0,1,0.14356321041415793,41
2048,2,4451,1625,2826,0,0,0,1.0,1,1.0,1,1.0,1,0.1410324662546383,43
2049,2,4453,1626,2827,0,0,0,1.0,1,1.0,1,1.0,1,0.1364291455600118,43
2050,1,4454,1626,2828,0,0,0,1.0,1,1.0,1,1.0,1,0.11442275972358988,43
2051,1,4455,1626,2829,0,0,0,1.0,1,1.0,1,1.0,1,0.1331484193507053,43
2052,0,4455,1626,2829,0,0,0,1.0,1,1.0,1,1.0,1,0.1307452441832264,44
2053,1,4456,1627,2829,0,0,0,1.0,1,1.0,1,1.0,1,0.17979990902224383,43
2054,4,4460,1629,2831,0,0,0,1.0,1,1.0,1,1.0,1,0.19908882376901207,44
2055,3,4463,1629,2834,0,0,0,1.0,1,1.0,1,1.0,1,0.2173901444777038,43
2056,4,4467,1630,2837,0,0,0,1.0,1,1.0,1,1.0,1,0.1662809354105815,44
2057,1,4468,1630,2838,0,0,0,1.0,1,1.0,1,1.0,1,0.1836833165040968,44
2058,2,4470,1630,2840,0,0,0,1.0,1,1.0,1,1.0,1,0.1832785731338859,44
2059,1,4471,1630,2841,0,0,0,1.0,1,1.0,1,1.0,1,0.18853082941223967,45
2060,1,4472,1631,2841,0,0,0,1.0,1,1.0,1,1.0,1,0.22634617537474333,46
2061,2,4474,1632,2842,0,0,0,1.0,1,1.0,1,1.0,1,0.23416879507868082,48
2062,3,4477,1633,2844,0,0,0,1.0,1,1.0,1,1.0,1,0.27328760827003296,48
2063,2,4479,1633,2846,0,0,0,1.0,1,1.0,1,1.0,1,0.24449076071138603,45
2064,0,4479,1633,2846,0,0,0,1.0,1,1.0,1,1.0,1,0.2767611853168814,44
2065,4,4483,1633,2850,0,0,0,1.0,1,1.0,1,1.0,1,0.22411801809708093,42
2066,4,4487,1635,2852,0,0,0,1.0,1,1.0,1,1.0,1,0.25639107907669734,42
2067,0,4487,1635,2852,0,0,0,1.0,1,1.0,1,1.0,1,0.25666160705925406,38
2068,1,4488,1636,2852,0,0,0,1.0,1,1.0,1,1.0,1,0.2712834999443189,37
2069,0,4488,1636,2852,0,0,0,1.0,1,1.0,1,1.0,1,0.2626132782577037,35
2070,1,4489,1637,2852,0,0,0,1.0,1,1.0,1,1.0,1,0.2880431389381114,35
2071,4,4493,1638,2855,0,0,0,1.0,1,1.0,1,1.0,1,0.25414722950600416,34
2072,2,4495,1639,2856,0,0,0,1.0,1,1.0,1,1.0,1,0.27216794853769316,35
2073,4,4499,1640,2859,0,0,0,1.0,1,1.0,1,1.0,1,0.26184005516757897,37
2074,0,4499,1640,2859,0,0,0,1.0,1,1.0,1,1.0,1,0.2463213610303992,36
2075,1,4500,1640,2860,0,0,0,1.0,1,1.0,1,1.0,1,0.24891597608854021,38
2076,2,4502,1640,2862,0,0,0,1.0,1,1.0,1,1.0,1,0.21064534266039914,37
2077,1,4503,1640,2863,0,0,0,1.0,1,1.0,1,1.0,1,0.16109650254434354,37
2078,0,4503,1640,2863,0,0,0,1.0,1,1.0,1,1.0,1,0.16109650254434354,37
2079,2,4505,1641,2864,0,0,0,1.0,1,1.0,1,1.0,1,0.17685291975298661,37
2080,0,4505,1641,2864,0,0,0,1.0,1,1.0,1,1.0,1,0.18827828240307298,36
2081,0,4505,1641,2864,0,0,0,1.0,1,1.0,1,1.0,1,0.21562084406600368,37
2082,3,4508,1643,2865,0,0,0,1.0,1,1.0,1,1.0,1,0.26642393408998755,38
2083,0,4508,1643,2865,0,0,0,1.0,1,1.0,1,1.0,1,0.27833605370077236,39
2084,2,4510,1643,2867,0,0,0,1.0,1,1.0,1,1.0,1,0.23713116681488028,41
2085,1,4511,1644,2867,0,0,0,1.0,1,1.0,1,1.0,1,0.2498973919377334,41
2086,0,4511,1644,2867,0,0,0,1.0,1,1.0,1,1.0,1,0.25547524119664805,44
2087,1,4512,1644,2868,0,0,0,1.0,1,1.0,1,1.0,1,0.23923095856825763,44
2088,0,4512,1644,2868,0,0,0,1.0,1,1.0,1,1.0,1,0.24294988749361862,45
2089,0,4512,1644,2868,0,0,0,1.0,1,1.0,1,1.0,1,0.23455972129781152,46
2090,1,4513,1644,2869,0,0,0,1.0,1,1.0,1,1.0,1,0.23607750941038977,47
2091,6,4519,1646,2873,0,0,0,1.0,1,1.0,1,1.0,1,0.18179720127682908,48
2092,2,4521,1647,2874,0,0,0,1.0,1,1.0,1,1.0,1,0.20886309933395525,48
2093,3,4524,1647,2877,0,0,0,1.0,1,1.0,1,1.0,1,0.18345726000724583,48
2094,1,4525,1647,2878,0,0,0,1.0,1,1.0,1,1.0,1,0.1530374615875232,47
2095,2,4527,1647,2880,0,0,0,1.0,1,1.0,1,1.0,1,0.17164909093898395,49
2096,3,4530,1648,2882,0,0,0,1.0,1,1.0,1,1.0,1,0.2010691136830715,50
2097,1,4531,1648,2883,0,0,0,1.0,1,1.0,1,1.0,1,0.21390987340852602,50
2098,3,4534,1650,2884,0,0,0,1.0,1,1.0,1,1.0,1,0.2489745812247904,51
2099,2,4536,1650,2886,0,0,0,1.0,1,1.0,1,1.0,1,0.23984249456568146,50
2100,3,4539,1652,2887,0,0,0,1.0,1,1.0,1,1.0,1,0.24887039424755023,49
2101,4,4543,1654,2889,0,0,0,1.0,1,1.0,1,1.0,1,0.2569171969859056,48
2102,4,4547,1656,2891,0,0,0,1.0,1,1.0,1,1.0,1,0.29737788084938305,49
2103,1,4548,1657,2891,0,0,0,1.0,1,1.0,1,1.0,1,0.3001962464664802,44
2104,1,4549,1658,2891,0,0,0,1.0,1,1.0,1,1.0,1,0.32162802824819253,42
2105,0,4549,1658,2891,0,0,0,1.0,1,1.0,1,1.0,1,0.3034281743828915,40
2106,4,4553,1660,2893,0,0,0,1.0,1,1.0,1,1.0,1,0.3386011451020984,39
2107,2,4555,1661,2894,0,0,0,1.0,1,1.0,1,1.0,1,0.3200752641333499,37
2108,1,4556,1662,2894,0,0,0,1.0,1,1.0,1,1.0,1,0.3301400707580575,37
2109,2,4558,1664,2894,0,0,0,1.0,1,1.0,1,1.0,1,0.4030724608882226,36
2110,0,4558,1664,2894,0,0,0,1.0,1,1.0,1,1.0,1,0.3707066239137171,35
2111,1,4559,1665,2894,0,0,0,1.0,1,1.0,1,1.0,1,0.3348982177991863,35
2112,0,4559,1665,2894,0,0,0,1.0,1,1.0,1,1.0,1,0.3348982177991863,35
2113,0,4559,1665,2894,0,0,0,1.0,1,1.0,1,1.0,1,0.3341054291783081,35
2114,2,4561,1667,2894,0,0,0,1.0,1,1.0,1,1.0,1,0.3051013900658388,36
2115,2,4563,1668,2895,0,0,0,1.0,1,1.0,1,1.0,1,0.30536452840605904,37
2116,3,4566,1671,2895,0,0,0,1.0,1,1.0,1,1.0,1,0.3304087211110344,39
2117,0,4566,1671,2895,0,0,0,1.0,1,1.0,1,1.0,1,0.3176388238964182,39
2118,2,4568,1671,2897,0,0,0,1.0,1,1.0,1,1.0,1,0.302508438386638,41
2119,1,4569,1671,2898,0,0,0,1.0,1,1.0,1,1.0,1,0.312197985610383,42
2120,1,4570,1671,2899,0,0,0,1.0,1,1.0,1,1.0,1,0.28642965180922697,42
2121,1,4571,1672,2899,0,0,0,1.0,1,1.0,1,1.0,1,0.2960245743925076,42
2122,0,4571,1672,2899,0,0,0,1.0,1,1.0,1,1.0,1,0.30910904764292574,43
2123,1,4572,1673,2899,0,0,0,1.0,1,1.0,1,1.0,1,0.3198222455290228,42
2124,0,4572,1673,2899,0,0,0,1.0,1,1.0,1,1.0,1,0.3198222455290228,42
2125,0,4572,1673,2899,0,0,0,1.0,1,1.0,1,1.0,1,0.3336377468815714,41
2126,0,4572,1673,2899,0,0,0,1.0,1,1.0,1,1.0,1,0.3336377468815714,41
2127,0,4572,1673,2899,0,0,0,1.0,1,1.0,1,1.0,1,0.3336377468815714,41
2128,0,4572,1673,2899,0,0,0,1.0,1,1.0,1,1.0,1,0.34068388752178375,42
2129,1,4573,1673,2900,0,0,0,1.0,1,1.0,1,1.0,1,0.37515610513478315,43
2130,0,4573,1673,2900,0,0,0,1.0,1,1.0,1,1.0,1,0.38184978343729903,45
2131,6,4579,1674,2905,0,0,0,1.0,1,1.0,1,1.0,1,0.34010900464834065,44
2132,1,4580,1674,2906,0,0,0,1.0,1,1.0,1,1.0,1,0.32910993151970014,44
2133,2,4582,1674,2908,0,0,0,1.0,1,1.0,1,1.0,1,0.30178702822063874,45
2134,2,4584,1675,2909,0,0,0,1.0,1,1.0,1,1.0,1,0.30416410007196665,45
2135,8,4592,1676,2916,0,0,0,1.0,1,1.0,1,1.0,1,0.16907161422872982,46
2136,2,4594,1677,2917,0,0,0,1.0,1,1.0,1,1.0,1,0.13861162984100195,47
2137,1,4595,1678,2917,0,0,0,1.0,1,1.0,1,1.0,1,0.14999722807155347,47
2138,1,4596,1679,2917,0,0,0,1.0,1,1.0,1,1.0,1,0.15099013146570683,45
2139,2,4598,1680,2918,0,0,0,1.0,1,1.0,1,1.0,1,0.12067022837935845,45
2140,0,4598,1680,2918,0,0,0,1.0,1,1.0,1,1.0,1,0.13102671547523065,44
2141,2,4600,1681,2919,0,0,0,1.0,1,1.0,1,1.0,1,0.12374677165400241,45
2142,3,4603,1684,2919,0,0,0,1.0,1,1.0,1,1.0,1,0.14684638738296707,46
2143,2,4605,1685,2920,0,0,0,1.0,1,1.0,1,1.0,1,0.12501985813846406,46
2144,6,4611,1688,2923,0,0,0,1.0,1,1.0,1,1.0,1,0.11492077264256267,48
2145,2,4613,1690,2923,0,0,0,1.0,1,1.0,1,1.0,1,0.1355132057412416,46
2146,1,4614,1690,2924,0,0,0,1.0,1,1.0,1,1.0,1,0.1452147807969393,45
2147,4,4618,1694,2924,0,0,0,1.0,1,1.0,1,1.0,1,0.20487753686795585,44
2148,2,4620,1695,2925,0,0,0,1.0,1,1.0,1,1.0,1,0.22212432436072774,44
2149,4,4624,1697,2927,0,0,0,1.0,1,1.0,1,1.0,1,0.22531641434788274,42
2150,0,4624,1697,2927,0,0,0,1.0,1,1.0,1,1.0,1,0.20238034473068645,40
2151,1,4625,1698,2927,0,0,0,1.0,1,1.0,1,1.0,1,0.24372083457757754,39
2152,1,4626,1699,2927,0,0,0,1.0,1,1.0,1,1.0,1,0.21602517329558735,40
2153,2,4628,1700,2928,0,0,0,1.0,1,1.0,1,1.0,1,0.19314496533315637,42
2154,3,4631,1701,2930,0,0,0,1.0,1,1.0,1,1.0,1,0.23124582705178132,42
2155,2,4633,1703,2930,0,0,0,1.0,1,1.0,1,1.0,1,0.23305301040581028,41
2156,0,4633,1703,2930,0,0,0,1.0,1,1.0,1,1.0,1,0.24026551554610898,40
2157,1,4634,1704,2930,0,0,0,1.0,1,1.0,1,1.0,1,0.28128634093218513,40
2158,2,4636,1705,2931,0,0,0,1.0,1,1.0,1,1.0,1,0.2544010527488067,38
2159,0,4636,1705,2931,0,0,0,1.0,1,1.0,1,1.0,1,0.2457423003289843,38
2160,1,4637,1706,2931,0,0,0,1.0,1,1.0,1,1.0,1,0.2351399583810025,38
2161,4,4641,1708,2933,0,0,0,1.0,1,1.0,1,1.0,1,0.16869915489739976,38
2162,2,4643,1710,2933,0,0,0,1.0,1,1.0,1,1.0,1,0.21534973192533005,38
2163,3,4646,1712,2934,0,0,0,1.0,1,1.0,1,1.0,1,0.1888685418253187,40
2164,4,4650,1713,2937,0,0,0,1.0,1,1.0,1,1.0,1,0.2349689229638523,41
2165,3,4653,1713,2940,0,0,0,1.0,1,1.0,1,1.0,1,0.23077395394407876,42
2166,2,4655,1713,2942,0,0,0,1.0,1,1.0,1,1.0,1,0.23077395394407876,42
2167,1,4656,1713,2943,0,0,0,1.0,1,1.0,1,1.0,1,0.1997867728484218,43
2168,2,4658,1713,2945,0,0,0,1.0,1,1.0,1,1.0,1,0.19917822677589744,43
2169,2,4660,1713,2947,0,0,0,1.0,1,1.0,1,1.0,1,0.21792434185987883,45
2170,1,4661,1714,2947,0,0,0,1.0,1,1.0,1,1.0,1,0.1706773051408269,46
2171,4,4665,1716,2949,0,0,0,1.0,1,1.0,1,1.0,1,0.18077391909637117,48
2172,1,4666,1716,2950,0,0,0,1.0,1,1.0,1,1.0,1,0.19463027971061594,49
2173,5,4671,1717,2954,0,0,0,1.0,1,1.0,1,1.0,1,0.16902498405312608,49
2174,2,4673,1718,2955,0,0,0,1.0,1,1.0,1,1.0,1,0.19818501049060258,49
2175,6,4679,1719,2960,0,0,0,1.0,1,1.0,1,1.0,1,0.19951894955150584,49
2176,6,4685,1722,2963,0,0,0,1.0,1,1.0,1,1.0,1,0.264314033919927,51
2177,8,4693,1725,2968,0,0,0,1.0,1,1.0,1,1.0,1,0.2608343359889668,51
2178,5,4698,1725,2973,0,0,0,1.0,1,1.0,1,1.0,1,0.22105952486174807,50
2179,5,4703,1726,2977,0,0,0,1.0,1,1.0,1,1.0,1,0.17691723215506627,49
2180,2,4705,1726,2979,0,0,0,1.0,1,1.0,1,1.0,1,0.18428536423372965,47
2181,2,4707,1728,2979,0,0,0,1.0,1,1.0,1,1.0,1,0.18137100147404203,47
2182,2,4709,1730,2979,0,0,0,1.0,1,1.0,1,1.0,1,0.17028212663070655,45
2183,1,4710,1731,2979,0,0,0,1.0,1,1.0,1,1.0,1,0.16385745974611554,44
2184,4,4714,1733,2981,0,0,0,1.0,1,1.0,1,1.0,1,0.2261496061094494,43
2185,3,4717,1735,2982,0,0,0,1.0,1,1.0,1,1.0,1,0.2571299728726578,40
2186,6,4723,1741,2982,0,0,0,1.0,1,1.0,1,1.0,1,0.24946888242872184,38
2187,2,4725,1743,2982,0,0,0,1.0,1,1.0,1,1.0,1,0.20104382690752107,35
2188,3,4728,1746,2982,0,0,0,1.0,1,1.0,1,1.0,1,0.25473951626610924,34
2189,1,4729,1747,2982,0,0,0,1.0,1,1.0,1,1.0,1,0.2657504133039541,31
2190,2,4731,1749,2982,0,0,0,1.0,1,1.0,1,1.0,1,0.32940611230564365,29
2191,6,4737,1751,2986,0,0,0,1.0,1,1.0,1,1.0,1,0.21014683384986768,28
2192,0,4737,1751,2986,0,0,0,1.0,1,1.0,1,1.0,1,0.20954290824586455,29
2193,1,4738,1752,2986,0,0,0,1.0,1,1.0,1,1.0,1,0.2512974611500581,28
2194,0,4738,1752,2986,0,0,0,1.0,1,1.0,1,1.0,1,0.2401509857393647,27
2195,2,4740,1754,2986,0,0,0,1.0,1,1.0,1,1.0,1,0.2939590323163502,27
2196,2,4742,1755,2987,0,0,0,1.0,1,1.0,1,1.0,1,0.3902277742483572,27
2197,0,4742,1755,2987,0,0,0,1.0,1,1.0,1,1.0,1,0.3902277742483572,27
2198,0,4742,1755,2987,0,0,0,1.0,1,1.0,1,1.0,1,0.3600316967287395,28
2199,2,4744,1755,2989,0,0,0,1.0,1,1.0,1,1.0,1,0.31408073493916033,29
2200,1,4745,1755,2990,0,0,0,1.0,1,1.0,1,1.0,1,0.31899463282049545,31
2201,2,4747,1757,2990,0,0,0,1.0,1,1.0,1,1.0,1,0.28571420599749053,32
2202,0,4747,1757,2990,0,0,0,1.0,1,1.0,1,1.0,1,0.2730472915102696,31
2203,0,4747,1757,2990,0,0,0,1.0,1,1.0,1,1.0,1,0.2546432048916575,32
2204,1,4748,1758,2990,0,0,0,1.0,1,1.0,1,1.0,1,0.26037099009548725,32
2205,2,4750,1759,2991,0,0,0,1.0,1,1.0,1,1.0,1,0.2381710183818241,33
2206,1,4751,1759,2992,0,0,0,1.0,1,1.0,1,1.0,1,0.20700137818739328,32
2207,0,4751,1759,2992,0,0,0,1.0,1,1.0,1,1.0,1,0.2147540989989417,33
2208,3,4754,1761,2993,0,0,0,1.0,1,1.0,1,1.0,1,0.2619640834988528,35
2209,4,4758,1763,2995,0,0,0,1.0,1,1.0,1,1.0,1,0.2855930946777992,36
2210,0,4758,1763,2995,0,0,0,1.0,1,1.0,1,1.0,1,0.29280989071147995,35
2211,0,4758,1763,2995,0,0,0,1.0,1,1.0,1,1.0,1,0.3065546706776618,36
2212,2,4760,1763,2997,0,0,0,1.0,1,1.0,1,1.0,1,0.28831602857103467,37
2213,3,4763,1765,2998,0,0,0,1.0,1,1.0,1,1.0,1,0.28014586529618757,37
2214,1,4764,1766,2998,0,0,0,1.0,1,1.0,1,1.0,1,0.2690580789881466,39
2215,2,4766,1768,2998,0,0,0,1.0,1,1.0,1,1.0,1,0.29640731773922036,36
2216,2,4768,1770,2998,0,0,0,1.0,1,1.0,1,1.0,1,0.3314237990804736,37
2217,2,4770,1770,3000,0,0,0,1.0,1,1.0,1,1.0,1,0.28992461844737194,35
2218,1,4771,1771,3000,0,0,0,1.0,1,1.0,1,1.0,1,0.3187349596072221,35
2219,0,4771,1771,3000,0,0,0,1.0,1,1.0,1,1.0,1,0.2897642292722169,33
2220,0,4771,1771,3000,0,0,0,1.0,1,1.0,1,1.0,1,0.2925343406059401,31
2221,2,4773,1772,3001,0,0,0,1.0,1,1.0,1,1.0,1,0.25868983827318126,31
2222,4,4777,1774,3003,0,0,0,1.0,1,1.0,1,1.0,1,0.28632666661734296,30
2223,4,4781,1776,3005,0,0,0,1.0,1,1.0,1,1.0,1,0.26117930926813193,28
2224,2,4783,1778,3005,0,0,0,1.0,1,1.0,1,1.0,1,0.3682400945154178,29
2225,2,4785,1780,3005,0,0,0,1.0,1,1.0,1,1.0,1,0.36453651879113563,28
2226,2,4787,1780,3007,0,0,0,1.0,1,1.0,1,1.0,1,0.3240319370895057,30
2227,1,4788,1780,3008,0,0,0,1.0,1,1.0,1,1.0,1,0.2950173904471117,28
2228,2,4790,1782,3008,0,0,0,1.0,1,1.0,1,1.0,1,0.3335410251334103,29
2229,0,4790,1782,3008,0,0,0,1.0,1,1.0,1,1.0,1,0.31696951705532117,28
2230,0,4790,1782,3008,0,0,0,1.0,1,1.0,1,1.0,1,0.31667630682089115,28
2231,1,4791,1783,3008,0,0,0,1.0,1,1.0,1,1.0,1,0.36862604515801833,27
2232,0,4791,1783,3008,0,0,0,1.0,1,1.0,1,1.0,1,0.3735983566728421,27
2233,0,4791,1783,3008,0,0,0,1.0,1,1.0,1,1.0,1,0.377465658110507,28
2234,2,4793,1785,3008,0,0,0,1.0,1,1.0,1,1.0,1,0.3261710493864384,26
2235,1,4794,1786,3008,0,0,0,1.0,1,1.0,1,1.0,1,0.28568004587554097,26
2236,1,4795,1787,3008,0,0,0,1.0,1,1.0,1,1.0,1,0.29173022692918466,26
2237,3,4798,1790,3008,0,0,0,1.0,1,1.0,1,1.0,1,0.3407889454221991,26
2238,3,4801,1792,3009,0,0,0,1.0,1,1.0,1,1.0,1,0.3265678579575402,27
2239,1,4802,1793,3009,0,0,0,1.0,1,1.0,1,1.0,1,0.3508410989862942,28
2240,5,4807,1796,3011,0,0,0,1.0,1,1.0,1,1.0,1,0.26322709740229294,30
2241,3,4810,1797,3013,0,0,0,1.0,1,1.0,1,1.0,1,0.2070253385892195,29
2242,1,4811,1798,3013,0,0,0,1.0,1,1.0,1,1.0,1,0.2294881834005564,29
2243,1,4812,1799,3013,0,0,0,1.0,1,1.0,1,1.0,1,0.24198450117388098,29
2244,0,4812,1799,3013,0,0,0,1.0,1,1.0,1,1.0,1,0.24198450117388098,29
2245,0,4812,1799,3013,0,0,0,1.0,1,1.0,1,1.0,1,0.2593781756472545,30
2246,0,4812,1799,3013,0,0,0,1.0,1,1.0,1,1.0,1,0.2567727936236144,33
2247,0,4812,1799,3013,0,0,0,1.0,1,1.0,1,1.0,1,0.25734710569652697,34
2248,0,4812,1799,3013,0,0,0,1.0,1,1.0,1,1.0,1,0.25734710569652697,34
2249,0,4812,1799,3013,0,0,0,1.0,1,1.0,1,1.0,1,0.233866607115422,35
2250,0,4812,1799,3013,0,0,0,1.0,1,1.0,1,1.0,1,0.233866607115422,35
2251,0,4812,1799,3013,0,0,0,1.0,1,1.0,1,1.0,1,0.21407600709737246,36
2252,5,4817,1800,3017,0,0,0,1.0,1,1.0,1,1.0,1,0.14490804754501863,37
2253,1,4818,1801,3017,0,0,0,1.0,1,1.0,1,1.0,1,0.13471605894229471,35
2254,0,4818,1801,3017,0,0,0,1.0,1,1.0,1,1.0,1,0.13213112489516182,33
2255,0,4818,1801,3017,0,0,0,1.0,1,1.0,1,1.0,1,0.1484838516488449,35
2256,2,4820,1803,3017,0,0,0,1.0,1,1.0,1,1.0,1,0.20453388729249108,34
2257,2,4822,1805,3017,0,0,0,1.0,1,1.0,1,1.0,1,0.22301376213933372,36
2258,1,4823,1806,3017,0,0,0,1.0,1,1.0,1,1.0,1,0.2609035204064449,35
2259,2,4825,1807,3018,0,0,0,1.0,1,1.0,1,1.0,1,0.27053842199055217,35
2260,1,4826,1807,3019,0,0,0,1.0,1,1.0,1,1.0,1,0.27563060502781805,33
2261,2,4828,1808,3020,0,0,0,1.0,1,1.0,1,1.0,1,0.2771556137038155,33
2262,2,4830,1809,3021,0,0,0,1.0,1,1.0,1,1.0,1,0.3401071181151089,32
2263,1,4831,1810,3021,0,0,0,1.0,1,1.0,1,1.0,1,0.3470296176176132,31
2264,1,4832,1811,3021,0,0,0,1.0,1,1.0,1,1.0,1,0.4063278538981358,30
2265,0,4832,1811,3021,0,0,0,1.0,1,1.0,1,1.0,1,0.38597050055571985,29
2266,3,4835,1813,3022,0,0,0,1.0,1,1.0,1,1.0,1,0.32734654394719315,30
2267,2,4837,1815,3022,0,0,0,1.0,1,1.0,1,1.0,1,0.35246153075271763,29
2268,3,4840,1818,3022,0,0,0,1.0,1,1.0,1,1.0,1,0.3617580462335134,30
2269,2,4842,1819,3023,0,0,0,1.0,1,1.0,1,1.0,1,0.36892977105330055,31
2270,2,4844,1820,3024,0,0,0,1.0,1,1.0,1,1.0,1,0.2805425683564893,31
2271,4,4848,1824,3024,0,0,0,1.0,1,1.0,1,1.0,1,0.2864268814386977,31
2272,2,4850,1826,3024,0,0,0,1.0,1,1.0,1,1.0,1,0.30205566648883314,31
2273,1,4851,1827,3024,0,0,0,1.0,1,1.0,1,1.0,1,0.3640850230977097,30
2274,1,4852,1827,3025,0,0,0,1.0,1,1.0,1,1.0,1,0.3367562674154102,31
2275,1,4853,1828,3025,0,0,0,1.0,1,1.0,1,1.0,1,0.3812556282730658,32
2276,1,4854,1829,3025,0,0,0,1.0,1,1.0,1,1.0,1,0.38786875783743335,31
2277,1,4855,1829,3026,0,0,0,1.0,1,1.0,1,1.0,1,0.3626782584615627,31
2278,1,4856,1830,3026,0,0,0,1.0,1,1.0,1,1.0,1,0.35138924750612716,32
2279,1,4857,1830,3027,0,0,0,1.0,1,1.0,1,1.0,1,0.33612548551451227,32
2280,1,4858,1830,3028,0,0,0,1.0,1,1.0,1,1.0,1,0.3410350410671867,33
2281,5,4863,1830,3033,0,0,0,1.0,1,1.0,1,1.0,1,0.18680954350871834,34
2282,0,4863,1830,3033,0,0,0,1.0,1,1.0,1,1.0,1,0.18680954350871834,34
2283,0,4863,1830,3033,0,0,0,1.0,1,1.0,1,1.0,1,0.18680954350871834,34
2284,0,4863,1830,3033,0,0,0,1.0,1,1.0,1,1.0,1,0.18680954350871834,34
2285,0,4863,1830,3033,0,0,0,1.0,1,1.0,1,1.0,1,0.18833099111547708,35
2286,0,4863,1830,3033,0,0,0,1.0,1,1.0,1,1.0,1,0.22039585010330476,34
2287,3,4866,1832,3034,0,0,0,1.0,1,1.0,1,1.0,1,0.21262437182257996,35
2288,0,4866,1832,3034,0,0,0,1.0,1,1.0,1,1.0,1,0.21055927738861124,35
2289,3,4869,1833,3036,0,0,0,1.0,1,1.0,1,1.0,1,0.14922493468733292,37
2290,0,4869,1833,3036,0,0,0,1.0,1,1.0,1,1.0,1,0.2017865393169185,37
2291,2,4871,1835,3036,0,0,0,1.0,1,1.0,1,1.0,1,0.20866436004265482,35
2292,1,4872,1836,3036,0,0,0,1.0,1,1.0,1,1.0,1,0.289009316521263,35
2293,1,4873,1837,3036,0,0,0,1.0,1,1.0,1,1.0,1,0.2862272811123077,34
2294,1,4874,1837,3037,0,0,0,1.0,1,1.0,1,1.0,1,0.3047373940575499,33
2295,2,4876,1838,3038,0,0,0,1.0,1,1.0,1,1.0,1,0.30217113320251177,34
2296,0,4876,1838,3038,0,0,0,1.0,1,1.0,1,1.0,1,0.283547681289659,33
2297,0,4876,1838,3038,0,0,0,1.0,1,1.0,1,1.0,1,0.3135596334845503,32
2298,0,4876,1838,3038,0,0,0,1.0,1,1.0,1,1.0,1,0.34295533155884345,32
2299,1,4877,1839,3038,0,0,0,1.0,1,1.0,1,1.0,1,0.357062008841627,33
2300,2,4879,1840,3039,0,0,0,1.0,1,1.0,1,1.0,1,0.33720419846629335,33
2301,1,4880,1841,3039,0,0,0,1.0,1,1.0,1,1.0,1,0.3036775946539121,33
2302,2,4882,1843,3039,0,0,0,1.0,1,1.0,1,1.0,1,0.33692992037665015,34
2303,4,4886,1847,3039,0,0,0,1.0,1,1.0,1,1.0,1,0.3920279616650075,34
2304,3,4889,1848,3041,0,0,0,1.0,1,1.0,1,1.0,1,0.354190706884541,33
2305,2,4891,1850,3041,0,0,0,1.0,1,1.0,1,1.0,1,0.354770784771411,33
2306,3,4894,1852,3042,0,0,0,1.0,1,1.0,1,1.0,1,0.36435928675235746,33
2307,3,4897,1853,3044,0,0,0,1.0,1,1.0,1,1.0,1,0.3124590299651513,35
2308,0,4897,1853,3044,0,0,0,1.0,1,1.0,1,1.0,1,0.3003041226532073,34
2309,2,4899,1855,3044,0,0,0,1.0,1,1.0,1,1.0,1,0.32295691164121304,34
2310,3,4902,1856,3046,0,0,0,1.0,1,1.0,1,1.0,1,0.26786355087324687,34
2311,2,4904,1856,3048,0,0,0,1.0,1,1.0,1,1.0,1,0.21783989730559755,35
2312,2,4906,1858,3048,0,0,0,1.0,1,1.0,1,1.0,1,0.2650645544768541,34
2313,1,4907,1859,3048,0,0,0,1.0,1,1.0,1,1.0,1,0.25323114072499625,35
2314,0,4907,1859,3048,0,0,0,1.0,1,1.0,1,1.0,1,0.2669245844206212,35
2315,0,4907,1859,3048,0,0,0,1.0,1,1.0,1,1.0,1,0.28302968932718053,34
2316,1,4908,1860,3048,0,0,0,1.0,1,1.0,1,1.0,1,0.3170942754591762,35
2317,0,4908,1860,3048,0,0,0,1.0,1,1.0,1,1.0,1,0.32358057486929787,32
2318,0,4908,1860,3048,0,0,0,1.0,1,1.0,1,1.0,1,0.32358057486929787,32
2319,1,4909,1861,3048,0,0,0,1.0,1,1.0,1,1.0,1,0.3475177374397554,32
2320,0,4909,1861,3048,0,0,0,1.0,1,1.0,1,1.0,1,0.37619388246895014,32
2321,1,4910,1861,3049,0,0,0,1.0,1,1.0,1,1.0,1,0.3650972376570604,33
2322,0,4910,1861,3049,0,0,0,1.0,1,1.0,1,1.0,1,0.3650972376570604,33
2323,0,4910,1861,3049,0,0,0,1.0,1,1.0,1,1.0,1,0.3650972376570604,33
2324,3,4913,1863,3050,0,0,0,1.0,1,1.0,1,1.0,1,0.4185059103809184,34
2325,2,4915,1863,3052,0,0,0,1.0,1,1.0,1,1.0,1,0.3754760624815401,35
2326,0,4915,1863,3052,0,0,0,1.0,1,1.0,1,1.0,1,0.3754760624815401,35
2327,1,4916,1863,3053,0,0,0,1.0,1,1.0,1,1.0,1,0.373833887933112,36
2328,2,4918,1864,3054,0,0,0,1.0,1,1.0,1,1.0,1,0.42212032191389753,37
2329,1,4919,1864,3055,0,0,0,1.0,1,1.0,1,1.0,1,0.4051303514901064,37
2330,0,4919,1864,3055,0,0,0,1.0,1,1.0,1,1.0,1,0.40723730217003556,38
2331,1,4920,1864,3056,0,0,0,1.0,1,1.0,1,1.0,1,0.38827437297069106,40
2332,0,4920,1864,3056,0,0,0,1.0,1,1.0,1,1.0,1,0.38827437297069106,40
2333,1,4921,1864,3057,0,0,0,1.0,1,1.0,1,1.0,1,0.39708485798637055,41
2334,1,4922,1864,3058,0,0,0,1.0,1,1.0,1,1.0,1,0.37721227390857737,41
2335,0,4922,1864,3058,0,0,0,1.0,1,1.0,1,1.0,1,0.37721227390857737,41
2336,0,4922,1864,3058,0,0,0,1.0,1,1.0,1,1.0,1,0.37721227390857737,41
2337,0,4922,1864,3058,0,0,0,1.0,1,1.0,1,1.0,1,0.38478562941806865,42
2338,1,4923,1865,3058,0,0,0,1.0,1,1.0,1,1.0,1,0.4098816361556572,43
2339,0,4923,1865,3058,0,0,0,1.0,1,1.0,1,1.0,1,0.4098816361556572,43
2340,3,4926,1865,3061,0,0,0,1.0,1,1.0,1,1.0,1,0.36682811989699904,45
2341,5,4931,1865,3066,0,0,0,1.0,1,1.0,1,1.0,1,0.2948390473023509,45
2342,3,4934,1866,3068,0,0,0,1.0,1,1.0,1,1.0,1,0.2677748263689727,46
2343,5,4939,1867,3072,0,0,0,1.0,1,1.0,1,1.0,1,0.21886426057823705,45
2344,3,4942,1869,3073,0,0,0,1.0,1,1.0,1,1.0,1,0.255303252101098,44
2345,0,4942,1869,3073,0,0,0,1.0,1,1.0,1,1.0,1,0.24040802368628908,44
2346,1,4943,1870,3073,0,0,0,1.0,1,1.0,1,1.0,1,0.2679961166664259,44
2347,2,4945,1871,3074,0,0,0,1.0,1,1.0,1,1.0,1,0.22257673288907262,44
2348,0,4945,1871,3074,0,0,0,1.0,1,1.0,1,1.0,1,0.2191653845335729,45
2349,3,4948,1872,3076,0,0,0,1.0,1,1.0,1,1.0,1,0.20940892095136396,46
2350,1,4949,1873,3076,0,0,0,1.0,1,1.0,1,1.0,1,0.24638138229885037,47
2351,2,4951,1873,3078,0,0,0,1.0,1,1.0,1,1.0,1,0.1947984101704795,47
2352,1,4952,1874,3078,0,0,0,1.0,1,1.0,1,1.0,1,0.22986696880364046,47
2353,1,4953,1874,3079,0,0,0,1.0,1,1.0,1,1.0,1,0.17748018925858933,46
2354,1,4954,1875,3079,0,0,0,1.0,1,1.0,1,1.0,1,0.19326848652709638,47
2355,1,4955,1875,3080,0,0,0,1.0,1,1.0,1,1.0,1,0.17892570196818322,47
2356,2,4957,1877,3080,0,0,0,1.0,1,1.0,1,1.0,1,0.17446959109184998,47
2357,2,4959,1878,3081,0,0,0,1.0,1,1.0,1,1.0,1,0.14752480220774147,47
2358,1,4960,1878,3082,0,0,0,1.0,1,1.0,1,1.0,1,0.15866719117997563,48
2359,1,4961,1878,3083,0,0,0,1.0,1,1.0,1,1.0,1,0.19883221238410886,49
2360,2,4963,1879,3084,0,0,0,1.0,1,1.0,1,1.0,1,0.15695094601659001,49
2361,1,4964,1880,3084,0,0,0,1.0,1,1.0,1,1.0,1,0.18863814090751493,50
2362,1,4965,1880,3085,0,0,0,1.0,1,1.0,1,1.0,1,0.1937550207885681,51
2363,2,4967,1882,3085,0,0,0,1.0,1,1.0,1,1.0,1,0.14986194551785362,51
2364,0,4967,1882,3085,0,0,0,1.0,1,1.0,1,1.0,1,0.15992870673490509,52
2365,3,4970,1883,3087,0,0,0,1.0,1,1.0,1,1.0,1,0.1308282077673097,53
2366,4,4974,1885,3089,0,0,0,1.0,1,1.0,1,1.0,1,0.11992666284192939,54
2367,3,4977,1888,3089,0,0,0,1.0,1,1.0,1,1.0,1,0.13408691490200497,52
2368,5,4982,1891,3091,0,0,0,1.0,1,1.0,1,1.0,1,0.16350889279336858,51
2369,4,4986,1893,3093,0,0,0,1.0,1,1.0,1,1.0,1,0.1468740545122367,51
2370,4,4990,1896,3094,0,0,0,1.0,1,1.0,1,1.0,1,0.14439155230262818,52
2371,3,4993,1898,3095,0,0,0,1.0,1,1.0,1,1.0,1,0.11257247713929713,52
2372,4,4997,1900,3097,0,0,0,1.0,1,1.0,1,1.0,1,0.18134719395591162,49
2373,2,4999,1901,3098,0,0,0,1.0,1,1.0,1,1.0,1,0.1677593555828023,47
2374,1,5000,1901,3099,0,0,0,1.0,1,1.0,1,1.0,1,0.1445968472522733,45
2375,0,5000,1901,3099,0,0,0,1.0,1,1.0,1,1.0,1,0.11335832944495103,45
2376,0,5000,1901,3099,0,0,0,1.0,1,1.0,1,1.0,1,0.14050048560363343,43
2377,3,5003,1904,3099,0,0,0,1.0,1,1.0,1,1.0,1,0.1857184839879021,44
2378,0,5003,1904,3099,0,0,0,1.0,1,1.0,1,1.0,1,0.17474381674501377,43
2379,0,5003,1904,3099,0,0,0,1.0,1,1.0,1,1.0,1,0.17474381674501377,43
2380,2,5005,1906,3099,0,0,0,1.0,1,1.0,1,1.0,1,0.18279790497024195,43
2381,2,5007,1907,3100,0,0,0,1.0,1,1.0,1,1.0,1,0.20605409302755817,44
2382,2,5009,1909,3100,0,0,0,1.0,1,1.0,1,1.0,1,0.18547215813705906,44
2383,2,5011,1911,3100,0,0,0,1.0,1,1.0,1,1.0,1,0.2160942625152916,45
2384,2,5013,1912,3101,0,0,0,1.0,1,1.0,1,1.0,1,0.2268357112878453,45
2385,2,5015,1913,3102,0,0,0,1.0,1,1.0,1,1.0,1,0.2153632725307058,45
2386,4,5019,1917,3102,0,0,0,1.0,1,1.0,1,1.0,1,0.2829999373815908,46
2387,1,5020,1917,3103,0,0,0,1.0,1,1.0,1,1.0,1,0.25945463122624945,44
2388,1,5021,1918,3103,0,0,0,1.0,1,1.0,1,1.0,1,0.2628088235565075,44
2389,1,5022,1918,3104,0,0,0,1.0,1,1.0,1,1.0,1,0.2566545936978172,43
2390,6,5028,1922,3106,0,0,0,1.0,1,1.0,1,1.0,1,0.3171691422035687,44
2391,4,5032,1925,3107,0,0,0,1.0,1,1.0,1,1.0,1,0.2858549328570033,43
2392,1,5033,1925,3108,0,0,0,1.0,1,1.0,1,1.0,1,0.26701171477634156,44
2393,2,5035,1926,3109,0,0,0,1.0,1,1.0,1,1.0,1,0.30184894809531465,45
2394,0,5035,1926,3109,0,0,0,1.0,1,1.0,1,1.0,1,0.30423174986387486,44
2395,0,5035,1926,3109,0,0,0,1.0,1,1.0,1,1.0,1,0.30456768631340775,44
2396,1,5036,1927,3109,0,0,0,1.0,1,1.0,1,1.0,1,0.3005956053422722,45
2397,0,5036,1927,3109,0,0,0,1.0,1,1.0,1,1.0,1,0.31484896010875413,44
2398,2,5038,1928,3110,0,0,0,1.0,1,1.0,1,1.0,1,0.3154128693618429,44
2399,2,5040,1928,3112,0,0,0,1.0,1,1.0,1,1.0,1,0.3284608917182866,45
2400,2,5042,1928,3114,0,0,0,1.0,1,1.0,1,1.0,1,0.30914646345676355,45
2401,5,5047,1928,3119,0,0,0,1.0,1,1.0,1,1.0,1,0.20795244782807307,46
2402,4,5051,1928,3123,0,0,0,1.0,1,1.0,1,1.0,1,0.1490618372470384,47
2403,3,5054,1929,3125,0,0,0,1.0,1,1.0,1,1.0,1,0.16880724934337385,48
2404,1,5055,1929,3126,0,0,0,1.0,1,1.0,1,1.0,1,0.14934159875388356,47
2405,1,5056,1930,3126,0,0,0,1.0,1,1.0,1,1.0,1,0.12770123577993686,45
2406,0,5056,1930,3126,0,0,0,1.0,1,1.0,1,1.0,1,0.12770123577993686,45
2407,2,5058,1931,3127,0,0,0,1.0,1,1.0,1,1.0,1,0.15814889306552535,42
2408,4,5062,1933,3129,0,0,0,1.0,1,1.0,1,1.0,1,0.19746575230532704,41
2409,5,5067,1935,3132,0,0,0,1.0,1,1.0,1,1.0,1,0.18098158442747278,41
2410,2,5069,1935,3134,0,0,0,1.0,1,1.0,1,1.0,1,0.20823802683407105,40
2411,2,5071,1936,3135,0,0,0,1.0,1,1.0,1,1.0,1,0.20461845769571388,40
2412,1,5072,1936,3136,0,0,0,1.0,1,1.0,1,1.0,1,0.20852264381336066,38
2413,2,5074,1937,3137,0,0,0,1.0,1,1.0,1,1.0,1,0.2647798512172457,38
2414,5,5079,1939,3140,0,0,0,1.0,1,1.0,1,1.0,1,0.26397049344115503,36
2415,5,5084,1942,3142,0,0,0,1.0,1,1.0,1,1.0,1,0.3237637629936617,36
2416,5,5089,1942,3147,0,0,0,1.0,1,1.0,1,1.0,1,0.30523953974322215,35
2417,4,5093,1942,3151,0,0,0,1.0,1,1.0,1,1.0,1,0.3610745028071779,33
2418,4,5097,1942,3155,0,0,0,1.0,1,1.0,1,1.0,1,0.3610745028071779,33
2419,6,5103,1944,3159,0,0,0,1.0,1,1.0,1,1.0,1,0.44223114499082,33
2420,5,5108,1947,3161,0,0,0,1.0,1,1.0,1,1.0,1,0.33697885493775176,34
2421,4,5112,1948,3164,0,0,0,1.0,1,1.0,1,1.0,1,0.3552719464181429,34
2422,3,5115,1951,3164,0,0,0,1.0,1,1.0,1,1.0,1,0.31516487961611755,35
2423,1,5116,1952,3164,0,0,0,1.0,1,1.0,1,1.0,1,0.32248627825987464,36
2424,3,5119,1954,3165,0,0,0,1.0,1,1.0,1,1.0,1,0.2681117577292054,35
2425,4,5123,1956,3167,0,0,0,1.0,1,1.0,1,1.0,1,0.289460829580942,33
2426,1,5124,1957,3167,0,0,0,1.0,1,1.0,1,1.0,1,0.28655505178235,34
2427,0,5124,1957,3167,0,0,0,1.0,1,1.0,1,1.0,1,0.28030456455936364,34
2428,3,5127,1959,3168,0,0,0,1.0,1,1.0,1,1.0,1,0.2825695749520431,34
2429,2,5129,1959,3170,0,0,0,1.0,1,1.0,1,1.0,1,0.32327667173150465,34
2430,0,5129,1959,3170,0,0,0,1.0,1,1.0,1,1.0,1,0.3423238843725962,33
2431,7,5136,1961,3175,0,0,0,1.0,1,1.0,1,1.0,1,0.18208461326939787,33
2432,1,5137,1961,3176,0,0,0,1.0,1,1.0,1,1.0,1,0.1952359227792118,33
2433,3,5140,1963,3177,0,0,0,1.0,1,1.0,1,1.0,1,0.18898935478728132,34
2434,1,5141,1963,3178,0,0,0,1.0,1,1.0,1,1.0,1,0.18096804444445155,34
2435,1,5142,1964,3178,0,0,0,1.0,1,1.0,1,1.0,1,0.18581271321049436,34
2436,0,5142,1964,3178,0,0,0,1.0,1,1.0,1,1.0,1,0.20105054781449241,33
2437,0,5142,1964,3178,0,0,0,1.0,1,1.0,1,1.0,1,0.20105054781449241,33
2438,2,5144,1966,3178,0,0,0,1.0,1,1.0,1,1.0,1,0.20276844054519236,34
2439,2,5146,1966,3180,0,0,0,1.0,1,1.0,1,1.0,1,0.21429841571104224,35
2440,1,5147,1966,3181,0,0,0,1.0,1,1.0,1,1.0,1,0.20363426966780188,35
2441,3,5150,1968,3182,0,0,0,1.0,1,1.0,1,1.0,1,0.2376267162348425,35
2442,0,5150,1968,3182,0,0,0,1.0,1,1.0,1,1.0,1,0.22925717497568832,35
2443,2,5152,1969,3183,0,0,0,1.0,1,1.0,1,1.0,1,0.30609090691039037,35
2444,5,5157,1972,3185,0,0,0,1.0,1,1.0,1,1.0,1,0.32849754297157635,34
2445,3,5160,1973,3187,0,0,0,1.0,1,1.0,1,1.0,1,0.3677517297360505,33
2446,5,5165,1975,3190,0,0,0,1.0,1,1.0,1,1.0,1,0.4525548428921424,30
2447,2,5167,1975,3192,0,0,0,1.0,1,1.0,1,1.0,1,0.3636147919433455,29
2448,2,5169,1975,3194,0,0,0,1.0,1,1.0,1,1.0,1,0.36985807795253545,27
2449,0,5169,1975,3194,0,0,0,1.0,1,1.0,1,1.0,1,0.37174918726089745,26
2450,2,5171,1976,3195,0,0,0,1.0,1,1.0,1,1.0,1,0.37413828150504924,28
2451,0,5171,1976,3195,0,0,0,1.0,1,1.0,1,1.0,1,0.37413828150504924,28
2452,2,5173,1976,3197,0,0,0,1.0,1,1.0,1,1.0,1,0.32414400289407996,29
2453,2,5175,1977,3198,0,0,0,1.0,1,1.0,1,1.0,1,0.39309498193189774,30
2454,6,5181,1977,3204,0,0,0,1.0,1,1.0,1,1.0,1,0.3530733808114288,32
2455,4,5185,1979,3206,0,0,0,1.0,1,1.0,1,1.0,1,0.4076152760492651,33
2456,7,5192,1981,3211,0,0,0,1.0,1,1.0,1,1.0,1,0.4759892335471345,34
2457,5,5197,1981,3216,0,0,0,1.0,1,1.0,1,1.0,1,0.43204395421993425,34
2458,9,5206,1983,3223,0,0,0,1.0,1,1.0,1,1.0,1,0.4262340980644658,36
2459,4,5210,1983,3227,0,0,0,1.0,1,1.0,1,1.0,1,0.45101025923627697,36
2460,4,5214,1983,3231,0,0,0,1.0,1,1.0,1,1.0,1,0.3552334155540112,37
2461,5,5219,1983,3236,0,0,0,1.0,1,1.0,1,1.0,1,0.24057173072265164,37
2462,2,5221,1984,3237,0,0,0,1.0,1,1.0,1,1.0,1,0.25015231394892734,38
2463,2,5223,1985,3238,0,0,0,1.0,1,1.0,1,1.0,1,0.20828371227584133,38
2464,2,5225,1985,3240,0,0,0,1.0,1,1.0,1,1.0,1,0.14559732056520924,37
2465,0,5225,1985,3240,0,0,0,1.0,1,1.0,1,1.0,1,0.12933385677690318,36
2466,2,5227,1987,3240,0,0,0,1.0,1,1.0,1,1.0,1,0.1632229382631716,36
2467,1,5228,1987,3241,0,0,0,1.0,1,1.0,1,1.0,1,0.17464483855219567,34
2468,4,5232,1989,3243,0,0,0,1.0,1,1.0,1,1.0,1,0.17143390008263332,33
2469,1,5233,1990,3243,0,0,0,1.0,1,1.0,1,1.0,1,0.17344822430557108,32
2470,5,5238,1993,3245,0,0,0,1.0,1,1.0,1,1.0,1,0.2811951002486288,33
2471,0,5238,1993,3245,0,0,0,1.0,1,1.0,1,1.0,1,0.3011599164438907,31
2472,0,5238,1993,3245,0,0,0,1.0,1,1.0,1,1.0,1,0.31561032492767005,32
2473,0,5238,1993,3245,0,0,0,1.0,1,1.0,1,1.0,1,0.32447866679573906,31
2474,1,5239,1994,3245,0,0,0,1.0,1,1.0,1,1.0,1,0.3499251546476078,33
2475,4,5243,1995,3248,0,0,0,1.0,1,1.0,1,1.0,1,0.32094759767768033,33
2476,1,5244,1996,3248,0,0,0,1.0,1,1.0,1,1.0,1,0.33820130911472995,33
2477,3,5247,1998,3249,0,0,0,1.0,1,1.0,1,1.0,1,0.36047756524423624,33
2478,0,5247,1998,3249,0,0,0,1.0,1,1.0,1,1.0,1,0.36047756524423624,33
2479,1,5248,1999,3249,0,0,0,1.0,1,1.0,1,1.0,1,0.3856578240352739,33
2480,2,5250,2000,3250,0,0,0,1.0,1,1.0,1,1.0,1,0.357595664597433,34
2481,2,5252,2001,3251,0,0,0,1.0,1,1.0,1,1.0,1,0.36450226098286864,33
2482,2,5254,2002,3252,0,0,0,1.0,1,1.0,1,1.0,1,0.3040673863160668,34
2483,1,5255,2002,3253,0,0,0,1.0,1,1.0,1,1.0,1,0.2472828633826341,33
2484,1,5256,2003,3253,0,0,0,1.0,1,1.0,1,1.0,1,0.23677466648589665,32
2485,0,5256,2003,3253,0,0,0,1.0,1,1.0,1,1.0,1,0.22604576466058182,31
2486,1,5257,2004,3253,0,0,0,1.0,1,1.0,1,1.0,1,0.21710470640471,29
2487,0,5257,2004,3253,0,0,0,1.0,1,1.0,1,1.0,1,0.21710470640471,29
2488,2,5259,2005,3254,0,0,0,1.0,1,1.0,1,1.0,1,0.22996699803619566,30
2489,1,5260,2005,3255,0,0,0,1.0,1,1.0,1,1.0,1,0.27916251663630504,29
2490,1,5261,2006,3255,0,0,0,1.0,1,1.0,1,1.0,1,0.30897027757322415,30
2491,2,5263,2008,3255,0,0,0,1.0,1,1.0,1,1.0,1,0.276286847474794,30
2492,1,5264,2008,3256,0,0,0,1.0,1,1.0,1,1.0,1,0.2385429550482773,29
2493,0,5264,2008,3256,0,0,0,1.0,1,1.0,1,1.0,1,0.2385429550482773,29
2494,0,5264,2008,3256,0,0,0,1.0,1,1.0,1,1.0,1,0.23329561143919622,28
2495,1,5265,2009,3256,0,0,0,1.0,1,1.0,1,1.0,1,0.2812254539420166,29
2496,0,5265,2009,3256,0,0,0,1.0,1,1.0,1,1.0,1,0.2658942600329502,28
2497,0,5265,2009,3256,0,0,0,1.0,1,1.0,1,1.0,1,0.27560510395282134,28
2498,2,5267,2010,3257,0,0,0,1.0,1,1.0,1,1.0,1,0.28088900300727554,29
2499,1,5268,2011,3257,0,0,0,1.0,1,1.0,1,1.0,1,0.32441434914425044,30
2500,3,5271,2013,3258,0,0,0,1.0,1,1.0,1,1.0,1,0.28092985978085844,29
2501,2,5273,2014,3259,0,0,0,1.0,1,1.0,1,1.0,1,0.2921223951522404,33
2502,4,5277,2017,3260,0,0,0,1.0,1,1.0,1,1.0,1,0.25586348682294524,33
2503,1,5278,2018,3260,0,0,0,1.0,1,1.0,1,1.0,1,0.24500630779162283,31
2504,4,5282,2022,3260,0,0,0,1.0,1,1.0,1,1.0,1,0.266672188652456,31
2505,3,5285,2023,3262,0,0,0,1.0,1,1.0,1,1.0,1,0.23529460857600176,32
2506,4,5289,2027,3262,0,0,0,1.0,1,1.0,1,1.0,1,0.3193965942907829,31
2507,2,5291,2029,3262,0,0,0,1.0,1,1.0,1,1.0,1,0.23320805901953773,29
2508,4,5295,2031,3264,0,0,0,1.0,1,1.0,1,1.0,1,0.22169214332609402,31
2509,0,5295,2031,3264,0,0,0,1.0,1,1.0,1,1.0,1,0.23044233426542063,30
2510,1,5296,2031,3265,0,0,0,1.0,1,1.0,1,1.0,1,0.21755255569468512,31
2511,0,5296,2031,3265,0,0,0,1.0,1,1.0,1,1.0,1,0.2036948976268615,32
2512,3,5299,2034,3265,0,0,0,1.0,1,1.0,1,1.0,1,0.19388592936161222,32
2513,3,5302,2036,3266,0,0,0,1.0,1,1.0,1,1.0,1,0.17544927277081132,34
2514,4,5306,2038,3268,0,0,0,1.0,1,1.0,1,1.0,1,0.19414793703713368,35
2515,3,5309,2040,3269,0,0,0,1.0,1,1.0,1,1.0,1,0.20925829074532126,35
2516,1,5310,2041,3269,0,0,0,1.0,1,1.0,1,1.0,1,0.20882393779244812,34
2517,1,5311,2042,3269,0,0,0,1.0,1,1.0,1,1.0,1,0.24921631535530173,34
2518,2,5313,2044,3269,0,0,0,1.0,1,1.0,1,1.0,1,0.2832190588054915,33
2519,2,5315,2045,3270,0,0,0,1.0,1,1.0,1,1.0,1,0.24131486286521553,32
2520,1,5316,2046,3270,0,0,0,1.0,1,1.0,1,1.0,1,0.292624735175718,31
2521,3,5319,2046,3273,0,0,0,1.0,1,1.0,1,1.0,1,0.16408491769685804,31
2522,0,5319,2046,3273,0,0,0,1.0,1,1.0,1,1.0,1,0.1626021487545054,30
2523,0,5319,2046,3273,0,0,0,1.0,1,1.0,1,1.0,1,0.15652508213059427,30
2524,1,5320,2046,3274,0,0,0,1.0,1,1.0,1,1.0,1,0.27188522878335464,29
2525,2,5322,2047,3275,0,0,0,1.0,1,1.0,1,1.0,1,0.286609659220183,29
2526,0,5322,2047,3275,0,0,0,1.0,1,1.0,1,1.0,1,0.29124662725789247,27
2527,0,5322,2047,3275,0,0,0,1.0,1,1.0,1,1.0,1,0.30531424969336945,28
2528,0,5322,2047,3275,0,0,0,1.0,1,1.0,1,1.0,1,0.30531424969336945,28
2529,0,5322,2047,3275,0,0,0,1.0,1,1.0,1,1.0,1,0.30531424969336945,28
2530,0,5322,2047,3275,0,0,0,1.0,1,1.0,1,1.0,1,0.31612999472312125,29
2531,0,5322,2047,3275,0,0,0,1.0,1,1.0,1,1.0,1,0.33629225295494747,30
2532,1,5323,2047,3276,0,0,0,1.0,1,1.0,1,1.0,1,0.344068476353671,31
2533,0,5323,2047,3276,0,0,0,1.0,1,1.0,1,1.0,1,0.344068476353671,31
2534,0,5323,2047,3276,0,0,0,1.0,1,1.0,1,1.0,1,0.344068476353671,31
2535,1,5324,2048,3276,0,0,0,1.0,1,1.0,1,1.0,1,0.3975954612976566,31
2536,2,5326,2049,3277,0,0,0,1.0,1,1.0,1,1.0,1,0.44707412934311813,32
2537,4,5330,2050,3280,0,0,0,1.0,1,1.0,1,1.0,1,0.3186188432334876,33
2538,0,5330,2050,3280,0,0,0,1.0,1,1.0,1,1.0,1,0.32772642142432107,35
2539,2,5332,2052,3280,0,0,0,1.0,1,1.0,1,1.0,1,0.3172165530623546,37
2540,1,5333,2053,3280,0,0,0,1.0,1,1.0,1,1.0,1,0.3217459664847611,38
2541,3,5336,2055,3281,0,0,0,1.0,1,1.0,1,1.0,1,0.28190914610213885,39
2542,3,5339,2057,3282,0,0,0,1.0,1,1.0,1,1.0,1,0.29555100967415254,38
2543,5,5344,2061,3283,0,0,0,1.0,1,1.0,1,1.0,1,0.33857086254909413,41
2544,3,5347,2063,3284,0,0,0,1.0,1,1.0,1,1.0,1,0.34709360237039044,39
2545,3,5350,2064,3286,0,0,0,1.0,1,1.0,1,1.0,1,0.3700689262594051,40
2546,1,5351,2064,3287,0,0,0,1.0,1,1.0,1,1.0,1,0.31682836609945697,38
2547,2,5353,2066,3287,0,0,0,1.0,1,1.0,1,1.0,1,0.31785959333218494,38
2548,1,5354,2066,3288,0,0,0,1.0,1,1.0,1,1.0,1,0.3002212559213539,35
2549,3,5357,2069,3288,0,0,0,1.0,1,1.0,1,1.0,1,0.35990747682063445,35
2550,2,5359,2070,3289,0,0,0,1.0,1,1.0,1,1.0,1,0.37227167741997463,33
2551,4,5363,2071,3292,0,0,0,1.0,1,1.0,1,1.0,1,0.3388388815793303,31
2552,0,5363,2071,3292,0,0,0,1.0,1,1.0,1,1.0,1,0.3784806004302188,30
2553,1,5364,2071,3293,0,0,0,1.0,1,1.0,1,1.0,1,0.3617094330178832,30
2554,2,5366,2071,3295,0,0,0,1.0,1,1.0,1,1.0,1,0.3179314587310354,32
2555,3,5369,2072,3297,0,0,0,1.0,1,1.0,1,1.0,1,0.33258264921428177,32
2556,1,5370,2072,3298,0,0,0,1.0,1,1.0,1,1.0,1,0.2910439593578636,32
2557,0,5370,2072,3298,0,0,0,1.0,1,1.0,1,1.0,1,0.2711633343554973,30
2558,1,5371,2073,3298,0,0,0,1.0,1,1.0,1,1.0,1,0.2995754183332172,31
2559,0,5371,2073,3298,0,0,0,1.0,1,1.0,1,1.0,1,0.3171010264686236,30
2560,0,5371,2073,3298,0,0,0,1.0,1,1.0,1,1.0,1,0.3171010264686236,30
2561,0,5371,2073,3298,0,0,0,1.0,1,1.0,1,1.0,1,0.3171010264686236,30
2562,1,5372,2073,3299,0,0,0,1.0,1,1.0,1,1.0,1,0.3256220869817078,33
2563,0,5372,2073,3299,0,0,0,1.0,1,1.0,1,1.0,1,0.3256220869817078,33
2564,0,5372,2073,3299,0,0,0,1.0,1,1.0,1,1.0,1,0.3256220869817078,33
2565,0,5372,2073,3299,0,0,0,1.0,1,1.0,1,1.0,1,0.3256220869817078,33
2566,2,5374,2073,3301,0,0,0,1.0,1,1.0,1,1.0,1,0.27112432273412396,35
2567,0,5374,2073,3301,0,0,0,1.0,1,1.0,1,1.0,1,0.28805920973376714,36
2568,1,5375,2074,3301,0,0,0,1.0,1,1.0,1,1.0,1,0.33638085432554043,37
2569,1,5376,2074,3302,0,0,0,1.0,1,1.0,1,1.0,1,0.3221195729324594,37
2570,1,5377,2074,3303,0,0,0,1.0,1,1.0,1,1.0,1,0.331157731934145,37
2571,2,5379,2074,3305,0,0,0,1.0,1,1.0,1,1.0,1,0.2874619853155001,37
2572,0,5379,2074,3305,0,0,0,1.0,1,1.0,1,1.0,1,0.27195954625233776,39
2573,0,5379,2074,3305,0,0,0,1.0,1,1.0,1,1.0,1,0.27195954625233776,39
2574,0,5379,2074,3305,0,0,0,1.0,1,1.0,1,1.0,1,0.29656791135697336,38
2575,0,5379,2074,3305,0,0,0,1.0,1,1.0,1,1.0,1,0.29656791135697336,38
2576,0,5379,2074,3305,0,0,0,1.0,1,1.0,1,1.0,1,0.32216674753394314,37
2577,1,5380,2074,3306,0,0,0,1.0,1,1.0,1,1.0,1,0.3225693733528717,39
2578,1,5381,2075,3306,0,0,0,1.0,1,1.0,1,1.0,1,0.34137359963393665,40
2579,0,5381,2075,3306,0,0,0,1.0,1,1.0,1,1.0,1,0.33260999577639033,41
2580,2,5383,2076,3307,0,0,0,1.0,1,1.0,1,1.0,1,0.33220871842671496,42
2581,3,5386,2076,3310,0,0,0,1.0,1,1.0,1,1.0,1,0.29950000339754373,43
2582,1,5387,2076,3311,0,0,0,1.0,1,1.0,1,1.0,1,0.27971266601293654,43
2583,4,5391,2077,3314,0,0,0,1.0,1,1.0,1,1.0,1,0.2772459413011303,43
2584,0,5391,2077,3314,0,0,0,1.0,1,1.0,1,1.0,1,0.272137238340001,43
2585,1,5392,2078,3314,0,0,0,1.0,1,1.0,1,1.0,1,0.30964346793743763,44
2586,5,5397,2079,3318,0,0,0,1.0,1,1.0,1,1.0,1,0.2677025551869722,43
2587,2,5399,2081,3318,0,0,0,1.0,1,1.0,1,1.0,1,0.27030574970580035,44
2588,0,5399,2081,3318,0,0,0,1.0,1,1.0,1,1.0,1,0.27030574970580035,44
2589,7,5406,2083,3323,0,0,0,1.0,1,1.0,1,1.0,1,0.14575116835148702,44
2590,0,5406,2083,3323,0,0,0,1.0,1,1.0,1,1.0,1,0.14575116835148702,44
2591,0,5406,2083,3323,0,0,0,1.0,1,1.0,1,1.0,1,0.14575116835148702,44
2592,1,5407,2084,3323,0,0,0,1.0,1,1.0,1,1.0,1,0.18315623375521362,44
2593,1,5408,2085,3323,0,0,0,1.0,1,1.0,1,1.0,1,0.16153714508342362,43
2594,6,5414,2087,3327,0,0,0,1.0,1,1.0,1,1.0,1,0.19241028070960345,48
2595,1,5415,2087,3328,0,0,0,1.0,1,1.0,1,1.0,1,0.16817934935247703,45
2596,1,5416,2088,3328,0,0,0,1.0,1,1.0,1,1.0,1,0.17617661242041271,46
2597,1,5417,2089,3328,0,0,0,1.0,1,1.0,1,1.0,1,0.18152957239940182,45
2598,1,5418,2090,3328,0,0,0,1.0,1,1.0,1,1.0,1,0.19992473698448968,45
2599,2,5420,2092,3328,0,0,0,1.0,1,1.0,1,1.0,1,0.2392330982184284,45
2600,3,5423,2094,3329,0,0,0,1.0,1,1.0,1,1.0,1,0.2854298065058768,48
2601,1,5424,2095,3329,0,0,0,1.0,1,1.0,1,1.0,1,0.3169050682100968,47
2602,0,5424,2095,3329,0,0,0,1.0,1,1.0,1,1.0,1,0.3308610757599926,48
2603,0,5424,2095,3329,0,0,0,1.0,1,1.0,1,1.0,1,0.3308610757599926,48
2604,1,5425,2096,3329,0,0,0,1.0,1,1.0,1,1.0,1,0.3366178144403039,47
2605,2,5427,2097,3330,0,0,0,1.0,1,1.0,1,1.0,1,0.32507008866191445,47
2606,2,5429,2098,3331,0,0,0,1.0,1,1.0,1,1.0,1,0.3129667522460305,46
2607,1,5430,2098,3332,0,0,0,1.0,1,1.0,1,1.0,1,0.2985114825207084,45
2608,2,5432,2099,3333,0,0,0,1.0,1,1.0,1,1.0,1,0.24076006375677994,45
2609,2,5434,2100,3334,0,0,0,1.0,1,1.0,1,1.0,1,0.25878686421747826,44
2610,1,5435,2101,3334,0,0,0,1.0,1,1.0,1,1.0,1,0.24705695359695898,45
2611,8,5443,2105,3338,0,0,0,1.0,1,1.0,1,1.0,1,0.22596520770734313,46
2612,2,5445,2106,3339,0,0,0,1.0,1,1.0,1,1.0,1,0.23044921080158765,47
2613,5,5450,2107,3343,0,0,0,1.0,1,1.0,1,1.0,1,0.230761710019676,48
2614,4,5454,2109,3345,0,0,0,1.0,1,1.0,1,1.0,1,0.22979800923316715,48
2615,3,5457,2111,3346,0,0,0,1.0,1,1.0,1,1.0,1,0.23369794153517634,49
2616,3,5460,2112,3348,0,0,0,1.0,1,1.0,1,1.0,1,0.22803090180125407,49
2617,2,5462,2112,3350,0,0,0,1.0,1,1.0,1,1.0,1,0.24250308140471355,48
2618,1,5463,2112,3351,0,0,0,1.0,1,1.0,1,1.0,1,0.2406120724271875,47
2619,0,5463,2112,3351,0,0,0,1.0,1,1.0,1,1.0,1,0.2268393824925383,50
2620,3,5466,2112,3354,0,0,0,1.0,1,1.0,1,1.0,1,0.22484970380802183,51
2621,3,5469,2113,3356,0,0,0,1.0,1,1.0,1,1.0,1,0.24887951111789394,52
2622,2,5471,2114,3357,0,0,0,1.0,1,1.0,1,1.0,1,0.21106469735318847,52
2623,3,5474,2117,3357,0,0,0,1.0,1,1.0,1,1.0,1,0.1946164435347021,53
2624,1,5475,2118,3357,0,0,0,1.0,1,1.0,1,1.0,1,0.20639539863583467,51
2625,1,5476,2119,3357,0,0,0,1.0,1,1.0,1,1.0,1,0.21796952730138536,50
2626,5,5481,2122,3359,0,0,0,1.0,1,1.0,1,1.0,1,0.21003779708601975,49
2627,1,5482,2123,3359,0,0,0,1.0,1,1.0,1,1.0,1,0.21774358009993475,48
2628,2,5484,2124,3360,0,0,0,1.0,1,1.0,1,1.0,1,0.2543410237571242,48
2629,2,5486,2126,3360,0,0,0,1.0,1,1.0,1,1.0,1,0.21450378200255807,47
2630,2,5488,2126,3362,0,0,0,1.0,1,1.0,1,1.0,1,0.19736327970296233,47
2631,0,5488,2126,3362,0,0,0,1.0,1,1.0,1,1.0,1,0.19744744401301095,47
2632,2,5490,2128,3362,0,0,0,1.0,1,1.0,1,1.0,1,0.24307632930183903,47
2633,0,5490,2128,3362,0,0,0,1.0,1,1.0,1,1.0,1,0.2485528225800385,44
2634,1,5491,2129,3362,0,0,0,1.0,1,1.0,1,1.0,1,0.279052666866597,44
2635,4,5495,2133,3362,0,0,0,1.0,1,1.0,1,1.0,1,0.3496689892065012,45
2636,3,5498,2136,3362,0,0,0,1.0,1,1.0,1,1.0,1,0.3329291816899431,40
2637,3,5501,2138,3363,0,0,0,1.0,1,1.0,1,1.0,1,0.3331645389604032,41
2638,1,5502,2139,3363,0,0,0,1.0,1,1.0,1,1.0,1,0.3330414803645603,38
2639,1,5503,2140,3363,0,0,0,1.0,1,1.0,1,1.0,1,0.32724479634240283,39
2640,2,5505,2142,3363,0,0,0,1.0,1,1.0,1,1.0,1,0.36664374355483975,38
2641,11,5516,2145,3371,0,0,0,1.0,1,1.0,1,1.0,1,0.14470575390928736,37
2642,2,5518,2147,3371,0,0,0,1.0,1,1.0,1,1.0,1,0.20891689722384524,38
2643,0,5518,2147,3371,0,0,0,1.0,1,1.0,1,1.0,1,0.16684909866366107,37
2644,0,5518,2147,3371,0,0,0,1.0,1,1.0,1,1.0,1,0.1459272212130127,36
2645,2,5520,2148,3372,0,0,0,1.0,1,1.0,1,1.0,1,0.14540595043689805,35
2646,0,5520,2148,3372,0,0,0,1.0,1,1.0,1,1.0,1,0.1451208136562556,35
2647,0,5520,2148,3372,0,0,0,1.0,1,1.0,1,1.0,1,0.16825372498488508,35
2648,0,5520,2148,3372,0,0,0,1.0,1,1.0,1,1.0,1,0.16580578092113177,36
2649,1,5521,2149,3372,0,0,0,1.0,1,1.0,1,1.0,1,0.1555258400835014,37
2650,2,5523,2150,3373,0,0,0,1.0,1,1.0,1,1.0,1,0.1917253663784746,39
2651,1,5524,2151,3373,0,0,0,1.0,1,1.0,1,1.0,1,0.18248611853883728,39
2652,0,5524,2151,3373,0,0,0,1.0,1,1.0,1,1.0,1,0.18248611853883728,39
2653,0,5524,2151,3373,0,0,0,1.0,1,1.0,1,1.0,1,0.18248611853883728,39
2654,1,5525,2151,3374,0,0,0,1.0,1,1.0,1,1.0,1,0.19545623104764726,40
2655,1,5526,2151,3375,0,0,0,1.0,1,1.0,1,1.0,1,0.18149018020853405,40
2656,0,5526,2151,3375,0,0,0,1.0,1,1.0,1,1.0,1,0.19555014852697464,39
2657,0,5526,2151,3375,0,0,0,1.0,1,1.0,1,1.0,1,0.21653329476829805,40
2658,2,5528,2152,3376,0,0,0,1.0,1,1.0,1,1.0,1,0.2885283900620504,41
2659,7,5535,2154,3381,0,0,0,1.0,1,1.0,1,1.0,1,0.35581478565084546,41
2660,5,5540,2154,3386,0,0,0,1.0,1,1.0,1,1.0,1,0.3381180938802918,40
2661,7,5547,2156,3391,0,0,0,1.0,1,1.0,1,1.0,1,0.3097634442540836,40
2662,4,5551,2158,3393,0,0,0,1.0,1,1.0,1,1.0,1,0.2629479257383991,42
2663,1,5552,2159,3393,0,0,0,1.0,1,1.0,1,1.0,1,0.21174536512475298,41
2664,2,5554,2160,3394,0,0,0,1.0,1,1.0,1,1.0,1,0.1947983315780152,42
2665,3,5557,2161,3396,0,0,0,1.0,1,1.0,1,1.0,1,0.1302474198240454,43
2666,2,5559,2163,3396,0,0,0,1.0,1,1.0,1,1.0,1,0.14412956365479937,44
2667,4,5563,2166,3397,0,0,0,1.0,1,1.0,1,1.0,1,0.18598369621526345,42
2668,1,5564,2167,3397,0,0,0,1.0,1,1.0,1,1.0,1,0.2115649504858381,41
2669,5,5569,2170,3399,0,0,0,1.0,1,1.0,1,1.0,1,0.2558217516382896,42
2670,2,5571,2171,3400,0,0,0,1.0,1,1.0,1,1.0,1,0.2909703357276822,40
2671,5,5576,2174,3402,0,0,0,1.0,1,1.0,1,1.0,1,0.3223341159159679,39
2672,1,5577,2175,3402,0,0,0,1.0,1,1.0,1,1.0,1,0.3097416596344503,36
2673,1,5578,2176,3402,0,0,0,1.0,1,1.0,1,1.0,1,0.3462005439659323,35
2674,1,5579,2176,3403,0,0,0,1.0,1,1.0,1,1.0,1,0.2571176753974128,33
2675,2,5581,2176,3405,0,0,0,1.0,1,1.0,1,1.0,1,0.18687277847684258,34
2676,0,5581,2176,3405,0,0,0,1.0,1,1.0,1,1.0,1,0.18709476056185834,32
2677,3,5584,2179,3405,0,0,0,1.0,1,1.0,1,1.0,1,0.2402602925486389,33
2678,0,5584,2179,3405,0,0,0,1.0,1,1.0,1,1.0,1,0.2613206727965973,33
2679,2,5586,2180,3406,0,0,0,1.0,1,1.0,1,1.0,1,0.32819033600687214,32
2680,2,5588,2182,3406,0,0,0,1.0,1,1.0,1,1.0,1,0.3642692711441181,32
2681,0,5588,2182,3406,0,0,0,1.0,1,1.0,1,1.0,1,0.35098595513670167,32
2682,2,5590,2184,3406,0,0,0,1.0,1,1.0,1,1.0,1,0.36021926277177946,33
2683,0,5590,2184,3406,0,0,0,1.0,1,1.0,1,1.0,1,0.33490812772969386,32
2684,0,5590,2184,3406,0,0,0,1.0,1,1.0,1,1.0,1,0.3460406265388036,31
2685,0,5590,2184,3406,0,0,0,1.0,1,1.0,1,1.0,1,0.3460406265388036,31
2686,0,5590,2184,3406,0,0,0,1.0,1,1.0,1,1.0,1,0.367167698692395,30
2687,2,5592,2184,3408,0,0,0,1.0,1,1.0,1,1.0,1,0.30397266864467826,30
2688,1,5593,2185,3408,0,0,0,1.0,1,1.0,1,1.0,1,0.34563054489536954,30
2689,2,5595,2186,3409,0,0,0,1.0,1,1.0,1,1.0,1,0.30116052345155647,31
2690,3,5598,2189,3409,0,0,0,1.0,1,1.0,1,1.0,1,0.233087660023269,31
2691,3,5601,2191,3410,0,0,0,1.0,1,1.0,1,1.0,1,0.29054586845800007,32
2692,2,5603,2192,3411,0,0,0,1.0,1,1.0,1,1.0,1,0.2782570163332192,32
2693,3,5606,2194,3412,0,0,0,1.0,1,1.0,1,1.0,1,0.3331271533370919,33
2694,1,5607,2194,3413,0,0,0,1.0,1,1.0,1,1.0,1,0.3165923884429941,34
2695,1,5608,2194,3414,0,0,0,1.0,1,1.0,1,1.0,1,0.31708166110916164,35
2696,0,5608,2194,3414,0,0,0,1.0,1,1.0,1,1.0,1,0.31708166110916164,35
2697,3,5611,2196,3415,0,0,0,1.0,1,1.0,1,1.0,1,0.29891277758341067,35
2698,4,5615,2197,3418,0,0,0,1.0,1,1.0,1,1.0,1,0.3149409340664623,36
2699,2,5617,2197,3420,0,0,0,1.0,1,1.0,1,1.0,1,0.3120440402281192,36
2700,3,5620,2197,3423,0,0,0,1.0,1,1.0,1,1.0,1,0.32265011874122074,37
2701,4,5624,2198,3426,0,0,0,1.0,1,1.0,1,1.0,1,0.24958386132303662,37
2702,4,5628,2200,3428,0,0,0,1.0,1,1.0,1,1.0,1,0.22800920955301898,37
2703,1,5629,2201,3428,0,0,0,1.0,1,1.0,1,1.0,1,0.22687769584173167,38
2704,2,5631,2202,3429,0,0,0,1.0,1,1.0,1,1.0,1,0.229935219308571,37
2705,2,5633,2204,3429,0,0,0,1.0,1,1.0,1,1.0,1,0.24598910546371364,36
2706,1,5634,2205,3429,0,0,0,1.0,1,1.0,1,1.0,1,0.2750503683716438,36
2707,2,5636,2206,3430,0,0,0,1.0,1,1.0,1,1.0,1,0.29888499601706736,35
2708,2,5638,2208,3430,0,0,0,1.0,1,1.0,1,1.0,1,0.33553782602000254,36
2709,2,5640,2210,3430,0,0,0,1.0,1,1.0,1,1.0,1,0.2883948244813272,32
2710,2,5642,2212,3430,0,0,0,1.0,1,1.0,1,1.0,1,0.3872828874978984,29
2711,1,5643,2213,3430,0,0,0,1.0,1,1.0,1,1.0,1,0.3997672326096062,29
2712,1,5644,2214,3430,0,0,0,1.0,1,1.0,1,1.0,1,0.4646401541137345,28
2713,1,5645,2214,3431,0,0,0,1.0,1,1.0,1,1.0,1,0.4401528089030653,28
2714,2,5647,2216,3431,0,0,0,1.0,1,1.0,1,1.0,1,0.5143008151813893,26
2715,0,5647,2216,3431,0,0,0,1.0,1,1.0,1,1.0,1,0.5138089258425944,24
2716,3,5650,2218,3432,0,0,0,1.0,1,1.0,1,1.0,1,0.42577344418279534,24
2717,3,5653,2220,3433,0,0,0,1.0,1,1.0,1,1.0,1,0.39634048782335973,25
2718,1,5654,2220,3434,0,0,0,1.0,1,1.0,1,1.0,1,0.31214663339875487,25
2719,6,5660,2223,3437,0,0,0,1.0,1,1.0,1,1.0,1,0.26635088221733993,25
2720,3,5663,2225,3438,0,0,0,1.0,1,1.0,1,1.0,1,0.2891589906656181,25
2721,2,5665,2227,3438,0,0,0,1.0,1,1.0,1,1.0,1,0.27805935732358894,25
2722,1,5666,2228,3438,0,0,0,1.0,1,1.0,1,1.0,1,0.2725626804585814,26
2723,0,5666,2228,3438,0,0,0,1.0,1,1.0,1,1.0,1,0.2725626804585814,26
2724,1,5667,2229,3438,0,0,0,1.0,1,1.0,1,1.0,1,0.29553925348666815,27
2725,1,5668,2229,3439,0,0,0,1.0,1,1.0,1,1.0,1,0.26602679925664596,28
2726,1,5669,2230,3439,0,0,0,1.0,1,1.0,1,1.0,1,0.2760964613960743,28
2727,1,5670,2230,3440,0,0,0,1.0,1,1.0,1,1.0,1,0.2685337116666855,29
2728,0,5670,2230,3440,0,0,0,1.0,1,1.0,1,1.0,1,0.2685337116666855,29
2729,0,5670,2230,3440,0,0,0,1.0,1,1.0,1,1.0,1,0.2530608825056227,29
2730,1,5671,2230,3441,0,0,0,1.0,1,1.0,1,1.0,1,0.20119837956646588,29
2731,2,5673,2231,3442,0,0,0,1.0,1,1.0,1,1.0,1,0.17908446259137298,30
2732,0,5673,2231,3442,0,0,0,1.0,1,1.0,1,1.0,1,0.16955844333991965,29
2733,0,5673,2231,3442,0,0,0,1.0,1,1.0,1,1.0,1,0.16955844333991965,29
2734,0,5673,2231,3442,0,0,0,1.0,1,1.0,1,1.0,1,0.16955844333991965,29
2735,1,5674,2232,3442,0,0,0,1.0,1,1.0,1,1.0,1,0.2009724362806651,29
2736,1,5675,2233,3442,0,0,0,1.0,1,1.0,1,1.0,1,0.2504438280624739,30
2737,0,5675,2233,3442,0,0,0,1.0,1,1.0,1,1.0,1,0.26292891243555444,30
2738,2,5677,2235,3442,0,0,0,1.0,1,1.0,1,1.0,1,0.3035035007951651,30
2739,1,5678,2236,3442,0,0,0,1.0,1,1.0,1,1.0,1,0.3705675703623021,29
2740,2,5680,2238,3442,0,0,0,1.0,1,1.0,1,1.0,1,0.41763281848451933,29
2741,4,5684,2239,3445,0,0,0,1.0,1,1.0,1,1.0,1,0.41711138179186147,28
2742,3,5687,2240,3447,0,0,0,1.0,1,1.0,1,1.0,1,0.40453689547249966,28
2743,0,5687,2240,3447,0,0,0,1.0,1,1.0,1,1.0,1,0.4143210840721833,29
2744,0,5687,2240,3447,0,0,0,1.0,1,1.0,1,1.0,1,0.3965439635770687,27
2745,1,5688,2241,3447,0,0,0,1.0,1,1.0,1,1.0,1,0.4051604459518267,25
2746,2,5690,2242,3448,0,0,0,1.0,1,1.0,1,1.0,1,0.45490808900564406,25
2747,3,5693,2244,3449,0,0,0,1.0,1,1.0,1,1.0,1,0.5001359529693045,23
2748,1,5694,2245,3449,0,0,0,1.0,1,1.0,1,1.0,1,0.5226060769977016,22
2749,0,5694,2245,3449,0,0,0,1.0,1,1.0,1,1.0,1,0.5636012144781136,19
2750,1,5695,2246,3449,0,0,0,1.0,1,1.0,1,1.0,1,0.5869614337991621,18
2751,0,5695,2246,3449,0,0,0,1.0,1,1.0,1,1.0,1,0.5997688344997733,16
2752,0,5695,2246,3449,0,0,0,1.0,1,1.0,1,1.0,1,0.5861855464460459,15
2753,0,5695,2246,3449,0,0,0,1.0,1,1.0,1,1.0,1,0.5861855464460459,15
2754,0,5695,2246,3449,0,0,0,1.0,1,1.0,1,1.0,1,0.5861855464460459,15
2755,0,5695,2246,3449,0,0,0,1.0,1,1.0,1,1.0,1,0.5861855464460459,15
2756,1,5696,2247,3449,0,0,0,1.0,1,1.0,1,1.0,1,0.5559390487960585,16
2757,0,5696,2247,3449,0,0,0,1.0,1,1.0,1,1.0,1,0.5349155616676644,17
2758,0,5696,2247,3449,0,0,0,1.0,1,1.0,1,1.0,1,0.5349155616676644,17
2759,0,5696,2247,3449,0,0,0,1.0,1,1.0,1,1.0,1,0.5307638274026114,18
2760,0,5696,2247,3449,0,0,0,1.0,1,1.0,1,1.0,1,0.5307638274026114,18
2761,0,5696,2247,3449,0,0,0,1.0,1,1.0,1,1.0,1,0.5307638274026114,18
2762,0,5696,2247,3449,0,0,0,1.0,1,1.0,1,1.0,1,0.5307638274026114,18
2763,2,5698,2247,3451,0,0,0,1.0,1,1.0,1,1.0,1,0.4392305475277954,17
2764,0,5698,2247,3451,0,0,0,1.0,1,1.0,1,1.0,1,0.4392305475277954,17
2765,1,5699,2247,3452,0,0,0,1.0,1,1.0,1,1.0,1,0.39866415019066986,18
2766,0,5699,2247,3452,0,0,0,1.0,1,1.0,1,1.0,1,0.39866415019066986,18
2767,0,5699,2247,3452,0,0,0,1.0,1,1.0,1,1.0,1,0.39866415019066986,18
2768,1,5700,2247,3453,0,0,0,1.0,1,1.0,1,1.0,1,0.36467477934123693,18
2769,0,5700,2247,3453,0,0,0,1.0,1,1.0,1,1.0,1,0.36467477934123693,18
2770,1,5701,2248,3453,0,0,0,1.0,1,1.0,1,1.0,1,0.35941616429042655,18
2771,0,5701,2248,3453,0,0,0,1.0,1,1.0,1,1.0,1,0.35941616429042655,18
2772,0,5701,2248,3453,0,0,0,1.0,1,1.0,1,1.0,1,0.35941616429042655,18
2773,0,5701,2248,3453,0,0,0,1.0,1,1.0,1,1.0,1,0.35941616429042655,18
2774,1,5702,2249,3453,0,0,0,1.0,1,1.0,1,1.0,1,0.3940084689830854,20
2775,0,5702,2249,3453,0,0,0,1.0,1,1.0,1,1.0,1,0.3719616297492584,21
2776,1,5703,2250,3453,0,0,0,1.0,1,1.0,1,1.0,1,0.3610594951930995,21
2777,1,5704,2250,3454,0,0,0,1.0,1,1.0,1,1.0,1,0.32928016623544765,22
2778,2,5706,2251,3455,0,0,0,1.0,1,1.0,1,1.0,1,0.29587275601307306,24
2779,1,5707,2252,3455,0,0,0,1.0,1,1.0,1,1.0,1,0.3213826592862106,24
2780,0,5707,2252,3455,0,0,0,1.0,1,1.0,1,1.0,1,0.3213826592862106,24
2781,0,5707,2252,3455,0,0,0,1.0,1,1.0,1,1.0,1,0.3213826592862106,24
2782,1,5708,2253,3455,0,0,0,1.0,1,1.0,1,1.0,1,0.3496293460847961,24
2783,2,5710,2254,3456,0,0,0,1.0,1,1.0,1,1.0,1,0.2987652492391315,24
2784,3,5713,2256,3457,0,0,0,1.0,1,1.0,1,1.0,1,0.3720334446477506,24
2785,2,5715,2257,3458,0,0,0,1.0,1,1.0,1,1.0,1,0.3355013718086707,22
2786,0,5715,2257,3458,0,0,0,1.0,1,1.0,1,1.0,1,0.37894826358405176,22
2787,0,5715,2257,3458,0,0,0,1.0,1,1.0,1,1.0,1,0.351046250286232,21
2788,0,5715,2257,3458,0,0,0,1.0,1,1.0,1,1.0,1,0.33287695684338825,20
2789,1,5716,2258,3458,0,0,0,1.0,1,1.0,1,1.0,1,0.3664306283856912,20
2790,0,5716,2258,3458,0,0,0,1.0,1,1.0,1,1.0,1,0.3881600545974399,21
2791,2,5718,2260,3458,0,0,0,1.0,1,1.0,1,1.0,1,0.35273144513062143,21
2792,1,5719,2260,3459,0,0,0,1.0,1,1.0,1,1.0,1,0.30080971290380565,21
2793,0,5719,2260,3459,0,0,0,1.0,1,1.0,1,1.0,1,0.3425254644514599,18
2794,0,5719,2260,3459,0,0,0,1.0,1,1.0,1,1.0,1,0.3425254644514599,18
2795,0,5719,2260,3459,0,0,0,1.0,1,1.0,1,1.0,1,0.3570898841519143,20
2796,1,5720,2261,3459,0,0,0,1.0,1,1.0,1,1.0,1,0.3556116580447333,21
2797,1,5721,2261,3460,0,0,0,1.0,1,1.0,1,1.0,1,0.30296040753124315,21
2798,0,5721,2261,3460,0,0,0,1.0,1,1.0,1,1.0,1,0.30296040753124315,21
2799,0,5721,2261,3460,0,0,0,1.0,1,1.0,1,1.0,1,0.31570937102975233,22
2800,0,5721,2261,3460,0,0,0,1.0,1,1.0,1,1.0,1,0.31570937102975233,22
2801,1,5722,2262,3460,0,0,0,1.0,1,1.0,1,1.0,1,0.303167857880109,22
2802,0,5722,2262,3460,0,0,0,1.0,1,1.0,1,1.0,1,0.303167857880109,22
2803,1,5723,2263,3460,0,0,0,1.0,1,1.0,1,1.0,1,0.35701192820559796,22
2804,0,5723,2263,3460,0,0,0,1.0,1,1.0,1,1.0,1,0.37430421163389604,23
2805,0,5723,2263,3460,0,0,0,1.0,1,1.0,1,1.0,1,0.37430421163389604,23
2806,0,5723,2263,3460,0,0,0,1.0,1,1.0,1,1.0,1,0.37430421163389604,23
2807,0,5723,2263,3460,0,0,0,1.0,1,1.0,1,1.0,1,0.3672991248392079,24
2808,0,5723,2263,3460,0,0,0,1.0,1,1.0,1,1.0,1,0.3672991248392079,24
2809,1,5724,2264,3460,0,0,0,1.0,1,1.0,1,1.0,1,0.41289622827091593,25
2810,0,5724,2264,3460,0,0,0,1.0,1,1.0,1,1.0,1,0.40359005820480026,24
2811,2,5726,2264,3462,0,0,0,1.0,1,1.0,1,1.0,1,0.3507210381045394,26
2812,1,5727,2265,3462,0,0,0,1.0,1,1.0,1,1.0,1,0.3780342569126667,26
2813,1,5728,2266,3462,0,0,0,1.0,1,1.0,1,1.0,1,0.34847445556208245,27
2814,3,5731,2268,3463,0,0,0,1.0,1,1.0,1,1.0,1,0.3517052067250771,29
2815,1,5732,2269,3463,0,0,0,1.0,1,1.0,1,1.0,1,0.30433946473772744,29
2816,0,5732,2269,3463,0,0,0,1.0,1,1.0,1,1.0,1,0.3168209761895576,29
2817,1,5733,2270,3463,0,0,0,1.0,1,1.0,1,1.0,1,0.3391067029517916,29
2818,3,5736,2271,3465,0,0,0,1.0,1,1.0,1,1.0,1,0.3347108938802573,29
2819,1,5737,2271,3466,0,0,0,1.0,1,1.0,1,1.0,1,0.3581309541752777,30
2820,2,5739,2272,3467,0,0,0,1.0,1,1.0,1,1.0,1,0.3422549749080807,30
2821,2,5741,2273,3468,0,0,0,1.0,1,1.0,1,1.0,1,0.3410975345998371,31
2822,2,5743,2274,3469,0,0,0,1.0,1,1.0,1,1.0,1,0.35371256446558447,30
2823,2,5745,2276,3469,0,0,0,1.0,1,1.0,1,1.0,1,0.3123585136173358,27
2824,1,5746,2276,3470,0,0,0,1.0,1,1.0,1,1.0,1,0.26191951449831935,28
2825,3,5749,2279,3470,0,0,0,1.0,1,1.0,1,1.0,1,0.3028367633015138,28
2826,1,5750,2280,3470,0,0,0,1.0,1,1.0,1,1.0,1,0.35697284025376436,27
2827,1,5751,2281,3470,0,0,0,1.0,1,1.0,1,1.0,1,0.3489634979872289,28
2828,1,5752,2281,3471,0,0,0,1.0,1,1.0,1,1.0,1,0.36317937941576506,28
2829,0,5752,2281,3471,0,0,0,1.0,1,1.0,1,1.0,1,0.3487048343305874,27
2830,2,5754,2282,3472,0,0,0,1.0,1,1.0,1,1.0,1,0.3085702397955662,27
2831,1,5755,2282,3473,0,0,0,1.0,1,1.0,1,1.0,1,0.2901264486130537,27
2832,4,5759,2283,3476,0,0,0,1.0,1,1.0,1,1.0,1,0.24969639000229446,27
2833,0,5759,2283,3476,0,0,0,1.0,1,1.0,1,1.0,1,0.28784699241859907,26
2834,0,5759,2283,3476,0,0,0,1.0,1,1.0,1,1.0,1,0.2282688696051991,26
2835,1,5760,2284,3476,0,0,0,1.0,1,1.0,1,1.0,1,0.19868665168403157,25
2836,1,5761,2285,3476,0,0,0,1.0,1,1.0,1,1.0,1,0.24432440174021683,27
2837,0,5761,2285,3476,0,0,0,1.0,1,1.0,1,1.0,1,0.27013088406639396,27
2838,0,5761,2285,3476,0,0,0,1.0,1,1.0,1,1.0,1,0.27013088406639396,27
2839,1,5762,2286,3476,0,0,0,1.0,1,1.0,1,1.0,1,0.32573020703026845,29
2840,1,5763,2287,3476,0,0,0,1.0,1,1.0,1,1.0,1,0.31749180152337353,29
2841,0,5763,2287,3476,0,0,0,1.0,1,1.0,1,1.0,1,0.3145391605177576,31
2842,1,5764,2287,3477,0,0,0,1.0,1,1.0,1,1.0,1,0.29268641905924625,31
2843,1,5765,2287,3478,0,0,0,1.0,1,1.0,1,1.0,1,0.2602036656528463,32
2844,2,5767,2289,3478,0,0,0,1.0,1,1.0,1,1.0,1,0.23542900525970856,33
2845,1,5768,2290,3478,0,0,0,1.0,1,1.0,1,1.0,1,0.2627831317022536,32
2846,2,5770,2292,3478,0,0,0,1.0,1,1.0,1,1.0,1,0.23025316842047383,33
2847,0,5770,2292,3478,0,0,0,1.0,1,1.0,1,1.0,1,0.2545657007506598,32
2848,2,5772,2294,3478,0,0,0,1.0,1,1.0,1,1.0,1,0.3002382313533694,33
2849,2,5774,2294,3480,0,0,0,1.0,1,1.0,1,1.0,1,0.2796995020832796,34
2850,2,5776,2296,3480,0,0,0,1.0,1,1.0,1,1.0,1,0.24270477312102434,34
2851,0,5776,2296,3480,0,0,0,1.0,1,1.0,1,1.0,1,0.24270477312102434,34
2852,4,5780,2299,3481,0,0,0,1.0,1,1.0,1,1.0,1,0.2603766567687249,35
2853,2,5782,2300,3482,0,0,0,1.0,1,1.0,1,1.0,1,0.26575910487380466,36
2854,0,5782,2300,3482,0,0,0,1.0,1,1.0,1,1.0,1,0.2885648681103691,37
2855,3,5785,2302,3483,0,0,0,1.0,1,1.0,1,1.0,1,0.2912187144746156,38
2856,1,5786,2302,3484,0,0,0,1.0,1,1.0,1,1.0,1,0.2877768505233616,38
2857,1,5787,2303,3484,0,0,0,1.0,1,1.0,1,1.0,1,0.2838524629959735,39
2858,3,5790,2304,3486,0,0,0,1.0,1,1.0,1,1.0,1,0.23260362552447297,40
2859,2,5792,2305,3487,0,0,0,1.0,1,1.0,1,1.0,1,0.22830495245798438,40
2860,3,5795,2307,3488,0,0,0,1.0,1,1.0,1,1.0,1,0.24064294873930717,40
2861,1,5796,2308,3488,0,0,0,1.0,1,1.0,1,1.0,1,0.24946897830751982,38
2862,3,5799,2310,3489,0,0,0,1.0,1,1.0,1,1.0,1,0.2734099090149761,38
2863,5,5804,2311,3493,0,0,0,1.0,1,1.0,1,1.0,1,0.23153348252848946,38
2864,2,5806,2313,3493,0,0,0,1.0,1,1.0,1,1.0,1,0.19828564957129077,36
2865,3,5809,2316,3493,0,0,0,1.0,1,1.0,1,1.0,1,0.28279301371848947,34
2866,1,5810,2317,3493,0,0,0,1.0,1,1.0,1,1.0,1,0.2931145055867324,31
2867,1,5811,2318,3493,0,0,0,1.0,1,1.0,1,1.0,1,0.3072548382624926,30
2868,2,5813,2320,3493,0,0,0,1.0,1,1.0,1,1.0,1,0.39670891742006004,27
2869,1,5814,2321,3493,0,0,0,1.0,1,1.0,1,1.0,1,0.4375466402134562,27
2870,2,5816,2323,3493,0,0,0,1.0,1,1.0,1,1.0,1,0.4886459532363973,25
2871,1,5817,2323,3494,0,0,0,1.0,1,1.0,1,1.0,1,0.4668797997141691,25
2872,1,5818,2324,3494,0,0,0,1.0,1,1.0,1,1.0,1,0.4471168393665915,23
2873,1,5819,2325,3494,0,0,0,1.0,1,1.0,1,1.0,1,0.4971582704113816,24
2874,0,5819,2325,3494,0,0,0,1.0,1,1.0,1,1.0,1,0.5121076666772019,24
2875,1,5820,2325,3495,0,0,0,1.0,1,1.0,1,1.0,1,0.5115970038120302,23
2876,2,5822,2326,3496,0,0,0,1.0,1,1.0,1,1.0,1,0.5118099425871993,24
2877,1,5823,2327,3496,0,0,0,1.0,1,1.0,1,1.0,1,0.5507322029716459,24
2878,1,5824,2328,3496,0,0,0,1.0,1,1.0,1,1.0,1,0.5177263613674994,24
2879,2,5826,2330,3496,0,0,0,1.0,1,1.0,1,1.0,1,0.5048992008744833,25
2880,1,5827,2330,3497,0,0,0,1.0,1,1.0,1,1.0,1,0.47830433023466407,26
2881,2,5829,2330,3499,0,0,0,1.0,1,1.0,1,1.0,1,0.40955590073611725,26
2882,2,5831,2330,3501,0,0,0,1.0,1,1.0,1,1.0,1,0.3317853335026754,27
2883,0,5831,2330,3501,0,0,0,1.0,1,1.0,1,1.0,1,0.32032287350933986,28
2884,1,5832,2330,3502,0,0,0,1.0,1,1.0,1,1.0,1,0.3322069897048745,29
2885,1,5833,2330,3503,0,0,0,1.0,1,1.0,1,1.0,1,0.305127368068621,31
2886,1,5834,2330,3504,0,0,0,1.0,1,1.0,1,1.0,1,0.2901004587427783,31
2887,0,5834,2330,3504,0,0,0,1.0,1,1.0,1,1.0,1,0.28537658899369234,33
2888,3,5837,2330,3507,0,0,0,1.0,1,1.0,1,1.0,1,0.23303200161372495,34
2889,1,5838,2330,3508,0,0,0,1.0,1,1.0,1,1.0,1,0.20912508873030716,35
2890,1,5839,2331,3508,0,0,0,1.0,1,1.0,1,1.0,1,0.22520219207163197,35
2891,0,5839,2331,3508,0,0,0,1.0,1,1.0,1,1.0,1,0.22520219207163197,35
2892,1,5840,2332,3508,0,0,0,1.0,1,1.0,1,1.0,1,0.23033010562935036,35
2893,0,5840,2332,3508,0,0,0,1.0,1,1.0,1,1.0,1,0.253703126172802,37
2894,0,5840,2332,3508,0,0,0,1.0,1,1.0,1,1.0,1,0.253703126172802,37
2895,1,5841,2333,3508,0,0,0,1.0,1,1.0,1,1.0,1,0.26900628013095407,37
2896,4,5845,2335,3510,0,0,0,1.0,1,1.0,1,1.0,1,0.33388503861367075,38
2897,4,5849,2335,3514,0,0,0,1.0,1,1.0,1,1.0,1,0.32412026366287844,37
2898,2,5851,2335,3516,0,0,0,1.0,1,1.0,1,1.0,1,0.33926729368409364,38
2899,2,5853,2335,3518,0,0,0,1.0,1,1.0,1,1.0,1,0.3143950656782054,37
2900,2,5855,2335,3520,0,0,0,1.0,1,1.0,1,1.0,1,0.33366641852759643,36
2901,3,5858,2335,3523,0,0,0,1.0,1,1.0,1,1.0,1,0.3361311510757644,37
2902,2,5860,2336,3524,0,0,0,1.0,1,1.0,1,1.0,1,0.38512320375732007,35
2903,2,5862,2336,3526,0,0,0,1.0,1,1.0,1,1.0,1,0.3768650324230209,35
2904,2,5864,2336,3528,0,0,0,1.0,1,1.0,1,1.0,1,0.4185675753245346,33
2905,1,5865,2336,3529,0,0,0,1.0,1,1.0,1,1.0,1,0.421255926487005,34
2906,4,5869,2338,3531,0,0,0,1.0,1,1.0,1,1.0,1,0.4676131189649717,34
2907,3,5872,2338,3534,0,0,0,1.0,1,1.0,1,1.0,1,0.4519919651731134,35
2908,1,5873,2338,3535,0,0,0,1.0,1,1.0,1,1.0,1,0.4288939541733664,36
2909,0,5873,2338,3535,0,0,0,1.0,1,1.0,1,1.0,1,0.43560861729724926,38
2910,0,5873,2338,3535,0,0,0,1.0,1,1.0,1,1.0,1,0.43560861729724926,38
2911,3,5876,2339,3537,0,0,0,1.0,1,1.0,1,1.0,1,0.38465170589066716,37
2912,0,5876,2339,3537,0,0,0,1.0,1,1.0,1,1.0,1,0.38465170589066716,37
2913,1,5877,2339,3538,0,0,0,1.0,1,1.0,1,1.0,1,0.3649772564040843,38
2914,1,5878,2339,3539,0,0,0,1.0,1,1.0,1,1.0,1,0.34651179666337545,38
2915,4,5882,2339,3543,0,0,0,1.0,1,1.0,1,1.0,1,0.28749975167928304,39
2916,0,5882,2339,3543,0,0,0,1.0,1,1.0,1,1.0,1,0.3010138418731671,40
2917,3,5885,2340,3545,0,0,0,1.0,1,1.0,1,1.0,1,0.2857888259364628,41
2918,0,5885,2340,3545,0,0,0,1.0,1,1.0,1,1.0,1,0.29328932215258424,41
2919,0,5885,2340,3545,0,0,0,1.0,1,1.0,1,1.0,1,0.29328932215258424,41
2920,0,5885,2340,3545,0,0,0,1.0,1,1.0,1,1.0,1,0.31650669369367457,43
2921,0,5885,2340,3545,0,0,0,1.0,1,1.0,1,1.0,1,0.3355927808014012,42
2922,4,5889,2341,3548,0,0,0,1.0,1,1.0,1,1.0,1,0.2890727968534042,43
2923,1,5890,2341,3549,0,0,0,1.0,1,1.0,1,1.0,1,0.29713255830940644,44
2924,1,5891,2341,3550,0,0,0,1.0,1,1.0,1,1.0,1,0.29140891695297827,45
2925,3,5894,2341,3553,0,0,0,1.0,1,1.0,1,1.0,1,0.27612333389908905,45
2926,2,5896,2342,3554,0,0,0,1.0,1,1.0,1,1.0,1,0.2891823058185862,47
2927,3,5899,2342,3557,0,0,0,1.0,1,1.0,1,1.0,1,0.2782269318648924,47
2928,1,5900,2343,3557,0,0,0,1.0,1,1.0,1,1.0,1,0.2821944050100895,48
2929,0,5900,2343,3557,0,0,0,1.0,1,1.0,1,1.0,1,0.2821944050100895,48
2930,3,5903,2343,3560,0,0,0,1.0,1,1.0,1,1.0,1,0.25359585568504267,50
2931,0,5903,2343,3560,0,0,0,1.0,1,1.0,1,1.0,1,0.26290954952976336,51
2932,0,5903,2343,3560,0,0,0,1.0,1,1.0,1,1.0,1,0.26290954952976336,51
2933,1,5904,2344,3560,0,0,0,1.0,1,1.0,1,1.0,1,0.29284909722904345,52
2934,1,5905,2345,3560,0,0,0,1.0,1,1.0,1,1.0,1,0.3042245304480115,52
2935,1,5906,2346,3560,0,0,0,1.0,1,1.0,1,1.0,1,0.32543520050758884,51
2936,1,5907,2346,3561,0,0,0,1.0,1,1.0,1,1.0,1,0.2904002261626995,49
2937,0,5907,2346,3561,0,0,0,1.0,1,1.0,1,1.0,1,0.2981733387543736,50
2938,1,5908,2346,3562,0,0,0,1.0,1,1.0,1,1.0,1,0.28569665273525885,50
2939,1,5909,2346,3563,0,0,0,1.0,1,1.0,1,1.0,1,0.2884517032037338,51
2940,2,5911,2347,3564,0,0,0,1.0,1,1.0,1,1.0,1,0.29845846255426794,52
2941,8,5919,2347,3572,0,0,0,1.0,1,1.0,1,1.0,1,0.24257446034361152,53
2942,3,5922,2349,3573,0,0,0,1.0,1,1.0,1,1.0,1,0.26827810362228033,52
2943,1,5923,2350,3573,0,0,0,1.0,1,1.0,1,1.0,1,0.2611996913793014,51
2944,3,5926,2352,3574,0,0,0,1.0,1,1.0,1,1.0,1,0.27755560997091894,52
2945,4,5930,2353,3577,0,0,0,1.0,1,1.0,1,1.0,1,0.21073100559594485,50
2946,4,5934,2356,3578,0,0,0,1.0,1,1.0,1,1.0,1,0.2393055940447483,51
2947,2,5936,2358,3578,0,0,0,1.0,1,1.0,1,1.0,1,0.2694255420134745,50
2948,4,5940,2360,3580,0,0,0,1.0,1,1.0,1,1.0,1,0.2607707474812936,50
2949,0,5940,2360,3580,0,0,0,1.0,1,1.0,1,1.0,1,0.24855213028079273,49
2950,1,5941,2361,3580,0,0,0,1.0,1,1.0,1,1.0,1,0.3074145376221453,48
2951,1,5942,2362,3580,0,0,0,1.0,1,1.0,1,1.0,1,0.3111653897913477,48
2952,1,5943,2362,3581,0,0,0,1.0,1,1.0,1,1.0,1,0.3148415152079456,46
2953,0,5943,2362,3581,0,0,0,1.0,1,1.0,1,1.0,1,0.3148415152079456,46
2954,0,5943,2362,3581,0,0,0,1.0,1,1.0,1,1.0,1,0.33140194338820606,48
2955,2,5945,2362,3583,0,0,0,1.0,1,1.0,1,1.0,1,0.281108862868195,48
2956,2,5947,2363,3584,0,0,0,1.0,1,1.0,1,1.0,1,0.3156667771098668,47
2957,3,5950,2364,3586,0,0,0,1.0,1,1.0,1,1.0,1,0.28739230819293304,48
2958,0,5950,2364,3586,0,0,0,1.0,1,1.0,1,1.0,1,0.29310645221033477,49
2959,3,5953,2366,3587,0,0,0,1.0,1,1.0,1,1.0,1,0.3322440535280685,49
2960,5,5958,2367,3591,0,0,0,1.0,1,1.0,1,1.0,1,0.2734620641924892,49
2961,4,5962,2369,3593,0,0,0,1.0,1,1.0,1,1.0,1,0.27438852107518924,51
2962,4,5966,2369,3597,0,0,0,1.0,1,1.0,1,1.0,1,0.1886926093234888,51
2963,0,5966,2369,3597,0,0,0,1.0,1,1.0,1,1.0,1,0.1886926093234888,51
2964,2,5968,2370,3598,0,0,0,1.0,1,1.0,1,1.0,1,0.1856991963305187,52
2965,2,5970,2371,3599,0,0,0,1.0,1,1.0,1,1.0,1,0.17001583532549905,53
2966,1,5971,2372,3599,0,0,0,1.0,1,1.0,1,1.0,1,0.16048803971572115,53
2967,0,5971,2372,3599,0,0,0,1.0,1,1.0,1,1.0,1,0.18557098534315786,53
2968,1,5972,2372,3600,0,0,0,1.0,1,1.0,1,1.0,1,0.1911669817868124,54
2969,1,5973,2372,3601,0,0,0,1.0,1,1.0,1,1.0,1,0.18642855577755305,55
2970,3,5976,2372,3604,0,0,0,1.0,1,1.0,1,1.0,1,0.18890771479467522,55
2971,3,5979,2373,3606,0,0,0,1.0,1,1.0,1,1.0,1,0.1556448180762865,55
2972,0,5979,2373,3606,0,0,0,1.0,1,1.0,1,1.0,1,0.1556448180762865,55
2973,1,5980,2373,3607,0,0,0,1.0,1,1.0,1,1.0,1,0.17061114374344583,55
2974,2,5982,2374,3608,0,0,0,1.0,1,1.0,1,1.0,1,0.17115726923198568,56
2975,0,5982,2374,3608,0,0,0,1.0,1,1.0,1,1.0,1,0.16197494306056645,55
2976,0,5982,2374,3608,0,0,0,1.0,1,1.0,1,1.0,1,0.18509229905573016,57
2977,1,5983,2374,3609,0,0,0,1.0,1,1.0,1,1.0,1,0.18667455491836374,59
2978,1,5984,2375,3609,0,0,0,1.0,1,1.0,1,1.0,1,0.18991806667446215,59
2979,1,5985,2376,3609,0,0,0,1.0,1,1.0,1,1.0,1,0.20077520483657316,59
2980,1,5986,2377,3609,0,0,0,1.0,1,1.0,1,1.0,1,0.21243321573087762,59
2981,4,5990,2379,3611,0,0,0,1.0,1,1.0,1,1.0,1,0.20025973151126025,59
2982,3,5993,2380,3613,0,0,0,1.0,1,1.0,1,1.0,1,0.21049013597632077,61
2983,7,6000,2383,3617,0,0,0,1.0,1,1.0,1,1.0,1,0.201066147674779,61
2984,1,6001,2384,3617,0,0,0,1.0,1,1.0,1,1.0,1,0.2228129060546237,61
2985,5,6006,2388,3618,0,0,0,1.0,1,1.0,1,1.0,1,0.2546611230191362,57
2986,6,6012,2391,3621,0,0,0,1.0,1,1.0,1,1.0,1,0.2763111806433094,58
2987,4,6016,2394,3622,0,0,0,1.0,1,1.0,1,1.0,1,0.25437924038391785,56
2988,2,6018,2395,3623,0,0,0,1.0,1,1.0,1,1.0,1,0.26093750908991337,55
2989,5,6023,2400,3623,0,0,0,1.0,1,1.0,1,1.0,1,0.31153827135425777,53
2990,2,6025,2401,3624,0,0,0,1.0,1,1.0,1,1.0,1,0.2891889807192648,52
2991,2,6027,2401,3626,0,0,0,1.0,1,1.0,1,1.0,1,0.241763840470027,54
2992,2,6029,2402,3627,0,0,0,1.0,1,1.0,1,1.0,1,0.22672044249502732,55
2993,0,6029,2402,3627,0,0,0,1.0,1,1.0,1,1.0,1,0.23748314425805583,53
2994,2,6031,2404,3627,0,0,0,1.0,1,1.0,1,1.0,1,0.2739418827032856,53
2995,2,6033,2405,3628,0,0,0,1.0,1,1.0,1,1.0,1,0.2577787526034617,51
2996,1,6034,2406,3628,0,0,0,1.0,1,1.0,1,1.0,1,0.28839974360712733,52
2997,2,6036,2408,3628,0,0,0,1.0,1,1.0,1,1.0,1,0.3450574281314106,50
2998,1,6037,2408,3629,0,0,0,1.0,1,1.0,1,1.0,1,0.340283438849917,51
2999,0,6037,2408,3629,0,0,0,1.0,1,1.0,1,1.0,1,0.3289677065034051,48
3000,1,6038,2409,3629,0,0,0,1.0,1,1.0,1,1.0,1,0.3330989398830882,48
3001,4,6042,2409,3633,0,0,0,1.0,1,1.0,1,1.0,1,0.287555628448032,49
3002,1,6043,2409,3634,0,0,0,1.0,1,1.0,1,1.0,1,0.27572436266795786,50
3003,0,6043,2409,3634,0,0,0,1.0,1,1.0,1,1.0,1,0.27572436266795786,50
3004,4,6047,2410,3637,0,0,0,1.0,1,1.0,1,1.0,1,0.24100859796792978,51
3005,1,6048,2410,3638,0,0,0,1.0,1,1.0,1,1.0,1,0.22398929905290518,50
3006,1,6049,2410,3639,0,0,0,1.0,1,1.0,1,1.0,1,0.21557676082910582,51
3007,1,6050,2410,3640,0,0,0,1.0,1,1.0,1,1.0,1,0.21325003809539295,51
3008,5,6055,2412,3643,0,0,0,1.0,1,1.0,1,1.0,1,0.24264061825430566,53
3009,0,6055,2412,3643,0,0,0,1.0,1,1.0,1,1.0,1,0.24120233678913794,52
3010,0,6055,2412,3643,0,0,0,1.0,1,1.0,1,1.0,1,0.24120233678913794,52
3011,3,6058,2412,3646,0,0,0,1.0,1,1.0,1,1.0,1,0.16252950852897505,51
3012,1,6059,2412,3647,0,0,0,1.0,1,1.0,1,1.0,1,0.1783503465787918,54
3013,5,6064,2414,3650,0,0,0,1.0,1,1.0,1,1.0,1,0.13754161129629328,52
3014,4,6068,2415,3653,0,0,0,1.0,1,1.0,1,1.0,1,0.11985248272955146,51
3015,2,6070,2417,3653,0,0,0,1.0,1,1.0,1,1.0,1,0.1422234698965269,50
3016,3,6073,2420,3653,0,0,0,1.0,1,1.0,1,1.0,1,0.1980218007312177,50
3017,5,6078,2425,3653,0,0,0,1.0,1,1.0,1,1.0,1,0.2564264661787509,48
3018,3,6081,2427,3654,0,0,0,1.0,1,1.0,1,1.0,1,0.22941658425094855,48
3019,2,6083,2427,3656,0,0,0,1.0,1,1.0,1,1.0,1,0.22923832894307983,47
3020,3,6086,2428,3658,0,0,0,1.0,1,1.0,1,1.0,1,0.17492641546766444,47
3021,3,6089,2430,3659,0,0,0,1.0,1,1.0,1,1.0,1,0.23342976379953825,46
3022,5,6094,2435,3659,0,0,0,1.0,1,1.0,1,1.0,1,0.2266669941281371,45
3023,0,6094,2435,3659,0,0,0,1.0,1,1.0,1,1.0,1,0.23889107979325652,41
3024,4,6098,2437,3661,0,0,0,1.0,1,1.0,1,1.0,1,0.14621048602778203,43
3025,2,6100,2439,3661,0,0,0,1.0,1,1.0,1,1.0,1,0.19996172068207518,39
3026,2,6102,2441,3661,0,0,0,1.0,1,1.0,1,1.0,1,0.24660093034177621,38
3027,1,6103,2442,3661,0,0,0,1.0,1,1.0,1,1.0,1,0.25208765800540617,38
3028,1,6104,2443,3661,0,0,0,1.0,1,1.0,1,1.0,1,0.2864652924248667,38
3029,2,6106,2445,3661,0,0,0,1.0,1,1.0,1,1.0,1,0.2922310524900958,37
3030,0,6106,2445,3661,0,0,0,1.0,1,1.0,1,1.0,1,0.28583233965073,38
3031,5,6111,2446,3665,0,0,0,1.0,1,1.0,1,1.0,1,0.24025812864342225,39
3032,3,6114,2447,3667,0,0,0,1.0,1,1.0,1,1.0,1,0.18936538299943095,39
3033,0,6114,2447,3667,0,0,0,1.0,1,1.0,1,1.0,1,0.17916680691354803,39
3034,0,6114,2447,3667,0,0,0,1.0,1,1.0,1,1.0,1,0.18244370024954823,38
3035,1,6115,2448,3667,0,0,0,1.0,1,1.0,1,1.0,1,0.2021496403383192,39
3036,0,6115,2448,3667,0,0,0,1.0,1,1.0,1,1.0,1,0.21466245561280975,39
3037,0,6115,2448,3667,0,0,0,1.0,1,1.0,1,1.0,1,0.2490724128788181,39
3038,1,6116,2449,3667,0,0,0,1.0,1,1.0,1,1.0,1,0.24657825831830643,40
3039,3,6119,2450,3669,0,0,0,1.0,1,1.0,1,1.0,1,0.2609528987442737,41
3040,4,6123,2452,3671,0,0,0,1.0,1,1.0,1,1.0,1,0.24100433582859163,42
3041,2,6125,2453,3672,0,0,0,1.0,1,1.0,1,1.0,1,0.2610190227631035,43
3042,3,6128,2454,3674,0,0,0,1.0,1,1.0,1,1.0,1,0.2541624565174448,45
3043,2,6130,2456,3674,0,0,0,1.0,1,1.0,1,1.0,1,0.27883035841400344,45
3044,2,6132,2458,3674,0,0,0,1.0,1,1.0,1,1.0,1,0.29754006478651884,45
3045,5,6137,2460,3677,0,0,0,1.0,1,1.0,1,1.0,1,0.34879369794412557,45
3046,3,6140,2460,3680,0,0,0,1.0,1,1.0,1,1.0,1,0.3498306823251858,46
3047,3,6143,2460,3683,0,0,0,1.0,1,1.0,1,1.0,1,0.3533319148233779,46
3048,11,6154,2460,3694,0,0,0,1.0,1,1.0,1,1.0,1,0.31636083397341386,49
3049,4,6158,2460,3698,0,0,0,1.0,1,1.0,1,1.0,1,0.32447808751581586,50
3050,4,6162,2460,3702,0,0,0,1.0,1,1.0,1,1.0,1,0.30969479927466215,50
3051,5,6167,2460,3707,0,0,0,1.0,1,1.0,1,1.0,1,0.3258898389759348,50
3052,5,6172,2460,3712,0,0,0,1.0,1,1.0,1,1.0,1,0.31037131346728963,50
3053,8,6180,2462,3718,0,0,0,1.0,1,1.0,1,1.0,1,0.2942492791874102,49
3054,9,6189,2463,3726,0,0,0,1.0,1,1.0,1,1.0,1,0.31210042739642785,47
3055,6,6195,2463,3732,0,0,0,1.0,1,1.0,1,1.0,1,0.33833851834111717,48
3056,8,6203,2464,3739,0,0,0,1.0,1,1.0,1,1.0,1,0.36069062457212436,47
3057,11,6214,2466,3748,0,0,0,1.0,1,1.0,1,1.0,1,0.33773240451997244,48
3058,2,6216,2466,3750,0,0,0,1.0,1,1.0,1,1.0,1,0.31466397236806537,46
3059,2,6218,2467,3751,0,0,0,1.0,1,1.0,1,1.0,1,0.33746058575561516,44
3060,2,6220,2467,3753,0,0,0,1.0,1,1.0,1,1.0,1,0.34270366488809706,44
3061,3,6223,2467,3756,0,0,0,1.0,1,1.0,1,1.0,1,0.31943727091032337,42
3062,4,6227,2469,3758,0,0,0,1.0,1,1.0,1,1.0,1,0.28199130038996556,42
3063,2,6229,2471,3758,0,0,0,1.0,1,1.0,1,1.0,1,0.26257997989314646,41
3064,1,6230,2472,3758,0,0,0,1.0,1,1.0,1,1.0,1,0.2858468609616671,42
3065,1,6231,2473,3758,0,0,0,1.0,1,1.0,1,1.0,1,0.2551945210004414,40
3066,7,6238,2477,3761,0,0,0,1.0,1,1.0,1,1.0,1,0.22371554797923074,42
3067,3,6241,2479,3762,0,0,0,1.0,1,1.0,1,1.0,1,0.22918050740781726,40
3068,2,6243,2481,3762,0,0,0,1.0,1,1.0,1,1.0,1,0.2574374742287246,39
3069,0,6243,2481,3762,0,0,0,1.0,1,1.0,1,1.0,1,0.25329608304749524,38
3070,0,6243,2481,3762,0,0,0,1.0,1,1.0,1,1.0,1,0.2682681402552782,39
3071,0,6243,2481,3762,0,0,0,1.0,1,1.0,1,1.0,1,0.26039989683413356,39
3072,0,6243,2481,3762,0,0,0,1.0,1,1.0,1,1.0,1,0.2813750438945786,40
3073,1,6244,2482,3762,0,0,0,1.0,1,1.0,1,1.0,1,0.3331200163962545,38
3074,0,6244,2482,3762,0,0,0,1.0,1,1.0,1,1.0,1,0.3116113756132302,38
3075,2,6246,2484,3762,0,0,0,1.0,1,1.0,1,1.0,1,0.35825085986389055,41
3076,1,6247,2485,3762,0,0,0,1.0,1,1.0,1,1.0,1,0.3173328735293126,42
3077,2,6249,2486,3763,0,0,0,1.0,1,1.0,1,1.0,1,0.30577692446870774,42
3078,1,6250,2486,3764,0,0,0,1.0,1,1.0,1,1.0,1,0.28761435051355083,42
3079,0,6250,2486,3764,0,0,0,1.0,1,1.0,1,1.0,1,0.28761435051355083,42
3080,0,6250,2486,3764,0,0,0,1.0,1,1.0,1,1.0,1,0.2852473619555136,43
3081,1,6251,2487,3764,0,0,0,1.0,1,1.0,1,1.0,1,0.2876470904049658,44
3082,1,6252,2488,3764,0,0,0,1.0,1,1.0,1,1.0,1,0.2999454739035912,45
3083,0,6252,2488,3764,0,0,0,1.0,1,1.0,1,1.0,1,0.2999454739035912,45
3084,0,6252,2488,3764,0,0,0,1.0,1,1.0,1,1.0,1,0.2999454739035912,45
3085,2,6254,2489,3765,0,0,0,1.0,1,1.0,1,1.0,1,0.336813653714646,46
3086,2,6256,2489,3767,0,0,0,1.0,1,1.0,1,1.0,1,0.29834435117370806,46
3087,0,6256,2489,3767,0,0,0,1.0,1,1.0,1,1.0,1,0.30622358522845994,47
3088,2,6258,2490,3768,0,0,0,1.0,1,1.0,1,1.0,1,0.3160955261190893,48
3089,0,6258,2490,3768,0,0,0,1.0,1,1.0,1,1.0,1,0.29238044195987384,46
3090,0,6258,2490,3768,0,0,0,1.0,1,1.0,1,1.0,1,0.31543558824868545,46
3091,5,6263,2490,3773,0,0,0,1.0,1,1.0,1,1.0,1,0.2580818033502634,46
3092,2,6265,2492,3773,0,0,0,1.0,1,1.0,1,1.0,1,0.28456179357555006,47
3093,4,6269,2493,3776,0,0,0,1.0,1,1.0,1,1.0,1,0.29811980541693683,47
3094,1,6270,2494,3776,0,0,0,1.0,1,1.0,1,1.0,1,0.30084822711979603,45
3095,3,6273,2496,3777,0,0,0,1.0,1,1.0,1,1.0,1,0.27812030159239587,46
3096,0,6273,2496,3777,0,0,0,1.0,1,1.0,1,1.0,1,0.28129735796533023,46
3097,3,6276,2498,3778,0,0,0,1.0,1,1.0,1,1.0,1,0.27938291768089696,47
3098,1,6277,2498,3779,0,0,0,1.0,1,1.0,1,1.0,1,0.2728160263414645,47
3099,0,6277,2498,3779,0,0,0,1.0,1,1.0,1,1.0,1,0.2728160263414645,47
3100,0,6277,2498,3779,0,0,0,1.0,1,1.0,1,1.0,1,0.2728160263414645,47
3101,1,6278,2498,3780,0,0,0,1.0,1,1.0,1,1.0,1,0.25743297711383106,48
3102,3,6281,2500,3781,0,0,0,1.0,1,1.0,1,1.0,1,0.2059441482333787,48
3103,2,6283,2502,3781,0,0,0,1.0,1,1.0,1,1.0,1,0.20072856801333183,49
3104,3,6286,2504,3782,0,0,0,1.0,1,1.0,1,1.0,1,0.19595903773551465,48
3105,0,6286,2504,3782,0,0,0,1.0,1,1.0,1,1.0,1,0.19575921625875364,45
3106,4,6290,2505,3785,0,0,0,1.0,1,1.0,1,1.0,1,0.1435770436779729,46
3107,0,6290,2505,3785,0,0,0,1.0,1,1.0,1,1.0,1,0.15780402571408556,44
3108,1,6291,2505,3786,0,0,0,1.0,1,1.0,1,1.0,1,0.10796017163927644,45
3109,1,6292,2505,3787,0,0,0,1.0,1,1.0,1,1.0,1,0.11703774109480736,44
3110,4,6296,2508,3788,0,0,0,1.0,1,1.0,1,1.0,1,0.15995791190626257,46
3111,2,6298,2509,3789,0,0,0,1.0,1,1.0,1,1.0,1,0.1741451717901771,46
3112,3,6301,2510,3791,0,0,0,1.0,1,1.0,1,1.0,1,0.1897420890977629,47
3113,0,6301,2510,3791,0,0,0,1.0,1,1.0,1,1.0,1,0.17645797311021788,48
3114,0,6301,2510,3791,0,0,0,1.0,1,1.0,1,1.0,1,0.1929384007392864,48
3115,1,6302,2511,3791,0,0,0,1.0,1,1.0,1,1.0,1,0.22195721993436757,49
3116,0,6302,2511,3791,0,0,0,1.0,1,1.0,1,1.0,1,0.2501724068364378,48
3117,2,6304,2513,3791,0,0,0,1.0,1,1.0,1,1.0,1,0.2322529112715173,49
3118,0,6304,2513,3791,0,0,0,1.0,1,1.0,1,1.0,1,0.23722140571968894,50
3119,0,6304,2513,3791,0,0,0,1.0,1,1.0,1,1.0,1,0.23722140571968894,50
3120,1,6305,2514,3791,0,0,0,1.0,1,1.0,1,1.0,1,0.2562428112620338,50
3121,4,6309,2516,3793,0,0,0,1.0,1,1.0,1,1.0,1,0.22521479896632968,50
3122,1,6310,2516,3794,0,0,0,1.0,1,1.0,1,1.0,1,0.22152169801560725,50
3123,2,6312,2517,3795,0,0,0,1.0,1,1.0,1,1.0,1,0.2077736171207818,51
3124,1,6313,2518,3795,0,0,0,1.0,1,1.0,1,1.0,1,0.22255096832409488,51
3125,2,6315,2519,3796,0,0,0,1.0,1,1.0,1,1.0,1,0.23209699126772612,51
3126,1,6316,2520,3796,0,0,0,1.0,1,1.0,1,1.0,1,0.24229010749524654,54
3127,3,6319,2521,3798,0,0,0,1.0,1,1.0,1,1.0,1,0.2849033814905466,53
3128,6,6325,2522,3803,0,0,0,1.0,1,1.0,1,1.0,1,0.2814679232604705,52
3129,2,6327,2523,3804,0,0,0,1.0,1,1.0,1,1.0,1,0.2814637712306319,51
3130,0,6327,2523,3804,0,0,0,1.0,1,1.0,1,1.0,1,0.2687904598221001,50
3131,4,6331,2525,3806,0,0,0,1.0,1,1.0,1,1.0,1,0.26019583187155115,50
3132,0,6331,2525,3806,0,0,0,1.0,1,1.0,1,1.0,1,0.25824606414181045,49
3133,1,6332,2526,3806,0,0,0,1.0,1,1.0,1,1.0,1,0.27499630251252133,49
3134,1,6333,2526,3807,0,0,0,1.0,1,1.0,1,1.0,1,0.24670817275408477,46
3135,1,6334,2527,3807,0,0,0,1.0,1,1.0,1,1.0,1,0.2649404208157817,47
3136,2,6336,2528,3808,0,0,0,1.0,1,1.0,1,1.0,1,0.24077040767506844,46
3137,0,6336,2528,3808,0,0,0,1.0,1,1.0,1,1.0,1,0.23819728464482517,49
3138,2,6338,2529,3809,0,0,0,1.0,1,1.0,1,1.0,1,0.2550401926354203,49
3139,1,6339,2530,3809,0,0,0,1.0,1,1.0,1,1.0,1,0.2844051756382351,50
3140,5,6344,2532,3812,0,0,0,1.0,1,1.0,1,1.0,1,0.27385860355427505,51
3141,0,6344,2532,3812,0,0,0,1.0,1,1.0,1,1.0,1,0.2839771102213274,50
3142,0,6344,2532,3812,0,0,0,1.0,1,1.0,1,1.0,1,0.2839771102213274,50
3143,0,6344,2532,3812,0,0,0,1.0,1,1.0,1,1.0,1,0.2978341640277288,49
3144,1,6345,2533,3812,0,0,0,1.0,1,1.0,1,1.0,1,0.3050179721114899,49
3145,3,6348,2535,3813,0,0,0,1.0,1,1.0,1,1.0,1,0.3377994160319456,48
3146,5,6353,2537,3816,0,0,0,1.0,1,1.0,1,1.0,1,0.3441304487160962,49
3147,4,6357,2537,3820,0,0,0,1.0,1,1.0,1,1.0,1,0.34232379343853325,48
3148,5,6362,2539,3823,0,0,0,1.0,1,1.0,1,1.0,1,0.28799210539092596,48
3149,0,6362,2539,3823,0,0,0,1.0,1,1.0,1,1.0,1,0.2999490937678658,47
3150,0,6362,2539,3823,0,0,0,1.0,1,1.0,1,1.0,1,0.2999490937678658,47
3151,5,6367,2539,3828,0,0,0,1.0,1,1.0,1,1.0,1,0.20901649475274248,48
3152,0,6367,2539,3828,0,0,0,1.0,1,1.0,1,1.0,1,0.22923950288099493,47
3153,2,6369,2540,3829,0,0,0,1.0,1,1.0,1,1.0,1,0.20557700426907238,47
3154,4,6373,2543,3830,0,0,0,1.0,1,1.0,1,1.0,1,0.24278562954570385,48
3155,2,6375,2544,3831,0,0,0,1.0,1,1.0,1,1.0,1,0.2532828495339504,48
3156,0,6375,2544,3831,0,0,0,1.0,1,1.0,1,1.0,1,0.25290460531878617,48
3157,1,6376,2544,3832,0,0,0,1.0,1,1.0,1,1.0,1,0.2700475618535594,48
3158,0,6376,2544,3832,0,0,0,1.0,1,1.0,1,1.0,1,0.2700475618535594,48
3159,2,6378,2544,3834,0,0,0,1.0,1,1.0,1,1.0,1,0.23103347250958406,49
3160,1,6379,2544,3835,0,0,0,1.0,1,1.0,1,1.0,1,0.25005179800358157,51
3161,1,6380,2544,3836,0,0,0,1.0,1,1.0,1,1.0,1,0.23585792099486785,52
3162,1,6381,2545,3836,0,0,0,1.0,1,1.0,1,1.0,1,0.2427970326752153,51
3163,2,6383,2545,3838,0,0,0,1.0,1,1.0,1,1.0,1,0.21593493577288178,51
3164,4,6387,2546,3841,0,0,0,1.0,1,1.0,1,1.0,1,0.21763022212089284,52
3165,4,6391,2547,3844,0,0,0,1.0,1,1.0,1,1.0,1,0.15344438405075442,50
3166,3,6394,2549,3845,0,0,0,1.0,1,1.0,1,1.0,1,0.19400200652968855,50
3167,3,6397,2551,3846,0,0,0,1.0,1,1.0,1,1.0,1,0.17785094105145244,49
3168,1,6398,2552,3846,0,0,0,1.0,1,1.0,1,1.0,1,0.2072489493174759,47
3169,1,6399,2552,3847,0,0,0,1.0,1,1.0,1,1.0,1,0.18001183214265482,48
3170,1,6400,2553,3847,0,0,0,1.0,1,1.0,1,1.0,1,0.22956344353944338,47
3171,1,6401,2553,3848,0,0,0,1.0,1,1.0,1,1.0,1,0.23318928714884252,47
3172,3,6404,2554,3850,0,0,0,1.0,1,1.0,1,1.0,1,0.26219494395384274,46
3173,2,6406,2554,3852,0,0,0,1.0,1,1.0,1,1.0,1,0.2423058174256117,45
3174,2,6408,2554,3854,0,0,0,1.0,1,1.0,1,1.0,1,0.2720019049073075,43
3175,3,6411,2556,3855,0,0,0,1.0,1,1.0,1,1.0,1,0.2242101854535203,43
3176,0,6411,2556,3855,0,0,0,1.0,1,1.0,1,1.0,1,0.2166844677603021,44
3177,3,6414,2558,3856,0,0,0,1.0,1,1.0,1,1.0,1,0.20461461514731025,44
3178,2,6416,2559,3857,0,0,0,1.0,1,1.0,1,1.0,1,0.2013425204260501,47
3179,3,6419,2560,3859,0,0,0,1.0,1,1.0,1,1.0,1,0.1885285269477488,48
3180,1,6420,2560,3860,0,0,0,1.0,1,1.0,1,1.0,1,0.19625792625679908,48
3181,1,6421,2560,3861,0,0,0,1.0,1,1.0,1,1.0,1,0.1846714623635651,48
3182,2,6423,2561,3862,0,0,0,1.0,1,1.0,1,1.0,1,0.1843260703569682,51
3183,0,6423,2561,3862,0,0,0,1.0,1,1.0,1,1.0,1,0.1774952537029128,50
3184,5,6428,2564,3864,0,0,0,1.0,1,1.0,1,1.0,1,0.23052540293739127,50
3185,1,6429,2564,3865,0,0,0,1.0,1,1.0,1,1.0,1,0.2263437895788806,48
3186,1,6430,2565,3865,0,0,0,1.0,1,1.0,1,1.0,1,0.23273535973768644,48
3187,0,6430,2565,3865,0,0,0,1.0,1,1.0,1,1.0,1,0.2484534228321279,48
3188,1,6431,2566,3865,0,0,0,1.0,1,1.0,1,1.0,1,0.2598520732386805,48
3189,5,6436,2566,3870,0,0,0,1.0,1,1.0,1,1.0,1,0.2048726427774558,49
3190,2,6438,2566,3872,0,0,0,1.0,1,1.0,1,1.0,1,0.21517326040702256,51
3191,4,6442,2567,3875,0,0,0,1.0,1,1.0,1,1.0,1,0.183393718106369,52
3192,3,6445,2568,3877,0,0,0,1.0,1,1.0,1,1.0,1,0.16934505864019256,52
3193,3,6448,2569,3879,0,0,0,1.0,1,1.0,1,1.0,1,0.17703383104513384,52
3194,3,6451,2570,3881,0,0,0,1.0,1,1.0,1,1.0,1,0.182554894433728,54
3195,0,6451,2570,3881,0,0,0,1.0,1,1.0,1,1.0,1,0.182554894433728,54
3196,0,6451,2570,3881,0,0,0,1.0,1,1.0,1,1.0,1,0.182554894433728,54
3197,0,6451,2570,3881,0,0,0,1.0,1,1.0,1,1.0,1,0.20505327735117682,54
3198,2,6453,2571,3882,0,0,0,1.0,1,1.0,1,1.0,1,0.21981727018231256,54
3199,3,6456,2571,3885,0,0,0,1.0,1,1.0,1,1.0,1,0.1858405714290177,56
3200,2,6458,2573,3885,0,0,0,1.0,1,1.0,1,1.0,1,0.21366659681931557,56
3201,1,6459,2573,3886,0,0,0,1.0,1,1.0,1,1.0,1,0.217905872908613,56
3202,1,6460,2574,3886,0,0,0,1.0,1,1.0,1,1.0,1,0.24669953705516293,57
3203,2,6462,2575,3887,0,0,0,1.0,1,1.0,1,1.0,1,0.24949680014230893,56
3204,6,6468,2578,3890,0,0,0,1.0,1,1.0,1,1.0,1,0.28571337242268685,55
3205,3,6471,2578,3893,0,0,0,1.0,1,1.0,1,1.0,1,0.29952640213594384,54
3206,12,6483,2580,3903,0,0,0,1.0,1,1.0,1,1.0,1,0.2824224312195985,56
3207,8,6491,2580,3911,0,0,0,1.0,1,1.0,1,1.0,1,0.3061827342473966,54
3208,4,6495,2580,3915,0,0,0,1.0,1,1.0,1,1.0,1,0.28300077625128917,53
3209,4,6499,2580,3919,0,0,0,1.0,1,1.0,1,1.0,1,0.2851584348993472,54
3210,5,6504,2582,3922,0,0,0,1.0,1,1.0,1,1.0,1,0.3128116136991668,53
3211,4,6508,2583,3925,0,0,0,1.0,1,1.0,1,1.0,1,0.29095294536991534,53
3212,0,6508,2583,3925,0,0,0,1.0,1,1.0,1,1.0,1,0.28611150321487727,54
3213,0,6508,2583,3925,0,0,0,1.0,1,1.0,1,1.0,1,0.27608260501765053,54
3214,1,6509,2583,3926,0,0,0,1.0,1,1.0,1,1.0,1,0.2840135120049356,55
3215,0,6509,2583,3926,0,0,0,1.0,1,1.0,1,1.0,1,0.2840135120049356,55
3216,0,6509,2583,3926,0,0,0,1.0,1,1.0,1,1.0,1,0.2840135120049356,55
3217,2,6511,2585,3926,0,0,0,1.0,1,1.0,1,1.0,1,0.31555610547180035,54
3218,0,6511,2585,3926,0,0,0,1.0,1,1.0,1,1.0,1,0.31555610547180035,54
3219,2,6513,2586,3927,0,0,0,1.0,1,1.0,1,1.0,1,0.32872832346945663,55
3220,1,6514,2586,3928,0,0,0,1.0,1,1.0,1,1.0,1,0.29561696108982893,56
3221,1,6515,2587,3928,0,0,0,1.0,1,1.0,1,1.0,1,0.3070646149268313,57
3222,2,6517,2588,3929,0,0,0,1.0,1,1.0,1,1.0,1,0.30651566442399,57
3223,2,6519,2589,3930,0,0,0,1.0,1,1.0,1,1.0,1,0.3146530621080061,56
3224,4,6523,2592,3931,0,0,0,1.0,1,1.0,1,1.0,1,0.3314924860633584,58
3225,2,6525,2593,3932,0,0,0,1.0,1,1.0,1,1.0,1,0.3087525684177731,55
3226,6,6531,2595,3936,0,0,0,1.0,1,1.0,1,1.0,1,0.3299500654307566,54
3227,3,6534,2596,3938,0,0,0,1.0,1,1.0,1,1.0,1,0.29386142266852777,53
3228,2,6536,2598,3938,0,0,0,1.0,1,1.0,1,1.0,1,0.32093610654441884,52
3229,3,6539,2600,3939,0,0,0,1.0,1,1.0,1,1.0,1,0.362073443552433,52
3230,1,6540,2601,3939,0,0,0,1.0,1,1.0,1,1.0,1,0.32948094247666915,50
3231,3,6543,2603,3940,0,0,0,1.0,1,1.0,1,1.0,1,0.33404429803067825,50
3232,3,6546,2605,3941,0,0,0,1.0,1,1.0,1,1.0,1,0.34005806506741776,50
3233,4,6550,2606,3944,0,0,0,1.0,1,1.0,1,1.0,1,0.32857701776946335,50
3234,3,6553,2608,3945,0,0,0,1.0,1,1.0,1,1.0,1,0.3147283356578584,49
3235,2,6555,2609,3946,0,0,0,1.0,1,1.0,1,1.0,1,0.3188013563282382,49
3236,0,6555,2609,3946,0,0,0,1.0,1,1.0,1,1.0,1,0.32321452997692224,51
3237,2,6557,2611,3946,0,0,0,1.0,1,1.0,1,1.0,1,0.3565185419782649,53
3238,1,6558,2612,3946,0,0,0,1.0,1,1.0,1,1.0,1,0.34102109160986366,53
3239,1,6559,2612,3947,0,0,0,1.0,1,1.0,1,1.0,1,0.3346326586673176,53
3240,1,6560,2613,3947,0,0,0,1.0,1,1.0,1,1.0,1,0.3492212814015818,53
3241,7,6567,2613,3954,0,0,0,1.0,1,1.0,1,1.0,1,0.2591746279170482,53
3242,1,6568,2613,3955,0,0,0,1.0,1,1.0,1,1.0,1,0.24316257327510524,53
3243,1,6569,2613,3956,0,0,0,1.0,1,1.0,1,1.0,1,0.22719873218429965,56
3244,0,6569,2613,3956,0,0,0,1.0,1,1.0,1,1.0,1,0.23434334573593565,57
3245,1,6570,2613,3957,0,0,0,1.0,1,1.0,1,1.0,1,0.23534028501778273,59
3246,3,6573,2613,3960,0,0,0,1.0,1,1.0,1,1.0,1,0.2127512799706726,59
3247,1,6574,2614,3960,0,0,0,1.0,1,1.0,1,1.0,1,0.23406574228154628,59
3248,2,6576,2615,3961,0,0,0,1.0,1,1.0,1,1.0,1,0.22438091958673254,59
3249,0,6576,2615,3961,0,0,0,1.0,1,1.0,1,1.0,1,0.2558680418480568,58
3250,1,6577,2616,3961,0,0,0,1.0,1,1.0,1,1.0,1,0.24980730327672912,58
3251,1,6578,2617,3961,0,0,0,1.0,1,1.0,1,1.0,1,0.28069161131222947,57
3252,2,6580,2618,3962,0,0,0,1.0,1,1.0,1,1.0,1,0.26217523065699433,57
3253,1,6581,2618,3963,0,0,0,1.0,1,1.0,1,1.0,1,0.2626430102675669,56
3254,0,6581,2618,3963,0,0,0,1.0,1,1.0,1,1.0,1,0.2716816249159354,57
3255,3,6584,2619,3965,0,0,0,1.0,1,1.0,1,1.0,1,0.2340165965592616,57
3256,0,6584,2619,3965,0,0,0,1.0,1,1.0,1,1.0,1,0.2340165965592616,57
3257,1,6585,2619,3966,0,0,0,1.0,1,1.0,1,1.0,1,0.22706392872145376,57
3258,3,6588,2620,3968,0,0,0,1.0,1,1.0,1,1.0,1,0.19320937118904744,58
3259,3,6591,2621,3970,0,0,0,1.0,1,1.0,1,1.0,1,0.18267957479711217,59
3260,0,6591,2621,3970,0,0,0,1.0,1,1.0,1,1.0,1,0.19182785908620795,60
3261,5,6596,2623,3973,0,0,0,1.0,1,1.0,1,1.0,1,0.1713608626098736,60
3262,2,6598,2624,3974,0,0,0,1.0,1,1.0,1,1.0,1,0.1779403439141671,61
3263,6,6604,2630,3974,0,0,0,1.0,1,1.0,1,1.0,1,0.21717488046454672,62
3264,3,6607,2632,3975,0,0,0,1.0,1,1.0,1,1.0,1,0.2170317426971233,60
3265,2,6609,2634,3975,0,0,0,1.0,1,1.0,1,1.0,1,0.23448508164550244,58
3266,4,6613,2637,3976,0,0,0,1.0,1,1.0,1,1.0,1,0.27132517067483797,59
3267,3,6616,2640,3976,0,0,0,1.0,1,1.0,1,1.0,1,0.2647893539957589,60
3268,4,6620,2644,3976,0,0,0,1.0,1,1.0,1,1.0,1,0.3094643165126491,58
3269,3,6623,2645,3978,0,0,0,1.0,1,1.0,1,1.0,1,0.28882124830334427,57
3270,1,6624,2646,3978,0,0,0,1.0,1,1.0,1,1.0,1,0.29301820405425183,56
3271,4,6628,2646,3982,0,0,0,1.0,1,1.0,1,1.0,1,0.21359003136914165,55
3272,1,6629,2646,3983,0,0,0,1.0,1,1.0,1,1.0,1,0.190850241959385,55
3273,1,6630,2647,3983,0,0,0,1.0,1,1.0,1,1.0,1,0.20956058727310153,55
3274,4,6634,2648,3986,0,0,0,1.0,1,1.0,1,1.0,1,0.15920286890225735,55
3275,2,6636,2649,3987,0,0,0,1.0,1,1.0,1,1.0,1,0.17277156394084953,55
3276,0,6636,2649,3987,0,0,0,1.0,1,1.0,1,1.0,1,0.16049370727883472,55
3277,0,6636,2649,3987,0,0,0,1.0,1,1.0,1,1.0,1,0.1718510725000874,57
3278,5,6641,2650,3991,0,0,0,1.0,1,1.0,1,1.0,1,0.15461813035953934,56
3279,1,6642,2650,3992,0,0,0,1.0,1,1.0,1,1.0,1,0.14949188191455073,54
3280,2,6644,2652,3992,0,0,0,1.0,1,1.0,1,1.0,1,0.1599004339478732,53
3281,0,6644,2652,3992,0,0,0,1.0,1,1.0,1,1.0,1,0.17383541835344352,52
3282,1,6645,2653,3992,0,0,0,1.0,1,1.0,1,1.0,1,0.19949316115382376,50
3283,1,6646,2654,3992,0,0,0,1.0,1,1.0,1,1.0,1,0.19879269631664068,50
3284,1,6647,2655,3992,0,0,0,1.0,1,1.0,1,1.0,1,0.23302978867058793,47
3285,4,6651,2656,3995,0,0,0,1.0,1,1.0,1,1.0,1,0.18874275157592613,48
3286,2,6653,2658,3995,0,0,0,1.0,1,1.0,1,1.0,1,0.22338826930438144,46
3287,4,6657,2660,3997,0,0,0,1.0,1,1.0,1,1.0,1,0.28422152453038946,46
3288,6,6663,2663,4000,0,0,0,1.0,1,1.0,1,1.0,1,0.351470779933029,46
3289,8,6671,2666,4005,0,0,0,1.0,1,1.0,1,1.0,1,0.35222886713826695,48
3290,3,6674,2667,4007,0,0,0,1.0,1,1.0,1,1.0,1,0.35212774852049294,48
3291,3,6677,2668,4009,0,0,0,1.0,1,1.0,1,1.0,1,0.3402921543119513,50
3292,5,6682,2670,4012,0,0,0,1.0,1,1.0,1,1.0,1,0.35069018845891714,50
3293,5,6687,2670,4017,0,0,0,1.0,1,1.0,1,1.0,1,0.3381003928651626,51
3294,5,6692,2671,4021,0,0,0,1.0,1,1.0,1,1.0,1,0.29913448040280494,50
3295,2,6694,2671,4023,0,0,0,1.0,1,1.0,1,1.0,1,0.3019138804737781,50
3296,1,6695,2671,4024,0,0,0,1.0,1,1.0,1,1.0,1,0.29259904292679784,50
3297,5,6700,2673,4027,0,0,0,1.0,1,1.0,1,1.0,1,0.273214623744171,51
3298,2,6702,2674,4028,0,0,0,1.0,1,1.0,1,1.0,1,0.2752177645573305,52
3299,1,6703,2674,4029,0,0,0,1.0,1,1.0,1,1.0,1,0.2867151722352853,53
3300,2,6705,2675,4030,0,0,0,1.0,1,1.0,1,1.0,1,0.27873348438306345,53
3301,5,6710,2676,4034,0,0,0,1.0,1,1.0,1,1.0,1,0.18044331940940234,53
3302,6,6716,2679,4037,0,0,0,1.0,1,1.0,1,1.0,1,0.13188053347539264,53
3303,2,6718,2680,4038,0,0,0,1.0,1,1.0,1,1.0,1,0.1330318305781877,52
3304,3,6721,2682,4039,0,0,0,1.0,1,1.0,1,1.0,1,0.15720649781259802,52
3305,2,6723,2683,4040,0,0,0,1.0,1,1.0,1,1.0,1,0.1575371679400783,51
3306,7,6730,2686,4044,0,0,0,1.0,1,1.0,1,1.0,1,0.20431243619990427,51
3307,2,6732,2686,4046,0,0,0,1.0,1,1.0,1,1.0,1,0.1722313974202159,48
3308,4,6736,2689,4047,0,0,0,1.0,1,1.0,1,1.0,1,0.2070522158665284,48
3309,0,6736,2689,4047,0,0,0,1.0,1,1.0,1,1.0,1,0.18070033311339173,48
3310,2,6738,2689,4049,0,0,0,1.0,1,1.0,1,1.0,1,0.2208853274381886,47
3311,2,6740,2690,4050,0,0,0,1.0,1,1.0,1,1.0,1,0.2760033724222075,49
3312,1,6741,2691,4050,0,0,0,1.0,1,1.0,1,1.0,1,0.2602801704878683,48
3313,4,6745,2694,4051,0,0,0,1.0,1,1.0,1,1.0,1,0.30974208918096946,49
3314,6,6751,2695,4056,0,0,0,1.0,1,1.0,1,1.0,1,0.3364971352724534,47
3315,7,6758,2697,4061,0,0,0,1.0,1,1.0,1,1.0,1,0.33544016967956014,47
3316,1,6759,2697,4062,0,0,0,1.0,1,1.0,1,1.0,1,0.34535688505940876,47
3317,2,6761,2698,4063,0,0,0,1.0,1,1.0,1,1.0,1,0.3046491197318239,46
3318,2,6763,2699,4064,0,0,0,1.0,1,1.0,1,1.0,1,0.31514296400449443,45
3319,0,6763,2699,4064,0,0,0,1.0,1,1.0,1,1.0,1,0.315691918321286,44
3320,4,6767,2701,4066,0,0,0,1.0,1,1.0,1,1.0,1,0.29251378841916514,43
3321,3,6770,2703,4067,0,0,0,1.0,1,1.0,1,1.0,1,0.31840839003385524,43
3322,0,6770,2703,4067,0,0,0,1.0,1,1.0,1,1.0,1,0.3289421783912176,40
3323,1,6771,2704,4067,0,0,0,1.0,1,1.0,1,1.0,1,0.30540934699403455,40
3324,2,6773,2706,4067,0,0,0,1.0,1,1.0,1,1.0,1,0.27803302082068665,40
3325,1,6774,2707,4067,0,0,0,1.0,1,1.0,1,1.0,1,0.25800523711315876,40
3326,1,6775,2708,4067,0,0,0,1.0,1,1.0,1,1.0,1,0.2120619632090085,41
3327,1,6776,2709,4067,0,0,0,1.0,1,1.0,1,1.0,1,0.1755051358102937,39
3328,1,6777,2710,4067,0,0,0,1.0,1,1.0,1,1.0,1,0.2305436847316597,41
3329,1,6778,2711,4067,0,0,0,1.0,1,1.0,1,1.0,1,0.21846794473383094,39
3330,3,6781,2713,4068,0,0,0,1.0,1,1.0,1,1.0,1,0.2684264471993897,40
3331,4,6785,2713,4072,0,0,0,1.0,1,1.0,1,1.0,1,0.16267959609051605,38
3332,0,6785,2713,4072,0,0,0,1.0,1,1.0,1,1.0,1,0.20562339545056108,38
3333,0,6785,2713,4072,0,0,0,1.0,1,1.0,1,1.0,1,0.20562339545056108,38
3334,3,6788,2713,4075,0,0,0,1.0,1,1.0,1,1.0,1,0.22201464865119241,40
3335,0,6788,2713,4075,0,0,0,1.0,1,1.0,1,1.0,1,0.22201464865119241,40
3336,0,6788,2713,4075,0,0,0,1.0,1,1.0,1,1.0,1,0.2586195473841212,39
3337,0,6788,2713,4075,0,0,0,1.0,1,1.0,1,1.0,1,0.26109768369567,40
3338,2,6790,2715,4075,0,0,0,1.0,1,1.0,1,1.0,1,0.29804202651233563,41
3339,2,6792,2715,4077,0,0,0,1.0,1,1.0,1,1.0,1,0.3187170992187703,42
3340,5,6797,2718,4079,0,0,0,1.0,1,1.0,1,1.0,1,0.3168650457472666,43
3341,3,6800,2718,4082,0,0,0,1.0,1,1.0,1,1.0,1,0.2931653798096362,43
3342,8,6808,2719,4089,0,0,0,1.0,1,1.0,1,1.0,1,0.3124958837727335,44
3343,3,6811,2721,4090,0,0,0,1.0,1,1.0,1,1.0,1,0.31527952223435257,44
3344,2,6813,2722,4091,0,0,0,1.0,1,1.0,1,1.0,1,0.3493648988983672,44
3345,1,6814,2722,4092,0,0,0,1.0,1,1.0,1,1.0,1,0.3597340750222699,43
3346,1,6815,2722,4093,0,0,0,1.0,1,1.0,1,1.0,1,0.384768389004341,42
3347,1,6816,2722,4094,0,0,0,1.0,1,1.0,1,1.0,1,0.3720244030744764,44
3348,1,6817,2722,4095,0,0,0,1.0,1,1.0,1,1.0,1,0.37448490665332673,45
3349,3,6820,2723,4097,0,0,0,1.0,1,1.0,1,1.0,1,0.35589967201939876,45
3350,3,6823,2723,4100,0,0,0,1.0,1,1.0,1,1.0,1,0.3262056736974048,46
3351,4,6827,2723,4104,0,0,0,1.0,1,1.0,1,1.0,1,0.3311540299130359,47
3352,6,6833,2724,4109,0,0,0,1.0,1,1.0,1,1.0,1,0.3219237913456057,47
3353,9,6842,2724,4118,0,0,0,1.0,1,1.0,1,1.0,1,0.34715364924660014,48
3354,10,6852,2724,4128,0,0,0,1.0,1,1.0,1,1.0,1,0.3373022981379417,48
3355,14,6866,2725,4141,0,0,0,1.0,1,1.0,1,1.0,1,0.3352434008907087,48
3356,7,6873,2726,4147,0,0,0,1.0,1,1.0,1,1.0,1,0.34424750877408955,48
3357,8,6881,2727,4154,0,0,0,1.0,1,1.0,1,1.0,1,0.33204760938554717,47
3358,9,6890,2727,4163,0,0,0,1.0,1,1.0,1,1.0,1,0.3811757211385884,46
3359,9,6899,2728,4171,0,0,0,1.0,1,1.0,1,1.0,1,0.38025588909983876,45
3360,12,6911,2730,4181,0,0,0,1.0,1,1.0,1,1.0,1,0.44205097243330344,44
3361,9,6920,2731,4189,0,0,0,1.0,1,1.0,1,1.0,1,0.33767662204296683,43
3362,2,6922,2731,4191,0,0,0,1.0,1,1.0,1,1.0,1,0.33951529053326934,42
3363,1,6923,2732,4191,0,0,0,1.0,1,1.0,1,1.0,1,0.37290410168592786,41
3364,4,6927,2732,4195,0,0,0,1.0,1,1.0,1,1.0,1,0.231987565237355,41
3365,2,6929,2732,4197,0,0,0,1.0,1,1.0,1,1.0,1,0.22506808122766978,41
3366,2,6931,2733,4198,0,0,0,1.0,1,1.0,1,1.0,1,0.2137400119106955,40
3367,0,6931,2733,4198,0,0,0,1.0,1,1.0,1,1.0,1,0.20231302868614454,39
3368,0,6931,2733,4198,0,0,0,1.0,1,1.0,1,1.0,1,0.20231302868614454,39
3369,0,6931,2733,4198,0,0,0,1.0,1,1.0,1,1.0,1,0.19246807443479685,40
3370,3,6934,2735,4199,0,0,0,1.0,1,1.0,1,1.0,1,0.18015026425561115,41
3371,2,6936,2735,4201,0,0,0,1.0,1,1.0,1,1.0,1,0.15642042899387756,41
3372,1,6937,2736,4201,0,0,0,1.0,1,1.0,1,1.0,1,0.18299286484828922,40
3373,0,6937,2736,4201,0,0,0,1.0,1,1.0,1,1.0,1,0.1947401412891382,41
3374,1,6938,2736,4202,0,0,0,1.0,1,1.0,1,1.0,1,0.17830543275547647,42
3375,4,6942,2736,4206,0,0,0,1.0,1,1.0,1,1.0,1,0.20270482759558825,44
3376,7,6949,2736,4213,0,0,0,1.0,1,1.0,1,1.0,1,0.16991864610711355,46
3377,4,6953,2736,4217,0,0,0,1.0,1,1.0,1,1.0,1,0.17330695378148228,47
3378,5,6958,2737,4221,0,0,0,1.0,1,1.0,1,1.0,1,0.17335473857714803,48
3379,4,6962,2737,4225,0,0,0,1.0,1,1.0,1,1.0,1,0.11867647897637924,48
3380,5,6967,2739,4228,0,0,0,1.0,1,1.0,1,1.0,1,0.15355393180373836,48
3381,3,6970,2739,4231,0,0,0,1.0,1,1.0,1,1.0,1,0.12347005348280801,48
3382,5,6975,2741,4234,0,0,0,1.0,1,1.0,1,1.0,1,0.10659328779021372,49
3383,2,6977,2741,4236,0,0,0,1.0,1,1.0,1,1.0,1,0.14761732345303097,47
3384,5,6982,2744,4238,0,0,0,1.0,1,1.0,1,1.0,1,0.10560281128591777,48
3385,1,6983,2744,4239,0,0,0,1.0,1,1.0,1,1.0,1,0.11524250063837527,47
3386,2,6985,2746,4239,0,0,0,1.0,1,1.0,1,1.0,1,0.14245231059202781,49
3387,0,6985,2746,4239,0,0,0,1.0,1,1.0,1,1.0,1,0.1469171758501989,48
3388,3,6988,2747,4241,0,0,0,1.0,1,1.0,1,1.0,1,0.19445981113312674,48
3389,4,6992,2747,4245,0,0,0,1.0,1,1.0,1,1.0,1,0.19499232058405677,50
3390,8,7000,2749,4251,0,0,0,1.0,1,1.0,1,1.0,1,0.19991280968121097,51
3391,7,7007,2749,4258,0,0,0,1.0,1,1.0,1,1.0,1,0.15041947404168796,51
3392,1,7008,2749,4259,0,0,0,1.0,1,1.0,1,1.0,1,0.15859786375587903,52
3393,4,7012,2749,4263,0,0,0,1.0,1,1.0,1,1.0,1,0.13445101260262282,52
3394,1,7013,2749,4264,0,0,0,1.0,1,1.0,1,1.0,1,0.1530567501650111,52
3395,3,7016,2750,4266,0,0,0,1.0,1,1.0,1,1.0,1,0.16528636546065453,50
3396,2,7018,2751,4267,0,0,0,1.0,1,1.0,1,1.0,1,0.2027973607416463,49
3397,2,7020,2751,4269,0,0,0,1.0,1,1.0,1,1.0,1,0.22601736515600343,49
3398,1,7021,2751,4270,0,0,0,1.0,1,1.0,1,1.0,1,0.2291705627709222,48
3399,1,7022,2751,4271,0,0,0,1.0,1,1.0,1,1.0,1,0.20408398539956796,49
3400,1,7023,2752,4271,0,0,0,1.0,1,1.0,1,1.0,1,0.2089263256773927,50
3401,1,7024,2752,4272,0,0,0,1.0,1,1.0,1,1.0,1,0.19826998141431545,51
3402,3,7027,2753,4274,0,0,0,1.0,1,1.0,1,1.0,1,0.19141352607889422,51
3403,1,7028,2753,4275,0,0,0,1.0,1,1.0,1,1.0,1,0.21065956413063772,51
3404,2,7030,2753,4277,0,0,0,1.0,1,1.0,1,1.0,1,0.2112592137670342,51
3405,1,7031,2753,4278,0,0,0,1.0,1,1.0,1,1.0,1,0.19900934473308704,51
3406,1,7032,2753,4279,0,0,0,1.0,1,1.0,1,1.0,1,0.20350199538091562,51
3407,1,7033,2753,4280,0,0,0,1.0,1,1.0,1,1.0,1,0.2125779711703095,52
3408,0,7033,2753,4280,0,0,0,1.0,1,1.0,1,1.0,1,0.22064096857690904,53
3409,0,7033,2753,4280,0,0,0,1.0,1,1.0,1,1.0,1,0.2024827039524234,54
3410,2,7035,2754,4281,0,0,0,1.0,1,1.0,1,1.0,1,0.2079932224180905,54
3411,7,7042,2755,4287,0,0,0,1.0,1,1.0,1,1.0,1,0.16702356427201218,54
3412,1,7043,2755,4288,0,0,0,1.0,1,1.0,1,1.0,1,0.17565794554103503,55
3413,1,7044,2756,4288,0,0,0,1.0,1,1.0,1,1.0,1,0.1710708499573975,55
3414,2,7046,2756,4290,0,0,0,1.0,1,1.0,1,1.0,1,0.19690652445381993,55
3415,3,7049,2759,4290,0,0,0,1.0,1,1.0,1,1.0,1,0.2300894933032892,56
3416,3,7052,2759,4293,0,0,0,1.0,1,1.0,1,1.0,1,0.24899353611060948,55
3417,4,7056,2759,4297,0,0,0,1.0,1,1.0,1,1.0,1,0.2541894989883906,56
3418,11,7067,2761,4306,0,0,0,1.0,1,1.0,1,1.0,1,0.2827838071438466,55
3419,10,7077,2762,4315,0,0,0,1.0,1,1.0,1,1.0,1,0.31652722430434643,56
3420,10,7087,2764,4323,0,0,0,1.0,1,1.0,1,1.0,1,0.3048270746836401,55
3421,6,7093,2764,4329,0,0,0,1.0,1,1.0,1,1.0,1,0.23427939246763466,57
3422,1,7094,2765,4329,0,0,0,1.0,1,1.0,1,1.0,1,0.24208442925165966,56
3423,2,7096,2766,4330,0,0,0,1.0,1,1.0,1,1.0,1,0.20778316160508606,56
3424,0,7096,2766,4330,0,0,0,1.0,1,1.0,1,1.0,1,0.20975318765528247,56
3425,1,7097,2766,4331,0,0,0,1.0,1,1.0,1,1.0,1,0.186684422758719,56
3426,2,7099,2766,4333,0,0,0,1.0,1,1.0,1,1.0,1,0.17010808138681457,55
3427,1,7100,2767,4333,0,0,0,1.0,1,1.0,1,1.0,1,0.1996391697692698,55
3428,1,7101,2767,4334,0,0,0,1.0,1,1.0,1,1.0,1,0.18656345883820538,55
3429,3,7104,2768,4336,0,0,0,1.0,1,1.0,1,1.0,1,0.20145570269469185,54
3430,2,7106,2768,4338,0,0,0,1.0,1,1.0,1,1.0,1,0.18109030377990604,56
3431,0,7106,2768,4338,0,0,0,1.0,1,1.0,1,1.0,1,0.18332268281939781,54
3432,2,7108,2769,4339,0,0,0,1.0,1,1.0,1,1.0,1,0.19503807909823845,56
3433,1,7109,2770,4339,0,0,0,1.0,1,1.0,1,1.0,1,0.21674575694902817,53
3434,1,7110,2771,4339,0,0,0,1.0,1,1.0,1,1.0,1,0.19467341501728136,51
3435,1,7111,2772,4339,0,0,0,1.0,1,1.0,1,1.0,1,0.22099112458576595,51
3436,0,7111,2772,4339,0,0,0,1.0,1,1.0,1,1.0,1,0.221059022901992,51
3437,1,7112,2772,4340,0,0,0,1.0,1,1.0,1,1.0,1,0.2536796063807909,53
3438,2,7114,2773,4341,0,0,0,1.0,1,1.0,1,1.0,1,0.25026528460628217,52
3439,2,7116,2773,4343,0,0,0,1.0,1,1.0,1,1.0,1,0.2452539343465494,54
3440,2,7118,2774,4344,0,0,0,1.0,1,1.0,1,1.0,1,0.2679034589066252,52
3441,1,7119,2774,4345,0,0,0,1.0,1,1.0,1,1.0,1,0.2566774563579883,53
3442,2,7121,2776,4345,0,0,0,1.0,1,1.0,1,1.0,1,0.2747020959856095,53
3443,1,7122,2777,4345,0,0,0,1.0,1,1.0,1,1.0,1,0.2910824662717739,53
3444,0,7122,2777,4345,0,0,0,1.0,1,1.0,1,1.0,1,0.29299827276236096,52
3445,1,7123,2777,4346,0,0,0,1.0,1,1.0,1,1.0,1,0.2662873505005481,53
3446,3,7126,2779,4347,0,0,0,1.0,1,1.0,1,1.0,1,0.2631095935454785,53
3447,2,7128,2780,4348,0,0,0,1.0,1,1.0,1,1.0,1,0.24611663982900048,53
3448,5,7133,2782,4351,0,0,0,1.0,1,1.0,1,1.0,1,0.25889119601044164,52
3449,3,7136,2784,4352,0,0,0,1.0,1,1.0,1,1.0,1,0.22321791015968379,52
3450,2,7138,2786,4352,0,0,0,1.0,1,1.0,1,1.0,1,0.22630736202300522,52
3451,5,7143,2788,4355,0,0,0,1.0,1,1.0,1,1.0,1,0.20623972874265784,54
3452,1,7144,2789,4355,0,0,0,1.0,1,1.0,1,1.0,1,0.2207422644558228,54
3453,3,7147,2791,4356,0,0,0,1.0,1,1.0,1,1.0,1,0.23371805669284798,54
3454,2,7149,2791,4358,0,0,0,1.0,1,1.0,1,1.0,1,0.19957222671256594,57
3455,0,7149,2791,4358,0,0,0,1.0,1,1.0,1,1.0,1,0.19957222671256594,57
3456,2,7151,2791,4360,0,0,0,1.0,1,1.0,1,1.0,1,0.17733869887332906,58
3457,0,7151,2791,4360,0,0,0,1.0,1,1.0,1,1.0,1,0.18072981245042546,57
3458,0,7151,2791,4360,0,0,0,1.0,1,1.0,1,1.0,1,0.20079037787385842,57
3459,0,7151,2791,4360,0,0,0,1.0,1,1.0,1,1.0,1,0.20079037787385842,57
3460,1,7152,2791,4361,0,0,0,1.0,1,1.0,1,1.0,1,0.17254728802672206,58
3461,1,7153,2791,4362,0,0,0,1.0,1,1.0,1,1.0,1,0.16870912950862582,59
3462,1,7154,2792,4362,0,0,0,1.0,1,1.0,1,1.0,1,0.17279224199247722,59
3463,1,7155,2793,4362,0,0,0,1.0,1,1.0,1,1.0,1,0.18641076568002918,59
3464,4,7159,2794,4365,0,0,0,1.0,1,1.0,1,1.0,1,0.18510312754695954,59
3465,2,7161,2796,4365,0,0,0,1.0,1,1.0,1,1.0,1,0.18791972916334748,57
3466,4,7165,2798,4367,0,0,0,1.0,1,1.0,1,1.0,1,0.19867241120320184,57
3467,2,7167,2799,4368,0,0,0,1.0,1,1.0,1,1.0,1,0.23790587754247838,57
3468,4,7171,2802,4369,0,0,0,1.0,1,1.0,1,1.0,1,0.27717122001527,57
3469,3,7174,2802,4372,0,0,0,1.0,1,1.0,1,1.0,1,0.23528542817389064,53
3470,2,7176,2804,4372,0,0,0,1.0,1,1.0,1,1.0,1,0.24975993816980355,50
3471,1,7177,2805,4372,0,0,0,1.0,1,1.0,1,1.0,1,0.24904710715133702,49
3472,1,7178,2806,4372,0,0,0,1.0,1,1.0,1,1.0,1,0.31838818879746866,47
3473,2,7180,2808,4372,0,0,0,1.0,1,1.0,1,1.0,1,0.34906445483884657,45
3474,4,7184,2809,4375,0,0,0,1.0,1,1.0,1,1.0,1,0.38590198359022426,42
3475,4,7188,2811,4377,0,0,0,1.0,1,1.0,1,1.0,1,0.38948216000149805,43
3476,1,7189,2812,4377,0,0,0,1.0,1,1.0,1,1.0,1,0.4029281278363524,41
3477,5,7194,2817,4377,0,0,0,1.0,1,1.0,1,1.0,1,0.45383593365527886,42
3478,1,7195,2818,4377,0,0,0,1.0,1,1.0,1,1.0,1,0.4543217214771756,40
3479,1,7196,2818,4378,0,0,0,1.0,1,1.0,1,1.0,1,0.42042029557582977,40
3480,1,7197,2819,4378,0,0,0,1.0,1,1.0,1,1.0,1,0.435126853555629,40
3481,10,7207,2819,4388,0,0,0,1.0,1,1.0,1,1.0,1,0.19522325836147641,40
3482,2,7209,2819,4390,0,0,0,1.0,1,1.0,1,1.0,1,0.15899323590176528,40
3483,0,7209,2819,4390,0,0,0,1.0,1,1.0,1,1.0,1,0.1606255509996922,39
3484,0,7209,2819,4390,0,0,0,1.0,1,1.0,1,1.0,1,0.1606255509996922,39
3485,0,7209,2819,4390,0,0,0,1.0,1,1.0,1,1.0,1,0.18290595837911244,40
3486,0,7209,2819,4390,0,0,0,1.0,1,1.0,1,1.0,1,0.17658970939532165,41
3487,0,7209,2819,4390,0,0,0,1.0,1,1.0,1,1.0,1,0.19739251117035553,41
3488,2,7211,2820,4391,0,0,0,1.0,1,1.0,1,1.0,1,0.16411896569000778,42
3489,2,7213,2821,4392,0,0,0,1.0,1,1.0,1,1.0,1,0.1764186476284047,44
3490,0,7213,2821,4392,0,0,0,1.0,1,1.0,1,1.0,1,0.1764186476284047,44
3491,0,7213,2821,4392,0,0,0,1.0,1,1.0,1,1.0,1,0.19369639837453312,45
3492,2,7215,2822,4393,0,0,0,1.0,1,1.0,1,1.0,1,0.19432863233773726,45
3493,1,7216,2823,4393,0,0,0,1.0,1,1.0,1,1.0,1,0.21030068385404255,45
3494,0,7216,2823,4393,0,0,0,1.0,1,1.0,1,1.0,1,0.21030068385404255,45
3495,1,7217,2823,4394,0,0,0,1.0,1,1.0,1,1.0,1,0.22441891521516757,45
3496,2,7219,2823,4396,0,0,0,1.0,1,1.0,1,1.0,1,0.2150995918422605,46
3497,2,7221,2824,4397,0,0,0,1.0,1,1.0,1,1.0,1,0.23593290167929631,47
3498,3,7224,2825,4399,0,0,0,1.0,1,1.0,1,1.0,1,0.24110460128957495,48
3499,1,7225,2825,4400,0,0,0,1.0,1,1.0,1,1.0,1,0.2584466222417843,47
3500,0,7225,2825,4400,0,0,0,1.0,1,1.0,1,1.0,1,0.25872673437958876,50
3501,2,7227,2826,4401,0,0,0,1.0,1,1.0,1,1.0,1,0.26311929262270145,50
3502,2,7229,2827,4402,0,0,0,1.0,1,1.0,1,1.0,1,0.2819667964428553,50
3503,2,7231,2829,4402,0,0,0,1.0,1,1.0,1,1.0,1,0.3168454976248083,50
3504,3,7234,2831,4403,0,0,0,1.0,1,1.0,1,1.0,1,0.363895327757138,47
3505,2,7236,2832,4404,0,0,0,1.0,1,1.0,1,1.0,1,0.37123375289318733,48
3506,5,7241,2833,4408,0,0,0,1.0,1,1.0,1,1.0,1,0.3642199953288775,49
3507,1,7242,2834,4408,0,0,0,1.0,1,1.0,1,1.0,1,0.363267862567929,46
3508,4,7246,2836,4410,0,0,0,1.0,1,1.0,1,1.0,1,0.3562150477254018,47
3509,1,7247,2836,4411,0,0,0,1.0,1,1.0,1,1.0,1,0.3122388700290376,44
3510,0,7247,2836,4411,0,0,0,1.0,1,1.0,1,1.0,1,0.3343226255743614,45
3511,0,7247,2836,4411,0,0,0,1.0,1,1.0,1,1.0,1,0.32655680775321383,44
3512,0,7247,2836,4411,0,0,0,1.0,1,1.0,1,1.0,1,0.32684094287220483,42
3513,0,7247,2836,4411,0,0,0,1.0,1,1.0,1,1.0,1,0.32684094287220483,42
3514,2,7249,2836,4413,0,0,0,1.0,1,1.0,1,1.0,1,0.30892116726410657,42
3515,3,7252,2837,4415,0,0,0,1.0,1,1.0,1,1.0,1,0.3189381918588865,42
3516,2,7254,2838,4416,0,0,0,1.0,1,1.0,1,1.0,1,0.2599941589203865,41
3517,1,7255,2838,4417,0,0,0,1.0,1,1.0,1,1.0,1,0.26700599863550856,44
3518,1,7256,2839,4417,0,0,0,1.0,1,1.0,1,1.0,1,0.31320002987088746,43
3519,0,7256,2839,4417,0,0,0,1.0,1,1.0,1,1.0,1,0.3221561241297204,44
3520,1,7257,2839,4418,0,0,0,1.0,1,1.0,1,1.0,1,0.29965511118404353,45
3521,0,7257,2839,4418,0,0,0,1.0,1,1.0,1,1.0,1,0.29965511118404353,45
3522,0,7257,2839,4418,0,0,0,1.0,1,1.0,1,1.0,1,0.28388075420114606,46
3523,0,7257,2839,4418,0,0,0,1.0,1,1.0,1,1.0,1,0.28388075420114606,46
3524,0,7257,2839,4418,0,0,0,1.0,1,1.0,1,1.0,1,0.2828874077822622,47
3525,3,7260,2839,4421,0,0,0,1.0,1,1.0,1,1.0,1,0.27612134650383524,48
3526,0,7260,2839,4421,0,0,0,1.0,1,1.0,1,1.0,1,0.2755987391344543,49
3527,3,7263,2841,4422,0,0,0,1.0,1,1.0,1,1.0,1,0.29081911022697066,49
3528,4,7267,2841,4426,0,0,0,1.0,1,1.0,1,1.0,1,0.27238567859305285,51
3529,0,7267,2841,4426,0,0,0,1.0,1,1.0,1,1.0,1,0.27238567859305285,51
3530,0,7267,2841,4426,0,0,0,1.0,1,1.0,1,1.0,1,0.2802216916003975,52
3531,3,7270,2842,4428,0,0,0,1.0,1,1.0,1,1.0,1,0.29561825639617495,52
3532,1,7271,2842,4429,0,0,0,1.0,1,1.0,1,1.0,1,0.2886881105006959,52
3533,0,7271,2842,4429,0,0,0,1.0,1,1.0,1,1.0,1,0.2886881105006959,52
3534,0,7271,2842,4429,0,0,0,1.0,1,1.0,1,1.0,1,0.2886881105006959,52
3535,0,7271,2842,4429,0,0,0,1.0,1,1.0,1,1.0,1,0.2886881105006959,52
3536,3,7274,2842,4432,0,0,0,1.0,1,1.0,1,1.0,1,0.2843129685313876,54
3537,2,7276,2842,4434,0,0,0,1.0,1,1.0,1,1.0,1,0.269331157118834,55
3538,2,7278,2842,4436,0,0,0,1.0,1,1.0,1,1.0,1,0.2693835982153771,55
3539,0,7278,2842,4436,0,0,0,1.0,1,1.0,1,1.0,1,0.25789645660697536,58
3540,5,7283,2843,4440,0,0,0,1.0,1,1.0,1,1.0,1,0.25570331940668756,59
3541,2,7285,2844,4441,0,0,0,1.0,1,1.0,1,1.0,1,0.236178966046007,59
3542,3,7288,2844,4444,0,0,0,1.0,1,1.0,1,1.0,1,0.22299886549069767,61
3543,5,7293,2846,4447,0,0,0,1.0,1,1.0,1,1.0,1,0.19933842248496994,62
3544,2,7295,2848,4447,0,0,0,1.0,1,1.0,1,1.0,1,0.21145559083709184,59
3545,2,7297,2850,4447,0,0,0,1.0,1,1.0,1,1.0,1,0.2313771011848312,59
3546,4,7301,2852,4449,0,0,0,1.0,1,1.0,1,1.0,1,0.21356246388868053,57
3547,2,7303,2854,4449,0,0,0,1.0,1,1.0,1,1.0,1,0.24714438264293362,53
3548,1,7304,2855,4449,0,0,0,1.0,1,1.0,1,1.0,1,0.2792387599691322,53
3549,1,7305,2856,4449,0,0,0,1.0,1,1.0,1,1.0,1,0.27575844235983604,52
3550,2,7307,2857,4450,0,0,0,1.0,1,1.0,1,1.0,1,0.27648259262766506,51
3551,1,7308,2858,4450,0,0,0,1.0,1,1.0,1,1.0,1,0.2837800934197708,51
3552,0,7308,2858,4450,0,0,0,1.0,1,1.0,1,1.0,1,0.2942156490575605,51
3553,0,7308,2858,4450,0,0,0,1.0,1,1.0,1,1.0,1,0.3084947069983125,49
3554,4,7312,2858,4454,0,0,0,1.0,1,1.0,1,1.0,1,0.25633553310516355,49
3555,3,7315,2858,4457,0,0,0,1.0,1,1.0,1,1.0,1,0.21347209796592645,51
3556,0,7315,2858,4457,0,0,0,1.0,1,1.0,1,1.0,1,0.21347209796592645,51
3557,2,7317,2859,4458,0,0,0,1.0,1,1.0,1,1.0,1,0.1972994521054918,52
3558,2,7319,2860,4459,0,0,0,1.0,1,1.0,1,1.0,1,0.21641227734285332,52
3559,1,7320,2861,4459,0,0,0,1.0,1,1.0,1,1.0,1,0.22275653089878542,52
3560,2,7322,2862,4460,0,0,0,1.0,1,1.0,1,1.0,1,0.17888372262670652,53
3561,1,7323,2863,4460,0,0,0,1.0,1,1.0,1,1.0,1,0.17848687207101283,54
3562,0,7323,2863,4460,0,0,0,1.0,1,1.0,1,1.0,1,0.17848687207101283,54
3563,1,7324,2864,4460,0,0,0,1.0,1,1.0,1,1.0,1,0.1945034528291795,55
3564,0,7324,2864,4460,0,0,0,1.0,1,1.0,1,1.0,1,0.16733910533050453,57
3565,0,7324,2864,4460,0,0,0,1.0,1,1.0,1,1.0,1,0.18081643116766574,56
3566,0,7324,2864,4460,0,0,0,1.0,1,1.0,1,1.0,1,0.19537268833262825,57
3567,2,7326,2866,4460,0,0,0,1.0,1,1.0,1,1.0,1,0.22986983121916343,57
3568,1,7327,2867,4460,0,0,0,1.0,1,1.0,1,1.0,1,0.23965938313702786,57
3569,2,7329,2868,4461,0,0,0,1.0,1,1.0,1,1.0,1,0.19180542886314486,57
3570,2,7331,2870,4461,0,0,0,1.0,1,1.0,1,1.0,1,0.24730763269571374,59
3571,6,7337,2870,4467,0,0,0,1.0,1,1.0,1,1.0,1,0.16105240695061274,60
3572,2,7339,2871,4468,0,0,0,1.0,1,1.0,1,1.0,1,0.1624550251014551,61
3573,2,7341,2872,4469,0,0,0,1.0,1,1.0,1,1.0,1,0.17667670058897578,62
3574,2,7343,2872,4471,0,0,0,1.0,1,1.0,1,1.0,1,0.15282303961074473,63
3575,0,7343,2872,4471,0,0,0,1.0,1,1.0,1,1.0,1,0.15282303961074473,63
3576,3,7346,2874,4472,0,0,0,1.0,1,1.0,1,1.0,1,0.19211267593261064,63
3577,0,7346,2874,4472,0,0,0,1.0,1,1.0,1,1.0,1,0.18489536480147958,64
3578,3,7349,2875,4474,0,0,0,1.0,1,1.0,1,1.0,1,0.1995033628086301,64
3579,3,7352,2875,4477,0,0,0,1.0,1,1.0,1,1.0,1,0.18949805342975304,64
3580,3,7355,2875,4480,0,0,0,1.0,1,1.0,1,1.0,1,0.1713214076551451,65
3581,0,7355,2875,4480,0,0,0,1.0,1,1.0,1,1.0,1,0.1858562623439932,68
3582,4,7359,2876,4483,0,0,0,1.0,1,1.0,1,1.0,1,0.1959817752362046,68
3583,2,7361,2878,4483,0,0,0,1.0,1,1.0,1,1.0,1,0.19561676958669796,65
3584,2,7363,2880,4483,0,0,0,1.0,1,1.0,1,1.0,1,0.20947532622519555,64
3585,6,7369,2881,4488,0,0,0,1.0,1,1.0,1,1.0,1,0.184088491989152,64
3586,5,7374,2884,4490,0,0,0,1.0,1,1.0,1,1.0,1,0.20849765020481256,65
3587,4,7378,2886,4492,0,0,0,1.0,1,1.0,1,1.0,1,0.18209633842988884,64
3588,3,7381,2888,4493,0,0,0,1.0,1,1.0,1,1.0,1,0.20367717336207547,62
3589,5,7386,2890,4496,0,0,0,1.0,1,1.0,1,1.0,1,0.2104965580065951,63
3590,2,7388,2890,4498,0,0,0,1.0,1,1.0,1,1.0,1,0.20909352904410922,63
3591,5,7393,2892,4501,0,0,0,1.0,1,1.0,1,1.0,1,0.1981405470916409,62
3592,1,7394,2892,4502,0,0,0,1.0,1,1.0,1,1.0,1,0.16228501287804342,59
3593,4,7398,2895,4503,0,0,0,1.0,1,1.0,1,1.0,1,0.15787265024739794,58
3594,0,7398,2895,4503,0,0,0,1.0,1,1.0,1,1.0,1,0.20507305849180615,57
3595,1,7399,2895,4504,0,0,0,1.0,1,1.0,1,1.0,1,0.19560320868256048,59
3596,2,7401,2897,4504,0,0,0,1.0,1,1.0,1,1.0,1,0.20516733098983647,57
3597,2,7403,2899,4504,0,0,0,1.0,1,1.0,1,1.0,1,0.2410055453191269,57
3598,1,7404,2899,4505,0,0,0,1.0,1,1.0,1,1.0,1,0.2178829669529073,57
3599,4,7408,2901,4507,0,0,0,1.0,1,1.0,1,1.0,1,0.20788407217834431,58
3600,0,7408,2901,4507,0,0,0,1.0,1,1.0,1,1.0,1,0.20728267864989636,58
3601,9,7417,2902,4515,0,0,0,1.0,1,1.0,1,1.0,1,0.08846340335796403,58
3602,1,7418,2902,4516,0,0,0,1.0,1,1.0,1,1.0,1,0.08010436380390562,60
3603,1,7419,2903,4516,0,0,0,1.0,1,1.0,1,1.0,1,0.10880134111979797,60
3604,0,7419,2903,4516,0,0,0,1.0,1,1.0,1,1.0,1,0.10880134111979797,60
3605,5,7424,2905,4519,0,0,0,1.0,1,1.0,1,1.0,1,0.10854548312762402,61
3606,1,7425,2905,4520,0,0,0,1.0,1,1.0,1,1.0,1,0.08155582443151774,63
3607,1,7426,2906,4520,0,0,0,1.0,1,1.0,1,1.0,1,0.10979816693568209,63
3608,0,7426,2906,4520,0,0,0,1.0,1,1.0,1,1.0,1,0.11689109336658539,64
3609,1,7427,2906,4521,0,0,0,1.0,1,1.0,1,1.0,1,0.12992010259471262,66
3610,2,7429,2908,4521,0,0,0,1.0,1,1.0,1,1.0,1,0.13664609011004258,67
3611,5,7434,2910,4524,0,0,0,1.0,1,1.0,1,1.0,1,0.16598532342515973,67
3612,2,7436,2911,4525,0,0,0,1.0,1,1.0,1,1.0,1,0.2054368940798477,66
3613,4,7440,2912,4528,0,0,0,1.0,1,1.0,1,1.0,1,0.22372225610884938,66
3614,6,7446,2914,4532,0,0,0,1.0,1,1.0,1,1.0,1,0.21987690385485117,65
3615,3,7449,2914,4535,0,0,0,1.0,1,1.0,1,1.0,1,0.24769615136371695,65
3616,1,7450,2914,4536,0,0,0,1.0,1,1.0,1,1.0,1,0.2514615229894453,65
3617,4,7454,2914,4540,0,0,0,1.0,1,1.0,1,1.0,1,0.24220752069611667,66
3618,6,7460,2916,4544,0,0,0,1.0,1,1.0,1,1.0,1,0.2461708757475198,66
3619,4,7464,2918,4546,0,0,0,1.0,1,1.0,1,1.0,1,0.26636364508075894,65
3620,10,7474,2920,4554,0,0,0,1.0,1,1.0,1,1.0,1,0.24253009237167994,66
3621,4,7478,2920,4558,0,0,0,1.0,1,1.0,1,1.0,1,0.22448176780054305,65
3622,2,7480,2922,4558,0,0,0,1.0,1,1.0,1,1.0,1,0.2502552521847626,65
3623,5,7485,2925,4560,0,0,0,1.0,1,1.0,1,1.0,1,0.2500758875004151,62
3624,5,7490,2928,4562,0,0,0,1.0,1,1.0,1,1.0,1,0.2890124622757377,62
3625,7,7497,2931,4566,0,0,0,1.0,1,1.0,1,1.0,1,0.282473223416482,61
3626,1,7498,2931,4567,0,0,0,1.0,1,1.0,1,1.0,1,0.27112112817503015,58
3627,5,7503,2932,4571,0,0,0,1.0,1,1.0,1,1.0,1,0.26173642599288,58
3628,2,7505,2932,4573,0,0,0,1.0,1,1.0,1,1.0,1,0.22618822642219272,57
3629,2,7507,2932,4575,0,0,0,1.0,1,1.0,1,1.0,1,0.22853700269587726,57
3630,1,7508,2932,4576,0,0,0,1.0,1,1.0,1,1.0,1,0.22078509541043742,56
3631,5,7513,2935,4578,0,0,0,1.0,1,1.0,1,1.0,1,0.18493117603107168,54
3632,0,7513,2935,4578,0,0,0,1.0,1,1.0,1,1.0,1,0.19730784976325963,52
3633,3,7516,2937,4579,0,0,0,1.0,1,1.0,1,1.0,1,0.20214731086998353,52
3634,3,7519,2940,4579,0,0,0,1.0,1,1.0,1,1.0,1,0.25693878218427657,49
3635,0,7519,2940,4579,0,0,0,1.0,1,1.0,1,1.0,1,0.26574208116626846,47
3636,0,7519,2940,4579,0,0,0,1.0,1,1.0,1,1.0,1,0.26439705938179453,48
3637,4,7523,2941,4582,0,0,0,1.0,1,1.0,1,1.0,1,0.2565389589767369,49
3638,0,7523,2941,4582,0,0,0,1.0,1,1.0,1,1.0,1,0.2522397044863983,50
3639,2,7525,2943,4582,0,0,0,1.0,1,1.0,1,1.0,1,0.2754649227927445,52
3640,2,7527,2943,4584,0,0,0,1.0,1,1.0,1,1.0,1,0.2440735662564162,52
3641,0,7527,2943,4584,0,0,0,1.0,1,1.0,1,1.0,1,0.2440735662564162,52
3642,0,7527,2943,4584,0,0,0,1.0,1,1.0,1,1.0,1,0.2440735662564162,52
3643,0,7527,2943,4584,0,0,0,1.0,1,1.0,1,1.0,1,0.2440735662564162,52
3644,2,7529,2944,4585,0,0,0,1.0,1,1.0,1,1.0,1,0.2317308582643415,52
3645,0,7529,2944,4585,0,0,0,1.0,1,1.0,1,1.0,1,0.22137551654611975,53
3646,1,7530,2945,4585,0,0,0,1.0,1,1.0,1,1.0,1,0.23285187757607126,53
3647,3,7533,2945,4588,0,0,0,1.0,1,1.0,1,1.0,1,0.19485425313675767,55
3648,1,7534,2945,4589,0,0,0,1.0,1,1.0,1,1.0,1,0.19534546501479497,57
3649,1,7535,2946,4589,0,0,0,1.0,1,1.0,1,1.0,1,0.18626091117567323,57
3650,2,7537,2947,4590,0,0,0,1.0,1,1.0,1,1.0,1,0.19718321962532304,59
3651,2,7539,2949,4590,0,0,0,1.0,1,1.0,1,1.0,1,0.2043496344263495,59
3652,0,7539,2949,4590,0,0,0,1.0,1,1.0,1,1.0,1,0.2043496344263495,59
3653,0,7539,2949,4590,0,0,0,1.0,1,1.0,1,1.0,1,0.2043496344263495,59
3654,0,7539,2949,4590,0,0,0,1.0,1,1.0,1,1.0,1,0.2043496344263495,59
3655,1,7540,2949,4591,0,0,0,1.0,1,1.0,1,1.0,1,0.20151594013667593,62
3656,1,7541,2949,4592,0,0,0,1.0,1,1.0,1,1.0,1,0.19822003502876984,62
3657,0,7541,2949,4592,0,0,0,1.0,1,1.0,1,1.0,1,0.20896094880020222,63
3658,3,7544,2950,4594,0,0,0,1.0,1,1.0,1,1.0,1,0.20964296002883062,63
3659,0,7544,2950,4594,0,0,0,1.0,1,1.0,1,1.0,1,0.23835737246540706,62
3660,6,7550,2955,4595,0,0,0,1.0,1,1.0,1,1.0,1,0.3017389137737912,62
3661,5,7555,2955,4600,0,0,0,1.0,1,1.0,1,1.0,1,0.22548070055863878,61
3662,5,7560,2958,4602,0,0,0,1.0,1,1.0,1,1.0,1,0.25253763451261585,60
3663,9,7569,2962,4607,0,0,0,1.0,1,1.0,1,1.0,1,0.16934746845935472,61
3664,1,7570,2962,4608,0,0,0,1.0,1,1.0,1,1.0,1,0.1518268202424958,58
3665,2,7572,2964,4608,0,0,0,1.0,1,1.0,1,1.0,1,0.1743058316427141,58
3666,1,7573,2965,4608,0,0,0,1.0,1,1.0,1,1.0,1,0.16983061431365878,58
3667,3,7576,2967,4609,0,0,0,1.0,1,1.0,1,1.0,1,0.15842544556941263,58
3668,1,7577,2967,4610,0,0,0,1.0,1,1.0,1,1.0,1,0.1834898014586457,58
3669,1,7578,2968,4610,0,0,0,1.0,1,1.0,1,1.0,1,0.17285028376154574,57
3670,0,7578,2968,4610,0,0,0,1.0,1,1.0,1,1.0,1,0.17639514045168872,56
3671,0,7578,2968,4610,0,0,0,1.0,1,1.0,1,1.0,1,0.19175324073278577,57
3672,1,7579,2969,4610,0,0,0,1.0,1,1.0,1,1.0,1,0.2217144851302093,57
3673,0,7579,2969,4610,0,0,0,1.0,1,1.0,1,1.0,1,0.20814935014830355,58
3674,0,7579,2969,4610,0,0,0,1.0,1,1.0,1,1.0,1,0.22103737040416524,57
3675,3,7582,2969,4613,0,0,0,1.0,1,1.0,1,1.0,1,0.2196718205744987,58
3676,1,7583,2970,4613,0,0,0,1.0,1,1.0,1,1.0,1,0.24252931897875107,59
3677,1,7584,2971,4613,0,0,0,1.0,1,1.0,1,1.0,1,0.24785046158202895,60
3678,1,7585,2971,4614,0,0,0,1.0,1,1.0,1,1.0,1,0.26565661203321733,62
3679,2,7587,2971,4616,0,0,0,1.0,1,1.0,1,1.0,1,0.23446612872270373,62
3680,0,7587,2971,4616,0,0,0,1.0,1,1.0,1,1.0,1,0.21426481898602984,63
3681,0,7587,2971,4616,0,0,0,1.0,1,1.0,1,1.0,1,0.22381963587444229,64
3682,0,7587,2971,4616,0,0,0,1.0,1,1.0,1,1.0,1,0.22381963587444229,64
3683,0,7587,2971,4616,0,0,0,1.0,1,1.0,1,1.0,1,0.22381963587444229,64
3684,1,7588,2972,4616,0,0,0,1.0,1,1.0,1,1.0,1,0.2309877666462318,64
3685,0,7588,2972,4616,0,0,0,1.0,1,1.0,1,1.0,1,0.2309877666462318,64
3686,0,7588,2972,4616,0,0,0,1.0,1,1.0,1,1.0,1,0.22735128306095442,65
3687,0,7588,2972,4616,0,0,0,1.0,1,1.0,1,1.0,1,0.22735128306095442,65
3688,3,7591,2972,4619,0,0,0,1.0,1,1.0,1,1.0,1,0.2053825195124721,66
3689,0,7591,2972,4619,0,0,0,1.0,1,1.0,1,1.0,1,0.2053825195124721,66
3690,1,7592,2972,4620,0,0,0,1.0,1,1.0,1,1.0,1,0.20107205454111848,67
3691,2,7594,2972,4622,0,0,0,1.0,1,1.0,1,1.0,1,0.178055543873974,68
3692,1,7595,2972,4623,0,0,0,1.0,1,1.0,1,1.0,1,0.16494610541045598,69
3693,1,7596,2972,4624,0,0,0,1.0,1,1.0,1,1.0,1,0.17548336740786877,69
3694,1,7597,2973,4624,0,0,0,1.0,1,1.0,1,1.0,1,0.17519106378826552,70
3695,1,7598,2973,4625,0,0,0,1.0,1,1.0,1,1.0,1,0.16642212303014,70
3696,1,7599,2974,4625,0,0,0,1.0,1,1.0,1,1.0,1,0.16820683475626083,71
3697,3,7602,2976,4626,0,0,0,1.0,1,1.0,1,1.0,1,0.21008592039808052,70
3698,0,7602,2976,4626,0,0,0,1.0,1,1.0,1,1.0,1,0.20669999783230775,70
3699,1,7603,2977,4626,0,0,0,1.0,1,1.0,1,1.0,1,0.206652562739565,70
3700,4,7607,2981,4626,0,0,0,1.0,1,1.0,1,1.0,1,0.27594203120047794,68
3701,3,7610,2982,4628,0,0,0,1.0,1,1.0,1,1.0,1,0.2766744779179689,69
3702,2,7612,2983,4629,0,0,0,1.0,1,1.0,1,1.0,1,0.2699698632587607,69
3703,5,7617,2983,4634,0,0,0,1.0,1,1.0,1,1.0,1,0.2687604757312284,70
3704,2,7619,2984,4635,0,0,0,1.0,1,1.0,1,1.0,1,0.2801710251496015,69
3705,1,7620,2984,4636,0,0,0,1.0,1,1.0,1,1.0,1,0.2600440496177568,69
3706,3,7623,2985,4638,0,0,0,1.0,1,1.0,1,1.0,1,0.22306068827283626,69
3707,1,7624,2985,4639,0,0,0,1.0,1,1.0,1,1.0,1,0.1936330398006851,67
3708,0,7624,2985,4639,0,0,0,1.0,1,1.0,1,1.0,1,0.17479799449932445,67
3709,1,7625,2985,4640,0,0,0,1.0,1,1.0,1,1.0,1,0.16508215531894244,67
3710,2,7627,2986,4641,0,0,0,1.0,1,1.0,1,1.0,1,0.16209486437805978,67
3711,1,7628,2986,4642,0,0,0,1.0,1,1.0,1,1.0,1,0.16972076526337376,68
3712,0,7628,2986,4642,0,0,0,1.0,1,1.0,1,1.0,1,0.16972076526337376,68
3713,2,7630,2988,4642,0,0,0,1.0,1,1.0,1,1.0,1,0.18599379467471377,68
3714,1,7631,2988,4643,0,0,0,1.0,1,1.0,1,1.0,1,0.19058291784495454,67
3715,0,7631,2988,4643,0,0,0,1.0,1,1.0,1,1.0,1,0.1946061098149882,68
3716,1,7632,2989,4643,0,0,0,1.0,1,1.0,1,1.0,1,0.2080771578953417,67
3717,0,7632,2989,4643,0,0,0,1.0,1,1.0,1,1.0,1,0.22710553206984083,68
3718,0,7632,2989,4643,0,0,0,1.0,1,1.0,1,1.0,1,0.23400332577189967,68
3719,6,7638,2991,4647,0,0,0,1.0,1,1.0,1,1.0,1,0.2540656753992149,68
3720,2,7640,2991,4649,0,0,0,1.0,1,1.0,1,1.0,1,0.24683953373011305,68
3721,8,7648,2995,4653,0,0,0,1.0,1,1.0,1,1.0,1,0.18415706677683458,70
3722,2,7650,2995,4655,0,0,0,1.0,1,1.0,1,1.0,1,0.18227603847001675,71
3723,3,7653,2997,4656,0,0,0,1.0,1,1.0,1,1.0,1,0.1775194968644856,71
3724,0,7653,2997,4656,0,0,0,1.0,1,1.0,1,1.0,1,0.16734255968085457,72
3725,2,7655,2999,4656,0,0,0,1.0,1,1.0,1,1.0,1,0.18351508496477778,72
3726,0,7655,2999,4656,0,0,0,1.0,1,1.0,1,1.0,1,0.19076707977651158,71
3727,0,7655,2999,4656,0,0,0,1.0,1,1.0,1,1.0,1,0.19076707977651158,71
3728,0,7655,2999,4656,0,0,0,1.0,1,1.0,1,1.0,1,0.19901205988238088,70
3729,0,7655,2999,4656,0,0,0,1.0,1,1.0,1,1.0,1,0.19901205988238088,70
3730,0,7655,2999,4656,0,0,0,1.0,1,1.0,1,1.0,1,0.20768158112993446,71
3731,0,7655,2999,4656,0,0,0,1.0,1,1.0,1,1.0,1,0.20768158112993446,71
3732,0,7655,2999,4656,0,0,0,1.0,1,1.0,1,1.0,1,0.19998224497737338,72
3733,1,7656,3000,4656,0,0,0,1.0,1,1.0,1,1.0,1,0.22167178185609152,73
3734,6,7662,3002,4660,0,0,0,1.0,1,1.0,1,1.0,1,0.2296567548971566,74
3735,2,7664,3003,4661,0,0,0,1.0,1,1.0,1,1.0,1,0.21411406056839374,72
3736,0,7664,3003,4661,0,0,0,1.0,1,1.0,1,1.0,1,0.19342806872050308,72
3737,1,7665,3003,4662,0,0,0,1.0,1,1.0,1,1.0,1,0.1783456615936899,73
3738,1,7666,3003,4663,0,0,0,1.0,1,1.0,1,1.0,1,0.1735501576548167,72
3739,1,7667,3003,4664,0,0,0,1.0,1,1.0,1,1.0,1,0.15964545189527896,73
3740,0,7667,3003,4664,0,0,0,1.0,1,1.0,1,1.0,1,0.17019063964610562,70
3741,0,7667,3003,4664,0,0,0,1.0,1,1.0,1,1.0,1,0.17019063964610562,70
3742,2,7669,3005,4664,0,0,0,1.0,1,1.0,1,1.0,1,0.1787794745211142,70
3743,1,7670,3005,4665,0,0,0,1.0,1,1.0,1,1.0,1,0.16584441441299827,69
3744,3,7673,3008,4665,0,0,0,1.0,1,1.0,1,1.0,1,0.23028304370631253,69
3745,1,7674,3008,4666,0,0,0,1.0,1,1.0,1,1.0,1,0.17999980253249726,68
3746,2,7676,3009,4667,0,0,0,1.0,1,1.0,1,1.0,1,0.19534900480996134,66
3747,1,7677,3010,4667,0,0,0,1.0,1,1.0,1,1.0,1,0.19978865827818076,66
3748,2,7679,3012,4667,0,0,0,1.0,1,1.0,1,1.0,1,0.17949929733317133,65
3749,1,7680,3012,4668,0,0,0,1.0,1,1.0,1,1.0,1,0.1850127113022929,64
3750,3,7683,3014,4669,0,0,0,1.0,1,1.0,1,1.0,1,0.21308446431118025,63
3751,4,7687,3015,4672,0,0,0,1.0,1,1.0,1,1.0,1,0.17781458445895554,64
3752,3,7690,3018,4672,0,0,0,1.0,1,1.0,1,1.0,1,0.21058067477697373,64
3753,3,7693,3018,4675,0,0,0,1.0,1,1.0,1,1.0,1,0.16101695418229697,65
3754,1,7694,3019,4675,0,0,0,1.0,1,1.0,1,1.0,1,0.16573364494792597,65
3755,4,7698,3021,4677,0,0,0,1.0,1,1.0,1,1.0,1,0.17626397233673835,65
3756,1,7699,3021,4678,0,0,0,1.0,1,1.0,1,1.0,1,0.16825526875079655,65
3757,3,7702,3024,4678,0,0,0,1.0,1,1.0,1,1.0,1,0.19533346268474544,65
3758,0,7702,3024,4678,0,0,0,1.0,1,1.0,1,1.0,1,0.19971999266433482,64
3759,4,7706,3026,4680,0,0,0,1.0,1,1.0,1,1.0,1,0.19839460556801158,64
3760,1,7707,3026,4681,0,0,0,1.0,1,1.0,1,1.0,1,0.19279476031321663,63
3761,0,7707,3026,4681,0,0,0,1.0,1,1.0,1,1.0,1,0.19279476031321663,63
3762,1,7708,3026,4682,0,0,0,1.0,1,1.0,1,1.0,1,0.1937206364097705,65
3763,1,7709,3027,4682,0,0,0,1.0,1,1.0,1,1.0,1,0.20931647491546543,65
3764,4,7713,3027,4686,0,0,0,1.0,1,1.0,1,1.0,1,0.16884403394443764,66
3765,0,7713,3027,4686,0,0,0,1.0,1,1.0,1,1.0,1,0.18202067393739035,67
3766,4,7717,3030,4687,0,0,0,1.0,1,1.0,1,1.0,1,0.1919687327396806,67
3767,2,7719,3031,4688,0,0,0,1.0,1,1.0,1,1.0,1,0.17614734937365156,68
3768,4,7723,3034,4689,0,0,0,1.0,1,1.0,1,1.0,1,0.21941636258777092,67
3769,2,7725,3034,4691,0,0,0,1.0,1,1.0,1,1.0,1,0.2073781130943156,69
3770,1,7726,3034,4692,0,0,0,1.0,1,1.0,1,1.0,1,0.2205882860153876,69
3771,3,7729,3034,4695,0,0,0,1.0,1,1.0,1,1.0,1,0.21307520049697823,69
3772,6,7735,3034,4701,0,0,0,1.0,1,1.0,1,1.0,1,0.20081614082598076,70
3773,4,7739,3034,4705,0,0,0,1.0,1,1.0,1,1.0,1,0.17727675780131924,68
3774,2,7741,3034,4707,0,0,0,1.0,1,1.0,1,1.0,1,0.19241853327600678,68
3775,6,7747,3036,4711,0,0,0,1.0,1,1.0,1,1.0,1,0.20008527310571333,68
3776,3,7750,3037,4713,0,0,0,1.0,1,1.0,1,1.0,1,0.21370068480427154,66
3777,5,7755,3039,4716,0,0,0,1.0,1,1.0,1,1.0,1,0.1784534720526726,65
3778,2,7757,3040,4717,0,0,0,1.0,1,1.0,1,1.0,1,0.19300819466734323,65
3779,5,7762,3042,4720,0,0,0,1.0,1,1.0,1,1.0,1,0.19641304530216824,65
3780,4,7766,3043,4723,0,0,0,1.0,1,1.0,1,1.0,1,0.1958799844870269,64
3781,3,7769,3043,4726,0,0,0,1.0,1,1.0,1,1.0,1,0.13794430295347052,64
3782,2,7771,3044,4727,0,0,0,1.0,1,1.0,1,1.0,1,0.17214734809661586,67
3783,3,7774,3046,4728,0,0,0,1.0,1,1.0,1,1.0,1,0.18956765948924012,65
3784,2,7776,3047,4729,0,0,0,1.0,1,1.0,1,1.0,1,0.1891427797243437,65
3785,2,7778,3047,4731,0,0,0,1.0,1,1.0,1,1.0,1,0.177229417350741,63
3786,0,7778,3047,4731,0,0,0,1.0,1,1.0,1,1.0,1,0.1948272859552886,66
3787,3,7781,3048,4733,0,0,0,1.0,1,1.0,1,1.0,1,0.1768451900561939,65
3788,1,7782,3048,4734,0,0,0,1.0,1,1.0,1,1.0,1,0.15294260931740655,65
3789,1,7783,3049,4734,0,0,0,1.0,1,1.0,1,1.0,1,0.1721630618218712,65
3790,4,7787,3050,4737,0,0,0,1.0,1,1.0,1,1.0,1,0.16415697123838738,64
3791,1,7788,3051,4737,0,0,0,1.0,1,1.0,1,1.0,1,0.18825725903933868,64
3792,3,7791,3054,4737,0,0,0,1.0,1,1.0,1,1.0,1,0.20985174057784114,65
3793,1,7792,3054,4738,0,0,0,1.0,1,1.0,1,1.0,1,0.23238542118354466,68
3794,4,7796,3055,4741,0,0,0,1.0,1,1.0,1,1.0,1,0.2350835128690962,68
3795,1,7797,3056,4741,0,0,0,1.0,1,1.0,1,1.0,1,0.256972796645977,69
3796,1,7798,3056,4742,0,0,0,1.0,1,1.0,1,1.0,1,0.2529579983086648,69
3797,2,7800,3057,4743,0,0,0,1.0,1,1.0,1,1.0,1,0.2506178182472185,70
3798,3,7803,3057,4746,0,0,0,1.0,1,1.0,1,1.0,1,0.23792600638034736,70
3799,2,7805,3057,4748,0,0,0,1.0,1,1.0,1,1.0,1,0.2482178123493327,69
3800,1,7806,3057,4749,0,0,0,1.0,1,1.0,1,1.0,1,0.23944850977652296,69
3801,2,7808,3057,4751,0,0,0,1.0,1,1.0,1,1.0,1,0.25703935936584066,67
3802,2,7810,3058,4752,0,0,0,1.0,1,1.0,1,1.0,1,0.25515518812652355,67
3803,4,7814,3061,4753,0,0,0,1.0,1,1.0,1,1.0,1,0.27138406252845143,69
3804,3,7817,3062,4755,0,0,0,1.0,1,1.0,1,1.0,1,0.28019631720515215,70
3805,7,7824,3065,4759,0,0,0,1.0,1,1.0,1,1.0,1,0.30362799698382065,71
3806,7,7831,3066,4765,0,0,0,1.0,1,1.0,1,1.0,1,0.2803137046110359,71
3807,2,7833,3067,4766,0,0,0,1.0,1,1.0,1,1.0,1,0.30263898933892486,72
3808,2,7835,3067,4768,0,0,0,1.0,1,1.0,1,1.0,1,0.30286894054379454,72
3809,3,7838,3068,4770,0,0,0,1.0,1,1.0,1,1.0,1,0.30790209087446346,72
3810,5,7843,3069,4774,0,0,0,1.0,1,1.0,1,1.0,1,0.2986246087280094,72
3811,13,7856,3069,4787,0,0,0,1.0,1,1.0,1,1.0,1,0.18712584927708978,71
3812,2,7858,3069,4789,0,0,0,1.0,1,1.0,1,1.0,1,0.17256225866309707,72
3813,2,7860,3070,4790,0,0,0,1.0,1,1.0,1,1.0,1,0.20702313940515188,71
3814,2,7862,3070,4792,0,0,0,1.0,1,1.0,1,1.0,1,0.19584816236822405,72
3815,3,7865,3070,4795,0,0,0,1.0,1,1.0,1,1.0,1,0.2258089924569257,71
3816,1,7866,3070,4796,0,0,0,1.0,1,1.0,1,1.0,1,0.21993467083284352,69
3817,2,7868,3071,4797,0,0,0,1.0,1,1.0,1,1.0,1,0.22541613639419733,72
3818,2,7870,3071,4799,0,0,0,1.0,1,1.0,1,1.0,1,0.2245904451679304,72
3819,2,7872,3071,4801,0,0,0,1.0,1,1.0,1,1.0,1,0.2254203980744535,72
3820,3,7875,3072,4803,0,0,0,1.0,1,1.0,1,1.0,1,0.2130375360520536,72
3821,4,7879,3072,4807,0,0,0,1.0,1,1.0,1,1.0,1,0.2132963385714877,72
3822,3,7882,3073,4809,0,0,0,1.0,1,1.0,1,1.0,1,0.2440727282961591,69
3823,4,7886,3075,4811,0,0,0,1.0,1,1.0,1,1.0,1,0.22131858612879252,69
3824,2,7888,3076,4812,0,0,0,1.0,1,1.0,1,1.0,1,0.2540835106766134,65
3825,1,7889,3076,4813,0,0,0,1.0,1,1.0,1,1.0,1,0.24341595097005597,64
3826,1,7890,3076,4814,0,0,0,1.0,1,1.0,1,1.0,1,0.24146819650295998,65
3827,3,7893,3077,4816,0,0,0,1.0,1,1.0,1,1.0,1,0.21568596760355774,64
3828,2,7895,3077,4818,0,0,0,1.0,1,1.0,1,1.0,1,0.20226756789648853,65
3829,5,7900,3080,4820,0,0,0,1.0,1,1.0,1,1.0,1,0.20463117928853025,65
3830,2,7902,3080,4822,0,0,0,1.0,1,1.0,1,1.0,1,0.18794865098223312,64
3831,2,7904,3082,4822,0,0,0,1.0,1,1.0,1,1.0,1,0.2033536444845251,63
3832,3,7907,3083,4824,0,0,0,1.0,1,1.0,1,1.0,1,0.2071937435377377,64
3833,2,7909,3084,4825,0,0,0,1.0,1,1.0,1,1.0,1,0.20801038343985756,64
3834,1,7910,3085,4825,0,0,0,1.0,1,1.0,1,1.0,1,0.2108426584607672,63
3835,2,7912,3087,4825,0,0,0,1.0,1,1.0,1,1.0,1,0.24599629934946035,63
3836,4,7916,3089,4827,0,0,0,1.0,1,1.0,1,1.0,1,0.24746965203833357,63
3837,4,7920,3091,4829,0,0,0,1.0,1,1.0,1,1.0,1,0.252980189068607,62
3838,4,7924,3093,4831,0,0,0,1.0,1,1.0,1,1.0,1,0.26218835407230423,62
3839,3,7927,3095,4832,0,0,0,1.0,1,1.0,1,1.0,1,0.2550099362155538,60
3840,1,7928,3096,4832,0,0,0,1.0,1,1.0,1,1.0,1,0.273194525552175,62
3841,3,7931,3096,4835,0,0,0,1.0,1,1.0,1,1.0,1,0.24097031840087985,62
3842,2,7933,3096,4837,0,0,0,1.0,1,1.0,1,1.0,1,0.21745112223981555,63
3843,0,7933,3096,4837,0,0,0,1.0,1,1.0,1,1.0,1,0.2150431938054533,64
3844,0,7933,3096,4837,0,0,0,1.0,1,1.0,1,1.0,1,0.21252494035278283,65
3845,3,7936,3096,4840,0,0,0,1.0,1,1.0,1,1.0,1,0.1878961316663211,66
3846,3,7939,3097,4842,0,0,0,1.0,1,1.0,1,1.0,1,0.1840058044826735,67
3847,0,7939,3097,4842,0,0,0,1.0,1,1.0,1,1.0,1,0.1840058044826735,67
3848,4,7943,3099,4844,0,0,0,1.0,1,1.0,1,1.0,1,0.20302920394176655,67
3849,4,7947,3100,4847,0,0,0,1.0,1,1.0,1,1.0,1,0.21138453136543886,67
3850,5,7952,3101,4851,0,0,0,1.0,1,1.0,1,1.0,1,0.22617460532274813,68
3851,2,7954,3102,4852,0,0,0,1.0,1,1.0,1,1.0,1,0.2139460366034678,68
3852,3,7957,3103,4854,0,0,0,1.0,1,1.0,1,1.0,1,0.23545399362904473,70
3853,3,7960,3104,4856,0,0,0,1.0,1,1.0,1,1.0,1,0.22355406233696487,70
3854,2,7962,3105,4857,0,0,0,1.0,1,1.0,1,1.0,1,0.22258824419899603,70
3855,0,7962,3105,4857,0,0,0,1.0,1,1.0,1,1.0,1,0.22754900070481388,69
3856,0,7962,3105,4857,0,0,0,1.0,1,1.0,1,1.0,1,0.20696397396875596,70
3857,2,7964,3107,4857,0,0,0,1.0,1,1.0,1,1.0,1,0.23045454564605009,68
3858,4,7968,3109,4859,0,0,0,1.0,1,1.0,1,1.0,1,0.2314477180373199,67
3859,1,7969,3109,4860,0,0,0,1.0,1,1.0,1,1.0,1,0.22008917824096624,66
3860,1,7970,3110,4860,0,0,0,1.0,1,1.0,1,1.0,1,0.23085820100517812,66
3861,0,7970,3110,4860,0,0,0,1.0,1,1.0,1,1.0,1,0.23088542195567305,66
3862,4,7974,3114,4860,0,0,0,1.0,1,1.0,1,1.0,1,0.21745479046515753,66
3863,2,7976,3115,4861,0,0,0,1.0,1,1.0,1,1.0,1,0.21103820356954336,63
3864,2,7978,3117,4861,0,0,0,1.0,1,1.0,1,1.0,1,0.21998500501080018,63
3865,2,7980,3119,4861,0,0,0,1.0,1,1.0,1,1.0,1,0.2387345481952087,61
3866,3,7983,3120,4863,0,0,0,1.0,1,1.0,1,1.0,1,0.22957236158886243,61
3867,1,7984,3120,4864,0,0,0,1.0,1,1.0,1,1.0,1,0.21531850283625353,60
3868,2,7986,3122,4864,0,0,0,1.0,1,1.0,1,1.0,1,0.22796501299259952,59
3869,0,7986,3122,4864,0,0,0,1.0,1,1.0,1,1.0,1,0.2265858548138739,61
3870,0,7986,3122,4864,0,0,0,1.0,1,1.0,1,1.0,1,0.233051952262214,61
3871,6,7992,3123,4869,0,0,0,1.0,1,1.0,1,1.0,1,0.18541565721823336,64
3872,1,7993,3123,4870,0,0,0,1.0,1,1.0,1,1.0,1,0.17249691368773085,63
3873,0,7993,3123,4870,0,0,0,1.0,1,1.0,1,1.0,1,0.17996941482943082,62
3874,1,7994,3124,4870,0,0,0,1.0,1,1.0,1,1.0,1,0.18263011614730804,63
3875,1,7995,3125,4870,0,0,0,1.0,1,1.0,1,1.0,1,0.18939773575073504,61
3876,1,7996,3125,4871,0,0,0,1.0,1,1.0,1,1.0,1,0.17053003309872664,62
3877,4,8000,3127,4873,0,0,0,1.0,1,1.0,1,1.0,1,0.1942686936194291,63
3878,1,8001,3127,4874,0,0,0,1.0,1,1.0,1,1.0,1,0.1798352749714546,63
3879,2,8003,3128,4875,0,0,0,1.0,1,1.0,1,1.0,1,0.19922856843877274,63
3880,0,8003,3128,4875,0,0,0,1.0,1,1.0,1,1.0,1,0.18382074577487623,65
3881,1,8004,3129,4875,0,0,0,1.0,1,1.0,1,1.0,1,0.1921873010565238,65
3882,1,8005,3130,4875,0,0,0,1.0,1,1.0,1,1.0,1,0.18698552544862615,66
3883,0,8005,3130,4875,0,0,0,1.0,1,1.0,1,1.0,1,0.18698552544862615,66
3884,2,8007,3131,4876,0,0,0,1.0,1,1.0,1,1.0,1,0.19466724006576064,66
3885,1,8008,3132,4876,0,0,0,1.0,1,1.0,1,1.0,1,0.20275423491032232,66
3886,3,8011,3134,4877,0,0,0,1.0,1,1.0,1,1.0,1,0.22394759091148905,65
3887,2,8013,3134,4879,0,0,0,1.0,1,1.0,1,1.0,1,0.21559170920169965,65
3888,2,8015,3135,4880,0,0,0,1.0,1,1.0,1,1.0,1,0.2430679980928125,66
3889,1,8016,3136,4880,0,0,0,1.0,1,1.0,1,1.0,1,0.24090635774224833,64
3890,2,8018,3137,4881,0,0,0,1.0,1,1.0,1,1.0,1,0.24968377011288082,63
3891,3,8021,3138,4883,0,0,0,1.0,1,1.0,1,1.0,1,0.2428186484551424,66
3892,3,8024,3139,4885,0,0,0,1.0,1,1.0,1,1.0,1,0.2063123093871873,67
3893,2,8026,3140,4886,0,0,0,1.0,1,1.0,1,1.0,1,0.2279862393906258,66
3894,4,8030,3140,4890,0,0,0,1.0,1,1.0,1,1.0,1,0.22731737305735428,67
3895,9,8039,3141,4898,0,0,0,1.0,1,1.0,1,1.0,1,0.256626350981787,66
3896,6,8045,3142,4903,0,0,0,1.0,1,1.0,1,1.0,1,0.26146499128855605,66
3897,1,8046,3142,4904,0,0,0,1.0,1,1.0,1,1.0,1,0.26707877873845565,65
3898,4,8050,3145,4905,0,0,0,1.0,1,1.0,1,1.0,1,0.271338352930145,65
3899,4,8054,3147,4907,0,0,0,1.0,1,1.0,1,1.0,1,0.2784456751917501,64
3900,3,8057,3147,4910,0,0,0,1.0,1,1.0,1,1.0,1,0.26611172199848016,63
3901,5,8062,3149,4913,0,0,0,1.0,1,1.0,1,1.0,1,0.24617175866779253,63
3902,2,8064,3149,4915,0,0,0,1.0,1,1.0,1,1.0,1,0.24287955604760997,64
3903,1,8065,3150,4915,0,0,0,1.0,1,1.0,1,1.0,1,0.23391592551505527,64
3904,3,8068,3153,4915,0,0,0,1.0,1,1.0,1,1.0,1,0.22290863155506183,63
3905,1,8069,3153,4916,0,0,0,1.0,1,1.0,1,1.0,1,0.2284731939550765,63
3906,2,8071,3155,4916,0,0,0,1.0,1,1.0,1,1.0,1,0.2259642768142585,64
3907,5,8076,3157,4919,0,0,0,1.0,1,1.0,1,1.0,1,0.21960095394087217,64
3908,1,8077,3158,4919,0,0,0,1.0,1,1.0,1,1.0,1,0.20901771094980895,63
3909,0,8077,3158,4919,0,0,0,1.0,1,1.0,1,1.0,1,0.2189899615800052,62
3910,0,8077,3158,4919,0,0,0,1.0,1,1.0,1,1.0,1,0.2375248963991854,62
3911,2,8079,3159,4920,0,0,0,1.0,1,1.0,1,1.0,1,0.2455225575676978,64
3912,1,8080,3159,4921,0,0,0,1.0,1,1.0,1,1.0,1,0.22625658127589748,64
3913,0,8080,3159,4921,0,0,0,1.0,1,1.0,1,1.0,1,0.23399223552800422,65
3914,1,8081,3159,4922,0,0,0,1.0,1,1.0,1,1.0,1,0.2518706736824804,65
3915,0,8081,3159,4922,0,0,0,1.0,1,1.0,1,1.0,1,0.24887755028790456,66
3916,2,8083,3160,4923,0,0,0,1.0,1,1.0,1,1.0,1,0.2539156447398762,66
3917,0,8083,3160,4923,0,0,0,1.0,1,1.0,1,1.0,1,0.2539156447398762,66
3918,2,8085,3160,4925,0,0,0,1.0,1,1.0,1,1.0,1,0.2452351754447535,67
3919,2,8087,3161,4926,0,0,0,1.0,1,1.0,1,1.0,1,0.23478854337775745,68
3920,0,8087,3161,4926,0,0,0,1.0,1,1.0,1,1.0,1,0.21903237857580637,69
3921,1,8088,3161,4927,0,0,0,1.0,1,1.0,1,1.0,1,0.21910595541227354,68
3922,2,8090,3163,4927,0,0,0,1.0,1,1.0,1,1.0,1,0.2415543910461293,68
3923,0,8090,3163,4927,0,0,0,1.0,1,1.0,1,1.0,1,0.250618291111967,69
3924,1,8091,3164,4927,0,0,0,1.0,1,1.0,1,1.0,1,0.26638730687545625,69
3925,6,8097,3167,4930,0,0,0,1.0,1,1.0,1,1.0,1,0.267382915978898,67
3926,1,8098,3167,4931,0,0,0,1.0,1,1.0,1,1.0,1,0.26714806786512596,67
3927,0,8098,3167,4931,0,0,0,1.0,1,1.0,1,1.0,1,0.30831713600707567,65
3928,0,8098,3167,4931,0,0,0,1.0,1,1.0,1,1.0,1,0.30831713600707567,65
3929,4,8102,3171,4931,0,0,0,1.0,1,1.0,1,1.0,1,0.27580401993515835,64
3930,1,8103,3171,4932,0,0,0,1.0,1,1.0,1,1.0,1,0.2788085721972385,64
3931,4,8107,3173,4934,0,0,0,1.0,1,1.0,1,1.0,1,0.28273822612448984,62
3932,3,8110,3174,4936,0,0,0,1.0,1,1.0,1,1.0,1,0.26144221489131375,62
3933,1,8111,3175,4936,0,0,0,1.0,1,1.0,1,1.0,1,0.2750670468168271,62
3934,1,8112,3176,4936,0,0,0,1.0,1,1.0,1,1.0,1,0.2825367083048664,61
3935,3,8115,3176,4939,0,0,0,1.0,1,1.0,1,1.0,1,0.24975819337154165,64
3936,2,8117,3177,4940,0,0,0,1.0,1,1.0,1,1.0,1,0.2666996048012638,65
3937,1,8118,3177,4941,0,0,0,1.0,1,1.0,1,1.0,1,0.24859156222736056,66
3938,1,8119,3177,4942,0,0,0,1.0,1,1.0,1,1.0,1,0.24580403055657232,66
3939,0,8119,3177,4942,0,0,0,1.0,1,1.0,1,1.0,1,0.25312332411970245,67
3940,0,8119,3177,4942,0,0,0,1.0,1,1.0,1,1.0,1,0.24405847982072393,69
3941,1,8120,3177,4943,0,0,0,1.0,1,1.0,1,1.0,1,0.22247170885427595,69
3942,1,8121,3178,4943,0,0,0,1.0,1,1.0,1,1.0,1,0.2300107742407122,69
3943,1,8122,3179,4943,0,0,0,1.0,1,1.0,1,1.0,1,0.2361605081101481,68
3944,4,8126,3179,4947,0,0,0,1.0,1,1.0,1,1.0,1,0.20160509665726123,68
3945,4,8130,3183,4947,0,0,0,1.0,1,1.0,1,1.0,1,0.20020488413601548,67
3946,5,8135,3186,4949,0,0,0,1.0,1,1.0,1,1.0,1,0.2165003171494558,67
3947,1,8136,3186,4950,0,0,0,1.0,1,1.0,1,1.0,1,0.21817091924251908,66
3948,4,8140,3187,4953,0,0,0,1.0,1,1.0,1,1.0,1,0.2100768243636953,67
3949,5,8145,3191,4954,0,0,0,1.0,1,1.0,1,1.0,1,0.26380850070911216,66
3950,2,8147,3191,4956,0,0,0,1.0,1,1.0,1,1.0,1,0.2549089331348496,65
3951,0,8147,3191,4956,0,0,0,1.0,1,1.0,1,1.0,1,0.24456942109693477,65
3952,2,8149,3193,4956,0,0,0,1.0,1,1.0,1,1.0,1,0.24049501366968942,65
3953,0,8149,3193,4956,0,0,0,1.0,1,1.0,1,1.0,1,0.2523936387366553,65
3954,0,8149,3193,4956,0,0,0,1.0,1,1.0,1,1.0,1,0.26007739491673465,64
3955,1,8150,3194,4956,0,0,0,1.0,1,1.0,1,1.0,1,0.28293988786826973,64
3956,0,8150,3194,4956,0,0,0,1.0,1,1.0,1,1.0,1,0.2861196643863664,63
3957,0,8150,3194,4956,0,0,0,1.0,1,1.0,1,1.0,1,0.2861196643863664,63
3958,2,8152,3195,4957,0,0,0,1.0,1,1.0,1,1.0,1,0.30075202337391194,63
3959,1,8153,3196,4957,0,0,0,1.0,1,1.0,1,1.0,1,0.307539857540642,62
3960,1,8154,3196,4958,0,0,0,1.0,1,1.0,1,1.0,1,0.2992509882517991,62
3961,7,8161,3197,4964,0,0,0,1.0,1,1.0,1,1.0,1,0.23409004224547011,64
3962,1,8162,3198,4964,0,0,0,1.0,1,1.0,1,1.0,1,0.23912286647932568,64
3963,5,8167,3201,4966,0,0,0,1.0,1,1.0,1,1.0,1,0.25042631061668746,62
3964,1,8168,3202,4966,0,0,0,1.0,1,1.0,1,1.0,1,0.2460387950267289,63
3965,1,8169,3202,4967,0,0,0,1.0,1,1.0,1,1.0,1,0.2320704365600937,63
3966,0,8169,3202,4967,0,0,0,1.0,1,1.0,1,1.0,1,0.24148003292360312,62
3967,1,8170,3202,4968,0,0,0,1.0,1,1.0,1,1.0,1,0.23881464702709423,64
3968,1,8171,3202,4969,0,0,0,1.0,1,1.0,1,1.0,1,0.22162626437845356,63
3969,2,8173,3202,4971,0,0,0,1.0,1,1.0,1,1.0,1,0.21307407789548566,63
3970,3,8176,3202,4974,0,0,0,1.0,1,1.0,1,1.0,1,0.19882705854421198,65
3971,0,8176,3202,4974,0,0,0,1.0,1,1.0,1,1.0,1,0.19882705854421198,65
3972,1,8177,3202,4975,0,0,0,1.0,1,1.0,1,1.0,1,0.19344113547826075,66
3973,0,8177,3202,4975,0,0,0,1.0,1,1.0,1,1.0,1,0.19344113547826075,66
3974,2,8179,3204,4975,0,0,0,1.0,1,1.0,1,1.0,1,0.2206591527816367,66
3975,6,8185,3206,4979,0,0,0,1.0,1,1.0,1,1.0,1,0.19304453727828777,66
3976,3,8188,3208,4980,0,0,0,1.0,1,1.0,1,1.0,1,0.20517905856528396,66
3977,3,8191,3209,4982,0,0,0,1.0,1,1.0,1,1.0,1,0.22156663832346782,64
3978,4,8195,3210,4985,0,0,0,1.0,1,1.0,1,1.0,1,0.2664160506497118,63
3979,4,8199,3210,4989,0,0,0,1.0,1,1.0,1,1.0,1,0.2721797860214869,63
3980,2,8201,3211,4990,0,0,0,1.0,1,1.0,1,1.0,1,0.2710656402985079,63
3981,3,8204,3212,4992,0,0,0,1.0,1,1.0,1,1.0,1,0.27573460748779116,64
3982,5,8209,3212,4997,0,0,0,1.0,1,1.0,1,1.0,1,0.26737990948906504,65
3983,2,8211,3212,4999,0,0,0,1.0,1,1.0,1,1.0,1,0.2631414884208379,64
3984,0,8211,3212,4999,0,0,0,1.0,1,1.0,1,1.0,1,0.26818613369290717,65
3985,3,8214,3214,5000,0,0,0,1.0,1,1.0,1,1.0,1,0.27651436632287146,64
3986,3,8217,3215,5002,0,0,0,1.0,1,1.0,1,1.0,1,0.2482267454805377,63
3987,1,8218,3216,5002,0,0,0,1.0,1,1.0,1,1.0,1,0.25326191943855275,63
3988,1,8219,3217,5002,0,0,0,1.0,1,1.0,1,1.0,1,0.2441537670393145,63
3989,3,8222,3219,5003,0,0,0,1.0,1,1.0,1,1.0,1,0.25395284440571253,63
3990,2,8224,3221,5003,0,0,0,1.0,1,1.0,1,1.0,1,0.27491200098702434,62
3991,6,8230,3221,5009,0,0,0,1.0,1,1.0,1,1.0,1,0.1961073936045602,62
3992,1,8231,3221,5010,0,0,0,1.0,1,1.0,1,1.0,1,0.1922459934719081,65
3993,0,8231,3221,5010,0,0,0,1.0,1,1.0,1,1.0,1,0.1922459934719081,65
3994,1,8232,3221,5011,0,0,0,1.0,1,1.0,1,1.0,1,0.19055359876765948,64
3995,1,8233,3221,5012,0,0,0,1.0,1,1.0,1,1.0,1,0.17274466159593346,64
3996,3,8236,3221,5015,0,0,0,1.0,1,1.0,1,1.0,1,0.1696241161980546,67
3997,0,8236,3221,5015,0,0,0,1.0,1,1.0,1,1.0,1,0.17829714193909085,69
3998,2,8238,3222,5016,0,0,0,1.0,1,1.0,1,1.0,1,0.18457754323654524,69
3999,2,8240,3222,5018,0,0,0,1.0,1,1.0,1,1.0,1,0.16245057824957598,69
4000,4,8244,3223,5021,0,0,0,1.0,1,1.0,1,1.0,1,0.18775142859778216,69
4001,2,8246,3223,5023,0,0,0,1.0,1,1.0,1,1.0,1,0.17333997525076425,68
4002,2,8248,3224,5024,0,0,0,1.0,1,1.0,1,1.0,1,0.18562203440341452,68
4003,1,8249,3224,5025,0,0,0,1.0,1,1.0,1,1.0,1,0.20662913740196354,68
4004,1,8250,3224,5026,0,0,0,1.0,1,1.0,1,1.0,1,0.19646022245160036,67
4005,0,8250,3224,5026,0,0,0,1.0,1,1.0,1,1.0,1,0.19646022245160036,67
4006,2,8252,3225,5027,0,0,0,1.0,1,1.0,1,1.0,1,0.22087383312937658,67
4007,3,8255,3226,5029,0,0,0,1.0,1,1.0,1,1.0,1,0.23767340633653405,67
4008,10,8265,3230,5035,0,0,0,1.0,1,1.0,1,1.0,1,0.24362436514182678,67
4009,4,8269,3232,5037,0,0,0,1.0,1,1.0,1,1.0,1,0.24942985289614453,67
4010,7,8276,3233,5043,0,0,0,1.0,1,1.0,1,1.0,1,0.26951674078234306,66
4011,5,8281,3235,5046,0,0,0,1.0,1,1.0,1,1.0,1,0.2884221783995583,66
4012,5,8286,3235,5051,0,0,0,1.0,1,1.0,1,1.0,1,0.3019711722913735,66
4013,2,8288,3235,5053,0,0,0,1.0,1,1.0,1,1.0,1,0.28041668143760773,66
4014,5,8293,3236,5057,0,0,0,1.0,1,1.0,1,1.0,1,0.28405067814932344,66
4015,4,8297,3236,5061,0,0,0,1.0,1,1.0,1,1.0,1,0.29350664792153147,64
4016,4,8301,3237,5064,0,0,0,1.0,1,1.0,1,1.0,1,0.3152948870440069,64
4017,4,8305,3237,5068,0,0,0,1.0,1,1.0,1,1.0,1,0.3098435086253025,66
4018,5,8310,3237,5073,0,0,0,1.0,1,1.0,1,1.0,1,0.3179808848646566,67
4019,5,8315,3238,5077,0,0,0,1.0,1,1.0,1,1.0,1,0.32768957272735383,67
4020,4,8319,3238,5081,0,0,0,1.0,1,1.0,1,1.0,1,0.35501506504957464,66
4021,6,8325,3239,5086,0,0,0,1.0,1,1.0,1,1.0,1,0.3127174095220448,66
4022,3,8328,3240,5088,0,0,0,1.0,1,1.0,1,1.0,1,0.31923946811261367,66
4023,3,8331,3241,5090,0,0,0,1.0,1,1.0,1,1.0,1,0.29303517196301143,66
4024,2,8333,3243,5090,0,0,0,1.0,1,1.0,1,1.0,1,0.3054087399611251,66
4025,0,8333,3243,5090,0,0,0,1.0,1,1.0,1,1.0,1,0.29449199261483333,66
4026,2,8335,3243,5092,0,0,0,1.0,1,1.0,1,1.0,1,0.27723744188611676,66
4027,0,8335,3243,5092,0,0,0,1.0,1,1.0,1,1.0,1,0.2716735374322793,64
4028,6,8341,3248,5093,0,0,0,1.0,1,1.0,1,1.0,1,0.29079921315935836,63
4029,3,8344,3248,5096,0,0,0,1.0,1,1.0,1,1.0,1,0.2510920179746405,62
4030,1,8345,3249,5096,0,0,0,1.0,1,1.0,1,1.0,1,0.2698814808548364,63
4031,1,8346,3250,5096,0,0,0,1.0,1,1.0,1,1.0,1,0.2639124384222111,62
4032,3,8349,3253,5096,0,0,0,1.0,1,1.0,1,1.0,1,0.28164622385835875,62
4033,3,8352,3256,5096,0,0,0,1.0,1,1.0,1,1.0,1,0.31345131937043375,61
4034,3,8355,3257,5098,0,0,0,1.0,1,1.0,1,1.0,1,0.30085222287274727,60
4035,1,8356,3257,5099,0,0,0,1.0,1,1.0,1,1.0,1,0.32152854655157465,59
4036,2,8358,3259,5099,0,0,0,1.0,1,1.0,1,1.0,1,0.3120975746573139,58
4037,2,8360,3261,5099,0,0,0,1.0,1,1.0,1,1.0,1,0.30647474784479534,59
4038,0,8360,3261,5099,0,0,0,1.0,1,1.0,1,1.0,1,0.29770268494942326,58
4039,3,8363,3263,5100,0,0,0,1.0,1,1.0,1,1.0,1,0.3431406296208675,56
4040,2,8365,3263,5102,0,0,0,1.0,1,1.0,1,1.0,1,0.31817018585656986,55
4041,3,8368,3266,5102,0,0,0,1.0,1,1.0,1,1.0,1,0.3840762077791495,54
4042,1,8369,3267,5102,0,0,0,1.0,1,1.0,1,1.0,1,0.3830309757602736,56
4043,1,8370,3267,5103,0,0,0,1.0,1,1.0,1,1.0,1,0.38885972849198974,56
4044,1,8371,3268,5103,0,0,0,1.0,1,1.0,1,1.0,1,0.4067433675696922,56
4045,3,8374,3269,5105,0,0,0,1.0,1,1.0,1,1.0,1,0.3896089439690008,57
4046,0,8374,3269,5105,0,0,0,1.0,1,1.0,1,1.0,1,0.4203386130665508,59
4047,3,8377,3271,5106,0,0,0,1.0,1,1.0,1,1.0,1,0.44349677719544883,59
4048,0,8377,3271,5106,0,0,0,1.0,1,1.0,1,1.0,1,0.44349677719544883,59
4049,0,8377,3271,5106,0,0,0,1.0,1,1.0,1,1.0,1,0.4337081080090716,60
4050,0,8377,3271,5106,0,0,0,1.0,1,1.0,1,1.0,1,0.4337081080090716,60
4051,5,8382,3271,5111,0,0,0,1.0,1,1.0,1,1.0,1,0.36965427486490643,60
4052,0,8382,3271,5111,0,0,0,1.0,1,1.0,1,1.0,1,0.36965427486490643,60
4053,0,8382,3271,5111,0,0,0,1.0,1,1.0,1,1.0,1,0.36965427486490643,60
4054,2,8384,3272,5112,0,0,0,1.0,1,1.0,1,1.0,1,0.3687549180042247,61
4055,0,8384,3272,5112,0,0,0,1.0,1,1.0,1,1.0,1,0.3687549180042247,61
4056,0,8384,3272,5112,0,0,0,1.0,1,1.0,1,1.0,1,0.3660104185341914,62
4057,0,8384,3272,5112,0,0,0,1.0,1,1.0,1,1.0,1,0.3723371926684284,63
4058,2,8386,3273,5113,0,0,0,1.0,1,1.0,1,1.0,1,0.37312179175638893,64
4059,0,8386,3273,5113,0,0,0,1.0,1,1.0,1,1.0,1,0.3865649028377082,63
4060,4,8390,3274,5116,0,0,0,1.0,1,1.0,1,1.0,1,0.371406138287652,63
4061,1,8391,3274,5117,0,0,0,1.0,1,1.0,1,1.0,1,0.3673048397917964,63
4062,3,8394,3275,5119,0,0,0,1.0,1,1.0,1,1.0,1,0.3411396368170043,65
4063,1,8395,3275,5120,0,0,0,1.0,1,1.0,1,1.0,1,0.32358374203524537,64
4064,3,8398,3276,5122,0,0,0,1.0,1,1.0,1,1.0,1,0.3014048953887776,65
4065,2,8400,3278,5122,0,0,0,1.0,1,1.0,1,1.0,1,0.29743629728578114,64
4066,2,8402,3280,5122,0,0,0,1.0,1,1.0,1,1.0,1,0.3034182828065864,64
4067,4,8406,3282,5124,0,0,0,1.0,1,1.0,1,1.0,1,0.30649762336880065,63
4068,5,8411,3284,5127,0,0,0,1.0,1,1.0,1,1.0,1,0.30355273132904853,64
4069,8,8419,3287,5132,0,0,0,1.0,1,1.0,1,1.0,1,0.26877843797509765,62
4070,5,8424,3289,5135,0,0,0,1.0,1,1.0,1,1.0,1,0.25807697883376696,61
4071,5,8429,3291,5138,0,0,0,1.0,1,1.0,1,1.0,1,0.2728241836873756,61
4072,4,8433,3293,5140,0,0,0,1.0,1,1.0,1,1.0,1,0.2534041473586164,60
4073,2,8435,3294,5141,0,0,0,1.0,1,1.0,1,1.0,1,0.2576303988412662,60
4074,7,8442,3300,5142,0,0,0,1.0,1,1.0,1,1.0,1,0.3039399103250175,60
4075,0,8442,3300,5142,0,0,0,1.0,1,1.0,1,1.0,1,0.2807762684138019,59
4076,1,8443,3301,5142,0,0,0,1.0,1,1.0,1,1.0,1,0.29924658774577495,60
4077,3,8446,3303,5143,0,0,0,1.0,1,1.0,1,1.0,1,0.3019840061705011,61
4078,0,8446,3303,5143,0,0,0,1.0,1,1.0,1,1.0,1,0.31821853104597775,60
4079,1,8447,3303,5144,0,0,0,1.0,1,1.0,1,1.0,1,0.31759903838535886,58
4080,0,8447,3303,5144,0,0,0,1.0,1,1.0,1,1.0,1,0.33192896226872126,56
4081,8,8455,3303,5152,0,0,0,1.0,1,1.0,1,1.0,1,0.23123165616915398,56
4082,1,8456,3303,5153,0,0,0,1.0,1,1.0,1,1.0,1,0.2590499684401549,55
4083,1,8457,3304,5153,0,0,0,1.0,1,1.0,1,1.0,1,0.2826940267618798,55
4084,1,8458,3305,5153,0,0,0,1.0,1,1.0,1,1.0,1,0.2957747585326411,55
4085,4,8462,3306,5156,0,0,0,1.0,1,1.0,1,1.0,1,0.27741496304780217,56
4086,4,8466,3307,5159,0,0,0,1.0,1,1.0,1,1.0,1,0.24845253059142278,57
4087,3,8469,3308,5161,0,0,0,1.0,1,1.0,1,1.0,1,0.264740933957783,57
4088,2,8471,3308,5163,0,0,0,1.0,1,1.0,1,1.0,1,0.2817327400330242,57
4089,2,8473,3308,5165,0,0,0,1.0,1,1.0,1,1.0,1,0.28535544597153395,56
4090,3,8476,3309,5167,0,0,0,1.0,1,1.0,1,1.0,1,0.2818597219751979,56
4091,3,8479,3309,5170,0,0,0,1.0,1,1.0,1,1.0,1,0.28291255118637665,56
4092,1,8480,3309,5171,0,0,0,1.0,1,1.0,1,1.0,1,0.27962023446968176,57
4093,3,8483,3311,5172,0,0,0,1.0,1,1.0,1,1.0,1,0.2816263299478294,58
4094,1,8484,3312,5172,0,0,0,1.0,1,1.0,1,1.0,1,0.2921342185793069,57
4095,2,8486,3313,5173,0,0,0,1.0,1,1.0,1,1.0,1,0.3055703707154038,57
4096,6,8492,3315,5177,0,0,0,1.0,1,1.0,1,1.0,1,0.29866783269249564,59
4097,7,8499,3316,5183,0,0,0,1.0,1,1.0,1,1.0,1,0.29151631627860364,59
4098,4,8503,3317,5186,0,0,0,1.0,1,1.0,1,1.0,1,0.2446462284208743,59
4099,5,8508,3319,5189,0,0,0,1.0,1,1.0,1,1.0,1,0.2962019196228343,60
4100,8,8516,3320,5196,0,0,0,1.0,1,1.0,1,1.0,1,0.30692268395048106,60
4101,5,8521,3321,5200,0,0,0,1.0,1,1.0,1,1.0,1,0.35143204024798774,60
4102,5,8526,3324,5202,0,0,0,1.0,1,1.0,1,1.0,1,0.3227036425809766,60
4103,7,8533,3325,5208,0,0,0,1.0,1,1.0,1,1.0,1,0.3750948883099325,58
4104,4,8537,3327,5210,0,0,0,1.0,1,1.0,1,1.0,1,0.3590912504445394,60
4105,5,8542,3329,5213,0,0,0,1.0,1,1.0,1,1.0,1,0.3421926707047936,59
4106,6,8548,3330,5218,0,0,0,1.0,1,1.0,1,1.0,1,0.3329483855161047,61
4107,5,8553,3330,5223,0,0,0,1.0,1,1.0,1,1.0,1,0.34385803848771856,59
4108,7,8560,3331,5229,0,0,0,1.0,1,1.0,1,1.0,1,0.3239622968495654,60
4109,4,8564,3331,5233,0,0,0,1.0,1,1.0,1,1.0,1,0.3467217981502484,59
4110,4,8568,3331,5237,0,0,0,1.0,1,1.0,1,1.0,1,0.35581247552084216,60
4111,13,8581,3332,5249,0,0,0,1.0,1,1.0,1,1.0,1,0.23094924753252782,61
4112,2,8583,3333,5250,0,0,0,1.0,1,1.0,1,1.0,1,0.2116318383755758,60
4113,3,8586,3334,5252,0,0,0,1.0,1,1.0,1,1.0,1,0.21165633324682695,61
4114,7,8593,3334,5259,0,0,0,1.0,1,1.0,1,1.0,1,0.1774780254155636,62
4115,7,8600,3337,5263,0,0,0,1.0,1,1.0,1,1.0,1,0.18064143617364206,60
4116,2,8602,3337,5265,0,0,0,1.0,1,1.0,1,1.0,1,0.1548412032436551,59
4117,2,8604,3338,5266,0,0,0,1.0,1,1.0,1,1.0,1,0.15168922046307082,56
4118,1,8605,3338,5267,0,0,0,1.0,1,1.0,1,1.0,1,0.1708408669029064,55
4119,0,8605,3338,5267,0,0,0,1.0,1,1.0,1,1.0,1,0.1905370607426941,53
4120,0,8605,3338,5267,0,0,0,1.0,1,1.0,1,1.0,1,0.2101830943693557,52
4121,1,8606,3339,5267,0,0,0,1.0,1,1.0,1,1.0,1,0.1822672679181851,53
4122,2,8608,3340,5268,0,0,0,1.0,1,1.0,1,1.0,1,0.2126631980781532,52
4123,1,8609,3340,5269,0,0,0,1.0,1,1.0,1,1.0,1,0.207499972780843,51
4124,3,8612,3343,5269,0,0,0,1.0,1,1.0,1,1.0,1,0.19026155366942785,51
4125,0,8612,3343,5269,0,0,0,1.0,1,1.0,1,1.0,1,0.1902937687202492,50
4126,0,8612,3343,5269,0,0,0,1.0,1,1.0,1,1.0,1,0.20632276984486858,50
4127,0,8612,3343,5269,0,0,0,1.0,1,1.0,1,1.0,1,0.21369330971120423,49
4128,0,8612,3343,5269,0,0,0,1.0,1,1.0,1,1.0,1,0.21369330971120423,49
4129,0,8612,3343,5269,0,0,0,1.0,1,1.0,1,1.0,1,0.21369330971120423,49
4130,1,8613,3344,5269,0,0,0,1.0,1,1.0,1,1.0,1,0.2175374087029612,50
4131,0,8613,3344,5269,0,0,0,1.0,1,1.0,1,1.0,1,0.2175374087029612,50
4132,4,8617,3345,5272,0,0,0,1.0,1,1.0,1,1.0,1,0.19867511643330127,50
4133,2,8619,3346,5273,0,0,0,1.0,1,1.0,1,1.0,1,0.23434244563634743,51
4134,1,8620,3346,5274,0,0,0,1.0,1,1.0,1,1.0,1,0.21269012086946743,53
4135,0,8620,3346,5274,0,0,0,1.0,1,1.0,1,1.0,1,0.21633966642382801,54
4136,1,8621,3347,5274,0,0,0,1.0,1,1.0,1,1.0,1,0.23786562292415958,54
4137,2,8623,3348,5275,0,0,0,1.0,1,1.0,1,1.0,1,0.23693205917825697,55
4138,1,8624,3349,5275,0,0,0,1.0,1,1.0,1,1.0,1,0.22833793980248365,54
4139,1,8625,3350,5275,0,0,0,1.0,1,1.0,1,1.0,1,0.21965426004752692,54
4140,1,8626,3351,5275,0,0,0,1.0,1,1.0,1,1.0,1,0.226627373476247,55
4141,3,8629,3351,5278,0,0,0,1.0,1,1.0,1,1.0,1,0.22188436737635914,55
4142,0,8629,3351,5278,0,0,0,1.0,1,1.0,1,1.0,1,0.22188436737635914,55
4143,0,8629,3351,5278,0,0,0,1.0,1,1.0,1,1.0,1,0.2535393097976617,53
4144,2,8631,3352,5279,0,0,0,1.0,1,1.0,1,1.0,1,0.24819382895189704,52
4145,2,8633,3353,5280,0,0,0,1.0,1,1.0,1,1.0,1,0.2685028355767144,51
4146,1,8634,3354,5280,0,0,0,1.0,1,1.0,1,1.0,1,0.27810982132291445,51
4147,2,8636,3356,5280,0,0,0,1.0,1,1.0,1,1.0,1,0.3072607333353022,50
4148,4,8640,3357,5283,0,0,0,1.0,1,1.0,1,1.0,1,0.28859283598989394,52
4149,0,8640,3357,5283,0,0,0,1.0,1,1.0,1,1.0,1,0.26821215545107063,53
4150,3,8643,3359,5284,0,0,0,1.0,1,1.0,1,1.0,1,0.2863261364149943,53
4151,0,8643,3359,5284,0,0,0,1.0,1,1.0,1,1.0,1,0.2863261364149943,53
4152,1,8644,3360,5284,0,0,0,1.0,1,1.0,1,1.0,1,0.26065110756950904,54
4153,1,8645,3361,5284,0,0,0,1.0,1,1.0,1,1.0,1,0.30344289367215793,51
4154,3,8648,3362,5286,0,0,0,1.0,1,1.0,1,1.0,1,0.27566321708128233,51
4155,3,8651,3364,5287,0,0,0,1.0,1,1.0,1,1.0,1,0.2944168808100904,51
4156,5,8656,3367,5289,0,0,0,1.0,1,1.0,1,1.0,1,0.27066427379078034,52
4157,1,8657,3368,5289,0,0,0,1.0,1,1.0,1,1.0,1,0.25621706921840814,52
4158,2,8659,3370,5289,0,0,0,1.0,1,1.0,1,1.0,1,0.25026778281436424,52
4159,0,8659,3370,5289,0,0,0,1.0,1,1.0,1,1.0,1,0.24184711989551164,52
4160,3,8662,3373,5289,0,0,0,1.0,1,1.0,1,1.0,1,0.26507861655635057,50
4161,0,8662,3373,5289,0,0,0,1.0,1,1.0,1,1.0,1,0.26507861655635057,50
4162,1,8663,3374,5289,0,0,0,1.0,1,1.0,1,1.0,1,0.28267595908944376,51
4163,1,8664,3375,5289,0,0,0,1.0,1,1.0,1,1.0,1,0.3298643549802296,48
4164,4,8668,3377,5291,0,0,0,1.0,1,1.0,1,1.0,1,0.3497745640856499,50
4165,0,8668,3377,5291,0,0,0,1.0,1,1.0,1,1.0,1,0.32871304365924514,49
4166,2,8670,3377,5293,0,0,0,1.0,1,1.0,1,1.0,1,0.32668235208291424,50
4167,0,8670,3377,5293,0,0,0,1.0,1,1.0,1,1.0,1,0.3282696763234722,50
4168,0,8670,3377,5293,0,0,0,1.0,1,1.0,1,1.0,1,0.3381951387336501,50
4169,2,8672,3378,5294,0,0,0,1.0,1,1.0,1,1.0,1,0.34719934722279955,51
4170,1,8673,3379,5294,0,0,0,1.0,1,1.0,1,1.0,1,0.34727786170379044,50
4171,3,8676,3380,5296,0,0,0,1.0,1,1.0,1,1.0,1,0.315660023020466,50
4172,0,8676,3380,5296,0,0,0,1.0,1,1.0,1,1.0,1,0.3312634553528607,49
4173,1,8677,3381,5296,0,0,0,1.0,1,1.0,1,1.0,1,0.35700583302229855,48
4174,2,8679,3382,5297,0,0,0,1.0,1,1.0,1,1.0,1,0.35124696390349053,48
4175,3,8682,3384,5298,0,0,0,1.0,1,1.0,1,1.0,1,0.299982613458818,48
4176,2,8684,3385,5299,0,0,0,1.0,1,1.0,1,1.0,1,0.3233123089496968,50
4177,4,8688,3387,5301,0,0,0,1.0,1,1.0,1,1.0,1,0.3168794807676476,52
4178,3,8691,3389,5302,0,0,0,1.0,1,1.0,1,1.0,1,0.3154478815620438,53
4179,3,8694,3390,5304,0,0,0,1.0,1,1.0,1,1.0,1,0.2677122081726056,54
4180,0,8694,3390,5304,0,0,0,1.0,1,1.0,1,1.0,1,0.27286719132697956,55
4181,2,8696,3390,5306,0,0,0,1.0,1,1.0,1,1.0,1,0.24499420452005824,56
4182,1,8697,3391,5306,0,0,0,1.0,1,1.0,1,1.0,1,0.2397494381417503,56
4183,3,8700,3392,5308,0,0,0,1.0,1,1.0,1,1.0,1,0.2286325653877882,57
4184,4,8704,3395,5309,0,0,0,1.0,1,1.0,1,1.0,1,0.266475198707275,57
4185,2,8706,3395,5311,0,0,0,1.0,1,1.0,1,1.0,1,0.27294690219543755,54
4186,3,8709,3398,5311,0,0,0,1.0,1,1.0,1,1.0,1,0.26013404069130236,55
4187,0,8709,3398,5311,0,0,0,1.0,1,1.0,1,1.0,1,0.2551064608988453,53
4188,1,8710,3398,5312,0,0,0,1.0,1,1.0,1,1.0,1,0.25683773933732545,53
4189,2,8712,3398,5314,0,0,0,1.0,1,1.0,1,1.0,1,0.25508810938083276,53
4190,3,8715,3400,5315,0,0,0,1.0,1,1.0,1,1.0,1,0.2680833373773381,53
4191,1,8716,3400,5316,0,0,0,1.0,1,1.0,1,1.0,1,0.2490461176758399,51
4192,1,8717,3401,5316,0,0,0,1.0,1,1.0,1,1.0,1,0.27299232985374106,51
4193,1,8718,3402,5316,0,0,0,1.0,1,1.0,1,1.0,1,0.26854293548763764,50
4194,0,8718,3402,5316,0,0,0,1.0,1,1.0,1,1.0,1,0.2572603264666306,50
4195,0,8718,3402,5316,0,0,0,1.0,1,1.0,1,1.0,1,0.26035549380890666,50
4196,1,8719,3402,5317,0,0,0,1.0,1,1.0,1,1.0,1,0.2483825965102621,51
4197,3,8722,3405,5317,0,0,0,1.0,1,1.0,1,1.0,1,0.26574508374958794,50
4198,1,8723,3406,5317,0,0,0,1.0,1,1.0,1,1.0,1,0.2920153498764989,48
4199,0,8723,3406,5317,0,0,0,1.0,1,1.0,1,1.0,1,0.324295722027936,48
4200,1,8724,3406,5318,0,0,0,1.0,1,1.0,1,1.0,1,0.3496677993706125,48
4201,4,8728,3406,5322,0,0,0,1.0,1,1.0,1,1.0,1,0.29968365649292217,47
4202,1,8729,3407,5322,0,0,0,1.0,1,1.0,1,1.0,1,0.31934528464000805,47
4203,0,8729,3407,5322,0,0,0,1.0,1,1.0,1,1.0,1,0.31934528464000805,47
4204,6,8735,3410,5325,0,0,0,1.0,1,1.0,1,1.0,1,0.30428047785678475,48
4205,0,8735,3410,5325,0,0,0,1.0,1,1.0,1,1.0,1,0.2920837458740751,49
4206,1,8736,3411,5325,0,0,0,1.0,1,1.0,1,1.0,1,0.3186337348649873,49
4207,1,8737,3411,5326,0,0,0,1.0,1,1.0,1,1.0,1,0.33037695926737265,48
4208,1,8738,3412,5326,0,0,0,1.0,1,1.0,1,1.0,1,0.32315123351431646,49
4209,2,8740,3413,5327,0,0,0,1.0,1,1.0,1,1.0,1,0.3123079298747919,51
4210,1,8741,3414,5327,0,0,0,1.0,1,1.0,1,1.0,1,0.3165007447173285,52
4211,1,8742,3414,5328,0,0,0,1.0,1,1.0,1,1.0,1,0.30887864395709225,53
4212,0,8742,3414,5328,0,0,0,1.0,1,1.0,1,1.0,1,0.30887864395709225,53
4213,0,8742,3414,5328,0,0,0,1.0,1,1.0,1,1.0,1,0.31114238490386115,54
4214,2,8744,3414,5330,0,0,0,1.0,1,1.0,1,1.0,1,0.29739107769463624,54
4215,1,8745,3415,5330,0,0,0,1.0,1,1.0,1,1.0,1,0.2897907468409681,54
4216,1,8746,3415,5331,0,0,0,1.0,1,1.0,1,1.0,1,0.30442557246641294,53
4217,2,8748,3416,5332,0,0,0,1.0,1,1.0,1,1.0,1,0.3250452379941092,54
4218,2,8750,3418,5332,0,0,0,1.0,1,1.0,1,1.0,1,0.3540077697548909,53
4219,2,8752,3419,5333,0,0,0,1.0,1,1.0,1,1.0,1,0.37184008383149136,53
4220,2,8754,3419,5335,0,0,0,1.0,1,1.0,1,1.0,1,0.3729645984694469,53
4221,0,8754,3419,5335,0,0,0,1.0,1,1.0,1,1.0,1,0.38012759636689925,54
4222,6,8760,3424,5336,0,0,0,1.0,1,1.0,1,1.0,1,0.40684995784039346,55
4223,4,8764,3425,5339,0,0,0,1.0,1,1.0,1,1.0,1,0.39731139983128605,56
4224,2,8766,3426,5340,0,0,0,1.0,1,1.0,1,1.0,1,0.37598724623526664,55
4225,1,8767,3427,5340,0,0,0,1.0,1,1.0,1,1.0,1,0.3761084768826406,53
4226,2,8769,3428,5341,0,0,0,1.0,1,1.0,1,1.0,1,0.38053452622121575,54
4227,2,8771,3430,5341,0,0,0,1.0,1,1.0,1,1.0,1,0.3989300238442899,52
4228,4,8775,3432,5343,0,0,0,1.0,1,1.0,1,1.0,1,0.39492551427924866,51
4229,2,8777,3433,5344,0,0,0,1.0,1,1.0,1,1.0,1,0.3908807696331779,48
4230,1,8778,3434,5344,0,0,0,1.0,1,1.0,1,1.0,1,0.3975029155082155,48
4231,5,8783,3434,5349,0,0,0,1.0,1,1.0,1,1.0,1,0.3433203659046451,48
4232,1,8784,3434,5350,0,0,0,1.0,1,1.0,1,1.0,1,0.31378821450336364,48
4233,0,8784,3434,5350,0,0,0,1.0,1,1.0,1,1.0,1,0.30129294003397655,48
4234,2,8786,3436,5350,0,0,0,1.0,1,1.0,1,1.0,1,0.32538834835952757,49
4235,0,8786,3436,5350,0,0,0,1.0,1,1.0,1,1.0,1,0.3197332507632354,47
4236,1,8787,3437,5350,0,0,0,1.0,1,1.0,1,1.0,1,0.345224577868287,47
4237,1,8788,3437,5351,0,0,0,1.0,1,1.0,1,1.0,1,0.3209341512517584,48
4238,4,8792,3437,5355,0,0,0,1.0,1,1.0,1,1.0,1,0.3100266281088491,47
4239,3,8795,3437,5358,0,0,0,1.0,1,1.0,1,1.0,1,0.2648838120424308,48
4240,0,8795,3437,5358,0,0,0,1.0,1,1.0,1,1.0,1,0.27211200759221543,47
4241,0,8795,3437,5358,0,0,0,1.0,1,1.0,1,1.0,1,0.2868043092028443,49
4242,0,8795,3437,5358,0,0,0,1.0,1,1.0,1,1.0,1,0.28930517099554537,49
4243,1,8796,3438,5358,0,0,0,1.0,1,1.0,1,1.0,1,0.30754991384717384,50
4244,2,8798,3438,5360,0,0,0,1.0,1,1.0,1,1.0,1,0.29734832512865944,51
4245,1,8799,3438,5361,0,0,0,1.0,1,1.0,1,1.0,1,0.3114512136114705,51
4246,1,8800,3438,5362,0,0,0,1.0,1,1.0,1,1.0,1,0.3035456783287808,51
4247,0,8800,3438,5362,0,0,0,1.0,1,1.0,1,1.0,1,0.30920006268477024,52
4248,5,8805,3439,5366,0,0,0,1.0,1,1.0,1,1.0,1,0.28838946931014037,52
4249,1,8806,3440,5366,0,0,0,1.0,1,1.0,1,1.0,1,0.289684732670768,52
4250,1,8807,3441,5366,0,0,0,1.0,1,1.0,1,1.0,1,0.2787416226268153,52
4251,3,8810,3441,5369,0,0,0,1.0,1,1.0,1,1.0,1,0.2550690274912616,53
4252,4,8814,3443,5371,0,0,0,1.0,1,1.0,1,1.0,1,0.23343020829615027,53
4253,4,8818,3445,5373,0,0,0,1.0,1,1.0,1,1.0,1,0.24246543890059005,54
4254,2,8820,3446,5374,0,0,0,1.0,1,1.0,1,1.0,1,0.25966788602183266,54
4255,5,8825,3447,5378,0,0,0,1.0,1,1.0,1,1.0,1,0.26977721994283954,55
4256,5,8830,3448,5382,0,0,0,1.0,1,1.0,1,1.0,1,0.27118724687005297,57
4257,4,8834,3448,5386,0,0,0,1.0,1,1.0,1,1.0,1,0.26548227057991974,57
4258,3,8837,3449,5388,0,0,0,1.0,1,1.0,1,1.0,1,0.299634745457378,57
4259,3,8840,3449,5391,0,0,0,1.0,1,1.0,1,1.0,1,0.28532482608650206,57
4260,4,8844,3449,5395,0,0,0,1.0,1,1.0,1,1.0,1,0.2684335238692122,58
4261,6,8850,3450,5400,0,0,0,1.0,1,1.0,1,1.0,1,0.24937023502286032,59
4262,4,8854,3451,5403,0,0,0,1.0,1,1.0,1,1.0,1,0.22441445950157907,60
4263,0,8854,3451,5403,0,0,0,1.0,1,1.0,1,1.0,1,0.21409319954980277,59
4264,2,8856,3453,5403,0,0,0,1.0,1,1.0,1,1.0,1,0.24217083764381891,58
4265,1,8857,3453,5404,0,0,0,1.0,1,1.0,1,1.0,1,0.22635613165372528,58
4266,2,8859,3453,5406,0,0,0,1.0,1,1.0,1,1.0,1,0.18933855892099402,58
4267,1,8860,3454,5406,0,0,0,1.0,1,1.0,1,1.0,1,0.199742246194167,55
4268,2,8862,3455,5407,0,0,0,1.0,1,1.0,1,1.0,1,0.20697714459782815,55
4269,2,8864,3456,5408,0,0,0,1.0,1,1.0,1,1.0,1,0.2127931469692322,50
4270,1,8865,3457,5408,0,0,0,1.0,1,1.0,1,1.0,1,0.24001185466733033,47
4271,0,8865,3457,5408,0,0,0,1.0,1,1.0,1,1.0,1,0.23923459594750265,47
4272,0,8865,3457,5408,0,0,0,1.0,1,1.0,1,1.0,1,0.2497053081330112,46
4273,1,8866,3458,5408,0,0,0,1.0,1,1.0,1,1.0,1,0.2672378651188262,47
4274,3,8869,3460,5409,0,0,0,1.0,1,1.0,1,1.0,1,0.2916450417177791,45
4275,3,8872,3463,5409,0,0,0,1.0,1,1.0,1,1.0,1,0.3360468432214048,44
4276,3,8875,3465,5410,0,0,0,1.0,1,1.0,1,1.0,1,0.3166285753098225,43
4277,3,8878,3467,5411,0,0,0,1.0,1,1.0,1,1.0,1,0.3476314466976483,42
4278,4,8882,3468,5414,0,0,0,1.0,1,1.0,1,1.0,1,0.32030003356129955,43
4279,4,8886,3471,5415,0,0,0,1.0,1,1.0,1,1.0,1,0.2816291501471912,42
4280,2,8888,3473,5415,0,0,0,1.0,1,1.0,1,1.0,1,0.3417459470004019,44
4281,2,8890,3475,5415,0,0,0,1.0,1,1.0,1,1.0,1,0.35531461192921193,44
4282,0,8890,3475,5415,0,0,0,1.0,1,1.0,1,1.0,1,0.35531461192921193,44
4283,1,8891,3475,5416,0,0,0,1.0,1,1.0,1,1.0,1,0.31531406907469905,45
4284,0,8891,3475,5416,0,0,0,1.0,1,1.0,1,1.0,1,0.31531406907469905,45
4285,1,8892,3476,5416,0,0,0,1.0,1,1.0,1,1.0,1,0.27540418046301485,47
4286,0,8892,3476,5416,0,0,0,1.0,1,1.0,1,1.0,1,0.27540418046301485,47
4287,2,8894,3476,5418,0,0,0,1.0,1,1.0,1,1.0,1,0.24487846665219629,49
4288,1,8895,3476,5419,0,0,0,1.0,1,1.0,1,1.0,1,0.22649410703026893,49
4289,3,8898,3478,5420,0,0,0,1.0,1,1.0,1,1.0,1,0.21380790730163346,50
4290,1,8899,3478,5421,0,0,0,1.0,1,1.0,1,1.0,1,0.20589514452575408,51
4291,3,8902,3479,5423,0,0,0,1.0,1,1.0,1,1.0,1,0.17190050619448138,50
4292,1,8903,3480,5423,0,0,0,1.0,1,1.0,1,1.0,1,0.17873117830013688,51
4293,0,8903,3480,5423,0,0,0,1.0,1,1.0,1,1.0,1,0.17050794002147326,51
4294,1,8904,3481,5423,0,0,0,1.0,1,1.0,1,1.0,1,0.21458962582693691,50
4295,1,8905,3482,5423,0,0,0,1.0,1,1.0,1,1.0,1,0.23299578761908668,50
4296,0,8905,3482,5423,0,0,0,1.0,1,1.0,1,1.0,1,0.22798580612201544,49
4297,0,8905,3482,5423,0,0,0,1.0,1,1.0,1,1.0,1,0.2535697448617867,49
4298,1,8906,3483,5423,0,0,0,1.0,1,1.0,1,1.0,1,0.25427362596399106,49
4299,0,8906,3483,5423,0,0,0,1.0,1,1.0,1,1.0,1,0.2709257004477471,48
4300,2,8908,3485,5423,0,0,0,1.0,1,1.0,1,1.0,1,0.2884503171871809,49
4301,4,8912,3489,5423,0,0,0,1.0,1,1.0,1,1.0,1,0.3172237079671363,50
4302,6,8918,3490,5428,0,0,0,1.0,1,1.0,1,1.0,1,0.23044800286168374,51
4303,5,8923,3492,5431,0,0,0,1.0,1,1.0,1,1.0,1,0.2244933227055052,51
4304,4,8927,3495,5432,0,0,0,1.0,1,1.0,1,1.0,1,0.2547159947067534,51
4305,3,8930,3496,5434,0,0,0,1.0,1,1.0,1,1.0,1,0.2475772602610427,49
4306,3,8933,3497,5436,0,0,0,1.0,1,1.0,1,1.0,1,0.26303343528974515,49
4307,2,8935,3499,5436,0,0,0,1.0,1,1.0,1,1.0,1,0.2918739044092954,46
4308,1,8936,3500,5436,0,0,0,1.0,1,1.0,1,1.0,1,0.27400665996177154,44
4309,1,8937,3501,5436,0,0,0,1.0,1,1.0,1,1.0,1,0.308905997956829,44
4310,2,8939,3503,5436,0,0,0,1.0,1,1.0,1,1.0,1,0.4091410963968511,42
4311,5,8944,3507,5437,0,0,0,1.0,1,1.0,1,1.0,1,0.3960060437332634,42
4312,1,8945,3507,5438,0,0,0,1.0,1,1.0,1,1.0,1,0.33710285270570406,40
4313,3,8948,3510,5438,0,0,0,1.0,1,1.0,1,1.0,1,0.27830504951544327,40
4314,0,8948,3510,5438,0,0,0,1.0,1,1.0,1,1.0,1,0.2906769184698708,36
4315,1,8949,3511,5438,0,0,0,1.0,1,1.0,1,1.0,1,0.28930120536420584,37
4316,3,8952,3514,5438,0,0,0,1.0,1,1.0,1,1.0,1,0.31635140169429365,37
4317,5,8957,3517,5440,0,0,0,1.0,1,1.0,1,1.0,1,0.3442703459005428,36
4318,1,8958,3518,5440,0,0,0,1.0,1,1.0,1,1.0,1,0.3657033273744941,34
4319,0,8958,3518,5440,0,0,0,1.0,1,1.0,1,1.0,1,0.3682035693948462,34
4320,0,8958,3518,5440,0,0,0,1.0,1,1.0,1,1.0,1,0.3682035693948462,34
4321,2,8960,3518,5442,0,0,0,1.0,1,1.0,1,1.0,1,0.3545915377850281,35
4322,0,8960,3518,5442,0,0,0,1.0,1,1.0,1,1.0,1,0.3545915377850281,35
4323,1,8961,3518,5443,0,0,0,1.0,1,1.0,1,1.0,1,0.3283544278927277,35
4324,1,8962,3519,5443,0,0,0,1.0,1,1.0,1,1.0,1,0.33056675240743094,34
4325,2,8964,3520,5444,0,0,0,1.0,1,1.0,1,1.0,1,0.2671031108125293,34
4326,3,8967,3521,5446,0,0,0,1.0,1,1.0,1,1.0,1,0.2603279762095969,36
4327,2,8969,3521,5448,0,0,0,1.0,1,1.0,1,1.0,1,0.24780594281786658,35
4328,1,8970,3521,5449,0,0,0,1.0,1,1.0,1,1.0,1,0.20279403334450008,35
4329,2,8972,3522,5450,0,0,0,1.0,1,1.0,1,1.0,1,0.1895349270262258,38
4330,5,8977,3524,5453,0,0,0,1.0,1,1.0,1,1.0,1,0.16961279718311473,38
4331,0,8977,3524,5453,0,0,0,1.0,1,1.0,1,1.0,1,0.18470335748080557,39
4332,0,8977,3524,5453,0,0,0,1.0,1,1.0,1,1.0,1,0.18168398274195832,40
4333,0,8977,3524,5453,0,0,0,1.0,1,1.0,1,1.0,1,0.1593368290862999,41
4334,0,8977,3524,5453,0,0,0,1.0,1,1.0,1,1.0,1,0.1593368290862999,41
4335,1,8978,3525,5453,0,0,0,1.0,1,1.0,1,1.0,1,0.12444519722961697,42
4336,0,8978,3525,5453,0,0,0,1.0,1,1.0,1,1.0,1,0.13307952029433726,43
4337,0,8978,3525,5453,0,0,0,1.0,1,1.0,1,1.0,1,0.10751864389854039,44
4338,0,8978,3525,5453,0,0,0,1.0,1,1.0,1,1.0,1,0.10751864389854039,44
4339,1,8979,3526,5453,0,0,0,1.0,1,1.0,1,1.0,1,0.11449623492324805,46
4340,0,8979,3526,5453,0,0,0,1.0,1,1.0,1,1.0,1,0.13003688819286324,47
4341,2,8981,3526,5455,0,0,0,1.0,1,1.0,1,1.0,1,0.12245428930036753,47
4342,6,8987,3531,5456,0,0,0,1.0,1,1.0,1,1.0,1,0.18080406854359934,47
4343,0,8987,3531,5456,0,0,0,1.0,1,1.0,1,1.0,1,0.1713076038428448,42
4344,8,8995,3536,5459,0,0,0,1.0,1,1.0,1,1.0,1,0.2617672931054819,42
4345,5,9000,3540,5460,0,0,0,1.0,1,1.0,1,1.0,1,0.2944538325100375,39
4346,3,9003,3542,5461,0,0,0,1.0,1,1.0,1,1.0,1,0.3435922580856759,37
4347,1,9004,3543,5461,0,0,0,1.0,1,1.0,1,1.0,1,0.39203232058231396,37
4348,4,9008,3544,5464,0,0,0,1.0,1,1.0,1,1.0,1,0.37286001225331605,38
4349,0,9008,3544,5464,0,0,0,1.0,1,1.0,1,1.0,1,0.35925918493328085,36
4350,5,9013,3549,5464,0,0,0,1.0,1,1.0,1,1.0,1,0.38635025733850853,37
4351,4,9017,3550,5467,0,0,0,1.0,1,1.0,1,1.0,1,0.340263445926101,35
4352,1,9018,3550,5468,0,0,0,1.0,1,1.0,1,1.0,1,0.33314510054969304,34
4353,1,9019,3550,5469,0,0,0,1.0,1,1.0,1,1.0,1,0.3208311650008912,34
4354,1,9020,3550,5470,0,0,0,1.0,1,1.0,1,1.0,1,0.31107959149680176,32
4355,1,9021,3550,5471,0,0,0,1.0,1,1.0,1,1.0,1,0.3043458166000989,32
4356,4,9025,3552,5473,0,0,0,1.0,1,1.0,1,1.0,1,0.2969491363260764,34
4357,3,9028,3552,5476,0,0,0,1.0,1,1.0,1,1.0,1,0.2351322345258244,35
4358,2,9030,3554,5476,0,0,0,1.0,1,1.0,1,1.0,1,0.24879010671263174,35
4359,3,9033,3555,5478,0,0,0,1.0,1,1.0,1,1.0,1,0.25768997628526075,37
4360,2,9035,3555,5480,0,0,0,1.0,1,1.0,1,1.0,1,0.24957203210509024,38
4361,1,9036,3555,5481,0,0,0,1.0,1,1.0,1,1.0,1,0.21165373493719086,39
4362,4,9040,3557,5483,0,0,0,1.0,1,1.0,1,1.0,1,0.28193937307750716,38
4363,2,9042,3558,5484,0,0,0,1.0,1,1.0,1,1.0,1,0.27193939579641246,38
4364,0,9042,3558,5484,0,0,0,1.0,1,1.0,1,1.0,1,0.24947324575796825,39
4365,0,9042,3558,5484,0,0,0,1.0,1,1.0,1,1.0,1,0.24947324575796825,39
4366,2,9044,3559,5485,0,0,0,1.0,1,1.0,1,1.0,1,0.28084096945061904,39
4367,1,9045,3559,5486,0,0,0,1.0,1,1.0,1,1.0,1,0.28932565906332985,41
4368,3,9048,3560,5488,0,0,0,1.0,1,1.0,1,1.0,1,0.2977358049112357,41
4369,1,9049,3560,5489,0,0,0,1.0,1,1.0,1,1.0,1,0.3076424108151598,42
4370,0,9049,3560,5489,0,0,0,1.0,1,1.0,1,1.0,1,0.3076424108151598,42
4371,0,9049,3560,5489,0,0,0,1.0,1,1.0,1,1.0,1,0.31704201740947185,43
4372,1,9050,3561,5489,0,0,0,1.0,1,1.0,1,1.0,1,0.29597838645903657,43
4373,0,9050,3561,5489,0,0,0,1.0,1,1.0,1,1.0,1,0.29597838645903657,43
4374,3,9053,3561,5492,0,0,0,1.0,1,1.0,1,1.0,1,0.2952295914181511,44
4375,3,9056,3561,5495,0,0,0,1.0,1,1.0,1,1.0,1,0.28263166861563227,45
4376,1,9057,3561,5496,0,0,0,1.0,1,1.0,1,1.0,1,0.27382407182669444,46
4377,12,9069,3565,5504,0,0,0,1.0,1,1.0,1,1.0,1,0.30544574576948447,47
4378,3,9072,3565,5507,0,0,0,1.0,1,1.0,1,1.0,1,0.28879845067703164,49
4379,7,9079,3568,5511,0,0,0,1.0,1,1.0,1,1.0,1,0.3462668730597815,51
4380,10,9089,3568,5521,0,0,0,1.0,1,1.0,1,1.0,1,0.3329143739206699,50
4381,5,9094,3568,5526,0,0,0,1.0,1,1.0,1,1.0,1,0.27572498056618566,49
4382,2,9096,3570,5526,0,0,0,1.0,1,1.0,1,1.0,1,0.2947542747600156,47
4383,4,9100,3572,5528,0,0,0,1.0,1,1.0,1,1.0,1,0.27250881522024967,47
4384,3,9103,3574,5529,0,0,0,1.0,1,1.0,1,1.0,1,0.29138014828178865,44
4385,0,9103,3574,5529,0,0,0,1.0,1,1.0,1,1.0,1,0.2585029751886652,42
4386,1,9104,3575,5529,0,0,0,1.0,1,1.0,1,1.0,1,0.3265713435236936,41
4387,0,9104,3575,5529,0,0,0,1.0,1,1.0,1,1.0,1,0.3058757424143151,39
4388,1,9105,3576,5529,0,0,0,1.0,1,1.0,1,1.0,1,0.3146173673760829,39
4389,4,9109,3579,5530,0,0,0,1.0,1,1.0,1,1.0,1,0.36966037102284993,38
4390,1,9110,3579,5531,0,0,0,1.0,1,1.0,1,1.0,1,0.3209773596793269,38
4391,1,9111,3579,5532,0,0,0,1.0,1,1.0,1,1.0,1,0.2940021060756728,39
4392,2,9113,3579,5534,0,0,0,1.0,1,1.0,1,1.0,1,0.2780615350916227,39
4393,0,9113,3579,5534,0,0,0,1.0,1,1.0,1,1.0,1,0.2703441214349761,40
4394,0,9113,3579,5534,0,0,0,1.0,1,1.0,1,1.0,1,0.27139869180754117,39
4395,0,9113,3579,5534,0,0,0,1.0,1,1.0,1,1.0,1,0.27139869180754117,39
4396,1,9114,3580,5534,0,0,0,1.0,1,1.0,1,1.0,1,0.27452798154376185,39
4397,1,9115,3580,5535,0,0,0,1.0,1,1.0,1,1.0,1,0.2636129723019411,38
4398,0,9115,3580,5535,0,0,0,1.0,1,1.0,1,1.0,1,0.25488184295731436,39
4399,0,9115,3580,5535,0,0,0,1.0,1,1.0,1,1.0,1,0.2556674877481123,42
4400,0,9115,3580,5535,0,0,0,1.0,1,1.0,1,1.0,1,0.2510193105183513,43
4401,0,9115,3580,5535,0,0,0,1.0,1,1.0,1,1.0,1,0.2449824290028225,44
4402,0,9115,3580,5535,0,0,0,1.0,1,1.0,1,1.0,1,0.2449824290028225,44
4403,0,9115,3580,5535,0,0,0,1.0,1,1.0,1,1.0,1,0.24741817146741435,45
4404,1,9116,3580,5536,0,0,0,1.0,1,1.0,1,1.0,1,0.24689136059570707,45
4405,0,9116,3580,5536,0,0,0,1.0,1,1.0,1,1.0,1,0.24878411788281446,46
4406,1,9117,3581,5536,0,0,0,1.0,1,1.0,1,1.0,1,0.2716204214810902,46
4407,0,9117,3581,5536,0,0,0,1.0,1,1.0,1,1.0,1,0.2716204214810902,46
4408,0,9117,3581,5536,0,0,0,1.0,1,1.0,1,1.0,1,0.2681826329710852,47
4409,1,9118,3582,5536,0,0,0,1.0,1,1.0,1,1.0,1,0.2973058320759647,48
4410,0,9118,3582,5536,0,0,0,1.0,1,1.0,1,1.0,1,0.2973058320759647,48
4411,1,9119,3582,5537,0,0,0,1.0,1,1.0,1,1.0,1,0.28247732884065524,50
4412,3,9122,3583,5539,0,0,0,1.0,1,1.0,1,1.0,1,0.2807337015746781,50
4413,1,9123,3583,5540,0,0,0,1.0,1,1.0,1,1.0,1,0.287428763925509,50
4414,1,9124,3584,5540,0,0,0,1.0,1,1.0,1,1.0,1,0.2728200716060359,51
4415,2,9126,3585,5541,0,0,0,1.0,1,1.0,1,1.0,1,0.25928812865992534,51
4416,0,9126,3585,5541,0,0,0,1.0,1,1.0,1,1.0,1,0.25928812865992534,51
4417,3,9129,3587,5542,0,0,0,1.0,1,1.0,1,1.0,1,0.25958686526288816,51
4418,4,9133,3588,5545,0,0,0,1.0,1,1.0,1,1.0,1,0.2536234795623539,51
4419,2,9135,3588,5547,0,0,0,1.0,1,1.0,1,1.0,1,0.24796690239285302,50
4420,3,9138,3589,5549,0,0,0,1.0,1,1.0,1,1.0,1,0.263532809694337,50
4421,1,9139,3589,5550,0,0,0,1.0,1,1.0,1,1.0,1,0.24068689485068656,52
4422,0,9139,3589,5550,0,0,0,1.0,1,1.0,1,1.0,1,0.2498326157479062,51
4423,2,9141,3590,5551,0,0,0,1.0,1,1.0,1,1.0,1,0.24912606049126274,51
4424,0,9141,3590,5551,0,0,0,1.0,1,1.0,1,1.0,1,0.24765376751234655,53
4425,1,9142,3590,5552,0,0,0,1.0,1,1.0,1,1.0,1,0.23116668846176305,54
4426,4,9146,3591,5555,0,0,0,1.0,1,1.0,1,1.0,1,0.19954855813136207,55
4427,3,9149,3591,5558,0,0,0,1.0,1,1.0,1,1.0,1,0.19123200405591959,55
4428,2,9151,3591,5560,0,0,0,1.0,1,1.0,1,1.0,1,0.19123200405591959,55
4429,2,9153,3591,5562,0,0,0,1.0,1,1.0,1,1.0,1,0.18632383449252096,56
4430,3,9156,3591,5565,0,0,0,1.0,1,1.0,1,1.0,1,0.16112436186043472,55
4431,1,9157,3591,5566,0,0,0,1.0,1,1.0,1,1.0,1,0.19398839453780306,56
4432,2,9159,3591,5568,0,0,0,1.0,1,1.0,1,1.0,1,0.19398839453780306,56
4433,1,9160,3591,5569,0,0,0,1.0,1,1.0,1,1.0,1,0.18297361081584942,57
4434,1,9161,3591,5570,0,0,0,1.0,1,1.0,1,1.0,1,0.20443810220974584,56
4435,4,9165,3592,5573,0,0,0,1.0,1,1.0,1,1.0,1,0.20083504417948506,56
4436,2,9167,3594,5573,0,0,0,1.0,1,1.0,1,1.0,1,0.19217097090806748,55
4437,0,9167,3594,5573,0,0,0,1.0,1,1.0,1,1.0,1,0.205646489265634,54
4438,2,9169,3596,5573,0,0,0,1.0,1,1.0,1,1.0,1,0.25020315744639937,54
4439,2,9171,3596,5575,0,0,0,1.0,1,1.0,1,1.0,1,0.23819246128650695,55
4440,2,9173,3597,5576,0,0,0,1.0,1,1.0,1,1.0,1,0.2325919111656556,55
4441,7,9180,3600,5580,0,0,0,1.0,1,1.0,1,1.0,1,0.19086929704004782,59
4442,2,9182,3601,5581,0,0,0,1.0,1,1.0,1,1.0,1,0.1929899744708346,61
4443,2,9184,3603,5581,0,0,0,1.0,1,1.0,1,1.0,1,0.22224229113852448,60
4444,3,9187,3603,5584,0,0,0,1.0,1,1.0,1,1.0,1,0.1964224868372209,61
4445,0,9187,3603,5584,0,0,0,1.0,1,1.0,1,1.0,1,0.1964224868372209,61
4446,2,9189,3604,5585,0,0,0,1.0,1,1.0,1,1.0,1,0.2185975511580223,62
4447,0,9189,3604,5585,0,0,0,1.0,1,1.0,1,1.0,1,0.2063516118563885,63
4448,0,9189,3604,5585,0,0,0,1.0,1,1.0,1,1.0,1,0.2063516118563885,63
4449,1,9190,3605,5585,0,0,0,1.0,1,1.0,1,1.0,1,0.21249829070983867,63
4450,1,9191,3605,5586,0,0,0,1.0,1,1.0,1,1.0,1,0.21147886699006113,62
4451,0,9191,3605,5586,0,0,0,1.0,1,1.0,1,1.0,1,0.2086139758264026,63
4452,2,9193,3605,5588,0,0,0,1.0,1,1.0,1,1.0,1,0.2063899752349257,64
4453,1,9194,3605,5589,0,0,0,1.0,1,1.0,1,1.0,1,0.1940859438748385,65
4454,0,9194,3605,5589,0,0,0,1.0,1,1.0,1,1.0,1,0.1772315212353075,66
4455,0,9194,3605,5589,0,0,0,1.0,1,1.0,1,1.0,1,0.16379161837686296,67
4456,4,9198,3606,5592,0,0,0,1.0,1,1.0,1,1.0,1,0.14815767136652327,67
4457,0,9198,3606,5592,0,0,0,1.0,1,1.0,1,1.0,1,0.14519227799544582,65
4458,3,9201,3607,5594,0,0,0,1.0,1,1.0,1,1.0,1,0.15089788810651836,65
4459,5,9206,3610,5596,0,0,0,1.0,1,1.0,1,1.0,1,0.1972646637044355,64
4460,1,9207,3610,5597,0,0,0,1.0,1,1.0,1,1.0,1,0.2205355977247038,63
4461,2,9209,3612,5597,0,0,0,1.0,1,1.0,1,1.0,1,0.2351834992629439,62
4462,3,9212,3615,5597,0,0,0,1.0,1,1.0,1,1.0,1,0.28402621697693803,61
4463,7,9219,3618,5601,0,0,0,1.0,1,1.0,1,1.0,1,0.3504560998641032,61
4464,4,9223,3620,5603,0,0,0,1.0,1,1.0,1,1.0,1,0.33258525972695346,58
4465,7,9230,3620,5610,0,0,0,1.0,1,1.0,1,1.0,1,0.2987712251422918,57
4466,6,9236,3623,5613,0,0,0,1.0,1,1.0,1,1.0,1,0.3196892013596047,54
4467,8,9244,3626,5618,0,0,0,1.0,1,1.0,1,1.0,1,0.2720876080442809,52
4468,1,9245,3626,5619,0,0,0,1.0,1,1.0,1,1.0,1,0.25737705634547653,52
4469,3,9248,3627,5621,0,0,0,1.0,1,1.0,1,1.0,1,0.24712125013235467,51
4470,1,9249,3628,5621,0,0,0,1.0,1,1.0,1,1.0,1,0.2474088506924033,51
4471,2,9251,3629,5622,0,0,0,1.0,1,1.0,1,1.0,1,0.23539464543180322,50
4472,3,9254,3630,5624,0,0,0,1.0,1,1.0,1,1.0,1,0.19125409517138164,48
4473,1,9255,3631,5624,0,0,0,1.0,1,1.0,1,1.0,1,0.18815929786303973,47
4474,4,9259,3635,5624,0,0,0,1.0,1,1.0,1,1.0,1,0.22854157538274095,49
4475,1,9260,3635,5625,0,0,0,1.0,1,1.0,1,1.0,1,0.22637240069038703,47
4476,1,9261,3636,5625,0,0,0,1.0,1,1.0,1,1.0,1,0.23637441766392173,49
4477,1,9262,3636,5626,0,0,0,1.0,1,1.0,1,1.0,1,0.2627279664493102,48
4478,0,9262,3636,5626,0,0,0,1.0,1,1.0,1,1.0,1,0.2627279664493102,48
4479,0,9262,3636,5626,0,0,0,1.0,1,1.0,1,1.0,1,0.2627279664493102,48
4480,1,9263,3636,5627,0,0,0,1.0,1,1.0,1,1.0,1,0.24802335427548025,49
4481,0,9263,3636,5627,0,0,0,1.0,1,1.0,1,1.0,1,0.25685844338076724,49
4482,1,9264,3636,5628,0,0,0,1.0,1,1.0,1,1.0,1,0.2508612943135714,49
4483,1,9265,3636,5629,0,0,0,1.0,1,1.0,1,1.0,1,0.22808217578729148,50
4484,2,9267,3637,5630,0,0,0,1.0,1,1.0,1,1.0,1,0.22216091264196125,52
4485,0,9267,3637,5630,0,0,0,1.0,1,1.0,1,1.0,1,0.2320374894313534,53
4486,2,9269,3638,5631,0,0,0,1.0,1,1.0,1,1.0,1,0.20537181727851825,55
4487,2,9271,3640,5631,0,0,0,1.0,1,1.0,1,1.0,1,0.21077237341970306,55
4488,2,9273,3642,5631,0,0,0,1.0,1,1.0,1,1.0,1,0.19339380685233454,54
4489,0,9273,3642,5631,0,0,0,1.0,1,1.0,1,1.0,1,0.2226225817492682,53
4490,0,9273,3642,5631,0,0,0,1.0,1,1.0,1,1.0,1,0.2226225817492682,53
4491,0,9273,3642,5631,0,0,0,1.0,1,1.0,1,1.0,1,0.22111411190843616,52
4492,0,9273,3642,5631,0,0,0,1.0,1,1.0,1,1.0,1,0.22111411190843616,52
4493,1,9274,3643,5631,0,0,0,1.0,1,1.0,1,1.0,1,0.2631302860729269,52
4494,0,9274,3643,5631,0,0,0,1.0,1,1.0,1,1.0,1,0.27230740203353143,53
4495,6,9280,3647,5633,0,0,0,1.0,1,1.0,1,1.0,1,0.3105651680927674,50
4496,5,9285,3649,5636,0,0,0,1.0,1,1.0,1,1.0,1,0.3138753966008592,51
4497,5,9290,3651,5639,0,0,0,1.0,1,1.0,1,1.0,1,0.29204488592489936,50
4498,2,9292,3653,5639,0,0,0,1.0,1,1.0,1,1.0,1,0.27007028304741704,49
4499,0,9292,3653,5639,0,0,0,1.0,1,1.0,1,1.0,1,0.26197787880394424,48
4500,2,9294,3655,5639,0,0,0,1.0,1,1.0,1,1.0,1,0.26350253380305744,48
4501,3,9297,3656,5641,0,0,0,1.0,1,1.0,1,1.0,1,0.2215404600733325,48
4502,1,9298,3656,5642,0,0,0,1.0,1,1.0,1,1.0,1,0.20636522618605097,49
4503,3,9301,3659,5642,0,0,0,1.0,1,1.0,1,1.0,1,0.22086523791559562,49
4504,1,9302,3660,5642,0,0,0,1.0,1,1.0,1,1.0,1,0.24656186080259987,45
4505,3,9305,3661,5644,0,0,0,1.0,1,1.0,1,1.0,1,0.2203654192459937,46
4506,6,9311,3665,5646,0,0,0,1.0,1,1.0,1,1.0,1,0.22578353289002656,45
4507,2,9313,3665,5648,0,0,0,1.0,1,1.0,1,1.0,1,0.24764856787454076,45
4508,5,9318,3667,5651,0,0,0,1.0,1,1.0,1,1.0,1,0.20507403082826686,43
4509,1,9319,3668,5651,0,0,0,1.0,1,1.0,1,1.0,1,0.21571351823688015,41
4510,1,9320,3668,5652,0,0,0,1.0,1,1.0,1,1.0,1,0.22200521276339472,42
4511,1,9321,3669,5652,0,0,0,1.0,1,1.0,1,1.0,1,0.24913830192912237,41
4512,0,9321,3669,5652,0,0,0,1.0,1,1.0,1,1.0,1,0.24913830192912237,41
4513,1,9322,3669,5653,0,0,0,1.0,1,1.0,1,1.0,1,0.25970366302509107,41
4514,3,9325,3672,5653,0,0,0,1.0,1,1.0,1,1.0,1,0.23140911600538575,42
4515,1,9326,3672,5654,0,0,0,1.0,1,1.0,1,1.0,1,0.2518146143284554,41
4516,0,9326,3672,5654,0,0,0,1.0,1,1.0,1,1.0,1,0.24525126637717043,42
4517,1,9327,3673,5654,0,0,0,1.0,1,1.0,1,1.0,1,0.2755021082838418,43
4518,0,9327,3673,5654,0,0,0,1.0,1,1.0,1,1.0,1,0.2765462791865903,42
4519,2,9329,3675,5654,0,0,0,1.0,1,1.0,1,1.0,1,0.301945439581813,42
4520,0,9329,3675,5654,0,0,0,1.0,1,1.0,1,1.0,1,0.34386563458438146,42
4521,1,9330,3676,5654,0,0,0,1.0,1,1.0,1,1.0,1,0.3795307688152468,42
4522,2,9332,3678,5654,0,0,0,1.0,1,1.0,1,1.0,1,0.3400244269195871,42
4523,1,9333,3678,5655,0,0,0,1.0,1,1.0,1,1.0,1,0.33320352468747316,42
4524,1,9334,3679,5655,0,0,0,1.0,1,1.0,1,1.0,1,0.3136467468372026,43
4525,4,9338,3682,5656,0,0,0,1.0,1,1.0,1,1.0,1,0.2579264327607755,46
4526,2,9340,3684,5656,0,0,0,1.0,1,1.0,1,1.0,1,0.2566494568175934,46
4527,4,9344,3687,5657,0,0,0,1.0,1,1.0,1,1.0,1,0.3008668348534631,47
4528,3,9347,3687,5660,0,0,0,1.0,1,1.0,1,1.0,1,0.24909520824719886,49
4529,1,9348,3688,5660,0,0,0,1.0,1,1.0,1,1.0,1,0.24605739578276756,50
4530,2,9350,3689,5661,0,0,0,1.0,1,1.0,1,1.0,1,0.26357311434284453,51
4531,3,9353,3689,5664,0,0,0,1.0,1,1.0,1,1.0,1,0.19094587413616035,51
4532,2,9355,3690,5665,0,0,0,1.0,1,1.0,1,1.0,1,0.21469700299281164,51
4533,2,9357,3692,5665,0,0,0,1.0,1,1.0,1,1.0,1,0.2379916653428555,50
4534,2,9359,3692,5667,0,0,0,1.0,1,1.0,1,1.0,1,0.18553958691940114,51
4535,1,9360,3693,5667,0,0,0,1.0,1,1.0,1,1.0,1,0.2004003525552399,50
4536,1,9361,3693,5668,0,0,0,1.0,1,1.0,1,1.0,1,0.21905573297384717,48
4537,0,9361,3693,5668,0,0,0,1.0,1,1.0,1,1.0,1,0.23080080305101444,49
4538,2,9363,3694,5669,0,0,0,1.0,1,1.0,1,1.0,1,0.23648697225921345,48
4539,1,9364,3695,5669,0,0,0,1.0,1,1.0,1,1.0,1,0.3002916393018192,50
4540,1,9365,3696,5669,0,0,0,1.0,1,1.0,1,1.0,1,0.2684918779505429,49
4541,4,9369,3699,5670,0,0,0,1.0,1,1.0,1,1.0,1,0.3019538052146615,49
4542,4,9373,3702,5671,0,0,0,1.0,1,1.0,1,1.0,1,0.33488254845249993,47
4543,1,9374,3703,5671,0,0,0,1.0,1,1.0,1,1.0,1,0.3457303719903523,45
4544,1,9375,3704,5671,0,0,0,1.0,1,1.0,1,1.0,1,0.3588296164923517,45
4545,3,9378,3705,5673,0,0,0,1.0,1,1.0,1,1.0,1,0.37559147809020926,43
4546,2,9380,3705,5675,0,0,0,1.0,1,1.0,1,1.0,1,0.34299179311117,43
4547,0,9380,3705,5675,0,0,0,1.0,1,1.0,1,1.0,1,0.36602350896841196,41
4548,2,9382,3706,5676,0,0,0,1.0,1,1.0,1,1.0,1,0.37954696746896177,42
4549,0,9382,3706,5676,0,0,0,1.0,1,1.0,1,1.0,1,0.3748274212934626,41
4550,2,9384,3708,5676,0,0,0,1.0,1,1.0,1,1.0,1,0.4002392350092798,41
4551,1,9385,3709,5676,0,0,0,1.0,1,1.0,1,1.0,1,0.4153424316184283,39
4552,0,9385,3709,5676,0,0,0,1.0,1,1.0,1,1.0,1,0.4225718335630361,38
4553,1,9386,3709,5677,0,0,0,1.0,1,1.0,1,1.0,1,0.421270757787693,39
4554,1,9387,3710,5677,0,0,0,1.0,1,1.0,1,1.0,1,0.4351382886583773,38
4555,1,9388,3711,5677,0,0,0,1.0,1,1.0,1,1.0,1,0.45830706465874915,37
4556,1,9389,3712,5677,0,0,0,1.0,1,1.0,1,1.0,1,0.4605334140675659,36
4557,0,9389,3712,5677,0,0,0,1.0,1,1.0,1,1.0,1,0.4428751646817245,38
4558,2,9391,3713,5678,0,0,0,1.0,1,1.0,1,1.0,1,0.43342511627035646,39
4559,4,9395,3714,5681,0,0,0,1.0,1,1.0,1,1.0,1,0.43800518233645114,38
4560,3,9398,3715,5683,0,0,0,1.0,1,1.0,1,1.0,1,0.4569858998674817,41
4561,6,9404,3715,5689,0,0,0,1.0,1,1.0,1,1.0,1,0.34737285993413236,41
4562,3,9407,3716,5691,0,0,0,1.0,1,1.0,1,1.0,1,0.2984913975140742,43
4563,0,9407,3716,5691,0,0,0,1.0,1,1.0,1,1.0,1,0.2830066559725252,42
4564,0,9407,3716,5691,0,0,0,1.0,1,1.0,1,1.0,1,0.29396706879728196,43
4565,2,9409,3716,5693,0,0,0,1.0,1,1.0,1,1.0,1,0.2625022655284748,44
4566,4,9413,3716,5697,0,0,0,1.0,1,1.0,1,1.0,1,0.1995359039206491,45
4567,4,9417,3717,5700,0,0,0,1.0,1,1.0,1,1.0,1,0.19791572379217337,47
4568,0,9417,3717,5700,0,0,0,1.0,1,1.0,1,1.0,1,0.19791572379217337,47
4569,3,9420,3718,5702,0,0,0,1.0,1,1.0,1,1.0,1,0.18217957621227254,49
4570,1,9421,3719,5702,0,0,0,1.0,1,1.0,1,1.0,1,0.18283232057354057,49
4571,0,9421,3719,5702,0,0,0,1.0,1,1.0,1,1.0,1,0.20160348213687326,48
4572,0,9421,3719,5702,0,0,0,1.0,1,1.0,1,1.0,1,0.20160348213687326,48
4573,0,9421,3719,5702,0,0,0,1.0,1,1.0,1,1.0,1,0.20160348213687326,48
4574,0,9421,3719,5702,0,0,0,1.0,1,1.0,1,1.0,1,0.190342843360173,50
4575,5,9426,3722,5704,0,0,0,1.0,1,1.0,1,1.0,1,0.19569648300238168,51
4576,2,9428,3723,5705,0,0,0,1.0,1,1.0,1,1.0,1,0.22714267437138141,48
4577,0,9428,3723,5705,0,0,0,1.0,1,1.0,1,1.0,1,0.23671107606882377,47
4578,2,9430,3724,5706,0,0,0,1.0,1,1.0,1,1.0,1,0.24056738236981975,46
4579,1,9431,3725,5706,0,0,0,1.0,1,1.0,1,1.0,1,0.2478794536228868,46
4580,0,9431,3725,5706,0,0,0,1.0,1,1.0,1,1.0,1,0.23572483375751666,47
4581,1,9432,3726,5706,0,0,0,1.0,1,1.0,1,1.0,1,0.2553308839329241,47
4582,1,9433,3726,5707,0,0,0,1.0,1,1.0,1,1.0,1,0.25960677499917695,48
4583,0,9433,3726,5707,0,0,0,1.0,1,1.0,1,1.0,1,0.25960677499917695,48
4584,0,9433,3726,5707,0,0,0,1.0,1,1.0,1,1.0,1,0.2798718644874642,50
4585,2,9435,3728,5707,0,0,0,1.0,1,1.0,1,1.0,1,0.31062702232142864,50
4586,0,9435,3728,5707,0,0,0,1.0,1,1.0,1,1.0,1,0.31062702232142864,50
4587,0,9435,3728,5707,0,0,0,1.0,1,1.0,1,1.0,1,0.31062702232142864,50
4588,0,9435,3728,5707,0,0,0,1.0,1,1.0,1,1.0,1,0.31062702232142864,50
4589,0,9435,3728,5707,0,0,0,1.0,1,1.0,1,1.0,1,0.3146941091752837,52
4590,0,9435,3728,5707,0,0,0,1.0,1,1.0,1,1.0,1,0.3146941091752837,52
4591,8,9443,3728,5715,0,0,0,1.0,1,1.0,1,1.0,1,0.28104352771377716,53
4592,5,9448,3728,5720,0,0,0,1.0,1,1.0,1,1.0,1,0.20317434515805952,54
4593,0,9448,3728,5720,0,0,0,1.0,1,1.0,1,1.0,1,0.20213505230655754,56
4594,3,9451,3728,5723,0,0,0,1.0,1,1.0,1,1.0,1,0.2051717526858728,57
4595,0,9451,3728,5723,0,0,0,1.0,1,1.0,1,1.0,1,0.21593933562691361,56
4596,1,9452,3728,5724,0,0,0,1.0,1,1.0,1,1.0,1,0.2124434534546235,56
4597,1,9453,3729,5724,0,0,0,1.0,1,1.0,1,1.0,1,0.2139011725574108,56
4598,6,9459,3731,5728,0,0,0,1.0,1,1.0,1,1.0,1,0.24017008201461734,57
4599,5,9464,3731,5733,0,0,0,1.0,1,1.0,1,1.0,1,0.21615460823357385,59
4600,3,9467,3731,5736,0,0,0,1.0,1,1.0,1,1.0,1,0.204093722475744,60
4601,5,9472,3732,5740,0,0,0,1.0,1,1.0,1,1.0,1,0.21626224230748312,60
4602,2,9474,3732,5742,0,0,0,1.0,1,1.0,1,1.0,1,0.21088214533362937,62
4603,4,9478,3732,5746,0,0,0,1.0,1,1.0,1,1.0,1,0.21088214533362937,62
4604,4,9482,3732,5750,0,0,0,1.0,1,1.0,1,1.0,1,0.202011697545143,63
4605,4,9486,3732,5754,0,0,0,1.0,1,1.0,1,1.0,1,0.202011697545143,63
4606,3,9489,3732,5757,0,0,0,1.0,1,1.0,1,1.0,1,0.18768500513350506,64
4607,3,9492,3732,5760,0,0,0,1.0,1,1.0,1,1.0,1,0.20475666024784536,65
4608,7,9499,3733,5766,0,0,0,1.0,1,1.0,1,1.0,1,0.22347558022461783,66
4609,7,9506,3734,5772,0,0,0,1.0,1,1.0,1,1.0,1,0.21153004195565378,65
4610,2,9508,3734,5774,0,0,0,1.0,1,1.0,1,1.0,1,0.2259519125185246,63
4611,7,9515,3735,5780,0,0,0,1.0,1,1.0,1,1.0,1,0.23772029666370542,64
4612,9,9524,3735,5789,0,0,0,1.0,1,1.0,1,1.0,1,0.27769829409770797,62
4613,6,9530,3736,5794,0,0,0,1.0,1,1.0,1,1.0,1,0.298744247369914,63
4614,8,9538,3737,5801,0,0,0,1.0,1,1.0,1,1.0,1,0.2802870129905322,61
4615,6,9544,3738,5806,0,0,0,1.0,1,1.0,1,1.0,1,0.31639581777048975,59
4616,8,9552,3740,5812,0,0,0,1.0,1,1.0,1,1.0,1,0.3066281448257322,58
4617,3,9555,3740,5815,0,0,0,1.0,1,1.0,1,1.0,1,0.3236650577122124,58
4618,4,9559,3740,5819,0,0,0,1.0,1,1.0,1,1.0,1,0.33523410452826186,57
4619,2,9561,3740,5821,0,0,0,1.0,1,1.0,1,1.0,1,0.3280272917421345,57
4620,2,9563,3740,5823,0,0,0,1.0,1,1.0,1,1.0,1,0.33523410452826186,57
4621,5,9568,3741,5827,0,0,0,1.0,1,1.0,1,1.0,1,0.29869386054282315,59
4622,3,9571,3742,5829,0,0,0,1.0,1,1.0,1,1.0,1,0.2868133218547941,60
4623,1,9572,3743,5829,0,0,0,1.0,1,1.0,1,1.0,1,0.2973856269818704,59
4624,7,9579,3748,5831,0,0,0,1.0,1,1.0,1,1.0,1,0.28865032928346035,59
4625,1,9580,3749,5831,0,0,0,1.0,1,1.0,1,1.0,1,0.2929907684616185,57
4626,4,9584,3752,5832,0,0,0,1.0,1,1.0,1,1.0,1,0.3342255735790321,56
4627,2,9586,3753,5833,0,0,0,1.0,1,1.0,1,1.0,1,0.31529657100095604,56
4628,6,9592,3754,5838,0,0,0,1.0,1,1.0,1,1.0,1,0.2669572922346803,56
4629,0,9592,3754,5838,0,0,0,1.0,1,1.0,1,1.0,1,0.2890736656682381,56
4630,1,9593,3755,5838,0,0,0,1.0,1,1.0,1,1.0,1,0.2844608713013372,57
4631,1,9594,3755,5839,0,0,0,1.0,1,1.0,1,1.0,1,0.3068913770331301,56
4632,1,9595,3756,5839,0,0,0,1.0,1,1.0,1,1.0,1,0.34630449149148296,57
4633,0,9595,3756,5839,0,0,0,1.0,1,1.0,1,1.0,1,0.33445567480826627,58
4634,0,9595,3756,5839,0,0,0,1.0,1,1.0,1,1.0,1,0.33445567480826627,58
4635,3,9598,3756,5842,0,0,0,1.0,1,1.0,1,1.0,1,0.29295435886852045,59
4636,0,9598,3756,5842,0,0,0,1.0,1,1.0,1,1.0,1,0.2710716333631169,60
4637,1,9599,3756,5843,0,0,0,1.0,1,1.0,1,1.0,1,0.25458764056243743,60
4638,2,9601,3756,5845,0,0,0,1.0,1,1.0,1,1.0,1,0.2441966994964594,61
4639,4,9605,3756,5849,0,0,0,1.0,1,1.0,1,1.0,1,0.23808990413503306,62
4640,2,9607,3756,5851,0,0,0,1.0,1,1.0,1,1.0,1,0.2594589763084242,63
4641,4,9611,3758,5853,0,0,0,1.0,1,1.0,1,1.0,1,0.254353422992081,63
4642,2,9613,3758,5855,0,0,0,1.0,1,1.0,1,1.0,1,0.2681338744282846,62
4643,4,9617,3761,5856,0,0,0,1.0,1,1.0,1,1.0,1,0.28872030177684643,63
4644,3,9620,3761,5859,0,0,0,1.0,1,1.0,1,1.0,1,0.29844806440998467,62
4645,1,9621,3761,5860,0,0,0,1.0,1,1.0,1,1.0,1,0.3042823676817984,63
4646,4,9625,3763,5862,0,0,0,1.0,1,1.0,1,1.0,1,0.3268643183547458,63
4647,1,9626,3763,5863,0,0,0,1.0,1,1.0,1,1.0,1,0.3177727213383821,62
4648,1,9627,3764,5863,0,0,0,1.0,1,1.0,1,1.0,1,0.36007612885524604,63
4649,2,9629,3766,5863,0,0,0,1.0,1,1.0,1,1.0,1,0.3272402618899937,61
4650,0,9629,3766,5863,0,0,0,1.0,1,1.0,1,1.0,1,0.3099632016473125,63
4651,7,9636,3767,5869,0,0,0,1.0,1,1.0,1,1.0,1,0.22409501810887422,62
4652,2,9638,3767,5871,0,0,0,1.0,1,1.0,1,1.0,1,0.20859141065647901,59
4653,0,9638,3767,5871,0,0,0,1.0,1,1.0,1,1.0,1,0.22027530094591025,60
4654,3,9641,3769,5872,0,0,0,1.0,1,1.0,1,1.0,1,0.24308246023012176,60
4655,1,9642,3769,5873,0,0,0,1.0,1,1.0,1,1.0,1,0.23138906801329368,60
4656,4,9646,3771,5875,0,0,0,1.0,1,1.0,1,1.0,1,0.25534856295646896,61
4657,0,9646,3771,5875,0,0,0,1.0,1,1.0,1,1.0,1,0.2452865672943241,62
4658,3,9649,3773,5876,0,0,0,1.0,1,1.0,1,1.0,1,0.2777608727845825,62
4659,0,9649,3773,5876,0,0,0,1.0,1,1.0,1,1.0,1,0.2689547638835593,61
4660,4,9653,3774,5879,0,0,0,1.0,1,1.0,1,1.0,1,0.29174888094308477,61
4661,0,9653,3774,5879,0,0,0,1.0,1,1.0,1,1.0,1,0.3056528420915767,61
4662,1,9654,3775,5879,0,0,0,1.0,1,1.0,1,1.0,1,0.28885426082755217,62
4663,3,9657,3776,5881,0,0,0,1.0,1,1.0,1,1.0,1,0.265152366808439,61
4664,3,9660,3777,5883,0,0,0,1.0,1,1.0,1,1.0,1,0.23587364954093754,62
4665,1,9661,3778,5883,0,0,0,1.0,1,1.0,1,1.0,1,0.24014087916199495,61
4666,3,9664,3780,5884,0,0,0,1.0,1,1.0,1,1.0,1,0.23981164789863915,61
4667,0,9664,3780,5884,0,0,0,1.0,1,1.0,1,1.0,1,0.24354765472144807,59
4668,4,9668,3783,5885,0,0,0,1.0,1,1.0,1,1.0,1,0.25308829694581475,59
4669,4,9672,3786,5886,0,0,0,1.0,1,1.0,1,1.0,1,0.25195557289029125,58
4670,3,9675,3789,5886,0,0,0,1.0,1,1.0,1,1.0,1,0.2578899456160766,57
4671,0,9675,3789,5886,0,0,0,1.0,1,1.0,1,1.0,1,0.24606333075845493,55
4672,2,9677,3791,5886,0,0,0,1.0,1,1.0,1,1.0,1,0.25722877662846827,56
4673,3,9680,3791,5889,0,0,0,1.0,1,1.0,1,1.0,1,0.20225972523050503,58
4674,2,9682,3792,5890,0,0,0,1.0,1,1.0,1,1.0,1,0.2071280337231473,58
4675,1,9683,3792,5891,0,0,0,1.0,1,1.0,1,1.0,1,0.23511565098487036,57
4676,2,9685,3794,5891,0,0,0,1.0,1,1.0,1,1.0,1,0.2464055122115664,58
4677,1,9686,3795,5891,0,0,0,1.0,1,1.0,1,1.0,1,0.24734255312021486,57
4678,3,9689,3798,5891,0,0,0,1.0,1,1.0,1,1.0,1,0.25535444820276343,57
4679,0,9689,3798,5891,0,0,0,1.0,1,1.0,1,1.0,1,0.25535444820276343,57
4680,2,9691,3799,5892,0,0,0,1.0,1,1.0,1,1.0,1,0.2558241182537342,59
4681,7,9698,3801,5897,0,0,0,1.0,1,1.0,1,1.0,1,0.2406281821606506,60
4682,4,9702,3803,5899,0,0,0,1.0,1,1.0,1,1.0,1,0.24250149550680747,60
4683,3,9705,3804,5901,0,0,0,1.0,1,1.0,1,1.0,1,0.24061319962326544,60
4684,4,9709,3805,5904,0,0,0,1.0,1,1.0,1,1.0,1,0.25637135913188674,60
4685,2,9711,3805,5906,0,0,0,1.0,1,1.0,1,1.0,1,0.27086479233273875,59
4686,4,9715,3806,5909,0,0,0,1.0,1,1.0,1,1.0,1,0.28492835513431075,60
4687,5,9720,3807,5913,0,0,0,1.0,1,1.0,1,1.0,1,0.292215653794189,59
4688,4,9724,3808,5916,0,0,0,1.0,1,1.0,1,1.0,1,0.30813679064545796,59
4689,8,9732,3810,5922,0,0,0,1.0,1,1.0,1,1.0,1,0.33923908129634395,59
4690,5,9737,3811,5926,0,0,0,1.0,1,1.0,1,1.0,1,0.334739742319584,58
4691,7,9744,3813,5931,0,0,0,1.0,1,1.0,1,1.0,1,0.3072542343136965,57
4692,4,9748,3813,5935,0,0,0,1.0,1,1.0,1,1.0,1,0.3170424348482305,58
4693,3,9751,3813,5938,0,0,0,1.0,1,1.0,1,1.0,1,0.3106941547016836,57
4694,5,9756,3813,5943,0,0,0,1.0,1,1.0,1,1.0,1,0.3269234595409184,57
4695,4,9760,3814,5946,0,0,0,1.0,1,1.0,1,1.0,1,0.31503909096952876,56
4696,2,9762,3814,5948,0,0,0,1.0,1,1.0,1,1.0,1,0.3167352873684668,57
4697,6,9768,3814,5954,0,0,0,1.0,1,1.0,1,1.0,1,0.3023703505987439,58
4698,3,9771,3815,5956,0,0,0,1.0,1,1.0,1,1.0,1,0.3144181238286143,59
4699,6,9777,3815,5962,0,0,0,1.0,1,1.0,1,1.0,1,0.31176243368305845,58
4700,4,9781,3815,5966,0,0,0,1.0,1,1.0,1,1.0,1,0.30265733176777654,59
4701,3,9784,3815,5969,0,0,0,1.0,1,1.0,1,1.0,1,0.326262508329541,60
4702,7,9791,3815,5976,0,0,0,1.0,1,1.0,1,1.0,1,0.32285143242491904,61
4703,4,9795,3815,5980,0,0,0,1.0,1,1.0,1,1.0,1,0.30316835751499654,59
4704,1,9796,3815,5981,0,0,0,1.0,1,1.0,1,1.0,1,0.3056003398985805,58
4705,1,9797,3816,5981,0,0,0,1.0,1,1.0,1,1.0,1,0.3560826680014888,58
4706,1,9798,3817,5981,0,0,0,1.0,1,1.0,1,1.0,1,0.3445862656638829,60
4707,2,9800,3818,5982,0,0,0,1.0,1,1.0,1,1.0,1,0.3811628237669361,57
4708,2,9802,3818,5984,0,0,0,1.0,1,1.0,1,1.0,1,0.3782591593010376,57
4709,6,9808,3821,5987,0,0,0,1.0,1,1.0,1,1.0,1,0.39549284756010644,55
4710,2,9810,3822,5988,0,0,0,1.0,1,1.0,1,1.0,1,0.43124826285513146,53
4711,9,9819,3823,5996,0,0,0,1.0,1,1.0,1,1.0,1,0.35007634912629154,52
4712,1,9820,3824,5996,0,0,0,1.0,1,1.0,1,1.0,1,0.361659147213213,52
4713,1,9821,3825,5996,0,0,0,1.0,1,1.0,1,1.0,1,0.3749936942758005,51
4714,0,9821,3825,5996,0,0,0,1.0,1,1.0,1,1.0,1,0.38116019658227435,50
4715,3,9824,3826,5998,0,0,0,1.0,1,1.0,1,1.0,1,0.3877259931634531,50
4716,4,9828,3827,6001,0,0,0,1.0,1,1.0,1,1.0,1,0.36297918786111244,49
4717,2,9830,3829,6001,0,0,0,1.0,1,1.0,1,1.0,1,0.38529134630521844,49
4718,2,9832,3829,6003,0,0,0,1.0,1,1.0,1,1.0,1,0.3744869650706439,50
4719,3,9835,3829,6006,0,0,0,1.0,1,1.0,1,1.0,1,0.33283552056557236,49
4720,1,9836,3829,6007,0,0,0,1.0,1,1.0,1,1.0,1,0.3236476998482555,49
4721,1,9837,3829,6008,0,0,0,1.0,1,1.0,1,1.0,1,0.3016590056026386,50
4722,0,9837,3829,6008,0,0,0,1.0,1,1.0,1,1.0,1,0.3150715816164384,51
4723,1,9838,3829,6009,0,0,0,1.0,1,1.0,1,1.0,1,0.2716094847283601,50
4724,3,9841,3832,6009,0,0,0,1.0,1,1.0,1,1.0,1,0.24654841978872283,50
4725,4,9845,3834,6011,0,0,0,1.0,1,1.0,1,1.0,1,0.2642222927109935,52
4726,2,9847,3835,6012,0,0,0,1.0,1,1.0,1,1.0,1,0.2980050919859552,51
4727,1,9848,3835,6013,0,0,0,1.0,1,1.0,1,1.0,1,0.29728083360967283,52
4728,0,9848,3835,6013,0,0,0,1.0,1,1.0,1,1.0,1,0.29728083360967283,52
4729,0,9848,3835,6013,0,0,0,1.0,1,1.0,1,1.0,1,0.29728083360967283,52
4730,1,9849,3836,6013,0,0,0,1.0,1,1.0,1,1.0,1,0.31723794571144226,50
4731,2,9851,3838,6013,0,0,0,1.0,1,1.0,1,1.0,1,0.2677661813915006,51
4732,4,9855,3839,6016,0,0,0,1.0,1,1.0,1,1.0,1,0.26402071805882554,52
4733,5,9860,3842,6018,0,0,0,1.0,1,1.0,1,1.0,1,0.3024941388828866,53
4734,1,9861,3842,6019,0,0,0,1.0,1,1.0,1,1.0,1,0.29780425220466533,53
4735,1,9862,3842,6020,0,0,0,1.0,1,1.0,1,1.0,1,0.2987665077499993,53
4736,1,9863,3843,6020,0,0,0,1.0,1,1.0,1,1.0,1,0.3159998434048266,55
4737,2,9865,3844,6021,0,0,0,1.0,1,1.0,1,1.0,1,0.29395662493453084,57
4738,2,9867,3845,6022,0,0,0,1.0,1,1.0,1,1.0,1,0.2881006747370239,57
4739,1,9868,3845,6023,0,0,0,1.0,1,1.0,1,1.0,1,0.28366817517776544,57
4740,0,9868,3845,6023,0,0,0,1.0,1,1.0,1,1.0,1,0.28366817517776544,57
4741,1,9869,3845,6024,0,0,0,1.0,1,1.0,1,1.0,1,0.277802180743045,58
4742,0,9869,3845,6024,0,0,0,1.0,1,1.0,1,1.0,1,0.277802180743045,58
4743,2,9871,3845,6026,0,0,0,1.0,1,1.0,1,1.0,1,0.2471236231270794,56
4744,3,9874,3848,6026,0,0,0,1.0,1,1.0,1,1.0,1,0.24011924895552958,57
4745,1,9875,3849,6026,0,0,0,1.0,1,1.0,1,1.0,1,0.23570617776835998,56
4746,5,9880,3852,6028,0,0,0,1.0,1,1.0,1,1.0,1,0.2527848514581414,56
4747,2,9882,3853,6029,0,0,0,1.0,1,1.0,1,1.0,1,0.25348908756971866,55
4748,3,9885,3855,6030,0,0,0,1.0,1,1.0,1,1.0,1,0.2880472233360818,55
4749,2,9887,3856,6031,0,0,0,1.0,1,1.0,1,1.0,1,0.29693727589764984,54
4750,2,9889,3858,6031,0,0,0,1.0,1,1.0,1,1.0,1,0.292680584159025,53
4751,2,9891,3858,6033,0,0,0,1.0,1,1.0,1,1.0,1,0.2969904118142636,53
4752,3,9894,3860,6034,0,0,0,1.0,1,1.0,1,1.0,1,0.2455370850046713,53
4753,0,9894,3860,6034,0,0,0,1.0,1,1.0,1,1.0,1,0.2516464874900357,52
4754,1,9895,3860,6035,0,0,0,1.0,1,1.0,1,1.0,1,0.2521029766450349,52
4755,0,9895,3860,6035,0,0,0,1.0,1,1.0,1,1.0,1,0.26219126033775925,51
4756,0,9895,3860,6035,0,0,0,1.0,1,1.0,1,1.0,1,0.27014529590224895,52
4757,0,9895,3860,6035,0,0,0,1.0,1,1.0,1,1.0,1,0.2695300084944892,51
4758,0,9895,3860,6035,0,0,0,1.0,1,1.0,1,1.0,1,0.2695300084944892,51
4759,3,9898,3861,6037,0,0,0,1.0,1,1.0,1,1.0,1,0.2670291567197779,51
4760,0,9898,3861,6037,0,0,0,1.0,1,1.0,1,1.0,1,0.2693897281460251,52
4761,4,9902,3862,6040,0,0,0,1.0,1,1.0,1,1.0,1,0.29390102866345996,50
4762,3,9905,3865,6040,0,0,0,1.0,1,1.0,1,1.0,1,0.2993242277775034,51
4763,5,9910,3866,6044,0,0,0,1.0,1,1.0,1,1.0,1,0.286030825348487,51
4764,2,9912,3866,6046,0,0,0,1.0,1,1.0,1,1.0,1,0.2779696395087183,53
4765,3,9915,3867,6048,0,0,0,1.0,1,1.0,1,1.0,1,0.2790098217736569,53
4766,1,9916,3868,6048,0,0,0,1.0,1,1.0,1,1.0,1,0.2823540471161201,55
4767,3,9919,3869,6050,0,0,0,1.0,1,1.0,1,1.0,1,0.2667548653348499,56
4768,3,9922,3869,6053,0,0,0,1.0,1,1.0,1,1.0,1,0.2517460729383773,56
4769,5,9927,3870,6057,0,0,0,1.0,1,1.0,1,1.0,1,0.24753260626419255,56
4770,3,9930,3870,6060,0,0,0,1.0,1,1.0,1,1.0,1,0.2299625873678933,56
4771,1,9931,3870,6061,0,0,0,1.0,1,1.0,1,1.0,1,0.22098857316529336,55
4772,4,9935,3871,6064,0,0,0,1.0,1,1.0,1,1.0,1,0.1866622809760495,56
4773,1,9936,3871,6065,0,0,0,1.0,1,1.0,1,1.0,1,0.18195175304772096,56
4774,2,9938,3871,6067,0,0,0,1.0,1,1.0,1,1.0,1,0.13039745877509112,58
4775,0,9938,3871,6067,0,0,0,1.0,1,1.0,1,1.0,1,0.13544314789758635,59
4776,2,9940,3871,6069,0,0,0,1.0,1,1.0,1,1.0,1,0.10954121057827985,59
4777,2,9942,3872,6070,0,0,0,1.0,1,1.0,1,1.0,1,0.1015840586516171,60
4778,1,9943,3872,6071,0,0,0,1.0,1,1.0,1,1.0,1,0.10568081340209373,60
4779,2,9945,3872,6073,0,0,0,1.0,1,1.0,1,1.0,1,0.11896012215326068,61
4780,3,9948,3872,6076,0,0,0,1.0,1,1.0,1,1.0,1,0.14360599415287076,63
4781,1,9949,3872,6077,0,0,0,1.0,1,1.0,1,1.0,1,0.14795000178918652,62
4782,4,9953,3874,6079,0,0,0,1.0,1,1.0,1,1.0,1,0.1558500492594784,63
4783,1,9954,3875,6079,0,0,0,1.0,1,1.0,1,1.0,1,0.14915398525087703,62
4784,6,9960,3878,6082,0,0,0,1.0,1,1.0,1,1.0,1,0.1384590086053352,62
4785,4,9964,3881,6083,0,0,0,1.0,1,1.0,1,1.0,1,0.17004731369317247,62
4786,5,9969,3883,6086,0,0,0,1.0,1,1.0,1,1.0,1,0.12048411314980578,63
4787,5,9974,3886,6088,0,0,0,1.0,1,1.0,1,1.0,1,0.14863125320894727,62
4788,4,9978,3888,6090,0,0,0,1.0,1,1.0,1,1.0,1,0.1270334565903128,62
4789,4,9982,3891,6091,0,0,0,1.0,1,1.0,1,1.0,1,0.1431365370753529,60
4790,5,9987,3895,6092,0,0,0,1.0,1,1.0,1,1.0,1,0.17312675888005974,61
4791,5,9992,3896,6096,0,0,0,1.0,1,1.0,1,1.0,1,0.1790587288993952,60
4792,4,9996,3898,6098,0,0,0,1.0,1,1.0,1,1.0,1,0.19472601343705936,60
4793,3,9999,3899,6100,0,0,0,1.0,1,1.0,1,1.0,1,0.17621739733801417,61
4794,5,10004,3902,6102,0,0,0,1.0,1,1.0,1,1.0,1,0.1384109984453275,59
4795,5,10009,3902,6107,0,0,0,1.0,1,1.0,1,1.0,1,0.11229749701206147,61
4796,6,10015,3904,6111,0,0,0,1.0,1,1.0,1,1.0,1,0.10816143758556572,59
4797,3,10018,3904,6114,0,0,0,1.0,1,1.0,1,1.0,1,0.12380667681865672,58
4798,3,10021,3904,6117,0,0,0,1.0,1,1.0,1,1.0,1,0.12497268166226046,59
4799,4,10025,3904,6121,0,0,0,1.0,1,1.0,1,1.0,1,0.15307994562348679,57
4800,5,10030,3905,6125,0,0,0,1.0,1,1.0,1,1.0,1,0.15914880308167503,58
4801,4,10034,3906,6128,0,0,0,1.0,1,1.0,1,1.0,1,0.10530992956571447,57
4802,1,10035,3907,6128,0,0,0,1.0,1,1.0,1,1.0,1,0.12415211717878065,57
4803,1,10036,3908,6128,0,0,0,1.0,1,1.0,1,1.0,1,0.10163817757670056,56
4804,0,10036,3908,6128,0,0,0,1.0,1,1.0,1,1.0,1,0.11346047203701756,54
4805,1,10037,3908,6129,0,0,0,1.0,1,1.0,1,1.0,1,0.10217826561910935,56
4806,0,10037,3908,6129,0,0,0,1.0,1,1.0,1,1.0,1,0.09717506994440599,55
4807,2,10039,3910,6129,0,0,0,1.0,1,1.0,1,1.0,1,0.10250344165278763,54
4808,0,10039,3910,6129,0,0,0,1.0,1,1.0,1,1.0,1,0.12098447141350609,53
4809,1,10040,3911,6129,0,0,0,1.0,1,1.0,1,1.0,1,0.1490125912652254,53
4810,0,10040,3911,6129,0,0,0,1.0,1,1.0,1,1.0,1,0.15623514904492358,51
4811,1,10041,3912,6129,0,0,0,1.0,1,1.0,1,1.0,1,0.16010721656042656,52
4812,0,10041,3912,6129,0,0,0,1.0,1,1.0,1,1.0,1,0.16226695564976334,52
4813,0,10041,3912,6129,0,0,0,1.0,1,1.0,1,1.0,1,0.16226695564976334,52
4814,4,10045,3916,6129,0,0,0,1.0,1,1.0,1,1.0,1,0.18605869016802362,53
4815,4,10049,3920,6129,0,0,0,1.0,1,1.0,1,1.0,1,0.20054876999676455,54
4816,1,10050,3921,6129,0,0,0,1.0,1,1.0,1,1.0,1,0.20406447226689736,54
4817,7,10057,3925,6132,0,0,0,1.0,1,1.0,1,1.0,1,0.29052591786938825,55
4818,7,10064,3928,6136,0,0,0,1.0,1,1.0,1,1.0,1,0.25461664343407014,55
4819,3,10067,3929,6138,0,0,0,1.0,1,1.0,1,1.0,1,0.27467981442966183,55
4820,4,10071,3931,6140,0,0,0,1.0,1,1.0,1,1.0,1,0.2758548924438167,55
4821,3,10074,3933,6141,0,0,0,1.0,1,1.0,1,1.0,1,0.2955556344628773,55
4822,2,10076,3934,6142,0,0,0,1.0,1,1.0,1,1.0,1,0.2727158292928516,54
4823,1,10077,3934,6143,0,0,0,1.0,1,1.0,1,1.0,1,0.2407917048098762,54
4824,2,10079,3936,6143,0,0,0,1.0,1,1.0,1,1.0,1,0.21861991634098488,55
4825,1,10080,3937,6143,0,0,0,1.0,1,1.0,1,1.0,1,0.25588153076457937,53
4826,3,10083,3939,6144,0,0,0,1.0,1,1.0,1,1.0,1,0.24888799209433402,54
4827,2,10085,3941,6144,0,0,0,1.0,1,1.0,1,1.0,1,0.27637811371544196,53
4828,2,10087,3942,6145,0,0,0,1.0,1,1.0,1,1.0,1,0.26099810423248243,54
4829,0,10087,3942,6145,0,0,0,1.0,1,1.0,1,1.0,1,0.257509129918317,54
4830,2,10089,3944,6145,0,0,0,1.0,1,1.0,1,1.0,1,0.2537130698216519,53
4831,8,10097,3946,6151,0,0,0,1.0,1,1.0,1,1.0,1,0.17711796592165693,52
4832,0,10097,3946,6151,0,0,0,1.0,1,1.0,1,1.0,1,0.18785735699298578,50
4833,1,10098,3946,6152,0,0,0,1.0,1,1.0,1,1.0,1,0.1857009108637065,51
4834,2,10100,3947,6153,0,0,0,1.0,1,1.0,1,1.0,1,0.21726535250273765,51
4835,0,10100,3947,6153,0,0,0,1.0,1,1.0,1,1.0,1,0.20735616251124162,50
4836,1,10101,3948,6153,0,0,0,1.0,1,1.0,1,1.0,1,0.253284969148861,50
4837,4,10105,3950,6155,0,0,0,1.0,1,1.0,1,1.0,1,0.24163145170256084,46
4838,3,10108,3952,6156,0,0,0,1.0,1,1.0,1,1.0,1,0.2751158724531836,47
4839,2,10110,3954,6156,0,0,0,1.0,1,1.0,1,1.0,1,0.3307679478585808,45
4840,0,10110,3954,6156,0,0,0,1.0,1,1.0,1,1.0,1,0.3307679478585808,45
4841,1,10111,3955,6156,0,0,0,1.0,1,1.0,1,1.0,1,0.32482423123940135,43
4842,0,10111,3955,6156,0,0,0,1.0,1,1.0,1,1.0,1,0.3072147071845687,43
4843,3,10114,3955,6159,0,0,0,1.0,1,1.0,1,1.0,1,0.2836951301045529,44
4844,2,10116,3955,6161,0,0,0,1.0,1,1.0,1,1.0,1,0.30317719502552576,43
4845,1,10117,3956,6161,0,0,0,1.0,1,1.0,1,1.0,1,0.3322901632955957,44
4846,0,10117,3956,6161,0,0,0,1.0,1,1.0,1,1.0,1,0.31368149389927735,43
4847,1,10118,3957,6161,0,0,0,1.0,1,1.0,1,1.0,1,0.32371378465824224,42
4848,2,10120,3958,6162,0,0,0,1.0,1,1.0,1,1.0,1,0.3190605940417646,41
4849,1,10121,3958,6163,0,0,0,1.0,1,1.0,1,1.0,1,0.26871683328319634,41
4850,0,10121,3958,6163,0,0,0,1.0,1,1.0,1,1.0,1,0.3135099454391391,41
4851,0,10121,3958,6163,0,0,0,1.0,1,1.0,1,1.0,1,0.3135099454391391,41
4852,1,10122,3958,6164,0,0,0,1.0,1,1.0,1,1.0,1,0.31612003735756156,43
4853,1,10123,3959,6164,0,0,0,1.0,1,1.0,1,1.0,1,0.31392592596349805,44
4854,1,10124,3960,6164,0,0,0,1.0,1,1.0,1,1.0,1,0.3317911385220968,45
4855,1,10125,3961,6164,0,0,0,1.0,1,1.0,1,1.0,1,0.3108584971106062,44
4856,0,10125,3961,6164,0,0,0,1.0,1,1.0,1,1.0,1,0.3108584971106062,44
4857,0,10125,3961,6164,0,0,0,1.0,1,1.0,1,1.0,1,0.3289977681570417,44
4858,1,10126,3961,6165,0,0,0,1.0,1,1.0,1,1.0,1,0.3320780301981037,45
4859,0,10126,3961,6165,0,0,0,1.0,1,1.0,1,1.0,1,0.32943138082666,46
4860,0,10126,3961,6165,0,0,0,1.0,1,1.0,1,1.0,1,0.32943138082666,46
4861,2,10128,3961,6167,0,0,0,1.0,1,1.0,1,1.0,1,0.27956585385250055,46
4862,2,10130,3961,6169,0,0,0,1.0,1,1.0,1,1.0,1,0.2659941748536232,47
4863,1,10131,3962,6169,0,0,0,1.0,1,1.0,1,1.0,1,0.2808259536491638,47
4864,0,10131,3962,6169,0,0,0,1.0,1,1.0,1,1.0,1,0.2812072197202372,47
4865,2,10133,3962,6171,0,0,0,1.0,1,1.0,1,1.0,1,0.254163169540011,48
4866,2,10135,3963,6172,0,0,0,1.0,1,1.0,1,1.0,1,0.2491122461277743,49
4867,1,10136,3963,6173,0,0,0,1.0,1,1.0,1,1.0,1,0.22835180631904692,50
4868,3,10139,3965,6174,0,0,0,1.0,1,1.0,1,1.0,1,0.20508374216805964,50
4869,0,10139,3965,6174,0,0,0,1.0,1,1.0,1,1.0,1,0.20508374216805964,50
4870,5,10144,3968,6176,0,0,0,1.0,1,1.0,1,1.0,1,0.25152252185943547,52
4871,0,10144,3968,6176,0,0,0,1.0,1,1.0,1,1.0,1,0.25152252185943547,52
4872,1,10145,3968,6177,0,0,0,1.0,1,1.0,1,1.0,1,0.22118553474836836,53
4873,4,10149,3970,6179,0,0,0,1.0,1,1.0,1,1.0,1,0.23715450010302164,55
4874,11,10160,3973,6187,0,0,0,1.0,1,1.0,1,1.0,1,0.20581299611354179,56
4875,2,10162,3975,6187,0,0,0,1.0,1,1.0,1,1.0,1,0.23876653250462257,55
4876,2,10164,3975,6189,0,0,0,1.0,1,1.0,1,1.0,1,0.19730618200019504,55
4877,1,10165,3976,6189,0,0,0,1.0,1,1.0,1,1.0,1,0.2141863468751877,54
4878,0,10165,3976,6189,0,0,0,1.0,1,1.0,1,1.0,1,0.20468165915847727,53
4879,2,10167,3977,6190,0,0,0,1.0,1,1.0,1,1.0,1,0.19891053065762954,54
4880,2,10169,3977,6192,0,0,0,1.0,1,1.0,1,1.0,1,0.20704619676962205,54
4881,1,10170,3978,6192,0,0,0,1.0,1,1.0,1,1.0,1,0.20500411480737596,53
4882,3,10173,3979,6194,0,0,0,1.0,1,1.0,1,1.0,1,0.1967821430924492,53
4883,0,10173,3979,6194,0,0,0,1.0,1,1.0,1,1.0,1,0.20968944490141425,53
4884,1,10174,3980,6194,0,0,0,1.0,1,1.0,1,1.0,1,0.2514225292843918,51
4885,1,10175,3981,6194,0,0,0,1.0,1,1.0,1,1.0,1,0.27614395178990897,50
4886,0,10175,3981,6194,0,0,0,1.0,1,1.0,1,1.0,1,0.2601962473095044,48
4887,0,10175,3981,6194,0,0,0,1.0,1,1.0,1,1.0,1,0.2601962473095044,48
4888,2,10177,3982,6195,0,0,0,1.0,1,1.0,1,1.0,1,0.2716186007917033,48
4889,0,10177,3982,6195,0,0,0,1.0,1,1.0,1,1.0,1,0.2716186007917033,48
4890,2,10179,3983,6196,0,0,0,1.0,1,1.0,1,1.0,1,0.275885287292515,49
4891,3,10182,3984,6198,0,0,0,1.0,1,1.0,1,1.0,1,0.28672237674804824,50
4892,1,10183,3984,6199,0,0,0,1.0,1,1.0,1,1.0,1,0.2974379524857998,49
4893,0,10183,3984,6199,0,0,0,1.0,1,1.0,1,1.0,1,0.30177851671760836,50
4894,0,10183,3984,6199,0,0,0,1.0,1,1.0,1,1.0,1,0.2939186566587229,51
4895,2,10185,3984,6201,0,0,0,1.0,1,1.0,1,1.0,1,0.28944711297253545,52
4896,3,10188,3986,6202,0,0,0,1.0,1,1.0,1,1.0,1,0.26229496462778357,53
4897,0,10188,3986,6202,0,0,0,1.0,1,1.0,1,1.0,1,0.26229496462778357,53
4898,2,10190,3988,6202,0,0,0,1.0,1,1.0,1,1.0,1,0.23586642610540323,53
4899,2,10192,3990,6202,0,0,0,1.0,1,1.0,1,1.0,1,0.21071153474005452,55
4900,2,10194,3991,6203,0,0,0,1.0,1,1.0,1,1.0,1,0.19609453964482484,55
4901,2,10196,3992,6204,0,0,0,1.0,1,1.0,1,1.0,1,0.20207105711797319,56
4902,5,10201,3993,6208,0,0,0,1.0,1,1.0,1,1.0,1,0.23266235759531134,58
4903,4,10205,3995,6210,0,0,0,1.0,1,1.0,1,1.0,1,0.21708135425661107,58
4904,7,10212,3998,6214,0,0,0,1.0,1,1.0,1,1.0,1,0.2372707691533212,57
4905,5,10217,3998,6219,0,0,0,1.0,1,1.0,1,1.0,1,0.2319510650321727,54
4906,8,10225,3999,6226,0,0,0,1.0,1,1.0,1,1.0,1,0.22368938913587472,55
4907,5,10230,3999,6231,0,0,0,1.0,1,1.0,1,1.0,1,0.2370442285965656,52
4908,7,10237,4001,6236,0,0,0,1.0,1,1.0,1,1.0,1,0.24448986992495753,53
4909,4,10241,4001,6240,0,0,0,1.0,1,1.0,1,1.0,1,0.25014565423054536,52
4910,5,10246,4002,6244,0,0,0,1.0,1,1.0,1,1.0,1,0.2902718565268931,53
4911,3,10249,4002,6247,0,0,0,1.0,1,1.0,1,1.0,1,0.26965131895676686,55
4912,3,10252,4003,6249,0,0,0,1.0,1,1.0,1,1.0,1,0.27060901234938206,54
4913,0,10252,4003,6249,0,0,0,1.0,1,1.0,1,1.0,1,0.26221240768773785,53
4914,2,10254,4004,6250,0,0,0,1.0,1,1.0,1,1.0,1,0.246453838224333,53
4915,7,10261,4006,6255,0,0,0,1.0,1,1.0,1,1.0,1,0.24436925874523044,54
4916,0,10261,4006,6255,0,0,0,1.0,1,1.0,1,1.0,1,0.2561125527738369,52
4917,1,10262,4007,6255,0,0,0,1.0,1,1.0,1,1.0,1,0.24755210353088844,52
4918,3,10265,4008,6257,0,0,0,1.0,1,1.0,1,1.0,1,0.26622070799962644,51
4919,0,10265,4008,6257,0,0,0,1.0,1,1.0,1,1.0,1,0.29156035419788134,50
4920,1,10266,4008,6258,0,0,0,1.0,1,1.0,1,1.0,1,0.28950712498158454,51
4921,5,10271,4008,6263,0,0,0,1.0,1,1.0,1,1.0,1,0.2051020104793519,51
4922,6,10277,4009,6268,0,0,0,1.0,1,1.0,1,1.0,1,0.1861814421716716,53
4923,0,10277,4009,6268,0,0,0,1.0,1,1.0,1,1.0,1,0.1861814421716716,53
4924,0,10277,4009,6268,0,0,0,1.0,1,1.0,1,1.0,1,0.188406629823629,55
4925,2,10279,4011,6268,0,0,0,1.0,1,1.0,1,1.0,1,0.18840849927538966,56
4926,0,10279,4011,6268,0,0,0,1.0,1,1.0,1,1.0,1,0.17863235367582106,55
4927,2,10281,4013,6268,0,0,0,1.0,1,1.0,1,1.0,1,0.18691993650626992,55
4928,0,10281,4013,6268,0,0,0,1.0,1,1.0,1,1.0,1,0.18691993650626992,55
4929,1,10282,4013,6269,0,0,0,1.0,1,1.0,1,1.0,1,0.15642333385530352,56
4930,2,10284,4014,6270,0,0,0,1.0,1,1.0,1,1.0,1,0.18542808829685284,58
4931,2,10286,4014,6272,0,0,0,1.0,1,1.0,1,1.0,1,0.14952302612182977,59
4932,0,10286,4014,6272,0,0,0,1.0,1,1.0,1,1.0,1,0.15775462114375605,60
4933,0,10286,4014,6272,0,0,0,1.0,1,1.0,1,1.0,1,0.15775462114375605,60
4934,1,10287,4015,6272,0,0,0,1.0,1,1.0,1,1.0,1,0.18574957935247116,60
4935,3,10290,4015,6275,0,0,0,1.0,1,1.0,1,1.0,1,0.16612926259167535,60
4936,1,10291,4016,6275,0,0,0,1.0,1,1.0,1,1.0,1,0.18643091174084486,61
4937,2,10293,4017,6276,0,0,0,1.0,1,1.0,1,1.0,1,0.22653227475665802,62
4938,1,10294,4017,6277,0,0,0,1.0,1,1.0,1,1.0,1,0.22007501139651045,62
4939,5,10299,4019,6280,0,0,0,1.0,1,1.0,1,1.0,1,0.19812344493228684,64
4940,4,10303,4019,6284,0,0,0,1.0,1,1.0,1,1.0,1,0.19799723842360975,67
4941,4,10307,4019,6288,0,0,0,1.0,1,1.0,1,1.0,1,0.21120859472714348,66
4942,2,10309,4020,6289,0,0,0,1.0,1,1.0,1,1.0,1,0.23087147241176503,67
4943,1,10310,4020,6290,0,0,0,1.0,1,1.0,1,1.0,1,0.22958743390359423,65
4944,5,10315,4022,6293,0,0,0,1.0,1,1.0,1,1.0,1,0.2435794296456722,65
4945,4,10319,4025,6294,0,0,0,1.0,1,1.0,1,1.0,1,0.264955514366447,62
4946,2,10321,4026,6295,0,0,0,1.0,1,1.0,1,1.0,1,0.24889213466294252,61
4947,2,10323,4028,6295,0,0,0,1.0,1,1.0,1,1.0,1,0.29382762221395264,59
4948,3,10326,4029,6297,0,0,0,1.0,1,1.0,1,1.0,1,0.2806457696337525,59
4949,2,10328,4029,6299,0,0,0,1.0,1,1.0,1,1.0,1,0.26154541317405766,57
4950,8,10336,4034,6302,0,0,0,1.0,1,1.0,1,1.0,1,0.19657323892824638,58
4951,7,10343,4038,6305,0,0,0,1.0,1,1.0,1,1.0,1,0.14581803068644206,55
4952,3,10346,4041,6305,0,0,0,1.0,1,1.0,1,1.0,1,0.16718502341812766,53
4953,5,10351,4045,6306,0,0,0,1.0,1,1.0,1,1.0,1,0.16641098478579466,54
4954,1,10352,4045,6307,0,0,0,1.0,1,1.0,1,1.0,1,0.1258988986184507,52
4955,1,10353,4046,6307,0,0,0,1.0,1,1.0,1,1.0,1,0.13657812939844918,51
4956,0,10353,4046,6307,0,0,0,1.0,1,1.0,1,1.0,1,0.1934304138566766,47
4957,2,10355,4047,6308,0,0,0,1.0,1,1.0,1,1.0,1,0.17575111206093555,48
4958,0,10355,4047,6308,0,0,0,1.0,1,1.0,1,1.0,1,0.17927530706234376,47
4959,0,10355,4047,6308,0,0,0,1.0,1,1.0,1,1.0,1,0.17927530706234376,47
4960,0,10355,4047,6308,0,0,0,1.0,1,1.0,1,1.0,1,0.17041331441877106,48
4961,1,10356,4048,6308,0,0,0,1.0,1,1.0,1,1.0,1,0.17492050196088307,49
4962,0,10356,4048,6308,0,0,0,1.0,1,1.0,1,1.0,1,0.17492050196088307,49
4963,2,10358,4049,6309,0,0,0,1.0,1,1.0,1,1.0,1,0.1749328401441243,51
4964,3,10361,4051,6310,0,0,0,1.0,1,1.0,1,1.0,1,0.20882743132877776,51
4965,0,10361,4051,6310,0,0,0,1.0,1,1.0,1,1.0,1,0.20882743132877776,51
4966,0,10361,4051,6310,0,0,0,1.0,1,1.0,1,1.0,1,0.20882743132877776,51
4967,2,10363,4053,6310,0,0,0,1.0,1,1.0,1,1.0,1,0.21467854797009525,51
4968,2,10365,4054,6311,0,0,0,1.0,1,1.0,1,1.0,1,0.20520762832738193,52
4969,2,10367,4056,6311,0,0,0,1.0,1,1.0,1,1.0,1,0.24469974771022276,53
4970,4,10371,4058,6313,0,0,0,1.0,1,1.0,1,1.0,1,0.2876195389893521,54
4971,8,10379,4059,6320,0,0,0,1.0,1,1.0,1,1.0,1,0.2714576493878642,55
4972,7,10386,4059,6327,0,0,0,1.0,1,1.0,1,1.0,1,0.25194264861844534,56
4973,2,10388,4060,6328,0,0,0,1.0,1,1.0,1,1.0,1,0.2362768606379292,57
4974,1,10389,4061,6328,0,0,0,1.0,1,1.0,1,1.0,1,0.26018615934254985,56
4975,4,10393,4062,6331,0,0,0,1.0,1,1.0,1,1.0,1,0.25886657225011966,57
4976,3,10396,4063,6333,0,0,0,1.0,1,1.0,1,1.0,1,0.23393105847927398,57
4977,2,10398,4063,6335,0,0,0,1.0,1,1.0,1,1.0,1,0.23284329915616458,57
4978,5,10403,4065,6338,0,0,0,1.0,1,1.0,1,1.0,1,0.21342748400839398,58
4979,1,10404,4065,6339,0,0,0,1.0,1,1.0,1,1.0,1,0.2134779349312102,58
4980,7,10411,4066,6345,0,0,0,1.0,1,1.0,1,1.0,1,0.2095283200301744,59
4981,6,10417,4067,6350,0,0,0,1.0,1,1.0,1,1.0,1,0.17109375203980318,60
4982,1,10418,4068,6350,0,0,0,1.0,1,1.0,1,1.0,1,0.16639565609371876,61
4983,0,10418,4068,6350,0,0,0,1.0,1,1.0,1,1.0,1,0.14884938839536946,61
4984,2,10420,4070,6350,0,0,0,1.0,1,1.0,1,1.0,1,0.17311177077940357,59
4985,2,10422,4071,6351,0,0,0,1.0,1,1.0,1,1.0,1,0.17064468962148338,58
4986,5,10427,4073,6354,0,0,0,1.0,1,1.0,1,1.0,1,0.1512355909226306,59
4987,1,10428,4074,6354,0,0,0,1.0,1,1.0,1,1.0,1,0.16477534750843056,58
4988,2,10430,4076,6354,0,0,0,1.0,1,1.0,1,1.0,1,0.1731469685735279,57
4989,2,10432,4077,6355,0,0,0,1.0,1,1.0,1,1.0,1,0.16841502990894028,54
4990,1,10433,4077,6356,0,0,0,1.0,1,1.0,1,1.0,1,0.16185062464183206,53
4991,3,10436,4080,6356,0,0,0,1.0,1,1.0,1,1.0,1,0.21520425594256182,52
4992,2,10438,4082,6356,0,0,0,1.0,1,1.0,1,1.0,1,0.23828502336858093,48
4993,4,10442,4084,6358,0,0,0,1.0,1,1.0,1,1.0,1,0.2503034549079285,48
4994,0,10442,4084,6358,0,0,0,1.0,1,1.0,1,1.0,1,0.24217179802274216,45
4995,1,10443,4085,6358,0,0,0,1.0,1,1.0,1,1.0,1,0.2770824867695025,45
4996,0,10443,4085,6358,0,0,0,1.0,1,1.0,1,1.0,1,0.21325890736078992,45
4997,1,10444,4086,6358,0,0,0,1.0,1,1.0,1,1.0,1,0.2624778809169262,42
4998,2,10446,4087,6359,0,0,0,1.0,1,1.0,1,1.0,1,0.2326319127334456,44
4999,2,10448,4089,6359,0,0,0,1.0,1,1.0,1,1.0,1,0.2921434087613632,44
5000,0,10448,4089,6359,0,0,0,1.0,1,1.0,1,1.0,1,0.2891420620314568,42
5001,0,10448,4089,6359,0,0,0,1.0,1,1.0,1,1.0,1,0.2823358865673916,42
5002,1,10449,4090,6359,0,0,0,1.0,1,1.0,1,1.0,1,0.27262160053558854,41
5003,0,10449,4090,6359,0,0,0,1.0,1,1.0,1,1.0,1,0.2984522368196737,41
5004,0,10449,4090,6359,0,0,0,1.0,1,1.0,1,1.0,1,0.30634592025723006,41
5005,0,10449,4090,6359,0,0,0,1.0,1,1.0,1,1.0,1,0.30634592025723006,41
5006,0,10449,4090,6359,0,0,0,1.0,1,1.0,1,1.0,1,0.291482481739903,42
5007,0,10449,4090,6359,0,0,0,1.0,1,1.0,1,1.0,1,0.2863777344678731,43
5008,1,10450,4091,6359,0,0,0,1.0,1,1.0,1,1.0,1,0.28177165448614633,46
5009,0,10450,4091,6359,0,0,0,1.0,1,1.0,1,1.0,1,0.28177165448614633,46
5010,0,10450,4091,6359,0,0,0,1.0,1,1.0,1,1.0,1,0.2919484675724364,46
5011,4,10454,4091,6363,0,0,0,1.0,1,1.0,1,1.0,1,0.23986376385262714,47
5012,1,10455,4092,6363,0,0,0,1.0,1,1.0,1,1.0,1,0.21828263688542504,48
5013,0,10455,4092,6363,0,0,0,1.0,1,1.0,1,1.0,1,0.21828263688542504,48
5014,1,10456,4092,6364,0,0,0,1.0,1,1.0,1,1.0,1,0.2094704872796118,49
5015,4,10460,4093,6367,0,0,0,1.0,1,1.0,1,1.0,1,0.1976386481679781,50
5016,4,10464,4095,6369,0,0,0,1.0,1,1.0,1,1.0,1,0.26011756339611025,51
5017,4,10468,4095,6373,0,0,0,1.0,1,1.0,1,1.0,1,0.24904184167538806,51
5018,3,10471,4096,6375,0,0,0,1.0,1,1.0,1,1.0,1,0.22214147526168024,51
5019,2,10473,4098,6375,0,0,0,1.0,1,1.0,1,1.0,1,0.2661496758309986,51
5020,1,10474,4098,6376,0,0,0,1.0,1,1.0,1,1.0,1,0.2747579753288403,51
5021,0,10474,4098,6376,0,0,0,1.0,1,1.0,1,1.0,1,0.28976623917413835,52
5022,2,10476,4100,6376,0,0,0,1.0,1,1.0,1,1.0,1,0.31450896451227917,52
5023,6,10482,4103,6379,0,0,0,1.0,1,1.0,1,1.0,1,0.31722996750928456,52
5024,2,10484,4105,6379,0,0,0,1.0,1,1.0,1,1.0,1,0.3068467984585246,51
5025,0,10484,4105,6379,0,0,0,1.0,1,1.0,1,1.0,1,0.30025243203649477,50
5026,2,10486,4105,6381,0,0,0,1.0,1,1.0,1,1.0,1,0.28047766288549036,49
5027,3,10489,4107,6382,0,0,0,1.0,1,1.0,1,1.0,1,0.32691690994517836,47
5028,4,10493,4109,6384,0,0,0,1.0,1,1.0,1,1.0,1,0.3529665086614152,47
5029,2,10495,4110,6385,0,0,0,1.0,1,1.0,1,1.0,1,0.3445804241002369,46
5030,2,10497,4111,6386,0,0,0,1.0,1,1.0,1,1.0,1,0.3492263268232694,48
5031,1,10498,4112,6386,0,0,0,1.0,1,1.0,1,1.0,1,0.3880592809572782,46
5032,0,10498,4112,6386,0,0,0,1.0,1,1.0,1,1.0,1,0.3880592809572782,46
5033,2,10500,4113,6387,0,0,0,1.0,1,1.0,1,1.0,1,0.39892190038951625,47
5034,0,10500,4113,6387,0,0,0,1.0,1,1.0,1,1.0,1,0.37021116539675253,48
5035,0,10500,4113,6387,0,0,0,1.0,1,1.0,1,1.0,1,0.36680201362781073,47
5036,1,10501,4114,6387,0,0,0,1.0,1,1.0,1,1.0,1,0.37485382503205733,47
5037,0,10501,4114,6387,0,0,0,1.0,1,1.0,1,1.0,1,0.38265438624463954,47
5038,5,10506,4115,6391,0,0,0,1.0,1,1.0,1,1.0,1,0.3257051717935492,48
5039,0,10506,4115,6391,0,0,0,1.0,1,1.0,1,1.0,1,0.3169495365385897,47
5040,0,10506,4115,6391,0,0,0,1.0,1,1.0,1,1.0,1,0.32143021967876123,48
5041,3,10509,4115,6394,0,0,0,1.0,1,1.0,1,1.0,1,0.24982238781632846,49
5042,0,10509,4115,6394,0,0,0,1.0,1,1.0,1,1.0,1,0.2645538602061787,50
5043,0,10509,4115,6394,0,0,0,1.0,1,1.0,1,1.0,1,0.24541530155493405,51
5044,0,10509,4115,6394,0,0,0,1.0,1,1.0,1,1.0,1,0.24541530155493405,51
5045,0,10509,4115,6394,0,0,0,1.0,1,1.0,1,1.0,1,0.24541530155493405,51
5046,1,10510,4116,6394,0,0,0,1.0,1,1.0,1,1.0,1,0.2717612295746841,52
5047,1,10511,4117,6394,0,0,0,1.0,1,1.0,1,1.0,1,0.28745642878976996,52
5048,1,10512,4117,6395,0,0,0,1.0,1,1.0,1,1.0,1,0.27517782148904935,52
5049,0,10512,4117,6395,0,0,0,1.0,1,1.0,1,1.0,1,0.3093401272979651,52
5050,5,10517,4118,6399,0,0,0,1.0,1,1.0,1,1.0,1,0.27646733264210493,55
5051,0,10517,4118,6399,0,0,0,1.0,1,1.0,1,1.0,1,0.28648403607207873,55
5052,0,10517,4118,6399,0,0,0,1.0,1,1.0,1,1.0,1,0.28648403607207873,55
5053,0,10517,4118,6399,0,0,0,1.0,1,1.0,1,1.0,1,0.30312529753915085,54
5054,4,10521,4120,6401,0,0,0,1.0,1,1.0,1,1.0,1,0.29065343823633544,54
5055,1,10522,4120,6402,0,0,0,1.0,1,1.0,1,1.0,1,0.2886727939371752,54
5056,1,10523,4120,6403,0,0,0,1.0,1,1.0,1,1.0,1,0.28132452579797323,55
5057,3,10526,4120,6406,0,0,0,1.0,1,1.0,1,1.0,1,0.27581433136782946,56
5058,4,10530,4120,6410,0,0,0,1.0,1,1.0,1,1.0,1,0.2322016735791176,58
5059,1,10531,4120,6411,0,0,0,1.0,1,1.0,1,1.0,1,0.22158050029792578,58
5060,4,10535,4122,6413,0,0,0,1.0,1,1.0,1,1.0,1,0.2564661618110192,59
5061,4,10539,4123,6416,0,0,0,1.0,1,1.0,1,1.0,1,0.2667412605331058,58
5062,6,10545,4124,6421,0,0,0,1.0,1,1.0,1,1.0,1,0.2595754259319562,58
5063,4,10549,4125,6424,0,0,0,1.0,1,1.0,1,1.0,1,0.2831325303019794,57
5064,1,10550,4125,6425,0,0,0,1.0,1,1.0,1,1.0,1,0.28918346499993036,57
5065,4,10554,4127,6427,0,0,0,1.0,1,1.0,1,1.0,1,0.3096090860859874,56
5066,3,10557,4129,6428,0,0,0,1.0,1,1.0,1,1.0,1,0.3334267724003775,55
5067,7,10564,4130,6434,0,0,0,1.0,1,1.0,1,1.0,1,0.2756454180292698,54
5068,2,10566,4131,6435,0,0,0,1.0,1,1.0,1,1.0,1,0.2559735021873402,54
5069,2,10568,4132,6436,0,0,0,1.0,1,1.0,1,1.0,1,0.2526323311583804,53
5070,1,10569,4133,6436,0,0,0,1.0,1,1.0,1,1.0,1,0.2939839459096568,53
5071,5,10574,4133,6441,0,0,0,1.0,1,1.0,1,1.0,1,0.22533631235961402,53
5072,1,10575,4134,6441,0,0,0,1.0,1,1.0,1,1.0,1,0.21697934942493155,53
5073,1,10576,4134,6442,0,0,0,1.0,1,1.0,1,1.0,1,0.22097888893542808,53
5074,0,10576,4134,6442,0,0,0,1.0,1,1.0,1,1.0,1,0.18961107724981235,52
5075,0,10576,4134,6442,0,0,0,1.0,1,1.0,1,1.0,1,0.18961107724981235,52
5076,4,10580,4135,6445,0,0,0,1.0,1,1.0,1,1.0,1,0.16816010022004893,55
5077,2,10582,4135,6447,0,0,0,1.0,1,1.0,1,1.0,1,0.19128455604542172,55
5078,0,10582,4135,6447,0,0,0,1.0,1,1.0,1,1.0,1,0.19128455604542172,55
5079,0,10582,4135,6447,0,0,0,1.0,1,1.0,1,1.0,1,0.20897602950383476,54
5080,1,10583,4136,6447,0,0,0,1.0,1,1.0,1,1.0,1,0.2137318377976927,55
5081,2,10585,4136,6449,0,0,0,1.0,1,1.0,1,1.0,1,0.17560424944700348,57
5082,1,10586,4136,6450,0,0,0,1.0,1,1.0,1,1.0,1,0.17020212946236954,57
5083,0,10586,4136,6450,0,0,0,1.0,1,1.0,1,1.0,1,0.18382425784407708,58
5084,2,10588,4136,6452,0,0,0,1.0,1,1.0,1,1.0,1,0.16644553028880765,58
5085,2,10590,4137,6453,0,0,0,1.0,1,1.0,1,1.0,1,0.21428058420231752,59
5086,1,10591,4137,6454,0,0,0,1.0,1,1.0,1,1.0,1,0.20852255584236576,60
5087,3,10594,4138,6456,0,0,0,1.0,1,1.0,1,1.0,1,0.1970215802330431,61
5088,2,10596,4138,6458,0,0,0,1.0,1,1.0,1,1.0,1,0.22521838486082546,62
5089,7,10603,4141,6462,0,0,0,1.0,1,1.0,1,1.0,1,0.24619247175157707,63
5090,5,10608,4141,6467,0,0,0,1.0,1,1.0,1,1.0,1,0.2324703206296507,63
5091,8,10616,4144,6472,0,0,0,1.0,1,1.0,1,1.0,1,0.25474890966953445,63
5092,3,10619,4144,6475,0,0,0,1.0,1,1.0,1,1.0,1,0.2611647734928203,63
5093,2,10621,4144,6477,0,0,0,1.0,1,1.0,1,1.0,1,0.2580898172738126,63
5094,4,10625,4145,6480,0,0,0,1.0,1,1.0,1,1.0,1,0.2406824125077381,64
5095,6,10631,4146,6485,0,0,0,1.0,1,1.0,1,1.0,1,0.2834933775919663,64
5096,14,10645,4148,6497,0,0,0,1.0,1,1.0,1,1.0,1,0.24863140073552215,67
5097,2,10647,4148,6499,0,0,0,1.0,1,1.0,1,1.0,1,0.24026519209267322,67
5098,5,10652,4148,6504,0,0,0,1.0,1,1.0,1,1.0,1,0.25061863587641514,68
5099,6,10658,4148,6510,0,0,0,1.0,1,1.0,1,1.0,1,0.20264207132011938,70
5100,4,10662,4148,6514,0,0,0,1.0,1,1.0,1,1.0,1,0.2171532196830688,71
5101,6,10668,4149,6519,0,0,0,1.0,1,1.0,1,1.0,1,0.1565935300924177,71
5102,5,10673,4152,6521,0,0,0,1.0,1,1.0,1,1.0,1,0.13867480645168767,70
5103,0,10673,4152,6521,0,0,0,1.0,1,1.0,1,1.0,1,0.12924016914871553,67
5104,4,10677,4155,6522,0,0,0,1.0,1,1.0,1,1.0,1,0.1710518536754469,67
5105,3,10680,4157,6523,0,0,0,1.0,1,1.0,1,1.0,1,0.1641643819235248,63
5106,3,10683,4160,6523,0,0,0,1.0,1,1.0,1,1.0,1,0.23541040183251136,63
5107,3,10686,4163,6523,0,0,0,1.0,1,1.0,1,1.0,1,0.24582255700859737,60
5108,4,10690,4166,6524,0,0,0,1.0,1,1.0,1,1.0,1,0.2562348262692614,56
5109,5,10695,4169,6526,0,0,0,1.0,1,1.0,1,1.0,1,0.2587335880358279,56
5110,2,10697,4171,6526,0,0,0,1.0,1,1.0,1,1.0,1,0.24328615364465261,52
5111,1,10698,4172,6526,0,0,0,1.0,1,1.0,1,1.0,1,0.28681694803473057,51
5112,1,10699,4173,6526,0,0,0,1.0,1,1.0,1,1.0,1,0.261932554747166,50
5113,3,10702,4176,6526,0,0,0,1.0,1,1.0,1,1.0,1,0.28742257257272147,48
5114,3,10705,4179,6526,0,0,0,1.0,1,1.0,1,1.0,1,0.25300986561768946,46
5115,0,10705,4179,6526,0,0,0,1.0,1,1.0,1,1.0,1,0.24798282290265325,44
5116,1,10706,4180,6526,0,0,0,1.0,1,1.0,1,1.0,1,0.24143067599760787,44
5117,0,10706,4180,6526,0,0,0,1.0,1,1.0,1,1.0,1,0.24617477023251982,46
5118,2,10708,4182,6526,0,0,0,1.0,1,1.0,1,1.0,1,0.24412747896454282,46
5119,2,10710,4184,6526,0,0,0,1.0,1,1.0,1,1.0,1,0.2929474320528935,46
5120,0,10710,4184,6526,0,0,0,1.0,1,1.0,1,1.0,1,0.2929474320528935,46
5121,2,10712,4186,6526,0,0,0,1.0,1,1.0,1,1.0,1,0.2783288151751976,46
5122,0,10712,4186,6526,0,0,0,1.0,1,1.0,1,1.0,1,0.2783288151751976,46
5123,2,10714,4187,6527,0,0,0,1.0,1,1.0,1,1.0,1,0.28460989198333303,45
5124,3,10717,4189,6528,0,0,0,1.0,1,1.0,1,1.0,1,0.2211260020174602,47
5125,2,10719,4189,6530,0,0,0,1.0,1,1.0,1,1.0,1,0.2137269242714859,50
5126,1,10720,4190,6530,0,0,0,1.0,1,1.0,1,1.0,1,0.21799831692699284,50
5127,0,10720,4190,6530,0,0,0,1.0,1,1.0,1,1.0,1,0.22371036839262995,52
5128,1,10721,4191,6530,0,0,0,1.0,1,1.0,1,1.0,1,0.2401766137381627,53
5129,3,10724,4191,6533,0,0,0,1.0,1,1.0,1,1.0,1,0.22529079561869614,55
5130,1,10725,4192,6533,0,0,0,1.0,1,1.0,1,1.0,1,0.2175456046231012,55
5131,3,10728,4192,6536,0,0,0,1.0,1,1.0,1,1.0,1,0.20287319983859878,54
5132,0,10728,4192,6536,0,0,0,1.0,1,1.0,1,1.0,1,0.21164674777397108,54
5133,0,10728,4192,6536,0,0,0,1.0,1,1.0,1,1.0,1,0.21164674777397108,54
5134,0,10728,4192,6536,0,0,0,1.0,1,1.0,1,1.0,1,0.2300967397572153,53
5135,3,10731,4192,6539,0,0,0,1.0,1,1.0,1,1.0,1,0.20316253500860063,54
5136,0,10731,4192,6539,0,0,0,1.0,1,1.0,1,1.0,1,0.2442733419501068,54
5137,0,10731,4192,6539,0,0,0,1.0,1,1.0,1,1.0,1,0.2442733419501068,54
5138,2,10733,4194,6539,0,0,0,1.0,1,1.0,1,1.0,1,0.24745972777559896,54
5139,1,10734,4195,6539,0,0,0,1.0,1,1.0,1,1.0,1,0.23978177185305544,55
5140,5,10739,4199,6540,0,0,0,1.0,1,1.0,1,1.0,1,0.25856367929371366,55
5141,7,10746,4201,6545,0,0,0,1.0,1,1.0,1,1.0,1,0.20776203482912736,53
5142,3,10749,4204,6545,0,0,0,1.0,1,1.0,1,1.0,1,0.24448116995369928,54
5143,3,10752,4207,6545,0,0,0,1.0,1,1.0,1,1.0,1,0.24414258428426913,52
5144,1,10753,4208,6545,0,0,0,1.0,1,1.0,1,1.0,1,0.22291702966872248,50
5145,1,10754,4209,6545,0,0,0,1.0,1,1.0,1,1.0,1,0.2390910497449365,49
5146,3,10757,4212,6545,0,0,0,1.0,1,1.0,1,1.0,1,0.29178132451376015,49
5147,1,10758,4213,6545,0,0,0,1.0,1,1.0,1,1.0,1,0.27232929312686954,46
5148,3,10761,4215,6546,0,0,0,1.0,1,1.0,1,1.0,1,0.3006979655501065,46
5149,0,10761,4215,6546,0,0,0,1.0,1,1.0,1,1.0,1,0.29396861969592036,45
5150,3,10764,4217,6547,0,0,0,1.0,1,1.0,1,1.0,1,0.30709758662182174,47
5151,1,10765,4218,6547,0,0,0,1.0,1,1.0,1,1.0,1,0.3095434539030223,46
5152,0,10765,4218,6547,0,0,0,1.0,1,1.0,1,1.0,1,0.3095434539030223,46
5153,2,10767,4220,6547,0,0,0,1.0,1,1.0,1,1.0,1,0.3178997637545694,45
5154,3,10770,4221,6549,0,0,0,1.0,1,1.0,1,1.0,1,0.3120947440165825,47
5155,3,10773,4223,6550,0,0,0,1.0,1,1.0,1,1.0,1,0.32761355080216636,47
5156,3,10776,4224,6552,0,0,0,1.0,1,1.0,1,1.0,1,0.29358504773356114,47
5157,1,10777,4225,6552,0,0,0,1.0,1,1.0,1,1.0,1,0.27544184973658775,46
5158,0,10777,4225,6552,0,0,0,1.0,1,1.0,1,1.0,1,0.2797986665548763,47
5159,1,10778,4225,6553,0,0,0,1.0,1,1.0,1,1.0,1,0.280713161763455,49
5160,0,10778,4225,6553,0,0,0,1.0,1,1.0,1,1.0,1,0.29859598278528166,48
5161,2,10780,4225,6555,0,0,0,1.0,1,1.0,1,1.0,1,0.2712209546185051,48
5162,1,10781,4225,6556,0,0,0,1.0,1,1.0,1,1.0,1,0.26160139651303727,49
5163,3,10784,4225,6559,0,0,0,1.0,1,1.0,1,1.0,1,0.2276517792619996,51
5164,0,10784,4225,6559,0,0,0,1.0,1,1.0,1,1.0,1,0.2276517792619996,51
5165,2,10786,4225,6561,0,0,0,1.0,1,1.0,1,1.0,1,0.22982426504394812,52
5166,4,10790,4227,6563,0,0,0,1.0,1,1.0,1,1.0,1,0.1972531657419006,52
5167,3,10793,4229,6564,0,0,0,1.0,1,1.0,1,1.0,1,0.1931218401995486,52
5168,0,10793,4229,6564,0,0,0,1.0,1,1.0,1,1.0,1,0.1931218401995486,52
5169,3,10796,4231,6565,0,0,0,1.0,1,1.0,1,1.0,1,0.1971701432876447,53
5170,0,10796,4231,6565,0,0,0,1.0,1,1.0,1,1.0,1,0.1971701432876447,53
5171,0,10796,4231,6565,0,0,0,1.0,1,1.0,1,1.0,1,0.22108568774764295,52
5172,1,10797,4232,6565,0,0,0,1.0,1,1.0,1,1.0,1,0.21894271660526282,53
5173,4,10801,4232,6569,0,0,0,1.0,1,1.0,1,1.0,1,0.1602186207508638,54
5174,2,10803,4233,6570,0,0,0,1.0,1,1.0,1,1.0,1,0.19444491083227364,56
5175,6,10809,4234,6575,0,0,0,1.0,1,1.0,1,1.0,1,0.16558329218757112,58
5176,4,10813,4235,6578,0,0,0,1.0,1,1.0,1,1.0,1,0.14006729231710813,58
5177,1,10814,4235,6579,0,0,0,1.0,1,1.0,1,1.0,1,0.13669008772702743,59
5178,3,10817,4238,6579,0,0,0,1.0,1,1.0,1,1.0,1,0.1340322627189543,57
5179,1,10818,4238,6580,0,0,0,1.0,1,1.0,1,1.0,1,0.15647461155868808,58
5180,2,10820,4239,6581,0,0,0,1.0,1,1.0,1,1.0,1,0.12330161174750229,56
5181,0,10820,4239,6581,0,0,0,1.0,1,1.0,1,1.0,1,0.11390562119255408,57
5182,2,10822,4241,6581,0,0,0,1.0,1,1.0,1,1.0,1,0.12181176534147727,56
5183,4,10826,4244,6582,0,0,0,1.0,1,1.0,1,1.0,1,0.16457056823887511,57
5184,5,10831,4246,6585,0,0,0,1.0,1,1.0,1,1.0,1,0.16483378865676046,56
5185,4,10835,4247,6588,0,0,0,1.0,1,1.0,1,1.0,1,0.17286925318645407,56
5186,3,10838,4249,6589,0,0,0,1.0,1,1.0,1,1.0,1,0.20596522415293622,54
5187,0,10838,4249,6589,0,0,0,1.0,1,1.0,1,1.0,1,0.20036696670125062,51
5188,1,10839,4250,6589,0,0,0,1.0,1,1.0,1,1.0,1,0.21273599842437443,50
5189,4,10843,4250,6593,0,0,0,1.0,1,1.0,1,1.0,1,0.14111330243947132,49
5190,0,10843,4250,6593,0,0,0,1.0,1,1.0,1,1.0,1,0.1597928676788073,50
5191,1,10844,4250,6594,0,0,0,1.0,1,1.0,1,1.0,1,0.12595392096746694,50
5192,2,10846,4251,6595,0,0,0,1.0,1,1.0,1,1.0,1,0.11517372672013404,49
5193,0,10846,4251,6595,0,0,0,1.0,1,1.0,1,1.0,1,0.13452886234107733,50
5194,4,10850,4252,6598,0,0,0,1.0,1,1.0,1,1.0,1,0.12942442791492942,51
5195,2,10852,4253,6599,0,0,0,1.0,1,1.0,1,1.0,1,0.15825768278098362,51
5196,1,10853,4253,6600,0,0,0,1.0,1,1.0,1,1.0,1,0.1635950248356843,51
5197,2,10855,4253,6602,0,0,0,1.0,1,1.0,1,1.0,1,0.1635950248356843,51
5198,2,10857,4253,6604,0,0,0,1.0,1,1.0,1,1.0,1,0.1635950248356843,51
5199,2,10859,4253,6606,0,0,0,1.0,1,1.0,1,1.0,1,0.14842175207747912,54
5200,3,10862,4254,6608,0,0,0,1.0,1,1.0,1,1.0,1,0.13224753725487084,54
5201,3,10865,4256,6609,0,0,0,1.0,1,1.0,1,1.0,1,0.15352489616174006,55
5202,1,10866,4256,6610,0,0,0,1.0,1,1.0,1,1.0,1,0.1538999063674832,56
5203,1,10867,4257,6610,0,0,0,1.0,1,1.0,1,1.0,1,0.13469374642894785,56
5204,0,10867,4257,6610,0,0,0,1.0,1,1.0,1,1.0,1,0.14265667613402327,58
5205,0,10867,4257,6610,0,0,0,1.0,1,1.0,1,1.0,1,0.14265667613402327,58
5206,0,10867,4257,6610,0,0,0,1.0,1,1.0,1,1.0,1,0.14265667613402327,58
5207,4,10871,4258,6613,0,0,0,1.0,1,1.0,1,1.0,1,0.12824375477963657,59
5208,2,10873,4258,6615,0,0,0,1.0,1,1.0,1,1.0,1,0.1406835021584375,58
5209,2,10875,4258,6617,0,0,0,1.0,1,1.0,1,1.0,1,0.1406835021584375,58
5210,1,10876,4258,6618,0,0,0,1.0,1,1.0,1,1.0,1,0.1638432604790582,57
5211,1,10877,4259,6618,0,0,0,1.0,1,1.0,1,1.0,1,0.19478824305165335,57
5212,5,10882,4259,6623,0,0,0,1.0,1,1.0,1,1.0,1,0.18460517048263944,59
5213,2,10884,4261,6623,0,0,0,1.0,1,1.0,1,1.0,1,0.2138558884815246,59
5214,1,10885,4261,6624,0,0,0,1.0,1,1.0,1,1.0,1,0.2212077663702722,59
5215,2,10887,4263,6624,0,0,0,1.0,1,1.0,1,1.0,1,0.25870937002161654,58
5216,0,10887,4263,6624,0,0,0,1.0,1,1.0,1,1.0,1,0.2413489097647116,59
5217,5,10892,4267,6625,0,0,0,1.0,1,1.0,1,1.0,1,0.22575786244258966,58
5218,8,10900,4271,6629,0,0,0,1.0,1,1.0,1,1.0,1,0.2637332678151411,58
5219,2,10902,4271,6631,0,0,0,1.0,1,1.0,1,1.0,1,0.21978899118696907,57
5220,1,10903,4271,6632,0,0,0,1.0,1,1.0,1,1.0,1,0.2200656195446199,56
5221,4,10907,4273,6634,0,0,0,1.0,1,1.0,1,1.0,1,0.2483174112497784,58
5222,4,10911,4275,6636,0,0,0,1.0,1,1.0,1,1.0,1,0.19439476598945496,56
5223,3,10914,4277,6637,0,0,0,1.0,1,1.0,1,1.0,1,0.2576497583792488,55
5224,1,10915,4278,6637,0,0,0,1.0,1,1.0,1,1.0,1,0.2650157063460965,56
5225,1,10916,4278,6638,0,0,0,1.0,1,1.0,1,1.0,1,0.25491616008528256,55
5226,1,10917,4279,6638,0,0,0,1.0,1,1.0,1,1.0,1,0.25758866861905494,55
5227,0,10917,4279,6638,0,0,0,1.0,1,1.0,1,1.0,1,0.2507892213006375,53
5228,1,10918,4280,6638,0,0,0,1.0,1,1.0,1,1.0,1,0.2368026919161955,51
5229,3,10921,4281,6640,0,0,0,1.0,1,1.0,1,1.0,1,0.23697361530832553,51
5230,0,10921,4281,6640,0,0,0,1.0,1,1.0,1,1.0,1,0.23616716351595554,51
5231,2,10923,4282,6641,0,0,0,1.0,1,1.0,1,1.0,1,0.2612801581002844,52
5232,3,10926,4284,6642,0,0,0,1.0,1,1.0,1,1.0,1,0.29318973324022257,52
5233,2,10928,4284,6644,0,0,0,1.0,1,1.0,1,1.0,1,0.2764384165496876,53
5234,1,10929,4285,6644,0,0,0,1.0,1,1.0,1,1.0,1,0.305733468221433,53
5235,2,10931,4286,6645,0,0,0,1.0,1,1.0,1,1.0,1,0.31737149959020844,53
5236,2,10933,4288,6645,0,0,0,1.0,1,1.0,1,1.0,1,0.327801586244011,52
5237,0,10933,4288,6645,0,0,0,1.0,1,1.0,1,1.0,1,0.35105430514843605,52
5238,3,10936,4290,6646,0,0,0,1.0,1,1.0,1,1.0,1,0.3434964887939065,52
5239,1,10937,4290,6647,0,0,0,1.0,1,1.0,1,1.0,1,0.33963551328193986,51
5240,5,10942,4291,6651,0,0,0,1.0,1,1.0,1,1.0,1,0.3239655227278313,53
5241,0,10942,4291,6651,0,0,0,1.0,1,1.0,1,1.0,1,0.3392560910442641,53
5242,1,10943,4291,6652,0,0,0,1.0,1,1.0,1,1.0,1,0.3485005418938815,51
5243,2,10945,4293,6652,0,0,0,1.0,1,1.0,1,1.0,1,0.40002062662159693,51
5244,5,10950,4296,6654,0,0,0,1.0,1,1.0,1,1.0,1,0.3604822724795635,52
5245,2,10952,4297,6655,0,0,0,1.0,1,1.0,1,1.0,1,0.3572776895557994,53
5246,2,10954,4299,6655,0,0,0,1.0,1,1.0,1,1.0,1,0.360635676912514,53
5247,2,10956,4300,6656,0,0,0,1.0,1,1.0,1,1.0,1,0.3743099830406928,54
5248,1,10957,4301,6656,0,0,0,1.0,1,1.0,1,1.0,1,0.3581551676221403,54
5249,1,10958,4302,6656,0,0,0,1.0,1,1.0,1,1.0,1,0.34566527414156334,55
5250,3,10961,4302,6659,0,0,0,1.0,1,1.0,1,1.0,1,0.3408524324608981,57
5251,9,10970,4302,6668,0,0,0,1.0,1,1.0,1,1.0,1,0.19948675644674918,58
5252,1,10971,4303,6668,0,0,0,1.0,1,1.0,1,1.0,1,0.20345354565912543,58
5253,2,10973,4305,6668,0,0,0,1.0,1,1.0,1,1.0,1,0.2339693848891091,58
5254,0,10973,4305,6668,0,0,0,1.0,1,1.0,1,1.0,1,0.24720561125079835,59
5255,3,10976,4308,6668,0,0,0,1.0,1,1.0,1,1.0,1,0.25869198447210806,58
5256,2,10978,4308,6670,0,0,0,1.0,1,1.0,1,1.0,1,0.23741809467018635,58
5257,2,10980,4308,6672,0,0,0,1.0,1,1.0,1,1.0,1,0.2097117146339802,57
5258,0,10980,4308,6672,0,0,0,1.0,1,1.0,1,1.0,1,0.20672412925193534,55
5259,1,10981,4309,6672,0,0,0,1.0,1,1.0,1,1.0,1,0.2183457322266685,56
5260,0,10981,4309,6672,0,0,0,1.0,1,1.0,1,1.0,1,0.22068450950952936,55
5261,0,10981,4309,6672,0,0,0,1.0,1,1.0,1,1.0,1,0.232230503173817,54
5262,0,10981,4309,6672,0,0,0,1.0,1,1.0,1,1.0,1,0.232230503173817,54
5263,3,10984,4311,6673,0,0,0,1.0,1,1.0,1,1.0,1,0.22185908185392586,55
5264,2,10986,4313,6673,0,0,0,1.0,1,1.0,1,1.0,1,0.23072853534834928,53
5265,5,10991,4317,6674,0,0,0,1.0,1,1.0,1,1.0,1,0.26149929195880856,52
5266,2,10993,4318,6675,0,0,0,1.0,1,1.0,1,1.0,1,0.26963959700919454,49
5267,4,10997,4321,6676,0,0,0,1.0,1,1.0,1,1.0,1,0.27715714528131663,49
5268,0,10997,4321,6676,0,0,0,1.0,1,1.0,1,1.0,1,0.28374644459219095,46
5269,1,10998,4322,6676,0,0,0,1.0,1,1.0,1,1.0,1,0.28140856664540836,45
5270,1,10999,4322,6677,0,0,0,1.0,1,1.0,1,1.0,1,0.28304227908018054,46
5271,6,11005,4328,6677,0,0,0,1.0,1,1.0,1,1.0,1,0.33145325183544544,46
5272,0,11005,4328,6677,0,0,0,1.0,1,1.0,1,1.0,1,0.32212629827100236,45
5273,5,11010,4331,6679,0,0,0,1.0,1,1.0,1,1.0,1,0.2557651464310274,45
5274,0,11010,4331,6679,0,0,0,1.0,1,1.0,1,1.0,1,0.24351436379640995,45
5275,2,11012,4333,6679,0,0,0,1.0,1,1.0,1,1.0,1,0.2919562869194633,46
5276,5,11017,4336,6681,0,0,0,1.0,1,1.0,1,1.0,1,0.30363069522445557,45
5277,1,11018,4337,6681,0,0,0,1.0,1,1.0,1,1.0,1,0.31306050917288963,45
5278,2,11020,4338,6682,0,0,0,1.0,1,1.0,1,1.0,1,0.3009953325219552,44
5279,0,11020,4338,6682,0,0,0,1.0,1,1.0,1,1.0,1,0.2953197096915603,45
5280,0,11020,4338,6682,0,0,0,1.0,1,1.0,1,1.0,1,0.2981294665789983,46
5281,5,11025,4338,6687,0,0,0,1.0,1,1.0,1,1.0,1,0.22690965798127,46
5282,0,11025,4338,6687,0,0,0,1.0,1,1.0,1,1.0,1,0.2372618532700994,47
5283,3,11028,4338,6690,0,0,0,1.0,1,1.0,1,1.0,1,0.21429937071386398,48
5284,0,11028,4338,6690,0,0,0,1.0,1,1.0,1,1.0,1,0.21429937071386398,48
5285,0,11028,4338,6690,0,0,0,1.0,1,1.0,1,1.0,1,0.20081279073609493,48
5286,2,11030,4338,6692,0,0,0,1.0,1,1.0,1,1.0,1,0.14560398484090276,50
5287,0,11030,4338,6692,0,0,0,1.0,1,1.0,1,1.0,1,0.14560398484090276,50
5288,2,11032,4338,6694,0,0,0,1.0,1,1.0,1,1.0,1,0.12490687534780559,51
5289,0,11032,4338,6694,0,0,0,1.0,1,1.0,1,1.0,1,0.12490687534780559,51
5290,0,11032,4338,6694,0,0,0,1.0,1,1.0,1,1.0,1,0.13319473714364852,52
5291,1,11033,4339,6694,0,0,0,1.0,1,1.0,1,1.0,1,0.1838733398285837,52
5292,1,11034,4339,6695,0,0,0,1.0,1,1.0,1,1.0,1,0.18058754093657758,53
5293,1,11035,4340,6695,0,0,0,1.0,1,1.0,1,1.0,1,0.23747336856621606,51
5294,2,11037,4341,6696,0,0,0,1.0,1,1.0,1,1.0,1,0.2567287618963161,50
5295,1,11038,4341,6697,0,0,0,1.0,1,1.0,1,1.0,1,0.29228850467372075,49
5296,2,11040,4343,6697,0,0,0,1.0,1,1.0,1,1.0,1,0.3128571745242475,48
5297,1,11041,4343,6698,0,0,0,1.0,1,1.0,1,1.0,1,0.34387940701429026,46
5298,6,11047,4343,6704,0,0,0,1.0,1,1.0,1,1.0,1,0.3213547161322122,46
5299,1,11048,4343,6705,0,0,0,1.0,1,1.0,1,1.0,1,0.3272383345761212,47
5300,1,11049,4343,6706,0,0,0,1.0,1,1.0,1,1.0,1,0.30061425888613474,48
5301,2,11051,4343,6708,0,0,0,1.0,1,1.0,1,1.0,1,0.30022005031170845,48
5302,4,11055,4345,6710,0,0,0,1.0,1,1.0,1,1.0,1,0.31373635086489593,49
5303,2,11057,4346,6711,0,0,0,1.0,1,1.0,1,1.0,1,0.2992927255027895,48
5304,1,11058,4346,6712,0,0,0,1.0,1,1.0,1,1.0,1,0.30188163123615536,48
5305,1,11059,4347,6712,0,0,0,1.0,1,1.0,1,1.0,1,0.306499419096523,47
5306,5,11064,4349,6715,0,0,0,1.0,1,1.0,1,1.0,1,0.2844262572803678,48
5307,0,11064,4349,6715,0,0,0,1.0,1,1.0,1,1.0,1,0.29129358194548743,48
5308,1,11065,4350,6715,0,0,0,1.0,1,1.0,1,1.0,1,0.29808365799577646,47
5309,2,11067,4351,6716,0,0,0,1.0,1,1.0,1,1.0,1,0.313961155570316,46
5310,4,11071,4352,6719,0,0,0,1.0,1,1.0,1,1.0,1,0.30191442637570864,46
5311,3,11074,4353,6721,0,0,0,1.0,1,1.0,1,1.0,1,0.28432479101376384,46
5312,3,11077,4354,6723,0,0,0,1.0,1,1.0,1,1.0,1,0.2964252027713993,46
5313,0,11077,4354,6723,0,0,0,1.0,1,1.0,1,1.0,1,0.29929345160576065,46
5314,0,11077,4354,6723,0,0,0,1.0,1,1.0,1,1.0,1,0.29929345160576065,46
5315,6,11083,4356,6727,0,0,0,1.0,1,1.0,1,1.0,1,0.336279361303261,47
5316,5,11088,4356,6732,0,0,0,1.0,1,1.0,1,1.0,1,0.2744381986163773,48
5317,0,11088,4356,6732,0,0,0,1.0,1,1.0,1,1.0,1,0.2773771471557133,49
5318,6,11094,4359,6735,0,0,0,1.0,1,1.0,1,1.0,1,0.21108206826167616,49
5319,4,11098,4361,6737,0,0,0,1.0,1,1.0,1,1.0,1,0.203808415925342,50
5320,4,11102,4362,6740,0,0,0,1.0,1,1.0,1,1.0,1,0.19824149419266746,51
5321,2,11104,4362,6742,0,0,0,1.0,1,1.0,1,1.0,1,0.1887035680558107,52
5322,0,11104,4362,6742,0,0,0,1.0,1,1.0,1,1.0,1,0.20103438432286913,53
5323,1,11105,4362,6743,0,0,0,1.0,1,1.0,1,1.0,1,0.15785650166482687,53
5324,3,11108,4364,6744,0,0,0,1.0,1,1.0,1,1.0,1,0.17712016585778853,55
5325,2,11110,4365,6745,0,0,0,1.0,1,1.0,1,1.0,1,0.1866567470544536,55
5326,0,11110,4365,6745,0,0,0,1.0,1,1.0,1,1.0,1,0.1866567470544536,55
5327,0,11110,4365,6745,0,0,0,1.0,1,1.0,1,1.0,1,0.1971500954742239,56
5328,4,11114,4366,6748,0,0,0,1.0,1,1.0,1,1.0,1,0.1863116865632667,57
5329,1,11115,4367,6748,0,0,0,1.0,1,1.0,1,1.0,1,0.20820460584773867,57
5330,2,11117,4368,6749,0,0,0,1.0,1,1.0,1,1.0,1,0.1992984733666295,56
5331,0,11117,4368,6749,0,0,0,1.0,1,1.0,1,1.0,1,0.2056054152285041,57
5332,0,11117,4368,6749,0,0,0,1.0,1,1.0,1,1.0,1,0.19869496533931938,58
5333,1,11118,4368,6750,0,0,0,1.0,1,1.0,1,1.0,1,0.2019794728070142,59
5334,2,11120,4369,6751,0,0,0,1.0,1,1.0,1,1.0,1,0.2041457510789497,59
5335,2,11122,4369,6753,0,0,0,1.0,1,1.0,1,1.0,1,0.21906348917676394,58
5336,0,11122,4369,6753,0,0,0,1.0,1,1.0,1,1.0,1,0.2153168881903924,59
5337,0,11122,4369,6753,0,0,0,1.0,1,1.0,1,1.0,1,0.22185966252209322,60
5338,0,11122,4369,6753,0,0,0,1.0,1,1.0,1,1.0,1,0.22185966252209322,60
5339,0,11122,4369,6753,0,0,0,1.0,1,1.0,1,1.0,1,0.22185966252209322,60
5340,4,11126,4371,6755,0,0,0,1.0,1,1.0,1,1.0,1,0.2398340920140571,60
5341,5,11131,4373,6758,0,0,0,1.0,1,1.0,1,1.0,1,0.2257260569345131,61
5342,3,11134,4375,6759,0,0,0,1.0,1,1.0,1,1.0,1,0.2590223603307925,59
5343,4,11138,4376,6762,0,0,0,1.0,1,1.0,1,1.0,1,0.24420651327867546,58
5344,4,11142,4378,6764,0,0,0,1.0,1,1.0,1,1.0,1,0.282854413374592,58
5345,4,11146,4382,6764,0,0,0,1.0,1,1.0,1,1.0,1,0.24146624416230342,54
5346,0,11146,4382,6764,0,0,0,1.0,1,1.0,1,1.0,1,0.24146624416230342,54
5347,5,11151,4387,6764,0,0,0,1.0,1,1.0,1,1.0,1,0.21133530474178766,54
5348,1,11152,4388,6764,0,0,0,1.0,1,1.0,1,1.0,1,0.23956744265253074,55
5349,5,11157,4389,6768,0,0,0,1.0,1,1.0,1,1.0,1,0.19226135696418106,56
5350,1,11158,4390,6768,0,0,0,1.0,1,1.0,1,1.0,1,0.20398119491710245,56
5351,0,11158,4390,6768,0,0,0,1.0,1,1.0,1,1.0,1,0.1886404707052992,57
5352,3,11161,4392,6769,0,0,0,1.0,1,1.0,1,1.0,1,0.20369741004012407,57
5353,1,11162,4393,6769,0,0,0,1.0,1,1.0,1,1.0,1,0.20081662196705063,57
5354,1,11163,4394,6769,0,0,0,1.0,1,1.0,1,1.0,1,0.19168133810990565,56
5355,0,11163,4394,6769,0,0,0,1.0,1,1.0,1,1.0,1,0.17576511175743914,57
5356,0,11163,4394,6769,0,0,0,1.0,1,1.0,1,1.0,1,0.1882084099410171,56
5357,2,11165,4394,6771,0,0,0,1.0,1,1.0,1,1.0,1,0.1928975166402309,56
5358,1,11166,4394,6772,0,0,0,1.0,1,1.0,1,1.0,1,0.18983674345600116,57
5359,2,11168,4394,6774,0,0,0,1.0,1,1.0,1,1.0,1,0.1862302970595054,57
5360,0,11168,4394,6774,0,0,0,1.0,1,1.0,1,1.0,1,0.20910608328658453,55
5361,1,11169,4395,6774,0,0,0,1.0,1,1.0,1,1.0,1,0.2436975701594689,56
5362,1,11170,4396,6774,0,0,0,1.0,1,1.0,1,1.0,1,0.2464798768709233,57
5363,0,11170,4396,6774,0,0,0,1.0,1,1.0,1,1.0,1,0.2464798768709233,57
5364,3,11173,4396,6777,0,0,0,1.0,1,1.0,1,1.0,1,0.222661855047688,58
5365,0,11173,4396,6777,0,0,0,1.0,1,1.0,1,1.0,1,0.23384675130701227,59
5366,1,11174,4397,6777,0,0,0,1.0,1,1.0,1,1.0,1,0.23328261516295284,60
5367,1,11175,4398,6777,0,0,0,1.0,1,1.0,1,1.0,1,0.25674169147079556,60
5368,0,11175,4398,6777,0,0,0,1.0,1,1.0,1,1.0,1,0.2516754664200316,58
5369,1,11176,4398,6778,0,0,0,1.0,1,1.0,1,1.0,1,0.2432726572885136,58
5370,2,11178,4400,6778,0,0,0,1.0,1,1.0,1,1.0,1,0.2379282090493899,57
5371,4,11182,4401,6781,0,0,0,1.0,1,1.0,1,1.0,1,0.2120118334998202,56
5372,2,11184,4403,6781,0,0,0,1.0,1,1.0,1,1.0,1,0.2449316920701016,55
5373,6,11190,4406,6784,0,0,0,1.0,1,1.0,1,1.0,1,0.2542351232212357,54
5374,0,11190,4406,6784,0,0,0,1.0,1,1.0,1,1.0,1,0.24045024586972988,53
5375,2,11192,4407,6785,0,0,0,1.0,1,1.0,1,1.0,1,0.2740769171842681,52
5376,1,11193,4407,6786,0,0,0,1.0,1,1.0,1,1.0,1,0.24541120579695855,52
5377,1,11194,4408,6786,0,0,0,1.0,1,1.0,1,1.0,1,0.27517040181785535,51
5378,2,11196,4409,6787,0,0,0,1.0,1,1.0,1,1.0,1,0.28580398592358214,52
5379,1,11197,4409,6788,0,0,0,1.0,1,1.0,1,1.0,1,0.2955928008188113,50
5380,2,11199,4410,6789,0,0,0,1.0,1,1.0,1,1.0,1,0.30699346582821285,51
5381,2,11201,4412,6789,0,0,0,1.0,1,1.0,1,1.0,1,0.3003447248665618,50
5382,2,11203,4413,6790,0,0,0,1.0,1,1.0,1,1.0,1,0.2444302067089895,48
5383,1,11204,4413,6791,0,0,0,1.0,1,1.0,1,1.0,1,0.22368726111906861,48
5384,0,11204,4413,6791,0,0,0,1.0,1,1.0,1,1.0,1,0.22368726111906861,48
5385,1,11205,4413,6792,0,0,0,1.0,1,1.0,1,1.0,1,0.22281635092561916,47
5386,3,11208,4415,6793,0,0,0,1.0,1,1.0,1,1.0,1,0.21170647564965953,48
5387,0,11208,4415,6793,0,0,0,1.0,1,1.0,1,1.0,1,0.2134365345205447,48
5388,3,11211,4416,6795,0,0,0,1.0,1,1.0,1,1.0,1,0.2196756821793409,48
5389,2,11213,4418,6795,0,0,0,1.0,1,1.0,1,1.0,1,0.24318089114519775,50
5390,3,11216,4419,6797,0,0,0,1.0,1,1.0,1,1.0,1,0.24126866886145984,52
5391,3,11219,4421,6798,0,0,0,1.0,1,1.0,1,1.0,1,0.2362480527592347,52
5392,1,11220,4421,6799,0,0,0,1.0,1,1.0,1,1.0,1,0.23857658002421778,51
5393,2,11222,4423,6799,0,0,0,1.0,1,1.0,1,1.0,1,0.2720379553022691,50
5394,0,11222,4423,6799,0,0,0,1.0,1,1.0,1,1.0,1,0.27175287055358055,50
5395,2,11224,4425,6799,0,0,0,1.0,1,1.0,1,1.0,1,0.3282594784250215,49
5396,3,11227,4427,6800,0,0,0,1.0,1,1.0,1,1.0,1,0.3374704191657838,48
5397,2,11229,4429,6800,0,0,0,1.0,1,1.0,1,1.0,1,0.35216421483908533,48
5398,2,11231,4429,6802,0,0,0,1.0,1,1.0,1,1.0,1,0.3689483879741646,46
5399,2,11233,4431,6802,0,0,0,1.0,1,1.0,1,1.0,1,0.37377404239961515,46
5400,2,11235,4433,6802,0,0,0,1.0,1,1.0,1,1.0,1,0.39802382681850246,48
5401,10,11245,4433,6812,0,0,0,1.0,1,1.0,1,1.0,1,0.23192473152280366,49
5402,0,11245,4433,6812,0,0,0,1.0,1,1.0,1,1.0,1,0.0,0
