,SuccessfulHandoverCount,TotalSuccessfulHandoverCount,TotalSuccessfulHandoverCountRange,TotalSuccessfulHandoverCountLoadBalancing,TotalSuccessfulHandoverCountOverload,FailedHandoverCount,TotalFailedHandoverCount,AvgQoS,MinQoS,AvgQoS_LoadBased,MinQoS_LoadBased,AvgQoS_RangeBased,MinQoS_RangeBased,GiniLoad,VehicleCount
0,0,0,0,0,0,0,0,1.0,1.0,1.0,1.0,1.0,1,0.0,0
1,9,9,9,0,0,0,0,1.0,1.0,1.0,1.0,1.0,1,0.14974825838190967,26
2,2,11,11,0,0,0,0,1.0,1.0,1.0,1.0,1.0,1,0.07545760099869835,27
3,3,14,14,0,0,0,0,1.0,1.0,1.0,1.0,1.0,1,0.18066073185369078,28
4,6,20,20,0,0,0,0,1.0,1.0,1.0,1.0,1.0,1,0.1557254010051947,29
5,4,24,24,0,0,0,0,1.0,1.0,1.0,1.0,1.0,1,0.13322586114113916,29
6,3,27,27,0,0,0,0,1.0,1.0,1.0,1.0,1.0,1,0.16360940908192506,32
7,1,28,28,0,0,0,0,1.0,1.0,1.0,1.0,1.0,1,0.15308377587863334,33
8,4,32,32,0,0,0,0,1.0,1.0,1.0,1.0,1.0,1,0.1594511934088826,35
9,1,33,33,0,0,0,0,1.0,1.0,1.0,1.0,1.0,1,0.19238648937341749,35
10,4,37,37,0,0,0,0,1.0,1.0,1.0,1.0,1.0,1,0.24704847142283717,35
11,1,38,38,0,0,0,0,1.0,1.0,1.0,1.0,1.0,1,0.20084348416374606,35
12,1,39,39,0,0,0,0,1.0,1.0,1.0,1.0,1.0,1,0.13908608578853673,34
13,2,41,41,0,0,0,0,1.0,1.0,1.0,1.0,1.0,1,0.1133367360099549,32
14,2,43,43,0,0,0,0,1.0,1.0,1.0,1.0,1.0,1,0.23779074852787901,31
15,1,44,44,0,0,0,0,1.0,1.0,1.0,1.0,1.0,1,0.19056177323508897,30
16,4,48,48,0,0,0,0,1.0,1.0,1.0,1.0,1.0,1,0.12397907513000578,30
17,0,48,48,0,0,0,0,1.0,1.0,1.0,1.0,1.0,1,0.1188970058370888,29
18,2,50,50,0,0,0,0,1.0,1.0,1.0,1.0,1.0,1,0.13832403902150922,29
19,3,53,53,0,0,0,0,1.0,1.0,1.0,1.0,1.0,1,0.1508305475866249,28
20,1,54,54,0,0,0,0,1.0,1.0,1.0,1.0,1.0,1,0.1419829890766286,28
21,4,58,58,0,0,0,0,1.0,1.0,1.0,1.0,1.0,1,0.24608097066721524,28
22,3,61,61,0,0,0,0,1.0,1.0,1.0,1.0,1.0,1,0.2593025970731889,28
23,7,68,68,0,0,0,0,1.0,1.0,1.0,1.0,1.0,1,0.31667538987325394,27
24,3,71,71,0,0,0,0,1.0,1.0,1.0,1.0,1.0,1,0.2164314631605885,28
25,2,73,73,0,0,0,0,1.0,1.0,1.0,1.0,1.0,1,0.056164643070423556,28
26,3,76,76,0,0,0,0,1.0,1.0,1.0,1.0,1.0,1,0.15412673022007384,30
27,1,77,77,0,0,0,0,1.0,1.0,1.0,1.0,1.0,1,0.1351854438846335,30
28,0,77,77,0,0,0,0,1.0,1.0,1.0,1.0,1.0,1,0.12604971550020075,31
29,0,77,77,0,0,0,0,1.0,1.0,1.0,1.0,1.0,1,0.12317352849810805,30
30,1,78,78,0,0,0,0,1.0,1.0,1.0,1.0,1.0,1,0.1090250509414233,30
31,2,80,80,0,0,0,0,1.0,1.0,1.0,1.0,1.0,1,0.0846735338787698,31
32,1,81,81,0,0,0,0,1.0,1.0,1.0,1.0,1.0,1,0.12200130550018093,31
33,4,85,85,0,0,0,0,1.0,1.0,1.0,1.0,1.0,1,0.0489396620471213,31
34,2,87,87,0,0,0,0,1.0,1.0,1.0,1.0,1.0,1,0.15492543420212615,29
35,5,92,92,0,0,0,0,1.0,1.0,1.0,1.0,1.0,1,0.14945427288317575,30
36,0,92,92,0,0,0,0,1.0,1.0,1.0,1.0,1.0,1,0.16925863673703004,30
37,3,95,95,0,0,0,0,1.0,1.0,1.0,1.0,1.0,1,0.1817342217294799,31
38,1,96,96,0,0,0,0,1.0,1.0,1.0,1.0,1.0,1,0.17953249060495916,32
39,1,97,97,0,0,0,0,1.0,1.0,1.0,1.0,1.0,1,0.136244264432903,36
40,0,97,97,0,0,0,0,1.0,1.0,1.0,1.0,1.0,1,0.12467815903564161,37
41,2,99,99,0,0,0,0,1.0,1.0,1.0,1.0,1.0,1,0.11272798208829818,37
42,2,101,101,0,0,0,0,1.0,1.0,1.0,1.0,1.0,1,0.13515563597568062,38
43,2,103,103,0,0,0,0,1.0,1.0,1.0,1.0,1.0,1,0.16609615426822869,40
44,2,105,105,0,0,0,0,1.0,1.0,1.0,1.0,1.0,1,0.16387007036062565,39
45,0,105,105,0,0,0,0,1.0,1.0,1.0,1.0,1.0,1,0.14005000633578019,40
46,1,106,106,0,0,0,0,1.0,1.0,1.0,1.0,1.0,1,0.15328094206496645,39
47,2,108,108,0,0,0,0,1.0,1.0,1.0,1.0,1.0,1,0.18982394584609028,39
48,0,108,108,0,0,0,0,1.0,1.0,1.0,1.0,1.0,1,0.18982394584609028,39
49,0,108,108,0,0,0,0,1.0,1.0,1.0,1.0,1.0,1,0.15959585483352404,37
50,3,111,111,0,0,0,0,1.0,1.0,1.0,1.0,1.0,1,0.14741435344052684,35
51,1,112,112,0,0,0,0,1.0,1.0,1.0,1.0,1.0,1,0.14029881788862414,34
52,5,117,117,0,0,0,0,1.0,1.0,1.0,1.0,1.0,1,0.20652339639391964,34
53,1,118,118,0,0,0,0,1.0,1.0,1.0,1.0,1.0,1,0.2445056563610108,35
54,2,120,120,0,0,0,0,1.0,1.0,1.0,1.0,1.0,1,0.2504567976227926,36
55,4,124,124,0,0,0,0,1.0,1.0,1.0,1.0,1.0,1,0.2967139819550145,36
56,1,125,125,0,0,0,0,1.0,1.0,1.0,1.0,1.0,1,0.36076490847809584,36
57,4,129,129,0,0,0,0,1.0,1.0,1.0,1.0,1.0,1,0.31806593638163094,37
58,3,132,132,0,0,0,0,1.0,1.0,1.0,1.0,1.0,1,0.28847721008334487,38
59,0,132,132,0,0,0,0,1.0,1.0,1.0,1.0,1.0,1,0.29927548259141645,37
60,0,132,132,0,0,0,0,1.0,1.0,1.0,1.0,1.0,1,0.2893077499355665,38
61,1,133,133,0,0,0,0,1.0,1.0,1.0,1.0,1.0,1,0.28015836493862845,37
62,0,133,133,0,0,0,0,1.0,1.0,1.0,1.0,1.0,1,0.2635914790016453,39
63,3,136,136,0,0,0,0,1.0,1.0,1.0,1.0,1.0,1,0.23224182438820443,39
64,1,137,137,0,0,0,0,1.0,1.0,1.0,1.0,1.0,1,0.2572511832189877,38
65,2,139,139,0,0,0,0,1.0,1.0,1.0,1.0,1.0,1,0.23642659170783417,39
66,4,143,143,0,0,0,0,1.0,1.0,1.0,1.0,1.0,1,0.18261684091998587,39
67,2,145,145,0,0,0,0,1.0,1.0,1.0,1.0,1.0,1,0.16835432846857434,36
68,2,147,147,0,0,0,0,1.0,1.0,1.0,1.0,1.0,1,0.17140603140446548,36
69,0,147,147,0,0,0,0,1.0,1.0,1.0,1.0,1.0,1,0.17305694905909608,37
70,1,148,148,0,0,0,0,1.0,1.0,1.0,1.0,1.0,1,0.14742162556154903,36
71,1,149,149,0,0,0,0,1.0,1.0,1.0,1.0,1.0,1,0.09486157336257557,38
72,0,149,149,0,0,0,0,1.0,1.0,1.0,1.0,1.0,1,0.09486157336257557,38
73,1,150,150,0,0,0,0,1.0,1.0,1.0,1.0,1.0,1,0.08376190901561202,37
74,4,154,154,0,0,0,0,1.0,1.0,1.0,1.0,1.0,1,0.12326612086503616,38
75,0,154,154,0,0,0,0,1.0,1.0,1.0,1.0,1.0,1,0.12326612086503616,38
76,3,157,157,0,0,0,0,1.0,1.0,1.0,1.0,1.0,1,0.17270281182904082,39
77,0,157,157,0,0,0,0,1.0,1.0,1.0,1.0,1.0,1,0.18264057587661547,40
78,2,159,159,0,0,0,0,1.0,1.0,1.0,1.0,1.0,1,0.2215911475645572,41
79,0,159,159,0,0,0,0,1.0,1.0,1.0,1.0,1.0,1,0.2215911475645572,41
80,0,159,159,0,0,0,0,1.0,1.0,1.0,1.0,1.0,1,0.2215911475645572,41
81,1,160,160,0,0,0,0,1.0,1.0,1.0,1.0,1.0,1,0.23548015205696815,41
82,1,161,161,0,0,0,0,1.0,1.0,1.0,1.0,1.0,1,0.2885163817435653,44
83,1,162,162,0,0,0,0,1.0,1.0,1.0,1.0,1.0,1,0.26842144866645856,44
84,4,166,166,0,0,0,0,1.0,1.0,1.0,1.0,1.0,1,0.22970584272325223,45
85,3,169,169,0,0,0,0,1.0,1.0,1.0,1.0,1.0,1,0.21277090893361517,45
86,5,174,174,0,0,0,0,1.0,1.0,1.0,1.0,1.0,1,0.2173063839913774,45
87,2,176,176,0,0,0,0,1.0,1.0,1.0,1.0,1.0,1,0.2591338273380976,44
88,2,178,178,0,0,0,0,1.0,1.0,1.0,1.0,1.0,1,0.3000403775972186,44
89,1,179,179,0,0,0,0,1.0,1.0,1.0,1.0,1.0,1,0.36131258024734836,43
90,2,181,181,0,0,0,0,1.0,1.0,1.0,1.0,1.0,1,0.3511955450767199,44
91,0,181,181,0,0,0,0,1.0,1.0,1.0,1.0,1.0,1,0.3511955450767199,44
92,1,182,182,0,0,0,0,1.0,1.0,1.0,1.0,1.0,1,0.3755384026977078,43
93,2,184,184,0,0,0,0,1.0,1.0,1.0,1.0,1.0,1,0.3845882753201859,44
94,1,185,185,0,0,0,0,1.0,1.0,1.0,1.0,1.0,1,0.39243754595982844,44
95,4,189,189,0,0,0,0,1.0,1.0,1.0,1.0,1.0,1,0.4265220549458816,43
96,1,190,190,0,0,0,0,1.0,1.0,1.0,1.0,1.0,1,0.38757139734233464,44
97,3,193,193,0,0,0,0,0.9833665570826149,0.9681795005058721,0.9833665570826149,0.9681795005058721,1.0,1,0.3870629646789395,44
98,0,193,193,0,0,0,0,0.9829797328287224,0.9681795005058721,0.9829797328287224,0.9681795005058721,1.0,1,0.413819871329549,43
99,0,193,193,0,0,0,0,0.9829797328287224,0.9681795005058721,0.9829797328287224,0.9681795005058721,1.0,1,0.413819871329549,43
100,2,195,195,0,0,0,0,0.9920351706824925,0.982984228276234,0.9920351706824925,0.982984228276234,1.0,1,0.32507644054052964,47
101,0,195,195,0,0,0,0,0.9920351706824925,0.982984228276234,0.9920351706824925,0.982984228276234,1.0,1,0.32507644054052964,47
102,0,195,195,0,0,0,0,0.9920351706824925,0.982984228276234,0.9920351706824925,0.982984228276234,1.0,1,0.32507644054052964,47
103,3,198,198,0,0,0,0,1.0,1.0,1.0,1.0,1.0,1,0.269963707264596,46
104,3,201,201,0,0,0,0,1.0,1.0,1.0,1.0,1.0,1,0.26017204075546835,45
105,4,205,205,0,0,0,0,1.0,1.0,1.0,1.0,1.0,1,0.24532546500040436,44
106,4,209,209,0,0,0,0,1.0,1.0,1.0,1.0,1.0,1,0.20638390326571585,45
107,5,214,214,0,0,0,0,1.0,1.0,1.0,1.0,1.0,1,0.17141059245497886,44
108,3,217,217,0,0,0,0,1.0,1.0,1.0,1.0,1.0,1,0.1314327672958172,46
109,8,225,225,0,0,0,0,1.0,1.0,1.0,1.0,1.0,1,0.11645865215406657,46
110,3,228,228,0,0,0,0,1.0,1.0,1.0,1.0,1.0,1,0.11787386230983292,46
111,2,230,230,0,0,0,0,1.0,1.0,1.0,1.0,1.0,1,0.12361643515543433,46
112,0,230,230,0,0,0,0,1.0,1.0,1.0,1.0,1.0,1,0.12361643515543433,46
113,0,230,230,0,0,0,0,1.0,1.0,1.0,1.0,1.0,1,0.11722199427704706,46
114,1,231,231,0,0,0,0,1.0,1.0,1.0,1.0,1.0,1,0.09560564605216479,46
115,0,231,231,0,0,0,0,1.0,1.0,1.0,1.0,1.0,1,0.0669921428621734,47
116,1,232,232,0,0,0,0,1.0,1.0,1.0,1.0,1.0,1,0.08778993844620858,47
117,0,232,232,0,0,0,0,1.0,1.0,1.0,1.0,1.0,1,0.08762629306355853,45
118,4,236,236,0,0,0,0,1.0,1.0,1.0,1.0,1.0,1,0.0377343189487623,46
119,0,236,236,0,0,0,0,1.0,1.0,1.0,1.0,1.0,1,0.02547488101437315,46
120,4,240,240,0,0,0,0,1.0,1.0,1.0,1.0,1.0,1,0.1331841296210828,47
121,0,240,240,0,0,0,0,1.0,1.0,1.0,1.0,1.0,1,0.12081517661860287,46
122,1,241,241,0,0,0,0,1.0,1.0,1.0,1.0,1.0,1,0.14466956906235495,46
123,4,245,245,0,0,0,0,1.0,1.0,1.0,1.0,1.0,1,0.16923545538209187,45
124,1,246,246,0,0,0,0,1.0,1.0,1.0,1.0,1.0,1,0.14180024330047047,46
125,3,249,249,0,0,0,0,1.0,1.0,1.0,1.0,1.0,1,0.12871057832133243,44
126,4,253,253,0,0,0,0,1.0,1.0,1.0,1.0,1.0,1,0.14252347059534484,45
127,2,255,255,0,0,0,0,1.0,1.0,1.0,1.0,1.0,1,0.12104477255392558,45
128,4,259,259,0,0,0,0,1.0,1.0,1.0,1.0,1.0,1,0.04053580852735603,46
129,4,263,263,0,0,0,0,1.0,1.0,1.0,1.0,1.0,1,0.037141845213420926,48
130,3,266,266,0,0,0,0,1.0,1.0,1.0,1.0,1.0,1,0.031865171554739564,48
131,4,270,270,0,0,0,0,1.0,1.0,1.0,1.0,1.0,1,0.07815240493194846,49
132,3,273,273,0,0,0,0,1.0,1.0,1.0,1.0,1.0,1,0.05836881381760025,51
133,4,277,277,0,0,0,0,1.0,1.0,1.0,1.0,1.0,1,0.07876299026017067,49
134,5,282,282,0,0,0,0,1.0,1.0,1.0,1.0,1.0,1,0.06856922197370333,49
135,5,287,287,0,0,0,0,1.0,1.0,1.0,1.0,1.0,1,0.12424616365644439,49
136,7,294,294,0,0,0,0,1.0,1.0,1.0,1.0,1.0,1,0.13802497280081114,48
137,5,299,299,0,0,0,0,1.0,1.0,1.0,1.0,1.0,1,0.158339629205804,47
138,3,302,302,0,0,0,0,1.0,1.0,1.0,1.0,1.0,1,0.20359416677634354,48
139,1,303,303,0,0,0,0,1.0,1.0,1.0,1.0,1.0,1,0.16812827734477484,48
140,4,307,307,0,0,0,0,1.0,1.0,1.0,1.0,1.0,1,0.23811139704966108,49
141,0,307,307,0,0,0,0,1.0,1.0,1.0,1.0,1.0,1,0.23811139704966108,49
142,1,308,308,0,0,0,0,1.0,1.0,1.0,1.0,1.0,1,0.255074423827837,49
143,2,310,310,0,0,0,0,1.0,1.0,1.0,1.0,1.0,1,0.2622720985587533,47
144,2,312,312,0,0,0,0,1.0,1.0,1.0,1.0,1.0,1,0.2737337840817427,46
145,2,314,314,0,0,0,0,1.0,1.0,1.0,1.0,1.0,1,0.2326629226564507,44
146,0,314,314,0,0,0,0,1.0,1.0,1.0,1.0,1.0,1,0.22960926193755227,44
147,3,317,317,0,0,0,0,1.0,1.0,1.0,1.0,1.0,1,0.14969756929883374,43
148,1,318,318,0,0,0,0,1.0,1.0,1.0,1.0,1.0,1,0.19455174668293543,43
149,1,319,319,0,0,0,0,1.0,1.0,1.0,1.0,1.0,1,0.202061227371073,43
150,0,319,319,0,0,0,0,1.0,1.0,1.0,1.0,1.0,1,0.21997990756851155,42
151,0,319,319,0,0,0,0,1.0,1.0,1.0,1.0,1.0,1,0.21997990756851155,42
152,3,322,322,0,0,0,0,1.0,1.0,1.0,1.0,1.0,1,0.1628218848928421,42
153,3,325,325,0,0,0,0,1.0,1.0,1.0,1.0,1.0,1,0.15176187591183138,42
154,3,328,328,0,0,0,0,1.0,1.0,1.0,1.0,1.0,1,0.09301571868890261,43
155,2,330,330,0,0,0,0,1.0,1.0,1.0,1.0,1.0,1,0.08633222468809593,43
156,6,336,336,0,0,0,0,1.0,1.0,1.0,1.0,1.0,1,0.10173158800486684,42
157,1,337,337,0,0,0,0,1.0,1.0,1.0,1.0,1.0,1,0.1403075267967208,41
158,6,343,343,0,0,0,0,1.0,1.0,1.0,1.0,1.0,1,0.21189409341569967,42
159,2,345,345,0,0,0,0,1.0,1.0,1.0,1.0,1.0,1,0.19859667096621375,43
160,3,348,348,0,0,0,0,1.0,1.0,1.0,1.0,1.0,1,0.23800694735312383,44
161,2,350,350,0,0,0,0,1.0,1.0,1.0,1.0,1.0,1,0.2536309517520373,44
162,2,352,352,0,0,0,0,1.0,1.0,1.0,1.0,1.0,1,0.29484171562601186,45
163,3,355,355,0,0,0,0,1.0,1.0,1.0,1.0,1.0,1,0.29599532382881827,43
164,5,360,360,0,0,0,0,1.0,1.0,1.0,1.0,1.0,1,0.32427694233340154,42
165,0,360,360,0,0,0,0,1.0,1.0,1.0,1.0,1.0,1,0.2828968894809127,42
166,1,361,361,0,0,0,0,1.0,1.0,1.0,1.0,1.0,1,0.2610753635624171,42
167,2,363,363,0,0,0,0,1.0,1.0,1.0,1.0,1.0,1,0.2803875683336203,41
168,1,364,364,0,0,0,0,1.0,1.0,1.0,1.0,1.0,1,0.2565178228216458,40
169,2,366,366,0,0,0,0,1.0,1.0,1.0,1.0,1.0,1,0.22846823300018812,40
170,2,368,368,0,0,0,0,1.0,1.0,1.0,1.0,1.0,1,0.22149552808235862,38
171,2,370,370,0,0,0,0,1.0,1.0,1.0,1.0,1.0,1,0.24179734020493257,37
172,3,373,373,0,0,0,0,1.0,1.0,1.0,1.0,1.0,1,0.24766636316078308,35
173,1,374,374,0,0,0,0,1.0,1.0,1.0,1.0,1.0,1,0.2957241476319625,36
174,2,376,376,0,0,0,0,1.0,1.0,1.0,1.0,1.0,1,0.2749958912778961,34
175,2,378,378,0,0,0,0,1.0,1.0,1.0,1.0,1.0,1,0.17478710398646005,33
176,1,379,379,0,0,0,0,1.0,1.0,1.0,1.0,1.0,1,0.16756065264897396,34
177,0,379,379,0,0,0,0,1.0,1.0,1.0,1.0,1.0,1,0.1260540366335582,36
178,1,380,380,0,0,0,0,1.0,1.0,1.0,1.0,1.0,1,0.1368839584942741,37
179,0,380,380,0,0,0,0,1.0,1.0,1.0,1.0,1.0,1,0.1368839584942741,37
180,0,380,380,0,0,0,0,1.0,1.0,1.0,1.0,1.0,1,0.16127135080039234,36
181,0,380,380,0,0,0,0,1.0,1.0,1.0,1.0,1.0,1,0.16127135080039234,36
182,1,381,381,0,0,0,0,1.0,1.0,1.0,1.0,1.0,1,0.20631734476306987,38
183,4,385,385,0,0,0,0,1.0,1.0,1.0,1.0,1.0,1,0.21311035155223848,37
184,1,386,386,0,0,0,0,1.0,1.0,1.0,1.0,1.0,1,0.24861504369620716,36
185,3,389,389,0,0,0,0,1.0,1.0,1.0,1.0,1.0,1,0.2738379617610646,35
186,3,392,392,0,0,0,0,1.0,1.0,1.0,1.0,1.0,1,0.2066927476710239,34
187,6,398,398,0,0,0,0,1.0,1.0,1.0,1.0,1.0,1,0.21284894602336515,33
188,6,404,404,0,0,0,0,1.0,1.0,1.0,1.0,1.0,1,0.13872983403070668,33
189,2,406,406,0,0,0,0,1.0,1.0,1.0,1.0,1.0,1,0.1913426631890113,33
190,7,413,413,0,0,0,0,1.0,1.0,1.0,1.0,1.0,1,0.2566557727406398,32
191,2,415,415,0,0,0,0,1.0,1.0,1.0,1.0,1.0,1,0.2760177910872266,34
192,1,416,416,0,0,0,0,1.0,1.0,1.0,1.0,1.0,1,0.2912383261421348,34
193,4,420,420,0,0,0,0,1.0,1.0,1.0,1.0,1.0,1,0.2757256551799561,35
194,4,424,424,0,0,0,0,1.0,1.0,1.0,1.0,1.0,1,0.3047416627210088,37
195,1,425,425,0,0,0,0,1.0,1.0,1.0,1.0,1.0,1,0.33220555791765927,36
196,1,426,426,0,0,0,0,1.0,1.0,1.0,1.0,1.0,1,0.31154368510275027,36
197,0,426,426,0,0,0,0,1.0,1.0,1.0,1.0,1.0,1,0.27419312000547447,37
198,1,427,427,0,0,0,0,1.0,1.0,1.0,1.0,1.0,1,0.2645371650300403,37
199,0,427,427,0,0,0,0,1.0,1.0,1.0,1.0,1.0,1,0.2645371650300403,37
200,1,428,428,0,0,0,0,1.0,1.0,1.0,1.0,1.0,1,0.25129223357908315,37
201,2,430,430,0,0,0,0,1.0,1.0,1.0,1.0,1.0,1,0.24658680913486544,36
202,3,433,433,0,0,0,0,1.0,1.0,1.0,1.0,1.0,1,0.2554209435042183,36
203,2,435,435,0,0,0,0,1.0,1.0,1.0,1.0,1.0,1,0.2456875687042804,35
204,3,438,438,0,0,0,0,1.0,1.0,1.0,1.0,1.0,1,0.21397866089206835,35
205,2,440,440,0,0,0,0,1.0,1.0,1.0,1.0,1.0,1,0.19906636822591076,35
206,2,442,442,0,0,0,0,1.0,1.0,1.0,1.0,1.0,1,0.21512494189527917,34
207,2,444,444,0,0,0,0,1.0,1.0,1.0,1.0,1.0,1,0.19745241329889412,34
208,1,445,445,0,0,0,0,1.0,1.0,1.0,1.0,1.0,1,0.20993252983392505,33
209,2,447,447,0,0,0,0,1.0,1.0,1.0,1.0,1.0,1,0.22090619765894473,33
210,3,450,450,0,0,0,0,1.0,1.0,1.0,1.0,1.0,1,0.1663724766595174,34
211,2,452,452,0,0,0,0,1.0,1.0,1.0,1.0,1.0,1,0.151412697119928,33
212,1,453,453,0,0,0,0,1.0,1.0,1.0,1.0,1.0,1,0.1215764885425161,33
213,4,457,457,0,0,0,0,1.0,1.0,1.0,1.0,1.0,1,0.10402030787093701,35
214,1,458,458,0,0,0,0,1.0,1.0,1.0,1.0,1.0,1,0.06625328735747349,34
215,4,462,462,0,0,0,0,1.0,1.0,1.0,1.0,1.0,1,0.16534601660281179,35
216,0,462,462,0,0,0,0,1.0,1.0,1.0,1.0,1.0,1,0.15209335856182532,36
217,1,463,463,0,0,0,0,1.0,1.0,1.0,1.0,1.0,1,0.16386307950955903,36
218,3,466,466,0,0,0,0,1.0,1.0,1.0,1.0,1.0,1,0.2217424125084865,36
219,4,470,470,0,0,0,0,1.0,1.0,1.0,1.0,1.0,1,0.20939137429483212,37
220,6,476,476,0,0,0,0,1.0,1.0,1.0,1.0,1.0,1,0.23813817599529855,38
221,4,480,480,0,0,0,0,1.0,1.0,1.0,1.0,1.0,1,0.2845638626992056,37
222,2,482,482,0,0,0,0,1.0,1.0,1.0,1.0,1.0,1,0.23360274381172957,38
223,3,485,485,0,0,0,0,1.0,1.0,1.0,1.0,1.0,1,0.2058478107176417,38
224,4,489,489,0,0,0,0,1.0,1.0,1.0,1.0,1.0,1,0.19006382175416106,38
225,3,492,492,0,0,0,0,1.0,1.0,1.0,1.0,1.0,1,0.17054233769181176,36
226,1,493,493,0,0,0,0,1.0,1.0,1.0,1.0,1.0,1,0.21000578802719655,37
227,2,495,495,0,0,0,0,1.0,1.0,1.0,1.0,1.0,1,0.17958917193260782,35
228,3,498,498,0,0,0,0,1.0,1.0,1.0,1.0,1.0,1,0.17978274735479713,35
229,4,502,502,0,0,0,0,1.0,1.0,1.0,1.0,1.0,1,0.19566780516365567,35
230,0,502,502,0,0,0,0,1.0,1.0,1.0,1.0,1.0,1,0.19566780516365567,35
231,2,504,504,0,0,0,0,1.0,1.0,1.0,1.0,1.0,1,0.16793033515222036,35
232,1,505,505,0,0,0,0,1.0,1.0,1.0,1.0,1.0,1,0.19876601423075752,36
233,2,507,507,0,0,0,0,1.0,1.0,1.0,1.0,1.0,1,0.22553051185115872,36
234,1,508,508,0,0,0,0,1.0,1.0,1.0,1.0,1.0,1,0.2678345496024152,34
235,0,508,508,0,0,0,0,1.0,1.0,1.0,1.0,1.0,1,0.26827258842074475,33
236,1,509,509,0,0,0,0,1.0,1.0,1.0,1.0,1.0,1,0.31589380055388366,31
237,1,510,510,0,0,0,0,1.0,1.0,1.0,1.0,1.0,1,0.32622319887077883,32
238,4,514,514,0,0,0,0,1.0,1.0,1.0,1.0,1.0,1,0.26384426525345217,31
239,1,515,515,0,0,0,0,1.0,1.0,1.0,1.0,1.0,1,0.2839370714091434,30
240,1,516,516,0,0,0,0,1.0,1.0,1.0,1.0,1.0,1,0.2177501552651798,27
241,1,517,517,0,0,0,0,1.0,1.0,1.0,1.0,1.0,1,0.2569191591000072,27
242,2,519,519,0,0,0,0,1.0,1.0,1.0,1.0,1.0,1,0.18857162148626933,28
243,5,524,524,0,0,0,0,1.0,1.0,1.0,1.0,1.0,1,0.23347215443544206,28
244,3,527,527,0,0,0,0,1.0,1.0,1.0,1.0,1.0,1,0.2627507472406853,27
245,1,528,528,0,0,0,0,1.0,1.0,1.0,1.0,1.0,1,0.2542403946798613,27
246,0,528,528,0,0,0,0,1.0,1.0,1.0,1.0,1.0,1,0.2415440322442596,25
247,1,529,529,0,0,0,0,1.0,1.0,1.0,1.0,1.0,1,0.33432199476269453,24
248,0,529,529,0,0,0,0,1.0,1.0,1.0,1.0,1.0,1,0.3348059135116713,24
249,3,532,532,0,0,0,0,1.0,1.0,1.0,1.0,1.0,1,0.3268883608734515,25
250,1,533,533,0,0,0,0,1.0,1.0,1.0,1.0,1.0,1,0.32288988558009063,27
251,1,534,534,0,0,0,0,1.0,1.0,1.0,1.0,1.0,1,0.36626190451216706,27
252,5,539,539,0,0,0,0,1.0,1.0,1.0,1.0,1.0,1,0.2528117408312445,27
253,1,540,540,0,0,0,0,1.0,1.0,1.0,1.0,1.0,1,0.2946956169332738,29
254,6,546,546,0,0,0,0,1.0,1.0,1.0,1.0,1.0,1,0.16995553082538628,30
255,1,547,547,0,0,0,0,1.0,1.0,1.0,1.0,1.0,1,0.09163725742848017,31
256,2,549,549,0,0,0,0,1.0,1.0,1.0,1.0,1.0,1,0.0551551634637245,31
257,3,552,552,0,0,0,0,1.0,1.0,1.0,1.0,1.0,1,0.09267940672816577,33
258,2,554,554,0,0,0,0,1.0,1.0,1.0,1.0,1.0,1,0.11742699057808194,33
259,3,557,557,0,0,0,0,1.0,1.0,1.0,1.0,1.0,1,0.16641494618415215,33
260,1,558,558,0,0,0,0,1.0,1.0,1.0,1.0,1.0,1,0.13210784884430013,35
261,5,563,563,0,0,0,0,1.0,1.0,1.0,1.0,1.0,1,0.18263695263700572,35
262,0,563,563,0,0,0,0,1.0,1.0,1.0,1.0,1.0,1,0.18263695263700572,35
263,0,563,563,0,0,0,0,1.0,1.0,1.0,1.0,1.0,1,0.217209458654849,34
264,2,565,565,0,0,0,0,1.0,1.0,1.0,1.0,1.0,1,0.1803057870119783,32
265,2,567,567,0,0,0,0,1.0,1.0,1.0,1.0,1.0,1,0.11608835970715442,30
266,3,570,570,0,0,0,0,1.0,1.0,1.0,1.0,1.0,1,0.17493423906530642,31
267,3,573,573,0,0,0,0,1.0,1.0,1.0,1.0,1.0,1,0.21802576254659617,30
268,2,575,575,0,0,0,0,1.0,1.0,1.0,1.0,1.0,1,0.18376729077432993,31
269,2,577,577,0,0,0,0,1.0,1.0,1.0,1.0,1.0,1,0.19497269537295436,31
270,2,579,579,0,0,0,0,1.0,1.0,1.0,1.0,1.0,1,0.27618606415992636,32
271,2,581,581,0,0,0,0,1.0,1.0,1.0,1.0,1.0,1,0.3350473552795445,31
272,1,582,582,0,0,0,0,1.0,1.0,1.0,1.0,1.0,1,0.34201931513840317,32
273,2,584,584,0,0,0,0,1.0,1.0,1.0,1.0,1.0,1,0.26778760955790865,32
274,0,584,584,0,0,0,0,1.0,1.0,1.0,1.0,1.0,1,0.26778760955790865,32
275,1,585,585,0,0,0,0,1.0,1.0,1.0,1.0,1.0,1,0.20695932163460481,33
276,2,587,587,0,0,0,0,1.0,1.0,1.0,1.0,1.0,1,0.21009537550626747,34
277,2,589,589,0,0,0,0,1.0,1.0,1.0,1.0,1.0,1,0.21116162800860666,32
278,1,590,590,0,0,0,0,1.0,1.0,1.0,1.0,1.0,1,0.17379452769507933,31
279,0,590,590,0,0,0,0,1.0,1.0,1.0,1.0,1.0,1,0.16023911795742998,31
280,2,592,592,0,0,0,0,1.0,1.0,1.0,1.0,1.0,1,0.25556358685914027,30
281,1,593,593,0,0,0,0,1.0,1.0,1.0,1.0,1.0,1,0.2195706249243166,31
282,1,594,594,0,0,0,0,1.0,1.0,1.0,1.0,1.0,1,0.2218613677355801,30
283,3,597,597,0,0,0,0,1.0,1.0,1.0,1.0,1.0,1,0.18571427829992732,31
284,2,599,599,0,0,0,0,1.0,1.0,1.0,1.0,1.0,1,0.21234403775585062,31
285,2,601,601,0,0,0,0,1.0,1.0,1.0,1.0,1.0,1,0.20007729234059984,31
286,1,602,602,0,0,0,0,1.0,1.0,1.0,1.0,1.0,1,0.21416950208953803,31
287,2,604,604,0,0,0,0,1.0,1.0,1.0,1.0,1.0,1,0.25826144242696764,33
288,3,607,607,0,0,0,0,1.0,1.0,1.0,1.0,1.0,1,0.17734601430459418,32
289,0,607,607,0,0,0,0,1.0,1.0,1.0,1.0,1.0,1,0.1852444322164007,32
290,2,609,609,0,0,0,0,1.0,1.0,1.0,1.0,1.0,1,0.2220418338221533,31
291,1,610,610,0,0,0,0,1.0,1.0,1.0,1.0,1.0,1,0.1608969410761397,30
292,3,613,613,0,0,0,0,1.0,1.0,1.0,1.0,1.0,1,0.2550710684069029,32
293,2,615,615,0,0,0,0,1.0,1.0,1.0,1.0,1.0,1,0.31170674972309276,32
294,1,616,616,0,0,0,0,1.0,1.0,1.0,1.0,1.0,1,0.3015303244808045,32
295,2,618,618,0,0,0,0,1.0,1.0,1.0,1.0,1.0,1,0.23121456140761554,34
296,0,618,618,0,0,0,0,1.0,1.0,1.0,1.0,1.0,1,0.23121456140761554,34
297,1,619,619,0,0,0,0,1.0,1.0,1.0,1.0,1.0,1,0.21760159410658292,34
298,1,620,620,0,0,0,0,1.0,1.0,1.0,1.0,1.0,1,0.201006232746662,35
299,2,622,622,0,0,0,0,1.0,1.0,1.0,1.0,1.0,1,0.16630684230749662,35
300,3,625,625,0,0,0,0,1.0,1.0,1.0,1.0,1.0,1,0.25528176915451745,35
301,0,625,625,0,0,0,0,1.0,1.0,1.0,1.0,1.0,1,0.2650336525238563,38
302,2,627,627,0,0,0,0,1.0,1.0,1.0,1.0,1.0,1,0.28011578373473073,38
303,3,630,630,0,0,0,0,1.0,1.0,1.0,1.0,1.0,1,0.21902394358991964,37
304,3,633,633,0,0,0,0,1.0,1.0,1.0,1.0,1.0,1,0.17799940133579129,37
305,0,633,633,0,0,0,0,1.0,1.0,1.0,1.0,1.0,1,0.17093718796934598,36
306,1,634,634,0,0,0,0,1.0,1.0,1.0,1.0,1.0,1,0.16713453436248107,36
307,0,634,634,0,0,0,0,1.0,1.0,1.0,1.0,1.0,1,0.16810831925156022,35
308,1,635,635,0,0,0,0,1.0,1.0,1.0,1.0,1.0,1,0.1663261305582207,37
309,0,635,635,0,0,0,0,1.0,1.0,1.0,1.0,1.0,1,0.1663261305582207,37
310,1,636,636,0,0,0,0,1.0,1.0,1.0,1.0,1.0,1,0.14242801563667465,37
311,0,636,636,0,0,0,0,1.0,1.0,1.0,1.0,1.0,1,0.10986545505836677,39
312,0,636,636,0,0,0,0,1.0,1.0,1.0,1.0,1.0,1,0.11249970809692215,40
313,1,637,637,0,0,0,0,1.0,1.0,1.0,1.0,1.0,1,0.09818037334754957,39
314,2,639,639,0,0,0,0,1.0,1.0,1.0,1.0,1.0,1,0.1417844913372991,40
315,2,641,641,0,0,0,0,1.0,1.0,1.0,1.0,1.0,1,0.17616417131374648,39
316,1,642,642,0,0,0,0,1.0,1.0,1.0,1.0,1.0,1,0.1308398686950559,39
317,3,645,645,0,0,0,0,1.0,1.0,1.0,1.0,1.0,1,0.1670398353089407,40
318,1,646,646,0,0,0,0,1.0,1.0,1.0,1.0,1.0,1,0.2013641792755455,41
319,5,651,651,0,0,0,0,1.0,1.0,1.0,1.0,1.0,1,0.13968188577668325,41
320,0,651,651,0,0,0,0,1.0,1.0,1.0,1.0,1.0,1,0.13965910224729058,41
321,3,654,654,0,0,0,0,1.0,1.0,1.0,1.0,1.0,1,0.10088027252572197,41
322,4,658,658,0,0,0,0,1.0,1.0,1.0,1.0,1.0,1,0.03863257429669993,41
323,4,662,662,0,0,0,0,1.0,1.0,1.0,1.0,1.0,1,0.0646871332928085,41
324,3,665,665,0,0,0,0,1.0,1.0,1.0,1.0,1.0,1,0.08435324197485522,42
325,2,667,667,0,0,0,0,1.0,1.0,1.0,1.0,1.0,1,0.10865130110265966,42
326,2,669,669,0,0,0,0,1.0,1.0,1.0,1.0,1.0,1,0.10772693484894051,42
327,2,671,671,0,0,0,0,1.0,1.0,1.0,1.0,1.0,1,0.18424273398933533,42
328,0,671,671,0,0,0,0,1.0,1.0,1.0,1.0,1.0,1,0.1659813955377768,43
329,0,671,671,0,0,0,0,1.0,1.0,1.0,1.0,1.0,1,0.1659813955377768,43
330,1,672,672,0,0,0,0,1.0,1.0,1.0,1.0,1.0,1,0.18584986707086454,45
331,5,677,677,0,0,0,0,1.0,1.0,1.0,1.0,1.0,1,0.2622389428146513,45
332,0,677,677,0,0,0,0,1.0,1.0,1.0,1.0,1.0,1,0.2810586207068967,45
333,2,679,679,0,0,0,0,1.0,1.0,1.0,1.0,1.0,1,0.22778555750506063,46
334,0,679,679,0,0,0,0,1.0,1.0,1.0,1.0,1.0,1,0.21471836856338866,48
335,0,679,679,0,0,0,0,1.0,1.0,1.0,1.0,1.0,1,0.21471836856338866,48
336,2,681,681,0,0,0,0,1.0,1.0,1.0,1.0,1.0,1,0.2087003330840027,48
337,1,682,682,0,0,0,0,1.0,1.0,1.0,1.0,1.0,1,0.17148395686893297,49
338,0,682,682,0,0,0,0,1.0,1.0,1.0,1.0,1.0,1,0.1849116081062184,50
339,0,682,682,0,0,0,0,1.0,1.0,1.0,1.0,1.0,1,0.1849116081062184,50
340,3,685,685,0,0,0,0,1.0,1.0,1.0,1.0,1.0,1,0.23016487063352245,50
341,0,685,685,0,0,0,0,1.0,1.0,1.0,1.0,1.0,1,0.230534617393822,51
342,2,687,687,0,0,0,0,1.0,1.0,1.0,1.0,1.0,1,0.2100062932293625,51
343,1,688,688,0,0,0,0,1.0,1.0,1.0,1.0,1.0,1,0.21716300189643362,51
344,6,694,694,0,0,0,0,1.0,1.0,1.0,1.0,1.0,1,0.16414145590619747,50
345,3,697,697,0,0,0,0,1.0,1.0,1.0,1.0,1.0,1,0.18532585000234644,51
346,3,700,700,0,0,0,0,1.0,1.0,1.0,1.0,1.0,1,0.20279109760727587,51
347,4,704,704,0,0,0,0,1.0,1.0,1.0,1.0,1.0,1,0.24395140916746022,51
348,1,705,705,0,0,0,0,1.0,1.0,1.0,1.0,1.0,1,0.20742752323197827,53
349,4,709,709,0,0,0,0,1.0,1.0,1.0,1.0,1.0,1,0.2430636380609751,55
350,2,711,711,0,0,0,0,1.0,1.0,1.0,1.0,1.0,1,0.2446168808735498,54
351,2,713,713,0,0,0,0,1.0,1.0,1.0,1.0,1.0,1,0.2695732432633481,54
352,2,715,715,0,0,0,0,1.0,1.0,1.0,1.0,1.0,1,0.2534839813798451,53
353,2,717,717,0,0,0,0,1.0,1.0,1.0,1.0,1.0,1,0.23405038755378368,53
354,2,719,719,0,0,0,0,1.0,1.0,1.0,1.0,1.0,1,0.2536681799765772,50
355,4,723,723,0,0,0,0,1.0,1.0,1.0,1.0,1.0,1,0.22676537567715907,51
356,2,725,725,0,0,0,0,1.0,1.0,1.0,1.0,1.0,1,0.1821937495906479,51
357,2,727,727,0,0,0,0,1.0,1.0,1.0,1.0,1.0,1,0.1941382333785198,50
358,4,731,731,0,0,0,0,1.0,1.0,1.0,1.0,1.0,1,0.20023837000539954,48
359,0,731,731,0,0,0,0,1.0,1.0,1.0,1.0,1.0,1,0.2073005211170394,47
360,3,734,734,0,0,0,0,1.0,1.0,1.0,1.0,1.0,1,0.24882285851471295,45
361,2,736,736,0,0,0,0,1.0,1.0,1.0,1.0,1.0,1,0.24288707330337175,44
362,3,739,739,0,0,0,0,1.0,1.0,1.0,1.0,1.0,1,0.31720378705803665,44
363,0,739,739,0,0,0,0,1.0,1.0,1.0,1.0,1.0,1,0.3183808216302571,44
364,4,743,743,0,0,0,0,1.0,1.0,1.0,1.0,1.0,1,0.36421638102557113,43
365,1,744,744,0,0,0,0,1.0,1.0,1.0,1.0,1.0,1,0.35406311791488454,43
366,3,747,747,0,0,0,0,1.0,1.0,1.0,1.0,1.0,1,0.2685905347314639,45
367,1,748,748,0,0,0,0,1.0,1.0,1.0,1.0,1.0,1,0.26804073988364896,44
368,3,751,751,0,0,0,0,1.0,1.0,1.0,1.0,1.0,1,0.21925440781344754,46
369,0,751,751,0,0,0,0,1.0,1.0,1.0,1.0,1.0,1,0.24050088692840538,45
370,1,752,752,0,0,0,0,1.0,1.0,1.0,1.0,1.0,1,0.22587465403808435,46
371,2,754,754,0,0,0,0,1.0,1.0,1.0,1.0,1.0,1,0.25865546826822255,47
372,1,755,755,0,0,0,0,1.0,1.0,1.0,1.0,1.0,1,0.2382711477753611,48
373,1,756,756,0,0,0,0,1.0,1.0,1.0,1.0,1.0,1,0.21183923257321938,48
374,8,764,764,0,0,0,0,1.0,1.0,1.0,1.0,1.0,1,0.22390878774981074,49
375,2,766,766,0,0,0,0,1.0,1.0,1.0,1.0,1.0,1,0.19754063455964677,49
376,7,773,773,0,0,0,0,1.0,1.0,1.0,1.0,1.0,1,0.13074927529963978,49
377,1,774,774,0,0,0,0,1.0,1.0,1.0,1.0,1.0,1,0.09980242686033117,49
378,5,779,779,0,0,0,0,1.0,1.0,1.0,1.0,1.0,1,0.17590216492650712,49
379,3,782,782,0,0,0,0,1.0,1.0,1.0,1.0,1.0,1,0.16860224439563393,50
380,3,785,785,0,0,0,0,1.0,1.0,1.0,1.0,1.0,1,0.17603395092820368,50
381,1,786,786,0,0,0,0,1.0,1.0,1.0,1.0,1.0,1,0.18689964695863112,51
382,2,788,788,0,0,0,0,1.0,1.0,1.0,1.0,1.0,1,0.24513668704222297,50
383,0,788,788,0,0,0,0,1.0,1.0,1.0,1.0,1.0,1,0.23499813508489054,51
384,1,789,789,0,0,0,0,1.0,1.0,1.0,1.0,1.0,1,0.2585490199927578,50
385,0,789,789,0,0,0,0,1.0,1.0,1.0,1.0,1.0,1,0.27962391553526594,50
386,2,791,791,0,0,0,0,1.0,1.0,1.0,1.0,1.0,1,0.2637621452721955,48
387,0,791,791,0,0,0,0,1.0,1.0,1.0,1.0,1.0,1,0.24384954367830391,47
388,1,792,792,0,0,0,0,1.0,1.0,1.0,1.0,1.0,1,0.2263254110494478,48
389,0,792,792,0,0,0,0,1.0,1.0,1.0,1.0,1.0,1,0.2349886821131859,47
390,4,796,796,0,0,0,0,1.0,1.0,1.0,1.0,1.0,1,0.2223375747809922,49
391,2,798,798,0,0,0,0,1.0,1.0,1.0,1.0,1.0,1,0.19329562872843023,46
392,3,801,801,0,0,0,0,1.0,1.0,1.0,1.0,1.0,1,0.22532795178715684,46
393,2,803,803,0,0,0,0,1.0,1.0,1.0,1.0,1.0,1,0.22678328603603307,44
394,2,805,805,0,0,0,0,1.0,1.0,1.0,1.0,1.0,1,0.24980540721102668,43
395,2,807,807,0,0,0,0,1.0,1.0,1.0,1.0,1.0,1,0.285534278807731,42
396,5,812,812,0,0,0,0,1.0,1.0,1.0,1.0,1.0,1,0.3450829673925673,39
397,3,815,815,0,0,0,0,1.0,1.0,1.0,1.0,1.0,1,0.327454232915165,39
398,4,819,819,0,0,0,0,1.0,1.0,1.0,1.0,1.0,1,0.3096071525678602,36
399,2,821,821,0,0,0,0,1.0,1.0,1.0,1.0,1.0,1,0.323744199282948,36
400,1,822,822,0,0,0,0,1.0,1.0,1.0,1.0,1.0,1,0.35269793463776206,34
401,1,823,823,0,0,0,0,1.0,1.0,1.0,1.0,1.0,1,0.34409160925713744,33
402,1,824,824,0,0,0,0,1.0,1.0,1.0,1.0,1.0,1,0.3161395320766188,34
403,0,824,824,0,0,0,0,1.0,1.0,1.0,1.0,1.0,1,0.29274358274782536,36
404,2,826,826,0,0,0,0,1.0,1.0,1.0,1.0,1.0,1,0.2907961213238772,36
405,1,827,827,0,0,0,0,1.0,1.0,1.0,1.0,1.0,1,0.3029569803772014,37
406,1,828,828,0,0,0,0,1.0,1.0,1.0,1.0,1.0,1,0.32631479749184245,37
407,1,829,829,0,0,0,0,1.0,1.0,1.0,1.0,1.0,1,0.3221807399456142,39
408,2,831,831,0,0,0,0,1.0,1.0,1.0,1.0,1.0,1,0.30783758097479,40
409,4,835,835,0,0,0,0,1.0,1.0,1.0,1.0,1.0,1,0.30413298452316967,41
410,1,836,836,0,0,0,0,1.0,1.0,1.0,1.0,1.0,1,0.25777413479530037,42
411,2,838,838,0,0,0,0,1.0,1.0,1.0,1.0,1.0,1,0.28395322954463403,43
412,2,840,840,0,0,0,0,1.0,1.0,1.0,1.0,1.0,1,0.25680478391009454,44
413,0,840,840,0,0,0,0,1.0,1.0,1.0,1.0,1.0,1,0.25680478391009454,44
414,2,842,842,0,0,0,0,1.0,1.0,1.0,1.0,1.0,1,0.24823637064740267,45
415,0,842,842,0,0,0,0,1.0,1.0,1.0,1.0,1.0,1,0.24823637064740267,45
416,2,844,844,0,0,0,0,1.0,1.0,1.0,1.0,1.0,1,0.21555618146051397,46
417,1,845,845,0,0,0,0,1.0,1.0,1.0,1.0,1.0,1,0.18786407701033817,46
418,0,845,845,0,0,0,0,1.0,1.0,1.0,1.0,1.0,1,0.18943229276222606,47
419,0,845,845,0,0,0,0,1.0,1.0,1.0,1.0,1.0,1,0.18943229276222606,47
420,0,845,845,0,0,0,0,1.0,1.0,1.0,1.0,1.0,1,0.18943229276222606,47
421,0,845,845,0,0,0,0,1.0,1.0,1.0,1.0,1.0,1,0.18943229276222606,47
422,1,846,846,0,0,0,0,1.0,1.0,1.0,1.0,1.0,1,0.22352356059718467,49
423,0,846,846,0,0,0,0,1.0,1.0,1.0,1.0,1.0,1,0.2293349144197515,47
424,7,853,853,0,0,0,0,1.0,1.0,1.0,1.0,1.0,1,0.22949591359755706,45
425,3,856,856,0,0,0,0,1.0,1.0,1.0,1.0,1.0,1,0.23991992793099068,46
426,6,862,862,0,0,0,0,1.0,1.0,1.0,1.0,1.0,1,0.2887494816959359,46
427,4,866,866,0,0,0,0,1.0,1.0,1.0,1.0,1.0,1,0.2638745971648284,45
428,6,872,872,0,0,0,0,1.0,1.0,1.0,1.0,1.0,1,0.23315254814261657,45
429,1,873,873,0,0,0,0,1.0,1.0,1.0,1.0,1.0,1,0.2591156554625843,42
430,1,874,874,0,0,0,0,1.0,1.0,1.0,1.0,1.0,1,0.24383110594432475,40
431,2,876,876,0,0,0,0,1.0,1.0,1.0,1.0,1.0,1,0.26722905394059965,39
432,2,878,878,0,0,0,0,1.0,1.0,1.0,1.0,1.0,1,0.27332483856096074,37
433,0,878,878,0,0,0,0,1.0,1.0,1.0,1.0,1.0,1,0.29653967936822534,35
434,2,880,880,0,0,0,0,1.0,1.0,1.0,1.0,1.0,1,0.2614366383227441,33
435,3,883,883,0,0,0,0,1.0,1.0,1.0,1.0,1.0,1,0.22097182522646303,33
436,1,884,884,0,0,0,0,1.0,1.0,1.0,1.0,1.0,1,0.2010380542662263,33
437,1,885,885,0,0,0,0,1.0,1.0,1.0,1.0,1.0,1,0.2480751534659001,33
438,1,886,886,0,0,0,0,1.0,1.0,1.0,1.0,1.0,1,0.23505906752761488,32
439,2,888,888,0,0,0,0,1.0,1.0,1.0,1.0,1.0,1,0.2261434166425189,34
440,1,889,889,0,0,0,0,1.0,1.0,1.0,1.0,1.0,1,0.2100891050716329,34
441,3,892,892,0,0,0,0,1.0,1.0,1.0,1.0,1.0,1,0.16223497684101368,35
442,1,893,893,0,0,0,0,1.0,1.0,1.0,1.0,1.0,1,0.202805009822547,37
443,4,897,897,0,0,0,0,1.0,1.0,1.0,1.0,1.0,1,0.11884057952519933,37
444,0,897,897,0,0,0,0,1.0,1.0,1.0,1.0,1.0,1,0.11101817049134484,38
445,1,898,898,0,0,0,0,1.0,1.0,1.0,1.0,1.0,1,0.058795902493671136,39
446,2,900,900,0,0,0,0,1.0,1.0,1.0,1.0,1.0,1,0.09544179985588926,39
447,0,900,900,0,0,0,0,1.0,1.0,1.0,1.0,1.0,1,0.10259019424516967,41
448,1,901,901,0,0,0,0,1.0,1.0,1.0,1.0,1.0,1,0.0937414477814374,41
449,1,902,902,0,0,0,0,1.0,1.0,1.0,1.0,1.0,1,0.14093826191412975,40
450,1,903,903,0,0,0,0,1.0,1.0,1.0,1.0,1.0,1,0.13493302065421742,40
451,4,907,907,0,0,0,0,1.0,1.0,1.0,1.0,1.0,1,0.1583466033835941,41
452,2,909,909,0,0,0,0,1.0,1.0,1.0,1.0,1.0,1,0.1427939688387116,41
453,5,914,914,0,0,0,0,1.0,1.0,1.0,1.0,1.0,1,0.18996007660817688,40
454,2,916,916,0,0,0,0,1.0,1.0,1.0,1.0,1.0,1,0.15017083271691253,41
455,3,919,919,0,0,0,0,1.0,1.0,1.0,1.0,1.0,1,0.17684771572541708,41
456,5,924,924,0,0,0,0,1.0,1.0,1.0,1.0,1.0,1,0.1905589316858955,43
457,3,927,927,0,0,0,0,1.0,1.0,1.0,1.0,1.0,1,0.2184588262267656,43
458,6,933,933,0,0,0,0,1.0,1.0,1.0,1.0,1.0,1,0.17463041607165503,43
459,1,934,934,0,0,0,0,1.0,1.0,1.0,1.0,1.0,1,0.15255524546749424,44
460,2,936,936,0,0,0,0,1.0,1.0,1.0,1.0,1.0,1,0.12249733644268027,47
461,3,939,939,0,0,0,0,1.0,1.0,1.0,1.0,1.0,1,0.1420672696870783,48
462,1,940,940,0,0,0,0,1.0,1.0,1.0,1.0,1.0,1,0.1532624281977575,49
463,1,941,941,0,0,0,0,1.0,1.0,1.0,1.0,1.0,1,0.1761717745688393,47
464,0,941,941,0,0,0,0,1.0,1.0,1.0,1.0,1.0,1,0.177601337399199,48
465,4,945,945,0,0,0,0,1.0,1.0,1.0,1.0,1.0,1,0.1530272066304799,47
466,3,948,948,0,0,0,0,1.0,1.0,1.0,1.0,1.0,1,0.10462991581011243,46
467,2,950,950,0,0,0,0,1.0,1.0,1.0,1.0,1.0,1,0.11379958017733252,44
468,2,952,952,0,0,0,0,1.0,1.0,1.0,1.0,1.0,1,0.1381602593473164,41
469,2,954,954,0,0,0,0,1.0,1.0,1.0,1.0,1.0,1,0.0920395031084978,40
470,5,959,959,0,0,0,0,1.0,1.0,1.0,1.0,1.0,1,0.18957996655484982,39
471,4,963,963,0,0,0,0,1.0,1.0,1.0,1.0,1.0,1,0.2040175285487474,38
472,1,964,964,0,0,0,0,1.0,1.0,1.0,1.0,1.0,1,0.22502463160460986,36
473,4,968,968,0,0,0,0,1.0,1.0,1.0,1.0,1.0,1,0.22566628888029544,36
474,3,971,971,0,0,0,0,1.0,1.0,1.0,1.0,1.0,1,0.25726353419486386,34
475,3,974,974,0,0,0,0,1.0,1.0,1.0,1.0,1.0,1,0.23962167352597533,34
476,0,974,974,0,0,0,0,1.0,1.0,1.0,1.0,1.0,1,0.23311554863817602,32
477,2,976,976,0,0,0,0,1.0,1.0,1.0,1.0,1.0,1,0.23619216723089284,32
478,2,978,978,0,0,0,0,1.0,1.0,1.0,1.0,1.0,1,0.26791309180556616,30
479,1,979,979,0,0,0,0,1.0,1.0,1.0,1.0,1.0,1,0.22286697973250535,31
480,1,980,980,0,0,0,0,1.0,1.0,1.0,1.0,1.0,1,0.25533523495061633,27
481,1,981,981,0,0,0,0,1.0,1.0,1.0,1.0,1.0,1,0.19061053311211712,28
482,0,981,981,0,0,0,0,1.0,1.0,1.0,1.0,1.0,1,0.1969724353876624,28
483,3,984,984,0,0,0,0,1.0,1.0,1.0,1.0,1.0,1,0.077114978367295,29
484,1,985,985,0,0,0,0,1.0,1.0,1.0,1.0,1.0,1,0.10425338268220123,29
485,2,987,987,0,0,0,0,1.0,1.0,1.0,1.0,1.0,1,0.11030876072547638,29
486,2,989,989,0,0,0,0,1.0,1.0,1.0,1.0,1.0,1,0.16331581121155783,31
487,4,993,993,0,0,0,0,1.0,1.0,1.0,1.0,1.0,1,0.13844987029737266,33
488,3,996,996,0,0,0,0,1.0,1.0,1.0,1.0,1.0,1,0.1555722974153212,34
489,1,997,997,0,0,0,0,1.0,1.0,1.0,1.0,1.0,1,0.17998309030043735,34
490,1,998,998,0,0,0,0,1.0,1.0,1.0,1.0,1.0,1,0.1545369966417158,34
491,0,998,998,0,0,0,0,1.0,1.0,1.0,1.0,1.0,1,0.1545369966417158,34
492,3,1001,1001,0,0,0,0,1.0,1.0,1.0,1.0,1.0,1,0.13416903794136179,34
493,2,1003,1003,0,0,0,0,1.0,1.0,1.0,1.0,1.0,1,0.112892437813589,34
494,4,1007,1007,0,0,0,0,1.0,1.0,1.0,1.0,1.0,1,0.10829156228292383,36
495,2,1009,1009,0,0,0,0,1.0,1.0,1.0,1.0,1.0,1,0.10677524025426269,36
496,4,1013,1013,0,0,0,0,1.0,1.0,1.0,1.0,1.0,1,0.11993829983371236,37
497,2,1015,1015,0,0,0,0,1.0,1.0,1.0,1.0,1.0,1,0.13029693341782747,39
498,1,1016,1016,0,0,0,0,1.0,1.0,1.0,1.0,1.0,1,0.0879271500781167,40
499,3,1019,1019,0,0,0,0,1.0,1.0,1.0,1.0,1.0,1,0.14281936282988145,40
500,2,1021,1021,0,0,0,0,1.0,1.0,1.0,1.0,1.0,1,0.1747534681714259,42
501,1,1022,1022,0,0,0,0,1.0,1.0,1.0,1.0,1.0,1,0.1920106601077299,42
502,3,1025,1025,0,0,0,0,1.0,1.0,1.0,1.0,1.0,1,0.21547052637204223,42
503,3,1028,1028,0,0,0,0,1.0,1.0,1.0,1.0,1.0,1,0.22811207067269443,41
504,0,1028,1028,0,0,0,0,1.0,1.0,1.0,1.0,1.0,1,0.2341831147382543,42
505,3,1031,1031,0,0,0,0,1.0,1.0,1.0,1.0,1.0,1,0.2525279161839778,38
506,0,1031,1031,0,0,0,0,1.0,1.0,1.0,1.0,1.0,1,0.27164346157030145,37
507,4,1035,1035,0,0,0,0,1.0,1.0,1.0,1.0,1.0,1,0.2444844037080294,35
508,2,1037,1037,0,0,0,0,1.0,1.0,1.0,1.0,1.0,1,0.23803548761804152,35
509,0,1037,1037,0,0,0,0,1.0,1.0,1.0,1.0,1.0,1,0.2562777054568249,34
510,0,1037,1037,0,0,0,0,1.0,1.0,1.0,1.0,1.0,1,0.270038864141042,34
511,0,1037,1037,0,0,0,0,1.0,1.0,1.0,1.0,1.0,1,0.2535603007287331,32
512,0,1037,1037,0,0,0,0,1.0,1.0,1.0,1.0,1.0,1,0.28390356321511295,30
513,2,1039,1039,0,0,0,0,1.0,1.0,1.0,1.0,1.0,1,0.2360808617315085,31
514,0,1039,1039,0,0,0,0,1.0,1.0,1.0,1.0,1.0,1,0.2360808617315085,31
515,4,1043,1043,0,0,0,0,1.0,1.0,1.0,1.0,1.0,1,0.2177494675745963,32
516,2,1045,1045,0,0,0,0,1.0,1.0,1.0,1.0,1.0,1,0.11293726044010906,31
517,4,1049,1049,0,0,0,0,1.0,1.0,1.0,1.0,1.0,1,0.15187561752712755,32
518,1,1050,1050,0,0,0,0,1.0,1.0,1.0,1.0,1.0,1,0.11101178858400491,31
519,3,1053,1053,0,0,0,0,1.0,1.0,1.0,1.0,1.0,1,0.0991140919027451,31
520,1,1054,1054,0,0,0,0,1.0,1.0,1.0,1.0,1.0,1,0.11771102367862209,33
521,1,1055,1055,0,0,0,0,1.0,1.0,1.0,1.0,1.0,1,0.10177822037898125,34
522,0,1055,1055,0,0,0,0,1.0,1.0,1.0,1.0,1.0,1,0.10177822037898125,34
523,1,1056,1056,0,0,0,0,1.0,1.0,1.0,1.0,1.0,1,0.07198541549675477,33
524,1,1057,1057,0,0,0,0,1.0,1.0,1.0,1.0,1.0,1,0.04704578966454339,34
525,0,1057,1057,0,0,0,0,1.0,1.0,1.0,1.0,1.0,1,0.06467431364370785,32
526,6,1063,1063,0,0,0,0,1.0,1.0,1.0,1.0,1.0,1,0.14384240531819836,32
527,1,1064,1064,0,0,0,0,1.0,1.0,1.0,1.0,1.0,1,0.18046400832532591,31
528,6,1070,1070,0,0,0,0,1.0,1.0,1.0,1.0,1.0,1,0.26148491845421906,31
529,2,1072,1072,0,0,0,0,1.0,1.0,1.0,1.0,1.0,1,0.2687722982393796,30
530,3,1075,1075,0,0,0,0,1.0,1.0,1.0,1.0,1.0,1,0.29194848562008224,30
531,0,1075,1075,0,0,0,0,1.0,1.0,1.0,1.0,1.0,1,0.30546393112698916,32
532,2,1077,1077,0,0,0,0,1.0,1.0,1.0,1.0,1.0,1,0.30166247046399025,32
533,2,1079,1079,0,0,0,0,1.0,1.0,1.0,1.0,1.0,1,0.31702555205907784,34
534,1,1080,1080,0,0,0,0,1.0,1.0,1.0,1.0,1.0,1,0.3287358372623065,34
535,1,1081,1081,0,0,0,0,1.0,1.0,1.0,1.0,1.0,1,0.3325993145405861,37
536,0,1081,1081,0,0,0,0,1.0,1.0,1.0,1.0,1.0,1,0.3325993145405861,37
537,2,1083,1083,0,0,0,0,0.9846509081307641,0.9741856182199214,0.9846509081307641,0.9741856182199214,1.0,1,0.3737115049217378,37
538,0,1083,1083,0,0,0,0,0.9850548316010073,0.9741856182199214,0.9850548316010073,0.9741856182199214,1.0,1,0.3699430723704387,38
539,0,1083,1083,0,0,0,0,0.985054831601007,0.9741856182199214,0.985054831601007,0.9741856182199214,1.0,1,0.3699430723704387,38
540,1,1084,1084,0,0,0,0,1.0,1.0,1.0,1.0,1.0,1,0.3387712963507393,38
541,0,1084,1084,0,0,0,0,1.0,1.0,1.0,1.0,1.0,1,0.31776720168546874,39
542,0,1084,1084,0,0,0,0,1.0,1.0,1.0,1.0,1.0,1,0.31567820778678324,40
543,2,1086,1086,0,0,0,0,0.9795508666692339,0.9656082757618936,0.9795508666692339,0.9656082757618936,1.0,1,0.3589760517760817,37
544,0,1086,1086,0,0,0,0,1.0,1.0,1.0,1.0,1.0,1,0.3600557025193016,35
545,3,1089,1089,0,0,0,0,1.0,1.0,1.0,1.0,1.0,1,0.35638976112382864,35
546,0,1089,1089,0,0,0,0,1.0,1.0,1.0,1.0,1.0,1,0.35638976112382864,35
547,2,1091,1091,0,0,0,0,1.0,1.0,1.0,1.0,1.0,1,0.2845477183709103,34
548,1,1092,1092,0,0,0,0,1.0,1.0,1.0,1.0,1.0,1,0.2653362368815713,34
549,1,1093,1093,0,0,0,0,1.0,1.0,1.0,1.0,1.0,1,0.24350732799244262,31
550,1,1094,1094,0,0,0,0,1.0,1.0,1.0,1.0,1.0,1,0.25135409089524874,30
551,2,1096,1096,0,0,0,0,1.0,1.0,1.0,1.0,1.0,1,0.29614889050930765,31
552,0,1096,1096,0,0,0,0,1.0,1.0,1.0,1.0,1.0,1,0.26422218652497137,29
553,3,1099,1099,0,0,0,0,1.0,1.0,1.0,1.0,1.0,1,0.22936611061699416,30
554,2,1101,1101,0,0,0,0,1.0,1.0,1.0,1.0,1.0,1,0.22143050694353958,30
555,2,1103,1103,0,0,0,0,1.0,1.0,1.0,1.0,1.0,1,0.12673382635098762,30
556,4,1107,1107,0,0,0,0,1.0,1.0,1.0,1.0,1.0,1,0.09578107582615247,31
557,2,1109,1109,0,0,0,0,1.0,1.0,1.0,1.0,1.0,1,0.0760775388710712,31
558,4,1113,1113,0,0,0,0,1.0,1.0,1.0,1.0,1.0,1,0.11706932487362104,31
559,4,1117,1117,0,0,0,0,1.0,1.0,1.0,1.0,1.0,1,0.16820381710725002,31
560,8,1125,1125,0,0,0,0,1.0,1.0,1.0,1.0,1.0,1,0.16670483454311283,32
561,2,1127,1127,0,0,0,0,1.0,1.0,1.0,1.0,1.0,1,0.1400905035146602,33
562,6,1133,1133,0,0,0,0,1.0,1.0,1.0,1.0,1.0,1,0.17421073796711956,33
563,2,1135,1135,0,0,0,0,1.0,1.0,1.0,1.0,1.0,1,0.17925363374130612,33
564,4,1139,1139,0,0,0,0,1.0,1.0,1.0,1.0,1.0,1,0.20631948215185916,34
565,3,1142,1142,0,0,0,0,1.0,1.0,1.0,1.0,1.0,1,0.26071950053474025,35
566,1,1143,1143,0,0,0,0,1.0,1.0,1.0,1.0,1.0,1,0.2843587055244026,36
567,6,1149,1149,0,0,0,0,1.0,1.0,1.0,1.0,1.0,1,0.27885082734764693,37
568,2,1151,1151,0,0,0,0,1.0,1.0,1.0,1.0,1.0,1,0.29035917940812106,36
569,1,1152,1152,0,0,0,0,1.0,1.0,1.0,1.0,1.0,1,0.2639740403326043,37
570,0,1152,1152,0,0,0,0,1.0,1.0,1.0,1.0,1.0,1,0.26986578797442967,38
571,1,1153,1153,0,0,0,0,1.0,1.0,1.0,1.0,1.0,1,0.2778372199928974,38
572,1,1154,1154,0,0,0,0,1.0,1.0,1.0,1.0,1.0,1,0.28450909530480645,39
573,2,1156,1156,0,0,0,0,1.0,1.0,1.0,1.0,1.0,1,0.24760279283473746,39
574,1,1157,1157,0,0,0,0,1.0,1.0,1.0,1.0,1.0,1,0.25714925277936257,41
575,2,1159,1159,0,0,0,0,1.0,1.0,1.0,1.0,1.0,1,0.24327782932654748,41
576,0,1159,1159,0,0,0,0,1.0,1.0,1.0,1.0,1.0,1,0.25322205497354233,42
577,1,1160,1160,0,0,0,0,1.0,1.0,1.0,1.0,1.0,1,0.2649936410237182,42
578,1,1161,1161,0,0,0,0,1.0,1.0,1.0,1.0,1.0,1,0.2557048877318559,41
579,1,1162,1162,0,0,0,0,1.0,1.0,1.0,1.0,1.0,1,0.1996816105345572,42
580,4,1166,1166,0,0,0,0,1.0,1.0,1.0,1.0,1.0,1,0.22437133600324952,43
581,1,1167,1167,0,0,0,0,1.0,1.0,1.0,1.0,1.0,1,0.17496999728764123,42
582,4,1171,1171,0,0,0,0,1.0,1.0,1.0,1.0,1.0,1,0.20245760330579812,41
583,6,1177,1177,0,0,0,0,1.0,1.0,1.0,1.0,1.0,1,0.14733489850602402,40
584,4,1181,1181,0,0,0,0,1.0,1.0,1.0,1.0,1.0,1,0.13724680285034188,38
585,2,1183,1183,0,0,0,0,1.0,1.0,1.0,1.0,1.0,1,0.17294586197098688,38
586,1,1184,1184,0,0,0,0,1.0,1.0,1.0,1.0,1.0,1,0.12070821384625384,37
587,4,1188,1188,0,0,0,0,1.0,1.0,1.0,1.0,1.0,1,0.1684142244195205,35
588,2,1190,1190,0,0,0,0,1.0,1.0,1.0,1.0,1.0,1,0.18615982817375712,35
589,1,1191,1191,0,0,0,0,1.0,1.0,1.0,1.0,1.0,1,0.1937757101263636,34
590,3,1194,1194,0,0,0,0,1.0,1.0,1.0,1.0,1.0,1,0.23647986657535883,36
591,0,1194,1194,0,0,0,0,1.0,1.0,1.0,1.0,1.0,1,0.217402047688616,35
592,1,1195,1195,0,0,0,0,1.0,1.0,1.0,1.0,1.0,1,0.2587308624886632,37
593,2,1197,1197,0,0,0,0,1.0,1.0,1.0,1.0,1.0,1,0.22441005416747875,36
594,4,1201,1201,0,0,0,0,1.0,1.0,1.0,1.0,1.0,1,0.15844973006326854,35
595,2,1203,1203,0,0,0,0,1.0,1.0,1.0,1.0,1.0,1,0.15944845292918097,34
596,3,1206,1206,0,0,0,0,1.0,1.0,1.0,1.0,1.0,1,0.15153371543590285,34
597,1,1207,1207,0,0,0,0,1.0,1.0,1.0,1.0,1.0,1,0.17359165525309211,33
598,4,1211,1211,0,0,0,0,1.0,1.0,1.0,1.0,1.0,1,0.259865395737601,33
599,1,1212,1212,0,0,0,0,1.0,1.0,1.0,1.0,1.0,1,0.2784616209935087,33
600,0,1212,1212,0,0,0,0,1.0,1.0,1.0,1.0,1.0,1,0.2784616209935087,33
601,2,1214,1214,0,0,0,0,1.0,1.0,1.0,1.0,1.0,1,0.32464080366380477,34
602,1,1215,1215,0,0,0,0,1.0,1.0,1.0,1.0,1.0,1,0.3369440047681092,35
603,3,1218,1218,0,0,0,0,1.0,1.0,1.0,1.0,1.0,1,0.2432582286911177,35
604,2,1220,1220,0,0,0,0,1.0,1.0,1.0,1.0,1.0,1,0.26836348455039355,35
605,2,1222,1222,0,0,0,0,1.0,1.0,1.0,1.0,1.0,1,0.20704308013107978,35
606,1,1223,1223,0,0,0,0,1.0,1.0,1.0,1.0,1.0,1,0.19472908264213148,35
607,4,1227,1227,0,0,0,0,1.0,1.0,1.0,1.0,1.0,1,0.18491729671079318,35
608,1,1228,1228,0,0,0,0,1.0,1.0,1.0,1.0,1.0,1,0.19096888414023236,36
609,1,1229,1229,0,0,0,0,1.0,1.0,1.0,1.0,1.0,1,0.17150548112663702,37
610,3,1232,1232,0,0,0,0,1.0,1.0,1.0,1.0,1.0,1,0.12504737557505463,37
611,2,1234,1234,0,0,0,0,1.0,1.0,1.0,1.0,1.0,1,0.1727855597826523,39
612,3,1237,1237,0,0,0,0,1.0,1.0,1.0,1.0,1.0,1,0.20231467974025488,39
613,3,1240,1240,0,0,0,0,1.0,1.0,1.0,1.0,1.0,1,0.15458958203846987,39
614,3,1243,1243,0,0,0,0,1.0,1.0,1.0,1.0,1.0,1,0.14789809078669175,39
615,2,1245,1245,0,0,0,0,1.0,1.0,1.0,1.0,1.0,1,0.10469748863025732,39
616,1,1246,1246,0,0,0,0,1.0,1.0,1.0,1.0,1.0,1,0.10559848238863348,38
617,2,1248,1248,0,0,0,0,1.0,1.0,1.0,1.0,1.0,1,0.0972883907377305,39
618,2,1250,1250,0,0,0,0,1.0,1.0,1.0,1.0,1.0,1,0.18011460294230075,40
619,1,1251,1251,0,0,0,0,1.0,1.0,1.0,1.0,1.0,1,0.1752955618587822,39
620,0,1251,1251,0,0,0,0,1.0,1.0,1.0,1.0,1.0,1,0.16490014457067018,38
621,2,1253,1253,0,0,0,0,1.0,1.0,1.0,1.0,1.0,1,0.2283866101487065,38
622,3,1256,1256,0,0,0,0,1.0,1.0,1.0,1.0,1.0,1,0.17980581320920203,38
623,3,1259,1259,0,0,0,0,1.0,1.0,1.0,1.0,1.0,1,0.22977260028257385,37
624,4,1263,1263,0,0,0,0,1.0,1.0,1.0,1.0,1.0,1,0.16095704910090275,33
625,2,1265,1265,0,0,0,0,1.0,1.0,1.0,1.0,1.0,1,0.14312884376986656,32
626,5,1270,1270,0,0,0,0,1.0,1.0,1.0,1.0,1.0,1,0.18522636056703207,31
627,2,1272,1272,0,0,0,0,1.0,1.0,1.0,1.0,1.0,1,0.2807314208843164,30
628,6,1278,1278,0,0,0,0,1.0,1.0,1.0,1.0,1.0,1,0.2582536952225241,32
629,1,1279,1279,0,0,0,0,1.0,1.0,1.0,1.0,1.0,1,0.22027253570872504,29
630,4,1283,1283,0,0,0,0,1.0,1.0,1.0,1.0,1.0,1,0.255296302311763,29
631,3,1286,1286,0,0,0,0,1.0,1.0,1.0,1.0,1.0,1,0.2781215726462042,25
632,0,1286,1286,0,0,0,0,1.0,1.0,1.0,1.0,1.0,1,0.3032064233701851,24
633,3,1289,1289,0,0,0,0,1.0,1.0,1.0,1.0,1.0,1,0.2451106518706124,23
634,1,1290,1290,0,0,0,0,1.0,1.0,1.0,1.0,1.0,1,0.22003639166438627,23
635,4,1294,1294,0,0,0,0,1.0,1.0,1.0,1.0,1.0,1,0.2987860619363312,22
636,3,1297,1297,0,0,0,0,1.0,1.0,1.0,1.0,1.0,1,0.2492467699217037,22
637,1,1298,1298,0,0,0,0,1.0,1.0,1.0,1.0,1.0,1,0.26686269929630796,23
638,0,1298,1298,0,0,0,0,1.0,1.0,1.0,1.0,1.0,1,0.26686269929630796,23
639,0,1298,1298,0,0,0,0,1.0,1.0,1.0,1.0,1.0,1,0.26626064429535845,24
640,0,1298,1298,0,0,0,0,1.0,1.0,1.0,1.0,1.0,1,0.26626064429535845,24
641,3,1301,1301,0,0,0,0,1.0,1.0,1.0,1.0,1.0,1,0.2869651857902891,25
642,1,1302,1302,0,0,0,0,1.0,1.0,1.0,1.0,1.0,1,0.261990066102142,26
643,2,1304,1304,0,0,0,0,1.0,1.0,1.0,1.0,1.0,1,0.207299930832136,28
644,2,1306,1306,0,0,0,0,1.0,1.0,1.0,1.0,1.0,1,0.192886774474311,28
645,3,1309,1309,0,0,0,0,1.0,1.0,1.0,1.0,1.0,1,0.1729870405133992,28
646,0,1309,1309,0,0,0,0,1.0,1.0,1.0,1.0,1.0,1,0.19585775321591023,29
647,3,1312,1312,0,0,0,0,1.0,1.0,1.0,1.0,1.0,1,0.20365850714351408,30
648,1,1313,1313,0,0,0,0,1.0,1.0,1.0,1.0,1.0,1,0.22632806983798653,30
649,3,1316,1316,0,0,0,0,1.0,1.0,1.0,1.0,1.0,1,0.20379349870073912,31
650,0,1316,1316,0,0,0,0,1.0,1.0,1.0,1.0,1.0,1,0.20379349870073912,31
651,2,1318,1318,0,0,0,0,1.0,1.0,1.0,1.0,1.0,1,0.23671504999922405,32
652,1,1319,1319,0,0,0,0,1.0,1.0,1.0,1.0,1.0,1,0.26678843294291865,32
653,3,1322,1322,0,0,0,0,1.0,1.0,1.0,1.0,1.0,1,0.20273783728821426,33
654,2,1324,1324,0,0,0,0,1.0,1.0,1.0,1.0,1.0,1,0.27360675781868077,33
655,3,1327,1327,0,0,0,0,1.0,1.0,1.0,1.0,1.0,1,0.28266742379845133,36
656,1,1328,1328,0,0,0,0,1.0,1.0,1.0,1.0,1.0,1,0.2493636883907611,36
657,2,1330,1330,0,0,0,0,1.0,1.0,1.0,1.0,1.0,1,0.19865583164515294,35
658,1,1331,1331,0,0,0,0,1.0,1.0,1.0,1.0,1.0,1,0.22784672735739023,33
659,1,1332,1332,0,0,0,0,1.0,1.0,1.0,1.0,1.0,1,0.21173104276352764,35
660,1,1333,1333,0,0,0,0,1.0,1.0,1.0,1.0,1.0,1,0.23113274388494293,34
661,2,1335,1335,0,0,0,0,1.0,1.0,1.0,1.0,1.0,1,0.23205310131093443,33
662,3,1338,1338,0,0,0,0,1.0,1.0,1.0,1.0,1.0,1,0.22940139280632627,31
663,4,1342,1342,0,0,0,0,1.0,1.0,1.0,1.0,1.0,1,0.2598335324806329,29
664,3,1345,1345,0,0,0,0,1.0,1.0,1.0,1.0,1.0,1,0.2700829329615632,27
665,4,1349,1349,0,0,0,0,1.0,1.0,1.0,1.0,1.0,1,0.3084742595854321,27
666,6,1355,1355,0,0,0,0,1.0,1.0,1.0,1.0,1.0,1,0.217099063030161,28
667,3,1358,1358,0,0,0,0,1.0,1.0,1.0,1.0,1.0,1,0.10667765740786742,26
668,3,1361,1361,0,0,0,0,1.0,1.0,1.0,1.0,1.0,1,0.06933930106254572,26
669,2,1363,1363,0,0,0,0,1.0,1.0,1.0,1.0,1.0,1,0.1753690409745507,25
670,0,1363,1363,0,0,0,0,1.0,1.0,1.0,1.0,1.0,1,0.20515918200882052,24
671,0,1363,1363,0,0,0,0,1.0,1.0,1.0,1.0,1.0,1,0.20515918200882052,24
672,1,1364,1364,0,0,0,0,1.0,1.0,1.0,1.0,1.0,1,0.2696071712732505,25
673,1,1365,1365,0,0,0,0,1.0,1.0,1.0,1.0,1.0,1,0.2314288312064383,25
674,1,1366,1366,0,0,0,0,1.0,1.0,1.0,1.0,1.0,1,0.1904546871201959,25
675,1,1367,1367,0,0,0,0,1.0,1.0,1.0,1.0,1.0,1,0.13647932406253657,26
676,3,1370,1370,0,0,0,0,1.0,1.0,1.0,1.0,1.0,1,0.1489117041890293,27
677,0,1370,1370,0,0,0,0,1.0,1.0,1.0,1.0,1.0,1,0.1379903199536062,28
678,1,1371,1371,0,0,0,0,1.0,1.0,1.0,1.0,1.0,1,0.09846916708472828,28
679,0,1371,1371,0,0,0,0,1.0,1.0,1.0,1.0,1.0,1,0.07641918828985071,30
680,0,1371,1371,0,0,0,0,1.0,1.0,1.0,1.0,1.0,1,0.11308685903362381,29
681,2,1373,1373,0,0,0,0,1.0,1.0,1.0,1.0,1.0,1,0.11975647913711893,29
682,0,1373,1373,0,0,0,0,1.0,1.0,1.0,1.0,1.0,1,0.13170988865998634,30
683,2,1375,1375,0,0,0,0,1.0,1.0,1.0,1.0,1.0,1,0.15243154585369234,30
684,2,1377,1377,0,0,0,0,1.0,1.0,1.0,1.0,1.0,1,0.07926006668363943,31
685,4,1381,1381,0,0,0,0,1.0,1.0,1.0,1.0,1.0,1,0.21358584294580008,30
686,3,1384,1384,0,0,0,0,1.0,1.0,1.0,1.0,1.0,1,0.23667159551156677,30
687,2,1386,1386,0,0,0,0,1.0,1.0,1.0,1.0,1.0,1,0.3044239280669039,30
688,4,1390,1390,0,0,0,0,1.0,1.0,1.0,1.0,1.0,1,0.23730438173244753,31
689,1,1391,1391,0,0,0,0,1.0,1.0,1.0,1.0,1.0,1,0.23846777292698945,32
690,3,1394,1394,0,0,0,0,1.0,1.0,1.0,1.0,1.0,1,0.20288282886841638,32
691,4,1398,1398,0,0,0,0,1.0,1.0,1.0,1.0,1.0,1,0.22240985002161268,32
692,0,1398,1398,0,0,0,0,1.0,1.0,1.0,1.0,1.0,1,0.22240985002161268,32
693,4,1402,1402,0,0,0,0,1.0,1.0,1.0,1.0,1.0,1,0.2906492168484491,34
694,3,1405,1405,0,0,0,0,1.0,1.0,1.0,1.0,1.0,1,0.39487042450896587,36
695,2,1407,1407,0,0,0,0,1.0,1.0,1.0,1.0,1.0,1,0.4281247502658001,34
696,5,1412,1412,0,0,0,0,1.0,1.0,1.0,1.0,1.0,1,0.2738819352487649,33
697,1,1413,1413,0,0,0,0,1.0,1.0,1.0,1.0,1.0,1,0.32752811124789,33
698,3,1416,1416,0,0,0,0,1.0,1.0,1.0,1.0,1.0,1,0.2997430431431912,34
699,3,1419,1419,0,0,0,0,1.0,1.0,1.0,1.0,1.0,1,0.2528533597155718,33
700,3,1422,1422,0,0,0,0,1.0,1.0,1.0,1.0,1.0,1,0.23867492119778425,32
701,1,1423,1423,0,0,0,0,1.0,1.0,1.0,1.0,1.0,1,0.23481021600281224,33
702,2,1425,1425,0,0,0,0,1.0,1.0,1.0,1.0,1.0,1,0.26430484813358607,34
703,1,1426,1426,0,0,0,0,1.0,1.0,1.0,1.0,1.0,1,0.31837227421847497,32
704,2,1428,1428,0,0,0,0,1.0,1.0,1.0,1.0,1.0,1,0.2721765456031327,31
705,1,1429,1429,0,0,0,0,1.0,1.0,1.0,1.0,1.0,1,0.3403783522523421,33
706,1,1430,1430,0,0,0,0,1.0,1.0,1.0,1.0,1.0,1,0.30693193325115725,33
707,2,1432,1432,0,0,0,0,1.0,1.0,1.0,1.0,1.0,1,0.25995180284381436,31
708,0,1432,1432,0,0,0,0,1.0,1.0,1.0,1.0,1.0,1,0.25995180284381436,31
709,0,1432,1432,0,0,0,0,1.0,1.0,1.0,1.0,1.0,1,0.2906245519085861,30
710,0,1432,1432,0,0,0,0,1.0,1.0,1.0,1.0,1.0,1,0.2906245519085861,30
711,0,1432,1432,0,0,0,0,1.0,1.0,1.0,1.0,1.0,1,0.27230359760114686,30
712,1,1433,1433,0,0,0,0,1.0,1.0,1.0,1.0,1.0,1,0.24752535001318207,30
713,0,1433,1433,0,0,0,0,1.0,1.0,1.0,1.0,1.0,1,0.23052125220512384,31
714,2,1435,1435,0,0,0,0,1.0,1.0,1.0,1.0,1.0,1,0.24832026301008978,31
715,3,1438,1438,0,0,0,0,1.0,1.0,1.0,1.0,1.0,1,0.2763867596086408,30
716,2,1440,1440,0,0,0,0,1.0,1.0,1.0,1.0,1.0,1,0.241048848594125,31
717,4,1444,1444,0,0,0,0,1.0,1.0,1.0,1.0,1.0,1,0.2470187915679321,32
718,2,1446,1446,0,0,0,0,1.0,1.0,1.0,1.0,1.0,1,0.23943188429237355,32
719,2,1448,1448,0,0,0,0,1.0,1.0,1.0,1.0,1.0,1,0.2654259959427687,32
720,1,1449,1449,0,0,0,0,1.0,1.0,1.0,1.0,1.0,1,0.2494858006325734,34
721,3,1452,1452,0,0,0,0,1.0,1.0,1.0,1.0,1.0,1,0.35587195654537546,34
722,0,1452,1452,0,0,0,0,1.0,1.0,1.0,1.0,1.0,1,0.35587195654537546,34
723,3,1455,1455,0,0,0,0,1.0,1.0,1.0,1.0,1.0,1,0.3571888632869663,35
724,0,1455,1455,0,0,0,0,1.0,1.0,1.0,1.0,1.0,1,0.35367686461946696,36
725,2,1457,1457,0,0,0,0,1.0,1.0,1.0,1.0,1.0,1,0.3386741777720578,37
726,2,1459,1459,0,0,0,0,1.0,1.0,1.0,1.0,1.0,1,0.3142395891087287,37
727,0,1459,1459,0,0,0,0,1.0,1.0,1.0,1.0,1.0,1,0.32545044935120876,38
728,0,1459,1459,0,0,0,0,1.0,1.0,1.0,1.0,1.0,1,0.3239898743368477,39
729,1,1460,1460,0,0,0,0,1.0,1.0,1.0,1.0,1.0,1,0.30874060233924505,39
730,2,1462,1462,0,0,0,0,1.0,1.0,1.0,1.0,1.0,1,0.2799766650688863,40
731,0,1462,1462,0,0,0,0,1.0,1.0,1.0,1.0,1.0,1,0.2799766650688863,40
732,1,1463,1463,0,0,0,0,1.0,1.0,1.0,1.0,1.0,1,0.287706470402003,41
733,0,1463,1463,0,0,0,0,1.0,1.0,1.0,1.0,1.0,1,0.2614727283041042,41
734,3,1466,1466,0,0,0,0,1.0,1.0,1.0,1.0,1.0,1,0.22565950708955437,42
735,1,1467,1467,0,0,0,0,1.0,1.0,1.0,1.0,1.0,1,0.23406839664277987,42
736,1,1468,1468,0,0,0,0,1.0,1.0,1.0,1.0,1.0,1,0.2124401554989861,41
737,0,1468,1468,0,0,0,0,1.0,1.0,1.0,1.0,1.0,1,0.21648090403060605,41
738,2,1470,1470,0,0,0,0,1.0,1.0,1.0,1.0,1.0,1,0.26437851712310156,39
739,1,1471,1471,0,0,0,0,1.0,1.0,1.0,1.0,1.0,1,0.23536895547617384,39
740,7,1478,1478,0,0,0,0,1.0,1.0,1.0,1.0,1.0,1,0.26400911399002897,39
741,5,1483,1483,0,0,0,0,1.0,1.0,1.0,1.0,1.0,1,0.25471367217386703,38
742,3,1486,1486,0,0,0,0,1.0,1.0,1.0,1.0,1.0,1,0.162740853293976,39
743,4,1490,1490,0,0,0,0,1.0,1.0,1.0,1.0,1.0,1,0.13878504776254874,39
744,2,1492,1492,0,0,0,0,1.0,1.0,1.0,1.0,1.0,1,0.10255933179801455,39
745,4,1496,1496,0,0,0,0,1.0,1.0,1.0,1.0,1.0,1,0.08320982065495987,39
746,2,1498,1498,0,0,0,0,1.0,1.0,1.0,1.0,1.0,1,0.06114293509729187,40
747,2,1500,1500,0,0,0,0,1.0,1.0,1.0,1.0,1.0,1,0.14772323801348825,41
748,1,1501,1501,0,0,0,0,1.0,1.0,1.0,1.0,1.0,1,0.1797103829425261,41
749,2,1503,1503,0,0,0,0,1.0,1.0,1.0,1.0,1.0,1,0.17765467946904318,41
750,1,1504,1504,0,0,0,0,1.0,1.0,1.0,1.0,1.0,1,0.25856969082378645,39
751,1,1505,1505,0,0,0,0,1.0,1.0,1.0,1.0,1.0,1,0.25338099642490275,41
752,2,1507,1507,0,0,0,0,1.0,1.0,1.0,1.0,1.0,1,0.26392324651810756,41
753,2,1509,1509,0,0,0,0,1.0,1.0,1.0,1.0,1.0,1,0.269980975355346,41
754,2,1511,1511,0,0,0,0,1.0,1.0,1.0,1.0,1.0,1,0.2655787824327606,41
755,1,1512,1512,0,0,0,0,1.0,1.0,1.0,1.0,1.0,1,0.3064381494764901,41
756,1,1513,1513,0,0,0,0,1.0,1.0,1.0,1.0,1.0,1,0.2925922670349331,41
757,3,1516,1516,0,0,0,0,1.0,1.0,1.0,1.0,1.0,1,0.33277713425029837,39
758,0,1516,1516,0,0,0,0,1.0,1.0,1.0,1.0,1.0,1,0.33622377558992267,39
759,1,1517,1517,0,0,0,0,1.0,1.0,1.0,1.0,1.0,1,0.30736267244439347,39
760,0,1517,1517,0,0,0,0,1.0,1.0,1.0,1.0,1.0,1,0.32166448848060625,40
761,0,1517,1517,0,0,0,0,1.0,1.0,1.0,1.0,1.0,1,0.31985476140828417,41
762,0,1517,1517,0,0,0,0,1.0,1.0,1.0,1.0,1.0,1,0.304622252523762,42
763,0,1517,1517,0,0,0,0,0.9885256256998788,0.9765048526235612,0.9885256256998788,0.9765048526235612,1.0,1,0.31056098228665485,43
764,3,1520,1520,0,0,0,0,1.0,1.0,1.0,1.0,1.0,1,0.2838843240401151,43
765,2,1522,1522,0,0,0,0,1.0,1.0,1.0,1.0,1.0,1,0.21736454797741872,45
766,4,1526,1526,0,0,0,0,1.0,1.0,1.0,1.0,1.0,1,0.20313055773219946,45
767,2,1528,1528,0,0,0,0,1.0,1.0,1.0,1.0,1.0,1,0.2176486363362587,46
768,4,1532,1532,0,0,0,0,1.0,1.0,1.0,1.0,1.0,1,0.25590475124473383,45
769,2,1534,1534,0,0,0,0,0.9960195597458202,0.9912809403956064,0.9960195597458202,0.9912809403956064,1.0,1,0.2566602910891032,46
770,2,1536,1536,0,0,0,0,0.9847190216805843,0.9657997151898791,0.9847190216805843,0.9657997151898791,1.0,1,0.22575803883330875,47
771,4,1540,1540,0,0,0,0,0.9850863390597042,0.966621806466957,0.9850863390597042,0.966621806466957,1.0,1,0.2487529145111881,47
772,1,1541,1541,0,0,0,0,0.984762129039263,0.966621806466957,0.984762129039263,0.966621806466957,1.0,1,0.23748416813739617,46
773,3,1544,1544,0,0,0,0,0.9590894016507463,0.9163192306492537,0.9590894016507463,0.9163192306492537,1.0,1,0.2851721041331727,45
774,2,1546,1546,0,0,0,0,0.9590894016507463,0.9163192306492537,0.9590894016507463,0.9163192306492537,1.0,1,0.2736008893546964,45
775,1,1547,1547,0,0,0,0,0.9590894016507463,0.9163192306492537,0.9590894016507463,0.9163192306492537,1.0,1,0.28086750374577213,45
776,3,1550,1550,0,0,0,0,0.9324807575750758,0.8737683728577502,0.9324807575750758,0.8737683728577502,1.0,1,0.34046872157676633,43
777,0,1550,1550,0,0,0,0,0.9143020335811637,0.8428870615654666,0.9143020335811637,0.8428870615654666,1.0,1,0.34046872157676633,44
778,3,1553,1553,0,0,0,0,0.9186256885670694,0.8474231660632551,0.9186256885670694,0.8474231660632551,1.0,1,0.29530744963341177,45
779,0,1553,1553,0,0,0,0,0.9186256885670692,0.8474231660632551,0.9186256885670692,0.8474231660632551,1.0,1,0.29530744963341177,45
780,1,1554,1554,0,0,0,0,0.9399011608366401,0.8824153146803828,0.9399011608366401,0.8824153146803828,1.0,1,0.29216259610088813,45
781,0,1554,1554,0,0,0,0,0.9412076573401914,0.8824153146803828,0.9412076573401914,0.8824153146803828,1.0,1,0.27590224993972406,46
782,1,1555,1555,0,0,0,0,0.9166362807727074,0.8367460498465522,0.9166362807727074,0.8367460498465522,1.0,1,0.28826574269342853,47
783,0,1555,1555,0,0,0,0,0.9148240260068967,0.8367460498465522,0.9148240260068967,0.8367460498465522,1.0,1,0.27871032017860725,46
784,1,1556,1556,0,0,0,0,0.9129312265848278,0.8367460498465522,0.9129312265848278,0.8367460498465522,1.0,1,0.2893172673263278,45
785,1,1557,1557,0,0,0,0,0.9088815161934245,0.8367460498465522,0.9088815161934245,0.8367460498465522,1.0,1,0.3069981083552101,43
786,3,1560,1560,0,0,0,0,0.9368535557688342,0.8819436042634724,0.9368535557688342,0.8819436042634724,1.0,1,0.2951066766610399,43
787,2,1562,1562,0,0,0,0,0.9632524643477324,0.9281752712251132,0.9632524643477324,0.9281752712251132,1.0,1,0.3016654210512564,43
788,3,1565,1565,0,0,0,0,0.9683509574022487,0.9367019148044976,0.9683509574022487,0.9367019148044976,1.0,1,0.27667103092760403,44
789,1,1566,1566,0,0,0,0,0.9491521932802484,0.8983043865604967,0.9491521932802484,0.8983043865604967,1.0,1,0.2553975489033516,46
790,2,1568,1568,0,0,0,0,0.9663554077770091,0.9296522162610193,0.9663554077770091,0.9296522162610193,1.0,1,0.2462397829286357,46
791,1,1569,1569,0,0,0,0,0.9866868353351184,0.9708378297816876,0.9866868353351184,0.9708378297816876,1.0,1,0.26501025620155794,46
792,0,1569,1569,0,0,0,0,0.9869700941577754,0.9708378297816876,0.9869700941577754,0.9708378297816876,1.0,1,0.2527437309116992,47
793,0,1569,1569,0,0,0,0,0.9872415505294884,0.9708378297816876,0.9872415505294884,0.9708378297816876,1.0,1,0.25266582821300176,48
794,4,1573,1573,0,0,0,0,0.9969643124669405,0.9927143499206571,0.9969643124669405,0.9927143499206571,1.0,1,0.25465284924248527,48
795,3,1576,1576,0,0,0,0,0.9882778953442488,0.9724530540589849,0.9882778953442488,0.9724530540589849,1.0,1,0.292857320581329,47
796,3,1579,1579,0,0,0,0,0.9810623242133261,0.9573902294799835,0.9810623242133261,0.9573902294799835,1.0,1,0.316957920114511,45
797,4,1583,1583,0,0,0,0,0.9649545085329279,0.9215648524308387,0.9649545085329279,0.9215648524308387,1.0,1,0.2885404862398694,47
798,5,1588,1588,0,0,0,0,0.9231289888332337,0.8462579776664673,0.9231289888332337,0.8462579776664673,1.0,1,0.2782463359620542,48
799,5,1593,1593,0,0,0,0,0.9219268236348958,0.8438536472697914,0.9219268236348958,0.8438536472697914,1.0,1,0.26103755562801995,48
800,5,1598,1598,0,0,0,0,0.9779246120206428,0.9495419703328979,0.9779246120206428,0.9495419703328979,1.0,1,0.276756695918597,48
801,2,1600,1600,0,0,0,0,0.9789656030569708,0.9509197404662652,0.9789656030569708,0.9509197404662652,1.0,1,0.25510794545784815,49
802,1,1601,1601,0,0,0,0,1.0,1.0,1.0,1.0,1.0,1,0.24291546694847033,50
803,1,1602,1602,0,0,0,0,0.9750101224608124,0.9405002915733628,0.9750101224608124,0.9405002915733628,1.0,1,0.255130061147648,50
804,1,1603,1603,0,0,0,0,0.9957139609726922,0.9892849024317302,0.9957139609726922,0.9892849024317302,1.0,1,0.25501830414722637,50
805,1,1604,1604,0,0,0,0,1.0,1.0,1.0,1.0,1.0,1,0.24458663300952194,50
806,0,1604,1604,0,0,0,0,1.0,1.0,1.0,1.0,1.0,1,0.24471116931731793,51
807,2,1606,1606,0,0,0,0,1.0,1.0,1.0,1.0,1.0,1,0.2632561996971031,51
808,0,1606,1606,0,0,0,0,1.0,1.0,1.0,1.0,1.0,1,0.25113063619705017,53
809,2,1608,1608,0,0,0,0,1.0,1.0,1.0,1.0,1.0,1,0.2370158272360658,51
810,4,1612,1612,0,0,0,0,1.0,1.0,1.0,1.0,1.0,1,0.18341052808327235,52
811,0,1612,1612,0,0,0,0,1.0,1.0,1.0,1.0,1.0,1,0.19753380153107356,50
812,1,1613,1613,0,0,0,0,1.0,1.0,1.0,1.0,1.0,1,0.17958061015344695,51
813,3,1616,1616,0,0,0,0,1.0,1.0,1.0,1.0,1.0,1,0.20606152544585676,51
814,0,1616,1616,0,0,0,0,0.9939867586168242,0.984365572403743,0.9939867586168242,0.984365572403743,1.0,1,0.21612306465053346,52
815,3,1619,1619,0,0,0,0,0.9899661639901521,0.9749154099753802,0.9899661639901521,0.9749154099753802,1.0,1,0.25098166039740716,50
816,2,1621,1621,0,0,0,0,1.0,1.0,1.0,1.0,1.0,1,0.22533310165882384,50
817,2,1623,1623,0,0,0,0,0.9900785142499704,0.9756923599124275,0.9900785142499704,0.9756923599124275,1.0,1,0.260546094950292,49
818,1,1624,1624,0,0,0,0,1.0,1.0,1.0,1.0,1.0,1,0.25437105161132867,49
819,2,1626,1626,0,0,0,0,0.9725301476989228,0.9345955897593398,0.9725301476989228,0.9345955897593398,1.0,1,0.2664479244548233,50
820,1,1627,1627,0,0,0,0,0.99096496005713,0.9778641521399684,0.99096496005713,0.9778641521399684,1.0,1,0.2800099903584131,49
821,1,1628,1628,0,0,0,0,0.9909649600571299,0.9778641521399684,0.9909649600571299,0.9778641521399684,1.0,1,0.26691923409007756,49
822,2,1630,1630,0,0,0,0,0.9968496141290434,0.9922815546161564,0.9968496141290434,0.9922815546161564,1.0,1,0.2607264214043802,49
823,1,1631,1631,0,0,0,0,0.9967155551558113,0.9922815546161564,0.9967155551558113,0.9922815546161564,1.0,1,0.2543235394146916,47
824,3,1634,1634,0,0,0,0,1.0,1.0,1.0,1.0,1.0,1,0.22996139491124679,45
825,1,1635,1635,0,0,0,0,1.0,1.0,1.0,1.0,1.0,1,0.20560090886915428,43
826,3,1638,1638,0,0,0,0,1.0,1.0,1.0,1.0,1.0,1,0.18618901977541905,44
827,2,1640,1640,0,0,0,0,1.0,1.0,1.0,1.0,1.0,1,0.21391721657425108,43
828,2,1642,1642,0,0,0,0,1.0,1.0,1.0,1.0,1.0,1,0.19170735630852145,43
829,1,1643,1643,0,0,0,0,1.0,1.0,1.0,1.0,1.0,1,0.17875404247504847,45
830,1,1644,1644,0,0,0,0,1.0,1.0,1.0,1.0,1.0,1,0.14375485766496549,46
831,0,1644,1644,0,0,0,0,1.0,1.0,1.0,1.0,1.0,1,0.14636101314173808,48
832,3,1647,1647,0,0,0,0,1.0,1.0,1.0,1.0,1.0,1,0.177891673331481,47
833,2,1649,1649,0,0,0,0,1.0,1.0,1.0,1.0,1.0,1,0.1968767518704663,47
834,4,1653,1653,0,0,0,0,0.9895871536549443,0.9760504534063719,0.9895871536549443,0.9760504534063719,1.0,1,0.27055250456113916,46
835,1,1654,1654,0,0,0,0,0.9708089205844264,0.9374476869666275,0.9708089205844264,0.9374476869666275,1.0,1,0.28085008114923316,45
836,4,1658,1658,0,0,0,0,0.9639933051934367,0.9211281923284805,0.9639933051934367,0.9211281923284805,1.0,1,0.2727060270976472,46
837,1,1659,1659,0,0,0,0,0.9497235339239273,0.8948764800227572,0.9497235339239273,0.8948764800227572,1.0,1,0.28024506301519764,46
838,3,1662,1662,0,0,0,0,0.9486062791222368,0.8948764800227572,0.9486062791222368,0.8948764800227572,1.0,1,0.2858592604779727,45
839,1,1663,1663,0,0,0,0,0.9296744294596032,0.8593488589192065,0.9296744294596032,0.8593488589192065,1.0,1,0.285603123072491,46
840,2,1665,1665,0,0,0,0,0.9243368633341587,0.8486737266683174,0.9243368633341587,0.8486737266683174,1.0,1,0.2737545287231387,46
841,3,1668,1668,0,0,0,0,0.9031254195951081,0.8143237208906238,0.9031254195951081,0.8143237208906238,1.0,1,0.27430828352304165,46
842,0,1668,1668,0,0,0,0,0.9031254195951081,0.8143237208906238,0.9031254195951081,0.8143237208906238,1.0,1,0.27430828352304165,46
843,3,1671,1671,0,0,0,0,0.9414653639247629,0.8776093972972314,0.9414653639247629,0.8776093972972314,1.0,1,0.28125339083241246,46
844,2,1673,1673,0,0,0,0,0.9276544369283165,0.8521634145926467,0.9276544369283165,0.8521634145926467,1.0,1,0.29427017816353823,47
845,3,1676,1676,0,0,0,0,0.9485305541679065,0.8877030272754325,0.9485305541679065,0.8877030272754325,1.0,1,0.2835787682117495,48
846,1,1677,1677,0,0,0,0,0.9671073983515599,0.9263832248820627,0.9671073983515599,0.9263832248820627,1.0,1,0.2957776543341799,47
847,3,1680,1680,0,0,0,0,0.9968381976867088,0.9924116744481013,0.9968381976867088,0.9924116744481013,1.0,1,0.2631491769089763,48
848,2,1682,1682,0,0,0,0,0.996838197686709,0.9924116744481013,0.996838197686709,0.9924116744481013,1.0,1,0.224986539068781,48
849,2,1684,1684,0,0,0,0,0.994305384761224,0.9863329234269375,0.994305384761224,0.9863329234269375,1.0,1,0.2265348497922931,48
850,1,1685,1685,0,0,0,0,0.9940577927943207,0.9863329234269375,0.9940577927943207,0.9863329234269375,1.0,1,0.23491340004987316,46
851,2,1687,1687,0,0,0,0,1.0,1.0,1.0,1.0,1.0,1,0.18447078287495255,45
852,1,1688,1688,0,0,0,0,0.9966777349102766,0.9926910168026084,0.9966777349102766,0.9926910168026084,1.0,1,0.23363132647970533,44
853,2,1690,1690,0,0,0,0,1.0,1.0,1.0,1.0,1.0,1,0.20889118117259944,44
854,4,1694,1694,0,0,0,0,1.0,1.0,1.0,1.0,1.0,1,0.15836025442791057,45
855,1,1695,1695,0,0,0,0,1.0,1.0,1.0,1.0,1.0,1,0.1729775078664143,46
856,2,1697,1697,0,0,0,0,1.0,1.0,1.0,1.0,1.0,1,0.14901115111138263,46
857,2,1699,1699,0,0,0,0,1.0,1.0,1.0,1.0,1.0,1,0.173695361507012,47
858,1,1700,1700,0,0,0,0,1.0,1.0,1.0,1.0,1.0,1,0.18015268542205956,48
859,0,1700,1700,0,0,0,0,1.0,1.0,1.0,1.0,1.0,1,0.18015268542205956,48
860,3,1703,1703,0,0,0,0,1.0,1.0,1.0,1.0,1.0,1,0.21872543200584196,49
861,0,1703,1703,0,0,0,0,1.0,1.0,1.0,1.0,1.0,1,0.21872543200584196,49
862,3,1706,1706,0,0,0,0,1.0,1.0,1.0,1.0,1.0,1,0.18525398124766163,49
863,1,1707,1707,0,0,0,0,1.0,1.0,1.0,1.0,1.0,1,0.1534400768499666,48
864,0,1707,1707,0,0,0,0,1.0,1.0,1.0,1.0,1.0,1,0.15313959205798972,49
865,1,1708,1708,0,0,0,0,1.0,1.0,1.0,1.0,1.0,1,0.1008226762323994,48
866,3,1711,1711,0,0,0,0,1.0,1.0,1.0,1.0,1.0,1,0.1248751467176727,50
867,2,1713,1713,0,0,0,0,1.0,1.0,1.0,1.0,1.0,1,0.10303449648917605,50
868,5,1718,1718,0,0,0,0,1.0,1.0,1.0,1.0,1.0,1,0.14835321161946124,51
869,2,1720,1720,0,0,0,0,1.0,1.0,1.0,1.0,1.0,1,0.14602535247679807,49
870,3,1723,1723,0,0,0,0,1.0,1.0,1.0,1.0,1.0,1,0.19567186059604152,49
871,3,1726,1726,0,0,0,0,1.0,1.0,1.0,1.0,1.0,1,0.1874373159953375,49
872,5,1731,1731,0,0,0,0,0.9635834556355589,0.9240002552394272,0.9635834556355589,0.9240002552394272,1.0,1,0.220582293594519,48
873,3,1734,1734,0,0,0,0,0.9980687553783919,0.9954937625495812,0.9980687553783919,0.9954937625495812,1.0,1,0.2256261870239989,49
874,5,1739,1739,0,0,0,0,0.9695358348392049,0.9321479957782292,0.9695358348392049,0.9321479957782292,1.0,1,0.23535820317172443,49
875,3,1742,1742,0,0,0,0,0.9640185465560398,0.9182239694455449,0.9640185465560398,0.9182239694455449,1.0,1,0.22801351049918644,50
876,4,1746,1746,0,0,0,0,0.961861055890921,0.9133205815702747,0.961861055890921,0.9133205815702747,1.0,1,0.23006662605306527,50
877,3,1749,1749,0,0,0,0,1.0,1.0,1.0,1.0,1.0,1,0.1977221086312893,50
878,3,1752,1752,0,0,0,0,1.0,1.0,1.0,1.0,1.0,1,0.18560299726752638,49
879,1,1753,1753,0,0,0,0,1.0,1.0,1.0,1.0,1.0,1,0.20300834962792533,49
880,2,1755,1755,0,0,0,0,1.0,1.0,1.0,1.0,1.0,1,0.2116643904055785,48
881,1,1756,1756,0,0,0,0,1.0,1.0,1.0,1.0,1.0,1,0.21512151433421314,49
882,1,1757,1757,0,0,0,0,1.0,1.0,1.0,1.0,1.0,1,0.26609610541906054,48
883,1,1758,1758,0,0,0,0,1.0,1.0,1.0,1.0,1.0,1,0.28072535132593424,50
884,1,1759,1759,0,0,0,0,1.0,1.0,1.0,1.0,1.0,1,0.2660331629191311,50
885,2,1761,1761,0,0,0,0,1.0,1.0,1.0,1.0,1.0,1,0.22303066950744416,49
886,1,1762,1762,0,0,0,0,1.0,1.0,1.0,1.0,1.0,1,0.2244068412093557,49
887,1,1763,1763,0,0,0,0,1.0,1.0,1.0,1.0,1.0,1,0.24943769556763043,49
888,1,1764,1764,0,0,0,0,1.0,1.0,1.0,1.0,1.0,1,0.21974524521586317,47
889,1,1765,1765,0,0,0,0,1.0,1.0,1.0,1.0,1.0,1,0.24231801029024122,46
890,3,1768,1768,0,0,0,0,1.0,1.0,1.0,1.0,1.0,1,0.27974422920886327,44
891,2,1770,1770,0,0,0,0,1.0,1.0,1.0,1.0,1.0,1,0.26716494546191283,45
892,0,1770,1770,0,0,0,0,1.0,1.0,1.0,1.0,1.0,1,0.25784338897388615,45
893,2,1772,1772,0,0,0,0,1.0,1.0,1.0,1.0,1.0,1,0.25091952905139775,45
894,2,1774,1774,0,0,0,0,1.0,1.0,1.0,1.0,1.0,1,0.23284925221008532,44
895,2,1776,1776,0,0,0,0,1.0,1.0,1.0,1.0,1.0,1,0.18668128071724807,45
896,0,1776,1776,0,0,0,0,1.0,1.0,1.0,1.0,1.0,1,0.1851011529065762,44
897,2,1778,1778,0,0,0,0,1.0,1.0,1.0,1.0,1.0,1,0.1508143317202893,44
898,1,1779,1779,0,0,0,0,1.0,1.0,1.0,1.0,1.0,1,0.13012189667569937,45
899,0,1779,1779,0,0,0,0,1.0,1.0,1.0,1.0,1.0,1,0.14827930029281858,44
900,4,1783,1783,0,0,0,0,1.0,1.0,1.0,1.0,1.0,1,0.20975380983278216,46
901,2,1785,1785,0,0,0,0,1.0,1.0,1.0,1.0,1.0,1,0.2855605140399859,45
902,5,1790,1790,0,0,0,0,0.9255136510940402,0.8603380958013254,0.9255136510940402,0.8603380958013254,1.0,1,0.33989086917820927,45
903,3,1793,1793,0,0,0,0,1.0,1.0,1.0,1.0,1.0,1,0.3291781964331962,44
904,2,1795,1795,0,0,0,0,0.9512032173314512,0.904528033909361,0.9512032173314512,0.904528033909361,1.0,1,0.30789541200915227,45
905,4,1799,1799,0,0,0,0,1.0,1.0,1.0,1.0,1.0,1,0.2666367584890819,45
906,1,1800,1800,0,0,0,0,0.9970889240121844,0.9937619800261094,0.9970889240121844,0.9937619800261094,1.0,1,0.28926538147089376,45
907,4,1804,1804,0,0,0,0,0.9727678887864802,0.943060131099004,0.9727678887864802,0.943060131099004,1.0,1,0.2672400555089764,46
908,3,1807,1807,0,0,0,0,0.99252956095565,0.9836361811409476,0.99252956095565,0.9836361811409476,1.0,1,0.23828025702514488,46
909,1,1808,1808,0,0,0,0,0.9653631952738927,0.927577590118139,0.9653631952738927,0.927577590118139,1.0,1,0.26678203386625443,46
910,4,1812,1812,0,0,0,0,0.9436746231984313,0.892247105249173,0.9436746231984313,0.892247105249173,1.0,1,0.28582323396651504,44
911,2,1814,1814,0,0,0,0,0.9449262982384662,0.892247105249173,0.9449262982384662,0.892247105249173,1.0,1,0.3029997806492294,45
912,2,1816,1816,0,0,0,0,0.945095573670299,0.894965445282311,0.945095573670299,0.894965445282311,1.0,1,0.3167908017571896,44
913,0,1816,1816,0,0,0,0,0.9463156720331811,0.894965445282311,0.9463156720331811,0.894965445282311,1.0,1,0.31526731069262337,45
914,4,1820,1820,0,0,0,0,0.9648216276058843,0.9280442382847636,0.9648216276058843,0.9280442382847636,1.0,1,0.31939289704319135,45
915,1,1821,1821,0,0,0,0,0.9824247235841597,0.9623386933946279,0.9824247235841597,0.9623386933946279,1.0,1,0.308912728471116,45
916,1,1822,1822,0,0,0,0,1.0,1.0,1.0,1.0,1.0,1,0.2889203862090044,45
917,2,1824,1824,0,0,0,0,1.0,1.0,1.0,1.0,1.0,1,0.2575260741637679,46
918,0,1824,1824,0,0,0,0,1.0,1.0,1.0,1.0,1.0,1,0.2666427488363945,47
919,3,1827,1827,0,0,0,0,1.0,1.0,1.0,1.0,1.0,1,0.22851666174444155,47
920,0,1827,1827,0,0,0,0,1.0,1.0,1.0,1.0,1.0,1,0.22851666174444155,47
921,6,1833,1833,0,0,0,0,0.9950644014345581,0.9879077835146677,0.9950644014345581,0.9879077835146677,1.0,1,0.25214978497537505,49
922,2,1835,1835,0,0,0,0,1.0,1.0,1.0,1.0,1.0,1,0.22310549418934555,49
923,3,1838,1838,0,0,0,0,1.0,1.0,1.0,1.0,1.0,1,0.16655846722922657,47
924,0,1838,1838,0,0,0,0,1.0,1.0,1.0,1.0,1.0,1,0.16655846722922657,47
925,3,1841,1841,0,0,0,0,1.0,1.0,1.0,1.0,1.0,1,0.10441901100413647,47
926,1,1842,1842,0,0,0,0,1.0,1.0,1.0,1.0,1.0,1,0.11514894055723794,46
927,3,1845,1845,0,0,0,0,1.0,1.0,1.0,1.0,1.0,1,0.1493819514611311,45
928,0,1845,1845,0,0,0,0,1.0,1.0,1.0,1.0,1.0,1,0.16386933003721274,43
929,2,1847,1847,0,0,0,0,1.0,1.0,1.0,1.0,1.0,1,0.14751082029391868,42
930,2,1849,1849,0,0,0,0,1.0,1.0,1.0,1.0,1.0,1,0.1487041362562183,41
931,3,1852,1852,0,0,0,0,1.0,1.0,1.0,1.0,1.0,1,0.1624014014043462,40
932,3,1855,1855,0,0,0,0,1.0,1.0,1.0,1.0,1.0,1,0.18175155631772075,40
933,3,1858,1858,0,0,0,0,1.0,1.0,1.0,1.0,1.0,1,0.1497630989169611,39
934,6,1864,1864,0,0,0,0,1.0,1.0,1.0,1.0,1.0,1,0.2100436322337,39
935,1,1865,1865,0,0,0,0,1.0,1.0,1.0,1.0,1.0,1,0.2203148126280063,41
936,6,1871,1871,0,0,0,0,1.0,1.0,1.0,1.0,1.0,1,0.24708248428115426,42
937,2,1873,1873,0,0,0,0,1.0,1.0,1.0,1.0,1.0,1,0.23168989733887307,43
938,2,1875,1875,0,0,0,0,1.0,1.0,1.0,1.0,1.0,1,0.24294745990260289,44
939,1,1876,1876,0,0,0,0,1.0,1.0,1.0,1.0,1.0,1,0.24680706150344367,46
940,3,1879,1879,0,0,0,0,1.0,1.0,1.0,1.0,1.0,1,0.27547524311804067,46
941,1,1880,1880,0,0,0,0,1.0,1.0,1.0,1.0,1.0,1,0.26282350604429344,46
942,1,1881,1881,0,0,0,0,1.0,1.0,1.0,1.0,1.0,1,0.2305350136362522,46
943,1,1882,1882,0,0,0,0,1.0,1.0,1.0,1.0,1.0,1,0.2524566890668082,45
944,2,1884,1884,0,0,0,0,1.0,1.0,1.0,1.0,1.0,1,0.1952956497869453,45
945,0,1884,1884,0,0,0,0,1.0,1.0,1.0,1.0,1.0,1,0.18067679589589494,44
946,1,1885,1885,0,0,0,0,1.0,1.0,1.0,1.0,1.0,1,0.14958263934465518,46
947,0,1885,1885,0,0,0,0,1.0,1.0,1.0,1.0,1.0,1,0.15514927854596972,44
948,2,1887,1887,0,0,0,0,1.0,1.0,1.0,1.0,1.0,1,0.12010501199139116,44
949,0,1887,1887,0,0,0,0,1.0,1.0,1.0,1.0,1.0,1,0.12006649628589512,44
950,1,1888,1888,0,0,0,0,1.0,1.0,1.0,1.0,1.0,1,0.15388539644127616,43
951,0,1888,1888,0,0,0,0,1.0,1.0,1.0,1.0,1.0,1,0.1697963179760558,42
952,3,1891,1891,0,0,0,0,1.0,1.0,1.0,1.0,1.0,1,0.21213959466399024,42
953,2,1893,1893,0,0,0,0,1.0,1.0,1.0,1.0,1.0,1,0.27304769080601077,41
954,1,1894,1894,0,0,0,0,1.0,1.0,1.0,1.0,1.0,1,0.2917496357506981,40
955,0,1894,1894,0,0,0,0,1.0,1.0,1.0,1.0,1.0,1,0.29016493763546036,42
956,1,1895,1895,0,0,0,0,1.0,1.0,1.0,1.0,1.0,1,0.27365827619811606,43
957,0,1895,1895,0,0,0,0,1.0,1.0,1.0,1.0,1.0,1,0.29035068155000343,42
958,1,1896,1896,0,0,0,0,1.0,1.0,1.0,1.0,1.0,1,0.3227853437199677,43
959,0,1896,1896,0,0,0,0,1.0,1.0,1.0,1.0,1.0,1,0.30497577269741766,45
960,0,1896,1896,0,0,0,0,1.0,1.0,1.0,1.0,1.0,1,0.2759579468661996,47
961,1,1897,1897,0,0,0,0,1.0,1.0,1.0,1.0,1.0,1,0.2976804069361708,45
962,0,1897,1897,0,0,0,0,1.0,1.0,1.0,1.0,1.0,1,0.28099541793039096,45
963,3,1900,1900,0,0,0,0,1.0,1.0,1.0,1.0,1.0,1,0.2214246289479494,44
964,0,1900,1900,0,0,0,0,1.0,1.0,1.0,1.0,1.0,1,0.23637274177107437,44
965,4,1904,1904,0,0,0,0,1.0,1.0,1.0,1.0,1.0,1,0.1843700897398039,45
966,1,1905,1905,0,0,0,0,1.0,1.0,1.0,1.0,1.0,1,0.214987931791383,43
967,1,1906,1906,0,0,0,0,1.0,1.0,1.0,1.0,1.0,1,0.1971374634324291,43
968,2,1908,1908,0,0,0,0,1.0,1.0,1.0,1.0,1.0,1,0.24776018144102738,43
969,3,1911,1911,0,0,0,0,1.0,1.0,1.0,1.0,1.0,1,0.2427562456772247,42
970,1,1912,1912,0,0,0,0,1.0,1.0,1.0,1.0,1.0,1,0.2640456222213249,42
971,3,1915,1915,0,0,0,0,1.0,1.0,1.0,1.0,1.0,1,0.30322296549515676,42
972,1,1916,1916,0,0,0,0,1.0,1.0,1.0,1.0,1.0,1,0.2878565999157439,42
973,0,1916,1916,0,0,0,0,1.0,1.0,1.0,1.0,1.0,1,0.2872379242959441,43
974,4,1920,1920,0,0,0,0,1.0,1.0,1.0,1.0,1.0,1,0.31919378043704827,43
975,2,1922,1922,0,0,0,0,1.0,1.0,1.0,1.0,1.0,1,0.347045844902558,43
976,2,1924,1924,0,0,0,0,1.0,1.0,1.0,1.0,1.0,1,0.30249377517463916,45
977,1,1925,1925,0,0,0,0,1.0,1.0,1.0,1.0,1.0,1,0.30229843465955636,44
978,1,1926,1926,0,0,0,0,1.0,1.0,1.0,1.0,1.0,1,0.3039139209056345,44
979,2,1928,1928,0,0,0,0,1.0,1.0,1.0,1.0,1.0,1,0.3325571014440863,45
980,2,1930,1930,0,0,0,0,1.0,1.0,1.0,1.0,1.0,1,0.3127386168921741,45
981,2,1932,1932,0,0,0,0,1.0,1.0,1.0,1.0,1.0,1,0.3290323936898843,45
982,1,1933,1933,0,0,0,0,1.0,1.0,1.0,1.0,1.0,1,0.34079200892579625,46
983,2,1935,1935,0,0,0,0,1.0,1.0,1.0,1.0,1.0,1,0.3500233025206067,45
984,2,1937,1937,0,0,0,0,1.0,1.0,1.0,1.0,1.0,1,0.3234696698254422,45
985,1,1938,1938,0,0,0,0,1.0,1.0,1.0,1.0,1.0,1,0.29153326848734823,45
986,0,1938,1938,0,0,0,0,1.0,1.0,1.0,1.0,1.0,1,0.27848492016159576,44
987,0,1938,1938,0,0,0,0,1.0,1.0,1.0,1.0,1.0,1,0.26208670199479706,45
988,0,1938,1938,0,0,0,0,1.0,1.0,1.0,1.0,1.0,1,0.24724599441746187,44
989,0,1938,1938,0,0,0,0,1.0,1.0,1.0,1.0,1.0,1,0.2239337867016998,43
990,1,1939,1939,0,0,0,0,1.0,1.0,1.0,1.0,1.0,1,0.23237489047489612,42
991,0,1939,1939,0,0,0,0,1.0,1.0,1.0,1.0,1.0,1,0.21160610896244614,42
992,0,1939,1939,0,0,0,0,1.0,1.0,1.0,1.0,1.0,1,0.2254859100127957,43
993,1,1940,1940,0,0,0,0,1.0,1.0,1.0,1.0,1.0,1,0.2108057868475226,43
994,1,1941,1941,0,0,0,0,1.0,1.0,1.0,1.0,1.0,1,0.23028762448360332,43
995,0,1941,1941,0,0,0,0,1.0,1.0,1.0,1.0,1.0,1,0.2158537447666153,43
996,1,1942,1942,0,0,0,0,1.0,1.0,1.0,1.0,1.0,1,0.18196125283475686,44
997,2,1944,1944,0,0,0,0,1.0,1.0,1.0,1.0,1.0,1,0.18055764720689324,44
998,0,1944,1944,0,0,0,0,1.0,1.0,1.0,1.0,1.0,1,0.18202467483007834,45
999,0,1944,1944,0,0,0,0,1.0,1.0,1.0,1.0,1.0,1,0.20787616955230132,42
1000,0,1944,1944,0,0,0,0,1.0,1.0,1.0,1.0,1.0,1,0.2088989383641837,43
1001,1,1945,1945,0,0,0,0,1.0,1.0,1.0,1.0,1.0,1,0.1986292459171936,42
1002,0,1945,1945,0,0,0,0,1.0,1.0,1.0,1.0,1.0,1,0.2105809486694845,43
1003,1,1946,1946,0,0,0,0,1.0,1.0,1.0,1.0,1.0,1,0.18909097097223607,43
1004,3,1949,1949,0,0,0,0,1.0,1.0,1.0,1.0,1.0,1,0.19484111346333408,43
1005,1,1950,1950,0,0,0,0,1.0,1.0,1.0,1.0,1.0,1,0.1828162819134405,44
1006,2,1952,1952,0,0,0,0,1.0,1.0,1.0,1.0,1.0,1,0.12205609465311167,46
1007,3,1955,1955,0,0,0,0,1.0,1.0,1.0,1.0,1.0,1,0.13672759410242244,46
1008,2,1957,1957,0,0,0,0,1.0,1.0,1.0,1.0,1.0,1,0.13881227896028797,47
1009,2,1959,1959,0,0,0,0,1.0,1.0,1.0,1.0,1.0,1,0.15585820563860397,48
1010,5,1964,1964,0,0,0,0,1.0,1.0,1.0,1.0,1.0,1,0.19480941072584107,48
1011,2,1966,1966,0,0,0,0,1.0,1.0,1.0,1.0,1.0,1,0.23815091656076307,48
1012,1,1967,1967,0,0,0,0,1.0,1.0,1.0,1.0,1.0,1,0.26507855324053103,49
1013,3,1970,1970,0,0,0,0,1.0,1.0,1.0,1.0,1.0,1,0.23650107768172887,50
1014,0,1970,1970,0,0,0,0,1.0,1.0,1.0,1.0,1.0,1,0.23650107768172887,50
1015,3,1973,1973,0,0,0,0,1.0,1.0,1.0,1.0,1.0,1,0.2550303877422665,51
1016,0,1973,1973,0,0,0,0,1.0,1.0,1.0,1.0,1.0,1,0.2550303877422665,51
1017,2,1975,1975,0,0,0,0,1.0,1.0,1.0,1.0,1.0,1,0.25520818582274024,52
1018,1,1976,1976,0,0,0,0,1.0,1.0,1.0,1.0,1.0,1,0.2604351536991955,52
1019,1,1977,1977,0,0,0,0,1.0,1.0,1.0,1.0,1.0,1,0.29614182614480133,52
1020,0,1977,1977,0,0,0,0,1.0,1.0,1.0,1.0,1.0,1,0.26898672641520743,53
1021,0,1977,1977,0,0,0,0,1.0,1.0,1.0,1.0,1.0,1,0.25848153035559696,53
1022,0,1977,1977,0,0,0,0,1.0,1.0,1.0,1.0,1.0,1,0.24878166590090367,54
1023,2,1979,1979,0,0,0,0,1.0,1.0,1.0,1.0,1.0,1,0.17786591801713972,55
1024,2,1981,1981,0,0,0,0,1.0,1.0,1.0,1.0,1.0,1,0.216729255786882,55
1025,2,1983,1983,0,0,0,0,1.0,1.0,1.0,1.0,1.0,1,0.2019517531095708,56
1026,2,1985,1985,0,0,0,0,1.0,1.0,1.0,1.0,1.0,1,0.24450645980923066,57
1027,2,1987,1987,0,0,0,0,1.0,1.0,1.0,1.0,1.0,1,0.2244620257851968,58
1028,3,1990,1990,0,0,0,0,0.9908460521007086,0.9778779592433792,0.9908460521007086,0.9778779592433792,1.0,1,0.2830114945523997,58
1029,3,1993,1993,0,0,0,0,0.9761972810455604,0.9438255832675225,0.9761972810455604,0.9438255832675225,1.0,1,0.27681940568121255,59
1030,4,1997,1997,0,0,0,0,0.9485892117419003,0.8857538038708894,0.9485892117419003,0.8857538038708894,1.0,1,0.3067077332706998,60
1031,6,2003,2003,0,0,0,0,0.9475042396869419,0.8833427548598706,0.9475042396869419,0.8833427548598706,1.0,1,0.2968241182376808,60
1032,2,2005,2005,0,0,0,0,0.9354686520823887,0.8594138491794898,0.9354686520823887,0.8594138491794898,1.0,1,0.3008274460024447,61
1033,2,2007,2007,0,0,0,0,0.9343931296170953,0.8594138491794898,0.9343931296170953,0.8594138491794898,1.0,1,0.28084999997736965,60
1034,4,2011,2011,0,0,0,0,0.9343931296170953,0.8594138491794898,0.9343931296170953,0.8594138491794898,1.0,1,0.2590890653492968,60
1035,1,2012,2012,0,0,0,0,0.9332811487631476,0.8594138491794898,0.9332811487631476,0.8594138491794898,1.0,1,0.28337104870098173,59
1036,7,2019,2019,0,0,0,0,0.9874787778150449,0.9699490667561075,0.9874787778150449,0.9699490667561075,1.0,1,0.23360037581249476,60
1037,3,2022,2022,0,0,0,0,0.9786091847190577,0.9514593037855539,0.9786091847190577,0.9514593037855539,1.0,1,0.22104799580399548,59
1038,6,2028,2028,0,0,0,0,0.9855061211371019,0.9652146907290448,0.9855061211371019,0.9652146907290448,1.0,1,0.2113751326630581,60
1039,1,2029,2029,0,0,0,0,0.9803373431065465,0.9528096234557117,0.9803373431065465,0.9528096234557117,1.0,1,0.20251235179999752,60
1040,2,2031,2031,0,0,0,0,1.0,1.0,1.0,1.0,1.0,1,0.18925865090829552,58
1041,2,2033,2033,0,0,0,0,1.0,1.0,1.0,1.0,1.0,1,0.16686547489697792,56
1042,1,2034,2034,0,0,0,0,1.0,1.0,1.0,1.0,1.0,1,0.15529868936516467,55
1043,1,2035,2035,0,0,0,0,1.0,1.0,1.0,1.0,1.0,1,0.14831760294414226,55
1044,7,2042,2042,0,0,0,0,1.0,1.0,1.0,1.0,1.0,1,0.14200154862959183,52
1045,2,2044,2044,0,0,0,0,1.0,1.0,1.0,1.0,1.0,1,0.147666355895911,52
1046,4,2048,2048,0,0,0,0,1.0,1.0,1.0,1.0,1.0,1,0.13674099853647192,53
1047,1,2049,2049,0,0,0,0,1.0,1.0,1.0,1.0,1.0,1,0.11679780530539373,54
1048,1,2050,2050,0,0,0,0,1.0,1.0,1.0,1.0,1.0,1,0.07566859176920487,56
1049,2,2052,2052,0,0,0,0,1.0,1.0,1.0,1.0,1.0,1,0.06847175205249365,55
1050,1,2053,2053,0,0,0,0,1.0,1.0,1.0,1.0,1.0,1,0.09107536963446639,56
1051,0,2053,2053,0,0,0,0,1.0,1.0,1.0,1.0,1.0,1,0.0881317842837614,55
1052,1,2054,2054,0,0,0,0,1.0,1.0,1.0,1.0,1.0,1,0.08587491159439203,56
1053,1,2055,2055,0,0,0,0,1.0,1.0,1.0,1.0,1.0,1,0.06155114712527236,56
1054,2,2057,2057,0,0,0,0,1.0,1.0,1.0,1.0,1.0,1,0.07450858947397809,57
1055,1,2058,2058,0,0,0,0,1.0,1.0,1.0,1.0,1.0,1,0.09347415961731925,58
1056,0,2058,2058,0,0,0,0,1.0,1.0,1.0,1.0,1.0,1,0.10382620395934422,59
1057,3,2061,2061,0,0,0,0,1.0,1.0,1.0,1.0,1.0,1,0.13994413540797998,60
1058,3,2064,2064,0,0,0,0,1.0,1.0,1.0,1.0,1.0,1,0.16335020775866246,60
1059,3,2067,2067,0,0,0,0,1.0,1.0,1.0,1.0,1.0,1,0.15940486092632847,60
1060,6,2073,2073,0,0,0,0,0.9537145856960044,0.8842864642400111,0.9537145856960044,0.8842864642400111,1.0,1,0.2036418884322016,60
1061,2,2075,2075,0,0,0,0,0.9819699988688462,0.9516468151482693,0.9819699988688462,0.9516468151482693,1.0,1,0.20399772307858074,59
1062,1,2076,2076,0,0,0,0,0.9819699988688462,0.9516468151482693,0.9819699988688462,0.9516468151482693,1.0,1,0.1999010596342779,59
1063,5,2081,2081,0,0,0,0,0.9770865573786086,0.942218275128665,0.9770865573786086,0.942218275128665,1.0,1,0.23591788158187388,58
1064,3,2084,2084,0,0,0,0,0.9270326777000766,0.8372267425617094,0.9270326777000766,0.8372267425617094,1.0,1,0.2482258214086734,58
1065,2,2086,2086,0,0,0,0,0.9294649217767408,0.8372267425617094,0.9294649217767408,0.8372267425617094,1.0,1,0.24120531794657518,60
1066,1,2087,2087,0,0,0,0,0.9083007021151831,0.8030163230622452,0.9083007021151831,0.8030163230622452,1.0,1,0.2618332535355005,58
1067,2,2089,2089,0,0,0,0,0.8814106783752792,0.7587320697979818,0.8814106783752792,0.7587320697979818,1.0,1,0.27889799022142725,59
1068,1,2090,2090,0,0,0,0,0.8950940672402072,0.7789482131132937,0.8950940672402072,0.7789482131132937,1.0,1,0.27125053440600816,59
1069,4,2094,2094,0,0,0,0,0.9120626737449413,0.8110975954520963,0.9120626737449413,0.8110975954520963,1.0,1,0.2414523613189839,58
1070,3,2097,2097,0,0,0,0,0.9510612756669852,0.8817314161952143,0.9510612756669852,0.8817314161952143,1.0,1,0.23426751335890575,58
1071,0,2097,2097,0,0,0,0,0.9502027015558797,0.8817314161952143,0.9502027015558797,0.8817314161952143,1.0,1,0.2426458320493525,57
1072,4,2101,2101,0,0,0,0,0.9806145565761648,0.9506552349211467,0.9806145565761648,0.9506552349211467,1.0,1,0.2498527967759019,56
1073,3,2104,2104,0,0,0,0,0.9642441860069132,0.9160515671466658,0.9642441860069132,0.9160515671466658,1.0,1,0.28966779471643483,54
1074,4,2108,2108,0,0,0,0,1.0,1.0,1.0,1.0,1.0,1,0.29893287235084437,54
1075,4,2112,2112,0,0,0,0,1.0,1.0,1.0,1.0,1.0,1,0.28872363648448346,51
1076,2,2114,2114,0,0,0,0,1.0,1.0,1.0,1.0,1.0,1,0.29152830144059294,51
1077,4,2118,2118,0,0,0,0,0.9409312333340846,0.8794997160015323,0.9409312333340846,0.8794997160015323,1.0,1,0.30015466235637056,51
1078,2,2120,2120,0,0,0,0,0.9046166500271202,0.8162987333855648,0.9046166500271202,0.8162987333855648,1.0,1,0.30088238187191807,52
1079,1,2121,2121,0,0,0,0,0.9027463882629461,0.8162987333855648,0.9027463882629461,0.8162987333855648,1.0,1,0.2949829010588156,51
1080,2,2123,2123,0,0,0,0,0.9398190934012615,0.8772309505385735,0.9398190934012615,0.8772309505385735,1.0,1,0.27579577577944175,51
1081,0,2123,2123,0,0,0,0,0.9360577867388403,0.8772309505385735,0.9360577867388403,0.8772309505385735,1.0,1,0.30364849854860365,48
1082,3,2126,2126,0,0,0,0,0.9606953431652356,0.9230283803652531,0.9606953431652356,0.9230283803652531,1.0,1,0.3037922527650955,47
1083,2,2128,2128,0,0,0,0,0.9940951936031894,0.9876535866248506,0.9940951936031894,0.9876535866248506,1.0,1,0.28932866513930766,46
1084,1,2129,2129,0,0,0,0,0.9939639756832603,0.9876535866248506,0.9939639756832603,0.9876535866248506,1.0,1,0.279110242320515,45
1085,2,2131,2131,0,0,0,0,0.9990600227257641,0.9980345929720521,0.9990600227257641,0.9980345929720521,1.0,1,0.29557670850296924,46
1086,1,2132,2132,0,0,0,0,0.9990391343418921,0.9980345929720521,0.9990391343418921,0.9980345929720521,1.0,1,0.289485086229725,45
1087,4,2136,2136,0,0,0,0,1.0,1.0,1.0,1.0,1.0,1,0.27689597977008007,44
1088,0,2136,2136,0,0,0,0,1.0,1.0,1.0,1.0,1.0,1,0.2762672830882681,45
1089,2,2138,2138,0,0,0,0,1.0,1.0,1.0,1.0,1.0,1,0.22093360806145823,46
1090,3,2141,2141,0,0,0,0,1.0,1.0,1.0,1.0,1.0,1,0.28891643905975667,47
1091,2,2143,2143,0,0,0,0,1.0,1.0,1.0,1.0,1.0,1,0.30009317303417926,47
1092,1,2144,2144,0,0,0,0,1.0,1.0,1.0,1.0,1.0,1,0.3065832967687244,48
1093,3,2147,2147,0,0,0,0,1.0,1.0,1.0,1.0,1.0,1,0.3253432625763557,48
1094,1,2148,2148,0,0,0,0,1.0,1.0,1.0,1.0,1.0,1,0.30331210874202963,48
1095,4,2152,2152,0,0,0,0,1.0,1.0,1.0,1.0,1.0,1,0.3058633264908783,49
1096,2,2154,2154,0,0,0,0,1.0,1.0,1.0,1.0,1.0,1,0.2851799339336286,49
1097,3,2157,2157,0,0,0,0,1.0,1.0,1.0,1.0,1.0,1,0.2541848989928805,50
1098,1,2158,2158,0,0,0,0,1.0,1.0,1.0,1.0,1.0,1,0.2376081756835946,51
1099,3,2161,2161,0,0,0,0,1.0,1.0,1.0,1.0,1.0,1,0.19659537559952184,54
1100,0,2161,2161,0,0,0,0,1.0,1.0,1.0,1.0,1.0,1,0.19659537559952184,54
1101,1,2162,2162,0,0,0,0,1.0,1.0,1.0,1.0,1.0,1,0.19024591253187834,54
1102,2,2164,2164,0,0,0,0,1.0,1.0,1.0,1.0,1.0,1,0.15607531929000654,54
1103,1,2165,2165,0,0,0,0,1.0,1.0,1.0,1.0,1.0,1,0.18853292239311095,53
1104,4,2169,2169,0,0,0,0,1.0,1.0,1.0,1.0,1.0,1,0.14565209795500028,53
1105,1,2170,2170,0,0,0,0,1.0,1.0,1.0,1.0,1.0,1,0.18928534862999427,52
1106,2,2172,2172,0,0,0,0,1.0,1.0,1.0,1.0,1.0,1,0.18921201318372857,52
1107,3,2175,2175,0,0,0,0,1.0,1.0,1.0,1.0,1.0,1,0.2130818771980529,52
1108,1,2176,2176,0,0,0,0,1.0,1.0,1.0,1.0,1.0,1,0.22890866903075877,51
1109,1,2177,2177,0,0,0,0,1.0,1.0,1.0,1.0,1.0,1,0.254628976105363,49
1110,1,2178,2178,0,0,0,0,1.0,1.0,1.0,1.0,1.0,1,0.29796200150052093,48
1111,2,2180,2180,0,0,0,0,1.0,1.0,1.0,1.0,1.0,1,0.3048039251834549,47
1112,4,2184,2184,0,0,0,0,1.0,1.0,1.0,1.0,1.0,1,0.32396004197581735,46
1113,2,2186,2186,0,0,0,0,1.0,1.0,1.0,1.0,1.0,1,0.3004012873967493,43
1114,2,2188,2188,0,0,0,0,1.0,1.0,1.0,1.0,1.0,1,0.2929836181068223,41
1115,1,2189,2189,0,0,0,0,1.0,1.0,1.0,1.0,1.0,1,0.30765689749455816,40
1116,2,2191,2191,0,0,0,0,1.0,1.0,1.0,1.0,1.0,1,0.2642384635200272,39
1117,2,2193,2193,0,0,0,0,1.0,1.0,1.0,1.0,1.0,1,0.2684923548877441,40
1118,2,2195,2195,0,0,0,0,1.0,1.0,1.0,1.0,1.0,1,0.2928000859222863,40
1119,3,2198,2198,0,0,0,0,1.0,1.0,1.0,1.0,1.0,1,0.3525827412775769,40
1120,0,2198,2198,0,0,0,0,1.0,1.0,1.0,1.0,1.0,1,0.3525827412775769,40
1121,1,2199,2199,0,0,0,0,1.0,1.0,1.0,1.0,1.0,1,0.3658869359923751,40
1122,2,2201,2201,0,0,0,0,1.0,1.0,1.0,1.0,1.0,1,0.38374780224259714,41
1123,1,2202,2202,0,0,0,0,1.0,1.0,1.0,1.0,1.0,1,0.37068762562872415,41
1124,2,2204,2204,0,0,0,0,1.0,1.0,1.0,1.0,1.0,1,0.33947791353889695,41
1125,1,2205,2205,0,0,0,0,1.0,1.0,1.0,1.0,1.0,1,0.32839151710377024,41
1126,1,2206,2206,0,0,0,0,1.0,1.0,1.0,1.0,1.0,1,0.28719657113117864,41
1127,1,2207,2207,0,0,0,0,1.0,1.0,1.0,1.0,1.0,1,0.2789227556246946,41
1128,2,2209,2209,0,0,0,0,1.0,1.0,1.0,1.0,1.0,1,0.27734428655057547,42
1129,1,2210,2210,0,0,0,0,1.0,1.0,1.0,1.0,1.0,1,0.2532462913050812,42
1130,1,2211,2211,0,0,0,0,1.0,1.0,1.0,1.0,1.0,1,0.2613700349326179,42
1131,2,2213,2213,0,0,0,0,1.0,1.0,1.0,1.0,1.0,1,0.24622333368427834,42
1132,2,2215,2215,0,0,0,0,1.0,1.0,1.0,1.0,1.0,1,0.21780426005300732,43
1133,1,2216,2216,0,0,0,0,1.0,1.0,1.0,1.0,1.0,1,0.216129666298103,45
1134,1,2217,2217,0,0,0,0,1.0,1.0,1.0,1.0,1.0,1,0.23274332590414948,46
1135,1,2218,2218,0,0,0,0,1.0,1.0,1.0,1.0,1.0,1,0.2303841568345773,45
1136,0,2218,2218,0,0,0,0,1.0,1.0,1.0,1.0,1.0,1,0.2324821280771418,48
1137,0,2218,2218,0,0,0,0,1.0,1.0,1.0,1.0,1.0,1,0.2536336369883332,49
1138,6,2224,2224,0,0,0,0,1.0,1.0,1.0,1.0,1.0,1,0.17529294077788166,49
1139,2,2226,2226,0,0,0,0,1.0,1.0,1.0,1.0,1.0,1,0.21630233137694072,49
1140,6,2232,2232,0,0,0,0,1.0,1.0,1.0,1.0,1.0,1,0.1847826399803451,49
1141,3,2235,2235,0,0,0,0,1.0,1.0,1.0,1.0,1.0,1,0.18713183971149208,48
1142,3,2238,2238,0,0,0,0,1.0,1.0,1.0,1.0,1.0,1,0.1516357360783736,48
1143,3,2241,2241,0,0,0,0,1.0,1.0,1.0,1.0,1.0,1,0.11856723125350949,48
1144,3,2244,2244,0,0,0,0,1.0,1.0,1.0,1.0,1.0,1,0.13024138253195786,48
1145,2,2246,2246,0,0,0,0,1.0,1.0,1.0,1.0,1.0,1,0.13594901177375102,48
1146,4,2250,2250,0,0,0,0,1.0,1.0,1.0,1.0,1.0,1,0.172505835455798,48
1147,2,2252,2252,0,0,0,0,1.0,1.0,1.0,1.0,1.0,1,0.23104047735869565,46
1148,1,2253,2253,0,0,0,0,1.0,1.0,1.0,1.0,1.0,1,0.252890574332176,46
1149,0,2253,2253,0,0,0,0,1.0,1.0,1.0,1.0,1.0,1,0.24496534337213133,45
1150,3,2256,2256,0,0,0,0,1.0,1.0,1.0,1.0,1.0,1,0.30682567708871794,46
1151,2,2258,2258,0,0,0,0,1.0,1.0,1.0,1.0,1.0,1,0.3304839754553267,44
1152,1,2259,2259,0,0,0,0,1.0,1.0,1.0,1.0,1.0,1,0.3308912564429911,44
1153,0,2259,2259,0,0,0,0,1.0,1.0,1.0,1.0,1.0,1,0.3324011148801601,43
1154,4,2263,2263,0,0,0,0,1.0,1.0,1.0,1.0,1.0,1,0.31290932010945033,43
1155,2,2265,2265,0,0,0,0,1.0,1.0,1.0,1.0,1.0,1,0.2713950933127406,43
1156,1,2266,2266,0,0,0,0,1.0,1.0,1.0,1.0,1.0,1,0.24454149058432756,42
1157,1,2267,2267,0,0,0,0,1.0,1.0,1.0,1.0,1.0,1,0.22569892396277116,42
1158,1,2268,2268,0,0,0,0,1.0,1.0,1.0,1.0,1.0,1,0.20679677183220418,41
1159,0,2268,2268,0,0,0,0,1.0,1.0,1.0,1.0,1.0,1,0.2067488613256529,41
1160,2,2270,2270,0,0,0,0,1.0,1.0,1.0,1.0,1.0,1,0.20369581218958818,41
1161,0,2270,2270,0,0,0,0,1.0,1.0,1.0,1.0,1.0,1,0.1910121715665028,42
1162,0,2270,2270,0,0,0,0,1.0,1.0,1.0,1.0,1.0,1,0.2043359815077957,43
1163,1,2271,2271,0,0,0,0,1.0,1.0,1.0,1.0,1.0,1,0.2350331497273432,43
1164,0,2271,2271,0,0,0,0,1.0,1.0,1.0,1.0,1.0,1,0.21924391507395163,44
1165,1,2272,2272,0,0,0,0,1.0,1.0,1.0,1.0,1.0,1,0.20478357927930232,44
1166,2,2274,2274,0,0,0,0,1.0,1.0,1.0,1.0,1.0,1,0.218750404301344,46
1167,3,2277,2277,0,0,0,0,1.0,1.0,1.0,1.0,1.0,1,0.21035899687726436,46
1168,3,2280,2280,0,0,0,0,1.0,1.0,1.0,1.0,1.0,1,0.17208044209706527,47
1169,1,2281,2281,0,0,0,0,1.0,1.0,1.0,1.0,1.0,1,0.18515883964899757,46
1170,3,2284,2284,0,0,0,0,1.0,1.0,1.0,1.0,1.0,1,0.16515977297635684,48
1171,0,2284,2284,0,0,0,0,1.0,1.0,1.0,1.0,1.0,1,0.15539789380938057,49
1172,5,2289,2289,0,0,0,0,1.0,1.0,1.0,1.0,1.0,1,0.19027472425537775,49
1173,1,2290,2290,0,0,0,0,1.0,1.0,1.0,1.0,1.0,1,0.2044960393135012,49
1174,2,2292,2292,0,0,0,0,1.0,1.0,1.0,1.0,1.0,1,0.21528811678511767,49
1175,1,2293,2293,0,0,0,0,1.0,1.0,1.0,1.0,1.0,1,0.2355077880719171,50
1176,0,2293,2293,0,0,0,0,1.0,1.0,1.0,1.0,1.0,1,0.24019533033712953,52
1177,0,2293,2293,0,0,0,0,1.0,1.0,1.0,1.0,1.0,1,0.24019533033712953,52
1178,0,2293,2293,0,0,0,0,1.0,1.0,1.0,1.0,1.0,1,0.24019533033712953,52
1179,2,2295,2295,0,0,0,0,1.0,1.0,1.0,1.0,1.0,1,0.2404239180792152,53
1180,0,2295,2295,0,0,0,0,1.0,1.0,1.0,1.0,1.0,1,0.24048128558447887,54
1181,0,2295,2295,0,0,0,0,1.0,1.0,1.0,1.0,1.0,1,0.23241084432225384,55
1182,1,2296,2296,0,0,0,0,0.9966122841238011,0.9906837813404529,0.9966122841238011,0.9906837813404529,1.0,1,0.2514111576283531,55
1183,1,2297,2297,0,0,0,0,0.9765283317556455,0.9407619801452003,0.9765283317556455,0.9407619801452003,1.0,1,0.2621039297206895,53
1184,1,2298,2298,0,0,0,0,0.9769629922786891,0.9407619801452003,0.9769629922786891,0.9407619801452003,1.0,1,0.2580928279703194,54
1185,2,2300,2300,0,0,0,0,1.0,1.0,1.0,1.0,1.0,1,0.25993161267241266,53
1186,1,2301,2301,0,0,0,0,1.0,1.0,1.0,1.0,1.0,1,0.23007457485327917,54
1187,1,2302,2302,0,0,0,0,1.0,1.0,1.0,1.0,1.0,1,0.2530655616913315,55
1188,0,2302,2302,0,0,0,0,1.0,1.0,1.0,1.0,1.0,1,0.2530655616913315,55
1189,0,2302,2302,0,0,0,0,1.0,1.0,1.0,1.0,1.0,1,0.25507282607489795,54
1190,0,2302,2302,0,0,0,0,0.9947865297245828,0.9856629567426027,0.9947865297245828,0.9856629567426027,1.0,1,0.25402942777221565,55
1191,4,2306,2306,0,0,0,0,0.9771220322477482,0.9411709400656381,0.9771220322477482,0.9411709400656381,1.0,1,0.24949066883636417,54
1192,3,2309,2309,0,0,0,0,0.956471291480808,0.8971139616819096,0.956471291480808,0.8971139616819096,1.0,1,0.2482069007402321,52
1193,2,2311,2311,0,0,0,0,0.9406221526090496,0.8631727864469405,0.9406221526090496,0.8631727864469405,1.0,1,0.24049051165269023,53
1194,5,2316,2316,0,0,0,0,0.9805501329730377,0.950912240360524,0.9805501329730377,0.950912240360524,1.0,1,0.20839724182081001,53
1195,0,2316,2316,0,0,0,0,0.9809103156957593,0.950912240360524,0.9809103156957593,0.950912240360524,1.0,1,0.19208184700410183,54
1196,4,2320,2320,0,0,0,0,0.9986269018609837,0.9961553252107542,0.9986269018609837,0.9961553252107542,1.0,1,0.17014122616608657,56
1197,2,2322,2322,0,0,0,0,1.0,1.0,1.0,1.0,1.0,1,0.16963171394734233,56
1198,2,2324,2324,0,0,0,0,1.0,1.0,1.0,1.0,1.0,1,0.17639563740303138,58
1199,2,2326,2326,0,0,0,0,0.9781180990149106,0.9395642734697532,0.9781180990149106,0.9395642734697532,1.0,1,0.18048089175648713,58
1200,2,2328,2328,0,0,0,0,0.9967496733451221,0.990574052700854,0.9967496733451221,0.990574052700854,1.0,1,0.19759787795293893,58
1201,0,2328,2328,0,0,0,0,0.9967496733451221,0.990574052700854,0.9967496733451221,0.990574052700854,1.0,1,0.19759787795293893,58
1202,0,2328,2328,0,0,0,0,0.9968580175669514,0.990574052700854,0.9968580175669514,0.990574052700854,1.0,1,0.1709531295326583,60
1203,2,2330,2330,0,0,0,0,1.0,1.0,1.0,1.0,1.0,1,0.1635468513351368,58
1204,1,2331,2331,0,0,0,0,1.0,1.0,1.0,1.0,1.0,1,0.15511891596728164,59
1205,2,2333,2333,0,0,0,0,1.0,1.0,1.0,1.0,1.0,1,0.1336623302889292,59
1206,2,2335,2335,0,0,0,0,1.0,1.0,1.0,1.0,1.0,1,0.16262919471812087,58
1207,3,2338,2338,0,0,0,0,0.9901992171037362,0.9719977631535317,0.9901992171037362,0.9719977631535317,1.0,1,0.15500186260325088,60
1208,2,2340,2340,0,0,0,0,0.9753618437894614,0.9328050285167131,0.9753618437894614,0.9328050285167131,1.0,1,0.17574728073957405,60
1209,4,2344,2344,0,0,0,0,0.9567798672415766,0.8853726913798335,0.9567798672415766,0.8853726913798335,1.0,1,0.1810273402601457,61
1210,2,2346,2346,0,0,0,0,0.9567798672415766,0.8853726913798335,0.9567798672415766,0.8853726913798335,1.0,1,0.18786607945821118,61
1211,1,2347,2347,0,0,0,0,0.9472532231299803,0.8615397107161981,0.9472532231299803,0.8615397107161981,1.0,1,0.16928716144489453,63
1212,2,2349,2349,0,0,0,0,0.9324842849623917,0.8298603981052269,0.9324842849623917,0.8298603981052269,1.0,1,0.18552645838096318,63
1213,1,2350,2350,0,0,0,0,0.9324842849623917,0.8298603981052269,0.9324842849623917,0.8298603981052269,1.0,1,0.20336950804741835,63
1214,1,2351,2351,0,0,0,0,0.9150005899787629,0.7973090991801268,0.9150005899787629,0.7973090991801268,1.0,1,0.2234211420392553,62
1215,3,2354,2354,0,0,0,0,0.9440364743634077,0.8530957452039452,0.9440364743634077,0.8530957452039452,1.0,1,0.19724466811266658,63
1216,2,2356,2356,0,0,0,0,0.928704447057063,0.8174833844660814,0.928704447057063,0.8174833844660814,1.0,1,0.21717445669699326,64
1217,1,2357,2357,0,0,0,0,0.9358357815126505,0.8331730319328912,0.9358357815126505,0.8331730319328912,1.0,1,0.2112115733519627,65
1218,2,2359,2359,0,0,0,0,0.9221708616281549,0.8084205824693044,0.9221708616281549,0.8084205824693044,1.0,1,0.22263093741192577,64
1219,2,2361,2361,0,0,0,0,0.9228573573992033,0.807143393498008,0.9228573573992033,0.807143393498008,1.0,1,0.22374879592501729,65
1220,2,2363,2363,0,0,0,0,0.9410090447970176,0.8489831546803653,0.9410090447970176,0.8489831546803653,1.0,1,0.21624805573290137,64
1221,1,2364,2364,0,0,0,0,0.9353363020748792,0.8318743853946858,0.9353363020748792,0.8318743853946858,1.0,1,0.2034016052602902,65
1222,2,2366,2366,0,0,0,0,0.9476260333906146,0.8559715918241901,0.9476260333906146,0.8559715918241901,1.0,1,0.18230758051830706,66
1223,0,2366,2366,0,0,0,0,0.9459893469340713,0.8559715918241901,0.9459893469340713,0.8559715918241901,1.0,1,0.19408515574627794,64
1224,2,2368,2368,0,0,0,0,0.9502077339904919,0.8630712684738527,0.9502077339904919,0.8630712684738527,1.0,1,0.19286049912919848,66
1225,3,2371,2371,0,0,0,0,0.9478119063541596,0.9008659965815996,0.9478119063541596,0.9008659965815996,1.0,1,0.22331820857416942,66
1226,1,2372,2372,0,0,0,0,0.9310436164341269,0.8629122015762488,0.9310436164341269,0.8629122015762488,1.0,1,0.21388092254634594,68
1227,2,2374,2374,0,0,0,0,0.9653220851583522,0.903504932614545,0.9653220851583522,0.903504932614545,1.0,1,0.20560685354171993,64
1228,2,2376,2376,0,0,0,0,0.9811142516065848,0.9467765272549208,0.9811142516065848,0.9467765272549208,1.0,1,0.20224500687739674,62
1229,0,2376,2376,0,0,0,0,0.9808046491739058,0.9467765272549208,0.9808046491739058,0.9467765272549208,1.0,1,0.20134432392214327,61
1230,2,2378,2378,0,0,0,0,0.9578297933980033,0.8936577398732256,0.9578297933980033,0.8936577398732256,1.0,1,0.2337531754526804,58
1231,1,2379,2379,0,0,0,0,0.9570899652120033,0.8936577398732256,0.9570899652120033,0.8936577398732256,1.0,1,0.2567889952096559,57
1232,1,2380,2380,0,0,0,0,0.9382141475659811,0.8635562425415415,0.9382141475659811,0.8635562425415415,1.0,1,0.2839826971534402,53
1233,1,2381,2381,0,0,0,0,0.9382141475659811,0.8635562425415415,0.9382141475659811,0.8635562425415415,1.0,1,0.2726591994139422,53
1234,2,2383,2383,0,0,0,0,0.9345507668176667,0.8527392253397502,0.9345507668176667,0.8527392253397502,1.0,1,0.24934562317753836,54
1235,2,2385,2385,0,0,0,0,0.9579781186145059,0.899512892339036,0.9579781186145059,0.899512892339036,1.0,1,0.2512692280773686,55
1236,0,2385,2385,0,0,0,0,0.9579781186145059,0.899512892339036,0.9579781186145059,0.899512892339036,1.0,1,0.2512692280773686,55
1237,3,2388,2388,0,0,0,0,1.0,1.0,1.0,1.0,1.0,1,0.220463137967995,55
1238,0,2388,2388,0,0,0,0,1.0,1.0,1.0,1.0,1.0,1,0.2296806207063189,54
1239,0,2388,2388,0,0,0,0,1.0,1.0,1.0,1.0,1.0,1,0.21004821497153472,55
1240,3,2391,2391,0,0,0,0,0.996730435673042,0.9918260891826048,0.996730435673042,0.9918260891826048,1.0,1,0.21421864018954923,55
1241,2,2393,2393,0,0,0,0,0.9714107716805133,0.9328774639455529,0.9714107716805133,0.9328774639455529,1.0,1,0.24471936637089214,54
1242,1,2394,2394,0,0,0,0,0.9574905876906323,0.904353822303923,0.9574905876906323,0.904353822303923,1.0,1,0.25494183802480186,54
1243,2,2396,2396,0,0,0,0,0.9198730300544202,0.8305006404997353,0.9198730300544202,0.8305006404997353,1.0,1,0.27855729493763143,55
1244,4,2400,2400,0,0,0,0,0.9183567026464895,0.8272930248291123,0.9183567026464895,0.8272930248291123,1.0,1,0.2714017863821808,55
1245,4,2404,2404,0,0,0,0,0.854032828240898,0.7231657087327374,0.854032828240898,0.7231657087327374,1.0,1,0.2867810071734153,55
1246,5,2409,2409,0,0,0,0,0.9544543358849626,0.8956245197363729,0.9544543358849626,0.8956245197363729,1.0,1,0.24902950641219104,55
1247,4,2413,2413,0,0,0,0,0.9432795453773674,0.8706773634603976,0.9432795453773674,0.8706773634603976,1.0,1,0.24057908707543954,57
1248,4,2417,2417,0,0,0,0,0.9641365729514846,0.9163186702201307,0.9641365729514846,0.9163186702201307,1.0,1,0.2137448806870027,56
1249,2,2419,2419,0,0,0,0,0.9983904538534437,0.9959029734451297,0.9983904538534437,0.9959029734451297,1.0,1,0.20901627869384262,56
1250,2,2421,2421,0,0,0,0,1.0,1.0,1.0,1.0,1.0,1,0.18196203995997318,56
1251,3,2424,2424,0,0,0,0,1.0,1.0,1.0,1.0,1.0,1,0.22329504966284844,58
1252,3,2427,2427,0,0,0,0,1.0,1.0,1.0,1.0,1.0,1,0.20753999282717908,58
1253,1,2428,2428,0,0,0,0,1.0,1.0,1.0,1.0,1.0,1,0.212851521106004,58
1254,2,2430,2430,0,0,0,0,1.0,1.0,1.0,1.0,1.0,1,0.20231896711008412,60
1255,1,2431,2431,0,0,0,0,1.0,1.0,1.0,1.0,1.0,1,0.20537754120864468,61
1256,2,2433,2433,0,0,0,0,0.987083253689089,0.9641853852288377,0.987083253689089,0.9641853852288377,1.0,1,0.23176359518173634,61
1257,1,2434,2434,0,0,0,0,0.999865944677251,0.9996042176185503,0.999865944677251,0.9996042176185503,1.0,1,0.2259754075920104,62
1258,1,2435,2435,0,0,0,0,0.9812996214450522,0.9464489159562858,0.9812996214450522,0.9464489159562858,1.0,1,0.206694468617874,63
1259,0,2435,2435,0,0,0,0,0.9812996214450521,0.9464489159562858,0.9812996214450521,0.9464489159562858,1.0,1,0.206694468617874,63
1260,2,2437,2437,0,0,0,0,0.963251884903579,0.8993421195184991,0.963251884903579,0.8993421195184991,1.0,1,0.21652682306233045,63
1261,1,2438,2438,0,0,0,0,0.9746786583317524,0.9274888852227451,0.9746786583317524,0.9274888852227451,1.0,1,0.21113249000077533,63
1262,2,2440,2440,0,0,0,0,0.9804511335870203,0.943130570434968,0.9804511335870203,0.943130570434968,1.0,1,0.19528230699641508,64
1263,1,2441,2441,0,0,0,0,0.9654698693655955,0.9054174682622833,0.9654698693655955,0.9054174682622833,1.0,1,0.21962145070426622,63
1264,2,2443,2443,0,0,0,0,0.9654698693655955,0.9054174682622833,0.9654698693655955,0.9054174682622833,1.0,1,0.19105712446711856,63
1265,2,2445,2445,0,0,0,0,0.9696712500646075,0.9208815219076721,0.9696712500646075,0.9208815219076721,1.0,1,0.19222754235268194,60
1266,3,2448,2448,0,0,0,0,0.9995485082372935,0.9986885239273763,0.9995485082372935,0.9986885239273763,1.0,1,0.18923590278792893,61
1267,3,2451,2451,0,0,0,0,1.0,1.0,1.0,1.0,1.0,1,0.206370633581341,58
1268,0,2451,2451,0,0,0,0,1.0,1.0,1.0,1.0,1.0,1,0.22463342138846865,54
1269,2,2453,2453,0,0,0,0,1.0,1.0,1.0,1.0,1.0,1,0.1884374229744602,54
1270,1,2454,2454,0,0,0,0,1.0,1.0,1.0,1.0,1.0,1,0.22116798060115905,51
1271,0,2454,2454,0,0,0,0,1.0,1.0,1.0,1.0,1.0,1,0.23946043152694646,50
1272,1,2455,2455,0,0,0,0,1.0,1.0,1.0,1.0,1.0,1,0.2638482655626358,47
1273,3,2458,2458,0,0,0,0,1.0,1.0,1.0,1.0,1.0,1,0.26628588363802325,47
1274,6,2464,2464,0,0,0,0,1.0,1.0,1.0,1.0,1.0,1,0.2582070331965153,49
1275,4,2468,2468,0,0,0,0,1.0,1.0,1.0,1.0,1.0,1,0.23381056946554638,48
1276,5,2473,2473,0,0,0,0,1.0,1.0,1.0,1.0,1.0,1,0.2109474539837556,49
1277,0,2473,2473,0,0,0,0,1.0,1.0,1.0,1.0,1.0,1,0.22363246815044713,50
1278,5,2478,2478,0,0,0,0,1.0,1.0,1.0,1.0,1.0,1,0.2482240119703508,51
1279,4,2482,2482,0,0,0,0,1.0,1.0,1.0,1.0,1.0,1,0.2834341880909133,51
1280,5,2487,2487,0,0,0,0,0.9916391245110169,0.9792968797415657,0.9916391245110169,0.9792968797415657,1.0,1,0.27220552585283203,52
1281,2,2489,2489,0,0,0,0,0.9967311920069984,0.9919058087792341,0.9967311920069984,0.9919058087792341,1.0,1,0.28162775633609444,52
1282,0,2489,2489,0,0,0,0,0.9967311920069982,0.9919058087792341,0.9967311920069982,0.9919058087792341,1.0,1,0.28162775633609444,52
1283,1,2490,2490,0,0,0,0,1.0,1.0,1.0,1.0,1.0,1,0.2584446021870813,52
1284,2,2492,2492,0,0,0,0,1.0,1.0,1.0,1.0,1.0,1,0.2573335011604842,52
1285,0,2492,2492,0,0,0,0,1.0,1.0,1.0,1.0,1.0,1,0.26704400985406984,51
1286,1,2493,2493,0,0,0,0,1.0,1.0,1.0,1.0,1.0,1,0.2742513730687006,52
1287,2,2495,2495,0,0,0,0,1.0,1.0,1.0,1.0,1.0,1,0.24641146641155057,54
1288,1,2496,2496,0,0,0,0,1.0,1.0,1.0,1.0,1.0,1,0.25294803546574623,55
1289,2,2498,2498,0,0,0,0,1.0,1.0,1.0,1.0,1.0,1,0.22400603403568317,56
1290,0,2498,2498,0,0,0,0,1.0,1.0,1.0,1.0,1.0,1,0.20181747291106883,57
1291,2,2500,2500,0,0,0,0,1.0,1.0,1.0,1.0,1.0,1,0.1990430795076033,58
1292,2,2502,2502,0,0,0,0,0.9972707660193648,0.9923321521496441,0.9972707660193648,0.9923321521496441,1.0,1,0.21341350654757898,59
1293,4,2506,2506,0,0,0,0,0.9686363984786854,0.9195455439235846,0.9686363984786854,0.9195455439235846,1.0,1,0.20502263799484485,59
1294,2,2508,2508,0,0,0,0,1.0,1.0,1.0,1.0,1.0,1,0.18434567166644822,59
1295,1,2509,2509,0,0,0,0,1.0,1.0,1.0,1.0,1.0,1,0.20626214899672551,59
1296,2,2511,2511,0,0,0,0,1.0,1.0,1.0,1.0,1.0,1,0.2002493245156099,59
1297,1,2512,2512,0,0,0,0,1.0,1.0,1.0,1.0,1.0,1,0.22349417230370797,61
1298,1,2513,2513,0,0,0,0,1.0,1.0,1.0,1.0,1.0,1,0.23643648530327996,61
1299,3,2516,2516,0,0,0,0,0.9731023165092088,0.9298321300240229,0.9731023165092088,0.9298321300240229,1.0,1,0.26534290701237995,60
1300,1,2517,2517,0,0,0,0,1.0,1.0,1.0,1.0,1.0,1,0.24656423913014475,59
1301,1,2518,2518,0,0,0,0,0.9900992794988122,0.9734480677468144,0.9900992794988122,0.9734480677468144,1.0,1,0.2522933434829788,59
1302,2,2520,2520,0,0,0,0,0.9936554333611667,0.9829850258322196,0.9936554333611667,0.9829850258322196,1.0,1,0.23827700075802377,59
1303,3,2523,2523,0,0,0,0,1.0,1.0,1.0,1.0,1.0,1,0.236961063147395,55
1304,6,2529,2529,0,0,0,0,0.9985318479013109,0.9960849277368289,0.9985318479013109,0.9960849277368289,1.0,1,0.24937774991636907,56
1305,0,2529,2529,0,0,0,0,1.0,1.0,1.0,1.0,1.0,1,0.2453763959686956,54
1306,4,2533,2533,0,0,0,0,0.9849761413681604,0.9638061587505682,0.9849761413681604,0.9638061587505682,1.0,1,0.26263344415399664,53
1307,1,2534,2534,0,0,0,0,1.0,1.0,1.0,1.0,1.0,1,0.22842507877357937,52
1308,5,2539,2539,0,0,0,0,1.0,1.0,1.0,1.0,1.0,1,0.22065468321375578,52
1309,1,2540,2540,0,0,0,0,1.0,1.0,1.0,1.0,1.0,1,0.21848859663200354,54
1310,4,2544,2544,0,0,0,0,1.0,1.0,1.0,1.0,1.0,1,0.21590404061913976,52
1311,2,2546,2546,0,0,0,0,1.0,1.0,1.0,1.0,1.0,1,0.21683036110410886,51
1312,3,2549,2549,0,0,0,0,1.0,1.0,1.0,1.0,1.0,1,0.27041972992260305,49
1313,2,2551,2551,0,0,0,0,1.0,1.0,1.0,1.0,1.0,1,0.3039275961923689,47
1314,1,2552,2552,0,0,0,0,1.0,1.0,1.0,1.0,1.0,1,0.29614974511306014,46
1315,0,2552,2552,0,0,0,0,1.0,1.0,1.0,1.0,1.0,1,0.3113896061534458,45
1316,2,2554,2554,0,0,0,0,0.9880126706550354,0.976025341310071,0.9880126706550354,0.976025341310071,1.0,1,0.291389262031493,46
1317,1,2555,2555,0,0,0,0,1.0,1.0,1.0,1.0,1.0,1,0.2863915917773925,45
1318,4,2559,2559,0,0,0,0,0.9868479419883586,0.9736958839767175,0.9868479419883586,0.9736958839767175,1.0,1,0.28238847870993333,46
1319,0,2559,2559,0,0,0,0,0.9868479419883588,0.9736958839767175,0.9868479419883588,0.9736958839767175,1.0,1,0.28238847870993333,46
1320,1,2560,2560,0,0,0,0,0.9868479419883588,0.9736958839767175,0.9868479419883588,0.9736958839767175,1.0,1,0.2560699761965043,46
1321,1,2561,2561,0,0,0,0,0.9873959444055104,0.9736958839767175,0.9873959444055104,0.9736958839767175,1.0,1,0.24412338035427997,48
1322,1,2562,2562,0,0,0,0,0.9876531700298877,0.9736958839767175,0.9876531700298877,0.9736958839767175,1.0,1,0.21461776833369756,49
1323,4,2566,2566,0,0,0,0,0.9873296643046165,0.9730066761272265,0.9873296643046165,0.9730066761272265,1.0,1,0.24414892036159283,49
1324,0,2566,2566,0,0,0,0,0.9875830710185243,0.9730066761272265,0.9875830710185243,0.9730066761272265,1.0,1,0.22796311027011584,50
1325,4,2570,2570,0,0,0,0,1.0,1.0,1.0,1.0,1.0,1,0.22541220121231223,49
1326,2,2572,2572,0,0,0,0,1.0,1.0,1.0,1.0,1.0,1,0.20518191998361968,50
1327,1,2573,2573,0,0,0,0,1.0,1.0,1.0,1.0,1.0,1,0.20122597200295422,50
1328,2,2575,2575,0,0,0,0,1.0,1.0,1.0,1.0,1.0,1,0.23331509132822226,49
1329,1,2576,2576,0,0,0,0,0.969243418936744,0.9359237894515502,0.969243418936744,0.9359237894515502,1.0,1,0.24448250872186572,50
1330,2,2578,2578,0,0,0,0,1.0,1.0,1.0,1.0,1.0,1,0.20411976115263844,50
1331,1,2579,2579,0,0,0,0,1.0,1.0,1.0,1.0,1.0,1,0.19527390954222765,50
1332,1,2580,2580,0,0,0,0,1.0,1.0,1.0,1.0,1.0,1,0.21397534792611794,51
1333,1,2581,2581,0,0,0,0,0.9813341952243764,0.9577990500725034,0.9813341952243764,0.9577990500725034,1.0,1,0.23848332806209435,52
1334,4,2585,2585,0,0,0,0,0.9785011772485793,0.9495245031053601,0.9785011772485793,0.9495245031053601,1.0,1,0.24435779900128413,54
1335,1,2586,2586,0,0,0,0,0.9785011772485793,0.9495245031053601,0.9785011772485793,0.9495245031053601,1.0,1,0.25933024078762806,54
1336,4,2590,2590,0,0,0,0,0.9876600764150335,0.96995496866269,0.9876600764150335,0.96995496866269,1.0,1,0.24060248208823412,56
1337,0,2590,2590,0,0,0,0,0.9878765663024891,0.96995496866269,0.9878765663024891,0.96995496866269,1.0,1,0.24078657447908344,57
1338,2,2592,2592,0,0,0,0,1.0,1.0,1.0,1.0,1.0,1,0.21682150520246196,57
1339,2,2594,2594,0,0,0,0,1.0,1.0,1.0,1.0,1.0,1,0.19812441812674214,58
1340,1,2595,2595,0,0,0,0,1.0,1.0,1.0,1.0,1.0,1,0.2022304910158038,59
1341,1,2596,2596,0,0,0,0,1.0,1.0,1.0,1.0,1.0,1,0.18387341201851884,57
1342,4,2600,2600,0,0,0,0,1.0,1.0,1.0,1.0,1.0,1,0.21763154048782496,57
1343,0,2600,2600,0,0,0,0,1.0,1.0,1.0,1.0,1.0,1,0.22854630298995693,55
1344,0,2600,2600,0,0,0,0,1.0,1.0,1.0,1.0,1.0,1,0.21754117831987285,54
1345,4,2604,2604,0,0,0,0,1.0,1.0,1.0,1.0,1.0,1,0.26046147641940554,53
1346,0,2604,2604,0,0,0,0,1.0,1.0,1.0,1.0,1.0,1,0.24657161632773322,53
1347,3,2607,2607,0,0,0,0,0.9860977104911521,0.9677719652294889,0.9860977104911521,0.9677719652294889,1.0,1,0.27131038107904376,51
1348,0,2607,2607,0,0,0,0,0.9863650622124761,0.9677719652294889,0.9863650622124761,0.9677719652294889,1.0,1,0.2574236825190304,52
1349,0,2607,2607,0,0,0,0,0.9858196647009752,0.9677719652294889,0.9858196647009752,0.9677719652294889,1.0,1,0.2577262032961487,50
1350,3,2610,2610,0,0,0,0,0.9481532350189769,0.8898256244153259,0.9481532350189769,0.8898256244153259,1.0,1,0.28793045965339764,51
1351,0,2610,2610,0,0,0,0,0.9471162997193564,0.8898256244153259,0.9471162997193564,0.8898256244153259,1.0,1,0.2890057501870865,50
1352,1,2611,2611,0,0,0,0,0.9471162997193565,0.8898256244153259,0.9471162997193565,0.8898256244153259,1.0,1,0.26478254279570224,50
1353,5,2616,2616,0,0,0,0,0.9657501528500173,0.9255438105435155,0.9657501528500173,0.9255438105435155,1.0,1,0.25897025810888524,50
1354,2,2618,2618,0,0,0,0,0.9278368748475336,0.8527872246889685,0.9278368748475336,0.8527872246889685,1.0,1,0.24541806250667006,51
1355,2,2620,2620,0,0,0,0,0.9531955484026606,0.8966401693892092,0.9531955484026606,0.8966401693892092,1.0,1,0.210235593464056,53
1356,3,2623,2623,0,0,0,0,0.9419532536689801,0.8792627676314786,0.9419532536689801,0.8792627676314786,1.0,1,0.21780555616676214,52
1357,3,2626,2626,0,0,0,0,0.9340409012233309,0.8628050745445287,0.9340409012233309,0.8628050745445287,1.0,1,0.24108276936407616,52
1358,3,2629,2629,0,0,0,0,0.9755317447854281,0.9436166292881605,0.9755317447854281,0.9436166292881605,1.0,1,0.2113254492840668,53
1359,1,2630,2630,0,0,0,0,0.962438760412006,0.9154872109270136,0.962438760412006,0.9154872109270136,1.0,1,0.21168200851625749,54
1360,2,2632,2632,0,0,0,0,0.9631216920408786,0.9154872109270136,0.9631216920408786,0.9154872109270136,1.0,1,0.21970377109809275,55
1361,2,2634,2634,0,0,0,0,0.9764214995205035,0.9436166292881605,0.9764214995205035,0.9436166292881605,1.0,1,0.23425546119283236,55
1362,2,2636,2636,0,0,0,0,0.976842544171923,0.9436166292881605,0.976842544171923,0.9436166292881605,1.0,1,0.22192508520519694,56
1363,0,2636,2636,0,0,0,0,0.9768425441719231,0.9436166292881605,0.9768425441719231,0.9436166292881605,1.0,1,0.22192508520519694,56
1364,1,2637,2637,0,0,0,0,0.9917766850389408,0.9794417125973518,0.9917766850389408,0.9794417125973518,1.0,1,0.21573040638604404,55
1365,2,2639,2639,0,0,0,0,1.0,1.0,1.0,1.0,1.0,1,0.21850795051170066,56
1366,0,2639,2639,0,0,0,0,1.0,1.0,1.0,1.0,1.0,1,0.21905387455244563,57
1367,3,2642,2642,0,0,0,0,1.0,1.0,1.0,1.0,1.0,1,0.24639538485271947,57
1368,3,2645,2645,0,0,0,0,0.9893590742288031,0.9706107764414559,0.9893590742288031,0.9706107764414559,1.0,1,0.22838123247972042,58
1369,4,2649,2649,0,0,0,0,0.996125545231121,0.989609416756188,0.996125545231121,0.989609416756188,1.0,1,0.20877412732783085,59
1370,0,2649,2649,0,0,0,0,0.996190119477269,0.989609416756188,0.996190119477269,0.989609416756188,1.0,1,0.1963379222299578,60
1371,5,2654,2654,0,0,0,0,0.9873038660020376,0.9643299092438201,0.9873038660020376,0.9643299092438201,1.0,1,0.2255230356166483,59
1372,1,2655,2655,0,0,0,0,0.9873038660020376,0.9643299092438201,0.9873038660020376,0.9643299092438201,1.0,1,0.2178574153624926,59
1373,4,2659,2659,0,0,0,0,1.0,1.0,1.0,1.0,1.0,1,0.20693895934836443,59
1374,3,2662,2662,0,0,0,0,0.9947339978737754,0.9852050416453685,0.9947339978737754,0.9852050416453685,1.0,1,0.20766137047888866,59
1375,0,2662,2662,0,0,0,0,0.9661979512958028,0.9088814339278162,0.9661979512958028,0.9088814339278162,1.0,1,0.20854953775371224,62
1376,4,2666,2666,0,0,0,0,0.9960672439563945,0.9885762800638125,0.9960672439563945,0.9885762800638125,1.0,1,0.215301212510333,61
1377,2,2668,2668,0,0,0,0,0.999967325277673,0.999901975833019,0.999967325277673,0.999901975833019,1.0,1,0.20643345882905714,63
1378,4,2672,2672,0,0,0,0,0.9914444841530285,0.9747408579756082,0.9914444841530285,0.9747408579756082,1.0,1,0.22866659061169065,62
1379,4,2676,2676,0,0,0,0,1.0,1.0,1.0,1.0,1.0,1,0.19704335226865477,61
1380,2,2678,2678,0,0,0,0,0.9845093200801004,0.9577526911275466,0.9845093200801004,0.9577526911275466,1.0,1,0.22037929194190728,60
1381,2,2680,2680,0,0,0,0,0.9679690178029117,0.9192262188073428,0.9679690178029117,0.9192262188073428,1.0,1,0.22207784940689584,58
1382,2,2682,2682,0,0,0,0,0.9618250293305659,0.9070522453265955,0.9618250293305659,0.9070522453265955,1.0,1,0.21505073304280345,56
1383,4,2686,2686,0,0,0,0,0.9817487198689406,0.95271259238771,0.9817487198689406,0.95271259238771,1.0,1,0.18124354624006464,57
1384,1,2687,2687,0,0,0,0,0.981085036955084,0.95271259238771,0.981085036955084,0.95271259238771,1.0,1,0.20031596178287048,55
1385,4,2691,2691,0,0,0,0,0.9185655525597252,0.8208442156313954,0.9185655525597252,0.8208442156313954,1.0,1,0.20851504816469993,55
1386,1,2692,2692,0,0,0,0,0.9234833787581523,0.8347240981176092,0.9234833787581523,0.8347240981176092,1.0,1,0.2108257826624188,54
1387,3,2695,2695,0,0,0,0,0.9634721440169227,0.9158271144737785,0.9634721440169227,0.9158271144737785,1.0,1,0.21399250159926747,53
1388,3,2698,2698,0,0,0,0,0.9654524977084186,0.9218926035146853,0.9654524977084186,0.9218926035146853,1.0,1,0.23401316468836195,52
1389,0,2698,2698,0,0,0,0,0.9654524977084186,0.9218926035146853,0.9654524977084186,0.9218926035146853,1.0,1,0.24121581130101605,52
1390,1,2699,2699,0,0,0,0,0.9783264801970709,0.949756840456846,0.9783264801970709,0.949756840456846,1.0,1,0.24987105383889016,51
1391,2,2701,2701,0,0,0,0,0.9577170155985267,0.904403687440147,0.9577170155985267,0.904403687440147,1.0,1,0.26772737658201684,52
1392,1,2702,2702,0,0,0,0,0.9783264801970709,0.949756840456846,0.9783264801970709,0.949756840456846,1.0,1,0.2676484176544884,51
1393,1,2703,2703,0,0,0,0,0.9783264801970709,0.949756840456846,0.9783264801970709,0.949756840456846,1.0,1,0.2742481497374424,51
1394,2,2705,2705,0,0,0,0,0.9944751979318966,0.9863195377361249,0.9944751979318966,0.9863195377361249,1.0,1,0.25672739841711345,52
1395,1,2706,2706,0,0,0,0,0.9944751979318966,0.9863195377361249,0.9944751979318966,0.9863195377361249,1.0,1,0.24926853401115084,52
1396,2,2708,2708,0,0,0,0,0.9945794394803514,0.9863195377361249,0.9945794394803514,0.9863195377361249,1.0,1,0.28625612131277905,53
1397,2,2710,2710,0,0,0,0,0.9784120742741579,0.9450489163342201,0.9784120742741579,0.9450489163342201,1.0,1,0.2565702298401603,56
1398,1,2711,2711,0,0,0,0,0.9707157691911606,0.9450489163342201,0.9707157691911606,0.9450489163342201,1.0,1,0.27970873123210865,56
1399,4,2715,2715,0,0,0,0,0.9987570436540906,0.9966262613468172,0.9987570436540906,0.9966262613468172,1.0,1,0.2341336338956585,57
1400,0,2715,2715,0,0,0,0,0.9987570436540906,0.9966262613468172,0.9987570436540906,0.9966262613468172,1.0,1,0.2341336338956585,57
1401,2,2717,2717,0,0,0,0,0.9924387178131956,0.9784503457676076,0.9924387178131956,0.9784503457676076,1.0,1,0.22512586748176097,57
1402,0,2717,2717,0,0,0,0,0.9924387178131956,0.9784503457676076,0.9924387178131956,0.9784503457676076,1.0,1,0.22512586748176097,57
1403,3,2720,2720,0,0,0,0,0.9923036949170028,0.9784503457676076,0.9923036949170028,0.9784503457676076,1.0,1,0.21778268782217716,56
1404,2,2722,2722,0,0,0,0,0.9652209932997522,0.9083098914266194,0.9652209932997522,0.9083098914266194,1.0,1,0.2345450003287677,58
1405,0,2722,2722,0,0,0,0,0.9470808129702462,0.8665516153162728,0.9470808129702462,0.8665516153162728,1.0,1,0.2484746866661486,58
1406,1,2723,2723,0,0,0,0,0.9470808129702462,0.8665516153162728,0.9470808129702462,0.8665516153162728,1.0,1,0.25690697017117387,58
1407,0,2723,2723,0,0,0,0,0.9461524061802504,0.8665516153162728,0.9461524061802504,0.8665516153162728,1.0,1,0.2798996434486489,57
1408,1,2724,2724,0,0,0,0,0.9291347647498548,0.8287423481454822,0.9291347647498548,0.8287423481454822,1.0,1,0.27115263368467546,58
1409,0,2724,2724,0,0,0,0,0.9278915150086241,0.8287423481454822,0.9278915150086241,0.8287423481454822,1.0,1,0.2659644928503409,57
1410,0,2724,2724,0,0,0,0,0.9278915150086241,0.8287423481454822,0.9278915150086241,0.8287423481454822,1.0,1,0.2659644928503409,57
1411,0,2724,2724,0,0,0,0,0.9266038634909209,0.8287423481454822,0.9266038634909209,0.8287423481454822,1.0,1,0.2842035643100469,56
1412,0,2724,2724,0,0,0,0,0.925269388281665,0.8287423481454822,0.925269388281665,0.8287423481454822,1.0,1,0.2846946969290747,55
1413,1,2725,2725,0,0,0,0,0.9127975222650311,0.801178350764271,0.9127975222650311,0.801178350764271,1.0,1,0.2692529462959896,57
1414,0,2725,2725,0,0,0,0,0.9127975222650311,0.801178350764271,0.9127975222650311,0.801178350764271,1.0,1,0.2692529462959896,57
1415,2,2727,2727,0,0,0,0,0.8814040734221134,0.7364534964935854,0.8814040734221134,0.7364534964935854,1.0,1,0.2652793020350724,60
1416,2,2729,2729,0,0,0,0,0.9143399082181186,0.7909893760522094,0.9143399082181186,0.7909893760522094,1.0,1,0.2511295628684054,61
1417,2,2731,2731,0,0,0,0,0.9600664389839448,0.8929054500023974,0.9600664389839448,0.8929054500023974,1.0,1,0.2398665215639715,59
1418,2,2733,2733,0,0,0,0,0.9898978168104098,0.9731648339755956,0.9898978168104098,0.9731648339755956,1.0,1,0.24032804319422205,60
1419,1,2734,2734,0,0,0,0,0.998823259815469,0.9966939204339368,0.998823259815469,0.9966939204339368,1.0,1,0.2316662281403415,59
1420,1,2735,2735,0,0,0,0,0.9988029711915978,0.9966939204339368,0.9988029711915978,0.9966939204339368,1.0,1,0.24325415423378227,58
1421,2,2737,2737,0,0,0,0,1.0,1.0,1.0,1.0,1.0,1,0.22216746815307362,57
1422,0,2737,2737,0,0,0,0,1.0,1.0,1.0,1.0,1.0,1,0.22216746815307362,57
1423,1,2738,2738,0,0,0,0,1.0,1.0,1.0,1.0,1.0,1,0.1978791979138449,56
1424,2,2740,2740,0,0,0,0,1.0,1.0,1.0,1.0,1.0,1,0.21023950013457382,57
1425,2,2742,2742,0,0,0,0,1.0,1.0,1.0,1.0,1.0,1,0.20919800335833041,54
1426,1,2743,2743,0,0,0,0,0.9981948052199,0.9951259740937298,0.9981948052199,0.9951259740937298,1.0,1,0.21917316186524993,54
1427,2,2745,2745,0,0,0,0,1.0,1.0,1.0,1.0,1.0,1,0.23925797390914336,53
1428,0,2745,2745,0,0,0,0,1.0,1.0,1.0,1.0,1.0,1,0.24809837767953338,52
1429,4,2749,2749,0,0,0,0,0.9836425363782405,0.9594958043651671,0.9836425363782405,0.9594958043651671,1.0,1,0.23719606738218427,52
1430,5,2754,2754,0,0,0,0,0.9672081050100491,0.9239824252505682,0.9672081050100491,0.9239824252505682,1.0,1,0.25498366174684184,51
1431,3,2757,2757,0,0,0,0,0.967208105010049,0.9239824252505682,0.967208105010049,0.9239824252505682,1.0,1,0.25455848766827116,51
1432,4,2761,2761,0,0,0,0,0.9678387183752404,0.9239824252505682,0.9678387183752404,0.9239824252505682,1.0,1,0.19665392254590824,52
1433,2,2763,2763,0,0,0,0,0.9678387183752405,0.9239824252505682,0.9678387183752405,0.9239824252505682,1.0,1,0.2026852255562526,52
1434,3,2766,2766,0,0,0,0,0.9479472471646476,0.8823155153287685,0.9479472471646476,0.8823155153287685,1.0,1,0.2082817712615079,52
1435,4,2770,2770,0,0,0,0,0.9065536048477013,0.8131072096954026,0.9065536048477013,0.8131072096954026,1.0,1,0.2650063006075862,50
1436,1,2771,2771,0,0,0,0,0.8880020548795728,0.7846193363068709,0.8880020548795728,0.7846193363068709,1.0,1,0.25745775376771274,50
1437,3,2774,2774,0,0,0,0,0.849348435632999,0.7363597623577481,0.849348435632999,0.7363597623577481,1.0,1,0.30030912987638214,49
1438,3,2777,2777,0,0,0,0,0.825648720726988,0.7054064591593936,0.825648720726988,0.7054064591593936,1.0,1,0.3121735049816369,49
1439,2,2779,2779,0,0,0,0,0.7932274015553452,0.6664958089602341,0.7932274015553452,0.6664958089602341,1.0,1,0.315302318192003,50
1440,0,2779,2779,0,0,0,0,0.7932274015553452,0.6664958089602341,0.7932274015553452,0.6664958089602341,1.0,1,0.31493554770907295,50
1441,3,2782,2782,0,0,0,0,0.7961981619475328,0.6647131051394896,0.7961981619475328,0.6647131051394896,1.0,1,0.2757193643628018,51
1442,0,2782,2782,0,0,0,0,0.7921221251864834,0.6647131051394896,0.7921221251864834,0.6647131051394896,1.0,1,0.30497586767979423,50
1443,4,2786,2786,0,0,0,0,0.7599629894522785,0.6290337109717031,0.7599629894522785,0.6290337109717031,1.0,1,0.35052149971355,51
1444,3,2789,2789,0,0,0,0,0.8052932665576228,0.6796760191754441,0.8052932665576228,0.6796760191754441,1.0,1,0.3035041536120799,51
1445,1,2790,2790,0,0,0,0,0.8243849629644471,0.7014544370395599,0.8243849629644471,0.7014544370395599,1.0,1,0.3023089375081369,51
1446,3,2793,2793,0,0,0,0,0.8633127981380868,0.7510340251800868,0.8633127981380868,0.7510340251800868,1.0,1,0.278487071885632,51
1447,4,2797,2797,0,0,0,0,0.9006784455849964,0.8051769509551852,0.9006784455849964,0.8051769509551852,1.0,1,0.2548684150695162,51
1448,5,2802,2802,0,0,0,0,0.9757313540381812,0.9437408661794202,0.9757313540381812,0.9437408661794202,1.0,1,0.24543146777485722,51
1449,3,2805,2805,0,0,0,0,1.0,1.0,1.0,1.0,1.0,1,0.22759495548243816,51
1450,3,2808,2808,0,0,0,0,1.0,1.0,1.0,1.0,1.0,1,0.23264990384649928,52
1451,0,2808,2808,0,0,0,0,1.0,1.0,1.0,1.0,1.0,1,0.2364080048601489,54
1452,2,2810,2810,0,0,0,0,0.9923887314107749,0.9797032837620664,0.9923887314107749,0.9797032837620664,1.0,1,0.23738857052423087,56
1453,3,2813,2813,0,0,0,0,1.0,1.0,1.0,1.0,1.0,1,0.22445991328839013,56
1454,2,2815,2815,0,0,0,0,0.973508774866212,0.9301594973745587,0.973508774866212,0.9301594973745587,1.0,1,0.2307070142619536,58
1455,4,2819,2819,0,0,0,0,1.0,1.0,1.0,1.0,1.0,1,0.21759883191512525,55
1456,3,2822,2822,0,0,0,0,0.9942712418454855,0.9847233115879614,0.9942712418454855,0.9847233115879614,1.0,1,0.23977114757382137,56
1457,2,2824,2824,0,0,0,0,0.9926744314405447,0.9811628237042578,0.9926744314405447,0.9811628237042578,1.0,1,0.24611068492818539,54
1458,3,2827,2827,0,0,0,0,1.0,1.0,1.0,1.0,1.0,1,0.21606999376472472,52
1459,2,2829,2829,0,0,0,0,1.0,1.0,1.0,1.0,1.0,1,0.20957218821056917,52
1460,1,2830,2830,0,0,0,0,1.0,1.0,1.0,1.0,1.0,1,0.1668880479330327,50
1461,2,2832,2832,0,0,0,0,1.0,1.0,1.0,1.0,1.0,1,0.19849606657889624,53
1462,1,2833,2833,0,0,0,0,1.0,1.0,1.0,1.0,1.0,1,0.1865635971907881,51
1463,2,2835,2835,0,0,0,0,0.9913653666920675,0.9779816850647725,0.9913653666920675,0.9779816850647725,1.0,1,0.2310703543872555,51
1464,1,2836,2836,0,0,0,0,0.9789922277753348,0.9489811245972419,0.9789922277753348,0.9489811245972419,1.0,1,0.24350938771683053,51
1465,1,2837,2837,0,0,0,0,1.0,1.0,1.0,1.0,1.0,1,0.2246521780776407,49
1466,2,2839,2839,0,0,0,0,1.0,1.0,1.0,1.0,1.0,1,0.208038874618408,49
1467,2,2841,2841,0,0,0,0,0.9873632595017164,0.9703036598290337,0.9873632595017164,0.9703036598290337,1.0,1,0.25884882807992127,47
1468,1,2842,2842,0,0,0,0,0.987626524928764,0.9703036598290337,0.987626524928764,0.9703036598290337,1.0,1,0.23834205752858803,48
1469,3,2845,2845,0,0,0,0,0.9485148885706431,0.8900090801281922,0.9485148885706431,0.8900090801281922,1.0,1,0.2674166606747615,47
1470,0,2845,2845,0,0,0,0,0.9506163216902089,0.8900090801281922,0.9506163216902089,0.8900090801281922,1.0,1,0.2566512257382869,49
1471,1,2846,2846,0,0,0,0,0.9495874950587547,0.8900090801281922,0.9495874950587547,0.8900090801281922,1.0,1,0.2744806600689945,48
1472,0,2846,2846,0,0,0,0,0.9495874950587547,0.8900090801281922,0.9495874950587547,0.8900090801281922,1.0,1,0.26627836274186356,48
1473,0,2846,2846,0,0,0,0,0.9344991151638201,0.8604546366533561,0.9344991151638201,0.8604546366533561,1.0,1,0.26627836274186356,49
1474,1,2847,2847,0,0,0,0,0.9344991151638202,0.8604546366533561,0.9344991151638202,0.8604546366533561,1.0,1,0.25212620788279766,49
1475,1,2848,2848,0,0,0,0,0.9179350694472446,0.8324507667881242,0.9179350694472446,0.8324507667881242,1.0,1,0.2697256998120374,49
1476,2,2850,2850,0,0,0,0,0.877253187622274,0.7592274064898451,0.877253187622274,0.7592274064898451,1.0,1,0.27544299784332604,51
1477,0,2850,2850,0,0,0,0,0.877253187622274,0.7592274064898451,0.877253187622274,0.7592274064898451,1.0,1,0.27544299784332604,51
1478,5,2855,2855,0,0,0,0,0.937270602195441,0.8581770136592578,0.937270602195441,0.8581770136592578,1.0,1,0.23720057837809727,52
1479,4,2859,2859,0,0,0,0,0.9648369425745614,0.9152889980205342,0.9648369425745614,0.9152889980205342,1.0,1,0.23825323160483788,53
1480,4,2863,2863,0,0,0,0,0.9991391920475495,0.9977188589260061,0.9991391920475495,0.9977188589260061,1.0,1,0.23865992753276494,53
1481,1,2864,2864,0,0,0,0,1.0,1.0,1.0,1.0,1.0,1,0.22921473132937506,53
1482,2,2866,2866,0,0,0,0,1.0,1.0,1.0,1.0,1.0,1,0.25435634503598187,52
1483,2,2868,2868,0,0,0,0,0.9794604726324762,0.9491402179470837,0.9794604726324762,0.9491402179470837,1.0,1,0.24452694979687403,52
1484,5,2873,2873,0,0,0,0,1.0,1.0,1.0,1.0,1.0,1,0.26234962031565123,53
1485,3,2876,2876,0,0,0,0,1.0,1.0,1.0,1.0,1.0,1,0.24654333991800256,53
1486,3,2879,2879,0,0,0,0,1.0,1.0,1.0,1.0,1.0,1,0.20708551310707812,54
1487,2,2881,2881,0,0,0,0,1.0,1.0,1.0,1.0,1.0,1,0.21820254241517076,55
1488,2,2883,2883,0,0,0,0,1.0,1.0,1.0,1.0,1.0,1,0.20957215044775984,57
1489,2,2885,2885,0,0,0,0,1.0,1.0,1.0,1.0,1.0,1,0.21361806732295774,58
1490,3,2888,2888,0,0,0,0,1.0,1.0,1.0,1.0,1.0,1,0.22584593348782916,58
1491,2,2890,2890,0,0,0,0,1.0,1.0,1.0,1.0,1.0,1,0.1993301352054278,59
1492,4,2894,2894,0,0,0,0,0.976822860098101,0.9378431248085438,0.976822860098101,0.9378431248085438,1.0,1,0.2295885695653089,59
1493,2,2896,2896,0,0,0,0,0.9725907276827179,0.9277391911635292,0.9725907276827179,0.9277391911635292,1.0,1,0.2456749829682063,58
1494,0,2896,2896,0,0,0,0,0.9725907276827179,0.9277391911635292,0.9725907276827179,0.9277391911635292,1.0,1,0.2456749829682063,58
1495,0,2896,2896,0,0,0,0,0.9933773458142624,0.9820242243529981,0.9933773458142624,0.9820242243529981,1.0,1,0.2456749829682063,57
1496,1,2897,2897,0,0,0,0,1.0,1.0,1.0,1.0,1.0,1,0.23539676210363594,59
1497,0,2897,2897,0,0,0,0,1.0,1.0,1.0,1.0,1.0,1,0.2302171285162777,58
1498,2,2899,2899,0,0,0,0,1.0,1.0,1.0,1.0,1.0,1,0.2225871886943742,58
1499,1,2900,2900,0,0,0,0,1.0,1.0,1.0,1.0,1.0,1,0.22098307516999013,56
1500,1,2901,2901,0,0,0,0,1.0,1.0,1.0,1.0,1.0,1,0.20265828473558328,57
1501,0,2901,2901,0,0,0,0,1.0,1.0,1.0,1.0,1.0,1,0.20095022473754176,55
1502,0,2901,2901,0,0,0,0,1.0,1.0,1.0,1.0,1.0,1,0.2018821436417491,55
1503,1,2902,2902,0,0,0,0,1.0,1.0,1.0,1.0,1.0,1,0.19292762493551002,54
1504,2,2904,2904,0,0,0,0,1.0,1.0,1.0,1.0,1.0,1,0.15914669316417446,55
1505,2,2906,2906,0,0,0,0,1.0,1.0,1.0,1.0,1.0,1,0.15567296445243892,53
1506,1,2907,2907,0,0,0,0,1.0,1.0,1.0,1.0,1.0,1,0.15851627879077074,55
1507,0,2907,2907,0,0,0,0,1.0,1.0,1.0,1.0,1.0,1,0.18278338675014705,53
1508,1,2908,2908,0,0,0,0,1.0,1.0,1.0,1.0,1.0,1,0.1768719542164301,53
1509,2,2910,2910,0,0,0,0,1.0,1.0,1.0,1.0,1.0,1,0.19993208105274568,52
1510,3,2913,2913,0,0,0,0,1.0,1.0,1.0,1.0,1.0,1,0.2593117845907399,50
1511,1,2914,2914,0,0,0,0,0.9918573816379245,0.9810005571551571,0.9918573816379245,0.9810005571551571,1.0,1,0.27405584549318385,49
1512,4,2918,2918,0,0,0,0,1.0,1.0,1.0,1.0,1.0,1,0.2797714266791638,48
1513,1,2919,2919,0,0,0,0,1.0,1.0,1.0,1.0,1.0,1,0.32292278651810064,47
1514,6,2925,2925,0,0,0,0,1.0,1.0,1.0,1.0,1.0,1,0.3041596391044412,48
1515,2,2927,2927,0,0,0,0,1.0,1.0,1.0,1.0,1.0,1,0.26224104336648446,48
1516,1,2928,2928,0,0,0,0,1.0,1.0,1.0,1.0,1.0,1,0.28020398909698135,47
1517,3,2931,2931,0,0,0,0,1.0,1.0,1.0,1.0,1.0,1,0.2884142254833078,48
1518,3,2934,2934,0,0,0,0,1.0,1.0,1.0,1.0,1.0,1,0.26279798648262404,48
1519,2,2936,2936,0,0,0,0,0.9718357715325074,0.9369657743822786,0.9718357715325074,0.9369657743822786,1.0,1,0.2876956780740299,47
1520,3,2939,2939,0,0,0,0,1.0,1.0,1.0,1.0,1.0,1,0.27136237736863145,48
1521,2,2941,2941,0,0,0,0,1.0,1.0,1.0,1.0,1.0,1,0.23760974720601993,49
1522,1,2942,2942,0,0,0,0,1.0,1.0,1.0,1.0,1.0,1,0.2230544090992626,48
1523,1,2943,2943,0,0,0,0,1.0,1.0,1.0,1.0,1.0,1,0.23169196869938014,49
1524,3,2946,2946,0,0,0,0,1.0,1.0,1.0,1.0,1.0,1,0.252716565507629,49
1525,0,2946,2946,0,0,0,0,1.0,1.0,1.0,1.0,1.0,1,0.2513634911243234,51
1526,0,2946,2946,0,0,0,0,1.0,1.0,1.0,1.0,1.0,1,0.2309214133585204,52
1527,2,2948,2948,0,0,0,0,0.9690535388783168,0.9204233856871004,0.9690535388783168,0.9204233856871004,1.0,1,0.243322081245913,54
1528,1,2949,2949,0,0,0,0,0.9909017484874073,0.9754347209159998,0.9909017484874073,0.9754347209159998,1.0,1,0.22059019038877167,54
1529,0,2949,2949,0,0,0,0,0.9909017484874073,0.9754347209159998,0.9909017484874073,0.9754347209159998,1.0,1,0.22059019038877167,54
1530,1,2950,2950,0,0,0,0,0.9524516732814857,0.8832904707818284,0.9524516732814857,0.8832904707818284,1.0,1,0.229578687813216,54
1531,2,2952,2952,0,0,0,0,0.9736219760316158,0.9321707955098691,0.9736219760316158,0.9321707955098691,1.0,1,0.221222427126322,54
1532,1,2953,2953,0,0,0,0,0.9923348727099746,0.9793041563169316,0.9923348727099746,0.9793041563169316,1.0,1,0.2026640233191577,54
1533,2,2955,2955,0,0,0,0,0.9471435745752087,0.870261501230058,0.9471435745752087,0.870261501230058,1.0,1,0.22547635186496676,54
1534,1,2956,2956,0,0,0,0,0.9686351551342158,0.9193475417736982,0.9686351551342158,0.9193475417736982,1.0,1,0.2030469601645527,54
1535,0,2956,2956,0,0,0,0,0.968635155134216,0.9193475417736982,0.968635155134216,0.9193475417736982,1.0,1,0.2030469601645527,54
1536,0,2956,2956,0,0,0,0,0.9692054250408666,0.9193475417736982,0.9692054250408666,0.9193475417736982,1.0,1,0.20376153646475725,55
1537,0,2956,2956,0,0,0,0,0.9680433656084465,0.9193475417736982,0.9680433656084465,0.9193475417736982,1.0,1,0.2238183045924706,53
1538,1,2957,2957,0,0,0,0,0.9826539193746379,0.9531655823115225,0.9826539193746379,0.9531655823115225,1.0,1,0.21034773711597649,54
1539,1,2958,2958,0,0,0,0,0.9665937789200348,0.9140982886515182,0.9665937789200348,0.9140982886515182,1.0,1,0.22615592491645042,54
1540,1,2959,2959,0,0,0,0,0.9665937789200348,0.9140982886515182,0.9665937789200348,0.9140982886515182,1.0,1,0.21864932976176343,54
1541,1,2960,2960,0,0,0,0,0.9869506201638408,0.96476667444237,0.9869506201638408,0.96476667444237,1.0,1,0.2076577650752652,54
1542,5,2965,2965,0,0,0,0,0.9911004326521831,0.9746362330587216,0.9911004326521831,0.9746362330587216,1.0,1,0.19151592954420565,57
1543,1,2966,2966,0,0,0,0,1.0,1.0,1.0,1.0,1.0,1,0.16940756621998737,55
1544,7,2973,2973,0,0,0,0,1.0,1.0,1.0,1.0,1.0,1,0.18537571717918383,54
1545,3,2976,2976,0,0,0,0,1.0,1.0,1.0,1.0,1.0,1,0.16435227263785057,54
1546,7,2983,2983,0,0,0,0,1.0,1.0,1.0,1.0,1.0,1,0.11314251393778202,53
1547,5,2988,2988,0,0,0,0,1.0,1.0,1.0,1.0,1.0,1,0.09202466607008881,53
1548,7,2995,2995,0,0,0,0,1.0,1.0,1.0,1.0,1.0,1,0.052902584038072735,54
1549,4,2999,2999,0,0,0,0,1.0,1.0,1.0,1.0,1.0,1,0.08969809022200805,52
1550,6,3005,3005,0,0,0,0,1.0,1.0,1.0,1.0,1.0,1,0.033303113778281206,52
1551,3,3008,3008,0,0,0,0,1.0,1.0,1.0,1.0,1.0,1,0.09019895032120953,52
1552,5,3013,3013,0,0,0,0,1.0,1.0,1.0,1.0,1.0,1,0.1306668646427118,51
1553,4,3017,3017,0,0,0,0,1.0,1.0,1.0,1.0,1.0,1,0.1522232688028114,51
1554,6,3023,3023,0,0,0,0,1.0,1.0,1.0,1.0,1.0,1,0.16601341253874222,51
1555,2,3025,3025,0,0,0,0,1.0,1.0,1.0,1.0,1.0,1,0.1799391938122568,50
1556,4,3029,3029,0,0,0,0,1.0,1.0,1.0,1.0,1.0,1,0.16804905748418747,51
1557,2,3031,3031,0,0,0,0,1.0,1.0,1.0,1.0,1.0,1,0.2017092307816012,51
1558,2,3033,3033,0,0,0,0,1.0,1.0,1.0,1.0,1.0,1,0.19666160412965344,52
1559,2,3035,3035,0,0,0,0,1.0,1.0,1.0,1.0,1.0,1,0.18026840922458717,53
1560,1,3036,3036,0,0,0,0,1.0,1.0,1.0,1.0,1.0,1,0.18228450797571924,51
1561,1,3037,3037,0,0,0,0,1.0,1.0,1.0,1.0,1.0,1,0.17283656156276928,51
1562,2,3039,3039,0,0,0,0,1.0,1.0,1.0,1.0,1.0,1,0.19300189397841008,52
1563,2,3041,3041,0,0,0,0,1.0,1.0,1.0,1.0,1.0,1,0.17590786118799262,52
1564,0,3041,3041,0,0,0,0,1.0,1.0,1.0,1.0,1.0,1,0.19983830204910694,51
1565,2,3043,3043,0,0,0,0,1.0,1.0,1.0,1.0,1.0,1,0.17698790973871972,53
1566,1,3044,3044,0,0,0,0,1.0,1.0,1.0,1.0,1.0,1,0.19570746547071027,53
1567,1,3045,3045,0,0,0,0,1.0,1.0,1.0,1.0,1.0,1,0.20911013146660784,52
1568,3,3048,3048,0,0,0,0,0.9934607484574218,0.9852156052080843,0.9934607484574218,0.9852156052080843,1.0,1,0.1813789611083326,52
1569,1,3049,3049,0,0,0,0,1.0,1.0,1.0,1.0,1.0,1,0.21376148629806654,49
1570,1,3050,3050,0,0,0,0,1.0,1.0,1.0,1.0,1.0,1,0.1904880404079463,48
1571,5,3055,3055,0,0,0,0,1.0,1.0,1.0,1.0,1.0,1,0.1879230073915434,46
1572,0,3055,3055,0,0,0,0,1.0,1.0,1.0,1.0,1.0,1,0.1615388253285569,47
1573,4,3059,3059,0,0,0,0,1.0,1.0,1.0,1.0,1.0,1,0.1600304907100927,48
1574,3,3062,3062,0,0,0,0,1.0,1.0,1.0,1.0,1.0,1,0.11426469214422366,46
1575,1,3063,3063,0,0,0,0,1.0,1.0,1.0,1.0,1.0,1,0.1550397777724645,47
1576,2,3065,3065,0,0,0,0,1.0,1.0,1.0,1.0,1.0,1,0.1624464483934709,46
1577,2,3067,3067,0,0,0,0,1.0,1.0,1.0,1.0,1.0,1,0.20075024481472828,45
1578,1,3068,3068,0,0,0,0,1.0,1.0,1.0,1.0,1.0,1,0.227065963466154,44
1579,0,3068,3068,0,0,0,0,1.0,1.0,1.0,1.0,1.0,1,0.2268583396670989,43
1580,4,3072,3072,0,0,0,0,1.0,1.0,1.0,1.0,1.0,1,0.21521902455806663,43
1581,2,3074,3074,0,0,0,0,1.0,1.0,1.0,1.0,1.0,1,0.2354146772644423,42
1582,3,3077,3077,0,0,0,0,1.0,1.0,1.0,1.0,1.0,1,0.2666389212498655,42
1583,4,3081,3081,0,0,0,0,1.0,1.0,1.0,1.0,1.0,1,0.22650093026736373,43
1584,2,3083,3083,0,0,0,0,1.0,1.0,1.0,1.0,1.0,1,0.22264951903553565,41
1585,4,3087,3087,0,0,0,0,1.0,1.0,1.0,1.0,1.0,1,0.19553008764371108,43
1586,2,3089,3089,0,0,0,0,1.0,1.0,1.0,1.0,1.0,1,0.20479960695872584,42
1587,3,3092,3092,0,0,0,0,1.0,1.0,1.0,1.0,1.0,1,0.20864383559766492,42
1588,1,3093,3093,0,0,0,0,1.0,1.0,1.0,1.0,1.0,1,0.18131686460584762,42
1589,2,3095,3095,0,0,0,0,1.0,1.0,1.0,1.0,1.0,1,0.21785354480141467,42
1590,1,3096,3096,0,0,0,0,1.0,1.0,1.0,1.0,1.0,1,0.21538466355656502,41
1591,1,3097,3097,0,0,0,0,1.0,1.0,1.0,1.0,1.0,1,0.20968262303009094,40
1592,1,3098,3098,0,0,0,0,1.0,1.0,1.0,1.0,1.0,1,0.20454758550024332,39
1593,2,3100,3100,0,0,0,0,1.0,1.0,1.0,1.0,1.0,1,0.15177081655047903,39
1594,0,3100,3100,0,0,0,0,1.0,1.0,1.0,1.0,1.0,1,0.18663469321864704,39
1595,2,3102,3102,0,0,0,0,1.0,1.0,1.0,1.0,1.0,1,0.20889525639275847,42
1596,2,3104,3104,0,0,0,0,1.0,1.0,1.0,1.0,1.0,1,0.22888590482827906,41
1597,1,3105,3105,0,0,0,0,1.0,1.0,1.0,1.0,1.0,1,0.2143437113275836,41
1598,2,3107,3107,0,0,0,0,1.0,1.0,1.0,1.0,1.0,1,0.2565845866301204,39
1599,2,3109,3109,0,0,0,0,1.0,1.0,1.0,1.0,1.0,1,0.20130692753086948,39
1600,0,3109,3109,0,0,0,0,1.0,1.0,1.0,1.0,1.0,1,0.20443115276847168,40
1601,2,3111,3111,0,0,0,0,1.0,1.0,1.0,1.0,1.0,1,0.2333821858843467,41
1602,7,3118,3118,0,0,0,0,1.0,1.0,1.0,1.0,1.0,1,0.2759215001131105,41
1603,1,3119,3119,0,0,0,0,1.0,1.0,1.0,1.0,1.0,1,0.24677315284308904,43
1604,3,3122,3122,0,0,0,0,1.0,1.0,1.0,1.0,1.0,1,0.1959817770190168,43
1605,0,3122,3122,0,0,0,0,1.0,1.0,1.0,1.0,1.0,1,0.2055288467071758,44
1606,3,3125,3125,0,0,0,0,1.0,1.0,1.0,1.0,1.0,1,0.19837415282979,44
1607,1,3126,3126,0,0,0,0,1.0,1.0,1.0,1.0,1.0,1,0.1664503321854679,42
1608,2,3128,3128,0,0,0,0,1.0,1.0,1.0,1.0,1.0,1,0.25386580054632174,41
1609,2,3130,3130,0,0,0,0,1.0,1.0,1.0,1.0,1.0,1,0.20302842947441674,39
1610,1,3131,3131,0,0,0,0,1.0,1.0,1.0,1.0,1.0,1,0.160478818544958,39
1611,2,3133,3133,0,0,0,0,1.0,1.0,1.0,1.0,1.0,1,0.19005258734460265,40
1612,0,3133,3133,0,0,0,0,1.0,1.0,1.0,1.0,1.0,1,0.18010407427304,39
1613,2,3135,3135,0,0,0,0,1.0,1.0,1.0,1.0,1.0,1,0.20991557688250032,41
1614,4,3139,3139,0,0,0,0,1.0,1.0,1.0,1.0,1.0,1,0.16324731226159092,41
1615,3,3142,3142,0,0,0,0,1.0,1.0,1.0,1.0,1.0,1,0.19222094587248234,41
1616,3,3145,3145,0,0,0,0,1.0,1.0,1.0,1.0,1.0,1,0.14224307459795596,43
1617,0,3145,3145,0,0,0,0,1.0,1.0,1.0,1.0,1.0,1,0.13761187588082607,44
1618,2,3147,3147,0,0,0,0,1.0,1.0,1.0,1.0,1.0,1,0.17332942819182293,44
1619,2,3149,3149,0,0,0,0,1.0,1.0,1.0,1.0,1.0,1,0.20497296770837156,44
1620,0,3149,3149,0,0,0,0,1.0,1.0,1.0,1.0,1.0,1,0.1961442646789446,45
1621,0,3149,3149,0,0,0,0,1.0,1.0,1.0,1.0,1.0,1,0.23854891578368695,44
1622,4,3153,3153,0,0,0,0,1.0,1.0,1.0,1.0,1.0,1,0.2843026262141617,44
1623,1,3154,3154,0,0,0,0,1.0,1.0,1.0,1.0,1.0,1,0.31652493486944305,43
1624,1,3155,3155,0,0,0,0,1.0,1.0,1.0,1.0,1.0,1,0.2878931243090928,43
1625,2,3157,3157,0,0,0,0,1.0,1.0,1.0,1.0,1.0,1,0.26709471960938963,43
1626,0,3157,3157,0,0,0,0,1.0,1.0,1.0,1.0,1.0,1,0.22783929956868662,42
1627,1,3158,3158,0,0,0,0,1.0,1.0,1.0,1.0,1.0,1,0.19701913547109814,42
1628,1,3159,3159,0,0,0,0,1.0,1.0,1.0,1.0,1.0,1,0.2031165934425182,42
1629,0,3159,3159,0,0,0,0,1.0,1.0,1.0,1.0,1.0,1,0.20729948519608973,41
1630,0,3159,3159,0,0,0,0,1.0,1.0,1.0,1.0,1.0,1,0.20729948519608973,41
1631,1,3160,3160,0,0,0,0,1.0,1.0,1.0,1.0,1.0,1,0.25074756528726366,40
1632,0,3160,3160,0,0,0,0,1.0,1.0,1.0,1.0,1.0,1,0.26038569665199635,39
1633,2,3162,3162,0,0,0,0,1.0,1.0,1.0,1.0,1.0,1,0.2453363353524722,39
1634,2,3164,3164,0,0,0,0,1.0,1.0,1.0,1.0,1.0,1,0.23103341987057943,39
1635,5,3169,3169,0,0,0,0,1.0,1.0,1.0,1.0,1.0,1,0.187328853485802,40
1636,0,3169,3169,0,0,0,0,1.0,1.0,1.0,1.0,1.0,1,0.17979580673932785,41
1637,1,3170,3170,0,0,0,0,1.0,1.0,1.0,1.0,1.0,1,0.14929483912908043,41
1638,2,3172,3172,0,0,0,0,1.0,1.0,1.0,1.0,1.0,1,0.1960172164437423,42
1639,3,3175,3175,0,0,0,0,1.0,1.0,1.0,1.0,1.0,1,0.19244524928174858,43
1640,0,3175,3175,0,0,0,0,1.0,1.0,1.0,1.0,1.0,1,0.19244524928174858,43
1641,3,3178,3178,0,0,0,0,1.0,1.0,1.0,1.0,1.0,1,0.18245127228900687,44
1642,0,3178,3178,0,0,0,0,1.0,1.0,1.0,1.0,1.0,1,0.19247432902503106,45
1643,2,3180,3180,0,0,0,0,1.0,1.0,1.0,1.0,1.0,1,0.2036025547094564,44
1644,1,3181,3181,0,0,0,0,1.0,1.0,1.0,1.0,1.0,1,0.2193792025937304,45
1645,2,3183,3183,0,0,0,0,1.0,1.0,1.0,1.0,1.0,1,0.21560288744168826,44
1646,3,3186,3186,0,0,0,0,1.0,1.0,1.0,1.0,1.0,1,0.23939316831849738,43
1647,2,3188,3188,0,0,0,0,1.0,1.0,1.0,1.0,1.0,1,0.23106227333932394,43
1648,3,3191,3191,0,0,0,0,1.0,1.0,1.0,1.0,1.0,1,0.266000843081145,42
1649,2,3193,3193,0,0,0,0,1.0,1.0,1.0,1.0,1.0,1,0.2349431626632888,41
1650,3,3196,3196,0,0,0,0,1.0,1.0,1.0,1.0,1.0,1,0.2644791267924345,41
1651,0,3196,3196,0,0,0,0,1.0,1.0,1.0,1.0,1.0,1,0.27832348142942953,40
1652,3,3199,3199,0,0,0,0,1.0,1.0,1.0,1.0,1.0,1,0.3056972720547688,39
1653,5,3204,3204,0,0,0,0,1.0,1.0,1.0,1.0,1.0,1,0.3537633708543065,39
1654,3,3207,3207,0,0,0,0,1.0,1.0,1.0,1.0,1.0,1,0.36122756316793153,39
1655,5,3212,3212,0,0,0,0,1.0,1.0,1.0,1.0,1.0,1,0.312287693586495,40
1656,2,3214,3214,0,0,0,0,1.0,1.0,1.0,1.0,1.0,1,0.29116343201610867,40
1657,4,3218,3218,0,0,0,0,1.0,1.0,1.0,1.0,1.0,1,0.2535587612642519,40
1658,2,3220,3220,0,0,0,0,1.0,1.0,1.0,1.0,1.0,1,0.21271078019071443,40
1659,3,3223,3223,0,0,0,0,1.0,1.0,1.0,1.0,1.0,1,0.16875080278842303,40
1660,0,3223,3223,0,0,0,0,1.0,1.0,1.0,1.0,1.0,1,0.14024066287312587,41
1661,0,3223,3223,0,0,0,0,1.0,1.0,1.0,1.0,1.0,1,0.14278655729388878,42
1662,1,3224,3224,0,0,0,0,1.0,1.0,1.0,1.0,1.0,1,0.11213949538418333,44
1663,0,3224,3224,0,0,0,0,1.0,1.0,1.0,1.0,1.0,1,0.1128101091886593,43
1664,4,3228,3228,0,0,0,0,1.0,1.0,1.0,1.0,1.0,1,0.1582485073196083,42
1665,0,3228,3228,0,0,0,0,1.0,1.0,1.0,1.0,1.0,1,0.11819558178520426,42
1666,3,3231,3231,0,0,0,0,1.0,1.0,1.0,1.0,1.0,1,0.15263246815184786,43
1667,2,3233,3233,0,0,0,0,1.0,1.0,1.0,1.0,1.0,1,0.14601012856009132,40
1668,0,3233,3233,0,0,0,0,1.0,1.0,1.0,1.0,1.0,1,0.10267866034744408,40
1669,2,3235,3235,0,0,0,0,1.0,1.0,1.0,1.0,1.0,1,0.14717092604792523,40
1670,2,3237,3237,0,0,0,0,1.0,1.0,1.0,1.0,1.0,1,0.1445358123732173,39
1671,2,3239,3239,0,0,0,0,1.0,1.0,1.0,1.0,1.0,1,0.19667413168803732,39
1672,2,3241,3241,0,0,0,0,1.0,1.0,1.0,1.0,1.0,1,0.18802035304115036,38
1673,1,3242,3242,0,0,0,0,1.0,1.0,1.0,1.0,1.0,1,0.19687768575311468,38
1674,1,3243,3243,0,0,0,0,1.0,1.0,1.0,1.0,1.0,1,0.21882790228301888,38
1675,3,3246,3246,0,0,0,0,1.0,1.0,1.0,1.0,1.0,1,0.23393893550376077,39
1676,1,3247,3247,0,0,0,0,1.0,1.0,1.0,1.0,1.0,1,0.21253383970489162,39
1677,1,3248,3248,0,0,0,0,1.0,1.0,1.0,1.0,1.0,1,0.21241376650785496,40
1678,2,3250,3250,0,0,0,0,1.0,1.0,1.0,1.0,1.0,1,0.2905772980518021,39
1679,2,3252,3252,0,0,0,0,1.0,1.0,1.0,1.0,1.0,1,0.31588602832808554,39
1680,3,3255,3255,0,0,0,0,1.0,1.0,1.0,1.0,1.0,1,0.3149502809769365,40
1681,3,3258,3258,0,0,0,0,1.0,1.0,1.0,1.0,1.0,1,0.31537473152484846,41
1682,8,3266,3266,0,0,0,0,1.0,1.0,1.0,1.0,1.0,1,0.18453864537530276,40
1683,2,3268,3268,0,0,0,0,1.0,1.0,1.0,1.0,1.0,1,0.17299139568372263,43
1684,6,3274,3274,0,0,0,0,1.0,1.0,1.0,1.0,1.0,1,0.0829376266615786,42
1685,3,3277,3277,0,0,0,0,1.0,1.0,1.0,1.0,1.0,1,0.1205878996976407,41
1686,5,3282,3282,0,0,0,0,1.0,1.0,1.0,1.0,1.0,1,0.08874438969662532,39
1687,3,3285,3285,0,0,0,0,1.0,1.0,1.0,1.0,1.0,1,0.07135197246062315,41
1688,2,3287,3287,0,0,0,0,1.0,1.0,1.0,1.0,1.0,1,0.030250741931211217,39
1689,1,3288,3288,0,0,0,0,1.0,1.0,1.0,1.0,1.0,1,0.05727997678177332,37
1690,2,3290,3290,0,0,0,0,1.0,1.0,1.0,1.0,1.0,1,0.09615697625763371,36
1691,2,3292,3292,0,0,0,0,1.0,1.0,1.0,1.0,1.0,1,0.11081795662230995,36
1692,1,3293,3293,0,0,0,0,1.0,1.0,1.0,1.0,1.0,1,0.16708290593443867,34
1693,1,3294,3294,0,0,0,0,1.0,1.0,1.0,1.0,1.0,1,0.17906311171594427,33
1694,3,3297,3297,0,0,0,0,1.0,1.0,1.0,1.0,1.0,1,0.24889157563747324,32
1695,3,3300,3300,0,0,0,0,1.0,1.0,1.0,1.0,1.0,1,0.25970347914950276,32
1696,1,3301,3301,0,0,0,0,1.0,1.0,1.0,1.0,1.0,1,0.27394901383145326,34
1697,3,3304,3304,0,0,0,0,1.0,1.0,1.0,1.0,1.0,1,0.2794567410432065,34
1698,1,3305,3305,0,0,0,0,1.0,1.0,1.0,1.0,1.0,1,0.2854057377674581,36
1699,1,3306,3306,0,0,0,0,1.0,1.0,1.0,1.0,1.0,1,0.2909520397608001,36
1700,0,3306,3306,0,0,0,0,1.0,1.0,1.0,1.0,1.0,1,0.2895224798946676,37
1701,1,3307,3307,0,0,0,0,1.0,1.0,1.0,1.0,1.0,1,0.3112633913515008,39
1702,1,3308,3308,0,0,0,0,1.0,1.0,1.0,1.0,1.0,1,0.3302499179255088,39
1703,1,3309,3309,0,0,0,0,1.0,1.0,1.0,1.0,1.0,1,0.34063259647642474,38
1704,0,3309,3309,0,0,0,0,1.0,1.0,1.0,1.0,1.0,1,0.29026000330889,38
1705,3,3312,3312,0,0,0,0,1.0,1.0,1.0,1.0,1.0,1,0.21179768595397833,37
1706,1,3313,3313,0,0,0,0,1.0,1.0,1.0,1.0,1.0,1,0.19396676407287397,37
1707,2,3315,3315,0,0,0,0,1.0,1.0,1.0,1.0,1.0,1,0.12257461129928346,36
1708,3,3318,3318,0,0,0,0,1.0,1.0,1.0,1.0,1.0,1,0.09153018949556047,34
1709,2,3320,3320,0,0,0,0,1.0,1.0,1.0,1.0,1.0,1,0.12655360563253096,34
1710,4,3324,3324,0,0,0,0,1.0,1.0,1.0,1.0,1.0,1,0.27654024616560124,33
1711,1,3325,3325,0,0,0,0,1.0,1.0,1.0,1.0,1.0,1,0.30375286318930733,32
1712,1,3326,3326,0,0,0,0,1.0,1.0,1.0,1.0,1.0,1,0.3459388225036573,31
1713,3,3329,3329,0,0,0,0,1.0,1.0,1.0,1.0,1.0,1,0.2687127135633239,32
1714,1,3330,3330,0,0,0,0,1.0,1.0,1.0,1.0,1.0,1,0.3265646638685403,32
1715,2,3332,3332,0,0,0,0,1.0,1.0,1.0,1.0,1.0,1,0.36942900365477294,32
1716,2,3334,3334,0,0,0,0,1.0,1.0,1.0,1.0,1.0,1,0.2971738444290664,34
1717,1,3335,3335,0,0,0,0,1.0,1.0,1.0,1.0,1.0,1,0.275816812114304,34
1718,2,3337,3337,0,0,0,0,1.0,1.0,1.0,1.0,1.0,1,0.27343095804557155,34
1719,2,3339,3339,0,0,0,0,1.0,1.0,1.0,1.0,1.0,1,0.3144886991486461,34
1720,2,3341,3341,0,0,0,0,1.0,1.0,1.0,1.0,1.0,1,0.24424130699976576,34
1721,1,3342,3342,0,0,0,0,1.0,1.0,1.0,1.0,1.0,1,0.22076043288387454,35
1722,0,3342,3342,0,0,0,0,1.0,1.0,1.0,1.0,1.0,1,0.19547374947634374,35
1723,1,3343,3343,0,0,0,0,1.0,1.0,1.0,1.0,1.0,1,0.1639856773007594,34
1724,0,3343,3343,0,0,0,0,1.0,1.0,1.0,1.0,1.0,1,0.17556851470521914,33
1725,3,3346,3346,0,0,0,0,1.0,1.0,1.0,1.0,1.0,1,0.18956326477419316,35
1726,1,3347,3347,0,0,0,0,1.0,1.0,1.0,1.0,1.0,1,0.22083059524440998,34
1727,1,3348,3348,0,0,0,0,1.0,1.0,1.0,1.0,1.0,1,0.20661513860244057,34
1728,2,3350,3350,0,0,0,0,1.0,1.0,1.0,1.0,1.0,1,0.27763342093158705,35
1729,1,3351,3351,0,0,0,0,1.0,1.0,1.0,1.0,1.0,1,0.2852296338428575,35
1730,1,3352,3352,0,0,0,0,1.0,1.0,1.0,1.0,1.0,1,0.23673153488849447,35
1731,1,3353,3353,0,0,0,0,1.0,1.0,1.0,1.0,1.0,1,0.25394862980969946,35
1732,2,3355,3355,0,0,0,0,1.0,1.0,1.0,1.0,1.0,1,0.2805986702631875,35
1733,2,3357,3357,0,0,0,0,1.0,1.0,1.0,1.0,1.0,1,0.33341570685332933,33
1734,2,3359,3359,0,0,0,0,1.0,1.0,1.0,1.0,1.0,1,0.37606187235854444,34
1735,6,3365,3365,0,0,0,0,1.0,1.0,1.0,1.0,1.0,1,0.3071917490984222,33
1736,3,3368,3368,0,0,0,0,1.0,1.0,1.0,1.0,1.0,1,0.2667476310252901,33
1737,1,3369,3369,0,0,0,0,1.0,1.0,1.0,1.0,1.0,1,0.19428931885497858,35
1738,3,3372,3372,0,0,0,0,1.0,1.0,1.0,1.0,1.0,1,0.18944965717867537,36
1739,2,3374,3374,0,0,0,0,1.0,1.0,1.0,1.0,1.0,1,0.1850893329723639,36
1740,1,3375,3375,0,0,0,0,1.0,1.0,1.0,1.0,1.0,1,0.22203533772878828,37
1741,1,3376,3376,0,0,0,0,1.0,1.0,1.0,1.0,1.0,1,0.21457734069940668,36
1742,1,3377,3377,0,0,0,0,1.0,1.0,1.0,1.0,1.0,1,0.2270522926285817,36
1743,3,3380,3380,0,0,0,0,1.0,1.0,1.0,1.0,1.0,1,0.20251545592117193,37
1744,0,3380,3380,0,0,0,0,1.0,1.0,1.0,1.0,1.0,1,0.18665985303570456,37
1745,2,3382,3382,0,0,0,0,1.0,1.0,1.0,1.0,1.0,1,0.19843830598992865,38
1746,0,3382,3382,0,0,0,0,1.0,1.0,1.0,1.0,1.0,1,0.20088372746181185,38
1747,1,3383,3383,0,0,0,0,1.0,1.0,1.0,1.0,1.0,1,0.205461944276262,37
1748,0,3383,3383,0,0,0,0,1.0,1.0,1.0,1.0,1.0,1,0.20676092104345195,38
1749,1,3384,3384,0,0,0,0,1.0,1.0,1.0,1.0,1.0,1,0.20511228566683812,38
1750,3,3387,3387,0,0,0,0,1.0,1.0,1.0,1.0,1.0,1,0.21835488849326554,39
1751,4,3391,3391,0,0,0,0,1.0,1.0,1.0,1.0,1.0,1,0.23027308812151062,41
1752,2,3393,3393,0,0,0,0,1.0,1.0,1.0,1.0,1.0,1,0.257218137269456,41
1753,2,3395,3395,0,0,0,0,1.0,1.0,1.0,1.0,1.0,1,0.28027715859327246,41
1754,3,3398,3398,0,0,0,0,1.0,1.0,1.0,1.0,1.0,1,0.2335785600776491,40
1755,2,3400,3400,0,0,0,0,1.0,1.0,1.0,1.0,1.0,1,0.2443162767177593,41
1756,3,3403,3403,0,0,0,0,1.0,1.0,1.0,1.0,1.0,1,0.22273311525137962,41
1757,4,3407,3407,0,0,0,0,1.0,1.0,1.0,1.0,1.0,1,0.3068043858648529,40
1758,2,3409,3409,0,0,0,0,1.0,1.0,1.0,1.0,1.0,1,0.26555646677035627,41
1759,3,3412,3412,0,0,0,0,1.0,1.0,1.0,1.0,1.0,1,0.35498051904418226,38
1760,4,3416,3416,0,0,0,0,1.0,1.0,1.0,1.0,1.0,1,0.24383356868826295,38
1761,4,3420,3420,0,0,0,0,1.0,1.0,1.0,1.0,1.0,1,0.2489768108284975,37
1762,1,3421,3421,0,0,0,0,1.0,1.0,1.0,1.0,1.0,1,0.20366989626196447,37
1763,1,3422,3422,0,0,0,0,1.0,1.0,1.0,1.0,1.0,1,0.20320868955141813,37
1764,3,3425,3425,0,0,0,0,1.0,1.0,1.0,1.0,1.0,1,0.20341299445588176,36
1765,2,3427,3427,0,0,0,0,1.0,1.0,1.0,1.0,1.0,1,0.22884868845039893,36
1766,1,3428,3428,0,0,0,0,1.0,1.0,1.0,1.0,1.0,1,0.23172770753412658,37
1767,2,3430,3430,0,0,0,0,1.0,1.0,1.0,1.0,1.0,1,0.24123571319851675,37
1768,1,3431,3431,0,0,0,0,1.0,1.0,1.0,1.0,1.0,1,0.2469359446533522,37
1769,2,3433,3433,0,0,0,0,1.0,1.0,1.0,1.0,1.0,1,0.30775425562164893,38
1770,2,3435,3435,0,0,0,0,1.0,1.0,1.0,1.0,1.0,1,0.34229595673420715,39
1771,1,3436,3436,0,0,0,0,1.0,1.0,1.0,1.0,1.0,1,0.32851821537719494,39
1772,1,3437,3437,0,0,0,0,1.0,1.0,1.0,1.0,1.0,1,0.3153265322771484,39
1773,3,3440,3440,0,0,0,0,1.0,1.0,1.0,1.0,1.0,1,0.2531075525530767,41
1774,1,3441,3441,0,0,0,0,1.0,1.0,1.0,1.0,1.0,1,0.2148145101822175,41
1775,1,3442,3442,0,0,0,0,1.0,1.0,1.0,1.0,1.0,1,0.22663812433223793,42
1776,1,3443,3443,0,0,0,0,1.0,1.0,1.0,1.0,1.0,1,0.2363040151085566,43
1777,1,3444,3444,0,0,0,0,1.0,1.0,1.0,1.0,1.0,1,0.20034570633469598,43
1778,0,3444,3444,0,0,0,0,1.0,1.0,1.0,1.0,1.0,1,0.2015002692984521,44
1779,2,3446,3446,0,0,0,0,1.0,1.0,1.0,1.0,1.0,1,0.20312992172118058,46
1780,0,3446,3446,0,0,0,0,1.0,1.0,1.0,1.0,1.0,1,0.20312992172118058,46
1781,0,3446,3446,0,0,0,0,1.0,1.0,1.0,1.0,1.0,1,0.20312992172118058,46
1782,1,3447,3447,0,0,0,0,1.0,1.0,1.0,1.0,1.0,1,0.2635574436921062,46
1783,0,3447,3447,0,0,0,0,1.0,1.0,1.0,1.0,1.0,1,0.2641725465434549,44
1784,3,3450,3450,0,0,0,0,1.0,1.0,1.0,1.0,1.0,1,0.20326156554728084,45
1785,2,3452,3452,0,0,0,0,1.0,1.0,1.0,1.0,1.0,1,0.2039285843584972,42
1786,4,3456,3456,0,0,0,0,1.0,1.0,1.0,1.0,1.0,1,0.17045699782993906,43
1787,2,3458,3458,0,0,0,0,1.0,1.0,1.0,1.0,1.0,1,0.18369462737865122,41
1788,6,3464,3464,0,0,0,0,1.0,1.0,1.0,1.0,1.0,1,0.20711143089291578,41
1789,3,3467,3467,0,0,0,0,1.0,1.0,1.0,1.0,1.0,1,0.17034891207367694,41
1790,3,3470,3470,0,0,0,0,1.0,1.0,1.0,1.0,1.0,1,0.21550177501988427,41
1791,4,3474,3474,0,0,0,0,1.0,1.0,1.0,1.0,1.0,1,0.20416000882434043,40
1792,5,3479,3479,0,0,0,0,1.0,1.0,1.0,1.0,1.0,1,0.23092278031016686,40
1793,3,3482,3482,0,0,0,0,1.0,1.0,1.0,1.0,1.0,1,0.20057465477910244,41
1794,0,3482,3482,0,0,0,0,1.0,1.0,1.0,1.0,1.0,1,0.20057465477910244,41
1795,1,3483,3483,0,0,0,0,1.0,1.0,1.0,1.0,1.0,1,0.1825306673106664,40
1796,2,3485,3485,0,0,0,0,1.0,1.0,1.0,1.0,1.0,1,0.15426760085291108,40
1797,1,3486,3486,0,0,0,0,1.0,1.0,1.0,1.0,1.0,1,0.13025959437798382,37
1798,1,3487,3487,0,0,0,0,1.0,1.0,1.0,1.0,1.0,1,0.16458266171551802,37
1799,2,3489,3489,0,0,0,0,1.0,1.0,1.0,1.0,1.0,1,0.21925366629013057,36
1800,1,3490,3490,0,0,0,0,1.0,1.0,1.0,1.0,1.0,1,0.23563367823480572,36
1801,1,3491,3491,0,0,0,0,1.0,1.0,1.0,1.0,1.0,1,0.254547731562836,34
1802,4,3495,3495,0,0,0,0,1.0,1.0,1.0,1.0,1.0,1,0.2568240253705377,33
1803,2,3497,3497,0,0,0,0,1.0,1.0,1.0,1.0,1.0,1,0.2275094247621058,33
1804,4,3501,3501,0,0,0,0,1.0,1.0,1.0,1.0,1.0,1,0.15736611385378982,33
1805,2,3503,3503,0,0,0,0,1.0,1.0,1.0,1.0,1.0,1,0.1630345743219042,35
1806,3,3506,3506,0,0,0,0,1.0,1.0,1.0,1.0,1.0,1,0.1561516807867257,35
1807,1,3507,3507,0,0,0,0,1.0,1.0,1.0,1.0,1.0,1,0.1868068076787044,35
1808,1,3508,3508,0,0,0,0,1.0,1.0,1.0,1.0,1.0,1,0.12196580993778885,36
1809,1,3509,3509,0,0,0,0,1.0,1.0,1.0,1.0,1.0,1,0.11705541612222196,36
1810,0,3509,3509,0,0,0,0,1.0,1.0,1.0,1.0,1.0,1,0.1152276119299856,35
1811,1,3510,3510,0,0,0,0,1.0,1.0,1.0,1.0,1.0,1,0.15141339599468703,36
1812,0,3510,3510,0,0,0,0,1.0,1.0,1.0,1.0,1.0,1,0.1637036578751638,36
1813,2,3512,3512,0,0,0,0,1.0,1.0,1.0,1.0,1.0,1,0.1348962417118679,36
1814,3,3515,3515,0,0,0,0,1.0,1.0,1.0,1.0,1.0,1,0.20567805189854574,34
1815,4,3519,3519,0,0,0,0,1.0,1.0,1.0,1.0,1.0,1,0.19661710057754958,35
1816,3,3522,3522,0,0,0,0,1.0,1.0,1.0,1.0,1.0,1,0.21073487202289704,34
1817,1,3523,3523,0,0,0,0,1.0,1.0,1.0,1.0,1.0,1,0.22883503935266478,34
1818,2,3525,3525,0,0,0,0,1.0,1.0,1.0,1.0,1.0,1,0.1844834587227475,34
1819,2,3527,3527,0,0,0,0,1.0,1.0,1.0,1.0,1.0,1,0.14200803935263503,35
1820,5,3532,3532,0,0,0,0,1.0,1.0,1.0,1.0,1.0,1,0.23194771278597703,36
1821,3,3535,3535,0,0,0,0,1.0,1.0,1.0,1.0,1.0,1,0.24496455446596646,36
1822,2,3537,3537,0,0,0,0,1.0,1.0,1.0,1.0,1.0,1,0.29687643828301497,37
1823,1,3538,3538,0,0,0,0,1.0,1.0,1.0,1.0,1.0,1,0.24992274511717377,38
1824,0,3538,3538,0,0,0,0,1.0,1.0,1.0,1.0,1.0,1,0.23529872640329724,37
1825,0,3538,3538,0,0,0,0,1.0,1.0,1.0,1.0,1.0,1,0.23073258790481474,36
1826,1,3539,3539,0,0,0,0,1.0,1.0,1.0,1.0,1.0,1,0.18897631669024173,35
1827,2,3541,3541,0,0,0,0,1.0,1.0,1.0,1.0,1.0,1,0.25260942131400704,35
1828,2,3543,3543,0,0,0,0,1.0,1.0,1.0,1.0,1.0,1,0.23488370583589363,33
1829,1,3544,3544,0,0,0,0,1.0,1.0,1.0,1.0,1.0,1,0.2332512244169422,32
1830,2,3546,3546,0,0,0,0,1.0,1.0,1.0,1.0,1.0,1,0.25291518619740827,32
1831,0,3546,3546,0,0,0,0,1.0,1.0,1.0,1.0,1.0,1,0.31200354160903554,30
1832,1,3547,3547,0,0,0,0,1.0,1.0,1.0,1.0,1.0,1,0.32445804442333204,30
1833,3,3550,3550,0,0,0,0,1.0,1.0,1.0,1.0,1.0,1,0.2731487871155548,29
1834,0,3550,3550,0,0,0,0,1.0,1.0,1.0,1.0,1.0,1,0.27419450430103787,28
1835,3,3553,3553,0,0,0,0,1.0,1.0,1.0,1.0,1.0,1,0.19477505523099342,28
1836,0,3553,3553,0,0,0,0,1.0,1.0,1.0,1.0,1.0,1,0.21816730147857924,29
1837,1,3554,3554,0,0,0,0,1.0,1.0,1.0,1.0,1.0,1,0.25298194195529566,28
1838,0,3554,3554,0,0,0,0,1.0,1.0,1.0,1.0,1.0,1,0.26185603465510976,28
1839,0,3554,3554,0,0,0,0,1.0,1.0,1.0,1.0,1.0,1,0.2956169963873115,27
1840,2,3556,3556,0,0,0,0,1.0,1.0,1.0,1.0,1.0,1,0.3074714947428898,26
1841,2,3558,3558,0,0,0,0,1.0,1.0,1.0,1.0,1.0,1,0.3344167892356224,25
1842,1,3559,3559,0,0,0,0,1.0,1.0,1.0,1.0,1.0,1,0.32164824227045563,26
1843,2,3561,3561,0,0,0,0,1.0,1.0,1.0,1.0,1.0,1,0.2939321686045878,26
1844,4,3565,3565,0,0,0,0,1.0,1.0,1.0,1.0,1.0,1,0.27994868257198585,26
1845,2,3567,3567,0,0,0,0,1.0,1.0,1.0,1.0,1.0,1,0.2260215863000287,26
1846,0,3567,3567,0,0,0,0,1.0,1.0,1.0,1.0,1.0,1,0.2260215863000287,26
1847,5,3572,3572,0,0,0,0,1.0,1.0,1.0,1.0,1.0,1,0.20342207040586305,26
1848,0,3572,3572,0,0,0,0,1.0,1.0,1.0,1.0,1.0,1,0.18599944629173246,27
1849,0,3572,3572,0,0,0,0,1.0,1.0,1.0,1.0,1.0,1,0.18599944629173246,27
1850,1,3573,3573,0,0,0,0,1.0,1.0,1.0,1.0,1.0,1,0.1343305496962769,28
1851,0,3573,3573,0,0,0,0,1.0,1.0,1.0,1.0,1.0,1,0.1343305496962769,28
1852,3,3576,3576,0,0,0,0,1.0,1.0,1.0,1.0,1.0,1,0.2199639997879544,28
1853,0,3576,3576,0,0,0,0,1.0,1.0,1.0,1.0,1.0,1,0.2596650532462003,27
1854,2,3578,3578,0,0,0,0,1.0,1.0,1.0,1.0,1.0,1,0.35243959581063955,28
1855,0,3578,3578,0,0,0,0,1.0,1.0,1.0,1.0,1.0,1,0.35243959581063955,28
1856,0,3578,3578,0,0,0,0,1.0,1.0,1.0,1.0,1.0,1,0.364976215138775,30
1857,3,3581,3581,0,0,0,0,1.0,1.0,1.0,1.0,1.0,1,0.33132938552450464,31
1858,0,3581,3581,0,0,0,0,1.0,1.0,1.0,1.0,1.0,1,0.33132938552450464,31
1859,0,3581,3581,0,0,0,0,1.0,1.0,1.0,1.0,1.0,1,0.33132938552450464,31
1860,0,3581,3581,0,0,0,0,1.0,1.0,1.0,1.0,1.0,1,0.33132938552450464,31
1861,2,3583,3583,0,0,0,0,1.0,1.0,1.0,1.0,1.0,1,0.3001520402220794,31
1862,0,3583,3583,0,0,0,0,1.0,1.0,1.0,1.0,1.0,1,0.3001520402220794,31
1863,2,3585,3585,0,0,0,0,1.0,1.0,1.0,1.0,1.0,1,0.32792336842397096,31
1864,0,3585,3585,0,0,0,0,1.0,1.0,1.0,1.0,1.0,1,0.3188096430292216,30
1865,3,3588,3588,0,0,0,0,1.0,1.0,1.0,1.0,1.0,1,0.27432501321775427,27
1866,1,3589,3589,0,0,0,0,1.0,1.0,1.0,1.0,1.0,1,0.23103265439282591,28
1867,1,3590,3590,0,0,0,0,1.0,1.0,1.0,1.0,1.0,1,0.21071128378039428,26
1868,2,3592,3592,0,0,0,0,1.0,1.0,1.0,1.0,1.0,1,0.18799883972611553,26
1869,1,3593,3593,0,0,0,0,1.0,1.0,1.0,1.0,1.0,1,0.20106073576110325,25
1870,1,3594,3594,0,0,0,0,1.0,1.0,1.0,1.0,1.0,1,0.17034130974738398,25
1871,0,3594,3594,0,0,0,0,1.0,1.0,1.0,1.0,1.0,1,0.17335630328521365,26
1872,0,3594,3594,0,0,0,0,1.0,1.0,1.0,1.0,1.0,1,0.20868625796799992,25
1873,1,3595,3595,0,0,0,0,1.0,1.0,1.0,1.0,1.0,1,0.20516710242151123,23
1874,2,3597,3597,0,0,0,0,1.0,1.0,1.0,1.0,1.0,1,0.23096957369342283,23
1875,2,3599,3599,0,0,0,0,1.0,1.0,1.0,1.0,1.0,1,0.306737947242331,21
1876,0,3599,3599,0,0,0,0,1.0,1.0,1.0,1.0,1.0,1,0.26582514045075106,24
1877,1,3600,3600,0,0,0,0,1.0,1.0,1.0,1.0,1.0,1,0.22253335320872242,24
1878,1,3601,3601,0,0,0,0,1.0,1.0,1.0,1.0,1.0,1,0.17920594676237053,26
1879,0,3601,3601,0,0,0,0,1.0,1.0,1.0,1.0,1.0,1,0.17920594676237053,26
1880,2,3603,3603,0,0,0,0,1.0,1.0,1.0,1.0,1.0,1,0.20236914766430247,26
1881,0,3603,3603,0,0,0,0,1.0,1.0,1.0,1.0,1.0,1,0.20236914766430247,26
1882,2,3605,3605,0,0,0,0,1.0,1.0,1.0,1.0,1.0,1,0.2529602182974252,25
1883,1,3606,3606,0,0,0,0,1.0,1.0,1.0,1.0,1.0,1,0.2716234930922141,25
1884,1,3607,3607,0,0,0,0,1.0,1.0,1.0,1.0,1.0,1,0.2883394268671396,25
1885,1,3608,3608,0,0,0,0,1.0,1.0,1.0,1.0,1.0,1,0.24348018526809478,25
1886,3,3611,3611,0,0,0,0,1.0,1.0,1.0,1.0,1.0,1,0.2938711567044284,26
1887,1,3612,3612,0,0,0,0,1.0,1.0,1.0,1.0,1.0,1,0.25850472223462334,26
1888,0,3612,3612,0,0,0,0,1.0,1.0,1.0,1.0,1.0,1,0.24031583611147234,27
1889,1,3613,3613,0,0,0,0,1.0,1.0,1.0,1.0,1.0,1,0.3114908354367746,28
1890,0,3613,3613,0,0,0,0,1.0,1.0,1.0,1.0,1.0,1,0.3114908354367746,28
1891,0,3613,3613,0,0,0,0,1.0,1.0,1.0,1.0,1.0,1,0.33200521918255604,29
1892,1,3614,3614,0,0,0,0,1.0,1.0,1.0,1.0,1.0,1,0.3661166545734441,29
1893,0,3614,3614,0,0,0,0,1.0,1.0,1.0,1.0,1.0,1,0.3661166545734441,29
1894,2,3616,3616,0,0,0,0,1.0,1.0,1.0,1.0,1.0,1,0.3295521435168049,29
1895,0,3616,3616,0,0,0,0,1.0,1.0,1.0,1.0,1.0,1,0.3627646266450798,31
1896,0,3616,3616,0,0,0,0,1.0,1.0,1.0,1.0,1.0,1,0.3627646266450798,31
1897,1,3617,3617,0,0,0,0,1.0,1.0,1.0,1.0,1.0,1,0.3511991056632338,31
1898,0,3617,3617,0,0,0,0,1.0,1.0,1.0,1.0,1.0,1,0.3511991056632338,31
1899,1,3618,3618,0,0,0,0,1.0,1.0,1.0,1.0,1.0,1,0.34684575913724663,32
1900,1,3619,3619,0,0,0,0,1.0,1.0,1.0,1.0,1.0,1,0.34194398608785925,32
1901,1,3620,3620,0,0,0,0,1.0,1.0,1.0,1.0,1.0,1,0.3196081448803868,32
1902,1,3621,3621,0,0,0,0,1.0,1.0,1.0,1.0,1.0,1,0.28496979908827635,32
1903,0,3621,3621,0,0,0,0,1.0,1.0,1.0,1.0,1.0,1,0.28496979908827635,32
1904,0,3621,3621,0,0,0,0,1.0,1.0,1.0,1.0,1.0,1,0.2689502972792204,34
1905,0,3621,3621,0,0,0,0,1.0,1.0,1.0,1.0,1.0,1,0.2689502972792204,34
1906,0,3621,3621,0,0,0,0,1.0,1.0,1.0,1.0,1.0,1,0.2782861314082526,35
1907,1,3622,3622,0,0,0,0,1.0,1.0,1.0,1.0,1.0,1,0.2597919497286908,36
1908,0,3622,3622,0,0,0,0,1.0,1.0,1.0,1.0,1.0,1,0.2597919497286908,36
1909,3,3625,3625,0,0,0,0,1.0,1.0,1.0,1.0,1.0,1,0.2334523037606352,37
1910,0,3625,3625,0,0,0,0,1.0,1.0,1.0,1.0,1.0,1,0.234028163636503,38
1911,1,3626,3626,0,0,0,0,1.0,1.0,1.0,1.0,1.0,1,0.2248962417175708,37
1912,4,3630,3630,0,0,0,0,1.0,1.0,1.0,1.0,1.0,1,0.22526053601043444,37
1913,1,3631,3631,0,0,0,0,1.0,1.0,1.0,1.0,1.0,1,0.2312669672182285,36
1914,1,3632,3632,0,0,0,0,1.0,1.0,1.0,1.0,1.0,1,0.2101407611392021,37
1915,1,3633,3633,0,0,0,0,1.0,1.0,1.0,1.0,1.0,1,0.1986291999753053,37
1916,3,3636,3636,0,0,0,0,1.0,1.0,1.0,1.0,1.0,1,0.21462580731311887,39
1917,1,3637,3637,0,0,0,0,1.0,1.0,1.0,1.0,1.0,1,0.22523909846896153,38
1918,0,3637,3637,0,0,0,0,1.0,1.0,1.0,1.0,1.0,1,0.22378581203755543,38
1919,1,3638,3638,0,0,0,0,1.0,1.0,1.0,1.0,1.0,1,0.20962829724625548,38
1920,6,3644,3644,0,0,0,0,1.0,1.0,1.0,1.0,1.0,1,0.30501993466556154,39
1921,3,3647,3647,0,0,0,0,1.0,1.0,1.0,1.0,1.0,1,0.28190586104542464,38
1922,2,3649,3649,0,0,0,0,1.0,1.0,1.0,1.0,1.0,1,0.2460717163928046,39
1923,2,3651,3651,0,0,0,0,1.0,1.0,1.0,1.0,1.0,1,0.2658616360363946,40
1924,4,3655,3655,0,0,0,0,1.0,1.0,1.0,1.0,1.0,1,0.28706526594271814,40
1925,3,3658,3658,0,0,0,0,1.0,1.0,1.0,1.0,1.0,1,0.26366429338430586,40
1926,3,3661,3661,0,0,0,0,1.0,1.0,1.0,1.0,1.0,1,0.2688734765701304,40
1927,1,3662,3662,0,0,0,0,1.0,1.0,1.0,1.0,1.0,1,0.2522934396687476,41
1928,1,3663,3663,0,0,0,0,1.0,1.0,1.0,1.0,1.0,1,0.28401566087915125,41
1929,2,3665,3665,0,0,0,0,1.0,1.0,1.0,1.0,1.0,1,0.3003761137565237,40
1930,2,3667,3667,0,0,0,0,1.0,1.0,1.0,1.0,1.0,1,0.27680111425067916,40
1931,0,3667,3667,0,0,0,0,1.0,1.0,1.0,1.0,1.0,1,0.27680111425067916,40
1932,1,3668,3668,0,0,0,0,1.0,1.0,1.0,1.0,1.0,1,0.29457034312042,40
1933,0,3668,3668,0,0,0,0,1.0,1.0,1.0,1.0,1.0,1,0.291099725492068,42
1934,1,3669,3669,0,0,0,0,1.0,1.0,1.0,1.0,1.0,1,0.23487409522562105,44
1935,2,3671,3671,0,0,0,0,1.0,1.0,1.0,1.0,1.0,1,0.20913311245737096,44
1936,2,3673,3673,0,0,0,0,1.0,1.0,1.0,1.0,1.0,1,0.22267350321930987,46
1937,2,3675,3675,0,0,0,0,1.0,1.0,1.0,1.0,1.0,1,0.1707506601279223,47
1938,1,3676,3676,0,0,0,0,1.0,1.0,1.0,1.0,1.0,1,0.1565999955510547,47
1939,0,3676,3676,0,0,0,0,1.0,1.0,1.0,1.0,1.0,1,0.1565999955510547,47
1940,1,3677,3677,0,0,0,0,1.0,1.0,1.0,1.0,1.0,1,0.13353009926327594,47
1941,3,3680,3680,0,0,0,0,1.0,1.0,1.0,1.0,1.0,1,0.12921441346754775,47
1942,1,3681,3681,0,0,0,0,1.0,1.0,1.0,1.0,1.0,1,0.14947874218611634,49
1943,3,3684,3684,0,0,0,0,1.0,1.0,1.0,1.0,1.0,1,0.18112977087330304,47
1944,2,3686,3686,0,0,0,0,1.0,1.0,1.0,1.0,1.0,1,0.15550353750818402,47
1945,6,3692,3692,0,0,0,0,1.0,1.0,1.0,1.0,1.0,1,0.14334300760981514,45
1946,1,3693,3693,0,0,0,0,1.0,1.0,1.0,1.0,1.0,1,0.1883384896076338,45
1947,2,3695,3695,0,0,0,0,1.0,1.0,1.0,1.0,1.0,1,0.20584763952421573,45
1948,3,3698,3698,0,0,0,0,1.0,1.0,1.0,1.0,1.0,1,0.17501043490681542,45
1949,0,3698,3698,0,0,0,0,1.0,1.0,1.0,1.0,1.0,1,0.183157182888783,42
1950,0,3698,3698,0,0,0,0,1.0,1.0,1.0,1.0,1.0,1,0.1716675146262896,42
1951,1,3699,3699,0,0,0,0,1.0,1.0,1.0,1.0,1.0,1,0.16945774568344296,38
1952,1,3700,3700,0,0,0,0,1.0,1.0,1.0,1.0,1.0,1,0.1529888281949121,36
1953,3,3703,3703,0,0,0,0,1.0,1.0,1.0,1.0,1.0,1,0.18569298791115318,35
1954,4,3707,3707,0,0,0,0,1.0,1.0,1.0,1.0,1.0,1,0.22513365517417477,32
1955,3,3710,3710,0,0,0,0,1.0,1.0,1.0,1.0,1.0,1,0.19224958513405602,33
1956,5,3715,3715,0,0,0,0,1.0,1.0,1.0,1.0,1.0,1,0.27506673132314013,31
1957,2,3717,3717,0,0,0,0,1.0,1.0,1.0,1.0,1.0,1,0.23508418594590066,33
1958,5,3722,3722,0,0,0,0,1.0,1.0,1.0,1.0,1.0,1,0.22807803121829964,34
1959,0,3722,3722,0,0,0,0,1.0,1.0,1.0,1.0,1.0,1,0.20139855246890526,35
1960,3,3725,3725,0,0,0,0,1.0,1.0,1.0,1.0,1.0,1,0.23427615873614843,36
1961,0,3725,3725,0,0,0,0,1.0,1.0,1.0,1.0,1.0,1,0.23710748823233796,36
1962,2,3727,3727,0,0,0,0,1.0,1.0,1.0,1.0,1.0,1,0.2546407027171749,35
1963,1,3728,3728,0,0,0,0,1.0,1.0,1.0,1.0,1.0,1,0.21900186576119954,36
1964,4,3732,3732,0,0,0,0,1.0,1.0,1.0,1.0,1.0,1,0.18230222567302262,35
1965,2,3734,3734,0,0,0,0,1.0,1.0,1.0,1.0,1.0,1,0.20654404476848548,36
1966,2,3736,3736,0,0,0,0,1.0,1.0,1.0,1.0,1.0,1,0.17203227447266894,36
1967,4,3740,3740,0,0,0,0,1.0,1.0,1.0,1.0,1.0,1,0.12113591912028901,36
1968,0,3740,3740,0,0,0,0,1.0,1.0,1.0,1.0,1.0,1,0.12052787413061075,37
1969,2,3742,3742,0,0,0,0,1.0,1.0,1.0,1.0,1.0,1,0.07257838091193214,37
1970,0,3742,3742,0,0,0,0,1.0,1.0,1.0,1.0,1.0,1,0.10098564640563747,38
1971,1,3743,3743,0,0,0,0,1.0,1.0,1.0,1.0,1.0,1,0.14014621123028045,37
1972,2,3745,3745,0,0,0,0,1.0,1.0,1.0,1.0,1.0,1,0.13084403804855843,37
1973,2,3747,3747,0,0,0,0,1.0,1.0,1.0,1.0,1.0,1,0.16188527159575314,37
1974,2,3749,3749,0,0,0,0,1.0,1.0,1.0,1.0,1.0,1,0.1483054000535371,38
1975,5,3754,3754,0,0,0,0,1.0,1.0,1.0,1.0,1.0,1,0.1495521368230377,37
1976,2,3756,3756,0,0,0,0,1.0,1.0,1.0,1.0,1.0,1,0.17768929491819052,39
1977,1,3757,3757,0,0,0,0,1.0,1.0,1.0,1.0,1.0,1,0.13095793155782134,42
1978,1,3758,3758,0,0,0,0,1.0,1.0,1.0,1.0,1.0,1,0.146057462904977,42
1979,1,3759,3759,0,0,0,0,1.0,1.0,1.0,1.0,1.0,1,0.17648391116469903,42
1980,1,3760,3760,0,0,0,0,1.0,1.0,1.0,1.0,1.0,1,0.1828848797778802,43
1981,0,3760,3760,0,0,0,0,1.0,1.0,1.0,1.0,1.0,1,0.1927924189669123,44
1982,0,3760,3760,0,0,0,0,1.0,1.0,1.0,1.0,1.0,1,0.1927924189669123,44
1983,3,3763,3763,0,0,0,0,1.0,1.0,1.0,1.0,1.0,1,0.2250379660502577,44
1984,1,3764,3764,0,0,0,0,1.0,1.0,1.0,1.0,1.0,1,0.20916383645264452,42
1985,2,3766,3766,0,0,0,0,1.0,1.0,1.0,1.0,1.0,1,0.2778880746020011,41
1986,1,3767,3767,0,0,0,0,1.0,1.0,1.0,1.0,1.0,1,0.25613994226151393,40
1987,4,3771,3771,0,0,0,0,1.0,1.0,1.0,1.0,1.0,1,0.2501562891907448,37
1988,5,3776,3776,0,0,0,0,1.0,1.0,1.0,1.0,1.0,1,0.20040489436099682,35
1989,1,3777,3777,0,0,0,0,1.0,1.0,1.0,1.0,1.0,1,0.19392837956647035,32
1990,5,3782,3782,0,0,0,0,1.0,1.0,1.0,1.0,1.0,1,0.23159488204575424,31
1991,1,3783,3783,0,0,0,0,1.0,1.0,1.0,1.0,1.0,1,0.19404930488948657,32
1992,2,3785,3785,0,0,0,0,1.0,1.0,1.0,1.0,1.0,1,0.19956809591528432,32
1993,0,3785,3785,0,0,0,0,1.0,1.0,1.0,1.0,1.0,1,0.2261745545453599,32
1994,2,3787,3787,0,0,0,0,1.0,1.0,1.0,1.0,1.0,1,0.2917363033362681,31
1995,1,3788,3788,0,0,0,0,1.0,1.0,1.0,1.0,1.0,1,0.2884297289446477,32
1996,1,3789,3789,0,0,0,0,1.0,1.0,1.0,1.0,1.0,1,0.34540661469519685,32
1997,1,3790,3790,0,0,0,0,1.0,1.0,1.0,1.0,1.0,1,0.38819916527668374,31
1998,1,3791,3791,0,0,0,0,1.0,1.0,1.0,1.0,1.0,1,0.3558485934120128,32
1999,1,3792,3792,0,0,0,0,1.0,1.0,1.0,1.0,1.0,1,0.3767801960518097,31
2000,2,3794,3794,0,0,0,0,1.0,1.0,1.0,1.0,1.0,1,0.4046826268205592,30
2001,2,3796,3796,0,0,0,0,1.0,1.0,1.0,1.0,1.0,1,0.42123425062850445,29
2002,2,3798,3798,0,0,0,0,1.0,1.0,1.0,1.0,1.0,1,0.34655986863221355,31
2003,1,3799,3799,0,0,0,0,1.0,1.0,1.0,1.0,1.0,1,0.33714933132545416,33
2004,2,3801,3801,0,0,0,0,1.0,1.0,1.0,1.0,1.0,1,0.3274613336779346,34
2005,1,3802,3802,0,0,0,0,1.0,1.0,1.0,1.0,1.0,1,0.29637190900926963,35
2006,3,3805,3805,0,0,0,0,1.0,1.0,1.0,1.0,1.0,1,0.3094508905101876,36
2007,2,3807,3807,0,0,0,0,1.0,1.0,1.0,1.0,1.0,1,0.30867406481410276,36
2008,3,3810,3810,0,0,0,0,1.0,1.0,1.0,1.0,1.0,1,0.26438931191678394,36
2009,1,3811,3811,0,0,0,0,1.0,1.0,1.0,1.0,1.0,1,0.25970428686897157,37
2010,0,3811,3811,0,0,0,0,1.0,1.0,1.0,1.0,1.0,1,0.25970428686897157,37
2011,0,3811,3811,0,0,0,0,1.0,1.0,1.0,1.0,1.0,1,0.25970428686897157,37
2012,1,3812,3812,0,0,0,0,1.0,1.0,1.0,1.0,1.0,1,0.2717918116509298,37
2013,2,3814,3814,0,0,0,0,1.0,1.0,1.0,1.0,1.0,1,0.1907621676274109,39
2014,1,3815,3815,0,0,0,0,1.0,1.0,1.0,1.0,1.0,1,0.20743194407412746,39
2015,2,3817,3817,0,0,0,0,1.0,1.0,1.0,1.0,1.0,1,0.13875153551612907,39
2016,2,3819,3819,0,0,0,0,1.0,1.0,1.0,1.0,1.0,1,0.19731191006341736,41
2017,4,3823,3823,0,0,0,0,1.0,1.0,1.0,1.0,1.0,1,0.1430758074546234,41
2018,3,3826,3826,0,0,0,0,1.0,1.0,1.0,1.0,1.0,1,0.19183562908917326,42
2019,2,3828,3828,0,0,0,0,1.0,1.0,1.0,1.0,1.0,1,0.16884495457436138,43
2020,0,3828,3828,0,0,0,0,1.0,1.0,1.0,1.0,1.0,1,0.16884495457436138,43
2021,3,3831,3831,0,0,0,0,1.0,1.0,1.0,1.0,1.0,1,0.18445506307153814,43
2022,4,3835,3835,0,0,0,0,1.0,1.0,1.0,1.0,1.0,1,0.19541263619369692,44
2023,3,3838,3838,0,0,0,0,1.0,1.0,1.0,1.0,1.0,1,0.258496547145079,42
2024,6,3844,3844,0,0,0,0,1.0,1.0,1.0,1.0,1.0,1,0.26537450366358,41
2025,2,3846,3846,0,0,0,0,1.0,1.0,1.0,1.0,1.0,1,0.2720363273171257,39
2026,3,3849,3849,0,0,0,0,1.0,1.0,1.0,1.0,1.0,1,0.2795234566157849,39
2027,4,3853,3853,0,0,0,0,1.0,1.0,1.0,1.0,1.0,1,0.2740496978861587,38
2028,3,3856,3856,0,0,0,0,1.0,1.0,1.0,1.0,1.0,1,0.2854345586035023,37
2029,5,3861,3861,0,0,0,0,1.0,1.0,1.0,1.0,1.0,1,0.277682723767562,35
2030,0,3861,3861,0,0,0,0,1.0,1.0,1.0,1.0,1.0,1,0.33895515429587436,32
2031,5,3866,3866,0,0,0,0,1.0,1.0,1.0,1.0,1.0,1,0.270132168493991,34
2032,2,3868,3868,0,0,0,0,1.0,1.0,1.0,1.0,1.0,1,0.2838226425618387,35
2033,2,3870,3870,0,0,0,0,1.0,1.0,1.0,1.0,1.0,1,0.23678367021426638,35
2034,3,3873,3873,0,0,0,0,1.0,1.0,1.0,1.0,1.0,1,0.2489762890708147,35
2035,2,3875,3875,0,0,0,0,1.0,1.0,1.0,1.0,1.0,1,0.26208317525720526,36
2036,3,3878,3878,0,0,0,0,1.0,1.0,1.0,1.0,1.0,1,0.2938405016575947,35
2037,0,3878,3878,0,0,0,0,1.0,1.0,1.0,1.0,1.0,1,0.2792435985344549,36
2038,2,3880,3880,0,0,0,0,1.0,1.0,1.0,1.0,1.0,1,0.2176489115923222,38
2039,0,3880,3880,0,0,0,0,1.0,1.0,1.0,1.0,1.0,1,0.19113791547727435,38
2040,1,3881,3881,0,0,0,0,1.0,1.0,1.0,1.0,1.0,1,0.1648821609492889,37
2041,1,3882,3882,0,0,0,0,1.0,1.0,1.0,1.0,1.0,1,0.1426407312634112,38
2042,1,3883,3883,0,0,0,0,1.0,1.0,1.0,1.0,1.0,1,0.1580063949119733,38
2043,1,3884,3884,0,0,0,0,1.0,1.0,1.0,1.0,1.0,1,0.13705370489304908,38
2044,1,3885,3885,0,0,0,0,1.0,1.0,1.0,1.0,1.0,1,0.11062106373595798,39
2045,3,3888,3888,0,0,0,0,1.0,1.0,1.0,1.0,1.0,1,0.10440936900842805,40
2046,0,3888,3888,0,0,0,0,1.0,1.0,1.0,1.0,1.0,1,0.09731694943129017,41
2047,3,3891,3891,0,0,0,0,1.0,1.0,1.0,1.0,1.0,1,0.11993071886129573,41
2048,1,3892,3892,0,0,0,0,1.0,1.0,1.0,1.0,1.0,1,0.10783167332461649,43
2049,2,3894,3894,0,0,0,0,1.0,1.0,1.0,1.0,1.0,1,0.13946242704187917,43
2050,3,3897,3897,0,0,0,0,1.0,1.0,1.0,1.0,1.0,1,0.16071693207429444,43
2051,1,3898,3898,0,0,0,0,1.0,1.0,1.0,1.0,1.0,1,0.17955722363820983,43
2052,2,3900,3900,0,0,0,0,1.0,1.0,1.0,1.0,1.0,1,0.1836125631662572,44
2053,3,3903,3903,0,0,0,0,1.0,1.0,1.0,1.0,1.0,1,0.18729373750711065,43
2054,4,3907,3907,0,0,0,0,1.0,1.0,1.0,1.0,1.0,1,0.16166463651007212,44
2055,1,3908,3908,0,0,0,0,1.0,1.0,1.0,1.0,1.0,1,0.1552469158275792,43
2056,7,3915,3915,0,0,0,0,1.0,1.0,1.0,1.0,1.0,1,0.08914147417950498,44
2057,1,3916,3916,0,0,0,0,1.0,1.0,1.0,1.0,1.0,1,0.1155427875607247,44
2058,3,3919,3919,0,0,0,0,1.0,1.0,1.0,1.0,1.0,1,0.11505760781524468,44
2059,4,3923,3923,0,0,0,0,1.0,1.0,1.0,1.0,1.0,1,0.119606812340706,45
2060,1,3924,3924,0,0,0,0,1.0,1.0,1.0,1.0,1.0,1,0.15682396850273705,46
2061,2,3926,3926,0,0,0,0,1.0,1.0,1.0,1.0,1.0,1,0.11964098560566523,48
2062,2,3928,3928,0,0,0,0,1.0,1.0,1.0,1.0,1.0,1,0.1379793378488875,48
2063,1,3929,3929,0,0,0,0,1.0,1.0,1.0,1.0,1.0,1,0.10344827851348623,45
2064,0,3929,3929,0,0,0,0,1.0,1.0,1.0,1.0,1.0,1,0.13250886273684243,44
2065,3,3932,3932,0,0,0,0,1.0,1.0,1.0,1.0,1.0,1,0.13141905886318717,42
2066,1,3933,3933,0,0,0,0,1.0,1.0,1.0,1.0,1.0,1,0.1440215782064034,42
2067,2,3935,3935,0,0,0,0,1.0,1.0,1.0,1.0,1.0,1,0.21045561801572277,38
2068,1,3936,3936,0,0,0,0,1.0,1.0,1.0,1.0,1.0,1,0.2351162997531409,37
2069,3,3939,3939,0,0,0,0,1.0,1.0,1.0,1.0,1.0,1,0.21932982598026088,35
2070,0,3939,3939,0,0,0,0,1.0,1.0,1.0,1.0,1.0,1,0.2195013194993979,35
2071,1,3940,3940,0,0,0,0,1.0,1.0,1.0,1.0,1.0,1,0.25830518313432893,34
2072,0,3940,3940,0,0,0,0,1.0,1.0,1.0,1.0,1.0,1,0.2971863415612312,35
2073,2,3942,3942,0,0,0,0,1.0,1.0,1.0,1.0,1.0,1,0.19709010818112235,37
2074,0,3942,3942,0,0,0,0,1.0,1.0,1.0,1.0,1.0,1,0.20048310093518484,36
2075,2,3944,3944,0,0,0,0,1.0,1.0,1.0,1.0,1.0,1,0.1256341717948163,38
2076,0,3944,3944,0,0,0,0,1.0,1.0,1.0,1.0,1.0,1,0.14228789903688635,37
2077,3,3947,3947,0,0,0,0,1.0,1.0,1.0,1.0,1.0,1,0.12564822146086665,37
2078,2,3949,3949,0,0,0,0,1.0,1.0,1.0,1.0,1.0,1,0.11311836843312936,37
2079,1,3950,3950,0,0,0,0,1.0,1.0,1.0,1.0,1.0,1,0.1249645656671652,37
2080,2,3952,3952,0,0,0,0,1.0,1.0,1.0,1.0,1.0,1,0.19049078199138708,36
2081,3,3955,3955,0,0,0,0,1.0,1.0,1.0,1.0,1.0,1,0.204029883253802,37
2082,0,3955,3955,0,0,0,0,1.0,1.0,1.0,1.0,1.0,1,0.20496454930000252,38
2083,6,3961,3961,0,0,0,0,1.0,1.0,1.0,1.0,1.0,1,0.15919092412990654,39
2084,0,3961,3961,0,0,0,0,1.0,1.0,1.0,1.0,1.0,1,0.16194254533756977,41
2085,3,3964,3964,0,0,0,0,1.0,1.0,1.0,1.0,1.0,1,0.18896392479985016,41
2086,1,3965,3965,0,0,0,0,1.0,1.0,1.0,1.0,1.0,1,0.19122838061887545,44
2087,3,3968,3968,0,0,0,0,1.0,1.0,1.0,1.0,1.0,1,0.2654704922323909,44
2088,1,3969,3969,0,0,0,0,1.0,1.0,1.0,1.0,1.0,1,0.27677384427451657,45
2089,0,3969,3969,0,0,0,0,1.0,1.0,1.0,1.0,1.0,1,0.2609998638414321,46
2090,5,3974,3974,0,0,0,0,1.0,1.0,1.0,1.0,1.0,1,0.17003245155608804,47
2091,1,3975,3975,0,0,0,0,1.0,1.0,1.0,1.0,1.0,1,0.18291832627655238,48
2092,5,3980,3980,0,0,0,0,1.0,1.0,1.0,1.0,1.0,1,0.17621019323762382,48
2093,1,3981,3981,0,0,0,0,1.0,1.0,1.0,1.0,1.0,1,0.18617363351215122,48
2094,2,3983,3983,0,0,0,0,1.0,1.0,1.0,1.0,1.0,1,0.1611152779657519,47
2095,1,3984,3984,0,0,0,0,1.0,1.0,1.0,1.0,1.0,1,0.15966593224830725,49
2096,3,3987,3987,0,0,0,0,1.0,1.0,1.0,1.0,1.0,1,0.15431367561257878,50
2097,1,3988,3988,0,0,0,0,1.0,1.0,1.0,1.0,1.0,1,0.16417445006038445,50
2098,3,3991,3991,0,0,0,0,1.0,1.0,1.0,1.0,1.0,1,0.180345491063896,51
2099,2,3993,3993,0,0,0,0,1.0,1.0,1.0,1.0,1.0,1,0.22907070916059336,50
2100,1,3994,3994,0,0,0,0,1.0,1.0,1.0,1.0,1.0,1,0.21229964209723756,49
2101,0,3994,3994,0,0,0,0,1.0,1.0,1.0,1.0,1.0,1,0.23641688670475616,48
2102,0,3994,3994,0,0,0,0,1.0,1.0,1.0,1.0,1.0,1,0.24234852665641476,49
2103,2,3996,3996,0,0,0,0,1.0,1.0,1.0,1.0,1.0,1,0.27072235132370487,44
2104,1,3997,3997,0,0,0,0,1.0,1.0,1.0,1.0,1.0,1,0.31939167069457786,42
2105,2,3999,3999,0,0,0,0,1.0,1.0,1.0,1.0,1.0,1,0.34290451375108405,40
2106,0,3999,3999,0,0,0,0,1.0,1.0,1.0,1.0,1.0,1,0.3799121836395688,39
2107,4,4003,4003,0,0,0,0,1.0,1.0,1.0,1.0,1.0,1,0.32206725835013145,37
2108,0,4003,4003,0,0,0,0,1.0,1.0,1.0,1.0,1.0,1,0.3014991712508549,37
2109,0,4003,4003,0,0,0,0,1.0,1.0,1.0,1.0,1.0,1,0.28799833446462303,36
2110,1,4004,4004,0,0,0,0,1.0,1.0,1.0,1.0,1.0,1,0.29153988138357084,35
2111,0,4004,4004,0,0,0,0,1.0,1.0,1.0,1.0,1.0,1,0.29153988138357084,35
2112,1,4005,4005,0,0,0,0,1.0,1.0,1.0,1.0,1.0,1,0.26226291932123746,35
2113,1,4006,4006,0,0,0,0,1.0,1.0,1.0,1.0,1.0,1,0.2719658419553086,35
2114,1,4007,4007,0,0,0,0,1.0,1.0,1.0,1.0,1.0,1,0.27253349481178785,36
2115,2,4009,4009,0,0,0,0,1.0,1.0,1.0,1.0,1.0,1,0.25437512189858713,37
2116,1,4010,4010,0,0,0,0,1.0,1.0,1.0,1.0,1.0,1,0.2506711763262435,39
2117,2,4012,4012,0,0,0,0,1.0,1.0,1.0,1.0,1.0,1,0.2002764952574905,39
2118,1,4013,4013,0,0,0,0,1.0,1.0,1.0,1.0,1.0,1,0.21920550958247034,41
2119,1,4014,4014,0,0,0,0,1.0,1.0,1.0,1.0,1.0,1,0.26061643596339956,42
2120,1,4015,4015,0,0,0,0,1.0,1.0,1.0,1.0,1.0,1,0.22529056497979608,42
2121,2,4017,4017,0,0,0,0,1.0,1.0,1.0,1.0,1.0,1,0.21576792425002525,42
2122,1,4018,4018,0,0,0,0,1.0,1.0,1.0,1.0,1.0,1,0.24543471648802306,43
2123,2,4020,4020,0,0,0,0,1.0,1.0,1.0,1.0,1.0,1,0.2956703929165548,42
2124,3,4023,4023,0,0,0,0,1.0,1.0,1.0,1.0,1.0,1,0.26946098679534636,42
2125,0,4023,4023,0,0,0,0,1.0,1.0,1.0,1.0,1.0,1,0.28790614870864617,41
2126,3,4026,4026,0,0,0,0,1.0,1.0,1.0,1.0,1.0,1,0.32455527184695043,41
2127,0,4026,4026,0,0,0,0,1.0,1.0,1.0,1.0,1.0,1,0.32455527184695043,41
2128,3,4029,4029,0,0,0,0,1.0,1.0,1.0,1.0,1.0,1,0.29752202829826496,42
2129,4,4033,4033,0,0,0,0,1.0,1.0,1.0,1.0,1.0,1,0.3397226866677003,43
2130,2,4035,4035,0,0,0,0,1.0,1.0,1.0,1.0,1.0,1,0.282185239815274,45
2131,6,4041,4041,0,0,0,0,1.0,1.0,1.0,1.0,1.0,1,0.2588460312013435,44
2132,3,4044,4044,0,0,0,0,1.0,1.0,1.0,1.0,1.0,1,0.2638368028148821,44
2133,6,4050,4050,0,0,0,0,1.0,1.0,1.0,1.0,1.0,1,0.17389251284103954,45
2134,2,4052,4052,0,0,0,0,1.0,1.0,1.0,1.0,1.0,1,0.19184469261363837,45
2135,7,4059,4059,0,0,0,0,1.0,1.0,1.0,1.0,1.0,1,0.14894968689666246,46
2136,2,4061,4061,0,0,0,0,1.0,1.0,1.0,1.0,1.0,1,0.11398054545429162,47
2137,1,4062,4062,0,0,0,0,1.0,1.0,1.0,1.0,1.0,1,0.09823767059618399,47
2138,1,4063,4063,0,0,0,0,1.0,1.0,1.0,1.0,1.0,1,0.14026926404887138,45
2139,0,4063,4063,0,0,0,0,1.0,1.0,1.0,1.0,1.0,1,0.14026926404887138,45
2140,2,4065,4065,0,0,0,0,1.0,1.0,1.0,1.0,1.0,1,0.11402932136166158,44
2141,1,4066,4066,0,0,0,0,1.0,1.0,1.0,1.0,1.0,1,0.11428523563576796,45
2142,3,4069,4069,0,0,0,0,1.0,1.0,1.0,1.0,1.0,1,0.0725646763832522,46
2143,2,4071,4071,0,0,0,0,1.0,1.0,1.0,1.0,1.0,1,0.026871620321211424,46
2144,3,4074,4074,0,0,0,0,1.0,1.0,1.0,1.0,1.0,1,0.09175243422072497,48
2145,2,4076,4076,0,0,0,0,1.0,1.0,1.0,1.0,1.0,1,0.10007463221178534,46
2146,7,4083,4083,0,0,0,0,1.0,1.0,1.0,1.0,1.0,1,0.12261259323347622,45
2147,0,4083,4083,0,0,0,0,1.0,1.0,1.0,1.0,1.0,1,0.0886575526015332,44
2148,4,4087,4087,0,0,0,0,1.0,1.0,1.0,1.0,1.0,1,0.17749696119281594,44
2149,3,4090,4090,0,0,0,0,1.0,1.0,1.0,1.0,1.0,1,0.20270416987705453,42
2150,3,4093,4093,0,0,0,0,1.0,1.0,1.0,1.0,1.0,1,0.204058929755386,40
2151,1,4094,4094,0,0,0,0,1.0,1.0,1.0,1.0,1.0,1,0.1909121262259419,39
2152,3,4097,4097,0,0,0,0,1.0,1.0,1.0,1.0,1.0,1,0.20851630186290415,40
2153,0,4097,4097,0,0,0,0,1.0,1.0,1.0,1.0,1.0,1,0.20644736036729447,42
2154,0,4097,4097,0,0,0,0,1.0,1.0,1.0,1.0,1.0,1,0.23083584085479633,42
2155,1,4098,4098,0,0,0,0,1.0,1.0,1.0,1.0,1.0,1,0.19715327772402474,41
2156,3,4101,4101,0,0,0,0,1.0,1.0,1.0,1.0,1.0,1,0.21996774231611124,40
2157,1,4102,4102,0,0,0,0,1.0,1.0,1.0,1.0,1.0,1,0.20287173804369354,40
2158,7,4109,4109,0,0,0,0,1.0,1.0,1.0,1.0,1.0,1,0.18005408074249155,38
2159,2,4111,4111,0,0,0,0,1.0,1.0,1.0,1.0,1.0,1,0.1568559365496304,38
2160,7,4118,4118,0,0,0,0,1.0,1.0,1.0,1.0,1.0,1,0.16586160724016522,38
2161,5,4123,4123,0,0,0,0,1.0,1.0,1.0,1.0,1.0,1,0.19374800488729985,38
2162,3,4126,4126,0,0,0,0,1.0,1.0,1.0,1.0,1.0,1,0.21030800784947026,38
2163,3,4129,4129,0,0,0,0,1.0,1.0,1.0,1.0,1.0,1,0.13162650160360725,40
2164,0,4129,4129,0,0,0,0,1.0,1.0,1.0,1.0,1.0,1,0.12367572199782874,41
2165,3,4132,4132,0,0,0,0,1.0,1.0,1.0,1.0,1.0,1,0.05000289462694247,42
2166,2,4134,4134,0,0,0,0,1.0,1.0,1.0,1.0,1.0,1,0.08954792069391866,42
2167,0,4134,4134,0,0,0,0,1.0,1.0,1.0,1.0,1.0,1,0.06902839312843015,43
2168,1,4135,4135,0,0,0,0,1.0,1.0,1.0,1.0,1.0,1,0.07953456856672561,43
2169,0,4135,4135,0,0,0,0,1.0,1.0,1.0,1.0,1.0,1,0.08692787282929823,45
2170,3,4138,4138,0,0,0,0,1.0,1.0,1.0,1.0,1.0,1,0.1273149803486182,46
2171,2,4140,4140,0,0,0,0,1.0,1.0,1.0,1.0,1.0,1,0.13268558299104954,48
2172,0,4140,4140,0,0,0,0,1.0,1.0,1.0,1.0,1.0,1,0.1494536332756836,49
2173,3,4143,4143,0,0,0,0,1.0,1.0,1.0,1.0,1.0,1,0.18547543993520732,49
2174,3,4146,4146,0,0,0,0,1.0,1.0,1.0,1.0,1.0,1,0.14659522768727115,49
2175,2,4148,4148,0,0,0,0,1.0,1.0,1.0,1.0,1.0,1,0.20452521842857416,49
2176,4,4152,4152,0,0,0,0,0.9859419153510707,0.9658589372811717,0.9859419153510707,0.9658589372811717,1.0,1,0.20870017030532598,51
2177,4,4156,4156,0,0,0,0,0.9756719353168323,0.9409175571980213,0.9756719353168323,0.9409175571980213,1.0,1,0.22779165374973193,51
2178,1,4157,4157,0,0,0,0,1.0,1.0,1.0,1.0,1.0,1,0.23305579336448082,50
2179,2,4159,4159,0,0,0,0,1.0,1.0,1.0,1.0,1.0,1,0.21236428923562095,49
2180,2,4161,4161,0,0,0,0,1.0,1.0,1.0,1.0,1.0,1,0.18679826281083936,47
2181,0,4161,4161,0,0,0,0,1.0,1.0,1.0,1.0,1.0,1,0.18679826281083936,47
2182,4,4165,4165,0,0,0,0,1.0,1.0,1.0,1.0,1.0,1,0.16049880755102253,45
2183,3,4168,4168,0,0,0,0,1.0,1.0,1.0,1.0,1.0,1,0.17209551592605288,44
2184,3,4171,4171,0,0,0,0,1.0,1.0,1.0,1.0,1.0,1,0.15661631993208577,43
2185,2,4173,4173,0,0,0,0,1.0,1.0,1.0,1.0,1.0,1,0.14529930570786528,40
2186,2,4175,4175,0,0,0,0,1.0,1.0,1.0,1.0,1.0,1,0.22899725863464748,38
2187,1,4176,4176,0,0,0,0,1.0,1.0,1.0,1.0,1.0,1,0.19333009990886393,35
2188,0,4176,4176,0,0,0,0,1.0,1.0,1.0,1.0,1.0,1,0.22144198917940525,34
2189,3,4179,4179,0,0,0,0,1.0,1.0,1.0,1.0,1.0,1,0.22997364168568601,31
2190,2,4181,4181,0,0,0,0,1.0,1.0,1.0,1.0,1.0,1,0.29115893567568374,29
2191,2,4183,4183,0,0,0,0,1.0,1.0,1.0,1.0,1.0,1,0.2749699351985956,28
2192,2,4185,4185,0,0,0,0,1.0,1.0,1.0,1.0,1.0,1,0.245691920913084,29
2193,6,4191,4191,0,0,0,0,1.0,1.0,1.0,1.0,1.0,1,0.16174596823931564,28
2194,3,4194,4194,0,0,0,0,1.0,1.0,1.0,1.0,1.0,1,0.1963011708252979,27
2195,3,4197,4197,0,0,0,0,1.0,1.0,1.0,1.0,1.0,1,0.12190241912610508,27
2196,2,4199,4199,0,0,0,0,1.0,1.0,1.0,1.0,1.0,1,0.17347736833670538,27
2197,2,4201,4201,0,0,0,0,1.0,1.0,1.0,1.0,1.0,1,0.14997821605661224,27
2198,1,4202,4202,0,0,0,0,1.0,1.0,1.0,1.0,1.0,1,0.16449173045103074,28
2199,0,4202,4202,0,0,0,0,1.0,1.0,1.0,1.0,1.0,1,0.14711784643798692,29
2200,2,4204,4204,0,0,0,0,1.0,1.0,1.0,1.0,1.0,1,0.22519410488775002,31
2201,0,4204,4204,0,0,0,0,1.0,1.0,1.0,1.0,1.0,1,0.2019497340033117,32
2202,2,4206,4206,0,0,0,0,1.0,1.0,1.0,1.0,1.0,1,0.19091379816551982,31
2203,0,4206,4206,0,0,0,0,1.0,1.0,1.0,1.0,1.0,1,0.15522766572249636,32
2204,3,4209,4209,0,0,0,0,1.0,1.0,1.0,1.0,1.0,1,0.18934861609609724,32
2205,3,4212,4212,0,0,0,0,1.0,1.0,1.0,1.0,1.0,1,0.18116127029111917,33
2206,1,4213,4213,0,0,0,0,1.0,1.0,1.0,1.0,1.0,1,0.24760773647146891,32
2207,3,4216,4216,0,0,0,0,1.0,1.0,1.0,1.0,1.0,1,0.2935519329872534,33
2208,1,4217,4217,0,0,0,0,1.0,1.0,1.0,1.0,1.0,1,0.2772516461362579,35
2209,1,4218,4218,0,0,0,0,1.0,1.0,1.0,1.0,1.0,1,0.2947509981216185,36
2210,2,4220,4220,0,0,0,0,1.0,1.0,1.0,1.0,1.0,1,0.2812974746162525,35
2211,5,4225,4225,0,0,0,0,1.0,1.0,1.0,1.0,1.0,1,0.26646813803724295,36
2212,3,4228,4228,0,0,0,0,1.0,1.0,1.0,1.0,1.0,1,0.1937145330379026,37
2213,3,4231,4231,0,0,0,0,1.0,1.0,1.0,1.0,1.0,1,0.22745506600245197,37
2214,5,4236,4236,0,0,0,0,1.0,1.0,1.0,1.0,1.0,1,0.19471698708269725,39
2215,3,4239,4239,0,0,0,0,1.0,1.0,1.0,1.0,1.0,1,0.1910142503646829,36
2216,3,4242,4242,0,0,0,0,1.0,1.0,1.0,1.0,1.0,1,0.23864579967877717,37
2217,2,4244,4244,0,0,0,0,1.0,1.0,1.0,1.0,1.0,1,0.28213090419930004,35
2218,0,4244,4244,0,0,0,0,1.0,1.0,1.0,1.0,1.0,1,0.28213090419930004,35
2219,0,4244,4244,0,0,0,0,1.0,1.0,1.0,1.0,1.0,1,0.25822416122630415,33
2220,1,4245,4245,0,0,0,0,1.0,1.0,1.0,1.0,1.0,1,0.2716968892019744,31
2221,1,4246,4246,0,0,0,0,1.0,1.0,1.0,1.0,1.0,1,0.24119766678848029,31
2222,2,4248,4248,0,0,0,0,1.0,1.0,1.0,1.0,1.0,1,0.195307037348624,30
2223,2,4250,4250,0,0,0,0,1.0,1.0,1.0,1.0,1.0,1,0.32219675582756746,28
2224,3,4253,4253,0,0,0,0,1.0,1.0,1.0,1.0,1.0,1,0.22385986034919855,29
2225,1,4254,4254,0,0,0,0,1.0,1.0,1.0,1.0,1.0,1,0.2728326373888853,28
2226,4,4258,4258,0,0,0,0,1.0,1.0,1.0,1.0,1.0,1,0.1196963517760572,30
2227,0,4258,4258,0,0,0,0,1.0,1.0,1.0,1.0,1.0,1,0.07124021405907915,28
2228,4,4262,4262,0,0,0,0,1.0,1.0,1.0,1.0,1.0,1,0.16028503316129744,29
2229,2,4264,4264,0,0,0,0,1.0,1.0,1.0,1.0,1.0,1,0.16651827767625554,28
2230,2,4266,4266,0,0,0,0,1.0,1.0,1.0,1.0,1.0,1,0.2966234207029604,28
2231,0,4266,4266,0,0,0,0,1.0,1.0,1.0,1.0,1.0,1,0.2826280994462064,27
2232,1,4267,4267,0,0,0,0,1.0,1.0,1.0,1.0,1.0,1,0.22820431743850594,27
2233,2,4269,4269,0,0,0,0,1.0,1.0,1.0,1.0,1.0,1,0.16392270360158598,28
2234,2,4271,4271,0,0,0,0,1.0,1.0,1.0,1.0,1.0,1,0.21414792308619612,26
2235,2,4273,4273,0,0,0,0,1.0,1.0,1.0,1.0,1.0,1,0.20063504480349573,26
2236,4,4277,4277,0,0,0,0,1.0,1.0,1.0,1.0,1.0,1,0.13997940705429618,26
2237,1,4278,4278,0,0,0,0,1.0,1.0,1.0,1.0,1.0,1,0.18273029080024225,26
2238,3,4281,4281,0,0,0,0,1.0,1.0,1.0,1.0,1.0,1,0.15532985670585636,27
2239,3,4284,4284,0,0,0,0,1.0,1.0,1.0,1.0,1.0,1,0.03682804956360451,28
2240,1,4285,4285,0,0,0,0,1.0,1.0,1.0,1.0,1.0,1,0.07569439487164314,30
2241,3,4288,4288,0,0,0,0,1.0,1.0,1.0,1.0,1.0,1,0.18177632624373452,29
2242,3,4291,4291,0,0,0,0,1.0,1.0,1.0,1.0,1.0,1,0.29348785254017545,29
2243,0,4291,4291,0,0,0,0,1.0,1.0,1.0,1.0,1.0,1,0.29348785254017545,29
2244,4,4295,4295,0,0,0,0,1.0,1.0,1.0,1.0,1.0,1,0.33093872377793854,29
2245,2,4297,4297,0,0,0,0,1.0,1.0,1.0,1.0,1.0,1,0.4129133331195461,30
2246,2,4299,4299,0,0,0,0,1.0,1.0,1.0,1.0,1.0,1,0.32369826071632846,33
2247,2,4301,4301,0,0,0,0,1.0,1.0,1.0,1.0,1.0,1,0.2906574739856252,34
2248,1,4302,4302,0,0,0,0,1.0,1.0,1.0,1.0,1.0,1,0.33234524870966725,34
2249,0,4302,4302,0,0,0,0,1.0,1.0,1.0,1.0,1.0,1,0.3296418644294157,35
2250,0,4302,4302,0,0,0,0,1.0,1.0,1.0,1.0,1.0,1,0.3296418644294157,35
2251,1,4303,4303,0,0,0,0,1.0,1.0,1.0,1.0,1.0,1,0.29130782998797045,36
2252,0,4303,4303,0,0,0,0,1.0,1.0,1.0,1.0,1.0,1,0.3084278114423129,37
2253,5,4308,4308,0,0,0,0,1.0,1.0,1.0,1.0,1.0,1,0.3235767820033581,35
2254,1,4309,4309,0,0,0,0,1.0,1.0,1.0,1.0,1.0,1,0.3268037400043594,33
2255,5,4314,4314,0,0,0,0,1.0,1.0,1.0,1.0,1.0,1,0.33589409676763654,35
2256,1,4315,4315,0,0,0,0,1.0,1.0,1.0,1.0,1.0,1,0.3059670194614629,34
2257,1,4316,4316,0,0,0,0,1.0,1.0,1.0,1.0,1.0,1,0.3035342770839223,36
2258,0,4316,4316,0,0,0,0,1.0,1.0,1.0,1.0,1.0,1,0.29543601460774743,35
2259,0,4316,4316,0,0,0,0,1.0,1.0,1.0,1.0,1.0,1,0.287085298005622,35
2260,3,4319,4319,0,0,0,0,1.0,1.0,1.0,1.0,1.0,1,0.20876780889034355,33
2261,2,4321,4321,0,0,0,0,1.0,1.0,1.0,1.0,1.0,1,0.19483527485210492,33
2262,4,4325,4325,0,0,0,0,1.0,1.0,1.0,1.0,1.0,1,0.2116341124769565,32
2263,1,4326,4326,0,0,0,0,1.0,1.0,1.0,1.0,1.0,1,0.2118229996245631,31
2264,5,4331,4331,0,0,0,0,1.0,1.0,1.0,1.0,1.0,1,0.25683503541693214,30
2265,2,4333,4333,0,0,0,0,1.0,1.0,1.0,1.0,1.0,1,0.25208225822657093,29
2266,2,4335,4335,0,0,0,0,1.0,1.0,1.0,1.0,1.0,1,0.29647700063000076,30
2267,5,4340,4340,0,0,0,0,1.0,1.0,1.0,1.0,1.0,1,0.26947779372263614,29
2268,5,4345,4345,0,0,0,0,1.0,1.0,1.0,1.0,1.0,1,0.11729005747435656,30
2269,2,4347,4347,0,0,0,0,1.0,1.0,1.0,1.0,1.0,1,0.039003802225946516,31
2270,2,4349,4349,0,0,0,0,1.0,1.0,1.0,1.0,1.0,1,0.05924337816188529,31
2271,2,4351,4351,0,0,0,0,1.0,1.0,1.0,1.0,1.0,1,0.03993109471030887,31
2272,5,4356,4356,0,0,0,0,1.0,1.0,1.0,1.0,1.0,1,0.06187715119512421,31
2273,1,4357,4357,0,0,0,0,1.0,1.0,1.0,1.0,1.0,1,0.09101165851325496,30
2274,4,4361,4361,0,0,0,0,1.0,1.0,1.0,1.0,1.0,1,0.14826623015339,31
2275,1,4362,4362,0,0,0,0,1.0,1.0,1.0,1.0,1.0,1,0.13167167733734594,32
2276,3,4365,4365,0,0,0,0,1.0,1.0,1.0,1.0,1.0,1,0.16061016111044335,31
2277,1,4366,4366,0,0,0,0,1.0,1.0,1.0,1.0,1.0,1,0.15224532123304685,31
2278,1,4367,4367,0,0,0,0,1.0,1.0,1.0,1.0,1.0,1,0.17955840838342713,32
2279,0,4367,4367,0,0,0,0,1.0,1.0,1.0,1.0,1.0,1,0.20468750832817478,32
2280,0,4367,4367,0,0,0,0,1.0,1.0,1.0,1.0,1.0,1,0.16756589001856112,33
2281,0,4367,4367,0,0,0,0,1.0,1.0,1.0,1.0,1.0,1,0.18393757237463423,34
2282,1,4368,4368,0,0,0,0,1.0,1.0,1.0,1.0,1.0,1,0.18441316165211047,34
2283,3,4371,4371,0,0,0,0,1.0,1.0,1.0,1.0,1.0,1,0.23781318729500214,34
2284,2,4373,4373,0,0,0,0,1.0,1.0,1.0,1.0,1.0,1,0.15691328563319804,34
2285,4,4377,4377,0,0,0,0,1.0,1.0,1.0,1.0,1.0,1,0.23386983704895137,35
2286,2,4379,4379,0,0,0,0,1.0,1.0,1.0,1.0,1.0,1,0.2073841320976096,34
2287,1,4380,4380,0,0,0,0,1.0,1.0,1.0,1.0,1.0,1,0.17534209916242752,35
2288,2,4382,4382,0,0,0,0,1.0,1.0,1.0,1.0,1.0,1,0.17153585953763817,35
2289,0,4382,4382,0,0,0,0,1.0,1.0,1.0,1.0,1.0,1,0.17051745025778778,37
2290,1,4383,4383,0,0,0,0,1.0,1.0,1.0,1.0,1.0,1,0.21489562973058918,37
2291,2,4385,4385,0,0,0,0,1.0,1.0,1.0,1.0,1.0,1,0.26878919191976336,35
2292,0,4385,4385,0,0,0,0,1.0,1.0,1.0,1.0,1.0,1,0.27360269424612316,35
2293,0,4385,4385,0,0,0,0,1.0,1.0,1.0,1.0,1.0,1,0.25476356369664727,34
2294,3,4388,4388,0,0,0,0,1.0,1.0,1.0,1.0,1.0,1,0.2101288397743883,33
2295,1,4389,4389,0,0,0,0,1.0,1.0,1.0,1.0,1.0,1,0.21521493706727263,34
2296,3,4392,4392,0,0,0,0,1.0,1.0,1.0,1.0,1.0,1,0.32285160053439627,33
2297,2,4394,4394,0,0,0,0,1.0,1.0,1.0,1.0,1.0,1,0.3595433742170183,32
2298,1,4395,4395,0,0,0,0,1.0,1.0,1.0,1.0,1.0,1,0.41014629538346553,32
2299,1,4396,4396,0,0,0,0,1.0,1.0,1.0,1.0,1.0,1,0.41971015399364364,33
2300,2,4398,4398,0,0,0,0,1.0,1.0,1.0,1.0,1.0,1,0.38924206885076224,33
2301,1,4399,4399,0,0,0,0,1.0,1.0,1.0,1.0,1.0,1,0.3767355798482917,33
2302,1,4400,4400,0,0,0,0,1.0,1.0,1.0,1.0,1.0,1,0.37278526950324836,34
2303,1,4401,4401,0,0,0,0,1.0,1.0,1.0,1.0,1.0,1,0.39221632138506357,34
2304,3,4404,4404,0,0,0,0,1.0,1.0,1.0,1.0,1.0,1,0.35688411729598646,33
2305,2,4406,4406,0,0,0,0,1.0,1.0,1.0,1.0,1.0,1,0.32503869335821356,33
2306,0,4406,4406,0,0,0,0,1.0,1.0,1.0,1.0,1.0,1,0.3130759204207199,33
2307,2,4408,4408,0,0,0,0,1.0,1.0,1.0,1.0,1.0,1,0.2678173153427339,35
2308,0,4408,4408,0,0,0,0,1.0,1.0,1.0,1.0,1.0,1,0.2575485148838426,34
2309,0,4408,4408,0,0,0,0,1.0,1.0,1.0,1.0,1.0,1,0.2276765154603496,34
2310,0,4408,4408,0,0,0,0,1.0,1.0,1.0,1.0,1.0,1,0.22525535158795065,34
2311,0,4408,4408,0,0,0,0,1.0,1.0,1.0,1.0,1.0,1,0.1935799614866081,35
2312,0,4408,4408,0,0,0,0,1.0,1.0,1.0,1.0,1.0,1,0.17422029120815882,34
2313,3,4411,4411,0,0,0,0,1.0,1.0,1.0,1.0,1.0,1,0.15596938996746706,35
2314,0,4411,4411,0,0,0,0,1.0,1.0,1.0,1.0,1.0,1,0.18752715161302375,35
2315,5,4416,4416,0,0,0,0,1.0,1.0,1.0,1.0,1.0,1,0.2807135910025704,34
2316,1,4417,4417,0,0,0,0,1.0,1.0,1.0,1.0,1.0,1,0.22873979768016417,35
2317,4,4421,4421,0,0,0,0,1.0,1.0,1.0,1.0,1.0,1,0.2454653616863051,32
2318,2,4423,4423,0,0,0,0,1.0,1.0,1.0,1.0,1.0,1,0.2770925174526935,32
2319,1,4424,4424,0,0,0,0,1.0,1.0,1.0,1.0,1.0,1,0.2701692335038885,32
2320,0,4424,4424,0,0,0,0,1.0,1.0,1.0,1.0,1.0,1,0.2976196137152607,32
2321,2,4426,4426,0,0,0,0,1.0,1.0,1.0,1.0,1.0,1,0.2561204672474824,33
2322,0,4426,4426,0,0,0,0,1.0,1.0,1.0,1.0,1.0,1,0.2561204672474824,33
2323,0,4426,4426,0,0,0,0,1.0,1.0,1.0,1.0,1.0,1,0.2561204672474824,33
2324,3,4429,4429,0,0,0,0,1.0,1.0,1.0,1.0,1.0,1,0.3394370053619252,34
2325,0,4429,4429,0,0,0,0,1.0,1.0,1.0,1.0,1.0,1,0.3242962289940466,35
2326,1,4430,4430,0,0,0,0,1.0,1.0,1.0,1.0,1.0,1,0.3474230999344546,35
2327,0,4430,4430,0,0,0,0,1.0,1.0,1.0,1.0,1.0,1,0.3604562729943305,36
2328,3,4433,4433,0,0,0,0,1.0,1.0,1.0,1.0,1.0,1,0.31782642535187294,37
2329,0,4433,4433,0,0,0,0,1.0,1.0,1.0,1.0,1.0,1,0.298201958132352,37
2330,2,4435,4435,0,0,0,0,1.0,1.0,1.0,1.0,1.0,1,0.3210556671102451,38
2331,1,4436,4436,0,0,0,0,1.0,1.0,1.0,1.0,1.0,1,0.328156916780413,40
2332,2,4438,4438,0,0,0,0,1.0,1.0,1.0,1.0,1.0,1,0.3821671254763408,40
2333,0,4438,4438,0,0,0,0,1.0,1.0,1.0,1.0,1.0,1,0.34996400306280134,41
2334,0,4438,4438,0,0,0,0,1.0,1.0,1.0,1.0,1.0,1,0.34996400306280134,41
2335,2,4440,4440,0,0,0,0,1.0,1.0,1.0,1.0,1.0,1,0.366656996982325,41
2336,4,4444,4444,0,0,0,0,1.0,1.0,1.0,1.0,1.0,1,0.33417896428738286,41
2337,4,4448,4448,0,0,0,0,1.0,1.0,1.0,1.0,1.0,1,0.3038819809762888,42
2338,4,4452,4452,0,0,0,0,1.0,1.0,1.0,1.0,1.0,1,0.2562576517702087,43
2339,2,4454,4454,0,0,0,0,1.0,1.0,1.0,1.0,1.0,1,0.26638676163996766,43
2340,3,4457,4457,0,0,0,0,1.0,1.0,1.0,1.0,1.0,1,0.1907637617337231,45
2341,3,4460,4460,0,0,0,0,1.0,1.0,1.0,1.0,1.0,1,0.18808917051654142,45
2342,3,4463,4463,0,0,0,0,1.0,1.0,1.0,1.0,1.0,1,0.17834821111864452,46
2343,4,4467,4467,0,0,0,0,1.0,1.0,1.0,1.0,1.0,1,0.15117811062171427,45
2344,1,4468,4468,0,0,0,0,1.0,1.0,1.0,1.0,1.0,1,0.12586586550032186,44
2345,1,4469,4469,0,0,0,0,1.0,1.0,1.0,1.0,1.0,1,0.15840802608716453,44
2346,2,4471,4471,0,0,0,0,1.0,1.0,1.0,1.0,1.0,1,0.11171502738903069,44
2347,1,4472,4472,0,0,0,0,1.0,1.0,1.0,1.0,1.0,1,0.1425223873805798,44
2348,1,4473,4473,0,0,0,0,1.0,1.0,1.0,1.0,1.0,1,0.16803066411240278,45
2349,2,4475,4475,0,0,0,0,1.0,1.0,1.0,1.0,1.0,1,0.1516336822017077,46
2350,1,4476,4476,0,0,0,0,1.0,1.0,1.0,1.0,1.0,1,0.1369792081292897,47
2351,0,4476,4476,0,0,0,0,1.0,1.0,1.0,1.0,1.0,1,0.1369792081292897,47
2352,0,4476,4476,0,0,0,0,1.0,1.0,1.0,1.0,1.0,1,0.1369792081292897,47
2353,2,4478,4478,0,0,0,0,1.0,1.0,1.0,1.0,1.0,1,0.1493303811995587,46
2354,1,4479,4479,0,0,0,0,1.0,1.0,1.0,1.0,1.0,1,0.12701725449102486,47
2355,3,4482,4482,0,0,0,0,1.0,1.0,1.0,1.0,1.0,1,0.12208521615177086,47
2356,1,4483,4483,0,0,0,0,1.0,1.0,1.0,1.0,1.0,1,0.09660340679626017,47
2357,3,4486,4486,0,0,0,0,1.0,1.0,1.0,1.0,1.0,1,0.03769960367693276,47
2358,3,4489,4489,0,0,0,0,1.0,1.0,1.0,1.0,1.0,1,0.08875429358349866,48
2359,2,4491,4491,0,0,0,0,1.0,1.0,1.0,1.0,1.0,1,0.10868543320646697,49
2360,2,4493,4493,0,0,0,0,1.0,1.0,1.0,1.0,1.0,1,0.11287500872389346,49
2361,0,4493,4493,0,0,0,0,1.0,1.0,1.0,1.0,1.0,1,0.12714127865834177,50
2362,8,4501,4501,0,0,0,0,1.0,1.0,1.0,1.0,1.0,1,0.13382543836168823,51
2363,5,4506,4506,0,0,0,0,1.0,1.0,1.0,1.0,1.0,1,0.11328715303208589,51
2364,4,4510,4510,0,0,0,0,1.0,1.0,1.0,1.0,1.0,1,0.0910436335751396,52
2365,5,4515,4515,0,0,0,0,1.0,1.0,1.0,1.0,1.0,1,0.06820546171587687,53
2366,8,4523,4523,0,0,0,0,1.0,1.0,1.0,1.0,1.0,1,0.14237251921141258,54
2367,5,4528,4528,0,0,0,0,1.0,1.0,1.0,1.0,1.0,1,0.11789606245010505,52
2368,4,4532,4532,0,0,0,0,1.0,1.0,1.0,1.0,1.0,1,0.04364082962442093,51
2369,4,4536,4536,0,0,0,0,1.0,1.0,1.0,1.0,1.0,1,0.07948683121200553,51
2370,3,4539,4539,0,0,0,0,1.0,1.0,1.0,1.0,1.0,1,0.07354825626316353,52
2371,1,4540,4540,0,0,0,0,1.0,1.0,1.0,1.0,1.0,1,0.053431607906561734,52
2372,1,4541,4541,0,0,0,0,1.0,1.0,1.0,1.0,1.0,1,0.0638272757503501,49
2373,1,4542,4542,0,0,0,0,1.0,1.0,1.0,1.0,1.0,1,0.07707649421364507,47
2374,0,4542,4542,0,0,0,0,1.0,1.0,1.0,1.0,1.0,1,0.10418865528594798,45
2375,1,4543,4543,0,0,0,0,1.0,1.0,1.0,1.0,1.0,1,0.1519420124316335,45
2376,2,4545,4545,0,0,0,0,1.0,1.0,1.0,1.0,1.0,1,0.17572370971592208,43
2377,4,4549,4549,0,0,0,0,1.0,1.0,1.0,1.0,1.0,1,0.2009923465427203,44
2378,1,4550,4550,0,0,0,0,1.0,1.0,1.0,1.0,1.0,1,0.19034487519387883,43
2379,2,4552,4552,0,0,0,0,1.0,1.0,1.0,1.0,1.0,1,0.1879344595280841,43
2380,0,4552,4552,0,0,0,0,1.0,1.0,1.0,1.0,1.0,1,0.1879344595280841,43
2381,2,4554,4554,0,0,0,0,1.0,1.0,1.0,1.0,1.0,1,0.14669800338669328,44
2382,0,4554,4554,0,0,0,0,1.0,1.0,1.0,1.0,1.0,1,0.14669800338669328,44
2383,2,4556,4556,0,0,0,0,1.0,1.0,1.0,1.0,1.0,1,0.1346269090522323,45
2384,2,4558,4558,0,0,0,0,1.0,1.0,1.0,1.0,1.0,1,0.12690285009620852,45
2385,1,4559,4559,0,0,0,0,1.0,1.0,1.0,1.0,1.0,1,0.1300568970997506,45
2386,1,4560,4560,0,0,0,0,1.0,1.0,1.0,1.0,1.0,1,0.12831079597252093,46
2387,4,4564,4564,0,0,0,0,1.0,1.0,1.0,1.0,1.0,1,0.15311988194706908,44
2388,1,4565,4565,0,0,0,0,1.0,1.0,1.0,1.0,1.0,1,0.14422249976060478,44
2389,3,4568,4568,0,0,0,0,1.0,1.0,1.0,1.0,1.0,1,0.14606295760945454,43
2390,6,4574,4574,0,0,0,0,1.0,1.0,1.0,1.0,1.0,1,0.1591799277782765,44
2391,1,4575,4575,0,0,0,0,1.0,1.0,1.0,1.0,1.0,1,0.18087196464311592,43
2392,7,4582,4582,0,0,0,0,1.0,1.0,1.0,1.0,1.0,1,0.24700373098151043,44
2393,2,4584,4584,0,0,0,0,1.0,1.0,1.0,1.0,1.0,1,0.19914956176093265,45
2394,3,4587,4587,0,0,0,0,1.0,1.0,1.0,1.0,1.0,1,0.25813102786821496,44
2395,3,4590,4590,0,0,0,0,1.0,1.0,1.0,1.0,1.0,1,0.2694422132389585,44
2396,5,4595,4595,0,0,0,0,1.0,1.0,1.0,1.0,1.0,1,0.20014243344952165,45
2397,3,4598,4598,0,0,0,0,1.0,1.0,1.0,1.0,1.0,1,0.19460039590265196,44
2398,4,4602,4602,0,0,0,0,1.0,1.0,1.0,1.0,1.0,1,0.20835688165326505,44
2399,1,4603,4603,0,0,0,0,1.0,1.0,1.0,1.0,1.0,1,0.20802843219342868,45
2400,0,4603,4603,0,0,0,0,1.0,1.0,1.0,1.0,1.0,1,0.20802843219342868,45
2401,4,4607,4607,0,0,0,0,1.0,1.0,1.0,1.0,1.0,1,0.20649946595791716,46
2402,1,4608,4608,0,0,0,0,1.0,1.0,1.0,1.0,1.0,1,0.2111956378021216,47
2403,2,4610,4610,0,0,0,0,1.0,1.0,1.0,1.0,1.0,1,0.1779095957989375,48
2404,2,4612,4612,0,0,0,0,1.0,1.0,1.0,1.0,1.0,1,0.19015567543881395,47
2405,1,4613,4613,0,0,0,0,1.0,1.0,1.0,1.0,1.0,1,0.18977459497360977,45
2406,3,4616,4616,0,0,0,0,1.0,1.0,1.0,1.0,1.0,1,0.2181404864529658,45
2407,1,4617,4617,0,0,0,0,1.0,1.0,1.0,1.0,1.0,1,0.19742771834885595,42
2408,3,4620,4620,0,0,0,0,1.0,1.0,1.0,1.0,1.0,1,0.19417559692068134,41
2409,4,4624,4624,0,0,0,0,1.0,1.0,1.0,1.0,1.0,1,0.1584532805282824,41
2410,1,4625,4625,0,0,0,0,1.0,1.0,1.0,1.0,1.0,1,0.16077568874127093,40
2411,1,4626,4626,0,0,0,0,1.0,1.0,1.0,1.0,1.0,1,0.14440142162011738,40
2412,2,4628,4628,0,0,0,0,1.0,1.0,1.0,1.0,1.0,1,0.11615021745659478,38
2413,1,4629,4629,0,0,0,0,1.0,1.0,1.0,1.0,1.0,1,0.12001475121028304,38
2414,1,4630,4630,0,0,0,0,1.0,1.0,1.0,1.0,1.0,1,0.1256826922922226,36
2415,1,4631,4631,0,0,0,0,1.0,1.0,1.0,1.0,1.0,1,0.1768953836329791,36
2416,2,4633,4633,0,0,0,0,1.0,1.0,1.0,1.0,1.0,1,0.17384260805242444,35
2417,3,4636,4636,0,0,0,0,1.0,1.0,1.0,1.0,1.0,1,0.22548906240983363,33
2418,3,4639,4639,0,0,0,0,1.0,1.0,1.0,1.0,1.0,1,0.1874116952739043,33
2419,4,4643,4643,0,0,0,0,1.0,1.0,1.0,1.0,1.0,1,0.24731788470959135,33
2420,3,4646,4646,0,0,0,0,1.0,1.0,1.0,1.0,1.0,1,0.24187061947289745,34
2421,2,4648,4648,0,0,0,0,1.0,1.0,1.0,1.0,1.0,1,0.2700322454756582,34
2422,3,4651,4651,0,0,0,0,1.0,1.0,1.0,1.0,1.0,1,0.31392060550537243,35
2423,3,4654,4654,0,0,0,0,1.0,1.0,1.0,1.0,1.0,1,0.24740411412382715,36
2424,2,4656,4656,0,0,0,0,1.0,1.0,1.0,1.0,1.0,1,0.24835762138334005,35
2425,1,4657,4657,0,0,0,0,1.0,1.0,1.0,1.0,1.0,1,0.26949628706108936,33
2426,2,4659,4659,0,0,0,0,1.0,1.0,1.0,1.0,1.0,1,0.32074687150991543,34
2427,1,4660,4660,0,0,0,0,1.0,1.0,1.0,1.0,1.0,1,0.34915491153030825,34
2428,1,4661,4661,0,0,0,0,1.0,1.0,1.0,1.0,1.0,1,0.3611378652162119,34
2429,1,4662,4662,0,0,0,0,1.0,1.0,1.0,1.0,1.0,1,0.3492967612516302,34
2430,3,4665,4665,0,0,0,0,1.0,1.0,1.0,1.0,1.0,1,0.25678443105399945,33
2431,2,4667,4667,0,0,0,0,1.0,1.0,1.0,1.0,1.0,1,0.25655342220157157,33
2432,4,4671,4671,0,0,0,0,1.0,1.0,1.0,1.0,1.0,1,0.21580702760148623,33
2433,1,4672,4672,0,0,0,0,1.0,1.0,1.0,1.0,1.0,1,0.17009835870610934,34
2434,4,4676,4676,0,0,0,0,1.0,1.0,1.0,1.0,1.0,1,0.10821868088853583,34
2435,0,4676,4676,0,0,0,0,1.0,1.0,1.0,1.0,1.0,1,0.10821868088853583,34
2436,4,4680,4680,0,0,0,0,1.0,1.0,1.0,1.0,1.0,1,0.13678406712362542,33
2437,1,4681,4681,0,0,0,0,1.0,1.0,1.0,1.0,1.0,1,0.1701445259551654,33
2438,2,4683,4683,0,0,0,0,1.0,1.0,1.0,1.0,1.0,1,0.20867557026228747,34
2439,2,4685,4685,0,0,0,0,1.0,1.0,1.0,1.0,1.0,1,0.1983615585368595,35
2440,1,4686,4686,0,0,0,0,1.0,1.0,1.0,1.0,1.0,1,0.19874783460146256,35
2441,2,4688,4688,0,0,0,0,1.0,1.0,1.0,1.0,1.0,1,0.2268271204979137,35
2442,2,4690,4690,0,0,0,0,1.0,1.0,1.0,1.0,1.0,1,0.21992915321572312,35
2443,2,4692,4692,0,0,0,0,1.0,1.0,1.0,1.0,1.0,1,0.2545197878536619,35
2444,3,4695,4695,0,0,0,0,1.0,1.0,1.0,1.0,1.0,1,0.21278234757969108,34
2445,1,4696,4696,0,0,0,0,1.0,1.0,1.0,1.0,1.0,1,0.19554312483059297,33
2446,4,4700,4700,0,0,0,0,1.0,1.0,1.0,1.0,1.0,1,0.1789620562672764,30
2447,1,4701,4701,0,0,0,0,1.0,1.0,1.0,1.0,1.0,1,0.11202904655573258,29
2448,2,4703,4703,0,0,0,0,1.0,1.0,1.0,1.0,1.0,1,0.0812201041949235,27
2449,0,4703,4703,0,0,0,0,1.0,1.0,1.0,1.0,1.0,1,0.06369096714271347,26
2450,2,4705,4705,0,0,0,0,1.0,1.0,1.0,1.0,1.0,1,0.04171935557302044,28
2451,0,4705,4705,0,0,0,0,1.0,1.0,1.0,1.0,1.0,1,0.04171935557302044,28
2452,4,4709,4709,0,0,0,0,1.0,1.0,1.0,1.0,1.0,1,0.1394641666508352,29
2453,1,4710,4710,0,0,0,0,1.0,1.0,1.0,1.0,1.0,1,0.14082623151290316,30
2454,4,4714,4714,0,0,0,0,1.0,1.0,1.0,1.0,1.0,1,0.17275034886732138,32
2455,4,4718,4718,0,0,0,0,1.0,1.0,1.0,1.0,1.0,1,0.24656668126871112,33
2456,0,4718,4718,0,0,0,0,1.0,1.0,1.0,1.0,1.0,1,0.2466551229210985,34
2457,4,4722,4722,0,0,0,0,1.0,1.0,1.0,1.0,1.0,1,0.2751509737674759,34
2458,1,4723,4723,0,0,0,0,1.0,1.0,1.0,1.0,1.0,1,0.2743546249712209,36
2459,0,4723,4723,0,0,0,0,1.0,1.0,1.0,1.0,1.0,1,0.2743546249712209,36
2460,2,4725,4725,0,0,0,0,1.0,1.0,1.0,1.0,1.0,1,0.28216488017048114,37
2461,1,4726,4726,0,0,0,0,1.0,1.0,1.0,1.0,1.0,1,0.3184540280915109,37
2462,1,4727,4727,0,0,0,0,1.0,1.0,1.0,1.0,1.0,1,0.32276176591119543,38
2463,2,4729,4729,0,0,0,0,1.0,1.0,1.0,1.0,1.0,1,0.359260335227081,38
2464,3,4732,4732,0,0,0,0,1.0,1.0,1.0,1.0,1.0,1,0.24728716526714906,37
2465,2,4734,4734,0,0,0,0,1.0,1.0,1.0,1.0,1.0,1,0.2753735193970884,36
2466,3,4737,4737,0,0,0,0,1.0,1.0,1.0,1.0,1.0,1,0.20579569557214533,36
2467,1,4738,4738,0,0,0,0,1.0,1.0,1.0,1.0,1.0,1,0.24052678214442533,34
2468,4,4742,4742,0,0,0,0,1.0,1.0,1.0,1.0,1.0,1,0.14381934643953284,33
2469,0,4742,4742,0,0,0,0,1.0,1.0,1.0,1.0,1.0,1,0.1409178578948068,32
2470,3,4745,4745,0,0,0,0,1.0,1.0,1.0,1.0,1.0,1,0.0759545665202297,33
2471,2,4747,4747,0,0,0,0,1.0,1.0,1.0,1.0,1.0,1,0.20671011843034864,31
2472,2,4749,4749,0,0,0,0,1.0,1.0,1.0,1.0,1.0,1,0.24436616561710925,32
2473,2,4751,4751,0,0,0,0,1.0,1.0,1.0,1.0,1.0,1,0.21712513785356394,31
2474,1,4752,4752,0,0,0,0,1.0,1.0,1.0,1.0,1.0,1,0.1985858310423929,33
2475,0,4752,4752,0,0,0,0,1.0,1.0,1.0,1.0,1.0,1,0.20539701035940552,33
2476,2,4754,4754,0,0,0,0,1.0,1.0,1.0,1.0,1.0,1,0.2429803540963031,33
2477,3,4757,4757,0,0,0,0,1.0,1.0,1.0,1.0,1.0,1,0.3040783691432398,33
2478,3,4760,4760,0,0,0,0,1.0,1.0,1.0,1.0,1.0,1,0.26390180078529224,33
2479,2,4762,4762,0,0,0,0,1.0,1.0,1.0,1.0,1.0,1,0.21596158200781035,33
2480,3,4765,4765,0,0,0,0,1.0,1.0,1.0,1.0,1.0,1,0.21767221928385408,34
2481,2,4767,4767,0,0,0,0,1.0,1.0,1.0,1.0,1.0,1,0.2671439687929166,33
2482,3,4770,4770,0,0,0,0,1.0,1.0,1.0,1.0,1.0,1,0.25209636339923547,34
2483,2,4772,4772,0,0,0,0,1.0,1.0,1.0,1.0,1.0,1,0.24242878620329317,33
2484,2,4774,4774,0,0,0,0,1.0,1.0,1.0,1.0,1.0,1,0.20510703504747888,32
2485,1,4775,4775,0,0,0,0,1.0,1.0,1.0,1.0,1.0,1,0.18892060442434488,31
2486,2,4777,4777,0,0,0,0,1.0,1.0,1.0,1.0,1.0,1,0.23171999528485923,29
2487,0,4777,4777,0,0,0,0,1.0,1.0,1.0,1.0,1.0,1,0.23171999528485923,29
2488,1,4778,4778,0,0,0,0,1.0,1.0,1.0,1.0,1.0,1,0.2161620082264217,30
2489,1,4779,4779,0,0,0,0,1.0,1.0,1.0,1.0,1.0,1,0.22180572006387608,29
2490,1,4780,4780,0,0,0,0,1.0,1.0,1.0,1.0,1.0,1,0.15986037839928316,30
2491,1,4781,4781,0,0,0,0,1.0,1.0,1.0,1.0,1.0,1,0.11165913443657591,30
2492,0,4781,4781,0,0,0,0,1.0,1.0,1.0,1.0,1.0,1,0.101754491526259,29
2493,3,4784,4784,0,0,0,0,1.0,1.0,1.0,1.0,1.0,1,0.23531837903536343,29
2494,0,4784,4784,0,0,0,0,1.0,1.0,1.0,1.0,1.0,1,0.2533313024318552,28
2495,1,4785,4785,0,0,0,0,1.0,1.0,1.0,1.0,1.0,1,0.29245609550598917,29
2496,1,4786,4786,0,0,0,0,1.0,1.0,1.0,1.0,1.0,1,0.3528065881136316,28
2497,2,4788,4788,0,0,0,0,1.0,1.0,1.0,1.0,1.0,1,0.29513594398333226,28
2498,5,4793,4793,0,0,0,0,1.0,1.0,1.0,1.0,1.0,1,0.1784603614437098,29
2499,3,4796,4796,0,0,0,0,1.0,1.0,1.0,1.0,1.0,1,0.14254551280323455,30
2500,5,4801,4801,0,0,0,0,1.0,1.0,1.0,1.0,1.0,1,0.10042578166328839,29
2501,1,4802,4802,0,0,0,0,1.0,1.0,1.0,1.0,1.0,1,0.09407326828167699,33
2502,4,4806,4806,0,0,0,0,1.0,1.0,1.0,1.0,1.0,1,0.19325033655264195,33
2503,3,4809,4809,0,0,0,0,1.0,1.0,1.0,1.0,1.0,1,0.27127948472565133,31
2504,5,4814,4814,0,0,0,0,1.0,1.0,1.0,1.0,1.0,1,0.25570568140711586,31
2505,1,4815,4815,0,0,0,0,1.0,1.0,1.0,1.0,1.0,1,0.2211070003327272,32
2506,2,4817,4817,0,0,0,0,1.0,1.0,1.0,1.0,1.0,1,0.18557802280620045,31
2507,1,4818,4818,0,0,0,0,1.0,1.0,1.0,1.0,1.0,1,0.16482740173604835,29
2508,2,4820,4820,0,0,0,0,1.0,1.0,1.0,1.0,1.0,1,0.11170281422236089,31
2509,1,4821,4821,0,0,0,0,1.0,1.0,1.0,1.0,1.0,1,0.10702921650955939,30
2510,1,4822,4822,0,0,0,0,1.0,1.0,1.0,1.0,1.0,1,0.09569370066232345,31
2511,0,4822,4822,0,0,0,0,1.0,1.0,1.0,1.0,1.0,1,0.116165128171683,32
2512,4,4826,4826,0,0,0,0,1.0,1.0,1.0,1.0,1.0,1,0.10611981726629155,32
2513,1,4827,4827,0,0,0,0,1.0,1.0,1.0,1.0,1.0,1,0.1353112536757799,34
2514,2,4829,4829,0,0,0,0,1.0,1.0,1.0,1.0,1.0,1,0.12803195278328217,35
2515,3,4832,4832,0,0,0,0,1.0,1.0,1.0,1.0,1.0,1,0.07881388395848453,35
2516,2,4834,4834,0,0,0,0,1.0,1.0,1.0,1.0,1.0,1,0.08426220753455992,34
2517,3,4837,4837,0,0,0,0,1.0,1.0,1.0,1.0,1.0,1,0.1008558102369,34
2518,3,4840,4840,0,0,0,0,1.0,1.0,1.0,1.0,1.0,1,0.12769269527979601,33
2519,2,4842,4842,0,0,0,0,1.0,1.0,1.0,1.0,1.0,1,0.07601075507326456,32
2520,0,4842,4842,0,0,0,0,1.0,1.0,1.0,1.0,1.0,1,0.043138850095104896,31
2521,1,4843,4843,0,0,0,0,1.0,1.0,1.0,1.0,1.0,1,0.09859307191675179,31
2522,1,4844,4844,0,0,0,0,1.0,1.0,1.0,1.0,1.0,1,0.13290694449100482,30
2523,2,4846,4846,0,0,0,0,1.0,1.0,1.0,1.0,1.0,1,0.21886319218928033,30
2524,0,4846,4846,0,0,0,0,1.0,1.0,1.0,1.0,1.0,1,0.24400722094902014,29
2525,1,4847,4847,0,0,0,0,1.0,1.0,1.0,1.0,1.0,1,0.26812828176752235,29
2526,2,4849,4849,0,0,0,0,1.0,1.0,1.0,1.0,1.0,1,0.2643627717120024,27
2527,0,4849,4849,0,0,0,0,1.0,1.0,1.0,1.0,1.0,1,0.2637666522997147,28
2528,0,4849,4849,0,0,0,0,1.0,1.0,1.0,1.0,1.0,1,0.2637666522997147,28
2529,1,4850,4850,0,0,0,0,1.0,1.0,1.0,1.0,1.0,1,0.3014360173396,28
2530,1,4851,4851,0,0,0,0,1.0,1.0,1.0,1.0,1.0,1,0.34236914367112253,29
2531,0,4851,4851,0,0,0,0,1.0,1.0,1.0,1.0,1.0,1,0.35671856075791053,30
2532,4,4855,4855,0,0,0,0,1.0,1.0,1.0,1.0,1.0,1,0.2629565125410478,31
2533,1,4856,4856,0,0,0,0,1.0,1.0,1.0,1.0,1.0,1,0.2578900982481922,31
2534,3,4859,4859,0,0,0,0,1.0,1.0,1.0,1.0,1.0,1,0.30572558632078156,31
2535,1,4860,4860,0,0,0,0,1.0,1.0,1.0,1.0,1.0,1,0.32913193561054355,31
2536,2,4862,4862,0,0,0,0,1.0,1.0,1.0,1.0,1.0,1,0.39026215841674916,32
2537,0,4862,4862,0,0,0,0,1.0,1.0,1.0,1.0,1.0,1,0.37531520193703166,33
2538,2,4864,4864,0,0,0,0,1.0,1.0,1.0,1.0,1.0,1,0.37642828020109464,35
2539,1,4865,4865,0,0,0,0,1.0,1.0,1.0,1.0,1.0,1,0.3303880201484902,37
2540,2,4867,4867,0,0,0,0,1.0,1.0,1.0,1.0,1.0,1,0.31303984145684643,38
2541,2,4869,4869,0,0,0,0,1.0,1.0,1.0,1.0,1.0,1,0.33392120647171925,39
2542,4,4873,4873,0,0,0,0,1.0,1.0,1.0,1.0,1.0,1,0.28447544447573686,38
2543,0,4873,4873,0,0,0,0,1.0,1.0,1.0,1.0,1.0,1,0.2645840753915241,41
2544,1,4874,4874,0,0,0,0,1.0,1.0,1.0,1.0,1.0,1,0.25790112810157406,39
2545,0,4874,4874,0,0,0,0,1.0,1.0,1.0,1.0,1.0,1,0.27304619088708776,40
2546,2,4876,4876,0,0,0,0,1.0,1.0,1.0,1.0,1.0,1,0.22874265621700837,38
2547,1,4877,4877,0,0,0,0,1.0,1.0,1.0,1.0,1.0,1,0.21820556595644267,38
2548,0,4877,4877,0,0,0,0,1.0,1.0,1.0,1.0,1.0,1,0.2093760168444972,35
2549,1,4878,4878,0,0,0,0,1.0,1.0,1.0,1.0,1.0,1,0.2007175356846613,35
2550,0,4878,4878,0,0,0,0,1.0,1.0,1.0,1.0,1.0,1,0.20732257862191286,33
2551,0,4878,4878,0,0,0,0,1.0,1.0,1.0,1.0,1.0,1,0.23358269633344714,31
2552,0,4878,4878,0,0,0,0,1.0,1.0,1.0,1.0,1.0,1,0.23978665672226987,30
2553,2,4880,4880,0,0,0,0,1.0,1.0,1.0,1.0,1.0,1,0.31532295850176517,30
2554,1,4881,4881,0,0,0,0,1.0,1.0,1.0,1.0,1.0,1,0.3017427845908802,32
2555,1,4882,4882,0,0,0,0,1.0,1.0,1.0,1.0,1.0,1,0.38528814005097084,32
2556,0,4882,4882,0,0,0,0,1.0,1.0,1.0,1.0,1.0,1,0.36709811564051975,32
2557,1,4883,4883,0,0,0,0,1.0,1.0,1.0,1.0,1.0,1,0.31936755528340255,30
2558,1,4884,4884,0,0,0,0,1.0,1.0,1.0,1.0,1.0,1,0.30877675126199694,31
2559,0,4884,4884,0,0,0,0,1.0,1.0,1.0,1.0,1.0,1,0.2736820739569729,30
2560,0,4884,4884,0,0,0,0,1.0,1.0,1.0,1.0,1.0,1,0.2736820739569729,30
2561,1,4885,4885,0,0,0,0,1.0,1.0,1.0,1.0,1.0,1,0.2934244620384539,30
2562,0,4885,4885,0,0,0,0,1.0,1.0,1.0,1.0,1.0,1,0.29143398731036385,33
2563,3,4888,4888,0,0,0,0,1.0,1.0,1.0,1.0,1.0,1,0.3081259135710458,33
2564,2,4890,4890,0,0,0,0,1.0,1.0,1.0,1.0,1.0,1,0.35603815326305444,33
2565,3,4893,4893,0,0,0,0,1.0,1.0,1.0,1.0,1.0,1,0.30248056246376936,33
2566,2,4895,4895,0,0,0,0,1.0,1.0,1.0,1.0,1.0,1,0.2565824254121058,35
2567,1,4896,4896,0,0,0,0,1.0,1.0,1.0,1.0,1.0,1,0.2884180532533439,36
2568,2,4898,4898,0,0,0,0,1.0,1.0,1.0,1.0,1.0,1,0.29555913854123494,37
2569,0,4898,4898,0,0,0,0,1.0,1.0,1.0,1.0,1.0,1,0.29555913854123494,37
2570,2,4900,4900,0,0,0,0,1.0,1.0,1.0,1.0,1.0,1,0.3439654027130248,37
2571,1,4901,4901,0,0,0,0,1.0,1.0,1.0,1.0,1.0,1,0.3542182513024062,37
2572,1,4902,4902,0,0,0,0,1.0,1.0,1.0,1.0,1.0,1,0.3235061627819372,39
2573,0,4902,4902,0,0,0,0,1.0,1.0,1.0,1.0,1.0,1,0.3235061627819372,39
2574,0,4902,4902,0,0,0,0,1.0,1.0,1.0,1.0,1.0,1,0.3386722807132178,38
2575,1,4903,4903,0,0,0,0,1.0,1.0,1.0,1.0,1.0,1,0.36032621384003155,38
2576,0,4903,4903,0,0,0,0,1.0,1.0,1.0,1.0,1.0,1,0.3863310316987623,37
2577,1,4904,4904,0,0,0,0,1.0,1.0,1.0,1.0,1.0,1,0.34799181716027294,39
2578,2,4906,4906,0,0,0,0,1.0,1.0,1.0,1.0,1.0,1,0.33560042121154443,40
2579,1,4907,4907,0,0,0,0,1.0,1.0,1.0,1.0,1.0,1,0.29121202302796645,41
2580,3,4910,4910,0,0,0,0,1.0,1.0,1.0,1.0,1.0,1,0.2716301849353243,42
2581,3,4913,4913,0,0,0,0,1.0,1.0,1.0,1.0,1.0,1,0.2038335011233256,43
2582,2,4915,4915,0,0,0,0,1.0,1.0,1.0,1.0,1.0,1,0.20175872459148791,43
2583,4,4919,4919,0,0,0,0,1.0,1.0,1.0,1.0,1.0,1,0.18242348625512983,43
2584,8,4927,4927,0,0,0,0,1.0,1.0,1.0,1.0,1.0,1,0.07203551778870128,43
2585,3,4930,4930,0,0,0,0,1.0,1.0,1.0,1.0,1.0,1,0.12015338267368017,44
2586,5,4935,4935,0,0,0,0,1.0,1.0,1.0,1.0,1.0,1,0.11876896653674697,43
2587,3,4938,4938,0,0,0,0,1.0,1.0,1.0,1.0,1.0,1,0.09569452667094717,44
2588,2,4940,4940,0,0,0,0,1.0,1.0,1.0,1.0,1.0,1,0.05121909623935063,44
2589,3,4943,4943,0,0,0,0,1.0,1.0,1.0,1.0,1.0,1,0.1169769380464655,44
2590,0,4943,4943,0,0,0,0,1.0,1.0,1.0,1.0,1.0,1,0.1169769380464655,44
2591,0,4943,4943,0,0,0,0,1.0,1.0,1.0,1.0,1.0,1,0.1169769380464655,44
2592,0,4943,4943,0,0,0,0,1.0,1.0,1.0,1.0,1.0,1,0.1169769380464655,44
2593,1,4944,4944,0,0,0,0,1.0,1.0,1.0,1.0,1.0,1,0.12864298572419744,43
2594,4,4948,4948,0,0,0,0,1.0,1.0,1.0,1.0,1.0,1,0.09668660988332031,48
2595,1,4949,4949,0,0,0,0,1.0,1.0,1.0,1.0,1.0,1,0.06277499815891156,45
2596,2,4951,4951,0,0,0,0,1.0,1.0,1.0,1.0,1.0,1,0.06858883444304895,46
2597,1,4952,4952,0,0,0,0,1.0,1.0,1.0,1.0,1.0,1,0.08625885077581229,45
2598,2,4954,4954,0,0,0,0,1.0,1.0,1.0,1.0,1.0,1,0.09409687566826491,45
2599,2,4956,4956,0,0,0,0,1.0,1.0,1.0,1.0,1.0,1,0.12066502829517432,45
2600,3,4959,4959,0,0,0,0,1.0,1.0,1.0,1.0,1.0,1,0.12173258971971569,48
2601,2,4961,4961,0,0,0,0,1.0,1.0,1.0,1.0,1.0,1,0.14522263957072565,47
2602,5,4966,4966,0,0,0,0,1.0,1.0,1.0,1.0,1.0,1,0.16440946987294766,48
2603,1,4967,4967,0,0,0,0,1.0,1.0,1.0,1.0,1.0,1,0.1723972378967192,48
2604,3,4970,4970,0,0,0,0,1.0,1.0,1.0,1.0,1.0,1,0.17942692059647689,47
2605,4,4974,4974,0,0,0,0,1.0,1.0,1.0,1.0,1.0,1,0.16035289743949382,47
2606,4,4978,4978,0,0,0,0,1.0,1.0,1.0,1.0,1.0,1,0.18095973026919968,46
2607,6,4984,4984,0,0,0,0,1.0,1.0,1.0,1.0,1.0,1,0.15195081042246714,45
2608,4,4988,4988,0,0,0,0,1.0,1.0,1.0,1.0,1.0,1,0.11003098259026926,45
2609,3,4991,4991,0,0,0,0,1.0,1.0,1.0,1.0,1.0,1,0.1265894975411467,44
2610,6,4997,4997,0,0,0,0,1.0,1.0,1.0,1.0,1.0,1,0.06213648751883415,45
2611,3,5000,5000,0,0,0,0,1.0,1.0,1.0,1.0,1.0,1,0.08347739647665468,46
2612,6,5006,5006,0,0,0,0,1.0,1.0,1.0,1.0,1.0,1,0.12742491205042175,47
2613,3,5009,5009,0,0,0,0,1.0,1.0,1.0,1.0,1.0,1,0.11294126180667848,48
2614,2,5011,5011,0,0,0,0,1.0,1.0,1.0,1.0,1.0,1,0.14966942318973533,48
2615,5,5016,5016,0,0,0,0,1.0,1.0,1.0,1.0,1.0,1,0.1785322809357823,49
2616,0,5016,5016,0,0,0,0,1.0,1.0,1.0,1.0,1.0,1,0.1785322809357823,49
2617,1,5017,5017,0,0,0,0,1.0,1.0,1.0,1.0,1.0,1,0.23588841226196003,48
2618,3,5020,5020,0,0,0,0,1.0,1.0,1.0,1.0,1.0,1,0.25296994175489734,47
2619,1,5021,5021,0,0,0,0,1.0,1.0,1.0,1.0,1.0,1,0.22975496264970205,50
2620,1,5022,5022,0,0,0,0,0.9971195655703106,0.993322629276629,0.9971195655703106,0.993322629276629,1.0,1,0.22515344104683216,51
2621,0,5022,5022,0,0,0,0,0.9971749585401123,0.993322629276629,0.9971749585401123,0.993322629276629,1.0,1,0.21195310300060327,52
2622,0,5022,5022,0,0,0,0,0.9971749585401123,0.993322629276629,0.9971749585401123,0.993322629276629,1.0,1,0.22903509693510032,52
2623,1,5023,5023,0,0,0,0,0.9514570312750531,0.8928009440657423,0.9514570312750531,0.8928009440657423,1.0,1,0.25060223285030286,53
2624,2,5025,5025,0,0,0,0,0.9495533854427023,0.8928009440657423,0.9495533854427023,0.8928009440657423,1.0,1,0.2574787345284928,51
2625,2,5027,5027,0,0,0,0,0.9681044937837703,0.9306619430081964,0.9681044937837703,0.9306619430081964,1.0,1,0.28301349923003544,50
2626,5,5032,5032,0,0,0,0,0.9771237414359908,0.9512636230592849,0.9771237414359908,0.9512636230592849,1.0,1,0.2713573723043971,49
2627,2,5034,5034,0,0,0,0,1.0,1.0,1.0,1.0,1.0,1,0.27543448557588707,48
2628,1,5035,5035,0,0,0,0,1.0,1.0,1.0,1.0,1.0,1,0.26120528267265086,48
2629,1,5036,5036,0,0,0,0,1.0,1.0,1.0,1.0,1.0,1,0.28801428228261133,47
2630,1,5037,5037,0,0,0,0,0.9724622640415003,0.9437272352152398,0.9724622640415003,0.9437272352152398,1.0,1,0.2937780720502631,47
2631,1,5038,5038,0,0,0,0,0.9724622640415003,0.9437272352152398,0.9724622640415003,0.9437272352152398,1.0,1,0.29533874059932497,47
2632,2,5040,5040,0,0,0,0,0.9444997556722052,0.8913120215247353,0.9444997556722052,0.8913120215247353,1.0,1,0.2790658873818544,47
2633,1,5041,5041,0,0,0,0,0.9852664300891179,0.9705328601782358,0.9852664300891179,0.9705328601782358,1.0,1,0.27838827013418926,44
2634,5,5046,5046,0,0,0,0,1.0,1.0,1.0,1.0,1.0,1,0.22657614162408896,44
2635,4,5050,5050,0,0,0,0,1.0,1.0,1.0,1.0,1.0,1,0.24306648429956482,45
2636,5,5055,5055,0,0,0,0,1.0,1.0,1.0,1.0,1.0,1,0.19647996529856307,40
2637,2,5057,5057,0,0,0,0,1.0,1.0,1.0,1.0,1.0,1,0.19555358068392348,41
2638,4,5061,5061,0,0,0,0,1.0,1.0,1.0,1.0,1.0,1,0.21935880886337825,38
2639,3,5064,5064,0,0,0,0,1.0,1.0,1.0,1.0,1.0,1,0.22918243267242372,39
2640,2,5066,5066,0,0,0,0,1.0,1.0,1.0,1.0,1.0,1,0.22640824337462148,38
2641,4,5070,5070,0,0,0,0,1.0,1.0,1.0,1.0,1.0,1,0.25472186033730665,37
2642,1,5071,5071,0,0,0,0,1.0,1.0,1.0,1.0,1.0,1,0.2516890209668444,38
2643,3,5074,5074,0,0,0,0,1.0,1.0,1.0,1.0,1.0,1,0.24239497682829567,37
2644,3,5077,5077,0,0,0,0,1.0,1.0,1.0,1.0,1.0,1,0.16141157537942483,36
2645,4,5081,5081,0,0,0,0,1.0,1.0,1.0,1.0,1.0,1,0.15188024318763443,35
2646,0,5081,5081,0,0,0,0,1.0,1.0,1.0,1.0,1.0,1,0.15155509595311806,35
2647,2,5083,5083,0,0,0,0,1.0,1.0,1.0,1.0,1.0,1,0.1543105249812864,35
2648,1,5084,5084,0,0,0,0,1.0,1.0,1.0,1.0,1.0,1,0.17389828679023459,36
2649,1,5085,5085,0,0,0,0,1.0,1.0,1.0,1.0,1.0,1,0.16137759391578546,37
2650,0,5085,5085,0,0,0,0,1.0,1.0,1.0,1.0,1.0,1,0.16813466619054449,39
2651,3,5088,5088,0,0,0,0,1.0,1.0,1.0,1.0,1.0,1,0.20782453097827697,39
2652,0,5088,5088,0,0,0,0,1.0,1.0,1.0,1.0,1.0,1,0.20782453097827697,39
2653,0,5088,5088,0,0,0,0,1.0,1.0,1.0,1.0,1.0,1,0.20782453097827697,39
2654,3,5091,5091,0,0,0,0,1.0,1.0,1.0,1.0,1.0,1,0.23428343223215226,40
2655,0,5091,5091,0,0,0,0,1.0,1.0,1.0,1.0,1.0,1,0.23428343223215226,40
2656,3,5094,5094,0,0,0,0,1.0,1.0,1.0,1.0,1.0,1,0.21978983632520258,39
2657,2,5096,5096,0,0,0,0,1.0,1.0,1.0,1.0,1.0,1,0.23211762485518034,40
2658,2,5098,5098,0,0,0,0,1.0,1.0,1.0,1.0,1.0,1,0.2330179465945888,41
2659,2,5100,5100,0,0,0,0,1.0,1.0,1.0,1.0,1.0,1,0.23491383113754266,41
2660,3,5103,5103,0,0,0,0,1.0,1.0,1.0,1.0,1.0,1,0.23176305430645355,40
2661,2,5105,5105,0,0,0,0,1.0,1.0,1.0,1.0,1.0,1,0.21190101207221218,40
2662,3,5108,5108,0,0,0,0,1.0,1.0,1.0,1.0,1.0,1,0.20675553852329023,42
2663,3,5111,5111,0,0,0,0,1.0,1.0,1.0,1.0,1.0,1,0.1795806400707942,41
2664,1,5112,5112,0,0,0,0,1.0,1.0,1.0,1.0,1.0,1,0.17999967026433125,42
2665,3,5115,5115,0,0,0,0,1.0,1.0,1.0,1.0,1.0,1,0.19159842166769317,43
2666,2,5117,5117,0,0,0,0,1.0,1.0,1.0,1.0,1.0,1,0.22166728861296137,44
2667,2,5119,5119,0,0,0,0,1.0,1.0,1.0,1.0,1.0,1,0.274043593728281,42
2668,3,5122,5122,0,0,0,0,1.0,1.0,1.0,1.0,1.0,1,0.2835693172575787,41
2669,4,5126,5126,0,0,0,0,1.0,1.0,1.0,1.0,1.0,1,0.2836051041306306,42
2670,4,5130,5130,0,0,0,0,1.0,1.0,1.0,1.0,1.0,1,0.3392506025054132,40
2671,3,5133,5133,0,0,0,0,1.0,1.0,1.0,1.0,1.0,1,0.3157028072531879,39
2672,1,5134,5134,0,0,0,0,1.0,1.0,1.0,1.0,1.0,1,0.35094119050037453,36
2673,6,5140,5140,0,0,0,0,1.0,1.0,1.0,1.0,1.0,1,0.30054291072189415,35
2674,1,5141,5141,0,0,0,0,1.0,1.0,1.0,1.0,1.0,1,0.2624769989713283,33
2675,3,5144,5144,0,0,0,0,1.0,1.0,1.0,1.0,1.0,1,0.20808214792353683,34
2676,2,5146,5146,0,0,0,0,1.0,1.0,1.0,1.0,1.0,1,0.17249801109711538,32
2677,1,5147,5147,0,0,0,0,1.0,1.0,1.0,1.0,1.0,1,0.1564969934633663,33
2678,0,5147,5147,0,0,0,0,1.0,1.0,1.0,1.0,1.0,1,0.1666132740452414,33
2679,1,5148,5148,0,0,0,0,1.0,1.0,1.0,1.0,1.0,1,0.15390010669669,32
2680,1,5149,5149,0,0,0,0,1.0,1.0,1.0,1.0,1.0,1,0.17524804328783047,32
2681,1,5150,5150,0,0,0,0,1.0,1.0,1.0,1.0,1.0,1,0.1388154851707322,32
2682,1,5151,5151,0,0,0,0,1.0,1.0,1.0,1.0,1.0,1,0.16219387225860518,33
2683,1,5152,5152,0,0,0,0,1.0,1.0,1.0,1.0,1.0,1,0.15097189871008437,32
2684,0,5152,5152,0,0,0,0,1.0,1.0,1.0,1.0,1.0,1,0.1634652160185045,31
2685,0,5152,5152,0,0,0,0,1.0,1.0,1.0,1.0,1.0,1,0.1634652160185045,31
2686,3,5155,5155,0,0,0,0,1.0,1.0,1.0,1.0,1.0,1,0.19300070177949116,30
2687,5,5160,5160,0,0,0,0,1.0,1.0,1.0,1.0,1.0,1,0.18467573776103632,30
2688,4,5164,5164,0,0,0,0,1.0,1.0,1.0,1.0,1.0,1,0.18833877345774921,30
2689,6,5170,5170,0,0,0,0,1.0,1.0,1.0,1.0,1.0,1,0.08758124485821203,31
2690,0,5170,5170,0,0,0,0,1.0,1.0,1.0,1.0,1.0,1,0.08758124485821203,31
2691,4,5174,5174,0,0,0,0,1.0,1.0,1.0,1.0,1.0,1,0.08394232427283489,32
2692,0,5174,5174,0,0,0,0,1.0,1.0,1.0,1.0,1.0,1,0.08394232427283489,32
2693,3,5177,5177,0,0,0,0,1.0,1.0,1.0,1.0,1.0,1,0.1333199420089527,33
2694,0,5177,5177,0,0,0,0,1.0,1.0,1.0,1.0,1.0,1,0.10537343295315933,34
2695,1,5178,5178,0,0,0,0,1.0,1.0,1.0,1.0,1.0,1,0.12746597966870574,35
2696,1,5179,5179,0,0,0,0,1.0,1.0,1.0,1.0,1.0,1,0.11759410692664199,35
2697,0,5179,5179,0,0,0,0,1.0,1.0,1.0,1.0,1.0,1,0.11759410692664199,35
2698,2,5181,5181,0,0,0,0,1.0,1.0,1.0,1.0,1.0,1,0.16853179852367606,36
2699,1,5182,5182,0,0,0,0,1.0,1.0,1.0,1.0,1.0,1,0.18819850623391352,36
2700,3,5185,5185,0,0,0,0,1.0,1.0,1.0,1.0,1.0,1,0.3223163956169746,37
2701,3,5188,5188,0,0,0,0,1.0,1.0,1.0,1.0,1.0,1,0.307884177198883,37
2702,2,5190,5190,0,0,0,0,1.0,1.0,1.0,1.0,1.0,1,0.2510477471787174,37
2703,5,5195,5195,0,0,0,0,1.0,1.0,1.0,1.0,1.0,1,0.2202931876140712,38
2704,2,5197,5197,0,0,0,0,1.0,1.0,1.0,1.0,1.0,1,0.1956354314646465,37
2705,5,5202,5202,0,0,0,0,1.0,1.0,1.0,1.0,1.0,1,0.1316120801838869,36
2706,2,5204,5204,0,0,0,0,1.0,1.0,1.0,1.0,1.0,1,0.1153946691011158,36
2707,2,5206,5206,0,0,0,0,1.0,1.0,1.0,1.0,1.0,1,0.10217065780722694,35
2708,3,5209,5209,0,0,0,0,1.0,1.0,1.0,1.0,1.0,1,0.1509745606999358,36
2709,0,5209,5209,0,0,0,0,1.0,1.0,1.0,1.0,1.0,1,0.1761145694371061,32
2710,1,5210,5210,0,0,0,0,1.0,1.0,1.0,1.0,1.0,1,0.23204702869024538,29
2711,0,5210,5210,0,0,0,0,1.0,1.0,1.0,1.0,1.0,1,0.2125819017736028,29
2712,1,5211,5211,0,0,0,0,1.0,1.0,1.0,1.0,1.0,1,0.2677037848797957,28
2713,3,5214,5214,0,0,0,0,1.0,1.0,1.0,1.0,1.0,1,0.1729773750507838,28
2714,3,5217,5217,0,0,0,0,1.0,1.0,1.0,1.0,1.0,1,0.2696806492297964,26
2715,3,5220,5220,0,0,0,0,1.0,1.0,1.0,1.0,1.0,1,0.1985646774303799,24
2716,2,5222,5222,0,0,0,0,1.0,1.0,1.0,1.0,1.0,1,0.12592250557349624,24
2717,5,5227,5227,0,0,0,0,1.0,1.0,1.0,1.0,1.0,1,0.14480497137493326,25
2718,3,5230,5230,0,0,0,0,1.0,1.0,1.0,1.0,1.0,1,0.2362954591725542,25
2719,3,5233,5233,0,0,0,0,1.0,1.0,1.0,1.0,1.0,1,0.20510326455334432,25
2720,5,5238,5238,0,0,0,0,1.0,1.0,1.0,1.0,1.0,1,0.15353801709467532,25
2721,1,5239,5239,0,0,0,0,1.0,1.0,1.0,1.0,1.0,1,0.17763739125705472,25
2722,1,5240,5240,0,0,0,0,1.0,1.0,1.0,1.0,1.0,1,0.14980347055164234,26
2723,1,5241,5241,0,0,0,0,1.0,1.0,1.0,1.0,1.0,1,0.16815097883811064,26
2724,0,5241,5241,0,0,0,0,1.0,1.0,1.0,1.0,1.0,1,0.1671466323656589,27
2725,1,5242,5242,0,0,0,0,1.0,1.0,1.0,1.0,1.0,1,0.2156695892547066,28
2726,1,5243,5243,0,0,0,0,1.0,1.0,1.0,1.0,1.0,1,0.1914182540872908,28
2727,0,5243,5243,0,0,0,0,1.0,1.0,1.0,1.0,1.0,1,0.21460963993498394,29
2728,0,5243,5243,0,0,0,0,1.0,1.0,1.0,1.0,1.0,1,0.21460963993498394,29
2729,3,5246,5246,0,0,0,0,1.0,1.0,1.0,1.0,1.0,1,0.24449444411583413,29
2730,0,5246,5246,0,0,0,0,1.0,1.0,1.0,1.0,1.0,1,0.24449444411583413,29
2731,3,5249,5249,0,0,0,0,1.0,1.0,1.0,1.0,1.0,1,0.24629098003982502,30
2732,1,5250,5250,0,0,0,0,1.0,1.0,1.0,1.0,1.0,1,0.26109041962924695,29
2733,2,5252,5252,0,0,0,0,1.0,1.0,1.0,1.0,1.0,1,0.34142438162275557,29
2734,4,5256,5256,0,0,0,0,1.0,1.0,1.0,1.0,1.0,1,0.27285672585615967,29
2735,1,5257,5257,0,0,0,0,1.0,1.0,1.0,1.0,1.0,1,0.3307743985768756,29
2736,4,5261,5261,0,0,0,0,1.0,1.0,1.0,1.0,1.0,1,0.24992465019982754,30
2737,2,5263,5263,0,0,0,0,1.0,1.0,1.0,1.0,1.0,1,0.3142496885561485,30
2738,2,5265,5265,0,0,0,0,1.0,1.0,1.0,1.0,1.0,1,0.24009133198679788,30
2739,1,5266,5266,0,0,0,0,1.0,1.0,1.0,1.0,1.0,1,0.24612002882454911,29
2740,3,5269,5269,0,0,0,0,1.0,1.0,1.0,1.0,1.0,1,0.2682877596067472,29
2741,1,5270,5270,0,0,0,0,1.0,1.0,1.0,1.0,1.0,1,0.32606573190460386,28
2742,0,5270,5270,0,0,0,0,1.0,1.0,1.0,1.0,1.0,1,0.32606573190460386,28
2743,1,5271,5271,0,0,0,0,1.0,1.0,1.0,1.0,1.0,1,0.3017606336969817,29
2744,1,5272,5272,0,0,0,0,1.0,1.0,1.0,1.0,1.0,1,0.22822294988931394,27
2745,0,5272,5272,0,0,0,0,1.0,1.0,1.0,1.0,1.0,1,0.17856177941355716,25
2746,0,5272,5272,0,0,0,0,1.0,1.0,1.0,1.0,1.0,1,0.17986248700574536,25
2747,2,5274,5274,0,0,0,0,1.0,1.0,1.0,1.0,1.0,1,0.2318119426683181,23
2748,0,5274,5274,0,0,0,0,1.0,1.0,1.0,1.0,1.0,1,0.20789707142381564,22
2749,0,5274,5274,0,0,0,0,1.0,1.0,1.0,1.0,1.0,1,0.18314366623938455,19
2750,0,5274,5274,0,0,0,0,1.0,1.0,1.0,1.0,1.0,1,0.16707153450423676,18
2751,0,5274,5274,0,0,0,0,1.0,1.0,1.0,1.0,1.0,1,0.19264495947942933,16
2752,0,5274,5274,0,0,0,0,1.0,1.0,1.0,1.0,1.0,1,0.19203731579009445,15
2753,0,5274,5274,0,0,0,0,1.0,1.0,1.0,1.0,1.0,1,0.19203731579009445,15
2754,0,5274,5274,0,0,0,0,1.0,1.0,1.0,1.0,1.0,1,0.19203731579009445,15
2755,0,5274,5274,0,0,0,0,1.0,1.0,1.0,1.0,1.0,1,0.19203731579009445,15
2756,0,5274,5274,0,0,0,0,1.0,1.0,1.0,1.0,1.0,1,0.21559139980948605,16
2757,0,5274,5274,0,0,0,0,1.0,1.0,1.0,1.0,1.0,1,0.21775907121074206,17
2758,0,5274,5274,0,0,0,0,1.0,1.0,1.0,1.0,1.0,1,0.21775907121074206,17
2759,0,5274,5274,0,0,0,0,1.0,1.0,1.0,1.0,1.0,1,0.21928303737496307,18
2760,0,5274,5274,0,0,0,0,1.0,1.0,1.0,1.0,1.0,1,0.21928303737496307,18
2761,1,5275,5275,0,0,0,0,1.0,1.0,1.0,1.0,1.0,1,0.2618045184754449,18
2762,1,5276,5276,0,0,0,0,1.0,1.0,1.0,1.0,1.0,1,0.24999867259292544,18
2763,1,5277,5277,0,0,0,0,1.0,1.0,1.0,1.0,1.0,1,0.20203296737394674,17
2764,1,5278,5278,0,0,0,0,1.0,1.0,1.0,1.0,1.0,1,0.1514919919406333,17
2765,0,5278,5278,0,0,0,0,1.0,1.0,1.0,1.0,1.0,1,0.1364482191074112,18
2766,3,5281,5281,0,0,0,0,1.0,1.0,1.0,1.0,1.0,1,0.16332063229890223,18
2767,3,5284,5284,0,0,0,0,1.0,1.0,1.0,1.0,1.0,1,0.19144351507480598,18
2768,1,5285,5285,0,0,0,0,1.0,1.0,1.0,1.0,1.0,1,0.16752960918986745,18
2769,0,5285,5285,0,0,0,0,1.0,1.0,1.0,1.0,1.0,1,0.16752960918986745,18
2770,3,5288,5288,0,0,0,0,1.0,1.0,1.0,1.0,1.0,1,0.2233275020330012,18
2771,1,5289,5289,0,0,0,0,1.0,1.0,1.0,1.0,1.0,1,0.24359303406796706,18
2772,1,5290,5290,0,0,0,0,1.0,1.0,1.0,1.0,1.0,1,0.2743198163622541,18
2773,3,5293,5293,0,0,0,0,1.0,1.0,1.0,1.0,1.0,1,0.3389913899180772,18
2774,3,5296,5296,0,0,0,0,1.0,1.0,1.0,1.0,1.0,1,0.21200710417453547,20
2775,2,5298,5298,0,0,0,0,1.0,1.0,1.0,1.0,1.0,1,0.12530125213302518,21
2776,2,5300,5300,0,0,0,0,1.0,1.0,1.0,1.0,1.0,1,0.19846915033184354,21
2777,2,5302,5302,0,0,0,0,1.0,1.0,1.0,1.0,1.0,1,0.16209747202132269,22
2778,1,5303,5303,0,0,0,0,1.0,1.0,1.0,1.0,1.0,1,0.14605370542539864,24
2779,1,5304,5304,0,0,0,0,1.0,1.0,1.0,1.0,1.0,1,0.17779812720212623,24
2780,1,5305,5305,0,0,0,0,1.0,1.0,1.0,1.0,1.0,1,0.2005888784805797,24
2781,0,5305,5305,0,0,0,0,1.0,1.0,1.0,1.0,1.0,1,0.2005888784805797,24
2782,3,5308,5308,0,0,0,0,1.0,1.0,1.0,1.0,1.0,1,0.16496531304190593,24
2783,0,5308,5308,0,0,0,0,1.0,1.0,1.0,1.0,1.0,1,0.16496531304190593,24
2784,2,5310,5310,0,0,0,0,1.0,1.0,1.0,1.0,1.0,1,0.22672640960527085,24
2785,0,5310,5310,0,0,0,0,1.0,1.0,1.0,1.0,1.0,1,0.18005292849785023,22
2786,0,5310,5310,0,0,0,0,1.0,1.0,1.0,1.0,1.0,1,0.22474611149644802,22
2787,0,5310,5310,0,0,0,0,1.0,1.0,1.0,1.0,1.0,1,0.22286801567917153,21
2788,0,5310,5310,0,0,0,0,1.0,1.0,1.0,1.0,1.0,1,0.22809824400237516,20
2789,0,5310,5310,0,0,0,0,1.0,1.0,1.0,1.0,1.0,1,0.22809824400237516,20
2790,0,5310,5310,0,0,0,0,1.0,1.0,1.0,1.0,1.0,1,0.25400556047867656,21
2791,0,5310,5310,0,0,0,0,1.0,1.0,1.0,1.0,1.0,1,0.25400556047867656,21
2792,1,5311,5311,0,0,0,0,1.0,1.0,1.0,1.0,1.0,1,0.22434912179756847,21
2793,1,5312,5312,0,0,0,0,1.0,1.0,1.0,1.0,1.0,1,0.2556932445444835,18
2794,0,5312,5312,0,0,0,0,1.0,1.0,1.0,1.0,1.0,1,0.2556932445444835,18
2795,1,5313,5313,0,0,0,0,1.0,1.0,1.0,1.0,1.0,1,0.1986053976204123,20
2796,0,5313,5313,0,0,0,0,1.0,1.0,1.0,1.0,1.0,1,0.22390006439230575,21
2797,0,5313,5313,0,0,0,0,1.0,1.0,1.0,1.0,1.0,1,0.22390006439230575,21
2798,1,5314,5314,0,0,0,0,1.0,1.0,1.0,1.0,1.0,1,0.24346662574566208,21
2799,0,5314,5314,0,0,0,0,1.0,1.0,1.0,1.0,1.0,1,0.24368387061775057,22
2800,2,5316,5316,0,0,0,0,1.0,1.0,1.0,1.0,1.0,1,0.2910919898947799,22
2801,0,5316,5316,0,0,0,0,1.0,1.0,1.0,1.0,1.0,1,0.2910919898947799,22
2802,2,5318,5318,0,0,0,0,1.0,1.0,1.0,1.0,1.0,1,0.20565314437866947,22
2803,0,5318,5318,0,0,0,0,1.0,1.0,1.0,1.0,1.0,1,0.20565314437866947,22
2804,2,5320,5320,0,0,0,0,1.0,1.0,1.0,1.0,1.0,1,0.24780930952918706,23
2805,0,5320,5320,0,0,0,0,1.0,1.0,1.0,1.0,1.0,1,0.24780930952918706,23
2806,2,5322,5322,0,0,0,0,1.0,1.0,1.0,1.0,1.0,1,0.2754675808002499,23
2807,1,5323,5323,0,0,0,0,1.0,1.0,1.0,1.0,1.0,1,0.2150884717504536,24
2808,1,5324,5324,0,0,0,0,1.0,1.0,1.0,1.0,1.0,1,0.24933415845742898,24
2809,0,5324,5324,0,0,0,0,1.0,1.0,1.0,1.0,1.0,1,0.229874621420747,25
2810,1,5325,5325,0,0,0,0,1.0,1.0,1.0,1.0,1.0,1,0.18031644733213,24
2811,1,5326,5326,0,0,0,0,1.0,1.0,1.0,1.0,1.0,1,0.23025368439606642,26
2812,3,5329,5329,0,0,0,0,1.0,1.0,1.0,1.0,1.0,1,0.1814921121201389,26
2813,0,5329,5329,0,0,0,0,1.0,1.0,1.0,1.0,1.0,1,0.18395880147844693,27
2814,0,5329,5329,0,0,0,0,1.0,1.0,1.0,1.0,1.0,1,0.16647416583058927,29
2815,1,5330,5330,0,0,0,0,1.0,1.0,1.0,1.0,1.0,1,0.13256265440273876,29
2816,2,5332,5332,0,0,0,0,1.0,1.0,1.0,1.0,1.0,1,0.11013376690058997,29
2817,1,5333,5333,0,0,0,0,1.0,1.0,1.0,1.0,1.0,1,0.1288146746310295,29
2818,1,5334,5334,0,0,0,0,1.0,1.0,1.0,1.0,1.0,1,0.16881948566985933,29
2819,2,5336,5336,0,0,0,0,1.0,1.0,1.0,1.0,1.0,1,0.10259015052822977,30
2820,2,5338,5338,0,0,0,0,1.0,1.0,1.0,1.0,1.0,1,0.14973474210974388,30
2821,3,5341,5341,0,0,0,0,1.0,1.0,1.0,1.0,1.0,1,0.07622753610451789,31
2822,2,5343,5343,0,0,0,0,1.0,1.0,1.0,1.0,1.0,1,0.07661899609824306,30
2823,2,5345,5345,0,0,0,0,1.0,1.0,1.0,1.0,1.0,1,0.0384635585515363,27
2824,2,5347,5347,0,0,0,0,1.0,1.0,1.0,1.0,1.0,1,0.10811452942508683,28
2825,3,5350,5350,0,0,0,0,1.0,1.0,1.0,1.0,1.0,1,0.11144860616377221,28
2826,2,5352,5352,0,0,0,0,1.0,1.0,1.0,1.0,1.0,1,0.15423177363932988,27
2827,2,5354,5354,0,0,0,0,1.0,1.0,1.0,1.0,1.0,1,0.13545758242187125,28
2828,0,5354,5354,0,0,0,0,1.0,1.0,1.0,1.0,1.0,1,0.1806878675318379,28
2829,3,5357,5357,0,0,0,0,1.0,1.0,1.0,1.0,1.0,1,0.1810751855364309,27
2830,1,5358,5358,0,0,0,0,1.0,1.0,1.0,1.0,1.0,1,0.200583047841188,27
2831,0,5358,5358,0,0,0,0,1.0,1.0,1.0,1.0,1.0,1,0.200583047841188,27
2832,1,5359,5359,0,0,0,0,1.0,1.0,1.0,1.0,1.0,1,0.2596885205866394,27
2833,0,5359,5359,0,0,0,0,1.0,1.0,1.0,1.0,1.0,1,0.23936825375446336,26
2834,3,5362,5362,0,0,0,0,1.0,1.0,1.0,1.0,1.0,1,0.2109620728566926,26
2835,0,5362,5362,0,0,0,0,1.0,1.0,1.0,1.0,1.0,1,0.19158595919261906,25
2836,1,5363,5363,0,0,0,0,1.0,1.0,1.0,1.0,1.0,1,0.19964156557072327,27
2837,2,5365,5365,0,0,0,0,1.0,1.0,1.0,1.0,1.0,1,0.2684257419091636,27
2838,3,5368,5368,0,0,0,0,1.0,1.0,1.0,1.0,1.0,1,0.1805420691685378,27
2839,4,5372,5372,0,0,0,0,1.0,1.0,1.0,1.0,1.0,1,0.15708534495718654,29
2840,3,5375,5375,0,0,0,0,1.0,1.0,1.0,1.0,1.0,1,0.1047586531462452,29
2841,1,5376,5376,0,0,0,0,1.0,1.0,1.0,1.0,1.0,1,0.08729270195190617,31
2842,5,5381,5381,0,0,0,0,1.0,1.0,1.0,1.0,1.0,1,0.1626518262272392,31
2843,0,5381,5381,0,0,0,0,1.0,1.0,1.0,1.0,1.0,1,0.23166024859041465,32
2844,5,5386,5386,0,0,0,0,1.0,1.0,1.0,1.0,1.0,1,0.27293243704498543,33
2845,2,5388,5388,0,0,0,0,1.0,1.0,1.0,1.0,1.0,1,0.3150732615173984,32
2846,2,5390,5390,0,0,0,0,1.0,1.0,1.0,1.0,1.0,1,0.2761275636975708,33
2847,4,5394,5394,0,0,0,0,1.0,1.0,1.0,1.0,1.0,1,0.32740305502395484,32
2848,1,5395,5395,0,0,0,0,1.0,1.0,1.0,1.0,1.0,1,0.2699386939988281,33
2849,3,5398,5398,0,0,0,0,1.0,1.0,1.0,1.0,1.0,1,0.2561500181621465,34
2850,1,5399,5399,0,0,0,0,1.0,1.0,1.0,1.0,1.0,1,0.21260101361400718,34
2851,1,5400,5400,0,0,0,0,1.0,1.0,1.0,1.0,1.0,1,0.17848959130968947,34
2852,1,5401,5401,0,0,0,0,1.0,1.0,1.0,1.0,1.0,1,0.10743410579101366,35
2853,3,5404,5404,0,0,0,0,1.0,1.0,1.0,1.0,1.0,1,0.1427441806574215,36
2854,2,5406,5406,0,0,0,0,1.0,1.0,1.0,1.0,1.0,1,0.170426820898699,37
2855,3,5409,5409,0,0,0,0,1.0,1.0,1.0,1.0,1.0,1,0.1936525826051948,38
2856,3,5412,5412,0,0,0,0,1.0,1.0,1.0,1.0,1.0,1,0.20568821229040285,38
2857,3,5415,5415,0,0,0,0,1.0,1.0,1.0,1.0,1.0,1,0.26250127409883295,39
2858,1,5416,5416,0,0,0,0,1.0,1.0,1.0,1.0,1.0,1,0.22661505309494975,40
2859,3,5419,5419,0,0,0,0,1.0,1.0,1.0,1.0,1.0,1,0.25069615983500504,40
2860,1,5420,5420,0,0,0,0,1.0,1.0,1.0,1.0,1.0,1,0.23355905979914632,40
2861,1,5421,5421,0,0,0,0,1.0,1.0,1.0,1.0,1.0,1,0.18196956945340098,38
2862,1,5422,5422,0,0,0,0,1.0,1.0,1.0,1.0,1.0,1,0.22033720391454326,38
2863,4,5426,5426,0,0,0,0,1.0,1.0,1.0,1.0,1.0,1,0.2673350131682745,38
2864,2,5428,5428,0,0,0,0,1.0,1.0,1.0,1.0,1.0,1,0.2537121740967446,36
2865,2,5430,5430,0,0,0,0,1.0,1.0,1.0,1.0,1.0,1,0.29757165584681555,34
2866,2,5432,5432,0,0,0,0,1.0,1.0,1.0,1.0,1.0,1,0.2962228119555786,31
2867,0,5432,5432,0,0,0,0,1.0,1.0,1.0,1.0,1.0,1,0.2974164395566869,30
2868,1,5433,5433,0,0,0,0,1.0,1.0,1.0,1.0,1.0,1,0.31578684621781583,27
2869,0,5433,5433,0,0,0,0,1.0,1.0,1.0,1.0,1.0,1,0.3328481397477547,27
2870,2,5435,5435,0,0,0,0,1.0,1.0,1.0,1.0,1.0,1,0.34027051442042255,25
2871,0,5435,5435,0,0,0,0,1.0,1.0,1.0,1.0,1.0,1,0.3407951492257888,25
2872,2,5437,5437,0,0,0,0,1.0,1.0,1.0,1.0,1.0,1,0.2251735611354219,23
2873,3,5440,5440,0,0,0,0,1.0,1.0,1.0,1.0,1.0,1,0.09941211123770764,24
2874,3,5443,5443,0,0,0,0,1.0,1.0,1.0,1.0,1.0,1,0.10204116971435644,24
2875,3,5446,5446,0,0,0,0,1.0,1.0,1.0,1.0,1.0,1,0.14742728718257717,23
2876,4,5450,5450,0,0,0,0,1.0,1.0,1.0,1.0,1.0,1,0.23540899266432927,24
2877,2,5452,5452,0,0,0,0,1.0,1.0,1.0,1.0,1.0,1,0.3175992377618511,24
2878,3,5455,5455,0,0,0,0,1.0,1.0,1.0,1.0,1.0,1,0.36941929417581415,24
2879,0,5455,5455,0,0,0,0,1.0,1.0,1.0,1.0,1.0,1,0.3483983989985343,25
2880,3,5458,5458,0,0,0,0,1.0,1.0,1.0,1.0,1.0,1,0.28587243247047334,26
2881,1,5459,5459,0,0,0,0,1.0,1.0,1.0,1.0,1.0,1,0.3179348659166977,26
2882,1,5460,5460,0,0,0,0,1.0,1.0,1.0,1.0,1.0,1,0.2932422997664321,27
2883,1,5461,5461,0,0,0,0,1.0,1.0,1.0,1.0,1.0,1,0.2683064895206349,28
2884,2,5463,5463,0,0,0,0,1.0,1.0,1.0,1.0,1.0,1,0.3117222660481654,29
2885,3,5466,5466,0,0,0,0,1.0,1.0,1.0,1.0,1.0,1,0.3266960768985394,31
2886,1,5467,5467,0,0,0,0,1.0,1.0,1.0,1.0,1.0,1,0.33863863513295217,31
2887,2,5469,5469,0,0,0,0,1.0,1.0,1.0,1.0,1.0,1,0.3144614739140313,33
2888,2,5471,5471,0,0,0,0,1.0,1.0,1.0,1.0,1.0,1,0.28968603985365204,34
2889,2,5473,5473,0,0,0,0,1.0,1.0,1.0,1.0,1.0,1,0.2579753488302298,35
2890,1,5474,5474,0,0,0,0,1.0,1.0,1.0,1.0,1.0,1,0.27134688756089165,35
2891,2,5476,5476,0,0,0,0,1.0,1.0,1.0,1.0,1.0,1,0.2715688731712661,35
2892,1,5477,5477,0,0,0,0,1.0,1.0,1.0,1.0,1.0,1,0.2694884235010471,35
2893,2,5479,5479,0,0,0,0,1.0,1.0,1.0,1.0,1.0,1,0.28618218747527735,37
2894,1,5480,5480,0,0,0,0,1.0,1.0,1.0,1.0,1.0,1,0.31517162926703585,37
2895,1,5481,5481,0,0,0,0,1.0,1.0,1.0,1.0,1.0,1,0.3251538829720199,37
2896,1,5482,5482,0,0,0,0,1.0,1.0,1.0,1.0,1.0,1,0.32303506640341767,38
2897,0,5482,5482,0,0,0,0,1.0,1.0,1.0,1.0,1.0,1,0.3583210100389406,37
2898,0,5482,5482,0,0,0,0,1.0,1.0,1.0,1.0,1.0,1,0.36880714106690926,38
2899,1,5483,5483,0,0,0,0,1.0,1.0,1.0,1.0,1.0,1,0.3399825355743531,37
2900,0,5483,5483,0,0,0,0,1.0,1.0,1.0,1.0,1.0,1,0.3247901282916427,36
2901,0,5483,5483,0,0,0,0,1.0,1.0,1.0,1.0,1.0,1,0.28209947675450786,37
2902,1,5484,5484,0,0,0,0,1.0,1.0,1.0,1.0,1.0,1,0.3034165272036284,35
2903,0,5484,5484,0,0,0,0,1.0,1.0,1.0,1.0,1.0,1,0.31378218383399914,35
2904,2,5486,5486,0,0,0,0,1.0,1.0,1.0,1.0,1.0,1,0.35217335796109306,33
2905,0,5486,5486,0,0,0,0,1.0,1.0,1.0,1.0,1.0,1,0.3628856279524789,34
2906,4,5490,5490,0,0,0,0,1.0,1.0,1.0,1.0,1.0,1,0.39296794347459624,34
2907,0,5490,5490,0,0,0,0,1.0,1.0,1.0,1.0,1.0,1,0.3785538517876866,35
2908,0,5490,5490,0,0,0,0,1.0,1.0,1.0,1.0,1.0,1,0.3745440533256954,36
2909,1,5491,5491,0,0,0,0,1.0,1.0,1.0,1.0,1.0,1,0.36838736880945977,38
2910,1,5492,5492,0,0,0,0,1.0,1.0,1.0,1.0,1.0,1,0.35819750073723344,38
2911,0,5492,5492,0,0,0,0,1.0,1.0,1.0,1.0,1.0,1,0.36112415105549966,37
2912,0,5492,5492,0,0,0,0,1.0,1.0,1.0,1.0,1.0,1,0.36112415105549966,37
2913,2,5494,5494,0,0,0,0,1.0,1.0,1.0,1.0,1.0,1,0.311448043769193,38
2914,0,5494,5494,0,0,0,0,1.0,1.0,1.0,1.0,1.0,1,0.311448043769193,38
2915,3,5497,5497,0,0,0,0,1.0,1.0,1.0,1.0,1.0,1,0.27913143133686075,39
2916,2,5499,5499,0,0,0,0,1.0,1.0,1.0,1.0,1.0,1,0.284408809774927,40
2917,2,5501,5501,0,0,0,0,1.0,1.0,1.0,1.0,1.0,1,0.2807722789497256,41
2918,0,5501,5501,0,0,0,0,1.0,1.0,1.0,1.0,1.0,1,0.28318428495226444,41
2919,0,5501,5501,0,0,0,0,1.0,1.0,1.0,1.0,1.0,1,0.28318428495226444,41
2920,0,5501,5501,0,0,0,0,1.0,1.0,1.0,1.0,1.0,1,0.267057775223855,43
2921,1,5502,5502,0,0,0,0,1.0,1.0,1.0,1.0,1.0,1,0.2751599390851957,42
2922,0,5502,5502,0,0,0,0,1.0,1.0,1.0,1.0,1.0,1,0.2501461370160224,43
2923,2,5504,5504,0,0,0,0,1.0,1.0,1.0,1.0,1.0,1,0.23571579610495458,44
2924,1,5505,5505,0,0,0,0,1.0,1.0,1.0,1.0,1.0,1,0.19439816232595133,45
2925,3,5508,5508,0,0,0,0,1.0,1.0,1.0,1.0,1.0,1,0.15605401624618756,45
2926,1,5509,5509,0,0,0,0,1.0,1.0,1.0,1.0,1.0,1,0.13085538255721854,47
2927,3,5512,5512,0,0,0,0,1.0,1.0,1.0,1.0,1.0,1,0.1763007076963323,47
2928,0,5512,5512,0,0,0,0,1.0,1.0,1.0,1.0,1.0,1,0.17743563512832916,48
2929,2,5514,5514,0,0,0,0,1.0,1.0,1.0,1.0,1.0,1,0.2251864449933032,48
2930,2,5516,5516,0,0,0,0,1.0,1.0,1.0,1.0,1.0,1,0.2719961362423678,50
2931,0,5516,5516,0,0,0,0,1.0,1.0,1.0,1.0,1.0,1,0.2790038959101269,51
2932,1,5517,5517,0,0,0,0,0.9918197362903872,0.980133645276655,0.9918197362903872,0.980133645276655,1.0,1,0.30119750406215035,51
2933,2,5519,5519,0,0,0,0,0.9919770490540339,0.980133645276655,0.9919770490540339,0.980133645276655,1.0,1,0.3272041662514996,52
2934,2,5521,5521,0,0,0,0,0.9605908070900091,0.9109009551600206,0.9605908070900091,0.9109009551600206,1.0,1,0.34633519270391955,52
2935,1,5522,5522,0,0,0,0,0.9598180778172642,0.9109009551600206,0.9598180778172642,0.9109009551600206,1.0,1,0.35787382142052765,51
2936,1,5523,5523,0,0,0,0,0.958177999360826,0.9109009551600206,0.958177999360826,0.9109009551600206,1.0,1,0.35725989680680686,49
2937,2,5525,5525,0,0,0,0,0.9590144393736095,0.9109009551600206,0.9590144393736095,0.9109009551600206,1.0,1,0.3409916877018442,50
2938,1,5526,5526,0,0,0,0,0.9785374404925407,0.951221455664865,0.9785374404925407,0.951221455664865,1.0,1,0.3192469190489408,50
2939,0,5526,5526,0,0,0,0,0.9789582749926868,0.951221455664865,0.9789582749926868,0.951221455664865,1.0,1,0.3062610516545351,51
2940,2,5528,5528,0,0,0,0,0.9576473220811159,0.9042461194877404,0.9576473220811159,0.9042461194877404,1.0,1,0.2872322413688229,52
2941,2,5530,5530,0,0,0,0,0.9710820582136378,0.9303340493328544,0.9710820582136378,0.9303340493328544,1.0,1,0.26357875514669854,53
2942,3,5533,5533,0,0,0,0,0.9466864219035304,0.8794649538688512,0.9466864219035304,0.8794649538688512,1.0,1,0.2857962817025638,52
2943,1,5534,5534,0,0,0,0,0.945443870294387,0.8790277123919016,0.945443870294387,0.8790277123919016,1.0,1,0.2862813444432098,51
2944,2,5536,5536,0,0,0,0,0.9266755035350855,0.841130257659352,0.9266755035350855,0.841130257659352,1.0,1,0.27727718852761724,52
2945,3,5539,5539,0,0,0,0,0.9879089932320049,0.9712118886476309,0.9879089932320049,0.9712118886476309,1.0,1,0.2815660562452653,50
2946,0,5539,5539,0,0,0,0,0.9687313127480488,0.927513497734113,0.9687313127480488,0.927513497734113,1.0,1,0.2815660562452653,51
2947,1,5540,5540,0,0,0,0,1.0,1.0,1.0,1.0,1.0,1,0.24207157149675484,50
2948,0,5540,5540,0,0,0,0,1.0,1.0,1.0,1.0,1.0,1,0.21818812372941068,50
2949,1,5541,5541,0,0,0,0,1.0,1.0,1.0,1.0,1.0,1,0.21810564786930098,49
2950,1,5542,5542,0,0,0,0,1.0,1.0,1.0,1.0,1.0,1,0.24482919576987547,48
2951,0,5542,5542,0,0,0,0,1.0,1.0,1.0,1.0,1.0,1,0.2295502606039067,48
2952,1,5543,5543,0,0,0,0,1.0,1.0,1.0,1.0,1.0,1,0.25778728667649925,46
2953,1,5544,5544,0,0,0,0,1.0,1.0,1.0,1.0,1.0,1,0.24304836054530904,46
2954,1,5545,5545,0,0,0,0,1.0,1.0,1.0,1.0,1.0,1,0.25335387310742524,48
2955,7,5552,5552,0,0,0,0,1.0,1.0,1.0,1.0,1.0,1,0.23605618693941147,48
2956,3,5555,5555,0,0,0,0,1.0,1.0,1.0,1.0,1.0,1,0.25401001270576345,47
2957,4,5559,5559,0,0,0,0,1.0,1.0,1.0,1.0,1.0,1,0.2289262905647083,48
2958,5,5564,5564,0,0,0,0,1.0,1.0,1.0,1.0,1.0,1,0.1826966223556445,49
2959,4,5568,5568,0,0,0,0,1.0,1.0,1.0,1.0,1.0,1,0.1293011409957723,49
2960,3,5571,5571,0,0,0,0,1.0,1.0,1.0,1.0,1.0,1,0.10933063241922311,49
2961,7,5578,5578,0,0,0,0,1.0,1.0,1.0,1.0,1.0,1,0.16594871627075178,51
2962,1,5579,5579,0,0,0,0,1.0,1.0,1.0,1.0,1.0,1,0.14296017962727672,51
2963,2,5581,5581,0,0,0,0,1.0,1.0,1.0,1.0,1.0,1,0.1472447595781295,51
2964,0,5581,5581,0,0,0,0,1.0,1.0,1.0,1.0,1.0,1,0.14860852615615347,52
2965,1,5582,5582,0,0,0,0,1.0,1.0,1.0,1.0,1.0,1,0.19265783551499574,53
2966,3,5585,5585,0,0,0,0,1.0,1.0,1.0,1.0,1.0,1,0.18446800549624462,53
2967,1,5586,5586,0,0,0,0,1.0,1.0,1.0,1.0,1.0,1,0.21173025480915678,53
2968,1,5587,5587,0,0,0,0,1.0,1.0,1.0,1.0,1.0,1,0.2406945236181885,54
2969,0,5587,5587,0,0,0,0,1.0,1.0,1.0,1.0,1.0,1,0.22413375473010583,55
2970,0,5587,5587,0,0,0,0,1.0,1.0,1.0,1.0,1.0,1,0.22413375473010583,55
2971,2,5589,5589,0,0,0,0,1.0,1.0,1.0,1.0,1.0,1,0.2101892171573352,55
2972,0,5589,5589,0,0,0,0,1.0,1.0,1.0,1.0,1.0,1,0.2101892171573352,55
2973,1,5590,5590,0,0,0,0,1.0,1.0,1.0,1.0,1.0,1,0.2508209025148672,55
2974,3,5593,5593,0,0,0,0,1.0,1.0,1.0,1.0,1.0,1,0.20661713002182322,56
2975,0,5593,5593,0,0,0,0,1.0,1.0,1.0,1.0,1.0,1,0.2124497449498444,55
2976,4,5597,5597,0,0,0,0,1.0,1.0,1.0,1.0,1.0,1,0.17187186312138916,57
2977,1,5598,5598,0,0,0,0,1.0,1.0,1.0,1.0,1.0,1,0.15846635648693788,59
2978,3,5601,5601,0,0,0,0,1.0,1.0,1.0,1.0,1.0,1,0.1311041021137741,59
2979,2,5603,5603,0,0,0,0,1.0,1.0,1.0,1.0,1.0,1,0.12387608697904222,59
2980,4,5607,5607,0,0,0,0,1.0,1.0,1.0,1.0,1.0,1,0.14080603759134833,59
2981,4,5611,5611,0,0,0,0,1.0,1.0,1.0,1.0,1.0,1,0.14430267637347932,59
2982,5,5616,5616,0,0,0,0,1.0,1.0,1.0,1.0,1.0,1,0.14533756437114087,61
2983,7,5623,5623,0,0,0,0,1.0,1.0,1.0,1.0,1.0,1,0.1636096592843729,61
2984,6,5629,5629,0,0,0,0,1.0,1.0,1.0,1.0,1.0,1,0.10675696282713595,61
2985,8,5637,5637,0,0,0,0,1.0,1.0,1.0,1.0,1.0,1,0.07726815654950571,57
2986,4,5641,5641,0,0,0,0,1.0,1.0,1.0,1.0,1.0,1,0.00948516119521573,58
2987,4,5645,5645,0,0,0,0,1.0,1.0,1.0,1.0,1.0,1,0.02511278458103691,56
2988,4,5649,5649,0,0,0,0,1.0,1.0,1.0,1.0,1.0,1,0.051953691814219854,55
2989,2,5651,5651,0,0,0,0,1.0,1.0,1.0,1.0,1.0,1,0.061650738265217934,53
2990,3,5654,5654,0,0,0,0,1.0,1.0,1.0,1.0,1.0,1,0.08058359883122573,52
2991,3,5657,5657,0,0,0,0,1.0,1.0,1.0,1.0,1.0,1,0.09706452707031799,54
2992,1,5658,5658,0,0,0,0,1.0,1.0,1.0,1.0,1.0,1,0.1407502532553528,55
2993,1,5659,5659,0,0,0,0,1.0,1.0,1.0,1.0,1.0,1,0.17195922887092638,53
2994,0,5659,5659,0,0,0,0,1.0,1.0,1.0,1.0,1.0,1,0.17788757661447796,53
2995,1,5660,5660,0,0,0,0,0.9896074476708563,0.9747609443435081,0.9896074476708563,0.9747609443435081,1.0,1,0.22657619297415305,51
2996,1,5661,5661,0,0,0,0,0.9650648048353401,0.9174259023380764,0.9650648048353401,0.9174259023380764,1.0,1,0.21024120614738592,52
2997,2,5663,5663,0,0,0,0,0.9923431048561671,0.9808577621404174,0.9923431048561671,0.9808577621404174,1.0,1,0.22758412216077611,50
2998,1,5664,5664,0,0,0,0,0.9924932400550657,0.9808577621404174,0.9924932400550657,0.9808577621404174,1.0,1,0.2029174223582465,51
2999,2,5666,5666,0,0,0,0,1.0,1.0,1.0,1.0,1.0,1,0.2204958478542952,48
3000,0,5666,5666,0,0,0,0,1.0,1.0,1.0,1.0,1.0,1,0.2204958478542952,48
3001,1,5667,5667,0,0,0,0,1.0,1.0,1.0,1.0,1.0,1,0.20697067005435524,49
3002,0,5667,5667,0,0,0,0,1.0,1.0,1.0,1.0,1.0,1,0.21906009822226175,50
3003,2,5669,5669,0,0,0,0,1.0,1.0,1.0,1.0,1.0,1,0.1973547030998535,50
3004,0,5669,5669,0,0,0,0,1.0,1.0,1.0,1.0,1.0,1,0.19145506217502203,51
3005,2,5671,5671,0,0,0,0,1.0,1.0,1.0,1.0,1.0,1,0.2273373246307133,50
3006,0,5671,5671,0,0,0,0,0.9969678939971294,0.99226812969268,0.9969678939971294,0.99226812969268,1.0,1,0.23793529678969086,51
3007,1,5672,5672,0,0,0,0,0.9969678939971293,0.99226812969268,0.9969678939971293,0.99226812969268,1.0,1,0.2366251353149134,51
3008,6,5678,5678,0,0,0,0,1.0,1.0,1.0,1.0,1.0,1,0.19688484334221376,53
3009,2,5680,5680,0,0,0,0,1.0,1.0,1.0,1.0,1.0,1,0.21965344626982888,52
3010,7,5687,5687,0,0,0,0,1.0,1.0,1.0,1.0,1.0,1,0.20038833085316549,52
3011,4,5691,5691,0,0,0,0,1.0,1.0,1.0,1.0,1.0,1,0.18010110500095036,51
3012,6,5697,5697,0,0,0,0,0.9948135823196174,0.9872697020572426,0.9948135823196174,0.9872697020572426,1.0,1,0.20228172093108532,54
3013,6,5703,5703,0,0,0,0,1.0,1.0,1.0,1.0,1.0,1,0.17331378749219886,52
3014,7,5710,5710,0,0,0,0,1.0,1.0,1.0,1.0,1.0,1,0.19088350784604574,51
3015,4,5714,5714,0,0,0,0,1.0,1.0,1.0,1.0,1.0,1,0.16569207584565826,50
3016,4,5718,5718,0,0,0,0,1.0,1.0,1.0,1.0,1.0,1,0.1654715859141237,50
3017,3,5721,5721,0,0,0,0,1.0,1.0,1.0,1.0,1.0,1,0.10354932855302133,48
3018,2,5723,5723,0,0,0,0,1.0,1.0,1.0,1.0,1.0,1,0.13782718700361352,48
3019,3,5726,5726,0,0,0,0,1.0,1.0,1.0,1.0,1.0,1,0.11154656561605356,47
3020,2,5728,5728,0,0,0,0,1.0,1.0,1.0,1.0,1.0,1,0.13705295115831698,47
3021,2,5730,5730,0,0,0,0,1.0,1.0,1.0,1.0,1.0,1,0.15398437375130408,46
3022,2,5732,5732,0,0,0,0,1.0,1.0,1.0,1.0,1.0,1,0.18405153376196795,45
3023,2,5734,5734,0,0,0,0,1.0,1.0,1.0,1.0,1.0,1,0.14724616543017885,41
3024,1,5735,5735,0,0,0,0,1.0,1.0,1.0,1.0,1.0,1,0.10312697619163028,43
3025,2,5737,5737,0,0,0,0,1.0,1.0,1.0,1.0,1.0,1,0.09458191272766511,39
3026,0,5737,5737,0,0,0,0,1.0,1.0,1.0,1.0,1.0,1,0.1007856790724408,38
3027,2,5739,5739,0,0,0,0,1.0,1.0,1.0,1.0,1.0,1,0.10750440503586371,38
3028,1,5740,5740,0,0,0,0,1.0,1.0,1.0,1.0,1.0,1,0.1522669699218458,38
3029,0,5740,5740,0,0,0,0,1.0,1.0,1.0,1.0,1.0,1,0.16905875906087153,37
3030,2,5742,5742,0,0,0,0,1.0,1.0,1.0,1.0,1.0,1,0.15718862334448502,38
3031,2,5744,5744,0,0,0,0,1.0,1.0,1.0,1.0,1.0,1,0.2043118901905514,39
3032,2,5746,5746,0,0,0,0,1.0,1.0,1.0,1.0,1.0,1,0.2343045219225554,39
3033,1,5747,5747,0,0,0,0,1.0,1.0,1.0,1.0,1.0,1,0.2346770036884799,39
3034,0,5747,5747,0,0,0,0,1.0,1.0,1.0,1.0,1.0,1,0.24596269222719075,38
3035,3,5750,5750,0,0,0,0,1.0,1.0,1.0,1.0,1.0,1,0.2704793700003895,39
3036,1,5751,5751,0,0,0,0,1.0,1.0,1.0,1.0,1.0,1,0.2728357789400459,39
3037,3,5754,5754,0,0,0,0,1.0,1.0,1.0,1.0,1.0,1,0.3272558740641439,39
3038,5,5759,5759,0,0,0,0,1.0,1.0,1.0,1.0,1.0,1,0.2536110855673803,40
3039,2,5761,5761,0,0,0,0,1.0,1.0,1.0,1.0,1.0,1,0.31491883603353127,41
3040,1,5762,5762,0,0,0,0,1.0,1.0,1.0,1.0,1.0,1,0.26540308046907624,42
3041,3,5765,5765,0,0,0,0,1.0,1.0,1.0,1.0,1.0,1,0.28467403046474227,43
3042,6,5771,5771,0,0,0,0,1.0,1.0,1.0,1.0,1.0,1,0.26515424390656206,45
3043,3,5774,5774,0,0,0,0,1.0,1.0,1.0,1.0,1.0,1,0.23557912090862634,45
3044,5,5779,5779,0,0,0,0,1.0,1.0,1.0,1.0,1.0,1,0.2533255067176798,45
3045,5,5784,5784,0,0,0,0,1.0,1.0,1.0,1.0,1.0,1,0.21380589816549292,45
3046,5,5789,5789,0,0,0,0,1.0,1.0,1.0,1.0,1.0,1,0.24778975383011523,46
3047,1,5790,5790,0,0,0,0,1.0,1.0,1.0,1.0,1.0,1,0.2249836829294706,46
3048,2,5792,5792,0,0,0,0,1.0,1.0,1.0,1.0,1.0,1,0.22042105290419584,49
3049,3,5795,5795,0,0,0,0,1.0,1.0,1.0,1.0,1.0,1,0.21827936279407312,50
3050,3,5798,5798,0,0,0,0,1.0,1.0,1.0,1.0,1.0,1,0.16577793711792543,50
3051,1,5799,5799,0,0,0,0,1.0,1.0,1.0,1.0,1.0,1,0.17285934547355544,50
3052,0,5799,5799,0,0,0,0,1.0,1.0,1.0,1.0,1.0,1,0.17285934547355544,50
3053,1,5800,5800,0,0,0,0,1.0,1.0,1.0,1.0,1.0,1,0.20213856533467622,49
3054,0,5800,5800,0,0,0,0,1.0,1.0,1.0,1.0,1.0,1,0.21635731116308665,47
3055,3,5803,5803,0,0,0,0,1.0,1.0,1.0,1.0,1.0,1,0.216850501919049,48
3056,0,5803,5803,0,0,0,0,1.0,1.0,1.0,1.0,1.0,1,0.22912914114225305,47
3057,3,5806,5806,0,0,0,0,1.0,1.0,1.0,1.0,1.0,1,0.24627667738559297,48
3058,1,5807,5807,0,0,0,0,1.0,1.0,1.0,1.0,1.0,1,0.27196171708090405,46
3059,2,5809,5809,0,0,0,0,1.0,1.0,1.0,1.0,1.0,1,0.2898998280703464,44
3060,0,5809,5809,0,0,0,0,1.0,1.0,1.0,1.0,1.0,1,0.28755054567766775,44
3061,5,5814,5814,0,0,0,0,1.0,1.0,1.0,1.0,1.0,1,0.27961166087810363,42
3062,1,5815,5815,0,0,0,0,1.0,1.0,1.0,1.0,1.0,1,0.23248757478450727,42
3063,6,5821,5821,0,0,0,0,1.0,1.0,1.0,1.0,1.0,1,0.15633833393616625,41
3064,2,5823,5823,0,0,0,0,1.0,1.0,1.0,1.0,1.0,1,0.11297218224590112,42
3065,1,5824,5824,0,0,0,0,1.0,1.0,1.0,1.0,1.0,1,0.058102131022691406,40
3066,0,5824,5824,0,0,0,0,1.0,1.0,1.0,1.0,1.0,1,0.0571938471623669,42
3067,2,5826,5826,0,0,0,0,1.0,1.0,1.0,1.0,1.0,1,0.026745814146451066,40
3068,1,5827,5827,0,0,0,0,1.0,1.0,1.0,1.0,1.0,1,0.0620519997235859,39
3069,2,5829,5829,0,0,0,0,1.0,1.0,1.0,1.0,1.0,1,0.17559975582642376,38
3070,1,5830,5830,0,0,0,0,1.0,1.0,1.0,1.0,1.0,1,0.1833072098620637,39
3071,1,5831,5831,0,0,0,0,1.0,1.0,1.0,1.0,1.0,1,0.20338368141686014,39
3072,1,5832,5832,0,0,0,0,1.0,1.0,1.0,1.0,1.0,1,0.21101789913840163,40
3073,2,5834,5834,0,0,0,0,1.0,1.0,1.0,1.0,1.0,1,0.22928372344944586,38
3074,1,5835,5835,0,0,0,0,1.0,1.0,1.0,1.0,1.0,1,0.2402758562705962,38
3075,2,5837,5837,0,0,0,0,1.0,1.0,1.0,1.0,1.0,1,0.2114172040013924,41
3076,3,5840,5840,0,0,0,0,1.0,1.0,1.0,1.0,1.0,1,0.17707966718502227,42
3077,4,5844,5844,0,0,0,0,1.0,1.0,1.0,1.0,1.0,1,0.16969602653521135,42
3078,2,5846,5846,0,0,0,0,1.0,1.0,1.0,1.0,1.0,1,0.16065619716133606,42
3079,3,5849,5849,0,0,0,0,1.0,1.0,1.0,1.0,1.0,1,0.16106183824911294,42
3080,2,5851,5851,0,0,0,0,1.0,1.0,1.0,1.0,1.0,1,0.19153282283850764,43
3081,2,5853,5853,0,0,0,0,1.0,1.0,1.0,1.0,1.0,1,0.2184003300362836,44
3082,1,5854,5854,0,0,0,0,1.0,1.0,1.0,1.0,1.0,1,0.2139004970060826,45
3083,0,5854,5854,0,0,0,0,1.0,1.0,1.0,1.0,1.0,1,0.2139004970060826,45
3084,2,5856,5856,0,0,0,0,1.0,1.0,1.0,1.0,1.0,1,0.20931368896937272,45
3085,2,5858,5858,0,0,0,0,1.0,1.0,1.0,1.0,1.0,1,0.21349574678608307,46
3086,0,5858,5858,0,0,0,0,1.0,1.0,1.0,1.0,1.0,1,0.21349574678608307,46
3087,2,5860,5860,0,0,0,0,1.0,1.0,1.0,1.0,1.0,1,0.21546248522108655,47
3088,1,5861,5861,0,0,0,0,1.0,1.0,1.0,1.0,1.0,1,0.24349505274302743,48
3089,0,5861,5861,0,0,0,0,1.0,1.0,1.0,1.0,1.0,1,0.2624673181448562,46
3090,2,5863,5863,0,0,0,0,1.0,1.0,1.0,1.0,1.0,1,0.25195907739270146,46
3091,3,5866,5866,0,0,0,0,1.0,1.0,1.0,1.0,1.0,1,0.23703738583982104,46
3092,4,5870,5870,0,0,0,0,1.0,1.0,1.0,1.0,1.0,1,0.18306792237753772,47
3093,3,5873,5873,0,0,0,0,1.0,1.0,1.0,1.0,1.0,1,0.20121231909584159,47
3094,1,5874,5874,0,0,0,0,1.0,1.0,1.0,1.0,1.0,1,0.2284318334848468,45
3095,3,5877,5877,0,0,0,0,1.0,1.0,1.0,1.0,1.0,1,0.2160412726298371,46
3096,2,5879,5879,0,0,0,0,1.0,1.0,1.0,1.0,1.0,1,0.20764251993270225,46
3097,3,5882,5882,0,0,0,0,1.0,1.0,1.0,1.0,1.0,1,0.1827433261038606,47
3098,0,5882,5882,0,0,0,0,1.0,1.0,1.0,1.0,1.0,1,0.1827433261038606,47
3099,0,5882,5882,0,0,0,0,1.0,1.0,1.0,1.0,1.0,1,0.1827433261038606,47
3100,0,5882,5882,0,0,0,0,1.0,1.0,1.0,1.0,1.0,1,0.1827433261038606,47
3101,3,5885,5885,0,0,0,0,1.0,1.0,1.0,1.0,1.0,1,0.16913851482813078,48
3102,0,5885,5885,0,0,0,0,1.0,1.0,1.0,1.0,1.0,1,0.16913851482813078,48
3103,1,5886,5886,0,0,0,0,1.0,1.0,1.0,1.0,1.0,1,0.16432394747373583,49
3104,3,5889,5889,0,0,0,0,1.0,1.0,1.0,1.0,1.0,1,0.1580372281794524,48
3105,1,5890,5890,0,0,0,0,1.0,1.0,1.0,1.0,1.0,1,0.1798523123764496,45
3106,2,5892,5892,0,0,0,0,1.0,1.0,1.0,1.0,1.0,1,0.18810884260412308,46
3107,2,5894,5894,0,0,0,0,1.0,1.0,1.0,1.0,1.0,1,0.17238349687016083,44
3108,2,5896,5896,0,0,0,0,1.0,1.0,1.0,1.0,1.0,1,0.16573925520947103,45
3109,2,5898,5898,0,0,0,0,1.0,1.0,1.0,1.0,1.0,1,0.22441603782184016,44
3110,5,5903,5903,0,0,0,0,1.0,1.0,1.0,1.0,1.0,1,0.19836519233508618,46
3111,4,5907,5907,0,0,0,0,1.0,1.0,1.0,1.0,1.0,1,0.17881560197145432,46
3112,3,5910,5910,0,0,0,0,1.0,1.0,1.0,1.0,1.0,1,0.2216996691636417,47
3113,3,5913,5913,0,0,0,0,1.0,1.0,1.0,1.0,1.0,1,0.22287699538918276,48
3114,2,5915,5915,0,0,0,0,1.0,1.0,1.0,1.0,1.0,1,0.22707152663934346,48
3115,3,5918,5918,0,0,0,0,0.9769496540187811,0.9486605930418306,0.9769496540187811,0.9486605930418306,1.0,1,0.2546308970529782,49
3116,1,5919,5919,0,0,0,0,0.9620992699045932,0.9209028241487163,0.9620992699045932,0.9209028241487163,1.0,1,0.2814432806122809,48
3117,5,5924,5924,0,0,0,0,1.0,1.0,1.0,1.0,1.0,1,0.2507566738498869,49
3118,0,5924,5924,0,0,0,0,0.9884150507121829,0.9736705698004159,0.9884150507121829,0.9736705698004159,1.0,1,0.2771320110619952,50
3119,1,5925,5925,0,0,0,0,0.9621532170289856,0.9177243848456209,0.9621532170289856,0.9177243848456209,1.0,1,0.29191393209279126,50
3120,4,5929,5929,0,0,0,0,0.9801803990783491,0.9549554524507933,0.9801803990783491,0.9549554524507933,1.0,1,0.2533868898530201,50
3121,1,5930,5930,0,0,0,0,0.9582741935070054,0.909291725015229,0.9582741935070054,0.909291725015229,1.0,1,0.27702736093426117,50
3122,4,5934,5934,0,0,0,0,0.9398213052096862,0.8746277191868463,0.9398213052096862,0.8746277191868463,1.0,1,0.24222697122051784,50
3123,1,5935,5935,0,0,0,0,0.9410012796173395,0.8746277191868463,0.9410012796173395,0.8746277191868463,1.0,1,0.24971162165582045,51
3124,2,5937,5937,0,0,0,0,0.9633034013688233,0.9186292812960865,0.9633034013688233,0.9186292812960865,1.0,1,0.2309055273005158,51
3125,0,5937,5937,0,0,0,0,0.9633034013688233,0.9186292812960865,0.9633034013688233,0.9186292812960865,1.0,1,0.2309055273005158,51
3126,2,5939,5939,0,0,0,0,0.9928916957264805,0.9817215032966643,0.9928916957264805,0.9817215032966643,1.0,1,0.20720960033029057,54
3127,0,5939,5939,0,0,0,0,0.9927575767779235,0.9817215032966643,0.9927575767779235,0.9817215032966643,1.0,1,0.20645543143393014,53
3128,1,5940,5940,0,0,0,0,1.0,1.0,1.0,1.0,1.0,1,0.19900172307312972,52
3129,1,5941,5941,0,0,0,0,1.0,1.0,1.0,1.0,1.0,1,0.18497125408555076,51
3130,3,5944,5944,0,0,0,0,1.0,1.0,1.0,1.0,1.0,1,0.18798368461978118,50
3131,1,5945,5945,0,0,0,0,1.0,1.0,1.0,1.0,1.0,1,0.21090334284136586,50
3132,2,5947,5947,0,0,0,0,1.0,1.0,1.0,1.0,1.0,1,0.2104562537751315,49
3133,0,5947,5947,0,0,0,0,1.0,1.0,1.0,1.0,1.0,1,0.2104562537751315,49
3134,2,5949,5949,0,0,0,0,1.0,1.0,1.0,1.0,1.0,1,0.2793413022526766,46
3135,2,5951,5951,0,0,0,0,1.0,1.0,1.0,1.0,1.0,1,0.2609986404913775,47
3136,2,5953,5953,0,0,0,0,1.0,1.0,1.0,1.0,1.0,1,0.2585722874925319,46
3137,2,5955,5955,0,0,0,0,0.9943330593009514,0.9867771383688866,0.9943330593009514,0.9867771383688866,1.0,1,0.2579369572504858,49
3138,2,5957,5957,0,0,0,0,1.0,1.0,1.0,1.0,1.0,1,0.24010953853162895,49
3139,3,5960,5960,0,0,0,0,1.0,1.0,1.0,1.0,1.0,1,0.19210403006767374,50
3140,1,5961,5961,0,0,0,0,1.0,1.0,1.0,1.0,1.0,1,0.20904205867657843,51
3141,1,5962,5962,0,0,0,0,1.0,1.0,1.0,1.0,1.0,1,0.20517232029024235,50
3142,1,5963,5963,0,0,0,0,1.0,1.0,1.0,1.0,1.0,1,0.18274288908228484,50
3143,1,5964,5964,0,0,0,0,1.0,1.0,1.0,1.0,1.0,1,0.18089635832460643,49
3144,6,5970,5970,0,0,0,0,1.0,1.0,1.0,1.0,1.0,1,0.23510923021808933,49
3145,2,5972,5972,0,0,0,0,1.0,1.0,1.0,1.0,1.0,1,0.2493753556554724,48
3146,3,5975,5975,0,0,0,0,1.0,1.0,1.0,1.0,1.0,1,0.21858124827199393,49
3147,5,5980,5980,0,0,0,0,1.0,1.0,1.0,1.0,1.0,1,0.18440915464692553,48
3148,2,5982,5982,0,0,0,0,1.0,1.0,1.0,1.0,1.0,1,0.1829740652553032,48
3149,1,5983,5983,0,0,0,0,1.0,1.0,1.0,1.0,1.0,1,0.20427755538788467,47
3150,2,5985,5985,0,0,0,0,1.0,1.0,1.0,1.0,1.0,1,0.22651918725214476,47
3151,1,5986,5986,0,0,0,0,1.0,1.0,1.0,1.0,1.0,1,0.24751630099370886,48
3152,3,5989,5989,0,0,0,0,1.0,1.0,1.0,1.0,1.0,1,0.26664917756527534,47
3153,2,5991,5991,0,0,0,0,1.0,1.0,1.0,1.0,1.0,1,0.2252891093877401,47
3154,2,5993,5993,0,0,0,0,1.0,1.0,1.0,1.0,1.0,1,0.22452664426833877,48
3155,0,5993,5993,0,0,0,0,1.0,1.0,1.0,1.0,1.0,1,0.2221136356340106,48
3156,1,5994,5994,0,0,0,0,1.0,1.0,1.0,1.0,1.0,1,0.2292219290875188,48
3157,2,5996,5996,0,0,0,0,1.0,1.0,1.0,1.0,1.0,1,0.23344583384173997,48
3158,0,5996,5996,0,0,0,0,1.0,1.0,1.0,1.0,1.0,1,0.23344583384173997,48
3159,1,5997,5997,0,0,0,0,1.0,1.0,1.0,1.0,1.0,1,0.2090992463082706,49
3160,1,5998,5998,0,0,0,0,1.0,1.0,1.0,1.0,1.0,1,0.20867942950289636,51
3161,1,5999,5999,0,0,0,0,1.0,1.0,1.0,1.0,1.0,1,0.2120581787564951,52
3162,1,6000,6000,0,0,0,0,1.0,1.0,1.0,1.0,1.0,1,0.19368495555268397,51
3163,3,6003,6003,0,0,0,0,1.0,1.0,1.0,1.0,1.0,1,0.2056230978089902,51
3164,2,6005,6005,0,0,0,0,1.0,1.0,1.0,1.0,1.0,1,0.17214370394150086,52
3165,2,6007,6007,0,0,0,0,1.0,1.0,1.0,1.0,1.0,1,0.20894961938267417,50
3166,2,6009,6009,0,0,0,0,1.0,1.0,1.0,1.0,1.0,1,0.21491679913998352,50
3167,2,6011,6011,0,0,0,0,1.0,1.0,1.0,1.0,1.0,1,0.18678393486947098,49
3168,5,6016,6016,0,0,0,0,1.0,1.0,1.0,1.0,1.0,1,0.1973850030635403,47
3169,0,6016,6016,0,0,0,0,1.0,1.0,1.0,1.0,1.0,1,0.19853548073796878,48
3170,2,6018,6018,0,0,0,0,1.0,1.0,1.0,1.0,1.0,1,0.19615535611907953,47
3171,1,6019,6019,0,0,0,0,1.0,1.0,1.0,1.0,1.0,1,0.173877613637232,47
3172,3,6022,6022,0,0,0,0,1.0,1.0,1.0,1.0,1.0,1,0.17213448444649918,46
3173,1,6023,6023,0,0,0,0,1.0,1.0,1.0,1.0,1.0,1,0.14414038292597223,45
3174,4,6027,6027,0,0,0,0,1.0,1.0,1.0,1.0,1.0,1,0.11884446183672615,43
3175,0,6027,6027,0,0,0,0,1.0,1.0,1.0,1.0,1.0,1,0.11627567379820909,43
3176,0,6027,6027,0,0,0,0,1.0,1.0,1.0,1.0,1.0,1,0.10095094572718577,44
3177,4,6031,6031,0,0,0,0,1.0,1.0,1.0,1.0,1.0,1,0.06481459287153012,44
3178,3,6034,6034,0,0,0,0,1.0,1.0,1.0,1.0,1.0,1,0.08208340086640134,47
3179,2,6036,6036,0,0,0,0,1.0,1.0,1.0,1.0,1.0,1,0.10041017418760181,48
3180,2,6038,6038,0,0,0,0,1.0,1.0,1.0,1.0,1.0,1,0.14521783471405508,48
3181,1,6039,6039,0,0,0,0,1.0,1.0,1.0,1.0,1.0,1,0.16646256380679478,48
3182,3,6042,6042,0,0,0,0,1.0,1.0,1.0,1.0,1.0,1,0.22737951377932344,51
3183,2,6044,6044,0,0,0,0,0.9849545391115242,0.9641774740750578,0.9849545391115242,0.9641774740750578,1.0,1,0.27059986952127735,50
3184,3,6047,6047,0,0,0,0,0.9548902914356573,0.9019354161644725,0.9548902914356573,0.9019354161644725,1.0,1,0.2877497137627359,50
3185,4,6051,6051,0,0,0,0,0.8863382576231406,0.7901629371504134,0.8863382576231406,0.7901629371504134,1.0,1,0.3077022393863125,48
3186,1,6052,6052,0,0,0,0,0.8668086238008993,0.7632153312015988,0.8668086238008993,0.7632153312015988,1.0,1,0.3312297555513596,48
3187,3,6055,6055,0,0,0,0,0.8096363532038416,0.6954181651261467,0.8096363532038416,0.6954181651261467,1.0,1,0.3571409172431174,48
3188,2,6057,6057,0,0,0,0,0.8294563754626444,0.7177208973174803,0.8294563754626444,0.7177208973174803,1.0,1,0.32269108767873117,48
3189,1,6058,6058,0,0,0,0,0.8505321421910167,0.7384312488342791,0.8505321421910167,0.7384312488342791,1.0,1,0.3015335669308074,49
3190,1,6059,6059,0,0,0,0,0.8324967257870526,0.705425276384127,0.8324967257870526,0.705425276384127,1.0,1,0.2744907156615332,51
3191,1,6060,6060,0,0,0,0,0.8500696780477826,0.7215579735173104,0.8500696780477826,0.7215579735173104,1.0,1,0.26083858430922424,52
3192,0,6060,6060,0,0,0,0,0.8500696780477826,0.7215579735173104,0.8500696780477826,0.7215579735173104,1.0,1,0.26083858430922424,52
3193,1,6061,6061,0,0,0,0,0.8500696780477827,0.7215579735173104,0.8500696780477827,0.7215579735173104,1.0,1,0.26554315791876293,52
3194,4,6065,6065,0,0,0,0,0.8780071660788109,0.7560143321576219,0.8780071660788109,0.7560143321576219,1.0,1,0.22847101454312563,54
3195,1,6066,6066,0,0,0,0,0.8949325950968764,0.7817830821242819,0.8949325950968764,0.7817830821242819,1.0,1,0.2288709893461075,54
3196,4,6070,6070,0,0,0,0,0.9159549188859317,0.8184626247936126,0.9159549188859317,0.8184626247936126,1.0,1,0.22335905332032763,54
3197,2,6072,6072,0,0,0,0,0.9190064814178834,0.8250539998626285,0.9190064814178834,0.8250539998626285,1.0,1,0.2604190100768338,54
3198,1,6073,6073,0,0,0,0,0.935904250707769,0.8557845640924803,0.935904250707769,0.8557845640924803,1.0,1,0.2602328577546275,54
3199,5,6078,6078,0,0,0,0,0.9234241877899507,0.8284701806494896,0.9234241877899507,0.8284701806494896,1.0,1,0.2149624030231578,56
3200,2,6080,6080,0,0,0,0,0.9538897816016372,0.8877316421605079,0.9538897816016372,0.8877316421605079,1.0,1,0.23967689850783563,56
3201,2,6082,6082,0,0,0,0,0.959365904981623,0.9010648121291691,0.959365904981623,0.9010648121291691,1.0,1,0.23647945685400157,56
3202,1,6083,6083,0,0,0,0,0.9802602802563564,0.9488561806641957,0.9802602802563564,0.9488561806641957,1.0,1,0.23112067084497714,57
3203,2,6085,6085,0,0,0,0,0.9518040896502749,0.8826534356702344,0.9518040896502749,0.8826534356702344,1.0,1,0.2504980370290685,56
3204,2,6087,6087,0,0,0,0,0.9727652477665938,0.9319131194164844,0.9727652477665938,0.9319131194164844,1.0,1,0.2719717928531337,55
3205,1,6088,6088,0,0,0,0,0.9945981994925576,0.9861096558380051,0.9945981994925576,0.9861096558380051,1.0,1,0.2713748494580158,54
3206,1,6089,6089,0,0,0,0,0.9782413752759445,0.9446144097933133,0.9782413752759445,0.9446144097933133,1.0,1,0.27935810685267354,56
3207,1,6090,6090,0,0,0,0,0.9920881864900545,0.9870431113433228,0.9920881864900545,0.9870431113433228,1.0,1,0.31481702117024163,54
3208,1,6091,6091,0,0,0,0,0.975542110876558,0.9410787216571627,0.975542110876558,0.9410787216571627,1.0,1,0.3238999680773208,53
3209,0,6091,6091,0,0,0,0,0.9759950347492145,0.9410787216571627,0.9759950347492145,0.9410787216571627,1.0,1,0.31325165865127647,54
3210,1,6092,6092,0,0,0,0,0.9563277910994203,0.8993640403595342,0.9563277910994203,0.8993640403595342,1.0,1,0.32826557336084433,53
3211,0,6092,6092,0,0,0,0,0.9563277910994206,0.8993640403595342,0.9563277910994206,0.8993640403595342,1.0,1,0.32826557336084433,53
3212,2,6094,6094,0,0,0,0,0.9396509737615917,0.8642146909635813,0.9396509737615917,0.8642146909635813,1.0,1,0.34429351029306154,54
3213,1,6095,6095,0,0,0,0,0.9396509737615917,0.8642146909635813,0.9396509737615917,0.8642146909635813,1.0,1,0.3470194293368646,54
3214,3,6098,6098,0,0,0,0,0.9402745382588171,0.863129150176456,0.9402745382588171,0.863129150176456,1.0,1,0.3243524024155529,55
3215,4,6102,6102,0,0,0,0,0.9189901763945231,0.8991589441680302,0.9189901763945231,0.8991589441680302,1.0,1,0.3348876288714022,55
3216,1,6103,6103,0,0,0,0,0.8950389600480416,0.8618594834711039,0.8950389600480416,0.8618594834711039,1.0,1,0.3639763301996754,55
3217,1,6104,6104,0,0,0,0,0.9273705144565627,0.9048430004420882,0.9273705144565627,0.9048430004420882,1.0,1,0.33827509852280807,54
3218,2,6106,6106,0,0,0,0,0.8911844040592949,0.837007001890679,0.8911844040592949,0.837007001890679,1.0,1,0.38066653775236414,54
3219,0,6106,6106,0,0,0,0,0.893162869440035,0.837007001890679,0.893162869440035,0.837007001890679,1.0,1,0.3562708621750454,55
3220,0,6106,6106,0,0,0,0,0.8950706753428915,0.837007001890679,0.8950706753428915,0.837007001890679,1.0,1,0.3409670445277609,56
3221,0,6106,6106,0,0,0,0,0.8746777580387584,0.837007001890679,0.8746777580387584,0.837007001890679,1.0,1,0.3409670445277609,57
3222,0,6106,6106,0,0,0,0,0.8746777580387584,0.837007001890679,0.8746777580387584,0.837007001890679,1.0,1,0.3409670445277609,57
3223,0,6106,6106,0,0,0,0,0.8875431745710252,0.837007001890679,0.8875431745710252,0.837007001890679,1.0,1,0.340018758665084,56
3224,3,6109,6109,0,0,0,0,0.912903133256983,0.8706365332246538,0.912903133256983,0.8706365332246538,1.0,1,0.3022433545513529,58
3225,0,6109,6109,0,0,0,0,0.9411984241930245,0.8706365332246538,0.9411984241930245,0.8706365332246538,1.0,1,0.312099054183951,55
3226,3,6112,6112,0,0,0,0,0.9591813887022809,0.9351138446176268,0.9591813887022809,0.9351138446176268,1.0,1,0.31757270414583294,54
3227,1,6113,6113,0,0,0,0,1.0,1.0,1.0,1.0,1.0,1,0.2991249165305411,53
3228,1,6114,6114,0,0,0,0,1.0,1.0,1.0,1.0,1.0,1,0.27222773397959177,52
3229,2,6116,6116,0,0,0,0,1.0,1.0,1.0,1.0,1.0,1,0.2809634321717992,52
3230,1,6117,6117,0,0,0,0,1.0,1.0,1.0,1.0,1.0,1,0.2866124312517774,50
3231,1,6118,6118,0,0,0,0,1.0,1.0,1.0,1.0,1.0,1,0.2787607641441346,50
3232,1,6119,6119,0,0,0,0,1.0,1.0,1.0,1.0,1.0,1,0.2647936414791216,50
3233,1,6120,6120,0,0,0,0,1.0,1.0,1.0,1.0,1.0,1,0.28005800216853666,50
3234,0,6120,6120,0,0,0,0,1.0,1.0,1.0,1.0,1.0,1,0.2700697961039809,49
3235,2,6122,6122,0,0,0,0,1.0,1.0,1.0,1.0,1.0,1,0.2897360133090521,49
3236,1,6123,6123,0,0,0,0,0.987577332894199,0.9724540859827888,0.987577332894199,0.9724540859827888,1.0,1,0.28928478349856096,51
3237,0,6123,6123,0,0,0,0,0.9712951506095672,0.9366101242627939,0.9712951506095672,0.9366101242627939,1.0,1,0.2887362468758019,53
3238,1,6124,6124,0,0,0,0,0.9746130747625765,0.9439372067673564,0.9746130747625765,0.9439372067673564,1.0,1,0.28835722646819095,53
3239,0,6124,6124,0,0,0,0,0.9746130747625765,0.9439372067673564,0.9746130747625765,0.9439372067673564,1.0,1,0.28835722646819095,53
3240,1,6125,6125,0,0,0,0,0.9904239957654105,0.9779335554594242,0.9904239957654105,0.9779335554594242,1.0,1,0.2764615342770446,53
3241,0,6125,6125,0,0,0,0,0.9904239957654105,0.9779335554594242,0.9904239957654105,0.9779335554594242,1.0,1,0.27036648858824924,53
3242,0,6125,6125,0,0,0,0,0.9904239957654105,0.9779335554594242,0.9904239957654105,0.9779335554594242,1.0,1,0.27036648858824924,53
3243,4,6129,6129,0,0,0,0,0.9486551169954968,0.8849874620699129,0.9486551169954968,0.8849874620699129,1.0,1,0.24150012959000045,56
3244,0,6129,6129,0,0,0,0,0.9326690615274477,0.8523898656563275,0.9326690615274477,0.8523898656563275,1.0,1,0.24150012959000045,57
3245,5,6134,6134,0,0,0,0,0.9163288043314589,0.8171629427983732,0.9163288043314589,0.8171629427983732,1.0,1,0.2391164276687376,59
3246,4,6138,6138,0,0,0,0,0.9163288043314589,0.8171629427983732,0.9163288043314589,0.8171629427983732,1.0,1,0.27070242723144816,59
3247,3,6141,6141,0,0,0,0,0.8967585718623622,0.7824555621385487,0.8967585718623622,0.7824555621385487,1.0,1,0.26692797283411857,59
3248,4,6145,6145,0,0,0,0,0.9170343005098044,0.8187045825954984,0.9170343005098044,0.8187045825954984,1.0,1,0.27500713282676154,59
3249,2,6147,6147,0,0,0,0,0.9336263993961125,0.8519358140374816,0.9336263993961125,0.8519358140374816,1.0,1,0.2835242535386434,58
3250,3,6150,6150,0,0,0,0,0.9336263993961125,0.8519358140374816,0.9336263993961125,0.8519358140374816,1.0,1,0.3049073691666399,58
3251,0,6150,6150,0,0,0,0,0.932461950262711,0.8519358140374816,0.932461950262711,0.8519358140374816,1.0,1,0.31322622460527316,57
3252,2,6152,6152,0,0,0,0,0.8839608098929621,0.8145944879043149,0.8839608098929621,0.8145944879043149,1.0,1,0.3786970524218985,57
3253,3,6155,6155,0,0,0,0,0.8815643316361482,0.8221693496065222,0.8815643316361482,0.8221693496065222,1.0,1,0.3901309165812155,56
3254,3,6158,6158,0,0,0,0,0.8830413529809199,0.8443296179389735,0.8830413529809199,0.8443296179389735,1.0,1,0.3716556384752256,57
3255,1,6159,6159,0,0,0,0,0.9057136095517596,0.889795547638047,0.9057136095517596,0.889795547638047,1.0,1,0.3463297105431118,57
3256,4,6163,6163,0,0,0,0,0.9488431897272143,0.8848146470608181,0.9488431897272143,0.8848146470608181,1.0,1,0.31916635252149045,57
3257,2,6165,6165,0,0,0,0,0.9707324482987927,0.9553049925843221,0.9707324482987927,0.9553049925843221,1.0,1,0.30709719204711455,57
3258,5,6170,6170,0,0,0,0,0.9792745022512764,0.9453600513897286,0.9792745022512764,0.9453600513897286,1.0,1,0.27880079384096085,58
3259,4,6174,6174,0,0,0,0,0.9799127918258291,0.9461297598965418,0.9799127918258291,0.9461297598965418,1.0,1,0.24786857285552166,59
3260,4,6178,6178,0,0,0,0,1.0,1.0,1.0,1.0,1.0,1,0.20184592159077736,60
3261,4,6182,6182,0,0,0,0,0.984085180007716,0.9565959454755895,0.984085180007716,0.9565959454755895,1.0,1,0.2118528654061014,60
3262,3,6185,6185,0,0,0,0,1.0,1.0,1.0,1.0,1.0,1,0.19619817331336697,61
3263,4,6189,6189,0,0,0,0,1.0,1.0,1.0,1.0,1.0,1,0.1487226793617275,62
3264,5,6194,6194,0,0,0,0,1.0,1.0,1.0,1.0,1.0,1,0.17934900944812374,60
3265,1,6195,6195,0,0,0,0,1.0,1.0,1.0,1.0,1.0,1,0.18193366932138538,58
3266,4,6199,6199,0,0,0,0,1.0,1.0,1.0,1.0,1.0,1,0.18237478807946747,59
3267,1,6200,6200,0,0,0,0,1.0,1.0,1.0,1.0,1.0,1,0.186299832219969,60
3268,4,6204,6204,0,0,0,0,1.0,1.0,1.0,1.0,1.0,1,0.20701243239064795,58
3269,0,6204,6204,0,0,0,0,1.0,1.0,1.0,1.0,1.0,1,0.18627413761445283,57
3270,1,6205,6205,0,0,0,0,1.0,1.0,1.0,1.0,1.0,1,0.168720350051955,56
3271,1,6206,6206,0,0,0,0,1.0,1.0,1.0,1.0,1.0,1,0.16973133322979875,55
3272,2,6208,6208,0,0,0,0,1.0,1.0,1.0,1.0,1.0,1,0.1859913460283234,55
3273,3,6211,6211,0,0,0,0,1.0,1.0,1.0,1.0,1.0,1,0.17978024304984377,55
3274,0,6211,6211,0,0,0,0,1.0,1.0,1.0,1.0,1.0,1,0.19345927036100283,55
3275,2,6213,6213,0,0,0,0,1.0,1.0,1.0,1.0,1.0,1,0.19147994291406725,55
3276,2,6215,6215,0,0,0,0,1.0,1.0,1.0,1.0,1.0,1,0.14290762209046934,55
3277,3,6218,6218,0,0,0,0,1.0,1.0,1.0,1.0,1.0,1,0.14639658753787066,57
3278,0,6218,6218,0,0,0,0,1.0,1.0,1.0,1.0,1.0,1,0.15707215261706983,56
3279,1,6219,6219,0,0,0,0,1.0,1.0,1.0,1.0,1.0,1,0.15202566869213108,54
3280,6,6225,6225,0,0,0,0,1.0,1.0,1.0,1.0,1.0,1,0.15842304889775846,53
3281,3,6228,6228,0,0,0,0,1.0,1.0,1.0,1.0,1.0,1,0.11208906413340812,52
3282,6,6234,6234,0,0,0,0,1.0,1.0,1.0,1.0,1.0,1,0.09022026636603232,50
3283,3,6237,6237,0,0,0,0,1.0,1.0,1.0,1.0,1.0,1,0.038963912139888965,50
3284,8,6245,6245,0,0,0,0,1.0,1.0,1.0,1.0,1.0,1,0.0727316081517792,47
3285,3,6248,6248,0,0,0,0,1.0,1.0,1.0,1.0,1.0,1,0.07219962931118008,48
3286,5,6253,6253,0,0,0,0,1.0,1.0,1.0,1.0,1.0,1,0.14160969736178824,46
3287,7,6260,6260,0,0,0,0,1.0,1.0,1.0,1.0,1.0,1,0.1329065745857148,46
3288,4,6264,6264,0,0,0,0,1.0,1.0,1.0,1.0,1.0,1,0.21422047550274265,46
3289,4,6268,6268,0,0,0,0,1.0,1.0,1.0,1.0,1.0,1,0.17428799491313612,48
3290,6,6274,6274,0,0,0,0,1.0,1.0,1.0,1.0,1.0,1,0.11178141037328955,48
3291,1,6275,6275,0,0,0,0,1.0,1.0,1.0,1.0,1.0,1,0.07571426520211082,50
3292,5,6280,6280,0,0,0,0,1.0,1.0,1.0,1.0,1.0,1,0.07165229496614407,50
3293,1,6281,6281,0,0,0,0,1.0,1.0,1.0,1.0,1.0,1,0.06650985990726156,51
3294,4,6285,6285,0,0,0,0,1.0,1.0,1.0,1.0,1.0,1,0.13053204656555809,50
3295,2,6287,6287,0,0,0,0,1.0,1.0,1.0,1.0,1.0,1,0.11329988356905686,50
3296,2,6289,6289,0,0,0,0,1.0,1.0,1.0,1.0,1.0,1,0.14073951985097827,50
3297,2,6291,6291,0,0,0,0,1.0,1.0,1.0,1.0,1.0,1,0.19507739848551045,51
3298,3,6294,6294,0,0,0,0,1.0,1.0,1.0,1.0,1.0,1,0.2062780849657621,52
3299,2,6296,6296,0,0,0,0,1.0,1.0,1.0,1.0,1.0,1,0.22700534939896727,53
3300,2,6298,6298,0,0,0,0,1.0,1.0,1.0,1.0,1.0,1,0.2275559923033139,53
3301,1,6299,6299,0,0,0,0,1.0,1.0,1.0,1.0,1.0,1,0.21317968023816997,53
3302,2,6301,6301,0,0,0,0,1.0,1.0,1.0,1.0,1.0,1,0.17830437250683012,53
3303,0,6301,6301,0,0,0,0,1.0,1.0,1.0,1.0,1.0,1,0.17710690747202776,52
3304,1,6302,6302,0,0,0,0,1.0,1.0,1.0,1.0,1.0,1,0.1880315576230647,52
3305,3,6305,6305,0,0,0,0,1.0,1.0,1.0,1.0,1.0,1,0.2366266287739079,51
3306,0,6305,6305,0,0,0,0,1.0,1.0,1.0,1.0,1.0,1,0.2628977216958022,51
3307,6,6311,6311,0,0,0,0,1.0,1.0,1.0,1.0,1.0,1,0.2559101191550997,48
3308,1,6312,6312,0,0,0,0,1.0,1.0,1.0,1.0,1.0,1,0.2432649603854781,48
3309,2,6314,6314,0,0,0,0,1.0,1.0,1.0,1.0,1.0,1,0.1978230347172115,48
3310,5,6319,6319,0,0,0,0,0.9915214978361001,0.9818868362862138,0.9915214978361001,0.9818868362862138,1.0,1,0.2460294054063018,47
3311,2,6321,6321,0,0,0,0,0.9761896798841599,0.9492736658401666,0.9761896798841599,0.9492736658401666,1.0,1,0.21546622094843607,49
3312,4,6325,6325,0,0,0,0,0.9756936315484132,0.9492736658401666,0.9756936315484132,0.9492736658401666,1.0,1,0.24942203255430065,48
3313,3,6328,6328,0,0,0,0,0.9546145902955818,0.9073381218534794,0.9546145902955818,0.9073381218534794,1.0,1,0.25108295358294097,49
3314,3,6331,6331,0,0,0,0,1.0,1.0,1.0,1.0,1.0,1,0.25364583910638183,47
3315,1,6332,6332,0,0,0,0,1.0,1.0,1.0,1.0,1.0,1,0.24152074152185227,47
3316,2,6334,6334,0,0,0,0,1.0,1.0,1.0,1.0,1.0,1,0.2217472252872269,47
3317,1,6335,6335,0,0,0,0,1.0,1.0,1.0,1.0,1.0,1,0.1573785622848583,46
3318,5,6340,6340,0,0,0,0,1.0,1.0,1.0,1.0,1.0,1,0.2285936225140997,45
3319,3,6343,6343,0,0,0,0,1.0,1.0,1.0,1.0,1.0,1,0.24872591502574837,44
3320,1,6344,6344,0,0,0,0,1.0,1.0,1.0,1.0,1.0,1,0.25765820783723226,43
3321,4,6348,6348,0,0,0,0,1.0,1.0,1.0,1.0,1.0,1,0.14508919773345555,43
3322,5,6353,6353,0,0,0,0,1.0,1.0,1.0,1.0,1.0,1,0.1758630707389192,40
3323,3,6356,6356,0,0,0,0,1.0,1.0,1.0,1.0,1.0,1,0.2061070410555607,40
3324,3,6359,6359,0,0,0,0,1.0,1.0,1.0,1.0,1.0,1,0.19676941319161273,40
3325,1,6360,6360,0,0,0,0,1.0,1.0,1.0,1.0,1.0,1,0.20197728254286548,40
3326,3,6363,6363,0,0,0,0,1.0,1.0,1.0,1.0,1.0,1,0.1783129012817057,41
3327,3,6366,6366,0,0,0,0,1.0,1.0,1.0,1.0,1.0,1,0.19507052944167422,39
3328,0,6366,6366,0,0,0,0,1.0,1.0,1.0,1.0,1.0,1,0.18882714393710895,41
3329,3,6369,6369,0,0,0,0,1.0,1.0,1.0,1.0,1.0,1,0.19703486355178976,39
3330,1,6370,6370,0,0,0,0,1.0,1.0,1.0,1.0,1.0,1,0.23860292960526602,40
3331,3,6373,6373,0,0,0,0,1.0,1.0,1.0,1.0,1.0,1,0.2419930769383126,38
3332,0,6373,6373,0,0,0,0,1.0,1.0,1.0,1.0,1.0,1,0.26367701006145833,38
3333,3,6376,6376,0,0,0,0,1.0,1.0,1.0,1.0,1.0,1,0.22387499638660585,38
3334,1,6377,6377,0,0,0,0,1.0,1.0,1.0,1.0,1.0,1,0.2032456637591823,40
3335,3,6380,6380,0,0,0,0,1.0,1.0,1.0,1.0,1.0,1,0.1758320320760352,40
3336,3,6383,6383,0,0,0,0,1.0,1.0,1.0,1.0,1.0,1,0.20483082510494346,39
3337,4,6387,6387,0,0,0,0,1.0,1.0,1.0,1.0,1.0,1,0.13289194474653596,40
3338,2,6389,6389,0,0,0,0,1.0,1.0,1.0,1.0,1.0,1,0.14127689702153096,41
3339,0,6389,6389,0,0,0,0,1.0,1.0,1.0,1.0,1.0,1,0.14366975477537142,42
3340,4,6393,6393,0,0,0,0,1.0,1.0,1.0,1.0,1.0,1,0.1484518015410356,43
3341,0,6393,6393,0,0,0,0,1.0,1.0,1.0,1.0,1.0,1,0.1484518015410356,43
3342,0,6393,6393,0,0,0,0,1.0,1.0,1.0,1.0,1.0,1,0.16181816422117637,44
3343,1,6394,6394,0,0,0,0,1.0,1.0,1.0,1.0,1.0,1,0.19323279256512219,44
3344,0,6394,6394,0,0,0,0,1.0,1.0,1.0,1.0,1.0,1,0.2212408337418427,44
3345,0,6394,6394,0,0,0,0,1.0,1.0,1.0,1.0,1.0,1,0.23316792245033685,43
3346,1,6395,6395,0,0,0,0,1.0,1.0,1.0,1.0,1.0,1,0.2746006026091203,42
3347,1,6396,6396,0,0,0,0,1.0,1.0,1.0,1.0,1.0,1,0.24180390182725173,44
3348,3,6399,6399,0,0,0,0,1.0,1.0,1.0,1.0,1.0,1,0.24876430338572875,45
3349,2,6401,6401,0,0,0,0,1.0,1.0,1.0,1.0,1.0,1,0.26528716794221113,45
3350,1,6402,6402,0,0,0,0,1.0,1.0,1.0,1.0,1.0,1,0.24208632162382876,46
3351,2,6404,6404,0,0,0,0,1.0,1.0,1.0,1.0,1.0,1,0.28096080718932964,47
3352,1,6405,6405,0,0,0,0,1.0,1.0,1.0,1.0,1.0,1,0.287246122415687,47
3353,3,6408,6408,0,0,0,0,1.0,1.0,1.0,1.0,1.0,1,0.2933467811178558,48
3354,3,6411,6411,0,0,0,0,1.0,1.0,1.0,1.0,1.0,1,0.289776589013992,48
3355,0,6411,6411,0,0,0,0,1.0,1.0,1.0,1.0,1.0,1,0.27327760016287816,48
3356,1,6412,6412,0,0,0,0,1.0,1.0,1.0,1.0,1.0,1,0.25500206658632274,48
3357,2,6414,6414,0,0,0,0,1.0,1.0,1.0,1.0,1.0,1,0.2855768751681391,47
3358,1,6415,6415,0,0,0,0,1.0,1.0,1.0,1.0,1.0,1,0.2690550687926204,46
3359,0,6415,6415,0,0,0,0,1.0,1.0,1.0,1.0,1.0,1,0.2694676887838989,45
3360,1,6416,6416,0,0,0,0,1.0,1.0,1.0,1.0,1.0,1,0.25787619685217816,44
3361,0,6416,6416,0,0,0,0,1.0,1.0,1.0,1.0,1.0,1,0.25808839009513235,43
3362,2,6418,6418,0,0,0,0,1.0,1.0,1.0,1.0,1.0,1,0.25154821485370527,42
3363,3,6421,6421,0,0,0,0,1.0,1.0,1.0,1.0,1.0,1,0.21408333632820462,41
3364,3,6424,6424,0,0,0,0,1.0,1.0,1.0,1.0,1.0,1,0.23687777502391627,41
3365,4,6428,6428,0,0,0,0,1.0,1.0,1.0,1.0,1.0,1,0.1763718128225971,41
3366,2,6430,6430,0,0,0,0,1.0,1.0,1.0,1.0,1.0,1,0.1923562792450891,40
3367,2,6432,6432,0,0,0,0,1.0,1.0,1.0,1.0,1.0,1,0.18903358247577132,39
3368,0,6432,6432,0,0,0,0,1.0,1.0,1.0,1.0,1.0,1,0.18903358247577132,39
3369,4,6436,6436,0,0,0,0,1.0,1.0,1.0,1.0,1.0,1,0.2601903331958423,40
3370,3,6439,6439,0,0,0,0,1.0,1.0,1.0,1.0,1.0,1,0.1761280824430168,41
3371,0,6439,6439,0,0,0,0,1.0,1.0,1.0,1.0,1.0,1,0.1761280824430168,41
3372,1,6440,6440,0,0,0,0,1.0,1.0,1.0,1.0,1.0,1,0.1604400249179532,40
3373,0,6440,6440,0,0,0,0,1.0,1.0,1.0,1.0,1.0,1,0.16205082155026648,41
3374,2,6442,6442,0,0,0,0,1.0,1.0,1.0,1.0,1.0,1,0.10653927912512662,42
3375,2,6444,6444,0,0,0,0,1.0,1.0,1.0,1.0,1.0,1,0.13871166749011937,44
3376,3,6447,6447,0,0,0,0,1.0,1.0,1.0,1.0,1.0,1,0.10151649265900857,46
3377,1,6448,6448,0,0,0,0,1.0,1.0,1.0,1.0,1.0,1,0.1071189314159441,47
3378,1,6449,6449,0,0,0,0,1.0,1.0,1.0,1.0,1.0,1,0.12532072043139253,48
3379,1,6450,6450,0,0,0,0,1.0,1.0,1.0,1.0,1.0,1,0.1389609014656355,48
3380,3,6453,6453,0,0,0,0,1.0,1.0,1.0,1.0,1.0,1,0.21122539356071512,48
3381,1,6454,6454,0,0,0,0,1.0,1.0,1.0,1.0,1.0,1,0.23947504272395037,48
3382,6,6460,6460,0,0,0,0,1.0,1.0,1.0,1.0,1.0,1,0.2564319866975711,49
3383,1,6461,6461,0,0,0,0,1.0,1.0,1.0,1.0,1.0,1,0.2344537446751599,47
3384,4,6465,6465,0,0,0,0,1.0,1.0,1.0,1.0,1.0,1,0.2180946126149612,48
3385,3,6468,6468,0,0,0,0,1.0,1.0,1.0,1.0,1.0,1,0.18535679976372232,47
3386,1,6469,6469,0,0,0,0,1.0,1.0,1.0,1.0,1.0,1,0.179076625103849,49
3387,1,6470,6470,0,0,0,0,1.0,1.0,1.0,1.0,1.0,1,0.17715135459973547,48
3388,1,6471,6471,0,0,0,0,1.0,1.0,1.0,1.0,1.0,1,0.18785155019824723,48
3389,1,6472,6472,0,0,0,0,1.0,1.0,1.0,1.0,1.0,1,0.19129267757301208,50
3390,0,6472,6472,0,0,0,0,1.0,1.0,1.0,1.0,1.0,1,0.17187535296213224,51
3391,0,6472,6472,0,0,0,0,1.0,1.0,1.0,1.0,1.0,1,0.17187535296213224,51
3392,4,6476,6476,0,0,0,0,1.0,1.0,1.0,1.0,1.0,1,0.17562592941553795,52
3393,1,6477,6477,0,0,0,0,1.0,1.0,1.0,1.0,1.0,1,0.16356926781217054,52
3394,1,6478,6478,0,0,0,0,1.0,1.0,1.0,1.0,1.0,1,0.1302524807401816,52
3395,1,6479,6479,0,0,0,0,1.0,1.0,1.0,1.0,1.0,1,0.12653281562597082,50
3396,1,6480,6480,0,0,0,0,1.0,1.0,1.0,1.0,1.0,1,0.1347735572399734,49
3397,0,6480,6480,0,0,0,0,1.0,1.0,1.0,1.0,1.0,1,0.13410761498357276,49
3398,4,6484,6484,0,0,0,0,1.0,1.0,1.0,1.0,1.0,1,0.18280081691052014,48
3399,1,6485,6485,0,0,0,0,1.0,1.0,1.0,1.0,1.0,1,0.20764491893765816,49
3400,2,6487,6487,0,0,0,0,1.0,1.0,1.0,1.0,1.0,1,0.2253798592909038,50
3401,2,6489,6489,0,0,0,0,1.0,1.0,1.0,1.0,1.0,1,0.19758836410706446,51
3402,2,6491,6491,0,0,0,0,1.0,1.0,1.0,1.0,1.0,1,0.2148271795652113,51
3403,0,6491,6491,0,0,0,0,1.0,1.0,1.0,1.0,1.0,1,0.2148271795652113,51
3404,1,6492,6492,0,0,0,0,1.0,1.0,1.0,1.0,1.0,1,0.20438677880364384,51
3405,0,6492,6492,0,0,0,0,1.0,1.0,1.0,1.0,1.0,1,0.20438677880364384,51
3406,1,6493,6493,0,0,0,0,1.0,1.0,1.0,1.0,1.0,1,0.21099047704166723,51
3407,0,6493,6493,0,0,0,0,1.0,1.0,1.0,1.0,1.0,1,0.2115051763411454,52
3408,2,6495,6495,0,0,0,0,1.0,1.0,1.0,1.0,1.0,1,0.21817535257094206,53
3409,0,6495,6495,0,0,0,0,1.0,1.0,1.0,1.0,1.0,1,0.19895943770806568,54
3410,1,6496,6496,0,0,0,0,1.0,1.0,1.0,1.0,1.0,1,0.21081798644224015,54
3411,1,6497,6497,0,0,0,0,1.0,1.0,1.0,1.0,1.0,1,0.2049583259862094,54
3412,1,6498,6498,0,0,0,0,1.0,1.0,1.0,1.0,1.0,1,0.18173886845581702,55
3413,4,6502,6502,0,0,0,0,1.0,1.0,1.0,1.0,1.0,1,0.2311222972252931,55
3414,2,6504,6504,0,0,0,0,1.0,1.0,1.0,1.0,1.0,1,0.24459063037086703,55
3415,2,6506,6506,0,0,0,0,1.0,1.0,1.0,1.0,1.0,1,0.19886651525777338,56
3416,4,6510,6510,0,0,0,0,0.9866231692603691,0.9649654433009669,0.9866231692603691,0.9649654433009669,1.0,1,0.22956399302081454,55
3417,8,6518,6518,0,0,0,0,0.9986214639717508,0.9963239039246689,0.9986214639717508,0.9963239039246689,1.0,1,0.251173542768274,56
3418,3,6521,6521,0,0,0,0,0.978559625722374,0.9463990643059349,0.978559625722374,0.9463990643059349,1.0,1,0.2742003048639481,55
3419,2,6523,6523,0,0,0,0,0.9728528290333098,0.9308981102666066,0.9728528290333098,0.9308981102666066,1.0,1,0.2738840552214582,56
3420,4,6527,6527,0,0,0,0,0.9181762477057035,0.8199877449525477,0.9181762477057035,0.8199877449525477,1.0,1,0.3108000746311293,55
3421,3,6530,6530,0,0,0,0,0.9077659955038957,0.7977946824508483,0.9077659955038957,0.7977946824508483,1.0,1,0.2795226478781269,57
3422,2,6532,6532,0,0,0,0,0.8913890550527201,0.7747328549241603,0.8913890550527201,0.7747328549241603,1.0,1,0.27759628678449755,56
3423,2,6534,6534,0,0,0,0,0.8906862170858769,0.773275116918856,0.8906862170858769,0.773275116918856,1.0,1,0.26574601900749223,56
3424,2,6536,6536,0,0,0,0,0.92498339726923,0.8319628098830751,0.92498339726923,0.8319628098830751,1.0,1,0.23781875535289812,56
3425,2,6538,6538,0,0,0,0,0.92498339726923,0.8319628098830751,0.92498339726923,0.8319628098830751,1.0,1,0.2775041346773479,56
3426,3,6541,6541,0,0,0,0,0.9246743397801397,0.8342835475163076,0.9246743397801397,0.8342835475163076,1.0,1,0.2581865513256746,55
3427,1,6542,6542,0,0,0,0,0.9451414164417927,0.8742824126791084,0.9451414164417927,0.8742824126791084,1.0,1,0.25714071119002274,55
3428,0,6542,6542,0,0,0,0,0.9451414164417927,0.8742824126791084,0.9451414164417927,0.8742824126791084,1.0,1,0.2592887228581674,55
3429,2,6544,6544,0,0,0,0,0.9441255167462704,0.8742824126791084,0.9441255167462704,0.8742824126791084,1.0,1,0.27610397174576645,54
3430,1,6545,6545,0,0,0,0,0.9623306040009562,0.9082832097414585,0.9623306040009562,0.9082832097414585,1.0,1,0.26499381824066276,56
3431,2,6547,6547,0,0,0,0,0.9824835981878215,0.9570051955519255,0.9824835981878215,0.9570051955519255,1.0,1,0.2543754165946499,54
3432,4,6551,6551,0,0,0,0,0.9490573963677106,0.8811339248579912,0.9490573963677106,0.8811339248579912,1.0,1,0.26515091980082706,56
3433,1,6552,6552,0,0,0,0,0.9705148378401875,0.9320559306752147,0.9705148378401875,0.9320559306752147,1.0,1,0.2628060771664663,53
3434,4,6556,6556,0,0,0,0,0.9941851347899947,0.9865200851949877,0.9941851347899947,0.9865200851949877,1.0,1,0.2456169527902917,51
3435,2,6558,6558,0,0,0,0,1.0,1.0,1.0,1.0,1.0,1,0.2141396283786587,51
3436,2,6560,6560,0,0,0,0,1.0,1.0,1.0,1.0,1.0,1,0.19304595432814822,51
3437,2,6562,6562,0,0,0,0,0.9792976897797612,0.9501262526512431,0.9792976897797612,0.9501262526512431,1.0,1,0.23192976857012748,53
3438,3,6565,6565,0,0,0,0,1.0,1.0,1.0,1.0,1.0,1,0.1855512743538119,52
3439,1,6566,6566,0,0,0,0,0.9902067605283804,0.9748173842158351,0.9902067605283804,0.9748173842158351,1.0,1,0.205774584793357,54
3440,2,6568,6568,0,0,0,0,1.0,1.0,1.0,1.0,1.0,1,0.14927407002246496,52
3441,1,6569,6569,0,0,0,0,1.0,1.0,1.0,1.0,1.0,1,0.1599585591169286,53
3442,3,6572,6572,0,0,0,0,1.0,1.0,1.0,1.0,1.0,1,0.16929620990356586,53
3443,1,6573,6573,0,0,0,0,1.0,1.0,1.0,1.0,1.0,1,0.13772808558271285,53
3444,2,6575,6575,0,0,0,0,1.0,1.0,1.0,1.0,1.0,1,0.1810829675890586,52
3445,5,6580,6580,0,0,0,0,1.0,1.0,1.0,1.0,1.0,1,0.1636349846489365,53
3446,4,6584,6584,0,0,0,0,1.0,1.0,1.0,1.0,1.0,1,0.16602779467213374,53
3447,4,6588,6588,0,0,0,0,1.0,1.0,1.0,1.0,1.0,1,0.16817628703220858,53
3448,3,6591,6591,0,0,0,0,1.0,1.0,1.0,1.0,1.0,1,0.15617285829460736,52
3449,5,6596,6596,0,0,0,0,1.0,1.0,1.0,1.0,1.0,1,0.16006041346427902,52
3450,5,6601,6601,0,0,0,0,1.0,1.0,1.0,1.0,1.0,1,0.12351924800550804,52
3451,3,6604,6604,0,0,0,0,1.0,1.0,1.0,1.0,1.0,1,0.16634312939422677,54
3452,2,6606,6606,0,0,0,0,1.0,1.0,1.0,1.0,1.0,1,0.18418163117223293,54
3453,5,6611,6611,0,0,0,0,1.0,1.0,1.0,1.0,1.0,1,0.18937698982806447,54
3454,3,6614,6614,0,0,0,0,1.0,1.0,1.0,1.0,1.0,1,0.21220522371290834,57
3455,2,6616,6616,0,0,0,0,1.0,1.0,1.0,1.0,1.0,1,0.20235443569537187,57
3456,3,6619,6619,0,0,0,0,1.0,1.0,1.0,1.0,1.0,1,0.2348498744235418,58
3457,4,6623,6623,0,0,0,0,0.9925513156046503,0.9807011358847757,0.9925513156046503,0.9807011358847757,1.0,1,0.24013013026575297,57
3458,1,6624,6624,0,0,0,0,0.9727103215416784,0.9323690577337247,0.9727103215416784,0.9323690577337247,1.0,1,0.2482212606634184,57
3459,0,6624,6624,0,0,0,0,0.9727103215416785,0.9323690577337247,0.9727103215416785,0.9323690577337247,1.0,1,0.2482212606634184,57
3460,2,6626,6626,0,0,0,0,0.9731808332392358,0.9323690577337247,0.9731808332392358,0.9323690577337247,1.0,1,0.2409909828612497,58
3461,0,6626,6626,0,0,0,0,0.9736353953877231,0.9323690577337247,0.9736353953877231,0.9323690577337247,1.0,1,0.23246317629076346,59
3462,2,6628,6628,0,0,0,0,0.9593762337436211,0.9001332412864019,0.9593762337436211,0.9001332412864019,1.0,1,0.2254962100936283,59
3463,1,6629,6629,0,0,0,0,0.945079578218365,0.8703878045953415,0.945079578218365,0.8703878045953415,1.0,1,0.23105194828695585,59
3464,3,6632,6632,0,0,0,0,0.9842553979539215,0.959611673012233,0.9842553979539215,0.959611673012233,1.0,1,0.20345001059850396,59
3465,1,6633,6633,0,0,0,0,1.0,1.0,1.0,1.0,1.0,1,0.20959160270221439,57
3466,2,6635,6635,0,0,0,0,1.0,1.0,1.0,1.0,1.0,1,0.18308009887058097,57
3467,0,6635,6635,0,0,0,0,1.0,1.0,1.0,1.0,1.0,1,0.19180102772063207,57
3468,3,6638,6638,0,0,0,0,1.0,1.0,1.0,1.0,1.0,1,0.14967297963112125,57
3469,3,6641,6641,0,0,0,0,1.0,1.0,1.0,1.0,1.0,1,0.15793300820636424,53
3470,1,6642,6642,0,0,0,0,1.0,1.0,1.0,1.0,1.0,1,0.1689294144893569,50
3471,0,6642,6642,0,0,0,0,1.0,1.0,1.0,1.0,1.0,1,0.1664278810720116,49
3472,2,6644,6644,0,0,0,0,1.0,1.0,1.0,1.0,1.0,1,0.16386577145906006,47
3473,2,6646,6646,0,0,0,0,1.0,1.0,1.0,1.0,1.0,1,0.14132126039547444,45
3474,7,6653,6653,0,0,0,0,1.0,1.0,1.0,1.0,1.0,1,0.10825584528398167,42
3475,4,6657,6657,0,0,0,0,1.0,1.0,1.0,1.0,1.0,1,0.13202042955627388,43
3476,1,6658,6658,0,0,0,0,1.0,1.0,1.0,1.0,1.0,1,0.11672371050899868,41
3477,5,6663,6663,0,0,0,0,1.0,1.0,1.0,1.0,1.0,1,0.06365063363814671,42
3478,1,6664,6664,0,0,0,0,1.0,1.0,1.0,1.0,1.0,1,0.06001397766333306,40
3479,1,6665,6665,0,0,0,0,1.0,1.0,1.0,1.0,1.0,1,0.04353050382046573,40
3480,3,6668,6668,0,0,0,0,1.0,1.0,1.0,1.0,1.0,1,0.09962904630478751,40
3481,2,6670,6670,0,0,0,0,1.0,1.0,1.0,1.0,1.0,1,0.19329961656618694,40
3482,0,6670,6670,0,0,0,0,1.0,1.0,1.0,1.0,1.0,1,0.19329961656618694,40
3483,3,6673,6673,0,0,0,0,1.0,1.0,1.0,1.0,1.0,1,0.2237202091248778,39
3484,5,6678,6678,0,0,0,0,1.0,1.0,1.0,1.0,1.0,1,0.19082463530278293,39
3485,1,6679,6679,0,0,0,0,1.0,1.0,1.0,1.0,1.0,1,0.230730233486886,40
3486,4,6683,6683,0,0,0,0,1.0,1.0,1.0,1.0,1.0,1,0.15095359215982065,41
3487,2,6685,6685,0,0,0,0,1.0,1.0,1.0,1.0,1.0,1,0.17914332106178904,41
3488,0,6685,6685,0,0,0,0,1.0,1.0,1.0,1.0,1.0,1,0.16583606496900288,42
3489,1,6686,6686,0,0,0,0,1.0,1.0,1.0,1.0,1.0,1,0.155916299607611,44
3490,1,6687,6687,0,0,0,0,1.0,1.0,1.0,1.0,1.0,1,0.1704750847102154,44
3491,4,6691,6691,0,0,0,0,1.0,1.0,1.0,1.0,1.0,1,0.15840390611418378,45
3492,1,6692,6692,0,0,0,0,1.0,1.0,1.0,1.0,1.0,1,0.1932700295684113,45
3493,3,6695,6695,0,0,0,0,1.0,1.0,1.0,1.0,1.0,1,0.21677677056734818,45
3494,1,6696,6696,0,0,0,0,1.0,1.0,1.0,1.0,1.0,1,0.2048944619145227,45
3495,1,6697,6697,0,0,0,0,1.0,1.0,1.0,1.0,1.0,1,0.21355815025006997,45
3496,1,6698,6698,0,0,0,0,1.0,1.0,1.0,1.0,1.0,1,0.21819984255115554,46
3497,0,6698,6698,0,0,0,0,1.0,1.0,1.0,1.0,1.0,1,0.20329890695137876,47
3498,0,6698,6698,0,0,0,0,1.0,1.0,1.0,1.0,1.0,1,0.21487651748465345,48
3499,0,6698,6698,0,0,0,0,1.0,1.0,1.0,1.0,1.0,1,0.23279095822916995,47
3500,0,6698,6698,0,0,0,0,1.0,1.0,1.0,1.0,1.0,1,0.22880349352296991,50
3501,0,6698,6698,0,0,0,0,1.0,1.0,1.0,1.0,1.0,1,0.22880349352296991,50
3502,1,6699,6699,0,0,0,0,1.0,1.0,1.0,1.0,1.0,1,0.24341895475885666,50
3503,0,6699,6699,0,0,0,0,1.0,1.0,1.0,1.0,1.0,1,0.24341895475885666,50
3504,1,6700,6700,0,0,0,0,1.0,1.0,1.0,1.0,1.0,1,0.32012084992757617,47
3505,2,6702,6702,0,0,0,0,1.0,1.0,1.0,1.0,1.0,1,0.329443494087463,48
3506,0,6702,6702,0,0,0,0,1.0,1.0,1.0,1.0,1.0,1,0.32435387236906416,49
3507,3,6705,6705,0,0,0,0,1.0,1.0,1.0,1.0,1.0,1,0.31744970137604467,46
3508,1,6706,6706,0,0,0,0,1.0,1.0,1.0,1.0,1.0,1,0.3109281094136936,47
3509,1,6707,6707,0,0,0,0,1.0,1.0,1.0,1.0,1.0,1,0.3033361026877786,44
3510,0,6707,6707,0,0,0,0,1.0,1.0,1.0,1.0,1.0,1,0.29367545624981467,45
3511,0,6707,6707,0,0,0,0,1.0,1.0,1.0,1.0,1.0,1,0.2833086830748997,44
3512,0,6707,6707,0,0,0,0,1.0,1.0,1.0,1.0,1.0,1,0.2781897171229268,42
3513,2,6709,6709,0,0,0,0,1.0,1.0,1.0,1.0,1.0,1,0.24210620829279245,42
3514,0,6709,6709,0,0,0,0,1.0,1.0,1.0,1.0,1.0,1,0.22713012655876946,42
3515,3,6712,6712,0,0,0,0,1.0,1.0,1.0,1.0,1.0,1,0.18763206523183706,42
3516,1,6713,6713,0,0,0,0,1.0,1.0,1.0,1.0,1.0,1,0.20730603140510195,41
3517,1,6714,6714,0,0,0,0,1.0,1.0,1.0,1.0,1.0,1,0.18899144976248627,44
3518,2,6716,6716,0,0,0,0,1.0,1.0,1.0,1.0,1.0,1,0.2032794322864173,43
3519,1,6717,6717,0,0,0,0,1.0,1.0,1.0,1.0,1.0,1,0.2069989777849935,44
3520,2,6719,6719,0,0,0,0,1.0,1.0,1.0,1.0,1.0,1,0.23371887949379647,45
3521,1,6720,6720,0,0,0,0,1.0,1.0,1.0,1.0,1.0,1,0.25084323750047527,45
3522,1,6721,6721,0,0,0,0,0.9980083977128366,0.9956374426090704,0.9980083977128366,0.9956374426090704,1.0,1,0.2714445856428517,46
3523,3,6724,6724,0,0,0,0,0.9599190064998137,0.9198380129996273,0.9599190064998137,0.9198380129996273,1.0,1,0.3043746009450804,46
3524,4,6728,6728,0,0,0,0,0.9716989655665612,0.9421674513751467,0.9716989655665612,0.9421674513751467,1.0,1,0.29444394807998986,47
3525,2,6730,6730,0,0,0,0,0.9261150192488579,0.8581408369578072,0.9261150192488579,0.8581408369578072,1.0,1,0.3353325591529792,48
3526,3,6733,6733,0,0,0,0,0.9789335080103723,0.9530791769321929,0.9789335080103723,0.9530791769321929,1.0,1,0.29990852042382027,49
3527,1,6734,6734,0,0,0,0,1.0,1.0,1.0,1.0,1.0,1,0.283422116096046,49
3528,3,6737,6737,0,0,0,0,1.0,1.0,1.0,1.0,1.0,1,0.2772952553648255,51
3529,1,6738,6738,0,0,0,0,1.0,1.0,1.0,1.0,1.0,1,0.2687646824635222,51
3530,3,6741,6741,0,0,0,0,1.0,1.0,1.0,1.0,1.0,1,0.2590158000326036,52
3531,3,6744,6744,0,0,0,0,1.0,1.0,1.0,1.0,1.0,1,0.27004123640549005,52
3532,0,6744,6744,0,0,0,0,1.0,1.0,1.0,1.0,1.0,1,0.27004123640549005,52
3533,0,6744,6744,0,0,0,0,1.0,1.0,1.0,1.0,1.0,1,0.27004123640549005,52
3534,1,6745,6745,0,0,0,0,1.0,1.0,1.0,1.0,1.0,1,0.27747750627021184,52
3535,1,6746,6746,0,0,0,0,0.9814930109934242,0.9562562078026391,0.9814930109934242,0.9562562078026391,1.0,1,0.2790811793148929,52
3536,1,6747,6747,0,0,0,0,0.9416922632024084,0.868807592205419,0.9416922632024084,0.868807592205419,1.0,1,0.26938926963602056,54
3537,1,6748,6748,0,0,0,0,0.9427524038714556,0.868807592205419,0.9427524038714556,0.868807592205419,1.0,1,0.2761801532664921,55
3538,1,6749,6749,0,0,0,0,0.9427524038714555,0.868807592205419,0.9427524038714555,0.868807592205419,1.0,1,0.2690350558353478,55
3539,1,6750,6750,0,0,0,0,0.9629857493247849,0.906659715688588,0.9629857493247849,0.906659715688588,1.0,1,0.22475003208594538,58
3540,0,6750,6750,0,0,0,0,0.9481414499185268,0.8725143977163787,0.9481414499185268,0.8725143977163787,1.0,1,0.22475003208594538,59
3541,1,6751,6751,0,0,0,0,0.9650273866729163,0.9102876440740028,0.9650273866729163,0.9102876440740028,1.0,1,0.20759207637394247,59
3542,1,6752,6752,0,0,0,0,0.9374472399346647,0.8473712654405818,0.9374472399346647,0.8473712654405818,1.0,1,0.20107288943573476,61
3543,2,6754,6754,0,0,0,0,0.940065850632858,0.8513633095694879,0.940065850632858,0.8513633095694879,1.0,1,0.18302546955959023,62
3544,2,6756,6756,0,0,0,0,0.9569506738141119,0.894170406459692,0.9569506738141119,0.894170406459692,1.0,1,0.2035468278082492,59
3545,1,6757,6757,0,0,0,0,0.9701429388119073,0.9234101473870667,0.9701429388119073,0.9234101473870667,1.0,1,0.18541617590471848,59
3546,0,6757,6757,0,0,0,0,0.9852111349830203,0.96168339518328,0.9852111349830203,0.96168339518328,1.0,1,0.18456612912421516,57
3547,2,6759,6759,0,0,0,0,1.0,1.0,1.0,1.0,1.0,1,0.18162285805141318,53
3548,0,6759,6759,0,0,0,0,1.0,1.0,1.0,1.0,1.0,1,0.18162285805141318,53
3549,0,6759,6759,0,0,0,0,1.0,1.0,1.0,1.0,1.0,1,0.168039304230127,52
3550,1,6760,6760,0,0,0,0,1.0,1.0,1.0,1.0,1.0,1,0.2069046649628097,51
3551,1,6761,6761,0,0,0,0,1.0,1.0,1.0,1.0,1.0,1,0.17488166335710698,51
3552,1,6762,6762,0,0,0,0,1.0,1.0,1.0,1.0,1.0,1,0.16639865674577756,51
3553,3,6765,6765,0,0,0,0,1.0,1.0,1.0,1.0,1.0,1,0.21997960478682957,49
3554,2,6767,6767,0,0,0,0,1.0,1.0,1.0,1.0,1.0,1,0.19703617550038838,49
3555,4,6771,6771,0,0,0,0,1.0,1.0,1.0,1.0,1.0,1,0.1445082088928133,51
3556,3,6774,6774,0,0,0,0,1.0,1.0,1.0,1.0,1.0,1,0.14715024437955654,51
3557,6,6780,6780,0,0,0,0,1.0,1.0,1.0,1.0,1.0,1,0.09446667546337688,52
3558,2,6782,6782,0,0,0,0,1.0,1.0,1.0,1.0,1.0,1,0.12178124853747276,52
3559,5,6787,6787,0,0,0,0,1.0,1.0,1.0,1.0,1.0,1,0.16654752932569544,52
3560,1,6788,6788,0,0,0,0,1.0,1.0,1.0,1.0,1.0,1,0.15010602171995688,53
3561,2,6790,6790,0,0,0,0,1.0,1.0,1.0,1.0,1.0,1,0.15399750746024482,54
3562,2,6792,6792,0,0,0,0,1.0,1.0,1.0,1.0,1.0,1,0.1732690312563209,54
3563,0,6792,6792,0,0,0,0,1.0,1.0,1.0,1.0,1.0,1,0.18013907689079942,55
3564,0,6792,6792,0,0,0,0,1.0,1.0,1.0,1.0,1.0,1,0.15440993982652393,57
3565,0,6792,6792,0,0,0,0,1.0,1.0,1.0,1.0,1.0,1,0.16194187101787527,56
3566,3,6795,6795,0,0,0,0,0.9566508087409854,0.8925693955754856,0.9566508087409854,0.8925693955754856,1.0,1,0.18161284632028862,57
3567,1,6796,6796,0,0,0,0,0.9753359288483312,0.9360976338343127,0.9753359288483312,0.9360976338343127,1.0,1,0.18293863665711796,57
3568,1,6797,6797,0,0,0,0,0.9567928911680741,0.8929215128947923,0.9567928911680741,0.8929215128947923,1.0,1,0.191423742140751,57
3569,4,6801,6801,0,0,0,0,0.9585063200686169,0.8971678366917896,0.9585063200686169,0.8971678366917896,1.0,1,0.203313372205005,57
3570,1,6802,6802,0,0,0,0,0.907602807960961,0.7903294488344885,0.907602807960961,0.7903294488344885,1.0,1,0.21238784011043144,59
3571,4,6806,6806,0,0,0,0,0.9155743245777562,0.8051715182563606,0.9155743245777562,0.8051715182563606,1.0,1,0.20775033754436073,60
3572,1,6807,6807,0,0,0,0,0.90177643960299,0.7780875116956442,0.90177643960299,0.7780875116956442,1.0,1,0.2178913037144589,61
3573,2,6809,6809,0,0,0,0,0.8708737205394826,0.7239369197740665,0.8708737205394826,0.7239369197740665,1.0,1,0.2308933234275552,62
3574,1,6810,6810,0,0,0,0,0.8585380837178458,0.7029299758074761,0.8585380837178458,0.7029299758074761,1.0,1,0.22660148356323062,63
3575,2,6812,6812,0,0,0,0,0.8269342821892204,0.6592768680600277,0.8269342821892204,0.6592768680600277,1.0,1,0.26340223259697243,63
3576,2,6814,6814,0,0,0,0,0.8462350087382707,0.6875098564680986,0.8462350087382707,0.6875098564680986,1.0,1,0.25265113960824004,63
3577,1,6815,6815,0,0,0,0,0.862933791578679,0.7075920887011821,0.862933791578679,0.7075920887011821,1.0,1,0.22849465452843154,64
3578,1,6816,6816,0,0,0,0,0.8779676489548585,0.7306872252796877,0.8779676489548585,0.7306872252796877,1.0,1,0.22295463917045905,64
3579,1,6817,6817,0,0,0,0,0.8779676489548585,0.7306872252796877,0.8779676489548585,0.7306872252796877,1.0,1,0.21411535828335154,64
3580,2,6819,6819,0,0,0,0,0.847395504897991,0.6800228328506263,0.847395504897991,0.6800228328506263,1.0,1,0.21957727578624572,65
3581,3,6822,6822,0,0,0,0,0.8371902473497559,0.6540292756182312,0.8371902473497559,0.6540292756182312,1.0,1,0.21409758147963645,68
3582,4,6826,6826,0,0,0,0,0.8217711010022611,0.6327404505501137,0.8217711010022611,0.6327404505501137,1.0,1,0.22353421120906372,68
3583,3,6829,6829,0,0,0,0,0.8442614179368318,0.6734513601901314,0.8442614179368318,0.6734513601901314,1.0,1,0.24073959961810262,65
3584,6,6835,6835,0,0,0,0,0.8227794171138363,0.6455588342276726,0.8227794171138363,0.6455588342276726,1.0,1,0.23402675008000404,64
3585,4,6839,6839,0,0,0,0,0.868526231772062,0.709850994255585,0.868526231772062,0.709850994255585,1.0,1,0.18451057018253167,64
3586,11,6850,6850,0,0,0,0,0.8096748431498694,0.6251171152951974,0.8096748431498694,0.6251171152951974,1.0,1,0.2318177722941814,65
3587,5,6855,6855,0,0,0,0,0.8852667367220133,0.7377525410788875,0.8852667367220133,0.7377525410788875,1.0,1,0.22419623721832593,64
3588,6,6861,6861,0,0,0,0,0.9307368486690273,0.8282273846991878,0.9307368486690273,0.8282273846991878,1.0,1,0.18236967134369492,62
3589,4,6865,6865,0,0,0,0,0.9478848081202171,0.86319762131557,0.9478848081202171,0.86319762131557,1.0,1,0.16384015814679848,63
3590,2,6867,6867,0,0,0,0,0.9438298038707897,0.8525532351608233,0.9438298038707897,0.8525532351608233,1.0,1,0.16387244036218132,63
3591,5,6872,6872,0,0,0,0,0.9761933719056322,0.932908593552236,0.9761933719056322,0.932908593552236,1.0,1,0.14624117846454088,62
3592,0,6872,6872,0,0,0,0,1.0,1.0,1.0,1.0,1.0,1,0.1531335575718762,59
3593,0,6872,6872,0,0,0,0,1.0,1.0,1.0,1.0,1.0,1,0.14253948839060812,58
3594,2,6874,6874,0,0,0,0,1.0,1.0,1.0,1.0,1.0,1,0.1300027815136982,57
3595,0,6874,6874,0,0,0,0,1.0,1.0,1.0,1.0,1.0,1,0.13271189681260795,59
3596,4,6878,6878,0,0,0,0,1.0,1.0,1.0,1.0,1.0,1,0.11502810380271743,57
3597,4,6882,6882,0,0,0,0,1.0,1.0,1.0,1.0,1.0,1,0.09657821952436646,57
3598,0,6882,6882,0,0,0,0,1.0,1.0,1.0,1.0,1.0,1,0.09657821952436646,57
3599,3,6885,6885,0,0,0,0,1.0,1.0,1.0,1.0,1.0,1,0.1394648958210963,58
3600,1,6886,6886,0,0,0,0,1.0,1.0,1.0,1.0,1.0,1,0.1327468311156444,58
3601,3,6889,6889,0,0,0,0,1.0,1.0,1.0,1.0,1.0,1,0.16475855101738202,58
3602,2,6891,6891,0,0,0,0,0.996320256523616,0.9899643359734982,0.996320256523616,0.9899643359734982,1.0,1,0.1579208984128481,60
3603,3,6894,6894,0,0,0,0,0.9803590739682736,0.9487628016563657,0.9803590739682736,0.9487628016563657,1.0,1,0.15531620628191953,60
3604,3,6897,6897,0,0,0,0,0.9631858552548876,0.9079646381372191,0.9631858552548876,0.9079646381372191,1.0,1,0.158687973529209,60
3605,1,6898,6898,0,0,0,0,0.925669111299897,0.8256082995882201,0.925669111299897,0.8256082995882201,1.0,1,0.1768091199111505,61
3606,3,6901,6901,0,0,0,0,0.9108654376571222,0.7920193545332852,0.9108654376571222,0.7920193545332852,1.0,1,0.18491922064955466,63
3607,3,6904,6904,0,0,0,0,0.9269053353200793,0.8228860048140385,0.9269053353200793,0.8228860048140385,1.0,1,0.16437447503116073,63
3608,3,6907,6907,0,0,0,0,0.917739585372735,0.8050123505131498,0.917739585372735,0.8050123505131498,1.0,1,0.1807927968860794,64
3609,4,6911,6911,0,0,0,0,0.9176006880780755,0.7985794597464068,0.9176006880780755,0.7985794597464068,1.0,1,0.18890150079975113,66
3610,2,6913,6913,0,0,0,0,0.9188305285545221,0.7985794597464068,0.9188305285545221,0.7985794597464068,1.0,1,0.18117947193759645,67
3611,3,6916,6916,0,0,0,0,0.9188305285545221,0.7985794597464068,0.9188305285545221,0.7985794597464068,1.0,1,0.1829511994072153,67
3612,1,6917,6917,0,0,0,0,0.9005323526212214,0.7655405454643077,0.9005323526212214,0.7655405454643077,1.0,1,0.20030510093553916,66
3613,3,6920,6920,0,0,0,0,0.8892821961265212,0.7480215498051861,0.8892821961265212,0.7480215498051861,1.0,1,0.18159326519318364,66
3614,2,6922,6922,0,0,0,0,0.8687096974081147,0.7155376777175817,0.8687096974081147,0.7155376777175817,1.0,1,0.20354544301974473,65
3615,1,6923,6923,0,0,0,0,0.8687096974081145,0.7155376777175817,0.8687096974081145,0.7155376777175817,1.0,1,0.21054684618947414,65
3616,1,6924,6924,0,0,0,0,0.8687096974081147,0.7155376777175817,0.8687096974081147,0.7155376777175817,1.0,1,0.2042410635919808,65
3617,3,6927,6927,0,0,0,0,0.8520326446061276,0.6849727272259492,0.8520326446061276,0.6849727272259492,1.0,1,0.20969988214701854,66
3618,2,6929,6929,0,0,0,0,0.8852432355474427,0.7388294326252142,0.8852432355474427,0.7388294326252142,1.0,1,0.19201105056129927,66
3619,0,6929,6929,0,0,0,0,0.8834777468635572,0.7388294326252142,0.8834777468635572,0.7388294326252142,1.0,1,0.20268843383201351,65
3620,3,6932,6932,0,0,0,0,0.9144369804744807,0.790845952270953,0.9144369804744807,0.790845952270953,1.0,1,0.1996601126754154,66
3621,4,6936,6936,0,0,0,0,0.9257629875123102,0.8144074687807755,0.9257629875123102,0.8144074687807755,1.0,1,0.19906524461918637,65
3622,2,6938,6938,0,0,0,0,0.9560394845371113,0.8809402706213432,0.9560394845371113,0.8809402706213432,1.0,1,0.18620159595442032,65
3623,3,6941,6941,0,0,0,0,0.9915766155370788,0.9762613710590402,0.9915766155370788,0.9762613710590402,1.0,1,0.15679604979056672,62
3624,5,6946,6946,0,0,0,0,1.0,1.0,1.0,1.0,1.0,1,0.142968654207639,62
3625,2,6948,6948,0,0,0,0,1.0,1.0,1.0,1.0,1.0,1,0.125152802789787,61
3626,6,6954,6954,0,0,0,0,1.0,1.0,1.0,1.0,1.0,1,0.07253670930832355,58
3627,4,6958,6958,0,0,0,0,1.0,1.0,1.0,1.0,1.0,1,0.09565013125882771,58
3628,3,6961,6961,0,0,0,0,1.0,1.0,1.0,1.0,1.0,1,0.13991334057972632,57
3629,1,6962,6962,0,0,0,0,1.0,1.0,1.0,1.0,1.0,1,0.11480285912408551,57
3630,3,6965,6965,0,0,0,0,1.0,1.0,1.0,1.0,1.0,1,0.1639523427402833,56
3631,0,6965,6965,0,0,0,0,1.0,1.0,1.0,1.0,1.0,1,0.1679851715182963,54
3632,2,6967,6967,0,0,0,0,1.0,1.0,1.0,1.0,1.0,1,0.1659647269976311,52
3633,2,6969,6969,0,0,0,0,1.0,1.0,1.0,1.0,1.0,1,0.12904775615028652,52
3634,2,6971,6971,0,0,0,0,1.0,1.0,1.0,1.0,1.0,1,0.1387963259199046,49
3635,4,6975,6975,0,0,0,0,1.0,1.0,1.0,1.0,1.0,1,0.18984486383137464,47
3636,1,6976,6976,0,0,0,0,1.0,1.0,1.0,1.0,1.0,1,0.19642446276710956,48
3637,1,6977,6977,0,0,0,0,1.0,1.0,1.0,1.0,1.0,1,0.2275307930015306,49
3638,2,6979,6979,0,0,0,0,1.0,1.0,1.0,1.0,1.0,1,0.22673005261347023,50
3639,2,6981,6981,0,0,0,0,0.9977128762175352,0.994336645871992,0.9977128762175352,0.994336645871992,1.0,1,0.24566960824518796,52
3640,1,6982,6982,0,0,0,0,0.9848157642152296,0.9641099881450883,0.9848157642152296,0.9641099881450883,1.0,1,0.2532865110751436,52
3641,1,6983,6983,0,0,0,0,0.9984867472377239,0.9962528979219828,0.9984867472377239,0.9962528979219828,1.0,1,0.2532430329542652,52
3642,1,6984,6984,0,0,0,0,0.9795071049425693,0.9515622480460726,0.9795071049425693,0.9515622480460726,1.0,1,0.27229468440127197,52
3643,0,6984,6984,0,0,0,0,0.9795071049425691,0.9515622480460726,0.9795071049425691,0.9515622480460726,1.0,1,0.27229468440127197,52
3644,3,6987,6987,0,0,0,0,0.9655866637744668,0.9221959354900988,0.9655866637744668,0.9221959354900988,1.0,1,0.2533869612589308,52
3645,2,6989,6989,0,0,0,0,0.9839825639577119,0.9614125404435786,0.9839825639577119,0.9614125404435786,1.0,1,0.23128366166482042,53
3646,2,6991,6991,0,0,0,0,0.963662642432687,0.9162660890840179,0.963662642432687,0.9162660890840179,1.0,1,0.24460475811434662,53
3647,1,6992,6992,0,0,0,0,0.9202074383538613,0.824456364378495,0.9202074383538613,0.824456364378495,1.0,1,0.23686992299333423,55
3648,2,6994,6994,0,0,0,0,0.9248555320217359,0.8286706130095577,0.9248555320217359,0.8286706130095577,1.0,1,0.21245578803511772,57
3649,1,6995,6995,0,0,0,0,0.9455385602419994,0.8706540805747486,0.9455385602419994,0.8706540805747486,1.0,1,0.21098663036036083,57
3650,1,6996,6996,0,0,0,0,0.9502421287068302,0.8776785664042908,0.9502421287068302,0.8776785664042908,1.0,1,0.21241846960875166,59
3651,1,6997,6997,0,0,0,0,0.9502421287068301,0.8776785664042908,0.9502421287068301,0.8776785664042908,1.0,1,0.20566553018783224,59
3652,1,6998,6998,0,0,0,0,0.9502421287068302,0.8776785664042908,0.9502421287068302,0.8776785664042908,1.0,1,0.21713768189370156,59
3653,1,6999,6999,0,0,0,0,0.9341107637708345,0.8445014024991692,0.9341107637708345,0.8445014024991692,1.0,1,0.2331806079903627,59
3654,2,7001,7001,0,0,0,0,0.9684417807845457,0.9190463072299214,0.9684417807845457,0.9190463072299214,1.0,1,0.2337586947352405,59
3655,2,7003,7003,0,0,0,0,0.9851410909524134,0.9581248926840742,0.9851410909524134,0.9581248926840742,1.0,1,0.2147259525906656,62
3656,2,7005,7005,0,0,0,0,0.9776428972685837,0.9339933157453421,0.9776428972685837,0.9339933157453421,1.0,1,0.21440063998139466,62
3657,2,7007,7007,0,0,0,0,0.9499317606365177,0.8628565617435052,0.9499317606365177,0.8628565617435052,1.0,1,0.21389435021241127,63
3658,2,7009,7009,0,0,0,0,0.9605947626881878,0.9084707867625292,0.9605947626881878,0.9084707867625292,1.0,1,0.23164158364155182,63
3659,4,7013,7013,0,0,0,0,0.9439492659115365,0.8489067168050112,0.9439492659115365,0.8489067168050112,1.0,1,0.22103227976725595,62
3660,4,7017,7017,0,0,0,0,0.917189515383477,0.794629998151023,0.917189515383477,0.794629998151023,1.0,1,0.2179008721218663,62
3661,2,7019,7019,0,0,0,0,0.9158319664553374,0.794629998151023,0.9158319664553374,0.794629998151023,1.0,1,0.190317232300838,61
3662,4,7023,7023,0,0,0,0,0.8803350608750786,0.7340779130557302,0.8803350608750786,0.7340779130557302,1.0,1,0.1994378902332325,60
3663,2,7025,7025,0,0,0,0,0.8816652970977839,0.7326512267764749,0.8816652970977839,0.7326512267764749,1.0,1,0.20077741982550523,61
3664,4,7029,7029,0,0,0,0,0.8700572052174769,0.7208636260227279,0.8700572052174769,0.7208636260227279,1.0,1,0.1703170693733151,58
3665,3,7032,7032,0,0,0,0,0.9099527157986069,0.7910903006527681,0.9099527157986069,0.7910903006527681,1.0,1,0.16028238133787287,58
3666,1,7033,7033,0,0,0,0,0.9099527157986069,0.7910903006527681,0.9099527157986069,0.7910903006527681,1.0,1,0.17102315488456085,58
3667,2,7035,7035,0,0,0,0,0.9137918816748695,0.7999971654856973,0.9137918816748695,0.7999971654856973,1.0,1,0.1853057512538534,58
3668,1,7036,7036,0,0,0,0,0.9137918816748695,0.7999971654856973,0.9137918816748695,0.7999971654856973,1.0,1,0.20063689091911935,58
3669,2,7038,7038,0,0,0,0,0.8920144886404033,0.7632625327885766,0.8920144886404033,0.7632625327885766,1.0,1,0.2226603550358427,57
3670,1,7039,7039,0,0,0,0,0.9108644562301021,0.800336381955429,0.9108644562301021,0.800336381955429,1.0,1,0.24920855189629196,56
3671,2,7041,7041,0,0,0,0,0.9125666491111019,0.800651959973312,0.9125666491111019,0.800651959973312,1.0,1,0.26824263139110194,57
3672,1,7042,7042,0,0,0,0,0.9125666491111017,0.800651959973312,0.9125666491111017,0.800651959973312,1.0,1,0.2567146139821654,57
3673,1,7043,7043,0,0,0,0,0.8973288823570227,0.7709644298733582,0.8973288823570227,0.7709644298733582,1.0,1,0.24074771314631993,58
3674,1,7044,7044,0,0,0,0,0.8809479319760145,0.7486678563938084,0.8809479319760145,0.7486678563938084,1.0,1,0.26981999749360125,57
3675,0,7044,7044,0,0,0,0,0.8630553521628379,0.7163289437658786,0.8630553521628379,0.7163289437658786,1.0,1,0.26981999749360125,58
3676,1,7045,7045,0,0,0,0,0.8818810045823531,0.7418881211244012,0.8818810045823531,0.7418881211244012,1.0,1,0.25821688350464195,59
3677,1,7046,7046,0,0,0,0,0.8976366116979195,0.7637767962259683,0.8976366116979195,0.7637767962259683,1.0,1,0.24706615669215104,60
3678,1,7047,7047,0,0,0,0,0.9009386564818578,0.7637767962259683,0.9009386564818578,0.7637767962259683,1.0,1,0.2617857499557442,62
3679,2,7049,7049,0,0,0,0,0.8729174329323457,0.7186028872073367,0.8729174329323457,0.7186028872073367,1.0,1,0.2621478774109561,62
3680,0,7049,7049,0,0,0,0,0.8749346165365941,0.7186028872073367,0.8749346165365941,0.7186028872073367,1.0,1,0.23850323828135025,63
3681,2,7051,7051,0,0,0,0,0.8778970849153963,0.7209076226637631,0.8778970849153963,0.7209076226637631,1.0,1,0.23870555398319912,64
3682,0,7051,7051,0,0,0,0,0.8778970849153963,0.7209076226637631,0.8778970849153963,0.7209076226637631,1.0,1,0.23870555398319912,64
3683,2,7053,7053,0,0,0,0,0.8730744861531315,0.7120864087646106,0.8730744861531315,0.7120864087646106,1.0,1,0.24899510314606418,64
3684,0,7053,7053,0,0,0,0,0.8730744861531315,0.7120864087646106,0.8730744861531315,0.7120864087646106,1.0,1,0.24899510314606418,64
3685,1,7054,7054,0,0,0,0,0.8533859794000946,0.7120864087646106,0.8533859794000946,0.7120864087646106,1.0,1,0.2726360411193074,64
3686,0,7054,7054,0,0,0,0,0.8556415797170163,0.7120864087646106,0.8556415797170163,0.7120864087646106,1.0,1,0.26167351996318605,65
3687,0,7054,7054,0,0,0,0,0.8556415797170163,0.7120864087646106,0.8556415797170163,0.7120864087646106,1.0,1,0.26167351996318605,65
3688,2,7056,7056,0,0,0,0,0.8407748208997328,0.6651281341579159,0.8407748208997328,0.6651281341579159,1.0,1,0.26167351996318605,66
3689,0,7056,7056,0,0,0,0,0.8407748208997328,0.6651281341579159,0.8407748208997328,0.6651281341579159,1.0,1,0.26167351996318605,66
3690,3,7059,7059,0,0,0,0,0.8222457503793771,0.627827039856821,0.8222457503793771,0.627827039856821,1.0,1,0.2533485693150386,67
3691,2,7061,7061,0,0,0,0,0.8259220687938801,0.630084396186995,0.8259220687938801,0.630084396186995,1.0,1,0.22184086998944744,68
3692,2,7063,7063,0,0,0,0,0.8145634907659983,0.6122691170561785,0.8145634907659983,0.6122691170561785,1.0,1,0.22157336340780032,69
3693,2,7065,7065,0,0,0,0,0.8139514955927993,0.610989490784944,0.8139514955927993,0.610989490784944,1.0,1,0.1954811915028991,69
3694,1,7066,7066,0,0,0,0,0.8050043550957606,0.5985383781383308,0.8050043550957606,0.5985383781383308,1.0,1,0.18519020793672228,70
3695,1,7067,7067,0,0,0,0,0.8050043550957606,0.5985383781383308,0.8050043550957606,0.5985383781383308,1.0,1,0.20157495176928344,70
3696,2,7069,7069,0,0,0,0,0.7938985211736257,0.5985383781383308,0.7938985211736257,0.5985383781383308,1.0,1,0.22904471083951916,71
3697,1,7070,7070,0,0,0,0,0.789075404694663,0.5781508093893258,0.789075404694663,0.5781508093893258,1.0,1,0.21722913448066844,70
3698,4,7074,7074,0,0,0,0,0.769841336919021,0.5638682734522622,0.769841336919021,0.5638682734522622,1.0,1,0.2640362021052255,70
3699,2,7076,7076,0,0,0,0,0.7733513830528476,0.5592943559360924,0.7733513830528476,0.5592943559360924,1.0,1,0.2393038645895378,70
3700,3,7079,7079,0,0,0,0,0.7672103968279134,0.5602863051193919,0.7672103968279134,0.5602863051193919,1.0,1,0.2614519685768319,68
3701,3,7082,7082,0,0,0,0,0.756037103699467,0.5450421663584655,0.756037103699467,0.5450421663584655,1.0,1,0.3003631605426244,69
3702,3,7085,7085,0,0,0,0,0.7701164553921515,0.559389872834957,0.7701164553921515,0.559389872834957,1.0,1,0.2904288931981337,69
3703,1,7086,7086,0,0,0,0,0.7486647462072278,0.559389872834957,0.7486647462072278,0.559389872834957,1.0,1,0.3078532309057659,70
3704,2,7088,7088,0,0,0,0,0.7460228990382882,0.5670551065112932,0.7460228990382882,0.5670551065112932,1.0,1,0.3152425598040162,69
3705,2,7090,7090,0,0,0,0,0.7618476310500029,0.5670551065112932,0.7618476310500029,0.5670551065112932,1.0,1,0.2761044760771384,69
3706,1,7091,7091,0,0,0,0,0.7902496952220383,0.5864922562948756,0.7902496952220383,0.5864922562948756,1.0,1,0.2584089638941366,69
3707,2,7093,7093,0,0,0,0,0.7839884920943381,0.5864922562948756,0.7839884920943381,0.5864922562948756,1.0,1,0.24078078836897046,67
3708,0,7093,7093,0,0,0,0,0.783988492094338,0.5864922562948756,0.783988492094338,0.5864922562948756,1.0,1,0.231077401884993,67
3709,0,7093,7093,0,0,0,0,0.783988492094338,0.5864922562948756,0.783988492094338,0.5864922562948756,1.0,1,0.231077401884993,67
3710,5,7098,7098,0,0,0,0,0.7533332132238898,0.5533331158378545,0.7533332132238898,0.5533331158378545,1.0,1,0.2659317297239762,67
3711,0,7098,7098,0,0,0,0,0.7569606659705973,0.5533331158378545,0.7569606659705973,0.5533331158378545,1.0,1,0.26560684739313833,68
3712,1,7099,7099,0,0,0,0,0.7698386139406042,0.5652507152211411,0.7698386139406042,0.5652507152211411,1.0,1,0.2653737761602378,68
3713,4,7103,7103,0,0,0,0,0.7854704779183185,0.5831997856698757,0.7854704779183185,0.5831997856698757,1.0,1,0.23583874973941407,68
3714,1,7104,7104,0,0,0,0,0.7671832633118401,0.5667021844970357,0.7671832633118401,0.5667021844970357,1.0,1,0.2686504046053803,67
3715,1,7105,7105,0,0,0,0,0.7718071605155609,0.5689690809738371,0.7718071605155609,0.5689690809738371,1.0,1,0.25794612265551237,68
3716,2,7107,7107,0,0,0,0,0.7929803586919054,0.5920495303634606,0.7929803586919054,0.5920495303634606,1.0,1,0.2502293041955408,67
3717,1,7108,7108,0,0,0,0,0.7960247651817304,0.5920495303634606,0.7960247651817304,0.5920495303634606,1.0,1,0.24830309491304928,68
3718,3,7111,7111,0,0,0,0,0.7935422033412035,0.5870844066824069,0.7935422033412035,0.5870844066824069,1.0,1,0.24971742460223,68
3719,0,7111,7111,0,0,0,0,0.7935422033412034,0.5870844066824069,0.7935422033412034,0.5870844066824069,1.0,1,0.2693314896026951,68
3720,2,7113,7113,0,0,0,0,0.8077168487543012,0.6037801731906811,0.8077168487543012,0.6037801731906811,1.0,1,0.24519932975291148,68
3721,2,7115,7115,0,0,0,0,0.79721385940459,0.5824991223035677,0.79721385940459,0.5824991223035677,1.0,1,0.23465986097011815,70
3722,1,7116,7116,0,0,0,0,0.7855894852717596,0.5650529558369982,0.7855894852717596,0.5650529558369982,1.0,1,0.23467507360193174,71
3723,3,7119,7119,0,0,0,0,0.8144917949043163,0.6008762860062563,0.8144917949043163,0.6008762860062563,1.0,1,0.20876707352491422,71
3724,3,7122,7122,0,0,0,0,0.8171438474102505,0.6010411216223646,0.8171438474102505,0.6010411216223646,1.0,1,0.2194703627782872,72
3725,4,7126,7126,0,0,0,0,0.8244744505068771,0.6364672210800546,0.8244744505068771,0.6364672210800546,1.0,1,0.23187371542160168,72
3726,2,7128,7128,0,0,0,0,0.8215218249836009,0.6874977207318437,0.8215218249836009,0.6874977207318437,1.0,1,0.2520479232098731,71
3727,1,7129,7129,0,0,0,0,0.8086341094661462,0.6874977207318437,0.8086341094661462,0.6874977207318437,1.0,1,0.2678581084560223,71
3728,3,7132,7132,0,0,0,0,0.8337439063320163,0.7365365026803047,0.8337439063320163,0.7365365026803047,1.0,1,0.2577164876629171,70
3729,2,7134,7134,0,0,0,0,0.8337692483710892,0.6912627858011865,0.8337692483710892,0.6912627858011865,1.0,1,0.2577164876629171,70
3730,1,7135,7135,0,0,0,0,0.8199495843827154,0.6660697278740758,0.8199495843827154,0.6660697278740758,1.0,1,0.2577164876629171,71
3731,1,7136,7136,0,0,0,0,0.8200930312353321,0.6861580455633723,0.8200930312353321,0.6861580455633723,1.0,1,0.2577164876629171,71
3732,1,7137,7137,0,0,0,0,0.8232644118941207,0.6606877544750395,0.8232644118941207,0.6606877544750395,1.0,1,0.2514185529913238,72
3733,0,7137,7137,0,0,0,0,0.8120335893131037,0.6394853870235827,0.8120335893131037,0.6394853870235827,1.0,1,0.2514185529913238,73
3734,1,7138,7138,0,0,0,0,0.8031419534218821,0.6394853870235827,0.8031419534218821,0.6394853870235827,1.0,1,0.24160054586413435,74
3735,1,7139,7139,0,0,0,0,0.8366576260004186,0.6581639753010694,0.8366576260004186,0.6581639753010694,1.0,1,0.23412618395352267,72
3736,1,7140,7140,0,0,0,0,0.8491691391012491,0.6581639753010694,0.8491691391012491,0.6581639753010694,1.0,1,0.20596605158669312,72
3737,1,7141,7141,0,0,0,0,0.8631378212235086,0.6767731943567714,0.8631378212235086,0.6767731943567714,1.0,1,0.19397661318317946,73
3738,0,7141,7141,0,0,0,0,0.8580532186352117,0.659327724724508,0.8580532186352117,0.659327724724508,1.0,1,0.19299762082412678,72
3739,0,7141,7141,0,0,0,0,0.8599976950922635,0.659327724724508,0.8599976950922635,0.659327724724508,1.0,1,0.18606042906105982,73
3740,1,7142,7142,0,0,0,0,0.8539975963105034,0.659327724724508,0.8539975963105034,0.659327724724508,1.0,1,0.18802431473958137,70
3741,0,7142,7142,0,0,0,0,0.8539975963105034,0.659327724724508,0.8539975963105034,0.659327724724508,1.0,1,0.18802431473958137,70
3742,1,7143,7143,0,0,0,0,0.8539975963105034,0.659327724724508,0.8539975963105034,0.659327724724508,1.0,1,0.20699114439639957,70
3743,0,7143,7143,0,0,0,0,0.8467848034057326,0.659327724724508,0.8467848034057326,0.659327724724508,1.0,1,0.23542388746080473,69
3744,5,7148,7148,0,0,0,0,0.8547611244637227,0.665950586266562,0.8547611244637227,0.665950586266562,1.0,1,0.22536562134431,69
3745,4,7152,7152,0,0,0,0,0.8676579331219152,0.6896806707686288,0.8676579331219152,0.6896806707686288,1.0,1,0.20428321979335373,68
3746,1,7153,7153,0,0,0,0,0.8812817104491855,0.7201640317730801,0.8812817104491855,0.7201640317730801,1.0,1,0.2193322451719307,66
3747,3,7156,7156,0,0,0,0,0.8947142875418657,0.7426349251023383,0.8947142875418657,0.7426349251023383,1.0,1,0.1926097293807665,66
3748,2,7158,7158,0,0,0,0,0.9246264746539979,0.8040288341003945,0.9246264746539979,0.8040288341003945,1.0,1,0.1697412730034822,65
3749,0,7158,7158,0,0,0,0,0.9234487633204667,0.8040288341003945,0.9234487633204667,0.8040288341003945,1.0,1,0.1750381913922903,64
3750,3,7161,7161,0,0,0,0,0.9222336643255534,0.8040288341003945,0.9222336643255534,0.8040288341003945,1.0,1,0.20256207786441435,63
3751,2,7163,7163,0,0,0,0,0.8909643813324805,0.8040288341003945,0.8909643813324805,0.8040288341003945,1.0,1,0.23026198401464076,64
3752,1,7164,7164,0,0,0,0,0.8785135123121397,0.8040288341003945,0.8785135123121397,0.8040288341003945,1.0,1,0.24368853275837296,64
3753,4,7168,7168,0,0,0,0,0.8732238519734096,0.8024474288531115,0.8732238519734096,0.8024474288531115,1.0,1,0.24965665363293052,65
3754,3,7171,7171,0,0,0,0,0.8740500952026401,0.8058008744490287,0.8740500952026401,0.8058008744490287,1.0,1,0.23912586050038892,65
3755,3,7174,7174,0,0,0,0,0.8751622791423744,0.8158200263334255,0.8751622791423744,0.8158200263334255,1.0,1,0.23620448226908106,65
3756,3,7177,7177,0,0,0,0,0.860240922721826,0.7775166712037377,0.860240922721826,0.7775166712037377,1.0,1,0.2458759963569529,65
3757,2,7179,7179,0,0,0,0,0.8761537964937206,0.7754939708181012,0.8761537964937206,0.7754939708181012,1.0,1,0.23728506014763037,65
3758,3,7182,7182,0,0,0,0,0.8758084461400607,0.7388852959184203,0.8758084461400607,0.7388852959184203,1.0,1,0.24795986816311802,64
3759,1,7183,7183,0,0,0,0,0.8758084461400607,0.7388852959184203,0.8758084461400607,0.7388852959184203,1.0,1,0.23731091020281728,64
3760,2,7185,7185,0,0,0,0,0.8454623133533538,0.6754708580420428,0.8454623133533538,0.6754708580420428,1.0,1,0.2672018358001269,63
3761,2,7187,7187,0,0,0,0,0.8278354642843087,0.6501172338681113,0.8278354642843087,0.6501172338681113,1.0,1,0.25559345744644,63
3762,2,7189,7189,0,0,0,0,0.8183716031134549,0.6310673188242053,0.8183716031134549,0.6310673188242053,1.0,1,0.2631244835790408,65
3763,1,7190,7190,0,0,0,0,0.818371603113455,0.6310673188242053,0.818371603113455,0.6310673188242053,1.0,1,0.2567402393292347,65
3764,5,7195,7195,0,0,0,0,0.8215541198002307,0.6319553720879757,0.8215541198002307,0.6319553720879757,1.0,1,0.26056160917125654,66
3765,2,7197,7197,0,0,0,0,0.8286307605819464,0.6492103065055524,0.8286307605819464,0.6492103065055524,1.0,1,0.2438473603167923,67
3766,4,7201,7201,0,0,0,0,0.8425794944843389,0.6618420000988732,0.8425794944843389,0.6618420000988732,1.0,1,0.22626171304350426,67
3767,0,7201,7201,0,0,0,0,0.8448945019183928,0.6618420000988732,0.8448945019183928,0.6618420000988732,1.0,1,0.21990613139804216,68
3768,2,7203,7203,0,0,0,0,0.8735343664960756,0.7117584438483059,0.8735343664960756,0.7117584438483059,1.0,1,0.2162304769796068,67
3769,2,7205,7205,0,0,0,0,0.8759382117121298,0.7086489457375872,0.8759382117121298,0.7086489457375872,1.0,1,0.19483917037907705,69
3770,0,7205,7205,0,0,0,0,0.8759382117121298,0.7086489457375872,0.8759382117121298,0.7086489457375872,1.0,1,0.19483917037907705,69
3771,2,7207,7207,0,0,0,0,0.8877401425659468,0.7280186559098453,0.8877401425659468,0.7280186559098453,1.0,1,0.18990330270273534,69
3772,4,7211,7211,0,0,0,0,0.8761397789357394,0.7406049561808495,0.8761397789357394,0.7406049561808495,1.0,1,0.18998002711375966,70
3773,4,7215,7215,0,0,0,0,0.8989819625736709,0.7455842020373934,0.8989819625736709,0.7455842020373934,1.0,1,0.17315590539443673,68
3774,4,7219,7219,0,0,0,0,0.9100416144631035,0.796565758079907,0.9100416144631035,0.796565758079907,1.0,1,0.17809602463180796,68
3775,1,7220,7220,0,0,0,0,0.9180363607890756,0.8202365468017151,0.9180363607890756,0.8202365468017151,1.0,1,0.1673739428325085,68
3776,2,7222,7222,0,0,0,0,0.9643232909081846,0.9017422339731092,0.9643232909081846,0.9017422339731092,1.0,1,0.15422316637535244,66
3777,3,7225,7225,0,0,0,0,0.9487475175043782,0.8611911932410244,0.9487475175043782,0.8611911932410244,1.0,1,0.16011667411890182,65
3778,3,7228,7228,0,0,0,0,0.9375017685490654,0.853006383615608,0.9375017685490654,0.853006383615608,1.0,1,0.1925915797208144,65
3779,1,7229,7229,0,0,0,0,0.9570082020045566,0.9017422339731092,0.9570082020045566,0.9017422339731092,1.0,1,0.1733927963582353,65
3780,1,7230,7230,0,0,0,0,0.9646886153340861,0.9017422339731092,0.9646886153340861,0.9017422339731092,1.0,1,0.18426986532838258,64
3781,1,7231,7231,0,0,0,0,0.948215404861044,0.8619077462961173,0.948215404861044,0.8619077462961173,1.0,1,0.18315549231766978,64
3782,1,7232,7232,0,0,0,0,0.913706760900932,0.8280139142626411,0.913706760900932,0.8280139142626411,1.0,1,0.19932555549154082,67
3783,0,7232,7232,0,0,0,0,0.9267246023557371,0.8280139142626411,0.9267246023557371,0.8280139142626411,1.0,1,0.20621226998548317,65
3784,2,7234,7234,0,0,0,0,0.9252842930320726,0.8638941631689332,0.9252842930320726,0.8638941631689332,1.0,1,0.21893349166208628,65
3785,3,7237,7237,0,0,0,0,0.8883708074690994,0.8280139142626411,0.8883708074690994,0.8280139142626411,1.0,1,0.2586612891056482,63
3786,1,7238,7238,0,0,0,0,0.8536266132538995,0.7964892501887175,0.8536266132538995,0.7964892501887175,1.0,1,0.25158306970429295,66
3787,1,7239,7239,0,0,0,0,0.8513747149962673,0.7964892501887175,0.8513747149962673,0.7964892501887175,1.0,1,0.24797105521068455,65
3788,2,7241,7241,0,0,0,0,0.8684936120664091,0.794985710252131,0.8684936120664091,0.794985710252131,1.0,1,0.2377465445307237,65
3789,3,7244,7244,0,0,0,0,0.8835885487143176,0.8025883995769683,0.8835885487143176,0.8025883995769683,1.0,1,0.21638702395673706,65
3790,4,7248,7248,0,0,0,0,0.8657879495747091,0.7700740295408489,0.8657879495747091,0.7700740295408489,1.0,1,0.24018767944639965,64
3791,3,7251,7251,0,0,0,0,0.8635442276540121,0.7214421129108934,0.8635442276540121,0.7214421129108934,1.0,1,0.23113291987728565,64
3792,3,7254,7254,0,0,0,0,0.8490920046196802,0.7155795913524803,0.8490920046196802,0.7155795913524803,1.0,1,0.23891755613959542,65
3793,2,7256,7256,0,0,0,0,0.8281811548965502,0.6943542289403981,0.8281811548965502,0.6943542289403981,1.0,1,0.2290513589610668,68
3794,5,7261,7261,0,0,0,0,0.8316052628563905,0.7181860379086465,0.8316052628563905,0.7181860379086465,1.0,1,0.22816343382013352,68
3795,4,7265,7265,0,0,0,0,0.8642229567976878,0.7158337339372994,0.8642229567976878,0.7158337339372994,1.0,1,0.20388751486055048,69
3796,0,7265,7265,0,0,0,0,0.8642229567976878,0.7158337339372994,0.8642229567976878,0.7158337339372994,1.0,1,0.20388751486055048,69
3797,2,7267,7267,0,0,0,0,0.8857957517623076,0.7761837409172899,0.8857957517623076,0.7761837409172899,1.0,1,0.20179817093792948,70
3798,3,7270,7270,0,0,0,0,0.8715640717817498,0.7137702708976142,0.8715640717817498,0.7137702708976142,1.0,1,0.20928677672522147,70
3799,1,7271,7271,0,0,0,0,0.8863002118580204,0.744448837482562,0.8863002118580204,0.744448837482562,1.0,1,0.21271244005806647,69
3800,3,7274,7274,0,0,0,0,0.8830577537553088,0.7716005891317845,0.8830577537553088,0.7716005891317845,1.0,1,0.21979684801872576,69
3801,4,7278,7278,0,0,0,0,0.9164499743383199,0.8776027450446259,0.9164499743383199,0.8776027450446259,1.0,1,0.21746426822342382,67
3802,1,7279,7279,0,0,0,0,0.9164499743383199,0.8776027450446259,0.9164499743383199,0.8776027450446259,1.0,1,0.21004130412391245,67
3803,3,7282,7282,0,0,0,0,0.9063734737229394,0.7949497250512191,0.9063734737229394,0.7949497250512191,1.0,1,0.19754953324959468,69
3804,3,7285,7285,0,0,0,0,0.9071983672243906,0.8178300745564968,0.9071983672243906,0.8178300745564968,1.0,1,0.19840199634266947,70
3805,4,7289,7289,0,0,0,0,0.8811844688022087,0.7321301079972206,0.8811844688022087,0.7321301079972206,1.0,1,0.21386238368864022,71
3806,2,7291,7291,0,0,0,0,0.8701888401156931,0.6927802549404737,0.8701888401156931,0.6927802549404737,1.0,1,0.21346162424628978,71
3807,0,7291,7291,0,0,0,0,0.870992699334591,0.6927802549404737,0.870992699334591,0.6927802549404737,1.0,1,0.21386238368864022,72
3808,0,7291,7291,0,0,0,0,0.870992699334591,0.6927802549404737,0.870992699334591,0.6927802549404737,1.0,1,0.21386238368864022,72
3809,0,7291,7291,0,0,0,0,0.870992699334591,0.6927802549404737,0.870992699334591,0.6927802549404737,1.0,1,0.21386238368864022,72
3810,1,7292,7292,0,0,0,0,0.870992699334591,0.6927802549404737,0.870992699334591,0.6927802549404737,1.0,1,0.20571970704875175,72
3811,1,7293,7293,0,0,0,0,0.8869338271901124,0.7231828182930339,0.8869338271901124,0.7231828182930339,1.0,1,0.19803415476346914,71
3812,0,7293,7293,0,0,0,0,0.8815800267433875,0.7231828182930339,0.8815800267433875,0.7231828182930339,1.0,1,0.19854263173137626,72
3813,1,7294,7294,0,0,0,0,0.8757833775874005,0.7060206602901813,0.8757833775874005,0.7060206602901813,1.0,1,0.19464136751043976,71
3814,2,7296,7296,0,0,0,0,0.8696178875293045,0.7060206602901813,0.8696178875293045,0.7060206602901813,1.0,1,0.21560102014260993,72
3815,0,7296,7296,0,0,0,0,0.8757833775874005,0.7060206602901813,0.8757833775874005,0.7060206602901813,1.0,1,0.2090918920381241,71
3816,2,7298,7298,0,0,0,0,0.8596082626006353,0.6875151651433494,0.8596082626006353,0.6875151651433494,1.0,1,0.22739222100211087,69
3817,2,7300,7300,0,0,0,0,0.851203437265056,0.6652077338463758,0.851203437265056,0.6652077338463758,1.0,1,0.22350347565006215,72
3818,0,7300,7300,0,0,0,0,0.8512034372650558,0.6652077338463758,0.8512034372650558,0.6652077338463758,1.0,1,0.21050242939244315,72
3819,2,7302,7302,0,0,0,0,0.8486251215252685,0.659406523431854,0.8486251215252685,0.659406523431854,1.0,1,0.21032317593614266,72
3820,1,7303,7303,0,0,0,0,0.8622431473925544,0.6800486003956101,0.8622431473925544,0.6800486003956101,1.0,1,0.19538972614078634,72
3821,2,7305,7305,0,0,0,0,0.8637229986245935,0.6834856742248624,0.8637229986245935,0.6834856742248624,1.0,1,0.20165605071505946,72
3822,0,7305,7305,0,0,0,0,0.8577979116082715,0.6834856742248624,0.8577979116082715,0.6834856742248624,1.0,1,0.21557146425462037,69
3823,2,7307,7307,0,0,0,0,0.8577979116082716,0.6834856742248624,0.8577979116082716,0.6834856742248624,1.0,1,0.23841076847022166,69
3824,5,7312,7312,0,0,0,0,0.8477800829707223,0.6808292062289338,0.8477800829707223,0.6808292062289338,1.0,1,0.26426892279543096,65
3825,1,7313,7313,0,0,0,0,0.8282402450661156,0.6564804901322313,0.8282402450661156,0.6564804901322313,1.0,1,0.27580196840697985,64
3826,3,7316,7316,0,0,0,0,0.8034417414759523,0.6242268587040264,0.8034417414759523,0.6242268587040264,1.0,1,0.29783678489932686,65
3827,2,7318,7318,0,0,0,0,0.8023486851103746,0.6279504660901171,0.8023486851103746,0.6279504660901171,1.0,1,0.3061185143763034,64
3828,2,7320,7320,0,0,0,0,0.8019397359655458,0.6213553775811905,0.8019397359655458,0.6213553775811905,1.0,1,0.3017090245456434,65
3829,3,7323,7323,0,0,0,0,0.791506547901302,0.6127978746738466,0.791506547901302,0.6127978746738466,1.0,1,0.3057088071089908,65
3830,1,7324,7324,0,0,0,0,0.8072789163023141,0.6372309012749442,0.8072789163023141,0.6372309012749442,1.0,1,0.305324778063341,64
3831,1,7325,7325,0,0,0,0,0.8212475699022029,0.6587453607223873,0.8212475699022029,0.6587453607223873,1.0,1,0.30542519318344274,63
3832,1,7326,7326,0,0,0,0,0.8209363907167392,0.6527251213900398,0.8209363907167392,0.6527251213900398,1.0,1,0.2979632492957324,64
3833,2,7328,7328,0,0,0,0,0.8175279238955524,0.6461147614944047,0.8175279238955524,0.6461147614944047,1.0,1,0.31033924387497114,64
3834,3,7331,7331,0,0,0,0,0.8485601287649698,0.6922351003933256,0.8485601287649698,0.6922351003933256,1.0,1,0.3039372808599942,63
3835,1,7332,7332,0,0,0,0,0.8337941054260517,0.6727821450575393,0.8337941054260517,0.6727821450575393,1.0,1,0.31302251987195057,63
3836,2,7334,7334,0,0,0,0,0.8374389813450493,0.6799579945230658,0.8374389813450493,0.6799579945230658,1.0,1,0.3201986675751147,63
3837,2,7336,7336,0,0,0,0,0.8406547380918322,0.6912685550529251,0.8406547380918322,0.6912685550529251,1.0,1,0.32830411047216973,62
3838,1,7337,7337,0,0,0,0,0.8521233136865418,0.7066807650792967,0.8521233136865418,0.7066807650792967,1.0,1,0.3274404275459486,62
3839,0,7337,7337,0,0,0,0,0.8484517286243033,0.7066807650792967,0.8484517286243033,0.7066807650792967,1.0,1,0.33006018376832924,60
3840,1,7338,7338,0,0,0,0,0.863996042503839,0.7349759450131712,0.863996042503839,0.7349759450131712,1.0,1,0.31658297842016336,62
3841,0,7338,7338,0,0,0,0,0.863996042503839,0.7349759450131712,0.863996042503839,0.7349759450131712,1.0,1,0.31658297842016336,62
3842,4,7342,7342,0,0,0,0,0.8520256328335875,0.6992778989843872,0.8520256328335875,0.6992778989843872,1.0,1,0.2782137361251652,63
3843,2,7344,7344,0,0,0,0,0.8698329580943873,0.7223103106013595,0.8698329580943873,0.7223103106013595,1.0,1,0.25861018688818166,64
3844,3,7347,7347,0,0,0,0,0.9037060486347465,0.776460470044947,0.9037060486347465,0.776460470044947,1.0,1,0.22076950269741946,65
3845,4,7351,7351,0,0,0,0,0.9212741798780787,0.8075591063686369,0.9212741798780787,0.8075591063686369,1.0,1,0.19643852384217025,66
3846,3,7354,7354,0,0,0,0,0.9185143449018831,0.7977948558676359,0.9185143449018831,0.7977948558676359,1.0,1,0.15584205856407204,67
3847,6,7360,7360,0,0,0,0,0.9179068999385305,0.7962874924400569,0.9179068999385305,0.7962874924400569,1.0,1,0.1477350068706337,67
3848,3,7363,7363,0,0,0,0,0.9344440329433323,0.8310673156616641,0.9344440329433323,0.8310673156616641,1.0,1,0.148337727226223,67
3849,3,7366,7366,0,0,0,0,0.9040416569715591,0.7703853934676596,0.9040416569715591,0.7703853934676596,1.0,1,0.16824297891228324,67
3850,3,7369,7369,0,0,0,0,0.9208924448196707,0.8007661573236151,0.9208924448196707,0.8007661573236151,1.0,1,0.15660720688482868,68
3851,1,7370,7370,0,0,0,0,0.9208924448196707,0.8007661573236151,0.9208924448196707,0.8007661573236151,1.0,1,0.1748672243742653,68
3852,2,7372,7372,0,0,0,0,0.8897236071251284,0.7338156034054825,0.8897236071251284,0.7338156034054825,1.0,1,0.192057001737181,70
3853,1,7373,7373,0,0,0,0,0.9046906106683389,0.7617265266708475,0.9046906106683389,0.7617265266708475,1.0,1,0.1930068136592669,70
3854,2,7375,7375,0,0,0,0,0.9001455828738717,0.7503639571846794,0.9001455828738717,0.7503639571846794,1.0,1,0.18683534987354272,70
3855,3,7378,7378,0,0,0,0,0.8990844799378336,0.7513153255610898,0.8990844799378336,0.7513153255610898,1.0,1,0.22161355575465574,69
3856,0,7378,7378,0,0,0,0,0.900526130224436,0.7513153255610898,0.900526130224436,0.7513153255610898,1.0,1,0.21233898328186684,70
3857,0,7378,7378,0,0,0,0,0.8976004281722135,0.7513153255610898,0.8976004281722135,0.7513153255610898,1.0,1,0.22947736210419012,68
3858,5,7383,7383,0,0,0,0,0.8871898093758582,0.7393695595925003,0.8871898093758582,0.7393695595925003,1.0,1,0.24149258089372844,67
3859,1,7384,7384,0,0,0,0,0.8854805640633714,0.7393695595925003,0.8854805640633714,0.7393695595925003,1.0,1,0.2461011524204271,66
3860,3,7387,7387,0,0,0,0,0.8380699245860319,0.666019219458691,0.8380699245860319,0.666019219458691,1.0,1,0.284131532968834,66
3861,0,7387,7387,0,0,0,0,0.8380699245860319,0.666019219458691,0.8380699245860319,0.666019219458691,1.0,1,0.2861604896877484,66
3862,3,7390,7390,0,0,0,0,0.7919665147583621,0.6077082849729114,0.7919665147583621,0.6077082849729114,1.0,1,0.3169139506041576,66
3863,0,7390,7390,0,0,0,0,0.7956529831336228,0.62135699815936,0.7956529831336228,0.62135699815936,1.0,1,0.320090205715103,63
3864,3,7393,7393,0,0,0,0,0.7828601309683851,0.6091482357430932,0.7828601309683851,0.6091482357430932,1.0,1,0.34045809179716086,63
3865,3,7396,7396,0,0,0,0,0.7204529471003444,0.5512534150821319,0.7204529471003444,0.5512534150821319,1.0,1,0.406764172768492,61
3866,2,7398,7398,0,0,0,0,0.7175601405078535,0.5466096992362912,0.7175601405078535,0.5466096992362912,1.0,1,0.3832411447577962,61
3867,2,7400,7400,0,0,0,0,0.7477449221691274,0.5795748702818789,0.7477449221691274,0.5795748702818789,1.0,1,0.3646772423724522,60
3868,0,7400,7400,0,0,0,0,0.7434694123753838,0.5795748702818789,0.7434694123753838,0.5795748702818789,1.0,1,0.3434810897026309,59
3869,0,7400,7400,0,0,0,0,0.7518802513138957,0.5795748702818789,0.7518802513138957,0.5795748702818789,1.0,1,0.3150102745768117,61
3870,0,7400,7400,0,0,0,0,0.7381122818494005,0.5682391673733358,0.7381122818494005,0.5682391673733358,1.0,1,0.3166891703658673,61
3871,2,7402,7402,0,0,0,0,0.7194801287003346,0.5396596983800362,0.7194801287003346,0.5396596983800362,1.0,1,0.30572096304938573,64
3872,1,7403,7403,0,0,0,0,0.7324752886734558,0.5564721891165189,0.7324752886734558,0.5564721891165189,1.0,1,0.27951343252771,63
3873,3,7406,7406,0,0,0,0,0.7443287463218435,0.571577899242008,0.7443287463218435,0.571577899242008,1.0,1,0.262589774500618,62
3874,3,7409,7409,0,0,0,0,0.7501292295154476,0.5745443637695461,0.7501292295154476,0.5745443637695461,1.0,1,0.24474310176409167,63
3875,1,7410,7410,0,0,0,0,0.7419367452372657,0.5745443637695461,0.7419367452372657,0.5745443637695461,1.0,1,0.26444132856729946,61
3876,1,7411,7411,0,0,0,0,0.7592326489604863,0.5853451176541707,0.7592326489604863,0.5853451176541707,1.0,1,0.2537967494021502,62
3877,4,7415,7415,0,0,0,0,0.746942448819998,0.569118223666483,0.746942448819998,0.569118223666483,1.0,1,0.27009352887296467,63
3878,0,7415,7415,0,0,0,0,0.7469424488199979,0.569118223666483,0.7469424488199979,0.569118223666483,1.0,1,0.27009352887296467,63
3879,2,7417,7417,0,0,0,0,0.746942448819998,0.569118223666483,0.746942448819998,0.569118223666483,1.0,1,0.3127003069237692,63
3880,2,7419,7419,0,0,0,0,0.7418088673375972,0.5583572730774689,0.7418088673375972,0.5583572730774689,1.0,1,0.28845154707994086,65
3881,1,7420,7420,0,0,0,0,0.7418088673375972,0.5583572730774689,0.7418088673375972,0.5583572730774689,1.0,1,0.30357504464791496,65
3882,2,7422,7422,0,0,0,0,0.7410101859695662,0.5501755861576678,0.7410101859695662,0.5501755861576678,1.0,1,0.2899213185071745,66
3883,1,7423,7423,0,0,0,0,0.7410101859695662,0.5501755861576678,0.7410101859695662,0.5501755861576678,1.0,1,0.2780929437555861,66
3884,3,7426,7426,0,0,0,0,0.7713163783338092,0.5807466936119834,0.7713163783338092,0.5807466936119834,1.0,1,0.2854729093045623,66
3885,0,7426,7426,0,0,0,0,0.7713163783338092,0.5807466936119834,0.7713163783338092,0.5807466936119834,1.0,1,0.2854729093045623,66
3886,2,7428,7428,0,0,0,0,0.7542482092364619,0.5682738810910817,0.7542482092364619,0.5682738810910817,1.0,1,0.27674715394367705,65
3887,0,7428,7428,0,0,0,0,0.7542482092364619,0.5682738810910817,0.7542482092364619,0.5682738810910817,1.0,1,0.2695519273033195,65
3888,3,7431,7431,0,0,0,0,0.7542220585779713,0.5615852936796244,0.7542220585779713,0.5615852936796244,1.0,1,0.2718730695346826,66
3889,1,7432,7432,0,0,0,0,0.7465414979085329,0.5615852936796244,0.7465414979085329,0.5615852936796244,1.0,1,0.2850357543575575,64
3890,2,7434,7434,0,0,0,0,0.7571856276823902,0.5750748484441827,0.7571856276823902,0.5750748484441827,1.0,1,0.29310188690758127,63
3891,2,7436,7436,0,0,0,0,0.7675766004530105,0.5738904341638527,0.7675766004530105,0.5738904341638527,1.0,1,0.2375228597208727,66
3892,6,7442,7442,0,0,0,0,0.744001318028181,0.5486339028391612,0.744001318028181,0.5486339028391612,1.0,1,0.2051527971837612,67
3893,0,7442,7442,0,0,0,0,0.7401225501195171,0.5486339028391612,0.7401225501195171,0.5486339028391612,1.0,1,0.21255251702384853,66
3894,3,7445,7445,0,0,0,0,0.7114517251622973,0.5166816396468479,0.7114517251622973,0.5166816396468479,1.0,1,0.2399790185538607,67
3895,2,7447,7447,0,0,0,0,0.7070930620633377,0.516703552404507,0.7070930620633377,0.516703552404507,1.0,1,0.2783751213667164,66
3896,4,7451,7451,0,0,0,0,0.6789419551439336,0.4954802152261814,0.6789419551439336,0.4954802152261814,1.0,1,0.2958418444928176,66
3897,2,7453,7453,0,0,0,0,0.7039211324985529,0.5188718403101484,0.7039211324985529,0.5188718403101484,1.0,1,0.30265856025513005,65
3898,1,7454,7454,0,0,0,0,0.7192511491989324,0.5320852486648874,0.7192511491989324,0.5320852486648874,1.0,1,0.2860635101240941,65
3899,2,7456,7456,0,0,0,0,0.733606512802839,0.5513372847205708,0.733606512802839,0.5513372847205708,1.0,1,0.2710881670725122,64
3900,3,7459,7459,0,0,0,0,0.6955760494955721,0.5205322779555259,0.6955760494955721,0.5205322779555259,1.0,1,0.27890111839145987,63
3901,3,7462,7462,0,0,0,0,0.7456941881244101,0.5669928068064282,0.7456941881244101,0.5669928068064282,1.0,1,0.2282255207493143,63
3902,0,7462,7462,0,0,0,0,0.7496677164349662,0.5669928068064282,0.7496677164349662,0.5669928068064282,1.0,1,0.23512875347790593,64
3903,4,7466,7466,0,0,0,0,0.7624130146396462,0.5776231371371489,0.7624130146396462,0.5776231371371489,1.0,1,0.23533549772359735,64
3904,0,7466,7466,0,0,0,0,0.7586417926497994,0.5776231371371489,0.7586417926497994,0.5776231371371489,1.0,1,0.23506369419494513,63
3905,2,7468,7468,0,0,0,0,0.797196219255673,0.6242165239149234,0.797196219255673,0.6242165239149234,1.0,1,0.2075766450767687,63
3906,0,7468,7468,0,0,0,0,0.800365028329803,0.6242165239149234,0.800365028329803,0.6242165239149234,1.0,1,0.19981868934374952,64
3907,4,7472,7472,0,0,0,0,0.8279105581500481,0.6558211163000962,0.8279105581500481,0.6558211163000962,1.0,1,0.19735543329293656,64
3908,2,7474,7474,0,0,0,0,0.7960470333785734,0.6220871500838273,0.7960470333785734,0.6220871500838273,1.0,1,0.20292268844261344,63
3909,1,7475,7475,0,0,0,0,0.7927574694008086,0.6220871500838273,0.7927574694008086,0.6220871500838273,1.0,1,0.24562147192640613,62
3910,3,7478,7478,0,0,0,0,0.8071066795670455,0.6375943676714189,0.8071066795670455,0.6375943676714189,1.0,1,0.25745803978166354,62
3911,3,7481,7481,0,0,0,0,0.7857972940004935,0.6083150518866167,0.7857972940004935,0.6083150518866167,1.0,1,0.27155110522049286,64
3912,2,7483,7483,0,0,0,0,0.7563287433964077,0.5785145831721646,0.7563287433964077,0.5785145831721646,1.0,1,0.27234805726540384,64
3913,1,7484,7484,0,0,0,0,0.7748506752933514,0.5934803859463289,0.7748506752933514,0.5934803859463289,1.0,1,0.25317735017715326,65
3914,2,7486,7486,0,0,0,0,0.7929033321891603,0.6153919026370119,0.7929033321891603,0.6153919026370119,1.0,1,0.2508571472734419,65
3915,2,7488,7488,0,0,0,0,0.7791275134994445,0.5950671080823149,0.7791275134994445,0.5950671080823149,1.0,1,0.2273915362872322,66
3916,0,7488,7488,0,0,0,0,0.7791275134994445,0.5950671080823149,0.7791275134994445,0.5950671080823149,1.0,1,0.2273915362872322,66
3917,3,7491,7491,0,0,0,0,0.7934833780103424,0.6105686556766456,0.7934833780103424,0.6105686556766456,1.0,1,0.22553586009126475,66
3918,1,7492,7492,0,0,0,0,0.8087879945727223,0.6231998716580116,0.8087879945727223,0.6231998716580116,1.0,1,0.21977969046657536,67
3919,0,7492,7492,0,0,0,0,0.8115999358290058,0.6231998716580116,0.8115999358290058,0.6231998716580116,1.0,1,0.21247093506200043,68
3920,1,7493,7493,0,0,0,0,0.8143303715416289,0.6231998716580116,0.8143303715416289,0.6231998716580116,1.0,1,0.215517162855747,69
3921,2,7495,7495,0,0,0,0,0.8244941891261657,0.6383516624417959,0.8244941891261657,0.6383516624417959,1.0,1,0.2126588516829815,68
3922,0,7495,7495,0,0,0,0,0.8244941891261657,0.6383516624417959,0.8244941891261657,0.6383516624417959,1.0,1,0.2126588516829815,68
3923,1,7496,7496,0,0,0,0,0.8390521313129714,0.6529561581435944,0.8390521313129714,0.6529561581435944,1.0,1,0.20729227055446106,69
3924,1,7497,7497,0,0,0,0,0.855585582471708,0.6785614577596083,0.855585582471708,0.6785614577596083,1.0,1,0.2033376345279836,69
3925,2,7499,7499,0,0,0,0,0.866353157461971,0.7015220516650685,0.866353157461971,0.7015220516650685,1.0,1,0.2088870326999027,67
3926,5,7504,7504,0,0,0,0,0.8071629750680299,0.6199976273399412,0.8071629750680299,0.6199976273399412,1.0,1,0.23545145949979024,67
3927,4,7508,7508,0,0,0,0,0.7901102224015667,0.6102046987457667,0.7901102224015667,0.6102046987457667,1.0,1,0.236665250993853,65
3928,4,7512,7512,0,0,0,0,0.7855987074446596,0.6018261709686537,0.7855987074446596,0.6018261709686537,1.0,1,0.2401894367067774,65
3929,3,7515,7515,0,0,0,0,0.7964493364685932,0.6168458098232343,0.7964493364685932,0.6168458098232343,1.0,1,0.23245013908730416,64
3930,1,7516,7516,0,0,0,0,0.77787948724533,0.5938367766771746,0.77787948724533,0.5938367766771746,1.0,1,0.21812213392806404,64
3931,2,7518,7518,0,0,0,0,0.7704626589385879,0.59339099583407,0.7704626589385879,0.59339099583407,1.0,1,0.23422265656277655,62
3932,3,7521,7521,0,0,0,0,0.7704626589385879,0.59339099583407,0.7704626589385879,0.59339099583407,1.0,1,0.2530026488015427,62
3933,0,7521,7521,0,0,0,0,0.7704626589385879,0.59339099583407,0.7704626589385879,0.59339099583407,1.0,1,0.2530026488015427,62
3934,1,7522,7522,0,0,0,0,0.7848067614721446,0.6139180132294358,0.7848067614721446,0.6139180132294358,1.0,1,0.25998901771626687,61
3935,0,7522,7522,0,0,0,0,0.77623435959286,0.5908285432555155,0.77623435959286,0.5908285432555155,1.0,1,0.24967973065867755,64
3936,1,7523,7523,0,0,0,0,0.752891098736182,0.5658897680500494,0.752891098736182,0.5658897680500494,1.0,1,0.25763913359349067,65
3937,2,7525,7525,0,0,0,0,0.7581695010935375,0.5686266776263103,0.7581695010935375,0.5686266776263103,1.0,1,0.2688064107346304,66
3938,2,7527,7527,0,0,0,0,0.7450532950019064,0.5571978281612059,0.7450532950019064,0.5571978281612059,1.0,1,0.28768255160342715,66
3939,0,7527,7527,0,0,0,0,0.7488584697033704,0.5571978281612059,0.7488584697033704,0.5571978281612059,1.0,1,0.2752157063675295,67
3940,2,7529,7529,0,0,0,0,0.7561379343496496,0.5571978281612059,0.7561379343496496,0.5571978281612059,1.0,1,0.2565715164602329,69
3941,0,7529,7529,0,0,0,0,0.7561379343496496,0.5571978281612059,0.7561379343496496,0.5571978281612059,1.0,1,0.2565715164602329,69
3942,3,7532,7532,0,0,0,0,0.7410748711352717,0.5419016950854807,0.7410748711352717,0.5419016950854807,1.0,1,0.25700170882490314,69
3943,1,7533,7533,0,0,0,0,0.737267148651967,0.5419016950854807,0.737267148651967,0.5419016950854807,1.0,1,0.2341617972817171,68
3944,3,7536,7536,0,0,0,0,0.7376580192128771,0.5425832129865549,0.7376580192128771,0.5425832129865549,1.0,1,0.2467590657722282,68
3945,4,7540,7540,0,0,0,0,0.7665174615592621,0.5772072952559613,0.7665174615592621,0.5772072952559613,1.0,1,0.2499587000413192,67
3946,3,7543,7543,0,0,0,0,0.7463992305952457,0.5528618013126703,0.7463992305952457,0.5528618013126703,1.0,1,0.25104076307235906,67
3947,2,7545,7545,0,0,0,0,0.7733199270330314,0.5844198662272245,0.7733199270330314,0.5844198662272245,1.0,1,0.2522023882759075,66
3948,2,7547,7547,0,0,0,0,0.7913963306495557,0.6006729758148638,0.7913963306495557,0.6006729758148638,1.0,1,0.24178823018836018,67
3949,1,7548,7548,0,0,0,0,0.8056414398319998,0.6227157361444702,0.8056414398319998,0.6227157361444702,1.0,1,0.2573682158330253,66
3950,1,7549,7549,0,0,0,0,0.8026513081371075,0.6227157361444702,0.8026513081371075,0.6227157361444702,1.0,1,0.2600551141449339,65
3951,1,7550,7550,0,0,0,0,0.8170201016326708,0.6395850486704123,0.8170201016326708,0.6395850486704123,1.0,1,0.24415457234897867,65
3952,2,7552,7552,0,0,0,0,0.8306735571204309,0.6560556629008754,0.8306735571204309,0.6560556629008754,1.0,1,0.22973046951415976,65
3953,2,7554,7554,0,0,0,0,0.8276392489182834,0.6498922243652632,0.8276392489182834,0.6498922243652632,1.0,1,0.2566504474372952,65
3954,3,7557,7557,0,0,0,0,0.8245732551227003,0.6491465102454006,0.8245732551227003,0.6491465102454006,1.0,1,0.2706878215379697,64
3955,2,7559,7559,0,0,0,0,0.8597257866891181,0.7007483449367854,0.8597257866891181,0.7007483449367854,1.0,1,0.2399667359364636,64
3956,1,7560,7560,0,0,0,0,0.8890877344878402,0.7504474025976404,0.8890877344878402,0.7504474025976404,1.0,1,0.224576919398189,63
3957,2,7562,7562,0,0,0,0,0.8890877344878402,0.7504474025976404,0.8890877344878402,0.7504474025976404,1.0,1,0.23675582072426482,63
3958,2,7564,7564,0,0,0,0,0.8589902135852313,0.7038794485289858,0.8589902135852313,0.7038794485289858,1.0,1,0.27512889481943903,63
3959,3,7567,7567,0,0,0,0,0.8553316598985494,0.7010187637903355,0.8553316598985494,0.7010187637903355,1.0,1,0.2587021630251763,62
3960,4,7571,7571,0,0,0,0,0.8213615564630107,0.6538880156470833,0.8213615564630107,0.6538880156470833,1.0,1,0.30046331989081454,62
3961,2,7573,7573,0,0,0,0,0.825412523240082,0.6508250464801639,0.825412523240082,0.6508250464801639,1.0,1,0.2809643769453174,64
3962,2,7575,7575,0,0,0,0,0.8287297330968127,0.6574594661936255,0.8287297330968127,0.6574594661936255,1.0,1,0.2807751623290608,64
3963,4,7579,7579,0,0,0,0,0.8088212845430048,0.6408157467171607,0.8088212845430048,0.6408157467171607,1.0,1,0.2624970674723304,62
3964,2,7581,7581,0,0,0,0,0.8091037689263528,0.6355617406775825,0.8091037689263528,0.6355617406775825,1.0,1,0.2375676631158059,63
3965,5,7586,7586,0,0,0,0,0.8100216551695961,0.637314068960138,0.8100216551695961,0.637314068960138,1.0,1,0.22637220532252827,63
3966,1,7587,7587,0,0,0,0,0.7926812612026055,0.6219481821929864,0.7926812612026055,0.6219481821929864,1.0,1,0.24392649058534227,62
3967,4,7591,7591,0,0,0,0,0.8126379976005063,0.6366312680737091,0.8126379976005063,0.6366312680737091,1.0,1,0.239660543244683,64
3968,0,7591,7591,0,0,0,0,0.809663997562419,0.6366312680737091,0.809663997562419,0.6366312680737091,1.0,1,0.24735374592406464,63
3969,4,7595,7595,0,0,0,0,0.7637866309707879,0.5866266041988789,0.7637866309707879,0.5866266041988789,1.0,1,0.2729655061087297,63
3970,1,7596,7596,0,0,0,0,0.7710547346332253,0.5866266041988789,0.7710547346332253,0.5866266041988789,1.0,1,0.2676370213912706,65
3971,2,7598,7598,0,0,0,0,0.7710547346332253,0.5866266041988789,0.7710547346332253,0.5866266041988789,1.0,1,0.25956881648057345,65
3972,1,7599,7599,0,0,0,0,0.7745236022902976,0.5866266041988789,0.7745236022902976,0.5866266041988789,1.0,1,0.26885459521236554,66
3973,3,7602,7602,0,0,0,0,0.7780370367717692,0.5930679007482437,0.7780370367717692,0.5930679007482437,1.0,1,0.26178948024703547,66
3974,3,7605,7605,0,0,0,0,0.7978317676195062,0.6187684760824974,0.7978317676195062,0.6187684760824974,1.0,1,0.2602342627722617,66
3975,2,7607,7607,0,0,0,0,0.7828071515102284,0.6018131111020856,0.7828071515102284,0.6018131111020856,1.0,1,0.24848281586665608,66
3976,3,7610,7610,0,0,0,0,0.7949550818551732,0.6133438686411836,0.7949550818551732,0.6133438686411836,1.0,1,0.24686901466209013,66
3977,2,7612,7612,0,0,0,0,0.8215230259126689,0.653862838133661,0.8215230259126689,0.653862838133661,1.0,1,0.2605258520059206,64
3978,2,7614,7614,0,0,0,0,0.853426159354039,0.7021241303001439,0.853426159354039,0.7021241303001439,1.0,1,0.2732207697768252,63
3979,1,7615,7615,0,0,0,0,0.8337605756582935,0.6727161333272652,0.8337605756582935,0.6727161333272652,1.0,1,0.2691695943327119,63
3980,3,7618,7618,0,0,0,0,0.845134502876324,0.6852733445551099,0.845134502876324,0.6852733445551099,1.0,1,0.27104707374084513,63
3981,1,7619,7619,0,0,0,0,0.8475542762688815,0.6852733445551099,0.8475542762688815,0.6852733445551099,1.0,1,0.2643218596514624,64
3982,1,7620,7620,0,0,0,0,0.8660459388252241,0.7097662007879856,0.8660459388252241,0.7097662007879856,1.0,1,0.24516743925752996,65
3983,0,7620,7620,0,0,0,0,0.8639529066193682,0.7097662007879856,0.8639529066193682,0.7097662007879856,1.0,1,0.2450581470876531,64
3984,1,7621,7621,0,0,0,0,0.8660459388252241,0.7097662007879856,0.8660459388252241,0.7097662007879856,1.0,1,0.2211233647613579,65
3985,1,7622,7622,0,0,0,0,0.8639529066193682,0.7097662007879856,0.8639529066193682,0.7097662007879856,1.0,1,0.2222946248794207,64
3986,2,7624,7624,0,0,0,0,0.8617934289466598,0.7097662007879856,0.8617934289466598,0.7097662007879856,1.0,1,0.21331965210920925,63
3987,1,7625,7625,0,0,0,0,0.8456243243975952,0.6862687882918869,0.8456243243975952,0.6862687882918869,1.0,1,0.22305654807112918,63
3988,1,7626,7626,0,0,0,0,0.8456243243975952,0.6862687882918869,0.8456243243975952,0.6862687882918869,1.0,1,0.2100457940818753,63
3989,2,7628,7628,0,0,0,0,0.800918243779777,0.6311132164154692,0.800918243779777,0.6311132164154692,1.0,1,0.21809891931294956,63
3990,1,7629,7629,0,0,0,0,0.8118108499967204,0.6464325060544442,0.8118108499967204,0.6464325060544442,1.0,1,0.2314350078373647,62
3991,2,7631,7631,0,0,0,0,0.8254791294560845,0.6618658133211637,0.8254791294560845,0.6618658133211637,1.0,1,0.22355585134719744,62
3992,0,7631,7631,0,0,0,0,0.8335339388658036,0.6618658133211637,0.8335339388658036,0.6618658133211637,1.0,1,0.20032766102762678,65
3993,1,7632,7632,0,0,0,0,0.8335339388658036,0.6618658133211637,0.8335339388658036,0.6618658133211637,1.0,1,0.20749688568141852,65
3994,4,7636,7636,0,0,0,0,0.8130434570605193,0.6374176136931282,0.8130434570605193,0.6374176136931282,1.0,1,0.20461102982402102,64
3995,1,7637,7637,0,0,0,0,0.7979210663468403,0.6196161248881701,0.7979210663468403,0.6196161248881701,1.0,1,0.20374599588989262,64
3996,4,7641,7641,0,0,0,0,0.7899307280408359,0.5978673936781717,0.7899307280408359,0.5978673936781717,1.0,1,0.1792436766595259,67
3997,2,7643,7643,0,0,0,0,0.7667333848352819,0.5649892852333637,0.7667333848352819,0.5649892852333637,1.0,1,0.17189776458380668,69
3998,4,7647,7647,0,0,0,0,0.7686288980822532,0.568524161288526,0.7686288980822532,0.568524161288526,1.0,1,0.1767248771713274,69
3999,2,7649,7649,0,0,0,0,0.7568349019360269,0.5584633745680486,0.7568349019360269,0.5584633745680486,1.0,1,0.17556514767908787,69
4000,2,7651,7651,0,0,0,0,0.7715251014389429,0.5739251891699205,0.7715251014389429,0.5739251891699205,1.0,1,0.16458212587917043,69
4001,1,7652,7652,0,0,0,0,0.7517230382985132,0.5557149106394446,0.7517230382985132,0.5557149106394446,1.0,1,0.2035252237580436,68
4002,4,7656,7656,0,0,0,0,0.7411102798706414,0.548602539261631,0.7411102798706414,0.548602539261631,1.0,1,0.20603131415509263,68
4003,4,7660,7660,0,0,0,0,0.7166510327982818,0.530055371470321,0.7166510327982818,0.530055371470321,1.0,1,0.22463725037745633,68
4004,3,7663,7663,0,0,0,0,0.7437455992162351,0.5597680807048141,0.7437455992162351,0.5597680807048141,1.0,1,0.24576187873709132,67
4005,4,7667,7667,0,0,0,0,0.7263394117417313,0.5416185146674,0.7263394117417313,0.5416185146674,1.0,1,0.2714346108904861,67
4006,2,7669,7669,0,0,0,0,0.758284545451344,0.5738174880326329,0.758284545451344,0.5738174880326329,1.0,1,0.2704879483185388,67
4007,6,7675,7675,0,0,0,0,0.7848195589356197,0.5995252902412922,0.7848195589356197,0.5995252902412922,1.0,1,0.24403098062234746,67
4008,2,7677,7677,0,0,0,0,0.7691233433361802,0.5819260541492993,0.7691233433361802,0.5819260541492993,1.0,1,0.26708715624403584,67
4009,3,7680,7680,0,0,0,0,0.7907768586652942,0.6106124869604087,0.7907768586652942,0.6106124869604087,1.0,1,0.24998611202586674,67
4010,2,7682,7682,0,0,0,0,0.8012674745009153,0.6252472376302974,0.8012674745009153,0.6252472376302974,1.0,1,0.24300747556268376,66
4011,1,7683,7683,0,0,0,0,0.8165106308885342,0.6438147540777427,0.8165106308885342,0.6438147540777427,1.0,1,0.24313789478032719,66
4012,1,7684,7684,0,0,0,0,0.8285873224189214,0.6571746448378429,0.8285873224189214,0.6571746448378429,1.0,1,0.24866083792213609,66
4013,1,7685,7685,0,0,0,0,0.8406898533246797,0.6714228224821519,0.8406898533246797,0.6714228224821519,1.0,1,0.2505121293741976,66
4014,0,7685,7685,0,0,0,0,0.8406898533246797,0.6714228224821519,0.8406898533246797,0.6714228224821519,1.0,1,0.2505121293741976,66
4015,1,7686,7686,0,0,0,0,0.8534062573813724,0.6973548539486398,0.8534062573813724,0.6973548539486398,1.0,1,0.28415807499714907,64
4016,0,7686,7686,0,0,0,0,0.8534062573813724,0.6973548539486398,0.8534062573813724,0.6973548539486398,1.0,1,0.29983990641980846,64
4017,1,7687,7687,0,0,0,0,0.8660898912261805,0.7267745610637716,0.8660898912261805,0.7267745610637716,1.0,1,0.2879910024524866,66
4018,0,7687,7687,0,0,0,0,0.8573957050901193,0.7267745610637716,0.8573957050901193,0.7267745610637716,1.0,1,0.28447451222929687,67
4019,1,7688,7688,0,0,0,0,0.8573957050901193,0.7267745610637716,0.8573957050901193,0.7267745610637716,1.0,1,0.29401162222250976,67
4020,1,7689,7689,0,0,0,0,0.8427090901762891,0.7089201465325883,0.8427090901762891,0.7089201465325883,1.0,1,0.3270394815479835,66
4021,0,7689,7689,0,0,0,0,0.8427090901762891,0.7089201465325883,0.8427090901762891,0.7089201465325883,1.0,1,0.3270394815479835,66
4022,1,7690,7690,0,0,0,0,0.82674483733487,0.6850901204680182,0.82674483733487,0.6850901204680182,1.0,1,0.33869891285569315,66
4023,1,7691,7691,0,0,0,0,0.8444515840994855,0.6850901204680182,0.8444515840994855,0.6850901204680182,1.0,1,0.3382497546242023,66
4024,3,7694,7694,0,0,0,0,0.8675723306283092,0.7180572200473679,0.8675723306283092,0.7180572200473679,1.0,1,0.3112697873350896,66
4025,2,7696,7696,0,0,0,0,0.8540603893918778,0.698999553120748,0.8540603893918778,0.698999553120748,1.0,1,0.28687517334771895,66
4026,2,7698,7698,0,0,0,0,0.8858405960220802,0.7491762314026675,0.8858405960220802,0.7491762314026675,1.0,1,0.285270656164265,66
4027,0,7698,7698,0,0,0,0,0.8824263584700004,0.7491762314026675,0.8824263584700004,0.7491762314026675,1.0,1,0.28644409379055763,64
4028,5,7703,7703,0,0,0,0,0.8556376534522827,0.7157866302341814,0.8556376534522827,0.7157866302341814,1.0,1,0.3009217038219388,63
4029,0,7703,7703,0,0,0,0,0.8533092285079646,0.7157866302341814,0.8533092285079646,0.7157866302341814,1.0,1,0.291105362422665,62
4030,4,7707,7707,0,0,0,0,0.7879277439025018,0.6288735518293781,0.7879277439025018,0.6288735518293781,1.0,1,0.31990350700886777,63
4031,0,7707,7707,0,0,0,0,0.7845072236428647,0.6288735518293781,0.7845072236428647,0.6288735518293781,1.0,1,0.32147387897177576,62
4032,2,7709,7709,0,0,0,0,0.7706360324644149,0.6156603787241547,0.7706360324644149,0.6156603787241547,1.0,1,0.3303794597905516,62
4033,1,7710,7710,0,0,0,0,0.7488736222775298,0.5968760778665612,0.7488736222775298,0.5968760778665612,1.0,1,0.36411483089084895,61
4034,3,7713,7713,0,0,0,0,0.7618337139142327,0.6137844009419989,0.7618337139142327,0.6137844009419989,1.0,1,0.35540810953045104,60
4035,2,7715,7715,0,0,0,0,0.7968282913079471,0.6575105482048249,0.7968282913079471,0.6575105482048249,1.0,1,0.3609396893148827,59
4036,1,7716,7716,0,0,0,0,0.8074650566455124,0.6715580378070507,0.8074650566455124,0.6715580378070507,1.0,1,0.3478706821679496,58
4037,2,7718,7718,0,0,0,0,0.8455771833441079,0.7152829317906991,0.8455771833441079,0.7152829317906991,1.0,1,0.33128592088263614,59
4038,1,7719,7719,0,0,0,0,0.8429147209879718,0.7152829317906991,0.8429147209879718,0.7152829317906991,1.0,1,0.3231111940208866,58
4039,3,7722,7722,0,0,0,0,0.8383106757403453,0.7170436825456042,0.8383106757403453,0.7170436825456042,1.0,1,0.37324249784461005,56
4040,1,7723,7723,0,0,0,0,0.8553295677641696,0.743326652484817,0.8553295677641696,0.743326652484817,1.0,1,0.384934514826643,55
4041,1,7724,7724,0,0,0,0,0.8683223487487673,0.7629802277477813,0.8683223487487673,0.7629802277477813,1.0,1,0.3929881330475271,54
4042,2,7726,7726,0,0,0,0,0.8926104801234477,0.792627134031485,0.8926104801234477,0.792627134031485,1.0,1,0.3741666934916468,56
4043,1,7727,7727,0,0,0,0,0.9092079730249204,0.8184159460498407,0.9092079730249204,0.8184159460498407,1.0,1,0.37200622301894987,56
4044,1,7728,7728,0,0,0,0,0.9302014235112113,0.8807754695349311,0.9302014235112113,0.8807754695349311,1.0,1,0.36851764220573885,56
4045,2,7730,7730,0,0,0,0,0.9354166550064548,0.869404725779622,0.9354166550064548,0.869404725779622,1.0,1,0.3573384852216188,57
4046,0,7730,7730,0,0,0,0,0.8976808685384708,0.8241076216119854,0.8976808685384708,0.8241076216119854,1.0,1,0.3573384852216188,59
4047,1,7731,7731,0,0,0,0,0.901574279837296,0.7838483744636452,0.901574279837296,0.7838483744636452,1.0,1,0.3573384852216188,59
4048,1,7732,7732,0,0,0,0,0.8907608268994673,0.7612921772988359,0.8907608268994673,0.7612921772988359,1.0,1,0.35869707572357923,59
4049,0,7732,7732,0,0,0,0,0.8925814797844762,0.7612921772988359,0.8925814797844762,0.7612921772988359,1.0,1,0.34322390381728013,60
4050,1,7733,7733,0,0,0,0,0.9068557423390782,0.7850517130901805,0.9068557423390782,0.7850517130901805,1.0,1,0.3256059298969584,60
4051,1,7734,7734,0,0,0,0,0.9010450627284142,0.7850517130901805,0.9010450627284142,0.7850517130901805,1.0,1,0.3351709359899475,60
4052,1,7735,7735,0,0,0,0,0.8862196077253179,0.7850517130901805,0.8862196077253179,0.7850517130901805,1.0,1,0.34422610944917426,60
4053,1,7736,7736,0,0,0,0,0.903906574992032,0.7850517130901805,0.903906574992032,0.7850517130901805,1.0,1,0.33343091075319226,60
4054,0,7736,7736,0,0,0,0,0.905481877041343,0.7850517130901805,0.905481877041343,0.7850517130901805,1.0,1,0.3218790505261082,61
4055,0,7736,7736,0,0,0,0,0.9054818770413429,0.7850517130901805,0.9054818770413429,0.7850517130901805,1.0,1,0.3218790505261082,61
4056,0,7736,7736,0,0,0,0,0.8895609941601077,0.7529530251388687,0.8895609941601077,0.7529530251388687,1.0,1,0.3218790505261082,62
4057,0,7736,7736,0,0,0,0,0.8777851373355977,0.7529530251388687,0.8777851373355977,0.7529530251388687,1.0,1,0.3218790505261082,63
4058,0,7736,7736,0,0,0,0,0.8446574822267022,0.7264175347809899,0.8446574822267022,0.7264175347809899,1.0,1,0.33327507823563535,64
4059,0,7736,7736,0,0,0,0,0.8421917279763326,0.7264175347809899,0.8421917279763326,0.7264175347809899,1.0,1,0.3538983470158551,63
4060,0,7736,7736,0,0,0,0,0.8421917279763325,0.7264175347809899,0.8421917279763325,0.7264175347809899,1.0,1,0.3538983470158551,63
4061,0,7736,7736,0,0,0,0,0.8421917279763325,0.7264175347809899,0.8421917279763325,0.7264175347809899,1.0,1,0.3605769345905407,63
4062,3,7739,7739,0,0,0,0,0.7849979334287245,0.7080518525951953,0.7849979334287245,0.7080518525951953,1.0,1,0.3784324464154537,65
4063,2,7741,7741,0,0,0,0,0.8089609938902552,0.7813431758981021,0.8089609938902552,0.7813431758981021,1.0,1,0.3627538930361898,64
4064,4,7745,7745,0,0,0,0,0.7799166995416678,0.7434369339821968,0.7799166995416678,0.7434369339821968,1.0,1,0.3735170954371082,65
4065,5,7750,7750,0,0,0,0,0.8246279733059693,0.7459378307079849,0.8246279733059693,0.7459378307079849,1.0,1,0.3333911160900761,64
4066,7,7757,7757,0,0,0,0,0.8023789708742606,0.7093792686349429,0.8023789708742606,0.7093792686349429,1.0,1,0.36569924854436037,64
4067,5,7762,7762,0,0,0,0,0.8274552828714675,0.6705964491182562,0.8274552828714675,0.6705964491182562,1.0,1,0.34027748567557786,63
4068,3,7765,7765,0,0,0,0,0.8343666757901657,0.6787717348657758,0.8343666757901657,0.6787717348657758,1.0,1,0.3285694179345977,64
4069,7,7772,7772,0,0,0,0,0.8062369156594708,0.6466673167907995,0.8062369156594708,0.6466673167907995,1.0,1,0.31778396862544356,62
4070,6,7778,7778,0,0,0,0,0.8519077800652849,0.7085927285155607,0.8519077800652849,0.7085927285155607,1.0,1,0.30034126809424433,61
4071,5,7783,7783,0,0,0,0,0.8333573385277151,0.682337426568457,0.8333573385277151,0.682337426568457,1.0,1,0.24390205765143333,61
4072,5,7788,7788,0,0,0,0,0.8870663718095707,0.7663442175370428,0.8870663718095707,0.7663442175370428,1.0,1,0.23309112270587196,60
4073,3,7791,7791,0,0,0,0,0.925120837742639,0.8336018616503088,0.925120837742639,0.8336018616503088,1.0,1,0.2399449761081847,60
4074,1,7792,7792,0,0,0,0,0.9032410325268774,0.7926593554147374,0.9032410325268774,0.7926593554147374,1.0,1,0.23905113760000338,60
4075,3,7795,7795,0,0,0,0,0.9425423675007425,0.8696153724055313,0.9425423675007425,0.8696153724055313,1.0,1,0.22940209946806076,59
4076,1,7796,7796,0,0,0,0,0.9636841495586255,0.912841958940701,0.9636841495586255,0.912841958940701,1.0,1,0.23024772870723575,60
4077,0,7796,7796,0,0,0,0,0.9642794913691397,0.912841958940701,0.9642794913691397,0.912841958940701,1.0,1,0.22014997721786542,61
4078,1,7797,7797,0,0,0,0,0.9636841495586255,0.912841958940701,0.9636841495586255,0.912841958940701,1.0,1,0.2146133824856664,60
4079,0,7797,7797,0,0,0,0,0.9624318788537505,0.912841958940701,0.9624318788537505,0.912841958940701,1.0,1,0.23195925630606454,58
4080,1,7798,7798,0,0,0,0,0.9610901602413844,0.912841958940701,0.9610901602413844,0.912841958940701,1.0,1,0.24510209212726658,56
4081,1,7799,7799,0,0,0,0,0.9610901602413844,0.912841958940701,0.9610901602413844,0.912841958940701,1.0,1,0.2282156844001619,56
4082,2,7801,7801,0,0,0,0,0.9611141596609988,0.9144511512541974,0.9611141596609988,0.9144511512541974,1.0,1,0.24261867943781865,55
4083,3,7804,7804,0,0,0,0,0.9608040164609928,0.913768836214184,0.9608040164609928,0.913768836214184,1.0,1,0.26081198626986407,55
4084,1,7805,7805,0,0,0,0,0.9769986008716139,0.9472884603307818,0.9769986008716139,0.9472884603307818,1.0,1,0.25285795528932786,55
4085,5,7810,7810,0,0,0,0,0.9779117036210149,0.948460641782368,0.9779117036210149,0.948460641782368,1.0,1,0.24913528002578922,56
4086,0,7810,7810,0,0,0,0,0.9782992175925761,0.948460641782368,0.9782992175925761,0.948460641782368,1.0,1,0.23229261385385716,57
4087,2,7812,7812,0,0,0,0,1.0,1.0,1.0,1.0,1.0,1,0.2394561074557335,57
4088,1,7813,7813,0,0,0,0,1.0,1.0,1.0,1.0,1.0,1,0.23054691456721796,57
4089,0,7813,7813,0,0,0,0,1.0,1.0,1.0,1.0,1.0,1,0.25239540315245007,56
4090,0,7813,7813,0,0,0,0,1.0,1.0,1.0,1.0,1.0,1,0.25239540315245007,56
4091,3,7816,7816,0,0,0,0,0.9887538191362447,0.9726179944186826,0.9887538191362447,0.9726179944186826,1.0,1,0.2403696963717695,56
4092,3,7819,7819,0,0,0,0,0.9647477428227718,0.9162758892040825,0.9647477428227718,0.9162758892040825,1.0,1,0.23252921519102523,57
4093,6,7825,7825,0,0,0,0,0.9813888208122544,0.9530674611787284,0.9813888208122544,0.9530674611787284,1.0,1,0.22548020124406923,58
4094,4,7829,7829,0,0,0,0,1.0,1.0,1.0,1.0,1.0,1,0.17801404953591532,57
4095,2,7831,7831,0,0,0,0,1.0,1.0,1.0,1.0,1.0,1,0.13360752231065048,57
4096,8,7839,7839,0,0,0,0,0.9613864721695247,0.9050750774167481,0.9613864721695247,0.9050750774167481,1.0,1,0.17428362955522012,59
4097,3,7842,7842,0,0,0,0,0.9386376975215417,0.8551849661508384,0.9386376975215417,0.8551849661508384,1.0,1,0.1641940775899585,59
4098,8,7850,7850,0,0,0,0,0.923271077583606,0.8258843683627983,0.923271077583606,0.8258843683627983,1.0,1,0.18412434705553452,59
4099,0,7850,7850,0,0,0,0,0.9245498929572127,0.8258843683627983,0.9245498929572127,0.8258843683627983,1.0,1,0.17772082884488194,60
4100,5,7855,7855,0,0,0,0,0.8761256957556756,0.7437083360462254,0.8761256957556756,0.7437083360462254,1.0,1,0.21840139613374981,60
4101,2,7857,7857,0,0,0,0,0.8977015581564161,0.7807890531923201,0.8977015581564161,0.7807890531923201,1.0,1,0.22684133039355797,60
4102,1,7858,7858,0,0,0,0,0.8977015581564161,0.7807890531923201,0.8977015581564161,0.7807890531923201,1.0,1,0.24393100331812043,60
4103,5,7863,7863,0,0,0,0,0.9021139216145851,0.7972359804873548,0.9021139216145851,0.7972359804873548,1.0,1,0.2778823347582602,58
4104,3,7866,7866,0,0,0,0,0.9423890014328088,0.8670515417680205,0.9423890014328088,0.8670515417680205,1.0,1,0.2392670810185818,60
4105,2,7868,7868,0,0,0,0,0.9414125438299751,0.8670515417680205,0.9414125438299751,0.8670515417680205,1.0,1,0.2662205625507239,59
4106,1,7869,7869,0,0,0,0,0.9410630173659519,0.8617247715124258,0.9410630173659519,0.8617247715124258,1.0,1,0.26239885853511363,61
4107,1,7870,7870,0,0,0,0,0.9390651535478486,0.8617247715124258,0.9390651535478486,0.8617247715124258,1.0,1,0.27443240636462424,59
4108,0,7870,7870,0,0,0,0,0.9400807343220513,0.8617247715124258,0.9400807343220513,0.8617247715124258,1.0,1,0.26286643302958324,60
4109,1,7871,7871,0,0,0,0,0.9592504439732145,0.9038310477767861,0.9592504439732145,0.9038310477767861,1.0,1,0.26294356514625533,59
4110,2,7873,7873,0,0,0,0,0.9599296032403275,0.9038310477767861,0.9599296032403275,0.9038310477767861,1.0,1,0.2577640283275888,60
4111,0,7873,7873,0,0,0,0,0.9391659151010561,0.857273877737093,0.9391659151010561,0.857273877737093,1.0,1,0.25250385768139993,61
4112,0,7873,7873,0,0,0,0,0.9381520136860736,0.857273877737093,0.9381520136860736,0.857273877737093,1.0,1,0.25871465554850304,60
4113,2,7875,7875,0,0,0,0,0.9843542593696976,0.9602337425646479,0.9843542593696976,0.9602337425646479,1.0,1,0.22580569594730654,61
4114,0,7875,7875,0,0,0,0,0.984606610025025,0.9602337425646479,0.984606610025025,0.9602337425646479,1.0,1,0.21354120751579447,62
4115,5,7880,7880,0,0,0,0,0.9789076377065,0.9472690942662497,0.9789076377065,0.9472690942662497,1.0,1,0.20037006543723504,60
4116,1,7881,7881,0,0,0,0,0.9785501400405083,0.9472690942662497,0.9785501400405083,0.9472690942662497,1.0,1,0.2219705722231802,59
4117,5,7886,7886,0,0,0,0,1.0,1.0,1.0,1.0,1.0,1,0.15519666290019252,56
4118,2,7888,7888,0,0,0,0,1.0,1.0,1.0,1.0,1.0,1,0.21665714132630826,55
4119,3,7891,7891,0,0,0,0,0.966747270674574,0.926566889406351,0.966747270674574,0.926566889406351,1.0,1,0.23394333129227188,53
4120,4,7895,7895,0,0,0,0,1.0,1.0,1.0,1.0,1.0,1,0.21805106007969136,52
4121,2,7897,7897,0,0,0,0,1.0,1.0,1.0,1.0,1.0,1,0.20408002340690778,53
4122,0,7897,7897,0,0,0,0,1.0,1.0,1.0,1.0,1.0,1,0.17704917847548468,52
4123,2,7899,7899,0,0,0,0,1.0,1.0,1.0,1.0,1.0,1,0.14369476380589735,51
4124,4,7903,7903,0,0,0,0,1.0,1.0,1.0,1.0,1.0,1,0.15940286340247278,51
4125,2,7905,7905,0,0,0,0,1.0,1.0,1.0,1.0,1.0,1,0.17840204851695318,50
4126,3,7908,7908,0,0,0,0,1.0,1.0,1.0,1.0,1.0,1,0.17599770431033235,50
4127,1,7909,7909,0,0,0,0,1.0,1.0,1.0,1.0,1.0,1,0.16665199835314168,49
4128,4,7913,7913,0,0,0,0,1.0,1.0,1.0,1.0,1.0,1,0.20710894057398752,49
4129,1,7914,7914,0,0,0,0,1.0,1.0,1.0,1.0,1.0,1,0.19867665002557242,49
4130,3,7917,7917,0,0,0,0,1.0,1.0,1.0,1.0,1.0,1,0.21292210161493866,50
4131,3,7920,7920,0,0,0,0,1.0,1.0,1.0,1.0,1.0,1,0.24532880544556793,50
4132,4,7924,7924,0,0,0,0,0.9621283879063537,0.9242567758127076,0.9621283879063537,0.9242567758127076,1.0,1,0.23869680794980322,50
4133,2,7926,7926,0,0,0,0,0.9422270931372206,0.8866762211537788,0.9422270931372206,0.8866762211537788,1.0,1,0.23866257592422604,51
4134,4,7930,7930,0,0,0,0,0.894973190909499,0.8011992542215517,0.894973190909499,0.8011992542215517,1.0,1,0.24882251323963436,53
4135,2,7932,7932,0,0,0,0,0.9138837730597937,0.8277675461195875,0.9138837730597937,0.8277675461195875,1.0,1,0.24032633372530485,54
4136,0,7932,7932,0,0,0,0,0.9138837730597937,0.8277675461195875,0.9138837730597937,0.8277675461195875,1.0,1,0.24032633372530485,54
4137,3,7935,7935,0,0,0,0,0.9156562464089336,0.828188650092272,0.9156562464089336,0.828188650092272,1.0,1,0.23562041305542555,55
4138,1,7936,7936,0,0,0,0,0.897124216268787,0.801596702804089,0.897124216268787,0.801596702804089,1.0,1,0.24812493926221085,54
4139,1,7937,7937,0,0,0,0,0.897124216268787,0.801596702804089,0.897124216268787,0.801596702804089,1.0,1,0.257571843100707,54
4140,0,7937,7937,0,0,0,0,0.8989946850638998,0.801596702804089,0.8989946850638998,0.801596702804089,1.0,1,0.24355124797799968,55
4141,1,7938,7938,0,0,0,0,0.8989946850638998,0.801596702804089,0.8989946850638998,0.801596702804089,1.0,1,0.2880000136381006,55
4142,1,7939,7939,0,0,0,0,0.8989946850638998,0.801596702804089,0.8989946850638998,0.801596702804089,1.0,1,0.31063685222943455,55
4143,4,7943,7943,0,0,0,0,0.8911704528741735,0.7940012143689713,0.8911704528741735,0.7940012143689713,1.0,1,0.3449664361708585,53
4144,2,7945,7945,0,0,0,0,0.86453960328425,0.7571054955441724,0.86453960328425,0.7571054955441724,1.0,1,0.34783957740614235,52
4145,4,7949,7949,0,0,0,0,0.8766976256276942,0.7754135323933,0.8766976256276942,0.7754135323933,1.0,1,0.363453541978177,51
4146,3,7952,7952,0,0,0,0,0.8717762059757934,0.7664495180273381,0.8717762059757934,0.7664495180273381,1.0,1,0.3492799831697685,51
4147,3,7955,7955,0,0,0,0,0.9094295836031607,0.8258261223137705,0.9094295836031607,0.8258261223137705,1.0,1,0.3240332960611491,50
4148,0,7955,7955,0,0,0,0,0.8933525602758958,0.7946049309017253,0.8933525602758958,0.7946049309017253,1.0,1,0.3220023397134701,52
4149,1,7956,7956,0,0,0,0,0.895364776119747,0.7946049309017253,0.895364776119747,0.7946049309017253,1.0,1,0.30630426021767765,53
4150,0,7956,7956,0,0,0,0,0.8953647761197469,0.7946049309017253,0.8953647761197469,0.7946049309017253,1.0,1,0.30630426021767765,53
4151,0,7956,7956,0,0,0,0,0.8953647761197469,0.7946049309017253,0.8953647761197469,0.7946049309017253,1.0,1,0.30630426021767765,53
4152,0,7956,7956,0,0,0,0,0.8973024654508627,0.7946049309017253,0.8973024654508627,0.7946049309017253,1.0,1,0.2804761195071231,54
4153,1,7957,7957,0,0,0,0,0.9090365157825111,0.8215716271118486,0.9090365157825111,0.8215716271118486,1.0,1,0.29796921740255145,51
4154,2,7959,7959,0,0,0,0,0.9423648102539104,0.8775252217895595,0.9423648102539104,0.8775252217895595,1.0,1,0.27036480119221473,51
4155,4,7963,7963,0,0,0,0,0.9431567470471095,0.8792080874751078,0.9431567470471095,0.8792080874751078,1.0,1,0.28555318519212003,51
4156,2,7965,7965,0,0,0,0,0.9409445573976198,0.8720465410281764,0.9409445573976198,0.8720465410281764,1.0,1,0.2664403052325817,52
4157,2,7967,7967,0,0,0,0,0.9557163202688282,0.8998803762599595,0.9557163202688282,0.8998803762599595,1.0,1,0.2714427535857645,52
4158,2,7969,7969,0,0,0,0,0.9737529009442785,0.9379614022319308,0.9737529009442785,0.9379614022319308,1.0,1,0.2874238999862533,52
4159,1,7970,7970,0,0,0,0,0.9737529009442785,0.9379614022319308,0.9737529009442785,0.9379614022319308,1.0,1,0.26424962273156827,52
4160,2,7972,7972,0,0,0,0,0.9534898910077362,0.8988910674081221,0.9534898910077362,0.8988910674081221,1.0,1,0.28745157928126874,50
4161,1,7973,7973,0,0,0,0,0.9534898910077362,0.8988910674081221,0.9534898910077362,0.8988910674081221,1.0,1,0.3123493388788602,50
4162,3,7976,7976,0,0,0,0,0.9534935901425875,0.8968770911857376,0.9534935901425875,0.8968770911857376,1.0,1,0.303849917441643,51
4163,2,7978,7978,0,0,0,0,0.9820079936667568,0.9607447134547421,0.9820079936667568,0.9607447134547421,1.0,1,0.2998106602964509,48
4164,7,7985,7985,0,0,0,0,0.9194017843948106,0.8388035687896213,0.9194017843948106,0.8388035687896213,1.0,1,0.2931709435462795,50
4165,1,7986,7986,0,0,0,0,0.9330608065654676,0.8633324800711629,0.9330608065654676,0.8633324800711629,1.0,1,0.27715450380557033,49
4166,4,7990,7990,0,0,0,0,0.8866768623640268,0.7820708891615898,0.8866768623640268,0.7820708891615898,1.0,1,0.3010750032401951,50
4167,0,7990,7990,0,0,0,0,0.8866768623640268,0.7820708891615898,0.8866768623640268,0.7820708891615898,1.0,1,0.29808579682369224,50
4168,3,7993,7993,0,0,0,0,0.863724701752608,0.7476383365789037,0.863724701752608,0.7476383365789037,1.0,1,0.3447362913390536,50
4169,2,7995,7995,0,0,0,0,0.8663967664241256,0.7476383365789037,0.8663967664241256,0.7476383365789037,1.0,1,0.3235651162940226,51
4170,1,7996,7996,0,0,0,0,0.8414986252142694,0.7169618307397668,0.8414986252142694,0.7169618307397668,1.0,1,0.3656820269908467,50
4171,1,7997,7997,0,0,0,0,0.8414986252142694,0.7169618307397668,0.8414986252142694,0.7169618307397668,1.0,1,0.33703296733232696,50
4172,2,7999,7999,0,0,0,0,0.8322831457977894,0.7064955051461315,0.8322831457977894,0.7064955051461315,1.0,1,0.3688670391263733,49
4173,4,8003,8003,0,0,0,0,0.8485506055812073,0.7307566321443687,0.8485506055812073,0.7307566321443687,1.0,1,0.37491738800104174,48
4174,2,8005,8005,0,0,0,0,0.8705755923949942,0.7610626321138356,0.8705755923949942,0.7610626321138356,1.0,1,0.3351584151431778,48
4175,5,8010,8010,0,0,0,0,0.8954644311755348,0.7992917078570267,0.8954644311755348,0.7992917078570267,1.0,1,0.33715371674369954,48
4176,2,8012,8012,0,0,0,0,0.8650583635583579,0.7501080806636257,0.8650583635583579,0.7501080806636257,1.0,1,0.3068822272671112,50
4177,1,8013,8013,0,0,0,0,0.872175694988446,0.7538198570147852,0.872175694988446,0.7538198570147852,1.0,1,0.27898328307446435,52
4178,1,8014,8014,0,0,0,0,0.8885244165731582,0.7727613107068225,0.8885244165731582,0.7727613107068225,1.0,1,0.2705632553309863,53
4179,2,8016,8016,0,0,0,0,0.9034948587076215,0.7915488948084624,0.9034948587076215,0.7915488948084624,1.0,1,0.23418083101220183,54
4180,0,8016,8016,0,0,0,0,0.9052494976402103,0.7915488948084624,0.9052494976402103,0.7915488948084624,1.0,1,0.22556759031837373,55
4181,1,8017,8017,0,0,0,0,0.9249699155134541,0.8249298028647263,0.9249699155134541,0.8249298028647263,1.0,1,0.21049806695632692,56
4182,0,8017,8017,0,0,0,0,0.9249699155134541,0.8249298028647263,0.9249699155134541,0.8249298028647263,1.0,1,0.21049806695632692,56
4183,2,8019,8019,0,0,0,0,0.9471097617509716,0.8689241921654514,0.9471097617509716,0.8689241921654514,1.0,1,0.19842407225794637,57
4184,2,8021,8021,0,0,0,0,0.9457531822755254,0.8655622343349978,0.9457531822755254,0.8655622343349978,1.0,1,0.20881686162151533,57
4185,1,8022,8022,0,0,0,0,0.9427394701797213,0.8655622343349978,0.9427394701797213,0.8655622343349978,1.0,1,0.20732865462838496,54
4186,3,8025,8025,0,0,0,0,0.9575731341744775,0.8939328354361941,0.9575731341744775,0.8939328354361941,1.0,1,0.20482217775148845,55
4187,1,8026,8026,0,0,0,0,0.9559721203697409,0.8939328354361941,0.9559721203697409,0.8939328354361941,1.0,1,0.18164538849951778,53
4188,3,8029,8029,0,0,0,0,0.9617212523981992,0.9077830171411163,0.9617212523981992,0.9077830171411163,1.0,1,0.19603856403615835,53
4189,7,8036,8036,0,0,0,0,0.9610111916763984,0.9060724163113231,0.9610111916763984,0.9060724163113231,1.0,1,0.20226996170345318,53
4190,1,8037,8037,0,0,0,0,0.9610111916763983,0.9060724163113231,0.9610111916763983,0.9060724163113231,1.0,1,0.22376881570587373,53
4191,4,8041,8041,0,0,0,0,0.9941351393589211,0.9850446053652487,0.9941351393589211,0.9850446053652487,1.0,1,0.24411570359002538,51
4192,3,8044,8044,0,0,0,0,0.9977991069995026,0.9943877228487319,0.9977991069995026,0.9943877228487319,1.0,1,0.24403112904656435,51
4193,1,8045,8045,0,0,0,0,0.9747654134905075,0.939917651167875,0.9747654134905075,0.939917651167875,1.0,1,0.2438022237262173,50
4194,1,8046,8046,0,0,0,0,0.961959442122878,0.9135441866429045,0.961959442122878,0.9135441866429045,1.0,1,0.23641899150369325,50
4195,5,8051,8051,0,0,0,0,1.0,1.0,1.0,1.0,1.0,1,0.20755018684145818,50
4196,1,8052,8052,0,0,0,0,1.0,1.0,1.0,1.0,1.0,1,0.17161398398862548,51
4197,0,8052,8052,0,0,0,0,1.0,1.0,1.0,1.0,1.0,1,0.18497849557474466,50
4198,4,8056,8056,0,0,0,0,1.0,1.0,1.0,1.0,1.0,1,0.237346909282459,48
4199,1,8057,8057,0,0,0,0,1.0,1.0,1.0,1.0,1.0,1,0.2702463047616137,48
4200,1,8058,8058,0,0,0,0,0.9981536671259773,0.9955688011023456,0.9981536671259773,0.9955688011023456,1.0,1,0.3058103151038483,48
4201,3,8061,8061,0,0,0,0,0.9416350323464167,0.8807324574035472,0.9416350323464167,0.8807324574035472,1.0,1,0.3541160440201306,47
4202,1,8062,8062,0,0,0,0,0.9178669565801142,0.8391561233027237,0.9178669565801142,0.8391561233027237,1.0,1,0.3700311610857533,47
4203,3,8065,8065,0,0,0,0,0.9410724164342689,0.8795827640178537,0.9410724164342689,0.8795827640178537,1.0,1,0.38231900380234296,47
4204,1,8066,8066,0,0,0,0,0.9271813202217305,0.8543626404434612,0.9271813202217305,0.8543626404434612,1.0,1,0.39236844199562604,48
4205,3,8069,8069,0,0,0,0,0.9223523957032288,0.8414694745607586,0.9223523957032288,0.8414694745607586,1.0,1,0.376995439774451,49
4206,2,8071,8071,0,0,0,0,0.8903525399446045,0.7933567098956008,0.8903525399446045,0.7933567098956008,1.0,1,0.4149210675906133,49
4207,1,8072,8072,0,0,0,0,0.9342770979970849,0.8685541959941696,0.9342770979970849,0.8685541959941696,1.0,1,0.41042020285775993,48
4208,3,8075,8075,0,0,0,0,0.927708775083778,0.8524054157960469,0.927708775083778,0.8524054157960469,1.0,1,0.402132375680017,49
4209,0,8075,8075,0,0,0,0,0.9126201952285067,0.8217451982661536,0.9126201952285067,0.8217451982661536,1.0,1,0.37396776195643416,51
4210,1,8076,8076,0,0,0,0,0.9143005760894969,0.8217451982661536,0.9143005760894969,0.8217451982661536,1.0,1,0.3604974648385494,52
4211,1,8077,8077,0,0,0,0,0.9159175463519592,0.8217451982661536,0.9159175463519592,0.8217451982661536,1.0,1,0.3287531279843895,53
4212,1,8078,8078,0,0,0,0,0.9159175463519592,0.8217451982661536,0.9159175463519592,0.8217451982661536,1.0,1,0.31522539217140977,53
4213,1,8079,8079,0,0,0,0,0.9174746288269229,0.8217451982661536,0.9174746288269229,0.8217451982661536,1.0,1,0.3062494535517272,54
4214,2,8081,8081,0,0,0,0,0.965070429169251,0.9142637806881613,0.965070429169251,0.9142637806881613,1.0,1,0.2877244203710048,54
4215,0,8081,8081,0,0,0,0,0.9650704291692508,0.9142637806881613,0.9650704291692508,0.9142637806881613,1.0,1,0.2877244203710048,54
4216,3,8084,8084,0,0,0,0,0.9850991604747988,0.9623931192935398,0.9850991604747988,0.9623931192935398,1.0,1,0.2937907429167306,53
4217,0,8084,8084,0,0,0,0,0.9729915320910679,0.9623931192935398,0.9729915320910679,0.9623931192935398,1.0,1,0.2933333323888298,54
4218,3,8087,8087,0,0,0,0,0.961404232865362,0.9404298949802786,0.961404232865362,0.9404298949802786,1.0,1,0.30876589474129146,53
4219,1,8088,8088,0,0,0,0,0.9457548921622793,0.9261809768188615,0.9457548921622793,0.9261809768188615,1.0,1,0.32624796076022256,53
4220,1,8089,8089,0,0,0,0,0.9702154870949562,0.9404298949802786,0.9702154870949562,0.9404298949802786,1.0,1,0.32177166931744755,53
4221,1,8090,8090,0,0,0,0,0.9551610107532263,0.8960749263407016,0.9551610107532263,0.8960749263407016,1.0,1,0.32177166931744755,54
4222,2,8092,8092,0,0,0,0,0.9372520307918716,0.8499505084153451,0.9372520307918716,0.8499505084153451,1.0,1,0.30226265729207547,55
4223,0,8092,8092,0,0,0,0,0.9383725302420167,0.8499505084153451,0.9383725302420167,0.8499505084153451,1.0,1,0.3015922580043008,56
4224,2,8094,8094,0,0,0,0,0.9284625020806955,0.8360599006015939,0.9284625020806955,0.8360599006015939,1.0,1,0.3033579706474028,55
4225,0,8094,8094,0,0,0,0,0.9707066824496863,0.929429734992426,0.9707066824496863,0.929429734992426,1.0,1,0.3033579706474028,53
4226,0,8094,8094,0,0,0,0,0.956352171463232,0.8975224895223707,0.956352171463232,0.8975224895223707,1.0,1,0.3033579706474028,54
4227,1,8095,8095,0,0,0,0,0.9625325942319847,0.9114406772756002,0.9625325942319847,0.9114406772756002,1.0,1,0.30474982294905134,52
4228,0,8095,8095,0,0,0,0,0.9839758678213066,0.9610842504231734,0.9839758678213066,0.9610842504231734,1.0,1,0.30474982294905134,51
4229,0,8095,8095,0,0,0,0,1.0,1.0,1.0,1.0,1.0,1,0.32645850868648374,48
4230,1,8096,8096,0,0,0,0,1.0,1.0,1.0,1.0,1.0,1,0.2988910870082106,48
4231,0,8096,8096,0,0,0,0,1.0,1.0,1.0,1.0,1.0,1,0.27781609371037225,48
4232,3,8099,8099,0,0,0,0,1.0,1.0,1.0,1.0,1.0,1,0.31264857146417063,48
4233,3,8102,8102,0,0,0,0,1.0,1.0,1.0,1.0,1.0,1,0.2519804309653104,48
4234,3,8105,8105,0,0,0,0,1.0,1.0,1.0,1.0,1.0,1,0.296404483900777,49
4235,2,8107,8107,0,0,0,0,1.0,1.0,1.0,1.0,1.0,1,0.28144614344677316,47
4236,3,8110,8110,0,0,0,0,1.0,1.0,1.0,1.0,1.0,1,0.31077910918640494,47
4237,3,8113,8113,0,0,0,0,1.0,1.0,1.0,1.0,1.0,1,0.27524626382797884,48
4238,4,8117,8117,0,0,0,0,0.9921438397908483,0.9832163850077212,0.9921438397908483,0.9832163850077212,1.0,1,0.3634655873502243,47
4239,2,8119,8119,0,0,0,0,1.0,1.0,1.0,1.0,1.0,1,0.3301734793552056,48
4240,1,8120,8120,0,0,0,0,0.9956887207048324,0.9907895396875964,0.9956887207048324,0.9907895396875964,1.0,1,0.35774116370299364,47
4241,1,8121,8121,0,0,0,0,0.9958646912883087,0.9907895396875964,0.9958646912883087,0.9907895396875964,1.0,1,0.31585722977605457,49
4242,1,8122,8122,0,0,0,0,1.0,1.0,1.0,1.0,1.0,1,0.2952821127029151,49
4243,4,8126,8126,0,0,0,0,1.0,1.0,1.0,1.0,1.0,1,0.2645202210895969,50
4244,3,8129,8129,0,0,0,0,0.9550433137157581,0.9003134347610287,0.9550433137157581,0.9003134347610287,1.0,1,0.2712561713409505,51
4245,2,8131,8131,0,0,0,0,0.9392259965150821,0.8708552425945496,0.9392259965150821,0.8708552425945496,1.0,1,0.29344212259073416,51
4246,5,8136,8136,0,0,0,0,0.9780489944121882,0.9491135779555271,0.9780489944121882,0.9491135779555271,1.0,1,0.2408984058844866,51
4247,1,8137,8137,0,0,0,0,0.9639046541138654,0.9183931310400435,0.9639046541138654,0.9183931310400435,1.0,1,0.2409121743008553,52
4248,2,8139,8139,0,0,0,0,0.9784711291350306,0.9491135779555271,0.9784711291350306,0.9491135779555271,1.0,1,0.22563366439945645,52
4249,5,8144,8144,0,0,0,0,0.9612294594301805,0.9123448647986689,0.9612294594301805,0.9123448647986689,1.0,1,0.22290460925554192,52
4250,5,8149,8149,0,0,0,0,0.9417190638710206,0.8737246383872109,0.9417190638710206,0.8737246383872109,1.0,1,0.20926459365309238,52
4251,5,8154,8154,0,0,0,0,1.0,1.0,1.0,1.0,1.0,1,0.16437300170021577,53
4252,3,8157,8157,0,0,0,0,1.0,1.0,1.0,1.0,1.0,1,0.15233336676578713,53
4253,3,8160,8160,0,0,0,0,1.0,1.0,1.0,1.0,1.0,1,0.1299332663391838,54
4254,1,8161,8161,0,0,0,0,1.0,1.0,1.0,1.0,1.0,1,0.11026720665001197,54
4255,4,8165,8165,0,0,0,0,1.0,1.0,1.0,1.0,1.0,1,0.14208668372256594,55
4256,3,8168,8168,0,0,0,0,1.0,1.0,1.0,1.0,1.0,1,0.1711626352242088,57
4257,0,8168,8168,0,0,0,0,1.0,1.0,1.0,1.0,1.0,1,0.1711626352242088,57
4258,1,8169,8169,0,0,0,0,1.0,1.0,1.0,1.0,1.0,1,0.171516307247725,57
4259,1,8170,8170,0,0,0,0,1.0,1.0,1.0,1.0,1.0,1,0.1552188368089263,57
4260,1,8171,8171,0,0,0,0,1.0,1.0,1.0,1.0,1.0,1,0.14648325341237772,58
4261,1,8172,8172,0,0,0,0,1.0,1.0,1.0,1.0,1.0,1,0.1654295663059766,59
4262,0,8172,8172,0,0,0,0,1.0,1.0,1.0,1.0,1.0,1,0.17309772460253633,60
4263,3,8175,8175,0,0,0,0,1.0,1.0,1.0,1.0,1.0,1,0.22104829607200213,59
4264,0,8175,8175,0,0,0,0,1.0,1.0,1.0,1.0,1.0,1,0.22054902727120304,58
4265,2,8177,8177,0,0,0,0,0.9871643097500029,0.9661604529772805,0.9871643097500029,0.9661604529772805,1.0,1,0.23428706512629024,58
4266,6,8183,8183,0,0,0,0,1.0,1.0,1.0,1.0,1.0,1,0.18949494111235282,58
4267,3,8186,8186,0,0,0,0,1.0,1.0,1.0,1.0,1.0,1,0.208356638318887,55
4268,4,8190,8190,0,0,0,0,1.0,1.0,1.0,1.0,1.0,1,0.2085482445746621,55
4269,0,8190,8190,0,0,0,0,1.0,1.0,1.0,1.0,1.0,1,0.23277744945375503,50
4270,4,8194,8194,0,0,0,0,0.9790439176695227,0.9552301877485254,0.9790439176695227,0.9552301877485254,1.0,1,0.29361441693551765,47
4271,3,8197,8197,0,0,0,0,0.993696417000719,0.9858919809063713,0.993696417000719,0.9858919809063713,1.0,1,0.28288943613299394,47
4272,2,8199,8199,0,0,0,0,0.9758468621917594,0.9494979845827697,0.9758468621917594,0.9494979845827697,1.0,1,0.2724180633476356,46
4273,4,8203,8203,0,0,0,0,0.9986272596354869,0.9969276763270419,0.9986272596354869,0.9969276763270419,1.0,1,0.23568537481745033,47
4274,5,8208,8208,0,0,0,0,0.988778922937966,0.9759548348670701,0.988778922937966,0.9759548348670701,1.0,1,0.23104925912341903,45
4275,5,8213,8213,0,0,0,0,1.0,1.0,1.0,1.0,1.0,1,0.21008287260493813,44
4276,4,8217,8217,0,0,0,0,1.0,1.0,1.0,1.0,1.0,1,0.1958858761063577,43
4277,4,8221,8221,0,0,0,0,1.0,1.0,1.0,1.0,1.0,1,0.16849246971761206,42
4278,2,8223,8223,0,0,0,0,1.0,1.0,1.0,1.0,1.0,1,0.18422384998079905,43
4279,2,8225,8225,0,0,0,0,1.0,1.0,1.0,1.0,1.0,1,0.15457602014531674,42
4280,3,8228,8228,0,0,0,0,1.0,1.0,1.0,1.0,1.0,1,0.16662879809391426,44
4281,1,8229,8229,0,0,0,0,1.0,1.0,1.0,1.0,1.0,1,0.13699356107602637,44
4282,3,8232,8232,0,0,0,0,1.0,1.0,1.0,1.0,1.0,1,0.10713912515011087,44
4283,4,8236,8236,0,0,0,0,1.0,1.0,1.0,1.0,1.0,1,0.06520175637983892,45
4284,2,8238,8238,0,0,0,0,1.0,1.0,1.0,1.0,1.0,1,0.06533638661065767,45
4285,4,8242,8242,0,0,0,0,1.0,1.0,1.0,1.0,1.0,1,0.11430287229113015,47
4286,1,8243,8243,0,0,0,0,1.0,1.0,1.0,1.0,1.0,1,0.13449832110147003,47
4287,4,8247,8247,0,0,0,0,1.0,1.0,1.0,1.0,1.0,1,0.16483917800934642,49
4288,1,8248,8248,0,0,0,0,1.0,1.0,1.0,1.0,1.0,1,0.17282796637793818,49
4289,3,8251,8251,0,0,0,0,1.0,1.0,1.0,1.0,1.0,1,0.17795237455781537,50
4290,1,8252,8252,0,0,0,0,1.0,1.0,1.0,1.0,1.0,1,0.1791639632310689,51
4291,0,8252,8252,0,0,0,0,1.0,1.0,1.0,1.0,1.0,1,0.20245282364674855,50
4292,1,8253,8253,0,0,0,0,1.0,1.0,1.0,1.0,1.0,1,0.18135748751511746,51
4293,4,8257,8257,0,0,0,0,1.0,1.0,1.0,1.0,1.0,1,0.14931383823410643,51
4294,0,8257,8257,0,0,0,0,1.0,1.0,1.0,1.0,1.0,1,0.16737660141217112,50
4295,3,8260,8260,0,0,0,0,1.0,1.0,1.0,1.0,1.0,1,0.23628823082936365,50
4296,0,8260,8260,0,0,0,0,1.0,1.0,1.0,1.0,1.0,1,0.25952390747560083,49
4297,4,8264,8264,0,0,0,0,1.0,1.0,1.0,1.0,1.0,1,0.22255482338964064,49
4298,2,8266,8266,0,0,0,0,1.0,1.0,1.0,1.0,1.0,1,0.22403569053440384,49
4299,2,8268,8268,0,0,0,0,1.0,1.0,1.0,1.0,1.0,1,0.2024224657850792,48
4300,5,8273,8273,0,0,0,0,1.0,1.0,1.0,1.0,1.0,1,0.1298846216630897,49
4301,0,8273,8273,0,0,0,0,1.0,1.0,1.0,1.0,1.0,1,0.12103046285548752,50
4302,4,8277,8277,0,0,0,0,1.0,1.0,1.0,1.0,1.0,1,0.17533185540488935,51
4303,1,8278,8278,0,0,0,0,1.0,1.0,1.0,1.0,1.0,1,0.18516278185254892,51
4304,4,8282,8282,0,0,0,0,1.0,1.0,1.0,1.0,1.0,1,0.15466731816150384,51
4305,1,8283,8283,0,0,0,0,1.0,1.0,1.0,1.0,1.0,1,0.16553989739854744,49
4306,1,8284,8284,0,0,0,0,1.0,1.0,1.0,1.0,1.0,1,0.1430990996786591,49
4307,3,8287,8287,0,0,0,0,1.0,1.0,1.0,1.0,1.0,1,0.13313514360281872,46
4308,3,8290,8290,0,0,0,0,1.0,1.0,1.0,1.0,1.0,1,0.07724979707023663,44
4309,1,8291,8291,0,0,0,0,1.0,1.0,1.0,1.0,1.0,1,0.08314298740671812,44
4310,4,8295,8295,0,0,0,0,1.0,1.0,1.0,1.0,1.0,1,0.13041999992603193,42
4311,1,8296,8296,0,0,0,0,1.0,1.0,1.0,1.0,1.0,1,0.14437862702867169,42
4312,2,8298,8298,0,0,0,0,1.0,1.0,1.0,1.0,1.0,1,0.13880122733290295,40
4313,1,8299,8299,0,0,0,0,1.0,1.0,1.0,1.0,1.0,1,0.13244477845885594,40
4314,1,8300,8300,0,0,0,0,1.0,1.0,1.0,1.0,1.0,1,0.14522131645177436,36
4315,3,8303,8303,0,0,0,0,1.0,1.0,1.0,1.0,1.0,1,0.12497229893495104,37
4316,2,8305,8305,0,0,0,0,1.0,1.0,1.0,1.0,1.0,1,0.15232503335900913,37
4317,2,8307,8307,0,0,0,0,1.0,1.0,1.0,1.0,1.0,1,0.2327159737576807,36
4318,0,8307,8307,0,0,0,0,1.0,1.0,1.0,1.0,1.0,1,0.20377825508863626,34
4319,2,8309,8309,0,0,0,0,1.0,1.0,1.0,1.0,1.0,1,0.17802747334430807,34
4320,0,8309,8309,0,0,0,0,1.0,1.0,1.0,1.0,1.0,1,0.17802747334430807,34
4321,0,8309,8309,0,0,0,0,1.0,1.0,1.0,1.0,1.0,1,0.20995281623692572,35
4322,1,8310,8310,0,0,0,0,1.0,1.0,1.0,1.0,1.0,1,0.21163056442331532,35
4323,2,8312,8312,0,0,0,0,1.0,1.0,1.0,1.0,1.0,1,0.18797721164191797,35
4324,4,8316,8316,0,0,0,0,1.0,1.0,1.0,1.0,1.0,1,0.17797050430907968,34
4325,3,8319,8319,0,0,0,0,1.0,1.0,1.0,1.0,1.0,1,0.20359740647642335,34
4326,2,8321,8321,0,0,0,0,1.0,1.0,1.0,1.0,1.0,1,0.19378100428898332,36
4327,5,8326,8326,0,0,0,0,1.0,1.0,1.0,1.0,1.0,1,0.16490045508291062,35
4328,1,8327,8327,0,0,0,0,1.0,1.0,1.0,1.0,1.0,1,0.19447830202110644,35
4329,3,8330,8330,0,0,0,0,1.0,1.0,1.0,1.0,1.0,1,0.19139957459712234,38
4330,2,8332,8332,0,0,0,0,1.0,1.0,1.0,1.0,1.0,1,0.12386487120327697,38
4331,0,8332,8332,0,0,0,0,1.0,1.0,1.0,1.0,1.0,1,0.12733345126447895,39
4332,4,8336,8336,0,0,0,0,1.0,1.0,1.0,1.0,1.0,1,0.18494160596408024,40
4333,0,8336,8336,0,0,0,0,1.0,1.0,1.0,1.0,1.0,1,0.16537537910034678,41
4334,5,8341,8341,0,0,0,0,1.0,1.0,1.0,1.0,1.0,1,0.15196453432772614,41
4335,1,8342,8342,0,0,0,0,1.0,1.0,1.0,1.0,1.0,1,0.1262336777524667,42
4336,3,8345,8345,0,0,0,0,1.0,1.0,1.0,1.0,1.0,1,0.11771905753048814,43
4337,1,8346,8346,0,0,0,0,1.0,1.0,1.0,1.0,1.0,1,0.11949194456957538,44
4338,1,8347,8347,0,0,0,0,1.0,1.0,1.0,1.0,1.0,1,0.131287609930355,44
4339,3,8350,8350,0,0,0,0,1.0,1.0,1.0,1.0,1.0,1,0.11948892702833144,46
4340,1,8351,8351,0,0,0,0,1.0,1.0,1.0,1.0,1.0,1,0.143693959527436,47
4341,3,8354,8354,0,0,0,0,1.0,1.0,1.0,1.0,1.0,1,0.16792513208148355,47
4342,1,8355,8355,0,0,0,0,1.0,1.0,1.0,1.0,1.0,1,0.17685601008902058,47
4343,2,8357,8357,0,0,0,0,1.0,1.0,1.0,1.0,1.0,1,0.23547163924499342,42
4344,0,8357,8357,0,0,0,0,1.0,1.0,1.0,1.0,1.0,1,0.23547163924499342,42
4345,2,8359,8359,0,0,0,0,1.0,1.0,1.0,1.0,1.0,1,0.3028380187818885,39
4346,2,8361,8361,0,0,0,0,1.0,1.0,1.0,1.0,1.0,1,0.33685235658180274,37
4347,1,8362,8362,0,0,0,0,0.9871825755786424,0.9762877648204884,0.9871825755786424,0.9762877648204884,1.0,1,0.3558141856014505,37
4348,4,8366,8366,0,0,0,0,1.0,1.0,1.0,1.0,1.0,1,0.3504346860220577,38
4349,1,8367,8367,0,0,0,0,1.0,1.0,1.0,1.0,1.0,1,0.3519523415407262,36
4350,1,8368,8368,0,0,0,0,1.0,1.0,1.0,1.0,1.0,1,0.32628341744994643,37
4351,1,8369,8369,0,0,0,0,1.0,1.0,1.0,1.0,1.0,1,0.3351194137654214,35
4352,2,8371,8371,0,0,0,0,1.0,1.0,1.0,1.0,1.0,1,0.3782409288066634,34
4353,3,8374,8374,0,0,0,0,1.0,1.0,1.0,1.0,1.0,1,0.2915843826200368,34
4354,2,8376,8376,0,0,0,0,1.0,1.0,1.0,1.0,1.0,1,0.34877250222068196,32
4355,5,8381,8381,0,0,0,0,1.0,1.0,1.0,1.0,1.0,1,0.30281081419646955,32
4356,1,8382,8382,0,0,0,0,1.0,1.0,1.0,1.0,1.0,1,0.27541409586854626,34
4357,3,8385,8385,0,0,0,0,1.0,1.0,1.0,1.0,1.0,1,0.18507881557955755,35
4358,1,8386,8386,0,0,0,0,1.0,1.0,1.0,1.0,1.0,1,0.16126961533063078,35
4359,5,8391,8391,0,0,0,0,1.0,1.0,1.0,1.0,1.0,1,0.23367474577521513,37
4360,2,8393,8393,0,0,0,0,1.0,1.0,1.0,1.0,1.0,1,0.22221809459127093,38
4361,4,8397,8397,0,0,0,0,1.0,1.0,1.0,1.0,1.0,1,0.221388315220647,39
4362,0,8397,8397,0,0,0,0,1.0,1.0,1.0,1.0,1.0,1,0.22040020472142782,38
4363,4,8401,8401,0,0,0,0,1.0,1.0,1.0,1.0,1.0,1,0.18192074630892027,38
4364,2,8403,8403,0,0,0,0,1.0,1.0,1.0,1.0,1.0,1,0.08284626704323085,39
4365,2,8405,8405,0,0,0,0,1.0,1.0,1.0,1.0,1.0,1,0.07263710470585782,39
4366,1,8406,8406,0,0,0,0,1.0,1.0,1.0,1.0,1.0,1,0.1014387407001837,39
4367,2,8408,8408,0,0,0,0,1.0,1.0,1.0,1.0,1.0,1,0.1548689994870194,41
4368,3,8411,8411,0,0,0,0,1.0,1.0,1.0,1.0,1.0,1,0.08479572033439259,41
4369,3,8414,8414,0,0,0,0,1.0,1.0,1.0,1.0,1.0,1,0.12594566420161749,42
4370,3,8417,8417,0,0,0,0,1.0,1.0,1.0,1.0,1.0,1,0.15568163118405912,42
4371,1,8418,8418,0,0,0,0,1.0,1.0,1.0,1.0,1.0,1,0.1439935100936554,43
4372,3,8421,8421,0,0,0,0,1.0,1.0,1.0,1.0,1.0,1,0.1866462051646892,43
4373,1,8422,8422,0,0,0,0,1.0,1.0,1.0,1.0,1.0,1,0.19443529741043672,43
4374,3,8425,8425,0,0,0,0,1.0,1.0,1.0,1.0,1.0,1,0.24171218778121237,44
4375,1,8426,8426,0,0,0,0,1.0,1.0,1.0,1.0,1.0,1,0.2540319342668546,45
4376,2,8428,8428,0,0,0,0,1.0,1.0,1.0,1.0,1.0,1,0.2823685744691014,46
4377,3,8431,8431,0,0,0,0,0.996372101456977,0.9918804175465673,0.996372101456977,0.9918804175465673,1.0,1,0.29900225416613596,47
4378,0,8431,8431,0,0,0,0,0.9780539047494454,0.9511200605783106,0.9780539047494454,0.9511200605783106,1.0,1,0.2892194058703286,49
4379,1,8432,8432,0,0,0,0,1.0,1.0,1.0,1.0,1.0,1,0.2432975724780903,51
4380,0,8432,8432,0,0,0,0,1.0,1.0,1.0,1.0,1.0,1,0.24316804152222557,50
4381,1,8433,8433,0,0,0,0,1.0,1.0,1.0,1.0,1.0,1,0.22308576381116538,49
4382,1,8434,8434,0,0,0,0,1.0,1.0,1.0,1.0,1.0,1,0.2634804352460915,47
4383,1,8435,8435,0,0,0,0,1.0,1.0,1.0,1.0,1.0,1,0.2462360867651258,47
4384,5,8440,8440,0,0,0,0,1.0,1.0,1.0,1.0,1.0,1,0.2089326031750127,44
4385,2,8442,8442,0,0,0,0,1.0,1.0,1.0,1.0,1.0,1,0.15803325365275564,42
4386,1,8443,8443,0,0,0,0,1.0,1.0,1.0,1.0,1.0,1,0.1791537161979785,41
4387,1,8444,8444,0,0,0,0,1.0,1.0,1.0,1.0,1.0,1,0.12052572505050055,39
4388,2,8446,8446,0,0,0,0,1.0,1.0,1.0,1.0,1.0,1,0.11357288396803031,39
4389,0,8446,8446,0,0,0,0,1.0,1.0,1.0,1.0,1.0,1,0.11084667476064038,38
4390,1,8447,8447,0,0,0,0,1.0,1.0,1.0,1.0,1.0,1,0.08624137249169776,38
4391,0,8447,8447,0,0,0,0,1.0,1.0,1.0,1.0,1.0,1,0.0913335306916987,39
4392,2,8449,8449,0,0,0,0,1.0,1.0,1.0,1.0,1.0,1,0.12214649074627582,39
4393,1,8450,8450,0,0,0,0,1.0,1.0,1.0,1.0,1.0,1,0.1629538576619617,40
4394,2,8452,8452,0,0,0,0,1.0,1.0,1.0,1.0,1.0,1,0.13062140547674927,39
4395,1,8453,8453,0,0,0,0,1.0,1.0,1.0,1.0,1.0,1,0.11624807893055916,39
4396,0,8453,8453,0,0,0,0,1.0,1.0,1.0,1.0,1.0,1,0.10554315357002675,39
4397,1,8454,8454,0,0,0,0,1.0,1.0,1.0,1.0,1.0,1,0.11417182558468777,38
4398,0,8454,8454,0,0,0,0,1.0,1.0,1.0,1.0,1.0,1,0.11785234465131758,39
4399,0,8454,8454,0,0,0,0,1.0,1.0,1.0,1.0,1.0,1,0.12739020219160777,42
4400,0,8454,8454,0,0,0,0,1.0,1.0,1.0,1.0,1.0,1,0.11962952839842571,43
4401,0,8454,8454,0,0,0,0,1.0,1.0,1.0,1.0,1.0,1,0.10576776093756365,44
4402,2,8456,8456,0,0,0,0,1.0,1.0,1.0,1.0,1.0,1,0.14316584601824373,44
4403,3,8459,8459,0,0,0,0,1.0,1.0,1.0,1.0,1.0,1,0.18166909194175515,45
4404,3,8462,8462,0,0,0,0,1.0,1.0,1.0,1.0,1.0,1,0.2640098765143252,45
4405,3,8465,8465,0,0,0,0,0.9988715734920166,0.9976405627560349,0.9988715734920166,0.9976405627560349,1.0,1,0.284562537885944,46
4406,3,8468,8468,0,0,0,0,0.9847955430924374,0.9695910861848749,0.9847955430924374,0.9695910861848749,1.0,1,0.29186520978361313,46
4407,1,8469,8469,0,0,0,0,0.9847955430924374,0.9695910861848749,0.9847955430924374,0.9695910861848749,1.0,1,0.29960050256656406,46
4408,4,8473,8473,0,0,0,0,0.9666560080139917,0.9347013490274004,0.9666560080139917,0.9347013490274004,1.0,1,0.31621909218569355,47
4409,0,8473,8473,0,0,0,0,0.9673506745137002,0.9347013490274004,0.9673506745137002,0.9347013490274004,1.0,1,0.31429182298402775,48
4410,1,8474,8474,0,0,0,0,0.9673506745137002,0.9347013490274004,0.9673506745137002,0.9347013490274004,1.0,1,0.2975334336600041,48
4411,3,8477,8477,0,0,0,0,0.9840189410776664,0.9652585675601445,0.9840189410776664,0.9652585675601445,1.0,1,0.252725405951999,50
4412,1,8478,8478,0,0,0,0,0.9840189410776665,0.9652585675601445,0.9840189410776665,0.9652585675601445,1.0,1,0.23087434660062395,50
4413,1,8479,8479,0,0,0,0,1.0,1.0,1.0,1.0,1.0,1,0.21110045250272952,50
4414,2,8481,8481,0,0,0,0,1.0,1.0,1.0,1.0,1.0,1,0.17011855798490177,51
4415,0,8481,8481,0,0,0,0,1.0,1.0,1.0,1.0,1.0,1,0.17011855798490177,51
4416,1,8482,8482,0,0,0,0,1.0,1.0,1.0,1.0,1.0,1,0.1763813631414895,51
4417,1,8483,8483,0,0,0,0,1.0,1.0,1.0,1.0,1.0,1,0.19012439396953087,51
4418,0,8483,8483,0,0,0,0,0.9772413289015107,0.9495351206076978,0.9772413289015107,0.9495351206076978,1.0,1,0.19552768415025754,51
4419,0,8483,8483,0,0,0,0,0.9767861554795411,0.9495351206076978,0.9767861554795411,0.9495351206076978,1.0,1,0.20793519366461605,50
4420,0,8483,8483,0,0,0,0,0.9616375244139328,0.9200781758623601,0.9616375244139328,0.9200781758623601,1.0,1,0.22901505695496854,50
4421,2,8485,8485,0,0,0,0,0.9417835048329386,0.8789096900525126,0.9417835048329386,0.8789096900525126,1.0,1,0.21397349863536602,52
4422,0,8485,8485,0,0,0,0,0.9406420049277022,0.8789096900525126,0.9406420049277022,0.8789096900525126,1.0,1,0.21667208026300455,51
4423,2,8487,8487,0,0,0,0,0.9106645795991511,0.8312553170206187,0.9106645795991511,0.8312553170206187,1.0,1,0.243667488331882,51
4424,0,8487,8487,0,0,0,0,0.9140357275388058,0.8312553170206187,0.9140357275388058,0.8312553170206187,1.0,1,0.22027992237506364,53
4425,3,8490,8490,0,0,0,0,0.9052804327884405,0.8105608655768811,0.9052804327884405,0.8105608655768811,1.0,1,0.22450321480715524,54
4426,0,8490,8490,0,0,0,0,0.9070026067377416,0.8105608655768811,0.9070026067377416,0.8105608655768811,1.0,1,0.21389226471434608,55
4427,1,8491,8491,0,0,0,0,0.9070026067377416,0.8105608655768811,0.9070026067377416,0.8105608655768811,1.0,1,0.20700714903668985,55
4428,1,8492,8492,0,0,0,0,0.9070026067377416,0.8105608655768811,0.9070026067377416,0.8105608655768811,1.0,1,0.21987496177518512,55
4429,1,8493,8493,0,0,0,0,0.9086632744745676,0.8105608655768811,0.9086632744745676,0.8105608655768811,1.0,1,0.22469827503266798,56
4430,1,8494,8494,0,0,0,0,0.9231858609726598,0.8375085520575496,0.9231858609726598,0.8375085520575496,1.0,1,0.2299401569570248,55
4431,1,8495,8495,0,0,0,0,0.9011783958805234,0.7950366729373819,0.9011783958805234,0.7950366729373819,1.0,1,0.21838959473503503,56
4432,3,8498,8498,0,0,0,0,0.9384737408052745,0.8621811794038149,0.9384737408052745,0.8621811794038149,1.0,1,0.1790118723235976,56
4433,3,8501,8501,0,0,0,0,0.9395531488613224,0.8621811794038149,0.9395531488613224,0.8621811794038149,1.0,1,0.1793821881193617,57
4434,2,8503,8503,0,0,0,0,0.9513901693412677,0.8865770617962911,0.9513901693412677,0.8865770617962911,1.0,1,0.16599455103287278,56
4435,1,8504,8504,0,0,0,0,0.9650157766054692,0.9148210213002729,0.9650157766054692,0.9148210213002729,1.0,1,0.15360602779970667,56
4436,5,8509,8509,0,0,0,0,0.9223011934591451,0.8290626256101193,0.9223011934591451,0.8290626256101193,1.0,1,0.18914167103964333,55
4437,4,8513,8513,0,0,0,0,0.9268381278641085,0.8419703561864743,0.9268381278641085,0.8419703561864743,1.0,1,0.21083246127743052,54
4438,8,8521,8521,0,0,0,0,0.8720494526822881,0.7532382301729839,0.8720494526822881,0.7532382301729839,1.0,1,0.2639416765112112,54
4439,4,8525,8525,0,0,0,0,0.8508966558352017,0.7172177955495204,0.8508966558352017,0.7172177955495204,1.0,1,0.2879167109804746,55
4440,4,8529,8529,0,0,0,0,0.8727259847497897,0.7499974700442296,0.8727259847497897,0.7499974700442296,1.0,1,0.2474612629638212,55
4441,4,8533,8533,0,0,0,0,0.8262399428859736,0.6692953751700788,0.8262399428859736,0.6692953751700788,1.0,1,0.2605283731644998,59
4442,0,8533,8533,0,0,0,0,0.8319369939388924,0.6692953751700788,0.8319369939388924,0.6692953751700788,1.0,1,0.23916138031526216,61
4443,5,8538,8538,0,0,0,0,0.8991486316766767,0.7758858481703925,0.8991486316766767,0.7758858481703925,1.0,1,0.2504967347726159,60
4444,4,8542,8542,0,0,0,0,0.9042968086636168,0.783781678832616,0.9042968086636168,0.783781678832616,1.0,1,0.23766486148882818,61
4445,1,8543,8543,0,0,0,0,0.8869770881635617,0.7537715134991879,0.8869770881635617,0.7537715134991879,1.0,1,0.24755978648228033,61
4446,2,8545,8545,0,0,0,0,0.8819878130474097,0.7386873003192644,0.8819878130474097,0.7386873003192644,1.0,1,0.2538649154572044,62
4447,2,8547,8547,0,0,0,0,0.8998469971002977,0.7663096599006944,0.8998469971002977,0.7663096599006944,1.0,1,0.23987043111653236,63
4448,1,8548,8548,0,0,0,0,0.8998469971002976,0.7663096599006944,0.8998469971002976,0.7663096599006944,1.0,1,0.24620348315610657,63
4449,1,8549,8549,0,0,0,0,0.8998469971002976,0.7663096599006944,0.8998469971002976,0.7663096599006944,1.0,1,0.25204450237399073,63
4450,0,8549,8549,0,0,0,0,0.8982316260857862,0.7663096599006944,0.8982316260857862,0.7663096599006944,1.0,1,0.26633558337437774,62
4451,0,8549,8549,0,0,0,0,0.8998469971002976,0.7663096599006944,0.8998469971002976,0.7663096599006944,1.0,1,0.2507549079745167,63
4452,1,8550,8550,0,0,0,0,0.9014118877706054,0.7663096599006944,0.9014118877706054,0.7663096599006944,1.0,1,0.22209333390614833,64
4453,0,8550,8550,0,0,0,0,0.9029286279587501,0.7663096599006944,0.9029286279587501,0.7663096599006944,1.0,1,0.22241853612737442,65
4454,2,8552,8552,0,0,0,0,0.8927957181332671,0.747304192742701,0.8927957181332671,0.747304192742701,1.0,1,0.2032806250363528,66
4455,1,8553,8553,0,0,0,0,0.8782093827297297,0.7186216773410996,0.8782093827297297,0.7186216773410996,1.0,1,0.2111485400970769,67
4456,3,8556,8556,0,0,0,0,0.8968175282638342,0.7530990854884604,0.8968175282638342,0.7530990854884604,1.0,1,0.1992731853352056,67
4457,2,8558,8558,0,0,0,0,0.9223902492109401,0.8059756230273504,0.9223902492109401,0.8059756230273504,1.0,1,0.19319524151417014,65
4458,0,8558,8558,0,0,0,0,0.9058415419385969,0.7733222305929185,0.9058415419385969,0.7733222305929185,1.0,1,0.19911755734905326,65
4459,2,8560,8560,0,0,0,0,0.9078271552167971,0.7815162197731487,0.9078271552167971,0.7815162197731487,1.0,1,0.2168226419501128,64
4460,0,8560,8560,0,0,0,0,0.9063640941884923,0.7815162197731487,0.9063640941884923,0.7815162197731487,1.0,1,0.2271580793243494,63
4461,3,8563,8563,0,0,0,0,0.9227950460055296,0.8158958789362629,0.9227950460055296,0.8158958789362629,1.0,1,0.24072583930111585,62
4462,2,8565,8565,0,0,0,0,0.9358926993418678,0.8435781863941573,0.9358926993418678,0.8435781863941573,1.0,1,0.22444769801497413,61
4463,0,8565,8565,0,0,0,0,0.9189869840942578,0.8099310011442203,0.9189869840942578,0.8099310011442203,1.0,1,0.24632653431290374,61
4464,1,8566,8566,0,0,0,0,0.9358449862429636,0.8511603680836757,0.9358449862429636,0.8511603680836757,1.0,1,0.26765723296607347,58
4465,5,8571,8571,0,0,0,0,0.9528431723413302,0.8880025343106591,0.9528431723413302,0.8880025343106591,1.0,1,0.27776968680538416,57
4466,4,8575,8575,0,0,0,0,0.9384732227805581,0.8671021612060057,0.9384732227805581,0.8671021612060057,1.0,1,0.31442958090057066,54
4467,4,8579,8579,0,0,0,0,0.9577324934478947,0.9084204024704384,0.9577324934478947,0.9084204024704384,1.0,1,0.2748873917116471,52
4468,4,8583,8583,0,0,0,0,0.9679669314485171,0.9275774102314298,0.9679669314485171,0.9275774102314298,1.0,1,0.25045966770984096,52
4469,2,8585,8585,0,0,0,0,1.0,1.0,1.0,1.0,1.0,1,0.21860344616944555,51
4470,4,8589,8589,0,0,0,0,0.9660848057404527,0.9247967431636124,0.9660848057404527,0.9247967431636124,1.0,1,0.25871289764240185,51
4471,3,8592,8592,0,0,0,0,0.9509830479203412,0.8978813498340439,0.9509830479203412,0.8978813498340439,1.0,1,0.25049653612720996,50
4472,5,8597,8597,0,0,0,0,0.8996524854789639,0.8216044186292694,0.8996524854789639,0.8216044186292694,1.0,1,0.2978426678918327,48
4473,5,8602,8602,0,0,0,0,0.9501836991681626,0.9063453544361456,0.9501836991681626,0.9063453544361456,1.0,1,0.310880187780254,47
4474,2,8604,8604,0,0,0,0,0.926982585229736,0.8623902567791177,0.926982585229736,0.8623902567791177,1.0,1,0.32859452109450393,49
4475,4,8608,8608,0,0,0,0,0.917853228331381,0.851503912752881,0.917853228331381,0.851503912752881,1.0,1,0.35367620671783717,47
4476,3,8611,8611,0,0,0,0,0.9048519350745381,0.8273238821723101,0.9048519350745381,0.8273238821723101,1.0,1,0.32488229316739164,49
4477,1,8612,8612,0,0,0,0,0.9026964817025291,0.827015967471163,0.9026964817025291,0.827015967471163,1.0,1,0.33118721206554114,48
4478,1,8613,8613,0,0,0,0,0.8756064963801656,0.7867539937945696,0.8756064963801656,0.7867539937945696,1.0,1,0.345924701216213,48
4479,2,8615,8615,0,0,0,0,0.8957672569437952,0.8146973456778581,0.8957672569437952,0.8146973456778581,1.0,1,0.3235217745847553,48
4480,0,8615,8615,0,0,0,0,0.8816767293680614,0.7929342763941076,0.8816767293680614,0.7929342763941076,1.0,1,0.3235217745847553,49
4481,3,8618,8618,0,0,0,0,0.8816767293680614,0.7929342763941076,0.8816767293680614,0.7929342763941076,1.0,1,0.34718944725336764,49
4482,0,8618,8618,0,0,0,0,0.8816767293680614,0.7929342763941076,0.8816767293680614,0.7929342763941076,1.0,1,0.34718944725336764,49
4483,4,8622,8622,0,0,0,0,0.9101226333975305,0.8335604322176489,0.9101226333975305,0.8335604322176489,1.0,1,0.3018188671999871,50
4484,2,8624,8624,0,0,0,0,0.9136730376427167,0.8337406650896766,0.9136730376427167,0.8337406650896766,1.0,1,0.2570751744201657,52
4485,1,8625,8625,0,0,0,0,0.8748583922838059,0.7712929238290247,0.8748583922838059,0.7712929238290247,1.0,1,0.2572854176641972,53
4486,2,8627,8627,0,0,0,0,0.9086310320169103,0.8138780281825951,0.9086310320169103,0.8138780281825951,1.0,1,0.22927542316959773,55
4487,2,8629,8629,0,0,0,0,0.9246847921766556,0.840679368066002,0.9246847921766556,0.840679368066002,1.0,1,0.24690615705139032,55
4488,0,8629,8629,0,0,0,0,0.9232900661058528,0.840679368066002,0.9232900661058528,0.840679368066002,1.0,1,0.26869562952127796,54
4489,5,8634,8634,0,0,0,0,0.9596084313607325,0.9108019525882843,0.9596084313607325,0.9108019525882843,1.0,1,0.28741894661858275,53
4490,0,8634,8634,0,0,0,0,0.9596084313607325,0.9108019525882843,0.9596084313607325,0.9108019525882843,1.0,1,0.28741894661858275,53
4491,1,8635,8635,0,0,0,0,0.958831670425362,0.9108019525882843,0.958831670425362,0.9108019525882843,1.0,1,0.29332466131934665,52
4492,5,8640,8640,0,0,0,0,0.9789868965340163,0.9524921139029933,0.9789868965340163,0.9524921139029933,1.0,1,0.250079099179926,52
4493,2,8642,8642,0,0,0,0,0.9790692020343544,0.9526781959037577,0.9790692020343544,0.9526781959037577,1.0,1,0.25616411333898054,52
4494,5,8647,8647,0,0,0,0,1.0,1.0,1.0,1.0,1.0,1,0.1857398248641725,53
4495,0,8647,8647,0,0,0,0,1.0,1.0,1.0,1.0,1.0,1,0.1721253997149232,50
4496,1,8648,8648,0,0,0,0,1.0,1.0,1.0,1.0,1.0,1,0.18686684570415243,51
4497,1,8649,8649,0,0,0,0,1.0,1.0,1.0,1.0,1.0,1,0.20188483481883793,50
4498,3,8652,8652,0,0,0,0,1.0,1.0,1.0,1.0,1.0,1,0.2358740760382086,49
4499,3,8655,8655,0,0,0,0,1.0,1.0,1.0,1.0,1.0,1,0.2545106084817337,48
4500,0,8655,8655,0,0,0,0,1.0,1.0,1.0,1.0,1.0,1,0.22496728538312338,48
4501,5,8660,8660,0,0,0,0,1.0,1.0,1.0,1.0,1.0,1,0.2750257720779337,48
4502,1,8661,8661,0,0,0,0,1.0,1.0,1.0,1.0,1.0,1,0.25551660312193,49
4503,5,8666,8666,0,0,0,0,1.0,1.0,1.0,1.0,1.0,1,0.2463325796401613,49
4504,2,8668,8668,0,0,0,0,1.0,1.0,1.0,1.0,1.0,1,0.3167444694339369,45
4505,6,8674,8674,0,0,0,0,1.0,1.0,1.0,1.0,1.0,1,0.27072094821091214,46
4506,4,8678,8678,0,0,0,0,1.0,1.0,1.0,1.0,1.0,1,0.26718285505895634,45
4507,3,8681,8681,0,0,0,0,1.0,1.0,1.0,1.0,1.0,1,0.2823163266096728,45
4508,3,8684,8684,0,0,0,0,1.0,1.0,1.0,1.0,1.0,1,0.30093203212210456,43
4509,2,8686,8686,0,0,0,0,1.0,1.0,1.0,1.0,1.0,1,0.2780911921068082,41
4510,1,8687,8687,0,0,0,0,0.9759000746637492,0.957825130661561,0.9759000746637492,0.957825130661561,1.0,1,0.31340684352796344,42
4511,2,8689,8689,0,0,0,0,0.9753122716067674,0.957825130661561,0.9753122716067674,0.957825130661561,1.0,1,0.3129721468594859,41
4512,0,8689,8689,0,0,0,0,0.9753122716067674,0.957825130661561,0.9753122716067674,0.957825130661561,1.0,1,0.3129721468594859,41
4513,1,8690,8690,0,0,0,0,0.9953558652931297,0.9917213250877529,0.9953558652931297,0.9917213250877529,1.0,1,0.30162402330079313,41
4514,2,8692,8692,0,0,0,0,1.0,1.0,1.0,1.0,1.0,1,0.25811145960245896,42
4515,2,8694,8694,0,0,0,0,1.0,1.0,1.0,1.0,1.0,1,0.2675145210275374,41
4516,3,8697,8697,0,0,0,0,0.9930403109466821,0.9867133208982113,0.9930403109466821,0.9867133208982113,1.0,1,0.29516048860767924,42
4517,3,8700,8700,0,0,0,0,1.0,1.0,1.0,1.0,1.0,1,0.29505945948187456,43
4518,2,8702,8702,0,0,0,0,1.0,1.0,1.0,1.0,1.0,1,0.2644062720951503,42
4519,1,8703,8703,0,0,0,0,1.0,1.0,1.0,1.0,1.0,1,0.2482607987160802,42
4520,4,8707,8707,0,0,0,0,1.0,1.0,1.0,1.0,1.0,1,0.2858207391497173,42
4521,3,8710,8710,0,0,0,0,1.0,1.0,1.0,1.0,1.0,1,0.19455166482770334,42
4522,2,8712,8712,0,0,0,0,1.0,1.0,1.0,1.0,1.0,1,0.17040843583437912,42
4523,0,8712,8712,0,0,0,0,1.0,1.0,1.0,1.0,1.0,1,0.17040843583437912,42
4524,0,8712,8712,0,0,0,0,1.0,1.0,1.0,1.0,1.0,1,0.16150233143451034,43
4525,1,8713,8713,0,0,0,0,1.0,1.0,1.0,1.0,1.0,1,0.11342919435639606,46
4526,2,8715,8715,0,0,0,0,1.0,1.0,1.0,1.0,1.0,1,0.0791922580422386,46
4527,5,8720,8720,0,0,0,0,1.0,1.0,1.0,1.0,1.0,1,0.1213021155666662,47
4528,3,8723,8723,0,0,0,0,1.0,1.0,1.0,1.0,1.0,1,0.13325553056283837,49
4529,2,8725,8725,0,0,0,0,1.0,1.0,1.0,1.0,1.0,1,0.13538681138028658,50
4530,3,8728,8728,0,0,0,0,1.0,1.0,1.0,1.0,1.0,1,0.1320549390469564,51
4531,2,8730,8730,0,0,0,0,1.0,1.0,1.0,1.0,1.0,1,0.18405660349767475,51
4532,2,8732,8732,0,0,0,0,1.0,1.0,1.0,1.0,1.0,1,0.20264226430932092,51
4533,3,8735,8735,0,0,0,0,1.0,1.0,1.0,1.0,1.0,1,0.1785934134490753,50
4534,2,8737,8737,0,0,0,0,1.0,1.0,1.0,1.0,1.0,1,0.1953061341907717,51
4535,4,8741,8741,0,0,0,0,1.0,1.0,1.0,1.0,1.0,1,0.17998133505473898,50
4536,0,8741,8741,0,0,0,0,1.0,1.0,1.0,1.0,1.0,1,0.19283138336045486,48
4537,2,8743,8743,0,0,0,0,1.0,1.0,1.0,1.0,1.0,1,0.16843575365212957,49
4538,3,8746,8746,0,0,0,0,1.0,1.0,1.0,1.0,1.0,1,0.1924477855571523,48
4539,0,8746,8746,0,0,0,0,1.0,1.0,1.0,1.0,1.0,1,0.2002861765521524,50
4540,5,8751,8751,0,0,0,0,1.0,1.0,1.0,1.0,1.0,1,0.211337090644618,49
4541,1,8752,8752,0,0,0,0,1.0,1.0,1.0,1.0,1.0,1,0.23770579225579852,49
4542,2,8754,8754,0,0,0,0,1.0,1.0,1.0,1.0,1.0,1,0.3403996458707007,47
4543,1,8755,8755,0,0,0,0,1.0,1.0,1.0,1.0,1.0,1,0.3634001635539513,45
4544,2,8757,8757,0,0,0,0,1.0,1.0,1.0,1.0,1.0,1,0.35726437266371414,45
4545,2,8759,8759,0,0,0,0,1.0,1.0,1.0,1.0,1.0,1,0.36242840635494644,43
4546,0,8759,8759,0,0,0,0,1.0,1.0,1.0,1.0,1.0,1,0.36280257484471806,43
4547,2,8761,8761,0,0,0,0,1.0,1.0,1.0,1.0,1.0,1,0.4408914745283459,41
4548,2,8763,8763,0,0,0,0,1.0,1.0,1.0,1.0,1.0,1,0.4380737782788785,42
4549,2,8765,8765,0,0,0,0,1.0,1.0,1.0,1.0,1.0,1,0.41766754126314926,41
4550,0,8765,8765,0,0,0,0,1.0,1.0,1.0,1.0,1.0,1,0.41766754126314926,41
4551,0,8765,8765,0,0,0,0,1.0,1.0,1.0,1.0,1.0,1,0.4262516506854699,39
4552,0,8765,8765,0,0,0,0,1.0,1.0,1.0,1.0,1.0,1,0.4305098158531519,38
4553,0,8765,8765,0,0,0,0,1.0,1.0,1.0,1.0,1.0,1,0.4136896418312725,39
4554,0,8765,8765,0,0,0,0,1.0,1.0,1.0,1.0,1.0,1,0.4169361456462751,38
4555,1,8766,8766,0,0,0,0,1.0,1.0,1.0,1.0,1.0,1,0.4366299476929836,37
4556,0,8766,8766,0,0,0,0,1.0,1.0,1.0,1.0,1.0,1,0.44273338698777376,36
4557,2,8768,8768,0,0,0,0,1.0,1.0,1.0,1.0,1.0,1,0.40223954559812386,38
4558,1,8769,8769,0,0,0,0,1.0,1.0,1.0,1.0,1.0,1,0.3669898354120249,39
4559,0,8769,8769,0,0,0,0,1.0,1.0,1.0,1.0,1.0,1,0.37037848243694693,38
4560,0,8769,8769,0,0,0,0,1.0,1.0,1.0,1.0,1.0,1,0.35340242026530544,41
4561,0,8769,8769,0,0,0,0,1.0,1.0,1.0,1.0,1.0,1,0.35340242026530544,41
4562,3,8772,8772,0,0,0,0,1.0,1.0,1.0,1.0,1.0,1,0.32804276572870705,43
4563,2,8774,8774,0,0,0,0,1.0,1.0,1.0,1.0,1.0,1,0.29407689087644956,42
4564,4,8778,8778,0,0,0,0,1.0,1.0,1.0,1.0,1.0,1,0.20907704021864823,43
4565,2,8780,8780,0,0,0,0,1.0,1.0,1.0,1.0,1.0,1,0.19383156085021824,44
4566,2,8782,8782,0,0,0,0,1.0,1.0,1.0,1.0,1.0,1,0.1935989123628973,45
4567,3,8785,8785,0,0,0,0,1.0,1.0,1.0,1.0,1.0,1,0.2513995622615933,47
4568,2,8787,8787,0,0,0,0,1.0,1.0,1.0,1.0,1.0,1,0.22368947685742144,47
4569,4,8791,8791,0,0,0,0,1.0,1.0,1.0,1.0,1.0,1,0.23760849461166403,49
4570,1,8792,8792,0,0,0,0,1.0,1.0,1.0,1.0,1.0,1,0.22853523795411615,49
4571,1,8793,8793,0,0,0,0,1.0,1.0,1.0,1.0,1.0,1,0.25029906065858615,48
4572,3,8796,8796,0,0,0,0,0.9854126722342573,0.9681731030565616,0.9854126722342573,0.9681731030565616,1.0,1,0.2733060518300999,48
4573,3,8799,8799,0,0,0,0,0.9704325295895994,0.9382939747956857,0.9704325295895994,0.9382939747956857,1.0,1,0.2901440615821712,48
4574,4,8803,8803,0,0,0,0,0.9304333296961357,0.8608666593922714,0.9304333296961357,0.8608666593922714,1.0,1,0.2808966621221721,50
4575,2,8805,8805,0,0,0,0,0.9264585098846163,0.8499753601646175,0.9264585098846163,0.8499753601646175,1.0,1,0.27030411261933895,51
4576,1,8806,8806,0,0,0,0,0.9231126038436638,0.8523761993798347,0.9231126038436638,0.8523761993798347,1.0,1,0.3008961905184179,48
4577,1,8807,8807,0,0,0,0,0.9050462629608381,0.828352859967669,0.9050462629608381,0.828352859967669,1.0,1,0.3278506960322082,47
4578,2,8809,8809,0,0,0,0,0.9284580808547171,0.8683628687726797,0.9284580808547171,0.8683628687726797,1.0,1,0.32347083180359154,46
4579,2,8811,8811,0,0,0,0,0.884950920761963,0.8039904575944554,0.884950920761963,0.8039904575944554,1.0,1,0.36165233789025286,46
4580,3,8814,8814,0,0,0,0,0.9117638230479742,0.8404961416636456,0.9117638230479742,0.8404961416636456,1.0,1,0.31950719635882024,47
4581,1,8815,8815,0,0,0,0,0.8921257103195167,0.8122188290747143,0.8921257103195167,0.8122188290747143,1.0,1,0.3210137664516804,47
4582,1,8816,8816,0,0,0,0,0.870922218900246,0.7787238038289931,0.870922218900246,0.7787238038289931,1.0,1,0.321275910959014,48
4583,0,8816,8816,0,0,0,0,0.870922218900246,0.7787238038289931,0.870922218900246,0.7787238038289931,1.0,1,0.321275910959014,48
4584,1,8817,8817,0,0,0,0,0.8789031453217591,0.7837556166459982,0.8789031453217591,0.7837556166459982,1.0,1,0.30443080833034053,50
4585,0,8817,8817,0,0,0,0,0.8789031453217591,0.7837556166459982,0.8789031453217591,0.7837556166459982,1.0,1,0.30443080833034053,50
4586,1,8818,8818,0,0,0,0,0.878903145321759,0.7837556166459982,0.878903145321759,0.7837556166459982,1.0,1,0.3135920015582516,50
4587,0,8818,8818,0,0,0,0,0.8789031453217591,0.7837556166459982,0.8789031453217591,0.7837556166459982,1.0,1,0.3135920015582516,50
4588,0,8818,8818,0,0,0,0,0.8789031453217591,0.7837556166459982,0.8789031453217591,0.7837556166459982,1.0,1,0.3135920015582516,50
4589,1,8819,8819,0,0,0,0,0.8835607166555376,0.7837556166459982,0.8835607166555376,0.7837556166459982,1.0,1,0.3158048257144238,52
4590,1,8820,8820,0,0,0,0,0.8630477450044529,0.7544304393183293,0.8630477450044529,0.7544304393183293,1.0,1,0.32755339576861264,52
4591,2,8822,8822,0,0,0,0,0.8857576842658105,0.7837556166459982,0.8857576842658105,0.7837556166459982,1.0,1,0.3026552468814227,53
4592,2,8824,8824,0,0,0,0,0.8637594964045344,0.7463107864084436,0.8637594964045344,0.7463107864084436,1.0,1,0.30719413732526546,54
4593,0,8824,8824,0,0,0,0,0.868625228675801,0.7463107864084436,0.868625228675801,0.7463107864084436,1.0,1,0.27226170268457006,56
4594,2,8826,8826,0,0,0,0,0.8709300492253484,0.7463107864084436,0.8709300492253484,0.7463107864084436,1.0,1,0.25273008817121334,57
4595,2,8828,8828,0,0,0,0,0.8717660119279982,0.7523757471713068,0.8717660119279982,0.7523757471713068,1.0,1,0.247941105930832,56
4596,3,8831,8831,0,0,0,0,0.8877975936365575,0.7755951872731149,0.8877975936365575,0.7755951872731149,1.0,1,0.23866175921651195,56
4597,2,8833,8833,0,0,0,0,0.8877975936365575,0.7755951872731149,0.8877975936365575,0.7755951872731149,1.0,1,0.2617153572160837,56
4598,2,8835,8835,0,0,0,0,0.8897660569060916,0.7755951872731149,0.8897660569060916,0.7755951872731149,1.0,1,0.28096299407386616,57
4599,1,8836,8836,0,0,0,0,0.8742947911417746,0.7442549199091276,0.8742947911417746,0.7442549199091276,1.0,1,0.24693780523226339,59
4600,3,8839,8839,0,0,0,0,0.8596327927564908,0.7192655855129816,0.8596327927564908,0.7192655855129816,1.0,1,0.29076139900728787,60
4601,1,8840,8840,0,0,0,0,0.8784393835915858,0.7484952763963845,0.8784393835915858,0.7484952763963845,1.0,1,0.2898548942242262,60
4602,3,8843,8843,0,0,0,0,0.8485360279872257,0.6970720559744513,0.8485360279872257,0.6970720559744513,1.0,1,0.2908913994462519,62
4603,0,8843,8843,0,0,0,0,0.8485360279872256,0.6970720559744513,0.8485360279872256,0.6970720559744513,1.0,1,0.2908913994462519,62
4604,2,8845,8845,0,0,0,0,0.8509402180191744,0.6970720559744513,0.8509402180191744,0.6970720559744513,1.0,1,0.3211698039505132,63
4605,1,8846,8846,0,0,0,0,0.8509402180191745,0.6970720559744513,0.8509402180191745,0.6970720559744513,1.0,1,0.3098572694261749,63
4606,2,8848,8848,0,0,0,0,0.8235343864857582,0.6577636586390462,0.8235343864857582,0.6577636586390462,1.0,1,0.3110047810193355,64
4607,2,8850,8850,0,0,0,0,0.8116487132196565,0.6399166576258137,0.8116487132196565,0.6399166576258137,1.0,1,0.3165571411507209,65
4608,4,8854,8854,0,0,0,0,0.81907173579111,0.6487863106533311,0.81907173579111,0.6487863106533311,1.0,1,0.3083753535766411,66
4609,4,8858,8858,0,0,0,0,0.7585008544809733,0.5869093563490331,0.7585008544809733,0.5869093563490331,1.0,1,0.3138906024097765,65
4610,3,8861,8861,0,0,0,0,0.7449461092105187,0.5771474968490179,0.7449461092105187,0.5771474968490179,1.0,1,0.3018688372755568,63
4611,3,8864,8864,0,0,0,0,0.7677237475827813,0.5982248606837298,0.7677237475827813,0.5982248606837298,1.0,1,0.2861438355275905,64
4612,2,8866,8866,0,0,0,0,0.7570233454736011,0.5928499302530612,0.7570233454736011,0.5928499302530612,1.0,1,0.2899124023810036,62
4613,0,8866,8866,0,0,0,0,0.7608801177676708,0.5928499302530612,0.7608801177676708,0.5928499302530612,1.0,1,0.28933424338591707,63
4614,4,8870,8870,0,0,0,0,0.7690290844703912,0.6086326153526073,0.7690290844703912,0.6086326153526073,1.0,1,0.295514362158391,61
4615,0,8870,8870,0,0,0,0,0.7611995619100654,0.6086326153526073,0.7611995619100654,0.6086326153526073,1.0,1,0.3245564374611574,59
4616,2,8872,8872,0,0,0,0,0.7855182233769568,0.6341193222312792,0.7855182233769568,0.6341193222312792,1.0,1,0.33331606055134966,58
4617,0,8872,8872,0,0,0,0,0.7855182233769568,0.6341193222312792,0.7855182233769568,0.6341193222312792,1.0,1,0.3495821252810275,58
4618,2,8874,8874,0,0,0,0,0.7674606497000709,0.6212930580829726,0.7674606497000709,0.6212930580829726,1.0,1,0.35729814521540104,57
4619,2,8876,8876,0,0,0,0,0.7729968471459298,0.6303091510662284,0.7729968471459298,0.6303091510662284,1.0,1,0.3445883791241212,57
4620,1,8877,8877,0,0,0,0,0.7729968471459298,0.6303091510662284,0.7729968471459298,0.6303091510662284,1.0,1,0.3534170797416496,57
4621,5,8882,8882,0,0,0,0,0.7644361453306343,0.6139370159585397,0.7644361453306343,0.6139370159585397,1.0,1,0.3042045832679572,59
4622,2,8884,8884,0,0,0,0,0.7500605795874186,0.5946928317633814,0.7500605795874186,0.5946928317633814,1.0,1,0.3285790489227577,60
4623,4,8888,8888,0,0,0,0,0.7610473499977735,0.6083831569407955,0.7610473499977735,0.6083831569407955,1.0,1,0.2971888556962786,59
4624,4,8892,8892,0,0,0,0,0.7935545017758594,0.6417563413169324,0.7935545017758594,0.6417563413169324,1.0,1,0.25772528049808807,59
4625,1,8893,8893,0,0,0,0,0.8225146444593399,0.6838542104431989,0.8225146444593399,0.6838542104431989,1.0,1,0.25768582063836815,57
4626,2,8895,8895,0,0,0,0,0.7988212141075943,0.658605696667433,0.7988212141075943,0.658605696667433,1.0,1,0.2916563217402076,56
4627,2,8897,8897,0,0,0,0,0.8172044872438189,0.6801078526766832,0.8172044872438189,0.6801078526766832,1.0,1,0.29602096535234407,56
4628,2,8899,8899,0,0,0,0,0.8326129665527261,0.697623423450086,0.8326129665527261,0.697623423450086,1.0,1,0.27754224259430177,56
4629,2,8901,8901,0,0,0,0,0.8248297020631965,0.6934519786105938,0.8248297020631965,0.6934519786105938,1.0,1,0.29262672342027085,56
4630,2,8903,8903,0,0,0,0,0.8135740531465762,0.677991546344086,0.8135740531465762,0.677991546344086,1.0,1,0.30183997321296213,57
4631,2,8905,8905,0,0,0,0,0.808143435561739,0.674425223983557,0.808143435561739,0.674425223983557,1.0,1,0.34222390848533113,56
4632,0,8905,8905,0,0,0,0,0.7939091732033381,0.6544947903703019,0.7939091732033381,0.6544947903703019,1.0,1,0.34222390848533113,57
4633,0,8905,8905,0,0,0,0,0.7974624633205218,0.6544947903703019,0.7974624633205218,0.6544947903703019,1.0,1,0.32686767714526166,58
4634,2,8907,8907,0,0,0,0,0.7974624633205218,0.6544947903703019,0.7974624633205218,0.6544947903703019,1.0,1,0.3415343129617271,58
4635,0,8907,8907,0,0,0,0,0.8008953029252587,0.6544947903703019,0.8008953029252587,0.6544947903703019,1.0,1,0.32573582577008137,59
4636,1,8908,8908,0,0,0,0,0.804213714543171,0.6544947903703019,0.804213714543171,0.6544947903703019,1.0,1,0.2903102907277459,60
4637,1,8909,8909,0,0,0,0,0.8242293297039556,0.680416963098101,0.8242293297039556,0.680416963098101,1.0,1,0.2764259962341228,60
4638,2,8911,8911,0,0,0,0,0.8408090857292152,0.6965423196713166,0.8408090857292152,0.6965423196713166,1.0,1,0.25974263052132296,61
4639,2,8913,8913,0,0,0,0,0.8400270534546357,0.6900524160683565,0.8400270534546357,0.6900524160683565,1.0,1,0.26244320418553474,62
4640,4,8917,8917,0,0,0,0,0.7768149651178344,0.6094261889562101,0.7768149651178344,0.6094261889562101,1.0,1,0.2631740277727719,63
4641,2,8919,8919,0,0,0,0,0.8107517770174881,0.6493341750618163,0.8107517770174881,0.6493341750618163,1.0,1,0.2412206034569709,63
4642,3,8922,8922,0,0,0,0,0.7903479394874088,0.6286163499491242,0.7903479394874088,0.6286163499491242,1.0,1,0.3027917686936971,62
4643,3,8925,8925,0,0,0,0,0.8279278245370154,0.6714985741161206,0.8279278245370154,0.6714985741161206,1.0,1,0.25867278389886217,63
4644,2,8927,8927,0,0,0,0,0.8210565406523224,0.6638031975892118,0.8210565406523224,0.6638031975892118,1.0,1,0.27275117706444857,62
4645,2,8929,8929,0,0,0,0,0.8373015529103056,0.6796874322921641,0.8373015529103056,0.6796874322921641,1.0,1,0.25648816015438275,63
4646,3,8932,8932,0,0,0,0,0.855293324526002,0.7059186917786494,0.855293324526002,0.7059186917786494,1.0,1,0.24138627097814308,63
4647,2,8934,8934,0,0,0,0,0.8716101668559131,0.7346610115022204,0.8716101668559131,0.7346610115022204,1.0,1,0.22889760603422202,62
4648,4,8938,8938,0,0,0,0,0.869592542532487,0.7261443393182228,0.869592542532487,0.7261443393182228,1.0,1,0.22880655222262575,63
4649,3,8941,8941,0,0,0,0,0.8628967867647959,0.7212234664217517,0.8628967867647959,0.7212234664217517,1.0,1,0.23891331588704118,61
4650,2,8943,8943,0,0,0,0,0.9006335897785988,0.7764255770018473,0.9006335897785988,0.7764255770018473,1.0,1,0.18976246698470883,63
4651,2,8945,8945,0,0,0,0,0.8990309057427698,0.7764255770018473,0.8990309057427698,0.7764255770018473,1.0,1,0.1926529259919195,62
4652,3,8948,8948,0,0,0,0,0.8950702869231256,0.7788981045880148,0.8950702869231256,0.7788981045880148,1.0,1,0.23239533599193626,59
4653,2,8950,8950,0,0,0,0,0.8964774195806339,0.7781658991013581,0.8964774195806339,0.7781658991013581,1.0,1,0.24100675296941074,60
4654,1,8951,8951,0,0,0,0,0.9134171476066631,0.8075936613481404,0.9134171476066631,0.8075936613481404,1.0,1,0.2281028203415894,60
4655,2,8953,8953,0,0,0,0,0.9134171476066631,0.8075936613481404,0.9134171476066631,0.8075936613481404,1.0,1,0.26500072911009515,60
4656,4,8957,8957,0,0,0,0,0.9227414843853916,0.8254529832410702,0.9227414843853916,0.8254529832410702,1.0,1,0.26237436040568585,61
4657,2,8959,8959,0,0,0,0,0.8892061259552251,0.7631303382491018,0.8892061259552251,0.7631303382491018,1.0,1,0.25910485221371815,62
4658,1,8960,8960,0,0,0,0,0.873331603697966,0.738218647642463,0.873331603697966,0.738218647642463,1.0,1,0.26805511224837786,62
4659,1,8961,8961,0,0,0,0,0.8883290636653453,0.7651059615029676,0.8883290636653453,0.7651059615029676,1.0,1,0.26789509620389856,61
4660,0,8961,8961,0,0,0,0,0.8883290636653454,0.7651059615029676,0.8883290636653454,0.7651059615029676,1.0,1,0.26597825401076713,61
4661,0,8961,8961,0,0,0,0,0.8684172423821261,0.7324483928436565,0.8684172423821261,0.7324483928436565,1.0,1,0.2927613480416053,61
4662,0,8961,8961,0,0,0,0,0.8705395449243499,0.7324483928436565,0.8705395449243499,0.7324483928436565,1.0,1,0.2786100766147476,62
4663,1,8962,8962,0,0,0,0,0.8684172423821261,0.7324483928436565,0.8684172423821261,0.7324483928436565,1.0,1,0.25996170842843075,61
4664,2,8964,8964,0,0,0,0,0.886566592794449,0.7574871983881325,0.886566592794449,0.7574871983881325,1.0,1,0.23551536860388292,62
4665,1,8965,8965,0,0,0,0,0.90296273468037,0.7885973862679492,0.90296273468037,0.7885973862679492,1.0,1,0.23545543235604127,61
4666,1,8966,8966,0,0,0,0,0.9247272818307423,0.8299394145064916,0.9247272818307423,0.8299394145064916,1.0,1,0.2307254669652508,61
4667,1,8967,8967,0,0,0,0,0.9383976912257291,0.8602101454737697,0.9383976912257291,0.8602101454737697,1.0,1,0.24064716480861753,59
4668,3,8970,8970,0,0,0,0,0.9394861311170207,0.8626800667655473,0.9394861311170207,0.8626800667655473,1.0,1,0.2532212427942797,59
4669,3,8973,8973,0,0,0,0,0.9565048083507675,0.8990911553737804,0.9565048083507675,0.8990911553737804,1.0,1,0.2649802398688544,58
4670,2,8975,8975,0,0,0,0,0.9557210445114834,0.8990439814861823,0.9557210445114834,0.8990439814861823,1.0,1,0.27744533939450994,57
4671,1,8976,8976,0,0,0,0,0.9365018990751313,0.8656770941973929,0.9365018990751313,0.8656770941973929,1.0,1,0.3004340462382819,55
4672,2,8978,8978,0,0,0,0,0.9750732310426102,0.941837539099424,0.9750732310426102,0.941837539099424,1.0,1,0.27917899146276565,56
4673,4,8982,8982,0,0,0,0,0.9906750988952269,0.9764850319966593,0.9906750988952269,0.9764850319966593,1.0,1,0.2342466874573842,58
4674,4,8986,8986,0,0,0,0,0.9312745936311492,0.8466894781002557,0.9312745936311492,0.8466894781002557,1.0,1,0.22367992689438534,58
4675,3,8989,8989,0,0,0,0,0.9324709667987532,0.851955581058805,0.9324709667987532,0.851955581058805,1.0,1,0.24874144779485577,57
4676,2,8991,8991,0,0,0,0,0.8878028419789481,0.7675916012421067,0.8878028419789481,0.7675916012421067,1.0,1,0.24869832943547093,58
4677,3,8994,8994,0,0,0,0,0.9039019922211783,0.7971264280224877,0.9039019922211783,0.7971264280224877,1.0,1,0.2350220653978271,57
4678,4,8998,8998,0,0,0,0,0.8813987517881186,0.758561744711527,0.8813987517881186,0.758561744711527,1.0,1,0.22029936944037476,57
4679,4,9002,9002,0,0,0,0,0.8518302273322315,0.7184774319312399,0.8518302273322315,0.7184774319312399,1.0,1,0.26943464599850153,57
4680,1,9003,9003,0,0,0,0,0.8698217307398156,0.7351545556430734,0.8698217307398156,0.7351545556430734,1.0,1,0.24435926324263063,59
4681,2,9005,9005,0,0,0,0,0.8371688455304529,0.6848429268331346,0.8371688455304529,0.6848429268331346,1.0,1,0.2649874803891838,60
4682,3,9008,9008,0,0,0,0,0.8182743203577341,0.6592643506707513,0.8182743203577341,0.6592643506707513,1.0,1,0.2754868113103614,60
4683,5,9013,9013,0,0,0,0,0.8170852306363334,0.6570348074431253,0.8170852306363334,0.6570348074431253,1.0,1,0.2843812949873202,60
4684,1,9014,9014,0,0,0,0,0.8170852306363334,0.6570348074431253,0.8170852306363334,0.6570348074431253,1.0,1,0.2954500196809238,60
4685,4,9018,9018,0,0,0,0,0.8365859790741438,0.6889862182378866,0.8365859790741438,0.6889862182378866,1.0,1,0.3129120728605692,59
4686,3,9021,9021,0,0,0,0,0.8573606784609062,0.7147213569218124,0.8573606784609062,0.7147213569218124,1.0,1,0.3106384999206091,60
4687,2,9023,9023,0,0,0,0,0.8376299491872988,0.6909731290984075,0.8376299491872988,0.6909731290984075,1.0,1,0.32340404322509725,59
4688,2,9025,9025,0,0,0,0,0.8707445170517498,0.7370319484845943,0.8707445170517498,0.7370319484845943,1.0,1,0.3011303890463978,59
4689,1,9026,9026,0,0,0,0,0.8707445170517498,0.7370319484845943,0.8707445170517498,0.7370319484845943,1.0,1,0.2814620423031665,59
4690,2,9028,9028,0,0,0,0,0.8815816958986827,0.7547049415044143,0.8815816958986827,0.7547049415044143,1.0,1,0.27144761265502176,58
4691,0,9028,9028,0,0,0,0,0.8795041817916421,0.7547049415044143,0.8795041817916421,0.7547049415044143,1.0,1,0.2805331153286156,57
4692,1,9029,9029,0,0,0,0,0.8634593600020001,0.7269187200040003,0.8634593600020001,0.7269187200040003,1.0,1,0.28573819470316875,58
4693,1,9030,9030,0,0,0,0,0.8610639101774739,0.7269187200040003,0.8610639101774739,0.7269187200040003,1.0,1,0.27931631381709077,57
4694,2,9032,9032,0,0,0,0,0.8925323642972566,0.7731238801830971,0.8925323642972566,0.7731238801830971,1.0,1,0.28961233120608365,57
4695,2,9034,9034,0,0,0,0,0.9073706977926583,0.8004907337072641,0.9073706977926583,0.8004907337072641,1.0,1,0.29103116078749186,56
4696,2,9036,9036,0,0,0,0,0.9485225533816445,0.877741064281406,0.9485225533816445,0.877741064281406,1.0,1,0.2741421286511528,57
4697,2,9038,9038,0,0,0,0,0.9533254756019488,0.8872032327047095,0.9533254756019488,0.8872032327047095,1.0,1,0.2653303004303683,58
4698,3,9041,9041,0,0,0,0,0.9541165692358139,0.8872032327047095,0.9541165692358139,0.8872032327047095,1.0,1,0.22597409216822745,59
4699,0,9041,9041,0,0,0,0,0.9533254756019488,0.8872032327047095,0.9533254756019488,0.8872032327047095,1.0,1,0.24222280320859935,58
4700,0,9041,9041,0,0,0,0,0.954116569235814,0.8872032327047095,0.954116569235814,0.8872032327047095,1.0,1,0.21913350712165355,59
4701,1,9042,9042,0,0,0,0,0.9399920368332115,0.8559808883997077,0.9399920368332115,0.8559808883997077,1.0,1,0.2307107844667179,60
4702,1,9043,9043,0,0,0,0,0.9120462464598075,0.8012896679277131,0.9120462464598075,0.8012896679277131,1.0,1,0.23888020194738613,61
4703,2,9045,9045,0,0,0,0,0.9299937641683262,0.8411396956127405,0.9299937641683262,0.8411396956127405,1.0,1,0.2647886930472387,59
4704,2,9047,9047,0,0,0,0,0.9453787178694417,0.8732786254571048,0.9453787178694417,0.8732786254571048,1.0,1,0.23609514549619903,58
4705,3,9050,9050,0,0,0,0,0.9309904107238353,0.8460555316147093,0.9309904107238353,0.8460555316147093,1.0,1,0.26975799191283817,58
4706,1,9051,9051,0,0,0,0,0.948318325791002,0.8759639818984045,0.948318325791002,0.8759639818984045,1.0,1,0.26865497230654733,60
4707,2,9053,9053,0,0,0,0,0.9824255830853456,0.956446010254987,0.9824255830853456,0.956446010254987,1.0,1,0.2901119693423492,57
4708,3,9056,9056,0,0,0,0,0.9270645826829828,0.8401031235742313,0.9270645826829828,0.8401031235742313,1.0,1,0.32199774257916913,57
4709,1,9057,9057,0,0,0,0,0.9037956992155596,0.8040282761798436,0.9037956992155596,0.8040282761798436,1.0,1,0.3418002550981262,55
4710,3,9060,9060,0,0,0,0,0.8874776558534337,0.7870112771511424,0.8874776558534337,0.7870112771511424,1.0,1,0.3541195808560811,53
4711,1,9061,9061,0,0,0,0,0.8893458072569107,0.7944993563342626,0.8893458072569107,0.7944993563342626,1.0,1,0.36563045597034133,52
4712,2,9063,9063,0,0,0,0,0.8455177236028961,0.7322307209116865,0.8455177236028961,0.7322307209116865,1.0,1,0.3992851866918719,52
4713,3,9066,9066,0,0,0,0,0.8569569543383193,0.7484415403880788,0.8569569543383193,0.7484415403880788,1.0,1,0.4149405713959319,51
4714,1,9067,9067,0,0,0,0,0.8289177653591365,0.7148629422652275,0.8289177653591365,0.7148629422652275,1.0,1,0.44143152582265277,50
4715,4,9071,9071,0,0,0,0,0.8703016904334165,0.7683958757739582,0.8703016904334165,0.7683958757739582,1.0,1,0.4006455941315475,50
4716,0,9071,9071,0,0,0,0,0.8676547861565476,0.7683958757739582,0.8676547861565476,0.7683958757739582,1.0,1,0.3717649295347531,49
4717,3,9074,9074,0,0,0,0,0.9073500054398148,0.8253903948673432,0.9073500054398148,0.8253903948673432,1.0,1,0.3551179064491956,49
4718,0,9074,9074,0,0,0,0,0.9092030053310185,0.8253903948673432,0.9092030053310185,0.8253903948673432,1.0,1,0.3291158273014084,50
4719,1,9075,9075,0,0,0,0,0.9073500054398148,0.8253903948673432,0.9073500054398148,0.8253903948673432,1.0,1,0.31866861417243597,49
4720,1,9076,9076,0,0,0,0,0.9073500054398147,0.8253903948673432,0.9073500054398147,0.8253903948673432,1.0,1,0.30691039102757134,49
4721,0,9076,9076,0,0,0,0,0.9092030053310185,0.8253903948673432,0.9092030053310185,0.8253903948673432,1.0,1,0.30590783542848826,50
4722,2,9078,9078,0,0,0,0,0.9109833385598219,0.8253903948673432,0.9109833385598219,0.8253903948673432,1.0,1,0.25868835148056907,51
4723,0,9078,9078,0,0,0,0,0.9092030053310184,0.8253903948673432,0.9092030053310184,0.8253903948673432,1.0,1,0.30824866212863006,50
4724,4,9082,9082,0,0,0,0,0.9233989622342957,0.8467979244685917,0.9233989622342957,0.8467979244685917,1.0,1,0.3187675878053242,50
4725,2,9084,9084,0,0,0,0,0.9493134006721615,0.8901790347896832,0.9493134006721615,0.8901790347896832,1.0,1,0.28199658988914283,52
4726,2,9086,9086,0,0,0,0,0.9460969073991393,0.885455928223171,0.9460969073991393,0.885455928223171,1.0,1,0.3209129191090225,51
4727,2,9088,9088,0,0,0,0,0.9643123158610138,0.9193148010770746,0.9643123158610138,0.9193148010770746,1.0,1,0.3160667216064309,52
4728,1,9089,9089,0,0,0,0,0.9840202179998794,0.962229606181533,0.9840202179998794,0.962229606181533,1.0,1,0.3044934782976121,52
4729,2,9091,9091,0,0,0,0,0.9869986730663095,0.9692695908840044,0.9869986730663095,0.9692695908840044,1.0,1,0.32358566322599164,52
4730,3,9094,9094,0,0,0,0,1.0,1.0,1.0,1.0,1.0,1,0.34037796465197095,50
4731,0,9094,9094,0,0,0,0,1.0,1.0,1.0,1.0,1.0,1,0.31131670080567775,51
4732,5,9099,9099,0,0,0,0,0.9906479129921603,0.9788561511127098,0.9906479129921603,0.9788561511127098,1.0,1,0.31362531667354593,52
4733,1,9100,9100,0,0,0,0,0.9908243674640062,0.9788561511127098,0.9908243674640062,0.9788561511127098,1.0,1,0.30280665835367643,53
4734,1,9101,9101,0,0,0,0,0.9660667829118632,0.9250641455970314,0.9660667829118632,0.9250641455970314,1.0,1,0.3041141793385583,53
4735,1,9102,9102,0,0,0,0,0.943910167375422,0.8810895548358946,0.943910167375422,0.8810895548358946,1.0,1,0.30535907131984696,53
4736,1,9103,9103,0,0,0,0,0.9320219560038902,0.8562002915466908,0.9320219560038902,0.8562002915466908,1.0,1,0.3107081290258403,55
4737,0,9103,9103,0,0,0,0,0.9144722086597482,0.8194413293928016,0.9144722086597482,0.8194413293928016,1.0,1,0.2982922408337875,57
4738,0,9103,9103,0,0,0,0,0.9144722086597482,0.8194413293928016,0.9144722086597482,0.8194413293928016,1.0,1,0.2982922408337875,57
4739,2,9105,9105,0,0,0,0,0.8961838440394246,0.7886599682231145,0.8961838440394246,0.7886599682231145,1.0,1,0.31255051262150263,57
4740,1,9106,9106,0,0,0,0,0.9163185566738534,0.8233391752003573,0.9163185566738534,0.8233391752003573,1.0,1,0.28928457728632856,57
4741,0,9106,9106,0,0,0,0,0.9042664894498099,0.8016948710031775,0.9042664894498099,0.8016948710031775,1.0,1,0.28928457728632856,58
4742,2,9108,9108,0,0,0,0,0.9042664894498098,0.8016948710031775,0.9042664894498098,0.8016948710031775,1.0,1,0.3116472940342182,58
4743,3,9111,9111,0,0,0,0,0.9437926829896419,0.8789380864392288,0.9437926829896419,0.8789380864392288,1.0,1,0.293989649860839,56
4744,2,9113,9113,0,0,0,0,0.9447787762705254,0.8789380864392288,0.9447787762705254,0.8789380864392288,1.0,1,0.30267854665328814,57
4745,5,9118,9118,0,0,0,0,0.9407517881579074,0.8723884668016465,0.9407517881579074,0.8723884668016465,1.0,1,0.3113032583619859,56
4746,2,9120,9120,0,0,0,0,0.9089743107767448,0.8723884668016465,0.9089743107767448,0.8723884668016465,1.0,1,0.3490485927284287,56
4747,3,9123,9123,0,0,0,0,0.9409474547019332,0.8750811541771663,0.9409474547019332,0.8750811541771663,1.0,1,0.30839733750318044,55
4748,1,9124,9124,0,0,0,0,0.9306729875538061,0.8691454552684221,0.9306729875538061,0.8691454552684221,1.0,1,0.32213421068011594,55
4749,1,9125,9125,0,0,0,0,0.970805019392889,0.9514266070306516,0.970805019392889,0.9514266070306516,1.0,1,0.30933987768056875,54
4750,0,9125,9125,0,0,0,0,0.9775897148599079,0.9434407089321483,0.9775897148599079,0.9434407089321483,1.0,1,0.3102214721783448,53
4751,1,9126,9126,0,0,0,0,0.9504044833601336,0.891967801479782,0.9504044833601336,0.891967801479782,1.0,1,0.34912039350058605,53
4752,0,9126,9126,0,0,0,0,0.9551564458972681,0.891967801479782,0.9551564458972681,0.891967801479782,1.0,1,0.34235299655878676,53
4753,0,9126,9126,0,0,0,0,0.9542940698568307,0.891967801479782,0.9542940698568307,0.891967801479782,1.0,1,0.35757730045323677,52
4754,4,9130,9130,0,0,0,0,0.9780320782988853,0.9456032415020018,0.9780320782988853,0.9456032415020018,1.0,1,0.32174381468547697,52
4755,3,9133,9133,0,0,0,0,0.9501718799613714,0.8895115599143455,0.9501718799613714,0.8895115599143455,1.0,1,0.3137176483328313,51
4756,4,9137,9137,0,0,0,0,0.9669535051593103,0.9218901031038247,0.9669535051593103,0.9218901031038247,1.0,1,0.2700765263912124,52
4757,3,9140,9140,0,0,0,0,0.9424861339769592,0.8724692536010835,0.9424861339769592,0.8724692536010835,1.0,1,0.2598756724032654,51
4758,2,9142,9142,0,0,0,0,0.966305534672238,0.9218901031038247,0.966305534672238,0.9218901031038247,1.0,1,0.23591163710946755,51
4759,6,9148,9148,0,0,0,0,0.9506288950988055,0.8905249413060472,0.9506288950988055,0.8905249413060472,1.0,1,0.21590897838113254,51
4760,2,9150,9150,0,0,0,0,0.9708894904889825,0.931193341155777,0.9708894904889825,0.931193341155777,1.0,1,0.18444921898470354,52
4761,4,9154,9154,0,0,0,0,0.9375249929401626,0.8641847672612232,0.9375249929401626,0.8641847672612232,1.0,1,0.2397385439537584,50
4762,2,9156,9156,0,0,0,0,0.9597761568333003,0.9067538181135597,0.9597761568333003,0.9067538181135597,1.0,1,0.22009170576157908,51
4763,4,9160,9160,0,0,0,0,1.0,1.0,1.0,1.0,1.0,1,0.19347070842819508,51
4764,3,9163,9163,0,0,0,0,1.0,1.0,1.0,1.0,1.0,1,0.20880305055429038,53
4765,1,9164,9164,0,0,0,0,1.0,1.0,1.0,1.0,1.0,1,0.19767978189259255,53
4766,2,9166,9166,0,0,0,0,1.0,1.0,1.0,1.0,1.0,1,0.16310624403771026,55
4767,0,9166,9166,0,0,0,0,1.0,1.0,1.0,1.0,1.0,1,0.14265163426484548,56
4768,0,9166,9166,0,0,0,0,1.0,1.0,1.0,1.0,1.0,1,0.12787423202381007,56
4769,1,9167,9167,0,0,0,0,1.0,1.0,1.0,1.0,1.0,1,0.11902626648257619,56
4770,0,9167,9167,0,0,0,0,1.0,1.0,1.0,1.0,1.0,1,0.11902626648257619,56
4771,2,9169,9169,0,0,0,0,1.0,1.0,1.0,1.0,1.0,1,0.1091829999725246,55
4772,1,9170,9170,0,0,0,0,1.0,1.0,1.0,1.0,1.0,1,0.11319579432571783,56
4773,2,9172,9172,0,0,0,0,1.0,1.0,1.0,1.0,1.0,1,0.10515287857332253,56
4774,3,9175,9175,0,0,0,0,1.0,1.0,1.0,1.0,1.0,1,0.06593852637315682,58
4775,2,9177,9177,0,0,0,0,1.0,1.0,1.0,1.0,1.0,1,0.08157208303489899,59
4776,3,9180,9180,0,0,0,0,1.0,1.0,1.0,1.0,1.0,1,0.12480946407227689,59
4777,5,9185,9185,0,0,0,0,1.0,1.0,1.0,1.0,1.0,1,0.10808139810082493,60
4778,6,9191,9191,0,0,0,0,1.0,1.0,1.0,1.0,1.0,1,0.14779195535914513,60
4779,3,9194,9194,0,0,0,0,1.0,1.0,1.0,1.0,1.0,1,0.16282464138483357,61
4780,4,9198,9198,0,0,0,0,0.9971311554080503,0.9943293561017976,0.9971311554080503,0.9943293561017976,1.0,1,0.1737888355768992,63
4781,4,9202,9202,0,0,0,0,1.0,1.0,1.0,1.0,1.0,1,0.16387488453689544,62
4782,2,9204,9204,0,0,0,0,0.9981905269295964,0.9943001598282287,0.9981905269295964,0.9943001598282287,1.0,1,0.16686822572565063,63
4783,5,9209,9209,0,0,0,0,0.9976623689691771,0.9927533438044494,0.9976623689691771,0.9927533438044494,1.0,1,0.1557393286760422,62
4784,6,9215,9215,0,0,0,0,0.9790208404522511,0.9380615289542654,0.9790208404522511,0.9380615289542654,1.0,1,0.1486950442550386,62
4785,4,9219,9219,0,0,0,0,1.0,1.0,1.0,1.0,1.0,1,0.08543388725033585,62
4786,6,9225,9225,0,0,0,0,1.0,1.0,1.0,1.0,1.0,1,0.12058786186295846,63
4787,6,9231,9231,0,0,0,0,1.0,1.0,1.0,1.0,1.0,1,0.11144898925281824,62
4788,1,9232,9232,0,0,0,0,1.0,1.0,1.0,1.0,1.0,1,0.08192104661288378,62
4789,7,9239,9239,0,0,0,0,1.0,1.0,1.0,1.0,1.0,1,0.08093999059478262,60
4790,1,9240,9240,0,0,0,0,1.0,1.0,1.0,1.0,1.0,1,0.09140121974188559,61
4791,2,9242,9242,0,0,0,0,1.0,1.0,1.0,1.0,1.0,1,0.09523939925080835,60
4792,0,9242,9242,0,0,0,0,1.0,1.0,1.0,1.0,1.0,1,0.09523939925080835,60
4793,1,9243,9243,0,0,0,0,1.0,1.0,1.0,1.0,1.0,1,0.1313457068706296,61
4794,1,9244,9244,0,0,0,0,1.0,1.0,1.0,1.0,1.0,1,0.13937581023082105,59
4795,2,9246,9246,0,0,0,0,1.0,1.0,1.0,1.0,1.0,1,0.12490133267555534,61
4796,1,9247,9247,0,0,0,0,1.0,1.0,1.0,1.0,1.0,1,0.12890199697645913,59
4797,0,9247,9247,0,0,0,0,1.0,1.0,1.0,1.0,1.0,1,0.11898564951480257,58
4798,3,9250,9250,0,0,0,0,1.0,1.0,1.0,1.0,1.0,1,0.13241061957863323,59
4799,0,9250,9250,0,0,0,0,1.0,1.0,1.0,1.0,1.0,1,0.11264858575163436,57
4800,1,9251,9251,0,0,0,0,1.0,1.0,1.0,1.0,1.0,1,0.11346963995508637,58
4801,2,9253,9253,0,0,0,0,1.0,1.0,1.0,1.0,1.0,1,0.0507418024823181,57
4802,0,9253,9253,0,0,0,0,1.0,1.0,1.0,1.0,1.0,1,0.0507418024823181,57
4803,1,9254,9254,0,0,0,0,1.0,1.0,1.0,1.0,1.0,1,0.062388574789765935,56
4804,2,9256,9256,0,0,0,0,1.0,1.0,1.0,1.0,1.0,1,0.10955346250127064,54
4805,3,9259,9259,0,0,0,0,1.0,1.0,1.0,1.0,1.0,1,0.12803328966479147,56
4806,3,9262,9262,0,0,0,0,1.0,1.0,1.0,1.0,1.0,1,0.13748421548601986,55
4807,3,9265,9265,0,0,0,0,1.0,1.0,1.0,1.0,1.0,1,0.1692709627489929,54
4808,4,9269,9269,0,0,0,0,1.0,1.0,1.0,1.0,1.0,1,0.17858066774954232,53
4809,5,9274,9274,0,0,0,0,1.0,1.0,1.0,1.0,1.0,1,0.17234890684657456,53
4810,8,9282,9282,0,0,0,0,1.0,1.0,1.0,1.0,1.0,1,0.08313694819182531,51
4811,2,9284,9284,0,0,0,0,1.0,1.0,1.0,1.0,1.0,1,0.13146863960891836,52
4812,6,9290,9290,0,0,0,0,1.0,1.0,1.0,1.0,1.0,1,0.08770811137245883,52
4813,4,9294,9294,0,0,0,0,1.0,1.0,1.0,1.0,1.0,1,0.0592416086745044,52
4814,5,9299,9299,0,0,0,0,1.0,1.0,1.0,1.0,1.0,1,0.027052992653590853,53
4815,3,9302,9302,0,0,0,0,1.0,1.0,1.0,1.0,1.0,1,0.0171103582605013,54
4816,2,9304,9304,0,0,0,0,1.0,1.0,1.0,1.0,1.0,1,0.03842539679728913,54
4817,3,9307,9307,0,0,0,0,1.0,1.0,1.0,1.0,1.0,1,0.06051647587362847,55
4818,1,9308,9308,0,0,0,0,1.0,1.0,1.0,1.0,1.0,1,0.09504854173920178,55
4819,3,9311,9311,0,0,0,0,1.0,1.0,1.0,1.0,1.0,1,0.1084862472033488,55
4820,1,9312,9312,0,0,0,0,1.0,1.0,1.0,1.0,1.0,1,0.14636034583586005,55
4821,1,9313,9313,0,0,0,0,1.0,1.0,1.0,1.0,1.0,1,0.15836911273495177,55
4822,2,9315,9315,0,0,0,0,1.0,1.0,1.0,1.0,1.0,1,0.12012011296588138,54
4823,0,9315,9315,0,0,0,0,1.0,1.0,1.0,1.0,1.0,1,0.13558254732688793,54
4824,2,9317,9317,0,0,0,0,1.0,1.0,1.0,1.0,1.0,1,0.1447668626245121,55
4825,1,9318,9318,0,0,0,0,1.0,1.0,1.0,1.0,1.0,1,0.15436614369141466,53
4826,3,9321,9321,0,0,0,0,1.0,1.0,1.0,1.0,1.0,1,0.14131703680558874,54
4827,1,9322,9322,0,0,0,0,1.0,1.0,1.0,1.0,1.0,1,0.14111941670614744,53
4828,2,9324,9324,0,0,0,0,1.0,1.0,1.0,1.0,1.0,1,0.1189174979593054,54
4829,2,9326,9326,0,0,0,0,1.0,1.0,1.0,1.0,1.0,1,0.12871653109849435,54
4830,0,9326,9326,0,0,0,0,1.0,1.0,1.0,1.0,1.0,1,0.150548302879175,53
4831,0,9326,9326,0,0,0,0,1.0,1.0,1.0,1.0,1.0,1,0.155839452326904,52
4832,1,9327,9327,0,0,0,0,1.0,1.0,1.0,1.0,1.0,1,0.1909137281807055,50
4833,2,9329,9329,0,0,0,0,1.0,1.0,1.0,1.0,1.0,1,0.16854564540794195,51
4834,1,9330,9330,0,0,0,0,1.0,1.0,1.0,1.0,1.0,1,0.20540182342643443,51
4835,4,9334,9334,0,0,0,0,1.0,1.0,1.0,1.0,1.0,1,0.1575298147045266,50
4836,3,9337,9337,0,0,0,0,1.0,1.0,1.0,1.0,1.0,1,0.15989446515806696,50
4837,5,9342,9342,0,0,0,0,1.0,1.0,1.0,1.0,1.0,1,0.1858954271191349,46
4838,2,9344,9344,0,0,0,0,1.0,1.0,1.0,1.0,1.0,1,0.17696497499066113,47
4839,3,9347,9347,0,0,0,0,1.0,1.0,1.0,1.0,1.0,1,0.1777037076707931,45
4840,1,9348,9348,0,0,0,0,1.0,1.0,1.0,1.0,1.0,1,0.2206001893472708,45
4841,1,9349,9349,0,0,0,0,1.0,1.0,1.0,1.0,1.0,1,0.22311467865968737,43
4842,2,9351,9351,0,0,0,0,1.0,1.0,1.0,1.0,1.0,1,0.29278755611571294,43
4843,1,9352,9352,0,0,0,0,1.0,1.0,1.0,1.0,1.0,1,0.25640876678615515,44
4844,5,9357,9357,0,0,0,0,1.0,1.0,1.0,1.0,1.0,1,0.29344061598317345,43
4845,3,9360,9360,0,0,0,0,1.0,1.0,1.0,1.0,1.0,1,0.2727028914117016,44
4846,3,9363,9363,0,0,0,0,1.0,1.0,1.0,1.0,1.0,1,0.24419730687126495,43
4847,2,9365,9365,0,0,0,0,1.0,1.0,1.0,1.0,1.0,1,0.2389739757452132,42
4848,1,9366,9366,0,0,0,0,1.0,1.0,1.0,1.0,1.0,1,0.25002570533912977,41
4849,3,9369,9369,0,0,0,0,1.0,1.0,1.0,1.0,1.0,1,0.24050826894656402,41
4850,1,9370,9370,0,0,0,0,1.0,1.0,1.0,1.0,1.0,1,0.3066656001149896,41
4851,1,9371,9371,0,0,0,0,1.0,1.0,1.0,1.0,1.0,1,0.331546677720344,41
4852,0,9371,9371,0,0,0,0,1.0,1.0,1.0,1.0,1.0,1,0.3167340013968375,43
4853,1,9372,9372,0,0,0,0,1.0,1.0,1.0,1.0,1.0,1,0.28710382777952265,44
4854,1,9373,9373,0,0,0,0,1.0,1.0,1.0,1.0,1.0,1,0.30041690448928376,45
4855,0,9373,9373,0,0,0,0,1.0,1.0,1.0,1.0,1.0,1,0.2900601279179612,44
4856,1,9374,9374,0,0,0,0,1.0,1.0,1.0,1.0,1.0,1,0.30435556747824904,44
4857,2,9376,9376,0,0,0,0,1.0,1.0,1.0,1.0,1.0,1,0.3399320418437756,44
4858,0,9376,9376,0,0,0,0,1.0,1.0,1.0,1.0,1.0,1,0.3376475700503851,45
4859,1,9377,9377,0,0,0,0,1.0,1.0,1.0,1.0,1.0,1,0.29617968804205885,46
4860,0,9377,9377,0,0,0,0,1.0,1.0,1.0,1.0,1.0,1,0.29617968804205885,46
4861,0,9377,9377,0,0,0,0,1.0,1.0,1.0,1.0,1.0,1,0.27144751903654774,46
4862,1,9378,9378,0,0,0,0,1.0,1.0,1.0,1.0,1.0,1,0.23527337478004334,47
4863,1,9379,9379,0,0,0,0,1.0,1.0,1.0,1.0,1.0,1,0.19512337219655534,47
4864,2,9381,9381,0,0,0,0,1.0,1.0,1.0,1.0,1.0,1,0.2166991374779427,47
4865,2,9383,9383,0,0,0,0,1.0,1.0,1.0,1.0,1.0,1,0.16024563523030227,48
4866,2,9385,9385,0,0,0,0,1.0,1.0,1.0,1.0,1.0,1,0.1321154622848978,49
4867,3,9388,9388,0,0,0,0,1.0,1.0,1.0,1.0,1.0,1,0.19307136371948805,50
4868,2,9390,9390,0,0,0,0,1.0,1.0,1.0,1.0,1.0,1,0.23684819816685915,50
4869,2,9392,9392,0,0,0,0,1.0,1.0,1.0,1.0,1.0,1,0.22839305264404988,50
4870,2,9394,9394,0,0,0,0,1.0,1.0,1.0,1.0,1.0,1,0.21063371469542339,52
4871,2,9396,9396,0,0,0,0,1.0,1.0,1.0,1.0,1.0,1,0.23928677727583456,52
4872,2,9398,9398,0,0,0,0,1.0,1.0,1.0,1.0,1.0,1,0.2828749043109827,53
4873,3,9401,9401,0,0,0,0,0.997392316038194,0.9924514411631931,0.997392316038194,0.9924514411631931,1.0,1,0.245810121930242,55
4874,2,9403,9403,0,0,0,0,0.9875946597920101,0.9814809944773955,0.9875946597920101,0.9814809944773955,1.0,1,0.24583670673688793,56
4875,2,9405,9405,0,0,0,0,0.9714771098350491,0.9317930887359871,0.9714771098350491,0.9317930887359871,1.0,1,0.2637766963591826,55
4876,2,9407,9407,0,0,0,0,0.9682155669417241,0.9239937470345573,0.9682155669417241,0.9239937470345573,1.0,1,0.27592837875309084,55
4877,1,9408,9408,0,0,0,0,0.9896020589313401,0.9744777810132894,0.9896020589313401,0.9744777810132894,1.0,1,0.2652044006403054,54
4878,5,9413,9413,0,0,0,0,0.9863314923334956,0.9670713224397847,0.9863314923334956,0.9670713224397847,1.0,1,0.256727266522164,53
4879,5,9418,9418,0,0,0,0,0.9598123539019691,0.9056463961176667,0.9598123539019691,0.9056463961176667,1.0,1,0.2668323674437932,54
4880,5,9423,9423,0,0,0,0,0.9778321983438796,0.9455881232077046,0.9778321983438796,0.9455881232077046,1.0,1,0.25027323389445355,54
4881,3,9426,9426,0,0,0,0,0.9538698170364012,0.8937000131708376,0.9538698170364012,0.8937000131708376,1.0,1,0.2488856309482586,53
4882,2,9428,9428,0,0,0,0,0.9497399556948576,0.8841833761664111,0.9497399556948576,0.8841833761664111,1.0,1,0.2641884015999728,53
4883,1,9429,9429,0,0,0,0,0.9324057710922938,0.8507294111621488,0.9324057710922938,0.8507294111621488,1.0,1,0.27355522326868464,53
4884,2,9431,9431,0,0,0,0,0.9846389551298218,0.9626946053152815,0.9846389551298218,0.9626946053152815,1.0,1,0.28270621038437627,51
4885,1,9432,9432,0,0,0,0,0.9623703110236523,0.91447797959921,0.9623703110236523,0.91447797959921,1.0,1,0.30824120469073524,50
4886,2,9434,9434,0,0,0,0,0.9390243766898064,0.8727465252656833,0.9390243766898064,0.8727465252656833,1.0,1,0.34710677495432146,48
4887,1,9435,9435,0,0,0,0,0.9190847152226785,0.8381694304453571,0.9190847152226785,0.8381694304453571,1.0,1,0.3606785068464941,48
4888,3,9438,9438,0,0,0,0,0.8912338611545306,0.791169013416699,0.8912338611545306,0.791169013416699,1.0,1,0.4063655053448662,48
4889,0,9438,9438,0,0,0,0,0.8912338611545306,0.791169013416699,0.8912338611545306,0.791169013416699,1.0,1,0.4063655053448662,48
4890,2,9440,9440,0,0,0,0,0.8950626953049033,0.7943228827976107,0.8950626953049033,0.7943228827976107,1.0,1,0.3729190585865377,49
4891,0,9440,9440,0,0,0,0,0.8762033725402941,0.7619295625774886,0.8762033725402941,0.7619295625774886,1.0,1,0.3729190585865377,50
4892,2,9442,9442,0,0,0,0,0.8879872546126297,0.7804550190407543,0.8879872546126297,0.7804550190407543,1.0,1,0.3905529744347781,49
4893,2,9444,9444,0,0,0,0,0.8956171578356263,0.7912343156712526,0.8956171578356263,0.7912343156712526,1.0,1,0.36364906818181497,50
4894,2,9446,9446,0,0,0,0,0.9210289787371538,0.8321865798164517,0.9210289787371538,0.8321865798164517,1.0,1,0.34425698523224935,51
4895,3,9449,9449,0,0,0,0,0.9239427872187718,0.8352093723073386,0.9239427872187718,0.8352093723073386,1.0,1,0.310475799650272,52
4896,1,9450,9450,0,0,0,0,0.9253778289693608,0.8352093723073386,0.9253778289693608,0.8352093723073386,1.0,1,0.29828566706409604,53
4897,1,9451,9451,0,0,0,0,0.9379560976324672,0.8570292684574244,0.9379560976324672,0.8570292684574244,1.0,1,0.29127560230654725,53
4898,2,9453,9453,0,0,0,0,0.9379560976324672,0.8570292684574244,0.9379560976324672,0.8570292684574244,1.0,1,0.27300541770478215,53
4899,2,9455,9455,0,0,0,0,0.9402122395367412,0.8570292684574244,0.9402122395367412,0.8570292684574244,1.0,1,0.24096675398242628,55
4900,1,9456,9456,0,0,0,0,0.9402122395367412,0.8570292684574244,0.9402122395367412,0.8570292684574244,1.0,1,0.23489225623512303,55
4901,1,9457,9457,0,0,0,0,0.9412798781164422,0.8570292684574244,0.9412798781164422,0.8570292684574244,1.0,1,0.23270499034065142,56
4902,2,9459,9459,0,0,0,0,0.9142198158041385,0.8009899726656013,0.9142198158041385,0.8009899726656013,1.0,1,0.206771618751638,58
4903,2,9461,9461,0,0,0,0,0.9259637050865815,0.8210789539592387,0.9259637050865815,0.8210789539592387,1.0,1,0.2135021191380622,58
4904,2,9463,9463,0,0,0,0,0.9074183129680323,0.7889137535671138,0.9074183129680323,0.7889137535671138,1.0,1,0.21483324034537077,57
4905,0,9463,9463,0,0,0,0,0.9022748859107007,0.7889137535671138,0.9022748859107007,0.7889137535671138,1.0,1,0.23794219058527247,54
4906,1,9464,9464,0,0,0,0,0.8825763560299728,0.7516038300634039,0.8825763560299728,0.7516038300634039,1.0,1,0.23873501320634558,55
4907,2,9466,9466,0,0,0,0,0.9151916893833845,0.8162486603306667,0.9151916893833845,0.8162486603306667,1.0,1,0.24955365543935176,52
4908,0,9466,9466,0,0,0,0,0.9167918461874716,0.8162486603306667,0.9167918461874716,0.8162486603306667,1.0,1,0.2394132882753366,53
4909,2,9468,9468,0,0,0,0,0.8923678994084603,0.7761252307695976,0.8923678994084603,0.7761252307695976,1.0,1,0.2585208520261671,52
4910,1,9469,9469,0,0,0,0,0.8732743934022982,0.741674725012377,0.8732743934022982,0.741674725012377,1.0,1,0.26741129305285666,53
4911,2,9471,9471,0,0,0,0,0.8778825972785782,0.741674725012377,0.8778825972785782,0.741674725012377,1.0,1,0.2713847793624699,55
4912,2,9473,9473,0,0,0,0,0.9097277582775903,0.7968874561245785,0.9097277582775903,0.7968874561245785,1.0,1,0.26461945749774296,54
4913,1,9474,9474,0,0,0,0,0.8885742011002021,0.7637773063324287,0.8885742011002021,0.7637773063324287,1.0,1,0.26533026054429976,53
4914,3,9477,9477,0,0,0,0,0.8917843782393575,0.7705828818674381,0.8917843782393575,0.7705828818674381,1.0,1,0.25933338953163027,53
4915,3,9480,9480,0,0,0,0,0.8597819897197985,0.7195639794395967,0.8597819897197985,0.7195639794395967,1.0,1,0.23627783941154332,54
4916,3,9483,9483,0,0,0,0,0.8590341154976073,0.7285101483657622,0.8590341154976073,0.7285101483657622,1.0,1,0.26684321736946665,52
4917,2,9485,9485,0,0,0,0,0.8576833080126034,0.7259085932094583,0.8576833080126034,0.7259085932094583,1.0,1,0.27590022457735025,52
4918,2,9487,9487,0,0,0,0,0.8594656472943957,0.7345462226671919,0.8594656472943957,0.7345462226671919,1.0,1,0.29917035077764204,51
4919,4,9491,9491,0,0,0,0,0.77346273459158,0.6346173138573871,0.77346273459158,0.6346173138573871,1.0,1,0.42524634919719023,50
4920,1,9492,9492,0,0,0,0,0.8007017437541305,0.661192964382022,0.8007017437541305,0.661192964382022,1.0,1,0.3758405544350137,51
4921,2,9494,9494,0,0,0,0,0.8232983947957956,0.6892489011926058,0.8232983947957956,0.6892489011926058,1.0,1,0.3312776211907181,51
4922,2,9496,9496,0,0,0,0,0.8123426907101011,0.6684720869211788,0.8123426907101011,0.6684720869211788,1.0,1,0.30062555406187674,53
4923,3,9499,9499,0,0,0,0,0.8537519466782754,0.7231733276410214,0.8537519466782754,0.7231733276410214,1.0,1,0.30899484469897853,53
4924,3,9502,9502,0,0,0,0,0.8760707925277832,0.7475516144084472,0.8760707925277832,0.7475516144084472,1.0,1,0.22023479303442547,55
4925,2,9504,9504,0,0,0,0,0.8784511895903752,0.7478987635948521,0.8784511895903752,0.7478987635948521,1.0,1,0.2456723217089586,56
4926,0,9504,9504,0,0,0,0,0.876241211219291,0.7478987635948521,0.876241211219291,0.7478987635948521,1.0,1,0.27211256781744225,55
4927,2,9506,9506,0,0,0,0,0.9153448299851552,0.8137586259673414,0.9153448299851552,0.8137586259673414,1.0,1,0.27112643110714657,55
4928,0,9506,9506,0,0,0,0,0.9153448299851552,0.8137586259673414,0.9153448299851552,0.8137586259673414,1.0,1,0.27112643110714657,55
4929,3,9509,9509,0,0,0,0,0.9168565294497061,0.8137586259673414,0.9168565294497061,0.8137586259673414,1.0,1,0.24688010988146494,56
4930,2,9511,9511,0,0,0,0,0.9062172466469642,0.790792319443228,0.9062172466469642,0.790792319443228,1.0,1,0.23243921616263816,58
4931,2,9513,9513,0,0,0,0,0.8800077876240219,0.7471592667791888,0.8800077876240219,0.7471592667791888,1.0,1,0.24708108080086674,59
4932,2,9515,9515,0,0,0,0,0.8820076578302881,0.7471592667791888,0.8820076578302881,0.7471592667791888,1.0,1,0.2535692436968193,60
4933,3,9518,9518,0,0,0,0,0.8887396204367451,0.7527547120816559,0.8887396204367451,0.7527547120816559,1.0,1,0.2516065844908431,60
4934,2,9520,9520,0,0,0,0,0.8887396204367451,0.7527547120816559,0.8887396204367451,0.7527547120816559,1.0,1,0.24434397195928062,60
4935,1,9521,9521,0,0,0,0,0.8723464589178077,0.7264566976810166,0.8723464589178077,0.7264566976810166,1.0,1,0.25383617020747246,60
4936,1,9522,9522,0,0,0,0,0.894576313295499,0.7618205596676089,0.894576313295499,0.7618205596676089,1.0,1,0.241463659201499,61
4937,4,9526,9526,0,0,0,0,0.8832510131620146,0.741484386287318,0.8832510131620146,0.741484386287318,1.0,1,0.20900885568013178,62
4938,2,9528,9528,0,0,0,0,0.8832510131620146,0.741484386287318,0.8832510131620146,0.741484386287318,1.0,1,0.21332760333066705,62
4939,1,9529,9529,0,0,0,0,0.8912237743474637,0.751368627079917,0.8912237743474637,0.751368627079917,1.0,1,0.1898907929716006,64
4940,1,9530,9530,0,0,0,0,0.8659319153390435,0.7005812775905303,0.8659319153390435,0.7005812775905303,1.0,1,0.1829114130345341,67
4941,1,9531,9531,0,0,0,0,0.8789802455563078,0.7245757312660799,0.8789802455563078,0.7245757312660799,1.0,1,0.19414094744717367,66
4942,2,9533,9533,0,0,0,0,0.8962259967327821,0.7516836350391571,0.8962259967327821,0.7516836350391571,1.0,1,0.1791900968860335,67
4943,2,9535,9535,0,0,0,0,0.9290871815218339,0.822717953804585,0.9290871815218339,0.822717953804585,1.0,1,0.1822884796653904,65
4944,2,9537,9537,0,0,0,0,0.9425469821883955,0.8506221536898286,0.9425469821883955,0.8506221536898286,1.0,1,0.1979764739409834,65
4945,2,9539,9539,0,0,0,0,0.9550765779214966,0.8839478262971994,0.9550765779214966,0.8839478262971994,1.0,1,0.23181868844832568,62
4946,4,9543,9543,0,0,0,0,0.9381488920814013,0.849083296678619,0.9381488920814013,0.849083296678619,1.0,1,0.2201456473100998,61
4947,4,9547,9547,0,0,0,0,0.930724099332354,0.8365088744243553,0.930724099332354,0.8365088744243553,1.0,1,0.24609053471318512,59
4948,3,9550,9550,0,0,0,0,0.9007427507738497,0.7831045294687828,0.9007427507738497,0.7831045294687828,1.0,1,0.24215514976311775,59
4949,4,9554,9554,0,0,0,0,0.9028055885036395,0.7948117979521276,0.9028055885036395,0.7948117979521276,1.0,1,0.22753799339307346,57
4950,5,9559,9559,0,0,0,0,0.9062789912250087,0.7986733885574261,0.9062789912250087,0.7986733885574261,1.0,1,0.18637395063652323,58
4951,1,9560,9560,0,0,0,0,0.8866541306145654,0.7773563279928963,0.8866541306145654,0.7773563279928963,1.0,1,0.19468834411730285,55
4952,1,9561,9561,0,0,0,0,0.8979873242731411,0.799752895795425,0.8979873242731411,0.799752895795425,1.0,1,0.21789810913393456,53
4953,3,9564,9564,0,0,0,0,0.9405602127539578,0.871610059548549,0.9405602127539578,0.871610059548549,1.0,1,0.2089410308110721,54
4954,0,9564,9564,0,0,0,0,0.9382740670906485,0.871610059548549,0.9382740670906485,0.871610059548549,1.0,1,0.20756801980069597,52
4955,3,9567,9567,0,0,0,0,0.9811076920689255,0.9581083606745737,0.9811076920689255,0.9581083606745737,1.0,1,0.21589307270265173,51
4956,0,9567,9567,0,0,0,0,0.9794998360747915,0.9581083606745737,0.9794998360747915,0.9581083606745737,1.0,1,0.23529794062879691,47
4957,3,9570,9570,0,0,0,0,0.9973458978666433,0.9942092317090397,0.9973458978666433,0.9942092317090397,1.0,1,0.20430112883089296,48
4958,0,9570,9570,0,0,0,0,0.9972894276084867,0.9942092317090397,0.9972894276084867,0.9942092317090397,1.0,1,0.20500050344314832,47
4959,1,9571,9571,0,0,0,0,0.9972894276084867,0.9942092317090397,0.9972894276084867,0.9942092317090397,1.0,1,0.19443643468441163,47
4960,0,9571,9571,0,0,0,0,0.9973458978666433,0.9942092317090397,0.9973458978666433,0.9942092317090397,1.0,1,0.19566460543199873,48
4961,3,9574,9574,0,0,0,0,0.9974000632163036,0.9942092317090397,0.9974000632163036,0.9942092317090397,1.0,1,0.20832384547163327,49
4962,1,9575,9575,0,0,0,0,0.9693649550969407,0.9347340347717431,0.9693649550969407,0.9347340347717431,1.0,1,0.20717193193294922,49
4963,2,9577,9577,0,0,0,0,0.9479536717806623,0.8894015525339071,0.9479536717806623,0.8894015525339071,1.0,1,0.22886236632638438,51
4964,5,9582,9582,0,0,0,0,0.9955322522061624,0.9896429482961038,0.9955322522061624,0.9896429482961038,1.0,1,0.21944677046786717,51
4965,4,9586,9586,0,0,0,0,1.0,1.0,1.0,1.0,1.0,1,0.2141170790431995,51
4966,3,9589,9589,0,0,0,0,1.0,1.0,1.0,1.0,1.0,1,0.18279157390385148,51
4967,0,9589,9589,0,0,0,0,1.0,1.0,1.0,1.0,1.0,1,0.18279157390385148,51
4968,7,9596,9596,0,0,0,0,1.0,1.0,1.0,1.0,1.0,1,0.1913778445616098,52
4969,3,9599,9599,0,0,0,0,1.0,1.0,1.0,1.0,1.0,1,0.17959956930597903,53
4970,4,9603,9603,0,0,0,0,1.0,1.0,1.0,1.0,1.0,1,0.16720119436445147,54
4971,2,9605,9605,0,0,0,0,1.0,1.0,1.0,1.0,1.0,1,0.17504268766135095,55
4972,1,9606,9606,0,0,0,0,1.0,1.0,1.0,1.0,1.0,1,0.1936571940437312,56
4973,4,9610,9610,0,0,0,0,1.0,1.0,1.0,1.0,1.0,1,0.15373004203216972,57
4974,2,9612,9612,0,0,0,0,1.0,1.0,1.0,1.0,1.0,1,0.15543432926434983,56
4975,3,9615,9615,0,0,0,0,1.0,1.0,1.0,1.0,1.0,1,0.16460661305495392,57
4976,2,9617,9617,0,0,0,0,1.0,1.0,1.0,1.0,1.0,1,0.15960188721236615,57
4977,4,9621,9621,0,0,0,0,1.0,1.0,1.0,1.0,1.0,1,0.09807626078881725,57
4978,2,9623,9623,0,0,0,0,1.0,1.0,1.0,1.0,1.0,1,0.12505555010214944,58
4979,2,9625,9625,0,0,0,0,1.0,1.0,1.0,1.0,1.0,1,0.14076492140870217,58
4980,3,9628,9628,0,0,0,0,1.0,1.0,1.0,1.0,1.0,1,0.13104269215201034,59
4981,5,9633,9633,0,0,0,0,0.977761066260357,0.9393483625282464,0.977761066260357,0.9393483625282464,1.0,1,0.17885435505748878,60
4982,2,9635,9635,0,0,0,0,0.9479552717404834,0.8677196490070623,0.9479552717404834,0.8677196490070623,1.0,1,0.17004493219261385,61
4983,5,9640,9640,0,0,0,0,0.9637682497432133,0.9039070971450439,0.9637682497432133,0.9039070971450439,1.0,1,0.1904784695719159,61
4984,0,9640,9640,0,0,0,0,0.9625400548192544,0.9039070971450439,0.9625400548192544,0.9039070971450439,1.0,1,0.18861917258154243,59
4985,3,9643,9643,0,0,0,0,0.9431004193839564,0.8624926801778948,0.9431004193839564,0.8624926801778948,1.0,1,0.19775428317645255,58
4986,1,9644,9644,0,0,0,0,0.9292976906695222,0.8331425499800724,0.9292976906695222,0.8331425499800724,1.0,1,0.20553290633152796,59
4987,2,9646,9646,0,0,0,0,0.951750995243013,0.883398238503948,0.951750995243013,0.883398238503948,1.0,1,0.20551467864182846,58
4988,2,9648,9648,0,0,0,0,0.969271188327005,0.9238459884625774,0.969271188327005,0.9238459884625774,1.0,1,0.19333343188140495,57
4989,2,9650,9650,0,0,0,0,0.9643072283914712,0.9161995797017152,0.9643072283914712,0.9161995797017152,1.0,1,0.20200169863638598,54
4990,3,9653,9653,0,0,0,0,0.9817143740856669,0.955948264842743,0.9817143740856669,0.955948264842743,1.0,1,0.17908683654133045,53
4991,0,9653,9653,0,0,0,0,0.9813627274334683,0.955948264842743,0.9813627274334683,0.955948264842743,1.0,1,0.18899590443212694,52
4992,5,9658,9658,0,0,0,0,0.9977247971767399,0.9947995364039767,0.9977247971767399,0.9947995364039767,1.0,1,0.25501338868261114,48
4993,3,9661,9661,0,0,0,0,1.0,1.0,1.0,1.0,1.0,1,0.24289636907256607,48
4994,4,9665,9665,0,0,0,0,1.0,1.0,1.0,1.0,1.0,1,0.2707456885430231,45
4995,1,9666,9666,0,0,0,0,1.0,1.0,1.0,1.0,1.0,1,0.23087179573340874,45
4996,1,9667,9667,0,0,0,0,1.0,1.0,1.0,1.0,1.0,1,0.17688638657330105,45
4997,1,9668,9668,0,0,0,0,1.0,1.0,1.0,1.0,1.0,1,0.22412233385679833,42
4998,1,9669,9669,0,0,0,0,1.0,1.0,1.0,1.0,1.0,1,0.23351650169993288,44
4999,1,9670,9670,0,0,0,0,1.0,1.0,1.0,1.0,1.0,1,0.22357509538630163,44
5000,1,9671,9671,0,0,0,0,1.0,1.0,1.0,1.0,1.0,1,0.2564010849376673,42
5001,0,9671,9671,0,0,0,0,1.0,1.0,1.0,1.0,1.0,1,0.25647317787684415,42
5002,1,9672,9672,0,0,0,0,1.0,1.0,1.0,1.0,1.0,1,0.2449380812736731,41
5003,0,9672,9672,0,0,0,0,1.0,1.0,1.0,1.0,1.0,1,0.2883456600985244,41
5004,0,9672,9672,0,0,0,0,1.0,1.0,1.0,1.0,1.0,1,0.2956735224340433,41
5005,1,9673,9673,0,0,0,0,1.0,1.0,1.0,1.0,1.0,1,0.3190586448690783,41
5006,0,9673,9673,0,0,0,0,1.0,1.0,1.0,1.0,1.0,1,0.30311710457568886,42
5007,0,9673,9673,0,0,0,0,1.0,1.0,1.0,1.0,1.0,1,0.2982703682284069,43
5008,0,9673,9673,0,0,0,0,1.0,1.0,1.0,1.0,1.0,1,0.27599210551968156,46
5009,0,9673,9673,0,0,0,0,1.0,1.0,1.0,1.0,1.0,1,0.27599210551968156,46
5010,0,9673,9673,0,0,0,0,1.0,1.0,1.0,1.0,1.0,1,0.2679681410355492,46
5011,0,9673,9673,0,0,0,0,1.0,1.0,1.0,1.0,1.0,1,0.2540890954620944,47
5012,1,9674,9674,0,0,0,0,1.0,1.0,1.0,1.0,1.0,1,0.2391281711184345,48
5013,1,9675,9675,0,0,0,0,1.0,1.0,1.0,1.0,1.0,1,0.2322153883856389,48
5014,2,9677,9677,0,0,0,0,1.0,1.0,1.0,1.0,1.0,1,0.2510038855014425,49
5015,3,9680,9680,0,0,0,0,1.0,1.0,1.0,1.0,1.0,1,0.19922689032052485,50
5016,2,9682,9682,0,0,0,0,1.0,1.0,1.0,1.0,1.0,1,0.21915967506003364,51
5017,3,9685,9685,0,0,0,0,1.0,1.0,1.0,1.0,1.0,1,0.16134954345028912,51
5018,2,9687,9687,0,0,0,0,1.0,1.0,1.0,1.0,1.0,1,0.19347796924596847,51
5019,1,9688,9688,0,0,0,0,1.0,1.0,1.0,1.0,1.0,1,0.20810408130199015,51
5020,3,9691,9691,0,0,0,0,0.9880785490330181,0.9710479047944721,0.9880785490330181,0.9710479047944721,1.0,1,0.25436714338031247,51
5021,1,9692,9692,0,0,0,0,0.971035877050716,0.931539345756238,0.971035877050716,0.931539345756238,1.0,1,0.2506096272003169,52
5022,0,9692,9692,0,0,0,0,0.9710358770507159,0.931539345756238,0.9710358770507159,0.931539345756238,1.0,1,0.2506096272003169,52
5023,1,9693,9693,0,0,0,0,0.9710358770507159,0.931539345756238,0.9710358770507159,0.931539345756238,1.0,1,0.2622531429643641,52
5024,4,9697,9697,0,0,0,0,0.9691489388417256,0.9284816309512729,0.9691489388417256,0.9284816309512729,1.0,1,0.2702183858221281,51
5025,3,9700,9700,0,0,0,0,0.9859382306303202,0.9665195967388575,0.9859382306303202,0.9665195967388575,1.0,1,0.2703062601913315,50
5026,1,9701,9701,0,0,0,0,1.0,1.0,1.0,1.0,1.0,1,0.2920834776741766,49
5027,2,9703,9703,0,0,0,0,1.0,1.0,1.0,1.0,1.0,1,0.281182221186917,47
5028,0,9703,9703,0,0,0,0,1.0,1.0,1.0,1.0,1.0,1,0.28341209311657894,47
5029,5,9708,9708,0,0,0,0,1.0,1.0,1.0,1.0,1.0,1,0.2910179108802208,46
5030,1,9709,9709,0,0,0,0,1.0,1.0,1.0,1.0,1.0,1,0.2699284346144006,48
5031,1,9710,9710,0,0,0,0,1.0,1.0,1.0,1.0,1.0,1,0.30846385846717717,46
5032,2,9712,9712,0,0,0,0,1.0,1.0,1.0,1.0,1.0,1,0.304471085680368,46
5033,1,9713,9713,0,0,0,0,0.984315337186847,0.9664918567173553,0.984315337186847,0.9664918567173553,1.0,1,0.299107103506072,47
5034,0,9713,9713,0,0,0,0,0.999853576738508,0.9996653182594469,0.999853576738508,0.9996653182594469,1.0,1,0.29673229852908023,48
5035,0,9713,9713,0,0,0,0,1.0,1.0,1.0,1.0,1.0,1,0.2883650749538913,47
5036,1,9714,9714,0,0,0,0,1.0,1.0,1.0,1.0,1.0,1,0.2975453565441099,47
5037,0,9714,9714,0,0,0,0,1.0,1.0,1.0,1.0,1.0,1,0.2742063399999639,47
5038,0,9714,9714,0,0,0,0,1.0,1.0,1.0,1.0,1.0,1,0.264478326610156,48
5039,0,9714,9714,0,0,0,0,1.0,1.0,1.0,1.0,1.0,1,0.25058073485719445,47
5040,0,9714,9714,0,0,0,0,1.0,1.0,1.0,1.0,1.0,1,0.258438371687297,48
5041,1,9715,9715,0,0,0,0,1.0,1.0,1.0,1.0,1.0,1,0.2282453724898708,49
5042,0,9715,9715,0,0,0,0,1.0,1.0,1.0,1.0,1.0,1,0.24205422020651476,50
5043,5,9720,9720,0,0,0,0,1.0,1.0,1.0,1.0,1.0,1,0.23196647422498667,51
5044,1,9721,9721,0,0,0,0,0.9959803653007893,0.9902380300162024,0.9959803653007893,0.9902380300162024,1.0,1,0.24235067990052658,51
5045,2,9723,9723,0,0,0,0,1.0,1.0,1.0,1.0,1.0,1,0.21326808037980133,51
5046,1,9724,9724,0,0,0,0,0.9795988129301674,0.9517790123803954,0.9795988129301674,0.9517790123803954,1.0,1,0.21939389862060144,52
5047,0,9724,9724,0,0,0,0,0.9795988129301674,0.9517790123803954,0.9795988129301674,0.9517790123803954,1.0,1,0.2217318967460625,52
5048,3,9727,9727,0,0,0,0,0.9958059549392636,0.9896147455638905,0.9958059549392636,0.9896147455638905,1.0,1,0.2246341138375035,52
5049,1,9728,9728,0,0,0,0,0.9958059549392636,0.9896147455638905,0.9958059549392636,0.9896147455638905,1.0,1,0.24779990882664438,52
5050,0,9728,9728,0,0,0,0,0.9735123224280269,0.9337808060700673,0.9735123224280269,0.9337808060700673,1.0,1,0.21742202979811495,55
5051,0,9728,9728,0,0,0,0,0.973512322428027,0.9337808060700673,0.973512322428027,0.9337808060700673,1.0,1,0.22814711076816602,55
5052,0,9728,9728,0,0,0,0,0.9735123224280269,0.9337808060700673,0.9735123224280269,0.9337808060700673,1.0,1,0.22814711076816602,55
5053,2,9730,9730,0,0,0,0,0.9896453629104388,0.9733737903411286,0.9896453629104388,0.9733737903411286,1.0,1,0.2396327011294199,54
5054,3,9733,9733,0,0,0,0,0.9938755759800897,0.9842514810916593,0.9938755759800897,0.9842514810916593,1.0,1,0.22059904791573115,54
5055,2,9735,9735,0,0,0,0,0.9973808910819075,0.9932651484963337,0.9973808910819075,0.9932651484963337,1.0,1,0.23315008328855805,54
5056,4,9739,9739,0,0,0,0,1.0,1.0,1.0,1.0,1.0,1,0.1854135204824854,55
5057,3,9742,9742,0,0,0,0,1.0,1.0,1.0,1.0,1.0,1,0.1300876257958095,56
5058,3,9745,9745,0,0,0,0,1.0,1.0,1.0,1.0,1.0,1,0.09096388850846433,58
5059,5,9750,9750,0,0,0,0,1.0,1.0,1.0,1.0,1.0,1,0.10253434282114461,58
5060,3,9753,9753,0,0,0,0,1.0,1.0,1.0,1.0,1.0,1,0.14491657304599173,59
5061,4,9757,9757,0,0,0,0,1.0,1.0,1.0,1.0,1.0,1,0.09669768310309998,58
5062,5,9762,9762,0,0,0,0,0.973794817253112,0.9309136091218404,0.973794817253112,0.9309136091218404,1.0,1,0.16543129631655767,58
5063,3,9765,9765,0,0,0,0,0.9447068530077893,0.8686787758934995,0.9447068530077893,0.8686787758934995,1.0,1,0.1910731483542196,57
5064,0,9765,9765,0,0,0,0,0.9264226703915237,0.8322436884926739,0.9264226703915237,0.8322436884926739,1.0,1,0.20145537691130405,57
5065,3,9768,9768,0,0,0,0,0.9085006596525919,0.7950414776218057,0.9085006596525919,0.7950414776218057,1.0,1,0.2620895417683701,56
5066,1,9769,9769,0,0,0,0,0.8920597745388932,0.771664907678428,0.8920597745388932,0.771664907678428,1.0,1,0.28983502203926753,55
5067,2,9771,9771,0,0,0,0,0.9101977738353457,0.806027191484347,0.9101977738353457,0.806027191484347,1.0,1,0.31694561326889553,54
5068,2,9773,9773,0,0,0,0,0.926861250069129,0.8354378126555403,0.926861250069129,0.8354378126555403,1.0,1,0.31195489641799545,54
5069,2,9775,9775,0,0,0,0,0.9420910207676761,0.8665575695950796,0.9420910207676761,0.8665575695950796,1.0,1,0.3123535311080283,53
5070,2,9777,9777,0,0,0,0,0.9608081951007397,0.9055833791063274,0.9608081951007397,0.9055833791063274,1.0,1,0.29828947012840007,53
5071,0,9777,9777,0,0,0,0,0.9813672927348781,0.9529745959499308,0.9813672927348781,0.9529745959499308,1.0,1,0.2973434662343825,53
5072,1,9778,9778,0,0,0,0,1.0,1.0,1.0,1.0,1.0,1,0.2799662450796473,53
5073,1,9779,9779,0,0,0,0,1.0,1.0,1.0,1.0,1.0,1,0.2673704513227631,53
5074,2,9781,9781,0,0,0,0,1.0,1.0,1.0,1.0,1.0,1,0.24382876497385578,52
5075,1,9782,9782,0,0,0,0,1.0,1.0,1.0,1.0,1.0,1,0.23709494409948903,52
5076,2,9784,9784,0,0,0,0,1.0,1.0,1.0,1.0,1.0,1,0.1830415926572355,55
5077,0,9784,9784,0,0,0,0,1.0,1.0,1.0,1.0,1.0,1,0.21009686445935793,55
5078,0,9784,9784,0,0,0,0,1.0,1.0,1.0,1.0,1.0,1,0.21009686445935793,55
5079,1,9785,9785,0,0,0,0,1.0,1.0,1.0,1.0,1.0,1,0.24459795409153734,54
5080,3,9788,9788,0,0,0,0,1.0,1.0,1.0,1.0,1.0,1,0.2345235542761712,55
5081,3,9791,9791,0,0,0,0,1.0,1.0,1.0,1.0,1.0,1,0.2295286547424261,57
5082,4,9795,9795,0,0,0,0,1.0,1.0,1.0,1.0,1.0,1,0.24402861846561225,57
5083,6,9801,9801,0,0,0,0,0.9911941248673872,0.9767845110140204,0.9911941248673872,0.9767845110140204,1.0,1,0.22733830535360075,58
5084,5,9806,9806,0,0,0,0,0.9962829443161195,0.9902004895606785,0.9962829443161195,0.9902004895606785,1.0,1,0.21224859932493817,58
5085,9,9815,9815,0,0,0,0,1.0,1.0,1.0,1.0,1.0,1,0.17999118914247994,59
5086,4,9819,9819,0,0,0,0,0.9960541675159765,0.9892386386799358,0.9960541675159765,0.9892386386799358,1.0,1,0.1815894526668095,60
5087,7,9826,9826,0,0,0,0,1.0,1.0,1.0,1.0,1.0,1,0.16131036567985008,61
5088,2,9828,9828,0,0,0,0,1.0,1.0,1.0,1.0,1.0,1,0.15629549739052534,62
5089,1,9829,9829,0,0,0,0,1.0,1.0,1.0,1.0,1.0,1,0.1572051921660277,63
5090,6,9835,9835,0,0,0,0,0.9792422629519811,0.9431418506945572,0.9792422629519811,0.9431418506945572,1.0,1,0.17106547144729328,63
5091,1,9836,9836,0,0,0,0,0.9792422629519811,0.9431418506945572,0.9792422629519811,0.9431418506945572,1.0,1,0.16393095858668982,63
5092,3,9839,9839,0,0,0,0,0.9550297356557869,0.8866749338525829,0.9550297356557869,0.8866749338525829,1.0,1,0.17912890092179704,63
5093,3,9842,9842,0,0,0,0,0.9563860795431234,0.890092920448671,0.9563860795431234,0.890092920448671,1.0,1,0.16996507571308098,63
5094,3,9845,9845,0,0,0,0,0.9465904891089445,0.8685304347297098,0.9465904891089445,0.8685304347297098,1.0,1,0.19329472691769592,64
5095,3,9848,9848,0,0,0,0,0.9796697980170578,0.9457861280454876,0.9796697980170578,0.9457861280454876,1.0,1,0.18749015488875975,64
5096,2,9850,9850,0,0,0,0,0.9489626651020195,0.8684807139167426,0.9489626651020195,0.8684807139167426,1.0,1,0.19163905855743912,67
5097,2,9852,9852,0,0,0,0,0.924722025642755,0.8198705613594495,0.924722025642755,0.8198705613594495,1.0,1,0.21679178897651608,67
5098,2,9854,9854,0,0,0,0,0.9391749904113911,0.8468110869620221,0.9391749904113911,0.8468110869620221,1.0,1,0.20727332117424915,68
5099,2,9856,9856,0,0,0,0,0.9258046714780779,0.8145116786951946,0.9258046714780779,0.8145116786951946,1.0,1,0.2027494652094359,70
5100,0,9856,9856,0,0,0,0,0.926849676105147,0.8145116786951946,0.926849676105147,0.8145116786951946,1.0,1,0.19476532458177867,71
5101,0,9856,9856,0,0,0,0,0.9268496761051472,0.8145116786951946,0.9268496761051472,0.8145116786951946,1.0,1,0.19476532458177867,71
5102,2,9858,9858,0,0,0,0,0.9258046714780778,0.8145116786951946,0.9258046714780778,0.8145116786951946,1.0,1,0.19535034505602836,70
5103,1,9859,9859,0,0,0,0,0.9477048855107344,0.8702306418229333,0.9477048855107344,0.8702306418229333,1.0,1,0.22086732835194106,67
5104,3,9862,9862,0,0,0,0,0.9273770040618357,0.8262235454336784,0.9273770040618357,0.8262235454336784,1.0,1,0.25020496598216374,67
5105,1,9863,9863,0,0,0,0,0.9798282321433758,0.949167145001307,0.9798282321433758,0.949167145001307,1.0,1,0.262096435314149,63
5106,2,9865,9865,0,0,0,0,0.9573352575206183,0.9004489342147762,0.9573352575206183,0.9004489342147762,1.0,1,0.27002348755251393,63
5107,3,9868,9868,0,0,0,0,0.9973634988725775,0.9934087471814437,0.9973634988725775,0.9934087471814437,1.0,1,0.27493654692855957,60
5108,5,9873,9873,0,0,0,0,1.0,1.0,1.0,1.0,1.0,1,0.2507783830623556,56
5109,3,9876,9876,0,0,0,0,1.0,1.0,1.0,1.0,1.0,1,0.2573779327463995,56
5110,7,9883,9883,0,0,0,0,1.0,1.0,1.0,1.0,1.0,1,0.24217121183137877,52
5111,3,9886,9886,0,0,0,0,1.0,1.0,1.0,1.0,1.0,1,0.24467851050670256,51
5112,1,9887,9887,0,0,0,0,1.0,1.0,1.0,1.0,1.0,1,0.25691350688935244,50
5113,0,9887,9887,0,0,0,0,1.0,1.0,1.0,1.0,1.0,1,0.2656632379266118,48
5114,2,9889,9889,0,0,0,0,1.0,1.0,1.0,1.0,1.0,1,0.21089497173211041,46
5115,1,9890,9890,0,0,0,0,1.0,1.0,1.0,1.0,1.0,1,0.17130011444565754,44
5116,6,9896,9896,0,0,0,0,1.0,1.0,1.0,1.0,1.0,1,0.1576326278767489,44
5117,1,9897,9897,0,0,0,0,1.0,1.0,1.0,1.0,1.0,1,0.15640319070453473,46
5118,6,9903,9903,0,0,0,0,1.0,1.0,1.0,1.0,1.0,1,0.17169847146086833,46
5119,5,9908,9908,0,0,0,0,1.0,1.0,1.0,1.0,1.0,1,0.18952532789928533,46
5120,5,9913,9913,0,0,0,0,1.0,1.0,1.0,1.0,1.0,1,0.18840397408575213,46
5121,2,9915,9915,0,0,0,0,1.0,1.0,1.0,1.0,1.0,1,0.2279598470986903,46
5122,4,9919,9919,0,0,0,0,1.0,1.0,1.0,1.0,1.0,1,0.19143698992502078,46
5123,3,9922,9922,0,0,0,0,1.0,1.0,1.0,1.0,1.0,1,0.20131258274125555,45
5124,3,9925,9925,0,0,0,0,1.0,1.0,1.0,1.0,1.0,1,0.19067108425423254,47
5125,3,9928,9928,0,0,0,0,1.0,1.0,1.0,1.0,1.0,1,0.18383453277472622,50
5126,2,9930,9930,0,0,0,0,1.0,1.0,1.0,1.0,1.0,1,0.16063965541968378,50
5127,3,9933,9933,0,0,0,0,1.0,1.0,1.0,1.0,1.0,1,0.1401549584754982,52
5128,1,9934,9934,0,0,0,0,1.0,1.0,1.0,1.0,1.0,1,0.1662421143077846,53
5129,0,9934,9934,0,0,0,0,1.0,1.0,1.0,1.0,1.0,1,0.16170867044511458,55
5130,2,9936,9936,0,0,0,0,1.0,1.0,1.0,1.0,1.0,1,0.15621668258893065,55
5131,0,9936,9936,0,0,0,0,1.0,1.0,1.0,1.0,1.0,1,0.1751720276604652,54
5132,2,9938,9938,0,0,0,0,1.0,1.0,1.0,1.0,1.0,1,0.18397525109741097,54
5133,1,9939,9939,0,0,0,0,1.0,1.0,1.0,1.0,1.0,1,0.18480512760593007,54
5134,3,9942,9942,0,0,0,0,1.0,1.0,1.0,1.0,1.0,1,0.1720240816108764,53
5135,1,9943,9943,0,0,0,0,1.0,1.0,1.0,1.0,1.0,1,0.18672567048583671,54
5136,4,9947,9947,0,0,0,0,1.0,1.0,1.0,1.0,1.0,1,0.20466072194155252,54
5137,2,9949,9949,0,0,0,0,1.0,1.0,1.0,1.0,1.0,1,0.1493750383411224,54
5138,2,9951,9951,0,0,0,0,1.0,1.0,1.0,1.0,1.0,1,0.14252995219253967,54
5139,0,9951,9951,0,0,0,0,1.0,1.0,1.0,1.0,1.0,1,0.13451059122664882,55
5140,2,9953,9953,0,0,0,0,1.0,1.0,1.0,1.0,1.0,1,0.15099629248694815,55
5141,1,9954,9954,0,0,0,0,1.0,1.0,1.0,1.0,1.0,1,0.14819840253228023,53
5142,2,9956,9956,0,0,0,0,1.0,1.0,1.0,1.0,1.0,1,0.17894571402103063,54
5143,1,9957,9957,0,0,0,0,1.0,1.0,1.0,1.0,1.0,1,0.1778073083307999,52
5144,0,9957,9957,0,0,0,0,1.0,1.0,1.0,1.0,1.0,1,0.15670708512099474,50
5145,1,9958,9958,0,0,0,0,1.0,1.0,1.0,1.0,1.0,1,0.16004283974694633,49
5146,2,9960,9960,0,0,0,0,1.0,1.0,1.0,1.0,1.0,1,0.16171898188404765,49
5147,2,9962,9962,0,0,0,0,1.0,1.0,1.0,1.0,1.0,1,0.19096648972986693,46
5148,2,9964,9964,0,0,0,0,1.0,1.0,1.0,1.0,1.0,1,0.20399079452874622,46
5149,1,9965,9965,0,0,0,0,1.0,1.0,1.0,1.0,1.0,1,0.23401316693210392,45
5150,3,9968,9968,0,0,0,0,1.0,1.0,1.0,1.0,1.0,1,0.19726174919034908,47
5151,2,9970,9970,0,0,0,0,1.0,1.0,1.0,1.0,1.0,1,0.18903692531271366,46
5152,3,9973,9973,0,0,0,0,1.0,1.0,1.0,1.0,1.0,1,0.21539101207863626,46
5153,2,9975,9975,0,0,0,0,1.0,1.0,1.0,1.0,1.0,1,0.21284252343370277,45
5154,4,9979,9979,0,0,0,0,1.0,1.0,1.0,1.0,1.0,1,0.18864052877029713,47
5155,2,9981,9981,0,0,0,0,1.0,1.0,1.0,1.0,1.0,1,0.1834388828163901,47
5156,2,9983,9983,0,0,0,0,1.0,1.0,1.0,1.0,1.0,1,0.17453090805831492,47
5157,1,9984,9984,0,0,0,0,1.0,1.0,1.0,1.0,1.0,1,0.16546923625935403,46
5158,0,9984,9984,0,0,0,0,1.0,1.0,1.0,1.0,1.0,1,0.1597437604483373,47
5159,0,9984,9984,0,0,0,0,1.0,1.0,1.0,1.0,1.0,1,0.1727304004201926,49
5160,1,9985,9985,0,0,0,0,1.0,1.0,1.0,1.0,1.0,1,0.16867119039087694,48
5161,2,9987,9987,0,0,0,0,1.0,1.0,1.0,1.0,1.0,1,0.17389345533143274,48
5162,3,9990,9990,0,0,0,0,1.0,1.0,1.0,1.0,1.0,1,0.13229316537125674,49
5163,3,9993,9993,0,0,0,0,1.0,1.0,1.0,1.0,1.0,1,0.13689846848073403,51
5164,0,9993,9993,0,0,0,0,1.0,1.0,1.0,1.0,1.0,1,0.13689846848073403,51
5165,3,9996,9996,0,0,0,0,1.0,1.0,1.0,1.0,1.0,1,0.14411326244474956,52
5166,2,9998,9998,0,0,0,0,1.0,1.0,1.0,1.0,1.0,1,0.17014507596335396,52
5167,5,10003,10003,0,0,0,0,1.0,1.0,1.0,1.0,1.0,1,0.1254656351417817,52
5168,3,10006,10006,0,0,0,0,1.0,1.0,1.0,1.0,1.0,1,0.16255207853505813,52
5169,3,10009,10009,0,0,0,0,1.0,1.0,1.0,1.0,1.0,1,0.12110864244961486,53
5170,0,10009,10009,0,0,0,0,1.0,1.0,1.0,1.0,1.0,1,0.12110864244961486,53
5171,1,10010,10010,0,0,0,0,1.0,1.0,1.0,1.0,1.0,1,0.13059451254618792,52
5172,2,10012,10012,0,0,0,0,1.0,1.0,1.0,1.0,1.0,1,0.16311627747516158,53
5173,0,10012,10012,0,0,0,0,1.0,1.0,1.0,1.0,1.0,1,0.17203149165071116,54
5174,1,10013,10013,0,0,0,0,1.0,1.0,1.0,1.0,1.0,1,0.1562988067402363,56
5175,1,10014,10014,0,0,0,0,1.0,1.0,1.0,1.0,1.0,1,0.15601372114637435,58
5176,1,10015,10015,0,0,0,0,1.0,1.0,1.0,1.0,1.0,1,0.1455229911794422,58
5177,0,10015,10015,0,0,0,0,1.0,1.0,1.0,1.0,1.0,1,0.15925606642933904,59
5178,3,10018,10018,0,0,0,0,1.0,1.0,1.0,1.0,1.0,1,0.19864979604961333,57
5179,2,10020,10020,0,0,0,0,0.9725754678335766,0.9276989606521566,0.9725754678335766,0.9276989606521566,1.0,1,0.23712287385352057,58
5180,2,10022,10022,0,0,0,0,0.9834852059799808,0.9559605492799488,0.9834852059799808,0.9559605492799488,1.0,1,0.265329507418674,56
5181,2,10024,10024,0,0,0,0,0.9956736018817403,0.9876697653629599,0.9956736018817403,0.9876697653629599,1.0,1,0.2284453342600886,57
5182,2,10026,10026,0,0,0,0,0.995931605859985,0.9886084964079578,0.995931605859985,0.9886084964079578,1.0,1,0.24171960976535525,56
5183,1,10027,10027,0,0,0,0,1.0,1.0,1.0,1.0,1.0,1,0.21320618282337783,57
5184,2,10029,10029,0,0,0,0,1.0,1.0,1.0,1.0,1.0,1,0.17529117984531234,56
5185,2,10031,10031,0,0,0,0,1.0,1.0,1.0,1.0,1.0,1,0.19516485535549633,56
5186,2,10033,10033,0,0,0,0,1.0,1.0,1.0,1.0,1.0,1,0.16349162042155985,54
5187,5,10038,10038,0,0,0,0,1.0,1.0,1.0,1.0,1.0,1,0.19654733883742065,51
5188,2,10040,10040,0,0,0,0,1.0,1.0,1.0,1.0,1.0,1,0.19894869021254513,50
5189,2,10042,10042,0,0,0,0,1.0,1.0,1.0,1.0,1.0,1,0.17589444841279545,49
5190,1,10043,10043,0,0,0,0,1.0,1.0,1.0,1.0,1.0,1,0.19418520653929394,50
5191,3,10046,10046,0,0,0,0,1.0,1.0,1.0,1.0,1.0,1,0.16681451043051052,50
5192,1,10047,10047,0,0,0,0,1.0,1.0,1.0,1.0,1.0,1,0.18441961676139593,49
5193,4,10051,10051,0,0,0,0,0.9806079344282483,0.9559271237005643,0.9806079344282483,0.9559271237005643,1.0,1,0.24747313104230723,50
5194,1,10052,10052,0,0,0,0,1.0,1.0,1.0,1.0,1.0,1,0.21930326572989267,51
5195,0,10052,10052,0,0,0,0,1.0,1.0,1.0,1.0,1.0,1,0.21930326572989267,51
5196,0,10052,10052,0,0,0,0,1.0,1.0,1.0,1.0,1.0,1,0.21930326572989267,51
5197,1,10053,10053,0,0,0,0,1.0,1.0,1.0,1.0,1.0,1,0.2233876469004675,51
5198,0,10053,10053,0,0,0,0,1.0,1.0,1.0,1.0,1.0,1,0.2233876469004675,51
5199,1,10054,10054,0,0,0,0,0.9716615663864316,0.9334662862985788,0.9716615663864316,0.9334662862985788,1.0,1,0.19838404912010413,54
5200,0,10054,10054,0,0,0,0,0.9716615663864316,0.9334662862985788,0.9716615663864316,0.9334662862985788,1.0,1,0.19838404912010413,54
5201,1,10055,10055,0,0,0,0,0.972176810633951,0.9334662862985788,0.972176810633951,0.9334662862985788,1.0,1,0.19496012839892576,55
5202,0,10055,10055,0,0,0,0,0.9726736533012019,0.9334662862985788,0.9726736533012019,0.9334662862985788,1.0,1,0.1918692837246907,56
5203,1,10056,10056,0,0,0,0,0.972673653301202,0.9334662862985788,0.972673653301202,0.9334662862985788,1.0,1,0.2012283672442496,56
5204,1,10057,10057,0,0,0,0,0.9542135067662009,0.8893493080183189,0.9542135067662009,0.8893493080183189,1.0,1,0.18117994850142444,58
5205,3,10060,10060,0,0,0,0,0.969294874740896,0.9225696841292159,0.969294874740896,0.9225696841292159,1.0,1,0.1831058833533047,58
5206,2,10062,10062,0,0,0,0,0.9947113877625401,0.9853933566774915,0.9947113877625401,0.9853933566774915,1.0,1,0.16049365568206922,58
5207,1,10063,10063,0,0,0,0,0.9948010252580902,0.9853933566774915,0.9948010252580902,0.9853933566774915,1.0,1,0.17264070206254878,59
5208,0,10063,10063,0,0,0,0,1.0,1.0,1.0,1.0,1.0,1,0.16488073229241001,58
5209,2,10065,10065,0,0,0,0,1.0,1.0,1.0,1.0,1.0,1,0.18605350269629842,58
5210,3,10068,10068,0,0,0,0,0.997375020544401,0.9928750557633735,0.997375020544401,0.9928750557633735,1.0,1,0.20100857860081225,57
5211,3,10071,10071,0,0,0,0,0.9938019060802195,0.9814057182406583,0.9938019060802195,0.9814057182406583,1.0,1,0.22353285208425153,57
5212,1,10072,10072,0,0,0,0,0.9641459785577836,0.8992672730909157,0.9641459785577836,0.8992672730909157,1.0,1,0.23090471929885825,59
5213,2,10074,10074,0,0,0,0,0.9441779815498721,0.8502954959746571,0.9441779815498721,0.8502954959746571,1.0,1,0.2456964329409497,59
5214,6,10080,10080,0,0,0,0,0.9465663452629552,0.8567006532051981,0.9465663452629552,0.8567006532051981,1.0,1,0.24471925738265235,59
5215,2,10082,10082,0,0,0,0,0.9456450753536959,0.8567006532051981,0.9456450753536959,0.8567006532051981,1.0,1,0.2694823201658162,58
5216,4,10086,10086,0,0,0,0,0.9680130237785588,0.9217611553657974,0.9680130237785588,0.9217611553657974,1.0,1,0.23136825536180627,59
5217,1,10087,10087,0,0,0,0,1.0,1.0,1.0,1.0,1.0,1,0.20849463360329476,58
5218,4,10091,10091,0,0,0,0,0.9715904230723809,0.9251020244635497,0.9715904230723809,0.9251020244635497,1.0,1,0.21921633866971763,58
5219,3,10094,10094,0,0,0,0,0.9513670361352456,0.8794748286830001,0.9513670361352456,0.8794748286830001,1.0,1,0.2461073535651924,57
5220,5,10099,10099,0,0,0,0,0.9192482977675792,0.8115793614576848,0.9192482977675792,0.8115793614576848,1.0,1,0.2515801089203839,56
5221,3,10102,10102,0,0,0,0,0.873048247219328,0.7272888273600379,0.873048247219328,0.7272888273600379,1.0,1,0.2745127911482785,58
5222,2,10104,10104,0,0,0,0,0.8728699846212261,0.7363229310662467,0.8728699846212261,0.7363229310662467,1.0,1,0.29518847534034265,56
5223,2,10106,10106,0,0,0,0,0.8536399870816392,0.7125071174817913,0.8536399870816392,0.7125071174817913,1.0,1,0.29149145961384126,55
5224,1,10107,10107,0,0,0,0,0.8562535587408957,0.7125071174817913,0.8562535587408957,0.7125071174817913,1.0,1,0.2734053457765678,56
5225,1,10108,10108,0,0,0,0,0.8669703885071747,0.7290137543664671,0.8669703885071747,0.7290137543664671,1.0,1,0.27540291100264475,55
5226,1,10109,10109,0,0,0,0,0.853192440012443,0.7116280071672987,0.853192440012443,0.7116280071672987,1.0,1,0.27578148618740017,55
5227,2,10111,10111,0,0,0,0,0.8685884156192726,0.7420439269563499,0.8685884156192726,0.7420439269563499,1.0,1,0.2982292825635876,53
5228,1,10112,10112,0,0,0,0,0.8634350201533618,0.7420439269563499,0.8634350201533618,0.7420439269563499,1.0,1,0.2959582461174788,51
5229,2,10114,10114,0,0,0,0,0.8438381419643962,0.7155623300065787,0.8438381419643962,0.7155623300065787,1.0,1,0.33303146801578015,51
5230,2,10116,10116,0,0,0,0,0.8205867981490863,0.6844802312277036,0.8205867981490863,0.6844802312277036,1.0,1,0.3269696370418129,51
5231,2,10118,10118,0,0,0,0,0.8263318949472356,0.6885951219743537,0.8263318949472356,0.6885951219743537,1.0,1,0.3134340875951416,52
5232,2,10120,10120,0,0,0,0,0.8082188071013401,0.6675792656423228,0.8082188071013401,0.6675792656423228,1.0,1,0.3086354942181087,52
5233,0,10120,10120,0,0,0,0,0.8118373201748997,0.6675792656423228,0.8118373201748997,0.6675792656423228,1.0,1,0.29594254068084913,53
5234,3,10123,10123,0,0,0,0,0.865593431740169,0.7361648845269984,0.865593431740169,0.7361648845269984,1.0,1,0.2785070813910029,53
5235,0,10123,10123,0,0,0,0,0.865593431740169,0.7361648845269984,0.865593431740169,0.7361648845269984,1.0,1,0.2785070813910029,53
5236,4,10127,10127,0,0,0,0,0.8797731896844568,0.7595463793689138,0.8797731896844568,0.7595463793689138,1.0,1,0.2640155700871943,52
5237,0,10127,10127,0,0,0,0,0.8797731896844568,0.7595463793689138,0.8797731896844568,0.7595463793689138,1.0,1,0.27883225819612445,52
5238,2,10129,10129,0,0,0,0,0.9196807591163023,0.8259749780853216,0.9196807591163023,0.8259749780853216,1.0,1,0.2698144324354146,52
5239,1,10130,10130,0,0,0,0,0.9395537985565783,0.8659671185384996,0.9395537985565783,0.8659671185384996,1.0,1,0.2864259992311633,51
5240,2,10132,10132,0,0,0,0,0.9504401708500025,0.8857969154369623,0.9504401708500025,0.8857969154369623,1.0,1,0.25199890465099567,53
5241,4,10136,10136,0,0,0,0,0.9139012475518431,0.8174706448099074,0.9139012475518431,0.8174706448099074,1.0,1,0.2981833232786027,53
5242,3,10139,10139,0,0,0,0,0.9137146854696002,0.8239779583579843,0.9137146854696002,0.8239779583579843,1.0,1,0.3377909037864597,51
5243,6,10145,10145,0,0,0,0,0.9619106579585356,0.9155410241689267,0.9619106579585356,0.9155410241689267,1.0,1,0.27963957984009086,51
5244,3,10148,10148,0,0,0,0,0.9876162158756883,0.9707292375243539,0.9876162158756883,0.9707292375243539,1.0,1,0.24070558135200154,52
5245,3,10151,10151,0,0,0,0,1.0,1.0,1.0,1.0,1.0,1,0.1982422395634712,53
5246,1,10152,10152,0,0,0,0,1.0,1.0,1.0,1.0,1.0,1,0.2065136822762211,53
5247,3,10155,10155,0,0,0,0,1.0,1.0,1.0,1.0,1.0,1,0.19828092947514192,54
5248,2,10157,10157,0,0,0,0,1.0,1.0,1.0,1.0,1.0,1,0.2100429536155271,54
5249,1,10158,10158,0,0,0,0,1.0,1.0,1.0,1.0,1.0,1,0.20260405747930177,55
5250,2,10160,10160,0,0,0,0,1.0,1.0,1.0,1.0,1.0,1,0.20755755056271652,57
5251,2,10162,10162,0,0,0,0,1.0,1.0,1.0,1.0,1.0,1,0.18066053616936856,58
5252,3,10165,10165,0,0,0,0,1.0,1.0,1.0,1.0,1.0,1,0.20059248433607552,58
5253,2,10167,10167,0,0,0,0,0.9884383985562597,0.9695194143755937,0.9884383985562597,0.9695194143755937,1.0,1,0.2223723341396439,58
5254,4,10171,10171,0,0,0,0,0.9557991219130466,0.8913395080362395,0.9557991219130466,0.8913395080362395,1.0,1,0.23445002396154868,59
5255,3,10174,10174,0,0,0,0,0.9329597109228949,0.844466529341116,0.9329597109228949,0.844466529341116,1.0,1,0.23856886105897285,58
5256,1,10175,10175,0,0,0,0,0.9128348844064733,0.8055547421375175,0.9128348844064733,0.8055547421375175,1.0,1,0.2631124965407179,58
5257,2,10177,10177,0,0,0,0,0.9283702822164094,0.8366842434534134,0.9283702822164094,0.8366842434534134,1.0,1,0.2714947043291027,57
5258,1,10178,10178,0,0,0,0,0.9257655652060971,0.8366842434534134,0.9257655652060971,0.8366842434534134,1.0,1,0.2698945784169877,55
5259,2,10180,10180,0,0,0,0,0.8867963408095797,0.7652072253828318,0.8867963408095797,0.7652072253828318,1.0,1,0.29345420906612346,56
5260,1,10181,10181,0,0,0,0,0.8669200236095265,0.7385929035187125,0.8669200236095265,0.7385929035187125,1.0,1,0.3175629028024428,55
5261,1,10182,10182,0,0,0,0,0.8644555796022955,0.7385929035187125,0.8644555796022955,0.7385929035187125,1.0,1,0.338102488906362,54
5262,0,10182,10182,0,0,0,0,0.8644555796022954,0.7385929035187125,0.8644555796022954,0.7385929035187125,1.0,1,0.338102488906362,54
5263,1,10183,10183,0,0,0,0,0.8463594841398,0.7086128147478963,0.8463594841398,0.7086128147478963,1.0,1,0.3366396651983658,55
5264,3,10186,10186,0,0,0,0,0.8438427171149981,0.7146091036929276,0.8438427171149981,0.7146091036929276,1.0,1,0.3377670209999037,53
5265,2,10188,10188,0,0,0,0,0.8781095911224829,0.7652481014210781,0.8781095911224829,0.7652481014210781,1.0,1,0.335813778826528,52
5266,2,10190,10190,0,0,0,0,0.8746485542152926,0.772510339131457,0.8746485542152926,0.772510339131457,1.0,1,0.37488108965157985,49
5267,3,10193,10193,0,0,0,0,0.8817958849449616,0.7772307062424278,0.8817958849449616,0.7772307062424278,1.0,1,0.3539471665531573,49
5268,2,10195,10195,0,0,0,0,0.8893428296523863,0.7963908065603909,0.8893428296523863,0.7963908065603909,1.0,1,0.3912746908910934,46
5269,2,10197,10197,0,0,0,0,0.9131544532493976,0.8371645998426203,0.9131544532493976,0.8371645998426203,1.0,1,0.34886387333236807,45
5270,2,10199,10199,0,0,0,0,0.9379668740690796,0.8759337481381594,0.9379668740690796,0.8759337481381594,1.0,1,0.31921094345627377,46
5271,3,10202,10202,0,0,0,0,0.9360553775794489,0.8721107551588978,0.9360553775794489,0.8721107551588978,1.0,1,0.30562192370489305,46
5272,3,10205,10205,0,0,0,0,0.9349841238958575,0.8727950250136342,0.9349841238958575,0.8727950250136342,1.0,1,0.3069997366274044,45
5273,4,10209,10209,0,0,0,0,0.9810386672814082,0.9593685727458747,0.9810386672814082,0.9593685727458747,1.0,1,0.31221656799208536,45
5274,1,10210,10210,0,0,0,0,0.9956371980527758,0.9901836956187453,0.9956371980527758,0.9901836956187453,1.0,1,0.288856588391067,45
5275,2,10212,10212,0,0,0,0,0.9957320415733675,0.9901836956187453,0.9957320415733675,0.9901836956187453,1.0,1,0.31178247169525836,46
5276,2,10214,10214,0,0,0,0,0.9986736532230815,0.9970157197519336,0.9986736532230815,0.9970157197519336,1.0,1,0.31319337343002923,45
5277,5,10219,10219,0,0,0,0,0.9965821504858116,0.9923098385930758,0.9965821504858116,0.9923098385930758,1.0,1,0.31503962862090334,45
5278,1,10220,10220,0,0,0,0,1.0,1.0,1.0,1.0,1.0,1,0.29547153859071035,44
5279,1,10221,10221,0,0,0,0,1.0,1.0,1.0,1.0,1.0,1,0.26994285263094214,45
5280,1,10222,10222,0,0,0,0,1.0,1.0,1.0,1.0,1.0,1,0.27479338005354675,46
5281,0,10222,10222,0,0,0,0,1.0,1.0,1.0,1.0,1.0,1,0.27479338005354675,46
5282,1,10223,10223,0,0,0,0,1.0,1.0,1.0,1.0,1.0,1,0.2739732285383088,47
5283,0,10223,10223,0,0,0,0,1.0,1.0,1.0,1.0,1.0,1,0.27346122625520297,48
5284,1,10224,10224,0,0,0,0,1.0,1.0,1.0,1.0,1.0,1,0.2631535540432576,48
5285,2,10226,10226,0,0,0,0,1.0,1.0,1.0,1.0,1.0,1,0.2315782726816474,48
5286,5,10231,10231,0,0,0,0,0.9941040591569406,0.9852601478923513,0.9941040591569406,0.9852601478923513,1.0,1,0.2297538288267618,50
5287,0,10231,10231,0,0,0,0,0.9941040591569406,0.9852601478923513,0.9941040591569406,0.9852601478923513,1.0,1,0.2297538288267618,50
5288,3,10234,10234,0,0,0,0,0.9285177684375978,0.8414959213181518,0.9285177684375978,0.8414959213181518,1.0,1,0.26666608223184385,51
5289,0,10234,10234,0,0,0,0,0.9285177684375978,0.8414959213181518,0.9285177684375978,0.8414959213181518,1.0,1,0.26666608223184385,51
5290,2,10236,10236,0,0,0,0,0.9499183564804365,0.8816252062264864,0.9499183564804365,0.8816252062264864,1.0,1,0.20984328182400985,52
5291,4,10240,10240,0,0,0,0,0.9016694343342823,0.795472423415307,0.9016694343342823,0.795472423415307,1.0,1,0.2718245675977828,52
5292,1,10241,10241,0,0,0,0,0.9035247280260882,0.795472423415307,0.9035247280260882,0.795472423415307,1.0,1,0.28710066594116057,53
5293,2,10243,10243,0,0,0,0,0.8776070001207072,0.759921423313695,0.8776070001207072,0.759921423313695,1.0,1,0.3262310942503925,51
5294,3,10246,10246,0,0,0,0,0.9032677544295605,0.8065355088591211,0.9032677544295605,0.8065355088591211,1.0,1,0.3472061297225312,50
5295,0,10246,10246,0,0,0,0,0.8851094255404593,0.7834754558262503,0.8851094255404593,0.7834754558262503,1.0,1,0.3879474330827679,49
5296,1,10247,10247,0,0,0,0,0.9000470466899584,0.8080903296447199,0.9000470466899584,0.8080903296447199,1.0,1,0.40020192346113753,48
5297,0,10247,10247,0,0,0,0,0.8957012661112608,0.8080903296447199,0.8957012661112608,0.8080903296447199,1.0,1,0.44165727512856784,46
5298,1,10248,10248,0,0,0,0,0.9206586344402006,0.8479290493437178,0.9206586344402006,0.8479290493437178,1.0,1,0.4383123981856251,46
5299,0,10248,10248,0,0,0,0,0.9223467486010474,0.8479290493437178,0.9223467486010474,0.8479290493437178,1.0,1,0.43505347090490254,47
5300,0,10248,10248,0,0,0,0,0.923964524671859,0.8479290493437178,0.923964524671859,0.8479290493437178,1.0,1,0.4179340201889469,48
5301,0,10248,10248,0,0,0,0,0.9239645246718587,0.8479290493437178,0.9239645246718587,0.8479290493437178,1.0,1,0.4179340201889469,48
5302,0,10248,10248,0,0,0,0,0.9255162690663108,0.8479290493437178,0.9255162690663108,0.8479290493437178,1.0,1,0.3901070855317657,49
5303,0,10248,10248,0,0,0,0,0.923964524671859,0.8479290493437178,0.923964524671859,0.8479290493437178,1.0,1,0.39416466323964433,48
5304,0,10248,10248,0,0,0,0,0.923964524671859,0.8479290493437178,0.923964524671859,0.8479290493437178,1.0,1,0.3710381242056653,48
5305,1,10249,10249,0,0,0,0,0.9223467486010474,0.8479290493437178,0.9223467486010474,0.8479290493437178,1.0,1,0.3858241375462655,47
5306,1,10250,10250,0,0,0,0,0.9460872328596454,0.8874863990114338,0.9460872328596454,0.8874863990114338,1.0,1,0.3797694095398829,48
5307,0,10250,10250,0,0,0,0,0.9460872328596452,0.8874863990114338,0.9460872328596452,0.8874863990114338,1.0,1,0.3728683508526241,48
5308,0,10250,10250,0,0,0,0,0.9449401527077229,0.8874863990114338,0.9449401527077229,0.8874863990114338,1.0,1,0.37515047316456385,47
5309,0,10250,10250,0,0,0,0,0.943743199505717,0.8874863990114338,0.943743199505717,0.8874863990114338,1.0,1,0.37181139562018245,46
5310,2,10252,10252,0,0,0,0,0.9245534301610172,0.8553940744752828,0.9245534301610172,0.8553940744752828,1.0,1,0.37452923678294203,46
5311,2,10254,10254,0,0,0,0,0.9285845497795621,0.863120387077494,0.9285845497795621,0.863120387077494,1.0,1,0.33168359085992877,46
5312,0,10254,10254,0,0,0,0,0.9285845497795621,0.863120387077494,0.9285845497795621,0.863120387077494,1.0,1,0.32122807859927743,46
5313,5,10259,10259,0,0,0,0,0.9660462244990397,0.9290057421343556,0.9660462244990397,0.9290057421343556,1.0,1,0.25899321540423853,46
5314,2,10261,10261,0,0,0,0,0.960531526436751,0.9174750098222975,0.960531526436751,0.9174750098222975,1.0,1,0.2656059368612996,46
5315,9,10270,10270,0,0,0,0,0.9872151442653246,0.9713862752604882,0.9872151442653246,0.9713862752604882,1.0,1,0.24301136571188836,47
5316,1,10271,10271,0,0,0,0,0.9846439766321353,0.9649005180163092,0.9846439766321353,0.9649005180163092,1.0,1,0.25352694099160056,48
5317,9,10280,10280,0,0,0,0,1.0,1.0,1.0,1.0,1.0,1,0.20213082331812285,49
5318,2,10282,10282,0,0,0,0,1.0,1.0,1.0,1.0,1.0,1,0.19906082251955132,49
5319,0,10282,10282,0,0,0,0,1.0,1.0,1.0,1.0,1.0,1,0.19036208018886322,50
5320,3,10285,10285,0,0,0,0,0.9861273488499245,0.9663092757783881,0.9861273488499245,0.9663092757783881,1.0,1,0.23760656438218006,51
5321,1,10286,10286,0,0,0,0,0.9691928371943592,0.9271830697321221,0.9691928371943592,0.9271830697321221,1.0,1,0.22375368096912163,52
5322,4,10290,10290,0,0,0,0,0.918847081560252,0.827955812907734,0.918847081560252,0.827955812907734,1.0,1,0.26366527033592924,53
5323,0,10290,10290,0,0,0,0,0.918847081560252,0.827955812907734,0.918847081560252,0.827955812907734,1.0,1,0.2498343364718283,53
5324,4,10294,10294,0,0,0,0,0.9087807030885708,0.8070361026873613,0.9087807030885708,0.8070361026873613,1.0,1,0.267497281466255,55
5325,2,10296,10296,0,0,0,0,0.8877098103098592,0.7712607247052689,0.8877098103098592,0.7712607247052689,1.0,1,0.25431987223296865,55
5326,3,10299,10299,0,0,0,0,0.9149818100530172,0.8201538289583056,0.9149818100530172,0.8201538289583056,1.0,1,0.24820059398620017,55
5327,2,10301,10301,0,0,0,0,0.9166834377794647,0.8205489429096162,0.9166834377794647,0.8205489429096162,1.0,1,0.24167718642741803,56
5328,2,10303,10303,0,0,0,0,0.9262923974887861,0.838410256033108,0.9262923974887861,0.838410256033108,1.0,1,0.2316027383424819,57
5329,2,10305,10305,0,0,0,0,0.9316546433248233,0.8501659488274972,0.9316546433248233,0.8501659488274972,1.0,1,0.23172249262439304,57
5330,2,10307,10307,0,0,0,0,0.9542426917979164,0.8975036296273329,0.9542426917979164,0.8975036296273329,1.0,1,0.24041695276231875,56
5331,1,10308,10308,0,0,0,0,0.9790598525027591,0.9502671496940529,0.9790598525027591,0.9502671496940529,1.0,1,0.22144470218398832,57
5332,1,10309,10309,0,0,0,0,0.9794208895285736,0.9502671496940529,0.9794208895285736,0.9502671496940529,1.0,1,0.21617728232710337,58
5333,1,10310,10310,0,0,0,0,0.9797696880111402,0.9502671496940529,0.9797696880111402,0.9502671496940529,1.0,1,0.19292716602455298,59
5334,2,10312,10312,0,0,0,0,1.0,1.0,1.0,1.0,1.0,1,0.18761384090692163,59
5335,2,10314,10314,0,0,0,0,1.0,1.0,1.0,1.0,1.0,1,0.19119467351633668,58
5336,0,10314,10314,0,0,0,0,1.0,1.0,1.0,1.0,1.0,1,0.19924692662197144,59
5337,3,10317,10317,0,0,0,0,0.992414020086103,0.977242060258309,0.992414020086103,0.977242060258309,1.0,1,0.21009112148132703,60
5338,1,10318,10318,0,0,0,0,0.992414020086103,0.977242060258309,0.992414020086103,0.977242060258309,1.0,1,0.2193932076883606,60
5339,2,10320,10320,0,0,0,0,0.992414020086103,0.977242060258309,0.992414020086103,0.977242060258309,1.0,1,0.21898037765486236,60
5340,2,10322,10322,0,0,0,0,0.9818159725986171,0.9480456359960486,0.9818159725986171,0.9480456359960486,1.0,1,0.22803684178668165,60
5341,2,10324,10324,0,0,0,0,0.9989890250347779,0.9969165263560726,0.9989890250347779,0.9969165263560726,1.0,1,0.21652121017351467,61
5342,2,10326,10326,0,0,0,0,0.9989547546969737,0.9969165263560726,0.9989547546969737,0.9969165263560726,1.0,1,0.20525017197698264,59
5343,2,10328,10328,0,0,0,0,1.0,1.0,1.0,1.0,1.0,1,0.16346858963520117,58
5344,4,10332,10332,0,0,0,0,1.0,1.0,1.0,1.0,1.0,1,0.18047982106047705,58
5345,0,10332,10332,0,0,0,0,1.0,1.0,1.0,1.0,1.0,1,0.19517602628021097,54
5346,3,10335,10335,0,0,0,0,1.0,1.0,1.0,1.0,1.0,1,0.13241356005774169,54
5347,1,10336,10336,0,0,0,0,1.0,1.0,1.0,1.0,1.0,1,0.12312080307146181,54
5348,2,10338,10338,0,0,0,0,1.0,1.0,1.0,1.0,1.0,1,0.13320928638744353,55
5349,1,10339,10339,0,0,0,0,1.0,1.0,1.0,1.0,1.0,1,0.1114288154229064,56
5350,0,10339,10339,0,0,0,0,1.0,1.0,1.0,1.0,1.0,1,0.12318360523386762,56
5351,0,10339,10339,0,0,0,0,1.0,1.0,1.0,1.0,1.0,1,0.11657482503052147,57
5352,0,10339,10339,0,0,0,0,1.0,1.0,1.0,1.0,1.0,1,0.13367962916158943,57
5353,1,10340,10340,0,0,0,0,1.0,1.0,1.0,1.0,1.0,1,0.13367584255540213,57
5354,4,10344,10344,0,0,0,0,0.9790212879315744,0.9489213967029639,0.9790212879315744,0.9489213967029639,1.0,1,0.18114363142928686,56
5355,1,10345,10345,0,0,0,0,1.0,1.0,1.0,1.0,1.0,1,0.16241842915828708,57
5356,3,10348,10348,0,0,0,0,0.9853271721245097,0.9642748538683713,0.9853271721245097,0.9642748538683713,1.0,1,0.19970329427054032,56
5357,4,10352,10352,0,0,0,0,0.926874829576343,0.8424996329336619,0.926874829576343,0.8424996329336619,1.0,1,0.24858322774020045,56
5358,2,10354,10354,0,0,0,0,0.9429613150316416,0.8699517982721428,0.9429613150316416,0.8699517982721428,1.0,1,0.23150391138237303,57
5359,0,10354,10354,0,0,0,0,0.9429613150316415,0.8699517982721428,0.9429613150316415,0.8699517982721428,1.0,1,0.23150391138237303,57
5360,3,10357,10357,0,0,0,0,0.9811283663576249,0.9548721804204074,0.9811283663576249,0.9548721804204074,1.0,1,0.2560774143918804,55
5361,0,10357,10357,0,0,0,0,0.9814653598155244,0.9548721804204074,0.9814653598155244,0.9548721804204074,1.0,1,0.25597354416121787,56
5362,0,10357,10357,0,0,0,0,0.9817905289415679,0.9548721804204074,0.9817905289415679,0.9548721804204074,1.0,1,0.2409093299741057,57
5363,1,10358,10358,0,0,0,0,0.9817905289415679,0.9548721804204074,0.9817905289415679,0.9548721804204074,1.0,1,0.25157974366478963,57
5364,2,10360,10360,0,0,0,0,0.9821044853391271,0.9548721804204074,0.9821044853391271,0.9548721804204074,1.0,1,0.2700859184471761,58
5365,1,10361,10361,0,0,0,0,0.9470968368809269,0.8751485350389876,0.9470968368809269,0.8751485350389876,1.0,1,0.2625006194407631,59
5366,2,10363,10363,0,0,0,0,0.942943691436151,0.8751485350389876,0.942943691436151,0.8751485350389876,1.0,1,0.2806933414282685,60
5367,1,10364,10364,0,0,0,0,0.9311067647055783,0.8410156108590267,0.9311067647055783,0.8410156108590267,1.0,1,0.28141954759625215,60
5368,4,10368,10368,0,0,0,0,0.9281088933749868,0.8396275313749707,0.9281088933749868,0.8396275313749707,1.0,1,0.3056656656598484,58
5369,6,10374,10374,0,0,0,0,0.8716178119984059,0.7432356239968116,0.8716178119984059,0.7432356239968116,1.0,1,0.29728542240499484,58
5370,3,10377,10377,0,0,0,0,0.8693966069117934,0.7432967791024905,0.8693966069117934,0.7432967791024905,1.0,1,0.3175510405979203,57
5371,4,10381,10381,0,0,0,0,0.8696852906283171,0.7483578025926123,0.8696852906283171,0.7483578025926123,1.0,1,0.34294729343445507,56
5372,4,10385,10385,0,0,0,0,0.8887053425196844,0.7813854942350943,0.8887053425196844,0.7813854942350943,1.0,1,0.3318174711067887,55
5373,3,10388,10388,0,0,0,0,0.9005267549393252,0.8010535098786504,0.9005267549393252,0.8010535098786504,1.0,1,0.3011996656663469,54
5374,5,10393,10393,0,0,0,0,0.9176137558609824,0.83205881002431,0.9176137558609824,0.83205881002431,1.0,1,0.31322528711396835,53
5375,7,10400,10400,0,0,0,0,0.9517152615759503,0.8953830667478924,0.9517152615759503,0.8953830667478924,1.0,1,0.314041345086481,52
5376,1,10401,10401,0,0,0,0,0.9922228399510652,0.9816176217025179,0.9922228399510652,0.9816176217025179,1.0,1,0.288785996617644,52
5377,2,10403,10403,0,0,0,0,1.0,1.0,1.0,1.0,1.0,1,0.24583212182744568,51
5378,0,10403,10403,0,0,0,0,1.0,1.0,1.0,1.0,1.0,1,0.258803580844609,52
5379,3,10406,10406,0,0,0,0,0.9893638811098723,0.975827002522437,0.9893638811098723,0.975827002522437,1.0,1,0.27528265228323645,50
5380,1,10407,10407,0,0,0,0,0.9895724324606591,0.975827002522437,0.9895724324606591,0.975827002522437,1.0,1,0.293989685691797,51
5381,1,10408,10408,0,0,0,0,1.0,1.0,1.0,1.0,1.0,1,0.28067702431094094,50
5382,1,10409,10409,0,0,0,0,1.0,1.0,1.0,1.0,1.0,1,0.3307626837343691,48
5383,3,10412,10412,0,0,0,0,0.9860984750504249,0.9696694001100178,0.9860984750504249,0.9696694001100178,1.0,1,0.3123690607601098,48
5384,3,10415,10415,0,0,0,0,1.0,1.0,1.0,1.0,1.0,1,0.2664374657033357,48
5385,2,10417,10417,0,0,0,0,1.0,1.0,1.0,1.0,1.0,1,0.28014820262533463,47
5386,3,10420,10420,0,0,0,0,1.0,1.0,1.0,1.0,1.0,1,0.2547901656939723,48
5387,0,10420,10420,0,0,0,0,1.0,1.0,1.0,1.0,1.0,1,0.2578396781032008,48
5388,7,10427,10427,0,0,0,0,1.0,1.0,1.0,1.0,1.0,1,0.26236868765116267,48
5389,1,10428,10428,0,0,0,0,0.9753279113615041,0.9439270712761456,0.9753279113615041,0.9439270712761456,1.0,1,0.2521052234518768,50
5390,5,10433,10433,0,0,0,0,0.9659670341389852,0.923055903270749,0.9659670341389852,0.923055903270749,1.0,1,0.22401733223500128,52
5391,0,10433,10433,0,0,0,0,0.9659670341389852,0.923055903270749,0.9659670341389852,0.923055903270749,1.0,1,0.22401733223500128,52
5392,2,10435,10435,0,0,0,0,0.9670589535437206,0.9269568100317281,0.9670589535437206,0.9269568100317281,1.0,1,0.258491437036967,51
5393,3,10438,10438,0,0,0,0,0.9084152762581899,0.8238755312657499,0.9084152762581899,0.8238755312657499,1.0,1,0.3202684803348197,50
5394,3,10441,10441,0,0,0,0,0.9505857628093214,0.8970536725194196,0.9505857628093214,0.8970536725194196,1.0,1,0.2954049589652723,50
5395,4,10445,10445,0,0,0,0,0.9292369718836382,0.8613044648919309,0.9292369718836382,0.8613044648919309,1.0,1,0.31150750633044727,49
5396,7,10452,10452,0,0,0,0,0.8975494958255993,0.8108606076780293,0.8975494958255993,0.8108606076780293,1.0,1,0.3589819184474658,48
5397,2,10454,10454,0,0,0,0,0.9199293748959213,0.8462643998001689,0.9199293748959213,0.8462643998001689,1.0,1,0.3316037254116371,48
5398,5,10459,10459,0,0,0,0,0.9678921971911825,0.9357843943823648,0.9678921971911825,0.9357843943823648,1.0,1,0.2920213524153884,46
5399,2,10461,10461,0,0,0,0,0.9847374608186364,0.9680874180753308,0.9847374608186364,0.9680874180753308,1.0,1,0.2661116086890945,46
5400,2,10463,10463,0,0,0,0,0.9853733999511934,0.9680874180753308,0.9853733999511934,0.9680874180753308,1.0,1,0.22217610282259523,48
5401,3,10466,10466,0,0,0,0,1.0,1.0,1.0,1.0,1.0,1,0.22918605865013694,49
5402,0,10466,10466,0,0,0,0,1.0,1.0,1.0,1.0,1.0,1,0.0,0
