,SuccessfulHandoverCount,TotalSuccessfulHandoverCount,TotalSuccessfulHandoverCountRange,TotalSuccessfulHandoverCountLoadBalancing,TotalSuccessfulHandoverCountOverload,FailedHandoverCount,TotalFailedHandoverCount,AvgQoS,MinQoS,AvgQoS_LoadBased,MinQoS_LoadBased,AvgQoS_RangeBased,MinQoS_RangeBased,GiniLoad,VehicleCount
0,0,0,0,0,0,0,0,1.0,1,1.0,1,1.0,1,0.0,0
1,11,11,0,11,0,0,0,1.0,1,1.0,1,1.0,1,0.2655473127736556,26
2,1,12,0,12,0,0,0,1.0,1,1.0,1,1.0,1,0.22229450199773687,27
3,0,12,0,12,0,0,0,1.0,1,1.0,1,1.0,1,0.2250088749522895,28
4,1,13,0,13,0,0,0,1.0,1,1.0,1,1.0,1,0.21242159030213364,29
5,0,13,0,13,0,0,0,1.0,1,1.0,1,1.0,1,0.21242159030213364,29
6,0,13,0,13,0,0,0,1.0,1,1.0,1,1.0,1,0.2365083338329673,32
7,0,13,0,13,0,0,0,1.0,1,1.0,1,1.0,1,0.2473777305104641,33
8,0,13,0,13,0,0,0,1.0,1,1.0,1,1.0,1,0.24998341476697727,35
9,6,19,3,16,0,0,0,1.0,1,1.0,1,1.0,1,0.2565998345456145,35
10,1,20,4,16,0,0,0,1.0,1,1.0,1,1.0,1,0.25840132201319505,35
11,0,20,4,16,0,0,0,1.0,1,1.0,1,1.0,1,0.23242327040243602,35
12,0,20,4,16,0,0,0,1.0,1,1.0,1,1.0,1,0.21964700542776178,34
13,1,21,5,16,0,0,0,1.0,1,1.0,1,1.0,1,0.2772636962753133,32
14,3,24,8,16,0,0,0,1.0,1,1.0,1,1.0,1,0.3078423821320381,31
15,1,25,8,17,0,0,0,1.0,1,1.0,1,1.0,1,0.26904422351458357,30
16,4,29,10,19,0,0,0,1.0,1,1.0,1,1.0,1,0.2918120879689902,30
17,2,31,10,21,0,0,0,1.0,1,1.0,1,1.0,1,0.28418093678692086,29
18,0,31,10,21,0,0,0,1.0,1,1.0,1,1.0,1,0.28418093678692086,29
19,1,32,11,21,0,0,0,1.0,1,1.0,1,1.0,1,0.27744372568126413,28
20,1,33,11,22,0,0,0,1.0,1,1.0,1,1.0,1,0.28430623333315624,28
21,2,35,12,23,0,0,0,1.0,1,1.0,1,1.0,1,0.24507993892099333,28
22,2,37,14,23,0,0,0,1.0,1,1.0,1,1.0,1,0.30424055693799673,28
23,3,40,17,23,0,0,0,1.0,1,1.0,1,1.0,1,0.3486931752220172,27
24,5,45,22,23,0,0,0,1.0,1,1.0,1,1.0,1,0.3285982389543831,28
25,4,49,24,25,0,0,0,1.0,1,1.0,1,1.0,1,0.21224291061638398,28
26,4,53,27,26,0,0,0,1.0,1,1.0,1,1.0,1,0.22774059331328134,30
27,1,54,28,26,0,0,0,1.0,1,1.0,1,1.0,1,0.24297886722043158,30
28,2,56,29,27,0,0,0,1.0,1,1.0,1,1.0,1,0.20022593315824713,31
29,0,56,29,27,0,0,0,1.0,1,1.0,1,1.0,1,0.1911849526826115,30
30,0,56,29,27,0,0,0,1.0,1,1.0,1,1.0,1,0.1911849526826115,30
31,1,57,29,28,0,0,0,1.0,1,1.0,1,1.0,1,0.16796368466970163,31
32,0,57,29,28,0,0,0,1.0,1,1.0,1,1.0,1,0.18344197367402534,31
33,2,59,31,28,0,0,0,1.0,1,1.0,1,1.0,1,0.27247515028211045,31
34,1,60,32,28,0,0,0,1.0,1,1.0,1,1.0,1,0.2369273685847648,29
35,0,60,32,28,0,0,0,1.0,1,1.0,1,1.0,1,0.23770715469740905,30
36,0,60,32,28,0,0,0,1.0,1,1.0,1,1.0,1,0.2552994413334229,30
37,1,61,32,29,0,0,0,1.0,1,1.0,1,1.0,1,0.23233341952929168,31
38,1,62,32,30,0,0,0,1.0,1,1.0,1,1.0,1,0.18507982226071085,32
39,1,63,32,31,0,0,0,1.0,1,1.0,1,1.0,1,0.1949022689712669,36
40,0,63,32,31,0,0,0,1.0,1,1.0,1,1.0,1,0.1976763223891704,37
41,0,63,32,31,0,0,0,1.0,1,1.0,1,1.0,1,0.1976763223891704,37
42,0,63,32,31,0,0,0,1.0,1,1.0,1,1.0,1,0.21366754807507307,38
43,4,67,35,32,0,0,0,1.0,1,1.0,1,1.0,1,0.28551633685946326,40
44,4,71,35,36,0,0,0,1.0,1,1.0,1,1.0,1,0.24491326511201428,39
45,2,73,35,38,0,0,0,1.0,1,1.0,1,1.0,1,0.1924825115254389,40
46,0,73,35,38,0,0,0,1.0,1,1.0,1,1.0,1,0.1868090055214825,39
47,0,73,35,38,0,0,0,1.0,1,1.0,1,1.0,1,0.1868090055214825,39
48,1,74,36,38,0,0,0,1.0,1,1.0,1,1.0,1,0.1994525557403233,39
49,1,75,37,38,0,0,0,1.0,1,1.0,1,1.0,1,0.18611266742762253,37
50,2,77,39,38,0,0,0,1.0,1,1.0,1,1.0,1,0.20229532759895938,35
51,0,77,39,38,0,0,0,1.0,1,1.0,1,1.0,1,0.18915585649641734,34
52,0,77,39,38,0,0,0,1.0,1,1.0,1,1.0,1,0.23385400605567566,34
53,0,77,39,38,0,0,0,1.0,1,1.0,1,1.0,1,0.23134664905585814,35
54,0,77,39,38,0,0,0,1.0,1,1.0,1,1.0,1,0.23594919208753332,36
55,3,80,40,40,0,0,0,1.0,1,1.0,1,1.0,1,0.21164564637028085,36
56,3,83,43,40,0,0,0,1.0,1,1.0,1,1.0,1,0.25634165220605387,36
57,2,85,43,42,0,0,0,1.0,1,1.0,1,1.0,1,0.24365493313797343,37
58,2,87,45,42,0,0,0,1.0,1,1.0,1,1.0,1,0.28387422160112386,38
59,1,88,46,42,0,0,0,1.0,1,1.0,1,1.0,1,0.29994463610227984,37
60,2,90,47,43,0,0,0,1.0,1,1.0,1,1.0,1,0.2596860787218372,38
61,0,90,47,43,0,0,0,1.0,1,1.0,1,1.0,1,0.26243561883303296,37
62,2,92,47,45,0,0,0,1.0,1,1.0,1,1.0,1,0.251234143495222,39
63,2,94,48,46,0,0,0,1.0,1,1.0,1,1.0,1,0.24177904045081164,39
64,0,94,48,46,0,0,0,1.0,1,1.0,1,1.0,1,0.22595594016300544,38
65,2,96,50,46,0,0,0,1.0,1,1.0,1,1.0,1,0.2911123715101245,39
66,4,100,52,48,0,0,0,1.0,1,1.0,1,1.0,1,0.2979992014815696,39
67,1,101,52,49,0,0,0,1.0,1,1.0,1,1.0,1,0.2790686241297433,36
68,1,102,53,49,0,0,0,1.0,1,1.0,1,1.0,1,0.30981144907577546,36
69,1,103,53,50,0,0,0,1.0,1,1.0,1,1.0,1,0.29711218982868937,37
70,2,105,53,52,0,0,0,1.0,1,1.0,1,1.0,1,0.2527026092994374,36
71,0,105,53,52,0,0,0,1.0,1,1.0,1,1.0,1,0.2549569064188855,38
72,1,106,54,52,0,0,0,1.0,1,1.0,1,1.0,1,0.2876167287475378,38
73,1,107,54,53,0,0,0,1.0,1,1.0,1,1.0,1,0.29454712581388276,37
74,1,108,54,54,0,0,0,1.0,1,1.0,1,1.0,1,0.28209318476190715,38
75,1,109,55,54,0,0,0,1.0,1,1.0,1,1.0,1,0.2828420842742415,38
76,1,110,56,54,0,0,0,1.0,1,1.0,1,1.0,1,0.29788108185347606,39
77,2,112,56,56,0,0,0,1.0,1,1.0,1,1.0,1,0.25037483238323505,40
78,1,113,56,57,0,0,0,1.0,1,1.0,1,1.0,1,0.2177385717971195,41
79,0,113,56,57,0,0,0,1.0,1,1.0,1,1.0,1,0.2177385717971195,41
80,0,113,56,57,0,0,0,1.0,1,1.0,1,1.0,1,0.2177385717971195,41
81,1,114,56,58,0,0,0,1.0,1,1.0,1,1.0,1,0.21763906775692002,41
82,2,116,56,60,0,0,0,1.0,1,1.0,1,1.0,1,0.21035630830125335,44
83,0,116,56,60,0,0,0,1.0,1,1.0,1,1.0,1,0.21035630830125335,44
84,0,116,56,60,0,0,0,1.0,1,1.0,1,1.0,1,0.20689903407820112,45
85,1,117,57,60,0,0,0,1.0,1,1.0,1,1.0,1,0.2217463246424535,45
86,0,117,57,60,0,0,0,1.0,1,1.0,1,1.0,1,0.2217463246424535,45
87,0,117,57,60,0,0,0,1.0,1,1.0,1,1.0,1,0.24108596891207978,44
88,1,118,58,60,0,0,0,1.0,1,1.0,1,1.0,1,0.247698362420536,44
89,1,119,58,61,0,0,0,1.0,1,1.0,1,1.0,1,0.245931266549269,43
90,0,119,58,61,0,0,0,1.0,1,1.0,1,1.0,1,0.26648860718644085,44
91,2,121,60,61,0,0,0,1.0,1,1.0,1,1.0,1,0.3360944680706624,44
92,0,121,60,61,0,0,0,1.0,1,1.0,1,1.0,1,0.32476673022690916,43
93,3,124,60,64,0,0,0,1.0,1,1.0,1,1.0,1,0.29971733182937565,44
94,4,128,62,66,0,0,0,1.0,1,1.0,1,1.0,1,0.29736343494777095,44
95,1,129,62,67,0,0,0,1.0,1,1.0,1,1.0,1,0.270618099520326,43
96,0,129,62,67,0,0,0,1.0,1,1.0,1,1.0,1,0.2784312309667084,44
97,1,130,62,68,0,0,0,1.0,1,1.0,1,1.0,1,0.26639504998044417,44
98,2,132,62,70,0,0,0,1.0,1,1.0,1,1.0,1,0.25051253756347297,43
99,0,132,62,70,0,0,0,1.0,1,1.0,1,1.0,1,0.25051253756347297,43
100,3,135,62,73,0,0,0,1.0,1,1.0,1,1.0,1,0.23932811155606057,47
101,1,136,62,74,0,0,0,1.0,1,1.0,1,1.0,1,0.21801494335869942,47
102,1,137,63,74,0,0,0,1.0,1,1.0,1,1.0,1,0.23478118259254888,47
103,4,141,65,76,0,0,0,1.0,1,1.0,1,1.0,1,0.2133364568010971,46
104,3,144,68,76,0,0,0,1.0,1,1.0,1,1.0,1,0.2439042701646236,45
105,1,145,69,76,0,0,0,1.0,1,1.0,1,1.0,1,0.26022640268060016,44
106,3,148,72,76,0,0,0,1.0,1,1.0,1,1.0,1,0.27889198884423205,45
107,1,149,73,76,0,0,0,1.0,1,1.0,1,1.0,1,0.28933922470175727,44
108,2,151,73,78,0,0,0,1.0,1,1.0,1,1.0,1,0.24107840544512743,46
109,3,154,74,80,0,0,0,1.0,1,1.0,1,1.0,1,0.1941597557507592,46
110,4,158,76,82,0,0,0,1.0,1,1.0,1,1.0,1,0.17398988863620132,46
111,2,160,77,83,0,0,0,1.0,1,1.0,1,1.0,1,0.17616244863383274,46
112,2,162,79,83,0,0,0,1.0,1,1.0,1,1.0,1,0.19673279414305658,46
113,0,162,79,83,0,0,0,1.0,1,1.0,1,1.0,1,0.18967797498869746,46
114,3,165,82,83,0,0,0,1.0,1,1.0,1,1.0,1,0.15220289526616548,46
115,1,166,83,83,0,0,0,1.0,1,1.0,1,1.0,1,0.18797322937727817,47
116,2,168,84,84,0,0,0,1.0,1,1.0,1,1.0,1,0.20909416604718992,47
117,0,168,84,84,0,0,0,1.0,1,1.0,1,1.0,1,0.19139903298151253,45
118,1,169,85,84,0,0,0,1.0,1,1.0,1,1.0,1,0.21965357908754915,46
119,0,169,85,84,0,0,0,1.0,1,1.0,1,1.0,1,0.21931195855927405,46
120,1,170,86,84,0,0,0,1.0,1,1.0,1,1.0,1,0.20719427527605144,47
121,1,171,87,84,0,0,0,1.0,1,1.0,1,1.0,1,0.2068583925676013,46
122,0,171,87,84,0,0,0,1.0,1,1.0,1,1.0,1,0.2068583925676013,46
123,0,171,87,84,0,0,0,1.0,1,1.0,1,1.0,1,0.22608457339079904,45
124,0,171,87,84,0,0,0,1.0,1,1.0,1,1.0,1,0.22535236032669978,46
125,1,172,88,84,0,0,0,1.0,1,1.0,1,1.0,1,0.250830269832871,44
126,3,175,88,87,0,0,0,1.0,1,1.0,1,1.0,1,0.2017848984560458,45
127,5,180,88,92,0,0,0,1.0,1,1.0,1,1.0,1,0.15409160958989598,45
128,0,180,88,92,0,0,0,1.0,1,1.0,1,1.0,1,0.16170744191512382,46
129,3,183,89,94,0,0,0,1.0,1,1.0,1,1.0,1,0.16117980661825823,48
130,1,184,90,94,0,0,0,1.0,1,1.0,1,1.0,1,0.19346313480323094,48
131,3,187,91,96,0,0,0,1.0,1,1.0,1,1.0,1,0.18020294042194718,49
132,3,190,92,98,0,0,0,1.0,1,1.0,1,1.0,1,0.17660798719589896,51
133,3,193,95,98,0,0,0,1.0,1,1.0,1,1.0,1,0.1708127629150075,49
134,3,196,97,99,0,0,0,1.0,1,1.0,1,1.0,1,0.1648494560089429,49
135,1,197,97,100,0,0,0,1.0,1,1.0,1,1.0,1,0.18069662209745777,49
136,5,202,101,101,0,0,0,1.0,1,1.0,1,1.0,1,0.180099941372587,48
137,0,202,101,101,0,0,0,1.0,1,1.0,1,1.0,1,0.20020163247790884,47
138,3,205,103,102,0,0,0,1.0,1,1.0,1,1.0,1,0.20994161777904297,48
139,2,207,104,103,0,0,0,1.0,1,1.0,1,1.0,1,0.19101988279847198,48
140,4,211,107,104,0,0,0,1.0,1,1.0,1,1.0,1,0.21083286674696436,49
141,5,216,109,107,0,0,0,1.0,1,1.0,1,1.0,1,0.18664094705168408,49
142,1,217,110,107,0,0,0,1.0,1,1.0,1,1.0,1,0.19562162644203188,49
143,2,219,111,108,0,0,0,1.0,1,1.0,1,1.0,1,0.1891024038963389,47
144,2,221,113,108,0,0,0,1.0,1,1.0,1,1.0,1,0.21087203504521707,46
145,2,223,113,110,0,0,0,1.0,1,1.0,1,1.0,1,0.15930085216421805,44
146,1,224,114,110,0,0,0,1.0,1,1.0,1,1.0,1,0.18853771114261697,44
147,1,225,115,110,0,0,0,1.0,1,1.0,1,1.0,1,0.22913858239130266,43
148,1,226,116,110,0,0,0,1.0,1,1.0,1,1.0,1,0.2613336994002017,43
149,2,228,117,111,0,0,0,1.0,1,1.0,1,1.0,1,0.20014045206681885,43
150,1,229,118,111,0,0,0,1.0,1,1.0,1,1.0,1,0.14489970651888473,42
151,1,230,119,111,0,0,0,1.0,1,1.0,1,1.0,1,0.17134536391357288,42
152,0,230,119,111,0,0,0,1.0,1,1.0,1,1.0,1,0.17134536391357288,42
153,0,230,119,111,0,0,0,1.0,1,1.0,1,1.0,1,0.19540507383494646,42
154,4,234,121,113,0,0,0,1.0,1,1.0,1,1.0,1,0.24510449406267912,43
155,2,236,121,115,0,0,0,1.0,1,1.0,1,1.0,1,0.2107940727231908,43
156,1,237,122,115,0,0,0,1.0,1,1.0,1,1.0,1,0.2387844583811976,42
157,1,238,122,116,0,0,0,1.0,1,1.0,1,1.0,1,0.24195980280859053,41
158,3,241,122,119,0,0,0,1.0,1,1.0,1,1.0,1,0.16829283674086992,42
159,1,242,122,120,0,0,0,1.0,1,1.0,1,1.0,1,0.1568100989335619,43
160,2,244,124,120,0,0,0,1.0,1,1.0,1,1.0,1,0.227388938980363,44
161,4,248,125,123,0,0,0,1.0,1,1.0,1,1.0,1,0.21156490713013318,44
162,3,251,127,124,0,0,0,1.0,1,1.0,1,1.0,1,0.23625496967292828,45
163,5,256,130,126,0,0,0,1.0,1,1.0,1,1.0,1,0.2472322989227205,43
164,0,256,130,126,0,0,0,1.0,1,1.0,1,1.0,1,0.235070181679966,42
165,5,261,132,129,0,0,0,1.0,1,1.0,1,1.0,1,0.19113876134690344,42
166,0,261,132,129,0,0,0,1.0,1,1.0,1,1.0,1,0.1966307559912438,42
167,5,266,135,131,0,0,0,1.0,1,1.0,1,1.0,1,0.21106629792060635,41
168,1,267,135,132,0,0,0,1.0,1,1.0,1,1.0,1,0.17926894886624428,40
169,1,268,136,132,0,0,0,1.0,1,1.0,1,1.0,1,0.16246910839631137,40
170,0,268,136,132,0,0,0,1.0,1,1.0,1,1.0,1,0.1587710362685081,38
171,2,270,138,132,0,0,0,1.0,1,1.0,1,1.0,1,0.20854993746456205,37
172,2,272,140,132,0,0,0,1.0,1,1.0,1,1.0,1,0.2848150928234594,35
173,3,275,141,134,0,0,0,1.0,1,1.0,1,1.0,1,0.3381727620460796,36
174,3,278,143,135,0,0,0,1.0,1,1.0,1,1.0,1,0.2698134910054279,34
175,0,278,143,135,0,0,0,1.0,1,1.0,1,1.0,1,0.26211352439979574,33
176,1,279,143,136,0,0,0,1.0,1,1.0,1,1.0,1,0.23126515371791342,34
177,1,280,144,136,0,0,0,1.0,1,1.0,1,1.0,1,0.24749255737137713,36
178,1,281,144,137,0,0,0,1.0,1,1.0,1,1.0,1,0.23992360435857915,37
179,0,281,144,137,0,0,0,1.0,1,1.0,1,1.0,1,0.23992360435857915,37
180,1,282,145,137,0,0,0,1.0,1,1.0,1,1.0,1,0.26991038806778106,36
181,0,282,145,137,0,0,0,1.0,1,1.0,1,1.0,1,0.26991038806778106,36
182,3,285,146,139,0,0,0,1.0,1,1.0,1,1.0,1,0.2507356662191652,38
183,1,286,146,140,0,0,0,1.0,1,1.0,1,1.0,1,0.22418223870972315,37
184,1,287,147,140,0,0,0,1.0,1,1.0,1,1.0,1,0.25132063057363785,36
185,0,287,147,140,0,0,0,1.0,1,1.0,1,1.0,1,0.2515949628275653,35
186,2,289,148,141,0,0,0,1.0,1,1.0,1,1.0,1,0.26076808146899494,34
187,2,291,150,141,0,0,0,1.0,1,1.0,1,1.0,1,0.2874466447715833,33
188,2,293,151,142,0,0,0,1.0,1,1.0,1,1.0,1,0.2673462265490554,33
189,4,297,155,142,0,0,0,1.0,1,1.0,1,1.0,1,0.34713162572444856,33
190,4,301,155,146,0,0,0,1.0,1,1.0,1,1.0,1,0.23679341389321987,32
191,1,302,155,147,0,0,0,1.0,1,1.0,1,1.0,1,0.22878003726367427,34
192,0,302,155,147,0,0,0,1.0,1,1.0,1,1.0,1,0.22878003726367427,34
193,0,302,155,147,0,0,0,1.0,1,1.0,1,1.0,1,0.2276470130291473,35
194,3,305,157,148,0,0,0,1.0,1,1.0,1,1.0,1,0.24953246984249383,37
195,2,307,157,150,0,0,0,1.0,1,1.0,1,1.0,1,0.184705888959664,36
196,1,308,157,151,0,0,0,1.0,1,1.0,1,1.0,1,0.18067676240624658,36
197,2,310,158,152,0,0,0,1.0,1,1.0,1,1.0,1,0.192017896385652,37
198,0,310,158,152,0,0,0,1.0,1,1.0,1,1.0,1,0.192017896385652,37
199,1,311,159,152,0,0,0,1.0,1,1.0,1,1.0,1,0.20268313153955997,37
200,3,314,160,154,0,0,0,1.0,1,1.0,1,1.0,1,0.1501922414575243,37
201,0,314,160,154,0,0,0,1.0,1,1.0,1,1.0,1,0.12667729481206164,36
202,2,316,162,154,0,0,0,1.0,1,1.0,1,1.0,1,0.11792578098697112,36
203,2,318,164,154,0,0,0,1.0,1,1.0,1,1.0,1,0.12945365133849035,35
204,1,319,164,155,0,0,0,1.0,1,1.0,1,1.0,1,0.15888256878808782,35
205,2,321,166,155,0,0,0,1.0,1,1.0,1,1.0,1,0.18802356966352327,35
206,2,323,168,155,0,0,0,1.0,1,1.0,1,1.0,1,0.28171393410344786,34
207,1,324,168,156,0,0,0,1.0,1,1.0,1,1.0,1,0.2610929680178398,34
208,2,326,169,157,0,0,0,1.0,1,1.0,1,1.0,1,0.26010822801861533,33
209,2,328,170,158,0,0,0,1.0,1,1.0,1,1.0,1,0.27833803168781335,33
210,2,330,172,158,0,0,0,1.0,1,1.0,1,1.0,1,0.3215141140311081,34
211,1,331,173,158,0,0,0,1.0,1,1.0,1,1.0,1,0.3780616499043132,33
212,1,332,173,159,0,0,0,1.0,1,1.0,1,1.0,1,0.32506367447283746,33
213,3,335,173,162,0,0,0,1.0,1,1.0,1,1.0,1,0.26028631596064955,35
214,3,338,174,164,0,0,0,1.0,1,1.0,1,1.0,1,0.17019918430223518,34
215,1,339,175,164,0,0,0,1.0,1,1.0,1,1.0,1,0.19251867890275867,35
216,2,341,177,164,0,0,0,1.0,1,1.0,1,1.0,1,0.25721265870432763,36
217,3,344,178,166,0,0,0,1.0,1,1.0,1,1.0,1,0.24401147637103957,36
218,6,350,181,169,0,0,0,1.0,1,1.0,1,1.0,1,0.27066278194749904,36
219,3,353,181,172,0,0,0,1.0,1,1.0,1,1.0,1,0.20732841330127585,37
220,0,353,181,172,0,0,0,1.0,1,1.0,1,1.0,1,0.23025251758309515,38
221,1,354,182,172,0,0,0,1.0,1,1.0,1,1.0,1,0.2148125452338886,37
222,1,355,183,172,0,0,0,1.0,1,1.0,1,1.0,1,0.22191170167080027,38
223,2,357,185,172,0,0,0,1.0,1,1.0,1,1.0,1,0.28821080547144157,38
224,4,361,186,175,0,0,0,1.0,1,1.0,1,1.0,1,0.21034886050977594,38
225,0,361,186,175,0,0,0,1.0,1,1.0,1,1.0,1,0.21637162621019673,36
226,2,363,187,176,0,0,0,1.0,1,1.0,1,1.0,1,0.20980251864549646,37
227,2,365,189,176,0,0,0,1.0,1,1.0,1,1.0,1,0.20013757787859904,35
228,3,368,190,178,0,0,0,1.0,1,1.0,1,1.0,1,0.140937347413096,35
229,1,369,191,178,0,0,0,1.0,1,1.0,1,1.0,1,0.1613906767974008,35
230,3,372,194,178,0,0,0,1.0,1,1.0,1,1.0,1,0.20896885417024555,35
231,2,374,196,178,0,0,0,1.0,1,1.0,1,1.0,1,0.1855577193256697,35
232,5,379,198,181,0,0,0,1.0,1,1.0,1,1.0,1,0.15677793228476963,36
233,0,379,198,181,0,0,0,1.0,1,1.0,1,1.0,1,0.15677793228476963,36
234,2,381,199,182,0,0,0,1.0,1,1.0,1,1.0,1,0.16912765445652175,34
235,2,383,201,182,0,0,0,1.0,1,1.0,1,1.0,1,0.2442998577125212,33
236,0,383,201,182,0,0,0,1.0,1,1.0,1,1.0,1,0.2180357091698034,31
237,0,383,201,182,0,0,0,1.0,1,1.0,1,1.0,1,0.2428654004606493,32
238,1,384,202,182,0,0,0,1.0,1,1.0,1,1.0,1,0.27223521717138516,31
239,4,388,205,183,0,0,0,1.0,1,1.0,1,1.0,1,0.2521815373580515,30
240,0,388,205,183,0,0,0,1.0,1,1.0,1,1.0,1,0.24766206206080985,27
241,3,391,208,183,0,0,0,1.0,1,1.0,1,1.0,1,0.28503495821955444,27
242,0,391,208,183,0,0,0,1.0,1,1.0,1,1.0,1,0.31633360771708857,28
243,1,392,209,183,0,0,0,1.0,1,1.0,1,1.0,1,0.33011349174903637,28
244,1,393,210,183,0,0,0,1.0,1,1.0,1,1.0,1,0.29033367200059595,27
245,0,393,210,183,0,0,0,1.0,1,1.0,1,1.0,1,0.29033367200059595,27
246,3,396,212,184,0,0,0,1.0,1,1.0,1,1.0,1,0.35039974255403405,25
247,1,397,212,185,0,0,0,1.0,1,1.0,1,1.0,1,0.2474534898235897,24
248,1,398,212,186,0,0,0,1.0,1,1.0,1,1.0,1,0.2093811183184612,24
249,1,399,212,187,0,0,0,1.0,1,1.0,1,1.0,1,0.18870014871898005,25
250,1,400,212,188,0,0,0,1.0,1,1.0,1,1.0,1,0.17151055968938145,27
251,0,400,212,188,0,0,0,1.0,1,1.0,1,1.0,1,0.17151055968938145,27
252,0,400,212,188,0,0,0,1.0,1,1.0,1,1.0,1,0.17151055968938145,27
253,0,400,212,188,0,0,0,1.0,1,1.0,1,1.0,1,0.21576797936117853,29
254,2,402,214,188,0,0,0,1.0,1,1.0,1,1.0,1,0.2373895571269615,30
255,2,404,215,189,0,0,0,1.0,1,1.0,1,1.0,1,0.23376551259086395,31
256,2,406,217,189,0,0,0,1.0,1,1.0,1,1.0,1,0.26203274569009943,31
257,2,408,218,190,0,0,0,1.0,1,1.0,1,1.0,1,0.25693036509318345,33
258,2,410,219,191,0,0,0,1.0,1,1.0,1,1.0,1,0.22366232521723392,33
259,0,410,219,191,0,0,0,1.0,1,1.0,1,1.0,1,0.22366232521723392,33
260,4,414,221,193,0,0,0,1.0,1,1.0,1,1.0,1,0.2738243914470963,35
261,0,414,221,193,0,0,0,1.0,1,1.0,1,1.0,1,0.28358920948113153,35
262,1,415,222,193,0,0,0,1.0,1,1.0,1,1.0,1,0.3314492158431624,35
263,0,415,222,193,0,0,0,1.0,1,1.0,1,1.0,1,0.3272422422356445,34
264,1,416,223,193,0,0,0,1.0,1,1.0,1,1.0,1,0.37369801250577517,32
265,2,418,225,193,0,0,0,1.0,1,1.0,1,1.0,1,0.3406514195564635,30
266,5,423,227,196,0,0,0,1.0,1,1.0,1,1.0,1,0.31659459558600067,31
267,1,424,228,196,0,0,0,1.0,1,1.0,1,1.0,1,0.350987429886311,30
268,0,424,228,196,0,0,0,1.0,1,1.0,1,1.0,1,0.37357511299818463,31
269,0,424,228,196,0,0,0,1.0,1,1.0,1,1.0,1,0.37357511299818463,31
270,3,427,230,197,0,0,0,1.0,1,1.0,1,1.0,1,0.4051264277698429,32
271,1,428,230,198,0,0,0,1.0,1,1.0,1,1.0,1,0.41354308158451564,31
272,3,431,231,200,0,0,0,1.0,1,1.0,1,1.0,1,0.45044011701160885,32
273,1,432,231,201,0,0,0,1.0,1,1.0,1,1.0,1,0.4245942195243347,32
274,1,433,232,201,0,0,0,1.0,1,1.0,1,1.0,1,0.43059071396277115,32
275,2,435,232,203,0,0,0,1.0,1,1.0,1,1.0,1,0.3652687624114917,33
276,3,438,233,205,0,0,0,1.0,1,1.0,1,1.0,1,0.35798789200989467,34
277,2,440,234,206,0,0,0,1.0,1,1.0,1,1.0,1,0.35271276093844833,32
278,0,440,234,206,0,0,0,1.0,1,1.0,1,1.0,1,0.33425509002839665,31
279,0,440,234,206,0,0,0,1.0,1,1.0,1,1.0,1,0.3188482605724695,31
280,3,443,235,208,0,0,0,1.0,1,1.0,1,1.0,1,0.32627274585496613,30
281,2,445,235,210,0,0,0,1.0,1,1.0,1,1.0,1,0.2424800042672094,31
282,1,446,235,211,0,0,0,1.0,1,1.0,1,1.0,1,0.18541306969504207,30
283,0,446,235,211,0,0,0,1.0,1,1.0,1,1.0,1,0.19013806387420482,31
284,1,447,236,211,0,0,0,1.0,1,1.0,1,1.0,1,0.2037727535983491,31
285,2,449,237,212,0,0,0,1.0,1,1.0,1,1.0,1,0.210402282317442,31
286,0,449,237,212,0,0,0,1.0,1,1.0,1,1.0,1,0.210402282317442,31
287,5,454,239,215,0,0,0,1.0,1,1.0,1,1.0,1,0.2439783834527629,33
288,0,454,239,215,0,0,0,1.0,1,1.0,1,1.0,1,0.21453002440365374,32
289,1,455,240,215,0,0,0,1.0,1,1.0,1,1.0,1,0.3149127043347627,32
290,0,455,240,215,0,0,0,1.0,1,1.0,1,1.0,1,0.30115027520860627,31
291,0,455,240,215,0,0,0,1.0,1,1.0,1,1.0,1,0.28802090147453113,30
292,0,455,240,215,0,0,0,1.0,1,1.0,1,1.0,1,0.27107130205229657,32
293,0,455,240,215,0,0,0,1.0,1,1.0,1,1.0,1,0.27107130205229657,32
294,0,455,240,215,0,0,0,1.0,1,1.0,1,1.0,1,0.27107130205229657,32
295,1,456,241,215,0,0,0,1.0,1,1.0,1,1.0,1,0.27750297625371984,34
296,1,457,242,215,0,0,0,1.0,1,1.0,1,1.0,1,0.262393250228235,34
297,3,460,243,217,0,0,0,1.0,1,1.0,1,1.0,1,0.2518419281388423,34
298,0,460,243,217,0,0,0,1.0,1,1.0,1,1.0,1,0.26081519449998203,35
299,1,461,243,218,0,0,0,1.0,1,1.0,1,1.0,1,0.2586967321060288,35
300,1,462,244,218,0,0,0,1.0,1,1.0,1,1.0,1,0.2633372441374869,35
301,2,464,245,219,0,0,0,1.0,1,1.0,1,1.0,1,0.2824170291578112,38
302,2,466,247,219,0,0,0,1.0,1,1.0,1,1.0,1,0.31702368127770275,38
303,4,470,250,220,0,0,0,1.0,1,1.0,1,1.0,1,0.3176880504609238,37
304,2,472,251,221,0,0,0,1.0,1,1.0,1,1.0,1,0.34671295590692275,37
305,3,475,252,223,0,0,0,1.0,1,1.0,1,1.0,1,0.3681840164677481,36
306,3,478,252,226,0,0,0,1.0,1,1.0,1,1.0,1,0.325661269135448,36
307,0,478,252,226,0,0,0,1.0,1,1.0,1,1.0,1,0.32262136761916077,35
308,1,479,252,227,0,0,0,1.0,1,1.0,1,1.0,1,0.28981625204009304,37
309,1,480,252,228,0,0,0,1.0,1,1.0,1,1.0,1,0.2590721161666406,37
310,1,481,252,229,0,0,0,1.0,1,1.0,1,1.0,1,0.237142821933553,37
311,0,481,252,229,0,0,0,1.0,1,1.0,1,1.0,1,0.23022041104331484,39
312,1,482,253,229,0,0,0,1.0,1,1.0,1,1.0,1,0.25369368053052554,40
313,0,482,253,229,0,0,0,1.0,1,1.0,1,1.0,1,0.24199811758393033,39
314,2,484,253,231,0,0,0,1.0,1,1.0,1,1.0,1,0.20905883081999124,40
315,0,484,253,231,0,0,0,1.0,1,1.0,1,1.0,1,0.22356644106270665,39
316,0,484,253,231,0,0,0,1.0,1,1.0,1,1.0,1,0.22356644106270665,39
317,1,485,253,232,0,0,0,1.0,1,1.0,1,1.0,1,0.24686747489368685,40
318,2,487,253,234,0,0,0,1.0,1,1.0,1,1.0,1,0.21835023979388765,41
319,1,488,253,235,0,0,0,1.0,1,1.0,1,1.0,1,0.2474346893288561,41
320,1,489,253,236,0,0,0,1.0,1,1.0,1,1.0,1,0.25099066793081537,41
321,0,489,253,236,0,0,0,1.0,1,1.0,1,1.0,1,0.25099066793081537,41
322,3,492,255,237,0,0,0,1.0,1,1.0,1,1.0,1,0.21345478413771465,41
323,1,493,255,238,0,0,0,1.0,1,1.0,1,1.0,1,0.19761558937012294,41
324,4,497,257,240,0,0,0,1.0,1,1.0,1,1.0,1,0.20164287769179715,42
325,2,499,258,241,0,0,0,1.0,1,1.0,1,1.0,1,0.20536479843528055,42
326,2,501,259,242,0,0,0,1.0,1,1.0,1,1.0,1,0.23574130391485795,42
327,2,503,259,244,0,0,0,1.0,1,1.0,1,1.0,1,0.18728893356207393,42
328,1,504,259,245,0,0,0,1.0,1,1.0,1,1.0,1,0.1690865236500888,43
329,0,504,259,245,0,0,0,1.0,1,1.0,1,1.0,1,0.1690865236500888,43
330,0,504,259,245,0,0,0,1.0,1,1.0,1,1.0,1,0.1644807266954998,45
331,2,506,259,247,0,0,0,1.0,1,1.0,1,1.0,1,0.12473168916872111,45
332,0,506,259,247,0,0,0,1.0,1,1.0,1,1.0,1,0.12090144186340986,45
333,0,506,259,247,0,0,0,1.0,1,1.0,1,1.0,1,0.13266135052878947,46
334,0,506,259,247,0,0,0,1.0,1,1.0,1,1.0,1,0.11344661334319285,48
335,0,506,259,247,0,0,0,1.0,1,1.0,1,1.0,1,0.11344661334319285,48
336,1,507,260,247,0,0,0,1.0,1,1.0,1,1.0,1,0.13137893208299206,48
337,1,508,260,248,0,0,0,1.0,1,1.0,1,1.0,1,0.1351956442923052,49
338,1,509,261,248,0,0,0,1.0,1,1.0,1,1.0,1,0.14556365506045152,50
339,0,509,261,248,0,0,0,1.0,1,1.0,1,1.0,1,0.14556365506045152,50
340,0,509,261,248,0,0,0,1.0,1,1.0,1,1.0,1,0.14556365506045152,50
341,1,510,261,249,0,0,0,1.0,1,1.0,1,1.0,1,0.14194248957100342,51
342,1,511,262,249,0,0,0,1.0,1,1.0,1,1.0,1,0.17567615188704264,51
343,0,511,262,249,0,0,0,1.0,1,1.0,1,1.0,1,0.17593544899348587,51
344,0,511,262,249,0,0,0,1.0,1,1.0,1,1.0,1,0.1672622924433551,50
345,4,515,263,252,0,0,0,1.0,1,1.0,1,1.0,1,0.10274990152735493,51
346,1,516,264,252,0,0,0,1.0,1,1.0,1,1.0,1,0.14442820051601474,51
347,4,520,267,253,0,0,0,1.0,1,1.0,1,1.0,1,0.15153060811525135,51
348,5,525,269,256,0,0,0,1.0,1,1.0,1,1.0,1,0.19832174225380036,53
349,3,528,269,259,0,0,0,1.0,1,1.0,1,1.0,1,0.13768680840578487,55
350,1,529,270,259,0,0,0,1.0,1,1.0,1,1.0,1,0.15402114396455702,54
351,2,531,271,260,0,0,0,1.0,1,1.0,1,1.0,1,0.1732627462190161,54
352,2,533,272,261,0,0,0,1.0,1,1.0,1,1.0,1,0.1810244603829607,53
353,1,534,273,261,0,0,0,1.0,1,1.0,1,1.0,1,0.19371121348518752,53
354,0,534,273,261,0,0,0,1.0,1,1.0,1,1.0,1,0.1876259924300374,50
355,1,535,273,262,0,0,0,1.0,1,1.0,1,1.0,1,0.19870088119678894,51
356,3,538,275,263,0,0,0,1.0,1,1.0,1,1.0,1,0.22745744609335433,51
357,0,538,275,263,0,0,0,1.0,1,1.0,1,1.0,1,0.25520500473261243,50
358,1,539,276,263,0,0,0,1.0,1,1.0,1,1.0,1,0.3013560380678329,48
359,3,542,278,264,0,0,0,1.0,1,1.0,1,1.0,1,0.32810862770207044,47
360,1,543,278,265,0,0,0,1.0,1,1.0,1,1.0,1,0.2887642150749603,45
361,1,544,279,265,0,0,0,1.0,1,1.0,1,1.0,1,0.30904161676774294,44
362,2,546,279,267,0,0,0,1.0,1,1.0,1,1.0,1,0.2754734246456958,44
363,3,549,281,268,0,0,0,1.0,1,1.0,1,1.0,1,0.26543884638397425,44
364,1,550,281,269,0,0,0,1.0,1,1.0,1,1.0,1,0.2554277753437615,43
365,2,552,282,270,0,0,0,1.0,1,1.0,1,1.0,1,0.25200828580007784,43
366,2,554,283,271,0,0,0,1.0,1,1.0,1,1.0,1,0.27079278537105633,45
367,1,555,283,272,0,0,0,1.0,1,1.0,1,1.0,1,0.2772337436998962,44
368,1,556,284,272,0,0,0,1.0,1,1.0,1,1.0,1,0.24542018731089787,46
369,1,557,285,272,0,0,0,1.0,1,1.0,1,1.0,1,0.2835689844253892,45
370,2,559,286,273,0,0,0,1.0,1,1.0,1,1.0,1,0.26647596541202123,46
371,1,560,286,274,0,0,0,1.0,1,1.0,1,1.0,1,0.29611603706291206,47
372,0,560,286,274,0,0,0,1.0,1,1.0,1,1.0,1,0.29921222456155444,48
373,3,563,287,276,0,0,0,1.0,1,1.0,1,1.0,1,0.2682532876335698,48
374,1,564,287,277,0,0,0,1.0,1,1.0,1,1.0,1,0.254499023072273,49
375,1,565,287,278,0,0,0,1.0,1,1.0,1,1.0,1,0.24951897276075993,49
376,2,567,289,278,0,0,0,1.0,1,1.0,1,1.0,1,0.24388943703609045,49
377,4,571,291,280,0,0,0,1.0,1,1.0,1,1.0,1,0.20255163326418418,49
378,2,573,293,280,0,0,0,1.0,1,1.0,1,1.0,1,0.189558260736989,49
379,1,574,293,281,0,0,0,1.0,1,1.0,1,1.0,1,0.18073937983450658,50
380,1,575,294,281,0,0,0,1.0,1,1.0,1,1.0,1,0.20944123782872562,50
381,4,579,295,284,0,0,0,1.0,1,1.0,1,1.0,1,0.17845187791307748,51
382,2,581,296,285,0,0,0,1.0,1,1.0,1,1.0,1,0.16801407677455557,50
383,0,581,296,285,0,0,0,1.0,1,1.0,1,1.0,1,0.1815166225455164,51
384,4,585,298,287,0,0,0,1.0,1,1.0,1,1.0,1,0.17434437704578845,50
385,3,588,299,289,0,0,0,1.0,1,1.0,1,1.0,1,0.1716551677354675,50
386,0,588,299,289,0,0,0,1.0,1,1.0,1,1.0,1,0.16309432338510005,48
387,0,588,299,289,0,0,0,1.0,1,1.0,1,1.0,1,0.17321924838336167,47
388,2,590,301,289,0,0,0,1.0,1,1.0,1,1.0,1,0.19690356592999056,48
389,1,591,302,289,0,0,0,1.0,1,1.0,1,1.0,1,0.20687605408852802,47
390,2,593,303,290,0,0,0,1.0,1,1.0,1,1.0,1,0.2226767564567302,49
391,3,596,305,291,0,0,0,1.0,1,1.0,1,1.0,1,0.20167331669869126,46
392,3,599,306,293,0,0,0,1.0,1,1.0,1,1.0,1,0.22070957018659937,46
393,2,601,307,294,0,0,0,1.0,1,1.0,1,1.0,1,0.24463046843693037,44
394,3,604,308,296,0,0,0,1.0,1,1.0,1,1.0,1,0.2545905311309597,43
395,0,604,308,296,0,0,0,1.0,1,1.0,1,1.0,1,0.2687431350934298,42
396,2,606,310,296,0,0,0,1.0,1,1.0,1,1.0,1,0.3401736425778205,39
397,4,610,311,299,0,0,0,1.0,1,1.0,1,1.0,1,0.3231526416810989,39
398,2,612,311,301,0,0,0,1.0,1,1.0,1,1.0,1,0.35183955593826327,36
399,0,612,311,301,0,0,0,1.0,1,1.0,1,1.0,1,0.35183955593826327,36
400,3,615,313,302,0,0,0,1.0,1,1.0,1,1.0,1,0.3294883052720536,34
401,2,617,314,303,0,0,0,1.0,1,1.0,1,1.0,1,0.30688771890626093,33
402,1,618,314,304,0,0,0,1.0,1,1.0,1,1.0,1,0.2717589567110252,34
403,0,618,314,304,0,0,0,1.0,1,1.0,1,1.0,1,0.2719047999888644,36
404,1,619,315,304,0,0,0,1.0,1,1.0,1,1.0,1,0.27610918810713586,36
405,1,620,315,305,0,0,0,1.0,1,1.0,1,1.0,1,0.2316963706577286,37
406,0,620,315,305,0,0,0,1.0,1,1.0,1,1.0,1,0.2316963706577286,37
407,0,620,315,305,0,0,0,1.0,1,1.0,1,1.0,1,0.22166736557643782,39
408,2,622,317,305,0,0,0,1.0,1,1.0,1,1.0,1,0.21877671214526997,40
409,0,622,317,305,0,0,0,1.0,1,1.0,1,1.0,1,0.23324340829095805,41
410,4,626,320,306,0,0,0,1.0,1,1.0,1,1.0,1,0.28419579511521487,42
411,2,628,320,308,0,0,0,1.0,1,1.0,1,1.0,1,0.2508507559743976,43
412,0,628,320,308,0,0,0,1.0,1,1.0,1,1.0,1,0.25117031389032146,44
413,1,629,321,308,0,0,0,1.0,1,1.0,1,1.0,1,0.2539669062606958,44
414,0,629,321,308,0,0,0,1.0,1,1.0,1,1.0,1,0.2531885555458302,45
415,0,629,321,308,0,0,0,1.0,1,1.0,1,1.0,1,0.2531885555458302,45
416,1,630,321,309,0,0,0,1.0,1,1.0,1,1.0,1,0.23373704951367466,46
417,2,632,323,309,0,0,0,1.0,1,1.0,1,1.0,1,0.23799871656974314,46
418,1,633,323,310,0,0,0,1.0,1,1.0,1,1.0,1,0.21590453851117164,47
419,0,633,323,310,0,0,0,1.0,1,1.0,1,1.0,1,0.21590453851117164,47
420,0,633,323,310,0,0,0,1.0,1,1.0,1,1.0,1,0.21590453851117164,47
421,3,636,325,311,0,0,0,1.0,1,1.0,1,1.0,1,0.25131385226434916,47
422,2,638,326,312,0,0,0,1.0,1,1.0,1,1.0,1,0.26051510899912,49
423,4,642,328,314,0,0,0,1.0,1,1.0,1,1.0,1,0.24517548776037468,47
424,4,646,330,316,0,0,0,1.0,1,1.0,1,1.0,1,0.24691976982948752,45
425,2,648,330,318,0,0,0,1.0,1,1.0,1,1.0,1,0.23710383329192303,46
426,1,649,331,318,0,0,0,1.0,1,1.0,1,1.0,1,0.2823392956128409,46
427,2,651,332,319,0,0,0,1.0,1,1.0,1,1.0,1,0.2720479428972172,45
428,5,656,333,323,0,0,0,1.0,1,1.0,1,1.0,1,0.2319586493333426,45
429,3,659,335,324,0,0,0,1.0,1,1.0,1,1.0,1,0.2248425241587968,42
430,2,661,337,324,0,0,0,1.0,1,1.0,1,1.0,1,0.24729863214018108,40
431,6,667,340,327,0,0,0,1.0,1,1.0,1,1.0,1,0.16206662873230224,39
432,1,668,341,327,0,0,0,1.0,1,1.0,1,1.0,1,0.18022790628447463,37
433,2,670,343,327,0,0,0,1.0,1,1.0,1,1.0,1,0.18806506408976964,35
434,1,671,343,328,0,0,0,1.0,1,1.0,1,1.0,1,0.1848049102796666,33
435,0,671,343,328,0,0,0,1.0,1,1.0,1,1.0,1,0.1848049102796666,33
436,0,671,343,328,0,0,0,1.0,1,1.0,1,1.0,1,0.1848049102796666,33
437,1,672,344,328,0,0,0,1.0,1,1.0,1,1.0,1,0.14238569954349506,33
438,0,672,344,328,0,0,0,1.0,1,1.0,1,1.0,1,0.17479029467738305,32
439,1,673,345,328,0,0,0,1.0,1,1.0,1,1.0,1,0.12330520101896615,34
440,1,674,346,328,0,0,0,1.0,1,1.0,1,1.0,1,0.1318298364198213,34
441,1,675,347,328,0,0,0,1.0,1,1.0,1,1.0,1,0.1895280949987472,35
442,3,678,349,329,0,0,0,1.0,1,1.0,1,1.0,1,0.2226676992809575,37
443,6,684,353,331,0,0,0,1.0,1,1.0,1,1.0,1,0.16807357153796088,37
444,0,684,353,331,0,0,0,1.0,1,1.0,1,1.0,1,0.17347638650300184,38
445,1,685,354,331,0,0,0,1.0,1,1.0,1,1.0,1,0.19532701010013642,39
446,1,686,355,331,0,0,0,1.0,1,1.0,1,1.0,1,0.22743628767588653,39
447,2,688,355,333,0,0,0,1.0,1,1.0,1,1.0,1,0.21244709047022958,41
448,1,689,355,334,0,0,0,1.0,1,1.0,1,1.0,1,0.20300956548469792,41
449,0,689,355,334,0,0,0,1.0,1,1.0,1,1.0,1,0.2281739503862549,40
450,1,690,356,334,0,0,0,1.0,1,1.0,1,1.0,1,0.23783782938005396,40
451,0,690,356,334,0,0,0,1.0,1,1.0,1,1.0,1,0.26059571196474296,41
452,0,690,356,334,0,0,0,1.0,1,1.0,1,1.0,1,0.26059571196474296,41
453,1,691,357,334,0,0,0,1.0,1,1.0,1,1.0,1,0.2596519874369382,40
454,2,693,357,336,0,0,0,1.0,1,1.0,1,1.0,1,0.23015950400847549,41
455,3,696,359,337,0,0,0,1.0,1,1.0,1,1.0,1,0.22976163658196982,41
456,3,699,359,340,0,0,0,1.0,1,1.0,1,1.0,1,0.20682443143788035,43
457,3,702,360,342,0,0,0,1.0,1,1.0,1,1.0,1,0.20246376920080497,43
458,2,704,361,343,0,0,0,1.0,1,1.0,1,1.0,1,0.17443367642377805,43
459,1,705,361,344,0,0,0,1.0,1,1.0,1,1.0,1,0.13385947534179507,44
460,0,705,361,344,0,0,0,1.0,1,1.0,1,1.0,1,0.1712558475381971,47
461,0,705,361,344,0,0,0,1.0,1,1.0,1,1.0,1,0.18043821555864137,48
462,1,706,362,344,0,0,0,1.0,1,1.0,1,1.0,1,0.20385436547025573,49
463,2,708,363,345,0,0,0,1.0,1,1.0,1,1.0,1,0.15161572671670623,47
464,2,710,364,346,0,0,0,1.0,1,1.0,1,1.0,1,0.17179699221268976,48
465,3,713,366,347,0,0,0,1.0,1,1.0,1,1.0,1,0.12012092469335034,47
466,1,714,367,347,0,0,0,1.0,1,1.0,1,1.0,1,0.12258237286367825,46
467,4,718,371,347,0,0,0,1.0,1,1.0,1,1.0,1,0.14565810064551385,44
468,5,723,376,347,0,0,0,1.0,1,1.0,1,1.0,1,0.11719472245036602,41
469,1,724,377,347,0,0,0,1.0,1,1.0,1,1.0,1,0.0984388540966141,40
470,2,726,379,347,0,0,0,1.0,1,1.0,1,1.0,1,0.13844854703957493,39
471,4,730,382,348,0,0,0,1.0,1,1.0,1,1.0,1,0.19238050792323216,38
472,5,735,386,349,0,0,0,1.0,1,1.0,1,1.0,1,0.24511855525866286,36
473,5,740,388,352,0,0,0,1.0,1,1.0,1,1.0,1,0.20218051679938198,36
474,1,741,389,352,0,0,0,1.0,1,1.0,1,1.0,1,0.2232427605378227,34
475,3,744,391,353,0,0,0,1.0,1,1.0,1,1.0,1,0.26116067509974566,34
476,1,745,391,354,0,0,0,1.0,1,1.0,1,1.0,1,0.2642048898080311,32
477,0,745,391,354,0,0,0,1.0,1,1.0,1,1.0,1,0.26568626648851085,32
478,0,745,391,354,0,0,0,1.0,1,1.0,1,1.0,1,0.2740821121262569,30
479,1,746,392,354,0,0,0,1.0,1,1.0,1,1.0,1,0.29605649650108956,31
480,1,747,392,355,0,0,0,1.0,1,1.0,1,1.0,1,0.3349391705549428,27
481,2,749,393,356,0,0,0,1.0,1,1.0,1,1.0,1,0.3074120027818885,28
482,0,749,393,356,0,0,0,1.0,1,1.0,1,1.0,1,0.30010445126174295,28
483,1,750,393,357,0,0,0,1.0,1,1.0,1,1.0,1,0.2617170927985611,29
484,1,751,394,357,0,0,0,1.0,1,1.0,1,1.0,1,0.26559274886259915,29
485,0,751,394,357,0,0,0,1.0,1,1.0,1,1.0,1,0.26559274886259915,29
486,2,753,396,357,0,0,0,1.0,1,1.0,1,1.0,1,0.3290033978703383,31
487,4,757,396,361,0,0,0,1.0,1,1.0,1,1.0,1,0.2535697847704598,33
488,2,759,396,363,0,0,0,1.0,1,1.0,1,1.0,1,0.23316372324417853,34
489,4,763,398,365,0,0,0,1.0,1,1.0,1,1.0,1,0.27213281359698527,34
490,0,763,398,365,0,0,0,1.0,1,1.0,1,1.0,1,0.27213281359698527,34
491,1,764,399,365,0,0,0,1.0,1,1.0,1,1.0,1,0.29819041459153456,34
492,3,767,399,368,0,0,0,1.0,1,1.0,1,1.0,1,0.21696157441929398,34
493,1,768,400,368,0,0,0,1.0,1,1.0,1,1.0,1,0.24946057378152955,34
494,2,770,401,369,0,0,0,1.0,1,1.0,1,1.0,1,0.23097222545149532,36
495,0,770,401,369,0,0,0,1.0,1,1.0,1,1.0,1,0.23097222545149532,36
496,0,770,401,369,0,0,0,1.0,1,1.0,1,1.0,1,0.22548415174082617,37
497,1,771,402,369,0,0,0,1.0,1,1.0,1,1.0,1,0.24751104856487566,39
498,3,774,403,371,0,0,0,1.0,1,1.0,1,1.0,1,0.20632777043162945,40
499,0,774,403,371,0,0,0,1.0,1,1.0,1,1.0,1,0.20632777043162945,40
500,2,776,405,371,0,0,0,1.0,1,1.0,1,1.0,1,0.20005617913673385,42
501,1,777,405,372,0,0,0,1.0,1,1.0,1,1.0,1,0.1811930007869957,42
502,2,779,407,372,0,0,0,1.0,1,1.0,1,1.0,1,0.2770241601150154,42
503,1,780,408,372,0,0,0,1.0,1,1.0,1,1.0,1,0.2770803291924551,41
504,3,783,410,373,0,0,0,1.0,1,1.0,1,1.0,1,0.35318897128748306,42
505,4,787,412,375,0,0,0,1.0,1,1.0,1,1.0,1,0.2823861189901079,38
506,2,789,412,377,0,0,0,1.0,1,1.0,1,1.0,1,0.24363977991362762,37
507,0,789,412,377,0,0,0,1.0,1,1.0,1,1.0,1,0.24753769194904016,35
508,2,791,414,377,0,0,0,1.0,1,1.0,1,1.0,1,0.3521024934181189,35
509,1,792,414,378,0,0,0,1.0,1,1.0,1,1.0,1,0.31554539161279377,34
510,0,792,414,378,0,0,0,1.0,1,1.0,1,1.0,1,0.30555636647460005,34
511,0,792,414,378,0,0,0,1.0,1,1.0,1,1.0,1,0.31771079675389885,32
512,2,794,416,378,0,0,0,1.0,1,1.0,1,1.0,1,0.3329979371800046,30
513,3,797,416,381,0,0,0,1.0,1,1.0,1,1.0,1,0.29016297188343343,31
514,0,797,416,381,0,0,0,1.0,1,1.0,1,1.0,1,0.29016297188343343,31
515,3,800,418,382,0,0,0,1.0,1,1.0,1,1.0,1,0.3598021220579713,32
516,2,802,418,384,0,0,0,1.0,1,1.0,1,1.0,1,0.30066256460379603,31
517,1,803,419,384,0,0,0,1.0,1,1.0,1,1.0,1,0.2863032461132629,32
518,0,803,419,384,0,0,0,1.0,1,1.0,1,1.0,1,0.27209423895707174,31
519,2,805,421,384,0,0,0,1.0,1,1.0,1,1.0,1,0.29313882340283726,31
520,2,807,423,384,0,0,0,1.0,1,1.0,1,1.0,1,0.30571651428805896,33
521,2,809,424,385,0,0,0,1.0,1,1.0,1,1.0,1,0.2784823006219699,34
522,1,810,425,385,0,0,0,1.0,1,1.0,1,1.0,1,0.26042876024304146,34
523,0,810,425,385,0,0,0,1.0,1,1.0,1,1.0,1,0.27668478055276197,33
524,1,811,426,385,0,0,0,1.0,1,1.0,1,1.0,1,0.3134619738913528,34
525,2,813,426,387,0,0,0,1.0,1,1.0,1,1.0,1,0.29857232492389135,32
526,0,813,426,387,0,0,0,1.0,1,1.0,1,1.0,1,0.29857232492389135,32
527,0,813,426,387,0,0,0,1.0,1,1.0,1,1.0,1,0.33633431273040404,31
528,1,814,427,387,0,0,0,1.0,1,1.0,1,1.0,1,0.35584429620164404,31
529,1,815,427,388,0,0,0,1.0,1,1.0,1,1.0,1,0.319064990931845,30
530,2,817,428,389,0,0,0,1.0,1,1.0,1,1.0,1,0.34507256711017037,30
531,2,819,429,390,0,0,0,1.0,1,1.0,1,1.0,1,0.32141339921348294,32
532,1,820,430,390,0,0,0,1.0,1,1.0,1,1.0,1,0.3265401902117896,32
533,1,821,430,391,0,0,0,1.0,1,1.0,1,1.0,1,0.3207647483957303,34
534,2,823,431,392,0,0,0,1.0,1,1.0,1,1.0,1,0.3129449912466258,34
535,3,826,432,394,0,0,0,1.0,1,1.0,1,1.0,1,0.29901336213681434,37
536,1,827,432,395,0,0,0,1.0,1,1.0,1,1.0,1,0.29515757452914915,37
537,2,829,434,395,0,0,0,1.0,1,1.0,1,1.0,1,0.35365631139478737,37
538,4,833,435,398,0,0,0,1.0,1,1.0,1,1.0,1,0.30038496025198713,38
539,0,833,435,398,0,0,0,1.0,1,1.0,1,1.0,1,0.30038496025198713,38
540,0,833,435,398,0,0,0,1.0,1,1.0,1,1.0,1,0.30038496025198713,38
541,0,833,435,398,0,0,0,1.0,1,1.0,1,1.0,1,0.2901937988427418,39
542,3,836,437,399,0,0,0,1.0,1,1.0,1,1.0,1,0.2818143117298144,40
543,1,837,438,399,0,0,0,1.0,1,1.0,1,1.0,1,0.29844284503015517,37
544,4,841,440,401,0,0,0,1.0,1,1.0,1,1.0,1,0.3170505668456498,35
545,2,843,441,402,0,0,0,1.0,1,1.0,1,1.0,1,0.2471893149166132,35
546,3,846,443,403,0,0,0,1.0,1,1.0,1,1.0,1,0.24099621905493832,35
547,0,846,443,403,0,0,0,1.0,1,1.0,1,1.0,1,0.20159343393999757,34
548,2,848,445,403,0,0,0,1.0,1,1.0,1,1.0,1,0.2740100959361312,34
549,1,849,446,403,0,0,0,1.0,1,1.0,1,1.0,1,0.31388956178041727,31
550,0,849,446,403,0,0,0,1.0,1,1.0,1,1.0,1,0.29780077623786316,30
551,5,854,450,404,0,0,0,1.0,1,1.0,1,1.0,1,0.373003972135456,31
552,2,856,450,406,0,0,0,1.0,1,1.0,1,1.0,1,0.297769592237754,29
553,0,856,450,406,0,0,0,1.0,1,1.0,1,1.0,1,0.28418782289073563,30
554,0,856,450,406,0,0,0,1.0,1,1.0,1,1.0,1,0.28314487740125627,30
555,0,856,450,406,0,0,0,1.0,1,1.0,1,1.0,1,0.2580138215833987,30
556,0,856,450,406,0,0,0,1.0,1,1.0,1,1.0,1,0.2671489263851516,31
557,0,856,450,406,0,0,0,1.0,1,1.0,1,1.0,1,0.30523864396836353,31
558,0,856,450,406,0,0,0,1.0,1,1.0,1,1.0,1,0.30523864396836353,31
559,2,858,451,407,0,0,0,1.0,1,1.0,1,1.0,1,0.25474247181557336,31
560,1,859,451,408,0,0,0,1.0,1,1.0,1,1.0,1,0.22558763443625074,32
561,0,859,451,408,0,0,0,1.0,1,1.0,1,1.0,1,0.23430040307448718,33
562,1,860,452,408,0,0,0,1.0,1,1.0,1,1.0,1,0.23241324371894567,33
563,3,863,454,409,0,0,0,1.0,1,1.0,1,1.0,1,0.24986799250272915,33
564,0,863,454,409,0,0,0,1.0,1,1.0,1,1.0,1,0.2617963267757038,34
565,2,865,455,410,0,0,0,1.0,1,1.0,1,1.0,1,0.2091896669531763,35
566,1,866,455,411,0,0,0,1.0,1,1.0,1,1.0,1,0.18762827093469678,36
567,4,870,458,412,0,0,0,1.0,1,1.0,1,1.0,1,0.26986410449622433,37
568,4,874,460,414,0,0,0,1.0,1,1.0,1,1.0,1,0.21864190687590038,36
569,2,876,461,415,0,0,0,1.0,1,1.0,1,1.0,1,0.20180873329879254,37
570,0,876,461,415,0,0,0,1.0,1,1.0,1,1.0,1,0.21044687533248102,38
571,1,877,462,415,0,0,0,1.0,1,1.0,1,1.0,1,0.21281588867335263,38
572,0,877,462,415,0,0,0,1.0,1,1.0,1,1.0,1,0.22555595012073312,39
573,1,878,463,415,0,0,0,1.0,1,1.0,1,1.0,1,0.23699166861860932,39
574,0,878,463,415,0,0,0,1.0,1,1.0,1,1.0,1,0.24758261883031138,41
575,1,879,463,416,0,0,0,1.0,1,1.0,1,1.0,1,0.23387745630165707,41
576,0,879,463,416,0,0,0,1.0,1,1.0,1,1.0,1,0.241111483545249,42
577,0,879,463,416,0,0,0,1.0,1,1.0,1,1.0,1,0.241111483545249,42
578,2,881,464,417,0,0,0,1.0,1,1.0,1,1.0,1,0.24149034326165203,41
579,1,882,464,418,0,0,0,1.0,1,1.0,1,1.0,1,0.2203338506900619,42
580,5,887,467,420,0,0,0,1.0,1,1.0,1,1.0,1,0.27677923504350754,43
581,3,890,469,421,0,0,0,1.0,1,1.0,1,1.0,1,0.2621188919591418,42
582,4,894,470,424,0,0,0,1.0,1,1.0,1,1.0,1,0.19913767677722521,41
583,2,896,472,424,0,0,0,1.0,1,1.0,1,1.0,1,0.22522113082960846,40
584,1,897,472,425,0,0,0,1.0,1,1.0,1,1.0,1,0.20834719919152395,38
585,4,901,475,426,0,0,0,1.0,1,1.0,1,1.0,1,0.20108675273105797,38
586,2,903,477,426,0,0,0,1.0,1,1.0,1,1.0,1,0.17936822881668213,37
587,4,907,479,428,0,0,0,1.0,1,1.0,1,1.0,1,0.19789870770012774,35
588,1,908,480,428,0,0,0,1.0,1,1.0,1,1.0,1,0.20015664595010302,35
589,1,909,480,429,0,0,0,1.0,1,1.0,1,1.0,1,0.1960362413732867,34
590,2,911,481,430,0,0,0,1.0,1,1.0,1,1.0,1,0.19517325185742865,36
591,0,911,481,430,0,0,0,1.0,1,1.0,1,1.0,1,0.19936574094075946,35
592,2,913,482,431,0,0,0,1.0,1,1.0,1,1.0,1,0.18552789219170568,37
593,1,914,483,431,0,0,0,1.0,1,1.0,1,1.0,1,0.1916592147681729,36
594,1,915,484,431,0,0,0,1.0,1,1.0,1,1.0,1,0.2049131197412604,35
595,2,917,485,432,0,0,0,1.0,1,1.0,1,1.0,1,0.19753136334347404,34
596,0,917,485,432,0,0,0,1.0,1,1.0,1,1.0,1,0.20737363458473485,34
597,2,919,486,433,0,0,0,1.0,1,1.0,1,1.0,1,0.2032453312032347,33
598,0,919,486,433,0,0,0,1.0,1,1.0,1,1.0,1,0.21865549725472638,33
599,0,919,486,433,0,0,0,1.0,1,1.0,1,1.0,1,0.21865549725472638,33
600,2,921,488,433,0,0,0,1.0,1,1.0,1,1.0,1,0.27772037392595594,33
601,1,922,489,433,0,0,0,1.0,1,1.0,1,1.0,1,0.290430431703637,34
602,3,925,490,435,0,0,0,1.0,1,1.0,1,1.0,1,0.29034685869161597,35
603,1,926,491,435,0,0,0,1.0,1,1.0,1,1.0,1,0.31185313382689095,35
604,1,927,491,436,0,0,0,1.0,1,1.0,1,1.0,1,0.27030129480110715,35
605,0,927,491,436,0,0,0,1.0,1,1.0,1,1.0,1,0.2705029047491501,35
606,1,928,491,437,0,0,0,1.0,1,1.0,1,1.0,1,0.2705232584576202,35
607,1,929,492,437,0,0,0,1.0,1,1.0,1,1.0,1,0.3189976691337967,35
608,1,930,492,438,0,0,0,1.0,1,1.0,1,1.0,1,0.2993821472615834,36
609,1,931,492,439,0,0,0,1.0,1,1.0,1,1.0,1,0.30295326654760973,37
610,0,931,492,439,0,0,0,1.0,1,1.0,1,1.0,1,0.30295326654760973,37
611,5,936,494,442,0,0,0,1.0,1,1.0,1,1.0,1,0.2649145078659243,39
612,1,937,495,442,0,0,0,1.0,1,1.0,1,1.0,1,0.282595585189812,39
613,1,938,496,442,0,0,0,1.0,1,1.0,1,1.0,1,0.2995889222845247,39
614,4,942,497,445,0,0,0,1.0,1,1.0,1,1.0,1,0.26933438478745564,39
615,2,944,499,445,0,0,0,1.0,1,1.0,1,1.0,1,0.2771402705780045,39
616,2,946,500,446,0,0,0,1.0,1,1.0,1,1.0,1,0.28904209984604673,38
617,3,949,502,447,0,0,0,1.0,1,1.0,1,1.0,1,0.28758012700282093,39
618,4,953,503,450,0,0,0,1.0,1,1.0,1,1.0,1,0.27784039451722486,40
619,2,955,504,451,0,0,0,1.0,1,1.0,1,1.0,1,0.2471502090828125,39
620,3,958,506,452,0,0,0,1.0,1,1.0,1,1.0,1,0.19730487373171454,38
621,4,962,507,455,0,0,0,1.0,1,1.0,1,1.0,1,0.13518364932468382,38
622,1,963,508,455,0,0,0,1.0,1,1.0,1,1.0,1,0.16239101944047535,38
623,2,965,510,455,0,0,0,1.0,1,1.0,1,1.0,1,0.21025358036899747,37
624,3,968,512,456,0,0,0,1.0,1,1.0,1,1.0,1,0.12901679059664467,33
625,1,969,513,456,0,0,0,1.0,1,1.0,1,1.0,1,0.14694511822592476,32
626,1,970,514,456,0,0,0,1.0,1,1.0,1,1.0,1,0.1038176459911284,31
627,2,972,516,456,0,0,0,1.0,1,1.0,1,1.0,1,0.09416539706792702,30
628,4,976,520,456,0,0,0,1.0,1,1.0,1,1.0,1,0.2160587393952523,32
629,2,978,521,457,0,0,0,1.0,1,1.0,1,1.0,1,0.22614013534418914,29
630,1,979,522,457,0,0,0,1.0,1,1.0,1,1.0,1,0.3072541709484048,29
631,1,980,523,457,0,0,0,1.0,1,1.0,1,1.0,1,0.3678679956886019,25
632,0,980,523,457,0,0,0,1.0,1,1.0,1,1.0,1,0.3608812532379226,24
633,0,980,523,457,0,0,0,1.0,1,1.0,1,1.0,1,0.3418932259662347,23
634,0,980,523,457,0,0,0,1.0,1,1.0,1,1.0,1,0.3418932259662347,23
635,1,981,523,458,0,0,0,1.0,1,1.0,1,1.0,1,0.29915699942043233,22
636,0,981,523,458,0,0,0,1.0,1,1.0,1,1.0,1,0.3428964732500951,22
637,1,982,524,458,0,0,0,1.0,1,1.0,1,1.0,1,0.3749281585464398,23
638,5,987,525,462,0,0,0,1.0,1,1.0,1,1.0,1,0.2726440119706274,23
639,1,988,525,463,0,0,0,1.0,1,1.0,1,1.0,1,0.23626585356377994,24
640,1,989,526,463,0,0,0,1.0,1,1.0,1,1.0,1,0.2921538398189093,24
641,0,989,526,463,0,0,0,1.0,1,1.0,1,1.0,1,0.3148533820234121,25
642,0,989,526,463,0,0,0,1.0,1,1.0,1,1.0,1,0.2655133118584274,26
643,0,989,526,463,0,0,0,1.0,1,1.0,1,1.0,1,0.22719744016557744,28
644,1,990,527,463,0,0,0,1.0,1,1.0,1,1.0,1,0.19298692030463233,28
645,2,992,529,463,0,0,0,1.0,1,1.0,1,1.0,1,0.21497139884208913,28
646,0,992,529,463,0,0,0,1.0,1,1.0,1,1.0,1,0.23669917225926002,29
647,1,993,530,463,0,0,0,1.0,1,1.0,1,1.0,1,0.26783504758151816,30
648,0,993,530,463,0,0,0,1.0,1,1.0,1,1.0,1,0.26783504758151816,30
649,3,996,531,465,0,0,0,1.0,1,1.0,1,1.0,1,0.28760105996893914,31
650,2,998,532,466,0,0,0,1.0,1,1.0,1,1.0,1,0.22254540185997987,31
651,0,998,532,466,0,0,0,1.0,1,1.0,1,1.0,1,0.2447337277556189,32
652,0,998,532,466,0,0,0,1.0,1,1.0,1,1.0,1,0.2447337277556189,32
653,0,998,532,466,0,0,0,1.0,1,1.0,1,1.0,1,0.2508033566763854,33
654,0,998,532,466,0,0,0,1.0,1,1.0,1,1.0,1,0.2508033566763854,33
655,4,1002,534,468,0,0,0,1.0,1,1.0,1,1.0,1,0.2355390948672924,36
656,1,1003,535,468,0,0,0,1.0,1,1.0,1,1.0,1,0.2776517267337426,36
657,3,1006,537,469,0,0,0,1.0,1,1.0,1,1.0,1,0.2907256457728656,35
658,2,1008,539,469,0,0,0,1.0,1,1.0,1,1.0,1,0.29935771519196663,33
659,1,1009,540,469,0,0,0,1.0,1,1.0,1,1.0,1,0.3243072280440837,35
660,2,1011,541,470,0,0,0,1.0,1,1.0,1,1.0,1,0.3419229323461347,34
661,1,1012,541,471,0,0,0,1.0,1,1.0,1,1.0,1,0.3260998618025663,33
662,3,1015,544,471,0,0,0,1.0,1,1.0,1,1.0,1,0.3633958481905399,31
663,3,1018,545,473,0,0,0,1.0,1,1.0,1,1.0,1,0.3582318040241787,29
664,0,1018,545,473,0,0,0,1.0,1,1.0,1,1.0,1,0.3654028699483462,27
665,3,1021,546,475,0,0,0,1.0,1,1.0,1,1.0,1,0.2988317792158167,27
666,3,1024,548,476,0,0,0,1.0,1,1.0,1,1.0,1,0.3168679651179203,28
667,1,1025,549,476,0,0,0,1.0,1,1.0,1,1.0,1,0.34383551181294325,26
668,5,1030,551,479,0,0,0,1.0,1,1.0,1,1.0,1,0.2423133821189482,26
669,2,1032,553,479,0,0,0,1.0,1,1.0,1,1.0,1,0.24360807501275075,25
670,0,1032,553,479,0,0,0,1.0,1,1.0,1,1.0,1,0.23714260499209475,24
671,0,1032,553,479,0,0,0,1.0,1,1.0,1,1.0,1,0.23714260499209475,24
672,2,1034,554,480,0,0,0,1.0,1,1.0,1,1.0,1,0.22569019779350033,25
673,1,1035,555,480,0,0,0,1.0,1,1.0,1,1.0,1,0.18768034119202417,25
674,0,1035,555,480,0,0,0,1.0,1,1.0,1,1.0,1,0.18768034119202417,25
675,1,1036,556,480,0,0,0,1.0,1,1.0,1,1.0,1,0.28709780658671713,26
676,4,1040,560,480,0,0,0,1.0,1,1.0,1,1.0,1,0.21188898627997924,27
677,2,1042,560,482,0,0,0,1.0,1,1.0,1,1.0,1,0.1631699552722424,28
678,0,1042,560,482,0,0,0,1.0,1,1.0,1,1.0,1,0.1631699552722424,28
679,1,1043,561,482,0,0,0,1.0,1,1.0,1,1.0,1,0.22808919174965123,30
680,0,1043,561,482,0,0,0,1.0,1,1.0,1,1.0,1,0.2352370341071598,29
681,0,1043,561,482,0,0,0,1.0,1,1.0,1,1.0,1,0.2352370341071598,29
682,0,1043,561,482,0,0,0,1.0,1,1.0,1,1.0,1,0.24397563196982897,30
683,1,1044,562,482,0,0,0,1.0,1,1.0,1,1.0,1,0.2558319817360506,30
684,1,1045,562,483,0,0,0,1.0,1,1.0,1,1.0,1,0.25826155397012934,31
685,0,1045,562,483,0,0,0,1.0,1,1.0,1,1.0,1,0.2490673890627904,30
686,0,1045,562,483,0,0,0,1.0,1,1.0,1,1.0,1,0.2490673890627904,30
687,2,1047,564,483,0,0,0,1.0,1,1.0,1,1.0,1,0.3354610200855211,30
688,2,1049,564,485,0,0,0,1.0,1,1.0,1,1.0,1,0.26563117711306505,31
689,0,1049,564,485,0,0,0,1.0,1,1.0,1,1.0,1,0.2568109227137157,32
690,0,1049,564,485,0,0,0,1.0,1,1.0,1,1.0,1,0.2568109227137157,32
691,0,1049,564,485,0,0,0,1.0,1,1.0,1,1.0,1,0.2568109227137157,32
692,3,1052,567,485,0,0,0,1.0,1,1.0,1,1.0,1,0.31726416215780434,32
693,5,1057,568,489,0,0,0,1.0,1,1.0,1,1.0,1,0.24737484157116404,34
694,3,1060,570,490,0,0,0,1.0,1,1.0,1,1.0,1,0.296795562485807,36
695,1,1061,571,490,0,0,0,1.0,1,1.0,1,1.0,1,0.2674631425276514,34
696,1,1062,572,490,0,0,0,1.0,1,1.0,1,1.0,1,0.314473554642799,33
697,1,1063,572,491,0,0,0,1.0,1,1.0,1,1.0,1,0.2990384403895701,33
698,5,1068,574,494,0,0,0,1.0,1,1.0,1,1.0,1,0.23361621281483974,34
699,0,1068,574,494,0,0,0,1.0,1,1.0,1,1.0,1,0.2633031223858677,33
700,1,1069,574,495,0,0,0,1.0,1,1.0,1,1.0,1,0.19029236154063922,32
701,0,1069,574,495,0,0,0,1.0,1,1.0,1,1.0,1,0.19744603231724994,33
702,4,1073,577,496,0,0,0,1.0,1,1.0,1,1.0,1,0.27903825189766346,34
703,1,1074,578,496,0,0,0,1.0,1,1.0,1,1.0,1,0.23010232824987664,32
704,0,1074,578,496,0,0,0,1.0,1,1.0,1,1.0,1,0.20391444632811798,31
705,3,1077,581,496,0,0,0,1.0,1,1.0,1,1.0,1,0.251721927531645,33
706,1,1078,582,496,0,0,0,1.0,1,1.0,1,1.0,1,0.2931931208427082,33
707,2,1080,583,497,0,0,0,1.0,1,1.0,1,1.0,1,0.24058545028889983,31
708,2,1082,585,497,0,0,0,1.0,1,1.0,1,1.0,1,0.3403912893599501,31
709,1,1083,586,497,0,0,0,1.0,1,1.0,1,1.0,1,0.33283740791377964,30
710,0,1083,586,497,0,0,0,1.0,1,1.0,1,1.0,1,0.33283740791377964,30
711,0,1083,586,497,0,0,0,1.0,1,1.0,1,1.0,1,0.338714717228295,30
712,0,1083,586,497,0,0,0,1.0,1,1.0,1,1.0,1,0.35259186986349067,30
713,2,1085,586,499,0,0,0,1.0,1,1.0,1,1.0,1,0.32748879846760154,31
714,2,1087,587,500,0,0,0,1.0,1,1.0,1,1.0,1,0.35570228981708873,31
715,1,1088,587,501,0,0,0,1.0,1,1.0,1,1.0,1,0.3316968171214377,30
716,2,1090,588,502,0,0,0,1.0,1,1.0,1,1.0,1,0.36336209055811475,31
717,0,1090,588,502,0,0,0,1.0,1,1.0,1,1.0,1,0.36522867685743465,32
718,0,1090,588,502,0,0,0,1.0,1,1.0,1,1.0,1,0.36522867685743465,32
719,3,1093,590,503,0,0,0,1.0,1,1.0,1,1.0,1,0.32325786795288663,32
720,0,1093,590,503,0,0,0,1.0,1,1.0,1,1.0,1,0.3200919678390194,34
721,0,1093,590,503,0,0,0,1.0,1,1.0,1,1.0,1,0.3200919678390194,34
722,1,1094,590,504,0,0,0,1.0,1,1.0,1,1.0,1,0.29994943627857645,34
723,0,1094,590,504,0,0,0,1.0,1,1.0,1,1.0,1,0.30730417405070143,35
724,1,1095,590,505,0,0,0,1.0,1,1.0,1,1.0,1,0.27539241577620177,36
725,1,1096,590,506,0,0,0,1.0,1,1.0,1,1.0,1,0.2764313421386719,37
726,0,1096,590,506,0,0,0,1.0,1,1.0,1,1.0,1,0.2764313421386719,37
727,0,1096,590,506,0,0,0,1.0,1,1.0,1,1.0,1,0.29218811424103797,38
728,0,1096,590,506,0,0,0,1.0,1,1.0,1,1.0,1,0.2802826226394942,39
729,0,1096,590,506,0,0,0,1.0,1,1.0,1,1.0,1,0.2802826226394942,39
730,1,1097,591,506,0,0,0,1.0,1,1.0,1,1.0,1,0.289511043263878,40
731,1,1098,592,506,0,0,0,1.0,1,1.0,1,1.0,1,0.2508428301651879,40
732,2,1100,592,508,0,0,0,1.0,1,1.0,1,1.0,1,0.25330818572424696,41
733,3,1103,594,509,0,0,0,1.0,1,1.0,1,1.0,1,0.23558689006055789,41
734,2,1105,596,509,0,0,0,1.0,1,1.0,1,1.0,1,0.2577895393164303,42
735,0,1105,596,509,0,0,0,1.0,1,1.0,1,1.0,1,0.25703987824601277,42
736,1,1106,596,510,0,0,0,1.0,1,1.0,1,1.0,1,0.3017202387424552,41
737,3,1109,598,511,0,0,0,1.0,1,1.0,1,1.0,1,0.3524088588929299,41
738,0,1109,598,511,0,0,0,1.0,1,1.0,1,1.0,1,0.32717988009173377,39
739,0,1109,598,511,0,0,0,1.0,1,1.0,1,1.0,1,0.32717988009173377,39
740,0,1109,598,511,0,0,0,1.0,1,1.0,1,1.0,1,0.31226360230929273,39
741,1,1110,598,512,0,0,0,1.0,1,1.0,1,1.0,1,0.2662070208636331,38
742,1,1111,598,513,0,0,0,1.0,1,1.0,1,1.0,1,0.2731926229321642,39
743,5,1116,601,515,0,0,0,1.0,1,1.0,1,1.0,1,0.22242887177728443,39
744,6,1122,605,517,0,0,0,1.0,1,1.0,1,1.0,1,0.2204389272064372,39
745,2,1124,607,517,0,0,0,1.0,1,1.0,1,1.0,1,0.23244360599708325,39
746,4,1128,609,519,0,0,0,1.0,1,1.0,1,1.0,1,0.21882527604279142,40
747,3,1131,610,521,0,0,0,1.0,1,1.0,1,1.0,1,0.18668994654827437,41
748,3,1134,611,523,0,0,0,1.0,1,1.0,1,1.0,1,0.14584575006803277,41
749,0,1134,611,523,0,0,0,1.0,1,1.0,1,1.0,1,0.14584575006803277,41
750,0,1134,611,523,0,0,0,1.0,1,1.0,1,1.0,1,0.1541037375412378,39
751,1,1135,612,523,0,0,0,1.0,1,1.0,1,1.0,1,0.15473341857842557,41
752,3,1138,615,523,0,0,0,1.0,1,1.0,1,1.0,1,0.23047016096605685,41
753,3,1141,615,526,0,0,0,1.0,1,1.0,1,1.0,1,0.15391125199285904,41
754,3,1144,618,526,0,0,0,1.0,1,1.0,1,1.0,1,0.23516429434170372,41
755,2,1146,618,528,0,0,0,1.0,1,1.0,1,1.0,1,0.20163909999949162,41
756,0,1146,618,528,0,0,0,1.0,1,1.0,1,1.0,1,0.20163909999949162,41
757,1,1147,619,528,0,0,0,1.0,1,1.0,1,1.0,1,0.25896796943564576,39
758,0,1147,619,528,0,0,0,1.0,1,1.0,1,1.0,1,0.21794998757448006,39
759,0,1147,619,528,0,0,0,1.0,1,1.0,1,1.0,1,0.21957168149883383,39
760,0,1147,619,528,0,0,0,1.0,1,1.0,1,1.0,1,0.24043234579437725,40
761,0,1147,619,528,0,0,0,1.0,1,1.0,1,1.0,1,0.22397359399861647,41
762,2,1149,619,530,0,0,0,1.0,1,1.0,1,1.0,1,0.2076567158420696,42
763,1,1150,619,531,0,0,0,1.0,1,1.0,1,1.0,1,0.20069555386271049,43
764,0,1150,619,531,0,0,0,1.0,1,1.0,1,1.0,1,0.20069555386271049,43
765,0,1150,619,531,0,0,0,1.0,1,1.0,1,1.0,1,0.164004159935356,45
766,1,1151,620,531,0,0,0,1.0,1,1.0,1,1.0,1,0.17343557184211658,45
767,0,1151,620,531,0,0,0,1.0,1,1.0,1,1.0,1,0.18426797386153754,46
768,0,1151,620,531,0,0,0,1.0,1,1.0,1,1.0,1,0.17366008555002982,45
769,0,1151,620,531,0,0,0,1.0,1,1.0,1,1.0,1,0.18961213015439624,46
770,1,1152,620,532,0,0,0,1.0,1,1.0,1,1.0,1,0.16539392990091886,47
771,4,1156,624,532,0,0,0,1.0,1,1.0,1,1.0,1,0.22586566266929176,47
772,0,1156,624,532,0,0,0,1.0,1,1.0,1,1.0,1,0.21466411265553073,46
773,2,1158,626,532,0,0,0,1.0,1,1.0,1,1.0,1,0.2177600992789118,45
774,4,1162,626,536,0,0,0,1.0,1,1.0,1,1.0,1,0.1982284427714115,45
775,1,1163,627,536,0,0,0,1.0,1,1.0,1,1.0,1,0.21100867532822032,45
776,1,1164,627,537,0,0,0,1.0,1,1.0,1,1.0,1,0.16279437965552743,43
777,0,1164,627,537,0,0,0,1.0,1,1.0,1,1.0,1,0.17527408946595116,44
778,1,1165,628,537,0,0,0,1.0,1,1.0,1,1.0,1,0.2100801609539832,45
779,1,1166,628,538,0,0,0,1.0,1,1.0,1,1.0,1,0.1960123843742418,45
780,1,1167,629,538,0,0,0,1.0,1,1.0,1,1.0,1,0.22569784325747125,45
781,0,1167,629,538,0,0,0,1.0,1,1.0,1,1.0,1,0.21570059692864355,46
782,3,1170,630,540,0,0,0,1.0,1,1.0,1,1.0,1,0.27480555757109265,47
783,0,1170,630,540,0,0,0,1.0,1,1.0,1,1.0,1,0.23968430191490295,46
784,1,1171,631,540,0,0,0,1.0,1,1.0,1,1.0,1,0.23825653639301506,45
785,0,1171,631,540,0,0,0,1.0,1,1.0,1,1.0,1,0.2519921681365945,43
786,1,1172,632,540,0,0,0,1.0,1,1.0,1,1.0,1,0.24843335160152386,43
787,3,1175,634,541,0,0,0,1.0,1,1.0,1,1.0,1,0.2531892647541589,43
788,2,1177,635,542,0,0,0,1.0,1,1.0,1,1.0,1,0.2417578377050406,44
789,1,1178,635,543,0,0,0,1.0,1,1.0,1,1.0,1,0.20881918136333813,46
790,1,1179,636,543,0,0,0,1.0,1,1.0,1,1.0,1,0.22617493095986307,46
791,2,1181,637,544,0,0,0,1.0,1,1.0,1,1.0,1,0.22494599404945842,46
792,1,1182,638,544,0,0,0,1.0,1,1.0,1,1.0,1,0.2500422732859929,47
793,4,1186,638,548,0,0,0,1.0,1,1.0,1,1.0,1,0.20906997802720168,48
794,0,1186,638,548,0,0,0,1.0,1,1.0,1,1.0,1,0.22313536528898542,48
795,1,1187,639,548,0,0,0,1.0,1,1.0,1,1.0,1,0.23272710793336812,47
796,2,1189,641,548,0,0,0,1.0,1,1.0,1,1.0,1,0.2891766908489735,45
797,2,1191,641,550,0,0,0,1.0,1,1.0,1,1.0,1,0.2861015552546222,47
798,2,1193,643,550,0,0,0,1.0,1,1.0,1,1.0,1,0.30185805658143666,48
799,4,1197,644,553,0,0,0,1.0,1,1.0,1,1.0,1,0.26490058615737855,48
800,3,1200,646,554,0,0,0,1.0,1,1.0,1,1.0,1,0.27426721736557064,48
801,2,1202,648,554,0,0,0,1.0,1,1.0,1,1.0,1,0.2552006032935833,49
802,5,1207,650,557,0,0,0,1.0,1,1.0,1,1.0,1,0.2467543059754106,50
803,1,1208,650,558,0,0,0,1.0,1,1.0,1,1.0,1,0.23331466422455063,50
804,0,1208,650,558,0,0,0,1.0,1,1.0,1,1.0,1,0.23331466422455063,50
805,0,1208,650,558,0,0,0,1.0,1,1.0,1,1.0,1,0.23331466422455063,50
806,0,1208,650,558,0,0,0,1.0,1,1.0,1,1.0,1,0.22867263082290207,51
807,0,1208,650,558,0,0,0,1.0,1,1.0,1,1.0,1,0.22867263082290207,51
808,2,1210,650,560,0,0,0,1.0,1,1.0,1,1.0,1,0.20787637242826712,53
809,1,1211,650,561,0,0,0,1.0,1,1.0,1,1.0,1,0.1917142964951635,51
810,0,1211,650,561,0,0,0,1.0,1,1.0,1,1.0,1,0.2041897248996665,52
811,2,1213,651,562,0,0,0,1.0,1,1.0,1,1.0,1,0.19702245811004365,50
812,1,1214,652,562,0,0,0,1.0,1,1.0,1,1.0,1,0.2345227593619295,51
813,3,1217,654,563,0,0,0,1.0,1,1.0,1,1.0,1,0.2504361488481767,51
814,3,1220,655,565,0,0,0,1.0,1,1.0,1,1.0,1,0.256827117807299,52
815,2,1222,655,567,0,0,0,1.0,1,1.0,1,1.0,1,0.22132163546765574,50
816,0,1222,655,567,0,0,0,1.0,1,1.0,1,1.0,1,0.22132163546765574,50
817,0,1222,655,567,0,0,0,1.0,1,1.0,1,1.0,1,0.21625736863788272,49
818,1,1223,656,567,0,0,0,1.0,1,1.0,1,1.0,1,0.2411303643750291,49
819,3,1226,656,570,0,0,0,1.0,1,1.0,1,1.0,1,0.2326192785149616,50
820,1,1227,656,571,0,0,0,1.0,1,1.0,1,1.0,1,0.2287381227280678,49
821,1,1228,656,572,0,0,0,1.0,1,1.0,1,1.0,1,0.25891487303616023,49
822,1,1229,657,572,0,0,0,1.0,1,1.0,1,1.0,1,0.2707327749079838,49
823,3,1232,659,573,0,0,0,1.0,1,1.0,1,1.0,1,0.28658254312092535,47
824,5,1237,662,575,0,0,0,1.0,1,1.0,1,1.0,1,0.27787471555250326,45
825,3,1240,662,578,0,0,0,1.0,1,1.0,1,1.0,1,0.24488099857486337,43
826,2,1242,663,579,0,0,0,1.0,1,1.0,1,1.0,1,0.2290993718997051,44
827,1,1243,663,580,0,0,0,1.0,1,1.0,1,1.0,1,0.24535984900445795,43
828,3,1246,664,582,0,0,0,1.0,1,1.0,1,1.0,1,0.23508592908433767,43
829,6,1252,667,585,0,0,0,1.0,1,1.0,1,1.0,1,0.22380351172095708,45
830,1,1253,667,586,0,0,0,1.0,1,1.0,1,1.0,1,0.22222417944979223,46
831,3,1256,669,587,0,0,0,1.0,1,1.0,1,1.0,1,0.21692877005309635,48
832,1,1257,670,587,0,0,0,1.0,1,1.0,1,1.0,1,0.21967885230250425,47
833,2,1259,671,588,0,0,0,1.0,1,1.0,1,1.0,1,0.21371500411379468,47
834,1,1260,671,589,0,0,0,1.0,1,1.0,1,1.0,1,0.2189286605173503,46
835,0,1260,671,589,0,0,0,1.0,1,1.0,1,1.0,1,0.21484704875514885,45
836,0,1260,671,589,0,0,0,1.0,1,1.0,1,1.0,1,0.22632131515150783,46
837,1,1261,671,590,0,0,0,1.0,1,1.0,1,1.0,1,0.19619252752737112,46
838,0,1261,671,590,0,0,0,1.0,1,1.0,1,1.0,1,0.19562614667367947,45
839,3,1264,672,592,0,0,0,1.0,1,1.0,1,1.0,1,0.18934332185471037,46
840,1,1265,672,593,0,0,0,1.0,1,1.0,1,1.0,1,0.18212866434355254,46
841,0,1265,672,593,0,0,0,1.0,1,1.0,1,1.0,1,0.18212866434355254,46
842,2,1267,673,594,0,0,0,1.0,1,1.0,1,1.0,1,0.2087651274266757,46
843,0,1267,673,594,0,0,0,1.0,1,1.0,1,1.0,1,0.2087651274266757,46
844,2,1269,675,594,0,0,0,1.0,1,1.0,1,1.0,1,0.21822781135538633,47
845,1,1270,675,595,0,0,0,1.0,1,1.0,1,1.0,1,0.22373028580093535,48
846,1,1271,676,595,0,0,0,1.0,1,1.0,1,1.0,1,0.23427607664748334,47
847,4,1275,676,599,0,0,0,1.0,1,1.0,1,1.0,1,0.1770217102014271,48
848,0,1275,676,599,0,0,0,1.0,1,1.0,1,1.0,1,0.16461647668591609,48
849,1,1276,677,599,0,0,0,1.0,1,1.0,1,1.0,1,0.20348262374378254,48
850,0,1276,677,599,0,0,0,1.0,1,1.0,1,1.0,1,0.23690428312403736,46
851,1,1277,677,600,0,0,0,1.0,1,1.0,1,1.0,1,0.2591555641783823,45
852,2,1279,679,600,0,0,0,1.0,1,1.0,1,1.0,1,0.2859818288609498,44
853,4,1283,680,603,0,0,0,1.0,1,1.0,1,1.0,1,0.21431226597738562,44
854,3,1286,682,604,0,0,0,1.0,1,1.0,1,1.0,1,0.23967831496789543,45
855,1,1287,682,605,0,0,0,1.0,1,1.0,1,1.0,1,0.2231877139605327,46
856,2,1289,683,606,0,0,0,1.0,1,1.0,1,1.0,1,0.21831276550353623,46
857,0,1289,683,606,0,0,0,1.0,1,1.0,1,1.0,1,0.21254646391828688,47
858,4,1293,685,608,0,0,0,1.0,1,1.0,1,1.0,1,0.2010107019165206,48
859,0,1293,685,608,0,0,0,1.0,1,1.0,1,1.0,1,0.2010107019165206,48
860,0,1293,685,608,0,0,0,1.0,1,1.0,1,1.0,1,0.20942063240723588,49
861,1,1294,686,608,0,0,0,1.0,1,1.0,1,1.0,1,0.2332051226082593,49
862,2,1296,687,609,0,0,0,1.0,1,1.0,1,1.0,1,0.23216269319720786,49
863,2,1298,689,609,0,0,0,1.0,1,1.0,1,1.0,1,0.2901893821073256,48
864,6,1304,691,613,0,0,0,1.0,1,1.0,1,1.0,1,0.26109598122882677,49
865,7,1311,692,619,0,0,0,1.0,1,1.0,1,1.0,1,0.17595265607942207,48
866,0,1311,692,619,0,0,0,1.0,1,1.0,1,1.0,1,0.1635710913724413,50
867,2,1313,692,621,0,0,0,1.0,1,1.0,1,1.0,1,0.13097538893264343,50
868,1,1314,693,621,0,0,0,1.0,1,1.0,1,1.0,1,0.1422449587531746,51
869,0,1314,693,621,0,0,0,1.0,1,1.0,1,1.0,1,0.14182837991859754,49
870,1,1315,694,621,0,0,0,1.0,1,1.0,1,1.0,1,0.13961347018054623,49
871,2,1317,696,621,0,0,0,1.0,1,1.0,1,1.0,1,0.15275966595490947,49
872,1,1318,696,622,0,0,0,1.0,1,1.0,1,1.0,1,0.10757620989755422,48
873,1,1319,697,622,0,0,0,1.0,1,1.0,1,1.0,1,0.1555771912102186,49
874,2,1321,697,624,0,0,0,1.0,1,1.0,1,1.0,1,0.11102318501086281,49
875,1,1322,698,624,0,0,0,1.0,1,1.0,1,1.0,1,0.15728345245503772,50
876,2,1324,699,625,0,0,0,1.0,1,1.0,1,1.0,1,0.1568345085130297,50
877,4,1328,703,625,0,0,0,1.0,1,1.0,1,1.0,1,0.2079434388676669,50
878,2,1330,704,626,0,0,0,1.0,1,1.0,1,1.0,1,0.20553885431017188,49
879,1,1331,705,626,0,0,0,1.0,1,1.0,1,1.0,1,0.22147618866241295,49
880,4,1335,706,629,0,0,0,1.0,1,1.0,1,1.0,1,0.21133140754805976,48
881,5,1340,707,633,0,0,0,1.0,1,1.0,1,1.0,1,0.15581930859797363,49
882,1,1341,707,634,0,0,0,1.0,1,1.0,1,1.0,1,0.16703112383648608,48
883,0,1341,707,634,0,0,0,1.0,1,1.0,1,1.0,1,0.1628081919953216,50
884,1,1342,707,635,0,0,0,1.0,1,1.0,1,1.0,1,0.13759580632800894,50
885,1,1343,708,635,0,0,0,1.0,1,1.0,1,1.0,1,0.1194284664071321,49
886,1,1344,709,635,0,0,0,1.0,1,1.0,1,1.0,1,0.18285476745804896,49
887,0,1344,709,635,0,0,0,1.0,1,1.0,1,1.0,1,0.1820057974119678,49
888,3,1347,710,637,0,0,0,1.0,1,1.0,1,1.0,1,0.19578056344882033,47
889,2,1349,711,638,0,0,0,1.0,1,1.0,1,1.0,1,0.21789647216170843,46
890,0,1349,711,638,0,0,0,1.0,1,1.0,1,1.0,1,0.1945543713466548,44
891,0,1349,711,638,0,0,0,1.0,1,1.0,1,1.0,1,0.20697431048732648,45
892,1,1350,712,638,0,0,0,1.0,1,1.0,1,1.0,1,0.25033103553160574,45
893,0,1350,712,638,0,0,0,1.0,1,1.0,1,1.0,1,0.25033103553160574,45
894,0,1350,712,638,0,0,0,1.0,1,1.0,1,1.0,1,0.2322558386602405,44
895,1,1351,712,639,0,0,0,1.0,1,1.0,1,1.0,1,0.21214384295048397,45
896,1,1352,713,639,0,0,0,1.0,1,1.0,1,1.0,1,0.22296213927241587,44
897,1,1353,713,640,0,0,0,1.0,1,1.0,1,1.0,1,0.19802142460634212,44
898,1,1354,713,641,0,0,0,1.0,1,1.0,1,1.0,1,0.17834413643467278,45
899,2,1356,714,642,0,0,0,1.0,1,1.0,1,1.0,1,0.22234915461368954,44
900,2,1358,714,644,0,0,0,1.0,1,1.0,1,1.0,1,0.21897695937199463,46
901,2,1360,714,646,0,0,0,1.0,1,1.0,1,1.0,1,0.18980820540407375,45
902,2,1362,716,646,0,0,0,1.0,1,1.0,1,1.0,1,0.21785353797611484,45
903,6,1368,718,650,0,0,0,1.0,1,1.0,1,1.0,1,0.22837244791937256,44
904,1,1369,718,651,0,0,0,1.0,1,1.0,1,1.0,1,0.18247168175455497,45
905,1,1370,718,652,0,0,0,1.0,1,1.0,1,1.0,1,0.2028141152242165,45
906,0,1370,718,652,0,0,0,1.0,1,1.0,1,1.0,1,0.2028141152242165,45
907,3,1373,720,653,0,0,0,1.0,1,1.0,1,1.0,1,0.21856472290760093,46
908,5,1378,721,657,0,0,0,1.0,1,1.0,1,1.0,1,0.11766666084695591,46
909,4,1382,724,658,0,0,0,1.0,1,1.0,1,1.0,1,0.1385831616366153,46
910,0,1382,724,658,0,0,0,1.0,1,1.0,1,1.0,1,0.16254083916936435,44
911,1,1383,724,659,0,0,0,1.0,1,1.0,1,1.0,1,0.1481022600520242,45
912,0,1383,724,659,0,0,0,1.0,1,1.0,1,1.0,1,0.1678200016313786,44
913,0,1383,724,659,0,0,0,1.0,1,1.0,1,1.0,1,0.18327953915311512,45
914,3,1386,726,660,0,0,0,1.0,1,1.0,1,1.0,1,0.1950601279631827,45
915,1,1387,726,661,0,0,0,1.0,1,1.0,1,1.0,1,0.15694501476589137,45
916,0,1387,726,661,0,0,0,1.0,1,1.0,1,1.0,1,0.15694501476589137,45
917,2,1389,726,663,0,0,0,1.0,1,1.0,1,1.0,1,0.15377898930279,46
918,0,1389,726,663,0,0,0,1.0,1,1.0,1,1.0,1,0.16552416742461076,47
919,0,1389,726,663,0,0,0,1.0,1,1.0,1,1.0,1,0.16552416742461076,47
920,0,1389,726,663,0,0,0,1.0,1,1.0,1,1.0,1,0.16552416742461076,47
921,6,1395,730,665,0,0,0,1.0,1,1.0,1,1.0,1,0.1567781117641344,49
922,2,1397,731,666,0,0,0,1.0,1,1.0,1,1.0,1,0.13408015473676263,49
923,1,1398,732,666,0,0,0,1.0,1,1.0,1,1.0,1,0.17381919147312416,47
924,2,1400,734,666,0,0,0,1.0,1,1.0,1,1.0,1,0.20083188525659892,47
925,4,1404,735,669,0,0,0,1.0,1,1.0,1,1.0,1,0.2327875261379262,47
926,1,1405,736,669,0,0,0,1.0,1,1.0,1,1.0,1,0.274435681948196,46
927,2,1407,737,670,0,0,0,1.0,1,1.0,1,1.0,1,0.2501606540475614,45
928,0,1407,737,670,0,0,0,1.0,1,1.0,1,1.0,1,0.26361251959403414,43
929,0,1407,737,670,0,0,0,1.0,1,1.0,1,1.0,1,0.2859343069391249,42
930,1,1408,738,670,0,0,0,1.0,1,1.0,1,1.0,1,0.29676525872913945,41
931,4,1412,739,673,0,0,0,1.0,1,1.0,1,1.0,1,0.24009556663545717,40
932,0,1412,739,673,0,0,0,1.0,1,1.0,1,1.0,1,0.24009556663545717,40
933,3,1415,742,673,0,0,0,1.0,1,1.0,1,1.0,1,0.252437325181981,39
934,2,1417,743,674,0,0,0,1.0,1,1.0,1,1.0,1,0.24530723373413507,39
935,2,1419,745,674,0,0,0,1.0,1,1.0,1,1.0,1,0.2890347513128665,41
936,4,1423,745,678,0,0,0,1.0,1,1.0,1,1.0,1,0.18256963054138584,42
937,2,1425,746,679,0,0,0,1.0,1,1.0,1,1.0,1,0.21960902413637806,43
938,1,1426,746,680,0,0,0,1.0,1,1.0,1,1.0,1,0.22771175840763186,44
939,1,1427,746,681,0,0,0,1.0,1,1.0,1,1.0,1,0.23964771981590305,46
940,1,1428,747,681,0,0,0,1.0,1,1.0,1,1.0,1,0.2547875779699287,46
941,1,1429,747,682,0,0,0,1.0,1,1.0,1,1.0,1,0.23667570361414988,46
942,2,1431,749,682,0,0,0,1.0,1,1.0,1,1.0,1,0.2786844226061286,46
943,1,1432,749,683,0,0,0,1.0,1,1.0,1,1.0,1,0.246628109170547,45
944,1,1433,750,683,0,0,0,1.0,1,1.0,1,1.0,1,0.2356629546214407,45
945,2,1435,750,685,0,0,0,1.0,1,1.0,1,1.0,1,0.19158246281611999,44
946,3,1438,752,686,0,0,0,1.0,1,1.0,1,1.0,1,0.20823506195080982,46
947,0,1438,752,686,0,0,0,1.0,1,1.0,1,1.0,1,0.2056067204262304,44
948,2,1440,754,686,0,0,0,1.0,1,1.0,1,1.0,1,0.220330039155169,44
949,2,1442,755,687,0,0,0,1.0,1,1.0,1,1.0,1,0.2511559734063655,44
950,0,1442,755,687,0,0,0,1.0,1,1.0,1,1.0,1,0.25747934746270773,43
951,2,1444,755,689,0,0,0,1.0,1,1.0,1,1.0,1,0.24257074788699062,42
952,2,1446,756,690,0,0,0,1.0,1,1.0,1,1.0,1,0.24708411089972343,42
953,0,1446,756,690,0,0,0,1.0,1,1.0,1,1.0,1,0.2411563218895804,41
954,0,1446,756,690,0,0,0,1.0,1,1.0,1,1.0,1,0.2655701171614562,40
955,2,1448,756,692,0,0,0,1.0,1,1.0,1,1.0,1,0.24461774166058114,42
956,3,1451,758,693,0,0,0,1.0,1,1.0,1,1.0,1,0.25373607860282105,43
957,2,1453,758,695,0,0,0,1.0,1,1.0,1,1.0,1,0.21477473550488646,42
958,0,1453,758,695,0,0,0,1.0,1,1.0,1,1.0,1,0.244614906496397,43
959,3,1456,759,697,0,0,0,1.0,1,1.0,1,1.0,1,0.2668302334121983,45
960,2,1458,760,698,0,0,0,1.0,1,1.0,1,1.0,1,0.2681769536038647,47
961,2,1460,760,700,0,0,0,1.0,1,1.0,1,1.0,1,0.26796503858802073,45
962,1,1461,761,700,0,0,0,1.0,1,1.0,1,1.0,1,0.31041483284846205,45
963,2,1463,762,701,0,0,0,1.0,1,1.0,1,1.0,1,0.31201211149445696,44
964,1,1464,762,702,0,0,0,1.0,1,1.0,1,1.0,1,0.303247329815342,44
965,1,1465,762,703,0,0,0,1.0,1,1.0,1,1.0,1,0.2807772417515631,45
966,2,1467,762,705,0,0,0,1.0,1,1.0,1,1.0,1,0.2312800072195873,43
967,0,1467,762,705,0,0,0,1.0,1,1.0,1,1.0,1,0.2312800072195873,43
968,1,1468,763,705,0,0,0,1.0,1,1.0,1,1.0,1,0.21210526934745996,43
969,1,1469,763,706,0,0,0,1.0,1,1.0,1,1.0,1,0.21957683733713584,42
970,0,1469,763,706,0,0,0,1.0,1,1.0,1,1.0,1,0.24586779035887737,42
971,0,1469,763,706,0,0,0,1.0,1,1.0,1,1.0,1,0.24586779035887737,42
972,1,1470,764,706,0,0,0,1.0,1,1.0,1,1.0,1,0.23717105218002724,42
973,2,1472,764,708,0,0,0,1.0,1,1.0,1,1.0,1,0.21089128556528441,43
974,2,1474,766,708,0,0,0,1.0,1,1.0,1,1.0,1,0.23639264579790706,43
975,2,1476,766,710,0,0,0,1.0,1,1.0,1,1.0,1,0.19528568730430843,43
976,1,1477,767,710,0,0,0,1.0,1,1.0,1,1.0,1,0.2045030095825219,45
977,0,1477,767,710,0,0,0,1.0,1,1.0,1,1.0,1,0.21341142487945972,44
978,0,1477,767,710,0,0,0,1.0,1,1.0,1,1.0,1,0.21341142487945972,44
979,0,1477,767,710,0,0,0,1.0,1,1.0,1,1.0,1,0.24528615748372332,45
980,2,1479,769,710,0,0,0,1.0,1,1.0,1,1.0,1,0.2679243800809173,45
981,3,1482,770,712,0,0,0,1.0,1,1.0,1,1.0,1,0.24402242516728584,45
982,4,1486,773,713,0,0,0,1.0,1,1.0,1,1.0,1,0.3336202819740563,46
983,4,1490,776,714,0,0,0,1.0,1,1.0,1,1.0,1,0.30736942153365177,45
984,1,1491,776,715,0,0,0,1.0,1,1.0,1,1.0,1,0.2735306194479866,45
985,3,1494,779,715,0,0,0,1.0,1,1.0,1,1.0,1,0.32907151548558145,45
986,2,1496,780,716,0,0,0,1.0,1,1.0,1,1.0,1,0.32578815659292487,44
987,2,1498,781,717,0,0,0,1.0,1,1.0,1,1.0,1,0.3526903464113977,45
988,7,1505,784,721,0,0,0,1.0,1,1.0,1,1.0,1,0.349028070127355,44
989,5,1510,785,725,0,0,0,1.0,1,1.0,1,1.0,1,0.31001025931400583,43
990,1,1511,786,725,0,0,0,1.0,1,1.0,1,1.0,1,0.32035772491221015,42
991,0,1511,786,725,0,0,0,1.0,1,1.0,1,1.0,1,0.29900654568595897,42
992,0,1511,786,725,0,0,0,1.0,1,1.0,1,1.0,1,0.2910362092077311,43
993,1,1512,787,725,0,0,0,1.0,1,1.0,1,1.0,1,0.31867431212786734,43
994,1,1513,788,725,0,0,0,1.0,1,1.0,1,1.0,1,0.352025550147318,43
995,1,1514,788,726,0,0,0,1.0,1,1.0,1,1.0,1,0.3133038629471451,43
996,0,1514,788,726,0,0,0,1.0,1,1.0,1,1.0,1,0.3222984908404262,44
997,0,1514,788,726,0,0,0,1.0,1,1.0,1,1.0,1,0.3222984908404262,44
998,2,1516,788,728,0,0,0,1.0,1,1.0,1,1.0,1,0.313104656218225,45
999,0,1516,788,728,0,0,0,1.0,1,1.0,1,1.0,1,0.31651685305826655,42
1000,0,1516,788,728,0,0,0,1.0,1,1.0,1,1.0,1,0.33044772094052643,43
1001,1,1517,788,729,0,0,0,1.0,1,1.0,1,1.0,1,0.3382314449030094,42
1002,0,1517,788,729,0,0,0,1.0,1,1.0,1,1.0,1,0.33004260472418584,43
1003,0,1517,788,729,0,0,0,1.0,1,1.0,1,1.0,1,0.33004260472418584,43
1004,0,1517,788,729,0,0,0,1.0,1,1.0,1,1.0,1,0.33004260472418584,43
1005,0,1517,788,729,0,0,0,1.0,1,1.0,1,1.0,1,0.3359788710908771,44
1006,3,1520,788,732,0,0,0,1.0,1,1.0,1,1.0,1,0.29180905293887416,46
1007,2,1522,788,734,0,0,0,1.0,1,1.0,1,1.0,1,0.2743868522182952,46
1008,1,1523,788,735,0,0,0,1.0,1,1.0,1,1.0,1,0.2738621425226518,47
1009,2,1525,789,736,0,0,0,1.0,1,1.0,1,1.0,1,0.25905235501269164,48
1010,1,1526,790,736,0,0,0,1.0,1,1.0,1,1.0,1,0.2498245601006597,48
1011,3,1529,790,739,0,0,0,1.0,1,1.0,1,1.0,1,0.19874018310313535,48
1012,2,1531,792,739,0,0,0,1.0,1,1.0,1,1.0,1,0.22651520315530585,49
1013,0,1531,792,739,0,0,0,1.0,1,1.0,1,1.0,1,0.21415843261675233,50
1014,1,1532,793,739,0,0,0,1.0,1,1.0,1,1.0,1,0.22964493146128004,50
1015,2,1534,793,741,0,0,0,1.0,1,1.0,1,1.0,1,0.2175556395123963,51
1016,1,1535,794,741,0,0,0,1.0,1,1.0,1,1.0,1,0.2214926667450641,51
1017,3,1538,794,744,0,0,0,1.0,1,1.0,1,1.0,1,0.187354958122924,52
1018,2,1540,795,745,0,0,0,1.0,1,1.0,1,1.0,1,0.19204617372926042,52
1019,1,1541,795,746,0,0,0,1.0,1,1.0,1,1.0,1,0.17937046924122133,52
1020,1,1542,796,746,0,0,0,1.0,1,1.0,1,1.0,1,0.15488956723687836,53
1021,3,1545,796,749,0,0,0,1.0,1,1.0,1,1.0,1,0.14531101304933214,53
1022,0,1545,796,749,0,0,0,1.0,1,1.0,1,1.0,1,0.14467081163654627,54
1023,1,1546,797,749,0,0,0,1.0,1,1.0,1,1.0,1,0.1729023289129917,55
1024,1,1547,798,749,0,0,0,1.0,1,1.0,1,1.0,1,0.170508143094026,55
1025,0,1547,798,749,0,0,0,1.0,1,1.0,1,1.0,1,0.1654329210910403,56
1026,3,1550,799,751,0,0,0,1.0,1,1.0,1,1.0,1,0.18612626650961359,57
1027,2,1552,799,753,0,0,0,1.0,1,1.0,1,1.0,1,0.16791343653751806,58
1028,1,1553,800,753,0,0,0,1.0,1,1.0,1,1.0,1,0.1876863368419278,58
1029,2,1555,802,753,0,0,0,1.0,1,1.0,1,1.0,1,0.1970370270583552,59
1030,0,1555,802,753,0,0,0,1.0,1,1.0,1,1.0,1,0.205347347076693,60
1031,1,1556,803,753,0,0,0,1.0,1,1.0,1,1.0,1,0.20557178167810072,60
1032,2,1558,803,755,0,0,0,1.0,1,1.0,1,1.0,1,0.19259680935713014,61
1033,2,1560,803,757,0,0,0,1.0,1,1.0,1,1.0,1,0.14172630563133332,60
1034,4,1564,807,757,0,0,0,1.0,1,1.0,1,1.0,1,0.16044694660496472,60
1035,2,1566,808,758,0,0,0,1.0,1,1.0,1,1.0,1,0.14440904785148903,59
1036,1,1567,809,758,0,0,0,1.0,1,1.0,1,1.0,1,0.15736228534827704,60
1037,3,1570,812,758,0,0,0,1.0,1,1.0,1,1.0,1,0.17842672087393088,59
1038,5,1575,816,759,0,0,0,1.0,1,1.0,1,1.0,1,0.20054672383056607,60
1039,6,1581,818,763,0,0,0,1.0,1,1.0,1,1.0,1,0.20817404591697566,60
1040,3,1584,819,765,0,0,0,1.0,1,1.0,1,1.0,1,0.22793941907978493,58
1041,2,1586,820,766,0,0,0,1.0,1,1.0,1,1.0,1,0.20820523688900916,56
1042,0,1586,820,766,0,0,0,1.0,1,1.0,1,1.0,1,0.20459107196806064,55
1043,0,1586,820,766,0,0,0,1.0,1,1.0,1,1.0,1,0.20459107196806064,55
1044,2,1588,821,767,0,0,0,1.0,1,1.0,1,1.0,1,0.1771460432215932,52
1045,0,1588,821,767,0,0,0,1.0,1,1.0,1,1.0,1,0.18245246951428595,52
1046,2,1590,822,768,0,0,0,1.0,1,1.0,1,1.0,1,0.17890259944525266,53
1047,1,1591,822,769,0,0,0,1.0,1,1.0,1,1.0,1,0.16792255617958918,54
1048,3,1594,823,771,0,0,0,1.0,1,1.0,1,1.0,1,0.1736141754789858,56
1049,2,1596,825,771,0,0,0,1.0,1,1.0,1,1.0,1,0.18068523083010793,55
1050,2,1598,825,773,0,0,0,1.0,1,1.0,1,1.0,1,0.15267990227321324,56
1051,1,1599,826,773,0,0,0,1.0,1,1.0,1,1.0,1,0.14079498117002937,55
1052,2,1601,826,775,0,0,0,1.0,1,1.0,1,1.0,1,0.12048738887948758,56
1053,1,1602,827,775,0,0,0,1.0,1,1.0,1,1.0,1,0.1396874349931601,56
1054,1,1603,828,775,0,0,0,1.0,1,1.0,1,1.0,1,0.12476072325951584,57
1055,1,1604,829,775,0,0,0,1.0,1,1.0,1,1.0,1,0.14185697439662742,58
1056,1,1605,829,776,0,0,0,1.0,1,1.0,1,1.0,1,0.12088772484697555,59
1057,1,1606,829,777,0,0,0,1.0,1,1.0,1,1.0,1,0.12938190475721506,60
1058,1,1607,830,777,0,0,0,1.0,1,1.0,1,1.0,1,0.16127064379780204,60
1059,3,1610,830,780,0,0,0,1.0,1,1.0,1,1.0,1,0.1063904590788881,60
1060,2,1612,831,781,0,0,0,1.0,1,1.0,1,1.0,1,0.11509234841671576,60
1061,2,1614,833,781,0,0,0,1.0,1,1.0,1,1.0,1,0.11309788711155884,59
1062,1,1615,834,781,0,0,0,1.0,1,1.0,1,1.0,1,0.15397052121516372,59
1063,4,1619,837,782,0,0,0,1.0,1,1.0,1,1.0,1,0.14738285936947151,58
1064,6,1625,840,785,0,0,0,1.0,1,1.0,1,1.0,1,0.196436453396782,58
1065,4,1629,843,786,0,0,0,1.0,1,1.0,1,1.0,1,0.16940499562040318,60
1066,2,1631,844,787,0,0,0,1.0,1,1.0,1,1.0,1,0.1930987892582971,58
1067,3,1634,846,788,0,0,0,1.0,1,1.0,1,1.0,1,0.20923113481597508,59
1068,1,1635,846,789,0,0,0,1.0,1,1.0,1,1.0,1,0.20194133728416186,59
1069,1,1636,847,789,0,0,0,1.0,1,1.0,1,1.0,1,0.23701594508640622,58
1070,2,1638,848,790,0,0,0,1.0,1,1.0,1,1.0,1,0.22237270286417796,58
1071,2,1640,849,791,0,0,0,1.0,1,1.0,1,1.0,1,0.22160156300613443,57
1072,0,1640,849,791,0,0,0,1.0,1,1.0,1,1.0,1,0.2094430011493804,56
1073,1,1641,849,792,0,0,0,1.0,1,1.0,1,1.0,1,0.23856089174513959,54
1074,0,1641,849,792,0,0,0,1.0,1,1.0,1,1.0,1,0.23856089174513959,54
1075,1,1642,850,792,0,0,0,1.0,1,1.0,1,1.0,1,0.2362747476364727,51
1076,2,1644,850,794,0,0,0,1.0,1,1.0,1,1.0,1,0.21645717454694474,51
1077,2,1646,851,795,0,0,0,1.0,1,1.0,1,1.0,1,0.20319409554200693,51
1078,4,1650,853,797,0,0,0,1.0,1,1.0,1,1.0,1,0.210384088099004,52
1079,6,1656,857,799,0,0,0,1.0,1,1.0,1,1.0,1,0.21251652146072728,51
1080,4,1660,859,801,0,0,0,1.0,1,1.0,1,1.0,1,0.21246491275786666,51
1081,1,1661,860,801,0,0,0,1.0,1,1.0,1,1.0,1,0.2319359469503123,48
1082,1,1662,861,801,0,0,0,1.0,1,1.0,1,1.0,1,0.29447436907799757,47
1083,3,1665,862,803,0,0,0,1.0,1,1.0,1,1.0,1,0.30041915142376263,46
1084,1,1666,862,804,0,0,0,1.0,1,1.0,1,1.0,1,0.2811003080124862,45
1085,0,1666,862,804,0,0,0,1.0,1,1.0,1,1.0,1,0.2743710080458098,46
1086,1,1667,862,805,0,0,0,1.0,1,1.0,1,1.0,1,0.25587058714018956,45
1087,0,1667,862,805,0,0,0,1.0,1,1.0,1,1.0,1,0.28154871015323296,44
1088,3,1670,862,808,0,0,0,1.0,1,1.0,1,1.0,1,0.23164656484136167,45
1089,2,1672,863,809,0,0,0,1.0,1,1.0,1,1.0,1,0.23462856219956815,46
1090,0,1672,863,809,0,0,0,1.0,1,1.0,1,1.0,1,0.23484616521821836,47
1091,2,1674,864,810,0,0,0,1.0,1,1.0,1,1.0,1,0.22201128774565873,47
1092,0,1674,864,810,0,0,0,1.0,1,1.0,1,1.0,1,0.21284595869365514,48
1093,2,1676,865,811,0,0,0,1.0,1,1.0,1,1.0,1,0.20324926342884325,48
1094,2,1678,867,811,0,0,0,1.0,1,1.0,1,1.0,1,0.25070923210417206,48
1095,2,1680,867,813,0,0,0,1.0,1,1.0,1,1.0,1,0.24576965046366783,49
1096,1,1681,867,814,0,0,0,1.0,1,1.0,1,1.0,1,0.24215894906393406,49
1097,3,1684,869,815,0,0,0,1.0,1,1.0,1,1.0,1,0.25366412376483644,50
1098,2,1686,869,817,0,0,0,1.0,1,1.0,1,1.0,1,0.24450901355598006,51
1099,3,1689,869,820,0,0,0,1.0,1,1.0,1,1.0,1,0.1919689737587731,54
1100,0,1689,869,820,0,0,0,1.0,1,1.0,1,1.0,1,0.1919689737587731,54
1101,0,1689,869,820,0,0,0,1.0,1,1.0,1,1.0,1,0.1919689737587731,54
1102,2,1691,870,821,0,0,0,1.0,1,1.0,1,1.0,1,0.1953454360299285,54
1103,2,1693,872,821,0,0,0,1.0,1,1.0,1,1.0,1,0.21970046936527926,53
1104,2,1695,873,822,0,0,0,1.0,1,1.0,1,1.0,1,0.1732096809034799,53
1105,1,1696,874,822,0,0,0,1.0,1,1.0,1,1.0,1,0.16329253969521232,52
1106,0,1696,874,822,0,0,0,1.0,1,1.0,1,1.0,1,0.17369877542549908,52
1107,4,1700,876,824,0,0,0,1.0,1,1.0,1,1.0,1,0.21056508923316788,52
1108,2,1702,877,825,0,0,0,1.0,1,1.0,1,1.0,1,0.1951912991956546,51
1109,3,1705,880,825,0,0,0,1.0,1,1.0,1,1.0,1,0.2201195945627684,49
1110,1,1706,881,825,0,0,0,1.0,1,1.0,1,1.0,1,0.2412862946012878,48
1111,2,1708,882,826,0,0,0,1.0,1,1.0,1,1.0,1,0.2695601600515502,47
1112,2,1710,883,827,0,0,0,1.0,1,1.0,1,1.0,1,0.2909103514277484,46
1113,2,1712,884,828,0,0,0,1.0,1,1.0,1,1.0,1,0.29722152786004513,43
1114,1,1713,884,829,0,0,0,1.0,1,1.0,1,1.0,1,0.3091923328339502,41
1115,1,1714,885,829,0,0,0,1.0,1,1.0,1,1.0,1,0.3027727784478781,40
1116,3,1717,887,830,0,0,0,1.0,1,1.0,1,1.0,1,0.3177410441884516,39
1117,5,1722,890,832,0,0,0,1.0,1,1.0,1,1.0,1,0.3612694511259476,40
1118,4,1726,891,835,0,0,0,1.0,1,1.0,1,1.0,1,0.30917883324400575,40
1119,4,1730,891,839,0,0,0,1.0,1,1.0,1,1.0,1,0.23203355353965305,40
1120,0,1730,891,839,0,0,0,1.0,1,1.0,1,1.0,1,0.23203355353965305,40
1121,1,1731,892,839,0,0,0,1.0,1,1.0,1,1.0,1,0.2613401775898048,40
1122,0,1731,892,839,0,0,0,1.0,1,1.0,1,1.0,1,0.27127413018850444,41
1123,3,1734,893,841,0,0,0,1.0,1,1.0,1,1.0,1,0.28047114690293096,41
1124,1,1735,894,841,0,0,0,1.0,1,1.0,1,1.0,1,0.2636802601429704,41
1125,2,1737,894,843,0,0,0,1.0,1,1.0,1,1.0,1,0.26359944224529297,41
1126,0,1737,894,843,0,0,0,1.0,1,1.0,1,1.0,1,0.2373562140077811,41
1127,1,1738,894,844,0,0,0,1.0,1,1.0,1,1.0,1,0.21199970574706678,41
1128,0,1738,894,844,0,0,0,1.0,1,1.0,1,1.0,1,0.23108657716442313,42
1129,2,1740,895,845,0,0,0,1.0,1,1.0,1,1.0,1,0.22671369105262953,42
1130,1,1741,895,846,0,0,0,1.0,1,1.0,1,1.0,1,0.21096832296536072,42
1131,0,1741,895,846,0,0,0,1.0,1,1.0,1,1.0,1,0.21096832296536072,42
1132,2,1743,897,846,0,0,0,1.0,1,1.0,1,1.0,1,0.13883261109420064,43
1133,0,1743,897,846,0,0,0,1.0,1,1.0,1,1.0,1,0.13873665698325002,45
1134,0,1743,897,846,0,0,0,1.0,1,1.0,1,1.0,1,0.14937475935312514,46
1135,0,1743,897,846,0,0,0,1.0,1,1.0,1,1.0,1,0.1646229230795829,45
1136,1,1744,897,847,0,0,0,1.0,1,1.0,1,1.0,1,0.17882851306029426,48
1137,4,1748,897,851,0,0,0,1.0,1,1.0,1,1.0,1,0.1479194267092067,49
1138,0,1748,897,851,0,0,0,1.0,1,1.0,1,1.0,1,0.1479194267092067,49
1139,1,1749,897,852,0,0,0,1.0,1,1.0,1,1.0,1,0.18358126184530374,49
1140,0,1749,897,852,0,0,0,1.0,1,1.0,1,1.0,1,0.18358126184530374,49
1141,2,1751,898,853,0,0,0,1.0,1,1.0,1,1.0,1,0.23346432540883968,48
1142,6,1757,902,855,0,0,0,1.0,1,1.0,1,1.0,1,0.168918728457995,48
1143,7,1764,907,857,0,0,0,1.0,1,1.0,1,1.0,1,0.1814956028000162,48
1144,2,1766,908,858,0,0,0,1.0,1,1.0,1,1.0,1,0.19329966092038117,48
1145,4,1770,909,861,0,0,0,1.0,1,1.0,1,1.0,1,0.19558192140274025,48
1146,4,1774,911,863,0,0,0,1.0,1,1.0,1,1.0,1,0.16139917753492425,48
1147,0,1774,911,863,0,0,0,1.0,1,1.0,1,1.0,1,0.18875999057467022,46
1148,2,1776,912,864,0,0,0,1.0,1,1.0,1,1.0,1,0.15190513556172108,46
1149,2,1778,912,866,0,0,0,1.0,1,1.0,1,1.0,1,0.1922689588996036,45
1150,3,1781,914,867,0,0,0,1.0,1,1.0,1,1.0,1,0.19998805169010755,46
1151,2,1783,916,867,0,0,0,1.0,1,1.0,1,1.0,1,0.21001003882179475,44
1152,0,1783,916,867,0,0,0,1.0,1,1.0,1,1.0,1,0.2109648340536697,44
1153,3,1786,919,867,0,0,0,1.0,1,1.0,1,1.0,1,0.250496194243993,43
1154,1,1787,920,867,0,0,0,1.0,1,1.0,1,1.0,1,0.22172736847146096,43
1155,1,1788,921,867,0,0,0,1.0,1,1.0,1,1.0,1,0.2522705074408933,43
1156,1,1789,921,868,0,0,0,1.0,1,1.0,1,1.0,1,0.2179205632424218,42
1157,1,1790,922,868,0,0,0,1.0,1,1.0,1,1.0,1,0.21957840290641073,42
1158,0,1790,922,868,0,0,0,1.0,1,1.0,1,1.0,1,0.20452532442691518,41
1159,0,1790,922,868,0,0,0,1.0,1,1.0,1,1.0,1,0.20697709694846927,41
1160,0,1790,922,868,0,0,0,1.0,1,1.0,1,1.0,1,0.20697709694846927,41
1161,0,1790,922,868,0,0,0,1.0,1,1.0,1,1.0,1,0.2116722409577636,42
1162,0,1790,922,868,0,0,0,1.0,1,1.0,1,1.0,1,0.216108822075053,43
1163,0,1790,922,868,0,0,0,1.0,1,1.0,1,1.0,1,0.216108822075053,43
1164,0,1790,922,868,0,0,0,1.0,1,1.0,1,1.0,1,0.204777338019172,44
1165,0,1790,922,868,0,0,0,1.0,1,1.0,1,1.0,1,0.204777338019172,44
1166,4,1794,923,871,0,0,0,1.0,1,1.0,1,1.0,1,0.2148417951343725,46
1167,1,1795,924,871,0,0,0,1.0,1,1.0,1,1.0,1,0.2104797878646002,46
1168,2,1797,924,873,0,0,0,1.0,1,1.0,1,1.0,1,0.1883326119265876,47
1169,2,1799,926,873,0,0,0,1.0,1,1.0,1,1.0,1,0.18616855771547688,46
1170,0,1799,926,873,0,0,0,1.0,1,1.0,1,1.0,1,0.18297685985872847,48
1171,3,1802,928,874,0,0,0,1.0,1,1.0,1,1.0,1,0.2051211091138577,49
1172,1,1803,928,875,0,0,0,1.0,1,1.0,1,1.0,1,0.18742339620887966,49
1173,0,1803,928,875,0,0,0,1.0,1,1.0,1,1.0,1,0.18742339620887966,49
1174,1,1804,929,875,0,0,0,1.0,1,1.0,1,1.0,1,0.1953317786339747,49
1175,0,1804,929,875,0,0,0,1.0,1,1.0,1,1.0,1,0.2042275707106585,50
1176,1,1805,929,876,0,0,0,1.0,1,1.0,1,1.0,1,0.19055736344861937,52
1177,3,1808,931,877,0,0,0,1.0,1,1.0,1,1.0,1,0.195342244558549,52
1178,0,1808,931,877,0,0,0,1.0,1,1.0,1,1.0,1,0.195342244558549,52
1179,0,1808,931,877,0,0,0,1.0,1,1.0,1,1.0,1,0.18632554642497184,53
1180,0,1808,931,877,0,0,0,1.0,1,1.0,1,1.0,1,0.17874215112766464,54
1181,0,1808,931,877,0,0,0,1.0,1,1.0,1,1.0,1,0.19025881649781842,55
1182,2,1810,933,877,0,0,0,1.0,1,1.0,1,1.0,1,0.20681810281129054,55
1183,2,1812,934,878,0,0,0,1.0,1,1.0,1,1.0,1,0.21241756594709205,53
1184,4,1816,936,880,0,0,0,1.0,1,1.0,1,1.0,1,0.21684471113117185,54
1185,1,1817,936,881,0,0,0,1.0,1,1.0,1,1.0,1,0.21158654298147828,53
1186,2,1819,937,882,0,0,0,1.0,1,1.0,1,1.0,1,0.23969810747934675,54
1187,5,1824,938,886,0,0,0,1.0,1,1.0,1,1.0,1,0.23260923236689224,55
1188,0,1824,938,886,0,0,0,1.0,1,1.0,1,1.0,1,0.23260923236689224,55
1189,3,1827,939,888,0,0,0,1.0,1,1.0,1,1.0,1,0.20846068780080573,54
1190,1,1828,939,889,0,0,0,1.0,1,1.0,1,1.0,1,0.1922156715840408,55
1191,1,1829,939,890,0,0,0,1.0,1,1.0,1,1.0,1,0.17730672243165635,54
1192,3,1832,940,892,0,0,0,1.0,1,1.0,1,1.0,1,0.15548659007013538,52
1193,0,1832,940,892,0,0,0,1.0,1,1.0,1,1.0,1,0.15038194632535518,53
1194,1,1833,941,892,0,0,0,1.0,1,1.0,1,1.0,1,0.18645003616260755,53
1195,4,1837,942,895,0,0,0,1.0,1,1.0,1,1.0,1,0.13652978751208342,54
1196,1,1838,943,895,0,0,0,1.0,1,1.0,1,1.0,1,0.1316832605393254,56
1197,2,1840,945,895,0,0,0,1.0,1,1.0,1,1.0,1,0.145217637408758,56
1198,3,1843,946,897,0,0,0,1.0,1,1.0,1,1.0,1,0.1389969643429835,58
1199,1,1844,947,897,0,0,0,1.0,1,1.0,1,1.0,1,0.15936419362339793,58
1200,1,1845,947,898,0,0,0,1.0,1,1.0,1,1.0,1,0.14663166856436075,58
1201,2,1847,949,898,0,0,0,1.0,1,1.0,1,1.0,1,0.1648975812185257,58
1202,1,1848,949,899,0,0,0,1.0,1,1.0,1,1.0,1,0.1438659670083668,60
1203,1,1849,949,900,0,0,0,1.0,1,1.0,1,1.0,1,0.1408662964585226,58
1204,1,1850,950,900,0,0,0,1.0,1,1.0,1,1.0,1,0.1412320910527078,59
1205,1,1851,951,900,0,0,0,1.0,1,1.0,1,1.0,1,0.15609702960270305,59
1206,0,1851,951,900,0,0,0,1.0,1,1.0,1,1.0,1,0.1763320031609848,58
1207,0,1851,951,900,0,0,0,1.0,1,1.0,1,1.0,1,0.17685732049354036,60
1208,0,1851,951,900,0,0,0,1.0,1,1.0,1,1.0,1,0.17685732049354036,60
1209,0,1851,951,900,0,0,0,1.0,1,1.0,1,1.0,1,0.18654045683074308,61
1210,0,1851,951,900,0,0,0,1.0,1,1.0,1,1.0,1,0.18654045683074308,61
1211,2,1853,951,902,0,0,0,1.0,1,1.0,1,1.0,1,0.13499285077349207,63
1212,0,1853,951,902,0,0,0,1.0,1,1.0,1,1.0,1,0.13499285077349207,63
1213,1,1854,952,902,0,0,0,1.0,1,1.0,1,1.0,1,0.14883302131871073,63
1214,1,1855,953,902,0,0,0,1.0,1,1.0,1,1.0,1,0.2016199313585096,62
1215,2,1857,953,904,0,0,0,1.0,1,1.0,1,1.0,1,0.18247051599167646,63
1216,3,1860,954,906,0,0,0,1.0,1,1.0,1,1.0,1,0.22173033468829942,64
1217,0,1860,954,906,0,0,0,1.0,1,1.0,1,1.0,1,0.22404614518852575,65
1218,1,1861,954,907,0,0,0,1.0,1,1.0,1,1.0,1,0.22870745810707593,64
1219,3,1864,954,910,0,0,0,1.0,1,1.0,1,1.0,1,0.208654846098384,65
1220,2,1866,955,911,0,0,0,1.0,1,1.0,1,1.0,1,0.21356151424191025,64
1221,4,1870,957,913,0,0,0,1.0,1,1.0,1,1.0,1,0.18817524266199276,65
1222,2,1872,958,914,0,0,0,1.0,1,1.0,1,1.0,1,0.17734654968095317,66
1223,3,1875,959,916,0,0,0,1.0,1,1.0,1,1.0,1,0.17109594082570484,64
1224,6,1881,962,919,0,0,0,1.0,1,1.0,1,1.0,1,0.1590198238890111,66
1225,2,1883,964,919,0,0,0,1.0,1,1.0,1,1.0,1,0.163853772366113,66
1226,1,1884,964,920,0,0,0,1.0,1,1.0,1,1.0,1,0.16155234200198326,68
1227,2,1886,965,921,0,0,0,1.0,1,1.0,1,1.0,1,0.12861200586824784,64
1228,1,1887,966,921,0,0,0,1.0,1,1.0,1,1.0,1,0.1595080356400744,62
1229,1,1888,967,921,0,0,0,1.0,1,1.0,1,1.0,1,0.14856590949474918,61
1230,3,1891,969,922,0,0,0,1.0,1,1.0,1,1.0,1,0.15003964351331497,58
1231,1,1892,970,922,0,0,0,1.0,1,1.0,1,1.0,1,0.14981875948988774,57
1232,4,1896,971,925,0,0,0,1.0,1,1.0,1,1.0,1,0.14740613464310054,53
1233,2,1898,973,925,0,0,0,1.0,1,1.0,1,1.0,1,0.1600065923637869,53
1234,1,1899,973,926,0,0,0,1.0,1,1.0,1,1.0,1,0.14665449412942277,54
1235,1,1900,973,927,0,0,0,1.0,1,1.0,1,1.0,1,0.17210501239146772,55
1236,1,1901,974,927,0,0,0,1.0,1,1.0,1,1.0,1,0.2065951825565757,55
1237,4,1905,976,929,0,0,0,1.0,1,1.0,1,1.0,1,0.1794511101275536,55
1238,1,1906,977,929,0,0,0,1.0,1,1.0,1,1.0,1,0.1927343253112876,54
1239,2,1908,977,931,0,0,0,1.0,1,1.0,1,1.0,1,0.18102876817472868,55
1240,0,1908,977,931,0,0,0,1.0,1,1.0,1,1.0,1,0.18102876817472868,55
1241,0,1908,977,931,0,0,0,1.0,1,1.0,1,1.0,1,0.1640222236150559,54
1242,1,1909,977,932,0,0,0,1.0,1,1.0,1,1.0,1,0.16284319121347826,54
1243,1,1910,977,933,0,0,0,1.0,1,1.0,1,1.0,1,0.15816931492376776,55
1244,1,1911,977,934,0,0,0,1.0,1,1.0,1,1.0,1,0.15972811066743892,55
1245,0,1911,977,934,0,0,0,1.0,1,1.0,1,1.0,1,0.15972811066743892,55
1246,2,1913,979,934,0,0,0,1.0,1,1.0,1,1.0,1,0.2223732555018585,55
1247,5,1918,982,936,0,0,0,1.0,1,1.0,1,1.0,1,0.2548155955713921,57
1248,2,1920,982,938,0,0,0,1.0,1,1.0,1,1.0,1,0.2442793789069019,56
1249,3,1923,985,938,0,0,0,1.0,1,1.0,1,1.0,1,0.2655967732327126,56
1250,3,1926,987,939,0,0,0,1.0,1,1.0,1,1.0,1,0.27284378929026726,56
1251,4,1930,987,943,0,0,0,1.0,1,1.0,1,1.0,1,0.21918852812333295,58
1252,2,1932,988,944,0,0,0,1.0,1,1.0,1,1.0,1,0.2116815509234334,58
1253,2,1934,990,944,0,0,0,1.0,1,1.0,1,1.0,1,0.22652255865293802,58
1254,2,1936,990,946,0,0,0,1.0,1,1.0,1,1.0,1,0.1875735157984188,60
1255,1,1937,990,947,0,0,0,1.0,1,1.0,1,1.0,1,0.18916033837830865,61
1256,0,1937,990,947,0,0,0,1.0,1,1.0,1,1.0,1,0.18916033837830865,61
1257,2,1939,991,948,0,0,0,1.0,1,1.0,1,1.0,1,0.20546638271825582,62
1258,0,1939,991,948,0,0,0,1.0,1,1.0,1,1.0,1,0.2108023977836962,63
1259,0,1939,991,948,0,0,0,1.0,1,1.0,1,1.0,1,0.2108023977836962,63
1260,0,1939,991,948,0,0,0,1.0,1,1.0,1,1.0,1,0.21036589244635076,63
1261,2,1941,991,950,0,0,0,1.0,1,1.0,1,1.0,1,0.17708250164427133,63
1262,5,1946,992,954,0,0,0,1.0,1,1.0,1,1.0,1,0.1563119741953052,64
1263,2,1948,994,954,0,0,0,1.0,1,1.0,1,1.0,1,0.18570878101556118,63
1264,2,1950,995,955,0,0,0,1.0,1,1.0,1,1.0,1,0.16648304083468263,63
1265,3,1953,997,956,0,0,0,1.0,1,1.0,1,1.0,1,0.17704549401723246,60
1266,7,1960,1001,959,0,0,0,1.0,1,1.0,1,1.0,1,0.16490710480707482,61
1267,4,1964,1002,962,0,0,0,1.0,1,1.0,1,1.0,1,0.12336350760230853,58
1268,3,1967,1003,964,0,0,0,1.0,1,1.0,1,1.0,1,0.12300710420438941,54
1269,1,1968,1004,964,0,0,0,1.0,1,1.0,1,1.0,1,0.12692177552705436,54
1270,1,1969,1005,964,0,0,0,1.0,1,1.0,1,1.0,1,0.15017465079409859,51
1271,1,1970,1006,964,0,0,0,1.0,1,1.0,1,1.0,1,0.18404264540734697,50
1272,3,1973,1006,967,0,0,0,1.0,1,1.0,1,1.0,1,0.1502978180523631,47
1273,1,1974,1007,967,0,0,0,1.0,1,1.0,1,1.0,1,0.1804552415296813,47
1274,2,1976,1008,968,0,0,0,1.0,1,1.0,1,1.0,1,0.20371370426871083,49
1275,4,1980,1010,970,0,0,0,1.0,1,1.0,1,1.0,1,0.18555617254883308,48
1276,5,1985,1013,972,0,0,0,1.0,1,1.0,1,1.0,1,0.17854316647306134,49
1277,5,1990,1017,973,0,0,0,1.0,1,1.0,1,1.0,1,0.22830694573130436,50
1278,3,1993,1017,976,0,0,0,1.0,1,1.0,1,1.0,1,0.18685194956496437,51
1279,0,1993,1017,976,0,0,0,1.0,1,1.0,1,1.0,1,0.18685194956496437,51
1280,1,1994,1017,977,0,0,0,1.0,1,1.0,1,1.0,1,0.1605641652283553,52
1281,1,1995,1018,977,0,0,0,1.0,1,1.0,1,1.0,1,0.1626918848956475,52
1282,1,1996,1019,977,0,0,0,1.0,1,1.0,1,1.0,1,0.1801675562900312,52
1283,1,1997,1020,977,0,0,0,1.0,1,1.0,1,1.0,1,0.19118741388894891,52
1284,3,2000,1021,979,0,0,0,1.0,1,1.0,1,1.0,1,0.17887608911079217,52
1285,2,2002,1021,981,0,0,0,1.0,1,1.0,1,1.0,1,0.2005071307879786,51
1286,1,2003,1021,982,0,0,0,1.0,1,1.0,1,1.0,1,0.19563222047428191,52
1287,1,2004,1022,982,0,0,0,1.0,1,1.0,1,1.0,1,0.22683374632252387,54
1288,2,2006,1022,984,0,0,0,1.0,1,1.0,1,1.0,1,0.20209156362931618,55
1289,0,2006,1022,984,0,0,0,1.0,1,1.0,1,1.0,1,0.20127903153514853,56
1290,0,2006,1022,984,0,0,0,1.0,1,1.0,1,1.0,1,0.17715517692271954,57
1291,1,2007,1022,985,0,0,0,1.0,1,1.0,1,1.0,1,0.17222299760001716,58
1292,1,2008,1023,985,0,0,0,1.0,1,1.0,1,1.0,1,0.16663910462751258,59
1293,0,2008,1023,985,0,0,0,1.0,1,1.0,1,1.0,1,0.16663910462751258,59
1294,2,2010,1025,985,0,0,0,1.0,1,1.0,1,1.0,1,0.18774809500654027,59
1295,2,2012,1026,986,0,0,0,1.0,1,1.0,1,1.0,1,0.19076879148176554,59
1296,3,2015,1026,989,0,0,0,1.0,1,1.0,1,1.0,1,0.1818264491445497,59
1297,1,2016,1027,989,0,0,0,1.0,1,1.0,1,1.0,1,0.1990455033516047,61
1298,4,2020,1027,993,0,0,0,1.0,1,1.0,1,1.0,1,0.15105059905650392,61
1299,1,2021,1027,994,0,0,0,1.0,1,1.0,1,1.0,1,0.1383996190123454,60
1300,0,2021,1027,994,0,0,0,1.0,1,1.0,1,1.0,1,0.13667666712740717,59
1301,0,2021,1027,994,0,0,0,1.0,1,1.0,1,1.0,1,0.1530615303231314,59
1302,4,2025,1031,994,0,0,0,1.0,1,1.0,1,1.0,1,0.15609564300200948,59
1303,8,2033,1036,997,0,0,0,1.0,1,1.0,1,1.0,1,0.20490614538077603,55
1304,4,2037,1039,998,0,0,0,1.0,1,1.0,1,1.0,1,0.19184639133372078,56
1305,2,2039,1041,998,0,0,0,1.0,1,1.0,1,1.0,1,0.20697655253747646,54
1306,2,2041,1042,999,0,0,0,1.0,1,1.0,1,1.0,1,0.20187435665387868,53
1307,3,2044,1044,1000,0,0,0,1.0,1,1.0,1,1.0,1,0.20315047232351768,52
1308,3,2047,1045,1002,0,0,0,1.0,1,1.0,1,1.0,1,0.18562301361720476,52
1309,3,2050,1048,1002,0,0,0,1.0,1,1.0,1,1.0,1,0.22409153146912086,54
1310,2,2052,1049,1003,0,0,0,1.0,1,1.0,1,1.0,1,0.20458840774918985,52
1311,1,2053,1050,1003,0,0,0,1.0,1,1.0,1,1.0,1,0.2050317060892897,51
1312,1,2054,1051,1003,0,0,0,1.0,1,1.0,1,1.0,1,0.23595197634143864,49
1313,0,2054,1051,1003,0,0,0,1.0,1,1.0,1,1.0,1,0.22650963677810362,47
1314,0,2054,1051,1003,0,0,0,1.0,1,1.0,1,1.0,1,0.20909886938961064,46
1315,0,2054,1051,1003,0,0,0,1.0,1,1.0,1,1.0,1,0.2192738700636332,45
1316,3,2057,1053,1004,0,0,0,1.0,1,1.0,1,1.0,1,0.19577171914870364,46
1317,1,2058,1053,1005,0,0,0,1.0,1,1.0,1,1.0,1,0.14487900646874047,45
1318,2,2060,1055,1005,0,0,0,1.0,1,1.0,1,1.0,1,0.17668972827992194,46
1319,1,2061,1056,1005,0,0,0,1.0,1,1.0,1,1.0,1,0.1860564304976541,46
1320,1,2062,1056,1006,0,0,0,1.0,1,1.0,1,1.0,1,0.17634997319408505,46
1321,0,2062,1056,1006,0,0,0,1.0,1,1.0,1,1.0,1,0.16766293720226397,48
1322,0,2062,1056,1006,0,0,0,1.0,1,1.0,1,1.0,1,0.18193154228420624,49
1323,2,2064,1056,1008,0,0,0,1.0,1,1.0,1,1.0,1,0.1685150776130225,49
1324,0,2064,1056,1008,0,0,0,1.0,1,1.0,1,1.0,1,0.18862562405531766,50
1325,0,2064,1056,1008,0,0,0,1.0,1,1.0,1,1.0,1,0.2019677342125593,49
1326,3,2067,1058,1009,0,0,0,1.0,1,1.0,1,1.0,1,0.2538179533705892,50
1327,1,2068,1059,1009,0,0,0,1.0,1,1.0,1,1.0,1,0.28398747253533724,50
1328,1,2069,1059,1010,0,0,0,1.0,1,1.0,1,1.0,1,0.2916577846914885,49
1329,2,2071,1059,1012,0,0,0,1.0,1,1.0,1,1.0,1,0.24460476047253027,50
1330,1,2072,1059,1013,0,0,0,1.0,1,1.0,1,1.0,1,0.23191669029244344,50
1331,2,2074,1060,1014,0,0,0,1.0,1,1.0,1,1.0,1,0.25402103370400425,50
1332,2,2076,1062,1014,0,0,0,1.0,1,1.0,1,1.0,1,0.22789517414023314,51
1333,0,2076,1062,1014,0,0,0,1.0,1,1.0,1,1.0,1,0.23343304210938298,52
1334,2,2078,1062,1016,0,0,0,1.0,1,1.0,1,1.0,1,0.22838134209762262,54
1335,0,2078,1062,1016,0,0,0,1.0,1,1.0,1,1.0,1,0.22838134209762262,54
1336,3,2081,1062,1019,0,0,0,1.0,1,1.0,1,1.0,1,0.19058841038236715,56
1337,5,2086,1064,1022,0,0,0,1.0,1,1.0,1,1.0,1,0.20945068289554514,57
1338,1,2087,1065,1022,0,0,0,1.0,1,1.0,1,1.0,1,0.23037310523493296,57
1339,2,2089,1067,1022,0,0,0,1.0,1,1.0,1,1.0,1,0.2689553947623431,58
1340,5,2094,1067,1027,0,0,0,1.0,1,1.0,1,1.0,1,0.20944838203255425,59
1341,1,2095,1068,1027,0,0,0,1.0,1,1.0,1,1.0,1,0.18684614518811804,57
1342,2,2097,1070,1027,0,0,0,1.0,1,1.0,1,1.0,1,0.2131927989043166,57
1343,3,2100,1071,1029,0,0,0,1.0,1,1.0,1,1.0,1,0.19180978686373693,55
1344,3,2103,1073,1030,0,0,0,1.0,1,1.0,1,1.0,1,0.19821808094376997,54
1345,2,2105,1074,1031,0,0,0,1.0,1,1.0,1,1.0,1,0.17360527760494432,53
1346,0,2105,1074,1031,0,0,0,1.0,1,1.0,1,1.0,1,0.16870835257494068,53
1347,0,2105,1074,1031,0,0,0,1.0,1,1.0,1,1.0,1,0.13844624700536762,51
1348,1,2106,1075,1031,0,0,0,1.0,1,1.0,1,1.0,1,0.17217524276709234,52
1349,0,2106,1075,1031,0,0,0,1.0,1,1.0,1,1.0,1,0.16007298535486572,50
1350,1,2107,1076,1031,0,0,0,1.0,1,1.0,1,1.0,1,0.17676813021744492,51
1351,1,2108,1077,1031,0,0,0,1.0,1,1.0,1,1.0,1,0.18696634974819737,50
1352,2,2110,1078,1032,0,0,0,1.0,1,1.0,1,1.0,1,0.16450942327233006,50
1353,1,2111,1079,1032,0,0,0,1.0,1,1.0,1,1.0,1,0.18469639213901395,50
1354,1,2112,1080,1032,0,0,0,1.0,1,1.0,1,1.0,1,0.20184470918832548,51
1355,2,2114,1081,1033,0,0,0,1.0,1,1.0,1,1.0,1,0.16341049120632192,53
1356,1,2115,1082,1033,0,0,0,1.0,1,1.0,1,1.0,1,0.17026722981129822,52
1357,4,2119,1083,1036,0,0,0,1.0,1,1.0,1,1.0,1,0.15612172130674667,52
1358,2,2121,1084,1037,0,0,0,1.0,1,1.0,1,1.0,1,0.17646182780244704,53
1359,2,2123,1086,1037,0,0,0,1.0,1,1.0,1,1.0,1,0.23746264120279215,54
1360,4,2127,1087,1040,0,0,0,1.0,1,1.0,1,1.0,1,0.22343899861640065,55
1361,3,2130,1088,1042,0,0,0,1.0,1,1.0,1,1.0,1,0.20279391332365038,55
1362,2,2132,1088,1044,0,0,0,1.0,1,1.0,1,1.0,1,0.15356049852300352,56
1363,0,2132,1088,1044,0,0,0,1.0,1,1.0,1,1.0,1,0.15356049852300352,56
1364,0,2132,1088,1044,0,0,0,1.0,1,1.0,1,1.0,1,0.1483623068116033,55
1365,1,2133,1089,1044,0,0,0,1.0,1,1.0,1,1.0,1,0.15227707753345956,56
1366,3,2136,1090,1046,0,0,0,1.0,1,1.0,1,1.0,1,0.15086966725509662,57
1367,1,2137,1090,1047,0,0,0,1.0,1,1.0,1,1.0,1,0.12360672920073891,57
1368,0,2137,1090,1047,0,0,0,1.0,1,1.0,1,1.0,1,0.1410629288483497,58
1369,2,2139,1092,1047,0,0,0,1.0,1,1.0,1,1.0,1,0.17468393082182543,59
1370,2,2141,1093,1048,0,0,0,1.0,1,1.0,1,1.0,1,0.17407624872989919,60
1371,2,2143,1094,1049,0,0,0,1.0,1,1.0,1,1.0,1,0.1547736652205227,59
1372,3,2146,1097,1049,0,0,0,1.0,1,1.0,1,1.0,1,0.1902350626903007,59
1373,4,2150,1099,1051,0,0,0,1.0,1,1.0,1,1.0,1,0.16981195765250348,59
1374,0,2150,1099,1051,0,0,0,1.0,1,1.0,1,1.0,1,0.16981195765250348,59
1375,5,2155,1099,1056,0,0,0,1.0,1,1.0,1,1.0,1,0.13487168101161703,62
1376,3,2158,1101,1057,0,0,0,1.0,1,1.0,1,1.0,1,0.14397857241690526,61
1377,1,2159,1102,1057,0,0,0,1.0,1,1.0,1,1.0,1,0.17091373212062166,63
1378,2,2161,1103,1058,0,0,0,1.0,1,1.0,1,1.0,1,0.16925892055358457,62
1379,2,2163,1105,1058,0,0,0,1.0,1,1.0,1,1.0,1,0.2374421273034856,61
1380,2,2165,1105,1060,0,0,0,1.0,1,1.0,1,1.0,1,0.19979897257855717,60
1381,2,2167,1106,1061,0,0,0,1.0,1,1.0,1,1.0,1,0.18751569052230224,58
1382,1,2168,1107,1061,0,0,0,1.0,1,1.0,1,1.0,1,0.18914883728882734,56
1383,2,2170,1109,1061,0,0,0,1.0,1,1.0,1,1.0,1,0.18531949657973443,57
1384,2,2172,1110,1062,0,0,0,1.0,1,1.0,1,1.0,1,0.18238691100339288,55
1385,2,2174,1111,1063,0,0,0,1.0,1,1.0,1,1.0,1,0.17850516065811703,55
1386,4,2178,1113,1065,0,0,0,1.0,1,1.0,1,1.0,1,0.15895572571842562,54
1387,1,2179,1113,1066,0,0,0,1.0,1,1.0,1,1.0,1,0.14787754494869823,53
1388,2,2181,1115,1066,0,0,0,1.0,1,1.0,1,1.0,1,0.1956731885932524,52
1389,2,2183,1115,1068,0,0,0,1.0,1,1.0,1,1.0,1,0.1995633552140428,52
1390,1,2184,1115,1069,0,0,0,1.0,1,1.0,1,1.0,1,0.18891040318565167,51
1391,0,2184,1115,1069,0,0,0,1.0,1,1.0,1,1.0,1,0.20213614467954794,52
1392,1,2185,1116,1069,0,0,0,1.0,1,1.0,1,1.0,1,0.19956703993397837,51
1393,2,2187,1117,1070,0,0,0,1.0,1,1.0,1,1.0,1,0.2003953246229726,51
1394,0,2187,1117,1070,0,0,0,1.0,1,1.0,1,1.0,1,0.21695488637227198,52
1395,0,2187,1117,1070,0,0,0,1.0,1,1.0,1,1.0,1,0.21695488637227198,52
1396,0,2187,1117,1070,0,0,0,1.0,1,1.0,1,1.0,1,0.20464415838622882,53
1397,3,2190,1117,1073,0,0,0,1.0,1,1.0,1,1.0,1,0.18596485747665767,56
1398,3,2193,1118,1075,0,0,0,1.0,1,1.0,1,1.0,1,0.17538336882449126,56
1399,4,2197,1120,1077,0,0,0,1.0,1,1.0,1,1.0,1,0.15645955268896758,57
1400,0,2197,1120,1077,0,0,0,1.0,1,1.0,1,1.0,1,0.15645955268896758,57
1401,1,2198,1120,1078,0,0,0,1.0,1,1.0,1,1.0,1,0.14295626279056187,57
1402,3,2201,1122,1079,0,0,0,1.0,1,1.0,1,1.0,1,0.16104039265230746,57
1403,0,2201,1122,1079,0,0,0,1.0,1,1.0,1,1.0,1,0.1748132444105881,56
1404,0,2201,1122,1079,0,0,0,1.0,1,1.0,1,1.0,1,0.1841232634101712,58
1405,2,2203,1123,1080,0,0,0,1.0,1,1.0,1,1.0,1,0.24150971280998285,58
1406,3,2206,1123,1083,0,0,0,1.0,1,1.0,1,1.0,1,0.2167330296143815,58
1407,0,2206,1123,1083,0,0,0,1.0,1,1.0,1,1.0,1,0.23366409160920698,57
1408,0,2206,1123,1083,0,0,0,1.0,1,1.0,1,1.0,1,0.24345263284153026,58
1409,0,2206,1123,1083,0,0,0,1.0,1,1.0,1,1.0,1,0.24654712951745886,57
1410,0,2206,1123,1083,0,0,0,1.0,1,1.0,1,1.0,1,0.24654712951745886,57
1411,1,2207,1123,1084,0,0,0,1.0,1,1.0,1,1.0,1,0.2588970863430114,56
1412,1,2208,1123,1085,0,0,0,1.0,1,1.0,1,1.0,1,0.25378257415630573,55
1413,3,2211,1123,1088,0,0,0,1.0,1,1.0,1,1.0,1,0.23130840701655608,57
1414,1,2212,1123,1089,0,0,0,1.0,1,1.0,1,1.0,1,0.21756228979825779,57
1415,1,2213,1124,1089,0,0,0,1.0,1,1.0,1,1.0,1,0.22224584015598703,60
1416,2,2215,1125,1090,0,0,0,1.0,1,1.0,1,1.0,1,0.204532996903648,61
1417,1,2216,1125,1091,0,0,0,1.0,1,1.0,1,1.0,1,0.15729701280891814,59
1418,1,2217,1125,1092,0,0,0,1.0,1,1.0,1,1.0,1,0.16816212791240442,60
1419,2,2219,1127,1092,0,0,0,1.0,1,1.0,1,1.0,1,0.16863074048324836,59
1420,1,2220,1127,1093,0,0,0,1.0,1,1.0,1,1.0,1,0.1595104875676682,58
1421,1,2221,1127,1094,0,0,0,1.0,1,1.0,1,1.0,1,0.14697546020673397,57
1422,2,2223,1129,1094,0,0,0,1.0,1,1.0,1,1.0,1,0.1571024679044654,57
1423,2,2225,1130,1095,0,0,0,1.0,1,1.0,1,1.0,1,0.1622241110463965,56
1424,0,2225,1130,1095,0,0,0,1.0,1,1.0,1,1.0,1,0.15000097935812015,57
1425,3,2228,1132,1096,0,0,0,1.0,1,1.0,1,1.0,1,0.1687242736875962,54
1426,2,2230,1134,1096,0,0,0,1.0,1,1.0,1,1.0,1,0.2234731266324675,54
1427,5,2235,1137,1098,0,0,0,1.0,1,1.0,1,1.0,1,0.23551898597217014,53
1428,2,2237,1139,1098,0,0,0,1.0,1,1.0,1,1.0,1,0.22288545950683716,52
1429,1,2238,1139,1099,0,0,0,1.0,1,1.0,1,1.0,1,0.20457383555828024,52
1430,1,2239,1140,1099,0,0,0,1.0,1,1.0,1,1.0,1,0.22791676111354064,51
1431,1,2240,1140,1100,0,0,0,1.0,1,1.0,1,1.0,1,0.21167497484462114,51
1432,4,2244,1142,1102,0,0,0,1.0,1,1.0,1,1.0,1,0.20732514253905632,52
1433,2,2246,1143,1103,0,0,0,1.0,1,1.0,1,1.0,1,0.22080554456307241,52
1434,4,2250,1144,1106,0,0,0,1.0,1,1.0,1,1.0,1,0.1490686429041066,52
1435,1,2251,1145,1106,0,0,0,1.0,1,1.0,1,1.0,1,0.18126540157349502,50
1436,3,2254,1148,1106,0,0,0,1.0,1,1.0,1,1.0,1,0.22204257753738443,50
1437,2,2256,1149,1107,0,0,0,1.0,1,1.0,1,1.0,1,0.23237182791122088,49
1438,3,2259,1150,1109,0,0,0,1.0,1,1.0,1,1.0,1,0.23193816895508015,49
1439,3,2262,1152,1110,0,0,0,1.0,1,1.0,1,1.0,1,0.2751078450728345,50
1440,3,2265,1155,1110,0,0,0,1.0,1,1.0,1,1.0,1,0.3013409983877361,50
1441,5,2270,1156,1114,0,0,0,1.0,1,1.0,1,1.0,1,0.2438632243647317,51
1442,2,2272,1156,1116,0,0,0,1.0,1,1.0,1,1.0,1,0.23000978337331565,50
1443,1,2273,1156,1117,0,0,0,1.0,1,1.0,1,1.0,1,0.21911886154495547,51
1444,1,2274,1156,1118,0,0,0,1.0,1,1.0,1,1.0,1,0.20295206407331665,51
1445,1,2275,1156,1119,0,0,0,1.0,1,1.0,1,1.0,1,0.18794678037146156,51
1446,1,2276,1156,1120,0,0,0,1.0,1,1.0,1,1.0,1,0.17208578734544847,51
1447,1,2277,1156,1121,0,0,0,1.0,1,1.0,1,1.0,1,0.15316611090207272,51
1448,0,2277,1156,1121,0,0,0,1.0,1,1.0,1,1.0,1,0.15316611090207272,51
1449,0,2277,1156,1121,0,0,0,1.0,1,1.0,1,1.0,1,0.15316611090207272,51
1450,1,2278,1157,1121,0,0,0,1.0,1,1.0,1,1.0,1,0.13506632319358952,52
1451,1,2279,1157,1122,0,0,0,1.0,1,1.0,1,1.0,1,0.1336948335488414,54
1452,1,2280,1157,1123,0,0,0,1.0,1,1.0,1,1.0,1,0.15786630220660994,56
1453,2,2282,1158,1124,0,0,0,1.0,1,1.0,1,1.0,1,0.1689213244332489,56
1454,6,2288,1160,1128,0,0,0,1.0,1,1.0,1,1.0,1,0.18136467920279037,58
1455,3,2291,1162,1129,0,0,0,1.0,1,1.0,1,1.0,1,0.20371134945566613,55
1456,3,2294,1162,1132,0,0,0,1.0,1,1.0,1,1.0,1,0.1865992439525557,56
1457,2,2296,1163,1133,0,0,0,1.0,1,1.0,1,1.0,1,0.22442663253676626,54
1458,3,2299,1165,1134,0,0,0,1.0,1,1.0,1,1.0,1,0.21743597261514647,52
1459,2,2301,1165,1136,0,0,0,1.0,1,1.0,1,1.0,1,0.20012902456029405,52
1460,0,2301,1165,1136,0,0,0,1.0,1,1.0,1,1.0,1,0.19389903273180586,50
1461,2,2303,1167,1136,0,0,0,1.0,1,1.0,1,1.0,1,0.19335459080895673,53
1462,6,2309,1171,1138,0,0,0,1.0,1,1.0,1,1.0,1,0.19254444729351824,51
1463,1,2310,1172,1138,0,0,0,1.0,1,1.0,1,1.0,1,0.2245627201406977,51
1464,3,2313,1173,1140,0,0,0,1.0,1,1.0,1,1.0,1,0.21625304561963452,51
1465,1,2314,1173,1141,0,0,0,1.0,1,1.0,1,1.0,1,0.2327016411131058,49
1466,2,2316,1175,1141,0,0,0,1.0,1,1.0,1,1.0,1,0.23969277857492974,49
1467,2,2318,1177,1141,0,0,0,1.0,1,1.0,1,1.0,1,0.28978622306487417,47
1468,1,2319,1177,1142,0,0,0,1.0,1,1.0,1,1.0,1,0.2472506561440474,48
1469,2,2321,1179,1142,0,0,0,1.0,1,1.0,1,1.0,1,0.29632727849736284,47
1470,2,2323,1179,1144,0,0,0,1.0,1,1.0,1,1.0,1,0.23431209193156152,49
1471,1,2324,1179,1145,0,0,0,1.0,1,1.0,1,1.0,1,0.23988308675366127,48
1472,1,2325,1179,1146,0,0,0,1.0,1,1.0,1,1.0,1,0.2012616853966719,48
1473,1,2326,1179,1147,0,0,0,1.0,1,1.0,1,1.0,1,0.20155711828964673,49
1474,0,2326,1179,1147,0,0,0,1.0,1,1.0,1,1.0,1,0.20155711828964673,49
1475,1,2327,1179,1148,0,0,0,1.0,1,1.0,1,1.0,1,0.1873503123239837,49
1476,2,2329,1180,1149,0,0,0,1.0,1,1.0,1,1.0,1,0.20313876109935264,51
1477,2,2331,1180,1151,0,0,0,1.0,1,1.0,1,1.0,1,0.17057455381540187,51
1478,2,2333,1181,1152,0,0,0,1.0,1,1.0,1,1.0,1,0.14237354843826244,52
1479,1,2334,1181,1153,0,0,0,1.0,1,1.0,1,1.0,1,0.13558350748804798,53
1480,1,2335,1182,1153,0,0,0,1.0,1,1.0,1,1.0,1,0.15193861776505496,53
1481,0,2335,1182,1153,0,0,0,1.0,1,1.0,1,1.0,1,0.15193861776505496,53
1482,3,2338,1183,1155,0,0,0,1.0,1,1.0,1,1.0,1,0.16960197720302966,52
1483,1,2339,1183,1156,0,0,0,1.0,1,1.0,1,1.0,1,0.14613470901716974,52
1484,1,2340,1183,1157,0,0,0,1.0,1,1.0,1,1.0,1,0.1762549390307283,53
1485,0,2340,1183,1157,0,0,0,1.0,1,1.0,1,1.0,1,0.1762549390307283,53
1486,2,2342,1183,1159,0,0,0,1.0,1,1.0,1,1.0,1,0.18943046495945423,54
1487,2,2344,1184,1160,0,0,0,1.0,1,1.0,1,1.0,1,0.1781617564290627,55
1488,1,2345,1184,1161,0,0,0,1.0,1,1.0,1,1.0,1,0.18328914442182956,57
1489,3,2348,1187,1161,0,0,0,1.0,1,1.0,1,1.0,1,0.1957471386356442,58
1490,1,2349,1187,1162,0,0,0,1.0,1,1.0,1,1.0,1,0.17800467436484366,58
1491,4,2353,1189,1164,0,0,0,1.0,1,1.0,1,1.0,1,0.1696961730911408,59
1492,0,2353,1189,1164,0,0,0,1.0,1,1.0,1,1.0,1,0.1696961730911408,59
1493,0,2353,1189,1164,0,0,0,1.0,1,1.0,1,1.0,1,0.1622344382970704,58
1494,1,2354,1190,1164,0,0,0,1.0,1,1.0,1,1.0,1,0.18348029900732907,58
1495,2,2356,1192,1164,0,0,0,1.0,1,1.0,1,1.0,1,0.21219148403784122,57
1496,1,2357,1192,1165,0,0,0,1.0,1,1.0,1,1.0,1,0.18365141918555078,59
1497,2,2359,1193,1166,0,0,0,1.0,1,1.0,1,1.0,1,0.187272466400669,58
1498,1,2360,1194,1166,0,0,0,1.0,1,1.0,1,1.0,1,0.20930362676631376,58
1499,1,2361,1194,1167,0,0,0,1.0,1,1.0,1,1.0,1,0.18417565466798205,56
1500,1,2362,1195,1167,0,0,0,1.0,1,1.0,1,1.0,1,0.19594860579795606,57
1501,1,2363,1196,1167,0,0,0,1.0,1,1.0,1,1.0,1,0.1862969447280818,55
1502,3,2366,1197,1169,0,0,0,1.0,1,1.0,1,1.0,1,0.1541917898471243,55
1503,1,2367,1198,1169,0,0,0,1.0,1,1.0,1,1.0,1,0.18295857846095237,54
1504,2,2369,1199,1170,0,0,0,1.0,1,1.0,1,1.0,1,0.15272321339864878,55
1505,2,2371,1201,1170,0,0,0,1.0,1,1.0,1,1.0,1,0.1388844330089247,53
1506,1,2372,1202,1170,0,0,0,1.0,1,1.0,1,1.0,1,0.1809304283306894,55
1507,2,2374,1203,1171,0,0,0,1.0,1,1.0,1,1.0,1,0.1597599233301473,53
1508,7,2381,1207,1174,0,0,0,1.0,1,1.0,1,1.0,1,0.19697844566914777,53
1509,2,2383,1207,1176,0,0,0,1.0,1,1.0,1,1.0,1,0.16484151392919028,52
1510,1,2384,1208,1176,0,0,0,1.0,1,1.0,1,1.0,1,0.18956398814180142,50
1511,1,2385,1209,1176,0,0,0,1.0,1,1.0,1,1.0,1,0.20836075298882453,49
1512,5,2390,1212,1178,0,0,0,1.0,1,1.0,1,1.0,1,0.2319925459847358,48
1513,4,2394,1213,1181,0,0,0,1.0,1,1.0,1,1.0,1,0.22661979928374587,47
1514,1,2395,1214,1181,0,0,0,1.0,1,1.0,1,1.0,1,0.20958035957687352,48
1515,2,2397,1214,1183,0,0,0,1.0,1,1.0,1,1.0,1,0.17755989290545313,48
1516,1,2398,1214,1184,0,0,0,1.0,1,1.0,1,1.0,1,0.14931923928429341,47
1517,1,2399,1214,1185,0,0,0,1.0,1,1.0,1,1.0,1,0.16228947177046274,48
1518,1,2400,1215,1185,0,0,0,1.0,1,1.0,1,1.0,1,0.1603911923936177,48
1519,0,2400,1215,1185,0,0,0,1.0,1,1.0,1,1.0,1,0.17628356115548985,47
1520,2,2402,1217,1185,0,0,0,1.0,1,1.0,1,1.0,1,0.21505403170245793,48
1521,2,2404,1217,1187,0,0,0,1.0,1,1.0,1,1.0,1,0.18511520481079122,49
1522,1,2405,1218,1187,0,0,0,1.0,1,1.0,1,1.0,1,0.2043061920317825,48
1523,3,2408,1219,1189,0,0,0,1.0,1,1.0,1,1.0,1,0.20617301007483788,49
1524,3,2411,1220,1191,0,0,0,1.0,1,1.0,1,1.0,1,0.19675109458309417,49
1525,3,2414,1221,1193,0,0,0,1.0,1,1.0,1,1.0,1,0.20547996328488288,51
1526,1,2415,1221,1194,0,0,0,1.0,1,1.0,1,1.0,1,0.18454424705121905,52
1527,3,2418,1222,1196,0,0,0,1.0,1,1.0,1,1.0,1,0.2146097257848626,54
1528,0,2418,1222,1196,0,0,0,1.0,1,1.0,1,1.0,1,0.2146097257848626,54
1529,0,2418,1222,1196,0,0,0,1.0,1,1.0,1,1.0,1,0.2146097257848626,54
1530,1,2419,1222,1197,0,0,0,1.0,1,1.0,1,1.0,1,0.2227098526906579,54
1531,3,2422,1222,1200,0,0,0,1.0,1,1.0,1,1.0,1,0.17464254292158773,54
1532,1,2423,1223,1200,0,0,0,1.0,1,1.0,1,1.0,1,0.17963959955177536,54
1533,1,2424,1223,1201,0,0,0,1.0,1,1.0,1,1.0,1,0.15557941513844017,54
1534,0,2424,1223,1201,0,0,0,1.0,1,1.0,1,1.0,1,0.15557941513844017,54
1535,0,2424,1223,1201,0,0,0,1.0,1,1.0,1,1.0,1,0.15557941513844017,54
1536,1,2425,1223,1202,0,0,0,1.0,1,1.0,1,1.0,1,0.1474744018763178,55
1537,1,2426,1223,1203,0,0,0,1.0,1,1.0,1,1.0,1,0.1556201717304422,53
1538,1,2427,1223,1204,0,0,0,1.0,1,1.0,1,1.0,1,0.14802725901726796,54
1539,0,2427,1223,1204,0,0,0,1.0,1,1.0,1,1.0,1,0.16708781651970128,54
1540,2,2429,1224,1205,0,0,0,1.0,1,1.0,1,1.0,1,0.16029641577516718,54
1541,0,2429,1224,1205,0,0,0,1.0,1,1.0,1,1.0,1,0.1623247660553865,54
1542,3,2432,1227,1205,0,0,0,1.0,1,1.0,1,1.0,1,0.23524172480436037,57
1543,3,2435,1229,1206,0,0,0,1.0,1,1.0,1,1.0,1,0.25309369329248477,55
1544,7,2442,1232,1210,0,0,0,1.0,1,1.0,1,1.0,1,0.21653484061017883,54
1545,6,2448,1233,1215,0,0,0,1.0,1,1.0,1,1.0,1,0.1695849216533439,54
1546,2,2450,1234,1216,0,0,0,1.0,1,1.0,1,1.0,1,0.16181657379773343,53
1547,3,2453,1236,1217,0,0,0,1.0,1,1.0,1,1.0,1,0.16230120465152315,53
1548,5,2458,1240,1218,0,0,0,1.0,1,1.0,1,1.0,1,0.16584481822121322,54
1549,1,2459,1241,1218,0,0,0,1.0,1,1.0,1,1.0,1,0.1535264963492363,52
1550,4,2463,1244,1219,0,0,0,1.0,1,1.0,1,1.0,1,0.14788347743427538,52
1551,7,2470,1248,1222,0,0,0,1.0,1,1.0,1,1.0,1,0.19013799873902948,52
1552,7,2477,1251,1226,0,0,0,1.0,1,1.0,1,1.0,1,0.18393346687744921,51
1553,6,2483,1254,1229,0,0,0,1.0,1,1.0,1,1.0,1,0.20155932560315734,51
1554,4,2487,1256,1231,0,0,0,1.0,1,1.0,1,1.0,1,0.1682225720292699,51
1555,0,2487,1256,1231,0,0,0,1.0,1,1.0,1,1.0,1,0.15786243593757765,50
1556,2,2489,1257,1232,0,0,0,1.0,1,1.0,1,1.0,1,0.1868500835504519,51
1557,2,2491,1258,1233,0,0,0,1.0,1,1.0,1,1.0,1,0.18778922131562895,51
1558,2,2493,1259,1234,0,0,0,1.0,1,1.0,1,1.0,1,0.1971386672419054,52
1559,7,2500,1261,1239,0,0,0,1.0,1,1.0,1,1.0,1,0.16777187740462604,53
1560,2,2502,1263,1239,0,0,0,1.0,1,1.0,1,1.0,1,0.14441707965901224,51
1561,0,2502,1263,1239,0,0,0,1.0,1,1.0,1,1.0,1,0.14441707965901224,51
1562,0,2502,1263,1239,0,0,0,1.0,1,1.0,1,1.0,1,0.15389340970521917,52
1563,0,2502,1263,1239,0,0,0,1.0,1,1.0,1,1.0,1,0.15389340970521917,52
1564,0,2502,1263,1239,0,0,0,1.0,1,1.0,1,1.0,1,0.18061968046324992,51
1565,1,2503,1264,1239,0,0,0,1.0,1,1.0,1,1.0,1,0.1725479242101519,53
1566,3,2506,1264,1242,0,0,0,1.0,1,1.0,1,1.0,1,0.1723893683691276,53
1567,1,2507,1264,1243,0,0,0,1.0,1,1.0,1,1.0,1,0.18518859171312216,52
1568,1,2508,1265,1243,0,0,0,1.0,1,1.0,1,1.0,1,0.21295684875726725,52
1569,3,2511,1266,1245,0,0,0,1.0,1,1.0,1,1.0,1,0.17132469062395533,49
1570,1,2512,1266,1246,0,0,0,1.0,1,1.0,1,1.0,1,0.17451983109763508,48
1571,3,2515,1267,1248,0,0,0,1.0,1,1.0,1,1.0,1,0.15783465906197167,46
1572,1,2516,1268,1248,0,0,0,1.0,1,1.0,1,1.0,1,0.1478892355279184,47
1573,0,2516,1268,1248,0,0,0,1.0,1,1.0,1,1.0,1,0.14452172282209116,48
1574,2,2518,1270,1248,0,0,0,1.0,1,1.0,1,1.0,1,0.14856253993100804,46
1575,4,2522,1273,1249,0,0,0,1.0,1,1.0,1,1.0,1,0.2197069346928714,47
1576,10,2532,1277,1255,0,0,0,1.0,1,1.0,1,1.0,1,0.1348154224208921,46
1577,0,2532,1277,1255,0,0,0,1.0,1,1.0,1,1.0,1,0.13765860841206018,45
1578,1,2533,1278,1255,0,0,0,1.0,1,1.0,1,1.0,1,0.15813176995588557,44
1579,0,2533,1278,1255,0,0,0,1.0,1,1.0,1,1.0,1,0.17135958288003325,43
1580,0,2533,1278,1255,0,0,0,1.0,1,1.0,1,1.0,1,0.17135958288003325,43
1581,0,2533,1278,1255,0,0,0,1.0,1,1.0,1,1.0,1,0.2047960036954313,42
1582,2,2535,1280,1255,0,0,0,1.0,1,1.0,1,1.0,1,0.22188179884389272,42
1583,2,2537,1281,1256,0,0,0,1.0,1,1.0,1,1.0,1,0.22318077240603795,43
1584,2,2539,1282,1257,0,0,0,1.0,1,1.0,1,1.0,1,0.16692980154969125,41
1585,2,2541,1284,1257,0,0,0,1.0,1,1.0,1,1.0,1,0.18257557031482374,43
1586,1,2542,1285,1257,0,0,0,1.0,1,1.0,1,1.0,1,0.17794613991271743,42
1587,1,2543,1286,1257,0,0,0,1.0,1,1.0,1,1.0,1,0.19557006770098734,42
1588,3,2546,1288,1258,0,0,0,1.0,1,1.0,1,1.0,1,0.2558964424989928,42
1589,3,2549,1289,1260,0,0,0,1.0,1,1.0,1,1.0,1,0.2089019902792499,42
1590,0,2549,1289,1260,0,0,0,1.0,1,1.0,1,1.0,1,0.21684297150684798,41
1591,0,2549,1289,1260,0,0,0,1.0,1,1.0,1,1.0,1,0.22400668430923568,40
1592,4,2553,1290,1263,0,0,0,1.0,1,1.0,1,1.0,1,0.2212435467435912,39
1593,4,2557,1292,1265,0,0,0,1.0,1,1.0,1,1.0,1,0.19779500627603278,39
1594,0,2557,1292,1265,0,0,0,1.0,1,1.0,1,1.0,1,0.18650340651619796,39
1595,3,2560,1294,1266,0,0,0,1.0,1,1.0,1,1.0,1,0.2520208170681373,42
1596,0,2560,1294,1266,0,0,0,1.0,1,1.0,1,1.0,1,0.25578538025822994,41
1597,0,2560,1294,1266,0,0,0,1.0,1,1.0,1,1.0,1,0.25578538025822994,41
1598,0,2560,1294,1266,0,0,0,1.0,1,1.0,1,1.0,1,0.2602290028397889,39
1599,1,2561,1295,1266,0,0,0,1.0,1,1.0,1,1.0,1,0.251145461600957,39
1600,2,2563,1296,1267,0,0,0,1.0,1,1.0,1,1.0,1,0.25427094958544816,40
1601,4,2567,1298,1269,0,0,0,1.0,1,1.0,1,1.0,1,0.25468986785598763,41
1602,1,2568,1298,1270,0,0,0,1.0,1,1.0,1,1.0,1,0.22112286241451176,41
1603,3,2571,1299,1272,0,0,0,1.0,1,1.0,1,1.0,1,0.24706006862293384,43
1604,1,2572,1299,1273,0,0,0,1.0,1,1.0,1,1.0,1,0.22359381296396466,43
1605,2,2574,1300,1274,0,0,0,1.0,1,1.0,1,1.0,1,0.2469474867395583,44
1606,1,2575,1301,1274,0,0,0,1.0,1,1.0,1,1.0,1,0.25218192964896846,44
1607,2,2577,1302,1275,0,0,0,1.0,1,1.0,1,1.0,1,0.2508711591623974,42
1608,3,2580,1304,1276,0,0,0,1.0,1,1.0,1,1.0,1,0.24091613285845065,41
1609,0,2580,1304,1276,0,0,0,1.0,1,1.0,1,1.0,1,0.20735759467947454,39
1610,2,2582,1305,1277,0,0,0,1.0,1,1.0,1,1.0,1,0.20996794550795578,39
1611,1,2583,1305,1278,0,0,0,1.0,1,1.0,1,1.0,1,0.17186083767822455,40
1612,0,2583,1305,1278,0,0,0,1.0,1,1.0,1,1.0,1,0.15436497961138718,39
1613,1,2584,1305,1279,0,0,0,1.0,1,1.0,1,1.0,1,0.1788053932414691,41
1614,1,2585,1306,1279,0,0,0,1.0,1,1.0,1,1.0,1,0.1565170497120164,41
1615,0,2585,1306,1279,0,0,0,1.0,1,1.0,1,1.0,1,0.1565170497120164,41
1616,1,2586,1307,1279,0,0,0,1.0,1,1.0,1,1.0,1,0.20080143394859293,43
1617,2,2588,1309,1279,0,0,0,1.0,1,1.0,1,1.0,1,0.24387640745944797,44
1618,2,2590,1310,1280,0,0,0,1.0,1,1.0,1,1.0,1,0.2549096529676931,44
1619,2,2592,1311,1281,0,0,0,1.0,1,1.0,1,1.0,1,0.2823032917046748,44
1620,6,2598,1313,1285,0,0,0,1.0,1,1.0,1,1.0,1,0.2830377117606079,45
1621,1,2599,1313,1286,0,0,0,1.0,1,1.0,1,1.0,1,0.30181042017937143,44
1622,1,2600,1314,1286,0,0,0,1.0,1,1.0,1,1.0,1,0.3170121437023079,44
1623,2,2602,1314,1288,0,0,0,1.0,1,1.0,1,1.0,1,0.3163676867451465,43
1624,0,2602,1314,1288,0,0,0,1.0,1,1.0,1,1.0,1,0.2923793160688942,43
1625,1,2603,1315,1288,0,0,0,1.0,1,1.0,1,1.0,1,0.31544805367441076,43
1626,1,2604,1316,1288,0,0,0,1.0,1,1.0,1,1.0,1,0.3175783074718018,42
1627,0,2604,1316,1288,0,0,0,1.0,1,1.0,1,1.0,1,0.3189248703924654,42
1628,3,2607,1318,1289,0,0,0,1.0,1,1.0,1,1.0,1,0.34356561211300524,42
1629,2,2609,1318,1291,0,0,0,1.0,1,1.0,1,1.0,1,0.311120923224593,41
1630,3,2612,1321,1291,0,0,0,1.0,1,1.0,1,1.0,1,0.38387755297583886,41
1631,4,2616,1322,1294,0,0,0,1.0,1,1.0,1,1.0,1,0.3476608203453829,40
1632,3,2619,1322,1297,0,0,0,1.0,1,1.0,1,1.0,1,0.2944967723077536,39
1633,0,2619,1322,1297,0,0,0,1.0,1,1.0,1,1.0,1,0.2944967723077536,39
1634,3,2622,1322,1300,0,0,0,1.0,1,1.0,1,1.0,1,0.23865432162895275,39
1635,1,2623,1322,1301,0,0,0,1.0,1,1.0,1,1.0,1,0.22403819725236584,40
1636,3,2626,1323,1303,0,0,0,1.0,1,1.0,1,1.0,1,0.21310494828253343,41
1637,1,2627,1323,1304,0,0,0,1.0,1,1.0,1,1.0,1,0.21467991884834012,41
1638,3,2630,1324,1306,0,0,0,1.0,1,1.0,1,1.0,1,0.2406994838148536,42
1639,1,2631,1324,1307,0,0,0,1.0,1,1.0,1,1.0,1,0.21655670886968847,43
1640,0,2631,1324,1307,0,0,0,1.0,1,1.0,1,1.0,1,0.21655670886968847,43
1641,0,2631,1324,1307,0,0,0,1.0,1,1.0,1,1.0,1,0.2179604509675564,44
1642,7,2638,1327,1311,0,0,0,1.0,1,1.0,1,1.0,1,0.22461106585198704,45
1643,2,2640,1329,1311,0,0,0,1.0,1,1.0,1,1.0,1,0.20872651664005074,44
1644,1,2641,1330,1311,0,0,0,1.0,1,1.0,1,1.0,1,0.24736359110926162,45
1645,1,2642,1330,1312,0,0,0,1.0,1,1.0,1,1.0,1,0.2431904351383905,44
1646,3,2645,1332,1313,0,0,0,1.0,1,1.0,1,1.0,1,0.20235663813355045,43
1647,1,2646,1333,1313,0,0,0,1.0,1,1.0,1,1.0,1,0.23526334145087166,43
1648,2,2648,1333,1315,0,0,0,1.0,1,1.0,1,1.0,1,0.24029064356785246,42
1649,0,2648,1333,1315,0,0,0,1.0,1,1.0,1,1.0,1,0.26288726092167847,41
1650,0,2648,1333,1315,0,0,0,1.0,1,1.0,1,1.0,1,0.26288726092167847,41
1651,1,2649,1333,1316,0,0,0,1.0,1,1.0,1,1.0,1,0.23683961007547596,40
1652,0,2649,1333,1316,0,0,0,1.0,1,1.0,1,1.0,1,0.2475367940982408,39
1653,0,2649,1333,1316,0,0,0,1.0,1,1.0,1,1.0,1,0.2905403419336794,39
1654,1,2650,1333,1317,0,0,0,1.0,1,1.0,1,1.0,1,0.26047967512906267,39
1655,2,2652,1335,1317,0,0,0,1.0,1,1.0,1,1.0,1,0.28824718647274983,40
1656,1,2653,1335,1318,0,0,0,1.0,1,1.0,1,1.0,1,0.27419390790479553,40
1657,2,2655,1335,1320,0,0,0,1.0,1,1.0,1,1.0,1,0.22220423186667065,40
1658,2,2657,1335,1322,0,0,0,1.0,1,1.0,1,1.0,1,0.16131374279289593,40
1659,2,2659,1337,1322,0,0,0,1.0,1,1.0,1,1.0,1,0.18926751221125693,40
1660,1,2660,1338,1322,0,0,0,1.0,1,1.0,1,1.0,1,0.1727564893327134,41
1661,3,2663,1339,1324,0,0,0,1.0,1,1.0,1,1.0,1,0.16791305267378473,42
1662,2,2665,1341,1324,0,0,0,1.0,1,1.0,1,1.0,1,0.17060865435663153,44
1663,2,2667,1343,1324,0,0,0,1.0,1,1.0,1,1.0,1,0.23782292834565869,43
1664,3,2670,1345,1325,0,0,0,1.0,1,1.0,1,1.0,1,0.2425514527557078,42
1665,3,2673,1347,1326,0,0,0,1.0,1,1.0,1,1.0,1,0.2600949705273844,42
1666,6,2679,1350,1329,0,0,0,1.0,1,1.0,1,1.0,1,0.3076049391858505,43
1667,4,2683,1352,1331,0,0,0,1.0,1,1.0,1,1.0,1,0.2957831251124413,40
1668,2,2685,1353,1332,0,0,0,1.0,1,1.0,1,1.0,1,0.24276055887397757,40
1669,1,2686,1354,1332,0,0,0,1.0,1,1.0,1,1.0,1,0.230543512277627,40
1670,0,2686,1354,1332,0,0,0,1.0,1,1.0,1,1.0,1,0.21885067853526174,39
1671,0,2686,1354,1332,0,0,0,1.0,1,1.0,1,1.0,1,0.22530236879570242,39
1672,2,2688,1356,1332,0,0,0,1.0,1,1.0,1,1.0,1,0.27161366395457986,38
1673,3,2691,1357,1334,0,0,0,1.0,1,1.0,1,1.0,1,0.24459435806616459,38
1674,3,2694,1358,1336,0,0,0,1.0,1,1.0,1,1.0,1,0.17825741675493323,38
1675,1,2695,1359,1336,0,0,0,1.0,1,1.0,1,1.0,1,0.19739790579580824,39
1676,1,2696,1359,1337,0,0,0,1.0,1,1.0,1,1.0,1,0.14224950156286126,39
1677,0,2696,1359,1337,0,0,0,1.0,1,1.0,1,1.0,1,0.15607056627311128,40
1678,0,2696,1359,1337,0,0,0,1.0,1,1.0,1,1.0,1,0.1381504155515434,39
1679,0,2696,1359,1337,0,0,0,1.0,1,1.0,1,1.0,1,0.1381504155515434,39
1680,0,2696,1359,1337,0,0,0,1.0,1,1.0,1,1.0,1,0.15703679117412792,40
1681,0,2696,1359,1337,0,0,0,1.0,1,1.0,1,1.0,1,0.16545586738544987,41
1682,0,2696,1359,1337,0,0,0,1.0,1,1.0,1,1.0,1,0.1730818618769246,40
1683,5,2701,1362,1339,0,0,0,1.0,1,1.0,1,1.0,1,0.1933221225389909,43
1684,5,2706,1365,1341,0,0,0,1.0,1,1.0,1,1.0,1,0.22397639389982998,42
1685,2,2708,1366,1342,0,0,0,1.0,1,1.0,1,1.0,1,0.22067244310996725,41
1686,0,2708,1366,1342,0,0,0,1.0,1,1.0,1,1.0,1,0.22827431665369843,39
1687,5,2713,1369,1344,0,0,0,1.0,1,1.0,1,1.0,1,0.23720459045567646,41
1688,2,2715,1371,1344,0,0,0,1.0,1,1.0,1,1.0,1,0.2610600529857096,39
1689,4,2719,1373,1346,0,0,0,1.0,1,1.0,1,1.0,1,0.25542268540511587,37
1690,0,2719,1373,1346,0,0,0,1.0,1,1.0,1,1.0,1,0.2904171671666488,36
1691,2,2721,1374,1347,0,0,0,1.0,1,1.0,1,1.0,1,0.27757716500295354,36
1692,0,2721,1374,1347,0,0,0,1.0,1,1.0,1,1.0,1,0.2607069333478549,34
1693,1,2722,1375,1347,0,0,0,1.0,1,1.0,1,1.0,1,0.30676756005165884,33
1694,0,2722,1375,1347,0,0,0,1.0,1,1.0,1,1.0,1,0.32052228553624124,32
1695,1,2723,1375,1348,0,0,0,1.0,1,1.0,1,1.0,1,0.2921421313066687,32
1696,2,2725,1376,1349,0,0,0,1.0,1,1.0,1,1.0,1,0.31011401944002864,34
1697,1,2726,1376,1350,0,0,0,1.0,1,1.0,1,1.0,1,0.29587370511541294,34
1698,2,2728,1378,1350,0,0,0,1.0,1,1.0,1,1.0,1,0.28756022024464434,36
1699,1,2729,1379,1350,0,0,0,1.0,1,1.0,1,1.0,1,0.31286966694844415,36
1700,1,2730,1379,1351,0,0,0,1.0,1,1.0,1,1.0,1,0.31941719259892876,37
1701,2,2732,1380,1352,0,0,0,1.0,1,1.0,1,1.0,1,0.32210426857648794,39
1702,3,2735,1383,1352,0,0,0,1.0,1,1.0,1,1.0,1,0.3853397186461761,39
1703,2,2737,1383,1354,0,0,0,1.0,1,1.0,1,1.0,1,0.34846002278087984,38
1704,6,2743,1387,1356,0,0,0,1.0,1,1.0,1,1.0,1,0.34509406155342165,38
1705,2,2745,1388,1357,0,0,0,1.0,1,1.0,1,1.0,1,0.31418657873520367,37
1706,1,2746,1389,1357,0,0,0,1.0,1,1.0,1,1.0,1,0.3239198898407338,37
1707,2,2748,1390,1358,0,0,0,1.0,1,1.0,1,1.0,1,0.3070125416691276,36
1708,0,2748,1390,1358,0,0,0,1.0,1,1.0,1,1.0,1,0.29194368244860297,34
1709,2,2750,1391,1359,0,0,0,1.0,1,1.0,1,1.0,1,0.24245654889159443,34
1710,4,2754,1393,1361,0,0,0,1.0,1,1.0,1,1.0,1,0.2891136467290402,33
1711,2,2756,1394,1362,0,0,0,1.0,1,1.0,1,1.0,1,0.2819058038151839,32
1712,1,2757,1395,1362,0,0,0,1.0,1,1.0,1,1.0,1,0.3302394826794729,31
1713,1,2758,1395,1363,0,0,0,1.0,1,1.0,1,1.0,1,0.3217341313518347,32
1714,0,2758,1395,1363,0,0,0,1.0,1,1.0,1,1.0,1,0.3217341313518347,32
1715,1,2759,1395,1364,0,0,0,1.0,1,1.0,1,1.0,1,0.3028516970220642,32
1716,2,2761,1395,1366,0,0,0,1.0,1,1.0,1,1.0,1,0.25579695818059495,34
1717,0,2761,1395,1366,0,0,0,1.0,1,1.0,1,1.0,1,0.25579695818059495,34
1718,1,2762,1396,1366,0,0,0,1.0,1,1.0,1,1.0,1,0.27516043008943764,34
1719,1,2763,1397,1366,0,0,0,1.0,1,1.0,1,1.0,1,0.29738103749763006,34
1720,1,2764,1397,1367,0,0,0,1.0,1,1.0,1,1.0,1,0.27842288419745936,34
1721,0,2764,1397,1367,0,0,0,1.0,1,1.0,1,1.0,1,0.25793272745857043,35
1722,0,2764,1397,1367,0,0,0,1.0,1,1.0,1,1.0,1,0.24448361895906942,35
1723,0,2764,1397,1367,0,0,0,1.0,1,1.0,1,1.0,1,0.2622968170052231,34
1724,1,2765,1398,1367,0,0,0,1.0,1,1.0,1,1.0,1,0.23672162163752852,33
1725,1,2766,1399,1367,0,0,0,1.0,1,1.0,1,1.0,1,0.3034589491858494,35
1726,0,2766,1399,1367,0,0,0,1.0,1,1.0,1,1.0,1,0.3013588861556698,34
1727,1,2767,1400,1367,0,0,0,1.0,1,1.0,1,1.0,1,0.33495369659423874,34
1728,2,2769,1400,1369,0,0,0,1.0,1,1.0,1,1.0,1,0.27867638174093895,35
1729,1,2770,1401,1369,0,0,0,1.0,1,1.0,1,1.0,1,0.30961489536350445,35
1730,1,2771,1402,1369,0,0,0,1.0,1,1.0,1,1.0,1,0.32353851410075346,35
1731,1,2772,1403,1369,0,0,0,1.0,1,1.0,1,1.0,1,0.36939265929951054,35
1732,1,2773,1403,1370,0,0,0,1.0,1,1.0,1,1.0,1,0.361199850711115,35
1733,4,2777,1403,1374,0,0,0,1.0,1,1.0,1,1.0,1,0.28778757959495316,33
1734,2,2779,1405,1374,0,0,0,1.0,1,1.0,1,1.0,1,0.3439852938966088,34
1735,2,2781,1405,1376,0,0,0,1.0,1,1.0,1,1.0,1,0.27271417115827157,33
1736,4,2785,1407,1378,0,0,0,1.0,1,1.0,1,1.0,1,0.24534366366586957,33
1737,2,2787,1407,1380,0,0,0,1.0,1,1.0,1,1.0,1,0.21231007861806153,35
1738,1,2788,1408,1380,0,0,0,1.0,1,1.0,1,1.0,1,0.2130451930814866,36
1739,2,2790,1410,1380,0,0,0,1.0,1,1.0,1,1.0,1,0.24481120258138392,36
1740,6,2796,1411,1385,0,0,0,1.0,1,1.0,1,1.0,1,0.22302328862136736,37
1741,1,2797,1411,1386,0,0,0,1.0,1,1.0,1,1.0,1,0.164284266963339,36
1742,1,2798,1412,1386,0,0,0,1.0,1,1.0,1,1.0,1,0.11373811415872957,36
1743,1,2799,1413,1386,0,0,0,1.0,1,1.0,1,1.0,1,0.13739878222684734,37
1744,0,2799,1413,1386,0,0,0,1.0,1,1.0,1,1.0,1,0.15918025234440716,37
1745,6,2805,1417,1388,0,0,0,1.0,1,1.0,1,1.0,1,0.21607715501334746,38
1746,1,2806,1418,1388,0,0,0,1.0,1,1.0,1,1.0,1,0.21002680638292057,38
1747,0,2806,1418,1388,0,0,0,1.0,1,1.0,1,1.0,1,0.21637521254678382,37
1748,1,2807,1418,1389,0,0,0,1.0,1,1.0,1,1.0,1,0.1935657306105403,38
1749,2,2809,1420,1389,0,0,0,1.0,1,1.0,1,1.0,1,0.21648881249178367,38
1750,1,2810,1420,1390,0,0,0,1.0,1,1.0,1,1.0,1,0.2145784204538726,39
1751,3,2813,1421,1392,0,0,0,1.0,1,1.0,1,1.0,1,0.1882147385439133,41
1752,2,2815,1422,1393,0,0,0,1.0,1,1.0,1,1.0,1,0.16637036975701935,41
1753,2,2817,1423,1394,0,0,0,1.0,1,1.0,1,1.0,1,0.1747261972418328,41
1754,1,2818,1424,1394,0,0,0,1.0,1,1.0,1,1.0,1,0.1855066454564401,40
1755,1,2819,1425,1394,0,0,0,1.0,1,1.0,1,1.0,1,0.20857501003988718,41
1756,0,2819,1425,1394,0,0,0,1.0,1,1.0,1,1.0,1,0.22966034259198775,41
1757,0,2819,1425,1394,0,0,0,1.0,1,1.0,1,1.0,1,0.23375630566060285,40
1758,3,2822,1427,1395,0,0,0,1.0,1,1.0,1,1.0,1,0.29082870491398416,41
1759,3,2825,1429,1396,0,0,0,1.0,1,1.0,1,1.0,1,0.345990571416989,38
1760,3,2828,1430,1398,0,0,0,1.0,1,1.0,1,1.0,1,0.3661941426617403,38
1761,3,2831,1431,1400,0,0,0,1.0,1,1.0,1,1.0,1,0.3445924400236719,37
1762,2,2833,1431,1402,0,0,0,1.0,1,1.0,1,1.0,1,0.3131924451140934,37
1763,1,2834,1432,1402,0,0,0,1.0,1,1.0,1,1.0,1,0.3055478079671303,37
1764,2,2836,1433,1403,0,0,0,1.0,1,1.0,1,1.0,1,0.2901665885353708,36
1765,2,2838,1434,1404,0,0,0,1.0,1,1.0,1,1.0,1,0.27170568876816786,36
1766,2,2840,1435,1405,0,0,0,1.0,1,1.0,1,1.0,1,0.24328280578310202,37
1767,3,2843,1437,1406,0,0,0,1.0,1,1.0,1,1.0,1,0.2439965854314668,37
1768,3,2846,1438,1408,0,0,0,1.0,1,1.0,1,1.0,1,0.2486988160136755,37
1769,2,2848,1438,1410,0,0,0,1.0,1,1.0,1,1.0,1,0.1824740785427368,38
1770,1,2849,1439,1410,0,0,0,1.0,1,1.0,1,1.0,1,0.22606793324348573,39
1771,0,2849,1439,1410,0,0,0,1.0,1,1.0,1,1.0,1,0.22606793324348573,39
1772,0,2849,1439,1410,0,0,0,1.0,1,1.0,1,1.0,1,0.22606793324348573,39
1773,0,2849,1439,1410,0,0,0,1.0,1,1.0,1,1.0,1,0.20696009066450216,41
1774,0,2849,1439,1410,0,0,0,1.0,1,1.0,1,1.0,1,0.20696009066450216,41
1775,0,2849,1439,1410,0,0,0,1.0,1,1.0,1,1.0,1,0.22770264569673998,42
1776,4,2853,1440,1413,0,0,0,1.0,1,1.0,1,1.0,1,0.18389361532106935,43
1777,0,2853,1440,1413,0,0,0,1.0,1,1.0,1,1.0,1,0.18389361532106935,43
1778,1,2854,1441,1413,0,0,0,1.0,1,1.0,1,1.0,1,0.22186409991619688,44
1779,3,2857,1441,1416,0,0,0,1.0,1,1.0,1,1.0,1,0.19315333435151147,46
1780,1,2858,1441,1417,0,0,0,1.0,1,1.0,1,1.0,1,0.18199381906159087,46
1781,0,2858,1441,1417,0,0,0,1.0,1,1.0,1,1.0,1,0.18199381906159087,46
1782,1,2859,1442,1417,0,0,0,1.0,1,1.0,1,1.0,1,0.22297559379601842,46
1783,1,2860,1443,1417,0,0,0,1.0,1,1.0,1,1.0,1,0.21518305992587644,44
1784,0,2860,1443,1417,0,0,0,1.0,1,1.0,1,1.0,1,0.2038450504124464,45
1785,2,2862,1445,1417,0,0,0,1.0,1,1.0,1,1.0,1,0.2378277273297157,42
1786,3,2865,1448,1417,0,0,0,1.0,1,1.0,1,1.0,1,0.30052396579015633,43
1787,2,2867,1450,1417,0,0,0,1.0,1,1.0,1,1.0,1,0.3222253495770163,41
1788,7,2874,1451,1423,0,0,0,1.0,1,1.0,1,1.0,1,0.2770298853640561,41
1789,3,2877,1452,1425,0,0,0,1.0,1,1.0,1,1.0,1,0.23155517132056594,41
1790,0,2877,1452,1425,0,0,0,1.0,1,1.0,1,1.0,1,0.21674943245447445,41
1791,1,2878,1452,1426,0,0,0,1.0,1,1.0,1,1.0,1,0.17686901066581776,40
1792,2,2880,1454,1426,0,0,0,1.0,1,1.0,1,1.0,1,0.16975476236893394,40
1793,0,2880,1454,1426,0,0,0,1.0,1,1.0,1,1.0,1,0.20218847617850016,41
1794,4,2884,1457,1427,0,0,0,1.0,1,1.0,1,1.0,1,0.2142841679761326,41
1795,5,2889,1461,1428,0,0,0,1.0,1,1.0,1,1.0,1,0.16122732765241843,40
1796,3,2892,1464,1428,0,0,0,1.0,1,1.0,1,1.0,1,0.21389828613831938,40
1797,2,2894,1465,1429,0,0,0,1.0,1,1.0,1,1.0,1,0.18626983141629805,37
1798,0,2894,1465,1429,0,0,0,1.0,1,1.0,1,1.0,1,0.18626983141629805,37
1799,1,2895,1466,1429,0,0,0,1.0,1,1.0,1,1.0,1,0.24072108065159836,36
1800,0,2895,1466,1429,0,0,0,1.0,1,1.0,1,1.0,1,0.24072108065159836,36
1801,0,2895,1466,1429,0,0,0,1.0,1,1.0,1,1.0,1,0.20433051753344192,34
1802,0,2895,1466,1429,0,0,0,1.0,1,1.0,1,1.0,1,0.25240776300337353,33
1803,0,2895,1466,1429,0,0,0,1.0,1,1.0,1,1.0,1,0.25240776300337353,33
1804,2,2897,1468,1429,0,0,0,1.0,1,1.0,1,1.0,1,0.3039887416239858,33
1805,2,2899,1468,1431,0,0,0,1.0,1,1.0,1,1.0,1,0.2540192126659052,35
1806,2,2901,1470,1431,0,0,0,1.0,1,1.0,1,1.0,1,0.28820656208395296,35
1807,3,2904,1470,1434,0,0,0,1.0,1,1.0,1,1.0,1,0.25898301545184393,35
1808,0,2904,1470,1434,0,0,0,1.0,1,1.0,1,1.0,1,0.23549487285476112,36
1809,1,2905,1470,1435,0,0,0,1.0,1,1.0,1,1.0,1,0.2578897711747043,36
1810,0,2905,1470,1435,0,0,0,1.0,1,1.0,1,1.0,1,0.27888488702902126,35
1811,3,2908,1471,1437,0,0,0,1.0,1,1.0,1,1.0,1,0.27233473295743194,36
1812,1,2909,1471,1438,0,0,0,1.0,1,1.0,1,1.0,1,0.2775064699469265,36
1813,2,2911,1472,1439,0,0,0,1.0,1,1.0,1,1.0,1,0.23187300083573967,36
1814,0,2911,1472,1439,0,0,0,1.0,1,1.0,1,1.0,1,0.23046040069430607,34
1815,0,2911,1472,1439,0,0,0,1.0,1,1.0,1,1.0,1,0.239992786976385,35
1816,2,2913,1473,1440,0,0,0,1.0,1,1.0,1,1.0,1,0.27085662602600585,34
1817,2,2915,1475,1440,0,0,0,1.0,1,1.0,1,1.0,1,0.24105872287705837,34
1818,2,2917,1476,1441,0,0,0,1.0,1,1.0,1,1.0,1,0.22458917099204243,34
1819,4,2921,1478,1443,0,0,0,1.0,1,1.0,1,1.0,1,0.20355868718635511,35
1820,0,2921,1478,1443,0,0,0,1.0,1,1.0,1,1.0,1,0.1956881252376778,36
1821,0,2921,1478,1443,0,0,0,1.0,1,1.0,1,1.0,1,0.1956881252376778,36
1822,2,2923,1480,1443,0,0,0,1.0,1,1.0,1,1.0,1,0.21729135871162172,37
1823,3,2926,1482,1444,0,0,0,1.0,1,1.0,1,1.0,1,0.23617040013374482,38
1824,2,2928,1484,1444,0,0,0,1.0,1,1.0,1,1.0,1,0.2646957863073696,37
1825,2,2930,1485,1445,0,0,0,1.0,1,1.0,1,1.0,1,0.24816220854590149,36
1826,1,2931,1486,1445,0,0,0,1.0,1,1.0,1,1.0,1,0.2487995076091026,35
1827,2,2933,1488,1445,0,0,0,1.0,1,1.0,1,1.0,1,0.3149500018761633,35
1828,2,2935,1488,1447,0,0,0,1.0,1,1.0,1,1.0,1,0.2856796838214428,33
1829,3,2938,1488,1450,0,0,0,1.0,1,1.0,1,1.0,1,0.2131535489226541,32
1830,1,2939,1489,1450,0,0,0,1.0,1,1.0,1,1.0,1,0.2764137857257566,32
1831,0,2939,1489,1450,0,0,0,1.0,1,1.0,1,1.0,1,0.24969866182449652,30
1832,1,2940,1489,1451,0,0,0,1.0,1,1.0,1,1.0,1,0.23240453119864748,30
1833,3,2943,1490,1453,0,0,0,1.0,1,1.0,1,1.0,1,0.23324011524286792,29
1834,1,2944,1491,1453,0,0,0,1.0,1,1.0,1,1.0,1,0.22781238789430694,28
1835,2,2946,1493,1453,0,0,0,1.0,1,1.0,1,1.0,1,0.3928075476960422,28
1836,3,2949,1494,1455,0,0,0,1.0,1,1.0,1,1.0,1,0.329122015390857,29
1837,0,2949,1494,1455,0,0,0,1.0,1,1.0,1,1.0,1,0.3561279985985963,28
1838,1,2950,1495,1455,0,0,0,1.0,1,1.0,1,1.0,1,0.39118394692793723,28
1839,0,2950,1495,1455,0,0,0,1.0,1,1.0,1,1.0,1,0.41380004519438474,27
1840,2,2952,1495,1457,0,0,0,1.0,1,1.0,1,1.0,1,0.4100650771998907,26
1841,0,2952,1495,1457,0,0,0,1.0,1,1.0,1,1.0,1,0.40233817215391743,25
1842,3,2955,1496,1459,0,0,0,1.0,1,1.0,1,1.0,1,0.3555064278459424,26
1843,0,2955,1496,1459,0,0,0,1.0,1,1.0,1,1.0,1,0.3555064278459424,26
1844,1,2956,1497,1459,0,0,0,1.0,1,1.0,1,1.0,1,0.3448306470873872,26
1845,0,2956,1497,1459,0,0,0,1.0,1,1.0,1,1.0,1,0.3448306470873872,26
1846,3,2959,1499,1460,0,0,0,1.0,1,1.0,1,1.0,1,0.3566728850387977,26
1847,1,2960,1499,1461,0,0,0,1.0,1,1.0,1,1.0,1,0.3368046774466692,26
1848,2,2962,1500,1462,0,0,0,1.0,1,1.0,1,1.0,1,0.32514982189344943,27
1849,0,2962,1500,1462,0,0,0,1.0,1,1.0,1,1.0,1,0.32514982189344943,27
1850,1,2963,1500,1463,0,0,0,1.0,1,1.0,1,1.0,1,0.3263101570266548,28
1851,1,2964,1500,1464,0,0,0,1.0,1,1.0,1,1.0,1,0.30597827769083474,28
1852,0,2964,1500,1464,0,0,0,1.0,1,1.0,1,1.0,1,0.30597827769083474,28
1853,0,2964,1500,1464,0,0,0,1.0,1,1.0,1,1.0,1,0.31915025415182946,27
1854,0,2964,1500,1464,0,0,0,1.0,1,1.0,1,1.0,1,0.33534140285113045,28
1855,0,2964,1500,1464,0,0,0,1.0,1,1.0,1,1.0,1,0.33534140285113045,28
1856,0,2964,1500,1464,0,0,0,1.0,1,1.0,1,1.0,1,0.34757190553403516,30
1857,1,2965,1501,1464,0,0,0,1.0,1,1.0,1,1.0,1,0.3729813712149354,31
1858,3,2968,1504,1464,0,0,0,1.0,1,1.0,1,1.0,1,0.384809525957229,31
1859,1,2969,1504,1465,0,0,0,1.0,1,1.0,1,1.0,1,0.3546148838926235,31
1860,2,2971,1504,1467,0,0,0,1.0,1,1.0,1,1.0,1,0.3073339033454655,31
1861,2,2973,1505,1468,0,0,0,1.0,1,1.0,1,1.0,1,0.31950641186143386,31
1862,2,2975,1506,1469,0,0,0,1.0,1,1.0,1,1.0,1,0.2943562442538387,31
1863,2,2977,1507,1470,0,0,0,1.0,1,1.0,1,1.0,1,0.29587898291586073,31
1864,3,2980,1510,1470,0,0,0,1.0,1,1.0,1,1.0,1,0.350985086388971,30
1865,0,2980,1510,1470,0,0,0,1.0,1,1.0,1,1.0,1,0.3213607761584226,27
1866,1,2981,1511,1470,0,0,0,1.0,1,1.0,1,1.0,1,0.35736778138444314,28
1867,2,2983,1512,1471,0,0,0,1.0,1,1.0,1,1.0,1,0.3396889577947407,26
1868,2,2985,1513,1472,0,0,0,1.0,1,1.0,1,1.0,1,0.3598393052532901,26
1869,2,2987,1513,1474,0,0,0,1.0,1,1.0,1,1.0,1,0.31472716655076366,25
1870,1,2988,1514,1474,0,0,0,1.0,1,1.0,1,1.0,1,0.3389650799578503,25
1871,1,2989,1514,1475,0,0,0,1.0,1,1.0,1,1.0,1,0.3184435290922512,26
1872,0,2989,1514,1475,0,0,0,1.0,1,1.0,1,1.0,1,0.29576284789071394,25
1873,0,2989,1514,1475,0,0,0,1.0,1,1.0,1,1.0,1,0.3253531296724895,23
1874,1,2990,1514,1476,0,0,0,1.0,1,1.0,1,1.0,1,0.3121089812636557,23
1875,0,2990,1514,1476,0,0,0,1.0,1,1.0,1,1.0,1,0.32049843086640595,21
1876,2,2992,1515,1477,0,0,0,1.0,1,1.0,1,1.0,1,0.3122771347833316,24
1877,1,2993,1516,1477,0,0,0,1.0,1,1.0,1,1.0,1,0.36087768302841816,24
1878,3,2996,1517,1479,0,0,0,1.0,1,1.0,1,1.0,1,0.26387373348893306,26
1879,1,2997,1517,1480,0,0,0,1.0,1,1.0,1,1.0,1,0.22309111418951177,26
1880,0,2997,1517,1480,0,0,0,1.0,1,1.0,1,1.0,1,0.22309111418951177,26
1881,0,2997,1517,1480,0,0,0,1.0,1,1.0,1,1.0,1,0.22309111418951177,26
1882,0,2997,1517,1480,0,0,0,1.0,1,1.0,1,1.0,1,0.21067136758119864,25
1883,0,2997,1517,1480,0,0,0,1.0,1,1.0,1,1.0,1,0.21067136758119864,25
1884,0,2997,1517,1480,0,0,0,1.0,1,1.0,1,1.0,1,0.21067136758119864,25
1885,0,2997,1517,1480,0,0,0,1.0,1,1.0,1,1.0,1,0.21067136758119864,25
1886,0,2997,1517,1480,0,0,0,1.0,1,1.0,1,1.0,1,0.24032098037561503,26
1887,0,2997,1517,1480,0,0,0,1.0,1,1.0,1,1.0,1,0.24032098037561503,26
1888,1,2998,1518,1480,0,0,0,1.0,1,1.0,1,1.0,1,0.2890085940314437,27
1889,1,2999,1518,1481,0,0,0,1.0,1,1.0,1,1.0,1,0.28255041584539814,28
1890,0,2999,1518,1481,0,0,0,1.0,1,1.0,1,1.0,1,0.28255041584539814,28
1891,0,2999,1518,1481,0,0,0,1.0,1,1.0,1,1.0,1,0.30125973136316736,29
1892,0,2999,1518,1481,0,0,0,1.0,1,1.0,1,1.0,1,0.30125973136316736,29
1893,0,2999,1518,1481,0,0,0,1.0,1,1.0,1,1.0,1,0.30125973136316736,29
1894,0,2999,1518,1481,0,0,0,1.0,1,1.0,1,1.0,1,0.30125973136316736,29
1895,2,3001,1519,1482,0,0,0,1.0,1,1.0,1,1.0,1,0.3085406996857072,31
1896,1,3002,1519,1483,0,0,0,1.0,1,1.0,1,1.0,1,0.29262282100335146,31
1897,0,3002,1519,1483,0,0,0,1.0,1,1.0,1,1.0,1,0.29262282100335146,31
1898,0,3002,1519,1483,0,0,0,1.0,1,1.0,1,1.0,1,0.29262282100335146,31
1899,1,3003,1519,1484,0,0,0,1.0,1,1.0,1,1.0,1,0.29569999043398787,32
1900,0,3003,1519,1484,0,0,0,1.0,1,1.0,1,1.0,1,0.29569999043398787,32
1901,0,3003,1519,1484,0,0,0,1.0,1,1.0,1,1.0,1,0.29569999043398787,32
1902,0,3003,1519,1484,0,0,0,1.0,1,1.0,1,1.0,1,0.29569999043398787,32
1903,0,3003,1519,1484,0,0,0,1.0,1,1.0,1,1.0,1,0.29569999043398787,32
1904,1,3004,1519,1485,0,0,0,1.0,1,1.0,1,1.0,1,0.2639804461717745,34
1905,0,3004,1519,1485,0,0,0,1.0,1,1.0,1,1.0,1,0.2639804461717745,34
1906,0,3004,1519,1485,0,0,0,1.0,1,1.0,1,1.0,1,0.2759833420261028,35
1907,1,3005,1520,1485,0,0,0,1.0,1,1.0,1,1.0,1,0.2669052417349814,36
1908,0,3005,1520,1485,0,0,0,1.0,1,1.0,1,1.0,1,0.2669052417349814,36
1909,1,3006,1520,1486,0,0,0,1.0,1,1.0,1,1.0,1,0.25719102947704087,37
1910,3,3009,1521,1488,0,0,0,1.0,1,1.0,1,1.0,1,0.257850890100388,38
1911,1,3010,1521,1489,0,0,0,1.0,1,1.0,1,1.0,1,0.23030544852236032,37
1912,1,3011,1522,1489,0,0,0,1.0,1,1.0,1,1.0,1,0.25550332460684266,37
1913,0,3011,1522,1489,0,0,0,1.0,1,1.0,1,1.0,1,0.25062694692702825,36
1914,2,3013,1524,1489,0,0,0,1.0,1,1.0,1,1.0,1,0.250603114933879,37
1915,0,3013,1524,1489,0,0,0,1.0,1,1.0,1,1.0,1,0.250603114933879,37
1916,0,3013,1524,1489,0,0,0,1.0,1,1.0,1,1.0,1,0.2454344057899643,39
1917,3,3016,1525,1491,0,0,0,1.0,1,1.0,1,1.0,1,0.22838400127422218,38
1918,1,3017,1525,1492,0,0,0,1.0,1,1.0,1,1.0,1,0.2125901459351453,38
1919,0,3017,1525,1492,0,0,0,1.0,1,1.0,1,1.0,1,0.26615194603129744,38
1920,1,3018,1526,1492,0,0,0,1.0,1,1.0,1,1.0,1,0.27067421062517916,39
1921,1,3019,1526,1493,0,0,0,1.0,1,1.0,1,1.0,1,0.23380434814967097,38
1922,2,3021,1528,1493,0,0,0,1.0,1,1.0,1,1.0,1,0.24295239542659408,39
1923,4,3025,1531,1494,0,0,0,1.0,1,1.0,1,1.0,1,0.31603336264658166,40
1924,5,3030,1531,1499,0,0,0,1.0,1,1.0,1,1.0,1,0.2202194988459908,40
1925,0,3030,1531,1499,0,0,0,1.0,1,1.0,1,1.0,1,0.24300405239644246,40
1926,0,3030,1531,1499,0,0,0,1.0,1,1.0,1,1.0,1,0.24300405239644246,40
1927,0,3030,1531,1499,0,0,0,1.0,1,1.0,1,1.0,1,0.2305522660809041,41
1928,1,3031,1532,1499,0,0,0,1.0,1,1.0,1,1.0,1,0.23953980875521227,41
1929,0,3031,1532,1499,0,0,0,1.0,1,1.0,1,1.0,1,0.2347480869084956,40
1930,2,3033,1533,1500,0,0,0,1.0,1,1.0,1,1.0,1,0.23753091887490227,40
1931,1,3034,1533,1501,0,0,0,1.0,1,1.0,1,1.0,1,0.18594178089898344,40
1932,0,3034,1533,1501,0,0,0,1.0,1,1.0,1,1.0,1,0.18594178089898344,40
1933,0,3034,1533,1501,0,0,0,1.0,1,1.0,1,1.0,1,0.21307957587781096,42
1934,1,3035,1533,1502,0,0,0,1.0,1,1.0,1,1.0,1,0.20587523465353044,44
1935,0,3035,1533,1502,0,0,0,1.0,1,1.0,1,1.0,1,0.20587523465353044,44
1936,2,3037,1535,1502,0,0,0,1.0,1,1.0,1,1.0,1,0.19496698185062614,46
1937,1,3038,1535,1503,0,0,0,1.0,1,1.0,1,1.0,1,0.1879553291139378,47
1938,3,3041,1537,1504,0,0,0,1.0,1,1.0,1,1.0,1,0.18049793579671208,47
1939,0,3041,1537,1504,0,0,0,1.0,1,1.0,1,1.0,1,0.18049793579671208,47
1940,1,3042,1538,1504,0,0,0,1.0,1,1.0,1,1.0,1,0.20110013193016663,47
1941,3,3045,1540,1505,0,0,0,1.0,1,1.0,1,1.0,1,0.18445683280275682,47
1942,1,3046,1541,1505,0,0,0,1.0,1,1.0,1,1.0,1,0.23954084642230913,49
1943,2,3048,1542,1506,0,0,0,1.0,1,1.0,1,1.0,1,0.22705758100763454,47
1944,6,3054,1545,1509,0,0,0,1.0,1,1.0,1,1.0,1,0.23000357379769873,47
1945,5,3059,1548,1511,0,0,0,1.0,1,1.0,1,1.0,1,0.21594752308849977,45
1946,2,3061,1548,1513,0,0,0,1.0,1,1.0,1,1.0,1,0.19867470765516296,45
1947,5,3066,1550,1516,0,0,0,1.0,1,1.0,1,1.0,1,0.22260554985406067,45
1948,5,3071,1551,1520,0,0,0,1.0,1,1.0,1,1.0,1,0.20126546802041823,45
1949,3,3074,1554,1520,0,0,0,1.0,1,1.0,1,1.0,1,0.299293846280088,42
1950,3,3077,1556,1521,0,0,0,1.0,1,1.0,1,1.0,1,0.2633625769241206,42
1951,3,3080,1557,1523,0,0,0,1.0,1,1.0,1,1.0,1,0.27635713786035077,38
1952,4,3084,1560,1524,0,0,0,1.0,1,1.0,1,1.0,1,0.2860344155160447,36
1953,3,3087,1560,1527,0,0,0,1.0,1,1.0,1,1.0,1,0.20585000752753801,35
1954,1,3088,1561,1527,0,0,0,1.0,1,1.0,1,1.0,1,0.2158104843120722,32
1955,0,3088,1561,1527,0,0,0,1.0,1,1.0,1,1.0,1,0.2183304765089514,33
1956,2,3090,1563,1527,0,0,0,1.0,1,1.0,1,1.0,1,0.24621928407867505,31
1957,0,3090,1563,1527,0,0,0,1.0,1,1.0,1,1.0,1,0.26179737759969274,33
1958,1,3091,1563,1528,0,0,0,1.0,1,1.0,1,1.0,1,0.2369327728751381,34
1959,1,3092,1563,1529,0,0,0,1.0,1,1.0,1,1.0,1,0.19465101162658763,35
1960,1,3093,1564,1529,0,0,0,1.0,1,1.0,1,1.0,1,0.22863358408315607,36
1961,2,3095,1565,1530,0,0,0,1.0,1,1.0,1,1.0,1,0.2315295058498783,36
1962,0,3095,1565,1530,0,0,0,1.0,1,1.0,1,1.0,1,0.21073072066728354,35
1963,1,3096,1566,1530,0,0,0,1.0,1,1.0,1,1.0,1,0.21199115862948362,36
1964,1,3097,1567,1530,0,0,0,1.0,1,1.0,1,1.0,1,0.2501932318254665,35
1965,0,3097,1567,1530,0,0,0,1.0,1,1.0,1,1.0,1,0.22623981333333382,36
1966,2,3099,1569,1530,0,0,0,1.0,1,1.0,1,1.0,1,0.25409563960361364,36
1967,1,3100,1570,1530,0,0,0,1.0,1,1.0,1,1.0,1,0.2701871583368148,36
1968,1,3101,1570,1531,0,0,0,1.0,1,1.0,1,1.0,1,0.2710394692799694,37
1969,4,3105,1571,1534,0,0,0,1.0,1,1.0,1,1.0,1,0.22857788076513483,37
1970,2,3107,1572,1535,0,0,0,1.0,1,1.0,1,1.0,1,0.22976706200806946,38
1971,0,3107,1572,1535,0,0,0,1.0,1,1.0,1,1.0,1,0.23416313027395952,37
1972,0,3107,1572,1535,0,0,0,1.0,1,1.0,1,1.0,1,0.23416313027395952,37
1973,2,3109,1573,1536,0,0,0,1.0,1,1.0,1,1.0,1,0.2789119102872627,37
1974,1,3110,1573,1537,0,0,0,1.0,1,1.0,1,1.0,1,0.2702827201354213,38
1975,1,3111,1573,1538,0,0,0,1.0,1,1.0,1,1.0,1,0.2566376854793882,37
1976,3,3114,1575,1539,0,0,0,1.0,1,1.0,1,1.0,1,0.3011409704775725,39
1977,5,3119,1576,1543,0,0,0,1.0,1,1.0,1,1.0,1,0.208711266331054,42
1978,3,3122,1579,1543,0,0,0,1.0,1,1.0,1,1.0,1,0.19322000137194795,42
1979,1,3123,1579,1544,0,0,0,1.0,1,1.0,1,1.0,1,0.18500205859317642,42
1980,1,3124,1580,1544,0,0,0,1.0,1,1.0,1,1.0,1,0.19587884952324416,43
1981,0,3124,1580,1544,0,0,0,1.0,1,1.0,1,1.0,1,0.20644582675730627,44
1982,1,3125,1581,1544,0,0,0,1.0,1,1.0,1,1.0,1,0.20542498989518684,44
1983,2,3127,1582,1545,0,0,0,1.0,1,1.0,1,1.0,1,0.2034114834017894,44
1984,0,3127,1582,1545,0,0,0,1.0,1,1.0,1,1.0,1,0.21210954758507009,42
1985,1,3128,1583,1545,0,0,0,1.0,1,1.0,1,1.0,1,0.21477305005284117,41
1986,4,3132,1586,1546,0,0,0,1.0,1,1.0,1,1.0,1,0.2884432714610139,40
1987,2,3134,1587,1547,0,0,0,1.0,1,1.0,1,1.0,1,0.1998936654854261,37
1988,3,3137,1590,1547,0,0,0,1.0,1,1.0,1,1.0,1,0.27845877920812206,35
1989,3,3140,1591,1549,0,0,0,1.0,1,1.0,1,1.0,1,0.2230644843089046,32
1990,3,3143,1593,1550,0,0,0,1.0,1,1.0,1,1.0,1,0.29825324443827594,31
1991,1,3144,1593,1551,0,0,0,1.0,1,1.0,1,1.0,1,0.3150166460447383,32
1992,2,3146,1594,1552,0,0,0,1.0,1,1.0,1,1.0,1,0.3123886474050122,32
1993,0,3146,1594,1552,0,0,0,1.0,1,1.0,1,1.0,1,0.2844009380721359,32
1994,0,3146,1594,1552,0,0,0,1.0,1,1.0,1,1.0,1,0.27626357606557844,31
1995,0,3146,1594,1552,0,0,0,1.0,1,1.0,1,1.0,1,0.27346216407281876,32
1996,1,3147,1594,1553,0,0,0,1.0,1,1.0,1,1.0,1,0.2909782740018482,32
1997,0,3147,1594,1553,0,0,0,1.0,1,1.0,1,1.0,1,0.31991747632263823,31
1998,1,3148,1595,1553,0,0,0,1.0,1,1.0,1,1.0,1,0.3290683394730349,32
1999,3,3151,1595,1556,0,0,0,1.0,1,1.0,1,1.0,1,0.27108695442162495,31
2000,0,3151,1595,1556,0,0,0,1.0,1,1.0,1,1.0,1,0.29671981428648647,30
2001,0,3151,1595,1556,0,0,0,1.0,1,1.0,1,1.0,1,0.310073744700109,29
2002,1,3152,1596,1556,0,0,0,1.0,1,1.0,1,1.0,1,0.29335686810764205,31
2003,3,3155,1598,1557,0,0,0,1.0,1,1.0,1,1.0,1,0.31124240561290917,33
2004,3,3158,1599,1559,0,0,0,1.0,1,1.0,1,1.0,1,0.3102759930275709,34
2005,3,3161,1599,1562,0,0,0,1.0,1,1.0,1,1.0,1,0.25276785645154976,35
2006,2,3163,1600,1563,0,0,0,1.0,1,1.0,1,1.0,1,0.24119428195273604,36
2007,0,3163,1600,1563,0,0,0,1.0,1,1.0,1,1.0,1,0.24119428195273604,36
2008,1,3164,1601,1563,0,0,0,1.0,1,1.0,1,1.0,1,0.25241691777090924,36
2009,0,3164,1601,1563,0,0,0,1.0,1,1.0,1,1.0,1,0.23311758345139522,37
2010,2,3166,1602,1564,0,0,0,1.0,1,1.0,1,1.0,1,0.22547742381439229,37
2011,0,3166,1602,1564,0,0,0,1.0,1,1.0,1,1.0,1,0.22547742381439229,37
2012,0,3166,1602,1564,0,0,0,1.0,1,1.0,1,1.0,1,0.22547742381439229,37
2013,0,3166,1602,1564,0,0,0,1.0,1,1.0,1,1.0,1,0.2500916045652235,39
2014,1,3167,1602,1565,0,0,0,1.0,1,1.0,1,1.0,1,0.2569791622372544,39
2015,1,3168,1602,1566,0,0,0,1.0,1,1.0,1,1.0,1,0.23431209476673126,39
2016,2,3170,1602,1568,0,0,0,1.0,1,1.0,1,1.0,1,0.18036948332097155,41
2017,0,3170,1602,1568,0,0,0,1.0,1,1.0,1,1.0,1,0.18036948332097155,41
2018,2,3172,1604,1568,0,0,0,1.0,1,1.0,1,1.0,1,0.21868922007120045,42
2019,1,3173,1604,1569,0,0,0,1.0,1,1.0,1,1.0,1,0.17723250367039708,43
2020,2,3175,1606,1569,0,0,0,1.0,1,1.0,1,1.0,1,0.1996687989165071,43
2021,3,3178,1607,1571,0,0,0,1.0,1,1.0,1,1.0,1,0.13532096517271097,43
2022,0,3178,1607,1571,0,0,0,1.0,1,1.0,1,1.0,1,0.13689573969846752,44
2023,4,3182,1610,1572,0,0,0,1.0,1,1.0,1,1.0,1,0.21115262825923956,42
2024,2,3184,1612,1572,0,0,0,1.0,1,1.0,1,1.0,1,0.23490768655059138,41
2025,2,3186,1614,1572,0,0,0,1.0,1,1.0,1,1.0,1,0.27460609912151884,39
2026,3,3189,1615,1574,0,0,0,1.0,1,1.0,1,1.0,1,0.2641682795132618,39
2027,3,3192,1617,1575,0,0,0,1.0,1,1.0,1,1.0,1,0.36714116317992906,38
2028,4,3196,1618,1578,0,0,0,1.0,1,1.0,1,1.0,1,0.36258476617551455,37
2029,3,3199,1618,1581,0,0,0,1.0,1,1.0,1,1.0,1,0.2830163611790372,35
2030,1,3200,1618,1582,0,0,0,1.0,1,1.0,1,1.0,1,0.251257126844164,32
2031,2,3202,1620,1582,0,0,0,1.0,1,1.0,1,1.0,1,0.2534275419472709,34
2032,1,3203,1621,1582,0,0,0,1.0,1,1.0,1,1.0,1,0.3172941090136816,35
2033,4,3207,1624,1583,0,0,0,1.0,1,1.0,1,1.0,1,0.2893118079937165,35
2034,1,3208,1624,1584,0,0,0,1.0,1,1.0,1,1.0,1,0.30766369736535876,35
2035,4,3212,1626,1586,0,0,0,1.0,1,1.0,1,1.0,1,0.26081166770460085,36
2036,1,3213,1626,1587,0,0,0,1.0,1,1.0,1,1.0,1,0.23250314900387212,35
2037,2,3215,1628,1587,0,0,0,1.0,1,1.0,1,1.0,1,0.30806771548024586,36
2038,3,3218,1629,1589,0,0,0,1.0,1,1.0,1,1.0,1,0.282329856652637,38
2039,1,3219,1630,1589,0,0,0,1.0,1,1.0,1,1.0,1,0.2590116240808933,38
2040,0,3219,1630,1589,0,0,0,1.0,1,1.0,1,1.0,1,0.2390331631660913,37
2041,1,3220,1630,1590,0,0,0,1.0,1,1.0,1,1.0,1,0.23188147966766937,38
2042,1,3221,1630,1591,0,0,0,1.0,1,1.0,1,1.0,1,0.21793418192959182,38
2043,0,3221,1630,1591,0,0,0,1.0,1,1.0,1,1.0,1,0.21793418192959182,38
2044,0,3221,1630,1591,0,0,0,1.0,1,1.0,1,1.0,1,0.21123808382211962,39
2045,0,3221,1630,1591,0,0,0,1.0,1,1.0,1,1.0,1,0.22966058059894337,40
2046,0,3221,1630,1591,0,0,0,1.0,1,1.0,1,1.0,1,0.23259821380211126,41
2047,1,3222,1631,1591,0,0,0,1.0,1,1.0,1,1.0,1,0.2363615499264032,41
2048,3,3225,1632,1593,0,0,0,1.0,1,1.0,1,1.0,1,0.195674451177011,43
2049,1,3226,1633,1593,0,0,0,1.0,1,1.0,1,1.0,1,0.20816209540654626,43
2050,1,3227,1633,1594,0,0,0,1.0,1,1.0,1,1.0,1,0.18198748585071362,43
2051,2,3229,1634,1595,0,0,0,1.0,1,1.0,1,1.0,1,0.1874373241252224,43
2052,0,3229,1634,1595,0,0,0,1.0,1,1.0,1,1.0,1,0.20571482512790756,44
2053,3,3232,1635,1597,0,0,0,1.0,1,1.0,1,1.0,1,0.19874082480421743,43
2054,0,3232,1635,1597,0,0,0,1.0,1,1.0,1,1.0,1,0.20350038668598347,44
2055,1,3233,1635,1598,0,0,0,1.0,1,1.0,1,1.0,1,0.19482535807804272,43
2056,1,3234,1636,1598,0,0,0,1.0,1,1.0,1,1.0,1,0.20410192012830464,44
2057,2,3236,1638,1598,0,0,0,1.0,1,1.0,1,1.0,1,0.2040352072418349,44
2058,3,3239,1640,1599,0,0,0,1.0,1,1.0,1,1.0,1,0.20329460481263995,44
2059,1,3240,1641,1599,0,0,0,1.0,1,1.0,1,1.0,1,0.2125466615926911,45
2060,0,3240,1641,1599,0,0,0,1.0,1,1.0,1,1.0,1,0.22427438614586578,46
2061,6,3246,1644,1602,0,0,0,1.0,1,1.0,1,1.0,1,0.2227242732093877,48
2062,6,3252,1646,1606,0,0,0,1.0,1,1.0,1,1.0,1,0.1806276703426743,48
2063,1,3253,1646,1607,0,0,0,1.0,1,1.0,1,1.0,1,0.1447072433712953,45
2064,2,3255,1648,1607,0,0,0,1.0,1,1.0,1,1.0,1,0.20499444567108446,44
2065,0,3255,1648,1607,0,0,0,1.0,1,1.0,1,1.0,1,0.17950428898314377,42
2066,3,3258,1651,1607,0,0,0,1.0,1,1.0,1,1.0,1,0.24361396809287983,42
2067,2,3260,1652,1608,0,0,0,1.0,1,1.0,1,1.0,1,0.2404730743784532,38
2068,1,3261,1653,1608,0,0,0,1.0,1,1.0,1,1.0,1,0.27442623383142273,37
2069,1,3262,1654,1608,0,0,0,1.0,1,1.0,1,1.0,1,0.3013455538941502,35
2070,1,3263,1655,1608,0,0,0,1.0,1,1.0,1,1.0,1,0.3205801315314961,35
2071,0,3263,1655,1608,0,0,0,1.0,1,1.0,1,1.0,1,0.3234282931789117,34
2072,2,3265,1656,1609,0,0,0,1.0,1,1.0,1,1.0,1,0.3752454083083509,35
2073,1,3266,1656,1610,0,0,0,1.0,1,1.0,1,1.0,1,0.36587776485745327,37
2074,0,3266,1656,1610,0,0,0,1.0,1,1.0,1,1.0,1,0.3519586890070249,36
2075,2,3268,1656,1612,0,0,0,1.0,1,1.0,1,1.0,1,0.29716444550893073,38
2076,1,3269,1656,1613,0,0,0,1.0,1,1.0,1,1.0,1,0.2644906809375057,37
2077,1,3270,1656,1614,0,0,0,1.0,1,1.0,1,1.0,1,0.23457749524870716,37
2078,0,3270,1656,1614,0,0,0,1.0,1,1.0,1,1.0,1,0.23457749524870716,37
2079,1,3271,1657,1614,0,0,0,1.0,1,1.0,1,1.0,1,0.2375473428310028,37
2080,1,3272,1657,1615,0,0,0,1.0,1,1.0,1,1.0,1,0.21951240369057531,36
2081,1,3273,1658,1615,0,0,0,1.0,1,1.0,1,1.0,1,0.2556802138176405,37
2082,5,3278,1660,1618,0,0,0,1.0,1,1.0,1,1.0,1,0.31070121503759457,38
2083,4,3282,1660,1622,0,0,0,1.0,1,1.0,1,1.0,1,0.22907755020868253,39
2084,1,3283,1661,1622,0,0,0,1.0,1,1.0,1,1.0,1,0.27279634378197276,41
2085,0,3283,1661,1622,0,0,0,1.0,1,1.0,1,1.0,1,0.27279634378197276,41
2086,1,3284,1661,1623,0,0,0,1.0,1,1.0,1,1.0,1,0.26623869176951614,44
2087,1,3285,1662,1623,0,0,0,1.0,1,1.0,1,1.0,1,0.2419121235768122,44
2088,1,3286,1662,1624,0,0,0,1.0,1,1.0,1,1.0,1,0.23497600276793568,45
2089,2,3288,1663,1625,0,0,0,1.0,1,1.0,1,1.0,1,0.22422650354029278,46
2090,0,3288,1663,1625,0,0,0,1.0,1,1.0,1,1.0,1,0.24010094986552105,47
2091,0,3288,1663,1625,0,0,0,1.0,1,1.0,1,1.0,1,0.24324066655020754,48
2092,3,3291,1665,1626,0,0,0,1.0,1,1.0,1,1.0,1,0.20879957603096905,48
2093,0,3291,1665,1626,0,0,0,1.0,1,1.0,1,1.0,1,0.20879957603096905,48
2094,0,3291,1665,1626,0,0,0,1.0,1,1.0,1,1.0,1,0.23202688623261816,47
2095,1,3292,1665,1627,0,0,0,1.0,1,1.0,1,1.0,1,0.2435257290369174,49
2096,2,3294,1667,1627,0,0,0,1.0,1,1.0,1,1.0,1,0.25928423616914836,50
2097,1,3295,1667,1628,0,0,0,1.0,1,1.0,1,1.0,1,0.24805818155350118,50
2098,1,3296,1668,1628,0,0,0,1.0,1,1.0,1,1.0,1,0.25530698952852565,51
2099,0,3296,1668,1628,0,0,0,1.0,1,1.0,1,1.0,1,0.27715151389405573,50
2100,1,3297,1669,1628,0,0,0,1.0,1,1.0,1,1.0,1,0.2783630326767,49
2101,4,3301,1670,1631,0,0,0,1.0,1,1.0,1,1.0,1,0.2635182658122142,48
2102,5,3306,1674,1632,0,0,0,1.0,1,1.0,1,1.0,1,0.3493302160405631,49
2103,2,3308,1676,1632,0,0,0,1.0,1,1.0,1,1.0,1,0.348564107209337,44
2104,4,3312,1679,1633,0,0,0,1.0,1,1.0,1,1.0,1,0.43119204736779587,42
2105,2,3314,1681,1633,0,0,0,1.0,1,1.0,1,1.0,1,0.412684707350195,40
2106,6,3320,1682,1638,0,0,0,1.0,1,1.0,1,1.0,1,0.3715777190534794,39
2107,1,3321,1683,1638,0,0,0,1.0,1,1.0,1,1.0,1,0.35982944213744833,37
2108,5,3326,1685,1641,0,0,0,1.0,1,1.0,1,1.0,1,0.3352618229278451,37
2109,2,3328,1687,1641,0,0,0,1.0,1,1.0,1,1.0,1,0.3460280981007966,36
2110,3,3331,1687,1644,0,0,0,1.0,1,1.0,1,1.0,1,0.2636330555282189,35
2111,1,3332,1688,1644,0,0,0,1.0,1,1.0,1,1.0,1,0.2936527010652333,35
2112,1,3333,1688,1645,0,0,0,1.0,1,1.0,1,1.0,1,0.2824016844055476,35
2113,0,3333,1688,1645,0,0,0,1.0,1,1.0,1,1.0,1,0.2815337705948748,35
2114,1,3334,1688,1646,0,0,0,1.0,1,1.0,1,1.0,1,0.2658341554819501,36
2115,0,3334,1688,1646,0,0,0,1.0,1,1.0,1,1.0,1,0.2558827689791267,37
2116,2,3336,1689,1647,0,0,0,1.0,1,1.0,1,1.0,1,0.24813522598967985,39
2117,2,3338,1690,1648,0,0,0,1.0,1,1.0,1,1.0,1,0.22665215696985225,39
2118,3,3341,1690,1651,0,0,0,1.0,1,1.0,1,1.0,1,0.18983480082727167,41
2119,1,3342,1690,1652,0,0,0,1.0,1,1.0,1,1.0,1,0.18034318974042968,42
2120,0,3342,1690,1652,0,0,0,1.0,1,1.0,1,1.0,1,0.18034318974042968,42
2121,0,3342,1690,1652,0,0,0,1.0,1,1.0,1,1.0,1,0.18034318974042968,42
2122,0,3342,1690,1652,0,0,0,1.0,1,1.0,1,1.0,1,0.20008847182872072,43
2123,4,3346,1691,1655,0,0,0,1.0,1,1.0,1,1.0,1,0.17798179455390262,42
2124,1,3347,1692,1655,0,0,0,1.0,1,1.0,1,1.0,1,0.19297654581568674,42
2125,0,3347,1692,1655,0,0,0,1.0,1,1.0,1,1.0,1,0.19656988907538814,41
2126,0,3347,1692,1655,0,0,0,1.0,1,1.0,1,1.0,1,0.19656988907538814,41
2127,0,3347,1692,1655,0,0,0,1.0,1,1.0,1,1.0,1,0.19656988907538814,41
2128,0,3347,1692,1655,0,0,0,1.0,1,1.0,1,1.0,1,0.20274527360059752,42
2129,1,3348,1692,1656,0,0,0,1.0,1,1.0,1,1.0,1,0.23078147825123138,43
2130,0,3348,1692,1656,0,0,0,1.0,1,1.0,1,1.0,1,0.23462086329116644,45
2131,1,3349,1693,1656,0,0,0,1.0,1,1.0,1,1.0,1,0.2661024600568471,44
2132,1,3350,1693,1657,0,0,0,1.0,1,1.0,1,1.0,1,0.2454328525776125,44
2133,0,3350,1693,1657,0,0,0,1.0,1,1.0,1,1.0,1,0.2594455985573834,45
2134,0,3350,1693,1657,0,0,0,1.0,1,1.0,1,1.0,1,0.2594455985573834,45
2135,5,3355,1694,1661,0,0,0,1.0,1,1.0,1,1.0,1,0.1870542146111625,46
2136,1,3356,1694,1662,0,0,0,1.0,1,1.0,1,1.0,1,0.17439737063406877,47
2137,3,3359,1697,1662,0,0,0,1.0,1,1.0,1,1.0,1,0.16762820486956123,47
2138,5,3364,1700,1664,0,0,0,1.0,1,1.0,1,1.0,1,0.20031843688256498,45
2139,3,3367,1701,1666,0,0,0,1.0,1,1.0,1,1.0,1,0.1524547094813974,45
2140,1,3368,1702,1666,0,0,0,1.0,1,1.0,1,1.0,1,0.17954914608312741,44
2141,1,3369,1703,1666,0,0,0,1.0,1,1.0,1,1.0,1,0.18254735877473993,45
2142,0,3369,1703,1666,0,0,0,1.0,1,1.0,1,1.0,1,0.1790750958021131,46
2143,1,3370,1703,1667,0,0,0,1.0,1,1.0,1,1.0,1,0.15367123754320738,46
2144,3,3373,1705,1668,0,0,0,1.0,1,1.0,1,1.0,1,0.1475784443858303,48
2145,3,3376,1708,1668,0,0,0,1.0,1,1.0,1,1.0,1,0.17739021439760874,46
2146,4,3380,1711,1669,0,0,0,1.0,1,1.0,1,1.0,1,0.20584989506882032,45
2147,3,3383,1714,1669,0,0,0,1.0,1,1.0,1,1.0,1,0.18542670668505942,44
2148,3,3386,1716,1670,0,0,0,1.0,1,1.0,1,1.0,1,0.22228401651785432,44
2149,3,3389,1718,1671,0,0,0,1.0,1,1.0,1,1.0,1,0.2365988604436295,42
2150,4,3393,1721,1672,0,0,0,1.0,1,1.0,1,1.0,1,0.21715735716131254,40
2151,2,3395,1722,1673,0,0,0,1.0,1,1.0,1,1.0,1,0.26376603094957796,39
2152,2,3397,1723,1674,0,0,0,1.0,1,1.0,1,1.0,1,0.28196668778524436,40
2153,2,3399,1723,1676,0,0,0,1.0,1,1.0,1,1.0,1,0.27225197935285717,42
2154,4,3403,1724,1679,0,0,0,1.0,1,1.0,1,1.0,1,0.2678031287614797,42
2155,1,3404,1725,1679,0,0,0,1.0,1,1.0,1,1.0,1,0.2877034548412368,41
2156,2,3406,1725,1681,0,0,0,1.0,1,1.0,1,1.0,1,0.2703177072342565,40
2157,1,3407,1726,1681,0,0,0,1.0,1,1.0,1,1.0,1,0.3002911376890574,40
2158,0,3407,1726,1681,0,0,0,1.0,1,1.0,1,1.0,1,0.31803490104282367,38
2159,1,3408,1726,1682,0,0,0,1.0,1,1.0,1,1.0,1,0.2923534428492777,38
2160,2,3410,1727,1683,0,0,0,1.0,1,1.0,1,1.0,1,0.24091205615318032,38
2161,2,3412,1728,1684,0,0,0,1.0,1,1.0,1,1.0,1,0.2262078965498448,38
2162,3,3415,1729,1686,0,0,0,1.0,1,1.0,1,1.0,1,0.20471463865311984,38
2163,4,3419,1731,1688,0,0,0,1.0,1,1.0,1,1.0,1,0.22935706653476925,40
2164,3,3422,1733,1689,0,0,0,1.0,1,1.0,1,1.0,1,0.2783494609256006,41
2165,3,3425,1733,1692,0,0,0,1.0,1,1.0,1,1.0,1,0.24097009948042042,42
2166,1,3426,1733,1693,0,0,0,1.0,1,1.0,1,1.0,1,0.22921642577375176,42
2167,0,3426,1733,1693,0,0,0,1.0,1,1.0,1,1.0,1,0.2165265892376591,43
2168,1,3427,1733,1694,0,0,0,1.0,1,1.0,1,1.0,1,0.17497120203878289,43
2169,2,3429,1733,1696,0,0,0,1.0,1,1.0,1,1.0,1,0.16987338548319827,45
2170,0,3429,1733,1696,0,0,0,1.0,1,1.0,1,1.0,1,0.1642608602182591,46
2171,1,3430,1734,1696,0,0,0,1.0,1,1.0,1,1.0,1,0.15855768722652336,48
2172,2,3432,1734,1698,0,0,0,1.0,1,1.0,1,1.0,1,0.1243882496061512,49
2173,2,3434,1736,1698,0,0,0,1.0,1,1.0,1,1.0,1,0.1023559684873443,49
2174,0,3434,1736,1698,0,0,0,1.0,1,1.0,1,1.0,1,0.1023559684873443,49
2175,0,3434,1736,1698,0,0,0,1.0,1,1.0,1,1.0,1,0.1023559684873443,49
2176,4,3438,1739,1699,0,0,0,1.0,1,1.0,1,1.0,1,0.18583691563080101,51
2177,7,3445,1741,1704,0,0,0,1.0,1,1.0,1,1.0,1,0.11025807486785973,51
2178,1,3446,1741,1705,0,0,0,1.0,1,1.0,1,1.0,1,0.10593175487104703,50
2179,1,3447,1741,1706,0,0,0,1.0,1,1.0,1,1.0,1,0.0945762988570606,49
2180,1,3448,1742,1706,0,0,0,1.0,1,1.0,1,1.0,1,0.12198853614116788,47
2181,1,3449,1743,1706,0,0,0,1.0,1,1.0,1,1.0,1,0.11806996568833324,47
2182,2,3451,1745,1706,0,0,0,1.0,1,1.0,1,1.0,1,0.16621070671085686,45
2183,1,3452,1746,1706,0,0,0,1.0,1,1.0,1,1.0,1,0.1917506797396342,44
2184,3,3455,1747,1708,0,0,0,1.0,1,1.0,1,1.0,1,0.20276434631051315,43
2185,6,3461,1751,1710,0,0,0,1.0,1,1.0,1,1.0,1,0.22245818767126407,40
2186,5,3466,1756,1710,0,0,0,1.0,1,1.0,1,1.0,1,0.2772717738282637,38
2187,4,3470,1758,1712,0,0,0,1.0,1,1.0,1,1.0,1,0.2125444665058573,35
2188,2,3472,1759,1713,0,0,0,1.0,1,1.0,1,1.0,1,0.24368989380054262,34
2189,0,3472,1759,1713,0,0,0,1.0,1,1.0,1,1.0,1,0.21311976265144925,31
2190,1,3473,1760,1713,0,0,0,1.0,1,1.0,1,1.0,1,0.20526833760564014,29
2191,1,3474,1761,1713,0,0,0,1.0,1,1.0,1,1.0,1,0.24294873054924257,28
2192,3,3477,1763,1714,0,0,0,1.0,1,1.0,1,1.0,1,0.30553903708127683,29
2193,2,3479,1764,1715,0,0,0,1.0,1,1.0,1,1.0,1,0.3322157599267892,28
2194,0,3479,1764,1715,0,0,0,1.0,1,1.0,1,1.0,1,0.3213695910184969,27
2195,2,3481,1765,1716,0,0,0,1.0,1,1.0,1,1.0,1,0.2506580719848249,27
2196,2,3483,1766,1717,0,0,0,1.0,1,1.0,1,1.0,1,0.31070849438255943,27
2197,1,3484,1766,1718,0,0,0,1.0,1,1.0,1,1.0,1,0.2662969941988328,27
2198,0,3484,1766,1718,0,0,0,1.0,1,1.0,1,1.0,1,0.23049665241476328,28
2199,1,3485,1766,1719,0,0,0,1.0,1,1.0,1,1.0,1,0.24792243353323495,29
2200,2,3487,1766,1721,0,0,0,1.0,1,1.0,1,1.0,1,0.24066963184822965,31
2201,2,3489,1768,1721,0,0,0,1.0,1,1.0,1,1.0,1,0.23971965997982372,32
2202,1,3490,1768,1722,0,0,0,1.0,1,1.0,1,1.0,1,0.19291000852382495,31
2203,1,3491,1769,1722,0,0,0,1.0,1,1.0,1,1.0,1,0.18058999565483067,32
2204,1,3492,1770,1722,0,0,0,1.0,1,1.0,1,1.0,1,0.22992932908332134,32
2205,1,3493,1770,1723,0,0,0,1.0,1,1.0,1,1.0,1,0.2065455356903018,33
2206,1,3494,1771,1723,0,0,0,1.0,1,1.0,1,1.0,1,0.1949906641456793,32
2207,0,3494,1771,1723,0,0,0,1.0,1,1.0,1,1.0,1,0.23660470949036333,33
2208,1,3495,1772,1723,0,0,0,1.0,1,1.0,1,1.0,1,0.269329396690483,35
2209,2,3497,1773,1724,0,0,0,1.0,1,1.0,1,1.0,1,0.2915603695539014,36
2210,0,3497,1773,1724,0,0,0,1.0,1,1.0,1,1.0,1,0.28350772507505567,35
2211,1,3498,1773,1725,0,0,0,1.0,1,1.0,1,1.0,1,0.2744414434200418,36
2212,1,3499,1773,1726,0,0,0,1.0,1,1.0,1,1.0,1,0.2742056684044788,37
2213,3,3502,1775,1727,0,0,0,1.0,1,1.0,1,1.0,1,0.2781734650521416,37
2214,1,3503,1776,1727,0,0,0,1.0,1,1.0,1,1.0,1,0.3085757451077103,39
2215,5,3508,1779,1729,0,0,0,1.0,1,1.0,1,1.0,1,0.30718697992184385,36
2216,2,3510,1781,1729,0,0,0,1.0,1,1.0,1,1.0,1,0.31848166247351983,37
2217,2,3512,1782,1730,0,0,0,1.0,1,1.0,1,1.0,1,0.2741135387188738,35
2218,4,3516,1784,1732,0,0,0,1.0,1,1.0,1,1.0,1,0.27779375599817224,35
2219,1,3517,1785,1732,0,0,0,1.0,1,1.0,1,1.0,1,0.2522752997984359,33
2220,1,3518,1786,1732,0,0,0,1.0,1,1.0,1,1.0,1,0.21276049168214448,31
2221,1,3519,1787,1732,0,0,0,1.0,1,1.0,1,1.0,1,0.22351501614023253,31
2222,1,3520,1788,1732,0,0,0,1.0,1,1.0,1,1.0,1,0.261930825351351,30
2223,3,3523,1790,1733,0,0,0,1.0,1,1.0,1,1.0,1,0.2704684545990776,28
2224,3,3526,1793,1733,0,0,0,1.0,1,1.0,1,1.0,1,0.3869763785224764,29
2225,4,3530,1795,1735,0,0,0,1.0,1,1.0,1,1.0,1,0.3175463607060754,28
2226,2,3532,1795,1737,0,0,0,1.0,1,1.0,1,1.0,1,0.2540480352776488,30
2227,0,3532,1795,1737,0,0,0,1.0,1,1.0,1,1.0,1,0.21957486980559254,28
2228,0,3532,1795,1737,0,0,0,1.0,1,1.0,1,1.0,1,0.23626507684396836,29
2229,1,3533,1796,1737,0,0,0,1.0,1,1.0,1,1.0,1,0.1776284130269458,28
2230,0,3533,1796,1737,0,0,0,1.0,1,1.0,1,1.0,1,0.17711992597175547,28
2231,1,3534,1797,1737,0,0,0,1.0,1,1.0,1,1.0,1,0.1710974803855626,27
2232,0,3534,1797,1737,0,0,0,1.0,1,1.0,1,1.0,1,0.18390283690189801,27
2233,4,3538,1800,1738,0,0,0,1.0,1,1.0,1,1.0,1,0.27533630988452884,28
2234,2,3540,1802,1738,0,0,0,1.0,1,1.0,1,1.0,1,0.2927597278339415,26
2235,1,3541,1802,1739,0,0,0,1.0,1,1.0,1,1.0,1,0.2543964668944534,26
2236,1,3542,1803,1739,0,0,0,1.0,1,1.0,1,1.0,1,0.3104278047264672,26
2237,1,3543,1803,1740,0,0,0,1.0,1,1.0,1,1.0,1,0.2960037891151075,26
2238,1,3544,1804,1740,0,0,0,1.0,1,1.0,1,1.0,1,0.2899391150932048,27
2239,0,3544,1804,1740,0,0,0,1.0,1,1.0,1,1.0,1,0.2825068729961166,28
2240,1,3545,1805,1740,0,0,0,1.0,1,1.0,1,1.0,1,0.2697825554607298,30
2241,2,3547,1807,1740,0,0,0,1.0,1,1.0,1,1.0,1,0.31867115643395433,29
2242,5,3552,1809,1743,0,0,0,1.0,1,1.0,1,1.0,1,0.18881739562562994,29
2243,1,3553,1810,1743,0,0,0,1.0,1,1.0,1,1.0,1,0.21913384849427137,29
2244,1,3554,1810,1744,0,0,0,1.0,1,1.0,1,1.0,1,0.1822993230105074,29
2245,0,3554,1810,1744,0,0,0,1.0,1,1.0,1,1.0,1,0.20129778573323248,30
2246,1,3555,1810,1745,0,0,0,1.0,1,1.0,1,1.0,1,0.18273096991243573,33
2247,0,3555,1810,1745,0,0,0,1.0,1,1.0,1,1.0,1,0.20335461838600388,34
2248,0,3555,1810,1745,0,0,0,1.0,1,1.0,1,1.0,1,0.20335461838600388,34
2249,0,3555,1810,1745,0,0,0,1.0,1,1.0,1,1.0,1,0.18974753800709393,35
2250,0,3555,1810,1745,0,0,0,1.0,1,1.0,1,1.0,1,0.18974753800709393,35
2251,0,3555,1810,1745,0,0,0,1.0,1,1.0,1,1.0,1,0.1924081692454287,36
2252,1,3556,1811,1745,0,0,0,1.0,1,1.0,1,1.0,1,0.2437546835116485,37
2253,3,3559,1813,1746,0,0,0,1.0,1,1.0,1,1.0,1,0.2265997515470189,35
2254,4,3563,1813,1750,0,0,0,1.0,1,1.0,1,1.0,1,0.14750952556956268,33
2255,1,3564,1814,1750,0,0,0,1.0,1,1.0,1,1.0,1,0.1675308141974414,35
2256,2,3566,1816,1750,0,0,0,1.0,1,1.0,1,1.0,1,0.16734315014730472,34
2257,2,3568,1818,1750,0,0,0,1.0,1,1.0,1,1.0,1,0.1728218326692342,36
2258,1,3569,1818,1751,0,0,0,1.0,1,1.0,1,1.0,1,0.15241225173245165,35
2259,1,3570,1819,1751,0,0,0,1.0,1,1.0,1,1.0,1,0.1877885748567322,35
2260,1,3571,1819,1752,0,0,0,1.0,1,1.0,1,1.0,1,0.1800753743983783,33
2261,3,3574,1821,1753,0,0,0,1.0,1,1.0,1,1.0,1,0.18736142047268867,33
2262,3,3577,1823,1754,0,0,0,1.0,1,1.0,1,1.0,1,0.33296926181108166,32
2263,1,3578,1824,1754,0,0,0,1.0,1,1.0,1,1.0,1,0.3373149489290113,31
2264,1,3579,1824,1755,0,0,0,1.0,1,1.0,1,1.0,1,0.3565034457669868,30
2265,1,3580,1824,1756,0,0,0,1.0,1,1.0,1,1.0,1,0.26913996405765894,29
2266,2,3582,1826,1756,0,0,0,1.0,1,1.0,1,1.0,1,0.34256745806888467,30
2267,3,3585,1828,1757,0,0,0,1.0,1,1.0,1,1.0,1,0.31014332409505807,29
2268,5,3590,1829,1761,0,0,0,1.0,1,1.0,1,1.0,1,0.21706939999789931,30
2269,2,3592,1831,1761,0,0,0,1.0,1,1.0,1,1.0,1,0.2410551323504803,31
2270,1,3593,1832,1761,0,0,0,1.0,1,1.0,1,1.0,1,0.2718240130174171,31
2271,3,3596,1834,1762,0,0,0,1.0,1,1.0,1,1.0,1,0.23736269642296465,31
2272,2,3598,1836,1762,0,0,0,1.0,1,1.0,1,1.0,1,0.26161345543979936,31
2273,1,3599,1836,1763,0,0,0,1.0,1,1.0,1,1.0,1,0.22925899042928288,30
2274,0,3599,1836,1763,0,0,0,1.0,1,1.0,1,1.0,1,0.2103126255971679,31
2275,1,3600,1837,1763,0,0,0,1.0,1,1.0,1,1.0,1,0.22845371920845647,32
2276,2,3602,1839,1763,0,0,0,1.0,1,1.0,1,1.0,1,0.26643788605378343,31
2277,1,3603,1839,1764,0,0,0,1.0,1,1.0,1,1.0,1,0.24215427694003056,31
2278,1,3604,1840,1764,0,0,0,1.0,1,1.0,1,1.0,1,0.24662627260301287,32
2279,1,3605,1841,1764,0,0,0,1.0,1,1.0,1,1.0,1,0.21365245517988227,32
2280,1,3606,1841,1765,0,0,0,1.0,1,1.0,1,1.0,1,0.2005847668079769,33
2281,1,3607,1841,1766,0,0,0,1.0,1,1.0,1,1.0,1,0.21055132475211877,34
2282,0,3607,1841,1766,0,0,0,1.0,1,1.0,1,1.0,1,0.21055132475211877,34
2283,0,3607,1841,1766,0,0,0,1.0,1,1.0,1,1.0,1,0.21055132475211877,34
2284,1,3608,1842,1766,0,0,0,1.0,1,1.0,1,1.0,1,0.24941443303197627,34
2285,1,3609,1842,1767,0,0,0,1.0,1,1.0,1,1.0,1,0.19722653287746508,35
2286,0,3609,1842,1767,0,0,0,1.0,1,1.0,1,1.0,1,0.22847152456582104,34
2287,2,3611,1844,1767,0,0,0,1.0,1,1.0,1,1.0,1,0.19016740150744396,35
2288,0,3611,1844,1767,0,0,0,1.0,1,1.0,1,1.0,1,0.24769731052757699,35
2289,3,3614,1846,1768,0,0,0,1.0,1,1.0,1,1.0,1,0.2504167729121689,37
2290,0,3614,1846,1768,0,0,0,1.0,1,1.0,1,1.0,1,0.2584482782108871,37
2291,2,3616,1848,1768,0,0,0,1.0,1,1.0,1,1.0,1,0.28282045525181504,35
2292,5,3621,1849,1772,0,0,0,1.0,1,1.0,1,1.0,1,0.28694153620175566,35
2293,2,3623,1850,1773,0,0,0,1.0,1,1.0,1,1.0,1,0.23947172348157397,34
2294,1,3624,1850,1774,0,0,0,1.0,1,1.0,1,1.0,1,0.22621077538830284,33
2295,1,3625,1851,1774,0,0,0,1.0,1,1.0,1,1.0,1,0.25681896813886107,34
2296,0,3625,1851,1774,0,0,0,1.0,1,1.0,1,1.0,1,0.2976448709297749,33
2297,0,3625,1851,1774,0,0,0,1.0,1,1.0,1,1.0,1,0.335120830489732,32
2298,0,3625,1851,1774,0,0,0,1.0,1,1.0,1,1.0,1,0.3545161799770283,32
2299,0,3625,1851,1774,0,0,0,1.0,1,1.0,1,1.0,1,0.34942460576558415,33
2300,4,3629,1855,1774,0,0,0,1.0,1,1.0,1,1.0,1,0.40212955452553073,33
2301,1,3630,1855,1775,0,0,0,1.0,1,1.0,1,1.0,1,0.37115231724190917,33
2302,1,3631,1855,1776,0,0,0,1.0,1,1.0,1,1.0,1,0.34004943737809323,34
2303,7,3638,1860,1778,0,0,0,1.0,1,1.0,1,1.0,1,0.3489051960715476,34
2304,2,3640,1862,1778,0,0,0,1.0,1,1.0,1,1.0,1,0.3586733027765115,33
2305,4,3644,1863,1781,0,0,0,1.0,1,1.0,1,1.0,1,0.3225590720510958,33
2306,2,3646,1865,1781,0,0,0,1.0,1,1.0,1,1.0,1,0.34170311732648767,33
2307,4,3650,1866,1784,0,0,0,1.0,1,1.0,1,1.0,1,0.25573078425255336,35
2308,1,3651,1867,1784,0,0,0,1.0,1,1.0,1,1.0,1,0.2505631891314061,34
2309,2,3653,1869,1784,0,0,0,1.0,1,1.0,1,1.0,1,0.31686687405654906,34
2310,2,3655,1870,1785,0,0,0,1.0,1,1.0,1,1.0,1,0.25577519120730213,34
2311,0,3655,1870,1785,0,0,0,1.0,1,1.0,1,1.0,1,0.24740309329117957,35
2312,1,3656,1871,1785,0,0,0,1.0,1,1.0,1,1.0,1,0.25905574992766417,34
2313,2,3658,1872,1786,0,0,0,1.0,1,1.0,1,1.0,1,0.2292608682300661,35
2314,0,3658,1872,1786,0,0,0,1.0,1,1.0,1,1.0,1,0.24737472410305925,35
2315,2,3660,1872,1788,0,0,0,1.0,1,1.0,1,1.0,1,0.23164934072374108,34
2316,2,3662,1874,1788,0,0,0,1.0,1,1.0,1,1.0,1,0.3172885229062431,35
2317,0,3662,1874,1788,0,0,0,1.0,1,1.0,1,1.0,1,0.3210777295002068,32
2318,1,3663,1875,1788,0,0,0,1.0,1,1.0,1,1.0,1,0.349269180946066,32
2319,1,3664,1876,1788,0,0,0,1.0,1,1.0,1,1.0,1,0.3871776823650758,32
2320,2,3666,1876,1790,0,0,0,1.0,1,1.0,1,1.0,1,0.35799265733681274,32
2321,3,3669,1876,1793,0,0,0,1.0,1,1.0,1,1.0,1,0.32042695141293853,33
2322,0,3669,1876,1793,0,0,0,1.0,1,1.0,1,1.0,1,0.32042695141293853,33
2323,0,3669,1876,1793,0,0,0,1.0,1,1.0,1,1.0,1,0.32042695141293853,33
2324,3,3672,1878,1794,0,0,0,1.0,1,1.0,1,1.0,1,0.32900576122472275,34
2325,0,3672,1878,1794,0,0,0,1.0,1,1.0,1,1.0,1,0.3262628284802993,35
2326,0,3672,1878,1794,0,0,0,1.0,1,1.0,1,1.0,1,0.3262628284802993,35
2327,0,3672,1878,1794,0,0,0,1.0,1,1.0,1,1.0,1,0.3419679782014515,36
2328,1,3673,1878,1795,0,0,0,1.0,1,1.0,1,1.0,1,0.3438136966115551,37
2329,0,3673,1878,1795,0,0,0,1.0,1,1.0,1,1.0,1,0.3261593312972799,37
2330,2,3675,1878,1797,0,0,0,1.0,1,1.0,1,1.0,1,0.29847720174388154,38
2331,1,3676,1878,1798,0,0,0,1.0,1,1.0,1,1.0,1,0.29326130665505257,40
2332,1,3677,1878,1799,0,0,0,1.0,1,1.0,1,1.0,1,0.28436514257421885,40
2333,0,3677,1878,1799,0,0,0,1.0,1,1.0,1,1.0,1,0.2889625260629837,41
2334,0,3677,1878,1799,0,0,0,1.0,1,1.0,1,1.0,1,0.2889625260629837,41
2335,0,3677,1878,1799,0,0,0,1.0,1,1.0,1,1.0,1,0.2889625260629837,41
2336,2,3679,1878,1801,0,0,0,1.0,1,1.0,1,1.0,1,0.2459581831158192,41
2337,0,3679,1878,1801,0,0,0,1.0,1,1.0,1,1.0,1,0.2588142617958901,42
2338,2,3681,1879,1802,0,0,0,1.0,1,1.0,1,1.0,1,0.28410536861004754,43
2339,3,3684,1879,1805,0,0,0,1.0,1,1.0,1,1.0,1,0.2277576319232876,43
2340,0,3684,1879,1805,0,0,0,1.0,1,1.0,1,1.0,1,0.24009564416309004,45
2341,0,3684,1879,1805,0,0,0,1.0,1,1.0,1,1.0,1,0.2462441059784513,45
2342,2,3686,1879,1807,0,0,0,1.0,1,1.0,1,1.0,1,0.2101995068164468,46
2343,3,3689,1880,1809,0,0,0,1.0,1,1.0,1,1.0,1,0.20056524321004326,45
2344,5,3694,1883,1811,0,0,0,1.0,1,1.0,1,1.0,1,0.2245188722946032,44
2345,1,3695,1883,1812,0,0,0,1.0,1,1.0,1,1.0,1,0.18779620942127698,44
2346,1,3696,1884,1812,0,0,0,1.0,1,1.0,1,1.0,1,0.21538430240141385,44
2347,0,3696,1884,1812,0,0,0,1.0,1,1.0,1,1.0,1,0.21756693483156248,44
2348,0,3696,1884,1812,0,0,0,1.0,1,1.0,1,1.0,1,0.2233800256182699,45
2349,1,3697,1884,1813,0,0,0,1.0,1,1.0,1,1.0,1,0.23366069086933003,46
2350,4,3701,1885,1816,0,0,0,1.0,1,1.0,1,1.0,1,0.20451300853615567,47
2351,3,3704,1885,1819,0,0,0,1.0,1,1.0,1,1.0,1,0.1492171197378384,47
2352,1,3705,1886,1819,0,0,0,1.0,1,1.0,1,1.0,1,0.17784155702594825,47
2353,1,3706,1886,1820,0,0,0,1.0,1,1.0,1,1.0,1,0.1528650266595856,46
2354,1,3707,1887,1820,0,0,0,1.0,1,1.0,1,1.0,1,0.14397259304232676,47
2355,1,3708,1887,1821,0,0,0,1.0,1,1.0,1,1.0,1,0.11909283794332338,47
2356,2,3710,1889,1821,0,0,0,1.0,1,1.0,1,1.0,1,0.09022480924175931,47
2357,0,3710,1889,1821,0,0,0,1.0,1,1.0,1,1.0,1,0.09022480924175931,47
2358,0,3710,1889,1821,0,0,0,1.0,1,1.0,1,1.0,1,0.09942499455925893,48
2359,1,3711,1889,1822,0,0,0,1.0,1,1.0,1,1.0,1,0.12113552117679492,49
2360,0,3711,1889,1822,0,0,0,1.0,1,1.0,1,1.0,1,0.12113552117679492,49
2361,2,3713,1890,1823,0,0,0,1.0,1,1.0,1,1.0,1,0.15175529744326094,50
2362,3,3716,1891,1825,0,0,0,1.0,1,1.0,1,1.0,1,0.1510389148493385,51
2363,1,3717,1891,1826,0,0,0,1.0,1,1.0,1,1.0,1,0.13388070967596527,51
2364,0,3717,1891,1826,0,0,0,1.0,1,1.0,1,1.0,1,0.14041528356549954,52
2365,3,3720,1894,1826,0,0,0,1.0,1,1.0,1,1.0,1,0.18512039157483282,53
2366,7,3727,1897,1830,0,0,0,1.0,1,1.0,1,1.0,1,0.16109154973505174,54
2367,3,3730,1900,1830,0,0,0,1.0,1,1.0,1,1.0,1,0.20022121510323096,52
2368,4,3734,1902,1832,0,0,0,1.0,1,1.0,1,1.0,1,0.16922929049123822,51
2369,3,3737,1903,1834,0,0,0,1.0,1,1.0,1,1.0,1,0.2012413039078193,51
2370,5,3742,1906,1836,0,0,0,1.0,1,1.0,1,1.0,1,0.16077079420640683,52
2371,2,3744,1908,1836,0,0,0,1.0,1,1.0,1,1.0,1,0.17499319676278724,52
2372,2,3746,1910,1836,0,0,0,1.0,1,1.0,1,1.0,1,0.2786724172053188,49
2373,5,3751,1912,1839,0,0,0,1.0,1,1.0,1,1.0,1,0.2431462024042574,47
2374,4,3755,1913,1842,0,0,0,1.0,1,1.0,1,1.0,1,0.203245882435918,45
2375,0,3755,1913,1842,0,0,0,1.0,1,1.0,1,1.0,1,0.18011188647566428,45
2376,1,3756,1913,1843,0,0,0,1.0,1,1.0,1,1.0,1,0.17112018816804744,43
2377,2,3758,1914,1844,0,0,0,1.0,1,1.0,1,1.0,1,0.14953905394774727,44
2378,0,3758,1914,1844,0,0,0,1.0,1,1.0,1,1.0,1,0.14490010009973484,43
2379,0,3758,1914,1844,0,0,0,1.0,1,1.0,1,1.0,1,0.14490010009973484,43
2380,0,3758,1914,1844,0,0,0,1.0,1,1.0,1,1.0,1,0.14490010009973484,43
2381,3,3761,1916,1845,0,0,0,1.0,1,1.0,1,1.0,1,0.11807556511491551,44
2382,1,3762,1917,1845,0,0,0,1.0,1,1.0,1,1.0,1,0.119388727489308,44
2383,3,3765,1919,1846,0,0,0,1.0,1,1.0,1,1.0,1,0.1257391761315625,45
2384,2,3767,1921,1846,0,0,0,1.0,1,1.0,1,1.0,1,0.11183136504040483,45
2385,1,3768,1922,1846,0,0,0,1.0,1,1.0,1,1.0,1,0.10490063944545981,45
2386,2,3770,1924,1846,0,0,0,1.0,1,1.0,1,1.0,1,0.18218435036125033,46
2387,2,3772,1926,1846,0,0,0,1.0,1,1.0,1,1.0,1,0.14067831948145448,44
2388,3,3775,1928,1847,0,0,0,1.0,1,1.0,1,1.0,1,0.1938140506961437,44
2389,1,3776,1928,1848,0,0,0,1.0,1,1.0,1,1.0,1,0.14159095033276817,43
2390,2,3778,1929,1849,0,0,0,1.0,1,1.0,1,1.0,1,0.1331466615719524,44
2391,2,3780,1931,1849,0,0,0,1.0,1,1.0,1,1.0,1,0.157802099609461,43
2392,2,3782,1932,1850,0,0,0,1.0,1,1.0,1,1.0,1,0.17591541913042114,44
2393,3,3785,1933,1852,0,0,0,1.0,1,1.0,1,1.0,1,0.16309082928616875,45
2394,0,3785,1933,1852,0,0,0,1.0,1,1.0,1,1.0,1,0.14138158448926286,44
2395,0,3785,1933,1852,0,0,0,1.0,1,1.0,1,1.0,1,0.14009759568670727,44
2396,1,3786,1934,1852,0,0,0,1.0,1,1.0,1,1.0,1,0.14714278466007683,45
2397,0,3786,1934,1852,0,0,0,1.0,1,1.0,1,1.0,1,0.16468290681263548,44
2398,1,3787,1935,1852,0,0,0,1.0,1,1.0,1,1.0,1,0.20090052288918922,44
2399,0,3787,1935,1852,0,0,0,1.0,1,1.0,1,1.0,1,0.21256012240692107,45
2400,0,3787,1935,1852,0,0,0,1.0,1,1.0,1,1.0,1,0.21256012240692107,45
2401,0,3787,1935,1852,0,0,0,1.0,1,1.0,1,1.0,1,0.21416718732647103,46
2402,1,3788,1935,1853,0,0,0,1.0,1,1.0,1,1.0,1,0.21072042493101553,47
2403,6,3794,1937,1857,0,0,0,1.0,1,1.0,1,1.0,1,0.14020101658818995,48
2404,3,3797,1940,1857,0,0,0,1.0,1,1.0,1,1.0,1,0.1368954878087229,47
2405,0,3797,1940,1857,0,0,0,1.0,1,1.0,1,1.0,1,0.14074545531150337,45
2406,1,3798,1941,1857,0,0,0,1.0,1,1.0,1,1.0,1,0.1566019346892643,45
2407,3,3801,1944,1857,0,0,0,1.0,1,1.0,1,1.0,1,0.19090756112436608,42
2408,1,3802,1944,1858,0,0,0,1.0,1,1.0,1,1.0,1,0.18358550627283862,41
2409,4,3806,1946,1860,0,0,0,1.0,1,1.0,1,1.0,1,0.21298803195877625,41
2410,2,3808,1946,1862,0,0,0,1.0,1,1.0,1,1.0,1,0.20974611798271495,40
2411,2,3810,1948,1862,0,0,0,1.0,1,1.0,1,1.0,1,0.20975525101518055,40
2412,0,3810,1948,1862,0,0,0,1.0,1,1.0,1,1.0,1,0.21434974472253926,38
2413,4,3814,1951,1863,0,0,0,1.0,1,1.0,1,1.0,1,0.2121207244673559,38
2414,1,3815,1952,1863,0,0,0,1.0,1,1.0,1,1.0,1,0.2008358150509212,36
2415,1,3816,1953,1863,0,0,0,1.0,1,1.0,1,1.0,1,0.24681399234582765,36
2416,0,3816,1953,1863,0,0,0,1.0,1,1.0,1,1.0,1,0.24821697837883824,35
2417,2,3818,1954,1864,0,0,0,1.0,1,1.0,1,1.0,1,0.3278354469483524,33
2418,5,3823,1956,1867,0,0,0,1.0,1,1.0,1,1.0,1,0.28069203128935216,33
2419,2,3825,1956,1869,0,0,0,1.0,1,1.0,1,1.0,1,0.2704843504715957,33
2420,1,3826,1957,1869,0,0,0,1.0,1,1.0,1,1.0,1,0.23888620179392864,34
2421,0,3826,1957,1869,0,0,0,1.0,1,1.0,1,1.0,1,0.23888620179392864,34
2422,2,3828,1959,1869,0,0,0,1.0,1,1.0,1,1.0,1,0.25982302236930377,35
2423,3,3831,1960,1871,0,0,0,1.0,1,1.0,1,1.0,1,0.24171377541268793,36
2424,2,3833,1962,1871,0,0,0,1.0,1,1.0,1,1.0,1,0.241814201293826,35
2425,3,3836,1964,1872,0,0,0,1.0,1,1.0,1,1.0,1,0.21184069754190407,33
2426,0,3836,1964,1872,0,0,0,1.0,1,1.0,1,1.0,1,0.22610847181978663,34
2427,3,3839,1966,1873,0,0,0,1.0,1,1.0,1,1.0,1,0.2167389155401245,34
2428,2,3841,1967,1874,0,0,0,1.0,1,1.0,1,1.0,1,0.2191889538499909,34
2429,2,3843,1967,1876,0,0,0,1.0,1,1.0,1,1.0,1,0.18489836685843913,34
2430,0,3843,1967,1876,0,0,0,1.0,1,1.0,1,1.0,1,0.19499905611577178,33
2431,1,3844,1968,1876,0,0,0,1.0,1,1.0,1,1.0,1,0.17830266460763772,33
2432,0,3844,1968,1876,0,0,0,1.0,1,1.0,1,1.0,1,0.21205731862686547,33
2433,1,3845,1969,1876,0,0,0,1.0,1,1.0,1,1.0,1,0.2070922654665328,34
2434,1,3846,1969,1877,0,0,0,1.0,1,1.0,1,1.0,1,0.17049823115735485,34
2435,0,3846,1969,1877,0,0,0,1.0,1,1.0,1,1.0,1,0.17049823115735485,34
2436,0,3846,1969,1877,0,0,0,1.0,1,1.0,1,1.0,1,0.17113329665689614,33
2437,0,3846,1969,1877,0,0,0,1.0,1,1.0,1,1.0,1,0.17113329665689614,33
2438,1,3847,1970,1877,0,0,0,1.0,1,1.0,1,1.0,1,0.2458221446541972,34
2439,1,3848,1970,1878,0,0,0,1.0,1,1.0,1,1.0,1,0.21040091402056194,35
2440,0,3848,1970,1878,0,0,0,1.0,1,1.0,1,1.0,1,0.21040091402056194,35
2441,3,3851,1973,1878,0,0,0,1.0,1,1.0,1,1.0,1,0.2754313680088054,35
2442,2,3853,1973,1880,0,0,0,1.0,1,1.0,1,1.0,1,0.21279087134657207,35
2443,4,3857,1975,1882,0,0,0,1.0,1,1.0,1,1.0,1,0.24885561351425783,35
2444,4,3861,1977,1884,0,0,0,1.0,1,1.0,1,1.0,1,0.28624506805713645,34
2445,2,3863,1979,1884,0,0,0,1.0,1,1.0,1,1.0,1,0.3296269896555484,33
2446,3,3866,1980,1886,0,0,0,1.0,1,1.0,1,1.0,1,0.3713107612209006,30
2447,0,3866,1980,1886,0,0,0,1.0,1,1.0,1,1.0,1,0.3522305648917389,29
2448,3,3869,1982,1887,0,0,0,1.0,1,1.0,1,1.0,1,0.2982217828867238,27
2449,0,3869,1982,1887,0,0,0,1.0,1,1.0,1,1.0,1,0.31214420288711403,26
2450,2,3871,1984,1887,0,0,0,1.0,1,1.0,1,1.0,1,0.28771983116358385,28
2451,0,3871,1984,1887,0,0,0,1.0,1,1.0,1,1.0,1,0.28771983116358385,28
2452,0,3871,1984,1887,0,0,0,1.0,1,1.0,1,1.0,1,0.3120715544980483,29
2453,4,3875,1985,1890,0,0,0,1.0,1,1.0,1,1.0,1,0.26109895613370426,30
2454,1,3876,1985,1891,0,0,0,1.0,1,1.0,1,1.0,1,0.23130526806331003,32
2455,2,3878,1987,1891,0,0,0,1.0,1,1.0,1,1.0,1,0.23710085720180166,33
2456,1,3879,1987,1892,0,0,0,1.0,1,1.0,1,1.0,1,0.21253262522091326,34
2457,1,3880,1988,1892,0,0,0,1.0,1,1.0,1,1.0,1,0.23471776168616168,34
2458,1,3881,1988,1893,0,0,0,1.0,1,1.0,1,1.0,1,0.24256337514075033,36
2459,1,3882,1988,1894,0,0,0,1.0,1,1.0,1,1.0,1,0.22027961145885203,36
2460,2,3884,1989,1895,0,0,0,1.0,1,1.0,1,1.0,1,0.2287059050667601,37
2461,3,3887,1990,1897,0,0,0,1.0,1,1.0,1,1.0,1,0.22688007673141172,37
2462,5,3892,1993,1899,0,0,0,1.0,1,1.0,1,1.0,1,0.17836498414111482,38
2463,1,3893,1994,1899,0,0,0,1.0,1,1.0,1,1.0,1,0.16882566338936447,38
2464,3,3896,1996,1900,0,0,0,1.0,1,1.0,1,1.0,1,0.19304389953338671,37
2465,1,3897,1997,1900,0,0,0,1.0,1,1.0,1,1.0,1,0.18337689407127514,36
2466,2,3899,1999,1900,0,0,0,1.0,1,1.0,1,1.0,1,0.25775944712864357,36
2467,1,3900,1999,1901,0,0,0,1.0,1,1.0,1,1.0,1,0.2179934689992182,34
2468,1,3901,2000,1901,0,0,0,1.0,1,1.0,1,1.0,1,0.28065519287627255,33
2469,0,3901,2000,1901,0,0,0,1.0,1,1.0,1,1.0,1,0.27001018897061546,32
2470,1,3902,2001,1901,0,0,0,1.0,1,1.0,1,1.0,1,0.3276563704381801,33
2471,1,3903,2001,1902,0,0,0,1.0,1,1.0,1,1.0,1,0.31181605488201347,31
2472,1,3904,2001,1903,0,0,0,1.0,1,1.0,1,1.0,1,0.3102184379567376,32
2473,1,3905,2001,1904,0,0,0,1.0,1,1.0,1,1.0,1,0.26503179231674046,31
2474,2,3907,2002,1905,0,0,0,1.0,1,1.0,1,1.0,1,0.310426007383818,33
2475,1,3908,2003,1905,0,0,0,1.0,1,1.0,1,1.0,1,0.3141852514227966,33
2476,3,3911,2004,1907,0,0,0,1.0,1,1.0,1,1.0,1,0.28125596173205064,33
2477,2,3913,2005,1908,0,0,0,1.0,1,1.0,1,1.0,1,0.26462113214611516,33
2478,1,3914,2005,1909,0,0,0,1.0,1,1.0,1,1.0,1,0.24467933620436177,33
2479,3,3917,2007,1910,0,0,0,1.0,1,1.0,1,1.0,1,0.2767390248277465,33
2480,1,3918,2008,1910,0,0,0,1.0,1,1.0,1,1.0,1,0.274211126628908,34
2481,2,3920,2009,1911,0,0,0,1.0,1,1.0,1,1.0,1,0.2594178479613789,33
2482,2,3922,2010,1912,0,0,0,1.0,1,1.0,1,1.0,1,0.2714884671241349,34
2483,3,3925,2011,1914,0,0,0,1.0,1,1.0,1,1.0,1,0.2614094621123118,33
2484,2,3927,2012,1915,0,0,0,1.0,1,1.0,1,1.0,1,0.23473357976931353,32
2485,2,3929,2012,1917,0,0,0,1.0,1,1.0,1,1.0,1,0.18254577786434809,31
2486,1,3930,2013,1917,0,0,0,1.0,1,1.0,1,1.0,1,0.21113282507746398,29
2487,0,3930,2013,1917,0,0,0,1.0,1,1.0,1,1.0,1,0.21113282507746398,29
2488,2,3932,2014,1918,0,0,0,1.0,1,1.0,1,1.0,1,0.24889246691880781,30
2489,1,3933,2015,1918,0,0,0,1.0,1,1.0,1,1.0,1,0.21576441999577237,29
2490,3,3936,2017,1919,0,0,0,1.0,1,1.0,1,1.0,1,0.340156309548174,30
2491,1,3937,2017,1920,0,0,0,1.0,1,1.0,1,1.0,1,0.29316541957010805,30
2492,0,3937,2017,1920,0,0,0,1.0,1,1.0,1,1.0,1,0.2735809241009636,29
2493,1,3938,2017,1921,0,0,0,1.0,1,1.0,1,1.0,1,0.2403979647964495,29
2494,0,3938,2017,1921,0,0,0,1.0,1,1.0,1,1.0,1,0.2807077355113836,28
2495,1,3939,2018,1921,0,0,0,1.0,1,1.0,1,1.0,1,0.31022130903395223,29
2496,0,3939,2018,1921,0,0,0,1.0,1,1.0,1,1.0,1,0.3129594771188023,28
2497,1,3940,2018,1922,0,0,0,1.0,1,1.0,1,1.0,1,0.3011286180968891,28
2498,1,3941,2019,1922,0,0,0,1.0,1,1.0,1,1.0,1,0.35298069790153136,29
2499,4,3945,2020,1925,0,0,0,1.0,1,1.0,1,1.0,1,0.32121781494318397,30
2500,3,3948,2020,1928,0,0,0,1.0,1,1.0,1,1.0,1,0.22640107803962853,29
2501,3,3951,2022,1929,0,0,0,1.0,1,1.0,1,1.0,1,0.24042877829410225,33
2502,5,3956,2024,1932,0,0,0,1.0,1,1.0,1,1.0,1,0.19915587616849115,33
2503,1,3957,2024,1933,0,0,0,1.0,1,1.0,1,1.0,1,0.14156236821065396,31
2504,5,3962,2029,1933,0,0,0,1.0,1,1.0,1,1.0,1,0.2322977564242166,31
2505,2,3964,2030,1934,0,0,0,1.0,1,1.0,1,1.0,1,0.22844974619875824,32
2506,2,3966,2031,1935,0,0,0,1.0,1,1.0,1,1.0,1,0.2356414477631743,31
2507,1,3967,2032,1935,0,0,0,1.0,1,1.0,1,1.0,1,0.19729269748586714,29
2508,4,3971,2036,1935,0,0,0,1.0,1,1.0,1,1.0,1,0.22983767187711673,31
2509,0,3971,2036,1935,0,0,0,1.0,1,1.0,1,1.0,1,0.20417617397268273,30
2510,0,3971,2036,1935,0,0,0,1.0,1,1.0,1,1.0,1,0.20002994181774575,31
2511,1,3972,2037,1935,0,0,0,1.0,1,1.0,1,1.0,1,0.23450093677487918,32
2512,3,3975,2040,1935,0,0,0,1.0,1,1.0,1,1.0,1,0.2926031948186005,32
2513,4,3979,2042,1937,0,0,0,1.0,1,1.0,1,1.0,1,0.2249205628864029,34
2514,1,3980,2042,1938,0,0,0,1.0,1,1.0,1,1.0,1,0.2040353035746714,35
2515,2,3982,2043,1939,0,0,0,1.0,1,1.0,1,1.0,1,0.2066890624094159,35
2516,1,3983,2043,1940,0,0,0,1.0,1,1.0,1,1.0,1,0.13388655777273273,34
2517,1,3984,2044,1940,0,0,0,1.0,1,1.0,1,1.0,1,0.17897456809448328,34
2518,3,3987,2046,1941,0,0,0,1.0,1,1.0,1,1.0,1,0.17698929940830155,33
2519,1,3988,2047,1941,0,0,0,1.0,1,1.0,1,1.0,1,0.15138157112751396,32
2520,2,3990,2048,1942,0,0,0,1.0,1,1.0,1,1.0,1,0.19857365833310897,31
2521,1,3991,2049,1942,0,0,0,1.0,1,1.0,1,1.0,1,0.17945069957409251,31
2522,0,3991,2049,1942,0,0,0,1.0,1,1.0,1,1.0,1,0.20090881295190235,30
2523,0,3991,2049,1942,0,0,0,1.0,1,1.0,1,1.0,1,0.20750049993671763,30
2524,0,3991,2049,1942,0,0,0,1.0,1,1.0,1,1.0,1,0.29820566298626994,29
2525,1,3992,2050,1942,0,0,0,1.0,1,1.0,1,1.0,1,0.34929801377711706,29
2526,0,3992,2050,1942,0,0,0,1.0,1,1.0,1,1.0,1,0.36961789290234465,27
2527,0,3992,2050,1942,0,0,0,1.0,1,1.0,1,1.0,1,0.3747651091133867,28
2528,0,3992,2050,1942,0,0,0,1.0,1,1.0,1,1.0,1,0.3747651091133867,28
2529,0,3992,2050,1942,0,0,0,1.0,1,1.0,1,1.0,1,0.3747651091133867,28
2530,0,3992,2050,1942,0,0,0,1.0,1,1.0,1,1.0,1,0.38666030841427984,29
2531,1,3993,2050,1943,0,0,0,1.0,1,1.0,1,1.0,1,0.3817385758586773,30
2532,0,3993,2050,1943,0,0,0,1.0,1,1.0,1,1.0,1,0.3887550511666012,31
2533,0,3993,2050,1943,0,0,0,1.0,1,1.0,1,1.0,1,0.3887550511666012,31
2534,0,3993,2050,1943,0,0,0,1.0,1,1.0,1,1.0,1,0.3887550511666012,31
2535,1,3994,2051,1943,0,0,0,1.0,1,1.0,1,1.0,1,0.43166843766939006,31
2536,2,3996,2052,1944,0,0,0,1.0,1,1.0,1,1.0,1,0.39839950836551635,32
2537,1,3997,2053,1944,0,0,0,1.0,1,1.0,1,1.0,1,0.36011374467878887,33
2538,1,3998,2053,1945,0,0,0,1.0,1,1.0,1,1.0,1,0.3417066303614789,35
2539,6,4004,2056,1948,0,0,0,1.0,1,1.0,1,1.0,1,0.3179810460891115,37
2540,4,4008,2059,1949,0,0,0,1.0,1,1.0,1,1.0,1,0.3147265417893017,38
2541,3,4011,2060,1951,0,0,0,1.0,1,1.0,1,1.0,1,0.25872850613731585,39
2542,3,4014,2063,1951,0,0,0,1.0,1,1.0,1,1.0,1,0.32648510439757505,38
2543,4,4018,2065,1953,0,0,0,1.0,1,1.0,1,1.0,1,0.3167403686157446,41
2544,3,4021,2067,1954,0,0,0,1.0,1,1.0,1,1.0,1,0.2945392630073908,39
2545,2,4023,2068,1955,0,0,0,1.0,1,1.0,1,1.0,1,0.3312325954883419,40
2546,4,4027,2068,1959,0,0,0,1.0,1,1.0,1,1.0,1,0.21674314152817328,38
2547,3,4030,2071,1959,0,0,0,1.0,1,1.0,1,1.0,1,0.2926519081943008,38
2548,0,4030,2071,1959,0,0,0,1.0,1,1.0,1,1.0,1,0.2767906591617556,35
2549,3,4033,2074,1959,0,0,0,1.0,1,1.0,1,1.0,1,0.37661421984137033,35
2550,2,4035,2075,1960,0,0,0,1.0,1,1.0,1,1.0,1,0.3821175819264684,33
2551,3,4038,2077,1961,0,0,0,1.0,1,1.0,1,1.0,1,0.4370873119204384,31
2552,2,4040,2077,1963,0,0,0,1.0,1,1.0,1,1.0,1,0.45115225047698637,30
2553,0,4040,2077,1963,0,0,0,1.0,1,1.0,1,1.0,1,0.45115225047698637,30
2554,4,4044,2077,1967,0,0,0,1.0,1,1.0,1,1.0,1,0.310362977946106,32
2555,1,4045,2077,1968,0,0,0,1.0,1,1.0,1,1.0,1,0.32561931342531597,32
2556,0,4045,2077,1968,0,0,0,1.0,1,1.0,1,1.0,1,0.3197151550997672,32
2557,1,4046,2077,1969,0,0,0,1.0,1,1.0,1,1.0,1,0.27885738364238816,30
2558,2,4048,2078,1970,0,0,0,1.0,1,1.0,1,1.0,1,0.29892951872794443,31
2559,1,4049,2078,1971,0,0,0,1.0,1,1.0,1,1.0,1,0.264702927987134,30
2560,0,4049,2078,1971,0,0,0,1.0,1,1.0,1,1.0,1,0.264702927987134,30
2561,0,4049,2078,1971,0,0,0,1.0,1,1.0,1,1.0,1,0.264702927987134,30
2562,0,4049,2078,1971,0,0,0,1.0,1,1.0,1,1.0,1,0.2872521402871187,33
2563,0,4049,2078,1971,0,0,0,1.0,1,1.0,1,1.0,1,0.2872521402871187,33
2564,0,4049,2078,1971,0,0,0,1.0,1,1.0,1,1.0,1,0.2872521402871187,33
2565,1,4050,2079,1971,0,0,0,1.0,1,1.0,1,1.0,1,0.2629554067211398,33
2566,2,4052,2080,1972,0,0,0,1.0,1,1.0,1,1.0,1,0.2705666019362306,35
2567,2,4054,2081,1973,0,0,0,1.0,1,1.0,1,1.0,1,0.2748832079066555,36
2568,2,4056,2082,1974,0,0,0,1.0,1,1.0,1,1.0,1,0.28926432022265547,37
2569,1,4057,2082,1975,0,0,0,1.0,1,1.0,1,1.0,1,0.2784326151187673,37
2570,0,4057,2082,1975,0,0,0,1.0,1,1.0,1,1.0,1,0.28391753933614056,37
2571,0,4057,2082,1975,0,0,0,1.0,1,1.0,1,1.0,1,0.28391753933614056,37
2572,0,4057,2082,1975,0,0,0,1.0,1,1.0,1,1.0,1,0.28253901932809344,39
2573,0,4057,2082,1975,0,0,0,1.0,1,1.0,1,1.0,1,0.28253901932809344,39
2574,3,4060,2083,1977,0,0,0,1.0,1,1.0,1,1.0,1,0.306818098949312,38
2575,1,4061,2083,1978,0,0,0,1.0,1,1.0,1,1.0,1,0.28066223020811126,38
2576,0,4061,2083,1978,0,0,0,1.0,1,1.0,1,1.0,1,0.2900446689948873,37
2577,0,4061,2083,1978,0,0,0,1.0,1,1.0,1,1.0,1,0.2949752386445867,39
2578,1,4062,2083,1979,0,0,0,1.0,1,1.0,1,1.0,1,0.2981192361919659,40
2579,2,4064,2083,1981,0,0,0,1.0,1,1.0,1,1.0,1,0.26480088986979317,41
2580,0,4064,2083,1981,0,0,0,1.0,1,1.0,1,1.0,1,0.27273255861167084,42
2581,0,4064,2083,1981,0,0,0,1.0,1,1.0,1,1.0,1,0.272426291742498,43
2582,1,4065,2084,1981,0,0,0,1.0,1,1.0,1,1.0,1,0.2974254162951503,43
2583,3,4068,2085,1983,0,0,0,1.0,1,1.0,1,1.0,1,0.3114914880682646,43
2584,1,4069,2085,1984,0,0,0,1.0,1,1.0,1,1.0,1,0.2725500663752012,43
2585,3,4072,2086,1986,0,0,0,1.0,1,1.0,1,1.0,1,0.2838694221546691,44
2586,3,4075,2086,1989,0,0,0,1.0,1,1.0,1,1.0,1,0.1947397102466895,43
2587,3,4078,2087,1991,0,0,0,1.0,1,1.0,1,1.0,1,0.2132955309778173,44
2588,1,4079,2087,1992,0,0,0,1.0,1,1.0,1,1.0,1,0.19352396270114383,44
2589,3,4082,2089,1993,0,0,0,1.0,1,1.0,1,1.0,1,0.23577111887107627,44
2590,1,4083,2089,1994,0,0,0,1.0,1,1.0,1,1.0,1,0.20927444447629368,44
2591,2,4085,2089,1996,0,0,0,1.0,1,1.0,1,1.0,1,0.19505831377734442,44
2592,3,4088,2090,1998,0,0,0,1.0,1,1.0,1,1.0,1,0.1761206397641006,44
2593,1,4089,2091,1998,0,0,0,1.0,1,1.0,1,1.0,1,0.15313000809818236,43
2594,3,4092,2092,2000,0,0,0,1.0,1,1.0,1,1.0,1,0.195752774320723,48
2595,2,4094,2093,2001,0,0,0,1.0,1,1.0,1,1.0,1,0.15866317580842734,45
2596,3,4097,2095,2002,0,0,0,1.0,1,1.0,1,1.0,1,0.18044452097763639,46
2597,2,4099,2096,2003,0,0,0,1.0,1,1.0,1,1.0,1,0.13946593082379666,45
2598,0,4099,2096,2003,0,0,0,1.0,1,1.0,1,1.0,1,0.13946593082379666,45
2599,4,4103,2099,2004,0,0,0,1.0,1,1.0,1,1.0,1,0.14902474397101664,45
2600,1,4104,2100,2004,0,0,0,1.0,1,1.0,1,1.0,1,0.16922501525787823,48
2601,4,4108,2102,2006,0,0,0,1.0,1,1.0,1,1.0,1,0.1895019938838531,47
2602,0,4108,2102,2006,0,0,0,1.0,1,1.0,1,1.0,1,0.2118010644534518,48
2603,0,4108,2102,2006,0,0,0,1.0,1,1.0,1,1.0,1,0.2118010644534518,48
2604,0,4108,2102,2006,0,0,0,1.0,1,1.0,1,1.0,1,0.21581452119279207,47
2605,3,4111,2104,2007,0,0,0,1.0,1,1.0,1,1.0,1,0.22845379428122342,47
2606,3,4114,2104,2010,0,0,0,1.0,1,1.0,1,1.0,1,0.14757495830231127,46
2607,1,4115,2104,2011,0,0,0,1.0,1,1.0,1,1.0,1,0.16373399997500504,45
2608,0,4115,2104,2011,0,0,0,1.0,1,1.0,1,1.0,1,0.16373399997500504,45
2609,2,4117,2106,2011,0,0,0,1.0,1,1.0,1,1.0,1,0.170048618492111,44
2610,1,4118,2106,2012,0,0,0,1.0,1,1.0,1,1.0,1,0.15955199625739658,45
2611,2,4120,2108,2012,0,0,0,1.0,1,1.0,1,1.0,1,0.16629162222767935,46
2612,2,4122,2109,2013,0,0,0,1.0,1,1.0,1,1.0,1,0.17679187055797027,47
2613,1,4123,2110,2013,0,0,0,1.0,1,1.0,1,1.0,1,0.1941472284495432,48
2614,2,4125,2112,2013,0,0,0,1.0,1,1.0,1,1.0,1,0.25888934252193085,48
2615,4,4129,2113,2016,0,0,0,1.0,1,1.0,1,1.0,1,0.22243728671028812,49
2616,0,4129,2113,2016,0,0,0,1.0,1,1.0,1,1.0,1,0.22243728671028812,49
2617,1,4130,2113,2017,0,0,0,1.0,1,1.0,1,1.0,1,0.18644426924073804,48
2618,2,4132,2113,2019,0,0,0,1.0,1,1.0,1,1.0,1,0.16254217807855098,47
2619,1,4133,2113,2020,0,0,0,1.0,1,1.0,1,1.0,1,0.160893871868751,50
2620,1,4134,2113,2021,0,0,0,1.0,1,1.0,1,1.0,1,0.1567853332040835,51
2621,0,4134,2113,2021,0,0,0,1.0,1,1.0,1,1.0,1,0.16672307817038215,52
2622,0,4134,2113,2021,0,0,0,1.0,1,1.0,1,1.0,1,0.15450394103247156,52
2623,1,4135,2113,2022,0,0,0,1.0,1,1.0,1,1.0,1,0.15118484281296482,53
2624,1,4136,2114,2022,0,0,0,1.0,1,1.0,1,1.0,1,0.16081436074599018,51
2625,4,4140,2117,2023,0,0,0,1.0,1,1.0,1,1.0,1,0.12751043904883622,50
2626,4,4144,2120,2024,0,0,0,1.0,1,1.0,1,1.0,1,0.19634694742836706,49
2627,5,4149,2122,2027,0,0,0,1.0,1,1.0,1,1.0,1,0.09910532042800746,48
2628,2,4151,2124,2027,0,0,0,1.0,1,1.0,1,1.0,1,0.1597559833654348,48
2629,1,4152,2124,2028,0,0,0,1.0,1,1.0,1,1.0,1,0.11405113703330434,47
2630,1,4153,2125,2028,0,0,0,1.0,1,1.0,1,1.0,1,0.148782600036391,47
2631,0,4153,2125,2028,0,0,0,1.0,1,1.0,1,1.0,1,0.14978361506842772,47
2632,3,4156,2127,2029,0,0,0,1.0,1,1.0,1,1.0,1,0.1875138531143777,47
2633,3,4159,2129,2030,0,0,0,1.0,1,1.0,1,1.0,1,0.16568476617467198,44
2634,1,4160,2130,2030,0,0,0,1.0,1,1.0,1,1.0,1,0.20323585722920542,44
2635,4,4164,2131,2033,0,0,0,1.0,1,1.0,1,1.0,1,0.21608171303213955,45
2636,1,4165,2132,2033,0,0,0,1.0,1,1.0,1,1.0,1,0.21595274036346385,40
2637,6,4171,2135,2036,0,0,0,1.0,1,1.0,1,1.0,1,0.21102979722623963,41
2638,6,4177,2138,2039,0,0,0,1.0,1,1.0,1,1.0,1,0.17955643089878676,38
2639,1,4178,2138,2040,0,0,0,1.0,1,1.0,1,1.0,1,0.15984702864036257,39
2640,1,4179,2139,2040,0,0,0,1.0,1,1.0,1,1.0,1,0.16167617166423753,38
2641,2,4181,2141,2040,0,0,0,1.0,1,1.0,1,1.0,1,0.1630811843108829,37
2642,4,4185,2145,2040,0,0,0,1.0,1,1.0,1,1.0,1,0.2585235685800382,38
2643,2,4187,2145,2042,0,0,0,1.0,1,1.0,1,1.0,1,0.2019349917631745,37
2644,0,4187,2145,2042,0,0,0,1.0,1,1.0,1,1.0,1,0.17808096236255194,36
2645,2,4189,2146,2043,0,0,0,1.0,1,1.0,1,1.0,1,0.1873386690180391,35
2646,2,4191,2147,2044,0,0,0,1.0,1,1.0,1,1.0,1,0.1444842188964001,35
2647,0,4191,2147,2044,0,0,0,1.0,1,1.0,1,1.0,1,0.14381494511046664,35
2648,0,4191,2147,2044,0,0,0,1.0,1,1.0,1,1.0,1,0.15591443957669457,36
2649,1,4192,2148,2044,0,0,0,1.0,1,1.0,1,1.0,1,0.1390542298095752,37
2650,0,4192,2148,2044,0,0,0,1.0,1,1.0,1,1.0,1,0.1645712511273575,39
2651,1,4193,2149,2044,0,0,0,1.0,1,1.0,1,1.0,1,0.15953593095700122,39
2652,0,4193,2149,2044,0,0,0,1.0,1,1.0,1,1.0,1,0.15953593095700122,39
2653,0,4193,2149,2044,0,0,0,1.0,1,1.0,1,1.0,1,0.15953593095700122,39
2654,0,4193,2149,2044,0,0,0,1.0,1,1.0,1,1.0,1,0.17740544586943574,40
2655,1,4194,2149,2045,0,0,0,1.0,1,1.0,1,1.0,1,0.15238767915079507,40
2656,1,4195,2149,2046,0,0,0,1.0,1,1.0,1,1.0,1,0.15898183599382873,39
2657,0,4195,2149,2046,0,0,0,1.0,1,1.0,1,1.0,1,0.17773986495101213,40
2658,1,4196,2149,2047,0,0,0,1.0,1,1.0,1,1.0,1,0.20345402968277676,41
2659,3,4199,2151,2048,0,0,0,1.0,1,1.0,1,1.0,1,0.23244098312555705,41
2660,2,4201,2153,2048,0,0,0,1.0,1,1.0,1,1.0,1,0.2816302870790968,40
2661,4,4205,2155,2050,0,0,0,1.0,1,1.0,1,1.0,1,0.2392101035146717,40
2662,4,4209,2157,2052,0,0,0,1.0,1,1.0,1,1.0,1,0.25382966376701965,42
2663,2,4211,2158,2053,0,0,0,1.0,1,1.0,1,1.0,1,0.2396222776977368,41
2664,2,4213,2159,2054,0,0,0,1.0,1,1.0,1,1.0,1,0.2777509926743258,42
2665,2,4215,2160,2055,0,0,0,1.0,1,1.0,1,1.0,1,0.25447869880123375,43
2666,3,4218,2162,2056,0,0,0,1.0,1,1.0,1,1.0,1,0.27747583513978075,44
2667,1,4219,2163,2056,0,0,0,1.0,1,1.0,1,1.0,1,0.29926109283929514,42
2668,1,4220,2163,2057,0,0,0,1.0,1,1.0,1,1.0,1,0.2897690680724777,41
2669,2,4222,2163,2059,0,0,0,1.0,1,1.0,1,1.0,1,0.24686581582293726,42
2670,0,4222,2163,2059,0,0,0,1.0,1,1.0,1,1.0,1,0.2853390147693797,40
2671,2,4224,2165,2059,0,0,0,1.0,1,1.0,1,1.0,1,0.3278627410577678,39
2672,4,4228,2169,2059,0,0,0,1.0,1,1.0,1,1.0,1,0.36621159041559126,36
2673,4,4232,2171,2061,0,0,0,1.0,1,1.0,1,1.0,1,0.3976654100227436,35
2674,2,4234,2171,2063,0,0,0,1.0,1,1.0,1,1.0,1,0.3015366432807392,33
2675,0,4234,2171,2063,0,0,0,1.0,1,1.0,1,1.0,1,0.288093947824937,34
2676,1,4235,2172,2063,0,0,0,1.0,1,1.0,1,1.0,1,0.25613065170942817,32
2677,2,4237,2174,2063,0,0,0,1.0,1,1.0,1,1.0,1,0.26846760010602083,33
2678,1,4238,2175,2063,0,0,0,1.0,1,1.0,1,1.0,1,0.2130486797155473,33
2679,0,4238,2175,2063,0,0,0,1.0,1,1.0,1,1.0,1,0.21488781593091388,32
2680,1,4239,2176,2063,0,0,0,1.0,1,1.0,1,1.0,1,0.21429906073693822,32
2681,1,4240,2176,2064,0,0,0,1.0,1,1.0,1,1.0,1,0.24337938227609296,32
2682,2,4242,2178,2064,0,0,0,1.0,1,1.0,1,1.0,1,0.2886326484263449,33
2683,2,4244,2178,2066,0,0,0,1.0,1,1.0,1,1.0,1,0.293981963782436,32
2684,1,4245,2178,2067,0,0,0,1.0,1,1.0,1,1.0,1,0.31702706421827515,31
2685,0,4245,2178,2067,0,0,0,1.0,1,1.0,1,1.0,1,0.31702706421827515,31
2686,0,4245,2178,2067,0,0,0,1.0,1,1.0,1,1.0,1,0.3073024307431545,30
2687,0,4245,2178,2067,0,0,0,1.0,1,1.0,1,1.0,1,0.3073024307431545,30
2688,0,4245,2178,2067,0,0,0,1.0,1,1.0,1,1.0,1,0.3073024307431545,30
2689,3,4248,2179,2069,0,0,0,1.0,1,1.0,1,1.0,1,0.285245097046903,31
2690,2,4250,2181,2069,0,0,0,1.0,1,1.0,1,1.0,1,0.23663142249575508,31
2691,2,4252,2182,2070,0,0,0,1.0,1,1.0,1,1.0,1,0.23473953531875844,32
2692,2,4254,2184,2070,0,0,0,1.0,1,1.0,1,1.0,1,0.2736399498017207,32
2693,4,4258,2186,2072,0,0,0,1.0,1,1.0,1,1.0,1,0.24223487183529785,33
2694,0,4258,2186,2072,0,0,0,1.0,1,1.0,1,1.0,1,0.24035193938461685,34
2695,0,4258,2186,2072,0,0,0,1.0,1,1.0,1,1.0,1,0.24942505348666982,35
2696,0,4258,2186,2072,0,0,0,1.0,1,1.0,1,1.0,1,0.24942505348666982,35
2697,1,4259,2187,2072,0,0,0,1.0,1,1.0,1,1.0,1,0.23344542065974289,35
2698,1,4260,2187,2073,0,0,0,1.0,1,1.0,1,1.0,1,0.21171690391982378,36
2699,2,4262,2188,2074,0,0,0,1.0,1,1.0,1,1.0,1,0.223173191304209,36
2700,1,4263,2189,2074,0,0,0,1.0,1,1.0,1,1.0,1,0.23010495070690282,37
2701,1,4264,2190,2074,0,0,0,1.0,1,1.0,1,1.0,1,0.24560987511668075,37
2702,4,4268,2192,2076,0,0,0,1.0,1,1.0,1,1.0,1,0.29070508945376433,37
2703,2,4270,2193,2077,0,0,0,1.0,1,1.0,1,1.0,1,0.26188425681617644,38
2704,4,4274,2196,2078,0,0,0,1.0,1,1.0,1,1.0,1,0.3235725707992196,37
2705,2,4276,2197,2079,0,0,0,1.0,1,1.0,1,1.0,1,0.3005908825343109,36
2706,1,4277,2198,2079,0,0,0,1.0,1,1.0,1,1.0,1,0.30427477567808753,36
2707,2,4279,2199,2080,0,0,0,1.0,1,1.0,1,1.0,1,0.314116472702639,35
2708,3,4282,2201,2081,0,0,0,1.0,1,1.0,1,1.0,1,0.3358612872107814,36
2709,1,4283,2202,2081,0,0,0,1.0,1,1.0,1,1.0,1,0.2859611963295659,32
2710,5,4288,2204,2084,0,0,0,1.0,1,1.0,1,1.0,1,0.24812152514547628,29
2711,1,4289,2204,2085,0,0,0,1.0,1,1.0,1,1.0,1,0.25349510267206965,29
2712,0,4289,2204,2085,0,0,0,1.0,1,1.0,1,1.0,1,0.25991650420825274,28
2713,0,4289,2204,2085,0,0,0,1.0,1,1.0,1,1.0,1,0.2601676856599603,28
2714,1,4290,2205,2085,0,0,0,1.0,1,1.0,1,1.0,1,0.2769330695340866,26
2715,1,4291,2206,2085,0,0,0,1.0,1,1.0,1,1.0,1,0.2989432779696272,24
2716,0,4291,2206,2085,0,0,0,1.0,1,1.0,1,1.0,1,0.3014086303906665,24
2717,3,4294,2209,2085,0,0,0,1.0,1,1.0,1,1.0,1,0.32850366152217697,25
2718,3,4297,2209,2088,0,0,0,1.0,1,1.0,1,1.0,1,0.28016738249530976,25
2719,2,4299,2211,2088,0,0,0,1.0,1,1.0,1,1.0,1,0.33378838900366337,25
2720,1,4300,2212,2088,0,0,0,1.0,1,1.0,1,1.0,1,0.3517798132312309,25
2721,3,4303,2215,2088,0,0,0,1.0,1,1.0,1,1.0,1,0.28213221570714225,25
2722,1,4304,2216,2088,0,0,0,1.0,1,1.0,1,1.0,1,0.24431517622611207,26
2723,0,4304,2216,2088,0,0,0,1.0,1,1.0,1,1.0,1,0.24431517622611207,26
2724,1,4305,2217,2088,0,0,0,1.0,1,1.0,1,1.0,1,0.25771127492152995,27
2725,1,4306,2217,2089,0,0,0,1.0,1,1.0,1,1.0,1,0.2425417805479411,28
2726,1,4307,2218,2089,0,0,0,1.0,1,1.0,1,1.0,1,0.24221779338704508,28
2727,0,4307,2218,2089,0,0,0,1.0,1,1.0,1,1.0,1,0.23595593013796512,29
2728,1,4308,2219,2089,0,0,0,1.0,1,1.0,1,1.0,1,0.288550513337991,29
2729,1,4309,2220,2089,0,0,0,1.0,1,1.0,1,1.0,1,0.27666698250704297,29
2730,0,4309,2220,2089,0,0,0,1.0,1,1.0,1,1.0,1,0.27666698250704297,29
2731,2,4311,2222,2089,0,0,0,1.0,1,1.0,1,1.0,1,0.3674359337524225,30
2732,4,4315,2224,2091,0,0,0,1.0,1,1.0,1,1.0,1,0.26516203741424865,29
2733,1,4316,2224,2092,0,0,0,1.0,1,1.0,1,1.0,1,0.23465841770087456,29
2734,0,4316,2224,2092,0,0,0,1.0,1,1.0,1,1.0,1,0.23465841770087456,29
2735,0,4316,2224,2092,0,0,0,1.0,1,1.0,1,1.0,1,0.23465841770087456,29
2736,0,4316,2224,2092,0,0,0,1.0,1,1.0,1,1.0,1,0.24986753009883284,30
2737,1,4317,2224,2093,0,0,0,1.0,1,1.0,1,1.0,1,0.2343791701547248,30
2738,2,4319,2226,2093,0,0,0,1.0,1,1.0,1,1.0,1,0.2829384478353332,30
2739,1,4320,2227,2093,0,0,0,1.0,1,1.0,1,1.0,1,0.33453891503168687,29
2740,3,4323,2229,2094,0,0,0,1.0,1,1.0,1,1.0,1,0.35648257941709405,29
2741,4,4327,2229,2098,0,0,0,1.0,1,1.0,1,1.0,1,0.29391265009559703,28
2742,3,4330,2231,2099,0,0,0,1.0,1,1.0,1,1.0,1,0.29310567503759327,28
2743,3,4333,2231,2102,0,0,0,1.0,1,1.0,1,1.0,1,0.26873890156602226,29
2744,1,4334,2231,2103,0,0,0,1.0,1,1.0,1,1.0,1,0.23337480745085076,27
2745,3,4337,2232,2105,0,0,0,1.0,1,1.0,1,1.0,1,0.25625133501843256,25
2746,2,4339,2234,2105,0,0,0,1.0,1,1.0,1,1.0,1,0.34345531880864927,25
2747,2,4341,2236,2105,0,0,0,1.0,1,1.0,1,1.0,1,0.3904733059551914,23
2748,0,4341,2236,2105,0,0,0,1.0,1,1.0,1,1.0,1,0.4198828130749579,22
2749,0,4341,2236,2105,0,0,0,1.0,1,1.0,1,1.0,1,0.43739769570337744,19
2750,1,4342,2237,2105,0,0,0,1.0,1,1.0,1,1.0,1,0.4771162898671774,18
2751,0,4342,2237,2105,0,0,0,1.0,1,1.0,1,1.0,1,0.462235451282844,16
2752,0,4342,2237,2105,0,0,0,1.0,1,1.0,1,1.0,1,0.4421906413357756,15
2753,0,4342,2237,2105,0,0,0,1.0,1,1.0,1,1.0,1,0.4421906413357756,15
2754,0,4342,2237,2105,0,0,0,1.0,1,1.0,1,1.0,1,0.4421906413357756,15
2755,0,4342,2237,2105,0,0,0,1.0,1,1.0,1,1.0,1,0.4421906413357756,15
2756,0,4342,2237,2105,0,0,0,1.0,1,1.0,1,1.0,1,0.42352380021797986,16
2757,0,4342,2237,2105,0,0,0,1.0,1,1.0,1,1.0,1,0.4248417586174059,17
2758,0,4342,2237,2105,0,0,0,1.0,1,1.0,1,1.0,1,0.4248417586174059,17
2759,0,4342,2237,2105,0,0,0,1.0,1,1.0,1,1.0,1,0.43214456777982463,18
2760,0,4342,2237,2105,0,0,0,1.0,1,1.0,1,1.0,1,0.43214456777982463,18
2761,0,4342,2237,2105,0,0,0,1.0,1,1.0,1,1.0,1,0.43214456777982463,18
2762,0,4342,2237,2105,0,0,0,1.0,1,1.0,1,1.0,1,0.43214456777982463,18
2763,0,4342,2237,2105,0,0,0,1.0,1,1.0,1,1.0,1,0.42481153728410465,17
2764,3,4345,2239,2106,0,0,0,1.0,1,1.0,1,1.0,1,0.5069184099507559,17
2765,2,4347,2239,2108,0,0,0,1.0,1,1.0,1,1.0,1,0.4162601604239238,18
2766,0,4347,2239,2108,0,0,0,1.0,1,1.0,1,1.0,1,0.4162601604239238,18
2767,0,4347,2239,2108,0,0,0,1.0,1,1.0,1,1.0,1,0.4162601604239238,18
2768,1,4348,2239,2109,0,0,0,1.0,1,1.0,1,1.0,1,0.367373770357308,18
2769,0,4348,2239,2109,0,0,0,1.0,1,1.0,1,1.0,1,0.367373770357308,18
2770,1,4349,2240,2109,0,0,0,1.0,1,1.0,1,1.0,1,0.35863513661684104,18
2771,0,4349,2240,2109,0,0,0,1.0,1,1.0,1,1.0,1,0.35863513661684104,18
2772,0,4349,2240,2109,0,0,0,1.0,1,1.0,1,1.0,1,0.35863513661684104,18
2773,0,4349,2240,2109,0,0,0,1.0,1,1.0,1,1.0,1,0.35863513661684104,18
2774,3,4352,2241,2111,0,0,0,1.0,1,1.0,1,1.0,1,0.350773247019837,20
2775,0,4352,2241,2111,0,0,0,1.0,1,1.0,1,1.0,1,0.34569703590773937,21
2776,0,4352,2241,2111,0,0,0,1.0,1,1.0,1,1.0,1,0.34569703590773937,21
2777,0,4352,2241,2111,0,0,0,1.0,1,1.0,1,1.0,1,0.3311841769746077,22
2778,2,4354,2242,2112,0,0,0,1.0,1,1.0,1,1.0,1,0.3561078680602903,24
2779,1,4355,2243,2112,0,0,0,1.0,1,1.0,1,1.0,1,0.386751260492804,24
2780,1,4356,2244,2112,0,0,0,1.0,1,1.0,1,1.0,1,0.3639718494090187,24
2781,0,4356,2244,2112,0,0,0,1.0,1,1.0,1,1.0,1,0.3639718494090187,24
2782,1,4357,2244,2113,0,0,0,1.0,1,1.0,1,1.0,1,0.32968307743582653,24
2783,1,4358,2245,2113,0,0,0,1.0,1,1.0,1,1.0,1,0.35354204541653467,24
2784,2,4360,2247,2113,0,0,0,1.0,1,1.0,1,1.0,1,0.3914926096323328,24
2785,0,4360,2247,2113,0,0,0,1.0,1,1.0,1,1.0,1,0.34712724358923885,22
2786,1,4361,2247,2114,0,0,0,1.0,1,1.0,1,1.0,1,0.36610144272072187,22
2787,1,4362,2247,2115,0,0,0,1.0,1,1.0,1,1.0,1,0.2905543909721443,21
2788,0,4362,2247,2115,0,0,0,1.0,1,1.0,1,1.0,1,0.2675657317811457,20
2789,1,4363,2248,2115,0,0,0,1.0,1,1.0,1,1.0,1,0.33048688121690056,20
2790,0,4363,2248,2115,0,0,0,1.0,1,1.0,1,1.0,1,0.3540005635167254,21
2791,1,4364,2249,2115,0,0,0,1.0,1,1.0,1,1.0,1,0.4088370221994867,21
2792,0,4364,2249,2115,0,0,0,1.0,1,1.0,1,1.0,1,0.4088370221994867,21
2793,0,4364,2249,2115,0,0,0,1.0,1,1.0,1,1.0,1,0.4338326504967293,18
2794,0,4364,2249,2115,0,0,0,1.0,1,1.0,1,1.0,1,0.4338326504967293,18
2795,1,4365,2249,2116,0,0,0,1.0,1,1.0,1,1.0,1,0.3810962704709311,20
2796,1,4366,2250,2116,0,0,0,1.0,1,1.0,1,1.0,1,0.3587930372011851,21
2797,1,4367,2250,2117,0,0,0,1.0,1,1.0,1,1.0,1,0.28841622503272,21
2798,0,4367,2250,2117,0,0,0,1.0,1,1.0,1,1.0,1,0.28841622503272,21
2799,0,4367,2250,2117,0,0,0,1.0,1,1.0,1,1.0,1,0.2954740128244652,22
2800,0,4367,2250,2117,0,0,0,1.0,1,1.0,1,1.0,1,0.2954740128244652,22
2801,1,4368,2251,2117,0,0,0,1.0,1,1.0,1,1.0,1,0.284625044207828,22
2802,0,4368,2251,2117,0,0,0,1.0,1,1.0,1,1.0,1,0.284625044207828,22
2803,1,4369,2252,2117,0,0,0,1.0,1,1.0,1,1.0,1,0.3404499191431885,22
2804,0,4369,2252,2117,0,0,0,1.0,1,1.0,1,1.0,1,0.35828066348635934,23
2805,0,4369,2252,2117,0,0,0,1.0,1,1.0,1,1.0,1,0.35828066348635934,23
2806,0,4369,2252,2117,0,0,0,1.0,1,1.0,1,1.0,1,0.35828066348635934,23
2807,0,4369,2252,2117,0,0,0,1.0,1,1.0,1,1.0,1,0.34666069513862935,24
2808,0,4369,2252,2117,0,0,0,1.0,1,1.0,1,1.0,1,0.34666069513862935,24
2809,2,4371,2253,2118,0,0,0,1.0,1,1.0,1,1.0,1,0.37303435799168544,25
2810,0,4371,2253,2118,0,0,0,1.0,1,1.0,1,1.0,1,0.3704156352863677,24
2811,1,4372,2253,2119,0,0,0,1.0,1,1.0,1,1.0,1,0.35753973907554465,26
2812,1,4373,2254,2119,0,0,0,1.0,1,1.0,1,1.0,1,0.399810385211709,26
2813,0,4373,2254,2119,0,0,0,1.0,1,1.0,1,1.0,1,0.40141747597554656,27
2814,5,4378,2256,2122,0,0,0,1.0,1,1.0,1,1.0,1,0.36258259339967064,29
2815,1,4379,2256,2123,0,0,0,1.0,1,1.0,1,1.0,1,0.3487644132159488,29
2816,1,4380,2256,2124,0,0,0,1.0,1,1.0,1,1.0,1,0.33507196065280886,29
2817,1,4381,2257,2124,0,0,0,1.0,1,1.0,1,1.0,1,0.3518392356496659,29
2818,2,4383,2258,2125,0,0,0,1.0,1,1.0,1,1.0,1,0.3686756876286367,29
2819,0,4383,2258,2125,0,0,0,1.0,1,1.0,1,1.0,1,0.37998685075579197,30
2820,1,4384,2259,2125,0,0,0,1.0,1,1.0,1,1.0,1,0.37782677351494026,30
2821,2,4386,2259,2127,0,0,0,1.0,1,1.0,1,1.0,1,0.33447893836056125,31
2822,4,4390,2261,2129,0,0,0,1.0,1,1.0,1,1.0,1,0.3030575420215663,30
2823,2,4392,2263,2129,0,0,0,1.0,1,1.0,1,1.0,1,0.2635055553243729,27
2824,2,4394,2263,2131,0,0,0,1.0,1,1.0,1,1.0,1,0.18370457103646695,28
2825,4,4398,2267,2131,0,0,0,1.0,1,1.0,1,1.0,1,0.22334413924622895,28
2826,1,4399,2268,2131,0,0,0,1.0,1,1.0,1,1.0,1,0.2699475301932704,27
2827,2,4401,2268,2133,0,0,0,1.0,1,1.0,1,1.0,1,0.23796232214165514,28
2828,0,4401,2268,2133,0,0,0,1.0,1,1.0,1,1.0,1,0.2862317620129478,28
2829,0,4401,2268,2133,0,0,0,1.0,1,1.0,1,1.0,1,0.2696385910759946,27
2830,1,4402,2269,2133,0,0,0,1.0,1,1.0,1,1.0,1,0.2813253806150295,27
2831,0,4402,2269,2133,0,0,0,1.0,1,1.0,1,1.0,1,0.2813253806150295,27
2832,1,4403,2270,2133,0,0,0,1.0,1,1.0,1,1.0,1,0.3430306733617939,27
2833,0,4403,2270,2133,0,0,0,1.0,1,1.0,1,1.0,1,0.37867795779905006,26
2834,0,4403,2270,2133,0,0,0,1.0,1,1.0,1,1.0,1,0.32392984059579427,26
2835,1,4404,2271,2133,0,0,0,1.0,1,1.0,1,1.0,1,0.3477914239610799,25
2836,2,4406,2271,2135,0,0,0,1.0,1,1.0,1,1.0,1,0.3161111510963953,27
2837,2,4408,2272,2136,0,0,0,1.0,1,1.0,1,1.0,1,0.30284823168935926,27
2838,3,4411,2273,2138,0,0,0,1.0,1,1.0,1,1.0,1,0.19188235132447773,27
2839,0,4411,2273,2138,0,0,0,1.0,1,1.0,1,1.0,1,0.21629874466798568,29
2840,1,4412,2274,2138,0,0,0,1.0,1,1.0,1,1.0,1,0.22814411772960724,29
2841,1,4413,2274,2139,0,0,0,1.0,1,1.0,1,1.0,1,0.2174648696041594,31
2842,1,4414,2274,2140,0,0,0,1.0,1,1.0,1,1.0,1,0.18745065988227444,31
2843,0,4414,2274,2140,0,0,0,1.0,1,1.0,1,1.0,1,0.19860876617224504,32
2844,2,4416,2276,2140,0,0,0,1.0,1,1.0,1,1.0,1,0.26999712525587727,33
2845,1,4417,2276,2141,0,0,0,1.0,1,1.0,1,1.0,1,0.24474665744584653,32
2846,0,4417,2276,2141,0,0,0,1.0,1,1.0,1,1.0,1,0.2449894175314055,33
2847,2,4419,2278,2141,0,0,0,1.0,1,1.0,1,1.0,1,0.29927556032625763,32
2848,1,4420,2279,2141,0,0,0,1.0,1,1.0,1,1.0,1,0.3322670046151958,33
2849,2,4422,2279,2143,0,0,0,1.0,1,1.0,1,1.0,1,0.29146306661481547,34
2850,0,4422,2279,2143,0,0,0,1.0,1,1.0,1,1.0,1,0.29146306661481547,34
2851,0,4422,2279,2143,0,0,0,1.0,1,1.0,1,1.0,1,0.29146306661481547,34
2852,5,4427,2284,2143,0,0,0,1.0,1,1.0,1,1.0,1,0.2725741053557372,35
2853,2,4429,2285,2144,0,0,0,1.0,1,1.0,1,1.0,1,0.27600476025225745,36
2854,1,4430,2285,2145,0,0,0,1.0,1,1.0,1,1.0,1,0.2696121794849848,37
2855,3,4433,2286,2147,0,0,0,1.0,1,1.0,1,1.0,1,0.23471376650367898,38
2856,0,4433,2286,2147,0,0,0,1.0,1,1.0,1,1.0,1,0.23471376650367898,38
2857,1,4434,2287,2147,0,0,0,1.0,1,1.0,1,1.0,1,0.23154531349266888,39
2858,2,4436,2288,2148,0,0,0,1.0,1,1.0,1,1.0,1,0.23123632277523457,40
2859,5,4441,2290,2151,0,0,0,1.0,1,1.0,1,1.0,1,0.19258552731509998,40
2860,2,4443,2292,2151,0,0,0,1.0,1,1.0,1,1.0,1,0.17904815307868763,40
2861,3,4446,2294,2152,0,0,0,1.0,1,1.0,1,1.0,1,0.14302161242450037,38
2862,4,4450,2297,2153,0,0,0,1.0,1,1.0,1,1.0,1,0.202298920189626,38
2863,4,4454,2299,2155,0,0,0,1.0,1,1.0,1,1.0,1,0.21889408544748412,38
2864,3,4457,2301,2156,0,0,0,1.0,1,1.0,1,1.0,1,0.1990193117861333,36
2865,3,4460,2304,2156,0,0,0,1.0,1,1.0,1,1.0,1,0.26372749249420707,34
2866,0,4460,2304,2156,0,0,0,1.0,1,1.0,1,1.0,1,0.2212128453060926,31
2867,0,4460,2304,2156,0,0,0,1.0,1,1.0,1,1.0,1,0.2040330808292594,30
2868,2,4462,2306,2156,0,0,0,1.0,1,1.0,1,1.0,1,0.26918980058829994,27
2869,1,4463,2307,2156,0,0,0,1.0,1,1.0,1,1.0,1,0.2800431848385142,27
2870,1,4464,2308,2156,0,0,0,1.0,1,1.0,1,1.0,1,0.3021609686625561,25
2871,2,4466,2309,2157,0,0,0,1.0,1,1.0,1,1.0,1,0.31235468119787796,25
2872,2,4468,2311,2157,0,0,0,1.0,1,1.0,1,1.0,1,0.4172214072950601,23
2873,1,4469,2311,2158,0,0,0,1.0,1,1.0,1,1.0,1,0.40296709698916994,24
2874,2,4471,2312,2159,0,0,0,1.0,1,1.0,1,1.0,1,0.4325296912287688,24
2875,1,4472,2312,2160,0,0,0,1.0,1,1.0,1,1.0,1,0.41963884440580607,23
2876,2,4474,2313,2161,0,0,0,1.0,1,1.0,1,1.0,1,0.37191983233210824,24
2877,0,4474,2313,2161,0,0,0,1.0,1,1.0,1,1.0,1,0.37191983233210824,24
2878,2,4476,2314,2162,0,0,0,1.0,1,1.0,1,1.0,1,0.30587432631291755,24
2879,3,4479,2316,2163,0,0,0,1.0,1,1.0,1,1.0,1,0.3582955660428615,25
2880,1,4480,2316,2164,0,0,0,1.0,1,1.0,1,1.0,1,0.3103781646444668,26
2881,0,4480,2316,2164,0,0,0,1.0,1,1.0,1,1.0,1,0.3103781646444668,26
2882,0,4480,2316,2164,0,0,0,1.0,1,1.0,1,1.0,1,0.29154594703545994,27
2883,0,4480,2316,2164,0,0,0,1.0,1,1.0,1,1.0,1,0.26867827533354505,28
2884,2,4482,2317,2165,0,0,0,1.0,1,1.0,1,1.0,1,0.3650485449405794,29
2885,1,4483,2317,2166,0,0,0,1.0,1,1.0,1,1.0,1,0.3367371686799385,31
2886,1,4484,2318,2166,0,0,0,1.0,1,1.0,1,1.0,1,0.35539597314125176,31
2887,1,4485,2318,2167,0,0,0,1.0,1,1.0,1,1.0,1,0.3205750022092359,33
2888,2,4487,2318,2169,0,0,0,1.0,1,1.0,1,1.0,1,0.3026174651014627,34
2889,2,4489,2319,2170,0,0,0,1.0,1,1.0,1,1.0,1,0.3030052605651285,35
2890,1,4490,2320,2170,0,0,0,1.0,1,1.0,1,1.0,1,0.3152293483523505,35
2891,0,4490,2320,2170,0,0,0,1.0,1,1.0,1,1.0,1,0.3152293483523505,35
2892,2,4492,2322,2170,0,0,0,1.0,1,1.0,1,1.0,1,0.33414685982928094,35
2893,2,4494,2322,2172,0,0,0,1.0,1,1.0,1,1.0,1,0.32311696190459427,37
2894,0,4494,2322,2172,0,0,0,1.0,1,1.0,1,1.0,1,0.32311696190459427,37
2895,1,4495,2323,2172,0,0,0,1.0,1,1.0,1,1.0,1,0.32873736644074025,37
2896,3,4498,2323,2175,0,0,0,1.0,1,1.0,1,1.0,1,0.2971197196708752,38
2897,0,4498,2323,2175,0,0,0,1.0,1,1.0,1,1.0,1,0.3198996540538841,37
2898,1,4499,2323,2176,0,0,0,1.0,1,1.0,1,1.0,1,0.33030345942896533,38
2899,0,4499,2323,2176,0,0,0,1.0,1,1.0,1,1.0,1,0.3066455448967949,37
2900,0,4499,2323,2176,0,0,0,1.0,1,1.0,1,1.0,1,0.31886360430593313,36
2901,0,4499,2323,2176,0,0,0,1.0,1,1.0,1,1.0,1,0.3231437823843831,37
2902,1,4500,2324,2176,0,0,0,1.0,1,1.0,1,1.0,1,0.3804919243055911,35
2903,0,4500,2324,2176,0,0,0,1.0,1,1.0,1,1.0,1,0.3722353855597358,35
2904,2,4502,2324,2178,0,0,0,1.0,1,1.0,1,1.0,1,0.38042329578077905,33
2905,1,4503,2324,2179,0,0,0,1.0,1,1.0,1,1.0,1,0.3474531049079872,34
2906,2,4505,2326,2179,0,0,0,1.0,1,1.0,1,1.0,1,0.3894266092678089,34
2907,2,4507,2326,2181,0,0,0,1.0,1,1.0,1,1.0,1,0.3215874249799692,35
2908,2,4509,2326,2183,0,0,0,1.0,1,1.0,1,1.0,1,0.2839007381012838,36
2909,0,4509,2326,2183,0,0,0,1.0,1,1.0,1,1.0,1,0.3006096911133582,38
2910,0,4509,2326,2183,0,0,0,1.0,1,1.0,1,1.0,1,0.3006096911133582,38
2911,0,4509,2326,2183,0,0,0,1.0,1,1.0,1,1.0,1,0.29340302864512735,37
2912,0,4509,2326,2183,0,0,0,1.0,1,1.0,1,1.0,1,0.29340302864512735,37
2913,0,4509,2326,2183,0,0,0,1.0,1,1.0,1,1.0,1,0.29819533971623124,38
2914,0,4509,2326,2183,0,0,0,1.0,1,1.0,1,1.0,1,0.29819533971623124,38
2915,2,4511,2326,2185,0,0,0,1.0,1,1.0,1,1.0,1,0.28581326605338553,39
2916,1,4512,2327,2185,0,0,0,1.0,1,1.0,1,1.0,1,0.2873586044119237,40
2917,1,4513,2327,2186,0,0,0,1.0,1,1.0,1,1.0,1,0.2934482982385556,41
2918,2,4515,2328,2187,0,0,0,1.0,1,1.0,1,1.0,1,0.30231909415909847,41
2919,0,4515,2328,2187,0,0,0,1.0,1,1.0,1,1.0,1,0.30231909415909847,41
2920,3,4518,2328,2190,0,0,0,1.0,1,1.0,1,1.0,1,0.29389251605454436,43
2921,1,4519,2328,2191,0,0,0,1.0,1,1.0,1,1.0,1,0.2928885214873343,42
2922,1,4520,2329,2191,0,0,0,1.0,1,1.0,1,1.0,1,0.28507858972775313,43
2923,0,4520,2329,2191,0,0,0,1.0,1,1.0,1,1.0,1,0.287967698953102,44
2924,1,4521,2329,2192,0,0,0,1.0,1,1.0,1,1.0,1,0.25824674684748267,45
2925,0,4521,2329,2192,0,0,0,1.0,1,1.0,1,1.0,1,0.2752739210708316,45
2926,2,4523,2330,2193,0,0,0,1.0,1,1.0,1,1.0,1,0.28771798027695095,47
2927,2,4525,2331,2194,0,0,0,1.0,1,1.0,1,1.0,1,0.28826343046755815,47
2928,3,4528,2332,2196,0,0,0,1.0,1,1.0,1,1.0,1,0.2508011981970258,48
2929,1,4529,2332,2197,0,0,0,1.0,1,1.0,1,1.0,1,0.23760515767791598,48
2930,0,4529,2332,2197,0,0,0,1.0,1,1.0,1,1.0,1,0.2601407407113519,50
2931,0,4529,2332,2197,0,0,0,1.0,1,1.0,1,1.0,1,0.26935848347177294,51
2932,0,4529,2332,2197,0,0,0,1.0,1,1.0,1,1.0,1,0.26935848347177294,51
2933,1,4530,2333,2197,0,0,0,1.0,1,1.0,1,1.0,1,0.29914517493285536,52
2934,1,4531,2333,2198,0,0,0,1.0,1,1.0,1,1.0,1,0.2871037568901134,52
2935,1,4532,2334,2198,0,0,0,1.0,1,1.0,1,1.0,1,0.30135625243149305,51
2936,1,4533,2334,2199,0,0,0,1.0,1,1.0,1,1.0,1,0.28352485750357975,49
2937,3,4536,2334,2202,0,0,0,1.0,1,1.0,1,1.0,1,0.2723226317163879,50
2938,3,4539,2335,2204,0,0,0,1.0,1,1.0,1,1.0,1,0.25719426945613605,50
2939,2,4541,2335,2206,0,0,0,1.0,1,1.0,1,1.0,1,0.23337056032286835,51
2940,0,4541,2335,2206,0,0,0,1.0,1,1.0,1,1.0,1,0.24774094145250772,52
2941,1,4542,2336,2206,0,0,0,1.0,1,1.0,1,1.0,1,0.25970480690327774,53
2942,2,4544,2338,2206,0,0,0,1.0,1,1.0,1,1.0,1,0.2837291068670628,52
2943,2,4546,2339,2207,0,0,0,1.0,1,1.0,1,1.0,1,0.2754944860258272,51
2944,5,4551,2341,2210,0,0,0,1.0,1,1.0,1,1.0,1,0.27582207482782517,52
2945,2,4553,2342,2211,0,0,0,1.0,1,1.0,1,1.0,1,0.2314840697484262,50
2946,5,4558,2344,2214,0,0,0,1.0,1,1.0,1,1.0,1,0.25205290204261815,51
2947,4,4562,2346,2216,0,0,0,1.0,1,1.0,1,1.0,1,0.21548001666706898,50
2948,2,4564,2347,2217,0,0,0,1.0,1,1.0,1,1.0,1,0.22315763504812455,50
2949,0,4564,2347,2217,0,0,0,1.0,1,1.0,1,1.0,1,0.21020733985228618,49
2950,1,4565,2348,2217,0,0,0,1.0,1,1.0,1,1.0,1,0.27507064630540967,48
2951,2,4567,2350,2217,0,0,0,1.0,1,1.0,1,1.0,1,0.33163470550752755,48
2952,2,4569,2350,2219,0,0,0,1.0,1,1.0,1,1.0,1,0.3027678488446159,46
2953,1,4570,2350,2220,0,0,0,1.0,1,1.0,1,1.0,1,0.28479019543881556,46
2954,2,4572,2350,2222,0,0,0,1.0,1,1.0,1,1.0,1,0.28730376198950297,48
2955,3,4575,2350,2225,0,0,0,1.0,1,1.0,1,1.0,1,0.2553383468154908,48
2956,0,4575,2350,2225,0,0,0,1.0,1,1.0,1,1.0,1,0.28369746619797304,47
2957,4,4579,2351,2228,0,0,0,1.0,1,1.0,1,1.0,1,0.24702623093797285,48
2958,1,4580,2351,2229,0,0,0,1.0,1,1.0,1,1.0,1,0.2439560499928155,49
2959,2,4582,2352,2230,0,0,0,1.0,1,1.0,1,1.0,1,0.21889334904785182,49
2960,0,4582,2352,2230,0,0,0,1.0,1,1.0,1,1.0,1,0.21889334904785182,49
2961,5,4587,2355,2232,0,0,0,1.0,1,1.0,1,1.0,1,0.2502483261628215,51
2962,2,4589,2355,2234,0,0,0,1.0,1,1.0,1,1.0,1,0.2105798945570645,51
2963,1,4590,2355,2235,0,0,0,1.0,1,1.0,1,1.0,1,0.19521853784806653,51
2964,3,4593,2355,2238,0,0,0,1.0,1,1.0,1,1.0,1,0.1558228358788475,52
2965,0,4593,2355,2238,0,0,0,1.0,1,1.0,1,1.0,1,0.17166050316646828,53
2966,3,4596,2357,2239,0,0,0,1.0,1,1.0,1,1.0,1,0.1686290934805618,53
2967,1,4597,2357,2240,0,0,0,1.0,1,1.0,1,1.0,1,0.17390739407413533,53
2968,2,4599,2357,2242,0,0,0,1.0,1,1.0,1,1.0,1,0.1435144923269659,54
2969,3,4602,2359,2243,0,0,0,1.0,1,1.0,1,1.0,1,0.14213736261309773,55
2970,0,4602,2359,2243,0,0,0,1.0,1,1.0,1,1.0,1,0.14213736261309773,55
2971,0,4602,2359,2243,0,0,0,1.0,1,1.0,1,1.0,1,0.14213736261309773,55
2972,0,4602,2359,2243,0,0,0,1.0,1,1.0,1,1.0,1,0.14213736261309773,55
2973,1,4603,2359,2244,0,0,0,1.0,1,1.0,1,1.0,1,0.1401086045168267,55
2974,1,4604,2360,2244,0,0,0,1.0,1,1.0,1,1.0,1,0.14009688195134873,56
2975,0,4604,2360,2244,0,0,0,1.0,1,1.0,1,1.0,1,0.13238781659414636,55
2976,0,4604,2360,2244,0,0,0,1.0,1,1.0,1,1.0,1,0.1549588275038212,57
2977,1,4605,2361,2244,0,0,0,1.0,1,1.0,1,1.0,1,0.15670838497508902,59
2978,2,4607,2363,2244,0,0,0,1.0,1,1.0,1,1.0,1,0.18217003273505245,59
2979,3,4610,2364,2246,0,0,0,1.0,1,1.0,1,1.0,1,0.1677149436232874,59
2980,4,4614,2366,2248,0,0,0,1.0,1,1.0,1,1.0,1,0.1834081313286466,59
2981,0,4614,2366,2248,0,0,0,1.0,1,1.0,1,1.0,1,0.1834081313286466,59
2982,1,4615,2366,2249,0,0,0,1.0,1,1.0,1,1.0,1,0.19708012034056324,61
2983,3,4618,2368,2250,0,0,0,1.0,1,1.0,1,1.0,1,0.19544978627598428,61
2984,7,4625,2371,2254,0,0,0,1.0,1,1.0,1,1.0,1,0.18092952317051322,61
2985,5,4630,2375,2255,0,0,0,1.0,1,1.0,1,1.0,1,0.1925107385801102,57
2986,5,4635,2377,2258,0,0,0,1.0,1,1.0,1,1.0,1,0.20214276169695758,58
2987,4,4639,2380,2259,0,0,0,1.0,1,1.0,1,1.0,1,0.22574777431594384,56
2988,0,4639,2380,2259,0,0,0,1.0,1,1.0,1,1.0,1,0.23409772852361055,55
2989,9,4648,2384,2264,0,0,0,1.0,1,1.0,1,1.0,1,0.20000629558696267,53
2990,2,4650,2385,2265,0,0,0,1.0,1,1.0,1,1.0,1,0.20530641054997978,52
2991,1,4651,2385,2266,0,0,0,1.0,1,1.0,1,1.0,1,0.19148627123530076,54
2992,3,4654,2386,2268,0,0,0,1.0,1,1.0,1,1.0,1,0.16553568675075245,55
2993,2,4656,2388,2268,0,0,0,1.0,1,1.0,1,1.0,1,0.19018322919659333,53
2994,2,4658,2390,2268,0,0,0,1.0,1,1.0,1,1.0,1,0.22877743045596768,53
2995,4,4662,2391,2271,0,0,0,1.0,1,1.0,1,1.0,1,0.1699627749065809,51
2996,4,4666,2392,2274,0,0,0,1.0,1,1.0,1,1.0,1,0.17975542330642177,52
2997,3,4669,2393,2276,0,0,0,1.0,1,1.0,1,1.0,1,0.1761530526228154,50
2998,0,4669,2393,2276,0,0,0,1.0,1,1.0,1,1.0,1,0.18919862559446088,51
2999,0,4669,2393,2276,0,0,0,1.0,1,1.0,1,1.0,1,0.1802327698039572,48
3000,1,4670,2394,2276,0,0,0,1.0,1,1.0,1,1.0,1,0.1654295455011517,48
3001,0,4670,2394,2276,0,0,0,1.0,1,1.0,1,1.0,1,0.16963205250766708,49
3002,0,4670,2394,2276,0,0,0,1.0,1,1.0,1,1.0,1,0.18449337539248017,50
3003,2,4672,2395,2277,0,0,0,1.0,1,1.0,1,1.0,1,0.18013440195174044,50
3004,1,4673,2395,2278,0,0,0,1.0,1,1.0,1,1.0,1,0.16894360656136678,51
3005,0,4673,2395,2278,0,0,0,1.0,1,1.0,1,1.0,1,0.1841452805687717,50
3006,1,4674,2395,2279,0,0,0,1.0,1,1.0,1,1.0,1,0.1930280537806272,51
3007,1,4675,2395,2280,0,0,0,1.0,1,1.0,1,1.0,1,0.20440393249544364,51
3008,4,4679,2396,2283,0,0,0,1.0,1,1.0,1,1.0,1,0.2307630931582135,53
3009,1,4680,2396,2284,0,0,0,1.0,1,1.0,1,1.0,1,0.2235073212435338,52
3010,1,4681,2396,2285,0,0,0,1.0,1,1.0,1,1.0,1,0.19636057339159577,52
3011,3,4684,2397,2287,0,0,0,1.0,1,1.0,1,1.0,1,0.14995492956737613,51
3012,2,4686,2398,2288,0,0,0,1.0,1,1.0,1,1.0,1,0.18858520985538013,54
3013,3,4689,2400,2289,0,0,0,1.0,1,1.0,1,1.0,1,0.1792754317156079,52
3014,1,4690,2401,2289,0,0,0,1.0,1,1.0,1,1.0,1,0.18341730943876963,51
3015,5,4695,2404,2291,0,0,0,1.0,1,1.0,1,1.0,1,0.1461721901902034,50
3016,5,4700,2409,2291,0,0,0,1.0,1,1.0,1,1.0,1,0.19774040782607796,50
3017,2,4702,2411,2291,0,0,0,1.0,1,1.0,1,1.0,1,0.21161383764247055,48
3018,1,4703,2412,2291,0,0,0,1.0,1,1.0,1,1.0,1,0.22500390845227428,48
3019,2,4705,2413,2292,0,0,0,1.0,1,1.0,1,1.0,1,0.19939678978444322,47
3020,2,4707,2415,2292,0,0,0,1.0,1,1.0,1,1.0,1,0.18936839297547714,47
3021,7,4714,2419,2295,0,0,0,1.0,1,1.0,1,1.0,1,0.2213259915773113,46
3022,7,4721,2425,2296,0,0,0,1.0,1,1.0,1,1.0,1,0.2852730012799978,45
3023,1,4722,2425,2297,0,0,0,1.0,1,1.0,1,1.0,1,0.2535369025414178,41
3024,5,4727,2429,2298,0,0,0,1.0,1,1.0,1,1.0,1,0.2969478354691556,43
3025,3,4730,2430,2300,0,0,0,1.0,1,1.0,1,1.0,1,0.2370723435033727,39
3026,2,4732,2431,2301,0,0,0,1.0,1,1.0,1,1.0,1,0.22266895664909622,38
3027,2,4734,2433,2301,0,0,0,1.0,1,1.0,1,1.0,1,0.25132058559178344,38
3028,4,4738,2434,2304,0,0,0,1.0,1,1.0,1,1.0,1,0.1894594360254804,38
3029,0,4738,2434,2304,0,0,0,1.0,1,1.0,1,1.0,1,0.18539061829741763,37
3030,0,4738,2434,2304,0,0,0,1.0,1,1.0,1,1.0,1,0.19833011923182073,38
3031,1,4739,2435,2304,0,0,0,1.0,1,1.0,1,1.0,1,0.22073520753927697,39
3032,2,4741,2436,2305,0,0,0,1.0,1,1.0,1,1.0,1,0.23355095164598183,39
3033,1,4742,2436,2306,0,0,0,1.0,1,1.0,1,1.0,1,0.2125075399092831,39
3034,0,4742,2436,2306,0,0,0,1.0,1,1.0,1,1.0,1,0.2282734780555241,38
3035,1,4743,2437,2306,0,0,0,1.0,1,1.0,1,1.0,1,0.257348960394833,39
3036,1,4744,2437,2307,0,0,0,1.0,1,1.0,1,1.0,1,0.2219762596331762,39
3037,2,4746,2437,2309,0,0,0,1.0,1,1.0,1,1.0,1,0.24443755491453575,39
3038,2,4748,2438,2310,0,0,0,1.0,1,1.0,1,1.0,1,0.2363978518985425,40
3039,3,4751,2439,2312,0,0,0,1.0,1,1.0,1,1.0,1,0.1981532858036342,41
3040,1,4752,2440,2312,0,0,0,1.0,1,1.0,1,1.0,1,0.20892433767722313,42
3041,0,4752,2440,2312,0,0,0,1.0,1,1.0,1,1.0,1,0.20630039376382642,43
3042,4,4756,2442,2314,0,0,0,1.0,1,1.0,1,1.0,1,0.22903634982448884,45
3043,5,4761,2444,2317,0,0,0,1.0,1,1.0,1,1.0,1,0.17862620628940384,45
3044,2,4763,2445,2318,0,0,0,1.0,1,1.0,1,1.0,1,0.1662020686627956,45
3045,1,4764,2446,2318,0,0,0,1.0,1,1.0,1,1.0,1,0.18829955744499163,45
3046,1,4765,2446,2319,0,0,0,1.0,1,1.0,1,1.0,1,0.18315751965459148,46
3047,1,4766,2447,2319,0,0,0,1.0,1,1.0,1,1.0,1,0.21865776004920334,46
3048,5,4771,2447,2324,0,0,0,1.0,1,1.0,1,1.0,1,0.17011273187934695,49
3049,2,4773,2447,2326,0,0,0,1.0,1,1.0,1,1.0,1,0.12879035009652864,50
3050,0,4773,2447,2326,0,0,0,1.0,1,1.0,1,1.0,1,0.12879035009652864,50
3051,2,4775,2448,2327,0,0,0,1.0,1,1.0,1,1.0,1,0.11979867811318201,50
3052,2,4777,2449,2328,0,0,0,1.0,1,1.0,1,1.0,1,0.13924227155152089,50
3053,1,4778,2450,2328,0,0,0,1.0,1,1.0,1,1.0,1,0.12355336861221233,49
3054,0,4778,2450,2328,0,0,0,1.0,1,1.0,1,1.0,1,0.1501918904608429,47
3055,1,4779,2451,2328,0,0,0,1.0,1,1.0,1,1.0,1,0.18720850333903757,48
3056,0,4779,2451,2328,0,0,0,1.0,1,1.0,1,1.0,1,0.2141472504429816,47
3057,3,4782,2453,2329,0,0,0,1.0,1,1.0,1,1.0,1,0.2696246521043308,48
3058,0,4782,2453,2329,0,0,0,1.0,1,1.0,1,1.0,1,0.2519485837616092,46
3059,0,4782,2453,2329,0,0,0,1.0,1,1.0,1,1.0,1,0.2983052748046352,44
3060,3,4785,2455,2330,0,0,0,1.0,1,1.0,1,1.0,1,0.32653905228077795,44
3061,0,4785,2455,2330,0,0,0,1.0,1,1.0,1,1.0,1,0.31662551082307694,42
3062,7,4792,2459,2333,0,0,0,1.0,1,1.0,1,1.0,1,0.3427636931696965,42
3063,7,4799,2462,2337,0,0,0,1.0,1,1.0,1,1.0,1,0.25215568969209334,41
3064,1,4800,2462,2338,0,0,0,1.0,1,1.0,1,1.0,1,0.2571428688515465,42
3065,1,4801,2463,2338,0,0,0,1.0,1,1.0,1,1.0,1,0.22440487226345088,40
3066,3,4804,2465,2339,0,0,0,1.0,1,1.0,1,1.0,1,0.21590039356092924,42
3067,3,4807,2467,2340,0,0,0,1.0,1,1.0,1,1.0,1,0.1982993035130531,40
3068,2,4809,2469,2340,0,0,0,1.0,1,1.0,1,1.0,1,0.1768113814922805,39
3069,0,4809,2469,2340,0,0,0,1.0,1,1.0,1,1.0,1,0.16324819698617604,38
3070,0,4809,2469,2340,0,0,0,1.0,1,1.0,1,1.0,1,0.18443208343515546,39
3071,0,4809,2469,2340,0,0,0,1.0,1,1.0,1,1.0,1,0.17226069277883693,39
3072,1,4810,2469,2341,0,0,0,1.0,1,1.0,1,1.0,1,0.18165627349983385,40
3073,1,4811,2470,2341,0,0,0,1.0,1,1.0,1,1.0,1,0.21163296501798431,38
3074,0,4811,2470,2341,0,0,0,1.0,1,1.0,1,1.0,1,0.19661512972827758,38
3075,1,4812,2471,2341,0,0,0,1.0,1,1.0,1,1.0,1,0.20467250567164505,41
3076,1,4813,2472,2341,0,0,0,1.0,1,1.0,1,1.0,1,0.20769992904127607,42
3077,1,4814,2473,2341,0,0,0,1.0,1,1.0,1,1.0,1,0.2298845855348802,42
3078,0,4814,2473,2341,0,0,0,1.0,1,1.0,1,1.0,1,0.2298845855348802,42
3079,0,4814,2473,2341,0,0,0,1.0,1,1.0,1,1.0,1,0.2298845855348802,42
3080,2,4816,2473,2343,0,0,0,1.0,1,1.0,1,1.0,1,0.187793700116427,43
3081,1,4817,2474,2343,0,0,0,1.0,1,1.0,1,1.0,1,0.20899394341166644,44
3082,1,4818,2474,2344,0,0,0,1.0,1,1.0,1,1.0,1,0.21681901498342912,45
3083,0,4818,2474,2344,0,0,0,1.0,1,1.0,1,1.0,1,0.21681901498342912,45
3084,0,4818,2474,2344,0,0,0,1.0,1,1.0,1,1.0,1,0.21681901498342912,45
3085,3,4821,2475,2346,0,0,0,1.0,1,1.0,1,1.0,1,0.24797277178287236,46
3086,0,4821,2475,2346,0,0,0,1.0,1,1.0,1,1.0,1,0.24797277178287236,46
3087,1,4822,2476,2346,0,0,0,1.0,1,1.0,1,1.0,1,0.2683003549366056,47
3088,2,4824,2477,2347,0,0,0,1.0,1,1.0,1,1.0,1,0.2902011272362016,48
3089,2,4826,2478,2348,0,0,0,1.0,1,1.0,1,1.0,1,0.26574850287497176,46
3090,0,4826,2478,2348,0,0,0,1.0,1,1.0,1,1.0,1,0.30037806337485856,46
3091,2,4828,2478,2350,0,0,0,1.0,1,1.0,1,1.0,1,0.2918395834699008,46
3092,3,4831,2479,2352,0,0,0,1.0,1,1.0,1,1.0,1,0.2679163832564759,47
3093,2,4833,2479,2354,0,0,0,1.0,1,1.0,1,1.0,1,0.23751424596378895,47
3094,1,4834,2479,2355,0,0,0,1.0,1,1.0,1,1.0,1,0.23724603814098563,45
3095,3,4837,2481,2356,0,0,0,1.0,1,1.0,1,1.0,1,0.2110538008937535,46
3096,0,4837,2481,2356,0,0,0,1.0,1,1.0,1,1.0,1,0.21226783718654665,46
3097,2,4839,2483,2356,0,0,0,1.0,1,1.0,1,1.0,1,0.2414168458285618,47
3098,6,4845,2484,2361,0,0,0,1.0,1,1.0,1,1.0,1,0.1547445740680882,47
3099,0,4845,2484,2361,0,0,0,1.0,1,1.0,1,1.0,1,0.1547445740680882,47
3100,0,4845,2484,2361,0,0,0,1.0,1,1.0,1,1.0,1,0.1547445740680882,47
3101,0,4845,2484,2361,0,0,0,1.0,1,1.0,1,1.0,1,0.16676542151863072,48
3102,0,4845,2484,2361,0,0,0,1.0,1,1.0,1,1.0,1,0.16676542151863072,48
3103,2,4847,2486,2361,0,0,0,1.0,1,1.0,1,1.0,1,0.210769571906747,49
3104,1,4848,2487,2361,0,0,0,1.0,1,1.0,1,1.0,1,0.21199439404116766,48
3105,1,4849,2487,2362,0,0,0,1.0,1,1.0,1,1.0,1,0.20037922415786694,45
3106,5,4854,2488,2366,0,0,0,1.0,1,1.0,1,1.0,1,0.18218391523792352,46
3107,0,4854,2488,2366,0,0,0,1.0,1,1.0,1,1.0,1,0.19879511259617008,44
3108,0,4854,2488,2366,0,0,0,1.0,1,1.0,1,1.0,1,0.18758471671879418,45
3109,1,4855,2488,2367,0,0,0,1.0,1,1.0,1,1.0,1,0.17781144969358073,44
3110,3,4858,2491,2367,0,0,0,1.0,1,1.0,1,1.0,1,0.23094631471118546,46
3111,2,4860,2492,2368,0,0,0,1.0,1,1.0,1,1.0,1,0.23505796807441195,46
3112,2,4862,2492,2370,0,0,0,1.0,1,1.0,1,1.0,1,0.20509554958137255,47
3113,2,4864,2493,2371,0,0,0,1.0,1,1.0,1,1.0,1,0.18750548701271363,48
3114,1,4865,2493,2372,0,0,0,1.0,1,1.0,1,1.0,1,0.20229126493718408,48
3115,1,4866,2493,2373,0,0,0,1.0,1,1.0,1,1.0,1,0.215720687854203,49
3116,0,4866,2493,2373,0,0,0,1.0,1,1.0,1,1.0,1,0.24377746854963053,48
3117,2,4868,2494,2374,0,0,0,1.0,1,1.0,1,1.0,1,0.23210281927755788,49
3118,2,4870,2494,2376,0,0,0,1.0,1,1.0,1,1.0,1,0.2254412599676969,50
3119,1,4871,2494,2377,0,0,0,1.0,1,1.0,1,1.0,1,0.20678455076683935,50
3120,4,4875,2494,2381,0,0,0,1.0,1,1.0,1,1.0,1,0.17620866583142744,50
3121,0,4875,2494,2381,0,0,0,1.0,1,1.0,1,1.0,1,0.17620866583142744,50
3122,0,4875,2494,2381,0,0,0,1.0,1,1.0,1,1.0,1,0.17620866583142744,50
3123,2,4877,2496,2381,0,0,0,1.0,1,1.0,1,1.0,1,0.1716478127479662,51
3124,2,4879,2497,2382,0,0,0,1.0,1,1.0,1,1.0,1,0.20300240762905564,51
3125,1,4880,2498,2382,0,0,0,1.0,1,1.0,1,1.0,1,0.21731441864358322,51
3126,3,4883,2498,2385,0,0,0,1.0,1,1.0,1,1.0,1,0.16777285301124556,54
3127,2,4885,2499,2386,0,0,0,1.0,1,1.0,1,1.0,1,0.18906854738250425,53
3128,1,4886,2500,2386,0,0,0,1.0,1,1.0,1,1.0,1,0.18780792913211244,52
3129,1,4887,2501,2386,0,0,0,1.0,1,1.0,1,1.0,1,0.18255338034313617,51
3130,0,4887,2501,2386,0,0,0,1.0,1,1.0,1,1.0,1,0.190425728156162,50
3131,1,4888,2502,2386,0,0,0,1.0,1,1.0,1,1.0,1,0.19916492985428164,50
3132,0,4888,2502,2386,0,0,0,1.0,1,1.0,1,1.0,1,0.19213271477761634,49
3133,1,4889,2502,2387,0,0,0,1.0,1,1.0,1,1.0,1,0.17074475229212677,49
3134,1,4890,2503,2387,0,0,0,1.0,1,1.0,1,1.0,1,0.20772933363305876,46
3135,3,4893,2505,2388,0,0,0,1.0,1,1.0,1,1.0,1,0.2514684374668176,47
3136,2,4895,2505,2390,0,0,0,1.0,1,1.0,1,1.0,1,0.20300442919554915,46
3137,0,4895,2505,2390,0,0,0,1.0,1,1.0,1,1.0,1,0.22116969823756874,49
3138,1,4896,2506,2390,0,0,0,1.0,1,1.0,1,1.0,1,0.2229230977467246,49
3139,3,4899,2508,2391,0,0,0,1.0,1,1.0,1,1.0,1,0.2576959670266856,50
3140,1,4900,2509,2391,0,0,0,1.0,1,1.0,1,1.0,1,0.2955004241980319,51
3141,5,4905,2509,2396,0,0,0,1.0,1,1.0,1,1.0,1,0.2249105289333625,50
3142,2,4907,2509,2398,0,0,0,1.0,1,1.0,1,1.0,1,0.1979018440521586,50
3143,0,4907,2509,2398,0,0,0,1.0,1,1.0,1,1.0,1,0.21441372841650544,49
3144,0,4907,2509,2398,0,0,0,1.0,1,1.0,1,1.0,1,0.21441372841650544,49
3145,1,4908,2510,2398,0,0,0,1.0,1,1.0,1,1.0,1,0.2514800630954617,48
3146,2,4910,2511,2399,0,0,0,1.0,1,1.0,1,1.0,1,0.24912034147348971,49
3147,1,4911,2511,2400,0,0,0,1.0,1,1.0,1,1.0,1,0.27238688081540074,48
3148,4,4915,2514,2401,0,0,0,1.0,1,1.0,1,1.0,1,0.2535086666007536,48
3149,4,4919,2517,2402,0,0,0,1.0,1,1.0,1,1.0,1,0.2593596621603515,47
3150,2,4921,2517,2404,0,0,0,1.0,1,1.0,1,1.0,1,0.21860772012382576,47
3151,2,4923,2518,2405,0,0,0,1.0,1,1.0,1,1.0,1,0.23527716058682974,48
3152,0,4923,2518,2405,0,0,0,1.0,1,1.0,1,1.0,1,0.24008489773425748,47
3153,0,4923,2518,2405,0,0,0,1.0,1,1.0,1,1.0,1,0.24008489773425748,47
3154,3,4926,2519,2407,0,0,0,1.0,1,1.0,1,1.0,1,0.23879867921100356,48
3155,1,4927,2519,2408,0,0,0,1.0,1,1.0,1,1.0,1,0.22142056785207392,48
3156,1,4928,2520,2408,0,0,0,1.0,1,1.0,1,1.0,1,0.2333772122500859,48
3157,1,4929,2520,2409,0,0,0,1.0,1,1.0,1,1.0,1,0.2550900075442735,48
3158,1,4930,2520,2410,0,0,0,1.0,1,1.0,1,1.0,1,0.23900149644934535,48
3159,1,4931,2520,2411,0,0,0,1.0,1,1.0,1,1.0,1,0.22416424662372858,49
3160,3,4934,2521,2413,0,0,0,1.0,1,1.0,1,1.0,1,0.24213779106937847,51
3161,1,4935,2521,2414,0,0,0,1.0,1,1.0,1,1.0,1,0.21539992912149247,52
3162,2,4937,2522,2415,0,0,0,1.0,1,1.0,1,1.0,1,0.18096733143095353,51
3163,0,4937,2522,2415,0,0,0,1.0,1,1.0,1,1.0,1,0.18096733143095353,51
3164,4,4941,2524,2417,0,0,0,1.0,1,1.0,1,1.0,1,0.1931708083876974,52
3165,4,4945,2525,2420,0,0,0,1.0,1,1.0,1,1.0,1,0.1466121961095692,50
3166,1,4946,2526,2420,0,0,0,1.0,1,1.0,1,1.0,1,0.16153675958963779,50
3167,2,4948,2528,2420,0,0,0,1.0,1,1.0,1,1.0,1,0.14401534236741811,49
3168,1,4949,2529,2420,0,0,0,1.0,1,1.0,1,1.0,1,0.17555714378643153,47
3169,1,4950,2530,2420,0,0,0,1.0,1,1.0,1,1.0,1,0.20578722938314453,48
3170,1,4951,2530,2421,0,0,0,1.0,1,1.0,1,1.0,1,0.19373765322608832,47
3171,3,4954,2531,2423,0,0,0,1.0,1,1.0,1,1.0,1,0.2277486629623779,47
3172,1,4955,2531,2424,0,0,0,1.0,1,1.0,1,1.0,1,0.22384178448017092,46
3173,1,4956,2531,2425,0,0,0,1.0,1,1.0,1,1.0,1,0.18019766116517125,45
3174,2,4958,2532,2426,0,0,0,1.0,1,1.0,1,1.0,1,0.24415147379554075,43
3175,3,4961,2533,2428,0,0,0,1.0,1,1.0,1,1.0,1,0.21716427275483594,43
3176,3,4964,2533,2431,0,0,0,1.0,1,1.0,1,1.0,1,0.15960045580316617,44
3177,1,4965,2534,2431,0,0,0,1.0,1,1.0,1,1.0,1,0.16359788907490808,44
3178,0,4965,2534,2431,0,0,0,1.0,1,1.0,1,1.0,1,0.172970046115275,47
3179,2,4967,2535,2432,0,0,0,1.0,1,1.0,1,1.0,1,0.173905953945243,48
3180,0,4967,2535,2432,0,0,0,1.0,1,1.0,1,1.0,1,0.173905953945243,48
3181,1,4968,2535,2433,0,0,0,1.0,1,1.0,1,1.0,1,0.1558845588549294,48
3182,1,4969,2536,2433,0,0,0,1.0,1,1.0,1,1.0,1,0.18653472673206137,51
3183,3,4972,2538,2434,0,0,0,1.0,1,1.0,1,1.0,1,0.17376381255799966,50
3184,4,4976,2540,2436,0,0,0,1.0,1,1.0,1,1.0,1,0.18105552199501404,50
3185,0,4976,2540,2436,0,0,0,1.0,1,1.0,1,1.0,1,0.16616057619724503,48
3186,3,4979,2542,2437,0,0,0,1.0,1,1.0,1,1.0,1,0.157286737596685,48
3187,0,4979,2542,2437,0,0,0,1.0,1,1.0,1,1.0,1,0.16844819650609688,48
3188,3,4982,2543,2439,0,0,0,1.0,1,1.0,1,1.0,1,0.1621544866680767,48
3189,0,4982,2543,2439,0,0,0,1.0,1,1.0,1,1.0,1,0.17321017525968552,49
3190,0,4982,2543,2439,0,0,0,1.0,1,1.0,1,1.0,1,0.19729899183181415,51
3191,1,4983,2544,2439,0,0,0,1.0,1,1.0,1,1.0,1,0.18819884339196055,52
3192,1,4984,2545,2439,0,0,0,1.0,1,1.0,1,1.0,1,0.20297375421872527,52
3193,2,4986,2546,2440,0,0,0,1.0,1,1.0,1,1.0,1,0.19100583488636685,52
3194,4,4990,2547,2443,0,0,0,1.0,1,1.0,1,1.0,1,0.16727773283383715,54
3195,0,4990,2547,2443,0,0,0,1.0,1,1.0,1,1.0,1,0.16727773283383715,54
3196,2,4992,2548,2444,0,0,0,1.0,1,1.0,1,1.0,1,0.1754784280708931,54
3197,1,4993,2548,2445,0,0,0,1.0,1,1.0,1,1.0,1,0.1657437998616953,54
3198,2,4995,2549,2446,0,0,0,1.0,1,1.0,1,1.0,1,0.15625965824000984,54
3199,1,4996,2549,2447,0,0,0,1.0,1,1.0,1,1.0,1,0.15381264409587156,56
3200,1,4997,2549,2448,0,0,0,1.0,1,1.0,1,1.0,1,0.1510805929692725,56
3201,0,4997,2549,2448,0,0,0,1.0,1,1.0,1,1.0,1,0.1510805929692725,56
3202,0,4997,2549,2448,0,0,0,1.0,1,1.0,1,1.0,1,0.15941675178616557,57
3203,1,4998,2550,2448,0,0,0,1.0,1,1.0,1,1.0,1,0.16018663726566118,56
3204,3,5001,2553,2448,0,0,0,1.0,1,1.0,1,1.0,1,0.24404588025468194,55
3205,2,5003,2553,2450,0,0,0,1.0,1,1.0,1,1.0,1,0.22688208263462067,54
3206,5,5008,2556,2452,0,0,0,1.0,1,1.0,1,1.0,1,0.2394992834238465,56
3207,1,5009,2556,2453,0,0,0,1.0,1,1.0,1,1.0,1,0.23437155109583238,54
3208,0,5009,2556,2453,0,0,0,1.0,1,1.0,1,1.0,1,0.23453908041162314,53
3209,0,5009,2556,2453,0,0,0,1.0,1,1.0,1,1.0,1,0.2343160708442787,54
3210,3,5012,2558,2454,0,0,0,1.0,1,1.0,1,1.0,1,0.24251689023662965,53
3211,2,5014,2559,2455,0,0,0,1.0,1,1.0,1,1.0,1,0.24057592803900665,53
3212,0,5014,2559,2455,0,0,0,1.0,1,1.0,1,1.0,1,0.2517941543841262,54
3213,0,5014,2559,2455,0,0,0,1.0,1,1.0,1,1.0,1,0.24825282761518044,54
3214,1,5015,2559,2456,0,0,0,1.0,1,1.0,1,1.0,1,0.2702377479532065,55
3215,0,5015,2559,2456,0,0,0,1.0,1,1.0,1,1.0,1,0.2702377479532065,55
3216,1,5016,2560,2456,0,0,0,1.0,1,1.0,1,1.0,1,0.27646587777010967,55
3217,3,5019,2563,2456,0,0,0,1.0,1,1.0,1,1.0,1,0.32654846129084814,54
3218,1,5020,2563,2457,0,0,0,1.0,1,1.0,1,1.0,1,0.2869341912135244,54
3219,1,5021,2564,2457,0,0,0,1.0,1,1.0,1,1.0,1,0.29880124886227205,55
3220,1,5022,2564,2458,0,0,0,1.0,1,1.0,1,1.0,1,0.26190971847241795,56
3221,0,5022,2564,2458,0,0,0,1.0,1,1.0,1,1.0,1,0.2764525115230818,57
3222,2,5024,2565,2459,0,0,0,1.0,1,1.0,1,1.0,1,0.2768813533429885,57
3223,3,5027,2567,2460,0,0,0,1.0,1,1.0,1,1.0,1,0.30206124575155224,56
3224,6,5033,2572,2461,0,0,0,1.0,1,1.0,1,1.0,1,0.2734624665956608,58
3225,1,5034,2572,2462,0,0,0,1.0,1,1.0,1,1.0,1,0.2510212380132704,55
3226,2,5036,2574,2462,0,0,0,1.0,1,1.0,1,1.0,1,0.284511808897592,54
3227,1,5037,2574,2463,0,0,0,1.0,1,1.0,1,1.0,1,0.24284862758606143,53
3228,3,5040,2577,2463,0,0,0,1.0,1,1.0,1,1.0,1,0.29562162669436987,52
3229,9,5049,2581,2468,0,0,0,1.0,1,1.0,1,1.0,1,0.28083099271831147,52
3230,1,5050,2581,2469,0,0,0,1.0,1,1.0,1,1.0,1,0.24918455094781955,50
3231,2,5052,2582,2470,0,0,0,1.0,1,1.0,1,1.0,1,0.2598318625986666,50
3232,3,5055,2585,2470,0,0,0,1.0,1,1.0,1,1.0,1,0.2500199115009772,50
3233,2,5057,2585,2472,0,0,0,1.0,1,1.0,1,1.0,1,0.2470979319553129,50
3234,2,5059,2587,2472,0,0,0,1.0,1,1.0,1,1.0,1,0.24093536110907054,49
3235,0,5059,2587,2472,0,0,0,1.0,1,1.0,1,1.0,1,0.23413376035382166,49
3236,1,5060,2588,2472,0,0,0,1.0,1,1.0,1,1.0,1,0.257617745282452,51
3237,3,5063,2590,2473,0,0,0,1.0,1,1.0,1,1.0,1,0.30277245385655666,53
3238,2,5065,2591,2474,0,0,0,1.0,1,1.0,1,1.0,1,0.28203487531783955,53
3239,0,5065,2591,2474,0,0,0,1.0,1,1.0,1,1.0,1,0.28203487531783955,53
3240,0,5065,2591,2474,0,0,0,1.0,1,1.0,1,1.0,1,0.28245983808736647,53
3241,1,5066,2591,2475,0,0,0,1.0,1,1.0,1,1.0,1,0.27771649496359696,53
3242,2,5068,2591,2477,0,0,0,1.0,1,1.0,1,1.0,1,0.2583857190494993,53
3243,1,5069,2591,2478,0,0,0,1.0,1,1.0,1,1.0,1,0.2622986594274494,56
3244,0,5069,2591,2478,0,0,0,1.0,1,1.0,1,1.0,1,0.27219596500707716,57
3245,3,5072,2591,2481,0,0,0,1.0,1,1.0,1,1.0,1,0.24759160554287382,59
3246,0,5072,2591,2481,0,0,0,1.0,1,1.0,1,1.0,1,0.24759160554287382,59
3247,2,5074,2592,2482,0,0,0,1.0,1,1.0,1,1.0,1,0.25537723204089546,59
3248,4,5078,2593,2485,0,0,0,1.0,1,1.0,1,1.0,1,0.23601602478047617,59
3249,1,5079,2593,2486,0,0,0,1.0,1,1.0,1,1.0,1,0.24741986410412306,58
3250,1,5080,2594,2486,0,0,0,1.0,1,1.0,1,1.0,1,0.24135912553279534,58
3251,1,5081,2594,2487,0,0,0,1.0,1,1.0,1,1.0,1,0.2448562159515437,57
3252,0,5081,2594,2487,0,0,0,1.0,1,1.0,1,1.0,1,0.2538603026271933,57
3253,1,5082,2594,2488,0,0,0,1.0,1,1.0,1,1.0,1,0.2603527813070768,56
3254,0,5082,2594,2488,0,0,0,1.0,1,1.0,1,1.0,1,0.2639422035635463,57
3255,2,5084,2594,2490,0,0,0,1.0,1,1.0,1,1.0,1,0.247510307346902,57
3256,2,5086,2595,2491,0,0,0,1.0,1,1.0,1,1.0,1,0.24794246741854867,57
3257,2,5088,2595,2493,0,0,0,1.0,1,1.0,1,1.0,1,0.23491185609990958,57
3258,2,5090,2595,2495,0,0,0,1.0,1,1.0,1,1.0,1,0.22887204203128564,58
3259,2,5092,2595,2497,0,0,0,1.0,1,1.0,1,1.0,1,0.2120750747679072,59
3260,1,5093,2596,2497,0,0,0,1.0,1,1.0,1,1.0,1,0.23547633984276445,60
3261,6,5099,2599,2500,0,0,0,1.0,1,1.0,1,1.0,1,0.18759686484215007,60
3262,5,5104,2601,2503,0,0,0,1.0,1,1.0,1,1.0,1,0.15246944423956338,61
3263,5,5109,2606,2503,0,0,0,1.0,1,1.0,1,1.0,1,0.16734050828647193,62
3264,2,5111,2608,2503,0,0,0,1.0,1,1.0,1,1.0,1,0.17840530437116342,60
3265,3,5114,2610,2504,0,0,0,1.0,1,1.0,1,1.0,1,0.14750518187968015,58
3266,6,5120,2614,2506,0,0,0,1.0,1,1.0,1,1.0,1,0.20455284488912348,59
3267,2,5122,2615,2507,0,0,0,1.0,1,1.0,1,1.0,1,0.17872951415942548,60
3268,5,5127,2619,2508,0,0,0,1.0,1,1.0,1,1.0,1,0.20934760581836792,58
3269,4,5131,2619,2512,0,0,0,1.0,1,1.0,1,1.0,1,0.13531611865771143,57
3270,2,5133,2621,2512,0,0,0,1.0,1,1.0,1,1.0,1,0.14502206047410732,56
3271,1,5134,2622,2512,0,0,0,1.0,1,1.0,1,1.0,1,0.15416300852186124,55
3272,1,5135,2622,2513,0,0,0,1.0,1,1.0,1,1.0,1,0.14776679682567456,55
3273,3,5138,2623,2515,0,0,0,1.0,1,1.0,1,1.0,1,0.14557172860579667,55
3274,1,5139,2624,2515,0,0,0,1.0,1,1.0,1,1.0,1,0.11169407200863082,55
3275,0,5139,2624,2515,0,0,0,1.0,1,1.0,1,1.0,1,0.11169407200863082,55
3276,0,5139,2624,2515,0,0,0,1.0,1,1.0,1,1.0,1,0.11411730597281208,55
3277,0,5139,2624,2515,0,0,0,1.0,1,1.0,1,1.0,1,0.12831199231694687,57
3278,0,5139,2624,2515,0,0,0,1.0,1,1.0,1,1.0,1,0.13246488247710667,56
3279,1,5140,2624,2516,0,0,0,1.0,1,1.0,1,1.0,1,0.11560831593203837,54
3280,0,5140,2624,2516,0,0,0,1.0,1,1.0,1,1.0,1,0.1513945279390534,53
3281,1,5141,2625,2516,0,0,0,1.0,1,1.0,1,1.0,1,0.18746603380415464,52
3282,1,5142,2626,2516,0,0,0,1.0,1,1.0,1,1.0,1,0.2540688753727565,50
3283,3,5145,2627,2518,0,0,0,1.0,1,1.0,1,1.0,1,0.2317444593488338,50
3284,5,5150,2629,2521,0,0,0,1.0,1,1.0,1,1.0,1,0.28384572096632,47
3285,4,5154,2630,2524,0,0,0,1.0,1,1.0,1,1.0,1,0.26384195182654413,48
3286,2,5156,2630,2526,0,0,0,1.0,1,1.0,1,1.0,1,0.21185075941608392,46
3287,5,5161,2632,2529,0,0,0,1.0,1,1.0,1,1.0,1,0.22779984614370338,46
3288,6,5167,2635,2532,0,0,0,1.0,1,1.0,1,1.0,1,0.1569158163089324,46
3289,2,5169,2637,2532,0,0,0,1.0,1,1.0,1,1.0,1,0.17710205660693643,48
3290,3,5172,2639,2533,0,0,0,1.0,1,1.0,1,1.0,1,0.17631962789089872,48
3291,5,5177,2641,2536,0,0,0,1.0,1,1.0,1,1.0,1,0.11185693532899696,50
3292,1,5178,2642,2536,0,0,0,1.0,1,1.0,1,1.0,1,0.1366278555392113,50
3293,1,5179,2642,2537,0,0,0,1.0,1,1.0,1,1.0,1,0.1152751325338697,51
3294,0,5179,2642,2537,0,0,0,1.0,1,1.0,1,1.0,1,0.10793049976313587,50
3295,1,5180,2643,2537,0,0,0,1.0,1,1.0,1,1.0,1,0.13055720183721614,50
3296,0,5180,2643,2537,0,0,0,1.0,1,1.0,1,1.0,1,0.13055720183721614,50
3297,1,5181,2644,2537,0,0,0,1.0,1,1.0,1,1.0,1,0.14942758171929038,51
3298,0,5181,2644,2537,0,0,0,1.0,1,1.0,1,1.0,1,0.14444974899892826,52
3299,2,5183,2646,2537,0,0,0,1.0,1,1.0,1,1.0,1,0.14550328669276302,53
3300,0,5183,2646,2537,0,0,0,1.0,1,1.0,1,1.0,1,0.14550328669276302,53
3301,1,5184,2647,2537,0,0,0,1.0,1,1.0,1,1.0,1,0.16417226400620769,53
3302,5,5189,2649,2540,0,0,0,1.0,1,1.0,1,1.0,1,0.11202118328691471,53
3303,0,5189,2649,2540,0,0,0,1.0,1,1.0,1,1.0,1,0.09892278872626624,52
3304,2,5191,2651,2540,0,0,0,1.0,1,1.0,1,1.0,1,0.13731084225009743,52
3305,3,5194,2653,2541,0,0,0,1.0,1,1.0,1,1.0,1,0.16494473324985062,51
3306,3,5197,2655,2542,0,0,0,1.0,1,1.0,1,1.0,1,0.19616312468701988,51
3307,2,5199,2655,2544,0,0,0,1.0,1,1.0,1,1.0,1,0.15414059486816092,48
3308,0,5199,2655,2544,0,0,0,1.0,1,1.0,1,1.0,1,0.15414059486816092,48
3309,0,5199,2655,2544,0,0,0,1.0,1,1.0,1,1.0,1,0.14108208483326284,48
3310,1,5200,2655,2545,0,0,0,1.0,1,1.0,1,1.0,1,0.17974572668661312,47
3311,2,5202,2657,2545,0,0,0,1.0,1,1.0,1,1.0,1,0.22774465510895683,49
3312,4,5206,2658,2548,0,0,0,1.0,1,1.0,1,1.0,1,0.2111983553686799,48
3313,6,5212,2662,2550,0,0,0,1.0,1,1.0,1,1.0,1,0.24171768607529337,49
3314,1,5213,2663,2550,0,0,0,1.0,1,1.0,1,1.0,1,0.27075361963754185,47
3315,5,5218,2664,2554,0,0,0,1.0,1,1.0,1,1.0,1,0.23445612535959398,47
3316,1,5219,2665,2554,0,0,0,1.0,1,1.0,1,1.0,1,0.2585863800863992,47
3317,2,5221,2666,2555,0,0,0,1.0,1,1.0,1,1.0,1,0.21398101068426084,46
3318,4,5225,2667,2558,0,0,0,1.0,1,1.0,1,1.0,1,0.20596167412847674,45
3319,0,5225,2667,2558,0,0,0,1.0,1,1.0,1,1.0,1,0.1998239113628077,44
3320,1,5226,2668,2558,0,0,0,1.0,1,1.0,1,1.0,1,0.21676413003896547,43
3321,4,5230,2672,2558,0,0,0,1.0,1,1.0,1,1.0,1,0.2567958756210324,43
3322,4,5234,2672,2562,0,0,0,1.0,1,1.0,1,1.0,1,0.24453365403636182,40
3323,2,5236,2672,2564,0,0,0,1.0,1,1.0,1,1.0,1,0.19630598263670343,40
3324,1,5237,2673,2564,0,0,0,1.0,1,1.0,1,1.0,1,0.16461632357302433,40
3325,3,5240,2675,2565,0,0,0,1.0,1,1.0,1,1.0,1,0.14794855336549695,40
3326,1,5241,2676,2565,0,0,0,1.0,1,1.0,1,1.0,1,0.1152432315350911,41
3327,0,5241,2676,2565,0,0,0,1.0,1,1.0,1,1.0,1,0.13519599632313797,39
3328,4,5245,2680,2565,0,0,0,1.0,1,1.0,1,1.0,1,0.2684701474851759,41
3329,3,5248,2681,2567,0,0,0,1.0,1,1.0,1,1.0,1,0.20749966192931474,39
3330,4,5252,2684,2568,0,0,0,1.0,1,1.0,1,1.0,1,0.2789430220855305,40
3331,1,5253,2684,2569,0,0,0,1.0,1,1.0,1,1.0,1,0.22625438225178834,38
3332,0,5253,2684,2569,0,0,0,1.0,1,1.0,1,1.0,1,0.22723542663174104,38
3333,0,5253,2684,2569,0,0,0,1.0,1,1.0,1,1.0,1,0.22723542663174104,38
3334,1,5254,2684,2570,0,0,0,1.0,1,1.0,1,1.0,1,0.2303288053872812,40
3335,1,5255,2684,2571,0,0,0,1.0,1,1.0,1,1.0,1,0.21613962264861064,40
3336,0,5255,2684,2571,0,0,0,1.0,1,1.0,1,1.0,1,0.21868941597970037,39
3337,1,5256,2684,2572,0,0,0,1.0,1,1.0,1,1.0,1,0.183134650934846,40
3338,2,5258,2686,2572,0,0,0,1.0,1,1.0,1,1.0,1,0.22958850748465534,41
3339,1,5259,2687,2572,0,0,0,1.0,1,1.0,1,1.0,1,0.26265780622396007,42
3340,3,5262,2689,2573,0,0,0,1.0,1,1.0,1,1.0,1,0.2597305099918057,43
3341,1,5263,2689,2574,0,0,0,1.0,1,1.0,1,1.0,1,0.24341857531602876,43
3342,1,5264,2690,2574,0,0,0,1.0,1,1.0,1,1.0,1,0.29698656794791967,44
3343,3,5267,2692,2575,0,0,0,1.0,1,1.0,1,1.0,1,0.2684353436182216,44
3344,4,5271,2694,2577,0,0,0,1.0,1,1.0,1,1.0,1,0.2895362983068171,44
3345,0,5271,2694,2577,0,0,0,1.0,1,1.0,1,1.0,1,0.3012584609970128,43
3346,0,5271,2694,2577,0,0,0,1.0,1,1.0,1,1.0,1,0.32227146347197133,42
3347,0,5271,2694,2577,0,0,0,1.0,1,1.0,1,1.0,1,0.30441985821615064,44
3348,2,5273,2694,2579,0,0,0,1.0,1,1.0,1,1.0,1,0.27756194222445413,45
3349,2,5275,2696,2579,0,0,0,1.0,1,1.0,1,1.0,1,0.25302676367176596,45
3350,0,5275,2696,2579,0,0,0,1.0,1,1.0,1,1.0,1,0.2367426006955154,46
3351,2,5277,2697,2580,0,0,0,1.0,1,1.0,1,1.0,1,0.22953414660330718,47
3352,4,5281,2698,2583,0,0,0,1.0,1,1.0,1,1.0,1,0.18986485808740855,47
3353,0,5281,2698,2583,0,0,0,1.0,1,1.0,1,1.0,1,0.2031342777262951,48
3354,2,5283,2699,2584,0,0,0,1.0,1,1.0,1,1.0,1,0.2057010026492747,48
3355,1,5284,2699,2585,0,0,0,1.0,1,1.0,1,1.0,1,0.23308205580446165,48
3356,1,5285,2700,2585,0,0,0,1.0,1,1.0,1,1.0,1,0.22782907168480154,48
3357,1,5286,2701,2585,0,0,0,1.0,1,1.0,1,1.0,1,0.22580007596110507,47
3358,0,5286,2701,2585,0,0,0,1.0,1,1.0,1,1.0,1,0.284314960448056,46
3359,2,5288,2703,2585,0,0,0,1.0,1,1.0,1,1.0,1,0.32536156734005445,45
3360,1,5289,2704,2585,0,0,0,1.0,1,1.0,1,1.0,1,0.3263747435414312,44
3361,3,5292,2705,2587,0,0,0,1.0,1,1.0,1,1.0,1,0.3041901332431833,43
3362,3,5295,2706,2589,0,0,0,1.0,1,1.0,1,1.0,1,0.25917594242449515,42
3363,1,5296,2707,2589,0,0,0,1.0,1,1.0,1,1.0,1,0.2898172321497824,41
3364,2,5298,2707,2591,0,0,0,1.0,1,1.0,1,1.0,1,0.2889727293594821,41
3365,1,5299,2708,2591,0,0,0,1.0,1,1.0,1,1.0,1,0.33830781526612685,41
3366,1,5300,2708,2592,0,0,0,1.0,1,1.0,1,1.0,1,0.29553717708507843,40
3367,0,5300,2708,2592,0,0,0,1.0,1,1.0,1,1.0,1,0.2845390617899767,39
3368,2,5302,2708,2594,0,0,0,1.0,1,1.0,1,1.0,1,0.23458352999664062,39
3369,1,5303,2708,2595,0,0,0,1.0,1,1.0,1,1.0,1,0.20797484187372797,40
3370,2,5305,2710,2595,0,0,0,1.0,1,1.0,1,1.0,1,0.19897379294564072,41
3371,1,5306,2711,2595,0,0,0,1.0,1,1.0,1,1.0,1,0.21525410621813065,41
3372,5,5311,2713,2598,0,0,0,1.0,1,1.0,1,1.0,1,0.19252557045088267,40
3373,0,5311,2713,2598,0,0,0,1.0,1,1.0,1,1.0,1,0.2049479372703846,41
3374,1,5312,2713,2599,0,0,0,1.0,1,1.0,1,1.0,1,0.18539560325706597,42
3375,2,5314,2713,2601,0,0,0,1.0,1,1.0,1,1.0,1,0.17518639632884045,44
3376,1,5315,2713,2602,0,0,0,1.0,1,1.0,1,1.0,1,0.1552149479503526,46
3377,0,5315,2713,2602,0,0,0,1.0,1,1.0,1,1.0,1,0.16579626666237485,47
3378,1,5316,2714,2602,0,0,0,1.0,1,1.0,1,1.0,1,0.181791750479592,48
3379,1,5317,2714,2603,0,0,0,1.0,1,1.0,1,1.0,1,0.17036906591412834,48
3380,1,5318,2714,2604,0,0,0,1.0,1,1.0,1,1.0,1,0.15119436401396855,48
3381,0,5318,2714,2604,0,0,0,1.0,1,1.0,1,1.0,1,0.15119436401396855,48
3382,3,5321,2717,2604,0,0,0,1.0,1,1.0,1,1.0,1,0.21096251991528345,49
3383,1,5322,2717,2605,0,0,0,1.0,1,1.0,1,1.0,1,0.17940288999223572,47
3384,1,5323,2718,2605,0,0,0,1.0,1,1.0,1,1.0,1,0.22159890425520704,48
3385,0,5323,2718,2605,0,0,0,1.0,1,1.0,1,1.0,1,0.19452232860519558,47
3386,2,5325,2719,2606,0,0,0,1.0,1,1.0,1,1.0,1,0.23744758438070113,49
3387,0,5325,2719,2606,0,0,0,1.0,1,1.0,1,1.0,1,0.233278614757067,48
3388,1,5326,2720,2606,0,0,0,1.0,1,1.0,1,1.0,1,0.25754099909693395,48
3389,4,5330,2720,2610,0,0,0,1.0,1,1.0,1,1.0,1,0.23259330745713452,50
3390,1,5331,2721,2610,0,0,0,1.0,1,1.0,1,1.0,1,0.21104160453122142,51
3391,1,5332,2721,2611,0,0,0,1.0,1,1.0,1,1.0,1,0.20700947576120018,51
3392,0,5332,2721,2611,0,0,0,1.0,1,1.0,1,1.0,1,0.22208667591085285,52
3393,2,5334,2722,2612,0,0,0,1.0,1,1.0,1,1.0,1,0.24021607071477938,52
3394,0,5334,2722,2612,0,0,0,1.0,1,1.0,1,1.0,1,0.24021607071477938,52
3395,2,5336,2723,2613,0,0,0,1.0,1,1.0,1,1.0,1,0.22104317481859728,50
3396,1,5337,2724,2613,0,0,0,1.0,1,1.0,1,1.0,1,0.21031333403759533,49
3397,3,5340,2725,2615,0,0,0,1.0,1,1.0,1,1.0,1,0.20646616283230745,49
3398,1,5341,2725,2616,0,0,0,1.0,1,1.0,1,1.0,1,0.17268613601103308,48
3399,1,5342,2726,2616,0,0,0,1.0,1,1.0,1,1.0,1,0.19365873503210726,49
3400,2,5344,2727,2617,0,0,0,1.0,1,1.0,1,1.0,1,0.18451991129631168,50
3401,2,5346,2727,2619,0,0,0,1.0,1,1.0,1,1.0,1,0.17384047929810578,51
3402,1,5347,2728,2619,0,0,0,1.0,1,1.0,1,1.0,1,0.1985413394159014,51
3403,3,5350,2730,2620,0,0,0,1.0,1,1.0,1,1.0,1,0.18470487771320798,51
3404,1,5351,2731,2620,0,0,0,1.0,1,1.0,1,1.0,1,0.192740299459966,51
3405,1,5352,2732,2620,0,0,0,1.0,1,1.0,1,1.0,1,0.2187901925076759,51
3406,2,5354,2732,2622,0,0,0,1.0,1,1.0,1,1.0,1,0.207963062137883,51
3407,0,5354,2732,2622,0,0,0,1.0,1,1.0,1,1.0,1,0.21692015111289872,52
3408,2,5356,2732,2624,0,0,0,1.0,1,1.0,1,1.0,1,0.21224751516612414,53
3409,0,5356,2732,2624,0,0,0,1.0,1,1.0,1,1.0,1,0.2080471909293083,54
3410,3,5359,2734,2625,0,0,0,1.0,1,1.0,1,1.0,1,0.19427967696612822,54
3411,0,5359,2734,2625,0,0,0,1.0,1,1.0,1,1.0,1,0.18046149168137135,54
3412,3,5362,2734,2628,0,0,0,1.0,1,1.0,1,1.0,1,0.1764197530165791,55
3413,1,5363,2734,2629,0,0,0,1.0,1,1.0,1,1.0,1,0.14017452450891224,55
3414,2,5365,2734,2631,0,0,0,1.0,1,1.0,1,1.0,1,0.1390837459440634,55
3415,2,5367,2735,2632,0,0,0,1.0,1,1.0,1,1.0,1,0.15107215512563765,56
3416,3,5370,2735,2635,0,0,0,1.0,1,1.0,1,1.0,1,0.13056894775248382,55
3417,1,5371,2735,2636,0,0,0,1.0,1,1.0,1,1.0,1,0.14184534796186912,56
3418,2,5373,2737,2636,0,0,0,1.0,1,1.0,1,1.0,1,0.16019492941969243,55
3419,2,5375,2738,2637,0,0,0,1.0,1,1.0,1,1.0,1,0.19695033712248272,56
3420,1,5376,2738,2638,0,0,0,1.0,1,1.0,1,1.0,1,0.20556015956550797,55
3421,3,5379,2739,2640,0,0,0,1.0,1,1.0,1,1.0,1,0.19169431185453448,57
3422,1,5380,2740,2640,0,0,0,1.0,1,1.0,1,1.0,1,0.19934971821829126,56
3423,2,5382,2741,2641,0,0,0,1.0,1,1.0,1,1.0,1,0.16981124156308797,56
3424,1,5383,2742,2641,0,0,0,1.0,1,1.0,1,1.0,1,0.1974908572469366,56
3425,1,5384,2743,2641,0,0,0,1.0,1,1.0,1,1.0,1,0.1944045547064378,56
3426,1,5385,2743,2642,0,0,0,1.0,1,1.0,1,1.0,1,0.21375559804804087,55
3427,4,5389,2744,2645,0,0,0,1.0,1,1.0,1,1.0,1,0.2060279569041414,55
3428,3,5392,2745,2647,0,0,0,1.0,1,1.0,1,1.0,1,0.17898948159060216,55
3429,0,5392,2745,2647,0,0,0,1.0,1,1.0,1,1.0,1,0.19118790567640825,54
3430,0,5392,2745,2647,0,0,0,1.0,1,1.0,1,1.0,1,0.1964154222881375,56
3431,0,5392,2745,2647,0,0,0,1.0,1,1.0,1,1.0,1,0.17413189968953915,54
3432,4,5396,2748,2648,0,0,0,1.0,1,1.0,1,1.0,1,0.24316250723816518,56
3433,5,5401,2750,2651,0,0,0,1.0,1,1.0,1,1.0,1,0.17044513860161625,53
3434,3,5404,2751,2653,0,0,0,1.0,1,1.0,1,1.0,1,0.16621049018701378,51
3435,0,5404,2751,2653,0,0,0,1.0,1,1.0,1,1.0,1,0.16621049018701378,51
3436,2,5406,2753,2653,0,0,0,1.0,1,1.0,1,1.0,1,0.17624402634181785,51
3437,2,5408,2754,2654,0,0,0,1.0,1,1.0,1,1.0,1,0.17051689077880744,53
3438,3,5411,2755,2656,0,0,0,1.0,1,1.0,1,1.0,1,0.1506637439198913,52
3439,1,5412,2756,2656,0,0,0,1.0,1,1.0,1,1.0,1,0.18982022687808295,54
3440,2,5414,2757,2657,0,0,0,1.0,1,1.0,1,1.0,1,0.14750807299546248,52
3441,1,5415,2757,2658,0,0,0,1.0,1,1.0,1,1.0,1,0.14028260367927653,53
3442,3,5418,2758,2660,0,0,0,1.0,1,1.0,1,1.0,1,0.15152344406644647,53
3443,2,5420,2758,2662,0,0,0,1.0,1,1.0,1,1.0,1,0.13882973537366872,53
3444,0,5420,2758,2662,0,0,0,1.0,1,1.0,1,1.0,1,0.15169388631911826,52
3445,1,5421,2759,2662,0,0,0,1.0,1,1.0,1,1.0,1,0.17336387014325177,53
3446,1,5422,2760,2662,0,0,0,1.0,1,1.0,1,1.0,1,0.23167342605678476,53
3447,3,5425,2760,2665,0,0,0,1.0,1,1.0,1,1.0,1,0.17755503040851048,53
3448,3,5428,2761,2667,0,0,0,1.0,1,1.0,1,1.0,1,0.1697138638437948,52
3449,2,5430,2762,2668,0,0,0,1.0,1,1.0,1,1.0,1,0.14783282985807308,52
3450,2,5432,2763,2669,0,0,0,1.0,1,1.0,1,1.0,1,0.13915516877682624,52
3451,3,5435,2766,2669,0,0,0,1.0,1,1.0,1,1.0,1,0.1587895884122613,54
3452,2,5437,2767,2670,0,0,0,1.0,1,1.0,1,1.0,1,0.15238725359305846,54
3453,1,5438,2768,2670,0,0,0,1.0,1,1.0,1,1.0,1,0.16794730435644944,54
3454,1,5439,2768,2671,0,0,0,1.0,1,1.0,1,1.0,1,0.15486327889084356,57
3455,1,5440,2768,2672,0,0,0,1.0,1,1.0,1,1.0,1,0.1401721851881996,57
3456,0,5440,2768,2672,0,0,0,1.0,1,1.0,1,1.0,1,0.15186918613232003,58
3457,0,5440,2768,2672,0,0,0,1.0,1,1.0,1,1.0,1,0.17302425773937521,57
3458,0,5440,2768,2672,0,0,0,1.0,1,1.0,1,1.0,1,0.1951764431510796,57
3459,0,5440,2768,2672,0,0,0,1.0,1,1.0,1,1.0,1,0.1951764431510796,57
3460,1,5441,2768,2673,0,0,0,1.0,1,1.0,1,1.0,1,0.16386388245602126,58
3461,3,5444,2768,2676,0,0,0,1.0,1,1.0,1,1.0,1,0.15110532940350668,59
3462,2,5446,2770,2676,0,0,0,1.0,1,1.0,1,1.0,1,0.15638657480195178,59
3463,3,5449,2772,2677,0,0,0,1.0,1,1.0,1,1.0,1,0.17056333569935536,59
3464,3,5452,2774,2678,0,0,0,1.0,1,1.0,1,1.0,1,0.20864944899969357,59
3465,3,5455,2775,2680,0,0,0,1.0,1,1.0,1,1.0,1,0.1777313688365321,57
3466,3,5458,2775,2683,0,0,0,1.0,1,1.0,1,1.0,1,0.1346435199464487,57
3467,1,5459,2775,2684,0,0,0,1.0,1,1.0,1,1.0,1,0.12824885373248868,57
3468,2,5461,2777,2684,0,0,0,1.0,1,1.0,1,1.0,1,0.18345769992344785,57
3469,3,5464,2779,2685,0,0,0,1.0,1,1.0,1,1.0,1,0.17146187191354015,53
3470,4,5468,2783,2685,0,0,0,1.0,1,1.0,1,1.0,1,0.26141530179115535,50
3471,6,5474,2785,2689,0,0,0,1.0,1,1.0,1,1.0,1,0.21170705624895894,49
3472,4,5478,2787,2691,0,0,0,1.0,1,1.0,1,1.0,1,0.2771267575152216,47
3473,5,5483,2791,2692,0,0,0,1.0,1,1.0,1,1.0,1,0.3578702283324219,45
3474,2,5485,2791,2694,0,0,0,1.0,1,1.0,1,1.0,1,0.31856396219271266,42
3475,5,5490,2792,2698,0,0,0,1.0,1,1.0,1,1.0,1,0.29908222042204075,43
3476,3,5493,2794,2699,0,0,0,1.0,1,1.0,1,1.0,1,0.2885665087867252,41
3477,4,5497,2795,2702,0,0,0,1.0,1,1.0,1,1.0,1,0.16681033179748875,42
3478,1,5498,2796,2702,0,0,0,1.0,1,1.0,1,1.0,1,0.19082520175227366,40
3479,2,5500,2797,2703,0,0,0,1.0,1,1.0,1,1.0,1,0.152189014715741,40
3480,2,5502,2798,2704,0,0,0,1.0,1,1.0,1,1.0,1,0.1477804570259191,40
3481,0,5502,2798,2704,0,0,0,1.0,1,1.0,1,1.0,1,0.17884600382674523,40
3482,1,5503,2799,2704,0,0,0,1.0,1,1.0,1,1.0,1,0.17889864809104652,40
3483,2,5505,2800,2705,0,0,0,1.0,1,1.0,1,1.0,1,0.18594504440366208,39
3484,0,5505,2800,2705,0,0,0,1.0,1,1.0,1,1.0,1,0.18594504440366208,39
3485,1,5506,2800,2706,0,0,0,1.0,1,1.0,1,1.0,1,0.17214717934902687,40
3486,1,5507,2800,2707,0,0,0,1.0,1,1.0,1,1.0,1,0.16884240846703355,41
3487,0,5507,2800,2707,0,0,0,1.0,1,1.0,1,1.0,1,0.18464062824554373,41
3488,1,5508,2801,2707,0,0,0,1.0,1,1.0,1,1.0,1,0.17611450796536404,42
3489,0,5508,2801,2707,0,0,0,1.0,1,1.0,1,1.0,1,0.18698311995532124,44
3490,0,5508,2801,2707,0,0,0,1.0,1,1.0,1,1.0,1,0.18698311995532124,44
3491,2,5510,2802,2708,0,0,0,1.0,1,1.0,1,1.0,1,0.21097775768249905,45
3492,2,5512,2803,2709,0,0,0,1.0,1,1.0,1,1.0,1,0.2286870328289852,45
3493,2,5514,2804,2710,0,0,0,1.0,1,1.0,1,1.0,1,0.18600859095064032,45
3494,0,5514,2804,2710,0,0,0,1.0,1,1.0,1,1.0,1,0.18600859095064032,45
3495,0,5514,2804,2710,0,0,0,1.0,1,1.0,1,1.0,1,0.18600859095064032,45
3496,1,5515,2804,2711,0,0,0,1.0,1,1.0,1,1.0,1,0.20571964689832023,46
3497,2,5517,2806,2711,0,0,0,1.0,1,1.0,1,1.0,1,0.25233557116229943,47
3498,1,5518,2807,2711,0,0,0,1.0,1,1.0,1,1.0,1,0.2554814575549115,48
3499,2,5520,2807,2713,0,0,0,1.0,1,1.0,1,1.0,1,0.20738815783839099,47
3500,1,5521,2807,2714,0,0,0,1.0,1,1.0,1,1.0,1,0.20706953017326626,50
3501,1,5522,2808,2714,0,0,0,1.0,1,1.0,1,1.0,1,0.20374508121114676,50
3502,2,5524,2810,2714,0,0,0,1.0,1,1.0,1,1.0,1,0.22874894441696186,50
3503,3,5527,2812,2715,0,0,0,1.0,1,1.0,1,1.0,1,0.277885063961215,50
3504,5,5532,2814,2718,0,0,0,1.0,1,1.0,1,1.0,1,0.2635939239789322,47
3505,2,5534,2815,2719,0,0,0,1.0,1,1.0,1,1.0,1,0.27024321558093106,48
3506,1,5535,2815,2720,0,0,0,1.0,1,1.0,1,1.0,1,0.26181373765817373,49
3507,0,5535,2815,2720,0,0,0,1.0,1,1.0,1,1.0,1,0.24800838460896563,46
3508,3,5538,2818,2720,0,0,0,1.0,1,1.0,1,1.0,1,0.3411831117900173,47
3509,0,5538,2818,2720,0,0,0,1.0,1,1.0,1,1.0,1,0.3413033984429474,44
3510,5,5543,2819,2724,0,0,0,1.0,1,1.0,1,1.0,1,0.34204385924949393,45
3511,0,5543,2819,2724,0,0,0,1.0,1,1.0,1,1.0,1,0.3344584619765184,44
3512,2,5545,2819,2726,0,0,0,1.0,1,1.0,1,1.0,1,0.29075107021816576,42
3513,1,5546,2819,2727,0,0,0,1.0,1,1.0,1,1.0,1,0.2866359424107947,42
3514,1,5547,2819,2728,0,0,0,1.0,1,1.0,1,1.0,1,0.2638052514702169,42
3515,4,5551,2820,2731,0,0,0,1.0,1,1.0,1,1.0,1,0.2523055557859161,42
3516,0,5551,2820,2731,0,0,0,1.0,1,1.0,1,1.0,1,0.23165364824204218,41
3517,0,5551,2820,2731,0,0,0,1.0,1,1.0,1,1.0,1,0.22480444175886363,44
3518,1,5552,2821,2731,0,0,0,1.0,1,1.0,1,1.0,1,0.24923615889313921,43
3519,1,5553,2821,2732,0,0,0,1.0,1,1.0,1,1.0,1,0.25078645422316387,44
3520,1,5554,2821,2733,0,0,0,1.0,1,1.0,1,1.0,1,0.25698479149982273,45
3521,0,5554,2821,2733,0,0,0,1.0,1,1.0,1,1.0,1,0.25698479149982273,45
3522,0,5554,2821,2733,0,0,0,1.0,1,1.0,1,1.0,1,0.2490397007070977,46
3523,0,5554,2821,2733,0,0,0,1.0,1,1.0,1,1.0,1,0.2490397007070977,46
3524,0,5554,2821,2733,0,0,0,1.0,1,1.0,1,1.0,1,0.239371773598001,47
3525,2,5556,2821,2735,0,0,0,1.0,1,1.0,1,1.0,1,0.26394862017766313,48
3526,0,5556,2821,2735,0,0,0,1.0,1,1.0,1,1.0,1,0.25848926912860604,49
3527,3,5559,2823,2736,0,0,0,1.0,1,1.0,1,1.0,1,0.2916517390658908,49
3528,2,5561,2823,2738,0,0,0,1.0,1,1.0,1,1.0,1,0.29478632875592564,51
3529,1,5562,2823,2739,0,0,0,1.0,1,1.0,1,1.0,1,0.27545066110080896,51
3530,4,5566,2824,2742,0,0,0,1.0,1,1.0,1,1.0,1,0.25188219753582447,52
3531,4,5570,2825,2745,0,0,0,1.0,1,1.0,1,1.0,1,0.23025718647280674,52
3532,1,5571,2825,2746,0,0,0,1.0,1,1.0,1,1.0,1,0.2163377198778613,52
3533,0,5571,2825,2746,0,0,0,1.0,1,1.0,1,1.0,1,0.2163377198778613,52
3534,0,5571,2825,2746,0,0,0,1.0,1,1.0,1,1.0,1,0.2163377198778613,52
3535,0,5571,2825,2746,0,0,0,1.0,1,1.0,1,1.0,1,0.2163377198778613,52
3536,0,5571,2825,2746,0,0,0,1.0,1,1.0,1,1.0,1,0.2375340252412525,54
3537,0,5571,2825,2746,0,0,0,1.0,1,1.0,1,1.0,1,0.23644674764093226,55
3538,0,5571,2825,2746,0,0,0,1.0,1,1.0,1,1.0,1,0.23644674764093226,55
3539,3,5574,2825,2749,0,0,0,1.0,1,1.0,1,1.0,1,0.20387491518677678,58
3540,4,5578,2827,2751,0,0,0,1.0,1,1.0,1,1.0,1,0.22455743547829735,59
3541,0,5578,2827,2751,0,0,0,1.0,1,1.0,1,1.0,1,0.22455743547829735,59
3542,0,5578,2827,2751,0,0,0,1.0,1,1.0,1,1.0,1,0.24499989487685017,61
3543,6,5584,2829,2755,0,0,0,1.0,1,1.0,1,1.0,1,0.23382576830853552,62
3544,2,5586,2831,2755,0,0,0,1.0,1,1.0,1,1.0,1,0.23385482965115048,59
3545,3,5589,2833,2756,0,0,0,1.0,1,1.0,1,1.0,1,0.24787312676457374,59
3546,3,5592,2835,2757,0,0,0,1.0,1,1.0,1,1.0,1,0.24418818882577237,57
3547,2,5594,2837,2757,0,0,0,1.0,1,1.0,1,1.0,1,0.2620612817967715,53
3548,1,5595,2838,2757,0,0,0,1.0,1,1.0,1,1.0,1,0.2875595941701841,53
3549,1,5596,2839,2757,0,0,0,1.0,1,1.0,1,1.0,1,0.2901269235470869,52
3550,1,5597,2840,2757,0,0,0,1.0,1,1.0,1,1.0,1,0.3165518981235222,51
3551,2,5599,2841,2758,0,0,0,1.0,1,1.0,1,1.0,1,0.320460590537378,51
3552,3,5602,2842,2760,0,0,0,1.0,1,1.0,1,1.0,1,0.312301981087476,51
3553,0,5602,2842,2760,0,0,0,1.0,1,1.0,1,1.0,1,0.32292686218212036,49
3554,0,5602,2842,2760,0,0,0,1.0,1,1.0,1,1.0,1,0.32292686218212036,49
3555,2,5604,2842,2762,0,0,0,1.0,1,1.0,1,1.0,1,0.296723922785298,51
3556,0,5604,2842,2762,0,0,0,1.0,1,1.0,1,1.0,1,0.296723922785298,51
3557,2,5606,2843,2763,0,0,0,1.0,1,1.0,1,1.0,1,0.2789879367154016,52
3558,1,5607,2844,2763,0,0,0,1.0,1,1.0,1,1.0,1,0.29772738705043794,52
3559,3,5610,2845,2765,0,0,0,1.0,1,1.0,1,1.0,1,0.2826999494055222,52
3560,6,5616,2846,2770,0,0,0,1.0,1,1.0,1,1.0,1,0.27268632458970954,53
3561,2,5618,2846,2772,0,0,0,1.0,1,1.0,1,1.0,1,0.256962360776432,54
3562,4,5622,2846,2776,0,0,0,1.0,1,1.0,1,1.0,1,0.20540799822499792,54
3563,1,5623,2846,2777,0,0,0,1.0,1,1.0,1,1.0,1,0.20351354876297215,55
3564,0,5623,2846,2777,0,0,0,1.0,1,1.0,1,1.0,1,0.1852366902697337,57
3565,0,5623,2846,2777,0,0,0,1.0,1,1.0,1,1.0,1,0.19950446384878484,56
3566,1,5624,2846,2778,0,0,0,1.0,1,1.0,1,1.0,1,0.20516870879120835,57
3567,2,5626,2847,2779,0,0,0,1.0,1,1.0,1,1.0,1,0.186526340727615,57
3568,0,5626,2847,2779,0,0,0,1.0,1,1.0,1,1.0,1,0.186526340727615,57
3569,1,5627,2847,2780,0,0,0,1.0,1,1.0,1,1.0,1,0.17067662008284867,57
3570,4,5631,2848,2783,0,0,0,1.0,1,1.0,1,1.0,1,0.1623946500645505,59
3571,0,5631,2848,2783,0,0,0,1.0,1,1.0,1,1.0,1,0.16898573773990805,60
3572,1,5632,2849,2783,0,0,0,1.0,1,1.0,1,1.0,1,0.2041501980897454,61
3573,3,5635,2850,2785,0,0,0,1.0,1,1.0,1,1.0,1,0.18922351419205352,62
3574,2,5637,2850,2787,0,0,0,1.0,1,1.0,1,1.0,1,0.17501752936846285,63
3575,3,5640,2851,2789,0,0,0,1.0,1,1.0,1,1.0,1,0.16962045646327298,63
3576,2,5642,2853,2789,0,0,0,1.0,1,1.0,1,1.0,1,0.1980283665423168,63
3577,1,5643,2853,2790,0,0,0,1.0,1,1.0,1,1.0,1,0.18905830239145488,64
3578,1,5644,2853,2791,0,0,0,1.0,1,1.0,1,1.0,1,0.187729127097327,64
3579,0,5644,2853,2791,0,0,0,1.0,1,1.0,1,1.0,1,0.187729127097327,64
3580,1,5645,2853,2792,0,0,0,1.0,1,1.0,1,1.0,1,0.18489929214686482,65
3581,2,5647,2854,2793,0,0,0,1.0,1,1.0,1,1.0,1,0.2076128510000581,68
3582,5,5652,2856,2796,0,0,0,1.0,1,1.0,1,1.0,1,0.2131287459018704,68
3583,5,5657,2858,2799,0,0,0,1.0,1,1.0,1,1.0,1,0.18581283947640387,65
3584,4,5661,2861,2800,0,0,0,1.0,1,1.0,1,1.0,1,0.1630565787620839,64
3585,4,5665,2863,2802,0,0,0,1.0,1,1.0,1,1.0,1,0.1298158420050313,64
3586,4,5669,2866,2803,0,0,0,1.0,1,1.0,1,1.0,1,0.13843993596117876,65
3587,0,5669,2866,2803,0,0,0,1.0,1,1.0,1,1.0,1,0.12546644095762766,64
3588,3,5672,2869,2803,0,0,0,1.0,1,1.0,1,1.0,1,0.12322592606579372,62
3589,4,5676,2872,2804,0,0,0,1.0,1,1.0,1,1.0,1,0.14763920098246844,63
3590,0,5676,2872,2804,0,0,0,1.0,1,1.0,1,1.0,1,0.14795983619938777,63
3591,1,5677,2873,2804,0,0,0,1.0,1,1.0,1,1.0,1,0.13910939159112987,62
3592,2,5679,2875,2804,0,0,0,1.0,1,1.0,1,1.0,1,0.12167248819703978,59
3593,1,5680,2876,2804,0,0,0,1.0,1,1.0,1,1.0,1,0.11341929832085983,58
3594,0,5680,2876,2804,0,0,0,1.0,1,1.0,1,1.0,1,0.1513640739851765,57
3595,0,5680,2876,2804,0,0,0,1.0,1,1.0,1,1.0,1,0.1472132712560999,59
3596,1,5681,2877,2804,0,0,0,1.0,1,1.0,1,1.0,1,0.11966627144042463,57
3597,2,5683,2879,2804,0,0,0,1.0,1,1.0,1,1.0,1,0.1645210540374283,57
3598,1,5684,2879,2805,0,0,0,1.0,1,1.0,1,1.0,1,0.15386253476567352,57
3599,5,5689,2883,2806,0,0,0,1.0,1,1.0,1,1.0,1,0.19011284357403896,58
3600,4,5693,2883,2810,0,0,0,1.0,1,1.0,1,1.0,1,0.13744503559648116,58
3601,2,5695,2884,2811,0,0,0,1.0,1,1.0,1,1.0,1,0.13341505258483294,58
3602,0,5695,2884,2811,0,0,0,1.0,1,1.0,1,1.0,1,0.1223647255682609,60
3603,0,5695,2884,2811,0,0,0,1.0,1,1.0,1,1.0,1,0.1223647255682609,60
3604,0,5695,2884,2811,0,0,0,1.0,1,1.0,1,1.0,1,0.1223647255682609,60
3605,2,5697,2885,2812,0,0,0,1.0,1,1.0,1,1.0,1,0.12420373022070888,61
3606,5,5702,2887,2815,0,0,0,1.0,1,1.0,1,1.0,1,0.11788340990544832,63
3607,1,5703,2888,2815,0,0,0,1.0,1,1.0,1,1.0,1,0.1484583073895238,63
3608,1,5704,2888,2816,0,0,0,1.0,1,1.0,1,1.0,1,0.13256184713447283,64
3609,4,5708,2888,2820,0,0,0,1.0,1,1.0,1,1.0,1,0.09406952564765456,66
3610,2,5710,2890,2820,0,0,0,1.0,1,1.0,1,1.0,1,0.12061454867747795,67
3611,2,5712,2892,2820,0,0,0,1.0,1,1.0,1,1.0,1,0.16109365853665533,67
3612,4,5716,2893,2823,0,0,0,1.0,1,1.0,1,1.0,1,0.1603634551485895,66
3613,0,5716,2893,2823,0,0,0,1.0,1,1.0,1,1.0,1,0.1603634551485895,66
3614,3,5719,2895,2824,0,0,0,1.0,1,1.0,1,1.0,1,0.14458371418936913,65
3615,1,5720,2895,2825,0,0,0,1.0,1,1.0,1,1.0,1,0.1469149535408505,65
3616,0,5720,2895,2825,0,0,0,1.0,1,1.0,1,1.0,1,0.1469149535408505,65
3617,1,5721,2896,2825,0,0,0,1.0,1,1.0,1,1.0,1,0.1663923742069035,66
3618,1,5722,2896,2826,0,0,0,1.0,1,1.0,1,1.0,1,0.15650729145242923,66
3619,1,5723,2897,2826,0,0,0,1.0,1,1.0,1,1.0,1,0.15840949074296512,65
3620,3,5726,2898,2828,0,0,0,1.0,1,1.0,1,1.0,1,0.1452308795962484,66
3621,2,5728,2899,2829,0,0,0,1.0,1,1.0,1,1.0,1,0.12993613217512592,65
3622,1,5729,2899,2830,0,0,0,1.0,1,1.0,1,1.0,1,0.10169108870487897,65
3623,4,5733,2901,2832,0,0,0,1.0,1,1.0,1,1.0,1,0.12101835630544062,62
3624,3,5736,2904,2832,0,0,0,1.0,1,1.0,1,1.0,1,0.16957618794525173,62
3625,7,5743,2906,2837,0,0,0,1.0,1,1.0,1,1.0,1,0.1431310765683685,61
3626,2,5745,2908,2837,0,0,0,1.0,1,1.0,1,1.0,1,0.13904942925127783,58
3627,1,5746,2909,2837,0,0,0,1.0,1,1.0,1,1.0,1,0.1302865922299073,58
3628,5,5751,2911,2840,0,0,0,1.0,1,1.0,1,1.0,1,0.13239087910212138,57
3629,3,5754,2913,2841,0,0,0,1.0,1,1.0,1,1.0,1,0.15885414957223395,57
3630,2,5756,2914,2842,0,0,0,1.0,1,1.0,1,1.0,1,0.15185429545465082,56
3631,5,5761,2918,2843,0,0,0,1.0,1,1.0,1,1.0,1,0.1746561658493609,54
3632,2,5763,2918,2845,0,0,0,1.0,1,1.0,1,1.0,1,0.1484022832986812,52
3633,5,5768,2922,2846,0,0,0,1.0,1,1.0,1,1.0,1,0.1932728698841223,52
3634,2,5770,2924,2846,0,0,0,1.0,1,1.0,1,1.0,1,0.22989533784575653,49
3635,3,5773,2924,2849,0,0,0,1.0,1,1.0,1,1.0,1,0.19294146688663943,47
3636,3,5776,2925,2851,0,0,0,1.0,1,1.0,1,1.0,1,0.17984487613530664,48
3637,2,5778,2925,2853,0,0,0,1.0,1,1.0,1,1.0,1,0.18815005114468797,49
3638,1,5779,2925,2854,0,0,0,1.0,1,1.0,1,1.0,1,0.1713562419787719,50
3639,6,5785,2927,2858,0,0,0,1.0,1,1.0,1,1.0,1,0.17852701802959353,52
3640,0,5785,2927,2858,0,0,0,1.0,1,1.0,1,1.0,1,0.17852701802959353,52
3641,0,5785,2927,2858,0,0,0,1.0,1,1.0,1,1.0,1,0.17852701802959353,52
3642,0,5785,2927,2858,0,0,0,1.0,1,1.0,1,1.0,1,0.17852701802959353,52
3643,0,5785,2927,2858,0,0,0,1.0,1,1.0,1,1.0,1,0.17852701802959353,52
3644,0,5785,2927,2858,0,0,0,1.0,1,1.0,1,1.0,1,0.17852701802959353,52
3645,1,5786,2928,2858,0,0,0,1.0,1,1.0,1,1.0,1,0.1676739275709804,53
3646,0,5786,2928,2858,0,0,0,1.0,1,1.0,1,1.0,1,0.1676739275709804,53
3647,0,5786,2928,2858,0,0,0,1.0,1,1.0,1,1.0,1,0.17074783331713242,55
3648,1,5787,2928,2859,0,0,0,1.0,1,1.0,1,1.0,1,0.17150118096903083,57
3649,1,5788,2929,2859,0,0,0,1.0,1,1.0,1,1.0,1,0.1780483463295469,57
3650,4,5792,2929,2863,0,0,0,1.0,1,1.0,1,1.0,1,0.13610098910010898,59
3651,2,5794,2931,2863,0,0,0,1.0,1,1.0,1,1.0,1,0.11849919293931561,59
3652,0,5794,2931,2863,0,0,0,1.0,1,1.0,1,1.0,1,0.11849919293931561,59
3653,0,5794,2931,2863,0,0,0,1.0,1,1.0,1,1.0,1,0.11849919293931561,59
3654,0,5794,2931,2863,0,0,0,1.0,1,1.0,1,1.0,1,0.11849919293931561,59
3655,1,5795,2931,2864,0,0,0,1.0,1,1.0,1,1.0,1,0.11571306712191971,62
3656,0,5795,2931,2864,0,0,0,1.0,1,1.0,1,1.0,1,0.11571306712191971,62
3657,1,5796,2932,2864,0,0,0,1.0,1,1.0,1,1.0,1,0.14360381877515294,63
3658,1,5797,2932,2865,0,0,0,1.0,1,1.0,1,1.0,1,0.13936297684936852,63
3659,0,5797,2932,2865,0,0,0,1.0,1,1.0,1,1.0,1,0.12744117114053344,62
3660,4,5801,2936,2865,0,0,0,1.0,1,1.0,1,1.0,1,0.19252021219697404,62
3661,3,5804,2937,2867,0,0,0,1.0,1,1.0,1,1.0,1,0.16391721903911174,61
3662,4,5808,2940,2868,0,0,0,1.0,1,1.0,1,1.0,1,0.18403463973355189,60
3663,4,5812,2942,2870,0,0,0,1.0,1,1.0,1,1.0,1,0.17415073324114919,61
3664,1,5813,2942,2871,0,0,0,1.0,1,1.0,1,1.0,1,0.1981463019515446,58
3665,2,5815,2944,2871,0,0,0,1.0,1,1.0,1,1.0,1,0.21145454292423202,58
3666,2,5817,2945,2872,0,0,0,1.0,1,1.0,1,1.0,1,0.1882797764525421,58
3667,3,5820,2948,2872,0,0,0,1.0,1,1.0,1,1.0,1,0.21941980383278648,58
3668,2,5822,2948,2874,0,0,0,1.0,1,1.0,1,1.0,1,0.19457038233541707,58
3669,1,5823,2949,2874,0,0,0,1.0,1,1.0,1,1.0,1,0.20470694382330806,57
3670,2,5825,2949,2876,0,0,0,1.0,1,1.0,1,1.0,1,0.1306312669212048,56
3671,1,5826,2950,2876,0,0,0,1.0,1,1.0,1,1.0,1,0.16056301397369732,57
3672,1,5827,2951,2876,0,0,0,1.0,1,1.0,1,1.0,1,0.19494837072044532,57
3673,1,5828,2951,2877,0,0,0,1.0,1,1.0,1,1.0,1,0.17585243393090275,58
3674,0,5828,2951,2877,0,0,0,1.0,1,1.0,1,1.0,1,0.18763981485251455,57
3675,0,5828,2951,2877,0,0,0,1.0,1,1.0,1,1.0,1,0.19787801883452277,58
3676,2,5830,2951,2879,0,0,0,1.0,1,1.0,1,1.0,1,0.16924318179434794,59
3677,1,5831,2952,2879,0,0,0,1.0,1,1.0,1,1.0,1,0.17934644735640382,60
3678,0,5831,2952,2879,0,0,0,1.0,1,1.0,1,1.0,1,0.20234127745425215,62
3679,0,5831,2952,2879,0,0,0,1.0,1,1.0,1,1.0,1,0.20234127745425215,62
3680,0,5831,2952,2879,0,0,0,1.0,1,1.0,1,1.0,1,0.18443830965386904,63
3681,2,5833,2952,2881,0,0,0,1.0,1,1.0,1,1.0,1,0.1731588033391458,64
3682,0,5833,2952,2881,0,0,0,1.0,1,1.0,1,1.0,1,0.1731588033391458,64
3683,0,5833,2952,2881,0,0,0,1.0,1,1.0,1,1.0,1,0.1731588033391458,64
3684,1,5834,2953,2881,0,0,0,1.0,1,1.0,1,1.0,1,0.19303570438103573,64
3685,0,5834,2953,2881,0,0,0,1.0,1,1.0,1,1.0,1,0.19303570438103573,64
3686,1,5835,2953,2882,0,0,0,1.0,1,1.0,1,1.0,1,0.17830371031995035,65
3687,0,5835,2953,2882,0,0,0,1.0,1,1.0,1,1.0,1,0.17830371031995035,65
3688,0,5835,2953,2882,0,0,0,1.0,1,1.0,1,1.0,1,0.19040499035904748,66
3689,0,5835,2953,2882,0,0,0,1.0,1,1.0,1,1.0,1,0.19040499035904748,66
3690,0,5835,2953,2882,0,0,0,1.0,1,1.0,1,1.0,1,0.2000550679974508,67
3691,1,5836,2954,2882,0,0,0,1.0,1,1.0,1,1.0,1,0.194293564270572,68
3692,1,5837,2954,2883,0,0,0,1.0,1,1.0,1,1.0,1,0.1886360997039109,69
3693,2,5839,2955,2884,0,0,0,1.0,1,1.0,1,1.0,1,0.1786482874839924,69
3694,1,5840,2956,2884,0,0,0,1.0,1,1.0,1,1.0,1,0.17668266886404366,70
3695,1,5841,2956,2885,0,0,0,1.0,1,1.0,1,1.0,1,0.1702896109815154,70
3696,2,5843,2957,2886,0,0,0,1.0,1,1.0,1,1.0,1,0.16738806241737117,71
3697,3,5846,2959,2887,0,0,0,1.0,1,1.0,1,1.0,1,0.19370008045569045,70
3698,3,5849,2960,2889,0,0,0,1.0,1,1.0,1,1.0,1,0.19102907294949126,70
3699,2,5851,2961,2890,0,0,0,1.0,1,1.0,1,1.0,1,0.17714602778780986,70
3700,4,5855,2965,2890,0,0,0,1.0,1,1.0,1,1.0,1,0.23477684076747937,68
3701,2,5857,2965,2892,0,0,0,1.0,1,1.0,1,1.0,1,0.22772981494251726,69
3702,1,5858,2965,2893,0,0,0,1.0,1,1.0,1,1.0,1,0.20347989820712617,69
3703,0,5858,2965,2893,0,0,0,1.0,1,1.0,1,1.0,1,0.21123859056617492,70
3704,1,5859,2966,2893,0,0,0,1.0,1,1.0,1,1.0,1,0.21611232895009908,69
3705,2,5861,2966,2895,0,0,0,1.0,1,1.0,1,1.0,1,0.18335747753555792,69
3706,6,5867,2968,2899,0,0,0,1.0,1,1.0,1,1.0,1,0.176521786157226,69
3707,1,5868,2968,2900,0,0,0,1.0,1,1.0,1,1.0,1,0.15572318469289262,67
3708,1,5869,2968,2901,0,0,0,1.0,1,1.0,1,1.0,1,0.16640502506700985,67
3709,0,5869,2968,2901,0,0,0,1.0,1,1.0,1,1.0,1,0.16640502506700985,67
3710,0,5869,2968,2901,0,0,0,1.0,1,1.0,1,1.0,1,0.16400992369066278,67
3711,1,5870,2969,2901,0,0,0,1.0,1,1.0,1,1.0,1,0.16908220102579255,68
3712,1,5871,2969,2902,0,0,0,1.0,1,1.0,1,1.0,1,0.15118060237564462,68
3713,2,5873,2971,2902,0,0,0,1.0,1,1.0,1,1.0,1,0.17031624105492513,68
3714,1,5874,2971,2903,0,0,0,1.0,1,1.0,1,1.0,1,0.17376287866075502,67
3715,3,5877,2973,2904,0,0,0,1.0,1,1.0,1,1.0,1,0.1726717925882448,68
3716,2,5879,2974,2905,0,0,0,1.0,1,1.0,1,1.0,1,0.17804878107634675,67
3717,4,5883,2975,2908,0,0,0,1.0,1,1.0,1,1.0,1,0.17446940571733632,68
3718,0,5883,2975,2908,0,0,0,1.0,1,1.0,1,1.0,1,0.18482457590787388,68
3719,2,5885,2976,2909,0,0,0,1.0,1,1.0,1,1.0,1,0.2176363728800513,68
3720,1,5886,2976,2910,0,0,0,1.0,1,1.0,1,1.0,1,0.2080716921174135,68
3721,2,5888,2978,2910,0,0,0,1.0,1,1.0,1,1.0,1,0.18749487325620104,70
3722,0,5888,2978,2910,0,0,0,1.0,1,1.0,1,1.0,1,0.19884082733640757,71
3723,2,5890,2980,2910,0,0,0,1.0,1,1.0,1,1.0,1,0.20590937859786243,71
3724,1,5891,2981,2910,0,0,0,1.0,1,1.0,1,1.0,1,0.20235168421855526,72
3725,1,5892,2982,2910,0,0,0,1.0,1,1.0,1,1.0,1,0.20835375479617357,72
3726,1,5893,2982,2911,0,0,0,1.0,1,1.0,1,1.0,1,0.19418238579721522,71
3727,0,5893,2982,2911,0,0,0,1.0,1,1.0,1,1.0,1,0.19418238579721522,71
3728,0,5893,2982,2911,0,0,0,1.0,1,1.0,1,1.0,1,0.19628625903802516,70
3729,0,5893,2982,2911,0,0,0,1.0,1,1.0,1,1.0,1,0.19628625903802516,70
3730,2,5895,2983,2912,0,0,0,1.0,1,1.0,1,1.0,1,0.22218805974696865,71
3731,3,5898,2983,2915,0,0,0,1.0,1,1.0,1,1.0,1,0.19389957497092564,71
3732,3,5901,2983,2918,0,0,0,1.0,1,1.0,1,1.0,1,0.1575235022032654,72
3733,1,5902,2984,2918,0,0,0,1.0,1,1.0,1,1.0,1,0.18039005696519045,73
3734,3,5905,2986,2919,0,0,0,1.0,1,1.0,1,1.0,1,0.22027859762782717,74
3735,2,5907,2987,2920,0,0,0,1.0,1,1.0,1,1.0,1,0.20686257766595828,72
3736,0,5907,2987,2920,0,0,0,1.0,1,1.0,1,1.0,1,0.1996835814705595,72
3737,2,5909,2987,2922,0,0,0,1.0,1,1.0,1,1.0,1,0.17992164555980714,73
3738,0,5909,2987,2922,0,0,0,1.0,1,1.0,1,1.0,1,0.17245408643056345,72
3739,0,5909,2987,2922,0,0,0,1.0,1,1.0,1,1.0,1,0.17329093204572737,73
3740,0,5909,2987,2922,0,0,0,1.0,1,1.0,1,1.0,1,0.17983814873866563,70
3741,0,5909,2987,2922,0,0,0,1.0,1,1.0,1,1.0,1,0.17983814873866563,70
3742,2,5911,2989,2922,0,0,0,1.0,1,1.0,1,1.0,1,0.19482628302375768,70
3743,2,5913,2990,2923,0,0,0,1.0,1,1.0,1,1.0,1,0.17607827787667965,69
3744,3,5916,2992,2924,0,0,0,1.0,1,1.0,1,1.0,1,0.21661813926135612,69
3745,2,5918,2992,2926,0,0,0,1.0,1,1.0,1,1.0,1,0.17419801218593858,68
3746,1,5919,2993,2926,0,0,0,1.0,1,1.0,1,1.0,1,0.19602684550204577,66
3747,2,5921,2994,2927,0,0,0,1.0,1,1.0,1,1.0,1,0.1884824407422434,66
3748,1,5922,2995,2927,0,0,0,1.0,1,1.0,1,1.0,1,0.17251097176191846,65
3749,1,5923,2996,2927,0,0,0,1.0,1,1.0,1,1.0,1,0.17024661254190862,64
3750,2,5925,2998,2927,0,0,0,1.0,1,1.0,1,1.0,1,0.19888934379326134,63
3751,1,5926,2998,2928,0,0,0,1.0,1,1.0,1,1.0,1,0.17336904855247584,64
3752,4,5930,3001,2929,0,0,0,1.0,1,1.0,1,1.0,1,0.19561503254863172,64
3753,4,5934,3001,2933,0,0,0,1.0,1,1.0,1,1.0,1,0.14390260539460095,65
3754,4,5938,3004,2934,0,0,0,1.0,1,1.0,1,1.0,1,0.14955014468653144,65
3755,4,5942,3006,2936,0,0,0,1.0,1,1.0,1,1.0,1,0.14939414446781324,65
3756,1,5943,3007,2936,0,0,0,1.0,1,1.0,1,1.0,1,0.17158013761206703,65
3757,2,5945,3009,2936,0,0,0,1.0,1,1.0,1,1.0,1,0.19131879653094178,65
3758,3,5948,3009,2939,0,0,0,1.0,1,1.0,1,1.0,1,0.1715409964590888,64
3759,1,5949,3009,2940,0,0,0,1.0,1,1.0,1,1.0,1,0.1646516236139753,64
3760,2,5951,3009,2942,0,0,0,1.0,1,1.0,1,1.0,1,0.16127418661251136,63
3761,0,5951,3009,2942,0,0,0,1.0,1,1.0,1,1.0,1,0.16127418661251136,63
3762,1,5952,3009,2943,0,0,0,1.0,1,1.0,1,1.0,1,0.16118244889743172,65
3763,1,5953,3010,2943,0,0,0,1.0,1,1.0,1,1.0,1,0.1658358474885234,65
3764,0,5953,3010,2943,0,0,0,1.0,1,1.0,1,1.0,1,0.17612538295488403,66
3765,1,5954,3010,2944,0,0,0,1.0,1,1.0,1,1.0,1,0.18529878759302398,67
3766,2,5956,3012,2944,0,0,0,1.0,1,1.0,1,1.0,1,0.21023323879168146,67
3767,3,5959,3013,2946,0,0,0,1.0,1,1.0,1,1.0,1,0.18654761178942963,68
3768,4,5963,3015,2948,0,0,0,1.0,1,1.0,1,1.0,1,0.22319524306637173,67
3769,4,5967,3015,2952,0,0,0,1.0,1,1.0,1,1.0,1,0.16530202689428278,69
3770,0,5967,3015,2952,0,0,0,1.0,1,1.0,1,1.0,1,0.16530202689428278,69
3771,2,5969,3016,2953,0,0,0,1.0,1,1.0,1,1.0,1,0.16586320206933697,69
3772,2,5971,3016,2955,0,0,0,1.0,1,1.0,1,1.0,1,0.16163585386923113,70
3773,0,5971,3016,2955,0,0,0,1.0,1,1.0,1,1.0,1,0.1573508240388713,68
3774,0,5971,3016,2955,0,0,0,1.0,1,1.0,1,1.0,1,0.15706309263543813,68
3775,1,5972,3017,2955,0,0,0,1.0,1,1.0,1,1.0,1,0.2039098422218224,68
3776,6,5978,3019,2959,0,0,0,1.0,1,1.0,1,1.0,1,0.17672504871336747,66
3777,4,5982,3020,2962,0,0,0,1.0,1,1.0,1,1.0,1,0.14192580446902214,65
3778,1,5983,3021,2962,0,0,0,1.0,1,1.0,1,1.0,1,0.13083256989268785,65
3779,1,5984,3022,2962,0,0,0,1.0,1,1.0,1,1.0,1,0.139099680935569,65
3780,1,5985,3023,2962,0,0,0,1.0,1,1.0,1,1.0,1,0.14182975689144997,64
3781,0,5985,3023,2962,0,0,0,1.0,1,1.0,1,1.0,1,0.14182975689144997,64
3782,0,5985,3023,2962,0,0,0,1.0,1,1.0,1,1.0,1,0.1368155266296738,67
3783,1,5986,3024,2962,0,0,0,1.0,1,1.0,1,1.0,1,0.1370226527597325,65
3784,3,5989,3026,2963,0,0,0,1.0,1,1.0,1,1.0,1,0.14779204736349336,65
3785,3,5992,3027,2965,0,0,0,1.0,1,1.0,1,1.0,1,0.13200957895890958,63
3786,0,5992,3027,2965,0,0,0,1.0,1,1.0,1,1.0,1,0.14875974169542286,66
3787,4,5996,3030,2966,0,0,0,1.0,1,1.0,1,1.0,1,0.15737460652185165,65
3788,1,5997,3030,2967,0,0,0,1.0,1,1.0,1,1.0,1,0.1503947241596537,65
3789,5,6002,3032,2970,0,0,0,1.0,1,1.0,1,1.0,1,0.13286234283686968,65
3790,2,6004,3033,2971,0,0,0,1.0,1,1.0,1,1.0,1,0.16125890323881334,64
3791,1,6005,3034,2971,0,0,0,1.0,1,1.0,1,1.0,1,0.18578702927829416,64
3792,3,6008,3036,2972,0,0,0,1.0,1,1.0,1,1.0,1,0.20306094497375368,65
3793,4,6012,3037,2975,0,0,0,1.0,1,1.0,1,1.0,1,0.18483416770070524,68
3794,1,6013,3038,2975,0,0,0,1.0,1,1.0,1,1.0,1,0.2090510780462224,68
3795,4,6017,3039,2978,0,0,0,1.0,1,1.0,1,1.0,1,0.20779613480047845,69
3796,2,6019,3039,2980,0,0,0,1.0,1,1.0,1,1.0,1,0.18490467628380927,69
3797,1,6020,3039,2981,0,0,0,1.0,1,1.0,1,1.0,1,0.19026357142581618,70
3798,0,6020,3039,2981,0,0,0,1.0,1,1.0,1,1.0,1,0.19026357142581618,70
3799,0,6020,3039,2981,0,0,0,1.0,1,1.0,1,1.0,1,0.20254139332669607,69
3800,2,6022,3039,2983,0,0,0,1.0,1,1.0,1,1.0,1,0.17711666679146756,69
3801,1,6023,3039,2984,0,0,0,1.0,1,1.0,1,1.0,1,0.1841396730193169,67
3802,0,6023,3039,2984,0,0,0,1.0,1,1.0,1,1.0,1,0.1841396730193169,67
3803,3,6026,3041,2985,0,0,0,1.0,1,1.0,1,1.0,1,0.17996005188980932,69
3804,3,6029,3042,2987,0,0,0,1.0,1,1.0,1,1.0,1,0.17115290566397875,70
3805,2,6031,3043,2988,0,0,0,1.0,1,1.0,1,1.0,1,0.17444527730498233,71
3806,2,6033,3044,2989,0,0,0,1.0,1,1.0,1,1.0,1,0.1675421238027348,71
3807,1,6034,3045,2989,0,0,0,1.0,1,1.0,1,1.0,1,0.17860513646137996,72
3808,1,6035,3045,2990,0,0,0,1.0,1,1.0,1,1.0,1,0.1603053689307337,72
3809,0,6035,3045,2990,0,0,0,1.0,1,1.0,1,1.0,1,0.1603053689307337,72
3810,3,6038,3046,2992,0,0,0,1.0,1,1.0,1,1.0,1,0.16234061156821197,72
3811,0,6038,3046,2992,0,0,0,1.0,1,1.0,1,1.0,1,0.14797036209284395,71
3812,0,6038,3046,2992,0,0,0,1.0,1,1.0,1,1.0,1,0.1479869046219713,72
3813,1,6039,3047,2992,0,0,0,1.0,1,1.0,1,1.0,1,0.17992652529085193,71
3814,2,6041,3048,2993,0,0,0,1.0,1,1.0,1,1.0,1,0.17415972566947394,72
3815,0,6041,3048,2993,0,0,0,1.0,1,1.0,1,1.0,1,0.1811016700884326,71
3816,0,6041,3048,2993,0,0,0,1.0,1,1.0,1,1.0,1,0.19455746990430983,69
3817,4,6045,3049,2996,0,0,0,1.0,1,1.0,1,1.0,1,0.19295899159078503,72
3818,2,6047,3050,2997,0,0,0,1.0,1,1.0,1,1.0,1,0.18838634531076082,72
3819,1,6048,3051,2997,0,0,0,1.0,1,1.0,1,1.0,1,0.20016563603254084,72
3820,1,6049,3052,2997,0,0,0,1.0,1,1.0,1,1.0,1,0.226339361131718,72
3821,1,6050,3053,2997,0,0,0,1.0,1,1.0,1,1.0,1,0.2536339316880525,72
3822,2,6052,3054,2998,0,0,0,1.0,1,1.0,1,1.0,1,0.2511970761201771,69
3823,3,6055,3055,3000,0,0,0,1.0,1,1.0,1,1.0,1,0.2328631361244815,69
3824,4,6059,3056,3003,0,0,0,1.0,1,1.0,1,1.0,1,0.20609581222757986,65
3825,2,6061,3058,3003,0,0,0,1.0,1,1.0,1,1.0,1,0.21268805142534605,64
3826,2,6063,3059,3004,0,0,0,1.0,1,1.0,1,1.0,1,0.22818717709056194,65
3827,2,6065,3060,3005,0,0,0,1.0,1,1.0,1,1.0,1,0.20860129471843245,64
3828,3,6068,3061,3007,0,0,0,1.0,1,1.0,1,1.0,1,0.18574370159038464,65
3829,2,6070,3063,3007,0,0,0,1.0,1,1.0,1,1.0,1,0.21087750400104832,65
3830,0,6070,3063,3007,0,0,0,1.0,1,1.0,1,1.0,1,0.20395681136501778,64
3831,3,6073,3065,3008,0,0,0,1.0,1,1.0,1,1.0,1,0.2214076641853531,63
3832,3,6076,3066,3010,0,0,0,1.0,1,1.0,1,1.0,1,0.21473599315987357,64
3833,2,6078,3067,3011,0,0,0,1.0,1,1.0,1,1.0,1,0.21220730529625417,64
3834,2,6080,3068,3012,0,0,0,1.0,1,1.0,1,1.0,1,0.22256740453691085,63
3835,1,6081,3069,3012,0,0,0,1.0,1,1.0,1,1.0,1,0.24680737784666348,63
3836,4,6085,3071,3014,0,0,0,1.0,1,1.0,1,1.0,1,0.23292584513904385,63
3837,4,6089,3073,3016,0,0,0,1.0,1,1.0,1,1.0,1,0.23384968068523043,62
3838,1,6090,3074,3016,0,0,0,1.0,1,1.0,1,1.0,1,0.23417228196498716,62
3839,1,6091,3075,3016,0,0,0,1.0,1,1.0,1,1.0,1,0.26821710366797935,60
3840,1,6092,3075,3017,0,0,0,1.0,1,1.0,1,1.0,1,0.25547453254014874,62
3841,1,6093,3076,3017,0,0,0,1.0,1,1.0,1,1.0,1,0.2794599735512524,62
3842,3,6096,3076,3020,0,0,0,1.0,1,1.0,1,1.0,1,0.21861863702170675,63
3843,0,6096,3076,3020,0,0,0,1.0,1,1.0,1,1.0,1,0.21676070936513747,64
3844,1,6097,3076,3021,0,0,0,1.0,1,1.0,1,1.0,1,0.20676768626257586,65
3845,2,6099,3076,3023,0,0,0,1.0,1,1.0,1,1.0,1,0.1886803924937959,66
3846,2,6101,3077,3024,0,0,0,1.0,1,1.0,1,1.0,1,0.18971588311597926,67
3847,2,6103,3079,3024,0,0,0,1.0,1,1.0,1,1.0,1,0.19162490955220934,67
3848,7,6110,3080,3030,0,0,0,1.0,1,1.0,1,1.0,1,0.12396234599431785,67
3849,2,6112,3080,3032,0,0,0,1.0,1,1.0,1,1.0,1,0.11993677253189884,67
3850,2,6114,3082,3032,0,0,0,1.0,1,1.0,1,1.0,1,0.12204074409791685,68
3851,1,6115,3083,3032,0,0,0,1.0,1,1.0,1,1.0,1,0.1276862084915861,68
3852,0,6115,3083,3032,0,0,0,1.0,1,1.0,1,1.0,1,0.14612627447199816,70
3853,2,6117,3085,3032,0,0,0,1.0,1,1.0,1,1.0,1,0.18419262879383425,70
3854,1,6118,3085,3033,0,0,0,1.0,1,1.0,1,1.0,1,0.17026497830251786,70
3855,0,6118,3085,3033,0,0,0,1.0,1,1.0,1,1.0,1,0.18044291781373348,69
3856,1,6119,3086,3033,0,0,0,1.0,1,1.0,1,1.0,1,0.19618038573178356,70
3857,3,6122,3088,3034,0,0,0,1.0,1,1.0,1,1.0,1,0.20667186761907605,68
3858,1,6123,3089,3034,0,0,0,1.0,1,1.0,1,1.0,1,0.2218142799581461,67
3859,2,6125,3089,3036,0,0,0,1.0,1,1.0,1,1.0,1,0.2167572261368809,66
3860,1,6126,3090,3036,0,0,0,1.0,1,1.0,1,1.0,1,0.21740465098786207,66
3861,0,6126,3090,3036,0,0,0,1.0,1,1.0,1,1.0,1,0.23058492282377843,66
3862,3,6129,3093,3036,0,0,0,1.0,1,1.0,1,1.0,1,0.2745622234238964,66
3863,3,6132,3094,3038,0,0,0,1.0,1,1.0,1,1.0,1,0.24147554585132408,63
3864,4,6136,3096,3040,0,0,0,1.0,1,1.0,1,1.0,1,0.24911736362650913,63
3865,0,6136,3096,3040,0,0,0,1.0,1,1.0,1,1.0,1,0.24155895644637204,61
3866,1,6137,3096,3041,0,0,0,1.0,1,1.0,1,1.0,1,0.23829871129214839,61
3867,0,6137,3096,3041,0,0,0,1.0,1,1.0,1,1.0,1,0.24273343795111701,60
3868,2,6139,3096,3043,0,0,0,1.0,1,1.0,1,1.0,1,0.2242472302995076,59
3869,2,6141,3097,3044,0,0,0,1.0,1,1.0,1,1.0,1,0.21374312916548605,61
3870,2,6143,3098,3045,0,0,0,1.0,1,1.0,1,1.0,1,0.21937071198403646,61
3871,1,6144,3099,3045,0,0,0,1.0,1,1.0,1,1.0,1,0.23525289144154932,64
3872,2,6146,3099,3047,0,0,0,1.0,1,1.0,1,1.0,1,0.2153673387860301,63
3873,1,6147,3100,3047,0,0,0,1.0,1,1.0,1,1.0,1,0.20829292599891136,62
3874,1,6148,3100,3048,0,0,0,1.0,1,1.0,1,1.0,1,0.20176981130104962,63
3875,2,6150,3101,3049,0,0,0,1.0,1,1.0,1,1.0,1,0.1961895952241427,61
3876,2,6152,3101,3051,0,0,0,1.0,1,1.0,1,1.0,1,0.17789891046972403,62
3877,5,6157,3103,3054,0,0,0,1.0,1,1.0,1,1.0,1,0.19145990998891957,63
3878,1,6158,3103,3055,0,0,0,1.0,1,1.0,1,1.0,1,0.17418203909097396,63
3879,1,6159,3104,3055,0,0,0,1.0,1,1.0,1,1.0,1,0.1841794047355342,63
3880,1,6160,3104,3056,0,0,0,1.0,1,1.0,1,1.0,1,0.17496704062739576,65
3881,3,6163,3105,3058,0,0,0,1.0,1,1.0,1,1.0,1,0.16776431056985697,65
3882,0,6163,3105,3058,0,0,0,1.0,1,1.0,1,1.0,1,0.16679336003365952,66
3883,0,6163,3105,3058,0,0,0,1.0,1,1.0,1,1.0,1,0.16679336003365952,66
3884,2,6165,3106,3059,0,0,0,1.0,1,1.0,1,1.0,1,0.18041895601295552,66
3885,1,6166,3107,3059,0,0,0,1.0,1,1.0,1,1.0,1,0.18411521702377262,66
3886,3,6169,3109,3060,0,0,0,1.0,1,1.0,1,1.0,1,0.19408363347700522,65
3887,1,6170,3109,3061,0,0,0,1.0,1,1.0,1,1.0,1,0.2214905607729633,65
3888,5,6175,3110,3065,0,0,0,1.0,1,1.0,1,1.0,1,0.19847683956896645,66
3889,1,6176,3110,3066,0,0,0,1.0,1,1.0,1,1.0,1,0.17098527484748685,64
3890,2,6178,3111,3067,0,0,0,1.0,1,1.0,1,1.0,1,0.17639879214995913,63
3891,1,6179,3112,3067,0,0,0,1.0,1,1.0,1,1.0,1,0.190610216684817,66
3892,4,6183,3112,3071,0,0,0,1.0,1,1.0,1,1.0,1,0.15291087224411926,67
3893,0,6183,3112,3071,0,0,0,1.0,1,1.0,1,1.0,1,0.16539488286716322,66
3894,1,6184,3112,3072,0,0,0,1.0,1,1.0,1,1.0,1,0.17538986344196583,67
3895,1,6185,3113,3072,0,0,0,1.0,1,1.0,1,1.0,1,0.19350488813191172,66
3896,1,6186,3114,3072,0,0,0,1.0,1,1.0,1,1.0,1,0.19214292126754715,66
3897,0,6186,3114,3072,0,0,0,1.0,1,1.0,1,1.0,1,0.20009391080899971,65
3898,4,6190,3117,3073,0,0,0,1.0,1,1.0,1,1.0,1,0.2238552963050276,65
3899,2,6192,3119,3073,0,0,0,1.0,1,1.0,1,1.0,1,0.2333164440007548,64
3900,3,6195,3120,3075,0,0,0,1.0,1,1.0,1,1.0,1,0.23391189248096314,63
3901,2,6197,3121,3076,0,0,0,1.0,1,1.0,1,1.0,1,0.21559013174208166,63
3902,2,6199,3121,3078,0,0,0,1.0,1,1.0,1,1.0,1,0.21053787063644072,64
3903,1,6200,3122,3078,0,0,0,1.0,1,1.0,1,1.0,1,0.2106749878281729,64
3904,2,6202,3123,3079,0,0,0,1.0,1,1.0,1,1.0,1,0.1991083686270652,63
3905,4,6206,3123,3083,0,0,0,1.0,1,1.0,1,1.0,1,0.18026764347414478,63
3906,4,6210,3125,3085,0,0,0,1.0,1,1.0,1,1.0,1,0.16605986333790848,64
3907,3,6213,3127,3086,0,0,0,1.0,1,1.0,1,1.0,1,0.19850843937671667,64
3908,1,6214,3127,3087,0,0,0,1.0,1,1.0,1,1.0,1,0.18957170570089682,63
3909,0,6214,3127,3087,0,0,0,1.0,1,1.0,1,1.0,1,0.19423163621753783,62
3910,0,6214,3127,3087,0,0,0,1.0,1,1.0,1,1.0,1,0.20293068517919846,62
3911,1,6215,3127,3088,0,0,0,1.0,1,1.0,1,1.0,1,0.20522728276833097,64
3912,1,6216,3127,3089,0,0,0,1.0,1,1.0,1,1.0,1,0.18596130647653067,64
3913,0,6216,3127,3089,0,0,0,1.0,1,1.0,1,1.0,1,0.19678715207076947,65
3914,1,6217,3127,3090,0,0,0,1.0,1,1.0,1,1.0,1,0.20113177208768362,65
3915,0,6217,3127,3090,0,0,0,1.0,1,1.0,1,1.0,1,0.2007921198986307,66
3916,2,6219,3128,3091,0,0,0,1.0,1,1.0,1,1.0,1,0.20659899948677724,66
3917,1,6220,3128,3092,0,0,0,1.0,1,1.0,1,1.0,1,0.19223968557051613,66
3918,2,6222,3128,3094,0,0,0,1.0,1,1.0,1,1.0,1,0.18651664697447595,67
3919,3,6225,3129,3096,0,0,0,1.0,1,1.0,1,1.0,1,0.19293739271082874,68
3920,1,6226,3130,3096,0,0,0,1.0,1,1.0,1,1.0,1,0.18566364282748404,69
3921,2,6228,3130,3098,0,0,0,1.0,1,1.0,1,1.0,1,0.17018729140567038,68
3922,3,6231,3133,3098,0,0,0,1.0,1,1.0,1,1.0,1,0.19573778905517408,68
3923,1,6232,3133,3099,0,0,0,1.0,1,1.0,1,1.0,1,0.19873258314517941,69
3924,0,6232,3133,3099,0,0,0,1.0,1,1.0,1,1.0,1,0.20684960911694977,69
3925,2,6234,3135,3099,0,0,0,1.0,1,1.0,1,1.0,1,0.2342996430293688,67
3926,2,6236,3137,3099,0,0,0,1.0,1,1.0,1,1.0,1,0.2684091396012824,67
3927,2,6238,3137,3101,0,0,0,1.0,1,1.0,1,1.0,1,0.26383842351386233,65
3928,2,6240,3137,3103,0,0,0,1.0,1,1.0,1,1.0,1,0.24044162380555664,65
3929,1,6241,3138,3103,0,0,0,1.0,1,1.0,1,1.0,1,0.23773428728036494,64
3930,0,6241,3138,3103,0,0,0,1.0,1,1.0,1,1.0,1,0.24233823681686908,64
3931,3,6244,3140,3104,0,0,0,1.0,1,1.0,1,1.0,1,0.2409532998166966,62
3932,1,6245,3141,3104,0,0,0,1.0,1,1.0,1,1.0,1,0.2418141030128207,62
3933,3,6248,3142,3106,0,0,0,1.0,1,1.0,1,1.0,1,0.23078154373082396,62
3934,2,6250,3143,3107,0,0,0,1.0,1,1.0,1,1.0,1,0.21235072225508866,61
3935,1,6251,3143,3108,0,0,0,1.0,1,1.0,1,1.0,1,0.21861242040221726,64
3936,0,6251,3143,3108,0,0,0,1.0,1,1.0,1,1.0,1,0.22688536394129616,65
3937,0,6251,3143,3108,0,0,0,1.0,1,1.0,1,1.0,1,0.21856665442143508,66
3938,3,6254,3144,3110,0,0,0,1.0,1,1.0,1,1.0,1,0.22355751744453636,66
3939,4,6258,3144,3114,0,0,0,1.0,1,1.0,1,1.0,1,0.20092944719637587,67
3940,1,6259,3145,3114,0,0,0,1.0,1,1.0,1,1.0,1,0.19776708587598488,69
3941,2,6261,3145,3116,0,0,0,1.0,1,1.0,1,1.0,1,0.16265259067905236,69
3942,1,6262,3146,3116,0,0,0,1.0,1,1.0,1,1.0,1,0.17581014131037903,69
3943,3,6265,3148,3117,0,0,0,1.0,1,1.0,1,1.0,1,0.17311135897251406,68
3944,2,6267,3149,3118,0,0,0,1.0,1,1.0,1,1.0,1,0.17200157402305008,68
3945,2,6269,3151,3118,0,0,0,1.0,1,1.0,1,1.0,1,0.19623901930119642,67
3946,3,6272,3152,3120,0,0,0,1.0,1,1.0,1,1.0,1,0.19589416527864426,67
3947,3,6275,3152,3123,0,0,0,1.0,1,1.0,1,1.0,1,0.16309392516795868,66
3948,0,6275,3152,3123,0,0,0,1.0,1,1.0,1,1.0,1,0.17523867882348843,67
3949,4,6279,3155,3124,0,0,0,1.0,1,1.0,1,1.0,1,0.2241427483611803,66
3950,2,6281,3155,3126,0,0,0,1.0,1,1.0,1,1.0,1,0.22035696305199445,65
3951,3,6284,3155,3129,0,0,0,1.0,1,1.0,1,1.0,1,0.18550973712569546,65
3952,1,6285,3156,3129,0,0,0,1.0,1,1.0,1,1.0,1,0.18925449039332057,65
3953,0,6285,3156,3129,0,0,0,1.0,1,1.0,1,1.0,1,0.20170318773653134,65
3954,1,6286,3157,3129,0,0,0,1.0,1,1.0,1,1.0,1,0.20350846487656685,64
3955,3,6289,3158,3131,0,0,0,1.0,1,1.0,1,1.0,1,0.21595355836054309,64
3956,0,6289,3158,3131,0,0,0,1.0,1,1.0,1,1.0,1,0.2178176827120752,63
3957,1,6290,3158,3132,0,0,0,1.0,1,1.0,1,1.0,1,0.20781870670768302,63
3958,1,6291,3159,3132,0,0,0,1.0,1,1.0,1,1.0,1,0.23090710891023564,63
3959,2,6293,3160,3133,0,0,0,1.0,1,1.0,1,1.0,1,0.24163188349573933,62
3960,0,6293,3160,3133,0,0,0,1.0,1,1.0,1,1.0,1,0.24163188349573933,62
3961,4,6297,3162,3135,0,0,0,1.0,1,1.0,1,1.0,1,0.25056909099125957,64
3962,2,6299,3163,3136,0,0,0,1.0,1,1.0,1,1.0,1,0.24810573810080053,64
3963,4,6303,3165,3138,0,0,0,1.0,1,1.0,1,1.0,1,0.26124234536633617,62
3964,4,6307,3165,3142,0,0,0,1.0,1,1.0,1,1.0,1,0.22446842840670275,63
3965,4,6311,3165,3146,0,0,0,1.0,1,1.0,1,1.0,1,0.18497565580645017,63
3966,1,6312,3166,3146,0,0,0,1.0,1,1.0,1,1.0,1,0.20843190308972068,62
3967,1,6313,3166,3147,0,0,0,1.0,1,1.0,1,1.0,1,0.21591721509433068,64
3968,2,6315,3166,3149,0,0,0,1.0,1,1.0,1,1.0,1,0.18937422499504716,63
3969,0,6315,3166,3149,0,0,0,1.0,1,1.0,1,1.0,1,0.19619961994175275,63
3970,0,6315,3166,3149,0,0,0,1.0,1,1.0,1,1.0,1,0.2032388031975547,65
3971,1,6316,3166,3150,0,0,0,1.0,1,1.0,1,1.0,1,0.19895366592099462,65
3972,3,6319,3167,3152,0,0,0,1.0,1,1.0,1,1.0,1,0.2006711772219211,66
3973,0,6319,3167,3152,0,0,0,1.0,1,1.0,1,1.0,1,0.2006711772219211,66
3974,3,6322,3170,3152,0,0,0,1.0,1,1.0,1,1.0,1,0.25496565568516094,66
3975,4,6326,3171,3155,0,0,0,1.0,1,1.0,1,1.0,1,0.21463080558378123,66
3976,2,6328,3171,3157,0,0,0,1.0,1,1.0,1,1.0,1,0.22350040902981588,66
3977,1,6329,3172,3157,0,0,0,1.0,1,1.0,1,1.0,1,0.22497242308622373,64
3978,4,6333,3175,3158,0,0,0,1.0,1,1.0,1,1.0,1,0.25761142371922363,63
3979,2,6335,3175,3160,0,0,0,1.0,1,1.0,1,1.0,1,0.2530858450166526,63
3980,2,6337,3176,3161,0,0,0,1.0,1,1.0,1,1.0,1,0.24789573029599743,63
3981,2,6339,3176,3163,0,0,0,1.0,1,1.0,1,1.0,1,0.22932808919676467,64
3982,2,6341,3177,3164,0,0,0,1.0,1,1.0,1,1.0,1,0.22558388269306917,65
3983,2,6343,3178,3165,0,0,0,1.0,1,1.0,1,1.0,1,0.20746225178000505,64
3984,2,6345,3179,3166,0,0,0,1.0,1,1.0,1,1.0,1,0.21270642325758063,65
3985,6,6351,3182,3169,0,0,0,1.0,1,1.0,1,1.0,1,0.20317810175308648,64
3986,1,6352,3182,3170,0,0,0,1.0,1,1.0,1,1.0,1,0.19258777304908276,63
3987,1,6353,3183,3170,0,0,0,1.0,1,1.0,1,1.0,1,0.1960310048627849,63
3988,1,6354,3183,3171,0,0,0,1.0,1,1.0,1,1.0,1,0.18448446006397698,63
3989,1,6355,3184,3171,0,0,0,1.0,1,1.0,1,1.0,1,0.20555706507413124,63
3990,4,6359,3185,3174,0,0,0,1.0,1,1.0,1,1.0,1,0.2025565422606598,62
3991,3,6362,3185,3177,0,0,0,1.0,1,1.0,1,1.0,1,0.16436188980164188,62
3992,1,6363,3185,3178,0,0,0,1.0,1,1.0,1,1.0,1,0.15794402870883475,65
3993,0,6363,3185,3178,0,0,0,1.0,1,1.0,1,1.0,1,0.15794402870883475,65
3994,0,6363,3185,3178,0,0,0,1.0,1,1.0,1,1.0,1,0.15970602390689748,64
3995,0,6363,3185,3178,0,0,0,1.0,1,1.0,1,1.0,1,0.15970602390689748,64
3996,2,6365,3185,3180,0,0,0,1.0,1,1.0,1,1.0,1,0.1420279113034435,67
3997,2,6367,3185,3182,0,0,0,1.0,1,1.0,1,1.0,1,0.13045958867564258,69
3998,2,6369,3186,3183,0,0,0,1.0,1,1.0,1,1.0,1,0.1374381049879317,69
3999,0,6369,3186,3183,0,0,0,1.0,1,1.0,1,1.0,1,0.1374381049879317,69
4000,1,6370,3187,3183,0,0,0,1.0,1,1.0,1,1.0,1,0.17289929195863732,69
4001,2,6372,3188,3184,0,0,0,1.0,1,1.0,1,1.0,1,0.1447019677904146,68
4002,4,6376,3190,3186,0,0,0,1.0,1,1.0,1,1.0,1,0.15893813372366525,68
4003,2,6378,3190,3188,0,0,0,1.0,1,1.0,1,1.0,1,0.14211532577152539,68
4004,1,6379,3191,3188,0,0,0,1.0,1,1.0,1,1.0,1,0.14985848313741168,67
4005,1,6380,3191,3189,0,0,0,1.0,1,1.0,1,1.0,1,0.13553641461438753,67
4006,2,6382,3193,3189,0,0,0,1.0,1,1.0,1,1.0,1,0.17629949889048938,67
4007,2,6384,3194,3190,0,0,0,1.0,1,1.0,1,1.0,1,0.17653875936574695,67
4008,2,6386,3195,3191,0,0,0,1.0,1,1.0,1,1.0,1,0.1950770035057378,67
4009,0,6386,3195,3191,0,0,0,1.0,1,1.0,1,1.0,1,0.1950770035057378,67
4010,4,6390,3197,3193,0,0,0,1.0,1,1.0,1,1.0,1,0.23157759270481623,66
4011,2,6392,3198,3194,0,0,0,1.0,1,1.0,1,1.0,1,0.22966315074718366,66
4012,2,6394,3199,3195,0,0,0,1.0,1,1.0,1,1.0,1,0.225888622634313,66
4013,1,6395,3200,3195,0,0,0,1.0,1,1.0,1,1.0,1,0.24886345239162833,66
4014,3,6398,3201,3197,0,0,0,1.0,1,1.0,1,1.0,1,0.23516967749955248,66
4015,1,6399,3201,3198,0,0,0,1.0,1,1.0,1,1.0,1,0.2328048722248583,64
4016,2,6401,3203,3198,0,0,0,1.0,1,1.0,1,1.0,1,0.29264979362012744,64
4017,2,6403,3204,3199,0,0,0,1.0,1,1.0,1,1.0,1,0.2700941361090241,66
4018,1,6404,3204,3200,0,0,0,1.0,1,1.0,1,1.0,1,0.2723628564764527,67
4019,2,6406,3205,3201,0,0,0,1.0,1,1.0,1,1.0,1,0.27645332922039473,67
4020,0,6406,3205,3201,0,0,0,1.0,1,1.0,1,1.0,1,0.29243395392488974,66
4021,3,6409,3208,3201,0,0,0,1.0,1,1.0,1,1.0,1,0.29312473110583315,66
4022,3,6412,3208,3204,0,0,0,1.0,1,1.0,1,1.0,1,0.27154289070198984,66
4023,1,6413,3209,3204,0,0,0,1.0,1,1.0,1,1.0,1,0.2666578487081888,66
4024,0,6413,3209,3204,0,0,0,1.0,1,1.0,1,1.0,1,0.27340825888472026,66
4025,1,6414,3209,3205,0,0,0,1.0,1,1.0,1,1.0,1,0.2649742437465064,66
4026,1,6415,3210,3205,0,0,0,1.0,1,1.0,1,1.0,1,0.2670197907013073,66
4027,2,6417,3211,3206,0,0,0,1.0,1,1.0,1,1.0,1,0.26069272864994103,64
4028,4,6421,3214,3207,0,0,0,1.0,1,1.0,1,1.0,1,0.2731291920399382,63
4029,2,6423,3215,3208,0,0,0,1.0,1,1.0,1,1.0,1,0.2511425745320596,62
4030,2,6425,3216,3209,0,0,0,1.0,1,1.0,1,1.0,1,0.2699289206319037,63
4031,3,6428,3217,3211,0,0,0,1.0,1,1.0,1,1.0,1,0.2510765021484444,62
4032,2,6430,3219,3211,0,0,0,1.0,1,1.0,1,1.0,1,0.2784668901979269,62
4033,6,6436,3222,3214,0,0,0,1.0,1,1.0,1,1.0,1,0.28954922882554596,61
4034,2,6438,3223,3215,0,0,0,1.0,1,1.0,1,1.0,1,0.2660017065320129,60
4035,1,6439,3224,3215,0,0,0,1.0,1,1.0,1,1.0,1,0.29450565978451737,59
4036,2,6441,3225,3216,0,0,0,1.0,1,1.0,1,1.0,1,0.29579740799720494,58
4037,2,6443,3226,3217,0,0,0,1.0,1,1.0,1,1.0,1,0.25046407735858506,59
4038,1,6444,3227,3217,0,0,0,1.0,1,1.0,1,1.0,1,0.25464724701246066,58
4039,1,6445,3228,3217,0,0,0,1.0,1,1.0,1,1.0,1,0.29594443031420475,56
4040,0,6445,3228,3217,0,0,0,1.0,1,1.0,1,1.0,1,0.3191362323378169,55
4041,2,6447,3230,3217,0,0,0,1.0,1,1.0,1,1.0,1,0.349675990003226,54
4042,4,6451,3232,3219,0,0,0,1.0,1,1.0,1,1.0,1,0.35513348033544323,56
4043,1,6452,3233,3219,0,0,0,1.0,1,1.0,1,1.0,1,0.36834269022193294,56
4044,0,6452,3233,3219,0,0,0,1.0,1,1.0,1,1.0,1,0.38754974530085035,56
4045,5,6457,3236,3221,0,0,0,1.0,1,1.0,1,1.0,1,0.3777173116443736,57
4046,2,6459,3236,3223,0,0,0,1.0,1,1.0,1,1.0,1,0.3877555541152671,59
4047,2,6461,3237,3224,0,0,0,1.0,1,1.0,1,1.0,1,0.39022416743312965,59
4048,0,6461,3237,3224,0,0,0,1.0,1,1.0,1,1.0,1,0.39022416743312965,59
4049,0,6461,3237,3224,0,0,0,1.0,1,1.0,1,1.0,1,0.37992824841728057,60
4050,0,6461,3237,3224,0,0,0,1.0,1,1.0,1,1.0,1,0.37992824841728057,60
4051,0,6461,3237,3224,0,0,0,1.0,1,1.0,1,1.0,1,0.37992824841728057,60
4052,0,6461,3237,3224,0,0,0,1.0,1,1.0,1,1.0,1,0.37992824841728057,60
4053,0,6461,3237,3224,0,0,0,1.0,1,1.0,1,1.0,1,0.37992824841728057,60
4054,1,6462,3238,3224,0,0,0,1.0,1,1.0,1,1.0,1,0.38202332020240926,61
4055,1,6463,3238,3225,0,0,0,1.0,1,1.0,1,1.0,1,0.3745525004548452,61
4056,0,6463,3238,3225,0,0,0,1.0,1,1.0,1,1.0,1,0.380023683320069,62
4057,1,6464,3238,3226,0,0,0,1.0,1,1.0,1,1.0,1,0.37309677927606727,63
4058,0,6464,3238,3226,0,0,0,1.0,1,1.0,1,1.0,1,0.39673251162028145,64
4059,1,6465,3238,3227,0,0,0,1.0,1,1.0,1,1.0,1,0.38986349002739557,63
4060,0,6465,3238,3227,0,0,0,1.0,1,1.0,1,1.0,1,0.38986349002739557,63
4061,1,6466,3238,3228,0,0,0,1.0,1,1.0,1,1.0,1,0.38792906374737846,63
4062,4,6470,3240,3230,0,0,0,1.0,1,1.0,1,1.0,1,0.37782261116311283,65
4063,1,6471,3240,3231,0,0,0,1.0,1,1.0,1,1.0,1,0.3542209340174983,64
4064,4,6475,3242,3233,0,0,0,1.0,1,1.0,1,1.0,1,0.3436355870410257,65
4065,2,6477,3243,3234,0,0,0,1.0,1,1.0,1,1.0,1,0.32328808048563235,64
4066,4,6481,3245,3236,0,0,0,1.0,1,1.0,1,1.0,1,0.30066444364517964,64
4067,5,6486,3247,3239,0,0,0,1.0,1,1.0,1,1.0,1,0.3138028828046344,63
4068,5,6491,3250,3241,0,0,0,1.0,1,1.0,1,1.0,1,0.31808158443157564,64
4069,6,6497,3253,3244,0,0,0,1.0,1,1.0,1,1.0,1,0.29460423605083136,62
4070,2,6499,3255,3244,0,0,0,1.0,1,1.0,1,1.0,1,0.3209858534118833,61
4071,5,6504,3258,3246,0,0,0,1.0,1,1.0,1,1.0,1,0.3184921461362626,61
4072,4,6508,3260,3248,0,0,0,1.0,1,1.0,1,1.0,1,0.2925150217997637,60
4073,1,6509,3260,3249,0,0,0,1.0,1,1.0,1,1.0,1,0.2811116269351211,60
4074,5,6514,3264,3250,0,0,0,1.0,1,1.0,1,1.0,1,0.2980631416882292,60
4075,3,6517,3264,3253,0,0,0,1.0,1,1.0,1,1.0,1,0.2516698027059546,59
4076,1,6518,3265,3253,0,0,0,1.0,1,1.0,1,1.0,1,0.27958394039615875,60
4077,4,6522,3268,3254,0,0,0,1.0,1,1.0,1,1.0,1,0.31599050214110924,61
4078,1,6523,3268,3255,0,0,0,1.0,1,1.0,1,1.0,1,0.31453736923634273,60
4079,3,6526,3269,3257,0,0,0,1.0,1,1.0,1,1.0,1,0.3212728006530314,58
4080,1,6527,3269,3258,0,0,0,1.0,1,1.0,1,1.0,1,0.3209380739657626,56
4081,0,6527,3269,3258,0,0,0,1.0,1,1.0,1,1.0,1,0.32041112039307845,56
4082,0,6527,3269,3258,0,0,0,1.0,1,1.0,1,1.0,1,0.3286786914619329,55
4083,0,6527,3269,3258,0,0,0,1.0,1,1.0,1,1.0,1,0.3286786914619329,55
4084,1,6528,3270,3258,0,0,0,1.0,1,1.0,1,1.0,1,0.3397632872192139,55
4085,4,6532,3271,3261,0,0,0,1.0,1,1.0,1,1.0,1,0.3105724318675376,56
4086,2,6534,3272,3262,0,0,0,1.0,1,1.0,1,1.0,1,0.2867508302825604,57
4087,1,6535,3273,3262,0,0,0,1.0,1,1.0,1,1.0,1,0.3001063751997006,57
4088,1,6536,3273,3263,0,0,0,1.0,1,1.0,1,1.0,1,0.30802317770902843,57
4089,2,6538,3273,3265,0,0,0,1.0,1,1.0,1,1.0,1,0.31896067728711197,56
4090,1,6539,3274,3265,0,0,0,1.0,1,1.0,1,1.0,1,0.31631372553008047,56
4091,2,6541,3274,3267,0,0,0,1.0,1,1.0,1,1.0,1,0.3100944621420426,56
4092,0,6541,3274,3267,0,0,0,1.0,1,1.0,1,1.0,1,0.3144398224322412,57
4093,3,6544,3276,3268,0,0,0,1.0,1,1.0,1,1.0,1,0.3313977583895341,58
4094,4,6548,3277,3271,0,0,0,1.0,1,1.0,1,1.0,1,0.30769170436333565,57
4095,2,6550,3277,3273,0,0,0,1.0,1,1.0,1,1.0,1,0.29066118169930605,57
4096,2,6552,3278,3274,0,0,0,1.0,1,1.0,1,1.0,1,0.27263698301187334,59
4097,1,6553,3279,3274,0,0,0,1.0,1,1.0,1,1.0,1,0.2641816811177223,59
4098,4,6557,3281,3276,0,0,0,1.0,1,1.0,1,1.0,1,0.23528024454229984,59
4099,3,6560,3282,3278,0,0,0,1.0,1,1.0,1,1.0,1,0.21350218027091358,60
4100,2,6562,3283,3279,0,0,0,1.0,1,1.0,1,1.0,1,0.21958379799183925,60
4101,2,6564,3283,3281,0,0,0,1.0,1,1.0,1,1.0,1,0.19581641613749767,60
4102,5,6569,3288,3281,0,0,0,1.0,1,1.0,1,1.0,1,0.21231707359475405,60
4103,3,6572,3289,3283,0,0,0,1.0,1,1.0,1,1.0,1,0.21097051658029273,58
4104,2,6574,3291,3283,0,0,0,1.0,1,1.0,1,1.0,1,0.20758773932179644,60
4105,1,6575,3292,3283,0,0,0,1.0,1,1.0,1,1.0,1,0.21299825418515814,59
4106,5,6580,3294,3286,0,0,0,1.0,1,1.0,1,1.0,1,0.19329795686101145,61
4107,0,6580,3294,3286,0,0,0,1.0,1,1.0,1,1.0,1,0.20141983977562627,59
4108,0,6580,3294,3286,0,0,0,1.0,1,1.0,1,1.0,1,0.20237595004555936,60
4109,1,6581,3294,3287,0,0,0,1.0,1,1.0,1,1.0,1,0.17615894824858733,59
4110,1,6582,3295,3287,0,0,0,1.0,1,1.0,1,1.0,1,0.20799044076159248,60
4111,4,6586,3295,3291,0,0,0,1.0,1,1.0,1,1.0,1,0.172968677285801,61
4112,0,6586,3295,3291,0,0,0,1.0,1,1.0,1,1.0,1,0.16988709355630227,60
4113,3,6589,3296,3293,0,0,0,1.0,1,1.0,1,1.0,1,0.16497147443745985,61
4114,3,6592,3297,3295,0,0,0,1.0,1,1.0,1,1.0,1,0.14954703392499136,62
4115,2,6594,3298,3296,0,0,0,1.0,1,1.0,1,1.0,1,0.17697052882828465,60
4116,4,6598,3300,3298,0,0,0,1.0,1,1.0,1,1.0,1,0.16181889590796025,59
4117,7,6605,3302,3303,0,0,0,1.0,1,1.0,1,1.0,1,0.13199091142880384,56
4118,1,6606,3303,3303,0,0,0,1.0,1,1.0,1,1.0,1,0.1433705277855292,55
4119,1,6607,3303,3304,0,0,0,1.0,1,1.0,1,1.0,1,0.1538250447174296,53
4120,2,6609,3305,3304,0,0,0,1.0,1,1.0,1,1.0,1,0.1731895601651417,52
4121,4,6613,3309,3304,0,0,0,1.0,1,1.0,1,1.0,1,0.18669200378220702,53
4122,1,6614,3310,3304,0,0,0,1.0,1,1.0,1,1.0,1,0.17359304100129988,52
4123,4,6618,3313,3305,0,0,0,1.0,1,1.0,1,1.0,1,0.175440767801919,51
4124,1,6619,3314,3305,0,0,0,1.0,1,1.0,1,1.0,1,0.18902764389988574,51
4125,2,6621,3315,3306,0,0,0,1.0,1,1.0,1,1.0,1,0.16970548864150004,50
4126,3,6624,3317,3307,0,0,0,1.0,1,1.0,1,1.0,1,0.21943107774936085,50
4127,2,6626,3317,3309,0,0,0,1.0,1,1.0,1,1.0,1,0.16907688258688092,49
4128,0,6626,3317,3309,0,0,0,1.0,1,1.0,1,1.0,1,0.16907688258688092,49
4129,0,6626,3317,3309,0,0,0,1.0,1,1.0,1,1.0,1,0.16907688258688092,49
4130,1,6627,3317,3310,0,0,0,1.0,1,1.0,1,1.0,1,0.15520937645739244,50
4131,0,6627,3317,3310,0,0,0,1.0,1,1.0,1,1.0,1,0.15520937645739244,50
4132,0,6627,3317,3310,0,0,0,1.0,1,1.0,1,1.0,1,0.15520937645739244,50
4133,1,6628,3318,3310,0,0,0,1.0,1,1.0,1,1.0,1,0.20874483750577918,51
4134,3,6631,3319,3312,0,0,0,1.0,1,1.0,1,1.0,1,0.1721202600145985,53
4135,0,6631,3319,3312,0,0,0,1.0,1,1.0,1,1.0,1,0.17052030614836083,54
4136,0,6631,3319,3312,0,0,0,1.0,1,1.0,1,1.0,1,0.17052030614836083,54
4137,2,6633,3321,3312,0,0,0,1.0,1,1.0,1,1.0,1,0.1819225135453989,55
4138,1,6634,3321,3313,0,0,0,1.0,1,1.0,1,1.0,1,0.15325920756196318,54
4139,0,6634,3321,3313,0,0,0,1.0,1,1.0,1,1.0,1,0.15325920756196318,54
4140,1,6635,3322,3313,0,0,0,1.0,1,1.0,1,1.0,1,0.16083887581206288,55
4141,0,6635,3322,3313,0,0,0,1.0,1,1.0,1,1.0,1,0.18122849339330557,55
4142,1,6636,3323,3313,0,0,0,1.0,1,1.0,1,1.0,1,0.18747647616621763,55
4143,0,6636,3323,3313,0,0,0,1.0,1,1.0,1,1.0,1,0.2108759077738571,53
4144,1,6637,3324,3313,0,0,0,1.0,1,1.0,1,1.0,1,0.20858800575536576,52
4145,1,6638,3325,3313,0,0,0,1.0,1,1.0,1,1.0,1,0.22419734237259065,51
4146,4,6642,3326,3316,0,0,0,1.0,1,1.0,1,1.0,1,0.19471398287722322,51
4147,2,6644,3327,3317,0,0,0,1.0,1,1.0,1,1.0,1,0.1733445491206037,50
4148,2,6646,3329,3317,0,0,0,1.0,1,1.0,1,1.0,1,0.23227429381510886,52
4149,1,6647,3329,3318,0,0,0,1.0,1,1.0,1,1.0,1,0.19219030324407724,53
4150,3,6650,3331,3319,0,0,0,1.0,1,1.0,1,1.0,1,0.2302263685394019,53
4151,3,6653,3332,3321,0,0,0,1.0,1,1.0,1,1.0,1,0.20354092040626087,53
4152,2,6655,3333,3322,0,0,0,1.0,1,1.0,1,1.0,1,0.18274702025841252,54
4153,1,6656,3333,3323,0,0,0,1.0,1,1.0,1,1.0,1,0.18768460779028845,51
4154,1,6657,3334,3323,0,0,0,1.0,1,1.0,1,1.0,1,0.19155425646944277,51
4155,6,6663,3337,3326,0,0,0,1.0,1,1.0,1,1.0,1,0.22175837831399692,51
4156,3,6666,3340,3326,0,0,0,1.0,1,1.0,1,1.0,1,0.21988552057900992,52
4157,2,6668,3341,3327,0,0,0,1.0,1,1.0,1,1.0,1,0.22989503153848503,52
4158,1,6669,3342,3327,0,0,0,1.0,1,1.0,1,1.0,1,0.24341935134717196,52
4159,0,6669,3342,3327,0,0,0,1.0,1,1.0,1,1.0,1,0.23544885189874967,52
4160,6,6675,3344,3331,0,0,0,1.0,1,1.0,1,1.0,1,0.20939029394864397,50
4161,0,6675,3344,3331,0,0,0,1.0,1,1.0,1,1.0,1,0.20939029394864397,50
4162,1,6676,3344,3332,0,0,0,1.0,1,1.0,1,1.0,1,0.19884159496158607,51
4163,1,6677,3344,3333,0,0,0,1.0,1,1.0,1,1.0,1,0.21518568284065873,48
4164,2,6679,3346,3333,0,0,0,1.0,1,1.0,1,1.0,1,0.26775919559189726,50
4165,1,6680,3346,3334,0,0,0,1.0,1,1.0,1,1.0,1,0.2478610881060902,49
4166,2,6682,3346,3336,0,0,0,1.0,1,1.0,1,1.0,1,0.22127832427399038,50
4167,1,6683,3346,3337,0,0,0,1.0,1,1.0,1,1.0,1,0.22325892911020667,50
4168,1,6684,3346,3338,0,0,0,1.0,1,1.0,1,1.0,1,0.23953161694767552,50
4169,1,6685,3347,3338,0,0,0,1.0,1,1.0,1,1.0,1,0.24390316120595634,51
4170,0,6685,3347,3338,0,0,0,1.0,1,1.0,1,1.0,1,0.2579233647657862,50
4171,3,6688,3350,3338,0,0,0,1.0,1,1.0,1,1.0,1,0.2848102630840142,50
4172,0,6688,3350,3338,0,0,0,1.0,1,1.0,1,1.0,1,0.3035462840389888,49
4173,2,6690,3350,3340,0,0,0,1.0,1,1.0,1,1.0,1,0.2940367924298861,48
4174,3,6693,3351,3342,0,0,0,1.0,1,1.0,1,1.0,1,0.28222975020330293,48
4175,1,6694,3351,3343,0,0,0,1.0,1,1.0,1,1.0,1,0.25391706911595646,48
4176,2,6696,3351,3345,0,0,0,1.0,1,1.0,1,1.0,1,0.2365980101000227,50
4177,1,6697,3352,3345,0,0,0,1.0,1,1.0,1,1.0,1,0.24152661562953412,52
4178,1,6698,3353,3345,0,0,0,1.0,1,1.0,1,1.0,1,0.24482753687897713,53
4179,2,6700,3355,3345,0,0,0,1.0,1,1.0,1,1.0,1,0.25007107776504617,54
4180,3,6703,3355,3348,0,0,0,1.0,1,1.0,1,1.0,1,0.2255359509956491,55
4181,1,6704,3355,3349,0,0,0,1.0,1,1.0,1,1.0,1,0.2133741964439295,56
4182,1,6705,3355,3350,0,0,0,1.0,1,1.0,1,1.0,1,0.20053780817963157,56
4183,3,6708,3357,3351,0,0,0,1.0,1,1.0,1,1.0,1,0.19856539541553472,57
4184,3,6711,3359,3352,0,0,0,1.0,1,1.0,1,1.0,1,0.23327951684262022,57
4185,0,6711,3359,3352,0,0,0,1.0,1,1.0,1,1.0,1,0.2400769376212268,54
4186,2,6713,3361,3352,0,0,0,1.0,1,1.0,1,1.0,1,0.234728892905796,55
4187,2,6715,3361,3354,0,0,0,1.0,1,1.0,1,1.0,1,0.1980585076532294,53
4188,3,6718,3362,3356,0,0,0,1.0,1,1.0,1,1.0,1,0.17087037149245696,53
4189,2,6720,3364,3356,0,0,0,1.0,1,1.0,1,1.0,1,0.19793890953076118,53
4190,1,6721,3364,3357,0,0,0,1.0,1,1.0,1,1.0,1,0.18293236038699387,53
4191,0,6721,3364,3357,0,0,0,1.0,1,1.0,1,1.0,1,0.19106186862873292,51
4192,1,6722,3365,3357,0,0,0,1.0,1,1.0,1,1.0,1,0.22134794399893015,51
4193,2,6724,3367,3357,0,0,0,1.0,1,1.0,1,1.0,1,0.2516815245943453,50
4194,2,6726,3367,3359,0,0,0,1.0,1,1.0,1,1.0,1,0.21999023752547975,50
4195,1,6727,3368,3359,0,0,0,1.0,1,1.0,1,1.0,1,0.25518060618111477,50
4196,4,6731,3369,3362,0,0,0,1.0,1,1.0,1,1.0,1,0.2736775654077197,51
4197,0,6731,3369,3362,0,0,0,1.0,1,1.0,1,1.0,1,0.28751670703392,50
4198,0,6731,3369,3362,0,0,0,1.0,1,1.0,1,1.0,1,0.30845759921087107,48
4199,1,6732,3369,3363,0,0,0,1.0,1,1.0,1,1.0,1,0.32892348132007687,48
4200,3,6735,3370,3365,0,0,0,1.0,1,1.0,1,1.0,1,0.32238245145500977,48
4201,1,6736,3370,3366,0,0,0,1.0,1,1.0,1,1.0,1,0.32885622958729704,47
4202,0,6736,3370,3366,0,0,0,1.0,1,1.0,1,1.0,1,0.32885622958729704,47
4203,0,6736,3370,3366,0,0,0,1.0,1,1.0,1,1.0,1,0.32885622958729704,47
4204,3,6739,3372,3367,0,0,0,1.0,1,1.0,1,1.0,1,0.310156088067892,48
4205,1,6740,3372,3368,0,0,0,1.0,1,1.0,1,1.0,1,0.29065993693447856,49
4206,1,6741,3373,3368,0,0,0,1.0,1,1.0,1,1.0,1,0.3005575542584893,49
4207,0,6741,3373,3368,0,0,0,1.0,1,1.0,1,1.0,1,0.31910441169210557,48
4208,0,6741,3373,3368,0,0,0,1.0,1,1.0,1,1.0,1,0.3102776700718862,49
4209,5,6746,3375,3371,0,0,0,1.0,1,1.0,1,1.0,1,0.28320657840811575,51
4210,2,6748,3377,3371,0,0,0,1.0,1,1.0,1,1.0,1,0.3314310606393286,52
4211,1,6749,3377,3372,0,0,0,1.0,1,1.0,1,1.0,1,0.3352587089875348,53
4212,0,6749,3377,3372,0,0,0,1.0,1,1.0,1,1.0,1,0.3352587089875348,53
4213,1,6750,3377,3373,0,0,0,1.0,1,1.0,1,1.0,1,0.3294262050217931,54
4214,1,6751,3377,3374,0,0,0,1.0,1,1.0,1,1.0,1,0.3118156350990559,54
4215,1,6752,3378,3374,0,0,0,1.0,1,1.0,1,1.0,1,0.30399674871976534,54
4216,1,6753,3378,3375,0,0,0,1.0,1,1.0,1,1.0,1,0.31892943205555896,53
4217,4,6757,3380,3377,0,0,0,1.0,1,1.0,1,1.0,1,0.35008221791334665,54
4218,4,6761,3383,3378,0,0,0,1.0,1,1.0,1,1.0,1,0.3694060336889372,53
4219,2,6763,3383,3380,0,0,0,1.0,1,1.0,1,1.0,1,0.35185855401245597,53
4220,0,6763,3383,3380,0,0,0,1.0,1,1.0,1,1.0,1,0.3619492362631524,53
4221,0,6763,3383,3380,0,0,0,1.0,1,1.0,1,1.0,1,0.3673128508845642,54
4222,3,6766,3385,3381,0,0,0,1.0,1,1.0,1,1.0,1,0.36134446013257226,55
4223,5,6771,3386,3385,0,0,0,1.0,1,1.0,1,1.0,1,0.31717015148111855,56
4224,2,6773,3388,3385,0,0,0,1.0,1,1.0,1,1.0,1,0.33456962695194026,55
4225,1,6774,3389,3385,0,0,0,1.0,1,1.0,1,1.0,1,0.3341567282120977,53
4226,5,6779,3392,3387,0,0,0,1.0,1,1.0,1,1.0,1,0.3503519518497931,54
4227,1,6780,3393,3387,0,0,0,1.0,1,1.0,1,1.0,1,0.348299837877501,52
4228,3,6783,3396,3387,0,0,0,1.0,1,1.0,1,1.0,1,0.36491762375868425,51
4229,1,6784,3396,3388,0,0,0,1.0,1,1.0,1,1.0,1,0.3713044110124555,48
4230,1,6785,3397,3388,0,0,0,1.0,1,1.0,1,1.0,1,0.3906659752403058,48
4231,0,6785,3397,3388,0,0,0,1.0,1,1.0,1,1.0,1,0.3609046595598082,48
4232,0,6785,3397,3388,0,0,0,1.0,1,1.0,1,1.0,1,0.33814995087196387,48
4233,0,6785,3397,3388,0,0,0,1.0,1,1.0,1,1.0,1,0.31691030446796326,48
4234,3,6788,3399,3389,0,0,0,1.0,1,1.0,1,1.0,1,0.32428160990613675,49
4235,3,6791,3400,3391,0,0,0,1.0,1,1.0,1,1.0,1,0.2692042701285263,47
4236,1,6792,3401,3391,0,0,0,1.0,1,1.0,1,1.0,1,0.3102029204837586,47
4237,1,6793,3401,3392,0,0,0,1.0,1,1.0,1,1.0,1,0.29648159373606947,48
4238,1,6794,3401,3393,0,0,0,1.0,1,1.0,1,1.0,1,0.2965549801159385,47
4239,2,6796,3401,3395,0,0,0,1.0,1,1.0,1,1.0,1,0.29631243521169703,48
4240,5,6801,3402,3399,0,0,0,1.0,1,1.0,1,1.0,1,0.2566912269084555,47
4241,1,6802,3402,3400,0,0,0,1.0,1,1.0,1,1.0,1,0.25954402647956815,49
4242,4,6806,3402,3404,0,0,0,1.0,1,1.0,1,1.0,1,0.19267128091364652,49
4243,1,6807,3403,3404,0,0,0,1.0,1,1.0,1,1.0,1,0.20959370688350162,50
4244,1,6808,3403,3405,0,0,0,1.0,1,1.0,1,1.0,1,0.2233666771282516,51
4245,2,6810,3403,3407,0,0,0,1.0,1,1.0,1,1.0,1,0.24351255209767675,51
4246,1,6811,3403,3408,0,0,0,1.0,1,1.0,1,1.0,1,0.22999891198746344,51
4247,1,6812,3403,3409,0,0,0,1.0,1,1.0,1,1.0,1,0.23062986274880332,52
4248,1,6813,3403,3410,0,0,0,1.0,1,1.0,1,1.0,1,0.22093603086426816,52
4249,2,6815,3404,3411,0,0,0,1.0,1,1.0,1,1.0,1,0.21924466182879745,52
4250,1,6816,3404,3412,0,0,0,1.0,1,1.0,1,1.0,1,0.20958580779138308,52
4251,3,6819,3405,3414,0,0,0,1.0,1,1.0,1,1.0,1,0.2021550540955489,53
4252,3,6822,3408,3414,0,0,0,1.0,1,1.0,1,1.0,1,0.22682980742445213,53
4253,3,6825,3411,3414,0,0,0,1.0,1,1.0,1,1.0,1,0.2390183098594125,54
4254,2,6827,3411,3416,0,0,0,1.0,1,1.0,1,1.0,1,0.21228685183709564,54
4255,2,6829,3413,3416,0,0,0,1.0,1,1.0,1,1.0,1,0.24051171062275487,55
4256,3,6832,3414,3418,0,0,0,1.0,1,1.0,1,1.0,1,0.20207085427123087,57
4257,2,6834,3414,3420,0,0,0,1.0,1,1.0,1,1.0,1,0.18105431706764263,57
4258,2,6836,3414,3422,0,0,0,1.0,1,1.0,1,1.0,1,0.1687814714451412,57
4259,1,6837,3414,3423,0,0,0,1.0,1,1.0,1,1.0,1,0.1509535464355746,57
4260,2,6839,3415,3424,0,0,0,1.0,1,1.0,1,1.0,1,0.16600682026272215,58
4261,1,6840,3415,3425,0,0,0,1.0,1,1.0,1,1.0,1,0.15796273277718434,59
4262,1,6841,3416,3425,0,0,0,1.0,1,1.0,1,1.0,1,0.15941671705627483,60
4263,1,6842,3417,3425,0,0,0,1.0,1,1.0,1,1.0,1,0.15611951707746183,59
4264,1,6843,3418,3425,0,0,0,1.0,1,1.0,1,1.0,1,0.16573696285727682,58
4265,2,6845,3419,3426,0,0,0,1.0,1,1.0,1,1.0,1,0.13709910507260686,58
4266,2,6847,3420,3427,0,0,0,1.0,1,1.0,1,1.0,1,0.15013595078247602,58
4267,0,6847,3420,3427,0,0,0,1.0,1,1.0,1,1.0,1,0.15368216412050997,55
4268,3,6850,3422,3428,0,0,0,1.0,1,1.0,1,1.0,1,0.1827514091716251,55
4269,3,6853,3425,3428,0,0,0,1.0,1,1.0,1,1.0,1,0.23024949440011103,50
4270,3,6856,3426,3430,0,0,0,1.0,1,1.0,1,1.0,1,0.23832485398351083,47
4271,1,6857,3426,3431,0,0,0,1.0,1,1.0,1,1.0,1,0.2257917757139561,47
4272,0,6857,3426,3431,0,0,0,1.0,1,1.0,1,1.0,1,0.27014254633852414,46
4273,5,6862,3429,3433,0,0,0,1.0,1,1.0,1,1.0,1,0.28091412350450684,47
4274,3,6865,3430,3435,0,0,0,1.0,1,1.0,1,1.0,1,0.26105065072867056,45
4275,8,6873,3434,3439,0,0,0,1.0,1,1.0,1,1.0,1,0.26395203984634014,44
4276,2,6875,3434,3441,0,0,0,1.0,1,1.0,1,1.0,1,0.21350067872420395,43
4277,4,6879,3437,3442,0,0,0,1.0,1,1.0,1,1.0,1,0.1933621966972804,42
4278,2,6881,3438,3443,0,0,0,1.0,1,1.0,1,1.0,1,0.1881924741376467,43
4279,3,6884,3441,3443,0,0,0,1.0,1,1.0,1,1.0,1,0.23301604824947741,42
4280,3,6887,3443,3444,0,0,0,1.0,1,1.0,1,1.0,1,0.27232736040846856,44
4281,5,6892,3444,3448,0,0,0,1.0,1,1.0,1,1.0,1,0.22114950891047075,44
4282,0,6892,3444,3448,0,0,0,1.0,1,1.0,1,1.0,1,0.22114950891047075,44
4283,0,6892,3444,3448,0,0,0,1.0,1,1.0,1,1.0,1,0.20791553947315808,45
4284,1,6893,3444,3449,0,0,0,1.0,1,1.0,1,1.0,1,0.17610908463741484,45
4285,0,6893,3444,3449,0,0,0,1.0,1,1.0,1,1.0,1,0.14973127666387948,47
4286,0,6893,3444,3449,0,0,0,1.0,1,1.0,1,1.0,1,0.14973127666387948,47
4287,0,6893,3444,3449,0,0,0,1.0,1,1.0,1,1.0,1,0.15288482200589987,49
4288,1,6894,3444,3450,0,0,0,1.0,1,1.0,1,1.0,1,0.11300468812055914,49
4289,0,6894,3444,3450,0,0,0,1.0,1,1.0,1,1.0,1,0.11577541545524246,50
4290,2,6896,3445,3451,0,0,0,1.0,1,1.0,1,1.0,1,0.1409107502879071,51
4291,3,6899,3447,3452,0,0,0,1.0,1,1.0,1,1.0,1,0.1528916865159054,50
4292,1,6900,3448,3452,0,0,0,1.0,1,1.0,1,1.0,1,0.19478221537743431,51
4293,1,6901,3448,3453,0,0,0,1.0,1,1.0,1,1.0,1,0.1653991855898208,51
4294,0,6901,3448,3453,0,0,0,1.0,1,1.0,1,1.0,1,0.1866920071550611,50
4295,1,6902,3449,3453,0,0,0,1.0,1,1.0,1,1.0,1,0.19621904828817702,50
4296,2,6904,3449,3455,0,0,0,1.0,1,1.0,1,1.0,1,0.16651725032646084,49
4297,1,6905,3449,3456,0,0,0,1.0,1,1.0,1,1.0,1,0.16874140686403938,49
4298,1,6906,3450,3456,0,0,0,1.0,1,1.0,1,1.0,1,0.1786151447166005,49
4299,0,6906,3450,3456,0,0,0,1.0,1,1.0,1,1.0,1,0.17797993468022527,48
4300,2,6908,3451,3457,0,0,0,1.0,1,1.0,1,1.0,1,0.15903991811845372,49
4301,1,6909,3452,3457,0,0,0,1.0,1,1.0,1,1.0,1,0.17422328906402942,50
4302,1,6910,3452,3458,0,0,0,1.0,1,1.0,1,1.0,1,0.17599110877147567,51
4303,3,6913,3454,3459,0,0,0,1.0,1,1.0,1,1.0,1,0.18464516034760894,51
4304,3,6916,3457,3459,0,0,0,1.0,1,1.0,1,1.0,1,0.22513213744389132,51
4305,4,6920,3459,3461,0,0,0,1.0,1,1.0,1,1.0,1,0.20112968322018596,49
4306,5,6925,3463,3462,0,0,0,1.0,1,1.0,1,1.0,1,0.22730755209735656,49
4307,5,6930,3467,3463,0,0,0,1.0,1,1.0,1,1.0,1,0.16104192895381295,46
4308,4,6934,3469,3465,0,0,0,1.0,1,1.0,1,1.0,1,0.15388851882936616,44
4309,4,6938,3472,3466,0,0,0,1.0,1,1.0,1,1.0,1,0.2151052070659043,44
4310,0,6938,3472,3466,0,0,0,1.0,1,1.0,1,1.0,1,0.20825308650385316,42
4311,1,6939,3473,3466,0,0,0,1.0,1,1.0,1,1.0,1,0.19564707747631088,42
4312,2,6941,3474,3467,0,0,0,1.0,1,1.0,1,1.0,1,0.15725827990784846,40
4313,0,6941,3474,3467,0,0,0,1.0,1,1.0,1,1.0,1,0.15725827990784846,40
4314,1,6942,3474,3468,0,0,0,1.0,1,1.0,1,1.0,1,0.18178523105006947,36
4315,2,6944,3475,3469,0,0,0,1.0,1,1.0,1,1.0,1,0.1356582308780579,37
4316,3,6947,3477,3470,0,0,0,1.0,1,1.0,1,1.0,1,0.22784939648903293,37
4317,5,6952,3481,3471,0,0,0,1.0,1,1.0,1,1.0,1,0.3086759119997355,36
4318,1,6953,3482,3471,0,0,0,1.0,1,1.0,1,1.0,1,0.3112850563617681,34
4319,0,6953,3482,3471,0,0,0,1.0,1,1.0,1,1.0,1,0.2960764540208347,34
4320,0,6953,3482,3471,0,0,0,1.0,1,1.0,1,1.0,1,0.2960764540208347,34
4321,0,6953,3482,3471,0,0,0,1.0,1,1.0,1,1.0,1,0.3472913901241052,35
4322,0,6953,3482,3471,0,0,0,1.0,1,1.0,1,1.0,1,0.3472913901241052,35
4323,0,6953,3482,3471,0,0,0,1.0,1,1.0,1,1.0,1,0.3472913901241052,35
4324,4,6957,3483,3474,0,0,0,1.0,1,1.0,1,1.0,1,0.26172038422325394,34
4325,0,6957,3483,3474,0,0,0,1.0,1,1.0,1,1.0,1,0.26172038422325394,34
4326,2,6959,3484,3475,0,0,0,1.0,1,1.0,1,1.0,1,0.26848420120915534,36
4327,1,6960,3484,3476,0,0,0,1.0,1,1.0,1,1.0,1,0.23754794196444107,35
4328,1,6961,3485,3476,0,0,0,1.0,1,1.0,1,1.0,1,0.23921303615332892,35
4329,4,6965,3486,3479,0,0,0,1.0,1,1.0,1,1.0,1,0.18302096395262837,38
4330,3,6968,3488,3480,0,0,0,1.0,1,1.0,1,1.0,1,0.2471907602447287,38
4331,0,6968,3488,3480,0,0,0,1.0,1,1.0,1,1.0,1,0.2585189797377217,39
4332,0,6968,3488,3480,0,0,0,1.0,1,1.0,1,1.0,1,0.26389766493917177,40
4333,0,6968,3488,3480,0,0,0,1.0,1,1.0,1,1.0,1,0.23983438168846774,41
4334,1,6969,3489,3480,0,0,0,1.0,1,1.0,1,1.0,1,0.23304001398732194,41
4335,2,6971,3491,3480,0,0,0,1.0,1,1.0,1,1.0,1,0.1742012165789865,42
4336,0,6971,3491,3480,0,0,0,1.0,1,1.0,1,1.0,1,0.18680322885104683,43
4337,0,6971,3491,3480,0,0,0,1.0,1,1.0,1,1.0,1,0.17569514531151342,44
4338,0,6971,3491,3480,0,0,0,1.0,1,1.0,1,1.0,1,0.17569514531151342,44
4339,6,6977,3495,3482,0,0,0,1.0,1,1.0,1,1.0,1,0.15999775195774152,46
4340,1,6978,3495,3483,0,0,0,1.0,1,1.0,1,1.0,1,0.1435116958993834,47
4341,1,6979,3496,3483,0,0,0,1.0,1,1.0,1,1.0,1,0.15422297446390065,47
4342,6,6985,3500,3485,0,0,0,1.0,1,1.0,1,1.0,1,0.2191562445661831,47
4343,0,6985,3500,3485,0,0,0,1.0,1,1.0,1,1.0,1,0.20301523988517683,42
4344,3,6988,3502,3486,0,0,0,1.0,1,1.0,1,1.0,1,0.23196498209771177,42
4345,3,6991,3504,3487,0,0,0,1.0,1,1.0,1,1.0,1,0.24293102684355528,39
4346,3,6994,3506,3488,0,0,0,1.0,1,1.0,1,1.0,1,0.28523513079638824,37
4347,1,6995,3507,3488,0,0,0,1.0,1,1.0,1,1.0,1,0.3369921824644324,37
4348,3,6998,3510,3488,0,0,0,1.0,1,1.0,1,1.0,1,0.43138409829537006,38
4349,4,7002,3510,3492,0,0,0,1.0,1,1.0,1,1.0,1,0.31279975076471833,36
4350,2,7004,3511,3493,0,0,0,1.0,1,1.0,1,1.0,1,0.33438496901226045,37
4351,1,7005,3512,3493,0,0,0,1.0,1,1.0,1,1.0,1,0.36169249996494957,35
4352,1,7006,3513,3493,0,0,0,1.0,1,1.0,1,1.0,1,0.38948886167307106,34
4353,1,7007,3513,3494,0,0,0,1.0,1,1.0,1,1.0,1,0.37328836804767807,34
4354,2,7009,3513,3496,0,0,0,1.0,1,1.0,1,1.0,1,0.35993123821881506,32
4355,2,7011,3513,3498,0,0,0,1.0,1,1.0,1,1.0,1,0.27432770458499434,32
4356,2,7013,3515,3498,0,0,0,1.0,1,1.0,1,1.0,1,0.26963147137264165,34
4357,1,7014,3515,3499,0,0,0,1.0,1,1.0,1,1.0,1,0.2361472387962558,35
4358,2,7016,3517,3499,0,0,0,1.0,1,1.0,1,1.0,1,0.280018654181253,35
4359,4,7020,3518,3502,0,0,0,1.0,1,1.0,1,1.0,1,0.20654373575963986,37
4360,0,7020,3518,3502,0,0,0,1.0,1,1.0,1,1.0,1,0.2256794441724828,38
4361,0,7020,3518,3502,0,0,0,1.0,1,1.0,1,1.0,1,0.18844773248572294,39
4362,2,7022,3520,3502,0,0,0,1.0,1,1.0,1,1.0,1,0.24205621076539213,38
4363,0,7022,3520,3502,0,0,0,1.0,1,1.0,1,1.0,1,0.24205621076539213,38
4364,3,7025,3521,3504,0,0,0,1.0,1,1.0,1,1.0,1,0.17266468466730522,39
4365,0,7025,3521,3504,0,0,0,1.0,1,1.0,1,1.0,1,0.17266468466730522,39
4366,1,7026,3522,3504,0,0,0,1.0,1,1.0,1,1.0,1,0.16397537861356706,39
4367,0,7026,3522,3504,0,0,0,1.0,1,1.0,1,1.0,1,0.17576751794066753,41
4368,1,7027,3523,3504,0,0,0,1.0,1,1.0,1,1.0,1,0.20215525849809987,41
4369,0,7027,3523,3504,0,0,0,1.0,1,1.0,1,1.0,1,0.21309856301621244,42
4370,0,7027,3523,3504,0,0,0,1.0,1,1.0,1,1.0,1,0.21309856301621244,42
4371,0,7027,3523,3504,0,0,0,1.0,1,1.0,1,1.0,1,0.23112136254042237,43
4372,1,7028,3524,3504,0,0,0,1.0,1,1.0,1,1.0,1,0.23306820422783442,43
4373,2,7030,3524,3506,0,0,0,1.0,1,1.0,1,1.0,1,0.21359401116487198,43
4374,2,7032,3524,3508,0,0,0,1.0,1,1.0,1,1.0,1,0.18463218378539062,44
4375,1,7033,3525,3508,0,0,0,1.0,1,1.0,1,1.0,1,0.21748659744835824,45
4376,0,7033,3525,3508,0,0,0,1.0,1,1.0,1,1.0,1,0.22081945859964,46
4377,3,7036,3528,3508,0,0,0,1.0,1,1.0,1,1.0,1,0.25673394560229146,47
4378,2,7038,3528,3510,0,0,0,1.0,1,1.0,1,1.0,1,0.23520693774233808,49
4379,2,7040,3530,3510,0,0,0,1.0,1,1.0,1,1.0,1,0.25065010470747745,51
4380,3,7043,3531,3512,0,0,0,1.0,1,1.0,1,1.0,1,0.25996605837718556,50
4381,5,7048,3533,3515,0,0,0,1.0,1,1.0,1,1.0,1,0.2558098509357532,49
4382,4,7052,3535,3517,0,0,0,1.0,1,1.0,1,1.0,1,0.24840631916853903,47
4383,4,7056,3538,3518,0,0,0,1.0,1,1.0,1,1.0,1,0.266325649508155,47
4384,2,7058,3539,3519,0,0,0,1.0,1,1.0,1,1.0,1,0.27361199364363586,44
4385,2,7060,3541,3519,0,0,0,1.0,1,1.0,1,1.0,1,0.2666615513568445,42
4386,2,7062,3542,3520,0,0,0,1.0,1,1.0,1,1.0,1,0.3228312951765235,41
4387,0,7062,3542,3520,0,0,0,1.0,1,1.0,1,1.0,1,0.29938836281393116,39
4388,1,7063,3542,3521,0,0,0,1.0,1,1.0,1,1.0,1,0.2711495641903132,39
4389,5,7068,3545,3523,0,0,0,1.0,1,1.0,1,1.0,1,0.29226721191646565,38
4390,2,7070,3545,3525,0,0,0,1.0,1,1.0,1,1.0,1,0.2179247972859877,38
4391,0,7070,3545,3525,0,0,0,1.0,1,1.0,1,1.0,1,0.20880626464331348,39
4392,0,7070,3545,3525,0,0,0,1.0,1,1.0,1,1.0,1,0.20880626464331348,39
4393,0,7070,3545,3525,0,0,0,1.0,1,1.0,1,1.0,1,0.2006700285167499,40
4394,0,7070,3545,3525,0,0,0,1.0,1,1.0,1,1.0,1,0.22454723561491638,39
4395,1,7071,3546,3525,0,0,0,1.0,1,1.0,1,1.0,1,0.2314961509077799,39
4396,1,7072,3546,3526,0,0,0,1.0,1,1.0,1,1.0,1,0.20587075121399137,39
4397,2,7074,3547,3527,0,0,0,1.0,1,1.0,1,1.0,1,0.2139177615313464,38
4398,0,7074,3547,3527,0,0,0,1.0,1,1.0,1,1.0,1,0.20981096496879345,39
4399,0,7074,3547,3527,0,0,0,1.0,1,1.0,1,1.0,1,0.22723307368025622,42
4400,0,7074,3547,3527,0,0,0,1.0,1,1.0,1,1.0,1,0.23435927789900607,43
4401,0,7074,3547,3527,0,0,0,1.0,1,1.0,1,1.0,1,0.22665240373503936,44
4402,0,7074,3547,3527,0,0,0,1.0,1,1.0,1,1.0,1,0.22665240373503936,44
4403,0,7074,3547,3527,0,0,0,1.0,1,1.0,1,1.0,1,0.21968029220229915,45
4404,0,7074,3547,3527,0,0,0,1.0,1,1.0,1,1.0,1,0.21968029220229915,45
4405,1,7075,3547,3528,0,0,0,1.0,1,1.0,1,1.0,1,0.22256724457897942,46
4406,0,7075,3547,3528,0,0,0,1.0,1,1.0,1,1.0,1,0.22256724457897942,46
4407,0,7075,3547,3528,0,0,0,1.0,1,1.0,1,1.0,1,0.22256724457897942,46
4408,0,7075,3547,3528,0,0,0,1.0,1,1.0,1,1.0,1,0.2245477702661402,47
4409,1,7076,3548,3528,0,0,0,1.0,1,1.0,1,1.0,1,0.2548791802451552,48
4410,0,7076,3548,3528,0,0,0,1.0,1,1.0,1,1.0,1,0.2548791802451552,48
4411,1,7077,3548,3529,0,0,0,1.0,1,1.0,1,1.0,1,0.24785466716188587,50
4412,2,7079,3549,3530,0,0,0,1.0,1,1.0,1,1.0,1,0.2550319796706881,50
4413,2,7081,3549,3532,0,0,0,1.0,1,1.0,1,1.0,1,0.23909347545933798,50
4414,1,7082,3550,3532,0,0,0,1.0,1,1.0,1,1.0,1,0.2302750402467384,51
4415,1,7083,3551,3532,0,0,0,1.0,1,1.0,1,1.0,1,0.23470857060356448,51
4416,1,7084,3551,3533,0,0,0,1.0,1,1.0,1,1.0,1,0.2246150941137976,51
4417,4,7088,3553,3535,0,0,0,1.0,1,1.0,1,1.0,1,0.22134943801479331,51
4418,1,7089,3553,3536,0,0,0,1.0,1,1.0,1,1.0,1,0.22674200262560704,51
4419,0,7089,3553,3536,0,0,0,1.0,1,1.0,1,1.0,1,0.22064608285095694,50
4420,1,7090,3554,3536,0,0,0,1.0,1,1.0,1,1.0,1,0.24469315790741164,50
4421,3,7093,3554,3539,0,0,0,1.0,1,1.0,1,1.0,1,0.18412997171597853,52
4422,0,7093,3554,3539,0,0,0,1.0,1,1.0,1,1.0,1,0.20767449784035483,51
4423,0,7093,3554,3539,0,0,0,1.0,1,1.0,1,1.0,1,0.20767449784035483,51
4424,0,7093,3554,3539,0,0,0,1.0,1,1.0,1,1.0,1,0.217997583294707,53
4425,0,7093,3554,3539,0,0,0,1.0,1,1.0,1,1.0,1,0.2181014123136409,54
4426,3,7096,3555,3541,0,0,0,1.0,1,1.0,1,1.0,1,0.18710516126814003,55
4427,0,7096,3555,3541,0,0,0,1.0,1,1.0,1,1.0,1,0.18710516126814003,55
4428,0,7096,3555,3541,0,0,0,1.0,1,1.0,1,1.0,1,0.18710516126814003,55
4429,2,7098,3556,3542,0,0,0,1.0,1,1.0,1,1.0,1,0.1723161487954846,56
4430,1,7099,3556,3543,0,0,0,1.0,1,1.0,1,1.0,1,0.15570879545752336,55
4431,1,7100,3557,3543,0,0,0,1.0,1,1.0,1,1.0,1,0.17565345273679103,56
4432,1,7101,3557,3544,0,0,0,1.0,1,1.0,1,1.0,1,0.16110085247217457,56
4433,1,7102,3557,3545,0,0,0,1.0,1,1.0,1,1.0,1,0.16899740500363425,57
4434,1,7103,3557,3546,0,0,0,1.0,1,1.0,1,1.0,1,0.1751867700982358,56
4435,2,7105,3558,3547,0,0,0,1.0,1,1.0,1,1.0,1,0.17442452235364286,56
4436,4,7109,3561,3548,0,0,0,1.0,1,1.0,1,1.0,1,0.15164627715804418,55
4437,0,7109,3561,3548,0,0,0,1.0,1,1.0,1,1.0,1,0.15928237003878204,54
4438,2,7111,3563,3548,0,0,0,1.0,1,1.0,1,1.0,1,0.20882298574167082,54
4439,4,7115,3563,3552,0,0,0,1.0,1,1.0,1,1.0,1,0.1637275559806034,55
4440,1,7116,3564,3552,0,0,0,1.0,1,1.0,1,1.0,1,0.1720490041307148,55
4441,2,7118,3566,3552,0,0,0,1.0,1,1.0,1,1.0,1,0.17284070409570132,59
4442,1,7119,3567,3552,0,0,0,1.0,1,1.0,1,1.0,1,0.1893955785688078,61
4443,4,7123,3569,3554,0,0,0,1.0,1,1.0,1,1.0,1,0.2013172897040381,60
4444,4,7127,3569,3558,0,0,0,1.0,1,1.0,1,1.0,1,0.17061436675981928,61
4445,0,7127,3569,3558,0,0,0,1.0,1,1.0,1,1.0,1,0.17061436675981928,61
4446,2,7129,3570,3559,0,0,0,1.0,1,1.0,1,1.0,1,0.18193516977709803,62
4447,0,7129,3570,3559,0,0,0,1.0,1,1.0,1,1.0,1,0.17714548726955515,63
4448,0,7129,3570,3559,0,0,0,1.0,1,1.0,1,1.0,1,0.17714548726955515,63
4449,0,7129,3570,3559,0,0,0,1.0,1,1.0,1,1.0,1,0.17714548726955515,63
4450,0,7129,3570,3559,0,0,0,1.0,1,1.0,1,1.0,1,0.17636192974869316,62
4451,0,7129,3570,3559,0,0,0,1.0,1,1.0,1,1.0,1,0.17698319630142337,63
4452,0,7129,3570,3559,0,0,0,1.0,1,1.0,1,1.0,1,0.18454349686073723,64
4453,0,7129,3570,3559,0,0,0,1.0,1,1.0,1,1.0,1,0.19181810137295985,65
4454,0,7129,3570,3559,0,0,0,1.0,1,1.0,1,1.0,1,0.18849410768950076,66
4455,1,7130,3570,3560,0,0,0,1.0,1,1.0,1,1.0,1,0.17186571166813522,67
4456,3,7133,3571,3562,0,0,0,1.0,1,1.0,1,1.0,1,0.14779943797676004,67
4457,6,7139,3572,3567,0,0,0,1.0,1,1.0,1,1.0,1,0.1350513968891929,65
4458,0,7139,3572,3567,0,0,0,1.0,1,1.0,1,1.0,1,0.15403322753465826,65
4459,3,7142,3575,3567,0,0,0,1.0,1,1.0,1,1.0,1,0.22538634362463147,64
4460,0,7142,3575,3567,0,0,0,1.0,1,1.0,1,1.0,1,0.24298893718880876,63
4461,4,7146,3577,3569,0,0,0,1.0,1,1.0,1,1.0,1,0.2612972827497283,62
4462,7,7153,3583,3570,0,0,0,1.0,1,1.0,1,1.0,1,0.3351504103940531,61
4463,7,7160,3584,3576,0,0,0,1.0,1,1.0,1,1.0,1,0.2726571021103549,61
4464,3,7163,3587,3576,0,0,0,1.0,1,1.0,1,1.0,1,0.282927933948694,58
4465,3,7166,3588,3578,0,0,0,1.0,1,1.0,1,1.0,1,0.2797477029070093,57
4466,3,7169,3590,3579,0,0,0,1.0,1,1.0,1,1.0,1,0.2832367901823625,54
4467,3,7172,3591,3581,0,0,0,1.0,1,1.0,1,1.0,1,0.2533339126124871,52
4468,2,7174,3592,3582,0,0,0,1.0,1,1.0,1,1.0,1,0.24909293641113892,52
4469,2,7176,3592,3584,0,0,0,1.0,1,1.0,1,1.0,1,0.223263122838081,51
4470,1,7177,3592,3585,0,0,0,1.0,1,1.0,1,1.0,1,0.19960435675540375,51
4471,1,7178,3592,3586,0,0,0,1.0,1,1.0,1,1.0,1,0.16757162221146002,50
4472,1,7179,3592,3587,0,0,0,1.0,1,1.0,1,1.0,1,0.15693032479325417,48
4473,0,7179,3592,3587,0,0,0,1.0,1,1.0,1,1.0,1,0.16709731763486121,47
4474,3,7182,3595,3587,0,0,0,1.0,1,1.0,1,1.0,1,0.16809630350559018,49
4475,2,7184,3596,3588,0,0,0,1.0,1,1.0,1,1.0,1,0.21765060186755997,47
4476,4,7188,3598,3590,0,0,0,1.0,1,1.0,1,1.0,1,0.18907951313762128,49
4477,2,7190,3598,3592,0,0,0,1.0,1,1.0,1,1.0,1,0.1722897446518913,48
4478,0,7190,3598,3592,0,0,0,1.0,1,1.0,1,1.0,1,0.1722897446518913,48
4479,0,7190,3598,3592,0,0,0,1.0,1,1.0,1,1.0,1,0.1722897446518913,48
4480,2,7192,3598,3594,0,0,0,1.0,1,1.0,1,1.0,1,0.13923436561806757,49
4481,0,7192,3598,3594,0,0,0,1.0,1,1.0,1,1.0,1,0.1398634762401478,49
4482,0,7192,3598,3594,0,0,0,1.0,1,1.0,1,1.0,1,0.1398634762401478,49
4483,1,7193,3599,3594,0,0,0,1.0,1,1.0,1,1.0,1,0.14519420264983435,50
4484,1,7194,3600,3594,0,0,0,1.0,1,1.0,1,1.0,1,0.1712501152633208,52
4485,1,7195,3600,3595,0,0,0,1.0,1,1.0,1,1.0,1,0.1555872442368784,53
4486,3,7198,3601,3597,0,0,0,1.0,1,1.0,1,1.0,1,0.15509818370212547,55
4487,2,7200,3603,3597,0,0,0,1.0,1,1.0,1,1.0,1,0.15600086156213921,55
4488,0,7200,3603,3597,0,0,0,1.0,1,1.0,1,1.0,1,0.16097097197536472,54
4489,2,7202,3604,3598,0,0,0,1.0,1,1.0,1,1.0,1,0.19827635175614713,53
4490,2,7204,3605,3599,0,0,0,1.0,1,1.0,1,1.0,1,0.19482995784575824,53
4491,0,7204,3605,3599,0,0,0,1.0,1,1.0,1,1.0,1,0.21185943438172114,52
4492,0,7204,3605,3599,0,0,0,1.0,1,1.0,1,1.0,1,0.21185943438172114,52
4493,2,7206,3606,3600,0,0,0,1.0,1,1.0,1,1.0,1,0.26292566893222064,52
4494,5,7211,3606,3605,0,0,0,1.0,1,1.0,1,1.0,1,0.19806734892755853,53
4495,3,7214,3609,3605,0,0,0,1.0,1,1.0,1,1.0,1,0.2310513481118951,50
4496,3,7217,3611,3606,0,0,0,1.0,1,1.0,1,1.0,1,0.27494483815526966,51
4497,8,7225,3613,3612,0,0,0,1.0,1,1.0,1,1.0,1,0.2309080081555093,50
4498,3,7228,3615,3613,0,0,0,1.0,1,1.0,1,1.0,1,0.23655168731501858,49
4499,1,7229,3615,3614,0,0,0,1.0,1,1.0,1,1.0,1,0.20288839396019398,48
4500,1,7230,3616,3614,0,0,0,1.0,1,1.0,1,1.0,1,0.1904587795046853,48
4501,2,7232,3617,3615,0,0,0,1.0,1,1.0,1,1.0,1,0.1882106041066626,48
4502,1,7233,3618,3615,0,0,0,1.0,1,1.0,1,1.0,1,0.19367425586847686,49
4503,2,7235,3620,3615,0,0,0,1.0,1,1.0,1,1.0,1,0.21817126144835566,49
4504,3,7238,3622,3616,0,0,0,1.0,1,1.0,1,1.0,1,0.23845959550675705,45
4505,3,7241,3623,3618,0,0,0,1.0,1,1.0,1,1.0,1,0.23152032444466508,46
4506,3,7244,3626,3618,0,0,0,1.0,1,1.0,1,1.0,1,0.29322147412545035,45
4507,5,7249,3627,3622,0,0,0,1.0,1,1.0,1,1.0,1,0.2534593956969074,45
4508,1,7250,3628,3622,0,0,0,1.0,1,1.0,1,1.0,1,0.2459439763617593,43
4509,1,7251,3628,3623,0,0,0,1.0,1,1.0,1,1.0,1,0.23195818500923115,41
4510,1,7252,3629,3623,0,0,0,1.0,1,1.0,1,1.0,1,0.2436474362856733,42
4511,1,7253,3630,3623,0,0,0,1.0,1,1.0,1,1.0,1,0.25026675607385657,41
4512,1,7254,3630,3624,0,0,0,1.0,1,1.0,1,1.0,1,0.2264487903431491,41
4513,1,7255,3631,3624,0,0,0,1.0,1,1.0,1,1.0,1,0.1950112970118832,41
4514,3,7258,3634,3624,0,0,0,1.0,1,1.0,1,1.0,1,0.2359319162302423,42
4515,1,7259,3635,3624,0,0,0,1.0,1,1.0,1,1.0,1,0.2715285878171246,41
4516,4,7263,3635,3628,0,0,0,1.0,1,1.0,1,1.0,1,0.25040547224103615,42
4517,0,7263,3635,3628,0,0,0,1.0,1,1.0,1,1.0,1,0.25446508595341666,43
4518,0,7263,3635,3628,0,0,0,1.0,1,1.0,1,1.0,1,0.2681622059970109,42
4519,3,7266,3637,3629,0,0,0,1.0,1,1.0,1,1.0,1,0.30089391190958464,42
4520,1,7267,3637,3630,0,0,0,1.0,1,1.0,1,1.0,1,0.30251961079003,42
4521,4,7271,3638,3633,0,0,0,1.0,1,1.0,1,1.0,1,0.2712102940931153,42
4522,0,7271,3638,3633,0,0,0,1.0,1,1.0,1,1.0,1,0.2712102940931153,42
4523,0,7271,3638,3633,0,0,0,1.0,1,1.0,1,1.0,1,0.2712102940931153,42
4524,3,7274,3640,3634,0,0,0,1.0,1,1.0,1,1.0,1,0.2510047681231157,43
4525,2,7276,3640,3636,0,0,0,1.0,1,1.0,1,1.0,1,0.22257611283374612,46
4526,3,7279,3642,3637,0,0,0,1.0,1,1.0,1,1.0,1,0.20517245903533093,46
4527,3,7282,3643,3639,0,0,0,1.0,1,1.0,1,1.0,1,0.18577681388963793,47
4528,1,7283,3643,3640,0,0,0,1.0,1,1.0,1,1.0,1,0.1916562108734699,49
4529,2,7285,3644,3641,0,0,0,1.0,1,1.0,1,1.0,1,0.15776959989686773,50
4530,1,7286,3645,3641,0,0,0,1.0,1,1.0,1,1.0,1,0.15091279490545118,51
4531,1,7287,3646,3641,0,0,0,1.0,1,1.0,1,1.0,1,0.16243708675421334,51
4532,3,7290,3647,3643,0,0,0,1.0,1,1.0,1,1.0,1,0.1788179257375646,51
4533,0,7290,3647,3643,0,0,0,1.0,1,1.0,1,1.0,1,0.18656660292066848,50
4534,1,7291,3647,3644,0,0,0,1.0,1,1.0,1,1.0,1,0.17349562029755194,51
4535,1,7292,3648,3644,0,0,0,1.0,1,1.0,1,1.0,1,0.18506644386298846,50
4536,0,7292,3648,3644,0,0,0,1.0,1,1.0,1,1.0,1,0.2125977980639421,48
4537,1,7293,3648,3645,0,0,0,1.0,1,1.0,1,1.0,1,0.2049497569470118,49
4538,3,7296,3648,3648,0,0,0,1.0,1,1.0,1,1.0,1,0.19178121876447551,48
4539,3,7299,3649,3650,0,0,0,1.0,1,1.0,1,1.0,1,0.23167480571298202,50
4540,0,7299,3649,3650,0,0,0,1.0,1,1.0,1,1.0,1,0.2208595163952546,49
4541,2,7301,3651,3650,0,0,0,1.0,1,1.0,1,1.0,1,0.24681841629512874,49
4542,3,7304,3654,3650,0,0,0,1.0,1,1.0,1,1.0,1,0.3170418140881307,47
4543,2,7306,3654,3652,0,0,0,1.0,1,1.0,1,1.0,1,0.28126066576128167,45
4544,1,7307,3655,3652,0,0,0,1.0,1,1.0,1,1.0,1,0.2904561715748152,45
4545,3,7310,3657,3653,0,0,0,1.0,1,1.0,1,1.0,1,0.31842932430781945,43
4546,3,7313,3658,3655,0,0,0,1.0,1,1.0,1,1.0,1,0.3145404141887473,43
4547,3,7316,3659,3657,0,0,0,1.0,1,1.0,1,1.0,1,0.30770149537148656,41
4548,2,7318,3660,3658,0,0,0,1.0,1,1.0,1,1.0,1,0.30420369421398147,42
4549,0,7318,3660,3658,0,0,0,1.0,1,1.0,1,1.0,1,0.2672972999211733,41
4550,1,7319,3661,3658,0,0,0,1.0,1,1.0,1,1.0,1,0.2858848818967172,41
4551,0,7319,3661,3658,0,0,0,1.0,1,1.0,1,1.0,1,0.27327570346485447,39
4552,0,7319,3661,3658,0,0,0,1.0,1,1.0,1,1.0,1,0.272351916550664,38
4553,2,7321,3662,3659,0,0,0,1.0,1,1.0,1,1.0,1,0.2868947001627599,39
4554,1,7322,3663,3659,0,0,0,1.0,1,1.0,1,1.0,1,0.3134777634545613,38
4555,2,7324,3664,3660,0,0,0,1.0,1,1.0,1,1.0,1,0.32791127306133294,37
4556,1,7325,3664,3661,0,0,0,1.0,1,1.0,1,1.0,1,0.30405374281909914,36
4557,2,7327,3664,3663,0,0,0,1.0,1,1.0,1,1.0,1,0.2452685475458794,38
4558,2,7329,3665,3664,0,0,0,1.0,1,1.0,1,1.0,1,0.2651822698786493,39
4559,1,7330,3665,3665,0,0,0,1.0,1,1.0,1,1.0,1,0.27461562790830607,38
4560,1,7331,3666,3665,0,0,0,1.0,1,1.0,1,1.0,1,0.3176712031580557,41
4561,1,7332,3666,3666,0,0,0,1.0,1,1.0,1,1.0,1,0.3039276846841028,41
4562,1,7333,3667,3666,0,0,0,1.0,1,1.0,1,1.0,1,0.3075061209630604,43
4563,0,7333,3667,3666,0,0,0,1.0,1,1.0,1,1.0,1,0.29808618218725125,42
4564,1,7334,3667,3667,0,0,0,1.0,1,1.0,1,1.0,1,0.2862030373346317,43
4565,2,7336,3667,3669,0,0,0,1.0,1,1.0,1,1.0,1,0.26458052760744466,44
4566,1,7337,3668,3669,0,0,0,1.0,1,1.0,1,1.0,1,0.25059639838829456,45
4567,3,7340,3670,3670,0,0,0,1.0,1,1.0,1,1.0,1,0.21727938278969502,47
4568,1,7341,3671,3670,0,0,0,1.0,1,1.0,1,1.0,1,0.21319944274929253,47
4569,4,7345,3672,3673,0,0,0,1.0,1,1.0,1,1.0,1,0.19068695478662137,49
4570,1,7346,3673,3673,0,0,0,1.0,1,1.0,1,1.0,1,0.19858806878511168,49
4571,1,7347,3674,3673,0,0,0,1.0,1,1.0,1,1.0,1,0.21763744892010903,48
4572,1,7348,3674,3674,0,0,0,1.0,1,1.0,1,1.0,1,0.2056216618457044,48
4573,0,7348,3674,3674,0,0,0,1.0,1,1.0,1,1.0,1,0.2056216618457044,48
4574,1,7349,3675,3674,0,0,0,1.0,1,1.0,1,1.0,1,0.2325125271065123,50
4575,3,7352,3676,3676,0,0,0,1.0,1,1.0,1,1.0,1,0.26943889683542477,51
4576,0,7352,3676,3676,0,0,0,1.0,1,1.0,1,1.0,1,0.2533496642660199,48
4577,1,7353,3676,3677,0,0,0,1.0,1,1.0,1,1.0,1,0.26776924485025694,47
4578,2,7355,3677,3678,0,0,0,1.0,1,1.0,1,1.0,1,0.287957508681187,46
4579,2,7357,3677,3680,0,0,0,1.0,1,1.0,1,1.0,1,0.2332343024006187,46
4580,0,7357,3677,3680,0,0,0,1.0,1,1.0,1,1.0,1,0.2252381882444454,47
4581,1,7358,3678,3680,0,0,0,1.0,1,1.0,1,1.0,1,0.24519418761120124,47
4582,0,7358,3678,3680,0,0,0,1.0,1,1.0,1,1.0,1,0.26075145394677623,48
4583,0,7358,3678,3680,0,0,0,1.0,1,1.0,1,1.0,1,0.26075145394677623,48
4584,0,7358,3678,3680,0,0,0,1.0,1,1.0,1,1.0,1,0.26792787412661034,50
4585,1,7359,3679,3680,0,0,0,1.0,1,1.0,1,1.0,1,0.2871959520284784,50
4586,0,7359,3679,3680,0,0,0,1.0,1,1.0,1,1.0,1,0.2871959520284784,50
4587,0,7359,3679,3680,0,0,0,1.0,1,1.0,1,1.0,1,0.2871959520284784,50
4588,0,7359,3679,3680,0,0,0,1.0,1,1.0,1,1.0,1,0.2871959520284784,50
4589,0,7359,3679,3680,0,0,0,1.0,1,1.0,1,1.0,1,0.2973674126834846,52
4590,0,7359,3679,3680,0,0,0,1.0,1,1.0,1,1.0,1,0.2973674126834846,52
4591,4,7363,3679,3684,0,0,0,1.0,1,1.0,1,1.0,1,0.2582523878360373,53
4592,0,7363,3679,3684,0,0,0,1.0,1,1.0,1,1.0,1,0.2725026248958964,54
4593,3,7366,3680,3686,0,0,0,1.0,1,1.0,1,1.0,1,0.24930512892001752,56
4594,0,7366,3680,3686,0,0,0,1.0,1,1.0,1,1.0,1,0.25844818101683664,57
4595,1,7367,3681,3686,0,0,0,1.0,1,1.0,1,1.0,1,0.26334043396720974,56
4596,2,7369,3681,3688,0,0,0,1.0,1,1.0,1,1.0,1,0.2442892835050708,56
4597,1,7370,3682,3688,0,0,0,1.0,1,1.0,1,1.0,1,0.2477851656773609,56
4598,5,7375,3684,3691,0,0,0,1.0,1,1.0,1,1.0,1,0.23761050894947044,57
4599,2,7377,3684,3693,0,0,0,1.0,1,1.0,1,1.0,1,0.2008697794753605,59
4600,2,7379,3684,3695,0,0,0,1.0,1,1.0,1,1.0,1,0.19218276855616354,60
4601,3,7382,3686,3696,0,0,0,1.0,1,1.0,1,1.0,1,0.22116339977817606,60
4602,2,7384,3686,3698,0,0,0,1.0,1,1.0,1,1.0,1,0.18496368083939235,62
4603,0,7384,3686,3698,0,0,0,1.0,1,1.0,1,1.0,1,0.18496368083939235,62
4604,0,7384,3686,3698,0,0,0,1.0,1,1.0,1,1.0,1,0.17815622446499685,63
4605,0,7384,3686,3698,0,0,0,1.0,1,1.0,1,1.0,1,0.17815622446499685,63
4606,0,7384,3686,3698,0,0,0,1.0,1,1.0,1,1.0,1,0.18678422628312671,64
4607,0,7384,3686,3698,0,0,0,1.0,1,1.0,1,1.0,1,0.18367505852929422,65
4608,4,7388,3687,3701,0,0,0,1.0,1,1.0,1,1.0,1,0.18188006789226002,66
4609,2,7390,3688,3702,0,0,0,1.0,1,1.0,1,1.0,1,0.17264025342256425,65
4610,0,7390,3688,3702,0,0,0,1.0,1,1.0,1,1.0,1,0.18100399140503395,63
4611,1,7391,3688,3703,0,0,0,1.0,1,1.0,1,1.0,1,0.17414180991727987,64
4612,1,7392,3688,3704,0,0,0,1.0,1,1.0,1,1.0,1,0.20594802427730777,62
4613,1,7393,3689,3704,0,0,0,1.0,1,1.0,1,1.0,1,0.23329115532019187,63
4614,2,7395,3691,3704,0,0,0,1.0,1,1.0,1,1.0,1,0.21992199066519333,61
4615,1,7396,3692,3704,0,0,0,1.0,1,1.0,1,1.0,1,0.26022041535735285,59
4616,2,7398,3693,3705,0,0,0,1.0,1,1.0,1,1.0,1,0.2488983499624334,58
4617,0,7398,3693,3705,0,0,0,1.0,1,1.0,1,1.0,1,0.25753917153473166,58
4618,1,7399,3694,3705,0,0,0,1.0,1,1.0,1,1.0,1,0.27514353032093597,57
4619,2,7401,3695,3706,0,0,0,1.0,1,1.0,1,1.0,1,0.26963885381652414,57
4620,1,7402,3695,3707,0,0,0,1.0,1,1.0,1,1.0,1,0.25851595692391327,57
4621,1,7403,3696,3707,0,0,0,1.0,1,1.0,1,1.0,1,0.26441320621917164,59
4622,3,7406,3698,3708,0,0,0,1.0,1,1.0,1,1.0,1,0.26772982089560693,60
4623,4,7410,3699,3711,0,0,0,1.0,1,1.0,1,1.0,1,0.2501579961045196,59
4624,1,7411,3700,3711,0,0,0,1.0,1,1.0,1,1.0,1,0.2439164111740814,59
4625,3,7414,3701,3713,0,0,0,1.0,1,1.0,1,1.0,1,0.24261001173402352,57
4626,1,7415,3702,3713,0,0,0,1.0,1,1.0,1,1.0,1,0.238410935708099,56
4627,2,7417,3703,3714,0,0,0,1.0,1,1.0,1,1.0,1,0.2402780429897362,56
4628,4,7421,3703,3718,0,0,0,1.0,1,1.0,1,1.0,1,0.23266749726502634,56
4629,2,7423,3704,3719,0,0,0,1.0,1,1.0,1,1.0,1,0.24298946738093563,56
4630,1,7424,3705,3719,0,0,0,1.0,1,1.0,1,1.0,1,0.24953610706504617,57
4631,3,7427,3705,3722,0,0,0,1.0,1,1.0,1,1.0,1,0.24955475748993927,56
4632,2,7429,3706,3723,0,0,0,1.0,1,1.0,1,1.0,1,0.2862390729690908,57
4633,2,7431,3706,3725,0,0,0,1.0,1,1.0,1,1.0,1,0.26120792072228627,58
4634,2,7433,3706,3727,0,0,0,1.0,1,1.0,1,1.0,1,0.25236641955698136,58
4635,2,7435,3706,3729,0,0,0,1.0,1,1.0,1,1.0,1,0.21048773729406486,59
4636,0,7435,3706,3729,0,0,0,1.0,1,1.0,1,1.0,1,0.1985965149123206,60
4637,0,7435,3706,3729,0,0,0,1.0,1,1.0,1,1.0,1,0.1985965149123206,60
4638,1,7436,3706,3730,0,0,0,1.0,1,1.0,1,1.0,1,0.2057764910923874,61
4639,0,7436,3706,3730,0,0,0,1.0,1,1.0,1,1.0,1,0.2164779969465795,62
4640,3,7439,3706,3733,0,0,0,1.0,1,1.0,1,1.0,1,0.19992157353532405,63
4641,2,7441,3708,3733,0,0,0,1.0,1,1.0,1,1.0,1,0.20773261073576582,63
4642,1,7442,3708,3734,0,0,0,1.0,1,1.0,1,1.0,1,0.20518127627432756,62
4643,2,7444,3710,3734,0,0,0,1.0,1,1.0,1,1.0,1,0.2194284719759997,63
4644,1,7445,3711,3734,0,0,0,1.0,1,1.0,1,1.0,1,0.24038255187239904,62
4645,2,7447,3712,3735,0,0,0,1.0,1,1.0,1,1.0,1,0.2507308380974675,63
4646,2,7449,3714,3735,0,0,0,1.0,1,1.0,1,1.0,1,0.29769330302831615,63
4647,4,7453,3715,3738,0,0,0,1.0,1,1.0,1,1.0,1,0.2897210089609559,62
4648,2,7455,3716,3739,0,0,0,1.0,1,1.0,1,1.0,1,0.3131675820449157,63
4649,3,7458,3716,3742,0,0,0,1.0,1,1.0,1,1.0,1,0.28455387826341755,61
4650,1,7459,3717,3742,0,0,0,1.0,1,1.0,1,1.0,1,0.2628802821202671,63
4651,2,7461,3718,3743,0,0,0,1.0,1,1.0,1,1.0,1,0.24881524958182463,62
4652,1,7462,3718,3744,0,0,0,1.0,1,1.0,1,1.0,1,0.2340762782437735,59
4653,1,7463,3718,3745,0,0,0,1.0,1,1.0,1,1.0,1,0.23532053841211453,60
4654,2,7465,3719,3746,0,0,0,1.0,1,1.0,1,1.0,1,0.224434544266671,60
4655,1,7466,3719,3747,0,0,0,1.0,1,1.0,1,1.0,1,0.21957193482754528,60
4656,2,7468,3721,3747,0,0,0,1.0,1,1.0,1,1.0,1,0.2579065068399265,61
4657,1,7469,3721,3748,0,0,0,1.0,1,1.0,1,1.0,1,0.23876618419638757,62
4658,1,7470,3722,3748,0,0,0,1.0,1,1.0,1,1.0,1,0.2649038064196274,62
4659,0,7470,3722,3748,0,0,0,1.0,1,1.0,1,1.0,1,0.2790020578144974,61
4660,1,7471,3723,3748,0,0,0,1.0,1,1.0,1,1.0,1,0.309971404864034,61
4661,1,7472,3723,3749,0,0,0,1.0,1,1.0,1,1.0,1,0.32892125702549607,61
4662,1,7473,3724,3749,0,0,0,1.0,1,1.0,1,1.0,1,0.32023743324132214,62
4663,2,7475,3724,3751,0,0,0,1.0,1,1.0,1,1.0,1,0.28874263454022575,61
4664,7,7482,3725,3757,0,0,0,1.0,1,1.0,1,1.0,1,0.23913083207458205,62
4665,1,7483,3726,3757,0,0,0,1.0,1,1.0,1,1.0,1,0.2437310915723142,61
4666,5,7488,3729,3759,0,0,0,1.0,1,1.0,1,1.0,1,0.2479985498111425,61
4667,2,7490,3730,3760,0,0,0,1.0,1,1.0,1,1.0,1,0.2465596185940043,59
4668,1,7491,3731,3760,0,0,0,1.0,1,1.0,1,1.0,1,0.25438052604640626,59
4669,5,7496,3733,3763,0,0,0,1.0,1,1.0,1,1.0,1,0.2207749784327776,58
4670,1,7497,3733,3764,0,0,0,1.0,1,1.0,1,1.0,1,0.2258177585392778,57
4671,1,7498,3733,3765,0,0,0,1.0,1,1.0,1,1.0,1,0.2042509390519562,55
4672,1,7499,3734,3765,0,0,0,1.0,1,1.0,1,1.0,1,0.2320947599870912,56
4673,3,7502,3734,3768,0,0,0,1.0,1,1.0,1,1.0,1,0.17611523988458708,58
4674,3,7505,3737,3768,0,0,0,1.0,1,1.0,1,1.0,1,0.19859004528547541,58
4675,2,7507,3737,3770,0,0,0,1.0,1,1.0,1,1.0,1,0.20521249785393336,57
4676,0,7507,3737,3770,0,0,0,1.0,1,1.0,1,1.0,1,0.2245015414941573,58
4677,0,7507,3737,3770,0,0,0,1.0,1,1.0,1,1.0,1,0.23347446651444242,57
4678,2,7509,3739,3770,0,0,0,1.0,1,1.0,1,1.0,1,0.24567833359358554,57
4679,2,7511,3739,3772,0,0,0,1.0,1,1.0,1,1.0,1,0.22417970293636041,57
4680,2,7513,3739,3774,0,0,0,1.0,1,1.0,1,1.0,1,0.20819645976128087,59
4681,2,7515,3740,3775,0,0,0,1.0,1,1.0,1,1.0,1,0.21731464843534593,60
4682,1,7516,3741,3775,0,0,0,1.0,1,1.0,1,1.0,1,0.22439343725443986,60
4683,3,7519,3742,3777,0,0,0,1.0,1,1.0,1,1.0,1,0.20977075486220484,60
4684,4,7523,3744,3779,0,0,0,1.0,1,1.0,1,1.0,1,0.23363677320926837,60
4685,0,7523,3744,3779,0,0,0,1.0,1,1.0,1,1.0,1,0.22051266093122235,59
4686,2,7525,3745,3780,0,0,0,1.0,1,1.0,1,1.0,1,0.22574036863595617,60
4687,1,7526,3746,3780,0,0,0,1.0,1,1.0,1,1.0,1,0.2351305692623536,59
4688,3,7529,3747,3782,0,0,0,1.0,1,1.0,1,1.0,1,0.2331874951960867,59
4689,3,7532,3749,3783,0,0,0,1.0,1,1.0,1,1.0,1,0.2706798041158091,59
4690,1,7533,3750,3783,0,0,0,1.0,1,1.0,1,1.0,1,0.2724762893338514,58
4691,3,7536,3751,3785,0,0,0,1.0,1,1.0,1,1.0,1,0.2585777488935838,57
4692,1,7537,3751,3786,0,0,0,1.0,1,1.0,1,1.0,1,0.2344602331833838,58
4693,0,7537,3751,3786,0,0,0,1.0,1,1.0,1,1.0,1,0.23059177288215169,57
4694,1,7538,3752,3786,0,0,0,1.0,1,1.0,1,1.0,1,0.24056341977169096,57
4695,1,7539,3752,3787,0,0,0,1.0,1,1.0,1,1.0,1,0.24731147474822235,56
4696,1,7540,3753,3787,0,0,0,1.0,1,1.0,1,1.0,1,0.2628417304502213,57
4697,3,7543,3753,3790,0,0,0,1.0,1,1.0,1,1.0,1,0.2209139353254818,58
4698,2,7545,3754,3791,0,0,0,1.0,1,1.0,1,1.0,1,0.23964809490632275,59
4699,0,7545,3754,3791,0,0,0,1.0,1,1.0,1,1.0,1,0.24706091441891176,58
4700,0,7545,3754,3791,0,0,0,1.0,1,1.0,1,1.0,1,0.23153548460475232,59
4701,2,7547,3754,3793,0,0,0,1.0,1,1.0,1,1.0,1,0.220722838260358,60
4702,4,7551,3756,3795,0,0,0,1.0,1,1.0,1,1.0,1,0.22616170002164537,61
4703,2,7553,3757,3796,0,0,0,1.0,1,1.0,1,1.0,1,0.21526733828258363,59
4704,3,7556,3759,3797,0,0,0,1.0,1,1.0,1,1.0,1,0.2212782555145182,58
4705,4,7560,3762,3798,0,0,0,1.0,1,1.0,1,1.0,1,0.24512353982607626,58
4706,4,7564,3765,3799,0,0,0,1.0,1,1.0,1,1.0,1,0.2952362914436484,60
4707,4,7568,3766,3802,0,0,0,1.0,1,1.0,1,1.0,1,0.24894711469812106,57
4708,5,7573,3769,3804,0,0,0,1.0,1,1.0,1,1.0,1,0.254270839819086,57
4709,2,7575,3771,3804,0,0,0,1.0,1,1.0,1,1.0,1,0.26321820676834706,55
4710,1,7576,3772,3804,0,0,0,1.0,1,1.0,1,1.0,1,0.2733497707692094,53
4711,1,7577,3773,3804,0,0,0,1.0,1,1.0,1,1.0,1,0.298235711795873,52
4712,1,7578,3774,3804,0,0,0,1.0,1,1.0,1,1.0,1,0.3061549219771308,52
4713,2,7580,3775,3805,0,0,0,1.0,1,1.0,1,1.0,1,0.30117723531871626,51
4714,1,7581,3775,3806,0,0,0,1.0,1,1.0,1,1.0,1,0.28144830487257033,50
4715,2,7583,3777,3806,0,0,0,1.0,1,1.0,1,1.0,1,0.31373538400448564,50
4716,2,7585,3778,3807,0,0,0,1.0,1,1.0,1,1.0,1,0.2927166542724433,49
4717,1,7586,3779,3807,0,0,0,1.0,1,1.0,1,1.0,1,0.3070757328883005,49
4718,2,7588,3779,3809,0,0,0,1.0,1,1.0,1,1.0,1,0.29080048563805255,50
4719,2,7590,3779,3811,0,0,0,1.0,1,1.0,1,1.0,1,0.2828327373888021,49
4720,1,7591,3779,3812,0,0,0,1.0,1,1.0,1,1.0,1,0.2691344928606139,49
4721,0,7591,3779,3812,0,0,0,1.0,1,1.0,1,1.0,1,0.27921099350671447,50
4722,2,7593,3779,3814,0,0,0,1.0,1,1.0,1,1.0,1,0.2681634178098611,51
4723,1,7594,3779,3815,0,0,0,1.0,1,1.0,1,1.0,1,0.2546400682002605,50
4724,3,7597,3779,3818,0,0,0,1.0,1,1.0,1,1.0,1,0.24455459523907228,50
4725,3,7600,3780,3820,0,0,0,1.0,1,1.0,1,1.0,1,0.2488856048122028,52
4726,1,7601,3781,3820,0,0,0,1.0,1,1.0,1,1.0,1,0.2875598253537591,51
4727,2,7603,3782,3821,0,0,0,1.0,1,1.0,1,1.0,1,0.2642472646570608,52
4728,0,7603,3782,3821,0,0,0,1.0,1,1.0,1,1.0,1,0.2642472646570608,52
4729,0,7603,3782,3821,0,0,0,1.0,1,1.0,1,1.0,1,0.2642472646570608,52
4730,1,7604,3783,3821,0,0,0,1.0,1,1.0,1,1.0,1,0.2820568414835371,50
4731,1,7605,3784,3821,0,0,0,1.0,1,1.0,1,1.0,1,0.25244731065464354,51
4732,3,7608,3786,3822,0,0,0,1.0,1,1.0,1,1.0,1,0.3197010125653117,52
4733,1,7609,3786,3823,0,0,0,1.0,1,1.0,1,1.0,1,0.31364351031951115,53
4734,1,7610,3787,3823,0,0,0,1.0,1,1.0,1,1.0,1,0.3202808773531584,53
4735,4,7614,3789,3825,0,0,0,1.0,1,1.0,1,1.0,1,0.3218775487391618,53
4736,3,7617,3790,3827,0,0,0,1.0,1,1.0,1,1.0,1,0.3084326987510503,55
4737,2,7619,3791,3828,0,0,0,1.0,1,1.0,1,1.0,1,0.30623629231718935,57
4738,4,7623,3792,3831,0,0,0,1.0,1,1.0,1,1.0,1,0.2827767866077049,57
4739,0,7623,3792,3831,0,0,0,1.0,1,1.0,1,1.0,1,0.2827767866077049,57
4740,0,7623,3792,3831,0,0,0,1.0,1,1.0,1,1.0,1,0.2827767866077049,57
4741,1,7624,3792,3832,0,0,0,1.0,1,1.0,1,1.0,1,0.2769651672624504,58
4742,2,7626,3794,3832,0,0,0,1.0,1,1.0,1,1.0,1,0.2920745844355305,58
4743,1,7627,3794,3833,0,0,0,1.0,1,1.0,1,1.0,1,0.260705889639353,56
4744,2,7629,3796,3833,0,0,0,1.0,1,1.0,1,1.0,1,0.2804473712090627,57
4745,3,7632,3797,3835,0,0,0,1.0,1,1.0,1,1.0,1,0.2630338641930008,56
4746,5,7637,3800,3837,0,0,0,1.0,1,1.0,1,1.0,1,0.27131193717605456,56
4747,1,7638,3801,3837,0,0,0,1.0,1,1.0,1,1.0,1,0.27048564400026237,55
4748,7,7645,3803,3842,0,0,0,1.0,1,1.0,1,1.0,1,0.2381119250628527,55
4749,0,7645,3803,3842,0,0,0,1.0,1,1.0,1,1.0,1,0.2285865973997674,54
4750,1,7646,3804,3842,0,0,0,1.0,1,1.0,1,1.0,1,0.213267421450512,53
4751,2,7648,3805,3843,0,0,0,1.0,1,1.0,1,1.0,1,0.2517323092949235,53
4752,2,7650,3806,3844,0,0,0,1.0,1,1.0,1,1.0,1,0.22867372270396324,53
4753,3,7653,3807,3846,0,0,0,1.0,1,1.0,1,1.0,1,0.22678307074646434,52
4754,2,7655,3808,3847,0,0,0,1.0,1,1.0,1,1.0,1,0.2341093732245944,52
4755,2,7657,3808,3849,0,0,0,1.0,1,1.0,1,1.0,1,0.2046554098020807,51
4756,1,7658,3809,3849,0,0,0,1.0,1,1.0,1,1.0,1,0.23947491360847303,52
4757,0,7658,3809,3849,0,0,0,1.0,1,1.0,1,1.0,1,0.2335261598624417,51
4758,0,7658,3809,3849,0,0,0,1.0,1,1.0,1,1.0,1,0.2335261598624417,51
4759,1,7659,3810,3849,0,0,0,1.0,1,1.0,1,1.0,1,0.23023269040121996,51
4760,3,7662,3810,3852,0,0,0,1.0,1,1.0,1,1.0,1,0.16897739731352499,52
4761,4,7666,3811,3855,0,0,0,1.0,1,1.0,1,1.0,1,0.1789867858856216,50
4762,1,7667,3811,3856,0,0,0,1.0,1,1.0,1,1.0,1,0.1804108897743929,51
4763,4,7671,3813,3858,0,0,0,1.0,1,1.0,1,1.0,1,0.200188043780962,51
4764,4,7675,3814,3861,0,0,0,1.0,1,1.0,1,1.0,1,0.18012443184094704,53
4765,2,7677,3815,3862,0,0,0,1.0,1,1.0,1,1.0,1,0.1911563313148624,53
4766,3,7680,3817,3863,0,0,0,1.0,1,1.0,1,1.0,1,0.20020851515012114,55
4767,1,7681,3818,3863,0,0,0,1.0,1,1.0,1,1.0,1,0.1961085740029163,56
4768,0,7681,3818,3863,0,0,0,1.0,1,1.0,1,1.0,1,0.1966417269966781,56
4769,0,7681,3818,3863,0,0,0,1.0,1,1.0,1,1.0,1,0.1966417269966781,56
4770,1,7682,3818,3864,0,0,0,1.0,1,1.0,1,1.0,1,0.1772272002409254,56
4771,0,7682,3818,3864,0,0,0,1.0,1,1.0,1,1.0,1,0.17938080790978717,55
4772,1,7683,3819,3864,0,0,0,1.0,1,1.0,1,1.0,1,0.18717881031841904,56
4773,1,7684,3819,3865,0,0,0,1.0,1,1.0,1,1.0,1,0.16576034782842805,56
4774,4,7688,3819,3869,0,0,0,1.0,1,1.0,1,1.0,1,0.1078162814526636,58
4775,0,7688,3819,3869,0,0,0,1.0,1,1.0,1,1.0,1,0.11498469093329025,59
4776,0,7688,3819,3869,0,0,0,1.0,1,1.0,1,1.0,1,0.11498469093329025,59
4777,1,7689,3820,3869,0,0,0,1.0,1,1.0,1,1.0,1,0.14207040663400763,60
4778,1,7690,3821,3869,0,0,0,1.0,1,1.0,1,1.0,1,0.1618060128788345,60
4779,1,7691,3821,3870,0,0,0,1.0,1,1.0,1,1.0,1,0.1543039466604554,61
4780,0,7691,3821,3870,0,0,0,1.0,1,1.0,1,1.0,1,0.17982832577704835,63
4781,0,7691,3821,3870,0,0,0,1.0,1,1.0,1,1.0,1,0.19539681710861873,62
4782,3,7694,3823,3871,0,0,0,1.0,1,1.0,1,1.0,1,0.23009017692770678,63
4783,2,7696,3825,3871,0,0,0,1.0,1,1.0,1,1.0,1,0.22043661353429417,62
4784,6,7702,3828,3874,0,0,0,1.0,1,1.0,1,1.0,1,0.2564540769091978,62
4785,8,7710,3830,3880,0,0,0,1.0,1,1.0,1,1.0,1,0.19359041090442516,62
4786,3,7713,3831,3882,0,0,0,1.0,1,1.0,1,1.0,1,0.18541706385502668,63
4787,4,7717,3833,3884,0,0,0,1.0,1,1.0,1,1.0,1,0.1884748411153985,62
4788,6,7723,3837,3886,0,0,0,1.0,1,1.0,1,1.0,1,0.18131662177873956,62
4789,3,7726,3839,3887,0,0,0,1.0,1,1.0,1,1.0,1,0.18792465551286794,60
4790,8,7734,3843,3891,0,0,0,1.0,1,1.0,1,1.0,1,0.1644451785195443,61
4791,6,7740,3844,3896,0,0,0,1.0,1,1.0,1,1.0,1,0.16900022554841124,60
4792,4,7744,3846,3898,0,0,0,1.0,1,1.0,1,1.0,1,0.170218559725454,60
4793,3,7747,3849,3898,0,0,0,1.0,1,1.0,1,1.0,1,0.15760283328722005,61
4794,0,7747,3849,3898,0,0,0,1.0,1,1.0,1,1.0,1,0.15856156736783017,59
4795,3,7750,3850,3900,0,0,0,1.0,1,1.0,1,1.0,1,0.1458872060283821,61
4796,1,7751,3851,3900,0,0,0,1.0,1,1.0,1,1.0,1,0.13267479807055776,59
4797,1,7752,3851,3901,0,0,0,1.0,1,1.0,1,1.0,1,0.10697977180223962,58
4798,1,7753,3852,3901,0,0,0,1.0,1,1.0,1,1.0,1,0.10119336968034463,59
4799,1,7754,3853,3901,0,0,0,1.0,1,1.0,1,1.0,1,0.10333451814118519,57
4800,0,7754,3853,3901,0,0,0,1.0,1,1.0,1,1.0,1,0.10558210460571989,58
4801,2,7756,3855,3901,0,0,0,1.0,1,1.0,1,1.0,1,0.12357194284783467,57
4802,1,7757,3856,3901,0,0,0,1.0,1,1.0,1,1.0,1,0.15242230370617552,57
4803,3,7760,3857,3903,0,0,0,1.0,1,1.0,1,1.0,1,0.1297632202347618,56
4804,0,7760,3857,3903,0,0,0,1.0,1,1.0,1,1.0,1,0.13018312884366626,54
4805,0,7760,3857,3903,0,0,0,1.0,1,1.0,1,1.0,1,0.13422734194109257,56
4806,0,7760,3857,3903,0,0,0,1.0,1,1.0,1,1.0,1,0.12577901094294824,55
4807,2,7762,3859,3903,0,0,0,1.0,1,1.0,1,1.0,1,0.14285146112740596,54
4808,1,7763,3859,3904,0,0,0,1.0,1,1.0,1,1.0,1,0.13630766811330466,53
4809,1,7764,3860,3904,0,0,0,1.0,1,1.0,1,1.0,1,0.16321466349210068,53
4810,1,7765,3861,3904,0,0,0,1.0,1,1.0,1,1.0,1,0.18139488407623894,51
4811,1,7766,3862,3904,0,0,0,1.0,1,1.0,1,1.0,1,0.1862364308646236,52
4812,0,7766,3862,3904,0,0,0,1.0,1,1.0,1,1.0,1,0.18088778835277047,52
4813,1,7767,3862,3905,0,0,0,1.0,1,1.0,1,1.0,1,0.15991741838871917,52
4814,5,7772,3866,3906,0,0,0,1.0,1,1.0,1,1.0,1,0.2108842866805899,53
4815,6,7778,3870,3908,0,0,0,1.0,1,1.0,1,1.0,1,0.1860979944435166,54
4816,3,7781,3871,3910,0,0,0,1.0,1,1.0,1,1.0,1,0.15837567193567395,54
4817,5,7786,3875,3911,0,0,0,1.0,1,1.0,1,1.0,1,0.2402907487062664,55
4818,5,7791,3878,3913,0,0,0,1.0,1,1.0,1,1.0,1,0.2015508773789078,55
4819,4,7795,3879,3916,0,0,0,1.0,1,1.0,1,1.0,1,0.2042947204892212,55
4820,1,7796,3879,3917,0,0,0,1.0,1,1.0,1,1.0,1,0.19721880519188195,55
4821,4,7800,3881,3919,0,0,0,1.0,1,1.0,1,1.0,1,0.1735719493279885,55
4822,0,7800,3881,3919,0,0,0,1.0,1,1.0,1,1.0,1,0.1663462427046917,54
4823,2,7802,3881,3921,0,0,0,1.0,1,1.0,1,1.0,1,0.10780089318144151,54
4824,0,7802,3881,3921,0,0,0,1.0,1,1.0,1,1.0,1,0.08978340499859899,55
4825,2,7804,3882,3922,0,0,0,1.0,1,1.0,1,1.0,1,0.1086784869536943,53
4826,2,7806,3884,3922,0,0,0,1.0,1,1.0,1,1.0,1,0.10681048655442167,54
4827,1,7807,3884,3923,0,0,0,1.0,1,1.0,1,1.0,1,0.09448080622920087,53
4828,2,7809,3886,3923,0,0,0,1.0,1,1.0,1,1.0,1,0.12324977051035314,54
4829,1,7810,3886,3924,0,0,0,1.0,1,1.0,1,1.0,1,0.11205263475877489,54
4830,1,7811,3887,3924,0,0,0,1.0,1,1.0,1,1.0,1,0.13716596609919487,53
4831,1,7812,3888,3924,0,0,0,1.0,1,1.0,1,1.0,1,0.14989295233096778,52
4832,0,7812,3888,3924,0,0,0,1.0,1,1.0,1,1.0,1,0.15955463754542137,50
4833,0,7812,3888,3924,0,0,0,1.0,1,1.0,1,1.0,1,0.17134926172504678,51
4834,2,7814,3889,3925,0,0,0,1.0,1,1.0,1,1.0,1,0.2095326028202816,51
4835,1,7815,3889,3926,0,0,0,1.0,1,1.0,1,1.0,1,0.1765035194427099,50
4836,3,7818,3892,3926,0,0,0,1.0,1,1.0,1,1.0,1,0.28260728501768473,50
4837,3,7821,3893,3928,0,0,0,1.0,1,1.0,1,1.0,1,0.21148569974357845,46
4838,2,7823,3895,3928,0,0,0,1.0,1,1.0,1,1.0,1,0.23856853915173543,47
4839,3,7826,3896,3930,0,0,0,1.0,1,1.0,1,1.0,1,0.17607356549151737,45
4840,2,7828,3898,3930,0,0,0,1.0,1,1.0,1,1.0,1,0.2039937376035924,45
4841,2,7830,3900,3930,0,0,0,1.0,1,1.0,1,1.0,1,0.24418557733725088,43
4842,2,7832,3901,3931,0,0,0,1.0,1,1.0,1,1.0,1,0.24027240589886484,43
4843,2,7834,3902,3932,0,0,0,1.0,1,1.0,1,1.0,1,0.235672899107543,44
4844,4,7838,3902,3936,0,0,0,1.0,1,1.0,1,1.0,1,0.19798673428539268,43
4845,1,7839,3902,3937,0,0,0,1.0,1,1.0,1,1.0,1,0.204384572255303,44
4846,1,7840,3903,3937,0,0,0,1.0,1,1.0,1,1.0,1,0.22247684416785207,43
4847,1,7841,3904,3937,0,0,0,1.0,1,1.0,1,1.0,1,0.2641433649239248,42
4848,5,7846,3908,3938,0,0,0,1.0,1,1.0,1,1.0,1,0.34885804295208295,41
4849,4,7850,3910,3940,0,0,0,1.0,1,1.0,1,1.0,1,0.32406375986217567,41
4850,0,7850,3910,3940,0,0,0,1.0,1,1.0,1,1.0,1,0.35432189415317217,41
4851,0,7850,3910,3940,0,0,0,1.0,1,1.0,1,1.0,1,0.35432189415317217,41
4852,1,7851,3910,3941,0,0,0,1.0,1,1.0,1,1.0,1,0.34988217451064324,43
4853,2,7853,3911,3942,0,0,0,1.0,1,1.0,1,1.0,1,0.35781018603351583,44
4854,1,7854,3912,3942,0,0,0,1.0,1,1.0,1,1.0,1,0.3834834454178152,45
4855,2,7856,3913,3943,0,0,0,1.0,1,1.0,1,1.0,1,0.3458189033809316,44
4856,0,7856,3913,3943,0,0,0,1.0,1,1.0,1,1.0,1,0.3458189033809316,44
4857,1,7857,3913,3944,0,0,0,1.0,1,1.0,1,1.0,1,0.3351866062459885,44
4858,1,7858,3913,3945,0,0,0,1.0,1,1.0,1,1.0,1,0.3329570542698485,45
4859,0,7858,3913,3945,0,0,0,1.0,1,1.0,1,1.0,1,0.33771919621655394,46
4860,1,7859,3913,3946,0,0,0,1.0,1,1.0,1,1.0,1,0.33256360303074656,46
4861,1,7860,3913,3947,0,0,0,1.0,1,1.0,1,1.0,1,0.302854317041597,46
4862,1,7861,3913,3948,0,0,0,1.0,1,1.0,1,1.0,1,0.30090098110548097,47
4863,2,7863,3914,3949,0,0,0,1.0,1,1.0,1,1.0,1,0.3070941820218411,47
4864,2,7865,3914,3951,0,0,0,1.0,1,1.0,1,1.0,1,0.2877491566614901,47
4865,2,7867,3914,3953,0,0,0,1.0,1,1.0,1,1.0,1,0.27438031365123255,48
4866,2,7869,3915,3954,0,0,0,1.0,1,1.0,1,1.0,1,0.2505657337320703,49
4867,2,7871,3915,3956,0,0,0,1.0,1,1.0,1,1.0,1,0.22907787348782754,50
4868,2,7873,3917,3956,0,0,0,1.0,1,1.0,1,1.0,1,0.22984969562993823,50
4869,1,7874,3917,3957,0,0,0,1.0,1,1.0,1,1.0,1,0.20877543436685886,50
4870,3,7877,3919,3958,0,0,0,1.0,1,1.0,1,1.0,1,0.21603465074896766,52
4871,1,7878,3919,3959,0,0,0,1.0,1,1.0,1,1.0,1,0.19646601229590546,52
4872,0,7878,3919,3959,0,0,0,1.0,1,1.0,1,1.0,1,0.18822340898134535,53
4873,2,7880,3920,3960,0,0,0,1.0,1,1.0,1,1.0,1,0.21076630877234764,55
4874,2,7882,3921,3961,0,0,0,1.0,1,1.0,1,1.0,1,0.20705487906845785,56
4875,2,7884,3921,3963,0,0,0,1.0,1,1.0,1,1.0,1,0.18094569016926051,55
4876,3,7887,3923,3964,0,0,0,1.0,1,1.0,1,1.0,1,0.1761491679930784,55
4877,4,7891,3925,3966,0,0,0,1.0,1,1.0,1,1.0,1,0.18786049497219123,54
4878,1,7892,3925,3967,0,0,0,1.0,1,1.0,1,1.0,1,0.17982671166537076,53
4879,2,7894,3926,3968,0,0,0,1.0,1,1.0,1,1.0,1,0.19694943909109067,54
4880,1,7895,3927,3968,0,0,0,1.0,1,1.0,1,1.0,1,0.2080645987088131,54
4881,1,7896,3927,3969,0,0,0,1.0,1,1.0,1,1.0,1,0.18778391363513192,53
4882,1,7897,3927,3970,0,0,0,1.0,1,1.0,1,1.0,1,0.18935582405209037,53
4883,0,7897,3927,3970,0,0,0,1.0,1,1.0,1,1.0,1,0.19963848448272214,53
4884,2,7899,3927,3972,0,0,0,1.0,1,1.0,1,1.0,1,0.2104154341650282,51
4885,1,7900,3928,3972,0,0,0,1.0,1,1.0,1,1.0,1,0.2331862039326969,50
4886,0,7900,3928,3972,0,0,0,1.0,1,1.0,1,1.0,1,0.26418907808725617,48
4887,0,7900,3928,3972,0,0,0,1.0,1,1.0,1,1.0,1,0.26418907808725617,48
4888,2,7902,3929,3973,0,0,0,1.0,1,1.0,1,1.0,1,0.2623634154947442,48
4889,1,7903,3929,3974,0,0,0,1.0,1,1.0,1,1.0,1,0.25697191441704376,48
4890,0,7903,3929,3974,0,0,0,1.0,1,1.0,1,1.0,1,0.25628661851021345,49
4891,0,7903,3929,3974,0,0,0,1.0,1,1.0,1,1.0,1,0.27058966051164607,50
4892,0,7903,3929,3974,0,0,0,1.0,1,1.0,1,1.0,1,0.2712995937874128,49
4893,0,7903,3929,3974,0,0,0,1.0,1,1.0,1,1.0,1,0.2704679353110514,50
4894,2,7905,3929,3976,0,0,0,1.0,1,1.0,1,1.0,1,0.23740834302804795,51
4895,1,7906,3929,3977,0,0,0,1.0,1,1.0,1,1.0,1,0.23808943441340175,52
4896,1,7907,3929,3978,0,0,0,1.0,1,1.0,1,1.0,1,0.23234442441685715,53
4897,1,7908,3929,3979,0,0,0,1.0,1,1.0,1,1.0,1,0.22318549578866398,53
4898,2,7910,3930,3980,0,0,0,1.0,1,1.0,1,1.0,1,0.20708757424108207,53
4899,3,7913,3932,3981,0,0,0,1.0,1,1.0,1,1.0,1,0.17603570746727173,55
4900,1,7914,3933,3981,0,0,0,1.0,1,1.0,1,1.0,1,0.18671077257969712,55
4901,1,7915,3934,3981,0,0,0,1.0,1,1.0,1,1.0,1,0.19670667345871995,56
4902,4,7919,3936,3983,0,0,0,1.0,1,1.0,1,1.0,1,0.2079367442234688,58
4903,3,7922,3939,3983,0,0,0,1.0,1,1.0,1,1.0,1,0.2139384628567437,58
4904,2,7924,3941,3983,0,0,0,1.0,1,1.0,1,1.0,1,0.2213294789407107,57
4905,1,7925,3941,3984,0,0,0,1.0,1,1.0,1,1.0,1,0.2200495821188667,54
4906,1,7926,3941,3985,0,0,0,1.0,1,1.0,1,1.0,1,0.2278103263949649,55
4907,1,7927,3941,3986,0,0,0,1.0,1,1.0,1,1.0,1,0.22785071611861665,52
4908,3,7930,3942,3988,0,0,0,1.0,1,1.0,1,1.0,1,0.22408623323601431,53
4909,1,7931,3942,3989,0,0,0,1.0,1,1.0,1,1.0,1,0.20727655356433952,52
4910,0,7931,3942,3989,0,0,0,1.0,1,1.0,1,1.0,1,0.22069042263319696,53
4911,0,7931,3942,3989,0,0,0,1.0,1,1.0,1,1.0,1,0.2259094799185326,55
4912,2,7933,3944,3989,0,0,0,1.0,1,1.0,1,1.0,1,0.28679456053103664,54
4913,4,7937,3944,3993,0,0,0,1.0,1,1.0,1,1.0,1,0.2222609945846599,53
4914,3,7940,3944,3996,0,0,0,1.0,1,1.0,1,1.0,1,0.23607677313984918,53
4915,1,7941,3945,3996,0,0,0,1.0,1,1.0,1,1.0,1,0.2454293879920622,54
4916,2,7943,3945,3998,0,0,0,1.0,1,1.0,1,1.0,1,0.2492247451258209,52
4917,0,7943,3945,3998,0,0,0,1.0,1,1.0,1,1.0,1,0.24739353252923188,52
4918,2,7945,3946,3999,0,0,0,1.0,1,1.0,1,1.0,1,0.24521084779093594,51
4919,0,7945,3946,3999,0,0,0,1.0,1,1.0,1,1.0,1,0.2603398200989075,50
4920,2,7947,3946,4001,0,0,0,1.0,1,1.0,1,1.0,1,0.2428891604080252,51
4921,1,7948,3946,4002,0,0,0,1.0,1,1.0,1,1.0,1,0.22992276656820335,51
4922,2,7950,3947,4003,0,0,0,1.0,1,1.0,1,1.0,1,0.2688109299054888,53
4923,2,7952,3947,4005,0,0,0,1.0,1,1.0,1,1.0,1,0.24709629428439206,53
4924,2,7954,3947,4007,0,0,0,1.0,1,1.0,1,1.0,1,0.23404171133689627,55
4925,3,7957,3949,4008,0,0,0,1.0,1,1.0,1,1.0,1,0.20921286478736947,56
4926,0,7957,3949,4008,0,0,0,1.0,1,1.0,1,1.0,1,0.19578393901969357,55
4927,1,7958,3950,4008,0,0,0,1.0,1,1.0,1,1.0,1,0.1986640009396875,55
4928,0,7958,3950,4008,0,0,0,1.0,1,1.0,1,1.0,1,0.1986640009396875,55
4929,1,7959,3950,4009,0,0,0,1.0,1,1.0,1,1.0,1,0.1609859747913905,56
4930,1,7960,3951,4009,0,0,0,1.0,1,1.0,1,1.0,1,0.215048831132622,58
4931,0,7960,3951,4009,0,0,0,1.0,1,1.0,1,1.0,1,0.21026612994423,59
4932,1,7961,3951,4010,0,0,0,1.0,1,1.0,1,1.0,1,0.21561357754790306,60
4933,0,7961,3951,4010,0,0,0,1.0,1,1.0,1,1.0,1,0.21561357754790306,60
4934,1,7962,3952,4010,0,0,0,1.0,1,1.0,1,1.0,1,0.2148647782510665,60
4935,0,7962,3952,4010,0,0,0,1.0,1,1.0,1,1.0,1,0.2148647782510665,60
4936,3,7965,3953,4012,0,0,0,1.0,1,1.0,1,1.0,1,0.2042259444767585,61
4937,0,7965,3953,4012,0,0,0,1.0,1,1.0,1,1.0,1,0.21744130626969835,62
4938,0,7965,3953,4012,0,0,0,1.0,1,1.0,1,1.0,1,0.21744130626969835,62
4939,4,7969,3956,4013,0,0,0,1.0,1,1.0,1,1.0,1,0.24555822991708331,64
4940,5,7974,3956,4018,0,0,0,1.0,1,1.0,1,1.0,1,0.16925265391529923,67
4941,0,7974,3956,4018,0,0,0,1.0,1,1.0,1,1.0,1,0.17641490227263745,66
4942,2,7976,3958,4018,0,0,0,1.0,1,1.0,1,1.0,1,0.18564274465541186,67
4943,2,7978,3958,4020,0,0,0,1.0,1,1.0,1,1.0,1,0.1686635937415096,65
4944,1,7979,3959,4020,0,0,0,1.0,1,1.0,1,1.0,1,0.1707455162417243,65
4945,2,7981,3961,4020,0,0,0,1.0,1,1.0,1,1.0,1,0.18423447213704144,62
4946,2,7983,3963,4020,0,0,0,1.0,1,1.0,1,1.0,1,0.20015361789072067,61
4947,3,7986,3965,4021,0,0,0,1.0,1,1.0,1,1.0,1,0.23358958026317794,59
4948,4,7990,3967,4023,0,0,0,1.0,1,1.0,1,1.0,1,0.22212375772549023,59
4949,2,7992,3967,4025,0,0,0,1.0,1,1.0,1,1.0,1,0.17629238074533213,57
4950,7,7999,3973,4026,0,0,0,1.0,1,1.0,1,1.0,1,0.22394249293723567,58
4951,4,8003,3977,4026,0,0,0,1.0,1,1.0,1,1.0,1,0.21554662001257419,55
4952,3,8006,3979,4027,0,0,0,1.0,1,1.0,1,1.0,1,0.24434950368192873,53
4953,9,8015,3983,4032,0,0,0,1.0,1,1.0,1,1.0,1,0.20709889157323003,54
4954,2,8017,3983,4034,0,0,0,1.0,1,1.0,1,1.0,1,0.18168066044489636,52
4955,3,8020,3985,4035,0,0,0,1.0,1,1.0,1,1.0,1,0.19208771225240298,51
4956,2,8022,3985,4037,0,0,0,1.0,1,1.0,1,1.0,1,0.18895984361422305,47
4957,1,8023,3985,4038,0,0,0,1.0,1,1.0,1,1.0,1,0.17058008778293743,48
4958,1,8024,3985,4039,0,0,0,1.0,1,1.0,1,1.0,1,0.13621098893725608,47
4959,0,8024,3985,4039,0,0,0,1.0,1,1.0,1,1.0,1,0.13621098893725608,47
4960,0,8024,3985,4039,0,0,0,1.0,1,1.0,1,1.0,1,0.152824356457193,48
4961,0,8024,3985,4039,0,0,0,1.0,1,1.0,1,1.0,1,0.1413134487449091,49
4962,0,8024,3985,4039,0,0,0,1.0,1,1.0,1,1.0,1,0.1413134487449091,49
4963,2,8026,3986,4040,0,0,0,1.0,1,1.0,1,1.0,1,0.17714500912988654,51
4964,1,8027,3987,4040,0,0,0,1.0,1,1.0,1,1.0,1,0.20704179205504025,51
4965,2,8029,3988,4041,0,0,0,1.0,1,1.0,1,1.0,1,0.20307781415680712,51
4966,1,8030,3988,4042,0,0,0,1.0,1,1.0,1,1.0,1,0.1831906433222079,51
4967,3,8033,3990,4043,0,0,0,1.0,1,1.0,1,1.0,1,0.21573930307530534,51
4968,3,8036,3993,4043,0,0,0,1.0,1,1.0,1,1.0,1,0.23135763455246217,52
4969,1,8037,3993,4044,0,0,0,1.0,1,1.0,1,1.0,1,0.21859486392110977,53
4970,1,8038,3994,4044,0,0,0,1.0,1,1.0,1,1.0,1,0.24532318302750575,54
4971,2,8040,3994,4046,0,0,0,1.0,1,1.0,1,1.0,1,0.2048386422407716,55
4972,4,8044,3994,4050,0,0,0,1.0,1,1.0,1,1.0,1,0.18451827994842143,56
4973,2,8046,3996,4050,0,0,0,1.0,1,1.0,1,1.0,1,0.18741005976301442,57
4974,1,8047,3997,4050,0,0,0,1.0,1,1.0,1,1.0,1,0.23449716399476,56
4975,1,8048,3997,4051,0,0,0,1.0,1,1.0,1,1.0,1,0.21640595260499493,57
4976,2,8050,3998,4052,0,0,0,1.0,1,1.0,1,1.0,1,0.17804360209210252,57
4977,1,8051,3998,4053,0,0,0,1.0,1,1.0,1,1.0,1,0.15134293121081852,57
4978,4,8055,4001,4054,0,0,0,1.0,1,1.0,1,1.0,1,0.15674149892350112,58
4979,2,8057,4002,4055,0,0,0,1.0,1,1.0,1,1.0,1,0.1577442712320033,58
4980,3,8060,4003,4057,0,0,0,1.0,1,1.0,1,1.0,1,0.1615968859625921,59
4981,2,8062,4004,4058,0,0,0,1.0,1,1.0,1,1.0,1,0.17202461243444092,60
4982,2,8064,4004,4060,0,0,0,1.0,1,1.0,1,1.0,1,0.13346947814074003,61
4983,3,8067,4006,4061,0,0,0,1.0,1,1.0,1,1.0,1,0.11492623422973307,61
4984,2,8069,4008,4061,0,0,0,1.0,1,1.0,1,1.0,1,0.1349477574487724,59
4985,2,8071,4008,4063,0,0,0,1.0,1,1.0,1,1.0,1,0.1209481326947039,58
4986,4,8075,4010,4065,0,0,0,1.0,1,1.0,1,1.0,1,0.12779442968535593,59
4987,0,8075,4010,4065,0,0,0,1.0,1,1.0,1,1.0,1,0.11689535483081075,58
4988,2,8077,4012,4065,0,0,0,1.0,1,1.0,1,1.0,1,0.15882205863352228,57
4989,4,8081,4014,4067,0,0,0,1.0,1,1.0,1,1.0,1,0.1455496896406673,54
4990,1,8082,4014,4068,0,0,0,1.0,1,1.0,1,1.0,1,0.13475176137765385,53
4991,5,8087,4018,4069,0,0,0,1.0,1,1.0,1,1.0,1,0.21062879063554057,52
4992,6,8093,4021,4072,0,0,0,1.0,1,1.0,1,1.0,1,0.19864666801970174,48
4993,2,8095,4022,4073,0,0,0,1.0,1,1.0,1,1.0,1,0.20441720151068138,48
4994,2,8097,4023,4074,0,0,0,1.0,1,1.0,1,1.0,1,0.19227926466430406,45
4995,1,8098,4024,4074,0,0,0,1.0,1,1.0,1,1.0,1,0.16926343623237045,45
4996,2,8100,4026,4074,0,0,0,1.0,1,1.0,1,1.0,1,0.19015257446781333,45
4997,0,8100,4026,4074,0,0,0,1.0,1,1.0,1,1.0,1,0.1966223222963295,42
4998,1,8101,4027,4074,0,0,0,1.0,1,1.0,1,1.0,1,0.23224760911350426,44
4999,3,8104,4029,4075,0,0,0,1.0,1,1.0,1,1.0,1,0.26144952193259763,44
5000,0,8104,4029,4075,0,0,0,1.0,1,1.0,1,1.0,1,0.26092508377731316,42
5001,0,8104,4029,4075,0,0,0,1.0,1,1.0,1,1.0,1,0.28990842843500064,42
5002,3,8107,4031,4076,0,0,0,1.0,1,1.0,1,1.0,1,0.32730151616561254,41
5003,3,8110,4032,4078,0,0,0,1.0,1,1.0,1,1.0,1,0.31374952592849664,41
5004,1,8111,4032,4079,0,0,0,1.0,1,1.0,1,1.0,1,0.30522713086057046,41
5005,0,8111,4032,4079,0,0,0,1.0,1,1.0,1,1.0,1,0.30522713086057046,41
5006,1,8112,4032,4080,0,0,0,1.0,1,1.0,1,1.0,1,0.2774555613044173,42
5007,0,8112,4032,4080,0,0,0,1.0,1,1.0,1,1.0,1,0.280885258958117,43
5008,0,8112,4032,4080,0,0,0,1.0,1,1.0,1,1.0,1,0.2676243416731318,46
5009,0,8112,4032,4080,0,0,0,1.0,1,1.0,1,1.0,1,0.2676243416731318,46
5010,2,8114,4032,4082,0,0,0,1.0,1,1.0,1,1.0,1,0.24791751459550654,46
5011,0,8114,4032,4082,0,0,0,1.0,1,1.0,1,1.0,1,0.25590863756722165,47
5012,0,8114,4032,4082,0,0,0,1.0,1,1.0,1,1.0,1,0.2649437552957044,48
5013,0,8114,4032,4082,0,0,0,1.0,1,1.0,1,1.0,1,0.2649437552957044,48
5014,0,8114,4032,4082,0,0,0,1.0,1,1.0,1,1.0,1,0.26423347364488065,49
5015,1,8115,4032,4083,0,0,0,1.0,1,1.0,1,1.0,1,0.2521015047736274,50
5016,4,8119,4033,4086,0,0,0,1.0,1,1.0,1,1.0,1,0.2541024680717134,51
5017,2,8121,4033,4088,0,0,0,1.0,1,1.0,1,1.0,1,0.23893314629708431,51
5018,1,8122,4034,4088,0,0,0,1.0,1,1.0,1,1.0,1,0.21850052603644365,51
5019,1,8123,4035,4088,0,0,0,1.0,1,1.0,1,1.0,1,0.24237960631000544,51
5020,1,8124,4035,4089,0,0,0,1.0,1,1.0,1,1.0,1,0.23137669914330652,51
5021,2,8126,4035,4091,0,0,0,1.0,1,1.0,1,1.0,1,0.2331935028128022,52
5022,4,8130,4037,4093,0,0,0,1.0,1,1.0,1,1.0,1,0.21502253488152182,52
5023,5,8135,4040,4095,0,0,0,1.0,1,1.0,1,1.0,1,0.2648288278213008,52
5024,3,8138,4042,4096,0,0,0,1.0,1,1.0,1,1.0,1,0.28470260870885494,51
5025,2,8140,4042,4098,0,0,0,1.0,1,1.0,1,1.0,1,0.2470913802099967,50
5026,1,8141,4042,4099,0,0,0,1.0,1,1.0,1,1.0,1,0.21874824436794416,49
5027,1,8142,4043,4099,0,0,0,1.0,1,1.0,1,1.0,1,0.257806660371899,47
5028,1,8143,4044,4099,0,0,0,1.0,1,1.0,1,1.0,1,0.28352105560034657,47
5029,2,8145,4046,4099,0,0,0,1.0,1,1.0,1,1.0,1,0.2897428558640082,46
5030,4,8149,4047,4102,0,0,0,1.0,1,1.0,1,1.0,1,0.24903853924493258,48
5031,1,8150,4047,4103,0,0,0,1.0,1,1.0,1,1.0,1,0.2625735172267979,46
5032,2,8152,4048,4104,0,0,0,1.0,1,1.0,1,1.0,1,0.28797640959490545,46
5033,3,8155,4049,4106,0,0,0,1.0,1,1.0,1,1.0,1,0.2736751879277502,47
5034,1,8156,4049,4107,0,0,0,1.0,1,1.0,1,1.0,1,0.2588002640999029,48
5035,0,8156,4049,4107,0,0,0,1.0,1,1.0,1,1.0,1,0.24698287413436118,47
5036,1,8157,4050,4107,0,0,0,1.0,1,1.0,1,1.0,1,0.272489672059265,47
5037,0,8157,4050,4107,0,0,0,1.0,1,1.0,1,1.0,1,0.25857809898603795,47
5038,1,8158,4051,4107,0,0,0,1.0,1,1.0,1,1.0,1,0.2973695552412579,48
5039,1,8159,4051,4108,0,0,0,1.0,1,1.0,1,1.0,1,0.2683274281293384,47
5040,0,8159,4051,4108,0,0,0,1.0,1,1.0,1,1.0,1,0.2762806692097884,48
5041,0,8159,4051,4108,0,0,0,1.0,1,1.0,1,1.0,1,0.27531105345593787,49
5042,1,8160,4051,4109,0,0,0,1.0,1,1.0,1,1.0,1,0.2853991074261321,50
5043,0,8160,4051,4109,0,0,0,1.0,1,1.0,1,1.0,1,0.26985128396050645,51
5044,1,8161,4051,4110,0,0,0,1.0,1,1.0,1,1.0,1,0.25219179770579425,51
5045,1,8162,4052,4110,0,0,0,1.0,1,1.0,1,1.0,1,0.252917591935256,51
5046,1,8163,4053,4110,0,0,0,1.0,1,1.0,1,1.0,1,0.27429664372718665,52
5047,0,8163,4053,4110,0,0,0,1.0,1,1.0,1,1.0,1,0.2881081431296248,52
5048,0,8163,4053,4110,0,0,0,1.0,1,1.0,1,1.0,1,0.2881081431296248,52
5049,5,8168,4053,4115,0,0,0,1.0,1,1.0,1,1.0,1,0.24181138063823024,52
5050,2,8170,4054,4116,0,0,0,1.0,1,1.0,1,1.0,1,0.24680308299301953,55
5051,1,8171,4054,4117,0,0,0,1.0,1,1.0,1,1.0,1,0.2525352459014115,55
5052,0,8171,4054,4117,0,0,0,1.0,1,1.0,1,1.0,1,0.2525352459014115,55
5053,1,8172,4054,4118,0,0,0,1.0,1,1.0,1,1.0,1,0.2480549924250164,54
5054,1,8173,4055,4118,0,0,0,1.0,1,1.0,1,1.0,1,0.25186790626065986,54
5055,3,8176,4055,4121,0,0,0,1.0,1,1.0,1,1.0,1,0.24428391127950386,54
5056,2,8178,4055,4123,0,0,0,1.0,1,1.0,1,1.0,1,0.23474984436246613,55
5057,2,8180,4055,4125,0,0,0,1.0,1,1.0,1,1.0,1,0.2084889435827696,56
5058,4,8184,4055,4129,0,0,0,1.0,1,1.0,1,1.0,1,0.1813764673436503,58
5059,1,8185,4055,4130,0,0,0,1.0,1,1.0,1,1.0,1,0.17013489309136962,58
5060,1,8186,4056,4130,0,0,0,1.0,1,1.0,1,1.0,1,0.18069520668333625,59
5061,2,8188,4056,4132,0,0,0,1.0,1,1.0,1,1.0,1,0.1561482210258494,58
5062,1,8189,4057,4132,0,0,0,1.0,1,1.0,1,1.0,1,0.18218567612293518,58
5063,4,8193,4061,4132,0,0,0,1.0,1,1.0,1,1.0,1,0.24273918746509857,57
5064,3,8196,4063,4133,0,0,0,1.0,1,1.0,1,1.0,1,0.26699592939318795,57
5065,5,8201,4066,4135,0,0,0,1.0,1,1.0,1,1.0,1,0.2710956614357748,56
5066,0,8201,4066,4135,0,0,0,1.0,1,1.0,1,1.0,1,0.2691851809023043,55
5067,2,8203,4067,4136,0,0,0,1.0,1,1.0,1,1.0,1,0.25720232066120885,54
5068,4,8207,4068,4139,0,0,0,1.0,1,1.0,1,1.0,1,0.23703122458855433,54
5069,3,8210,4070,4140,0,0,0,1.0,1,1.0,1,1.0,1,0.23610271103752065,53
5070,6,8216,4072,4144,0,0,0,1.0,1,1.0,1,1.0,1,0.23807583312000946,53
5071,3,8219,4072,4147,0,0,0,1.0,1,1.0,1,1.0,1,0.17647068685167053,53
5072,1,8220,4073,4147,0,0,0,1.0,1,1.0,1,1.0,1,0.180981012344625,53
5073,0,8220,4073,4147,0,0,0,1.0,1,1.0,1,1.0,1,0.180981012344625,53
5074,1,8221,4073,4148,0,0,0,1.0,1,1.0,1,1.0,1,0.1699938865227306,52
5075,0,8221,4073,4148,0,0,0,1.0,1,1.0,1,1.0,1,0.1699938865227306,52
5076,2,8223,4074,4149,0,0,0,1.0,1,1.0,1,1.0,1,0.16763804172694138,55
5077,1,8224,4075,4149,0,0,0,1.0,1,1.0,1,1.0,1,0.20699424239139508,55
5078,0,8224,4075,4149,0,0,0,1.0,1,1.0,1,1.0,1,0.20699424239139508,55
5079,0,8224,4075,4149,0,0,0,1.0,1,1.0,1,1.0,1,0.22494301480520565,54
5080,1,8225,4076,4149,0,0,0,1.0,1,1.0,1,1.0,1,0.25017709521483933,55
5081,3,8228,4076,4152,0,0,0,1.0,1,1.0,1,1.0,1,0.21351438681314924,57
5082,3,8231,4076,4155,0,0,0,1.0,1,1.0,1,1.0,1,0.1722242476206252,57
5083,0,8231,4076,4155,0,0,0,1.0,1,1.0,1,1.0,1,0.18534704479313172,58
5084,1,8232,4076,4156,0,0,0,1.0,1,1.0,1,1.0,1,0.16372893408907707,58
5085,0,8232,4076,4156,0,0,0,1.0,1,1.0,1,1.0,1,0.1725353412337802,59
5086,2,8234,4078,4156,0,0,0,1.0,1,1.0,1,1.0,1,0.16579186985656813,60
5087,5,8239,4081,4158,0,0,0,1.0,1,1.0,1,1.0,1,0.19890676108706937,61
5088,3,8242,4082,4160,0,0,0,1.0,1,1.0,1,1.0,1,0.1755819525081844,62
5089,4,8246,4084,4162,0,0,0,1.0,1,1.0,1,1.0,1,0.16559824583676772,63
5090,0,8246,4084,4162,0,0,0,1.0,1,1.0,1,1.0,1,0.16559824583676772,63
5091,3,8249,4086,4163,0,0,0,1.0,1,1.0,1,1.0,1,0.1907556749417499,63
5092,0,8249,4086,4163,0,0,0,1.0,1,1.0,1,1.0,1,0.1907556749417499,63
5093,1,8250,4087,4163,0,0,0,1.0,1,1.0,1,1.0,1,0.1887265688838898,63
5094,2,8252,4088,4164,0,0,0,1.0,1,1.0,1,1.0,1,0.17626362537127965,64
5095,1,8253,4088,4165,0,0,0,1.0,1,1.0,1,1.0,1,0.17221717707432263,64
5096,1,8254,4089,4165,0,0,0,1.0,1,1.0,1,1.0,1,0.1969979076942532,67
5097,1,8255,4089,4166,0,0,0,1.0,1,1.0,1,1.0,1,0.18677115784092937,67
5098,0,8255,4089,4166,0,0,0,1.0,1,1.0,1,1.0,1,0.18505337632703198,68
5099,4,8259,4089,4170,0,0,0,1.0,1,1.0,1,1.0,1,0.1653317276166564,70
5100,2,8261,4090,4171,0,0,0,1.0,1,1.0,1,1.0,1,0.15979393320441004,71
5101,2,8263,4092,4171,0,0,0,1.0,1,1.0,1,1.0,1,0.14966751402248168,71
5102,6,8269,4097,4172,0,0,0,1.0,1,1.0,1,1.0,1,0.2044215293546727,70
5103,1,8270,4098,4172,0,0,0,1.0,1,1.0,1,1.0,1,0.17244180473340875,67
5104,4,8274,4100,4174,0,0,0,1.0,1,1.0,1,1.0,1,0.2034810803531719,67
5105,3,8277,4102,4175,0,0,0,1.0,1,1.0,1,1.0,1,0.15925654681782014,63
5106,3,8280,4104,4176,0,0,0,1.0,1,1.0,1,1.0,1,0.20604252966815523,63
5107,6,8286,4110,4176,0,0,0,1.0,1,1.0,1,1.0,1,0.26217266599044403,60
5108,3,8289,4110,4179,0,0,0,1.0,1,1.0,1,1.0,1,0.19566739677194947,56
5109,6,8295,4113,4182,0,0,0,1.0,1,1.0,1,1.0,1,0.19069295166047742,56
5110,2,8297,4115,4182,0,0,0,1.0,1,1.0,1,1.0,1,0.16635210809033302,52
5111,2,8299,4117,4182,0,0,0,1.0,1,1.0,1,1.0,1,0.21894429792103204,51
5112,5,8304,4119,4185,0,0,0,1.0,1,1.0,1,1.0,1,0.19910895786355715,50
5113,4,8308,4122,4186,0,0,0,1.0,1,1.0,1,1.0,1,0.23123327336214186,48
5114,3,8311,4125,4186,0,0,0,1.0,1,1.0,1,1.0,1,0.2190643530379131,46
5115,0,8311,4125,4186,0,0,0,1.0,1,1.0,1,1.0,1,0.21162070987321327,44
5116,1,8312,4126,4186,0,0,0,1.0,1,1.0,1,1.0,1,0.2430889873360114,44
5117,0,8312,4126,4186,0,0,0,1.0,1,1.0,1,1.0,1,0.23293993234098773,46
5118,1,8313,4127,4186,0,0,0,1.0,1,1.0,1,1.0,1,0.2180625989821985,46
5119,0,8313,4127,4186,0,0,0,1.0,1,1.0,1,1.0,1,0.2180625989821985,46
5120,0,8313,4127,4186,0,0,0,1.0,1,1.0,1,1.0,1,0.2180625989821985,46
5121,2,8315,4129,4186,0,0,0,1.0,1,1.0,1,1.0,1,0.23098388229786923,46
5122,2,8317,4130,4187,0,0,0,1.0,1,1.0,1,1.0,1,0.2261155766624702,46
5123,3,8320,4132,4188,0,0,0,1.0,1,1.0,1,1.0,1,0.23063891253468138,45
5124,3,8323,4134,4189,0,0,0,1.0,1,1.0,1,1.0,1,0.2194038123172921,47
5125,2,8325,4134,4191,0,0,0,1.0,1,1.0,1,1.0,1,0.2231375463155406,50
5126,4,8329,4136,4193,0,0,0,1.0,1,1.0,1,1.0,1,0.15423418784197887,50
5127,1,8330,4136,4194,0,0,0,1.0,1,1.0,1,1.0,1,0.15535571337618942,52
5128,2,8332,4137,4195,0,0,0,1.0,1,1.0,1,1.0,1,0.16717509537120342,53
5129,1,8333,4137,4196,0,0,0,1.0,1,1.0,1,1.0,1,0.1758303012230827,55
5130,1,8334,4138,4196,0,0,0,1.0,1,1.0,1,1.0,1,0.18920716147728966,55
5131,0,8334,4138,4196,0,0,0,1.0,1,1.0,1,1.0,1,0.19437162444846193,54
5132,1,8335,4138,4197,0,0,0,1.0,1,1.0,1,1.0,1,0.20340511220180107,54
5133,1,8336,4138,4198,0,0,0,1.0,1,1.0,1,1.0,1,0.18785860983088262,54
5134,0,8336,4138,4198,0,0,0,1.0,1,1.0,1,1.0,1,0.20590980422891,53
5135,2,8338,4138,4200,0,0,0,1.0,1,1.0,1,1.0,1,0.18365624837369038,54
5136,2,8340,4138,4202,0,0,0,1.0,1,1.0,1,1.0,1,0.18311388644652074,54
5137,0,8340,4138,4202,0,0,0,1.0,1,1.0,1,1.0,1,0.18311388644652074,54
5138,3,8343,4141,4202,0,0,0,1.0,1,1.0,1,1.0,1,0.22162422857663708,54
5139,1,8344,4142,4202,0,0,0,1.0,1,1.0,1,1.0,1,0.217766045532027,55
5140,5,8349,4145,4204,0,0,0,1.0,1,1.0,1,1.0,1,0.23084425014684054,55
5141,5,8354,4146,4208,0,0,0,1.0,1,1.0,1,1.0,1,0.17832463857325156,53
5142,5,8359,4148,4211,0,0,0,1.0,1,1.0,1,1.0,1,0.13255938160711236,54
5143,4,8363,4151,4212,0,0,0,1.0,1,1.0,1,1.0,1,0.15461288558947536,52
5144,3,8366,4153,4213,0,0,0,1.0,1,1.0,1,1.0,1,0.18887817354250022,50
5145,1,8367,4154,4213,0,0,0,1.0,1,1.0,1,1.0,1,0.19746481026768495,49
5146,0,8367,4154,4213,0,0,0,1.0,1,1.0,1,1.0,1,0.19755011145220921,49
5147,2,8369,4155,4214,0,0,0,1.0,1,1.0,1,1.0,1,0.18741909064232828,46
5148,2,8371,4156,4215,0,0,0,1.0,1,1.0,1,1.0,1,0.18225805349920485,46
5149,1,8372,4156,4216,0,0,0,1.0,1,1.0,1,1.0,1,0.15172948158091018,45
5150,2,8374,4158,4216,0,0,0,1.0,1,1.0,1,1.0,1,0.19288089202677752,47
5151,0,8374,4158,4216,0,0,0,1.0,1,1.0,1,1.0,1,0.17961829783054034,46
5152,4,8378,4160,4218,0,0,0,1.0,1,1.0,1,1.0,1,0.17832090023636332,46
5153,3,8381,4162,4219,0,0,0,1.0,1,1.0,1,1.0,1,0.18496913997278275,45
5154,3,8384,4164,4220,0,0,0,1.0,1,1.0,1,1.0,1,0.23700815962429528,47
5155,3,8387,4166,4221,0,0,0,1.0,1,1.0,1,1.0,1,0.25035933400224764,47
5156,1,8388,4167,4221,0,0,0,1.0,1,1.0,1,1.0,1,0.28018390603403265,47
5157,1,8389,4167,4222,0,0,0,1.0,1,1.0,1,1.0,1,0.2420587125260147,46
5158,1,8390,4167,4223,0,0,0,1.0,1,1.0,1,1.0,1,0.23911448086153703,47
5159,1,8391,4167,4224,0,0,0,1.0,1,1.0,1,1.0,1,0.22993221854317,49
5160,0,8391,4167,4224,0,0,0,1.0,1,1.0,1,1.0,1,0.22137138601739842,48
5161,0,8391,4167,4224,0,0,0,1.0,1,1.0,1,1.0,1,0.22137138601739842,48
5162,2,8393,4167,4226,0,0,0,1.0,1,1.0,1,1.0,1,0.18066244905708567,49
5163,1,8394,4167,4227,0,0,0,1.0,1,1.0,1,1.0,1,0.17288285692966143,51
5164,0,8394,4167,4227,0,0,0,1.0,1,1.0,1,1.0,1,0.17288285692966143,51
5165,1,8395,4167,4228,0,0,0,1.0,1,1.0,1,1.0,1,0.18827646858865044,52
5166,2,8397,4169,4228,0,0,0,1.0,1,1.0,1,1.0,1,0.18345420479756616,52
5167,2,8399,4171,4228,0,0,0,1.0,1,1.0,1,1.0,1,0.188147957110692,52
5168,0,8399,4171,4228,0,0,0,1.0,1,1.0,1,1.0,1,0.188147957110692,52
5169,2,8401,4173,4228,0,0,0,1.0,1,1.0,1,1.0,1,0.2081644210169513,53
5170,3,8404,4173,4231,0,0,0,1.0,1,1.0,1,1.0,1,0.1647760278250128,53
5171,1,8405,4173,4232,0,0,0,1.0,1,1.0,1,1.0,1,0.16809493544792245,52
5172,2,8407,4174,4233,0,0,0,1.0,1,1.0,1,1.0,1,0.1584265678659792,53
5173,1,8408,4174,4234,0,0,0,1.0,1,1.0,1,1.0,1,0.14526336801829268,54
5174,1,8409,4175,4234,0,0,0,1.0,1,1.0,1,1.0,1,0.17801169468678826,56
5175,2,8411,4176,4235,0,0,0,1.0,1,1.0,1,1.0,1,0.17905785955576103,58
5176,0,8411,4176,4235,0,0,0,1.0,1,1.0,1,1.0,1,0.17905785955576103,58
5177,1,8412,4176,4236,0,0,0,1.0,1,1.0,1,1.0,1,0.16719660362588784,59
5178,4,8416,4178,4238,0,0,0,1.0,1,1.0,1,1.0,1,0.12540853230379978,57
5179,0,8416,4178,4238,0,0,0,1.0,1,1.0,1,1.0,1,0.13849910013399402,58
5180,1,8417,4179,4238,0,0,0,1.0,1,1.0,1,1.0,1,0.13786057977992613,56
5181,2,8419,4181,4238,0,0,0,1.0,1,1.0,1,1.0,1,0.17218454580360928,57
5182,4,8423,4184,4239,0,0,0,1.0,1,1.0,1,1.0,1,0.2129117625021474,56
5183,1,8424,4185,4239,0,0,0,1.0,1,1.0,1,1.0,1,0.21740945820549484,57
5184,4,8428,4187,4241,0,0,0,1.0,1,1.0,1,1.0,1,0.23891533425087955,56
5185,3,8431,4187,4244,0,0,0,1.0,1,1.0,1,1.0,1,0.20199799459104162,56
5186,2,8433,4189,4244,0,0,0,1.0,1,1.0,1,1.0,1,0.2099273669890335,54
5187,0,8433,4189,4244,0,0,0,1.0,1,1.0,1,1.0,1,0.22540383289131094,51
5188,2,8435,4190,4245,0,0,0,1.0,1,1.0,1,1.0,1,0.25544972542527494,50
5189,0,8435,4190,4245,0,0,0,1.0,1,1.0,1,1.0,1,0.23735440594478052,49
5190,4,8439,4192,4247,0,0,0,1.0,1,1.0,1,1.0,1,0.2208388604865694,50
5191,1,8440,4192,4248,0,0,0,1.0,1,1.0,1,1.0,1,0.21038173015155215,50
5192,3,8443,4194,4249,0,0,0,1.0,1,1.0,1,1.0,1,0.17158519727763982,49
5193,1,8444,4194,4250,0,0,0,1.0,1,1.0,1,1.0,1,0.17035005380053236,50
5194,1,8445,4195,4250,0,0,0,1.0,1,1.0,1,1.0,1,0.19883610791302675,51
5195,2,8447,4196,4251,0,0,0,1.0,1,1.0,1,1.0,1,0.20557454143090667,51
5196,2,8449,4196,4253,0,0,0,1.0,1,1.0,1,1.0,1,0.18424012951152344,51
5197,1,8450,4196,4254,0,0,0,1.0,1,1.0,1,1.0,1,0.16722013911669337,51
5198,0,8450,4196,4254,0,0,0,1.0,1,1.0,1,1.0,1,0.16722013911669337,51
5199,0,8450,4196,4254,0,0,0,1.0,1,1.0,1,1.0,1,0.17063510269198384,54
5200,2,8452,4197,4255,0,0,0,1.0,1,1.0,1,1.0,1,0.13559942406141734,54
5201,2,8454,4199,4255,0,0,0,1.0,1,1.0,1,1.0,1,0.15309398543662092,55
5202,2,8456,4199,4257,0,0,0,1.0,1,1.0,1,1.0,1,0.14689543917250653,56
5203,0,8456,4199,4257,0,0,0,1.0,1,1.0,1,1.0,1,0.14689543917250653,56
5204,2,8458,4199,4259,0,0,0,1.0,1,1.0,1,1.0,1,0.14832215938101723,58
5205,0,8458,4199,4259,0,0,0,1.0,1,1.0,1,1.0,1,0.14832215938101723,58
5206,0,8458,4199,4259,0,0,0,1.0,1,1.0,1,1.0,1,0.14832215938101723,58
5207,2,8460,4201,4259,0,0,0,1.0,1,1.0,1,1.0,1,0.13584986392338227,59
5208,1,8461,4201,4260,0,0,0,1.0,1,1.0,1,1.0,1,0.1267269334997307,58
5209,0,8461,4201,4260,0,0,0,1.0,1,1.0,1,1.0,1,0.1267269334997307,58
5210,0,8461,4201,4260,0,0,0,1.0,1,1.0,1,1.0,1,0.1437977818768722,57
5211,1,8462,4202,4260,0,0,0,1.0,1,1.0,1,1.0,1,0.16195621860160714,57
5212,4,8466,4202,4264,0,0,0,1.0,1,1.0,1,1.0,1,0.12882270143192848,59
5213,2,8468,4204,4264,0,0,0,1.0,1,1.0,1,1.0,1,0.1650017138156205,59
5214,4,8472,4206,4266,0,0,0,1.0,1,1.0,1,1.0,1,0.21421470718103758,59
5215,1,8473,4207,4266,0,0,0,1.0,1,1.0,1,1.0,1,0.23303485917443462,58
5216,0,8473,4207,4266,0,0,0,1.0,1,1.0,1,1.0,1,0.21615606400016252,59
5217,4,8477,4210,4267,0,0,0,1.0,1,1.0,1,1.0,1,0.21830453995227803,58
5218,4,8481,4213,4268,0,0,0,1.0,1,1.0,1,1.0,1,0.2534782942721051,58
5219,1,8482,4213,4269,0,0,0,1.0,1,1.0,1,1.0,1,0.20289081582600252,57
5220,1,8483,4213,4270,0,0,0,1.0,1,1.0,1,1.0,1,0.21284600445183918,56
5221,1,8484,4214,4270,0,0,0,1.0,1,1.0,1,1.0,1,0.22686002430748128,58
5222,4,8488,4216,4272,0,0,0,1.0,1,1.0,1,1.0,1,0.21165109860822728,56
5223,2,8490,4217,4273,0,0,0,1.0,1,1.0,1,1.0,1,0.2604651896784178,55
5224,5,8495,4217,4278,0,0,0,1.0,1,1.0,1,1.0,1,0.20243853560327396,56
5225,0,8495,4217,4278,0,0,0,1.0,1,1.0,1,1.0,1,0.21046049918591528,55
5226,0,8495,4217,4278,0,0,0,1.0,1,1.0,1,1.0,1,0.21046049918591528,55
5227,1,8496,4217,4279,0,0,0,1.0,1,1.0,1,1.0,1,0.21890904817920012,53
5228,0,8496,4217,4279,0,0,0,1.0,1,1.0,1,1.0,1,0.20922732677712064,51
5229,3,8499,4218,4281,0,0,0,1.0,1,1.0,1,1.0,1,0.20451047629769892,51
5230,1,8500,4218,4282,0,0,0,1.0,1,1.0,1,1.0,1,0.18269528183851586,51
5231,1,8501,4219,4282,0,0,0,1.0,1,1.0,1,1.0,1,0.2156286696618202,52
5232,1,8502,4220,4282,0,0,0,1.0,1,1.0,1,1.0,1,0.2546759329846603,52
5233,2,8504,4220,4284,0,0,0,1.0,1,1.0,1,1.0,1,0.25178461668588487,53
5234,5,8509,4221,4288,0,0,0,1.0,1,1.0,1,1.0,1,0.23979772861696858,53
5235,3,8512,4222,4290,0,0,0,1.0,1,1.0,1,1.0,1,0.23544143087555652,53
5236,5,8517,4225,4292,0,0,0,1.0,1,1.0,1,1.0,1,0.2263553201638018,52
5237,0,8517,4225,4292,0,0,0,1.0,1,1.0,1,1.0,1,0.25714770205778964,52
5238,2,8519,4227,4292,0,0,0,1.0,1,1.0,1,1.0,1,0.27678676872615127,52
5239,2,8521,4227,4294,0,0,0,1.0,1,1.0,1,1.0,1,0.2642011106071391,51
5240,2,8523,4228,4295,0,0,0,1.0,1,1.0,1,1.0,1,0.2818797594792849,53
5241,0,8523,4228,4295,0,0,0,1.0,1,1.0,1,1.0,1,0.2954448478501167,53
5242,1,8524,4228,4296,0,0,0,1.0,1,1.0,1,1.0,1,0.2951203570194394,51
5243,2,8526,4228,4298,0,0,0,1.0,1,1.0,1,1.0,1,0.27138721742534583,51
5244,2,8528,4229,4299,0,0,0,1.0,1,1.0,1,1.0,1,0.267329393330419,52
5245,1,8529,4229,4300,0,0,0,1.0,1,1.0,1,1.0,1,0.24627537157344467,53
5246,3,8532,4231,4301,0,0,0,1.0,1,1.0,1,1.0,1,0.22950489085614467,53
5247,0,8532,4231,4301,0,0,0,1.0,1,1.0,1,1.0,1,0.23611435414068518,54
5248,1,8533,4232,4301,0,0,0,1.0,1,1.0,1,1.0,1,0.22272364236616385,54
5249,3,8536,4233,4303,0,0,0,1.0,1,1.0,1,1.0,1,0.19936044047529414,55
5250,1,8537,4233,4304,0,0,0,1.0,1,1.0,1,1.0,1,0.20942913050056294,57
5251,1,8538,4233,4305,0,0,0,1.0,1,1.0,1,1.0,1,0.20011535655124135,58
5252,1,8539,4234,4305,0,0,0,1.0,1,1.0,1,1.0,1,0.1891518868932497,58
5253,2,8541,4236,4305,0,0,0,1.0,1,1.0,1,1.0,1,0.23462724738243418,58
5254,3,8544,4236,4308,0,0,0,1.0,1,1.0,1,1.0,1,0.21511729816979472,59
5255,3,8547,4239,4308,0,0,0,1.0,1,1.0,1,1.0,1,0.24157131566745446,58
5256,0,8547,4239,4308,0,0,0,1.0,1,1.0,1,1.0,1,0.26391534555991136,58
5257,1,8548,4239,4309,0,0,0,1.0,1,1.0,1,1.0,1,0.250058319705749,57
5258,2,8550,4240,4310,0,0,0,1.0,1,1.0,1,1.0,1,0.25055473285910856,55
5259,0,8550,4240,4310,0,0,0,1.0,1,1.0,1,1.0,1,0.2524580329029308,56
5260,0,8550,4240,4310,0,0,0,1.0,1,1.0,1,1.0,1,0.24603346155530506,55
5261,1,8551,4241,4310,0,0,0,1.0,1,1.0,1,1.0,1,0.27535810331000254,54
5262,1,8552,4242,4310,0,0,0,1.0,1,1.0,1,1.0,1,0.2939975839844115,54
5263,6,8558,4245,4313,0,0,0,1.0,1,1.0,1,1.0,1,0.3093059412276759,55
5264,3,8561,4246,4315,0,0,0,1.0,1,1.0,1,1.0,1,0.2887067222697611,53
5265,3,8564,4249,4315,0,0,0,1.0,1,1.0,1,1.0,1,0.316290274674958,52
5266,2,8566,4250,4316,0,0,0,1.0,1,1.0,1,1.0,1,0.31055051966377256,49
5267,1,8567,4250,4317,0,0,0,1.0,1,1.0,1,1.0,1,0.3058389026200063,49
5268,4,8571,4252,4319,0,0,0,1.0,1,1.0,1,1.0,1,0.2997255898567259,46
5269,2,8573,4253,4320,0,0,0,1.0,1,1.0,1,1.0,1,0.30212151244492474,45
5270,4,8577,4255,4322,0,0,0,1.0,1,1.0,1,1.0,1,0.28836175577067136,46
5271,4,8581,4257,4324,0,0,0,1.0,1,1.0,1,1.0,1,0.2653139941949241,46
5272,1,8582,4257,4325,0,0,0,1.0,1,1.0,1,1.0,1,0.2546789254105663,45
5273,4,8586,4260,4326,0,0,0,1.0,1,1.0,1,1.0,1,0.24473833253951213,45
5274,2,8588,4260,4328,0,0,0,1.0,1,1.0,1,1.0,1,0.2284779621088945,45
5275,4,8592,4262,4330,0,0,0,1.0,1,1.0,1,1.0,1,0.20507637482305022,46
5276,4,8596,4265,4331,0,0,0,1.0,1,1.0,1,1.0,1,0.23721182274223646,45
5277,0,8596,4265,4331,0,0,0,1.0,1,1.0,1,1.0,1,0.23754982212192136,45
5278,1,8597,4266,4331,0,0,0,1.0,1,1.0,1,1.0,1,0.24727878650721605,44
5279,0,8597,4266,4331,0,0,0,1.0,1,1.0,1,1.0,1,0.24934801023955014,45
5280,0,8597,4266,4331,0,0,0,1.0,1,1.0,1,1.0,1,0.2582522495501995,46
5281,0,8597,4266,4331,0,0,0,1.0,1,1.0,1,1.0,1,0.2582522495501995,46
5282,1,8598,4267,4331,0,0,0,1.0,1,1.0,1,1.0,1,0.2884634120559296,47
5283,2,8600,4267,4333,0,0,0,1.0,1,1.0,1,1.0,1,0.26640958413408844,48
5284,1,8601,4267,4334,0,0,0,1.0,1,1.0,1,1.0,1,0.24154685627650455,48
5285,1,8602,4267,4335,0,0,0,1.0,1,1.0,1,1.0,1,0.21408052521598597,48
5286,1,8603,4267,4336,0,0,0,1.0,1,1.0,1,1.0,1,0.21935977395432796,50
5287,0,8603,4267,4336,0,0,0,1.0,1,1.0,1,1.0,1,0.21935977395432796,50
5288,0,8603,4267,4336,0,0,0,1.0,1,1.0,1,1.0,1,0.2273934183646415,51
5289,0,8603,4267,4336,0,0,0,1.0,1,1.0,1,1.0,1,0.2273934183646415,51
5290,0,8603,4267,4336,0,0,0,1.0,1,1.0,1,1.0,1,0.2378259796330704,52
5291,5,8608,4269,4339,0,0,0,1.0,1,1.0,1,1.0,1,0.2592874022649052,52
5292,2,8610,4269,4341,0,0,0,1.0,1,1.0,1,1.0,1,0.22839525502735342,53
5293,1,8611,4270,4341,0,0,0,1.0,1,1.0,1,1.0,1,0.291985192338392,51
5294,1,8612,4271,4341,0,0,0,1.0,1,1.0,1,1.0,1,0.296403607441009,50
5295,0,8612,4271,4341,0,0,0,1.0,1,1.0,1,1.0,1,0.33827872802495174,49
5296,1,8613,4272,4341,0,0,0,1.0,1,1.0,1,1.0,1,0.3405136288407566,48
5297,0,8613,4272,4341,0,0,0,1.0,1,1.0,1,1.0,1,0.3620082825376453,46
5298,1,8614,4272,4342,0,0,0,1.0,1,1.0,1,1.0,1,0.3594642365563948,46
5299,0,8614,4272,4342,0,0,0,1.0,1,1.0,1,1.0,1,0.36578808898436904,47
5300,0,8614,4272,4342,0,0,0,1.0,1,1.0,1,1.0,1,0.3470360022150597,48
5301,0,8614,4272,4342,0,0,0,1.0,1,1.0,1,1.0,1,0.3470360022150597,48
5302,5,8619,4276,4343,0,0,0,1.0,1,1.0,1,1.0,1,0.3447667291983175,49
5303,5,8624,4278,4346,0,0,0,1.0,1,1.0,1,1.0,1,0.31702012526080264,48
5304,1,8625,4279,4346,0,0,0,1.0,1,1.0,1,1.0,1,0.32222626840938123,48
5305,1,8626,4280,4346,0,0,0,1.0,1,1.0,1,1.0,1,0.3433496469011648,47
5306,3,8629,4281,4348,0,0,0,1.0,1,1.0,1,1.0,1,0.3133334992746249,48
5307,0,8629,4281,4348,0,0,0,1.0,1,1.0,1,1.0,1,0.3118482508213772,48
5308,0,8629,4281,4348,0,0,0,1.0,1,1.0,1,1.0,1,0.31312256480435324,47
5309,1,8630,4282,4348,0,0,0,1.0,1,1.0,1,1.0,1,0.3455215986759517,46
5310,2,8632,4283,4349,0,0,0,1.0,1,1.0,1,1.0,1,0.3375166753916935,46
5311,2,8634,4284,4350,0,0,0,1.0,1,1.0,1,1.0,1,0.3389000663928419,46
5312,4,8638,4285,4353,0,0,0,1.0,1,1.0,1,1.0,1,0.33884164463281674,46
5313,2,8640,4285,4355,0,0,0,1.0,1,1.0,1,1.0,1,0.30385895720948164,46
5314,1,8641,4285,4356,0,0,0,1.0,1,1.0,1,1.0,1,0.2964225398964304,46
5315,4,8645,4286,4359,0,0,0,1.0,1,1.0,1,1.0,1,0.2885373805433829,47
5316,6,8651,4287,4364,0,0,0,1.0,1,1.0,1,1.0,1,0.22297577194212564,48
5317,0,8651,4287,4364,0,0,0,1.0,1,1.0,1,1.0,1,0.22524344326864934,49
5318,6,8657,4290,4367,0,0,0,1.0,1,1.0,1,1.0,1,0.1546068602505492,49
5319,1,8658,4291,4367,0,0,0,1.0,1,1.0,1,1.0,1,0.18619747943169787,50
5320,3,8661,4292,4369,0,0,0,1.0,1,1.0,1,1.0,1,0.18474022994673966,51
5321,1,8662,4292,4370,0,0,0,1.0,1,1.0,1,1.0,1,0.1464261763891978,52
5322,0,8662,4292,4370,0,0,0,1.0,1,1.0,1,1.0,1,0.1540879892990739,53
5323,0,8662,4292,4370,0,0,0,1.0,1,1.0,1,1.0,1,0.16334016150822128,53
5324,1,8663,4293,4370,0,0,0,1.0,1,1.0,1,1.0,1,0.20038646722886047,55
5325,1,8664,4294,4370,0,0,0,1.0,1,1.0,1,1.0,1,0.20313270888090093,55
5326,0,8664,4294,4370,0,0,0,1.0,1,1.0,1,1.0,1,0.20313270888090093,55
5327,2,8666,4294,4372,0,0,0,1.0,1,1.0,1,1.0,1,0.1881263063416111,56
5328,1,8667,4295,4372,0,0,0,1.0,1,1.0,1,1.0,1,0.20677957323185117,57
5329,3,8670,4295,4375,0,0,0,1.0,1,1.0,1,1.0,1,0.15494616225549626,57
5330,1,8671,4296,4375,0,0,0,1.0,1,1.0,1,1.0,1,0.1622698869785636,56
5331,0,8671,4296,4375,0,0,0,1.0,1,1.0,1,1.0,1,0.1724474916415294,57
5332,0,8671,4296,4375,0,0,0,1.0,1,1.0,1,1.0,1,0.17439633648686648,58
5333,0,8671,4296,4375,0,0,0,1.0,1,1.0,1,1.0,1,0.18623350999602337,59
5334,1,8672,4297,4375,0,0,0,1.0,1,1.0,1,1.0,1,0.2011185268190532,59
5335,2,8674,4297,4377,0,0,0,1.0,1,1.0,1,1.0,1,0.16424319173853574,58
5336,2,8676,4298,4378,0,0,0,1.0,1,1.0,1,1.0,1,0.17987658033918041,59
5337,1,8677,4298,4379,0,0,0,1.0,1,1.0,1,1.0,1,0.17893044518344475,60
5338,1,8678,4298,4380,0,0,0,1.0,1,1.0,1,1.0,1,0.1667036650681857,60
5339,0,8678,4298,4380,0,0,0,1.0,1,1.0,1,1.0,1,0.1667036650681857,60
5340,1,8679,4299,4380,0,0,0,1.0,1,1.0,1,1.0,1,0.1723986176011422,60
5341,1,8680,4300,4380,0,0,0,1.0,1,1.0,1,1.0,1,0.17611035292659694,61
5342,4,8684,4302,4382,0,0,0,1.0,1,1.0,1,1.0,1,0.21080936441693585,59
5343,3,8687,4304,4383,0,0,0,1.0,1,1.0,1,1.0,1,0.19871714261955462,58
5344,4,8691,4305,4386,0,0,0,1.0,1,1.0,1,1.0,1,0.17941529683476964,58
5345,3,8694,4307,4387,0,0,0,1.0,1,1.0,1,1.0,1,0.2191827324505958,54
5346,3,8697,4308,4389,0,0,0,1.0,1,1.0,1,1.0,1,0.2029456121301584,54
5347,4,8701,4312,4389,0,0,0,1.0,1,1.0,1,1.0,1,0.19804119656760288,54
5348,3,8704,4313,4391,0,0,0,1.0,1,1.0,1,1.0,1,0.17972080662131862,55
5349,4,8708,4314,4394,0,0,0,1.0,1,1.0,1,1.0,1,0.1684116328771719,56
5350,2,8710,4315,4395,0,0,0,1.0,1,1.0,1,1.0,1,0.1788560394991093,56
5351,1,8711,4315,4396,0,0,0,1.0,1,1.0,1,1.0,1,0.15163558851564526,57
5352,1,8712,4316,4396,0,0,0,1.0,1,1.0,1,1.0,1,0.1960682268383848,57
5353,2,8714,4317,4397,0,0,0,1.0,1,1.0,1,1.0,1,0.1567249642465396,57
5354,0,8714,4317,4397,0,0,0,1.0,1,1.0,1,1.0,1,0.15852766465074308,56
5355,0,8714,4317,4397,0,0,0,1.0,1,1.0,1,1.0,1,0.15671075949341443,57
5356,0,8714,4317,4397,0,0,0,1.0,1,1.0,1,1.0,1,0.17215498719076422,56
5357,1,8715,4317,4398,0,0,0,1.0,1,1.0,1,1.0,1,0.18425212800833576,56
5358,1,8716,4318,4398,0,0,0,1.0,1,1.0,1,1.0,1,0.16407577828455472,57
5359,0,8716,4318,4398,0,0,0,1.0,1,1.0,1,1.0,1,0.16407577828455472,57
5360,2,8718,4319,4399,0,0,0,1.0,1,1.0,1,1.0,1,0.16962645462597326,55
5361,1,8719,4320,4399,0,0,0,1.0,1,1.0,1,1.0,1,0.19380167154139055,56
5362,1,8720,4321,4399,0,0,0,1.0,1,1.0,1,1.0,1,0.20471969818921884,57
5363,0,8720,4321,4399,0,0,0,1.0,1,1.0,1,1.0,1,0.20471969818921884,57
5364,1,8721,4321,4400,0,0,0,1.0,1,1.0,1,1.0,1,0.1977926638623792,58
5365,1,8722,4322,4400,0,0,0,1.0,1,1.0,1,1.0,1,0.2295385584885143,59
5366,8,8730,4323,4407,0,0,0,1.0,1,1.0,1,1.0,1,0.1814949852121938,60
5367,1,8731,4324,4407,0,0,0,1.0,1,1.0,1,1.0,1,0.1873034417562286,60
5368,1,8732,4325,4407,0,0,0,1.0,1,1.0,1,1.0,1,0.1910637072896704,58
5369,1,8733,4326,4407,0,0,0,1.0,1,1.0,1,1.0,1,0.18417591542305548,58
5370,1,8734,4327,4407,0,0,0,1.0,1,1.0,1,1.0,1,0.2041675705584195,57
5371,4,8738,4328,4410,0,0,0,1.0,1,1.0,1,1.0,1,0.19015836094761698,56
5372,4,8742,4331,4411,0,0,0,1.0,1,1.0,1,1.0,1,0.2174834034467853,55
5373,4,8746,4334,4412,0,0,0,1.0,1,1.0,1,1.0,1,0.2409718661862006,54
5374,4,8750,4335,4415,0,0,0,1.0,1,1.0,1,1.0,1,0.1955311526346377,53
5375,4,8754,4336,4418,0,0,0,1.0,1,1.0,1,1.0,1,0.19871714038369223,52
5376,1,8755,4336,4419,0,0,0,1.0,1,1.0,1,1.0,1,0.16521152205875236,52
5377,1,8756,4337,4419,0,0,0,1.0,1,1.0,1,1.0,1,0.192147101305722,51
5378,3,8759,4340,4419,0,0,0,1.0,1,1.0,1,1.0,1,0.23972785717691192,52
5379,1,8760,4340,4420,0,0,0,1.0,1,1.0,1,1.0,1,0.23838855326931865,50
5380,2,8762,4340,4422,0,0,0,1.0,1,1.0,1,1.0,1,0.23117063981737354,51
5381,2,8764,4341,4423,0,0,0,1.0,1,1.0,1,1.0,1,0.16872194510960806,50
5382,0,8764,4341,4423,0,0,0,1.0,1,1.0,1,1.0,1,0.18561767112666544,48
5383,0,8764,4341,4423,0,0,0,1.0,1,1.0,1,1.0,1,0.184792128689354,48
5384,1,8765,4341,4424,0,0,0,1.0,1,1.0,1,1.0,1,0.16392670922657634,48
5385,0,8765,4341,4424,0,0,0,1.0,1,1.0,1,1.0,1,0.1693635272604684,47
5386,3,8768,4344,4424,0,0,0,1.0,1,1.0,1,1.0,1,0.17775789175200948,48
5387,0,8768,4344,4424,0,0,0,1.0,1,1.0,1,1.0,1,0.17749139153037752,48
5388,0,8768,4344,4424,0,0,0,1.0,1,1.0,1,1.0,1,0.17749139153037752,48
5389,0,8768,4344,4424,0,0,0,1.0,1,1.0,1,1.0,1,0.1711228482717765,50
5390,2,8770,4346,4424,0,0,0,1.0,1,1.0,1,1.0,1,0.1849232676720039,52
5391,2,8772,4347,4425,0,0,0,1.0,1,1.0,1,1.0,1,0.1878416945101356,52
5392,1,8773,4347,4426,0,0,0,1.0,1,1.0,1,1.0,1,0.17575923491473158,51
5393,3,8776,4350,4426,0,0,0,1.0,1,1.0,1,1.0,1,0.2324294525963731,50
5394,1,8777,4350,4427,0,0,0,1.0,1,1.0,1,1.0,1,0.21873323186696805,50
5395,4,8781,4352,4429,0,0,0,1.0,1,1.0,1,1.0,1,0.21454803208468087,49
5396,2,8783,4354,4429,0,0,0,1.0,1,1.0,1,1.0,1,0.23554355604547975,48
5397,2,8785,4355,4430,0,0,0,1.0,1,1.0,1,1.0,1,0.2053433944741378,48
5398,1,8786,4355,4431,0,0,0,1.0,1,1.0,1,1.0,1,0.19511849118752297,46
5399,2,8788,4357,4431,0,0,0,1.0,1,1.0,1,1.0,1,0.19889671317550758,46
5400,2,8790,4359,4431,0,0,0,1.0,1,1.0,1,1.0,1,0.26595035915015003,48
5401,1,8791,4359,4432,0,0,0,1.0,1,1.0,1,1.0,1,0.22776532834821206,49
5402,0,8791,4359,4432,0,0,0,1.0,1,1.0,1,1.0,1,0.0,0
