,SuccessfulHandoverCount,TotalSuccessfulHandoverCount,TotalSuccessfulHandoverCountRange,TotalSuccessfulHandoverCountLoadBalancing,TotalSuccessfulHandoverCountOverload,FailedHandoverCount,TotalFailedHandoverCount,AvgQoS,MinQoS,AvgQoS_LoadBased,MinQoS_LoadBased,AvgQoS_RangeBased,MinQoS_RangeBased,GiniLoad,VehicleCount
0,0,0,0,0,0,0,0,1.0,1,1.0,1,1.0,1,0.0,0
1,16,16,0,16,0,0,0,1.0,1,1.0,1,1.0,1,0.2981687554246577,30
2,17,33,0,33,0,0,0,1.0,1,1.0,1,1.0,1,0.2838240682696022,32
3,8,41,0,41,0,0,0,1.0,1,1.0,1,1.0,1,0.24939211196566097,33
4,13,54,0,54,0,0,0,1.0,1,1.0,1,1.0,1,0.17969812735158372,34
5,7,61,0,61,0,0,0,1.0,1,1.0,1,1.0,1,0.20793872312937556,36
6,1,62,0,62,0,0,0,1.0,1,1.0,1,1.0,1,0.17711685340782157,38
7,1,63,0,63,0,0,0,1.0,1,1.0,1,1.0,1,0.16826244456004302,40
8,0,63,0,63,0,0,0,1.0,1,1.0,1,1.0,1,0.16826244456004302,40
9,0,63,0,63,0,0,0,1.0,1,1.0,1,1.0,1,0.16826244456004302,40
10,0,63,0,63,0,0,0,1.0,1,1.0,1,1.0,1,0.18070457165056994,41
11,0,63,0,63,0,0,0,1.0,1,1.0,1,1.0,1,0.18012638508497103,40
12,1,64,1,63,0,0,0,1.0,1,1.0,1,1.0,1,0.1752026079657916,39
13,4,68,4,64,0,0,0,1.0,1,1.0,1,1.0,1,0.22367440802333424,37
14,1,69,4,65,0,0,0,1.0,1,1.0,1,1.0,1,0.2371922254725597,35
15,0,69,4,65,0,0,0,1.0,1,1.0,1,1.0,1,0.23157596778847211,36
16,0,69,4,65,0,0,0,1.0,1,1.0,1,1.0,1,0.2648169665728364,34
17,0,69,4,65,0,0,0,1.0,1,1.0,1,1.0,1,0.2905186940140311,33
18,1,70,4,66,0,0,0,1.0,1,1.0,1,1.0,1,0.2655390662683249,34
19,2,72,5,67,0,0,0,1.0,1,1.0,1,1.0,1,0.28043612758418146,34
20,0,72,5,67,0,0,0,1.0,1,1.0,1,1.0,1,0.2595958419229777,34
21,3,75,6,69,0,0,0,1.0,1,1.0,1,1.0,1,0.25492409221617157,36
22,0,75,6,69,0,0,0,1.0,1,1.0,1,1.0,1,0.2632978448249374,35
23,5,80,8,72,0,0,0,1.0,1,1.0,1,1.0,1,0.2648799094364435,35
24,2,82,10,72,0,0,0,1.0,1,1.0,1,1.0,1,0.24340443650103466,35
25,5,87,14,73,0,0,0,1.0,1,1.0,1,1.0,1,0.33714264948837336,35
26,6,93,17,76,0,0,0,1.0,1,1.0,1,1.0,1,0.2737716948935829,36
27,2,95,19,76,0,0,0,1.0,1,1.0,1,1.0,1,0.23261544039215798,34
28,0,95,19,76,0,0,0,1.0,1,1.0,1,1.0,1,0.23371844319239063,35
29,0,95,19,76,0,0,0,1.0,1,1.0,1,1.0,1,0.21639228422902382,33
30,1,96,20,76,0,0,0,1.0,1,1.0,1,1.0,1,0.24391063524107523,33
31,1,97,21,76,0,0,0,1.0,1,1.0,1,1.0,1,0.32122900371177215,33
32,1,98,22,76,0,0,0,1.0,1,1.0,1,1.0,1,0.3392373397015879,32
33,2,100,22,78,0,0,0,1.0,1,1.0,1,1.0,1,0.3050017897967123,33
34,4,104,24,80,0,0,0,1.0,1,1.0,1,1.0,1,0.3393599731593083,33
35,0,104,24,80,0,0,0,1.0,1,1.0,1,1.0,1,0.32210433717797354,35
36,2,106,24,82,0,0,0,1.0,1,1.0,1,1.0,1,0.3020567084896475,36
37,3,109,25,84,0,0,0,1.0,1,1.0,1,1.0,1,0.21496154611597487,37
38,0,109,25,84,0,0,0,1.0,1,1.0,1,1.0,1,0.22603072302139463,36
39,1,110,25,85,0,0,0,1.0,1,1.0,1,1.0,1,0.23694476741728,38
40,0,110,25,85,0,0,0,1.0,1,1.0,1,1.0,1,0.2621206027849817,40
41,1,111,25,86,0,0,0,1.0,1,1.0,1,1.0,1,0.24794329907959153,40
42,3,114,28,86,0,0,0,1.0,1,1.0,1,1.0,1,0.28905623846953704,40
43,6,120,29,91,0,0,0,1.0,1,1.0,1,1.0,1,0.2789920545869974,43
44,2,122,29,93,0,0,0,1.0,1,1.0,1,1.0,1,0.2268875849558184,43
45,0,122,29,93,0,0,0,1.0,1,1.0,1,1.0,1,0.21068705672138185,44
46,0,122,29,93,0,0,0,1.0,1,1.0,1,1.0,1,0.21068705672138185,44
47,0,122,29,93,0,0,0,1.0,1,1.0,1,1.0,1,0.21068705672138185,44
48,2,124,31,93,0,0,0,1.0,1,1.0,1,1.0,1,0.2650511111937776,44
49,0,124,31,93,0,0,0,1.0,1,1.0,1,1.0,1,0.23837445220491074,41
50,1,125,32,93,0,0,0,1.0,1,1.0,1,1.0,1,0.27734433721379614,40
51,0,125,32,93,0,0,0,1.0,1,1.0,1,1.0,1,0.2825508584687606,38
52,2,127,33,94,0,0,0,1.0,1,1.0,1,1.0,1,0.34635090738463364,37
53,0,127,33,94,0,0,0,1.0,1,1.0,1,1.0,1,0.3589037677024308,38
54,2,129,34,95,0,0,0,1.0,1,1.0,1,1.0,1,0.3386019929315906,38
55,2,131,34,97,0,0,0,1.0,1,1.0,1,1.0,1,0.3042718355553585,38
56,2,133,35,98,0,0,0,1.0,1,1.0,1,1.0,1,0.3300837217489325,38
57,1,134,36,98,0,0,0,1.0,1,1.0,1,1.0,1,0.3213797263478798,38
58,4,138,39,99,0,0,0,1.0,1,1.0,1,1.0,1,0.3298621743832301,38
59,1,139,39,100,0,0,0,1.0,1,1.0,1,1.0,1,0.3231597287632207,40
60,1,140,40,100,0,0,0,1.0,1,1.0,1,1.0,1,0.32075452532272625,40
61,0,140,40,100,0,0,0,1.0,1,1.0,1,1.0,1,0.3148106779039525,40
62,1,141,41,100,0,0,0,1.0,1,1.0,1,1.0,1,0.334178725322052,42
63,4,145,43,102,0,0,0,1.0,1,1.0,1,1.0,1,0.32469321000000323,40
64,0,145,43,102,0,0,0,1.0,1,1.0,1,1.0,1,0.32227015357791516,41
65,2,147,44,103,0,0,0,1.0,1,1.0,1,1.0,1,0.3375352544594752,41
66,3,150,45,105,0,0,0,1.0,1,1.0,1,1.0,1,0.3312214002697907,41
67,1,151,45,106,0,0,0,1.0,1,1.0,1,1.0,1,0.29646987678473763,41
68,2,153,46,107,0,0,0,1.0,1,1.0,1,1.0,1,0.2901162914097608,41
69,1,154,47,107,0,0,0,1.0,1,1.0,1,1.0,1,0.2934249786628965,41
70,2,156,47,109,0,0,0,1.0,1,1.0,1,1.0,1,0.2832797977255664,42
71,4,160,49,111,0,0,0,1.0,1,1.0,1,1.0,1,0.23262759396611776,44
72,0,160,49,111,0,0,0,1.0,1,1.0,1,1.0,1,0.23262759396611776,44
73,3,163,49,114,0,0,0,1.0,1,1.0,1,1.0,1,0.21247959639242667,46
74,2,165,49,116,0,0,0,1.0,1,1.0,1,1.0,1,0.18758097885097766,44
75,0,165,49,116,0,0,0,1.0,1,1.0,1,1.0,1,0.18758097885097766,44
76,2,167,50,117,0,0,0,1.0,1,1.0,1,1.0,1,0.2343576094468839,45
77,1,168,50,118,0,0,0,1.0,1,1.0,1,1.0,1,0.19971192673983842,44
78,1,169,51,118,0,0,0,1.0,1,1.0,1,1.0,1,0.25667905844664973,44
79,0,169,51,118,0,0,0,1.0,1,1.0,1,1.0,1,0.2825352926278798,43
80,1,170,52,118,0,0,0,1.0,1,1.0,1,1.0,1,0.2737691570979373,43
81,5,175,55,120,0,0,0,1.0,1,1.0,1,1.0,1,0.2996613185168625,44
82,2,177,56,121,0,0,0,1.0,1,1.0,1,1.0,1,0.2748722346394789,45
83,2,179,58,121,0,0,0,1.0,1,1.0,1,1.0,1,0.33484055736895313,45
84,1,180,58,122,0,0,0,1.0,1,1.0,1,1.0,1,0.3174150650650596,45
85,1,181,59,122,0,0,0,1.0,1,1.0,1,1.0,1,0.3094240627235473,45
86,1,182,59,123,0,0,0,1.0,1,1.0,1,1.0,1,0.2649293119307107,45
87,0,182,59,123,0,0,0,1.0,1,1.0,1,1.0,1,0.2864219124640037,44
88,0,182,59,123,0,0,0,1.0,1,1.0,1,1.0,1,0.279575628884735,45
89,0,182,59,123,0,0,0,1.0,1,1.0,1,1.0,1,0.27967799795525333,46
90,0,182,59,123,0,0,0,1.0,1,1.0,1,1.0,1,0.3080701490199955,44
91,1,183,60,123,0,0,0,1.0,1,1.0,1,1.0,1,0.30520297493087356,45
92,1,184,60,124,0,0,0,1.0,1,1.0,1,1.0,1,0.30753562323146,46
93,0,184,60,124,0,0,0,1.0,1,1.0,1,1.0,1,0.30753562323146,46
94,0,184,60,124,0,0,0,1.0,1,1.0,1,1.0,1,0.30753562323146,46
95,1,185,60,125,0,0,0,1.0,1,1.0,1,1.0,1,0.3067253519966218,46
96,2,187,61,126,0,0,0,1.0,1,1.0,1,1.0,1,0.30303907384974166,46
97,0,187,61,126,0,0,0,1.0,1,1.0,1,1.0,1,0.299730499294272,47
98,1,188,62,126,0,0,0,1.0,1,1.0,1,1.0,1,0.31846081372578794,47
99,1,189,62,127,0,0,0,1.0,1,1.0,1,1.0,1,0.3218524954690939,46
100,2,191,63,128,0,0,0,1.0,1,1.0,1,1.0,1,0.3251267344534075,48
101,1,192,64,128,0,0,0,1.0,1,1.0,1,1.0,1,0.3292813383523886,49
102,3,195,66,129,0,0,0,1.0,1,1.0,1,1.0,1,0.3389064812186067,49
103,3,198,66,132,0,0,0,1.0,1,1.0,1,1.0,1,0.27817426019105296,48
104,4,202,68,134,0,0,0,1.0,1,1.0,1,1.0,1,0.2978837055104484,49
105,4,206,70,136,0,0,0,1.0,1,1.0,1,1.0,1,0.2619636281057937,48
106,2,208,71,137,0,0,0,1.0,1,1.0,1,1.0,1,0.259204228299853,48
107,1,209,72,137,0,0,0,1.0,1,1.0,1,1.0,1,0.28427914086395273,47
108,4,213,73,140,0,0,0,1.0,1,1.0,1,1.0,1,0.2517546052740137,47
109,4,217,74,143,0,0,0,1.0,1,1.0,1,1.0,1,0.25431373104502475,47
110,1,218,75,143,0,0,0,1.0,1,1.0,1,1.0,1,0.28068391603371823,47
111,4,222,77,145,0,0,0,1.0,1,1.0,1,1.0,1,0.1859469953631751,46
112,1,223,77,146,0,0,0,1.0,1,1.0,1,1.0,1,0.17143048424721904,46
113,1,224,78,146,0,0,0,1.0,1,1.0,1,1.0,1,0.17575019844985537,45
114,0,224,78,146,0,0,0,1.0,1,1.0,1,1.0,1,0.1692081860271589,46
115,3,227,80,147,0,0,0,1.0,1,1.0,1,1.0,1,0.18156137115167376,47
116,1,228,80,148,0,0,0,1.0,1,1.0,1,1.0,1,0.1600591789112807,48
117,4,232,83,149,0,0,0,1.0,1,1.0,1,1.0,1,0.1889242338000027,48
118,0,232,83,149,0,0,0,1.0,1,1.0,1,1.0,1,0.1944164686798307,49
119,2,234,84,150,0,0,0,1.0,1,1.0,1,1.0,1,0.19307655411371888,50
120,0,234,84,150,0,0,0,1.0,1,1.0,1,1.0,1,0.19045040399038085,51
121,1,235,84,151,0,0,0,1.0,1,1.0,1,1.0,1,0.17003328385994873,51
122,0,235,84,151,0,0,0,1.0,1,1.0,1,1.0,1,0.17003328385994873,51
123,1,236,84,152,0,0,0,1.0,1,1.0,1,1.0,1,0.14585545159927013,51
124,0,236,84,152,0,0,0,1.0,1,1.0,1,1.0,1,0.14585545159927013,51
125,0,236,84,152,0,0,0,1.0,1,1.0,1,1.0,1,0.1916619143498183,50
126,3,239,86,153,0,0,0,1.0,1,1.0,1,1.0,1,0.1842340655672983,52
127,1,240,86,154,0,0,0,1.0,1,1.0,1,1.0,1,0.19774314370178958,50
128,0,240,86,154,0,0,0,1.0,1,1.0,1,1.0,1,0.19774314370178958,50
129,1,241,86,155,0,0,0,1.0,1,1.0,1,1.0,1,0.20629295356571967,52
130,1,242,86,156,0,0,0,1.0,1,1.0,1,1.0,1,0.19362703747078322,52
131,3,245,87,158,0,0,0,1.0,1,1.0,1,1.0,1,0.19161692123342247,54
132,2,247,89,158,0,0,0,1.0,1,1.0,1,1.0,1,0.23127713439630124,54
133,0,247,89,158,0,0,0,1.0,1,1.0,1,1.0,1,0.24197573299247307,52
134,1,248,90,158,0,0,0,1.0,1,1.0,1,1.0,1,0.21951864093958373,52
135,5,253,94,159,0,0,0,1.0,1,1.0,1,1.0,1,0.2324353956380674,51
136,4,257,95,162,0,0,0,1.0,1,1.0,1,1.0,1,0.17892934036901617,51
137,1,258,96,162,0,0,0,1.0,1,1.0,1,1.0,1,0.1630386029178214,50
138,2,260,97,163,0,0,0,1.0,1,1.0,1,1.0,1,0.15528653702075262,52
139,6,266,99,167,0,0,0,1.0,1,1.0,1,1.0,1,0.1420301746568133,51
140,1,267,100,167,0,0,0,1.0,1,1.0,1,1.0,1,0.1316694161501631,51
141,1,268,101,167,0,0,0,1.0,1,1.0,1,1.0,1,0.1824148694741173,50
142,4,272,103,169,0,0,0,1.0,1,1.0,1,1.0,1,0.12457859109911258,51
143,1,273,104,169,0,0,0,1.0,1,1.0,1,1.0,1,0.15949037527952697,48
144,2,275,106,169,0,0,0,1.0,1,1.0,1,1.0,1,0.20043674276704831,49
145,4,279,110,169,0,0,0,1.0,1,1.0,1,1.0,1,0.1559142803461289,47
146,2,281,111,170,0,0,0,1.0,1,1.0,1,1.0,1,0.15895799901434618,49
147,1,282,111,171,0,0,0,1.0,1,1.0,1,1.0,1,0.09150053128324885,46
148,0,282,111,171,0,0,0,1.0,1,1.0,1,1.0,1,0.10194957746138851,47
149,1,283,112,171,0,0,0,1.0,1,1.0,1,1.0,1,0.10687298457306509,46
150,1,284,113,171,0,0,0,1.0,1,1.0,1,1.0,1,0.10036503079330704,47
151,1,285,114,171,0,0,0,1.0,1,1.0,1,1.0,1,0.12654667891432883,46
152,1,286,115,171,0,0,0,1.0,1,1.0,1,1.0,1,0.13928399926797722,45
153,0,286,115,171,0,0,0,1.0,1,1.0,1,1.0,1,0.1536007777219283,46
154,0,286,115,171,0,0,0,1.0,1,1.0,1,1.0,1,0.17249187159950133,44
155,2,288,117,171,0,0,0,1.0,1,1.0,1,1.0,1,0.2217990079775613,45
156,3,291,118,173,0,0,0,1.0,1,1.0,1,1.0,1,0.22217670767806763,43
157,0,291,118,173,0,0,0,1.0,1,1.0,1,1.0,1,0.20881306190026772,42
158,2,293,118,175,0,0,0,1.0,1,1.0,1,1.0,1,0.19078393702727298,43
159,0,293,118,175,0,0,0,1.0,1,1.0,1,1.0,1,0.20461681865149406,44
160,2,295,119,176,0,0,0,1.0,1,1.0,1,1.0,1,0.20761730415703583,44
161,3,298,121,177,0,0,0,1.0,1,1.0,1,1.0,1,0.24978433673591174,44
162,4,302,122,180,0,0,0,1.0,1,1.0,1,1.0,1,0.2120311565791431,44
163,6,308,128,180,0,0,0,1.0,1,1.0,1,1.0,1,0.30605657718215706,44
164,6,314,130,184,0,0,0,1.0,1,1.0,1,1.0,1,0.3002874571884876,44
165,3,317,132,185,0,0,0,1.0,1,1.0,1,1.0,1,0.2608895888895051,43
166,5,322,133,189,0,0,0,1.0,1,1.0,1,1.0,1,0.21240564564470732,43
167,0,322,133,189,0,0,0,1.0,1,1.0,1,1.0,1,0.2030354651074008,42
168,1,323,133,190,0,0,0,1.0,1,1.0,1,1.0,1,0.19788870069014913,40
169,2,325,134,191,0,0,0,1.0,1,1.0,1,1.0,1,0.13076668928633792,41
170,0,325,134,191,0,0,0,1.0,1,1.0,1,1.0,1,0.16425521317368674,39
171,3,328,136,192,0,0,0,1.0,1,1.0,1,1.0,1,0.152995872274728,39
172,0,328,136,192,0,0,0,1.0,1,1.0,1,1.0,1,0.17012340623813843,38
173,0,328,136,192,0,0,0,1.0,1,1.0,1,1.0,1,0.17012340623813843,38
174,0,328,136,192,0,0,0,1.0,1,1.0,1,1.0,1,0.18243806536292603,37
175,1,329,137,192,0,0,0,1.0,1,1.0,1,1.0,1,0.1972801040646632,36
176,2,331,139,192,0,0,0,1.0,1,1.0,1,1.0,1,0.1927801629787198,36
177,1,332,140,192,0,0,0,1.0,1,1.0,1,1.0,1,0.21587841302352767,38
178,2,334,141,193,0,0,0,1.0,1,1.0,1,1.0,1,0.2502643015446868,39
179,0,334,141,193,0,0,0,1.0,1,1.0,1,1.0,1,0.26343764656818675,40
180,0,334,141,193,0,0,0,1.0,1,1.0,1,1.0,1,0.26343764656818675,40
181,2,336,143,193,0,0,0,1.0,1,1.0,1,1.0,1,0.2800346760074769,39
182,2,338,145,193,0,0,0,1.0,1,1.0,1,1.0,1,0.30103654697115506,40
183,2,340,146,194,0,0,0,1.0,1,1.0,1,1.0,1,0.3153241250425569,40
184,1,341,146,195,0,0,0,1.0,1,1.0,1,1.0,1,0.2861900558528807,38
185,1,342,147,195,0,0,0,1.0,1,1.0,1,1.0,1,0.31455526895348623,38
186,2,344,148,196,0,0,0,1.0,1,1.0,1,1.0,1,0.2932235103797381,37
187,1,345,149,196,0,0,0,1.0,1,1.0,1,1.0,1,0.3355542537825979,36
188,3,348,151,197,0,0,0,1.0,1,1.0,1,1.0,1,0.31215788758729157,36
189,5,353,152,201,0,0,0,1.0,1,1.0,1,1.0,1,0.20320408676555488,36
190,0,353,152,201,0,0,0,1.0,1,1.0,1,1.0,1,0.238898665495403,36
191,2,355,153,202,0,0,0,1.0,1,1.0,1,1.0,1,0.22639423873498402,37
192,1,356,153,203,0,0,0,1.0,1,1.0,1,1.0,1,0.19693646861303624,37
193,1,357,154,203,0,0,0,1.0,1,1.0,1,1.0,1,0.21020592833135002,38
194,2,359,155,204,0,0,0,1.0,1,1.0,1,1.0,1,0.19594639343996634,39
195,3,362,157,205,0,0,0,1.0,1,1.0,1,1.0,1,0.20344401854834995,40
196,2,364,158,206,0,0,0,1.0,1,1.0,1,1.0,1,0.17808377559520572,40
197,1,365,158,207,0,0,0,1.0,1,1.0,1,1.0,1,0.18278052800379768,40
198,1,366,159,207,0,0,0,1.0,1,1.0,1,1.0,1,0.19831460057791872,40
199,2,368,160,208,0,0,0,1.0,1,1.0,1,1.0,1,0.1956024422067342,40
200,4,372,161,211,0,0,0,1.0,1,1.0,1,1.0,1,0.15110177502117017,40
201,3,375,164,211,0,0,0,1.0,1,1.0,1,1.0,1,0.14228462093471198,39
202,1,376,164,212,0,0,0,1.0,1,1.0,1,1.0,1,0.13081633953884542,40
203,2,378,166,212,0,0,0,1.0,1,1.0,1,1.0,1,0.1482878357263999,39
204,1,379,167,212,0,0,0,1.0,1,1.0,1,1.0,1,0.13096943897563046,38
205,1,380,168,212,0,0,0,1.0,1,1.0,1,1.0,1,0.14421082656939552,37
206,0,380,168,212,0,0,0,1.0,1,1.0,1,1.0,1,0.19065340072286063,36
207,0,380,168,212,0,0,0,1.0,1,1.0,1,1.0,1,0.18566137442286854,37
208,1,381,168,213,0,0,0,1.0,1,1.0,1,1.0,1,0.1920619440697963,36
209,2,383,170,213,0,0,0,1.0,1,1.0,1,1.0,1,0.22485803064858179,36
210,1,384,171,213,0,0,0,1.0,1,1.0,1,1.0,1,0.25170998659644006,36
211,2,386,171,215,0,0,0,1.0,1,1.0,1,1.0,1,0.2747008626583067,34
212,1,387,172,215,0,0,0,1.0,1,1.0,1,1.0,1,0.31237531831833537,34
213,1,388,172,216,0,0,0,1.0,1,1.0,1,1.0,1,0.3067529695203085,36
214,0,388,172,216,0,0,0,1.0,1,1.0,1,1.0,1,0.290116787840314,35
215,2,390,174,216,0,0,0,1.0,1,1.0,1,1.0,1,0.27736913595767826,35
216,3,393,174,219,0,0,0,1.0,1,1.0,1,1.0,1,0.2283897283053397,37
217,1,394,175,219,0,0,0,1.0,1,1.0,1,1.0,1,0.24730923569709853,37
218,4,398,178,220,0,0,0,1.0,1,1.0,1,1.0,1,0.22250213722407672,37
219,2,400,179,221,0,0,0,1.0,1,1.0,1,1.0,1,0.2449910404877617,37
220,0,400,179,221,0,0,0,1.0,1,1.0,1,1.0,1,0.2573861837396326,38
221,2,402,180,222,0,0,0,1.0,1,1.0,1,1.0,1,0.1921715717973098,39
222,3,405,182,223,0,0,0,1.0,1,1.0,1,1.0,1,0.20947090030911508,39
223,6,411,184,227,0,0,0,1.0,1,1.0,1,1.0,1,0.14144833358547954,40
224,3,414,186,228,0,0,0,1.0,1,1.0,1,1.0,1,0.11382718440368218,40
225,0,414,186,228,0,0,0,1.0,1,1.0,1,1.0,1,0.12642363519886368,39
226,1,415,187,228,0,0,0,1.0,1,1.0,1,1.0,1,0.1364357976421825,39
227,0,415,187,228,0,0,0,1.0,1,1.0,1,1.0,1,0.13672099046344957,39
228,2,417,189,228,0,0,0,1.0,1,1.0,1,1.0,1,0.17902218348713966,38
229,4,421,191,230,0,0,0,1.0,1,1.0,1,1.0,1,0.21315069734494022,39
230,2,423,193,230,0,0,0,1.0,1,1.0,1,1.0,1,0.2081233614120368,38
231,6,429,196,233,0,0,0,1.0,1,1.0,1,1.0,1,0.20346561192901846,38
232,3,432,199,233,0,0,0,1.0,1,1.0,1,1.0,1,0.29636590277350733,37
233,2,434,199,235,0,0,0,1.0,1,1.0,1,1.0,1,0.27589853141317383,36
234,0,434,199,235,0,0,0,1.0,1,1.0,1,1.0,1,0.2997189988749153,34
235,1,435,200,235,0,0,0,1.0,1,1.0,1,1.0,1,0.3635539692505399,34
236,3,438,200,238,0,0,0,1.0,1,1.0,1,1.0,1,0.26127303218487996,33
237,0,438,200,238,0,0,0,1.0,1,1.0,1,1.0,1,0.234705095672506,32
238,1,439,201,238,0,0,0,1.0,1,1.0,1,1.0,1,0.2781838032400042,32
239,5,444,204,240,0,0,0,1.0,1,1.0,1,1.0,1,0.22234782878432374,31
240,0,444,204,240,0,0,0,1.0,1,1.0,1,1.0,1,0.26659473027411096,28
241,1,445,204,241,0,0,0,1.0,1,1.0,1,1.0,1,0.2344147236594574,27
242,0,445,204,241,0,0,0,1.0,1,1.0,1,1.0,1,0.2594226388059439,29
243,1,446,205,241,0,0,0,1.0,1,1.0,1,1.0,1,0.2764965931243885,28
244,0,446,205,241,0,0,0,1.0,1,1.0,1,1.0,1,0.24163109052022222,28
245,2,448,207,241,0,0,0,1.0,1,1.0,1,1.0,1,0.2538453761519576,27
246,2,450,209,241,0,0,0,1.0,1,1.0,1,1.0,1,0.3191456664763975,25
247,1,451,209,242,0,0,0,1.0,1,1.0,1,1.0,1,0.3027144565586999,26
248,1,452,209,243,0,0,0,1.0,1,1.0,1,1.0,1,0.26963540741106906,27
249,2,454,211,243,0,0,0,1.0,1,1.0,1,1.0,1,0.2995874309021292,26
250,2,456,211,245,0,0,0,1.0,1,1.0,1,1.0,1,0.287455231730539,27
251,0,456,211,245,0,0,0,1.0,1,1.0,1,1.0,1,0.3034275791164539,28
252,0,456,211,245,0,0,0,1.0,1,1.0,1,1.0,1,0.3034275791164539,28
253,0,456,211,245,0,0,0,1.0,1,1.0,1,1.0,1,0.28345316129238807,28
254,1,457,211,246,0,0,0,1.0,1,1.0,1,1.0,1,0.28608926920051064,29
255,1,458,212,246,0,0,0,1.0,1,1.0,1,1.0,1,0.3445096814215593,30
256,1,459,213,246,0,0,0,1.0,1,1.0,1,1.0,1,0.3117552849585752,30
257,3,462,214,248,0,0,0,1.0,1,1.0,1,1.0,1,0.3128099626566933,32
258,2,464,216,248,0,0,0,1.0,1,1.0,1,1.0,1,0.3172270275188768,32
259,0,464,216,248,0,0,0,1.0,1,1.0,1,1.0,1,0.3172270275188768,32
260,1,465,217,248,0,0,0,1.0,1,1.0,1,1.0,1,0.2991987039497496,34
261,2,467,217,250,0,0,0,1.0,1,1.0,1,1.0,1,0.27081852031399284,35
262,3,470,219,251,0,0,0,1.0,1,1.0,1,1.0,1,0.3567645689344676,36
263,0,470,219,251,0,0,0,1.0,1,1.0,1,1.0,1,0.3366992415855334,34
264,2,472,220,252,0,0,0,1.0,1,1.0,1,1.0,1,0.3431451179329505,34
265,0,472,220,252,0,0,0,1.0,1,1.0,1,1.0,1,0.35934630618759533,33
266,3,475,221,254,0,0,0,1.0,1,1.0,1,1.0,1,0.34596068635129884,34
267,0,475,221,254,0,0,0,1.0,1,1.0,1,1.0,1,0.33958125630740116,33
268,2,477,221,256,0,0,0,1.0,1,1.0,1,1.0,1,0.3142490706042943,34
269,1,478,222,256,0,0,0,1.0,1,1.0,1,1.0,1,0.3005859143096237,34
270,0,478,222,256,0,0,0,1.0,1,1.0,1,1.0,1,0.32029242040020134,36
271,1,479,222,257,0,0,0,1.0,1,1.0,1,1.0,1,0.3058592619968882,36
272,1,480,222,258,0,0,0,1.0,1,1.0,1,1.0,1,0.3072480831285658,38
273,0,480,222,258,0,0,0,1.0,1,1.0,1,1.0,1,0.3072480831285658,38
274,1,481,223,258,0,0,0,1.0,1,1.0,1,1.0,1,0.3222163732208594,38
275,0,481,223,258,0,0,0,1.0,1,1.0,1,1.0,1,0.3222163732208594,38
276,1,482,223,259,0,0,0,1.0,1,1.0,1,1.0,1,0.29883358913982166,39
277,3,485,224,261,0,0,0,1.0,1,1.0,1,1.0,1,0.2964776159312306,38
278,1,486,224,262,0,0,0,1.0,1,1.0,1,1.0,1,0.3219104957230133,38
279,0,486,224,262,0,0,0,1.0,1,1.0,1,1.0,1,0.30568120331222737,38
280,1,487,225,262,0,0,0,1.0,1,1.0,1,1.0,1,0.344182185015537,38
281,1,488,225,263,0,0,0,1.0,1,1.0,1,1.0,1,0.3102730623776428,38
282,0,488,225,263,0,0,0,1.0,1,1.0,1,1.0,1,0.3174939324920176,38
283,0,488,225,263,0,0,0,1.0,1,1.0,1,1.0,1,0.3174939324920176,38
284,1,489,225,264,0,0,0,1.0,1,1.0,1,1.0,1,0.3010394885980937,39
285,1,490,226,264,0,0,0,1.0,1,1.0,1,1.0,1,0.3279340016242059,39
286,2,492,226,266,0,0,0,1.0,1,1.0,1,1.0,1,0.29755045415137493,39
287,3,495,227,268,0,0,0,1.0,1,1.0,1,1.0,1,0.33869686245869857,39
288,1,496,227,269,0,0,0,1.0,1,1.0,1,1.0,1,0.2995141699975923,39
289,0,496,227,269,0,0,0,1.0,1,1.0,1,1.0,1,0.2995141699975923,39
290,1,497,227,270,0,0,0,1.0,1,1.0,1,1.0,1,0.28438178782597534,39
291,1,498,227,271,0,0,0,1.0,1,1.0,1,1.0,1,0.27612683147394035,39
292,1,499,227,272,0,0,0,1.0,1,1.0,1,1.0,1,0.2702899822485058,40
293,2,501,228,273,0,0,0,1.0,1,1.0,1,1.0,1,0.2310879625581651,41
294,2,503,229,274,0,0,0,1.0,1,1.0,1,1.0,1,0.21094340022227212,40
295,4,507,231,276,0,0,0,1.0,1,1.0,1,1.0,1,0.17581005909237507,42
296,3,510,234,276,0,0,0,1.0,1,1.0,1,1.0,1,0.2168328180867921,42
297,4,514,235,279,0,0,0,1.0,1,1.0,1,1.0,1,0.1580172852657999,43
298,1,515,236,279,0,0,0,1.0,1,1.0,1,1.0,1,0.2007666158383169,44
299,2,517,237,280,0,0,0,1.0,1,1.0,1,1.0,1,0.20121209746501456,44
300,0,517,237,280,0,0,0,1.0,1,1.0,1,1.0,1,0.21721002622325217,45
301,3,520,239,281,0,0,0,1.0,1,1.0,1,1.0,1,0.1735762740681759,47
302,3,523,240,283,0,0,0,1.0,1,1.0,1,1.0,1,0.16211988874730873,46
303,2,525,241,284,0,0,0,1.0,1,1.0,1,1.0,1,0.15214298223290604,45
304,2,527,243,284,0,0,0,1.0,1,1.0,1,1.0,1,0.19480852341918187,45
305,1,528,244,284,0,0,0,1.0,1,1.0,1,1.0,1,0.19662727888648815,43
306,1,529,244,285,0,0,0,1.0,1,1.0,1,1.0,1,0.2192039622885927,44
307,1,530,245,285,0,0,0,1.0,1,1.0,1,1.0,1,0.24570808933593996,42
308,2,532,247,285,0,0,0,1.0,1,1.0,1,1.0,1,0.266325969540302,41
309,3,535,247,288,0,0,0,1.0,1,1.0,1,1.0,1,0.23290096336606464,42
310,1,536,247,289,0,0,0,1.0,1,1.0,1,1.0,1,0.2230019870549186,41
311,1,537,247,290,0,0,0,1.0,1,1.0,1,1.0,1,0.1793737900626413,41
312,1,538,247,291,0,0,0,1.0,1,1.0,1,1.0,1,0.14669336724394907,44
313,0,538,247,291,0,0,0,1.0,1,1.0,1,1.0,1,0.14703876937806803,43
314,0,538,247,291,0,0,0,1.0,1,1.0,1,1.0,1,0.14703876937806803,43
315,0,538,247,291,0,0,0,1.0,1,1.0,1,1.0,1,0.12252820194702908,43
316,1,539,248,291,0,0,0,1.0,1,1.0,1,1.0,1,0.16149305774871212,43
317,0,539,248,291,0,0,0,1.0,1,1.0,1,1.0,1,0.1781653026192426,44
318,3,542,250,292,0,0,0,1.0,1,1.0,1,1.0,1,0.25597956984316494,45
319,3,545,250,295,0,0,0,1.0,1,1.0,1,1.0,1,0.23104103605393234,46
320,0,545,250,295,0,0,0,1.0,1,1.0,1,1.0,1,0.25284265990763455,45
321,2,547,251,296,0,0,0,1.0,1,1.0,1,1.0,1,0.19494342736568113,44
322,1,548,251,297,0,0,0,1.0,1,1.0,1,1.0,1,0.17908686776456123,42
323,2,550,253,297,0,0,0,1.0,1,1.0,1,1.0,1,0.19597000826521146,42
324,1,551,253,298,0,0,0,1.0,1,1.0,1,1.0,1,0.18336948038488363,43
325,3,554,255,299,0,0,0,1.0,1,1.0,1,1.0,1,0.21765775135102242,43
326,2,556,255,301,0,0,0,1.0,1,1.0,1,1.0,1,0.18164404466034875,43
327,1,557,256,301,0,0,0,1.0,1,1.0,1,1.0,1,0.21945451147238174,44
328,1,558,257,301,0,0,0,1.0,1,1.0,1,1.0,1,0.23114644710342386,44
329,1,559,257,302,0,0,0,1.0,1,1.0,1,1.0,1,0.19726340820246993,45
330,1,560,257,303,0,0,0,1.0,1,1.0,1,1.0,1,0.1758743641647389,46
331,0,560,257,303,0,0,0,1.0,1,1.0,1,1.0,1,0.1758743641647389,46
332,0,560,257,303,0,0,0,1.0,1,1.0,1,1.0,1,0.15861555294143506,47
333,1,561,257,304,0,0,0,1.0,1,1.0,1,1.0,1,0.16569030443453775,48
334,0,561,257,304,0,0,0,1.0,1,1.0,1,1.0,1,0.16569030443453775,48
335,1,562,258,304,0,0,0,1.0,1,1.0,1,1.0,1,0.16773670841262323,49
336,1,563,258,305,0,0,0,1.0,1,1.0,1,1.0,1,0.17091534154993812,50
337,2,565,259,306,0,0,0,1.0,1,1.0,1,1.0,1,0.18191134914553825,51
338,0,565,259,306,0,0,0,1.0,1,1.0,1,1.0,1,0.18191134914553825,51
339,2,567,260,307,0,0,0,1.0,1,1.0,1,1.0,1,0.191941494663228,51
340,1,568,261,307,0,0,0,1.0,1,1.0,1,1.0,1,0.21222527521066303,51
341,1,569,261,308,0,0,0,1.0,1,1.0,1,1.0,1,0.19978055581989174,51
342,1,570,262,308,0,0,0,1.0,1,1.0,1,1.0,1,0.22316635892235506,51
343,2,572,262,310,0,0,0,1.0,1,1.0,1,1.0,1,0.19195357498661278,51
344,0,572,262,310,0,0,0,1.0,1,1.0,1,1.0,1,0.19149305816869916,50
345,0,572,262,310,0,0,0,1.0,1,1.0,1,1.0,1,0.19149305816869916,50
346,3,575,264,311,0,0,0,1.0,1,1.0,1,1.0,1,0.24448197916833625,50
347,1,576,264,312,0,0,0,1.0,1,1.0,1,1.0,1,0.23078231108320338,51
348,2,578,266,312,0,0,0,1.0,1,1.0,1,1.0,1,0.2602827144669273,52
349,2,580,268,312,0,0,0,1.0,1,1.0,1,1.0,1,0.28139609206677935,54
350,2,582,268,314,0,0,0,1.0,1,1.0,1,1.0,1,0.28961703400293626,54
351,5,587,270,317,0,0,0,1.0,1,1.0,1,1.0,1,0.2418313556445612,54
352,2,589,270,319,0,0,0,1.0,1,1.0,1,1.0,1,0.2074465708780053,56
353,2,591,272,319,0,0,0,1.0,1,1.0,1,1.0,1,0.21803869464140044,54
354,1,592,272,320,0,0,0,1.0,1,1.0,1,1.0,1,0.2316806430090667,53
355,2,594,273,321,0,0,0,1.0,1,1.0,1,1.0,1,0.20219974029756388,54
356,3,597,274,323,0,0,0,1.0,1,1.0,1,1.0,1,0.19258979783929556,54
357,6,603,278,325,0,0,0,1.0,1,1.0,1,1.0,1,0.23989250195451675,53
358,0,603,278,325,0,0,0,1.0,1,1.0,1,1.0,1,0.25872691683559096,49
359,0,603,278,325,0,0,0,1.0,1,1.0,1,1.0,1,0.27586126310914494,48
360,0,603,278,325,0,0,0,1.0,1,1.0,1,1.0,1,0.29450300010576125,47
361,2,605,278,327,0,0,0,1.0,1,1.0,1,1.0,1,0.25316627696696214,46
362,1,606,278,328,0,0,0,1.0,1,1.0,1,1.0,1,0.2453375152506742,46
363,2,608,278,330,0,0,0,1.0,1,1.0,1,1.0,1,0.22776974155103305,47
364,0,608,278,330,0,0,0,1.0,1,1.0,1,1.0,1,0.22776974155103305,47
365,0,608,278,330,0,0,0,1.0,1,1.0,1,1.0,1,0.22776974155103305,47
366,3,611,279,332,0,0,0,1.0,1,1.0,1,1.0,1,0.26232771366978336,50
367,0,611,279,332,0,0,0,1.0,1,1.0,1,1.0,1,0.26232771366978336,50
368,0,611,279,332,0,0,0,1.0,1,1.0,1,1.0,1,0.2378597024470049,51
369,0,611,279,332,0,0,0,1.0,1,1.0,1,1.0,1,0.2661574272507947,51
370,1,612,279,333,0,0,0,1.0,1,1.0,1,1.0,1,0.2570726736789581,51
371,2,614,279,335,0,0,0,1.0,1,1.0,1,1.0,1,0.2436803553894666,52
372,0,614,279,335,0,0,0,1.0,1,1.0,1,1.0,1,0.24315955722414215,53
373,2,616,280,336,0,0,0,1.0,1,1.0,1,1.0,1,0.23660412984105078,53
374,3,619,280,339,0,0,0,1.0,1,1.0,1,1.0,1,0.21772065575664884,53
375,4,623,284,339,0,0,0,1.0,1,1.0,1,1.0,1,0.22151189247867434,53
376,3,626,285,341,0,0,0,1.0,1,1.0,1,1.0,1,0.18026490932965528,53
377,1,627,286,341,0,0,0,1.0,1,1.0,1,1.0,1,0.18518412849800295,53
378,1,628,287,341,0,0,0,1.0,1,1.0,1,1.0,1,0.17876380897979477,53
379,1,629,288,341,0,0,0,1.0,1,1.0,1,1.0,1,0.1934945198527748,54
380,1,630,289,341,0,0,0,1.0,1,1.0,1,1.0,1,0.18472921981172644,54
381,2,632,290,342,0,0,0,1.0,1,1.0,1,1.0,1,0.1860477081281444,54
382,2,634,291,343,0,0,0,1.0,1,1.0,1,1.0,1,0.17957497229385466,55
383,1,635,292,343,0,0,0,1.0,1,1.0,1,1.0,1,0.19321318089289985,55
384,2,637,293,344,0,0,0,1.0,1,1.0,1,1.0,1,0.21849359543826594,54
385,0,637,293,344,0,0,0,1.0,1,1.0,1,1.0,1,0.22935749868840943,52
386,5,642,294,348,0,0,0,1.0,1,1.0,1,1.0,1,0.1744978930614684,52
387,1,643,295,348,0,0,0,1.0,1,1.0,1,1.0,1,0.1899183806056329,50
388,3,646,296,350,0,0,0,1.0,1,1.0,1,1.0,1,0.1869824916223299,52
389,3,649,297,352,0,0,0,1.0,1,1.0,1,1.0,1,0.1983367493847351,51
390,2,651,299,352,0,0,0,1.0,1,1.0,1,1.0,1,0.17923117486819512,50
391,4,655,301,354,0,0,0,1.0,1,1.0,1,1.0,1,0.1987049004084303,49
392,4,659,303,356,0,0,0,1.0,1,1.0,1,1.0,1,0.20749783493404983,47
393,2,661,305,356,0,0,0,1.0,1,1.0,1,1.0,1,0.25400642731506096,47
394,2,663,307,356,0,0,0,1.0,1,1.0,1,1.0,1,0.29132910274749835,48
395,6,669,307,362,0,0,0,1.0,1,1.0,1,1.0,1,0.24530001219593742,46
396,3,672,309,363,0,0,0,1.0,1,1.0,1,1.0,1,0.2837278856258793,43
397,0,672,309,363,0,0,0,1.0,1,1.0,1,1.0,1,0.2880293040683705,42
398,1,673,310,363,0,0,0,1.0,1,1.0,1,1.0,1,0.32525474422634515,40
399,1,674,311,363,0,0,0,1.0,1,1.0,1,1.0,1,0.3447392585185433,39
400,0,674,311,363,0,0,0,1.0,1,1.0,1,1.0,1,0.32929336504573214,38
401,3,677,312,365,0,0,0,1.0,1,1.0,1,1.0,1,0.30548485219009486,37
402,0,677,312,365,0,0,0,1.0,1,1.0,1,1.0,1,0.29838179065531906,36
403,1,678,313,365,0,0,0,1.0,1,1.0,1,1.0,1,0.26050321624868494,38
404,5,683,315,368,0,0,0,1.0,1,1.0,1,1.0,1,0.24731765165702124,39
405,0,683,315,368,0,0,0,1.0,1,1.0,1,1.0,1,0.2360262658760057,40
406,1,684,315,369,0,0,0,1.0,1,1.0,1,1.0,1,0.23454130393377742,41
407,0,684,315,369,0,0,0,1.0,1,1.0,1,1.0,1,0.22166010977832862,42
408,1,685,315,370,0,0,0,1.0,1,1.0,1,1.0,1,0.19080361861703682,43
409,1,686,316,370,0,0,0,1.0,1,1.0,1,1.0,1,0.21019774786030118,44
410,2,688,316,372,0,0,0,1.0,1,1.0,1,1.0,1,0.17120415635789318,46
411,1,689,317,372,0,0,0,1.0,1,1.0,1,1.0,1,0.19309060630587382,46
412,0,689,317,372,0,0,0,1.0,1,1.0,1,1.0,1,0.20998443922021842,47
413,1,690,318,372,0,0,0,1.0,1,1.0,1,1.0,1,0.24275420847008275,47
414,0,690,318,372,0,0,0,1.0,1,1.0,1,1.0,1,0.24275420847008275,47
415,3,693,318,375,0,0,0,1.0,1,1.0,1,1.0,1,0.22129285771132595,48
416,2,695,318,377,0,0,0,1.0,1,1.0,1,1.0,1,0.20904657418802078,49
417,0,695,318,377,0,0,0,1.0,1,1.0,1,1.0,1,0.20904657418802078,49
418,3,698,319,379,0,0,0,1.0,1,1.0,1,1.0,1,0.2117642369669133,50
419,0,698,319,379,0,0,0,1.0,1,1.0,1,1.0,1,0.2117642369669133,50
420,1,699,320,379,0,0,0,1.0,1,1.0,1,1.0,1,0.2154180684652293,50
421,1,700,320,380,0,0,0,1.0,1,1.0,1,1.0,1,0.1992480381605756,50
422,2,702,321,381,0,0,0,1.0,1,1.0,1,1.0,1,0.21889219368691296,50
423,2,704,322,382,0,0,0,1.0,1,1.0,1,1.0,1,0.23094460011332754,51
424,2,706,323,383,0,0,0,1.0,1,1.0,1,1.0,1,0.23709935319772352,49
425,4,710,325,385,0,0,0,1.0,1,1.0,1,1.0,1,0.2469341510742862,48
426,3,713,325,388,0,0,0,1.0,1,1.0,1,1.0,1,0.21488859392123702,50
427,4,717,327,390,0,0,0,1.0,1,1.0,1,1.0,1,0.2278649154736753,48
428,6,723,330,393,0,0,0,1.0,1,1.0,1,1.0,1,0.2831408581491825,49
429,1,724,331,393,0,0,0,1.0,1,1.0,1,1.0,1,0.29283991776382334,45
430,0,724,331,393,0,0,0,1.0,1,1.0,1,1.0,1,0.2862044982676953,44
431,7,731,333,398,0,0,0,1.0,1,1.0,1,1.0,1,0.19638718325345192,42
432,1,732,333,399,0,0,0,1.0,1,1.0,1,1.0,1,0.18411338852364242,40
433,3,735,334,401,0,0,0,1.0,1,1.0,1,1.0,1,0.1930250381280701,39
434,2,737,334,403,0,0,0,1.0,1,1.0,1,1.0,1,0.1930250381280701,39
435,2,739,336,403,0,0,0,1.0,1,1.0,1,1.0,1,0.2729191434293423,38
436,3,742,336,406,0,0,0,1.0,1,1.0,1,1.0,1,0.1826158986358917,38
437,0,742,336,406,0,0,0,1.0,1,1.0,1,1.0,1,0.19270899491948948,39
438,0,742,336,406,0,0,0,1.0,1,1.0,1,1.0,1,0.18577486228371448,38
439,0,742,336,406,0,0,0,1.0,1,1.0,1,1.0,1,0.2061163137279588,39
440,2,744,336,408,0,0,0,1.0,1,1.0,1,1.0,1,0.14514255835834108,39
441,1,745,337,408,0,0,0,1.0,1,1.0,1,1.0,1,0.16688258609622886,41
442,0,745,337,408,0,0,0,1.0,1,1.0,1,1.0,1,0.1810561643199716,42
443,3,748,338,410,0,0,0,1.0,1,1.0,1,1.0,1,0.13281280487206285,42
444,0,748,338,410,0,0,0,1.0,1,1.0,1,1.0,1,0.1376179760797431,43
445,2,750,339,411,0,0,0,1.0,1,1.0,1,1.0,1,0.16656006214518562,44
446,1,751,340,411,0,0,0,1.0,1,1.0,1,1.0,1,0.16684438522713327,44
447,2,753,341,412,0,0,0,1.0,1,1.0,1,1.0,1,0.1825195822017433,47
448,1,754,342,412,0,0,0,1.0,1,1.0,1,1.0,1,0.23187211000921537,46
449,0,754,342,412,0,0,0,1.0,1,1.0,1,1.0,1,0.23187211000921537,46
450,0,754,342,412,0,0,0,1.0,1,1.0,1,1.0,1,0.270757431984486,46
451,1,755,342,413,0,0,0,1.0,1,1.0,1,1.0,1,0.26333911770387075,47
452,0,755,342,413,0,0,0,1.0,1,1.0,1,1.0,1,0.27182053018801217,47
453,0,755,342,413,0,0,0,1.0,1,1.0,1,1.0,1,0.27182053018801217,47
454,1,756,342,414,0,0,0,1.0,1,1.0,1,1.0,1,0.23289676502120424,46
455,3,759,344,415,0,0,0,1.0,1,1.0,1,1.0,1,0.22834489292961066,47
456,6,765,345,420,0,0,0,1.0,1,1.0,1,1.0,1,0.17233339744513826,49
457,0,765,345,420,0,0,0,1.0,1,1.0,1,1.0,1,0.16956577917905635,50
458,1,766,345,421,0,0,0,1.0,1,1.0,1,1.0,1,0.15318719115667084,50
459,0,766,345,421,0,0,0,1.0,1,1.0,1,1.0,1,0.13484791594957474,52
460,0,766,345,421,0,0,0,1.0,1,1.0,1,1.0,1,0.15128913589738535,53
461,1,767,345,422,0,0,0,1.0,1,1.0,1,1.0,1,0.15748974856733133,54
462,0,767,345,422,0,0,0,1.0,1,1.0,1,1.0,1,0.15748974856733133,54
463,3,770,347,423,0,0,0,1.0,1,1.0,1,1.0,1,0.16177561911315888,55
464,4,774,350,424,0,0,0,1.0,1,1.0,1,1.0,1,0.19541981885056228,56
465,2,776,351,425,0,0,0,1.0,1,1.0,1,1.0,1,0.16934007925805258,54
466,4,780,354,426,0,0,0,1.0,1,1.0,1,1.0,1,0.22788961151771306,54
467,5,785,357,428,0,0,0,1.0,1,1.0,1,1.0,1,0.19181666589563848,51
468,4,789,359,430,0,0,0,1.0,1,1.0,1,1.0,1,0.1629447449736164,51
469,1,790,360,430,0,0,0,1.0,1,1.0,1,1.0,1,0.20422107706677536,48
470,1,791,361,430,0,0,0,1.0,1,1.0,1,1.0,1,0.2060068496645665,47
471,3,794,363,431,0,0,0,1.0,1,1.0,1,1.0,1,0.19643524242388716,44
472,6,800,367,433,0,0,0,1.0,1,1.0,1,1.0,1,0.22085235966492653,43
473,2,802,368,434,0,0,0,1.0,1,1.0,1,1.0,1,0.18289465870760127,41
474,0,802,368,434,0,0,0,1.0,1,1.0,1,1.0,1,0.22788009033329693,39
475,2,804,369,435,0,0,0,1.0,1,1.0,1,1.0,1,0.21567809455610337,40
476,2,806,371,435,0,0,0,1.0,1,1.0,1,1.0,1,0.222336302654867,38
477,2,808,372,436,0,0,0,1.0,1,1.0,1,1.0,1,0.27471917721016753,35
478,0,808,372,436,0,0,0,1.0,1,1.0,1,1.0,1,0.2688401756390296,35
479,1,809,373,436,0,0,0,1.0,1,1.0,1,1.0,1,0.2983095452064031,32
480,0,809,373,436,0,0,0,1.0,1,1.0,1,1.0,1,0.3390056385556659,32
481,1,810,373,437,0,0,0,1.0,1,1.0,1,1.0,1,0.3030437844910817,33
482,2,812,374,438,0,0,0,1.0,1,1.0,1,1.0,1,0.30936077926697575,34
483,0,812,374,438,0,0,0,1.0,1,1.0,1,1.0,1,0.30927742239789136,32
484,3,815,375,440,0,0,0,1.0,1,1.0,1,1.0,1,0.2925510646764779,33
485,3,818,376,442,0,0,0,1.0,1,1.0,1,1.0,1,0.26451071634538215,34
486,2,820,376,444,0,0,0,1.0,1,1.0,1,1.0,1,0.280013383326323,36
487,2,822,376,446,0,0,0,1.0,1,1.0,1,1.0,1,0.23693845332502736,36
488,0,822,376,446,0,0,0,1.0,1,1.0,1,1.0,1,0.25007351382160325,37
489,2,824,378,446,0,0,0,1.0,1,1.0,1,1.0,1,0.31092949841315604,38
490,3,827,379,448,0,0,0,1.0,1,1.0,1,1.0,1,0.27713957928389527,38
491,1,828,379,449,0,0,0,1.0,1,1.0,1,1.0,1,0.25111096447137765,37
492,3,831,380,451,0,0,0,1.0,1,1.0,1,1.0,1,0.23753981075054242,37
493,1,832,380,452,0,0,0,1.0,1,1.0,1,1.0,1,0.23146930504598265,37
494,5,837,383,454,0,0,0,1.0,1,1.0,1,1.0,1,0.2577361926617952,39
495,1,838,383,455,0,0,0,1.0,1,1.0,1,1.0,1,0.24765184998383266,40
496,0,838,383,455,0,0,0,1.0,1,1.0,1,1.0,1,0.24765184998383266,40
497,2,840,383,457,0,0,0,1.0,1,1.0,1,1.0,1,0.20717580435454694,43
498,2,842,384,458,0,0,0,1.0,1,1.0,1,1.0,1,0.1811944101589656,43
499,1,843,385,458,0,0,0,1.0,1,1.0,1,1.0,1,0.22654907466710247,44
500,3,846,385,461,0,0,0,1.0,1,1.0,1,1.0,1,0.18369991439151637,45
501,0,846,385,461,0,0,0,1.0,1,1.0,1,1.0,1,0.18369991439151637,45
502,1,847,386,461,0,0,0,1.0,1,1.0,1,1.0,1,0.1965335034016014,45
503,2,849,388,461,0,0,0,1.0,1,1.0,1,1.0,1,0.23596764280281046,46
504,4,853,390,463,0,0,0,1.0,1,1.0,1,1.0,1,0.2671384248129363,47
505,2,855,391,464,0,0,0,1.0,1,1.0,1,1.0,1,0.2739355918876336,42
506,1,856,391,465,0,0,0,1.0,1,1.0,1,1.0,1,0.2663146592862292,41
507,1,857,391,466,0,0,0,1.0,1,1.0,1,1.0,1,0.2458007060079173,38
508,3,860,394,466,0,0,0,1.0,1,1.0,1,1.0,1,0.3260819022477201,38
509,0,860,394,466,0,0,0,1.0,1,1.0,1,1.0,1,0.3187463409576251,37
510,0,860,394,466,0,0,0,1.0,1,1.0,1,1.0,1,0.30695820515016253,36
511,3,863,395,468,0,0,0,1.0,1,1.0,1,1.0,1,0.3159557660779914,34
512,0,863,395,468,0,0,0,1.0,1,1.0,1,1.0,1,0.31185989928583113,32
513,0,863,395,468,0,0,0,1.0,1,1.0,1,1.0,1,0.31185989928583113,32
514,1,864,395,469,0,0,0,1.0,1,1.0,1,1.0,1,0.2733703333008397,35
515,2,866,395,471,0,0,0,1.0,1,1.0,1,1.0,1,0.21547998251988754,35
516,0,866,395,471,0,0,0,1.0,1,1.0,1,1.0,1,0.23790464366398442,36
517,0,866,395,471,0,0,0,1.0,1,1.0,1,1.0,1,0.23790464366398442,36
518,2,868,395,473,0,0,0,1.0,1,1.0,1,1.0,1,0.24185257959991177,39
519,1,869,396,473,0,0,0,1.0,1,1.0,1,1.0,1,0.22882409954935362,39
520,1,870,397,473,0,0,0,1.0,1,1.0,1,1.0,1,0.26412260185246234,39
521,2,872,398,474,0,0,0,1.0,1,1.0,1,1.0,1,0.2231731463473237,40
522,1,873,399,474,0,0,0,1.0,1,1.0,1,1.0,1,0.20963186794670197,40
523,1,874,400,474,0,0,0,1.0,1,1.0,1,1.0,1,0.2099793614587707,41
524,0,874,400,474,0,0,0,1.0,1,1.0,1,1.0,1,0.2099793614587707,41
525,2,876,402,474,0,0,0,1.0,1,1.0,1,1.0,1,0.25477362321280606,40
526,1,877,402,475,0,0,0,1.0,1,1.0,1,1.0,1,0.23122096121188188,40
527,1,878,403,475,0,0,0,1.0,1,1.0,1,1.0,1,0.23078231476572916,40
528,3,881,404,477,0,0,0,1.0,1,1.0,1,1.0,1,0.21662503369415043,40
529,0,881,404,477,0,0,0,1.0,1,1.0,1,1.0,1,0.22654419283343114,39
530,0,881,404,477,0,0,0,1.0,1,1.0,1,1.0,1,0.22654419283343114,39
531,0,881,404,477,0,0,0,1.0,1,1.0,1,1.0,1,0.23890904356278944,39
532,1,882,405,477,0,0,0,1.0,1,1.0,1,1.0,1,0.29187418947952637,40
533,1,883,406,477,0,0,0,1.0,1,1.0,1,1.0,1,0.3518195867246009,40
534,1,884,406,478,0,0,0,1.0,1,1.0,1,1.0,1,0.3566911251801918,42
535,5,889,407,482,0,0,0,1.0,1,1.0,1,1.0,1,0.32220888909811146,42
536,1,890,407,483,0,0,0,1.0,1,1.0,1,1.0,1,0.2812348099332001,43
537,0,890,407,483,0,0,0,1.0,1,1.0,1,1.0,1,0.2812348099332001,43
538,1,891,407,484,0,0,0,1.0,1,1.0,1,1.0,1,0.28096112663194495,44
539,0,891,407,484,0,0,0,1.0,1,1.0,1,1.0,1,0.28096112663194495,44
540,0,891,407,484,0,0,0,1.0,1,1.0,1,1.0,1,0.28096112663194495,44
541,0,891,407,484,0,0,0,1.0,1,1.0,1,1.0,1,0.26994384339104555,45
542,2,893,408,485,0,0,0,1.0,1,1.0,1,1.0,1,0.2757045820497718,46
543,3,896,411,485,0,0,0,1.0,1,1.0,1,1.0,1,0.322144389957668,43
544,5,901,413,488,0,0,0,1.0,1,1.0,1,1.0,1,0.34009493899352444,42
545,3,904,415,489,0,0,0,1.0,1,1.0,1,1.0,1,0.3440607528556074,43
546,6,910,418,492,0,0,0,1.0,1,1.0,1,1.0,1,0.3951064941947314,41
547,1,911,418,493,0,0,0,1.0,1,1.0,1,1.0,1,0.3476812446041385,40
548,2,913,420,493,0,0,0,1.0,1,1.0,1,1.0,1,0.36182428921431303,40
549,3,916,421,495,0,0,0,1.0,1,1.0,1,1.0,1,0.3206542597810047,39
550,1,917,421,496,0,0,0,1.0,1,1.0,1,1.0,1,0.2754282629257588,38
551,1,918,421,497,0,0,0,1.0,1,1.0,1,1.0,1,0.27119151569079036,38
552,1,919,422,497,0,0,0,1.0,1,1.0,1,1.0,1,0.31385664145863584,39
553,0,919,422,497,0,0,0,1.0,1,1.0,1,1.0,1,0.31048190382217844,38
554,2,921,423,498,0,0,0,1.0,1,1.0,1,1.0,1,0.32203964225680065,39
555,1,922,423,499,0,0,0,1.0,1,1.0,1,1.0,1,0.33300007801582604,39
556,4,926,423,503,0,0,0,1.0,1,1.0,1,1.0,1,0.26662549562249754,40
557,0,926,423,503,0,0,0,1.0,1,1.0,1,1.0,1,0.2813197198281617,40
558,0,926,423,503,0,0,0,1.0,1,1.0,1,1.0,1,0.2813197198281617,40
559,2,928,424,504,0,0,0,1.0,1,1.0,1,1.0,1,0.2515599495447894,40
560,1,929,424,505,0,0,0,1.0,1,1.0,1,1.0,1,0.22518551799431977,41
561,4,933,425,508,0,0,0,1.0,1,1.0,1,1.0,1,0.1892865250618122,42
562,1,934,426,508,0,0,0,1.0,1,1.0,1,1.0,1,0.20402598600487104,42
563,5,939,428,511,0,0,0,1.0,1,1.0,1,1.0,1,0.25260163793226165,42
564,0,939,428,511,0,0,0,1.0,1,1.0,1,1.0,1,0.26737512616314335,43
565,2,941,430,511,0,0,0,1.0,1,1.0,1,1.0,1,0.3135796279567422,44
566,1,942,430,512,0,0,0,1.0,1,1.0,1,1.0,1,0.2810540985640136,45
567,0,942,430,512,0,0,0,1.0,1,1.0,1,1.0,1,0.2810540985640136,45
568,1,943,430,513,0,0,0,1.0,1,1.0,1,1.0,1,0.2532659138045468,46
569,2,945,431,514,0,0,0,1.0,1,1.0,1,1.0,1,0.22073787532671413,47
570,0,945,431,514,0,0,0,1.0,1,1.0,1,1.0,1,0.23684887717959738,48
571,2,947,432,515,0,0,0,1.0,1,1.0,1,1.0,1,0.2560701166820498,48
572,0,947,432,515,0,0,0,1.0,1,1.0,1,1.0,1,0.2521874832855677,47
573,1,948,432,516,0,0,0,1.0,1,1.0,1,1.0,1,0.23589032243915167,49
574,0,948,432,516,0,0,0,1.0,1,1.0,1,1.0,1,0.23589032243915167,49
575,1,949,432,517,0,0,0,1.0,1,1.0,1,1.0,1,0.22240781049169772,50
576,2,951,432,519,0,0,0,1.0,1,1.0,1,1.0,1,0.18930192602133708,51
577,0,951,432,519,0,0,0,1.0,1,1.0,1,1.0,1,0.18930192602133708,51
578,1,952,432,520,0,0,0,1.0,1,1.0,1,1.0,1,0.1539706368521341,51
579,2,954,434,520,0,0,0,1.0,1,1.0,1,1.0,1,0.16894168834436818,52
580,2,956,434,522,0,0,0,1.0,1,1.0,1,1.0,1,0.17804180288173443,52
581,1,957,434,523,0,0,0,1.0,1,1.0,1,1.0,1,0.17150298149242463,52
582,0,957,434,523,0,0,0,1.0,1,1.0,1,1.0,1,0.181837440199125,53
583,3,960,436,524,0,0,0,1.0,1,1.0,1,1.0,1,0.18320124349576003,51
584,3,963,439,524,0,0,0,1.0,1,1.0,1,1.0,1,0.25314949415279314,51
585,4,967,442,525,0,0,0,1.0,1,1.0,1,1.0,1,0.2756102816221866,49
586,6,973,446,527,0,0,0,1.0,1,1.0,1,1.0,1,0.24730187956871386,49
587,3,976,447,529,0,0,0,1.0,1,1.0,1,1.0,1,0.20820648736744707,48
588,2,978,449,529,0,0,0,1.0,1,1.0,1,1.0,1,0.24471311148865585,46
589,6,984,451,533,0,0,0,1.0,1,1.0,1,1.0,1,0.21976349942162945,48
590,2,986,452,534,0,0,0,1.0,1,1.0,1,1.0,1,0.2019499132626078,47
591,3,989,454,535,0,0,0,1.0,1,1.0,1,1.0,1,0.23073781074784555,48
592,2,991,454,537,0,0,0,1.0,1,1.0,1,1.0,1,0.18326819900029653,47
593,0,991,454,537,0,0,0,1.0,1,1.0,1,1.0,1,0.1895762907588884,45
594,0,991,454,537,0,0,0,1.0,1,1.0,1,1.0,1,0.18020117920321008,44
595,2,993,456,537,0,0,0,1.0,1,1.0,1,1.0,1,0.22402097772886245,43
596,1,994,457,537,0,0,0,1.0,1,1.0,1,1.0,1,0.23835969455629064,44
597,1,995,457,538,0,0,0,1.0,1,1.0,1,1.0,1,0.21749222388627865,43
598,1,996,458,538,0,0,0,1.0,1,1.0,1,1.0,1,0.22162161132300137,45
599,2,998,460,538,0,0,0,1.0,1,1.0,1,1.0,1,0.2478946182753011,44
600,1,999,460,539,0,0,0,1.0,1,1.0,1,1.0,1,0.21874209584333137,44
601,3,1002,461,541,0,0,0,1.0,1,1.0,1,1.0,1,0.16866985935035844,45
602,2,1004,462,542,0,0,0,1.0,1,1.0,1,1.0,1,0.2103786465203306,46
603,0,1004,462,542,0,0,0,1.0,1,1.0,1,1.0,1,0.2198246150103573,46
604,4,1008,462,546,0,0,0,1.0,1,1.0,1,1.0,1,0.22969675239394746,47
605,4,1012,462,550,0,0,0,1.0,1,1.0,1,1.0,1,0.20219315357910322,47
606,1,1013,462,551,0,0,0,1.0,1,1.0,1,1.0,1,0.2072302414909517,47
607,1,1014,463,551,0,0,0,1.0,1,1.0,1,1.0,1,0.22724824562708917,48
608,0,1014,463,551,0,0,0,1.0,1,1.0,1,1.0,1,0.25473820208456327,47
609,0,1014,463,551,0,0,0,1.0,1,1.0,1,1.0,1,0.2589241805958851,48
610,1,1015,463,552,0,0,0,1.0,1,1.0,1,1.0,1,0.2604476886921011,48
611,5,1020,466,554,0,0,0,1.0,1,1.0,1,1.0,1,0.22871210942136355,49
612,3,1023,466,557,0,0,0,1.0,1,1.0,1,1.0,1,0.17039527527728063,50
613,0,1023,466,557,0,0,0,1.0,1,1.0,1,1.0,1,0.17039527527728063,50
614,1,1024,466,558,0,0,0,1.0,1,1.0,1,1.0,1,0.17935293162553043,50
615,1,1025,466,559,0,0,0,1.0,1,1.0,1,1.0,1,0.16619755547258439,50
616,3,1028,467,561,0,0,0,1.0,1,1.0,1,1.0,1,0.11963185148800232,50
617,0,1028,467,561,0,0,0,1.0,1,1.0,1,1.0,1,0.14044515950033654,52
618,1,1029,467,562,0,0,0,1.0,1,1.0,1,1.0,1,0.1307727121325953,52
619,1,1030,468,562,0,0,0,1.0,1,1.0,1,1.0,1,0.14616889762981275,50
620,2,1032,469,563,0,0,0,1.0,1,1.0,1,1.0,1,0.14118162426830722,50
621,2,1034,470,564,0,0,0,1.0,1,1.0,1,1.0,1,0.15361724521695397,49
622,0,1034,470,564,0,0,0,1.0,1,1.0,1,1.0,1,0.1693455467393908,49
623,2,1036,471,565,0,0,0,1.0,1,1.0,1,1.0,1,0.19504270961304465,48
624,3,1039,474,565,0,0,0,1.0,1,1.0,1,1.0,1,0.20999184017948727,46
625,3,1042,477,565,0,0,0,1.0,1,1.0,1,1.0,1,0.2370822373463969,45
626,6,1048,480,568,0,0,0,1.0,1,1.0,1,1.0,1,0.21909915680244108,44
627,5,1053,482,571,0,0,0,1.0,1,1.0,1,1.0,1,0.2332634509225792,44
628,3,1056,484,572,0,0,0,1.0,1,1.0,1,1.0,1,0.22659598795894084,44
629,0,1056,484,572,0,0,0,1.0,1,1.0,1,1.0,1,0.23885116124746308,41
630,0,1056,484,572,0,0,0,1.0,1,1.0,1,1.0,1,0.267807627955458,40
631,2,1058,485,573,0,0,0,1.0,1,1.0,1,1.0,1,0.29327307652788936,38
632,2,1060,487,573,0,0,0,1.0,1,1.0,1,1.0,1,0.30506642493297864,38
633,1,1061,488,573,0,0,0,1.0,1,1.0,1,1.0,1,0.35345274024206025,36
634,2,1063,489,574,0,0,0,1.0,1,1.0,1,1.0,1,0.33920543450326174,35
635,1,1064,490,574,0,0,0,1.0,1,1.0,1,1.0,1,0.34148304893009435,35
636,5,1069,491,578,0,0,0,1.0,1,1.0,1,1.0,1,0.31501561726465505,36
637,1,1070,491,579,0,0,0,1.0,1,1.0,1,1.0,1,0.3008467072269995,35
638,2,1072,492,580,0,0,0,1.0,1,1.0,1,1.0,1,0.3060087765577201,34
639,2,1074,493,581,0,0,0,1.0,1,1.0,1,1.0,1,0.2672526755109135,36
640,2,1076,494,582,0,0,0,1.0,1,1.0,1,1.0,1,0.27730166437964227,37
641,1,1077,494,583,0,0,0,1.0,1,1.0,1,1.0,1,0.25320024630841403,37
642,0,1077,494,583,0,0,0,1.0,1,1.0,1,1.0,1,0.2227867728424315,38
643,3,1080,494,586,0,0,0,1.0,1,1.0,1,1.0,1,0.1773625967667487,39
644,2,1082,495,587,0,0,0,1.0,1,1.0,1,1.0,1,0.18891335556448569,39
645,2,1084,495,589,0,0,0,1.0,1,1.0,1,1.0,1,0.18601645977801348,39
646,4,1088,497,591,0,0,0,1.0,1,1.0,1,1.0,1,0.22598417109986735,40
647,0,1088,497,591,0,0,0,1.0,1,1.0,1,1.0,1,0.22598417109986735,40
648,0,1088,497,591,0,0,0,1.0,1,1.0,1,1.0,1,0.22598417109986735,40
649,0,1088,497,591,0,0,0,1.0,1,1.0,1,1.0,1,0.22598417109986735,40
650,2,1090,498,592,0,0,0,1.0,1,1.0,1,1.0,1,0.24900400797222272,41
651,1,1091,499,592,0,0,0,1.0,1,1.0,1,1.0,1,0.24858228796522674,42
652,0,1091,499,592,0,0,0,1.0,1,1.0,1,1.0,1,0.27046490227767767,41
653,1,1092,499,593,0,0,0,1.0,1,1.0,1,1.0,1,0.2585854704987005,41
654,0,1092,499,593,0,0,0,1.0,1,1.0,1,1.0,1,0.26432473568290993,42
655,3,1095,499,596,0,0,0,1.0,1,1.0,1,1.0,1,0.23268159438149022,45
656,4,1099,503,596,0,0,0,1.0,1,1.0,1,1.0,1,0.3313074152986886,45
657,3,1102,503,599,0,0,0,1.0,1,1.0,1,1.0,1,0.2209119930625092,43
658,1,1103,504,599,0,0,0,1.0,1,1.0,1,1.0,1,0.26962008546092253,43
659,0,1103,504,599,0,0,0,1.0,1,1.0,1,1.0,1,0.244896614152346,43
660,2,1105,506,599,0,0,0,1.0,1,1.0,1,1.0,1,0.333691550942654,43
661,0,1105,506,599,0,0,0,1.0,1,1.0,1,1.0,1,0.328080868653853,41
662,5,1110,509,601,0,0,0,1.0,1,1.0,1,1.0,1,0.37478724328861596,40
663,2,1112,511,601,0,0,0,1.0,1,1.0,1,1.0,1,0.3855680658743535,39
664,2,1114,512,602,0,0,0,1.0,1,1.0,1,1.0,1,0.38745582996124384,36
665,4,1118,513,605,0,0,0,1.0,1,1.0,1,1.0,1,0.32270942266191355,36
666,3,1121,514,607,0,0,0,1.0,1,1.0,1,1.0,1,0.3138434833109891,36
667,1,1122,515,607,0,0,0,1.0,1,1.0,1,1.0,1,0.34649517623733295,35
668,1,1123,516,607,0,0,0,1.0,1,1.0,1,1.0,1,0.33847446335283954,34
669,2,1125,517,608,0,0,0,1.0,1,1.0,1,1.0,1,0.33934626190498474,34
670,3,1128,518,610,0,0,0,1.0,1,1.0,1,1.0,1,0.3171666033723981,32
671,4,1132,519,613,0,0,0,1.0,1,1.0,1,1.0,1,0.2473344016968402,33
672,0,1132,519,613,0,0,0,1.0,1,1.0,1,1.0,1,0.2649649492077012,32
673,0,1132,519,613,0,0,0,1.0,1,1.0,1,1.0,1,0.2649649492077012,32
674,5,1137,521,616,0,0,0,1.0,1,1.0,1,1.0,1,0.2498025886210366,32
675,2,1139,522,617,0,0,0,1.0,1,1.0,1,1.0,1,0.22829775379906744,34
676,0,1139,522,617,0,0,0,1.0,1,1.0,1,1.0,1,0.23367591756809647,35
677,0,1139,522,617,0,0,0,1.0,1,1.0,1,1.0,1,0.23367591756809647,35
678,2,1141,523,618,0,0,0,1.0,1,1.0,1,1.0,1,0.19302182903083692,35
679,2,1143,524,619,0,0,0,1.0,1,1.0,1,1.0,1,0.17098985866013272,36
680,0,1143,524,619,0,0,0,1.0,1,1.0,1,1.0,1,0.17792986037627925,37
681,0,1143,524,619,0,0,0,1.0,1,1.0,1,1.0,1,0.17792986037627925,37
682,1,1144,525,619,0,0,0,1.0,1,1.0,1,1.0,1,0.1927754210745385,37
683,0,1144,525,619,0,0,0,1.0,1,1.0,1,1.0,1,0.2055892202171772,38
684,2,1146,526,620,0,0,0,1.0,1,1.0,1,1.0,1,0.20968766114129034,39
685,0,1146,526,620,0,0,0,1.0,1,1.0,1,1.0,1,0.20694164274507543,38
686,0,1146,526,620,0,0,0,1.0,1,1.0,1,1.0,1,0.20645224338110518,37
687,4,1150,527,623,0,0,0,1.0,1,1.0,1,1.0,1,0.23419595266345125,38
688,1,1151,527,624,0,0,0,1.0,1,1.0,1,1.0,1,0.22152451478724675,37
689,2,1153,529,624,0,0,0,1.0,1,1.0,1,1.0,1,0.2868872002188135,39
690,1,1154,529,625,0,0,0,1.0,1,1.0,1,1.0,1,0.26841677382539086,38
691,1,1155,530,625,0,0,0,1.0,1,1.0,1,1.0,1,0.25149993554713335,38
692,1,1156,531,625,0,0,0,1.0,1,1.0,1,1.0,1,0.2550438509101021,38
693,2,1158,533,625,0,0,0,1.0,1,1.0,1,1.0,1,0.28567066704477007,40
694,3,1161,535,626,0,0,0,1.0,1,1.0,1,1.0,1,0.33137000594537386,42
695,1,1162,535,627,0,0,0,1.0,1,1.0,1,1.0,1,0.2815191985344108,40
696,3,1165,537,628,0,0,0,1.0,1,1.0,1,1.0,1,0.2739769198617486,39
697,1,1166,537,629,0,0,0,1.0,1,1.0,1,1.0,1,0.2601326914695413,39
698,2,1168,538,630,0,0,0,1.0,1,1.0,1,1.0,1,0.24342161094602102,37
699,0,1168,538,630,0,0,0,1.0,1,1.0,1,1.0,1,0.22027566127609902,37
700,2,1170,539,631,0,0,0,1.0,1,1.0,1,1.0,1,0.2633174156686104,37
701,2,1172,539,633,0,0,0,1.0,1,1.0,1,1.0,1,0.22410200504641672,37
702,0,1172,539,633,0,0,0,1.0,1,1.0,1,1.0,1,0.22856691620102956,38
703,4,1176,541,635,0,0,0,1.0,1,1.0,1,1.0,1,0.20625355129709055,36
704,1,1177,542,635,0,0,0,1.0,1,1.0,1,1.0,1,0.2172639163165363,36
705,2,1179,544,635,0,0,0,1.0,1,1.0,1,1.0,1,0.23002412880683562,36
706,5,1184,549,635,0,0,0,1.0,1,1.0,1,1.0,1,0.30179882759484766,35
707,3,1187,551,636,0,0,0,1.0,1,1.0,1,1.0,1,0.2892315567723332,36
708,2,1189,553,636,0,0,0,1.0,1,1.0,1,1.0,1,0.3212165278544236,36
709,3,1192,555,637,0,0,0,1.0,1,1.0,1,1.0,1,0.28686643555130426,34
710,0,1192,555,637,0,0,0,1.0,1,1.0,1,1.0,1,0.28686643555130426,34
711,0,1192,555,637,0,0,0,1.0,1,1.0,1,1.0,1,0.2808045170265624,34
712,3,1195,557,638,0,0,0,1.0,1,1.0,1,1.0,1,0.29240100312466977,35
713,1,1196,557,639,0,0,0,1.0,1,1.0,1,1.0,1,0.27164930843998514,34
714,1,1197,558,639,0,0,0,1.0,1,1.0,1,1.0,1,0.257286501132537,34
715,0,1197,558,639,0,0,0,1.0,1,1.0,1,1.0,1,0.2712303861192701,35
716,1,1198,558,640,0,0,0,1.0,1,1.0,1,1.0,1,0.2646297855291009,33
717,3,1201,561,640,0,0,0,1.0,1,1.0,1,1.0,1,0.39191198755506707,33
718,2,1203,562,641,0,0,0,1.0,1,1.0,1,1.0,1,0.42554758844786644,32
719,3,1206,564,642,0,0,0,1.0,1,1.0,1,1.0,1,0.39248366031481685,32
720,2,1208,565,643,0,0,0,1.0,1,1.0,1,1.0,1,0.3705589156686841,33
721,5,1213,566,647,0,0,0,1.0,1,1.0,1,1.0,1,0.24340747152875764,33
722,1,1214,566,648,0,0,0,1.0,1,1.0,1,1.0,1,0.2302832467612665,34
723,0,1214,566,648,0,0,0,1.0,1,1.0,1,1.0,1,0.2302832467612665,34
724,1,1215,566,649,0,0,0,1.0,1,1.0,1,1.0,1,0.21980656237417767,36
725,1,1216,566,650,0,0,0,1.0,1,1.0,1,1.0,1,0.20668635222093967,36
726,1,1217,566,651,0,0,0,1.0,1,1.0,1,1.0,1,0.2006032578714288,36
727,0,1217,566,651,0,0,0,1.0,1,1.0,1,1.0,1,0.2006032578714288,36
728,1,1218,567,651,0,0,0,1.0,1,1.0,1,1.0,1,0.2174298104426411,37
729,0,1218,567,651,0,0,0,1.0,1,1.0,1,1.0,1,0.20589821131345803,37
730,0,1218,567,651,0,0,0,1.0,1,1.0,1,1.0,1,0.21243910439798522,38
731,2,1220,567,653,0,0,0,1.0,1,1.0,1,1.0,1,0.20717012324741627,39
732,0,1220,567,653,0,0,0,1.0,1,1.0,1,1.0,1,0.19370704190951676,41
733,1,1221,568,653,0,0,0,1.0,1,1.0,1,1.0,1,0.17016682289405072,39
734,2,1223,570,653,0,0,0,1.0,1,1.0,1,1.0,1,0.17646058138846038,39
735,1,1224,571,653,0,0,0,1.0,1,1.0,1,1.0,1,0.2033586352316676,39
736,0,1224,571,653,0,0,0,1.0,1,1.0,1,1.0,1,0.26327235077744093,38
737,2,1226,572,654,0,0,0,1.0,1,1.0,1,1.0,1,0.2836180389773019,39
738,0,1226,572,654,0,0,0,1.0,1,1.0,1,1.0,1,0.30344315232980384,37
739,1,1227,573,654,0,0,0,1.0,1,1.0,1,1.0,1,0.3368824057633418,37
740,0,1227,573,654,0,0,0,1.0,1,1.0,1,1.0,1,0.32535686296205957,35
741,0,1227,573,654,0,0,0,1.0,1,1.0,1,1.0,1,0.30955276983565366,33
742,2,1229,574,655,0,0,0,1.0,1,1.0,1,1.0,1,0.3147713256040646,35
743,3,1232,576,656,0,0,0,1.0,1,1.0,1,1.0,1,0.3302039510754303,35
744,3,1235,578,657,0,0,0,1.0,1,1.0,1,1.0,1,0.2986190739441915,34
745,1,1236,579,657,0,0,0,1.0,1,1.0,1,1.0,1,0.33320841958436925,34
746,5,1241,581,660,0,0,0,1.0,1,1.0,1,1.0,1,0.23093482860835196,33
747,0,1241,581,660,0,0,0,1.0,1,1.0,1,1.0,1,0.21659407811347303,32
748,0,1241,581,660,0,0,0,1.0,1,1.0,1,1.0,1,0.2082001550326544,33
749,0,1241,581,660,0,0,0,1.0,1,1.0,1,1.0,1,0.2082001550326544,33
750,1,1242,582,660,0,0,0,1.0,1,1.0,1,1.0,1,0.241693104283034,34
751,5,1247,584,663,0,0,0,1.0,1,1.0,1,1.0,1,0.23554911450146843,36
752,3,1250,586,664,0,0,0,1.0,1,1.0,1,1.0,1,0.22277999940429882,35
753,3,1253,588,665,0,0,0,1.0,1,1.0,1,1.0,1,0.2897227630418322,37
754,3,1256,589,667,0,0,0,1.0,1,1.0,1,1.0,1,0.31524359606920666,37
755,1,1257,589,668,0,0,0,1.0,1,1.0,1,1.0,1,0.31094061031032577,35
756,2,1259,589,670,0,0,0,1.0,1,1.0,1,1.0,1,0.2704875114889919,36
757,0,1259,589,670,0,0,0,1.0,1,1.0,1,1.0,1,0.28245982702206335,35
758,1,1260,589,671,0,0,0,1.0,1,1.0,1,1.0,1,0.26390514283883443,36
759,1,1261,590,671,0,0,0,1.0,1,1.0,1,1.0,1,0.28542969176390365,37
760,0,1261,590,671,0,0,0,1.0,1,1.0,1,1.0,1,0.3143531916416567,36
761,2,1263,590,673,0,0,0,1.0,1,1.0,1,1.0,1,0.2854414019111674,36
762,0,1263,590,673,0,0,0,1.0,1,1.0,1,1.0,1,0.29193311548742196,37
763,1,1264,590,674,0,0,0,1.0,1,1.0,1,1.0,1,0.2801519342881838,38
764,0,1264,590,674,0,0,0,1.0,1,1.0,1,1.0,1,0.2801519342881838,38
765,0,1264,590,674,0,0,0,1.0,1,1.0,1,1.0,1,0.2801519342881838,38
766,0,1264,590,674,0,0,0,1.0,1,1.0,1,1.0,1,0.26537057054517177,40
767,0,1264,590,674,0,0,0,1.0,1,1.0,1,1.0,1,0.2757307428184104,41
768,2,1266,591,675,0,0,0,1.0,1,1.0,1,1.0,1,0.3015164670653891,41
769,1,1267,591,676,0,0,0,1.0,1,1.0,1,1.0,1,0.2930570668327502,42
770,1,1268,592,676,0,0,0,1.0,1,1.0,1,1.0,1,0.28536339652407827,41
771,1,1269,592,677,0,0,0,1.0,1,1.0,1,1.0,1,0.2858229132133504,41
772,4,1273,594,679,0,0,0,1.0,1,1.0,1,1.0,1,0.24955914173361393,41
773,0,1273,594,679,0,0,0,1.0,1,1.0,1,1.0,1,0.2216167156533635,41
774,3,1276,596,680,0,0,0,1.0,1,1.0,1,1.0,1,0.25689503436455213,42
775,0,1276,596,680,0,0,0,1.0,1,1.0,1,1.0,1,0.25689503436455213,42
776,1,1277,596,681,0,0,0,1.0,1,1.0,1,1.0,1,0.23469597385719274,42
777,1,1278,596,682,0,0,0,1.0,1,1.0,1,1.0,1,0.22069602055797327,42
778,0,1278,596,682,0,0,0,1.0,1,1.0,1,1.0,1,0.24485808664351402,44
779,0,1278,596,682,0,0,0,1.0,1,1.0,1,1.0,1,0.24485808664351402,44
780,1,1279,597,682,0,0,0,1.0,1,1.0,1,1.0,1,0.259440186169014,44
781,3,1282,597,685,0,0,0,1.0,1,1.0,1,1.0,1,0.24578832559849326,46
782,2,1284,599,685,0,0,0,1.0,1,1.0,1,1.0,1,0.2927517925015551,45
783,1,1285,600,685,0,0,0,1.0,1,1.0,1,1.0,1,0.30322985861203033,44
784,1,1286,601,685,0,0,0,1.0,1,1.0,1,1.0,1,0.33204503618159736,44
785,2,1288,602,686,0,0,0,1.0,1,1.0,1,1.0,1,0.29367889930277136,43
786,1,1289,603,686,0,0,0,1.0,1,1.0,1,1.0,1,0.27873984029351095,43
787,0,1289,603,686,0,0,0,1.0,1,1.0,1,1.0,1,0.27873984029351095,43
788,5,1294,605,689,0,0,0,1.0,1,1.0,1,1.0,1,0.2526562533601912,45
789,2,1296,606,690,0,0,0,1.0,1,1.0,1,1.0,1,0.22689200426837922,46
790,1,1297,606,691,0,0,0,1.0,1,1.0,1,1.0,1,0.25194864415783125,45
791,4,1301,606,695,0,0,0,1.0,1,1.0,1,1.0,1,0.1761437090547179,46
792,1,1302,606,696,0,0,0,1.0,1,1.0,1,1.0,1,0.17201482509134694,46
793,0,1302,606,696,0,0,0,1.0,1,1.0,1,1.0,1,0.17201482509134694,46
794,4,1306,607,699,0,0,0,1.0,1,1.0,1,1.0,1,0.1834706495334296,47
795,2,1308,607,701,0,0,0,1.0,1,1.0,1,1.0,1,0.16388192145080868,47
796,1,1309,608,701,0,0,0,1.0,1,1.0,1,1.0,1,0.18115941968268442,46
797,4,1313,611,702,0,0,0,1.0,1,1.0,1,1.0,1,0.2138052637528838,47
798,4,1317,613,704,0,0,0,1.0,1,1.0,1,1.0,1,0.22159305362728693,48
799,0,1317,613,704,0,0,0,1.0,1,1.0,1,1.0,1,0.22159305362728693,48
800,1,1318,614,704,0,0,0,1.0,1,1.0,1,1.0,1,0.2575600864619303,48
801,3,1321,614,707,0,0,0,1.0,1,1.0,1,1.0,1,0.2162835965580008,49
802,2,1323,615,708,0,0,0,1.0,1,1.0,1,1.0,1,0.15506206373957493,50
803,2,1325,615,710,0,0,0,1.0,1,1.0,1,1.0,1,0.1341098605092985,49
804,2,1327,615,712,0,0,0,1.0,1,1.0,1,1.0,1,0.1472678695133689,50
805,3,1330,615,715,0,0,0,1.0,1,1.0,1,1.0,1,0.12339836643991356,50
806,0,1330,615,715,0,0,0,1.0,1,1.0,1,1.0,1,0.12339836643991356,50
807,1,1331,615,716,0,0,0,1.0,1,1.0,1,1.0,1,0.12914911001704354,51
808,1,1332,616,716,0,0,0,1.0,1,1.0,1,1.0,1,0.14344740689956548,51
809,5,1337,618,719,0,0,0,1.0,1,1.0,1,1.0,1,0.15887887222958,51
810,0,1337,618,719,0,0,0,1.0,1,1.0,1,1.0,1,0.17062362569180917,52
811,1,1338,619,719,0,0,0,1.0,1,1.0,1,1.0,1,0.19093508898646272,50
812,3,1341,621,720,0,0,0,1.0,1,1.0,1,1.0,1,0.19697860667161507,48
813,2,1343,623,720,0,0,0,1.0,1,1.0,1,1.0,1,0.22835803535123725,49
814,0,1343,623,720,0,0,0,1.0,1,1.0,1,1.0,1,0.2016601219471784,48
815,6,1349,625,724,0,0,0,1.0,1,1.0,1,1.0,1,0.17103925920175464,48
816,1,1350,625,725,0,0,0,1.0,1,1.0,1,1.0,1,0.1685854267312935,46
817,0,1350,625,725,0,0,0,1.0,1,1.0,1,1.0,1,0.2124230554585471,44
818,0,1350,625,725,0,0,0,1.0,1,1.0,1,1.0,1,0.1822337322976699,46
819,0,1350,625,725,0,0,0,1.0,1,1.0,1,1.0,1,0.22369421259812275,44
820,1,1351,626,725,0,0,0,1.0,1,1.0,1,1.0,1,0.25732442504240605,44
821,2,1353,626,727,0,0,0,1.0,1,1.0,1,1.0,1,0.20153961757291233,44
822,5,1358,628,730,0,0,0,1.0,1,1.0,1,1.0,1,0.18912394959412368,44
823,2,1360,629,731,0,0,0,1.0,1,1.0,1,1.0,1,0.15874518172696836,42
824,3,1363,632,731,0,0,0,1.0,1,1.0,1,1.0,1,0.2070889372731082,42
825,2,1365,634,731,0,0,0,1.0,1,1.0,1,1.0,1,0.20028225671308234,40
826,4,1369,637,732,0,0,0,1.0,1,1.0,1,1.0,1,0.20521236865092687,41
827,3,1372,638,734,0,0,0,1.0,1,1.0,1,1.0,1,0.18414225234696127,40
828,2,1374,640,734,0,0,0,1.0,1,1.0,1,1.0,1,0.1899836476008567,40
829,3,1377,642,735,0,0,0,1.0,1,1.0,1,1.0,1,0.20656628027222074,42
830,2,1379,644,735,0,0,0,1.0,1,1.0,1,1.0,1,0.23769484809477331,42
831,5,1384,645,739,0,0,0,1.0,1,1.0,1,1.0,1,0.16151072557910603,43
832,0,1384,645,739,0,0,0,1.0,1,1.0,1,1.0,1,0.1559289137440451,42
833,1,1385,646,739,0,0,0,1.0,1,1.0,1,1.0,1,0.1921465270355882,41
834,2,1387,647,740,0,0,0,1.0,1,1.0,1,1.0,1,0.21282543712932367,41
835,1,1388,647,741,0,0,0,1.0,1,1.0,1,1.0,1,0.1831722752281681,41
836,0,1388,647,741,0,0,0,1.0,1,1.0,1,1.0,1,0.1822655803788173,40
837,0,1388,647,741,0,0,0,1.0,1,1.0,1,1.0,1,0.1829079172035508,41
838,0,1388,647,741,0,0,0,1.0,1,1.0,1,1.0,1,0.1829079172035508,41
839,0,1388,647,741,0,0,0,1.0,1,1.0,1,1.0,1,0.1829079172035508,41
840,3,1391,648,743,0,0,0,1.0,1,1.0,1,1.0,1,0.19474592954373698,42
841,3,1394,650,744,0,0,0,1.0,1,1.0,1,1.0,1,0.1735031035525682,42
842,3,1397,653,744,0,0,0,1.0,1,1.0,1,1.0,1,0.27490790487246497,42
843,3,1400,655,745,0,0,0,1.0,1,1.0,1,1.0,1,0.29413102597935464,42
844,2,1402,655,747,0,0,0,1.0,1,1.0,1,1.0,1,0.29013612508228054,42
845,3,1405,656,749,0,0,0,1.0,1,1.0,1,1.0,1,0.3073163395176906,44
846,2,1407,656,751,0,0,0,1.0,1,1.0,1,1.0,1,0.2806310590691857,44
847,0,1407,656,751,0,0,0,1.0,1,1.0,1,1.0,1,0.25028693761353676,42
848,1,1408,656,752,0,0,0,1.0,1,1.0,1,1.0,1,0.2564644048553624,43
849,2,1410,656,754,0,0,0,1.0,1,1.0,1,1.0,1,0.20929317038422007,43
850,3,1413,657,756,0,0,0,1.0,1,1.0,1,1.0,1,0.2506180644098893,41
851,4,1417,658,759,0,0,0,1.0,1,1.0,1,1.0,1,0.17228832386545295,40
852,1,1418,659,759,0,0,0,1.0,1,1.0,1,1.0,1,0.17763502300973,40
853,3,1421,660,761,0,0,0,1.0,1,1.0,1,1.0,1,0.15357774257440882,40
854,2,1423,661,762,0,0,0,1.0,1,1.0,1,1.0,1,0.1773521747958612,40
855,1,1424,662,762,0,0,0,1.0,1,1.0,1,1.0,1,0.1688106820897886,41
856,1,1425,663,762,0,0,0,1.0,1,1.0,1,1.0,1,0.1818980693185345,41
857,1,1426,664,762,0,0,0,1.0,1,1.0,1,1.0,1,0.18128527635626251,42
858,1,1427,664,763,0,0,0,1.0,1,1.0,1,1.0,1,0.15450076294055923,43
859,0,1427,664,763,0,0,0,1.0,1,1.0,1,1.0,1,0.15450076294055923,43
860,1,1428,665,763,0,0,0,1.0,1,1.0,1,1.0,1,0.15935682062885576,44
861,1,1429,666,763,0,0,0,1.0,1,1.0,1,1.0,1,0.18074747542832242,44
862,2,1431,667,764,0,0,0,1.0,1,1.0,1,1.0,1,0.15707426913743058,44
863,3,1434,669,765,0,0,0,1.0,1,1.0,1,1.0,1,0.18875166864021195,44
864,0,1434,669,765,0,0,0,1.0,1,1.0,1,1.0,1,0.1903426933678836,44
865,3,1437,671,766,0,0,0,1.0,1,1.0,1,1.0,1,0.15364692299318822,43
866,8,1445,675,770,0,0,0,1.0,1,1.0,1,1.0,1,0.21274190782195276,45
867,0,1445,675,770,0,0,0,1.0,1,1.0,1,1.0,1,0.20568663543565296,44
868,3,1448,677,771,0,0,0,1.0,1,1.0,1,1.0,1,0.21844133301096022,45
869,2,1450,678,772,0,0,0,1.0,1,1.0,1,1.0,1,0.26124787349941725,44
870,1,1451,678,773,0,0,0,1.0,1,1.0,1,1.0,1,0.2294286606134152,44
871,5,1456,679,777,0,0,0,1.0,1,1.0,1,1.0,1,0.18455575637810687,43
872,2,1458,680,778,0,0,0,1.0,1,1.0,1,1.0,1,0.16731397867406536,43
873,3,1461,681,780,0,0,0,1.0,1,1.0,1,1.0,1,0.18408247707720313,43
874,4,1465,683,782,0,0,0,1.0,1,1.0,1,1.0,1,0.12182308306100814,46
875,2,1467,684,783,0,0,0,1.0,1,1.0,1,1.0,1,0.16306544667423367,43
876,3,1470,685,785,0,0,0,1.0,1,1.0,1,1.0,1,0.13871078950949967,44
877,1,1471,685,786,0,0,0,1.0,1,1.0,1,1.0,1,0.16892903619361474,44
878,0,1471,685,786,0,0,0,1.0,1,1.0,1,1.0,1,0.16892903619361474,44
879,0,1471,685,786,0,0,0,1.0,1,1.0,1,1.0,1,0.16892903619361474,44
880,2,1473,687,786,0,0,0,1.0,1,1.0,1,1.0,1,0.225105949071594,44
881,3,1476,687,789,0,0,0,1.0,1,1.0,1,1.0,1,0.15803709460376575,43
882,1,1477,688,789,0,0,0,1.0,1,1.0,1,1.0,1,0.14964189915196782,45
883,2,1479,689,790,0,0,0,1.0,1,1.0,1,1.0,1,0.1559367325062745,45
884,2,1481,691,790,0,0,0,1.0,1,1.0,1,1.0,1,0.19368623146566144,45
885,3,1484,691,793,0,0,0,1.0,1,1.0,1,1.0,1,0.19705016716804596,43
886,3,1487,692,795,0,0,0,1.0,1,1.0,1,1.0,1,0.2269903537899539,43
887,1,1488,693,795,0,0,0,1.0,1,1.0,1,1.0,1,0.22440591209822017,41
888,0,1488,693,795,0,0,0,1.0,1,1.0,1,1.0,1,0.2539279687218613,40
889,2,1490,695,795,0,0,0,1.0,1,1.0,1,1.0,1,0.2849008955705896,40
890,1,1491,696,795,0,0,0,1.0,1,1.0,1,1.0,1,0.31209297918393897,38
891,6,1497,698,799,0,0,0,1.0,1,1.0,1,1.0,1,0.2659152081615861,39
892,4,1501,700,801,0,0,0,1.0,1,1.0,1,1.0,1,0.3161909933118055,39
893,0,1501,700,801,0,0,0,1.0,1,1.0,1,1.0,1,0.3020010159785708,37
894,1,1502,700,802,0,0,0,1.0,1,1.0,1,1.0,1,0.26735057883847724,36
895,0,1502,700,802,0,0,0,1.0,1,1.0,1,1.0,1,0.27891578590166605,37
896,2,1504,702,802,0,0,0,1.0,1,1.0,1,1.0,1,0.2946924018714065,36
897,1,1505,703,802,0,0,0,1.0,1,1.0,1,1.0,1,0.2873154031341236,36
898,0,1505,703,802,0,0,0,1.0,1,1.0,1,1.0,1,0.3052523863794738,35
899,2,1507,704,803,0,0,0,1.0,1,1.0,1,1.0,1,0.2700257513026517,35
900,0,1507,704,803,0,0,0,1.0,1,1.0,1,1.0,1,0.31051077375073005,36
901,0,1507,704,803,0,0,0,1.0,1,1.0,1,1.0,1,0.31051077375073005,36
902,3,1510,707,803,0,0,0,1.0,1,1.0,1,1.0,1,0.3858757059181633,36
903,2,1512,707,805,0,0,0,1.0,1,1.0,1,1.0,1,0.3065588017621282,35
904,3,1515,709,806,0,0,0,1.0,1,1.0,1,1.0,1,0.294291252163188,37
905,1,1516,710,806,0,0,0,1.0,1,1.0,1,1.0,1,0.3157653216809727,36
906,4,1520,711,809,0,0,0,1.0,1,1.0,1,1.0,1,0.2580100471864582,37
907,2,1522,713,809,0,0,0,1.0,1,1.0,1,1.0,1,0.25841844168061395,37
908,1,1523,714,809,0,0,0,1.0,1,1.0,1,1.0,1,0.25715134322901895,36
909,2,1525,716,809,0,0,0,1.0,1,1.0,1,1.0,1,0.23545381927716277,36
910,5,1530,718,812,0,0,0,1.0,1,1.0,1,1.0,1,0.26701061237380175,37
911,4,1534,719,815,0,0,0,1.0,1,1.0,1,1.0,1,0.24449897793110287,36
912,1,1535,720,815,0,0,0,1.0,1,1.0,1,1.0,1,0.24359176946624578,34
913,1,1536,720,816,0,0,0,1.0,1,1.0,1,1.0,1,0.26252391268482156,34
914,0,1536,720,816,0,0,0,1.0,1,1.0,1,1.0,1,0.30773601736333317,33
915,0,1536,720,816,0,0,0,1.0,1,1.0,1,1.0,1,0.30773601736333317,33
916,4,1540,720,820,0,0,0,1.0,1,1.0,1,1.0,1,0.20452112017582433,34
917,1,1541,721,820,0,0,0,1.0,1,1.0,1,1.0,1,0.2015391411578519,34
918,1,1542,722,820,0,0,0,1.0,1,1.0,1,1.0,1,0.17548944404669498,36
919,0,1542,722,820,0,0,0,1.0,1,1.0,1,1.0,1,0.17548944404669498,36
920,1,1543,723,820,0,0,0,1.0,1,1.0,1,1.0,1,0.18543001943821125,37
921,0,1543,723,820,0,0,0,1.0,1,1.0,1,1.0,1,0.18543001943821125,37
922,1,1544,724,820,0,0,0,1.0,1,1.0,1,1.0,1,0.2064841466040874,38
923,1,1545,725,820,0,0,0,1.0,1,1.0,1,1.0,1,0.21418912669621898,36
924,2,1547,726,821,0,0,0,1.0,1,1.0,1,1.0,1,0.21848252250987746,35
925,4,1551,727,824,0,0,0,1.0,1,1.0,1,1.0,1,0.25110608172362764,35
926,2,1553,729,824,0,0,0,1.0,1,1.0,1,1.0,1,0.27311315755694926,34
927,1,1554,730,824,0,0,0,1.0,1,1.0,1,1.0,1,0.29004757917680873,32
928,0,1554,730,824,0,0,0,1.0,1,1.0,1,1.0,1,0.27472191642157306,32
929,1,1555,731,824,0,0,0,1.0,1,1.0,1,1.0,1,0.2615815463355597,31
930,0,1555,731,824,0,0,0,1.0,1,1.0,1,1.0,1,0.2854069426854979,30
931,4,1559,734,825,0,0,0,1.0,1,1.0,1,1.0,1,0.29038165456019616,29
932,1,1560,734,826,0,0,0,1.0,1,1.0,1,1.0,1,0.26929628604773415,29
933,0,1560,734,826,0,0,0,1.0,1,1.0,1,1.0,1,0.26929628604773415,29
934,1,1561,735,826,0,0,0,1.0,1,1.0,1,1.0,1,0.25923132146306044,29
935,1,1562,735,827,0,0,0,1.0,1,1.0,1,1.0,1,0.2838206188139593,31
936,1,1563,736,827,0,0,0,1.0,1,1.0,1,1.0,1,0.2999971891727048,31
937,1,1564,737,827,0,0,0,1.0,1,1.0,1,1.0,1,0.3339127487804351,34
938,1,1565,737,828,0,0,0,1.0,1,1.0,1,1.0,1,0.3379951948349962,33
939,5,1570,737,833,0,0,0,1.0,1,1.0,1,1.0,1,0.2585565223575115,36
940,1,1571,737,834,0,0,0,1.0,1,1.0,1,1.0,1,0.24575616501230374,36
941,2,1573,739,834,0,0,0,1.0,1,1.0,1,1.0,1,0.30308017811040294,36
942,1,1574,739,835,0,0,0,1.0,1,1.0,1,1.0,1,0.29781994227679853,36
943,1,1575,739,836,0,0,0,1.0,1,1.0,1,1.0,1,0.2818703378541568,35
944,3,1578,742,836,0,0,0,1.0,1,1.0,1,1.0,1,0.26867756906124035,35
945,0,1578,742,836,0,0,0,1.0,1,1.0,1,1.0,1,0.25641183166240455,33
946,3,1581,744,837,0,0,0,1.0,1,1.0,1,1.0,1,0.3085927287318202,36
947,1,1582,745,837,0,0,0,1.0,1,1.0,1,1.0,1,0.33343476356849855,34
948,1,1583,746,837,0,0,0,1.0,1,1.0,1,1.0,1,0.3448341921566509,33
949,2,1585,746,839,0,0,0,1.0,1,1.0,1,1.0,1,0.30707910283882733,34
950,0,1585,746,839,0,0,0,1.0,1,1.0,1,1.0,1,0.31358619891831013,33
951,1,1586,746,840,0,0,0,1.0,1,1.0,1,1.0,1,0.28952951884156386,33
952,0,1586,746,840,0,0,0,1.0,1,1.0,1,1.0,1,0.3100995598899405,32
953,1,1587,746,841,0,0,0,1.0,1,1.0,1,1.0,1,0.2852055137774791,32
954,0,1587,746,841,0,0,0,1.0,1,1.0,1,1.0,1,0.3129397740366106,31
955,2,1589,747,842,0,0,0,1.0,1,1.0,1,1.0,1,0.34497991055301075,32
956,2,1591,748,843,0,0,0,1.0,1,1.0,1,1.0,1,0.3201715064937658,32
957,2,1593,748,845,0,0,0,1.0,1,1.0,1,1.0,1,0.279164921893015,33
958,0,1593,748,845,0,0,0,1.0,1,1.0,1,1.0,1,0.2926312273037354,35
959,1,1594,749,845,0,0,0,1.0,1,1.0,1,1.0,1,0.3123054556712312,36
960,1,1595,749,846,0,0,0,1.0,1,1.0,1,1.0,1,0.3163521226632534,38
961,5,1600,751,849,0,0,0,1.0,1,1.0,1,1.0,1,0.35811480331151135,37
962,1,1601,752,849,0,0,0,1.0,1,1.0,1,1.0,1,0.3465242940904824,35
963,0,1601,752,849,0,0,0,1.0,1,1.0,1,1.0,1,0.35029184516684886,35
964,2,1603,752,851,0,0,0,1.0,1,1.0,1,1.0,1,0.3677446574059162,34
965,0,1603,752,851,0,0,0,1.0,1,1.0,1,1.0,1,0.366946600554194,35
966,5,1608,753,855,0,0,0,1.0,1,1.0,1,1.0,1,0.256514021508945,34
967,0,1608,753,855,0,0,0,1.0,1,1.0,1,1.0,1,0.27119876491238837,35
968,2,1610,754,856,0,0,0,1.0,1,1.0,1,1.0,1,0.24926078022142956,36
969,0,1610,754,856,0,0,0,1.0,1,1.0,1,1.0,1,0.28243057906592706,35
970,0,1610,754,856,0,0,0,1.0,1,1.0,1,1.0,1,0.31379241579497463,34
971,1,1611,754,857,0,0,0,1.0,1,1.0,1,1.0,1,0.31247642396048664,35
972,3,1614,756,858,0,0,0,1.0,1,1.0,1,1.0,1,0.28323490046393984,35
973,0,1614,756,858,0,0,0,1.0,1,1.0,1,1.0,1,0.30034490957726273,36
974,1,1615,757,858,0,0,0,1.0,1,1.0,1,1.0,1,0.34102206848543903,35
975,0,1615,757,858,0,0,0,1.0,1,1.0,1,1.0,1,0.3217175522643601,36
976,1,1616,757,859,0,0,0,1.0,1,1.0,1,1.0,1,0.3276519455600179,38
977,0,1616,757,859,0,0,0,1.0,1,1.0,1,1.0,1,0.3276519455600179,38
978,0,1616,757,859,0,0,0,1.0,1,1.0,1,1.0,1,0.3276519455600179,38
979,0,1616,757,859,0,0,0,1.0,1,1.0,1,1.0,1,0.3358976111739541,39
980,3,1619,759,860,0,0,0,1.0,1,1.0,1,1.0,1,0.3765406340675591,39
981,3,1622,760,862,0,0,0,1.0,1,1.0,1,1.0,1,0.356870163209145,40
982,2,1624,762,862,0,0,0,1.0,1,1.0,1,1.0,1,0.40868667271378895,40
983,0,1624,762,862,0,0,0,1.0,1,1.0,1,1.0,1,0.3831912289808528,38
984,2,1626,763,863,0,0,0,1.0,1,1.0,1,1.0,1,0.40896637989524276,39
985,6,1632,766,866,0,0,0,1.0,1,1.0,1,1.0,1,0.3789864202631936,38
986,6,1638,769,869,0,0,0,1.0,1,1.0,1,1.0,1,0.38313223053264495,38
987,2,1640,770,870,0,0,0,1.0,1,1.0,1,1.0,1,0.3549428328060924,38
988,0,1640,770,870,0,0,0,1.0,1,1.0,1,1.0,1,0.3549428328060924,38
989,1,1641,770,871,0,0,0,1.0,1,1.0,1,1.0,1,0.331998809148388,38
990,0,1641,770,871,0,0,0,1.0,1,1.0,1,1.0,1,0.331998809148388,38
991,4,1645,771,874,0,0,0,1.0,1,1.0,1,1.0,1,0.2982462882745609,40
992,1,1646,772,874,0,0,0,1.0,1,1.0,1,1.0,1,0.32421778919768096,39
993,1,1647,773,874,0,0,0,1.0,1,1.0,1,1.0,1,0.3293220063197229,38
994,1,1648,773,875,0,0,0,1.0,1,1.0,1,1.0,1,0.3269185661360143,39
995,0,1648,773,875,0,0,0,1.0,1,1.0,1,1.0,1,0.3282146295063867,41
996,2,1650,773,877,0,0,0,1.0,1,1.0,1,1.0,1,0.30735146293456883,40
997,0,1650,773,877,0,0,0,1.0,1,1.0,1,1.0,1,0.3213475314412297,41
998,0,1650,773,877,0,0,0,1.0,1,1.0,1,1.0,1,0.3499555574380588,40
999,0,1650,773,877,0,0,0,1.0,1,1.0,1,1.0,1,0.3853170745385844,40
1000,0,1650,773,877,0,0,0,1.0,1,1.0,1,1.0,1,0.3853170745385844,40
1001,1,1651,773,878,0,0,0,1.0,1,1.0,1,1.0,1,0.3696019446251928,39
1002,0,1651,773,878,0,0,0,1.0,1,1.0,1,1.0,1,0.3696019446251928,39
1003,0,1651,773,878,0,0,0,1.0,1,1.0,1,1.0,1,0.3696019446251928,39
1004,0,1651,773,878,0,0,0,1.0,1,1.0,1,1.0,1,0.3696019446251928,39
1005,0,1651,773,878,0,0,0,1.0,1,1.0,1,1.0,1,0.3759780496034717,40
1006,0,1651,773,878,0,0,0,1.0,1,1.0,1,1.0,1,0.36407484743165913,41
1007,1,1652,773,879,0,0,0,1.0,1,1.0,1,1.0,1,0.3612428691347182,42
1008,4,1656,773,883,0,0,0,1.0,1,1.0,1,1.0,1,0.31038689407945397,43
1009,2,1658,773,885,0,0,0,1.0,1,1.0,1,1.0,1,0.25345710270671834,44
1010,0,1658,773,885,0,0,0,1.0,1,1.0,1,1.0,1,0.25345710270671834,44
1011,1,1659,773,886,0,0,0,1.0,1,1.0,1,1.0,1,0.24349064701506828,44
1012,3,1662,776,886,0,0,0,1.0,1,1.0,1,1.0,1,0.24343921718480468,46
1013,1,1663,776,887,0,0,0,1.0,1,1.0,1,1.0,1,0.23783209764017965,46
1014,1,1664,777,887,0,0,0,1.0,1,1.0,1,1.0,1,0.26265523479513775,46
1015,0,1664,777,887,0,0,0,1.0,1,1.0,1,1.0,1,0.26265523479513775,46
1016,1,1665,778,887,0,0,0,1.0,1,1.0,1,1.0,1,0.2779804069020525,47
1017,2,1667,778,889,0,0,0,1.0,1,1.0,1,1.0,1,0.25382805160907546,47
1018,3,1670,779,891,0,0,0,1.0,1,1.0,1,1.0,1,0.2730252235932554,48
1019,5,1675,780,895,0,0,0,1.0,1,1.0,1,1.0,1,0.22416170173724825,49
1020,1,1676,780,896,0,0,0,1.0,1,1.0,1,1.0,1,0.20309647554449872,51
1021,1,1677,780,897,0,0,0,1.0,1,1.0,1,1.0,1,0.1883212701922798,51
1022,1,1678,781,897,0,0,0,1.0,1,1.0,1,1.0,1,0.19833424297888125,52
1023,0,1678,781,897,0,0,0,1.0,1,1.0,1,1.0,1,0.20394163318037206,52
1024,1,1679,782,897,0,0,0,1.0,1,1.0,1,1.0,1,0.22828689054474224,52
1025,3,1682,782,900,0,0,0,1.0,1,1.0,1,1.0,1,0.20009663276098977,54
1026,2,1684,782,902,0,0,0,1.0,1,1.0,1,1.0,1,0.15468959807655733,54
1027,1,1685,782,903,0,0,0,1.0,1,1.0,1,1.0,1,0.1290022674924763,55
1028,1,1686,782,904,0,0,0,1.0,1,1.0,1,1.0,1,0.1349589117198128,56
1029,0,1686,782,904,0,0,0,1.0,1,1.0,1,1.0,1,0.1349589117198128,56
1030,0,1686,782,904,0,0,0,1.0,1,1.0,1,1.0,1,0.14984482356978876,57
1031,1,1687,782,905,0,0,0,1.0,1,1.0,1,1.0,1,0.14714778865609385,58
1032,2,1689,784,905,0,0,0,1.0,1,1.0,1,1.0,1,0.1777254783207972,58
1033,0,1689,784,905,0,0,0,1.0,1,1.0,1,1.0,1,0.16972156422937124,57
1034,4,1693,787,906,0,0,0,1.0,1,1.0,1,1.0,1,0.1833629322444669,57
1035,3,1696,789,907,0,0,0,1.0,1,1.0,1,1.0,1,0.20930870005586882,57
1036,4,1700,790,910,0,0,0,1.0,1,1.0,1,1.0,1,0.18316155934707454,59
1037,3,1703,792,911,0,0,0,1.0,1,1.0,1,1.0,1,0.19561705905299398,57
1038,6,1709,794,915,0,0,0,1.0,1,1.0,1,1.0,1,0.20704468795423797,59
1039,5,1714,799,915,0,0,0,1.0,1,1.0,1,1.0,1,0.22648221811558455,57
1040,2,1716,800,916,0,0,0,1.0,1,1.0,1,1.0,1,0.2787066427062358,56
1041,6,1722,801,921,0,0,0,1.0,1,1.0,1,1.0,1,0.1961901904323879,54
1042,0,1722,801,921,0,0,0,1.0,1,1.0,1,1.0,1,0.19873629622637556,52
1043,2,1724,803,921,0,0,0,1.0,1,1.0,1,1.0,1,0.219921464349579,52
1044,0,1724,803,921,0,0,0,1.0,1,1.0,1,1.0,1,0.18419564572967562,50
1045,0,1724,803,921,0,0,0,1.0,1,1.0,1,1.0,1,0.18380644629103599,51
1046,1,1725,804,921,0,0,0,1.0,1,1.0,1,1.0,1,0.18875268772460263,50
1047,0,1725,804,921,0,0,0,1.0,1,1.0,1,1.0,1,0.16226429662985073,50
1048,2,1727,805,922,0,0,0,1.0,1,1.0,1,1.0,1,0.1769986182778726,50
1049,2,1729,807,922,0,0,0,1.0,1,1.0,1,1.0,1,0.20254378548449473,50
1050,0,1729,807,922,0,0,0,1.0,1,1.0,1,1.0,1,0.20254378548449473,50
1051,1,1730,807,923,0,0,0,1.0,1,1.0,1,1.0,1,0.17772583804749456,50
1052,2,1732,808,924,0,0,0,1.0,1,1.0,1,1.0,1,0.1831926003475472,51
1053,0,1732,808,924,0,0,0,1.0,1,1.0,1,1.0,1,0.1831926003475472,51
1054,0,1732,808,924,0,0,0,1.0,1,1.0,1,1.0,1,0.16383785555937685,53
1055,1,1733,808,925,0,0,0,1.0,1,1.0,1,1.0,1,0.17425920816148652,54
1056,1,1734,808,926,0,0,0,1.0,1,1.0,1,1.0,1,0.18461169648244813,54
1057,1,1735,808,927,0,0,0,1.0,1,1.0,1,1.0,1,0.19367932324902606,55
1058,0,1735,808,927,0,0,0,1.0,1,1.0,1,1.0,1,0.2014288849702878,54
1059,2,1737,810,927,0,0,0,1.0,1,1.0,1,1.0,1,0.24694409282406019,53
1060,1,1738,810,928,0,0,0,1.0,1,1.0,1,1.0,1,0.22802101272305492,53
1061,4,1742,813,929,0,0,0,1.0,1,1.0,1,1.0,1,0.20522434847537685,53
1062,5,1747,818,929,0,0,0,1.0,1,1.0,1,1.0,1,0.20818575410275364,54
1063,1,1748,818,930,0,0,0,1.0,1,1.0,1,1.0,1,0.21413872241368684,53
1064,4,1752,821,931,0,0,0,1.0,1,1.0,1,1.0,1,0.2548810455785733,55
1065,3,1755,821,934,0,0,0,1.0,1,1.0,1,1.0,1,0.25242730512626305,54
1066,2,1757,821,936,0,0,0,1.0,1,1.0,1,1.0,1,0.24060145043988868,55
1067,5,1762,822,940,0,0,0,1.0,1,1.0,1,1.0,1,0.21304753908052126,55
1068,1,1763,822,941,0,0,0,1.0,1,1.0,1,1.0,1,0.2120299270523688,55
1069,3,1766,824,942,0,0,0,1.0,1,1.0,1,1.0,1,0.19599667101681123,55
1070,0,1766,824,942,0,0,0,1.0,1,1.0,1,1.0,1,0.21162280862671956,54
1071,3,1769,825,944,0,0,0,1.0,1,1.0,1,1.0,1,0.18002317025551617,55
1072,0,1769,825,944,0,0,0,1.0,1,1.0,1,1.0,1,0.17242979198413372,54
1073,1,1770,826,944,0,0,0,1.0,1,1.0,1,1.0,1,0.17537609944490687,54
1074,3,1773,827,946,0,0,0,1.0,1,1.0,1,1.0,1,0.17856825151487402,52
1075,0,1773,827,946,0,0,0,1.0,1,1.0,1,1.0,1,0.1703792962043695,51
1076,2,1775,827,948,0,0,0,1.0,1,1.0,1,1.0,1,0.15088641774079625,52
1077,2,1777,829,948,0,0,0,1.0,1,1.0,1,1.0,1,0.1904318482173358,49
1078,3,1780,831,949,0,0,0,1.0,1,1.0,1,1.0,1,0.2250878549318922,48
1079,2,1782,833,949,0,0,0,1.0,1,1.0,1,1.0,1,0.24216871771973683,47
1080,2,1784,835,949,0,0,0,1.0,1,1.0,1,1.0,1,0.32981255075695387,47
1081,2,1786,837,949,0,0,0,1.0,1,1.0,1,1.0,1,0.38229423536710916,45
1082,5,1791,838,953,0,0,0,1.0,1,1.0,1,1.0,1,0.29915446532591794,42
1083,2,1793,839,954,0,0,0,1.0,1,1.0,1,1.0,1,0.29290165675470925,42
1084,0,1793,839,954,0,0,0,1.0,1,1.0,1,1.0,1,0.32429932704927533,40
1085,1,1794,839,955,0,0,0,1.0,1,1.0,1,1.0,1,0.2831398082810323,43
1086,3,1797,840,957,0,0,0,1.0,1,1.0,1,1.0,1,0.2847834906798729,41
1087,2,1799,840,959,0,0,0,1.0,1,1.0,1,1.0,1,0.24309566724907097,41
1088,0,1799,840,959,0,0,0,1.0,1,1.0,1,1.0,1,0.24309566724907097,41
1089,3,1802,842,960,0,0,0,1.0,1,1.0,1,1.0,1,0.2128587291650736,42
1090,0,1802,842,960,0,0,0,1.0,1,1.0,1,1.0,1,0.23005548436520404,43
1091,1,1803,843,960,0,0,0,1.0,1,1.0,1,1.0,1,0.2725060640589585,43
1092,2,1805,844,961,0,0,0,1.0,1,1.0,1,1.0,1,0.24620658267806028,43
1093,1,1806,845,961,0,0,0,1.0,1,1.0,1,1.0,1,0.2549609222562159,43
1094,1,1807,845,962,0,0,0,1.0,1,1.0,1,1.0,1,0.23852793904541342,43
1095,0,1807,845,962,0,0,0,1.0,1,1.0,1,1.0,1,0.24358530878505608,44
1096,1,1808,846,962,0,0,0,1.0,1,1.0,1,1.0,1,0.2525457955558712,44
1097,3,1811,848,963,0,0,0,1.0,1,1.0,1,1.0,1,0.30114377111241997,45
1098,1,1812,848,964,0,0,0,1.0,1,1.0,1,1.0,1,0.27409832682895696,46
1099,4,1816,849,967,0,0,0,1.0,1,1.0,1,1.0,1,0.29020529714133675,48
1100,2,1818,849,969,0,0,0,1.0,1,1.0,1,1.0,1,0.2965802487698439,49
1101,2,1820,850,970,0,0,0,1.0,1,1.0,1,1.0,1,0.29511058324284345,49
1102,5,1825,852,973,0,0,0,1.0,1,1.0,1,1.0,1,0.2752955239352477,50
1103,3,1828,852,976,0,0,0,1.0,1,1.0,1,1.0,1,0.21742864656414757,48
1104,4,1832,856,976,0,0,0,1.0,1,1.0,1,1.0,1,0.2084937021888694,50
1105,3,1835,858,977,0,0,0,1.0,1,1.0,1,1.0,1,0.18613193986970578,48
1106,0,1835,858,977,0,0,0,1.0,1,1.0,1,1.0,1,0.19380385383397003,48
1107,2,1837,859,978,0,0,0,1.0,1,1.0,1,1.0,1,0.22407114792899127,47
1108,2,1839,861,978,0,0,0,1.0,1,1.0,1,1.0,1,0.2647419731214522,47
1109,2,1841,863,978,0,0,0,1.0,1,1.0,1,1.0,1,0.27885639831152226,46
1110,1,1842,864,978,0,0,0,1.0,1,1.0,1,1.0,1,0.31169322296193513,43
1111,7,1849,865,984,0,0,0,1.0,1,1.0,1,1.0,1,0.20910089995396922,44
1112,3,1852,867,985,0,0,0,1.0,1,1.0,1,1.0,1,0.2672460018937882,43
1113,2,1854,868,986,0,0,0,1.0,1,1.0,1,1.0,1,0.2913341622291073,39
1114,0,1854,868,986,0,0,0,1.0,1,1.0,1,1.0,1,0.2913341622291073,39
1115,2,1856,869,987,0,0,0,1.0,1,1.0,1,1.0,1,0.2673683636993402,37
1116,3,1859,871,988,0,0,0,1.0,1,1.0,1,1.0,1,0.18366898348756688,37
1117,2,1861,871,990,0,0,0,1.0,1,1.0,1,1.0,1,0.14701330497049142,36
1118,0,1861,871,990,0,0,0,1.0,1,1.0,1,1.0,1,0.14843754253929126,36
1119,0,1861,871,990,0,0,0,1.0,1,1.0,1,1.0,1,0.14843754253929126,36
1120,0,1861,871,990,0,0,0,1.0,1,1.0,1,1.0,1,0.14843754253929126,36
1121,1,1862,872,990,0,0,0,1.0,1,1.0,1,1.0,1,0.2122993724861362,36
1122,1,1863,872,991,0,0,0,1.0,1,1.0,1,1.0,1,0.22184845027476993,37
1123,0,1863,872,991,0,0,0,1.0,1,1.0,1,1.0,1,0.22184845027476993,37
1124,0,1863,872,991,0,0,0,1.0,1,1.0,1,1.0,1,0.22184845027476993,37
1125,2,1865,873,992,0,0,0,1.0,1,1.0,1,1.0,1,0.2758291946672821,38
1126,1,1866,873,993,0,0,0,1.0,1,1.0,1,1.0,1,0.25536362415813213,38
1127,3,1869,874,995,0,0,0,1.0,1,1.0,1,1.0,1,0.24453369686514026,39
1128,0,1869,874,995,0,0,0,1.0,1,1.0,1,1.0,1,0.24453369686514026,39
1129,0,1869,874,995,0,0,0,1.0,1,1.0,1,1.0,1,0.24453369686514026,39
1130,1,1870,875,995,0,0,0,1.0,1,1.0,1,1.0,1,0.2831464798261972,39
1131,1,1871,875,996,0,0,0,1.0,1,1.0,1,1.0,1,0.2653429543382167,39
1132,1,1872,876,996,0,0,0,1.0,1,1.0,1,1.0,1,0.27842897343137135,39
1133,3,1875,877,998,0,0,0,1.0,1,1.0,1,1.0,1,0.22889484497220863,42
1134,0,1875,877,998,0,0,0,1.0,1,1.0,1,1.0,1,0.22889484497220863,42
1135,1,1876,877,999,0,0,0,1.0,1,1.0,1,1.0,1,0.2620807920694486,44
1136,2,1878,878,1000,0,0,0,1.0,1,1.0,1,1.0,1,0.27870406553740423,46
1137,0,1878,878,1000,0,0,0,1.0,1,1.0,1,1.0,1,0.29203854303980503,45
1138,2,1880,879,1001,0,0,0,1.0,1,1.0,1,1.0,1,0.3066594608100319,46
1139,1,1881,880,1001,0,0,0,1.0,1,1.0,1,1.0,1,0.33434820416334127,47
1140,1,1882,880,1002,0,0,0,1.0,1,1.0,1,1.0,1,0.3308305485028167,46
1141,2,1884,880,1004,0,0,0,1.0,1,1.0,1,1.0,1,0.3040510104372787,45
1142,4,1888,883,1005,0,0,0,1.0,1,1.0,1,1.0,1,0.2767058540733389,45
1143,2,1890,885,1005,0,0,0,1.0,1,1.0,1,1.0,1,0.31133497855171344,43
1144,6,1896,888,1008,0,0,0,1.0,1,1.0,1,1.0,1,0.29056809295359753,45
1145,8,1904,890,1014,0,0,0,1.0,1,1.0,1,1.0,1,0.19262680747913283,44
1146,3,1907,892,1015,0,0,0,1.0,1,1.0,1,1.0,1,0.1993285742416015,45
1147,0,1907,892,1015,0,0,0,1.0,1,1.0,1,1.0,1,0.2002499670866529,44
1148,2,1909,894,1015,0,0,0,1.0,1,1.0,1,1.0,1,0.22741880111777862,43
1149,2,1911,895,1016,0,0,0,1.0,1,1.0,1,1.0,1,0.23851772179132055,42
1150,2,1913,896,1017,0,0,0,1.0,1,1.0,1,1.0,1,0.2711767906538989,45
1151,4,1917,897,1020,0,0,0,1.0,1,1.0,1,1.0,1,0.27334837867348144,40
1152,3,1920,899,1021,0,0,0,1.0,1,1.0,1,1.0,1,0.2345519999277615,41
1153,2,1922,901,1021,0,0,0,1.0,1,1.0,1,1.0,1,0.27166032908964177,38
1154,0,1922,901,1021,0,0,0,1.0,1,1.0,1,1.0,1,0.25615877595918535,37
1155,2,1924,902,1022,0,0,0,1.0,1,1.0,1,1.0,1,0.2387353012186744,38
1156,0,1924,902,1022,0,0,0,1.0,1,1.0,1,1.0,1,0.2771599838096875,38
1157,0,1924,902,1022,0,0,0,1.0,1,1.0,1,1.0,1,0.2655613500121407,37
1158,1,1925,903,1022,0,0,0,1.0,1,1.0,1,1.0,1,0.3129122545161838,36
1159,0,1925,903,1022,0,0,0,1.0,1,1.0,1,1.0,1,0.3207952929738989,35
1160,0,1925,903,1022,0,0,0,1.0,1,1.0,1,1.0,1,0.3207952929738989,35
1161,1,1926,903,1023,0,0,0,1.0,1,1.0,1,1.0,1,0.29549143445888143,36
1162,0,1926,903,1023,0,0,0,1.0,1,1.0,1,1.0,1,0.30138873388574816,37
1163,0,1926,903,1023,0,0,0,1.0,1,1.0,1,1.0,1,0.30138873388574816,37
1164,0,1926,903,1023,0,0,0,1.0,1,1.0,1,1.0,1,0.29051297456018127,38
1165,2,1928,904,1024,0,0,0,1.0,1,1.0,1,1.0,1,0.2907451310245244,38
1166,1,1929,904,1025,0,0,0,1.0,1,1.0,1,1.0,1,0.305138473157455,40
1167,4,1933,906,1027,0,0,0,1.0,1,1.0,1,1.0,1,0.31433724222623577,40
1168,5,1938,907,1031,0,0,0,1.0,1,1.0,1,1.0,1,0.21202853819149178,40
1169,0,1938,907,1031,0,0,0,1.0,1,1.0,1,1.0,1,0.22566308402952104,41
1170,3,1941,909,1032,0,0,0,1.0,1,1.0,1,1.0,1,0.20777107701991812,41
1171,4,1945,910,1035,0,0,0,1.0,1,1.0,1,1.0,1,0.19556266341712786,43
1172,1,1946,911,1035,0,0,0,1.0,1,1.0,1,1.0,1,0.20622857489601984,43
1173,0,1946,911,1035,0,0,0,1.0,1,1.0,1,1.0,1,0.20622857489601984,43
1174,0,1946,911,1035,0,0,0,1.0,1,1.0,1,1.0,1,0.20622857489601984,43
1175,0,1946,911,1035,0,0,0,1.0,1,1.0,1,1.0,1,0.22035880695759355,44
1176,3,1949,912,1037,0,0,0,1.0,1,1.0,1,1.0,1,0.17967243406554131,45
1177,1,1950,913,1037,0,0,0,1.0,1,1.0,1,1.0,1,0.1971773552169101,45
1178,0,1950,913,1037,0,0,0,1.0,1,1.0,1,1.0,1,0.1971773552169101,45
1179,0,1950,913,1037,0,0,0,1.0,1,1.0,1,1.0,1,0.22338551469578838,46
1180,0,1950,913,1037,0,0,0,1.0,1,1.0,1,1.0,1,0.2046566400465279,47
1181,1,1951,913,1038,0,0,0,1.0,1,1.0,1,1.0,1,0.2090560168456677,48
1182,2,1953,915,1038,0,0,0,1.0,1,1.0,1,1.0,1,0.22754517074207087,48
1183,0,1953,915,1038,0,0,0,1.0,1,1.0,1,1.0,1,0.2312250573533097,46
1184,2,1955,917,1038,0,0,0,1.0,1,1.0,1,1.0,1,0.2582338544259821,47
1185,1,1956,918,1038,0,0,0,1.0,1,1.0,1,1.0,1,0.2932826731378782,44
1186,3,1959,918,1041,0,0,0,1.0,1,1.0,1,1.0,1,0.24931057338870444,47
1187,4,1963,919,1044,0,0,0,1.0,1,1.0,1,1.0,1,0.2632878327157259,49
1188,0,1963,919,1044,0,0,0,1.0,1,1.0,1,1.0,1,0.26266816326397957,50
1189,0,1963,919,1044,0,0,0,1.0,1,1.0,1,1.0,1,0.258862602906984,48
1190,1,1964,920,1044,0,0,0,1.0,1,1.0,1,1.0,1,0.3147375609896116,48
1191,2,1966,920,1046,0,0,0,1.0,1,1.0,1,1.0,1,0.303744379795711,46
1192,1,1967,920,1047,0,0,0,1.0,1,1.0,1,1.0,1,0.2850617387050018,46
1193,1,1968,920,1048,0,0,0,1.0,1,1.0,1,1.0,1,0.2624065721313064,45
1194,1,1969,920,1049,0,0,0,1.0,1,1.0,1,1.0,1,0.24085866788669613,45
1195,2,1971,920,1051,0,0,0,1.0,1,1.0,1,1.0,1,0.20736058966774396,47
1196,2,1973,921,1052,0,0,0,1.0,1,1.0,1,1.0,1,0.18261926838206072,48
1197,1,1974,921,1053,0,0,0,1.0,1,1.0,1,1.0,1,0.1637093241234063,49
1198,2,1976,922,1054,0,0,0,1.0,1,1.0,1,1.0,1,0.14789176054091685,49
1199,0,1976,922,1054,0,0,0,1.0,1,1.0,1,1.0,1,0.1667556117767592,50
1200,1,1977,923,1054,0,0,0,1.0,1,1.0,1,1.0,1,0.17580232570465873,50
1201,0,1977,923,1054,0,0,0,1.0,1,1.0,1,1.0,1,0.17580232570465873,50
1202,1,1978,924,1054,0,0,0,1.0,1,1.0,1,1.0,1,0.18446990988155929,51
1203,0,1978,924,1054,0,0,0,1.0,1,1.0,1,1.0,1,0.1725403685156543,52
1204,0,1978,924,1054,0,0,0,1.0,1,1.0,1,1.0,1,0.1725403685156543,52
1205,3,1981,925,1056,0,0,0,1.0,1,1.0,1,1.0,1,0.17316966153358423,53
1206,0,1981,925,1056,0,0,0,1.0,1,1.0,1,1.0,1,0.17316966153358423,53
1207,1,1982,925,1057,0,0,0,1.0,1,1.0,1,1.0,1,0.18077711884565242,55
1208,0,1982,925,1057,0,0,0,1.0,1,1.0,1,1.0,1,0.1914013645292451,56
1209,0,1982,925,1057,0,0,0,1.0,1,1.0,1,1.0,1,0.20521838677167417,55
1210,0,1982,925,1057,0,0,0,1.0,1,1.0,1,1.0,1,0.20521838677167417,55
1211,0,1982,925,1057,0,0,0,1.0,1,1.0,1,1.0,1,0.18945464234816986,57
1212,1,1983,926,1057,0,0,0,1.0,1,1.0,1,1.0,1,0.18973168964328851,57
1213,0,1983,926,1057,0,0,0,1.0,1,1.0,1,1.0,1,0.18973168964328851,57
1214,6,1989,930,1059,0,0,0,1.0,1,1.0,1,1.0,1,0.2354171174094343,57
1215,3,1992,930,1062,0,0,0,1.0,1,1.0,1,1.0,1,0.20269707565847558,59
1216,4,1996,931,1065,0,0,0,1.0,1,1.0,1,1.0,1,0.18207054861501124,61
1217,0,1996,931,1065,0,0,0,1.0,1,1.0,1,1.0,1,0.18207054861501124,61
1218,1,1997,932,1065,0,0,0,1.0,1,1.0,1,1.0,1,0.21433278250290283,61
1219,1,1998,933,1065,0,0,0,1.0,1,1.0,1,1.0,1,0.2167520582418008,61
1220,2,2000,934,1066,0,0,0,1.0,1,1.0,1,1.0,1,0.22289520890741485,60
1221,3,2003,934,1069,0,0,0,1.0,1,1.0,1,1.0,1,0.19555180896056668,61
1222,4,2007,935,1072,0,0,0,1.0,1,1.0,1,1.0,1,0.17873101277190967,61
1223,0,2007,935,1072,0,0,0,1.0,1,1.0,1,1.0,1,0.1898824044559928,59
1224,3,2010,938,1072,0,0,0,1.0,1,1.0,1,1.0,1,0.2024122336886403,60
1225,1,2011,939,1072,0,0,0,1.0,1,1.0,1,1.0,1,0.2339328632488055,60
1226,6,2017,939,1078,0,0,0,1.0,1,1.0,1,1.0,1,0.17743806561633782,61
1227,3,2020,942,1078,0,0,0,1.0,1,1.0,1,1.0,1,0.12552220216250087,59
1228,0,2020,942,1078,0,0,0,1.0,1,1.0,1,1.0,1,0.13781941739092252,58
1229,2,2022,944,1078,0,0,0,1.0,1,1.0,1,1.0,1,0.15742671886652945,57
1230,3,2025,946,1079,0,0,0,1.0,1,1.0,1,1.0,1,0.15402979515602652,55
1231,4,2029,948,1081,0,0,0,1.0,1,1.0,1,1.0,1,0.15764702848764972,54
1232,3,2032,950,1082,0,0,0,1.0,1,1.0,1,1.0,1,0.1745346785323752,51
1233,2,2034,952,1082,0,0,0,1.0,1,1.0,1,1.0,1,0.20132933268950368,49
1234,3,2037,954,1083,0,0,0,1.0,1,1.0,1,1.0,1,0.2553181347508896,49
1235,3,2040,954,1086,0,0,0,1.0,1,1.0,1,1.0,1,0.19693809225467415,48
1236,0,2040,954,1086,0,0,0,1.0,1,1.0,1,1.0,1,0.21491150694581918,49
1237,1,2041,955,1086,0,0,0,1.0,1,1.0,1,1.0,1,0.25997032466135855,48
1238,2,2043,955,1088,0,0,0,1.0,1,1.0,1,1.0,1,0.23970262150779664,47
1239,0,2043,955,1088,0,0,0,1.0,1,1.0,1,1.0,1,0.22201099617975087,48
1240,1,2044,956,1088,0,0,0,1.0,1,1.0,1,1.0,1,0.22490563860411342,49
1241,4,2048,957,1091,0,0,0,1.0,1,1.0,1,1.0,1,0.20594642289738732,49
1242,0,2048,957,1091,0,0,0,1.0,1,1.0,1,1.0,1,0.20107388354567488,49
1243,0,2048,957,1091,0,0,0,1.0,1,1.0,1,1.0,1,0.20485622202486656,50
1244,1,2049,958,1091,0,0,0,1.0,1,1.0,1,1.0,1,0.25522815445270886,50
1245,2,2051,958,1093,0,0,0,1.0,1,1.0,1,1.0,1,0.2471047263190099,51
1246,5,2056,959,1097,0,0,0,1.0,1,1.0,1,1.0,1,0.22905611782085586,52
1247,0,2056,959,1097,0,0,0,1.0,1,1.0,1,1.0,1,0.22905611782085586,52
1248,1,2057,959,1098,0,0,0,1.0,1,1.0,1,1.0,1,0.22322923874183387,51
1249,1,2058,959,1099,0,0,0,1.0,1,1.0,1,1.0,1,0.2009059691235008,51
1250,2,2060,961,1099,0,0,0,1.0,1,1.0,1,1.0,1,0.2211851717752944,51
1251,2,2062,961,1101,0,0,0,1.0,1,1.0,1,1.0,1,0.21071009339101301,53
1252,3,2065,963,1102,0,0,0,1.0,1,1.0,1,1.0,1,0.20235165086048998,52
1253,0,2065,963,1102,0,0,0,1.0,1,1.0,1,1.0,1,0.20235165086048998,52
1254,0,2065,963,1102,0,0,0,1.0,1,1.0,1,1.0,1,0.18835133860528958,53
1255,2,2067,964,1103,0,0,0,1.0,1,1.0,1,1.0,1,0.21062607646616108,55
1256,1,2068,964,1104,0,0,0,1.0,1,1.0,1,1.0,1,0.18971666455893038,55
1257,3,2071,965,1106,0,0,0,1.0,1,1.0,1,1.0,1,0.19661870832316256,57
1258,0,2071,965,1106,0,0,0,1.0,1,1.0,1,1.0,1,0.19659070222905306,57
1259,0,2071,965,1106,0,0,0,1.0,1,1.0,1,1.0,1,0.19659070222905306,57
1260,0,2071,965,1106,0,0,0,1.0,1,1.0,1,1.0,1,0.19246562173023177,56
1261,0,2071,965,1106,0,0,0,1.0,1,1.0,1,1.0,1,0.19002532888054294,57
1262,2,2073,966,1107,0,0,0,1.0,1,1.0,1,1.0,1,0.1800880487744722,58
1263,3,2076,969,1107,0,0,0,1.0,1,1.0,1,1.0,1,0.2303731071234576,58
1264,1,2077,970,1107,0,0,0,1.0,1,1.0,1,1.0,1,0.24267267218652638,57
1265,4,2081,972,1109,0,0,0,1.0,1,1.0,1,1.0,1,0.23941573918044515,56
1266,8,2089,974,1115,0,0,0,1.0,1,1.0,1,1.0,1,0.2019093128190485,55
1267,2,2091,975,1116,0,0,0,1.0,1,1.0,1,1.0,1,0.1738902488942633,53
1268,3,2094,977,1117,0,0,0,1.0,1,1.0,1,1.0,1,0.1711126059969204,52
1269,1,2095,978,1117,0,0,0,1.0,1,1.0,1,1.0,1,0.17496180041952394,51
1270,0,2095,978,1117,0,0,0,1.0,1,1.0,1,1.0,1,0.18817275651200577,47
1271,3,2098,979,1119,0,0,0,1.0,1,1.0,1,1.0,1,0.16697126714827892,46
1272,0,2098,979,1119,0,0,0,1.0,1,1.0,1,1.0,1,0.15894764912431433,43
1273,3,2101,981,1120,0,0,0,1.0,1,1.0,1,1.0,1,0.18758054000649696,44
1274,3,2104,983,1121,0,0,0,1.0,1,1.0,1,1.0,1,0.21640837148147793,44
1275,2,2106,983,1123,0,0,0,1.0,1,1.0,1,1.0,1,0.16712141529630714,45
1276,1,2107,984,1123,0,0,0,1.0,1,1.0,1,1.0,1,0.20598506059690103,43
1277,3,2110,987,1123,0,0,0,1.0,1,1.0,1,1.0,1,0.20677860978507895,44
1278,3,2113,990,1123,0,0,0,1.0,1,1.0,1,1.0,1,0.2472013710019312,45
1279,0,2113,990,1123,0,0,0,1.0,1,1.0,1,1.0,1,0.23992025021628838,47
1280,0,2113,990,1123,0,0,0,1.0,1,1.0,1,1.0,1,0.23992025021628838,47
1281,1,2114,990,1124,0,0,0,1.0,1,1.0,1,1.0,1,0.2211648587508377,47
1282,2,2116,991,1125,0,0,0,1.0,1,1.0,1,1.0,1,0.2487925344652001,46
1283,2,2118,992,1126,0,0,0,1.0,1,1.0,1,1.0,1,0.2355630432225887,46
1284,0,2118,992,1126,0,0,0,1.0,1,1.0,1,1.0,1,0.2355630432225887,46
1285,1,2119,992,1127,0,0,0,1.0,1,1.0,1,1.0,1,0.2588836275281367,46
1286,3,2122,992,1130,0,0,0,1.0,1,1.0,1,1.0,1,0.19454830732195078,45
1287,2,2124,992,1132,0,0,0,1.0,1,1.0,1,1.0,1,0.1987150271481698,49
1288,1,2125,992,1133,0,0,0,1.0,1,1.0,1,1.0,1,0.16440064475810598,49
1289,0,2125,992,1133,0,0,0,1.0,1,1.0,1,1.0,1,0.16836834711144727,52
1290,0,2125,992,1133,0,0,0,1.0,1,1.0,1,1.0,1,0.16836834711144727,52
1291,1,2126,992,1134,0,0,0,1.0,1,1.0,1,1.0,1,0.14545249519744438,52
1292,0,2126,992,1134,0,0,0,1.0,1,1.0,1,1.0,1,0.14670453130254726,53
1293,0,2126,992,1134,0,0,0,1.0,1,1.0,1,1.0,1,0.14670453130254726,53
1294,0,2126,992,1134,0,0,0,1.0,1,1.0,1,1.0,1,0.14670453130254726,53
1295,5,2131,993,1138,0,0,0,1.0,1,1.0,1,1.0,1,0.0999552152470478,54
1296,1,2132,993,1139,0,0,0,1.0,1,1.0,1,1.0,1,0.08130620517411137,55
1297,0,2132,993,1139,0,0,0,1.0,1,1.0,1,1.0,1,0.10084457847724067,54
1298,0,2132,993,1139,0,0,0,1.0,1,1.0,1,1.0,1,0.11498993025867456,55
1299,0,2132,993,1139,0,0,0,1.0,1,1.0,1,1.0,1,0.1337794720508039,54
1300,0,2132,993,1139,0,0,0,1.0,1,1.0,1,1.0,1,0.1520930733044078,55
1301,4,2136,995,1141,0,0,0,1.0,1,1.0,1,1.0,1,0.17352207670524122,54
1302,3,2139,997,1142,0,0,0,1.0,1,1.0,1,1.0,1,0.20733706367430815,54
1303,5,2144,1001,1143,0,0,0,1.0,1,1.0,1,1.0,1,0.30216081907744535,50
1304,6,2150,1005,1145,0,0,0,1.0,1,1.0,1,1.0,1,0.26973055999903145,51
1305,2,2152,1007,1145,0,0,0,1.0,1,1.0,1,1.0,1,0.28375975771045936,48
1306,7,2159,1010,1149,0,0,0,1.0,1,1.0,1,1.0,1,0.2538109771890119,48
1307,1,2160,1011,1149,0,0,0,1.0,1,1.0,1,1.0,1,0.2088191147211223,48
1308,1,2161,1012,1149,0,0,0,1.0,1,1.0,1,1.0,1,0.23021624460837767,46
1309,1,2162,1013,1149,0,0,0,1.0,1,1.0,1,1.0,1,0.2495497768325658,47
1310,1,2163,1014,1149,0,0,0,1.0,1,1.0,1,1.0,1,0.221910235901452,46
1311,1,2164,1015,1149,0,0,0,1.0,1,1.0,1,1.0,1,0.23680956037808656,46
1312,5,2169,1018,1151,0,0,0,1.0,1,1.0,1,1.0,1,0.24639648924252744,45
1313,1,2170,1018,1152,0,0,0,1.0,1,1.0,1,1.0,1,0.2535701839599266,44
1314,0,2170,1018,1152,0,0,0,1.0,1,1.0,1,1.0,1,0.24722496346484063,42
1315,1,2171,1019,1152,0,0,0,1.0,1,1.0,1,1.0,1,0.2864424793306988,40
1316,1,2172,1019,1153,0,0,0,1.0,1,1.0,1,1.0,1,0.2604385151101388,42
1317,0,2172,1019,1153,0,0,0,1.0,1,1.0,1,1.0,1,0.26084214568449093,42
1318,0,2172,1019,1153,0,0,0,1.0,1,1.0,1,1.0,1,0.26084214568449093,42
1319,2,2174,1020,1154,0,0,0,1.0,1,1.0,1,1.0,1,0.2679948995127491,42
1320,0,2174,1020,1154,0,0,0,1.0,1,1.0,1,1.0,1,0.2679948995127491,42
1321,1,2175,1020,1155,0,0,0,1.0,1,1.0,1,1.0,1,0.22383094840822707,45
1322,1,2176,1020,1156,0,0,0,1.0,1,1.0,1,1.0,1,0.2160805681076814,45
1323,1,2177,1021,1156,0,0,0,1.0,1,1.0,1,1.0,1,0.21215211383204077,46
1324,0,2177,1021,1156,0,0,0,1.0,1,1.0,1,1.0,1,0.2272644671296797,45
1325,2,2179,1022,1157,0,0,0,1.0,1,1.0,1,1.0,1,0.23470746119459415,46
1326,3,2182,1023,1159,0,0,0,1.0,1,1.0,1,1.0,1,0.258545358811386,45
1327,0,2182,1023,1159,0,0,0,1.0,1,1.0,1,1.0,1,0.2824225424195516,46
1328,0,2182,1023,1159,0,0,0,1.0,1,1.0,1,1.0,1,0.285044960710912,47
1329,2,2184,1024,1160,0,0,0,1.0,1,1.0,1,1.0,1,0.28056437423440833,47
1330,0,2184,1024,1160,0,0,0,1.0,1,1.0,1,1.0,1,0.30132257340912744,46
1331,2,2186,1025,1161,0,0,0,1.0,1,1.0,1,1.0,1,0.2831945585555418,46
1332,2,2188,1026,1162,0,0,0,1.0,1,1.0,1,1.0,1,0.2694806905962268,49
1333,2,2190,1026,1164,0,0,0,1.0,1,1.0,1,1.0,1,0.2657785763558777,50
1334,0,2190,1026,1164,0,0,0,1.0,1,1.0,1,1.0,1,0.2657785763558777,50
1335,1,2191,1026,1165,0,0,0,1.0,1,1.0,1,1.0,1,0.28304418672759013,52
1336,1,2192,1026,1166,0,0,0,1.0,1,1.0,1,1.0,1,0.25992794938121494,53
1337,5,2197,1028,1169,0,0,0,1.0,1,1.0,1,1.0,1,0.27754543619123934,54
1338,2,2199,1029,1170,0,0,0,1.0,1,1.0,1,1.0,1,0.2799250358506708,54
1339,4,2203,1031,1172,0,0,0,1.0,1,1.0,1,1.0,1,0.28474274386743964,54
1340,0,2203,1031,1172,0,0,0,1.0,1,1.0,1,1.0,1,0.31024944710164454,53
1341,1,2204,1031,1173,0,0,0,1.0,1,1.0,1,1.0,1,0.2574818303756583,53
1342,1,2205,1032,1173,0,0,0,1.0,1,1.0,1,1.0,1,0.25883832987926475,52
1343,2,2207,1033,1174,0,0,0,1.0,1,1.0,1,1.0,1,0.24073223871353677,50
1344,2,2209,1034,1175,0,0,0,1.0,1,1.0,1,1.0,1,0.2367363322561692,51
1345,1,2210,1034,1176,0,0,0,1.0,1,1.0,1,1.0,1,0.23054275528979887,50
1346,5,2215,1038,1177,0,0,0,1.0,1,1.0,1,1.0,1,0.27791097168570317,50
1347,0,2215,1038,1177,0,0,0,1.0,1,1.0,1,1.0,1,0.26797188681660283,48
1348,1,2216,1038,1178,0,0,0,1.0,1,1.0,1,1.0,1,0.24615973321942114,49
1349,1,2217,1038,1179,0,0,0,1.0,1,1.0,1,1.0,1,0.22156956102571312,48
1350,0,2217,1038,1179,0,0,0,1.0,1,1.0,1,1.0,1,0.23168127900334515,49
1351,0,2217,1038,1179,0,0,0,1.0,1,1.0,1,1.0,1,0.21947145859522035,48
1352,1,2218,1039,1179,0,0,0,1.0,1,1.0,1,1.0,1,0.22435357843293524,49
1353,0,2218,1039,1179,0,0,0,1.0,1,1.0,1,1.0,1,0.22108097366570786,49
1354,3,2221,1040,1181,0,0,0,1.0,1,1.0,1,1.0,1,0.2417215747408026,49
1355,3,2224,1041,1183,0,0,0,1.0,1,1.0,1,1.0,1,0.21873941520557325,50
1356,3,2227,1042,1185,0,0,0,1.0,1,1.0,1,1.0,1,0.20154533651617298,50
1357,6,2233,1046,1187,0,0,0,1.0,1,1.0,1,1.0,1,0.2231632390817395,50
1358,4,2237,1047,1190,0,0,0,1.0,1,1.0,1,1.0,1,0.20138996495495193,51
1359,2,2239,1048,1191,0,0,0,1.0,1,1.0,1,1.0,1,0.22716457250354377,53
1360,0,2239,1048,1191,0,0,0,1.0,1,1.0,1,1.0,1,0.22747839009399218,54
1361,3,2242,1048,1194,0,0,0,1.0,1,1.0,1,1.0,1,0.19612965105291702,54
1362,1,2243,1049,1194,0,0,0,1.0,1,1.0,1,1.0,1,0.19037555809265513,55
1363,0,2243,1049,1194,0,0,0,1.0,1,1.0,1,1.0,1,0.19037555809265513,55
1364,0,2243,1049,1194,0,0,0,1.0,1,1.0,1,1.0,1,0.19954845142589558,55
1365,3,2246,1050,1196,0,0,0,1.0,1,1.0,1,1.0,1,0.19854704616686966,56
1366,1,2247,1050,1197,0,0,0,1.0,1,1.0,1,1.0,1,0.19222639094025945,56
1367,2,2249,1051,1198,0,0,0,1.0,1,1.0,1,1.0,1,0.1865874041787291,56
1368,2,2251,1051,1200,0,0,0,1.0,1,1.0,1,1.0,1,0.1661447414133869,58
1369,1,2252,1051,1201,0,0,0,1.0,1,1.0,1,1.0,1,0.16226259781870825,59
1370,1,2253,1052,1201,0,0,0,1.0,1,1.0,1,1.0,1,0.16818752358194825,59
1371,1,2254,1052,1202,0,0,0,1.0,1,1.0,1,1.0,1,0.1484145754999808,59
1372,2,2256,1053,1203,0,0,0,1.0,1,1.0,1,1.0,1,0.13499324532865647,59
1373,1,2257,1053,1204,0,0,0,1.0,1,1.0,1,1.0,1,0.13215079825108839,59
1374,4,2261,1055,1206,0,0,0,1.0,1,1.0,1,1.0,1,0.13313565448633521,60
1375,2,2263,1055,1208,0,0,0,1.0,1,1.0,1,1.0,1,0.11606251423334175,61
1376,1,2264,1055,1209,0,0,0,1.0,1,1.0,1,1.0,1,0.13974916439395546,61
1377,1,2265,1056,1209,0,0,0,1.0,1,1.0,1,1.0,1,0.1412133427987132,61
1378,4,2269,1058,1211,0,0,0,1.0,1,1.0,1,1.0,1,0.17291636152800804,61
1379,2,2271,1059,1212,0,0,0,1.0,1,1.0,1,1.0,1,0.1622674595536358,60
1380,1,2272,1060,1212,0,0,0,1.0,1,1.0,1,1.0,1,0.19425321647851995,60
1381,1,2273,1060,1213,0,0,0,1.0,1,1.0,1,1.0,1,0.1844619716695579,58
1382,3,2276,1063,1213,0,0,0,1.0,1,1.0,1,1.0,1,0.2158704447266122,58
1383,3,2279,1065,1214,0,0,0,1.0,1,1.0,1,1.0,1,0.17478204883383935,57
1384,3,2282,1068,1214,0,0,0,1.0,1,1.0,1,1.0,1,0.21698754824410765,54
1385,2,2284,1069,1215,0,0,0,1.0,1,1.0,1,1.0,1,0.22874058176753811,52
1386,5,2289,1071,1218,0,0,0,1.0,1,1.0,1,1.0,1,0.1794218350136063,51
1387,2,2291,1072,1219,0,0,0,1.0,1,1.0,1,1.0,1,0.2115786217557329,51
1388,4,2295,1075,1220,0,0,0,1.0,1,1.0,1,1.0,1,0.18683741503655907,52
1389,0,2295,1075,1220,0,0,0,1.0,1,1.0,1,1.0,1,0.22795857208276601,50
1390,1,2296,1076,1220,0,0,0,1.0,1,1.0,1,1.0,1,0.19885288061906947,51
1391,0,2296,1076,1220,0,0,0,1.0,1,1.0,1,1.0,1,0.2058044591554387,50
1392,1,2297,1077,1220,0,0,0,1.0,1,1.0,1,1.0,1,0.2229436996754428,50
1393,0,2297,1077,1220,0,0,0,1.0,1,1.0,1,1.0,1,0.2401041947600891,49
1394,3,2300,1078,1222,0,0,0,1.0,1,1.0,1,1.0,1,0.2118470614084337,50
1395,3,2303,1078,1225,0,0,0,1.0,1,1.0,1,1.0,1,0.1887732715255998,51
1396,0,2303,1078,1225,0,0,0,1.0,1,1.0,1,1.0,1,0.20371926347544445,52
1397,0,2303,1078,1225,0,0,0,1.0,1,1.0,1,1.0,1,0.20371926347544445,52
1398,0,2303,1078,1225,0,0,0,1.0,1,1.0,1,1.0,1,0.18722859407830247,53
1399,4,2307,1079,1228,0,0,0,1.0,1,1.0,1,1.0,1,0.18221506553465627,54
1400,0,2307,1079,1228,0,0,0,1.0,1,1.0,1,1.0,1,0.18221506553465627,54
1401,1,2308,1080,1228,0,0,0,1.0,1,1.0,1,1.0,1,0.186797936521266,54
1402,2,2310,1082,1228,0,0,0,1.0,1,1.0,1,1.0,1,0.20264506611391747,53
1403,1,2311,1082,1229,0,0,0,1.0,1,1.0,1,1.0,1,0.20781840221460152,52
1404,0,2311,1082,1229,0,0,0,1.0,1,1.0,1,1.0,1,0.21344682889171482,53
1405,0,2311,1082,1229,0,0,0,1.0,1,1.0,1,1.0,1,0.23202416117842287,52
1406,1,2312,1082,1230,0,0,0,1.0,1,1.0,1,1.0,1,0.21186269361451968,53
1407,2,2314,1083,1231,0,0,0,1.0,1,1.0,1,1.0,1,0.23093839904350325,54
1408,0,2314,1083,1231,0,0,0,1.0,1,1.0,1,1.0,1,0.24276935592851012,53
1409,0,2314,1083,1231,0,0,0,1.0,1,1.0,1,1.0,1,0.2433683737866365,55
1410,0,2314,1083,1231,0,0,0,1.0,1,1.0,1,1.0,1,0.2522660962777414,54
1411,1,2315,1083,1232,0,0,0,1.0,1,1.0,1,1.0,1,0.24823495406115273,54
1412,1,2316,1083,1233,0,0,0,1.0,1,1.0,1,1.0,1,0.23830464240549323,53
1413,0,2316,1083,1233,0,0,0,1.0,1,1.0,1,1.0,1,0.23082420661548775,54
1414,0,2316,1083,1233,0,0,0,1.0,1,1.0,1,1.0,1,0.2441758777647155,55
1415,0,2316,1083,1233,0,0,0,1.0,1,1.0,1,1.0,1,0.23139254125563666,57
1416,5,2321,1084,1237,0,0,0,1.0,1,1.0,1,1.0,1,0.21284335075502958,59
1417,3,2324,1085,1239,0,0,0,1.0,1,1.0,1,1.0,1,0.1999923319824807,58
1418,2,2326,1087,1239,0,0,0,1.0,1,1.0,1,1.0,1,0.22418646577317128,57
1419,1,2327,1088,1239,0,0,0,1.0,1,1.0,1,1.0,1,0.2478048522737357,56
1420,4,2331,1089,1242,0,0,0,1.0,1,1.0,1,1.0,1,0.263254968283309,54
1421,3,2334,1089,1245,0,0,0,1.0,1,1.0,1,1.0,1,0.19289668126060516,55
1422,0,2334,1089,1245,0,0,0,1.0,1,1.0,1,1.0,1,0.18013313604104766,52
1423,1,2335,1090,1245,0,0,0,1.0,1,1.0,1,1.0,1,0.21322771724475828,52
1424,4,2339,1094,1245,0,0,0,1.0,1,1.0,1,1.0,1,0.25991186002449757,51
1425,0,2339,1094,1245,0,0,0,1.0,1,1.0,1,1.0,1,0.242630353838883,50
1426,3,2342,1096,1246,0,0,0,1.0,1,1.0,1,1.0,1,0.2592361255856429,50
1427,0,2342,1096,1246,0,0,0,1.0,1,1.0,1,1.0,1,0.2603644581500994,48
1428,4,2346,1099,1247,0,0,0,1.0,1,1.0,1,1.0,1,0.26053083427030815,48
1429,1,2347,1099,1248,0,0,0,1.0,1,1.0,1,1.0,1,0.24531130599232193,48
1430,0,2347,1099,1248,0,0,0,1.0,1,1.0,1,1.0,1,0.24531130599232193,48
1431,2,2349,1099,1250,0,0,0,1.0,1,1.0,1,1.0,1,0.20239735309315696,48
1432,3,2352,1099,1253,0,0,0,1.0,1,1.0,1,1.0,1,0.16414340213799464,50
1433,2,2354,1100,1254,0,0,0,1.0,1,1.0,1,1.0,1,0.14255791228351353,51
1434,1,2355,1101,1254,0,0,0,1.0,1,1.0,1,1.0,1,0.16517888643844486,51
1435,4,2359,1104,1255,0,0,0,1.0,1,1.0,1,1.0,1,0.16740869284652224,50
1436,3,2362,1105,1257,0,0,0,1.0,1,1.0,1,1.0,1,0.16410790657738517,51
1437,1,2363,1105,1258,0,0,0,1.0,1,1.0,1,1.0,1,0.1452663313442423,51
1438,2,2365,1107,1258,0,0,0,1.0,1,1.0,1,1.0,1,0.17244037359603728,51
1439,3,2368,1110,1258,0,0,0,1.0,1,1.0,1,1.0,1,0.20449773791192824,50
1440,5,2373,1111,1262,0,0,0,1.0,1,1.0,1,1.0,1,0.22492407547016502,51
1441,2,2375,1111,1264,0,0,0,1.0,1,1.0,1,1.0,1,0.18721084246748826,51
1442,2,2377,1112,1265,0,0,0,1.0,1,1.0,1,1.0,1,0.18532895689532142,52
1443,5,2382,1112,1270,0,0,0,1.0,1,1.0,1,1.0,1,0.12935796064412192,53
1444,2,2384,1112,1272,0,0,0,1.0,1,1.0,1,1.0,1,0.1324756513056027,54
1445,2,2386,1112,1274,0,0,0,1.0,1,1.0,1,1.0,1,0.15494867079702296,54
1446,1,2387,1112,1275,0,0,0,1.0,1,1.0,1,1.0,1,0.1461113017371282,54
1447,0,2387,1112,1275,0,0,0,1.0,1,1.0,1,1.0,1,0.1430869190359422,55
1448,1,2388,1112,1276,0,0,0,1.0,1,1.0,1,1.0,1,0.13531972787805135,55
1449,0,2388,1112,1276,0,0,0,1.0,1,1.0,1,1.0,1,0.13531972787805135,55
1450,2,2390,1113,1277,0,0,0,1.0,1,1.0,1,1.0,1,0.13828529939567696,57
1451,0,2390,1113,1277,0,0,0,1.0,1,1.0,1,1.0,1,0.13828529939567696,57
1452,0,2390,1113,1277,0,0,0,1.0,1,1.0,1,1.0,1,0.13828529939567696,57
1453,2,2392,1115,1277,0,0,0,1.0,1,1.0,1,1.0,1,0.16347307537779568,57
1454,2,2394,1116,1278,0,0,0,1.0,1,1.0,1,1.0,1,0.17785332522095487,58
1455,1,2395,1116,1279,0,0,0,1.0,1,1.0,1,1.0,1,0.1633128645262265,56
1456,2,2397,1117,1280,0,0,0,1.0,1,1.0,1,1.0,1,0.15968060074392001,55
1457,0,2397,1117,1280,0,0,0,1.0,1,1.0,1,1.0,1,0.182083536907347,54
1458,1,2398,1118,1280,0,0,0,1.0,1,1.0,1,1.0,1,0.1994951445110847,53
1459,1,2399,1118,1281,0,0,0,1.0,1,1.0,1,1.0,1,0.17840403820999962,52
1460,1,2400,1119,1281,0,0,0,1.0,1,1.0,1,1.0,1,0.1461685109086327,51
1461,2,2402,1121,1281,0,0,0,1.0,1,1.0,1,1.0,1,0.16322482078021525,51
1462,2,2404,1123,1281,0,0,0,1.0,1,1.0,1,1.0,1,0.13679116482660478,51
1463,5,2409,1127,1282,0,0,0,1.0,1,1.0,1,1.0,1,0.21700765554371157,52
1464,3,2412,1130,1282,0,0,0,1.0,1,1.0,1,1.0,1,0.23848529431234483,52
1465,3,2415,1131,1284,0,0,0,1.0,1,1.0,1,1.0,1,0.21867231991963695,51
1466,6,2421,1134,1287,0,0,0,1.0,1,1.0,1,1.0,1,0.18550759681718118,50
1467,2,2423,1136,1287,0,0,0,1.0,1,1.0,1,1.0,1,0.2078339859216421,48
1468,2,2425,1137,1288,0,0,0,1.0,1,1.0,1,1.0,1,0.17005761270091524,48
1469,6,2431,1140,1291,0,0,0,1.0,1,1.0,1,1.0,1,0.183063632094184,48
1470,1,2432,1141,1291,0,0,0,1.0,1,1.0,1,1.0,1,0.1828337155940847,48
1471,3,2435,1143,1292,0,0,0,1.0,1,1.0,1,1.0,1,0.20686671490963104,45
1472,1,2436,1143,1293,0,0,0,1.0,1,1.0,1,1.0,1,0.1843786371527565,45
1473,2,2438,1144,1294,0,0,0,1.0,1,1.0,1,1.0,1,0.1937008760749217,46
1474,1,2439,1144,1295,0,0,0,1.0,1,1.0,1,1.0,1,0.19379074792282222,46
1475,0,2439,1144,1295,0,0,0,1.0,1,1.0,1,1.0,1,0.19379074792282222,46
1476,4,2443,1144,1299,0,0,0,1.0,1,1.0,1,1.0,1,0.15263634424310557,47
1477,1,2444,1145,1299,0,0,0,1.0,1,1.0,1,1.0,1,0.16348269683540956,47
1478,0,2444,1145,1299,0,0,0,1.0,1,1.0,1,1.0,1,0.19229037613514496,47
1479,1,2445,1145,1300,0,0,0,1.0,1,1.0,1,1.0,1,0.17769661832755249,48
1480,1,2446,1146,1300,0,0,0,1.0,1,1.0,1,1.0,1,0.20861418355247752,47
1481,2,2448,1147,1301,0,0,0,1.0,1,1.0,1,1.0,1,0.21025620247617052,47
1482,2,2450,1149,1301,0,0,0,1.0,1,1.0,1,1.0,1,0.269168176921279,46
1483,5,2455,1150,1305,0,0,0,1.0,1,1.0,1,1.0,1,0.2275845747848841,47
1484,1,2456,1151,1305,0,0,0,1.0,1,1.0,1,1.0,1,0.23560708078045559,47
1485,0,2456,1151,1305,0,0,0,1.0,1,1.0,1,1.0,1,0.28151113366419006,47
1486,5,2461,1151,1310,0,0,0,1.0,1,1.0,1,1.0,1,0.22361481596711147,49
1487,2,2463,1152,1311,0,0,0,1.0,1,1.0,1,1.0,1,0.20263833470336381,49
1488,2,2465,1154,1311,0,0,0,1.0,1,1.0,1,1.0,1,0.17807890376332763,51
1489,2,2467,1155,1312,0,0,0,1.0,1,1.0,1,1.0,1,0.17363186582006482,52
1490,2,2469,1156,1313,0,0,0,1.0,1,1.0,1,1.0,1,0.16763128439203817,52
1491,3,2472,1158,1314,0,0,0,1.0,1,1.0,1,1.0,1,0.17519705383738954,53
1492,4,2476,1161,1315,0,0,0,1.0,1,1.0,1,1.0,1,0.21070769332339565,53
1493,0,2476,1161,1315,0,0,0,1.0,1,1.0,1,1.0,1,0.1665958059436897,52
1494,1,2477,1162,1315,0,0,0,1.0,1,1.0,1,1.0,1,0.14407017383491386,50
1495,2,2479,1164,1315,0,0,0,1.0,1,1.0,1,1.0,1,0.159180115993208,50
1496,5,2484,1166,1318,0,0,0,1.0,1,1.0,1,1.0,1,0.16695459610871016,52
1497,1,2485,1167,1318,0,0,0,1.0,1,1.0,1,1.0,1,0.18660438105352023,51
1498,2,2487,1168,1319,0,0,0,1.0,1,1.0,1,1.0,1,0.17620034162706869,50
1499,0,2487,1168,1319,0,0,0,1.0,1,1.0,1,1.0,1,0.16558041833795192,50
1500,1,2488,1169,1319,0,0,0,1.0,1,1.0,1,1.0,1,0.19296620000935027,49
1501,1,2489,1169,1320,0,0,0,1.0,1,1.0,1,1.0,1,0.1901591295183596,47
1502,3,2492,1172,1320,0,0,0,1.0,1,1.0,1,1.0,1,0.2579194076663627,47
1503,2,2494,1173,1321,0,0,0,1.0,1,1.0,1,1.0,1,0.20567410746341172,47
1504,1,2495,1174,1321,0,0,0,1.0,1,1.0,1,1.0,1,0.2160869774730186,48
1505,4,2499,1176,1323,0,0,0,1.0,1,1.0,1,1.0,1,0.19653515796249232,47
1506,2,2501,1177,1324,0,0,0,1.0,1,1.0,1,1.0,1,0.15615821191727916,47
1507,2,2503,1179,1324,0,0,0,1.0,1,1.0,1,1.0,1,0.2166614265676848,45
1508,1,2504,1180,1324,0,0,0,1.0,1,1.0,1,1.0,1,0.21138622024758608,45
1509,3,2507,1183,1324,0,0,0,1.0,1,1.0,1,1.0,1,0.25754786011883135,44
1510,2,2509,1185,1324,0,0,0,1.0,1,1.0,1,1.0,1,0.314548318091305,42
1511,3,2512,1185,1327,0,0,0,1.0,1,1.0,1,1.0,1,0.237062182052806,40
1512,3,2515,1188,1327,0,0,0,1.0,1,1.0,1,1.0,1,0.29358216993583675,39
1513,0,2515,1188,1327,0,0,0,1.0,1,1.0,1,1.0,1,0.2745923990666587,39
1514,2,2517,1188,1329,0,0,0,1.0,1,1.0,1,1.0,1,0.23524529626451618,38
1515,0,2517,1188,1329,0,0,0,1.0,1,1.0,1,1.0,1,0.25454090775742333,39
1516,2,2519,1188,1331,0,0,0,1.0,1,1.0,1,1.0,1,0.21315262370346036,39
1517,1,2520,1189,1331,0,0,0,1.0,1,1.0,1,1.0,1,0.21866733728726423,39
1518,2,2522,1190,1332,0,0,0,1.0,1,1.0,1,1.0,1,0.23320749830256515,39
1519,0,2522,1190,1332,0,0,0,1.0,1,1.0,1,1.0,1,0.23320749830256515,39
1520,1,2523,1191,1332,0,0,0,1.0,1,1.0,1,1.0,1,0.2653057619178951,39
1521,3,2526,1192,1334,0,0,0,1.0,1,1.0,1,1.0,1,0.2279885108198066,40
1522,1,2527,1193,1334,0,0,0,1.0,1,1.0,1,1.0,1,0.24296677144272855,40
1523,2,2529,1193,1336,0,0,0,1.0,1,1.0,1,1.0,1,0.19765714351272914,41
1524,1,2530,1194,1336,0,0,0,1.0,1,1.0,1,1.0,1,0.23289980441392646,42
1525,1,2531,1195,1336,0,0,0,1.0,1,1.0,1,1.0,1,0.2600642160343144,45
1526,3,2534,1195,1339,0,0,0,1.0,1,1.0,1,1.0,1,0.2144930280416611,46
1527,1,2535,1195,1340,0,0,0,1.0,1,1.0,1,1.0,1,0.17686035627216234,46
1528,0,2535,1195,1340,0,0,0,1.0,1,1.0,1,1.0,1,0.18600608193510454,47
1529,0,2535,1195,1340,0,0,0,1.0,1,1.0,1,1.0,1,0.18600608193510454,47
1530,0,2535,1195,1340,0,0,0,1.0,1,1.0,1,1.0,1,0.19971444171220507,48
1531,1,2536,1195,1341,0,0,0,1.0,1,1.0,1,1.0,1,0.17375234893431427,46
1532,0,2536,1195,1341,0,0,0,1.0,1,1.0,1,1.0,1,0.17759521895404587,47
1533,0,2536,1195,1341,0,0,0,1.0,1,1.0,1,1.0,1,0.17465166344442593,46
1534,0,2536,1195,1341,0,0,0,1.0,1,1.0,1,1.0,1,0.1796551728017163,47
1535,3,2539,1197,1342,0,0,0,1.0,1,1.0,1,1.0,1,0.17479274236399486,47
1536,2,2541,1197,1344,0,0,0,1.0,1,1.0,1,1.0,1,0.15376759481464478,48
1537,1,2542,1197,1345,0,0,0,1.0,1,1.0,1,1.0,1,0.1289184543100765,46
1538,0,2542,1197,1345,0,0,0,1.0,1,1.0,1,1.0,1,0.14641187899916364,47
1539,0,2542,1197,1345,0,0,0,1.0,1,1.0,1,1.0,1,0.17936700495005337,47
1540,3,2545,1199,1346,0,0,0,1.0,1,1.0,1,1.0,1,0.21029843735691692,47
1541,2,2547,1199,1348,0,0,0,1.0,1,1.0,1,1.0,1,0.1680916863601515,47
1542,4,2551,1201,1350,0,0,0,1.0,1,1.0,1,1.0,1,0.201517607998507,50
1543,3,2554,1204,1350,0,0,0,1.0,1,1.0,1,1.0,1,0.22319876030522007,47
1544,6,2560,1207,1353,0,0,0,1.0,1,1.0,1,1.0,1,0.2114199442821799,48
1545,2,2562,1208,1354,0,0,0,1.0,1,1.0,1,1.0,1,0.20442276375666335,47
1546,3,2565,1209,1356,0,0,0,1.0,1,1.0,1,1.0,1,0.1745272599008484,47
1547,3,2568,1210,1358,0,0,0,1.0,1,1.0,1,1.0,1,0.15794845692382908,47
1548,3,2571,1212,1359,0,0,0,1.0,1,1.0,1,1.0,1,0.15378399268658086,47
1549,6,2577,1216,1361,0,0,0,1.0,1,1.0,1,1.0,1,0.1948161170317739,46
1550,7,2584,1219,1365,0,0,0,1.0,1,1.0,1,1.0,1,0.1845426898021203,44
1551,5,2589,1222,1367,0,0,0,1.0,1,1.0,1,1.0,1,0.19070963344196926,45
1552,6,2595,1224,1371,0,0,0,1.0,1,1.0,1,1.0,1,0.1811323904484176,43
1553,3,2598,1225,1373,0,0,0,1.0,1,1.0,1,1.0,1,0.18291794835994976,43
1554,0,2598,1225,1373,0,0,0,1.0,1,1.0,1,1.0,1,0.2110852579321608,41
1555,1,2599,1225,1374,0,0,0,1.0,1,1.0,1,1.0,1,0.23826763275823543,44
1556,2,2601,1226,1375,0,0,0,1.0,1,1.0,1,1.0,1,0.21089978925999156,45
1557,0,2601,1226,1375,0,0,0,1.0,1,1.0,1,1.0,1,0.21089978925999156,45
1558,0,2601,1226,1375,0,0,0,1.0,1,1.0,1,1.0,1,0.22010616542723363,46
1559,2,2603,1226,1377,0,0,0,1.0,1,1.0,1,1.0,1,0.17673920768068904,47
1560,2,2605,1228,1377,0,0,0,1.0,1,1.0,1,1.0,1,0.1678511237683604,46
1561,0,2605,1228,1377,0,0,0,1.0,1,1.0,1,1.0,1,0.149868831695009,47
1562,3,2608,1229,1379,0,0,0,1.0,1,1.0,1,1.0,1,0.1318902599950324,47
1563,0,2608,1229,1379,0,0,0,1.0,1,1.0,1,1.0,1,0.1318902599950324,47
1564,0,2608,1229,1379,0,0,0,1.0,1,1.0,1,1.0,1,0.1318902599950324,47
1565,0,2608,1229,1379,0,0,0,1.0,1,1.0,1,1.0,1,0.16440826142157774,48
1566,1,2609,1230,1379,0,0,0,1.0,1,1.0,1,1.0,1,0.1665360541943217,48
1567,0,2609,1230,1379,0,0,0,1.0,1,1.0,1,1.0,1,0.20679609654640657,48
1568,2,2611,1232,1379,0,0,0,1.0,1,1.0,1,1.0,1,0.2528118104339344,48
1569,1,2612,1232,1380,0,0,0,1.0,1,1.0,1,1.0,1,0.21395177047520408,45
1570,0,2612,1232,1380,0,0,0,1.0,1,1.0,1,1.0,1,0.2283555664175054,44
1571,4,2616,1233,1383,0,0,0,1.0,1,1.0,1,1.0,1,0.18497209384413765,42
1572,1,2617,1233,1384,0,0,0,1.0,1,1.0,1,1.0,1,0.17449245040411346,43
1573,3,2620,1234,1386,0,0,0,1.0,1,1.0,1,1.0,1,0.1561281710081118,43
1574,2,2622,1236,1386,0,0,0,1.0,1,1.0,1,1.0,1,0.18648111882669624,42
1575,2,2624,1237,1387,0,0,0,1.0,1,1.0,1,1.0,1,0.20481266490279385,43
1576,5,2629,1238,1391,0,0,0,1.0,1,1.0,1,1.0,1,0.2174738491053361,41
1577,2,2631,1239,1392,0,0,0,1.0,1,1.0,1,1.0,1,0.22141800207183004,40
1578,1,2632,1239,1393,0,0,0,1.0,1,1.0,1,1.0,1,0.18512683959768417,40
1579,1,2633,1240,1393,0,0,0,1.0,1,1.0,1,1.0,1,0.19061731626950684,40
1580,2,2635,1242,1393,0,0,0,1.0,1,1.0,1,1.0,1,0.2297506223863709,40
1581,0,2635,1242,1393,0,0,0,1.0,1,1.0,1,1.0,1,0.23095294862648097,40
1582,6,2641,1246,1395,0,0,0,1.0,1,1.0,1,1.0,1,0.22941307544013548,40
1583,1,2642,1247,1395,0,0,0,1.0,1,1.0,1,1.0,1,0.24509341666325687,38
1584,4,2646,1251,1395,0,0,0,1.0,1,1.0,1,1.0,1,0.2750382826734167,39
1585,4,2650,1254,1396,0,0,0,1.0,1,1.0,1,1.0,1,0.22336362790247113,38
1586,9,2659,1259,1400,0,0,0,1.0,1,1.0,1,1.0,1,0.16012044913222376,38
1587,1,2660,1260,1400,0,0,0,1.0,1,1.0,1,1.0,1,0.17188985975591245,37
1588,1,2661,1260,1401,0,0,0,1.0,1,1.0,1,1.0,1,0.1519975367805523,39
1589,1,2662,1261,1401,0,0,0,1.0,1,1.0,1,1.0,1,0.15182073258273124,37
1590,2,2664,1262,1402,0,0,0,1.0,1,1.0,1,1.0,1,0.17322404801048125,37
1591,2,2666,1264,1402,0,0,0,1.0,1,1.0,1,1.0,1,0.22689480179757993,36
1592,0,2666,1264,1402,0,0,0,1.0,1,1.0,1,1.0,1,0.2774571633095294,34
1593,2,2668,1266,1402,0,0,0,1.0,1,1.0,1,1.0,1,0.32128773382346315,33
1594,1,2669,1267,1402,0,0,0,1.0,1,1.0,1,1.0,1,0.3498054096470077,31
1595,4,2673,1268,1405,0,0,0,1.0,1,1.0,1,1.0,1,0.26532963684508826,34
1596,2,2675,1268,1407,0,0,0,1.0,1,1.0,1,1.0,1,0.22918243903688676,33
1597,0,2675,1268,1407,0,0,0,1.0,1,1.0,1,1.0,1,0.22918243903688676,33
1598,1,2676,1268,1408,0,0,0,1.0,1,1.0,1,1.0,1,0.16664601190420888,33
1599,0,2676,1268,1408,0,0,0,1.0,1,1.0,1,1.0,1,0.16664601190420888,33
1600,1,2677,1268,1409,0,0,0,1.0,1,1.0,1,1.0,1,0.1436930501953824,34
1601,4,2681,1270,1411,0,0,0,1.0,1,1.0,1,1.0,1,0.19241400497996444,35
1602,0,2681,1270,1411,0,0,0,1.0,1,1.0,1,1.0,1,0.1655792745282239,36
1603,1,2682,1271,1411,0,0,0,1.0,1,1.0,1,1.0,1,0.23008037992967123,38
1604,2,2684,1271,1413,0,0,0,1.0,1,1.0,1,1.0,1,0.20500170348774088,38
1605,0,2684,1271,1413,0,0,0,1.0,1,1.0,1,1.0,1,0.20500170348774088,38
1606,5,2689,1274,1415,0,0,0,1.0,1,1.0,1,1.0,1,0.2547369141440315,39
1607,2,2691,1275,1416,0,0,0,1.0,1,1.0,1,1.0,1,0.2842718132973438,37
1608,4,2695,1277,1418,0,0,0,1.0,1,1.0,1,1.0,1,0.3345991467062506,36
1609,0,2695,1277,1418,0,0,0,1.0,1,1.0,1,1.0,1,0.31094162387851726,34
1610,1,2696,1278,1418,0,0,0,1.0,1,1.0,1,1.0,1,0.31562675454679684,34
1611,3,2699,1279,1420,0,0,0,1.0,1,1.0,1,1.0,1,0.25817804617201645,35
1612,0,2699,1279,1420,0,0,0,1.0,1,1.0,1,1.0,1,0.24223233580053954,33
1613,1,2700,1280,1420,0,0,0,1.0,1,1.0,1,1.0,1,0.2389339436900782,34
1614,3,2703,1281,1422,0,0,0,1.0,1,1.0,1,1.0,1,0.20206552867795577,35
1615,1,2704,1281,1423,0,0,0,1.0,1,1.0,1,1.0,1,0.18814065170690258,35
1616,1,2705,1282,1423,0,0,0,1.0,1,1.0,1,1.0,1,0.14146429205378586,37
1617,1,2706,1283,1423,0,0,0,1.0,1,1.0,1,1.0,1,0.17845380010780226,38
1618,1,2707,1284,1423,0,0,0,1.0,1,1.0,1,1.0,1,0.19159418070880502,38
1619,1,2708,1285,1423,0,0,0,1.0,1,1.0,1,1.0,1,0.22305195277927004,38
1620,2,2710,1286,1424,0,0,0,1.0,1,1.0,1,1.0,1,0.22808381318078497,39
1621,3,2713,1287,1426,0,0,0,1.0,1,1.0,1,1.0,1,0.14823131062621622,37
1622,1,2714,1288,1426,0,0,0,1.0,1,1.0,1,1.0,1,0.179456673791568,37
1623,3,2717,1290,1427,0,0,0,1.0,1,1.0,1,1.0,1,0.2078702638036805,37
1624,1,2718,1291,1427,0,0,0,1.0,1,1.0,1,1.0,1,0.20740923181131363,37
1625,1,2719,1292,1427,0,0,0,1.0,1,1.0,1,1.0,1,0.22862922717145218,35
1626,1,2720,1293,1427,0,0,0,1.0,1,1.0,1,1.0,1,0.2837397956814695,35
1627,0,2720,1293,1427,0,0,0,1.0,1,1.0,1,1.0,1,0.2685209095629582,34
1628,3,2723,1295,1428,0,0,0,1.0,1,1.0,1,1.0,1,0.3192886676923009,35
1629,2,2725,1297,1428,0,0,0,1.0,1,1.0,1,1.0,1,0.31863786894235335,34
1630,1,2726,1297,1429,0,0,0,1.0,1,1.0,1,1.0,1,0.2640573662582203,32
1631,2,2728,1297,1431,0,0,0,1.0,1,1.0,1,1.0,1,0.2100733992077389,33
1632,0,2728,1297,1431,0,0,0,1.0,1,1.0,1,1.0,1,0.24979586585145655,32
1633,0,2728,1297,1431,0,0,0,1.0,1,1.0,1,1.0,1,0.23969090256511064,31
1634,1,2729,1298,1431,0,0,0,1.0,1,1.0,1,1.0,1,0.28103048385970847,31
1635,0,2729,1298,1431,0,0,0,1.0,1,1.0,1,1.0,1,0.28397708067519156,31
1636,2,2731,1299,1432,0,0,0,1.0,1,1.0,1,1.0,1,0.30122021871589916,33
1637,0,2731,1299,1432,0,0,0,1.0,1,1.0,1,1.0,1,0.30122021871589916,33
1638,2,2733,1299,1434,0,0,0,1.0,1,1.0,1,1.0,1,0.27231083554329516,36
1639,0,2733,1299,1434,0,0,0,1.0,1,1.0,1,1.0,1,0.27231083554329516,36
1640,1,2734,1300,1434,0,0,0,1.0,1,1.0,1,1.0,1,0.2940194650255681,36
1641,3,2737,1301,1436,0,0,0,1.0,1,1.0,1,1.0,1,0.23881420506095977,38
1642,2,2739,1303,1436,0,0,0,1.0,1,1.0,1,1.0,1,0.23609103365239845,37
1643,3,2742,1305,1437,0,0,0,1.0,1,1.0,1,1.0,1,0.2690454558215957,37
1644,3,2745,1308,1437,0,0,0,1.0,1,1.0,1,1.0,1,0.3501994252717104,38
1645,0,2745,1308,1437,0,0,0,1.0,1,1.0,1,1.0,1,0.35032599834140243,36
1646,2,2747,1308,1439,0,0,0,1.0,1,1.0,1,1.0,1,0.30907130521047066,37
1647,1,2748,1309,1439,0,0,0,1.0,1,1.0,1,1.0,1,0.37486284566737943,35
1648,2,2750,1309,1441,0,0,0,1.0,1,1.0,1,1.0,1,0.37057054450704546,38
1649,1,2751,1310,1441,0,0,0,1.0,1,1.0,1,1.0,1,0.37176848984378913,35
1650,0,2751,1310,1441,0,0,0,1.0,1,1.0,1,1.0,1,0.3859524518521562,34
1651,0,2751,1310,1441,0,0,0,1.0,1,1.0,1,1.0,1,0.3977370931658519,32
1652,1,2752,1310,1442,0,0,0,1.0,1,1.0,1,1.0,1,0.3826426618686015,33
1653,0,2752,1310,1442,0,0,0,1.0,1,1.0,1,1.0,1,0.3826426618686015,33
1654,1,2753,1310,1443,0,0,0,1.0,1,1.0,1,1.0,1,0.3793971380928524,34
1655,2,2755,1310,1445,0,0,0,1.0,1,1.0,1,1.0,1,0.345292668079407,35
1656,1,2756,1310,1446,0,0,0,1.0,1,1.0,1,1.0,1,0.3098098239736271,35
1657,6,2762,1310,1452,0,0,0,1.0,1,1.0,1,1.0,1,0.2230381723542405,36
1658,2,2764,1312,1452,0,0,0,1.0,1,1.0,1,1.0,1,0.20062567496636027,36
1659,2,2766,1312,1454,0,0,0,1.0,1,1.0,1,1.0,1,0.15757306516027478,36
1660,3,2769,1315,1454,0,0,0,1.0,1,1.0,1,1.0,1,0.2117056508985717,38
1661,0,2769,1315,1454,0,0,0,1.0,1,1.0,1,1.0,1,0.2117056508985717,38
1662,4,2773,1318,1455,0,0,0,1.0,1,1.0,1,1.0,1,0.2054391480862745,39
1663,3,2776,1319,1457,0,0,0,1.0,1,1.0,1,1.0,1,0.17449339292456942,40
1664,4,2780,1322,1458,0,0,0,1.0,1,1.0,1,1.0,1,0.20445628655725465,39
1665,3,2783,1323,1460,0,0,0,1.0,1,1.0,1,1.0,1,0.21045024172432789,40
1666,1,2784,1323,1461,0,0,0,1.0,1,1.0,1,1.0,1,0.22225041125194708,40
1667,2,2786,1324,1462,0,0,0,1.0,1,1.0,1,1.0,1,0.20771428066443956,40
1668,1,2787,1324,1463,0,0,0,1.0,1,1.0,1,1.0,1,0.19231396599884887,41
1669,0,2787,1324,1463,0,0,0,1.0,1,1.0,1,1.0,1,0.18002245434701503,40
1670,0,2787,1324,1463,0,0,0,1.0,1,1.0,1,1.0,1,0.18002245434701503,40
1671,1,2788,1324,1464,0,0,0,1.0,1,1.0,1,1.0,1,0.18728009169445048,41
1672,2,2790,1326,1464,0,0,0,1.0,1,1.0,1,1.0,1,0.19770938433162905,40
1673,1,2791,1327,1464,0,0,0,1.0,1,1.0,1,1.0,1,0.22220273833127133,39
1674,3,2794,1329,1465,0,0,0,1.0,1,1.0,1,1.0,1,0.2849651437975815,40
1675,0,2794,1329,1465,0,0,0,1.0,1,1.0,1,1.0,1,0.287469232898222,38
1676,3,2797,1329,1468,0,0,0,1.0,1,1.0,1,1.0,1,0.1956850952976021,39
1677,0,2797,1329,1468,0,0,0,1.0,1,1.0,1,1.0,1,0.1959056429233988,39
1678,0,2797,1329,1468,0,0,0,1.0,1,1.0,1,1.0,1,0.1959056429233988,39
1679,0,2797,1329,1468,0,0,0,1.0,1,1.0,1,1.0,1,0.1959056429233988,39
1680,2,2799,1329,1470,0,0,0,1.0,1,1.0,1,1.0,1,0.167794028171333,41
1681,2,2801,1330,1471,0,0,0,1.0,1,1.0,1,1.0,1,0.15395071408274083,41
1682,2,2803,1331,1472,0,0,0,1.0,1,1.0,1,1.0,1,0.20159364120126202,43
1683,6,2809,1336,1473,0,0,0,1.0,1,1.0,1,1.0,1,0.26487324526006123,43
1684,2,2811,1337,1474,0,0,0,1.0,1,1.0,1,1.0,1,0.2411579289658669,42
1685,0,2811,1337,1474,0,0,0,1.0,1,1.0,1,1.0,1,0.26258433043274465,41
1686,3,2814,1339,1475,0,0,0,1.0,1,1.0,1,1.0,1,0.28629801328386767,41
1687,2,2816,1341,1475,0,0,0,1.0,1,1.0,1,1.0,1,0.29135369244920767,40
1688,4,2820,1344,1476,0,0,0,1.0,1,1.0,1,1.0,1,0.3118935689741582,39
1689,1,2821,1345,1476,0,0,0,1.0,1,1.0,1,1.0,1,0.3551774513055621,38
1690,1,2822,1346,1476,0,0,0,1.0,1,1.0,1,1.0,1,0.3585366822079062,38
1691,6,2828,1346,1482,0,0,0,1.0,1,1.0,1,1.0,1,0.25640606001027716,36
1692,1,2829,1347,1482,0,0,0,1.0,1,1.0,1,1.0,1,0.25645940833296393,36
1693,1,2830,1348,1482,0,0,0,1.0,1,1.0,1,1.0,1,0.27738513206965604,35
1694,1,2831,1348,1483,0,0,0,1.0,1,1.0,1,1.0,1,0.25005003966925066,33
1695,0,2831,1348,1483,0,0,0,1.0,1,1.0,1,1.0,1,0.25407164900899204,34
1696,1,2832,1348,1484,0,0,0,1.0,1,1.0,1,1.0,1,0.2365545089351025,35
1697,0,2832,1348,1484,0,0,0,1.0,1,1.0,1,1.0,1,0.2262079163490419,36
1698,2,2834,1349,1485,0,0,0,1.0,1,1.0,1,1.0,1,0.24529668772415847,38
1699,2,2836,1350,1486,0,0,0,1.0,1,1.0,1,1.0,1,0.2576913402919118,38
1700,2,2838,1350,1488,0,0,0,1.0,1,1.0,1,1.0,1,0.22592793716519452,39
1701,0,2838,1350,1488,0,0,0,1.0,1,1.0,1,1.0,1,0.23388966133031586,40
1702,4,2842,1354,1488,0,0,0,1.0,1,1.0,1,1.0,1,0.3147075190058452,41
1703,4,2846,1355,1491,0,0,0,1.0,1,1.0,1,1.0,1,0.32809307291321377,41
1704,2,2848,1356,1492,0,0,0,1.0,1,1.0,1,1.0,1,0.26385889963829856,41
1705,2,2850,1356,1494,0,0,0,1.0,1,1.0,1,1.0,1,0.23503232653502892,40
1706,0,2850,1356,1494,0,0,0,1.0,1,1.0,1,1.0,1,0.23503232653502892,40
1707,1,2851,1356,1495,0,0,0,1.0,1,1.0,1,1.0,1,0.24387584901588985,39
1708,0,2851,1356,1495,0,0,0,1.0,1,1.0,1,1.0,1,0.24387584901588985,39
1709,2,2853,1357,1496,0,0,0,1.0,1,1.0,1,1.0,1,0.25602812285585724,38
1710,4,2857,1360,1497,0,0,0,1.0,1,1.0,1,1.0,1,0.2841882975853377,39
1711,6,2863,1361,1502,0,0,0,1.0,1,1.0,1,1.0,1,0.22984967946198206,38
1712,1,2864,1362,1502,0,0,0,1.0,1,1.0,1,1.0,1,0.23642021732873283,38
1713,0,2864,1362,1502,0,0,0,1.0,1,1.0,1,1.0,1,0.2523313516306048,37
1714,0,2864,1362,1502,0,0,0,1.0,1,1.0,1,1.0,1,0.26318234770501453,38
1715,2,2866,1363,1503,0,0,0,1.0,1,1.0,1,1.0,1,0.24551524848690995,40
1716,1,2867,1363,1504,0,0,0,1.0,1,1.0,1,1.0,1,0.23772250069243145,39
1717,0,2867,1363,1504,0,0,0,1.0,1,1.0,1,1.0,1,0.23088428343047332,38
1718,0,2867,1363,1504,0,0,0,1.0,1,1.0,1,1.0,1,0.2637808500295284,38
1719,0,2867,1363,1504,0,0,0,1.0,1,1.0,1,1.0,1,0.2637808500295284,38
1720,1,2868,1363,1505,0,0,0,1.0,1,1.0,1,1.0,1,0.2622506496567041,41
1721,2,2870,1364,1506,0,0,0,1.0,1,1.0,1,1.0,1,0.21323284125442973,39
1722,1,2871,1365,1506,0,0,0,1.0,1,1.0,1,1.0,1,0.22996591999012583,40
1723,1,2872,1366,1506,0,0,0,1.0,1,1.0,1,1.0,1,0.21856804766315469,38
1724,0,2872,1366,1506,0,0,0,1.0,1,1.0,1,1.0,1,0.27402984771863453,37
1725,1,2873,1366,1507,0,0,0,1.0,1,1.0,1,1.0,1,0.2902687144008193,38
1726,1,2874,1366,1508,0,0,0,1.0,1,1.0,1,1.0,1,0.2908255387765174,37
1727,1,2875,1366,1509,0,0,0,1.0,1,1.0,1,1.0,1,0.276544285672307,37
1728,0,2875,1366,1509,0,0,0,1.0,1,1.0,1,1.0,1,0.2651904296655557,35
1729,0,2875,1366,1509,0,0,0,1.0,1,1.0,1,1.0,1,0.2562146739120774,37
1730,1,2876,1367,1509,0,0,0,1.0,1,1.0,1,1.0,1,0.3264728305833486,37
1731,1,2877,1367,1510,0,0,0,1.0,1,1.0,1,1.0,1,0.3088718638684524,37
1732,2,2879,1367,1512,0,0,0,1.0,1,1.0,1,1.0,1,0.3152413325630939,37
1733,1,2880,1368,1512,0,0,0,1.0,1,1.0,1,1.0,1,0.33205528076466384,36
1734,1,2881,1368,1513,0,0,0,1.0,1,1.0,1,1.0,1,0.331953664801554,35
1735,2,2883,1370,1513,0,0,0,1.0,1,1.0,1,1.0,1,0.32402049328540633,34
1736,1,2884,1370,1514,0,0,0,1.0,1,1.0,1,1.0,1,0.3157146985241801,35
1737,4,2888,1372,1516,0,0,0,1.0,1,1.0,1,1.0,1,0.27819187855896405,36
1738,1,2889,1372,1517,0,0,0,1.0,1,1.0,1,1.0,1,0.2880208213245644,37
1739,2,2891,1374,1517,0,0,0,1.0,1,1.0,1,1.0,1,0.25493292827599745,38
1740,0,2891,1374,1517,0,0,0,1.0,1,1.0,1,1.0,1,0.26950722716318626,37
1741,3,2894,1375,1519,0,0,0,1.0,1,1.0,1,1.0,1,0.2424849246359221,38
1742,2,2896,1377,1519,0,0,0,1.0,1,1.0,1,1.0,1,0.2819200529031932,39
1743,1,2897,1378,1519,0,0,0,1.0,1,1.0,1,1.0,1,0.2802120134565899,37
1744,4,2901,1381,1520,0,0,0,1.0,1,1.0,1,1.0,1,0.29877907233655654,38
1745,3,2904,1382,1522,0,0,0,1.0,1,1.0,1,1.0,1,0.2919024334461988,37
1746,2,2906,1382,1524,0,0,0,1.0,1,1.0,1,1.0,1,0.23982163771955003,38
1747,1,2907,1382,1525,0,0,0,1.0,1,1.0,1,1.0,1,0.21768097877174458,38
1748,2,2909,1383,1526,0,0,0,1.0,1,1.0,1,1.0,1,0.22932271300447685,38
1749,1,2910,1383,1527,0,0,0,1.0,1,1.0,1,1.0,1,0.24207149068428238,37
1750,0,2910,1383,1527,0,0,0,1.0,1,1.0,1,1.0,1,0.25108242384539886,39
1751,1,2911,1383,1528,0,0,0,1.0,1,1.0,1,1.0,1,0.253735433406126,38
1752,1,2912,1384,1528,0,0,0,1.0,1,1.0,1,1.0,1,0.24166871600161124,39
1753,0,2912,1384,1528,0,0,0,1.0,1,1.0,1,1.0,1,0.232871728449478,40
1754,4,2916,1385,1531,0,0,0,1.0,1,1.0,1,1.0,1,0.21434220129807766,41
1755,0,2916,1385,1531,0,0,0,1.0,1,1.0,1,1.0,1,0.23125283577711,41
1756,2,2918,1386,1532,0,0,0,1.0,1,1.0,1,1.0,1,0.26484184055174304,42
1757,0,2918,1386,1532,0,0,0,1.0,1,1.0,1,1.0,1,0.2674005065933808,42
1758,0,2918,1386,1532,0,0,0,1.0,1,1.0,1,1.0,1,0.2674005065933808,42
1759,2,2920,1387,1533,0,0,0,1.0,1,1.0,1,1.0,1,0.33484135503208795,39
1760,3,2923,1389,1534,0,0,0,1.0,1,1.0,1,1.0,1,0.3601753889810908,39
1761,4,2927,1390,1537,0,0,0,1.0,1,1.0,1,1.0,1,0.28879687566331697,38
1762,3,2930,1391,1539,0,0,0,1.0,1,1.0,1,1.0,1,0.23753644657550796,37
1763,0,2930,1391,1539,0,0,0,1.0,1,1.0,1,1.0,1,0.23753644657550796,37
1764,1,2931,1392,1539,0,0,0,1.0,1,1.0,1,1.0,1,0.2212513504875655,36
1765,3,2934,1394,1540,0,0,0,1.0,1,1.0,1,1.0,1,0.20443117361547006,37
1766,1,2935,1394,1541,0,0,0,1.0,1,1.0,1,1.0,1,0.17930773323383611,36
1767,0,2935,1394,1541,0,0,0,1.0,1,1.0,1,1.0,1,0.17930773323383611,36
1768,0,2935,1394,1541,0,0,0,1.0,1,1.0,1,1.0,1,0.17930773323383611,36
1769,2,2937,1395,1542,0,0,0,1.0,1,1.0,1,1.0,1,0.15947819759772178,38
1770,1,2938,1396,1542,0,0,0,1.0,1,1.0,1,1.0,1,0.18793470947002033,38
1771,0,2938,1396,1542,0,0,0,1.0,1,1.0,1,1.0,1,0.18793470947002033,38
1772,1,2939,1396,1543,0,0,0,1.0,1,1.0,1,1.0,1,0.144798734541135,40
1773,1,2940,1397,1543,0,0,0,1.0,1,1.0,1,1.0,1,0.19492282302881858,40
1774,0,2940,1397,1543,0,0,0,1.0,1,1.0,1,1.0,1,0.19492282302881858,40
1775,0,2940,1397,1543,0,0,0,1.0,1,1.0,1,1.0,1,0.20604908056139867,41
1776,0,2940,1397,1543,0,0,0,1.0,1,1.0,1,1.0,1,0.17314721140206984,43
1777,1,2941,1398,1543,0,0,0,1.0,1,1.0,1,1.0,1,0.1738654712138282,44
1778,3,2944,1401,1543,0,0,0,1.0,1,1.0,1,1.0,1,0.21221642325119128,44
1779,2,2946,1402,1544,0,0,0,1.0,1,1.0,1,1.0,1,0.21675413975110683,44
1780,1,2947,1402,1545,0,0,0,1.0,1,1.0,1,1.0,1,0.20937808691206233,46
1781,2,2949,1402,1547,0,0,0,1.0,1,1.0,1,1.0,1,0.16506969250530604,46
1782,2,2951,1404,1547,0,0,0,1.0,1,1.0,1,1.0,1,0.19308695506201298,45
1783,1,2952,1405,1547,0,0,0,1.0,1,1.0,1,1.0,1,0.22116529966808393,44
1784,2,2954,1406,1548,0,0,0,1.0,1,1.0,1,1.0,1,0.21481295068174902,44
1785,3,2957,1408,1549,0,0,0,1.0,1,1.0,1,1.0,1,0.22535744148405656,42
1786,6,2963,1411,1552,0,0,0,1.0,1,1.0,1,1.0,1,0.22460308367697054,42
1787,3,2966,1412,1554,0,0,0,1.0,1,1.0,1,1.0,1,0.2378887120568138,41
1788,5,2971,1414,1557,0,0,0,1.0,1,1.0,1,1.0,1,0.23614627130005741,41
1789,4,2975,1416,1559,0,0,0,1.0,1,1.0,1,1.0,1,0.23782496716599627,41
1790,3,2978,1418,1560,0,0,0,1.0,1,1.0,1,1.0,1,0.2691146349906387,41
1791,6,2984,1418,1566,0,0,0,1.0,1,1.0,1,1.0,1,0.1455734630091488,41
1792,0,2984,1418,1566,0,0,0,1.0,1,1.0,1,1.0,1,0.15176821244358943,43
1793,0,2984,1418,1566,0,0,0,1.0,1,1.0,1,1.0,1,0.15176821244358943,43
1794,1,2985,1419,1566,0,0,0,1.0,1,1.0,1,1.0,1,0.2015359577422995,41
1795,3,2988,1421,1567,0,0,0,1.0,1,1.0,1,1.0,1,0.1712438662151636,41
1796,2,2990,1422,1568,0,0,0,1.0,1,1.0,1,1.0,1,0.21245147661797184,40
1797,0,2990,1422,1568,0,0,0,1.0,1,1.0,1,1.0,1,0.21247139619941763,38
1798,0,2990,1422,1568,0,0,0,1.0,1,1.0,1,1.0,1,0.21247139619941763,38
1799,2,2992,1424,1568,0,0,0,1.0,1,1.0,1,1.0,1,0.24500084751752466,37
1800,2,2994,1425,1569,0,0,0,1.0,1,1.0,1,1.0,1,0.2648102597410466,35
1801,1,2995,1425,1570,0,0,0,1.0,1,1.0,1,1.0,1,0.20609021265936017,34
1802,0,2995,1425,1570,0,0,0,1.0,1,1.0,1,1.0,1,0.2415218506611309,33
1803,1,2996,1426,1570,0,0,0,1.0,1,1.0,1,1.0,1,0.260601938064847,33
1804,1,2997,1427,1570,0,0,0,1.0,1,1.0,1,1.0,1,0.3067983275452877,33
1805,0,2997,1427,1570,0,0,0,1.0,1,1.0,1,1.0,1,0.3037781022106426,35
1806,4,3001,1428,1573,0,0,0,1.0,1,1.0,1,1.0,1,0.23924676910260437,36
1807,1,3002,1428,1574,0,0,0,1.0,1,1.0,1,1.0,1,0.2513182651109232,35
1808,1,3003,1428,1575,0,0,0,1.0,1,1.0,1,1.0,1,0.23188575514841406,37
1809,1,3004,1429,1575,0,0,0,1.0,1,1.0,1,1.0,1,0.26231562754508714,35
1810,0,3004,1429,1575,0,0,0,1.0,1,1.0,1,1.0,1,0.272414482195778,36
1811,0,3004,1429,1575,0,0,0,1.0,1,1.0,1,1.0,1,0.2866900794315757,34
1812,3,3007,1429,1578,0,0,0,1.0,1,1.0,1,1.0,1,0.24687516168856494,36
1813,0,3007,1429,1578,0,0,0,1.0,1,1.0,1,1.0,1,0.26588791321884525,35
1814,2,3009,1431,1578,0,0,0,1.0,1,1.0,1,1.0,1,0.2735825183177692,36
1815,0,3009,1431,1578,0,0,0,1.0,1,1.0,1,1.0,1,0.2870458194706316,35
1816,3,3012,1433,1579,0,0,0,1.0,1,1.0,1,1.0,1,0.21790369711362575,35
1817,0,3012,1433,1579,0,0,0,1.0,1,1.0,1,1.0,1,0.21790369711362575,35
1818,4,3016,1436,1580,0,0,0,1.0,1,1.0,1,1.0,1,0.1718480894594257,36
1819,3,3019,1438,1581,0,0,0,1.0,1,1.0,1,1.0,1,0.16538162516972288,37
1820,0,3019,1438,1581,0,0,0,1.0,1,1.0,1,1.0,1,0.16538162516972288,37
1821,1,3020,1439,1581,0,0,0,1.0,1,1.0,1,1.0,1,0.1489095360934376,38
1822,6,3026,1443,1583,0,0,0,1.0,1,1.0,1,1.0,1,0.21325475365966495,37
1823,3,3029,1446,1583,0,0,0,1.0,1,1.0,1,1.0,1,0.25048681187130817,36
1824,5,3034,1449,1585,0,0,0,1.0,1,1.0,1,1.0,1,0.3244947964722113,36
1825,2,3036,1450,1586,0,0,0,1.0,1,1.0,1,1.0,1,0.28312198220387996,34
1826,4,3040,1452,1588,0,0,0,1.0,1,1.0,1,1.0,1,0.21889123342798242,35
1827,2,3042,1453,1589,0,0,0,1.0,1,1.0,1,1.0,1,0.20618887737147515,34
1828,0,3042,1453,1589,0,0,0,1.0,1,1.0,1,1.0,1,0.21094704453147722,33
1829,1,3043,1454,1589,0,0,0,1.0,1,1.0,1,1.0,1,0.20611186622396316,31
1830,2,3045,1455,1590,0,0,0,1.0,1,1.0,1,1.0,1,0.20208022174636164,31
1831,1,3046,1456,1590,0,0,0,1.0,1,1.0,1,1.0,1,0.2055285202688111,30
1832,1,3047,1457,1590,0,0,0,1.0,1,1.0,1,1.0,1,0.23305803652248233,29
1833,5,3052,1460,1592,0,0,0,1.0,1,1.0,1,1.0,1,0.31385171265656087,28
1834,1,3053,1460,1593,0,0,0,1.0,1,1.0,1,1.0,1,0.26050904571722566,27
1835,2,3055,1462,1593,0,0,0,1.0,1,1.0,1,1.0,1,0.3112846423454277,26
1836,2,3057,1463,1594,0,0,0,1.0,1,1.0,1,1.0,1,0.25469786933779587,26
1837,0,3057,1463,1594,0,0,0,1.0,1,1.0,1,1.0,1,0.3340482015041903,25
1838,3,3060,1463,1597,0,0,0,1.0,1,1.0,1,1.0,1,0.20476684818435173,25
1839,0,3060,1463,1597,0,0,0,1.0,1,1.0,1,1.0,1,0.24384986445162712,24
1840,1,3061,1464,1597,0,0,0,1.0,1,1.0,1,1.0,1,0.3612744417387891,23
1841,0,3061,1464,1597,0,0,0,1.0,1,1.0,1,1.0,1,0.3351665801309478,22
1842,2,3063,1465,1598,0,0,0,1.0,1,1.0,1,1.0,1,0.35341290700056954,23
1843,1,3064,1466,1598,0,0,0,1.0,1,1.0,1,1.0,1,0.3464897183495339,23
1844,0,3064,1466,1598,0,0,0,1.0,1,1.0,1,1.0,1,0.3464897183495339,23
1845,2,3066,1468,1598,0,0,0,1.0,1,1.0,1,1.0,1,0.37243568803474825,23
1846,1,3067,1468,1599,0,0,0,1.0,1,1.0,1,1.0,1,0.33900341339897777,23
1847,0,3067,1468,1599,0,0,0,1.0,1,1.0,1,1.0,1,0.35790425506423745,24
1848,0,3067,1468,1599,0,0,0,1.0,1,1.0,1,1.0,1,0.35790425506423745,24
1849,0,3067,1468,1599,0,0,0,1.0,1,1.0,1,1.0,1,0.38054900102824496,25
1850,0,3067,1468,1599,0,0,0,1.0,1,1.0,1,1.0,1,0.38054900102824496,25
1851,0,3067,1468,1599,0,0,0,1.0,1,1.0,1,1.0,1,0.38054900102824496,25
1852,0,3067,1468,1599,0,0,0,1.0,1,1.0,1,1.0,1,0.38054900102824496,25
1853,0,3067,1468,1599,0,0,0,1.0,1,1.0,1,1.0,1,0.39902546624291885,25
1854,0,3067,1468,1599,0,0,0,1.0,1,1.0,1,1.0,1,0.39902546624291885,25
1855,0,3067,1468,1599,0,0,0,1.0,1,1.0,1,1.0,1,0.4089036257469483,26
1856,1,3068,1469,1599,0,0,0,1.0,1,1.0,1,1.0,1,0.3637831957281073,27
1857,1,3069,1469,1600,0,0,0,1.0,1,1.0,1,1.0,1,0.3453639386545044,28
1858,2,3071,1471,1600,0,0,0,1.0,1,1.0,1,1.0,1,0.35189909587729445,28
1859,3,3074,1473,1601,0,0,0,1.0,1,1.0,1,1.0,1,0.3695232120806793,28
1860,1,3075,1473,1602,0,0,0,1.0,1,1.0,1,1.0,1,0.3755316066486354,28
1861,3,3078,1473,1605,0,0,0,1.0,1,1.0,1,1.0,1,0.30890217607433823,28
1862,0,3078,1473,1605,0,0,0,1.0,1,1.0,1,1.0,1,0.30890217607433823,28
1863,0,3078,1473,1605,0,0,0,1.0,1,1.0,1,1.0,1,0.3238008814406474,29
1864,1,3079,1474,1605,0,0,0,1.0,1,1.0,1,1.0,1,0.36045338081501455,27
1865,2,3081,1475,1606,0,0,0,1.0,1,1.0,1,1.0,1,0.42401782007410416,26
1866,4,3085,1476,1609,0,0,0,1.0,1,1.0,1,1.0,1,0.3759008355863567,26
1867,0,3085,1476,1609,0,0,0,1.0,1,1.0,1,1.0,1,0.3759008355863567,26
1868,0,3085,1476,1609,0,0,0,1.0,1,1.0,1,1.0,1,0.3759008355863567,26
1869,0,3085,1476,1609,0,0,0,1.0,1,1.0,1,1.0,1,0.3759008355863567,26
1870,0,3085,1476,1609,0,0,0,1.0,1,1.0,1,1.0,1,0.3934291249413331,27
1871,1,3086,1476,1610,0,0,0,1.0,1,1.0,1,1.0,1,0.3784191107384846,27
1872,1,3087,1476,1611,0,0,0,1.0,1,1.0,1,1.0,1,0.3131293092958791,25
1873,0,3087,1476,1611,0,0,0,1.0,1,1.0,1,1.0,1,0.3131293092958791,25
1874,0,3087,1476,1611,0,0,0,1.0,1,1.0,1,1.0,1,0.33340318621008985,25
1875,0,3087,1476,1611,0,0,0,1.0,1,1.0,1,1.0,1,0.33340318621008985,25
1876,1,3088,1476,1612,0,0,0,1.0,1,1.0,1,1.0,1,0.3058325723381529,26
1877,1,3089,1476,1613,0,0,0,1.0,1,1.0,1,1.0,1,0.2530298414460639,27
1878,2,3091,1478,1613,0,0,0,1.0,1,1.0,1,1.0,1,0.2946957356495218,28
1879,0,3091,1478,1613,0,0,0,1.0,1,1.0,1,1.0,1,0.28213904741596063,29
1880,1,3092,1478,1614,0,0,0,1.0,1,1.0,1,1.0,1,0.2713428461212635,29
1881,0,3092,1478,1614,0,0,0,1.0,1,1.0,1,1.0,1,0.2713428461212635,29
1882,0,3092,1478,1614,0,0,0,1.0,1,1.0,1,1.0,1,0.26136684519467207,28
1883,0,3092,1478,1614,0,0,0,1.0,1,1.0,1,1.0,1,0.26136684519467207,28
1884,1,3093,1479,1614,0,0,0,1.0,1,1.0,1,1.0,1,0.2709077372208084,28
1885,0,3093,1479,1614,0,0,0,1.0,1,1.0,1,1.0,1,0.2709077372208084,28
1886,0,3093,1479,1614,0,0,0,1.0,1,1.0,1,1.0,1,0.2640372354630448,29
1887,0,3093,1479,1614,0,0,0,1.0,1,1.0,1,1.0,1,0.2640372354630448,29
1888,1,3094,1479,1615,0,0,0,1.0,1,1.0,1,1.0,1,0.27390380214265875,31
1889,1,3095,1479,1616,0,0,0,1.0,1,1.0,1,1.0,1,0.2497113105942636,31
1890,0,3095,1479,1616,0,0,0,1.0,1,1.0,1,1.0,1,0.2497113105942636,31
1891,1,3096,1479,1617,0,0,0,1.0,1,1.0,1,1.0,1,0.24894561383338887,32
1892,0,3096,1479,1617,0,0,0,1.0,1,1.0,1,1.0,1,0.24894561383338887,32
1893,0,3096,1479,1617,0,0,0,1.0,1,1.0,1,1.0,1,0.24894561383338887,32
1894,0,3096,1479,1617,0,0,0,1.0,1,1.0,1,1.0,1,0.23540668955078442,33
1895,1,3097,1480,1617,0,0,0,1.0,1,1.0,1,1.0,1,0.24201434687269202,35
1896,0,3097,1480,1617,0,0,0,1.0,1,1.0,1,1.0,1,0.2685007600073278,34
1897,1,3098,1480,1618,0,0,0,1.0,1,1.0,1,1.0,1,0.23688433346492532,34
1898,0,3098,1480,1618,0,0,0,1.0,1,1.0,1,1.0,1,0.23688433346492532,34
1899,0,3098,1480,1618,0,0,0,1.0,1,1.0,1,1.0,1,0.23688433346492532,34
1900,0,3098,1480,1618,0,0,0,1.0,1,1.0,1,1.0,1,0.25333411234294845,35
1901,0,3098,1480,1618,0,0,0,1.0,1,1.0,1,1.0,1,0.25333411234294845,35
1902,2,3100,1481,1619,0,0,0,1.0,1,1.0,1,1.0,1,0.2825067427030474,35
1903,1,3101,1481,1620,0,0,0,1.0,1,1.0,1,1.0,1,0.25844398512680444,35
1904,0,3101,1481,1620,0,0,0,1.0,1,1.0,1,1.0,1,0.25844398512680444,35
1905,0,3101,1481,1620,0,0,0,1.0,1,1.0,1,1.0,1,0.2506877449536574,37
1906,0,3101,1481,1620,0,0,0,1.0,1,1.0,1,1.0,1,0.2506877449536574,37
1907,2,3103,1481,1622,0,0,0,1.0,1,1.0,1,1.0,1,0.2323887910603029,39
1908,0,3103,1481,1622,0,0,0,1.0,1,1.0,1,1.0,1,0.2323887910603029,39
1909,1,3104,1481,1623,0,0,0,1.0,1,1.0,1,1.0,1,0.24525400436494774,41
1910,1,3105,1481,1624,0,0,0,1.0,1,1.0,1,1.0,1,0.23119178578238417,41
1911,0,3105,1481,1624,0,0,0,1.0,1,1.0,1,1.0,1,0.2992843113040462,40
1912,3,3108,1484,1624,0,0,0,1.0,1,1.0,1,1.0,1,0.2747269303008755,39
1913,2,3110,1485,1625,0,0,0,1.0,1,1.0,1,1.0,1,0.2829118228941915,40
1914,0,3110,1485,1625,0,0,0,1.0,1,1.0,1,1.0,1,0.27902840064972945,41
1915,4,3114,1487,1627,0,0,0,1.0,1,1.0,1,1.0,1,0.26522739888861907,42
1916,6,3120,1489,1631,0,0,0,1.0,1,1.0,1,1.0,1,0.2231320754695587,42
1917,1,3121,1490,1631,0,0,0,1.0,1,1.0,1,1.0,1,0.24533709312895552,41
1918,1,3122,1491,1631,0,0,0,1.0,1,1.0,1,1.0,1,0.22462120019067244,38
1919,1,3123,1492,1631,0,0,0,1.0,1,1.0,1,1.0,1,0.2878594690331706,38
1920,0,3123,1492,1631,0,0,0,1.0,1,1.0,1,1.0,1,0.3209866569036324,38
1921,2,3125,1493,1632,0,0,0,1.0,1,1.0,1,1.0,1,0.24635285075463983,39
1922,0,3125,1493,1632,0,0,0,1.0,1,1.0,1,1.0,1,0.2374056457357955,40
1923,1,3126,1494,1632,0,0,0,1.0,1,1.0,1,1.0,1,0.22551483919524007,41
1924,3,3129,1497,1632,0,0,0,1.0,1,1.0,1,1.0,1,0.2996253976641359,41
1925,2,3131,1497,1634,0,0,0,1.0,1,1.0,1,1.0,1,0.28008652857705063,41
1926,4,3135,1497,1638,0,0,0,1.0,1,1.0,1,1.0,1,0.1764585684834829,41
1927,0,3135,1497,1638,0,0,0,1.0,1,1.0,1,1.0,1,0.1764585684834829,41
1928,1,3136,1498,1638,0,0,0,1.0,1,1.0,1,1.0,1,0.1767322056285274,42
1929,0,3136,1498,1638,0,0,0,1.0,1,1.0,1,1.0,1,0.1768014020624268,41
1930,0,3136,1498,1638,0,0,0,1.0,1,1.0,1,1.0,1,0.1768014020624268,41
1931,0,3136,1498,1638,0,0,0,1.0,1,1.0,1,1.0,1,0.1768014020624268,41
1932,0,3136,1498,1638,0,0,0,1.0,1,1.0,1,1.0,1,0.1768014020624268,41
1933,1,3137,1499,1638,0,0,0,1.0,1,1.0,1,1.0,1,0.22435279482036832,43
1934,0,3137,1499,1638,0,0,0,1.0,1,1.0,1,1.0,1,0.2330206473375406,44
1935,0,3137,1499,1638,0,0,0,1.0,1,1.0,1,1.0,1,0.21619083223870042,45
1936,1,3138,1499,1639,0,0,0,1.0,1,1.0,1,1.0,1,0.2023365330922741,48
1937,3,3141,1501,1640,0,0,0,1.0,1,1.0,1,1.0,1,0.22309562473747946,48
1938,0,3141,1501,1640,0,0,0,1.0,1,1.0,1,1.0,1,0.22309562473747946,48
1939,0,3141,1501,1640,0,0,0,1.0,1,1.0,1,1.0,1,0.22309562473747946,48
1940,0,3141,1501,1640,0,0,0,1.0,1,1.0,1,1.0,1,0.22309562473747946,48
1941,0,3141,1501,1640,0,0,0,1.0,1,1.0,1,1.0,1,0.22309562473747946,48
1942,4,3145,1503,1642,0,0,0,1.0,1,1.0,1,1.0,1,0.26590580946664816,49
1943,0,3145,1503,1642,0,0,0,1.0,1,1.0,1,1.0,1,0.2660295923673339,48
1944,5,3150,1507,1643,0,0,0,1.0,1,1.0,1,1.0,1,0.33195303503019813,47
1945,4,3154,1508,1646,0,0,0,1.0,1,1.0,1,1.0,1,0.3012357383541919,46
1946,3,3157,1508,1649,0,0,0,1.0,1,1.0,1,1.0,1,0.27195605061608763,46
1947,2,3159,1510,1649,0,0,0,1.0,1,1.0,1,1.0,1,0.37551833778573995,45
1948,6,3165,1512,1653,0,0,0,1.0,1,1.0,1,1.0,1,0.28896337146813145,46
1949,3,3168,1515,1653,0,0,0,1.0,1,1.0,1,1.0,1,0.37396489894350926,42
1950,1,3169,1515,1654,0,0,0,1.0,1,1.0,1,1.0,1,0.3228917057105322,40
1951,4,3173,1518,1655,0,0,0,1.0,1,1.0,1,1.0,1,0.36790665947187656,39
1952,1,3174,1519,1655,0,0,0,1.0,1,1.0,1,1.0,1,0.38573563405433653,35
1953,2,3176,1520,1656,0,0,0,1.0,1,1.0,1,1.0,1,0.3346206410440866,36
1954,1,3177,1521,1656,0,0,0,1.0,1,1.0,1,1.0,1,0.36945921754957745,34
1955,0,3177,1521,1656,0,0,0,1.0,1,1.0,1,1.0,1,0.3786589302458133,35
1956,6,3183,1523,1660,0,0,0,1.0,1,1.0,1,1.0,1,0.3337042770337546,37
1957,1,3184,1523,1661,0,0,0,1.0,1,1.0,1,1.0,1,0.3138455657195535,37
1958,1,3185,1523,1662,0,0,0,1.0,1,1.0,1,1.0,1,0.2830897544016997,39
1959,0,3185,1523,1662,0,0,0,1.0,1,1.0,1,1.0,1,0.2913099977511272,41
1960,0,3185,1523,1662,0,0,0,1.0,1,1.0,1,1.0,1,0.2796796999148302,40
1961,1,3186,1523,1663,0,0,0,1.0,1,1.0,1,1.0,1,0.2562484952800495,41
1962,3,3189,1524,1665,0,0,0,1.0,1,1.0,1,1.0,1,0.27860045590620575,40
1963,1,3190,1524,1666,0,0,0,1.0,1,1.0,1,1.0,1,0.28216327975203864,41
1964,1,3191,1525,1666,0,0,0,1.0,1,1.0,1,1.0,1,0.30166267027414334,40
1965,1,3192,1526,1666,0,0,0,1.0,1,1.0,1,1.0,1,0.2743914421273049,41
1966,2,3194,1526,1668,0,0,0,1.0,1,1.0,1,1.0,1,0.24012899806274957,41
1967,0,3194,1526,1668,0,0,0,1.0,1,1.0,1,1.0,1,0.2531419757923556,42
1968,0,3194,1526,1668,0,0,0,1.0,1,1.0,1,1.0,1,0.2632771195694628,42
1969,2,3196,1528,1668,0,0,0,1.0,1,1.0,1,1.0,1,0.25323317180494187,43
1970,1,3197,1528,1669,0,0,0,1.0,1,1.0,1,1.0,1,0.2574267833668929,42
1971,0,3197,1528,1669,0,0,0,1.0,1,1.0,1,1.0,1,0.2574267833668929,42
1972,0,3197,1528,1669,0,0,0,1.0,1,1.0,1,1.0,1,0.2574267833668929,42
1973,1,3198,1528,1670,0,0,0,1.0,1,1.0,1,1.0,1,0.2649501691683431,43
1974,0,3198,1528,1670,0,0,0,1.0,1,1.0,1,1.0,1,0.2727471284715906,43
1975,0,3198,1528,1670,0,0,0,1.0,1,1.0,1,1.0,1,0.2727471284715906,43
1976,2,3200,1530,1670,0,0,0,1.0,1,1.0,1,1.0,1,0.2635262758791728,43
1977,2,3202,1530,1672,0,0,0,1.0,1,1.0,1,1.0,1,0.2666764010448645,48
1978,4,3206,1534,1672,0,0,0,1.0,1,1.0,1,1.0,1,0.2724908894240763,48
1979,1,3207,1534,1673,0,0,0,1.0,1,1.0,1,1.0,1,0.2620758908820448,49
1980,1,3208,1534,1674,0,0,0,1.0,1,1.0,1,1.0,1,0.25741827452267374,50
1981,1,3209,1535,1674,0,0,0,1.0,1,1.0,1,1.0,1,0.24811373101230547,50
1982,1,3210,1536,1674,0,0,0,1.0,1,1.0,1,1.0,1,0.250787951250878,50
1983,2,3212,1538,1674,0,0,0,1.0,1,1.0,1,1.0,1,0.24934458812647478,49
1984,2,3214,1540,1674,0,0,0,1.0,1,1.0,1,1.0,1,0.24345468757808264,48
1985,2,3216,1542,1674,0,0,0,1.0,1,1.0,1,1.0,1,0.26234914709207846,46
1986,4,3220,1544,1676,0,0,0,1.0,1,1.0,1,1.0,1,0.22674718308135572,46
1987,3,3223,1546,1677,0,0,0,1.0,1,1.0,1,1.0,1,0.2592694240742336,42
1988,1,3224,1546,1678,0,0,0,1.0,1,1.0,1,1.0,1,0.21390135608167665,40
1989,2,3226,1548,1678,0,0,0,1.0,1,1.0,1,1.0,1,0.22018699374684694,38
1990,0,3226,1548,1678,0,0,0,1.0,1,1.0,1,1.0,1,0.2189399628697977,38
1991,2,3228,1549,1679,0,0,0,1.0,1,1.0,1,1.0,1,0.22900299370636779,38
1992,2,3230,1550,1680,0,0,0,1.0,1,1.0,1,1.0,1,0.253312515783594,39
1993,5,3235,1553,1682,0,0,0,1.0,1,1.0,1,1.0,1,0.33826663124940015,38
1994,0,3235,1553,1682,0,0,0,1.0,1,1.0,1,1.0,1,0.3270537729551612,37
1995,3,3238,1554,1684,0,0,0,1.0,1,1.0,1,1.0,1,0.31657718162454473,37
1996,2,3240,1555,1685,0,0,0,1.0,1,1.0,1,1.0,1,0.27382801128650913,37
1997,1,3241,1556,1685,0,0,0,1.0,1,1.0,1,1.0,1,0.2927916520423084,35
1998,0,3241,1556,1685,0,0,0,1.0,1,1.0,1,1.0,1,0.3034984861292781,34
1999,2,3243,1558,1685,0,0,0,1.0,1,1.0,1,1.0,1,0.3143036207343256,35
2000,0,3243,1558,1685,0,0,0,1.0,1,1.0,1,1.0,1,0.33816509296226765,34
2001,3,3246,1558,1688,0,0,0,1.0,1,1.0,1,1.0,1,0.294500020443036,35
2002,3,3249,1558,1691,0,0,0,1.0,1,1.0,1,1.0,1,0.22844854131635675,36
2003,0,3249,1558,1691,0,0,0,1.0,1,1.0,1,1.0,1,0.24258812012221292,37
2004,2,3251,1560,1691,0,0,0,1.0,1,1.0,1,1.0,1,0.25225818258510135,38
2005,2,3253,1561,1692,0,0,0,1.0,1,1.0,1,1.0,1,0.22913196276181771,38
2006,0,3253,1561,1692,0,0,0,1.0,1,1.0,1,1.0,1,0.22913196276181771,38
2007,2,3255,1562,1693,0,0,0,1.0,1,1.0,1,1.0,1,0.20430883693215274,40
2008,1,3256,1563,1693,0,0,0,1.0,1,1.0,1,1.0,1,0.19856510509829853,40
2009,2,3258,1565,1693,0,0,0,1.0,1,1.0,1,1.0,1,0.2106330463927409,41
2010,0,3258,1565,1693,0,0,0,1.0,1,1.0,1,1.0,1,0.2106330463927409,41
2011,0,3258,1565,1693,0,0,0,1.0,1,1.0,1,1.0,1,0.2106330463927409,41
2012,0,3258,1565,1693,0,0,0,1.0,1,1.0,1,1.0,1,0.2106330463927409,41
2013,0,3258,1565,1693,0,0,0,1.0,1,1.0,1,1.0,1,0.23464762489500868,43
2014,0,3258,1565,1693,0,0,0,1.0,1,1.0,1,1.0,1,0.2498013905988094,43
2015,0,3258,1565,1693,0,0,0,1.0,1,1.0,1,1.0,1,0.2498013905988094,43
2016,2,3260,1566,1694,0,0,0,1.0,1,1.0,1,1.0,1,0.2463883491358733,44
2017,1,3261,1566,1695,0,0,0,1.0,1,1.0,1,1.0,1,0.2387699862311943,45
2018,1,3262,1566,1696,0,0,0,1.0,1,1.0,1,1.0,1,0.2323169538059388,46
2019,0,3262,1566,1696,0,0,0,1.0,1,1.0,1,1.0,1,0.2246069727715403,47
2020,4,3266,1569,1697,0,0,0,1.0,1,1.0,1,1.0,1,0.2553137677228761,47
2021,3,3269,1571,1698,0,0,0,1.0,1,1.0,1,1.0,1,0.23628986538416072,47
2022,1,3270,1571,1699,0,0,0,1.0,1,1.0,1,1.0,1,0.2242389218572896,48
2023,3,3273,1573,1700,0,0,0,1.0,1,1.0,1,1.0,1,0.24805891788512005,48
2024,4,3277,1577,1700,0,0,0,1.0,1,1.0,1,1.0,1,0.260621576163347,45
2025,5,3282,1580,1702,0,0,0,1.0,1,1.0,1,1.0,1,0.31886818687365304,42
2026,3,3285,1583,1702,0,0,0,1.0,1,1.0,1,1.0,1,0.32612835539852864,44
2027,1,3286,1584,1702,0,0,0,1.0,1,1.0,1,1.0,1,0.3425233142728854,40
2028,2,3288,1584,1704,0,0,0,1.0,1,1.0,1,1.0,1,0.3441021867890798,39
2029,2,3290,1585,1705,0,0,0,1.0,1,1.0,1,1.0,1,0.3554889901607552,37
2030,1,3291,1586,1705,0,0,0,1.0,1,1.0,1,1.0,1,0.3463947581579198,34
2031,4,3295,1588,1707,0,0,0,1.0,1,1.0,1,1.0,1,0.23796336723752112,35
2032,3,3298,1589,1709,0,0,0,1.0,1,1.0,1,1.0,1,0.2341961877614729,34
2033,3,3301,1592,1709,0,0,0,1.0,1,1.0,1,1.0,1,0.22094342207238546,36
2034,1,3302,1593,1709,0,0,0,1.0,1,1.0,1,1.0,1,0.26324092193017123,34
2035,2,3304,1594,1710,0,0,0,1.0,1,1.0,1,1.0,1,0.26116222435391584,35
2036,3,3307,1595,1712,0,0,0,1.0,1,1.0,1,1.0,1,0.21721180601772658,34
2037,1,3308,1595,1713,0,0,0,1.0,1,1.0,1,1.0,1,0.1972601773722165,35
2038,0,3308,1595,1713,0,0,0,1.0,1,1.0,1,1.0,1,0.1942551012191146,36
2039,0,3308,1595,1713,0,0,0,1.0,1,1.0,1,1.0,1,0.19066558848221488,38
2040,0,3308,1595,1713,0,0,0,1.0,1,1.0,1,1.0,1,0.19066558848221488,38
2041,0,3308,1595,1713,0,0,0,1.0,1,1.0,1,1.0,1,0.19153478313287495,39
2042,0,3308,1595,1713,0,0,0,1.0,1,1.0,1,1.0,1,0.19153478313287495,39
2043,1,3309,1595,1714,0,0,0,1.0,1,1.0,1,1.0,1,0.141706251702979,39
2044,0,3309,1595,1714,0,0,0,1.0,1,1.0,1,1.0,1,0.141706251702979,39
2045,0,3309,1595,1714,0,0,0,1.0,1,1.0,1,1.0,1,0.15446665079128943,41
2046,0,3309,1595,1714,0,0,0,1.0,1,1.0,1,1.0,1,0.17659372755990133,42
2047,0,3309,1595,1714,0,0,0,1.0,1,1.0,1,1.0,1,0.17659372755990133,42
2048,1,3310,1596,1714,0,0,0,1.0,1,1.0,1,1.0,1,0.21145912008164192,43
2049,2,3312,1597,1715,0,0,0,1.0,1,1.0,1,1.0,1,0.22709331061338806,44
2050,1,3313,1597,1716,0,0,0,1.0,1,1.0,1,1.0,1,0.20669832137444344,44
2051,4,3317,1598,1719,0,0,0,1.0,1,1.0,1,1.0,1,0.25741044803392155,45
2052,2,3319,1598,1721,0,0,0,1.0,1,1.0,1,1.0,1,0.22122706239367737,45
2053,0,3319,1598,1721,0,0,0,1.0,1,1.0,1,1.0,1,0.22122706239367737,45
2054,2,3321,1599,1722,0,0,0,1.0,1,1.0,1,1.0,1,0.21573023190377721,46
2055,0,3321,1599,1722,0,0,0,1.0,1,1.0,1,1.0,1,0.21573023190377721,46
2056,3,3324,1600,1724,0,0,0,1.0,1,1.0,1,1.0,1,0.19548765553054898,46
2057,4,3328,1604,1724,0,0,0,1.0,1,1.0,1,1.0,1,0.1863337298084118,47
2058,3,3331,1606,1725,0,0,0,1.0,1,1.0,1,1.0,1,0.22227789562045902,47
2059,3,3334,1608,1726,0,0,0,1.0,1,1.0,1,1.0,1,0.21768001809835424,48
2060,2,3336,1610,1726,0,0,0,1.0,1,1.0,1,1.0,1,0.23849419680689368,50
2061,4,3340,1611,1729,0,0,0,1.0,1,1.0,1,1.0,1,0.16324257807245257,51
2062,2,3342,1613,1729,0,0,0,1.0,1,1.0,1,1.0,1,0.2047564903063299,49
2063,4,3346,1615,1731,0,0,0,1.0,1,1.0,1,1.0,1,0.20699647295688467,48
2064,2,3348,1616,1732,0,0,0,1.0,1,1.0,1,1.0,1,0.26368594437058096,45
2065,2,3350,1616,1734,0,0,0,1.0,1,1.0,1,1.0,1,0.24300061210726004,44
2066,3,3353,1616,1737,0,0,0,1.0,1,1.0,1,1.0,1,0.14842931923725994,42
2067,1,3354,1617,1737,0,0,0,1.0,1,1.0,1,1.0,1,0.1976531823662357,41
2068,0,3354,1617,1737,0,0,0,1.0,1,1.0,1,1.0,1,0.19457696825934698,40
2069,0,3354,1617,1737,0,0,0,1.0,1,1.0,1,1.0,1,0.19069949697644753,40
2070,3,3357,1618,1739,0,0,0,1.0,1,1.0,1,1.0,1,0.19951552166623504,40
2071,3,3360,1619,1741,0,0,0,1.0,1,1.0,1,1.0,1,0.14454309306367208,40
2072,1,3361,1619,1742,0,0,0,1.0,1,1.0,1,1.0,1,0.14858230411320986,41
2073,1,3362,1620,1742,0,0,0,1.0,1,1.0,1,1.0,1,0.15914860387987378,41
2074,0,3362,1620,1742,0,0,0,1.0,1,1.0,1,1.0,1,0.15915627244771852,41
2075,1,3363,1621,1742,0,0,0,1.0,1,1.0,1,1.0,1,0.17099150006634956,41
2076,3,3366,1623,1743,0,0,0,1.0,1,1.0,1,1.0,1,0.17616792417628793,41
2077,0,3366,1623,1743,0,0,0,1.0,1,1.0,1,1.0,1,0.16749337531325775,40
2078,1,3367,1624,1743,0,0,0,1.0,1,1.0,1,1.0,1,0.19308643380733612,40
2079,1,3368,1624,1744,0,0,0,1.0,1,1.0,1,1.0,1,0.14017582513519003,39
2080,0,3368,1624,1744,0,0,0,1.0,1,1.0,1,1.0,1,0.16676795299750904,38
2081,0,3368,1624,1744,0,0,0,1.0,1,1.0,1,1.0,1,0.18537398231580057,40
2082,1,3369,1625,1744,0,0,0,1.0,1,1.0,1,1.0,1,0.2402054442450307,41
2083,2,3371,1627,1744,0,0,0,1.0,1,1.0,1,1.0,1,0.22110594133401335,40
2084,6,3377,1630,1747,0,0,0,1.0,1,1.0,1,1.0,1,0.250707578106551,42
2085,1,3378,1631,1747,0,0,0,1.0,1,1.0,1,1.0,1,0.2860799673329302,42
2086,2,3380,1632,1748,0,0,0,1.0,1,1.0,1,1.0,1,0.2376893652247687,43
2087,3,3383,1633,1750,0,0,0,1.0,1,1.0,1,1.0,1,0.20987941964873197,45
2088,1,3384,1634,1750,0,0,0,1.0,1,1.0,1,1.0,1,0.24648124069434352,46
2089,1,3385,1634,1751,0,0,0,1.0,1,1.0,1,1.0,1,0.2217281505893448,47
2090,2,3387,1635,1752,0,0,0,1.0,1,1.0,1,1.0,1,0.23807950989603854,49
2091,1,3388,1635,1753,0,0,0,1.0,1,1.0,1,1.0,1,0.21628972276216074,49
2092,0,3388,1635,1753,0,0,0,1.0,1,1.0,1,1.0,1,0.21628972276216074,49
2093,2,3390,1636,1754,0,0,0,1.0,1,1.0,1,1.0,1,0.21403909375518715,49
2094,1,3391,1636,1755,0,0,0,1.0,1,1.0,1,1.0,1,0.20442167572537903,49
2095,0,3391,1636,1755,0,0,0,1.0,1,1.0,1,1.0,1,0.18282124234493835,49
2096,0,3391,1636,1755,0,0,0,1.0,1,1.0,1,1.0,1,0.19155673997582226,51
2097,0,3391,1636,1755,0,0,0,1.0,1,1.0,1,1.0,1,0.19155673997582226,51
2098,1,3392,1636,1756,0,0,0,1.0,1,1.0,1,1.0,1,0.1727711629885293,52
2099,0,3392,1636,1756,0,0,0,1.0,1,1.0,1,1.0,1,0.20035921201037699,51
2100,1,3393,1637,1756,0,0,0,1.0,1,1.0,1,1.0,1,0.22116970976483039,51
2101,2,3395,1637,1758,0,0,0,1.0,1,1.0,1,1.0,1,0.23994679066546415,48
2102,2,3397,1638,1759,0,0,0,1.0,1,1.0,1,1.0,1,0.2529711950120751,49
2103,4,3401,1641,1760,0,0,0,1.0,1,1.0,1,1.0,1,0.27774134830013447,48
2104,1,3402,1642,1760,0,0,0,1.0,1,1.0,1,1.0,1,0.30193249272139044,43
2105,0,3402,1642,1760,0,0,0,1.0,1,1.0,1,1.0,1,0.32955522539085397,42
2106,4,3406,1643,1763,0,0,0,1.0,1,1.0,1,1.0,1,0.2937602652393226,40
2107,3,3409,1644,1765,0,0,0,1.0,1,1.0,1,1.0,1,0.291761098101207,39
2108,6,3415,1647,1768,0,0,0,1.0,1,1.0,1,1.0,1,0.294893601026693,38
2109,1,3416,1647,1769,0,0,0,1.0,1,1.0,1,1.0,1,0.2671387373710274,37
2110,2,3418,1649,1769,0,0,0,1.0,1,1.0,1,1.0,1,0.3304031013561385,38
2111,3,3421,1650,1771,0,0,0,1.0,1,1.0,1,1.0,1,0.35387973578868903,37
2112,2,3423,1651,1772,0,0,0,1.0,1,1.0,1,1.0,1,0.25310100961631504,36
2113,0,3423,1651,1772,0,0,0,1.0,1,1.0,1,1.0,1,0.25494065657556875,36
2114,0,3423,1651,1772,0,0,0,1.0,1,1.0,1,1.0,1,0.2391897658011619,36
2115,0,3423,1651,1772,0,0,0,1.0,1,1.0,1,1.0,1,0.2221444326130336,35
2116,1,3424,1652,1772,0,0,0,1.0,1,1.0,1,1.0,1,0.29745150318287283,37
2117,0,3424,1652,1772,0,0,0,1.0,1,1.0,1,1.0,1,0.2654749895374011,38
2118,0,3424,1652,1772,0,0,0,1.0,1,1.0,1,1.0,1,0.2772054307596242,40
2119,1,3425,1653,1772,0,0,0,1.0,1,1.0,1,1.0,1,0.2635203910524825,40
2120,2,3427,1654,1773,0,0,0,1.0,1,1.0,1,1.0,1,0.29342329833087655,41
2121,1,3428,1654,1774,0,0,0,1.0,1,1.0,1,1.0,1,0.2674059832368702,41
2122,0,3428,1654,1774,0,0,0,1.0,1,1.0,1,1.0,1,0.27636691052526624,42
2123,0,3428,1654,1774,0,0,0,1.0,1,1.0,1,1.0,1,0.2748013654932818,43
2124,0,3428,1654,1774,0,0,0,1.0,1,1.0,1,1.0,1,0.3044579358997342,41
2125,0,3428,1654,1774,0,0,0,1.0,1,1.0,1,1.0,1,0.3044579358997342,41
2126,2,3430,1654,1776,0,0,0,1.0,1,1.0,1,1.0,1,0.3062082570711903,40
2127,0,3430,1654,1776,0,0,0,1.0,1,1.0,1,1.0,1,0.3062082570711903,40
2128,0,3430,1654,1776,0,0,0,1.0,1,1.0,1,1.0,1,0.3233289863897127,41
2129,0,3430,1654,1776,0,0,0,1.0,1,1.0,1,1.0,1,0.32219166745504,42
2130,2,3432,1654,1778,0,0,0,1.0,1,1.0,1,1.0,1,0.3141210819294332,45
2131,0,3432,1654,1778,0,0,0,1.0,1,1.0,1,1.0,1,0.3141210819294332,45
2132,1,3433,1654,1779,0,0,0,1.0,1,1.0,1,1.0,1,0.301556959288629,46
2133,2,3435,1655,1780,0,0,0,1.0,1,1.0,1,1.0,1,0.3101888343275659,46
2134,1,3436,1655,1781,0,0,0,1.0,1,1.0,1,1.0,1,0.2962330060926819,47
2135,4,3440,1655,1785,0,0,0,1.0,1,1.0,1,1.0,1,0.20779225030187015,47
2136,3,3443,1655,1788,0,0,0,1.0,1,1.0,1,1.0,1,0.1746390675743736,47
2137,3,3446,1658,1788,0,0,0,1.0,1,1.0,1,1.0,1,0.17773234485916267,49
2138,2,3448,1659,1789,0,0,0,1.0,1,1.0,1,1.0,1,0.17079100096439995,49
2139,2,3450,1659,1791,0,0,0,1.0,1,1.0,1,1.0,1,0.1915273487654364,47
2140,3,3453,1660,1793,0,0,0,1.0,1,1.0,1,1.0,1,0.19900143311015298,48
2141,4,3457,1661,1796,0,0,0,1.0,1,1.0,1,1.0,1,0.1361374326162461,47
2142,0,3457,1661,1796,0,0,0,1.0,1,1.0,1,1.0,1,0.1361374326162461,47
2143,2,3459,1661,1798,0,0,0,1.0,1,1.0,1,1.0,1,0.10882184785064895,48
2144,2,3461,1662,1799,0,0,0,1.0,1,1.0,1,1.0,1,0.13791830948806613,48
2145,2,3463,1664,1799,0,0,0,1.0,1,1.0,1,1.0,1,0.1708076253902941,46
2146,2,3465,1666,1799,0,0,0,1.0,1,1.0,1,1.0,1,0.16910806490894878,47
2147,5,3470,1671,1799,0,0,0,1.0,1,1.0,1,1.0,1,0.2055752260493403,48
2148,3,3473,1672,1801,0,0,0,1.0,1,1.0,1,1.0,1,0.1960330675379746,46
2149,2,3475,1674,1801,0,0,0,1.0,1,1.0,1,1.0,1,0.15860669020617665,46
2150,1,3476,1674,1802,0,0,0,1.0,1,1.0,1,1.0,1,0.15500979132872766,46
2151,2,3478,1676,1802,0,0,0,1.0,1,1.0,1,1.0,1,0.17650808761418374,44
2152,1,3479,1677,1802,0,0,0,1.0,1,1.0,1,1.0,1,0.2399053707672599,45
2153,3,3482,1678,1804,0,0,0,1.0,1,1.0,1,1.0,1,0.23668636119833522,48
2154,1,3483,1678,1805,0,0,0,1.0,1,1.0,1,1.0,1,0.2554415399375221,47
2155,3,3486,1681,1805,0,0,0,1.0,1,1.0,1,1.0,1,0.31518922191881,48
2156,4,3490,1682,1808,0,0,0,1.0,1,1.0,1,1.0,1,0.31829851547360366,45
2157,1,3491,1682,1809,0,0,0,1.0,1,1.0,1,1.0,1,0.319831565514865,43
2158,0,3491,1682,1809,0,0,0,1.0,1,1.0,1,1.0,1,0.319831565514865,43
2159,3,3494,1683,1811,0,0,0,1.0,1,1.0,1,1.0,1,0.3061019528701312,43
2160,3,3497,1683,1814,0,0,0,1.0,1,1.0,1,1.0,1,0.22072360033878988,41
2161,1,3498,1683,1815,0,0,0,1.0,1,1.0,1,1.0,1,0.19058741952322555,41
2162,3,3501,1683,1818,0,0,0,1.0,1,1.0,1,1.0,1,0.13239391785558371,42
2163,3,3504,1684,1820,0,0,0,1.0,1,1.0,1,1.0,1,0.11715811696933176,43
2164,2,3506,1686,1820,0,0,0,1.0,1,1.0,1,1.0,1,0.19864872833051272,44
2165,1,3507,1686,1821,0,0,0,1.0,1,1.0,1,1.0,1,0.16829567291930245,44
2166,2,3509,1686,1823,0,0,0,1.0,1,1.0,1,1.0,1,0.14288210191987852,46
2167,2,3511,1687,1824,0,0,0,1.0,1,1.0,1,1.0,1,0.1632837791457497,46
2168,0,3511,1687,1824,0,0,0,1.0,1,1.0,1,1.0,1,0.15269394087651178,45
2169,3,3514,1688,1826,0,0,0,1.0,1,1.0,1,1.0,1,0.12387465149989359,49
2170,0,3514,1688,1826,0,0,0,1.0,1,1.0,1,1.0,1,0.12387465149989359,49
2171,0,3514,1688,1826,0,0,0,1.0,1,1.0,1,1.0,1,0.12830101307790745,51
2172,2,3516,1690,1826,0,0,0,1.0,1,1.0,1,1.0,1,0.11818943616056903,52
2173,0,3516,1690,1826,0,0,0,1.0,1,1.0,1,1.0,1,0.11818943616056903,52
2174,1,3517,1691,1826,0,0,0,1.0,1,1.0,1,1.0,1,0.14871402618147558,52
2175,1,3518,1691,1827,0,0,0,1.0,1,1.0,1,1.0,1,0.1299528963856548,53
2176,0,3518,1691,1827,0,0,0,1.0,1,1.0,1,1.0,1,0.13251393592375216,54
2177,3,3521,1692,1829,0,0,0,1.0,1,1.0,1,1.0,1,0.15071741869762145,55
2178,3,3524,1693,1831,0,0,0,1.0,1,1.0,1,1.0,1,0.1284835521203483,54
2179,3,3527,1696,1831,0,0,0,1.0,1,1.0,1,1.0,1,0.21016224662729577,52
2180,0,3527,1696,1831,0,0,0,1.0,1,1.0,1,1.0,1,0.2208567112735694,51
2181,3,3530,1697,1833,0,0,0,1.0,1,1.0,1,1.0,1,0.18739379516490418,49
2182,3,3533,1700,1833,0,0,0,1.0,1,1.0,1,1.0,1,0.2601583216705327,49
2183,3,3536,1703,1833,0,0,0,1.0,1,1.0,1,1.0,1,0.3256239223624216,46
2184,11,3547,1707,1840,0,0,0,1.0,1,1.0,1,1.0,1,0.23922707078370797,45
2185,3,3550,1709,1841,0,0,0,1.0,1,1.0,1,1.0,1,0.2731649925947484,44
2186,5,3555,1710,1845,0,0,0,1.0,1,1.0,1,1.0,1,0.2131078502530555,42
2187,5,3560,1712,1848,0,0,0,1.0,1,1.0,1,1.0,1,0.18699682740756932,40
2188,4,3564,1716,1848,0,0,0,1.0,1,1.0,1,1.0,1,0.189193784916362,38
2189,1,3565,1716,1849,0,0,0,1.0,1,1.0,1,1.0,1,0.19980270082003443,36
2190,2,3567,1717,1850,0,0,0,1.0,1,1.0,1,1.0,1,0.23104463674738546,34
2191,1,3568,1718,1850,0,0,0,1.0,1,1.0,1,1.0,1,0.21816800916447468,34
2192,3,3571,1720,1851,0,0,0,1.0,1,1.0,1,1.0,1,0.2272773356115812,33
2193,0,3571,1720,1851,0,0,0,1.0,1,1.0,1,1.0,1,0.22331459903050072,32
2194,3,3574,1722,1852,0,0,0,1.0,1,1.0,1,1.0,1,0.1964358260003025,32
2195,0,3574,1722,1852,0,0,0,1.0,1,1.0,1,1.0,1,0.20188265865275112,31
2196,2,3576,1723,1853,0,0,0,1.0,1,1.0,1,1.0,1,0.18924854695887033,32
2197,2,3578,1725,1853,0,0,0,1.0,1,1.0,1,1.0,1,0.2023805697694675,31
2198,0,3578,1725,1853,0,0,0,1.0,1,1.0,1,1.0,1,0.2023805697694675,31
2199,1,3579,1726,1853,0,0,0,1.0,1,1.0,1,1.0,1,0.20725058063252888,32
2200,2,3581,1726,1855,0,0,0,1.0,1,1.0,1,1.0,1,0.21165530256091963,35
2201,1,3582,1726,1856,0,0,0,1.0,1,1.0,1,1.0,1,0.16423043911524202,36
2202,2,3584,1728,1856,0,0,0,1.0,1,1.0,1,1.0,1,0.15665035172325625,36
2203,0,3584,1728,1856,0,0,0,1.0,1,1.0,1,1.0,1,0.16508674510336147,37
2204,1,3585,1729,1856,0,0,0,1.0,1,1.0,1,1.0,1,0.21857733465593096,36
2205,1,3586,1730,1856,0,0,0,1.0,1,1.0,1,1.0,1,0.19989813835296824,37
2206,0,3586,1730,1856,0,0,0,1.0,1,1.0,1,1.0,1,0.25882764607018444,35
2207,1,3587,1731,1856,0,0,0,1.0,1,1.0,1,1.0,1,0.29485130816172667,37
2208,0,3587,1731,1856,0,0,0,1.0,1,1.0,1,1.0,1,0.2770701264530943,36
2209,2,3589,1732,1857,0,0,0,1.0,1,1.0,1,1.0,1,0.26333994475016076,35
2210,2,3591,1732,1859,0,0,0,1.0,1,1.0,1,1.0,1,0.23070280760834533,38
2211,2,3593,1732,1861,0,0,0,1.0,1,1.0,1,1.0,1,0.20610772783736725,37
2212,1,3594,1732,1862,0,0,0,1.0,1,1.0,1,1.0,1,0.18528097664810705,38
2213,0,3594,1732,1862,0,0,0,1.0,1,1.0,1,1.0,1,0.18528097664810705,38
2214,2,3596,1733,1863,0,0,0,1.0,1,1.0,1,1.0,1,0.19361848863897166,39
2215,1,3597,1734,1863,0,0,0,1.0,1,1.0,1,1.0,1,0.20235514755857836,39
2216,3,3600,1736,1864,0,0,0,1.0,1,1.0,1,1.0,1,0.22751109842880846,39
2217,0,3600,1736,1864,0,0,0,1.0,1,1.0,1,1.0,1,0.18814354978686487,38
2218,1,3601,1737,1864,0,0,0,1.0,1,1.0,1,1.0,1,0.18739039077002,37
2219,2,3603,1739,1864,0,0,0,1.0,1,1.0,1,1.0,1,0.21961137325261743,36
2220,1,3604,1740,1864,0,0,0,1.0,1,1.0,1,1.0,1,0.26933655703946097,34
2221,3,3607,1740,1867,0,0,0,1.0,1,1.0,1,1.0,1,0.1613713034683244,35
2222,0,3607,1740,1867,0,0,0,1.0,1,1.0,1,1.0,1,0.19948318714947946,33
2223,2,3609,1742,1867,0,0,0,1.0,1,1.0,1,1.0,1,0.21535563573799557,34
2224,1,3610,1743,1867,0,0,0,1.0,1,1.0,1,1.0,1,0.22919357335402984,32
2225,4,3614,1746,1868,0,0,0,1.0,1,1.0,1,1.0,1,0.2784748569235007,33
2226,2,3616,1748,1868,0,0,0,1.0,1,1.0,1,1.0,1,0.30236658869791866,32
2227,0,3616,1748,1868,0,0,0,1.0,1,1.0,1,1.0,1,0.24852524234075954,31
2228,1,3617,1749,1868,0,0,0,1.0,1,1.0,1,1.0,1,0.24615507008882123,32
2229,1,3618,1750,1868,0,0,0,1.0,1,1.0,1,1.0,1,0.22540474867260135,32
2230,0,3618,1750,1868,0,0,0,1.0,1,1.0,1,1.0,1,0.22388194333133996,31
2231,0,3618,1750,1868,0,0,0,1.0,1,1.0,1,1.0,1,0.2241407744053507,32
2232,3,3621,1751,1870,0,0,0,1.0,1,1.0,1,1.0,1,0.23811916171076636,32
2233,0,3621,1751,1870,0,0,0,1.0,1,1.0,1,1.0,1,0.2504275844579774,31
2234,0,3621,1751,1870,0,0,0,1.0,1,1.0,1,1.0,1,0.2658458753975288,32
2235,2,3623,1752,1871,0,0,0,1.0,1,1.0,1,1.0,1,0.36189179719936754,31
2236,2,3625,1752,1873,0,0,0,1.0,1,1.0,1,1.0,1,0.2649650260339505,31
2237,0,3625,1752,1873,0,0,0,1.0,1,1.0,1,1.0,1,0.2649650260339505,31
2238,1,3626,1752,1874,0,0,0,1.0,1,1.0,1,1.0,1,0.2389957640481171,31
2239,0,3626,1752,1874,0,0,0,1.0,1,1.0,1,1.0,1,0.2389957640481171,31
2240,3,3629,1754,1875,0,0,0,1.0,1,1.0,1,1.0,1,0.25911284427730025,32
2241,2,3631,1755,1876,0,0,0,1.0,1,1.0,1,1.0,1,0.23948105384176513,32
2242,2,3633,1757,1876,0,0,0,1.0,1,1.0,1,1.0,1,0.23492329492746136,34
2243,1,3634,1758,1876,0,0,0,1.0,1,1.0,1,1.0,1,0.26353504311940446,34
2244,0,3634,1758,1876,0,0,0,1.0,1,1.0,1,1.0,1,0.26380202535241165,36
2245,0,3634,1758,1876,0,0,0,1.0,1,1.0,1,1.0,1,0.26380202535241165,36
2246,2,3636,1758,1878,0,0,0,1.0,1,1.0,1,1.0,1,0.23869404284146076,39
2247,0,3636,1758,1878,0,0,0,1.0,1,1.0,1,1.0,1,0.24956420856218306,40
2248,0,3636,1758,1878,0,0,0,1.0,1,1.0,1,1.0,1,0.24956420856218306,40
2249,0,3636,1758,1878,0,0,0,1.0,1,1.0,1,1.0,1,0.24455842241308673,41
2250,0,3636,1758,1878,0,0,0,1.0,1,1.0,1,1.0,1,0.24455842241308673,41
2251,2,3638,1758,1880,0,0,0,1.0,1,1.0,1,1.0,1,0.21174478013965747,42
2252,2,3640,1759,1881,0,0,0,1.0,1,1.0,1,1.0,1,0.21901718291943306,41
2253,1,3641,1759,1882,0,0,0,1.0,1,1.0,1,1.0,1,0.19978148760520253,40
2254,1,3642,1760,1882,0,0,0,1.0,1,1.0,1,1.0,1,0.2353517755971382,39
2255,0,3642,1760,1882,0,0,0,1.0,1,1.0,1,1.0,1,0.28986726776817084,39
2256,3,3645,1763,1882,0,0,0,1.0,1,1.0,1,1.0,1,0.3339764324280766,40
2257,4,3649,1765,1884,0,0,0,1.0,1,1.0,1,1.0,1,0.32961090558255485,40
2258,2,3651,1766,1885,0,0,0,1.0,1,1.0,1,1.0,1,0.29576662337352155,39
2259,4,3655,1768,1887,0,0,0,1.0,1,1.0,1,1.0,1,0.24327414578789675,41
2260,2,3657,1770,1887,0,0,0,1.0,1,1.0,1,1.0,1,0.23922014872949562,38
2261,1,3658,1771,1887,0,0,0,1.0,1,1.0,1,1.0,1,0.24815070425561275,38
2262,1,3659,1772,1887,0,0,0,1.0,1,1.0,1,1.0,1,0.3077393557387215,36
2263,3,3662,1774,1888,0,0,0,1.0,1,1.0,1,1.0,1,0.3318043102925651,35
2264,0,3662,1774,1888,0,0,0,1.0,1,1.0,1,1.0,1,0.3398574299884725,33
2265,0,3662,1774,1888,0,0,0,1.0,1,1.0,1,1.0,1,0.32264794852514767,33
2266,5,3667,1776,1891,0,0,0,1.0,1,1.0,1,1.0,1,0.2253039756685796,33
2267,5,3672,1780,1892,0,0,0,1.0,1,1.0,1,1.0,1,0.2256882663316892,33
2268,1,3673,1780,1893,0,0,0,1.0,1,1.0,1,1.0,1,0.2085612909862996,35
2269,3,3676,1782,1894,0,0,0,1.0,1,1.0,1,1.0,1,0.2143756275527156,36
2270,1,3677,1783,1894,0,0,0,1.0,1,1.0,1,1.0,1,0.25016192140628113,34
2271,7,3684,1788,1896,0,0,0,1.0,1,1.0,1,1.0,1,0.21229795892674952,34
2272,3,3687,1790,1897,0,0,0,1.0,1,1.0,1,1.0,1,0.16692081602389577,33
2273,1,3688,1791,1897,0,0,0,1.0,1,1.0,1,1.0,1,0.20392823399136148,32
2274,1,3689,1792,1897,0,0,0,1.0,1,1.0,1,1.0,1,0.21470097505544505,32
2275,2,3691,1792,1899,0,0,0,1.0,1,1.0,1,1.0,1,0.17403234384440186,32
2276,0,3691,1792,1899,0,0,0,1.0,1,1.0,1,1.0,1,0.20864596437199198,31
2277,1,3692,1793,1899,0,0,0,1.0,1,1.0,1,1.0,1,0.21215385069411657,30
2278,1,3693,1794,1899,0,0,0,1.0,1,1.0,1,1.0,1,0.22488538663097024,33
2279,0,3693,1794,1899,0,0,0,1.0,1,1.0,1,1.0,1,0.22488538663097024,33
2280,2,3695,1795,1900,0,0,0,1.0,1,1.0,1,1.0,1,0.19817251651562978,35
2281,0,3695,1795,1900,0,0,0,1.0,1,1.0,1,1.0,1,0.2134243862257971,36
2282,1,3696,1796,1900,0,0,0,1.0,1,1.0,1,1.0,1,0.23973838262111974,36
2283,0,3696,1796,1900,0,0,0,1.0,1,1.0,1,1.0,1,0.23973838262111974,36
2284,1,3697,1797,1900,0,0,0,1.0,1,1.0,1,1.0,1,0.2537975463786767,36
2285,2,3699,1797,1902,0,0,0,1.0,1,1.0,1,1.0,1,0.18877076021371256,37
2286,4,3703,1798,1905,0,0,0,1.0,1,1.0,1,1.0,1,0.17696690370259727,38
2287,0,3703,1798,1905,0,0,0,1.0,1,1.0,1,1.0,1,0.1631054389389183,38
2288,4,3707,1800,1907,0,0,0,1.0,1,1.0,1,1.0,1,0.21510370534580278,40
2289,1,3708,1800,1908,0,0,0,1.0,1,1.0,1,1.0,1,0.2108774842578717,40
2290,1,3709,1801,1908,0,0,0,1.0,1,1.0,1,1.0,1,0.22464417761431407,39
2291,2,3711,1802,1909,0,0,0,1.0,1,1.0,1,1.0,1,0.24321975717786268,37
2292,1,3712,1802,1910,0,0,0,1.0,1,1.0,1,1.0,1,0.2970508997500638,35
2293,2,3714,1804,1910,0,0,0,1.0,1,1.0,1,1.0,1,0.37229641914225076,35
2294,0,3714,1804,1910,0,0,0,1.0,1,1.0,1,1.0,1,0.3415221385883898,35
2295,0,3714,1804,1910,0,0,0,1.0,1,1.0,1,1.0,1,0.34805254786265877,36
2296,2,3716,1804,1912,0,0,0,1.0,1,1.0,1,1.0,1,0.3436237622452495,34
2297,0,3716,1804,1912,0,0,0,1.0,1,1.0,1,1.0,1,0.3551975414841031,35
2298,1,3717,1805,1912,0,0,0,1.0,1,1.0,1,1.0,1,0.32231416313530636,34
2299,1,3718,1806,1912,0,0,0,1.0,1,1.0,1,1.0,1,0.3014992855079408,35
2300,0,3718,1806,1912,0,0,0,1.0,1,1.0,1,1.0,1,0.3014992855079408,35
2301,2,3720,1806,1914,0,0,0,1.0,1,1.0,1,1.0,1,0.2760416851921899,35
2302,2,3722,1808,1914,0,0,0,1.0,1,1.0,1,1.0,1,0.3279146782958035,37
2303,1,3723,1809,1914,0,0,0,1.0,1,1.0,1,1.0,1,0.31180891445142644,35
2304,3,3726,1811,1915,0,0,0,1.0,1,1.0,1,1.0,1,0.3934597272968224,36
2305,1,3727,1811,1916,0,0,0,1.0,1,1.0,1,1.0,1,0.4217628436078008,34
2306,7,3734,1812,1922,0,0,0,1.0,1,1.0,1,1.0,1,0.2927501595593344,35
2307,2,3736,1812,1924,0,0,0,1.0,1,1.0,1,1.0,1,0.24644607311269548,35
2308,0,3736,1812,1924,0,0,0,1.0,1,1.0,1,1.0,1,0.24644607311269548,35
2309,0,3736,1812,1924,0,0,0,1.0,1,1.0,1,1.0,1,0.2632974796465839,34
2310,0,3736,1812,1924,0,0,0,1.0,1,1.0,1,1.0,1,0.2670195377708947,36
2311,1,3737,1812,1925,0,0,0,1.0,1,1.0,1,1.0,1,0.26221436937608594,38
2312,3,3740,1814,1926,0,0,0,1.0,1,1.0,1,1.0,1,0.2885473443235092,39
2313,3,3743,1816,1927,0,0,0,1.0,1,1.0,1,1.0,1,0.25439735263926483,39
2314,1,3744,1816,1928,0,0,0,1.0,1,1.0,1,1.0,1,0.2217914505005232,39
2315,4,3748,1818,1930,0,0,0,1.0,1,1.0,1,1.0,1,0.24277258288992493,40
2316,3,3751,1818,1933,0,0,0,1.0,1,1.0,1,1.0,1,0.15613532188221865,40
2317,1,3752,1819,1933,0,0,0,1.0,1,1.0,1,1.0,1,0.21475793725421663,41
2318,2,3754,1820,1934,0,0,0,1.0,1,1.0,1,1.0,1,0.20523045559284098,41
2319,1,3755,1820,1935,0,0,0,1.0,1,1.0,1,1.0,1,0.19449522631117144,41
2320,1,3756,1820,1936,0,0,0,1.0,1,1.0,1,1.0,1,0.1856556148427852,42
2321,0,3756,1820,1936,0,0,0,1.0,1,1.0,1,1.0,1,0.16546589460558858,43
2322,0,3756,1820,1936,0,0,0,1.0,1,1.0,1,1.0,1,0.16201175384177477,42
2323,1,3757,1821,1936,0,0,0,1.0,1,1.0,1,1.0,1,0.20976107766856744,43
2324,2,3759,1822,1937,0,0,0,1.0,1,1.0,1,1.0,1,0.21902535169184653,44
2325,0,3759,1822,1937,0,0,0,1.0,1,1.0,1,1.0,1,0.21902535169184653,44
2326,0,3759,1822,1937,0,0,0,1.0,1,1.0,1,1.0,1,0.20537325755238084,45
2327,0,3759,1822,1937,0,0,0,1.0,1,1.0,1,1.0,1,0.20537325755238084,45
2328,0,3759,1822,1937,0,0,0,1.0,1,1.0,1,1.0,1,0.2167826771280615,46
2329,0,3759,1822,1937,0,0,0,1.0,1,1.0,1,1.0,1,0.21318709005813483,45
2330,1,3760,1822,1938,0,0,0,1.0,1,1.0,1,1.0,1,0.20397636974343875,47
2331,1,3761,1823,1938,0,0,0,1.0,1,1.0,1,1.0,1,0.2210653384440002,48
2332,0,3761,1823,1938,0,0,0,1.0,1,1.0,1,1.0,1,0.2210653384440002,48
2333,2,3763,1824,1939,0,0,0,1.0,1,1.0,1,1.0,1,0.2460771710638477,49
2334,2,3765,1825,1940,0,0,0,1.0,1,1.0,1,1.0,1,0.29277370474597114,47
2335,4,3769,1826,1943,0,0,0,1.0,1,1.0,1,1.0,1,0.25127232669076194,46
2336,3,3772,1826,1946,0,0,0,1.0,1,1.0,1,1.0,1,0.23169421335553916,46
2337,0,3772,1826,1946,0,0,0,1.0,1,1.0,1,1.0,1,0.21896023268169454,45
2338,2,3774,1828,1946,0,0,0,1.0,1,1.0,1,1.0,1,0.19890429955796024,44
2339,3,3777,1829,1948,0,0,0,1.0,1,1.0,1,1.0,1,0.17028702610299679,45
2340,0,3777,1829,1948,0,0,0,1.0,1,1.0,1,1.0,1,0.1757717484165917,44
2341,0,3777,1829,1948,0,0,0,1.0,1,1.0,1,1.0,1,0.1803871897789073,45
2342,2,3779,1830,1949,0,0,0,1.0,1,1.0,1,1.0,1,0.16198010920142555,47
2343,1,3780,1831,1949,0,0,0,1.0,1,1.0,1,1.0,1,0.1513201336969292,46
2344,1,3781,1831,1950,0,0,0,1.0,1,1.0,1,1.0,1,0.18051675798504518,46
2345,0,3781,1831,1950,0,0,0,1.0,1,1.0,1,1.0,1,0.20232012537511043,45
2346,4,3785,1831,1954,0,0,0,1.0,1,1.0,1,1.0,1,0.12312557374476615,46
2347,0,3785,1831,1954,0,0,0,1.0,1,1.0,1,1.0,1,0.13513162422208533,47
2348,1,3786,1832,1954,0,0,0,1.0,1,1.0,1,1.0,1,0.16371411510128694,49
2349,1,3787,1833,1954,0,0,0,1.0,1,1.0,1,1.0,1,0.19605217958224022,49
2350,1,3788,1834,1954,0,0,0,1.0,1,1.0,1,1.0,1,0.2108329504125967,50
2351,4,3792,1835,1957,0,0,0,1.0,1,1.0,1,1.0,1,0.1702601076866793,50
2352,2,3794,1835,1959,0,0,0,1.0,1,1.0,1,1.0,1,0.1619999117480204,51
2353,0,3794,1835,1959,0,0,0,1.0,1,1.0,1,1.0,1,0.1619999117480204,51
2354,1,3795,1835,1960,0,0,0,1.0,1,1.0,1,1.0,1,0.18977869148610044,51
2355,2,3797,1836,1961,0,0,0,1.0,1,1.0,1,1.0,1,0.20289072855413348,50
2356,1,3798,1836,1962,0,0,0,1.0,1,1.0,1,1.0,1,0.18462043121983032,50
2357,0,3798,1836,1962,0,0,0,1.0,1,1.0,1,1.0,1,0.18170896281280982,49
2358,0,3798,1836,1962,0,0,0,1.0,1,1.0,1,1.0,1,0.1954501824635831,51
2359,0,3798,1836,1962,0,0,0,1.0,1,1.0,1,1.0,1,0.19492076294132027,51
2360,1,3799,1837,1962,0,0,0,1.0,1,1.0,1,1.0,1,0.224626356522497,51
2361,2,3801,1839,1962,0,0,0,1.0,1,1.0,1,1.0,1,0.23027047092813904,52
2362,1,3802,1839,1963,0,0,0,1.0,1,1.0,1,1.0,1,0.2212469788757041,53
2363,5,3807,1840,1967,0,0,0,1.0,1,1.0,1,1.0,1,0.18633677327641465,54
2364,1,3808,1840,1968,0,0,0,1.0,1,1.0,1,1.0,1,0.17757095287928706,55
2365,3,3811,1842,1969,0,0,0,1.0,1,1.0,1,1.0,1,0.20052159735518366,53
2366,3,3814,1843,1971,0,0,0,1.0,1,1.0,1,1.0,1,0.13899019134519114,53
2367,1,3815,1844,1971,0,0,0,1.0,1,1.0,1,1.0,1,0.18549829198645107,51
2368,2,3817,1846,1971,0,0,0,1.0,1,1.0,1,1.0,1,0.2095819783723374,50
2369,1,3818,1847,1971,0,0,0,1.0,1,1.0,1,1.0,1,0.2418181710449357,47
2370,0,3818,1847,1971,0,0,0,1.0,1,1.0,1,1.0,1,0.26108206535004225,48
2371,5,3823,1848,1975,0,0,0,1.0,1,1.0,1,1.0,1,0.21065732400504505,49
2372,1,3824,1848,1976,0,0,0,1.0,1,1.0,1,1.0,1,0.21723731935204335,48
2373,1,3825,1849,1976,0,0,0,1.0,1,1.0,1,1.0,1,0.23425028486492747,49
2374,1,3826,1849,1977,0,0,0,1.0,1,1.0,1,1.0,1,0.22176461401475453,50
2375,2,3828,1851,1977,0,0,0,1.0,1,1.0,1,1.0,1,0.23939642047053034,50
2376,0,3828,1851,1977,0,0,0,1.0,1,1.0,1,1.0,1,0.24795411551553043,50
2377,0,3828,1851,1977,0,0,0,1.0,1,1.0,1,1.0,1,0.24890874471562874,49
2378,0,3828,1851,1977,0,0,0,1.0,1,1.0,1,1.0,1,0.24890874471562874,49
2379,2,3830,1852,1978,0,0,0,1.0,1,1.0,1,1.0,1,0.2664373876952919,50
2380,1,3831,1853,1978,0,0,0,1.0,1,1.0,1,1.0,1,0.2783328960386596,50
2381,3,3834,1854,1980,0,0,0,1.0,1,1.0,1,1.0,1,0.25864583058766927,51
2382,1,3835,1855,1980,0,0,0,1.0,1,1.0,1,1.0,1,0.2701270863194117,51
2383,3,3838,1856,1982,0,0,0,1.0,1,1.0,1,1.0,1,0.26689138195207796,52
2384,0,3838,1856,1982,0,0,0,1.0,1,1.0,1,1.0,1,0.24303927446373436,52
2385,1,3839,1857,1982,0,0,0,1.0,1,1.0,1,1.0,1,0.26366520658172116,51
2386,7,3846,1860,1986,0,0,0,1.0,1,1.0,1,1.0,1,0.2735161618104432,52
2387,1,3847,1861,1986,0,0,0,1.0,1,1.0,1,1.0,1,0.290711013760877,49
2388,1,3848,1862,1986,0,0,0,1.0,1,1.0,1,1.0,1,0.28891152402412895,48
2389,3,3851,1864,1987,0,0,0,1.0,1,1.0,1,1.0,1,0.2890292984308933,48
2390,2,3853,1865,1988,0,0,0,1.0,1,1.0,1,1.0,1,0.27467449525995474,49
2391,4,3857,1866,1991,0,0,0,1.0,1,1.0,1,1.0,1,0.21812708041236922,48
2392,1,3858,1867,1991,0,0,0,1.0,1,1.0,1,1.0,1,0.22153784652260736,49
2393,5,3863,1868,1995,0,0,0,1.0,1,1.0,1,1.0,1,0.19451060086860555,50
2394,3,3866,1870,1996,0,0,0,1.0,1,1.0,1,1.0,1,0.24625215197352707,50
2395,2,3868,1872,1996,0,0,0,1.0,1,1.0,1,1.0,1,0.2374202916884603,49
2396,3,3871,1872,1999,0,0,0,1.0,1,1.0,1,1.0,1,0.20386454394689574,50
2397,3,3874,1874,2000,0,0,0,1.0,1,1.0,1,1.0,1,0.2260167138175768,51
2398,0,3874,1874,2000,0,0,0,1.0,1,1.0,1,1.0,1,0.22039636877367635,49
2399,2,3876,1874,2002,0,0,0,1.0,1,1.0,1,1.0,1,0.19174951936685505,50
2400,0,3876,1874,2002,0,0,0,1.0,1,1.0,1,1.0,1,0.2041613400743604,51
2401,2,3878,1875,2003,0,0,0,1.0,1,1.0,1,1.0,1,0.21155980313445533,50
2402,0,3878,1875,2003,0,0,0,1.0,1,1.0,1,1.0,1,0.21177476157505498,51
2403,1,3879,1875,2004,0,0,0,1.0,1,1.0,1,1.0,1,0.19867207194877087,52
2404,1,3880,1875,2005,0,0,0,1.0,1,1.0,1,1.0,1,0.19209101326447578,53
2405,1,3881,1875,2006,0,0,0,1.0,1,1.0,1,1.0,1,0.18830949383459591,52
2406,1,3882,1876,2006,0,0,0,1.0,1,1.0,1,1.0,1,0.200666775959025,52
2407,0,3882,1876,2006,0,0,0,1.0,1,1.0,1,1.0,1,0.22543268902296731,51
2408,1,3883,1877,2006,0,0,0,1.0,1,1.0,1,1.0,1,0.23913864646676258,50
2409,1,3884,1877,2007,0,0,0,1.0,1,1.0,1,1.0,1,0.23489448543165362,50
2410,1,3885,1878,2007,0,0,0,1.0,1,1.0,1,1.0,1,0.2797432629520062,49
2411,1,3886,1878,2008,0,0,0,1.0,1,1.0,1,1.0,1,0.28421666449569716,48
2412,0,3886,1878,2008,0,0,0,1.0,1,1.0,1,1.0,1,0.3118712665605884,47
2413,1,3887,1878,2009,0,0,0,1.0,1,1.0,1,1.0,1,0.2801949545223174,47
2414,3,3890,1879,2011,0,0,0,1.0,1,1.0,1,1.0,1,0.294584461367799,47
2415,1,3891,1879,2012,0,0,0,1.0,1,1.0,1,1.0,1,0.2890737056271751,46
2416,0,3891,1879,2012,0,0,0,1.0,1,1.0,1,1.0,1,0.27315876321911464,47
2417,2,3893,1880,2013,0,0,0,1.0,1,1.0,1,1.0,1,0.2636592703261723,46
2418,3,3896,1882,2014,0,0,0,1.0,1,1.0,1,1.0,1,0.28306733492450364,48
2419,1,3897,1883,2014,0,0,0,1.0,1,1.0,1,1.0,1,0.28456275803645836,47
2420,3,3900,1885,2015,0,0,0,1.0,1,1.0,1,1.0,1,0.2518312049844089,49
2421,3,3903,1886,2017,0,0,0,1.0,1,1.0,1,1.0,1,0.2329728794478647,50
2422,3,3906,1888,2018,0,0,0,1.0,1,1.0,1,1.0,1,0.20564546001488743,50
2423,2,3908,1889,2019,0,0,0,1.0,1,1.0,1,1.0,1,0.18324706772848828,51
2424,2,3910,1891,2019,0,0,0,1.0,1,1.0,1,1.0,1,0.17800097578020546,50
2425,0,3910,1891,2019,0,0,0,1.0,1,1.0,1,1.0,1,0.18889292307034483,48
2426,5,3915,1895,2020,0,0,0,1.0,1,1.0,1,1.0,1,0.19455908277019862,51
2427,2,3917,1897,2020,0,0,0,1.0,1,1.0,1,1.0,1,0.23004449803483368,50
2428,2,3919,1898,2021,0,0,0,1.0,1,1.0,1,1.0,1,0.18774920646972826,49
2429,2,3921,1900,2021,0,0,0,1.0,1,1.0,1,1.0,1,0.2537586005398501,49
2430,0,3921,1900,2021,0,0,0,1.0,1,1.0,1,1.0,1,0.25828630777615774,46
2431,2,3923,1900,2023,0,0,0,1.0,1,1.0,1,1.0,1,0.2405769416648585,45
2432,2,3925,1901,2024,0,0,0,1.0,1,1.0,1,1.0,1,0.30458317134048973,44
2433,2,3927,1901,2026,0,0,0,1.0,1,1.0,1,1.0,1,0.23798079307482567,45
2434,1,3928,1902,2026,0,0,0,1.0,1,1.0,1,1.0,1,0.2576880867766465,44
2435,2,3930,1902,2028,0,0,0,1.0,1,1.0,1,1.0,1,0.18565384531769102,44
2436,1,3931,1902,2029,0,0,0,1.0,1,1.0,1,1.0,1,0.17477324931396904,44
2437,2,3933,1903,2030,0,0,0,1.0,1,1.0,1,1.0,1,0.19434476966173034,45
2438,1,3934,1904,2030,0,0,0,1.0,1,1.0,1,1.0,1,0.22705173034669046,45
2439,1,3935,1905,2030,0,0,0,1.0,1,1.0,1,1.0,1,0.2050754561576068,46
2440,0,3935,1905,2030,0,0,0,1.0,1,1.0,1,1.0,1,0.22074611421135557,45
2441,1,3936,1905,2031,0,0,0,1.0,1,1.0,1,1.0,1,0.2013049653531375,45
2442,0,3936,1905,2031,0,0,0,1.0,1,1.0,1,1.0,1,0.19574005306294828,46
2443,0,3936,1905,2031,0,0,0,1.0,1,1.0,1,1.0,1,0.2292584661478481,45
2444,5,3941,1909,2032,0,0,0,1.0,1,1.0,1,1.0,1,0.3133458557695105,46
2445,4,3945,1909,2036,0,0,0,1.0,1,1.0,1,1.0,1,0.3030171124425975,44
2446,6,3951,1912,2039,0,0,0,1.0,1,1.0,1,1.0,1,0.2635276487111604,44
2447,2,3953,1913,2040,0,0,0,1.0,1,1.0,1,1.0,1,0.23576751627862824,42
2448,3,3956,1916,2040,0,0,0,1.0,1,1.0,1,1.0,1,0.2418156286594743,41
2449,2,3958,1918,2040,0,0,0,1.0,1,1.0,1,1.0,1,0.2794505444175667,40
2450,3,3961,1921,2040,0,0,0,1.0,1,1.0,1,1.0,1,0.26278538440064786,42
2451,3,3964,1921,2043,0,0,0,1.0,1,1.0,1,1.0,1,0.19633602253050342,43
2452,0,3964,1921,2043,0,0,0,1.0,1,1.0,1,1.0,1,0.19633602253050342,43
2453,0,3964,1921,2043,0,0,0,1.0,1,1.0,1,1.0,1,0.21066306090621126,45
2454,2,3966,1923,2043,0,0,0,1.0,1,1.0,1,1.0,1,0.25363370752396547,47
2455,1,3967,1923,2044,0,0,0,1.0,1,1.0,1,1.0,1,0.2362911534387907,48
2456,3,3970,1923,2047,0,0,0,1.0,1,1.0,1,1.0,1,0.20561433164056067,49
2457,3,3973,1925,2048,0,0,0,1.0,1,1.0,1,1.0,1,0.26460821225993414,48
2458,3,3976,1926,2050,0,0,0,1.0,1,1.0,1,1.0,1,0.264990390477152,49
2459,1,3977,1926,2051,0,0,0,1.0,1,1.0,1,1.0,1,0.2389932723425676,49
2460,5,3982,1928,2054,0,0,0,1.0,1,1.0,1,1.0,1,0.2505717438077054,50
2461,0,3982,1928,2054,0,0,0,1.0,1,1.0,1,1.0,1,0.2505717438077054,50
2462,4,3986,1930,2056,0,0,0,1.0,1,1.0,1,1.0,1,0.2940486951003386,51
2463,3,3989,1931,2058,0,0,0,1.0,1,1.0,1,1.0,1,0.2705413092646674,51
2464,2,3991,1933,2058,0,0,0,1.0,1,1.0,1,1.0,1,0.26867371733990436,50
2465,0,3991,1933,2058,0,0,0,1.0,1,1.0,1,1.0,1,0.27296826301727334,49
2466,3,3994,1934,2060,0,0,0,1.0,1,1.0,1,1.0,1,0.23054371419088882,49
2467,2,3996,1934,2062,0,0,0,1.0,1,1.0,1,1.0,1,0.22225559551612775,48
2468,2,3998,1936,2062,0,0,0,1.0,1,1.0,1,1.0,1,0.21973194585953193,47
2469,1,3999,1937,2062,0,0,0,1.0,1,1.0,1,1.0,1,0.19896097947370334,46
2470,1,4000,1938,2062,0,0,0,1.0,1,1.0,1,1.0,1,0.21311136542340703,44
2471,5,4005,1939,2066,0,0,0,1.0,1,1.0,1,1.0,1,0.17233090380252242,44
2472,0,4005,1939,2066,0,0,0,1.0,1,1.0,1,1.0,1,0.20416094038156757,44
2473,1,4006,1940,2066,0,0,0,1.0,1,1.0,1,1.0,1,0.2168350583549406,43
2474,3,4009,1942,2067,0,0,0,1.0,1,1.0,1,1.0,1,0.24442238224776902,44
2475,2,4011,1943,2068,0,0,0,1.0,1,1.0,1,1.0,1,0.22652815608943502,46
2476,4,4015,1944,2071,0,0,0,1.0,1,1.0,1,1.0,1,0.16361485694312078,46
2477,1,4016,1944,2072,0,0,0,1.0,1,1.0,1,1.0,1,0.15506897696447755,46
2478,0,4016,1944,2072,0,0,0,1.0,1,1.0,1,1.0,1,0.15506897696447755,46
2479,1,4017,1945,2072,0,0,0,1.0,1,1.0,1,1.0,1,0.15576701044814123,46
2480,1,4018,1946,2072,0,0,0,1.0,1,1.0,1,1.0,1,0.18318949142974555,47
2481,2,4020,1947,2073,0,0,0,1.0,1,1.0,1,1.0,1,0.16278564530448966,47
2482,1,4021,1947,2074,0,0,0,1.0,1,1.0,1,1.0,1,0.16263250717408248,45
2483,0,4021,1947,2074,0,0,0,1.0,1,1.0,1,1.0,1,0.17190018242273633,45
2484,2,4023,1948,2075,0,0,0,1.0,1,1.0,1,1.0,1,0.18519438182383377,46
2485,1,4024,1949,2075,0,0,0,1.0,1,1.0,1,1.0,1,0.18938874472517903,44
2486,1,4025,1949,2076,0,0,0,1.0,1,1.0,1,1.0,1,0.1550773513157726,43
2487,1,4026,1950,2076,0,0,0,1.0,1,1.0,1,1.0,1,0.17400009906123498,44
2488,2,4028,1951,2077,0,0,0,1.0,1,1.0,1,1.0,1,0.17681535915775548,45
2489,0,4028,1951,2077,0,0,0,1.0,1,1.0,1,1.0,1,0.19565958800992303,44
2490,2,4030,1953,2077,0,0,0,1.0,1,1.0,1,1.0,1,0.22353006322825672,44
2491,1,4031,1953,2078,0,0,0,1.0,1,1.0,1,1.0,1,0.23228869465301163,44
2492,3,4034,1956,2078,0,0,0,1.0,1,1.0,1,1.0,1,0.25121899077200205,44
2493,0,4034,1956,2078,0,0,0,1.0,1,1.0,1,1.0,1,0.2817213184530899,42
2494,0,4034,1956,2078,0,0,0,1.0,1,1.0,1,1.0,1,0.2817213184530899,42
2495,1,4035,1956,2079,0,0,0,1.0,1,1.0,1,1.0,1,0.2486472649015404,42
2496,1,4036,1957,2079,0,0,0,1.0,1,1.0,1,1.0,1,0.2682069367429833,42
2497,2,4038,1958,2080,0,0,0,1.0,1,1.0,1,1.0,1,0.2774811063618916,44
2498,0,4038,1958,2080,0,0,0,1.0,1,1.0,1,1.0,1,0.3059455418231955,43
2499,1,4039,1959,2080,0,0,0,1.0,1,1.0,1,1.0,1,0.293443894135732,43
2500,2,4041,1960,2081,0,0,0,1.0,1,1.0,1,1.0,1,0.27787196729519564,44
2501,5,4046,1960,2086,0,0,0,1.0,1,1.0,1,1.0,1,0.19029384105458655,46
2502,2,4048,1962,2086,0,0,0,1.0,1,1.0,1,1.0,1,0.18071868196980223,47
2503,1,4049,1963,2086,0,0,0,1.0,1,1.0,1,1.0,1,0.2058727746691816,47
2504,2,4051,1965,2086,0,0,0,1.0,1,1.0,1,1.0,1,0.2270189098806953,46
2505,6,4057,1970,2087,0,0,0,1.0,1,1.0,1,1.0,1,0.2333154269385688,46
2506,3,4060,1973,2087,0,0,0,1.0,1,1.0,1,1.0,1,0.2663294563989063,45
2507,3,4063,1974,2089,0,0,0,1.0,1,1.0,1,1.0,1,0.24338049094024727,45
2508,2,4065,1975,2090,0,0,0,1.0,1,1.0,1,1.0,1,0.24464554398882077,46
2509,0,4065,1975,2090,0,0,0,1.0,1,1.0,1,1.0,1,0.24092185380683995,45
2510,3,4068,1976,2092,0,0,0,1.0,1,1.0,1,1.0,1,0.22212912662840714,46
2511,0,4068,1976,2092,0,0,0,1.0,1,1.0,1,1.0,1,0.20075389007717187,47
2512,1,4069,1977,2092,0,0,0,1.0,1,1.0,1,1.0,1,0.22706217876015267,47
2513,2,4071,1978,2093,0,0,0,1.0,1,1.0,1,1.0,1,0.2058179585921932,48
2514,1,4072,1979,2093,0,0,0,1.0,1,1.0,1,1.0,1,0.23778479590207066,48
2515,0,4072,1979,2093,0,0,0,1.0,1,1.0,1,1.0,1,0.24845282456145173,49
2516,3,4075,1980,2095,0,0,0,1.0,1,1.0,1,1.0,1,0.19861751178680656,49
2517,3,4078,1980,2098,0,0,0,1.0,1,1.0,1,1.0,1,0.18369708186337397,49
2518,2,4080,1982,2098,0,0,0,1.0,1,1.0,1,1.0,1,0.20421856110006867,48
2519,1,4081,1983,2098,0,0,0,1.0,1,1.0,1,1.0,1,0.21866040207068818,48
2520,1,4082,1984,2098,0,0,0,1.0,1,1.0,1,1.0,1,0.24912159645665666,46
2521,5,4087,1985,2102,0,0,0,1.0,1,1.0,1,1.0,1,0.19758927230236653,47
2522,1,4088,1986,2102,0,0,0,1.0,1,1.0,1,1.0,1,0.26207069283674145,45
2523,0,4088,1986,2102,0,0,0,1.0,1,1.0,1,1.0,1,0.2729851674163806,44
2524,0,4088,1986,2102,0,0,0,1.0,1,1.0,1,1.0,1,0.2953645483846062,42
2525,2,4090,1987,2103,0,0,0,1.0,1,1.0,1,1.0,1,0.33098034718712965,42
2526,1,4091,1987,2104,0,0,0,1.0,1,1.0,1,1.0,1,0.31557719247669574,41
2527,1,4092,1987,2105,0,0,0,1.0,1,1.0,1,1.0,1,0.2982262222556492,41
2528,0,4092,1987,2105,0,0,0,1.0,1,1.0,1,1.0,1,0.32438906570272186,41
2529,1,4093,1988,2105,0,0,0,1.0,1,1.0,1,1.0,1,0.3288897024313434,42
2530,1,4094,1988,2106,0,0,0,1.0,1,1.0,1,1.0,1,0.30933270474456487,41
2531,0,4094,1988,2106,0,0,0,1.0,1,1.0,1,1.0,1,0.30933270474456487,41
2532,2,4096,1988,2108,0,0,0,1.0,1,1.0,1,1.0,1,0.304085708316466,43
2533,0,4096,1988,2108,0,0,0,1.0,1,1.0,1,1.0,1,0.304085708316466,43
2534,0,4096,1988,2108,0,0,0,1.0,1,1.0,1,1.0,1,0.304085708316466,43
2535,1,4097,1989,2108,0,0,0,1.0,1,1.0,1,1.0,1,0.33888895480496617,44
2536,0,4097,1989,2108,0,0,0,1.0,1,1.0,1,1.0,1,0.33888895480496617,44
2537,0,4097,1989,2108,0,0,0,1.0,1,1.0,1,1.0,1,0.3478683423067909,45
2538,2,4099,1989,2110,0,0,0,1.0,1,1.0,1,1.0,1,0.32562866355918396,48
2539,0,4099,1989,2110,0,0,0,1.0,1,1.0,1,1.0,1,0.32562866355918396,48
2540,1,4100,1989,2111,0,0,0,1.0,1,1.0,1,1.0,1,0.32256013096357444,50
2541,2,4102,1990,2112,0,0,0,1.0,1,1.0,1,1.0,1,0.29113865729734467,52
2542,9,4111,1994,2117,0,0,0,1.0,1,1.0,1,1.0,1,0.3097784169446939,52
2543,5,4116,1997,2119,0,0,0,1.0,1,1.0,1,1.0,1,0.3031346738749196,51
2544,5,4121,2001,2120,0,0,0,1.0,1,1.0,1,1.0,1,0.3251272985797691,51
2545,0,4121,2001,2120,0,0,0,1.0,1,1.0,1,1.0,1,0.31071192089108907,50
2546,5,4126,2003,2123,0,0,0,1.0,1,1.0,1,1.0,1,0.2849613266491809,50
2547,1,4127,2003,2124,0,0,0,1.0,1,1.0,1,1.0,1,0.2697776306942026,47
2548,0,4127,2003,2124,0,0,0,1.0,1,1.0,1,1.0,1,0.25286960444309525,46
2549,4,4131,2005,2126,0,0,0,1.0,1,1.0,1,1.0,1,0.29522528609114984,46
2550,2,4133,2007,2126,0,0,0,1.0,1,1.0,1,1.0,1,0.3116553940919617,44
2551,2,4135,2008,2127,0,0,0,1.0,1,1.0,1,1.0,1,0.25893972077218036,43
2552,0,4135,2008,2127,0,0,0,1.0,1,1.0,1,1.0,1,0.3001765477885294,43
2553,0,4135,2008,2127,0,0,0,1.0,1,1.0,1,1.0,1,0.29414395126518156,44
2554,2,4137,2010,2127,0,0,0,1.0,1,1.0,1,1.0,1,0.33221342072718085,45
2555,2,4139,2011,2128,0,0,0,1.0,1,1.0,1,1.0,1,0.3541336243561378,44
2556,4,4143,2011,2132,0,0,0,1.0,1,1.0,1,1.0,1,0.278557621279068,44
2557,3,4146,2012,2134,0,0,0,1.0,1,1.0,1,1.0,1,0.2725811206521494,41
2558,0,4146,2012,2134,0,0,0,1.0,1,1.0,1,1.0,1,0.26794171214952933,40
2559,1,4147,2012,2135,0,0,0,1.0,1,1.0,1,1.0,1,0.2514251196931232,41
2560,0,4147,2012,2135,0,0,0,1.0,1,1.0,1,1.0,1,0.2514251196931232,41
2561,2,4149,2012,2137,0,0,0,1.0,1,1.0,1,1.0,1,0.24541898845015625,43
2562,1,4150,2013,2137,0,0,0,1.0,1,1.0,1,1.0,1,0.27128664776012174,44
2563,1,4151,2013,2138,0,0,0,1.0,1,1.0,1,1.0,1,0.26020649455896006,44
2564,1,4152,2014,2138,0,0,0,1.0,1,1.0,1,1.0,1,0.27174990021465645,44
2565,2,4154,2016,2138,0,0,0,1.0,1,1.0,1,1.0,1,0.27771781351131825,45
2566,2,4156,2016,2140,0,0,0,1.0,1,1.0,1,1.0,1,0.26320661749368207,46
2567,2,4158,2017,2141,0,0,0,1.0,1,1.0,1,1.0,1,0.26313449884439516,48
2568,3,4161,2019,2142,0,0,0,1.0,1,1.0,1,1.0,1,0.27201635518036915,48
2569,0,4161,2019,2142,0,0,0,1.0,1,1.0,1,1.0,1,0.2875023531129104,49
2570,1,4162,2019,2143,0,0,0,1.0,1,1.0,1,1.0,1,0.27695832135259624,48
2571,0,4162,2019,2143,0,0,0,1.0,1,1.0,1,1.0,1,0.27695832135259624,48
2572,0,4162,2019,2143,0,0,0,1.0,1,1.0,1,1.0,1,0.260061049251018,49
2573,4,4166,2019,2147,0,0,0,1.0,1,1.0,1,1.0,1,0.2142164928763603,50
2574,0,4166,2019,2147,0,0,0,1.0,1,1.0,1,1.0,1,0.23055411543717405,49
2575,0,4166,2019,2147,0,0,0,1.0,1,1.0,1,1.0,1,0.23683161590368984,48
2576,0,4166,2019,2147,0,0,0,1.0,1,1.0,1,1.0,1,0.23683161590368984,48
2577,1,4167,2019,2148,0,0,0,1.0,1,1.0,1,1.0,1,0.2509432816594434,50
2578,0,4167,2019,2148,0,0,0,1.0,1,1.0,1,1.0,1,0.2509432816594434,50
2579,1,4168,2020,2148,0,0,0,1.0,1,1.0,1,1.0,1,0.2483912058362058,51
2580,0,4168,2020,2148,0,0,0,1.0,1,1.0,1,1.0,1,0.2590907955203087,52
2581,3,4171,2021,2150,0,0,0,1.0,1,1.0,1,1.0,1,0.26448058714431555,51
2582,2,4173,2022,2151,0,0,0,1.0,1,1.0,1,1.0,1,0.2632294003094103,51
2583,2,4175,2024,2151,0,0,0,1.0,1,1.0,1,1.0,1,0.27402699154153687,51
2584,7,4182,2027,2155,0,0,0,1.0,1,1.0,1,1.0,1,0.2536481888182409,51
2585,1,4183,2027,2156,0,0,0,1.0,1,1.0,1,1.0,1,0.20912795292638942,50
2586,5,4188,2030,2158,0,0,0,1.0,1,1.0,1,1.0,1,0.20333630408046557,50
2587,1,4189,2031,2158,0,0,0,1.0,1,1.0,1,1.0,1,0.169242665975047,48
2588,2,4191,2033,2158,0,0,0,1.0,1,1.0,1,1.0,1,0.22309906445953384,50
2589,1,4192,2033,2159,0,0,0,1.0,1,1.0,1,1.0,1,0.18402434152682096,48
2590,0,4192,2033,2159,0,0,0,1.0,1,1.0,1,1.0,1,0.19789157230134202,47
2591,4,4196,2034,2162,0,0,0,1.0,1,1.0,1,1.0,1,0.17318971295125374,47
2592,2,4198,2035,2163,0,0,0,1.0,1,1.0,1,1.0,1,0.1823248414492618,47
2593,2,4200,2036,2164,0,0,0,1.0,1,1.0,1,1.0,1,0.20566022237091605,47
2594,5,4205,2039,2166,0,0,0,1.0,1,1.0,1,1.0,1,0.16741016245529386,49
2595,1,4206,2040,2166,0,0,0,1.0,1,1.0,1,1.0,1,0.15198083867560877,48
2596,2,4208,2042,2166,0,0,0,1.0,1,1.0,1,1.0,1,0.14786638312702327,47
2597,2,4210,2044,2166,0,0,0,1.0,1,1.0,1,1.0,1,0.1688769473016488,48
2598,4,4214,2047,2167,0,0,0,1.0,1,1.0,1,1.0,1,0.18236247942088615,48
2599,2,4216,2048,2168,0,0,0,1.0,1,1.0,1,1.0,1,0.16596819678547917,49
2600,1,4217,2049,2168,0,0,0,1.0,1,1.0,1,1.0,1,0.18107543681963667,52
2601,4,4221,2049,2172,0,0,0,1.0,1,1.0,1,1.0,1,0.15186407771349053,51
2602,0,4221,2049,2172,0,0,0,1.0,1,1.0,1,1.0,1,0.14324462966179147,52
2603,0,4221,2049,2172,0,0,0,1.0,1,1.0,1,1.0,1,0.15801267331811433,53
2604,0,4221,2049,2172,0,0,0,1.0,1,1.0,1,1.0,1,0.15801267331811433,53
2605,0,4221,2049,2172,0,0,0,1.0,1,1.0,1,1.0,1,0.18515010581836808,52
2606,2,4223,2049,2174,0,0,0,1.0,1,1.0,1,1.0,1,0.15398603609892003,52
2607,0,4223,2049,2174,0,0,0,1.0,1,1.0,1,1.0,1,0.1658180038934344,52
2608,0,4223,2049,2174,0,0,0,1.0,1,1.0,1,1.0,1,0.1658180038934344,52
2609,0,4223,2049,2174,0,0,0,1.0,1,1.0,1,1.0,1,0.1625624101820793,53
2610,0,4223,2049,2174,0,0,0,1.0,1,1.0,1,1.0,1,0.17274519194025664,54
2611,3,4226,2050,2176,0,0,0,1.0,1,1.0,1,1.0,1,0.12299954582580706,54
2612,2,4228,2052,2176,0,0,0,1.0,1,1.0,1,1.0,1,0.11410160358728509,56
2613,3,4231,2055,2176,0,0,0,1.0,1,1.0,1,1.0,1,0.13615000295999588,56
2614,2,4233,2056,2177,0,0,0,1.0,1,1.0,1,1.0,1,0.13852920748399505,56
2615,1,4234,2057,2177,0,0,0,1.0,1,1.0,1,1.0,1,0.14592438672097433,57
2616,0,4234,2057,2177,0,0,0,1.0,1,1.0,1,1.0,1,0.14592438672097433,57
2617,1,4235,2058,2177,0,0,0,1.0,1,1.0,1,1.0,1,0.1619425427220954,58
2618,4,4239,2059,2180,0,0,0,1.0,1,1.0,1,1.0,1,0.12709300428437706,58
2619,1,4240,2059,2181,0,0,0,1.0,1,1.0,1,1.0,1,0.13594885195926668,58
2620,0,4240,2059,2181,0,0,0,1.0,1,1.0,1,1.0,1,0.14916134440519008,60
2621,2,4242,2059,2183,0,0,0,1.0,1,1.0,1,1.0,1,0.12110180454832432,59
2622,2,4244,2060,2184,0,0,0,1.0,1,1.0,1,1.0,1,0.12070586353086458,60
2623,1,4245,2061,2184,0,0,0,1.0,1,1.0,1,1.0,1,0.12720212025121677,59
2624,6,4251,2065,2186,0,0,0,1.0,1,1.0,1,1.0,1,0.19309786739317727,58
2625,4,4255,2068,2187,0,0,0,1.0,1,1.0,1,1.0,1,0.21556488388051637,58
2626,3,4258,2070,2188,0,0,0,1.0,1,1.0,1,1.0,1,0.18398577598458352,57
2627,0,4258,2070,2188,0,0,0,1.0,1,1.0,1,1.0,1,0.16379634570247073,55
2628,2,4260,2072,2188,0,0,0,1.0,1,1.0,1,1.0,1,0.19723238178779354,55
2629,0,4260,2072,2188,0,0,0,1.0,1,1.0,1,1.0,1,0.1854078469665568,54
2630,1,4261,2073,2188,0,0,0,1.0,1,1.0,1,1.0,1,0.2237101777418281,55
2631,2,4263,2074,2189,0,0,0,1.0,1,1.0,1,1.0,1,0.20445511192725935,55
2632,4,4267,2076,2191,0,0,0,1.0,1,1.0,1,1.0,1,0.2264272459005599,55
2633,2,4269,2077,2192,0,0,0,1.0,1,1.0,1,1.0,1,0.22884975278434652,53
2634,3,4272,2078,2194,0,0,0,1.0,1,1.0,1,1.0,1,0.22004766211548255,52
2635,2,4274,2078,2196,0,0,0,1.0,1,1.0,1,1.0,1,0.22588590031455402,52
2636,7,4281,2081,2200,0,0,0,1.0,1,1.0,1,1.0,1,0.22153270266961164,51
2637,1,4282,2082,2200,0,0,0,1.0,1,1.0,1,1.0,1,0.20783318216958246,50
2638,3,4285,2084,2201,0,0,0,1.0,1,1.0,1,1.0,1,0.22115994456311291,48
2639,2,4287,2084,2203,0,0,0,1.0,1,1.0,1,1.0,1,0.19442796164163753,48
2640,5,4292,2089,2203,0,0,0,1.0,1,1.0,1,1.0,1,0.22512202354329455,46
2641,5,4297,2092,2205,0,0,0,1.0,1,1.0,1,1.0,1,0.20745942460040478,46
2642,5,4302,2096,2206,0,0,0,1.0,1,1.0,1,1.0,1,0.1791860580207716,47
2643,2,4304,2097,2207,0,0,0,1.0,1,1.0,1,1.0,1,0.2018142196229116,45
2644,1,4305,2098,2207,0,0,0,1.0,1,1.0,1,1.0,1,0.21857128787582442,44
2645,0,4305,2098,2207,0,0,0,1.0,1,1.0,1,1.0,1,0.233716949351401,42
2646,2,4307,2099,2208,0,0,0,1.0,1,1.0,1,1.0,1,0.23882164229116648,43
2647,1,4308,2099,2209,0,0,0,1.0,1,1.0,1,1.0,1,0.21747792700121654,40
2648,0,4308,2099,2209,0,0,0,1.0,1,1.0,1,1.0,1,0.18695065123469734,41
2649,1,4309,2100,2209,0,0,0,1.0,1,1.0,1,1.0,1,0.19642910307974984,43
2650,0,4309,2100,2209,0,0,0,1.0,1,1.0,1,1.0,1,0.1801038662863664,43
2651,1,4310,2100,2210,0,0,0,1.0,1,1.0,1,1.0,1,0.12967808006500803,44
2652,1,4311,2101,2210,0,0,0,1.0,1,1.0,1,1.0,1,0.1259446944255018,44
2653,0,4311,2101,2210,0,0,0,1.0,1,1.0,1,1.0,1,0.1259446944255018,44
2654,1,4312,2102,2210,0,0,0,1.0,1,1.0,1,1.0,1,0.13794745730675395,45
2655,1,4313,2103,2210,0,0,0,1.0,1,1.0,1,1.0,1,0.13024810463074504,45
2656,0,4313,2103,2210,0,0,0,1.0,1,1.0,1,1.0,1,0.13024810463074504,45
2657,0,4313,2103,2210,0,0,0,1.0,1,1.0,1,1.0,1,0.15197094429892627,45
2658,1,4314,2104,2210,0,0,0,1.0,1,1.0,1,1.0,1,0.16553947160599836,47
2659,0,4314,2104,2210,0,0,0,1.0,1,1.0,1,1.0,1,0.18482565296304054,46
2660,1,4315,2105,2210,0,0,0,1.0,1,1.0,1,1.0,1,0.20564442010274958,46
2661,7,4322,2108,2214,0,0,0,1.0,1,1.0,1,1.0,1,0.15556210953417043,46
2662,2,4324,2110,2214,0,0,0,1.0,1,1.0,1,1.0,1,0.1896454073453246,47
2663,4,4328,2113,2215,0,0,0,1.0,1,1.0,1,1.0,1,0.21656541563059029,46
2664,4,4332,2117,2215,0,0,0,1.0,1,1.0,1,1.0,1,0.21885379057330862,45
2665,4,4336,2120,2216,0,0,0,1.0,1,1.0,1,1.0,1,0.22201349084654826,47
2666,5,4341,2124,2217,0,0,0,1.0,1,1.0,1,1.0,1,0.24007342690991967,47
2667,3,4344,2125,2219,0,0,0,1.0,1,1.0,1,1.0,1,0.21397662695779265,45
2668,4,4348,2127,2221,0,0,0,1.0,1,1.0,1,1.0,1,0.19904544742113298,45
2669,2,4350,2128,2222,0,0,0,1.0,1,1.0,1,1.0,1,0.15994077483811492,45
2670,2,4352,2130,2222,0,0,0,1.0,1,1.0,1,1.0,1,0.16375826281180694,45
2671,0,4352,2130,2222,0,0,0,1.0,1,1.0,1,1.0,1,0.1604891515894706,41
2672,1,4353,2131,2222,0,0,0,1.0,1,1.0,1,1.0,1,0.17772764877157501,40
2673,1,4354,2132,2222,0,0,0,1.0,1,1.0,1,1.0,1,0.18650969607421589,39
2674,2,4356,2134,2222,0,0,0,1.0,1,1.0,1,1.0,1,0.23389206359511808,37
2675,0,4356,2134,2222,0,0,0,1.0,1,1.0,1,1.0,1,0.24060138264672495,35
2676,1,4357,2135,2222,0,0,0,1.0,1,1.0,1,1.0,1,0.30176449049325454,34
2677,1,4358,2136,2222,0,0,0,1.0,1,1.0,1,1.0,1,0.3037483215988098,32
2678,3,4361,2138,2223,0,0,0,1.0,1,1.0,1,1.0,1,0.33477435037549214,33
2679,1,4362,2139,2223,0,0,0,1.0,1,1.0,1,1.0,1,0.37928522866730363,33
2680,6,4368,2143,2225,0,0,0,1.0,1,1.0,1,1.0,1,0.4494539794982721,33
2681,5,4373,2144,2229,0,0,0,1.0,1,1.0,1,1.0,1,0.24144121425576826,32
2682,1,4374,2144,2230,0,0,0,1.0,1,1.0,1,1.0,1,0.21192898748816819,32
2683,2,4376,2145,2231,0,0,0,1.0,1,1.0,1,1.0,1,0.2613509877069867,32
2684,0,4376,2145,2231,0,0,0,1.0,1,1.0,1,1.0,1,0.25071484440223735,31
2685,1,4377,2146,2231,0,0,0,1.0,1,1.0,1,1.0,1,0.30620302872684735,30
2686,2,4379,2146,2233,0,0,0,1.0,1,1.0,1,1.0,1,0.21927537797074126,29
2687,0,4379,2146,2233,0,0,0,1.0,1,1.0,1,1.0,1,0.2071971010081472,28
2688,1,4380,2147,2233,0,0,0,1.0,1,1.0,1,1.0,1,0.2566918810612229,28
2689,0,4380,2147,2233,0,0,0,1.0,1,1.0,1,1.0,1,0.24989680093430597,29
2690,1,4381,2147,2234,0,0,0,1.0,1,1.0,1,1.0,1,0.22252558357533253,29
2691,2,4383,2149,2234,0,0,0,1.0,1,1.0,1,1.0,1,0.2215003114486645,29
2692,1,4384,2149,2235,0,0,0,1.0,1,1.0,1,1.0,1,0.228861133510731,31
2693,3,4387,2151,2236,0,0,0,1.0,1,1.0,1,1.0,1,0.27661505184646035,32
2694,2,4389,2152,2237,0,0,0,1.0,1,1.0,1,1.0,1,0.2461952352344584,32
2695,1,4390,2153,2237,0,0,0,1.0,1,1.0,1,1.0,1,0.2075141125845932,33
2696,1,4391,2153,2238,0,0,0,1.0,1,1.0,1,1.0,1,0.1669452122006745,33
2697,1,4392,2154,2238,0,0,0,1.0,1,1.0,1,1.0,1,0.17247644997044484,34
2698,1,4393,2155,2238,0,0,0,1.0,1,1.0,1,1.0,1,0.19095249017128693,34
2699,1,4394,2155,2239,0,0,0,1.0,1,1.0,1,1.0,1,0.13115555652582528,36
2700,2,4396,2157,2239,0,0,0,1.0,1,1.0,1,1.0,1,0.19600994497174049,36
2701,1,4397,2157,2240,0,0,0,1.0,1,1.0,1,1.0,1,0.18826415012259107,36
2702,1,4398,2158,2240,0,0,0,1.0,1,1.0,1,1.0,1,0.23885877302955363,36
2703,3,4401,2160,2241,0,0,0,1.0,1,1.0,1,1.0,1,0.2192228926250151,38
2704,1,4402,2161,2241,0,0,0,1.0,1,1.0,1,1.0,1,0.25751513548018556,37
2705,3,4405,2163,2242,0,0,0,1.0,1,1.0,1,1.0,1,0.2437812136484966,36
2706,7,4412,2167,2245,0,0,0,1.0,1,1.0,1,1.0,1,0.278439451438317,34
2707,1,4413,2168,2245,0,0,0,1.0,1,1.0,1,1.0,1,0.27492611141201156,36
2708,3,4416,2171,2245,0,0,0,1.0,1,1.0,1,1.0,1,0.297309499583765,36
2709,0,4416,2171,2245,0,0,0,1.0,1,1.0,1,1.0,1,0.27207353566065784,33
2710,3,4419,2174,2245,0,0,0,1.0,1,1.0,1,1.0,1,0.2786843300247892,32
2711,2,4421,2175,2246,0,0,0,1.0,1,1.0,1,1.0,1,0.1955282909188601,29
2712,0,4421,2175,2246,0,0,0,1.0,1,1.0,1,1.0,1,0.25210749456979764,28
2713,0,4421,2175,2246,0,0,0,1.0,1,1.0,1,1.0,1,0.2570391353103635,28
2714,1,4422,2176,2246,0,0,0,1.0,1,1.0,1,1.0,1,0.28922912878720985,25
2715,2,4424,2178,2246,0,0,0,1.0,1,1.0,1,1.0,1,0.4011193165822147,24
2716,4,4428,2180,2248,0,0,0,1.0,1,1.0,1,1.0,1,0.4279609368435462,23
2717,2,4430,2181,2249,0,0,0,1.0,1,1.0,1,1.0,1,0.3594388802289478,24
2718,0,4430,2181,2249,0,0,0,1.0,1,1.0,1,1.0,1,0.3594388802289478,24
2719,1,4431,2181,2250,0,0,0,1.0,1,1.0,1,1.0,1,0.33352253639524554,25
2720,2,4433,2183,2250,0,0,0,1.0,1,1.0,1,1.0,1,0.39308828608804425,25
2721,3,4436,2185,2251,0,0,0,1.0,1,1.0,1,1.0,1,0.25595921932011045,26
2722,2,4438,2186,2252,0,0,0,1.0,1,1.0,1,1.0,1,0.24281445106065602,26
2723,1,4439,2187,2252,0,0,0,1.0,1,1.0,1,1.0,1,0.2719736764048595,26
2724,1,4440,2188,2252,0,0,0,1.0,1,1.0,1,1.0,1,0.3146984522455339,27
2725,2,4442,2189,2253,0,0,0,1.0,1,1.0,1,1.0,1,0.26646134952943057,27
2726,1,4443,2189,2254,0,0,0,1.0,1,1.0,1,1.0,1,0.24539400339111983,28
2727,0,4443,2189,2254,0,0,0,1.0,1,1.0,1,1.0,1,0.22551639697513687,29
2728,1,4444,2189,2255,0,0,0,1.0,1,1.0,1,1.0,1,0.1686159232172118,28
2729,0,4444,2189,2255,0,0,0,1.0,1,1.0,1,1.0,1,0.1686159232172118,28
2730,0,4444,2189,2255,0,0,0,1.0,1,1.0,1,1.0,1,0.16250851196021915,29
2731,1,4445,2190,2255,0,0,0,1.0,1,1.0,1,1.0,1,0.23105237705644444,30
2732,3,4448,2191,2257,0,0,0,1.0,1,1.0,1,1.0,1,0.2514684238241163,29
2733,0,4448,2191,2257,0,0,0,1.0,1,1.0,1,1.0,1,0.2514684238241163,29
2734,0,4448,2191,2257,0,0,0,1.0,1,1.0,1,1.0,1,0.2514684238241163,29
2735,1,4449,2192,2257,0,0,0,1.0,1,1.0,1,1.0,1,0.28927904880820376,29
2736,2,4451,2192,2259,0,0,0,1.0,1,1.0,1,1.0,1,0.2647955125568817,30
2737,0,4451,2192,2259,0,0,0,1.0,1,1.0,1,1.0,1,0.2647955125568817,30
2738,2,4453,2194,2259,0,0,0,1.0,1,1.0,1,1.0,1,0.3245681186988995,29
2739,1,4454,2195,2259,0,0,0,1.0,1,1.0,1,1.0,1,0.3281369089822398,30
2740,0,4454,2195,2259,0,0,0,1.0,1,1.0,1,1.0,1,0.34042615377627067,29
2741,2,4456,2197,2259,0,0,0,1.0,1,1.0,1,1.0,1,0.31591247650301374,29
2742,1,4457,2198,2259,0,0,0,1.0,1,1.0,1,1.0,1,0.32326071860963085,29
2743,3,4460,2199,2261,0,0,0,1.0,1,1.0,1,1.0,1,0.34599044116904115,30
2744,3,4463,2201,2262,0,0,0,1.0,1,1.0,1,1.0,1,0.3790528131549816,28
2745,1,4464,2201,2263,0,0,0,1.0,1,1.0,1,1.0,1,0.3505390555963278,27
2746,2,4466,2202,2264,0,0,0,1.0,1,1.0,1,1.0,1,0.3468721709018477,26
2747,1,4467,2203,2264,0,0,0,1.0,1,1.0,1,1.0,1,0.4025985688952077,22
2748,0,4467,2203,2264,0,0,0,1.0,1,1.0,1,1.0,1,0.45117993969043524,22
2749,1,4468,2203,2265,0,0,0,1.0,1,1.0,1,1.0,1,0.46581067034896007,20
2750,0,4468,2203,2265,0,0,0,1.0,1,1.0,1,1.0,1,0.49964944899941083,17
2751,1,4469,2203,2266,0,0,0,1.0,1,1.0,1,1.0,1,0.43128853166857156,17
2752,1,4470,2204,2266,0,0,0,1.0,1,1.0,1,1.0,1,0.4945670829332396,16
2753,1,4471,2204,2267,0,0,0,1.0,1,1.0,1,1.0,1,0.42802650379553514,16
2754,0,4471,2204,2267,0,0,0,1.0,1,1.0,1,1.0,1,0.42802650379553514,16
2755,0,4471,2204,2267,0,0,0,1.0,1,1.0,1,1.0,1,0.42802650379553514,16
2756,0,4471,2204,2267,0,0,0,1.0,1,1.0,1,1.0,1,0.4454555406348502,17
2757,0,4471,2204,2267,0,0,0,1.0,1,1.0,1,1.0,1,0.44885897262068697,18
2758,0,4471,2204,2267,0,0,0,1.0,1,1.0,1,1.0,1,0.44885897262068697,18
2759,1,4472,2205,2267,0,0,0,1.0,1,1.0,1,1.0,1,0.42211130601680014,19
2760,0,4472,2205,2267,0,0,0,1.0,1,1.0,1,1.0,1,0.4812316495304369,18
2761,0,4472,2205,2267,0,0,0,1.0,1,1.0,1,1.0,1,0.4812316495304369,18
2762,1,4473,2206,2267,0,0,0,1.0,1,1.0,1,1.0,1,0.4669081523627625,18
2763,0,4473,2206,2267,0,0,0,1.0,1,1.0,1,1.0,1,0.4669081523627625,18
2764,0,4473,2206,2267,0,0,0,1.0,1,1.0,1,1.0,1,0.4669081523627625,18
2765,1,4474,2207,2267,0,0,0,1.0,1,1.0,1,1.0,1,0.48777438690324093,18
2766,2,4476,2207,2269,0,0,0,1.0,1,1.0,1,1.0,1,0.4424016771291916,18
2767,0,4476,2207,2269,0,0,0,1.0,1,1.0,1,1.0,1,0.47628916390333675,17
2768,0,4476,2207,2269,0,0,0,1.0,1,1.0,1,1.0,1,0.47628916390333675,17
2769,0,4476,2207,2269,0,0,0,1.0,1,1.0,1,1.0,1,0.47628916390333675,17
2770,0,4476,2207,2269,0,0,0,1.0,1,1.0,1,1.0,1,0.47628916390333675,17
2771,0,4476,2207,2269,0,0,0,1.0,1,1.0,1,1.0,1,0.47628916390333675,17
2772,0,4476,2207,2269,0,0,0,1.0,1,1.0,1,1.0,1,0.47628916390333675,17
2773,1,4477,2208,2269,0,0,0,1.0,1,1.0,1,1.0,1,0.553017520870715,17
2774,0,4477,2208,2269,0,0,0,1.0,1,1.0,1,1.0,1,0.49840840443021606,18
2775,2,4479,2210,2269,0,0,0,1.0,1,1.0,1,1.0,1,0.4961274588858569,20
2776,0,4479,2210,2269,0,0,0,1.0,1,1.0,1,1.0,1,0.4666743236726476,21
2777,1,4480,2211,2269,0,0,0,1.0,1,1.0,1,1.0,1,0.4766000971550034,21
2778,4,4484,2213,2271,0,0,0,1.0,1,1.0,1,1.0,1,0.497024115101049,21
2779,0,4484,2213,2271,0,0,0,1.0,1,1.0,1,1.0,1,0.4719922857599202,22
2780,0,4484,2213,2271,0,0,0,1.0,1,1.0,1,1.0,1,0.4719922857599202,22
2781,1,4485,2213,2272,0,0,0,1.0,1,1.0,1,1.0,1,0.43798759732347986,22
2782,1,4486,2213,2273,0,0,0,1.0,1,1.0,1,1.0,1,0.36126127386829826,23
2783,1,4487,2214,2273,0,0,0,1.0,1,1.0,1,1.0,1,0.3581809476661049,22
2784,2,4489,2216,2273,0,0,0,1.0,1,1.0,1,1.0,1,0.39676948520432653,21
2785,0,4489,2216,2273,0,0,0,1.0,1,1.0,1,1.0,1,0.3267271959851667,19
2786,1,4490,2217,2273,0,0,0,1.0,1,1.0,1,1.0,1,0.3796672551219417,19
2787,0,4490,2217,2273,0,0,0,1.0,1,1.0,1,1.0,1,0.3465571383289555,20
2788,0,4490,2217,2273,0,0,0,1.0,1,1.0,1,1.0,1,0.3465571383289555,20
2789,0,4490,2217,2273,0,0,0,1.0,1,1.0,1,1.0,1,0.32721070955423004,19
2790,0,4490,2217,2273,0,0,0,1.0,1,1.0,1,1.0,1,0.32533449284505367,20
2791,1,4491,2218,2273,0,0,0,1.0,1,1.0,1,1.0,1,0.36721676856879426,20
2792,0,4491,2218,2273,0,0,0,1.0,1,1.0,1,1.0,1,0.36721676856879426,20
2793,0,4491,2218,2273,0,0,0,1.0,1,1.0,1,1.0,1,0.3985309275329583,19
2794,0,4491,2218,2273,0,0,0,1.0,1,1.0,1,1.0,1,0.41192212637937736,20
2795,0,4491,2218,2273,0,0,0,1.0,1,1.0,1,1.0,1,0.413670342850945,21
2796,0,4491,2218,2273,0,0,0,1.0,1,1.0,1,1.0,1,0.4254236955670689,22
2797,0,4491,2218,2273,0,0,0,1.0,1,1.0,1,1.0,1,0.4817393493549059,21
2798,0,4491,2218,2273,0,0,0,1.0,1,1.0,1,1.0,1,0.4817393493549059,21
2799,0,4491,2218,2273,0,0,0,1.0,1,1.0,1,1.0,1,0.4834296607301168,20
2800,0,4491,2218,2273,0,0,0,1.0,1,1.0,1,1.0,1,0.4834296607301168,20
2801,0,4491,2218,2273,0,0,0,1.0,1,1.0,1,1.0,1,0.4834296607301168,20
2802,1,4492,2218,2274,0,0,0,1.0,1,1.0,1,1.0,1,0.4406688373868714,20
2803,1,4493,2218,2275,0,0,0,1.0,1,1.0,1,1.0,1,0.40455603596548523,21
2804,1,4494,2218,2276,0,0,0,1.0,1,1.0,1,1.0,1,0.37957839463701715,22
2805,1,4495,2219,2276,0,0,0,1.0,1,1.0,1,1.0,1,0.37635112269335913,22
2806,3,4498,2221,2277,0,0,0,1.0,1,1.0,1,1.0,1,0.3426788708507497,23
2807,5,4503,2224,2279,0,0,0,1.0,1,1.0,1,1.0,1,0.3195791863639852,24
2808,3,4506,2226,2280,0,0,0,1.0,1,1.0,1,1.0,1,0.3757247793592001,24
2809,2,4508,2226,2282,0,0,0,1.0,1,1.0,1,1.0,1,0.27824192678041865,26
2810,0,4508,2226,2282,0,0,0,1.0,1,1.0,1,1.0,1,0.2300562360397827,26
2811,0,4508,2226,2282,0,0,0,1.0,1,1.0,1,1.0,1,0.20512972563359697,27
2812,0,4508,2226,2282,0,0,0,1.0,1,1.0,1,1.0,1,0.20512972563359697,27
2813,0,4508,2226,2282,0,0,0,1.0,1,1.0,1,1.0,1,0.17751875320993749,28
2814,1,4509,2227,2282,0,0,0,1.0,1,1.0,1,1.0,1,0.20345866299070464,29
2815,0,4509,2227,2282,0,0,0,1.0,1,1.0,1,1.0,1,0.1962698867085774,30
2816,0,4509,2227,2282,0,0,0,1.0,1,1.0,1,1.0,1,0.18832832108413017,31
2817,0,4509,2227,2282,0,0,0,1.0,1,1.0,1,1.0,1,0.18832832108413017,31
2818,2,4511,2228,2283,0,0,0,1.0,1,1.0,1,1.0,1,0.1569122421288325,32
2819,0,4511,2228,2283,0,0,0,1.0,1,1.0,1,1.0,1,0.1569122421288325,32
2820,2,4513,2229,2284,0,0,0,1.0,1,1.0,1,1.0,1,0.17390883344633457,33
2821,2,4515,2229,2286,0,0,0,1.0,1,1.0,1,1.0,1,0.12629432225981538,34
2822,1,4516,2230,2286,0,0,0,1.0,1,1.0,1,1.0,1,0.1285641860897128,35
2823,1,4517,2231,2286,0,0,0,1.0,1,1.0,1,1.0,1,0.19318779997540125,31
2824,2,4519,2233,2286,0,0,0,1.0,1,1.0,1,1.0,1,0.2807323101957872,33
2825,0,4519,2233,2286,0,0,0,1.0,1,1.0,1,1.0,1,0.240437286214984,31
2826,2,4521,2234,2287,0,0,0,1.0,1,1.0,1,1.0,1,0.2490974360960507,31
2827,2,4523,2236,2287,0,0,0,1.0,1,1.0,1,1.0,1,0.24375911364260822,32
2828,2,4525,2237,2288,0,0,0,1.0,1,1.0,1,1.0,1,0.2790581353102635,33
2829,1,4526,2238,2288,0,0,0,1.0,1,1.0,1,1.0,1,0.288933109522456,33
2830,1,4527,2238,2289,0,0,0,1.0,1,1.0,1,1.0,1,0.2629079044394797,32
2831,5,4532,2240,2292,0,0,0,1.0,1,1.0,1,1.0,1,0.2704972294892021,31
2832,4,4536,2242,2294,0,0,0,1.0,1,1.0,1,1.0,1,0.2529219716713579,30
2833,2,4538,2243,2295,0,0,0,1.0,1,1.0,1,1.0,1,0.20200476250133578,29
2834,2,4540,2245,2295,0,0,0,1.0,1,1.0,1,1.0,1,0.37358807753208073,29
2835,2,4542,2246,2296,0,0,0,1.0,1,1.0,1,1.0,1,0.37995590597703527,27
2836,5,4547,2247,2300,0,0,0,1.0,1,1.0,1,1.0,1,0.225699213768996,27
2837,1,4548,2247,2301,0,0,0,1.0,1,1.0,1,1.0,1,0.21389759650451562,28
2838,0,4548,2247,2301,0,0,0,1.0,1,1.0,1,1.0,1,0.21632127646590785,29
2839,0,4548,2247,2301,0,0,0,1.0,1,1.0,1,1.0,1,0.218548412728718,29
2840,0,4548,2247,2301,0,0,0,1.0,1,1.0,1,1.0,1,0.218548412728718,29
2841,0,4548,2247,2301,0,0,0,1.0,1,1.0,1,1.0,1,0.2563162564731026,31
2842,1,4549,2248,2301,0,0,0,1.0,1,1.0,1,1.0,1,0.2897807077886868,32
2843,1,4550,2249,2301,0,0,0,1.0,1,1.0,1,1.0,1,0.2488769587781261,32
2844,2,4552,2250,2302,0,0,0,1.0,1,1.0,1,1.0,1,0.2655225490519179,33
2845,2,4554,2252,2302,0,0,0,1.0,1,1.0,1,1.0,1,0.27637860010446785,34
2846,2,4556,2253,2303,0,0,0,1.0,1,1.0,1,1.0,1,0.23428913348166033,34
2847,1,4557,2254,2303,0,0,0,1.0,1,1.0,1,1.0,1,0.2328283667978006,35
2848,3,4560,2255,2305,0,0,0,1.0,1,1.0,1,1.0,1,0.22629001017337952,37
2849,1,4561,2255,2306,0,0,0,1.0,1,1.0,1,1.0,1,0.17849761038226528,37
2850,0,4561,2255,2306,0,0,0,1.0,1,1.0,1,1.0,1,0.17849761038226528,37
2851,1,4562,2256,2306,0,0,0,1.0,1,1.0,1,1.0,1,0.18274335710026754,38
2852,0,4562,2256,2306,0,0,0,1.0,1,1.0,1,1.0,1,0.19670921024032406,36
2853,2,4564,2256,2308,0,0,0,1.0,1,1.0,1,1.0,1,0.19890512953885023,36
2854,0,4564,2256,2308,0,0,0,1.0,1,1.0,1,1.0,1,0.2236766700839089,37
2855,0,4564,2256,2308,0,0,0,1.0,1,1.0,1,1.0,1,0.2582394388465178,37
2856,1,4565,2256,2309,0,0,0,1.0,1,1.0,1,1.0,1,0.21664638599750907,38
2857,1,4566,2257,2309,0,0,0,1.0,1,1.0,1,1.0,1,0.27843048777498103,39
2858,3,4569,2258,2311,0,0,0,1.0,1,1.0,1,1.0,1,0.2651253834042989,39
2859,1,4570,2259,2311,0,0,0,1.0,1,1.0,1,1.0,1,0.2484905084415635,39
2860,0,4570,2259,2311,0,0,0,1.0,1,1.0,1,1.0,1,0.24782162792124396,40
2861,2,4572,2260,2312,0,0,0,1.0,1,1.0,1,1.0,1,0.18460929249130875,38
2862,5,4577,2264,2313,0,0,0,1.0,1,1.0,1,1.0,1,0.19728598574969453,38
2863,1,4578,2265,2313,0,0,0,1.0,1,1.0,1,1.0,1,0.2134947154808935,37
2864,7,4585,2270,2315,0,0,0,1.0,1,1.0,1,1.0,1,0.26892091923778283,35
2865,2,4587,2272,2315,0,0,0,1.0,1,1.0,1,1.0,1,0.28620916249359757,33
2866,4,4591,2274,2317,0,0,0,1.0,1,1.0,1,1.0,1,0.24361814566098416,31
2867,3,4594,2276,2318,0,0,0,1.0,1,1.0,1,1.0,1,0.28413294565185676,30
2868,3,4597,2278,2319,0,0,0,1.0,1,1.0,1,1.0,1,0.34752519121568587,31
2869,2,4599,2280,2319,0,0,0,1.0,1,1.0,1,1.0,1,0.4088078027986954,30
2870,0,4599,2280,2319,0,0,0,1.0,1,1.0,1,1.0,1,0.42204412085223164,26
2871,2,4601,2280,2321,0,0,0,1.0,1,1.0,1,1.0,1,0.361379399256026,27
2872,0,4601,2280,2321,0,0,0,1.0,1,1.0,1,1.0,1,0.35197330771957,25
2873,0,4601,2280,2321,0,0,0,1.0,1,1.0,1,1.0,1,0.3402766573951437,24
2874,0,4601,2280,2321,0,0,0,1.0,1,1.0,1,1.0,1,0.2970491554496791,25
2875,0,4601,2280,2321,0,0,0,1.0,1,1.0,1,1.0,1,0.3197950947310992,26
2876,2,4603,2281,2322,0,0,0,1.0,1,1.0,1,1.0,1,0.33207012061580665,28
2877,1,4604,2281,2323,0,0,0,1.0,1,1.0,1,1.0,1,0.3172987263461851,29
2878,2,4606,2281,2325,0,0,0,1.0,1,1.0,1,1.0,1,0.21860025224801458,31
2879,0,4606,2281,2325,0,0,0,1.0,1,1.0,1,1.0,1,0.21860025224801458,31
2880,1,4607,2281,2326,0,0,0,1.0,1,1.0,1,1.0,1,0.19477385047841383,32
2881,1,4608,2281,2327,0,0,0,1.0,1,1.0,1,1.0,1,0.20571317143886061,31
2882,0,4608,2281,2327,0,0,0,1.0,1,1.0,1,1.0,1,0.20571317143886061,31
2883,0,4608,2281,2327,0,0,0,1.0,1,1.0,1,1.0,1,0.2580876559276196,32
2884,1,4609,2282,2327,0,0,0,1.0,1,1.0,1,1.0,1,0.2665520480371742,32
2885,1,4610,2282,2328,0,0,0,1.0,1,1.0,1,1.0,1,0.2792443018870218,33
2886,4,4614,2285,2329,0,0,0,1.0,1,1.0,1,1.0,1,0.2629166167354511,34
2887,1,4615,2285,2330,0,0,0,1.0,1,1.0,1,1.0,1,0.24556676793522558,34
2888,2,4617,2286,2331,0,0,0,1.0,1,1.0,1,1.0,1,0.23449431094101364,34
2889,0,4617,2286,2331,0,0,0,1.0,1,1.0,1,1.0,1,0.24517145135012716,37
2890,0,4617,2286,2331,0,0,0,1.0,1,1.0,1,1.0,1,0.24517145135012716,37
2891,3,4620,2288,2332,0,0,0,1.0,1,1.0,1,1.0,1,0.27822678370823156,37
2892,2,4622,2288,2334,0,0,0,1.0,1,1.0,1,1.0,1,0.23655416952972733,37
2893,2,4624,2290,2334,0,0,0,1.0,1,1.0,1,1.0,1,0.2710008476974298,38
2894,0,4624,2290,2334,0,0,0,1.0,1,1.0,1,1.0,1,0.2759652167209196,39
2895,0,4624,2290,2334,0,0,0,1.0,1,1.0,1,1.0,1,0.25785551678641894,40
2896,2,4626,2291,2335,0,0,0,1.0,1,1.0,1,1.0,1,0.2663690570095603,41
2897,3,4629,2291,2338,0,0,0,1.0,1,1.0,1,1.0,1,0.18083126585940373,41
2898,2,4631,2293,2338,0,0,0,1.0,1,1.0,1,1.0,1,0.24369979520384358,41
2899,0,4631,2293,2338,0,0,0,1.0,1,1.0,1,1.0,1,0.22116378835553083,39
2900,1,4632,2294,2338,0,0,0,1.0,1,1.0,1,1.0,1,0.2872987047263405,40
2901,0,4632,2294,2338,0,0,0,1.0,1,1.0,1,1.0,1,0.2658360531102737,40
2902,1,4633,2294,2339,0,0,0,1.0,1,1.0,1,1.0,1,0.29528934402257406,38
2903,2,4635,2296,2339,0,0,0,1.0,1,1.0,1,1.0,1,0.30524249994291597,36
2904,2,4637,2297,2340,0,0,0,1.0,1,1.0,1,1.0,1,0.33067909139795304,36
2905,0,4637,2297,2340,0,0,0,1.0,1,1.0,1,1.0,1,0.31708225957530706,35
2906,0,4637,2297,2340,0,0,0,1.0,1,1.0,1,1.0,1,0.32604650500845955,36
2907,6,4643,2298,2345,0,0,0,1.0,1,1.0,1,1.0,1,0.2956496219763295,37
2908,2,4645,2298,2347,0,0,0,1.0,1,1.0,1,1.0,1,0.29095612092125384,38
2909,1,4646,2299,2347,0,0,0,1.0,1,1.0,1,1.0,1,0.29877209457808657,37
2910,0,4646,2299,2347,0,0,0,1.0,1,1.0,1,1.0,1,0.289454404674837,37
2911,0,4646,2299,2347,0,0,0,1.0,1,1.0,1,1.0,1,0.2953640356588445,36
2912,3,4649,2301,2348,0,0,0,1.0,1,1.0,1,1.0,1,0.3290094261260323,36
2913,0,4649,2301,2348,0,0,0,1.0,1,1.0,1,1.0,1,0.32115072880819845,36
2914,2,4651,2302,2349,0,0,0,1.0,1,1.0,1,1.0,1,0.34309399705078775,38
2915,2,4653,2302,2351,0,0,0,1.0,1,1.0,1,1.0,1,0.2966109089715169,37
2916,4,4657,2302,2355,0,0,0,1.0,1,1.0,1,1.0,1,0.23563810699063859,39
2917,2,4659,2302,2357,0,0,0,1.0,1,1.0,1,1.0,1,0.2129807295346062,40
2918,2,4661,2304,2357,0,0,0,1.0,1,1.0,1,1.0,1,0.19764189370837384,40
2919,1,4662,2305,2357,0,0,0,1.0,1,1.0,1,1.0,1,0.20046892585761006,42
2920,0,4662,2305,2357,0,0,0,1.0,1,1.0,1,1.0,1,0.20046892585761006,42
2921,1,4663,2305,2358,0,0,0,1.0,1,1.0,1,1.0,1,0.1827924828945459,42
2922,1,4664,2306,2358,0,0,0,1.0,1,1.0,1,1.0,1,0.1911493222658939,43
2923,1,4665,2306,2359,0,0,0,1.0,1,1.0,1,1.0,1,0.19676483487797705,45
2924,0,4665,2306,2359,0,0,0,1.0,1,1.0,1,1.0,1,0.18336799695710324,46
2925,0,4665,2306,2359,0,0,0,1.0,1,1.0,1,1.0,1,0.18336799695710324,46
2926,0,4665,2306,2359,0,0,0,1.0,1,1.0,1,1.0,1,0.18336799695710324,46
2927,1,4666,2307,2359,0,0,0,1.0,1,1.0,1,1.0,1,0.20268541581700178,48
2928,3,4669,2309,2360,0,0,0,1.0,1,1.0,1,1.0,1,0.2257560130293715,48
2929,0,4669,2309,2360,0,0,0,1.0,1,1.0,1,1.0,1,0.2257560130293715,48
2930,0,4669,2309,2360,0,0,0,1.0,1,1.0,1,1.0,1,0.24314369138881994,50
2931,2,4671,2310,2361,0,0,0,1.0,1,1.0,1,1.0,1,0.25472336171384535,51
2932,0,4671,2310,2361,0,0,0,1.0,1,1.0,1,1.0,1,0.26486649067311313,52
2933,1,4672,2310,2362,0,0,0,1.0,1,1.0,1,1.0,1,0.26456436863652444,53
2934,2,4674,2310,2364,0,0,0,1.0,1,1.0,1,1.0,1,0.2443734626628378,54
2935,1,4675,2311,2364,0,0,0,1.0,1,1.0,1,1.0,1,0.29807171061533494,53
2936,7,4682,2312,2370,0,0,0,1.0,1,1.0,1,1.0,1,0.24011984899524644,53
2937,1,4683,2313,2370,0,0,0,1.0,1,1.0,1,1.0,1,0.30859664807563675,51
2938,3,4686,2315,2371,0,0,0,1.0,1,1.0,1,1.0,1,0.34911592522557233,53
2939,3,4689,2316,2373,0,0,0,1.0,1,1.0,1,1.0,1,0.32486407527815914,52
2940,0,4689,2316,2373,0,0,0,1.0,1,1.0,1,1.0,1,0.32486407527815914,52
2941,3,4692,2317,2375,0,0,0,1.0,1,1.0,1,1.0,1,0.2709060632729536,50
2942,3,4695,2317,2378,0,0,0,1.0,1,1.0,1,1.0,1,0.21569738887535467,50
2943,1,4696,2318,2378,0,0,0,1.0,1,1.0,1,1.0,1,0.20781030463013375,49
2944,2,4698,2318,2380,0,0,0,1.0,1,1.0,1,1.0,1,0.18023195550579377,48
2945,3,4701,2319,2382,0,0,0,1.0,1,1.0,1,1.0,1,0.16275460839184805,48
2946,1,4702,2320,2382,0,0,0,1.0,1,1.0,1,1.0,1,0.16985079184286442,47
2947,1,4703,2320,2383,0,0,0,1.0,1,1.0,1,1.0,1,0.13600660554988664,47
2948,1,4704,2321,2383,0,0,0,1.0,1,1.0,1,1.0,1,0.13986608642329443,48
2949,0,4704,2321,2383,0,0,0,1.0,1,1.0,1,1.0,1,0.13986608642329443,48
2950,0,4704,2321,2383,0,0,0,1.0,1,1.0,1,1.0,1,0.13986608642329443,48
2951,2,4706,2321,2385,0,0,0,1.0,1,1.0,1,1.0,1,0.13185383847346,50
2952,0,4706,2321,2385,0,0,0,1.0,1,1.0,1,1.0,1,0.13185383847346,50
2953,0,4706,2321,2385,0,0,0,1.0,1,1.0,1,1.0,1,0.15272927930857005,51
2954,0,4706,2321,2385,0,0,0,1.0,1,1.0,1,1.0,1,0.15272927930857005,51
2955,0,4706,2321,2385,0,0,0,1.0,1,1.0,1,1.0,1,0.15272927930857005,51
2956,1,4707,2322,2385,0,0,0,1.0,1,1.0,1,1.0,1,0.17920240261761672,51
2957,0,4707,2322,2385,0,0,0,1.0,1,1.0,1,1.0,1,0.18710200111708403,52
2958,0,4707,2322,2385,0,0,0,1.0,1,1.0,1,1.0,1,0.18710200111708403,52
2959,2,4709,2323,2386,0,0,0,1.0,1,1.0,1,1.0,1,0.20461373235565006,53
2960,1,4710,2323,2387,0,0,0,1.0,1,1.0,1,1.0,1,0.17883338095275086,52
2961,2,4712,2324,2388,0,0,0,1.0,1,1.0,1,1.0,1,0.15260031375948224,53
2962,0,4712,2324,2388,0,0,0,1.0,1,1.0,1,1.0,1,0.17094668876775887,54
2963,1,4713,2325,2388,0,0,0,1.0,1,1.0,1,1.0,1,0.18765546483947218,55
2964,0,4713,2325,2388,0,0,0,1.0,1,1.0,1,1.0,1,0.20825619264976727,55
2965,0,4713,2325,2388,0,0,0,1.0,1,1.0,1,1.0,1,0.2197134908952303,55
2966,3,4716,2325,2391,0,0,0,1.0,1,1.0,1,1.0,1,0.17419289044651376,55
2967,1,4717,2325,2392,0,0,0,1.0,1,1.0,1,1.0,1,0.20483429143351786,56
2968,0,4717,2325,2392,0,0,0,1.0,1,1.0,1,1.0,1,0.20483429143351786,56
2969,2,4719,2326,2393,0,0,0,1.0,1,1.0,1,1.0,1,0.21516342716404627,55
2970,2,4721,2327,2394,0,0,0,1.0,1,1.0,1,1.0,1,0.21126834685455387,57
2971,3,4724,2330,2394,0,0,0,1.0,1,1.0,1,1.0,1,0.17976534535781435,56
2972,1,4725,2331,2394,0,0,0,1.0,1,1.0,1,1.0,1,0.1937180410890265,57
2973,2,4727,2333,2394,0,0,0,1.0,1,1.0,1,1.0,1,0.2080487828248984,59
2974,1,4728,2333,2395,0,0,0,1.0,1,1.0,1,1.0,1,0.19369563550773689,60
2975,2,4730,2335,2395,0,0,0,1.0,1,1.0,1,1.0,1,0.2546974054262462,58
2976,6,4736,2336,2400,0,0,0,1.0,1,1.0,1,1.0,1,0.22571319220342229,59
2977,3,4739,2337,2402,0,0,0,1.0,1,1.0,1,1.0,1,0.2152813578164255,59
2978,1,4740,2338,2402,0,0,0,1.0,1,1.0,1,1.0,1,0.20843255228693686,58
2979,1,4741,2339,2402,0,0,0,1.0,1,1.0,1,1.0,1,0.2063026603169222,57
2980,2,4743,2341,2402,0,0,0,1.0,1,1.0,1,1.0,1,0.2287769171034239,56
2981,4,4747,2342,2405,0,0,0,1.0,1,1.0,1,1.0,1,0.21203650000935903,56
2982,1,4748,2342,2406,0,0,0,1.0,1,1.0,1,1.0,1,0.21860325031505543,57
2983,3,4751,2343,2408,0,0,0,1.0,1,1.0,1,1.0,1,0.19472885725228692,57
2984,1,4752,2343,2409,0,0,0,1.0,1,1.0,1,1.0,1,0.16407335795412792,56
2985,1,4753,2343,2410,0,0,0,1.0,1,1.0,1,1.0,1,0.18255380973625848,55
2986,6,4759,2347,2412,0,0,0,1.0,1,1.0,1,1.0,1,0.2119480650092035,55
2987,2,4761,2347,2414,0,0,0,1.0,1,1.0,1,1.0,1,0.20551143161427915,51
2988,1,4762,2348,2414,0,0,0,1.0,1,1.0,1,1.0,1,0.20610117924222596,52
2989,0,4762,2348,2414,0,0,0,1.0,1,1.0,1,1.0,1,0.20916033233990677,50
2990,3,4765,2350,2415,0,0,0,1.0,1,1.0,1,1.0,1,0.21485555220028596,50
2991,2,4767,2350,2417,0,0,0,1.0,1,1.0,1,1.0,1,0.17189829404688806,50
2992,0,4767,2350,2417,0,0,0,1.0,1,1.0,1,1.0,1,0.17189829404688806,50
2993,0,4767,2350,2417,0,0,0,1.0,1,1.0,1,1.0,1,0.21460829264548495,51
2994,3,4770,2353,2417,0,0,0,1.0,1,1.0,1,1.0,1,0.2764862044891979,51
2995,2,4772,2353,2419,0,0,0,1.0,1,1.0,1,1.0,1,0.2337716430739005,51
2996,3,4775,2355,2420,0,0,0,1.0,1,1.0,1,1.0,1,0.25861323807626224,52
2997,3,4778,2356,2422,0,0,0,1.0,1,1.0,1,1.0,1,0.25709291209023283,52
2998,3,4781,2359,2422,0,0,0,1.0,1,1.0,1,1.0,1,0.2649820080101502,51
2999,2,4783,2359,2424,0,0,0,1.0,1,1.0,1,1.0,1,0.23467983944998613,51
3000,2,4785,2361,2424,0,0,0,1.0,1,1.0,1,1.0,1,0.22701969931712265,52
3001,1,4786,2361,2425,0,0,0,1.0,1,1.0,1,1.0,1,0.21643624178790147,52
3002,2,4788,2362,2426,0,0,0,1.0,1,1.0,1,1.0,1,0.24616393122558172,53
3003,0,4788,2362,2426,0,0,0,1.0,1,1.0,1,1.0,1,0.24557665208301593,54
3004,0,4788,2362,2426,0,0,0,1.0,1,1.0,1,1.0,1,0.25307617673416916,55
3005,0,4788,2362,2426,0,0,0,1.0,1,1.0,1,1.0,1,0.2633914485505031,56
3006,3,4791,2362,2429,0,0,0,1.0,1,1.0,1,1.0,1,0.21674253270226057,57
3007,0,4791,2362,2429,0,0,0,1.0,1,1.0,1,1.0,1,0.2256438942455301,58
3008,1,4792,2363,2429,0,0,0,1.0,1,1.0,1,1.0,1,0.22172918461695323,59
3009,0,4792,2363,2429,0,0,0,1.0,1,1.0,1,1.0,1,0.22172918461695323,59
3010,0,4792,2363,2429,0,0,0,1.0,1,1.0,1,1.0,1,0.22172918461695323,59
3011,3,4795,2364,2431,0,0,0,1.0,1,1.0,1,1.0,1,0.20311426066935787,59
3012,0,4795,2364,2431,0,0,0,1.0,1,1.0,1,1.0,1,0.21223614335993737,61
3013,1,4796,2365,2431,0,0,0,1.0,1,1.0,1,1.0,1,0.2277860485834781,59
3014,2,4798,2366,2432,0,0,0,1.0,1,1.0,1,1.0,1,0.2386393631475811,60
3015,1,4799,2366,2433,0,0,0,1.0,1,1.0,1,1.0,1,0.23207443109409015,58
3016,1,4800,2366,2434,0,0,0,1.0,1,1.0,1,1.0,1,0.21173410458154565,57
3017,3,4803,2369,2434,0,0,0,1.0,1,1.0,1,1.0,1,0.2297577966821115,58
3018,2,4805,2370,2435,0,0,0,1.0,1,1.0,1,1.0,1,0.25639211317967125,55
3019,1,4806,2370,2436,0,0,0,1.0,1,1.0,1,1.0,1,0.2399281436106582,56
3020,3,4809,2371,2438,0,0,0,1.0,1,1.0,1,1.0,1,0.309917759995427,55
3021,1,4810,2372,2438,0,0,0,1.0,1,1.0,1,1.0,1,0.3211498049664154,55
3022,3,4813,2373,2440,0,0,0,1.0,1,1.0,1,1.0,1,0.31466144175341576,55
3023,2,4815,2373,2442,0,0,0,1.0,1,1.0,1,1.0,1,0.27818101845662413,54
3024,3,4818,2374,2444,0,0,0,1.0,1,1.0,1,1.0,1,0.24302615351618229,54
3025,6,4824,2377,2447,0,0,0,1.0,1,1.0,1,1.0,1,0.2479263683237619,54
3026,3,4827,2377,2450,0,0,0,1.0,1,1.0,1,1.0,1,0.19687403604101003,53
3027,3,4830,2379,2451,0,0,0,1.0,1,1.0,1,1.0,1,0.16900665801903048,53
3028,4,4834,2381,2453,0,0,0,1.0,1,1.0,1,1.0,1,0.18733669576293863,51
3029,3,4837,2382,2455,0,0,0,1.0,1,1.0,1,1.0,1,0.22420752347591313,51
3030,4,4841,2384,2457,0,0,0,1.0,1,1.0,1,1.0,1,0.2534743287941016,52
3031,5,4846,2387,2459,0,0,0,1.0,1,1.0,1,1.0,1,0.22404100264236748,51
3032,2,4848,2387,2461,0,0,0,1.0,1,1.0,1,1.0,1,0.19046251019522017,50
3033,1,4849,2388,2461,0,0,0,1.0,1,1.0,1,1.0,1,0.17013983167671215,52
3034,0,4849,2388,2461,0,0,0,1.0,1,1.0,1,1.0,1,0.18463778482598958,51
3035,0,4849,2388,2461,0,0,0,1.0,1,1.0,1,1.0,1,0.18238989369044473,51
3036,2,4851,2388,2463,0,0,0,1.0,1,1.0,1,1.0,1,0.15424267841728836,53
3037,0,4851,2388,2463,0,0,0,1.0,1,1.0,1,1.0,1,0.16848721841077297,52
3038,0,4851,2388,2463,0,0,0,1.0,1,1.0,1,1.0,1,0.16848721841077297,52
3039,1,4852,2388,2464,0,0,0,1.0,1,1.0,1,1.0,1,0.1303563936449983,54
3040,1,4853,2388,2465,0,0,0,1.0,1,1.0,1,1.0,1,0.1296267566522496,55
3041,1,4854,2388,2466,0,0,0,1.0,1,1.0,1,1.0,1,0.12686572351779193,56
3042,2,4856,2390,2466,0,0,0,1.0,1,1.0,1,1.0,1,0.15269383963962704,56
3043,1,4857,2390,2467,0,0,0,1.0,1,1.0,1,1.0,1,0.13106720894887838,57
3044,1,4858,2391,2467,0,0,0,1.0,1,1.0,1,1.0,1,0.15387897802868492,57
3045,1,4859,2391,2468,0,0,0,1.0,1,1.0,1,1.0,1,0.1447146782343683,56
3046,2,4861,2393,2468,0,0,0,1.0,1,1.0,1,1.0,1,0.15188675759694176,57
3047,0,4861,2393,2468,0,0,0,1.0,1,1.0,1,1.0,1,0.16734868167046088,56
3048,2,4863,2393,2470,0,0,0,1.0,1,1.0,1,1.0,1,0.16274540512524377,58
3049,1,4864,2394,2470,0,0,0,1.0,1,1.0,1,1.0,1,0.21501013006392747,59
3050,0,4864,2394,2470,0,0,0,1.0,1,1.0,1,1.0,1,0.23500083208095535,60
3051,8,4872,2396,2476,0,0,0,1.0,1,1.0,1,1.0,1,0.18873462719947942,59
3052,2,4874,2397,2477,0,0,0,1.0,1,1.0,1,1.0,1,0.1993065237022692,58
3053,4,4878,2399,2479,0,0,0,1.0,1,1.0,1,1.0,1,0.2384720496674298,57
3054,2,4880,2400,2480,0,0,0,1.0,1,1.0,1,1.0,1,0.27822802029866667,55
3055,1,4881,2401,2480,0,0,0,1.0,1,1.0,1,1.0,1,0.2840116552079818,54
3056,1,4882,2401,2481,0,0,0,1.0,1,1.0,1,1.0,1,0.2676266016459968,55
3057,0,4882,2401,2481,0,0,0,1.0,1,1.0,1,1.0,1,0.2797000511033435,54
3058,3,4885,2403,2482,0,0,0,1.0,1,1.0,1,1.0,1,0.28832188376993073,55
3059,0,4885,2403,2482,0,0,0,1.0,1,1.0,1,1.0,1,0.2880594881510796,56
3060,0,4885,2403,2482,0,0,0,1.0,1,1.0,1,1.0,1,0.2880594881510796,56
3061,1,4886,2403,2483,0,0,0,1.0,1,1.0,1,1.0,1,0.2789965882710375,56
3062,2,4888,2405,2483,0,0,0,1.0,1,1.0,1,1.0,1,0.3138442686250148,57
3063,3,4891,2407,2484,0,0,0,1.0,1,1.0,1,1.0,1,0.2895328720805502,55
3064,6,4897,2410,2487,0,0,0,1.0,1,1.0,1,1.0,1,0.287846795152766,56
3065,2,4899,2411,2488,0,0,0,1.0,1,1.0,1,1.0,1,0.2861100666188208,55
3066,4,4903,2413,2490,0,0,0,1.0,1,1.0,1,1.0,1,0.29327893953631756,55
3067,3,4906,2415,2491,0,0,0,1.0,1,1.0,1,1.0,1,0.2946793119183909,54
3068,3,4909,2417,2492,0,0,0,1.0,1,1.0,1,1.0,1,0.3215433439209184,53
3069,3,4912,2419,2493,0,0,0,1.0,1,1.0,1,1.0,1,0.3010158131145703,51
3070,0,4912,2419,2493,0,0,0,1.0,1,1.0,1,1.0,1,0.3012380465612186,50
3071,3,4915,2419,2496,0,0,0,1.0,1,1.0,1,1.0,1,0.23418190433655578,51
3072,2,4917,2421,2496,0,0,0,1.0,1,1.0,1,1.0,1,0.22905197644926492,53
3073,0,4917,2421,2496,0,0,0,1.0,1,1.0,1,1.0,1,0.23252362142566116,51
3074,2,4919,2422,2497,0,0,0,1.0,1,1.0,1,1.0,1,0.23700093888005092,50
3075,2,4921,2423,2498,0,0,0,1.0,1,1.0,1,1.0,1,0.2580687097138576,52
3076,1,4922,2423,2499,0,0,0,1.0,1,1.0,1,1.0,1,0.2728589913817574,53
3077,0,4922,2423,2499,0,0,0,1.0,1,1.0,1,1.0,1,0.2602074798828047,52
3078,0,4922,2423,2499,0,0,0,1.0,1,1.0,1,1.0,1,0.3006221055077662,53
3079,1,4923,2424,2499,0,0,0,1.0,1,1.0,1,1.0,1,0.30495989544685365,53
3080,0,4923,2424,2499,0,0,0,1.0,1,1.0,1,1.0,1,0.31843019655432314,52
3081,3,4926,2426,2500,0,0,0,1.0,1,1.0,1,1.0,1,0.32484545437460066,54
3082,4,4930,2427,2503,0,0,0,1.0,1,1.0,1,1.0,1,0.30463386775766454,54
3083,1,4931,2427,2504,0,0,0,1.0,1,1.0,1,1.0,1,0.29682063347390225,54
3084,1,4932,2428,2504,0,0,0,1.0,1,1.0,1,1.0,1,0.3070506804417652,55
3085,0,4932,2428,2504,0,0,0,1.0,1,1.0,1,1.0,1,0.3070506804417652,55
3086,1,4933,2428,2505,0,0,0,1.0,1,1.0,1,1.0,1,0.30490461193683094,56
3087,0,4933,2428,2505,0,0,0,1.0,1,1.0,1,1.0,1,0.31242408032631447,57
3088,0,4933,2428,2505,0,0,0,1.0,1,1.0,1,1.0,1,0.3325129125687355,56
3089,2,4935,2430,2505,0,0,0,1.0,1,1.0,1,1.0,1,0.3442922767994884,55
3090,1,4936,2430,2506,0,0,0,1.0,1,1.0,1,1.0,1,0.3305155485706132,54
3091,2,4938,2430,2508,0,0,0,1.0,1,1.0,1,1.0,1,0.3168116522356567,53
3092,1,4939,2430,2509,0,0,0,1.0,1,1.0,1,1.0,1,0.2934858823902377,56
3093,1,4940,2431,2509,0,0,0,1.0,1,1.0,1,1.0,1,0.30936745196323506,56
3094,0,4940,2431,2509,0,0,0,1.0,1,1.0,1,1.0,1,0.3208461588450136,58
3095,1,4941,2431,2510,0,0,0,1.0,1,1.0,1,1.0,1,0.3118057058760543,59
3096,1,4942,2431,2511,0,0,0,1.0,1,1.0,1,1.0,1,0.3157691654978406,60
3097,2,4944,2432,2512,0,0,0,1.0,1,1.0,1,1.0,1,0.29694131286074443,60
3098,1,4945,2432,2513,0,0,0,1.0,1,1.0,1,1.0,1,0.3146428800002634,58
3099,0,4945,2432,2513,0,0,0,1.0,1,1.0,1,1.0,1,0.32925673804147926,57
3100,0,4945,2432,2513,0,0,0,1.0,1,1.0,1,1.0,1,0.32925673804147926,57
3101,2,4947,2433,2514,0,0,0,1.0,1,1.0,1,1.0,1,0.3263349787890926,58
3102,4,4951,2435,2516,0,0,0,1.0,1,1.0,1,1.0,1,0.3277939087215993,59
3103,4,4955,2436,2519,0,0,0,1.0,1,1.0,1,1.0,1,0.2921041834549211,58
3104,4,4959,2438,2521,0,0,0,1.0,1,1.0,1,1.0,1,0.2869239064927528,58
3105,3,4962,2440,2522,0,0,0,1.0,1,1.0,1,1.0,1,0.292505467879739,56
3106,8,4970,2444,2526,0,0,0,1.0,1,1.0,1,1.0,1,0.2879214335238297,57
3107,8,4978,2446,2532,0,0,0,1.0,1,1.0,1,1.0,1,0.19934496019617087,55
3108,3,4981,2448,2533,0,0,0,1.0,1,1.0,1,1.0,1,0.187393434173165,55
3109,0,4981,2448,2533,0,0,0,1.0,1,1.0,1,1.0,1,0.17090791566349306,54
3110,2,4983,2450,2533,0,0,0,1.0,1,1.0,1,1.0,1,0.17739373404580958,54
3111,0,4983,2450,2533,0,0,0,1.0,1,1.0,1,1.0,1,0.17739373404580958,54
3112,4,4987,2452,2535,0,0,0,1.0,1,1.0,1,1.0,1,0.17041831998813337,56
3113,2,4989,2454,2535,0,0,0,1.0,1,1.0,1,1.0,1,0.16578787958606295,55
3114,1,4990,2455,2535,0,0,0,1.0,1,1.0,1,1.0,1,0.185282069938421,54
3115,1,4991,2455,2536,0,0,0,1.0,1,1.0,1,1.0,1,0.17364428161086357,56
3116,4,4995,2457,2538,0,0,0,1.0,1,1.0,1,1.0,1,0.15743535885320786,56
3117,1,4996,2457,2539,0,0,0,1.0,1,1.0,1,1.0,1,0.1953388160472801,58
3118,2,4998,2458,2540,0,0,0,1.0,1,1.0,1,1.0,1,0.1890961457843735,57
3119,1,4999,2459,2540,0,0,0,1.0,1,1.0,1,1.0,1,0.19772005182023766,57
3120,0,4999,2459,2540,0,0,0,1.0,1,1.0,1,1.0,1,0.18866201568276272,56
3121,1,5000,2460,2540,0,0,0,1.0,1,1.0,1,1.0,1,0.1839656809446808,57
3122,0,5000,2460,2540,0,0,0,1.0,1,1.0,1,1.0,1,0.1839656809446808,57
3123,1,5001,2461,2540,0,0,0,1.0,1,1.0,1,1.0,1,0.1913243047741478,57
3124,1,5002,2461,2541,0,0,0,1.0,1,1.0,1,1.0,1,0.19914364913127056,59
3125,2,5004,2462,2542,0,0,0,1.0,1,1.0,1,1.0,1,0.1986993620955055,61
3126,7,5011,2463,2548,0,0,0,1.0,1,1.0,1,1.0,1,0.12266794544956681,60
3127,2,5013,2465,2548,0,0,0,1.0,1,1.0,1,1.0,1,0.1497314955755155,58
3128,2,5015,2466,2549,0,0,0,1.0,1,1.0,1,1.0,1,0.20067812536037336,58
3129,1,5016,2466,2550,0,0,0,1.0,1,1.0,1,1.0,1,0.21684725086505519,56
3130,0,5016,2466,2550,0,0,0,1.0,1,1.0,1,1.0,1,0.24698969720975414,56
3131,3,5019,2466,2553,0,0,0,1.0,1,1.0,1,1.0,1,0.21236504057936972,55
3132,1,5020,2466,2554,0,0,0,1.0,1,1.0,1,1.0,1,0.18655494453606908,53
3133,0,5020,2466,2554,0,0,0,1.0,1,1.0,1,1.0,1,0.18183057002206263,52
3134,1,5021,2467,2554,0,0,0,1.0,1,1.0,1,1.0,1,0.1912429205166655,52
3135,3,5024,2468,2556,0,0,0,1.0,1,1.0,1,1.0,1,0.15226474553628688,53
3136,3,5027,2470,2557,0,0,0,1.0,1,1.0,1,1.0,1,0.179899497654947,54
3137,5,5032,2473,2559,0,0,0,1.0,1,1.0,1,1.0,1,0.16754083407531886,55
3138,6,5038,2476,2562,0,0,0,1.0,1,1.0,1,1.0,1,0.1902130973096026,57
3139,0,5038,2476,2562,0,0,0,1.0,1,1.0,1,1.0,1,0.18508877944635987,56
3140,2,5040,2477,2563,0,0,0,1.0,1,1.0,1,1.0,1,0.1536439685443859,56
3141,2,5042,2478,2564,0,0,0,1.0,1,1.0,1,1.0,1,0.16962611477309572,56
3142,1,5043,2478,2565,0,0,0,1.0,1,1.0,1,1.0,1,0.14946734630915004,56
3143,1,5044,2479,2565,0,0,0,1.0,1,1.0,1,1.0,1,0.15517305564920889,56
3144,0,5044,2479,2565,0,0,0,1.0,1,1.0,1,1.0,1,0.16156191828025065,54
3145,1,5045,2480,2565,0,0,0,1.0,1,1.0,1,1.0,1,0.19363477133952692,55
3146,3,5048,2481,2567,0,0,0,1.0,1,1.0,1,1.0,1,0.15100053533917365,53
3147,1,5049,2481,2568,0,0,0,1.0,1,1.0,1,1.0,1,0.13959394084610685,54
3148,2,5051,2482,2569,0,0,0,1.0,1,1.0,1,1.0,1,0.11256531723378965,54
3149,0,5051,2482,2569,0,0,0,1.0,1,1.0,1,1.0,1,0.11399028254400734,53
3150,0,5051,2482,2569,0,0,0,1.0,1,1.0,1,1.0,1,0.11399028254400734,53
3151,2,5053,2483,2570,0,0,0,1.0,1,1.0,1,1.0,1,0.09259967821231081,53
3152,0,5053,2483,2570,0,0,0,1.0,1,1.0,1,1.0,1,0.07891028831300287,54
3153,0,5053,2483,2570,0,0,0,1.0,1,1.0,1,1.0,1,0.10128833294760888,53
3154,1,5054,2484,2570,0,0,0,1.0,1,1.0,1,1.0,1,0.1401304838998482,55
3155,0,5054,2484,2570,0,0,0,1.0,1,1.0,1,1.0,1,0.14540605464239487,56
3156,2,5056,2485,2571,0,0,0,1.0,1,1.0,1,1.0,1,0.16074644087914447,56
3157,0,5056,2485,2571,0,0,0,1.0,1,1.0,1,1.0,1,0.16074644087914447,56
3158,1,5057,2485,2572,0,0,0,1.0,1,1.0,1,1.0,1,0.15352510701145794,57
3159,1,5058,2486,2572,0,0,0,1.0,1,1.0,1,1.0,1,0.17536080417664243,56
3160,4,5062,2487,2575,0,0,0,1.0,1,1.0,1,1.0,1,0.18994633856278081,58
3161,2,5064,2487,2577,0,0,0,1.0,1,1.0,1,1.0,1,0.14469703617542534,59
3162,1,5065,2488,2577,0,0,0,1.0,1,1.0,1,1.0,1,0.17178835097917347,59
3163,4,5069,2490,2579,0,0,0,1.0,1,1.0,1,1.0,1,0.20107521069681034,59
3164,1,5070,2491,2579,0,0,0,1.0,1,1.0,1,1.0,1,0.21242049627553447,60
3165,1,5071,2491,2580,0,0,0,1.0,1,1.0,1,1.0,1,0.1871410051125041,58
3166,4,5075,2493,2582,0,0,0,1.0,1,1.0,1,1.0,1,0.15565646947379544,59
3167,4,5079,2496,2583,0,0,0,1.0,1,1.0,1,1.0,1,0.17115133022314138,57
3168,2,5081,2496,2585,0,0,0,1.0,1,1.0,1,1.0,1,0.16660384328525502,58
3169,3,5084,2497,2587,0,0,0,1.0,1,1.0,1,1.0,1,0.16616581399266128,57
3170,1,5085,2497,2588,0,0,0,1.0,1,1.0,1,1.0,1,0.2147537732164483,55
3171,8,5093,2502,2591,0,0,0,1.0,1,1.0,1,1.0,1,0.2205659128195921,56
3172,2,5095,2502,2593,0,0,0,1.0,1,1.0,1,1.0,1,0.1937236168976753,54
3173,4,5099,2504,2595,0,0,0,1.0,1,1.0,1,1.0,1,0.1985314987622861,53
3174,0,5099,2504,2595,0,0,0,1.0,1,1.0,1,1.0,1,0.18697918681558842,53
3175,1,5100,2504,2596,0,0,0,1.0,1,1.0,1,1.0,1,0.1753755322585453,52
3176,5,5105,2508,2597,0,0,0,1.0,1,1.0,1,1.0,1,0.2369970054146569,53
3177,2,5107,2510,2597,0,0,0,1.0,1,1.0,1,1.0,1,0.27208982166451934,52
3178,5,5112,2512,2600,0,0,0,1.0,1,1.0,1,1.0,1,0.2898649844115842,53
3179,1,5113,2512,2601,0,0,0,1.0,1,1.0,1,1.0,1,0.2614973059318242,54
3180,0,5113,2512,2601,0,0,0,1.0,1,1.0,1,1.0,1,0.281044663297444,54
3181,3,5116,2512,2604,0,0,0,1.0,1,1.0,1,1.0,1,0.2145867674508315,55
3182,1,5117,2512,2605,0,0,0,1.0,1,1.0,1,1.0,1,0.21801178101808819,54
3183,4,5121,2513,2608,0,0,0,1.0,1,1.0,1,1.0,1,0.21955832550219181,56
3184,2,5123,2515,2608,0,0,0,1.0,1,1.0,1,1.0,1,0.24760920450907822,54
3185,3,5126,2516,2610,0,0,0,1.0,1,1.0,1,1.0,1,0.25158879936768697,53
3186,6,5132,2518,2614,0,0,0,1.0,1,1.0,1,1.0,1,0.2452825078380286,52
3187,1,5133,2519,2614,0,0,0,1.0,1,1.0,1,1.0,1,0.23634940749899597,50
3188,1,5134,2520,2614,0,0,0,1.0,1,1.0,1,1.0,1,0.24457341585218983,50
3189,6,5140,2523,2617,0,0,0,1.0,1,1.0,1,1.0,1,0.23059973676060075,49
3190,1,5141,2524,2617,0,0,0,1.0,1,1.0,1,1.0,1,0.2549135598108157,50
3191,1,5142,2524,2618,0,0,0,1.0,1,1.0,1,1.0,1,0.24103722092755328,49
3192,0,5142,2524,2618,0,0,0,1.0,1,1.0,1,1.0,1,0.24103722092755328,49
3193,0,5142,2524,2618,0,0,0,1.0,1,1.0,1,1.0,1,0.23815275684902845,49
3194,2,5144,2526,2618,0,0,0,1.0,1,1.0,1,1.0,1,0.2731659218084198,50
3195,1,5145,2526,2619,0,0,0,1.0,1,1.0,1,1.0,1,0.27706454755159277,49
3196,1,5146,2526,2620,0,0,0,1.0,1,1.0,1,1.0,1,0.2595820666643583,49
3197,1,5147,2526,2621,0,0,0,1.0,1,1.0,1,1.0,1,0.2119587448710945,50
3198,2,5149,2526,2623,0,0,0,1.0,1,1.0,1,1.0,1,0.17265308774356358,50
3199,1,5150,2526,2624,0,0,0,1.0,1,1.0,1,1.0,1,0.16308299682178815,52
3200,0,5150,2526,2624,0,0,0,1.0,1,1.0,1,1.0,1,0.16453125010834274,53
3201,6,5156,2528,2628,0,0,0,1.0,1,1.0,1,1.0,1,0.15198433743604142,55
3202,0,5156,2528,2628,0,0,0,1.0,1,1.0,1,1.0,1,0.15198433743604142,55
3203,0,5156,2528,2628,0,0,0,1.0,1,1.0,1,1.0,1,0.16025670801723021,53
3204,1,5157,2528,2629,0,0,0,1.0,1,1.0,1,1.0,1,0.156239446253048,53
3205,1,5158,2529,2629,0,0,0,1.0,1,1.0,1,1.0,1,0.16755992951805815,53
3206,0,5158,2529,2629,0,0,0,1.0,1,1.0,1,1.0,1,0.18832095995395884,52
3207,3,5161,2532,2629,0,0,0,1.0,1,1.0,1,1.0,1,0.2627614602544083,53
3208,1,5162,2532,2630,0,0,0,1.0,1,1.0,1,1.0,1,0.27176317209150813,51
3209,1,5163,2532,2631,0,0,0,1.0,1,1.0,1,1.0,1,0.26278867134077405,52
3210,0,5163,2532,2631,0,0,0,1.0,1,1.0,1,1.0,1,0.2736463590414953,49
3211,4,5167,2534,2633,0,0,0,1.0,1,1.0,1,1.0,1,0.2541214788866281,48
3212,0,5167,2534,2633,0,0,0,1.0,1,1.0,1,1.0,1,0.2518662366397332,48
3213,2,5169,2535,2634,0,0,0,1.0,1,1.0,1,1.0,1,0.22252785924212198,49
3214,2,5171,2537,2634,0,0,0,1.0,1,1.0,1,1.0,1,0.21347993401642215,51
3215,1,5172,2537,2635,0,0,0,1.0,1,1.0,1,1.0,1,0.19636071905910407,51
3216,2,5174,2539,2635,0,0,0,1.0,1,1.0,1,1.0,1,0.20375486669087267,51
3217,1,5175,2540,2635,0,0,0,1.0,1,1.0,1,1.0,1,0.22332284096965102,51
3218,0,5175,2540,2635,0,0,0,1.0,1,1.0,1,1.0,1,0.22332284096965102,51
3219,1,5176,2540,2636,0,0,0,1.0,1,1.0,1,1.0,1,0.23110897134858502,52
3220,0,5176,2540,2636,0,0,0,1.0,1,1.0,1,1.0,1,0.23110897134858502,52
3221,1,5177,2540,2637,0,0,0,1.0,1,1.0,1,1.0,1,0.21768668820242265,54
3222,0,5177,2540,2637,0,0,0,1.0,1,1.0,1,1.0,1,0.2095159259573227,54
3223,1,5178,2540,2638,0,0,0,1.0,1,1.0,1,1.0,1,0.21986100889799085,56
3224,1,5179,2541,2638,0,0,0,1.0,1,1.0,1,1.0,1,0.23272723893178054,57
3225,2,5181,2541,2640,0,0,0,1.0,1,1.0,1,1.0,1,0.2340212829289956,58
3226,1,5182,2541,2641,0,0,0,1.0,1,1.0,1,1.0,1,0.21296185565952805,58
3227,0,5182,2541,2641,0,0,0,1.0,1,1.0,1,1.0,1,0.21296185565952805,58
3228,0,5182,2541,2641,0,0,0,1.0,1,1.0,1,1.0,1,0.21296185565952805,58
3229,1,5183,2542,2641,0,0,0,1.0,1,1.0,1,1.0,1,0.24410783023518406,60
3230,1,5184,2542,2642,0,0,0,1.0,1,1.0,1,1.0,1,0.23520492457707973,61
3231,2,5186,2542,2644,0,0,0,1.0,1,1.0,1,1.0,1,0.21618682086621194,61
3232,0,5186,2542,2644,0,0,0,1.0,1,1.0,1,1.0,1,0.21618682086621194,61
3233,0,5186,2542,2644,0,0,0,1.0,1,1.0,1,1.0,1,0.2259242028965746,63
3234,4,5190,2543,2647,0,0,0,1.0,1,1.0,1,1.0,1,0.21559863874033716,64
3235,1,5191,2543,2648,0,0,0,1.0,1,1.0,1,1.0,1,0.19573175761839584,65
3236,1,5192,2543,2649,0,0,0,1.0,1,1.0,1,1.0,1,0.1952762123666431,66
3237,1,5193,2543,2650,0,0,0,1.0,1,1.0,1,1.0,1,0.18133018211401003,67
3238,0,5193,2543,2650,0,0,0,1.0,1,1.0,1,1.0,1,0.18133018211401003,67
3239,2,5195,2544,2651,0,0,0,1.0,1,1.0,1,1.0,1,0.18100045963796435,69
3240,1,5196,2545,2651,0,0,0,1.0,1,1.0,1,1.0,1,0.18799265796521752,69
3241,5,5201,2548,2653,0,0,0,1.0,1,1.0,1,1.0,1,0.17172309289167392,68
3242,1,5202,2549,2653,0,0,0,1.0,1,1.0,1,1.0,1,0.1774524193877644,67
3243,3,5205,2551,2654,0,0,0,1.0,1,1.0,1,1.0,1,0.19380804508733232,68
3244,0,5205,2551,2654,0,0,0,1.0,1,1.0,1,1.0,1,0.17897943752346807,68
3245,0,5205,2551,2654,0,0,0,1.0,1,1.0,1,1.0,1,0.19222996848668172,69
3246,4,5209,2552,2657,0,0,0,1.0,1,1.0,1,1.0,1,0.16984706027767368,68
3247,1,5210,2552,2658,0,0,0,1.0,1,1.0,1,1.0,1,0.15931402160918762,68
3248,2,5212,2553,2659,0,0,0,1.0,1,1.0,1,1.0,1,0.17302572919181416,68
3249,0,5212,2553,2659,0,0,0,1.0,1,1.0,1,1.0,1,0.18037478684445105,69
3250,1,5213,2553,2660,0,0,0,1.0,1,1.0,1,1.0,1,0.1661157353254846,69
3251,1,5214,2554,2660,0,0,0,1.0,1,1.0,1,1.0,1,0.19432542825008547,68
3252,0,5214,2554,2660,0,0,0,1.0,1,1.0,1,1.0,1,0.17286370288400743,68
3253,2,5216,2555,2661,0,0,0,1.0,1,1.0,1,1.0,1,0.1644852635533887,69
3254,1,5217,2555,2662,0,0,0,1.0,1,1.0,1,1.0,1,0.15709137490545397,69
3255,4,5221,2556,2665,0,0,0,1.0,1,1.0,1,1.0,1,0.14682389360737585,70
3256,3,5224,2556,2668,0,0,0,1.0,1,1.0,1,1.0,1,0.11802175897242842,70
3257,0,5224,2556,2668,0,0,0,1.0,1,1.0,1,1.0,1,0.12170218334192381,71
3258,3,5227,2558,2669,0,0,0,1.0,1,1.0,1,1.0,1,0.12338995541718933,72
3259,1,5228,2559,2669,0,0,0,1.0,1,1.0,1,1.0,1,0.13696403092708176,71
3260,1,5229,2559,2670,0,0,0,1.0,1,1.0,1,1.0,1,0.15612894381133186,72
3261,1,5230,2559,2671,0,0,0,1.0,1,1.0,1,1.0,1,0.16078275428286332,74
3262,0,5230,2559,2671,0,0,0,1.0,1,1.0,1,1.0,1,0.17084906699237853,73
3263,2,5232,2560,2672,0,0,0,1.0,1,1.0,1,1.0,1,0.18102832277010716,73
3264,2,5234,2562,2672,0,0,0,1.0,1,1.0,1,1.0,1,0.21818700547941738,71
3265,3,5237,2565,2672,0,0,0,1.0,1,1.0,1,1.0,1,0.24140065551415568,70
3266,4,5241,2568,2673,0,0,0,1.0,1,1.0,1,1.0,1,0.1962796404010817,69
3267,3,5244,2570,2674,0,0,0,1.0,1,1.0,1,1.0,1,0.1987006634227647,69
3268,2,5246,2572,2674,0,0,0,1.0,1,1.0,1,1.0,1,0.2191708570572355,68
3269,3,5249,2573,2676,0,0,0,1.0,1,1.0,1,1.0,1,0.2285891752404941,68
3270,0,5249,2573,2676,0,0,0,1.0,1,1.0,1,1.0,1,0.2376277530656097,67
3271,4,5253,2574,2679,0,0,0,1.0,1,1.0,1,1.0,1,0.21084942258544706,66
3272,0,5253,2574,2679,0,0,0,1.0,1,1.0,1,1.0,1,0.20090285793983712,67
3273,1,5254,2574,2680,0,0,0,1.0,1,1.0,1,1.0,1,0.21252055307500387,66
3274,3,5257,2575,2682,0,0,0,1.0,1,1.0,1,1.0,1,0.20561077275142906,68
3275,2,5259,2575,2684,0,0,0,1.0,1,1.0,1,1.0,1,0.18613933895321103,68
3276,3,5262,2575,2687,0,0,0,1.0,1,1.0,1,1.0,1,0.15527435383804863,69
3277,2,5264,2575,2689,0,0,0,1.0,1,1.0,1,1.0,1,0.12986110399211245,68
3278,0,5264,2575,2689,0,0,0,1.0,1,1.0,1,1.0,1,0.13735811282328883,69
3279,1,5265,2576,2689,0,0,0,1.0,1,1.0,1,1.0,1,0.15023975666396028,67
3280,1,5266,2577,2689,0,0,0,1.0,1,1.0,1,1.0,1,0.18038489987988857,66
3281,4,5270,2579,2691,0,0,0,1.0,1,1.0,1,1.0,1,0.2124509172280211,67
3282,5,5275,2581,2694,0,0,0,1.0,1,1.0,1,1.0,1,0.2225325050523554,66
3283,2,5277,2582,2695,0,0,0,1.0,1,1.0,1,1.0,1,0.24313222667776827,67
3284,1,5278,2582,2696,0,0,0,1.0,1,1.0,1,1.0,1,0.18450000098542732,66
3285,0,5278,2582,2696,0,0,0,1.0,1,1.0,1,1.0,1,0.18450000098542732,66
3286,1,5279,2582,2697,0,0,0,1.0,1,1.0,1,1.0,1,0.16771223236830657,63
3287,2,5281,2584,2697,0,0,0,1.0,1,1.0,1,1.0,1,0.23624813131723424,61
3288,2,5283,2584,2699,0,0,0,1.0,1,1.0,1,1.0,1,0.22141232780209502,63
3289,2,5285,2585,2700,0,0,0,1.0,1,1.0,1,1.0,1,0.22538488212904015,62
3290,0,5285,2585,2700,0,0,0,1.0,1,1.0,1,1.0,1,0.21864105775485562,63
3291,2,5287,2586,2701,0,0,0,1.0,1,1.0,1,1.0,1,0.2547690152416266,62
3292,0,5287,2586,2701,0,0,0,1.0,1,1.0,1,1.0,1,0.2607520682919158,63
3293,4,5291,2588,2703,0,0,0,1.0,1,1.0,1,1.0,1,0.26066929139912126,65
3294,0,5291,2588,2703,0,0,0,1.0,1,1.0,1,1.0,1,0.26066929139912126,65
3295,2,5293,2590,2703,0,0,0,1.0,1,1.0,1,1.0,1,0.2708843104345131,65
3296,5,5298,2590,2708,0,0,0,1.0,1,1.0,1,1.0,1,0.21036207795997633,65
3297,2,5300,2591,2709,0,0,0,1.0,1,1.0,1,1.0,1,0.19625658293701617,66
3298,0,5300,2591,2709,0,0,0,1.0,1,1.0,1,1.0,1,0.19625658293701617,66
3299,0,5300,2591,2709,0,0,0,1.0,1,1.0,1,1.0,1,0.20421527142416965,67
3300,2,5302,2593,2709,0,0,0,1.0,1,1.0,1,1.0,1,0.23361866946176438,67
3301,3,5305,2593,2712,0,0,0,1.0,1,1.0,1,1.0,1,0.19929991362157987,68
3302,1,5306,2593,2713,0,0,0,1.0,1,1.0,1,1.0,1,0.20358981215722277,67
3303,1,5307,2594,2713,0,0,0,1.0,1,1.0,1,1.0,1,0.2172915837313467,67
3304,1,5308,2595,2713,0,0,0,1.0,1,1.0,1,1.0,1,0.2159659697338524,67
3305,3,5311,2595,2716,0,0,0,1.0,1,1.0,1,1.0,1,0.20577431159269638,69
3306,2,5313,2595,2718,0,0,0,1.0,1,1.0,1,1.0,1,0.18168802318490151,70
3307,0,5313,2595,2718,0,0,0,1.0,1,1.0,1,1.0,1,0.18168802318490151,70
3308,1,5314,2596,2718,0,0,0,1.0,1,1.0,1,1.0,1,0.18224449713016788,70
3309,0,5314,2596,2718,0,0,0,1.0,1,1.0,1,1.0,1,0.19794133166788996,72
3310,1,5315,2596,2719,0,0,0,1.0,1,1.0,1,1.0,1,0.20055201558118918,74
3311,3,5318,2596,2722,0,0,0,1.0,1,1.0,1,1.0,1,0.17703215458789215,74
3312,0,5318,2596,2722,0,0,0,1.0,1,1.0,1,1.0,1,0.17703215458789215,74
3313,0,5318,2596,2722,0,0,0,1.0,1,1.0,1,1.0,1,0.19716525084545078,75
3314,2,5320,2596,2724,0,0,0,1.0,1,1.0,1,1.0,1,0.19441070737114233,76
3315,2,5322,2597,2725,0,0,0,1.0,1,1.0,1,1.0,1,0.21785497737456436,75
3316,3,5325,2599,2726,0,0,0,1.0,1,1.0,1,1.0,1,0.23182301478768177,76
3317,2,5327,2601,2726,0,0,0,1.0,1,1.0,1,1.0,1,0.26313758724004827,73
3318,10,5337,2605,2732,0,0,0,1.0,1,1.0,1,1.0,1,0.2416310409946811,72
3319,4,5341,2606,2735,0,0,0,1.0,1,1.0,1,1.0,1,0.22335845187180944,71
3320,0,5341,2606,2735,0,0,0,1.0,1,1.0,1,1.0,1,0.2209571671578262,70
3321,2,5343,2607,2736,0,0,0,1.0,1,1.0,1,1.0,1,0.2238948695384027,69
3322,1,5344,2608,2736,0,0,0,1.0,1,1.0,1,1.0,1,0.21413665190296347,68
3323,3,5347,2609,2738,0,0,0,1.0,1,1.0,1,1.0,1,0.2263853379479177,69
3324,0,5347,2609,2738,0,0,0,1.0,1,1.0,1,1.0,1,0.2105104844418524,69
3325,0,5347,2609,2738,0,0,0,1.0,1,1.0,1,1.0,1,0.21286293293796,70
3326,4,5351,2610,2741,0,0,0,1.0,1,1.0,1,1.0,1,0.2037668353015344,69
3327,3,5354,2611,2743,0,0,0,1.0,1,1.0,1,1.0,1,0.1930994137798318,70
3328,3,5357,2612,2745,0,0,0,1.0,1,1.0,1,1.0,1,0.19447322139941065,73
3329,1,5358,2613,2745,0,0,0,1.0,1,1.0,1,1.0,1,0.2322286293114301,72
3330,1,5359,2614,2745,0,0,0,1.0,1,1.0,1,1.0,1,0.2387936171605692,72
3331,1,5360,2615,2745,0,0,0,1.0,1,1.0,1,1.0,1,0.23104998971294372,72
3332,1,5361,2615,2746,0,0,0,1.0,1,1.0,1,1.0,1,0.22723736880637285,73
3333,0,5361,2615,2746,0,0,0,1.0,1,1.0,1,1.0,1,0.23185895783764796,72
3334,1,5362,2615,2747,0,0,0,1.0,1,1.0,1,1.0,1,0.22141556227625447,73
3335,0,5362,2615,2747,0,0,0,1.0,1,1.0,1,1.0,1,0.22811980994141365,74
3336,0,5362,2615,2747,0,0,0,1.0,1,1.0,1,1.0,1,0.22811980994141365,74
3337,0,5362,2615,2747,0,0,0,1.0,1,1.0,1,1.0,1,0.22811980994141365,74
3338,0,5362,2615,2747,0,0,0,1.0,1,1.0,1,1.0,1,0.22811980994141365,74
3339,1,5363,2616,2747,0,0,0,1.0,1,1.0,1,1.0,1,0.2384511939547925,75
3340,0,5363,2616,2747,0,0,0,1.0,1,1.0,1,1.0,1,0.2485240453074052,75
3341,1,5364,2616,2748,0,0,0,1.0,1,1.0,1,1.0,1,0.2518864977836469,76
3342,4,5368,2617,2751,0,0,0,1.0,1,1.0,1,1.0,1,0.2559754062751666,76
3343,5,5373,2619,2754,0,0,0,1.0,1,1.0,1,1.0,1,0.21634671777997394,75
3344,2,5375,2620,2755,0,0,0,1.0,1,1.0,1,1.0,1,0.2248685196230085,75
3345,1,5376,2621,2755,0,0,0,1.0,1,1.0,1,1.0,1,0.23853827163373684,72
3346,5,5381,2621,2760,0,0,0,1.0,1,1.0,1,1.0,1,0.224680137559974,73
3347,3,5384,2623,2761,0,0,0,1.0,1,1.0,1,1.0,1,0.2079107495141461,73
3348,1,5385,2623,2762,0,0,0,1.0,1,1.0,1,1.0,1,0.20734666687136208,73
3349,3,5388,2624,2764,0,0,0,1.0,1,1.0,1,1.0,1,0.20483574017730427,74
3350,5,5393,2626,2767,0,0,0,1.0,1,1.0,1,1.0,1,0.20111138072938975,73
3351,2,5395,2627,2768,0,0,0,1.0,1,1.0,1,1.0,1,0.20192538344937938,72
3352,1,5396,2628,2768,0,0,0,1.0,1,1.0,1,1.0,1,0.21401698169123476,72
3353,2,5398,2629,2769,0,0,0,1.0,1,1.0,1,1.0,1,0.23510842051464284,72
3354,3,5401,2631,2770,0,0,0,1.0,1,1.0,1,1.0,1,0.2254680535489779,70
3355,1,5402,2632,2770,0,0,0,1.0,1,1.0,1,1.0,1,0.23990893224146195,69
3356,3,5405,2634,2771,0,0,0,1.0,1,1.0,1,1.0,1,0.23877143439150883,69
3357,2,5407,2635,2772,0,0,0,1.0,1,1.0,1,1.0,1,0.23433688386881,68
3358,1,5408,2636,2772,0,0,0,1.0,1,1.0,1,1.0,1,0.24984159370857867,68
3359,1,5409,2637,2772,0,0,0,1.0,1,1.0,1,1.0,1,0.25814065723598767,66
3360,2,5411,2639,2772,0,0,0,1.0,1,1.0,1,1.0,1,0.30542366815283534,65
3361,2,5413,2639,2774,0,0,0,1.0,1,1.0,1,1.0,1,0.2689298445713549,64
3362,0,5413,2639,2774,0,0,0,1.0,1,1.0,1,1.0,1,0.2689298445713549,64
3363,0,5413,2639,2774,0,0,0,1.0,1,1.0,1,1.0,1,0.2648443034558552,65
3364,1,5414,2639,2775,0,0,0,1.0,1,1.0,1,1.0,1,0.25339670614479365,66
3365,1,5415,2639,2776,0,0,0,1.0,1,1.0,1,1.0,1,0.2556562500135405,68
3366,1,5416,2640,2776,0,0,0,1.0,1,1.0,1,1.0,1,0.2744556627406322,66
3367,2,5418,2640,2778,0,0,0,1.0,1,1.0,1,1.0,1,0.27113369111453023,68
3368,2,5420,2641,2779,0,0,0,1.0,1,1.0,1,1.0,1,0.27098650097112836,68
3369,3,5423,2641,2782,0,0,0,1.0,1,1.0,1,1.0,1,0.2494765076780756,69
3370,1,5424,2641,2783,0,0,0,1.0,1,1.0,1,1.0,1,0.2274759516482723,71
3371,0,5424,2641,2783,0,0,0,1.0,1,1.0,1,1.0,1,0.2274759516482723,71
3372,3,5427,2643,2784,0,0,0,1.0,1,1.0,1,1.0,1,0.21558071436866907,71
3373,1,5428,2643,2785,0,0,0,1.0,1,1.0,1,1.0,1,0.19902771586728532,72
3374,0,5428,2643,2785,0,0,0,1.0,1,1.0,1,1.0,1,0.1948551479489157,72
3375,1,5429,2644,2785,0,0,0,1.0,1,1.0,1,1.0,1,0.19713694843157678,73
3376,1,5430,2644,2786,0,0,0,1.0,1,1.0,1,1.0,1,0.19052652778886853,75
3377,1,5431,2645,2786,0,0,0,1.0,1,1.0,1,1.0,1,0.19673576701291992,77
3378,1,5432,2645,2787,0,0,0,1.0,1,1.0,1,1.0,1,0.18716604177976556,77
3379,2,5434,2647,2787,0,0,0,1.0,1,1.0,1,1.0,1,0.21572901746508333,77
3380,2,5436,2647,2789,0,0,0,1.0,1,1.0,1,1.0,1,0.2101546214225815,76
3381,2,5438,2649,2789,0,0,0,1.0,1,1.0,1,1.0,1,0.21608067181094193,76
3382,5,5443,2650,2793,0,0,0,1.0,1,1.0,1,1.0,1,0.21164365556516507,78
3383,1,5444,2650,2794,0,0,0,1.0,1,1.0,1,1.0,1,0.2152799663573898,77
3384,5,5449,2655,2794,0,0,0,1.0,1,1.0,1,1.0,1,0.24795923051153354,77
3385,2,5451,2656,2795,0,0,0,1.0,1,1.0,1,1.0,1,0.2520722937844271,75
3386,2,5453,2657,2796,0,0,0,1.0,1,1.0,1,1.0,1,0.25355132351586124,76
3387,2,5455,2658,2797,0,0,0,1.0,1,1.0,1,1.0,1,0.24881669209895577,75
3388,2,5457,2659,2798,0,0,0,1.0,1,1.0,1,1.0,1,0.253718490439398,76
3389,2,5459,2661,2798,0,0,0,1.0,1,1.0,1,1.0,1,0.25423200898603415,77
3390,0,5459,2661,2798,0,0,0,1.0,1,1.0,1,1.0,1,0.25465838256676576,76
3391,4,5463,2662,2801,0,0,0,1.0,1,1.0,1,1.0,1,0.20573172018380206,77
3392,2,5465,2662,2803,0,0,0,1.0,1,1.0,1,1.0,1,0.1908332193753896,78
3393,2,5467,2663,2804,0,0,0,1.0,1,1.0,1,1.0,1,0.17716278811411418,76
3394,3,5470,2664,2806,0,0,0,1.0,1,1.0,1,1.0,1,0.18790424543812176,75
3395,1,5471,2664,2807,0,0,0,1.0,1,1.0,1,1.0,1,0.17520223663515194,73
3396,3,5474,2664,2810,0,0,0,1.0,1,1.0,1,1.0,1,0.15830502344117808,73
3397,1,5475,2665,2810,0,0,0,1.0,1,1.0,1,1.0,1,0.1483889412788362,74
3398,1,5476,2666,2810,0,0,0,1.0,1,1.0,1,1.0,1,0.15823431440811933,74
3399,1,5477,2667,2810,0,0,0,1.0,1,1.0,1,1.0,1,0.172137723274645,75
3400,2,5479,2668,2811,0,0,0,1.0,1,1.0,1,1.0,1,0.17718212734735725,75
3401,4,5483,2669,2814,0,0,0,1.0,1,1.0,1,1.0,1,0.12379847544012802,77
3402,1,5484,2670,2814,0,0,0,1.0,1,1.0,1,1.0,1,0.13957925188235568,77
3403,1,5485,2671,2814,0,0,0,1.0,1,1.0,1,1.0,1,0.14501511697724315,78
3404,0,5485,2671,2814,0,0,0,1.0,1,1.0,1,1.0,1,0.14501511697724315,78
3405,1,5486,2671,2815,0,0,0,1.0,1,1.0,1,1.0,1,0.13771634813992295,78
3406,3,5489,2673,2816,0,0,0,1.0,1,1.0,1,1.0,1,0.16469980639162268,78
3407,0,5489,2673,2816,0,0,0,1.0,1,1.0,1,1.0,1,0.15071778251035894,78
3408,1,5490,2673,2817,0,0,0,1.0,1,1.0,1,1.0,1,0.14036426977946326,79
3409,1,5491,2673,2818,0,0,0,1.0,1,1.0,1,1.0,1,0.1334794623836942,81
3410,2,5493,2673,2820,0,0,0,1.0,1,1.0,1,1.0,1,0.12143264488241529,82
3411,1,5494,2673,2821,0,0,0,1.0,1,1.0,1,1.0,1,0.12271957567439103,84
3412,0,5494,2673,2821,0,0,0,1.0,1,1.0,1,1.0,1,0.12271957567439103,84
3413,1,5495,2674,2821,0,0,0,1.0,1,1.0,1,1.0,1,0.1254845639376397,84
3414,0,5495,2674,2821,0,0,0,1.0,1,1.0,1,1.0,1,0.1254845639376397,84
3415,1,5496,2675,2821,0,0,0,1.0,1,1.0,1,1.0,1,0.13405193351742278,85
3416,3,5499,2677,2822,0,0,0,1.0,1,1.0,1,1.0,1,0.13300349573935888,85
3417,3,5502,2678,2824,0,0,0,1.0,1,1.0,1,1.0,1,0.1339911470980637,86
3418,2,5504,2680,2824,0,0,0,1.0,1,1.0,1,1.0,1,0.1623179768551852,86
3419,3,5507,2681,2826,0,0,0,1.0,1,1.0,1,1.0,1,0.16087157131841007,87
3420,0,5507,2681,2826,0,0,0,1.0,1,1.0,1,1.0,1,0.16625831887265755,88
3421,3,5510,2683,2827,0,0,0,1.0,1,1.0,1,1.0,1,0.16955158506888213,89
3422,1,5511,2683,2828,0,0,0,1.0,1,1.0,1,1.0,1,0.17256071036461362,90
3423,1,5512,2684,2828,0,0,0,1.0,1,1.0,1,1.0,1,0.16830158682858806,90
3424,0,5512,2684,2828,0,0,0,1.0,1,1.0,1,1.0,1,0.1606495485469806,91
3425,1,5513,2685,2828,0,0,0,1.0,1,1.0,1,1.0,1,0.16561432933892256,90
3426,5,5518,2687,2831,0,0,0,1.0,1,1.0,1,1.0,1,0.15465949404948262,92
3427,1,5519,2687,2832,0,0,0,1.0,1,1.0,1,1.0,1,0.15950439891769982,92
3428,0,5519,2687,2832,0,0,0,1.0,1,1.0,1,1.0,1,0.1670148195608498,91
3429,0,5519,2687,2832,0,0,0,1.0,1,1.0,1,1.0,1,0.1670148195608498,91
3430,5,5524,2690,2834,0,0,0,1.0,1,1.0,1,1.0,1,0.17729266171632857,91
3431,2,5526,2690,2836,0,0,0,1.0,1,1.0,1,1.0,1,0.15925818573361217,90
3432,4,5530,2693,2837,0,0,0,1.0,1,1.0,1,1.0,1,0.1756545937555694,91
3433,0,5530,2693,2837,0,0,0,1.0,1,1.0,1,1.0,1,0.1674381910087173,90
3434,1,5531,2693,2838,0,0,0,1.0,1,1.0,1,1.0,1,0.1613158550140339,89
3435,1,5532,2694,2838,0,0,0,1.0,1,1.0,1,1.0,1,0.1719582745577537,88
3436,4,5536,2694,2842,0,0,0,1.0,1,1.0,1,1.0,1,0.1465515059909431,86
3437,1,5537,2695,2842,0,0,0,1.0,1,1.0,1,1.0,1,0.14596846286959667,86
3438,1,5538,2695,2843,0,0,0,1.0,1,1.0,1,1.0,1,0.149810976331022,87
3439,2,5540,2696,2844,0,0,0,1.0,1,1.0,1,1.0,1,0.1664910040686146,86
3440,2,5542,2696,2846,0,0,0,1.0,1,1.0,1,1.0,1,0.14947127615199315,86
3441,2,5544,2697,2847,0,0,0,1.0,1,1.0,1,1.0,1,0.14723239287519999,85
3442,0,5544,2697,2847,0,0,0,1.0,1,1.0,1,1.0,1,0.1477391209290681,85
3443,1,5545,2697,2848,0,0,0,1.0,1,1.0,1,1.0,1,0.1521527686040434,85
3444,2,5547,2698,2849,0,0,0,1.0,1,1.0,1,1.0,1,0.1427900745775175,85
3445,2,5549,2700,2849,0,0,0,1.0,1,1.0,1,1.0,1,0.17004933377035641,84
3446,3,5552,2702,2850,0,0,0,1.0,1,1.0,1,1.0,1,0.19156053036269044,85
3447,2,5554,2703,2851,0,0,0,1.0,1,1.0,1,1.0,1,0.19627971007736647,85
3448,2,5556,2705,2851,0,0,0,1.0,1,1.0,1,1.0,1,0.20243741894386222,85
3449,1,5557,2705,2852,0,0,0,1.0,1,1.0,1,1.0,1,0.19889960501479975,84
3450,0,5557,2705,2852,0,0,0,1.0,1,1.0,1,1.0,1,0.19889960501479975,84
3451,4,5561,2707,2854,0,0,0,1.0,1,1.0,1,1.0,1,0.20140706738534245,85
3452,0,5561,2707,2854,0,0,0,1.0,1,1.0,1,1.0,1,0.19602500424372996,86
3453,0,5561,2707,2854,0,0,0,1.0,1,1.0,1,1.0,1,0.19795290865028606,85
3454,0,5561,2707,2854,0,0,0,1.0,1,1.0,1,1.0,1,0.1881258535222961,88
3455,1,5562,2708,2854,0,0,0,1.0,1,1.0,1,1.0,1,0.18528238163254615,88
3456,2,5564,2709,2855,0,0,0,1.0,1,1.0,1,1.0,1,0.187537099753993,88
3457,2,5566,2710,2856,0,0,0,1.0,1,1.0,1,1.0,1,0.19106243498231237,89
3458,0,5566,2710,2856,0,0,0,1.0,1,1.0,1,1.0,1,0.19684935435328277,88
3459,0,5566,2710,2856,0,0,0,1.0,1,1.0,1,1.0,1,0.19684935435328277,88
3460,0,5566,2710,2856,0,0,0,1.0,1,1.0,1,1.0,1,0.1919352797991213,89
3461,1,5567,2710,2857,0,0,0,1.0,1,1.0,1,1.0,1,0.18925987952531287,89
3462,1,5568,2710,2858,0,0,0,1.0,1,1.0,1,1.0,1,0.19179989048813115,90
3463,2,5570,2710,2860,0,0,0,1.0,1,1.0,1,1.0,1,0.1800207525314552,89
3464,1,5571,2711,2860,0,0,0,1.0,1,1.0,1,1.0,1,0.17827702755409106,88
3465,3,5574,2711,2863,0,0,0,1.0,1,1.0,1,1.0,1,0.17852407180991015,87
3466,3,5577,2711,2866,0,0,0,1.0,1,1.0,1,1.0,1,0.15220329135466293,87
3467,1,5578,2712,2866,0,0,0,1.0,1,1.0,1,1.0,1,0.1626816949636906,87
3468,3,5581,2714,2867,0,0,0,1.0,1,1.0,1,1.0,1,0.1753335682693359,88
3469,1,5582,2715,2867,0,0,0,1.0,1,1.0,1,1.0,1,0.1883437584860862,85
3470,3,5585,2717,2868,0,0,0,1.0,1,1.0,1,1.0,1,0.19947428480312537,86
3471,8,5593,2719,2874,0,0,0,1.0,1,1.0,1,1.0,1,0.19474511640900108,84
3472,0,5593,2719,2874,0,0,0,1.0,1,1.0,1,1.0,1,0.19099850969886223,83
3473,0,5593,2719,2874,0,0,0,1.0,1,1.0,1,1.0,1,0.19705632488038208,81
3474,1,5594,2719,2875,0,0,0,1.0,1,1.0,1,1.0,1,0.16801785792674523,80
3475,1,5595,2720,2875,0,0,0,1.0,1,1.0,1,1.0,1,0.18968157692464568,82
3476,4,5599,2721,2878,0,0,0,1.0,1,1.0,1,1.0,1,0.1683607434020611,81
3477,2,5601,2723,2878,0,0,0,1.0,1,1.0,1,1.0,1,0.18669420186594982,83
3478,3,5604,2724,2880,0,0,0,1.0,1,1.0,1,1.0,1,0.1738983585697509,83
3479,2,5606,2725,2881,0,0,0,1.0,1,1.0,1,1.0,1,0.16176654449292022,83
3480,0,5606,2725,2881,0,0,0,1.0,1,1.0,1,1.0,1,0.16176654449292022,83
3481,4,5610,2727,2883,0,0,0,1.0,1,1.0,1,1.0,1,0.14997769273759282,83
3482,3,5613,2728,2885,0,0,0,1.0,1,1.0,1,1.0,1,0.1555696186595478,83
3483,5,5618,2731,2887,0,0,0,1.0,1,1.0,1,1.0,1,0.16212040476908043,82
3484,1,5619,2732,2887,0,0,0,1.0,1,1.0,1,1.0,1,0.17950623985092418,82
3485,0,5619,2732,2887,0,0,0,1.0,1,1.0,1,1.0,1,0.18724434362621145,83
3486,1,5620,2732,2888,0,0,0,1.0,1,1.0,1,1.0,1,0.1766596614294628,83
3487,0,5620,2732,2888,0,0,0,1.0,1,1.0,1,1.0,1,0.18216647113110532,84
3488,1,5621,2732,2889,0,0,0,1.0,1,1.0,1,1.0,1,0.178924482142985,84
3489,1,5622,2732,2890,0,0,0,1.0,1,1.0,1,1.0,1,0.16026748744628513,84
3490,0,5622,2732,2890,0,0,0,1.0,1,1.0,1,1.0,1,0.16026748744628513,84
3491,1,5623,2732,2891,0,0,0,1.0,1,1.0,1,1.0,1,0.16133524297273819,86
3492,1,5624,2732,2892,0,0,0,1.0,1,1.0,1,1.0,1,0.15309764143612214,86
3493,0,5624,2732,2892,0,0,0,1.0,1,1.0,1,1.0,1,0.15309764143612214,86
3494,1,5625,2732,2893,0,0,0,1.0,1,1.0,1,1.0,1,0.14432423766290584,86
3495,0,5625,2732,2893,0,0,0,1.0,1,1.0,1,1.0,1,0.14069482801736516,87
3496,0,5625,2732,2893,0,0,0,1.0,1,1.0,1,1.0,1,0.1538954957697823,88
3497,1,5626,2733,2893,0,0,0,1.0,1,1.0,1,1.0,1,0.1727258224274729,89
3498,5,5631,2733,2898,0,0,0,1.0,1,1.0,1,1.0,1,0.13736433460408673,89
3499,2,5633,2734,2899,0,0,0,1.0,1,1.0,1,1.0,1,0.13083736595422354,91
3500,1,5634,2735,2899,0,0,0,1.0,1,1.0,1,1.0,1,0.14273938306200148,90
3501,0,5634,2735,2899,0,0,0,1.0,1,1.0,1,1.0,1,0.14273938306200148,90
3502,1,5635,2736,2899,0,0,0,1.0,1,1.0,1,1.0,1,0.15186685278068704,91
3503,2,5637,2738,2899,0,0,0,1.0,1,1.0,1,1.0,1,0.16142728808770263,91
3504,4,5641,2740,2901,0,0,0,1.0,1,1.0,1,1.0,1,0.17322682917368312,89
3505,1,5642,2741,2901,0,0,0,1.0,1,1.0,1,1.0,1,0.18852703725521783,87
3506,4,5646,2742,2904,0,0,0,1.0,1,1.0,1,1.0,1,0.17241694326150742,87
3507,4,5650,2744,2906,0,0,0,1.0,1,1.0,1,1.0,1,0.14557255562730123,84
3508,4,5654,2747,2907,0,0,0,1.0,1,1.0,1,1.0,1,0.17940403664031176,83
3509,2,5656,2748,2908,0,0,0,1.0,1,1.0,1,1.0,1,0.17597371898189051,80
3510,0,5656,2748,2908,0,0,0,1.0,1,1.0,1,1.0,1,0.1750502421193824,78
3511,4,5660,2751,2909,0,0,0,1.0,1,1.0,1,1.0,1,0.16949410771443868,77
3512,0,5660,2751,2909,0,0,0,1.0,1,1.0,1,1.0,1,0.18149219696767693,74
3513,1,5661,2752,2909,0,0,0,1.0,1,1.0,1,1.0,1,0.1874186729599129,76
3514,1,5662,2753,2909,0,0,0,1.0,1,1.0,1,1.0,1,0.17944659018669568,76
3515,0,5662,2753,2909,0,0,0,1.0,1,1.0,1,1.0,1,0.18060508366279673,75
3516,1,5663,2754,2909,0,0,0,1.0,1,1.0,1,1.0,1,0.19646890078912704,73
3517,4,5667,2757,2910,0,0,0,1.0,1,1.0,1,1.0,1,0.21299816345867545,74
3518,0,5667,2757,2910,0,0,0,1.0,1,1.0,1,1.0,1,0.227668146685092,74
3519,0,5667,2757,2910,0,0,0,1.0,1,1.0,1,1.0,1,0.2377459984600462,73
3520,1,5668,2757,2911,0,0,0,1.0,1,1.0,1,1.0,1,0.22451958591177598,74
3521,3,5671,2757,2914,0,0,0,1.0,1,1.0,1,1.0,1,0.19802291339969502,75
3522,0,5671,2757,2914,0,0,0,1.0,1,1.0,1,1.0,1,0.19802291339969502,75
3523,1,5672,2757,2915,0,0,0,1.0,1,1.0,1,1.0,1,0.1844282062947117,75
3524,1,5673,2758,2915,0,0,0,1.0,1,1.0,1,1.0,1,0.1739196266306266,75
3525,0,5673,2758,2915,0,0,0,1.0,1,1.0,1,1.0,1,0.18473534177207238,75
3526,5,5678,2760,2918,0,0,0,1.0,1,1.0,1,1.0,1,0.17628760632578125,76
3527,6,5684,2762,2922,0,0,0,1.0,1,1.0,1,1.0,1,0.1940056470419777,77
3528,2,5686,2763,2923,0,0,0,1.0,1,1.0,1,1.0,1,0.21599383178095072,77
3529,4,5690,2764,2926,0,0,0,1.0,1,1.0,1,1.0,1,0.19653972052719365,78
3530,0,5690,2764,2926,0,0,0,1.0,1,1.0,1,1.0,1,0.21740567677287378,78
3531,2,5692,2765,2927,0,0,0,1.0,1,1.0,1,1.0,1,0.2285885293272603,79
3532,2,5694,2766,2928,0,0,0,1.0,1,1.0,1,1.0,1,0.2509400714819565,79
3533,2,5696,2767,2929,0,0,0,1.0,1,1.0,1,1.0,1,0.2699081404328492,79
3534,2,5698,2769,2929,0,0,0,1.0,1,1.0,1,1.0,1,0.2871940276685957,80
3535,1,5699,2769,2930,0,0,0,1.0,1,1.0,1,1.0,1,0.28787663984318074,81
3536,4,5703,2769,2934,0,0,0,1.0,1,1.0,1,1.0,1,0.24905285582477021,82
3537,0,5703,2769,2934,0,0,0,1.0,1,1.0,1,1.0,1,0.24905285582477021,82
3538,2,5705,2770,2935,0,0,0,1.0,1,1.0,1,1.0,1,0.24874124142204126,83
3539,0,5705,2770,2935,0,0,0,1.0,1,1.0,1,1.0,1,0.24874124142204126,83
3540,0,5705,2770,2935,0,0,0,1.0,1,1.0,1,1.0,1,0.23746653627852993,85
3541,1,5706,2771,2935,0,0,0,1.0,1,1.0,1,1.0,1,0.24262033739958663,85
3542,4,5710,2772,2938,0,0,0,1.0,1,1.0,1,1.0,1,0.2110169506395273,88
3543,1,5711,2773,2938,0,0,0,1.0,1,1.0,1,1.0,1,0.20778782266169693,87
3544,1,5712,2774,2938,0,0,0,1.0,1,1.0,1,1.0,1,0.2121910835219178,87
3545,1,5713,2775,2938,0,0,0,1.0,1,1.0,1,1.0,1,0.21809670644825263,85
3546,0,5713,2775,2938,0,0,0,1.0,1,1.0,1,1.0,1,0.21107586643732484,83
3547,2,5715,2775,2940,0,0,0,1.0,1,1.0,1,1.0,1,0.19961662773179586,82
3548,2,5717,2777,2940,0,0,0,1.0,1,1.0,1,1.0,1,0.20376792999462917,82
3549,1,5718,2778,2940,0,0,0,1.0,1,1.0,1,1.0,1,0.20271961418014695,81
3550,3,5721,2780,2941,0,0,0,1.0,1,1.0,1,1.0,1,0.21047889840903655,79
3551,4,5725,2782,2943,0,0,0,1.0,1,1.0,1,1.0,1,0.2011586320439641,80
3552,2,5727,2783,2944,0,0,0,1.0,1,1.0,1,1.0,1,0.20614419219893285,78
3553,1,5728,2784,2944,0,0,0,1.0,1,1.0,1,1.0,1,0.21448290720013022,79
3554,1,5729,2784,2945,0,0,0,1.0,1,1.0,1,1.0,1,0.2133138006858753,77
3555,2,5731,2785,2946,0,0,0,1.0,1,1.0,1,1.0,1,0.22311351544796174,77
3556,6,5737,2785,2952,0,0,0,1.0,1,1.0,1,1.0,1,0.1814684935561383,76
3557,2,5739,2785,2954,0,0,0,1.0,1,1.0,1,1.0,1,0.16247923296302189,76
3558,1,5740,2786,2954,0,0,0,1.0,1,1.0,1,1.0,1,0.18112187386728165,76
3559,0,5740,2786,2954,0,0,0,1.0,1,1.0,1,1.0,1,0.18112187386728165,76
3560,2,5742,2787,2955,0,0,0,1.0,1,1.0,1,1.0,1,0.19792417637544657,78
3561,5,5747,2788,2959,0,0,0,1.0,1,1.0,1,1.0,1,0.17883097000099155,79
3562,1,5748,2789,2959,0,0,0,1.0,1,1.0,1,1.0,1,0.17086976092522596,79
3563,5,5753,2791,2962,0,0,0,1.0,1,1.0,1,1.0,1,0.14791859963653295,79
3564,1,5754,2792,2962,0,0,0,1.0,1,1.0,1,1.0,1,0.15401630043603098,80
3565,1,5755,2793,2962,0,0,0,1.0,1,1.0,1,1.0,1,0.17225803168089027,83
3566,3,5758,2795,2963,0,0,0,1.0,1,1.0,1,1.0,1,0.18795064576422127,84
3567,1,5759,2795,2964,0,0,0,1.0,1,1.0,1,1.0,1,0.18212732703987283,84
3568,2,5761,2797,2964,0,0,0,1.0,1,1.0,1,1.0,1,0.19311669495873351,84
3569,0,5761,2797,2964,0,0,0,1.0,1,1.0,1,1.0,1,0.19311669495873351,84
3570,4,5765,2798,2967,0,0,0,1.0,1,1.0,1,1.0,1,0.17439166384269028,87
3571,4,5769,2800,2969,0,0,0,1.0,1,1.0,1,1.0,1,0.1954082594391445,86
3572,3,5772,2801,2971,0,0,0,1.0,1,1.0,1,1.0,1,0.1783419130409058,87
3573,1,5773,2802,2971,0,0,0,1.0,1,1.0,1,1.0,1,0.18385705642598704,87
3574,1,5774,2803,2971,0,0,0,1.0,1,1.0,1,1.0,1,0.19470475947305552,88
3575,1,5775,2803,2972,0,0,0,1.0,1,1.0,1,1.0,1,0.19037776735417916,88
3576,2,5777,2804,2973,0,0,0,1.0,1,1.0,1,1.0,1,0.17255890010908476,90
3577,1,5778,2804,2974,0,0,0,1.0,1,1.0,1,1.0,1,0.1581377527661368,90
3578,1,5779,2804,2975,0,0,0,1.0,1,1.0,1,1.0,1,0.16033080053758073,91
3579,2,5781,2806,2975,0,0,0,1.0,1,1.0,1,1.0,1,0.16523956269909695,91
3580,1,5782,2806,2976,0,0,0,1.0,1,1.0,1,1.0,1,0.1757705398357714,91
3581,2,5784,2807,2977,0,0,0,1.0,1,1.0,1,1.0,1,0.16568513505905855,91
3582,5,5789,2809,2980,0,0,0,1.0,1,1.0,1,1.0,1,0.17365792074385553,92
3583,1,5790,2810,2980,0,0,0,1.0,1,1.0,1,1.0,1,0.1683992008022291,88
3584,3,5793,2812,2981,0,0,0,1.0,1,1.0,1,1.0,1,0.15516070981471008,87
3585,5,5798,2816,2982,0,0,0,1.0,1,1.0,1,1.0,1,0.20046107590405784,84
3586,5,5803,2819,2984,0,0,0,1.0,1,1.0,1,1.0,1,0.18547616324653465,83
3587,3,5806,2820,2986,0,0,0,1.0,1,1.0,1,1.0,1,0.19889453946955374,82
3588,2,5808,2822,2986,0,0,0,1.0,1,1.0,1,1.0,1,0.2172144414417113,81
3589,5,5813,2826,2987,0,0,0,1.0,1,1.0,1,1.0,1,0.25149045059389785,80
3590,5,5818,2829,2989,0,0,0,1.0,1,1.0,1,1.0,1,0.2740743170005488,78
3591,14,5832,2831,3001,0,0,0,1.0,1,1.0,1,1.0,1,0.18949301389422823,77
3592,1,5833,2832,3001,0,0,0,1.0,1,1.0,1,1.0,1,0.20545437940452857,75
3593,2,5835,2833,3002,0,0,0,1.0,1,1.0,1,1.0,1,0.21089372978212745,76
3594,0,5835,2833,3002,0,0,0,1.0,1,1.0,1,1.0,1,0.22079936847881537,74
3595,2,5837,2834,3003,0,0,0,1.0,1,1.0,1,1.0,1,0.22265660913916735,74
3596,3,5840,2834,3006,0,0,0,1.0,1,1.0,1,1.0,1,0.21304768751996964,73
3597,4,5844,2836,3008,0,0,0,1.0,1,1.0,1,1.0,1,0.1983227047320794,73
3598,2,5846,2837,3009,0,0,0,1.0,1,1.0,1,1.0,1,0.1942923462335463,73
3599,0,5846,2837,3009,0,0,0,1.0,1,1.0,1,1.0,1,0.1942923462335463,73
3600,0,5846,2837,3009,0,0,0,1.0,1,1.0,1,1.0,1,0.19095199658421041,74
3601,3,5849,2837,3012,0,0,0,1.0,1,1.0,1,1.0,1,0.17090886597413157,75
3602,1,5850,2837,3013,0,0,0,1.0,1,1.0,1,1.0,1,0.13667478594638677,76
3603,2,5852,2838,3014,0,0,0,1.0,1,1.0,1,1.0,1,0.13419818598476593,77
3604,2,5854,2839,3015,0,0,0,1.0,1,1.0,1,1.0,1,0.13704310435129538,78
3605,1,5855,2839,3016,0,0,0,1.0,1,1.0,1,1.0,1,0.1288965468271887,77
3606,3,5858,2840,3018,0,0,0,1.0,1,1.0,1,1.0,1,0.11487650588407525,79
3607,0,5858,2840,3018,0,0,0,1.0,1,1.0,1,1.0,1,0.11487650588407525,79
3608,0,5858,2840,3018,0,0,0,1.0,1,1.0,1,1.0,1,0.11487650588407525,79
3609,0,5858,2840,3018,0,0,0,1.0,1,1.0,1,1.0,1,0.11487650588407525,79
3610,0,5858,2840,3018,0,0,0,1.0,1,1.0,1,1.0,1,0.12086612258623651,80
3611,3,5861,2841,3020,0,0,0,1.0,1,1.0,1,1.0,1,0.10386260653471142,80
3612,1,5862,2842,3020,0,0,0,1.0,1,1.0,1,1.0,1,0.1248867546810045,79
3613,2,5864,2844,3020,0,0,0,1.0,1,1.0,1,1.0,1,0.14201816315350896,79
3614,3,5867,2847,3020,0,0,0,1.0,1,1.0,1,1.0,1,0.1572448605851466,78
3615,0,5867,2847,3020,0,0,0,1.0,1,1.0,1,1.0,1,0.14419559180902727,79
3616,5,5872,2848,3024,0,0,0,1.0,1,1.0,1,1.0,1,0.12480085317711401,79
3617,2,5874,2850,3024,0,0,0,1.0,1,1.0,1,1.0,1,0.14095089289712626,80
3618,2,5876,2850,3026,0,0,0,1.0,1,1.0,1,1.0,1,0.13981360154804637,82
3619,2,5878,2850,3028,0,0,0,1.0,1,1.0,1,1.0,1,0.1259209628119866,82
3620,2,5880,2852,3028,0,0,0,1.0,1,1.0,1,1.0,1,0.16037317699589596,81
3621,3,5883,2853,3030,0,0,0,1.0,1,1.0,1,1.0,1,0.15618820817630835,83
3622,1,5884,2854,3030,0,0,0,1.0,1,1.0,1,1.0,1,0.19397550004915418,81
3623,3,5887,2856,3031,0,0,0,1.0,1,1.0,1,1.0,1,0.20276463406998774,81
3624,1,5888,2857,3031,0,0,0,1.0,1,1.0,1,1.0,1,0.21569399671830378,79
3625,6,5894,2859,3035,0,0,0,1.0,1,1.0,1,1.0,1,0.22583124252571413,80
3626,4,5898,2859,3039,0,0,0,1.0,1,1.0,1,1.0,1,0.16251423631684137,78
3627,5,5903,2860,3043,0,0,0,1.0,1,1.0,1,1.0,1,0.16625378117697742,78
3628,1,5904,2861,3043,0,0,0,1.0,1,1.0,1,1.0,1,0.15476512127794007,77
3629,1,5905,2862,3043,0,0,0,1.0,1,1.0,1,1.0,1,0.149364354721562,76
3630,1,5906,2863,3043,0,0,0,1.0,1,1.0,1,1.0,1,0.14156252434850658,77
3631,2,5908,2864,3044,0,0,0,1.0,1,1.0,1,1.0,1,0.1396870900422273,75
3632,3,5911,2866,3045,0,0,0,1.0,1,1.0,1,1.0,1,0.16354316524156567,74
3633,1,5912,2867,3045,0,0,0,1.0,1,1.0,1,1.0,1,0.17776073465350253,75
3634,2,5914,2868,3046,0,0,0,1.0,1,1.0,1,1.0,1,0.18629121582030447,74
3635,1,5915,2869,3046,0,0,0,1.0,1,1.0,1,1.0,1,0.1892114085323027,74
3636,1,5916,2869,3047,0,0,0,1.0,1,1.0,1,1.0,1,0.18756282281202286,74
3637,1,5917,2869,3048,0,0,0,1.0,1,1.0,1,1.0,1,0.18625883153361938,74
3638,1,5918,2869,3049,0,0,0,1.0,1,1.0,1,1.0,1,0.18401693514896633,75
3639,5,5923,2872,3051,0,0,0,1.0,1,1.0,1,1.0,1,0.1903418825649695,76
3640,0,5923,2872,3051,0,0,0,1.0,1,1.0,1,1.0,1,0.1903418825649695,76
3641,4,5927,2874,3053,0,0,0,1.0,1,1.0,1,1.0,1,0.22317545191700708,75
3642,2,5929,2876,3053,0,0,0,1.0,1,1.0,1,1.0,1,0.2556591167485884,75
3643,1,5930,2876,3054,0,0,0,1.0,1,1.0,1,1.0,1,0.24652060323148062,74
3644,1,5931,2877,3054,0,0,0,1.0,1,1.0,1,1.0,1,0.23849359406774992,74
3645,0,5931,2877,3054,0,0,0,1.0,1,1.0,1,1.0,1,0.23849359406774992,74
3646,6,5937,2877,3060,0,0,0,1.0,1,1.0,1,1.0,1,0.1717729363474146,75
3647,2,5939,2877,3062,0,0,0,1.0,1,1.0,1,1.0,1,0.15592430484449551,77
3648,6,5945,2877,3068,0,0,0,1.0,1,1.0,1,1.0,1,0.12813918579470587,78
3649,4,5949,2877,3072,0,0,0,1.0,1,1.0,1,1.0,1,0.14214198797335822,80
3650,5,5954,2878,3076,0,0,0,1.0,1,1.0,1,1.0,1,0.15754708156125,81
3651,1,5955,2878,3077,0,0,0,1.0,1,1.0,1,1.0,1,0.15066799587929805,81
3652,3,5958,2879,3079,0,0,0,1.0,1,1.0,1,1.0,1,0.16589817578802277,83
3653,0,5958,2879,3079,0,0,0,1.0,1,1.0,1,1.0,1,0.16589817578802277,83
3654,0,5958,2879,3079,0,0,0,1.0,1,1.0,1,1.0,1,0.16589817578802277,83
3655,0,5958,2879,3079,0,0,0,1.0,1,1.0,1,1.0,1,0.1584818302636465,84
3656,0,5958,2879,3079,0,0,0,1.0,1,1.0,1,1.0,1,0.1674547775757572,85
3657,2,5960,2880,3080,0,0,0,1.0,1,1.0,1,1.0,1,0.1734386813759054,86
3658,2,5962,2880,3082,0,0,0,1.0,1,1.0,1,1.0,1,0.15132389124114956,87
3659,0,5962,2880,3082,0,0,0,1.0,1,1.0,1,1.0,1,0.15485990752198991,87
3660,0,5962,2880,3082,0,0,0,1.0,1,1.0,1,1.0,1,0.1619891164911582,86
3661,2,5964,2881,3083,0,0,0,1.0,1,1.0,1,1.0,1,0.16852030701089085,86
3662,0,5964,2881,3083,0,0,0,1.0,1,1.0,1,1.0,1,0.17649528792810193,83
3663,8,5972,2887,3085,0,0,0,1.0,1,1.0,1,1.0,1,0.211341178242522,85
3664,1,5973,2888,3085,0,0,0,1.0,1,1.0,1,1.0,1,0.19592927695091544,82
3665,2,5975,2888,3087,0,0,0,1.0,1,1.0,1,1.0,1,0.1806713655547265,81
3666,3,5978,2890,3088,0,0,0,1.0,1,1.0,1,1.0,1,0.2072803658280391,79
3667,0,5978,2890,3088,0,0,0,1.0,1,1.0,1,1.0,1,0.20900996642952774,79
3668,0,5978,2890,3088,0,0,0,1.0,1,1.0,1,1.0,1,0.20641296611871782,77
3669,3,5981,2892,3089,0,0,0,1.0,1,1.0,1,1.0,1,0.202862083956344,75
3670,2,5983,2894,3089,0,0,0,1.0,1,1.0,1,1.0,1,0.20071776490000995,76
3671,4,5987,2895,3092,0,0,0,1.0,1,1.0,1,1.0,1,0.17475703060835945,74
3672,3,5990,2896,3094,0,0,0,1.0,1,1.0,1,1.0,1,0.16476697309772464,75
3673,0,5990,2896,3094,0,0,0,1.0,1,1.0,1,1.0,1,0.16476697309772464,75
3674,3,5993,2899,3094,0,0,0,1.0,1,1.0,1,1.0,1,0.16382770842287242,75
3675,0,5993,2899,3094,0,0,0,1.0,1,1.0,1,1.0,1,0.16574531168631276,75
3676,2,5995,2900,3095,0,0,0,1.0,1,1.0,1,1.0,1,0.17638562998037413,75
3677,1,5996,2900,3096,0,0,0,1.0,1,1.0,1,1.0,1,0.17821023742328657,75
3678,0,5996,2900,3096,0,0,0,1.0,1,1.0,1,1.0,1,0.18976309057562799,77
3679,1,5997,2901,3096,0,0,0,1.0,1,1.0,1,1.0,1,0.21160796201470297,78
3680,2,5999,2901,3098,0,0,0,1.0,1,1.0,1,1.0,1,0.19659760650027772,80
3681,1,6000,2901,3099,0,0,0,1.0,1,1.0,1,1.0,1,0.19882048472516278,81
3682,0,6000,2901,3099,0,0,0,1.0,1,1.0,1,1.0,1,0.19882048472516278,81
3683,0,6000,2901,3099,0,0,0,1.0,1,1.0,1,1.0,1,0.19882048472516278,81
3684,0,6000,2901,3099,0,0,0,1.0,1,1.0,1,1.0,1,0.19882048472516278,81
3685,0,6000,2901,3099,0,0,0,1.0,1,1.0,1,1.0,1,0.19882048472516278,81
3686,0,6000,2901,3099,0,0,0,1.0,1,1.0,1,1.0,1,0.19882048472516278,81
3687,0,6000,2901,3099,0,0,0,1.0,1,1.0,1,1.0,1,0.19209698125132885,82
3688,1,6001,2901,3100,0,0,0,1.0,1,1.0,1,1.0,1,0.20279874873990833,84
3689,0,6001,2901,3100,0,0,0,1.0,1,1.0,1,1.0,1,0.20279874873990833,84
3690,0,6001,2901,3100,0,0,0,1.0,1,1.0,1,1.0,1,0.21233090371811328,85
3691,1,6002,2901,3101,0,0,0,1.0,1,1.0,1,1.0,1,0.20290208294676762,86
3692,0,6002,2901,3101,0,0,0,1.0,1,1.0,1,1.0,1,0.20066550857506515,86
3693,0,6002,2901,3101,0,0,0,1.0,1,1.0,1,1.0,1,0.20066550857506515,86
3694,0,6002,2901,3101,0,0,0,1.0,1,1.0,1,1.0,1,0.20066550857506515,86
3695,3,6005,2904,3101,0,0,0,1.0,1,1.0,1,1.0,1,0.2362297423464241,86
3696,3,6008,2904,3104,0,0,0,1.0,1,1.0,1,1.0,1,0.1894077847915353,87
3697,2,6010,2906,3104,0,0,0,1.0,1,1.0,1,1.0,1,0.1920331673411573,85
3698,2,6012,2907,3105,0,0,0,1.0,1,1.0,1,1.0,1,0.1968471490884452,85
3699,1,6013,2908,3105,0,0,0,1.0,1,1.0,1,1.0,1,0.19067315721249212,85
3700,2,6015,2910,3105,0,0,0,1.0,1,1.0,1,1.0,1,0.20679642192311787,84
3701,4,6019,2910,3109,0,0,0,1.0,1,1.0,1,1.0,1,0.17098439913566257,85
3702,2,6021,2912,3109,0,0,0,1.0,1,1.0,1,1.0,1,0.17482318030430982,85
3703,1,6022,2912,3110,0,0,0,1.0,1,1.0,1,1.0,1,0.16615881174398742,85
3704,3,6025,2914,3111,0,0,0,1.0,1,1.0,1,1.0,1,0.18757910268152236,85
3705,0,6025,2914,3111,0,0,0,1.0,1,1.0,1,1.0,1,0.17821393801713284,86
3706,4,6029,2915,3114,0,0,0,1.0,1,1.0,1,1.0,1,0.16607507959976942,86
3707,1,6030,2916,3114,0,0,0,1.0,1,1.0,1,1.0,1,0.1747824355005297,85
3708,2,6032,2916,3116,0,0,0,1.0,1,1.0,1,1.0,1,0.15401550129431707,84
3709,0,6032,2916,3116,0,0,0,1.0,1,1.0,1,1.0,1,0.1566747748781848,85
3710,0,6032,2916,3116,0,0,0,1.0,1,1.0,1,1.0,1,0.15487493263537433,84
3711,1,6033,2916,3117,0,0,0,1.0,1,1.0,1,1.0,1,0.1457576771387991,85
3712,0,6033,2916,3117,0,0,0,1.0,1,1.0,1,1.0,1,0.1457576771387991,85
3713,0,6033,2916,3117,0,0,0,1.0,1,1.0,1,1.0,1,0.1457576771387991,85
3714,3,6036,2917,3119,0,0,0,1.0,1,1.0,1,1.0,1,0.15854267520015808,85
3715,1,6037,2918,3119,0,0,0,1.0,1,1.0,1,1.0,1,0.15660900996017027,85
3716,1,6038,2918,3120,0,0,0,1.0,1,1.0,1,1.0,1,0.16054277395365826,84
3717,1,6039,2918,3121,0,0,0,1.0,1,1.0,1,1.0,1,0.15918189533829824,86
3718,1,6040,2918,3122,0,0,0,1.0,1,1.0,1,1.0,1,0.16864266109444462,85
3719,2,6042,2920,3122,0,0,0,1.0,1,1.0,1,1.0,1,0.18101758443736873,84
3720,1,6043,2920,3123,0,0,0,1.0,1,1.0,1,1.0,1,0.19504478492924868,84
3721,7,6050,2924,3126,0,0,0,1.0,1,1.0,1,1.0,1,0.2050999349084718,85
3722,3,6053,2924,3129,0,0,0,1.0,1,1.0,1,1.0,1,0.1911934950057708,85
3723,1,6054,2924,3130,0,0,0,1.0,1,1.0,1,1.0,1,0.197056119423009,85
3724,1,6055,2924,3131,0,0,0,1.0,1,1.0,1,1.0,1,0.18574178214227755,86
3725,2,6057,2925,3132,0,0,0,1.0,1,1.0,1,1.0,1,0.17689933630141852,86
3726,0,6057,2925,3132,0,0,0,1.0,1,1.0,1,1.0,1,0.17689933630141852,86
3727,0,6057,2925,3132,0,0,0,1.0,1,1.0,1,1.0,1,0.17689933630141852,86
3728,0,6057,2925,3132,0,0,0,1.0,1,1.0,1,1.0,1,0.17689933630141852,86
3729,2,6059,2926,3133,0,0,0,1.0,1,1.0,1,1.0,1,0.18652063154942441,86
3730,1,6060,2926,3134,0,0,0,1.0,1,1.0,1,1.0,1,0.1942296598073732,85
3731,1,6061,2926,3135,0,0,0,1.0,1,1.0,1,1.0,1,0.19099432310342845,86
3732,1,6062,2927,3135,0,0,0,1.0,1,1.0,1,1.0,1,0.20061027593511643,87
3733,4,6066,2928,3138,0,0,0,1.0,1,1.0,1,1.0,1,0.1995112049053145,87
3734,1,6067,2928,3139,0,0,0,1.0,1,1.0,1,1.0,1,0.19022716257273214,87
3735,3,6070,2929,3141,0,0,0,1.0,1,1.0,1,1.0,1,0.19520931500360983,86
3736,2,6072,2929,3143,0,0,0,1.0,1,1.0,1,1.0,1,0.1673367633282481,87
3737,2,6074,2930,3144,0,0,0,1.0,1,1.0,1,1.0,1,0.1860326325810188,87
3738,1,6075,2931,3144,0,0,0,1.0,1,1.0,1,1.0,1,0.19063680791681423,87
3739,1,6076,2931,3145,0,0,0,1.0,1,1.0,1,1.0,1,0.18000963467876518,88
3740,1,6077,2931,3146,0,0,0,1.0,1,1.0,1,1.0,1,0.18093144318318544,87
3741,3,6080,2931,3149,0,0,0,1.0,1,1.0,1,1.0,1,0.15205079611403952,87
3742,2,6082,2932,3150,0,0,0,1.0,1,1.0,1,1.0,1,0.14517724700613194,86
3743,1,6083,2933,3150,0,0,0,1.0,1,1.0,1,1.0,1,0.15963359326456097,84
3744,1,6084,2934,3150,0,0,0,1.0,1,1.0,1,1.0,1,0.18383328206501845,83
3745,2,6086,2935,3151,0,0,0,1.0,1,1.0,1,1.0,1,0.17896672513851533,83
3746,2,6088,2935,3153,0,0,0,1.0,1,1.0,1,1.0,1,0.18960618412600214,83
3747,1,6089,2935,3154,0,0,0,1.0,1,1.0,1,1.0,1,0.1816066871810496,81
3748,1,6090,2935,3155,0,0,0,1.0,1,1.0,1,1.0,1,0.1787144974074138,81
3749,0,6090,2935,3155,0,0,0,1.0,1,1.0,1,1.0,1,0.18487675509197896,80
3750,0,6090,2935,3155,0,0,0,1.0,1,1.0,1,1.0,1,0.19328098219071307,79
3751,4,6094,2938,3156,0,0,0,1.0,1,1.0,1,1.0,1,0.20114313705499057,80
3752,2,6096,2940,3156,0,0,0,1.0,1,1.0,1,1.0,1,0.2235058137929157,80
3753,7,6103,2944,3159,0,0,0,1.0,1,1.0,1,1.0,1,0.21488723437735885,81
3754,1,6104,2945,3159,0,0,0,1.0,1,1.0,1,1.0,1,0.22674297674765823,81
3755,1,6105,2945,3160,0,0,0,1.0,1,1.0,1,1.0,1,0.2245937513582947,80
3756,8,6113,2947,3166,0,0,0,1.0,1,1.0,1,1.0,1,0.2088959741633709,79
3757,1,6114,2947,3167,0,0,0,1.0,1,1.0,1,1.0,1,0.21253529798779622,80
3758,1,6115,2948,3167,0,0,0,1.0,1,1.0,1,1.0,1,0.23090950678108013,79
3759,1,6116,2948,3168,0,0,0,1.0,1,1.0,1,1.0,1,0.22333035575515459,79
3760,0,6116,2948,3168,0,0,0,1.0,1,1.0,1,1.0,1,0.22333035575515459,79
3761,1,6117,2948,3169,0,0,0,1.0,1,1.0,1,1.0,1,0.23276822399146643,78
3762,1,6118,2948,3170,0,0,0,1.0,1,1.0,1,1.0,1,0.2265052450938803,80
3763,0,6118,2948,3170,0,0,0,1.0,1,1.0,1,1.0,1,0.2265052450938803,80
3764,2,6120,2950,3170,0,0,0,1.0,1,1.0,1,1.0,1,0.2529213877559065,80
3765,6,6126,2951,3175,0,0,0,1.0,1,1.0,1,1.0,1,0.22383086422371248,81
3766,6,6132,2953,3179,0,0,0,1.0,1,1.0,1,1.0,1,0.2138033767876828,83
3767,0,6132,2953,3179,0,0,0,1.0,1,1.0,1,1.0,1,0.2138033767876828,83
3768,0,6132,2953,3179,0,0,0,1.0,1,1.0,1,1.0,1,0.22096844908352936,84
3769,2,6134,2953,3181,0,0,0,1.0,1,1.0,1,1.0,1,0.1880460214190507,86
3770,0,6134,2953,3181,0,0,0,1.0,1,1.0,1,1.0,1,0.1942556557403089,87
3771,1,6135,2954,3181,0,0,0,1.0,1,1.0,1,1.0,1,0.19595380144140848,87
3772,0,6135,2954,3181,0,0,0,1.0,1,1.0,1,1.0,1,0.20636787223740524,88
3773,0,6135,2954,3181,0,0,0,1.0,1,1.0,1,1.0,1,0.22375514468531466,85
3774,1,6136,2954,3182,0,0,0,1.0,1,1.0,1,1.0,1,0.21999681248328276,85
3775,3,6139,2955,3184,0,0,0,1.0,1,1.0,1,1.0,1,0.24752402825366648,83
3776,4,6143,2956,3187,0,0,0,1.0,1,1.0,1,1.0,1,0.2414224951183155,82
3777,5,6148,2958,3190,0,0,0,1.0,1,1.0,1,1.0,1,0.2148615957491747,81
3778,0,6148,2958,3190,0,0,0,1.0,1,1.0,1,1.0,1,0.21798892318528795,81
3779,3,6151,2961,3190,0,0,0,1.0,1,1.0,1,1.0,1,0.2414258539430907,80
3780,2,6153,2962,3191,0,0,0,1.0,1,1.0,1,1.0,1,0.22864549463274658,80
3781,2,6155,2962,3193,0,0,0,1.0,1,1.0,1,1.0,1,0.21686366344684407,80
3782,2,6157,2963,3194,0,0,0,1.0,1,1.0,1,1.0,1,0.22410133390344258,80
3783,3,6160,2964,3196,0,0,0,1.0,1,1.0,1,1.0,1,0.21822862625643932,80
3784,2,6162,2966,3196,0,0,0,1.0,1,1.0,1,1.0,1,0.2150674262831723,79
3785,0,6162,2966,3196,0,0,0,1.0,1,1.0,1,1.0,1,0.2303219733680055,77
3786,3,6165,2966,3199,0,0,0,1.0,1,1.0,1,1.0,1,0.19012050656750246,78
3787,1,6166,2966,3200,0,0,0,1.0,1,1.0,1,1.0,1,0.1826567077298231,77
3788,0,6166,2966,3200,0,0,0,1.0,1,1.0,1,1.0,1,0.1894637125926705,78
3789,2,6168,2967,3201,0,0,0,1.0,1,1.0,1,1.0,1,0.19905360087903742,77
3790,1,6169,2968,3201,0,0,0,1.0,1,1.0,1,1.0,1,0.21245285629444124,77
3791,2,6171,2969,3202,0,0,0,1.0,1,1.0,1,1.0,1,0.21031901711456688,77
3792,1,6172,2969,3203,0,0,0,1.0,1,1.0,1,1.0,1,0.19523948971120778,78
3793,2,6174,2970,3204,0,0,0,1.0,1,1.0,1,1.0,1,0.20264763598253202,80
3794,2,6176,2971,3205,0,0,0,1.0,1,1.0,1,1.0,1,0.18531937039827795,82
3795,4,6180,2972,3208,0,0,0,1.0,1,1.0,1,1.0,1,0.17607677536865388,83
3796,3,6183,2973,3210,0,0,0,1.0,1,1.0,1,1.0,1,0.16451027069313703,83
3797,2,6185,2973,3212,0,0,0,1.0,1,1.0,1,1.0,1,0.15475706870599712,82
3798,1,6186,2974,3212,0,0,0,1.0,1,1.0,1,1.0,1,0.17327949109104843,82
3799,0,6186,2974,3212,0,0,0,1.0,1,1.0,1,1.0,1,0.18267163706219333,83
3800,0,6186,2974,3212,0,0,0,1.0,1,1.0,1,1.0,1,0.20205051849622982,83
3801,6,6192,2975,3217,0,0,0,1.0,1,1.0,1,1.0,1,0.16151411921486675,83
3802,0,6192,2975,3217,0,0,0,1.0,1,1.0,1,1.0,1,0.17431515752557641,82
3803,1,6193,2975,3218,0,0,0,1.0,1,1.0,1,1.0,1,0.1760775288126463,84
3804,1,6194,2975,3219,0,0,0,1.0,1,1.0,1,1.0,1,0.1630552564225508,84
3805,3,6197,2976,3221,0,0,0,1.0,1,1.0,1,1.0,1,0.18527274296267082,86
3806,3,6200,2977,3223,0,0,0,1.0,1,1.0,1,1.0,1,0.16251146481858908,86
3807,1,6201,2978,3223,0,0,0,1.0,1,1.0,1,1.0,1,0.1838218364275994,86
3808,0,6201,2978,3223,0,0,0,1.0,1,1.0,1,1.0,1,0.184885111260542,85
3809,1,6202,2979,3223,0,0,0,1.0,1,1.0,1,1.0,1,0.1996403397599025,85
3810,1,6203,2980,3223,0,0,0,1.0,1,1.0,1,1.0,1,0.20652370327578634,85
3811,4,6207,2982,3225,0,0,0,1.0,1,1.0,1,1.0,1,0.19064118273988456,84
3812,0,6207,2982,3225,0,0,0,1.0,1,1.0,1,1.0,1,0.1862798354420073,83
3813,0,6207,2982,3225,0,0,0,1.0,1,1.0,1,1.0,1,0.1675016786923261,82
3814,2,6209,2984,3225,0,0,0,1.0,1,1.0,1,1.0,1,0.17505465556574473,81
3815,2,6211,2984,3227,0,0,0,1.0,1,1.0,1,1.0,1,0.16587895989294138,82
3816,3,6214,2985,3229,0,0,0,1.0,1,1.0,1,1.0,1,0.15211980220064858,81
3817,1,6215,2985,3230,0,0,0,1.0,1,1.0,1,1.0,1,0.14732785763932169,81
3818,4,6219,2987,3232,0,0,0,1.0,1,1.0,1,1.0,1,0.15962638711768945,81
3819,1,6220,2988,3232,0,0,0,1.0,1,1.0,1,1.0,1,0.18618359553316788,82
3820,2,6222,2988,3234,0,0,0,1.0,1,1.0,1,1.0,1,0.17682867433170793,84
3821,3,6225,2989,3236,0,0,0,1.0,1,1.0,1,1.0,1,0.1869276728407441,84
3822,0,6225,2989,3236,0,0,0,1.0,1,1.0,1,1.0,1,0.18520066603276353,82
3823,3,6228,2992,3236,0,0,0,1.0,1,1.0,1,1.0,1,0.19422608739017166,81
3824,0,6228,2992,3236,0,0,0,1.0,1,1.0,1,1.0,1,0.19838981686940496,78
3825,0,6228,2992,3236,0,0,0,1.0,1,1.0,1,1.0,1,0.2070026928017591,76
3826,4,6232,2992,3240,0,0,0,1.0,1,1.0,1,1.0,1,0.2054843034743239,76
3827,3,6235,2993,3242,0,0,0,1.0,1,1.0,1,1.0,1,0.20951892902712219,75
3828,2,6237,2994,3243,0,0,0,1.0,1,1.0,1,1.0,1,0.2192511903004894,74
3829,2,6239,2995,3244,0,0,0,1.0,1,1.0,1,1.0,1,0.23599575545188067,74
3830,2,6241,2997,3244,0,0,0,1.0,1,1.0,1,1.0,1,0.22487550961235253,74
3831,3,6244,2998,3246,0,0,0,1.0,1,1.0,1,1.0,1,0.2358954561017477,74
3832,0,6244,2998,3246,0,0,0,1.0,1,1.0,1,1.0,1,0.24005109598176244,73
3833,3,6247,3001,3246,0,0,0,1.0,1,1.0,1,1.0,1,0.24814078321892616,73
3834,0,6247,3001,3246,0,0,0,1.0,1,1.0,1,1.0,1,0.24386757474575524,74
3835,1,6248,3002,3246,0,0,0,1.0,1,1.0,1,1.0,1,0.26729134920287795,75
3836,5,6253,3002,3251,0,0,0,1.0,1,1.0,1,1.0,1,0.22373239967467493,75
3837,4,6257,3003,3254,0,0,0,1.0,1,1.0,1,1.0,1,0.2322084488835144,78
3838,1,6258,3004,3254,0,0,0,1.0,1,1.0,1,1.0,1,0.23489541168140748,78
3839,1,6259,3004,3255,0,0,0,1.0,1,1.0,1,1.0,1,0.23114083498344926,79
3840,2,6261,3005,3256,0,0,0,1.0,1,1.0,1,1.0,1,0.24178017425214973,82
3841,2,6263,3005,3258,0,0,0,1.0,1,1.0,1,1.0,1,0.22173998239948406,82
3842,0,6263,3005,3258,0,0,0,1.0,1,1.0,1,1.0,1,0.21940635764230776,82
3843,1,6264,3005,3259,0,0,0,1.0,1,1.0,1,1.0,1,0.20913722697169232,82
3844,1,6265,3006,3259,0,0,0,1.0,1,1.0,1,1.0,1,0.2137134989438874,83
3845,0,6265,3006,3259,0,0,0,1.0,1,1.0,1,1.0,1,0.2173054048922008,84
3846,6,6271,3007,3264,0,0,0,1.0,1,1.0,1,1.0,1,0.1997537975739244,85
3847,1,6272,3007,3265,0,0,0,1.0,1,1.0,1,1.0,1,0.20764490232010693,84
3848,0,6272,3007,3265,0,0,0,1.0,1,1.0,1,1.0,1,0.20764490232010693,84
3849,1,6273,3007,3266,0,0,0,1.0,1,1.0,1,1.0,1,0.1903664900869517,83
3850,0,6273,3007,3266,0,0,0,1.0,1,1.0,1,1.0,1,0.21198994965563672,80
3851,3,6276,3007,3269,0,0,0,1.0,1,1.0,1,1.0,1,0.18554149997243188,80
3852,0,6276,3007,3269,0,0,0,1.0,1,1.0,1,1.0,1,0.20681481376042155,79
3853,1,6277,3008,3269,0,0,0,1.0,1,1.0,1,1.0,1,0.2124309435241854,79
3854,2,6279,3009,3270,0,0,0,1.0,1,1.0,1,1.0,1,0.235297835573491,78
3855,0,6279,3009,3270,0,0,0,1.0,1,1.0,1,1.0,1,0.235297835573491,78
3856,5,6284,3010,3274,0,0,0,1.0,1,1.0,1,1.0,1,0.22620652125189877,80
3857,2,6286,3011,3275,0,0,0,1.0,1,1.0,1,1.0,1,0.21727383079094736,81
3858,1,6287,3012,3275,0,0,0,1.0,1,1.0,1,1.0,1,0.2241097796315156,81
3859,1,6288,3012,3276,0,0,0,1.0,1,1.0,1,1.0,1,0.22789569893321138,83
3860,3,6291,3013,3278,0,0,0,1.0,1,1.0,1,1.0,1,0.24042366408682644,82
3861,2,6293,3014,3279,0,0,0,1.0,1,1.0,1,1.0,1,0.265726522126688,84
3862,4,6297,3015,3282,0,0,0,1.0,1,1.0,1,1.0,1,0.2540196828206145,85
3863,1,6298,3015,3283,0,0,0,1.0,1,1.0,1,1.0,1,0.24197440097884357,84
3864,2,6300,3017,3283,0,0,0,1.0,1,1.0,1,1.0,1,0.24343569984355662,83
3865,1,6301,3018,3283,0,0,0,1.0,1,1.0,1,1.0,1,0.24171590331346662,82
3866,3,6304,3019,3285,0,0,0,1.0,1,1.0,1,1.0,1,0.2285564617762401,81
3867,5,6309,3024,3285,0,0,0,1.0,1,1.0,1,1.0,1,0.24920330853229264,81
3868,2,6311,3025,3286,0,0,0,1.0,1,1.0,1,1.0,1,0.24225743679389483,81
3869,4,6315,3028,3287,0,0,0,1.0,1,1.0,1,1.0,1,0.24536695301072456,81
3870,0,6315,3028,3287,0,0,0,1.0,1,1.0,1,1.0,1,0.2219465582207366,80
3871,4,6319,3030,3289,0,0,0,1.0,1,1.0,1,1.0,1,0.22300778928725776,82
3872,2,6321,3031,3290,0,0,0,1.0,1,1.0,1,1.0,1,0.21952281427695608,81
3873,0,6321,3031,3290,0,0,0,1.0,1,1.0,1,1.0,1,0.21952281427695608,81
3874,2,6323,3032,3291,0,0,0,1.0,1,1.0,1,1.0,1,0.2159458416020744,78
3875,0,6323,3032,3291,0,0,0,1.0,1,1.0,1,1.0,1,0.215912112480298,77
3876,8,6331,3034,3297,0,0,0,1.0,1,1.0,1,1.0,1,0.17239743857899612,78
3877,1,6332,3034,3298,0,0,0,1.0,1,1.0,1,1.0,1,0.15680759304368502,75
3878,2,6334,3036,3298,0,0,0,1.0,1,1.0,1,1.0,1,0.1604058229948914,75
3879,0,6334,3036,3298,0,0,0,1.0,1,1.0,1,1.0,1,0.1716354242920521,73
3880,1,6335,3036,3299,0,0,0,1.0,1,1.0,1,1.0,1,0.1739973796489759,74
3881,3,6338,3037,3301,0,0,0,1.0,1,1.0,1,1.0,1,0.1853994596225835,75
3882,2,6340,3037,3303,0,0,0,1.0,1,1.0,1,1.0,1,0.1793920127084788,76
3883,1,6341,3037,3304,0,0,0,1.0,1,1.0,1,1.0,1,0.1730346004535375,77
3884,2,6343,3038,3305,0,0,0,1.0,1,1.0,1,1.0,1,0.17448119657252054,78
3885,0,6343,3038,3305,0,0,0,1.0,1,1.0,1,1.0,1,0.17448119657252054,78
3886,3,6346,3039,3307,0,0,0,1.0,1,1.0,1,1.0,1,0.17146574321250982,79
3887,2,6348,3040,3308,0,0,0,1.0,1,1.0,1,1.0,1,0.16410048440545769,78
3888,4,6352,3041,3311,0,0,0,1.0,1,1.0,1,1.0,1,0.16619110065477635,80
3889,2,6354,3041,3313,0,0,0,1.0,1,1.0,1,1.0,1,0.1493305356357815,82
3890,2,6356,3042,3314,0,0,0,1.0,1,1.0,1,1.0,1,0.14313616435651672,82
3891,5,6361,3046,3315,0,0,0,1.0,1,1.0,1,1.0,1,0.1543248195603347,85
3892,3,6364,3047,3317,0,0,0,1.0,1,1.0,1,1.0,1,0.16099989671845683,87
3893,2,6366,3048,3318,0,0,0,1.0,1,1.0,1,1.0,1,0.1457498972721166,86
3894,0,6366,3048,3318,0,0,0,1.0,1,1.0,1,1.0,1,0.15148588286347545,87
3895,1,6367,3049,3318,0,0,0,1.0,1,1.0,1,1.0,1,0.16621066710642302,87
3896,4,6371,3049,3322,0,0,0,1.0,1,1.0,1,1.0,1,0.13553244323893912,85
3897,1,6372,3050,3322,0,0,0,1.0,1,1.0,1,1.0,1,0.1383837540864514,85
3898,1,6373,3051,3322,0,0,0,1.0,1,1.0,1,1.0,1,0.168825224440778,86
3899,1,6374,3052,3322,0,0,0,1.0,1,1.0,1,1.0,1,0.17330539388934943,86
3900,1,6375,3053,3322,0,0,0,1.0,1,1.0,1,1.0,1,0.1740732758848888,86
3901,3,6378,3054,3324,0,0,0,1.0,1,1.0,1,1.0,1,0.164519230680119,86
3902,1,6379,3055,3324,0,0,0,1.0,1,1.0,1,1.0,1,0.16862717556547183,87
3903,2,6381,3056,3325,0,0,0,1.0,1,1.0,1,1.0,1,0.16318621144898302,87
3904,1,6382,3057,3325,0,0,0,1.0,1,1.0,1,1.0,1,0.168476770383847,85
3905,2,6384,3058,3326,0,0,0,1.0,1,1.0,1,1.0,1,0.16392815906144798,84
3906,4,6388,3060,3328,0,0,0,1.0,1,1.0,1,1.0,1,0.16229109911205325,86
3907,2,6390,3061,3329,0,0,0,1.0,1,1.0,1,1.0,1,0.16141107932815388,84
3908,2,6392,3062,3330,0,0,0,1.0,1,1.0,1,1.0,1,0.16045485919939087,83
3909,1,6393,3062,3331,0,0,0,1.0,1,1.0,1,1.0,1,0.15733342661366626,81
3910,5,6398,3066,3332,0,0,0,1.0,1,1.0,1,1.0,1,0.18504580713621008,82
3911,6,6404,3067,3337,0,0,0,1.0,1,1.0,1,1.0,1,0.14454745478803976,81
3912,0,6404,3067,3337,0,0,0,1.0,1,1.0,1,1.0,1,0.14383983855133625,80
3913,7,6411,3070,3341,0,0,0,1.0,1,1.0,1,1.0,1,0.11326242360550452,80
3914,3,6414,3071,3343,0,0,0,1.0,1,1.0,1,1.0,1,0.12392778175610726,81
3915,1,6415,3072,3343,0,0,0,1.0,1,1.0,1,1.0,1,0.13170502393968272,81
3916,4,6419,3074,3345,0,0,0,1.0,1,1.0,1,1.0,1,0.15081619497650742,81
3917,2,6421,3075,3346,0,0,0,1.0,1,1.0,1,1.0,1,0.15200031543338802,82
3918,4,6425,3076,3349,0,0,0,1.0,1,1.0,1,1.0,1,0.170979863607162,85
3919,2,6427,3077,3350,0,0,0,1.0,1,1.0,1,1.0,1,0.1819404258242908,85
3920,2,6429,3078,3351,0,0,0,1.0,1,1.0,1,1.0,1,0.18305341504861952,85
3921,5,6434,3078,3356,0,0,0,1.0,1,1.0,1,1.0,1,0.1603332516780921,88
3922,0,6434,3078,3356,0,0,0,1.0,1,1.0,1,1.0,1,0.1603332516780921,88
3923,1,6435,3079,3356,0,0,0,1.0,1,1.0,1,1.0,1,0.170047458077489,89
3924,2,6437,3079,3358,0,0,0,1.0,1,1.0,1,1.0,1,0.1499751329980451,90
3925,1,6438,3080,3358,0,0,0,1.0,1,1.0,1,1.0,1,0.14519596145113559,88
3926,3,6441,3080,3361,0,0,0,1.0,1,1.0,1,1.0,1,0.1186215996523459,89
3927,0,6441,3080,3361,0,0,0,1.0,1,1.0,1,1.0,1,0.13327692038151465,89
3928,0,6441,3080,3361,0,0,0,1.0,1,1.0,1,1.0,1,0.1415583597471098,88
3929,1,6442,3081,3361,0,0,0,1.0,1,1.0,1,1.0,1,0.13898082864470707,88
3930,2,6444,3082,3362,0,0,0,1.0,1,1.0,1,1.0,1,0.12722249554455206,87
3931,2,6446,3083,3363,0,0,0,1.0,1,1.0,1,1.0,1,0.13944475094893433,86
3932,1,6447,3084,3363,0,0,0,1.0,1,1.0,1,1.0,1,0.14970635570866964,85
3933,1,6448,3085,3363,0,0,0,1.0,1,1.0,1,1.0,1,0.1729556831749943,84
3934,0,6448,3085,3363,0,0,0,1.0,1,1.0,1,1.0,1,0.1701346368914397,85
3935,2,6450,3087,3363,0,0,0,1.0,1,1.0,1,1.0,1,0.1900421709988787,84
3936,1,6451,3087,3364,0,0,0,1.0,1,1.0,1,1.0,1,0.17267331876638986,84
3937,3,6454,3087,3367,0,0,0,1.0,1,1.0,1,1.0,1,0.14493885078797278,82
3938,0,6454,3087,3367,0,0,0,1.0,1,1.0,1,1.0,1,0.14493885078797278,82
3939,0,6454,3087,3367,0,0,0,1.0,1,1.0,1,1.0,1,0.13945678681527707,84
3940,3,6457,3088,3369,0,0,0,1.0,1,1.0,1,1.0,1,0.11547017546919781,84
3941,1,6458,3088,3370,0,0,0,1.0,1,1.0,1,1.0,1,0.10876167052322373,85
3942,4,6462,3092,3370,0,0,0,1.0,1,1.0,1,1.0,1,0.13614629207935233,85
3943,1,6463,3093,3370,0,0,0,1.0,1,1.0,1,1.0,1,0.12406732222697894,84
3944,3,6466,3096,3370,0,0,0,1.0,1,1.0,1,1.0,1,0.16981826133745748,83
3945,3,6469,3097,3372,0,0,0,1.0,1,1.0,1,1.0,1,0.1514833830321912,83
3946,4,6473,3098,3375,0,0,0,1.0,1,1.0,1,1.0,1,0.14169936286759632,83
3947,1,6474,3098,3376,0,0,0,1.0,1,1.0,1,1.0,1,0.1333683454170313,83
3948,1,6475,3099,3376,0,0,0,1.0,1,1.0,1,1.0,1,0.15751184638308258,84
3949,1,6476,3099,3377,0,0,0,1.0,1,1.0,1,1.0,1,0.17107362875322626,84
3950,2,6478,3100,3378,0,0,0,1.0,1,1.0,1,1.0,1,0.17565702910133324,86
3951,4,6482,3100,3382,0,0,0,1.0,1,1.0,1,1.0,1,0.15800880033407214,87
3952,3,6485,3102,3383,0,0,0,1.0,1,1.0,1,1.0,1,0.16294873160068585,86
3953,0,6485,3102,3383,0,0,0,1.0,1,1.0,1,1.0,1,0.1754341309481898,86
3954,1,6486,3102,3384,0,0,0,1.0,1,1.0,1,1.0,1,0.15806937878224875,85
3955,2,6488,3104,3384,0,0,0,1.0,1,1.0,1,1.0,1,0.1961731930568822,85
3956,6,6494,3104,3390,0,0,0,1.0,1,1.0,1,1.0,1,0.14670019685216582,84
3957,0,6494,3104,3390,0,0,0,1.0,1,1.0,1,1.0,1,0.14965427961547337,85
3958,1,6495,3104,3391,0,0,0,1.0,1,1.0,1,1.0,1,0.1508130539722517,84
3959,1,6496,3104,3392,0,0,0,1.0,1,1.0,1,1.0,1,0.1689791716953586,83
3960,4,6500,3105,3395,0,0,0,1.0,1,1.0,1,1.0,1,0.17706507722415693,84
3961,2,6502,3105,3397,0,0,0,1.0,1,1.0,1,1.0,1,0.17294237820964323,83
3962,1,6503,3106,3397,0,0,0,1.0,1,1.0,1,1.0,1,0.1785332473178838,84
3963,1,6504,3106,3398,0,0,0,1.0,1,1.0,1,1.0,1,0.1525718977342355,81
3964,1,6505,3107,3398,0,0,0,1.0,1,1.0,1,1.0,1,0.17409646952089233,81
3965,1,6506,3107,3399,0,0,0,1.0,1,1.0,1,1.0,1,0.1684395334183647,81
3966,3,6509,3110,3399,0,0,0,1.0,1,1.0,1,1.0,1,0.19208203499336207,79
3967,3,6512,3112,3400,0,0,0,1.0,1,1.0,1,1.0,1,0.21325283864028602,81
3968,2,6514,3114,3400,0,0,0,1.0,1,1.0,1,1.0,1,0.1985632045607245,79
3969,4,6518,3117,3401,0,0,0,1.0,1,1.0,1,1.0,1,0.21411347679044201,79
3970,3,6521,3119,3402,0,0,0,1.0,1,1.0,1,1.0,1,0.22041180564149132,78
3971,4,6525,3119,3406,0,0,0,1.0,1,1.0,1,1.0,1,0.189963715223687,77
3972,1,6526,3120,3406,0,0,0,1.0,1,1.0,1,1.0,1,0.1864629099467034,78
3973,0,6526,3120,3406,0,0,0,1.0,1,1.0,1,1.0,1,0.18090455589389703,77
3974,0,6526,3120,3406,0,0,0,1.0,1,1.0,1,1.0,1,0.18090455589389703,77
3975,3,6529,3122,3407,0,0,0,1.0,1,1.0,1,1.0,1,0.22274732838274117,76
3976,2,6531,3122,3409,0,0,0,1.0,1,1.0,1,1.0,1,0.22468665033603438,77
3977,0,6531,3122,3409,0,0,0,1.0,1,1.0,1,1.0,1,0.22933923710539506,78
3978,4,6535,3123,3412,0,0,0,1.0,1,1.0,1,1.0,1,0.23691565356613306,79
3979,0,6535,3123,3412,0,0,0,1.0,1,1.0,1,1.0,1,0.23691565356613306,79
3980,0,6535,3123,3412,0,0,0,1.0,1,1.0,1,1.0,1,0.23691565356613306,79
3981,6,6541,3125,3416,0,0,0,1.0,1,1.0,1,1.0,1,0.22006188090955064,83
3982,2,6543,3126,3417,0,0,0,1.0,1,1.0,1,1.0,1,0.21507357033579158,83
3983,1,6544,3126,3418,0,0,0,1.0,1,1.0,1,1.0,1,0.2127135108080571,82
3984,1,6545,3127,3418,0,0,0,1.0,1,1.0,1,1.0,1,0.22263290189476043,83
3985,3,6548,3129,3419,0,0,0,1.0,1,1.0,1,1.0,1,0.22661016030616724,84
3986,6,6554,3132,3422,0,0,0,1.0,1,1.0,1,1.0,1,0.2401747147926611,83
3987,3,6557,3133,3424,0,0,0,1.0,1,1.0,1,1.0,1,0.22261306388310778,82
3988,1,6558,3133,3425,0,0,0,1.0,1,1.0,1,1.0,1,0.22376314478127235,83
3989,0,6558,3133,3425,0,0,0,1.0,1,1.0,1,1.0,1,0.2331937329541174,81
3990,3,6561,3134,3427,0,0,0,1.0,1,1.0,1,1.0,1,0.21494513802535967,81
3991,8,6569,3136,3433,0,0,0,1.0,1,1.0,1,1.0,1,0.20526424565631984,79
3992,4,6573,3137,3436,0,0,0,1.0,1,1.0,1,1.0,1,0.17699792035547995,81
3993,1,6574,3137,3437,0,0,0,1.0,1,1.0,1,1.0,1,0.16878659779676158,80
3994,0,6574,3137,3437,0,0,0,1.0,1,1.0,1,1.0,1,0.16878659779676158,80
3995,2,6576,3139,3437,0,0,0,1.0,1,1.0,1,1.0,1,0.16591790776637405,81
3996,3,6579,3139,3440,0,0,0,1.0,1,1.0,1,1.0,1,0.1644565110552084,80
3997,1,6580,3139,3441,0,0,0,1.0,1,1.0,1,1.0,1,0.1615041603798228,81
3998,0,6580,3139,3441,0,0,0,1.0,1,1.0,1,1.0,1,0.15166624201323883,82
3999,1,6581,3140,3441,0,0,0,1.0,1,1.0,1,1.0,1,0.15568319686216833,82
4000,5,6586,3143,3443,0,0,0,1.0,1,1.0,1,1.0,1,0.1623641591240422,82
4001,5,6591,3144,3447,0,0,0,1.0,1,1.0,1,1.0,1,0.14550785204264757,81
4002,2,6593,3146,3447,0,0,0,1.0,1,1.0,1,1.0,1,0.15741204423151167,81
4003,3,6596,3147,3449,0,0,0,1.0,1,1.0,1,1.0,1,0.15594498330836737,81
4004,1,6597,3148,3449,0,0,0,1.0,1,1.0,1,1.0,1,0.16535180311722242,80
4005,1,6598,3149,3449,0,0,0,1.0,1,1.0,1,1.0,1,0.1828041178955113,78
4006,1,6599,3150,3449,0,0,0,1.0,1,1.0,1,1.0,1,0.16869902890541938,76
4007,3,6602,3151,3451,0,0,0,1.0,1,1.0,1,1.0,1,0.1695054492029149,75
4008,3,6605,3153,3452,0,0,0,1.0,1,1.0,1,1.0,1,0.1689970706373992,74
4009,1,6606,3154,3452,0,0,0,1.0,1,1.0,1,1.0,1,0.18757081201539086,75
4010,0,6606,3154,3452,0,0,0,1.0,1,1.0,1,1.0,1,0.21250638133567976,75
4011,3,6609,3156,3453,0,0,0,1.0,1,1.0,1,1.0,1,0.1999756730174645,74
4012,1,6610,3157,3453,0,0,0,1.0,1,1.0,1,1.0,1,0.216371493138031,74
4013,1,6611,3158,3453,0,0,0,1.0,1,1.0,1,1.0,1,0.24068963997151055,74
4014,4,6615,3160,3455,0,0,0,1.0,1,1.0,1,1.0,1,0.2580440121998859,73
4015,1,6616,3160,3456,0,0,0,1.0,1,1.0,1,1.0,1,0.2569873358848997,74
4016,2,6618,3160,3458,0,0,0,1.0,1,1.0,1,1.0,1,0.24471147315370195,74
4017,4,6622,3161,3461,0,0,0,1.0,1,1.0,1,1.0,1,0.2227620712459626,78
4018,1,6623,3162,3461,0,0,0,1.0,1,1.0,1,1.0,1,0.23048333883129957,78
4019,3,6626,3163,3463,0,0,0,1.0,1,1.0,1,1.0,1,0.22563312958763718,78
4020,3,6629,3163,3466,0,0,0,1.0,1,1.0,1,1.0,1,0.22583557145583674,78
4021,1,6630,3164,3466,0,0,0,1.0,1,1.0,1,1.0,1,0.22656768549881448,78
4022,2,6632,3165,3467,0,0,0,1.0,1,1.0,1,1.0,1,0.2235249609562293,79
4023,0,6632,3165,3467,0,0,0,1.0,1,1.0,1,1.0,1,0.21703352235700876,78
4024,0,6632,3165,3467,0,0,0,1.0,1,1.0,1,1.0,1,0.21225718537131144,77
4025,1,6633,3166,3467,0,0,0,1.0,1,1.0,1,1.0,1,0.21072306092476065,76
4026,3,6636,3167,3469,0,0,0,1.0,1,1.0,1,1.0,1,0.2018556202348844,76
4027,4,6640,3170,3470,0,0,0,1.0,1,1.0,1,1.0,1,0.19639691005974352,75
4028,3,6643,3171,3472,0,0,0,1.0,1,1.0,1,1.0,1,0.19291847985090996,76
4029,0,6643,3171,3472,0,0,0,1.0,1,1.0,1,1.0,1,0.18663181528693695,75
4030,1,6644,3171,3473,0,0,0,1.0,1,1.0,1,1.0,1,0.17910446121923634,74
4031,6,6650,3174,3476,0,0,0,1.0,1,1.0,1,1.0,1,0.1924973120873472,73
4032,2,6652,3174,3478,0,0,0,1.0,1,1.0,1,1.0,1,0.1808128988881283,71
4033,1,6653,3174,3479,0,0,0,1.0,1,1.0,1,1.0,1,0.16993684131705422,73
4034,2,6655,3176,3479,0,0,0,1.0,1,1.0,1,1.0,1,0.16183986277197823,72
4035,0,6655,3176,3479,0,0,0,1.0,1,1.0,1,1.0,1,0.17389944983988856,71
4036,2,6657,3177,3480,0,0,0,1.0,1,1.0,1,1.0,1,0.15816236421382668,71
4037,1,6658,3178,3480,0,0,0,1.0,1,1.0,1,1.0,1,0.18398664221786068,70
4038,1,6659,3179,3480,0,0,0,1.0,1,1.0,1,1.0,1,0.1992097971603048,69
4039,0,6659,3179,3480,0,0,0,1.0,1,1.0,1,1.0,1,0.22786646732524238,68
4040,5,6664,3182,3482,0,0,0,1.0,1,1.0,1,1.0,1,0.25497488157431875,69
4041,2,6666,3182,3484,0,0,0,1.0,1,1.0,1,1.0,1,0.2613694668311967,67
4042,0,6666,3182,3484,0,0,0,1.0,1,1.0,1,1.0,1,0.28709134111404544,67
4043,1,6667,3183,3484,0,0,0,1.0,1,1.0,1,1.0,1,0.32404738155933527,66
4044,1,6668,3184,3484,0,0,0,1.0,1,1.0,1,1.0,1,0.3397025747337555,65
4045,1,6669,3184,3485,0,0,0,1.0,1,1.0,1,1.0,1,0.3354878798677303,66
4046,1,6670,3184,3486,0,0,0,1.0,1,1.0,1,1.0,1,0.3351313422984042,68
4047,1,6671,3185,3486,0,0,0,1.0,1,1.0,1,1.0,1,0.3451156705660415,68
4048,4,6675,3185,3490,0,0,0,1.0,1,1.0,1,1.0,1,0.31475822659372904,69
4049,0,6675,3185,3490,0,0,0,1.0,1,1.0,1,1.0,1,0.31475822659372904,69
4050,1,6676,3185,3491,0,0,0,1.0,1,1.0,1,1.0,1,0.30533200437724717,69
4051,0,6676,3185,3491,0,0,0,1.0,1,1.0,1,1.0,1,0.30533200437724717,69
4052,2,6678,3185,3493,0,0,0,1.0,1,1.0,1,1.0,1,0.275202112966453,69
4053,0,6678,3185,3493,0,0,0,1.0,1,1.0,1,1.0,1,0.275202112966453,69
4054,0,6678,3185,3493,0,0,0,1.0,1,1.0,1,1.0,1,0.2697580204956277,70
4055,2,6680,3185,3495,0,0,0,1.0,1,1.0,1,1.0,1,0.24874680738991234,70
4056,0,6680,3185,3495,0,0,0,1.0,1,1.0,1,1.0,1,0.24874680738991234,70
4057,1,6681,3185,3496,0,0,0,1.0,1,1.0,1,1.0,1,0.2421166603838598,71
4058,1,6682,3186,3496,0,0,0,1.0,1,1.0,1,1.0,1,0.24493095835502698,71
4059,2,6684,3187,3497,0,0,0,1.0,1,1.0,1,1.0,1,0.23774880491608355,72
4060,2,6686,3188,3498,0,0,0,1.0,1,1.0,1,1.0,1,0.25027905389905014,71
4061,1,6687,3189,3498,0,0,0,1.0,1,1.0,1,1.0,1,0.2658135800358842,72
4062,1,6688,3190,3498,0,0,0,1.0,1,1.0,1,1.0,1,0.2701410092103597,72
4063,4,6692,3191,3501,0,0,0,1.0,1,1.0,1,1.0,1,0.24239669867866157,72
4064,2,6694,3192,3502,0,0,0,1.0,1,1.0,1,1.0,1,0.22275987154688526,71
4065,3,6697,3194,3503,0,0,0,1.0,1,1.0,1,1.0,1,0.22695788815204182,70
4066,5,6702,3197,3505,0,0,0,1.0,1,1.0,1,1.0,1,0.25316072520366434,70
4067,4,6706,3198,3508,0,0,0,1.0,1,1.0,1,1.0,1,0.2120147832603001,68
4068,7,6713,3201,3512,0,0,0,1.0,1,1.0,1,1.0,1,0.2203244897955215,70
4069,3,6716,3203,3513,0,0,0,1.0,1,1.0,1,1.0,1,0.2371647444270622,68
4070,1,6717,3203,3514,0,0,0,1.0,1,1.0,1,1.0,1,0.22935934295436855,67
4071,8,6725,3204,3521,0,0,0,1.0,1,1.0,1,1.0,1,0.1999901845059736,68
4072,6,6731,3206,3525,0,0,0,1.0,1,1.0,1,1.0,1,0.15834697456192473,70
4073,5,6736,3209,3527,0,0,0,1.0,1,1.0,1,1.0,1,0.1595548383076743,70
4074,4,6740,3213,3527,0,0,0,1.0,1,1.0,1,1.0,1,0.23061982627354785,71
4075,6,6746,3216,3530,0,0,0,1.0,1,1.0,1,1.0,1,0.204181855936249,72
4076,6,6752,3218,3534,0,0,0,1.0,1,1.0,1,1.0,1,0.20312301686421264,73
4077,2,6754,3220,3534,0,0,0,1.0,1,1.0,1,1.0,1,0.2313843270206625,72
4078,4,6758,3224,3534,0,0,0,1.0,1,1.0,1,1.0,1,0.2690047283062973,71
4079,3,6761,3226,3535,0,0,0,1.0,1,1.0,1,1.0,1,0.28958442867911327,69
4080,0,6761,3226,3535,0,0,0,1.0,1,1.0,1,1.0,1,0.2916194043634425,67
4081,3,6764,3226,3538,0,0,0,1.0,1,1.0,1,1.0,1,0.25574935887568695,66
4082,0,6764,3226,3538,0,0,0,1.0,1,1.0,1,1.0,1,0.2811790551660662,65
4083,2,6766,3226,3540,0,0,0,1.0,1,1.0,1,1.0,1,0.26277357303426424,64
4084,3,6769,3228,3541,0,0,0,1.0,1,1.0,1,1.0,1,0.26504281092256565,64
4085,2,6771,3228,3543,0,0,0,1.0,1,1.0,1,1.0,1,0.2378207349002248,65
4086,2,6773,3229,3544,0,0,0,1.0,1,1.0,1,1.0,1,0.22481760522453662,66
4087,2,6775,3230,3545,0,0,0,1.0,1,1.0,1,1.0,1,0.213437277706346,66
4088,2,6777,3230,3547,0,0,0,1.0,1,1.0,1,1.0,1,0.22839123301994363,65
4089,0,6777,3230,3547,0,0,0,1.0,1,1.0,1,1.0,1,0.22839123301994363,65
4090,0,6777,3230,3547,0,0,0,1.0,1,1.0,1,1.0,1,0.24325486502173257,65
4091,1,6778,3230,3548,0,0,0,1.0,1,1.0,1,1.0,1,0.236576850108091,65
4092,1,6779,3230,3549,0,0,0,1.0,1,1.0,1,1.0,1,0.22640210002308683,64
4093,1,6780,3230,3550,0,0,0,1.0,1,1.0,1,1.0,1,0.1948123595060891,66
4094,0,6780,3230,3550,0,0,0,1.0,1,1.0,1,1.0,1,0.21316719984207852,65
4095,2,6782,3231,3551,0,0,0,1.0,1,1.0,1,1.0,1,0.20840184740030804,65
4096,2,6784,3232,3552,0,0,0,1.0,1,1.0,1,1.0,1,0.19508126559755962,67
4097,4,6788,3234,3554,0,0,0,1.0,1,1.0,1,1.0,1,0.17694972960973046,67
4098,3,6791,3236,3555,0,0,0,1.0,1,1.0,1,1.0,1,0.193448246945302,68
4099,1,6792,3236,3556,0,0,0,1.0,1,1.0,1,1.0,1,0.19279181676083612,69
4100,3,6795,3238,3557,0,0,0,1.0,1,1.0,1,1.0,1,0.21429837903146015,70
4101,6,6801,3239,3562,0,0,0,1.0,1,1.0,1,1.0,1,0.17000552248701067,71
4102,2,6803,3241,3562,0,0,0,1.0,1,1.0,1,1.0,1,0.18694864936652392,71
4103,2,6805,3242,3563,0,0,0,1.0,1,1.0,1,1.0,1,0.18641722849677544,71
4104,2,6807,3244,3563,0,0,0,1.0,1,1.0,1,1.0,1,0.207921421121791,69
4105,0,6807,3244,3563,0,0,0,1.0,1,1.0,1,1.0,1,0.20514250446123516,67
4106,4,6811,3244,3567,0,0,0,1.0,1,1.0,1,1.0,1,0.1852162231953791,68
4107,2,6813,3244,3569,0,0,0,1.0,1,1.0,1,1.0,1,0.16282127936638915,70
4108,0,6813,3244,3569,0,0,0,1.0,1,1.0,1,1.0,1,0.1622544724369241,70
4109,0,6813,3244,3569,0,0,0,1.0,1,1.0,1,1.0,1,0.16437566074675672,69
4110,2,6815,3245,3570,0,0,0,1.0,1,1.0,1,1.0,1,0.1571393382576428,71
4111,1,6816,3245,3571,0,0,0,1.0,1,1.0,1,1.0,1,0.1412636654875842,70
4112,0,6816,3245,3571,0,0,0,1.0,1,1.0,1,1.0,1,0.14678464784378725,72
4113,1,6817,3246,3571,0,0,0,1.0,1,1.0,1,1.0,1,0.14668597620900273,72
4114,3,6820,3247,3573,0,0,0,1.0,1,1.0,1,1.0,1,0.15686037238422312,72
4115,1,6821,3248,3573,0,0,0,1.0,1,1.0,1,1.0,1,0.15005915169448383,70
4116,1,6822,3249,3573,0,0,0,1.0,1,1.0,1,1.0,1,0.19837942185423676,67
4117,0,6822,3249,3573,0,0,0,1.0,1,1.0,1,1.0,1,0.2064996657141434,67
4118,0,6822,3249,3573,0,0,0,1.0,1,1.0,1,1.0,1,0.22590033498480291,66
4119,3,6825,3251,3574,0,0,0,1.0,1,1.0,1,1.0,1,0.25174782687899944,67
4120,2,6827,3252,3575,0,0,0,1.0,1,1.0,1,1.0,1,0.28145311082758573,64
4121,7,6834,3254,3580,0,0,0,1.0,1,1.0,1,1.0,1,0.2796215972488335,63
4122,4,6838,3257,3581,0,0,0,1.0,1,1.0,1,1.0,1,0.26688898654706394,63
4123,2,6840,3259,3581,0,0,0,1.0,1,1.0,1,1.0,1,0.2592206044443029,61
4124,4,6844,3261,3583,0,0,0,1.0,1,1.0,1,1.0,1,0.254594205324091,62
4125,1,6845,3262,3583,0,0,0,1.0,1,1.0,1,1.0,1,0.24338981199155507,60
4126,5,6850,3264,3586,0,0,0,1.0,1,1.0,1,1.0,1,0.21158193689332497,59
4127,1,6851,3265,3586,0,0,0,1.0,1,1.0,1,1.0,1,0.227119603797928,60
4128,1,6852,3266,3586,0,0,0,1.0,1,1.0,1,1.0,1,0.23948439488128867,60
4129,1,6853,3266,3587,0,0,0,1.0,1,1.0,1,1.0,1,0.24279502116689572,60
4130,1,6854,3267,3587,0,0,0,1.0,1,1.0,1,1.0,1,0.2394669265052603,61
4131,2,6856,3267,3589,0,0,0,1.0,1,1.0,1,1.0,1,0.22722138338418318,60
4132,1,6857,3268,3589,0,0,0,1.0,1,1.0,1,1.0,1,0.23225590839459617,60
4133,1,6858,3269,3589,0,0,0,1.0,1,1.0,1,1.0,1,0.23798882181036757,62
4134,2,6860,3271,3589,0,0,0,1.0,1,1.0,1,1.0,1,0.24248734392377466,63
4135,5,6865,3273,3592,0,0,0,1.0,1,1.0,1,1.0,1,0.21767900230660203,65
4136,1,6866,3273,3593,0,0,0,1.0,1,1.0,1,1.0,1,0.21316929674178658,65
4137,1,6867,3274,3593,0,0,0,1.0,1,1.0,1,1.0,1,0.20583570167271864,66
4138,1,6868,3275,3593,0,0,0,1.0,1,1.0,1,1.0,1,0.21230654868274865,67
4139,1,6869,3276,3593,0,0,0,1.0,1,1.0,1,1.0,1,0.2445687520681609,67
4140,0,6869,3276,3593,0,0,0,1.0,1,1.0,1,1.0,1,0.23247992779822207,66
4141,2,6871,3276,3595,0,0,0,1.0,1,1.0,1,1.0,1,0.21129801016578556,67
4142,0,6871,3276,3595,0,0,0,1.0,1,1.0,1,1.0,1,0.21129801016578556,67
4143,2,6873,3277,3596,0,0,0,1.0,1,1.0,1,1.0,1,0.19114098643139246,66
4144,1,6874,3278,3596,0,0,0,1.0,1,1.0,1,1.0,1,0.20534640978721114,64
4145,2,6876,3280,3596,0,0,0,1.0,1,1.0,1,1.0,1,0.20791857639874065,63
4146,6,6882,3284,3598,0,0,0,1.0,1,1.0,1,1.0,1,0.20604228610037956,62
4147,1,6883,3284,3599,0,0,0,1.0,1,1.0,1,1.0,1,0.18647406511718412,60
4148,3,6886,3285,3601,0,0,0,1.0,1,1.0,1,1.0,1,0.18724589658031768,62
4149,2,6888,3286,3602,0,0,0,1.0,1,1.0,1,1.0,1,0.1810432264713199,61
4150,1,6889,3287,3602,0,0,0,1.0,1,1.0,1,1.0,1,0.18445480541241135,60
4151,3,6892,3288,3604,0,0,0,1.0,1,1.0,1,1.0,1,0.18777056266076325,60
4152,2,6894,3289,3605,0,0,0,1.0,1,1.0,1,1.0,1,0.19845898857798144,60
4153,1,6895,3290,3605,0,0,0,1.0,1,1.0,1,1.0,1,0.1968041254818279,58
4154,1,6896,3290,3606,0,0,0,1.0,1,1.0,1,1.0,1,0.20744869868880456,57
4155,2,6898,3292,3606,0,0,0,1.0,1,1.0,1,1.0,1,0.2281272130941737,57
4156,5,6903,3294,3609,0,0,0,1.0,1,1.0,1,1.0,1,0.20910378875869803,58
4157,2,6905,3295,3610,0,0,0,1.0,1,1.0,1,1.0,1,0.20702126413248517,57
4158,1,6906,3296,3610,0,0,0,1.0,1,1.0,1,1.0,1,0.23620782837172488,55
4159,1,6907,3296,3611,0,0,0,1.0,1,1.0,1,1.0,1,0.22692145761999138,57
4160,0,6907,3296,3611,0,0,0,1.0,1,1.0,1,1.0,1,0.22379043610283023,58
4161,2,6909,3296,3613,0,0,0,1.0,1,1.0,1,1.0,1,0.17758233259355435,58
4162,1,6910,3297,3613,0,0,0,1.0,1,1.0,1,1.0,1,0.19389266896561377,57
4163,0,6910,3297,3613,0,0,0,1.0,1,1.0,1,1.0,1,0.19001232726205752,58
4164,6,6916,3300,3616,0,0,0,1.0,1,1.0,1,1.0,1,0.25151527678319846,56
4165,3,6919,3301,3618,0,0,0,1.0,1,1.0,1,1.0,1,0.2612019324696432,58
4166,3,6922,3301,3621,0,0,0,1.0,1,1.0,1,1.0,1,0.23235647592764214,57
4167,0,6922,3301,3621,0,0,0,1.0,1,1.0,1,1.0,1,0.23376554081805845,57
4168,0,6922,3301,3621,0,0,0,1.0,1,1.0,1,1.0,1,0.23003867133817751,58
4169,1,6923,3302,3621,0,0,0,1.0,1,1.0,1,1.0,1,0.2345470007244682,58
4170,1,6924,3303,3621,0,0,0,1.0,1,1.0,1,1.0,1,0.25367750521828275,58
4171,0,6924,3303,3621,0,0,0,1.0,1,1.0,1,1.0,1,0.2696223171850377,57
4172,0,6924,3303,3621,0,0,0,1.0,1,1.0,1,1.0,1,0.2696223171850377,57
4173,1,6925,3303,3622,0,0,0,1.0,1,1.0,1,1.0,1,0.2806908700045717,56
4174,0,6925,3303,3622,0,0,0,1.0,1,1.0,1,1.0,1,0.2806908700045717,56
4175,2,6927,3303,3624,0,0,0,1.0,1,1.0,1,1.0,1,0.25524819354793893,55
4176,2,6929,3304,3625,0,0,0,1.0,1,1.0,1,1.0,1,0.25840590889961834,57
4177,2,6931,3304,3627,0,0,0,1.0,1,1.0,1,1.0,1,0.25180009848986895,58
4178,4,6935,3307,3628,0,0,0,1.0,1,1.0,1,1.0,1,0.27959257474594634,60
4179,4,6939,3308,3631,0,0,0,1.0,1,1.0,1,1.0,1,0.24762016918220228,61
4180,1,6940,3308,3632,0,0,0,1.0,1,1.0,1,1.0,1,0.2097719221899855,62
4181,4,6944,3308,3636,0,0,0,1.0,1,1.0,1,1.0,1,0.17372965512131847,63
4182,1,6945,3309,3636,0,0,0,1.0,1,1.0,1,1.0,1,0.19009347987642633,63
4183,2,6947,3310,3637,0,0,0,1.0,1,1.0,1,1.0,1,0.1904792027973767,63
4184,2,6949,3312,3637,0,0,0,1.0,1,1.0,1,1.0,1,0.220308962653517,63
4185,0,6949,3312,3637,0,0,0,1.0,1,1.0,1,1.0,1,0.21008207747898988,61
4186,5,6954,3314,3640,0,0,0,1.0,1,1.0,1,1.0,1,0.1941872961843738,62
4187,2,6956,3315,3641,0,0,0,1.0,1,1.0,1,1.0,1,0.20344047072854501,60
4188,2,6958,3316,3642,0,0,0,1.0,1,1.0,1,1.0,1,0.17578911730982993,60
4189,0,6958,3316,3642,0,0,0,1.0,1,1.0,1,1.0,1,0.17578911730982993,60
4190,1,6959,3317,3642,0,0,0,1.0,1,1.0,1,1.0,1,0.2035835993426845,61
4191,2,6961,3318,3643,0,0,0,1.0,1,1.0,1,1.0,1,0.20448916329636874,59
4192,2,6963,3320,3643,0,0,0,1.0,1,1.0,1,1.0,1,0.20323349130098833,58
4193,1,6964,3321,3643,0,0,0,1.0,1,1.0,1,1.0,1,0.21276664093919095,57
4194,1,6965,3322,3643,0,0,0,1.0,1,1.0,1,1.0,1,0.24259234604067265,54
4195,2,6967,3323,3644,0,0,0,1.0,1,1.0,1,1.0,1,0.2304547514861855,55
4196,1,6968,3323,3645,0,0,0,1.0,1,1.0,1,1.0,1,0.2419006211089057,56
4197,1,6969,3324,3645,0,0,0,1.0,1,1.0,1,1.0,1,0.25006261673812247,55
4198,2,6971,3325,3646,0,0,0,1.0,1,1.0,1,1.0,1,0.27934060573612035,56
4199,1,6972,3326,3646,0,0,0,1.0,1,1.0,1,1.0,1,0.2999032047655137,55
4200,0,6972,3326,3646,0,0,0,1.0,1,1.0,1,1.0,1,0.29992242893496873,55
4201,2,6974,3326,3648,0,0,0,1.0,1,1.0,1,1.0,1,0.27085272586742704,56
4202,0,6974,3326,3648,0,0,0,1.0,1,1.0,1,1.0,1,0.27085272586742704,56
4203,0,6974,3326,3648,0,0,0,1.0,1,1.0,1,1.0,1,0.2808758569553069,57
4204,1,6975,3327,3648,0,0,0,1.0,1,1.0,1,1.0,1,0.2803157229944087,57
4205,2,6977,3327,3650,0,0,0,1.0,1,1.0,1,1.0,1,0.25247650582403597,58
4206,4,6981,3329,3652,0,0,0,1.0,1,1.0,1,1.0,1,0.22617290456714792,58
4207,4,6985,3331,3654,0,0,0,1.0,1,1.0,1,1.0,1,0.20116030749982639,58
4208,2,6987,3332,3655,0,0,0,1.0,1,1.0,1,1.0,1,0.2016072555773075,60
4209,3,6990,3334,3656,0,0,0,1.0,1,1.0,1,1.0,1,0.21065751919615114,61
4210,2,6992,3335,3657,0,0,0,1.0,1,1.0,1,1.0,1,0.20275362144853712,62
4211,4,6996,3335,3661,0,0,0,1.0,1,1.0,1,1.0,1,0.14660110939409263,63
4212,1,6997,3335,3662,0,0,0,1.0,1,1.0,1,1.0,1,0.14337717815869114,64
4213,0,6997,3335,3662,0,0,0,1.0,1,1.0,1,1.0,1,0.15319522254038098,65
4214,0,6997,3335,3662,0,0,0,1.0,1,1.0,1,1.0,1,0.15681495851259733,65
4215,0,6997,3335,3662,0,0,0,1.0,1,1.0,1,1.0,1,0.15681495851259733,65
4216,0,6997,3335,3662,0,0,0,1.0,1,1.0,1,1.0,1,0.16721671018782214,64
4217,1,6998,3336,3662,0,0,0,1.0,1,1.0,1,1.0,1,0.1932066543241754,65
4218,1,6999,3336,3663,0,0,0,1.0,1,1.0,1,1.0,1,0.18238691319130904,65
4219,1,7000,3337,3663,0,0,0,1.0,1,1.0,1,1.0,1,0.20575879104610764,65
4220,1,7001,3337,3664,0,0,0,1.0,1,1.0,1,1.0,1,0.19714168601659735,65
4221,3,7004,3339,3665,0,0,0,1.0,1,1.0,1,1.0,1,0.22282549852184258,67
4222,0,7004,3339,3665,0,0,0,1.0,1,1.0,1,1.0,1,0.2201293894862685,68
4223,3,7007,3341,3666,0,0,0,1.0,1,1.0,1,1.0,1,0.24001484491026256,68
4224,0,7007,3341,3666,0,0,0,1.0,1,1.0,1,1.0,1,0.23864811339669392,68
4225,0,7007,3341,3666,0,0,0,1.0,1,1.0,1,1.0,1,0.22680029120710857,66
4226,2,7009,3342,3667,0,0,0,1.0,1,1.0,1,1.0,1,0.22163167078998205,66
4227,0,7009,3342,3667,0,0,0,1.0,1,1.0,1,1.0,1,0.22163167078998205,66
4228,0,7009,3342,3667,0,0,0,1.0,1,1.0,1,1.0,1,0.216623994190255,65
4229,1,7010,3343,3667,0,0,0,1.0,1,1.0,1,1.0,1,0.24734760734429176,65
4230,2,7012,3344,3668,0,0,0,1.0,1,1.0,1,1.0,1,0.24590919124554284,64
4231,1,7013,3344,3669,0,0,0,1.0,1,1.0,1,1.0,1,0.23923232129475536,64
4232,3,7016,3345,3671,0,0,0,1.0,1,1.0,1,1.0,1,0.23145493646662474,65
4233,0,7016,3345,3671,0,0,0,1.0,1,1.0,1,1.0,1,0.22696183648427845,64
4234,1,7017,3345,3672,0,0,0,1.0,1,1.0,1,1.0,1,0.214986813727418,63
4235,3,7020,3347,3673,0,0,0,1.0,1,1.0,1,1.0,1,0.20295256657852156,63
4236,1,7021,3347,3674,0,0,0,1.0,1,1.0,1,1.0,1,0.19550563727410777,63
4237,2,7023,3349,3674,0,0,0,1.0,1,1.0,1,1.0,1,0.23047780799998197,65
4238,1,7024,3349,3675,0,0,0,1.0,1,1.0,1,1.0,1,0.21962641493034915,65
4239,0,7024,3349,3675,0,0,0,1.0,1,1.0,1,1.0,1,0.21962641493034915,65
4240,1,7025,3350,3675,0,0,0,1.0,1,1.0,1,1.0,1,0.20652904510496728,66
4241,2,7027,3350,3677,0,0,0,1.0,1,1.0,1,1.0,1,0.18660070103231705,66
4242,1,7028,3350,3678,0,0,0,1.0,1,1.0,1,1.0,1,0.17752160970189598,69
4243,1,7029,3350,3679,0,0,0,1.0,1,1.0,1,1.0,1,0.18082964070876567,71
4244,0,7029,3350,3679,0,0,0,1.0,1,1.0,1,1.0,1,0.18082964070876567,71
4245,1,7030,3350,3680,0,0,0,1.0,1,1.0,1,1.0,1,0.17465011666255115,73
4246,1,7031,3350,3681,0,0,0,1.0,1,1.0,1,1.0,1,0.1587943658011991,74
4247,0,7031,3350,3681,0,0,0,1.0,1,1.0,1,1.0,1,0.1587943658011991,74
4248,0,7031,3350,3681,0,0,0,1.0,1,1.0,1,1.0,1,0.1587943658011991,74
4249,0,7031,3350,3681,0,0,0,1.0,1,1.0,1,1.0,1,0.1587943658011991,74
4250,0,7031,3350,3681,0,0,0,1.0,1,1.0,1,1.0,1,0.1587943658011991,74
4251,2,7033,3350,3683,0,0,0,1.0,1,1.0,1,1.0,1,0.1491387273907756,75
4252,3,7036,3353,3683,0,0,0,1.0,1,1.0,1,1.0,1,0.2098826173980626,75
4253,4,7040,3353,3687,0,0,0,1.0,1,1.0,1,1.0,1,0.18680629202044477,76
4254,2,7042,3355,3687,0,0,0,1.0,1,1.0,1,1.0,1,0.1974885385693582,75
4255,3,7045,3358,3687,0,0,0,1.0,1,1.0,1,1.0,1,0.21656015129960607,76
4256,4,7049,3359,3690,0,0,0,1.0,1,1.0,1,1.0,1,0.1923052827094202,78
4257,0,7049,3359,3690,0,0,0,1.0,1,1.0,1,1.0,1,0.1923052827094202,78
4258,2,7051,3361,3690,0,0,0,1.0,1,1.0,1,1.0,1,0.2277334088431831,77
4259,5,7056,3363,3693,0,0,0,1.0,1,1.0,1,1.0,1,0.22890145139617743,78
4260,4,7060,3363,3697,0,0,0,1.0,1,1.0,1,1.0,1,0.19663985588594676,77
4261,3,7063,3364,3699,0,0,0,1.0,1,1.0,1,1.0,1,0.17791702857314823,76
4262,1,7064,3364,3700,0,0,0,1.0,1,1.0,1,1.0,1,0.18373043775640419,75
4263,3,7067,3367,3700,0,0,0,1.0,1,1.0,1,1.0,1,0.18271738898414186,74
4264,1,7068,3367,3701,0,0,0,1.0,1,1.0,1,1.0,1,0.1973231461957534,74
4265,2,7070,3369,3701,0,0,0,1.0,1,1.0,1,1.0,1,0.19712878341584716,73
4266,4,7074,3369,3705,0,0,0,1.0,1,1.0,1,1.0,1,0.18016438219811912,71
4267,3,7077,3372,3705,0,0,0,1.0,1,1.0,1,1.0,1,0.19900432419431516,69
4268,0,7077,3372,3705,0,0,0,1.0,1,1.0,1,1.0,1,0.22322102259432158,67
4269,2,7079,3373,3706,0,0,0,1.0,1,1.0,1,1.0,1,0.2022239578679361,64
4270,1,7080,3373,3707,0,0,0,1.0,1,1.0,1,1.0,1,0.2000748213616665,63
4271,1,7081,3374,3707,0,0,0,1.0,1,1.0,1,1.0,1,0.22423286807282453,63
4272,1,7082,3375,3707,0,0,0,1.0,1,1.0,1,1.0,1,0.22573129274246342,62
4273,0,7082,3375,3707,0,0,0,1.0,1,1.0,1,1.0,1,0.22573129274246342,62
4274,2,7084,3375,3709,0,0,0,1.0,1,1.0,1,1.0,1,0.22391081962563608,62
4275,0,7084,3375,3709,0,0,0,1.0,1,1.0,1,1.0,1,0.21322447574752124,61
4276,2,7086,3375,3711,0,0,0,1.0,1,1.0,1,1.0,1,0.20118767429850565,62
4277,0,7086,3375,3711,0,0,0,1.0,1,1.0,1,1.0,1,0.2131502022271258,63
4278,1,7087,3375,3712,0,0,0,1.0,1,1.0,1,1.0,1,0.19885410960027047,64
4279,4,7091,3378,3713,0,0,0,1.0,1,1.0,1,1.0,1,0.1956046758158768,65
4280,2,7093,3380,3713,0,0,0,1.0,1,1.0,1,1.0,1,0.19005280989828663,65
4281,3,7096,3380,3716,0,0,0,1.0,1,1.0,1,1.0,1,0.16900322878080654,65
4282,4,7100,3384,3716,0,0,0,1.0,1,1.0,1,1.0,1,0.22114864305456147,66
4283,2,7102,3385,3717,0,0,0,1.0,1,1.0,1,1.0,1,0.23395186974142818,66
4284,3,7105,3386,3719,0,0,0,1.0,1,1.0,1,1.0,1,0.24353240994698286,66
4285,1,7106,3387,3719,0,0,0,1.0,1,1.0,1,1.0,1,0.2458988614918729,67
4286,3,7109,3387,3722,0,0,0,1.0,1,1.0,1,1.0,1,0.2326729823376273,67
4287,1,7110,3387,3723,0,0,0,1.0,1,1.0,1,1.0,1,0.22386523994878116,67
4288,0,7110,3387,3723,0,0,0,1.0,1,1.0,1,1.0,1,0.21744470667499463,68
4289,1,7111,3387,3724,0,0,0,1.0,1,1.0,1,1.0,1,0.2158559981825151,68
4290,1,7112,3388,3724,0,0,0,1.0,1,1.0,1,1.0,1,0.20772918028348752,70
4291,0,7112,3388,3724,0,0,0,1.0,1,1.0,1,1.0,1,0.20552296767794753,71
4292,0,7112,3388,3724,0,0,0,1.0,1,1.0,1,1.0,1,0.20552296767794753,71
4293,1,7113,3388,3725,0,0,0,1.0,1,1.0,1,1.0,1,0.19422552049415215,71
4294,0,7113,3388,3725,0,0,0,1.0,1,1.0,1,1.0,1,0.19422552049415215,71
4295,1,7114,3389,3725,0,0,0,1.0,1,1.0,1,1.0,1,0.22323380816997632,72
4296,1,7115,3390,3725,0,0,0,1.0,1,1.0,1,1.0,1,0.22648274663455825,73
4297,1,7116,3390,3726,0,0,0,1.0,1,1.0,1,1.0,1,0.22051877059197775,73
4298,1,7117,3390,3727,0,0,0,1.0,1,1.0,1,1.0,1,0.22332473277632087,74
4299,1,7118,3390,3728,0,0,0,1.0,1,1.0,1,1.0,1,0.20823563706603065,75
4300,1,7119,3390,3729,0,0,0,1.0,1,1.0,1,1.0,1,0.19086732676486054,75
4301,0,7119,3390,3729,0,0,0,1.0,1,1.0,1,1.0,1,0.18904277663599936,76
4302,0,7119,3390,3729,0,0,0,1.0,1,1.0,1,1.0,1,0.18904277663599936,76
4303,2,7121,3390,3731,0,0,0,1.0,1,1.0,1,1.0,1,0.1638431860706417,75
4304,3,7124,3392,3732,0,0,0,1.0,1,1.0,1,1.0,1,0.2103192835397396,75
4305,1,7125,3393,3732,0,0,0,1.0,1,1.0,1,1.0,1,0.24081079751509601,73
4306,7,7132,3396,3736,0,0,0,1.0,1,1.0,1,1.0,1,0.22410717395201854,74
4307,3,7135,3398,3737,0,0,0,1.0,1,1.0,1,1.0,1,0.24830348706251082,73
4308,1,7136,3399,3737,0,0,0,1.0,1,1.0,1,1.0,1,0.27673490468283735,71
4309,1,7137,3400,3737,0,0,0,1.0,1,1.0,1,1.0,1,0.2734670278792205,70
4310,3,7140,3401,3739,0,0,0,1.0,1,1.0,1,1.0,1,0.24203008013157162,69
4311,5,7145,3403,3742,0,0,0,1.0,1,1.0,1,1.0,1,0.22771090137286443,69
4312,3,7148,3405,3743,0,0,0,1.0,1,1.0,1,1.0,1,0.23705211933511028,66
4313,1,7149,3406,3743,0,0,0,1.0,1,1.0,1,1.0,1,0.24482090987084382,64
4314,1,7150,3407,3743,0,0,0,1.0,1,1.0,1,1.0,1,0.276869714521551,61
4315,2,7152,3409,3743,0,0,0,1.0,1,1.0,1,1.0,1,0.2798886761451644,61
4316,4,7156,3411,3745,0,0,0,1.0,1,1.0,1,1.0,1,0.27060005244005797,60
4317,4,7160,3412,3748,0,0,0,1.0,1,1.0,1,1.0,1,0.228666751338624,62
4318,0,7160,3412,3748,0,0,0,1.0,1,1.0,1,1.0,1,0.2660425656478261,59
4319,0,7160,3412,3748,0,0,0,1.0,1,1.0,1,1.0,1,0.26292355023491687,60
4320,0,7160,3412,3748,0,0,0,1.0,1,1.0,1,1.0,1,0.26292355023491687,60
4321,2,7162,3414,3748,0,0,0,1.0,1,1.0,1,1.0,1,0.259028606754629,61
4322,1,7163,3415,3748,0,0,0,1.0,1,1.0,1,1.0,1,0.2714636399477961,61
4323,1,7164,3415,3749,0,0,0,1.0,1,1.0,1,1.0,1,0.25984201064162626,61
4324,1,7165,3416,3749,0,0,0,1.0,1,1.0,1,1.0,1,0.27995770125098796,60
4325,2,7167,3417,3750,0,0,0,1.0,1,1.0,1,1.0,1,0.3041729836728576,60
4326,3,7170,3418,3752,0,0,0,1.0,1,1.0,1,1.0,1,0.28859399507265476,61
4327,2,7172,3418,3754,0,0,0,1.0,1,1.0,1,1.0,1,0.27733962361467174,62
4328,0,7172,3418,3754,0,0,0,1.0,1,1.0,1,1.0,1,0.27733962361467174,62
4329,0,7172,3418,3754,0,0,0,1.0,1,1.0,1,1.0,1,0.2673253123945433,65
4330,1,7173,3418,3755,0,0,0,1.0,1,1.0,1,1.0,1,0.25943989286938246,65
4331,0,7173,3418,3755,0,0,0,1.0,1,1.0,1,1.0,1,0.25943989286938246,65
4332,3,7176,3419,3757,0,0,0,1.0,1,1.0,1,1.0,1,0.24072918889859804,66
4333,0,7176,3419,3757,0,0,0,1.0,1,1.0,1,1.0,1,0.24072918889859804,66
4334,1,7177,3420,3757,0,0,0,1.0,1,1.0,1,1.0,1,0.2559779085188219,66
4335,0,7177,3420,3757,0,0,0,1.0,1,1.0,1,1.0,1,0.2683669368690313,65
4336,3,7180,3422,3758,0,0,0,1.0,1,1.0,1,1.0,1,0.25431617717361654,67
4337,2,7182,3422,3760,0,0,0,1.0,1,1.0,1,1.0,1,0.26258166024557844,69
4338,1,7183,3422,3761,0,0,0,1.0,1,1.0,1,1.0,1,0.2476741795636706,70
4339,1,7184,3422,3762,0,0,0,1.0,1,1.0,1,1.0,1,0.24950063063048059,70
4340,2,7186,3422,3764,0,0,0,1.0,1,1.0,1,1.0,1,0.24523608542257133,71
4341,4,7190,3423,3767,0,0,0,1.0,1,1.0,1,1.0,1,0.24932814848185544,70
4342,3,7193,3425,3768,0,0,0,1.0,1,1.0,1,1.0,1,0.25720527121131315,71
4343,5,7198,3429,3769,0,0,0,1.0,1,1.0,1,1.0,1,0.2732583355518732,67
4344,3,7201,3430,3771,0,0,0,1.0,1,1.0,1,1.0,1,0.27765164368002004,67
4345,3,7204,3433,3771,0,0,0,1.0,1,1.0,1,1.0,1,0.28894446609096586,64
4346,11,7215,3440,3775,0,0,0,1.0,1,1.0,1,1.0,1,0.2512703036636664,64
4347,2,7217,3441,3776,0,0,0,1.0,1,1.0,1,1.0,1,0.24911248182884607,62
4348,2,7219,3442,3777,0,0,0,1.0,1,1.0,1,1.0,1,0.2337984759974071,62
4349,1,7220,3443,3777,0,0,0,1.0,1,1.0,1,1.0,1,0.27692727437857345,61
4350,3,7223,3445,3778,0,0,0,1.0,1,1.0,1,1.0,1,0.28465688259327454,60
4351,3,7226,3448,3778,0,0,0,1.0,1,1.0,1,1.0,1,0.27953516109670884,60
4352,0,7226,3448,3778,0,0,0,1.0,1,1.0,1,1.0,1,0.2939755099277857,57
4353,1,7227,3448,3779,0,0,0,1.0,1,1.0,1,1.0,1,0.2960910032417582,55
4354,2,7229,3449,3780,0,0,0,1.0,1,1.0,1,1.0,1,0.29830730140624206,55
4355,1,7230,3449,3781,0,0,0,1.0,1,1.0,1,1.0,1,0.29570879992608534,53
4356,2,7232,3449,3783,0,0,0,1.0,1,1.0,1,1.0,1,0.24668368765702808,55
4357,1,7233,3450,3783,0,0,0,1.0,1,1.0,1,1.0,1,0.2548909364382445,55
4358,1,7234,3451,3783,0,0,0,1.0,1,1.0,1,1.0,1,0.27855743787301857,55
4359,0,7234,3451,3783,0,0,0,1.0,1,1.0,1,1.0,1,0.28980535014266656,54
4360,1,7235,3452,3783,0,0,0,1.0,1,1.0,1,1.0,1,0.28383555824383333,55
4361,8,7243,3453,3790,0,0,0,1.0,1,1.0,1,1.0,1,0.22234350100442302,54
4362,0,7243,3453,3790,0,0,0,1.0,1,1.0,1,1.0,1,0.20996286295497324,55
4363,0,7243,3453,3790,0,0,0,1.0,1,1.0,1,1.0,1,0.21947261580608973,55
4364,4,7247,3456,3791,0,0,0,1.0,1,1.0,1,1.0,1,0.24345382337299848,55
4365,4,7251,3456,3795,0,0,0,1.0,1,1.0,1,1.0,1,0.26479523952975614,54
4366,3,7254,3456,3798,0,0,0,1.0,1,1.0,1,1.0,1,0.21881661389690374,54
4367,1,7255,3456,3799,0,0,0,1.0,1,1.0,1,1.0,1,0.21950395503038483,57
4368,1,7256,3457,3799,0,0,0,1.0,1,1.0,1,1.0,1,0.25693153530452306,57
4369,2,7258,3457,3801,0,0,0,1.0,1,1.0,1,1.0,1,0.22993171392124792,58
4370,2,7260,3458,3802,0,0,0,1.0,1,1.0,1,1.0,1,0.2294378629977016,59
4371,2,7262,3458,3804,0,0,0,1.0,1,1.0,1,1.0,1,0.19623563576281267,60
4372,1,7263,3459,3804,0,0,0,1.0,1,1.0,1,1.0,1,0.2056556605392726,60
4373,0,7263,3459,3804,0,0,0,1.0,1,1.0,1,1.0,1,0.2056556605392726,60
4374,0,7263,3459,3804,0,0,0,1.0,1,1.0,1,1.0,1,0.21952426595026586,59
4375,0,7263,3459,3804,0,0,0,1.0,1,1.0,1,1.0,1,0.22740513560888098,60
4376,0,7263,3459,3804,0,0,0,1.0,1,1.0,1,1.0,1,0.25080385515348114,60
4377,0,7263,3459,3804,0,0,0,1.0,1,1.0,1,1.0,1,0.2590150729257866,61
4378,1,7264,3459,3805,0,0,0,1.0,1,1.0,1,1.0,1,0.2134742756470087,64
4379,0,7264,3459,3805,0,0,0,1.0,1,1.0,1,1.0,1,0.2134742756470087,64
4380,2,7266,3461,3805,0,0,0,1.0,1,1.0,1,1.0,1,0.23318401611562134,65
4381,0,7266,3461,3805,0,0,0,1.0,1,1.0,1,1.0,1,0.23734593857569597,64
4382,0,7266,3461,3805,0,0,0,1.0,1,1.0,1,1.0,1,0.2512952584434878,64
4383,7,7273,3465,3808,0,0,0,1.0,1,1.0,1,1.0,1,0.274004252600583,64
4384,1,7274,3466,3808,0,0,0,1.0,1,1.0,1,1.0,1,0.3106501221893582,60
4385,1,7275,3466,3809,0,0,0,1.0,1,1.0,1,1.0,1,0.28149507076127284,58
4386,2,7277,3468,3809,0,0,0,1.0,1,1.0,1,1.0,1,0.2880250791564861,58
4387,2,7279,3469,3810,0,0,0,1.0,1,1.0,1,1.0,1,0.2804873406606851,55
4388,5,7284,3470,3814,0,0,0,1.0,1,1.0,1,1.0,1,0.24754474258281467,56
4389,0,7284,3470,3814,0,0,0,1.0,1,1.0,1,1.0,1,0.24428420982515836,55
4390,3,7287,3472,3815,0,0,0,1.0,1,1.0,1,1.0,1,0.21645300036761175,55
4391,2,7289,3474,3815,0,0,0,1.0,1,1.0,1,1.0,1,0.21644453048276333,56
4392,0,7289,3474,3815,0,0,0,1.0,1,1.0,1,1.0,1,0.23087114297647574,56
4393,2,7291,3475,3816,0,0,0,1.0,1,1.0,1,1.0,1,0.2667007058257377,55
4394,2,7293,3477,3816,0,0,0,1.0,1,1.0,1,1.0,1,0.26538755519866913,53
4395,1,7294,3478,3816,0,0,0,1.0,1,1.0,1,1.0,1,0.2796845507442534,53
4396,2,7296,3480,3816,0,0,0,1.0,1,1.0,1,1.0,1,0.3170565739866934,53
4397,1,7297,3481,3816,0,0,0,1.0,1,1.0,1,1.0,1,0.31240039547101,50
4398,3,7300,3483,3817,0,0,0,1.0,1,1.0,1,1.0,1,0.38316773111510705,50
4399,0,7300,3483,3817,0,0,0,1.0,1,1.0,1,1.0,1,0.38242749465997466,52
4400,2,7302,3483,3819,0,0,0,1.0,1,1.0,1,1.0,1,0.3533605013305965,55
4401,3,7305,3483,3822,0,0,0,1.0,1,1.0,1,1.0,1,0.30851230950981773,56
4402,0,7305,3483,3822,0,0,0,1.0,1,1.0,1,1.0,1,0.30851230950981773,56
4403,4,7309,3485,3824,0,0,0,1.0,1,1.0,1,1.0,1,0.29875589410162456,57
4404,0,7309,3485,3824,0,0,0,1.0,1,1.0,1,1.0,1,0.29875589410162456,57
4405,0,7309,3485,3824,0,0,0,1.0,1,1.0,1,1.0,1,0.29302813602337274,58
4406,0,7309,3485,3824,0,0,0,1.0,1,1.0,1,1.0,1,0.29302813602337274,58
4407,0,7309,3485,3824,0,0,0,1.0,1,1.0,1,1.0,1,0.29302813602337274,58
4408,1,7310,3486,3824,0,0,0,1.0,1,1.0,1,1.0,1,0.3042447245449587,59
4409,0,7310,3486,3824,0,0,0,1.0,1,1.0,1,1.0,1,0.3042447245449587,59
4410,0,7310,3486,3824,0,0,0,1.0,1,1.0,1,1.0,1,0.3042447245449587,59
4411,0,7310,3486,3824,0,0,0,1.0,1,1.0,1,1.0,1,0.2915661297835708,62
4412,0,7310,3486,3824,0,0,0,1.0,1,1.0,1,1.0,1,0.2857485990652675,63
4413,0,7310,3486,3824,0,0,0,1.0,1,1.0,1,1.0,1,0.2857485990652675,63
4414,1,7311,3486,3825,0,0,0,1.0,1,1.0,1,1.0,1,0.278178324706997,64
4415,1,7312,3486,3826,0,0,0,1.0,1,1.0,1,1.0,1,0.27192009282632273,64
4416,3,7315,3486,3829,0,0,0,1.0,1,1.0,1,1.0,1,0.25111533867685404,64
4417,2,7317,3486,3831,0,0,0,1.0,1,1.0,1,1.0,1,0.23763167460158088,65
4418,1,7318,3487,3831,0,0,0,1.0,1,1.0,1,1.0,1,0.2554554693606308,65
4419,0,7318,3487,3831,0,0,0,1.0,1,1.0,1,1.0,1,0.2957324698161427,62
4420,1,7319,3487,3832,0,0,0,1.0,1,1.0,1,1.0,1,0.2880157592542025,62
4421,3,7322,3488,3834,0,0,0,1.0,1,1.0,1,1.0,1,0.27449197881573884,65
4422,3,7325,3489,3836,0,0,0,1.0,1,1.0,1,1.0,1,0.28452884567138503,64
4423,1,7326,3490,3836,0,0,0,1.0,1,1.0,1,1.0,1,0.28704879004285083,63
4424,2,7328,3491,3837,0,0,0,1.0,1,1.0,1,1.0,1,0.2804775952656368,63
4425,5,7333,3493,3840,0,0,0,1.0,1,1.0,1,1.0,1,0.2847872524441022,63
4426,4,7337,3495,3842,0,0,0,1.0,1,1.0,1,1.0,1,0.26766419792966945,63
4427,2,7339,3496,3843,0,0,0,1.0,1,1.0,1,1.0,1,0.2571589062776162,62
4428,0,7339,3496,3843,0,0,0,1.0,1,1.0,1,1.0,1,0.24894136027416727,61
4429,1,7340,3497,3843,0,0,0,1.0,1,1.0,1,1.0,1,0.2852254112193279,62
4430,4,7344,3498,3846,0,0,0,1.0,1,1.0,1,1.0,1,0.25594152544409265,60
4431,1,7345,3499,3846,0,0,0,1.0,1,1.0,1,1.0,1,0.21920365187563579,59
4432,3,7348,3500,3848,0,0,0,1.0,1,1.0,1,1.0,1,0.21429557257589701,60
4433,5,7353,3502,3851,0,0,0,1.0,1,1.0,1,1.0,1,0.19893110238309308,61
4434,0,7353,3502,3851,0,0,0,1.0,1,1.0,1,1.0,1,0.19893110238309308,61
4435,1,7354,3503,3851,0,0,0,1.0,1,1.0,1,1.0,1,0.18885360718954008,61
4436,4,7358,3504,3854,0,0,0,1.0,1,1.0,1,1.0,1,0.175225187508524,61
4437,4,7362,3508,3854,0,0,0,1.0,1,1.0,1,1.0,1,0.19030097495667558,61
4438,1,7363,3508,3855,0,0,0,1.0,1,1.0,1,1.0,1,0.1777748754801666,62
4439,1,7364,3508,3856,0,0,0,1.0,1,1.0,1,1.0,1,0.1730039878057561,63
4440,0,7364,3508,3856,0,0,0,1.0,1,1.0,1,1.0,1,0.17736637435951938,64
4441,2,7366,3508,3858,0,0,0,1.0,1,1.0,1,1.0,1,0.15029562718050507,64
4442,2,7368,3510,3858,0,0,0,1.0,1,1.0,1,1.0,1,0.15864124456176112,67
4443,1,7369,3510,3859,0,0,0,1.0,1,1.0,1,1.0,1,0.15931762580141456,68
4444,3,7372,3512,3860,0,0,0,1.0,1,1.0,1,1.0,1,0.17827673643080355,69
4445,7,7379,3514,3865,0,0,0,1.0,1,1.0,1,1.0,1,0.2013641724076148,71
4446,2,7381,3514,3867,0,0,0,1.0,1,1.0,1,1.0,1,0.17246772562435955,71
4447,2,7383,3514,3869,0,0,0,1.0,1,1.0,1,1.0,1,0.15849575853311468,72
4448,0,7383,3514,3869,0,0,0,1.0,1,1.0,1,1.0,1,0.16471829563657098,71
4449,1,7384,3515,3869,0,0,0,1.0,1,1.0,1,1.0,1,0.17514795513752476,70
4450,1,7385,3515,3870,0,0,0,1.0,1,1.0,1,1.0,1,0.1691288255561078,69
4451,0,7385,3515,3870,0,0,0,1.0,1,1.0,1,1.0,1,0.17500039815891033,69
4452,1,7386,3515,3871,0,0,0,1.0,1,1.0,1,1.0,1,0.16874270609862108,70
4453,1,7387,3515,3872,0,0,0,1.0,1,1.0,1,1.0,1,0.17495287500471488,70
4454,3,7390,3516,3874,0,0,0,1.0,1,1.0,1,1.0,1,0.17911844799184085,71
4455,1,7391,3516,3875,0,0,0,1.0,1,1.0,1,1.0,1,0.18049098573979044,71
4456,3,7394,3517,3877,0,0,0,1.0,1,1.0,1,1.0,1,0.15280428353897157,71
4457,3,7397,3519,3878,0,0,0,1.0,1,1.0,1,1.0,1,0.15070363273627782,69
4458,4,7401,3522,3879,0,0,0,1.0,1,1.0,1,1.0,1,0.16716661601898172,70
4459,2,7403,3524,3879,0,0,0,1.0,1,1.0,1,1.0,1,0.1860858453343108,68
4460,3,7406,3527,3879,0,0,0,1.0,1,1.0,1,1.0,1,0.20805457298292052,68
4461,6,7412,3527,3885,0,0,0,1.0,1,1.0,1,1.0,1,0.14760066958959758,67
4462,4,7416,3530,3886,0,0,0,1.0,1,1.0,1,1.0,1,0.17076605565354933,66
4463,2,7418,3532,3886,0,0,0,1.0,1,1.0,1,1.0,1,0.1860904083550265,65
4464,2,7420,3534,3886,0,0,0,1.0,1,1.0,1,1.0,1,0.21572541259781172,62
4465,5,7425,3538,3887,0,0,0,1.0,1,1.0,1,1.0,1,0.23330800985982528,61
4466,2,7427,3538,3889,0,0,0,1.0,1,1.0,1,1.0,1,0.21984955792273772,60
4467,1,7428,3539,3889,0,0,0,1.0,1,1.0,1,1.0,1,0.21297602663120524,58
4468,2,7430,3541,3889,0,0,0,1.0,1,1.0,1,1.0,1,0.21961933736892314,57
4469,5,7435,3544,3891,0,0,0,1.0,1,1.0,1,1.0,1,0.22171121586671536,56
4470,2,7437,3546,3891,0,0,0,1.0,1,1.0,1,1.0,1,0.23754402895202012,55
4471,3,7440,3547,3893,0,0,0,1.0,1,1.0,1,1.0,1,0.21408165106896954,55
4472,3,7443,3550,3893,0,0,0,1.0,1,1.0,1,1.0,1,0.2246987004840466,55
4473,1,7444,3551,3893,0,0,0,1.0,1,1.0,1,1.0,1,0.22928228575256893,55
4474,3,7447,3552,3895,0,0,0,1.0,1,1.0,1,1.0,1,0.21890919876019327,55
4475,1,7448,3553,3895,0,0,0,1.0,1,1.0,1,1.0,1,0.2119711550280187,56
4476,0,7448,3553,3895,0,0,0,1.0,1,1.0,1,1.0,1,0.2105813883755387,56
4477,1,7449,3553,3896,0,0,0,1.0,1,1.0,1,1.0,1,0.21031222167784636,57
4478,1,7450,3553,3897,0,0,0,1.0,1,1.0,1,1.0,1,0.21080127423291345,55
4479,1,7451,3554,3897,0,0,0,1.0,1,1.0,1,1.0,1,0.21512924344779244,55
4480,1,7452,3554,3898,0,0,0,1.0,1,1.0,1,1.0,1,0.21279301448144083,54
4481,6,7458,3554,3904,0,0,0,1.0,1,1.0,1,1.0,1,0.188390994753055,53
4482,1,7459,3554,3905,0,0,0,1.0,1,1.0,1,1.0,1,0.18183529770466664,54
4483,0,7459,3554,3905,0,0,0,1.0,1,1.0,1,1.0,1,0.17047634901117295,55
4484,2,7461,3556,3905,0,0,0,1.0,1,1.0,1,1.0,1,0.1757602247510352,57
4485,2,7463,3558,3905,0,0,0,1.0,1,1.0,1,1.0,1,0.22023891569492565,60
4486,8,7471,3561,3910,0,0,0,1.0,1,1.0,1,1.0,1,0.14970028036622712,60
4487,0,7471,3561,3910,0,0,0,1.0,1,1.0,1,1.0,1,0.14970028036622712,60
4488,0,7471,3561,3910,0,0,0,1.0,1,1.0,1,1.0,1,0.14970028036622712,60
4489,1,7472,3562,3910,0,0,0,1.0,1,1.0,1,1.0,1,0.13624629795988694,60
4490,2,7474,3562,3912,0,0,0,1.0,1,1.0,1,1.0,1,0.13624629795988694,60
4491,2,7476,3563,3913,0,0,0,1.0,1,1.0,1,1.0,1,0.13484741449685866,61
4492,1,7477,3564,3913,0,0,0,1.0,1,1.0,1,1.0,1,0.11950193001480425,61
4493,1,7478,3565,3913,0,0,0,1.0,1,1.0,1,1.0,1,0.1306334240237948,60
4494,1,7479,3566,3913,0,0,0,1.0,1,1.0,1,1.0,1,0.1472978165906587,61
4495,0,7479,3566,3913,0,0,0,1.0,1,1.0,1,1.0,1,0.1495923544536055,59
4496,2,7481,3568,3913,0,0,0,1.0,1,1.0,1,1.0,1,0.2063976775040405,60
4497,3,7484,3569,3915,0,0,0,1.0,1,1.0,1,1.0,1,0.19507739538467847,59
4498,0,7484,3569,3915,0,0,0,1.0,1,1.0,1,1.0,1,0.2029884121011556,57
4499,4,7488,3572,3916,0,0,0,1.0,1,1.0,1,1.0,1,0.25386634166461547,58
4500,1,7489,3572,3917,0,0,0,1.0,1,1.0,1,1.0,1,0.22831348868336696,56
4501,3,7492,3572,3920,0,0,0,1.0,1,1.0,1,1.0,1,0.21409377596180387,57
4502,4,7496,3575,3921,0,0,0,1.0,1,1.0,1,1.0,1,0.22906181642931298,56
4503,0,7496,3575,3921,0,0,0,1.0,1,1.0,1,1.0,1,0.22218224763988437,54
4504,1,7497,3576,3921,0,0,0,1.0,1,1.0,1,1.0,1,0.22355638465114883,54
4505,2,7499,3578,3921,0,0,0,1.0,1,1.0,1,1.0,1,0.2603900972105285,51
4506,4,7503,3580,3923,0,0,0,1.0,1,1.0,1,1.0,1,0.2666233480291602,49
4507,1,7504,3580,3924,0,0,0,1.0,1,1.0,1,1.0,1,0.2764643321996503,48
4508,1,7505,3580,3925,0,0,0,1.0,1,1.0,1,1.0,1,0.29767966745339786,48
4509,3,7508,3583,3925,0,0,0,1.0,1,1.0,1,1.0,1,0.29971714985408027,46
4510,1,7509,3583,3926,0,0,0,1.0,1,1.0,1,1.0,1,0.29565054280597486,44
4511,5,7514,3584,3930,0,0,0,1.0,1,1.0,1,1.0,1,0.24905253772581284,45
4512,2,7516,3586,3930,0,0,0,1.0,1,1.0,1,1.0,1,0.2500442732809569,46
4513,1,7517,3586,3931,0,0,0,1.0,1,1.0,1,1.0,1,0.2509767969057044,45
4514,1,7518,3586,3932,0,0,0,1.0,1,1.0,1,1.0,1,0.22448117696609457,46
4515,0,7518,3586,3932,0,0,0,1.0,1,1.0,1,1.0,1,0.2387429092866051,48
4516,2,7520,3587,3933,0,0,0,1.0,1,1.0,1,1.0,1,0.22718098138003678,49
4517,4,7524,3588,3936,0,0,0,1.0,1,1.0,1,1.0,1,0.1921360727898088,50
4518,2,7526,3590,3936,0,0,0,1.0,1,1.0,1,1.0,1,0.1913572282124539,50
4519,1,7527,3591,3936,0,0,0,1.0,1,1.0,1,1.0,1,0.21756412243235457,49
4520,1,7528,3591,3937,0,0,0,1.0,1,1.0,1,1.0,1,0.224683684506306,50
4521,2,7530,3591,3939,0,0,0,1.0,1,1.0,1,1.0,1,0.19835015608636083,50
4522,0,7530,3591,3939,0,0,0,1.0,1,1.0,1,1.0,1,0.19835015608636083,50
4523,0,7530,3591,3939,0,0,0,1.0,1,1.0,1,1.0,1,0.1994411402789649,51
4524,1,7531,3592,3939,0,0,0,1.0,1,1.0,1,1.0,1,0.21255169799128326,52
4525,3,7534,3593,3941,0,0,0,1.0,1,1.0,1,1.0,1,0.1940649201423316,53
4526,0,7534,3593,3941,0,0,0,1.0,1,1.0,1,1.0,1,0.18461542507764758,54
4527,0,7534,3593,3941,0,0,0,1.0,1,1.0,1,1.0,1,0.1975187383772799,55
4528,2,7536,3593,3943,0,0,0,1.0,1,1.0,1,1.0,1,0.17972559900869783,55
4529,1,7537,3593,3944,0,0,0,1.0,1,1.0,1,1.0,1,0.18819638961994192,55
4530,0,7537,3593,3944,0,0,0,1.0,1,1.0,1,1.0,1,0.19667765822716282,56
4531,5,7542,3596,3946,0,0,0,1.0,1,1.0,1,1.0,1,0.19169588438424054,56
4532,1,7543,3597,3946,0,0,0,1.0,1,1.0,1,1.0,1,0.19969387944655267,55
4533,1,7544,3598,3946,0,0,0,1.0,1,1.0,1,1.0,1,0.2530653056941926,54
4534,2,7546,3598,3948,0,0,0,1.0,1,1.0,1,1.0,1,0.2222545827358768,55
4535,0,7546,3598,3948,0,0,0,1.0,1,1.0,1,1.0,1,0.23466079997872194,52
4536,5,7551,3602,3949,0,0,0,1.0,1,1.0,1,1.0,1,0.20762498403286705,53
4537,1,7552,3603,3949,0,0,0,1.0,1,1.0,1,1.0,1,0.20935268770054938,52
4538,2,7554,3604,3950,0,0,0,1.0,1,1.0,1,1.0,1,0.2217843935931141,52
4539,1,7555,3605,3950,0,0,0,1.0,1,1.0,1,1.0,1,0.2700660939550905,53
4540,3,7558,3606,3952,0,0,0,1.0,1,1.0,1,1.0,1,0.27550446779810916,54
4541,3,7561,3606,3955,0,0,0,1.0,1,1.0,1,1.0,1,0.23623806018778545,53
4542,3,7564,3609,3955,0,0,0,1.0,1,1.0,1,1.0,1,0.26850420669402825,53
4543,4,7568,3610,3958,0,0,0,1.0,1,1.0,1,1.0,1,0.2419290502618216,53
4544,5,7573,3613,3960,0,0,0,1.0,1,1.0,1,1.0,1,0.22248395994093711,52
4545,0,7573,3613,3960,0,0,0,1.0,1,1.0,1,1.0,1,0.22627950007969416,50
4546,0,7573,3613,3960,0,0,0,1.0,1,1.0,1,1.0,1,0.2196136141962603,49
4547,1,7574,3614,3960,0,0,0,1.0,1,1.0,1,1.0,1,0.22944437561872658,49
4548,1,7575,3615,3960,0,0,0,1.0,1,1.0,1,1.0,1,0.250859266915437,49
4549,3,7578,3617,3961,0,0,0,1.0,1,1.0,1,1.0,1,0.25032851295777725,50
4550,1,7579,3618,3961,0,0,0,1.0,1,1.0,1,1.0,1,0.25847763582276007,49
4551,1,7580,3618,3962,0,0,0,1.0,1,1.0,1,1.0,1,0.24772763824601163,49
4552,1,7581,3618,3963,0,0,0,1.0,1,1.0,1,1.0,1,0.24103978441075316,49
4553,5,7586,3620,3966,0,0,0,1.0,1,1.0,1,1.0,1,0.25776955301453214,49
4554,2,7588,3620,3968,0,0,0,1.0,1,1.0,1,1.0,1,0.2310700044420376,49
4555,2,7590,3621,3969,0,0,0,1.0,1,1.0,1,1.0,1,0.22271462393271949,48
4556,0,7590,3621,3969,0,0,0,1.0,1,1.0,1,1.0,1,0.22271462393271949,48
4557,1,7591,3622,3969,0,0,0,1.0,1,1.0,1,1.0,1,0.2367211570932935,49
4558,2,7593,3623,3970,0,0,0,1.0,1,1.0,1,1.0,1,0.19862429574009335,49
4559,0,7593,3623,3970,0,0,0,1.0,1,1.0,1,1.0,1,0.20887510612550703,50
4560,1,7594,3623,3971,0,0,0,1.0,1,1.0,1,1.0,1,0.19846634587416243,51
4561,0,7594,3623,3971,0,0,0,1.0,1,1.0,1,1.0,1,0.19862873197747222,52
4562,1,7595,3624,3971,0,0,0,1.0,1,1.0,1,1.0,1,0.2362466622895316,53
4563,1,7596,3624,3972,0,0,0,1.0,1,1.0,1,1.0,1,0.21179196704719436,52
4564,0,7596,3624,3972,0,0,0,1.0,1,1.0,1,1.0,1,0.21890053371858542,54
4565,2,7598,3626,3972,0,0,0,1.0,1,1.0,1,1.0,1,0.23884903611141675,55
4566,1,7599,3626,3973,0,0,0,1.0,1,1.0,1,1.0,1,0.2311264066909878,55
4567,3,7602,3628,3974,0,0,0,1.0,1,1.0,1,1.0,1,0.19514777465306715,56
4568,3,7605,3629,3976,0,0,0,1.0,1,1.0,1,1.0,1,0.2020068538006021,58
4569,0,7605,3629,3976,0,0,0,1.0,1,1.0,1,1.0,1,0.19658588394192825,59
4570,1,7606,3630,3976,0,0,0,1.0,1,1.0,1,1.0,1,0.19544024048236727,59
4571,0,7606,3630,3976,0,0,0,1.0,1,1.0,1,1.0,1,0.17743643334217846,57
4572,3,7609,3633,3976,0,0,0,1.0,1,1.0,1,1.0,1,0.22607702911014413,56
4573,0,7609,3633,3976,0,0,0,1.0,1,1.0,1,1.0,1,0.2268452860689976,56
4574,0,7609,3633,3976,0,0,0,1.0,1,1.0,1,1.0,1,0.2482810795675639,55
4575,1,7610,3634,3976,0,0,0,1.0,1,1.0,1,1.0,1,0.25953393420114107,55
4576,2,7612,3634,3978,0,0,0,1.0,1,1.0,1,1.0,1,0.23278814759623956,55
4577,0,7612,3634,3978,0,0,0,1.0,1,1.0,1,1.0,1,0.24702847266509542,54
4578,1,7613,3635,3978,0,0,0,1.0,1,1.0,1,1.0,1,0.2785364069824798,54
4579,2,7615,3635,3980,0,0,0,1.0,1,1.0,1,1.0,1,0.2515667393211988,54
4580,0,7615,3635,3980,0,0,0,1.0,1,1.0,1,1.0,1,0.24277399426414695,55
4581,2,7617,3636,3981,0,0,0,1.0,1,1.0,1,1.0,1,0.2689910181063242,56
4582,0,7617,3636,3981,0,0,0,1.0,1,1.0,1,1.0,1,0.2689910181063242,56
4583,1,7618,3637,3981,0,0,0,1.0,1,1.0,1,1.0,1,0.2785607746696166,57
4584,1,7619,3638,3981,0,0,0,1.0,1,1.0,1,1.0,1,0.30480518070146084,57
4585,1,7620,3638,3982,0,0,0,1.0,1,1.0,1,1.0,1,0.29807500396139436,57
4586,2,7622,3638,3984,0,0,0,1.0,1,1.0,1,1.0,1,0.27210240846393763,57
4587,0,7622,3638,3984,0,0,0,1.0,1,1.0,1,1.0,1,0.27210240846393763,57
4588,0,7622,3638,3984,0,0,0,1.0,1,1.0,1,1.0,1,0.27644184887209644,58
4589,0,7622,3638,3984,0,0,0,1.0,1,1.0,1,1.0,1,0.275220981879366,59
4590,0,7622,3638,3984,0,0,0,1.0,1,1.0,1,1.0,1,0.28432372255856153,60
4591,1,7623,3638,3985,0,0,0,1.0,1,1.0,1,1.0,1,0.28181197082318077,61
4592,0,7623,3638,3985,0,0,0,1.0,1,1.0,1,1.0,1,0.2809220784080172,62
4593,4,7627,3640,3987,0,0,0,1.0,1,1.0,1,1.0,1,0.29599495830607864,64
4594,2,7629,3640,3989,0,0,0,1.0,1,1.0,1,1.0,1,0.2578083035330472,64
4595,0,7629,3640,3989,0,0,0,1.0,1,1.0,1,1.0,1,0.26618069401026584,63
4596,1,7630,3640,3990,0,0,0,1.0,1,1.0,1,1.0,1,0.2575235539440534,63
4597,1,7631,3641,3990,0,0,0,1.0,1,1.0,1,1.0,1,0.2543367947879219,63
4598,2,7633,3642,3991,0,0,0,1.0,1,1.0,1,1.0,1,0.24161484504258754,65
4599,3,7636,3643,3993,0,0,0,1.0,1,1.0,1,1.0,1,0.22040461607757675,66
4600,1,7637,3644,3993,0,0,0,1.0,1,1.0,1,1.0,1,0.24393054387503285,67
4601,3,7640,3644,3996,0,0,0,1.0,1,1.0,1,1.0,1,0.2048933629195602,67
4602,1,7641,3644,3997,0,0,0,1.0,1,1.0,1,1.0,1,0.19197054698778684,69
4603,1,7642,3645,3997,0,0,0,1.0,1,1.0,1,1.0,1,0.20338661809608585,69
4604,0,7642,3645,3997,0,0,0,1.0,1,1.0,1,1.0,1,0.20338661809608585,69
4605,0,7642,3645,3997,0,0,0,1.0,1,1.0,1,1.0,1,0.20668392851466114,70
4606,4,7646,3645,4001,0,0,0,1.0,1,1.0,1,1.0,1,0.17559279967284905,70
4607,3,7649,3646,4003,0,0,0,1.0,1,1.0,1,1.0,1,0.1890019552383018,72
4608,0,7649,3646,4003,0,0,0,1.0,1,1.0,1,1.0,1,0.19439711992575492,73
4609,2,7651,3647,4004,0,0,0,1.0,1,1.0,1,1.0,1,0.19967514374542125,72
4610,1,7652,3647,4005,0,0,0,1.0,1,1.0,1,1.0,1,0.18848234186735402,72
4611,1,7653,3647,4006,0,0,0,1.0,1,1.0,1,1.0,1,0.1725053050229864,71
4612,1,7654,3648,4006,0,0,0,1.0,1,1.0,1,1.0,1,0.18980700634209083,70
4613,0,7654,3648,4006,0,0,0,1.0,1,1.0,1,1.0,1,0.18464883964355783,69
4614,0,7654,3648,4006,0,0,0,1.0,1,1.0,1,1.0,1,0.19481694233512756,68
4615,1,7655,3649,4006,0,0,0,1.0,1,1.0,1,1.0,1,0.19225088174280772,68
4616,0,7655,3649,4006,0,0,0,1.0,1,1.0,1,1.0,1,0.22819551175915984,65
4617,1,7656,3650,4006,0,0,0,1.0,1,1.0,1,1.0,1,0.22347533307008785,66
4618,2,7658,3651,4007,0,0,0,1.0,1,1.0,1,1.0,1,0.22882221565469477,66
4619,0,7658,3651,4007,0,0,0,1.0,1,1.0,1,1.0,1,0.23599351487682976,65
4620,1,7659,3651,4008,0,0,0,1.0,1,1.0,1,1.0,1,0.22624145439847884,65
4621,6,7665,3653,4012,0,0,0,1.0,1,1.0,1,1.0,1,0.2200929493899657,67
4622,2,7667,3654,4013,0,0,0,1.0,1,1.0,1,1.0,1,0.23821418371436004,65
4623,5,7672,3658,4014,0,0,0,1.0,1,1.0,1,1.0,1,0.2552669639224027,66
4624,6,7678,3662,4016,0,0,0,1.0,1,1.0,1,1.0,1,0.26104126669996164,65
4625,2,7680,3663,4017,0,0,0,1.0,1,1.0,1,1.0,1,0.2311163864663054,64
4626,6,7686,3665,4021,0,0,0,1.0,1,1.0,1,1.0,1,0.1953327412631829,63
4627,2,7688,3666,4022,0,0,0,1.0,1,1.0,1,1.0,1,0.1724705071225439,65
4628,0,7688,3666,4022,0,0,0,1.0,1,1.0,1,1.0,1,0.17997288632358618,64
4629,1,7689,3667,4022,0,0,0,1.0,1,1.0,1,1.0,1,0.18516023281283459,64
4630,1,7690,3667,4023,0,0,0,1.0,1,1.0,1,1.0,1,0.1688905601408941,64
4631,5,7695,3669,4026,0,0,0,1.0,1,1.0,1,1.0,1,0.21376932038047539,66
4632,3,7698,3669,4029,0,0,0,1.0,1,1.0,1,1.0,1,0.1985280794406968,65
4633,0,7698,3669,4029,0,0,0,1.0,1,1.0,1,1.0,1,0.1909525163021784,66
4634,1,7699,3669,4030,0,0,0,1.0,1,1.0,1,1.0,1,0.18880064448859651,66
4635,1,7700,3670,4030,0,0,0,1.0,1,1.0,1,1.0,1,0.19358033196296856,66
4636,0,7700,3670,4030,0,0,0,1.0,1,1.0,1,1.0,1,0.19358033196296856,66
4637,3,7703,3670,4033,0,0,0,1.0,1,1.0,1,1.0,1,0.15639231249933166,68
4638,0,7703,3670,4033,0,0,0,1.0,1,1.0,1,1.0,1,0.15639231249933166,68
4639,3,7706,3671,4035,0,0,0,1.0,1,1.0,1,1.0,1,0.14346909481374517,69
4640,0,7706,3671,4035,0,0,0,1.0,1,1.0,1,1.0,1,0.14346909481374517,69
4641,2,7708,3672,4036,0,0,0,1.0,1,1.0,1,1.0,1,0.1501131467941556,70
4642,1,7709,3672,4037,0,0,0,1.0,1,1.0,1,1.0,1,0.13850490343836944,69
4643,1,7710,3673,4037,0,0,0,1.0,1,1.0,1,1.0,1,0.163114021025606,70
4644,0,7710,3673,4037,0,0,0,1.0,1,1.0,1,1.0,1,0.17167273903013858,69
4645,2,7712,3673,4039,0,0,0,1.0,1,1.0,1,1.0,1,0.16129882429675463,70
4646,2,7714,3674,4040,0,0,0,1.0,1,1.0,1,1.0,1,0.17509271577020288,68
4647,3,7717,3677,4040,0,0,0,1.0,1,1.0,1,1.0,1,0.20308633537885296,68
4648,1,7718,3677,4041,0,0,0,1.0,1,1.0,1,1.0,1,0.22197012097035723,67
4649,2,7720,3678,4042,0,0,0,1.0,1,1.0,1,1.0,1,0.2516006495714204,67
4650,0,7720,3678,4042,0,0,0,1.0,1,1.0,1,1.0,1,0.251356737330252,67
4651,6,7726,3681,4045,0,0,0,1.0,1,1.0,1,1.0,1,0.23003722227717854,68
4652,0,7726,3681,4045,0,0,0,1.0,1,1.0,1,1.0,1,0.23377650662087934,66
4653,3,7729,3683,4046,0,0,0,1.0,1,1.0,1,1.0,1,0.22344269789874677,64
4654,2,7731,3684,4047,0,0,0,1.0,1,1.0,1,1.0,1,0.2273674129632335,65
4655,0,7731,3684,4047,0,0,0,1.0,1,1.0,1,1.0,1,0.22745664026751333,64
4656,2,7733,3684,4049,0,0,0,1.0,1,1.0,1,1.0,1,0.20579365387988893,65
4657,0,7733,3684,4049,0,0,0,1.0,1,1.0,1,1.0,1,0.19992547778746028,66
4658,0,7733,3684,4049,0,0,0,1.0,1,1.0,1,1.0,1,0.21443286197784928,65
4659,0,7733,3684,4049,0,0,0,1.0,1,1.0,1,1.0,1,0.21443286197784928,65
4660,3,7736,3687,4049,0,0,0,1.0,1,1.0,1,1.0,1,0.25462480550235844,66
4661,1,7737,3687,4050,0,0,0,1.0,1,1.0,1,1.0,1,0.257240389799557,66
4662,3,7740,3687,4053,0,0,0,1.0,1,1.0,1,1.0,1,0.2373715411079495,68
4663,2,7742,3688,4054,0,0,0,1.0,1,1.0,1,1.0,1,0.2261428208127424,67
4664,2,7744,3689,4055,0,0,0,1.0,1,1.0,1,1.0,1,0.22533996504142556,67
4665,1,7745,3690,4055,0,0,0,1.0,1,1.0,1,1.0,1,0.2247182046285754,67
4666,2,7747,3690,4057,0,0,0,1.0,1,1.0,1,1.0,1,0.21885936233090775,67
4667,1,7748,3691,4057,0,0,0,1.0,1,1.0,1,1.0,1,0.22311679904169723,66
4668,2,7750,3693,4057,0,0,0,1.0,1,1.0,1,1.0,1,0.23761809732703015,66
4669,1,7751,3694,4057,0,0,0,1.0,1,1.0,1,1.0,1,0.25220273489653644,66
4670,0,7751,3694,4057,0,0,0,1.0,1,1.0,1,1.0,1,0.2689951642624039,64
4671,5,7756,3694,4062,0,0,0,1.0,1,1.0,1,1.0,1,0.23109842579954018,64
4672,2,7758,3696,4062,0,0,0,1.0,1,1.0,1,1.0,1,0.268482762595122,64
4673,1,7759,3696,4063,0,0,0,1.0,1,1.0,1,1.0,1,0.25533713318884954,65
4674,3,7762,3698,4064,0,0,0,1.0,1,1.0,1,1.0,1,0.26276773037549,66
4675,3,7765,3698,4067,0,0,0,1.0,1,1.0,1,1.0,1,0.25983713814673737,65
4676,5,7770,3698,4072,0,0,0,1.0,1,1.0,1,1.0,1,0.24411037386529427,65
4677,2,7772,3700,4072,0,0,0,1.0,1,1.0,1,1.0,1,0.24635259731370074,65
4678,0,7772,3700,4072,0,0,0,1.0,1,1.0,1,1.0,1,0.2642317975562531,64
4679,3,7775,3701,4074,0,0,0,1.0,1,1.0,1,1.0,1,0.24772246384863547,66
4680,0,7775,3701,4074,0,0,0,1.0,1,1.0,1,1.0,1,0.2514209594838326,67
4681,6,7781,3702,4079,0,0,0,1.0,1,1.0,1,1.0,1,0.205016969516614,67
4682,4,7785,3704,4081,0,0,0,1.0,1,1.0,1,1.0,1,0.19913842947262056,67
4683,2,7787,3705,4082,0,0,0,1.0,1,1.0,1,1.0,1,0.18731168837177684,67
4684,2,7789,3706,4083,0,0,0,1.0,1,1.0,1,1.0,1,0.19755379812163498,66
4685,2,7791,3706,4085,0,0,0,1.0,1,1.0,1,1.0,1,0.1852456611430328,65
4686,0,7791,3706,4085,0,0,0,1.0,1,1.0,1,1.0,1,0.1880030315283317,65
4687,1,7792,3706,4086,0,0,0,1.0,1,1.0,1,1.0,1,0.1695481138622775,65
4688,2,7794,3708,4086,0,0,0,1.0,1,1.0,1,1.0,1,0.2147974073372392,64
4689,3,7797,3710,4087,0,0,0,1.0,1,1.0,1,1.0,1,0.2674009481833761,65
4690,1,7798,3710,4088,0,0,0,1.0,1,1.0,1,1.0,1,0.27912238942337053,63
4691,7,7805,3713,4092,0,0,0,1.0,1,1.0,1,1.0,1,0.27316838187120684,64
4692,0,7805,3713,4092,0,0,0,1.0,1,1.0,1,1.0,1,0.24024674137800084,63
4693,0,7805,3713,4092,0,0,0,1.0,1,1.0,1,1.0,1,0.2493754706581124,64
4694,1,7806,3713,4093,0,0,0,1.0,1,1.0,1,1.0,1,0.2229467954138473,63
4695,1,7807,3714,4093,0,0,0,1.0,1,1.0,1,1.0,1,0.22851789748306636,62
4696,1,7808,3714,4094,0,0,0,1.0,1,1.0,1,1.0,1,0.2261136246773577,61
4697,2,7810,3715,4095,0,0,0,1.0,1,1.0,1,1.0,1,0.21843984937967634,63
4698,0,7810,3715,4095,0,0,0,1.0,1,1.0,1,1.0,1,0.22486853746565524,63
4699,1,7811,3715,4096,0,0,0,1.0,1,1.0,1,1.0,1,0.20411558984438402,65
4700,0,7811,3715,4096,0,0,0,1.0,1,1.0,1,1.0,1,0.2102800703262177,64
4701,2,7813,3716,4097,0,0,0,1.0,1,1.0,1,1.0,1,0.21437860243834542,64
4702,1,7814,3717,4097,0,0,0,1.0,1,1.0,1,1.0,1,0.22076015861927972,66
4703,1,7815,3718,4097,0,0,0,1.0,1,1.0,1,1.0,1,0.22387601129008367,65
4704,2,7817,3720,4097,0,0,0,1.0,1,1.0,1,1.0,1,0.2292078272815822,64
4705,4,7821,3722,4099,0,0,0,1.0,1,1.0,1,1.0,1,0.2664932829003734,65
4706,5,7826,3726,4100,0,0,0,1.0,1,1.0,1,1.0,1,0.2729134633696682,65
4707,2,7828,3726,4102,0,0,0,1.0,1,1.0,1,1.0,1,0.2547500868978807,63
4708,2,7830,3727,4103,0,0,0,1.0,1,1.0,1,1.0,1,0.2422950380942002,62
4709,7,7837,3732,4105,0,0,0,1.0,1,1.0,1,1.0,1,0.25659395178485156,61
4710,0,7837,3732,4105,0,0,0,1.0,1,1.0,1,1.0,1,0.2507636012160795,60
4711,3,7840,3733,4107,0,0,0,1.0,1,1.0,1,1.0,1,0.2261039159397317,59
4712,2,7842,3734,4108,0,0,0,1.0,1,1.0,1,1.0,1,0.2221087232075721,58
4713,3,7845,3736,4109,0,0,0,1.0,1,1.0,1,1.0,1,0.2281178300099353,58
4714,0,7845,3736,4109,0,0,0,1.0,1,1.0,1,1.0,1,0.22819586583751345,57
4715,1,7846,3736,4110,0,0,0,1.0,1,1.0,1,1.0,1,0.2384009713192818,57
4716,5,7851,3737,4114,0,0,0,1.0,1,1.0,1,1.0,1,0.19736904938147715,55
4717,1,7852,3737,4115,0,0,0,1.0,1,1.0,1,1.0,1,0.18477325803512268,57
4718,1,7853,3737,4116,0,0,0,1.0,1,1.0,1,1.0,1,0.1729543391135821,56
4719,3,7856,3738,4118,0,0,0,1.0,1,1.0,1,1.0,1,0.1914358695614077,56
4720,1,7857,3738,4119,0,0,0,1.0,1,1.0,1,1.0,1,0.17652558101328858,57
4721,0,7857,3738,4119,0,0,0,1.0,1,1.0,1,1.0,1,0.17652558101328858,57
4722,2,7859,3739,4120,0,0,0,1.0,1,1.0,1,1.0,1,0.17240033872743196,57
4723,2,7861,3740,4121,0,0,0,1.0,1,1.0,1,1.0,1,0.19748119571110595,57
4724,0,7861,3740,4121,0,0,0,1.0,1,1.0,1,1.0,1,0.19957323377612096,57
4725,0,7861,3740,4121,0,0,0,1.0,1,1.0,1,1.0,1,0.23230407059450003,57
4726,3,7864,3741,4123,0,0,0,1.0,1,1.0,1,1.0,1,0.21177977235954226,57
4727,1,7865,3741,4124,0,0,0,1.0,1,1.0,1,1.0,1,0.2254893524530302,56
4728,0,7865,3741,4124,0,0,0,1.0,1,1.0,1,1.0,1,0.228377070931426,57
4729,0,7865,3741,4124,0,0,0,1.0,1,1.0,1,1.0,1,0.24127876906568846,56
4730,0,7865,3741,4124,0,0,0,1.0,1,1.0,1,1.0,1,0.25641789500259,54
4731,1,7866,3741,4125,0,0,0,1.0,1,1.0,1,1.0,1,0.2398938884754675,54
4732,4,7870,3745,4125,0,0,0,1.0,1,1.0,1,1.0,1,0.32050958661167556,54
4733,1,7871,3745,4126,0,0,0,1.0,1,1.0,1,1.0,1,0.3208785399943359,55
4734,1,7872,3745,4127,0,0,0,1.0,1,1.0,1,1.0,1,0.31647697137758807,56
4735,2,7874,3747,4127,0,0,0,1.0,1,1.0,1,1.0,1,0.341078987992711,56
4736,3,7877,3748,4129,0,0,0,1.0,1,1.0,1,1.0,1,0.33934917831856476,58
4737,0,7877,3748,4129,0,0,0,1.0,1,1.0,1,1.0,1,0.33330347589714276,59
4738,6,7883,3751,4132,0,0,0,1.0,1,1.0,1,1.0,1,0.35986279987650954,60
4739,2,7885,3751,4134,0,0,0,1.0,1,1.0,1,1.0,1,0.3325132718429092,60
4740,0,7885,3751,4134,0,0,0,1.0,1,1.0,1,1.0,1,0.3325132718429092,60
4741,5,7890,3753,4137,0,0,0,1.0,1,1.0,1,1.0,1,0.3266832704710084,61
4742,3,7893,3754,4139,0,0,0,1.0,1,1.0,1,1.0,1,0.3122780559927025,61
4743,0,7893,3754,4139,0,0,0,1.0,1,1.0,1,1.0,1,0.30311914054493666,60
4744,1,7894,3755,4139,0,0,0,1.0,1,1.0,1,1.0,1,0.29940521425399386,60
4745,3,7897,3756,4141,0,0,0,1.0,1,1.0,1,1.0,1,0.277154456734497,59
4746,2,7899,3757,4142,0,0,0,1.0,1,1.0,1,1.0,1,0.28561099480403895,59
4747,4,7903,3759,4144,0,0,0,1.0,1,1.0,1,1.0,1,0.2605724554649701,58
4748,1,7904,3760,4144,0,0,0,1.0,1,1.0,1,1.0,1,0.2605486874705191,58
4749,2,7906,3761,4145,0,0,0,1.0,1,1.0,1,1.0,1,0.24442470560308827,58
4750,1,7907,3762,4145,0,0,0,1.0,1,1.0,1,1.0,1,0.24780870515905593,56
4751,3,7910,3764,4146,0,0,0,1.0,1,1.0,1,1.0,1,0.23232520318291652,58
4752,1,7911,3765,4146,0,0,0,1.0,1,1.0,1,1.0,1,0.23373156760082725,55
4753,1,7912,3766,4146,0,0,0,1.0,1,1.0,1,1.0,1,0.23940469736239908,55
4754,2,7914,3767,4147,0,0,0,1.0,1,1.0,1,1.0,1,0.23176883528335449,54
4755,2,7916,3768,4148,0,0,0,1.0,1,1.0,1,1.0,1,0.24599667798417382,54
4756,3,7919,3769,4150,0,0,0,1.0,1,1.0,1,1.0,1,0.24686385594675384,54
4757,2,7921,3769,4152,0,0,0,1.0,1,1.0,1,1.0,1,0.22280986408367606,53
4758,2,7923,3770,4153,0,0,0,1.0,1,1.0,1,1.0,1,0.22647320458147707,53
4759,2,7925,3770,4155,0,0,0,1.0,1,1.0,1,1.0,1,0.1982277081419424,53
4760,2,7927,3771,4156,0,0,0,1.0,1,1.0,1,1.0,1,0.1926824071478119,53
4761,1,7928,3772,4156,0,0,0,1.0,1,1.0,1,1.0,1,0.196407597140432,52
4762,7,7935,3775,4160,0,0,0,1.0,1,1.0,1,1.0,1,0.2376733629118228,54
4763,2,7937,3776,4161,0,0,0,1.0,1,1.0,1,1.0,1,0.23351005454292667,54
4764,1,7938,3776,4162,0,0,0,1.0,1,1.0,1,1.0,1,0.20969558883421677,55
4765,3,7941,3779,4162,0,0,0,1.0,1,1.0,1,1.0,1,0.255448249263027,56
4766,5,7946,3780,4166,0,0,0,1.0,1,1.0,1,1.0,1,0.20286651403069855,58
4767,0,7946,3780,4166,0,0,0,1.0,1,1.0,1,1.0,1,0.20632046806606005,59
4768,2,7948,3782,4166,0,0,0,1.0,1,1.0,1,1.0,1,0.21257045373857128,60
4769,2,7950,3782,4168,0,0,0,1.0,1,1.0,1,1.0,1,0.20473445140117397,59
4770,0,7950,3782,4168,0,0,0,1.0,1,1.0,1,1.0,1,0.2167781588946609,60
4771,1,7951,3782,4169,0,0,0,1.0,1,1.0,1,1.0,1,0.22748444751290053,59
4772,1,7952,3782,4170,0,0,0,1.0,1,1.0,1,1.0,1,0.21966801284134715,59
4773,0,7952,3782,4170,0,0,0,1.0,1,1.0,1,1.0,1,0.20296529589299045,60
4774,0,7952,3782,4170,0,0,0,1.0,1,1.0,1,1.0,1,0.20296529589299045,60
4775,1,7953,3782,4171,0,0,0,1.0,1,1.0,1,1.0,1,0.19969773329775004,62
4776,1,7954,3782,4172,0,0,0,1.0,1,1.0,1,1.0,1,0.1766841289209719,63
4777,1,7955,3783,4172,0,0,0,1.0,1,1.0,1,1.0,1,0.17276653362190372,63
4778,1,7956,3784,4172,0,0,0,1.0,1,1.0,1,1.0,1,0.18372722876677416,63
4779,1,7957,3784,4173,0,0,0,1.0,1,1.0,1,1.0,1,0.17291657519738823,63
4780,2,7959,3785,4174,0,0,0,1.0,1,1.0,1,1.0,1,0.17539701004951128,65
4781,3,7962,3786,4176,0,0,0,1.0,1,1.0,1,1.0,1,0.19146654644625805,64
4782,3,7965,3787,4178,0,0,0,1.0,1,1.0,1,1.0,1,0.1909415151801306,65
4783,3,7968,3788,4180,0,0,0,1.0,1,1.0,1,1.0,1,0.16672582063429578,66
4784,3,7971,3790,4181,0,0,0,1.0,1,1.0,1,1.0,1,0.13619955522355445,64
4785,1,7972,3791,4181,0,0,0,1.0,1,1.0,1,1.0,1,0.1711484913254998,65
4786,2,7974,3792,4182,0,0,0,1.0,1,1.0,1,1.0,1,0.17649013765009075,66
4787,4,7978,3794,4184,0,0,0,1.0,1,1.0,1,1.0,1,0.135826415258896,63
4788,5,7983,3798,4185,0,0,0,1.0,1,1.0,1,1.0,1,0.1435567907288647,63
4789,0,7983,3798,4185,0,0,0,1.0,1,1.0,1,1.0,1,0.1360444779832014,60
4790,4,7987,3802,4185,0,0,0,1.0,1,1.0,1,1.0,1,0.17087325857181865,61
4791,6,7993,3806,4187,0,0,0,1.0,1,1.0,1,1.0,1,0.1810018242056687,59
4792,5,7998,3810,4188,0,0,0,1.0,1,1.0,1,1.0,1,0.18459506851903362,59
4793,4,8002,3812,4190,0,0,0,1.0,1,1.0,1,1.0,1,0.20493962014863418,61
4794,1,8003,3813,4190,0,0,0,1.0,1,1.0,1,1.0,1,0.19057721094497762,60
4795,1,8004,3813,4191,0,0,0,1.0,1,1.0,1,1.0,1,0.2010908631730305,61
4796,5,8009,3815,4194,0,0,0,1.0,1,1.0,1,1.0,1,0.1548290853916227,60
4797,2,8011,3817,4194,0,0,0,1.0,1,1.0,1,1.0,1,0.17131008735270356,61
4798,5,8016,3818,4198,0,0,0,1.0,1,1.0,1,1.0,1,0.1564839342132899,61
4799,0,8016,3818,4198,0,0,0,1.0,1,1.0,1,1.0,1,0.190389680197599,59
4800,0,8016,3818,4198,0,0,0,1.0,1,1.0,1,1.0,1,0.2124521517444215,57
4801,7,8023,3819,4204,0,0,0,1.0,1,1.0,1,1.0,1,0.14362639900283042,58
4802,0,8023,3819,4204,0,0,0,1.0,1,1.0,1,1.0,1,0.13536108637346436,56
4803,3,8026,3821,4205,0,0,0,1.0,1,1.0,1,1.0,1,0.15139597795826154,57
4804,0,8026,3821,4205,0,0,0,1.0,1,1.0,1,1.0,1,0.13523797514384805,55
4805,1,8027,3821,4206,0,0,0,1.0,1,1.0,1,1.0,1,0.1450959320607824,56
4806,1,8028,3821,4207,0,0,0,1.0,1,1.0,1,1.0,1,0.12982828439945204,55
4807,0,8028,3821,4207,0,0,0,1.0,1,1.0,1,1.0,1,0.14635341316870723,53
4808,2,8030,3823,4207,0,0,0,1.0,1,1.0,1,1.0,1,0.16984524785740593,54
4809,2,8032,3823,4209,0,0,0,1.0,1,1.0,1,1.0,1,0.1713000251716795,53
4810,0,8032,3823,4209,0,0,0,1.0,1,1.0,1,1.0,1,0.1713000251716795,53
4811,1,8033,3823,4210,0,0,0,1.0,1,1.0,1,1.0,1,0.14739557171114212,54
4812,0,8033,3823,4210,0,0,0,1.0,1,1.0,1,1.0,1,0.14739557171114212,54
4813,2,8035,3824,4211,0,0,0,1.0,1,1.0,1,1.0,1,0.11562594573624012,55
4814,2,8037,3826,4211,0,0,0,1.0,1,1.0,1,1.0,1,0.13635226871785247,55
4815,3,8040,3826,4214,0,0,0,1.0,1,1.0,1,1.0,1,0.12925083152815675,56
4816,2,8042,3828,4214,0,0,0,1.0,1,1.0,1,1.0,1,0.1540964027228632,56
4817,2,8044,3830,4214,0,0,0,1.0,1,1.0,1,1.0,1,0.21669822629258714,58
4818,3,8047,3832,4215,0,0,0,1.0,1,1.0,1,1.0,1,0.2616670785435038,58
4819,0,8047,3832,4215,0,0,0,1.0,1,1.0,1,1.0,1,0.2551740130198062,58
4820,0,8047,3832,4215,0,0,0,1.0,1,1.0,1,1.0,1,0.2551740130198062,58
4821,7,8054,3833,4221,0,0,0,1.0,1,1.0,1,1.0,1,0.18191181192622644,58
4822,1,8055,3834,4221,0,0,0,1.0,1,1.0,1,1.0,1,0.18939008467315652,58
4823,1,8056,3835,4221,0,0,0,1.0,1,1.0,1,1.0,1,0.20376884569676412,57
4824,4,8060,3837,4223,0,0,0,1.0,1,1.0,1,1.0,1,0.18394270862142237,56
4825,1,8061,3837,4224,0,0,0,1.0,1,1.0,1,1.0,1,0.2029675510598015,57
4826,4,8065,3837,4228,0,0,0,1.0,1,1.0,1,1.0,1,0.1553979789510849,57
4827,0,8065,3837,4228,0,0,0,1.0,1,1.0,1,1.0,1,0.18563029132306744,56
4828,0,8065,3837,4228,0,0,0,1.0,1,1.0,1,1.0,1,0.17157117065300465,57
4829,1,8066,3838,4228,0,0,0,1.0,1,1.0,1,1.0,1,0.1931537763614267,56
4830,0,8066,3838,4228,0,0,0,1.0,1,1.0,1,1.0,1,0.17921134040901854,57
4831,2,8068,3840,4228,0,0,0,1.0,1,1.0,1,1.0,1,0.2298641639710708,57
4832,0,8068,3840,4228,0,0,0,1.0,1,1.0,1,1.0,1,0.2401705659386136,55
4833,2,8070,3842,4228,0,0,0,1.0,1,1.0,1,1.0,1,0.2712264045638376,55
4834,2,8072,3843,4229,0,0,0,1.0,1,1.0,1,1.0,1,0.26546176097927365,55
4835,3,8075,3843,4232,0,0,0,1.0,1,1.0,1,1.0,1,0.2424419679362449,55
4836,3,8078,3843,4235,0,0,0,1.0,1,1.0,1,1.0,1,0.207547789967714,55
4837,0,8078,3843,4235,0,0,0,1.0,1,1.0,1,1.0,1,0.19822054092542007,53
4838,2,8080,3844,4236,0,0,0,1.0,1,1.0,1,1.0,1,0.19409824044730214,54
4839,1,8081,3845,4236,0,0,0,1.0,1,1.0,1,1.0,1,0.20985775482413846,53
4840,2,8083,3846,4237,0,0,0,1.0,1,1.0,1,1.0,1,0.2410389685982049,52
4841,6,8089,3849,4240,0,0,0,1.0,1,1.0,1,1.0,1,0.2067713309889807,51
4842,2,8091,3850,4241,0,0,0,1.0,1,1.0,1,1.0,1,0.20885530878614308,50
4843,6,8097,3855,4242,0,0,0,1.0,1,1.0,1,1.0,1,0.28419885516068166,51
4844,2,8099,3856,4243,0,0,0,1.0,1,1.0,1,1.0,1,0.25475811876778687,50
4845,1,8100,3857,4243,0,0,0,1.0,1,1.0,1,1.0,1,0.26848308509569163,49
4846,5,8105,3858,4247,0,0,0,1.0,1,1.0,1,1.0,1,0.1947764839299812,49
4847,2,8107,3859,4248,0,0,0,1.0,1,1.0,1,1.0,1,0.19738990357607952,48
4848,1,8108,3860,4248,0,0,0,1.0,1,1.0,1,1.0,1,0.2127114305454675,48
4849,0,8108,3860,4248,0,0,0,1.0,1,1.0,1,1.0,1,0.19027328905342114,48
4850,1,8109,3861,4248,0,0,0,1.0,1,1.0,1,1.0,1,0.2198474810706342,49
4851,2,8111,3861,4250,0,0,0,1.0,1,1.0,1,1.0,1,0.18555177879833154,49
4852,1,8112,3861,4251,0,0,0,1.0,1,1.0,1,1.0,1,0.2081394422525797,49
4853,0,8112,3861,4251,0,0,0,1.0,1,1.0,1,1.0,1,0.20549626321725273,50
4854,0,8112,3861,4251,0,0,0,1.0,1,1.0,1,1.0,1,0.21370717727188415,51
4855,0,8112,3861,4251,0,0,0,1.0,1,1.0,1,1.0,1,0.21370717727188415,51
4856,1,8113,3861,4252,0,0,0,1.0,1,1.0,1,1.0,1,0.21473272304970809,50
4857,1,8114,3861,4253,0,0,0,1.0,1,1.0,1,1.0,1,0.19542361569457078,51
4858,0,8114,3861,4253,0,0,0,1.0,1,1.0,1,1.0,1,0.19973791312165987,51
4859,0,8114,3861,4253,0,0,0,1.0,1,1.0,1,1.0,1,0.21403637641869805,52
4860,0,8114,3861,4253,0,0,0,1.0,1,1.0,1,1.0,1,0.21403637641869805,52
4861,2,8116,3861,4255,0,0,0,1.0,1,1.0,1,1.0,1,0.2059429259916174,53
4862,5,8121,3863,4258,0,0,0,1.0,1,1.0,1,1.0,1,0.18075572761090283,53
4863,0,8121,3863,4258,0,0,0,1.0,1,1.0,1,1.0,1,0.1738224218920659,51
4864,1,8122,3864,4258,0,0,0,1.0,1,1.0,1,1.0,1,0.20561798150065386,53
4865,1,8123,3864,4259,0,0,0,1.0,1,1.0,1,1.0,1,0.19011875423834051,52
4866,3,8126,3865,4261,0,0,0,1.0,1,1.0,1,1.0,1,0.17214471617898355,53
4867,2,8128,3865,4263,0,0,0,1.0,1,1.0,1,1.0,1,0.12387371125958559,51
4868,3,8131,3867,4264,0,0,0,1.0,1,1.0,1,1.0,1,0.1130267770159892,53
4869,0,8131,3867,4264,0,0,0,1.0,1,1.0,1,1.0,1,0.1130267770159892,53
4870,3,8134,3869,4265,0,0,0,1.0,1,1.0,1,1.0,1,0.1358515437542417,55
4871,3,8137,3870,4267,0,0,0,1.0,1,1.0,1,1.0,1,0.14593665294199717,55
4872,2,8139,3871,4268,0,0,0,1.0,1,1.0,1,1.0,1,0.1799767580802751,56
4873,1,8140,3871,4269,0,0,0,1.0,1,1.0,1,1.0,1,0.1716979289722895,56
4874,1,8141,3872,4269,0,0,0,1.0,1,1.0,1,1.0,1,0.1714577898351157,58
4875,1,8142,3873,4269,0,0,0,1.0,1,1.0,1,1.0,1,0.19680134481901793,56
4876,4,8146,3874,4272,0,0,0,1.0,1,1.0,1,1.0,1,0.1675053849338924,56
4877,2,8148,3876,4272,0,0,0,1.0,1,1.0,1,1.0,1,0.17852577206087605,54
4878,7,8155,3878,4277,0,0,0,1.0,1,1.0,1,1.0,1,0.13576244734652265,54
4879,4,8159,3881,4278,0,0,0,1.0,1,1.0,1,1.0,1,0.1746321117101423,54
4880,0,8159,3881,4278,0,0,0,1.0,1,1.0,1,1.0,1,0.1697030022859591,53
4881,4,8163,3883,4280,0,0,0,1.0,1,1.0,1,1.0,1,0.2183999205813383,54
4882,0,8163,3883,4280,0,0,0,1.0,1,1.0,1,1.0,1,0.19495737268114724,52
4883,0,8163,3883,4280,0,0,0,1.0,1,1.0,1,1.0,1,0.20741663012748013,54
4884,0,8163,3883,4280,0,0,0,1.0,1,1.0,1,1.0,1,0.1806114090468889,52
4885,1,8164,3884,4280,0,0,0,1.0,1,1.0,1,1.0,1,0.19632449533413723,51
4886,0,8164,3884,4280,0,0,0,1.0,1,1.0,1,1.0,1,0.1942884113981638,50
4887,0,8164,3884,4280,0,0,0,1.0,1,1.0,1,1.0,1,0.21770708889991525,49
4888,0,8164,3884,4280,0,0,0,1.0,1,1.0,1,1.0,1,0.23313055705386038,48
4889,0,8164,3884,4280,0,0,0,1.0,1,1.0,1,1.0,1,0.23313055705386038,48
4890,0,8164,3884,4280,0,0,0,1.0,1,1.0,1,1.0,1,0.23313055705386038,48
4891,2,8166,3886,4280,0,0,0,1.0,1,1.0,1,1.0,1,0.28502638176201317,49
4892,1,8167,3886,4281,0,0,0,1.0,1,1.0,1,1.0,1,0.29755452232504936,51
4893,0,8167,3886,4281,0,0,0,1.0,1,1.0,1,1.0,1,0.2987609123829203,51
4894,1,8168,3886,4282,0,0,0,1.0,1,1.0,1,1.0,1,0.27998313475652237,52
4895,1,8169,3886,4283,0,0,0,1.0,1,1.0,1,1.0,1,0.26276580375438935,52
4896,2,8171,3887,4284,0,0,0,1.0,1,1.0,1,1.0,1,0.24008652445859874,51
4897,0,8171,3887,4284,0,0,0,1.0,1,1.0,1,1.0,1,0.23876631354714933,52
4898,2,8173,3889,4284,0,0,0,1.0,1,1.0,1,1.0,1,0.21821637309664021,52
4899,1,8174,3889,4285,0,0,0,1.0,1,1.0,1,1.0,1,0.20211690571051008,53
4900,2,8176,3891,4285,0,0,0,1.0,1,1.0,1,1.0,1,0.1832005187170904,54
4901,5,8181,3894,4287,0,0,0,1.0,1,1.0,1,1.0,1,0.16292149304813747,54
4902,1,8182,3895,4287,0,0,0,1.0,1,1.0,1,1.0,1,0.1848556980083958,55
4903,2,8184,3896,4288,0,0,0,1.0,1,1.0,1,1.0,1,0.217604056649301,56
4904,1,8185,3897,4288,0,0,0,1.0,1,1.0,1,1.0,1,0.2379060971247339,55
4905,0,8185,3897,4288,0,0,0,1.0,1,1.0,1,1.0,1,0.2381609441289325,54
4906,5,8190,3899,4291,0,0,0,1.0,1,1.0,1,1.0,1,0.24216837404576552,54
4907,2,8192,3899,4293,0,0,0,1.0,1,1.0,1,1.0,1,0.22363853338785467,54
4908,0,8192,3899,4293,0,0,0,1.0,1,1.0,1,1.0,1,0.21726275214048513,53
4909,3,8195,3901,4294,0,0,0,1.0,1,1.0,1,1.0,1,0.2276113897391693,54
4910,0,8195,3901,4294,0,0,0,1.0,1,1.0,1,1.0,1,0.23575989833483907,55
4911,8,8203,3903,4300,0,0,0,1.0,1,1.0,1,1.0,1,0.17440026921454918,57
4912,2,8205,3904,4301,0,0,0,1.0,1,1.0,1,1.0,1,0.18254912376291432,57
4913,0,8205,3904,4301,0,0,0,1.0,1,1.0,1,1.0,1,0.17191774246498334,56
4914,0,8205,3904,4301,0,0,0,1.0,1,1.0,1,1.0,1,0.17191774246498334,56
4915,2,8207,3905,4302,0,0,0,1.0,1,1.0,1,1.0,1,0.16899957005844485,56
4916,3,8210,3905,4305,0,0,0,1.0,1,1.0,1,1.0,1,0.13299705921859606,54
4917,0,8210,3905,4305,0,0,0,1.0,1,1.0,1,1.0,1,0.1525228472354776,53
4918,1,8211,3906,4305,0,0,0,1.0,1,1.0,1,1.0,1,0.1760541922325412,52
4919,0,8211,3906,4305,0,0,0,1.0,1,1.0,1,1.0,1,0.20768803910619313,49
4920,0,8211,3906,4305,0,0,0,1.0,1,1.0,1,1.0,1,0.20768803910619313,49
4921,2,8213,3908,4305,0,0,0,1.0,1,1.0,1,1.0,1,0.268181583339719,50
4922,0,8213,3908,4305,0,0,0,1.0,1,1.0,1,1.0,1,0.268181583339719,50
4923,3,8216,3910,4306,0,0,0,1.0,1,1.0,1,1.0,1,0.2523191085917112,52
4924,1,8217,3911,4306,0,0,0,1.0,1,1.0,1,1.0,1,0.26871437156218536,53
4925,2,8219,3912,4307,0,0,0,1.0,1,1.0,1,1.0,1,0.2290228203350718,54
4926,2,8221,3912,4309,0,0,0,1.0,1,1.0,1,1.0,1,0.20645069346905437,54
4927,2,8223,3914,4309,0,0,0,1.0,1,1.0,1,1.0,1,0.20839333449449146,54
4928,0,8223,3914,4309,0,0,0,1.0,1,1.0,1,1.0,1,0.20839333449449146,54
4929,0,8223,3914,4309,0,0,0,1.0,1,1.0,1,1.0,1,0.19636866539100867,55
4930,2,8225,3915,4310,0,0,0,1.0,1,1.0,1,1.0,1,0.23825368862160778,58
4931,3,8228,3915,4313,0,0,0,1.0,1,1.0,1,1.0,1,0.19421602133261973,58
4932,0,8228,3915,4313,0,0,0,1.0,1,1.0,1,1.0,1,0.20772416397742502,59
4933,0,8228,3915,4313,0,0,0,1.0,1,1.0,1,1.0,1,0.20772416397742502,59
4934,0,8228,3915,4313,0,0,0,1.0,1,1.0,1,1.0,1,0.20772416397742502,59
4935,2,8230,3915,4315,0,0,0,1.0,1,1.0,1,1.0,1,0.18296202941262538,59
4936,2,8232,3916,4316,0,0,0,1.0,1,1.0,1,1.0,1,0.20205784115211473,59
4937,0,8232,3916,4316,0,0,0,1.0,1,1.0,1,1.0,1,0.2052580028029616,61
4938,0,8232,3916,4316,0,0,0,1.0,1,1.0,1,1.0,1,0.21453604275577515,62
4939,1,8233,3916,4317,0,0,0,1.0,1,1.0,1,1.0,1,0.19358547890234834,63
4940,4,8237,3916,4321,0,0,0,1.0,1,1.0,1,1.0,1,0.17750509698641823,65
4941,1,8238,3917,4321,0,0,0,1.0,1,1.0,1,1.0,1,0.18940568322737295,65
4942,5,8243,3920,4323,0,0,0,1.0,1,1.0,1,1.0,1,0.21020975066058606,67
4943,2,8245,3921,4324,0,0,0,1.0,1,1.0,1,1.0,1,0.2149612915265662,66
4944,3,8248,3924,4324,0,0,0,1.0,1,1.0,1,1.0,1,0.25432523052011063,63
4945,2,8250,3924,4326,0,0,0,1.0,1,1.0,1,1.0,1,0.21632304748606454,61
4946,5,8255,3926,4329,0,0,0,1.0,1,1.0,1,1.0,1,0.2018793175086001,60
4947,1,8256,3927,4329,0,0,0,1.0,1,1.0,1,1.0,1,0.1928220137165165,58
4948,2,8258,3928,4330,0,0,0,1.0,1,1.0,1,1.0,1,0.20019433074864684,57
4949,1,8259,3929,4330,0,0,0,1.0,1,1.0,1,1.0,1,0.2090094072091667,56
4950,4,8263,3931,4332,0,0,0,1.0,1,1.0,1,1.0,1,0.2041620899698103,57
4951,5,8268,3932,4336,0,0,0,1.0,1,1.0,1,1.0,1,0.17745656215237085,55
4952,5,8273,3936,4337,0,0,0,1.0,1,1.0,1,1.0,1,0.24274955897598557,55
4953,4,8277,3938,4339,0,0,0,1.0,1,1.0,1,1.0,1,0.2383068137989804,54
4954,1,8278,3939,4339,0,0,0,1.0,1,1.0,1,1.0,1,0.2634220293425255,54
4955,2,8280,3939,4341,0,0,0,1.0,1,1.0,1,1.0,1,0.19843872761148268,52
4956,2,8282,3939,4343,0,0,0,1.0,1,1.0,1,1.0,1,0.1608271894778587,52
4957,2,8284,3940,4344,0,0,0,1.0,1,1.0,1,1.0,1,0.11554454972617481,53
4958,1,8285,3941,4344,0,0,0,1.0,1,1.0,1,1.0,1,0.11691623074304977,52
4959,1,8286,3942,4344,0,0,0,1.0,1,1.0,1,1.0,1,0.1227357591927274,51
4960,3,8289,3942,4347,0,0,0,1.0,1,1.0,1,1.0,1,0.09779307767540399,53
4961,0,8289,3942,4347,0,0,0,1.0,1,1.0,1,1.0,1,0.09779307767540399,53
4962,0,8289,3942,4347,0,0,0,1.0,1,1.0,1,1.0,1,0.11406324348803074,55
4963,0,8289,3942,4347,0,0,0,1.0,1,1.0,1,1.0,1,0.0954243419333382,54
4964,0,8289,3942,4347,0,0,0,1.0,1,1.0,1,1.0,1,0.0954243419333382,54
4965,0,8289,3942,4347,0,0,0,1.0,1,1.0,1,1.0,1,0.0954243419333382,54
4966,2,8291,3944,4347,0,0,0,1.0,1,1.0,1,1.0,1,0.11822175718254514,54
4967,3,8294,3946,4348,0,0,0,1.0,1,1.0,1,1.0,1,0.16413646551823233,55
4968,2,8296,3948,4348,0,0,0,1.0,1,1.0,1,1.0,1,0.1792683366640706,55
4969,2,8298,3949,4349,0,0,0,1.0,1,1.0,1,1.0,1,0.20205760520570334,57
4970,2,8300,3949,4351,0,0,0,1.0,1,1.0,1,1.0,1,0.19668645674331497,56
4971,4,8304,3950,4354,0,0,0,1.0,1,1.0,1,1.0,1,0.16938552963436565,57
4972,1,8305,3951,4354,0,0,0,1.0,1,1.0,1,1.0,1,0.21989169506893866,57
4973,4,8309,3951,4358,0,0,0,1.0,1,1.0,1,1.0,1,0.1708797260532682,60
4974,0,8309,3951,4358,0,0,0,1.0,1,1.0,1,1.0,1,0.18238922585791775,58
4975,0,8309,3951,4358,0,0,0,1.0,1,1.0,1,1.0,1,0.1927749501727502,59
4976,5,8314,3953,4361,0,0,0,1.0,1,1.0,1,1.0,1,0.14160310485697786,59
4977,3,8317,3956,4361,0,0,0,1.0,1,1.0,1,1.0,1,0.16663401032197664,59
4978,1,8318,3957,4361,0,0,0,1.0,1,1.0,1,1.0,1,0.16882017829529666,59
4979,0,8318,3957,4361,0,0,0,1.0,1,1.0,1,1.0,1,0.17176322750078457,61
4980,3,8321,3958,4363,0,0,0,1.0,1,1.0,1,1.0,1,0.19455744130860994,62
4981,6,8327,3959,4368,0,0,0,1.0,1,1.0,1,1.0,1,0.15422527187485321,62
4982,2,8329,3960,4369,0,0,0,1.0,1,1.0,1,1.0,1,0.15867464798159303,63
4983,2,8331,3960,4371,0,0,0,1.0,1,1.0,1,1.0,1,0.15103816580936694,63
4984,2,8333,3962,4371,0,0,0,1.0,1,1.0,1,1.0,1,0.17875135933770822,61
4985,0,8333,3962,4371,0,0,0,1.0,1,1.0,1,1.0,1,0.1662195696969379,59
4986,5,8338,3964,4374,0,0,0,1.0,1,1.0,1,1.0,1,0.17704865911543477,62
4987,0,8338,3964,4374,0,0,0,1.0,1,1.0,1,1.0,1,0.16015477120606844,60
4988,1,8339,3965,4374,0,0,0,1.0,1,1.0,1,1.0,1,0.16891136289033856,59
4989,2,8341,3967,4374,0,0,0,1.0,1,1.0,1,1.0,1,0.21984945055955593,57
4990,2,8343,3968,4375,0,0,0,1.0,1,1.0,1,1.0,1,0.189312678373564,55
4991,4,8347,3970,4377,0,0,0,1.0,1,1.0,1,1.0,1,0.16989863336560962,54
4992,3,8350,3970,4380,0,0,0,1.0,1,1.0,1,1.0,1,0.15427257463313784,52
4993,0,8350,3970,4380,0,0,0,1.0,1,1.0,1,1.0,1,0.13689338291874714,51
4994,1,8351,3971,4380,0,0,0,1.0,1,1.0,1,1.0,1,0.1692826940641829,49
4995,3,8354,3974,4380,0,0,0,1.0,1,1.0,1,1.0,1,0.2370676813561524,48
4996,6,8360,3978,4382,0,0,0,1.0,1,1.0,1,1.0,1,0.19285590902486055,48
4997,0,8360,3978,4382,0,0,0,1.0,1,1.0,1,1.0,1,0.18591487447747193,46
4998,3,8363,3979,4384,0,0,0,1.0,1,1.0,1,1.0,1,0.192217642732634,48
4999,2,8365,3981,4384,0,0,0,1.0,1,1.0,1,1.0,1,0.2483229264905811,48
5000,0,8365,3981,4384,0,0,0,1.0,1,1.0,1,1.0,1,0.2273520546910484,47
5001,2,8367,3982,4385,0,0,0,1.0,1,1.0,1,1.0,1,0.25355983507695673,45
5002,3,8370,3985,4385,0,0,0,1.0,1,1.0,1,1.0,1,0.2925932782993013,46
5003,0,8370,3985,4385,0,0,0,1.0,1,1.0,1,1.0,1,0.310765043907965,46
5004,1,8371,3986,4385,0,0,0,1.0,1,1.0,1,1.0,1,0.3235012030043917,46
5005,2,8373,3986,4387,0,0,0,1.0,1,1.0,1,1.0,1,0.3046357398594494,45
5006,0,8373,3986,4387,0,0,0,1.0,1,1.0,1,1.0,1,0.33586191852751335,45
5007,1,8374,3986,4388,0,0,0,1.0,1,1.0,1,1.0,1,0.3164243720888635,46
5008,1,8375,3986,4389,0,0,0,1.0,1,1.0,1,1.0,1,0.30779056855646114,49
5009,0,8375,3986,4389,0,0,0,1.0,1,1.0,1,1.0,1,0.308974060676261,49
5010,2,8377,3986,4391,0,0,0,1.0,1,1.0,1,1.0,1,0.28862398004694395,50
5011,3,8380,3986,4394,0,0,0,1.0,1,1.0,1,1.0,1,0.24181562382136693,51
5012,0,8380,3986,4394,0,0,0,1.0,1,1.0,1,1.0,1,0.24606481269476338,52
5013,0,8380,3986,4394,0,0,0,1.0,1,1.0,1,1.0,1,0.24606481269476338,52
5014,0,8380,3986,4394,0,0,0,1.0,1,1.0,1,1.0,1,0.24568132082636499,53
5015,2,8382,3987,4395,0,0,0,1.0,1,1.0,1,1.0,1,0.2669524659863968,54
5016,1,8383,3987,4396,0,0,0,1.0,1,1.0,1,1.0,1,0.26591594156731563,55
5017,1,8384,3987,4397,0,0,0,1.0,1,1.0,1,1.0,1,0.25769256602597684,55
5018,0,8384,3987,4397,0,0,0,1.0,1,1.0,1,1.0,1,0.26554711121947505,56
5019,0,8384,3987,4397,0,0,0,1.0,1,1.0,1,1.0,1,0.26554711121947505,56
5020,1,8385,3988,4397,0,0,0,1.0,1,1.0,1,1.0,1,0.2619661946259553,55
5021,3,8388,3988,4400,0,0,0,1.0,1,1.0,1,1.0,1,0.24759683505552416,56
5022,3,8391,3991,4400,0,0,0,1.0,1,1.0,1,1.0,1,0.29638177593736126,56
5023,1,8392,3992,4400,0,0,0,1.0,1,1.0,1,1.0,1,0.2771892479148204,55
5024,6,8398,3996,4402,0,0,0,1.0,1,1.0,1,1.0,1,0.2947859513109593,55
5025,3,8401,3997,4404,0,0,0,1.0,1,1.0,1,1.0,1,0.26058471591823246,53
5026,3,8404,4000,4404,0,0,0,1.0,1,1.0,1,1.0,1,0.2631034884829529,52
5027,2,8406,4001,4405,0,0,0,1.0,1,1.0,1,1.0,1,0.2724037137249209,51
5028,3,8409,4003,4406,0,0,0,1.0,1,1.0,1,1.0,1,0.3092062508672871,51
5029,1,8410,4004,4406,0,0,0,1.0,1,1.0,1,1.0,1,0.3236204880735689,50
5030,3,8413,4007,4406,0,0,0,1.0,1,1.0,1,1.0,1,0.3269229437217998,49
5031,2,8415,4008,4407,0,0,0,1.0,1,1.0,1,1.0,1,0.3163994224721128,49
5032,4,8419,4010,4409,0,0,0,1.0,1,1.0,1,1.0,1,0.3175606635203288,48
5033,4,8423,4013,4410,0,0,0,1.0,1,1.0,1,1.0,1,0.35624380649487647,50
5034,2,8425,4014,4411,0,0,0,1.0,1,1.0,1,1.0,1,0.33223565143713923,49
5035,5,8430,4016,4414,0,0,0,1.0,1,1.0,1,1.0,1,0.31602407191259024,49
5036,3,8433,4016,4417,0,0,0,1.0,1,1.0,1,1.0,1,0.2445524983174073,47
5037,1,8434,4016,4418,0,0,0,1.0,1,1.0,1,1.0,1,0.22743559426889537,47
5038,0,8434,4016,4418,0,0,0,1.0,1,1.0,1,1.0,1,0.23126427640500233,47
5039,0,8434,4016,4418,0,0,0,1.0,1,1.0,1,1.0,1,0.2346935051460699,48
5040,0,8434,4016,4418,0,0,0,1.0,1,1.0,1,1.0,1,0.2346935051460699,48
5041,0,8434,4016,4418,0,0,0,1.0,1,1.0,1,1.0,1,0.2346935051460699,48
5042,0,8434,4016,4418,0,0,0,1.0,1,1.0,1,1.0,1,0.22827967765387797,50
5043,1,8435,4017,4418,0,0,0,1.0,1,1.0,1,1.0,1,0.22822981955229643,51
5044,0,8435,4017,4418,0,0,0,1.0,1,1.0,1,1.0,1,0.22822981955229643,51
5045,1,8436,4017,4419,0,0,0,1.0,1,1.0,1,1.0,1,0.22355285537792108,52
5046,1,8437,4018,4419,0,0,0,1.0,1,1.0,1,1.0,1,0.23790586782998416,51
5047,0,8437,4018,4419,0,0,0,1.0,1,1.0,1,1.0,1,0.23790586782998416,51
5048,2,8439,4019,4420,0,0,0,1.0,1,1.0,1,1.0,1,0.21357492509196652,52
5049,1,8440,4020,4420,0,0,0,1.0,1,1.0,1,1.0,1,0.2409671676328202,54
5050,2,8442,4020,4422,0,0,0,1.0,1,1.0,1,1.0,1,0.24276812294742986,56
5051,2,8444,4020,4424,0,0,0,1.0,1,1.0,1,1.0,1,0.21317303188176778,55
5052,0,8444,4020,4424,0,0,0,1.0,1,1.0,1,1.0,1,0.21317303188176778,55
5053,1,8445,4021,4424,0,0,0,1.0,1,1.0,1,1.0,1,0.21948632722924047,55
5054,2,8447,4022,4425,0,0,0,1.0,1,1.0,1,1.0,1,0.22629340585335583,55
5055,1,8448,4022,4426,0,0,0,1.0,1,1.0,1,1.0,1,0.2308670233678713,55
5056,3,8451,4022,4429,0,0,0,1.0,1,1.0,1,1.0,1,0.19731405442397443,56
5057,1,8452,4022,4430,0,0,0,1.0,1,1.0,1,1.0,1,0.19194744999806126,58
5058,1,8453,4022,4431,0,0,0,1.0,1,1.0,1,1.0,1,0.1801464427355738,59
5059,1,8454,4022,4432,0,0,0,1.0,1,1.0,1,1.0,1,0.16457409068888412,59
5060,0,8454,4022,4432,0,0,0,1.0,1,1.0,1,1.0,1,0.16457409068888412,59
5061,1,8455,4022,4433,0,0,0,1.0,1,1.0,1,1.0,1,0.17311250981672843,59
5062,6,8461,4024,4437,0,0,0,1.0,1,1.0,1,1.0,1,0.1836256476118517,59
5063,1,8462,4025,4437,0,0,0,1.0,1,1.0,1,1.0,1,0.22283667062978085,59
5064,6,8468,4030,4438,0,0,0,1.0,1,1.0,1,1.0,1,0.2634195949128324,57
5065,2,8470,4031,4439,0,0,0,1.0,1,1.0,1,1.0,1,0.2793717763698369,55
5066,6,8476,4033,4443,0,0,0,1.0,1,1.0,1,1.0,1,0.26875357611979817,55
5067,3,8479,4034,4445,0,0,0,1.0,1,1.0,1,1.0,1,0.2550608472509589,54
5068,1,8480,4034,4446,0,0,0,1.0,1,1.0,1,1.0,1,0.23038505766323014,54
5069,4,8484,4035,4449,0,0,0,1.0,1,1.0,1,1.0,1,0.17502220553424103,54
5070,2,8486,4036,4450,0,0,0,1.0,1,1.0,1,1.0,1,0.1598415718412656,52
5071,3,8489,4038,4451,0,0,0,1.0,1,1.0,1,1.0,1,0.19225996877274099,54
5072,0,8489,4038,4451,0,0,0,1.0,1,1.0,1,1.0,1,0.18147794745904292,52
5073,0,8489,4038,4451,0,0,0,1.0,1,1.0,1,1.0,1,0.19803502124820752,51
5074,0,8489,4038,4451,0,0,0,1.0,1,1.0,1,1.0,1,0.18926571586553184,52
5075,0,8489,4038,4451,0,0,0,1.0,1,1.0,1,1.0,1,0.1987014126238405,53
5076,1,8490,4038,4452,0,0,0,1.0,1,1.0,1,1.0,1,0.18319602781585004,53
5077,2,8492,4040,4452,0,0,0,1.0,1,1.0,1,1.0,1,0.19685420043736387,56
5078,1,8493,4040,4453,0,0,0,1.0,1,1.0,1,1.0,1,0.2049550670819185,55
5079,0,8493,4040,4453,0,0,0,1.0,1,1.0,1,1.0,1,0.2165976991078957,56
5080,0,8493,4040,4453,0,0,0,1.0,1,1.0,1,1.0,1,0.21982344504401746,57
5081,2,8495,4040,4455,0,0,0,1.0,1,1.0,1,1.0,1,0.20894723926382244,58
5082,0,8495,4040,4455,0,0,0,1.0,1,1.0,1,1.0,1,0.20894723926382244,58
5083,0,8495,4040,4455,0,0,0,1.0,1,1.0,1,1.0,1,0.2145501872331624,59
5084,2,8497,4040,4457,0,0,0,1.0,1,1.0,1,1.0,1,0.18073697658519333,59
5085,1,8498,4041,4457,0,0,0,1.0,1,1.0,1,1.0,1,0.19785807738657937,60
5086,1,8499,4041,4458,0,0,0,1.0,1,1.0,1,1.0,1,0.16589662903496044,61
5087,4,8503,4044,4459,0,0,0,1.0,1,1.0,1,1.0,1,0.16040206090941966,62
5088,3,8506,4044,4462,0,0,0,1.0,1,1.0,1,1.0,1,0.15104122488387298,64
5089,4,8510,4046,4464,0,0,0,1.0,1,1.0,1,1.0,1,0.1169191821202555,64
5090,0,8510,4046,4464,0,0,0,1.0,1,1.0,1,1.0,1,0.1169191821202555,64
5091,2,8512,4048,4464,0,0,0,1.0,1,1.0,1,1.0,1,0.15643684536083258,64
5092,2,8514,4050,4464,0,0,0,1.0,1,1.0,1,1.0,1,0.1940411725008306,64
5093,1,8515,4050,4465,0,0,0,1.0,1,1.0,1,1.0,1,0.18653141086117822,64
5094,3,8518,4052,4466,0,0,0,1.0,1,1.0,1,1.0,1,0.20494117185657762,65
5095,1,8519,4053,4466,0,0,0,1.0,1,1.0,1,1.0,1,0.2202023017322174,66
5096,2,8521,4054,4467,0,0,0,1.0,1,1.0,1,1.0,1,0.18834393912102382,66
5097,1,8522,4055,4467,0,0,0,1.0,1,1.0,1,1.0,1,0.19869413857090906,67
5098,2,8524,4056,4468,0,0,0,1.0,1,1.0,1,1.0,1,0.18103675020778537,67
5099,2,8526,4057,4469,0,0,0,1.0,1,1.0,1,1.0,1,0.1751172731645632,70
5100,1,8527,4058,4469,0,0,0,1.0,1,1.0,1,1.0,1,0.1814664404758133,71
5101,2,8529,4058,4471,0,0,0,1.0,1,1.0,1,1.0,1,0.1563942790469775,72
5102,4,8533,4060,4473,0,0,0,1.0,1,1.0,1,1.0,1,0.1562615152647309,72
5103,3,8536,4063,4473,0,0,0,1.0,1,1.0,1,1.0,1,0.1611594339372244,70
5104,3,8539,4065,4474,0,0,0,1.0,1,1.0,1,1.0,1,0.20691951039464018,67
5105,6,8545,4069,4476,0,0,0,1.0,1,1.0,1,1.0,1,0.2171938674609304,66
5106,5,8550,4072,4478,0,0,0,1.0,1,1.0,1,1.0,1,0.23033172085876114,64
5107,3,8553,4074,4479,0,0,0,1.0,1,1.0,1,1.0,1,0.20974398874140182,61
5108,3,8556,4076,4480,0,0,0,1.0,1,1.0,1,1.0,1,0.22345333382875898,57
5109,4,8560,4078,4482,0,0,0,1.0,1,1.0,1,1.0,1,0.2258019638012191,55
5110,1,8561,4079,4482,0,0,0,1.0,1,1.0,1,1.0,1,0.22472334958200313,53
5111,5,8566,4082,4484,0,0,0,1.0,1,1.0,1,1.0,1,0.2567661958987002,52
5112,6,8572,4086,4486,0,0,0,1.0,1,1.0,1,1.0,1,0.2053817567976728,52
5113,2,8574,4087,4487,0,0,0,1.0,1,1.0,1,1.0,1,0.2013864814823772,49
5114,4,8578,4091,4487,0,0,0,1.0,1,1.0,1,1.0,1,0.21989100529873282,49
5115,1,8579,4091,4488,0,0,0,1.0,1,1.0,1,1.0,1,0.1998278978319234,48
5116,3,8582,4092,4490,0,0,0,1.0,1,1.0,1,1.0,1,0.17193278602248052,47
5117,0,8582,4092,4490,0,0,0,1.0,1,1.0,1,1.0,1,0.17847125812915712,48
5118,0,8582,4092,4490,0,0,0,1.0,1,1.0,1,1.0,1,0.16815165063243562,49
5119,2,8584,4094,4490,0,0,0,1.0,1,1.0,1,1.0,1,0.1684900020431762,49
5120,0,8584,4094,4490,0,0,0,1.0,1,1.0,1,1.0,1,0.1704433016908747,48
5121,0,8584,4094,4490,0,0,0,1.0,1,1.0,1,1.0,1,0.1704433016908747,48
5122,4,8588,4096,4492,0,0,0,1.0,1,1.0,1,1.0,1,0.2288503739658033,46
5123,2,8590,4096,4494,0,0,0,1.0,1,1.0,1,1.0,1,0.2006951798498991,46
5124,0,8590,4096,4494,0,0,0,1.0,1,1.0,1,1.0,1,0.18746247134438504,47
5125,3,8593,4097,4496,0,0,0,1.0,1,1.0,1,1.0,1,0.17661601388965392,49
5126,1,8594,4097,4497,0,0,0,1.0,1,1.0,1,1.0,1,0.16168526090595647,49
5127,3,8597,4098,4499,0,0,0,1.0,1,1.0,1,1.0,1,0.161491253596539,51
5128,3,8600,4099,4501,0,0,0,1.0,1,1.0,1,1.0,1,0.19442662652832396,53
5129,4,8604,4101,4503,0,0,0,1.0,1,1.0,1,1.0,1,0.20364127288544404,55
5130,2,8606,4101,4505,0,0,0,1.0,1,1.0,1,1.0,1,0.18805313855520883,55
5131,2,8608,4101,4507,0,0,0,1.0,1,1.0,1,1.0,1,0.15773179598925957,55
5132,0,8608,4101,4507,0,0,0,1.0,1,1.0,1,1.0,1,0.15773179598925957,55
5133,0,8608,4101,4507,0,0,0,1.0,1,1.0,1,1.0,1,0.1590761683211567,56
5134,0,8608,4101,4507,0,0,0,1.0,1,1.0,1,1.0,1,0.18562286645370793,56
5135,1,8609,4102,4507,0,0,0,1.0,1,1.0,1,1.0,1,0.18893021288307288,56
5136,0,8609,4102,4507,0,0,0,1.0,1,1.0,1,1.0,1,0.20347631650297,55
5137,3,8612,4103,4509,0,0,0,1.0,1,1.0,1,1.0,1,0.19692711708807187,55
5138,0,8612,4103,4509,0,0,0,1.0,1,1.0,1,1.0,1,0.206184526183927,54
5139,2,8614,4105,4509,0,0,0,1.0,1,1.0,1,1.0,1,0.21468671932294103,54
5140,1,8615,4106,4509,0,0,0,1.0,1,1.0,1,1.0,1,0.23592536374632775,54
5141,4,8619,4108,4511,0,0,0,1.0,1,1.0,1,1.0,1,0.2271036987375898,53
5142,7,8626,4111,4515,0,0,0,1.0,1,1.0,1,1.0,1,0.2407851597347177,55
5143,5,8631,4114,4517,0,0,0,1.0,1,1.0,1,1.0,1,0.17588122161293954,54
5144,3,8634,4116,4518,0,0,0,1.0,1,1.0,1,1.0,1,0.21140450000567587,50
5145,2,8636,4117,4519,0,0,0,1.0,1,1.0,1,1.0,1,0.2238029395659168,51
5146,2,8638,4118,4520,0,0,0,1.0,1,1.0,1,1.0,1,0.22534251065141392,48
5147,3,8641,4119,4522,0,0,0,1.0,1,1.0,1,1.0,1,0.20852379930104192,49
5148,0,8641,4119,4522,0,0,0,1.0,1,1.0,1,1.0,1,0.18425618088259713,47
5149,1,8642,4120,4522,0,0,0,1.0,1,1.0,1,1.0,1,0.19480839790136292,46
5150,4,8646,4124,4522,0,0,0,1.0,1,1.0,1,1.0,1,0.2502339341853642,46
5151,2,8648,4124,4524,0,0,0,1.0,1,1.0,1,1.0,1,0.21075234705054927,45
5152,4,8652,4127,4525,0,0,0,1.0,1,1.0,1,1.0,1,0.24784023607920042,45
5153,0,8652,4127,4525,0,0,0,1.0,1,1.0,1,1.0,1,0.2556520119304804,45
5154,2,8654,4129,4525,0,0,0,1.0,1,1.0,1,1.0,1,0.2836392448019442,45
5155,2,8656,4130,4526,0,0,0,1.0,1,1.0,1,1.0,1,0.26809058630341165,44
5156,0,8656,4130,4526,0,0,0,1.0,1,1.0,1,1.0,1,0.2670187359248002,44
5157,0,8656,4130,4526,0,0,0,1.0,1,1.0,1,1.0,1,0.25753247922894196,42
5158,0,8656,4130,4526,0,0,0,1.0,1,1.0,1,1.0,1,0.2544322347517132,43
5159,4,8660,4130,4530,0,0,0,1.0,1,1.0,1,1.0,1,0.2385420114528088,43
5160,0,8660,4130,4530,0,0,0,1.0,1,1.0,1,1.0,1,0.2385420114528088,43
5161,0,8660,4130,4530,0,0,0,1.0,1,1.0,1,1.0,1,0.2385420114528088,43
5162,0,8660,4130,4530,0,0,0,1.0,1,1.0,1,1.0,1,0.24657605607062286,44
5163,2,8662,4130,4532,0,0,0,1.0,1,1.0,1,1.0,1,0.24166014619144502,46
5164,3,8665,4132,4533,0,0,0,1.0,1,1.0,1,1.0,1,0.2080970537781546,46
5165,1,8666,4132,4534,0,0,0,1.0,1,1.0,1,1.0,1,0.1975896871173961,46
5166,2,8668,4134,4534,0,0,0,1.0,1,1.0,1,1.0,1,0.21939984139783456,47
5167,0,8668,4134,4534,0,0,0,1.0,1,1.0,1,1.0,1,0.21939984139783456,47
5168,4,8672,4135,4537,0,0,0,1.0,1,1.0,1,1.0,1,0.2250902908681048,47
5169,1,8673,4135,4538,0,0,0,1.0,1,1.0,1,1.0,1,0.2066746751246544,47
5170,2,8675,4136,4539,0,0,0,1.0,1,1.0,1,1.0,1,0.2021872563925168,48
5171,6,8681,4137,4544,0,0,0,1.0,1,1.0,1,1.0,1,0.1494851936429596,48
5172,0,8681,4137,4544,0,0,0,1.0,1,1.0,1,1.0,1,0.13373528990845293,49
5173,0,8681,4137,4544,0,0,0,1.0,1,1.0,1,1.0,1,0.1631863658707036,49
5174,1,8682,4137,4545,0,0,0,1.0,1,1.0,1,1.0,1,0.17042587499128886,52
5175,0,8682,4137,4545,0,0,0,1.0,1,1.0,1,1.0,1,0.1646312475139109,53
5176,0,8682,4137,4545,0,0,0,1.0,1,1.0,1,1.0,1,0.1780498693949285,54
5177,3,8685,4140,4545,0,0,0,1.0,1,1.0,1,1.0,1,0.21051689530716802,54
5178,4,8689,4141,4548,0,0,0,1.0,1,1.0,1,1.0,1,0.15581715225386286,55
5179,0,8689,4141,4548,0,0,0,1.0,1,1.0,1,1.0,1,0.18832758528513976,53
5180,1,8690,4142,4548,0,0,0,1.0,1,1.0,1,1.0,1,0.21814671680591974,52
5181,4,8694,4144,4550,0,0,0,1.0,1,1.0,1,1.0,1,0.17192319630581765,52
5182,0,8694,4144,4550,0,0,0,1.0,1,1.0,1,1.0,1,0.17192319630581765,52
5183,3,8697,4147,4550,0,0,0,1.0,1,1.0,1,1.0,1,0.21624945511061816,52
5184,0,8697,4147,4550,0,0,0,1.0,1,1.0,1,1.0,1,0.21641284724708965,52
5185,3,8700,4150,4550,0,0,0,1.0,1,1.0,1,1.0,1,0.25810569815210965,50
5186,5,8705,4151,4554,0,0,0,1.0,1,1.0,1,1.0,1,0.2122751325189731,48
5187,0,8705,4151,4554,0,0,0,1.0,1,1.0,1,1.0,1,0.2243840522868803,46
5188,0,8705,4151,4554,0,0,0,1.0,1,1.0,1,1.0,1,0.23004147347897883,44
5189,1,8706,4151,4555,0,0,0,1.0,1,1.0,1,1.0,1,0.19457875018381224,44
5190,1,8707,4152,4555,0,0,0,1.0,1,1.0,1,1.0,1,0.21720479072474524,45
5191,0,8707,4152,4555,0,0,0,1.0,1,1.0,1,1.0,1,0.21544238517413128,45
5192,1,8708,4153,4555,0,0,0,1.0,1,1.0,1,1.0,1,0.20656229035954435,45
5193,1,8709,4153,4556,0,0,0,1.0,1,1.0,1,1.0,1,0.17400566944526677,45
5194,0,8709,4153,4556,0,0,0,1.0,1,1.0,1,1.0,1,0.1767261173811882,45
5195,1,8710,4154,4556,0,0,0,1.0,1,1.0,1,1.0,1,0.1878324118095912,46
5196,0,8710,4154,4556,0,0,0,1.0,1,1.0,1,1.0,1,0.1878324118095912,46
5197,2,8712,4156,4556,0,0,0,1.0,1,1.0,1,1.0,1,0.21328652004206114,46
5198,1,8713,4156,4557,0,0,0,1.0,1,1.0,1,1.0,1,0.184687196620092,47
5199,2,8715,4157,4558,0,0,0,1.0,1,1.0,1,1.0,1,0.20117871893824857,49
5200,1,8716,4158,4558,0,0,0,1.0,1,1.0,1,1.0,1,0.22153242581985522,49
5201,3,8719,4160,4559,0,0,0,1.0,1,1.0,1,1.0,1,0.2085708417110724,50
5202,0,8719,4160,4559,0,0,0,1.0,1,1.0,1,1.0,1,0.20022752910517436,52
5203,0,8719,4160,4559,0,0,0,1.0,1,1.0,1,1.0,1,0.20022752910517436,52
5204,3,8722,4160,4562,0,0,0,1.0,1,1.0,1,1.0,1,0.17116454199443176,54
5205,2,8724,4160,4564,0,0,0,1.0,1,1.0,1,1.0,1,0.14986640468175336,54
5206,2,8726,4160,4566,0,0,0,1.0,1,1.0,1,1.0,1,0.12092683649956339,55
5207,0,8726,4160,4566,0,0,0,1.0,1,1.0,1,1.0,1,0.11790992773726715,54
5208,0,8726,4160,4566,0,0,0,1.0,1,1.0,1,1.0,1,0.11790992773726715,54
5209,0,8726,4160,4566,0,0,0,1.0,1,1.0,1,1.0,1,0.11790992773726715,54
5210,1,8727,4160,4567,0,0,0,1.0,1,1.0,1,1.0,1,0.10060851208146367,54
5211,0,8727,4160,4567,0,0,0,1.0,1,1.0,1,1.0,1,0.11279553306626255,56
5212,0,8727,4160,4567,0,0,0,1.0,1,1.0,1,1.0,1,0.1122784051113941,57
5213,2,8729,4162,4567,0,0,0,1.0,1,1.0,1,1.0,1,0.13351429757279043,57
5214,5,8734,4164,4570,0,0,0,1.0,1,1.0,1,1.0,1,0.1695494716071436,58
5215,2,8736,4164,4572,0,0,0,1.0,1,1.0,1,1.0,1,0.17374220956851036,57
5216,2,8738,4165,4573,0,0,0,1.0,1,1.0,1,1.0,1,0.17724963105844457,57
5217,2,8740,4166,4574,0,0,0,1.0,1,1.0,1,1.0,1,0.1705312886381141,56
5218,2,8742,4168,4574,0,0,0,1.0,1,1.0,1,1.0,1,0.19183586861245258,56
5219,3,8745,4168,4577,0,0,0,1.0,1,1.0,1,1.0,1,0.1689182180712633,54
5220,0,8745,4168,4577,0,0,0,1.0,1,1.0,1,1.0,1,0.1770341882821477,53
5221,0,8745,4168,4577,0,0,0,1.0,1,1.0,1,1.0,1,0.18570614960306514,52
5222,1,8746,4169,4577,0,0,0,1.0,1,1.0,1,1.0,1,0.190869644921098,52
5223,2,8748,4171,4577,0,0,0,1.0,1,1.0,1,1.0,1,0.20348842758177485,52
5224,3,8751,4174,4577,0,0,0,1.0,1,1.0,1,1.0,1,0.24489988843336397,52
5225,1,8752,4174,4578,0,0,0,1.0,1,1.0,1,1.0,1,0.24836460597448595,50
5226,8,8760,4177,4583,0,0,0,1.0,1,1.0,1,1.0,1,0.1930447320081216,51
5227,2,8762,4179,4583,0,0,0,1.0,1,1.0,1,1.0,1,0.23438815068990665,49
5228,1,8763,4179,4584,0,0,0,1.0,1,1.0,1,1.0,1,0.2305835102702402,48
5229,2,8765,4179,4586,0,0,0,1.0,1,1.0,1,1.0,1,0.1981157359053648,49
5230,0,8765,4179,4586,0,0,0,1.0,1,1.0,1,1.0,1,0.1981157359053648,49
5231,1,8766,4180,4586,0,0,0,1.0,1,1.0,1,1.0,1,0.19910106771928207,49
5232,4,8770,4182,4588,0,0,0,1.0,1,1.0,1,1.0,1,0.16213128031216043,51
5233,2,8772,4183,4589,0,0,0,1.0,1,1.0,1,1.0,1,0.18454619880764403,51
5234,10,8782,4186,4596,0,0,0,1.0,1,1.0,1,1.0,1,0.15916190256263424,52
5235,0,8782,4186,4596,0,0,0,1.0,1,1.0,1,1.0,1,0.16076205340190172,52
5236,0,8782,4186,4596,0,0,0,1.0,1,1.0,1,1.0,1,0.16076205340190172,52
5237,1,8783,4186,4597,0,0,0,1.0,1,1.0,1,1.0,1,0.1718138608565397,53
5238,0,8783,4186,4597,0,0,0,1.0,1,1.0,1,1.0,1,0.1718138608565397,53
5239,1,8784,4186,4598,0,0,0,1.0,1,1.0,1,1.0,1,0.16347829539649184,53
5240,1,8785,4187,4598,0,0,0,1.0,1,1.0,1,1.0,1,0.18783713825439066,55
5241,2,8787,4187,4600,0,0,0,1.0,1,1.0,1,1.0,1,0.160574525048166,56
5242,0,8787,4187,4600,0,0,0,1.0,1,1.0,1,1.0,1,0.17766966572367296,54
5243,2,8789,4188,4601,0,0,0,1.0,1,1.0,1,1.0,1,0.18068894230202479,55
5244,2,8791,4189,4602,0,0,0,1.0,1,1.0,1,1.0,1,0.20236210244547037,55
5245,1,8792,4190,4602,0,0,0,1.0,1,1.0,1,1.0,1,0.20721561823158596,55
5246,4,8796,4192,4604,0,0,0,1.0,1,1.0,1,1.0,1,0.2590930095825942,55
5247,2,8798,4193,4605,0,0,0,1.0,1,1.0,1,1.0,1,0.2550708076995943,54
5248,3,8801,4194,4607,0,0,0,1.0,1,1.0,1,1.0,1,0.25576272762762203,53
5249,3,8804,4195,4609,0,0,0,1.0,1,1.0,1,1.0,1,0.21674330304962205,55
5250,1,8805,4196,4609,0,0,0,1.0,1,1.0,1,1.0,1,0.2127835149114973,55
5251,3,8808,4197,4611,0,0,0,1.0,1,1.0,1,1.0,1,0.1884426905567649,57
5252,1,8809,4197,4612,0,0,0,1.0,1,1.0,1,1.0,1,0.18142497910998617,58
5253,6,8815,4198,4617,0,0,0,1.0,1,1.0,1,1.0,1,0.14769069005823035,59
5254,2,8817,4199,4618,0,0,0,1.0,1,1.0,1,1.0,1,0.17408381175613497,59
5255,0,8817,4199,4618,0,0,0,1.0,1,1.0,1,1.0,1,0.16880605423148415,58
5256,3,8820,4201,4619,0,0,0,1.0,1,1.0,1,1.0,1,0.1881944694506267,59
5257,1,8821,4202,4619,0,0,0,1.0,1,1.0,1,1.0,1,0.1970352032080681,58
5258,0,8821,4202,4619,0,0,0,1.0,1,1.0,1,1.0,1,0.19584109908005687,56
5259,1,8822,4202,4620,0,0,0,1.0,1,1.0,1,1.0,1,0.21041099860452123,56
5260,1,8823,4202,4621,0,0,0,1.0,1,1.0,1,1.0,1,0.21815107748938548,55
5261,2,8825,4203,4622,0,0,0,1.0,1,1.0,1,1.0,1,0.20390435016493044,54
5262,2,8827,4204,4623,0,0,0,1.0,1,1.0,1,1.0,1,0.20564544101841806,54
5263,2,8829,4205,4624,0,0,0,1.0,1,1.0,1,1.0,1,0.25371304550956314,53
5264,2,8831,4206,4625,0,0,0,1.0,1,1.0,1,1.0,1,0.25201136165872035,51
5265,0,8831,4206,4625,0,0,0,1.0,1,1.0,1,1.0,1,0.2414975385043749,50
5266,3,8834,4208,4626,0,0,0,1.0,1,1.0,1,1.0,1,0.24087301182879287,49
5267,2,8836,4209,4627,0,0,0,1.0,1,1.0,1,1.0,1,0.2560373124641877,48
5268,4,8840,4212,4628,0,0,0,1.0,1,1.0,1,1.0,1,0.226065822640684,47
5269,1,8841,4212,4629,0,0,0,1.0,1,1.0,1,1.0,1,0.24002464897777714,45
5270,2,8843,4213,4630,0,0,0,1.0,1,1.0,1,1.0,1,0.26656910207143875,47
5271,3,8846,4213,4633,0,0,0,1.0,1,1.0,1,1.0,1,0.20773561852867392,45
5272,1,8847,4214,4633,0,0,0,1.0,1,1.0,1,1.0,1,0.23759453754948087,46
5273,1,8848,4214,4634,0,0,0,1.0,1,1.0,1,1.0,1,0.23596887937460262,44
5274,2,8850,4215,4635,0,0,0,1.0,1,1.0,1,1.0,1,0.283079672289143,44
5275,5,8855,4217,4638,0,0,0,1.0,1,1.0,1,1.0,1,0.27132339468999706,46
5276,3,8858,4217,4641,0,0,0,1.0,1,1.0,1,1.0,1,0.2359558384186294,46
5277,1,8859,4218,4641,0,0,0,1.0,1,1.0,1,1.0,1,0.22475418332912545,46
5278,4,8863,4222,4641,0,0,0,1.0,1,1.0,1,1.0,1,0.2289636792864976,46
5279,3,8866,4224,4642,0,0,0,1.0,1,1.0,1,1.0,1,0.24164227854407028,47
5280,2,8868,4225,4643,0,0,0,1.0,1,1.0,1,1.0,1,0.23951025859838312,47
5281,0,8868,4225,4643,0,0,0,1.0,1,1.0,1,1.0,1,0.24949157143467668,48
5282,1,8869,4226,4643,0,0,0,1.0,1,1.0,1,1.0,1,0.24840764814821026,48
5283,1,8870,4226,4644,0,0,0,1.0,1,1.0,1,1.0,1,0.2567991792428905,49
5284,0,8870,4226,4644,0,0,0,1.0,1,1.0,1,1.0,1,0.2567991792428905,49
5285,1,8871,4226,4645,0,0,0,1.0,1,1.0,1,1.0,1,0.22838084228970745,50
5286,3,8874,4226,4648,0,0,0,1.0,1,1.0,1,1.0,1,0.18868583667175876,51
5287,0,8874,4226,4648,0,0,0,1.0,1,1.0,1,1.0,1,0.18868583667175876,51
5288,1,8875,4226,4649,0,0,0,1.0,1,1.0,1,1.0,1,0.17154752102397766,51
5289,0,8875,4226,4649,0,0,0,1.0,1,1.0,1,1.0,1,0.18588769947565056,53
5290,1,8876,4226,4650,0,0,0,1.0,1,1.0,1,1.0,1,0.178016018790326,53
5291,2,8878,4227,4651,0,0,0,1.0,1,1.0,1,1.0,1,0.16697907856761704,53
5292,1,8879,4228,4651,0,0,0,1.0,1,1.0,1,1.0,1,0.18938951662070813,53
5293,6,8885,4230,4655,0,0,0,1.0,1,1.0,1,1.0,1,0.22022234492092824,53
5294,3,8888,4231,4657,0,0,0,1.0,1,1.0,1,1.0,1,0.24232168577075094,54
5295,3,8891,4233,4658,0,0,0,1.0,1,1.0,1,1.0,1,0.2640466950268222,52
5296,0,8891,4233,4658,0,0,0,1.0,1,1.0,1,1.0,1,0.27528382206167795,49
5297,3,8894,4235,4659,0,0,0,1.0,1,1.0,1,1.0,1,0.30825125805599796,49
5298,0,8894,4235,4659,0,0,0,1.0,1,1.0,1,1.0,1,0.30522712000108765,49
5299,1,8895,4236,4659,0,0,0,1.0,1,1.0,1,1.0,1,0.28969007583058326,50
5300,1,8896,4237,4659,0,0,0,1.0,1,1.0,1,1.0,1,0.3108800679327861,48
5301,2,8898,4238,4660,0,0,0,1.0,1,1.0,1,1.0,1,0.3148599512077782,46
5302,4,8902,4239,4663,0,0,0,1.0,1,1.0,1,1.0,1,0.29212648668258323,47
5303,2,8904,4241,4663,0,0,0,1.0,1,1.0,1,1.0,1,0.2869616816496475,46
5304,1,8905,4242,4663,0,0,0,1.0,1,1.0,1,1.0,1,0.31709940366607176,45
5305,0,8905,4242,4663,0,0,0,1.0,1,1.0,1,1.0,1,0.30980055280729013,44
5306,2,8907,4243,4664,0,0,0,1.0,1,1.0,1,1.0,1,0.31153348866795155,42
5307,3,8910,4245,4665,0,0,0,1.0,1,1.0,1,1.0,1,0.304543490444728,42
5308,3,8913,4247,4666,0,0,0,1.0,1,1.0,1,1.0,1,0.31974714071005766,43
5309,1,8914,4248,4666,0,0,0,1.0,1,1.0,1,1.0,1,0.3272272444718054,41
5310,1,8915,4249,4666,0,0,0,1.0,1,1.0,1,1.0,1,0.36965930835171035,41
5311,1,8916,4249,4667,0,0,0,1.0,1,1.0,1,1.0,1,0.33920991166923586,42
5312,0,8916,4249,4667,0,0,0,1.0,1,1.0,1,1.0,1,0.3491850531729549,43
5313,0,8916,4249,4667,0,0,0,1.0,1,1.0,1,1.0,1,0.35553281185156843,44
5314,1,8917,4249,4668,0,0,0,1.0,1,1.0,1,1.0,1,0.3271471838722137,44
5315,6,8923,4250,4673,0,0,0,1.0,1,1.0,1,1.0,1,0.29066427866358074,45
5316,2,8925,4250,4675,0,0,0,1.0,1,1.0,1,1.0,1,0.2789516686047453,46
5317,2,8927,4250,4677,0,0,0,1.0,1,1.0,1,1.0,1,0.2659833909001675,46
5318,1,8928,4251,4677,0,0,0,1.0,1,1.0,1,1.0,1,0.2519019322416177,46
5319,0,8928,4251,4677,0,0,0,1.0,1,1.0,1,1.0,1,0.26437118917447566,47
5320,2,8930,4252,4678,0,0,0,1.0,1,1.0,1,1.0,1,0.2415697275068427,48
5321,0,8930,4252,4678,0,0,0,1.0,1,1.0,1,1.0,1,0.24798518859276075,49
5322,0,8930,4252,4678,0,0,0,1.0,1,1.0,1,1.0,1,0.24798518859276075,49
5323,5,8935,4252,4683,0,0,0,1.0,1,1.0,1,1.0,1,0.2256124653562123,51
5324,4,8939,4252,4687,0,0,0,1.0,1,1.0,1,1.0,1,0.1783011054746503,53
5325,1,8940,4253,4687,0,0,0,1.0,1,1.0,1,1.0,1,0.19817974164527496,53
5326,2,8942,4254,4688,0,0,0,1.0,1,1.0,1,1.0,1,0.19953642704941732,53
5327,1,8943,4254,4689,0,0,0,1.0,1,1.0,1,1.0,1,0.2223797056347227,53
5328,0,8943,4254,4689,0,0,0,1.0,1,1.0,1,1.0,1,0.22963832694783906,54
5329,2,8945,4255,4690,0,0,0,1.0,1,1.0,1,1.0,1,0.2489091581993429,53
5330,2,8947,4257,4690,0,0,0,1.0,1,1.0,1,1.0,1,0.2811497351272253,52
5331,2,8949,4257,4692,0,0,0,1.0,1,1.0,1,1.0,1,0.2796851975753264,51
5332,1,8950,4257,4693,0,0,0,1.0,1,1.0,1,1.0,1,0.2703529836749375,52
5333,1,8951,4258,4693,0,0,0,1.0,1,1.0,1,1.0,1,0.3091637291778308,53
5334,2,8953,4259,4694,0,0,0,1.0,1,1.0,1,1.0,1,0.325699146758374,54
5335,1,8954,4259,4695,0,0,0,1.0,1,1.0,1,1.0,1,0.32136666081349824,55
5336,3,8957,4259,4698,0,0,0,1.0,1,1.0,1,1.0,1,0.281962864372818,54
5337,0,8957,4259,4698,0,0,0,1.0,1,1.0,1,1.0,1,0.29146816498972644,55
5338,0,8957,4259,4698,0,0,0,1.0,1,1.0,1,1.0,1,0.29146816498972644,55
5339,0,8957,4259,4698,0,0,0,1.0,1,1.0,1,1.0,1,0.29146816498972644,55
5340,0,8957,4259,4698,0,0,0,1.0,1,1.0,1,1.0,1,0.29146816498972644,55
5341,2,8959,4259,4700,0,0,0,1.0,1,1.0,1,1.0,1,0.311513012045093,54
5342,2,8961,4261,4700,0,0,0,1.0,1,1.0,1,1.0,1,0.3332257678587048,55
5343,2,8963,4263,4700,0,0,0,1.0,1,1.0,1,1.0,1,0.33581994335258003,54
5344,2,8965,4265,4700,0,0,0,1.0,1,1.0,1,1.0,1,0.3670834371468777,55
5345,2,8967,4266,4701,0,0,0,1.0,1,1.0,1,1.0,1,0.3580109096857549,53
5346,3,8970,4268,4702,0,0,0,1.0,1,1.0,1,1.0,1,0.34622363944627504,53
5347,5,8975,4270,4705,0,0,0,1.0,1,1.0,1,1.0,1,0.33348278474169685,51
5348,4,8979,4272,4707,0,0,0,1.0,1,1.0,1,1.0,1,0.31142854920872354,53
5349,3,8982,4274,4708,0,0,0,1.0,1,1.0,1,1.0,1,0.2742848018993969,52
5350,1,8983,4275,4708,0,0,0,1.0,1,1.0,1,1.0,1,0.29236649687662364,50
5351,6,8989,4277,4712,0,0,0,1.0,1,1.0,1,1.0,1,0.2895138980558687,52
5352,3,8992,4279,4713,0,0,0,1.0,1,1.0,1,1.0,1,0.2817686244988209,49
5353,0,8992,4279,4713,0,0,0,1.0,1,1.0,1,1.0,1,0.2817686244988209,49
5354,3,8995,4280,4715,0,0,0,1.0,1,1.0,1,1.0,1,0.2465566369018257,49
5355,0,8995,4280,4715,0,0,0,1.0,1,1.0,1,1.0,1,0.23720799169408952,48
5356,2,8997,4280,4717,0,0,0,1.0,1,1.0,1,1.0,1,0.2294246815232683,49
5357,0,8997,4280,4717,0,0,0,1.0,1,1.0,1,1.0,1,0.2289434192900568,47
5358,2,8999,4281,4718,0,0,0,1.0,1,1.0,1,1.0,1,0.25067507165104674,48
5359,1,9000,4281,4719,0,0,0,1.0,1,1.0,1,1.0,1,0.2191238947578485,48
5360,1,9001,4281,4720,0,0,0,1.0,1,1.0,1,1.0,1,0.21471995656141218,48
5361,2,9003,4281,4722,0,0,0,1.0,1,1.0,1,1.0,1,0.1984419948713833,50
5362,0,9003,4281,4722,0,0,0,1.0,1,1.0,1,1.0,1,0.1984419948713833,50
5363,0,9003,4281,4722,0,0,0,1.0,1,1.0,1,1.0,1,0.1984419948713833,50
5364,2,9005,4283,4722,0,0,0,1.0,1,1.0,1,1.0,1,0.1996366721139553,51
5365,2,9007,4283,4724,0,0,0,1.0,1,1.0,1,1.0,1,0.1875892486940755,52
5366,1,9008,4283,4725,0,0,0,1.0,1,1.0,1,1.0,1,0.1639756825019159,52
5367,0,9008,4283,4725,0,0,0,1.0,1,1.0,1,1.0,1,0.1671077351905331,54
5368,0,9008,4283,4725,0,0,0,1.0,1,1.0,1,1.0,1,0.18161390706882446,55
5369,1,9009,4283,4726,0,0,0,1.0,1,1.0,1,1.0,1,0.16291534998044144,53
5370,5,9014,4286,4728,0,0,0,1.0,1,1.0,1,1.0,1,0.21307817811913582,54
5371,7,9021,4287,4734,0,0,0,1.0,1,1.0,1,1.0,1,0.14505691540634888,53
5372,2,9023,4289,4734,0,0,0,1.0,1,1.0,1,1.0,1,0.20625970595866408,53
5373,0,9023,4289,4734,0,0,0,1.0,1,1.0,1,1.0,1,0.19549352928217995,52
5374,1,9024,4290,4734,0,0,0,1.0,1,1.0,1,1.0,1,0.20686580323089396,51
5375,0,9024,4290,4734,0,0,0,1.0,1,1.0,1,1.0,1,0.18598038215679585,52
5376,2,9026,4291,4735,0,0,0,1.0,1,1.0,1,1.0,1,0.1977237549110439,51
5377,0,9026,4291,4735,0,0,0,1.0,1,1.0,1,1.0,1,0.21064702864364837,52
5378,3,9029,4293,4736,0,0,0,1.0,1,1.0,1,1.0,1,0.2551495154638318,50
5379,0,9029,4293,4736,0,0,0,1.0,1,1.0,1,1.0,1,0.2551495154638318,50
5380,2,9031,4293,4738,0,0,0,1.0,1,1.0,1,1.0,1,0.2782558986401435,52
5381,1,9032,4293,4739,0,0,0,1.0,1,1.0,1,1.0,1,0.2717124317065863,52
5382,0,9032,4293,4739,0,0,0,1.0,1,1.0,1,1.0,1,0.270847452114057,52
5383,1,9033,4293,4740,0,0,0,1.0,1,1.0,1,1.0,1,0.2345396169658699,51
5384,4,9037,4295,4742,0,0,0,1.0,1,1.0,1,1.0,1,0.21737415113508354,52
5385,3,9040,4297,4743,0,0,0,1.0,1,1.0,1,1.0,1,0.2477939012948314,51
5386,3,9043,4299,4744,0,0,0,1.0,1,1.0,1,1.0,1,0.24420128471666955,52
5387,4,9047,4300,4747,0,0,0,1.0,1,1.0,1,1.0,1,0.1937670667035166,53
5388,1,9048,4301,4747,0,0,0,1.0,1,1.0,1,1.0,1,0.19842896534973814,54
5389,1,9049,4301,4748,0,0,0,1.0,1,1.0,1,1.0,1,0.18276097431380964,55
5390,5,9054,4304,4750,0,0,0,1.0,1,1.0,1,1.0,1,0.1692765168627975,56
5391,4,9058,4304,4754,0,0,0,1.0,1,1.0,1,1.0,1,0.08931466218084232,56
5392,1,9059,4304,4755,0,0,0,1.0,1,1.0,1,1.0,1,0.09048720773654897,56
5393,1,9060,4305,4755,0,0,0,1.0,1,1.0,1,1.0,1,0.1251159915208506,54
5394,0,9060,4305,4755,0,0,0,1.0,1,1.0,1,1.0,1,0.11362936693109742,53
5395,1,9061,4306,4755,0,0,0,1.0,1,1.0,1,1.0,1,0.14871348799101283,53
5396,5,9066,4307,4759,0,0,0,1.0,1,1.0,1,1.0,1,0.12068619493055797,54
5397,1,9067,4308,4759,0,0,0,1.0,1,1.0,1,1.0,1,0.10517289088268748,53
5398,1,9068,4308,4760,0,0,0,1.0,1,1.0,1,1.0,1,0.08804080928749267,53
5399,4,9072,4312,4760,0,0,0,1.0,1,1.0,1,1.0,1,0.1413723016596857,55
5400,4,9076,4313,4763,0,0,0,1.0,1,1.0,1,1.0,1,0.1214848497796919,55
5401,2,9078,4315,4763,0,0,0,1.0,1,1.0,1,1.0,1,0.1750117374496285,56
5402,0,9078,4315,4763,0,0,0,1.0,1,1.0,1,1.0,1,0.0,0
