,SuccessfulHandoverCount,TotalSuccessfulHandoverCount,TotalSuccessfulHandoverCountRange,TotalSuccessfulHandoverCountLoadBalancing,TotalSuccessfulHandoverCountOverload,FailedHandoverCount,TotalFailedHandoverCount,AvgQoS,MinQoS,AvgQoS_LoadBased,MinQoS_LoadBased,AvgQoS_RangeBased,MinQoS_RangeBased,GiniLoad,VehicleCount
0,0,0,0,0,0,0,0,1.0,1,1.0,1,1.0,1,0.0,0
1,14,14,0,14,0,0,0,1.0,1,1.0,1,1.0,1,0.17914486793509235,26
2,11,25,0,25,0,0,0,1.0,1,1.0,1,1.0,1,0.0877328818033471,27
3,7,32,0,32,0,0,0,1.0,1,1.0,1,1.0,1,0.0496452199194441,28
4,12,44,0,44,0,0,0,1.0,1,1.0,1,1.0,1,0.07696510794267118,29
5,8,52,0,52,0,0,0,1.0,1,1.0,1,1.0,1,0.1006315499694059,29
6,2,54,0,54,0,0,0,1.0,1,1.0,1,1.0,1,0.03963109676462932,32
7,0,54,0,54,0,0,0,1.0,1,1.0,1,1.0,1,0.048343236155752,33
8,1,55,1,54,0,0,0,1.0,1,1.0,1,1.0,1,0.0490576765724599,35
9,1,56,2,54,0,0,0,1.0,1,1.0,1,1.0,1,0.08743114318328146,35
10,1,57,3,54,0,0,0,1.0,1,1.0,1,1.0,1,0.0920460971607622,35
11,1,58,4,54,0,0,0,1.0,1,1.0,1,1.0,1,0.04976511117840135,35
12,0,58,4,54,0,0,0,1.0,1,1.0,1,1.0,1,0.036136999922974,34
13,1,59,5,54,0,0,0,1.0,1,1.0,1,1.0,1,0.07765112554937009,32
14,2,61,7,54,0,0,0,1.0,1,1.0,1,1.0,1,0.1529066719327341,31
15,1,62,8,54,0,0,0,1.0,1,1.0,1,1.0,1,0.13060191346357616,30
16,1,63,8,55,0,0,0,1.0,1,1.0,1,1.0,1,0.10944313969203619,30
17,0,63,8,55,0,0,0,1.0,1,1.0,1,1.0,1,0.08361127662732802,29
18,0,63,8,55,0,0,0,1.0,1,1.0,1,1.0,1,0.08361127662732802,29
19,0,63,8,55,0,0,0,1.0,1,1.0,1,1.0,1,0.06649432820223658,28
20,1,64,9,55,0,0,0,1.0,1,1.0,1,1.0,1,0.11844118609000667,28
21,1,65,10,55,0,0,0,1.0,1,1.0,1,1.0,1,0.07794440945573929,28
22,2,67,12,55,0,0,0,1.0,1,1.0,1,1.0,1,0.12253498851510582,28
23,2,69,14,55,0,0,0,1.0,1,1.0,1,1.0,1,0.2308807168735957,27
24,7,76,19,57,0,0,0,1.0,1,1.0,1,1.0,1,0.19704719775309407,28
25,3,79,20,59,0,0,0,1.0,1,1.0,1,1.0,1,0.20299160160938257,28
26,4,83,21,62,0,0,0,1.0,1,1.0,1,1.0,1,0.10166885623625241,30
27,1,84,21,63,0,0,0,1.0,1,1.0,1,1.0,1,0.06199545873880508,30
28,1,85,22,63,0,0,0,1.0,1,1.0,1,1.0,1,0.0980296200679129,31
29,0,85,22,63,0,0,0,1.0,1,1.0,1,1.0,1,0.11585380326995579,30
30,0,85,22,63,0,0,0,1.0,1,1.0,1,1.0,1,0.11585380326995579,30
31,2,87,23,64,0,0,0,1.0,1,1.0,1,1.0,1,0.07894331730161533,31
32,0,87,23,64,0,0,0,1.0,1,1.0,1,1.0,1,0.10635660492446289,31
33,0,87,23,64,0,0,0,1.0,1,1.0,1,1.0,1,0.07530239987870087,31
34,1,88,24,64,0,0,0,1.0,1,1.0,1,1.0,1,0.1794541219581374,29
35,1,89,24,65,0,0,0,1.0,1,1.0,1,1.0,1,0.12119691652222422,30
36,2,91,24,67,0,0,0,1.0,1,1.0,1,1.0,1,0.10998820608755293,30
37,1,92,25,67,0,0,0,1.0,1,1.0,1,1.0,1,0.1331035490831788,31
38,3,95,27,68,0,0,0,1.0,1,1.0,1,1.0,1,0.11215733790627727,32
39,0,95,27,68,0,0,0,1.0,1,1.0,1,1.0,1,0.08127741956847537,36
40,1,96,27,69,0,0,0,1.0,1,1.0,1,1.0,1,0.08240728047223807,37
41,1,97,27,70,0,0,0,1.0,1,1.0,1,1.0,1,0.06298800544261449,37
42,1,98,28,70,0,0,0,1.0,1,1.0,1,1.0,1,0.08361700976298135,38
43,1,99,29,70,0,0,0,1.0,1,1.0,1,1.0,1,0.1319904979443703,40
44,0,99,29,70,0,0,0,1.0,1,1.0,1,1.0,1,0.11442362906885994,39
45,0,99,29,70,0,0,0,1.0,1,1.0,1,1.0,1,0.0918923839604226,40
46,0,99,29,70,0,0,0,1.0,1,1.0,1,1.0,1,0.0700288731990081,39
47,3,102,31,71,0,0,0,1.0,1,1.0,1,1.0,1,0.0656312138966708,39
48,0,102,31,71,0,0,0,1.0,1,1.0,1,1.0,1,0.0656312138966708,39
49,0,102,31,71,0,0,0,1.0,1,1.0,1,1.0,1,0.028701454809024578,37
50,0,102,31,71,0,0,0,1.0,1,1.0,1,1.0,1,0.027014311518015276,35
51,0,102,31,71,0,0,0,1.0,1,1.0,1,1.0,1,0.03644041074002936,34
52,1,103,32,71,0,0,0,1.0,1,1.0,1,1.0,1,0.02879020632233921,34
53,0,103,32,71,0,0,0,1.0,1,1.0,1,1.0,1,0.04246360489101574,35
54,1,104,32,72,0,0,0,1.0,1,1.0,1,1.0,1,0.04260479520821854,36
55,1,105,33,72,0,0,0,1.0,1,1.0,1,1.0,1,0.05753971936959265,36
56,7,112,37,75,0,0,0,1.0,1,1.0,1,1.0,1,0.07337032060083686,36
57,0,112,37,75,0,0,0,1.0,1,1.0,1,1.0,1,0.07935432864708161,37
58,3,115,39,76,0,0,0,1.0,1,1.0,1,1.0,1,0.10954318003774062,38
59,1,116,40,76,0,0,0,1.0,1,1.0,1,1.0,1,0.16574835762579393,37
60,1,117,41,76,0,0,0,1.0,1,1.0,1,1.0,1,0.11940317338354409,38
61,3,120,44,76,0,0,0,1.0,1,1.0,1,1.0,1,0.15337640969426536,37
62,5,125,46,79,0,0,0,1.0,1,1.0,1,1.0,1,0.09249458312748159,39
63,1,126,46,80,0,0,0,1.0,1,1.0,1,1.0,1,0.0800699668455324,39
64,2,128,48,80,0,0,0,1.0,1,1.0,1,1.0,1,0.13617068915977287,38
65,0,128,48,80,0,0,0,1.0,1,1.0,1,1.0,1,0.11058780738903017,39
66,1,129,48,81,0,0,0,1.0,1,1.0,1,1.0,1,0.0940712103878807,39
67,1,130,49,81,0,0,0,1.0,1,1.0,1,1.0,1,0.11283183230600176,36
68,2,132,50,82,0,0,0,1.0,1,1.0,1,1.0,1,0.0942274800070983,36
69,1,133,51,82,0,0,0,1.0,1,1.0,1,1.0,1,0.13074589913459822,37
70,0,133,51,82,0,0,0,1.0,1,1.0,1,1.0,1,0.14471459968086123,36
71,3,136,51,85,0,0,0,1.0,1,1.0,1,1.0,1,0.019668948359274244,38
72,0,136,51,85,0,0,0,1.0,1,1.0,1,1.0,1,0.019668948359274244,38
73,0,136,51,85,0,0,0,1.0,1,1.0,1,1.0,1,0.019907317715541592,37
74,1,137,52,85,0,0,0,1.0,1,1.0,1,1.0,1,0.04073408892766612,38
75,0,137,52,85,0,0,0,1.0,1,1.0,1,1.0,1,0.04073408892766612,38
76,1,138,53,85,0,0,0,1.0,1,1.0,1,1.0,1,0.08763507470555604,39
77,0,138,53,85,0,0,0,1.0,1,1.0,1,1.0,1,0.08105212035119984,40
78,0,138,53,85,0,0,0,1.0,1,1.0,1,1.0,1,0.057178495657147325,41
79,1,139,54,85,0,0,0,1.0,1,1.0,1,1.0,1,0.054435131279747445,41
80,0,139,54,85,0,0,0,1.0,1,1.0,1,1.0,1,0.054435131279747445,41
81,0,139,54,85,0,0,0,1.0,1,1.0,1,1.0,1,0.04966285253607725,41
82,0,139,54,85,0,0,0,1.0,1,1.0,1,1.0,1,0.054895252668248386,44
83,0,139,54,85,0,0,0,1.0,1,1.0,1,1.0,1,0.054895252668248386,44
84,2,141,55,86,0,0,0,1.0,1,1.0,1,1.0,1,0.0920037108726787,45
85,1,142,56,86,0,0,0,1.0,1,1.0,1,1.0,1,0.12152438994622547,45
86,1,143,56,87,0,0,0,1.0,1,1.0,1,1.0,1,0.10946635563873763,45
87,2,145,57,88,0,0,0,1.0,1,1.0,1,1.0,1,0.11523372429093512,44
88,0,145,57,88,0,0,0,1.0,1,1.0,1,1.0,1,0.11523372429093512,44
89,0,145,57,88,0,0,0,1.0,1,1.0,1,1.0,1,0.07805782420678054,43
90,0,145,57,88,0,0,0,1.0,1,1.0,1,1.0,1,0.09545040473407032,44
91,1,146,58,88,0,0,0,1.0,1,1.0,1,1.0,1,0.11816824577844023,44
92,0,146,58,88,0,0,0,1.0,1,1.0,1,1.0,1,0.1145992126179383,43
93,0,146,58,88,0,0,0,1.0,1,1.0,1,1.0,1,0.131742058479305,44
94,0,146,58,88,0,0,0,1.0,1,1.0,1,1.0,1,0.131742058479305,44
95,1,147,58,89,0,0,0,1.0,1,1.0,1,1.0,1,0.11880119342409938,43
96,0,147,58,89,0,0,0,1.0,1,1.0,1,1.0,1,0.12138879382261682,44
97,1,148,59,89,0,0,0,1.0,1,1.0,1,1.0,1,0.13713521660100328,44
98,2,150,61,89,0,0,0,1.0,1,1.0,1,1.0,1,0.2095837266470095,43
99,0,150,61,89,0,0,0,1.0,1,1.0,1,1.0,1,0.2095837266470095,43
100,3,153,63,90,0,0,0,1.0,1,1.0,1,1.0,1,0.22395208701088481,47
101,2,155,63,92,0,0,0,1.0,1,1.0,1,1.0,1,0.2066857904585979,47
102,1,156,64,92,0,0,0,1.0,1,1.0,1,1.0,1,0.22938290260928162,47
103,3,159,65,94,0,0,0,1.0,1,1.0,1,1.0,1,0.15018149315355028,46
104,3,162,67,95,0,0,0,1.0,1,1.0,1,1.0,1,0.10790901764613241,45
105,3,165,69,96,0,0,0,1.0,1,1.0,1,1.0,1,0.07649942536649726,44
106,4,169,71,98,0,0,0,1.0,1,1.0,1,1.0,1,0.0659988773495454,45
107,2,171,73,98,0,0,0,1.0,1,1.0,1,1.0,1,0.08460304632500555,44
108,2,173,74,99,0,0,0,1.0,1,1.0,1,1.0,1,0.0757274921138472,46
109,5,178,78,100,0,0,0,1.0,1,1.0,1,1.0,1,0.13701353998736024,46
110,2,180,79,101,0,0,0,1.0,1,1.0,1,1.0,1,0.08981003436713948,46
111,3,183,81,102,0,0,0,1.0,1,1.0,1,1.0,1,0.03557845582282989,46
112,4,187,84,103,0,0,0,1.0,1,1.0,1,1.0,1,0.030534856537296838,46
113,1,188,85,103,0,0,0,1.0,1,1.0,1,1.0,1,0.044116289768624826,46
114,0,188,85,103,0,0,0,1.0,1,1.0,1,1.0,1,0.044116289768624826,46
115,0,188,85,103,0,0,0,1.0,1,1.0,1,1.0,1,0.03755493221288062,47
116,0,188,85,103,0,0,0,1.0,1,1.0,1,1.0,1,0.03755493221288062,47
117,2,190,87,103,0,0,0,1.0,1,1.0,1,1.0,1,0.06818614374180176,45
118,1,191,88,103,0,0,0,1.0,1,1.0,1,1.0,1,0.05521174814808807,46
119,0,191,88,103,0,0,0,1.0,1,1.0,1,1.0,1,0.07943757229074856,46
120,2,193,90,103,0,0,0,1.0,1,1.0,1,1.0,1,0.09313259938817532,47
121,1,194,91,103,0,0,0,1.0,1,1.0,1,1.0,1,0.12671535205878265,46
122,1,195,91,104,0,0,0,1.0,1,1.0,1,1.0,1,0.11526781436261233,46
123,0,195,91,104,0,0,0,1.0,1,1.0,1,1.0,1,0.12450391985394116,45
124,1,196,92,104,0,0,0,1.0,1,1.0,1,1.0,1,0.139124143188542,46
125,0,196,92,104,0,0,0,1.0,1,1.0,1,1.0,1,0.13483256650697859,44
126,2,198,92,106,0,0,0,1.0,1,1.0,1,1.0,1,0.11742777748957735,45
127,0,198,92,106,0,0,0,1.0,1,1.0,1,1.0,1,0.11735700555977228,45
128,0,198,92,106,0,0,0,1.0,1,1.0,1,1.0,1,0.10455506092696891,46
129,2,200,94,106,0,0,0,1.0,1,1.0,1,1.0,1,0.09611052609766965,48
130,0,200,94,106,0,0,0,1.0,1,1.0,1,1.0,1,0.09611052609766965,48
131,3,203,95,108,0,0,0,1.0,1,1.0,1,1.0,1,0.05987329550168324,49
132,1,204,96,108,0,0,0,1.0,1,1.0,1,1.0,1,0.06376497755049693,51
133,3,207,98,109,0,0,0,1.0,1,1.0,1,1.0,1,0.09793233187282335,49
134,5,212,102,110,0,0,0,1.0,1,1.0,1,1.0,1,0.12184619620546516,49
135,0,212,102,110,0,0,0,1.0,1,1.0,1,1.0,1,0.10626334418867595,49
136,5,217,106,111,0,0,0,1.0,1,1.0,1,1.0,1,0.0909836113391696,48
137,0,217,106,111,0,0,0,1.0,1,1.0,1,1.0,1,0.098691246083189,47
138,5,222,111,111,0,0,0,1.0,1,1.0,1,1.0,1,0.1021289116701989,48
139,3,225,114,111,0,0,0,1.0,1,1.0,1,1.0,1,0.1512664888634049,48
140,2,227,116,111,0,0,0,1.0,1,1.0,1,1.0,1,0.15008383971861494,49
141,4,231,116,115,0,0,0,1.0,1,1.0,1,1.0,1,0.06434420634880644,49
142,1,232,117,115,0,0,0,1.0,1,1.0,1,1.0,1,0.038570856958975025,49
143,0,232,117,115,0,0,0,1.0,1,1.0,1,1.0,1,0.045377113626013155,47
144,2,234,119,115,0,0,0,1.0,1,1.0,1,1.0,1,0.0425355122074258,46
145,1,235,120,115,0,0,0,1.0,1,1.0,1,1.0,1,0.08831921603475883,44
146,1,236,121,115,0,0,0,1.0,1,1.0,1,1.0,1,0.10314674492939806,44
147,1,237,121,116,0,0,0,1.0,1,1.0,1,1.0,1,0.10167148587252207,43
148,0,237,121,116,0,0,0,1.0,1,1.0,1,1.0,1,0.1387415615302634,43
149,1,238,122,116,0,0,0,1.0,1,1.0,1,1.0,1,0.14649873659126145,43
150,2,240,123,117,0,0,0,1.0,1,1.0,1,1.0,1,0.14642240975844473,42
151,1,241,124,117,0,0,0,1.0,1,1.0,1,1.0,1,0.16539243810869064,42
152,3,244,125,119,0,0,0,1.0,1,1.0,1,1.0,1,0.13325831968139976,42
153,0,244,125,119,0,0,0,1.0,1,1.0,1,1.0,1,0.10947539888581083,42
154,0,244,125,119,0,0,0,1.0,1,1.0,1,1.0,1,0.11562667345159981,43
155,0,244,125,119,0,0,0,1.0,1,1.0,1,1.0,1,0.10419907569839681,43
156,2,246,125,121,0,0,0,1.0,1,1.0,1,1.0,1,0.07404009553992799,42
157,0,246,125,121,0,0,0,1.0,1,1.0,1,1.0,1,0.09762976879556454,41
158,0,246,125,121,0,0,0,1.0,1,1.0,1,1.0,1,0.0906395149471791,42
159,0,246,125,121,0,0,0,1.0,1,1.0,1,1.0,1,0.09395108308273709,43
160,4,250,128,122,0,0,0,1.0,1,1.0,1,1.0,1,0.1947167274747255,44
161,5,255,129,126,0,0,0,1.0,1,1.0,1,1.0,1,0.19531614567860817,44
162,1,256,130,126,0,0,0,1.0,1,1.0,1,1.0,1,0.21923769958063882,45
163,2,258,132,126,0,0,0,1.0,1,1.0,1,1.0,1,0.25159329760948423,43
164,0,258,132,126,0,0,0,1.0,1,1.0,1,1.0,1,0.2516310013488051,42
165,3,261,135,126,0,0,0,1.0,1,1.0,1,1.0,1,0.23520584587580295,42
166,5,266,136,130,0,0,0,1.0,1,1.0,1,1.0,1,0.18586167925377492,42
167,2,268,137,131,0,0,0,1.0,1,1.0,1,1.0,1,0.1516185537176025,41
168,1,269,138,131,0,0,0,1.0,1,1.0,1,1.0,1,0.13252640144177336,40
169,3,272,140,132,0,0,0,1.0,1,1.0,1,1.0,1,0.07038920001991715,40
170,0,272,140,132,0,0,0,1.0,1,1.0,1,1.0,1,0.057866766927706405,38
171,2,274,142,132,0,0,0,1.0,1,1.0,1,1.0,1,0.07801133970449409,37
172,5,279,146,133,0,0,0,1.0,1,1.0,1,1.0,1,0.09852011584827175,35
173,1,280,147,133,0,0,0,1.0,1,1.0,1,1.0,1,0.10713037248041017,36
174,2,282,149,133,0,0,0,1.0,1,1.0,1,1.0,1,0.12422622755984057,34
175,0,282,149,133,0,0,0,1.0,1,1.0,1,1.0,1,0.07725062860756855,33
176,1,283,150,133,0,0,0,1.0,1,1.0,1,1.0,1,0.08295771922984332,34
177,0,283,150,133,0,0,0,1.0,1,1.0,1,1.0,1,0.06921472259243408,36
178,2,285,152,133,0,0,0,1.0,1,1.0,1,1.0,1,0.09210809304823314,37
179,1,286,153,133,0,0,0,1.0,1,1.0,1,1.0,1,0.10426319110084839,37
180,1,287,154,133,0,0,0,1.0,1,1.0,1,1.0,1,0.07675757878232731,36
181,1,288,155,133,0,0,0,1.0,1,1.0,1,1.0,1,0.0667917171566158,36
182,0,288,155,133,0,0,0,1.0,1,1.0,1,1.0,1,0.06691825870041347,38
183,1,289,156,133,0,0,0,1.0,1,1.0,1,1.0,1,0.07161085556876551,37
184,0,289,156,133,0,0,0,1.0,1,1.0,1,1.0,1,0.08449424592407717,36
185,1,290,157,133,0,0,0,1.0,1,1.0,1,1.0,1,0.11419468176096932,35
186,2,292,157,135,0,0,0,1.0,1,1.0,1,1.0,1,0.08811533723965373,34
187,2,294,159,135,0,0,0,1.0,1,1.0,1,1.0,1,0.11541728242963042,33
188,1,295,160,135,0,0,0,1.0,1,1.0,1,1.0,1,0.14015577545870872,33
189,2,297,162,135,0,0,0,1.0,1,1.0,1,1.0,1,0.1160237270908389,33
190,0,297,162,135,0,0,0,1.0,1,1.0,1,1.0,1,0.1418344407275984,32
191,5,302,164,138,0,0,0,1.0,1,1.0,1,1.0,1,0.10364639600868972,34
192,0,302,164,138,0,0,0,1.0,1,1.0,1,1.0,1,0.10364639600868972,34
193,0,302,164,138,0,0,0,1.0,1,1.0,1,1.0,1,0.09524237206687235,35
194,1,303,164,139,0,0,0,1.0,1,1.0,1,1.0,1,0.09196168936775499,37
195,0,303,164,139,0,0,0,1.0,1,1.0,1,1.0,1,0.11171594329621565,36
196,1,304,164,140,0,0,0,1.0,1,1.0,1,1.0,1,0.09426200194259308,36
197,0,304,164,140,0,0,0,1.0,1,1.0,1,1.0,1,0.08669738346857563,37
198,3,307,167,140,0,0,0,1.0,1,1.0,1,1.0,1,0.12403371085596011,37
199,0,307,167,140,0,0,0,1.0,1,1.0,1,1.0,1,0.12403371085596011,37
200,2,309,168,141,0,0,0,1.0,1,1.0,1,1.0,1,0.1071489119695491,37
201,2,311,170,141,0,0,0,1.0,1,1.0,1,1.0,1,0.11500453550081827,36
202,0,311,170,141,0,0,0,1.0,1,1.0,1,1.0,1,0.0831007606046208,36
203,3,314,173,141,0,0,0,1.0,1,1.0,1,1.0,1,0.13667252954134398,35
204,0,314,173,141,0,0,0,1.0,1,1.0,1,1.0,1,0.1359720273942522,35
205,4,318,176,142,0,0,0,1.0,1,1.0,1,1.0,1,0.09700902704628284,35
206,1,319,177,142,0,0,0,1.0,1,1.0,1,1.0,1,0.09072431512107933,34
207,0,319,177,142,0,0,0,1.0,1,1.0,1,1.0,1,0.08295371210312108,34
208,3,322,179,143,0,0,0,1.0,1,1.0,1,1.0,1,0.11717056745723137,33
209,1,323,179,144,0,0,0,1.0,1,1.0,1,1.0,1,0.1425841236273087,33
210,1,324,180,144,0,0,0,1.0,1,1.0,1,1.0,1,0.14520271420669106,34
211,3,327,181,146,0,0,0,1.0,1,1.0,1,1.0,1,0.12777914767132997,33
212,1,328,181,147,0,0,0,1.0,1,1.0,1,1.0,1,0.07640565080668732,33
213,0,328,181,147,0,0,0,1.0,1,1.0,1,1.0,1,0.09600871708148795,35
214,2,330,183,147,0,0,0,1.0,1,1.0,1,1.0,1,0.11438701094058935,34
215,1,331,184,147,0,0,0,1.0,1,1.0,1,1.0,1,0.14571155100186203,35
216,3,334,185,149,0,0,0,1.0,1,1.0,1,1.0,1,0.075100867477309,36
217,1,335,186,149,0,0,0,1.0,1,1.0,1,1.0,1,0.11043988059981924,36
218,2,337,187,150,0,0,0,1.0,1,1.0,1,1.0,1,0.14052322204463583,36
219,0,337,187,150,0,0,0,1.0,1,1.0,1,1.0,1,0.12090746177462924,37
220,0,337,187,150,0,0,0,1.0,1,1.0,1,1.0,1,0.1288145075754492,38
221,2,339,188,151,0,0,0,1.0,1,1.0,1,1.0,1,0.13029130866133357,37
222,2,341,189,152,0,0,0,1.0,1,1.0,1,1.0,1,0.08823418824767128,38
223,0,341,189,152,0,0,0,1.0,1,1.0,1,1.0,1,0.08823418824767128,38
224,1,342,190,152,0,0,0,1.0,1,1.0,1,1.0,1,0.14901921491883818,38
225,2,344,191,153,0,0,0,1.0,1,1.0,1,1.0,1,0.1631274617523531,36
226,4,348,192,156,0,0,0,1.0,1,1.0,1,1.0,1,0.09265426711198378,37
227,3,351,195,156,0,0,0,1.0,1,1.0,1,1.0,1,0.13432225536229436,35
228,0,351,195,156,0,0,0,1.0,1,1.0,1,1.0,1,0.13432225536229436,35
229,3,354,198,156,0,0,0,1.0,1,1.0,1,1.0,1,0.13314608594278135,35
230,2,356,199,157,0,0,0,1.0,1,1.0,1,1.0,1,0.11652344577060912,35
231,5,361,202,159,0,0,0,1.0,1,1.0,1,1.0,1,0.07068009113058583,35
232,1,362,203,159,0,0,0,1.0,1,1.0,1,1.0,1,0.06988447085359077,36
233,0,362,203,159,0,0,0,1.0,1,1.0,1,1.0,1,0.06988447085359077,36
234,0,362,203,159,0,0,0,1.0,1,1.0,1,1.0,1,0.08443867029923358,34
235,2,364,205,159,0,0,0,1.0,1,1.0,1,1.0,1,0.08812061425079033,33
236,2,366,206,160,0,0,0,1.0,1,1.0,1,1.0,1,0.062404289914437486,31
237,0,366,206,160,0,0,0,1.0,1,1.0,1,1.0,1,0.06690388268793294,32
238,1,367,207,160,0,0,0,1.0,1,1.0,1,1.0,1,0.08921128687281124,31
239,1,368,208,160,0,0,0,1.0,1,1.0,1,1.0,1,0.12603136002589002,30
240,1,369,209,160,0,0,0,1.0,1,1.0,1,1.0,1,0.1642782165888526,27
241,5,374,213,161,0,0,0,1.0,1,1.0,1,1.0,1,0.16621293177021706,27
242,0,374,213,161,0,0,0,1.0,1,1.0,1,1.0,1,0.1382176970054841,28
243,1,375,214,161,0,0,0,1.0,1,1.0,1,1.0,1,0.14770806188887536,28
244,1,376,215,161,0,0,0,1.0,1,1.0,1,1.0,1,0.13120525922155177,27
245,1,377,215,162,0,0,0,1.0,1,1.0,1,1.0,1,0.10293555756140205,27
246,1,378,216,162,0,0,0,1.0,1,1.0,1,1.0,1,0.11203090377221656,25
247,0,378,216,162,0,0,0,1.0,1,1.0,1,1.0,1,0.07903903572917664,24
248,0,378,216,162,0,0,0,1.0,1,1.0,1,1.0,1,0.08092737122547251,24
249,0,378,216,162,0,0,0,1.0,1,1.0,1,1.0,1,0.10839951985278404,25
250,0,378,216,162,0,0,0,1.0,1,1.0,1,1.0,1,0.09837599589036768,27
251,1,379,216,163,0,0,0,1.0,1,1.0,1,1.0,1,0.06164808103898265,27
252,2,381,218,163,0,0,0,1.0,1,1.0,1,1.0,1,0.07055833395349763,27
253,1,382,219,163,0,0,0,1.0,1,1.0,1,1.0,1,0.1352509063840013,29
254,4,386,222,164,0,0,0,1.0,1,1.0,1,1.0,1,0.12212757494670902,30
255,1,387,223,164,0,0,0,1.0,1,1.0,1,1.0,1,0.1571378661488402,31
256,3,390,225,165,0,0,0,1.0,1,1.0,1,1.0,1,0.12917966996561325,31
257,2,392,226,166,0,0,0,1.0,1,1.0,1,1.0,1,0.1090079337829827,33
258,1,393,227,166,0,0,0,1.0,1,1.0,1,1.0,1,0.12843237925753237,33
259,0,393,227,166,0,0,0,1.0,1,1.0,1,1.0,1,0.12843237925753237,33
260,3,396,229,167,0,0,0,1.0,1,1.0,1,1.0,1,0.10015739906960931,35
261,2,398,229,169,0,0,0,1.0,1,1.0,1,1.0,1,0.0499287552864924,35
262,0,398,229,169,0,0,0,1.0,1,1.0,1,1.0,1,0.0499287552864924,35
263,0,398,229,169,0,0,0,1.0,1,1.0,1,1.0,1,0.07958182514034001,34
264,0,398,229,169,0,0,0,1.0,1,1.0,1,1.0,1,0.10071752367791485,32
265,2,400,231,169,0,0,0,1.0,1,1.0,1,1.0,1,0.12002769741410382,30
266,3,403,232,171,0,0,0,1.0,1,1.0,1,1.0,1,0.07313285223066422,31
267,0,403,232,171,0,0,0,1.0,1,1.0,1,1.0,1,0.06913890219934665,30
268,2,405,233,172,0,0,0,1.0,1,1.0,1,1.0,1,0.07600468815117284,31
269,1,406,234,172,0,0,0,1.0,1,1.0,1,1.0,1,0.1066155483116758,31
270,1,407,235,172,0,0,0,1.0,1,1.0,1,1.0,1,0.175328716415659,32
271,1,408,235,173,0,0,0,1.0,1,1.0,1,1.0,1,0.18079947343508307,31
272,1,409,236,173,0,0,0,1.0,1,1.0,1,1.0,1,0.26584293671805936,32
273,1,410,236,174,0,0,0,1.0,1,1.0,1,1.0,1,0.24711856768822135,32
274,0,410,236,174,0,0,0,1.0,1,1.0,1,1.0,1,0.24711856768822135,32
275,1,411,237,174,0,0,0,1.0,1,1.0,1,1.0,1,0.2218441804318913,33
276,4,415,238,177,0,0,0,1.0,1,1.0,1,1.0,1,0.17094792818930643,34
277,1,416,239,177,0,0,0,1.0,1,1.0,1,1.0,1,0.11844385381373808,32
278,1,417,239,178,0,0,0,1.0,1,1.0,1,1.0,1,0.0723543319741342,31
279,0,417,239,178,0,0,0,1.0,1,1.0,1,1.0,1,0.043184878621508334,31
280,0,417,239,178,0,0,0,1.0,1,1.0,1,1.0,1,0.0407143682080801,30
281,0,417,239,178,0,0,0,1.0,1,1.0,1,1.0,1,0.012764055911040975,31
282,0,417,239,178,0,0,0,1.0,1,1.0,1,1.0,1,0.06248105073254423,30
283,1,418,240,178,0,0,0,1.0,1,1.0,1,1.0,1,0.06273795006550036,31
284,1,419,241,178,0,0,0,1.0,1,1.0,1,1.0,1,0.07452472814463262,31
285,2,421,243,178,0,0,0,1.0,1,1.0,1,1.0,1,0.1535933529331547,31
286,1,422,243,179,0,0,0,1.0,1,1.0,1,1.0,1,0.13605735730828503,31
287,1,423,244,179,0,0,0,1.0,1,1.0,1,1.0,1,0.20600872260683156,33
288,0,423,244,179,0,0,0,1.0,1,1.0,1,1.0,1,0.15508584795535468,32
289,0,423,244,179,0,0,0,1.0,1,1.0,1,1.0,1,0.14409035088435196,32
290,0,423,244,179,0,0,0,1.0,1,1.0,1,1.0,1,0.14022161191762786,31
291,4,427,245,182,0,0,0,1.0,1,1.0,1,1.0,1,0.1134695629509781,30
292,2,429,246,183,0,0,0,1.0,1,1.0,1,1.0,1,0.08535604118022405,32
293,0,429,246,183,0,0,0,1.0,1,1.0,1,1.0,1,0.08535604118022405,32
294,0,429,246,183,0,0,0,1.0,1,1.0,1,1.0,1,0.08535604118022405,32
295,1,430,246,184,0,0,0,1.0,1,1.0,1,1.0,1,0.08028392180085754,34
296,0,430,246,184,0,0,0,1.0,1,1.0,1,1.0,1,0.08028392180085754,34
297,0,430,246,184,0,0,0,1.0,1,1.0,1,1.0,1,0.08028392180085754,34
298,1,431,247,184,0,0,0,1.0,1,1.0,1,1.0,1,0.08182326998504098,35
299,0,431,247,184,0,0,0,1.0,1,1.0,1,1.0,1,0.11710353688316509,35
300,1,432,248,184,0,0,0,1.0,1,1.0,1,1.0,1,0.1462054383094719,35
301,4,436,249,187,0,0,0,1.0,1,1.0,1,1.0,1,0.0773028863097161,38
302,2,438,250,188,0,0,0,1.0,1,1.0,1,1.0,1,0.05149058107380435,38
303,1,439,251,188,0,0,0,1.0,1,1.0,1,1.0,1,0.0728748567922354,37
304,2,441,251,190,0,0,0,1.0,1,1.0,1,1.0,1,0.10673918459166824,37
305,1,442,252,190,0,0,0,1.0,1,1.0,1,1.0,1,0.15770079553797844,36
306,3,445,253,192,0,0,0,1.0,1,1.0,1,1.0,1,0.14386931863373986,36
307,0,445,253,192,0,0,0,1.0,1,1.0,1,1.0,1,0.15392678660954012,35
308,0,445,253,192,0,0,0,1.0,1,1.0,1,1.0,1,0.14380573953480819,37
309,0,445,253,192,0,0,0,1.0,1,1.0,1,1.0,1,0.14380573953480819,37
310,0,445,253,192,0,0,0,1.0,1,1.0,1,1.0,1,0.14380573953480819,37
311,2,447,254,193,0,0,0,1.0,1,1.0,1,1.0,1,0.09252976801476431,39
312,2,449,254,195,0,0,0,1.0,1,1.0,1,1.0,1,0.05846123752955679,40
313,0,449,254,195,0,0,0,1.0,1,1.0,1,1.0,1,0.05595096177587137,39
314,2,451,256,195,0,0,0,1.0,1,1.0,1,1.0,1,0.0864477625074724,40
315,1,452,257,195,0,0,0,1.0,1,1.0,1,1.0,1,0.09429512668651,39
316,0,452,257,195,0,0,0,1.0,1,1.0,1,1.0,1,0.09429512668651,39
317,2,454,257,197,0,0,0,1.0,1,1.0,1,1.0,1,0.02688682623608568,40
318,1,455,258,197,0,0,0,1.0,1,1.0,1,1.0,1,0.07377689845213772,41
319,1,456,259,197,0,0,0,1.0,1,1.0,1,1.0,1,0.034072343071700886,41
320,0,456,259,197,0,0,0,1.0,1,1.0,1,1.0,1,0.03402774844506852,41
321,1,457,260,197,0,0,0,1.0,1,1.0,1,1.0,1,0.051933830728016175,41
322,2,459,262,197,0,0,0,1.0,1,1.0,1,1.0,1,0.05520742023513512,41
323,0,459,262,197,0,0,0,1.0,1,1.0,1,1.0,1,0.05520742023513512,41
324,2,461,264,197,0,0,0,1.0,1,1.0,1,1.0,1,0.11329289533675818,42
325,1,462,265,197,0,0,0,1.0,1,1.0,1,1.0,1,0.15101519753419765,42
326,4,466,266,200,0,0,0,1.0,1,1.0,1,1.0,1,0.13983010572758733,42
327,1,467,266,201,0,0,0,1.0,1,1.0,1,1.0,1,0.12438482708110363,42
328,0,467,266,201,0,0,0,1.0,1,1.0,1,1.0,1,0.12684018643381803,43
329,0,467,266,201,0,0,0,1.0,1,1.0,1,1.0,1,0.12684018643381803,43
330,1,468,266,202,0,0,0,1.0,1,1.0,1,1.0,1,0.10997868762241933,45
331,0,468,266,202,0,0,0,1.0,1,1.0,1,1.0,1,0.10997868762241933,45
332,1,469,266,203,0,0,0,1.0,1,1.0,1,1.0,1,0.09169621241939337,45
333,1,470,266,204,0,0,0,1.0,1,1.0,1,1.0,1,0.08346017652820438,46
334,0,470,266,204,0,0,0,1.0,1,1.0,1,1.0,1,0.057468527114573245,48
335,1,471,267,204,0,0,0,1.0,1,1.0,1,1.0,1,0.08069841946769374,48
336,2,473,268,205,0,0,0,1.0,1,1.0,1,1.0,1,0.09665216931748606,48
337,1,474,268,206,0,0,0,1.0,1,1.0,1,1.0,1,0.10005883715039343,49
338,0,474,268,206,0,0,0,1.0,1,1.0,1,1.0,1,0.09193379230629337,50
339,1,475,269,206,0,0,0,1.0,1,1.0,1,1.0,1,0.11870562759941915,50
340,0,475,269,206,0,0,0,1.0,1,1.0,1,1.0,1,0.11870562759941915,50
341,1,476,269,207,0,0,0,1.0,1,1.0,1,1.0,1,0.11833500509303377,51
342,0,476,269,207,0,0,0,1.0,1,1.0,1,1.0,1,0.11833500509303377,51
343,1,477,270,207,0,0,0,1.0,1,1.0,1,1.0,1,0.0950455555403253,51
344,1,478,270,208,0,0,0,1.0,1,1.0,1,1.0,1,0.07058683188007192,50
345,0,478,270,208,0,0,0,1.0,1,1.0,1,1.0,1,0.08441279849395227,51
346,3,481,271,210,0,0,0,1.0,1,1.0,1,1.0,1,0.057822528123534445,51
347,5,486,276,210,0,0,0,1.0,1,1.0,1,1.0,1,0.08892901213916714,51
348,1,487,277,210,0,0,0,1.0,1,1.0,1,1.0,1,0.06839565415230027,53
349,2,489,278,211,0,0,0,1.0,1,1.0,1,1.0,1,0.07532414187814446,55
350,0,489,278,211,0,0,0,1.0,1,1.0,1,1.0,1,0.09451392720402738,54
351,3,492,280,212,0,0,0,1.0,1,1.0,1,1.0,1,0.06767926577667926,54
352,1,493,281,212,0,0,0,1.0,1,1.0,1,1.0,1,0.10385270925893776,53
353,2,495,283,212,0,0,0,1.0,1,1.0,1,1.0,1,0.09349517429388184,53
354,1,496,284,212,0,0,0,1.0,1,1.0,1,1.0,1,0.11501419864967463,50
355,1,497,285,212,0,0,0,1.0,1,1.0,1,1.0,1,0.12303286216789462,51
356,3,500,286,214,0,0,0,1.0,1,1.0,1,1.0,1,0.08152170061391219,51
357,3,503,289,214,0,0,0,1.0,1,1.0,1,1.0,1,0.11703734706075547,50
358,3,506,291,215,0,0,0,1.0,1,1.0,1,1.0,1,0.12279538907905428,48
359,1,507,292,215,0,0,0,1.0,1,1.0,1,1.0,1,0.13823947179899332,47
360,0,507,292,215,0,0,0,1.0,1,1.0,1,1.0,1,0.13269381847399989,45
361,1,508,292,216,0,0,0,1.0,1,1.0,1,1.0,1,0.1261907621416409,44
362,2,510,293,217,0,0,0,1.0,1,1.0,1,1.0,1,0.12258903876243238,44
363,3,513,296,217,0,0,0,1.0,1,1.0,1,1.0,1,0.1341738858591221,44
364,0,513,296,217,0,0,0,1.0,1,1.0,1,1.0,1,0.15098342541407053,43
365,4,517,299,218,0,0,0,1.0,1,1.0,1,1.0,1,0.1585626946593203,43
366,3,520,300,220,0,0,0,1.0,1,1.0,1,1.0,1,0.07691600150248121,45
367,1,521,301,220,0,0,0,1.0,1,1.0,1,1.0,1,0.14624280524623642,44
368,1,522,301,221,0,0,0,1.0,1,1.0,1,1.0,1,0.11148008033061786,46
369,1,523,302,221,0,0,0,1.0,1,1.0,1,1.0,1,0.16226885759147033,45
370,2,525,302,223,0,0,0,1.0,1,1.0,1,1.0,1,0.1139424551220064,46
371,1,526,302,224,0,0,0,1.0,1,1.0,1,1.0,1,0.12303682850744586,47
372,1,527,302,225,0,0,0,1.0,1,1.0,1,1.0,1,0.10585959176712281,48
373,0,527,302,225,0,0,0,1.0,1,1.0,1,1.0,1,0.10585959176712281,48
374,2,529,303,226,0,0,0,1.0,1,1.0,1,1.0,1,0.08819085187316489,49
375,0,529,303,226,0,0,0,1.0,1,1.0,1,1.0,1,0.08819085187316489,49
376,3,532,305,227,0,0,0,1.0,1,1.0,1,1.0,1,0.11692432584905448,49
377,5,537,309,228,0,0,0,1.0,1,1.0,1,1.0,1,0.11542136206698167,49
378,1,538,310,228,0,0,0,1.0,1,1.0,1,1.0,1,0.09402349206105723,49
379,1,539,310,229,0,0,0,1.0,1,1.0,1,1.0,1,0.09698112951363176,50
380,1,540,311,229,0,0,0,1.0,1,1.0,1,1.0,1,0.10003399161999492,50
381,3,543,312,231,0,0,0,1.0,1,1.0,1,1.0,1,0.054762744533381785,51
382,1,544,313,231,0,0,0,1.0,1,1.0,1,1.0,1,0.05980201211276534,50
383,1,545,313,232,0,0,0,1.0,1,1.0,1,1.0,1,0.06376675581041678,51
384,1,546,314,232,0,0,0,1.0,1,1.0,1,1.0,1,0.07189095199876382,50
385,0,546,314,232,0,0,0,1.0,1,1.0,1,1.0,1,0.08040666629878808,50
386,3,549,314,235,0,0,0,1.0,1,1.0,1,1.0,1,0.018765910950013637,48
387,0,549,314,235,0,0,0,1.0,1,1.0,1,1.0,1,0.04578224092931129,47
388,0,549,314,235,0,0,0,1.0,1,1.0,1,1.0,1,0.062390360579931935,48
389,1,550,315,235,0,0,0,1.0,1,1.0,1,1.0,1,0.08456254445874822,47
390,1,551,316,235,0,0,0,1.0,1,1.0,1,1.0,1,0.10139906522770231,49
391,3,554,318,236,0,0,0,1.0,1,1.0,1,1.0,1,0.10424362672453677,46
392,0,554,318,236,0,0,0,1.0,1,1.0,1,1.0,1,0.13402770913743006,46
393,4,558,322,236,0,0,0,1.0,1,1.0,1,1.0,1,0.18780790522662655,44
394,1,559,322,237,0,0,0,1.0,1,1.0,1,1.0,1,0.17733817923751252,43
395,0,559,322,237,0,0,0,1.0,1,1.0,1,1.0,1,0.19620613907518186,42
396,4,563,323,240,0,0,0,1.0,1,1.0,1,1.0,1,0.1933899089650166,39
397,1,564,324,240,0,0,0,1.0,1,1.0,1,1.0,1,0.2503496053796179,39
398,0,564,324,240,0,0,0,1.0,1,1.0,1,1.0,1,0.25268127426764714,36
399,0,564,324,240,0,0,0,1.0,1,1.0,1,1.0,1,0.25268127426764714,36
400,2,566,326,240,0,0,0,1.0,1,1.0,1,1.0,1,0.2506440152159034,34
401,3,569,327,242,0,0,0,1.0,1,1.0,1,1.0,1,0.17494756797453967,33
402,0,569,327,242,0,0,0,1.0,1,1.0,1,1.0,1,0.14240910502702925,34
403,1,570,327,243,0,0,0,1.0,1,1.0,1,1.0,1,0.1461018266021049,36
404,0,570,327,243,0,0,0,1.0,1,1.0,1,1.0,1,0.1461018266021049,36
405,0,570,327,243,0,0,0,1.0,1,1.0,1,1.0,1,0.13169503810226463,37
406,1,571,327,244,0,0,0,1.0,1,1.0,1,1.0,1,0.11488452272686851,37
407,4,575,330,245,0,0,0,1.0,1,1.0,1,1.0,1,0.09488501853253971,39
408,2,577,332,245,0,0,0,1.0,1,1.0,1,1.0,1,0.15194730430304923,40
409,6,583,334,249,0,0,0,1.0,1,1.0,1,1.0,1,0.21255648747078337,41
410,8,591,336,255,0,0,0,1.0,1,1.0,1,1.0,1,0.20678995972487915,42
411,3,594,336,258,0,0,0,1.0,1,1.0,1,1.0,1,0.18920246360719029,43
412,2,596,337,259,0,0,0,1.0,1,1.0,1,1.0,1,0.17466841966676738,44
413,1,597,338,259,0,0,0,1.0,1,1.0,1,1.0,1,0.19187690592067844,44
414,1,598,338,260,0,0,0,1.0,1,1.0,1,1.0,1,0.1656220214016584,45
415,0,598,338,260,0,0,0,1.0,1,1.0,1,1.0,1,0.1656220214016584,45
416,1,599,338,261,0,0,0,1.0,1,1.0,1,1.0,1,0.136185514034759,46
417,1,600,339,261,0,0,0,1.0,1,1.0,1,1.0,1,0.15624148509460084,46
418,1,601,339,262,0,0,0,1.0,1,1.0,1,1.0,1,0.13582390421985363,47
419,0,601,339,262,0,0,0,1.0,1,1.0,1,1.0,1,0.13582390421985363,47
420,0,601,339,262,0,0,0,1.0,1,1.0,1,1.0,1,0.13582390421985363,47
421,0,601,339,262,0,0,0,1.0,1,1.0,1,1.0,1,0.13582390421985363,47
422,0,601,339,262,0,0,0,1.0,1,1.0,1,1.0,1,0.12857021146609576,49
423,0,601,339,262,0,0,0,1.0,1,1.0,1,1.0,1,0.14037846996970205,47
424,1,602,339,263,0,0,0,1.0,1,1.0,1,1.0,1,0.14029044231537915,45
425,2,604,341,263,0,0,0,1.0,1,1.0,1,1.0,1,0.13461208781483514,46
426,2,606,342,264,0,0,0,1.0,1,1.0,1,1.0,1,0.1400331266816003,46
427,4,610,344,266,0,0,0,1.0,1,1.0,1,1.0,1,0.11416680053125453,45
428,1,611,344,267,0,0,0,1.0,1,1.0,1,1.0,1,0.10706118177244674,45
429,1,612,345,267,0,0,0,1.0,1,1.0,1,1.0,1,0.0774857432710997,42
430,0,612,345,267,0,0,0,1.0,1,1.0,1,1.0,1,0.10877484211685817,40
431,2,614,347,267,0,0,0,1.0,1,1.0,1,1.0,1,0.09954396844577225,39
432,1,615,347,268,0,0,0,1.0,1,1.0,1,1.0,1,0.07858407675136089,37
433,2,617,349,268,0,0,0,1.0,1,1.0,1,1.0,1,0.16318336934406857,35
434,1,618,350,268,0,0,0,1.0,1,1.0,1,1.0,1,0.22212737955837747,33
435,1,619,350,269,0,0,0,1.0,1,1.0,1,1.0,1,0.18269630511387064,33
436,3,622,350,272,0,0,0,1.0,1,1.0,1,1.0,1,0.10058972878231609,33
437,1,623,351,272,0,0,0,1.0,1,1.0,1,1.0,1,0.09835095719748868,33
438,1,624,351,273,0,0,0,1.0,1,1.0,1,1.0,1,0.06551961869110913,32
439,4,628,354,274,0,0,0,1.0,1,1.0,1,1.0,1,0.050147657284219174,34
440,1,629,355,274,0,0,0,1.0,1,1.0,1,1.0,1,0.07313196908887783,34
441,2,631,356,275,0,0,0,1.0,1,1.0,1,1.0,1,0.0864572441033747,35
442,3,634,359,275,0,0,0,1.0,1,1.0,1,1.0,1,0.15277246005739234,37
443,5,639,362,277,0,0,0,1.0,1,1.0,1,1.0,1,0.1615965802797592,37
444,2,641,363,278,0,0,0,1.0,1,1.0,1,1.0,1,0.09557077554314196,38
445,0,641,363,278,0,0,0,1.0,1,1.0,1,1.0,1,0.07302073095392198,39
446,0,641,363,278,0,0,0,1.0,1,1.0,1,1.0,1,0.07302073095392198,39
447,0,641,363,278,0,0,0,1.0,1,1.0,1,1.0,1,0.06348611679303659,41
448,0,641,363,278,0,0,0,1.0,1,1.0,1,1.0,1,0.06348611679303659,41
449,0,641,363,278,0,0,0,1.0,1,1.0,1,1.0,1,0.08223408522641705,40
450,0,641,363,278,0,0,0,1.0,1,1.0,1,1.0,1,0.04786190755897426,40
451,0,641,363,278,0,0,0,1.0,1,1.0,1,1.0,1,0.08719797740611089,41
452,0,641,363,278,0,0,0,1.0,1,1.0,1,1.0,1,0.08719797740611089,41
453,2,643,365,278,0,0,0,1.0,1,1.0,1,1.0,1,0.1176180918915477,40
454,0,643,365,278,0,0,0,1.0,1,1.0,1,1.0,1,0.10870280236059546,41
455,3,646,368,278,0,0,0,1.0,1,1.0,1,1.0,1,0.10462596060588328,41
456,2,648,368,280,0,0,0,1.0,1,1.0,1,1.0,1,0.06794307603076022,43
457,1,649,369,280,0,0,0,1.0,1,1.0,1,1.0,1,0.08350489580630324,43
458,1,650,370,280,0,0,0,1.0,1,1.0,1,1.0,1,0.07367560699109227,43
459,0,650,370,280,0,0,0,1.0,1,1.0,1,1.0,1,0.05421818011233893,44
460,1,651,370,281,0,0,0,1.0,1,1.0,1,1.0,1,0.05537808233734016,47
461,1,652,371,281,0,0,0,1.0,1,1.0,1,1.0,1,0.04715741457171553,48
462,0,652,371,281,0,0,0,1.0,1,1.0,1,1.0,1,0.05088730312957798,49
463,0,652,371,281,0,0,0,1.0,1,1.0,1,1.0,1,0.06326440341275469,47
464,1,653,372,281,0,0,0,1.0,1,1.0,1,1.0,1,0.030788969559593166,48
465,3,656,375,281,0,0,0,1.0,1,1.0,1,1.0,1,0.0858074874083316,47
466,4,660,378,282,0,0,0,1.0,1,1.0,1,1.0,1,0.07744282670328387,46
467,3,663,381,282,0,0,0,1.0,1,1.0,1,1.0,1,0.08013406041636253,44
468,4,667,384,283,0,0,0,1.0,1,1.0,1,1.0,1,0.10200890171033074,41
469,4,671,388,283,0,0,0,1.0,1,1.0,1,1.0,1,0.09409514539499991,40
470,2,673,390,283,0,0,0,1.0,1,1.0,1,1.0,1,0.10646251315402883,39
471,3,676,392,284,0,0,0,1.0,1,1.0,1,1.0,1,0.07959939309810743,38
472,2,678,393,285,0,0,0,1.0,1,1.0,1,1.0,1,0.06672905124549337,36
473,1,679,394,285,0,0,0,1.0,1,1.0,1,1.0,1,0.06289231254618266,36
474,1,680,395,285,0,0,0,1.0,1,1.0,1,1.0,1,0.10042504840107347,34
475,1,681,396,285,0,0,0,1.0,1,1.0,1,1.0,1,0.12405063421644037,34
476,2,683,397,286,0,0,0,1.0,1,1.0,1,1.0,1,0.1520292485122733,32
477,0,683,397,286,0,0,0,1.0,1,1.0,1,1.0,1,0.15226495580322014,32
478,1,684,398,286,0,0,0,1.0,1,1.0,1,1.0,1,0.16147293002919852,30
479,0,684,398,286,0,0,0,1.0,1,1.0,1,1.0,1,0.1755140908659411,31
480,0,684,398,286,0,0,0,1.0,1,1.0,1,1.0,1,0.17087989923586905,27
481,1,685,399,286,0,0,0,1.0,1,1.0,1,1.0,1,0.1429843977504343,28
482,3,688,401,287,0,0,0,1.0,1,1.0,1,1.0,1,0.1243121287178331,28
483,2,690,403,287,0,0,0,1.0,1,1.0,1,1.0,1,0.09657178597733995,29
484,1,691,404,287,0,0,0,1.0,1,1.0,1,1.0,1,0.1314692293293967,29
485,0,691,404,287,0,0,0,1.0,1,1.0,1,1.0,1,0.1314692293293967,29
486,3,694,405,289,0,0,0,1.0,1,1.0,1,1.0,1,0.06325891250997309,31
487,0,694,405,289,0,0,0,1.0,1,1.0,1,1.0,1,0.09526878018313005,33
488,1,695,405,290,0,0,0,1.0,1,1.0,1,1.0,1,0.06374416005124059,34
489,2,697,407,290,0,0,0,1.0,1,1.0,1,1.0,1,0.13740015559482724,34
490,0,697,407,290,0,0,0,1.0,1,1.0,1,1.0,1,0.13740015559482724,34
491,1,698,408,290,0,0,0,1.0,1,1.0,1,1.0,1,0.10330097897588165,34
492,0,698,408,290,0,0,0,1.0,1,1.0,1,1.0,1,0.10330097897588165,34
493,3,701,411,290,0,0,0,1.0,1,1.0,1,1.0,1,0.10168139682649634,34
494,1,702,412,290,0,0,0,1.0,1,1.0,1,1.0,1,0.12704413209669554,36
495,1,703,413,290,0,0,0,1.0,1,1.0,1,1.0,1,0.13683927395668222,36
496,1,704,413,291,0,0,0,1.0,1,1.0,1,1.0,1,0.08069210982147705,37
497,3,707,413,294,0,0,0,1.0,1,1.0,1,1.0,1,0.059066445675924104,39
498,2,709,414,295,0,0,0,1.0,1,1.0,1,1.0,1,0.04659739627886251,40
499,0,709,414,295,0,0,0,1.0,1,1.0,1,1.0,1,0.04659739627886251,40
500,0,709,414,295,0,0,0,1.0,1,1.0,1,1.0,1,0.052709562705053704,42
501,3,712,417,295,0,0,0,1.0,1,1.0,1,1.0,1,0.08089470078591321,42
502,1,713,417,296,0,0,0,1.0,1,1.0,1,1.0,1,0.049315990539996336,42
503,3,716,419,297,0,0,0,1.0,1,1.0,1,1.0,1,0.07661597092831263,41
504,0,716,419,297,0,0,0,1.0,1,1.0,1,1.0,1,0.09335570846794969,42
505,2,718,421,297,0,0,0,1.0,1,1.0,1,1.0,1,0.14473586554733606,38
506,1,719,421,298,0,0,0,1.0,1,1.0,1,1.0,1,0.1433275647264554,37
507,2,721,422,299,0,0,0,1.0,1,1.0,1,1.0,1,0.1305414133544997,35
508,2,723,424,299,0,0,0,1.0,1,1.0,1,1.0,1,0.16408556860351772,35
509,2,725,425,300,0,0,0,1.0,1,1.0,1,1.0,1,0.16428022063464032,34
510,0,725,425,300,0,0,0,1.0,1,1.0,1,1.0,1,0.177635613982272,34
511,1,726,426,300,0,0,0,1.0,1,1.0,1,1.0,1,0.12178635498817951,32
512,0,726,426,300,0,0,0,1.0,1,1.0,1,1.0,1,0.13742585958721365,30
513,1,727,427,300,0,0,0,1.0,1,1.0,1,1.0,1,0.11492877077763426,31
514,0,727,427,300,0,0,0,1.0,1,1.0,1,1.0,1,0.11492877077763426,31
515,1,728,427,301,0,0,0,1.0,1,1.0,1,1.0,1,0.08277539009428049,32
516,1,729,427,302,0,0,0,1.0,1,1.0,1,1.0,1,0.03583111602533681,31
517,1,730,428,302,0,0,0,1.0,1,1.0,1,1.0,1,0.037461799220071625,32
518,0,730,428,302,0,0,0,1.0,1,1.0,1,1.0,1,0.04892407146778003,31
519,2,732,430,302,0,0,0,1.0,1,1.0,1,1.0,1,0.08165449235214899,31
520,2,734,432,302,0,0,0,1.0,1,1.0,1,1.0,1,0.06915025906878136,33
521,1,735,433,302,0,0,0,1.0,1,1.0,1,1.0,1,0.06827913544493797,34
522,1,736,434,302,0,0,0,1.0,1,1.0,1,1.0,1,0.06388852567937606,34
523,0,736,434,302,0,0,0,1.0,1,1.0,1,1.0,1,0.06012154377879899,33
524,3,739,436,303,0,0,0,1.0,1,1.0,1,1.0,1,0.026727866600272793,34
525,0,739,436,303,0,0,0,1.0,1,1.0,1,1.0,1,0.024078611385584554,32
526,1,740,437,303,0,0,0,1.0,1,1.0,1,1.0,1,0.04776282590150351,32
527,0,740,437,303,0,0,0,1.0,1,1.0,1,1.0,1,0.04973412368201459,31
528,0,740,437,303,0,0,0,1.0,1,1.0,1,1.0,1,0.04973412368201459,31
529,0,740,437,303,0,0,0,1.0,1,1.0,1,1.0,1,0.07351790971287805,30
530,1,741,438,303,0,0,0,1.0,1,1.0,1,1.0,1,0.12297751951214606,30
531,1,742,439,303,0,0,0,1.0,1,1.0,1,1.0,1,0.13309202656429098,32
532,3,745,441,304,0,0,0,1.0,1,1.0,1,1.0,1,0.17614923026635984,32
533,5,750,444,306,0,0,0,1.0,1,1.0,1,1.0,1,0.1627305944578665,34
534,3,753,445,308,0,0,0,1.0,1,1.0,1,1.0,1,0.18159919292829757,34
535,6,759,446,313,0,0,0,1.0,1,1.0,1,1.0,1,0.20386034314232962,37
536,0,759,446,313,0,0,0,1.0,1,1.0,1,1.0,1,0.20386034314232962,37
537,1,760,447,313,0,0,0,1.0,1,1.0,1,1.0,1,0.23614351567087188,37
538,0,760,447,313,0,0,0,1.0,1,1.0,1,1.0,1,0.22154254157703318,38
539,0,760,447,313,0,0,0,1.0,1,1.0,1,1.0,1,0.22154254157703318,38
540,2,762,448,314,0,0,0,1.0,1,1.0,1,1.0,1,0.19439645497905655,38
541,0,762,448,314,0,0,0,1.0,1,1.0,1,1.0,1,0.1781277180780422,39
542,3,765,451,314,0,0,0,1.0,1,1.0,1,1.0,1,0.20954579739603532,40
543,0,765,451,314,0,0,0,1.0,1,1.0,1,1.0,1,0.22112172378023864,37
544,0,765,451,314,0,0,0,1.0,1,1.0,1,1.0,1,0.2223359485539295,35
545,2,767,453,314,0,0,0,1.0,1,1.0,1,1.0,1,0.18362354909564862,35
546,1,768,454,314,0,0,0,1.0,1,1.0,1,1.0,1,0.17815119010292116,35
547,2,770,456,314,0,0,0,1.0,1,1.0,1,1.0,1,0.1967460847843238,34
548,1,771,457,314,0,0,0,1.0,1,1.0,1,1.0,1,0.23347049720763488,34
549,1,772,458,314,0,0,0,1.0,1,1.0,1,1.0,1,0.26759195463034485,31
550,0,772,458,314,0,0,0,1.0,1,1.0,1,1.0,1,0.25382558933785204,30
551,2,774,460,314,0,0,0,1.0,1,1.0,1,1.0,1,0.22801935165494414,31
552,0,774,460,314,0,0,0,1.0,1,1.0,1,1.0,1,0.191299982456349,29
553,1,775,460,315,0,0,0,1.0,1,1.0,1,1.0,1,0.14785234173123843,30
554,0,775,460,315,0,0,0,1.0,1,1.0,1,1.0,1,0.13338222223234134,30
555,2,777,460,317,0,0,0,1.0,1,1.0,1,1.0,1,0.06464924118061795,30
556,0,777,460,317,0,0,0,1.0,1,1.0,1,1.0,1,0.048988800085576385,31
557,1,778,461,317,0,0,0,1.0,1,1.0,1,1.0,1,0.10120704450489443,31
558,2,780,462,318,0,0,0,1.0,1,1.0,1,1.0,1,0.09421157761097314,31
559,1,781,463,318,0,0,0,1.0,1,1.0,1,1.0,1,0.06882022965799532,31
560,2,783,464,319,0,0,0,1.0,1,1.0,1,1.0,1,0.08432723008112825,32
561,3,786,466,320,0,0,0,1.0,1,1.0,1,1.0,1,0.14621096983738757,33
562,1,787,467,320,0,0,0,1.0,1,1.0,1,1.0,1,0.1936658151832315,33
563,3,790,470,320,0,0,0,1.0,1,1.0,1,1.0,1,0.2559450979888691,33
564,1,791,470,321,0,0,0,1.0,1,1.0,1,1.0,1,0.23736154060517525,34
565,1,792,471,321,0,0,0,1.0,1,1.0,1,1.0,1,0.20885472944235497,35
566,3,795,473,322,0,0,0,1.0,1,1.0,1,1.0,1,0.15009230580271316,36
567,1,796,473,323,0,0,0,1.0,1,1.0,1,1.0,1,0.10500962717454186,37
568,4,800,476,324,0,0,0,1.0,1,1.0,1,1.0,1,0.07711946066803332,36
569,2,802,478,324,0,0,0,1.0,1,1.0,1,1.0,1,0.04466916173541908,37
570,0,802,478,324,0,0,0,1.0,1,1.0,1,1.0,1,0.03463975172561123,38
571,2,804,480,324,0,0,0,1.0,1,1.0,1,1.0,1,0.08053064032873923,38
572,0,804,480,324,0,0,0,1.0,1,1.0,1,1.0,1,0.06481330559691481,39
573,0,804,480,324,0,0,0,1.0,1,1.0,1,1.0,1,0.06481330559691481,39
574,0,804,480,324,0,0,0,1.0,1,1.0,1,1.0,1,0.04056822778387634,41
575,0,804,480,324,0,0,0,1.0,1,1.0,1,1.0,1,0.04056822778387634,41
576,0,804,480,324,0,0,0,1.0,1,1.0,1,1.0,1,0.030541340748621252,42
577,0,804,480,324,0,0,0,1.0,1,1.0,1,1.0,1,0.030541340748621252,42
578,1,805,481,324,0,0,0,1.0,1,1.0,1,1.0,1,0.029383173212835897,41
579,0,805,481,324,0,0,0,1.0,1,1.0,1,1.0,1,0.021358018801503422,42
580,2,807,483,324,0,0,0,1.0,1,1.0,1,1.0,1,0.0701450399378241,43
581,2,809,485,324,0,0,0,1.0,1,1.0,1,1.0,1,0.08390008524846836,42
582,0,809,485,324,0,0,0,1.0,1,1.0,1,1.0,1,0.07849906898749624,41
583,4,813,489,324,0,0,0,1.0,1,1.0,1,1.0,1,0.08016956048959922,40
584,0,813,489,324,0,0,0,1.0,1,1.0,1,1.0,1,0.08204357229158948,38
585,4,817,493,324,0,0,0,1.0,1,1.0,1,1.0,1,0.18832219854730942,38
586,5,822,496,326,0,0,0,1.0,1,1.0,1,1.0,1,0.1311290610195146,37
587,2,824,498,326,0,0,0,1.0,1,1.0,1,1.0,1,0.14330065342002882,35
588,2,826,500,326,0,0,0,1.0,1,1.0,1,1.0,1,0.14669681898443948,35
589,1,827,500,327,0,0,0,1.0,1,1.0,1,1.0,1,0.13707491182797613,34
590,0,827,500,327,0,0,0,1.0,1,1.0,1,1.0,1,0.12863522835604596,36
591,3,830,502,328,0,0,0,1.0,1,1.0,1,1.0,1,0.0658027505756073,35
592,1,831,502,329,0,0,0,1.0,1,1.0,1,1.0,1,0.04199404850494102,37
593,1,832,503,329,0,0,0,1.0,1,1.0,1,1.0,1,0.03159762977355159,36
594,1,833,504,329,0,0,0,1.0,1,1.0,1,1.0,1,0.07356344920493489,35
595,2,835,506,329,0,0,0,1.0,1,1.0,1,1.0,1,0.1267351049600201,34
596,3,838,507,331,0,0,0,1.0,1,1.0,1,1.0,1,0.10010482871786662,34
597,3,841,509,332,0,0,0,1.0,1,1.0,1,1.0,1,0.11807895069436046,33
598,1,842,509,333,0,0,0,1.0,1,1.0,1,1.0,1,0.1580762893779396,33
599,2,844,511,333,0,0,0,1.0,1,1.0,1,1.0,1,0.17376102559439457,33
600,2,846,512,334,0,0,0,1.0,1,1.0,1,1.0,1,0.1506128689041122,33
601,0,846,512,334,0,0,0,1.0,1,1.0,1,1.0,1,0.15283269110259629,34
602,0,846,512,334,0,0,0,1.0,1,1.0,1,1.0,1,0.1754972452827586,35
603,3,849,512,337,0,0,0,1.0,1,1.0,1,1.0,1,0.13182858071828943,35
604,0,849,512,337,0,0,0,1.0,1,1.0,1,1.0,1,0.10723497327245474,35
605,0,849,512,337,0,0,0,1.0,1,1.0,1,1.0,1,0.13794396336067447,35
606,2,851,512,339,0,0,0,1.0,1,1.0,1,1.0,1,0.0611350494171784,35
607,0,851,512,339,0,0,0,1.0,1,1.0,1,1.0,1,0.0611350494171784,35
608,1,852,512,340,0,0,0,1.0,1,1.0,1,1.0,1,0.05418362889291473,36
609,0,852,512,340,0,0,0,1.0,1,1.0,1,1.0,1,0.06919123239038853,37
610,0,852,512,340,0,0,0,1.0,1,1.0,1,1.0,1,0.06919123239038853,37
611,2,854,514,340,0,0,0,1.0,1,1.0,1,1.0,1,0.05235646019839288,39
612,1,855,515,340,0,0,0,1.0,1,1.0,1,1.0,1,0.07962417257258031,39
613,1,856,516,340,0,0,0,1.0,1,1.0,1,1.0,1,0.10967943644358523,39
614,1,857,517,340,0,0,0,1.0,1,1.0,1,1.0,1,0.15265237907011012,39
615,0,857,517,340,0,0,0,1.0,1,1.0,1,1.0,1,0.15265237907011012,39
616,2,859,518,341,0,0,0,1.0,1,1.0,1,1.0,1,0.2043747758864074,38
617,3,862,520,342,0,0,0,1.0,1,1.0,1,1.0,1,0.1729345599995592,39
618,1,863,521,342,0,0,0,1.0,1,1.0,1,1.0,1,0.21282244393889888,40
619,4,867,523,344,0,0,0,1.0,1,1.0,1,1.0,1,0.13943552722076885,39
620,1,868,524,344,0,0,0,1.0,1,1.0,1,1.0,1,0.11583464302111285,38
621,3,871,526,345,0,0,0,1.0,1,1.0,1,1.0,1,0.08239276948096605,38
622,2,873,528,345,0,0,0,1.0,1,1.0,1,1.0,1,0.024505147871771802,38
623,1,874,529,345,0,0,0,1.0,1,1.0,1,1.0,1,0.04162790074942433,37
624,3,877,532,345,0,0,0,1.0,1,1.0,1,1.0,1,0.07463697873800873,33
625,2,879,534,345,0,0,0,1.0,1,1.0,1,1.0,1,0.058717569118181726,32
626,2,881,536,345,0,0,0,1.0,1,1.0,1,1.0,1,0.08388349353802446,31
627,2,883,538,345,0,0,0,1.0,1,1.0,1,1.0,1,0.15615979140854133,30
628,4,887,541,346,0,0,0,1.0,1,1.0,1,1.0,1,0.13389831998950055,32
629,0,887,541,346,0,0,0,1.0,1,1.0,1,1.0,1,0.1168837352626507,29
630,1,888,542,346,0,0,0,1.0,1,1.0,1,1.0,1,0.15524643713088307,29
631,3,891,544,347,0,0,0,1.0,1,1.0,1,1.0,1,0.21235084884989236,25
632,1,892,544,348,0,0,0,1.0,1,1.0,1,1.0,1,0.2116217320004324,24
633,1,893,545,348,0,0,0,1.0,1,1.0,1,1.0,1,0.27610082944866937,23
634,0,893,545,348,0,0,0,1.0,1,1.0,1,1.0,1,0.27610082944866937,23
635,0,893,545,348,0,0,0,1.0,1,1.0,1,1.0,1,0.3129722399930761,22
636,5,898,546,352,0,0,0,1.0,1,1.0,1,1.0,1,0.19000069019458682,22
637,0,898,546,352,0,0,0,1.0,1,1.0,1,1.0,1,0.20827940514918356,23
638,1,899,547,352,0,0,0,1.0,1,1.0,1,1.0,1,0.23188078114439703,23
639,0,899,547,352,0,0,0,1.0,1,1.0,1,1.0,1,0.23252769835634382,24
640,2,901,549,352,0,0,0,1.0,1,1.0,1,1.0,1,0.2358290284505577,24
641,1,902,549,353,0,0,0,1.0,1,1.0,1,1.0,1,0.24183777758487723,25
642,0,902,549,353,0,0,0,1.0,1,1.0,1,1.0,1,0.19965496738817284,26
643,1,903,549,354,0,0,0,1.0,1,1.0,1,1.0,1,0.12676770936265264,28
644,2,905,550,355,0,0,0,1.0,1,1.0,1,1.0,1,0.0712310864374535,28
645,2,907,551,356,0,0,0,1.0,1,1.0,1,1.0,1,0.03217613869086466,28
646,0,907,551,356,0,0,0,1.0,1,1.0,1,1.0,1,0.05438968506616073,29
647,1,908,552,356,0,0,0,1.0,1,1.0,1,1.0,1,0.07857541340708982,30
648,1,909,553,356,0,0,0,1.0,1,1.0,1,1.0,1,0.04539479464839449,30
649,1,910,554,356,0,0,0,1.0,1,1.0,1,1.0,1,0.09870974288407809,31
650,1,911,555,356,0,0,0,1.0,1,1.0,1,1.0,1,0.09265934828049463,31
651,0,911,555,356,0,0,0,1.0,1,1.0,1,1.0,1,0.10641415344751949,32
652,1,912,556,356,0,0,0,1.0,1,1.0,1,1.0,1,0.09357364551409043,32
653,0,912,556,356,0,0,0,1.0,1,1.0,1,1.0,1,0.10479708599981309,33
654,2,914,558,356,0,0,0,1.0,1,1.0,1,1.0,1,0.09205578594071576,33
655,1,915,559,356,0,0,0,1.0,1,1.0,1,1.0,1,0.09679617648086755,36
656,1,916,560,356,0,0,0,1.0,1,1.0,1,1.0,1,0.12760093080772764,36
657,2,918,561,357,0,0,0,1.0,1,1.0,1,1.0,1,0.11214290697510186,35
658,1,919,562,357,0,0,0,1.0,1,1.0,1,1.0,1,0.1546911829876058,33
659,2,921,564,357,0,0,0,1.0,1,1.0,1,1.0,1,0.20740949823560995,35
660,1,922,565,357,0,0,0,1.0,1,1.0,1,1.0,1,0.15606679298284468,34
661,3,925,566,359,0,0,0,1.0,1,1.0,1,1.0,1,0.12799833310360814,33
662,1,926,567,359,0,0,0,1.0,1,1.0,1,1.0,1,0.10464359862820277,31
663,2,928,568,360,0,0,0,1.0,1,1.0,1,1.0,1,0.12531553298529985,29
664,0,928,568,360,0,0,0,1.0,1,1.0,1,1.0,1,0.11392188840146467,27
665,1,929,569,360,0,0,0,1.0,1,1.0,1,1.0,1,0.13908831571334782,27
666,2,931,569,362,0,0,0,1.0,1,1.0,1,1.0,1,0.0866617144825373,28
667,0,931,569,362,0,0,0,1.0,1,1.0,1,1.0,1,0.07545821996000839,26
668,2,933,570,363,0,0,0,1.0,1,1.0,1,1.0,1,0.11765395248303974,26
669,3,936,573,363,0,0,0,1.0,1,1.0,1,1.0,1,0.12944293511625937,25
670,0,936,573,363,0,0,0,1.0,1,1.0,1,1.0,1,0.1577545997214383,24
671,1,937,573,364,0,0,0,1.0,1,1.0,1,1.0,1,0.10163879472614387,24
672,1,938,574,364,0,0,0,1.0,1,1.0,1,1.0,1,0.17660545980131923,25
673,2,940,575,365,0,0,0,1.0,1,1.0,1,1.0,1,0.15128626832820977,25
674,1,941,575,366,0,0,0,1.0,1,1.0,1,1.0,1,0.0898250319863964,25
675,1,942,576,366,0,0,0,1.0,1,1.0,1,1.0,1,0.13756300366969199,26
676,4,946,579,367,0,0,0,1.0,1,1.0,1,1.0,1,0.06849370693123606,27
677,1,947,580,367,0,0,0,1.0,1,1.0,1,1.0,1,0.12968959879797134,28
678,0,947,580,367,0,0,0,1.0,1,1.0,1,1.0,1,0.12968959879797134,28
679,2,949,582,367,0,0,0,1.0,1,1.0,1,1.0,1,0.1155298660620231,30
680,0,949,582,367,0,0,0,1.0,1,1.0,1,1.0,1,0.15393286288634567,29
681,0,949,582,367,0,0,0,1.0,1,1.0,1,1.0,1,0.15393286288634567,29
682,0,949,582,367,0,0,0,1.0,1,1.0,1,1.0,1,0.14496007550796244,30
683,0,949,582,367,0,0,0,1.0,1,1.0,1,1.0,1,0.14496007550796244,30
684,1,950,582,368,0,0,0,1.0,1,1.0,1,1.0,1,0.11669415861295455,31
685,0,950,582,368,0,0,0,1.0,1,1.0,1,1.0,1,0.09573942513349414,30
686,3,953,585,368,0,0,0,1.0,1,1.0,1,1.0,1,0.04549063631303008,30
687,1,954,586,368,0,0,0,1.0,1,1.0,1,1.0,1,0.028244192176481806,30
688,0,954,586,368,0,0,0,1.0,1,1.0,1,1.0,1,0.04948688191152232,31
689,1,955,587,368,0,0,0,1.0,1,1.0,1,1.0,1,0.08644121448153808,32
690,0,955,587,368,0,0,0,1.0,1,1.0,1,1.0,1,0.08644121448153808,32
691,1,956,588,368,0,0,0,1.0,1,1.0,1,1.0,1,0.13875147447900094,32
692,3,959,591,368,0,0,0,1.0,1,1.0,1,1.0,1,0.18247137012028236,32
693,1,960,592,368,0,0,0,1.0,1,1.0,1,1.0,1,0.16847366255116705,34
694,2,962,594,368,0,0,0,1.0,1,1.0,1,1.0,1,0.22292127313936605,36
695,1,963,595,368,0,0,0,1.0,1,1.0,1,1.0,1,0.22843133380972927,34
696,3,966,595,371,0,0,0,1.0,1,1.0,1,1.0,1,0.13074382901649326,33
697,0,966,595,371,0,0,0,1.0,1,1.0,1,1.0,1,0.13167633824681585,33
698,3,969,597,372,0,0,0,1.0,1,1.0,1,1.0,1,0.17670238922317577,34
699,0,969,597,372,0,0,0,1.0,1,1.0,1,1.0,1,0.15914800310326613,33
700,1,970,598,372,0,0,0,1.0,1,1.0,1,1.0,1,0.1235043073321274,32
701,1,971,598,373,0,0,0,1.0,1,1.0,1,1.0,1,0.09951649759100116,33
702,1,972,599,373,0,0,0,1.0,1,1.0,1,1.0,1,0.11927681161516578,34
703,2,974,601,373,0,0,0,1.0,1,1.0,1,1.0,1,0.1246944920196296,32
704,0,974,601,373,0,0,0,1.0,1,1.0,1,1.0,1,0.0974412954506982,31
705,2,976,603,373,0,0,0,1.0,1,1.0,1,1.0,1,0.08971895462977768,33
706,3,979,604,375,0,0,0,1.0,1,1.0,1,1.0,1,0.02322463158819058,33
707,1,980,605,375,0,0,0,1.0,1,1.0,1,1.0,1,0.09186257635536156,31
708,1,981,606,375,0,0,0,1.0,1,1.0,1,1.0,1,0.11486451943843275,31
709,1,982,607,375,0,0,0,1.0,1,1.0,1,1.0,1,0.15989712221358252,30
710,1,983,607,376,0,0,0,1.0,1,1.0,1,1.0,1,0.13912384865312682,30
711,0,983,607,376,0,0,0,1.0,1,1.0,1,1.0,1,0.12347017019196183,30
712,0,983,607,376,0,0,0,1.0,1,1.0,1,1.0,1,0.12366644345022149,30
713,1,984,607,377,0,0,0,1.0,1,1.0,1,1.0,1,0.1267785650260214,31
714,1,985,608,377,0,0,0,1.0,1,1.0,1,1.0,1,0.10092977009058549,31
715,1,986,608,378,0,0,0,1.0,1,1.0,1,1.0,1,0.07241985346611496,30
716,0,986,608,378,0,0,0,1.0,1,1.0,1,1.0,1,0.04635890491834817,31
717,0,986,608,378,0,0,0,1.0,1,1.0,1,1.0,1,0.06255733484502642,32
718,3,989,610,379,0,0,0,1.0,1,1.0,1,1.0,1,0.12886218043784944,32
719,2,991,612,379,0,0,0,1.0,1,1.0,1,1.0,1,0.12347888884001898,32
720,0,991,612,379,0,0,0,1.0,1,1.0,1,1.0,1,0.10346379854251408,34
721,1,992,613,379,0,0,0,1.0,1,1.0,1,1.0,1,0.13903463899736904,34
722,0,992,613,379,0,0,0,1.0,1,1.0,1,1.0,1,0.13903463899736904,34
723,1,993,613,380,0,0,0,1.0,1,1.0,1,1.0,1,0.13994011111297483,35
724,1,994,613,381,0,0,0,1.0,1,1.0,1,1.0,1,0.12944251542508917,36
725,0,994,613,381,0,0,0,1.0,1,1.0,1,1.0,1,0.14540385743699116,37
726,1,995,613,382,0,0,0,1.0,1,1.0,1,1.0,1,0.1274846200950815,37
727,0,995,613,382,0,0,0,1.0,1,1.0,1,1.0,1,0.14350015133218788,38
728,2,997,613,384,0,0,0,1.0,1,1.0,1,1.0,1,0.12334192299145733,39
729,0,997,613,384,0,0,0,1.0,1,1.0,1,1.0,1,0.12334192299145733,39
730,0,997,613,384,0,0,0,1.0,1,1.0,1,1.0,1,0.11605182490886592,40
731,1,998,614,384,0,0,0,1.0,1,1.0,1,1.0,1,0.14194487461584604,40
732,1,999,614,385,0,0,0,1.0,1,1.0,1,1.0,1,0.1518438995181898,41
733,3,1002,616,386,0,0,0,1.0,1,1.0,1,1.0,1,0.1627332474640849,41
734,0,1002,616,386,0,0,0,1.0,1,1.0,1,1.0,1,0.154155381168874,42
735,1,1003,617,386,0,0,0,1.0,1,1.0,1,1.0,1,0.13964073404416913,42
736,1,1004,617,387,0,0,0,1.0,1,1.0,1,1.0,1,0.11829200484218041,41
737,1,1005,618,387,0,0,0,1.0,1,1.0,1,1.0,1,0.16623836713460766,41
738,0,1005,618,387,0,0,0,1.0,1,1.0,1,1.0,1,0.14821033627434907,39
739,1,1006,619,387,0,0,0,1.0,1,1.0,1,1.0,1,0.1181011338092638,39
740,0,1006,619,387,0,0,0,1.0,1,1.0,1,1.0,1,0.1256223676761415,39
741,1,1007,619,388,0,0,0,1.0,1,1.0,1,1.0,1,0.10296245130113134,38
742,0,1007,619,388,0,0,0,1.0,1,1.0,1,1.0,1,0.10779969227779959,39
743,1,1008,620,388,0,0,0,1.0,1,1.0,1,1.0,1,0.10105270822819618,39
744,3,1011,623,388,0,0,0,1.0,1,1.0,1,1.0,1,0.08752745290501607,39
745,3,1014,626,388,0,0,0,1.0,1,1.0,1,1.0,1,0.11848466049885513,39
746,4,1018,629,389,0,0,0,1.0,1,1.0,1,1.0,1,0.11279563724756134,40
747,1,1019,630,389,0,0,0,1.0,1,1.0,1,1.0,1,0.11496751548686528,41
748,0,1019,630,389,0,0,0,1.0,1,1.0,1,1.0,1,0.11496751548686528,41
749,0,1019,630,389,0,0,0,1.0,1,1.0,1,1.0,1,0.11496751548686528,41
750,3,1022,633,389,0,0,0,1.0,1,1.0,1,1.0,1,0.14378828608804822,39
751,3,1025,635,390,0,0,0,1.0,1,1.0,1,1.0,1,0.093267664146127,41
752,3,1028,638,390,0,0,0,1.0,1,1.0,1,1.0,1,0.16674919843015806,41
753,3,1031,638,393,0,0,0,1.0,1,1.0,1,1.0,1,0.16351564179464195,41
754,3,1034,640,394,0,0,0,1.0,1,1.0,1,1.0,1,0.19343147095168794,41
755,1,1035,640,395,0,0,0,1.0,1,1.0,1,1.0,1,0.21112244054231158,41
756,2,1037,640,397,0,0,0,1.0,1,1.0,1,1.0,1,0.1837563955689042,41
757,1,1038,641,397,0,0,0,1.0,1,1.0,1,1.0,1,0.23461029251058613,39
758,1,1039,641,398,0,0,0,1.0,1,1.0,1,1.0,1,0.20910218147185675,39
759,1,1040,641,399,0,0,0,1.0,1,1.0,1,1.0,1,0.1817677390068082,39
760,0,1040,641,399,0,0,0,1.0,1,1.0,1,1.0,1,0.20012758922248422,40
761,0,1040,641,399,0,0,0,1.0,1,1.0,1,1.0,1,0.18876061689705645,41
762,0,1040,641,399,0,0,0,1.0,1,1.0,1,1.0,1,0.19068990484633033,42
763,0,1040,641,399,0,0,0,1.0,1,1.0,1,1.0,1,0.20480532750579253,43
764,2,1042,641,401,0,0,0,1.0,1,1.0,1,1.0,1,0.18166549586102207,43
765,4,1046,641,405,0,0,0,1.0,1,1.0,1,1.0,1,0.10176018043664153,45
766,2,1048,642,406,0,0,0,1.0,1,1.0,1,1.0,1,0.09682826511284974,45
767,0,1048,642,406,0,0,0,1.0,1,1.0,1,1.0,1,0.10021225599743487,46
768,0,1048,642,406,0,0,0,1.0,1,1.0,1,1.0,1,0.09157537397984261,45
769,1,1049,643,406,0,0,0,1.0,1,1.0,1,1.0,1,0.1313702659613825,46
770,0,1049,643,406,0,0,0,1.0,1,1.0,1,1.0,1,0.11766287149743823,47
771,3,1052,646,406,0,0,0,1.0,1,1.0,1,1.0,1,0.13281536689276405,47
772,0,1052,646,406,0,0,0,1.0,1,1.0,1,1.0,1,0.12230458659521447,46
773,2,1054,648,406,0,0,0,1.0,1,1.0,1,1.0,1,0.09723004051869406,45
774,0,1054,648,406,0,0,0,1.0,1,1.0,1,1.0,1,0.07438188361728347,45
775,2,1056,650,406,0,0,0,1.0,1,1.0,1,1.0,1,0.10887657731468973,45
776,1,1057,650,407,0,0,0,1.0,1,1.0,1,1.0,1,0.08913110909399706,43
777,0,1057,650,407,0,0,0,1.0,1,1.0,1,1.0,1,0.10251008427061717,44
778,2,1059,652,407,0,0,0,1.0,1,1.0,1,1.0,1,0.14225585245802147,45
779,0,1059,652,407,0,0,0,1.0,1,1.0,1,1.0,1,0.14225585245802147,45
780,2,1061,654,407,0,0,0,1.0,1,1.0,1,1.0,1,0.20542785878562708,45
781,0,1061,654,407,0,0,0,1.0,1,1.0,1,1.0,1,0.19144925856707448,46
782,1,1062,654,408,0,0,0,1.0,1,1.0,1,1.0,1,0.215747701379252,47
783,1,1063,654,409,0,0,0,1.0,1,1.0,1,1.0,1,0.19496374910336414,46
784,0,1063,654,409,0,0,0,1.0,1,1.0,1,1.0,1,0.20243073424814623,45
785,0,1063,654,409,0,0,0,1.0,1,1.0,1,1.0,1,0.20035059468199404,43
786,1,1064,654,410,0,0,0,1.0,1,1.0,1,1.0,1,0.17018500463230202,43
787,2,1066,655,411,0,0,0,1.0,1,1.0,1,1.0,1,0.13342514245415876,43
788,1,1067,655,412,0,0,0,1.0,1,1.0,1,1.0,1,0.11910793017870001,44
789,1,1068,656,412,0,0,0,1.0,1,1.0,1,1.0,1,0.08684427274237733,46
790,2,1070,658,412,0,0,0,1.0,1,1.0,1,1.0,1,0.14697972620369343,46
791,2,1072,658,414,0,0,0,1.0,1,1.0,1,1.0,1,0.1548985358726092,46
792,1,1073,659,414,0,0,0,1.0,1,1.0,1,1.0,1,0.17636432331545335,47
793,1,1074,659,415,0,0,0,1.0,1,1.0,1,1.0,1,0.18098992260812688,48
794,3,1077,659,418,0,0,0,1.0,1,1.0,1,1.0,1,0.16979287855397546,48
795,1,1078,659,419,0,0,0,1.0,1,1.0,1,1.0,1,0.1695208464482072,47
796,2,1080,659,421,0,0,0,1.0,1,1.0,1,1.0,1,0.18602268662355756,45
797,1,1081,659,422,0,0,0,1.0,1,1.0,1,1.0,1,0.17772570299784304,47
798,3,1084,659,425,0,0,0,1.0,1,1.0,1,1.0,1,0.16276935277177354,48
799,0,1084,659,425,0,0,0,1.0,1,1.0,1,1.0,1,0.16276935277177354,48
800,1,1085,660,425,0,0,0,1.0,1,1.0,1,1.0,1,0.18495505897279155,48
801,2,1087,661,426,0,0,0,1.0,1,1.0,1,1.0,1,0.1537849115758128,49
802,5,1092,663,429,0,0,0,1.0,1,1.0,1,1.0,1,0.1781950902863049,50
803,0,1092,663,429,0,0,0,1.0,1,1.0,1,1.0,1,0.1781950902863049,50
804,0,1092,663,429,0,0,0,1.0,1,1.0,1,1.0,1,0.1781950902863049,50
805,1,1093,664,429,0,0,0,1.0,1,1.0,1,1.0,1,0.19724786170016076,50
806,3,1096,664,432,0,0,0,1.0,1,1.0,1,1.0,1,0.15875456799907467,51
807,0,1096,664,432,0,0,0,1.0,1,1.0,1,1.0,1,0.15875456799907467,51
808,0,1096,664,432,0,0,0,1.0,1,1.0,1,1.0,1,0.16705678702864324,53
809,1,1097,664,433,0,0,0,1.0,1,1.0,1,1.0,1,0.1132766862125828,51
810,1,1098,664,434,0,0,0,1.0,1,1.0,1,1.0,1,0.11353084162253269,52
811,2,1100,666,434,0,0,0,1.0,1,1.0,1,1.0,1,0.1623364717404918,50
812,1,1101,666,435,0,0,0,1.0,1,1.0,1,1.0,1,0.14231186150555966,51
813,4,1105,668,437,0,0,0,1.0,1,1.0,1,1.0,1,0.17369262780118172,51
814,2,1107,668,439,0,0,0,1.0,1,1.0,1,1.0,1,0.15474778724876354,52
815,2,1109,669,440,0,0,0,1.0,1,1.0,1,1.0,1,0.14169805866805585,50
816,2,1111,670,441,0,0,0,1.0,1,1.0,1,1.0,1,0.11507324442867656,50
817,1,1112,671,441,0,0,0,1.0,1,1.0,1,1.0,1,0.1367381574183234,49
818,0,1112,671,441,0,0,0,1.0,1,1.0,1,1.0,1,0.13618976583560596,49
819,0,1112,671,441,0,0,0,1.0,1,1.0,1,1.0,1,0.1313420796901576,50
820,0,1112,671,441,0,0,0,1.0,1,1.0,1,1.0,1,0.15163743877675948,49
821,2,1114,672,442,0,0,0,1.0,1,1.0,1,1.0,1,0.1724509378417718,49
822,1,1115,672,443,0,0,0,1.0,1,1.0,1,1.0,1,0.1624042802796216,49
823,1,1116,672,444,0,0,0,1.0,1,1.0,1,1.0,1,0.17193074888834625,47
824,0,1116,672,444,0,0,0,1.0,1,1.0,1,1.0,1,0.1756074662168639,45
825,1,1117,673,444,0,0,0,1.0,1,1.0,1,1.0,1,0.1822609241454737,43
826,3,1120,673,447,0,0,0,1.0,1,1.0,1,1.0,1,0.14042010624917164,44
827,0,1120,673,447,0,0,0,1.0,1,1.0,1,1.0,1,0.16844059459969343,43
828,1,1121,674,447,0,0,0,1.0,1,1.0,1,1.0,1,0.18761015608461187,43
829,2,1123,675,448,0,0,0,1.0,1,1.0,1,1.0,1,0.18349921487054663,45
830,1,1124,675,449,0,0,0,1.0,1,1.0,1,1.0,1,0.17373380104972794,46
831,3,1127,676,451,0,0,0,1.0,1,1.0,1,1.0,1,0.13491442060324435,48
832,0,1127,676,451,0,0,0,1.0,1,1.0,1,1.0,1,0.1448067489801211,47
833,2,1129,677,452,0,0,0,1.0,1,1.0,1,1.0,1,0.1342329232402145,47
834,0,1129,677,452,0,0,0,1.0,1,1.0,1,1.0,1,0.1558840663743162,46
835,0,1129,677,452,0,0,0,1.0,1,1.0,1,1.0,1,0.16333603195392218,45
836,3,1132,677,455,0,0,0,1.0,1,1.0,1,1.0,1,0.14715151644743457,46
837,2,1134,678,456,0,0,0,1.0,1,1.0,1,1.0,1,0.12676221148154018,46
838,1,1135,678,457,0,0,0,1.0,1,1.0,1,1.0,1,0.11529991821262955,45
839,0,1135,678,457,0,0,0,1.0,1,1.0,1,1.0,1,0.13203656813795134,46
840,1,1136,678,458,0,0,0,1.0,1,1.0,1,1.0,1,0.13439053483869776,46
841,2,1138,678,460,0,0,0,1.0,1,1.0,1,1.0,1,0.11328746670083759,46
842,2,1140,679,461,0,0,0,1.0,1,1.0,1,1.0,1,0.12061285662127634,46
843,3,1143,680,463,0,0,0,1.0,1,1.0,1,1.0,1,0.12913572365672615,46
844,0,1143,680,463,0,0,0,1.0,1,1.0,1,1.0,1,0.13073821115271,47
845,4,1147,682,465,0,0,0,1.0,1,1.0,1,1.0,1,0.1801438794809321,48
846,2,1149,682,467,0,0,0,1.0,1,1.0,1,1.0,1,0.15060589327243515,47
847,1,1150,682,468,0,0,0,1.0,1,1.0,1,1.0,1,0.1390371047389136,48
848,3,1153,683,470,0,0,0,1.0,1,1.0,1,1.0,1,0.12090393051698539,48
849,0,1153,683,470,0,0,0,1.0,1,1.0,1,1.0,1,0.1221769096304558,48
850,0,1153,683,470,0,0,0,1.0,1,1.0,1,1.0,1,0.12656838272270143,46
851,1,1154,683,471,0,0,0,1.0,1,1.0,1,1.0,1,0.1068620104319783,45
852,0,1154,683,471,0,0,0,1.0,1,1.0,1,1.0,1,0.10287110959530761,44
853,1,1155,684,471,0,0,0,1.0,1,1.0,1,1.0,1,0.10097611066609413,44
854,3,1158,686,472,0,0,0,1.0,1,1.0,1,1.0,1,0.08889121154672777,45
855,0,1158,686,472,0,0,0,1.0,1,1.0,1,1.0,1,0.068177504343621,46
856,2,1160,687,473,0,0,0,1.0,1,1.0,1,1.0,1,0.044115451581265765,46
857,1,1161,688,473,0,0,0,1.0,1,1.0,1,1.0,1,0.055153219465280734,47
858,0,1161,688,473,0,0,0,1.0,1,1.0,1,1.0,1,0.05027484133293646,48
859,2,1163,689,474,0,0,0,1.0,1,1.0,1,1.0,1,0.05766251464243258,48
860,0,1163,689,474,0,0,0,1.0,1,1.0,1,1.0,1,0.07219794553602693,49
861,2,1165,690,475,0,0,0,1.0,1,1.0,1,1.0,1,0.05909672104247011,49
862,0,1165,690,475,0,0,0,1.0,1,1.0,1,1.0,1,0.05909672104247011,49
863,1,1166,691,475,0,0,0,1.0,1,1.0,1,1.0,1,0.0726694404659652,48
864,0,1166,691,475,0,0,0,1.0,1,1.0,1,1.0,1,0.07487742938478685,49
865,1,1167,692,475,0,0,0,1.0,1,1.0,1,1.0,1,0.11079963382022207,48
866,3,1170,693,477,0,0,0,1.0,1,1.0,1,1.0,1,0.04702921050626951,50
867,2,1172,694,478,0,0,0,1.0,1,1.0,1,1.0,1,0.05680827731849473,50
868,1,1173,695,478,0,0,0,1.0,1,1.0,1,1.0,1,0.02192498922508627,51
869,0,1173,695,478,0,0,0,1.0,1,1.0,1,1.0,1,0.05569639555136979,49
870,1,1174,696,478,0,0,0,1.0,1,1.0,1,1.0,1,0.06563340637261295,49
871,3,1177,697,480,0,0,0,1.0,1,1.0,1,1.0,1,0.08274532361050035,49
872,0,1177,697,480,0,0,0,1.0,1,1.0,1,1.0,1,0.10520433850037055,48
873,2,1179,699,480,0,0,0,1.0,1,1.0,1,1.0,1,0.11606809263566636,49
874,1,1180,700,480,0,0,0,1.0,1,1.0,1,1.0,1,0.11646443876447062,49
875,2,1182,700,482,0,0,0,1.0,1,1.0,1,1.0,1,0.09327220834608208,50
876,4,1186,702,484,0,0,0,1.0,1,1.0,1,1.0,1,0.09138319290357841,50
877,1,1187,703,484,0,0,0,1.0,1,1.0,1,1.0,1,0.10311817994448756,50
878,2,1189,704,485,0,0,0,1.0,1,1.0,1,1.0,1,0.12685420547570792,49
879,2,1191,705,486,0,0,0,1.0,1,1.0,1,1.0,1,0.11788906771876181,49
880,1,1192,706,486,0,0,0,1.0,1,1.0,1,1.0,1,0.1372525573896603,48
881,5,1197,708,489,0,0,0,1.0,1,1.0,1,1.0,1,0.10617889670771806,49
882,0,1197,708,489,0,0,0,1.0,1,1.0,1,1.0,1,0.10233127014020331,48
883,2,1199,709,490,0,0,0,1.0,1,1.0,1,1.0,1,0.10568613704376488,50
884,0,1199,709,490,0,0,0,1.0,1,1.0,1,1.0,1,0.10447547865189684,50
885,3,1202,711,491,0,0,0,1.0,1,1.0,1,1.0,1,0.09976277709078607,49
886,3,1205,711,494,0,0,0,1.0,1,1.0,1,1.0,1,0.06876237527014659,49
887,2,1207,713,494,0,0,0,1.0,1,1.0,1,1.0,1,0.1219168257507979,49
888,0,1207,713,494,0,0,0,1.0,1,1.0,1,1.0,1,0.09227357065721409,47
889,1,1208,714,494,0,0,0,1.0,1,1.0,1,1.0,1,0.13398041449028253,46
890,0,1208,714,494,0,0,0,1.0,1,1.0,1,1.0,1,0.10228780821132459,44
891,2,1210,714,496,0,0,0,1.0,1,1.0,1,1.0,1,0.07053732699434406,45
892,1,1211,715,496,0,0,0,1.0,1,1.0,1,1.0,1,0.09203253486214422,45
893,0,1211,715,496,0,0,0,1.0,1,1.0,1,1.0,1,0.09203253486214422,45
894,0,1211,715,496,0,0,0,1.0,1,1.0,1,1.0,1,0.08157015604057267,44
895,2,1213,717,496,0,0,0,1.0,1,1.0,1,1.0,1,0.08903763555381637,45
896,2,1215,718,497,0,0,0,1.0,1,1.0,1,1.0,1,0.06510738187361725,44
897,0,1215,718,497,0,0,0,1.0,1,1.0,1,1.0,1,0.06510738187361725,44
898,1,1216,719,497,0,0,0,1.0,1,1.0,1,1.0,1,0.04981360982168588,45
899,0,1216,719,497,0,0,0,1.0,1,1.0,1,1.0,1,0.06631421196963434,44
900,1,1217,719,498,0,0,0,1.0,1,1.0,1,1.0,1,0.05814317813403239,46
901,2,1219,719,500,0,0,0,1.0,1,1.0,1,1.0,1,0.05152153892120063,45
902,2,1221,721,500,0,0,0,1.0,1,1.0,1,1.0,1,0.10572194410097441,45
903,1,1222,722,500,0,0,0,1.0,1,1.0,1,1.0,1,0.168164525785568,44
904,1,1223,723,500,0,0,0,1.0,1,1.0,1,1.0,1,0.1979340549373119,45
905,3,1226,725,501,0,0,0,1.0,1,1.0,1,1.0,1,0.19951441299882228,45
906,4,1230,727,503,0,0,0,1.0,1,1.0,1,1.0,1,0.2021015845344272,45
907,1,1231,727,504,0,0,0,1.0,1,1.0,1,1.0,1,0.17697703740351667,46
908,0,1231,727,504,0,0,0,1.0,1,1.0,1,1.0,1,0.1780462643987275,46
909,1,1232,728,504,0,0,0,1.0,1,1.0,1,1.0,1,0.19829551079901922,46
910,0,1232,728,504,0,0,0,1.0,1,1.0,1,1.0,1,0.24525461231632933,44
911,5,1237,728,509,0,0,0,1.0,1,1.0,1,1.0,1,0.15138144659609365,45
912,0,1237,728,509,0,0,0,1.0,1,1.0,1,1.0,1,0.1727334220897214,44
913,0,1237,728,509,0,0,0,1.0,1,1.0,1,1.0,1,0.1851737316123501,45
914,2,1239,729,510,0,0,0,1.0,1,1.0,1,1.0,1,0.1964805021305324,45
915,1,1240,729,511,0,0,0,1.0,1,1.0,1,1.0,1,0.16657552159128158,45
916,5,1245,729,516,0,0,0,1.0,1,1.0,1,1.0,1,0.10280869865498514,45
917,0,1245,729,516,0,0,0,1.0,1,1.0,1,1.0,1,0.11824676484158628,46
918,0,1245,729,516,0,0,0,1.0,1,1.0,1,1.0,1,0.12058651498109123,47
919,0,1245,729,516,0,0,0,1.0,1,1.0,1,1.0,1,0.12058651498109123,47
920,1,1246,730,516,0,0,0,1.0,1,1.0,1,1.0,1,0.11822424835469822,47
921,5,1251,732,519,0,0,0,1.0,1,1.0,1,1.0,1,0.10415999362196593,49
922,2,1253,734,519,0,0,0,1.0,1,1.0,1,1.0,1,0.09905512704675067,49
923,3,1256,736,520,0,0,0,1.0,1,1.0,1,1.0,1,0.09935843521444601,47
924,1,1257,737,520,0,0,0,1.0,1,1.0,1,1.0,1,0.10754476089033459,47
925,1,1258,738,520,0,0,0,1.0,1,1.0,1,1.0,1,0.13257188873493247,47
926,3,1261,740,521,0,0,0,1.0,1,1.0,1,1.0,1,0.150078484154512,46
927,2,1263,741,522,0,0,0,1.0,1,1.0,1,1.0,1,0.12451597763784099,45
928,1,1264,741,523,0,0,0,1.0,1,1.0,1,1.0,1,0.08899636394118184,43
929,0,1264,741,523,0,0,0,1.0,1,1.0,1,1.0,1,0.1087285705316446,42
930,0,1264,741,523,0,0,0,1.0,1,1.0,1,1.0,1,0.10211647655166996,41
931,3,1267,741,526,0,0,0,1.0,1,1.0,1,1.0,1,0.04697421082965479,40
932,0,1267,741,526,0,0,0,1.0,1,1.0,1,1.0,1,0.04697421082965479,40
933,0,1267,741,526,0,0,0,1.0,1,1.0,1,1.0,1,0.06023393984151439,39
934,0,1267,741,526,0,0,0,1.0,1,1.0,1,1.0,1,0.06023393984151439,39
935,4,1271,745,526,0,0,0,1.0,1,1.0,1,1.0,1,0.14910898198967626,41
936,3,1274,745,529,0,0,0,1.0,1,1.0,1,1.0,1,0.09525885236663223,42
937,2,1276,747,529,0,0,0,1.0,1,1.0,1,1.0,1,0.18992749967976677,43
938,3,1279,747,532,0,0,0,1.0,1,1.0,1,1.0,1,0.1705752311247916,44
939,0,1279,747,532,0,0,0,1.0,1,1.0,1,1.0,1,0.18246038378163754,46
940,1,1280,747,533,0,0,0,1.0,1,1.0,1,1.0,1,0.16141543481135906,46
941,2,1282,748,534,0,0,0,1.0,1,1.0,1,1.0,1,0.17400219940327089,46
942,1,1283,748,535,0,0,0,1.0,1,1.0,1,1.0,1,0.16154630347858182,46
943,0,1283,748,535,0,0,0,1.0,1,1.0,1,1.0,1,0.17287062731232172,45
944,1,1284,748,536,0,0,0,1.0,1,1.0,1,1.0,1,0.15215997548040197,45
945,3,1287,750,537,0,0,0,1.0,1,1.0,1,1.0,1,0.13883226704615742,44
946,2,1289,750,539,0,0,0,1.0,1,1.0,1,1.0,1,0.09316066838817781,46
947,1,1290,750,540,0,0,0,1.0,1,1.0,1,1.0,1,0.09530892450093566,44
948,0,1290,750,540,0,0,0,1.0,1,1.0,1,1.0,1,0.09530892450093566,44
949,2,1292,751,541,0,0,0,1.0,1,1.0,1,1.0,1,0.1450314781747249,44
950,0,1292,751,541,0,0,0,1.0,1,1.0,1,1.0,1,0.1687181778221999,43
951,5,1297,752,545,0,0,0,1.0,1,1.0,1,1.0,1,0.134297596963485,42
952,0,1297,752,545,0,0,0,1.0,1,1.0,1,1.0,1,0.134297596963485,42
953,0,1297,752,545,0,0,0,1.0,1,1.0,1,1.0,1,0.13088904303483145,41
954,1,1298,753,545,0,0,0,1.0,1,1.0,1,1.0,1,0.14855165373458407,40
955,0,1298,753,545,0,0,0,1.0,1,1.0,1,1.0,1,0.14225882165891707,42
956,2,1300,754,546,0,0,0,1.0,1,1.0,1,1.0,1,0.13497911888735234,43
957,0,1300,754,546,0,0,0,1.0,1,1.0,1,1.0,1,0.1472509172558227,42
958,1,1301,754,547,0,0,0,1.0,1,1.0,1,1.0,1,0.16571909542007798,43
959,2,1303,755,548,0,0,0,1.0,1,1.0,1,1.0,1,0.19812146185900353,45
960,2,1305,756,549,0,0,0,1.0,1,1.0,1,1.0,1,0.2021846328582811,47
961,2,1307,757,550,0,0,0,1.0,1,1.0,1,1.0,1,0.2110199860010349,45
962,0,1307,757,550,0,0,0,1.0,1,1.0,1,1.0,1,0.19382118476343552,45
963,2,1309,758,551,0,0,0,1.0,1,1.0,1,1.0,1,0.20826684864954237,44
964,1,1310,758,552,0,0,0,1.0,1,1.0,1,1.0,1,0.18794675023317475,44
965,1,1311,758,553,0,0,0,1.0,1,1.0,1,1.0,1,0.16410809640666862,45
966,1,1312,759,553,0,0,0,1.0,1,1.0,1,1.0,1,0.17652606245357472,43
967,1,1313,759,554,0,0,0,1.0,1,1.0,1,1.0,1,0.16760082656547318,43
968,0,1313,759,554,0,0,0,1.0,1,1.0,1,1.0,1,0.16659021528924853,43
969,1,1314,759,555,0,0,0,1.0,1,1.0,1,1.0,1,0.16708665866157985,42
970,0,1314,759,555,0,0,0,1.0,1,1.0,1,1.0,1,0.16822028104498798,42
971,2,1316,759,557,0,0,0,1.0,1,1.0,1,1.0,1,0.10842588974604317,42
972,1,1317,759,558,0,0,0,1.0,1,1.0,1,1.0,1,0.08196425488170558,42
973,0,1317,759,558,0,0,0,1.0,1,1.0,1,1.0,1,0.08471039793231293,43
974,0,1317,759,558,0,0,0,1.0,1,1.0,1,1.0,1,0.08471039793231293,43
975,0,1317,759,558,0,0,0,1.0,1,1.0,1,1.0,1,0.08884099377563065,43
976,0,1317,759,558,0,0,0,1.0,1,1.0,1,1.0,1,0.10329643958522652,45
977,0,1317,759,558,0,0,0,1.0,1,1.0,1,1.0,1,0.11844305166719625,44
978,0,1317,759,558,0,0,0,1.0,1,1.0,1,1.0,1,0.11844305166719625,44
979,1,1318,759,559,0,0,0,1.0,1,1.0,1,1.0,1,0.11916286098772472,45
980,0,1318,759,559,0,0,0,1.0,1,1.0,1,1.0,1,0.11916286098772472,45
981,1,1319,759,560,0,0,0,1.0,1,1.0,1,1.0,1,0.10522577814285797,45
982,2,1321,761,560,0,0,0,1.0,1,1.0,1,1.0,1,0.1808470260772631,46
983,2,1323,762,561,0,0,0,1.0,1,1.0,1,1.0,1,0.1754754491633213,45
984,1,1324,763,561,0,0,0,1.0,1,1.0,1,1.0,1,0.17654406875933434,45
985,5,1329,767,562,0,0,0,1.0,1,1.0,1,1.0,1,0.2150737309741841,45
986,3,1332,767,565,0,0,0,1.0,1,1.0,1,1.0,1,0.16461256959041756,44
987,1,1333,768,565,0,0,0,1.0,1,1.0,1,1.0,1,0.18847797572881067,45
988,3,1336,770,566,0,0,0,1.0,1,1.0,1,1.0,1,0.20802647131297072,44
989,0,1336,770,566,0,0,0,1.0,1,1.0,1,1.0,1,0.20631247792704438,43
990,1,1337,771,566,0,0,0,1.0,1,1.0,1,1.0,1,0.2159051342152669,42
991,2,1339,771,568,0,0,0,1.0,1,1.0,1,1.0,1,0.15308937466104552,42
992,0,1339,771,568,0,0,0,1.0,1,1.0,1,1.0,1,0.151976618399258,43
993,0,1339,771,568,0,0,0,1.0,1,1.0,1,1.0,1,0.151976618399258,43
994,0,1339,771,568,0,0,0,1.0,1,1.0,1,1.0,1,0.1693764027823132,43
995,0,1339,771,568,0,0,0,1.0,1,1.0,1,1.0,1,0.12283834985692994,43
996,0,1339,771,568,0,0,0,1.0,1,1.0,1,1.0,1,0.13261553263154344,44
997,1,1340,772,568,0,0,0,1.0,1,1.0,1,1.0,1,0.17347172919617151,44
998,0,1340,772,568,0,0,0,1.0,1,1.0,1,1.0,1,0.18718117846382415,45
999,0,1340,772,568,0,0,0,1.0,1,1.0,1,1.0,1,0.1894708498139564,42
1000,0,1340,772,568,0,0,0,1.0,1,1.0,1,1.0,1,0.17880047233485344,43
1001,1,1341,772,569,0,0,0,1.0,1,1.0,1,1.0,1,0.14314506233492277,42
1002,0,1341,772,569,0,0,0,1.0,1,1.0,1,1.0,1,0.14178404270797162,43
1003,1,1342,772,570,0,0,0,1.0,1,1.0,1,1.0,1,0.1310390516270783,43
1004,1,1343,772,571,0,0,0,1.0,1,1.0,1,1.0,1,0.10751179038150234,43
1005,1,1344,772,572,0,0,0,1.0,1,1.0,1,1.0,1,0.10965231976993514,44
1006,1,1345,772,573,0,0,0,1.0,1,1.0,1,1.0,1,0.09166388473903428,46
1007,0,1345,772,573,0,0,0,1.0,1,1.0,1,1.0,1,0.09166388473903428,46
1008,0,1345,772,573,0,0,0,1.0,1,1.0,1,1.0,1,0.10382787250992614,47
1009,2,1347,774,573,0,0,0,1.0,1,1.0,1,1.0,1,0.10269646350902183,48
1010,1,1348,775,573,0,0,0,1.0,1,1.0,1,1.0,1,0.11840385011453355,48
1011,2,1350,776,574,0,0,0,1.0,1,1.0,1,1.0,1,0.12242565912570069,48
1012,2,1352,778,574,0,0,0,1.0,1,1.0,1,1.0,1,0.15936961815124404,49
1013,1,1353,779,574,0,0,0,1.0,1,1.0,1,1.0,1,0.16312194366607458,50
1014,1,1354,780,574,0,0,0,1.0,1,1.0,1,1.0,1,0.18455770296377877,50
1015,1,1355,780,575,0,0,0,1.0,1,1.0,1,1.0,1,0.17366096023591657,51
1016,1,1356,781,575,0,0,0,1.0,1,1.0,1,1.0,1,0.16483882721737797,51
1017,0,1356,781,575,0,0,0,1.0,1,1.0,1,1.0,1,0.17418928153683794,52
1018,1,1357,782,575,0,0,0,1.0,1,1.0,1,1.0,1,0.1867599833999121,52
1019,1,1358,782,576,0,0,0,1.0,1,1.0,1,1.0,1,0.1791817287380915,52
1020,0,1358,782,576,0,0,0,1.0,1,1.0,1,1.0,1,0.1550626025268553,53
1021,1,1359,782,577,0,0,0,1.0,1,1.0,1,1.0,1,0.1529157488766502,53
1022,0,1359,782,577,0,0,0,1.0,1,1.0,1,1.0,1,0.14522967069102413,54
1023,2,1361,782,579,0,0,0,1.0,1,1.0,1,1.0,1,0.10048485054864584,55
1024,0,1361,782,579,0,0,0,1.0,1,1.0,1,1.0,1,0.11924248671522096,55
1025,1,1362,782,580,0,0,0,1.0,1,1.0,1,1.0,1,0.10611560605503825,56
1026,1,1363,782,581,0,0,0,1.0,1,1.0,1,1.0,1,0.09425431926533347,57
1027,0,1363,782,581,0,0,0,1.0,1,1.0,1,1.0,1,0.07415127245131785,58
1028,3,1366,784,582,0,0,0,1.0,1,1.0,1,1.0,1,0.08968033089525279,58
1029,3,1369,786,583,0,0,0,1.0,1,1.0,1,1.0,1,0.1053081243323817,59
1030,0,1369,786,583,0,0,0,1.0,1,1.0,1,1.0,1,0.10037469392271176,60
1031,1,1370,787,583,0,0,0,1.0,1,1.0,1,1.0,1,0.12557087712990458,60
1032,0,1370,787,583,0,0,0,1.0,1,1.0,1,1.0,1,0.1329028679518437,61
1033,0,1370,787,583,0,0,0,1.0,1,1.0,1,1.0,1,0.13894996341153512,60
1034,4,1374,790,584,0,0,0,1.0,1,1.0,1,1.0,1,0.12617851371759709,60
1035,2,1376,792,584,0,0,0,1.0,1,1.0,1,1.0,1,0.1657504333055672,59
1036,5,1381,794,587,0,0,0,1.0,1,1.0,1,1.0,1,0.12866021884812878,60
1037,3,1384,797,587,0,0,0,1.0,1,1.0,1,1.0,1,0.16065314153775595,59
1038,3,1387,798,589,0,0,0,1.0,1,1.0,1,1.0,1,0.13884111257648632,60
1039,3,1390,801,589,0,0,0,1.0,1,1.0,1,1.0,1,0.17930839670012844,60
1040,1,1391,802,589,0,0,0,1.0,1,1.0,1,1.0,1,0.1942579014069997,58
1041,6,1397,803,594,0,0,0,1.0,1,1.0,1,1.0,1,0.12345831618891799,56
1042,0,1397,803,594,0,0,0,1.0,1,1.0,1,1.0,1,0.11771934362032449,55
1043,0,1397,803,594,0,0,0,1.0,1,1.0,1,1.0,1,0.11771934362032449,55
1044,0,1397,803,594,0,0,0,1.0,1,1.0,1,1.0,1,0.0958317001613997,52
1045,0,1397,803,594,0,0,0,1.0,1,1.0,1,1.0,1,0.07508843708526629,52
1046,3,1400,804,596,0,0,0,1.0,1,1.0,1,1.0,1,0.08002279615458167,53
1047,1,1401,805,596,0,0,0,1.0,1,1.0,1,1.0,1,0.07569269718281617,54
1048,2,1403,806,597,0,0,0,1.0,1,1.0,1,1.0,1,0.0933544409198556,56
1049,3,1406,808,598,0,0,0,1.0,1,1.0,1,1.0,1,0.08963973568079153,55
1050,1,1407,808,599,0,0,0,1.0,1,1.0,1,1.0,1,0.06950211476596492,56
1051,0,1407,808,599,0,0,0,1.0,1,1.0,1,1.0,1,0.05689800221415185,55
1052,0,1407,808,599,0,0,0,1.0,1,1.0,1,1.0,1,0.07364206782169859,56
1053,1,1408,809,599,0,0,0,1.0,1,1.0,1,1.0,1,0.09057668194034815,56
1054,1,1409,810,599,0,0,0,1.0,1,1.0,1,1.0,1,0.07116846908636754,57
1055,0,1409,810,599,0,0,0,1.0,1,1.0,1,1.0,1,0.05151496300124721,58
1056,1,1410,810,600,0,0,0,1.0,1,1.0,1,1.0,1,0.050564700848923366,59
1057,0,1410,810,600,0,0,0,1.0,1,1.0,1,1.0,1,0.06522756191791292,60
1058,2,1412,811,601,0,0,0,1.0,1,1.0,1,1.0,1,0.08217025206687098,60
1059,2,1414,812,602,0,0,0,1.0,1,1.0,1,1.0,1,0.08660401167287503,60
1060,1,1415,813,602,0,0,0,1.0,1,1.0,1,1.0,1,0.10518100320577749,60
1061,6,1421,817,604,0,0,0,1.0,1,1.0,1,1.0,1,0.0953576952425974,59
1062,0,1421,817,604,0,0,0,1.0,1,1.0,1,1.0,1,0.0959952367125335,59
1063,1,1422,818,604,0,0,0,1.0,1,1.0,1,1.0,1,0.11642329877494174,58
1064,3,1425,820,605,0,0,0,1.0,1,1.0,1,1.0,1,0.1677957519061374,58
1065,3,1428,822,606,0,0,0,1.0,1,1.0,1,1.0,1,0.117905657312542,60
1066,2,1430,822,608,0,0,0,1.0,1,1.0,1,1.0,1,0.1234014086345175,58
1067,0,1430,822,608,0,0,0,1.0,1,1.0,1,1.0,1,0.17056606131778013,59
1068,0,1430,822,608,0,0,0,1.0,1,1.0,1,1.0,1,0.17056606131778013,59
1069,1,1431,822,609,0,0,0,1.0,1,1.0,1,1.0,1,0.19704249455549472,58
1070,3,1434,822,612,0,0,0,1.0,1,1.0,1,1.0,1,0.15904432229080506,58
1071,3,1437,822,615,0,0,0,1.0,1,1.0,1,1.0,1,0.1437375399094482,57
1072,3,1440,823,617,0,0,0,1.0,1,1.0,1,1.0,1,0.1273620510143642,56
1073,1,1441,823,618,0,0,0,1.0,1,1.0,1,1.0,1,0.13626085220816808,54
1074,1,1442,824,618,0,0,0,1.0,1,1.0,1,1.0,1,0.14875648970658462,54
1075,2,1444,826,618,0,0,0,1.0,1,1.0,1,1.0,1,0.1530344874786984,51
1076,3,1447,827,620,0,0,0,1.0,1,1.0,1,1.0,1,0.14589046932616676,51
1077,2,1449,829,620,0,0,0,1.0,1,1.0,1,1.0,1,0.1574715403646396,51
1078,2,1451,830,621,0,0,0,1.0,1,1.0,1,1.0,1,0.1466867016695295,52
1079,3,1454,833,621,0,0,0,1.0,1,1.0,1,1.0,1,0.1756705849535868,51
1080,2,1456,835,621,0,0,0,1.0,1,1.0,1,1.0,1,0.20297220072521752,51
1081,2,1458,836,622,0,0,0,1.0,1,1.0,1,1.0,1,0.22016440586551606,48
1082,1,1459,837,622,0,0,0,1.0,1,1.0,1,1.0,1,0.2394167501485634,47
1083,3,1462,838,624,0,0,0,1.0,1,1.0,1,1.0,1,0.24531914368573174,46
1084,1,1463,838,625,0,0,0,1.0,1,1.0,1,1.0,1,0.2256189286249933,45
1085,1,1464,838,626,0,0,0,1.0,1,1.0,1,1.0,1,0.19605284522396252,46
1086,2,1466,838,628,0,0,0,1.0,1,1.0,1,1.0,1,0.16378756015925955,45
1087,1,1467,838,629,0,0,0,1.0,1,1.0,1,1.0,1,0.18020463695337122,44
1088,0,1467,838,629,0,0,0,1.0,1,1.0,1,1.0,1,0.17014855113096575,45
1089,0,1467,838,629,0,0,0,1.0,1,1.0,1,1.0,1,0.18781376966739452,46
1090,0,1467,838,629,0,0,0,1.0,1,1.0,1,1.0,1,0.1887060930931417,47
1091,1,1468,839,629,0,0,0,1.0,1,1.0,1,1.0,1,0.17449970300952292,47
1092,0,1468,839,629,0,0,0,1.0,1,1.0,1,1.0,1,0.16841231864481016,48
1093,2,1470,840,630,0,0,0,1.0,1,1.0,1,1.0,1,0.15216877118315342,48
1094,3,1473,842,631,0,0,0,1.0,1,1.0,1,1.0,1,0.20058390495311845,48
1095,1,1474,842,632,0,0,0,1.0,1,1.0,1,1.0,1,0.20522581855223912,49
1096,5,1479,843,636,0,0,0,1.0,1,1.0,1,1.0,1,0.1885138586245794,49
1097,2,1481,844,637,0,0,0,1.0,1,1.0,1,1.0,1,0.1976752967070934,50
1098,2,1483,844,639,0,0,0,1.0,1,1.0,1,1.0,1,0.18647552083776633,51
1099,1,1484,844,640,0,0,0,1.0,1,1.0,1,1.0,1,0.15299902967194765,54
1100,0,1484,844,640,0,0,0,1.0,1,1.0,1,1.0,1,0.15299902967194765,54
1101,2,1486,844,642,0,0,0,1.0,1,1.0,1,1.0,1,0.13496929464582003,54
1102,1,1487,844,643,0,0,0,1.0,1,1.0,1,1.0,1,0.10777760809709326,54
1103,0,1487,844,643,0,0,0,1.0,1,1.0,1,1.0,1,0.11749258627434446,53
1104,2,1489,845,644,0,0,0,1.0,1,1.0,1,1.0,1,0.12481590281669769,53
1105,0,1489,845,644,0,0,0,1.0,1,1.0,1,1.0,1,0.13769437833929546,52
1106,5,1494,845,649,0,0,0,1.0,1,1.0,1,1.0,1,0.10253478062375683,52
1107,0,1494,845,649,0,0,0,1.0,1,1.0,1,1.0,1,0.12547178877140408,52
1108,0,1494,845,649,0,0,0,1.0,1,1.0,1,1.0,1,0.12909489364205548,51
1109,2,1496,846,650,0,0,0,1.0,1,1.0,1,1.0,1,0.154254516733538,49
1110,0,1496,846,650,0,0,0,1.0,1,1.0,1,1.0,1,0.17695007965524837,48
1111,4,1500,847,653,0,0,0,1.0,1,1.0,1,1.0,1,0.20825579767353591,47
1112,2,1502,848,654,0,0,0,1.0,1,1.0,1,1.0,1,0.2573035130331274,46
1113,2,1504,849,655,0,0,0,1.0,1,1.0,1,1.0,1,0.2750698340270493,43
1114,0,1504,849,655,0,0,0,1.0,1,1.0,1,1.0,1,0.2874739539905512,41
1115,2,1506,851,655,0,0,0,1.0,1,1.0,1,1.0,1,0.2638486438604605,40
1116,1,1507,851,656,0,0,0,1.0,1,1.0,1,1.0,1,0.24191367111846276,39
1117,2,1509,853,656,0,0,0,1.0,1,1.0,1,1.0,1,0.22148446492176274,40
1118,0,1509,853,656,0,0,0,1.0,1,1.0,1,1.0,1,0.20807730746676942,40
1119,0,1509,853,656,0,0,0,1.0,1,1.0,1,1.0,1,0.20807730746676942,40
1120,0,1509,853,656,0,0,0,1.0,1,1.0,1,1.0,1,0.20807730746676942,40
1121,3,1512,855,657,0,0,0,1.0,1,1.0,1,1.0,1,0.25094424564162343,40
1122,0,1512,855,657,0,0,0,1.0,1,1.0,1,1.0,1,0.27161977425727113,41
1123,2,1514,857,657,0,0,0,1.0,1,1.0,1,1.0,1,0.33452020309240255,41
1124,3,1517,857,660,0,0,0,1.0,1,1.0,1,1.0,1,0.2926784104390126,41
1125,3,1520,858,662,0,0,0,1.0,1,1.0,1,1.0,1,0.31331683711172037,41
1126,4,1524,858,666,0,0,0,1.0,1,1.0,1,1.0,1,0.23664628321050638,41
1127,1,1525,858,667,0,0,0,1.0,1,1.0,1,1.0,1,0.2283724660017412,41
1128,0,1525,858,667,0,0,0,1.0,1,1.0,1,1.0,1,0.24301004539881416,42
1129,2,1527,859,668,0,0,0,1.0,1,1.0,1,1.0,1,0.24747351467524142,42
1130,0,1527,859,668,0,0,0,1.0,1,1.0,1,1.0,1,0.24747351467524142,42
1131,2,1529,859,670,0,0,0,1.0,1,1.0,1,1.0,1,0.21860395709721095,42
1132,0,1529,859,670,0,0,0,1.0,1,1.0,1,1.0,1,0.1886894344463547,43
1133,1,1530,859,671,0,0,0,1.0,1,1.0,1,1.0,1,0.17292295447286243,45
1134,0,1530,859,671,0,0,0,1.0,1,1.0,1,1.0,1,0.18107039014032042,46
1135,0,1530,859,671,0,0,0,1.0,1,1.0,1,1.0,1,0.19468284799994115,45
1136,0,1530,859,671,0,0,0,1.0,1,1.0,1,1.0,1,0.19625113994438254,48
1137,0,1530,859,671,0,0,0,1.0,1,1.0,1,1.0,1,0.2055607462034161,49
1138,7,1537,859,678,0,0,0,1.0,1,1.0,1,1.0,1,0.14334944499690944,49
1139,2,1539,859,680,0,0,0,1.0,1,1.0,1,1.0,1,0.14330559054567832,49
1140,1,1540,859,681,0,0,0,1.0,1,1.0,1,1.0,1,0.13397151210518207,49
1141,2,1542,860,682,0,0,0,1.0,1,1.0,1,1.0,1,0.17125424689416863,48
1142,2,1544,861,683,0,0,0,1.0,1,1.0,1,1.0,1,0.14549406862215114,48
1143,2,1546,862,684,0,0,0,1.0,1,1.0,1,1.0,1,0.17047150848520493,48
1144,0,1546,862,684,0,0,0,1.0,1,1.0,1,1.0,1,0.1620116700505736,48
1145,1,1547,862,685,0,0,0,1.0,1,1.0,1,1.0,1,0.18025257444397783,48
1146,4,1551,862,689,0,0,0,1.0,1,1.0,1,1.0,1,0.15737056730678545,48
1147,0,1551,862,689,0,0,0,1.0,1,1.0,1,1.0,1,0.17990966462927263,46
1148,0,1551,862,689,0,0,0,1.0,1,1.0,1,1.0,1,0.17990966462927263,46
1149,1,1552,862,690,0,0,0,1.0,1,1.0,1,1.0,1,0.22021868661182037,45
1150,0,1552,862,690,0,0,0,1.0,1,1.0,1,1.0,1,0.23498368683478393,46
1151,6,1558,864,694,0,0,0,1.0,1,1.0,1,1.0,1,0.21308308127880554,44
1152,0,1558,864,694,0,0,0,1.0,1,1.0,1,1.0,1,0.18773467174965672,44
1153,3,1561,867,694,0,0,0,1.0,1,1.0,1,1.0,1,0.26234648164115776,43
1154,2,1563,867,696,0,0,0,1.0,1,1.0,1,1.0,1,0.228425276655651,43
1155,2,1565,868,697,0,0,0,1.0,1,1.0,1,1.0,1,0.25294722799348757,43
1156,2,1567,868,699,0,0,0,1.0,1,1.0,1,1.0,1,0.21385421591630935,42
1157,0,1567,868,699,0,0,0,1.0,1,1.0,1,1.0,1,0.21515894239679123,42
1158,0,1567,868,699,0,0,0,1.0,1,1.0,1,1.0,1,0.202244030283797,41
1159,0,1567,868,699,0,0,0,1.0,1,1.0,1,1.0,1,0.2016365925438717,41
1160,0,1567,868,699,0,0,0,1.0,1,1.0,1,1.0,1,0.2016365925438717,41
1161,1,1568,868,700,0,0,0,1.0,1,1.0,1,1.0,1,0.18988543305594313,42
1162,0,1568,868,700,0,0,0,1.0,1,1.0,1,1.0,1,0.17940049808771777,43
1163,0,1568,868,700,0,0,0,1.0,1,1.0,1,1.0,1,0.17940049808771777,43
1164,0,1568,868,700,0,0,0,1.0,1,1.0,1,1.0,1,0.1645030042090087,44
1165,0,1568,868,700,0,0,0,1.0,1,1.0,1,1.0,1,0.1645030042090087,44
1166,3,1571,869,702,0,0,0,1.0,1,1.0,1,1.0,1,0.13521160433485296,46
1167,3,1574,870,704,0,0,0,1.0,1,1.0,1,1.0,1,0.12737243147029834,46
1168,1,1575,870,705,0,0,0,1.0,1,1.0,1,1.0,1,0.10712304923282227,47
1169,0,1575,870,705,0,0,0,1.0,1,1.0,1,1.0,1,0.08973091986277765,46
1170,1,1576,870,706,0,0,0,1.0,1,1.0,1,1.0,1,0.08453660371283579,48
1171,2,1578,871,707,0,0,0,1.0,1,1.0,1,1.0,1,0.10393039290543235,49
1172,0,1578,871,707,0,0,0,1.0,1,1.0,1,1.0,1,0.10393039290543235,49
1173,0,1578,871,707,0,0,0,1.0,1,1.0,1,1.0,1,0.10393039290543235,49
1174,2,1580,872,708,0,0,0,1.0,1,1.0,1,1.0,1,0.11532962195835132,49
1175,0,1580,872,708,0,0,0,1.0,1,1.0,1,1.0,1,0.12360218065626778,50
1176,1,1581,872,709,0,0,0,1.0,1,1.0,1,1.0,1,0.12483208994255961,52
1177,3,1584,874,710,0,0,0,1.0,1,1.0,1,1.0,1,0.14930310928079799,52
1178,0,1584,874,710,0,0,0,1.0,1,1.0,1,1.0,1,0.14930310928079799,52
1179,0,1584,874,710,0,0,0,1.0,1,1.0,1,1.0,1,0.1300402395326287,53
1180,1,1585,875,710,0,0,0,1.0,1,1.0,1,1.0,1,0.1398257693251717,54
1181,0,1585,875,710,0,0,0,1.0,1,1.0,1,1.0,1,0.14986565499007468,55
1182,0,1585,875,710,0,0,0,1.0,1,1.0,1,1.0,1,0.14986565499007468,55
1183,1,1586,876,710,0,0,0,1.0,1,1.0,1,1.0,1,0.18386024247490795,53
1184,2,1588,877,711,0,0,0,1.0,1,1.0,1,1.0,1,0.17935261267064798,54
1185,0,1588,877,711,0,0,0,1.0,1,1.0,1,1.0,1,0.18861487745483957,53
1186,4,1592,878,714,0,0,0,1.0,1,1.0,1,1.0,1,0.1929909949452858,54
1187,3,1595,879,716,0,0,0,1.0,1,1.0,1,1.0,1,0.21422764680151724,55
1188,0,1595,879,716,0,0,0,1.0,1,1.0,1,1.0,1,0.21422764680151724,55
1189,0,1595,879,716,0,0,0,1.0,1,1.0,1,1.0,1,0.2142312616096745,54
1190,1,1596,879,717,0,0,0,1.0,1,1.0,1,1.0,1,0.20476432356204433,55
1191,2,1598,879,719,0,0,0,1.0,1,1.0,1,1.0,1,0.17685473500054913,54
1192,1,1599,879,720,0,0,0,1.0,1,1.0,1,1.0,1,0.1610329657971808,52
1193,0,1599,879,720,0,0,0,1.0,1,1.0,1,1.0,1,0.1625231975271803,53
1194,1,1600,879,721,0,0,0,1.0,1,1.0,1,1.0,1,0.1487607995333932,53
1195,0,1600,879,721,0,0,0,1.0,1,1.0,1,1.0,1,0.13376156692490127,54
1196,2,1602,879,723,0,0,0,1.0,1,1.0,1,1.0,1,0.12677322972653393,56
1197,2,1604,881,723,0,0,0,1.0,1,1.0,1,1.0,1,0.11054100132232941,56
1198,1,1605,882,723,0,0,0,1.0,1,1.0,1,1.0,1,0.1005775115949885,58
1199,1,1606,883,723,0,0,0,1.0,1,1.0,1,1.0,1,0.10722753760873052,58
1200,0,1606,883,723,0,0,0,1.0,1,1.0,1,1.0,1,0.10722753760873052,58
1201,2,1608,884,724,0,0,0,1.0,1,1.0,1,1.0,1,0.1123760901274973,58
1202,1,1609,884,725,0,0,0,1.0,1,1.0,1,1.0,1,0.08326782067793252,60
1203,1,1610,884,726,0,0,0,1.0,1,1.0,1,1.0,1,0.07803257069734611,58
1204,1,1611,885,726,0,0,0,1.0,1,1.0,1,1.0,1,0.100601643245442,59
1205,1,1612,886,726,0,0,0,1.0,1,1.0,1,1.0,1,0.1237770132672591,59
1206,3,1615,886,729,0,0,0,1.0,1,1.0,1,1.0,1,0.11618376448439245,58
1207,1,1616,886,730,0,0,0,1.0,1,1.0,1,1.0,1,0.11459350494635227,60
1208,0,1616,886,730,0,0,0,1.0,1,1.0,1,1.0,1,0.11459350494635227,60
1209,2,1618,886,732,0,0,0,1.0,1,1.0,1,1.0,1,0.10423853909404389,61
1210,1,1619,886,733,0,0,0,1.0,1,1.0,1,1.0,1,0.09806300313589578,61
1211,0,1619,886,733,0,0,0,1.0,1,1.0,1,1.0,1,0.083324857492156,63
1212,0,1619,886,733,0,0,0,1.0,1,1.0,1,1.0,1,0.083324857492156,63
1213,0,1619,886,733,0,0,0,1.0,1,1.0,1,1.0,1,0.083324857492156,63
1214,5,1624,888,736,0,0,0,1.0,1,1.0,1,1.0,1,0.13675231270127683,62
1215,2,1626,888,738,0,0,0,1.0,1,1.0,1,1.0,1,0.11562863234880627,63
1216,2,1628,889,739,0,0,0,1.0,1,1.0,1,1.0,1,0.15208636328790126,64
1217,1,1629,889,740,0,0,0,1.0,1,1.0,1,1.0,1,0.14599925739738132,65
1218,2,1631,889,742,0,0,0,1.0,1,1.0,1,1.0,1,0.14438360796391175,64
1219,1,1632,889,743,0,0,0,1.0,1,1.0,1,1.0,1,0.147604753438278,65
1220,1,1633,889,744,0,0,0,1.0,1,1.0,1,1.0,1,0.1491173539567302,64
1221,2,1635,889,746,0,0,0,1.0,1,1.0,1,1.0,1,0.13251396904714946,65
1222,1,1636,889,747,0,0,0,1.0,1,1.0,1,1.0,1,0.11856408818907316,66
1223,0,1636,889,747,0,0,0,1.0,1,1.0,1,1.0,1,0.12805766806999797,64
1224,1,1637,890,747,0,0,0,1.0,1,1.0,1,1.0,1,0.11567791565513802,66
1225,1,1638,891,747,0,0,0,1.0,1,1.0,1,1.0,1,0.146069530538551,66
1226,6,1644,892,752,0,0,0,1.0,1,1.0,1,1.0,1,0.14101253161114946,68
1227,1,1645,893,752,0,0,0,1.0,1,1.0,1,1.0,1,0.13620306488409215,64
1228,0,1645,893,752,0,0,0,1.0,1,1.0,1,1.0,1,0.14741910546861106,62
1229,0,1645,893,752,0,0,0,1.0,1,1.0,1,1.0,1,0.13627221762258662,61
1230,0,1645,893,752,0,0,0,1.0,1,1.0,1,1.0,1,0.14409437766814923,58
1231,1,1646,893,753,0,0,0,1.0,1,1.0,1,1.0,1,0.1265960325607138,57
1232,1,1647,894,753,0,0,0,1.0,1,1.0,1,1.0,1,0.15270223237263042,53
1233,1,1648,895,753,0,0,0,1.0,1,1.0,1,1.0,1,0.1678408430761579,53
1234,1,1649,895,754,0,0,0,1.0,1,1.0,1,1.0,1,0.1485479450020611,54
1235,0,1649,895,754,0,0,0,1.0,1,1.0,1,1.0,1,0.17649122394368058,55
1236,3,1652,897,755,0,0,0,1.0,1,1.0,1,1.0,1,0.1941478982728543,55
1237,2,1654,897,757,0,0,0,1.0,1,1.0,1,1.0,1,0.17091651582517906,55
1238,1,1655,898,757,0,0,0,1.0,1,1.0,1,1.0,1,0.17318245781438651,54
1239,1,1656,898,758,0,0,0,1.0,1,1.0,1,1.0,1,0.16501350949747481,55
1240,1,1657,899,758,0,0,0,1.0,1,1.0,1,1.0,1,0.1585281093254595,55
1241,1,1658,899,759,0,0,0,1.0,1,1.0,1,1.0,1,0.13218371764288486,54
1242,0,1658,899,759,0,0,0,1.0,1,1.0,1,1.0,1,0.1409324184020197,54
1243,0,1658,899,759,0,0,0,1.0,1,1.0,1,1.0,1,0.14342827013579257,55
1244,2,1660,899,761,0,0,0,1.0,1,1.0,1,1.0,1,0.13669216725801844,55
1245,2,1662,900,762,0,0,0,1.0,1,1.0,1,1.0,1,0.14901198408643654,55
1246,3,1665,900,765,0,0,0,1.0,1,1.0,1,1.0,1,0.14315786562067193,55
1247,3,1668,901,767,0,0,0,1.0,1,1.0,1,1.0,1,0.1597062093895432,57
1248,0,1668,901,767,0,0,0,1.0,1,1.0,1,1.0,1,0.17137075604155774,56
1249,4,1672,903,769,0,0,0,1.0,1,1.0,1,1.0,1,0.2149071108407389,56
1250,2,1674,905,769,0,0,0,1.0,1,1.0,1,1.0,1,0.19823597113247307,56
1251,7,1681,905,776,0,0,0,1.0,1,1.0,1,1.0,1,0.14030469384285538,58
1252,0,1681,905,776,0,0,0,1.0,1,1.0,1,1.0,1,0.14030469384285538,58
1253,2,1683,907,776,0,0,0,1.0,1,1.0,1,1.0,1,0.1680084728440494,58
1254,0,1683,907,776,0,0,0,1.0,1,1.0,1,1.0,1,0.14272560008307789,60
1255,1,1684,907,777,0,0,0,1.0,1,1.0,1,1.0,1,0.14375664257375168,61
1256,1,1685,907,778,0,0,0,1.0,1,1.0,1,1.0,1,0.13411150390597087,61
1257,2,1687,908,779,0,0,0,1.0,1,1.0,1,1.0,1,0.15322580548564757,62
1258,3,1690,908,782,0,0,0,1.0,1,1.0,1,1.0,1,0.14273790365261366,63
1259,0,1690,908,782,0,0,0,1.0,1,1.0,1,1.0,1,0.14273790365261366,63
1260,1,1691,908,783,0,0,0,1.0,1,1.0,1,1.0,1,0.12669223418939196,63
1261,1,1692,908,784,0,0,0,1.0,1,1.0,1,1.0,1,0.11889011668599883,63
1262,1,1693,908,785,0,0,0,1.0,1,1.0,1,1.0,1,0.11905411536544892,64
1263,2,1695,909,786,0,0,0,1.0,1,1.0,1,1.0,1,0.14669025390936158,63
1264,1,1696,909,787,0,0,0,1.0,1,1.0,1,1.0,1,0.12734227581679455,63
1265,2,1698,911,787,0,0,0,1.0,1,1.0,1,1.0,1,0.17524519480827613,60
1266,4,1702,912,790,0,0,0,1.0,1,1.0,1,1.0,1,0.1441811243772112,61
1267,0,1702,912,790,0,0,0,1.0,1,1.0,1,1.0,1,0.14937098407506819,58
1268,1,1703,913,790,0,0,0,1.0,1,1.0,1,1.0,1,0.18613394678220718,54
1269,1,1704,913,791,0,0,0,1.0,1,1.0,1,1.0,1,0.14866167096389835,54
1270,0,1704,913,791,0,0,0,1.0,1,1.0,1,1.0,1,0.14302815454475298,51
1271,2,1706,913,793,0,0,0,1.0,1,1.0,1,1.0,1,0.12610755716237823,50
1272,0,1706,913,793,0,0,0,1.0,1,1.0,1,1.0,1,0.14240975947815915,47
1273,0,1706,913,793,0,0,0,1.0,1,1.0,1,1.0,1,0.14240975947815915,47
1274,1,1707,913,794,0,0,0,1.0,1,1.0,1,1.0,1,0.15282349582145818,49
1275,2,1709,915,794,0,0,0,1.0,1,1.0,1,1.0,1,0.18180357670031808,48
1276,5,1714,916,798,0,0,0,1.0,1,1.0,1,1.0,1,0.1769598418936283,49
1277,5,1719,920,799,0,0,0,1.0,1,1.0,1,1.0,1,0.16419786040642326,50
1278,2,1721,920,801,0,0,0,1.0,1,1.0,1,1.0,1,0.16256930073417727,51
1279,0,1721,920,801,0,0,0,1.0,1,1.0,1,1.0,1,0.16256930073417727,51
1280,0,1721,920,801,0,0,0,1.0,1,1.0,1,1.0,1,0.15239420318525418,52
1281,1,1722,920,802,0,0,0,1.0,1,1.0,1,1.0,1,0.14522911183104,52
1282,1,1723,921,802,0,0,0,1.0,1,1.0,1,1.0,1,0.13772780826641856,52
1283,1,1724,922,802,0,0,0,1.0,1,1.0,1,1.0,1,0.17424993597315522,52
1284,3,1727,923,804,0,0,0,1.0,1,1.0,1,1.0,1,0.17826466590485587,52
1285,1,1728,923,805,0,0,0,1.0,1,1.0,1,1.0,1,0.19895901129416863,51
1286,5,1733,923,810,0,0,0,1.0,1,1.0,1,1.0,1,0.1661865762834361,52
1287,4,1737,924,813,0,0,0,1.0,1,1.0,1,1.0,1,0.16810697592696888,54
1288,0,1737,924,813,0,0,0,1.0,1,1.0,1,1.0,1,0.16926795076926776,55
1289,0,1737,924,813,0,0,0,1.0,1,1.0,1,1.0,1,0.15920964789378458,56
1290,0,1737,924,813,0,0,0,1.0,1,1.0,1,1.0,1,0.13849719213875866,57
1291,1,1738,924,814,0,0,0,1.0,1,1.0,1,1.0,1,0.14223028211873018,58
1292,3,1741,926,815,0,0,0,1.0,1,1.0,1,1.0,1,0.1086327137783557,59
1293,0,1741,926,815,0,0,0,1.0,1,1.0,1,1.0,1,0.1086327137783557,59
1294,1,1742,927,815,0,0,0,1.0,1,1.0,1,1.0,1,0.10365641026887064,59
1295,0,1742,927,815,0,0,0,1.0,1,1.0,1,1.0,1,0.10365641026887064,59
1296,2,1744,927,817,0,0,0,1.0,1,1.0,1,1.0,1,0.10664911586960774,59
1297,1,1745,927,818,0,0,0,1.0,1,1.0,1,1.0,1,0.10563777770748087,61
1298,2,1747,927,820,0,0,0,1.0,1,1.0,1,1.0,1,0.10738488584654121,61
1299,0,1747,927,820,0,0,0,1.0,1,1.0,1,1.0,1,0.11708783229811355,60
1300,0,1747,927,820,0,0,0,1.0,1,1.0,1,1.0,1,0.11541550046922966,59
1301,4,1751,928,823,0,0,0,1.0,1,1.0,1,1.0,1,0.13819712022378308,59
1302,1,1752,928,824,0,0,0,1.0,1,1.0,1,1.0,1,0.13211460962025143,59
1303,2,1754,930,824,0,0,0,1.0,1,1.0,1,1.0,1,0.17283435475516776,55
1304,1,1755,931,824,0,0,0,1.0,1,1.0,1,1.0,1,0.15940996147761322,56
1305,1,1756,932,824,0,0,0,1.0,1,1.0,1,1.0,1,0.18110499020350312,54
1306,4,1760,933,827,0,0,0,1.0,1,1.0,1,1.0,1,0.12958254835743205,53
1307,2,1762,935,827,0,0,0,1.0,1,1.0,1,1.0,1,0.14458411849893996,52
1308,3,1765,937,828,0,0,0,1.0,1,1.0,1,1.0,1,0.19274493233562667,52
1309,2,1767,938,829,0,0,0,1.0,1,1.0,1,1.0,1,0.20771664447268431,54
1310,1,1768,939,829,0,0,0,1.0,1,1.0,1,1.0,1,0.2296460213503666,52
1311,4,1772,939,833,0,0,0,1.0,1,1.0,1,1.0,1,0.18176675120546748,51
1312,1,1773,940,833,0,0,0,1.0,1,1.0,1,1.0,1,0.22557514681878466,49
1313,0,1773,940,833,0,0,0,1.0,1,1.0,1,1.0,1,0.22693977197918114,47
1314,1,1774,940,834,0,0,0,1.0,1,1.0,1,1.0,1,0.19327716586711893,46
1315,0,1774,940,834,0,0,0,1.0,1,1.0,1,1.0,1,0.20440111186277707,45
1316,1,1775,940,835,0,0,0,1.0,1,1.0,1,1.0,1,0.18168348391939368,46
1317,1,1776,940,836,0,0,0,1.0,1,1.0,1,1.0,1,0.15651462332826596,45
1318,2,1778,940,838,0,0,0,1.0,1,1.0,1,1.0,1,0.14667478649766805,46
1319,0,1778,940,838,0,0,0,1.0,1,1.0,1,1.0,1,0.14667478649766805,46
1320,0,1778,940,838,0,0,0,1.0,1,1.0,1,1.0,1,0.14667478649766805,46
1321,1,1779,940,839,0,0,0,1.0,1,1.0,1,1.0,1,0.10910545146401873,48
1322,0,1779,940,839,0,0,0,1.0,1,1.0,1,1.0,1,0.12299329438901598,49
1323,1,1780,940,840,0,0,0,1.0,1,1.0,1,1.0,1,0.1178759106179325,49
1324,2,1782,940,842,0,0,0,1.0,1,1.0,1,1.0,1,0.11478968693173175,50
1325,0,1782,940,842,0,0,0,1.0,1,1.0,1,1.0,1,0.12969687714470332,49
1326,3,1785,941,844,0,0,0,1.0,1,1.0,1,1.0,1,0.16694598320921347,50
1327,3,1788,942,846,0,0,0,1.0,1,1.0,1,1.0,1,0.17120284939851055,50
1328,0,1788,942,846,0,0,0,1.0,1,1.0,1,1.0,1,0.18955624989235384,49
1329,2,1790,942,848,0,0,0,1.0,1,1.0,1,1.0,1,0.1646182656883488,50
1330,0,1790,942,848,0,0,0,1.0,1,1.0,1,1.0,1,0.1646182656883488,50
1331,3,1793,943,850,0,0,0,1.0,1,1.0,1,1.0,1,0.1751005285241716,50
1332,0,1793,943,850,0,0,0,1.0,1,1.0,1,1.0,1,0.16872244189203214,51
1333,1,1794,943,851,0,0,0,1.0,1,1.0,1,1.0,1,0.16361239772599298,52
1334,3,1797,943,854,0,0,0,1.0,1,1.0,1,1.0,1,0.14151283259622352,54
1335,0,1797,943,854,0,0,0,1.0,1,1.0,1,1.0,1,0.14151283259622352,54
1336,1,1798,943,855,0,0,0,1.0,1,1.0,1,1.0,1,0.11971475484770318,56
1337,3,1801,945,856,0,0,0,1.0,1,1.0,1,1.0,1,0.18770422240135942,57
1338,3,1804,946,858,0,0,0,1.0,1,1.0,1,1.0,1,0.1745925194254417,57
1339,2,1806,948,858,0,0,0,1.0,1,1.0,1,1.0,1,0.2234168916969412,58
1340,2,1808,948,860,0,0,0,1.0,1,1.0,1,1.0,1,0.21474079504011295,59
1341,0,1808,948,860,0,0,0,1.0,1,1.0,1,1.0,1,0.19332922138278655,57
1342,0,1808,948,860,0,0,0,1.0,1,1.0,1,1.0,1,0.1767345191049641,57
1343,0,1808,948,860,0,0,0,1.0,1,1.0,1,1.0,1,0.17045899556106592,55
1344,0,1808,948,860,0,0,0,1.0,1,1.0,1,1.0,1,0.15429577043944132,54
1345,0,1808,948,860,0,0,0,1.0,1,1.0,1,1.0,1,0.16500039198932964,53
1346,1,1809,948,861,0,0,0,1.0,1,1.0,1,1.0,1,0.1614970964304546,53
1347,0,1809,948,861,0,0,0,1.0,1,1.0,1,1.0,1,0.1734199670843138,51
1348,0,1809,948,861,0,0,0,1.0,1,1.0,1,1.0,1,0.18856923868282058,52
1349,0,1809,948,861,0,0,0,1.0,1,1.0,1,1.0,1,0.20618745475965614,50
1350,1,1810,949,861,0,0,0,1.0,1,1.0,1,1.0,1,0.19129888928968425,51
1351,2,1812,949,863,0,0,0,1.0,1,1.0,1,1.0,1,0.18571968114477863,50
1352,2,1814,949,865,0,0,0,1.0,1,1.0,1,1.0,1,0.16190431815201983,50
1353,0,1814,949,865,0,0,0,1.0,1,1.0,1,1.0,1,0.16190431815201983,50
1354,2,1816,950,866,0,0,0,1.0,1,1.0,1,1.0,1,0.18216399317795082,51
1355,3,1819,951,868,0,0,0,1.0,1,1.0,1,1.0,1,0.13663503941693084,53
1356,4,1823,952,871,0,0,0,1.0,1,1.0,1,1.0,1,0.14631293528223788,52
1357,0,1823,952,871,0,0,0,1.0,1,1.0,1,1.0,1,0.15445257497915338,52
1358,2,1825,953,872,0,0,0,1.0,1,1.0,1,1.0,1,0.12155139855300484,53
1359,3,1828,955,873,0,0,0,1.0,1,1.0,1,1.0,1,0.1416300898619607,54
1360,1,1829,956,873,0,0,0,1.0,1,1.0,1,1.0,1,0.13579621202360048,55
1361,2,1831,957,874,0,0,0,1.0,1,1.0,1,1.0,1,0.13741706613852733,55
1362,0,1831,957,874,0,0,0,1.0,1,1.0,1,1.0,1,0.11959676982030075,56
1363,0,1831,957,874,0,0,0,1.0,1,1.0,1,1.0,1,0.11959676982030075,56
1364,1,1832,957,875,0,0,0,1.0,1,1.0,1,1.0,1,0.11120088128609554,55
1365,1,1833,957,876,0,0,0,1.0,1,1.0,1,1.0,1,0.1092885887463397,56
1366,2,1835,957,878,0,0,0,1.0,1,1.0,1,1.0,1,0.10359218724021886,57
1367,0,1835,957,878,0,0,0,1.0,1,1.0,1,1.0,1,0.10359218724021886,57
1368,1,1836,957,879,0,0,0,1.0,1,1.0,1,1.0,1,0.10861100972979144,58
1369,4,1840,959,881,0,0,0,1.0,1,1.0,1,1.0,1,0.09985803889131616,59
1370,2,1842,961,881,0,0,0,1.0,1,1.0,1,1.0,1,0.11175639614081966,60
1371,2,1844,961,883,0,0,0,1.0,1,1.0,1,1.0,1,0.09023404986101771,59
1372,2,1846,962,884,0,0,0,1.0,1,1.0,1,1.0,1,0.08161407272862992,59
1373,1,1847,963,884,0,0,0,1.0,1,1.0,1,1.0,1,0.095186204810538,59
1374,1,1848,964,884,0,0,0,1.0,1,1.0,1,1.0,1,0.10148282552176946,59
1375,2,1850,964,886,0,0,0,1.0,1,1.0,1,1.0,1,0.10354943379398031,62
1376,4,1854,965,889,0,0,0,1.0,1,1.0,1,1.0,1,0.10237357974391278,61
1377,1,1855,965,890,0,0,0,1.0,1,1.0,1,1.0,1,0.09976990481307293,63
1378,2,1857,967,890,0,0,0,1.0,1,1.0,1,1.0,1,0.1578093567650162,62
1379,4,1861,970,891,0,0,0,1.0,1,1.0,1,1.0,1,0.2093328998820831,61
1380,1,1862,970,892,0,0,0,1.0,1,1.0,1,1.0,1,0.19181730992751186,60
1381,5,1867,971,896,0,0,0,1.0,1,1.0,1,1.0,1,0.19110058770676727,58
1382,0,1867,971,896,0,0,0,1.0,1,1.0,1,1.0,1,0.17588053005661658,56
1383,1,1868,971,897,0,0,0,1.0,1,1.0,1,1.0,1,0.15503538078172552,57
1384,0,1868,971,897,0,0,0,1.0,1,1.0,1,1.0,1,0.15862467964231838,55
1385,1,1869,971,898,0,0,0,1.0,1,1.0,1,1.0,1,0.17377147735586873,55
1386,3,1872,971,901,0,0,0,1.0,1,1.0,1,1.0,1,0.10687816041671973,54
1387,0,1872,971,901,0,0,0,1.0,1,1.0,1,1.0,1,0.11345286467005467,53
1388,3,1875,973,902,0,0,0,1.0,1,1.0,1,1.0,1,0.13419598093680343,52
1389,0,1875,973,902,0,0,0,1.0,1,1.0,1,1.0,1,0.15846339943510893,52
1390,1,1876,973,903,0,0,0,1.0,1,1.0,1,1.0,1,0.16132802276619473,51
1391,2,1878,973,905,0,0,0,1.0,1,1.0,1,1.0,1,0.15064313529318712,52
1392,0,1878,973,905,0,0,0,1.0,1,1.0,1,1.0,1,0.14041157626233786,51
1393,1,1879,974,905,0,0,0,1.0,1,1.0,1,1.0,1,0.1618409101087176,51
1394,2,1881,974,907,0,0,0,1.0,1,1.0,1,1.0,1,0.1547017526719395,52
1395,0,1881,974,907,0,0,0,1.0,1,1.0,1,1.0,1,0.1547017526719395,52
1396,1,1882,974,908,0,0,0,1.0,1,1.0,1,1.0,1,0.1417271592430392,53
1397,0,1882,974,908,0,0,0,1.0,1,1.0,1,1.0,1,0.1453674841444762,56
1398,1,1883,975,908,0,0,0,1.0,1,1.0,1,1.0,1,0.13845173126380175,56
1399,3,1886,976,910,0,0,0,1.0,1,1.0,1,1.0,1,0.1241493013189103,57
1400,3,1889,978,911,0,0,0,1.0,1,1.0,1,1.0,1,0.14428833531690036,57
1401,1,1890,978,912,0,0,0,1.0,1,1.0,1,1.0,1,0.13308039803040325,57
1402,6,1896,982,914,0,0,0,1.0,1,1.0,1,1.0,1,0.17201607347498427,57
1403,1,1897,982,915,0,0,0,1.0,1,1.0,1,1.0,1,0.17780421097498472,56
1404,2,1899,984,915,0,0,0,1.0,1,1.0,1,1.0,1,0.17749038020279992,58
1405,3,1902,985,917,0,0,0,1.0,1,1.0,1,1.0,1,0.21535283022893448,58
1406,3,1905,985,920,0,0,0,1.0,1,1.0,1,1.0,1,0.19434988955250218,58
1407,0,1905,985,920,0,0,0,1.0,1,1.0,1,1.0,1,0.21470324972692417,57
1408,1,1906,985,921,0,0,0,1.0,1,1.0,1,1.0,1,0.21668499582307046,58
1409,0,1906,985,921,0,0,0,1.0,1,1.0,1,1.0,1,0.21134508338361,57
1410,0,1906,985,921,0,0,0,1.0,1,1.0,1,1.0,1,0.21134508338361,57
1411,0,1906,985,921,0,0,0,1.0,1,1.0,1,1.0,1,0.22729372861735261,56
1412,0,1906,985,921,0,0,0,1.0,1,1.0,1,1.0,1,0.22699276050283837,55
1413,0,1906,985,921,0,0,0,1.0,1,1.0,1,1.0,1,0.22947958299829105,57
1414,0,1906,985,921,0,0,0,1.0,1,1.0,1,1.0,1,0.22947958299829105,57
1415,1,1907,986,921,0,0,0,1.0,1,1.0,1,1.0,1,0.24745409924411815,60
1416,1,1908,986,922,0,0,0,1.0,1,1.0,1,1.0,1,0.23598776572704308,61
1417,2,1910,986,924,0,0,0,1.0,1,1.0,1,1.0,1,0.19957924977191216,59
1418,2,1912,986,926,0,0,0,1.0,1,1.0,1,1.0,1,0.1827480467279825,60
1419,2,1914,987,927,0,0,0,1.0,1,1.0,1,1.0,1,0.1853840596028006,59
1420,0,1914,987,927,0,0,0,1.0,1,1.0,1,1.0,1,0.1734832919818637,58
1421,2,1916,987,929,0,0,0,1.0,1,1.0,1,1.0,1,0.14374202697731434,57
1422,0,1916,987,929,0,0,0,1.0,1,1.0,1,1.0,1,0.14374202697731434,57
1423,0,1916,987,929,0,0,0,1.0,1,1.0,1,1.0,1,0.13783466215043022,56
1424,0,1916,987,929,0,0,0,1.0,1,1.0,1,1.0,1,0.1408623317728315,57
1425,1,1917,987,930,0,0,0,1.0,1,1.0,1,1.0,1,0.14733767285701418,54
1426,2,1919,987,932,0,0,0,1.0,1,1.0,1,1.0,1,0.14604633165682682,54
1427,1,1920,988,932,0,0,0,1.0,1,1.0,1,1.0,1,0.20265376117161504,53
1428,1,1921,989,932,0,0,0,1.0,1,1.0,1,1.0,1,0.198080350560511,52
1429,0,1921,989,932,0,0,0,1.0,1,1.0,1,1.0,1,0.198080350560511,52
1430,2,1923,991,932,0,0,0,1.0,1,1.0,1,1.0,1,0.22711605638030438,51
1431,2,1925,991,934,0,0,0,1.0,1,1.0,1,1.0,1,0.20727924605441583,51
1432,3,1928,993,935,0,0,0,1.0,1,1.0,1,1.0,1,0.19842972947308138,52
1433,1,1929,993,936,0,0,0,1.0,1,1.0,1,1.0,1,0.18658994589684105,52
1434,2,1931,995,936,0,0,0,1.0,1,1.0,1,1.0,1,0.2058651350995449,52
1435,0,1931,995,936,0,0,0,1.0,1,1.0,1,1.0,1,0.22801534275996543,50
1436,4,1935,996,939,0,0,0,1.0,1,1.0,1,1.0,1,0.1939529122195341,50
1437,1,1936,997,939,0,0,0,1.0,1,1.0,1,1.0,1,0.22487505088664173,49
1438,1,1937,998,939,0,0,0,1.0,1,1.0,1,1.0,1,0.2417614209414407,49
1439,1,1938,999,939,0,0,0,1.0,1,1.0,1,1.0,1,0.26182514413194263,50
1440,2,1940,1001,939,0,0,0,1.0,1,1.0,1,1.0,1,0.29056412976978396,50
1441,2,1942,1002,940,0,0,0,1.0,1,1.0,1,1.0,1,0.28597047819517446,51
1442,0,1942,1002,940,0,0,0,1.0,1,1.0,1,1.0,1,0.2980800332897296,50
1443,1,1943,1002,941,0,0,0,1.0,1,1.0,1,1.0,1,0.28151413872020203,51
1444,3,1946,1002,944,0,0,0,1.0,1,1.0,1,1.0,1,0.2396560643608407,51
1445,3,1949,1003,946,0,0,0,1.0,1,1.0,1,1.0,1,0.25954123769845105,51
1446,4,1953,1005,948,0,0,0,1.0,1,1.0,1,1.0,1,0.21685086065628803,51
1447,3,1956,1005,951,0,0,0,1.0,1,1.0,1,1.0,1,0.17873312400185334,51
1448,3,1959,1005,954,0,0,0,1.0,1,1.0,1,1.0,1,0.13321746484271618,51
1449,1,1960,1005,955,0,0,0,1.0,1,1.0,1,1.0,1,0.14022571563615485,51
1450,0,1960,1005,955,0,0,0,1.0,1,1.0,1,1.0,1,0.1291677763879637,52
1451,2,1962,1005,957,0,0,0,1.0,1,1.0,1,1.0,1,0.10924835381552667,54
1452,2,1964,1005,959,0,0,0,1.0,1,1.0,1,1.0,1,0.11609169447763594,56
1453,4,1968,1007,961,0,0,0,1.0,1,1.0,1,1.0,1,0.14303917399154295,56
1454,2,1970,1007,963,0,0,0,1.0,1,1.0,1,1.0,1,0.14624400088055445,58
1455,2,1972,1009,963,0,0,0,1.0,1,1.0,1,1.0,1,0.18073596426280458,55
1456,4,1976,1009,967,0,0,0,1.0,1,1.0,1,1.0,1,0.15863521302011485,56
1457,2,1978,1010,968,0,0,0,1.0,1,1.0,1,1.0,1,0.19097475423312518,54
1458,1,1979,1011,968,0,0,0,1.0,1,1.0,1,1.0,1,0.19216347772041373,52
1459,1,1980,1011,969,0,0,0,1.0,1,1.0,1,1.0,1,0.1913831998227677,52
1460,0,1980,1011,969,0,0,0,1.0,1,1.0,1,1.0,1,0.17328878998461095,50
1461,3,1983,1012,971,0,0,0,1.0,1,1.0,1,1.0,1,0.17260585866393277,53
1462,2,1985,1013,972,0,0,0,1.0,1,1.0,1,1.0,1,0.17611336354415869,51
1463,0,1985,1013,972,0,0,0,1.0,1,1.0,1,1.0,1,0.187400787119191,51
1464,0,1985,1013,972,0,0,0,1.0,1,1.0,1,1.0,1,0.187400787119191,51
1465,0,1985,1013,972,0,0,0,1.0,1,1.0,1,1.0,1,0.18526890011598213,49
1466,4,1989,1014,975,0,0,0,1.0,1,1.0,1,1.0,1,0.1640384415292494,49
1467,1,1990,1015,975,0,0,0,1.0,1,1.0,1,1.0,1,0.20597967582575027,47
1468,2,1992,1016,976,0,0,0,1.0,1,1.0,1,1.0,1,0.22581878330682006,48
1469,1,1993,1017,976,0,0,0,1.0,1,1.0,1,1.0,1,0.25851678137465833,47
1470,0,1993,1017,976,0,0,0,1.0,1,1.0,1,1.0,1,0.24866462125600444,49
1471,2,1995,1017,978,0,0,0,1.0,1,1.0,1,1.0,1,0.24538649235260965,48
1472,0,1995,1017,978,0,0,0,1.0,1,1.0,1,1.0,1,0.23575858961245585,48
1473,0,1995,1017,978,0,0,0,1.0,1,1.0,1,1.0,1,0.2439342478562105,49
1474,1,1996,1017,979,0,0,0,1.0,1,1.0,1,1.0,1,0.2324337089410762,49
1475,0,1996,1017,979,0,0,0,1.0,1,1.0,1,1.0,1,0.2324337089410762,49
1476,2,1998,1017,981,0,0,0,1.0,1,1.0,1,1.0,1,0.2124440131129525,51
1477,0,1998,1017,981,0,0,0,1.0,1,1.0,1,1.0,1,0.2124440131129525,51
1478,3,2001,1017,984,0,0,0,1.0,1,1.0,1,1.0,1,0.16862940515952796,52
1479,1,2002,1017,985,0,0,0,1.0,1,1.0,1,1.0,1,0.1680941164286526,53
1480,3,2005,1018,987,0,0,0,1.0,1,1.0,1,1.0,1,0.16715789209076531,53
1481,1,2006,1018,988,0,0,0,1.0,1,1.0,1,1.0,1,0.15637544917140997,53
1482,1,2007,1019,988,0,0,0,1.0,1,1.0,1,1.0,1,0.19669606882999446,52
1483,0,2007,1019,988,0,0,0,1.0,1,1.0,1,1.0,1,0.19669606882999446,52
1484,4,2011,1019,992,0,0,0,1.0,1,1.0,1,1.0,1,0.18717263620874178,53
1485,0,2011,1019,992,0,0,0,1.0,1,1.0,1,1.0,1,0.18717263620874178,53
1486,6,2017,1019,998,0,0,0,1.0,1,1.0,1,1.0,1,0.16214701703960402,54
1487,0,2017,1019,998,0,0,0,1.0,1,1.0,1,1.0,1,0.17006480659922962,55
1488,2,2019,1019,1000,0,0,0,1.0,1,1.0,1,1.0,1,0.16085955114135936,57
1489,0,2019,1019,1000,0,0,0,1.0,1,1.0,1,1.0,1,0.15246800608346736,58
1490,0,2019,1019,1000,0,0,0,1.0,1,1.0,1,1.0,1,0.15246800608346736,58
1491,2,2021,1020,1001,0,0,0,1.0,1,1.0,1,1.0,1,0.16722236348832056,59
1492,2,2023,1020,1003,0,0,0,1.0,1,1.0,1,1.0,1,0.14665009984974095,59
1493,1,2024,1021,1003,0,0,0,1.0,1,1.0,1,1.0,1,0.1486013466741807,58
1494,1,2025,1022,1003,0,0,0,1.0,1,1.0,1,1.0,1,0.17839521180111303,58
1495,1,2026,1023,1003,0,0,0,1.0,1,1.0,1,1.0,1,0.19414223956357765,57
1496,1,2027,1023,1004,0,0,0,1.0,1,1.0,1,1.0,1,0.17173337693202373,59
1497,2,2029,1024,1005,0,0,0,1.0,1,1.0,1,1.0,1,0.18220792450246492,58
1498,2,2031,1025,1006,0,0,0,1.0,1,1.0,1,1.0,1,0.19220258470503054,58
1499,0,2031,1025,1006,0,0,0,1.0,1,1.0,1,1.0,1,0.16995539363858966,56
1500,1,2032,1025,1007,0,0,0,1.0,1,1.0,1,1.0,1,0.16488819656122758,57
1501,0,2032,1025,1007,0,0,0,1.0,1,1.0,1,1.0,1,0.15332167674080088,55
1502,0,2032,1025,1007,0,0,0,1.0,1,1.0,1,1.0,1,0.15433443718219084,55
1503,1,2033,1026,1007,0,0,0,1.0,1,1.0,1,1.0,1,0.1779905492190848,54
1504,1,2034,1026,1008,0,0,0,1.0,1,1.0,1,1.0,1,0.1383881400259485,55
1505,2,2036,1027,1009,0,0,0,1.0,1,1.0,1,1.0,1,0.13609555610694346,53
1506,1,2037,1027,1010,0,0,0,1.0,1,1.0,1,1.0,1,0.13649364192131191,55
1507,0,2037,1027,1010,0,0,0,1.0,1,1.0,1,1.0,1,0.15990656387888705,53
1508,1,2038,1027,1011,0,0,0,1.0,1,1.0,1,1.0,1,0.1480836969911396,53
1509,1,2039,1027,1012,0,0,0,1.0,1,1.0,1,1.0,1,0.1753774006875148,52
1510,2,2041,1028,1013,0,0,0,1.0,1,1.0,1,1.0,1,0.17306973866469585,50
1511,1,2042,1028,1014,0,0,0,1.0,1,1.0,1,1.0,1,0.17380400262782658,49
1512,3,2045,1030,1015,0,0,0,1.0,1,1.0,1,1.0,1,0.21775385192814978,48
1513,0,2045,1030,1015,0,0,0,1.0,1,1.0,1,1.0,1,0.25991462541126314,47
1514,2,2047,1030,1017,0,0,0,1.0,1,1.0,1,1.0,1,0.21965149814440602,48
1515,0,2047,1030,1017,0,0,0,1.0,1,1.0,1,1.0,1,0.21965149814440602,48
1516,3,2050,1030,1020,0,0,0,1.0,1,1.0,1,1.0,1,0.197696269589829,47
1517,1,2051,1030,1021,0,0,0,1.0,1,1.0,1,1.0,1,0.20143326197977376,48
1518,2,2053,1030,1023,0,0,0,1.0,1,1.0,1,1.0,1,0.17823212145269277,48
1519,0,2053,1030,1023,0,0,0,1.0,1,1.0,1,1.0,1,0.19240087047499244,47
1520,1,2054,1030,1024,0,0,0,1.0,1,1.0,1,1.0,1,0.191619175387634,48
1521,1,2055,1030,1025,0,0,0,1.0,1,1.0,1,1.0,1,0.1712386644317711,49
1522,1,2056,1030,1026,0,0,0,1.0,1,1.0,1,1.0,1,0.157779268317877,48
1523,0,2056,1030,1026,0,0,0,1.0,1,1.0,1,1.0,1,0.16980417989260352,49
1524,1,2057,1031,1026,0,0,0,1.0,1,1.0,1,1.0,1,0.18883763438978546,49
1525,1,2058,1031,1027,0,0,0,1.0,1,1.0,1,1.0,1,0.18534315285601435,51
1526,1,2059,1031,1028,0,0,0,1.0,1,1.0,1,1.0,1,0.15406433309297649,52
1527,0,2059,1031,1028,0,0,0,1.0,1,1.0,1,1.0,1,0.14677214583966805,54
1528,1,2060,1031,1029,0,0,0,1.0,1,1.0,1,1.0,1,0.13543641093782535,54
1529,0,2060,1031,1029,0,0,0,1.0,1,1.0,1,1.0,1,0.13543641093782535,54
1530,1,2061,1032,1029,0,0,0,1.0,1,1.0,1,1.0,1,0.1473232850770967,54
1531,1,2062,1032,1030,0,0,0,1.0,1,1.0,1,1.0,1,0.12475808800323074,54
1532,2,2064,1033,1031,0,0,0,1.0,1,1.0,1,1.0,1,0.09339614620779423,54
1533,0,2064,1033,1031,0,0,0,1.0,1,1.0,1,1.0,1,0.10121116511098603,54
1534,1,2065,1033,1032,0,0,0,1.0,1,1.0,1,1.0,1,0.08932878054732032,54
1535,0,2065,1033,1032,0,0,0,1.0,1,1.0,1,1.0,1,0.08932878054732032,54
1536,1,2066,1033,1033,0,0,0,1.0,1,1.0,1,1.0,1,0.08911603266841397,55
1537,0,2066,1033,1033,0,0,0,1.0,1,1.0,1,1.0,1,0.09770561638651362,53
1538,0,2066,1033,1033,0,0,0,1.0,1,1.0,1,1.0,1,0.10863565949728958,54
1539,0,2066,1033,1033,0,0,0,1.0,1,1.0,1,1.0,1,0.12200157847820889,54
1540,1,2067,1034,1033,0,0,0,1.0,1,1.0,1,1.0,1,0.11890308073832616,54
1541,2,2069,1034,1035,0,0,0,1.0,1,1.0,1,1.0,1,0.09926178691474291,54
1542,3,2072,1035,1037,0,0,0,1.0,1,1.0,1,1.0,1,0.09059126758621458,57
1543,2,2074,1036,1038,0,0,0,1.0,1,1.0,1,1.0,1,0.11705931452726652,55
1544,3,2077,1039,1038,0,0,0,1.0,1,1.0,1,1.0,1,0.15214071518775585,54
1545,1,2078,1039,1039,0,0,0,1.0,1,1.0,1,1.0,1,0.14459022424454226,54
1546,5,2083,1041,1042,0,0,0,1.0,1,1.0,1,1.0,1,0.10144853697727425,53
1547,3,2086,1043,1043,0,0,0,1.0,1,1.0,1,1.0,1,0.08222997847423542,53
1548,3,2089,1046,1043,0,0,0,1.0,1,1.0,1,1.0,1,0.11128472321832514,54
1549,3,2092,1048,1044,0,0,0,1.0,1,1.0,1,1.0,1,0.13484444393126746,52
1550,6,2098,1051,1047,0,0,0,1.0,1,1.0,1,1.0,1,0.11745629768943011,52
1551,6,2104,1053,1051,0,0,0,1.0,1,1.0,1,1.0,1,0.07722910826494367,52
1552,3,2107,1055,1052,0,0,0,1.0,1,1.0,1,1.0,1,0.07769221476257003,51
1553,1,2108,1056,1052,0,0,0,1.0,1,1.0,1,1.0,1,0.139325904455217,51
1554,2,2110,1057,1053,0,0,0,1.0,1,1.0,1,1.0,1,0.10209170041556226,51
1555,2,2112,1058,1054,0,0,0,1.0,1,1.0,1,1.0,1,0.1325946070919907,50
1556,5,2117,1059,1058,0,0,0,1.0,1,1.0,1,1.0,1,0.06674062254215173,51
1557,2,2119,1061,1058,0,0,0,1.0,1,1.0,1,1.0,1,0.11353180827659767,51
1558,0,2119,1061,1058,0,0,0,1.0,1,1.0,1,1.0,1,0.12244251612326587,52
1559,1,2120,1062,1058,0,0,0,1.0,1,1.0,1,1.0,1,0.1169051463402955,53
1560,2,2122,1064,1058,0,0,0,1.0,1,1.0,1,1.0,1,0.137620575268769,51
1561,3,2125,1065,1060,0,0,0,1.0,1,1.0,1,1.0,1,0.12878206619339774,51
1562,0,2125,1065,1060,0,0,0,1.0,1,1.0,1,1.0,1,0.1303437620625179,52
1563,0,2125,1065,1060,0,0,0,1.0,1,1.0,1,1.0,1,0.1303437620625179,52
1564,0,2125,1065,1060,0,0,0,1.0,1,1.0,1,1.0,1,0.125106607915723,51
1565,0,2125,1065,1060,0,0,0,1.0,1,1.0,1,1.0,1,0.13418910145661758,53
1566,2,2127,1065,1062,0,0,0,1.0,1,1.0,1,1.0,1,0.09910048696355217,53
1567,2,2129,1066,1063,0,0,0,1.0,1,1.0,1,1.0,1,0.08213319456952937,52
1568,1,2130,1067,1063,0,0,0,1.0,1,1.0,1,1.0,1,0.09729924238675364,52
1569,1,2131,1068,1063,0,0,0,1.0,1,1.0,1,1.0,1,0.12342021050874546,49
1570,1,2132,1069,1063,0,0,0,1.0,1,1.0,1,1.0,1,0.14069382935172878,48
1571,3,2135,1071,1064,0,0,0,1.0,1,1.0,1,1.0,1,0.15062446835825705,46
1572,4,2139,1074,1065,0,0,0,1.0,1,1.0,1,1.0,1,0.13043956805115442,47
1573,1,2140,1075,1065,0,0,0,1.0,1,1.0,1,1.0,1,0.13734838295298563,48
1574,3,2143,1078,1065,0,0,0,1.0,1,1.0,1,1.0,1,0.14321237724710273,46
1575,2,2145,1079,1066,0,0,0,1.0,1,1.0,1,1.0,1,0.12881216727470285,47
1576,3,2148,1081,1067,0,0,0,1.0,1,1.0,1,1.0,1,0.08988216530053149,46
1577,0,2148,1081,1067,0,0,0,1.0,1,1.0,1,1.0,1,0.07672937099947108,45
1578,2,2150,1082,1068,0,0,0,1.0,1,1.0,1,1.0,1,0.051796444185293396,44
1579,0,2150,1082,1068,0,0,0,1.0,1,1.0,1,1.0,1,0.054528633799637224,43
1580,0,2150,1082,1068,0,0,0,1.0,1,1.0,1,1.0,1,0.054528633799637224,43
1581,1,2151,1082,1069,0,0,0,1.0,1,1.0,1,1.0,1,0.08269336900017615,42
1582,0,2151,1082,1069,0,0,0,1.0,1,1.0,1,1.0,1,0.08269336900017615,42
1583,0,2151,1082,1069,0,0,0,1.0,1,1.0,1,1.0,1,0.08041440730881108,43
1584,0,2151,1082,1069,0,0,0,1.0,1,1.0,1,1.0,1,0.10460674159791533,41
1585,6,2157,1088,1069,0,0,0,1.0,1,1.0,1,1.0,1,0.09412205738210772,43
1586,3,2160,1090,1070,0,0,0,1.0,1,1.0,1,1.0,1,0.10593031543948182,42
1587,2,2162,1092,1070,0,0,0,1.0,1,1.0,1,1.0,1,0.1445815499105597,42
1588,2,2164,1093,1071,0,0,0,1.0,1,1.0,1,1.0,1,0.17698903804986804,42
1589,1,2165,1094,1071,0,0,0,1.0,1,1.0,1,1.0,1,0.15461577545041053,42
1590,1,2166,1094,1072,0,0,0,1.0,1,1.0,1,1.0,1,0.21398527852653174,41
1591,4,2170,1095,1075,0,0,0,1.0,1,1.0,1,1.0,1,0.1478352379010097,40
1592,1,2171,1095,1076,0,0,0,1.0,1,1.0,1,1.0,1,0.15978392338785113,39
1593,0,2171,1095,1076,0,0,0,1.0,1,1.0,1,1.0,1,0.168263784034649,39
1594,1,2172,1095,1077,0,0,0,1.0,1,1.0,1,1.0,1,0.16241374767860517,39
1595,0,2172,1095,1077,0,0,0,1.0,1,1.0,1,1.0,1,0.16878501193962117,42
1596,4,2176,1095,1081,0,0,0,1.0,1,1.0,1,1.0,1,0.1319589552364074,41
1597,1,2177,1095,1082,0,0,0,1.0,1,1.0,1,1.0,1,0.12403346265532714,41
1598,0,2177,1095,1082,0,0,0,1.0,1,1.0,1,1.0,1,0.1638917123010165,39
1599,1,2178,1096,1082,0,0,0,1.0,1,1.0,1,1.0,1,0.1791179415197571,39
1600,0,2178,1096,1082,0,0,0,1.0,1,1.0,1,1.0,1,0.19041617561115215,40
1601,6,2184,1098,1086,0,0,0,1.0,1,1.0,1,1.0,1,0.16395129283676277,41
1602,0,2184,1098,1086,0,0,0,1.0,1,1.0,1,1.0,1,0.14482257964755582,41
1603,1,2185,1099,1086,0,0,0,1.0,1,1.0,1,1.0,1,0.17869382586352742,43
1604,2,2187,1100,1087,0,0,0,1.0,1,1.0,1,1.0,1,0.16574209121371222,43
1605,1,2188,1101,1087,0,0,0,1.0,1,1.0,1,1.0,1,0.19219155361452447,44
1606,4,2192,1102,1090,0,0,0,1.0,1,1.0,1,1.0,1,0.14385010116377786,44
1607,3,2195,1103,1092,0,0,0,1.0,1,1.0,1,1.0,1,0.10330662924822324,42
1608,0,2195,1103,1092,0,0,0,1.0,1,1.0,1,1.0,1,0.1031473128114847,41
1609,0,2195,1103,1092,0,0,0,1.0,1,1.0,1,1.0,1,0.06045858034183154,39
1610,0,2195,1103,1092,0,0,0,1.0,1,1.0,1,1.0,1,0.017235490037096273,39
1611,0,2195,1103,1092,0,0,0,1.0,1,1.0,1,1.0,1,0.02876405535140918,40
1612,0,2195,1103,1092,0,0,0,1.0,1,1.0,1,1.0,1,0.025338133442760043,39
1613,0,2195,1103,1092,0,0,0,1.0,1,1.0,1,1.0,1,0.027275422383610366,41
1614,2,2197,1105,1092,0,0,0,1.0,1,1.0,1,1.0,1,0.03207198497213127,41
1615,1,2198,1106,1092,0,0,0,1.0,1,1.0,1,1.0,1,0.03819778418580388,41
1616,1,2199,1107,1092,0,0,0,1.0,1,1.0,1,1.0,1,0.03657074499741979,43
1617,1,2200,1108,1092,0,0,0,1.0,1,1.0,1,1.0,1,0.06976400118281133,44
1618,0,2200,1108,1092,0,0,0,1.0,1,1.0,1,1.0,1,0.06976400118281133,44
1619,2,2202,1110,1092,0,0,0,1.0,1,1.0,1,1.0,1,0.12394964148878519,44
1620,2,2204,1111,1093,0,0,0,1.0,1,1.0,1,1.0,1,0.11252032562160011,45
1621,1,2205,1111,1094,0,0,0,1.0,1,1.0,1,1.0,1,0.09526733727097803,44
1622,1,2206,1112,1094,0,0,0,1.0,1,1.0,1,1.0,1,0.12687077064328675,44
1623,1,2207,1112,1095,0,0,0,1.0,1,1.0,1,1.0,1,0.13395618192142167,43
1624,1,2208,1113,1095,0,0,0,1.0,1,1.0,1,1.0,1,0.10957918323061568,43
1625,2,2210,1115,1095,0,0,0,1.0,1,1.0,1,1.0,1,0.12320167689952036,43
1626,2,2212,1115,1097,0,0,0,1.0,1,1.0,1,1.0,1,0.1081740045690859,42
1627,1,2213,1116,1097,0,0,0,1.0,1,1.0,1,1.0,1,0.10174458411334539,42
1628,0,2213,1116,1097,0,0,0,1.0,1,1.0,1,1.0,1,0.11597726906045405,42
1629,1,2214,1117,1097,0,0,0,1.0,1,1.0,1,1.0,1,0.11829477100965081,41
1630,1,2215,1118,1097,0,0,0,1.0,1,1.0,1,1.0,1,0.12474187379126056,41
1631,3,2218,1118,1100,0,0,0,1.0,1,1.0,1,1.0,1,0.08189150117283693,40
1632,0,2218,1118,1100,0,0,0,1.0,1,1.0,1,1.0,1,0.09564494651963927,39
1633,0,2218,1118,1100,0,0,0,1.0,1,1.0,1,1.0,1,0.09564494651963927,39
1634,0,2218,1118,1100,0,0,0,1.0,1,1.0,1,1.0,1,0.09564494651963927,39
1635,0,2218,1118,1100,0,0,0,1.0,1,1.0,1,1.0,1,0.11764324476856472,40
1636,2,2220,1118,1102,0,0,0,1.0,1,1.0,1,1.0,1,0.09911651436714153,41
1637,1,2221,1118,1103,0,0,0,1.0,1,1.0,1,1.0,1,0.1029356472573213,41
1638,1,2222,1119,1103,0,0,0,1.0,1,1.0,1,1.0,1,0.1156203093241849,42
1639,2,2224,1120,1104,0,0,0,1.0,1,1.0,1,1.0,1,0.08230370780362539,43
1640,2,2226,1121,1105,0,0,0,1.0,1,1.0,1,1.0,1,0.06561597779899589,43
1641,1,2227,1122,1105,0,0,0,1.0,1,1.0,1,1.0,1,0.05100800267181851,44
1642,6,2233,1126,1107,0,0,0,1.0,1,1.0,1,1.0,1,0.09820853036913331,45
1643,1,2234,1127,1107,0,0,0,1.0,1,1.0,1,1.0,1,0.12755943097912867,44
1644,1,2235,1128,1107,0,0,0,1.0,1,1.0,1,1.0,1,0.1406028533620506,45
1645,1,2236,1129,1107,0,0,0,1.0,1,1.0,1,1.0,1,0.09607344218582675,44
1646,1,2237,1129,1108,0,0,0,1.0,1,1.0,1,1.0,1,0.06705505419841942,43
1647,1,2238,1130,1108,0,0,0,1.0,1,1.0,1,1.0,1,0.10659658334926839,43
1648,0,2238,1130,1108,0,0,0,1.0,1,1.0,1,1.0,1,0.1273872827677049,42
1649,0,2238,1130,1108,0,0,0,1.0,1,1.0,1,1.0,1,0.15311333328080773,41
1650,0,2238,1130,1108,0,0,0,1.0,1,1.0,1,1.0,1,0.15311333328080773,41
1651,1,2239,1130,1109,0,0,0,1.0,1,1.0,1,1.0,1,0.11879538444718526,40
1652,1,2240,1130,1110,0,0,0,1.0,1,1.0,1,1.0,1,0.0768931283455129,39
1653,1,2241,1130,1111,0,0,0,1.0,1,1.0,1,1.0,1,0.08021642137619496,39
1654,1,2242,1130,1112,0,0,0,1.0,1,1.0,1,1.0,1,0.03550173165291225,39
1655,2,2244,1132,1112,0,0,0,1.0,1,1.0,1,1.0,1,0.07979397323583085,40
1656,3,2247,1133,1114,0,0,0,1.0,1,1.0,1,1.0,1,0.1061069137247608,40
1657,0,2247,1133,1114,0,0,0,1.0,1,1.0,1,1.0,1,0.1061069137247608,40
1658,1,2248,1134,1114,0,0,0,1.0,1,1.0,1,1.0,1,0.09170187220091625,40
1659,4,2252,1137,1115,0,0,0,1.0,1,1.0,1,1.0,1,0.13879495966335167,40
1660,2,2254,1139,1115,0,0,0,1.0,1,1.0,1,1.0,1,0.11076792009153089,41
1661,3,2257,1141,1116,0,0,0,1.0,1,1.0,1,1.0,1,0.09468684645764387,42
1662,2,2259,1142,1117,0,0,0,1.0,1,1.0,1,1.0,1,0.02883515092533946,44
1663,1,2260,1143,1117,0,0,0,1.0,1,1.0,1,1.0,1,0.07715660683009644,43
1664,1,2261,1144,1117,0,0,0,1.0,1,1.0,1,1.0,1,0.07138172471142581,42
1665,1,2262,1145,1117,0,0,0,1.0,1,1.0,1,1.0,1,0.09185201009318067,42
1666,2,2264,1147,1117,0,0,0,1.0,1,1.0,1,1.0,1,0.07823372091403483,43
1667,2,2266,1149,1117,0,0,0,1.0,1,1.0,1,1.0,1,0.06590369731664059,40
1668,0,2266,1149,1117,0,0,0,1.0,1,1.0,1,1.0,1,0.07405897226705156,40
1669,3,2269,1152,1117,0,0,0,1.0,1,1.0,1,1.0,1,0.10449475653590563,40
1670,1,2270,1153,1117,0,0,0,1.0,1,1.0,1,1.0,1,0.11668515963963365,39
1671,2,2272,1154,1118,0,0,0,1.0,1,1.0,1,1.0,1,0.11626266189707647,39
1672,2,2274,1156,1118,0,0,0,1.0,1,1.0,1,1.0,1,0.15949089553003473,38
1673,2,2276,1158,1118,0,0,0,1.0,1,1.0,1,1.0,1,0.18779648973708915,38
1674,2,2278,1159,1119,0,0,0,1.0,1,1.0,1,1.0,1,0.1730859021683281,38
1675,0,2278,1159,1119,0,0,0,1.0,1,1.0,1,1.0,1,0.1516199550515252,39
1676,1,2279,1159,1120,0,0,0,1.0,1,1.0,1,1.0,1,0.1565389154355378,39
1677,0,2279,1159,1120,0,0,0,1.0,1,1.0,1,1.0,1,0.13932715486193242,40
1678,3,2282,1160,1122,0,0,0,1.0,1,1.0,1,1.0,1,0.14737521617847155,39
1679,0,2282,1160,1122,0,0,0,1.0,1,1.0,1,1.0,1,0.14737521617847155,39
1680,1,2283,1161,1122,0,0,0,1.0,1,1.0,1,1.0,1,0.1713085973970919,40
1681,1,2284,1162,1122,0,0,0,1.0,1,1.0,1,1.0,1,0.16818398945211957,41
1682,3,2287,1162,1125,0,0,0,1.0,1,1.0,1,1.0,1,0.11189556567017522,40
1683,5,2292,1166,1126,0,0,0,1.0,1,1.0,1,1.0,1,0.11521102272299669,43
1684,3,2295,1167,1128,0,0,0,1.0,1,1.0,1,1.0,1,0.11979421524410111,42
1685,3,2298,1169,1129,0,0,0,1.0,1,1.0,1,1.0,1,0.09329899883674526,41
1686,0,2298,1169,1129,0,0,0,1.0,1,1.0,1,1.0,1,0.06864805369540203,39
1687,4,2302,1173,1129,0,0,0,1.0,1,1.0,1,1.0,1,0.1516347821167051,41
1688,0,2302,1173,1129,0,0,0,1.0,1,1.0,1,1.0,1,0.128401498565509,39
1689,3,2305,1176,1129,0,0,0,1.0,1,1.0,1,1.0,1,0.13230800886480973,37
1690,0,2305,1176,1129,0,0,0,1.0,1,1.0,1,1.0,1,0.13334807278694508,36
1691,3,2308,1177,1131,0,0,0,1.0,1,1.0,1,1.0,1,0.14159305970137384,36
1692,0,2308,1177,1131,0,0,0,1.0,1,1.0,1,1.0,1,0.13520999551745538,34
1693,1,2309,1178,1131,0,0,0,1.0,1,1.0,1,1.0,1,0.10877586341614455,33
1694,2,2311,1179,1132,0,0,0,1.0,1,1.0,1,1.0,1,0.1294679136232631,32
1695,1,2312,1179,1133,0,0,0,1.0,1,1.0,1,1.0,1,0.09040769390778004,32
1696,2,2314,1180,1134,0,0,0,1.0,1,1.0,1,1.0,1,0.11553528053123102,34
1697,1,2315,1181,1134,0,0,0,1.0,1,1.0,1,1.0,1,0.1490364184251396,34
1698,5,2320,1183,1137,0,0,0,1.0,1,1.0,1,1.0,1,0.09198221306274788,36
1699,1,2321,1184,1137,0,0,0,1.0,1,1.0,1,1.0,1,0.1332209830919498,36
1700,0,2321,1184,1137,0,0,0,1.0,1,1.0,1,1.0,1,0.15475160168587437,37
1701,0,2321,1184,1137,0,0,0,1.0,1,1.0,1,1.0,1,0.1436649481152099,39
1702,0,2321,1184,1137,0,0,0,1.0,1,1.0,1,1.0,1,0.1436649481152099,39
1703,1,2322,1185,1137,0,0,0,1.0,1,1.0,1,1.0,1,0.15485544748396615,38
1704,0,2322,1185,1137,0,0,0,1.0,1,1.0,1,1.0,1,0.11849073272829165,38
1705,3,2325,1187,1138,0,0,0,1.0,1,1.0,1,1.0,1,0.12854603545802867,37
1706,3,2328,1188,1140,0,0,0,1.0,1,1.0,1,1.0,1,0.08277341238935419,37
1707,2,2330,1189,1141,0,0,0,1.0,1,1.0,1,1.0,1,0.08938280758758778,36
1708,0,2330,1189,1141,0,0,0,1.0,1,1.0,1,1.0,1,0.13275857448949113,34
1709,0,2330,1189,1141,0,0,0,1.0,1,1.0,1,1.0,1,0.13275857448949113,34
1710,4,2334,1192,1142,0,0,0,1.0,1,1.0,1,1.0,1,0.2620982425551289,33
1711,3,2337,1192,1145,0,0,0,1.0,1,1.0,1,1.0,1,0.16019018244646627,32
1712,1,2338,1193,1145,0,0,0,1.0,1,1.0,1,1.0,1,0.20527660383395627,31
1713,0,2338,1193,1145,0,0,0,1.0,1,1.0,1,1.0,1,0.20698783661889114,32
1714,0,2338,1193,1145,0,0,0,1.0,1,1.0,1,1.0,1,0.20698783661889114,32
1715,0,2338,1193,1145,0,0,0,1.0,1,1.0,1,1.0,1,0.20698783661889114,32
1716,4,2342,1194,1148,0,0,0,1.0,1,1.0,1,1.0,1,0.12748586239926513,34
1717,0,2342,1194,1148,0,0,0,1.0,1,1.0,1,1.0,1,0.12748586239926513,34
1718,1,2343,1194,1149,0,0,0,1.0,1,1.0,1,1.0,1,0.11293912789328314,34
1719,1,2344,1195,1149,0,0,0,1.0,1,1.0,1,1.0,1,0.15820958533383583,34
1720,1,2345,1196,1149,0,0,0,1.0,1,1.0,1,1.0,1,0.17019038938951178,34
1721,4,2349,1197,1152,0,0,0,1.0,1,1.0,1,1.0,1,0.15659675595413944,35
1722,0,2349,1197,1152,0,0,0,1.0,1,1.0,1,1.0,1,0.13140964343654382,35
1723,0,2349,1197,1152,0,0,0,1.0,1,1.0,1,1.0,1,0.11449552163849795,34
1724,2,2351,1197,1154,0,0,0,1.0,1,1.0,1,1.0,1,0.04483879931330249,33
1725,0,2351,1197,1154,0,0,0,1.0,1,1.0,1,1.0,1,0.06149336488087618,35
1726,0,2351,1197,1154,0,0,0,1.0,1,1.0,1,1.0,1,0.0687454820504295,34
1727,0,2351,1197,1154,0,0,0,1.0,1,1.0,1,1.0,1,0.0687454820504295,34
1728,1,2352,1198,1154,0,0,0,1.0,1,1.0,1,1.0,1,0.04234697696749285,35
1729,1,2353,1199,1154,0,0,0,1.0,1,1.0,1,1.0,1,0.03882338791115526,35
1730,0,2353,1199,1154,0,0,0,1.0,1,1.0,1,1.0,1,0.03882338791115526,35
1731,1,2354,1200,1154,0,0,0,1.0,1,1.0,1,1.0,1,0.1101282618562651,35
1732,0,2354,1200,1154,0,0,0,1.0,1,1.0,1,1.0,1,0.1101282618562651,35
1733,0,2354,1200,1154,0,0,0,1.0,1,1.0,1,1.0,1,0.12517160526085822,33
1734,1,2355,1201,1154,0,0,0,1.0,1,1.0,1,1.0,1,0.13083526321397562,34
1735,0,2355,1201,1154,0,0,0,1.0,1,1.0,1,1.0,1,0.15982023647450286,33
1736,3,2358,1204,1154,0,0,0,1.0,1,1.0,1,1.0,1,0.15175497709420704,33
1737,0,2358,1204,1154,0,0,0,1.0,1,1.0,1,1.0,1,0.13974237999471345,35
1738,1,2359,1205,1154,0,0,0,1.0,1,1.0,1,1.0,1,0.12027804378861467,36
1739,2,2361,1207,1154,0,0,0,1.0,1,1.0,1,1.0,1,0.12339289676189756,36
1740,1,2362,1208,1154,0,0,0,1.0,1,1.0,1,1.0,1,0.13742376990683175,37
1741,1,2363,1209,1154,0,0,0,1.0,1,1.0,1,1.0,1,0.09049562489258291,36
1742,1,2364,1210,1154,0,0,0,1.0,1,1.0,1,1.0,1,0.06780146308712963,36
1743,2,2366,1212,1154,0,0,0,1.0,1,1.0,1,1.0,1,0.1371133590076854,37
1744,1,2367,1212,1155,0,0,0,1.0,1,1.0,1,1.0,1,0.13017612675667609,37
1745,4,2371,1216,1155,0,0,0,1.0,1,1.0,1,1.0,1,0.26944163805710564,38
1746,4,2375,1216,1159,0,0,0,1.0,1,1.0,1,1.0,1,0.22138696405821812,38
1747,3,2378,1217,1161,0,0,0,1.0,1,1.0,1,1.0,1,0.22293370876809232,37
1748,1,2379,1218,1161,0,0,0,1.0,1,1.0,1,1.0,1,0.20950691911552421,38
1749,1,2380,1218,1162,0,0,0,1.0,1,1.0,1,1.0,1,0.1962357609102566,38
1750,0,2380,1218,1162,0,0,0,1.0,1,1.0,1,1.0,1,0.21090612132610792,39
1751,3,2383,1218,1165,0,0,0,1.0,1,1.0,1,1.0,1,0.15661902169909853,41
1752,0,2383,1218,1165,0,0,0,1.0,1,1.0,1,1.0,1,0.15661902169909853,41
1753,0,2383,1218,1165,0,0,0,1.0,1,1.0,1,1.0,1,0.16759791459134132,41
1754,1,2384,1218,1166,0,0,0,1.0,1,1.0,1,1.0,1,0.15125901695052224,40
1755,1,2385,1218,1167,0,0,0,1.0,1,1.0,1,1.0,1,0.13693736087437874,41
1756,2,2387,1218,1169,0,0,0,1.0,1,1.0,1,1.0,1,0.15417527097104305,41
1757,0,2387,1218,1169,0,0,0,1.0,1,1.0,1,1.0,1,0.17048761137646457,40
1758,1,2388,1218,1170,0,0,0,1.0,1,1.0,1,1.0,1,0.14775563634941888,41
1759,1,2389,1219,1170,0,0,0,1.0,1,1.0,1,1.0,1,0.1833556567394775,38
1760,0,2389,1219,1170,0,0,0,1.0,1,1.0,1,1.0,1,0.1833556567394775,38
1761,3,2392,1221,1171,0,0,0,1.0,1,1.0,1,1.0,1,0.18424029734508127,37
1762,2,2394,1222,1172,0,0,0,1.0,1,1.0,1,1.0,1,0.16524585681681267,37
1763,3,2397,1225,1172,0,0,0,1.0,1,1.0,1,1.0,1,0.17233492390525165,37
1764,2,2399,1226,1173,0,0,0,1.0,1,1.0,1,1.0,1,0.18610677379799895,36
1765,3,2402,1229,1173,0,0,0,1.0,1,1.0,1,1.0,1,0.23997045461955124,36
1766,6,2408,1230,1178,0,0,0,1.0,1,1.0,1,1.0,1,0.16195656537396844,37
1767,1,2409,1231,1178,0,0,0,1.0,1,1.0,1,1.0,1,0.19926966344281438,37
1768,0,2409,1231,1178,0,0,0,1.0,1,1.0,1,1.0,1,0.1539183212016134,37
1769,1,2410,1232,1178,0,0,0,1.0,1,1.0,1,1.0,1,0.14055419941151906,38
1770,1,2411,1232,1179,0,0,0,1.0,1,1.0,1,1.0,1,0.14564498786319635,39
1771,1,2412,1232,1180,0,0,0,1.0,1,1.0,1,1.0,1,0.12364701579334367,39
1772,1,2413,1233,1180,0,0,0,1.0,1,1.0,1,1.0,1,0.1364624009503172,39
1773,2,2415,1234,1181,0,0,0,1.0,1,1.0,1,1.0,1,0.10380972316563897,41
1774,1,2416,1235,1181,0,0,0,1.0,1,1.0,1,1.0,1,0.13017054783877818,41
1775,0,2416,1235,1181,0,0,0,1.0,1,1.0,1,1.0,1,0.13385599430953074,42
1776,2,2418,1236,1182,0,0,0,1.0,1,1.0,1,1.0,1,0.13390759533501836,43
1777,1,2419,1236,1183,0,0,0,1.0,1,1.0,1,1.0,1,0.10993538492566632,43
1778,0,2419,1236,1183,0,0,0,1.0,1,1.0,1,1.0,1,0.12481818723201808,44
1779,1,2420,1236,1184,0,0,0,1.0,1,1.0,1,1.0,1,0.11388457443706977,46
1780,0,2420,1236,1184,0,0,0,1.0,1,1.0,1,1.0,1,0.11388457443706977,46
1781,1,2421,1236,1185,0,0,0,1.0,1,1.0,1,1.0,1,0.10449365707391411,46
1782,0,2421,1236,1185,0,0,0,1.0,1,1.0,1,1.0,1,0.11187288553848888,46
1783,0,2421,1236,1185,0,0,0,1.0,1,1.0,1,1.0,1,0.12829110497308677,44
1784,0,2421,1236,1185,0,0,0,1.0,1,1.0,1,1.0,1,0.11482035365781504,45
1785,1,2422,1237,1185,0,0,0,1.0,1,1.0,1,1.0,1,0.14271169259349165,42
1786,3,2425,1239,1186,0,0,0,1.0,1,1.0,1,1.0,1,0.12032079206358152,43
1787,0,2425,1239,1186,0,0,0,1.0,1,1.0,1,1.0,1,0.14924854257515388,41
1788,2,2427,1240,1187,0,0,0,1.0,1,1.0,1,1.0,1,0.17476147402544437,41
1789,0,2427,1240,1187,0,0,0,1.0,1,1.0,1,1.0,1,0.18695519914464376,41
1790,4,2431,1244,1187,0,0,0,1.0,1,1.0,1,1.0,1,0.16450340557798873,41
1791,3,2434,1246,1188,0,0,0,1.0,1,1.0,1,1.0,1,0.1355773445059088,40
1792,3,2437,1249,1188,0,0,0,1.0,1,1.0,1,1.0,1,0.1173554764500605,40
1793,2,2439,1250,1189,0,0,0,1.0,1,1.0,1,1.0,1,0.10114322689241657,41
1794,0,2439,1250,1189,0,0,0,1.0,1,1.0,1,1.0,1,0.10114322689241657,41
1795,6,2445,1254,1191,0,0,0,1.0,1,1.0,1,1.0,1,0.14176820689983788,40
1796,3,2448,1255,1193,0,0,0,1.0,1,1.0,1,1.0,1,0.10004332202485841,40
1797,2,2450,1256,1194,0,0,0,1.0,1,1.0,1,1.0,1,0.09919258982690794,37
1798,1,2451,1257,1194,0,0,0,1.0,1,1.0,1,1.0,1,0.13145185505787468,37
1799,0,2451,1257,1194,0,0,0,1.0,1,1.0,1,1.0,1,0.11567721903729707,36
1800,0,2451,1257,1194,0,0,0,1.0,1,1.0,1,1.0,1,0.11567721903729707,36
1801,0,2451,1257,1194,0,0,0,1.0,1,1.0,1,1.0,1,0.09230384443768734,34
1802,1,2452,1258,1194,0,0,0,1.0,1,1.0,1,1.0,1,0.07524833803033067,33
1803,2,2454,1260,1194,0,0,0,1.0,1,1.0,1,1.0,1,0.09634717788700771,33
1804,1,2455,1261,1194,0,0,0,1.0,1,1.0,1,1.0,1,0.1389548243477045,33
1805,2,2457,1263,1194,0,0,0,1.0,1,1.0,1,1.0,1,0.15945169594368383,35
1806,2,2459,1264,1195,0,0,0,1.0,1,1.0,1,1.0,1,0.15249231020960685,35
1807,2,2461,1264,1197,0,0,0,1.0,1,1.0,1,1.0,1,0.07111115637171106,35
1808,0,2461,1264,1197,0,0,0,1.0,1,1.0,1,1.0,1,0.03671330994318742,36
1809,0,2461,1264,1197,0,0,0,1.0,1,1.0,1,1.0,1,0.03465641165155875,36
1810,4,2465,1266,1199,0,0,0,1.0,1,1.0,1,1.0,1,0.12170787689266452,35
1811,2,2467,1267,1200,0,0,0,1.0,1,1.0,1,1.0,1,0.19105716292337402,36
1812,3,2470,1267,1203,0,0,0,1.0,1,1.0,1,1.0,1,0.1401703493191329,36
1813,1,2471,1267,1204,0,0,0,1.0,1,1.0,1,1.0,1,0.10782890390236784,36
1814,0,2471,1267,1204,0,0,0,1.0,1,1.0,1,1.0,1,0.11453990058177309,34
1815,0,2471,1267,1204,0,0,0,1.0,1,1.0,1,1.0,1,0.11723715386005015,35
1816,0,2471,1267,1204,0,0,0,1.0,1,1.0,1,1.0,1,0.12589048666244862,34
1817,1,2472,1268,1204,0,0,0,1.0,1,1.0,1,1.0,1,0.09820696472230746,34
1818,0,2472,1268,1204,0,0,0,1.0,1,1.0,1,1.0,1,0.09820696472230746,34
1819,2,2474,1270,1204,0,0,0,1.0,1,1.0,1,1.0,1,0.09799366802725572,35
1820,1,2475,1270,1205,0,0,0,1.0,1,1.0,1,1.0,1,0.04576451483298954,36
1821,0,2475,1270,1205,0,0,0,1.0,1,1.0,1,1.0,1,0.04576451483298954,36
1822,1,2476,1271,1205,0,0,0,1.0,1,1.0,1,1.0,1,0.06638792688868798,37
1823,1,2477,1272,1205,0,0,0,1.0,1,1.0,1,1.0,1,0.09189976896068443,38
1824,1,2478,1273,1205,0,0,0,1.0,1,1.0,1,1.0,1,0.08337450389499394,37
1825,1,2479,1274,1205,0,0,0,1.0,1,1.0,1,1.0,1,0.12204768149315508,36
1826,1,2480,1275,1205,0,0,0,1.0,1,1.0,1,1.0,1,0.12796063004863384,35
1827,2,2482,1276,1206,0,0,0,1.0,1,1.0,1,1.0,1,0.11919343051136547,35
1828,0,2482,1276,1206,0,0,0,1.0,1,1.0,1,1.0,1,0.14554031918715743,33
1829,1,2483,1276,1207,0,0,0,1.0,1,1.0,1,1.0,1,0.13549224616933334,32
1830,1,2484,1277,1207,0,0,0,1.0,1,1.0,1,1.0,1,0.14843093131263838,32
1831,4,2488,1278,1210,0,0,0,1.0,1,1.0,1,1.0,1,0.15708046272988516,30
1832,0,2488,1278,1210,0,0,0,1.0,1,1.0,1,1.0,1,0.15708046272988516,30
1833,4,2492,1280,1212,0,0,0,1.0,1,1.0,1,1.0,1,0.22541329664113863,29
1834,1,2493,1280,1213,0,0,0,1.0,1,1.0,1,1.0,1,0.15712919659070723,28
1835,2,2495,1282,1213,0,0,0,1.0,1,1.0,1,1.0,1,0.2206472661818962,28
1836,2,2497,1282,1215,0,0,0,1.0,1,1.0,1,1.0,1,0.1833626701003329,29
1837,3,2500,1283,1217,0,0,0,1.0,1,1.0,1,1.0,1,0.17401881500245023,28
1838,0,2500,1283,1217,0,0,0,1.0,1,1.0,1,1.0,1,0.13559149468034434,28
1839,0,2500,1283,1217,0,0,0,1.0,1,1.0,1,1.0,1,0.14857513250125098,27
1840,0,2500,1283,1217,0,0,0,1.0,1,1.0,1,1.0,1,0.2178477710106937,26
1841,1,2501,1283,1218,0,0,0,1.0,1,1.0,1,1.0,1,0.19851750333969978,25
1842,2,2503,1284,1219,0,0,0,1.0,1,1.0,1,1.0,1,0.13014822024008835,26
1843,0,2503,1284,1219,0,0,0,1.0,1,1.0,1,1.0,1,0.13014822024008835,26
1844,0,2503,1284,1219,0,0,0,1.0,1,1.0,1,1.0,1,0.13014822024008835,26
1845,0,2503,1284,1219,0,0,0,1.0,1,1.0,1,1.0,1,0.13014822024008835,26
1846,3,2506,1286,1220,0,0,0,1.0,1,1.0,1,1.0,1,0.1162229060118877,26
1847,1,2507,1286,1221,0,0,0,1.0,1,1.0,1,1.0,1,0.08149484352182258,26
1848,0,2507,1286,1221,0,0,0,1.0,1,1.0,1,1.0,1,0.07929679169412474,27
1849,0,2507,1286,1221,0,0,0,1.0,1,1.0,1,1.0,1,0.07929679169412474,27
1850,0,2507,1286,1221,0,0,0,1.0,1,1.0,1,1.0,1,0.08536979406888692,28
1851,0,2507,1286,1221,0,0,0,1.0,1,1.0,1,1.0,1,0.08536979406888692,28
1852,0,2507,1286,1221,0,0,0,1.0,1,1.0,1,1.0,1,0.08536979406888692,28
1853,0,2507,1286,1221,0,0,0,1.0,1,1.0,1,1.0,1,0.11577098018484551,27
1854,1,2508,1286,1222,0,0,0,1.0,1,1.0,1,1.0,1,0.11845312348054844,28
1855,0,2508,1286,1222,0,0,0,1.0,1,1.0,1,1.0,1,0.11845312348054844,28
1856,4,2512,1288,1224,0,0,0,1.0,1,1.0,1,1.0,1,0.14333634467340434,30
1857,1,2513,1288,1225,0,0,0,1.0,1,1.0,1,1.0,1,0.1340241608414113,31
1858,3,2516,1290,1226,0,0,0,1.0,1,1.0,1,1.0,1,0.21753715952256353,31
1859,1,2517,1290,1227,0,0,0,1.0,1,1.0,1,1.0,1,0.23038628736187639,31
1860,1,2518,1291,1227,0,0,0,1.0,1,1.0,1,1.0,1,0.21534621888734373,31
1861,0,2518,1291,1227,0,0,0,1.0,1,1.0,1,1.0,1,0.21534621888734373,31
1862,1,2519,1292,1227,0,0,0,1.0,1,1.0,1,1.0,1,0.21994238544435016,31
1863,1,2520,1292,1228,0,0,0,1.0,1,1.0,1,1.0,1,0.19374655541561847,31
1864,2,2522,1294,1228,0,0,0,1.0,1,1.0,1,1.0,1,0.17724307284550692,30
1865,1,2523,1295,1228,0,0,0,1.0,1,1.0,1,1.0,1,0.14890007780838244,27
1866,2,2525,1296,1229,0,0,0,1.0,1,1.0,1,1.0,1,0.12927030973661252,28
1867,0,2525,1296,1229,0,0,0,1.0,1,1.0,1,1.0,1,0.16228082316248912,26
1868,2,2527,1298,1229,0,0,0,1.0,1,1.0,1,1.0,1,0.1593046003410216,26
1869,0,2527,1298,1229,0,0,0,1.0,1,1.0,1,1.0,1,0.1721645572757648,25
1870,1,2528,1299,1229,0,0,0,1.0,1,1.0,1,1.0,1,0.14919663382829904,25
1871,1,2529,1300,1229,0,0,0,1.0,1,1.0,1,1.0,1,0.13823356160326744,26
1872,0,2529,1300,1229,0,0,0,1.0,1,1.0,1,1.0,1,0.12294797449064454,25
1873,0,2529,1300,1229,0,0,0,1.0,1,1.0,1,1.0,1,0.13957765919798495,23
1874,1,2530,1301,1229,0,0,0,1.0,1,1.0,1,1.0,1,0.1523008344978832,23
1875,0,2530,1301,1229,0,0,0,1.0,1,1.0,1,1.0,1,0.2214885145714057,21
1876,3,2533,1302,1231,0,0,0,1.0,1,1.0,1,1.0,1,0.15130575915189085,24
1877,0,2533,1302,1231,0,0,0,1.0,1,1.0,1,1.0,1,0.15130575915189085,24
1878,1,2534,1303,1231,0,0,0,1.0,1,1.0,1,1.0,1,0.11623938498973752,26
1879,0,2534,1303,1231,0,0,0,1.0,1,1.0,1,1.0,1,0.11623938498973752,26
1880,0,2534,1303,1231,0,0,0,1.0,1,1.0,1,1.0,1,0.11623938498973752,26
1881,0,2534,1303,1231,0,0,0,1.0,1,1.0,1,1.0,1,0.11623938498973752,26
1882,0,2534,1303,1231,0,0,0,1.0,1,1.0,1,1.0,1,0.14025226960887022,25
1883,0,2534,1303,1231,0,0,0,1.0,1,1.0,1,1.0,1,0.14025226960887022,25
1884,0,2534,1303,1231,0,0,0,1.0,1,1.0,1,1.0,1,0.14025226960887022,25
1885,0,2534,1303,1231,0,0,0,1.0,1,1.0,1,1.0,1,0.14025226960887022,25
1886,0,2534,1303,1231,0,0,0,1.0,1,1.0,1,1.0,1,0.0935027698697244,26
1887,0,2534,1303,1231,0,0,0,1.0,1,1.0,1,1.0,1,0.0935027698697244,26
1888,2,2536,1305,1231,0,0,0,1.0,1,1.0,1,1.0,1,0.10740691902712408,27
1889,0,2536,1305,1231,0,0,0,1.0,1,1.0,1,1.0,1,0.1361604967646164,28
1890,0,2536,1305,1231,0,0,0,1.0,1,1.0,1,1.0,1,0.1361604967646164,28
1891,1,2537,1305,1232,0,0,0,1.0,1,1.0,1,1.0,1,0.13084228750868476,29
1892,0,2537,1305,1232,0,0,0,1.0,1,1.0,1,1.0,1,0.13084228750868476,29
1893,0,2537,1305,1232,0,0,0,1.0,1,1.0,1,1.0,1,0.13084228750868476,29
1894,0,2537,1305,1232,0,0,0,1.0,1,1.0,1,1.0,1,0.13084228750868476,29
1895,2,2539,1306,1233,0,0,0,1.0,1,1.0,1,1.0,1,0.10533214911706251,31
1896,1,2540,1307,1233,0,0,0,1.0,1,1.0,1,1.0,1,0.11767018801181665,31
1897,0,2540,1307,1233,0,0,0,1.0,1,1.0,1,1.0,1,0.11767018801181665,31
1898,0,2540,1307,1233,0,0,0,1.0,1,1.0,1,1.0,1,0.11767018801181665,31
1899,0,2540,1307,1233,0,0,0,1.0,1,1.0,1,1.0,1,0.10503039040004655,32
1900,0,2540,1307,1233,0,0,0,1.0,1,1.0,1,1.0,1,0.10503039040004655,32
1901,1,2541,1307,1234,0,0,0,1.0,1,1.0,1,1.0,1,0.08062122469960403,32
1902,1,2542,1308,1234,0,0,0,1.0,1,1.0,1,1.0,1,0.10295707182191596,32
1903,0,2542,1308,1234,0,0,0,1.0,1,1.0,1,1.0,1,0.10295707182191596,32
1904,0,2542,1308,1234,0,0,0,1.0,1,1.0,1,1.0,1,0.06904989634339213,34
1905,0,2542,1308,1234,0,0,0,1.0,1,1.0,1,1.0,1,0.06904989634339213,34
1906,0,2542,1308,1234,0,0,0,1.0,1,1.0,1,1.0,1,0.08226524340603258,35
1907,0,2542,1308,1234,0,0,0,1.0,1,1.0,1,1.0,1,0.08083092833517817,36
1908,0,2542,1308,1234,0,0,0,1.0,1,1.0,1,1.0,1,0.08083092833517817,36
1909,0,2542,1308,1234,0,0,0,1.0,1,1.0,1,1.0,1,0.08348419694767842,37
1910,1,2543,1308,1235,0,0,0,1.0,1,1.0,1,1.0,1,0.055443769087220506,38
1911,0,2543,1308,1235,0,0,0,1.0,1,1.0,1,1.0,1,0.049792590532484894,37
1912,2,2545,1310,1235,0,0,0,1.0,1,1.0,1,1.0,1,0.05746015007171087,37
1913,0,2545,1310,1235,0,0,0,1.0,1,1.0,1,1.0,1,0.07322761335915927,36
1914,3,2548,1313,1235,0,0,0,1.0,1,1.0,1,1.0,1,0.11799371325582875,37
1915,1,2549,1314,1235,0,0,0,1.0,1,1.0,1,1.0,1,0.10861522145705406,37
1916,3,2552,1315,1237,0,0,0,1.0,1,1.0,1,1.0,1,0.13222363721067087,39
1917,4,2556,1317,1239,0,0,0,1.0,1,1.0,1,1.0,1,0.20857221579271887,38
1918,3,2559,1319,1240,0,0,0,1.0,1,1.0,1,1.0,1,0.24264051919427662,38
1919,2,2561,1319,1242,0,0,0,1.0,1,1.0,1,1.0,1,0.2514126527527023,38
1920,3,2564,1320,1244,0,0,0,1.0,1,1.0,1,1.0,1,0.2188879777378361,39
1921,2,2566,1320,1246,0,0,0,1.0,1,1.0,1,1.0,1,0.17118839148785145,38
1922,0,2566,1320,1246,0,0,0,1.0,1,1.0,1,1.0,1,0.14234435797045353,39
1923,1,2567,1321,1246,0,0,0,1.0,1,1.0,1,1.0,1,0.1432189488443947,40
1924,1,2568,1321,1247,0,0,0,1.0,1,1.0,1,1.0,1,0.12223712878267144,40
1925,0,2568,1321,1247,0,0,0,1.0,1,1.0,1,1.0,1,0.09424726335374035,40
1926,2,2570,1322,1248,0,0,0,1.0,1,1.0,1,1.0,1,0.09352314827770822,40
1927,1,2571,1322,1249,0,0,0,1.0,1,1.0,1,1.0,1,0.08100664350477185,41
1928,0,2571,1322,1249,0,0,0,1.0,1,1.0,1,1.0,1,0.08100664350477185,41
1929,1,2572,1323,1249,0,0,0,1.0,1,1.0,1,1.0,1,0.11714390990293182,40
1930,2,2574,1324,1250,0,0,0,1.0,1,1.0,1,1.0,1,0.11071093477009614,40
1931,1,2575,1324,1251,0,0,0,1.0,1,1.0,1,1.0,1,0.09766328630686366,40
1932,0,2575,1324,1251,0,0,0,1.0,1,1.0,1,1.0,1,0.09766328630686366,40
1933,0,2575,1324,1251,0,0,0,1.0,1,1.0,1,1.0,1,0.11690279293645033,42
1934,2,2577,1324,1253,0,0,0,1.0,1,1.0,1,1.0,1,0.08116142217858201,44
1935,0,2577,1324,1253,0,0,0,1.0,1,1.0,1,1.0,1,0.08116142217858201,44
1936,2,2579,1325,1254,0,0,0,1.0,1,1.0,1,1.0,1,0.10650416048506388,46
1937,2,2581,1326,1255,0,0,0,1.0,1,1.0,1,1.0,1,0.07275569674540396,47
1938,0,2581,1326,1255,0,0,0,1.0,1,1.0,1,1.0,1,0.07275569674540396,47
1939,1,2582,1327,1255,0,0,0,1.0,1,1.0,1,1.0,1,0.06509899028533889,47
1940,1,2583,1328,1255,0,0,0,1.0,1,1.0,1,1.0,1,0.06666933963598161,47
1941,2,2585,1330,1255,0,0,0,1.0,1,1.0,1,1.0,1,0.0835782137646526,47
1942,3,2588,1331,1257,0,0,0,1.0,1,1.0,1,1.0,1,0.06852229978811557,49
1943,1,2589,1332,1257,0,0,0,1.0,1,1.0,1,1.0,1,0.10348172349923507,47
1944,0,2589,1332,1257,0,0,0,1.0,1,1.0,1,1.0,1,0.10348172349923507,47
1945,2,2591,1333,1258,0,0,0,1.0,1,1.0,1,1.0,1,0.15226654967600578,45
1946,3,2594,1333,1261,0,0,0,1.0,1,1.0,1,1.0,1,0.12164946973705018,45
1947,4,2598,1336,1262,0,0,0,1.0,1,1.0,1,1.0,1,0.18850424304806448,45
1948,2,2600,1336,1264,0,0,0,1.0,1,1.0,1,1.0,1,0.17544712671472942,45
1949,2,2602,1338,1264,0,0,0,1.0,1,1.0,1,1.0,1,0.2173496021939599,42
1950,1,2603,1339,1264,0,0,0,1.0,1,1.0,1,1.0,1,0.1820242535736189,42
1951,3,2606,1339,1267,0,0,0,1.0,1,1.0,1,1.0,1,0.14636487280688243,38
1952,3,2609,1340,1269,0,0,0,1.0,1,1.0,1,1.0,1,0.10809857807065101,36
1953,0,2609,1340,1269,0,0,0,1.0,1,1.0,1,1.0,1,0.13953779181298162,35
1954,0,2609,1340,1269,0,0,0,1.0,1,1.0,1,1.0,1,0.1787766538732158,32
1955,0,2609,1340,1269,0,0,0,1.0,1,1.0,1,1.0,1,0.1638227962384992,33
1956,6,2615,1342,1273,0,0,0,1.0,1,1.0,1,1.0,1,0.0695766454446195,31
1957,0,2615,1342,1273,0,0,0,1.0,1,1.0,1,1.0,1,0.06573154039925024,33
1958,2,2617,1344,1273,0,0,0,1.0,1,1.0,1,1.0,1,0.138420410311519,34
1959,0,2617,1344,1273,0,0,0,1.0,1,1.0,1,1.0,1,0.11782605553810663,35
1960,1,2618,1345,1273,0,0,0,1.0,1,1.0,1,1.0,1,0.16039155682417638,36
1961,3,2621,1347,1274,0,0,0,1.0,1,1.0,1,1.0,1,0.15326910226139648,36
1962,0,2621,1347,1274,0,0,0,1.0,1,1.0,1,1.0,1,0.13210356045546495,35
1963,0,2621,1347,1274,0,0,0,1.0,1,1.0,1,1.0,1,0.14678646469608264,36
1964,3,2624,1350,1274,0,0,0,1.0,1,1.0,1,1.0,1,0.13721734858620374,35
1965,1,2625,1351,1274,0,0,0,1.0,1,1.0,1,1.0,1,0.10191719328488122,36
1966,4,2629,1353,1276,0,0,0,1.0,1,1.0,1,1.0,1,0.07632894039677232,36
1967,1,2630,1354,1276,0,0,0,1.0,1,1.0,1,1.0,1,0.07468291799058112,36
1968,1,2631,1355,1276,0,0,0,1.0,1,1.0,1,1.0,1,0.09617973673814209,37
1969,0,2631,1355,1276,0,0,0,1.0,1,1.0,1,1.0,1,0.09617973673814209,37
1970,1,2632,1356,1276,0,0,0,1.0,1,1.0,1,1.0,1,0.16462290852281047,38
1971,3,2635,1357,1278,0,0,0,1.0,1,1.0,1,1.0,1,0.140871788295613,37
1972,0,2635,1357,1278,0,0,0,1.0,1,1.0,1,1.0,1,0.140871788295613,37
1973,1,2636,1358,1278,0,0,0,1.0,1,1.0,1,1.0,1,0.17354893716209946,37
1974,2,2638,1358,1280,0,0,0,1.0,1,1.0,1,1.0,1,0.11834095630735951,38
1975,0,2638,1358,1280,0,0,0,1.0,1,1.0,1,1.0,1,0.1470153252390027,37
1976,4,2642,1358,1284,0,0,0,1.0,1,1.0,1,1.0,1,0.11182478745606746,39
1977,0,2642,1358,1284,0,0,0,1.0,1,1.0,1,1.0,1,0.09385371563885525,42
1978,0,2642,1358,1284,0,0,0,1.0,1,1.0,1,1.0,1,0.09385371563885525,42
1979,0,2642,1358,1284,0,0,0,1.0,1,1.0,1,1.0,1,0.09385371563885525,42
1980,0,2642,1358,1284,0,0,0,1.0,1,1.0,1,1.0,1,0.10655900603836181,43
1981,0,2642,1358,1284,0,0,0,1.0,1,1.0,1,1.0,1,0.11779996543570977,44
1982,3,2645,1360,1285,0,0,0,1.0,1,1.0,1,1.0,1,0.08140997217775432,44
1983,1,2646,1361,1285,0,0,0,1.0,1,1.0,1,1.0,1,0.0859911062025301,44
1984,1,2647,1362,1285,0,0,0,1.0,1,1.0,1,1.0,1,0.12004243611775399,42
1985,0,2647,1362,1285,0,0,0,1.0,1,1.0,1,1.0,1,0.11001938838805722,41
1986,2,2649,1362,1287,0,0,0,1.0,1,1.0,1,1.0,1,0.09428900345081319,40
1987,0,2649,1362,1287,0,0,0,1.0,1,1.0,1,1.0,1,0.06442757895965306,37
1988,2,2651,1364,1287,0,0,0,1.0,1,1.0,1,1.0,1,0.10088769066915855,35
1989,2,2653,1366,1287,0,0,0,1.0,1,1.0,1,1.0,1,0.14262046643994652,32
1990,2,2655,1368,1287,0,0,0,1.0,1,1.0,1,1.0,1,0.12345551632189777,31
1991,0,2655,1368,1287,0,0,0,1.0,1,1.0,1,1.0,1,0.1479650519219912,32
1992,2,2657,1370,1287,0,0,0,1.0,1,1.0,1,1.0,1,0.19088877288155862,32
1993,4,2661,1373,1288,0,0,0,1.0,1,1.0,1,1.0,1,0.15259688400818344,32
1994,0,2661,1373,1288,0,0,0,1.0,1,1.0,1,1.0,1,0.1394954182291418,31
1995,0,2661,1373,1288,0,0,0,1.0,1,1.0,1,1.0,1,0.12477264142912502,32
1996,2,2663,1373,1290,0,0,0,1.0,1,1.0,1,1.0,1,0.0758114394074673,32
1997,1,2664,1373,1291,0,0,0,1.0,1,1.0,1,1.0,1,0.09789265618977602,31
1998,0,2664,1373,1291,0,0,0,1.0,1,1.0,1,1.0,1,0.07089493351769785,32
1999,0,2664,1373,1291,0,0,0,1.0,1,1.0,1,1.0,1,0.10634898540565557,31
2000,0,2664,1373,1291,0,0,0,1.0,1,1.0,1,1.0,1,0.10081572789986716,30
2001,1,2665,1373,1292,0,0,0,1.0,1,1.0,1,1.0,1,0.12474888849088284,29
2002,0,2665,1373,1292,0,0,0,1.0,1,1.0,1,1.0,1,0.08367248988801715,31
2003,1,2666,1374,1292,0,0,0,1.0,1,1.0,1,1.0,1,0.1092056908541877,33
2004,2,2668,1375,1293,0,0,0,1.0,1,1.0,1,1.0,1,0.13775629187228916,34
2005,1,2669,1375,1294,0,0,0,1.0,1,1.0,1,1.0,1,0.14765429022305623,35
2006,2,2671,1376,1295,0,0,0,1.0,1,1.0,1,1.0,1,0.11142547916887768,36
2007,1,2672,1377,1295,0,0,0,1.0,1,1.0,1,1.0,1,0.10603041946105814,36
2008,3,2675,1379,1296,0,0,0,1.0,1,1.0,1,1.0,1,0.12361078671599689,36
2009,0,2675,1379,1296,0,0,0,1.0,1,1.0,1,1.0,1,0.11024211216173127,37
2010,1,2676,1380,1296,0,0,0,1.0,1,1.0,1,1.0,1,0.11751913914192251,37
2011,0,2676,1380,1296,0,0,0,1.0,1,1.0,1,1.0,1,0.11751913914192251,37
2012,1,2677,1381,1296,0,0,0,1.0,1,1.0,1,1.0,1,0.10668304670899809,37
2013,1,2678,1381,1297,0,0,0,1.0,1,1.0,1,1.0,1,0.09451938276937698,39
2014,1,2679,1381,1298,0,0,0,1.0,1,1.0,1,1.0,1,0.12150745404115246,39
2015,0,2679,1381,1298,0,0,0,1.0,1,1.0,1,1.0,1,0.12150745404115246,39
2016,2,2681,1382,1299,0,0,0,1.0,1,1.0,1,1.0,1,0.08307174990689062,41
2017,0,2681,1382,1299,0,0,0,1.0,1,1.0,1,1.0,1,0.08307174990689062,41
2018,5,2686,1385,1301,0,0,0,1.0,1,1.0,1,1.0,1,0.09522647222388272,42
2019,1,2687,1386,1301,0,0,0,1.0,1,1.0,1,1.0,1,0.099513941752799,43
2020,2,2689,1388,1301,0,0,0,1.0,1,1.0,1,1.0,1,0.12753379856513405,43
2021,1,2690,1388,1302,0,0,0,1.0,1,1.0,1,1.0,1,0.11196991832202492,43
2022,0,2690,1388,1302,0,0,0,1.0,1,1.0,1,1.0,1,0.09486784063613159,44
2023,3,2693,1390,1303,0,0,0,1.0,1,1.0,1,1.0,1,0.18801288981561914,42
2024,3,2696,1392,1304,0,0,0,1.0,1,1.0,1,1.0,1,0.1600528051629714,41
2025,3,2699,1394,1305,0,0,0,1.0,1,1.0,1,1.0,1,0.22088072863533126,39
2026,3,2702,1394,1308,0,0,0,1.0,1,1.0,1,1.0,1,0.16149954424547197,39
2027,2,2704,1395,1309,0,0,0,1.0,1,1.0,1,1.0,1,0.2348415745374637,38
2028,0,2704,1395,1309,0,0,0,1.0,1,1.0,1,1.0,1,0.2167465217238924,37
2029,0,2704,1395,1309,0,0,0,1.0,1,1.0,1,1.0,1,0.2157508675315364,35
2030,0,2704,1395,1309,0,0,0,1.0,1,1.0,1,1.0,1,0.20587482895984824,32
2031,4,2708,1398,1310,0,0,0,1.0,1,1.0,1,1.0,1,0.15814680879943654,34
2032,0,2708,1398,1310,0,0,0,1.0,1,1.0,1,1.0,1,0.13633510681866207,35
2033,3,2711,1401,1310,0,0,0,1.0,1,1.0,1,1.0,1,0.14946023903091124,35
2034,3,2714,1402,1312,0,0,0,1.0,1,1.0,1,1.0,1,0.10969406981918428,35
2035,2,2716,1404,1312,0,0,0,1.0,1,1.0,1,1.0,1,0.1284415319933426,36
2036,4,2720,1405,1315,0,0,0,1.0,1,1.0,1,1.0,1,0.10604912039722464,35
2037,1,2721,1406,1315,0,0,0,1.0,1,1.0,1,1.0,1,0.11706738062835244,36
2038,1,2722,1407,1315,0,0,0,1.0,1,1.0,1,1.0,1,0.1369734409126195,38
2039,2,2724,1408,1316,0,0,0,1.0,1,1.0,1,1.0,1,0.10169984933438046,38
2040,0,2724,1408,1316,0,0,0,1.0,1,1.0,1,1.0,1,0.08747969233562845,37
2041,0,2724,1408,1316,0,0,0,1.0,1,1.0,1,1.0,1,0.09177917974711446,38
2042,0,2724,1408,1316,0,0,0,1.0,1,1.0,1,1.0,1,0.09177917974711446,38
2043,2,2726,1410,1316,0,0,0,1.0,1,1.0,1,1.0,1,0.09697864122712901,38
2044,0,2726,1410,1316,0,0,0,1.0,1,1.0,1,1.0,1,0.090736658013686,39
2045,0,2726,1410,1316,0,0,0,1.0,1,1.0,1,1.0,1,0.10855543791367614,40
2046,1,2727,1411,1316,0,0,0,1.0,1,1.0,1,1.0,1,0.08156457042062143,41
2047,2,2729,1412,1317,0,0,0,1.0,1,1.0,1,1.0,1,0.0801734688106955,41
2048,2,2731,1412,1319,0,0,0,1.0,1,1.0,1,1.0,1,0.025353899866407584,43
2049,0,2731,1412,1319,0,0,0,1.0,1,1.0,1,1.0,1,0.025353899866407584,43
2050,0,2731,1412,1319,0,0,0,1.0,1,1.0,1,1.0,1,0.05496181092194449,43
2051,1,2732,1413,1319,0,0,0,1.0,1,1.0,1,1.0,1,0.11941713586765469,43
2052,0,2732,1413,1319,0,0,0,1.0,1,1.0,1,1.0,1,0.1232219849668146,44
2053,0,2732,1413,1319,0,0,0,1.0,1,1.0,1,1.0,1,0.1391671890824672,43
2054,4,2736,1415,1321,0,0,0,1.0,1,1.0,1,1.0,1,0.09477070210966441,44
2055,1,2737,1415,1322,0,0,0,1.0,1,1.0,1,1.0,1,0.0900095720453115,43
2056,1,2738,1415,1323,0,0,0,1.0,1,1.0,1,1.0,1,0.06554683511013061,44
2057,2,2740,1417,1323,0,0,0,1.0,1,1.0,1,1.0,1,0.08413551699189623,44
2058,2,2742,1419,1323,0,0,0,1.0,1,1.0,1,1.0,1,0.08210690748430326,44
2059,0,2742,1419,1323,0,0,0,1.0,1,1.0,1,1.0,1,0.09367385711973532,45
2060,1,2743,1420,1323,0,0,0,1.0,1,1.0,1,1.0,1,0.1232995443893776,46
2061,3,2746,1422,1324,0,0,0,1.0,1,1.0,1,1.0,1,0.09475385176658402,48
2062,0,2746,1422,1324,0,0,0,1.0,1,1.0,1,1.0,1,0.09475385176658402,48
2063,0,2746,1422,1324,0,0,0,1.0,1,1.0,1,1.0,1,0.1273975209883882,45
2064,1,2747,1423,1324,0,0,0,1.0,1,1.0,1,1.0,1,0.12315847394285104,44
2065,1,2748,1424,1324,0,0,0,1.0,1,1.0,1,1.0,1,0.13173787194804903,42
2066,3,2751,1427,1324,0,0,0,1.0,1,1.0,1,1.0,1,0.06679815400180011,42
2067,0,2751,1427,1324,0,0,0,1.0,1,1.0,1,1.0,1,0.06993986104598782,38
2068,2,2753,1428,1325,0,0,0,1.0,1,1.0,1,1.0,1,0.07448094452283076,37
2069,0,2753,1428,1325,0,0,0,1.0,1,1.0,1,1.0,1,0.08799100644961724,35
2070,2,2755,1430,1325,0,0,0,1.0,1,1.0,1,1.0,1,0.10155364968753094,35
2071,2,2757,1430,1327,0,0,0,1.0,1,1.0,1,1.0,1,0.09609733545575208,34
2072,2,2759,1432,1327,0,0,0,1.0,1,1.0,1,1.0,1,0.166834387092445,35
2073,2,2761,1432,1329,0,0,0,1.0,1,1.0,1,1.0,1,0.13974776127813218,37
2074,2,2763,1432,1331,0,0,0,1.0,1,1.0,1,1.0,1,0.07579897193190432,36
2075,0,2763,1432,1331,0,0,0,1.0,1,1.0,1,1.0,1,0.06735203696600754,38
2076,0,2763,1432,1331,0,0,0,1.0,1,1.0,1,1.0,1,0.04778032876452171,37
2077,0,2763,1432,1331,0,0,0,1.0,1,1.0,1,1.0,1,0.04778032876452171,37
2078,0,2763,1432,1331,0,0,0,1.0,1,1.0,1,1.0,1,0.04778032876452171,37
2079,0,2763,1432,1331,0,0,0,1.0,1,1.0,1,1.0,1,0.04778032876452171,37
2080,0,2763,1432,1331,0,0,0,1.0,1,1.0,1,1.0,1,0.05763707817256798,36
2081,2,2765,1434,1331,0,0,0,1.0,1,1.0,1,1.0,1,0.06893642914847872,37
2082,1,2766,1435,1331,0,0,0,1.0,1,1.0,1,1.0,1,0.10701298146255618,38
2083,1,2767,1436,1331,0,0,0,1.0,1,1.0,1,1.0,1,0.10758268295541369,39
2084,3,2770,1437,1333,0,0,0,1.0,1,1.0,1,1.0,1,0.13141138111214853,41
2085,4,2774,1440,1334,0,0,0,1.0,1,1.0,1,1.0,1,0.14083939127291778,41
2086,2,2776,1440,1336,0,0,0,1.0,1,1.0,1,1.0,1,0.09492025171370246,44
2087,2,2778,1442,1336,0,0,0,1.0,1,1.0,1,1.0,1,0.10407130633972284,44
2088,0,2778,1442,1336,0,0,0,1.0,1,1.0,1,1.0,1,0.1067127610822734,45
2089,1,2779,1443,1336,0,0,0,1.0,1,1.0,1,1.0,1,0.08610410137972148,46
2090,1,2780,1443,1337,0,0,0,1.0,1,1.0,1,1.0,1,0.06683229586105079,47
2091,2,2782,1445,1337,0,0,0,1.0,1,1.0,1,1.0,1,0.12269301779878833,48
2092,2,2784,1446,1338,0,0,0,1.0,1,1.0,1,1.0,1,0.06600697118736387,48
2093,1,2785,1446,1339,0,0,0,1.0,1,1.0,1,1.0,1,0.041379360298938406,48
2094,0,2785,1446,1339,0,0,0,1.0,1,1.0,1,1.0,1,0.0445201374937539,47
2095,1,2786,1447,1339,0,0,0,1.0,1,1.0,1,1.0,1,0.04390375529489565,49
2096,0,2786,1447,1339,0,0,0,1.0,1,1.0,1,1.0,1,0.03794808565582424,50
2097,0,2786,1447,1339,0,0,0,1.0,1,1.0,1,1.0,1,0.03794808565582424,50
2098,1,2787,1448,1339,0,0,0,1.0,1,1.0,1,1.0,1,0.0554726634112487,51
2099,1,2788,1449,1339,0,0,0,1.0,1,1.0,1,1.0,1,0.09620681148309386,50
2100,2,2790,1450,1340,0,0,0,1.0,1,1.0,1,1.0,1,0.07797733068484773,49
2101,2,2792,1450,1342,0,0,0,1.0,1,1.0,1,1.0,1,0.0746228513596597,48
2102,4,2796,1453,1343,0,0,0,1.0,1,1.0,1,1.0,1,0.12209239329054052,49
2103,1,2797,1454,1343,0,0,0,1.0,1,1.0,1,1.0,1,0.11083705728613155,44
2104,0,2797,1454,1343,0,0,0,1.0,1,1.0,1,1.0,1,0.12841869232541941,42
2105,2,2799,1456,1343,0,0,0,1.0,1,1.0,1,1.0,1,0.14667747740277384,40
2106,0,2799,1456,1343,0,0,0,1.0,1,1.0,1,1.0,1,0.17371405806242177,39
2107,2,2801,1457,1344,0,0,0,1.0,1,1.0,1,1.0,1,0.12055271303839128,37
2108,1,2802,1458,1344,0,0,0,1.0,1,1.0,1,1.0,1,0.1222107242941331,37
2109,0,2802,1458,1344,0,0,0,1.0,1,1.0,1,1.0,1,0.10331291638575799,36
2110,0,2802,1458,1344,0,0,0,1.0,1,1.0,1,1.0,1,0.06052421078903733,35
2111,2,2804,1460,1344,0,0,0,1.0,1,1.0,1,1.0,1,0.08764560982984482,35
2112,0,2804,1460,1344,0,0,0,1.0,1,1.0,1,1.0,1,0.08764560982984482,35
2113,1,2805,1461,1344,0,0,0,1.0,1,1.0,1,1.0,1,0.11603445371848133,35
2114,1,2806,1462,1344,0,0,0,1.0,1,1.0,1,1.0,1,0.10816453612013863,36
2115,1,2807,1462,1345,0,0,0,1.0,1,1.0,1,1.0,1,0.08965685048418615,37
2116,2,2809,1464,1345,0,0,0,1.0,1,1.0,1,1.0,1,0.10890814742695556,39
2117,0,2809,1464,1345,0,0,0,1.0,1,1.0,1,1.0,1,0.07882079599739243,39
2118,1,2810,1464,1346,0,0,0,1.0,1,1.0,1,1.0,1,0.06916898451288864,41
2119,1,2811,1465,1346,0,0,0,1.0,1,1.0,1,1.0,1,0.09098913945150602,42
2120,1,2812,1465,1347,0,0,0,1.0,1,1.0,1,1.0,1,0.06017034901078009,42
2121,1,2813,1466,1347,0,0,0,1.0,1,1.0,1,1.0,1,0.07405235872426376,42
2122,1,2814,1466,1348,0,0,0,1.0,1,1.0,1,1.0,1,0.06533990413690374,43
2123,0,2814,1466,1348,0,0,0,1.0,1,1.0,1,1.0,1,0.08785074634999832,42
2124,0,2814,1466,1348,0,0,0,1.0,1,1.0,1,1.0,1,0.08785074634999832,42
2125,0,2814,1466,1348,0,0,0,1.0,1,1.0,1,1.0,1,0.09396349913152101,41
2126,0,2814,1466,1348,0,0,0,1.0,1,1.0,1,1.0,1,0.09396349913152101,41
2127,0,2814,1466,1348,0,0,0,1.0,1,1.0,1,1.0,1,0.09396349913152101,41
2128,1,2815,1466,1349,0,0,0,1.0,1,1.0,1,1.0,1,0.0503759073218922,42
2129,0,2815,1466,1349,0,0,0,1.0,1,1.0,1,1.0,1,0.0629969726102348,43
2130,1,2816,1466,1350,0,0,0,1.0,1,1.0,1,1.0,1,0.042025465551431065,45
2131,2,2818,1467,1351,0,0,0,1.0,1,1.0,1,1.0,1,0.03391575966553904,44
2132,0,2818,1467,1351,0,0,0,1.0,1,1.0,1,1.0,1,0.03391575966553904,44
2133,1,2819,1468,1351,0,0,0,1.0,1,1.0,1,1.0,1,0.03234712345669487,45
2134,2,2821,1470,1351,0,0,0,1.0,1,1.0,1,1.0,1,0.059364598355064024,45
2135,2,2823,1472,1351,0,0,0,1.0,1,1.0,1,1.0,1,0.04224662942233049,46
2136,3,2826,1474,1352,0,0,0,1.0,1,1.0,1,1.0,1,0.07938992656880209,47
2137,5,2831,1478,1353,0,0,0,1.0,1,1.0,1,1.0,1,0.14274111103196985,47
2138,2,2833,1480,1353,0,0,0,1.0,1,1.0,1,1.0,1,0.17863673144474201,45
2139,2,2835,1481,1354,0,0,0,1.0,1,1.0,1,1.0,1,0.1732845939061806,45
2140,3,2838,1483,1355,0,0,0,1.0,1,1.0,1,1.0,1,0.15803256106440272,44
2141,5,2843,1485,1358,0,0,0,1.0,1,1.0,1,1.0,1,0.048878045199687296,45
2142,1,2844,1486,1358,0,0,0,1.0,1,1.0,1,1.0,1,0.04038312100647673,46
2143,2,2846,1487,1359,0,0,0,1.0,1,1.0,1,1.0,1,0.08193965552621328,46
2144,1,2847,1488,1359,0,0,0,1.0,1,1.0,1,1.0,1,0.033351545129346155,48
2145,5,2852,1490,1362,0,0,0,1.0,1,1.0,1,1.0,1,0.046536121345178906,46
2146,0,2852,1490,1362,0,0,0,1.0,1,1.0,1,1.0,1,0.052945897055279904,45
2147,2,2854,1492,1362,0,0,0,1.0,1,1.0,1,1.0,1,0.09523574886954554,44
2148,1,2855,1493,1362,0,0,0,1.0,1,1.0,1,1.0,1,0.07086423186750704,44
2149,4,2859,1497,1362,0,0,0,1.0,1,1.0,1,1.0,1,0.0718438409406075,42
2150,2,2861,1499,1362,0,0,0,1.0,1,1.0,1,1.0,1,0.06888093233317233,40
2151,2,2863,1501,1362,0,0,0,1.0,1,1.0,1,1.0,1,0.05762502176381449,39
2152,1,2864,1502,1362,0,0,0,1.0,1,1.0,1,1.0,1,0.04117451007578859,40
2153,2,2866,1504,1362,0,0,0,1.0,1,1.0,1,1.0,1,0.08888958913813262,42
2154,2,2868,1504,1364,0,0,0,1.0,1,1.0,1,1.0,1,0.08419738582204299,42
2155,0,2868,1504,1364,0,0,0,1.0,1,1.0,1,1.0,1,0.08376740177687196,41
2156,1,2869,1504,1365,0,0,0,1.0,1,1.0,1,1.0,1,0.10966150205291678,40
2157,0,2869,1504,1365,0,0,0,1.0,1,1.0,1,1.0,1,0.10966150205291678,40
2158,1,2870,1505,1365,0,0,0,1.0,1,1.0,1,1.0,1,0.11416818551513604,38
2159,0,2870,1505,1365,0,0,0,1.0,1,1.0,1,1.0,1,0.1186982346860953,38
2160,1,2871,1506,1365,0,0,0,1.0,1,1.0,1,1.0,1,0.12752569889237617,38
2161,3,2874,1508,1366,0,0,0,1.0,1,1.0,1,1.0,1,0.13823477590731817,38
2162,2,2876,1509,1367,0,0,0,1.0,1,1.0,1,1.0,1,0.15478956698938698,38
2163,2,2878,1511,1367,0,0,0,1.0,1,1.0,1,1.0,1,0.2082203222324651,40
2164,1,2879,1512,1367,0,0,0,1.0,1,1.0,1,1.0,1,0.2676711340553493,41
2165,2,2881,1514,1367,0,0,0,1.0,1,1.0,1,1.0,1,0.24671250255806587,42
2166,5,2886,1514,1372,0,0,0,1.0,1,1.0,1,1.0,1,0.18727500794359075,42
2167,0,2886,1514,1372,0,0,0,1.0,1,1.0,1,1.0,1,0.1643669122033569,43
2168,0,2886,1514,1372,0,0,0,1.0,1,1.0,1,1.0,1,0.1450486648163152,43
2169,1,2887,1514,1373,0,0,0,1.0,1,1.0,1,1.0,1,0.13531384495024915,45
2170,2,2889,1516,1373,0,0,0,1.0,1,1.0,1,1.0,1,0.17781652674726894,46
2171,4,2893,1518,1375,0,0,0,1.0,1,1.0,1,1.0,1,0.12179520551479268,48
2172,2,2895,1519,1376,0,0,0,1.0,1,1.0,1,1.0,1,0.10709435520607921,49
2173,1,2896,1520,1376,0,0,0,1.0,1,1.0,1,1.0,1,0.09603466957939367,49
2174,2,2898,1521,1377,0,0,0,1.0,1,1.0,1,1.0,1,0.08195208642453147,49
2175,0,2898,1521,1377,0,0,0,1.0,1,1.0,1,1.0,1,0.08195208642453147,49
2176,1,2899,1521,1378,0,0,0,1.0,1,1.0,1,1.0,1,0.06471075214407745,51
2177,1,2900,1522,1378,0,0,0,1.0,1,1.0,1,1.0,1,0.04391886056102127,51
2178,1,2901,1523,1378,0,0,0,1.0,1,1.0,1,1.0,1,0.05635067256070232,50
2179,4,2905,1527,1378,0,0,0,1.0,1,1.0,1,1.0,1,0.0691428342258747,49
2180,0,2905,1527,1378,0,0,0,1.0,1,1.0,1,1.0,1,0.08122459599070916,47
2181,2,2907,1529,1378,0,0,0,1.0,1,1.0,1,1.0,1,0.040781679850333194,47
2182,1,2908,1530,1378,0,0,0,1.0,1,1.0,1,1.0,1,0.011432524135200487,45
2183,2,2910,1532,1378,0,0,0,1.0,1,1.0,1,1.0,1,0.035640387940200004,44
2184,2,2912,1534,1378,0,0,0,1.0,1,1.0,1,1.0,1,0.07499200515506475,43
2185,4,2916,1538,1378,0,0,0,1.0,1,1.0,1,1.0,1,0.13459035280758858,40
2186,4,2920,1542,1378,0,0,0,1.0,1,1.0,1,1.0,1,0.1139174208729509,38
2187,3,2923,1545,1378,0,0,0,1.0,1,1.0,1,1.0,1,0.10974861462857481,35
2188,1,2924,1546,1378,0,0,0,1.0,1,1.0,1,1.0,1,0.13457274699248292,34
2189,0,2924,1546,1378,0,0,0,1.0,1,1.0,1,1.0,1,0.09704273217210674,31
2190,1,2925,1547,1378,0,0,0,1.0,1,1.0,1,1.0,1,0.1514698017979191,29
2191,1,2926,1548,1378,0,0,0,1.0,1,1.0,1,1.0,1,0.17537893307264604,28
2192,2,2928,1549,1379,0,0,0,1.0,1,1.0,1,1.0,1,0.20952358824982184,29
2193,1,2929,1550,1379,0,0,0,1.0,1,1.0,1,1.0,1,0.23415575208762363,28
2194,0,2929,1550,1379,0,0,0,1.0,1,1.0,1,1.0,1,0.2337451662683287,27
2195,3,2932,1552,1380,0,0,0,1.0,1,1.0,1,1.0,1,0.19167742278719047,27
2196,4,2936,1553,1383,0,0,0,1.0,1,1.0,1,1.0,1,0.2050783801026902,27
2197,1,2937,1554,1383,0,0,0,1.0,1,1.0,1,1.0,1,0.20569117509014326,27
2198,0,2937,1554,1383,0,0,0,1.0,1,1.0,1,1.0,1,0.17427739964854114,28
2199,2,2939,1555,1384,0,0,0,1.0,1,1.0,1,1.0,1,0.17398349717892395,29
2200,0,2939,1555,1384,0,0,0,1.0,1,1.0,1,1.0,1,0.17304142653387944,31
2201,2,2941,1556,1385,0,0,0,1.0,1,1.0,1,1.0,1,0.15010791218227798,32
2202,1,2942,1557,1385,0,0,0,1.0,1,1.0,1,1.0,1,0.1903406719149223,31
2203,0,2942,1557,1385,0,0,0,1.0,1,1.0,1,1.0,1,0.15467626715137756,32
2204,0,2942,1557,1385,0,0,0,1.0,1,1.0,1,1.0,1,0.15467626715137756,32
2205,0,2942,1557,1385,0,0,0,1.0,1,1.0,1,1.0,1,0.15707402090610167,33
2206,2,2944,1558,1386,0,0,0,1.0,1,1.0,1,1.0,1,0.12732971231601428,32
2207,2,2946,1558,1388,0,0,0,1.0,1,1.0,1,1.0,1,0.08655783116352221,33
2208,0,2946,1558,1388,0,0,0,1.0,1,1.0,1,1.0,1,0.05851243483539213,35
2209,2,2948,1559,1389,0,0,0,1.0,1,1.0,1,1.0,1,0.09428997358323725,36
2210,1,2949,1559,1390,0,0,0,1.0,1,1.0,1,1.0,1,0.09931075148923384,35
2211,0,2949,1559,1390,0,0,0,1.0,1,1.0,1,1.0,1,0.11435359660530992,36
2212,1,2950,1559,1391,0,0,0,1.0,1,1.0,1,1.0,1,0.12502539245260216,37
2213,4,2954,1563,1391,0,0,0,1.0,1,1.0,1,1.0,1,0.12441292281945325,37
2214,0,2954,1563,1391,0,0,0,1.0,1,1.0,1,1.0,1,0.09546532717729757,39
2215,4,2958,1567,1391,0,0,0,1.0,1,1.0,1,1.0,1,0.10966392378355241,36
2216,3,2961,1569,1392,0,0,0,1.0,1,1.0,1,1.0,1,0.08358567400615291,37
2217,2,2963,1571,1392,0,0,0,1.0,1,1.0,1,1.0,1,0.10914121209370414,35
2218,0,2963,1571,1392,0,0,0,1.0,1,1.0,1,1.0,1,0.10914121209370414,35
2219,0,2963,1571,1392,0,0,0,1.0,1,1.0,1,1.0,1,0.08617294946502584,33
2220,0,2963,1571,1392,0,0,0,1.0,1,1.0,1,1.0,1,0.07471609739557565,31
2221,1,2964,1571,1393,0,0,0,1.0,1,1.0,1,1.0,1,0.05249251064003613,31
2222,1,2965,1572,1393,0,0,0,1.0,1,1.0,1,1.0,1,0.0860803611985692,30
2223,0,2965,1572,1393,0,0,0,1.0,1,1.0,1,1.0,1,0.08218387352608443,28
2224,3,2968,1575,1393,0,0,0,1.0,1,1.0,1,1.0,1,0.1124920401160622,29
2225,2,2970,1577,1393,0,0,0,1.0,1,1.0,1,1.0,1,0.12333888152690521,28
2226,1,2971,1578,1393,0,0,0,1.0,1,1.0,1,1.0,1,0.0834530134009647,30
2227,0,2971,1578,1393,0,0,0,1.0,1,1.0,1,1.0,1,0.1290685219021603,28
2228,2,2973,1580,1393,0,0,0,1.0,1,1.0,1,1.0,1,0.10127187664007987,29
2229,1,2974,1581,1393,0,0,0,1.0,1,1.0,1,1.0,1,0.10409779688566856,28
2230,0,2974,1581,1393,0,0,0,1.0,1,1.0,1,1.0,1,0.10143687569982657,28
2231,2,2976,1582,1394,0,0,0,1.0,1,1.0,1,1.0,1,0.16152430964536169,27
2232,0,2976,1582,1394,0,0,0,1.0,1,1.0,1,1.0,1,0.1479671087119663,27
2233,0,2976,1582,1394,0,0,0,1.0,1,1.0,1,1.0,1,0.13659222777451058,28
2234,3,2979,1585,1394,0,0,0,1.0,1,1.0,1,1.0,1,0.08027339579301251,26
2235,0,2979,1585,1394,0,0,0,1.0,1,1.0,1,1.0,1,0.08027339579301251,26
2236,1,2980,1586,1394,0,0,0,1.0,1,1.0,1,1.0,1,0.017525396528723626,26
2237,4,2984,1590,1394,0,0,0,1.0,1,1.0,1,1.0,1,0.10005849170227163,26
2238,2,2986,1591,1395,0,0,0,1.0,1,1.0,1,1.0,1,0.11602605896156205,27
2239,2,2988,1593,1395,0,0,0,1.0,1,1.0,1,1.0,1,0.14081648816432712,28
2240,4,2992,1596,1396,0,0,0,1.0,1,1.0,1,1.0,1,0.13119651808167165,30
2241,2,2994,1597,1397,0,0,0,1.0,1,1.0,1,1.0,1,0.10540757578321984,29
2242,2,2996,1599,1397,0,0,0,1.0,1,1.0,1,1.0,1,0.1422594390899852,29
2243,1,2997,1600,1397,0,0,0,1.0,1,1.0,1,1.0,1,0.15653804991293488,29
2244,0,2997,1600,1397,0,0,0,1.0,1,1.0,1,1.0,1,0.15653804991293488,29
2245,0,2997,1600,1397,0,0,0,1.0,1,1.0,1,1.0,1,0.17168726661371553,30
2246,2,2999,1600,1399,0,0,0,1.0,1,1.0,1,1.0,1,0.09242978450752791,33
2247,0,2999,1600,1399,0,0,0,1.0,1,1.0,1,1.0,1,0.07494737364730822,34
2248,0,2999,1600,1399,0,0,0,1.0,1,1.0,1,1.0,1,0.07494737364730822,34
2249,0,2999,1600,1399,0,0,0,1.0,1,1.0,1,1.0,1,0.07387832198995191,35
2250,1,3000,1601,1399,0,0,0,1.0,1,1.0,1,1.0,1,0.10847470508715583,35
2251,1,3001,1602,1399,0,0,0,1.0,1,1.0,1,1.0,1,0.11913832816953532,36
2252,1,3002,1603,1399,0,0,0,1.0,1,1.0,1,1.0,1,0.1690966251909107,37
2253,2,3004,1605,1399,0,0,0,1.0,1,1.0,1,1.0,1,0.19915120523307012,35
2254,0,3004,1605,1399,0,0,0,1.0,1,1.0,1,1.0,1,0.16705614957336123,33
2255,1,3005,1606,1399,0,0,0,1.0,1,1.0,1,1.0,1,0.19819685060415068,35
2256,4,3009,1608,1401,0,0,0,1.0,1,1.0,1,1.0,1,0.16734189429550947,34
2257,3,3012,1610,1402,0,0,0,1.0,1,1.0,1,1.0,1,0.1622480684381153,36
2258,2,3014,1611,1403,0,0,0,1.0,1,1.0,1,1.0,1,0.1300161382830033,35
2259,0,3014,1611,1403,0,0,0,1.0,1,1.0,1,1.0,1,0.13397250569433528,35
2260,3,3017,1612,1405,0,0,0,1.0,1,1.0,1,1.0,1,0.07404085798881843,33
2261,1,3018,1613,1405,0,0,0,1.0,1,1.0,1,1.0,1,0.09927270274631556,33
2262,1,3019,1613,1406,0,0,0,1.0,1,1.0,1,1.0,1,0.12491039236611469,32
2263,2,3021,1615,1406,0,0,0,1.0,1,1.0,1,1.0,1,0.14979728266388867,31
2264,1,3022,1615,1407,0,0,0,1.0,1,1.0,1,1.0,1,0.13225684180175945,30
2265,1,3023,1616,1407,0,0,0,1.0,1,1.0,1,1.0,1,0.09829988536535682,29
2266,1,3024,1617,1407,0,0,0,1.0,1,1.0,1,1.0,1,0.05290237349672942,30
2267,1,3025,1618,1407,0,0,0,1.0,1,1.0,1,1.0,1,0.05593503381347058,29
2268,4,3029,1622,1407,0,0,0,1.0,1,1.0,1,1.0,1,0.1491331591955008,30
2269,1,3030,1623,1407,0,0,0,1.0,1,1.0,1,1.0,1,0.15637381303356326,31
2270,3,3033,1626,1407,0,0,0,1.0,1,1.0,1,1.0,1,0.25411659702919726,31
2271,5,3038,1629,1409,0,0,0,1.0,1,1.0,1,1.0,1,0.1415324870065299,31
2272,2,3040,1630,1410,0,0,0,1.0,1,1.0,1,1.0,1,0.13744699208239874,31
2273,0,3040,1630,1410,0,0,0,1.0,1,1.0,1,1.0,1,0.13287822959310647,30
2274,1,3041,1631,1410,0,0,0,1.0,1,1.0,1,1.0,1,0.07953566271043842,31
2275,0,3041,1631,1410,0,0,0,1.0,1,1.0,1,1.0,1,0.09259144822105757,32
2276,1,3042,1631,1411,0,0,0,1.0,1,1.0,1,1.0,1,0.10559922915289752,31
2277,0,3042,1631,1411,0,0,0,1.0,1,1.0,1,1.0,1,0.11606140528506083,31
2278,2,3044,1633,1411,0,0,0,1.0,1,1.0,1,1.0,1,0.1506793744953009,32
2279,2,3046,1634,1412,0,0,0,1.0,1,1.0,1,1.0,1,0.1593005119274768,32
2280,0,3046,1634,1412,0,0,0,1.0,1,1.0,1,1.0,1,0.12458010365280636,33
2281,3,3049,1635,1414,0,0,0,1.0,1,1.0,1,1.0,1,0.09945517152423808,34
2282,0,3049,1635,1414,0,0,0,1.0,1,1.0,1,1.0,1,0.09945517152423808,34
2283,0,3049,1635,1414,0,0,0,1.0,1,1.0,1,1.0,1,0.09945517152423808,34
2284,0,3049,1635,1414,0,0,0,1.0,1,1.0,1,1.0,1,0.09945517152423808,34
2285,0,3049,1635,1414,0,0,0,1.0,1,1.0,1,1.0,1,0.09252521374694805,35
2286,0,3049,1635,1414,0,0,0,1.0,1,1.0,1,1.0,1,0.08782659326286177,34
2287,1,3050,1636,1414,0,0,0,1.0,1,1.0,1,1.0,1,0.10115401755044667,35
2288,0,3050,1636,1414,0,0,0,1.0,1,1.0,1,1.0,1,0.06476262733963982,35
2289,2,3052,1638,1414,0,0,0,1.0,1,1.0,1,1.0,1,0.13390217437765958,37
2290,0,3052,1638,1414,0,0,0,1.0,1,1.0,1,1.0,1,0.12258211281148952,37
2291,2,3054,1640,1414,0,0,0,1.0,1,1.0,1,1.0,1,0.15171525406390338,35
2292,0,3054,1640,1414,0,0,0,1.0,1,1.0,1,1.0,1,0.15769983645087043,35
2293,1,3055,1641,1414,0,0,0,1.0,1,1.0,1,1.0,1,0.17297210247572992,34
2294,1,3056,1641,1415,0,0,0,1.0,1,1.0,1,1.0,1,0.12244267000361174,33
2295,0,3056,1641,1415,0,0,0,1.0,1,1.0,1,1.0,1,0.11335918010408982,34
2296,2,3058,1642,1416,0,0,0,1.0,1,1.0,1,1.0,1,0.061567173372116236,33
2297,0,3058,1642,1416,0,0,0,1.0,1,1.0,1,1.0,1,0.08720003743333801,32
2298,1,3059,1643,1416,0,0,0,1.0,1,1.0,1,1.0,1,0.14679140492007914,32
2299,0,3059,1643,1416,0,0,0,1.0,1,1.0,1,1.0,1,0.12274225754818298,33
2300,2,3061,1645,1416,0,0,0,1.0,1,1.0,1,1.0,1,0.13242647332358493,33
2301,3,3064,1647,1417,0,0,0,1.0,1,1.0,1,1.0,1,0.1384889327057828,33
2302,2,3066,1649,1417,0,0,0,1.0,1,1.0,1,1.0,1,0.19138900012202523,34
2303,2,3068,1651,1417,0,0,0,1.0,1,1.0,1,1.0,1,0.22216028727945833,34
2304,1,3069,1651,1418,0,0,0,1.0,1,1.0,1,1.0,1,0.1744789609391058,33
2305,2,3071,1652,1419,0,0,0,1.0,1,1.0,1,1.0,1,0.16435199010654092,33
2306,4,3075,1655,1420,0,0,0,1.0,1,1.0,1,1.0,1,0.2348077577653693,33
2307,0,3075,1655,1420,0,0,0,1.0,1,1.0,1,1.0,1,0.21642106191513014,35
2308,2,3077,1657,1420,0,0,0,1.0,1,1.0,1,1.0,1,0.23704913697950905,34
2309,3,3080,1659,1421,0,0,0,1.0,1,1.0,1,1.0,1,0.18795144052997997,34
2310,2,3082,1660,1422,0,0,0,1.0,1,1.0,1,1.0,1,0.1743141183938018,34
2311,0,3082,1660,1422,0,0,0,1.0,1,1.0,1,1.0,1,0.14429324533598992,35
2312,1,3083,1661,1422,0,0,0,1.0,1,1.0,1,1.0,1,0.13649255728509668,34
2313,0,3083,1661,1422,0,0,0,1.0,1,1.0,1,1.0,1,0.08340943012172744,35
2314,1,3084,1662,1422,0,0,0,1.0,1,1.0,1,1.0,1,0.12782080233719686,35
2315,0,3084,1662,1422,0,0,0,1.0,1,1.0,1,1.0,1,0.14788981041194244,34
2316,1,3085,1662,1423,0,0,0,1.0,1,1.0,1,1.0,1,0.1088645019383864,35
2317,2,3087,1663,1424,0,0,0,1.0,1,1.0,1,1.0,1,0.11382505060002845,32
2318,0,3087,1663,1424,0,0,0,1.0,1,1.0,1,1.0,1,0.11382505060002845,32
2319,1,3088,1664,1424,0,0,0,1.0,1,1.0,1,1.0,1,0.13314565562935055,32
2320,0,3088,1664,1424,0,0,0,1.0,1,1.0,1,1.0,1,0.13590625730430253,32
2321,1,3089,1664,1425,0,0,0,1.0,1,1.0,1,1.0,1,0.10248299954939517,33
2322,0,3089,1664,1425,0,0,0,1.0,1,1.0,1,1.0,1,0.10248299954939517,33
2323,0,3089,1664,1425,0,0,0,1.0,1,1.0,1,1.0,1,0.10248299954939517,33
2324,0,3089,1664,1425,0,0,0,1.0,1,1.0,1,1.0,1,0.10693533035803172,34
2325,0,3089,1664,1425,0,0,0,1.0,1,1.0,1,1.0,1,0.09776678608214218,35
2326,0,3089,1664,1425,0,0,0,1.0,1,1.0,1,1.0,1,0.09776678608214218,35
2327,0,3089,1664,1425,0,0,0,1.0,1,1.0,1,1.0,1,0.11888242952580556,36
2328,0,3089,1664,1425,0,0,0,1.0,1,1.0,1,1.0,1,0.12329157487217733,37
2329,0,3089,1664,1425,0,0,0,1.0,1,1.0,1,1.0,1,0.1032898357405673,37
2330,0,3089,1664,1425,0,0,0,1.0,1,1.0,1,1.0,1,0.10337058594231811,38
2331,0,3089,1664,1425,0,0,0,1.0,1,1.0,1,1.0,1,0.103220207956776,40
2332,0,3089,1664,1425,0,0,0,1.0,1,1.0,1,1.0,1,0.103220207956776,40
2333,1,3090,1665,1425,0,0,0,1.0,1,1.0,1,1.0,1,0.1204702928026918,41
2334,0,3090,1665,1425,0,0,0,1.0,1,1.0,1,1.0,1,0.1204702928026918,41
2335,0,3090,1665,1425,0,0,0,1.0,1,1.0,1,1.0,1,0.1204702928026918,41
2336,1,3091,1665,1426,0,0,0,1.0,1,1.0,1,1.0,1,0.09091961886995034,41
2337,1,3092,1665,1427,0,0,0,1.0,1,1.0,1,1.0,1,0.06982019729023069,42
2338,4,3096,1668,1428,0,0,0,1.0,1,1.0,1,1.0,1,0.11087764010710237,43
2339,2,3098,1668,1430,0,0,0,1.0,1,1.0,1,1.0,1,0.08360748816744994,43
2340,4,3102,1670,1432,0,0,0,1.0,1,1.0,1,1.0,1,0.07739213079785379,45
2341,0,3102,1670,1432,0,0,0,1.0,1,1.0,1,1.0,1,0.06995680278360566,45
2342,2,3104,1672,1432,0,0,0,1.0,1,1.0,1,1.0,1,0.13184132621962222,46
2343,2,3106,1673,1433,0,0,0,1.0,1,1.0,1,1.0,1,0.0846510619450002,45
2344,2,3108,1675,1433,0,0,0,1.0,1,1.0,1,1.0,1,0.12657499328442642,44
2345,3,3111,1676,1435,0,0,0,1.0,1,1.0,1,1.0,1,0.13965047569027886,44
2346,1,3112,1676,1436,0,0,0,1.0,1,1.0,1,1.0,1,0.1272048057014861,44
2347,2,3114,1677,1437,0,0,0,1.0,1,1.0,1,1.0,1,0.12479152119391068,44
2348,0,3114,1677,1437,0,0,0,1.0,1,1.0,1,1.0,1,0.11743780295196969,45
2349,0,3114,1677,1437,0,0,0,1.0,1,1.0,1,1.0,1,0.12086572597103384,46
2350,3,3117,1678,1439,0,0,0,1.0,1,1.0,1,1.0,1,0.12603241472005997,47
2351,2,3119,1678,1441,0,0,0,1.0,1,1.0,1,1.0,1,0.10808633166088456,47
2352,0,3119,1678,1441,0,0,0,1.0,1,1.0,1,1.0,1,0.10808633166088456,47
2353,1,3120,1679,1441,0,0,0,1.0,1,1.0,1,1.0,1,0.1433988642276201,46
2354,2,3122,1681,1441,0,0,0,1.0,1,1.0,1,1.0,1,0.14325303848819482,47
2355,0,3122,1681,1441,0,0,0,1.0,1,1.0,1,1.0,1,0.14325303848819482,47
2356,4,3126,1684,1442,0,0,0,1.0,1,1.0,1,1.0,1,0.12449837512931955,47
2357,1,3127,1685,1442,0,0,0,1.0,1,1.0,1,1.0,1,0.1287756395271883,47
2358,1,3128,1685,1443,0,0,0,1.0,1,1.0,1,1.0,1,0.10877015360182272,48
2359,1,3129,1685,1444,0,0,0,1.0,1,1.0,1,1.0,1,0.08316278324541,49
2360,2,3131,1686,1445,0,0,0,1.0,1,1.0,1,1.0,1,0.08462614415322758,49
2361,1,3132,1686,1446,0,0,0,1.0,1,1.0,1,1.0,1,0.06403367164126804,50
2362,0,3132,1686,1446,0,0,0,1.0,1,1.0,1,1.0,1,0.06706707653209207,51
2363,0,3132,1686,1446,0,0,0,1.0,1,1.0,1,1.0,1,0.06706707653209207,51
2364,2,3134,1687,1447,0,0,0,1.0,1,1.0,1,1.0,1,0.04651073789741849,52
2365,1,3135,1688,1447,0,0,0,1.0,1,1.0,1,1.0,1,0.055412136465928956,53
2366,2,3137,1690,1447,0,0,0,1.0,1,1.0,1,1.0,1,0.08682282545369406,54
2367,3,3140,1693,1447,0,0,0,1.0,1,1.0,1,1.0,1,0.1038565555512355,52
2368,4,3144,1696,1448,0,0,0,1.0,1,1.0,1,1.0,1,0.12568920443637346,51
2369,3,3147,1698,1449,0,0,0,1.0,1,1.0,1,1.0,1,0.123426147969481,51
2370,5,3152,1702,1450,0,0,0,1.0,1,1.0,1,1.0,1,0.1314708244912039,52
2371,6,3158,1705,1453,0,0,0,1.0,1,1.0,1,1.0,1,0.10565220333905086,52
2372,1,3159,1706,1453,0,0,0,1.0,1,1.0,1,1.0,1,0.13009883140692077,49
2373,1,3160,1707,1453,0,0,0,1.0,1,1.0,1,1.0,1,0.12900426728413736,47
2374,0,3160,1707,1453,0,0,0,1.0,1,1.0,1,1.0,1,0.11108170352778937,45
2375,0,3160,1707,1453,0,0,0,1.0,1,1.0,1,1.0,1,0.0770517445493733,45
2376,0,3160,1707,1453,0,0,0,1.0,1,1.0,1,1.0,1,0.07611153160575689,43
2377,1,3161,1708,1453,0,0,0,1.0,1,1.0,1,1.0,1,0.04857204490105744,44
2378,2,3163,1710,1453,0,0,0,1.0,1,1.0,1,1.0,1,0.10336189942818896,43
2379,3,3166,1713,1453,0,0,0,1.0,1,1.0,1,1.0,1,0.11259007058806449,43
2380,2,3168,1714,1454,0,0,0,1.0,1,1.0,1,1.0,1,0.07434971115927004,43
2381,4,3172,1717,1455,0,0,0,1.0,1,1.0,1,1.0,1,0.04383449915282672,44
2382,0,3172,1717,1455,0,0,0,1.0,1,1.0,1,1.0,1,0.04383449915282672,44
2383,2,3174,1719,1455,0,0,0,1.0,1,1.0,1,1.0,1,0.04305291612744815,45
2384,2,3176,1720,1456,0,0,0,1.0,1,1.0,1,1.0,1,0.05146935821380219,45
2385,2,3178,1721,1457,0,0,0,1.0,1,1.0,1,1.0,1,0.051908444791822834,45
2386,2,3180,1723,1457,0,0,0,1.0,1,1.0,1,1.0,1,0.03993567920440178,46
2387,1,3181,1724,1457,0,0,0,1.0,1,1.0,1,1.0,1,0.05528790809546943,44
2388,1,3182,1725,1457,0,0,0,1.0,1,1.0,1,1.0,1,0.03869636904365685,44
2389,1,3183,1726,1457,0,0,0,1.0,1,1.0,1,1.0,1,0.07270027670698256,43
2390,2,3185,1728,1457,0,0,0,1.0,1,1.0,1,1.0,1,0.07663905625027637,44
2391,1,3186,1729,1457,0,0,0,1.0,1,1.0,1,1.0,1,0.06493567677026221,43
2392,2,3188,1730,1458,0,0,0,1.0,1,1.0,1,1.0,1,0.08478805880756453,44
2393,3,3191,1732,1459,0,0,0,1.0,1,1.0,1,1.0,1,0.1295392790313785,45
2394,0,3191,1732,1459,0,0,0,1.0,1,1.0,1,1.0,1,0.15490222126297712,44
2395,1,3192,1733,1459,0,0,0,1.0,1,1.0,1,1.0,1,0.19328116940590673,44
2396,3,3195,1734,1461,0,0,0,1.0,1,1.0,1,1.0,1,0.20264500855901768,45
2397,2,3197,1734,1463,0,0,0,1.0,1,1.0,1,1.0,1,0.21343189688237235,44
2398,3,3200,1735,1465,0,0,0,1.0,1,1.0,1,1.0,1,0.22379527489618523,44
2399,1,3201,1735,1466,0,0,0,1.0,1,1.0,1,1.0,1,0.21044159280931377,45
2400,1,3202,1735,1467,0,0,0,1.0,1,1.0,1,1.0,1,0.19072839038850903,45
2401,3,3205,1735,1470,0,0,0,1.0,1,1.0,1,1.0,1,0.1538357909621785,46
2402,1,3206,1735,1471,0,0,0,1.0,1,1.0,1,1.0,1,0.11413028176137666,47
2403,1,3207,1735,1472,0,0,0,1.0,1,1.0,1,1.0,1,0.09823427416867962,48
2404,3,3210,1738,1472,0,0,0,1.0,1,1.0,1,1.0,1,0.10989815055616514,47
2405,0,3210,1738,1472,0,0,0,1.0,1,1.0,1,1.0,1,0.09005853201083436,45
2406,0,3210,1738,1472,0,0,0,1.0,1,1.0,1,1.0,1,0.09005853201083436,45
2407,2,3212,1740,1472,0,0,0,1.0,1,1.0,1,1.0,1,0.06912172957017083,42
2408,1,3213,1741,1472,0,0,0,1.0,1,1.0,1,1.0,1,0.05859428290312703,41
2409,4,3217,1744,1473,0,0,0,1.0,1,1.0,1,1.0,1,0.04974300251757449,41
2410,1,3218,1745,1473,0,0,0,1.0,1,1.0,1,1.0,1,0.07157296197318418,40
2411,2,3220,1747,1473,0,0,0,1.0,1,1.0,1,1.0,1,0.06312884437093803,40
2412,2,3222,1749,1473,0,0,0,1.0,1,1.0,1,1.0,1,0.059188880385420875,38
2413,2,3224,1751,1473,0,0,0,1.0,1,1.0,1,1.0,1,0.13467205247569766,38
2414,1,3225,1752,1473,0,0,0,1.0,1,1.0,1,1.0,1,0.13117415622701623,36
2415,1,3226,1753,1473,0,0,0,1.0,1,1.0,1,1.0,1,0.18470433895292832,36
2416,3,3229,1753,1476,0,0,0,1.0,1,1.0,1,1.0,1,0.08577483787196746,35
2417,0,3229,1753,1476,0,0,0,1.0,1,1.0,1,1.0,1,0.15677378067861109,33
2418,0,3229,1753,1476,0,0,0,1.0,1,1.0,1,1.0,1,0.15677378067861109,33
2419,2,3231,1754,1477,0,0,0,1.0,1,1.0,1,1.0,1,0.2272437548226055,33
2420,2,3233,1756,1477,0,0,0,1.0,1,1.0,1,1.0,1,0.1191779286997927,34
2421,1,3234,1756,1478,0,0,0,1.0,1,1.0,1,1.0,1,0.10965954850086077,34
2422,3,3237,1759,1478,0,0,0,1.0,1,1.0,1,1.0,1,0.06706122335283977,35
2423,2,3239,1761,1478,0,0,0,1.0,1,1.0,1,1.0,1,0.04186105461043809,36
2424,1,3240,1762,1478,0,0,0,1.0,1,1.0,1,1.0,1,0.04935495918530391,35
2425,3,3243,1765,1478,0,0,0,1.0,1,1.0,1,1.0,1,0.14445527832676774,33
2426,2,3245,1765,1480,0,0,0,1.0,1,1.0,1,1.0,1,0.1173705338510419,34
2427,0,3245,1765,1480,0,0,0,1.0,1,1.0,1,1.0,1,0.12203382938350119,34
2428,0,3245,1765,1480,0,0,0,1.0,1,1.0,1,1.0,1,0.12203382938350119,34
2429,1,3246,1766,1480,0,0,0,1.0,1,1.0,1,1.0,1,0.17823247956200552,34
2430,0,3246,1766,1480,0,0,0,1.0,1,1.0,1,1.0,1,0.21199599906321742,33
2431,2,3248,1767,1481,0,0,0,1.0,1,1.0,1,1.0,1,0.18647847297852627,33
2432,2,3250,1767,1483,0,0,0,1.0,1,1.0,1,1.0,1,0.19142826094365373,33
2433,2,3252,1769,1483,0,0,0,1.0,1,1.0,1,1.0,1,0.18799020032168656,34
2434,0,3252,1769,1483,0,0,0,1.0,1,1.0,1,1.0,1,0.18799020032168656,34
2435,1,3253,1770,1483,0,0,0,1.0,1,1.0,1,1.0,1,0.20754477413276354,34
2436,4,3257,1771,1486,0,0,0,1.0,1,1.0,1,1.0,1,0.14565931390660355,33
2437,2,3259,1772,1487,0,0,0,1.0,1,1.0,1,1.0,1,0.14554069263116323,33
2438,0,3259,1772,1487,0,0,0,1.0,1,1.0,1,1.0,1,0.13120154307955303,34
2439,0,3259,1772,1487,0,0,0,1.0,1,1.0,1,1.0,1,0.12282648084308162,35
2440,1,3260,1772,1488,0,0,0,1.0,1,1.0,1,1.0,1,0.10184061650815887,35
2441,1,3261,1773,1488,0,0,0,1.0,1,1.0,1,1.0,1,0.12928598580414763,35
2442,0,3261,1773,1488,0,0,0,1.0,1,1.0,1,1.0,1,0.11217283778050184,35
2443,4,3265,1776,1489,0,0,0,1.0,1,1.0,1,1.0,1,0.19398917689165474,35
2444,2,3267,1776,1491,0,0,0,1.0,1,1.0,1,1.0,1,0.19486998603043285,34
2445,1,3268,1777,1491,0,0,0,1.0,1,1.0,1,1.0,1,0.23395646279314736,33
2446,5,3273,1777,1496,0,0,0,1.0,1,1.0,1,1.0,1,0.13244242435116302,30
2447,0,3273,1777,1496,0,0,0,1.0,1,1.0,1,1.0,1,0.10956024847753609,29
2448,1,3274,1778,1496,0,0,0,1.0,1,1.0,1,1.0,1,0.07946905583349438,27
2449,0,3274,1778,1496,0,0,0,1.0,1,1.0,1,1.0,1,0.08810464741965315,26
2450,1,3275,1779,1496,0,0,0,1.0,1,1.0,1,1.0,1,0.12079633179088932,28
2451,0,3275,1779,1496,0,0,0,1.0,1,1.0,1,1.0,1,0.12079633179088932,28
2452,1,3276,1780,1496,0,0,0,1.0,1,1.0,1,1.0,1,0.11377494604007947,29
2453,1,3277,1781,1496,0,0,0,1.0,1,1.0,1,1.0,1,0.11654178100466307,30
2454,4,3281,1783,1498,0,0,0,1.0,1,1.0,1,1.0,1,0.05301244183836974,32
2455,3,3284,1784,1500,0,0,0,1.0,1,1.0,1,1.0,1,0.02088869468485311,33
2456,2,3286,1786,1500,0,0,0,1.0,1,1.0,1,1.0,1,0.06620403483635681,34
2457,1,3287,1787,1500,0,0,0,1.0,1,1.0,1,1.0,1,0.09847336729234775,34
2458,0,3287,1787,1500,0,0,0,1.0,1,1.0,1,1.0,1,0.1067179769608589,36
2459,0,3287,1787,1500,0,0,0,1.0,1,1.0,1,1.0,1,0.1067179769608589,36
2460,1,3288,1788,1500,0,0,0,1.0,1,1.0,1,1.0,1,0.11906632458080349,37
2461,2,3290,1790,1500,0,0,0,1.0,1,1.0,1,1.0,1,0.14012268748027984,37
2462,2,3292,1791,1501,0,0,0,1.0,1,1.0,1,1.0,1,0.14901477586493214,38
2463,0,3292,1791,1501,0,0,0,1.0,1,1.0,1,1.0,1,0.13637363421087148,38
2464,3,3295,1793,1502,0,0,0,1.0,1,1.0,1,1.0,1,0.10583735375559608,37
2465,1,3296,1794,1502,0,0,0,1.0,1,1.0,1,1.0,1,0.11851065266288587,36
2466,3,3299,1795,1504,0,0,0,1.0,1,1.0,1,1.0,1,0.07100893143210153,36
2467,0,3299,1795,1504,0,0,0,1.0,1,1.0,1,1.0,1,0.10142565254861562,34
2468,1,3300,1796,1504,0,0,0,1.0,1,1.0,1,1.0,1,0.14667562055410593,33
2469,1,3301,1797,1504,0,0,0,1.0,1,1.0,1,1.0,1,0.15553439008204437,32
2470,0,3301,1797,1504,0,0,0,1.0,1,1.0,1,1.0,1,0.1386769065636201,33
2471,2,3303,1797,1506,0,0,0,1.0,1,1.0,1,1.0,1,0.11547247893011453,31
2472,0,3303,1797,1506,0,0,0,1.0,1,1.0,1,1.0,1,0.12572131355683122,32
2473,1,3304,1798,1506,0,0,0,1.0,1,1.0,1,1.0,1,0.13815517935338437,31
2474,3,3307,1799,1508,0,0,0,1.0,1,1.0,1,1.0,1,0.11571672794225574,33
2475,3,3310,1800,1510,0,0,0,1.0,1,1.0,1,1.0,1,0.16105873698197237,33
2476,2,3312,1801,1511,0,0,0,1.0,1,1.0,1,1.0,1,0.20103139556813174,33
2477,1,3313,1802,1511,0,0,0,1.0,1,1.0,1,1.0,1,0.23206881230761944,33
2478,0,3313,1802,1511,0,0,0,1.0,1,1.0,1,1.0,1,0.23206881230761944,33
2479,2,3315,1804,1511,0,0,0,1.0,1,1.0,1,1.0,1,0.2630324477730071,33
2480,1,3316,1805,1511,0,0,0,1.0,1,1.0,1,1.0,1,0.24523418082681184,34
2481,6,3322,1808,1514,0,0,0,1.0,1,1.0,1,1.0,1,0.16376177336751013,33
2482,2,3324,1809,1515,0,0,0,1.0,1,1.0,1,1.0,1,0.12104690847716164,34
2483,0,3324,1809,1515,0,0,0,1.0,1,1.0,1,1.0,1,0.10209614908425885,33
2484,1,3325,1810,1515,0,0,0,1.0,1,1.0,1,1.0,1,0.08912534459911384,32
2485,1,3326,1811,1515,0,0,0,1.0,1,1.0,1,1.0,1,0.047167042379193114,31
2486,2,3328,1813,1515,0,0,0,1.0,1,1.0,1,1.0,1,0.07743083825538287,29
2487,0,3328,1813,1515,0,0,0,1.0,1,1.0,1,1.0,1,0.07743083825538287,29
2488,2,3330,1815,1515,0,0,0,1.0,1,1.0,1,1.0,1,0.09844775860266343,30
2489,1,3331,1816,1515,0,0,0,1.0,1,1.0,1,1.0,1,0.034099109329234434,29
2490,0,3331,1816,1515,0,0,0,1.0,1,1.0,1,1.0,1,0.03693016516661174,30
2491,1,3332,1817,1515,0,0,0,1.0,1,1.0,1,1.0,1,0.039134617022590794,30
2492,0,3332,1817,1515,0,0,0,1.0,1,1.0,1,1.0,1,0.06830326813575553,29
2493,0,3332,1817,1515,0,0,0,1.0,1,1.0,1,1.0,1,0.06830326813575553,29
2494,1,3333,1818,1515,0,0,0,1.0,1,1.0,1,1.0,1,0.04022451165486219,28
2495,0,3333,1818,1515,0,0,0,1.0,1,1.0,1,1.0,1,0.029828215055073035,29
2496,0,3333,1818,1515,0,0,0,1.0,1,1.0,1,1.0,1,0.033076848155265896,28
2497,0,3333,1818,1515,0,0,0,1.0,1,1.0,1,1.0,1,0.05878164335871114,28
2498,0,3333,1818,1515,0,0,0,1.0,1,1.0,1,1.0,1,0.08478437870983369,29
2499,0,3333,1818,1515,0,0,0,1.0,1,1.0,1,1.0,1,0.09087058911231093,30
2500,1,3334,1819,1515,0,0,0,1.0,1,1.0,1,1.0,1,0.09923730334986529,29
2501,4,3338,1822,1516,0,0,0,1.0,1,1.0,1,1.0,1,0.05746010598457203,33
2502,1,3339,1823,1516,0,0,0,1.0,1,1.0,1,1.0,1,0.07159299729106468,33
2503,2,3341,1825,1516,0,0,0,1.0,1,1.0,1,1.0,1,0.09668757514734316,31
2504,2,3343,1827,1516,0,0,0,1.0,1,1.0,1,1.0,1,0.0671418377733161,31
2505,3,3346,1829,1517,0,0,0,1.0,1,1.0,1,1.0,1,0.026654158794307475,32
2506,2,3348,1831,1517,0,0,0,1.0,1,1.0,1,1.0,1,0.05233375068739436,31
2507,3,3351,1834,1517,0,0,0,1.0,1,1.0,1,1.0,1,0.16743646673008716,29
2508,3,3354,1836,1518,0,0,0,1.0,1,1.0,1,1.0,1,0.13724442938954645,31
2509,0,3354,1836,1518,0,0,0,1.0,1,1.0,1,1.0,1,0.1712650413926042,30
2510,1,3355,1836,1519,0,0,0,1.0,1,1.0,1,1.0,1,0.15849029592926192,31
2511,3,3358,1837,1521,0,0,0,1.0,1,1.0,1,1.0,1,0.04734830102507604,32
2512,2,3360,1839,1521,0,0,0,1.0,1,1.0,1,1.0,1,0.09062467486369125,32
2513,1,3361,1839,1522,0,0,0,1.0,1,1.0,1,1.0,1,0.028825629305121527,34
2514,1,3362,1840,1522,0,0,0,1.0,1,1.0,1,1.0,1,0.059203131638981527,35
2515,0,3362,1840,1522,0,0,0,1.0,1,1.0,1,1.0,1,0.059203131638981527,35
2516,1,3363,1841,1522,0,0,0,1.0,1,1.0,1,1.0,1,0.16250848986426258,34
2517,3,3366,1842,1524,0,0,0,1.0,1,1.0,1,1.0,1,0.14221491273525708,34
2518,2,3368,1843,1525,0,0,0,1.0,1,1.0,1,1.0,1,0.17275215114109313,33
2519,0,3368,1843,1525,0,0,0,1.0,1,1.0,1,1.0,1,0.14125419200373537,32
2520,2,3370,1844,1526,0,0,0,1.0,1,1.0,1,1.0,1,0.07971269165883062,31
2521,1,3371,1845,1526,0,0,0,1.0,1,1.0,1,1.0,1,0.07628159874934914,31
2522,0,3371,1845,1526,0,0,0,1.0,1,1.0,1,1.0,1,0.043125921033748967,30
2523,0,3371,1845,1526,0,0,0,1.0,1,1.0,1,1.0,1,0.06457265667452859,30
2524,1,3372,1845,1527,0,0,0,1.0,1,1.0,1,1.0,1,0.10052011099792726,29
2525,0,3372,1845,1527,0,0,0,1.0,1,1.0,1,1.0,1,0.10052011099792726,29
2526,0,3372,1845,1527,0,0,0,1.0,1,1.0,1,1.0,1,0.13728913715923458,27
2527,0,3372,1845,1527,0,0,0,1.0,1,1.0,1,1.0,1,0.12121489697875974,28
2528,0,3372,1845,1527,0,0,0,1.0,1,1.0,1,1.0,1,0.12121489697875974,28
2529,0,3372,1845,1527,0,0,0,1.0,1,1.0,1,1.0,1,0.12121489697875974,28
2530,1,3373,1845,1528,0,0,0,1.0,1,1.0,1,1.0,1,0.08298130962738211,29
2531,0,3373,1845,1528,0,0,0,1.0,1,1.0,1,1.0,1,0.08886070146072751,30
2532,0,3373,1845,1528,0,0,0,1.0,1,1.0,1,1.0,1,0.08051611269840994,31
2533,1,3374,1846,1528,0,0,0,1.0,1,1.0,1,1.0,1,0.12090996731964715,31
2534,0,3374,1846,1528,0,0,0,1.0,1,1.0,1,1.0,1,0.12090996731964715,31
2535,1,3375,1847,1528,0,0,0,1.0,1,1.0,1,1.0,1,0.14841005131053042,31
2536,1,3376,1847,1529,0,0,0,1.0,1,1.0,1,1.0,1,0.16233152963206496,32
2537,3,3379,1849,1530,0,0,0,1.0,1,1.0,1,1.0,1,0.12732548699905658,33
2538,0,3379,1849,1530,0,0,0,1.0,1,1.0,1,1.0,1,0.12164387106483458,35
2539,3,3382,1851,1531,0,0,0,1.0,1,1.0,1,1.0,1,0.13914802159011713,37
2540,7,3389,1855,1534,0,0,0,1.0,1,1.0,1,1.0,1,0.12584982138247697,38
2541,0,3389,1855,1534,0,0,0,1.0,1,1.0,1,1.0,1,0.1179972846463928,39
2542,4,3393,1858,1535,0,0,0,1.0,1,1.0,1,1.0,1,0.1437723277508667,38
2543,1,3394,1859,1535,0,0,0,1.0,1,1.0,1,1.0,1,0.1481673855856865,41
2544,1,3395,1860,1535,0,0,0,1.0,1,1.0,1,1.0,1,0.13363898484481418,39
2545,1,3396,1861,1535,0,0,0,1.0,1,1.0,1,1.0,1,0.16464227767834708,40
2546,2,3398,1863,1535,0,0,0,1.0,1,1.0,1,1.0,1,0.17352886073866058,38
2547,3,3401,1866,1535,0,0,0,1.0,1,1.0,1,1.0,1,0.16413852779077404,38
2548,0,3401,1866,1535,0,0,0,1.0,1,1.0,1,1.0,1,0.1441280650490825,35
2549,0,3401,1866,1535,0,0,0,1.0,1,1.0,1,1.0,1,0.1315037844999947,35
2550,0,3401,1866,1535,0,0,0,1.0,1,1.0,1,1.0,1,0.13444710234582258,33
2551,1,3402,1867,1535,0,0,0,1.0,1,1.0,1,1.0,1,0.1930622171648777,31
2552,0,3402,1867,1535,0,0,0,1.0,1,1.0,1,1.0,1,0.20084654989971032,30
2553,1,3403,1868,1535,0,0,0,1.0,1,1.0,1,1.0,1,0.23718506834716704,30
2554,0,3403,1868,1535,0,0,0,1.0,1,1.0,1,1.0,1,0.22452782321145887,32
2555,0,3403,1868,1535,0,0,0,1.0,1,1.0,1,1.0,1,0.25640831757411225,32
2556,2,3405,1870,1535,0,0,0,1.0,1,1.0,1,1.0,1,0.20766583614205536,32
2557,1,3406,1871,1535,0,0,0,1.0,1,1.0,1,1.0,1,0.20778737403151906,30
2558,0,3406,1871,1535,0,0,0,1.0,1,1.0,1,1.0,1,0.17170207553857939,31
2559,0,3406,1871,1535,0,0,0,1.0,1,1.0,1,1.0,1,0.1595474999675855,30
2560,0,3406,1871,1535,0,0,0,1.0,1,1.0,1,1.0,1,0.1595474999675855,30
2561,0,3406,1871,1535,0,0,0,1.0,1,1.0,1,1.0,1,0.1595474999675855,30
2562,0,3406,1871,1535,0,0,0,1.0,1,1.0,1,1.0,1,0.16646281755435033,33
2563,0,3406,1871,1535,0,0,0,1.0,1,1.0,1,1.0,1,0.16646281755435033,33
2564,0,3406,1871,1535,0,0,0,1.0,1,1.0,1,1.0,1,0.16646281755435033,33
2565,1,3407,1872,1535,0,0,0,1.0,1,1.0,1,1.0,1,0.14100361077970172,33
2566,1,3408,1873,1535,0,0,0,1.0,1,1.0,1,1.0,1,0.14074670059277647,35
2567,2,3410,1875,1535,0,0,0,1.0,1,1.0,1,1.0,1,0.16460750718361275,36
2568,1,3411,1876,1535,0,0,0,1.0,1,1.0,1,1.0,1,0.20262694772526046,37
2569,1,3412,1876,1536,0,0,0,1.0,1,1.0,1,1.0,1,0.1858120066218728,37
2570,0,3412,1876,1536,0,0,0,1.0,1,1.0,1,1.0,1,0.19714952747264086,37
2571,0,3412,1876,1536,0,0,0,1.0,1,1.0,1,1.0,1,0.19714952747264086,37
2572,0,3412,1876,1536,0,0,0,1.0,1,1.0,1,1.0,1,0.17665533703049527,39
2573,0,3412,1876,1536,0,0,0,1.0,1,1.0,1,1.0,1,0.17665533703049527,39
2574,0,3412,1876,1536,0,0,0,1.0,1,1.0,1,1.0,1,0.1747157693032323,38
2575,0,3412,1876,1536,0,0,0,1.0,1,1.0,1,1.0,1,0.1747157693032323,38
2576,0,3412,1876,1536,0,0,0,1.0,1,1.0,1,1.0,1,0.20317421156107257,37
2577,1,3413,1877,1536,0,0,0,1.0,1,1.0,1,1.0,1,0.21699654663107437,39
2578,4,3417,1879,1538,0,0,0,1.0,1,1.0,1,1.0,1,0.22874415259953712,40
2579,1,3418,1879,1539,0,0,0,1.0,1,1.0,1,1.0,1,0.19812367225523647,41
2580,3,3421,1880,1541,0,0,0,1.0,1,1.0,1,1.0,1,0.16638330730014808,42
2581,2,3423,1880,1543,0,0,0,1.0,1,1.0,1,1.0,1,0.11153904723466976,43
2582,2,3425,1880,1545,0,0,0,1.0,1,1.0,1,1.0,1,0.05868263513630504,43
2583,2,3427,1881,1546,0,0,0,1.0,1,1.0,1,1.0,1,0.0422620006233754,43
2584,4,3431,1881,1550,0,0,0,1.0,1,1.0,1,1.0,1,0.035591286862604425,43
2585,0,3431,1881,1550,0,0,0,1.0,1,1.0,1,1.0,1,0.045396527903070125,44
2586,0,3431,1881,1550,0,0,0,1.0,1,1.0,1,1.0,1,0.036633282276205166,43
2587,4,3435,1885,1550,0,0,0,1.0,1,1.0,1,1.0,1,0.04770990423960437,44
2588,0,3435,1885,1550,0,0,0,1.0,1,1.0,1,1.0,1,0.04770990423960437,44
2589,2,3437,1887,1550,0,0,0,1.0,1,1.0,1,1.0,1,0.06136737603500026,44
2590,1,3438,1888,1550,0,0,0,1.0,1,1.0,1,1.0,1,0.028529669099489383,44
2591,1,3439,1889,1550,0,0,0,1.0,1,1.0,1,1.0,1,0.043799405504892724,44
2592,1,3440,1890,1550,0,0,0,1.0,1,1.0,1,1.0,1,0.07706679041958937,44
2593,4,3444,1892,1552,0,0,0,1.0,1,1.0,1,1.0,1,0.04020717382312392,43
2594,1,3445,1893,1552,0,0,0,1.0,1,1.0,1,1.0,1,0.048465650066571025,48
2595,1,3446,1894,1552,0,0,0,1.0,1,1.0,1,1.0,1,0.041546083065991044,45
2596,0,3446,1894,1552,0,0,0,1.0,1,1.0,1,1.0,1,0.05342396851885442,46
2597,1,3447,1895,1552,0,0,0,1.0,1,1.0,1,1.0,1,0.04252580447565828,45
2598,2,3449,1896,1553,0,0,0,1.0,1,1.0,1,1.0,1,0.043990613416627335,45
2599,2,3451,1898,1553,0,0,0,1.0,1,1.0,1,1.0,1,0.0773660782886697,45
2600,1,3452,1899,1553,0,0,0,1.0,1,1.0,1,1.0,1,0.0675254523728996,48
2601,2,3454,1899,1555,0,0,0,1.0,1,1.0,1,1.0,1,0.021252085638660465,47
2602,0,3454,1899,1555,0,0,0,1.0,1,1.0,1,1.0,1,0.027353097822965893,48
2603,0,3454,1899,1555,0,0,0,1.0,1,1.0,1,1.0,1,0.027353097822965893,48
2604,0,3454,1899,1555,0,0,0,1.0,1,1.0,1,1.0,1,0.029404701728396595,47
2605,0,3454,1899,1555,0,0,0,1.0,1,1.0,1,1.0,1,0.029404701728396595,47
2606,0,3454,1899,1555,0,0,0,1.0,1,1.0,1,1.0,1,0.027459261249953706,46
2607,0,3454,1899,1555,0,0,0,1.0,1,1.0,1,1.0,1,0.04905814225425087,45
2608,1,3455,1900,1555,0,0,0,1.0,1,1.0,1,1.0,1,0.031148137648864732,45
2609,1,3456,1901,1555,0,0,0,1.0,1,1.0,1,1.0,1,0.033371605264176575,44
2610,2,3458,1903,1555,0,0,0,1.0,1,1.0,1,1.0,1,0.09415239722517223,45
2611,5,3463,1908,1555,0,0,0,1.0,1,1.0,1,1.0,1,0.13091246835975748,46
2612,3,3466,1910,1556,0,0,0,1.0,1,1.0,1,1.0,1,0.12370539418219839,47
2613,1,3467,1911,1556,0,0,0,1.0,1,1.0,1,1.0,1,0.15663585790151383,48
2614,3,3470,1913,1557,0,0,0,1.0,1,1.0,1,1.0,1,0.21345378857627986,48
2615,4,3474,1916,1558,0,0,0,1.0,1,1.0,1,1.0,1,0.18574277195968456,49
2616,2,3476,1916,1560,0,0,0,1.0,1,1.0,1,1.0,1,0.16179488371125778,49
2617,0,3476,1916,1560,0,0,0,1.0,1,1.0,1,1.0,1,0.14725528804310323,48
2618,0,3476,1916,1560,0,0,0,1.0,1,1.0,1,1.0,1,0.1546889742876749,47
2619,0,3476,1916,1560,0,0,0,1.0,1,1.0,1,1.0,1,0.13083616279633078,50
2620,3,3479,1919,1560,0,0,0,1.0,1,1.0,1,1.0,1,0.15853924708938763,51
2621,4,3483,1920,1563,0,0,0,1.0,1,1.0,1,1.0,1,0.13482161828746553,52
2622,2,3485,1922,1563,0,0,0,1.0,1,1.0,1,1.0,1,0.12978713958935897,52
2623,1,3486,1922,1564,0,0,0,1.0,1,1.0,1,1.0,1,0.11374482565345527,53
2624,1,3487,1923,1564,0,0,0,1.0,1,1.0,1,1.0,1,0.1405361602351711,51
2625,3,3490,1925,1565,0,0,0,1.0,1,1.0,1,1.0,1,0.1372950622005797,50
2626,3,3493,1925,1568,0,0,0,1.0,1,1.0,1,1.0,1,0.10465836932056223,49
2627,0,3493,1925,1568,0,0,0,1.0,1,1.0,1,1.0,1,0.12662017228631062,48
2628,2,3495,1926,1569,0,0,0,1.0,1,1.0,1,1.0,1,0.12922054960009388,48
2629,0,3495,1926,1569,0,0,0,1.0,1,1.0,1,1.0,1,0.12756052336809312,47
2630,0,3495,1926,1569,0,0,0,1.0,1,1.0,1,1.0,1,0.14306914200316143,47
2631,1,3496,1927,1569,0,0,0,1.0,1,1.0,1,1.0,1,0.1256891932175894,47
2632,0,3496,1927,1569,0,0,0,1.0,1,1.0,1,1.0,1,0.1400110414250889,47
2633,2,3498,1929,1569,0,0,0,1.0,1,1.0,1,1.0,1,0.14360928587057767,44
2634,0,3498,1929,1569,0,0,0,1.0,1,1.0,1,1.0,1,0.14357262827435896,44
2635,2,3500,1931,1569,0,0,0,1.0,1,1.0,1,1.0,1,0.15106062810783233,45
2636,7,3507,1934,1573,0,0,0,1.0,1,1.0,1,1.0,1,0.12469758590277097,40
2637,3,3510,1937,1573,0,0,0,1.0,1,1.0,1,1.0,1,0.11948309668783598,41
2638,4,3514,1940,1574,0,0,0,1.0,1,1.0,1,1.0,1,0.15590760239090679,38
2639,2,3516,1940,1576,0,0,0,1.0,1,1.0,1,1.0,1,0.11838758949948804,39
2640,2,3518,1942,1576,0,0,0,1.0,1,1.0,1,1.0,1,0.137677069653185,38
2641,1,3519,1943,1576,0,0,0,1.0,1,1.0,1,1.0,1,0.13835940432807645,37
2642,3,3522,1945,1577,0,0,0,1.0,1,1.0,1,1.0,1,0.1468522843048628,38
2643,1,3523,1945,1578,0,0,0,1.0,1,1.0,1,1.0,1,0.08156790517758879,37
2644,2,3525,1947,1578,0,0,0,1.0,1,1.0,1,1.0,1,0.09821651824515276,36
2645,0,3525,1947,1578,0,0,0,1.0,1,1.0,1,1.0,1,0.07547051154665137,35
2646,1,3526,1948,1578,0,0,0,1.0,1,1.0,1,1.0,1,0.11065137068124566,35
2647,3,3529,1951,1578,0,0,0,1.0,1,1.0,1,1.0,1,0.11284590510795078,35
2648,0,3529,1951,1578,0,0,0,1.0,1,1.0,1,1.0,1,0.08456831286854152,36
2649,1,3530,1951,1579,0,0,0,1.0,1,1.0,1,1.0,1,0.060585327141862697,37
2650,2,3532,1953,1579,0,0,0,1.0,1,1.0,1,1.0,1,0.07277411031257366,39
2651,1,3533,1954,1579,0,0,0,1.0,1,1.0,1,1.0,1,0.06552236507804536,39
2652,0,3533,1954,1579,0,0,0,1.0,1,1.0,1,1.0,1,0.06552236507804536,39
2653,0,3533,1954,1579,0,0,0,1.0,1,1.0,1,1.0,1,0.06552236507804536,39
2654,0,3533,1954,1579,0,0,0,1.0,1,1.0,1,1.0,1,0.08449826203559654,40
2655,0,3533,1954,1579,0,0,0,1.0,1,1.0,1,1.0,1,0.08449826203559654,40
2656,2,3535,1956,1579,0,0,0,1.0,1,1.0,1,1.0,1,0.0695231142995982,39
2657,1,3536,1956,1580,0,0,0,1.0,1,1.0,1,1.0,1,0.0644355213428827,40
2658,0,3536,1956,1580,0,0,0,1.0,1,1.0,1,1.0,1,0.08012620606378393,41
2659,0,3536,1956,1580,0,0,0,1.0,1,1.0,1,1.0,1,0.08012620606378393,41
2660,2,3538,1958,1580,0,0,0,1.0,1,1.0,1,1.0,1,0.09396905692600695,40
2661,3,3541,1960,1581,0,0,0,1.0,1,1.0,1,1.0,1,0.09124652265369722,40
2662,3,3544,1961,1583,0,0,0,1.0,1,1.0,1,1.0,1,0.02942207586085877,42
2663,2,3546,1963,1583,0,0,0,1.0,1,1.0,1,1.0,1,0.051213954890767105,41
2664,1,3547,1964,1583,0,0,0,1.0,1,1.0,1,1.0,1,0.08758286016440377,42
2665,3,3550,1967,1583,0,0,0,1.0,1,1.0,1,1.0,1,0.14077181356747961,43
2666,3,3553,1969,1584,0,0,0,1.0,1,1.0,1,1.0,1,0.13748876064715315,44
2667,1,3554,1970,1584,0,0,0,1.0,1,1.0,1,1.0,1,0.19816683490077283,42
2668,3,3557,1971,1586,0,0,0,1.0,1,1.0,1,1.0,1,0.17383590414696637,41
2669,2,3559,1971,1588,0,0,0,1.0,1,1.0,1,1.0,1,0.15102530098041908,42
2670,1,3560,1972,1588,0,0,0,1.0,1,1.0,1,1.0,1,0.1724095534741977,40
2671,3,3563,1973,1590,0,0,0,1.0,1,1.0,1,1.0,1,0.12480285446835303,39
2672,0,3563,1973,1590,0,0,0,1.0,1,1.0,1,1.0,1,0.12143370029151776,36
2673,2,3565,1975,1590,0,0,0,1.0,1,1.0,1,1.0,1,0.1236931568042413,35
2674,1,3566,1976,1590,0,0,0,1.0,1,1.0,1,1.0,1,0.12683599101647217,33
2675,3,3569,1978,1591,0,0,0,1.0,1,1.0,1,1.0,1,0.14230647195397325,34
2676,1,3570,1979,1591,0,0,0,1.0,1,1.0,1,1.0,1,0.07333185572342794,32
2677,3,3573,1982,1591,0,0,0,1.0,1,1.0,1,1.0,1,0.15770999519632026,33
2678,0,3573,1982,1591,0,0,0,1.0,1,1.0,1,1.0,1,0.12635494481929455,33
2679,2,3575,1984,1591,0,0,0,1.0,1,1.0,1,1.0,1,0.14649859705130455,32
2680,1,3576,1985,1591,0,0,0,1.0,1,1.0,1,1.0,1,0.1219704749815347,32
2681,0,3576,1985,1591,0,0,0,1.0,1,1.0,1,1.0,1,0.07671328026963098,32
2682,0,3576,1985,1591,0,0,0,1.0,1,1.0,1,1.0,1,0.04312881682613597,33
2683,0,3576,1985,1591,0,0,0,1.0,1,1.0,1,1.0,1,0.02469021869709433,32
2684,0,3576,1985,1591,0,0,0,1.0,1,1.0,1,1.0,1,0.019003950303873834,31
2685,0,3576,1985,1591,0,0,0,1.0,1,1.0,1,1.0,1,0.019003950303873834,31
2686,0,3576,1985,1591,0,0,0,1.0,1,1.0,1,1.0,1,0.04731009276760328,30
2687,0,3576,1985,1591,0,0,0,1.0,1,1.0,1,1.0,1,0.04731009276760328,30
2688,2,3578,1987,1591,0,0,0,1.0,1,1.0,1,1.0,1,0.07014195575591671,30
2689,2,3580,1989,1591,0,0,0,1.0,1,1.0,1,1.0,1,0.10441692375529064,31
2690,5,3585,1994,1591,0,0,0,1.0,1,1.0,1,1.0,1,0.1860479163004683,31
2691,4,3589,1995,1594,0,0,0,1.0,1,1.0,1,1.0,1,0.09346063409662378,32
2692,3,3592,1997,1595,0,0,0,1.0,1,1.0,1,1.0,1,0.13683008313645093,32
2693,1,3593,1998,1595,0,0,0,1.0,1,1.0,1,1.0,1,0.143871523076635,33
2694,2,3595,1998,1597,0,0,0,1.0,1,1.0,1,1.0,1,0.15498600080549726,34
2695,2,3597,1998,1599,0,0,0,1.0,1,1.0,1,1.0,1,0.12847151756453767,35
2696,2,3599,1998,1601,0,0,0,1.0,1,1.0,1,1.0,1,0.075214200539225,35
2697,2,3601,2000,1601,0,0,0,1.0,1,1.0,1,1.0,1,0.07046112888535223,35
2698,1,3602,2000,1602,0,0,0,1.0,1,1.0,1,1.0,1,0.02679302866540808,36
2699,0,3602,2000,1602,0,0,0,1.0,1,1.0,1,1.0,1,0.05645319749584189,36
2700,0,3602,2000,1602,0,0,0,1.0,1,1.0,1,1.0,1,0.06958712276537535,37
2701,1,3603,2001,1602,0,0,0,1.0,1,1.0,1,1.0,1,0.042829504586145324,37
2702,3,3606,2004,1602,0,0,0,1.0,1,1.0,1,1.0,1,0.14152913219069138,37
2703,1,3607,2005,1602,0,0,0,1.0,1,1.0,1,1.0,1,0.11979279968675213,38
2704,2,3609,2006,1603,0,0,0,1.0,1,1.0,1,1.0,1,0.1357967412464019,37
2705,1,3610,2007,1603,0,0,0,1.0,1,1.0,1,1.0,1,0.14520013506856652,36
2706,4,3614,2009,1605,0,0,0,1.0,1,1.0,1,1.0,1,0.1273992000344856,36
2707,2,3616,2010,1606,0,0,0,1.0,1,1.0,1,1.0,1,0.14385171454388931,35
2708,1,3617,2011,1606,0,0,0,1.0,1,1.0,1,1.0,1,0.16886960026140158,36
2709,2,3619,2013,1606,0,0,0,1.0,1,1.0,1,1.0,1,0.19242800927485854,32
2710,1,3620,2014,1606,0,0,0,1.0,1,1.0,1,1.0,1,0.15427381884246635,29
2711,1,3621,2015,1606,0,0,0,1.0,1,1.0,1,1.0,1,0.08663370410887389,29
2712,0,3621,2015,1606,0,0,0,1.0,1,1.0,1,1.0,1,0.09930877913345347,28
2713,0,3621,2015,1606,0,0,0,1.0,1,1.0,1,1.0,1,0.08224429451850898,28
2714,1,3622,2016,1606,0,0,0,1.0,1,1.0,1,1.0,1,0.09544658935304433,26
2715,0,3622,2016,1606,0,0,0,1.0,1,1.0,1,1.0,1,0.11910068700499901,24
2716,1,3623,2017,1606,0,0,0,1.0,1,1.0,1,1.0,1,0.11135830845170147,24
2717,4,3627,2021,1606,0,0,0,1.0,1,1.0,1,1.0,1,0.19284087688153848,25
2718,3,3630,2022,1608,0,0,0,1.0,1,1.0,1,1.0,1,0.15359379156386113,25
2719,2,3632,2024,1608,0,0,0,1.0,1,1.0,1,1.0,1,0.2007532677377691,25
2720,2,3634,2026,1608,0,0,0,1.0,1,1.0,1,1.0,1,0.31964658369051474,25
2721,6,3640,2029,1611,0,0,0,1.0,1,1.0,1,1.0,1,0.18890500501208393,25
2722,1,3641,2030,1611,0,0,0,1.0,1,1.0,1,1.0,1,0.22839390548859337,26
2723,1,3642,2030,1612,0,0,0,1.0,1,1.0,1,1.0,1,0.2050131123484405,26
2724,1,3643,2031,1612,0,0,0,1.0,1,1.0,1,1.0,1,0.14780926853011234,27
2725,0,3643,2031,1612,0,0,0,1.0,1,1.0,1,1.0,1,0.11943176887948015,28
2726,0,3643,2031,1612,0,0,0,1.0,1,1.0,1,1.0,1,0.11943176887948015,28
2727,1,3644,2031,1613,0,0,0,1.0,1,1.0,1,1.0,1,0.09874919796024599,29
2728,0,3644,2031,1613,0,0,0,1.0,1,1.0,1,1.0,1,0.09874919796024599,29
2729,1,3645,2031,1614,0,0,0,1.0,1,1.0,1,1.0,1,0.07267189067273384,29
2730,0,3645,2031,1614,0,0,0,1.0,1,1.0,1,1.0,1,0.07267189067273384,29
2731,0,3645,2031,1614,0,0,0,1.0,1,1.0,1,1.0,1,0.0439126706497143,30
2732,2,3647,2033,1614,0,0,0,1.0,1,1.0,1,1.0,1,0.03698798500209661,29
2733,1,3648,2034,1614,0,0,0,1.0,1,1.0,1,1.0,1,0.06567377224796617,29
2734,0,3648,2034,1614,0,0,0,1.0,1,1.0,1,1.0,1,0.06567377224796617,29
2735,1,3649,2035,1614,0,0,0,1.0,1,1.0,1,1.0,1,0.1235552438111646,29
2736,1,3650,2035,1615,0,0,0,1.0,1,1.0,1,1.0,1,0.12073117045851327,30
2737,1,3651,2035,1616,0,0,0,1.0,1,1.0,1,1.0,1,0.10618407579073555,30
2738,1,3652,2036,1616,0,0,0,1.0,1,1.0,1,1.0,1,0.142654749631019,30
2739,1,3653,2037,1616,0,0,0,1.0,1,1.0,1,1.0,1,0.13428504858606985,29
2740,1,3654,2038,1616,0,0,0,1.0,1,1.0,1,1.0,1,0.15577749958223633,29
2741,2,3656,2038,1618,0,0,0,1.0,1,1.0,1,1.0,1,0.11606188205658494,28
2742,2,3658,2039,1619,0,0,0,1.0,1,1.0,1,1.0,1,0.13021326353388296,28
2743,2,3660,2040,1620,0,0,0,1.0,1,1.0,1,1.0,1,0.1739060073234486,29
2744,0,3660,2040,1620,0,0,0,1.0,1,1.0,1,1.0,1,0.133321614210531,27
2745,2,3662,2042,1620,0,0,0,1.0,1,1.0,1,1.0,1,0.19076647501084024,25
2746,2,3664,2042,1622,0,0,0,1.0,1,1.0,1,1.0,1,0.06979743324879846,25
2747,1,3665,2043,1622,0,0,0,1.0,1,1.0,1,1.0,1,0.09914214213964305,23
2748,0,3665,2043,1622,0,0,0,1.0,1,1.0,1,1.0,1,0.0655757207361796,22
2749,0,3665,2043,1622,0,0,0,1.0,1,1.0,1,1.0,1,0.12385987105010407,19
2750,0,3665,2043,1622,0,0,0,1.0,1,1.0,1,1.0,1,0.1217773427070518,18
2751,0,3665,2043,1622,0,0,0,1.0,1,1.0,1,1.0,1,0.19794189341692978,16
2752,1,3666,2044,1622,0,0,0,1.0,1,1.0,1,1.0,1,0.1619890449042866,15
2753,0,3666,2044,1622,0,0,0,1.0,1,1.0,1,1.0,1,0.1619890449042866,15
2754,0,3666,2044,1622,0,0,0,1.0,1,1.0,1,1.0,1,0.1619890449042866,15
2755,0,3666,2044,1622,0,0,0,1.0,1,1.0,1,1.0,1,0.1619890449042866,15
2756,1,3667,2044,1623,0,0,0,1.0,1,1.0,1,1.0,1,0.12824181003637292,16
2757,0,3667,2044,1623,0,0,0,1.0,1,1.0,1,1.0,1,0.07752912745878869,17
2758,0,3667,2044,1623,0,0,0,1.0,1,1.0,1,1.0,1,0.07752912745878869,17
2759,0,3667,2044,1623,0,0,0,1.0,1,1.0,1,1.0,1,0.07271764144740467,18
2760,0,3667,2044,1623,0,0,0,1.0,1,1.0,1,1.0,1,0.07271764144740467,18
2761,0,3667,2044,1623,0,0,0,1.0,1,1.0,1,1.0,1,0.07271764144740467,18
2762,0,3667,2044,1623,0,0,0,1.0,1,1.0,1,1.0,1,0.07271764144740467,18
2763,0,3667,2044,1623,0,0,0,1.0,1,1.0,1,1.0,1,0.07803407698530493,17
2764,2,3669,2046,1623,0,0,0,1.0,1,1.0,1,1.0,1,0.22142659950642857,17
2765,1,3670,2047,1623,0,0,0,1.0,1,1.0,1,1.0,1,0.22437664581283776,18
2766,0,3670,2047,1623,0,0,0,1.0,1,1.0,1,1.0,1,0.22437664581283776,18
2767,0,3670,2047,1623,0,0,0,1.0,1,1.0,1,1.0,1,0.22437664581283776,18
2768,1,3671,2048,1623,0,0,0,1.0,1,1.0,1,1.0,1,0.20204142109463616,18
2769,1,3672,2049,1623,0,0,0,1.0,1,1.0,1,1.0,1,0.21161662738528297,18
2770,1,3673,2050,1623,0,0,0,1.0,1,1.0,1,1.0,1,0.2423434236889614,18
2771,2,3675,2050,1625,0,0,0,1.0,1,1.0,1,1.0,1,0.12170346312783929,18
2772,0,3675,2050,1625,0,0,0,1.0,1,1.0,1,1.0,1,0.12170346312783929,18
2773,0,3675,2050,1625,0,0,0,1.0,1,1.0,1,1.0,1,0.12170346312783929,18
2774,0,3675,2050,1625,0,0,0,1.0,1,1.0,1,1.0,1,0.16369000276792972,20
2775,2,3677,2052,1625,0,0,0,1.0,1,1.0,1,1.0,1,0.18023390168458714,21
2776,1,3678,2053,1625,0,0,0,1.0,1,1.0,1,1.0,1,0.1499257838172298,21
2777,0,3678,2053,1625,0,0,0,1.0,1,1.0,1,1.0,1,0.13345876851046934,22
2778,1,3679,2054,1625,0,0,0,1.0,1,1.0,1,1.0,1,0.16499181790978731,24
2779,2,3681,2056,1625,0,0,0,1.0,1,1.0,1,1.0,1,0.17382921115678518,24
2780,1,3682,2057,1625,0,0,0,1.0,1,1.0,1,1.0,1,0.12449927996116282,24
2781,0,3682,2057,1625,0,0,0,1.0,1,1.0,1,1.0,1,0.12449927996116282,24
2782,0,3682,2057,1625,0,0,0,1.0,1,1.0,1,1.0,1,0.12449927996116282,24
2783,0,3682,2057,1625,0,0,0,1.0,1,1.0,1,1.0,1,0.12449927996116282,24
2784,1,3683,2057,1626,0,0,0,1.0,1,1.0,1,1.0,1,0.1587825377280115,24
2785,0,3683,2057,1626,0,0,0,1.0,1,1.0,1,1.0,1,0.11784952233341055,22
2786,1,3684,2057,1627,0,0,0,1.0,1,1.0,1,1.0,1,0.12327595977177633,22
2787,0,3684,2057,1627,0,0,0,1.0,1,1.0,1,1.0,1,0.11249262848623257,21
2788,0,3684,2057,1627,0,0,0,1.0,1,1.0,1,1.0,1,0.10839858953758204,20
2789,1,3685,2058,1627,0,0,0,1.0,1,1.0,1,1.0,1,0.1455554761474988,20
2790,1,3686,2058,1628,0,0,0,1.0,1,1.0,1,1.0,1,0.1269486031518908,21
2791,1,3687,2059,1628,0,0,0,1.0,1,1.0,1,1.0,1,0.12625578241750796,21
2792,0,3687,2059,1628,0,0,0,1.0,1,1.0,1,1.0,1,0.12625578241750796,21
2793,0,3687,2059,1628,0,0,0,1.0,1,1.0,1,1.0,1,0.10751684895364381,18
2794,0,3687,2059,1628,0,0,0,1.0,1,1.0,1,1.0,1,0.10751684895364381,18
2795,1,3688,2060,1628,0,0,0,1.0,1,1.0,1,1.0,1,0.11395124570121017,20
2796,1,3689,2061,1628,0,0,0,1.0,1,1.0,1,1.0,1,0.09388491422126025,21
2797,0,3689,2061,1628,0,0,0,1.0,1,1.0,1,1.0,1,0.09388491422126025,21
2798,0,3689,2061,1628,0,0,0,1.0,1,1.0,1,1.0,1,0.09388491422126025,21
2799,0,3689,2061,1628,0,0,0,1.0,1,1.0,1,1.0,1,0.10825353471282835,22
2800,0,3689,2061,1628,0,0,0,1.0,1,1.0,1,1.0,1,0.10825353471282835,22
2801,2,3691,2063,1628,0,0,0,1.0,1,1.0,1,1.0,1,0.21443294236435795,22
2802,1,3692,2063,1629,0,0,0,1.0,1,1.0,1,1.0,1,0.16492792471398118,22
2803,1,3693,2064,1629,0,0,0,1.0,1,1.0,1,1.0,1,0.20275982439908993,22
2804,0,3693,2064,1629,0,0,0,1.0,1,1.0,1,1.0,1,0.21361142227685342,23
2805,0,3693,2064,1629,0,0,0,1.0,1,1.0,1,1.0,1,0.21361142227685342,23
2806,0,3693,2064,1629,0,0,0,1.0,1,1.0,1,1.0,1,0.21361142227685342,23
2807,1,3694,2064,1630,0,0,0,1.0,1,1.0,1,1.0,1,0.17149219489467024,24
2808,0,3694,2064,1630,0,0,0,1.0,1,1.0,1,1.0,1,0.17149219489467024,24
2809,0,3694,2064,1630,0,0,0,1.0,1,1.0,1,1.0,1,0.18718986898858064,25
2810,0,3694,2064,1630,0,0,0,1.0,1,1.0,1,1.0,1,0.18488652047894955,24
2811,1,3695,2065,1630,0,0,0,1.0,1,1.0,1,1.0,1,0.16084623633360545,26
2812,0,3695,2065,1630,0,0,0,1.0,1,1.0,1,1.0,1,0.16084623633360545,26
2813,1,3696,2066,1630,0,0,0,1.0,1,1.0,1,1.0,1,0.14274206963588118,27
2814,2,3698,2067,1631,0,0,0,1.0,1,1.0,1,1.0,1,0.18666312727500498,29
2815,2,3700,2068,1632,0,0,0,1.0,1,1.0,1,1.0,1,0.15414444258075807,29
2816,2,3702,2069,1633,0,0,0,1.0,1,1.0,1,1.0,1,0.12232358869830438,29
2817,0,3702,2069,1633,0,0,0,1.0,1,1.0,1,1.0,1,0.12232358869830438,29
2818,1,3703,2070,1633,0,0,0,1.0,1,1.0,1,1.0,1,0.15942509111083214,29
2819,2,3705,2071,1634,0,0,0,1.0,1,1.0,1,1.0,1,0.12435405075342978,30
2820,1,3706,2072,1634,0,0,0,1.0,1,1.0,1,1.0,1,0.18372341766200234,30
2821,2,3708,2073,1635,0,0,0,1.0,1,1.0,1,1.0,1,0.14392815336527456,31
2822,0,3708,2073,1635,0,0,0,1.0,1,1.0,1,1.0,1,0.1622552770504677,30
2823,2,3710,2074,1636,0,0,0,1.0,1,1.0,1,1.0,1,0.05920023717877746,27
2824,0,3710,2074,1636,0,0,0,1.0,1,1.0,1,1.0,1,0.04418046661165506,28
2825,3,3713,2077,1636,0,0,0,1.0,1,1.0,1,1.0,1,0.11507051457279191,28
2826,2,3715,2078,1637,0,0,0,1.0,1,1.0,1,1.0,1,0.1623585441620757,27
2827,0,3715,2078,1637,0,0,0,1.0,1,1.0,1,1.0,1,0.18433507940796048,28
2828,0,3715,2078,1637,0,0,0,1.0,1,1.0,1,1.0,1,0.21145380847025502,28
2829,1,3716,2079,1637,0,0,0,1.0,1,1.0,1,1.0,1,0.2030364915662262,27
2830,1,3717,2080,1637,0,0,0,1.0,1,1.0,1,1.0,1,0.22254436034561417,27
2831,4,3721,2082,1639,0,0,0,1.0,1,1.0,1,1.0,1,0.1824986379132309,27
2832,2,3723,2082,1641,0,0,0,1.0,1,1.0,1,1.0,1,0.19993218419420147,27
2833,1,3724,2083,1641,0,0,0,1.0,1,1.0,1,1.0,1,0.2139302380734393,26
2834,1,3725,2084,1641,0,0,0,1.0,1,1.0,1,1.0,1,0.12093632291065715,26
2835,1,3726,2085,1641,0,0,0,1.0,1,1.0,1,1.0,1,0.08254139288728934,25
2836,0,3726,2085,1641,0,0,0,1.0,1,1.0,1,1.0,1,0.11561825842509717,27
2837,1,3727,2086,1641,0,0,0,1.0,1,1.0,1,1.0,1,0.1577849798175198,27
2838,0,3727,2086,1641,0,0,0,1.0,1,1.0,1,1.0,1,0.1577849798175198,27
2839,2,3729,2087,1642,0,0,0,1.0,1,1.0,1,1.0,1,0.18425833376744408,29
2840,0,3729,2087,1642,0,0,0,1.0,1,1.0,1,1.0,1,0.18425833376744408,29
2841,3,3732,2088,1644,0,0,0,1.0,1,1.0,1,1.0,1,0.17695930542069133,31
2842,0,3732,2088,1644,0,0,0,1.0,1,1.0,1,1.0,1,0.17695930542069133,31
2843,0,3732,2088,1644,0,0,0,1.0,1,1.0,1,1.0,1,0.11813653018750983,32
2844,3,3735,2091,1644,0,0,0,1.0,1,1.0,1,1.0,1,0.10000982000785723,33
2845,2,3737,2091,1646,0,0,0,1.0,1,1.0,1,1.0,1,0.07364575905711127,32
2846,2,3739,2093,1646,0,0,0,1.0,1,1.0,1,1.0,1,0.07570533843848272,33
2847,1,3740,2094,1646,0,0,0,1.0,1,1.0,1,1.0,1,0.15510913085744163,32
2848,3,3743,2096,1647,0,0,0,1.0,1,1.0,1,1.0,1,0.1626684122486119,33
2849,1,3744,2096,1648,0,0,0,1.0,1,1.0,1,1.0,1,0.1359866154783135,34
2850,1,3745,2097,1648,0,0,0,1.0,1,1.0,1,1.0,1,0.11522544650003476,34
2851,0,3745,2097,1648,0,0,0,1.0,1,1.0,1,1.0,1,0.11522544650003476,34
2852,5,3750,2102,1648,0,0,0,1.0,1,1.0,1,1.0,1,0.16145580414309332,35
2853,2,3752,2102,1650,0,0,0,1.0,1,1.0,1,1.0,1,0.10699690212531665,36
2854,0,3752,2102,1650,0,0,0,1.0,1,1.0,1,1.0,1,0.11232834839923106,37
2855,1,3753,2103,1650,0,0,0,1.0,1,1.0,1,1.0,1,0.09073271392045451,38
2856,1,3754,2103,1651,0,0,0,1.0,1,1.0,1,1.0,1,0.0517518817526311,38
2857,2,3756,2105,1651,0,0,0,1.0,1,1.0,1,1.0,1,0.056896869420462355,39
2858,0,3756,2105,1651,0,0,0,1.0,1,1.0,1,1.0,1,0.07440881225396198,40
2859,2,3758,2107,1651,0,0,0,1.0,1,1.0,1,1.0,1,0.13485773036063364,40
2860,1,3759,2108,1651,0,0,0,1.0,1,1.0,1,1.0,1,0.11238556381052263,40
2861,3,3762,2109,1653,0,0,0,1.0,1,1.0,1,1.0,1,0.08420726876878393,38
2862,2,3764,2111,1653,0,0,0,1.0,1,1.0,1,1.0,1,0.1369978239516245,38
2863,2,3766,2113,1653,0,0,0,1.0,1,1.0,1,1.0,1,0.14733160727165887,38
2864,1,3767,2114,1653,0,0,0,1.0,1,1.0,1,1.0,1,0.17132808288719986,36
2865,3,3770,2117,1653,0,0,0,1.0,1,1.0,1,1.0,1,0.18085544172036014,34
2866,0,3770,2117,1653,0,0,0,1.0,1,1.0,1,1.0,1,0.14444869107281824,31
2867,1,3771,2118,1653,0,0,0,1.0,1,1.0,1,1.0,1,0.13555983534926744,30
2868,2,3773,2120,1653,0,0,0,1.0,1,1.0,1,1.0,1,0.18377895424696572,27
2869,0,3773,2120,1653,0,0,0,1.0,1,1.0,1,1.0,1,0.20234387179107882,27
2870,1,3774,2121,1653,0,0,0,1.0,1,1.0,1,1.0,1,0.2321751811276038,25
2871,0,3774,2121,1653,0,0,0,1.0,1,1.0,1,1.0,1,0.23207158668649863,25
2872,3,3777,2122,1655,0,0,0,1.0,1,1.0,1,1.0,1,0.1930688468019395,23
2873,1,3778,2122,1656,0,0,0,1.0,1,1.0,1,1.0,1,0.15230229257007954,24
2874,1,3779,2122,1657,0,0,0,1.0,1,1.0,1,1.0,1,0.11548195577403356,24
2875,0,3779,2122,1657,0,0,0,1.0,1,1.0,1,1.0,1,0.1847247569161207,23
2876,2,3781,2123,1658,0,0,0,1.0,1,1.0,1,1.0,1,0.1977788293759255,24
2877,1,3782,2124,1658,0,0,0,1.0,1,1.0,1,1.0,1,0.18370735993011975,24
2878,1,3783,2125,1658,0,0,0,1.0,1,1.0,1,1.0,1,0.19910907345806525,24
2879,2,3785,2127,1658,0,0,0,1.0,1,1.0,1,1.0,1,0.25666120149095445,25
2880,0,3785,2127,1658,0,0,0,1.0,1,1.0,1,1.0,1,0.2564043004851804,26
2881,1,3786,2127,1659,0,0,0,1.0,1,1.0,1,1.0,1,0.24255129000201223,26
2882,0,3786,2127,1659,0,0,0,1.0,1,1.0,1,1.0,1,0.21625697050134637,27
2883,1,3787,2127,1660,0,0,0,1.0,1,1.0,1,1.0,1,0.1868013181246045,28
2884,1,3788,2127,1661,0,0,0,1.0,1,1.0,1,1.0,1,0.16711107411947404,29
2885,1,3789,2127,1662,0,0,0,1.0,1,1.0,1,1.0,1,0.14414640600091166,31
2886,1,3790,2128,1662,0,0,0,1.0,1,1.0,1,1.0,1,0.17207401151327537,31
2887,0,3790,2128,1662,0,0,0,1.0,1,1.0,1,1.0,1,0.14610165694157426,33
2888,4,3794,2130,1664,0,0,0,1.0,1,1.0,1,1.0,1,0.14801885433209971,34
2889,3,3797,2132,1665,0,0,0,1.0,1,1.0,1,1.0,1,0.16674712492198576,35
2890,0,3797,2132,1665,0,0,0,1.0,1,1.0,1,1.0,1,0.16674712492198576,35
2891,1,3798,2132,1666,0,0,0,1.0,1,1.0,1,1.0,1,0.14591842516309378,35
2892,3,3801,2134,1667,0,0,0,1.0,1,1.0,1,1.0,1,0.17501209994441505,35
2893,1,3802,2134,1668,0,0,0,1.0,1,1.0,1,1.0,1,0.15545301300454922,37
2894,0,3802,2134,1668,0,0,0,1.0,1,1.0,1,1.0,1,0.15545301300454922,37
2895,0,3802,2134,1668,0,0,0,1.0,1,1.0,1,1.0,1,0.15545301300454922,37
2896,2,3804,2135,1669,0,0,0,1.0,1,1.0,1,1.0,1,0.1944687041915965,38
2897,0,3804,2135,1669,0,0,0,1.0,1,1.0,1,1.0,1,0.22552684765572062,37
2898,0,3804,2135,1669,0,0,0,1.0,1,1.0,1,1.0,1,0.23956818138393227,38
2899,2,3806,2137,1669,0,0,0,1.0,1,1.0,1,1.0,1,0.2637599412668856,37
2900,0,3806,2137,1669,0,0,0,1.0,1,1.0,1,1.0,1,0.24574324839374434,36
2901,1,3807,2137,1670,0,0,0,1.0,1,1.0,1,1.0,1,0.1867277526095517,37
2902,0,3807,2137,1670,0,0,0,1.0,1,1.0,1,1.0,1,0.17461439810879043,35
2903,0,3807,2137,1670,0,0,0,1.0,1,1.0,1,1.0,1,0.1847763087437797,35
2904,0,3807,2137,1670,0,0,0,1.0,1,1.0,1,1.0,1,0.18146453180778005,33
2905,0,3807,2137,1670,0,0,0,1.0,1,1.0,1,1.0,1,0.19677347869985082,34
2906,3,3810,2139,1671,0,0,0,1.0,1,1.0,1,1.0,1,0.27066271144050225,34
2907,1,3811,2139,1672,0,0,0,1.0,1,1.0,1,1.0,1,0.2496556050495641,35
2908,0,3811,2139,1672,0,0,0,1.0,1,1.0,1,1.0,1,0.2570372184795021,36
2909,0,3811,2139,1672,0,0,0,1.0,1,1.0,1,1.0,1,0.26131494492387825,38
2910,0,3811,2139,1672,0,0,0,1.0,1,1.0,1,1.0,1,0.26131494492387825,38
2911,1,3812,2140,1672,0,0,0,1.0,1,1.0,1,1.0,1,0.2794929201923003,37
2912,0,3812,2140,1672,0,0,0,1.0,1,1.0,1,1.0,1,0.2794929201923003,37
2913,1,3813,2140,1673,0,0,0,1.0,1,1.0,1,1.0,1,0.277105515822941,38
2914,0,3813,2140,1673,0,0,0,1.0,1,1.0,1,1.0,1,0.277105515822941,38
2915,1,3814,2140,1674,0,0,0,1.0,1,1.0,1,1.0,1,0.2525179392758197,39
2916,2,3816,2140,1676,0,0,0,1.0,1,1.0,1,1.0,1,0.24555584745427642,40
2917,1,3817,2140,1677,0,0,0,1.0,1,1.0,1,1.0,1,0.20895943133087125,41
2918,2,3819,2140,1679,0,0,0,1.0,1,1.0,1,1.0,1,0.20820877152623177,41
2919,0,3819,2140,1679,0,0,0,1.0,1,1.0,1,1.0,1,0.20820877152623177,41
2920,0,3819,2140,1679,0,0,0,1.0,1,1.0,1,1.0,1,0.20623151516696073,43
2921,2,3821,2140,1681,0,0,0,1.0,1,1.0,1,1.0,1,0.17952447952071968,42
2922,0,3821,2140,1681,0,0,0,1.0,1,1.0,1,1.0,1,0.15684416885143318,43
2923,0,3821,2140,1681,0,0,0,1.0,1,1.0,1,1.0,1,0.16759736304655898,44
2924,0,3821,2140,1681,0,0,0,1.0,1,1.0,1,1.0,1,0.14147846572568665,45
2925,2,3823,2141,1682,0,0,0,1.0,1,1.0,1,1.0,1,0.1592321578202703,45
2926,1,3824,2141,1683,0,0,0,1.0,1,1.0,1,1.0,1,0.12772741641144233,47
2927,0,3824,2141,1683,0,0,0,1.0,1,1.0,1,1.0,1,0.12772741641144233,47
2928,1,3825,2142,1683,0,0,0,1.0,1,1.0,1,1.0,1,0.1516234059863705,48
2929,0,3825,2142,1683,0,0,0,1.0,1,1.0,1,1.0,1,0.1516234059863705,48
2930,2,3827,2142,1685,0,0,0,1.0,1,1.0,1,1.0,1,0.13529313398643017,50
2931,0,3827,2142,1685,0,0,0,1.0,1,1.0,1,1.0,1,0.12964455592423207,51
2932,0,3827,2142,1685,0,0,0,1.0,1,1.0,1,1.0,1,0.12964455592423207,51
2933,0,3827,2142,1685,0,0,0,1.0,1,1.0,1,1.0,1,0.1443485675298081,52
2934,0,3827,2142,1685,0,0,0,1.0,1,1.0,1,1.0,1,0.1443485675298081,52
2935,0,3827,2142,1685,0,0,0,1.0,1,1.0,1,1.0,1,0.16379244500772816,51
2936,1,3828,2143,1685,0,0,0,1.0,1,1.0,1,1.0,1,0.18062195809214715,49
2937,0,3828,2143,1685,0,0,0,1.0,1,1.0,1,1.0,1,0.18103500720854507,50
2938,3,3831,2144,1687,0,0,0,1.0,1,1.0,1,1.0,1,0.17958076666393916,50
2939,0,3831,2144,1687,0,0,0,1.0,1,1.0,1,1.0,1,0.18532092487347815,51
2940,3,3834,2146,1688,0,0,0,1.0,1,1.0,1,1.0,1,0.18219981923570006,52
2941,3,3837,2148,1689,0,0,0,1.0,1,1.0,1,1.0,1,0.217730351261009,53
2942,0,3837,2148,1689,0,0,0,1.0,1,1.0,1,1.0,1,0.21715231572856242,52
2943,2,3839,2150,1689,0,0,0,1.0,1,1.0,1,1.0,1,0.2537336974977236,51
2944,0,3839,2150,1689,0,0,0,1.0,1,1.0,1,1.0,1,0.2340225030882585,52
2945,2,3841,2151,1690,0,0,0,1.0,1,1.0,1,1.0,1,0.22579690182803866,50
2946,3,3844,2151,1693,0,0,0,1.0,1,1.0,1,1.0,1,0.20870100024513505,51
2947,1,3845,2152,1693,0,0,0,1.0,1,1.0,1,1.0,1,0.2045784242023535,50
2948,2,3847,2153,1694,0,0,0,1.0,1,1.0,1,1.0,1,0.16856112041581814,50
2949,0,3847,2153,1694,0,0,0,1.0,1,1.0,1,1.0,1,0.1571866689122736,49
2950,0,3847,2153,1694,0,0,0,1.0,1,1.0,1,1.0,1,0.1756988559528446,48
2951,1,3848,2153,1695,0,0,0,1.0,1,1.0,1,1.0,1,0.14906688549241479,48
2952,0,3848,2153,1695,0,0,0,1.0,1,1.0,1,1.0,1,0.14467013105519816,46
2953,0,3848,2153,1695,0,0,0,1.0,1,1.0,1,1.0,1,0.14467013105519816,46
2954,2,3850,2154,1696,0,0,0,1.0,1,1.0,1,1.0,1,0.16644871344659262,48
2955,3,3853,2154,1699,0,0,0,1.0,1,1.0,1,1.0,1,0.106369073109786,48
2956,1,3854,2154,1700,0,0,0,1.0,1,1.0,1,1.0,1,0.10914376544150513,47
2957,2,3856,2154,1702,0,0,0,1.0,1,1.0,1,1.0,1,0.09130210785500682,48
2958,1,3857,2154,1703,0,0,0,1.0,1,1.0,1,1.0,1,0.06569659625639918,49
2959,0,3857,2154,1703,0,0,0,1.0,1,1.0,1,1.0,1,0.06569659625639918,49
2960,0,3857,2154,1703,0,0,0,1.0,1,1.0,1,1.0,1,0.06569659625639918,49
2961,3,3860,2157,1703,0,0,0,1.0,1,1.0,1,1.0,1,0.03627164776975905,51
2962,2,3862,2159,1703,0,0,0,1.0,1,1.0,1,1.0,1,0.050197447297743045,51
2963,2,3864,2161,1703,0,0,0,1.0,1,1.0,1,1.0,1,0.08111546969659959,51
2964,2,3866,2162,1704,0,0,0,1.0,1,1.0,1,1.0,1,0.10720712123579507,52
2965,2,3868,2164,1704,0,0,0,1.0,1,1.0,1,1.0,1,0.11726894684360564,53
2966,4,3872,2165,1707,0,0,0,1.0,1,1.0,1,1.0,1,0.049030781877492643,53
2967,0,3872,2165,1707,0,0,0,1.0,1,1.0,1,1.0,1,0.03720358206080819,53
2968,0,3872,2165,1707,0,0,0,1.0,1,1.0,1,1.0,1,0.02852283598462087,54
2969,2,3874,2167,1707,0,0,0,1.0,1,1.0,1,1.0,1,0.017664243749836373,55
2970,0,3874,2167,1707,0,0,0,1.0,1,1.0,1,1.0,1,0.017664243749836373,55
2971,1,3875,2168,1707,0,0,0,1.0,1,1.0,1,1.0,1,0.01755981777413595,55
2972,1,3876,2169,1707,0,0,0,1.0,1,1.0,1,1.0,1,0.04792464233817127,55
2973,0,3876,2169,1707,0,0,0,1.0,1,1.0,1,1.0,1,0.0663271409366831,55
2974,0,3876,2169,1707,0,0,0,1.0,1,1.0,1,1.0,1,0.06955839238164276,56
2975,0,3876,2169,1707,0,0,0,1.0,1,1.0,1,1.0,1,0.07364028337277573,55
2976,1,3877,2169,1708,0,0,0,1.0,1,1.0,1,1.0,1,0.06244616097683233,57
2977,1,3878,2169,1709,0,0,0,1.0,1,1.0,1,1.0,1,0.06356134447843784,59
2978,3,3881,2171,1710,0,0,0,1.0,1,1.0,1,1.0,1,0.08187138100880605,59
2979,0,3881,2171,1710,0,0,0,1.0,1,1.0,1,1.0,1,0.08187138100880605,59
2980,1,3882,2172,1710,0,0,0,1.0,1,1.0,1,1.0,1,0.11479154858916651,59
2981,3,3885,2174,1711,0,0,0,1.0,1,1.0,1,1.0,1,0.12572544944425654,59
2982,3,3888,2175,1713,0,0,0,1.0,1,1.0,1,1.0,1,0.10571495775670324,61
2983,5,3893,2178,1715,0,0,0,1.0,1,1.0,1,1.0,1,0.06366302390244463,61
2984,5,3898,2179,1719,0,0,0,1.0,1,1.0,1,1.0,1,0.06401160871686282,61
2985,4,3902,2183,1719,0,0,0,1.0,1,1.0,1,1.0,1,0.05669659804236121,57
2986,4,3906,2186,1720,0,0,0,1.0,1,1.0,1,1.0,1,0.04842343630279013,58
2987,0,3906,2186,1720,0,0,0,1.0,1,1.0,1,1.0,1,0.03900910864249864,56
2988,3,3909,2189,1720,0,0,0,1.0,1,1.0,1,1.0,1,0.047943836178253985,55
2989,3,3912,2192,1720,0,0,0,1.0,1,1.0,1,1.0,1,0.09047052880818544,53
2990,3,3915,2195,1720,0,0,0,1.0,1,1.0,1,1.0,1,0.08352478796818996,52
2991,2,3917,2197,1720,0,0,0,1.0,1,1.0,1,1.0,1,0.08647003010559534,54
2992,2,3919,2198,1721,0,0,0,1.0,1,1.0,1,1.0,1,0.07604323836320971,55
2993,2,3921,2200,1721,0,0,0,1.0,1,1.0,1,1.0,1,0.06814462607493181,53
2994,1,3922,2200,1722,0,0,0,1.0,1,1.0,1,1.0,1,0.08467795393411003,53
2995,0,3922,2200,1722,0,0,0,1.0,1,1.0,1,1.0,1,0.09949802844535924,51
2996,2,3924,2201,1723,0,0,0,1.0,1,1.0,1,1.0,1,0.10827362242313401,52
2997,1,3925,2202,1723,0,0,0,1.0,1,1.0,1,1.0,1,0.1271581798130666,50
2998,2,3927,2203,1724,0,0,0,1.0,1,1.0,1,1.0,1,0.10764959880984787,51
2999,0,3927,2203,1724,0,0,0,1.0,1,1.0,1,1.0,1,0.1316329170836165,48
3000,1,3928,2204,1724,0,0,0,1.0,1,1.0,1,1.0,1,0.14568437038358148,48
3001,4,3932,2204,1728,0,0,0,1.0,1,1.0,1,1.0,1,0.0604296137859494,49
3002,1,3933,2205,1728,0,0,0,1.0,1,1.0,1,1.0,1,0.08232007225463306,50
3003,0,3933,2205,1728,0,0,0,1.0,1,1.0,1,1.0,1,0.08232007225463306,50
3004,0,3933,2205,1728,0,0,0,1.0,1,1.0,1,1.0,1,0.0713435689429559,51
3005,0,3933,2205,1728,0,0,0,1.0,1,1.0,1,1.0,1,0.0681047799369337,50
3006,0,3933,2205,1728,0,0,0,1.0,1,1.0,1,1.0,1,0.08409028716251943,51
3007,0,3933,2205,1728,0,0,0,1.0,1,1.0,1,1.0,1,0.06561286110949195,51
3008,1,3934,2205,1729,0,0,0,1.0,1,1.0,1,1.0,1,0.061837920291816756,53
3009,1,3935,2205,1730,0,0,0,1.0,1,1.0,1,1.0,1,0.06328562689548484,52
3010,0,3935,2205,1730,0,0,0,1.0,1,1.0,1,1.0,1,0.06328562689548484,52
3011,1,3936,2206,1730,0,0,0,1.0,1,1.0,1,1.0,1,0.0996311717170575,51
3012,2,3938,2208,1730,0,0,0,1.0,1,1.0,1,1.0,1,0.12457387868728126,54
3013,4,3942,2212,1730,0,0,0,1.0,1,1.0,1,1.0,1,0.13137246528695046,52
3014,2,3944,2214,1730,0,0,0,1.0,1,1.0,1,1.0,1,0.15767908187244215,51
3015,3,3947,2217,1730,0,0,0,1.0,1,1.0,1,1.0,1,0.15730950442797859,50
3016,5,3952,2219,1733,0,0,0,1.0,1,1.0,1,1.0,1,0.10759665345179781,50
3017,3,3955,2222,1733,0,0,0,1.0,1,1.0,1,1.0,1,0.15028757770543205,48
3018,2,3957,2224,1733,0,0,0,1.0,1,1.0,1,1.0,1,0.14349957943828662,48
3019,1,3958,2225,1733,0,0,0,1.0,1,1.0,1,1.0,1,0.13431825848191897,47
3020,2,3960,2227,1733,0,0,0,1.0,1,1.0,1,1.0,1,0.1408081011104754,47
3021,5,3965,2229,1736,0,0,0,1.0,1,1.0,1,1.0,1,0.09483561053107357,46
3022,2,3967,2231,1736,0,0,0,1.0,1,1.0,1,1.0,1,0.13932163376626716,45
3023,2,3969,2233,1736,0,0,0,1.0,1,1.0,1,1.0,1,0.11350062601083852,41
3024,3,3972,2236,1736,0,0,0,1.0,1,1.0,1,1.0,1,0.12484428705906499,43
3025,1,3973,2237,1736,0,0,0,1.0,1,1.0,1,1.0,1,0.1772842438846456,39
3026,4,3977,2238,1739,0,0,0,1.0,1,1.0,1,1.0,1,0.13570809097943112,38
3027,1,3978,2239,1739,0,0,0,1.0,1,1.0,1,1.0,1,0.12602307604530516,38
3028,2,3980,2240,1740,0,0,0,1.0,1,1.0,1,1.0,1,0.14703217379860356,38
3029,1,3981,2241,1740,0,0,0,1.0,1,1.0,1,1.0,1,0.16562717840035432,37
3030,1,3982,2242,1740,0,0,0,1.0,1,1.0,1,1.0,1,0.20153780901681043,38
3031,2,3984,2242,1742,0,0,0,1.0,1,1.0,1,1.0,1,0.15837973773630126,39
3032,1,3985,2242,1743,0,0,0,1.0,1,1.0,1,1.0,1,0.1362113509337143,39
3033,1,3986,2242,1744,0,0,0,1.0,1,1.0,1,1.0,1,0.13568320518255594,39
3034,0,3986,2242,1744,0,0,0,1.0,1,1.0,1,1.0,1,0.14435323032820657,38
3035,0,3986,2242,1744,0,0,0,1.0,1,1.0,1,1.0,1,0.12328729391485643,39
3036,0,3986,2242,1744,0,0,0,1.0,1,1.0,1,1.0,1,0.13471995233637457,39
3037,0,3986,2242,1744,0,0,0,1.0,1,1.0,1,1.0,1,0.15852560663588916,39
3038,2,3988,2243,1745,0,0,0,1.0,1,1.0,1,1.0,1,0.12176448214437623,40
3039,3,3991,2244,1747,0,0,0,1.0,1,1.0,1,1.0,1,0.11928899808163018,41
3040,3,3994,2246,1748,0,0,0,1.0,1,1.0,1,1.0,1,0.14139051770731098,42
3041,0,3994,2246,1748,0,0,0,1.0,1,1.0,1,1.0,1,0.14157188398016288,43
3042,1,3995,2247,1748,0,0,0,1.0,1,1.0,1,1.0,1,0.13677454124660743,45
3043,3,3998,2248,1750,0,0,0,1.0,1,1.0,1,1.0,1,0.14447495048423148,45
3044,2,4000,2248,1752,0,0,0,1.0,1,1.0,1,1.0,1,0.09055823725686768,45
3045,0,4000,2248,1752,0,0,0,1.0,1,1.0,1,1.0,1,0.09055823725686768,45
3046,1,4001,2248,1753,0,0,0,1.0,1,1.0,1,1.0,1,0.0826975032194731,46
3047,0,4001,2248,1753,0,0,0,1.0,1,1.0,1,1.0,1,0.0826975032194731,46
3048,1,4002,2248,1754,0,0,0,1.0,1,1.0,1,1.0,1,0.07909493257259201,49
3049,2,4004,2249,1755,0,0,0,1.0,1,1.0,1,1.0,1,0.08147820767990713,50
3050,2,4006,2249,1757,0,0,0,1.0,1,1.0,1,1.0,1,0.05972593412306241,50
3051,3,4009,2251,1758,0,0,0,1.0,1,1.0,1,1.0,1,0.07759188565023331,50
3052,0,4009,2251,1758,0,0,0,1.0,1,1.0,1,1.0,1,0.07759188565023331,50
3053,3,4012,2253,1759,0,0,0,1.0,1,1.0,1,1.0,1,0.08956027156955895,49
3054,1,4013,2254,1759,0,0,0,1.0,1,1.0,1,1.0,1,0.09837589375682695,47
3055,1,4014,2255,1759,0,0,0,1.0,1,1.0,1,1.0,1,0.12868183623281765,48
3056,5,4019,2257,1762,0,0,0,1.0,1,1.0,1,1.0,1,0.09182425202226539,47
3057,1,4020,2258,1762,0,0,0,1.0,1,1.0,1,1.0,1,0.1112974127192317,48
3058,0,4020,2258,1762,0,0,0,1.0,1,1.0,1,1.0,1,0.10019220988837645,46
3059,0,4020,2258,1762,0,0,0,1.0,1,1.0,1,1.0,1,0.10717187678619207,44
3060,2,4022,2260,1762,0,0,0,1.0,1,1.0,1,1.0,1,0.09965678834590207,44
3061,3,4025,2261,1764,0,0,0,1.0,1,1.0,1,1.0,1,0.04680957593070727,42
3062,1,4026,2262,1764,0,0,0,1.0,1,1.0,1,1.0,1,0.0647869402060343,42
3063,2,4028,2264,1764,0,0,0,1.0,1,1.0,1,1.0,1,0.10587750115906426,41
3064,0,4028,2264,1764,0,0,0,1.0,1,1.0,1,1.0,1,0.10823999171696644,42
3065,1,4029,2265,1764,0,0,0,1.0,1,1.0,1,1.0,1,0.11145987903124496,40
3066,4,4033,2267,1766,0,0,0,1.0,1,1.0,1,1.0,1,0.06281969913291417,42
3067,2,4035,2269,1766,0,0,0,1.0,1,1.0,1,1.0,1,0.13409558410865174,40
3068,2,4037,2271,1766,0,0,0,1.0,1,1.0,1,1.0,1,0.13078675605087944,39
3069,0,4037,2271,1766,0,0,0,1.0,1,1.0,1,1.0,1,0.16278074389649871,38
3070,0,4037,2271,1766,0,0,0,1.0,1,1.0,1,1.0,1,0.17986788467822254,39
3071,3,4040,2271,1769,0,0,0,1.0,1,1.0,1,1.0,1,0.13183843126171577,39
3072,1,4041,2272,1769,0,0,0,1.0,1,1.0,1,1.0,1,0.16960613478750486,40
3073,2,4043,2274,1769,0,0,0,1.0,1,1.0,1,1.0,1,0.2178131565964563,38
3074,1,4044,2274,1770,0,0,0,1.0,1,1.0,1,1.0,1,0.1834392781611028,38
3075,2,4046,2275,1771,0,0,0,1.0,1,1.0,1,1.0,1,0.21660680761809567,41
3076,4,4050,2276,1774,0,0,0,1.0,1,1.0,1,1.0,1,0.15220966978088069,42
3077,3,4053,2276,1777,0,0,0,1.0,1,1.0,1,1.0,1,0.11635565021547818,42
3078,0,4053,2276,1777,0,0,0,1.0,1,1.0,1,1.0,1,0.11635565021547818,42
3079,0,4053,2276,1777,0,0,0,1.0,1,1.0,1,1.0,1,0.11635565021547818,42
3080,0,4053,2276,1777,0,0,0,1.0,1,1.0,1,1.0,1,0.10978829612815512,43
3081,1,4054,2276,1778,0,0,0,1.0,1,1.0,1,1.0,1,0.09126277833093063,44
3082,0,4054,2276,1778,0,0,0,1.0,1,1.0,1,1.0,1,0.11150339696575756,45
3083,0,4054,2276,1778,0,0,0,1.0,1,1.0,1,1.0,1,0.11150339696575756,45
3084,1,4055,2277,1778,0,0,0,1.0,1,1.0,1,1.0,1,0.09839421766771303,45
3085,0,4055,2277,1778,0,0,0,1.0,1,1.0,1,1.0,1,0.12707186837593565,46
3086,1,4056,2278,1778,0,0,0,1.0,1,1.0,1,1.0,1,0.11795366104458346,46
3087,1,4057,2279,1778,0,0,0,1.0,1,1.0,1,1.0,1,0.14292291453043784,47
3088,1,4058,2280,1778,0,0,0,1.0,1,1.0,1,1.0,1,0.17094169597570671,48
3089,0,4058,2280,1778,0,0,0,1.0,1,1.0,1,1.0,1,0.14707636511829392,46
3090,1,4059,2280,1779,0,0,0,1.0,1,1.0,1,1.0,1,0.13379930505343282,46
3091,1,4060,2280,1780,0,0,0,1.0,1,1.0,1,1.0,1,0.1257467379526722,46
3092,2,4062,2282,1780,0,0,0,1.0,1,1.0,1,1.0,1,0.12148343271797897,47
3093,1,4063,2282,1781,0,0,0,1.0,1,1.0,1,1.0,1,0.09724149558636225,47
3094,0,4063,2282,1781,0,0,0,1.0,1,1.0,1,1.0,1,0.08013925373457251,45
3095,1,4064,2283,1781,0,0,0,1.0,1,1.0,1,1.0,1,0.05942579249039106,46
3096,0,4064,2283,1781,0,0,0,1.0,1,1.0,1,1.0,1,0.06042495460255507,46
3097,3,4067,2285,1782,0,0,0,1.0,1,1.0,1,1.0,1,0.07297560952222813,47
3098,0,4067,2285,1782,0,0,0,1.0,1,1.0,1,1.0,1,0.07297560952222813,47
3099,0,4067,2285,1782,0,0,0,1.0,1,1.0,1,1.0,1,0.07297560952222813,47
3100,1,4068,2286,1782,0,0,0,1.0,1,1.0,1,1.0,1,0.04891891620366443,47
3101,0,4068,2286,1782,0,0,0,1.0,1,1.0,1,1.0,1,0.050473517734755086,48
3102,2,4070,2288,1782,0,0,0,1.0,1,1.0,1,1.0,1,0.03947219717584913,48
3103,0,4070,2288,1782,0,0,0,1.0,1,1.0,1,1.0,1,0.05908666312461261,49
3104,1,4071,2289,1782,0,0,0,1.0,1,1.0,1,1.0,1,0.07621445789379731,48
3105,1,4072,2290,1782,0,0,0,1.0,1,1.0,1,1.0,1,0.12552888713941077,45
3106,3,4075,2291,1784,0,0,0,1.0,1,1.0,1,1.0,1,0.14699888045920712,46
3107,3,4078,2292,1786,0,0,0,1.0,1,1.0,1,1.0,1,0.15262858835786816,44
3108,2,4080,2294,1786,0,0,0,1.0,1,1.0,1,1.0,1,0.1677974971711289,45
3109,0,4080,2294,1786,0,0,0,1.0,1,1.0,1,1.0,1,0.1853422133114566,44
3110,4,4084,2298,1786,0,0,0,1.0,1,1.0,1,1.0,1,0.15139022853337258,46
3111,3,4087,2299,1788,0,0,0,1.0,1,1.0,1,1.0,1,0.11183758233424428,46
3112,0,4087,2299,1788,0,0,0,1.0,1,1.0,1,1.0,1,0.1241272938201229,47
3113,1,4088,2300,1788,0,0,0,1.0,1,1.0,1,1.0,1,0.11779566934989019,48
3114,0,4088,2300,1788,0,0,0,1.0,1,1.0,1,1.0,1,0.11732470930169628,48
3115,1,4089,2300,1789,0,0,0,1.0,1,1.0,1,1.0,1,0.11394749004657742,49
3116,2,4091,2300,1791,0,0,0,1.0,1,1.0,1,1.0,1,0.09280467907532865,48
3117,4,4095,2302,1793,0,0,0,1.0,1,1.0,1,1.0,1,0.1238700423110126,49
3118,2,4097,2302,1795,0,0,0,1.0,1,1.0,1,1.0,1,0.11529218327743915,50
3119,1,4098,2302,1796,0,0,0,1.0,1,1.0,1,1.0,1,0.10198523449446852,50
3120,0,4098,2302,1796,0,0,0,1.0,1,1.0,1,1.0,1,0.12511728027923355,50
3121,3,4101,2304,1797,0,0,0,1.0,1,1.0,1,1.0,1,0.09737631349003123,50
3122,0,4101,2304,1797,0,0,0,1.0,1,1.0,1,1.0,1,0.09737631349003123,50
3123,2,4103,2306,1797,0,0,0,1.0,1,1.0,1,1.0,1,0.09120255547823522,51
3124,1,4104,2307,1797,0,0,0,1.0,1,1.0,1,1.0,1,0.1061697803212489,51
3125,1,4105,2308,1797,0,0,0,1.0,1,1.0,1,1.0,1,0.11848829201773217,51
3126,5,4110,2309,1801,0,0,0,1.0,1,1.0,1,1.0,1,0.06531607135917085,54
3127,2,4112,2311,1801,0,0,0,1.0,1,1.0,1,1.0,1,0.08396594005571655,53
3128,0,4112,2311,1801,0,0,0,1.0,1,1.0,1,1.0,1,0.06670624173711336,52
3129,2,4114,2313,1801,0,0,0,1.0,1,1.0,1,1.0,1,0.08859737003187707,51
3130,0,4114,2313,1801,0,0,0,1.0,1,1.0,1,1.0,1,0.07332733078583578,50
3131,3,4117,2315,1802,0,0,0,1.0,1,1.0,1,1.0,1,0.1089016969711644,50
3132,0,4117,2315,1802,0,0,0,1.0,1,1.0,1,1.0,1,0.0873066351667929,49
3133,0,4117,2315,1802,0,0,0,1.0,1,1.0,1,1.0,1,0.0873066351667929,49
3134,0,4117,2315,1802,0,0,0,1.0,1,1.0,1,1.0,1,0.10156618201464858,46
3135,2,4119,2317,1802,0,0,0,1.0,1,1.0,1,1.0,1,0.12191534143776009,47
3136,1,4120,2318,1802,0,0,0,1.0,1,1.0,1,1.0,1,0.10761619473753299,46
3137,2,4122,2320,1802,0,0,0,1.0,1,1.0,1,1.0,1,0.1293299650694761,49
3138,1,4123,2321,1802,0,0,0,1.0,1,1.0,1,1.0,1,0.15273154964437283,49
3139,3,4126,2323,1803,0,0,0,1.0,1,1.0,1,1.0,1,0.1569166842812841,50
3140,3,4129,2324,1805,0,0,0,1.0,1,1.0,1,1.0,1,0.1651094949736458,51
3141,2,4131,2324,1807,0,0,0,1.0,1,1.0,1,1.0,1,0.16197926187016096,50
3142,0,4131,2324,1807,0,0,0,1.0,1,1.0,1,1.0,1,0.16197926187016096,50
3143,0,4131,2324,1807,0,0,0,1.0,1,1.0,1,1.0,1,0.17955799822515955,49
3144,1,4132,2324,1808,0,0,0,1.0,1,1.0,1,1.0,1,0.17027770112606377,49
3145,1,4133,2325,1808,0,0,0,1.0,1,1.0,1,1.0,1,0.20029248874520433,48
3146,4,4137,2325,1812,0,0,0,1.0,1,1.0,1,1.0,1,0.15418529144439644,49
3147,1,4138,2325,1813,0,0,0,1.0,1,1.0,1,1.0,1,0.18543650650260793,48
3148,0,4138,2325,1813,0,0,0,1.0,1,1.0,1,1.0,1,0.18543650650260793,48
3149,1,4139,2326,1813,0,0,0,1.0,1,1.0,1,1.0,1,0.19086392828623336,47
3150,1,4140,2327,1813,0,0,0,1.0,1,1.0,1,1.0,1,0.17804872579659536,47
3151,4,4144,2327,1817,0,0,0,1.0,1,1.0,1,1.0,1,0.14319029275841447,48
3152,0,4144,2327,1817,0,0,0,1.0,1,1.0,1,1.0,1,0.15353094436920942,47
3153,0,4144,2327,1817,0,0,0,1.0,1,1.0,1,1.0,1,0.15353094436920942,47
3154,2,4146,2328,1818,0,0,0,1.0,1,1.0,1,1.0,1,0.1552221968283558,48
3155,1,4147,2328,1819,0,0,0,1.0,1,1.0,1,1.0,1,0.13122759759799607,48
3156,3,4150,2328,1822,0,0,0,1.0,1,1.0,1,1.0,1,0.08747672741575101,48
3157,0,4150,2328,1822,0,0,0,1.0,1,1.0,1,1.0,1,0.10960015154640856,48
3158,0,4150,2328,1822,0,0,0,1.0,1,1.0,1,1.0,1,0.10960015154640856,48
3159,0,4150,2328,1822,0,0,0,1.0,1,1.0,1,1.0,1,0.10423159449438353,49
3160,2,4152,2328,1824,0,0,0,1.0,1,1.0,1,1.0,1,0.09687648105905668,51
3161,1,4153,2328,1825,0,0,0,1.0,1,1.0,1,1.0,1,0.07996903279320758,52
3162,1,4154,2329,1825,0,0,0,1.0,1,1.0,1,1.0,1,0.10118863528406759,51
3163,1,4155,2330,1825,0,0,0,1.0,1,1.0,1,1.0,1,0.09474868474393762,51
3164,2,4157,2331,1826,0,0,0,1.0,1,1.0,1,1.0,1,0.11318147265439688,52
3165,0,4157,2331,1826,0,0,0,1.0,1,1.0,1,1.0,1,0.08842250653395974,50
3166,1,4158,2331,1827,0,0,0,1.0,1,1.0,1,1.0,1,0.06587859877488458,50
3167,4,4162,2335,1827,0,0,0,1.0,1,1.0,1,1.0,1,0.0801965966826198,49
3168,1,4163,2336,1827,0,0,0,1.0,1,1.0,1,1.0,1,0.10877054594206577,47
3169,2,4165,2337,1828,0,0,0,1.0,1,1.0,1,1.0,1,0.14351116244255924,48
3170,1,4166,2338,1828,0,0,0,1.0,1,1.0,1,1.0,1,0.20651969660921926,47
3171,4,4170,2339,1831,0,0,0,1.0,1,1.0,1,1.0,1,0.17753076389357114,47
3172,2,4172,2340,1832,0,0,0,1.0,1,1.0,1,1.0,1,0.17873801201715442,46
3173,1,4173,2340,1833,0,0,0,1.0,1,1.0,1,1.0,1,0.12575040235259222,45
3174,0,4173,2340,1833,0,0,0,1.0,1,1.0,1,1.0,1,0.1411380968283661,43
3175,1,4174,2341,1833,0,0,0,1.0,1,1.0,1,1.0,1,0.12854960461692494,43
3176,1,4175,2341,1834,0,0,0,1.0,1,1.0,1,1.0,1,0.09754959680966582,44
3177,2,4177,2343,1834,0,0,0,1.0,1,1.0,1,1.0,1,0.10402307325542168,44
3178,0,4177,2343,1834,0,0,0,1.0,1,1.0,1,1.0,1,0.09438746624499134,47
3179,1,4178,2344,1834,0,0,0,1.0,1,1.0,1,1.0,1,0.11947887941169587,48
3180,1,4179,2345,1834,0,0,0,1.0,1,1.0,1,1.0,1,0.10660038181497274,48
3181,1,4180,2345,1835,0,0,0,1.0,1,1.0,1,1.0,1,0.09266905873035518,48
3182,2,4182,2345,1837,0,0,0,1.0,1,1.0,1,1.0,1,0.04786602151879458,51
3183,2,4184,2346,1838,0,0,0,1.0,1,1.0,1,1.0,1,0.028418717601584435,50
3184,1,4185,2347,1838,0,0,0,1.0,1,1.0,1,1.0,1,0.04999360983683245,50
3185,1,4186,2347,1839,0,0,0,1.0,1,1.0,1,1.0,1,0.060619438998439884,48
3186,2,4188,2348,1840,0,0,0,1.0,1,1.0,1,1.0,1,0.04661527378570366,48
3187,0,4188,2348,1840,0,0,0,1.0,1,1.0,1,1.0,1,0.06371590505993369,48
3188,1,4189,2349,1840,0,0,0,1.0,1,1.0,1,1.0,1,0.08485584527747081,48
3189,0,4189,2349,1840,0,0,0,1.0,1,1.0,1,1.0,1,0.0952775481754825,49
3190,2,4191,2350,1841,0,0,0,1.0,1,1.0,1,1.0,1,0.10469874422976658,51
3191,2,4193,2351,1842,0,0,0,1.0,1,1.0,1,1.0,1,0.0712411800135911,52
3192,1,4194,2352,1842,0,0,0,1.0,1,1.0,1,1.0,1,0.06195715002921138,52
3193,2,4196,2353,1843,0,0,0,1.0,1,1.0,1,1.0,1,0.07347051373053205,52
3194,1,4197,2353,1844,0,0,0,1.0,1,1.0,1,1.0,1,0.055993984599369814,54
3195,0,4197,2353,1844,0,0,0,1.0,1,1.0,1,1.0,1,0.055993984599369814,54
3196,1,4198,2354,1844,0,0,0,1.0,1,1.0,1,1.0,1,0.04755383168547795,54
3197,0,4198,2354,1844,0,0,0,1.0,1,1.0,1,1.0,1,0.04568238770669103,54
3198,2,4200,2356,1844,0,0,0,1.0,1,1.0,1,1.0,1,0.06733586835127131,54
3199,2,4202,2358,1844,0,0,0,1.0,1,1.0,1,1.0,1,0.07693504042110576,56
3200,2,4204,2359,1845,0,0,0,1.0,1,1.0,1,1.0,1,0.06980998172786462,56
3201,0,4204,2359,1845,0,0,0,1.0,1,1.0,1,1.0,1,0.06980998172786462,56
3202,2,4206,2361,1845,0,0,0,1.0,1,1.0,1,1.0,1,0.09524939869777643,57
3203,3,4209,2362,1847,0,0,0,1.0,1,1.0,1,1.0,1,0.08472932738446834,56
3204,0,4209,2362,1847,0,0,0,1.0,1,1.0,1,1.0,1,0.07884649308746354,55
3205,0,4209,2362,1847,0,0,0,1.0,1,1.0,1,1.0,1,0.08975135887994751,54
3206,6,4215,2366,1849,0,0,0,1.0,1,1.0,1,1.0,1,0.10504731594811545,56
3207,1,4216,2366,1850,0,0,0,1.0,1,1.0,1,1.0,1,0.12300396679015696,54
3208,2,4218,2368,1850,0,0,0,1.0,1,1.0,1,1.0,1,0.16463562965083153,53
3209,0,4218,2368,1850,0,0,0,1.0,1,1.0,1,1.0,1,0.1571282618276988,54
3210,2,4220,2370,1850,0,0,0,1.0,1,1.0,1,1.0,1,0.19922099564354342,53
3211,2,4222,2371,1851,0,0,0,1.0,1,1.0,1,1.0,1,0.2040082603176067,53
3212,0,4222,2371,1851,0,0,0,1.0,1,1.0,1,1.0,1,0.20481528268763682,54
3213,0,4222,2371,1851,0,0,0,1.0,1,1.0,1,1.0,1,0.1857259729570879,54
3214,1,4223,2371,1852,0,0,0,1.0,1,1.0,1,1.0,1,0.17963571017069638,55
3215,2,4225,2372,1853,0,0,0,1.0,1,1.0,1,1.0,1,0.16022098166365445,55
3216,1,4226,2373,1853,0,0,0,1.0,1,1.0,1,1.0,1,0.1695527345631027,55
3217,5,4231,2376,1855,0,0,0,1.0,1,1.0,1,1.0,1,0.19207671458634393,54
3218,0,4231,2376,1855,0,0,0,1.0,1,1.0,1,1.0,1,0.19207671458634393,54
3219,1,4232,2377,1855,0,0,0,1.0,1,1.0,1,1.0,1,0.199206241244632,55
3220,0,4232,2377,1855,0,0,0,1.0,1,1.0,1,1.0,1,0.17770051335262177,56
3221,2,4234,2378,1856,0,0,0,1.0,1,1.0,1,1.0,1,0.19290250553942764,57
3222,0,4234,2378,1856,0,0,0,1.0,1,1.0,1,1.0,1,0.19290250553942764,57
3223,1,4235,2379,1856,0,0,0,1.0,1,1.0,1,1.0,1,0.20603678531439373,56
3224,2,4237,2380,1857,0,0,0,1.0,1,1.0,1,1.0,1,0.18471478623393395,58
3225,3,4240,2383,1857,0,0,0,1.0,1,1.0,1,1.0,1,0.19663199191966532,55
3226,1,4241,2384,1857,0,0,0,1.0,1,1.0,1,1.0,1,0.1878912723424381,54
3227,1,4242,2385,1857,0,0,0,1.0,1,1.0,1,1.0,1,0.18226895576181448,53
3228,2,4244,2386,1858,0,0,0,1.0,1,1.0,1,1.0,1,0.14408254789631122,52
3229,0,4244,2386,1858,0,0,0,1.0,1,1.0,1,1.0,1,0.13341744496907398,52
3230,2,4246,2388,1858,0,0,0,1.0,1,1.0,1,1.0,1,0.13219226118168306,50
3231,2,4248,2389,1859,0,0,0,1.0,1,1.0,1,1.0,1,0.1434998535452131,50
3232,2,4250,2391,1859,0,0,0,1.0,1,1.0,1,1.0,1,0.17353175873707818,50
3233,1,4251,2391,1860,0,0,0,1.0,1,1.0,1,1.0,1,0.17459075902886126,50
3234,1,4252,2392,1860,0,0,0,1.0,1,1.0,1,1.0,1,0.19997362344381123,49
3235,4,4256,2394,1862,0,0,0,1.0,1,1.0,1,1.0,1,0.2236937381080913,49
3236,1,4257,2394,1863,0,0,0,1.0,1,1.0,1,1.0,1,0.20205060377431142,51
3237,0,4257,2394,1863,0,0,0,1.0,1,1.0,1,1.0,1,0.21026191979034217,53
3238,1,4258,2395,1863,0,0,0,1.0,1,1.0,1,1.0,1,0.23594149176245355,53
3239,1,4259,2395,1864,0,0,0,1.0,1,1.0,1,1.0,1,0.22554609783762916,53
3240,1,4260,2395,1865,0,0,0,1.0,1,1.0,1,1.0,1,0.2063443154255596,53
3241,0,4260,2395,1865,0,0,0,1.0,1,1.0,1,1.0,1,0.20009318043681826,53
3242,1,4261,2396,1865,0,0,0,1.0,1,1.0,1,1.0,1,0.20962960369463282,53
3243,1,4262,2396,1866,0,0,0,1.0,1,1.0,1,1.0,1,0.18424907855429198,56
3244,0,4262,2396,1866,0,0,0,1.0,1,1.0,1,1.0,1,0.19356389182812694,57
3245,1,4263,2396,1867,0,0,0,1.0,1,1.0,1,1.0,1,0.1741947435650365,59
3246,0,4263,2396,1867,0,0,0,1.0,1,1.0,1,1.0,1,0.1741947435650365,59
3247,1,4264,2397,1867,0,0,0,1.0,1,1.0,1,1.0,1,0.1853896115671508,59
3248,1,4265,2397,1868,0,0,0,1.0,1,1.0,1,1.0,1,0.16457202738503612,59
3249,1,4266,2397,1869,0,0,0,1.0,1,1.0,1,1.0,1,0.16390410986405612,58
3250,0,4266,2397,1869,0,0,0,1.0,1,1.0,1,1.0,1,0.16390410986405612,58
3251,2,4268,2398,1870,0,0,0,1.0,1,1.0,1,1.0,1,0.17186951842802298,57
3252,1,4269,2398,1871,0,0,0,1.0,1,1.0,1,1.0,1,0.18745365663164731,57
3253,1,4270,2398,1872,0,0,0,1.0,1,1.0,1,1.0,1,0.17813988210955947,56
3254,1,4271,2398,1873,0,0,0,1.0,1,1.0,1,1.0,1,0.1529684095158464,57
3255,2,4273,2399,1874,0,0,0,1.0,1,1.0,1,1.0,1,0.14190520629231182,57
3256,2,4275,2399,1876,0,0,0,1.0,1,1.0,1,1.0,1,0.1144852183679697,57
3257,1,4276,2399,1877,0,0,0,1.0,1,1.0,1,1.0,1,0.09390155053102936,57
3258,3,4279,2400,1879,0,0,0,1.0,1,1.0,1,1.0,1,0.038837164286881776,58
3259,0,4279,2400,1879,0,0,0,1.0,1,1.0,1,1.0,1,0.03536270226168305,59
3260,2,4281,2402,1879,0,0,0,1.0,1,1.0,1,1.0,1,0.0185587059887796,60
3261,3,4284,2405,1879,0,0,0,1.0,1,1.0,1,1.0,1,0.08054945383400565,60
3262,5,4289,2410,1879,0,0,0,1.0,1,1.0,1,1.0,1,0.08247577780779486,61
3263,4,4293,2414,1879,0,0,0,1.0,1,1.0,1,1.0,1,0.06020594063332939,62
3264,2,4295,2416,1879,0,0,0,1.0,1,1.0,1,1.0,1,0.0754761935799248,60
3265,3,4298,2419,1879,0,0,0,1.0,1,1.0,1,1.0,1,0.08119677875906997,58
3266,5,4303,2422,1881,0,0,0,1.0,1,1.0,1,1.0,1,0.0802947305095212,59
3267,2,4305,2423,1882,0,0,0,1.0,1,1.0,1,1.0,1,0.10702530603451113,60
3268,1,4306,2424,1882,0,0,0,1.0,1,1.0,1,1.0,1,0.13907030192751818,58
3269,2,4308,2426,1882,0,0,0,1.0,1,1.0,1,1.0,1,0.08608368223367462,57
3270,2,4310,2428,1882,0,0,0,1.0,1,1.0,1,1.0,1,0.06436908350368598,56
3271,2,4312,2430,1882,0,0,0,1.0,1,1.0,1,1.0,1,0.059643262561816325,55
3272,2,4314,2431,1883,0,0,0,1.0,1,1.0,1,1.0,1,0.062254289926025275,55
3273,0,4314,2431,1883,0,0,0,1.0,1,1.0,1,1.0,1,0.062254289926025275,55
3274,0,4314,2431,1883,0,0,0,1.0,1,1.0,1,1.0,1,0.068988324296993,55
3275,1,4315,2432,1883,0,0,0,1.0,1,1.0,1,1.0,1,0.06234426082764426,55
3276,2,4317,2432,1885,0,0,0,1.0,1,1.0,1,1.0,1,0.04415544092317489,55
3277,0,4317,2432,1885,0,0,0,1.0,1,1.0,1,1.0,1,0.026126597853413584,57
3278,0,4317,2432,1885,0,0,0,1.0,1,1.0,1,1.0,1,0.017505682821852,56
3279,1,4318,2433,1885,0,0,0,1.0,1,1.0,1,1.0,1,0.017468966032762934,54
3280,0,4318,2433,1885,0,0,0,1.0,1,1.0,1,1.0,1,0.03610627954976828,53
3281,2,4320,2435,1885,0,0,0,1.0,1,1.0,1,1.0,1,0.08277405305531142,52
3282,0,4320,2435,1885,0,0,0,1.0,1,1.0,1,1.0,1,0.0829033614904058,50
3283,1,4321,2436,1885,0,0,0,1.0,1,1.0,1,1.0,1,0.11992244723808002,50
3284,5,4326,2441,1885,0,0,0,1.0,1,1.0,1,1.0,1,0.11919998919785799,47
3285,0,4326,2441,1885,0,0,0,1.0,1,1.0,1,1.0,1,0.10096209702843002,48
3286,7,4333,2446,1887,0,0,0,1.0,1,1.0,1,1.0,1,0.06428513499164583,46
3287,2,4335,2448,1887,0,0,0,1.0,1,1.0,1,1.0,1,0.13539771696841998,46
3288,4,4339,2451,1888,0,0,0,1.0,1,1.0,1,1.0,1,0.1801438546635433,46
3289,3,4342,2453,1889,0,0,0,1.0,1,1.0,1,1.0,1,0.1745728422629143,48
3290,3,4345,2455,1890,0,0,0,1.0,1,1.0,1,1.0,1,0.19358516335524742,48
3291,8,4353,2457,1896,0,0,0,1.0,1,1.0,1,1.0,1,0.05869787653251111,50
3292,2,4355,2458,1897,0,0,0,1.0,1,1.0,1,1.0,1,0.0652937651615984,50
3293,0,4355,2458,1897,0,0,0,1.0,1,1.0,1,1.0,1,0.04800706238021471,51
3294,3,4358,2460,1898,0,0,0,1.0,1,1.0,1,1.0,1,0.062372956051787214,50
3295,3,4361,2463,1898,0,0,0,1.0,1,1.0,1,1.0,1,0.05416195678155957,50
3296,0,4361,2463,1898,0,0,0,1.0,1,1.0,1,1.0,1,0.05416195678155957,50
3297,2,4363,2465,1898,0,0,0,1.0,1,1.0,1,1.0,1,0.04418994303640433,51
3298,2,4365,2466,1899,0,0,0,1.0,1,1.0,1,1.0,1,0.05620204402341552,52
3299,1,4366,2467,1899,0,0,0,1.0,1,1.0,1,1.0,1,0.04123985041983459,53
3300,1,4367,2468,1899,0,0,0,1.0,1,1.0,1,1.0,1,0.0276422050980565,53
3301,0,4367,2468,1899,0,0,0,1.0,1,1.0,1,1.0,1,0.0276422050980565,53
3302,2,4369,2469,1900,0,0,0,1.0,1,1.0,1,1.0,1,0.0356767143652556,53
3303,0,4369,2469,1900,0,0,0,1.0,1,1.0,1,1.0,1,0.03209707232730714,52
3304,0,4369,2469,1900,0,0,0,1.0,1,1.0,1,1.0,1,0.023587072622949585,52
3305,1,4370,2470,1900,0,0,0,1.0,1,1.0,1,1.0,1,0.058234953610262236,51
3306,0,4370,2470,1900,0,0,0,1.0,1,1.0,1,1.0,1,0.04145795165432902,51
3307,1,4371,2471,1900,0,0,0,1.0,1,1.0,1,1.0,1,0.0628313557370978,48
3308,1,4372,2472,1900,0,0,0,1.0,1,1.0,1,1.0,1,0.0826135073041168,48
3309,1,4373,2473,1900,0,0,0,1.0,1,1.0,1,1.0,1,0.09129136881344443,48
3310,0,4373,2473,1900,0,0,0,1.0,1,1.0,1,1.0,1,0.11666979441404565,47
3311,5,4378,2476,1902,0,0,0,1.0,1,1.0,1,1.0,1,0.11409475636974256,49
3312,1,4379,2477,1902,0,0,0,1.0,1,1.0,1,1.0,1,0.1527463488017113,48
3313,3,4382,2480,1902,0,0,0,1.0,1,1.0,1,1.0,1,0.1911096754553384,49
3314,3,4385,2481,1904,0,0,0,1.0,1,1.0,1,1.0,1,0.20711065603438197,47
3315,3,4388,2482,1906,0,0,0,1.0,1,1.0,1,1.0,1,0.2478092870032402,47
3316,4,4392,2482,1910,0,0,0,1.0,1,1.0,1,1.0,1,0.2066369842123813,47
3317,0,4392,2482,1910,0,0,0,1.0,1,1.0,1,1.0,1,0.17844370667092296,46
3318,0,4392,2482,1910,0,0,0,1.0,1,1.0,1,1.0,1,0.16276158419297498,45
3319,1,4393,2483,1910,0,0,0,1.0,1,1.0,1,1.0,1,0.1625460945087559,44
3320,0,4393,2483,1910,0,0,0,1.0,1,1.0,1,1.0,1,0.1603542601618307,43
3321,5,4398,2485,1913,0,0,0,1.0,1,1.0,1,1.0,1,0.09608343900718108,43
3322,1,4399,2486,1913,0,0,0,1.0,1,1.0,1,1.0,1,0.07606724526742335,40
3323,3,4402,2489,1913,0,0,0,1.0,1,1.0,1,1.0,1,0.11594462612014259,40
3324,1,4403,2490,1913,0,0,0,1.0,1,1.0,1,1.0,1,0.11776663076055748,40
3325,3,4406,2492,1914,0,0,0,1.0,1,1.0,1,1.0,1,0.14331511915246645,40
3326,5,4411,2495,1916,0,0,0,1.0,1,1.0,1,1.0,1,0.10313061102727984,41
3327,1,4412,2496,1916,0,0,0,1.0,1,1.0,1,1.0,1,0.09345398508900124,39
3328,3,4415,2498,1917,0,0,0,1.0,1,1.0,1,1.0,1,0.1279696132425768,41
3329,0,4415,2498,1917,0,0,0,1.0,1,1.0,1,1.0,1,0.10320051213691321,39
3330,1,4416,2499,1917,0,0,0,1.0,1,1.0,1,1.0,1,0.1023708736531773,40
3331,0,4416,2499,1917,0,0,0,1.0,1,1.0,1,1.0,1,0.07503992046986907,38
3332,0,4416,2499,1917,0,0,0,1.0,1,1.0,1,1.0,1,0.09081282748245978,38
3333,1,4417,2500,1917,0,0,0,1.0,1,1.0,1,1.0,1,0.11307872680823726,38
3334,3,4420,2500,1920,0,0,0,1.0,1,1.0,1,1.0,1,0.08925427514569452,40
3335,0,4420,2500,1920,0,0,0,1.0,1,1.0,1,1.0,1,0.08925427514569452,40
3336,0,4420,2500,1920,0,0,0,1.0,1,1.0,1,1.0,1,0.11620118050633112,39
3337,0,4420,2500,1920,0,0,0,1.0,1,1.0,1,1.0,1,0.11766240902745077,40
3338,4,4424,2503,1921,0,0,0,1.0,1,1.0,1,1.0,1,0.1152354221480244,41
3339,1,4425,2504,1921,0,0,0,1.0,1,1.0,1,1.0,1,0.10519834851218654,42
3340,4,4429,2507,1922,0,0,0,1.0,1,1.0,1,1.0,1,0.1387773908737666,43
3341,2,4431,2507,1924,0,0,0,1.0,1,1.0,1,1.0,1,0.11290500441925003,43
3342,1,4432,2508,1924,0,0,0,1.0,1,1.0,1,1.0,1,0.15361913273719682,44
3343,0,4432,2508,1924,0,0,0,1.0,1,1.0,1,1.0,1,0.15361913273719682,44
3344,1,4433,2508,1925,0,0,0,1.0,1,1.0,1,1.0,1,0.1720356060723655,44
3345,0,4433,2508,1925,0,0,0,1.0,1,1.0,1,1.0,1,0.1869331689812153,43
3346,1,4434,2508,1926,0,0,0,1.0,1,1.0,1,1.0,1,0.17007304288245334,42
3347,0,4434,2508,1926,0,0,0,1.0,1,1.0,1,1.0,1,0.1531428976189496,44
3348,1,4435,2508,1927,0,0,0,1.0,1,1.0,1,1.0,1,0.14762955176801668,45
3349,2,4437,2510,1927,0,0,0,1.0,1,1.0,1,1.0,1,0.12951571857994904,45
3350,0,4437,2510,1927,0,0,0,1.0,1,1.0,1,1.0,1,0.10941501261997266,46
3351,0,4437,2510,1927,0,0,0,1.0,1,1.0,1,1.0,1,0.11492944137365595,47
3352,0,4437,2510,1927,0,0,0,1.0,1,1.0,1,1.0,1,0.11492944137365595,47
3353,1,4438,2510,1928,0,0,0,1.0,1,1.0,1,1.0,1,0.09873705397191847,48
3354,1,4439,2511,1928,0,0,0,1.0,1,1.0,1,1.0,1,0.12484877137722747,48
3355,1,4440,2512,1928,0,0,0,1.0,1,1.0,1,1.0,1,0.12208814274784432,48
3356,0,4440,2512,1928,0,0,0,1.0,1,1.0,1,1.0,1,0.09516939260630027,48
3357,1,4441,2513,1928,0,0,0,1.0,1,1.0,1,1.0,1,0.100451547748558,47
3358,1,4442,2514,1928,0,0,0,1.0,1,1.0,1,1.0,1,0.12177649006181644,46
3359,2,4444,2515,1929,0,0,0,1.0,1,1.0,1,1.0,1,0.13041691333475122,45
3360,2,4446,2517,1929,0,0,0,1.0,1,1.0,1,1.0,1,0.18094732360795768,44
3361,3,4449,2518,1931,0,0,0,1.0,1,1.0,1,1.0,1,0.16128952244102748,43
3362,2,4451,2519,1932,0,0,0,1.0,1,1.0,1,1.0,1,0.18819688950645597,42
3363,1,4452,2520,1932,0,0,0,1.0,1,1.0,1,1.0,1,0.2146572937817047,41
3364,1,4453,2520,1933,0,0,0,1.0,1,1.0,1,1.0,1,0.17450823779021218,41
3365,0,4453,2520,1933,0,0,0,1.0,1,1.0,1,1.0,1,0.17537193335891307,41
3366,1,4454,2520,1934,0,0,0,1.0,1,1.0,1,1.0,1,0.14956183002823087,40
3367,1,4455,2520,1935,0,0,0,1.0,1,1.0,1,1.0,1,0.11709691189692274,39
3368,0,4455,2520,1935,0,0,0,1.0,1,1.0,1,1.0,1,0.11709691189692274,39
3369,0,4455,2520,1935,0,0,0,1.0,1,1.0,1,1.0,1,0.10187910925841023,40
3370,2,4457,2522,1935,0,0,0,1.0,1,1.0,1,1.0,1,0.08882044184190752,41
3371,2,4459,2523,1936,0,0,0,1.0,1,1.0,1,1.0,1,0.10079283405004602,41
3372,2,4461,2525,1936,0,0,0,1.0,1,1.0,1,1.0,1,0.12318438952582311,40
3373,0,4461,2525,1936,0,0,0,1.0,1,1.0,1,1.0,1,0.13445809391357225,41
3374,0,4461,2525,1936,0,0,0,1.0,1,1.0,1,1.0,1,0.133438530468074,42
3375,2,4463,2525,1938,0,0,0,1.0,1,1.0,1,1.0,1,0.11491016566102157,44
3376,2,4465,2525,1940,0,0,0,1.0,1,1.0,1,1.0,1,0.07143476762059506,46
3377,2,4467,2525,1942,0,0,0,1.0,1,1.0,1,1.0,1,0.05893609398573637,47
3378,1,4468,2526,1942,0,0,0,1.0,1,1.0,1,1.0,1,0.066152825687207,48
3379,1,4469,2526,1943,0,0,0,1.0,1,1.0,1,1.0,1,0.05237333235105134,48
3380,0,4469,2526,1943,0,0,0,1.0,1,1.0,1,1.0,1,0.05237333235105134,48
3381,0,4469,2526,1943,0,0,0,1.0,1,1.0,1,1.0,1,0.05237333235105134,48
3382,1,4470,2526,1944,0,0,0,1.0,1,1.0,1,1.0,1,0.05173861724021515,49
3383,0,4470,2526,1944,0,0,0,1.0,1,1.0,1,1.0,1,0.08136692578511913,47
3384,2,4472,2528,1944,0,0,0,1.0,1,1.0,1,1.0,1,0.12924615150144045,48
3385,1,4473,2528,1945,0,0,0,1.0,1,1.0,1,1.0,1,0.1384545239381728,47
3386,5,4478,2529,1949,0,0,0,1.0,1,1.0,1,1.0,1,0.14391153626527978,49
3387,0,4478,2529,1949,0,0,0,1.0,1,1.0,1,1.0,1,0.15190033125584287,48
3388,1,4479,2530,1949,0,0,0,1.0,1,1.0,1,1.0,1,0.18400092369940121,48
3389,2,4481,2530,1951,0,0,0,1.0,1,1.0,1,1.0,1,0.1852365195719808,50
3390,1,4482,2531,1951,0,0,0,1.0,1,1.0,1,1.0,1,0.17894215967247912,51
3391,5,4487,2532,1955,0,0,0,1.0,1,1.0,1,1.0,1,0.1667993109188985,51
3392,2,4489,2532,1957,0,0,0,1.0,1,1.0,1,1.0,1,0.13347638127211398,52
3393,1,4490,2533,1957,0,0,0,1.0,1,1.0,1,1.0,1,0.12398675280771922,52
3394,1,4491,2534,1957,0,0,0,1.0,1,1.0,1,1.0,1,0.113834285642757,52
3395,0,4491,2534,1957,0,0,0,1.0,1,1.0,1,1.0,1,0.10793819785754455,50
3396,1,4492,2534,1958,0,0,0,1.0,1,1.0,1,1.0,1,0.0966957305251282,49
3397,1,4493,2535,1958,0,0,0,1.0,1,1.0,1,1.0,1,0.08460095220075106,49
3398,0,4493,2535,1958,0,0,0,1.0,1,1.0,1,1.0,1,0.08212597510091567,48
3399,1,4494,2536,1958,0,0,0,1.0,1,1.0,1,1.0,1,0.09704138611606256,49
3400,1,4495,2537,1958,0,0,0,1.0,1,1.0,1,1.0,1,0.08915818713096361,50
3401,2,4497,2537,1960,0,0,0,1.0,1,1.0,1,1.0,1,0.04748713621847214,51
3402,1,4498,2538,1960,0,0,0,1.0,1,1.0,1,1.0,1,0.06634734177825892,51
3403,2,4500,2540,1960,0,0,0,1.0,1,1.0,1,1.0,1,0.09060447296571068,51
3404,1,4501,2541,1960,0,0,0,1.0,1,1.0,1,1.0,1,0.10420130461452208,51
3405,1,4502,2542,1960,0,0,0,1.0,1,1.0,1,1.0,1,0.1146417071081049,51
3406,0,4502,2542,1960,0,0,0,1.0,1,1.0,1,1.0,1,0.11971108463325486,51
3407,1,4503,2543,1960,0,0,0,1.0,1,1.0,1,1.0,1,0.12472811955772824,52
3408,0,4503,2543,1960,0,0,0,1.0,1,1.0,1,1.0,1,0.13586381269088452,53
3409,1,4504,2544,1960,0,0,0,1.0,1,1.0,1,1.0,1,0.12513347546329923,54
3410,1,4505,2545,1960,0,0,0,1.0,1,1.0,1,1.0,1,0.13360917050336094,54
3411,1,4506,2546,1960,0,0,0,1.0,1,1.0,1,1.0,1,0.13249578391871308,54
3412,3,4509,2547,1962,0,0,0,1.0,1,1.0,1,1.0,1,0.13312471212953278,55
3413,0,4509,2547,1962,0,0,0,1.0,1,1.0,1,1.0,1,0.13312471212953278,55
3414,0,4509,2547,1962,0,0,0,1.0,1,1.0,1,1.0,1,0.13886029033745778,55
3415,3,4512,2549,1963,0,0,0,1.0,1,1.0,1,1.0,1,0.13694661809201572,56
3416,3,4515,2549,1966,0,0,0,1.0,1,1.0,1,1.0,1,0.11152716597900958,55
3417,1,4516,2549,1967,0,0,0,1.0,1,1.0,1,1.0,1,0.1157252467373475,56
3418,1,4517,2550,1967,0,0,0,1.0,1,1.0,1,1.0,1,0.15948009957328943,55
3419,1,4518,2550,1968,0,0,0,1.0,1,1.0,1,1.0,1,0.16439182814974007,56
3420,0,4518,2550,1968,0,0,0,1.0,1,1.0,1,1.0,1,0.18534882077976028,55
3421,4,4522,2550,1972,0,0,0,1.0,1,1.0,1,1.0,1,0.15258871988825343,57
3422,1,4523,2550,1973,0,0,0,1.0,1,1.0,1,1.0,1,0.1489476127415182,56
3423,1,4524,2551,1973,0,0,0,1.0,1,1.0,1,1.0,1,0.14307322006658188,56
3424,1,4525,2552,1973,0,0,0,1.0,1,1.0,1,1.0,1,0.15861646226560958,56
3425,0,4525,2552,1973,0,0,0,1.0,1,1.0,1,1.0,1,0.15861646226560958,56
3426,3,4528,2552,1976,0,0,0,1.0,1,1.0,1,1.0,1,0.13036565002224068,55
3427,2,4530,2552,1978,0,0,0,1.0,1,1.0,1,1.0,1,0.1271580232338111,55
3428,0,4530,2552,1978,0,0,0,1.0,1,1.0,1,1.0,1,0.13067078278100624,55
3429,1,4531,2553,1978,0,0,0,1.0,1,1.0,1,1.0,1,0.1635661406226697,54
3430,1,4532,2553,1979,0,0,0,1.0,1,1.0,1,1.0,1,0.14357292592430684,56
3431,3,4535,2554,1981,0,0,0,1.0,1,1.0,1,1.0,1,0.12288405507959345,54
3432,3,4538,2555,1983,0,0,0,1.0,1,1.0,1,1.0,1,0.13061175912323858,56
3433,2,4540,2556,1984,0,0,0,1.0,1,1.0,1,1.0,1,0.12475277025700306,53
3434,3,4543,2558,1985,0,0,0,1.0,1,1.0,1,1.0,1,0.10607724455452407,51
3435,2,4545,2560,1985,0,0,0,1.0,1,1.0,1,1.0,1,0.12929035192705685,51
3436,3,4548,2561,1987,0,0,0,1.0,1,1.0,1,1.0,1,0.10540660470499219,51
3437,3,4551,2563,1988,0,0,0,1.0,1,1.0,1,1.0,1,0.10271394698093024,53
3438,1,4552,2563,1989,0,0,0,1.0,1,1.0,1,1.0,1,0.05416137285718501,52
3439,2,4554,2564,1990,0,0,0,1.0,1,1.0,1,1.0,1,0.05409551909249892,54
3440,1,4555,2565,1990,0,0,0,1.0,1,1.0,1,1.0,1,0.059251670132858314,52
3441,1,4556,2565,1991,0,0,0,1.0,1,1.0,1,1.0,1,0.038240267554525635,53
3442,0,4556,2565,1991,0,0,0,1.0,1,1.0,1,1.0,1,0.02837437480842155,53
3443,0,4556,2565,1991,0,0,0,1.0,1,1.0,1,1.0,1,0.03459477512242409,53
3444,0,4556,2565,1991,0,0,0,1.0,1,1.0,1,1.0,1,0.038465065037387655,52
3445,2,4558,2567,1991,0,0,0,1.0,1,1.0,1,1.0,1,0.05199817730414605,53
3446,1,4559,2568,1991,0,0,0,1.0,1,1.0,1,1.0,1,0.10916902906122798,53
3447,0,4559,2568,1991,0,0,0,1.0,1,1.0,1,1.0,1,0.10916902906122798,53
3448,2,4561,2570,1991,0,0,0,1.0,1,1.0,1,1.0,1,0.19160765552674316,52
3449,4,4565,2573,1992,0,0,0,1.0,1,1.0,1,1.0,1,0.15505596705702507,52
3450,2,4567,2575,1992,0,0,0,1.0,1,1.0,1,1.0,1,0.16383376437057942,52
3451,7,4574,2579,1995,0,0,0,1.0,1,1.0,1,1.0,1,0.161933982302225,54
3452,2,4576,2580,1996,0,0,0,1.0,1,1.0,1,1.0,1,0.14277765596413888,54
3453,1,4577,2581,1996,0,0,0,1.0,1,1.0,1,1.0,1,0.13650784741951022,54
3454,0,4577,2581,1996,0,0,0,1.0,1,1.0,1,1.0,1,0.13060634902351625,57
3455,0,4577,2581,1996,0,0,0,1.0,1,1.0,1,1.0,1,0.13060634902351625,57
3456,3,4580,2581,1999,0,0,0,1.0,1,1.0,1,1.0,1,0.1110235979468581,58
3457,1,4581,2581,2000,0,0,0,1.0,1,1.0,1,1.0,1,0.11879555990928645,57
3458,0,4581,2581,2000,0,0,0,1.0,1,1.0,1,1.0,1,0.11927273376982916,57
3459,0,4581,2581,2000,0,0,0,1.0,1,1.0,1,1.0,1,0.11927273376982916,57
3460,0,4581,2581,2000,0,0,0,1.0,1,1.0,1,1.0,1,0.11339035393299633,58
3461,3,4584,2582,2002,0,0,0,1.0,1,1.0,1,1.0,1,0.09864895811125286,59
3462,2,4586,2583,2003,0,0,0,1.0,1,1.0,1,1.0,1,0.07446391044159917,59
3463,1,4587,2584,2003,0,0,0,1.0,1,1.0,1,1.0,1,0.06755266908276247,59
3464,0,4587,2584,2003,0,0,0,1.0,1,1.0,1,1.0,1,0.08996922570555717,59
3465,2,4589,2586,2003,0,0,0,1.0,1,1.0,1,1.0,1,0.08666760811489463,57
3466,2,4591,2586,2005,0,0,0,1.0,1,1.0,1,1.0,1,0.062456580241717824,57
3467,3,4594,2588,2006,0,0,0,1.0,1,1.0,1,1.0,1,0.10915496065853159,57
3468,1,4595,2588,2007,0,0,0,1.0,1,1.0,1,1.0,1,0.10713210614721692,57
3469,4,4599,2592,2007,0,0,0,1.0,1,1.0,1,1.0,1,0.10758103124636688,53
3470,1,4600,2593,2007,0,0,0,1.0,1,1.0,1,1.0,1,0.1279682344213465,50
3471,2,4602,2595,2007,0,0,0,1.0,1,1.0,1,1.0,1,0.1741702878143241,49
3472,2,4604,2596,2008,0,0,0,1.0,1,1.0,1,1.0,1,0.15141068195141896,47
3473,2,4606,2598,2008,0,0,0,1.0,1,1.0,1,1.0,1,0.20205347717656502,45
3474,1,4607,2599,2008,0,0,0,1.0,1,1.0,1,1.0,1,0.21371181010622192,42
3475,3,4610,2601,2009,0,0,0,1.0,1,1.0,1,1.0,1,0.27314327074855044,43
3476,7,4617,2603,2014,0,0,0,1.0,1,1.0,1,1.0,1,0.21573493627512577,41
3477,2,4619,2605,2014,0,0,0,1.0,1,1.0,1,1.0,1,0.18046441516330056,42
3478,2,4621,2607,2014,0,0,0,1.0,1,1.0,1,1.0,1,0.1975701691312256,40
3479,1,4622,2607,2015,0,0,0,1.0,1,1.0,1,1.0,1,0.14841892422603076,40
3480,1,4623,2608,2015,0,0,0,1.0,1,1.0,1,1.0,1,0.15197428210975125,40
3481,2,4625,2608,2017,0,0,0,1.0,1,1.0,1,1.0,1,0.10704885898710147,40
3482,0,4625,2608,2017,0,0,0,1.0,1,1.0,1,1.0,1,0.10704885898710147,40
3483,2,4627,2610,2017,0,0,0,1.0,1,1.0,1,1.0,1,0.15530336951958432,39
3484,0,4627,2610,2017,0,0,0,1.0,1,1.0,1,1.0,1,0.15530336951958432,39
3485,4,4631,2612,2019,0,0,0,1.0,1,1.0,1,1.0,1,0.2165112143900078,40
3486,4,4635,2612,2023,0,0,0,1.0,1,1.0,1,1.0,1,0.1660736064943183,41
3487,1,4636,2612,2024,0,0,0,1.0,1,1.0,1,1.0,1,0.17963816019945653,41
3488,2,4638,2612,2026,0,0,0,1.0,1,1.0,1,1.0,1,0.13177491569681582,42
3489,1,4639,2612,2027,0,0,0,1.0,1,1.0,1,1.0,1,0.10954954235885908,44
3490,0,4639,2612,2027,0,0,0,1.0,1,1.0,1,1.0,1,0.10954954235885908,44
3491,1,4640,2612,2028,0,0,0,1.0,1,1.0,1,1.0,1,0.11318801757418029,45
3492,2,4642,2613,2029,0,0,0,1.0,1,1.0,1,1.0,1,0.10631874077514562,45
3493,0,4642,2613,2029,0,0,0,1.0,1,1.0,1,1.0,1,0.10631874077514562,45
3494,0,4642,2613,2029,0,0,0,1.0,1,1.0,1,1.0,1,0.10631874077514562,45
3495,1,4643,2614,2029,0,0,0,1.0,1,1.0,1,1.0,1,0.11517161008755426,45
3496,3,4646,2614,2032,0,0,0,1.0,1,1.0,1,1.0,1,0.056611168123901344,46
3497,0,4646,2614,2032,0,0,0,1.0,1,1.0,1,1.0,1,0.05727819971549626,47
3498,1,4647,2615,2032,0,0,0,1.0,1,1.0,1,1.0,1,0.08949711940194693,48
3499,0,4647,2615,2032,0,0,0,1.0,1,1.0,1,1.0,1,0.1050836984383343,47
3500,1,4648,2615,2033,0,0,0,1.0,1,1.0,1,1.0,1,0.09576316748500041,50
3501,1,4649,2616,2033,0,0,0,1.0,1,1.0,1,1.0,1,0.1117017977995536,50
3502,1,4650,2617,2033,0,0,0,1.0,1,1.0,1,1.0,1,0.14073426949841533,50
3503,0,4650,2617,2033,0,0,0,1.0,1,1.0,1,1.0,1,0.14073426949841533,50
3504,1,4651,2618,2033,0,0,0,1.0,1,1.0,1,1.0,1,0.20297659919310093,47
3505,1,4652,2618,2034,0,0,0,1.0,1,1.0,1,1.0,1,0.21072388308208176,48
3506,0,4652,2618,2034,0,0,0,1.0,1,1.0,1,1.0,1,0.20826628279559833,49
3507,1,4653,2618,2035,0,0,0,1.0,1,1.0,1,1.0,1,0.19120997979210577,46
3508,2,4655,2620,2035,0,0,0,1.0,1,1.0,1,1.0,1,0.24900113137023755,47
3509,0,4655,2620,2035,0,0,0,1.0,1,1.0,1,1.0,1,0.22297979120330033,44
3510,1,4656,2621,2035,0,0,0,1.0,1,1.0,1,1.0,1,0.2568171770074352,45
3511,0,4656,2621,2035,0,0,0,1.0,1,1.0,1,1.0,1,0.2456130559246988,44
3512,0,4656,2621,2035,0,0,0,1.0,1,1.0,1,1.0,1,0.23418338790722232,42
3513,0,4656,2621,2035,0,0,0,1.0,1,1.0,1,1.0,1,0.23418338790722232,42
3514,0,4656,2621,2035,0,0,0,1.0,1,1.0,1,1.0,1,0.22719131176868715,42
3515,2,4658,2621,2037,0,0,0,1.0,1,1.0,1,1.0,1,0.17873613707956656,42
3516,0,4658,2621,2037,0,0,0,1.0,1,1.0,1,1.0,1,0.19222570147854506,41
3517,1,4659,2621,2038,0,0,0,1.0,1,1.0,1,1.0,1,0.16873500774677402,44
3518,0,4659,2621,2038,0,0,0,1.0,1,1.0,1,1.0,1,0.17855967529163352,43
3519,0,4659,2621,2038,0,0,0,1.0,1,1.0,1,1.0,1,0.1679995777415385,44
3520,0,4659,2621,2038,0,0,0,1.0,1,1.0,1,1.0,1,0.1818963333028445,45
3521,1,4660,2621,2039,0,0,0,1.0,1,1.0,1,1.0,1,0.17442789809859527,45
3522,1,4661,2621,2040,0,0,0,1.0,1,1.0,1,1.0,1,0.1671847581208301,46
3523,0,4661,2621,2040,0,0,0,1.0,1,1.0,1,1.0,1,0.1671847581208301,46
3524,0,4661,2621,2040,0,0,0,1.0,1,1.0,1,1.0,1,0.14534477229648457,47
3525,0,4661,2621,2040,0,0,0,1.0,1,1.0,1,1.0,1,0.16151937662601001,48
3526,0,4661,2621,2040,0,0,0,1.0,1,1.0,1,1.0,1,0.14206916310518772,49
3527,2,4663,2623,2040,0,0,0,1.0,1,1.0,1,1.0,1,0.2028678593905375,49
3528,2,4665,2623,2042,0,0,0,1.0,1,1.0,1,1.0,1,0.18543886332882867,51
3529,1,4666,2623,2043,0,0,0,1.0,1,1.0,1,1.0,1,0.17889178362966435,51
3530,1,4667,2623,2044,0,0,0,1.0,1,1.0,1,1.0,1,0.1725057111148596,52
3531,1,4668,2623,2045,0,0,0,1.0,1,1.0,1,1.0,1,0.1660198736353474,52
3532,0,4668,2623,2045,0,0,0,1.0,1,1.0,1,1.0,1,0.1660198736353474,52
3533,0,4668,2623,2045,0,0,0,1.0,1,1.0,1,1.0,1,0.1660198736353474,52
3534,0,4668,2623,2045,0,0,0,1.0,1,1.0,1,1.0,1,0.1660198736353474,52
3535,0,4668,2623,2045,0,0,0,1.0,1,1.0,1,1.0,1,0.1660198736353474,52
3536,0,4668,2623,2045,0,0,0,1.0,1,1.0,1,1.0,1,0.17086690163930887,54
3537,0,4668,2623,2045,0,0,0,1.0,1,1.0,1,1.0,1,0.1705289938684708,55
3538,1,4669,2624,2045,0,0,0,1.0,1,1.0,1,1.0,1,0.17414216769337626,55
3539,2,4671,2624,2047,0,0,0,1.0,1,1.0,1,1.0,1,0.13764214600346036,58
3540,5,4676,2627,2049,0,0,0,1.0,1,1.0,1,1.0,1,0.15917130013382494,59
3541,1,4677,2627,2050,0,0,0,1.0,1,1.0,1,1.0,1,0.15067982969038957,59
3542,2,4679,2629,2050,0,0,0,1.0,1,1.0,1,1.0,1,0.17777860061134912,61
3543,1,4680,2629,2051,0,0,0,1.0,1,1.0,1,1.0,1,0.16197798489712,62
3544,2,4682,2631,2051,0,0,0,1.0,1,1.0,1,1.0,1,0.17711176330551565,59
3545,1,4683,2632,2051,0,0,0,1.0,1,1.0,1,1.0,1,0.19384532176498684,59
3546,2,4685,2632,2053,0,0,0,1.0,1,1.0,1,1.0,1,0.16574938287151683,57
3547,2,4687,2634,2053,0,0,0,1.0,1,1.0,1,1.0,1,0.1670766791937845,53
3548,0,4687,2634,2053,0,0,0,1.0,1,1.0,1,1.0,1,0.1670766791937845,53
3549,0,4687,2634,2053,0,0,0,1.0,1,1.0,1,1.0,1,0.1531454863773536,52
3550,0,4687,2634,2053,0,0,0,1.0,1,1.0,1,1.0,1,0.17067691788754474,51
3551,3,4690,2634,2056,0,0,0,1.0,1,1.0,1,1.0,1,0.13867264389165507,51
3552,1,4691,2634,2057,0,0,0,1.0,1,1.0,1,1.0,1,0.12110106562758953,51
3553,1,4692,2634,2058,0,0,0,1.0,1,1.0,1,1.0,1,0.12277168540000061,49
3554,1,4693,2634,2059,0,0,0,1.0,1,1.0,1,1.0,1,0.09684963510869984,49
3555,2,4695,2634,2061,0,0,0,1.0,1,1.0,1,1.0,1,0.08002288602308778,51
3556,2,4697,2634,2063,0,0,0,1.0,1,1.0,1,1.0,1,0.04577590185033192,51
3557,1,4698,2635,2063,0,0,0,1.0,1,1.0,1,1.0,1,0.05902435603852258,52
3558,1,4699,2636,2063,0,0,0,1.0,1,1.0,1,1.0,1,0.08391872969992718,52
3559,1,4700,2637,2063,0,0,0,1.0,1,1.0,1,1.0,1,0.10380669527860467,52
3560,3,4703,2639,2064,0,0,0,1.0,1,1.0,1,1.0,1,0.05902084883793072,53
3561,1,4704,2640,2064,0,0,0,1.0,1,1.0,1,1.0,1,0.08092630034821156,54
3562,2,4706,2642,2064,0,0,0,1.0,1,1.0,1,1.0,1,0.11251510307339127,54
3563,1,4707,2643,2064,0,0,0,1.0,1,1.0,1,1.0,1,0.13970160598465856,55
3564,0,4707,2643,2064,0,0,0,1.0,1,1.0,1,1.0,1,0.11551327706815256,57
3565,0,4707,2643,2064,0,0,0,1.0,1,1.0,1,1.0,1,0.12232077853923999,56
3566,1,4708,2643,2065,0,0,0,1.0,1,1.0,1,1.0,1,0.12524871355794626,57
3567,0,4708,2643,2065,0,0,0,1.0,1,1.0,1,1.0,1,0.12524871355794626,57
3568,0,4708,2643,2065,0,0,0,1.0,1,1.0,1,1.0,1,0.12524871355794626,57
3569,1,4709,2643,2066,0,0,0,1.0,1,1.0,1,1.0,1,0.10297417233668239,57
3570,2,4711,2645,2066,0,0,0,1.0,1,1.0,1,1.0,1,0.14413917286794484,59
3571,2,4713,2645,2068,0,0,0,1.0,1,1.0,1,1.0,1,0.10992769480973803,60
3572,0,4713,2645,2068,0,0,0,1.0,1,1.0,1,1.0,1,0.10057799841621486,61
3573,2,4715,2646,2069,0,0,0,1.0,1,1.0,1,1.0,1,0.10197199614929996,62
3574,0,4715,2646,2069,0,0,0,1.0,1,1.0,1,1.0,1,0.09583105724193479,63
3575,0,4715,2646,2069,0,0,0,1.0,1,1.0,1,1.0,1,0.09583105724193479,63
3576,1,4716,2647,2069,0,0,0,1.0,1,1.0,1,1.0,1,0.11295474397495073,63
3577,0,4716,2647,2069,0,0,0,1.0,1,1.0,1,1.0,1,0.10539605505593858,64
3578,0,4716,2647,2069,0,0,0,1.0,1,1.0,1,1.0,1,0.09617771964080457,64
3579,0,4716,2647,2069,0,0,0,1.0,1,1.0,1,1.0,1,0.09617771964080457,64
3580,0,4716,2647,2069,0,0,0,1.0,1,1.0,1,1.0,1,0.10654251039851274,65
3581,1,4717,2648,2069,0,0,0,1.0,1,1.0,1,1.0,1,0.11443758340242197,68
3582,0,4717,2648,2069,0,0,0,1.0,1,1.0,1,1.0,1,0.13924131825348132,68
3583,4,4721,2652,2069,0,0,0,1.0,1,1.0,1,1.0,1,0.17321067190523412,65
3584,3,4724,2655,2069,0,0,0,1.0,1,1.0,1,1.0,1,0.21570274016218854,64
3585,2,4726,2657,2069,0,0,0,1.0,1,1.0,1,1.0,1,0.19900641734782246,64
3586,9,4735,2661,2074,0,0,0,1.0,1,1.0,1,1.0,1,0.17099316776065204,65
3587,3,4738,2662,2076,0,0,0,1.0,1,1.0,1,1.0,1,0.12176084122874926,64
3588,2,4740,2664,2076,0,0,0,1.0,1,1.0,1,1.0,1,0.1254171625665112,62
3589,4,4744,2667,2077,0,0,0,1.0,1,1.0,1,1.0,1,0.1575199686932296,63
3590,2,4746,2668,2078,0,0,0,1.0,1,1.0,1,1.0,1,0.15302392662771563,63
3591,5,4751,2669,2082,0,0,0,1.0,1,1.0,1,1.0,1,0.11263904149437773,62
3592,2,4753,2670,2083,0,0,0,1.0,1,1.0,1,1.0,1,0.09040027488343655,59
3593,0,4753,2670,2083,0,0,0,1.0,1,1.0,1,1.0,1,0.07869272085658993,58
3594,0,4753,2670,2083,0,0,0,1.0,1,1.0,1,1.0,1,0.09493234847645213,57
3595,0,4753,2670,2083,0,0,0,1.0,1,1.0,1,1.0,1,0.09436486949534748,59
3596,1,4754,2671,2083,0,0,0,1.0,1,1.0,1,1.0,1,0.08438043124087417,57
3597,2,4756,2671,2085,0,0,0,1.0,1,1.0,1,1.0,1,0.08422636265336893,57
3598,1,4757,2672,2085,0,0,0,1.0,1,1.0,1,1.0,1,0.10560238888298867,57
3599,0,4757,2672,2085,0,0,0,1.0,1,1.0,1,1.0,1,0.11542822694148237,58
3600,1,4758,2673,2085,0,0,0,1.0,1,1.0,1,1.0,1,0.1208431562778667,58
3601,3,4761,2674,2087,0,0,0,1.0,1,1.0,1,1.0,1,0.10258746007447822,58
3602,0,4761,2674,2087,0,0,0,1.0,1,1.0,1,1.0,1,0.08852140520815298,60
3603,3,4764,2675,2089,0,0,0,1.0,1,1.0,1,1.0,1,0.06982990858687138,60
3604,2,4766,2676,2090,0,0,0,1.0,1,1.0,1,1.0,1,0.09247750642550322,60
3605,2,4768,2678,2090,0,0,0,1.0,1,1.0,1,1.0,1,0.11693778391139178,61
3606,6,4774,2680,2094,0,0,0,1.0,1,1.0,1,1.0,1,0.07388660928552879,63
3607,1,4775,2681,2094,0,0,0,1.0,1,1.0,1,1.0,1,0.08685597196837071,63
3608,0,4775,2681,2094,0,0,0,1.0,1,1.0,1,1.0,1,0.09442465592084573,64
3609,0,4775,2681,2094,0,0,0,1.0,1,1.0,1,1.0,1,0.10666648617398011,66
3610,2,4777,2683,2094,0,0,0,1.0,1,1.0,1,1.0,1,0.12047983655164149,67
3611,3,4780,2685,2095,0,0,0,1.0,1,1.0,1,1.0,1,0.13920099689341542,67
3612,1,4781,2686,2095,0,0,0,1.0,1,1.0,1,1.0,1,0.1569637138816275,66
3613,1,4782,2686,2096,0,0,0,1.0,1,1.0,1,1.0,1,0.1493041002126023,66
3614,1,4783,2687,2096,0,0,0,1.0,1,1.0,1,1.0,1,0.15954865803658635,65
3615,0,4783,2687,2096,0,0,0,1.0,1,1.0,1,1.0,1,0.14453316374202194,65
3616,2,4785,2687,2098,0,0,0,1.0,1,1.0,1,1.0,1,0.13284997718424987,65
3617,0,4785,2687,2098,0,0,0,1.0,1,1.0,1,1.0,1,0.12532211784838435,66
3618,0,4785,2687,2098,0,0,0,1.0,1,1.0,1,1.0,1,0.12532211784838435,66
3619,1,4786,2688,2098,0,0,0,1.0,1,1.0,1,1.0,1,0.13198004562632593,65
3620,5,4791,2689,2102,0,0,0,1.0,1,1.0,1,1.0,1,0.11065265807062492,66
3621,2,4793,2691,2102,0,0,0,1.0,1,1.0,1,1.0,1,0.10420305213665938,65
3622,2,4795,2691,2104,0,0,0,1.0,1,1.0,1,1.0,1,0.0690702817959279,65
3623,2,4797,2692,2105,0,0,0,1.0,1,1.0,1,1.0,1,0.06868223250780532,62
3624,3,4800,2695,2105,0,0,0,1.0,1,1.0,1,1.0,1,0.09421049351288664,62
3625,3,4803,2697,2106,0,0,0,1.0,1,1.0,1,1.0,1,0.10743646989025395,61
3626,1,4804,2698,2106,0,0,0,1.0,1,1.0,1,1.0,1,0.09085093074973347,58
3627,2,4806,2699,2107,0,0,0,1.0,1,1.0,1,1.0,1,0.12791082689361477,58
3628,1,4807,2700,2107,0,0,0,1.0,1,1.0,1,1.0,1,0.08570056516649263,57
3629,1,4808,2701,2107,0,0,0,1.0,1,1.0,1,1.0,1,0.1217186658857974,57
3630,2,4810,2703,2107,0,0,0,1.0,1,1.0,1,1.0,1,0.08712605325819762,56
3631,2,4812,2704,2108,0,0,0,1.0,1,1.0,1,1.0,1,0.06434331452091613,54
3632,2,4814,2705,2109,0,0,0,1.0,1,1.0,1,1.0,1,0.05694026586651887,52
3633,1,4815,2706,2109,0,0,0,1.0,1,1.0,1,1.0,1,0.07443674679777063,52
3634,1,4816,2707,2109,0,0,0,1.0,1,1.0,1,1.0,1,0.06933377862565465,49
3635,2,4818,2708,2110,0,0,0,1.0,1,1.0,1,1.0,1,0.10652600131877091,47
3636,2,4820,2708,2112,0,0,0,1.0,1,1.0,1,1.0,1,0.09887045254684698,48
3637,5,4825,2711,2114,0,0,0,1.0,1,1.0,1,1.0,1,0.1336153950937379,49
3638,2,4827,2711,2116,0,0,0,1.0,1,1.0,1,1.0,1,0.11811704622807838,50
3639,4,4831,2713,2118,0,0,0,1.0,1,1.0,1,1.0,1,0.11849051062590131,52
3640,1,4832,2714,2118,0,0,0,1.0,1,1.0,1,1.0,1,0.1347441120443583,52
3641,2,4834,2714,2120,0,0,0,1.0,1,1.0,1,1.0,1,0.10286151987961874,52
3642,0,4834,2714,2120,0,0,0,1.0,1,1.0,1,1.0,1,0.10286151987961874,52
3643,0,4834,2714,2120,0,0,0,1.0,1,1.0,1,1.0,1,0.10286151987961874,52
3644,1,4835,2714,2121,0,0,0,1.0,1,1.0,1,1.0,1,0.08892836443572667,52
3645,1,4836,2715,2121,0,0,0,1.0,1,1.0,1,1.0,1,0.07729790261363198,53
3646,0,4836,2715,2121,0,0,0,1.0,1,1.0,1,1.0,1,0.07729790261363198,53
3647,0,4836,2715,2121,0,0,0,1.0,1,1.0,1,1.0,1,0.0810484289562826,55
3648,0,4836,2715,2121,0,0,0,1.0,1,1.0,1,1.0,1,0.09358823225263803,57
3649,0,4836,2715,2121,0,0,0,1.0,1,1.0,1,1.0,1,0.09358823225263803,57
3650,0,4836,2715,2121,0,0,0,1.0,1,1.0,1,1.0,1,0.10012099112156522,59
3651,0,4836,2715,2121,0,0,0,1.0,1,1.0,1,1.0,1,0.10012099112156522,59
3652,0,4836,2715,2121,0,0,0,1.0,1,1.0,1,1.0,1,0.10012099112156522,59
3653,0,4836,2715,2121,0,0,0,1.0,1,1.0,1,1.0,1,0.10012099112156522,59
3654,3,4839,2715,2124,0,0,0,1.0,1,1.0,1,1.0,1,0.0663463858115841,59
3655,0,4839,2715,2124,0,0,0,1.0,1,1.0,1,1.0,1,0.05928493091673798,62
3656,0,4839,2715,2124,0,0,0,1.0,1,1.0,1,1.0,1,0.05928493091673798,62
3657,2,4841,2716,2125,0,0,0,1.0,1,1.0,1,1.0,1,0.0778092229578382,63
3658,2,4843,2717,2126,0,0,0,1.0,1,1.0,1,1.0,1,0.09341174327227653,63
3659,3,4846,2719,2127,0,0,0,1.0,1,1.0,1,1.0,1,0.12278988029964855,62
3660,4,4850,2721,2129,0,0,0,1.0,1,1.0,1,1.0,1,0.14654764869948148,62
3661,5,4855,2722,2133,0,0,0,1.0,1,1.0,1,1.0,1,0.1142189187237931,61
3662,1,4856,2723,2133,0,0,0,1.0,1,1.0,1,1.0,1,0.14418087085147463,60
3663,2,4858,2724,2134,0,0,0,1.0,1,1.0,1,1.0,1,0.1438001730219546,61
3664,1,4859,2725,2134,0,0,0,1.0,1,1.0,1,1.0,1,0.1533447005776054,58
3665,1,4860,2726,2134,0,0,0,1.0,1,1.0,1,1.0,1,0.17561358370890878,58
3666,3,4863,2726,2137,0,0,0,1.0,1,1.0,1,1.0,1,0.12463004277081689,58
3667,1,4864,2727,2137,0,0,0,1.0,1,1.0,1,1.0,1,0.11111905200333705,58
3668,0,4864,2727,2137,0,0,0,1.0,1,1.0,1,1.0,1,0.11284388373514728,58
3669,1,4865,2728,2137,0,0,0,1.0,1,1.0,1,1.0,1,0.10058045627334032,57
3670,1,4866,2729,2137,0,0,0,1.0,1,1.0,1,1.0,1,0.12767209909464894,56
3671,2,4868,2730,2138,0,0,0,1.0,1,1.0,1,1.0,1,0.1537489632547623,57
3672,2,4870,2731,2139,0,0,0,1.0,1,1.0,1,1.0,1,0.17796599931606977,57
3673,0,4870,2731,2139,0,0,0,1.0,1,1.0,1,1.0,1,0.16469374151880167,58
3674,0,4870,2731,2139,0,0,0,1.0,1,1.0,1,1.0,1,0.17561349992602865,57
3675,0,4870,2731,2139,0,0,0,1.0,1,1.0,1,1.0,1,0.18264896222375154,58
3676,3,4873,2733,2140,0,0,0,1.0,1,1.0,1,1.0,1,0.17722797908609025,59
3677,0,4873,2733,2140,0,0,0,1.0,1,1.0,1,1.0,1,0.1689244368594388,60
3678,0,4873,2733,2140,0,0,0,1.0,1,1.0,1,1.0,1,0.19013285669146213,62
3679,0,4873,2733,2140,0,0,0,1.0,1,1.0,1,1.0,1,0.19013285669146213,62
3680,0,4873,2733,2140,0,0,0,1.0,1,1.0,1,1.0,1,0.1709143694675472,63
3681,1,4874,2733,2141,0,0,0,1.0,1,1.0,1,1.0,1,0.17239291971098494,64
3682,0,4874,2733,2141,0,0,0,1.0,1,1.0,1,1.0,1,0.17239291971098494,64
3683,0,4874,2733,2141,0,0,0,1.0,1,1.0,1,1.0,1,0.17239291971098494,64
3684,1,4875,2734,2141,0,0,0,1.0,1,1.0,1,1.0,1,0.19141380204479222,64
3685,0,4875,2734,2141,0,0,0,1.0,1,1.0,1,1.0,1,0.19141380204479222,64
3686,1,4876,2735,2141,0,0,0,1.0,1,1.0,1,1.0,1,0.20140351070545845,65
3687,1,4877,2735,2142,0,0,0,1.0,1,1.0,1,1.0,1,0.19528093669575508,65
3688,0,4877,2735,2142,0,0,0,1.0,1,1.0,1,1.0,1,0.20465827697152528,66
3689,0,4877,2735,2142,0,0,0,1.0,1,1.0,1,1.0,1,0.20465827697152528,66
3690,2,4879,2735,2144,0,0,0,1.0,1,1.0,1,1.0,1,0.19616516637951684,67
3691,1,4880,2735,2145,0,0,0,1.0,1,1.0,1,1.0,1,0.17959730955532144,68
3692,0,4880,2735,2145,0,0,0,1.0,1,1.0,1,1.0,1,0.17413265748510148,69
3693,0,4880,2735,2145,0,0,0,1.0,1,1.0,1,1.0,1,0.1715305848332227,69
3694,1,4881,2736,2145,0,0,0,1.0,1,1.0,1,1.0,1,0.18812040822308995,70
3695,0,4881,2736,2145,0,0,0,1.0,1,1.0,1,1.0,1,0.18812040822308995,70
3696,2,4883,2738,2145,0,0,0,1.0,1,1.0,1,1.0,1,0.17350225877707856,71
3697,2,4885,2740,2145,0,0,0,1.0,1,1.0,1,1.0,1,0.19548429400322065,70
3698,0,4885,2740,2145,0,0,0,1.0,1,1.0,1,1.0,1,0.19522711166946902,70
3699,1,4886,2741,2145,0,0,0,1.0,1,1.0,1,1.0,1,0.19142064129149855,70
3700,4,4890,2744,2146,0,0,0,1.0,1,1.0,1,1.0,1,0.2032640197051402,68
3701,2,4892,2745,2147,0,0,0,1.0,1,1.0,1,1.0,1,0.20653755767622953,69
3702,1,4893,2746,2147,0,0,0,1.0,1,1.0,1,1.0,1,0.21097524379295474,69
3703,1,4894,2747,2147,0,0,0,1.0,1,1.0,1,1.0,1,0.24141126320689768,70
3704,2,4896,2749,2147,0,0,0,1.0,1,1.0,1,1.0,1,0.2649328396750262,69
3705,1,4897,2749,2148,0,0,0,1.0,1,1.0,1,1.0,1,0.23383084020077613,69
3706,3,4900,2751,2149,0,0,0,1.0,1,1.0,1,1.0,1,0.23038246896988027,69
3707,0,4900,2751,2149,0,0,0,1.0,1,1.0,1,1.0,1,0.21380320414288548,67
3708,1,4901,2752,2149,0,0,0,1.0,1,1.0,1,1.0,1,0.19859565861823922,67
3709,0,4901,2752,2149,0,0,0,1.0,1,1.0,1,1.0,1,0.19859565861823922,67
3710,2,4903,2754,2149,0,0,0,1.0,1,1.0,1,1.0,1,0.1912811449249392,67
3711,0,4903,2754,2149,0,0,0,1.0,1,1.0,1,1.0,1,0.1921874613343657,68
3712,1,4904,2755,2149,0,0,0,1.0,1,1.0,1,1.0,1,0.19993359760145135,68
3713,3,4907,2756,2151,0,0,0,1.0,1,1.0,1,1.0,1,0.17659677901849974,68
3714,0,4907,2756,2151,0,0,0,1.0,1,1.0,1,1.0,1,0.1932204037411118,67
3715,1,4908,2756,2152,0,0,0,1.0,1,1.0,1,1.0,1,0.18604729940862186,68
3716,3,4911,2756,2155,0,0,0,1.0,1,1.0,1,1.0,1,0.17702452738051752,67
3717,1,4912,2757,2155,0,0,0,1.0,1,1.0,1,1.0,1,0.20884917795719585,68
3718,1,4913,2757,2156,0,0,0,1.0,1,1.0,1,1.0,1,0.21086523384594258,68
3719,2,4915,2758,2157,0,0,0,1.0,1,1.0,1,1.0,1,0.2488961230509411,68
3720,0,4915,2758,2157,0,0,0,1.0,1,1.0,1,1.0,1,0.2488961230509411,68
3721,3,4918,2760,2158,0,0,0,1.0,1,1.0,1,1.0,1,0.20628775922229284,70
3722,0,4918,2760,2158,0,0,0,1.0,1,1.0,1,1.0,1,0.21308402536905388,71
3723,4,4922,2760,2162,0,0,0,1.0,1,1.0,1,1.0,1,0.1867944869631086,71
3724,0,4922,2760,2162,0,0,0,1.0,1,1.0,1,1.0,1,0.18159310077101518,72
3725,5,4927,2762,2165,0,0,0,1.0,1,1.0,1,1.0,1,0.20475926118475796,72
3726,3,4930,2762,2168,0,0,0,1.0,1,1.0,1,1.0,1,0.183871360679284,71
3727,2,4932,2763,2169,0,0,0,1.0,1,1.0,1,1.0,1,0.19783270069235015,71
3728,3,4935,2763,2172,0,0,0,1.0,1,1.0,1,1.0,1,0.18901690172205915,70
3729,0,4935,2763,2172,0,0,0,1.0,1,1.0,1,1.0,1,0.18901690172205915,70
3730,2,4937,2764,2173,0,0,0,1.0,1,1.0,1,1.0,1,0.21268105865471082,71
3731,0,4937,2764,2173,0,0,0,1.0,1,1.0,1,1.0,1,0.21268105865471082,71
3732,1,4938,2764,2174,0,0,0,1.0,1,1.0,1,1.0,1,0.20158322375673035,72
3733,1,4939,2765,2174,0,0,0,1.0,1,1.0,1,1.0,1,0.21608946761089243,73
3734,2,4941,2766,2175,0,0,0,1.0,1,1.0,1,1.0,1,0.2338112205286269,74
3735,2,4943,2767,2176,0,0,0,1.0,1,1.0,1,1.0,1,0.2328751218758705,72
3736,1,4944,2767,2177,0,0,0,1.0,1,1.0,1,1.0,1,0.20269256672922503,72
3737,1,4945,2767,2178,0,0,0,1.0,1,1.0,1,1.0,1,0.19202933870660466,73
3738,0,4945,2767,2178,0,0,0,1.0,1,1.0,1,1.0,1,0.1795520725401275,72
3739,0,4945,2767,2178,0,0,0,1.0,1,1.0,1,1.0,1,0.17379990349219399,73
3740,1,4946,2767,2179,0,0,0,1.0,1,1.0,1,1.0,1,0.1734361042626664,70
3741,0,4946,2767,2179,0,0,0,1.0,1,1.0,1,1.0,1,0.1734361042626664,70
3742,0,4946,2767,2179,0,0,0,1.0,1,1.0,1,1.0,1,0.1734361042626664,70
3743,0,4946,2767,2179,0,0,0,1.0,1,1.0,1,1.0,1,0.20118147015828516,69
3744,5,4951,2769,2182,0,0,0,1.0,1,1.0,1,1.0,1,0.2219830133652214,69
3745,3,4954,2769,2185,0,0,0,1.0,1,1.0,1,1.0,1,0.1979122964044993,68
3746,2,4956,2769,2187,0,0,0,1.0,1,1.0,1,1.0,1,0.20069364551130126,66
3747,2,4958,2769,2189,0,0,0,1.0,1,1.0,1,1.0,1,0.18920975847729607,66
3748,2,4960,2769,2191,0,0,0,1.0,1,1.0,1,1.0,1,0.15717272515850556,65
3749,0,4960,2769,2191,0,0,0,1.0,1,1.0,1,1.0,1,0.16191839386187457,64
3750,0,4960,2769,2191,0,0,0,1.0,1,1.0,1,1.0,1,0.16810415479986537,63
3751,1,4961,2769,2192,0,0,0,1.0,1,1.0,1,1.0,1,0.15272216915724468,64
3752,1,4962,2770,2192,0,0,0,1.0,1,1.0,1,1.0,1,0.1433332201240113,64
3753,2,4964,2770,2194,0,0,0,1.0,1,1.0,1,1.0,1,0.13305649142194695,65
3754,2,4966,2771,2195,0,0,0,1.0,1,1.0,1,1.0,1,0.146664036980063,65
3755,2,4968,2772,2196,0,0,0,1.0,1,1.0,1,1.0,1,0.1719460456476297,65
3756,3,4971,2772,2199,0,0,0,1.0,1,1.0,1,1.0,1,0.1552646019387478,65
3757,4,4975,2774,2201,0,0,0,1.0,1,1.0,1,1.0,1,0.17770273941275655,65
3758,0,4975,2774,2201,0,0,0,1.0,1,1.0,1,1.0,1,0.1859120641477671,64
3759,1,4976,2775,2201,0,0,0,1.0,1,1.0,1,1.0,1,0.20263890579442495,64
3760,0,4976,2775,2201,0,0,0,1.0,1,1.0,1,1.0,1,0.22764571830124594,63
3761,1,4977,2775,2202,0,0,0,1.0,1,1.0,1,1.0,1,0.218140443184411,63
3762,0,4977,2775,2202,0,0,0,1.0,1,1.0,1,1.0,1,0.21870744149881147,65
3763,0,4977,2775,2202,0,0,0,1.0,1,1.0,1,1.0,1,0.21870744149881147,65
3764,4,4981,2776,2205,0,0,0,1.0,1,1.0,1,1.0,1,0.19342385041082896,66
3765,1,4982,2776,2206,0,0,0,1.0,1,1.0,1,1.0,1,0.19721708562804396,67
3766,4,4986,2777,2209,0,0,0,1.0,1,1.0,1,1.0,1,0.1728940845605541,67
3767,0,4986,2777,2209,0,0,0,1.0,1,1.0,1,1.0,1,0.1681321156823745,68
3768,5,4991,2779,2212,0,0,0,1.0,1,1.0,1,1.0,1,0.1905960152681449,67
3769,2,4993,2779,2214,0,0,0,1.0,1,1.0,1,1.0,1,0.15543241861607626,69
3770,0,4993,2779,2214,0,0,0,1.0,1,1.0,1,1.0,1,0.15543241861607626,69
3771,4,4997,2780,2217,0,0,0,1.0,1,1.0,1,1.0,1,0.1663596150876406,69
3772,2,4999,2780,2219,0,0,0,1.0,1,1.0,1,1.0,1,0.15788444340839683,70
3773,4,5003,2781,2222,0,0,0,1.0,1,1.0,1,1.0,1,0.15346472718973375,68
3774,0,5003,2781,2222,0,0,0,1.0,1,1.0,1,1.0,1,0.15287445585870982,68
3775,2,5005,2782,2223,0,0,0,1.0,1,1.0,1,1.0,1,0.1779632384953513,68
3776,3,5008,2782,2226,0,0,0,1.0,1,1.0,1,1.0,1,0.1471282312329527,66
3777,1,5009,2782,2227,0,0,0,1.0,1,1.0,1,1.0,1,0.1308599428179339,65
3778,0,5009,2782,2227,0,0,0,1.0,1,1.0,1,1.0,1,0.11501134424689465,65
3779,1,5010,2783,2227,0,0,0,1.0,1,1.0,1,1.0,1,0.13913299080685945,65
3780,0,5010,2783,2227,0,0,0,1.0,1,1.0,1,1.0,1,0.12687730221813245,64
3781,0,5010,2783,2227,0,0,0,1.0,1,1.0,1,1.0,1,0.12687730221813245,64
3782,0,5010,2783,2227,0,0,0,1.0,1,1.0,1,1.0,1,0.13712828813479688,67
3783,0,5010,2783,2227,0,0,0,1.0,1,1.0,1,1.0,1,0.1327206528019147,65
3784,1,5011,2783,2228,0,0,0,1.0,1,1.0,1,1.0,1,0.12625269069245412,65
3785,2,5013,2785,2228,0,0,0,1.0,1,1.0,1,1.0,1,0.16394135872346882,63
3786,1,5014,2785,2229,0,0,0,1.0,1,1.0,1,1.0,1,0.14896215493646603,66
3787,2,5016,2786,2230,0,0,0,1.0,1,1.0,1,1.0,1,0.17187866677050945,65
3788,1,5017,2786,2231,0,0,0,1.0,1,1.0,1,1.0,1,0.1629516663999993,65
3789,2,5019,2788,2231,0,0,0,1.0,1,1.0,1,1.0,1,0.18302545390844396,65
3790,1,5020,2789,2231,0,0,0,1.0,1,1.0,1,1.0,1,0.21658326444859333,64
3791,2,5022,2790,2232,0,0,0,1.0,1,1.0,1,1.0,1,0.20031714519232338,64
3792,3,5025,2793,2232,0,0,0,1.0,1,1.0,1,1.0,1,0.21277156698209324,65
3793,3,5028,2794,2234,0,0,0,1.0,1,1.0,1,1.0,1,0.20873457656616692,68
3794,2,5030,2795,2235,0,0,0,1.0,1,1.0,1,1.0,1,0.21332740481561221,68
3795,2,5032,2795,2237,0,0,0,1.0,1,1.0,1,1.0,1,0.1918120340028249,69
3796,3,5035,2795,2240,0,0,0,1.0,1,1.0,1,1.0,1,0.1717568479953735,69
3797,3,5038,2795,2243,0,0,0,1.0,1,1.0,1,1.0,1,0.1684894753001354,70
3798,1,5039,2795,2244,0,0,0,1.0,1,1.0,1,1.0,1,0.161259350697799,70
3799,1,5040,2795,2245,0,0,0,1.0,1,1.0,1,1.0,1,0.16305811318308588,69
3800,1,5041,2795,2246,0,0,0,1.0,1,1.0,1,1.0,1,0.15847867378030944,69
3801,3,5044,2795,2249,0,0,0,1.0,1,1.0,1,1.0,1,0.149841717284556,67
3802,2,5046,2795,2251,0,0,0,1.0,1,1.0,1,1.0,1,0.13577952815847832,67
3803,3,5049,2795,2254,0,0,0,1.0,1,1.0,1,1.0,1,0.12017761587992999,69
3804,0,5049,2795,2254,0,0,0,1.0,1,1.0,1,1.0,1,0.12169753822687183,70
3805,0,5049,2795,2254,0,0,0,1.0,1,1.0,1,1.0,1,0.13011898440911038,71
3806,3,5052,2795,2257,0,0,0,1.0,1,1.0,1,1.0,1,0.11231633661680199,71
3807,0,5052,2795,2257,0,0,0,1.0,1,1.0,1,1.0,1,0.11904151220613582,72
3808,0,5052,2795,2257,0,0,0,1.0,1,1.0,1,1.0,1,0.11904151220613582,72
3809,1,5053,2796,2257,0,0,0,1.0,1,1.0,1,1.0,1,0.144941941672652,72
3810,3,5056,2797,2259,0,0,0,1.0,1,1.0,1,1.0,1,0.15150118852442804,72
3811,1,5057,2798,2259,0,0,0,1.0,1,1.0,1,1.0,1,0.1510937362797901,71
3812,1,5058,2798,2260,0,0,0,1.0,1,1.0,1,1.0,1,0.15379846989115206,72
3813,2,5060,2799,2261,0,0,0,1.0,1,1.0,1,1.0,1,0.1588522109197411,71
3814,0,5060,2799,2261,0,0,0,1.0,1,1.0,1,1.0,1,0.16894107610055878,72
3815,0,5060,2799,2261,0,0,0,1.0,1,1.0,1,1.0,1,0.15263628116821143,71
3816,0,5060,2799,2261,0,0,0,1.0,1,1.0,1,1.0,1,0.14969108885458968,69
3817,1,5061,2800,2261,0,0,0,1.0,1,1.0,1,1.0,1,0.17665052617006893,72
3818,1,5062,2801,2261,0,0,0,1.0,1,1.0,1,1.0,1,0.17635218995514557,72
3819,1,5063,2802,2261,0,0,0,1.0,1,1.0,1,1.0,1,0.18525811026125236,72
3820,2,5065,2803,2262,0,0,0,1.0,1,1.0,1,1.0,1,0.1808392566653674,72
3821,1,5066,2804,2262,0,0,0,1.0,1,1.0,1,1.0,1,0.19360023240604513,72
3822,0,5066,2804,2262,0,0,0,1.0,1,1.0,1,1.0,1,0.20497015815006017,69
3823,0,5066,2804,2262,0,0,0,1.0,1,1.0,1,1.0,1,0.20497015815006017,69
3824,3,5069,2804,2265,0,0,0,1.0,1,1.0,1,1.0,1,0.19959673615848517,65
3825,0,5069,2804,2265,0,0,0,1.0,1,1.0,1,1.0,1,0.21027900521551757,64
3826,1,5070,2804,2266,0,0,0,1.0,1,1.0,1,1.0,1,0.19717296441784815,65
3827,1,5071,2804,2267,0,0,0,1.0,1,1.0,1,1.0,1,0.19877575789988516,64
3828,1,5072,2805,2267,0,0,0,1.0,1,1.0,1,1.0,1,0.18919679199402364,65
3829,2,5074,2806,2268,0,0,0,1.0,1,1.0,1,1.0,1,0.19714334712226642,65
3830,0,5074,2806,2268,0,0,0,1.0,1,1.0,1,1.0,1,0.20396025185580263,64
3831,2,5076,2806,2270,0,0,0,1.0,1,1.0,1,1.0,1,0.19481768316314943,63
3832,0,5076,2806,2270,0,0,0,1.0,1,1.0,1,1.0,1,0.20915035144962552,64
3833,1,5077,2807,2270,0,0,0,1.0,1,1.0,1,1.0,1,0.20145573008347367,64
3834,1,5078,2807,2271,0,0,0,1.0,1,1.0,1,1.0,1,0.21318968111581343,63
3835,0,5078,2807,2271,0,0,0,1.0,1,1.0,1,1.0,1,0.2119763231949722,63
3836,3,5081,2809,2272,0,0,0,1.0,1,1.0,1,1.0,1,0.19483146610451763,63
3837,2,5083,2810,2273,0,0,0,1.0,1,1.0,1,1.0,1,0.20534658209635434,62
3838,2,5085,2812,2273,0,0,0,1.0,1,1.0,1,1.0,1,0.2098545268681778,62
3839,2,5087,2813,2274,0,0,0,1.0,1,1.0,1,1.0,1,0.21534192018685822,60
3840,0,5087,2813,2274,0,0,0,1.0,1,1.0,1,1.0,1,0.20761964033891223,62
3841,1,5088,2813,2275,0,0,0,1.0,1,1.0,1,1.0,1,0.1969267284886796,62
3842,2,5090,2813,2277,0,0,0,1.0,1,1.0,1,1.0,1,0.16349888303127993,63
3843,1,5091,2813,2278,0,0,0,1.0,1,1.0,1,1.0,1,0.15070513743529193,64
3844,2,5093,2813,2280,0,0,0,1.0,1,1.0,1,1.0,1,0.12840016430928672,65
3845,1,5094,2813,2281,0,0,0,1.0,1,1.0,1,1.0,1,0.12087425890124726,66
3846,5,5099,2813,2286,0,0,0,1.0,1,1.0,1,1.0,1,0.06676364889248435,67
3847,0,5099,2813,2286,0,0,0,1.0,1,1.0,1,1.0,1,0.06676364889248435,67
3848,1,5100,2814,2286,0,0,0,1.0,1,1.0,1,1.0,1,0.06273122016059322,67
3849,1,5101,2815,2286,0,0,0,1.0,1,1.0,1,1.0,1,0.06098150574878397,67
3850,2,5103,2817,2286,0,0,0,1.0,1,1.0,1,1.0,1,0.08379046900862676,68
3851,4,5107,2819,2288,0,0,0,1.0,1,1.0,1,1.0,1,0.07087472230836322,68
3852,1,5108,2819,2289,0,0,0,1.0,1,1.0,1,1.0,1,0.07344450294044834,70
3853,2,5110,2821,2289,0,0,0,1.0,1,1.0,1,1.0,1,0.1153495887500084,70
3854,3,5113,2823,2290,0,0,0,1.0,1,1.0,1,1.0,1,0.1236364718214888,70
3855,1,5114,2824,2290,0,0,0,1.0,1,1.0,1,1.0,1,0.13574599997447231,69
3856,4,5118,2825,2293,0,0,0,1.0,1,1.0,1,1.0,1,0.13742218950477897,70
3857,3,5121,2827,2294,0,0,0,1.0,1,1.0,1,1.0,1,0.1560036127884486,68
3858,0,5121,2827,2294,0,0,0,1.0,1,1.0,1,1.0,1,0.14780555439806414,67
3859,1,5122,2827,2295,0,0,0,1.0,1,1.0,1,1.0,1,0.13638751893217352,66
3860,0,5122,2827,2295,0,0,0,1.0,1,1.0,1,1.0,1,0.1451011757357525,66
3861,0,5122,2827,2295,0,0,0,1.0,1,1.0,1,1.0,1,0.14636363552906229,66
3862,0,5122,2827,2295,0,0,0,1.0,1,1.0,1,1.0,1,0.14636363552906229,66
3863,0,5122,2827,2295,0,0,0,1.0,1,1.0,1,1.0,1,0.13518573274449047,63
3864,1,5123,2828,2295,0,0,0,1.0,1,1.0,1,1.0,1,0.14688508134090544,63
3865,0,5123,2828,2295,0,0,0,1.0,1,1.0,1,1.0,1,0.1517046646664043,61
3866,2,5125,2828,2297,0,0,0,1.0,1,1.0,1,1.0,1,0.12097756243402524,61
3867,0,5125,2828,2297,0,0,0,1.0,1,1.0,1,1.0,1,0.12798650002701173,60
3868,2,5127,2830,2297,0,0,0,1.0,1,1.0,1,1.0,1,0.17762687439246824,59
3869,0,5127,2830,2297,0,0,0,1.0,1,1.0,1,1.0,1,0.1741537189007133,61
3870,0,5127,2830,2297,0,0,0,1.0,1,1.0,1,1.0,1,0.18311667687083835,61
3871,3,5130,2831,2299,0,0,0,1.0,1,1.0,1,1.0,1,0.16666361098260052,64
3872,1,5131,2831,2300,0,0,0,1.0,1,1.0,1,1.0,1,0.16402315754322785,63
3873,1,5132,2831,2301,0,0,0,1.0,1,1.0,1,1.0,1,0.16426482854824784,62
3874,0,5132,2831,2301,0,0,0,1.0,1,1.0,1,1.0,1,0.15891747336985787,63
3875,0,5132,2831,2301,0,0,0,1.0,1,1.0,1,1.0,1,0.15638622178941983,61
3876,0,5132,2831,2301,0,0,0,1.0,1,1.0,1,1.0,1,0.14875419284808064,62
3877,3,5135,2833,2302,0,0,0,1.0,1,1.0,1,1.0,1,0.1613246471608449,63
3878,0,5135,2833,2302,0,0,0,1.0,1,1.0,1,1.0,1,0.1613246471608449,63
3879,1,5136,2834,2302,0,0,0,1.0,1,1.0,1,1.0,1,0.16711809901512517,63
3880,0,5136,2834,2302,0,0,0,1.0,1,1.0,1,1.0,1,0.15671108857473176,65
3881,1,5137,2835,2302,0,0,0,1.0,1,1.0,1,1.0,1,0.17514897986647385,65
3882,2,5139,2837,2302,0,0,0,1.0,1,1.0,1,1.0,1,0.17698773570133447,66
3883,2,5141,2838,2303,0,0,0,1.0,1,1.0,1,1.0,1,0.1814224661283255,66
3884,2,5143,2839,2304,0,0,0,1.0,1,1.0,1,1.0,1,0.20346784559141642,66
3885,2,5145,2840,2305,0,0,0,1.0,1,1.0,1,1.0,1,0.21298698956618245,66
3886,2,5147,2841,2306,0,0,0,1.0,1,1.0,1,1.0,1,0.21439381520802597,65
3887,1,5148,2841,2307,0,0,0,1.0,1,1.0,1,1.0,1,0.19494902911108494,65
3888,0,5148,2841,2307,0,0,0,1.0,1,1.0,1,1.0,1,0.20640100768720662,66
3889,1,5149,2842,2307,0,0,0,1.0,1,1.0,1,1.0,1,0.20688019759122103,64
3890,3,5152,2844,2308,0,0,0,1.0,1,1.0,1,1.0,1,0.2035143202623901,63
3891,3,5155,2844,2311,0,0,0,1.0,1,1.0,1,1.0,1,0.1590854603770396,66
3892,2,5157,2844,2313,0,0,0,1.0,1,1.0,1,1.0,1,0.1245681938165907,67
3893,0,5157,2844,2313,0,0,0,1.0,1,1.0,1,1.0,1,0.12306200922452502,66
3894,3,5160,2846,2314,0,0,0,1.0,1,1.0,1,1.0,1,0.13684465136948076,67
3895,2,5162,2846,2316,0,0,0,1.0,1,1.0,1,1.0,1,0.1233408166155579,66
3896,1,5163,2847,2316,0,0,0,1.0,1,1.0,1,1.0,1,0.1326451043469793,66
3897,3,5166,2847,2319,0,0,0,1.0,1,1.0,1,1.0,1,0.10614338296063307,65
3898,2,5168,2849,2319,0,0,0,1.0,1,1.0,1,1.0,1,0.17476469035220807,65
3899,3,5171,2851,2320,0,0,0,1.0,1,1.0,1,1.0,1,0.19199990324142444,64
3900,2,5173,2852,2321,0,0,0,1.0,1,1.0,1,1.0,1,0.21788160230353368,63
3901,4,5177,2854,2323,0,0,0,1.0,1,1.0,1,1.0,1,0.2104010323495298,63
3902,1,5178,2854,2324,0,0,0,1.0,1,1.0,1,1.0,1,0.21168611857177222,64
3903,2,5180,2854,2326,0,0,0,1.0,1,1.0,1,1.0,1,0.18181832027641476,64
3904,0,5180,2854,2326,0,0,0,1.0,1,1.0,1,1.0,1,0.1878862922768299,63
3905,1,5181,2854,2327,0,0,0,1.0,1,1.0,1,1.0,1,0.17110270185182977,63
3906,1,5182,2855,2327,0,0,0,1.0,1,1.0,1,1.0,1,0.14888813095966705,64
3907,2,5184,2855,2329,0,0,0,1.0,1,1.0,1,1.0,1,0.15209459335146772,64
3908,1,5185,2856,2329,0,0,0,1.0,1,1.0,1,1.0,1,0.16433348740592194,63
3909,1,5186,2856,2330,0,0,0,1.0,1,1.0,1,1.0,1,0.17628810936600858,62
3910,0,5186,2856,2330,0,0,0,1.0,1,1.0,1,1.0,1,0.1886918523221819,62
3911,3,5189,2857,2332,0,0,0,1.0,1,1.0,1,1.0,1,0.17870079027649208,64
3912,1,5190,2858,2332,0,0,0,1.0,1,1.0,1,1.0,1,0.20526698010324707,64
3913,1,5191,2858,2333,0,0,0,1.0,1,1.0,1,1.0,1,0.20912731737483595,65
3914,1,5192,2858,2334,0,0,0,1.0,1,1.0,1,1.0,1,0.2071135121289789,65
3915,1,5193,2859,2334,0,0,0,1.0,1,1.0,1,1.0,1,0.19031654307611157,66
3916,2,5195,2861,2334,0,0,0,1.0,1,1.0,1,1.0,1,0.21032255466650138,66
3917,1,5196,2861,2335,0,0,0,1.0,1,1.0,1,1.0,1,0.20341394991164433,66
3918,3,5199,2862,2337,0,0,0,1.0,1,1.0,1,1.0,1,0.1891806757123784,67
3919,0,5199,2862,2337,0,0,0,1.0,1,1.0,1,1.0,1,0.1836482252279612,68
3920,1,5200,2863,2337,0,0,0,1.0,1,1.0,1,1.0,1,0.16824014466638187,69
3921,1,5201,2863,2338,0,0,0,1.0,1,1.0,1,1.0,1,0.17239429562073197,68
3922,3,5204,2865,2339,0,0,0,1.0,1,1.0,1,1.0,1,0.1972942926276315,68
3923,1,5205,2865,2340,0,0,0,1.0,1,1.0,1,1.0,1,0.19959433612292676,69
3924,3,5208,2866,2342,0,0,0,1.0,1,1.0,1,1.0,1,0.1808417244374267,69
3925,3,5211,2868,2343,0,0,0,1.0,1,1.0,1,1.0,1,0.2043509919418519,67
3926,2,5213,2868,2345,0,0,0,1.0,1,1.0,1,1.0,1,0.19817360082023702,67
3927,2,5215,2868,2347,0,0,0,1.0,1,1.0,1,1.0,1,0.1927538651160946,65
3928,1,5216,2868,2348,0,0,0,1.0,1,1.0,1,1.0,1,0.1868652634058156,65
3929,2,5218,2869,2349,0,0,0,1.0,1,1.0,1,1.0,1,0.18388089474546943,64
3930,0,5218,2869,2349,0,0,0,1.0,1,1.0,1,1.0,1,0.17825760030441176,64
3931,0,5218,2869,2349,0,0,0,1.0,1,1.0,1,1.0,1,0.16558818043419707,62
3932,0,5218,2869,2349,0,0,0,1.0,1,1.0,1,1.0,1,0.16558818043419707,62
3933,1,5219,2870,2349,0,0,0,1.0,1,1.0,1,1.0,1,0.15494151040589263,62
3934,2,5221,2871,2350,0,0,0,1.0,1,1.0,1,1.0,1,0.12988534375643357,61
3935,0,5221,2871,2350,0,0,0,1.0,1,1.0,1,1.0,1,0.13527581727550858,64
3936,0,5221,2871,2350,0,0,0,1.0,1,1.0,1,1.0,1,0.14286621125857935,65
3937,1,5222,2871,2351,0,0,0,1.0,1,1.0,1,1.0,1,0.11918823814877422,66
3938,0,5222,2871,2351,0,0,0,1.0,1,1.0,1,1.0,1,0.11918823814877422,66
3939,0,5222,2871,2351,0,0,0,1.0,1,1.0,1,1.0,1,0.1301631281547459,67
3940,1,5223,2871,2352,0,0,0,1.0,1,1.0,1,1.0,1,0.10946697416550094,69
3941,0,5223,2871,2352,0,0,0,1.0,1,1.0,1,1.0,1,0.10946697416550094,69
3942,1,5224,2872,2352,0,0,0,1.0,1,1.0,1,1.0,1,0.1278431796461454,69
3943,1,5225,2873,2352,0,0,0,1.0,1,1.0,1,1.0,1,0.15843980869054336,68
3944,2,5227,2873,2354,0,0,0,1.0,1,1.0,1,1.0,1,0.15663332387568746,68
3945,4,5231,2876,2355,0,0,0,1.0,1,1.0,1,1.0,1,0.15713580655558687,67
3946,4,5235,2878,2357,0,0,0,1.0,1,1.0,1,1.0,1,0.1781766222098323,67
3947,2,5237,2879,2358,0,0,0,1.0,1,1.0,1,1.0,1,0.17175907286435665,66
3948,3,5240,2881,2359,0,0,0,1.0,1,1.0,1,1.0,1,0.15007335830481555,67
3949,5,5245,2885,2360,0,0,0,1.0,1,1.0,1,1.0,1,0.23879989625550274,66
3950,0,5245,2885,2360,0,0,0,1.0,1,1.0,1,1.0,1,0.24768376928703378,65
3951,3,5248,2885,2363,0,0,0,1.0,1,1.0,1,1.0,1,0.21895736156543621,65
3952,3,5251,2886,2365,0,0,0,1.0,1,1.0,1,1.0,1,0.19804266424016603,65
3953,1,5252,2886,2366,0,0,0,1.0,1,1.0,1,1.0,1,0.20145175061334233,65
3954,1,5253,2886,2367,0,0,0,1.0,1,1.0,1,1.0,1,0.20115910048452762,64
3955,1,5254,2886,2368,0,0,0,1.0,1,1.0,1,1.0,1,0.21071155457955912,64
3956,2,5256,2886,2370,0,0,0,1.0,1,1.0,1,1.0,1,0.19051842454765425,63
3957,1,5257,2886,2371,0,0,0,1.0,1,1.0,1,1.0,1,0.1839447374347815,63
3958,0,5257,2886,2371,0,0,0,1.0,1,1.0,1,1.0,1,0.19104346041354708,63
3959,0,5257,2886,2371,0,0,0,1.0,1,1.0,1,1.0,1,0.19021906830782842,62
3960,0,5257,2886,2371,0,0,0,1.0,1,1.0,1,1.0,1,0.19021906830782842,62
3961,3,5260,2888,2372,0,0,0,1.0,1,1.0,1,1.0,1,0.18914236723453573,64
3962,0,5260,2888,2372,0,0,0,1.0,1,1.0,1,1.0,1,0.18914236723453573,64
3963,4,5264,2891,2373,0,0,0,1.0,1,1.0,1,1.0,1,0.2050709560822063,62
3964,1,5265,2891,2374,0,0,0,1.0,1,1.0,1,1.0,1,0.18556206547209855,63
3965,2,5267,2891,2376,0,0,0,1.0,1,1.0,1,1.0,1,0.15173475450093657,63
3966,2,5269,2891,2378,0,0,0,1.0,1,1.0,1,1.0,1,0.12469616108238864,62
3967,2,5271,2891,2380,0,0,0,1.0,1,1.0,1,1.0,1,0.10916411149108451,64
3968,0,5271,2891,2380,0,0,0,1.0,1,1.0,1,1.0,1,0.10101917118038711,63
3969,0,5271,2891,2380,0,0,0,1.0,1,1.0,1,1.0,1,0.10189215778304572,63
3970,1,5272,2891,2381,0,0,0,1.0,1,1.0,1,1.0,1,0.09314175405729842,65
3971,1,5273,2891,2382,0,0,0,1.0,1,1.0,1,1.0,1,0.08567186480567966,65
3972,3,5276,2893,2383,0,0,0,1.0,1,1.0,1,1.0,1,0.12961558885384947,66
3973,2,5278,2893,2385,0,0,0,1.0,1,1.0,1,1.0,1,0.11292902195486346,66
3974,1,5279,2894,2385,0,0,0,1.0,1,1.0,1,1.0,1,0.1336638136628255,66
3975,3,5282,2897,2385,0,0,0,1.0,1,1.0,1,1.0,1,0.13848481643553026,66
3976,3,5285,2898,2387,0,0,0,1.0,1,1.0,1,1.0,1,0.13916281057553154,66
3977,3,5288,2900,2388,0,0,0,1.0,1,1.0,1,1.0,1,0.1257018880245485,64
3978,3,5291,2903,2388,0,0,0,1.0,1,1.0,1,1.0,1,0.16326548389491102,63
3979,2,5293,2903,2390,0,0,0,1.0,1,1.0,1,1.0,1,0.16118479149034043,63
3980,1,5294,2903,2391,0,0,0,1.0,1,1.0,1,1.0,1,0.15368106909628204,63
3981,3,5297,2903,2394,0,0,0,1.0,1,1.0,1,1.0,1,0.12678251158615422,64
3982,0,5297,2903,2394,0,0,0,1.0,1,1.0,1,1.0,1,0.1231892795598369,65
3983,0,5297,2903,2394,0,0,0,1.0,1,1.0,1,1.0,1,0.1272909470631266,64
3984,1,5298,2903,2395,0,0,0,1.0,1,1.0,1,1.0,1,0.126172679678905,65
3985,1,5299,2904,2395,0,0,0,1.0,1,1.0,1,1.0,1,0.145437021292318,64
3986,2,5301,2904,2397,0,0,0,1.0,1,1.0,1,1.0,1,0.12778661462691954,63
3987,0,5301,2904,2397,0,0,0,1.0,1,1.0,1,1.0,1,0.14316823824349803,63
3988,0,5301,2904,2397,0,0,0,1.0,1,1.0,1,1.0,1,0.14117975241432343,63
3989,0,5301,2904,2397,0,0,0,1.0,1,1.0,1,1.0,1,0.15750260417593923,63
3990,1,5302,2905,2397,0,0,0,1.0,1,1.0,1,1.0,1,0.18730697180734474,62
3991,1,5303,2905,2398,0,0,0,1.0,1,1.0,1,1.0,1,0.17483355069663417,62
3992,0,5303,2905,2398,0,0,0,1.0,1,1.0,1,1.0,1,0.16576820160755412,65
3993,0,5303,2905,2398,0,0,0,1.0,1,1.0,1,1.0,1,0.16576820160755412,65
3994,1,5304,2905,2399,0,0,0,1.0,1,1.0,1,1.0,1,0.1525562967965456,64
3995,0,5304,2905,2399,0,0,0,1.0,1,1.0,1,1.0,1,0.1525562967965456,64
3996,2,5306,2905,2401,0,0,0,1.0,1,1.0,1,1.0,1,0.1266779357927097,67
3997,2,5308,2906,2402,0,0,0,1.0,1,1.0,1,1.0,1,0.12314806660975838,69
3998,2,5310,2907,2403,0,0,0,1.0,1,1.0,1,1.0,1,0.12914804985025197,69
3999,2,5312,2909,2403,0,0,0,1.0,1,1.0,1,1.0,1,0.1332150266720942,69
4000,0,5312,2909,2403,0,0,0,1.0,1,1.0,1,1.0,1,0.11362649386245105,69
4001,0,5312,2909,2403,0,0,0,1.0,1,1.0,1,1.0,1,0.10493436563175368,68
4002,1,5313,2910,2403,0,0,0,1.0,1,1.0,1,1.0,1,0.08948006972176234,68
4003,3,5316,2912,2404,0,0,0,1.0,1,1.0,1,1.0,1,0.11621683859664775,68
4004,5,5321,2915,2406,0,0,0,1.0,1,1.0,1,1.0,1,0.09469535319232625,67
4005,1,5322,2916,2406,0,0,0,1.0,1,1.0,1,1.0,1,0.10526176920606269,67
4006,4,5326,2918,2408,0,0,0,1.0,1,1.0,1,1.0,1,0.10470117421268033,67
4007,2,5328,2919,2409,0,0,0,1.0,1,1.0,1,1.0,1,0.11637988369555223,67
4008,4,5332,2921,2411,0,0,0,1.0,1,1.0,1,1.0,1,0.11050634266839003,67
4009,1,5333,2922,2411,0,0,0,1.0,1,1.0,1,1.0,1,0.13520088078037812,67
4010,1,5334,2923,2411,0,0,0,1.0,1,1.0,1,1.0,1,0.1421027215886172,66
4011,5,5339,2924,2415,0,0,0,1.0,1,1.0,1,1.0,1,0.10527778348844438,66
4012,2,5341,2926,2415,0,0,0,1.0,1,1.0,1,1.0,1,0.11792355386481783,66
4013,1,5342,2926,2416,0,0,0,1.0,1,1.0,1,1.0,1,0.09043806271204062,66
4014,1,5343,2927,2416,0,0,0,1.0,1,1.0,1,1.0,1,0.09577987850170928,66
4015,0,5343,2927,2416,0,0,0,1.0,1,1.0,1,1.0,1,0.11727151141887926,64
4016,3,5346,2928,2418,0,0,0,1.0,1,1.0,1,1.0,1,0.14126448701901756,64
4017,2,5348,2930,2418,0,0,0,1.0,1,1.0,1,1.0,1,0.1670726072785996,66
4018,2,5350,2930,2420,0,0,0,1.0,1,1.0,1,1.0,1,0.17808190659551704,67
4019,3,5353,2931,2422,0,0,0,1.0,1,1.0,1,1.0,1,0.18572077778207435,67
4020,3,5356,2931,2425,0,0,0,1.0,1,1.0,1,1.0,1,0.21136759081558995,66
4021,1,5357,2932,2425,0,0,0,1.0,1,1.0,1,1.0,1,0.21674208268380013,66
4022,0,5357,2932,2425,0,0,0,1.0,1,1.0,1,1.0,1,0.21674208268380013,66
4023,1,5358,2933,2425,0,0,0,1.0,1,1.0,1,1.0,1,0.20770243405580646,66
4024,2,5360,2934,2426,0,0,0,1.0,1,1.0,1,1.0,1,0.20589230668846692,66
4025,1,5361,2934,2427,0,0,0,1.0,1,1.0,1,1.0,1,0.178812307207802,66
4026,2,5363,2934,2429,0,0,0,1.0,1,1.0,1,1.0,1,0.16435685754635562,66
4027,1,5364,2935,2429,0,0,0,1.0,1,1.0,1,1.0,1,0.17990702294258457,64
4028,3,5367,2937,2430,0,0,0,1.0,1,1.0,1,1.0,1,0.20330438033817494,63
4029,0,5367,2937,2430,0,0,0,1.0,1,1.0,1,1.0,1,0.2189024586061464,62
4030,1,5368,2937,2431,0,0,0,1.0,1,1.0,1,1.0,1,0.18823874589107428,63
4031,2,5370,2937,2433,0,0,0,1.0,1,1.0,1,1.0,1,0.1619933039743254,62
4032,1,5371,2938,2433,0,0,0,1.0,1,1.0,1,1.0,1,0.17975309695180544,62
4033,0,5371,2938,2433,0,0,0,1.0,1,1.0,1,1.0,1,0.1919136192862349,61
4034,4,5375,2940,2435,0,0,0,1.0,1,1.0,1,1.0,1,0.20281701323545895,60
4035,0,5375,2940,2435,0,0,0,1.0,1,1.0,1,1.0,1,0.21659146120812922,59
4036,4,5379,2942,2437,0,0,0,1.0,1,1.0,1,1.0,1,0.21630822917658374,58
4037,4,5383,2944,2439,0,0,0,1.0,1,1.0,1,1.0,1,0.20741773792174625,59
4038,1,5384,2944,2440,0,0,0,1.0,1,1.0,1,1.0,1,0.18852514949168755,58
4039,0,5384,2944,2440,0,0,0,1.0,1,1.0,1,1.0,1,0.21654236816991657,56
4040,0,5384,2944,2440,0,0,0,1.0,1,1.0,1,1.0,1,0.22592029766906024,55
4041,4,5388,2946,2442,0,0,0,1.0,1,1.0,1,1.0,1,0.24699255912032672,54
4042,1,5389,2947,2442,0,0,0,1.0,1,1.0,1,1.0,1,0.2558855737118287,56
4043,1,5390,2948,2442,0,0,0,1.0,1,1.0,1,1.0,1,0.2812875342482961,56
4044,3,5393,2949,2444,0,0,0,1.0,1,1.0,1,1.0,1,0.2905430429402254,56
4045,6,5399,2951,2448,0,0,0,1.0,1,1.0,1,1.0,1,0.31491634755539893,57
4046,1,5400,2951,2449,0,0,0,1.0,1,1.0,1,1.0,1,0.3154715920030648,59
4047,2,5402,2953,2449,0,0,0,1.0,1,1.0,1,1.0,1,0.348095077466039,59
4048,0,5402,2953,2449,0,0,0,1.0,1,1.0,1,1.0,1,0.348095077466039,59
4049,0,5402,2953,2449,0,0,0,1.0,1,1.0,1,1.0,1,0.3321539047293584,60
4050,1,5403,2953,2450,0,0,0,1.0,1,1.0,1,1.0,1,0.31039550367221597,60
4051,1,5404,2954,2450,0,0,0,1.0,1,1.0,1,1.0,1,0.319339148949102,60
4052,0,5404,2954,2450,0,0,0,1.0,1,1.0,1,1.0,1,0.319339148949102,60
4053,0,5404,2954,2450,0,0,0,1.0,1,1.0,1,1.0,1,0.319339148949102,60
4054,1,5405,2955,2450,0,0,0,1.0,1,1.0,1,1.0,1,0.31720865690922323,61
4055,0,5405,2955,2450,0,0,0,1.0,1,1.0,1,1.0,1,0.31720865690922323,61
4056,0,5405,2955,2450,0,0,0,1.0,1,1.0,1,1.0,1,0.3190169330894117,62
4057,0,5405,2955,2450,0,0,0,1.0,1,1.0,1,1.0,1,0.3212776225839203,63
4058,0,5405,2955,2450,0,0,0,1.0,1,1.0,1,1.0,1,0.3374324217922462,64
4059,0,5405,2955,2450,0,0,0,1.0,1,1.0,1,1.0,1,0.35474424335610166,63
4060,0,5405,2955,2450,0,0,0,1.0,1,1.0,1,1.0,1,0.35474424335610166,63
4061,0,5405,2955,2450,0,0,0,1.0,1,1.0,1,1.0,1,0.3603295540650507,63
4062,1,5406,2956,2450,0,0,0,1.0,1,1.0,1,1.0,1,0.35445302068650086,65
4063,1,5407,2956,2451,0,0,0,1.0,1,1.0,1,1.0,1,0.3124234281168238,64
4064,1,5408,2956,2452,0,0,0,1.0,1,1.0,1,1.0,1,0.30196270800963987,65
4065,3,5411,2957,2454,0,0,0,1.0,1,1.0,1,1.0,1,0.2646050055860864,64
4066,2,5413,2957,2456,0,0,0,1.0,1,1.0,1,1.0,1,0.24528920282883304,64
4067,3,5416,2958,2458,0,0,0,1.0,1,1.0,1,1.0,1,0.22068814067112855,63
4068,2,5418,2959,2459,0,0,0,1.0,1,1.0,1,1.0,1,0.202237942120413,64
4069,5,5423,2962,2461,0,0,0,1.0,1,1.0,1,1.0,1,0.25128422612953194,62
4070,2,5425,2964,2461,0,0,0,1.0,1,1.0,1,1.0,1,0.23612882993751683,61
4071,10,5435,2967,2468,0,0,0,1.0,1,1.0,1,1.0,1,0.2472625757775086,61
4072,4,5439,2968,2471,0,0,0,1.0,1,1.0,1,1.0,1,0.24646169138511378,60
4073,2,5441,2968,2473,0,0,0,1.0,1,1.0,1,1.0,1,0.22625446967412946,60
4074,4,5445,2970,2475,0,0,0,1.0,1,1.0,1,1.0,1,0.25548029978204073,60
4075,0,5445,2970,2475,0,0,0,1.0,1,1.0,1,1.0,1,0.2366946763602816,59
4076,4,5449,2970,2479,0,0,0,1.0,1,1.0,1,1.0,1,0.2013210500296126,60
4077,1,5450,2970,2480,0,0,0,1.0,1,1.0,1,1.0,1,0.20370180587937592,61
4078,1,5451,2970,2481,0,0,0,1.0,1,1.0,1,1.0,1,0.21273342161384015,60
4079,0,5451,2970,2481,0,0,0,1.0,1,1.0,1,1.0,1,0.2293897303970379,58
4080,1,5452,2971,2481,0,0,0,1.0,1,1.0,1,1.0,1,0.23542183021445842,56
4081,2,5454,2972,2482,0,0,0,1.0,1,1.0,1,1.0,1,0.22096021013399447,56
4082,2,5456,2972,2484,0,0,0,1.0,1,1.0,1,1.0,1,0.22173656388802065,55
4083,0,5456,2972,2484,0,0,0,1.0,1,1.0,1,1.0,1,0.22173656388802065,55
4084,3,5459,2973,2486,0,0,0,1.0,1,1.0,1,1.0,1,0.20789214463487699,55
4085,2,5461,2974,2487,0,0,0,1.0,1,1.0,1,1.0,1,0.21241371667037823,56
4086,2,5463,2975,2488,0,0,0,1.0,1,1.0,1,1.0,1,0.2148274337377335,57
4087,3,5466,2977,2489,0,0,0,1.0,1,1.0,1,1.0,1,0.2244470216863495,57
4088,1,5467,2977,2490,0,0,0,1.0,1,1.0,1,1.0,1,0.21969952766554712,57
4089,0,5467,2977,2490,0,0,0,1.0,1,1.0,1,1.0,1,0.24080167276470954,56
4090,1,5468,2978,2490,0,0,0,1.0,1,1.0,1,1.0,1,0.26945691701252955,56
4091,3,5471,2978,2493,0,0,0,1.0,1,1.0,1,1.0,1,0.25196516114047657,56
4092,1,5472,2978,2494,0,0,0,1.0,1,1.0,1,1.0,1,0.23989573535639908,57
4093,4,5476,2978,2498,0,0,0,1.0,1,1.0,1,1.0,1,0.20689208089821753,58
4094,1,5477,2978,2499,0,0,0,1.0,1,1.0,1,1.0,1,0.18463032500934223,57
4095,3,5480,2978,2502,0,0,0,1.0,1,1.0,1,1.0,1,0.17679252373103083,57
4096,5,5485,2978,2507,0,0,0,1.0,1,1.0,1,1.0,1,0.14485625259702303,59
4097,1,5486,2978,2508,0,0,0,1.0,1,1.0,1,1.0,1,0.13510311935454228,59
4098,0,5486,2978,2508,0,0,0,1.0,1,1.0,1,1.0,1,0.13510311935454228,59
4099,2,5488,2980,2508,0,0,0,1.0,1,1.0,1,1.0,1,0.12102996290449378,60
4100,1,5489,2980,2509,0,0,0,1.0,1,1.0,1,1.0,1,0.09811288209533944,60
4101,2,5491,2981,2510,0,0,0,1.0,1,1.0,1,1.0,1,0.10929062784842399,60
4102,3,5494,2984,2510,0,0,0,1.0,1,1.0,1,1.0,1,0.16741393816946898,60
4103,2,5496,2985,2511,0,0,0,1.0,1,1.0,1,1.0,1,0.19893511621777724,58
4104,3,5499,2986,2513,0,0,0,1.0,1,1.0,1,1.0,1,0.16454983920655467,60
4105,0,5499,2986,2513,0,0,0,1.0,1,1.0,1,1.0,1,0.170503196042828,59
4106,4,5503,2987,2516,0,0,0,1.0,1,1.0,1,1.0,1,0.14843342451793623,61
4107,0,5503,2987,2516,0,0,0,1.0,1,1.0,1,1.0,1,0.15122221624468835,59
4108,1,5504,2988,2516,0,0,0,1.0,1,1.0,1,1.0,1,0.1456088530634565,60
4109,1,5505,2988,2517,0,0,0,1.0,1,1.0,1,1.0,1,0.13354754273035363,59
4110,1,5506,2989,2517,0,0,0,1.0,1,1.0,1,1.0,1,0.12785450208815616,60
4111,0,5506,2989,2517,0,0,0,1.0,1,1.0,1,1.0,1,0.14838713199921394,61
4112,1,5507,2990,2517,0,0,0,1.0,1,1.0,1,1.0,1,0.159748062253719,60
4113,3,5510,2990,2520,0,0,0,1.0,1,1.0,1,1.0,1,0.09534492460046352,61
4114,0,5510,2990,2520,0,0,0,1.0,1,1.0,1,1.0,1,0.0833554065948589,62
4115,2,5512,2990,2522,0,0,0,1.0,1,1.0,1,1.0,1,0.1013755518716109,60
4116,0,5512,2990,2522,0,0,0,1.0,1,1.0,1,1.0,1,0.09865308560802181,59
4117,3,5515,2992,2523,0,0,0,1.0,1,1.0,1,1.0,1,0.10092099282832308,56
4118,0,5515,2992,2523,0,0,0,1.0,1,1.0,1,1.0,1,0.12040641063014008,55
4119,1,5516,2993,2523,0,0,0,1.0,1,1.0,1,1.0,1,0.14865281594191265,53
4120,3,5519,2995,2524,0,0,0,1.0,1,1.0,1,1.0,1,0.1294379248290548,52
4121,6,5525,3001,2524,0,0,0,1.0,1,1.0,1,1.0,1,0.10425348472076816,53
4122,1,5526,3002,2524,0,0,0,1.0,1,1.0,1,1.0,1,0.13804300595965022,52
4123,4,5530,3005,2525,0,0,0,1.0,1,1.0,1,1.0,1,0.15224496379756905,51
4124,1,5531,3005,2526,0,0,0,1.0,1,1.0,1,1.0,1,0.14137153874208014,51
4125,1,5532,3006,2526,0,0,0,1.0,1,1.0,1,1.0,1,0.14973068675762277,50
4126,3,5535,3007,2528,0,0,0,1.0,1,1.0,1,1.0,1,0.1580002729412148,50
4127,1,5536,3008,2528,0,0,0,1.0,1,1.0,1,1.0,1,0.16531128042669369,49
4128,0,5536,3008,2528,0,0,0,1.0,1,1.0,1,1.0,1,0.16531128042669369,49
4129,0,5536,3008,2528,0,0,0,1.0,1,1.0,1,1.0,1,0.16531128042669369,49
4130,1,5537,3009,2528,0,0,0,1.0,1,1.0,1,1.0,1,0.14383859521034345,50
4131,2,5539,3011,2528,0,0,0,1.0,1,1.0,1,1.0,1,0.1810654783915144,50
4132,1,5540,3011,2529,0,0,0,1.0,1,1.0,1,1.0,1,0.15370749337773515,50
4133,2,5542,3013,2529,0,0,0,1.0,1,1.0,1,1.0,1,0.1404124167698323,51
4134,2,5544,3015,2529,0,0,0,1.0,1,1.0,1,1.0,1,0.14458982529300993,53
4135,1,5545,3016,2529,0,0,0,1.0,1,1.0,1,1.0,1,0.15526163122493805,54
4136,0,5545,3016,2529,0,0,0,1.0,1,1.0,1,1.0,1,0.15526163122493805,54
4137,1,5546,3017,2529,0,0,0,1.0,1,1.0,1,1.0,1,0.13114445426426746,55
4138,1,5547,3018,2529,0,0,0,1.0,1,1.0,1,1.0,1,0.14941517406587734,54
4139,1,5548,3019,2529,0,0,0,1.0,1,1.0,1,1.0,1,0.16105469373055542,54
4140,0,5548,3019,2529,0,0,0,1.0,1,1.0,1,1.0,1,0.14403232184089795,55
4141,0,5548,3019,2529,0,0,0,1.0,1,1.0,1,1.0,1,0.1521826566629522,55
4142,0,5548,3019,2529,0,0,0,1.0,1,1.0,1,1.0,1,0.1521826566629522,55
4143,2,5550,3019,2531,0,0,0,1.0,1,1.0,1,1.0,1,0.12645644072289328,53
4144,0,5550,3019,2531,0,0,0,1.0,1,1.0,1,1.0,1,0.1458406820652341,52
4145,2,5552,3019,2533,0,0,0,1.0,1,1.0,1,1.0,1,0.12594976448705866,51
4146,4,5556,3022,2534,0,0,0,1.0,1,1.0,1,1.0,1,0.14239298930164465,51
4147,2,5558,3023,2535,0,0,0,1.0,1,1.0,1,1.0,1,0.139459291382747,50
4148,2,5560,3025,2535,0,0,0,1.0,1,1.0,1,1.0,1,0.1754288959761611,52
4149,0,5560,3025,2535,0,0,0,1.0,1,1.0,1,1.0,1,0.15542069688766727,53
4150,2,5562,3027,2535,0,0,0,1.0,1,1.0,1,1.0,1,0.17516333444976306,53
4151,1,5563,3028,2535,0,0,0,1.0,1,1.0,1,1.0,1,0.18184240588865502,53
4152,1,5564,3029,2535,0,0,0,1.0,1,1.0,1,1.0,1,0.16983842159484902,54
4153,2,5566,3031,2535,0,0,0,1.0,1,1.0,1,1.0,1,0.1962609789233358,51
4154,2,5568,3031,2537,0,0,0,1.0,1,1.0,1,1.0,1,0.1468817101556902,51
4155,2,5570,3033,2537,0,0,0,1.0,1,1.0,1,1.0,1,0.1706649649425517,51
4156,7,5577,3037,2540,0,0,0,1.0,1,1.0,1,1.0,1,0.18677463887733536,52
4157,1,5578,3037,2541,0,0,0,1.0,1,1.0,1,1.0,1,0.16441501071373635,52
4158,1,5579,3038,2541,0,0,0,1.0,1,1.0,1,1.0,1,0.18342752237609392,52
4159,2,5581,3040,2541,0,0,0,1.0,1,1.0,1,1.0,1,0.19030131894328606,52
4160,4,5585,3044,2541,0,0,0,1.0,1,1.0,1,1.0,1,0.22794583761195505,50
4161,2,5587,3045,2542,0,0,0,1.0,1,1.0,1,1.0,1,0.24001008675546218,50
4162,1,5588,3046,2542,0,0,0,1.0,1,1.0,1,1.0,1,0.2599096003976378,51
4163,2,5590,3047,2543,0,0,0,1.0,1,1.0,1,1.0,1,0.24072321452150186,48
4164,2,5592,3049,2543,0,0,0,1.0,1,1.0,1,1.0,1,0.2586087555071758,50
4165,1,5593,3049,2544,0,0,0,1.0,1,1.0,1,1.0,1,0.23822152574052707,49
4166,5,5598,3052,2546,0,0,0,1.0,1,1.0,1,1.0,1,0.2053457486254978,50
4167,0,5598,3052,2546,0,0,0,1.0,1,1.0,1,1.0,1,0.20555844396860665,50
4168,1,5599,3052,2547,0,0,0,1.0,1,1.0,1,1.0,1,0.20338631264853366,50
4169,1,5600,3052,2548,0,0,0,1.0,1,1.0,1,1.0,1,0.19233497426826565,51
4170,0,5600,3052,2548,0,0,0,1.0,1,1.0,1,1.0,1,0.21040521139358442,50
4171,3,5603,3054,2549,0,0,0,1.0,1,1.0,1,1.0,1,0.22411449015842239,50
4172,1,5604,3054,2550,0,0,0,1.0,1,1.0,1,1.0,1,0.23037225564094485,49
4173,2,5606,3054,2552,0,0,0,1.0,1,1.0,1,1.0,1,0.21800323885614317,48
4174,2,5608,3055,2553,0,0,0,1.0,1,1.0,1,1.0,1,0.22309142654729883,48
4175,2,5610,3055,2555,0,0,0,1.0,1,1.0,1,1.0,1,0.1967476527809464,48
4176,2,5612,3055,2557,0,0,0,1.0,1,1.0,1,1.0,1,0.16973867276758758,50
4177,1,5613,3055,2558,0,0,0,1.0,1,1.0,1,1.0,1,0.16082606237259195,52
4178,2,5615,3056,2559,0,0,0,1.0,1,1.0,1,1.0,1,0.14518465101889866,53
4179,1,5616,3056,2560,0,0,0,1.0,1,1.0,1,1.0,1,0.1326045610536509,54
4180,0,5616,3056,2560,0,0,0,1.0,1,1.0,1,1.0,1,0.1341515141023215,55
4181,2,5618,3056,2562,0,0,0,1.0,1,1.0,1,1.0,1,0.09725042122555465,56
4182,0,5618,3056,2562,0,0,0,1.0,1,1.0,1,1.0,1,0.09725042122555465,56
4183,3,5621,3057,2564,0,0,0,1.0,1,1.0,1,1.0,1,0.08387920636119513,57
4184,1,5622,3057,2565,0,0,0,1.0,1,1.0,1,1.0,1,0.08591651901057491,57
4185,0,5622,3057,2565,0,0,0,1.0,1,1.0,1,1.0,1,0.08630630557966294,54
4186,2,5624,3058,2566,0,0,0,1.0,1,1.0,1,1.0,1,0.10430557730029526,55
4187,0,5624,3058,2566,0,0,0,1.0,1,1.0,1,1.0,1,0.10853085236673651,53
4188,1,5625,3058,2567,0,0,0,1.0,1,1.0,1,1.0,1,0.09027496752172366,53
4189,0,5625,3058,2567,0,0,0,1.0,1,1.0,1,1.0,1,0.08011094277316387,53
4190,3,5628,3061,2567,0,0,0,1.0,1,1.0,1,1.0,1,0.1042463770783823,53
4191,2,5630,3062,2568,0,0,0,1.0,1,1.0,1,1.0,1,0.09717677872961711,51
4192,4,5634,3065,2569,0,0,0,1.0,1,1.0,1,1.0,1,0.09427411488285697,51
4193,2,5636,3067,2569,0,0,0,1.0,1,1.0,1,1.0,1,0.09494643330750284,50
4194,1,5637,3068,2569,0,0,0,1.0,1,1.0,1,1.0,1,0.10770378187989824,50
4195,2,5639,3069,2570,0,0,0,1.0,1,1.0,1,1.0,1,0.11323609484234855,50
4196,5,5644,3071,2573,0,0,0,1.0,1,1.0,1,1.0,1,0.06774938449041265,51
4197,1,5645,3072,2573,0,0,0,1.0,1,1.0,1,1.0,1,0.09319734624512852,50
4198,1,5646,3073,2573,0,0,0,1.0,1,1.0,1,1.0,1,0.1176858397416563,48
4199,1,5647,3073,2574,0,0,0,1.0,1,1.0,1,1.0,1,0.1534397995892797,48
4200,0,5647,3073,2574,0,0,0,1.0,1,1.0,1,1.0,1,0.1656333615389966,48
4201,1,5648,3074,2574,0,0,0,1.0,1,1.0,1,1.0,1,0.20721085266522174,47
4202,0,5648,3074,2574,0,0,0,1.0,1,1.0,1,1.0,1,0.20721085266522174,47
4203,0,5648,3074,2574,0,0,0,1.0,1,1.0,1,1.0,1,0.20721085266522174,47
4204,2,5650,3076,2574,0,0,0,1.0,1,1.0,1,1.0,1,0.25001331433812257,48
4205,2,5652,3076,2576,0,0,0,1.0,1,1.0,1,1.0,1,0.20401485691753807,49
4206,1,5653,3077,2576,0,0,0,1.0,1,1.0,1,1.0,1,0.23617987601850374,49
4207,0,5653,3077,2576,0,0,0,1.0,1,1.0,1,1.0,1,0.22547098350774045,48
4208,3,5656,3079,2577,0,0,0,1.0,1,1.0,1,1.0,1,0.22713989447090685,49
4209,3,5659,3081,2578,0,0,0,1.0,1,1.0,1,1.0,1,0.23470663252699325,51
4210,3,5662,3082,2580,0,0,0,1.0,1,1.0,1,1.0,1,0.2419042662002617,52
4211,2,5664,3083,2581,0,0,0,1.0,1,1.0,1,1.0,1,0.23727904442793812,53
4212,1,5665,3083,2582,0,0,0,1.0,1,1.0,1,1.0,1,0.20011187530924926,53
4213,0,5665,3083,2582,0,0,0,1.0,1,1.0,1,1.0,1,0.20573641605848,54
4214,0,5665,3083,2582,0,0,0,1.0,1,1.0,1,1.0,1,0.19829902136295174,54
4215,0,5665,3083,2582,0,0,0,1.0,1,1.0,1,1.0,1,0.19829902136295174,54
4216,1,5666,3083,2583,0,0,0,1.0,1,1.0,1,1.0,1,0.18294401809255909,53
4217,1,5667,3084,2583,0,0,0,1.0,1,1.0,1,1.0,1,0.20869578386343596,54
4218,2,5669,3085,2584,0,0,0,1.0,1,1.0,1,1.0,1,0.22592601816024677,53
4219,0,5669,3085,2584,0,0,0,1.0,1,1.0,1,1.0,1,0.22592601816024677,53
4220,0,5669,3085,2584,0,0,0,1.0,1,1.0,1,1.0,1,0.23327150607866118,53
4221,1,5670,3086,2584,0,0,0,1.0,1,1.0,1,1.0,1,0.25389815847018726,54
4222,3,5673,3088,2585,0,0,0,1.0,1,1.0,1,1.0,1,0.2733720594064731,55
4223,1,5674,3089,2585,0,0,0,1.0,1,1.0,1,1.0,1,0.2736832875317814,56
4224,1,5675,3089,2586,0,0,0,1.0,1,1.0,1,1.0,1,0.2755698165423388,55
4225,1,5676,3090,2586,0,0,0,1.0,1,1.0,1,1.0,1,0.2659985502577733,53
4226,2,5678,3091,2587,0,0,0,1.0,1,1.0,1,1.0,1,0.2810494504625996,54
4227,0,5678,3091,2587,0,0,0,1.0,1,1.0,1,1.0,1,0.2820395613879974,52
4228,1,5679,3092,2587,0,0,0,1.0,1,1.0,1,1.0,1,0.27036654933469284,51
4229,1,5680,3093,2587,0,0,0,1.0,1,1.0,1,1.0,1,0.2832433777813214,48
4230,1,5681,3093,2588,0,0,0,1.0,1,1.0,1,1.0,1,0.2729625405967002,48
4231,1,5682,3094,2588,0,0,0,1.0,1,1.0,1,1.0,1,0.2604920970448188,48
4232,1,5683,3095,2588,0,0,0,1.0,1,1.0,1,1.0,1,0.23565839569878472,48
4233,1,5684,3095,2589,0,0,0,1.0,1,1.0,1,1.0,1,0.18695137572058393,48
4234,0,5684,3095,2589,0,0,0,1.0,1,1.0,1,1.0,1,0.17996503765811145,49
4235,0,5684,3095,2589,0,0,0,1.0,1,1.0,1,1.0,1,0.17729773247458047,47
4236,1,5685,3095,2590,0,0,0,1.0,1,1.0,1,1.0,1,0.13436574125148823,47
4237,1,5686,3095,2591,0,0,0,1.0,1,1.0,1,1.0,1,0.10913021707388575,48
4238,0,5686,3095,2591,0,0,0,1.0,1,1.0,1,1.0,1,0.12487280105806302,47
4239,1,5687,3095,2592,0,0,0,1.0,1,1.0,1,1.0,1,0.11292077470010721,48
4240,1,5688,3096,2592,0,0,0,1.0,1,1.0,1,1.0,1,0.10970832884482475,47
4241,0,5688,3096,2592,0,0,0,1.0,1,1.0,1,1.0,1,0.09894133628969652,49
4242,0,5688,3096,2592,0,0,0,1.0,1,1.0,1,1.0,1,0.09488306887850877,49
4243,2,5690,3097,2593,0,0,0,1.0,1,1.0,1,1.0,1,0.09420691353632649,50
4244,1,5691,3097,2594,0,0,0,1.0,1,1.0,1,1.0,1,0.09638972592543912,51
4245,1,5692,3097,2595,0,0,0,1.0,1,1.0,1,1.0,1,0.1014659780728062,51
4246,1,5693,3097,2596,0,0,0,1.0,1,1.0,1,1.0,1,0.07926250799790452,51
4247,0,5693,3097,2596,0,0,0,1.0,1,1.0,1,1.0,1,0.08192676058951429,52
4248,0,5693,3097,2596,0,0,0,1.0,1,1.0,1,1.0,1,0.08192676058951429,52
4249,0,5693,3097,2596,0,0,0,1.0,1,1.0,1,1.0,1,0.08192676058951429,52
4250,3,5696,3100,2596,0,0,0,1.0,1,1.0,1,1.0,1,0.1274043604658168,52
4251,6,5702,3104,2598,0,0,0,1.0,1,1.0,1,1.0,1,0.0893541683587943,53
4252,4,5706,3108,2598,0,0,0,1.0,1,1.0,1,1.0,1,0.16498034836473902,53
4253,4,5710,3110,2600,0,0,0,1.0,1,1.0,1,1.0,1,0.12954258230105745,54
4254,2,5712,3112,2600,0,0,0,1.0,1,1.0,1,1.0,1,0.15822869516327745,54
4255,2,5714,3113,2601,0,0,0,1.0,1,1.0,1,1.0,1,0.16805970148864557,55
4256,6,5720,3114,2606,0,0,0,1.0,1,1.0,1,1.0,1,0.06928347485829861,57
4257,0,5720,3114,2606,0,0,0,1.0,1,1.0,1,1.0,1,0.06928347485829861,57
4258,0,5720,3114,2606,0,0,0,1.0,1,1.0,1,1.0,1,0.07759607842052502,57
4259,0,5720,3114,2606,0,0,0,1.0,1,1.0,1,1.0,1,0.07759607842052502,57
4260,2,5722,3116,2606,0,0,0,1.0,1,1.0,1,1.0,1,0.08378179696857949,58
4261,3,5725,3117,2608,0,0,0,1.0,1,1.0,1,1.0,1,0.06650139462617319,59
4262,0,5725,3117,2608,0,0,0,1.0,1,1.0,1,1.0,1,0.0557908583887115,60
4263,0,5725,3117,2608,0,0,0,1.0,1,1.0,1,1.0,1,0.052180696411590226,59
4264,0,5725,3117,2608,0,0,0,1.0,1,1.0,1,1.0,1,0.0487693248073688,58
4265,1,5726,3118,2608,0,0,0,1.0,1,1.0,1,1.0,1,0.04055828933995865,58
4266,1,5727,3119,2608,0,0,0,1.0,1,1.0,1,1.0,1,0.040165213764511015,58
4267,0,5727,3119,2608,0,0,0,1.0,1,1.0,1,1.0,1,0.049156773242707015,55
4268,0,5727,3119,2608,0,0,0,1.0,1,1.0,1,1.0,1,0.049156773242707015,55
4269,2,5729,3121,2608,0,0,0,1.0,1,1.0,1,1.0,1,0.08404687821483274,50
4270,1,5730,3122,2608,0,0,0,1.0,1,1.0,1,1.0,1,0.08401531963699571,47
4271,5,5735,3124,2611,0,0,0,1.0,1,1.0,1,1.0,1,0.08428675678822949,47
4272,0,5735,3124,2611,0,0,0,1.0,1,1.0,1,1.0,1,0.05642861135284446,46
4273,2,5737,3126,2611,0,0,0,1.0,1,1.0,1,1.0,1,0.1253568617137044,47
4274,3,5740,3129,2611,0,0,0,1.0,1,1.0,1,1.0,1,0.09771432076673067,45
4275,4,5744,3133,2611,0,0,0,1.0,1,1.0,1,1.0,1,0.14021414052125633,44
4276,8,5752,3136,2616,0,0,0,1.0,1,1.0,1,1.0,1,0.09396893335563246,43
4277,4,5756,3139,2617,0,0,0,1.0,1,1.0,1,1.0,1,0.1547355785098603,42
4278,1,5757,3140,2617,0,0,0,1.0,1,1.0,1,1.0,1,0.1900913503455321,43
4279,4,5761,3142,2619,0,0,0,1.0,1,1.0,1,1.0,1,0.2165875332887804,42
4280,3,5764,3144,2620,0,0,0,1.0,1,1.0,1,1.0,1,0.23407012391473817,44
4281,9,5773,3145,2628,0,0,0,1.0,1,1.0,1,1.0,1,0.05870012635916558,44
4282,0,5773,3145,2628,0,0,0,1.0,1,1.0,1,1.0,1,0.05870012635916558,44
4283,0,5773,3145,2628,0,0,0,1.0,1,1.0,1,1.0,1,0.03540675358537495,45
4284,0,5773,3145,2628,0,0,0,1.0,1,1.0,1,1.0,1,0.03540675358537495,45
4285,0,5773,3145,2628,0,0,0,1.0,1,1.0,1,1.0,1,0.01749721811705274,47
4286,1,5774,3146,2628,0,0,0,1.0,1,1.0,1,1.0,1,0.025317782095605243,47
4287,1,5775,3147,2628,0,0,0,1.0,1,1.0,1,1.0,1,0.03160419814134889,49
4288,0,5775,3147,2628,0,0,0,1.0,1,1.0,1,1.0,1,0.03160419814134889,49
4289,1,5776,3148,2628,0,0,0,1.0,1,1.0,1,1.0,1,0.01579655691424931,50
4290,2,5778,3150,2628,0,0,0,1.0,1,1.0,1,1.0,1,0.02426024719288481,51
4291,2,5780,3152,2628,0,0,0,1.0,1,1.0,1,1.0,1,0.039332924251956086,50
4292,2,5782,3154,2628,0,0,0,1.0,1,1.0,1,1.0,1,0.07580912542918136,51
4293,0,5782,3154,2628,0,0,0,1.0,1,1.0,1,1.0,1,0.0517539213380773,51
4294,0,5782,3154,2628,0,0,0,1.0,1,1.0,1,1.0,1,0.04353140129637379,50
4295,0,5782,3154,2628,0,0,0,1.0,1,1.0,1,1.0,1,0.025499901425292883,50
4296,0,5782,3154,2628,0,0,0,1.0,1,1.0,1,1.0,1,0.024263864657162338,49
4297,0,5782,3154,2628,0,0,0,1.0,1,1.0,1,1.0,1,0.03650882503851201,49
4298,0,5782,3154,2628,0,0,0,1.0,1,1.0,1,1.0,1,0.03650882503851201,49
4299,0,5782,3154,2628,0,0,0,1.0,1,1.0,1,1.0,1,0.0478994910039664,48
4300,1,5783,3155,2628,0,0,0,1.0,1,1.0,1,1.0,1,0.028038639093304597,49
4301,2,5785,3157,2628,0,0,0,1.0,1,1.0,1,1.0,1,0.059995818028608726,50
4302,1,5786,3158,2628,0,0,0,1.0,1,1.0,1,1.0,1,0.050745463620425285,51
4303,2,5788,3160,2628,0,0,0,1.0,1,1.0,1,1.0,1,0.0650947579546285,51
4304,0,5788,3160,2628,0,0,0,1.0,1,1.0,1,1.0,1,0.07960888805632307,51
4305,5,5793,3165,2628,0,0,0,1.0,1,1.0,1,1.0,1,0.09705473364665902,49
4306,3,5796,3166,2630,0,0,0,1.0,1,1.0,1,1.0,1,0.06759172910246884,49
4307,5,5801,3170,2631,0,0,0,1.0,1,1.0,1,1.0,1,0.08197415283024266,46
4308,1,5802,3171,2631,0,0,0,1.0,1,1.0,1,1.0,1,0.1201232972469683,44
4309,5,5807,3174,2633,0,0,0,1.0,1,1.0,1,1.0,1,0.09531648281453511,44
4310,0,5807,3174,2633,0,0,0,1.0,1,1.0,1,1.0,1,0.12925295806193302,42
4311,5,5812,3176,2636,0,0,0,1.0,1,1.0,1,1.0,1,0.08876436203944361,42
4312,0,5812,3176,2636,0,0,0,1.0,1,1.0,1,1.0,1,0.12993207191698627,40
4313,1,5813,3177,2636,0,0,0,1.0,1,1.0,1,1.0,1,0.11681289111559019,40
4314,3,5816,3180,2636,0,0,0,1.0,1,1.0,1,1.0,1,0.10128423602717848,36
4315,1,5817,3181,2636,0,0,0,1.0,1,1.0,1,1.0,1,0.08935216344199498,37
4316,3,5820,3183,2637,0,0,0,1.0,1,1.0,1,1.0,1,0.06103541212240273,37
4317,0,5820,3183,2637,0,0,0,1.0,1,1.0,1,1.0,1,0.06893967433504315,36
4318,1,5821,3184,2637,0,0,0,1.0,1,1.0,1,1.0,1,0.08327747633512055,34
4319,1,5822,3185,2637,0,0,0,1.0,1,1.0,1,1.0,1,0.09040960513023354,34
4320,0,5822,3185,2637,0,0,0,1.0,1,1.0,1,1.0,1,0.09040960513023354,34
4321,2,5824,3186,2638,0,0,0,1.0,1,1.0,1,1.0,1,0.11849208653214328,35
4322,0,5824,3186,2638,0,0,0,1.0,1,1.0,1,1.0,1,0.11849208653214328,35
4323,1,5825,3187,2638,0,0,0,1.0,1,1.0,1,1.0,1,0.17557358285341765,35
4324,0,5825,3187,2638,0,0,0,1.0,1,1.0,1,1.0,1,0.20186017831578373,34
4325,3,5828,3189,2639,0,0,0,1.0,1,1.0,1,1.0,1,0.16479650677945687,34
4326,2,5830,3190,2640,0,0,0,1.0,1,1.0,1,1.0,1,0.1666411440312532,36
4327,0,5830,3190,2640,0,0,0,1.0,1,1.0,1,1.0,1,0.1843649120341327,35
4328,1,5831,3191,2640,0,0,0,1.0,1,1.0,1,1.0,1,0.16751527951242837,35
4329,2,5833,3192,2641,0,0,0,1.0,1,1.0,1,1.0,1,0.12243057091213196,38
4330,2,5835,3194,2641,0,0,0,1.0,1,1.0,1,1.0,1,0.14547188076162249,38
4331,2,5837,3194,2643,0,0,0,1.0,1,1.0,1,1.0,1,0.11013033468831221,39
4332,0,5837,3194,2643,0,0,0,1.0,1,1.0,1,1.0,1,0.12763426377892487,40
4333,0,5837,3194,2643,0,0,0,1.0,1,1.0,1,1.0,1,0.10926734712044327,41
4334,2,5839,3194,2645,0,0,0,1.0,1,1.0,1,1.0,1,0.06843507440658242,41
4335,2,5841,3196,2645,0,0,0,1.0,1,1.0,1,1.0,1,0.081730241937749,42
4336,0,5841,3196,2645,0,0,0,1.0,1,1.0,1,1.0,1,0.09354281067672815,43
4337,0,5841,3196,2645,0,0,0,1.0,1,1.0,1,1.0,1,0.08357153092375165,44
4338,0,5841,3196,2645,0,0,0,1.0,1,1.0,1,1.0,1,0.08357153092375165,44
4339,2,5843,3197,2646,0,0,0,1.0,1,1.0,1,1.0,1,0.05953336682895412,46
4340,0,5843,3197,2646,0,0,0,1.0,1,1.0,1,1.0,1,0.056211648455284015,47
4341,4,5847,3200,2647,0,0,0,1.0,1,1.0,1,1.0,1,0.05571929864074665,47
4342,0,5847,3200,2647,0,0,0,1.0,1,1.0,1,1.0,1,0.05571929864074665,47
4343,0,5847,3200,2647,0,0,0,1.0,1,1.0,1,1.0,1,0.03927426434748331,42
4344,3,5850,3203,2647,0,0,0,1.0,1,1.0,1,1.0,1,0.08830220409428356,42
4345,0,5850,3203,2647,0,0,0,1.0,1,1.0,1,1.0,1,0.07725639398979157,39
4346,2,5852,3205,2647,0,0,0,1.0,1,1.0,1,1.0,1,0.06675611965450369,37
4347,1,5853,3206,2647,0,0,0,1.0,1,1.0,1,1.0,1,0.12614371089897938,37
4348,3,5856,3208,2648,0,0,0,1.0,1,1.0,1,1.0,1,0.20224602537299016,38
4349,2,5858,3208,2650,0,0,0,1.0,1,1.0,1,1.0,1,0.2019137986186134,36
4350,2,5860,3210,2650,0,0,0,1.0,1,1.0,1,1.0,1,0.26241837280701147,37
4351,1,5861,3210,2651,0,0,0,1.0,1,1.0,1,1.0,1,0.2292716873733379,35
4352,1,5862,3210,2652,0,0,0,1.0,1,1.0,1,1.0,1,0.23200658934435567,34
4353,2,5864,3210,2654,0,0,0,1.0,1,1.0,1,1.0,1,0.1693160991551186,34
4354,1,5865,3210,2655,0,0,0,1.0,1,1.0,1,1.0,1,0.1377837625513344,32
4355,1,5866,3211,2655,0,0,0,1.0,1,1.0,1,1.0,1,0.15706813031707537,32
4356,3,5869,3213,2656,0,0,0,1.0,1,1.0,1,1.0,1,0.1311471184477172,34
4357,0,5869,3213,2656,0,0,0,1.0,1,1.0,1,1.0,1,0.1337559035199466,35
4358,3,5872,3215,2657,0,0,0,1.0,1,1.0,1,1.0,1,0.12487944419831452,35
4359,3,5875,3216,2659,0,0,0,1.0,1,1.0,1,1.0,1,0.1477052293410425,37
4360,2,5877,3216,2661,0,0,0,1.0,1,1.0,1,1.0,1,0.15277496490154588,38
4361,1,5878,3216,2662,0,0,0,1.0,1,1.0,1,1.0,1,0.10905566193032479,39
4362,2,5880,3218,2662,0,0,0,1.0,1,1.0,1,1.0,1,0.1238061107574374,38
4363,2,5882,3219,2663,0,0,0,1.0,1,1.0,1,1.0,1,0.09199823333304227,38
4364,3,5885,3221,2664,0,0,0,1.0,1,1.0,1,1.0,1,0.020433334591876847,39
4365,1,5886,3221,2665,0,0,0,1.0,1,1.0,1,1.0,1,0.02568460278381992,39
4366,0,5886,3221,2665,0,0,0,1.0,1,1.0,1,1.0,1,0.02568460278381992,39
4367,1,5887,3222,2665,0,0,0,1.0,1,1.0,1,1.0,1,0.022850517875095844,41
4368,1,5888,3223,2665,0,0,0,1.0,1,1.0,1,1.0,1,0.05474010090919283,41
4369,0,5888,3223,2665,0,0,0,1.0,1,1.0,1,1.0,1,0.041858667649297424,42
4370,0,5888,3223,2665,0,0,0,1.0,1,1.0,1,1.0,1,0.041858667649297424,42
4371,0,5888,3223,2665,0,0,0,1.0,1,1.0,1,1.0,1,0.028496304601039683,43
4372,0,5888,3223,2665,0,0,0,1.0,1,1.0,1,1.0,1,0.028496304601039683,43
4373,0,5888,3223,2665,0,0,0,1.0,1,1.0,1,1.0,1,0.028496304601039683,43
4374,0,5888,3223,2665,0,0,0,1.0,1,1.0,1,1.0,1,0.04545465253692959,44
4375,3,5891,3226,2665,0,0,0,1.0,1,1.0,1,1.0,1,0.14421409350775208,45
4376,1,5892,3226,2666,0,0,0,1.0,1,1.0,1,1.0,1,0.13740075134241003,46
4377,6,5898,3231,2667,0,0,0,1.0,1,1.0,1,1.0,1,0.1866718205533252,47
4378,2,5900,3231,2669,0,0,0,1.0,1,1.0,1,1.0,1,0.14598931414422633,49
4379,4,5904,3234,2670,0,0,0,1.0,1,1.0,1,1.0,1,0.14004687483864495,51
4380,0,5904,3234,2670,0,0,0,1.0,1,1.0,1,1.0,1,0.1282589331709217,50
4381,2,5906,3235,2671,0,0,0,1.0,1,1.0,1,1.0,1,0.12595432235098522,49
4382,3,5909,3238,2671,0,0,0,1.0,1,1.0,1,1.0,1,0.1768809686871704,47
4383,1,5910,3238,2672,0,0,0,1.0,1,1.0,1,1.0,1,0.1701810394187336,47
4384,0,5910,3238,2672,0,0,0,1.0,1,1.0,1,1.0,1,0.20214601928392303,44
4385,1,5911,3239,2672,0,0,0,1.0,1,1.0,1,1.0,1,0.18941497033396126,42
4386,3,5914,3239,2675,0,0,0,1.0,1,1.0,1,1.0,1,0.2021782849489101,41
4387,3,5917,3242,2675,0,0,0,1.0,1,1.0,1,1.0,1,0.19999453381527504,39
4388,0,5917,3242,2675,0,0,0,1.0,1,1.0,1,1.0,1,0.19999453381527504,39
4389,2,5919,3244,2675,0,0,0,1.0,1,1.0,1,1.0,1,0.18592055087924114,38
4390,0,5919,3244,2675,0,0,0,1.0,1,1.0,1,1.0,1,0.19362623853019734,38
4391,4,5923,3244,2679,0,0,0,1.0,1,1.0,1,1.0,1,0.0585941519189294,39
4392,0,5923,3244,2679,0,0,0,1.0,1,1.0,1,1.0,1,0.0585941519189294,39
4393,1,5924,3245,2679,0,0,0,1.0,1,1.0,1,1.0,1,0.09850287151908202,40
4394,0,5924,3245,2679,0,0,0,1.0,1,1.0,1,1.0,1,0.08428074066909777,39
4395,0,5924,3245,2679,0,0,0,1.0,1,1.0,1,1.0,1,0.08428074066909777,39
4396,1,5925,3246,2679,0,0,0,1.0,1,1.0,1,1.0,1,0.08166124245194142,39
4397,1,5926,3246,2680,0,0,0,1.0,1,1.0,1,1.0,1,0.08481472323461409,38
4398,0,5926,3246,2680,0,0,0,1.0,1,1.0,1,1.0,1,0.08985980538169062,39
4399,1,5927,3246,2681,0,0,0,1.0,1,1.0,1,1.0,1,0.07102847167575836,42
4400,0,5927,3246,2681,0,0,0,1.0,1,1.0,1,1.0,1,0.06442682244349088,43
4401,0,5927,3246,2681,0,0,0,1.0,1,1.0,1,1.0,1,0.051444975519161676,44
4402,0,5927,3246,2681,0,0,0,1.0,1,1.0,1,1.0,1,0.051444975519161676,44
4403,0,5927,3246,2681,0,0,0,1.0,1,1.0,1,1.0,1,0.03904045380112256,45
4404,0,5927,3246,2681,0,0,0,1.0,1,1.0,1,1.0,1,0.03904045380112256,45
4405,0,5927,3246,2681,0,0,0,1.0,1,1.0,1,1.0,1,0.0410706128561499,46
4406,1,5928,3247,2681,0,0,0,1.0,1,1.0,1,1.0,1,0.08041824064872108,46
4407,1,5929,3248,2681,0,0,0,1.0,1,1.0,1,1.0,1,0.11169027010489162,46
4408,0,5929,3248,2681,0,0,0,1.0,1,1.0,1,1.0,1,0.10493032268433138,47
4409,1,5930,3249,2681,0,0,0,1.0,1,1.0,1,1.0,1,0.14207049675996122,48
4410,2,5932,3249,2683,0,0,0,1.0,1,1.0,1,1.0,1,0.11742626544473586,48
4411,1,5933,3249,2684,0,0,0,1.0,1,1.0,1,1.0,1,0.09587670928303804,50
4412,2,5935,3250,2685,0,0,0,1.0,1,1.0,1,1.0,1,0.10662028667142774,50
4413,1,5936,3250,2686,0,0,0,1.0,1,1.0,1,1.0,1,0.10134244409411071,50
4414,0,5936,3250,2686,0,0,0,1.0,1,1.0,1,1.0,1,0.09399863669054681,51
4415,0,5936,3250,2686,0,0,0,1.0,1,1.0,1,1.0,1,0.09399863669054681,51
4416,1,5937,3251,2686,0,0,0,1.0,1,1.0,1,1.0,1,0.1206667124680576,51
4417,2,5939,3253,2686,0,0,0,1.0,1,1.0,1,1.0,1,0.1162154204838694,51
4418,1,5940,3253,2687,0,0,0,1.0,1,1.0,1,1.0,1,0.0801945319462524,51
4419,0,5940,3253,2687,0,0,0,1.0,1,1.0,1,1.0,1,0.06535949890809581,50
4420,0,5940,3253,2687,0,0,0,1.0,1,1.0,1,1.0,1,0.07075894457303115,50
4421,1,5941,3253,2688,0,0,0,1.0,1,1.0,1,1.0,1,0.06231145732111366,52
4422,0,5941,3253,2688,0,0,0,1.0,1,1.0,1,1.0,1,0.06128255540267867,51
4423,0,5941,3253,2688,0,0,0,1.0,1,1.0,1,1.0,1,0.06128255540267867,51
4424,0,5941,3253,2688,0,0,0,1.0,1,1.0,1,1.0,1,0.05877807860652365,53
4425,0,5941,3253,2688,0,0,0,1.0,1,1.0,1,1.0,1,0.051110468684074074,54
4426,1,5942,3254,2688,0,0,0,1.0,1,1.0,1,1.0,1,0.049445204266769474,55
4427,0,5942,3254,2688,0,0,0,1.0,1,1.0,1,1.0,1,0.049445204266769474,55
4428,1,5943,3255,2688,0,0,0,1.0,1,1.0,1,1.0,1,0.041117736022534754,55
4429,0,5943,3255,2688,0,0,0,1.0,1,1.0,1,1.0,1,0.037627121558553196,56
4430,2,5945,3257,2688,0,0,0,1.0,1,1.0,1,1.0,1,0.052910884586116216,55
4431,1,5946,3257,2689,0,0,0,1.0,1,1.0,1,1.0,1,0.05151176698370688,56
4432,1,5947,3258,2689,0,0,0,1.0,1,1.0,1,1.0,1,0.07590485728737739,56
4433,0,5947,3258,2689,0,0,0,1.0,1,1.0,1,1.0,1,0.08203496126949639,57
4434,1,5948,3259,2689,0,0,0,1.0,1,1.0,1,1.0,1,0.06322978626646607,56
4435,1,5949,3260,2689,0,0,0,1.0,1,1.0,1,1.0,1,0.0703471397435574,56
4436,5,5954,3262,2692,0,0,0,1.0,1,1.0,1,1.0,1,0.04833758526627672,55
4437,2,5956,3263,2693,0,0,0,1.0,1,1.0,1,1.0,1,0.07486222575207313,54
4438,1,5957,3264,2693,0,0,0,1.0,1,1.0,1,1.0,1,0.08203441649118728,54
4439,3,5960,3267,2693,0,0,0,1.0,1,1.0,1,1.0,1,0.1445616441682339,55
4440,1,5961,3267,2694,0,0,0,1.0,1,1.0,1,1.0,1,0.13306214872696145,55
4441,4,5965,3271,2694,0,0,0,1.0,1,1.0,1,1.0,1,0.11215457730030533,59
4442,1,5966,3272,2694,0,0,0,1.0,1,1.0,1,1.0,1,0.0980414064196369,61
4443,2,5968,3274,2694,0,0,0,1.0,1,1.0,1,1.0,1,0.1031098141109544,60
4444,0,5968,3274,2694,0,0,0,1.0,1,1.0,1,1.0,1,0.11569685414778164,61
4445,0,5968,3274,2694,0,0,0,1.0,1,1.0,1,1.0,1,0.11569685414778164,61
4446,3,5971,3275,2696,0,0,0,1.0,1,1.0,1,1.0,1,0.10114685364769893,62
4447,0,5971,3275,2696,0,0,0,1.0,1,1.0,1,1.0,1,0.09690790136698686,63
4448,0,5971,3275,2696,0,0,0,1.0,1,1.0,1,1.0,1,0.09690790136698686,63
4449,0,5971,3275,2696,0,0,0,1.0,1,1.0,1,1.0,1,0.09690790136698686,63
4450,0,5971,3275,2696,0,0,0,1.0,1,1.0,1,1.0,1,0.10771115276194387,62
4451,1,5972,3275,2697,0,0,0,1.0,1,1.0,1,1.0,1,0.08915399501986608,63
4452,2,5974,3275,2699,0,0,0,1.0,1,1.0,1,1.0,1,0.07599739613269407,64
4453,0,5974,3275,2699,0,0,0,1.0,1,1.0,1,1.0,1,0.0830524775750917,65
4454,1,5975,3276,2699,0,0,0,1.0,1,1.0,1,1.0,1,0.07568497915756908,66
4455,3,5978,3277,2701,0,0,0,1.0,1,1.0,1,1.0,1,0.06594474764792133,67
4456,4,5982,3279,2703,0,0,0,1.0,1,1.0,1,1.0,1,0.07057930929561604,67
4457,1,5983,3280,2703,0,0,0,1.0,1,1.0,1,1.0,1,0.07897719976918553,65
4458,1,5984,3281,2703,0,0,0,1.0,1,1.0,1,1.0,1,0.05587607906303654,65
4459,3,5987,3284,2703,0,0,0,1.0,1,1.0,1,1.0,1,0.08948228419837077,64
4460,0,5987,3284,2703,0,0,0,1.0,1,1.0,1,1.0,1,0.08626871177143644,63
4461,4,5991,3286,2705,0,0,0,1.0,1,1.0,1,1.0,1,0.11017761932047933,62
4462,3,5994,3288,2706,0,0,0,1.0,1,1.0,1,1.0,1,0.13473909728249595,61
4463,1,5995,3289,2706,0,0,0,1.0,1,1.0,1,1.0,1,0.18891673626444153,61
4464,0,5995,3289,2706,0,0,0,1.0,1,1.0,1,1.0,1,0.1957488039722292,58
4465,1,5996,3290,2706,0,0,0,1.0,1,1.0,1,1.0,1,0.22214794459995177,57
4466,8,6004,3291,2713,0,0,0,1.0,1,1.0,1,1.0,1,0.18067844763801427,54
4467,1,6005,3291,2714,0,0,0,1.0,1,1.0,1,1.0,1,0.14067935214948923,52
4468,2,6007,3292,2715,0,0,0,1.0,1,1.0,1,1.0,1,0.13789611040839636,52
4469,1,6008,3293,2715,0,0,0,1.0,1,1.0,1,1.0,1,0.15676900550196274,51
4470,1,6009,3294,2715,0,0,0,1.0,1,1.0,1,1.0,1,0.12857326117761272,51
4471,2,6011,3295,2716,0,0,0,1.0,1,1.0,1,1.0,1,0.13191944720253773,50
4472,0,6011,3295,2716,0,0,0,1.0,1,1.0,1,1.0,1,0.14763714818873755,48
4473,1,6012,3295,2717,0,0,0,1.0,1,1.0,1,1.0,1,0.13029705184387264,47
4474,1,6013,3296,2717,0,0,0,1.0,1,1.0,1,1.0,1,0.13727116108699722,49
4475,0,6013,3296,2717,0,0,0,1.0,1,1.0,1,1.0,1,0.1790831102350415,47
4476,3,6016,3296,2720,0,0,0,1.0,1,1.0,1,1.0,1,0.10356195113070606,49
4477,2,6018,3297,2721,0,0,0,1.0,1,1.0,1,1.0,1,0.14851691500170242,48
4478,0,6018,3297,2721,0,0,0,1.0,1,1.0,1,1.0,1,0.14851691500170242,48
4479,1,6019,3298,2721,0,0,0,1.0,1,1.0,1,1.0,1,0.17259850091210147,48
4480,0,6019,3298,2721,0,0,0,1.0,1,1.0,1,1.0,1,0.17378646745156026,49
4481,4,6023,3298,2725,0,0,0,1.0,1,1.0,1,1.0,1,0.17534929249887324,49
4482,0,6023,3298,2725,0,0,0,1.0,1,1.0,1,1.0,1,0.17534929249887324,49
4483,1,6024,3298,2726,0,0,0,1.0,1,1.0,1,1.0,1,0.13907120830357989,50
4484,3,6027,3300,2727,0,0,0,1.0,1,1.0,1,1.0,1,0.12781120177479835,52
4485,0,6027,3300,2727,0,0,0,1.0,1,1.0,1,1.0,1,0.12963519819870614,53
4486,5,6032,3303,2729,0,0,0,1.0,1,1.0,1,1.0,1,0.10375793554905866,55
4487,2,6034,3305,2729,0,0,0,1.0,1,1.0,1,1.0,1,0.10578438437613165,55
4488,3,6037,3306,2731,0,0,0,1.0,1,1.0,1,1.0,1,0.11871186906651535,54
4489,1,6038,3306,2732,0,0,0,1.0,1,1.0,1,1.0,1,0.12281443167238346,53
4490,0,6038,3306,2732,0,0,0,1.0,1,1.0,1,1.0,1,0.12281443167238346,53
4491,3,6041,3307,2734,0,0,0,1.0,1,1.0,1,1.0,1,0.11710552188821005,52
4492,1,6042,3307,2735,0,0,0,1.0,1,1.0,1,1.0,1,0.103021510997018,52
4493,1,6043,3308,2735,0,0,0,1.0,1,1.0,1,1.0,1,0.11772984675810184,52
4494,0,6043,3308,2735,0,0,0,1.0,1,1.0,1,1.0,1,0.12845246270367638,53
4495,3,6046,3311,2735,0,0,0,1.0,1,1.0,1,1.0,1,0.1566924145523075,50
4496,4,6050,3312,2738,0,0,0,1.0,1,1.0,1,1.0,1,0.1313242684596612,51
4497,2,6052,3314,2738,0,0,0,1.0,1,1.0,1,1.0,1,0.11791799052101468,50
4498,0,6052,3314,2738,0,0,0,1.0,1,1.0,1,1.0,1,0.10748959674812748,49
4499,1,6053,3315,2738,0,0,0,1.0,1,1.0,1,1.0,1,0.11959261039529134,48
4500,2,6055,3317,2738,0,0,0,1.0,1,1.0,1,1.0,1,0.11610681436634475,48
4501,2,6057,3318,2739,0,0,0,1.0,1,1.0,1,1.0,1,0.07979332598772856,48
4502,3,6060,3320,2740,0,0,0,1.0,1,1.0,1,1.0,1,0.11187044079127804,49
4503,2,6062,3322,2740,0,0,0,1.0,1,1.0,1,1.0,1,0.16078023917811057,49
4504,0,6062,3322,2740,0,0,0,1.0,1,1.0,1,1.0,1,0.15533951988750272,45
4505,0,6062,3322,2740,0,0,0,1.0,1,1.0,1,1.0,1,0.15190709592745333,46
4506,4,6066,3324,2742,0,0,0,1.0,1,1.0,1,1.0,1,0.18534330948386474,45
4507,1,6067,3324,2743,0,0,0,1.0,1,1.0,1,1.0,1,0.17659345497032558,45
4508,1,6068,3325,2743,0,0,0,1.0,1,1.0,1,1.0,1,0.17878960722456172,43
4509,1,6069,3326,2743,0,0,0,1.0,1,1.0,1,1.0,1,0.18600877919911266,41
4510,2,6071,3328,2743,0,0,0,1.0,1,1.0,1,1.0,1,0.1782435419549309,42
4511,4,6075,3330,2745,0,0,0,1.0,1,1.0,1,1.0,1,0.15733587031120225,41
4512,0,6075,3330,2745,0,0,0,1.0,1,1.0,1,1.0,1,0.15733587031120225,41
4513,1,6076,3330,2746,0,0,0,1.0,1,1.0,1,1.0,1,0.13889656144272153,41
4514,2,6078,3331,2747,0,0,0,1.0,1,1.0,1,1.0,1,0.09317335833411232,42
4515,0,6078,3331,2747,0,0,0,1.0,1,1.0,1,1.0,1,0.14365142921060303,41
4516,5,6083,3334,2749,0,0,0,1.0,1,1.0,1,1.0,1,0.11492403695357119,42
4517,0,6083,3334,2749,0,0,0,1.0,1,1.0,1,1.0,1,0.11767768049392129,43
4518,0,6083,3334,2749,0,0,0,1.0,1,1.0,1,1.0,1,0.14072885175717917,42
4519,1,6084,3335,2749,0,0,0,1.0,1,1.0,1,1.0,1,0.18608227394500435,42
4520,0,6084,3335,2749,0,0,0,1.0,1,1.0,1,1.0,1,0.22194689571605591,42
4521,2,6086,3335,2751,0,0,0,1.0,1,1.0,1,1.0,1,0.19896403665507947,42
4522,1,6087,3336,2751,0,0,0,1.0,1,1.0,1,1.0,1,0.1842654845513843,42
4523,0,6087,3336,2751,0,0,0,1.0,1,1.0,1,1.0,1,0.1842654845513843,42
4524,2,6089,3338,2751,0,0,0,1.0,1,1.0,1,1.0,1,0.18503664939847486,43
4525,3,6092,3341,2751,0,0,0,1.0,1,1.0,1,1.0,1,0.18405426229313984,46
4526,6,6098,3344,2754,0,0,0,1.0,1,1.0,1,1.0,1,0.08813503952900473,46
4527,2,6100,3345,2755,0,0,0,1.0,1,1.0,1,1.0,1,0.05276910815322662,47
4528,0,6100,3345,2755,0,0,0,1.0,1,1.0,1,1.0,1,0.06119758386591209,49
4529,2,6102,3346,2756,0,0,0,1.0,1,1.0,1,1.0,1,0.047333610885259135,50
4530,1,6103,3347,2756,0,0,0,1.0,1,1.0,1,1.0,1,0.04852547949478754,51
4531,2,6105,3349,2756,0,0,0,1.0,1,1.0,1,1.0,1,0.07663052055516933,51
4532,0,6105,3349,2756,0,0,0,1.0,1,1.0,1,1.0,1,0.07663052055516933,51
4533,2,6107,3351,2756,0,0,0,1.0,1,1.0,1,1.0,1,0.09801478585460936,50
4534,2,6109,3352,2757,0,0,0,1.0,1,1.0,1,1.0,1,0.09119204277328133,51
4535,2,6111,3354,2757,0,0,0,1.0,1,1.0,1,1.0,1,0.1265062898386796,50
4536,3,6114,3355,2759,0,0,0,1.0,1,1.0,1,1.0,1,0.09110544014881662,48
4537,2,6116,3356,2760,0,0,0,1.0,1,1.0,1,1.0,1,0.1007194274326695,49
4538,0,6116,3356,2760,0,0,0,1.0,1,1.0,1,1.0,1,0.0880046965139787,48
4539,0,6116,3356,2760,0,0,0,1.0,1,1.0,1,1.0,1,0.10674391841402679,50
4540,1,6117,3356,2761,0,0,0,1.0,1,1.0,1,1.0,1,0.08524474339188562,49
4541,1,6118,3356,2762,0,0,0,1.0,1,1.0,1,1.0,1,0.07638259962884265,49
4542,0,6118,3356,2762,0,0,0,1.0,1,1.0,1,1.0,1,0.10447798994075956,47
4543,0,6118,3356,2762,0,0,0,1.0,1,1.0,1,1.0,1,0.11580185259315366,45
4544,1,6119,3357,2762,0,0,0,1.0,1,1.0,1,1.0,1,0.13015059269790785,45
4545,1,6120,3358,2762,0,0,0,1.0,1,1.0,1,1.0,1,0.13351127769538293,43
4546,1,6121,3358,2763,0,0,0,1.0,1,1.0,1,1.0,1,0.12268603990959383,43
4547,0,6121,3358,2763,0,0,0,1.0,1,1.0,1,1.0,1,0.1441079455579124,41
4548,0,6121,3358,2763,0,0,0,1.0,1,1.0,1,1.0,1,0.1372757425505687,42
4549,2,6123,3360,2763,0,0,0,1.0,1,1.0,1,1.0,1,0.12224533358152875,41
4550,4,6127,3363,2764,0,0,0,1.0,1,1.0,1,1.0,1,0.12049768208130611,41
4551,0,6127,3363,2764,0,0,0,1.0,1,1.0,1,1.0,1,0.09874099753651636,39
4552,0,6127,3363,2764,0,0,0,1.0,1,1.0,1,1.0,1,0.1042784041777388,38
4553,0,6127,3363,2764,0,0,0,1.0,1,1.0,1,1.0,1,0.11636702436777681,39
4554,0,6127,3363,2764,0,0,0,1.0,1,1.0,1,1.0,1,0.12363328877623224,38
4555,0,6127,3363,2764,0,0,0,1.0,1,1.0,1,1.0,1,0.13184687708177104,37
4556,4,6131,3366,2765,0,0,0,1.0,1,1.0,1,1.0,1,0.13295650575700368,36
4557,1,6132,3366,2766,0,0,0,1.0,1,1.0,1,1.0,1,0.11339043472969058,38
4558,1,6133,3367,2766,0,0,0,1.0,1,1.0,1,1.0,1,0.12925093177069832,39
4559,6,6139,3369,2770,0,0,0,1.0,1,1.0,1,1.0,1,0.17587229425900736,38
4560,5,6144,3370,2774,0,0,0,1.0,1,1.0,1,1.0,1,0.20522142631979817,41
4561,2,6146,3370,2776,0,0,0,1.0,1,1.0,1,1.0,1,0.17874441464725974,41
4562,3,6149,3371,2778,0,0,0,1.0,1,1.0,1,1.0,1,0.15668016224129927,43
4563,2,6151,3371,2780,0,0,0,1.0,1,1.0,1,1.0,1,0.11509856252916034,42
4564,1,6152,3371,2781,0,0,0,1.0,1,1.0,1,1.0,1,0.11045035025553288,43
4565,0,6152,3371,2781,0,0,0,1.0,1,1.0,1,1.0,1,0.12699496867292498,44
4566,0,6152,3371,2781,0,0,0,1.0,1,1.0,1,1.0,1,0.10392642177622657,45
4567,3,6155,3374,2781,0,0,0,1.0,1,1.0,1,1.0,1,0.13835410781660462,47
4568,2,6157,3375,2782,0,0,0,1.0,1,1.0,1,1.0,1,0.09269155874544122,47
4569,1,6158,3376,2782,0,0,0,1.0,1,1.0,1,1.0,1,0.08521335138170014,49
4570,2,6160,3377,2783,0,0,0,1.0,1,1.0,1,1.0,1,0.0999582944118573,49
4571,1,6161,3378,2783,0,0,0,1.0,1,1.0,1,1.0,1,0.11000480584191197,48
4572,1,6162,3379,2783,0,0,0,1.0,1,1.0,1,1.0,1,0.12292343570724236,48
4573,2,6164,3381,2783,0,0,0,1.0,1,1.0,1,1.0,1,0.15095450719192827,48
4574,2,6166,3383,2783,0,0,0,1.0,1,1.0,1,1.0,1,0.1800528515336816,50
4575,1,6167,3383,2784,0,0,0,1.0,1,1.0,1,1.0,1,0.14539026592839366,51
4576,1,6168,3383,2785,0,0,0,1.0,1,1.0,1,1.0,1,0.13148014357617435,48
4577,0,6168,3383,2785,0,0,0,1.0,1,1.0,1,1.0,1,0.1270683071194664,47
4578,1,6169,3384,2785,0,0,0,1.0,1,1.0,1,1.0,1,0.13078116413073768,46
4579,1,6170,3384,2786,0,0,0,1.0,1,1.0,1,1.0,1,0.11820690555114498,46
4580,0,6170,3384,2786,0,0,0,1.0,1,1.0,1,1.0,1,0.10324518320731627,47
4581,1,6171,3385,2786,0,0,0,1.0,1,1.0,1,1.0,1,0.12846295887896253,47
4582,0,6171,3385,2786,0,0,0,1.0,1,1.0,1,1.0,1,0.131347532850399,48
4583,0,6171,3385,2786,0,0,0,1.0,1,1.0,1,1.0,1,0.131347532850399,48
4584,0,6171,3385,2786,0,0,0,1.0,1,1.0,1,1.0,1,0.13481070752729896,50
4585,1,6172,3386,2786,0,0,0,1.0,1,1.0,1,1.0,1,0.15792837838432927,50
4586,1,6173,3386,2787,0,0,0,1.0,1,1.0,1,1.0,1,0.15100396504114053,50
4587,0,6173,3386,2787,0,0,0,1.0,1,1.0,1,1.0,1,0.15100396504114053,50
4588,0,6173,3386,2787,0,0,0,1.0,1,1.0,1,1.0,1,0.15100396504114053,50
4589,0,6173,3386,2787,0,0,0,1.0,1,1.0,1,1.0,1,0.1472176107803206,52
4590,0,6173,3386,2787,0,0,0,1.0,1,1.0,1,1.0,1,0.1472176107803206,52
4591,1,6174,3386,2788,0,0,0,1.0,1,1.0,1,1.0,1,0.1385361662434742,53
4592,0,6174,3386,2788,0,0,0,1.0,1,1.0,1,1.0,1,0.15213214659568583,54
4593,2,6176,3388,2788,0,0,0,1.0,1,1.0,1,1.0,1,0.1808539150225688,56
4594,1,6177,3388,2789,0,0,0,1.0,1,1.0,1,1.0,1,0.18457159585521057,57
4595,1,6178,3389,2789,0,0,0,1.0,1,1.0,1,1.0,1,0.17017020110846565,56
4596,0,6178,3389,2789,0,0,0,1.0,1,1.0,1,1.0,1,0.17017020110846565,56
4597,2,6180,3391,2789,0,0,0,1.0,1,1.0,1,1.0,1,0.16953369498124368,56
4598,2,6182,3393,2789,0,0,0,1.0,1,1.0,1,1.0,1,0.19585409723186037,57
4599,0,6182,3393,2789,0,0,0,1.0,1,1.0,1,1.0,1,0.16871594997827333,59
4600,0,6182,3393,2789,0,0,0,1.0,1,1.0,1,1.0,1,0.17076444298088098,60
4601,1,6183,3394,2789,0,0,0,1.0,1,1.0,1,1.0,1,0.17977656723506882,60
4602,0,6183,3394,2789,0,0,0,1.0,1,1.0,1,1.0,1,0.16514899038322622,62
4603,0,6183,3394,2789,0,0,0,1.0,1,1.0,1,1.0,1,0.16514899038322622,62
4604,1,6184,3395,2789,0,0,0,1.0,1,1.0,1,1.0,1,0.1664053122264871,63
4605,0,6184,3395,2789,0,0,0,1.0,1,1.0,1,1.0,1,0.1664053122264871,63
4606,0,6184,3395,2789,0,0,0,1.0,1,1.0,1,1.0,1,0.17414139858830338,64
4607,1,6185,3396,2789,0,0,0,1.0,1,1.0,1,1.0,1,0.17310986121713587,65
4608,2,6187,3397,2790,0,0,0,1.0,1,1.0,1,1.0,1,0.18579365358563524,66
4609,1,6188,3398,2790,0,0,0,1.0,1,1.0,1,1.0,1,0.19816218284478104,65
4610,1,6189,3398,2791,0,0,0,1.0,1,1.0,1,1.0,1,0.17066467124619472,63
4611,5,6194,3402,2792,0,0,0,1.0,1,1.0,1,1.0,1,0.19751320355559124,64
4612,1,6195,3402,2793,0,0,0,1.0,1,1.0,1,1.0,1,0.17132146121228134,62
4613,2,6197,3404,2793,0,0,0,1.0,1,1.0,1,1.0,1,0.1853663135625341,63
4614,2,6199,3404,2795,0,0,0,1.0,1,1.0,1,1.0,1,0.14385269670718895,61
4615,2,6201,3405,2796,0,0,0,1.0,1,1.0,1,1.0,1,0.1271521452266743,59
4616,2,6203,3405,2798,0,0,0,1.0,1,1.0,1,1.0,1,0.10330376929111829,58
4617,2,6205,3406,2799,0,0,0,1.0,1,1.0,1,1.0,1,0.1089130649877139,58
4618,2,6207,3407,2800,0,0,0,1.0,1,1.0,1,1.0,1,0.14138990326628295,57
4619,3,6210,3409,2801,0,0,0,1.0,1,1.0,1,1.0,1,0.18337093835180052,57
4620,0,6210,3409,2801,0,0,0,1.0,1,1.0,1,1.0,1,0.18337093835180052,57
4621,5,6215,3410,2805,0,0,0,1.0,1,1.0,1,1.0,1,0.15948826428017507,59
4622,1,6216,3410,2806,0,0,0,1.0,1,1.0,1,1.0,1,0.15300670903073196,60
4623,1,6217,3410,2807,0,0,0,1.0,1,1.0,1,1.0,1,0.16389966974986794,59
4624,2,6219,3412,2807,0,0,0,1.0,1,1.0,1,1.0,1,0.20604262046884325,59
4625,1,6220,3413,2807,0,0,0,1.0,1,1.0,1,1.0,1,0.2041219117755773,57
4626,3,6223,3415,2808,0,0,0,1.0,1,1.0,1,1.0,1,0.21780607528311718,56
4627,2,6225,3415,2810,0,0,0,1.0,1,1.0,1,1.0,1,0.20224786468750824,56
4628,0,6225,3415,2810,0,0,0,1.0,1,1.0,1,1.0,1,0.19565898777093693,56
4629,1,6226,3416,2810,0,0,0,1.0,1,1.0,1,1.0,1,0.24118367499675228,56
4630,1,6227,3416,2811,0,0,0,1.0,1,1.0,1,1.0,1,0.22401718487403902,57
4631,1,6228,3416,2812,0,0,0,1.0,1,1.0,1,1.0,1,0.24987228792265864,56
4632,2,6230,3417,2813,0,0,0,1.0,1,1.0,1,1.0,1,0.2808257120515046,57
4633,0,6230,3417,2813,0,0,0,1.0,1,1.0,1,1.0,1,0.26982806479263993,58
4634,0,6230,3417,2813,0,0,0,1.0,1,1.0,1,1.0,1,0.26982806479263993,58
4635,1,6231,3417,2814,0,0,0,1.0,1,1.0,1,1.0,1,0.24949356331570097,59
4636,0,6231,3417,2814,0,0,0,1.0,1,1.0,1,1.0,1,0.2308862307154373,60
4637,2,6233,3418,2815,0,0,0,1.0,1,1.0,1,1.0,1,0.21276483577363248,60
4638,2,6235,3418,2817,0,0,0,1.0,1,1.0,1,1.0,1,0.2096648975874992,61
4639,3,6238,3419,2819,0,0,0,1.0,1,1.0,1,1.0,1,0.19283488852088193,62
4640,0,6238,3419,2819,0,0,0,1.0,1,1.0,1,1.0,1,0.20421673070501956,63
4641,3,6241,3419,2822,0,0,0,1.0,1,1.0,1,1.0,1,0.1813606907645712,63
4642,0,6241,3419,2822,0,0,0,1.0,1,1.0,1,1.0,1,0.19522003812585495,62
4643,5,6246,3420,2826,0,0,0,1.0,1,1.0,1,1.0,1,0.17053315850804135,63
4644,0,6246,3420,2826,0,0,0,1.0,1,1.0,1,1.0,1,0.18643445783053528,62
4645,1,6247,3421,2826,0,0,0,1.0,1,1.0,1,1.0,1,0.2021048410767337,63
4646,8,6255,3423,2832,0,0,0,1.0,1,1.0,1,1.0,1,0.19108672980924057,63
4647,3,6258,3424,2834,0,0,0,1.0,1,1.0,1,1.0,1,0.18654140102646352,62
4648,2,6260,3425,2835,0,0,0,1.0,1,1.0,1,1.0,1,0.20500427254873915,63
4649,0,6260,3425,2835,0,0,0,1.0,1,1.0,1,1.0,1,0.1872625483292673,61
4650,0,6260,3425,2835,0,0,0,1.0,1,1.0,1,1.0,1,0.16178350939130134,63
4651,3,6263,3425,2838,0,0,0,1.0,1,1.0,1,1.0,1,0.13248074695543516,62
4652,0,6263,3425,2838,0,0,0,1.0,1,1.0,1,1.0,1,0.11566198866689849,59
4653,0,6263,3425,2838,0,0,0,1.0,1,1.0,1,1.0,1,0.11930126751908832,60
4654,0,6263,3425,2838,0,0,0,1.0,1,1.0,1,1.0,1,0.12255452378395967,60
4655,1,6264,3426,2838,0,0,0,1.0,1,1.0,1,1.0,1,0.147807244160223,60
4656,4,6268,3428,2840,0,0,0,1.0,1,1.0,1,1.0,1,0.18731106780590356,61
4657,2,6270,3428,2842,0,0,0,1.0,1,1.0,1,1.0,1,0.16447242132841297,62
4658,3,6273,3431,2842,0,0,0,1.0,1,1.0,1,1.0,1,0.18050700991906285,62
4659,0,6273,3431,2842,0,0,0,1.0,1,1.0,1,1.0,1,0.17106084762052906,61
4660,2,6275,3433,2842,0,0,0,1.0,1,1.0,1,1.0,1,0.22867661415829918,61
4661,0,6275,3433,2842,0,0,0,1.0,1,1.0,1,1.0,1,0.22618579084018287,61
4662,0,6275,3433,2842,0,0,0,1.0,1,1.0,1,1.0,1,0.21462528951890275,62
4663,1,6276,3433,2843,0,0,0,1.0,1,1.0,1,1.0,1,0.2119092676249087,61
4664,3,6279,3433,2846,0,0,0,1.0,1,1.0,1,1.0,1,0.2017034724681697,62
4665,0,6279,3433,2846,0,0,0,1.0,1,1.0,1,1.0,1,0.21171762329560098,61
4666,3,6282,3434,2848,0,0,0,1.0,1,1.0,1,1.0,1,0.2048457947759336,61
4667,2,6284,3435,2849,0,0,0,1.0,1,1.0,1,1.0,1,0.20437722712822134,59
4668,2,6286,3436,2850,0,0,0,1.0,1,1.0,1,1.0,1,0.21222679745200881,59
4669,1,6287,3436,2851,0,0,0,1.0,1,1.0,1,1.0,1,0.22384669535857032,58
4670,1,6288,3437,2851,0,0,0,1.0,1,1.0,1,1.0,1,0.22975487356340038,57
4671,2,6290,3437,2853,0,0,0,1.0,1,1.0,1,1.0,1,0.23317852182660323,55
4672,4,6294,3439,2855,0,0,0,1.0,1,1.0,1,1.0,1,0.22902817647363702,56
4673,3,6297,3440,2857,0,0,0,1.0,1,1.0,1,1.0,1,0.18691271038347382,58
4674,2,6299,3441,2858,0,0,0,1.0,1,1.0,1,1.0,1,0.20187811551507873,58
4675,1,6300,3441,2859,0,0,0,1.0,1,1.0,1,1.0,1,0.22166260131709906,57
4676,3,6303,3441,2862,0,0,0,1.0,1,1.0,1,1.0,1,0.20421334885169998,58
4677,1,6304,3441,2863,0,0,0,1.0,1,1.0,1,1.0,1,0.20897129133620165,57
4678,1,6305,3441,2864,0,0,0,1.0,1,1.0,1,1.0,1,0.20246196728343638,57
4679,0,6305,3441,2864,0,0,0,1.0,1,1.0,1,1.0,1,0.20246196728343638,57
4680,2,6307,3441,2866,0,0,0,1.0,1,1.0,1,1.0,1,0.18745262160911333,59
4681,0,6307,3441,2866,0,0,0,1.0,1,1.0,1,1.0,1,0.188516349478492,60
4682,0,6307,3441,2866,0,0,0,1.0,1,1.0,1,1.0,1,0.188516349478492,60
4683,3,6310,3442,2868,0,0,0,1.0,1,1.0,1,1.0,1,0.16248690051484443,60
4684,2,6312,3443,2869,0,0,0,1.0,1,1.0,1,1.0,1,0.17577036857158873,60
4685,2,6314,3444,2870,0,0,0,1.0,1,1.0,1,1.0,1,0.17817798207228397,59
4686,3,6317,3446,2871,0,0,0,1.0,1,1.0,1,1.0,1,0.17780889088017057,60
4687,2,6319,3447,2872,0,0,0,1.0,1,1.0,1,1.0,1,0.18151904792185092,59
4688,1,6320,3448,2872,0,0,0,1.0,1,1.0,1,1.0,1,0.20517953671521608,59
4689,2,6322,3449,2873,0,0,0,1.0,1,1.0,1,1.0,1,0.22539507095816996,59
4690,3,6325,3450,2875,0,0,0,1.0,1,1.0,1,1.0,1,0.19013940206053537,58
4691,0,6325,3450,2875,0,0,0,1.0,1,1.0,1,1.0,1,0.18160054741857584,57
4692,0,6325,3450,2875,0,0,0,1.0,1,1.0,1,1.0,1,0.16581827514806127,58
4693,1,6326,3450,2876,0,0,0,1.0,1,1.0,1,1.0,1,0.15658035402850284,57
4694,1,6327,3450,2877,0,0,0,1.0,1,1.0,1,1.0,1,0.13719632647690455,57
4695,1,6328,3450,2878,0,0,0,1.0,1,1.0,1,1.0,1,0.14698811595071035,56
4696,4,6332,3452,2880,0,0,0,1.0,1,1.0,1,1.0,1,0.14466092230571997,57
4697,0,6332,3452,2880,0,0,0,1.0,1,1.0,1,1.0,1,0.1390837932404195,58
4698,2,6334,3452,2882,0,0,0,1.0,1,1.0,1,1.0,1,0.08797172319603448,59
4699,0,6334,3452,2882,0,0,0,1.0,1,1.0,1,1.0,1,0.10125953546214957,58
4700,0,6334,3452,2882,0,0,0,1.0,1,1.0,1,1.0,1,0.08237145791888902,59
4701,0,6334,3452,2882,0,0,0,1.0,1,1.0,1,1.0,1,0.09208288780210361,60
4702,0,6334,3452,2882,0,0,0,1.0,1,1.0,1,1.0,1,0.10047062982951202,61
4703,1,6335,3453,2882,0,0,0,1.0,1,1.0,1,1.0,1,0.12998441316753423,59
4704,1,6336,3453,2883,0,0,0,1.0,1,1.0,1,1.0,1,0.1062522825995746,58
4705,3,6339,3455,2884,0,0,0,1.0,1,1.0,1,1.0,1,0.14514291829933676,58
4706,3,6342,3457,2885,0,0,0,1.0,1,1.0,1,1.0,1,0.1569730194464933,60
4707,1,6343,3457,2886,0,0,0,1.0,1,1.0,1,1.0,1,0.16503585390168493,57
4708,3,6346,3459,2887,0,0,0,1.0,1,1.0,1,1.0,1,0.19373037616852024,57
4709,2,6348,3461,2887,0,0,0,1.0,1,1.0,1,1.0,1,0.23173521270803477,55
4710,1,6349,3462,2887,0,0,0,1.0,1,1.0,1,1.0,1,0.24308633165410215,53
4711,1,6350,3462,2888,0,0,0,1.0,1,1.0,1,1.0,1,0.22010750738807813,52
4712,0,6350,3462,2888,0,0,0,1.0,1,1.0,1,1.0,1,0.21983038279892572,52
4713,1,6351,3463,2888,0,0,0,1.0,1,1.0,1,1.0,1,0.24060571517468018,51
4714,1,6352,3463,2889,0,0,0,1.0,1,1.0,1,1.0,1,0.23235217855029033,50
4715,2,6354,3463,2891,0,0,0,1.0,1,1.0,1,1.0,1,0.17279992859249826,50
4716,3,6357,3464,2893,0,0,0,1.0,1,1.0,1,1.0,1,0.17289268427064763,49
4717,2,6359,3465,2894,0,0,0,1.0,1,1.0,1,1.0,1,0.1766526778826314,49
4718,0,6359,3465,2894,0,0,0,1.0,1,1.0,1,1.0,1,0.1774204064890748,50
4719,1,6360,3465,2895,0,0,0,1.0,1,1.0,1,1.0,1,0.1727637287132027,49
4720,1,6361,3465,2896,0,0,0,1.0,1,1.0,1,1.0,1,0.1620903957852821,49
4721,2,6363,3465,2898,0,0,0,1.0,1,1.0,1,1.0,1,0.12386965066924684,50
4722,1,6364,3465,2899,0,0,0,1.0,1,1.0,1,1.0,1,0.12849206463012755,51
4723,0,6364,3465,2899,0,0,0,1.0,1,1.0,1,1.0,1,0.0965967459064286,50
4724,3,6367,3467,2900,0,0,0,1.0,1,1.0,1,1.0,1,0.12217954245795593,50
4725,0,6367,3467,2900,0,0,0,1.0,1,1.0,1,1.0,1,0.1270385614314069,52
4726,1,6368,3468,2900,0,0,0,1.0,1,1.0,1,1.0,1,0.15938408098544105,51
4727,1,6369,3469,2900,0,0,0,1.0,1,1.0,1,1.0,1,0.17234209128825262,52
4728,1,6370,3470,2900,0,0,0,1.0,1,1.0,1,1.0,1,0.186534208897645,52
4729,0,6370,3470,2900,0,0,0,1.0,1,1.0,1,1.0,1,0.186534208897645,52
4730,1,6371,3470,2901,0,0,0,1.0,1,1.0,1,1.0,1,0.1781645367152584,50
4731,3,6374,3473,2901,0,0,0,1.0,1,1.0,1,1.0,1,0.20754366187592962,51
4732,1,6375,3473,2902,0,0,0,1.0,1,1.0,1,1.0,1,0.1959408666096523,52
4733,8,6383,3476,2907,0,0,0,1.0,1,1.0,1,1.0,1,0.2679495576778589,53
4734,4,6387,3476,2911,0,0,0,1.0,1,1.0,1,1.0,1,0.27019677124729097,53
4735,5,6392,3477,2915,0,0,0,1.0,1,1.0,1,1.0,1,0.2793349547235603,53
4736,3,6395,3478,2917,0,0,0,1.0,1,1.0,1,1.0,1,0.27786134738351476,55
4737,0,6395,3478,2917,0,0,0,1.0,1,1.0,1,1.0,1,0.26659325474038303,57
4738,0,6395,3478,2917,0,0,0,1.0,1,1.0,1,1.0,1,0.26659325474038303,57
4739,0,6395,3478,2917,0,0,0,1.0,1,1.0,1,1.0,1,0.26659325474038303,57
4740,1,6396,3478,2918,0,0,0,1.0,1,1.0,1,1.0,1,0.2386523528079779,57
4741,0,6396,3478,2918,0,0,0,1.0,1,1.0,1,1.0,1,0.24489389742409484,58
4742,1,6397,3479,2918,0,0,0,1.0,1,1.0,1,1.0,1,0.2534291176422298,58
4743,1,6398,3479,2919,0,0,0,1.0,1,1.0,1,1.0,1,0.21507528209055374,56
4744,0,6398,3479,2919,0,0,0,1.0,1,1.0,1,1.0,1,0.2048253968084863,57
4745,3,6401,3481,2920,0,0,0,1.0,1,1.0,1,1.0,1,0.19905916319231096,56
4746,1,6402,3482,2920,0,0,0,1.0,1,1.0,1,1.0,1,0.20938240325307514,56
4747,1,6403,3483,2920,0,0,0,1.0,1,1.0,1,1.0,1,0.189693639014463,55
4748,1,6404,3484,2920,0,0,0,1.0,1,1.0,1,1.0,1,0.19845429431421266,55
4749,1,6405,3484,2921,0,0,0,1.0,1,1.0,1,1.0,1,0.1771613454763247,54
4750,1,6406,3485,2921,0,0,0,1.0,1,1.0,1,1.0,1,0.1633598748310553,53
4751,0,6406,3485,2921,0,0,0,1.0,1,1.0,1,1.0,1,0.19389221231771117,53
4752,1,6407,3486,2921,0,0,0,1.0,1,1.0,1,1.0,1,0.1824073820875526,53
4753,0,6407,3486,2921,0,0,0,1.0,1,1.0,1,1.0,1,0.20517835888967842,52
4754,2,6409,3486,2923,0,0,0,1.0,1,1.0,1,1.0,1,0.15477192470778026,52
4755,2,6411,3486,2925,0,0,0,1.0,1,1.0,1,1.0,1,0.11085040275523919,51
4756,2,6413,3486,2927,0,0,0,1.0,1,1.0,1,1.0,1,0.09987787333199555,52
4757,1,6414,3486,2928,0,0,0,1.0,1,1.0,1,1.0,1,0.0833569932811827,51
4758,1,6415,3486,2929,0,0,0,1.0,1,1.0,1,1.0,1,0.07367029421316347,51
4759,0,6415,3486,2929,0,0,0,1.0,1,1.0,1,1.0,1,0.07367029421316347,51
4760,1,6416,3487,2929,0,0,0,1.0,1,1.0,1,1.0,1,0.05763316568918759,52
4761,2,6418,3489,2929,0,0,0,1.0,1,1.0,1,1.0,1,0.060211524217214846,50
4762,7,6425,3494,2931,0,0,0,1.0,1,1.0,1,1.0,1,0.12314247356784024,51
4763,0,6425,3494,2931,0,0,0,1.0,1,1.0,1,1.0,1,0.12314247356784024,51
4764,4,6429,3498,2931,0,0,0,1.0,1,1.0,1,1.0,1,0.1851381511607622,53
4765,2,6431,3498,2933,0,0,0,1.0,1,1.0,1,1.0,1,0.1500678802200173,53
4766,6,6437,3499,2938,0,0,0,1.0,1,1.0,1,1.0,1,0.09244518483500926,55
4767,0,6437,3499,2938,0,0,0,1.0,1,1.0,1,1.0,1,0.07357345963351004,56
4768,0,6437,3499,2938,0,0,0,1.0,1,1.0,1,1.0,1,0.05943175841228887,56
4769,1,6438,3500,2938,0,0,0,1.0,1,1.0,1,1.0,1,0.07864639090417355,56
4770,1,6439,3501,2938,0,0,0,1.0,1,1.0,1,1.0,1,0.06095045716972465,56
4771,0,6439,3501,2938,0,0,0,1.0,1,1.0,1,1.0,1,0.07137458751731787,55
4772,2,6441,3502,2939,0,0,0,1.0,1,1.0,1,1.0,1,0.09561992944869405,56
4773,0,6441,3502,2939,0,0,0,1.0,1,1.0,1,1.0,1,0.09561992944869405,56
4774,0,6441,3502,2939,0,0,0,1.0,1,1.0,1,1.0,1,0.07404257743096461,58
4775,0,6441,3502,2939,0,0,0,1.0,1,1.0,1,1.0,1,0.07627697976641641,59
4776,0,6441,3502,2939,0,0,0,1.0,1,1.0,1,1.0,1,0.07627697976641641,59
4777,1,6442,3503,2939,0,0,0,1.0,1,1.0,1,1.0,1,0.08744843357051388,60
4778,0,6442,3503,2939,0,0,0,1.0,1,1.0,1,1.0,1,0.08744843357051388,60
4779,1,6443,3503,2940,0,0,0,1.0,1,1.0,1,1.0,1,0.08079889078156802,61
4780,2,6445,3504,2941,0,0,0,1.0,1,1.0,1,1.0,1,0.05642359335706205,63
4781,1,6446,3505,2941,0,0,0,1.0,1,1.0,1,1.0,1,0.05083243252326324,62
4782,2,6448,3506,2942,0,0,0,1.0,1,1.0,1,1.0,1,0.044313508913882096,63
4783,1,6449,3507,2942,0,0,0,1.0,1,1.0,1,1.0,1,0.03455802713625868,62
4784,1,6450,3508,2942,0,0,0,1.0,1,1.0,1,1.0,1,0.031443432589234065,62
4785,2,6452,3510,2942,0,0,0,1.0,1,1.0,1,1.0,1,0.03452983272888672,62
4786,4,6456,3514,2942,0,0,0,1.0,1,1.0,1,1.0,1,0.0798188366800721,63
4787,2,6458,3516,2942,0,0,0,1.0,1,1.0,1,1.0,1,0.09082575712820183,62
4788,4,6462,3519,2943,0,0,0,1.0,1,1.0,1,1.0,1,0.12337496718816361,62
4789,3,6465,3522,2943,0,0,0,1.0,1,1.0,1,1.0,1,0.15326326977101298,60
4790,6,6471,3527,2944,0,0,0,1.0,1,1.0,1,1.0,1,0.14188218281404863,61
4791,6,6477,3528,2949,0,0,0,1.0,1,1.0,1,1.0,1,0.06817476088730894,60
4792,4,6481,3530,2951,0,0,0,1.0,1,1.0,1,1.0,1,0.0594526355067963,60
4793,1,6482,3531,2951,0,0,0,1.0,1,1.0,1,1.0,1,0.06133404683543108,61
4794,2,6484,3532,2952,0,0,0,1.0,1,1.0,1,1.0,1,0.0802942869019561,59
4795,2,6486,3534,2952,0,0,0,1.0,1,1.0,1,1.0,1,0.07079056457982667,61
4796,3,6489,3535,2954,0,0,0,1.0,1,1.0,1,1.0,1,0.05296095526449934,59
4797,2,6491,3537,2954,0,0,0,1.0,1,1.0,1,1.0,1,0.09185152236541662,58
4798,1,6492,3537,2955,0,0,0,1.0,1,1.0,1,1.0,1,0.06877199907669718,59
4799,0,6492,3537,2955,0,0,0,1.0,1,1.0,1,1.0,1,0.0762859632051868,57
4800,2,6494,3538,2956,0,0,0,1.0,1,1.0,1,1.0,1,0.09018933748324418,58
4801,3,6497,3538,2959,0,0,0,1.0,1,1.0,1,1.0,1,0.07335091843967792,57
4802,0,6497,3538,2959,0,0,0,1.0,1,1.0,1,1.0,1,0.07335091843967792,57
4803,0,6497,3538,2959,0,0,0,1.0,1,1.0,1,1.0,1,0.07076845159308644,56
4804,0,6497,3538,2959,0,0,0,1.0,1,1.0,1,1.0,1,0.07572506550249071,54
4805,0,6497,3538,2959,0,0,0,1.0,1,1.0,1,1.0,1,0.0777546418194501,56
4806,2,6499,3538,2961,0,0,0,1.0,1,1.0,1,1.0,1,0.06029789741793447,55
4807,0,6499,3538,2961,0,0,0,1.0,1,1.0,1,1.0,1,0.05661625594995302,54
4808,0,6499,3538,2961,0,0,0,1.0,1,1.0,1,1.0,1,0.07341951466308778,53
4809,0,6499,3538,2961,0,0,0,1.0,1,1.0,1,1.0,1,0.07341951466308778,53
4810,1,6500,3539,2961,0,0,0,1.0,1,1.0,1,1.0,1,0.06456946275041772,51
4811,3,6503,3541,2962,0,0,0,1.0,1,1.0,1,1.0,1,0.05595236366718558,52
4812,3,6506,3543,2963,0,0,0,1.0,1,1.0,1,1.0,1,0.052172759865950456,52
4813,0,6506,3543,2963,0,0,0,1.0,1,1.0,1,1.0,1,0.052172759865950456,52
4814,2,6508,3545,2963,0,0,0,1.0,1,1.0,1,1.0,1,0.1093275034741281,53
4815,5,6513,3550,2963,0,0,0,1.0,1,1.0,1,1.0,1,0.14087270562910228,54
4816,5,6518,3551,2967,0,0,0,1.0,1,1.0,1,1.0,1,0.08941657646142671,54
4817,4,6522,3553,2969,0,0,0,1.0,1,1.0,1,1.0,1,0.12483355691936511,55
4818,5,6527,3556,2971,0,0,0,1.0,1,1.0,1,1.0,1,0.07992135134301454,55
4819,2,6529,3557,2972,0,0,0,1.0,1,1.0,1,1.0,1,0.10113096095555965,55
4820,2,6531,3557,2974,0,0,0,1.0,1,1.0,1,1.0,1,0.07357931637338042,55
4821,2,6533,3558,2975,0,0,0,1.0,1,1.0,1,1.0,1,0.07620773346665441,55
4822,1,6534,3559,2975,0,0,0,1.0,1,1.0,1,1.0,1,0.06032471915584804,54
4823,0,6534,3559,2975,0,0,0,1.0,1,1.0,1,1.0,1,0.04621257144386559,54
4824,2,6536,3560,2976,0,0,0,1.0,1,1.0,1,1.0,1,0.03632748573210972,55
4825,2,6538,3561,2977,0,0,0,1.0,1,1.0,1,1.0,1,0.06660713299391528,53
4826,1,6539,3561,2978,0,0,0,1.0,1,1.0,1,1.0,1,0.0462332014217548,54
4827,2,6541,3563,2978,0,0,0,1.0,1,1.0,1,1.0,1,0.12782769226356225,53
4828,1,6542,3563,2979,0,0,0,1.0,1,1.0,1,1.0,1,0.09840986846271767,54
4829,0,6542,3563,2979,0,0,0,1.0,1,1.0,1,1.0,1,0.09230691444094456,54
4830,0,6542,3563,2979,0,0,0,1.0,1,1.0,1,1.0,1,0.07956437195656378,53
4831,1,6543,3563,2980,0,0,0,1.0,1,1.0,1,1.0,1,0.08042567661096423,52
4832,1,6544,3564,2980,0,0,0,1.0,1,1.0,1,1.0,1,0.07788253682627135,50
4833,0,6544,3564,2980,0,0,0,1.0,1,1.0,1,1.0,1,0.09221902133448255,51
4834,1,6545,3564,2981,0,0,0,1.0,1,1.0,1,1.0,1,0.08800714841993308,51
4835,0,6545,3564,2981,0,0,0,1.0,1,1.0,1,1.0,1,0.1285584195154991,50
4836,3,6548,3564,2984,0,0,0,1.0,1,1.0,1,1.0,1,0.07275100299077193,50
4837,1,6549,3565,2984,0,0,0,1.0,1,1.0,1,1.0,1,0.12383934706268813,46
4838,3,6552,3567,2985,0,0,0,1.0,1,1.0,1,1.0,1,0.14195572780876412,47
4839,3,6555,3569,2986,0,0,0,1.0,1,1.0,1,1.0,1,0.13818263773304626,45
4840,0,6555,3569,2986,0,0,0,1.0,1,1.0,1,1.0,1,0.13818263773304626,45
4841,4,6559,3570,2989,0,0,0,1.0,1,1.0,1,1.0,1,0.14226921478653906,43
4842,1,6560,3570,2990,0,0,0,1.0,1,1.0,1,1.0,1,0.10849171406354603,43
4843,0,6560,3570,2990,0,0,0,1.0,1,1.0,1,1.0,1,0.10243588640015429,44
4844,0,6560,3570,2990,0,0,0,1.0,1,1.0,1,1.0,1,0.11094413635045275,43
4845,2,6562,3572,2990,0,0,0,1.0,1,1.0,1,1.0,1,0.08370300343696253,44
4846,2,6564,3573,2991,0,0,0,1.0,1,1.0,1,1.0,1,0.04455231793337898,43
4847,3,6567,3575,2992,0,0,0,1.0,1,1.0,1,1.0,1,0.0688098519789142,42
4848,1,6568,3576,2992,0,0,0,1.0,1,1.0,1,1.0,1,0.09851501091342608,41
4849,2,6570,3578,2992,0,0,0,1.0,1,1.0,1,1.0,1,0.10616360904261744,41
4850,2,6572,3578,2994,0,0,0,1.0,1,1.0,1,1.0,1,0.1114841636224056,41
4851,1,6573,3578,2995,0,0,0,1.0,1,1.0,1,1.0,1,0.08353671061841904,41
4852,1,6574,3579,2995,0,0,0,1.0,1,1.0,1,1.0,1,0.12751927007592956,43
4853,0,6574,3579,2995,0,0,0,1.0,1,1.0,1,1.0,1,0.14462219008600205,44
4854,0,6574,3579,2995,0,0,0,1.0,1,1.0,1,1.0,1,0.14700381798716725,45
4855,0,6574,3579,2995,0,0,0,1.0,1,1.0,1,1.0,1,0.15614935893362716,44
4856,1,6575,3579,2996,0,0,0,1.0,1,1.0,1,1.0,1,0.1418193008313196,44
4857,1,6576,3579,2997,0,0,0,1.0,1,1.0,1,1.0,1,0.14003831665827718,44
4858,0,6576,3579,2997,0,0,0,1.0,1,1.0,1,1.0,1,0.1495533384591606,45
4859,1,6577,3579,2998,0,0,0,1.0,1,1.0,1,1.0,1,0.14501523426400362,46
4860,0,6577,3579,2998,0,0,0,1.0,1,1.0,1,1.0,1,0.14501523426400362,46
4861,0,6577,3579,2998,0,0,0,1.0,1,1.0,1,1.0,1,0.118551212424815,46
4862,1,6578,3579,2999,0,0,0,1.0,1,1.0,1,1.0,1,0.10417487017624033,47
4863,2,6580,3580,3000,0,0,0,1.0,1,1.0,1,1.0,1,0.0703246795736191,47
4864,1,6581,3580,3001,0,0,0,1.0,1,1.0,1,1.0,1,0.05794063543213334,47
4865,0,6581,3580,3001,0,0,0,1.0,1,1.0,1,1.0,1,0.07281807836036301,48
4866,1,6582,3580,3002,0,0,0,1.0,1,1.0,1,1.0,1,0.05916535267279724,49
4867,0,6582,3580,3002,0,0,0,1.0,1,1.0,1,1.0,1,0.06382669982428112,50
4868,1,6583,3581,3002,0,0,0,1.0,1,1.0,1,1.0,1,0.06450769185926873,50
4869,0,6583,3581,3002,0,0,0,1.0,1,1.0,1,1.0,1,0.06450769185926873,50
4870,2,6585,3583,3002,0,0,0,1.0,1,1.0,1,1.0,1,0.08804875065646904,52
4871,1,6586,3583,3003,0,0,0,1.0,1,1.0,1,1.0,1,0.07609780030997487,52
4872,0,6586,3583,3003,0,0,0,1.0,1,1.0,1,1.0,1,0.05747685119321555,53
4873,2,6588,3585,3003,0,0,0,1.0,1,1.0,1,1.0,1,0.09509614659433861,55
4874,1,6589,3586,3003,0,0,0,1.0,1,1.0,1,1.0,1,0.10005261342593469,56
4875,2,6591,3587,3004,0,0,0,1.0,1,1.0,1,1.0,1,0.09103296204818567,55
4876,2,6593,3588,3005,0,0,0,1.0,1,1.0,1,1.0,1,0.09774855813363931,55
4877,5,6598,3592,3006,0,0,0,1.0,1,1.0,1,1.0,1,0.1264467491562569,54
4878,2,6600,3594,3006,0,0,0,1.0,1,1.0,1,1.0,1,0.14994691528115606,53
4879,2,6602,3595,3007,0,0,0,1.0,1,1.0,1,1.0,1,0.15581501750127208,54
4880,3,6605,3597,3008,0,0,0,1.0,1,1.0,1,1.0,1,0.16184871664190542,54
4881,5,6610,3598,3012,0,0,0,1.0,1,1.0,1,1.0,1,0.1506650653451337,53
4882,1,6611,3599,3012,0,0,0,1.0,1,1.0,1,1.0,1,0.15637252834204676,53
4883,0,6611,3599,3012,0,0,0,1.0,1,1.0,1,1.0,1,0.15676587348791607,53
4884,0,6611,3599,3012,0,0,0,1.0,1,1.0,1,1.0,1,0.1435244771954204,51
4885,0,6611,3599,3012,0,0,0,1.0,1,1.0,1,1.0,1,0.13361301519983107,50
4886,0,6611,3599,3012,0,0,0,1.0,1,1.0,1,1.0,1,0.13280866190268964,48
4887,0,6611,3599,3012,0,0,0,1.0,1,1.0,1,1.0,1,0.13280866190268964,48
4888,0,6611,3599,3012,0,0,0,1.0,1,1.0,1,1.0,1,0.13280866190268964,48
4889,0,6611,3599,3012,0,0,0,1.0,1,1.0,1,1.0,1,0.13280866190268964,48
4890,0,6611,3599,3012,0,0,0,1.0,1,1.0,1,1.0,1,0.13166682978691255,49
4891,2,6613,3600,3013,0,0,0,1.0,1,1.0,1,1.0,1,0.14846771785650512,50
4892,1,6614,3600,3014,0,0,0,1.0,1,1.0,1,1.0,1,0.13863296538493974,49
4893,1,6615,3600,3015,0,0,0,1.0,1,1.0,1,1.0,1,0.12947470191499735,50
4894,1,6616,3600,3016,0,0,0,1.0,1,1.0,1,1.0,1,0.107720024588665,51
4895,0,6616,3600,3016,0,0,0,1.0,1,1.0,1,1.0,1,0.11766518154736749,52
4896,2,6618,3600,3018,0,0,0,1.0,1,1.0,1,1.0,1,0.09274859678238419,53
4897,0,6618,3600,3018,0,0,0,1.0,1,1.0,1,1.0,1,0.09274859678238419,53
4898,0,6618,3600,3018,0,0,0,1.0,1,1.0,1,1.0,1,0.09274859678238419,53
4899,1,6619,3601,3018,0,0,0,1.0,1,1.0,1,1.0,1,0.09012810425312008,55
4900,3,6622,3602,3020,0,0,0,1.0,1,1.0,1,1.0,1,0.09182606446827996,55
4901,1,6623,3602,3021,0,0,0,1.0,1,1.0,1,1.0,1,0.0937336561322769,56
4902,2,6625,3603,3022,0,0,0,1.0,1,1.0,1,1.0,1,0.12180162948563664,58
4903,2,6627,3604,3023,0,0,0,1.0,1,1.0,1,1.0,1,0.12900143017400284,58
4904,0,6627,3604,3023,0,0,0,1.0,1,1.0,1,1.0,1,0.1262138628196573,57
4905,2,6629,3605,3024,0,0,0,1.0,1,1.0,1,1.0,1,0.1613947518291673,54
4906,3,6632,3605,3027,0,0,0,1.0,1,1.0,1,1.0,1,0.14937095933818476,55
4907,0,6632,3605,3027,0,0,0,1.0,1,1.0,1,1.0,1,0.164325313028122,52
4908,1,6633,3606,3027,0,0,0,1.0,1,1.0,1,1.0,1,0.1853560675646774,53
4909,0,6633,3606,3027,0,0,0,1.0,1,1.0,1,1.0,1,0.1922877598840025,52
4910,2,6635,3608,3027,0,0,0,1.0,1,1.0,1,1.0,1,0.22336635132932914,53
4911,4,6639,3609,3030,0,0,0,1.0,1,1.0,1,1.0,1,0.18852164428948948,55
4912,2,6641,3610,3031,0,0,0,1.0,1,1.0,1,1.0,1,0.2073862687821716,54
4913,0,6641,3610,3031,0,0,0,1.0,1,1.0,1,1.0,1,0.19559351941196995,53
4914,2,6643,3611,3032,0,0,0,1.0,1,1.0,1,1.0,1,0.16794619208974554,53
4915,0,6643,3611,3032,0,0,0,1.0,1,1.0,1,1.0,1,0.1690055726215147,54
4916,3,6646,3611,3035,0,0,0,1.0,1,1.0,1,1.0,1,0.13013650227733317,52
4917,1,6647,3612,3035,0,0,0,1.0,1,1.0,1,1.0,1,0.131284577873819,52
4918,1,6648,3612,3036,0,0,0,1.0,1,1.0,1,1.0,1,0.10814458643583996,51
4919,1,6649,3613,3036,0,0,0,1.0,1,1.0,1,1.0,1,0.13918685099215655,50
4920,1,6650,3613,3037,0,0,0,1.0,1,1.0,1,1.0,1,0.1284522354694892,51
4921,1,6651,3613,3038,0,0,0,1.0,1,1.0,1,1.0,1,0.10794841276847933,51
4922,2,6653,3614,3039,0,0,0,1.0,1,1.0,1,1.0,1,0.13561056046064077,53
4923,1,6654,3614,3040,0,0,0,1.0,1,1.0,1,1.0,1,0.12315569789653492,53
4924,0,6654,3614,3040,0,0,0,1.0,1,1.0,1,1.0,1,0.12413301298711316,55
4925,2,6656,3616,3040,0,0,0,1.0,1,1.0,1,1.0,1,0.09995432819596124,56
4926,0,6656,3616,3040,0,0,0,1.0,1,1.0,1,1.0,1,0.0848835290981486,55
4927,2,6658,3618,3040,0,0,0,1.0,1,1.0,1,1.0,1,0.1003173245272797,55
4928,1,6659,3618,3041,0,0,0,1.0,1,1.0,1,1.0,1,0.0893127840818604,55
4929,0,6659,3618,3041,0,0,0,1.0,1,1.0,1,1.0,1,0.08450213715833964,56
4930,1,6660,3618,3042,0,0,0,1.0,1,1.0,1,1.0,1,0.0808133290222713,58
4931,2,6662,3618,3044,0,0,0,1.0,1,1.0,1,1.0,1,0.06327457936858759,59
4932,0,6662,3618,3044,0,0,0,1.0,1,1.0,1,1.0,1,0.07770577215142853,60
4933,1,6663,3619,3044,0,0,0,1.0,1,1.0,1,1.0,1,0.09793383835412735,60
4934,2,6665,3620,3045,0,0,0,1.0,1,1.0,1,1.0,1,0.10964225325378486,60
4935,0,6665,3620,3045,0,0,0,1.0,1,1.0,1,1.0,1,0.10964225325378486,60
4936,3,6668,3621,3047,0,0,0,1.0,1,1.0,1,1.0,1,0.11993224860423853,61
4937,3,6671,3622,3049,0,0,0,1.0,1,1.0,1,1.0,1,0.1453489295924559,62
4938,1,6672,3622,3050,0,0,0,1.0,1,1.0,1,1.0,1,0.1364278252545452,62
4939,2,6674,3624,3050,0,0,0,1.0,1,1.0,1,1.0,1,0.14130565242321066,64
4940,1,6675,3624,3051,0,0,0,1.0,1,1.0,1,1.0,1,0.14175100296105536,67
4941,1,6676,3625,3051,0,0,0,1.0,1,1.0,1,1.0,1,0.14168792915417106,66
4942,2,6678,3625,3053,0,0,0,1.0,1,1.0,1,1.0,1,0.13221140648967628,67
4943,1,6679,3625,3054,0,0,0,1.0,1,1.0,1,1.0,1,0.14219093555853904,65
4944,0,6679,3625,3054,0,0,0,1.0,1,1.0,1,1.0,1,0.14219093555853904,65
4945,0,6679,3625,3054,0,0,0,1.0,1,1.0,1,1.0,1,0.16608171962232404,62
4946,4,6683,3625,3058,0,0,0,1.0,1,1.0,1,1.0,1,0.13671013813188282,61
4947,0,6683,3625,3058,0,0,0,1.0,1,1.0,1,1.0,1,0.16013929470187854,59
4948,2,6685,3626,3059,0,0,0,1.0,1,1.0,1,1.0,1,0.17699351704595487,59
4949,1,6686,3627,3059,0,0,0,1.0,1,1.0,1,1.0,1,0.1761208008789969,57
4950,4,6690,3630,3060,0,0,0,1.0,1,1.0,1,1.0,1,0.20301265345614816,58
4951,7,6697,3635,3062,0,0,0,1.0,1,1.0,1,1.0,1,0.19438117725802487,55
4952,3,6700,3636,3064,0,0,0,1.0,1,1.0,1,1.0,1,0.17439916290972546,53
4953,2,6702,3638,3064,0,0,0,1.0,1,1.0,1,1.0,1,0.20187885809825484,54
4954,0,6702,3638,3064,0,0,0,1.0,1,1.0,1,1.0,1,0.18187570331405187,52
4955,0,6702,3638,3064,0,0,0,1.0,1,1.0,1,1.0,1,0.1970394156178778,51
4956,4,6706,3638,3068,0,0,0,1.0,1,1.0,1,1.0,1,0.13295561749790755,47
4957,0,6706,3638,3068,0,0,0,1.0,1,1.0,1,1.0,1,0.1353582230378752,48
4958,0,6706,3638,3068,0,0,0,1.0,1,1.0,1,1.0,1,0.12291167022497265,47
4959,0,6706,3638,3068,0,0,0,1.0,1,1.0,1,1.0,1,0.12291167022497265,47
4960,0,6706,3638,3068,0,0,0,1.0,1,1.0,1,1.0,1,0.1367382221424841,48
4961,2,6708,3638,3070,0,0,0,1.0,1,1.0,1,1.0,1,0.11000575669744114,49
4962,2,6710,3640,3070,0,0,0,1.0,1,1.0,1,1.0,1,0.10594760938251685,49
4963,2,6712,3640,3072,0,0,0,1.0,1,1.0,1,1.0,1,0.08923616824352834,51
4964,1,6713,3641,3072,0,0,0,1.0,1,1.0,1,1.0,1,0.1142223503690465,51
4965,3,6716,3643,3073,0,0,0,1.0,1,1.0,1,1.0,1,0.13903463981533246,51
4966,3,6719,3644,3075,0,0,0,1.0,1,1.0,1,1.0,1,0.11603096689342932,51
4967,2,6721,3646,3075,0,0,0,1.0,1,1.0,1,1.0,1,0.15862485026382334,51
4968,4,6725,3647,3078,0,0,0,1.0,1,1.0,1,1.0,1,0.11629992931620539,52
4969,0,6725,3647,3078,0,0,0,1.0,1,1.0,1,1.0,1,0.12529742629387997,53
4970,1,6726,3648,3078,0,0,0,1.0,1,1.0,1,1.0,1,0.14399459508438664,54
4971,4,6730,3648,3082,0,0,0,1.0,1,1.0,1,1.0,1,0.11272166099625083,55
4972,3,6733,3650,3083,0,0,0,1.0,1,1.0,1,1.0,1,0.11709117868591165,56
4973,1,6734,3650,3084,0,0,0,1.0,1,1.0,1,1.0,1,0.08231293927150601,57
4974,0,6734,3650,3084,0,0,0,1.0,1,1.0,1,1.0,1,0.10811903666375888,56
4975,1,6735,3651,3084,0,0,0,1.0,1,1.0,1,1.0,1,0.13536897420008173,57
4976,3,6738,3652,3086,0,0,0,1.0,1,1.0,1,1.0,1,0.10849781007735292,57
4977,0,6738,3652,3086,0,0,0,1.0,1,1.0,1,1.0,1,0.10849781007735292,57
4978,1,6739,3653,3086,0,0,0,1.0,1,1.0,1,1.0,1,0.10846439982274275,58
4979,1,6740,3654,3086,0,0,0,1.0,1,1.0,1,1.0,1,0.1195793662259294,58
4980,1,6741,3655,3086,0,0,0,1.0,1,1.0,1,1.0,1,0.13804012768719506,59
4981,6,6747,3656,3091,0,0,0,1.0,1,1.0,1,1.0,1,0.10906037991691837,60
4982,0,6747,3656,3091,0,0,0,1.0,1,1.0,1,1.0,1,0.09651449235184922,61
4983,1,6748,3657,3091,0,0,0,1.0,1,1.0,1,1.0,1,0.07499407189466417,61
4984,0,6748,3657,3091,0,0,0,1.0,1,1.0,1,1.0,1,0.09982410666022018,59
4985,0,6748,3657,3091,0,0,0,1.0,1,1.0,1,1.0,1,0.13297642694437856,58
4986,3,6751,3657,3094,0,0,0,1.0,1,1.0,1,1.0,1,0.08536200229973441,59
4987,1,6752,3658,3094,0,0,0,1.0,1,1.0,1,1.0,1,0.12190803805874245,58
4988,2,6754,3658,3096,0,0,0,1.0,1,1.0,1,1.0,1,0.09989385841549735,57
4989,2,6756,3660,3096,0,0,0,1.0,1,1.0,1,1.0,1,0.14780230587991108,54
4990,1,6757,3661,3096,0,0,0,1.0,1,1.0,1,1.0,1,0.1449651668458981,53
4991,7,6764,3664,3100,0,0,0,1.0,1,1.0,1,1.0,1,0.11722475325194305,52
4992,2,6766,3665,3101,0,0,0,1.0,1,1.0,1,1.0,1,0.1335497045890614,48
4993,1,6767,3666,3101,0,0,0,1.0,1,1.0,1,1.0,1,0.14365671974045358,48
4994,1,6768,3667,3101,0,0,0,1.0,1,1.0,1,1.0,1,0.13220850335510836,45
4995,2,6770,3669,3101,0,0,0,1.0,1,1.0,1,1.0,1,0.17695171468768534,45
4996,3,6773,3670,3103,0,0,0,1.0,1,1.0,1,1.0,1,0.08772437683965009,45
4997,3,6776,3672,3104,0,0,0,1.0,1,1.0,1,1.0,1,0.12647387388479192,42
4998,3,6779,3673,3106,0,0,0,1.0,1,1.0,1,1.0,1,0.1266328227753782,44
4999,1,6780,3674,3106,0,0,0,1.0,1,1.0,1,1.0,1,0.16155590841681383,44
5000,1,6781,3675,3106,0,0,0,1.0,1,1.0,1,1.0,1,0.21085766899420885,42
5001,2,6783,3675,3108,0,0,0,1.0,1,1.0,1,1.0,1,0.17547783702449032,42
5002,1,6784,3676,3108,0,0,0,1.0,1,1.0,1,1.0,1,0.17929105712931825,41
5003,2,6786,3677,3109,0,0,0,1.0,1,1.0,1,1.0,1,0.2306909437676113,41
5004,0,6786,3677,3109,0,0,0,1.0,1,1.0,1,1.0,1,0.23818792465648705,41
5005,0,6786,3677,3109,0,0,0,1.0,1,1.0,1,1.0,1,0.23818792465648705,41
5006,0,6786,3677,3109,0,0,0,1.0,1,1.0,1,1.0,1,0.22451188431840705,42
5007,0,6786,3677,3109,0,0,0,1.0,1,1.0,1,1.0,1,0.21881094604451976,43
5008,0,6786,3677,3109,0,0,0,1.0,1,1.0,1,1.0,1,0.19780085905980663,46
5009,0,6786,3677,3109,0,0,0,1.0,1,1.0,1,1.0,1,0.19780085905980663,46
5010,1,6787,3677,3110,0,0,0,1.0,1,1.0,1,1.0,1,0.2027673751434912,46
5011,0,6787,3677,3110,0,0,0,1.0,1,1.0,1,1.0,1,0.1917983617094943,47
5012,0,6787,3677,3110,0,0,0,1.0,1,1.0,1,1.0,1,0.19290433949240013,48
5013,0,6787,3677,3110,0,0,0,1.0,1,1.0,1,1.0,1,0.19290433949240013,48
5014,0,6787,3677,3110,0,0,0,1.0,1,1.0,1,1.0,1,0.18556435233900997,49
5015,2,6789,3677,3112,0,0,0,1.0,1,1.0,1,1.0,1,0.15120950418708137,50
5016,2,6791,3678,3113,0,0,0,1.0,1,1.0,1,1.0,1,0.17199622003659476,51
5017,2,6793,3678,3115,0,0,0,1.0,1,1.0,1,1.0,1,0.14869034191474856,51
5018,0,6793,3678,3115,0,0,0,1.0,1,1.0,1,1.0,1,0.14869034191474856,51
5019,0,6793,3678,3115,0,0,0,1.0,1,1.0,1,1.0,1,0.15556236014491628,51
5020,0,6793,3678,3115,0,0,0,1.0,1,1.0,1,1.0,1,0.15556236014491628,51
5021,2,6795,3678,3117,0,0,0,1.0,1,1.0,1,1.0,1,0.13892008724057572,52
5022,1,6796,3679,3117,0,0,0,1.0,1,1.0,1,1.0,1,0.13653536682532716,52
5023,1,6797,3680,3117,0,0,0,1.0,1,1.0,1,1.0,1,0.14827849943540064,52
5024,0,6797,3680,3117,0,0,0,1.0,1,1.0,1,1.0,1,0.13381546397399624,51
5025,0,6797,3680,3117,0,0,0,1.0,1,1.0,1,1.0,1,0.131761361337388,50
5026,2,6799,3681,3118,0,0,0,1.0,1,1.0,1,1.0,1,0.18130188258891639,49
5027,1,6800,3682,3118,0,0,0,1.0,1,1.0,1,1.0,1,0.1910642551047394,47
5028,1,6801,3683,3118,0,0,0,1.0,1,1.0,1,1.0,1,0.21705537062291458,47
5029,2,6803,3684,3119,0,0,0,1.0,1,1.0,1,1.0,1,0.176358957916348,46
5030,1,6804,3685,3119,0,0,0,1.0,1,1.0,1,1.0,1,0.18193338190251995,48
5031,1,6805,3686,3119,0,0,0,1.0,1,1.0,1,1.0,1,0.18135151015562953,46
5032,1,6806,3686,3120,0,0,0,1.0,1,1.0,1,1.0,1,0.15460298938863248,46
5033,1,6807,3687,3120,0,0,0,1.0,1,1.0,1,1.0,1,0.18562894374551653,47
5034,0,6807,3687,3120,0,0,0,1.0,1,1.0,1,1.0,1,0.15665976459331835,48
5035,0,6807,3687,3120,0,0,0,1.0,1,1.0,1,1.0,1,0.1549229136499948,47
5036,0,6807,3687,3120,0,0,0,1.0,1,1.0,1,1.0,1,0.1549229136499948,47
5037,0,6807,3687,3120,0,0,0,1.0,1,1.0,1,1.0,1,0.17448758116871932,47
5038,0,6807,3687,3120,0,0,0,1.0,1,1.0,1,1.0,1,0.18516771427556422,48
5039,2,6809,3688,3121,0,0,0,1.0,1,1.0,1,1.0,1,0.2229441983642565,47
5040,0,6809,3688,3121,0,0,0,1.0,1,1.0,1,1.0,1,0.2155031069545424,48
5041,1,6810,3688,3122,0,0,0,1.0,1,1.0,1,1.0,1,0.1960885780825645,49
5042,0,6810,3688,3122,0,0,0,1.0,1,1.0,1,1.0,1,0.18428231906428208,50
5043,1,6811,3688,3123,0,0,0,1.0,1,1.0,1,1.0,1,0.14945494929839537,51
5044,0,6811,3688,3123,0,0,0,1.0,1,1.0,1,1.0,1,0.14945494929839537,51
5045,1,6812,3688,3124,0,0,0,1.0,1,1.0,1,1.0,1,0.13764222535165538,51
5046,2,6814,3689,3125,0,0,0,1.0,1,1.0,1,1.0,1,0.14149148763759833,52
5047,0,6814,3689,3125,0,0,0,1.0,1,1.0,1,1.0,1,0.13852290886959764,52
5048,1,6815,3689,3126,0,0,0,1.0,1,1.0,1,1.0,1,0.13036982348939863,52
5049,1,6816,3689,3127,0,0,0,1.0,1,1.0,1,1.0,1,0.14996585463229467,52
5050,1,6817,3689,3128,0,0,0,1.0,1,1.0,1,1.0,1,0.13319019754279918,55
5051,1,6818,3689,3129,0,0,0,1.0,1,1.0,1,1.0,1,0.14466956402678202,55
5052,0,6818,3689,3129,0,0,0,1.0,1,1.0,1,1.0,1,0.14466956402678202,55
5053,1,6819,3689,3130,0,0,0,1.0,1,1.0,1,1.0,1,0.14782005872708256,54
5054,2,6821,3690,3131,0,0,0,1.0,1,1.0,1,1.0,1,0.1413946166746446,54
5055,1,6822,3690,3132,0,0,0,1.0,1,1.0,1,1.0,1,0.13557189324899582,54
5056,2,6824,3690,3134,0,0,0,1.0,1,1.0,1,1.0,1,0.12287055253382055,55
5057,1,6825,3690,3135,0,0,0,1.0,1,1.0,1,1.0,1,0.12023441633158904,56
5058,3,6828,3692,3136,0,0,0,1.0,1,1.0,1,1.0,1,0.08912295998576132,58
5059,1,6829,3692,3137,0,0,0,1.0,1,1.0,1,1.0,1,0.08167769177480924,58
5060,3,6832,3694,3138,0,0,0,1.0,1,1.0,1,1.0,1,0.07793673960560339,59
5061,3,6835,3694,3141,0,0,0,1.0,1,1.0,1,1.0,1,0.03292835407356351,58
5062,1,6836,3695,3141,0,0,0,1.0,1,1.0,1,1.0,1,0.016255390051786934,58
5063,4,6840,3698,3142,0,0,0,1.0,1,1.0,1,1.0,1,0.0675289281406461,57
5064,1,6841,3699,3142,0,0,0,1.0,1,1.0,1,1.0,1,0.10428687550560575,57
5065,1,6842,3700,3142,0,0,0,1.0,1,1.0,1,1.0,1,0.14094650159453007,56
5066,4,6846,3702,3144,0,0,0,1.0,1,1.0,1,1.0,1,0.15756557415791944,55
5067,0,6846,3702,3144,0,0,0,1.0,1,1.0,1,1.0,1,0.14472257459621163,54
5068,2,6848,3703,3145,0,0,0,1.0,1,1.0,1,1.0,1,0.1621604114227689,54
5069,1,6849,3704,3145,0,0,0,1.0,1,1.0,1,1.0,1,0.18283088560471134,53
5070,2,6851,3705,3146,0,0,0,1.0,1,1.0,1,1.0,1,0.2133395501430222,53
5071,2,6853,3706,3147,0,0,0,1.0,1,1.0,1,1.0,1,0.18355767875379225,53
5072,2,6855,3706,3149,0,0,0,1.0,1,1.0,1,1.0,1,0.14995810356808773,53
5073,1,6856,3706,3150,0,0,0,1.0,1,1.0,1,1.0,1,0.12994926212138838,53
5074,1,6857,3706,3151,0,0,0,1.0,1,1.0,1,1.0,1,0.09984029178495737,52
5075,0,6857,3706,3151,0,0,0,1.0,1,1.0,1,1.0,1,0.09984029178495737,52
5076,1,6858,3706,3152,0,0,0,1.0,1,1.0,1,1.0,1,0.059075559147608474,55
5077,2,6860,3708,3152,0,0,0,1.0,1,1.0,1,1.0,1,0.10983912537359522,55
5078,0,6860,3708,3152,0,0,0,1.0,1,1.0,1,1.0,1,0.10983912537359522,55
5079,0,6860,3708,3152,0,0,0,1.0,1,1.0,1,1.0,1,0.12394367145407434,54
5080,1,6861,3709,3152,0,0,0,1.0,1,1.0,1,1.0,1,0.1378794130816905,55
5081,2,6863,3709,3154,0,0,0,1.0,1,1.0,1,1.0,1,0.13384219044609863,57
5082,0,6863,3709,3154,0,0,0,1.0,1,1.0,1,1.0,1,0.13384219044609863,57
5083,1,6864,3709,3155,0,0,0,1.0,1,1.0,1,1.0,1,0.11696010794432186,58
5084,1,6865,3709,3156,0,0,0,1.0,1,1.0,1,1.0,1,0.10757519513421232,58
5085,0,6865,3709,3156,0,0,0,1.0,1,1.0,1,1.0,1,0.10229296517991703,59
5086,2,6867,3711,3156,0,0,0,1.0,1,1.0,1,1.0,1,0.09429452179630013,60
5087,1,6868,3712,3156,0,0,0,1.0,1,1.0,1,1.0,1,0.11086131641827167,61
5088,3,6871,3714,3157,0,0,0,1.0,1,1.0,1,1.0,1,0.1428758805742623,62
5089,5,6876,3717,3159,0,0,0,1.0,1,1.0,1,1.0,1,0.12812678465892438,63
5090,0,6876,3717,3159,0,0,0,1.0,1,1.0,1,1.0,1,0.12812678465892438,63
5091,7,6883,3720,3163,0,0,0,1.0,1,1.0,1,1.0,1,0.12491966811361407,63
5092,0,6883,3720,3163,0,0,0,1.0,1,1.0,1,1.0,1,0.12491966811361407,63
5093,0,6883,3720,3163,0,0,0,1.0,1,1.0,1,1.0,1,0.12491966811361407,63
5094,1,6884,3721,3163,0,0,0,1.0,1,1.0,1,1.0,1,0.12364408915604044,64
5095,2,6886,3721,3165,0,0,0,1.0,1,1.0,1,1.0,1,0.09980641489502963,64
5096,3,6889,3721,3168,0,0,0,1.0,1,1.0,1,1.0,1,0.06654217570990152,67
5097,2,6891,3722,3169,0,0,0,1.0,1,1.0,1,1.0,1,0.07372076354332964,67
5098,1,6892,3723,3169,0,0,0,1.0,1,1.0,1,1.0,1,0.06952610492917906,68
5099,2,6894,3723,3171,0,0,0,1.0,1,1.0,1,1.0,1,0.05793526786039852,70
5100,0,6894,3723,3171,0,0,0,1.0,1,1.0,1,1.0,1,0.0446830483873916,71
5101,2,6896,3724,3172,0,0,0,1.0,1,1.0,1,1.0,1,0.04346688614613952,71
5102,1,6897,3725,3172,0,0,0,1.0,1,1.0,1,1.0,1,0.05757226130056933,70
5103,1,6898,3726,3172,0,0,0,1.0,1,1.0,1,1.0,1,0.059026404824985876,67
5104,1,6899,3727,3172,0,0,0,1.0,1,1.0,1,1.0,1,0.08267799390917238,67
5105,3,6902,3730,3172,0,0,0,1.0,1,1.0,1,1.0,1,0.10574312826589659,63
5106,3,6905,3732,3173,0,0,0,1.0,1,1.0,1,1.0,1,0.12453772882258132,63
5107,3,6908,3735,3173,0,0,0,1.0,1,1.0,1,1.0,1,0.15853596482252852,60
5108,3,6911,3737,3174,0,0,0,1.0,1,1.0,1,1.0,1,0.17710098480924139,56
5109,2,6913,3738,3175,0,0,0,1.0,1,1.0,1,1.0,1,0.1743252277296261,56
5110,2,6915,3740,3175,0,0,0,1.0,1,1.0,1,1.0,1,0.19811808945554962,52
5111,5,6920,3744,3176,0,0,0,1.0,1,1.0,1,1.0,1,0.21511097990094968,51
5112,4,6924,3745,3179,0,0,0,1.0,1,1.0,1,1.0,1,0.19340145252939264,50
5113,4,6928,3747,3181,0,0,0,1.0,1,1.0,1,1.0,1,0.19903962237552392,48
5114,1,6929,3748,3181,0,0,0,1.0,1,1.0,1,1.0,1,0.19054131788095363,46
5115,0,6929,3748,3181,0,0,0,1.0,1,1.0,1,1.0,1,0.16860153364798186,44
5116,2,6931,3748,3183,0,0,0,1.0,1,1.0,1,1.0,1,0.1280318720860554,44
5117,2,6933,3748,3185,0,0,0,1.0,1,1.0,1,1.0,1,0.10157850706047655,46
5118,0,6933,3748,3185,0,0,0,1.0,1,1.0,1,1.0,1,0.10157850706047655,46
5119,1,6934,3749,3185,0,0,0,1.0,1,1.0,1,1.0,1,0.12440236170210685,46
5120,2,6936,3750,3186,0,0,0,1.0,1,1.0,1,1.0,1,0.14428330036342218,46
5121,2,6938,3751,3187,0,0,0,1.0,1,1.0,1,1.0,1,0.17875456256578245,46
5122,3,6941,3752,3189,0,0,0,1.0,1,1.0,1,1.0,1,0.18392930505355973,46
5123,3,6944,3754,3190,0,0,0,1.0,1,1.0,1,1.0,1,0.1670426933291473,45
5124,1,6945,3755,3190,0,0,0,1.0,1,1.0,1,1.0,1,0.19252565627625892,47
5125,2,6947,3756,3191,0,0,0,1.0,1,1.0,1,1.0,1,0.17896864905717247,50
5126,4,6951,3756,3195,0,0,0,1.0,1,1.0,1,1.0,1,0.12447812952703292,50
5127,2,6953,3757,3196,0,0,0,1.0,1,1.0,1,1.0,1,0.11315199417614538,52
5128,0,6953,3757,3196,0,0,0,1.0,1,1.0,1,1.0,1,0.11569028450459543,53
5129,0,6953,3757,3196,0,0,0,1.0,1,1.0,1,1.0,1,0.11813346742579078,55
5130,0,6953,3757,3196,0,0,0,1.0,1,1.0,1,1.0,1,0.11813346742579078,55
5131,0,6953,3757,3196,0,0,0,1.0,1,1.0,1,1.0,1,0.13629222839807914,54
5132,1,6954,3757,3197,0,0,0,1.0,1,1.0,1,1.0,1,0.13576626877235415,54
5133,0,6954,3757,3197,0,0,0,1.0,1,1.0,1,1.0,1,0.13576626877235415,54
5134,0,6954,3757,3197,0,0,0,1.0,1,1.0,1,1.0,1,0.15061957497078776,53
5135,2,6956,3757,3199,0,0,0,1.0,1,1.0,1,1.0,1,0.14252755254810587,54
5136,3,6959,3757,3202,0,0,0,1.0,1,1.0,1,1.0,1,0.14848596756863322,54
5137,0,6959,3757,3202,0,0,0,1.0,1,1.0,1,1.0,1,0.14848596756863322,54
5138,1,6960,3758,3202,0,0,0,1.0,1,1.0,1,1.0,1,0.1848089239178604,54
5139,2,6962,3759,3203,0,0,0,1.0,1,1.0,1,1.0,1,0.15884094096697043,55
5140,4,6966,3762,3204,0,0,0,1.0,1,1.0,1,1.0,1,0.16426303992973706,55
5141,3,6969,3764,3205,0,0,0,1.0,1,1.0,1,1.0,1,0.1334643381004129,53
5142,0,6969,3764,3205,0,0,0,1.0,1,1.0,1,1.0,1,0.11797092940534458,54
5143,2,6971,3766,3205,0,0,0,1.0,1,1.0,1,1.0,1,0.16109593997401103,52
5144,0,6971,3766,3205,0,0,0,1.0,1,1.0,1,1.0,1,0.13467712758845715,50
5145,0,6971,3766,3205,0,0,0,1.0,1,1.0,1,1.0,1,0.14611236651520876,49
5146,2,6973,3766,3207,0,0,0,1.0,1,1.0,1,1.0,1,0.13061501817482365,49
5147,1,6974,3766,3208,0,0,0,1.0,1,1.0,1,1.0,1,0.12566283929455546,46
5148,0,6974,3766,3208,0,0,0,1.0,1,1.0,1,1.0,1,0.0962481091681903,46
5149,0,6974,3766,3208,0,0,0,1.0,1,1.0,1,1.0,1,0.11824560860876288,45
5150,2,6976,3768,3208,0,0,0,1.0,1,1.0,1,1.0,1,0.13432444523645054,47
5151,2,6978,3770,3208,0,0,0,1.0,1,1.0,1,1.0,1,0.1689423284391899,46
5152,3,6981,3772,3209,0,0,0,1.0,1,1.0,1,1.0,1,0.20060153997471541,46
5153,1,6982,3772,3210,0,0,0,1.0,1,1.0,1,1.0,1,0.19820615959544183,45
5154,2,6984,3773,3211,0,0,0,1.0,1,1.0,1,1.0,1,0.21929543399448626,47
5155,2,6986,3774,3212,0,0,0,1.0,1,1.0,1,1.0,1,0.25149497775994656,47
5156,4,6990,3774,3216,0,0,0,1.0,1,1.0,1,1.0,1,0.192576973725662,47
5157,0,6990,3774,3216,0,0,0,1.0,1,1.0,1,1.0,1,0.20535183793840497,46
5158,0,6990,3774,3216,0,0,0,1.0,1,1.0,1,1.0,1,0.1980473365769734,47
5159,2,6992,3774,3218,0,0,0,1.0,1,1.0,1,1.0,1,0.18774509976975667,49
5160,1,6993,3774,3219,0,0,0,1.0,1,1.0,1,1.0,1,0.18794702725658716,48
5161,2,6995,3774,3221,0,0,0,1.0,1,1.0,1,1.0,1,0.16918051493964004,48
5162,1,6996,3774,3222,0,0,0,1.0,1,1.0,1,1.0,1,0.14942576161228763,49
5163,2,6998,3774,3224,0,0,0,1.0,1,1.0,1,1.0,1,0.13153020834417295,51
5164,1,6999,3774,3225,0,0,0,1.0,1,1.0,1,1.0,1,0.12442272230745618,51
5165,0,6999,3774,3225,0,0,0,1.0,1,1.0,1,1.0,1,0.1405855039892798,52
5166,5,7004,3776,3228,0,0,0,1.0,1,1.0,1,1.0,1,0.09746345917719598,52
5167,1,7005,3777,3228,0,0,0,1.0,1,1.0,1,1.0,1,0.10904218297608334,52
5168,0,7005,3777,3228,0,0,0,1.0,1,1.0,1,1.0,1,0.10904218297608334,52
5169,2,7007,3778,3229,0,0,0,1.0,1,1.0,1,1.0,1,0.1099215333897916,53
5170,0,7007,3778,3229,0,0,0,1.0,1,1.0,1,1.0,1,0.1099215333897916,53
5171,2,7009,3778,3231,0,0,0,1.0,1,1.0,1,1.0,1,0.084786814981939,52
5172,1,7010,3779,3231,0,0,0,1.0,1,1.0,1,1.0,1,0.06892827826201027,53
5173,2,7012,3779,3233,0,0,0,1.0,1,1.0,1,1.0,1,0.06399291711775507,54
5174,1,7013,3779,3234,0,0,0,1.0,1,1.0,1,1.0,1,0.0683319793410281,56
5175,2,7015,3780,3235,0,0,0,1.0,1,1.0,1,1.0,1,0.04673617402699653,58
5176,2,7017,3781,3236,0,0,0,1.0,1,1.0,1,1.0,1,0.0654179856794215,58
5177,0,7017,3781,3236,0,0,0,1.0,1,1.0,1,1.0,1,0.0809709638010936,59
5178,2,7019,3783,3236,0,0,0,1.0,1,1.0,1,1.0,1,0.09590305348797874,57
5179,1,7020,3783,3237,0,0,0,1.0,1,1.0,1,1.0,1,0.09411650756565092,58
5180,0,7020,3783,3237,0,0,0,1.0,1,1.0,1,1.0,1,0.07264016525618525,56
5181,3,7023,3785,3238,0,0,0,1.0,1,1.0,1,1.0,1,0.09951646201385994,57
5182,0,7023,3785,3238,0,0,0,1.0,1,1.0,1,1.0,1,0.09096697027928048,56
5183,2,7025,3787,3238,0,0,0,1.0,1,1.0,1,1.0,1,0.14580735942032882,57
5184,0,7025,3787,3238,0,0,0,1.0,1,1.0,1,1.0,1,0.15087387077740602,56
5185,2,7027,3787,3240,0,0,0,1.0,1,1.0,1,1.0,1,0.16767721372837419,56
5186,3,7030,3788,3242,0,0,0,1.0,1,1.0,1,1.0,1,0.1601362060576883,54
5187,0,7030,3788,3242,0,0,0,1.0,1,1.0,1,1.0,1,0.15256626055393863,51
5188,0,7030,3788,3242,0,0,0,1.0,1,1.0,1,1.0,1,0.13777511666967748,50
5189,0,7030,3788,3242,0,0,0,1.0,1,1.0,1,1.0,1,0.1554094002347647,49
5190,1,7031,3789,3242,0,0,0,1.0,1,1.0,1,1.0,1,0.1411058073381507,50
5191,2,7033,3789,3244,0,0,0,1.0,1,1.0,1,1.0,1,0.11302497500047405,50
5192,2,7035,3791,3244,0,0,0,1.0,1,1.0,1,1.0,1,0.1097505814216884,49
5193,0,7035,3791,3244,0,0,0,1.0,1,1.0,1,1.0,1,0.12588377304546894,50
5194,1,7036,3792,3244,0,0,0,1.0,1,1.0,1,1.0,1,0.15236199263665504,51
5195,1,7037,3793,3244,0,0,0,1.0,1,1.0,1,1.0,1,0.1739094011613698,51
5196,4,7041,3793,3248,0,0,0,1.0,1,1.0,1,1.0,1,0.12045649390066344,51
5197,0,7041,3793,3248,0,0,0,1.0,1,1.0,1,1.0,1,0.12045649390066344,51
5198,0,7041,3793,3248,0,0,0,1.0,1,1.0,1,1.0,1,0.12045649390066344,51
5199,0,7041,3793,3248,0,0,0,1.0,1,1.0,1,1.0,1,0.10149794718570565,54
5200,1,7042,3794,3248,0,0,0,1.0,1,1.0,1,1.0,1,0.10051417716708026,54
5201,2,7044,3796,3248,0,0,0,1.0,1,1.0,1,1.0,1,0.12340352943227373,55
5202,1,7045,3796,3249,0,0,0,1.0,1,1.0,1,1.0,1,0.1206719720836328,56
5203,0,7045,3796,3249,0,0,0,1.0,1,1.0,1,1.0,1,0.1206719720836328,56
5204,1,7046,3797,3249,0,0,0,1.0,1,1.0,1,1.0,1,0.11925886658160086,58
5205,1,7047,3797,3250,0,0,0,1.0,1,1.0,1,1.0,1,0.10513416318673845,58
5206,3,7050,3798,3252,0,0,0,1.0,1,1.0,1,1.0,1,0.08981694181004768,58
5207,0,7050,3798,3252,0,0,0,1.0,1,1.0,1,1.0,1,0.09836660056834719,59
5208,1,7051,3799,3252,0,0,0,1.0,1,1.0,1,1.0,1,0.10552632929972598,58
5209,0,7051,3799,3252,0,0,0,1.0,1,1.0,1,1.0,1,0.10552632929972598,58
5210,0,7051,3799,3252,0,0,0,1.0,1,1.0,1,1.0,1,0.10785031547011897,57
5211,2,7053,3799,3254,0,0,0,1.0,1,1.0,1,1.0,1,0.08544637759946852,57
5212,2,7055,3799,3256,0,0,0,1.0,1,1.0,1,1.0,1,0.07150657627479111,59
5213,4,7059,3801,3258,0,0,0,1.0,1,1.0,1,1.0,1,0.10705432749846687,59
5214,1,7060,3802,3258,0,0,0,1.0,1,1.0,1,1.0,1,0.16212572564445063,59
5215,3,7063,3803,3260,0,0,0,1.0,1,1.0,1,1.0,1,0.1843860822214847,58
5216,5,7068,3804,3264,0,0,0,1.0,1,1.0,1,1.0,1,0.14717727194321,59
5217,2,7070,3805,3265,0,0,0,1.0,1,1.0,1,1.0,1,0.1344728826452318,58
5218,1,7071,3806,3265,0,0,0,1.0,1,1.0,1,1.0,1,0.16835210897593783,58
5219,2,7073,3807,3266,0,0,0,1.0,1,1.0,1,1.0,1,0.15994137933054242,57
5220,0,7073,3807,3266,0,0,0,1.0,1,1.0,1,1.0,1,0.14797209235293346,56
5221,3,7076,3807,3269,0,0,0,1.0,1,1.0,1,1.0,1,0.1275658924138858,58
5222,0,7076,3807,3269,0,0,0,1.0,1,1.0,1,1.0,1,0.11085683170902735,56
5223,3,7079,3809,3270,0,0,0,1.0,1,1.0,1,1.0,1,0.15725572932091886,55
5224,0,7079,3809,3270,0,0,0,1.0,1,1.0,1,1.0,1,0.1632547191591756,56
5225,1,7080,3810,3270,0,0,0,1.0,1,1.0,1,1.0,1,0.2019993373475051,55
5226,2,7082,3810,3272,0,0,0,1.0,1,1.0,1,1.0,1,0.18724322510070773,55
5227,1,7083,3810,3273,0,0,0,1.0,1,1.0,1,1.0,1,0.1705966565387625,53
5228,1,7084,3810,3274,0,0,0,1.0,1,1.0,1,1.0,1,0.15595842572639795,51
5229,0,7084,3810,3274,0,0,0,1.0,1,1.0,1,1.0,1,0.13480337466399392,51
5230,0,7084,3810,3274,0,0,0,1.0,1,1.0,1,1.0,1,0.1363617645966685,51
5231,1,7085,3811,3274,0,0,0,1.0,1,1.0,1,1.0,1,0.16806861785136443,52
5232,1,7086,3812,3274,0,0,0,1.0,1,1.0,1,1.0,1,0.2079795144306053,52
5233,3,7089,3813,3276,0,0,0,1.0,1,1.0,1,1.0,1,0.2082871664269362,53
5234,3,7092,3814,3278,0,0,0,1.0,1,1.0,1,1.0,1,0.21612078633106638,53
5235,2,7094,3815,3279,0,0,0,1.0,1,1.0,1,1.0,1,0.19975325751269724,53
5236,3,7097,3815,3282,0,0,0,1.0,1,1.0,1,1.0,1,0.1846640821228395,52
5237,1,7098,3815,3283,0,0,0,1.0,1,1.0,1,1.0,1,0.1967243418931376,52
5238,1,7099,3815,3284,0,0,0,1.0,1,1.0,1,1.0,1,0.1867873574100704,52
5239,0,7099,3815,3284,0,0,0,1.0,1,1.0,1,1.0,1,0.20150268023488827,51
5240,1,7100,3815,3285,0,0,0,1.0,1,1.0,1,1.0,1,0.1987058599538076,53
5241,3,7103,3816,3287,0,0,0,1.0,1,1.0,1,1.0,1,0.1807848717625524,53
5242,2,7105,3817,3288,0,0,0,1.0,1,1.0,1,1.0,1,0.16963744081757412,51
5243,3,7108,3818,3290,0,0,0,1.0,1,1.0,1,1.0,1,0.17681906314866092,51
5244,1,7109,3819,3290,0,0,0,1.0,1,1.0,1,1.0,1,0.1787198896716495,52
5245,3,7112,3821,3291,0,0,0,1.0,1,1.0,1,1.0,1,0.16842444640552906,53
5246,2,7114,3822,3292,0,0,0,1.0,1,1.0,1,1.0,1,0.1480332301324236,53
5247,3,7117,3823,3294,0,0,0,1.0,1,1.0,1,1.0,1,0.12489222683310251,54
5248,0,7117,3823,3294,0,0,0,1.0,1,1.0,1,1.0,1,0.11500268636565279,54
5249,0,7117,3823,3294,0,0,0,1.0,1,1.0,1,1.0,1,0.09805896522478233,55
5250,0,7117,3823,3294,0,0,0,1.0,1,1.0,1,1.0,1,0.11617035729723157,57
5251,2,7119,3823,3296,0,0,0,1.0,1,1.0,1,1.0,1,0.08028656048546828,58
5252,2,7121,3825,3296,0,0,0,1.0,1,1.0,1,1.0,1,0.09337135921466462,58
5253,2,7123,3827,3296,0,0,0,1.0,1,1.0,1,1.0,1,0.14624675607517074,58
5254,2,7125,3828,3297,0,0,0,1.0,1,1.0,1,1.0,1,0.16447618396088348,59
5255,4,7129,3830,3299,0,0,0,1.0,1,1.0,1,1.0,1,0.15803798567177077,58
5256,1,7130,3830,3300,0,0,0,1.0,1,1.0,1,1.0,1,0.1537381898100632,58
5257,1,7131,3831,3300,0,0,0,1.0,1,1.0,1,1.0,1,0.17053991809386876,57
5258,1,7132,3831,3301,0,0,0,1.0,1,1.0,1,1.0,1,0.13692392989470312,55
5259,0,7132,3831,3301,0,0,0,1.0,1,1.0,1,1.0,1,0.13225256443653752,56
5260,0,7132,3831,3301,0,0,0,1.0,1,1.0,1,1.0,1,0.1224275303618183,55
5261,0,7132,3831,3301,0,0,0,1.0,1,1.0,1,1.0,1,0.11759547048653045,54
5262,1,7133,3832,3301,0,0,0,1.0,1,1.0,1,1.0,1,0.14079074012929996,54
5263,0,7133,3832,3301,0,0,0,1.0,1,1.0,1,1.0,1,0.15492345231007448,55
5264,3,7136,3834,3302,0,0,0,1.0,1,1.0,1,1.0,1,0.14431243161651727,53
5265,2,7138,3836,3302,0,0,0,1.0,1,1.0,1,1.0,1,0.14116923145670496,52
5266,1,7139,3836,3303,0,0,0,1.0,1,1.0,1,1.0,1,0.146510601648048,49
5267,4,7143,3837,3306,0,0,0,1.0,1,1.0,1,1.0,1,0.13878545849244295,49
5268,0,7143,3837,3306,0,0,0,1.0,1,1.0,1,1.0,1,0.1617004110080456,46
5269,1,7144,3838,3306,0,0,0,1.0,1,1.0,1,1.0,1,0.16374383891672786,45
5270,1,7145,3839,3306,0,0,0,1.0,1,1.0,1,1.0,1,0.16545307651884936,46
5271,7,7152,3842,3310,0,0,0,1.0,1,1.0,1,1.0,1,0.12858818970778294,46
5272,1,7153,3842,3311,0,0,0,1.0,1,1.0,1,1.0,1,0.13168678364752698,45
5273,1,7154,3843,3311,0,0,0,1.0,1,1.0,1,1.0,1,0.12925463928745887,45
5274,0,7154,3843,3311,0,0,0,1.0,1,1.0,1,1.0,1,0.148036401329416,45
5275,3,7157,3846,3311,0,0,0,1.0,1,1.0,1,1.0,1,0.19588984857357972,46
5276,7,7164,3849,3315,0,0,0,1.0,1,1.0,1,1.0,1,0.1745448981777978,45
5277,1,7165,3849,3316,0,0,0,1.0,1,1.0,1,1.0,1,0.15598191442581663,45
5278,3,7168,3851,3317,0,0,0,1.0,1,1.0,1,1.0,1,0.1851419533042981,44
5279,2,7170,3852,3318,0,0,0,1.0,1,1.0,1,1.0,1,0.19736861451636847,45
5280,1,7171,3853,3318,0,0,0,1.0,1,1.0,1,1.0,1,0.19120702241648715,46
5281,1,7172,3853,3319,0,0,0,1.0,1,1.0,1,1.0,1,0.18273277220416903,46
5282,2,7174,3854,3320,0,0,0,1.0,1,1.0,1,1.0,1,0.1975480014953933,47
5283,0,7174,3854,3320,0,0,0,1.0,1,1.0,1,1.0,1,0.20934686008095788,48
5284,1,7175,3854,3321,0,0,0,1.0,1,1.0,1,1.0,1,0.19903918608986698,48
5285,0,7175,3854,3321,0,0,0,1.0,1,1.0,1,1.0,1,0.1762062073581814,48
5286,3,7178,3854,3324,0,0,0,1.0,1,1.0,1,1.0,1,0.1529813639169159,50
5287,0,7178,3854,3324,0,0,0,1.0,1,1.0,1,1.0,1,0.1529813639169159,50
5288,0,7178,3854,3324,0,0,0,1.0,1,1.0,1,1.0,1,0.1457079852817558,51
5289,0,7178,3854,3324,0,0,0,1.0,1,1.0,1,1.0,1,0.1457079852817558,51
5290,2,7180,3854,3326,0,0,0,1.0,1,1.0,1,1.0,1,0.09926261549854236,52
5291,2,7182,3855,3327,0,0,0,1.0,1,1.0,1,1.0,1,0.13147306419200053,52
5292,0,7182,3855,3327,0,0,0,1.0,1,1.0,1,1.0,1,0.1406715957153159,53
5293,1,7183,3856,3327,0,0,0,1.0,1,1.0,1,1.0,1,0.1611191493169958,51
5294,0,7183,3856,3327,0,0,0,1.0,1,1.0,1,1.0,1,0.14780636331162084,50
5295,1,7184,3856,3328,0,0,0,1.0,1,1.0,1,1.0,1,0.1514904082518681,49
5296,0,7184,3856,3328,0,0,0,1.0,1,1.0,1,1.0,1,0.1572981399336563,48
5297,0,7184,3856,3328,0,0,0,1.0,1,1.0,1,1.0,1,0.1830957909079623,46
5298,0,7184,3856,3328,0,0,0,1.0,1,1.0,1,1.0,1,0.18380986621707618,46
5299,1,7185,3857,3328,0,0,0,1.0,1,1.0,1,1.0,1,0.22451055208521917,47
5300,0,7185,3857,3328,0,0,0,1.0,1,1.0,1,1.0,1,0.20205614282880893,48
5301,0,7185,3857,3328,0,0,0,1.0,1,1.0,1,1.0,1,0.20205614282880893,48
5302,1,7186,3858,3328,0,0,0,1.0,1,1.0,1,1.0,1,0.21445415623487268,49
5303,0,7186,3858,3328,0,0,0,1.0,1,1.0,1,1.0,1,0.20969504792053448,48
5304,0,7186,3858,3328,0,0,0,1.0,1,1.0,1,1.0,1,0.20294403336970485,48
5305,0,7186,3858,3328,0,0,0,1.0,1,1.0,1,1.0,1,0.21035302016425977,47
5306,2,7188,3860,3328,0,0,0,1.0,1,1.0,1,1.0,1,0.21265121357857553,48
5307,1,7189,3861,3328,0,0,0,1.0,1,1.0,1,1.0,1,0.22570067732895283,48
5308,1,7190,3861,3329,0,0,0,1.0,1,1.0,1,1.0,1,0.20540886358907012,47
5309,0,7190,3861,3329,0,0,0,1.0,1,1.0,1,1.0,1,0.22075303966618198,46
5310,1,7191,3861,3330,0,0,0,1.0,1,1.0,1,1.0,1,0.21166136477764977,46
5311,2,7193,3862,3331,0,0,0,1.0,1,1.0,1,1.0,1,0.17464278312493373,46
5312,1,7194,3862,3332,0,0,0,1.0,1,1.0,1,1.0,1,0.17927746031714983,46
5313,2,7196,3862,3334,0,0,0,1.0,1,1.0,1,1.0,1,0.17303096952807137,46
5314,0,7196,3862,3334,0,0,0,1.0,1,1.0,1,1.0,1,0.17303096952807137,46
5315,2,7198,3862,3336,0,0,0,1.0,1,1.0,1,1.0,1,0.14533527626982357,47
5316,3,7201,3862,3339,0,0,0,1.0,1,1.0,1,1.0,1,0.12868336774401276,48
5317,1,7202,3862,3340,0,0,0,1.0,1,1.0,1,1.0,1,0.113049397409,49
5318,7,7209,3866,3343,0,0,0,1.0,1,1.0,1,1.0,1,0.06381978843135504,49
5319,1,7210,3867,3343,0,0,0,1.0,1,1.0,1,1.0,1,0.09886036587135803,50
5320,1,7211,3868,3343,0,0,0,1.0,1,1.0,1,1.0,1,0.11959170941920809,51
5321,1,7212,3868,3344,0,0,0,1.0,1,1.0,1,1.0,1,0.07703902736475628,52
5322,1,7213,3868,3345,0,0,0,1.0,1,1.0,1,1.0,1,0.07770242122078143,53
5323,1,7214,3869,3345,0,0,0,1.0,1,1.0,1,1.0,1,0.05415956017371511,53
5324,3,7217,3869,3348,0,0,0,1.0,1,1.0,1,1.0,1,0.015973668438881063,55
5325,2,7219,3870,3349,0,0,0,1.0,1,1.0,1,1.0,1,0.05827596208255821,55
5326,3,7222,3872,3350,0,0,0,1.0,1,1.0,1,1.0,1,0.05187959090140217,55
5327,0,7222,3872,3350,0,0,0,1.0,1,1.0,1,1.0,1,0.05232532659958451,56
5328,0,7222,3872,3350,0,0,0,1.0,1,1.0,1,1.0,1,0.04953679137520839,57
5329,2,7224,3873,3351,0,0,0,1.0,1,1.0,1,1.0,1,0.06459467490709048,57
5330,2,7226,3874,3352,0,0,0,1.0,1,1.0,1,1.0,1,0.06564207613343012,56
5331,0,7226,3874,3352,0,0,0,1.0,1,1.0,1,1.0,1,0.05964276716155821,57
5332,1,7227,3874,3353,0,0,0,1.0,1,1.0,1,1.0,1,0.04321976661776183,58
5333,1,7228,3875,3353,0,0,0,1.0,1,1.0,1,1.0,1,0.05255091728349373,59
5334,1,7229,3876,3353,0,0,0,1.0,1,1.0,1,1.0,1,0.06671464448509204,59
5335,0,7229,3876,3353,0,0,0,1.0,1,1.0,1,1.0,1,0.05588586212294475,58
5336,1,7230,3877,3353,0,0,0,1.0,1,1.0,1,1.0,1,0.06531236428669586,59
5337,0,7230,3877,3353,0,0,0,1.0,1,1.0,1,1.0,1,0.06027958843073031,60
5338,2,7232,3879,3353,0,0,0,1.0,1,1.0,1,1.0,1,0.07840485605135332,60
5339,0,7232,3879,3353,0,0,0,1.0,1,1.0,1,1.0,1,0.07840485605135332,60
5340,4,7236,3882,3354,0,0,0,1.0,1,1.0,1,1.0,1,0.10379759563185055,60
5341,3,7239,3883,3356,0,0,0,1.0,1,1.0,1,1.0,1,0.11342758641290243,61
5342,1,7240,3883,3357,0,0,0,1.0,1,1.0,1,1.0,1,0.08979642639165797,59
5343,2,7242,3885,3357,0,0,0,1.0,1,1.0,1,1.0,1,0.11319087443855652,58
5344,0,7242,3885,3357,0,0,0,1.0,1,1.0,1,1.0,1,0.10638861721632682,58
5345,2,7244,3887,3357,0,0,0,1.0,1,1.0,1,1.0,1,0.1059019264725358,54
5346,1,7245,3887,3358,0,0,0,1.0,1,1.0,1,1.0,1,0.09796873949731129,54
5347,4,7249,3891,3358,0,0,0,1.0,1,1.0,1,1.0,1,0.10379288797186341,54
5348,1,7250,3891,3359,0,0,0,1.0,1,1.0,1,1.0,1,0.11052341428648027,55
5349,1,7251,3892,3359,0,0,0,1.0,1,1.0,1,1.0,1,0.14238922171840118,56
5350,2,7253,3893,3360,0,0,0,1.0,1,1.0,1,1.0,1,0.15291803542214014,56
5351,3,7256,3893,3363,0,0,0,1.0,1,1.0,1,1.0,1,0.09325664621356251,57
5352,1,7257,3894,3363,0,0,0,1.0,1,1.0,1,1.0,1,0.11710272332845587,57
5353,3,7260,3895,3365,0,0,0,1.0,1,1.0,1,1.0,1,0.0885412102091156,57
5354,0,7260,3895,3365,0,0,0,1.0,1,1.0,1,1.0,1,0.10585272423448286,56
5355,0,7260,3895,3365,0,0,0,1.0,1,1.0,1,1.0,1,0.08872398302158871,57
5356,1,7261,3895,3366,0,0,0,1.0,1,1.0,1,1.0,1,0.08656632336560796,56
5357,1,7262,3895,3367,0,0,0,1.0,1,1.0,1,1.0,1,0.09936104226064373,56
5358,2,7264,3896,3368,0,0,0,1.0,1,1.0,1,1.0,1,0.08399210310795967,57
5359,1,7265,3897,3368,0,0,0,1.0,1,1.0,1,1.0,1,0.09584226606137114,57
5360,0,7265,3897,3368,0,0,0,1.0,1,1.0,1,1.0,1,0.11793118505265333,55
5361,4,7269,3900,3369,0,0,0,1.0,1,1.0,1,1.0,1,0.1576833543967751,56
5362,1,7270,3900,3370,0,0,0,1.0,1,1.0,1,1.0,1,0.12294910099134009,57
5363,1,7271,3901,3370,0,0,0,1.0,1,1.0,1,1.0,1,0.14429435223761786,57
5364,0,7271,3901,3370,0,0,0,1.0,1,1.0,1,1.0,1,0.1537309133395822,58
5365,0,7271,3901,3370,0,0,0,1.0,1,1.0,1,1.0,1,0.13770363077768094,59
5366,1,7272,3902,3370,0,0,0,1.0,1,1.0,1,1.0,1,0.15425231757474514,60
5367,2,7274,3903,3371,0,0,0,1.0,1,1.0,1,1.0,1,0.16788858221558922,60
5368,0,7274,3903,3371,0,0,0,1.0,1,1.0,1,1.0,1,0.1618477117783179,58
5369,2,7276,3905,3371,0,0,0,1.0,1,1.0,1,1.0,1,0.1705650689900877,58
5370,0,7276,3905,3371,0,0,0,1.0,1,1.0,1,1.0,1,0.16490914302863985,57
5371,3,7279,3908,3371,0,0,0,1.0,1,1.0,1,1.0,1,0.2225607727444991,56
5372,1,7280,3909,3371,0,0,0,1.0,1,1.0,1,1.0,1,0.1957112250597198,55
5373,6,7286,3913,3373,0,0,0,1.0,1,1.0,1,1.0,1,0.22116797897306442,54
5374,1,7287,3914,3373,0,0,0,1.0,1,1.0,1,1.0,1,0.21079678387654394,53
5375,4,7291,3916,3375,0,0,0,1.0,1,1.0,1,1.0,1,0.18423010244229,52
5376,3,7294,3918,3376,0,0,0,1.0,1,1.0,1,1.0,1,0.19674477898340242,52
5377,3,7297,3919,3378,0,0,0,1.0,1,1.0,1,1.0,1,0.15388704631947203,51
5378,2,7299,3921,3378,0,0,0,1.0,1,1.0,1,1.0,1,0.2187780733987941,52
5379,1,7300,3921,3379,0,0,0,1.0,1,1.0,1,1.0,1,0.18846017587678815,50
5380,1,7301,3922,3379,0,0,0,1.0,1,1.0,1,1.0,1,0.22334927020986645,51
5381,3,7304,3923,3381,0,0,0,1.0,1,1.0,1,1.0,1,0.20119750937948788,50
5382,0,7304,3923,3381,0,0,0,1.0,1,1.0,1,1.0,1,0.20971930465917157,48
5383,0,7304,3923,3381,0,0,0,1.0,1,1.0,1,1.0,1,0.21027979615307216,48
5384,3,7307,3924,3383,0,0,0,1.0,1,1.0,1,1.0,1,0.17674148308345713,48
5385,0,7307,3924,3383,0,0,0,1.0,1,1.0,1,1.0,1,0.18471412697912948,47
5386,6,7313,3928,3385,0,0,0,1.0,1,1.0,1,1.0,1,0.17511112623483463,48
5387,2,7315,3929,3386,0,0,0,1.0,1,1.0,1,1.0,1,0.17177271671145608,48
5388,0,7315,3929,3386,0,0,0,1.0,1,1.0,1,1.0,1,0.17177271671145608,48
5389,2,7317,3930,3387,0,0,0,1.0,1,1.0,1,1.0,1,0.13376489633886124,50
5390,1,7318,3931,3387,0,0,0,1.0,1,1.0,1,1.0,1,0.14834536350537625,52
5391,2,7320,3931,3389,0,0,0,1.0,1,1.0,1,1.0,1,0.10923526706341669,52
5392,0,7320,3931,3389,0,0,0,1.0,1,1.0,1,1.0,1,0.12720080694328173,51
5393,1,7321,3932,3389,0,0,0,1.0,1,1.0,1,1.0,1,0.13802025663963083,50
5394,0,7321,3932,3389,0,0,0,1.0,1,1.0,1,1.0,1,0.13577836089578602,50
5395,2,7323,3933,3390,0,0,0,1.0,1,1.0,1,1.0,1,0.15064474300825656,49
5396,1,7324,3933,3391,0,0,0,1.0,1,1.0,1,1.0,1,0.14782699273006278,48
5397,2,7326,3934,3392,0,0,0,1.0,1,1.0,1,1.0,1,0.1265359725467954,48
5398,3,7329,3935,3394,0,0,0,1.0,1,1.0,1,1.0,1,0.13788498024344958,46
5399,3,7332,3938,3394,0,0,0,1.0,1,1.0,1,1.0,1,0.15277858312232567,46
5400,2,7334,3940,3394,0,0,0,1.0,1,1.0,1,1.0,1,0.17422191457485817,48
5401,3,7337,3940,3397,0,0,0,1.0,1,1.0,1,1.0,1,0.09036029361930538,49
5402,0,7337,3940,3397,0,0,0,1.0,1,1.0,1,1.0,1,0.0,0
