,SuccessfulHandoverCount,TotalSuccessfulHandoverCount,TotalSuccessfulHandoverCountRange,TotalSuccessfulHandoverCountLoadBalancing,TotalSuccessfulHandoverCountOverload,FailedHandoverCount,TotalFailedHandoverCount,AvgQoS,MinQoS,AvgQoS_LoadBased,MinQoS_LoadBased,AvgQoS_RangeBased,MinQoS_RangeBased,GiniLoad,VehicleCount
0,0,0,0,0,0,0,0,1.0,1.0,1.0,1.0,1.0,1,0.0,0
1,8,8,8,0,0,0,0,1.0,1.0,1.0,1.0,1.0,1,0.24866261537447223,30
2,4,12,12,0,0,0,0,1.0,1.0,1.0,1.0,1.0,1,0.24042391135153027,32
3,5,17,17,0,0,0,0,1.0,1.0,1.0,1.0,1.0,1,0.19805108313472938,33
4,6,23,23,0,0,0,0,1.0,1.0,1.0,1.0,1.0,1,0.2330962873665722,34
5,3,26,26,0,0,0,0,1.0,1.0,1.0,1.0,1.0,1,0.21420917999732889,36
6,2,28,28,0,0,0,0,1.0,1.0,1.0,1.0,1.0,1,0.18748779304099872,38
7,2,30,30,0,0,0,0,1.0,1.0,1.0,1.0,1.0,1,0.20087007780060703,40
8,3,33,33,0,0,0,0,1.0,1.0,1.0,1.0,1.0,1,0.2749113524615571,40
9,2,35,35,0,0,0,0,1.0,1.0,1.0,1.0,1.0,1,0.21989268606311868,40
10,2,37,37,0,0,0,0,1.0,1.0,1.0,1.0,1.0,1,0.21497182372549004,41
11,1,38,38,0,0,0,0,1.0,1.0,1.0,1.0,1.0,1,0.15892945319580354,40
12,1,39,39,0,0,0,0,1.0,1.0,1.0,1.0,1.0,1,0.15029419288364387,39
13,3,42,42,0,0,0,0,1.0,1.0,1.0,1.0,1.0,1,0.11286110280443917,37
14,0,42,42,0,0,0,0,1.0,1.0,1.0,1.0,1.0,1,0.1680329246045088,35
15,3,45,45,0,0,0,0,1.0,1.0,1.0,1.0,1.0,1,0.10942088013887993,36
16,2,47,47,0,0,0,0,1.0,1.0,1.0,1.0,1.0,1,0.1612995530469838,34
17,0,47,47,0,0,0,0,1.0,1.0,1.0,1.0,1.0,1,0.18869658203553077,33
18,1,48,48,0,0,0,0,1.0,1.0,1.0,1.0,1.0,1,0.2439887807583224,34
19,2,50,50,0,0,0,0,1.0,1.0,1.0,1.0,1.0,1,0.2557346560938127,34
20,1,51,51,0,0,0,0,1.0,1.0,1.0,1.0,1.0,1,0.24757104597552915,34
21,1,52,52,0,0,0,0,1.0,1.0,1.0,1.0,1.0,1,0.20768796755728997,36
22,1,53,53,0,0,0,0,1.0,1.0,1.0,1.0,1.0,1,0.2638083726550963,35
23,3,56,56,0,0,0,0,1.0,1.0,1.0,1.0,1.0,1,0.25385838213852085,35
24,1,57,57,0,0,0,0,1.0,1.0,1.0,1.0,1.0,1,0.22108550483578596,35
25,2,59,59,0,0,0,0,1.0,1.0,1.0,1.0,1.0,1,0.23736871675290222,35
26,3,62,62,0,0,0,0,1.0,1.0,1.0,1.0,1.0,1,0.0942254507611711,36
27,3,65,65,0,0,0,0,1.0,1.0,1.0,1.0,1.0,1,0.13064583149823844,34
28,3,68,68,0,0,0,0,1.0,1.0,1.0,1.0,1.0,1,0.0408252132600864,35
29,0,68,68,0,0,0,0,1.0,1.0,1.0,1.0,1.0,1,0.06856317708367017,33
30,1,69,69,0,0,0,0,1.0,1.0,1.0,1.0,1.0,1,0.06361812953159364,33
31,0,69,69,0,0,0,0,1.0,1.0,1.0,1.0,1.0,1,0.1485074126811604,33
32,2,71,71,0,0,0,0,1.0,1.0,1.0,1.0,1.0,1,0.19197141853417357,32
33,5,76,76,0,0,0,0,1.0,1.0,1.0,1.0,1.0,1,0.18177480238316643,33
34,2,78,78,0,0,0,0,1.0,1.0,1.0,1.0,1.0,1,0.1950321440564831,33
35,4,82,82,0,0,0,0,1.0,1.0,1.0,1.0,1.0,1,0.22008753163206116,35
36,0,82,82,0,0,0,0,1.0,1.0,1.0,1.0,1.0,1,0.22102132005310107,36
37,7,89,89,0,0,0,0,1.0,1.0,1.0,1.0,1.0,1,0.19297826049063063,37
38,1,90,90,0,0,0,0,1.0,1.0,1.0,1.0,1.0,1,0.18987653387025977,36
39,2,92,92,0,0,0,0,1.0,1.0,1.0,1.0,1.0,1,0.2311585549037013,38
40,1,93,93,0,0,0,0,1.0,1.0,1.0,1.0,1.0,1,0.2421354991767736,40
41,3,96,96,0,0,0,0,1.0,1.0,1.0,1.0,1.0,1,0.24490756284150678,40
42,3,99,99,0,0,0,0,1.0,1.0,1.0,1.0,1.0,1,0.28224910328457914,40
43,2,101,101,0,0,0,0,1.0,1.0,1.0,1.0,1.0,1,0.2791572390426884,43
44,2,103,103,0,0,0,0,1.0,1.0,1.0,1.0,1.0,1,0.27781950983586984,43
45,2,105,105,0,0,0,0,1.0,1.0,1.0,1.0,1.0,1,0.2587725853973382,44
46,1,106,106,0,0,0,0,1.0,1.0,1.0,1.0,1.0,1,0.26970596576418565,44
47,0,106,106,0,0,0,0,1.0,1.0,1.0,1.0,1.0,1,0.26970596576418565,44
48,1,107,107,0,0,0,0,1.0,1.0,1.0,1.0,1.0,1,0.2599863023068672,44
49,1,108,108,0,0,0,0,1.0,1.0,1.0,1.0,1.0,1,0.2625590371144333,41
50,2,110,110,0,0,0,0,1.0,1.0,1.0,1.0,1.0,1,0.3013942215166734,40
51,0,110,110,0,0,0,0,1.0,1.0,1.0,1.0,1.0,1,0.3043640160685817,38
52,4,114,114,0,0,0,0,1.0,1.0,1.0,1.0,1.0,1,0.3791460359313571,37
53,2,116,116,0,0,0,0,1.0,1.0,1.0,1.0,1.0,1,0.39778102287020783,38
54,2,118,118,0,0,0,0,0.9571180592858786,0.9291515762114517,0.9571180592858786,0.9291515762114517,1.0,1,0.4247744288269611,38
55,1,119,119,0,0,0,0,0.9571180592858786,0.9291515762114517,0.9571180592858786,0.9291515762114517,1.0,1,0.4529841877190361,38
56,4,123,123,0,0,0,0,0.934294178511839,0.8959657826437452,0.934294178511839,0.8959657826437452,1.0,1,0.45535087897144005,38
57,4,127,127,0,0,0,0,1.0,1.0,1.0,1.0,1.0,1,0.4126873078807997,38
58,1,128,128,0,0,0,0,0.9929251785096631,0.987779853789418,0.9929251785096631,0.987779853789418,1.0,1,0.45689241237917233,38
59,1,129,129,0,0,0,0,0.9929358636587124,0.9871561157431135,0.9929358636587124,0.9871561157431135,1.0,1,0.43054391885617044,40
60,1,130,130,0,0,0,0,0.9929358636587124,0.9871561157431135,0.9929358636587124,0.9871561157431135,1.0,1,0.39895171788536543,40
61,0,130,130,0,0,0,0,1.0,1.0,1.0,1.0,1.0,1,0.3847046065347794,40
62,0,130,130,0,0,0,0,1.0,1.0,1.0,1.0,1.0,1,0.3639757725616658,42
63,2,132,132,0,0,0,0,1.0,1.0,1.0,1.0,1.0,1,0.35339006187950706,40
64,0,132,132,0,0,0,0,1.0,1.0,1.0,1.0,1.0,1,0.34263459080087233,41
65,2,134,134,0,0,0,0,1.0,1.0,1.0,1.0,1.0,1,0.3070258659996861,41
66,2,136,136,0,0,0,0,1.0,1.0,1.0,1.0,1.0,1,0.2616976490608238,41
67,1,137,137,0,0,0,0,1.0,1.0,1.0,1.0,1.0,1,0.24856690528454564,41
68,3,140,140,0,0,0,0,1.0,1.0,1.0,1.0,1.0,1,0.20035948826088137,41
69,0,140,140,0,0,0,0,1.0,1.0,1.0,1.0,1.0,1,0.2099194800301569,41
70,1,141,141,0,0,0,0,1.0,1.0,1.0,1.0,1.0,1,0.1996829676310461,42
71,3,144,144,0,0,0,0,1.0,1.0,1.0,1.0,1.0,1,0.25628453699688336,44
72,0,144,144,0,0,0,0,1.0,1.0,1.0,1.0,1.0,1,0.25628453699688336,44
73,5,149,149,0,0,0,0,1.0,1.0,1.0,1.0,1.0,1,0.3050093808558703,46
74,1,150,150,0,0,0,0,1.0,1.0,1.0,1.0,1.0,1,0.30065250182513953,44
75,2,152,152,0,0,0,0,1.0,1.0,1.0,1.0,1.0,1,0.3253434398973335,44
76,2,154,154,0,0,0,0,1.0,1.0,1.0,1.0,1.0,1,0.30375429921596653,45
77,0,154,154,0,0,0,0,1.0,1.0,1.0,1.0,1.0,1,0.3051915672269043,44
78,1,155,155,0,0,0,0,1.0,1.0,1.0,1.0,1.0,1,0.2865810263386502,44
79,2,157,157,0,0,0,0,1.0,1.0,1.0,1.0,1.0,1,0.28420253127711986,43
80,0,157,157,0,0,0,0,1.0,1.0,1.0,1.0,1.0,1,0.28420253127711986,43
81,2,159,159,0,0,0,0,1.0,1.0,1.0,1.0,1.0,1,0.27033869110714037,44
82,2,161,161,0,0,0,0,1.0,1.0,1.0,1.0,1.0,1,0.23203985613619135,45
83,4,165,165,0,0,0,0,1.0,1.0,1.0,1.0,1.0,1,0.2973939065290123,45
84,1,166,166,0,0,0,0,1.0,1.0,1.0,1.0,1.0,1,0.31011983751395333,45
85,4,170,170,0,0,0,0,1.0,1.0,1.0,1.0,1.0,1,0.31359089492988,45
86,1,171,171,0,0,0,0,1.0,1.0,1.0,1.0,1.0,1,0.322056699161662,45
87,1,172,172,0,0,0,0,1.0,1.0,1.0,1.0,1.0,1,0.3459525114289276,44
88,1,173,173,0,0,0,0,1.0,1.0,1.0,1.0,1.0,1,0.3457220642922993,45
89,0,173,173,0,0,0,0,1.0,1.0,1.0,1.0,1.0,1,0.34283775709505954,46
90,1,174,174,0,0,0,0,1.0,1.0,1.0,1.0,1.0,1,0.3219642461809995,44
91,0,174,174,0,0,0,0,1.0,1.0,1.0,1.0,1.0,1,0.30634645345136624,45
92,0,174,174,0,0,0,0,1.0,1.0,1.0,1.0,1.0,1,0.3177152617287437,46
93,1,175,175,0,0,0,0,1.0,1.0,1.0,1.0,1.0,1,0.3250913339323476,46
94,2,177,177,0,0,0,0,0.9825242728181159,0.9650485456362317,0.9825242728181159,0.9650485456362317,1.0,1,0.34623855730061853,46
95,3,180,180,0,0,0,0,0.9600953113126651,0.9235160133492747,0.9600953113126651,0.9235160133492747,1.0,1,0.36337756773152113,46
96,0,180,180,0,0,0,0,0.9600953113126651,0.9235160133492747,0.9600953113126651,0.9235160133492747,1.0,1,0.36337756773152113,46
97,3,183,183,0,0,0,0,0.9347541862825579,0.8773378702112089,0.9347541862825579,0.8773378702112089,1.0,1,0.3639642393526395,47
98,1,184,184,0,0,0,0,0.91063205560381,0.8384502543607335,0.91063205560381,0.8384502543607335,1.0,1,0.3760532421468187,47
99,1,185,185,0,0,0,0,0.9086892742038929,0.8384502543607335,0.9086892742038929,0.8384502543607335,1.0,1,0.3757361497307156,46
100,1,186,186,0,0,0,0,0.896159265522499,0.8153942498177762,0.896159265522499,0.8153942498177762,1.0,1,0.3849750203186266,48
101,0,186,186,0,0,0,0,0.8982784641853053,0.8153942498177762,0.8982784641853053,0.8153942498177762,1.0,1,0.3843116575473657,49
102,1,187,187,0,0,0,0,0.8982784641853053,0.8153942498177762,0.8982784641853053,0.8153942498177762,1.0,1,0.3894371446327662,49
103,1,188,188,0,0,0,0,0.9333210846548701,0.8719764825373505,0.9333210846548701,0.8719764825373505,1.0,1,0.3588982286821337,48
104,4,192,192,0,0,0,0,0.9328644855589037,0.8684143916954512,0.9328644855589037,0.8684143916954512,1.0,1,0.34951027409753804,49
105,5,197,197,0,0,0,0,1.0,1.0,1.0,1.0,1.0,1,0.2992664209426259,48
106,4,201,201,0,0,0,0,1.0,1.0,1.0,1.0,1.0,1,0.22578956931577845,48
107,6,207,207,0,0,0,0,1.0,1.0,1.0,1.0,1.0,1,0.24461054879231375,47
108,2,209,209,0,0,0,0,1.0,1.0,1.0,1.0,1.0,1,0.2328603349161638,47
109,5,214,214,0,0,0,0,1.0,1.0,1.0,1.0,1.0,1,0.26515280305096206,47
110,6,220,220,0,0,0,0,1.0,1.0,1.0,1.0,1.0,1,0.22552987820513493,47
111,2,222,222,0,0,0,0,1.0,1.0,1.0,1.0,1.0,1,0.23897284890842085,46
112,4,226,226,0,0,0,0,1.0,1.0,1.0,1.0,1.0,1,0.1883213239751309,46
113,0,226,226,0,0,0,0,1.0,1.0,1.0,1.0,1.0,1,0.19951394911951995,45
114,3,229,229,0,0,0,0,1.0,1.0,1.0,1.0,1.0,1,0.18480795589681587,46
115,0,229,229,0,0,0,0,1.0,1.0,1.0,1.0,1.0,1,0.19787774145882953,47
116,4,233,233,0,0,0,0,1.0,1.0,1.0,1.0,1.0,1,0.14033470103778642,48
117,0,233,233,0,0,0,0,1.0,1.0,1.0,1.0,1.0,1,0.14033470103778642,48
118,1,234,234,0,0,0,0,1.0,1.0,1.0,1.0,1.0,1,0.13647544859002,49
119,1,235,235,0,0,0,0,1.0,1.0,1.0,1.0,1.0,1,0.11551569988331845,50
120,0,235,235,0,0,0,0,1.0,1.0,1.0,1.0,1.0,1,0.10815079489300886,51
121,1,236,236,0,0,0,0,1.0,1.0,1.0,1.0,1.0,1,0.09874970371865177,51
122,0,236,236,0,0,0,0,1.0,1.0,1.0,1.0,1.0,1,0.09874970371865177,51
123,3,239,239,0,0,0,0,1.0,1.0,1.0,1.0,1.0,1,0.08574384702751052,51
124,2,241,241,0,0,0,0,1.0,1.0,1.0,1.0,1.0,1,0.05028814388971792,51
125,3,244,244,0,0,0,0,1.0,1.0,1.0,1.0,1.0,1,0.10444769438823993,50
126,1,245,245,0,0,0,0,1.0,1.0,1.0,1.0,1.0,1,0.07046667136890512,52
127,3,248,248,0,0,0,0,1.0,1.0,1.0,1.0,1.0,1,0.08212659231512139,50
128,1,249,249,0,0,0,0,1.0,1.0,1.0,1.0,1.0,1,0.09343703888938053,50
129,4,253,253,0,0,0,0,1.0,1.0,1.0,1.0,1.0,1,0.13139532735603893,52
130,3,256,256,0,0,0,0,1.0,1.0,1.0,1.0,1.0,1,0.10419488610133026,52
131,3,259,259,0,0,0,0,1.0,1.0,1.0,1.0,1.0,1,0.15418789326795868,54
132,5,264,264,0,0,0,0,1.0,1.0,1.0,1.0,1.0,1,0.10550258244230092,54
133,5,269,269,0,0,0,0,1.0,1.0,1.0,1.0,1.0,1,0.13313551517051794,52
134,2,271,271,0,0,0,0,1.0,1.0,1.0,1.0,1.0,1,0.18637485367438983,52
135,2,273,273,0,0,0,0,1.0,1.0,1.0,1.0,1.0,1,0.16471901999673658,51
136,7,280,280,0,0,0,0,1.0,1.0,1.0,1.0,1.0,1,0.10882022854696223,51
137,3,283,283,0,0,0,0,1.0,1.0,1.0,1.0,1.0,1,0.08843451439299649,50
138,5,288,288,0,0,0,0,1.0,1.0,1.0,1.0,1.0,1,0.19447227436586076,52
139,3,291,291,0,0,0,0,1.0,1.0,1.0,1.0,1.0,1,0.127936068442552,51
140,2,293,293,0,0,0,0,1.0,1.0,1.0,1.0,1.0,1,0.12150165925148985,51
141,2,295,295,0,0,0,0,1.0,1.0,1.0,1.0,1.0,1,0.07018841465184777,50
142,2,297,297,0,0,0,0,1.0,1.0,1.0,1.0,1.0,1,0.019306323152664145,51
143,3,300,300,0,0,0,0,1.0,1.0,1.0,1.0,1.0,1,0.08242434131526927,48
144,1,301,301,0,0,0,0,1.0,1.0,1.0,1.0,1.0,1,0.12094943683255174,49
145,3,304,304,0,0,0,0,1.0,1.0,1.0,1.0,1.0,1,0.15987769466961768,47
146,3,307,307,0,0,0,0,1.0,1.0,1.0,1.0,1.0,1,0.07937651996311097,49
147,4,311,311,0,0,0,0,1.0,1.0,1.0,1.0,1.0,1,0.15595625772704588,46
148,0,311,311,0,0,0,0,1.0,1.0,1.0,1.0,1.0,1,0.1579517000089979,47
149,1,312,312,0,0,0,0,1.0,1.0,1.0,1.0,1.0,1,0.18995511423173053,46
150,0,312,312,0,0,0,0,1.0,1.0,1.0,1.0,1.0,1,0.1730082948505583,47
151,1,313,313,0,0,0,0,1.0,1.0,1.0,1.0,1.0,1,0.21405926604983577,46
152,0,313,313,0,0,0,0,1.0,1.0,1.0,1.0,1.0,1,0.23035031234472195,45
153,2,315,315,0,0,0,0,1.0,1.0,1.0,1.0,1.0,1,0.14460307921598478,46
154,0,315,315,0,0,0,0,1.0,1.0,1.0,1.0,1.0,1,0.1374116808252657,44
155,2,317,317,0,0,0,0,1.0,1.0,1.0,1.0,1.0,1,0.05179365001923502,45
156,3,320,320,0,0,0,0,1.0,1.0,1.0,1.0,1.0,1,0.09057590031775582,43
157,3,323,323,0,0,0,0,1.0,1.0,1.0,1.0,1.0,1,0.08917574117184275,42
158,4,327,327,0,0,0,0,1.0,1.0,1.0,1.0,1.0,1,0.20324405105636603,43
159,2,329,329,0,0,0,0,1.0,1.0,1.0,1.0,1.0,1,0.20342410552732135,44
160,2,331,331,0,0,0,0,1.0,1.0,1.0,1.0,1.0,1,0.21800901243349452,44
161,4,335,335,0,0,0,0,1.0,1.0,1.0,1.0,1.0,1,0.24426764569243256,44
162,2,337,337,0,0,0,0,1.0,1.0,1.0,1.0,1.0,1,0.284820311430687,44
163,5,342,342,0,0,0,0,1.0,1.0,1.0,1.0,1.0,1,0.29382014957694474,44
164,3,345,345,0,0,0,0,0.97618816561272,0.95237633122544,0.97618816561272,0.95237633122544,1.0,1,0.33905668292936564,44
165,3,348,348,0,0,0,0,1.0,1.0,1.0,1.0,1.0,1,0.27042964650473245,43
166,1,349,349,0,0,0,0,1.0,1.0,1.0,1.0,1.0,1,0.2860631756464212,43
167,2,351,351,0,0,0,0,1.0,1.0,1.0,1.0,1.0,1,0.30865857988589224,42
168,2,353,353,0,0,0,0,1.0,1.0,1.0,1.0,1.0,1,0.2826237788328475,40
169,2,355,355,0,0,0,0,1.0,1.0,1.0,1.0,1.0,1,0.26938960398005135,41
170,1,356,356,0,0,0,0,1.0,1.0,1.0,1.0,1.0,1,0.2523424583154605,39
171,2,358,358,0,0,0,0,1.0,1.0,1.0,1.0,1.0,1,0.3057071966924517,39
172,3,361,361,0,0,0,0,1.0,1.0,1.0,1.0,1.0,1,0.36201202920280634,38
173,3,364,364,0,0,0,0,1.0,1.0,1.0,1.0,1.0,1,0.2905534730094159,38
174,3,367,367,0,0,0,0,1.0,1.0,1.0,1.0,1.0,1,0.1551172879444521,37
175,2,369,369,0,0,0,0,1.0,1.0,1.0,1.0,1.0,1,0.12108008747074517,36
176,5,374,374,0,0,0,0,1.0,1.0,1.0,1.0,1.0,1,0.19131993605751763,36
177,2,376,376,0,0,0,0,1.0,1.0,1.0,1.0,1.0,1,0.18273002152316042,38
178,1,377,377,0,0,0,0,1.0,1.0,1.0,1.0,1.0,1,0.16283523643166525,39
179,1,378,378,0,0,0,0,1.0,1.0,1.0,1.0,1.0,1,0.1861486732813682,40
180,1,379,379,0,0,0,0,1.0,1.0,1.0,1.0,1.0,1,0.19628069804712941,40
181,0,379,379,0,0,0,0,1.0,1.0,1.0,1.0,1.0,1,0.22705300778532578,39
182,1,380,380,0,0,0,0,1.0,1.0,1.0,1.0,1.0,1,0.22320920315832005,40
183,2,382,382,0,0,0,0,1.0,1.0,1.0,1.0,1.0,1,0.19276286758355726,40
184,0,382,382,0,0,0,0,1.0,1.0,1.0,1.0,1.0,1,0.2310156219814876,38
185,4,386,386,0,0,0,0,1.0,1.0,1.0,1.0,1.0,1,0.18753484312835905,38
186,2,388,388,0,0,0,0,1.0,1.0,1.0,1.0,1.0,1,0.2194860012925692,37
187,3,391,391,0,0,0,0,1.0,1.0,1.0,1.0,1.0,1,0.17457750857760215,36
188,4,395,395,0,0,0,0,1.0,1.0,1.0,1.0,1.0,1,0.18443445572438602,36
189,3,398,398,0,0,0,0,1.0,1.0,1.0,1.0,1.0,1,0.1961493469781068,36
190,3,401,401,0,0,0,0,1.0,1.0,1.0,1.0,1.0,1,0.26330855301559497,36
191,1,402,402,0,0,0,0,1.0,1.0,1.0,1.0,1.0,1,0.28212465170779233,37
192,2,404,404,0,0,0,0,1.0,1.0,1.0,1.0,1.0,1,0.3061462100642323,37
193,3,407,407,0,0,0,0,1.0,1.0,1.0,1.0,1.0,1,0.30388134545440293,38
194,1,408,408,0,0,0,0,1.0,1.0,1.0,1.0,1.0,1,0.3039719645665346,39
195,3,411,411,0,0,0,0,1.0,1.0,1.0,1.0,1.0,1,0.26645985837518815,40
196,0,411,411,0,0,0,0,1.0,1.0,1.0,1.0,1.0,1,0.26645985837518815,40
197,3,414,414,0,0,0,0,1.0,1.0,1.0,1.0,1.0,1,0.26623986349742945,40
198,0,414,414,0,0,0,0,1.0,1.0,1.0,1.0,1.0,1,0.26623986349742945,40
199,5,419,419,0,0,0,0,1.0,1.0,1.0,1.0,1.0,1,0.2338546441419023,40
200,3,422,422,0,0,0,0,1.0,1.0,1.0,1.0,1.0,1,0.22680540248862202,40
201,1,423,423,0,0,0,0,1.0,1.0,1.0,1.0,1.0,1,0.22183377427947945,39
202,3,426,426,0,0,0,0,1.0,1.0,1.0,1.0,1.0,1,0.2837871423348975,40
203,1,427,427,0,0,0,0,1.0,1.0,1.0,1.0,1.0,1,0.2987158333334075,39
204,2,429,429,0,0,0,0,1.0,1.0,1.0,1.0,1.0,1,0.3001746869474868,38
205,0,429,429,0,0,0,0,1.0,1.0,1.0,1.0,1.0,1,0.290183483544381,37
206,3,432,432,0,0,0,0,1.0,1.0,1.0,1.0,1.0,1,0.35728633956604255,36
207,4,436,436,0,0,0,0,1.0,1.0,1.0,1.0,1.0,1,0.21116345811891762,37
208,1,437,437,0,0,0,0,1.0,1.0,1.0,1.0,1.0,1,0.15715022862771105,36
209,4,441,441,0,0,0,0,1.0,1.0,1.0,1.0,1.0,1,0.18553915864370166,36
210,1,442,442,0,0,0,0,1.0,1.0,1.0,1.0,1.0,1,0.25621054447896874,36
211,4,446,446,0,0,0,0,1.0,1.0,1.0,1.0,1.0,1,0.3376741735400596,34
212,2,448,448,0,0,0,0,1.0,1.0,1.0,1.0,1.0,1,0.27063103225811036,34
213,4,452,452,0,0,0,0,1.0,1.0,1.0,1.0,1.0,1,0.23804874484149477,36
214,1,453,453,0,0,0,0,1.0,1.0,1.0,1.0,1.0,1,0.2430301583268285,35
215,0,453,453,0,0,0,0,1.0,1.0,1.0,1.0,1.0,1,0.2430301583268285,35
216,5,458,458,0,0,0,0,1.0,1.0,1.0,1.0,1.0,1,0.1741442988275652,37
217,0,458,458,0,0,0,0,1.0,1.0,1.0,1.0,1.0,1,0.1741442988275652,37
218,5,463,463,0,0,0,0,1.0,1.0,1.0,1.0,1.0,1,0.113218720157231,37
219,4,467,467,0,0,0,0,1.0,1.0,1.0,1.0,1.0,1,0.170006733483456,37
220,3,470,470,0,0,0,0,1.0,1.0,1.0,1.0,1.0,1,0.19159604530225666,38
221,4,474,474,0,0,0,0,1.0,1.0,1.0,1.0,1.0,1,0.16608691818949997,39
222,3,477,477,0,0,0,0,1.0,1.0,1.0,1.0,1.0,1,0.1779853442724138,39
223,2,479,479,0,0,0,0,1.0,1.0,1.0,1.0,1.0,1,0.18099923468507284,40
224,2,481,481,0,0,0,0,1.0,1.0,1.0,1.0,1.0,1,0.17587518049183007,40
225,4,485,485,0,0,0,0,1.0,1.0,1.0,1.0,1.0,1,0.19911851172647496,39
226,1,486,486,0,0,0,0,1.0,1.0,1.0,1.0,1.0,1,0.1652424818173458,39
227,1,487,487,0,0,0,0,1.0,1.0,1.0,1.0,1.0,1,0.17652558908126698,39
228,1,488,488,0,0,0,0,1.0,1.0,1.0,1.0,1.0,1,0.19073040125764415,38
229,2,490,490,0,0,0,0,1.0,1.0,1.0,1.0,1.0,1,0.19962438579146785,39
230,3,493,493,0,0,0,0,1.0,1.0,1.0,1.0,1.0,1,0.24299530188029922,38
231,2,495,495,0,0,0,0,1.0,1.0,1.0,1.0,1.0,1,0.2360995701269993,38
232,1,496,496,0,0,0,0,1.0,1.0,1.0,1.0,1.0,1,0.22705027823412383,37
233,0,496,496,0,0,0,0,1.0,1.0,1.0,1.0,1.0,1,0.22631567116370785,36
234,0,496,496,0,0,0,0,1.0,1.0,1.0,1.0,1.0,1,0.2510559742399532,34
235,0,496,496,0,0,0,0,1.0,1.0,1.0,1.0,1.0,1,0.25001499318045106,34
236,0,496,496,0,0,0,0,1.0,1.0,1.0,1.0,1.0,1,0.2611062347158694,33
237,1,497,497,0,0,0,0,1.0,1.0,1.0,1.0,1.0,1,0.2963654120272398,32
238,4,501,501,0,0,0,0,1.0,1.0,1.0,1.0,1.0,1,0.29342250697710365,32
239,2,503,503,0,0,0,0,1.0,1.0,1.0,1.0,1.0,1,0.2599193072908175,31
240,3,506,506,0,0,0,0,1.0,1.0,1.0,1.0,1.0,1,0.3249924785865015,28
241,4,510,510,0,0,0,0,1.0,1.0,1.0,1.0,1.0,1,0.2728535641383513,27
242,3,513,513,0,0,0,0,1.0,1.0,1.0,1.0,1.0,1,0.27566129640966114,29
243,4,517,517,0,0,0,0,1.0,1.0,1.0,1.0,1.0,1,0.19485863181725493,28
244,4,521,521,0,0,0,0,1.0,1.0,1.0,1.0,1.0,1,0.17404361473486338,28
245,3,524,524,0,0,0,0,1.0,1.0,1.0,1.0,1.0,1,0.21206000977442835,27
246,2,526,526,0,0,0,0,1.0,1.0,1.0,1.0,1.0,1,0.3408684531358423,25
247,1,527,527,0,0,0,0,1.0,1.0,1.0,1.0,1.0,1,0.3380793962009562,26
248,2,529,529,0,0,0,0,1.0,1.0,1.0,1.0,1.0,1,0.2567126491139389,27
249,2,531,531,0,0,0,0,1.0,1.0,1.0,1.0,1.0,1,0.28231484250785044,26
250,2,533,533,0,0,0,0,1.0,1.0,1.0,1.0,1.0,1,0.3124913505975182,27
251,2,535,535,0,0,0,0,1.0,1.0,1.0,1.0,1.0,1,0.35267102405556766,28
252,4,539,539,0,0,0,0,1.0,1.0,1.0,1.0,1.0,1,0.3890967104646879,28
253,1,540,540,0,0,0,0,1.0,1.0,1.0,1.0,1.0,1,0.33396738622110145,28
254,4,544,544,0,0,0,0,1.0,1.0,1.0,1.0,1.0,1,0.2271334606524026,29
255,0,544,544,0,0,0,0,1.0,1.0,1.0,1.0,1.0,1,0.24320442504386772,30
256,1,545,545,0,0,0,0,1.0,1.0,1.0,1.0,1.0,1,0.22451910228809605,30
257,2,547,547,0,0,0,0,1.0,1.0,1.0,1.0,1.0,1,0.22345262037008984,32
258,1,548,548,0,0,0,0,1.0,1.0,1.0,1.0,1.0,1,0.24630117984667488,32
259,1,549,549,0,0,0,0,1.0,1.0,1.0,1.0,1.0,1,0.25853652030765417,32
260,1,550,550,0,0,0,0,1.0,1.0,1.0,1.0,1.0,1,0.19188052845345827,34
261,0,550,550,0,0,0,0,1.0,1.0,1.0,1.0,1.0,1,0.19327608094267035,35
262,2,552,552,0,0,0,0,1.0,1.0,1.0,1.0,1.0,1,0.17386884206271802,36
263,0,552,552,0,0,0,0,1.0,1.0,1.0,1.0,1.0,1,0.20478345673437334,34
264,0,552,552,0,0,0,0,1.0,1.0,1.0,1.0,1.0,1,0.20478345673437334,34
265,2,554,554,0,0,0,0,1.0,1.0,1.0,1.0,1.0,1,0.2466250526985406,33
266,2,556,556,0,0,0,0,1.0,1.0,1.0,1.0,1.0,1,0.32910883040014877,34
267,0,556,556,0,0,0,0,1.0,1.0,1.0,1.0,1.0,1,0.3437512011385307,33
268,3,559,559,0,0,0,0,1.0,1.0,1.0,1.0,1.0,1,0.30364037506735725,34
269,0,559,559,0,0,0,0,1.0,1.0,1.0,1.0,1.0,1,0.30364037506735725,34
270,1,560,560,0,0,0,0,1.0,1.0,1.0,1.0,1.0,1,0.3222514429129089,36
271,1,561,561,0,0,0,0,1.0,1.0,1.0,1.0,1.0,1,0.34091444641152835,36
272,2,563,563,0,0,0,0,1.0,1.0,1.0,1.0,1.0,1,0.33692299122454356,38
273,2,565,565,0,0,0,0,1.0,1.0,1.0,1.0,1.0,1,0.3084660397239079,38
274,1,566,566,0,0,0,0,1.0,1.0,1.0,1.0,1.0,1,0.29467036974023436,38
275,1,567,567,0,0,0,0,1.0,1.0,1.0,1.0,1.0,1,0.2848956641256989,38
276,3,570,570,0,0,0,0,1.0,1.0,1.0,1.0,1.0,1,0.24077356585344667,39
277,3,573,573,0,0,0,0,1.0,1.0,1.0,1.0,1.0,1,0.24844627259347887,38
278,1,574,574,0,0,0,0,1.0,1.0,1.0,1.0,1.0,1,0.24844644158222845,38
279,1,575,575,0,0,0,0,1.0,1.0,1.0,1.0,1.0,1,0.26329657889905406,38
280,0,575,575,0,0,0,0,1.0,1.0,1.0,1.0,1.0,1,0.2631523914709585,38
281,1,576,576,0,0,0,0,1.0,1.0,1.0,1.0,1.0,1,0.2692737321505749,38
282,1,577,577,0,0,0,0,1.0,1.0,1.0,1.0,1.0,1,0.2453825998896245,38
283,1,578,578,0,0,0,0,1.0,1.0,1.0,1.0,1.0,1,0.2590648411566908,38
284,1,579,579,0,0,0,0,1.0,1.0,1.0,1.0,1.0,1,0.24104341017082911,39
285,1,580,580,0,0,0,0,1.0,1.0,1.0,1.0,1.0,1,0.22778481020728486,39
286,0,580,580,0,0,0,0,1.0,1.0,1.0,1.0,1.0,1,0.22778481020728486,39
287,0,580,580,0,0,0,0,1.0,1.0,1.0,1.0,1.0,1,0.25769947249303,39
288,1,581,581,0,0,0,0,1.0,1.0,1.0,1.0,1.0,1,0.24277362311582126,39
289,1,582,582,0,0,0,0,1.0,1.0,1.0,1.0,1.0,1,0.22642192651794274,39
290,6,588,588,0,0,0,0,1.0,1.0,1.0,1.0,1.0,1,0.1912931326756552,39
291,4,592,592,0,0,0,0,1.0,1.0,1.0,1.0,1.0,1,0.19080090574752662,39
292,4,596,596,0,0,0,0,1.0,1.0,1.0,1.0,1.0,1,0.17273028794149284,40
293,3,599,599,0,0,0,0,1.0,1.0,1.0,1.0,1.0,1,0.15358464707009375,41
294,4,603,603,0,0,0,0,1.0,1.0,1.0,1.0,1.0,1,0.060811455589262806,40
295,1,604,604,0,0,0,0,1.0,1.0,1.0,1.0,1.0,1,0.03327578084862963,42
296,4,608,608,0,0,0,0,1.0,1.0,1.0,1.0,1.0,1,0.08389060462275535,42
297,1,609,609,0,0,0,0,1.0,1.0,1.0,1.0,1.0,1,0.1081032880810604,43
298,2,611,611,0,0,0,0,1.0,1.0,1.0,1.0,1.0,1,0.16693360036442514,44
299,1,612,612,0,0,0,0,1.0,1.0,1.0,1.0,1.0,1,0.1453735497147226,44
300,1,613,613,0,0,0,0,1.0,1.0,1.0,1.0,1.0,1,0.12895345517643533,45
301,1,614,614,0,0,0,0,1.0,1.0,1.0,1.0,1.0,1,0.12234409114572772,47
302,1,615,615,0,0,0,0,1.0,1.0,1.0,1.0,1.0,1,0.12021159308321674,46
303,2,617,617,0,0,0,0,1.0,1.0,1.0,1.0,1.0,1,0.15571863124546995,45
304,2,619,619,0,0,0,0,1.0,1.0,1.0,1.0,1.0,1,0.1820967388129529,45
305,0,619,619,0,0,0,0,1.0,1.0,1.0,1.0,1.0,1,0.1797576732780069,43
306,1,620,620,0,0,0,0,1.0,1.0,1.0,1.0,1.0,1,0.22234602066695447,44
307,1,621,621,0,0,0,0,1.0,1.0,1.0,1.0,1.0,1,0.26407959007348214,42
308,0,621,621,0,0,0,0,1.0,1.0,1.0,1.0,1.0,1,0.25580735515713554,41
309,2,623,623,0,0,0,0,1.0,1.0,1.0,1.0,1.0,1,0.1783196852009847,42
310,2,625,625,0,0,0,0,1.0,1.0,1.0,1.0,1.0,1,0.11332995383234686,41
311,2,627,627,0,0,0,0,1.0,1.0,1.0,1.0,1.0,1,0.13842758325970275,41
312,2,629,629,0,0,0,0,1.0,1.0,1.0,1.0,1.0,1,0.1136227947139151,44
313,3,632,632,0,0,0,0,1.0,1.0,1.0,1.0,1.0,1,0.17487937356727348,43
314,3,635,635,0,0,0,0,1.0,1.0,1.0,1.0,1.0,1,0.21668154873302328,43
315,2,637,637,0,0,0,0,1.0,1.0,1.0,1.0,1.0,1,0.2166658591983707,43
316,1,638,638,0,0,0,0,1.0,1.0,1.0,1.0,1.0,1,0.23283511215756525,43
317,2,640,640,0,0,0,0,1.0,1.0,1.0,1.0,1.0,1,0.24101300929644157,44
318,2,642,642,0,0,0,0,1.0,1.0,1.0,1.0,1.0,1,0.27438591500667653,45
319,2,644,644,0,0,0,0,1.0,1.0,1.0,1.0,1.0,1,0.24259517666219277,46
320,1,645,645,0,0,0,0,1.0,1.0,1.0,1.0,1.0,1,0.22176825225617797,45
321,1,646,646,0,0,0,0,1.0,1.0,1.0,1.0,1.0,1,0.24249381395480607,44
322,4,650,650,0,0,0,0,1.0,1.0,1.0,1.0,1.0,1,0.2731636428803248,42
323,2,652,652,0,0,0,0,1.0,1.0,1.0,1.0,1.0,1,0.2357765320148509,42
324,1,653,653,0,0,0,0,1.0,1.0,1.0,1.0,1.0,1,0.24068290706052492,43
325,2,655,655,0,0,0,0,1.0,1.0,1.0,1.0,1.0,1,0.26655931109007236,43
326,3,658,658,0,0,0,0,1.0,1.0,1.0,1.0,1.0,1,0.27460382573582487,43
327,0,658,658,0,0,0,0,1.0,1.0,1.0,1.0,1.0,1,0.274162716310759,44
328,1,659,659,0,0,0,0,1.0,1.0,1.0,1.0,1.0,1,0.2594169198399763,44
329,0,659,659,0,0,0,0,1.0,1.0,1.0,1.0,1.0,1,0.24361301923474193,45
330,1,660,660,0,0,0,0,1.0,1.0,1.0,1.0,1.0,1,0.23995343588085108,46
331,1,661,661,0,0,0,0,1.0,1.0,1.0,1.0,1.0,1,0.2480104903675324,46
332,2,663,663,0,0,0,0,0.9775960325130395,0.9521369785505844,0.9775960325130395,0.9521369785505844,1.0,1,0.2653632504551127,47
333,1,664,664,0,0,0,0,1.0,1.0,1.0,1.0,1.0,1,0.25364115557627376,48
334,1,665,665,0,0,0,0,1.0,1.0,1.0,1.0,1.0,1,0.2615310217860804,48
335,1,666,666,0,0,0,0,1.0,1.0,1.0,1.0,1.0,1,0.2514156826454831,49
336,2,668,668,0,0,0,0,0.9942252417627483,0.9862505756255914,0.9942252417627483,0.9862505756255914,1.0,1,0.24352466483535407,50
337,1,669,669,0,0,0,0,1.0,1.0,1.0,1.0,1.0,1,0.2102851447762538,51
338,1,670,670,0,0,0,0,1.0,1.0,1.0,1.0,1.0,1,0.19512203065336903,51
339,3,673,673,0,0,0,0,1.0,1.0,1.0,1.0,1.0,1,0.2196613729112546,51
340,0,673,673,0,0,0,0,1.0,1.0,1.0,1.0,1.0,1,0.2196613729112546,51
341,0,673,673,0,0,0,0,1.0,1.0,1.0,1.0,1.0,1,0.2248008396726789,51
342,2,675,675,0,0,0,0,1.0,1.0,1.0,1.0,1.0,1,0.24906260051076046,51
343,3,678,678,0,0,0,0,1.0,1.0,1.0,1.0,1.0,1,0.2558806762119797,51
344,4,682,682,0,0,0,0,1.0,1.0,1.0,1.0,1.0,1,0.28626589276941583,50
345,2,684,684,0,0,0,0,0.9980296704150322,0.9955219782159822,0.9980296704150322,0.9955219782159822,1.0,1,0.2870017429267553,50
346,3,687,687,0,0,0,0,0.9901162290063109,0.9775368841052521,0.9901162290063109,0.9775368841052521,1.0,1,0.2911299460478793,50
347,3,690,690,0,0,0,0,0.9394194139419276,0.8764156044415322,0.9394194139419276,0.8764156044415322,1.0,1,0.3292882085659201,51
348,3,693,693,0,0,0,0,0.8999183986925385,0.807250249333778,0.8999183986925385,0.807250249333778,1.0,1,0.3480780975461571,52
349,0,693,693,0,0,0,0,0.9036251246668889,0.807250249333778,0.9036251246668889,0.807250249333778,1.0,1,0.3229872887268769,54
350,2,695,695,0,0,0,0,0.903625124666889,0.807250249333778,0.903625124666889,0.807250249333778,1.0,1,0.37030993977822774,54
351,3,698,698,0,0,0,0,0.9379754113281031,0.8660268884687029,0.9379754113281031,0.8660268884687029,1.0,1,0.3376331611091109,54
352,4,702,702,0,0,0,0,0.9300780420569632,0.8493988598149977,0.9300780420569632,0.8493988598149977,1.0,1,0.33604313473417374,56
353,2,704,704,0,0,0,0,0.9632382137579507,0.9172859809553892,0.9632382137579507,0.9172859809553892,1.0,1,0.31090364495486816,54
354,3,707,707,0,0,0,0,0.9920561138720096,0.9816945232702832,0.9920561138720096,0.9816945232702832,1.0,1,0.2870676675329308,53
355,3,710,710,0,0,0,0,0.9661229299530616,0.9237765923943884,0.9661229299530616,0.9237765923943884,1.0,1,0.303701440871987,54
356,3,713,713,0,0,0,0,1.0,1.0,1.0,1.0,1.0,1,0.2505923691804429,54
357,1,714,714,0,0,0,0,1.0,1.0,1.0,1.0,1.0,1,0.25107585262385135,53
358,0,714,714,0,0,0,0,1.0,1.0,1.0,1.0,1.0,1,0.26523525937088444,49
359,3,717,717,0,0,0,0,1.0,1.0,1.0,1.0,1.0,1,0.24712074710804202,48
360,0,717,717,0,0,0,0,1.0,1.0,1.0,1.0,1.0,1,0.2553057040213439,47
361,2,719,719,0,0,0,0,1.0,1.0,1.0,1.0,1.0,1,0.25258319003820895,46
362,1,720,720,0,0,0,0,1.0,1.0,1.0,1.0,1.0,1,0.2660007244436813,46
363,5,725,725,0,0,0,0,1.0,1.0,1.0,1.0,1.0,1,0.26655887736341516,47
364,3,728,728,0,0,0,0,0.9814274448740516,0.9620473873513231,0.9814274448740516,0.9620473873513231,1.0,1,0.3131418477258714,47
365,3,731,731,0,0,0,0,1.0,1.0,1.0,1.0,1.0,1,0.30804735224827984,47
366,1,732,732,0,0,0,0,1.0,1.0,1.0,1.0,1.0,1,0.26552503602787697,50
367,3,735,735,0,0,0,0,1.0,1.0,1.0,1.0,1.0,1,0.21445069002534667,50
368,0,735,735,0,0,0,0,1.0,1.0,1.0,1.0,1.0,1,0.1914771806105588,51
369,0,735,735,0,0,0,0,1.0,1.0,1.0,1.0,1.0,1,0.21567458678758078,51
370,0,735,735,0,0,0,0,1.0,1.0,1.0,1.0,1.0,1,0.21567458678758078,51
371,1,736,736,0,0,0,0,1.0,1.0,1.0,1.0,1.0,1,0.1857284657436157,52
372,2,738,738,0,0,0,0,1.0,1.0,1.0,1.0,1.0,1,0.13404980934954044,53
373,3,741,741,0,0,0,0,1.0,1.0,1.0,1.0,1.0,1,0.15514931080917663,53
374,5,746,746,0,0,0,0,1.0,1.0,1.0,1.0,1.0,1,0.1208020872052336,53
375,4,750,750,0,0,0,0,1.0,1.0,1.0,1.0,1.0,1,0.11406224059843958,53
376,4,754,754,0,0,0,0,1.0,1.0,1.0,1.0,1.0,1,0.07359258439201577,53
377,6,760,760,0,0,0,0,1.0,1.0,1.0,1.0,1.0,1,0.12889017094605948,53
378,2,762,762,0,0,0,0,1.0,1.0,1.0,1.0,1.0,1,0.12032744164286019,53
379,5,767,767,0,0,0,0,1.0,1.0,1.0,1.0,1.0,1,0.1743874707580714,54
380,5,772,772,0,0,0,0,1.0,1.0,1.0,1.0,1.0,1,0.18219650401306722,54
381,1,773,773,0,0,0,0,1.0,1.0,1.0,1.0,1.0,1,0.18916953425935298,54
382,2,775,775,0,0,0,0,1.0,1.0,1.0,1.0,1.0,1,0.1928231549322337,55
383,2,777,777,0,0,0,0,1.0,1.0,1.0,1.0,1.0,1,0.22567531953840528,55
384,2,779,779,0,0,0,0,1.0,1.0,1.0,1.0,1.0,1,0.25315230076449774,54
385,1,780,780,0,0,0,0,1.0,1.0,1.0,1.0,1.0,1,0.27146647708767185,52
386,1,781,781,0,0,0,0,1.0,1.0,1.0,1.0,1.0,1,0.25839101243300905,52
387,1,782,782,0,0,0,0,1.0,1.0,1.0,1.0,1.0,1,0.2517630617123167,50
388,1,783,783,0,0,0,0,1.0,1.0,1.0,1.0,1.0,1,0.20985708405104753,52
389,0,783,783,0,0,0,0,1.0,1.0,1.0,1.0,1.0,1,0.2358692877482514,51
390,3,786,786,0,0,0,0,0.9962658578009221,0.9915133131839139,0.9962658578009221,0.9915133131839139,1.0,1,0.2292861778468462,50
391,3,789,789,0,0,0,0,1.0,1.0,1.0,1.0,1.0,1,0.2239592240848447,49
392,0,789,789,0,0,0,0,1.0,1.0,1.0,1.0,1.0,1,0.2314634030633171,47
393,4,793,793,0,0,0,0,1.0,1.0,1.0,1.0,1.0,1,0.18916586703347418,47
394,3,796,796,0,0,0,0,1.0,1.0,1.0,1.0,1.0,1,0.21686081999081896,48
395,4,800,800,0,0,0,0,1.0,1.0,1.0,1.0,1.0,1,0.17839832918522575,46
396,1,801,801,0,0,0,0,1.0,1.0,1.0,1.0,1.0,1,0.2082149634874427,43
397,1,802,802,0,0,0,0,1.0,1.0,1.0,1.0,1.0,1,0.19403810868242566,42
398,2,804,804,0,0,0,0,1.0,1.0,1.0,1.0,1.0,1,0.20170198518314375,40
399,1,805,805,0,0,0,0,1.0,1.0,1.0,1.0,1.0,1,0.23765783125399714,39
400,3,808,808,0,0,0,0,1.0,1.0,1.0,1.0,1.0,1,0.22986102932196156,38
401,1,809,809,0,0,0,0,1.0,1.0,1.0,1.0,1.0,1,0.2251126774712186,37
402,0,809,809,0,0,0,0,1.0,1.0,1.0,1.0,1.0,1,0.2245325249421246,36
403,0,809,809,0,0,0,0,1.0,1.0,1.0,1.0,1.0,1,0.18788301378443234,38
404,2,811,811,0,0,0,0,1.0,1.0,1.0,1.0,1.0,1,0.1520246541204537,39
405,3,814,814,0,0,0,0,1.0,1.0,1.0,1.0,1.0,1,0.20183973958742535,40
406,1,815,815,0,0,0,0,1.0,1.0,1.0,1.0,1.0,1,0.19922271659685062,41
407,4,819,819,0,0,0,0,1.0,1.0,1.0,1.0,1.0,1,0.1810111406173695,42
408,0,819,819,0,0,0,0,1.0,1.0,1.0,1.0,1.0,1,0.1717683110073361,43
409,2,821,821,0,0,0,0,1.0,1.0,1.0,1.0,1.0,1,0.17050793726962632,44
410,1,822,822,0,0,0,0,1.0,1.0,1.0,1.0,1.0,1,0.17054528015617826,46
411,4,826,826,0,0,0,0,1.0,1.0,1.0,1.0,1.0,1,0.1986215440228759,46
412,3,829,829,0,0,0,0,1.0,1.0,1.0,1.0,1.0,1,0.16912819453016292,47
413,3,832,832,0,0,0,0,1.0,1.0,1.0,1.0,1.0,1,0.24244710477078635,47
414,2,834,834,0,0,0,0,1.0,1.0,1.0,1.0,1.0,1,0.23244149594058736,47
415,4,838,838,0,0,0,0,1.0,1.0,1.0,1.0,1.0,1,0.23799231897922724,48
416,1,839,839,0,0,0,0,1.0,1.0,1.0,1.0,1.0,1,0.22704851149513014,49
417,1,840,840,0,0,0,0,0.9815033282893572,0.9568410993418335,0.9815033282893572,0.9568410993418335,1.0,1,0.2506636347122622,49
418,5,845,845,0,0,0,0,1.0,1.0,1.0,1.0,1.0,1,0.2390476031854068,50
419,0,845,845,0,0,0,0,1.0,1.0,1.0,1.0,1.0,1,0.2390476031854068,50
420,1,846,846,0,0,0,0,1.0,1.0,1.0,1.0,1.0,1,0.22258432447889678,50
421,1,847,847,0,0,0,0,1.0,1.0,1.0,1.0,1.0,1,0.23189018856278482,50
422,2,849,849,0,0,0,0,1.0,1.0,1.0,1.0,1.0,1,0.2359515210785189,50
423,2,851,851,0,0,0,0,1.0,1.0,1.0,1.0,1.0,1,0.2054682294790287,51
424,1,852,852,0,0,0,0,1.0,1.0,1.0,1.0,1.0,1,0.2495702872028609,49
425,2,854,854,0,0,0,0,1.0,1.0,1.0,1.0,1.0,1,0.25254812578299557,48
426,3,857,857,0,0,0,0,1.0,1.0,1.0,1.0,1.0,1,0.1950692558857875,50
427,2,859,859,0,0,0,0,1.0,1.0,1.0,1.0,1.0,1,0.22196140922957666,48
428,1,860,860,0,0,0,0,0.9934006726942057,0.9846015696198133,0.9934006726942057,0.9846015696198133,1.0,1,0.22350220771834628,49
429,2,862,862,0,0,0,0,1.0,1.0,1.0,1.0,1.0,1,0.166808995936751,45
430,0,862,862,0,0,0,0,1.0,1.0,1.0,1.0,1.0,1,0.18509240236781524,44
431,2,864,864,0,0,0,0,1.0,1.0,1.0,1.0,1.0,1,0.22201600290629778,42
432,1,865,865,0,0,0,0,1.0,1.0,1.0,1.0,1.0,1,0.2836460984150587,40
433,1,866,866,0,0,0,0,1.0,1.0,1.0,1.0,1.0,1,0.2619920503290359,39
434,1,867,867,0,0,0,0,1.0,1.0,1.0,1.0,1.0,1,0.2145666845201349,39
435,3,870,870,0,0,0,0,1.0,1.0,1.0,1.0,1.0,1,0.18792867834888652,38
436,2,872,872,0,0,0,0,1.0,1.0,1.0,1.0,1.0,1,0.160928566140251,38
437,1,873,873,0,0,0,0,1.0,1.0,1.0,1.0,1.0,1,0.13689146539061997,39
438,2,875,875,0,0,0,0,1.0,1.0,1.0,1.0,1.0,1,0.21904210117308695,38
439,3,878,878,0,0,0,0,1.0,1.0,1.0,1.0,1.0,1,0.24934957170825114,39
440,3,881,881,0,0,0,0,1.0,1.0,1.0,1.0,1.0,1,0.2674837240090382,39
441,1,882,882,0,0,0,0,1.0,1.0,1.0,1.0,1.0,1,0.243188652045435,41
442,2,884,884,0,0,0,0,1.0,1.0,1.0,1.0,1.0,1,0.22665014791749444,42
443,2,886,886,0,0,0,0,1.0,1.0,1.0,1.0,1.0,1,0.20381863263738337,42
444,1,887,887,0,0,0,0,1.0,1.0,1.0,1.0,1.0,1,0.20960060510919548,43
445,5,892,892,0,0,0,0,1.0,1.0,1.0,1.0,1.0,1,0.17731773290959724,44
446,1,893,893,0,0,0,0,1.0,1.0,1.0,1.0,1.0,1,0.14084448623764945,44
447,3,896,896,0,0,0,0,1.0,1.0,1.0,1.0,1.0,1,0.10168770171248075,47
448,3,899,899,0,0,0,0,1.0,1.0,1.0,1.0,1.0,1,0.12530728884113138,46
449,1,900,900,0,0,0,0,1.0,1.0,1.0,1.0,1.0,1,0.1479790448927326,46
450,0,900,900,0,0,0,0,1.0,1.0,1.0,1.0,1.0,1,0.14771590913306087,46
451,4,904,904,0,0,0,0,1.0,1.0,1.0,1.0,1.0,1,0.17526411251723412,47
452,1,905,905,0,0,0,0,1.0,1.0,1.0,1.0,1.0,1,0.23213402789574844,47
453,4,909,909,0,0,0,0,1.0,1.0,1.0,1.0,1.0,1,0.19482652956124488,47
454,4,913,913,0,0,0,0,1.0,1.0,1.0,1.0,1.0,1,0.22912941512350107,46
455,6,919,919,0,0,0,0,1.0,1.0,1.0,1.0,1.0,1,0.23836586316938133,47
456,2,921,921,0,0,0,0,1.0,1.0,1.0,1.0,1.0,1,0.20609087947878174,49
457,0,921,921,0,0,0,0,1.0,1.0,1.0,1.0,1.0,1,0.21352946146777896,50
458,1,922,922,0,0,0,0,0.9969935265122315,0.9924838162805786,0.9969935265122315,0.9924838162805786,1.0,1,0.2367805838981275,50
459,1,923,923,0,0,0,0,0.9799639883269131,0.9503870187142608,0.9799639883269131,0.9503870187142608,1.0,1,0.2329567173575617,52
460,2,925,925,0,0,0,0,0.980342026283009,0.9503870187142608,0.980342026283009,0.9503870187142608,1.0,1,0.2329499318495583,53
461,1,926,926,0,0,0,0,0.9807060628333237,0.9503870187142608,0.9807060628333237,0.9503870187142608,1.0,1,0.256666390645547,54
462,0,926,926,0,0,0,0,0.9807060628333237,0.9503870187142608,0.9807060628333237,0.9503870187142608,1.0,1,0.256666390645547,54
463,2,928,928,0,0,0,0,0.9961760498039799,0.9894841369609448,0.9961760498039799,0.9894841369609448,1.0,1,0.22696845785482295,55
464,1,929,929,0,0,0,0,1.0,1.0,1.0,1.0,1.0,1,0.1996183241249146,56
465,1,930,930,0,0,0,0,1.0,1.0,1.0,1.0,1.0,1,0.19420839903727066,54
466,4,934,934,0,0,0,0,1.0,1.0,1.0,1.0,1.0,1,0.21791897953569916,54
467,3,937,937,0,0,0,0,1.0,1.0,1.0,1.0,1.0,1,0.19599383029002646,51
468,3,940,940,0,0,0,0,1.0,1.0,1.0,1.0,1.0,1,0.20415135777854457,51
469,5,945,945,0,0,0,0,1.0,1.0,1.0,1.0,1.0,1,0.2247263733235333,48
470,5,950,950,0,0,0,0,1.0,1.0,1.0,1.0,1.0,1,0.3020517773511218,47
471,3,953,953,0,0,0,0,1.0,1.0,1.0,1.0,1.0,1,0.27274784092054305,44
472,0,953,953,0,0,0,0,1.0,1.0,1.0,1.0,1.0,1,0.2411166781157117,43
473,4,957,957,0,0,0,0,1.0,1.0,1.0,1.0,1.0,1,0.24258672785079877,41
474,2,959,959,0,0,0,0,1.0,1.0,1.0,1.0,1.0,1,0.20996542830345663,39
475,1,960,960,0,0,0,0,1.0,1.0,1.0,1.0,1.0,1,0.2073420457627468,40
476,2,962,962,0,0,0,0,1.0,1.0,1.0,1.0,1.0,1,0.21337544504249514,38
477,0,962,962,0,0,0,0,1.0,1.0,1.0,1.0,1.0,1,0.23959921396793357,35
478,0,962,962,0,0,0,0,1.0,1.0,1.0,1.0,1.0,1,0.22456850239244902,35
479,3,965,965,0,0,0,0,1.0,1.0,1.0,1.0,1.0,1,0.257533263946509,32
480,3,968,968,0,0,0,0,1.0,1.0,1.0,1.0,1.0,1,0.28824105582855325,32
481,4,972,972,0,0,0,0,1.0,1.0,1.0,1.0,1.0,1,0.3027915716282112,33
482,2,974,974,0,0,0,0,1.0,1.0,1.0,1.0,1.0,1,0.29615137424168214,34
483,4,978,978,0,0,0,0,1.0,1.0,1.0,1.0,1.0,1,0.3463305054261679,32
484,1,979,979,0,0,0,0,1.0,1.0,1.0,1.0,1.0,1,0.29602668419470374,33
485,2,981,981,0,0,0,0,1.0,1.0,1.0,1.0,1.0,1,0.23229149485526515,34
486,3,984,984,0,0,0,0,1.0,1.0,1.0,1.0,1.0,1,0.1993912083509027,36
487,4,988,988,0,0,0,0,1.0,1.0,1.0,1.0,1.0,1,0.20948074289687446,36
488,2,990,990,0,0,0,0,1.0,1.0,1.0,1.0,1.0,1,0.19219003456249342,37
489,2,992,992,0,0,0,0,1.0,1.0,1.0,1.0,1.0,1,0.18987152162518087,38
490,0,992,992,0,0,0,0,1.0,1.0,1.0,1.0,1.0,1,0.18987152162518087,38
491,2,994,994,0,0,0,0,1.0,1.0,1.0,1.0,1.0,1,0.19978695246867562,37
492,0,994,994,0,0,0,0,1.0,1.0,1.0,1.0,1.0,1,0.19978695246867562,37
493,4,998,998,0,0,0,0,1.0,1.0,1.0,1.0,1.0,1,0.14447796942000007,37
494,2,1000,1000,0,0,0,0,1.0,1.0,1.0,1.0,1.0,1,0.09130419917210882,39
495,0,1000,1000,0,0,0,0,1.0,1.0,1.0,1.0,1.0,1,0.10307818994197675,40
496,1,1001,1001,0,0,0,0,1.0,1.0,1.0,1.0,1.0,1,0.09154612727358791,40
497,2,1003,1003,0,0,0,0,1.0,1.0,1.0,1.0,1.0,1,0.13500834817631968,43
498,0,1003,1003,0,0,0,0,1.0,1.0,1.0,1.0,1.0,1,0.13500834817631968,43
499,2,1005,1005,0,0,0,0,1.0,1.0,1.0,1.0,1.0,1,0.18690980650946212,44
500,2,1007,1007,0,0,0,0,1.0,1.0,1.0,1.0,1.0,1,0.14303172763291092,45
501,2,1009,1009,0,0,0,0,1.0,1.0,1.0,1.0,1.0,1,0.15786346367594792,45
502,1,1010,1010,0,0,0,0,1.0,1.0,1.0,1.0,1.0,1,0.1629753404510556,45
503,2,1012,1012,0,0,0,0,1.0,1.0,1.0,1.0,1.0,1,0.16609184896553492,46
504,2,1014,1014,0,0,0,0,1.0,1.0,1.0,1.0,1.0,1,0.18145593975156543,47
505,1,1015,1015,0,0,0,0,1.0,1.0,1.0,1.0,1.0,1,0.2066175552356643,42
506,2,1017,1017,0,0,0,0,1.0,1.0,1.0,1.0,1.0,1,0.21421774558827952,41
507,0,1017,1017,0,0,0,0,1.0,1.0,1.0,1.0,1.0,1,0.24114249549812827,38
508,0,1017,1017,0,0,0,0,1.0,1.0,1.0,1.0,1.0,1,0.2412152625506339,38
509,1,1018,1018,0,0,0,0,1.0,1.0,1.0,1.0,1.0,1,0.2826033857550739,37
510,0,1018,1018,0,0,0,0,1.0,1.0,1.0,1.0,1.0,1,0.28066695123442065,36
511,0,1018,1018,0,0,0,0,1.0,1.0,1.0,1.0,1.0,1,0.2637567647247522,34
512,0,1018,1018,0,0,0,0,1.0,1.0,1.0,1.0,1.0,1,0.2644937459367612,32
513,5,1023,1023,0,0,0,0,1.0,1.0,1.0,1.0,1.0,1,0.2513807834872112,32
514,0,1023,1023,0,0,0,0,1.0,1.0,1.0,1.0,1.0,1,0.2583196549696723,35
515,5,1028,1028,0,0,0,0,1.0,1.0,1.0,1.0,1.0,1,0.24705789548242296,35
516,1,1029,1029,0,0,0,0,1.0,1.0,1.0,1.0,1.0,1,0.2728923522787262,36
517,6,1035,1035,0,0,0,0,1.0,1.0,1.0,1.0,1.0,1,0.3333997208060057,36
518,1,1036,1036,0,0,0,0,1.0,1.0,1.0,1.0,1.0,1,0.34963584514757784,39
519,6,1042,1042,0,0,0,0,0.9934285938784843,0.9877959600600423,0.9934285938784843,0.9877959600600423,1.0,1,0.4020549010404375,39
520,0,1042,1042,0,0,0,0,0.9656604497320265,0.9391253427067741,0.9656604497320265,0.9391253427067741,1.0,1,0.41428461207927014,39
521,1,1043,1043,0,0,0,0,0.9665189384887256,0.9391253427067741,0.9665189384887256,0.9391253427067741,1.0,1,0.3941728823260034,40
522,1,1044,1044,0,0,0,0,0.9482581329889517,0.9100141443286115,0.9482581329889517,0.9100141443286115,1.0,1,0.420147197186983,40
523,2,1046,1046,0,0,0,0,0.9495201297453186,0.9100141443286115,0.9495201297453186,0.9100141443286115,1.0,1,0.3537737034434083,41
524,2,1048,1048,0,0,0,0,0.9960410260659233,0.992270574700136,0.9960410260659233,0.992270574700136,1.0,1,0.331314135884604,41
525,1,1049,1049,0,0,0,0,1.0,1.0,1.0,1.0,1.0,1,0.3088536925781608,40
526,2,1051,1051,0,0,0,0,1.0,1.0,1.0,1.0,1.0,1,0.28111663888360383,40
527,2,1053,1053,0,0,0,0,1.0,1.0,1.0,1.0,1.0,1,0.25758464143982734,40
528,0,1053,1053,0,0,0,0,1.0,1.0,1.0,1.0,1.0,1,0.25758464143982734,40
529,4,1057,1057,0,0,0,0,1.0,1.0,1.0,1.0,1.0,1,0.32494876636162645,39
530,0,1057,1057,0,0,0,0,1.0,1.0,1.0,1.0,1.0,1,0.32494876636162645,39
531,2,1059,1059,0,0,0,0,1.0,1.0,1.0,1.0,1.0,1,0.30485270193326436,39
532,1,1060,1060,0,0,0,0,1.0,1.0,1.0,1.0,1.0,1,0.2971732057018815,40
533,1,1061,1061,0,0,0,0,1.0,1.0,1.0,1.0,1.0,1,0.331602125997413,40
534,0,1061,1061,0,0,0,0,1.0,1.0,1.0,1.0,1.0,1,0.31862942830755936,42
535,1,1062,1062,0,0,0,0,1.0,1.0,1.0,1.0,1.0,1,0.3455976744833249,42
536,0,1062,1062,0,0,0,0,0.9917698612920983,0.9823052017780114,0.9917698612920983,0.9823052017780114,1.0,1,0.3517643762875843,43
537,0,1062,1062,0,0,0,0,0.9917698612920983,0.9823052017780114,0.9917698612920983,0.9823052017780114,1.0,1,0.3517643762875843,43
538,1,1063,1063,0,0,0,0,0.9777531126501813,0.9533874741241894,0.9777531126501813,0.9533874741241894,1.0,1,0.3503404969093087,44
539,0,1063,1063,0,0,0,0,0.9777531126501813,0.9533874741241894,0.9777531126501813,0.9533874741241894,1.0,1,0.3503404969093087,44
540,1,1064,1064,0,0,0,0,1.0,1.0,1.0,1.0,1.0,1,0.312508345945104,44
541,0,1064,1064,0,0,0,0,1.0,1.0,1.0,1.0,1.0,1,0.2965216504071563,45
542,1,1065,1065,0,0,0,0,1.0,1.0,1.0,1.0,1.0,1,0.2401095542165551,46
543,2,1067,1067,0,0,0,0,0.9986600333193644,0.9971190716366335,0.9986600333193644,0.9971190716366335,1.0,1,0.2832699153422687,43
544,1,1068,1068,0,0,0,0,1.0,1.0,1.0,1.0,1.0,1,0.2833030644810458,42
545,3,1071,1071,0,0,0,0,1.0,1.0,1.0,1.0,1.0,1,0.2565151042267093,43
546,0,1071,1071,0,0,0,0,1.0,1.0,1.0,1.0,1.0,1,0.24231075963485516,41
547,5,1076,1076,0,0,0,0,1.0,1.0,1.0,1.0,1.0,1,0.15775047738314302,40
548,2,1078,1078,0,0,0,0,1.0,1.0,1.0,1.0,1.0,1,0.19510268891000768,40
549,2,1080,1080,0,0,0,0,1.0,1.0,1.0,1.0,1.0,1,0.2260098557783559,39
550,3,1083,1083,0,0,0,0,1.0,1.0,1.0,1.0,1.0,1,0.2118019556078711,38
551,2,1085,1085,0,0,0,0,1.0,1.0,1.0,1.0,1.0,1,0.20928372647303237,38
552,0,1085,1085,0,0,0,0,1.0,1.0,1.0,1.0,1.0,1,0.21052473414970407,39
553,2,1087,1087,0,0,0,0,1.0,1.0,1.0,1.0,1.0,1,0.20305512860119276,38
554,3,1090,1090,0,0,0,0,1.0,1.0,1.0,1.0,1.0,1,0.21686959794283084,39
555,2,1092,1092,0,0,0,0,1.0,1.0,1.0,1.0,1.0,1,0.20553299456630783,39
556,3,1095,1095,0,0,0,0,1.0,1.0,1.0,1.0,1.0,1,0.17330380258359104,40
557,4,1099,1099,0,0,0,0,1.0,1.0,1.0,1.0,1.0,1,0.241466601095779,40
558,3,1102,1102,0,0,0,0,1.0,1.0,1.0,1.0,1.0,1,0.18686971139862177,40
559,5,1107,1107,0,0,0,0,1.0,1.0,1.0,1.0,1.0,1,0.20505772853988335,40
560,6,1113,1113,0,0,0,0,1.0,1.0,1.0,1.0,1.0,1,0.26757897167191563,41
561,2,1115,1115,0,0,0,0,1.0,1.0,1.0,1.0,1.0,1,0.25939857866607263,42
562,5,1120,1120,0,0,0,0,1.0,1.0,1.0,1.0,1.0,1,0.23322241638075022,42
563,3,1123,1123,0,0,0,0,1.0,1.0,1.0,1.0,1.0,1,0.2725853727699952,42
564,1,1124,1124,0,0,0,0,1.0,1.0,1.0,1.0,1.0,1,0.2712418577186978,43
565,3,1127,1127,0,0,0,0,1.0,1.0,1.0,1.0,1.0,1,0.3393434171890709,44
566,2,1129,1129,0,0,0,0,0.9717455690606823,0.9364275303865351,0.9717455690606823,0.9364275303865351,1.0,1,0.38907746208571115,45
567,1,1130,1130,0,0,0,0,0.9494161622880658,0.8916060620458551,0.9494161622880658,0.8916060620458551,1.0,1,0.4139518463158565,45
568,1,1131,1131,0,0,0,0,0.9738474807576066,0.9398492057424952,0.9738474807576066,0.9398492057424952,1.0,1,0.3812226086736479,46
569,2,1133,1133,0,0,0,0,0.9361020446871114,0.8634907318315564,0.9361020446871114,0.8634907318315564,1.0,1,0.4316600102241461,47
570,2,1135,1135,0,0,0,0,0.9587787970048617,0.9057801074396837,0.9587787970048617,0.9057801074396837,1.0,1,0.41552696024603136,48
571,1,1136,1136,0,0,0,0,0.9800312384901084,0.9520749723762603,0.9800312384901084,0.9520749723762603,1.0,1,0.40380206073555414,48
572,1,1137,1137,0,0,0,0,0.9934582049036239,0.9851875354406673,0.9934582049036239,0.9851875354406673,1.0,1,0.41682625020527947,47
573,2,1139,1139,0,0,0,0,0.9746590356930918,0.9379146374480748,0.9746590356930918,0.9379146374480748,1.0,1,0.3804687192881049,49
574,0,1139,1139,0,0,0,0,0.9746590356930918,0.9379146374480748,0.9746590356930918,0.9379146374480748,1.0,1,0.3804687192881049,49
575,3,1142,1142,0,0,0,0,0.9751658549792299,0.9379146374480748,0.9751658549792299,0.9379146374480748,1.0,1,0.3661418924787582,50
576,0,1142,1142,0,0,0,0,0.9566994430402455,0.8948415045263105,0.9566994430402455,0.8948415045263105,1.0,1,0.3741924998148791,51
577,1,1143,1143,0,0,0,0,0.9566994430402455,0.8948415045263105,0.9566994430402455,0.8948415045263105,1.0,1,0.362887844486821,51
578,1,1144,1144,0,0,0,0,0.9566994430402455,0.8948415045263105,0.9566994430402455,0.8948415045263105,1.0,1,0.3502472408324071,51
579,2,1146,1146,0,0,0,0,0.9770603223561547,0.9403568381260023,0.9770603223561547,0.9403568381260023,1.0,1,0.31797723262422867,52
580,0,1146,1146,0,0,0,0,0.9704073434119075,0.9230590928709597,0.9704073434119075,0.9230590928709597,1.0,1,0.32142258305236904,52
581,4,1150,1150,0,0,0,0,1.0,1.0,1.0,1.0,1.0,1,0.2732734551739479,52
582,5,1155,1155,0,0,0,0,0.9492370347384678,0.8923825136455518,0.9492370347384678,0.8923825136455518,1.0,1,0.32919778275480227,53
583,7,1162,1162,0,0,0,0,0.9250282533263683,0.8470576367857914,0.9250282533263683,0.8470576367857914,1.0,1,0.31747545527123533,51
584,4,1166,1166,0,0,0,0,0.9267275927484789,0.8505242892068967,0.9267275927484789,0.8505242892068967,1.0,1,0.33674106671675264,51
585,4,1170,1170,0,0,0,0,0.9389736654319412,0.8754045669235466,0.9389736654319412,0.8754045669235466,1.0,1,0.3180821663292326,49
586,2,1172,1172,0,0,0,0,0.8925111434208438,0.7974248472162058,0.8925111434208438,0.7974248472162058,1.0,1,0.31381961870375785,49
587,6,1178,1178,0,0,0,0,0.9906719720255058,0.9786787932011561,0.9906719720255058,0.9786787932011561,1.0,1,0.22405341129101017,48
588,1,1179,1179,0,0,0,0,0.9902664055918322,0.9786787932011561,0.9902664055918322,0.9786787932011561,1.0,1,0.2522466777511155,46
589,4,1183,1183,0,0,0,0,1.0,1.0,1.0,1.0,1.0,1,0.20202186595383428,48
590,1,1184,1184,0,0,0,0,1.0,1.0,1.0,1.0,1.0,1,0.2477806241308065,47
591,2,1186,1186,0,0,0,0,1.0,1.0,1.0,1.0,1.0,1,0.24844869997047597,48
592,3,1189,1189,0,0,0,0,1.0,1.0,1.0,1.0,1.0,1,0.25561642425788605,47
593,0,1189,1189,0,0,0,0,1.0,1.0,1.0,1.0,1.0,1,0.2917222803265523,45
594,3,1192,1192,0,0,0,0,1.0,1.0,1.0,1.0,1.0,1,0.2232446164685427,44
595,4,1196,1196,0,0,0,0,1.0,1.0,1.0,1.0,1.0,1,0.21270385168953657,43
596,1,1197,1197,0,0,0,0,1.0,1.0,1.0,1.0,1.0,1,0.2090207870664879,44
597,0,1197,1197,0,0,0,0,1.0,1.0,1.0,1.0,1.0,1,0.20777029753339354,43
598,5,1202,1202,0,0,0,0,1.0,1.0,1.0,1.0,1.0,1,0.17774577378127693,45
599,0,1202,1202,0,0,0,0,1.0,1.0,1.0,1.0,1.0,1,0.1872165702931506,44
600,4,1206,1206,0,0,0,0,1.0,1.0,1.0,1.0,1.0,1,0.18539013203948346,44
601,0,1206,1206,0,0,0,0,1.0,1.0,1.0,1.0,1.0,1,0.19945880775179956,45
602,1,1207,1207,0,0,0,0,1.0,1.0,1.0,1.0,1.0,1,0.18583485847749454,46
603,3,1210,1210,0,0,0,0,1.0,1.0,1.0,1.0,1.0,1,0.1576830356672887,46
604,1,1211,1211,0,0,0,0,1.0,1.0,1.0,1.0,1.0,1,0.1867001894129739,47
605,1,1212,1212,0,0,0,0,1.0,1.0,1.0,1.0,1.0,1,0.1959476121058855,47
606,0,1212,1212,0,0,0,0,1.0,1.0,1.0,1.0,1.0,1,0.2024783799148004,47
607,4,1216,1216,0,0,0,0,1.0,1.0,1.0,1.0,1.0,1,0.18784183581067984,48
608,2,1218,1218,0,0,0,0,1.0,1.0,1.0,1.0,1.0,1,0.2106527110942814,47
609,2,1220,1220,0,0,0,0,1.0,1.0,1.0,1.0,1.0,1,0.17979014861813317,48
610,2,1222,1222,0,0,0,0,1.0,1.0,1.0,1.0,1.0,1,0.16244785564012454,48
611,2,1224,1224,0,0,0,0,1.0,1.0,1.0,1.0,1.0,1,0.13739922247224648,49
612,3,1227,1227,0,0,0,0,1.0,1.0,1.0,1.0,1.0,1,0.13153678015430054,50
613,0,1227,1227,0,0,0,0,1.0,1.0,1.0,1.0,1.0,1,0.13153678015430054,50
614,4,1231,1231,0,0,0,0,1.0,1.0,1.0,1.0,1.0,1,0.19380237891939342,50
615,3,1234,1234,0,0,0,0,1.0,1.0,1.0,1.0,1.0,1,0.19503719534443126,50
616,2,1236,1236,0,0,0,0,1.0,1.0,1.0,1.0,1.0,1,0.16686733079977942,50
617,2,1238,1238,0,0,0,0,1.0,1.0,1.0,1.0,1.0,1,0.1757564585408284,52
618,3,1241,1241,0,0,0,0,1.0,1.0,1.0,1.0,1.0,1,0.1633900012020115,52
619,1,1242,1242,0,0,0,0,1.0,1.0,1.0,1.0,1.0,1,0.1882550399846191,50
620,1,1243,1243,0,0,0,0,1.0,1.0,1.0,1.0,1.0,1,0.22597742317187627,50
621,2,1245,1245,0,0,0,0,1.0,1.0,1.0,1.0,1.0,1,0.26643291195184393,49
622,2,1247,1247,0,0,0,0,1.0,1.0,1.0,1.0,1.0,1,0.27067026130761884,49
623,2,1249,1249,0,0,0,0,1.0,1.0,1.0,1.0,1.0,1,0.26878443890402265,48
624,3,1252,1252,0,0,0,0,0.993964749249734,0.9867799269279888,0.993964749249734,0.9867799269279888,1.0,1,0.32374424409538266,46
625,1,1253,1253,0,0,0,0,0.9986949758853836,0.9972035197543936,0.9986949758853836,0.9972035197543936,1.0,1,0.3236302501988221,45
626,5,1258,1258,0,0,0,0,1.0,1.0,1.0,1.0,1.0,1,0.2946222921894308,44
627,2,1260,1260,0,0,0,0,1.0,1.0,1.0,1.0,1.0,1,0.2644584557117276,44
628,2,1262,1262,0,0,0,0,1.0,1.0,1.0,1.0,1.0,1,0.2677399604392316,44
629,1,1263,1263,0,0,0,0,1.0,1.0,1.0,1.0,1.0,1,0.3090148877127635,41
630,3,1266,1266,0,0,0,0,1.0,1.0,1.0,1.0,1.0,1,0.2774156595906036,40
631,1,1267,1267,0,0,0,0,1.0,1.0,1.0,1.0,1.0,1,0.3429074121241513,38
632,0,1267,1267,0,0,0,0,1.0,1.0,1.0,1.0,1.0,1,0.3275227259632452,38
633,3,1270,1270,0,0,0,0,1.0,1.0,1.0,1.0,1.0,1,0.31340738703435816,36
634,1,1271,1271,0,0,0,0,1.0,1.0,1.0,1.0,1.0,1,0.29072301161567077,35
635,4,1275,1275,0,0,0,0,1.0,1.0,1.0,1.0,1.0,1,0.25405771662655685,35
636,2,1277,1277,0,0,0,0,1.0,1.0,1.0,1.0,1.0,1,0.22235317136730892,36
637,4,1281,1281,0,0,0,0,1.0,1.0,1.0,1.0,1.0,1,0.2382559818504599,35
638,1,1282,1282,0,0,0,0,1.0,1.0,1.0,1.0,1.0,1,0.2408886829301515,34
639,0,1282,1282,0,0,0,0,1.0,1.0,1.0,1.0,1.0,1,0.20965302816138412,36
640,0,1282,1282,0,0,0,0,1.0,1.0,1.0,1.0,1.0,1,0.20177953379249833,37
641,4,1286,1286,0,0,0,0,1.0,1.0,1.0,1.0,1.0,1,0.2599175153073236,37
642,1,1287,1287,0,0,0,0,1.0,1.0,1.0,1.0,1.0,1,0.21811108295634815,38
643,1,1288,1288,0,0,0,0,1.0,1.0,1.0,1.0,1.0,1,0.23884440125833648,39
644,3,1291,1291,0,0,0,0,1.0,1.0,1.0,1.0,1.0,1,0.18364132893110188,39
645,1,1292,1292,0,0,0,0,1.0,1.0,1.0,1.0,1.0,1,0.21854493911230843,39
646,4,1296,1296,0,0,0,0,1.0,1.0,1.0,1.0,1.0,1,0.1870401880317306,40
647,1,1297,1297,0,0,0,0,1.0,1.0,1.0,1.0,1.0,1,0.17278208634196934,40
648,2,1299,1299,0,0,0,0,1.0,1.0,1.0,1.0,1.0,1,0.16407987769735885,40
649,4,1303,1303,0,0,0,0,1.0,1.0,1.0,1.0,1.0,1,0.10606529511423063,40
650,2,1305,1305,0,0,0,0,1.0,1.0,1.0,1.0,1.0,1,0.11477261064777562,41
651,2,1307,1307,0,0,0,0,1.0,1.0,1.0,1.0,1.0,1,0.09042127842231625,42
652,5,1312,1312,0,0,0,0,1.0,1.0,1.0,1.0,1.0,1,0.1408814867862363,41
653,1,1313,1313,0,0,0,0,1.0,1.0,1.0,1.0,1.0,1,0.1600047747215798,41
654,4,1317,1317,0,0,0,0,1.0,1.0,1.0,1.0,1.0,1,0.2158277877234243,42
655,2,1319,1319,0,0,0,0,1.0,1.0,1.0,1.0,1.0,1,0.22822281659315635,45
656,0,1319,1319,0,0,0,0,1.0,1.0,1.0,1.0,1.0,1,0.22822281659315635,45
657,3,1322,1322,0,0,0,0,1.0,1.0,1.0,1.0,1.0,1,0.273862153094639,43
658,1,1323,1323,0,0,0,0,1.0,1.0,1.0,1.0,1.0,1,0.28295539528538566,43
659,3,1326,1326,0,0,0,0,1.0,1.0,1.0,1.0,1.0,1,0.2374310331417327,43
660,0,1326,1326,0,0,0,0,1.0,1.0,1.0,1.0,1.0,1,0.2476295745777623,43
661,2,1328,1328,0,0,0,0,1.0,1.0,1.0,1.0,1.0,1,0.2764363345475296,41
662,1,1329,1329,0,0,0,0,1.0,1.0,1.0,1.0,1.0,1,0.3400783659148821,40
663,3,1332,1332,0,0,0,0,1.0,1.0,1.0,1.0,1.0,1,0.2878910018264465,39
664,1,1333,1333,0,0,0,0,1.0,1.0,1.0,1.0,1.0,1,0.29603142817822986,36
665,5,1338,1338,0,0,0,0,1.0,1.0,1.0,1.0,1.0,1,0.21125863408479245,36
666,1,1339,1339,0,0,0,0,1.0,1.0,1.0,1.0,1.0,1,0.1911843392719961,36
667,1,1340,1340,0,0,0,0,1.0,1.0,1.0,1.0,1.0,1,0.15239526270849824,35
668,4,1344,1344,0,0,0,0,1.0,1.0,1.0,1.0,1.0,1,0.16679894234529627,34
669,1,1345,1345,0,0,0,0,1.0,1.0,1.0,1.0,1.0,1,0.12324054667041699,34
670,0,1345,1345,0,0,0,0,1.0,1.0,1.0,1.0,1.0,1,0.14246846177898037,32
671,1,1346,1346,0,0,0,0,1.0,1.0,1.0,1.0,1.0,1,0.15403989264534929,33
672,2,1348,1348,0,0,0,0,1.0,1.0,1.0,1.0,1.0,1,0.2287533251898332,32
673,2,1350,1350,0,0,0,0,1.0,1.0,1.0,1.0,1.0,1,0.21546471992470378,32
674,2,1352,1352,0,0,0,0,1.0,1.0,1.0,1.0,1.0,1,0.1558484478373226,32
675,1,1353,1353,0,0,0,0,1.0,1.0,1.0,1.0,1.0,1,0.13120181264468422,34
676,2,1355,1355,0,0,0,0,1.0,1.0,1.0,1.0,1.0,1,0.07509579849497154,35
677,1,1356,1356,0,0,0,0,1.0,1.0,1.0,1.0,1.0,1,0.045833575362263665,35
678,2,1358,1358,0,0,0,0,1.0,1.0,1.0,1.0,1.0,1,0.08343274911248438,35
679,1,1359,1359,0,0,0,0,1.0,1.0,1.0,1.0,1.0,1,0.08838408250811287,36
680,0,1359,1359,0,0,0,0,1.0,1.0,1.0,1.0,1.0,1,0.0813558042203227,37
681,3,1362,1362,0,0,0,0,1.0,1.0,1.0,1.0,1.0,1,0.1252741134471396,37
682,0,1362,1362,0,0,0,0,1.0,1.0,1.0,1.0,1.0,1,0.1252741134471396,37
683,5,1367,1367,0,0,0,0,1.0,1.0,1.0,1.0,1.0,1,0.06265845732159912,38
684,2,1369,1369,0,0,0,0,1.0,1.0,1.0,1.0,1.0,1,0.07230171931686015,39
685,6,1375,1375,0,0,0,0,1.0,1.0,1.0,1.0,1.0,1,0.1422713725055558,38
686,3,1378,1378,0,0,0,0,1.0,1.0,1.0,1.0,1.0,1,0.18654371604408101,37
687,3,1381,1381,0,0,0,0,1.0,1.0,1.0,1.0,1.0,1,0.17704758890884054,38
688,4,1385,1385,0,0,0,0,1.0,1.0,1.0,1.0,1.0,1,0.17092018219239027,37
689,2,1387,1387,0,0,0,0,1.0,1.0,1.0,1.0,1.0,1,0.26072662938164554,39
690,3,1390,1390,0,0,0,0,1.0,1.0,1.0,1.0,1.0,1,0.2683154596537298,38
691,5,1395,1395,0,0,0,0,1.0,1.0,1.0,1.0,1.0,1,0.2251069065246368,38
692,1,1396,1396,0,0,0,0,1.0,1.0,1.0,1.0,1.0,1,0.1823546983429607,38
693,2,1398,1398,0,0,0,0,1.0,1.0,1.0,1.0,1.0,1,0.18335919512642618,40
694,3,1401,1401,0,0,0,0,1.0,1.0,1.0,1.0,1.0,1,0.20289034138523607,42
695,1,1402,1402,0,0,0,0,1.0,1.0,1.0,1.0,1.0,1,0.19809991733267465,40
696,4,1406,1406,0,0,0,0,1.0,1.0,1.0,1.0,1.0,1,0.2625133195029841,39
697,2,1408,1408,0,0,0,0,1.0,1.0,1.0,1.0,1.0,1,0.21593542074875655,39
698,1,1409,1409,0,0,0,0,1.0,1.0,1.0,1.0,1.0,1,0.24620651511848735,37
699,1,1410,1410,0,0,0,0,1.0,1.0,1.0,1.0,1.0,1,0.23982954772403325,37
700,1,1411,1411,0,0,0,0,1.0,1.0,1.0,1.0,1.0,1,0.26486116788487596,37
701,2,1413,1413,0,0,0,0,1.0,1.0,1.0,1.0,1.0,1,0.20481128060181633,37
702,0,1413,1413,0,0,0,0,1.0,1.0,1.0,1.0,1.0,1,0.21583931360818592,38
703,2,1415,1415,0,0,0,0,1.0,1.0,1.0,1.0,1.0,1,0.20846901528661022,36
704,4,1419,1419,0,0,0,0,1.0,1.0,1.0,1.0,1.0,1,0.21729068227208453,36
705,4,1423,1423,0,0,0,0,1.0,1.0,1.0,1.0,1.0,1,0.17307140778343078,36
706,1,1424,1424,0,0,0,0,1.0,1.0,1.0,1.0,1.0,1,0.165194456311847,35
707,2,1426,1426,0,0,0,0,1.0,1.0,1.0,1.0,1.0,1,0.11573973504420354,36
708,2,1428,1428,0,0,0,0,1.0,1.0,1.0,1.0,1.0,1,0.12872050754266093,36
709,0,1428,1428,0,0,0,0,1.0,1.0,1.0,1.0,1.0,1,0.09143801406023849,34
710,1,1429,1429,0,0,0,0,1.0,1.0,1.0,1.0,1.0,1,0.10430215960482983,34
711,1,1430,1430,0,0,0,0,1.0,1.0,1.0,1.0,1.0,1,0.12234054402637189,34
712,1,1431,1431,0,0,0,0,1.0,1.0,1.0,1.0,1.0,1,0.07644034417699927,35
713,1,1432,1432,0,0,0,0,1.0,1.0,1.0,1.0,1.0,1,0.1120891791803483,34
714,1,1433,1433,0,0,0,0,1.0,1.0,1.0,1.0,1.0,1,0.10392051939909386,34
715,4,1437,1437,0,0,0,0,1.0,1.0,1.0,1.0,1.0,1,0.0835398440878388,35
716,2,1439,1439,0,0,0,0,1.0,1.0,1.0,1.0,1.0,1,0.12744071224628023,33
717,6,1445,1445,0,0,0,0,1.0,1.0,1.0,1.0,1.0,1,0.050085097293358326,33
718,4,1449,1449,0,0,0,0,1.0,1.0,1.0,1.0,1.0,1,0.0845521728688508,32
719,5,1454,1454,0,0,0,0,1.0,1.0,1.0,1.0,1.0,1,0.14510706282697866,32
720,4,1458,1458,0,0,0,0,1.0,1.0,1.0,1.0,1.0,1,0.13633564971586382,33
721,4,1462,1462,0,0,0,0,1.0,1.0,1.0,1.0,1.0,1,0.2337380232866954,33
722,1,1463,1463,0,0,0,0,1.0,1.0,1.0,1.0,1.0,1,0.2532985073642484,34
723,4,1467,1467,0,0,0,0,1.0,1.0,1.0,1.0,1.0,1,0.2178617500054088,34
724,1,1468,1468,0,0,0,0,1.0,1.0,1.0,1.0,1.0,1,0.2729001847304221,36
725,4,1472,1472,0,0,0,0,1.0,1.0,1.0,1.0,1.0,1,0.20806288092934655,36
726,4,1476,1476,0,0,0,0,1.0,1.0,1.0,1.0,1.0,1,0.15270562473498048,36
727,1,1477,1477,0,0,0,0,1.0,1.0,1.0,1.0,1.0,1,0.14210789861477238,36
728,0,1477,1477,0,0,0,0,1.0,1.0,1.0,1.0,1.0,1,0.1469839649022772,37
729,1,1478,1478,0,0,0,0,1.0,1.0,1.0,1.0,1.0,1,0.1506352829420479,37
730,0,1478,1478,0,0,0,0,1.0,1.0,1.0,1.0,1.0,1,0.15331511568082423,38
731,1,1479,1479,0,0,0,0,1.0,1.0,1.0,1.0,1.0,1,0.16610726046063182,39
732,1,1480,1480,0,0,0,0,1.0,1.0,1.0,1.0,1.0,1,0.14088122385102742,41
733,1,1481,1481,0,0,0,0,1.0,1.0,1.0,1.0,1.0,1,0.12334615282962208,39
734,2,1483,1483,0,0,0,0,1.0,1.0,1.0,1.0,1.0,1,0.12944701621392973,39
735,0,1483,1483,0,0,0,0,1.0,1.0,1.0,1.0,1.0,1,0.12595663823511236,39
736,0,1483,1483,0,0,0,0,1.0,1.0,1.0,1.0,1.0,1,0.14788686871101595,38
737,2,1485,1485,0,0,0,0,1.0,1.0,1.0,1.0,1.0,1,0.16952947552024594,39
738,0,1485,1485,0,0,0,0,1.0,1.0,1.0,1.0,1.0,1,0.1928766611397162,37
739,0,1485,1485,0,0,0,0,1.0,1.0,1.0,1.0,1.0,1,0.1928766611397162,37
740,3,1488,1488,0,0,0,0,1.0,1.0,1.0,1.0,1.0,1,0.2078750269729888,35
741,2,1490,1490,0,0,0,0,1.0,1.0,1.0,1.0,1.0,1,0.19993766020332074,33
742,2,1492,1492,0,0,0,0,1.0,1.0,1.0,1.0,1.0,1,0.13099008937074738,35
743,2,1494,1494,0,0,0,0,1.0,1.0,1.0,1.0,1.0,1,0.10514683880717136,35
744,2,1496,1496,0,0,0,0,1.0,1.0,1.0,1.0,1.0,1,0.03805870366538221,34
745,1,1497,1497,0,0,0,0,1.0,1.0,1.0,1.0,1.0,1,0.008203776372495619,34
746,2,1499,1499,0,0,0,0,1.0,1.0,1.0,1.0,1.0,1,0.06360573864492892,33
747,1,1500,1500,0,0,0,0,1.0,1.0,1.0,1.0,1.0,1,0.07755559553930191,32
748,1,1501,1501,0,0,0,0,1.0,1.0,1.0,1.0,1.0,1,0.11590110824423419,33
749,2,1503,1503,0,0,0,0,1.0,1.0,1.0,1.0,1.0,1,0.18370756243352032,33
750,2,1505,1505,0,0,0,0,1.0,1.0,1.0,1.0,1.0,1,0.18606807309974494,34
751,3,1508,1508,0,0,0,0,1.0,1.0,1.0,1.0,1.0,1,0.13082508004995932,36
752,2,1510,1510,0,0,0,0,1.0,1.0,1.0,1.0,1.0,1,0.1302034148430556,35
753,7,1517,1517,0,0,0,0,1.0,1.0,1.0,1.0,1.0,1,0.17116686675372259,37
754,0,1517,1517,0,0,0,0,1.0,1.0,1.0,1.0,1.0,1,0.17116686675372259,37
755,3,1520,1520,0,0,0,0,1.0,1.0,1.0,1.0,1.0,1,0.184561236349114,35
756,0,1520,1520,0,0,0,0,1.0,1.0,1.0,1.0,1.0,1,0.17974678014421971,36
757,3,1523,1523,0,0,0,0,1.0,1.0,1.0,1.0,1.0,1,0.21085981059519446,35
758,0,1523,1523,0,0,0,0,1.0,1.0,1.0,1.0,1.0,1,0.22891844543929987,36
759,1,1524,1524,0,0,0,0,1.0,1.0,1.0,1.0,1.0,1,0.2433069979176321,37
760,1,1525,1525,0,0,0,0,1.0,1.0,1.0,1.0,1.0,1,0.22828818441478393,36
761,0,1525,1525,0,0,0,0,1.0,1.0,1.0,1.0,1.0,1,0.22828818441478393,36
762,0,1525,1525,0,0,0,0,1.0,1.0,1.0,1.0,1.0,1,0.24220950279794182,37
763,0,1525,1525,0,0,0,0,1.0,1.0,1.0,1.0,1.0,1,0.23315777266779456,38
764,0,1525,1525,0,0,0,0,1.0,1.0,1.0,1.0,1.0,1,0.23315777266779456,38
765,2,1527,1527,0,0,0,0,1.0,1.0,1.0,1.0,1.0,1,0.2846195982414836,38
766,1,1528,1528,0,0,0,0,1.0,1.0,1.0,1.0,1.0,1,0.23829113002085422,40
767,2,1530,1530,0,0,0,0,1.0,1.0,1.0,1.0,1.0,1,0.18559870000011366,41
768,2,1532,1532,0,0,0,0,1.0,1.0,1.0,1.0,1.0,1,0.20163675714679172,41
769,2,1534,1534,0,0,0,0,1.0,1.0,1.0,1.0,1.0,1,0.14365705455288455,42
770,0,1534,1534,0,0,0,0,1.0,1.0,1.0,1.0,1.0,1,0.17398084510829678,41
771,4,1538,1538,0,0,0,0,1.0,1.0,1.0,1.0,1.0,1,0.21735785330336474,41
772,0,1538,1538,0,0,0,0,1.0,1.0,1.0,1.0,1.0,1,0.22979303864446507,41
773,3,1541,1541,0,0,0,0,1.0,1.0,1.0,1.0,1.0,1,0.17571135097731,41
774,0,1541,1541,0,0,0,0,1.0,1.0,1.0,1.0,1.0,1,0.15469415597409647,42
775,1,1542,1542,0,0,0,0,1.0,1.0,1.0,1.0,1.0,1,0.14208482385963395,42
776,2,1544,1544,0,0,0,0,1.0,1.0,1.0,1.0,1.0,1,0.16367399200196417,42
777,0,1544,1544,0,0,0,0,1.0,1.0,1.0,1.0,1.0,1,0.16367399200196417,42
778,3,1547,1547,0,0,0,0,1.0,1.0,1.0,1.0,1.0,1,0.21980438207311292,44
779,1,1548,1548,0,0,0,0,1.0,1.0,1.0,1.0,1.0,1,0.2294040793729933,44
780,1,1549,1549,0,0,0,0,1.0,1.0,1.0,1.0,1.0,1,0.21692872552482334,44
781,2,1551,1551,0,0,0,0,1.0,1.0,1.0,1.0,1.0,1,0.23046392737286278,46
782,4,1555,1555,0,0,0,0,1.0,1.0,1.0,1.0,1.0,1,0.279266298488502,45
783,0,1555,1555,0,0,0,0,1.0,1.0,1.0,1.0,1.0,1,0.2775076297306907,44
784,2,1557,1557,0,0,0,0,1.0,1.0,1.0,1.0,1.0,1,0.27748762303456875,44
785,4,1561,1561,0,0,0,0,1.0,1.0,1.0,1.0,1.0,1,0.231455144077051,43
786,3,1564,1564,0,0,0,0,1.0,1.0,1.0,1.0,1.0,1,0.26654864797692357,43
787,3,1567,1567,0,0,0,0,1.0,1.0,1.0,1.0,1.0,1,0.2526318890002106,43
788,2,1569,1569,0,0,0,0,1.0,1.0,1.0,1.0,1.0,1,0.21939454073053055,45
789,2,1571,1571,0,0,0,0,1.0,1.0,1.0,1.0,1.0,1,0.20511533279054148,46
790,1,1572,1572,0,0,0,0,1.0,1.0,1.0,1.0,1.0,1,0.22432423675924834,45
791,3,1575,1575,0,0,0,0,1.0,1.0,1.0,1.0,1.0,1,0.20664729302255494,46
792,1,1576,1576,0,0,0,0,1.0,1.0,1.0,1.0,1.0,1,0.21058682414589336,46
793,2,1578,1578,0,0,0,0,1.0,1.0,1.0,1.0,1.0,1,0.22355288535487322,46
794,6,1584,1584,0,0,0,0,1.0,1.0,1.0,1.0,1.0,1,0.23432579417763064,47
795,2,1586,1586,0,0,0,0,1.0,1.0,1.0,1.0,1.0,1,0.24372880187491253,47
796,3,1589,1589,0,0,0,0,1.0,1.0,1.0,1.0,1.0,1,0.24223112157755866,46
797,5,1594,1594,0,0,0,0,1.0,1.0,1.0,1.0,1.0,1,0.21073129002588048,47
798,2,1596,1596,0,0,0,0,1.0,1.0,1.0,1.0,1.0,1,0.23790682532220975,48
799,3,1599,1599,0,0,0,0,1.0,1.0,1.0,1.0,1.0,1,0.19885551293309386,48
800,3,1602,1602,0,0,0,0,1.0,1.0,1.0,1.0,1.0,1,0.23435236473280727,48
801,0,1602,1602,0,0,0,0,1.0,1.0,1.0,1.0,1.0,1,0.2465915341507857,49
802,0,1602,1602,0,0,0,0,1.0,1.0,1.0,1.0,1.0,1,0.23710034304808697,50
803,2,1604,1604,0,0,0,0,1.0,1.0,1.0,1.0,1.0,1,0.2211081022608667,49
804,0,1604,1604,0,0,0,0,1.0,1.0,1.0,1.0,1.0,1,0.2217071636677008,50
805,1,1605,1605,0,0,0,0,1.0,1.0,1.0,1.0,1.0,1,0.2323123311909776,50
806,1,1606,1606,0,0,0,0,1.0,1.0,1.0,1.0,1.0,1,0.27091031219040745,50
807,1,1607,1607,0,0,0,0,1.0,1.0,1.0,1.0,1.0,1,0.29353271677041504,51
808,2,1609,1609,0,0,0,0,0.9889216326610495,0.9717501632856761,0.9889216326610495,0.9717501632856761,1.0,1,0.2954439968773382,51
809,2,1611,1611,0,0,0,0,1.0,1.0,1.0,1.0,1.0,1,0.26522452015648545,51
810,1,1612,1612,0,0,0,0,0.98574744034623,0.9629433449001978,0.98574744034623,0.9629433449001978,1.0,1,0.2523473517241386,52
811,1,1613,1613,0,0,0,0,1.0,1.0,1.0,1.0,1.0,1,0.26147185803169215,50
812,2,1615,1615,0,0,0,0,1.0,1.0,1.0,1.0,1.0,1,0.20202833626982417,48
813,1,1616,1616,0,0,0,0,1.0,1.0,1.0,1.0,1.0,1,0.19784438806615623,49
814,0,1616,1616,0,0,0,0,1.0,1.0,1.0,1.0,1.0,1,0.17491018987175347,48
815,5,1621,1621,0,0,0,0,1.0,1.0,1.0,1.0,1.0,1,0.2607547987301159,48
816,0,1621,1621,0,0,0,0,1.0,1.0,1.0,1.0,1.0,1,0.23549533648596532,46
817,1,1622,1622,0,0,0,0,1.0,1.0,1.0,1.0,1.0,1,0.2349405389252739,44
818,3,1625,1625,0,0,0,0,1.0,1.0,1.0,1.0,1.0,1,0.2341194370080124,46
819,2,1627,1627,0,0,0,0,1.0,1.0,1.0,1.0,1.0,1,0.2314950157897783,44
820,3,1630,1630,0,0,0,0,1.0,1.0,1.0,1.0,1.0,1,0.1706686555630867,44
821,3,1633,1633,0,0,0,0,1.0,1.0,1.0,1.0,1.0,1,0.22935874469157452,44
822,2,1635,1635,0,0,0,0,1.0,1.0,1.0,1.0,1.0,1,0.2332716598151411,44
823,4,1639,1639,0,0,0,0,1.0,1.0,1.0,1.0,1.0,1,0.2310613509937457,42
824,2,1641,1641,0,0,0,0,1.0,1.0,1.0,1.0,1.0,1,0.26676794316120683,42
825,5,1646,1646,0,0,0,0,1.0,1.0,1.0,1.0,1.0,1,0.28070869652740355,40
826,3,1649,1649,0,0,0,0,1.0,1.0,1.0,1.0,1.0,1,0.28904923089105206,41
827,3,1652,1652,0,0,0,0,1.0,1.0,1.0,1.0,1.0,1,0.34679650226998066,40
828,0,1652,1652,0,0,0,0,1.0,1.0,1.0,1.0,1.0,1,0.33439856195558854,40
829,2,1654,1654,0,0,0,0,1.0,1.0,1.0,1.0,1.0,1,0.27269711345453973,42
830,1,1655,1655,0,0,0,0,1.0,1.0,1.0,1.0,1.0,1,0.2766921219742472,42
831,2,1657,1657,0,0,0,0,1.0,1.0,1.0,1.0,1.0,1,0.2233050228060126,43
832,1,1658,1658,0,0,0,0,1.0,1.0,1.0,1.0,1.0,1,0.20722044756426047,42
833,1,1659,1659,0,0,0,0,1.0,1.0,1.0,1.0,1.0,1,0.21043370908116804,41
834,3,1662,1662,0,0,0,0,1.0,1.0,1.0,1.0,1.0,1,0.19071859436797362,41
835,1,1663,1663,0,0,0,0,1.0,1.0,1.0,1.0,1.0,1,0.1484485660538419,41
836,0,1663,1663,0,0,0,0,1.0,1.0,1.0,1.0,1.0,1,0.14610524543496245,40
837,1,1664,1664,0,0,0,0,1.0,1.0,1.0,1.0,1.0,1,0.16313109124910355,41
838,2,1666,1666,0,0,0,0,1.0,1.0,1.0,1.0,1.0,1,0.16342525216998685,41
839,2,1668,1668,0,0,0,0,1.0,1.0,1.0,1.0,1.0,1,0.19363552959759767,41
840,2,1670,1670,0,0,0,0,1.0,1.0,1.0,1.0,1.0,1,0.20816741522785118,42
841,2,1672,1672,0,0,0,0,1.0,1.0,1.0,1.0,1.0,1,0.2045788170581312,42
842,0,1672,1672,0,0,0,0,1.0,1.0,1.0,1.0,1.0,1,0.2045788170581312,42
843,3,1675,1675,0,0,0,0,1.0,1.0,1.0,1.0,1.0,1,0.16998334117933944,42
844,2,1677,1677,0,0,0,0,1.0,1.0,1.0,1.0,1.0,1,0.20770563054397037,42
845,2,1679,1679,0,0,0,0,1.0,1.0,1.0,1.0,1.0,1,0.2112797139718026,44
846,0,1679,1679,0,0,0,0,1.0,1.0,1.0,1.0,1.0,1,0.2112797139718026,44
847,4,1683,1683,0,0,0,0,1.0,1.0,1.0,1.0,1.0,1,0.18766744146135927,42
848,3,1686,1686,0,0,0,0,1.0,1.0,1.0,1.0,1.0,1,0.1650396536734527,43
849,1,1687,1687,0,0,0,0,1.0,1.0,1.0,1.0,1.0,1,0.13325866053386193,43
850,1,1688,1688,0,0,0,0,1.0,1.0,1.0,1.0,1.0,1,0.1394277952804958,41
851,4,1692,1692,0,0,0,0,1.0,1.0,1.0,1.0,1.0,1,0.11632113640474194,40
852,1,1693,1693,0,0,0,0,1.0,1.0,1.0,1.0,1.0,1,0.07192509762700795,40
853,5,1698,1698,0,0,0,0,1.0,1.0,1.0,1.0,1.0,1,0.08828074088173295,40
854,4,1702,1702,0,0,0,0,1.0,1.0,1.0,1.0,1.0,1,0.08492845781864414,40
855,4,1706,1706,0,0,0,0,1.0,1.0,1.0,1.0,1.0,1,0.14536346103672343,41
856,2,1708,1708,0,0,0,0,1.0,1.0,1.0,1.0,1.0,1,0.16447281177338344,41
857,2,1710,1710,0,0,0,0,1.0,1.0,1.0,1.0,1.0,1,0.20343657960427092,42
858,1,1711,1711,0,0,0,0,1.0,1.0,1.0,1.0,1.0,1,0.20857315305021196,43
859,2,1713,1713,0,0,0,0,1.0,1.0,1.0,1.0,1.0,1,0.2429961654111368,43
860,3,1716,1716,0,0,0,0,1.0,1.0,1.0,1.0,1.0,1,0.2788912593333719,44
861,0,1716,1716,0,0,0,0,1.0,1.0,1.0,1.0,1.0,1,0.2788912593333719,44
862,6,1722,1722,0,0,0,0,1.0,1.0,1.0,1.0,1.0,1,0.23976427401853884,44
863,1,1723,1723,0,0,0,0,1.0,1.0,1.0,1.0,1.0,1,0.2443270096475957,44
864,3,1726,1726,0,0,0,0,1.0,1.0,1.0,1.0,1.0,1,0.1802759829575666,44
865,0,1726,1726,0,0,0,0,1.0,1.0,1.0,1.0,1.0,1,0.17892894945973528,43
866,2,1728,1728,0,0,0,0,1.0,1.0,1.0,1.0,1.0,1,0.1380068634831705,45
867,1,1729,1729,0,0,0,0,1.0,1.0,1.0,1.0,1.0,1,0.13976423055813644,44
868,0,1729,1729,0,0,0,0,1.0,1.0,1.0,1.0,1.0,1,0.15613060434818074,45
869,2,1731,1731,0,0,0,0,1.0,1.0,1.0,1.0,1.0,1,0.1574986455035902,44
870,0,1731,1731,0,0,0,0,1.0,1.0,1.0,1.0,1.0,1,0.1574986455035902,44
871,2,1733,1733,0,0,0,0,1.0,1.0,1.0,1.0,1.0,1,0.20535035522907485,43
872,2,1735,1735,0,0,0,0,1.0,1.0,1.0,1.0,1.0,1,0.23039662258370772,43
873,4,1739,1739,0,0,0,0,1.0,1.0,1.0,1.0,1.0,1,0.19845420478149153,43
874,4,1743,1743,0,0,0,0,1.0,1.0,1.0,1.0,1.0,1,0.19950074512136376,46
875,4,1747,1747,0,0,0,0,1.0,1.0,1.0,1.0,1.0,1,0.18079408150057338,43
876,5,1752,1752,0,0,0,0,1.0,1.0,1.0,1.0,1.0,1,0.20397895613696984,44
877,4,1756,1756,0,0,0,0,1.0,1.0,1.0,1.0,1.0,1,0.17340757192396697,44
878,3,1759,1759,0,0,0,0,1.0,1.0,1.0,1.0,1.0,1,0.2193589367463281,44
879,1,1760,1760,0,0,0,0,1.0,1.0,1.0,1.0,1.0,1,0.20518483902064427,44
880,3,1763,1763,0,0,0,0,1.0,1.0,1.0,1.0,1.0,1,0.2635584205978665,44
881,0,1763,1763,0,0,0,0,1.0,1.0,1.0,1.0,1.0,1,0.2741247015252717,43
882,0,1763,1763,0,0,0,0,1.0,1.0,1.0,1.0,1.0,1,0.2534620167870459,45
883,1,1764,1764,0,0,0,0,1.0,1.0,1.0,1.0,1.0,1,0.3079548379327807,45
884,3,1767,1767,0,0,0,0,0.9939212263810938,0.9863227593574612,0.9939212263810938,0.9863227593574612,1.0,1,0.2678818068654706,45
885,5,1772,1772,0,0,0,0,0.997360375843826,0.994324808064226,0.997360375843826,0.994324808064226,1.0,1,0.30048419969091483,43
886,1,1773,1773,0,0,0,0,0.9757760543344819,0.9503985874467964,0.9757760543344819,0.9503985874467964,1.0,1,0.32833584025311874,43
887,6,1779,1779,0,0,0,0,1.0,1.0,1.0,1.0,1.0,1,0.2989048683738682,41
888,0,1779,1779,0,0,0,0,1.0,1.0,1.0,1.0,1.0,1,0.2775830327670218,40
889,5,1784,1784,0,0,0,0,1.0,1.0,1.0,1.0,1.0,1,0.16660513279768177,40
890,2,1786,1786,0,0,0,0,1.0,1.0,1.0,1.0,1.0,1,0.1708792339538769,38
891,5,1791,1791,0,0,0,0,1.0,1.0,1.0,1.0,1.0,1,0.2398839689041242,39
892,1,1792,1792,0,0,0,0,1.0,1.0,1.0,1.0,1.0,1,0.2581947879110151,39
893,2,1794,1794,0,0,0,0,1.0,1.0,1.0,1.0,1.0,1,0.25932991181825005,37
894,2,1796,1796,0,0,0,0,1.0,1.0,1.0,1.0,1.0,1,0.24887500470682325,36
895,3,1799,1799,0,0,0,0,1.0,1.0,1.0,1.0,1.0,1,0.23418749392100463,37
896,1,1800,1800,0,0,0,0,1.0,1.0,1.0,1.0,1.0,1,0.26797577378109644,36
897,1,1801,1801,0,0,0,0,1.0,1.0,1.0,1.0,1.0,1,0.28566444706145383,36
898,0,1801,1801,0,0,0,0,1.0,1.0,1.0,1.0,1.0,1,0.29887358590332397,35
899,1,1802,1802,0,0,0,0,1.0,1.0,1.0,1.0,1.0,1,0.30875973064038126,35
900,2,1804,1804,0,0,0,0,1.0,1.0,1.0,1.0,1.0,1,0.36553165782181796,36
901,2,1806,1806,0,0,0,0,1.0,1.0,1.0,1.0,1.0,1,0.3277772346363768,36
902,0,1806,1806,0,0,0,0,1.0,1.0,1.0,1.0,1.0,1,0.3331577235009508,36
903,3,1809,1809,0,0,0,0,1.0,1.0,1.0,1.0,1.0,1,0.29908580142049157,35
904,2,1811,1811,0,0,0,0,1.0,1.0,1.0,1.0,1.0,1,0.2647417823711435,37
905,3,1814,1814,0,0,0,0,1.0,1.0,1.0,1.0,1.0,1,0.2089380642448283,36
906,3,1817,1817,0,0,0,0,1.0,1.0,1.0,1.0,1.0,1,0.16217550027699762,37
907,3,1820,1820,0,0,0,0,1.0,1.0,1.0,1.0,1.0,1,0.17619341037816164,37
908,0,1820,1820,0,0,0,0,1.0,1.0,1.0,1.0,1.0,1,0.16339006945286794,36
909,5,1825,1825,0,0,0,0,1.0,1.0,1.0,1.0,1.0,1,0.15637681709048804,36
910,1,1826,1826,0,0,0,0,1.0,1.0,1.0,1.0,1.0,1,0.17548845230166807,37
911,3,1829,1829,0,0,0,0,1.0,1.0,1.0,1.0,1.0,1,0.19539514887421866,36
912,2,1831,1831,0,0,0,0,1.0,1.0,1.0,1.0,1.0,1,0.20712468078297874,34
913,3,1834,1834,0,0,0,0,1.0,1.0,1.0,1.0,1.0,1,0.2548473702976337,34
914,1,1835,1835,0,0,0,0,1.0,1.0,1.0,1.0,1.0,1,0.2614727598744911,33
915,2,1837,1837,0,0,0,0,1.0,1.0,1.0,1.0,1.0,1,0.28754632614689474,33
916,1,1838,1838,0,0,0,0,1.0,1.0,1.0,1.0,1.0,1,0.281132170498117,34
917,1,1839,1839,0,0,0,0,1.0,1.0,1.0,1.0,1.0,1,0.27901832258625225,34
918,1,1840,1840,0,0,0,0,1.0,1.0,1.0,1.0,1.0,1,0.2423996701254734,36
919,1,1841,1841,0,0,0,0,1.0,1.0,1.0,1.0,1.0,1,0.24077523797374353,36
920,2,1843,1843,0,0,0,0,1.0,1.0,1.0,1.0,1.0,1,0.23995464781759274,37
921,5,1848,1848,0,0,0,0,1.0,1.0,1.0,1.0,1.0,1,0.17354605480822166,37
922,3,1851,1851,0,0,0,0,1.0,1.0,1.0,1.0,1.0,1,0.19936564683049732,38
923,2,1853,1853,0,0,0,0,1.0,1.0,1.0,1.0,1.0,1,0.1409878658588541,36
924,2,1855,1855,0,0,0,0,1.0,1.0,1.0,1.0,1.0,1,0.12002559669399498,35
925,2,1857,1857,0,0,0,0,1.0,1.0,1.0,1.0,1.0,1,0.17226065912922794,35
926,1,1858,1858,0,0,0,0,1.0,1.0,1.0,1.0,1.0,1,0.19139395984992194,34
927,1,1859,1859,0,0,0,0,1.0,1.0,1.0,1.0,1.0,1,0.24822914449088607,32
928,4,1863,1863,0,0,0,0,1.0,1.0,1.0,1.0,1.0,1,0.22424296530645108,32
929,2,1865,1865,0,0,0,0,1.0,1.0,1.0,1.0,1.0,1,0.2163252285822728,31
930,2,1867,1867,0,0,0,0,1.0,1.0,1.0,1.0,1.0,1,0.2400387535816346,30
931,2,1869,1869,0,0,0,0,1.0,1.0,1.0,1.0,1.0,1,0.2374822466509905,29
932,2,1871,1871,0,0,0,0,1.0,1.0,1.0,1.0,1.0,1,0.3291778466750446,29
933,4,1875,1875,0,0,0,0,1.0,1.0,1.0,1.0,1.0,1,0.2644819518426372,29
934,3,1878,1878,0,0,0,0,1.0,1.0,1.0,1.0,1.0,1,0.22820765818588346,29
935,3,1881,1881,0,0,0,0,1.0,1.0,1.0,1.0,1.0,1,0.2285061265966101,31
936,2,1883,1883,0,0,0,0,1.0,1.0,1.0,1.0,1.0,1,0.24517165514400388,31
937,1,1884,1884,0,0,0,0,1.0,1.0,1.0,1.0,1.0,1,0.20329967913647679,34
938,2,1886,1886,0,0,0,0,1.0,1.0,1.0,1.0,1.0,1,0.2424789170205929,33
939,1,1887,1887,0,0,0,0,1.0,1.0,1.0,1.0,1.0,1,0.24476560688694837,36
940,2,1889,1889,0,0,0,0,1.0,1.0,1.0,1.0,1.0,1,0.2449297381228882,36
941,0,1889,1889,0,0,0,0,1.0,1.0,1.0,1.0,1.0,1,0.2449297381228882,36
942,2,1891,1891,0,0,0,0,1.0,1.0,1.0,1.0,1.0,1,0.3162458288517297,36
943,1,1892,1892,0,0,0,0,1.0,1.0,1.0,1.0,1.0,1,0.26757940570606836,35
944,1,1893,1893,0,0,0,0,1.0,1.0,1.0,1.0,1.0,1,0.19888319958678638,35
945,0,1893,1893,0,0,0,0,1.0,1.0,1.0,1.0,1.0,1,0.195753704589696,33
946,1,1894,1894,0,0,0,0,1.0,1.0,1.0,1.0,1.0,1,0.15179750317681842,36
947,0,1894,1894,0,0,0,0,1.0,1.0,1.0,1.0,1.0,1,0.15816784148760207,34
948,1,1895,1895,0,0,0,0,1.0,1.0,1.0,1.0,1.0,1,0.20286364744124405,33
949,0,1895,1895,0,0,0,0,1.0,1.0,1.0,1.0,1.0,1,0.2418644108221073,34
950,1,1896,1896,0,0,0,0,1.0,1.0,1.0,1.0,1.0,1,0.303298792080162,33
951,0,1896,1896,0,0,0,0,1.0,1.0,1.0,1.0,1.0,1,0.303298792080162,33
952,2,1898,1898,0,0,0,0,1.0,1.0,1.0,1.0,1.0,1,0.3391068042912047,32
953,0,1898,1898,0,0,0,0,1.0,1.0,1.0,1.0,1.0,1,0.3391068042912047,32
954,2,1900,1900,0,0,0,0,1.0,1.0,1.0,1.0,1.0,1,0.39203027692664133,31
955,2,1902,1902,0,0,0,0,1.0,1.0,1.0,1.0,1.0,1,0.37292879916306554,32
956,1,1903,1903,0,0,0,0,1.0,1.0,1.0,1.0,1.0,1,0.3809419794804235,32
957,2,1905,1905,0,0,0,0,1.0,1.0,1.0,1.0,1.0,1,0.33620439186851836,33
958,3,1908,1908,0,0,0,0,1.0,1.0,1.0,1.0,1.0,1,0.36834627877178655,35
959,1,1909,1909,0,0,0,0,1.0,1.0,1.0,1.0,1.0,1,0.3187555270781885,36
960,0,1909,1909,0,0,0,0,1.0,1.0,1.0,1.0,1.0,1,0.2974801837979191,38
961,1,1910,1910,0,0,0,0,1.0,1.0,1.0,1.0,1.0,1,0.3146293266400899,37
962,0,1910,1910,0,0,0,0,1.0,1.0,1.0,1.0,1.0,1,0.2999461317787877,35
963,3,1913,1913,0,0,0,0,1.0,1.0,1.0,1.0,1.0,1,0.27516329917478033,35
964,2,1915,1915,0,0,0,0,1.0,1.0,1.0,1.0,1.0,1,0.3481522323439113,34
965,4,1919,1919,0,0,0,0,1.0,1.0,1.0,1.0,1.0,1,0.2745777336881555,35
966,2,1921,1921,0,0,0,0,1.0,1.0,1.0,1.0,1.0,1,0.30055459859200934,34
967,2,1923,1923,0,0,0,0,1.0,1.0,1.0,1.0,1.0,1,0.30634312079745807,35
968,0,1923,1923,0,0,0,0,1.0,1.0,1.0,1.0,1.0,1,0.2955478459270799,36
969,1,1924,1924,0,0,0,0,1.0,1.0,1.0,1.0,1.0,1,0.28680750062528804,35
970,0,1924,1924,0,0,0,0,1.0,1.0,1.0,1.0,1.0,1,0.30239756470545204,34
971,2,1926,1926,0,0,0,0,1.0,1.0,1.0,1.0,1.0,1,0.28111632940632764,35
972,0,1926,1926,0,0,0,0,1.0,1.0,1.0,1.0,1.0,1,0.28111632940632764,35
973,2,1928,1928,0,0,0,0,1.0,1.0,1.0,1.0,1.0,1,0.3005472999326962,36
974,1,1929,1929,0,0,0,0,1.0,1.0,1.0,1.0,1.0,1,0.31755816677410686,35
975,2,1931,1931,0,0,0,0,1.0,1.0,1.0,1.0,1.0,1,0.24896334996159747,36
976,0,1931,1931,0,0,0,0,1.0,1.0,1.0,1.0,1.0,1,0.24487810116686992,38
977,2,1933,1933,0,0,0,0,1.0,1.0,1.0,1.0,1.0,1,0.2718232941010458,38
978,0,1933,1933,0,0,0,0,1.0,1.0,1.0,1.0,1.0,1,0.2718232941010458,38
979,2,1935,1935,0,0,0,0,1.0,1.0,1.0,1.0,1.0,1,0.291043991102129,39
980,2,1937,1937,0,0,0,0,1.0,1.0,1.0,1.0,1.0,1,0.29164892709617973,39
981,2,1939,1939,0,0,0,0,1.0,1.0,1.0,1.0,1.0,1,0.329733270754365,40
982,2,1941,1941,0,0,0,0,1.0,1.0,1.0,1.0,1.0,1,0.3317281503197444,40
983,3,1944,1944,0,0,0,0,1.0,1.0,1.0,1.0,1.0,1,0.34180006417333264,38
984,0,1944,1944,0,0,0,0,1.0,1.0,1.0,1.0,1.0,1,0.3167301923018343,39
985,1,1945,1945,0,0,0,0,1.0,1.0,1.0,1.0,1.0,1,0.31070292858040616,38
986,0,1945,1945,0,0,0,0,1.0,1.0,1.0,1.0,1.0,1,0.31070292858040616,38
987,0,1945,1945,0,0,0,0,1.0,1.0,1.0,1.0,1.0,1,0.2951631813274417,38
988,0,1945,1945,0,0,0,0,1.0,1.0,1.0,1.0,1.0,1,0.2951631813274417,38
989,2,1947,1947,0,0,0,0,1.0,1.0,1.0,1.0,1.0,1,0.260080576311344,38
990,4,1951,1951,0,0,0,0,1.0,1.0,1.0,1.0,1.0,1,0.2106938745956555,38
991,2,1953,1953,0,0,0,0,1.0,1.0,1.0,1.0,1.0,1,0.1983775314787981,40
992,0,1953,1953,0,0,0,0,1.0,1.0,1.0,1.0,1.0,1,0.19696367562109765,39
993,2,1955,1955,0,0,0,0,1.0,1.0,1.0,1.0,1.0,1,0.20776534355569273,38
994,0,1955,1955,0,0,0,0,1.0,1.0,1.0,1.0,1.0,1,0.19555536963107165,39
995,1,1956,1956,0,0,0,0,1.0,1.0,1.0,1.0,1.0,1,0.19742914859630373,41
996,2,1958,1958,0,0,0,0,1.0,1.0,1.0,1.0,1.0,1,0.21577086791612118,40
997,0,1958,1958,0,0,0,0,1.0,1.0,1.0,1.0,1.0,1,0.201604131675902,41
998,0,1958,1958,0,0,0,0,1.0,1.0,1.0,1.0,1.0,1,0.22271875239129466,40
999,0,1958,1958,0,0,0,0,1.0,1.0,1.0,1.0,1.0,1,0.25282098595040275,40
1000,1,1959,1959,0,0,0,0,1.0,1.0,1.0,1.0,1.0,1,0.2139078688653925,40
1001,0,1959,1959,0,0,0,0,1.0,1.0,1.0,1.0,1.0,1,0.2613624299761069,39
1002,0,1959,1959,0,0,0,0,1.0,1.0,1.0,1.0,1.0,1,0.2613624299761069,39
1003,1,1960,1960,0,0,0,0,1.0,1.0,1.0,1.0,1.0,1,0.22901036889049897,39
1004,3,1963,1963,0,0,0,0,1.0,1.0,1.0,1.0,1.0,1,0.2469163991225285,39
1005,2,1965,1965,0,0,0,0,1.0,1.0,1.0,1.0,1.0,1,0.1930288871210278,40
1006,3,1968,1968,0,0,0,0,1.0,1.0,1.0,1.0,1.0,1,0.10404995506728848,41
1007,4,1972,1972,0,0,0,0,1.0,1.0,1.0,1.0,1.0,1,0.15601890885522382,42
1008,2,1974,1974,0,0,0,0,1.0,1.0,1.0,1.0,1.0,1,0.13165894811886591,43
1009,5,1979,1979,0,0,0,0,1.0,1.0,1.0,1.0,1.0,1,0.19134063887670721,44
1010,3,1982,1982,0,0,0,0,1.0,1.0,1.0,1.0,1.0,1,0.16428686485656635,44
1011,4,1986,1986,0,0,0,0,1.0,1.0,1.0,1.0,1.0,1,0.1798937717612871,44
1012,3,1989,1989,0,0,0,0,1.0,1.0,1.0,1.0,1.0,1,0.22537080625954758,46
1013,2,1991,1991,0,0,0,0,1.0,1.0,1.0,1.0,1.0,1,0.21510050845200782,46
1014,1,1992,1992,0,0,0,0,1.0,1.0,1.0,1.0,1.0,1,0.22270374900196127,46
1015,2,1994,1994,0,0,0,0,1.0,1.0,1.0,1.0,1.0,1,0.2458301627988432,46
1016,0,1994,1994,0,0,0,0,1.0,1.0,1.0,1.0,1.0,1,0.24484476333130267,47
1017,1,1995,1995,0,0,0,0,1.0,1.0,1.0,1.0,1.0,1,0.23387660177599695,47
1018,1,1996,1996,0,0,0,0,1.0,1.0,1.0,1.0,1.0,1,0.23042270843694648,48
1019,0,1996,1996,0,0,0,0,1.0,1.0,1.0,1.0,1.0,1,0.23070956012190943,49
1020,2,1998,1998,0,0,0,0,1.0,1.0,1.0,1.0,1.0,1,0.24460522931168052,51
1021,0,1998,1998,0,0,0,0,1.0,1.0,1.0,1.0,1.0,1,0.24460522931168052,51
1022,0,1998,1998,0,0,0,0,1.0,1.0,1.0,1.0,1.0,1,0.2380325615314617,52
1023,5,2003,2003,0,0,0,0,0.9839145700661386,0.963632941019096,0.9839145700661386,0.963632941019096,1.0,1,0.25507251607870046,52
1024,2,2005,2005,0,0,0,0,0.9839145700661386,0.963632941019096,0.9839145700661386,0.963632941019096,1.0,1,0.2626318579566224,52
1025,2,2007,2007,0,0,0,0,0.993768372487066,0.9853692223609375,0.993768372487066,0.9853692223609375,1.0,1,0.22507977481498814,54
1026,3,2010,2010,0,0,0,0,0.9776160086526944,0.9496360194685622,0.9776160086526944,0.9496360194685622,1.0,1,0.25266585789733187,54
1027,3,2013,2013,0,0,0,0,0.9424238495989207,0.8782042972284861,0.9424238495989207,0.8782042972284861,1.0,1,0.25565695830078583,55
1028,4,2017,2017,0,0,0,0,0.9587335507631586,0.9075631537094753,0.9587335507631586,0.9075631537094753,1.0,1,0.2800340836122801,56
1029,0,2017,2017,0,0,0,0,0.9587335507631586,0.9075631537094753,0.9587335507631586,0.9075631537094753,1.0,1,0.2800340836122801,56
1030,2,2019,2019,0,0,0,0,0.9412261165820053,0.8711495632759345,0.9412261165820053,0.8711495632759345,1.0,1,0.280314026372521,57
1031,6,2025,2025,0,0,0,0,0.9299231559615918,0.849464557250827,0.9299231559615918,0.849464557250827,1.0,1,0.31240520533683547,58
1032,2,2027,2027,0,0,0,0,0.9299231559615918,0.849464557250827,0.9299231559615918,0.849464557250827,1.0,1,0.31898603327156355,58
1033,6,2033,2033,0,0,0,0,0.907558378093276,0.8118152696898833,0.907558378093276,0.8118152696898833,1.0,1,0.34594348005669906,57
1034,3,2036,2036,0,0,0,0,0.9510178844148504,0.8926161312171718,0.9510178844148504,0.8926161312171718,1.0,1,0.29703939641197175,57
1035,3,2039,2039,0,0,0,0,0.966822690325056,0.9243557339411277,0.966822690325056,0.9243557339411277,1.0,1,0.26612638995879734,57
1036,4,2043,2043,0,0,0,0,0.9905434452571518,0.9767526362571648,0.9905434452571518,0.9767526362571648,1.0,1,0.24972479764806169,59
1037,3,2046,2046,0,0,0,0,1.0,1.0,1.0,1.0,1.0,1,0.2395665582396839,57
1038,1,2047,2047,0,0,0,0,1.0,1.0,1.0,1.0,1.0,1,0.2133471280201693,59
1039,2,2049,2049,0,0,0,0,1.0,1.0,1.0,1.0,1.0,1,0.19797956760086854,57
1040,0,2049,2049,0,0,0,0,1.0,1.0,1.0,1.0,1.0,1,0.20644083687302148,56
1041,0,2049,2049,0,0,0,0,1.0,1.0,1.0,1.0,1.0,1,0.216254920909413,54
1042,3,2052,2052,0,0,0,0,1.0,1.0,1.0,1.0,1.0,1,0.1880732967983015,52
1043,4,2056,2056,0,0,0,0,1.0,1.0,1.0,1.0,1.0,1,0.18485238923420197,52
1044,2,2058,2058,0,0,0,0,1.0,1.0,1.0,1.0,1.0,1,0.16355703415078626,50
1045,1,2059,2059,0,0,0,0,1.0,1.0,1.0,1.0,1.0,1,0.16812494191307148,51
1046,2,2061,2061,0,0,0,0,1.0,1.0,1.0,1.0,1.0,1,0.1678683806549465,50
1047,3,2064,2064,0,0,0,0,1.0,1.0,1.0,1.0,1.0,1,0.09318709666203766,50
1048,0,2064,2064,0,0,0,0,1.0,1.0,1.0,1.0,1.0,1,0.09318709666203766,50
1049,1,2065,2065,0,0,0,0,1.0,1.0,1.0,1.0,1.0,1,0.08653714423857573,50
1050,0,2065,2065,0,0,0,0,1.0,1.0,1.0,1.0,1.0,1,0.08653714423857573,50
1051,0,2065,2065,0,0,0,0,1.0,1.0,1.0,1.0,1.0,1,0.09663509292663441,50
1052,0,2065,2065,0,0,0,0,1.0,1.0,1.0,1.0,1.0,1,0.10039490926980033,51
1053,3,2068,2068,0,0,0,0,1.0,1.0,1.0,1.0,1.0,1,0.08871835081069866,51
1054,0,2068,2068,0,0,0,0,1.0,1.0,1.0,1.0,1.0,1,0.06347248818703789,53
1055,3,2071,2071,0,0,0,0,1.0,1.0,1.0,1.0,1.0,1,0.1383380861312722,54
1056,0,2071,2071,0,0,0,0,1.0,1.0,1.0,1.0,1.0,1,0.15440142510871954,54
1057,5,2076,2076,0,0,0,0,1.0,1.0,1.0,1.0,1.0,1,0.19659407571234963,55
1058,3,2079,2079,0,0,0,0,1.0,1.0,1.0,1.0,1.0,1,0.23836754994511328,54
1059,5,2084,2084,0,0,0,0,0.9670710916532512,0.9272819940675964,0.9670710916532512,0.9272819940675964,1.0,1,0.2903177760996879,53
1060,7,2091,2091,0,0,0,0,0.9553834611157243,0.9054129375653354,0.9553834611157243,0.9054129375653354,1.0,1,0.2855698171742408,53
1061,0,2091,2091,0,0,0,0,0.9553834611157243,0.9054129375653354,0.9553834611157243,0.9054129375653354,1.0,1,0.2855698171742408,53
1062,4,2095,2095,0,0,0,0,0.9372255196120809,0.8696222330404754,0.9372255196120809,0.8696222330404754,1.0,1,0.2782557996299176,54
1063,4,2099,2099,0,0,0,0,0.9368103722165785,0.8711903741337944,0.9368103722165785,0.8711903741337944,1.0,1,0.3317274473348427,53
1064,3,2102,2102,0,0,0,0,0.9321437384110015,0.8564579081771186,0.9321437384110015,0.8564579081771186,1.0,1,0.31375532931331457,55
1065,3,2105,2105,0,0,0,0,0.9172850412696391,0.834570082539278,0.9172850412696391,0.834570082539278,1.0,1,0.3718486765616273,54
1066,2,2107,2107,0,0,0,0,0.952411389575748,0.8953050570666458,0.952411389575748,0.8953050570666458,1.0,1,0.3371759301783183,55
1067,2,2109,2109,0,0,0,0,0.9151159933209023,0.8270881345425789,0.9151159933209023,0.8270881345425789,1.0,1,0.365156457908747,55
1068,3,2112,2112,0,0,0,0,0.9320261765705116,0.8562092196683898,0.9320261765705116,0.8562092196683898,1.0,1,0.3414389922294317,55
1069,2,2114,2114,0,0,0,0,0.969526463188432,0.93016481147349,0.969526463188432,0.93016481147349,1.0,1,0.2900643481706523,55
1070,0,2114,2114,0,0,0,0,0.9689621384326622,0.93016481147349,0.9689621384326622,0.93016481147349,1.0,1,0.2997535003032287,54
1071,1,2115,2115,0,0,0,0,0.9827543987486888,0.9587605187468644,0.9827543987486888,0.9587605187468644,1.0,1,0.2777153720161905,55
1072,1,2116,2116,0,0,0,0,0.9824350357625533,0.9587605187468644,0.9824350357625533,0.9587605187468644,1.0,1,0.2848661136725307,54
1073,1,2117,2117,0,0,0,0,0.9824350357625533,0.9587605187468644,0.9824350357625533,0.9587605187468644,1.0,1,0.29758909757132074,54
1074,4,2121,2121,0,0,0,0,1.0,1.0,1.0,1.0,1.0,1,0.2886115313872475,52
1075,3,2124,2124,0,0,0,0,1.0,1.0,1.0,1.0,1.0,1,0.2822877104216324,51
1076,2,2126,2126,0,0,0,0,0.9913105943728133,0.9794614048811952,0.9913105943728133,0.9794614048811952,1.0,1,0.29988241820838185,52
1077,4,2130,2130,0,0,0,0,1.0,1.0,1.0,1.0,1.0,1,0.27232287958494106,49
1078,1,2131,2131,0,0,0,0,1.0,1.0,1.0,1.0,1.0,1,0.2764925249760982,48
1079,2,2133,2133,0,0,0,0,1.0,1.0,1.0,1.0,1.0,1,0.2786817921733054,47
1080,0,2133,2133,0,0,0,0,1.0,1.0,1.0,1.0,1.0,1,0.2656418830420369,47
1081,1,2134,2134,0,0,0,0,1.0,1.0,1.0,1.0,1.0,1,0.27448113539841784,45
1082,0,2134,2134,0,0,0,0,1.0,1.0,1.0,1.0,1.0,1,0.2988836878501853,42
1083,3,2137,2137,0,0,0,0,1.0,1.0,1.0,1.0,1.0,1,0.23908300884627956,42
1084,2,2139,2139,0,0,0,0,1.0,1.0,1.0,1.0,1.0,1,0.29080039023332316,40
1085,2,2141,2141,0,0,0,0,1.0,1.0,1.0,1.0,1.0,1,0.2576455200331052,43
1086,1,2142,2142,0,0,0,0,1.0,1.0,1.0,1.0,1.0,1,0.27239367374906137,41
1087,4,2146,2146,0,0,0,0,1.0,1.0,1.0,1.0,1.0,1,0.21887750606949166,41
1088,0,2146,2146,0,0,0,0,1.0,1.0,1.0,1.0,1.0,1,0.21887750606949166,41
1089,2,2148,2148,0,0,0,0,1.0,1.0,1.0,1.0,1.0,1,0.13580509432213356,42
1090,3,2151,2151,0,0,0,0,1.0,1.0,1.0,1.0,1.0,1,0.21317031517253524,43
1091,6,2157,2157,0,0,0,0,1.0,1.0,1.0,1.0,1.0,1,0.2245555401788751,43
1092,4,2161,2161,0,0,0,0,1.0,1.0,1.0,1.0,1.0,1,0.29794985975680877,43
1093,4,2165,2165,0,0,0,0,1.0,1.0,1.0,1.0,1.0,1,0.2725463947115089,43
1094,5,2170,2170,0,0,0,0,1.0,1.0,1.0,1.0,1.0,1,0.3384222295668233,43
1095,1,2171,2171,0,0,0,0,1.0,1.0,1.0,1.0,1.0,1,0.3417834988959051,44
1096,6,2177,2177,0,0,0,0,1.0,1.0,1.0,1.0,1.0,1,0.29676298681667507,44
1097,1,2178,2178,0,0,0,0,1.0,1.0,1.0,1.0,1.0,1,0.3142674703815447,45
1098,0,2178,2178,0,0,0,0,1.0,1.0,1.0,1.0,1.0,1,0.3130471980124996,46
1099,1,2179,2179,0,0,0,0,1.0,1.0,1.0,1.0,1.0,1,0.26824161348527015,48
1100,1,2180,2180,0,0,0,0,1.0,1.0,1.0,1.0,1.0,1,0.2566807213557518,49
1101,1,2181,2181,0,0,0,0,1.0,1.0,1.0,1.0,1.0,1,0.23049663507123622,49
1102,2,2183,2183,0,0,0,0,1.0,1.0,1.0,1.0,1.0,1,0.1936764015910788,50
1103,2,2185,2185,0,0,0,0,1.0,1.0,1.0,1.0,1.0,1,0.17553230179431084,48
1104,4,2189,2189,0,0,0,0,1.0,1.0,1.0,1.0,1.0,1,0.1454903901648927,50
1105,1,2190,2190,0,0,0,0,1.0,1.0,1.0,1.0,1.0,1,0.1474678235311308,48
1106,1,2191,2191,0,0,0,0,1.0,1.0,1.0,1.0,1.0,1,0.1646165157140129,48
1107,5,2196,2196,0,0,0,0,1.0,1.0,1.0,1.0,1.0,1,0.16072736907036286,47
1108,1,2197,2197,0,0,0,0,1.0,1.0,1.0,1.0,1.0,1,0.16945589862048102,47
1109,2,2199,2199,0,0,0,0,1.0,1.0,1.0,1.0,1.0,1,0.1830489404236016,46
1110,2,2201,2201,0,0,0,0,1.0,1.0,1.0,1.0,1.0,1,0.21417549411060638,43
1111,2,2203,2203,0,0,0,0,1.0,1.0,1.0,1.0,1.0,1,0.18937932595050674,44
1112,4,2207,2207,0,0,0,0,1.0,1.0,1.0,1.0,1.0,1,0.2102014573130171,43
1113,2,2209,2209,0,0,0,0,1.0,1.0,1.0,1.0,1.0,1,0.20167073484771317,39
1114,2,2211,2211,0,0,0,0,1.0,1.0,1.0,1.0,1.0,1,0.14663416453530087,39
1115,0,2211,2211,0,0,0,0,1.0,1.0,1.0,1.0,1.0,1,0.13956928004570543,37
1116,1,2212,2212,0,0,0,0,1.0,1.0,1.0,1.0,1.0,1,0.08448132369419002,37
1117,0,2212,2212,0,0,0,0,1.0,1.0,1.0,1.0,1.0,1,0.10775010231002592,36
1118,2,2214,2214,0,0,0,0,1.0,1.0,1.0,1.0,1.0,1,0.16795586430293558,36
1119,2,2216,2216,0,0,0,0,1.0,1.0,1.0,1.0,1.0,1,0.2041448722616088,36
1120,2,2218,2218,0,0,0,0,1.0,1.0,1.0,1.0,1.0,1,0.2534308940077555,36
1121,1,2219,2219,0,0,0,0,1.0,1.0,1.0,1.0,1.0,1,0.24037525847661725,36
1122,3,2222,2222,0,0,0,0,1.0,1.0,1.0,1.0,1.0,1,0.2854452107590542,37
1123,0,2222,2222,0,0,0,0,1.0,1.0,1.0,1.0,1.0,1,0.2854452107590542,37
1124,3,2225,2225,0,0,0,0,1.0,1.0,1.0,1.0,1.0,1,0.3003505059021188,37
1125,4,2229,2229,0,0,0,0,1.0,1.0,1.0,1.0,1.0,1,0.23531694075288742,38
1126,2,2231,2231,0,0,0,0,1.0,1.0,1.0,1.0,1.0,1,0.2003639495780274,38
1127,4,2235,2235,0,0,0,0,1.0,1.0,1.0,1.0,1.0,1,0.23614738373116975,39
1128,1,2236,2236,0,0,0,0,1.0,1.0,1.0,1.0,1.0,1,0.224848810440666,39
1129,4,2240,2240,0,0,0,0,1.0,1.0,1.0,1.0,1.0,1,0.2675300105989163,39
1130,2,2242,2242,0,0,0,0,1.0,1.0,1.0,1.0,1.0,1,0.24820418922716603,39
1131,1,2243,2243,0,0,0,0,1.0,1.0,1.0,1.0,1.0,1,0.21613154489725095,39
1132,2,2245,2245,0,0,0,0,1.0,1.0,1.0,1.0,1.0,1,0.20968022237377318,39
1133,1,2246,2246,0,0,0,0,1.0,1.0,1.0,1.0,1.0,1,0.19566732616298427,42
1134,1,2247,2247,0,0,0,0,1.0,1.0,1.0,1.0,1.0,1,0.1976509704069173,42
1135,2,2249,2249,0,0,0,0,1.0,1.0,1.0,1.0,1.0,1,0.22752173915540594,44
1136,0,2249,2249,0,0,0,0,1.0,1.0,1.0,1.0,1.0,1,0.22223674694624243,46
1137,0,2249,2249,0,0,0,0,1.0,1.0,1.0,1.0,1.0,1,0.23834373531692393,45
1138,3,2252,2252,0,0,0,0,1.0,1.0,1.0,1.0,1.0,1,0.21762714120561039,46
1139,3,2255,2255,0,0,0,0,1.0,1.0,1.0,1.0,1.0,1,0.19813473844423968,47
1140,1,2256,2256,0,0,0,0,1.0,1.0,1.0,1.0,1.0,1,0.23745665991409814,46
1141,4,2260,2260,0,0,0,0,1.0,1.0,1.0,1.0,1.0,1,0.2068807681205597,45
1142,1,2261,2261,0,0,0,0,1.0,1.0,1.0,1.0,1.0,1,0.18580445418319758,45
1143,3,2264,2264,0,0,0,0,1.0,1.0,1.0,1.0,1.0,1,0.11572237090220588,43
1144,1,2265,2265,0,0,0,0,1.0,1.0,1.0,1.0,1.0,1,0.11822937049289112,45
1145,4,2269,2269,0,0,0,0,1.0,1.0,1.0,1.0,1.0,1,0.13709466579672763,44
1146,0,2269,2269,0,0,0,0,1.0,1.0,1.0,1.0,1.0,1,0.15049553434731341,45
1147,1,2270,2270,0,0,0,0,1.0,1.0,1.0,1.0,1.0,1,0.1491421364984792,44
1148,3,2273,2273,0,0,0,0,1.0,1.0,1.0,1.0,1.0,1,0.21099428751353358,43
1149,0,2273,2273,0,0,0,0,1.0,1.0,1.0,1.0,1.0,1,0.24093378972888146,42
1150,3,2276,2276,0,0,0,0,1.0,1.0,1.0,1.0,1.0,1,0.2745632362035856,45
1151,2,2278,2278,0,0,0,0,1.0,1.0,1.0,1.0,1.0,1,0.31684919433200276,40
1152,2,2280,2280,0,0,0,0,1.0,1.0,1.0,1.0,1.0,1,0.26269367038549996,41
1153,2,2282,2282,0,0,0,0,1.0,1.0,1.0,1.0,1.0,1,0.26831831329433353,38
1154,2,2284,2284,0,0,0,0,1.0,1.0,1.0,1.0,1.0,1,0.22901040707244225,37
1155,2,2286,2286,0,0,0,0,1.0,1.0,1.0,1.0,1.0,1,0.2505788923489291,38
1156,2,2288,2288,0,0,0,0,1.0,1.0,1.0,1.0,1.0,1,0.2267660759122227,38
1157,0,2288,2288,0,0,0,0,1.0,1.0,1.0,1.0,1.0,1,0.21270875852508023,37
1158,1,2289,2289,0,0,0,0,1.0,1.0,1.0,1.0,1.0,1,0.21017266072254295,36
1159,5,2294,2294,0,0,0,0,1.0,1.0,1.0,1.0,1.0,1,0.1824936628913173,35
1160,0,2294,2294,0,0,0,0,1.0,1.0,1.0,1.0,1.0,1,0.1824936628913173,35
1161,3,2297,2297,0,0,0,0,1.0,1.0,1.0,1.0,1.0,1,0.23401070312103053,36
1162,1,2298,2298,0,0,0,0,1.0,1.0,1.0,1.0,1.0,1,0.24991199001641135,37
1163,1,2299,2299,0,0,0,0,1.0,1.0,1.0,1.0,1.0,1,0.26688167611324304,37
1164,3,2302,2302,0,0,0,0,1.0,1.0,1.0,1.0,1.0,1,0.2855851473849386,38
1165,1,2303,2303,0,0,0,0,1.0,1.0,1.0,1.0,1.0,1,0.27180160034660245,38
1166,3,2306,2306,0,0,0,0,1.0,1.0,1.0,1.0,1.0,1,0.19992950612990953,40
1167,4,2310,2310,0,0,0,0,1.0,1.0,1.0,1.0,1.0,1,0.19899807954701876,40
1168,5,2315,2315,0,0,0,0,1.0,1.0,1.0,1.0,1.0,1,0.3032387049094366,40
1169,2,2317,2317,0,0,0,0,1.0,1.0,1.0,1.0,1.0,1,0.2592848865731559,41
1170,2,2319,2319,0,0,0,0,1.0,1.0,1.0,1.0,1.0,1,0.2647349043737855,41
1171,2,2321,2321,0,0,0,0,1.0,1.0,1.0,1.0,1.0,1,0.2772695159691803,43
1172,1,2322,2322,0,0,0,0,1.0,1.0,1.0,1.0,1.0,1,0.29498584129304345,43
1173,0,2322,2322,0,0,0,0,1.0,1.0,1.0,1.0,1.0,1,0.29498584129304345,43
1174,1,2323,2323,0,0,0,0,1.0,1.0,1.0,1.0,1.0,1,0.2772695159691803,43
1175,0,2323,2323,0,0,0,0,1.0,1.0,1.0,1.0,1.0,1,0.2665419907298234,44
1176,0,2323,2323,0,0,0,0,1.0,1.0,1.0,1.0,1.0,1,0.25683161894451983,45
1177,1,2324,2324,0,0,0,0,1.0,1.0,1.0,1.0,1.0,1,0.2278543122001288,45
1178,0,2324,2324,0,0,0,0,1.0,1.0,1.0,1.0,1.0,1,0.2278543122001288,45
1179,2,2326,2326,0,0,0,0,1.0,1.0,1.0,1.0,1.0,1,0.2901639066042619,46
1180,1,2327,2327,0,0,0,0,1.0,1.0,1.0,1.0,1.0,1,0.2960521144213345,47
1181,1,2328,2328,0,0,0,0,0.9772830501937904,0.9480755433000922,0.9772830501937904,0.9480755433000922,1.0,1,0.3079656663477889,48
1182,1,2329,2329,0,0,0,0,1.0,1.0,1.0,1.0,1.0,1,0.2824618073251038,48
1183,0,2329,2329,0,0,0,0,1.0,1.0,1.0,1.0,1.0,1,0.28390158775046187,46
1184,0,2329,2329,0,0,0,0,1.0,1.0,1.0,1.0,1.0,1,0.2559444972450342,47
1185,1,2330,2330,0,0,0,0,1.0,1.0,1.0,1.0,1.0,1,0.24492674364710829,44
1186,1,2331,2331,0,0,0,0,1.0,1.0,1.0,1.0,1.0,1,0.2544834884818976,47
1187,0,2331,2331,0,0,0,0,1.0,1.0,1.0,1.0,1.0,1,0.26361159334823514,49
1188,0,2331,2331,0,0,0,0,1.0,1.0,1.0,1.0,1.0,1,0.2559018200698336,50
1189,0,2331,2331,0,0,0,0,1.0,1.0,1.0,1.0,1.0,1,0.2561197434852065,48
1190,1,2332,2332,0,0,0,0,1.0,1.0,1.0,1.0,1.0,1,0.2806238861093281,48
1191,0,2332,2332,0,0,0,0,1.0,1.0,1.0,1.0,1.0,1,0.28228909331934376,46
1192,1,2333,2333,0,0,0,0,1.0,1.0,1.0,1.0,1.0,1,0.3033124470306251,46
1193,5,2338,2338,0,0,0,0,0.9730411742849556,0.9448569474010458,0.9730411742849556,0.9448569474010458,1.0,1,0.3040000981824484,45
1194,0,2338,2338,0,0,0,0,0.9730411742849557,0.9448569474010458,0.9730411742849557,0.9448569474010458,1.0,1,0.3040000981824484,45
1195,2,2340,2340,0,0,0,0,0.9546328523724303,0.907293220065401,0.9546328523724303,0.907293220065401,1.0,1,0.26150333466034076,47
1196,4,2344,2344,0,0,0,0,0.920340368731876,0.8470535079652018,0.920340368731876,0.8470535079652018,1.0,1,0.2780414810638102,48
1197,2,2346,2346,0,0,0,0,0.9002920742793342,0.8120889092187454,0.9002920742793342,0.8120889092187454,1.0,1,0.3058967041197368,49
1198,1,2347,2347,0,0,0,0,0.9002920742793342,0.8120889092187454,0.9002920742793342,0.8120889092187454,1.0,1,0.28644501566465075,49
1199,3,2350,2350,0,0,0,0,0.8166507553356109,0.6944179255593514,0.8166507553356109,0.6944179255593514,1.0,1,0.39160387279772096,50
1200,3,2353,2353,0,0,0,0,0.8169637102352076,0.6949395170586794,0.8169637102352076,0.6949395170586794,1.0,1,0.37774651533850595,50
1201,1,2354,2354,0,0,0,0,0.8169637102352076,0.6949395170586794,0.8169637102352076,0.6949395170586794,1.0,1,0.37894152111433976,50
1202,0,2354,2354,0,0,0,0,0.8205526570933407,0.6949395170586794,0.8205526570933407,0.6949395170586794,1.0,1,0.36035623449002085,51
1203,1,2355,2355,0,0,0,0,0.8008175087596425,0.6658874340484326,0.8008175087596425,0.6658874340484326,1.0,1,0.39301822680436105,52
1204,1,2356,2356,0,0,0,0,0.8008175087596425,0.6658874340484326,0.8008175087596425,0.6658874340484326,1.0,1,0.3816406733601532,52
1205,1,2357,2357,0,0,0,0,0.8273242549388752,0.6949395170586794,0.8273242549388752,0.6949395170586794,1.0,1,0.327301335462895,53
1206,2,2359,2359,0,0,0,0,0.8466978337434761,0.7198270754622149,0.8466978337434761,0.7198270754622149,1.0,1,0.31543500390015644,53
1207,0,2359,2359,0,0,0,0,0.852272457970986,0.7198270754622149,0.852272457970986,0.7198270754622149,1.0,1,0.2883557552598563,55
1208,2,2361,2361,0,0,0,0,0.873386016056096,0.7467720321121921,0.873386016056096,0.7467720321121921,1.0,1,0.28251534614295815,56
1209,1,2362,2362,0,0,0,0,0.8710839436207523,0.7467720321121921,0.8710839436207523,0.7467720321121921,1.0,1,0.29085509244592006,55
1210,2,2364,2364,0,0,0,0,0.8710839436207523,0.7467720321121921,0.8710839436207523,0.7467720321121921,1.0,1,0.336505272467827,55
1211,1,2365,2365,0,0,0,0,0.8756073140200241,0.7467720321121921,0.8756073140200241,0.7467720321121921,1.0,1,0.3069449065975887,57
1212,2,2367,2367,0,0,0,0,0.8756073140200241,0.7467720321121921,0.8756073140200241,0.7467720321121921,1.0,1,0.34462859767437215,57
1213,1,2368,2368,0,0,0,0,0.8562258309550085,0.7174093918770855,0.8562258309550085,0.7174093918770855,1.0,1,0.35488200115479174,57
1214,3,2371,2371,0,0,0,0,0.8977887499569416,0.7842206943535432,0.8977887499569416,0.7842206943535432,1.0,1,0.30098578436778467,57
1215,4,2375,2375,0,0,0,0,0.8782730149997781,0.7435038530352467,0.8782730149997781,0.7435038530352467,1.0,1,0.3060469446058162,59
1216,3,2378,2378,0,0,0,0,0.9180672115937046,0.807773073354461,0.9180672115937046,0.807773073354461,1.0,1,0.2707537343731553,61
1217,2,2380,2380,0,0,0,0,0.9219526593048185,0.8168889314459202,0.9219526593048185,0.8168889314459202,1.0,1,0.2659394839299095,61
1218,1,2381,2381,0,0,0,0,0.9395280294092971,0.8524483917586848,0.9395280294092971,0.8524483917586848,1.0,1,0.27264698741312343,61
1219,3,2384,2384,0,0,0,0,0.9423672708258833,0.8593761408151553,0.9423672708258833,0.8593761408151553,1.0,1,0.26118165419893463,61
1220,1,2385,2385,0,0,0,0,0.9548824734272354,0.8872061835680888,0.9548824734272354,0.8872061835680888,1.0,1,0.2593702515162247,60
1221,3,2388,2388,0,0,0,0,0.9209305999428071,0.8144910229427399,0.9209305999428071,0.8144910229427399,1.0,1,0.28279479962406706,61
1222,3,2391,2391,0,0,0,0,0.9555000636512595,0.8868959951136178,0.9555000636512595,0.8868959951136178,1.0,1,0.22288300782764575,61
1223,2,2393,2393,0,0,0,0,0.9821663017316157,0.9542526870506662,0.9821663017316157,0.9542526870506662,1.0,1,0.20649251414986208,59
1224,1,2394,2394,0,0,0,0,0.960986301772034,0.9024657544300854,0.960986301772034,0.9024657544300854,1.0,1,0.2229024306616332,60
1225,2,2396,2396,0,0,0,0,0.9943063765326721,0.9844719359981965,0.9943063765326721,0.9844719359981965,1.0,1,0.1985358163204669,60
1226,4,2400,2400,0,0,0,0,0.9982167622653827,0.9948201189613496,0.9982167622653827,0.9948201189613496,1.0,1,0.19347374098689102,61
1227,3,2403,2403,0,0,0,0,1.0,1.0,1.0,1.0,1.0,1,0.17381560902063176,59
1228,2,2405,2405,0,0,0,0,1.0,1.0,1.0,1.0,1.0,1,0.1767308182377956,58
1229,2,2407,2407,0,0,0,0,0.9818484381672078,0.9550156945882974,0.9818484381672078,0.9550156945882974,1.0,1,0.1916457473712963,57
1230,2,2409,2409,0,0,0,0,0.9650830442585653,0.9199819764258788,0.9650830442585653,0.9199819764258788,1.0,1,0.22697533466700434,55
1231,2,2411,2411,0,0,0,0,0.9482002766354176,0.8881125975325019,0.9482002766354176,0.8881125975325019,1.0,1,0.23438581772122463,54
1232,4,2415,2415,0,0,0,0,0.8942264734140722,0.8002055608932476,0.8942264734140722,0.8002055608932476,1.0,1,0.2810263289394256,51
1233,2,2417,2417,0,0,0,0,0.9313184449553333,0.8653841521124535,0.9313184449553333,0.8653841521124535,1.0,1,0.2842120847310764,49
1234,0,2417,2417,0,0,0,0,0.9313184449553333,0.8653841521124535,0.9313184449553333,0.8653841521124535,1.0,1,0.28404083473848313,49
1235,2,2419,2419,0,0,0,0,0.9332969174269934,0.8719300814598271,0.9332969174269934,0.8719300814598271,1.0,1,0.28361207606960676,48
1236,3,2422,2422,0,0,0,0,0.9771152798995412,0.9512455963077182,0.9771152798995412,0.9512455963077182,1.0,1,0.21318283149314018,49
1237,1,2423,2423,0,0,0,0,0.9950962851106618,0.9893009856959893,0.9950962851106618,0.9893009856959893,1.0,1,0.19724475866369565,48
1238,1,2424,2424,0,0,0,0,1.0,1.0,1.0,1.0,1.0,1,0.21444465786621733,47
1239,0,2424,2424,0,0,0,0,1.0,1.0,1.0,1.0,1.0,1,0.1938761550913161,48
1240,1,2425,2425,0,0,0,0,1.0,1.0,1.0,1.0,1.0,1,0.21301391355976246,49
1241,3,2428,2428,0,0,0,0,0.9849634452099395,0.9665094916039563,0.9849634452099395,0.9665094916039563,1.0,1,0.23119362225156417,49
1242,1,2429,2429,0,0,0,0,0.9849634452099395,0.9665094916039563,0.9849634452099395,0.9665094916039563,1.0,1,0.24216397575220694,49
1243,1,2430,2430,0,0,0,0,0.9696903028169558,0.9341093539499038,0.9696903028169558,0.9341093539499038,1.0,1,0.2618771359550991,50
1244,5,2435,2435,0,0,0,0,0.9711259878707663,0.9372304084147096,0.9711259878707663,0.9372304084147096,1.0,1,0.24443207193334393,50
1245,3,2438,2438,0,0,0,0,0.9977735432885059,0.9948386685324454,0.9977735432885059,0.9948386685324454,1.0,1,0.2193885042833153,51
1246,4,2442,2442,0,0,0,0,0.9543624201844949,0.9011185770664055,0.9543624201844949,0.9011185770664055,1.0,1,0.25343758439972497,52
1247,5,2447,2447,0,0,0,0,0.9592296621259806,0.9116642679396245,0.9592296621259806,0.9116642679396245,1.0,1,0.25143360435669443,52
1248,2,2449,2449,0,0,0,0,0.9801401207518244,0.9559628764496977,0.9801401207518244,0.9559628764496977,1.0,1,0.24527651750462662,51
1249,4,2453,2453,0,0,0,0,1.0,1.0,1.0,1.0,1.0,1,0.18544229928706107,51
1250,2,2455,2455,0,0,0,0,1.0,1.0,1.0,1.0,1.0,1,0.21079778367859953,51
1251,3,2458,2458,0,0,0,0,1.0,1.0,1.0,1.0,1.0,1,0.1725640636424617,53
1252,2,2460,2460,0,0,0,0,1.0,1.0,1.0,1.0,1.0,1,0.16102834163996457,52
1253,0,2460,2460,0,0,0,0,1.0,1.0,1.0,1.0,1.0,1,0.16102834163996457,52
1254,0,2460,2460,0,0,0,0,1.0,1.0,1.0,1.0,1.0,1,0.1518101371907218,53
1255,3,2463,2463,0,0,0,0,1.0,1.0,1.0,1.0,1.0,1,0.21867921709958876,55
1256,0,2463,2463,0,0,0,0,1.0,1.0,1.0,1.0,1.0,1,0.21867921709958876,55
1257,1,2464,2464,0,0,0,0,1.0,1.0,1.0,1.0,1.0,1,0.21402093622832627,57
1258,1,2465,2465,0,0,0,0,1.0,1.0,1.0,1.0,1.0,1,0.19911614201078517,57
1259,0,2465,2465,0,0,0,0,1.0,1.0,1.0,1.0,1.0,1,0.19911614201078517,57
1260,1,2466,2466,0,0,0,0,1.0,1.0,1.0,1.0,1.0,1,0.2282846639623268,56
1261,4,2470,2470,0,0,0,0,1.0,1.0,1.0,1.0,1.0,1,0.18073328916413084,57
1262,1,2471,2471,0,0,0,0,1.0,1.0,1.0,1.0,1.0,1,0.18209633860161906,58
1263,3,2474,2474,0,0,0,0,1.0,1.0,1.0,1.0,1.0,1,0.22620826953349116,58
1264,2,2476,2476,0,0,0,0,1.0,1.0,1.0,1.0,1.0,1,0.19568949449464237,57
1265,2,2478,2478,0,0,0,0,1.0,1.0,1.0,1.0,1.0,1,0.2136474252266882,56
1266,3,2481,2481,0,0,0,0,1.0,1.0,1.0,1.0,1.0,1,0.20173330236080875,55
1267,2,2483,2483,0,0,0,0,1.0,1.0,1.0,1.0,1.0,1,0.20340442048120388,53
1268,2,2485,2485,0,0,0,0,1.0,1.0,1.0,1.0,1.0,1,0.19721876243555575,52
1269,0,2485,2485,0,0,0,0,1.0,1.0,1.0,1.0,1.0,1,0.1993785832158663,51
1270,3,2488,2488,0,0,0,0,1.0,1.0,1.0,1.0,1.0,1,0.22840089838429026,47
1271,0,2488,2488,0,0,0,0,1.0,1.0,1.0,1.0,1.0,1,0.2418533309121626,46
1272,1,2489,2489,0,0,0,0,1.0,1.0,1.0,1.0,1.0,1,0.2867110972854887,43
1273,2,2491,2491,0,0,0,0,1.0,1.0,1.0,1.0,1.0,1,0.28653395780829066,44
1274,4,2495,2495,0,0,0,0,1.0,1.0,1.0,1.0,1.0,1,0.2507854926857194,44
1275,4,2499,2499,0,0,0,0,1.0,1.0,1.0,1.0,1.0,1,0.221823911488979,45
1276,4,2503,2503,0,0,0,0,1.0,1.0,1.0,1.0,1.0,1,0.19599273580750867,43
1277,1,2504,2504,0,0,0,0,1.0,1.0,1.0,1.0,1.0,1,0.1552271999023481,44
1278,2,2506,2506,0,0,0,0,1.0,1.0,1.0,1.0,1.0,1,0.17592241391430102,45
1279,3,2509,2509,0,0,0,0,1.0,1.0,1.0,1.0,1.0,1,0.20281699021926117,47
1280,2,2511,2511,0,0,0,0,1.0,1.0,1.0,1.0,1.0,1,0.21548071438218977,47
1281,1,2512,2512,0,0,0,0,1.0,1.0,1.0,1.0,1.0,1,0.20566410027299467,47
1282,2,2514,2514,0,0,0,0,1.0,1.0,1.0,1.0,1.0,1,0.24182017650775853,46
1283,1,2515,2515,0,0,0,0,1.0,1.0,1.0,1.0,1.0,1,0.23270760224642253,46
1284,2,2517,2517,0,0,0,0,1.0,1.0,1.0,1.0,1.0,1,0.26519637756032244,46
1285,1,2518,2518,0,0,0,0,1.0,1.0,1.0,1.0,1.0,1,0.27110947851319045,46
1286,0,2518,2518,0,0,0,0,1.0,1.0,1.0,1.0,1.0,1,0.298314621966875,45
1287,2,2520,2520,0,0,0,0,0.996512715925354,0.9918630038258258,0.996512715925354,0.9918630038258258,1.0,1,0.29691472672317776,49
1288,1,2521,2521,0,0,0,0,0.996512715925354,0.9918630038258258,0.996512715925354,0.9918630038258258,1.0,1,0.2895460296929182,49
1289,0,2521,2521,0,0,0,0,0.9785630383746712,0.9493308179764955,0.9785630383746712,0.9493308179764955,1.0,1,0.2669181944593714,52
1290,0,2521,2521,0,0,0,0,0.9785630383746712,0.9493308179764955,0.9785630383746712,0.9493308179764955,1.0,1,0.2669181944593714,52
1291,1,2522,2522,0,0,0,0,0.9785630383746712,0.9493308179764955,0.9785630383746712,0.9493308179764955,1.0,1,0.2594590611384066,52
1292,3,2525,2525,0,0,0,0,1.0,1.0,1.0,1.0,1.0,1,0.2657055096808396,53
1293,1,2526,2526,0,0,0,0,1.0,1.0,1.0,1.0,1.0,1,0.2575465757652973,53
1294,2,2528,2528,0,0,0,0,0.9808793763206249,0.9539366793178691,0.9808793763206249,0.9539366793178691,1.0,1,0.27552523088003344,53
1295,2,2530,2530,0,0,0,0,1.0,1.0,1.0,1.0,1.0,1,0.26307447380082954,54
1296,3,2533,2533,0,0,0,0,1.0,1.0,1.0,1.0,1.0,1,0.22570550479813986,55
1297,4,2537,2537,0,0,0,0,1.0,1.0,1.0,1.0,1.0,1,0.2233630646882982,54
1298,1,2538,2538,0,0,0,0,1.0,1.0,1.0,1.0,1.0,1,0.23586889104752118,55
1299,3,2541,2541,0,0,0,0,1.0,1.0,1.0,1.0,1.0,1,0.25687880630795384,54
1300,3,2544,2544,0,0,0,0,0.9775942957412987,0.9439857393532469,0.9775942957412987,0.9439857393532469,1.0,1,0.2549456669178351,55
1301,3,2547,2547,0,0,0,0,0.9315240503180205,0.8459291132155462,0.9315240503180205,0.8459291132155462,1.0,1,0.30471968709805436,54
1302,4,2551,2551,0,0,0,0,0.9059442708085407,0.8046534855254307,0.9059442708085407,0.8046534855254307,1.0,1,0.31460450412643565,54
1303,4,2555,2555,0,0,0,0,0.9252654572333437,0.8505309144666875,0.9252654572333437,0.8505309144666875,1.0,1,0.2981329982708526,50
1304,5,2560,2560,0,0,0,0,0.9058887795357699,0.8153972213970871,0.9058887795357699,0.8153972213970871,1.0,1,0.3017401003753139,51
1305,6,2566,2566,0,0,0,0,1.0,1.0,1.0,1.0,1.0,1,0.2275746279002119,48
1306,1,2567,2567,0,0,0,0,1.0,1.0,1.0,1.0,1.0,1,0.2348504991193262,48
1307,3,2570,2570,0,0,0,0,1.0,1.0,1.0,1.0,1.0,1,0.2252010235220925,48
1308,2,2572,2572,0,0,0,0,1.0,1.0,1.0,1.0,1.0,1,0.26962633553674664,46
1309,2,2574,2574,0,0,0,0,1.0,1.0,1.0,1.0,1.0,1,0.25733047410437837,47
1310,0,2574,2574,0,0,0,0,1.0,1.0,1.0,1.0,1.0,1,0.2668525886904491,46
1311,2,2576,2576,0,0,0,0,1.0,1.0,1.0,1.0,1.0,1,0.27655944168904223,46
1312,0,2576,2576,0,0,0,0,1.0,1.0,1.0,1.0,1.0,1,0.2773161619309089,45
1313,1,2577,2577,0,0,0,0,1.0,1.0,1.0,1.0,1.0,1,0.29390741381900254,44
1314,0,2577,2577,0,0,0,0,1.0,1.0,1.0,1.0,1.0,1,0.3120535318045989,42
1315,1,2578,2578,0,0,0,0,1.0,1.0,1.0,1.0,1.0,1,0.3148047459043682,40
1316,0,2578,2578,0,0,0,0,1.0,1.0,1.0,1.0,1.0,1,0.29004106377022176,42
1317,1,2579,2579,0,0,0,0,1.0,1.0,1.0,1.0,1.0,1,0.2778792198746699,42
1318,0,2579,2579,0,0,0,0,1.0,1.0,1.0,1.0,1.0,1,0.2778792198746699,42
1319,1,2580,2580,0,0,0,0,1.0,1.0,1.0,1.0,1.0,1,0.2570757601753749,42
1320,1,2581,2581,0,0,0,0,1.0,1.0,1.0,1.0,1.0,1,0.241642529387914,42
1321,1,2582,2582,0,0,0,0,1.0,1.0,1.0,1.0,1.0,1,0.22110173838206593,45
1322,0,2582,2582,0,0,0,0,1.0,1.0,1.0,1.0,1.0,1,0.22110173838206593,45
1323,4,2586,2586,0,0,0,0,1.0,1.0,1.0,1.0,1.0,1,0.17923386734890073,46
1324,0,2586,2586,0,0,0,0,1.0,1.0,1.0,1.0,1.0,1,0.19780050629933604,45
1325,4,2590,2590,0,0,0,0,1.0,1.0,1.0,1.0,1.0,1,0.15471720095394337,46
1326,1,2591,2591,0,0,0,0,1.0,1.0,1.0,1.0,1.0,1,0.20610994213361236,45
1327,2,2593,2593,0,0,0,0,1.0,1.0,1.0,1.0,1.0,1,0.18419652944565593,46
1328,1,2594,2594,0,0,0,0,1.0,1.0,1.0,1.0,1.0,1,0.22700017118793142,47
1329,5,2599,2599,0,0,0,0,0.9996992377392991,0.9993268654165268,0.9996992377392991,0.9993268654165268,1.0,1,0.2690372448456498,47
1330,2,2601,2601,0,0,0,0,1.0,1.0,1.0,1.0,1.0,1,0.23993387900645782,46
1331,3,2604,2604,0,0,0,0,0.9734256885904711,0.944435530689167,0.9734256885904711,0.944435530689167,1.0,1,0.30613145497327365,46
1332,0,2604,2604,0,0,0,0,0.9280976815218583,0.8531994331071272,0.9280976815218583,0.8531994331071272,1.0,1,0.3269090260323197,49
1333,3,2607,2607,0,0,0,0,0.9045369986422367,0.8090739972844734,0.9045369986422367,0.8090739972844734,1.0,1,0.35673105545894335,50
1334,3,2610,2610,0,0,0,0,0.9079283611149898,0.8158567222299794,0.9079283611149898,0.8158567222299794,1.0,1,0.3720691679869034,50
1335,3,2613,2613,0,0,0,0,0.8640346000682163,0.7474928286981158,0.8640346000682163,0.7474928286981158,1.0,1,0.40265728999783196,52
1336,3,2616,2616,0,0,0,0,0.9198882755667809,0.8301631442015756,0.9198882755667809,0.8301631442015756,1.0,1,0.3484374116485636,53
1337,0,2616,2616,0,0,0,0,0.9213718260192479,0.8301631442015756,0.9213718260192479,0.8301631442015756,1.0,1,0.33613404502967076,54
1338,3,2619,2619,0,0,0,0,0.9796604125329877,0.950075558035515,0.9796604125329877,0.950075558035515,1.0,1,0.2965669180205712,54
1339,1,2620,2620,0,0,0,0,0.9598465971857556,0.9057267933926435,0.9598465971857556,0.9057267933926435,1.0,1,0.306737588979599,54
1340,0,2620,2620,0,0,0,0,0.9590889858119019,0.9057267933926435,0.9590889858119019,0.9057267933926435,1.0,1,0.3198173375609845,53
1341,1,2621,2621,0,0,0,0,0.978115171035223,0.9472774574939464,0.978115171035223,0.9472774574939464,1.0,1,0.3181529163506153,53
1342,1,2622,2622,0,0,0,0,0.9776943089397465,0.9472774574939464,0.9776943089397465,0.9472774574939464,1.0,1,0.33834947919516917,52
1343,0,2622,2622,0,0,0,0,0.9768020812973365,0.9472774574939464,0.9768020812973365,0.9472774574939464,1.0,1,0.3481647628553771,50
1344,1,2623,2623,0,0,0,0,0.9964929899618178,0.9914829756215576,0.9964929899618178,0.9914829756215576,1.0,1,0.32120989781717346,51
1345,1,2624,2624,0,0,0,0,0.9711332169313175,0.9343936748439033,0.9711332169313175,0.9343936748439033,1.0,1,0.3483112371997081,50
1346,1,2625,2625,0,0,0,0,0.9899460011795946,0.9760619075704634,0.9899460011795946,0.9760619075704634,1.0,1,0.33846665519788727,50
1347,0,2625,2625,0,0,0,0,1.0,1.0,1.0,1.0,1.0,1,0.32503161391052204,48
1348,0,2625,2625,0,0,0,0,1.0,1.0,1.0,1.0,1.0,1,0.31606586623980537,49
1349,2,2627,2627,0,0,0,0,0.9951296436549452,0.9888677569255887,0.9951296436549452,0.9888677569255887,1.0,1,0.31204509561669574,48
1350,1,2628,2628,0,0,0,0,0.9952290386823951,0.9888677569255887,0.9952290386823951,0.9888677569255887,1.0,1,0.31776162098974226,49
1351,2,2630,2630,0,0,0,0,1.0,1.0,1.0,1.0,1.0,1,0.29059940374447213,48
1352,3,2633,2633,0,0,0,0,1.0,1.0,1.0,1.0,1.0,1,0.24681822477366397,49
1353,4,2637,2637,0,0,0,0,0.9823631193427959,0.9607178567180453,0.9823631193427959,0.9607178567180453,1.0,1,0.24810317345240904,49
1354,4,2641,2641,0,0,0,0,1.0,1.0,1.0,1.0,1.0,1,0.2241776256707591,49
1355,1,2642,2642,0,0,0,0,1.0,1.0,1.0,1.0,1.0,1,0.19683464189456773,50
1356,5,2647,2647,0,0,0,0,1.0,1.0,1.0,1.0,1.0,1,0.16900360221609734,50
1357,1,2648,2648,0,0,0,0,1.0,1.0,1.0,1.0,1.0,1,0.15413028201330467,50
1358,4,2652,2652,0,0,0,0,1.0,1.0,1.0,1.0,1.0,1,0.15092099296962735,51
1359,0,2652,2652,0,0,0,0,1.0,1.0,1.0,1.0,1.0,1,0.13663720899762768,53
1360,1,2653,2653,0,0,0,0,1.0,1.0,1.0,1.0,1.0,1,0.15814153332043338,54
1361,1,2654,2654,0,0,0,0,1.0,1.0,1.0,1.0,1.0,1,0.17629063472709147,54
1362,2,2656,2656,0,0,0,0,1.0,1.0,1.0,1.0,1.0,1,0.17079835624810358,55
1363,1,2657,2657,0,0,0,0,0.9945016166811169,0.985599472260068,0.9945016166811169,0.985599472260068,1.0,1,0.18278547154842847,55
1364,2,2659,2659,0,0,0,0,0.9604908081398923,0.9055214977258296,0.9604908081398923,0.9055214977258296,1.0,1,0.2216644008728984,55
1365,2,2661,2661,0,0,0,0,0.9744290792831597,0.9349103836298613,0.9744290792831597,0.9349103836298613,1.0,1,0.22881625132742872,56
1366,3,2664,2664,0,0,0,0,0.9490279946749168,0.881065320908139,0.9490279946749168,0.881065320908139,1.0,1,0.2343851919200016,56
1367,2,2666,2666,0,0,0,0,0.9331057848503608,0.850156958064808,0.9331057848503608,0.850156958064808,1.0,1,0.2665753051213243,56
1368,1,2667,2667,0,0,0,0,0.9354124819244862,0.850156958064808,0.9354124819244862,0.850156958064808,1.0,1,0.27719657226938976,58
1369,4,2671,2671,0,0,0,0,0.9231954978597413,0.8257128605278743,0.9231954978597413,0.8257128605278743,1.0,1,0.24639535680554206,59
1370,4,2675,2675,0,0,0,0,0.8689431555126673,0.7333671094912887,0.8689431555126673,0.7333671094912887,1.0,1,0.2674252578594652,59
1371,2,2677,2677,0,0,0,0,0.8973199433245473,0.7756250613388257,0.8973199433245473,0.7756250613388257,1.0,1,0.24724702112387284,59
1372,1,2678,2678,0,0,0,0,0.8973199433245473,0.7756250613388257,0.8973199433245473,0.7756250613388257,1.0,1,0.24281617828538102,59
1373,2,2680,2680,0,0,0,0,0.8973199433245472,0.7756250613388257,0.8973199433245472,0.7756250613388257,1.0,1,0.2574232329969113,59
1374,3,2683,2683,0,0,0,0,0.9337553627056889,0.8410128704936533,0.9337553627056889,0.8410128704936533,1.0,1,0.229725391859082,60
1375,2,2685,2685,0,0,0,0,0.887734016276038,0.7554205354585113,0.887734016276038,0.7554205354585113,1.0,1,0.2725607257011611,61
1376,3,2688,2688,0,0,0,0,0.9126080909338234,0.8025590202578974,0.9126080909338234,0.8025590202578974,1.0,1,0.25260964129823094,61
1377,0,2688,2688,0,0,0,0,0.9126080909338233,0.8025590202578974,0.9126080909338233,0.8025590202578974,1.0,1,0.25260964129823094,61
1378,2,2690,2690,0,0,0,0,0.9343917922093841,0.8460730509527857,0.9343917922093841,0.8460730509527857,1.0,1,0.24277193622189233,61
1379,2,2692,2692,0,0,0,0,0.9288127539981345,0.835721739995695,0.9288127539981345,0.835721739995695,1.0,1,0.2503444926261285,60
1380,2,2694,2694,0,0,0,0,0.9432419181463604,0.8637806035512647,0.9432419181463604,0.8637806035512647,1.0,1,0.24234798297153662,60
1381,0,2694,2694,0,0,0,0,0.9412847429100278,0.8637806035512647,0.9412847429100278,0.8637806035512647,1.0,1,0.24209119240077978,58
1382,1,2695,2695,0,0,0,0,0.9384146058874725,0.8571218856589361,0.9384146058874725,0.8571218856589361,1.0,1,0.24001988814705227,58
1383,4,2699,2699,0,0,0,0,0.9760957575051866,0.9407590512085061,0.9760957575051866,0.9407590512085061,1.0,1,0.19735658823320873,57
1384,0,2699,2699,0,0,0,0,0.9913754267905569,0.9788305930313671,0.9913754267905569,0.9788305930313671,1.0,1,0.20620724196921064,54
1385,6,2705,2705,0,0,0,0,0.9732647211559446,0.9395550217438746,0.9732647211559446,0.9395550217438746,1.0,1,0.23000758276411182,52
1386,1,2706,2706,0,0,0,0,0.9984248747191191,0.9963485732125034,0.9984248747191191,0.9963485732125034,1.0,1,0.2032731108312333,51
1387,2,2708,2708,0,0,0,0,0.9931591959905114,0.9841417725234582,0.9931591959905114,0.9841417725234582,1.0,1,0.2065059567748709,51
1388,1,2709,2709,0,0,0,0,0.9932907499137708,0.9841417725234582,0.9932907499137708,0.9841417725234582,1.0,1,0.21575117309677155,52
1389,0,2709,2709,0,0,0,0,0.9930223799103216,0.9841417725234582,0.9930223799103216,0.9841417725234582,1.0,1,0.2575176560028426,50
1390,1,2710,2710,0,0,0,0,1.0,1.0,1.0,1.0,1.0,1,0.21995096360385452,51
1391,0,2710,2710,0,0,0,0,1.0,1.0,1.0,1.0,1.0,1,0.23182235702612933,50
1392,1,2711,2711,0,0,0,0,1.0,1.0,1.0,1.0,1.0,1,0.2544404077905871,50
1393,2,2713,2713,0,0,0,0,1.0,1.0,1.0,1.0,1.0,1,0.2689843531246152,49
1394,1,2714,2714,0,0,0,0,1.0,1.0,1.0,1.0,1.0,1,0.2425739529275687,50
1395,3,2717,2717,0,0,0,0,1.0,1.0,1.0,1.0,1.0,1,0.2494779132628044,51
1396,1,2718,2718,0,0,0,0,1.0,1.0,1.0,1.0,1.0,1,0.27402071925995947,52
1397,4,2722,2722,0,0,0,0,1.0,1.0,1.0,1.0,1.0,1,0.23460009721103964,52
1398,2,2724,2724,0,0,0,0,1.0,1.0,1.0,1.0,1.0,1,0.24967391724533952,53
1399,4,2728,2728,0,0,0,0,0.9963074076962775,0.9900300007799492,0.9963074076962775,0.9900300007799492,1.0,1,0.227415642714796,54
1400,1,2729,2729,0,0,0,0,1.0,1.0,1.0,1.0,1.0,1,0.21654691587740457,54
1401,2,2731,2731,0,0,0,0,1.0,1.0,1.0,1.0,1.0,1,0.21536479842400105,54
1402,1,2732,2732,0,0,0,0,1.0,1.0,1.0,1.0,1.0,1,0.2229443118478307,53
1403,1,2733,2733,0,0,0,0,0.996981890697156,0.9921529158126055,0.996981890697156,0.9921529158126055,1.0,1,0.2505938610500938,52
1404,2,2735,2735,0,0,0,0,0.9442528102692334,0.8715390845334507,0.9442528102692334,0.8715390845334507,1.0,1,0.3213291757558538,53
1405,1,2736,2736,0,0,0,0,0.943180748928257,0.8715390845334507,0.943180748928257,0.8715390845334507,1.0,1,0.35016594340284934,52
1406,1,2737,2737,0,0,0,0,0.9650502001459648,0.915802754897097,0.9650502001459648,0.915802754897097,1.0,1,0.3292507322696133,53
1407,0,2737,2737,0,0,0,0,0.9513018456485244,0.8856652028269703,0.9513018456485244,0.8856652028269703,1.0,1,0.33537155780080674,54
1408,1,2738,2738,0,0,0,0,0.9294494792164489,0.844200933269658,0.9294494792164489,0.844200933269658,1.0,1,0.37327127934042753,53
1409,0,2738,2738,0,0,0,0,0.9116244872371867,0.8055738719218107,0.9116244872371867,0.8055738719218107,1.0,1,0.35581730769424874,55
1410,0,2738,2738,0,0,0,0,0.9099879036675048,0.8055738719218107,0.9099879036675048,0.8055738719218107,1.0,1,0.35791680999846465,54
1411,0,2738,2738,0,0,0,0,0.9099879036675049,0.8055738719218107,0.9099879036675049,0.8055738719218107,1.0,1,0.35791680999846465,54
1412,0,2738,2738,0,0,0,0,0.9082895622272691,0.8055738719218107,0.9082895622272691,0.8055738719218107,1.0,1,0.3598957255153041,53
1413,2,2740,2740,0,0,0,0,0.909987903667505,0.8055738719218107,0.909987903667505,0.8055738719218107,1.0,1,0.33469159124555176,54
1414,0,2740,2740,0,0,0,0,0.8924775758136089,0.7725487180672496,0.8924775758136089,0.7725487180672496,1.0,1,0.3431545853181204,55
1415,2,2742,2742,0,0,0,0,0.8604358698728,0.7158873065267713,0.8604358698728,0.7158873065267713,1.0,1,0.3670805043789946,57
1416,4,2746,2746,0,0,0,0,0.907826708434416,0.7908375306780978,0.907826708434416,0.7908375306780978,1.0,1,0.3213354645303495,59
1417,1,2747,2747,0,0,0,0,0.942531810877594,0.8611185429541854,0.942531810877594,0.8611185429541854,1.0,1,0.3034994382986339,58
1418,2,2749,2749,0,0,0,0,1.0,1.0,1.0,1.0,1.0,1,0.27387420798591594,57
1419,1,2750,2750,0,0,0,0,0.9928463242211618,0.9809235312564314,0.9928463242211618,0.9809235312564314,1.0,1,0.27814667203379034,56
1420,1,2751,2751,0,0,0,0,1.0,1.0,1.0,1.0,1.0,1,0.29855611415555927,54
1421,0,2751,2751,0,0,0,0,1.0,1.0,1.0,1.0,1.0,1,0.29068895043167464,55
1422,0,2751,2751,0,0,0,0,1.0,1.0,1.0,1.0,1.0,1,0.2825614600247766,52
1423,0,2751,2751,0,0,0,0,1.0,1.0,1.0,1.0,1.0,1,0.27264453354826634,52
1424,2,2753,2753,0,0,0,0,1.0,1.0,1.0,1.0,1.0,1,0.2276148338619114,51
1425,0,2753,2753,0,0,0,0,1.0,1.0,1.0,1.0,1.0,1,0.2663624223657371,50
1426,2,2755,2755,0,0,0,0,1.0,1.0,1.0,1.0,1.0,1,0.2708765844833692,50
1427,1,2756,2756,0,0,0,0,1.0,1.0,1.0,1.0,1.0,1,0.28795411736637794,48
1428,2,2758,2758,0,0,0,0,1.0,1.0,1.0,1.0,1.0,1,0.26446638176142334,48
1429,3,2761,2761,0,0,0,0,1.0,1.0,1.0,1.0,1.0,1,0.28233600242039947,48
1430,5,2766,2766,0,0,0,0,0.990250883116342,0.9777163042659246,0.990250883116342,0.9777163042659246,1.0,1,0.2909305856170756,48
1431,4,2770,2770,0,0,0,0,1.0,1.0,1.0,1.0,1.0,1,0.2422217644807662,48
1432,4,2774,2774,0,0,0,0,1.0,1.0,1.0,1.0,1.0,1,0.19308233963761143,50
1433,4,2778,2778,0,0,0,0,1.0,1.0,1.0,1.0,1.0,1,0.14506261655013314,51
1434,5,2783,2783,0,0,0,0,1.0,1.0,1.0,1.0,1.0,1,0.11237324955451602,51
1435,5,2788,2788,0,0,0,0,1.0,1.0,1.0,1.0,1.0,1,0.16107135702936817,50
1436,2,2790,2790,0,0,0,0,1.0,1.0,1.0,1.0,1.0,1,0.1430445843131992,51
1437,3,2793,2793,0,0,0,0,1.0,1.0,1.0,1.0,1.0,1,0.18797592682340117,51
1438,4,2797,2797,0,0,0,0,1.0,1.0,1.0,1.0,1.0,1,0.23644248033791015,51
1439,2,2799,2799,0,0,0,0,1.0,1.0,1.0,1.0,1.0,1,0.2549727630871321,50
1440,3,2802,2802,0,0,0,0,0.9460357950309155,0.8899130218630679,0.9460357950309155,0.8899130218630679,1.0,1,0.34612606151209574,51
1441,1,2803,2803,0,0,0,0,0.9601266682654509,0.9152691700640831,0.9601266682654509,0.9152691700640831,1.0,1,0.33983084464331137,51
1442,2,2805,2805,0,0,0,0,0.9831840302955581,0.9619812858856095,0.9831840302955581,0.9619812858856095,1.0,1,0.3150644826343911,52
1443,3,2808,2808,0,0,0,0,0.9764487243084327,0.9457296690585625,0.9764487243084327,0.9457296690585625,1.0,1,0.2983340102409688,53
1444,1,2809,2809,0,0,0,0,0.9768848590434617,0.9457296690585625,0.9768848590434617,0.9457296690585625,1.0,1,0.2863884451066725,54
1445,1,2810,2810,0,0,0,0,0.9768848590434618,0.9457296690585625,0.9768848590434618,0.9457296690585625,1.0,1,0.27622370916540484,54
1446,1,2811,2811,0,0,0,0,0.9600549146436121,0.9101235579481273,0.9600549146436121,0.9101235579481273,1.0,1,0.28951993777522167,54
1447,3,2814,2814,0,0,0,0,0.9821641917104267,0.9573491540901506,0.9821641917104267,0.9573491540901506,1.0,1,0.23961652345989326,55
1448,1,2815,2815,0,0,0,0,0.9980984469997022,0.9952461174992553,0.9980984469997022,0.9952461174992553,1.0,1,0.23223035673078582,55
1449,2,2817,2817,0,0,0,0,1.0,1.0,1.0,1.0,1.0,1,0.21808938682210843,55
1450,2,2819,2819,0,0,0,0,0.9789273081180433,0.947776372292542,0.9789273081180433,0.947776372292542,1.0,1,0.2165739425180714,57
1451,1,2820,2820,0,0,0,0,0.9789273081180433,0.947776372292542,0.9789273081180433,0.947776372292542,1.0,1,0.206962136268979,57
1452,2,2822,2822,0,0,0,0,0.9443560224595221,0.8731317312077105,0.9443560224595221,0.8731317312077105,1.0,1,0.24063461590918975,57
1453,1,2823,2823,0,0,0,0,0.9443560224595221,0.8731317312077105,0.9443560224595221,0.8731317312077105,1.0,1,0.2390976692277026,57
1454,2,2825,2825,0,0,0,0,0.9303260778857851,0.8445735583605976,0.9303260778857851,0.8445735583605976,1.0,1,0.22857001290290407,58
1455,1,2826,2826,0,0,0,0,0.9657972218646693,0.9201935176842286,0.9657972218646693,0.9201935176842286,1.0,1,0.21554339700648276,56
1456,2,2828,2828,0,0,0,0,0.9793262752687723,0.9505628321644554,0.9793262752687723,0.9505628321644554,1.0,1,0.19673122361681478,55
1457,1,2829,2829,0,0,0,0,0.9757240077332566,0.9430041920693849,0.9757240077332566,0.9430041920693849,1.0,1,0.22911366781106185,54
1458,3,2832,2832,0,0,0,0,0.9882037657266285,0.9715817992505144,0.9882037657266285,0.9715817992505144,1.0,1,0.2334257791974864,53
1459,2,2834,2834,0,0,0,0,0.9879769150675254,0.9715817992505144,0.9879769150675254,0.9715817992505144,1.0,1,0.2373961141271825,52
1460,1,2835,2835,0,0,0,0,1.0,1.0,1.0,1.0,1.0,1,0.23966352186245501,51
1461,3,2838,2838,0,0,0,0,1.0,1.0,1.0,1.0,1.0,1,0.20577256830466195,51
1462,3,2841,2841,0,0,0,0,0.9750368127615173,0.9421307932198812,0.9750368127615173,0.9421307932198812,1.0,1,0.2861369143175454,51
1463,0,2841,2841,0,0,0,0,0.9536349620423666,0.8951746967914376,0.9536349620423666,0.8951746967914376,1.0,1,0.26372341339726013,52
1464,6,2847,2847,0,0,0,0,0.9454756615439148,0.8818639333451487,0.9454756615439148,0.8818639333451487,1.0,1,0.254642811671997,52
1465,3,2850,2850,0,0,0,0,0.9586584655614887,0.9083296410276488,0.9586584655614887,0.9083296410276488,1.0,1,0.2241553055044648,51
1466,3,2853,2853,0,0,0,0,0.9910507111085338,0.9786921693060331,0.9910507111085338,0.9786921693060331,1.0,1,0.20007661976029245,50
1467,3,2856,2856,0,0,0,0,1.0,1.0,1.0,1.0,1.0,1,0.21132554454778144,48
1468,6,2862,2862,0,0,0,0,1.0,1.0,1.0,1.0,1.0,1,0.2278477497054199,48
1469,2,2864,2864,0,0,0,0,0.9890675515367654,0.9737621236882368,0.9890675515367654,0.9737621236882368,1.0,1,0.25529781134217727,48
1470,4,2868,2868,0,0,0,0,1.0,1.0,1.0,1.0,1.0,1,0.20574358317488,48
1471,1,2869,2869,0,0,0,0,1.0,1.0,1.0,1.0,1.0,1,0.2433022784882094,45
1472,4,2873,2873,0,0,0,0,1.0,1.0,1.0,1.0,1.0,1,0.2285901111166509,45
1473,2,2875,2875,0,0,0,0,1.0,1.0,1.0,1.0,1.0,1,0.2064892296632622,46
1474,1,2876,2876,0,0,0,0,1.0,1.0,1.0,1.0,1.0,1,0.2220320773624734,46
1475,3,2879,2879,0,0,0,0,1.0,1.0,1.0,1.0,1.0,1,0.24056900323127348,46
1476,2,2881,2881,0,0,0,0,1.0,1.0,1.0,1.0,1.0,1,0.2904674036174086,47
1477,1,2882,2882,0,0,0,0,1.0,1.0,1.0,1.0,1.0,1,0.2794934559251382,47
1478,3,2885,2885,0,0,0,0,1.0,1.0,1.0,1.0,1.0,1,0.29353754040374175,47
1479,1,2886,2886,0,0,0,0,1.0,1.0,1.0,1.0,1.0,1,0.2864680559259369,48
1480,2,2888,2888,0,0,0,0,0.9764865137543437,0.9497666430206435,0.9764865137543437,0.9497666430206435,1.0,1,0.3229991461480258,47
1481,1,2889,2889,0,0,0,0,0.9982208605502407,0.9960181164695865,0.9982208605502407,0.9960181164695865,1.0,1,0.31228899512143526,47
1482,1,2890,2890,0,0,0,0,1.0,1.0,1.0,1.0,1.0,1,0.3137254649435911,46
1483,2,2892,2892,0,0,0,0,1.0,1.0,1.0,1.0,1.0,1,0.2824145063790113,47
1484,3,2895,2895,0,0,0,0,1.0,1.0,1.0,1.0,1.0,1,0.28874825492550604,47
1485,4,2899,2899,0,0,0,0,1.0,1.0,1.0,1.0,1.0,1,0.3139913302039569,47
1486,2,2901,2901,0,0,0,0,0.9877648937926178,0.9700239897919137,0.9877648937926178,0.9700239897919137,1.0,1,0.2926524760753777,49
1487,2,2903,2903,0,0,0,0,0.9877648937926178,0.9700239897919137,0.9877648937926178,0.9700239897919137,1.0,1,0.27207833304095475,49
1488,0,2903,2903,0,0,0,0,0.9747671906266914,0.9387203200933935,0.9747671906266914,0.9387203200933935,1.0,1,0.26670713884490643,51
1489,4,2907,2907,0,0,0,0,0.9400621610976447,0.864488364220762,0.9400621610976447,0.864488364220762,1.0,1,0.306948753539838,52
1490,3,2910,2910,0,0,0,0,0.9451088107699489,0.8758981808711886,0.9451088107699489,0.8758981808711886,1.0,1,0.3128756874833809,52
1491,1,2911,2911,0,0,0,0,0.9461444935856101,0.8758981808711886,0.9461444935856101,0.8758981808711886,1.0,1,0.29755352626791853,53
1492,3,2914,2914,0,0,0,0,0.9465839318546669,0.876910799491189,0.9465839318546669,0.876910799491189,1.0,1,0.313578130164791,53
1493,1,2915,2915,0,0,0,0,0.9575655363185714,0.9040612125463355,0.9575655363185714,0.9040612125463355,1.0,1,0.31552176807214694,52
1494,2,2917,2917,0,0,0,0,0.9912765798224228,0.9792299519581497,0.9912765798224228,0.9792299519581497,1.0,1,0.3192378354669329,50
1495,2,2919,2919,0,0,0,0,0.9923193016856757,0.9817126230611325,0.9923193016856757,0.9817126230611325,1.0,1,0.3403018949132453,50
1496,2,2921,2921,0,0,0,0,0.9489162206044072,0.8845062378882249,0.9489162206044072,0.8845062378882249,1.0,1,0.349537503408159,52
1497,2,2923,2923,0,0,0,0,0.955513878814463,0.9013568617190268,0.955513878814463,0.9013568617190268,1.0,1,0.36398709863276196,51
1498,1,2924,2924,0,0,0,0,0.9925929391671343,0.9823641408741294,0.9925929391671343,0.9823641408741294,1.0,1,0.33988599118936463,50
1499,4,2928,2928,0,0,0,0,1.0,1.0,1.0,1.0,1.0,1,0.31238578436336767,50
1500,2,2930,2930,0,0,0,0,1.0,1.0,1.0,1.0,1.0,1,0.26766562057294296,49
1501,2,2932,2932,0,0,0,0,1.0,1.0,1.0,1.0,1.0,1,0.2426986740832244,47
1502,2,2934,2934,0,0,0,0,1.0,1.0,1.0,1.0,1.0,1,0.20378775572321794,47
1503,3,2937,2937,0,0,0,0,1.0,1.0,1.0,1.0,1.0,1,0.2025072206875168,47
1504,2,2939,2939,0,0,0,0,1.0,1.0,1.0,1.0,1.0,1,0.2085172055586273,48
1505,3,2942,2942,0,0,0,0,1.0,1.0,1.0,1.0,1.0,1,0.1689401756807092,47
1506,1,2943,2943,0,0,0,0,1.0,1.0,1.0,1.0,1.0,1,0.180929717798663,47
1507,1,2944,2944,0,0,0,0,1.0,1.0,1.0,1.0,1.0,1,0.21941838904140287,45
1508,2,2946,2946,0,0,0,0,1.0,1.0,1.0,1.0,1.0,1,0.20209738363623414,45
1509,3,2949,2949,0,0,0,0,1.0,1.0,1.0,1.0,1.0,1,0.22252522755998483,44
1510,2,2951,2951,0,0,0,0,1.0,1.0,1.0,1.0,1.0,1,0.22219865254267834,42
1511,2,2953,2953,0,0,0,0,1.0,1.0,1.0,1.0,1.0,1,0.2295496296267945,40
1512,1,2954,2954,0,0,0,0,1.0,1.0,1.0,1.0,1.0,1,0.2855482585698705,39
1513,2,2956,2956,0,0,0,0,1.0,1.0,1.0,1.0,1.0,1,0.2707047210898339,39
1514,2,2958,2958,0,0,0,0,1.0,1.0,1.0,1.0,1.0,1,0.2813505331268373,38
1515,1,2959,2959,0,0,0,0,1.0,1.0,1.0,1.0,1.0,1,0.2635471706525289,39
1516,1,2960,2960,0,0,0,0,1.0,1.0,1.0,1.0,1.0,1,0.24261022700391596,39
1517,1,2961,2961,0,0,0,0,1.0,1.0,1.0,1.0,1.0,1,0.2843211279414722,39
1518,4,2965,2965,0,0,0,0,1.0,1.0,1.0,1.0,1.0,1,0.18619569174475134,39
1519,1,2966,2966,0,0,0,0,1.0,1.0,1.0,1.0,1.0,1,0.22229519918781082,39
1520,3,2969,2969,0,0,0,0,1.0,1.0,1.0,1.0,1.0,1,0.27373294632299305,39
1521,1,2970,2970,0,0,0,0,1.0,1.0,1.0,1.0,1.0,1,0.25036378899192574,40
1522,2,2972,2972,0,0,0,0,1.0,1.0,1.0,1.0,1.0,1,0.2865667592497626,40
1523,1,2973,2973,0,0,0,0,1.0,1.0,1.0,1.0,1.0,1,0.31393227315644834,41
1524,2,2975,2975,0,0,0,0,1.0,1.0,1.0,1.0,1.0,1,0.3507399143322474,42
1525,0,2975,2975,0,0,0,0,1.0,1.0,1.0,1.0,1.0,1,0.3071992291708861,45
1526,0,2975,2975,0,0,0,0,1.0,1.0,1.0,1.0,1.0,1,0.315353455259259,46
1527,0,2975,2975,0,0,0,0,1.0,1.0,1.0,1.0,1.0,1,0.315353455259259,46
1528,1,2976,2976,0,0,0,0,1.0,1.0,1.0,1.0,1.0,1,0.27829458537478047,47
1529,1,2977,2977,0,0,0,0,1.0,1.0,1.0,1.0,1.0,1,0.29390417539799163,47
1530,0,2977,2977,0,0,0,0,1.0,1.0,1.0,1.0,1.0,1,0.3026807735045895,48
1531,2,2979,2979,0,0,0,0,1.0,1.0,1.0,1.0,1.0,1,0.2980645168674292,46
1532,0,2979,2979,0,0,0,0,1.0,1.0,1.0,1.0,1.0,1,0.2973884066643057,47
1533,4,2983,2983,0,0,0,0,1.0,1.0,1.0,1.0,1.0,1,0.25277260702466015,46
1534,2,2985,2985,0,0,0,0,1.0,1.0,1.0,1.0,1.0,1,0.2535151048836996,47
1535,2,2987,2987,0,0,0,0,1.0,1.0,1.0,1.0,1.0,1,0.2279286020080761,47
1536,2,2989,2989,0,0,0,0,1.0,1.0,1.0,1.0,1.0,1,0.18215964476430657,48
1537,3,2992,2992,0,0,0,0,1.0,1.0,1.0,1.0,1.0,1,0.23530882591312413,46
1538,1,2993,2993,0,0,0,0,1.0,1.0,1.0,1.0,1.0,1,0.23523505307904874,47
1539,0,2993,2993,0,0,0,0,1.0,1.0,1.0,1.0,1.0,1,0.2648152260211725,47
1540,4,2997,2997,0,0,0,0,1.0,1.0,1.0,1.0,1.0,1,0.3056368764848541,47
1541,1,2998,2998,0,0,0,0,1.0,1.0,1.0,1.0,1.0,1,0.26868572048750067,47
1542,6,3004,3004,0,0,0,0,0.9631174189092161,0.9077935472730401,0.9631174189092161,0.9077935472730401,1.0,1,0.3332840972035434,50
1543,1,3005,3005,0,0,0,0,0.9837117716455543,0.9597080667021605,0.9837117716455543,0.9597080667021605,1.0,1,0.3392054684564137,47
1544,6,3011,3011,0,0,0,0,1.0,1.0,1.0,1.0,1.0,1,0.2081506377679363,48
1545,2,3013,3013,0,0,0,0,1.0,1.0,1.0,1.0,1.0,1,0.1759473664493699,47
1546,5,3018,3018,0,0,0,0,1.0,1.0,1.0,1.0,1.0,1,0.16777609204319507,47
1547,1,3019,3019,0,0,0,0,1.0,1.0,1.0,1.0,1.0,1,0.1353810022210219,47
1548,3,3022,3022,0,0,0,0,1.0,1.0,1.0,1.0,1.0,1,0.12327682845321863,47
1549,5,3027,3027,0,0,0,0,1.0,1.0,1.0,1.0,1.0,1,0.08586345563438195,46
1550,1,3028,3028,0,0,0,0,1.0,1.0,1.0,1.0,1.0,1,0.12138304037767438,44
1551,5,3033,3033,0,0,0,0,1.0,1.0,1.0,1.0,1.0,1,0.09536006387681396,45
1552,2,3035,3035,0,0,0,0,1.0,1.0,1.0,1.0,1.0,1,0.14949208563156197,43
1553,2,3037,3037,0,0,0,0,1.0,1.0,1.0,1.0,1.0,1,0.19276655286168723,43
1554,1,3038,3038,0,0,0,0,1.0,1.0,1.0,1.0,1.0,1,0.23261993737401476,41
1555,2,3040,3040,0,0,0,0,1.0,1.0,1.0,1.0,1.0,1,0.2528972183541834,44
1556,4,3044,3044,0,0,0,0,1.0,1.0,1.0,1.0,1.0,1,0.2750396440226788,45
1557,2,3046,3046,0,0,0,0,0.9843567738018811,0.966478801004031,0.9843567738018811,0.966478801004031,1.0,1,0.28531289362334883,45
1558,2,3048,3048,0,0,0,0,0.974201602009821,0.9460578951114437,0.974201602009821,0.9460578951114437,1.0,1,0.28798143840093826,46
1559,1,3049,3049,0,0,0,0,0.9747505040947183,0.9460578951114437,0.9747505040947183,0.9460578951114437,1.0,1,0.27259225191988895,47
1560,1,3050,3050,0,0,0,0,0.974201602009821,0.9460578951114437,0.974201602009821,0.9460578951114437,1.0,1,0.2852104457343153,46
1561,3,3053,3053,0,0,0,0,0.9786119991097008,0.9543074526434515,0.9786119991097008,0.9543074526434515,1.0,1,0.26039068065793064,47
1562,0,3053,3053,0,0,0,0,0.9639520364597289,0.9263367701568372,0.9639520364597289,0.9263367701568372,1.0,1,0.28539903927845767,47
1563,2,3055,3055,0,0,0,0,0.9639520364597289,0.9263367701568372,0.9639520364597289,0.9263367701568372,1.0,1,0.30761756055207207,47
1564,1,3056,3056,0,0,0,0,0.9639520364597287,0.9263367701568372,0.9639520364597287,0.9263367701568372,1.0,1,0.2819599899024451,47
1565,1,3057,3057,0,0,0,0,0.9416731111199262,0.8833462222398525,0.9416731111199262,0.8833462222398525,1.0,1,0.3016663958910609,48
1566,1,3058,3058,0,0,0,0,0.9416731111199264,0.8833462222398525,0.9416731111199264,0.8833462222398525,1.0,1,0.29106700894933757,48
1567,2,3060,3060,0,0,0,0,0.9649623782369599,0.9268780067553946,0.9649623782369599,0.9268780067553946,1.0,1,0.2829195535673621,48
1568,3,3063,3063,0,0,0,0,0.9615503356624963,0.9197572222521659,0.9615503356624963,0.9197572222521659,1.0,1,0.2726216515734834,48
1569,3,3066,3066,0,0,0,0,1.0,1.0,1.0,1.0,1.0,1,0.22677892347106404,45
1570,2,3068,3068,0,0,0,0,1.0,1.0,1.0,1.0,1.0,1,0.18154749462817935,44
1571,7,3075,3075,0,0,0,0,1.0,1.0,1.0,1.0,1.0,1,0.17692141340426157,42
1572,3,3078,3078,0,0,0,0,1.0,1.0,1.0,1.0,1.0,1,0.17816710897214288,43
1573,8,3086,3086,0,0,0,0,1.0,1.0,1.0,1.0,1.0,1,0.19268077195564723,43
1574,3,3089,3089,0,0,0,0,1.0,1.0,1.0,1.0,1.0,1,0.18057027041933557,42
1575,5,3094,3094,0,0,0,0,1.0,1.0,1.0,1.0,1.0,1,0.17987842310957158,43
1576,0,3094,3094,0,0,0,0,1.0,1.0,1.0,1.0,1.0,1,0.20454042400797887,41
1577,1,3095,3095,0,0,0,0,1.0,1.0,1.0,1.0,1.0,1,0.23512844591438445,40
1578,1,3096,3096,0,0,0,0,1.0,1.0,1.0,1.0,1.0,1,0.26463265802255437,40
1579,1,3097,3097,0,0,0,0,1.0,1.0,1.0,1.0,1.0,1,0.2770630412209922,40
1580,0,3097,3097,0,0,0,0,1.0,1.0,1.0,1.0,1.0,1,0.2770630412209922,40
1581,0,3097,3097,0,0,0,0,1.0,1.0,1.0,1.0,1.0,1,0.2760938973074893,40
1582,5,3102,3102,0,0,0,0,1.0,1.0,1.0,1.0,1.0,1,0.268199946062045,40
1583,2,3104,3104,0,0,0,0,1.0,1.0,1.0,1.0,1.0,1,0.22925252407453234,38
1584,2,3106,3106,0,0,0,0,1.0,1.0,1.0,1.0,1.0,1,0.22521746255080896,39
1585,2,3108,3108,0,0,0,0,1.0,1.0,1.0,1.0,1.0,1,0.1624270065080883,38
1586,4,3112,3112,0,0,0,0,1.0,1.0,1.0,1.0,1.0,1,0.14973032170966136,38
1587,1,3113,3113,0,0,0,0,1.0,1.0,1.0,1.0,1.0,1,0.11409718051909924,37
1588,1,3114,3114,0,0,0,0,1.0,1.0,1.0,1.0,1.0,1,0.08279040738066325,39
1589,1,3115,3115,0,0,0,0,1.0,1.0,1.0,1.0,1.0,1,0.06496550988590485,37
1590,0,3115,3115,0,0,0,0,1.0,1.0,1.0,1.0,1.0,1,0.08034011899521679,37
1591,1,3116,3116,0,0,0,0,1.0,1.0,1.0,1.0,1.0,1,0.1667598869230157,36
1592,1,3117,3117,0,0,0,0,1.0,1.0,1.0,1.0,1.0,1,0.18618233540777449,34
1593,2,3119,3119,0,0,0,0,1.0,1.0,1.0,1.0,1.0,1,0.22747231262351864,33
1594,1,3120,3120,0,0,0,0,1.0,1.0,1.0,1.0,1.0,1,0.2669234413291559,31
1595,1,3121,3121,0,0,0,0,1.0,1.0,1.0,1.0,1.0,1,0.27354148972985376,34
1596,2,3123,3123,0,0,0,0,1.0,1.0,1.0,1.0,1.0,1,0.28736070386155754,33
1597,1,3124,3124,0,0,0,0,1.0,1.0,1.0,1.0,1.0,1,0.2744532573933946,33
1598,3,3127,3127,0,0,0,0,1.0,1.0,1.0,1.0,1.0,1,0.25387547432505947,33
1599,0,3127,3127,0,0,0,0,1.0,1.0,1.0,1.0,1.0,1,0.25387547432505947,33
1600,1,3128,3128,0,0,0,0,1.0,1.0,1.0,1.0,1.0,1,0.247145169504986,34
1601,3,3131,3131,0,0,0,0,1.0,1.0,1.0,1.0,1.0,1,0.24722198537744655,35
1602,5,3136,3136,0,0,0,0,1.0,1.0,1.0,1.0,1.0,1,0.20442798912197543,36
1603,6,3142,3142,0,0,0,0,1.0,1.0,1.0,1.0,1.0,1,0.1586185913391718,38
1604,3,3145,3145,0,0,0,0,1.0,1.0,1.0,1.0,1.0,1,0.16835594576386104,38
1605,3,3148,3148,0,0,0,0,1.0,1.0,1.0,1.0,1.0,1,0.14659791679820747,38
1606,2,3150,3150,0,0,0,0,1.0,1.0,1.0,1.0,1.0,1,0.1519801851003472,39
1607,2,3152,3152,0,0,0,0,1.0,1.0,1.0,1.0,1.0,1,0.1377530998644343,37
1608,1,3153,3153,0,0,0,0,1.0,1.0,1.0,1.0,1.0,1,0.14768478698193305,36
1609,4,3157,3157,0,0,0,0,1.0,1.0,1.0,1.0,1.0,1,0.18291792254560527,34
1610,1,3158,3158,0,0,0,0,1.0,1.0,1.0,1.0,1.0,1,0.19009110836839918,34
1611,1,3159,3159,0,0,0,0,1.0,1.0,1.0,1.0,1.0,1,0.19124747768137526,35
1612,2,3161,3161,0,0,0,0,1.0,1.0,1.0,1.0,1.0,1,0.22014020068839313,33
1613,3,3164,3164,0,0,0,0,1.0,1.0,1.0,1.0,1.0,1,0.1858719232025959,34
1614,1,3165,3165,0,0,0,0,1.0,1.0,1.0,1.0,1.0,1,0.19214018436850752,35
1615,4,3169,3169,0,0,0,0,1.0,1.0,1.0,1.0,1.0,1,0.16156236760177278,35
1616,2,3171,3171,0,0,0,0,1.0,1.0,1.0,1.0,1.0,1,0.15283499605198722,37
1617,0,3171,3171,0,0,0,0,1.0,1.0,1.0,1.0,1.0,1,0.14193096467053848,38
1618,5,3176,3176,0,0,0,0,1.0,1.0,1.0,1.0,1.0,1,0.1367518219673601,38
1619,0,3176,3176,0,0,0,0,1.0,1.0,1.0,1.0,1.0,1,0.1243381542910814,38
1620,1,3177,3177,0,0,0,0,1.0,1.0,1.0,1.0,1.0,1,0.13273455534963172,39
1621,1,3178,3178,0,0,0,0,1.0,1.0,1.0,1.0,1.0,1,0.1160710119672315,37
1622,1,3179,3179,0,0,0,0,1.0,1.0,1.0,1.0,1.0,1,0.14499896669472315,37
1623,2,3181,3181,0,0,0,0,1.0,1.0,1.0,1.0,1.0,1,0.1884238869405396,37
1624,0,3181,3181,0,0,0,0,1.0,1.0,1.0,1.0,1.0,1,0.14627720050615547,37
1625,3,3184,3184,0,0,0,0,1.0,1.0,1.0,1.0,1.0,1,0.23259814593072525,35
1626,0,3184,3184,0,0,0,0,1.0,1.0,1.0,1.0,1.0,1,0.23259814593072525,35
1627,2,3186,3186,0,0,0,0,1.0,1.0,1.0,1.0,1.0,1,0.1675941728628969,34
1628,0,3186,3186,0,0,0,0,1.0,1.0,1.0,1.0,1.0,1,0.18323460729507252,35
1629,0,3186,3186,0,0,0,0,1.0,1.0,1.0,1.0,1.0,1,0.18227919405514154,34
1630,0,3186,3186,0,0,0,0,1.0,1.0,1.0,1.0,1.0,1,0.21403408930317946,32
1631,1,3187,3187,0,0,0,0,1.0,1.0,1.0,1.0,1.0,1,0.2811576913735725,33
1632,0,3187,3187,0,0,0,0,1.0,1.0,1.0,1.0,1.0,1,0.3184293315778432,32
1633,3,3190,3190,0,0,0,0,1.0,1.0,1.0,1.0,1.0,1,0.32292710132422964,31
1634,1,3191,3191,0,0,0,0,1.0,1.0,1.0,1.0,1.0,1,0.33763036105839245,31
1635,3,3194,3194,0,0,0,0,1.0,1.0,1.0,1.0,1.0,1,0.26756114980563184,31
1636,2,3196,3196,0,0,0,0,1.0,1.0,1.0,1.0,1.0,1,0.19805636533527116,33
1637,3,3199,3199,0,0,0,0,1.0,1.0,1.0,1.0,1.0,1,0.24533354734098123,33
1638,0,3199,3199,0,0,0,0,1.0,1.0,1.0,1.0,1.0,1,0.2461297744380952,36
1639,3,3202,3202,0,0,0,0,1.0,1.0,1.0,1.0,1.0,1,0.21639441332782489,36
1640,1,3203,3203,0,0,0,0,1.0,1.0,1.0,1.0,1.0,1,0.24183785729091856,36
1641,3,3206,3206,0,0,0,0,1.0,1.0,1.0,1.0,1.0,1,0.24928743880771528,38
1642,1,3207,3207,0,0,0,0,1.0,1.0,1.0,1.0,1.0,1,0.27301472170470653,37
1643,1,3208,3208,0,0,0,0,1.0,1.0,1.0,1.0,1.0,1,0.2935959847388556,37
1644,0,3208,3208,0,0,0,0,1.0,1.0,1.0,1.0,1.0,1,0.28434111319082667,38
1645,0,3208,3208,0,0,0,0,1.0,1.0,1.0,1.0,1.0,1,0.3162054591035922,36
1646,0,3208,3208,0,0,0,0,1.0,1.0,1.0,1.0,1.0,1,0.30383606769189486,37
1647,1,3209,3209,0,0,0,0,1.0,1.0,1.0,1.0,1.0,1,0.3106927357580774,35
1648,0,3209,3209,0,0,0,0,1.0,1.0,1.0,1.0,1.0,1,0.3079930358819235,38
1649,0,3209,3209,0,0,0,0,1.0,1.0,1.0,1.0,1.0,1,0.3336185504895393,35
1650,0,3209,3209,0,0,0,0,1.0,1.0,1.0,1.0,1.0,1,0.3588012367473509,34
1651,0,3209,3209,0,0,0,0,1.0,1.0,1.0,1.0,1.0,1,0.35096898215472927,32
1652,1,3210,3210,0,0,0,0,1.0,1.0,1.0,1.0,1.0,1,0.2940880724050385,33
1653,5,3215,3215,0,0,0,0,1.0,1.0,1.0,1.0,1.0,1,0.2909628226024743,33
1654,0,3215,3215,0,0,0,0,1.0,1.0,1.0,1.0,1.0,1,0.28976395279026324,34
1655,6,3221,3221,0,0,0,0,1.0,1.0,1.0,1.0,1.0,1,0.13731532685050582,35
1656,1,3222,3222,0,0,0,0,1.0,1.0,1.0,1.0,1.0,1,0.1482864633959459,35
1657,6,3228,3228,0,0,0,0,1.0,1.0,1.0,1.0,1.0,1,0.11369197716998271,36
1658,3,3231,3231,0,0,0,0,1.0,1.0,1.0,1.0,1.0,1,0.09792331697102143,36
1659,2,3233,3233,0,0,0,0,1.0,1.0,1.0,1.0,1.0,1,0.1430441556423411,36
1660,2,3235,3235,0,0,0,0,1.0,1.0,1.0,1.0,1.0,1,0.1488945323546145,38
1661,2,3237,3237,0,0,0,0,1.0,1.0,1.0,1.0,1.0,1,0.13400549202312861,38
1662,0,3237,3237,0,0,0,0,1.0,1.0,1.0,1.0,1.0,1,0.11590749839366522,39
1663,0,3237,3237,0,0,0,0,1.0,1.0,1.0,1.0,1.0,1,0.12204383304448185,40
1664,4,3241,3241,0,0,0,0,1.0,1.0,1.0,1.0,1.0,1,0.13330016590894087,39
1665,2,3243,3243,0,0,0,0,1.0,1.0,1.0,1.0,1.0,1,0.11463804713119717,40
1666,1,3244,3244,0,0,0,0,1.0,1.0,1.0,1.0,1.0,1,0.1766187756284259,40
1667,2,3246,3246,0,0,0,0,1.0,1.0,1.0,1.0,1.0,1,0.16094281975914373,40
1668,1,3247,3247,0,0,0,0,1.0,1.0,1.0,1.0,1.0,1,0.1557375106581126,41
1669,4,3251,3251,0,0,0,0,1.0,1.0,1.0,1.0,1.0,1,0.13404635326769243,40
1670,3,3254,3254,0,0,0,0,1.0,1.0,1.0,1.0,1.0,1,0.09442368747031898,40
1671,4,3258,3258,0,0,0,0,1.0,1.0,1.0,1.0,1.0,1,0.04325238266312368,41
1672,3,3261,3261,0,0,0,0,1.0,1.0,1.0,1.0,1.0,1,0.06314698191811309,40
1673,2,3263,3263,0,0,0,0,1.0,1.0,1.0,1.0,1.0,1,0.10088502379812818,39
1674,0,3263,3263,0,0,0,0,1.0,1.0,1.0,1.0,1.0,1,0.09631442832094007,40
1675,4,3267,3267,0,0,0,0,1.0,1.0,1.0,1.0,1.0,1,0.1569139443898453,38
1676,0,3267,3267,0,0,0,0,1.0,1.0,1.0,1.0,1.0,1,0.1494256546380928,39
1677,2,3269,3269,0,0,0,0,1.0,1.0,1.0,1.0,1.0,1,0.16361688562624485,39
1678,1,3270,3270,0,0,0,0,1.0,1.0,1.0,1.0,1.0,1,0.17636110266963417,39
1679,3,3273,3273,0,0,0,0,1.0,1.0,1.0,1.0,1.0,1,0.21630851176275012,39
1680,3,3276,3276,0,0,0,0,1.0,1.0,1.0,1.0,1.0,1,0.2046617408323925,41
1681,2,3278,3278,0,0,0,0,1.0,1.0,1.0,1.0,1.0,1,0.23653178827000348,41
1682,5,3283,3283,0,0,0,0,1.0,1.0,1.0,1.0,1.0,1,0.24075913133327959,43
1683,2,3285,3285,0,0,0,0,1.0,1.0,1.0,1.0,1.0,1,0.1428014609251298,43
1684,2,3287,3287,0,0,0,0,1.0,1.0,1.0,1.0,1.0,1,0.13165441521792545,42
1685,4,3291,3291,0,0,0,0,1.0,1.0,1.0,1.0,1.0,1,0.14383305592493667,41
1686,1,3292,3292,0,0,0,0,1.0,1.0,1.0,1.0,1.0,1,0.15265825402216354,41
1687,2,3294,3294,0,0,0,0,1.0,1.0,1.0,1.0,1.0,1,0.1306742335928813,40
1688,2,3296,3296,0,0,0,0,1.0,1.0,1.0,1.0,1.0,1,0.14226210908212247,39
1689,0,3296,3296,0,0,0,0,1.0,1.0,1.0,1.0,1.0,1,0.15635679951941248,38
1690,0,3296,3296,0,0,0,0,1.0,1.0,1.0,1.0,1.0,1,0.1557542502046202,38
1691,3,3299,3299,0,0,0,0,1.0,1.0,1.0,1.0,1.0,1,0.1973411124615346,36
1692,0,3299,3299,0,0,0,0,1.0,1.0,1.0,1.0,1.0,1,0.1703426655831672,36
1693,1,3300,3300,0,0,0,0,1.0,1.0,1.0,1.0,1.0,1,0.23313448002746753,35
1694,3,3303,3303,0,0,0,0,1.0,1.0,1.0,1.0,1.0,1,0.19772081460220595,33
1695,2,3305,3305,0,0,0,0,1.0,1.0,1.0,1.0,1.0,1,0.18792551252194584,34
1696,2,3307,3307,0,0,0,0,1.0,1.0,1.0,1.0,1.0,1,0.1845208976351007,35
1697,3,3310,3310,0,0,0,0,1.0,1.0,1.0,1.0,1.0,1,0.19478156378625416,36
1698,2,3312,3312,0,0,0,0,1.0,1.0,1.0,1.0,1.0,1,0.20928044529840212,38
1699,1,3313,3313,0,0,0,0,1.0,1.0,1.0,1.0,1.0,1,0.22663688278717883,38
1700,1,3314,3314,0,0,0,0,1.0,1.0,1.0,1.0,1.0,1,0.25108138965005405,39
1701,1,3315,3315,0,0,0,0,1.0,1.0,1.0,1.0,1.0,1,0.2689600663102871,40
1702,0,3315,3315,0,0,0,0,1.0,1.0,1.0,1.0,1.0,1,0.28487043109265886,41
1703,4,3319,3319,0,0,0,0,1.0,1.0,1.0,1.0,1.0,1,0.2876045117884364,41
1704,4,3323,3323,0,0,0,0,1.0,1.0,1.0,1.0,1.0,1,0.18033342069349273,41
1705,4,3327,3327,0,0,0,0,1.0,1.0,1.0,1.0,1.0,1,0.16611947159349827,40
1706,3,3330,3330,0,0,0,0,1.0,1.0,1.0,1.0,1.0,1,0.15011350629822656,40
1707,5,3335,3335,0,0,0,0,1.0,1.0,1.0,1.0,1.0,1,0.12482936000145618,39
1708,2,3337,3337,0,0,0,0,1.0,1.0,1.0,1.0,1.0,1,0.09044455258664542,39
1709,4,3341,3341,0,0,0,0,1.0,1.0,1.0,1.0,1.0,1,0.1602091518555665,38
1710,4,3345,3345,0,0,0,0,1.0,1.0,1.0,1.0,1.0,1,0.22049387119129407,39
1711,0,3345,3345,0,0,0,0,1.0,1.0,1.0,1.0,1.0,1,0.2371382092885253,38
1712,3,3348,3348,0,0,0,0,1.0,1.0,1.0,1.0,1.0,1,0.27964584224491706,38
1713,2,3350,3350,0,0,0,0,1.0,1.0,1.0,1.0,1.0,1,0.2802742752500868,37
1714,0,3350,3350,0,0,0,0,1.0,1.0,1.0,1.0,1.0,1,0.24333262866106564,38
1715,2,3352,3352,0,0,0,0,1.0,1.0,1.0,1.0,1.0,1,0.21347787596347892,40
1716,0,3352,3352,0,0,0,0,1.0,1.0,1.0,1.0,1.0,1,0.2230412393717973,39
1717,1,3353,3353,0,0,0,0,1.0,1.0,1.0,1.0,1.0,1,0.22857228920587178,38
1718,0,3353,3353,0,0,0,0,1.0,1.0,1.0,1.0,1.0,1,0.2532376198185512,38
1719,1,3354,3354,0,0,0,0,1.0,1.0,1.0,1.0,1.0,1,0.30618304120808765,38
1720,1,3355,3355,0,0,0,0,1.0,1.0,1.0,1.0,1.0,1,0.27598025833748246,41
1721,0,3355,3355,0,0,0,0,1.0,1.0,1.0,1.0,1.0,1,0.24827834123501458,39
1722,1,3356,3356,0,0,0,0,1.0,1.0,1.0,1.0,1.0,1,0.2248069038655882,40
1723,0,3356,3356,0,0,0,0,1.0,1.0,1.0,1.0,1.0,1,0.20281523231007575,38
1724,1,3357,3357,0,0,0,0,1.0,1.0,1.0,1.0,1.0,1,0.1839648795394268,37
1725,0,3357,3357,0,0,0,0,1.0,1.0,1.0,1.0,1.0,1,0.17072579999430415,38
1726,3,3360,3360,0,0,0,0,1.0,1.0,1.0,1.0,1.0,1,0.22795209830342653,37
1727,0,3360,3360,0,0,0,0,1.0,1.0,1.0,1.0,1.0,1,0.22795209830342653,37
1728,4,3364,3364,0,0,0,0,1.0,1.0,1.0,1.0,1.0,1,0.2617237733805138,35
1729,0,3364,3364,0,0,0,0,1.0,1.0,1.0,1.0,1.0,1,0.2306150773142844,37
1730,1,3365,3365,0,0,0,0,1.0,1.0,1.0,1.0,1.0,1,0.21036963834911368,37
1731,2,3367,3367,0,0,0,0,1.0,1.0,1.0,1.0,1.0,1,0.2224564938830644,37
1732,2,3369,3369,0,0,0,0,1.0,1.0,1.0,1.0,1.0,1,0.2533121725320572,37
1733,1,3370,3370,0,0,0,0,1.0,1.0,1.0,1.0,1.0,1,0.22295189739121024,36
1734,5,3375,3375,0,0,0,0,1.0,1.0,1.0,1.0,1.0,1,0.20146600813892404,35
1735,3,3378,3378,0,0,0,0,1.0,1.0,1.0,1.0,1.0,1,0.19045302776484763,34
1736,4,3382,3382,0,0,0,0,1.0,1.0,1.0,1.0,1.0,1,0.134384428577741,35
1737,4,3386,3386,0,0,0,0,1.0,1.0,1.0,1.0,1.0,1,0.2067151595584049,36
1738,2,3388,3388,0,0,0,0,1.0,1.0,1.0,1.0,1.0,1,0.18717852562325973,37
1739,6,3394,3394,0,0,0,0,1.0,1.0,1.0,1.0,1.0,1,0.324750376561318,38
1740,1,3395,3395,0,0,0,0,1.0,1.0,1.0,1.0,1.0,1,0.2889472582486995,37
1741,1,3396,3396,0,0,0,0,1.0,1.0,1.0,1.0,1.0,1,0.309861222904775,38
1742,3,3399,3399,0,0,0,0,1.0,1.0,1.0,1.0,1.0,1,0.32537619258685363,39
1743,2,3401,3401,0,0,0,0,1.0,1.0,1.0,1.0,1.0,1,0.3398613829924878,37
1744,3,3404,3404,0,0,0,0,1.0,1.0,1.0,1.0,1.0,1,0.29197341482406897,38
1745,1,3405,3405,0,0,0,0,1.0,1.0,1.0,1.0,1.0,1,0.26801462886488736,37
1746,1,3406,3406,0,0,0,0,1.0,1.0,1.0,1.0,1.0,1,0.22912688838244283,38
1747,0,3406,3406,0,0,0,0,1.0,1.0,1.0,1.0,1.0,1,0.23869760146818694,38
1748,1,3407,3407,0,0,0,0,1.0,1.0,1.0,1.0,1.0,1,0.2172263744165957,38
1749,0,3407,3407,0,0,0,0,1.0,1.0,1.0,1.0,1.0,1,0.23706461982217925,37
1750,2,3409,3409,0,0,0,0,1.0,1.0,1.0,1.0,1.0,1,0.2407445285924141,39
1751,1,3410,3410,0,0,0,0,1.0,1.0,1.0,1.0,1.0,1,0.25397901785173904,38
1752,0,3410,3410,0,0,0,0,1.0,1.0,1.0,1.0,1.0,1,0.2659500102566317,39
1753,3,3413,3413,0,0,0,0,1.0,1.0,1.0,1.0,1.0,1,0.23202174579347948,40
1754,1,3414,3414,0,0,0,0,1.0,1.0,1.0,1.0,1.0,1,0.20719703786486388,41
1755,1,3415,3415,0,0,0,0,1.0,1.0,1.0,1.0,1.0,1,0.19670705151651033,41
1756,1,3416,3416,0,0,0,0,1.0,1.0,1.0,1.0,1.0,1,0.21630519995536268,42
1757,4,3420,3420,0,0,0,0,1.0,1.0,1.0,1.0,1.0,1,0.20887341069120519,42
1758,3,3423,3423,0,0,0,0,1.0,1.0,1.0,1.0,1.0,1,0.17926938122102712,42
1759,5,3428,3428,0,0,0,0,1.0,1.0,1.0,1.0,1.0,1,0.23073748709323835,39
1760,1,3429,3429,0,0,0,0,1.0,1.0,1.0,1.0,1.0,1,0.20957705827217663,39
1761,4,3433,3433,0,0,0,0,1.0,1.0,1.0,1.0,1.0,1,0.11841359461207752,38
1762,2,3435,3435,0,0,0,0,1.0,1.0,1.0,1.0,1.0,1,0.08588639489279448,37
1763,3,3438,3438,0,0,0,0,1.0,1.0,1.0,1.0,1.0,1,0.09213748861591832,37
1764,1,3439,3439,0,0,0,0,1.0,1.0,1.0,1.0,1.0,1,0.09196914983366698,36
1765,2,3441,3441,0,0,0,0,1.0,1.0,1.0,1.0,1.0,1,0.15930336698617625,37
1766,1,3442,3442,0,0,0,0,1.0,1.0,1.0,1.0,1.0,1,0.20457374391283353,36
1767,1,3443,3443,0,0,0,0,1.0,1.0,1.0,1.0,1.0,1,0.22910516451702878,36
1768,1,3444,3444,0,0,0,0,1.0,1.0,1.0,1.0,1.0,1,0.2634436432418474,36
1769,0,3444,3444,0,0,0,0,1.0,1.0,1.0,1.0,1.0,1,0.2626540136186822,38
1770,1,3445,3445,0,0,0,0,1.0,1.0,1.0,1.0,1.0,1,0.29602417156003447,38
1771,4,3449,3449,0,0,0,0,1.0,1.0,1.0,1.0,1.0,1,0.20507576443346762,38
1772,1,3450,3450,0,0,0,0,1.0,1.0,1.0,1.0,1.0,1,0.15470963553729997,40
1773,5,3455,3455,0,0,0,0,1.0,1.0,1.0,1.0,1.0,1,0.2103138812531854,40
1774,1,3456,3456,0,0,0,0,1.0,1.0,1.0,1.0,1.0,1,0.18856405932427506,40
1775,3,3459,3459,0,0,0,0,1.0,1.0,1.0,1.0,1.0,1,0.20584997641493702,41
1776,1,3460,3460,0,0,0,0,1.0,1.0,1.0,1.0,1.0,1,0.16509655987670516,43
1777,3,3463,3463,0,0,0,0,1.0,1.0,1.0,1.0,1.0,1,0.15802317930411058,44
1778,2,3465,3465,0,0,0,0,1.0,1.0,1.0,1.0,1.0,1,0.15839087452711967,44
1779,2,3467,3467,0,0,0,0,1.0,1.0,1.0,1.0,1.0,1,0.19359523817056812,44
1780,0,3467,3467,0,0,0,0,1.0,1.0,1.0,1.0,1.0,1,0.19571158027823798,46
1781,1,3468,3468,0,0,0,0,1.0,1.0,1.0,1.0,1.0,1,0.17683009178155387,46
1782,1,3469,3469,0,0,0,0,1.0,1.0,1.0,1.0,1.0,1,0.21438803664530062,45
1783,1,3470,3470,0,0,0,0,1.0,1.0,1.0,1.0,1.0,1,0.19494441184927414,44
1784,2,3472,3472,0,0,0,0,1.0,1.0,1.0,1.0,1.0,1,0.17936340150404412,44
1785,1,3473,3473,0,0,0,0,1.0,1.0,1.0,1.0,1.0,1,0.19339228499070568,42
1786,3,3476,3476,0,0,0,0,1.0,1.0,1.0,1.0,1.0,1,0.17872425184957688,42
1787,1,3477,3477,0,0,0,0,1.0,1.0,1.0,1.0,1.0,1,0.194953465782613,41
1788,4,3481,3481,0,0,0,0,1.0,1.0,1.0,1.0,1.0,1,0.14719730322882826,41
1789,5,3486,3486,0,0,0,0,1.0,1.0,1.0,1.0,1.0,1,0.150544190932548,41
1790,2,3488,3488,0,0,0,0,1.0,1.0,1.0,1.0,1.0,1,0.18792739967695135,41
1791,4,3492,3492,0,0,0,0,1.0,1.0,1.0,1.0,1.0,1,0.18972601925634294,41
1792,3,3495,3495,0,0,0,0,1.0,1.0,1.0,1.0,1.0,1,0.1677599915874469,43
1793,1,3496,3496,0,0,0,0,1.0,1.0,1.0,1.0,1.0,1,0.15906132162157016,43
1794,0,3496,3496,0,0,0,0,1.0,1.0,1.0,1.0,1.0,1,0.17118291618335355,41
1795,2,3498,3498,0,0,0,0,1.0,1.0,1.0,1.0,1.0,1,0.1824038877125981,41
1796,2,3500,3500,0,0,0,0,1.0,1.0,1.0,1.0,1.0,1,0.19681872829530053,40
1797,0,3500,3500,0,0,0,0,1.0,1.0,1.0,1.0,1.0,1,0.17040382284911493,38
1798,2,3502,3502,0,0,0,0,1.0,1.0,1.0,1.0,1.0,1,0.23061527226354248,38
1799,2,3504,3504,0,0,0,0,1.0,1.0,1.0,1.0,1.0,1,0.30178535028805775,37
1800,2,3506,3506,0,0,0,0,1.0,1.0,1.0,1.0,1.0,1,0.2281503857769138,35
1801,1,3507,3507,0,0,0,0,1.0,1.0,1.0,1.0,1.0,1,0.2827844584250554,34
1802,2,3509,3509,0,0,0,0,1.0,1.0,1.0,1.0,1.0,1,0.2716901647777712,33
1803,3,3512,3512,0,0,0,0,1.0,1.0,1.0,1.0,1.0,1,0.2687759115194753,33
1804,2,3514,3514,0,0,0,0,1.0,1.0,1.0,1.0,1.0,1,0.2665257474937415,33
1805,5,3519,3519,0,0,0,0,1.0,1.0,1.0,1.0,1.0,1,0.2227181381055546,35
1806,2,3521,3521,0,0,0,0,1.0,1.0,1.0,1.0,1.0,1,0.19184045889205564,36
1807,5,3526,3526,0,0,0,0,1.0,1.0,1.0,1.0,1.0,1,0.1294432037935219,35
1808,0,3526,3526,0,0,0,0,1.0,1.0,1.0,1.0,1.0,1,0.10376929425608544,37
1809,3,3529,3529,0,0,0,0,1.0,1.0,1.0,1.0,1.0,1,0.14418449268541955,35
1810,1,3530,3530,0,0,0,0,1.0,1.0,1.0,1.0,1.0,1,0.18123024086017095,36
1811,2,3532,3532,0,0,0,0,1.0,1.0,1.0,1.0,1.0,1,0.24751318242429673,34
1812,1,3533,3533,0,0,0,0,1.0,1.0,1.0,1.0,1.0,1,0.2823216199133406,36
1813,3,3536,3536,0,0,0,0,1.0,1.0,1.0,1.0,1.0,1,0.30012077832098444,35
1814,3,3539,3539,0,0,0,0,1.0,1.0,1.0,1.0,1.0,1,0.2685552122056419,36
1815,4,3543,3543,0,0,0,0,1.0,1.0,1.0,1.0,1.0,1,0.2635388570825749,35
1816,1,3544,3544,0,0,0,0,1.0,1.0,1.0,1.0,1.0,1,0.24641062015359078,35
1817,2,3546,3546,0,0,0,0,1.0,1.0,1.0,1.0,1.0,1,0.19813823517132143,35
1818,2,3548,3548,0,0,0,0,1.0,1.0,1.0,1.0,1.0,1,0.2337697846308248,36
1819,2,3550,3550,0,0,0,0,1.0,1.0,1.0,1.0,1.0,1,0.23230166266436375,37
1820,1,3551,3551,0,0,0,0,1.0,1.0,1.0,1.0,1.0,1,0.26346690071930556,37
1821,1,3552,3552,0,0,0,0,1.0,1.0,1.0,1.0,1.0,1,0.25817012936716227,38
1822,2,3554,3554,0,0,0,0,1.0,1.0,1.0,1.0,1.0,1,0.24583964466474814,37
1823,0,3554,3554,0,0,0,0,1.0,1.0,1.0,1.0,1.0,1,0.26161242698472076,36
1824,2,3556,3556,0,0,0,0,1.0,1.0,1.0,1.0,1.0,1,0.23195290034669777,36
1825,1,3557,3557,0,0,0,0,1.0,1.0,1.0,1.0,1.0,1,0.15792491504532644,34
1826,1,3558,3558,0,0,0,0,1.0,1.0,1.0,1.0,1.0,1,0.1546512751374472,35
1827,2,3560,3560,0,0,0,0,1.0,1.0,1.0,1.0,1.0,1,0.12902275475554842,34
1828,0,3560,3560,0,0,0,0,1.0,1.0,1.0,1.0,1.0,1,0.12454390955370995,33
1829,2,3562,3562,0,0,0,0,1.0,1.0,1.0,1.0,1.0,1,0.06499937408072999,31
1830,1,3563,3563,0,0,0,0,1.0,1.0,1.0,1.0,1.0,1,0.13481243568462076,31
1831,1,3564,3564,0,0,0,0,1.0,1.0,1.0,1.0,1.0,1,0.15419471070892699,30
1832,1,3565,3565,0,0,0,0,1.0,1.0,1.0,1.0,1.0,1,0.20208637390921422,29
1833,3,3568,3568,0,0,0,0,1.0,1.0,1.0,1.0,1.0,1,0.20063972030692176,28
1834,1,3569,3569,0,0,0,0,1.0,1.0,1.0,1.0,1.0,1,0.19638170740060232,27
1835,2,3571,3571,0,0,0,0,1.0,1.0,1.0,1.0,1.0,1,0.1791998092815819,26
1836,2,3573,3573,0,0,0,0,1.0,1.0,1.0,1.0,1.0,1,0.22168073802191707,26
1837,1,3574,3574,0,0,0,0,1.0,1.0,1.0,1.0,1.0,1,0.20939003390358826,25
1838,1,3575,3575,0,0,0,0,1.0,1.0,1.0,1.0,1.0,1,0.1678599090807642,25
1839,4,3579,3579,0,0,0,0,1.0,1.0,1.0,1.0,1.0,1,0.2524430503730431,24
1840,3,3582,3582,0,0,0,0,1.0,1.0,1.0,1.0,1.0,1,0.2166876788454266,23
1841,3,3585,3585,0,0,0,0,1.0,1.0,1.0,1.0,1.0,1,0.435114943442873,22
1842,3,3588,3588,0,0,0,0,1.0,1.0,1.0,1.0,1.0,1,0.41065620465917435,23
1843,3,3591,3591,0,0,0,0,1.0,1.0,1.0,1.0,1.0,1,0.3970150291466807,23
1844,2,3593,3593,0,0,0,0,1.0,1.0,1.0,1.0,1.0,1,0.34323800901640905,23
1845,0,3593,3593,0,0,0,0,1.0,1.0,1.0,1.0,1.0,1,0.34323800901640905,23
1846,2,3595,3595,0,0,0,0,1.0,1.0,1.0,1.0,1.0,1,0.29516831332701043,23
1847,1,3596,3596,0,0,0,0,1.0,1.0,1.0,1.0,1.0,1,0.23910736930329313,24
1848,0,3596,3596,0,0,0,0,1.0,1.0,1.0,1.0,1.0,1,0.23910736930329313,24
1849,0,3596,3596,0,0,0,0,1.0,1.0,1.0,1.0,1.0,1,0.19724652546987637,25
1850,1,3597,3597,0,0,0,0,1.0,1.0,1.0,1.0,1.0,1,0.17539428446843702,25
1851,0,3597,3597,0,0,0,0,1.0,1.0,1.0,1.0,1.0,1,0.17539428446843702,25
1852,0,3597,3597,0,0,0,0,1.0,1.0,1.0,1.0,1.0,1,0.17539428446843702,25
1853,0,3597,3597,0,0,0,0,1.0,1.0,1.0,1.0,1.0,1,0.20257936671760055,25
1854,0,3597,3597,0,0,0,0,1.0,1.0,1.0,1.0,1.0,1,0.20257936671760055,25
1855,0,3597,3597,0,0,0,0,1.0,1.0,1.0,1.0,1.0,1,0.22263509173926987,26
1856,0,3597,3597,0,0,0,0,1.0,1.0,1.0,1.0,1.0,1,0.22364362222709333,27
1857,2,3599,3599,0,0,0,0,1.0,1.0,1.0,1.0,1.0,1,0.22685326194283809,28
1858,1,3600,3600,0,0,0,0,1.0,1.0,1.0,1.0,1.0,1,0.24284605526776326,28
1859,0,3600,3600,0,0,0,0,1.0,1.0,1.0,1.0,1.0,1,0.24284605526776326,28
1860,0,3600,3600,0,0,0,0,1.0,1.0,1.0,1.0,1.0,1,0.24284605526776326,28
1861,2,3602,3602,0,0,0,0,1.0,1.0,1.0,1.0,1.0,1,0.25494025467784676,28
1862,0,3602,3602,0,0,0,0,1.0,1.0,1.0,1.0,1.0,1,0.25494025467784676,28
1863,1,3603,3603,0,0,0,0,1.0,1.0,1.0,1.0,1.0,1,0.27224547106049407,29
1864,1,3604,3604,0,0,0,0,1.0,1.0,1.0,1.0,1.0,1,0.24892831402735222,27
1865,2,3606,3606,0,0,0,0,1.0,1.0,1.0,1.0,1.0,1,0.1271190600700168,26
1866,0,3606,3606,0,0,0,0,1.0,1.0,1.0,1.0,1.0,1,0.1271190600700168,26
1867,0,3606,3606,0,0,0,0,1.0,1.0,1.0,1.0,1.0,1,0.1271190600700168,26
1868,2,3608,3608,0,0,0,0,1.0,1.0,1.0,1.0,1.0,1,0.147184328828641,26
1869,0,3608,3608,0,0,0,0,1.0,1.0,1.0,1.0,1.0,1,0.147184328828641,26
1870,1,3609,3609,0,0,0,0,1.0,1.0,1.0,1.0,1.0,1,0.10947415207923411,27
1871,0,3609,3609,0,0,0,0,1.0,1.0,1.0,1.0,1.0,1,0.10947415207923411,27
1872,0,3609,3609,0,0,0,0,1.0,1.0,1.0,1.0,1.0,1,0.1466214433420909,25
1873,3,3612,3612,0,0,0,0,1.0,1.0,1.0,1.0,1.0,1,0.2463503688972129,25
1874,1,3613,3613,0,0,0,0,1.0,1.0,1.0,1.0,1.0,1,0.27840351332085944,25
1875,2,3615,3615,0,0,0,0,1.0,1.0,1.0,1.0,1.0,1,0.3573915016632342,25
1876,0,3615,3615,0,0,0,0,1.0,1.0,1.0,1.0,1.0,1,0.3173409843292772,26
1877,0,3615,3615,0,0,0,0,1.0,1.0,1.0,1.0,1.0,1,0.2916855147109735,27
1878,0,3615,3615,0,0,0,0,1.0,1.0,1.0,1.0,1.0,1,0.28971568029086675,28
1879,2,3617,3617,0,0,0,0,1.0,1.0,1.0,1.0,1.0,1,0.2837295924812831,29
1880,1,3618,3618,0,0,0,0,1.0,1.0,1.0,1.0,1.0,1,0.2670797498208126,29
1881,0,3618,3618,0,0,0,0,1.0,1.0,1.0,1.0,1.0,1,0.2670797498208126,29
1882,2,3620,3620,0,0,0,0,1.0,1.0,1.0,1.0,1.0,1,0.35696903167481797,28
1883,0,3620,3620,0,0,0,0,1.0,1.0,1.0,1.0,1.0,1,0.35696903167481797,28
1884,2,3622,3622,0,0,0,0,1.0,1.0,1.0,1.0,1.0,1,0.41324871859591134,28
1885,1,3623,3623,0,0,0,0,1.0,1.0,1.0,1.0,1.0,1,0.37968832915733247,28
1886,1,3624,3624,0,0,0,0,1.0,1.0,1.0,1.0,1.0,1,0.31995085575789706,29
1887,1,3625,3625,0,0,0,0,1.0,1.0,1.0,1.0,1.0,1,0.35091756017859815,29
1888,1,3626,3626,0,0,0,0,1.0,1.0,1.0,1.0,1.0,1,0.300274451975652,31
1889,1,3627,3627,0,0,0,0,1.0,1.0,1.0,1.0,1.0,1,0.2716043212384057,31
1890,0,3627,3627,0,0,0,0,1.0,1.0,1.0,1.0,1.0,1,0.2716043212384057,31
1891,0,3627,3627,0,0,0,0,1.0,1.0,1.0,1.0,1.0,1,0.28565048811941085,32
1892,0,3627,3627,0,0,0,0,1.0,1.0,1.0,1.0,1.0,1,0.28565048811941085,32
1893,0,3627,3627,0,0,0,0,1.0,1.0,1.0,1.0,1.0,1,0.28565048811941085,32
1894,0,3627,3627,0,0,0,0,1.0,1.0,1.0,1.0,1.0,1,0.26581099791640295,33
1895,0,3627,3627,0,0,0,0,1.0,1.0,1.0,1.0,1.0,1,0.2746020781161455,35
1896,0,3627,3627,0,0,0,0,1.0,1.0,1.0,1.0,1.0,1,0.2984617737914407,34
1897,1,3628,3628,0,0,0,0,1.0,1.0,1.0,1.0,1.0,1,0.2969144862236507,34
1898,0,3628,3628,0,0,0,0,1.0,1.0,1.0,1.0,1.0,1,0.2969144862236507,34
1899,2,3630,3630,0,0,0,0,1.0,1.0,1.0,1.0,1.0,1,0.3499935581617718,34
1900,1,3631,3631,0,0,0,0,1.0,1.0,1.0,1.0,1.0,1,0.29235138372622205,35
1901,0,3631,3631,0,0,0,0,1.0,1.0,1.0,1.0,1.0,1,0.29235138372622205,35
1902,0,3631,3631,0,0,0,0,1.0,1.0,1.0,1.0,1.0,1,0.29235138372622205,35
1903,1,3632,3632,0,0,0,0,1.0,1.0,1.0,1.0,1.0,1,0.27793207884489946,35
1904,0,3632,3632,0,0,0,0,1.0,1.0,1.0,1.0,1.0,1,0.27793207884489946,35
1905,0,3632,3632,0,0,0,0,1.0,1.0,1.0,1.0,1.0,1,0.2421730324919325,37
1906,0,3632,3632,0,0,0,0,1.0,1.0,1.0,1.0,1.0,1,0.2421730324919325,37
1907,3,3635,3635,0,0,0,0,1.0,1.0,1.0,1.0,1.0,1,0.2911841416071555,39
1908,0,3635,3635,0,0,0,0,1.0,1.0,1.0,1.0,1.0,1,0.2911841416071555,39
1909,3,3638,3638,0,0,0,0,0.9873796392120813,0.9764802367134242,0.9873796392120813,0.9764802367134242,1.0,1,0.3068337380646742,41
1910,3,3641,3641,0,0,0,0,1.0,1.0,1.0,1.0,1.0,1,0.30642704644229096,41
1911,1,3642,3642,0,0,0,0,1.0,1.0,1.0,1.0,1.0,1,0.29718340896272577,40
1912,6,3648,3648,0,0,0,0,0.9826154332001076,0.9691819043092816,0.9826154332001076,0.9691819043092816,1.0,1,0.37313378505919154,39
1913,1,3649,3649,0,0,0,0,1.0,1.0,1.0,1.0,1.0,1,0.35828430554152363,40
1914,4,3653,3653,0,0,0,0,1.0,1.0,1.0,1.0,1.0,1,0.3267837789609171,41
1915,0,3653,3653,0,0,0,0,1.0,1.0,1.0,1.0,1.0,1,0.32913615072867464,42
1916,3,3656,3656,0,0,0,0,1.0,1.0,1.0,1.0,1.0,1,0.3113261776298484,42
1917,0,3656,3656,0,0,0,0,1.0,1.0,1.0,1.0,1.0,1,0.328480566410956,41
1918,2,3658,3658,0,0,0,0,1.0,1.0,1.0,1.0,1.0,1,0.29326491675715344,38
1919,0,3658,3658,0,0,0,0,1.0,1.0,1.0,1.0,1.0,1,0.3316060426925507,38
1920,3,3661,3661,0,0,0,0,1.0,1.0,1.0,1.0,1.0,1,0.32693221695749863,38
1921,3,3664,3664,0,0,0,0,1.0,1.0,1.0,1.0,1.0,1,0.28802783652635966,39
1922,1,3665,3665,0,0,0,0,1.0,1.0,1.0,1.0,1.0,1,0.2926218960703438,40
1923,3,3668,3668,0,0,0,0,1.0,1.0,1.0,1.0,1.0,1,0.21271027730286682,41
1924,4,3672,3672,0,0,0,0,1.0,1.0,1.0,1.0,1.0,1,0.20639547178621134,41
1925,3,3675,3675,0,0,0,0,1.0,1.0,1.0,1.0,1.0,1,0.16254483687331248,41
1926,2,3677,3677,0,0,0,0,1.0,1.0,1.0,1.0,1.0,1,0.12436420064956194,41
1927,2,3679,3679,0,0,0,0,1.0,1.0,1.0,1.0,1.0,1,0.1536772821941677,41
1928,0,3679,3679,0,0,0,0,1.0,1.0,1.0,1.0,1.0,1,0.16242557365326263,42
1929,0,3679,3679,0,0,0,0,1.0,1.0,1.0,1.0,1.0,1,0.19215946019493396,41
1930,1,3680,3680,0,0,0,0,1.0,1.0,1.0,1.0,1.0,1,0.20807670884016288,41
1931,0,3680,3680,0,0,0,0,1.0,1.0,1.0,1.0,1.0,1,0.20807670884016288,41
1932,1,3681,3681,0,0,0,0,1.0,1.0,1.0,1.0,1.0,1,0.23403373063270788,41
1933,0,3681,3681,0,0,0,0,1.0,1.0,1.0,1.0,1.0,1,0.2356746627104207,43
1934,4,3685,3685,0,0,0,0,1.0,1.0,1.0,1.0,1.0,1,0.15508413340205549,44
1935,1,3686,3686,0,0,0,0,1.0,1.0,1.0,1.0,1.0,1,0.11780449947620118,45
1936,0,3686,3686,0,0,0,0,1.0,1.0,1.0,1.0,1.0,1,0.1109791849525363,48
1937,2,3688,3688,0,0,0,0,1.0,1.0,1.0,1.0,1.0,1,0.1303758838071033,48
1938,0,3688,3688,0,0,0,0,1.0,1.0,1.0,1.0,1.0,1,0.1303758838071033,48
1939,1,3689,3689,0,0,0,0,1.0,1.0,1.0,1.0,1.0,1,0.13258075968433697,48
1940,2,3691,3691,0,0,0,0,1.0,1.0,1.0,1.0,1.0,1,0.12593290447995031,48
1941,4,3695,3695,0,0,0,0,1.0,1.0,1.0,1.0,1.0,1,0.11045272347233226,48
1942,1,3696,3696,0,0,0,0,1.0,1.0,1.0,1.0,1.0,1,0.1503529944844238,49
1943,5,3701,3701,0,0,0,0,1.0,1.0,1.0,1.0,1.0,1,0.1758400176713104,48
1944,0,3701,3701,0,0,0,0,1.0,1.0,1.0,1.0,1.0,1,0.1994724209549003,47
1945,5,3706,3706,0,0,0,0,1.0,1.0,1.0,1.0,1.0,1,0.2740557175458909,46
1946,1,3707,3707,0,0,0,0,0.975289601685437,0.9526384032304209,0.975289601685437,0.9526384032304209,1.0,1,0.3125954853153614,46
1947,2,3709,3709,0,0,0,0,0.9370414472550661,0.8866746050591189,0.9370414472550661,0.8866746050591189,1.0,1,0.36226249663090104,45
1948,2,3711,3711,0,0,0,0,0.9667838378335887,0.9363356891810448,0.9667838378335887,0.9363356891810448,1.0,1,0.2900601967090043,46
1949,1,3712,3712,0,0,0,0,0.9445375897716679,0.9068231508164022,0.9445375897716679,0.9068231508164022,1.0,1,0.33250450748367033,42
1950,1,3713,3713,0,0,0,0,0.9723002134486641,0.9538336890811071,0.9723002134486641,0.9538336890811071,1.0,1,0.32502900275134294,40
1951,1,3714,3714,0,0,0,0,0.9360630719889764,0.9002583923028035,0.9360630719889764,0.9002583923028035,1.0,1,0.36195952766195055,39
1952,2,3716,3716,0,0,0,0,0.9917797978268394,0.9874909966930164,0.9917797978268394,0.9874909966930164,1.0,1,0.3802937795547305,35
1953,2,3718,3718,0,0,0,0,1.0,1.0,1.0,1.0,1.0,1,0.34375319657039105,36
1954,2,3720,3720,0,0,0,0,1.0,1.0,1.0,1.0,1.0,1,0.3652728183075249,34
1955,2,3722,3722,0,0,0,0,1.0,1.0,1.0,1.0,1.0,1,0.308117784792328,35
1956,3,3725,3725,0,0,0,0,1.0,1.0,1.0,1.0,1.0,1,0.3283624028096798,37
1957,1,3726,3726,0,0,0,0,1.0,1.0,1.0,1.0,1.0,1,0.3460598622953122,37
1958,0,3726,3726,0,0,0,0,1.0,1.0,1.0,1.0,1.0,1,0.3302399646307126,39
1959,3,3729,3729,0,0,0,0,1.0,1.0,1.0,1.0,1.0,1,0.29769295695535264,41
1960,2,3731,3731,0,0,0,0,1.0,1.0,1.0,1.0,1.0,1,0.2848135914159789,40
1961,0,3731,3731,0,0,0,0,1.0,1.0,1.0,1.0,1.0,1,0.26701756780853136,41
1962,2,3733,3733,0,0,0,0,1.0,1.0,1.0,1.0,1.0,1,0.289311711019755,40
1963,1,3734,3734,0,0,0,0,1.0,1.0,1.0,1.0,1.0,1,0.24591450099325932,41
1964,2,3736,3736,0,0,0,0,1.0,1.0,1.0,1.0,1.0,1,0.22794089280075058,40
1965,2,3738,3738,0,0,0,0,1.0,1.0,1.0,1.0,1.0,1,0.20175813909324353,41
1966,1,3739,3739,0,0,0,0,1.0,1.0,1.0,1.0,1.0,1,0.19301362814087772,41
1967,3,3742,3742,0,0,0,0,1.0,1.0,1.0,1.0,1.0,1,0.14092196985093836,42
1968,1,3743,3743,0,0,0,0,1.0,1.0,1.0,1.0,1.0,1,0.1679165885508598,42
1969,2,3745,3745,0,0,0,0,1.0,1.0,1.0,1.0,1.0,1,0.14665757269889199,43
1970,0,3745,3745,0,0,0,0,1.0,1.0,1.0,1.0,1.0,1,0.17500193721380064,42
1971,2,3747,3747,0,0,0,0,1.0,1.0,1.0,1.0,1.0,1,0.17814887462915788,42
1972,1,3748,3748,0,0,0,0,1.0,1.0,1.0,1.0,1.0,1,0.21291506036252963,42
1973,2,3750,3750,0,0,0,0,1.0,1.0,1.0,1.0,1.0,1,0.19198517569827556,43
1974,2,3752,3752,0,0,0,0,1.0,1.0,1.0,1.0,1.0,1,0.1967917358673272,43
1975,6,3758,3758,0,0,0,0,1.0,1.0,1.0,1.0,1.0,1,0.1550828309203206,43
1976,2,3760,3760,0,0,0,0,1.0,1.0,1.0,1.0,1.0,1,0.2160296237411579,43
1977,4,3764,3764,0,0,0,0,1.0,1.0,1.0,1.0,1.0,1,0.23165138139184394,48
1978,0,3764,3764,0,0,0,0,1.0,1.0,1.0,1.0,1.0,1,0.23165138139184394,48
1979,2,3766,3766,0,0,0,0,0.9900587516691912,0.9778581287177439,0.9900587516691912,0.9778581287177439,1.0,1,0.23424070876728315,49
1980,2,3768,3768,0,0,0,0,0.9635221690211199,0.9207003674372174,0.9635221690211199,0.9207003674372174,1.0,1,0.2636873621539525,50
1981,0,3768,3768,0,0,0,0,0.9635221690211201,0.9207003674372174,0.9635221690211201,0.9207003674372174,1.0,1,0.2636873621539525,50
1982,2,3770,3770,0,0,0,0,0.9468217964519031,0.889212075941465,0.9468217964519031,0.889212075941465,1.0,1,0.29021808640992147,50
1983,3,3773,3773,0,0,0,0,0.9688592397504933,0.9336566412075726,0.9688592397504933,0.9336566412075726,1.0,1,0.28647320018718303,49
1984,1,3774,3774,0,0,0,0,0.9887563638327433,0.9754684301805308,0.9887563638327433,0.9754684301805308,1.0,1,0.2494736780634413,48
1985,4,3778,3778,0,0,0,0,1.0,1.0,1.0,1.0,1.0,1,0.2604458427349971,46
1986,0,3778,3778,0,0,0,0,1.0,1.0,1.0,1.0,1.0,1,0.2604458427349971,46
1987,3,3781,3781,0,0,0,0,1.0,1.0,1.0,1.0,1.0,1,0.30677763124199986,42
1988,3,3784,3784,0,0,0,0,1.0,1.0,1.0,1.0,1.0,1,0.30399223818159815,40
1989,1,3785,3785,0,0,0,0,1.0,1.0,1.0,1.0,1.0,1,0.2938263501941248,38
1990,3,3788,3788,0,0,0,0,1.0,1.0,1.0,1.0,1.0,1,0.2977186140639748,38
1991,2,3790,3790,0,0,0,0,1.0,1.0,1.0,1.0,1.0,1,0.28562349612108523,38
1992,1,3791,3791,0,0,0,0,1.0,1.0,1.0,1.0,1.0,1,0.289318751923608,39
1993,0,3791,3791,0,0,0,0,1.0,1.0,1.0,1.0,1.0,1,0.31281350905109334,38
1994,3,3794,3794,0,0,0,0,1.0,1.0,1.0,1.0,1.0,1,0.24602822669772084,37
1995,1,3795,3795,0,0,0,0,1.0,1.0,1.0,1.0,1.0,1,0.24901238282398197,37
1996,3,3798,3798,0,0,0,0,1.0,1.0,1.0,1.0,1.0,1,0.22448095275895777,37
1997,1,3799,3799,0,0,0,0,1.0,1.0,1.0,1.0,1.0,1,0.23001512399212443,35
1998,2,3801,3801,0,0,0,0,1.0,1.0,1.0,1.0,1.0,1,0.26881682321898237,34
1999,2,3803,3803,0,0,0,0,1.0,1.0,1.0,1.0,1.0,1,0.21284184738170228,35
2000,3,3806,3806,0,0,0,0,1.0,1.0,1.0,1.0,1.0,1,0.21756232271316947,34
2001,3,3809,3809,0,0,0,0,1.0,1.0,1.0,1.0,1.0,1,0.18481789093510897,35
2002,2,3811,3811,0,0,0,0,1.0,1.0,1.0,1.0,1.0,1,0.11261096222303366,36
2003,0,3811,3811,0,0,0,0,1.0,1.0,1.0,1.0,1.0,1,0.11561240160870617,37
2004,4,3815,3815,0,0,0,0,1.0,1.0,1.0,1.0,1.0,1,0.10879618176740027,38
2005,2,3817,3817,0,0,0,0,1.0,1.0,1.0,1.0,1.0,1,0.13874279612209325,38
2006,3,3820,3820,0,0,0,0,1.0,1.0,1.0,1.0,1.0,1,0.1545037006738112,38
2007,2,3822,3822,0,0,0,0,1.0,1.0,1.0,1.0,1.0,1,0.13688969099052745,40
2008,0,3822,3822,0,0,0,0,1.0,1.0,1.0,1.0,1.0,1,0.13688969099052745,40
2009,5,3827,3827,0,0,0,0,1.0,1.0,1.0,1.0,1.0,1,0.1939868167270667,41
2010,0,3827,3827,0,0,0,0,1.0,1.0,1.0,1.0,1.0,1,0.1939868167270667,41
2011,2,3829,3829,0,0,0,0,1.0,1.0,1.0,1.0,1.0,1,0.2436446190706762,41
2012,1,3830,3830,0,0,0,0,1.0,1.0,1.0,1.0,1.0,1,0.2658100519404303,41
2013,3,3833,3833,0,0,0,0,1.0,1.0,1.0,1.0,1.0,1,0.2059101701343649,43
2014,0,3833,3833,0,0,0,0,1.0,1.0,1.0,1.0,1.0,1,0.22084107648855142,43
2015,3,3836,3836,0,0,0,0,1.0,1.0,1.0,1.0,1.0,1,0.196530617245935,43
2016,2,3838,3838,0,0,0,0,1.0,1.0,1.0,1.0,1.0,1,0.24287151961258469,44
2017,3,3841,3841,0,0,0,0,1.0,1.0,1.0,1.0,1.0,1,0.22606124958765814,45
2018,2,3843,3843,0,0,0,0,1.0,1.0,1.0,1.0,1.0,1,0.21596773221285634,46
2019,3,3846,3846,0,0,0,0,1.0,1.0,1.0,1.0,1.0,1,0.20934614152770564,47
2020,0,3846,3846,0,0,0,0,1.0,1.0,1.0,1.0,1.0,1,0.20934614152770564,47
2021,3,3849,3849,0,0,0,0,1.0,1.0,1.0,1.0,1.0,1,0.19227275457036128,47
2022,0,3849,3849,0,0,0,0,1.0,1.0,1.0,1.0,1.0,1,0.19366792266694724,48
2023,0,3849,3849,0,0,0,0,1.0,1.0,1.0,1.0,1.0,1,0.19366792266694724,48
2024,3,3852,3852,0,0,0,0,1.0,1.0,1.0,1.0,1.0,1,0.16770462133929243,45
2025,1,3853,3853,0,0,0,0,1.0,1.0,1.0,1.0,1.0,1,0.20776890697045897,42
2026,4,3857,3857,0,0,0,0,1.0,1.0,1.0,1.0,1.0,1,0.17068523089913448,44
2027,1,3858,3858,0,0,0,0,1.0,1.0,1.0,1.0,1.0,1,0.17058826888997397,40
2028,2,3860,3860,0,0,0,0,1.0,1.0,1.0,1.0,1.0,1,0.16105522250434573,39
2029,3,3863,3863,0,0,0,0,1.0,1.0,1.0,1.0,1.0,1,0.15121431522094209,37
2030,1,3864,3864,0,0,0,0,1.0,1.0,1.0,1.0,1.0,1,0.1655963840820417,34
2031,3,3867,3867,0,0,0,0,1.0,1.0,1.0,1.0,1.0,1,0.11747088059962041,35
2032,2,3869,3869,0,0,0,0,1.0,1.0,1.0,1.0,1.0,1,0.1662875231290006,34
2033,3,3872,3872,0,0,0,0,1.0,1.0,1.0,1.0,1.0,1,0.12555324995420306,36
2034,1,3873,3873,0,0,0,0,1.0,1.0,1.0,1.0,1.0,1,0.15425375234889174,34
2035,2,3875,3875,0,0,0,0,1.0,1.0,1.0,1.0,1.0,1,0.13407070315643188,35
2036,1,3876,3876,0,0,0,0,1.0,1.0,1.0,1.0,1.0,1,0.15398343261176092,34
2037,1,3877,3877,0,0,0,0,1.0,1.0,1.0,1.0,1.0,1,0.13345633940636845,35
2038,2,3879,3879,0,0,0,0,1.0,1.0,1.0,1.0,1.0,1,0.09019921615781705,36
2039,0,3879,3879,0,0,0,0,1.0,1.0,1.0,1.0,1.0,1,0.058536240828778036,38
2040,0,3879,3879,0,0,0,0,1.0,1.0,1.0,1.0,1.0,1,0.058536240828778036,38
2041,2,3881,3881,0,0,0,0,1.0,1.0,1.0,1.0,1.0,1,0.06880023899295348,39
2042,0,3881,3881,0,0,0,0,1.0,1.0,1.0,1.0,1.0,1,0.06880023899295348,39
2043,5,3886,3886,0,0,0,0,1.0,1.0,1.0,1.0,1.0,1,0.09665133179952912,39
2044,1,3887,3887,0,0,0,0,1.0,1.0,1.0,1.0,1.0,1,0.10115255705500543,39
2045,5,3892,3892,0,0,0,0,1.0,1.0,1.0,1.0,1.0,1,0.07480883165861725,41
2046,1,3893,3893,0,0,0,0,1.0,1.0,1.0,1.0,1.0,1,0.1304798810656799,42
2047,6,3899,3899,0,0,0,0,1.0,1.0,1.0,1.0,1.0,1,0.10441971266735835,42
2048,3,3902,3902,0,0,0,0,1.0,1.0,1.0,1.0,1.0,1,0.20820800823899818,43
2049,3,3905,3905,0,0,0,0,1.0,1.0,1.0,1.0,1.0,1,0.13658259182827054,44
2050,3,3908,3908,0,0,0,0,1.0,1.0,1.0,1.0,1.0,1,0.20916057797026244,44
2051,0,3908,3908,0,0,0,0,1.0,1.0,1.0,1.0,1.0,1,0.24190880003513562,45
2052,3,3911,3911,0,0,0,0,1.0,1.0,1.0,1.0,1.0,1,0.28464293630704357,45
2053,3,3914,3914,0,0,0,0,1.0,1.0,1.0,1.0,1.0,1,0.24873472301269905,45
2054,3,3917,3917,0,0,0,0,1.0,1.0,1.0,1.0,1.0,1,0.2314612840290554,46
2055,2,3919,3919,0,0,0,0,1.0,1.0,1.0,1.0,1.0,1,0.20672414648534793,46
2056,2,3921,3921,0,0,0,0,1.0,1.0,1.0,1.0,1.0,1,0.16920670396725498,46
2057,0,3921,3921,0,0,0,0,1.0,1.0,1.0,1.0,1.0,1,0.1580406964715485,47
2058,2,3923,3923,0,0,0,0,1.0,1.0,1.0,1.0,1.0,1,0.1114504568324509,47
2059,2,3925,3925,0,0,0,0,1.0,1.0,1.0,1.0,1.0,1,0.08715066760185605,48
2060,2,3927,3927,0,0,0,0,1.0,1.0,1.0,1.0,1.0,1,0.11264382702280337,50
2061,0,3927,3927,0,0,0,0,1.0,1.0,1.0,1.0,1.0,1,0.12057094559433736,51
2062,2,3929,3929,0,0,0,0,1.0,1.0,1.0,1.0,1.0,1,0.10045220016459389,49
2063,0,3929,3929,0,0,0,0,1.0,1.0,1.0,1.0,1.0,1,0.10427192939590917,48
2064,1,3930,3930,0,0,0,0,1.0,1.0,1.0,1.0,1.0,1,0.09340400211955391,45
2065,3,3933,3933,0,0,0,0,1.0,1.0,1.0,1.0,1.0,1,0.08671471879613883,44
2066,1,3934,3934,0,0,0,0,1.0,1.0,1.0,1.0,1.0,1,0.09052743432279325,42
2067,2,3936,3936,0,0,0,0,1.0,1.0,1.0,1.0,1.0,1,0.09624254905864406,41
2068,2,3938,3938,0,0,0,0,1.0,1.0,1.0,1.0,1.0,1,0.10153913719696857,40
2069,3,3941,3941,0,0,0,0,1.0,1.0,1.0,1.0,1.0,1,0.13086726786897324,40
2070,1,3942,3942,0,0,0,0,1.0,1.0,1.0,1.0,1.0,1,0.12510884455642696,40
2071,1,3943,3943,0,0,0,0,1.0,1.0,1.0,1.0,1.0,1,0.10961061937020944,40
2072,1,3944,3944,0,0,0,0,1.0,1.0,1.0,1.0,1.0,1,0.1446638449436615,41
2073,2,3946,3946,0,0,0,0,1.0,1.0,1.0,1.0,1.0,1,0.06049905293045226,41
2074,1,3947,3947,0,0,0,0,1.0,1.0,1.0,1.0,1.0,1,0.06444274595699002,41
2075,2,3949,3949,0,0,0,0,1.0,1.0,1.0,1.0,1.0,1,0.040131310551818754,41
2076,0,3949,3949,0,0,0,0,1.0,1.0,1.0,1.0,1.0,1,0.025392795976903054,41
2077,5,3954,3954,0,0,0,0,1.0,1.0,1.0,1.0,1.0,1,0.07404138482452341,40
2078,3,3957,3957,0,0,0,0,1.0,1.0,1.0,1.0,1.0,1,0.06036409097626,40
2079,2,3959,3959,0,0,0,0,1.0,1.0,1.0,1.0,1.0,1,0.14678820385643676,39
2080,3,3962,3962,0,0,0,0,1.0,1.0,1.0,1.0,1.0,1,0.17511884763634666,38
2081,4,3966,3966,0,0,0,0,1.0,1.0,1.0,1.0,1.0,1,0.23696895659804504,40
2082,1,3967,3967,0,0,0,0,1.0,1.0,1.0,1.0,1.0,1,0.22768183762960542,41
2083,3,3970,3970,0,0,0,0,1.0,1.0,1.0,1.0,1.0,1,0.2517945104142008,40
2084,3,3973,3973,0,0,0,0,1.0,1.0,1.0,1.0,1.0,1,0.25681773085883275,42
2085,4,3977,3977,0,0,0,0,1.0,1.0,1.0,1.0,1.0,1,0.2420202414708274,42
2086,2,3979,3979,0,0,0,0,1.0,1.0,1.0,1.0,1.0,1,0.21512890543283253,43
2087,2,3981,3981,0,0,0,0,1.0,1.0,1.0,1.0,1.0,1,0.2404299838367732,45
2088,0,3981,3981,0,0,0,0,1.0,1.0,1.0,1.0,1.0,1,0.24060750222449137,46
2089,0,3981,3981,0,0,0,0,1.0,1.0,1.0,1.0,1.0,1,0.2190403984467413,47
2090,1,3982,3982,0,0,0,0,0.9967606358005018,0.9924414835345041,0.9967606358005018,0.9924414835345041,1.0,1,0.2460627424977923,49
2091,2,3984,3984,0,0,0,0,1.0,1.0,1.0,1.0,1.0,1,0.1867968102416514,49
2092,1,3985,3985,0,0,0,0,1.0,1.0,1.0,1.0,1.0,1,0.20022747810730204,49
2093,1,3986,3986,0,0,0,0,1.0,1.0,1.0,1.0,1.0,1,0.1666187193595375,49
2094,1,3987,3987,0,0,0,0,1.0,1.0,1.0,1.0,1.0,1,0.17469063106421764,49
2095,2,3989,3989,0,0,0,0,1.0,1.0,1.0,1.0,1.0,1,0.15549410001087044,49
2096,1,3990,3990,0,0,0,0,1.0,1.0,1.0,1.0,1.0,1,0.18744622192563118,51
2097,2,3992,3992,0,0,0,0,1.0,1.0,1.0,1.0,1.0,1,0.14529064599084932,51
2098,1,3993,3993,0,0,0,0,1.0,1.0,1.0,1.0,1.0,1,0.13451003736219394,52
2099,1,3994,3994,0,0,0,0,1.0,1.0,1.0,1.0,1.0,1,0.16345244616991292,51
2100,2,3996,3996,0,0,0,0,1.0,1.0,1.0,1.0,1.0,1,0.17975579295988106,51
2101,0,3996,3996,0,0,0,0,1.0,1.0,1.0,1.0,1.0,1,0.1864439753253275,48
2102,0,3996,3996,0,0,0,0,1.0,1.0,1.0,1.0,1.0,1,0.19436511582257698,49
2103,1,3997,3997,0,0,0,0,1.0,1.0,1.0,1.0,1.0,1,0.21203896888535217,48
2104,3,4000,4000,0,0,0,0,1.0,1.0,1.0,1.0,1.0,1,0.2340366893708334,43
2105,2,4002,4002,0,0,0,0,1.0,1.0,1.0,1.0,1.0,1,0.2884648680106394,42
2106,1,4003,4003,0,0,0,0,1.0,1.0,1.0,1.0,1.0,1,0.25319269017575985,40
2107,2,4005,4005,0,0,0,0,1.0,1.0,1.0,1.0,1.0,1,0.31650616565346196,39
2108,2,4007,4007,0,0,0,0,1.0,1.0,1.0,1.0,1.0,1,0.3434619011942971,38
2109,0,4007,4007,0,0,0,0,1.0,1.0,1.0,1.0,1.0,1,0.3302716160247526,37
2110,1,4008,4008,0,0,0,0,1.0,1.0,1.0,1.0,1.0,1,0.2974078145028646,38
2111,3,4011,4011,0,0,0,0,1.0,1.0,1.0,1.0,1.0,1,0.28787184322913345,37
2112,1,4012,4012,0,0,0,0,1.0,1.0,1.0,1.0,1.0,1,0.25185789016513616,36
2113,2,4014,4014,0,0,0,0,1.0,1.0,1.0,1.0,1.0,1,0.27966367217506327,36
2114,1,4015,4015,0,0,0,0,1.0,1.0,1.0,1.0,1.0,1,0.2556408185117114,36
2115,3,4018,4018,0,0,0,0,1.0,1.0,1.0,1.0,1.0,1,0.2436516372805383,35
2116,0,4018,4018,0,0,0,0,1.0,1.0,1.0,1.0,1.0,1,0.257117565871637,37
2117,2,4020,4020,0,0,0,0,1.0,1.0,1.0,1.0,1.0,1,0.2267796385622762,38
2118,1,4021,4021,0,0,0,0,1.0,1.0,1.0,1.0,1.0,1,0.2572438038453282,40
2119,1,4022,4022,0,0,0,0,1.0,1.0,1.0,1.0,1.0,1,0.2674626546754639,40
2120,0,4022,4022,0,0,0,0,1.0,1.0,1.0,1.0,1.0,1,0.2670383237592373,41
2121,1,4023,4023,0,0,0,0,1.0,1.0,1.0,1.0,1.0,1,0.2892086958535708,41
2122,1,4024,4024,0,0,0,0,1.0,1.0,1.0,1.0,1.0,1,0.29823646121246256,42
2123,1,4025,4025,0,0,0,0,1.0,1.0,1.0,1.0,1.0,1,0.25661405728113973,43
2124,1,4026,4026,0,0,0,0,1.0,1.0,1.0,1.0,1.0,1,0.30224787134223274,41
2125,0,4026,4026,0,0,0,0,1.0,1.0,1.0,1.0,1.0,1,0.30224787134223274,41
2126,0,4026,4026,0,0,0,0,1.0,1.0,1.0,1.0,1.0,1,0.32936890324605433,40
2127,0,4026,4026,0,0,0,0,1.0,1.0,1.0,1.0,1.0,1,0.32936890324605433,40
2128,2,4028,4028,0,0,0,0,1.0,1.0,1.0,1.0,1.0,1,0.29890936569885007,41
2129,4,4032,4032,0,0,0,0,1.0,1.0,1.0,1.0,1.0,1,0.2977977918111382,42
2130,2,4034,4034,0,0,0,0,1.0,1.0,1.0,1.0,1.0,1,0.28558974132425474,45
2131,5,4039,4039,0,0,0,0,1.0,1.0,1.0,1.0,1.0,1,0.2664817915790951,45
2132,4,4043,4043,0,0,0,0,1.0,1.0,1.0,1.0,1.0,1,0.2090902432841979,46
2133,4,4047,4047,0,0,0,0,1.0,1.0,1.0,1.0,1.0,1,0.12761491608320993,46
2134,4,4051,4051,0,0,0,0,1.0,1.0,1.0,1.0,1.0,1,0.13711176165384975,47
2135,5,4056,4056,0,0,0,0,1.0,1.0,1.0,1.0,1.0,1,0.10020717468469621,47
2136,5,4061,4061,0,0,0,0,1.0,1.0,1.0,1.0,1.0,1,0.10525089278796063,47
2137,1,4062,4062,0,0,0,0,1.0,1.0,1.0,1.0,1.0,1,0.08085010592584915,49
2138,3,4065,4065,0,0,0,0,1.0,1.0,1.0,1.0,1.0,1,0.0979360164789754,49
2139,0,4065,4065,0,0,0,0,1.0,1.0,1.0,1.0,1.0,1,0.1152698371972857,47
2140,2,4067,4067,0,0,0,0,1.0,1.0,1.0,1.0,1.0,1,0.0939317700706597,48
2141,1,4068,4068,0,0,0,0,1.0,1.0,1.0,1.0,1.0,1,0.106843200224566,47
2142,2,4070,4070,0,0,0,0,1.0,1.0,1.0,1.0,1.0,1,0.12534436884849712,47
2143,3,4073,4073,0,0,0,0,1.0,1.0,1.0,1.0,1.0,1,0.1340551520017045,48
2144,3,4076,4076,0,0,0,0,1.0,1.0,1.0,1.0,1.0,1,0.16139089888350602,48
2145,5,4081,4081,0,0,0,0,1.0,1.0,1.0,1.0,1.0,1,0.15489986548205067,46
2146,4,4085,4085,0,0,0,0,1.0,1.0,1.0,1.0,1.0,1,0.18485618417281893,47
2147,6,4091,4091,0,0,0,0,1.0,1.0,1.0,1.0,1.0,1,0.12165630589121423,48
2148,3,4094,4094,0,0,0,0,1.0,1.0,1.0,1.0,1.0,1,0.15102411807484542,46
2149,6,4100,4100,0,0,0,0,1.0,1.0,1.0,1.0,1.0,1,0.1966158002229526,46
2150,0,4100,4100,0,0,0,0,1.0,1.0,1.0,1.0,1.0,1,0.20587555063314295,46
2151,3,4103,4103,0,0,0,0,1.0,1.0,1.0,1.0,1.0,1,0.2017724431486862,44
2152,0,4103,4103,0,0,0,0,1.0,1.0,1.0,1.0,1.0,1,0.20278868273068967,45
2153,3,4106,4106,0,0,0,0,1.0,1.0,1.0,1.0,1.0,1,0.16598258281735195,48
2154,0,4106,4106,0,0,0,0,1.0,1.0,1.0,1.0,1.0,1,0.1910390595009035,47
2155,1,4107,4107,0,0,0,0,1.0,1.0,1.0,1.0,1.0,1,0.16346465437190263,48
2156,3,4110,4110,0,0,0,0,1.0,1.0,1.0,1.0,1.0,1,0.17927351603415648,45
2157,2,4112,4112,0,0,0,0,1.0,1.0,1.0,1.0,1.0,1,0.22089229722377204,43
2158,5,4117,4117,0,0,0,0,1.0,1.0,1.0,1.0,1.0,1,0.19252643225464303,43
2159,2,4119,4119,0,0,0,0,1.0,1.0,1.0,1.0,1.0,1,0.1530240567433357,43
2160,5,4124,4124,0,0,0,0,1.0,1.0,1.0,1.0,1.0,1,0.22352220063896314,41
2161,4,4128,4128,0,0,0,0,1.0,1.0,1.0,1.0,1.0,1,0.24868519010507434,41
2162,2,4130,4130,0,0,0,0,1.0,1.0,1.0,1.0,1.0,1,0.22669483006293467,42
2163,3,4133,4133,0,0,0,0,1.0,1.0,1.0,1.0,1.0,1,0.13208831157750509,43
2164,0,4133,4133,0,0,0,0,1.0,1.0,1.0,1.0,1.0,1,0.1259790258384919,44
2165,2,4135,4135,0,0,0,0,1.0,1.0,1.0,1.0,1.0,1,0.05830844645394474,44
2166,0,4135,4135,0,0,0,0,1.0,1.0,1.0,1.0,1.0,1,0.04935278854533491,46
2167,2,4137,4137,0,0,0,0,1.0,1.0,1.0,1.0,1.0,1,0.09438228324118574,46
2168,0,4137,4137,0,0,0,0,1.0,1.0,1.0,1.0,1.0,1,0.08857559498876827,45
2169,1,4138,4138,0,0,0,0,1.0,1.0,1.0,1.0,1.0,1,0.11547727268924023,49
2170,1,4139,4139,0,0,0,0,1.0,1.0,1.0,1.0,1.0,1,0.12814397334383332,49
2171,2,4141,4141,0,0,0,0,1.0,1.0,1.0,1.0,1.0,1,0.16672542858606626,51
2172,1,4142,4142,0,0,0,0,1.0,1.0,1.0,1.0,1.0,1,0.1590419349986835,52
2173,2,4144,4144,0,0,0,0,1.0,1.0,1.0,1.0,1.0,1,0.19932209685112867,52
2174,3,4147,4147,0,0,0,0,0.9977143480717056,0.994340290463271,0.9977143480717056,0.994340290463271,1.0,1,0.17400728546938654,52
2175,3,4150,4150,0,0,0,0,0.9417594349695614,0.8713854188911149,0.9417594349695614,0.8713854188911149,1.0,1,0.22977373289777067,53
2176,4,4154,4154,0,0,0,0,0.9425150326700149,0.8706588235075335,0.9425150326700149,0.8706588235075335,1.0,1,0.24062087203655488,54
2177,6,4160,4160,0,0,0,0,0.8866933269092898,0.7691901103707756,0.8866933269092898,0.7691901103707756,1.0,1,0.30710678445151385,55
2178,0,4160,4160,0,0,0,0,0.9021019220899064,0.7966732228021133,0.9021019220899064,0.7966732228021133,1.0,1,0.299616210044582,54
2179,5,4165,4165,0,0,0,0,1.0,1.0,1.0,1.0,1.0,1,0.2256439747332124,52
2180,2,4167,4167,0,0,0,0,0.9815018068041151,0.9550758165242796,0.9815018068041151,0.9550758165242796,1.0,1,0.268162157928653,51
2181,2,4169,4169,0,0,0,0,1.0,1.0,1.0,1.0,1.0,1,0.19759245551051502,49
2182,7,4176,4176,0,0,0,0,1.0,1.0,1.0,1.0,1.0,1,0.15363110227802765,49
2183,5,4181,4181,0,0,0,0,1.0,1.0,1.0,1.0,1.0,1,0.15896064899879248,46
2184,1,4182,4182,0,0,0,0,1.0,1.0,1.0,1.0,1.0,1,0.14970864048462323,45
2185,3,4185,4185,0,0,0,0,1.0,1.0,1.0,1.0,1.0,1,0.04381655600459051,44
2186,3,4188,4188,0,0,0,0,1.0,1.0,1.0,1.0,1.0,1,0.06697682634181128,42
2187,1,4189,4189,0,0,0,0,1.0,1.0,1.0,1.0,1.0,1,0.0796551462135838,40
2188,2,4191,4191,0,0,0,0,1.0,1.0,1.0,1.0,1.0,1,0.0779328990390791,38
2189,2,4193,4193,0,0,0,0,1.0,1.0,1.0,1.0,1.0,1,0.0722669827938379,36
2190,1,4194,4194,0,0,0,0,1.0,1.0,1.0,1.0,1.0,1,0.10666298685856704,34
2191,2,4196,4196,0,0,0,0,1.0,1.0,1.0,1.0,1.0,1,0.1490082316801425,34
2192,0,4196,4196,0,0,0,0,1.0,1.0,1.0,1.0,1.0,1,0.17019505554605263,33
2193,4,4200,4200,0,0,0,0,1.0,1.0,1.0,1.0,1.0,1,0.15484798529787375,32
2194,0,4200,4200,0,0,0,0,1.0,1.0,1.0,1.0,1.0,1,0.15484798529787375,32
2195,1,4201,4201,0,0,0,0,1.0,1.0,1.0,1.0,1.0,1,0.15299735386301638,31
2196,1,4202,4202,0,0,0,0,1.0,1.0,1.0,1.0,1.0,1,0.12035774786379813,32
2197,2,4204,4204,0,0,0,0,1.0,1.0,1.0,1.0,1.0,1,0.08364245605595981,31
2198,0,4204,4204,0,0,0,0,1.0,1.0,1.0,1.0,1.0,1,0.08364245605595981,31
2199,1,4205,4205,0,0,0,0,1.0,1.0,1.0,1.0,1.0,1,0.05704262928508326,32
2200,1,4206,4206,0,0,0,0,1.0,1.0,1.0,1.0,1.0,1,0.11132844157707245,35
2201,2,4208,4208,0,0,0,0,1.0,1.0,1.0,1.0,1.0,1,0.13005583045906105,36
2202,2,4210,4210,0,0,0,0,1.0,1.0,1.0,1.0,1.0,1,0.1397209049136786,36
2203,1,4211,4211,0,0,0,0,1.0,1.0,1.0,1.0,1.0,1,0.11326274647386864,37
2204,2,4213,4213,0,0,0,0,1.0,1.0,1.0,1.0,1.0,1,0.12622438667820782,36
2205,5,4218,4218,0,0,0,0,1.0,1.0,1.0,1.0,1.0,1,0.09160293139566637,37
2206,2,4220,4220,0,0,0,0,1.0,1.0,1.0,1.0,1.0,1,0.1982523169398019,35
2207,4,4224,4224,0,0,0,0,1.0,1.0,1.0,1.0,1.0,1,0.1364184109862829,37
2208,1,4225,4225,0,0,0,0,1.0,1.0,1.0,1.0,1.0,1,0.19014815016252898,36
2209,5,4230,4230,0,0,0,0,1.0,1.0,1.0,1.0,1.0,1,0.17823691274190465,35
2210,1,4231,4231,0,0,0,0,1.0,1.0,1.0,1.0,1.0,1,0.2164556393556031,38
2211,2,4233,4233,0,0,0,0,1.0,1.0,1.0,1.0,1.0,1,0.22905272911296187,37
2212,1,4234,4234,0,0,0,0,1.0,1.0,1.0,1.0,1.0,1,0.23007832449381965,38
2213,5,4239,4239,0,0,0,0,1.0,1.0,1.0,1.0,1.0,1,0.14434043280151496,38
2214,1,4240,4240,0,0,0,0,1.0,1.0,1.0,1.0,1.0,1,0.13917178466181618,39
2215,3,4243,4243,0,0,0,0,1.0,1.0,1.0,1.0,1.0,1,0.11316176670604199,39
2216,6,4249,4249,0,0,0,0,1.0,1.0,1.0,1.0,1.0,1,0.17508400249975897,39
2217,2,4251,4251,0,0,0,0,1.0,1.0,1.0,1.0,1.0,1,0.13466099419521052,38
2218,1,4252,4252,0,0,0,0,1.0,1.0,1.0,1.0,1.0,1,0.155234399542551,37
2219,0,4252,4252,0,0,0,0,1.0,1.0,1.0,1.0,1.0,1,0.16914116307485996,36
2220,0,4252,4252,0,0,0,0,1.0,1.0,1.0,1.0,1.0,1,0.19195254206777165,34
2221,2,4254,4254,0,0,0,0,1.0,1.0,1.0,1.0,1.0,1,0.16371443177037312,35
2222,1,4255,4255,0,0,0,0,1.0,1.0,1.0,1.0,1.0,1,0.2196655077606335,33
2223,3,4258,4258,0,0,0,0,1.0,1.0,1.0,1.0,1.0,1,0.20908795778535166,34
2224,3,4261,4261,0,0,0,0,1.0,1.0,1.0,1.0,1.0,1,0.22188428560712478,32
2225,2,4263,4263,0,0,0,0,1.0,1.0,1.0,1.0,1.0,1,0.1606121771307411,33
2226,1,4264,4264,0,0,0,0,1.0,1.0,1.0,1.0,1.0,1,0.1334886435192696,32
2227,0,4264,4264,0,0,0,0,1.0,1.0,1.0,1.0,1.0,1,0.11608234141165417,31
2228,2,4266,4266,0,0,0,0,1.0,1.0,1.0,1.0,1.0,1,0.17312620529600728,32
2229,0,4266,4266,0,0,0,0,1.0,1.0,1.0,1.0,1.0,1,0.17312620529600728,32
2230,0,4266,4266,0,0,0,0,1.0,1.0,1.0,1.0,1.0,1,0.19959913111035782,31
2231,1,4267,4267,0,0,0,0,1.0,1.0,1.0,1.0,1.0,1,0.20467690100034738,32
2232,1,4268,4268,0,0,0,0,1.0,1.0,1.0,1.0,1.0,1,0.1579428004501236,32
2233,2,4270,4270,0,0,0,0,1.0,1.0,1.0,1.0,1.0,1,0.19782272534327777,31
2234,3,4273,4273,0,0,0,0,1.0,1.0,1.0,1.0,1.0,1,0.1270721019775126,32
2235,1,4274,4274,0,0,0,0,1.0,1.0,1.0,1.0,1.0,1,0.21520673434784185,31
2236,4,4278,4278,0,0,0,0,1.0,1.0,1.0,1.0,1.0,1,0.19001204945983705,31
2237,3,4281,4281,0,0,0,0,1.0,1.0,1.0,1.0,1.0,1,0.19094032354382748,31
2238,5,4286,4286,0,0,0,0,1.0,1.0,1.0,1.0,1.0,1,0.2227646157285357,31
2239,3,4289,4289,0,0,0,0,1.0,1.0,1.0,1.0,1.0,1,0.21851254133981166,31
2240,4,4293,4293,0,0,0,0,1.0,1.0,1.0,1.0,1.0,1,0.27391228529324463,32
2241,1,4294,4294,0,0,0,0,1.0,1.0,1.0,1.0,1.0,1,0.2853103230265635,32
2242,2,4296,4296,0,0,0,0,1.0,1.0,1.0,1.0,1.0,1,0.32650382119326016,34
2243,0,4296,4296,0,0,0,0,1.0,1.0,1.0,1.0,1.0,1,0.32650382119326016,34
2244,4,4300,4300,0,0,0,0,1.0,1.0,1.0,1.0,1.0,1,0.38198412073473403,36
2245,0,4300,4300,0,0,0,0,1.0,1.0,1.0,1.0,1.0,1,0.38198412073473403,36
2246,3,4303,4303,0,0,0,0,1.0,1.0,1.0,1.0,1.0,1,0.424905447721875,39
2247,3,4306,4306,0,0,0,0,1.0,1.0,1.0,1.0,1.0,1,0.31776289777566064,40
2248,1,4307,4307,0,0,0,0,1.0,1.0,1.0,1.0,1.0,1,0.28629176603452594,40
2249,3,4310,4310,0,0,0,0,1.0,1.0,1.0,1.0,1.0,1,0.20189676922101957,41
2250,0,4310,4310,0,0,0,0,1.0,1.0,1.0,1.0,1.0,1,0.20189676922101957,41
2251,2,4312,4312,0,0,0,0,1.0,1.0,1.0,1.0,1.0,1,0.19461212820197485,42
2252,2,4314,4314,0,0,0,0,1.0,1.0,1.0,1.0,1.0,1,0.1808597682980594,41
2253,5,4319,4319,0,0,0,0,1.0,1.0,1.0,1.0,1.0,1,0.19685466356194836,40
2254,3,4322,4322,0,0,0,0,1.0,1.0,1.0,1.0,1.0,1,0.2093632994667889,39
2255,2,4324,4324,0,0,0,0,1.0,1.0,1.0,1.0,1.0,1,0.22583368967568668,39
2256,3,4327,4327,0,0,0,0,1.0,1.0,1.0,1.0,1.0,1,0.19278196611003165,40
2257,2,4329,4329,0,0,0,0,1.0,1.0,1.0,1.0,1.0,1,0.1798395235946205,40
2258,1,4330,4330,0,0,0,0,1.0,1.0,1.0,1.0,1.0,1,0.15948555988613045,39
2259,0,4330,4330,0,0,0,0,1.0,1.0,1.0,1.0,1.0,1,0.15429515870855495,41
2260,0,4330,4330,0,0,0,0,1.0,1.0,1.0,1.0,1.0,1,0.1960642716177389,38
2261,1,4331,4331,0,0,0,0,1.0,1.0,1.0,1.0,1.0,1,0.1893337980645766,38
2262,2,4333,4333,0,0,0,0,1.0,1.0,1.0,1.0,1.0,1,0.22133503113578995,36
2263,3,4336,4336,0,0,0,0,1.0,1.0,1.0,1.0,1.0,1,0.1944504828618156,35
2264,2,4338,4338,0,0,0,0,1.0,1.0,1.0,1.0,1.0,1,0.19677786790628507,33
2265,4,4342,4342,0,0,0,0,1.0,1.0,1.0,1.0,1.0,1,0.17282780781814902,33
2266,3,4345,4345,0,0,0,0,1.0,1.0,1.0,1.0,1.0,1,0.14148373459033275,33
2267,3,4348,4348,0,0,0,0,1.0,1.0,1.0,1.0,1.0,1,0.12427914093659598,33
2268,3,4351,4351,0,0,0,0,1.0,1.0,1.0,1.0,1.0,1,0.07236204474885373,35
2269,1,4352,4352,0,0,0,0,1.0,1.0,1.0,1.0,1.0,1,0.10384834186377304,36
2270,3,4355,4355,0,0,0,0,1.0,1.0,1.0,1.0,1.0,1,0.11974691183980157,34
2271,1,4356,4356,0,0,0,0,1.0,1.0,1.0,1.0,1.0,1,0.15336204123996058,34
2272,3,4359,4359,0,0,0,0,1.0,1.0,1.0,1.0,1.0,1,0.14827503293191993,33
2273,2,4361,4361,0,0,0,0,1.0,1.0,1.0,1.0,1.0,1,0.2127380041144926,32
2274,1,4362,4362,0,0,0,0,1.0,1.0,1.0,1.0,1.0,1,0.27189536727175884,32
2275,2,4364,4364,0,0,0,0,1.0,1.0,1.0,1.0,1.0,1,0.2774823029396294,32
2276,3,4367,4367,0,0,0,0,1.0,1.0,1.0,1.0,1.0,1,0.25976552327963404,31
2277,1,4368,4368,0,0,0,0,1.0,1.0,1.0,1.0,1.0,1,0.21714087574034174,30
2278,2,4370,4370,0,0,0,0,1.0,1.0,1.0,1.0,1.0,1,0.2165618256227229,33
2279,0,4370,4370,0,0,0,0,1.0,1.0,1.0,1.0,1.0,1,0.2165618256227229,33
2280,1,4371,4371,0,0,0,0,1.0,1.0,1.0,1.0,1.0,1,0.21896785295810253,35
2281,3,4374,4374,0,0,0,0,1.0,1.0,1.0,1.0,1.0,1,0.16631776107211033,36
2282,1,4375,4375,0,0,0,0,1.0,1.0,1.0,1.0,1.0,1,0.17307514208400385,36
2283,5,4380,4380,0,0,0,0,1.0,1.0,1.0,1.0,1.0,1,0.13037253237962598,36
2284,3,4383,4383,0,0,0,0,1.0,1.0,1.0,1.0,1.0,1,0.11540813900690397,36
2285,3,4386,4386,0,0,0,0,1.0,1.0,1.0,1.0,1.0,1,0.11371090636255379,37
2286,2,4388,4388,0,0,0,0,1.0,1.0,1.0,1.0,1.0,1,0.15540187063967006,38
2287,4,4392,4392,0,0,0,0,1.0,1.0,1.0,1.0,1.0,1,0.17541781733311554,38
2288,1,4393,4393,0,0,0,0,1.0,1.0,1.0,1.0,1.0,1,0.1861957910781259,40
2289,1,4394,4394,0,0,0,0,1.0,1.0,1.0,1.0,1.0,1,0.23590703230304794,40
2290,1,4395,4395,0,0,0,0,1.0,1.0,1.0,1.0,1.0,1,0.22236491348811993,39
2291,1,4396,4396,0,0,0,0,1.0,1.0,1.0,1.0,1.0,1,0.22772495154850492,37
2292,0,4396,4396,0,0,0,0,1.0,1.0,1.0,1.0,1.0,1,0.27369329458789826,35
2293,0,4396,4396,0,0,0,0,1.0,1.0,1.0,1.0,1.0,1,0.27304316264242184,35
2294,1,4397,4397,0,0,0,0,1.0,1.0,1.0,1.0,1.0,1,0.3194821272949488,35
2295,0,4397,4397,0,0,0,0,1.0,1.0,1.0,1.0,1.0,1,0.31802459100422564,36
2296,0,4397,4397,0,0,0,0,1.0,1.0,1.0,1.0,1.0,1,0.35737452054694957,34
2297,0,4397,4397,0,0,0,0,1.0,1.0,1.0,1.0,1.0,1,0.3535769337134666,35
2298,0,4397,4397,0,0,0,0,1.0,1.0,1.0,1.0,1.0,1,0.3688665052012935,34
2299,0,4397,4397,0,0,0,0,1.0,1.0,1.0,1.0,1.0,1,0.32617947745151465,35
2300,0,4397,4397,0,0,0,0,1.0,1.0,1.0,1.0,1.0,1,0.32617947745151465,35
2301,0,4397,4397,0,0,0,0,1.0,1.0,1.0,1.0,1.0,1,0.32617947745151465,35
2302,0,4397,4397,0,0,0,0,1.0,1.0,1.0,1.0,1.0,1,0.279625648904148,37
2303,1,4398,4398,0,0,0,0,1.0,1.0,1.0,1.0,1.0,1,0.262303229471278,35
2304,0,4398,4398,0,0,0,0,1.0,1.0,1.0,1.0,1.0,1,0.2441113198762978,36
2305,1,4399,4399,0,0,0,0,1.0,1.0,1.0,1.0,1.0,1,0.26321833154089064,34
2306,0,4399,4399,0,0,0,0,1.0,1.0,1.0,1.0,1.0,1,0.26986990265958033,35
2307,1,4400,4400,0,0,0,0,1.0,1.0,1.0,1.0,1.0,1,0.2308611254339225,35
2308,3,4403,4403,0,0,0,0,1.0,1.0,1.0,1.0,1.0,1,0.23328274258735074,35
2309,1,4404,4404,0,0,0,0,1.0,1.0,1.0,1.0,1.0,1,0.20870595198738365,34
2310,4,4408,4408,0,0,0,0,1.0,1.0,1.0,1.0,1.0,1,0.13321261278376795,36
2311,1,4409,4409,0,0,0,0,1.0,1.0,1.0,1.0,1.0,1,0.1615932954775632,38
2312,2,4411,4411,0,0,0,0,1.0,1.0,1.0,1.0,1.0,1,0.184611781088257,39
2313,5,4416,4416,0,0,0,0,1.0,1.0,1.0,1.0,1.0,1,0.14185613097425961,39
2314,3,4419,4419,0,0,0,0,1.0,1.0,1.0,1.0,1.0,1,0.1525401956603414,39
2315,8,4427,4427,0,0,0,0,1.0,1.0,1.0,1.0,1.0,1,0.149531472387333,40
2316,3,4430,4430,0,0,0,0,1.0,1.0,1.0,1.0,1.0,1,0.1449034901768751,40
2317,5,4435,4435,0,0,0,0,1.0,1.0,1.0,1.0,1.0,1,0.1630232923167188,41
2318,4,4439,4439,0,0,0,0,1.0,1.0,1.0,1.0,1.0,1,0.26020097776286044,41
2319,1,4440,4440,0,0,0,0,1.0,1.0,1.0,1.0,1.0,1,0.3028390427268599,41
2320,3,4443,4443,0,0,0,0,0.9768787596414411,0.953757519282882,0.9768787596414411,0.953757519282882,1.0,1,0.2971900595676676,42
2321,2,4445,4445,0,0,0,0,0.959045351770844,0.9199522784611951,0.959045351770844,0.9199522784611951,1.0,1,0.2973484218233344,43
2322,1,4446,4446,0,0,0,0,0.9810237628579844,0.9620475257159687,0.9810237628579844,0.9620475257159687,1.0,1,0.3016664158669539,42
2323,1,4447,4447,0,0,0,0,0.9815912834558314,0.9623059613619404,0.9815912834558314,0.9623059613619404,1.0,1,0.28171671074955135,43
2324,2,4449,4449,0,0,0,0,0.9728651511426598,0.9431460309655729,0.9728651511426598,0.9431460309655729,1.0,1,0.28779230860700483,44
2325,0,4449,4449,0,0,0,0,0.9728651511426598,0.9431460309655729,0.9728651511426598,0.9431460309655729,1.0,1,0.28779230860700483,44
2326,3,4452,4452,0,0,0,0,0.9734681477839341,0.9431460309655729,0.9734681477839341,0.9431460309655729,1.0,1,0.2849396578613732,45
2327,2,4454,4454,0,0,0,0,0.98130447796797,0.9599381670742214,0.98130447796797,0.9599381670742214,1.0,1,0.28968939995344745,45
2328,1,4455,4455,0,0,0,0,0.9817109023599706,0.9599381670742214,0.9817109023599706,0.9599381670742214,1.0,1,0.290645841171908,46
2329,3,4458,4458,0,0,0,0,1.0,1.0,1.0,1.0,1.0,1,0.29353213704767905,45
2330,1,4459,4459,0,0,0,0,1.0,1.0,1.0,1.0,1.0,1,0.2882109641497257,47
2331,2,4461,4461,0,0,0,0,1.0,1.0,1.0,1.0,1.0,1,0.29417810426017066,48
2332,1,4462,4462,0,0,0,0,1.0,1.0,1.0,1.0,1.0,1,0.2848295502659386,48
2333,2,4464,4464,0,0,0,0,1.0,1.0,1.0,1.0,1.0,1,0.26252394222702863,49
2334,2,4466,4466,0,0,0,0,1.0,1.0,1.0,1.0,1.0,1,0.23127417327285013,47
2335,0,4466,4466,0,0,0,0,1.0,1.0,1.0,1.0,1.0,1,0.2380153857722435,46
2336,1,4467,4467,0,0,0,0,1.0,1.0,1.0,1.0,1.0,1,0.25078453064687767,46
2337,2,4469,4469,0,0,0,0,1.0,1.0,1.0,1.0,1.0,1,0.2179257334726443,45
2338,0,4469,4469,0,0,0,0,1.0,1.0,1.0,1.0,1.0,1,0.22816051923800226,44
2339,1,4470,4470,0,0,0,0,1.0,1.0,1.0,1.0,1.0,1,0.20229841252124148,45
2340,1,4471,4471,0,0,0,0,1.0,1.0,1.0,1.0,1.0,1,0.22474254047245681,44
2341,0,4471,4471,0,0,0,0,1.0,1.0,1.0,1.0,1.0,1,0.23959173407522075,45
2342,1,4472,4472,0,0,0,0,1.0,1.0,1.0,1.0,1.0,1,0.237821953429226,47
2343,0,4472,4472,0,0,0,0,1.0,1.0,1.0,1.0,1.0,1,0.23756937181187973,46
2344,0,4472,4472,0,0,0,0,0.9975908089253089,0.9944588605282108,0.9975908089253089,0.9944588605282108,1.0,1,0.2506919301211236,46
2345,0,4472,4472,0,0,0,0,0.9975372713458714,0.9944588605282108,0.9975372713458714,0.9944588605282108,1.0,1,0.2507042679069328,45
2346,1,4473,4473,0,0,0,0,0.9975908089253089,0.9944588605282108,0.9975908089253089,0.9944588605282108,1.0,1,0.23045431898409946,46
2347,1,4474,4474,0,0,0,0,0.9976420683098769,0.9944588605282108,0.9976420683098769,0.9944588605282108,1.0,1,0.22594132746988338,47
2348,0,4474,4474,0,0,0,0,0.9799851050588841,0.9532985784707297,0.9799851050588841,0.9532985784707297,1.0,1,0.23005616119625602,49
2349,3,4477,4477,0,0,0,0,0.9499074608075768,0.8932811121552724,0.9499074608075768,0.8932811121552724,1.0,1,0.23187731105477818,49
2350,3,4480,4480,0,0,0,0,0.8928056614403147,0.7938570412313742,0.8928056614403147,0.7938570412313742,1.0,1,0.25436225465897777,50
2351,1,4481,4481,0,0,0,0,0.8928056614403147,0.7938570412313742,0.8928056614403147,0.7938570412313742,1.0,1,0.27233561402186435,50
2352,1,4482,4482,0,0,0,0,0.8741846351645108,0.7623487553107428,0.8741846351645108,0.7623487553107428,1.0,1,0.28436239126935786,51
2353,1,4483,4483,0,0,0,0,0.8501612294174777,0.7270793821532628,0.8501612294174777,0.7270793821532628,1.0,1,0.31716125627991554,51
2354,2,4485,4485,0,0,0,0,0.8737532657593988,0.76153394643442,0.8737532657593988,0.76153394643442,1.0,1,0.29329919800926935,51
2355,1,4486,4486,0,0,0,0,0.9091792719959665,0.8183585439919329,0.9091792719959665,0.8183585439919329,1.0,1,0.2655774233035866,50
2356,1,4487,4487,0,0,0,0,0.9091792719959665,0.8183585439919329,0.9091792719959665,0.8183585439919329,1.0,1,0.25359502233155756,50
2357,5,4492,4492,0,0,0,0,0.9580663117628536,0.9066022398354467,0.9580663117628536,0.9066022398354467,1.0,1,0.2163240302623238,49
2358,1,4493,4493,0,0,0,0,0.9376629161660922,0.8617742923682914,0.9376629161660922,0.8617742923682914,1.0,1,0.23174356598819054,51
2359,2,4495,4495,0,0,0,0,0.9654031414291058,0.9159790577563998,0.9654031414291058,0.9159790577563998,1.0,1,0.21009274076080858,51
2360,4,4499,4499,0,0,0,0,0.9951136026885391,0.9875396868557748,0.9951136026885391,0.9875396868557748,1.0,1,0.19786581774920226,51
2361,2,4501,4501,0,0,0,0,0.9952075718676057,0.9875396868557748,0.9952075718676057,0.9875396868557748,1.0,1,0.19090722958229134,52
2362,6,4507,4507,0,0,0,0,0.9496888547029054,0.8787958772388179,0.9496888547029054,0.8787958772388179,1.0,1,0.23177555129262667,53
2363,2,4509,4509,0,0,0,0,0.9336803296641181,0.8442929479070599,0.9336803296641181,0.8442929479070599,1.0,1,0.22991737143234486,54
2364,10,4519,4519,0,0,0,0,0.9718873166938335,0.926371543721945,0.9718873166938335,0.926371543721945,1.0,1,0.18601165297400318,55
2365,2,4521,4521,0,0,0,0,0.9852532168467675,0.9609210246439339,0.9852532168467675,0.9609210246439339,1.0,1,0.2045516720300726,53
2366,3,4524,4524,0,0,0,0,1.0,1.0,1.0,1.0,1.0,1,0.1400551934792546,53
2367,4,4528,4528,0,0,0,0,1.0,1.0,1.0,1.0,1.0,1,0.20420231643778908,51
2368,1,4529,4529,0,0,0,0,1.0,1.0,1.0,1.0,1.0,1,0.18372485985968978,50
2369,1,4530,4530,0,0,0,0,1.0,1.0,1.0,1.0,1.0,1,0.21740625685637047,47
2370,2,4532,4532,0,0,0,0,1.0,1.0,1.0,1.0,1.0,1,0.24466058212925743,48
2371,0,4532,4532,0,0,0,0,1.0,1.0,1.0,1.0,1.0,1,0.23251583520036903,49
2372,0,4532,4532,0,0,0,0,1.0,1.0,1.0,1.0,1.0,1,0.2402692927615551,48
2373,0,4532,4532,0,0,0,0,1.0,1.0,1.0,1.0,1.0,1,0.24683280873449664,49
2374,0,4532,4532,0,0,0,0,1.0,1.0,1.0,1.0,1.0,1,0.2380801822406437,50
2375,0,4532,4532,0,0,0,0,1.0,1.0,1.0,1.0,1.0,1,0.2380801822406437,50
2376,1,4533,4533,0,0,0,0,1.0,1.0,1.0,1.0,1.0,1,0.26134003082337,50
2377,4,4537,4537,0,0,0,0,1.0,1.0,1.0,1.0,1.0,1,0.2607977907203493,49
2378,1,4538,4538,0,0,0,0,1.0,1.0,1.0,1.0,1.0,1,0.23620293819663218,49
2379,1,4539,4539,0,0,0,0,1.0,1.0,1.0,1.0,1.0,1,0.26030912021384756,50
2380,0,4539,4539,0,0,0,0,1.0,1.0,1.0,1.0,1.0,1,0.26030912021384756,50
2381,1,4540,4540,0,0,0,0,1.0,1.0,1.0,1.0,1.0,1,0.22903290370882778,51
2382,0,4540,4540,0,0,0,0,1.0,1.0,1.0,1.0,1.0,1,0.22903290370882778,51
2383,3,4543,4543,0,0,0,0,0.9748363764242126,0.9376900749551931,0.9748363764242126,0.9376900749551931,1.0,1,0.27645612337663816,52
2384,2,4545,4545,0,0,0,0,0.9889398201997829,0.9712435325194354,0.9889398201997829,0.9712435325194354,1.0,1,0.22483741850293115,52
2385,5,4550,4550,0,0,0,0,0.9368629178236008,0.8600003830001584,0.9368629178236008,0.8600003830001584,1.0,1,0.30069389585452566,51
2386,1,4551,4551,0,0,0,0,0.9403595552011514,0.8651607334982553,0.9403595552011514,0.8651607334982553,1.0,1,0.289046980905603,52
2387,3,4554,4554,0,0,0,0,0.8961882770610582,0.7965290230396742,0.8961882770610582,0.7965290230396742,1.0,1,0.3655214952291858,49
2388,3,4557,4557,0,0,0,0,0.9340285647546716,0.8623204829662711,0.9340285647546716,0.8623204829662711,1.0,1,0.33470234169350754,48
2389,3,4560,4560,0,0,0,0,0.9254631699967563,0.8509263399935124,0.9254631699967563,0.8509263399935124,1.0,1,0.32803974661822416,48
2390,4,4564,4564,0,0,0,0,0.9242420160701117,0.8453274494764779,0.9242420160701117,0.8453274494764779,1.0,1,0.3258321736782794,49
2391,5,4569,4569,0,0,0,0,0.8968023173818122,0.8018604493730795,0.8968023173818122,0.8018604493730795,1.0,1,0.3123759143121724,48
2392,2,4571,4571,0,0,0,0,0.9339537428509985,0.8592927565086492,0.9339537428509985,0.8592927565086492,1.0,1,0.2777102287865303,49
2393,2,4573,4573,0,0,0,0,0.97346554103216,0.9368227167432377,0.97346554103216,0.9368227167432377,1.0,1,0.22651355270541415,50
2394,3,4576,4576,0,0,0,0,0.9907935139256316,0.9769837848140792,0.9907935139256316,0.9769837848140792,1.0,1,0.21678080955624715,50
2395,2,4578,4578,0,0,0,0,1.0,1.0,1.0,1.0,1.0,1,0.21592467311611882,49
2396,3,4581,4581,0,0,0,0,1.0,1.0,1.0,1.0,1.0,1,0.20775502503326437,50
2397,3,4584,4584,0,0,0,0,1.0,1.0,1.0,1.0,1.0,1,0.22952370375803693,51
2398,0,4584,4584,0,0,0,0,1.0,1.0,1.0,1.0,1.0,1,0.22080785311895954,49
2399,0,4584,4584,0,0,0,0,1.0,1.0,1.0,1.0,1.0,1,0.21207745636441755,50
2400,1,4585,4585,0,0,0,0,1.0,1.0,1.0,1.0,1.0,1,0.20661910222021165,51
2401,1,4586,4586,0,0,0,0,1.0,1.0,1.0,1.0,1.0,1,0.2337027979438455,50
2402,0,4586,4586,0,0,0,0,1.0,1.0,1.0,1.0,1.0,1,0.23403238577082205,51
2403,3,4589,4589,0,0,0,0,1.0,1.0,1.0,1.0,1.0,1,0.1920655394683829,52
2404,0,4589,4589,0,0,0,0,1.0,1.0,1.0,1.0,1.0,1,0.2046840464947792,53
2405,1,4590,4590,0,0,0,0,1.0,1.0,1.0,1.0,1.0,1,0.18260418945887005,52
2406,2,4592,4592,0,0,0,0,1.0,1.0,1.0,1.0,1.0,1,0.18241110618998194,52
2407,0,4592,4592,0,0,0,0,1.0,1.0,1.0,1.0,1.0,1,0.18293612498660464,51
2408,3,4595,4595,0,0,0,0,0.9978992257793169,0.9944716467876763,0.9978992257793169,0.9944716467876763,1.0,1,0.2180046511665474,50
2409,1,4596,4596,0,0,0,0,1.0,1.0,1.0,1.0,1.0,1,0.19956611856719939,50
2410,1,4597,4597,0,0,0,0,1.0,1.0,1.0,1.0,1.0,1,0.22048150402228103,49
2411,0,4597,4597,0,0,0,0,1.0,1.0,1.0,1.0,1.0,1,0.24298750298226188,48
2412,1,4598,4598,0,0,0,0,1.0,1.0,1.0,1.0,1.0,1,0.24138734145310853,47
2413,0,4598,4598,0,0,0,0,1.0,1.0,1.0,1.0,1.0,1,0.24149626853409006,47
2414,4,4602,4602,0,0,0,0,1.0,1.0,1.0,1.0,1.0,1,0.22861843097599094,47
2415,3,4605,4605,0,0,0,0,1.0,1.0,1.0,1.0,1.0,1,0.2308111783174202,46
2416,3,4608,4608,0,0,0,0,1.0,1.0,1.0,1.0,1.0,1,0.2286388488209525,47
2417,5,4613,4613,0,0,0,0,0.9958986002863134,0.9905667806585207,0.9958986002863134,0.9905667806585207,1.0,1,0.25598300889262243,46
2418,4,4617,4617,0,0,0,0,0.9739416754715045,0.940438115363439,0.9739416754715045,0.940438115363439,1.0,1,0.2994804328622886,48
2419,3,4620,4620,0,0,0,0,0.9747768702264356,0.9435482333639272,0.9747768702264356,0.9435482333639272,1.0,1,0.3100704884024889,47
2420,3,4623,4623,0,0,0,0,0.959889662093941,0.9106633383001416,0.959889662093941,0.9106633383001416,1.0,1,0.2879706435051525,49
2421,4,4627,4627,0,0,0,0,0.9376733598071947,0.864507303928684,0.9376733598071947,0.864507303928684,1.0,1,0.2991220006533712,50
2422,1,4628,4628,0,0,0,0,0.9376733598071947,0.864507303928684,0.9376733598071947,0.864507303928684,1.0,1,0.2879024877859141,50
2423,5,4633,4633,0,0,0,0,0.9183672241329504,0.8265303512825195,0.9183672241329504,0.8265303512825195,1.0,1,0.307286697245075,51
2424,1,4634,4634,0,0,0,0,0.9017988545862314,0.8035977091724629,0.9017988545862314,0.8035977091724629,1.0,1,0.32285683137313326,50
2425,1,4635,4635,0,0,0,0,0.8809535917677325,0.7802220155711986,0.8809535917677325,0.7802220155711986,1.0,1,0.34178561932050955,48
2426,1,4636,4636,0,0,0,0,0.8726830815815304,0.7595124874317796,0.8726830815815304,0.7595124874317796,1.0,1,0.3272165103689828,51
2427,0,4636,4636,0,0,0,0,0.870136743213161,0.7595124874317796,0.870136743213161,0.7595124874317796,1.0,1,0.31844811809333085,50
2428,2,4638,4638,0,0,0,0,0.8841387579509064,0.7816461207536309,0.8841387579509064,0.7816461207536309,1.0,1,0.33366470992665276,49
2429,0,4638,4638,0,0,0,0,0.8841387579509061,0.7816461207536309,0.8841387579509061,0.7816461207536309,1.0,1,0.3419521273501738,49
2430,3,4641,4641,0,0,0,0,0.8352252843806859,0.7292986814825555,0.8352252843806859,0.7292986814825555,1.0,1,0.42843136491663975,46
2431,0,4641,4641,0,0,0,0,0.8577563137941964,0.7629271896569938,0.8577563137941964,0.7629271896569938,1.0,1,0.4193758833944183,45
2432,1,4642,4642,0,0,0,0,0.8372236905614255,0.7442086565965258,0.8372236905614255,0.7442086565965258,1.0,1,0.4902462898942642,44
2433,4,4646,4646,0,0,0,0,0.9291988619734394,0.8672478662001989,0.9291988619734394,0.8672478662001989,1.0,1,0.3466061163674418,45
2434,0,4646,4646,0,0,0,0,0.9275897452001085,0.8672478662001989,0.9275897452001085,0.8672478662001989,1.0,1,0.37174072738432984,44
2435,3,4649,4649,0,0,0,0,0.9809157590510811,0.961831518102162,0.9809157590510811,0.961831518102162,1.0,1,0.3043714216600322,44
2436,1,4650,4650,0,0,0,0,0.9809157590510811,0.961831518102162,0.9809157590510811,0.961831518102162,1.0,1,0.31624276929372136,44
2437,3,4653,4653,0,0,0,0,1.0,1.0,1.0,1.0,1.0,1,0.29525038815681093,45
2438,1,4654,4654,0,0,0,0,1.0,1.0,1.0,1.0,1.0,1,0.3193384509972261,45
2439,2,4656,4656,0,0,0,0,0.9695682368057319,0.9391364736114635,0.9695682368057319,0.9391364736114635,1.0,1,0.35819932282878963,46
2440,2,4658,4658,0,0,0,0,0.9688919754014146,0.9391364736114635,0.9688919754014146,0.9391364736114635,1.0,1,0.34555588405073495,45
2441,3,4661,4661,0,0,0,0,0.9462966111157207,0.8993061458419764,0.9462966111157207,0.8993061458419764,1.0,1,0.35643160610646024,45
2442,0,4661,4661,0,0,0,0,0.947464076091466,0.8993061458419764,0.947464076091466,0.8993061458419764,1.0,1,0.344860490806765,46
2443,1,4662,4662,0,0,0,0,0.9406185449077191,0.8886597717019735,0.9406185449077191,0.8886597717019735,1.0,1,0.3345664371343466,45
2444,4,4666,4666,0,0,0,0,0.9893664337580766,0.9777661796759783,0.9893664337580766,0.9777661796759783,1.0,1,0.2984690558650554,46
2445,2,4668,4668,0,0,0,0,1.0,1.0,1.0,1.0,1.0,1,0.2883185165767411,44
2446,2,4670,4670,0,0,0,0,1.0,1.0,1.0,1.0,1.0,1,0.24690265937595757,44
2447,1,4671,4671,0,0,0,0,1.0,1.0,1.0,1.0,1.0,1,0.22479279570026192,42
2448,4,4675,4675,0,0,0,0,1.0,1.0,1.0,1.0,1.0,1,0.1995901756742664,41
2449,1,4676,4676,0,0,0,0,1.0,1.0,1.0,1.0,1.0,1,0.20260621107202792,40
2450,2,4678,4678,0,0,0,0,1.0,1.0,1.0,1.0,1.0,1,0.19911627274602375,42
2451,3,4681,4681,0,0,0,0,1.0,1.0,1.0,1.0,1.0,1,0.24408072994382504,43
2452,2,4683,4683,0,0,0,0,1.0,1.0,1.0,1.0,1.0,1,0.280755345013669,43
2453,4,4687,4687,0,0,0,0,1.0,1.0,1.0,1.0,1.0,1,0.3392079348820868,45
2454,3,4690,4690,0,0,0,0,0.9343749349503925,0.8658966062029758,0.9343749349503925,0.8658966062029758,1.0,1,0.3821438423681892,47
2455,3,4693,4693,0,0,0,0,0.92119426269345,0.8423885253869,0.92119426269345,0.8423885253869,1.0,1,0.3943535911789711,48
2456,3,4696,4696,0,0,0,0,0.9632491077503899,0.9181457399895044,0.9632491077503899,0.9181457399895044,1.0,1,0.35337244923122985,49
2457,2,4698,4698,0,0,0,0,0.9445786510403583,0.8843380543450953,0.9445786510403583,0.8843380543450953,1.0,1,0.3539948317835363,48
2458,1,4699,4699,0,0,0,0,0.9874551767181542,0.970728745675693,0.9874551767181542,0.970728745675693,1.0,1,0.31425154510378733,49
2459,2,4701,4701,0,0,0,0,0.9642519322367772,0.9203793036182766,0.9642519322367772,0.9203793036182766,1.0,1,0.35127459674785744,49
2460,1,4702,4702,0,0,0,0,0.9649668935920417,0.9203793036182766,0.9649668935920417,0.9203793036182766,1.0,1,0.33268356985848174,50
2461,2,4704,4704,0,0,0,0,0.9649668935920417,0.9203793036182766,0.9649668935920417,0.9203793036182766,1.0,1,0.3241874458211064,50
2462,0,4704,4704,0,0,0,0,0.9656538172470995,0.9203793036182766,0.9656538172470995,0.9203793036182766,1.0,1,0.30977301690737946,51
2463,4,4708,4708,0,0,0,0,0.9641727686459322,0.9169459636792062,0.9641727686459322,0.9169459636792062,1.0,1,0.31035385824343914,51
2464,1,4709,4709,0,0,0,0,0.9634562240188508,0.9169459636792062,0.9634562240188508,0.9169459636792062,1.0,1,0.28562372966360067,50
2465,3,4712,4712,0,0,0,0,1.0,1.0,1.0,1.0,1.0,1,0.24181824506295177,49
2466,1,4713,4713,0,0,0,0,1.0,1.0,1.0,1.0,1.0,1,0.2532796035053952,49
2467,3,4716,4716,0,0,0,0,1.0,1.0,1.0,1.0,1.0,1,0.19773380440130803,48
2468,0,4716,4716,0,0,0,0,1.0,1.0,1.0,1.0,1.0,1,0.22330027114455817,47
2469,1,4717,4717,0,0,0,0,1.0,1.0,1.0,1.0,1.0,1,0.2023499928850247,46
2470,4,4721,4721,0,0,0,0,1.0,1.0,1.0,1.0,1.0,1,0.20453859639112024,44
2471,2,4723,4723,0,0,0,0,1.0,1.0,1.0,1.0,1.0,1,0.2464041668145366,44
2472,3,4726,4726,0,0,0,0,1.0,1.0,1.0,1.0,1.0,1,0.24363568554178397,44
2473,0,4726,4726,0,0,0,0,1.0,1.0,1.0,1.0,1.0,1,0.2652924906966497,43
2474,3,4729,4729,0,0,0,0,1.0,1.0,1.0,1.0,1.0,1,0.16356382802107736,44
2475,1,4730,4730,0,0,0,0,1.0,1.0,1.0,1.0,1.0,1,0.14482847237461835,46
2476,3,4733,4733,0,0,0,0,1.0,1.0,1.0,1.0,1.0,1,0.1592549459030323,46
2477,2,4735,4735,0,0,0,0,1.0,1.0,1.0,1.0,1.0,1,0.1356825159442037,46
2478,0,4735,4735,0,0,0,0,1.0,1.0,1.0,1.0,1.0,1,0.1356825159442037,46
2479,1,4736,4736,0,0,0,0,1.0,1.0,1.0,1.0,1.0,1,0.12285326819163447,46
2480,0,4736,4736,0,0,0,0,1.0,1.0,1.0,1.0,1.0,1,0.13751292462987344,47
2481,5,4741,4741,0,0,0,0,1.0,1.0,1.0,1.0,1.0,1,0.16332275102302926,47
2482,0,4741,4741,0,0,0,0,1.0,1.0,1.0,1.0,1.0,1,0.16370696137548488,45
2483,2,4743,4743,0,0,0,0,1.0,1.0,1.0,1.0,1.0,1,0.13889216652051165,45
2484,4,4747,4747,0,0,0,0,1.0,1.0,1.0,1.0,1.0,1,0.1636006123137449,46
2485,2,4749,4749,0,0,0,0,1.0,1.0,1.0,1.0,1.0,1,0.1448519285023737,44
2486,4,4753,4753,0,0,0,0,1.0,1.0,1.0,1.0,1.0,1,0.14782078956500042,43
2487,2,4755,4755,0,0,0,0,1.0,1.0,1.0,1.0,1.0,1,0.16443556240521523,44
2488,3,4758,4758,0,0,0,0,1.0,1.0,1.0,1.0,1.0,1,0.1396269426083033,45
2489,4,4762,4762,0,0,0,0,1.0,1.0,1.0,1.0,1.0,1,0.20873367627237932,44
2490,1,4763,4763,0,0,0,0,1.0,1.0,1.0,1.0,1.0,1,0.22681111756361452,44
2491,3,4766,4766,0,0,0,0,1.0,1.0,1.0,1.0,1.0,1,0.2884105352214635,44
2492,0,4766,4766,0,0,0,0,1.0,1.0,1.0,1.0,1.0,1,0.2884105352214635,44
2493,4,4770,4770,0,0,0,0,1.0,1.0,1.0,1.0,1.0,1,0.25497760262919916,42
2494,0,4770,4770,0,0,0,0,1.0,1.0,1.0,1.0,1.0,1,0.25497760262919916,42
2495,1,4771,4771,0,0,0,0,1.0,1.0,1.0,1.0,1.0,1,0.24586616751524049,42
2496,1,4772,4772,0,0,0,0,1.0,1.0,1.0,1.0,1.0,1,0.2376600240813809,42
2497,3,4775,4775,0,0,0,0,1.0,1.0,1.0,1.0,1.0,1,0.2368983482883741,44
2498,2,4777,4777,0,0,0,0,1.0,1.0,1.0,1.0,1.0,1,0.1958026942456339,43
2499,1,4778,4778,0,0,0,0,1.0,1.0,1.0,1.0,1.0,1,0.20699385552392768,43
2500,1,4779,4779,0,0,0,0,1.0,1.0,1.0,1.0,1.0,1,0.1699552110001779,44
2501,3,4782,4782,0,0,0,0,1.0,1.0,1.0,1.0,1.0,1,0.24399319865092403,46
2502,3,4785,4785,0,0,0,0,1.0,1.0,1.0,1.0,1.0,1,0.2854203169174359,47
2503,4,4789,4789,0,0,0,0,1.0,1.0,1.0,1.0,1.0,1,0.28586498751361245,47
2504,0,4789,4789,0,0,0,0,1.0,1.0,1.0,1.0,1.0,1,0.2864429350061431,46
2505,1,4790,4790,0,0,0,0,1.0,1.0,1.0,1.0,1.0,1,0.2773432454490599,46
2506,2,4792,4792,0,0,0,0,1.0,1.0,1.0,1.0,1.0,1,0.24317595979227613,45
2507,0,4792,4792,0,0,0,0,1.0,1.0,1.0,1.0,1.0,1,0.2543982057109852,45
2508,1,4793,4793,0,0,0,0,1.0,1.0,1.0,1.0,1.0,1,0.23615651195130294,46
2509,3,4796,4796,0,0,0,0,1.0,1.0,1.0,1.0,1.0,1,0.19186331599615952,45
2510,0,4796,4796,0,0,0,0,1.0,1.0,1.0,1.0,1.0,1,0.20751379675969286,46
2511,2,4798,4798,0,0,0,0,1.0,1.0,1.0,1.0,1.0,1,0.1571875462517956,47
2512,3,4801,4801,0,0,0,0,1.0,1.0,1.0,1.0,1.0,1,0.16542152277804903,47
2513,2,4803,4803,0,0,0,0,1.0,1.0,1.0,1.0,1.0,1,0.13927392078617273,48
2514,2,4805,4805,0,0,0,0,1.0,1.0,1.0,1.0,1.0,1,0.14793931079434108,48
2515,6,4811,4811,0,0,0,0,1.0,1.0,1.0,1.0,1.0,1,0.14002545234661778,49
2516,1,4812,4812,0,0,0,0,1.0,1.0,1.0,1.0,1.0,1,0.14901906196813022,49
2517,4,4816,4816,0,0,0,0,1.0,1.0,1.0,1.0,1.0,1,0.13782050116675773,49
2518,0,4816,4816,0,0,0,0,1.0,1.0,1.0,1.0,1.0,1,0.14468490635960765,48
2519,5,4821,4821,0,0,0,0,1.0,1.0,1.0,1.0,1.0,1,0.1384398009397357,48
2520,4,4825,4825,0,0,0,0,1.0,1.0,1.0,1.0,1.0,1,0.14277549853967827,46
2521,2,4827,4827,0,0,0,0,1.0,1.0,1.0,1.0,1.0,1,0.18288136486619777,47
2522,2,4829,4829,0,0,0,0,1.0,1.0,1.0,1.0,1.0,1,0.2354664862649993,45
2523,3,4832,4832,0,0,0,0,1.0,1.0,1.0,1.0,1.0,1,0.27930094870674926,44
2524,1,4833,4833,0,0,0,0,1.0,1.0,1.0,1.0,1.0,1,0.32580457097911,42
2525,2,4835,4835,0,0,0,0,1.0,1.0,1.0,1.0,1.0,1,0.328744093386762,42
2526,1,4836,4836,0,0,0,0,1.0,1.0,1.0,1.0,1.0,1,0.37322956265242524,41
2527,2,4838,4838,0,0,0,0,1.0,1.0,1.0,1.0,1.0,1,0.3573379001449367,41
2528,1,4839,4839,0,0,0,0,1.0,1.0,1.0,1.0,1.0,1,0.31688448985920337,41
2529,0,4839,4839,0,0,0,0,1.0,1.0,1.0,1.0,1.0,1,0.3219100134197575,42
2530,1,4840,4840,0,0,0,0,1.0,1.0,1.0,1.0,1.0,1,0.3550184693466473,41
2531,1,4841,4841,0,0,0,0,1.0,1.0,1.0,1.0,1.0,1,0.31792910420017456,41
2532,0,4841,4841,0,0,0,0,1.0,1.0,1.0,1.0,1.0,1,0.30875581182316547,43
2533,2,4843,4843,0,0,0,0,1.0,1.0,1.0,1.0,1.0,1,0.3442104619989069,43
2534,2,4845,4845,0,0,0,0,1.0,1.0,1.0,1.0,1.0,1,0.35018473147557444,43
2535,0,4845,4845,0,0,0,0,1.0,1.0,1.0,1.0,1.0,1,0.34765408125191505,44
2536,0,4845,4845,0,0,0,0,1.0,1.0,1.0,1.0,1.0,1,0.34765408125191505,44
2537,0,4845,4845,0,0,0,0,1.0,1.0,1.0,1.0,1.0,1,0.33507353047551747,45
2538,1,4846,4846,0,0,0,0,1.0,1.0,1.0,1.0,1.0,1,0.301956281334063,48
2539,0,4846,4846,0,0,0,0,1.0,1.0,1.0,1.0,1.0,1,0.301956281334063,48
2540,4,4850,4850,0,0,0,0,1.0,1.0,1.0,1.0,1.0,1,0.27969777113958977,50
2541,2,4852,4852,0,0,0,0,0.9842239978828901,0.9609356138052517,0.9842239978828901,0.9609356138052517,1.0,1,0.2678885383483692,52
2542,3,4855,4855,0,0,0,0,1.0,1.0,1.0,1.0,1.0,1,0.21977782695840936,52
2543,2,4857,4857,0,0,0,0,1.0,1.0,1.0,1.0,1.0,1,0.21946789103112113,51
2544,1,4858,4858,0,0,0,0,1.0,1.0,1.0,1.0,1.0,1,0.23168790619302307,51
2545,3,4861,4861,0,0,0,0,1.0,1.0,1.0,1.0,1.0,1,0.1957292359107716,50
2546,2,4863,4863,0,0,0,0,1.0,1.0,1.0,1.0,1.0,1,0.19578433914628185,50
2547,2,4865,4865,0,0,0,0,1.0,1.0,1.0,1.0,1.0,1,0.2200986253938528,47
2548,0,4865,4865,0,0,0,0,1.0,1.0,1.0,1.0,1.0,1,0.2070224883552961,46
2549,1,4866,4866,0,0,0,0,1.0,1.0,1.0,1.0,1.0,1,0.20636379093090287,46
2550,0,4866,4866,0,0,0,0,1.0,1.0,1.0,1.0,1.0,1,0.18014116309512007,44
2551,0,4866,4866,0,0,0,0,1.0,1.0,1.0,1.0,1.0,1,0.1669981982928804,43
2552,0,4866,4866,0,0,0,0,1.0,1.0,1.0,1.0,1.0,1,0.20237184420839394,43
2553,5,4871,4871,0,0,0,0,1.0,1.0,1.0,1.0,1.0,1,0.23897683946231593,44
2554,0,4871,4871,0,0,0,0,1.0,1.0,1.0,1.0,1.0,1,0.2096740519024074,45
2555,6,4877,4877,0,0,0,0,1.0,1.0,1.0,1.0,1.0,1,0.31884388549437387,44
2556,4,4881,4881,0,0,0,0,1.0,1.0,1.0,1.0,1.0,1,0.3100499270743739,44
2557,1,4882,4882,0,0,0,0,1.0,1.0,1.0,1.0,1.0,1,0.3540687922748288,41
2558,1,4883,4883,0,0,0,0,1.0,1.0,1.0,1.0,1.0,1,0.3147064751388748,40
2559,0,4883,4883,0,0,0,0,1.0,1.0,1.0,1.0,1.0,1,0.31271515501364644,41
2560,0,4883,4883,0,0,0,0,1.0,1.0,1.0,1.0,1.0,1,0.31271515501364644,41
2561,2,4885,4885,0,0,0,0,1.0,1.0,1.0,1.0,1.0,1,0.32626857249014757,43
2562,0,4885,4885,0,0,0,0,1.0,1.0,1.0,1.0,1.0,1,0.3377727928425804,44
2563,3,4888,4888,0,0,0,0,1.0,1.0,1.0,1.0,1.0,1,0.3782689869461953,44
2564,2,4890,4890,0,0,0,0,1.0,1.0,1.0,1.0,1.0,1,0.3759867914287089,44
2565,2,4892,4892,0,0,0,0,0.9879199396028382,0.9741141562917962,0.9879199396028382,0.9741141562917962,1.0,1,0.38836709546357207,45
2566,3,4895,4895,0,0,0,0,0.9446141854579794,0.8892283709159589,0.9446141854579794,0.8892283709159589,1.0,1,0.4206458637711718,46
2567,2,4897,4897,0,0,0,0,0.9411413416612935,0.8771645391192213,0.9411413416612935,0.8771645391192213,1.0,1,0.36837612727997543,48
2568,2,4899,4899,0,0,0,0,0.9047499519140944,0.8171199076750612,0.9047499519140944,0.8171199076750612,1.0,1,0.3860206563627737,48
2569,2,4901,4901,0,0,0,0,0.8820887663037745,0.7777826749571134,0.8820887663037745,0.7777826749571134,1.0,1,0.37261083456996374,49
2570,0,4901,4901,0,0,0,0,0.8796322822684365,0.7777826749571134,0.8796322822684365,0.7777826749571134,1.0,1,0.3873125321083896,48
2571,2,4903,4903,0,0,0,0,0.92074589229321,0.8414917845864199,0.92074589229321,0.8414917845864199,1.0,1,0.3295856672513065,48
2572,0,4903,4903,0,0,0,0,0.9223633230627363,0.8414917845864199,0.9223633230627363,0.8414917845864199,1.0,1,0.31591039036006663,49
2573,0,4903,4903,0,0,0,0,0.9239160566014816,0.8414917845864199,0.9239160566014816,0.8414917845864199,1.0,1,0.2988749697655209,50
2574,0,4903,4903,0,0,0,0,0.9223633230627363,0.8414917845864199,0.9223633230627363,0.8414917845864199,1.0,1,0.32123068627714685,49
2575,1,4904,4904,0,0,0,0,0.9440083030248791,0.8831477628345303,0.9440083030248791,0.8831477628345303,1.0,1,0.30576548072968324,48
2576,0,4904,4904,0,0,0,0,0.9440083030248791,0.8831477628345303,0.9440083030248791,0.8831477628345303,1.0,1,0.30576548072968324,48
2577,1,4905,4905,0,0,0,0,0.9261755459299127,0.8461990540206515,0.9261755459299127,0.8461990540206515,1.0,1,0.313624651799892,50
2578,1,4906,4906,0,0,0,0,0.9261755459299127,0.8461990540206515,0.9261755459299127,0.8461990540206515,1.0,1,0.32520397920792743,50
2579,3,4909,4909,0,0,0,0,0.9494171909967435,0.8878381191666923,0.9494171909967435,0.8878381191666923,1.0,1,0.30621790896464335,51
2580,3,4912,4912,0,0,0,0,0.9507646951700612,0.8886853977757908,0.9507646951700612,0.8886853977757908,1.0,1,0.29965924052649434,52
2581,2,4914,4914,0,0,0,0,0.9635255504198272,0.915445594155054,0.9635255504198272,0.915445594155054,1.0,1,0.28281092171484834,51
2582,3,4917,4917,0,0,0,0,0.9782450876788622,0.9471666415058083,0.9782450876788622,0.9471666415058083,1.0,1,0.25331007796888655,51
2583,4,4921,4921,0,0,0,0,0.9871387476533174,0.9687655300151997,0.9871387476533174,0.9687655300151997,1.0,1,0.22685109515124066,51
2584,6,4927,4927,0,0,0,0,1.0,1.0,1.0,1.0,1.0,1,0.14835601823353345,51
2585,5,4932,4932,0,0,0,0,1.0,1.0,1.0,1.0,1.0,1,0.14851544093583288,50
2586,4,4936,4936,0,0,0,0,1.0,1.0,1.0,1.0,1.0,1,0.1025094566759585,50
2587,7,4943,4943,0,0,0,0,1.0,1.0,1.0,1.0,1.0,1,0.08945806652070075,48
2588,4,4947,4947,0,0,0,0,1.0,1.0,1.0,1.0,1.0,1,0.05969775086015534,50
2589,3,4950,4950,0,0,0,0,1.0,1.0,1.0,1.0,1.0,1,0.06693592274787383,48
2590,1,4951,4951,0,0,0,0,1.0,1.0,1.0,1.0,1.0,1,0.10140471011480409,47
2591,1,4952,4952,0,0,0,0,1.0,1.0,1.0,1.0,1.0,1,0.12596125782615253,47
2592,1,4953,4953,0,0,0,0,1.0,1.0,1.0,1.0,1.0,1,0.14836549543500838,47
2593,1,4954,4954,0,0,0,0,1.0,1.0,1.0,1.0,1.0,1,0.14064033942352747,47
2594,3,4957,4957,0,0,0,0,1.0,1.0,1.0,1.0,1.0,1,0.16673003255243232,49
2595,1,4958,4958,0,0,0,0,1.0,1.0,1.0,1.0,1.0,1,0.18040784942987556,48
2596,1,4959,4959,0,0,0,0,1.0,1.0,1.0,1.0,1.0,1,0.18382432323479664,47
2597,2,4961,4961,0,0,0,0,1.0,1.0,1.0,1.0,1.0,1,0.150670964499093,48
2598,1,4962,4962,0,0,0,0,1.0,1.0,1.0,1.0,1.0,1,0.14157517854852072,48
2599,1,4963,4963,0,0,0,0,1.0,1.0,1.0,1.0,1.0,1,0.12631583975958377,49
2600,1,4964,4964,0,0,0,0,1.0,1.0,1.0,1.0,1.0,1,0.11984241398859606,52
2601,1,4965,4965,0,0,0,0,1.0,1.0,1.0,1.0,1.0,1,0.16046378022443727,51
2602,4,4969,4969,0,0,0,0,1.0,1.0,1.0,1.0,1.0,1,0.1728521184090604,52
2603,1,4970,4970,0,0,0,0,1.0,1.0,1.0,1.0,1.0,1,0.2078902042253941,53
2604,2,4972,4972,0,0,0,0,1.0,1.0,1.0,1.0,1.0,1,0.1973220206161906,53
2605,2,4974,4974,0,0,0,0,1.0,1.0,1.0,1.0,1.0,1,0.17920970072820913,52
2606,2,4976,4976,0,0,0,0,1.0,1.0,1.0,1.0,1.0,1,0.17607034018418788,52
2607,5,4981,4981,0,0,0,0,1.0,1.0,1.0,1.0,1.0,1,0.11604933047778669,52
2608,2,4983,4983,0,0,0,0,1.0,1.0,1.0,1.0,1.0,1,0.1102545083726686,52
2609,6,4989,4989,0,0,0,0,1.0,1.0,1.0,1.0,1.0,1,0.09952889921266482,53
2610,2,4991,4991,0,0,0,0,1.0,1.0,1.0,1.0,1.0,1,0.06729538266041536,54
2611,5,4996,4996,0,0,0,0,1.0,1.0,1.0,1.0,1.0,1,0.06979903414366763,54
2612,3,4999,4999,0,0,0,0,1.0,1.0,1.0,1.0,1.0,1,0.022287818289273533,56
2613,5,5004,5004,0,0,0,0,1.0,1.0,1.0,1.0,1.0,1,0.11180369191947252,56
2614,5,5009,5009,0,0,0,0,1.0,1.0,1.0,1.0,1.0,1,0.09545050555281318,56
2615,4,5013,5013,0,0,0,0,1.0,1.0,1.0,1.0,1.0,1,0.181904478104207,57
2616,3,5016,5016,0,0,0,0,1.0,1.0,1.0,1.0,1.0,1,0.2190840439287853,57
2617,3,5019,5019,0,0,0,0,0.9986471995748376,0.9964335261518446,0.9986471995748376,0.9964335261518446,1.0,1,0.21977524082112676,58
2618,1,5020,5020,0,0,0,0,0.9758990780292209,0.9392237619867309,0.9758990780292209,0.9392237619867309,1.0,1,0.2423648428311347,58
2619,0,5020,5020,0,0,0,0,0.9548945258455567,0.8909951041267619,0.9548945258455567,0.8909951041267619,1.0,1,0.2633621649646755,58
2620,1,5021,5021,0,0,0,0,0.938701969065812,0.8528847257579488,0.938701969065812,0.8528847257579488,1.0,1,0.2589857267128799,60
2621,3,5024,5024,0,0,0,0,0.9843063918431331,0.9579125963065843,0.9843063918431331,0.9579125963065843,1.0,1,0.2040631358420246,59
2622,1,5025,5025,0,0,0,0,0.9714593474017458,0.9255461236567281,0.9714593474017458,0.9255461236567281,1.0,1,0.194837242443573,60
2623,4,5029,5029,0,0,0,0,0.9919723778267004,0.9784713768988785,0.9919723778267004,0.9784713768988785,1.0,1,0.18596746955999105,59
2624,3,5032,5032,0,0,0,0,1.0,1.0,1.0,1.0,1.0,1,0.16778125394352045,58
2625,4,5036,5036,0,0,0,0,1.0,1.0,1.0,1.0,1.0,1,0.17856607875053493,58
2626,2,5038,5038,0,0,0,0,1.0,1.0,1.0,1.0,1.0,1,0.16615435040461815,57
2627,1,5039,5039,0,0,0,0,1.0,1.0,1.0,1.0,1.0,1,0.17582079563794226,55
2628,1,5040,5040,0,0,0,0,1.0,1.0,1.0,1.0,1.0,1,0.1671593757385335,55
2629,1,5041,5041,0,0,0,0,1.0,1.0,1.0,1.0,1.0,1,0.16918680842259723,54
2630,0,5041,5041,0,0,0,0,1.0,1.0,1.0,1.0,1.0,1,0.20625390632834995,55
2631,0,5041,5041,0,0,0,0,1.0,1.0,1.0,1.0,1.0,1,0.19180202724320838,55
2632,2,5043,5043,0,0,0,0,1.0,1.0,1.0,1.0,1.0,1,0.20946865660045128,55
2633,1,5044,5044,0,0,0,0,1.0,1.0,1.0,1.0,1.0,1,0.18126200327309597,53
2634,3,5047,5047,0,0,0,0,1.0,1.0,1.0,1.0,1.0,1,0.2085740771905364,52
2635,3,5050,5050,0,0,0,0,1.0,1.0,1.0,1.0,1.0,1,0.2231898122695308,52
2636,3,5053,5053,0,0,0,0,1.0,1.0,1.0,1.0,1.0,1,0.20711384285411763,51
2637,5,5058,5058,0,0,0,0,1.0,1.0,1.0,1.0,1.0,1,0.20444978214981116,50
2638,6,5064,5064,0,0,0,0,1.0,1.0,1.0,1.0,1.0,1,0.21655574101848732,48
2639,5,5069,5069,0,0,0,0,1.0,1.0,1.0,1.0,1.0,1,0.2266953015211968,48
2640,1,5070,5070,0,0,0,0,1.0,1.0,1.0,1.0,1.0,1,0.23430410041183855,46
2641,4,5074,5074,0,0,0,0,1.0,1.0,1.0,1.0,1.0,1,0.2038553856957143,46
2642,2,5076,5076,0,0,0,0,1.0,1.0,1.0,1.0,1.0,1,0.20083096858530514,47
2643,5,5081,5081,0,0,0,0,1.0,1.0,1.0,1.0,1.0,1,0.14808947595081715,45
2644,2,5083,5083,0,0,0,0,1.0,1.0,1.0,1.0,1.0,1,0.2035700396173611,44
2645,3,5086,5086,0,0,0,0,1.0,1.0,1.0,1.0,1.0,1,0.16608716684484343,42
2646,2,5088,5088,0,0,0,0,1.0,1.0,1.0,1.0,1.0,1,0.199175243571617,43
2647,5,5093,5093,0,0,0,0,1.0,1.0,1.0,1.0,1.0,1,0.2316349919071604,40
2648,1,5094,5094,0,0,0,0,1.0,1.0,1.0,1.0,1.0,1,0.20958523309656926,41
2649,2,5096,5096,0,0,0,0,1.0,1.0,1.0,1.0,1.0,1,0.19793018697129808,43
2650,1,5097,5097,0,0,0,0,1.0,1.0,1.0,1.0,1.0,1,0.27836003369150086,43
2651,1,5098,5098,0,0,0,0,1.0,1.0,1.0,1.0,1.0,1,0.25690129026459724,44
2652,1,5099,5099,0,0,0,0,0.9890009632528596,0.9769543991964679,0.9890009632528596,0.9769543991964679,1.0,1,0.3013245483259591,44
2653,1,5100,5100,0,0,0,0,0.9890009632528596,0.9769543991964679,0.9890009632528596,0.9769543991964679,1.0,1,0.2920945279293035,44
2654,3,5103,5103,0,0,0,0,0.9579929976207999,0.9178123866493909,0.9579929976207999,0.9178123866493909,1.0,1,0.3387761047983775,45
2655,3,5106,5106,0,0,0,0,1.0,1.0,1.0,1.0,1.0,1,0.2719492513155262,45
2656,4,5110,5110,0,0,0,0,1.0,1.0,1.0,1.0,1.0,1,0.2408538598921498,45
2657,3,5113,5113,0,0,0,0,1.0,1.0,1.0,1.0,1.0,1,0.197332363615717,45
2658,5,5118,5118,0,0,0,0,1.0,1.0,1.0,1.0,1.0,1,0.18685281109551485,47
2659,2,5120,5120,0,0,0,0,1.0,1.0,1.0,1.0,1.0,1,0.20320950323740467,46
2660,0,5120,5120,0,0,0,0,1.0,1.0,1.0,1.0,1.0,1,0.20320950323740467,46
2661,4,5124,5124,0,0,0,0,1.0,1.0,1.0,1.0,1.0,1,0.14934898004424954,46
2662,1,5125,5125,0,0,0,0,1.0,1.0,1.0,1.0,1.0,1,0.130373362716788,47
2663,4,5129,5129,0,0,0,0,1.0,1.0,1.0,1.0,1.0,1,0.09465480436942136,46
2664,2,5131,5131,0,0,0,0,1.0,1.0,1.0,1.0,1.0,1,0.1116734441911608,45
2665,0,5131,5131,0,0,0,0,1.0,1.0,1.0,1.0,1.0,1,0.1273571917231109,47
2666,3,5134,5134,0,0,0,0,1.0,1.0,1.0,1.0,1.0,1,0.17247977840902262,47
2667,1,5135,5135,0,0,0,0,1.0,1.0,1.0,1.0,1.0,1,0.20759919927674045,45
2668,3,5138,5138,0,0,0,0,1.0,1.0,1.0,1.0,1.0,1,0.19365995500892816,45
2669,2,5140,5140,0,0,0,0,1.0,1.0,1.0,1.0,1.0,1,0.2779661148916219,45
2670,1,5141,5141,0,0,0,0,0.9976565759347793,0.9949783770030984,0.9976565759347793,0.9949783770030984,1.0,1,0.3083722960462351,45
2671,1,5142,5142,0,0,0,0,1.0,1.0,1.0,1.0,1.0,1,0.3487235635527169,41
2672,1,5143,5143,0,0,0,0,1.0,1.0,1.0,1.0,1.0,1,0.3267927138906689,40
2673,5,5148,5148,0,0,0,0,1.0,1.0,1.0,1.0,1.0,1,0.34093389761760545,39
2674,0,5148,5148,0,0,0,0,1.0,1.0,1.0,1.0,1.0,1,0.321628619330711,37
2675,3,5151,5151,0,0,0,0,1.0,1.0,1.0,1.0,1.0,1,0.3576011016230149,35
2676,1,5152,5152,0,0,0,0,1.0,1.0,1.0,1.0,1.0,1,0.31788745459865553,34
2677,3,5155,5155,0,0,0,0,1.0,1.0,1.0,1.0,1.0,1,0.2618669874825099,32
2678,2,5157,5157,0,0,0,0,1.0,1.0,1.0,1.0,1.0,1,0.2357556234484108,33
2679,2,5159,5159,0,0,0,0,1.0,1.0,1.0,1.0,1.0,1,0.23372158403533116,33
2680,1,5160,5160,0,0,0,0,1.0,1.0,1.0,1.0,1.0,1,0.25167142144118865,33
2681,2,5162,5162,0,0,0,0,1.0,1.0,1.0,1.0,1.0,1,0.23417311489701184,32
2682,0,5162,5162,0,0,0,0,1.0,1.0,1.0,1.0,1.0,1,0.23417311489701184,32
2683,1,5163,5163,0,0,0,0,1.0,1.0,1.0,1.0,1.0,1,0.19653960197587042,32
2684,2,5165,5165,0,0,0,0,1.0,1.0,1.0,1.0,1.0,1,0.19294130938071646,31
2685,0,5165,5165,0,0,0,0,1.0,1.0,1.0,1.0,1.0,1,0.17303426165825192,30
2686,1,5166,5166,0,0,0,0,1.0,1.0,1.0,1.0,1.0,1,0.21945805321526554,29
2687,2,5168,5168,0,0,0,0,1.0,1.0,1.0,1.0,1.0,1,0.22104172756345578,28
2688,4,5172,5172,0,0,0,0,1.0,1.0,1.0,1.0,1.0,1,0.1991516696594892,28
2689,4,5176,5176,0,0,0,0,1.0,1.0,1.0,1.0,1.0,1,0.13929727543756917,29
2690,4,5180,5180,0,0,0,0,1.0,1.0,1.0,1.0,1.0,1,0.17442054375927613,29
2691,3,5183,5183,0,0,0,0,1.0,1.0,1.0,1.0,1.0,1,0.1338753957875639,29
2692,4,5187,5187,0,0,0,0,1.0,1.0,1.0,1.0,1.0,1,0.14137722265521221,31
2693,2,5189,5189,0,0,0,0,1.0,1.0,1.0,1.0,1.0,1,0.24908024507144935,32
2694,3,5192,5192,0,0,0,0,1.0,1.0,1.0,1.0,1.0,1,0.21256956771260185,32
2695,2,5194,5194,0,0,0,0,1.0,1.0,1.0,1.0,1.0,1,0.208537595832436,33
2696,4,5198,5198,0,0,0,0,1.0,1.0,1.0,1.0,1.0,1,0.17777827237792487,33
2697,0,5198,5198,0,0,0,0,1.0,1.0,1.0,1.0,1.0,1,0.19695107022949407,34
2698,2,5200,5200,0,0,0,0,1.0,1.0,1.0,1.0,1.0,1,0.22204177139408093,34
2699,0,5200,5200,0,0,0,0,1.0,1.0,1.0,1.0,1.0,1,0.23698494418357718,36
2700,0,5200,5200,0,0,0,0,1.0,1.0,1.0,1.0,1.0,1,0.2411826023615934,36
2701,3,5203,5203,0,0,0,0,1.0,1.0,1.0,1.0,1.0,1,0.25762155422978456,36
2702,1,5204,5204,0,0,0,0,1.0,1.0,1.0,1.0,1.0,1,0.23639439969123816,36
2703,3,5207,5207,0,0,0,0,1.0,1.0,1.0,1.0,1.0,1,0.19876081176256916,38
2704,1,5208,5208,0,0,0,0,1.0,1.0,1.0,1.0,1.0,1,0.20046429462444842,37
2705,5,5213,5213,0,0,0,0,1.0,1.0,1.0,1.0,1.0,1,0.17225797238120505,36
2706,0,5213,5213,0,0,0,0,1.0,1.0,1.0,1.0,1.0,1,0.18274591772009127,34
2707,2,5215,5215,0,0,0,0,1.0,1.0,1.0,1.0,1.0,1,0.14316318681121395,36
2708,2,5217,5217,0,0,0,0,1.0,1.0,1.0,1.0,1.0,1,0.14159859397463967,36
2709,1,5218,5218,0,0,0,0,1.0,1.0,1.0,1.0,1.0,1,0.17467968168684211,33
2710,2,5220,5220,0,0,0,0,1.0,1.0,1.0,1.0,1.0,1,0.22994854142538695,32
2711,0,5220,5220,0,0,0,0,1.0,1.0,1.0,1.0,1.0,1,0.22972658282188044,29
2712,0,5220,5220,0,0,0,0,1.0,1.0,1.0,1.0,1.0,1,0.15168535469084887,28
2713,1,5221,5221,0,0,0,0,1.0,1.0,1.0,1.0,1.0,1,0.18540027797007005,28
2714,3,5224,5224,0,0,0,0,1.0,1.0,1.0,1.0,1.0,1,0.14891596504004928,25
2715,1,5225,5225,0,0,0,0,1.0,1.0,1.0,1.0,1.0,1,0.19113551059724754,24
2716,4,5229,5229,0,0,0,0,1.0,1.0,1.0,1.0,1.0,1,0.1597772411535634,23
2717,3,5232,5232,0,0,0,0,1.0,1.0,1.0,1.0,1.0,1,0.1915751579343111,24
2718,3,5235,5235,0,0,0,0,1.0,1.0,1.0,1.0,1.0,1,0.08938799269159114,24
2719,1,5236,5236,0,0,0,0,1.0,1.0,1.0,1.0,1.0,1,0.08752411540252673,25
2720,3,5239,5239,0,0,0,0,1.0,1.0,1.0,1.0,1.0,1,0.04461219787366062,25
2721,2,5241,5241,0,0,0,0,1.0,1.0,1.0,1.0,1.0,1,0.13699424390382903,26
2722,1,5242,5242,0,0,0,0,1.0,1.0,1.0,1.0,1.0,1,0.12000115572593123,26
2723,3,5245,5245,0,0,0,0,1.0,1.0,1.0,1.0,1.0,1,0.10330615934663667,26
2724,0,5245,5245,0,0,0,0,1.0,1.0,1.0,1.0,1.0,1,0.08262671396250645,27
2725,3,5248,5248,0,0,0,0,1.0,1.0,1.0,1.0,1.0,1,0.18760964322992585,27
2726,0,5248,5248,0,0,0,0,1.0,1.0,1.0,1.0,1.0,1,0.1456540438239645,28
2727,0,5248,5248,0,0,0,0,1.0,1.0,1.0,1.0,1.0,1,0.14853213779533683,29
2728,3,5251,5251,0,0,0,0,1.0,1.0,1.0,1.0,1.0,1,0.23902158773434892,28
2729,3,5254,5254,0,0,0,0,1.0,1.0,1.0,1.0,1.0,1,0.19735542410881063,28
2730,1,5255,5255,0,0,0,0,1.0,1.0,1.0,1.0,1.0,1,0.23167720769130518,29
2731,2,5257,5257,0,0,0,0,1.0,1.0,1.0,1.0,1.0,1,0.21266347217854029,30
2732,2,5259,5259,0,0,0,0,1.0,1.0,1.0,1.0,1.0,1,0.23904886697273509,29
2733,2,5261,5261,0,0,0,0,1.0,1.0,1.0,1.0,1.0,1,0.21147034740681345,29
2734,4,5265,5265,0,0,0,0,1.0,1.0,1.0,1.0,1.0,1,0.1891909220508832,29
2735,1,5266,5266,0,0,0,0,1.0,1.0,1.0,1.0,1.0,1,0.20952397981301676,29
2736,1,5267,5267,0,0,0,0,1.0,1.0,1.0,1.0,1.0,1,0.26067782048231775,30
2737,3,5270,5270,0,0,0,0,1.0,1.0,1.0,1.0,1.0,1,0.2072209457241733,30
2738,0,5270,5270,0,0,0,0,1.0,1.0,1.0,1.0,1.0,1,0.24915425505679092,29
2739,1,5271,5271,0,0,0,0,1.0,1.0,1.0,1.0,1.0,1,0.2217789453901557,30
2740,0,5271,5271,0,0,0,0,1.0,1.0,1.0,1.0,1.0,1,0.24603541954905953,29
2741,0,5271,5271,0,0,0,0,1.0,1.0,1.0,1.0,1.0,1,0.24603541954905953,29
2742,0,5271,5271,0,0,0,0,1.0,1.0,1.0,1.0,1.0,1,0.24603541954905953,29
2743,0,5271,5271,0,0,0,0,1.0,1.0,1.0,1.0,1.0,1,0.2641550379318056,30
2744,0,5271,5271,0,0,0,0,1.0,1.0,1.0,1.0,1.0,1,0.22635202346029545,28
2745,0,5271,5271,0,0,0,0,1.0,1.0,1.0,1.0,1.0,1,0.19811390314756785,27
2746,1,5272,5272,0,0,0,0,1.0,1.0,1.0,1.0,1.0,1,0.15867966225100844,26
2747,0,5272,5272,0,0,0,0,1.0,1.0,1.0,1.0,1.0,1,0.22758322510634799,22
2748,0,5272,5272,0,0,0,0,1.0,1.0,1.0,1.0,1.0,1,0.22729863970910505,22
2749,0,5272,5272,0,0,0,0,1.0,1.0,1.0,1.0,1.0,1,0.2561441941234942,20
2750,1,5273,5273,0,0,0,0,1.0,1.0,1.0,1.0,1.0,1,0.25170751260036606,17
2751,2,5275,5275,0,0,0,0,1.0,1.0,1.0,1.0,1.0,1,0.3032214706557144,17
2752,1,5276,5276,0,0,0,0,1.0,1.0,1.0,1.0,1.0,1,0.3854559442184075,16
2753,1,5277,5277,0,0,0,0,1.0,1.0,1.0,1.0,1.0,1,0.45017927271964264,16
2754,1,5278,5278,0,0,0,0,1.0,1.0,1.0,1.0,1.0,1,0.3463492126980812,16
2755,1,5279,5279,0,0,0,0,1.0,1.0,1.0,1.0,1.0,1,0.4588345030531186,16
2756,0,5279,5279,0,0,0,0,1.0,1.0,1.0,1.0,1.0,1,0.47495586469242973,17
2757,2,5281,5281,0,0,0,0,1.0,1.0,1.0,1.0,1.0,1,0.4147661544581189,18
2758,2,5283,5283,0,0,0,0,1.0,1.0,1.0,1.0,1.0,1,0.3850104504962283,18
2759,1,5284,5284,0,0,0,0,1.0,1.0,1.0,1.0,1.0,1,0.44542985573996896,19
2760,0,5284,5284,0,0,0,0,1.0,1.0,1.0,1.0,1.0,1,0.42390881427649774,18
2761,0,5284,5284,0,0,0,0,1.0,1.0,1.0,1.0,1.0,1,0.42390881427649774,18
2762,1,5285,5285,0,0,0,0,1.0,1.0,1.0,1.0,1.0,1,0.45589489545518913,18
2763,0,5285,5285,0,0,0,0,1.0,1.0,1.0,1.0,1.0,1,0.45589489545518913,18
2764,1,5286,5286,0,0,0,0,1.0,1.0,1.0,1.0,1.0,1,0.39290647557194,18
2765,1,5287,5287,0,0,0,0,1.0,1.0,1.0,1.0,1.0,1,0.3236686482257385,18
2766,0,5287,5287,0,0,0,0,1.0,1.0,1.0,1.0,1.0,1,0.3236686482257385,18
2767,0,5287,5287,0,0,0,0,1.0,1.0,1.0,1.0,1.0,1,0.36627077309719414,17
2768,1,5288,5288,0,0,0,0,1.0,1.0,1.0,1.0,1.0,1,0.3392181301375562,17
2769,0,5288,5288,0,0,0,0,1.0,1.0,1.0,1.0,1.0,1,0.3392181301375562,17
2770,0,5288,5288,0,0,0,0,1.0,1.0,1.0,1.0,1.0,1,0.3392181301375562,17
2771,0,5288,5288,0,0,0,0,1.0,1.0,1.0,1.0,1.0,1,0.3392181301375562,17
2772,0,5288,5288,0,0,0,0,1.0,1.0,1.0,1.0,1.0,1,0.3392181301375562,17
2773,0,5288,5288,0,0,0,0,1.0,1.0,1.0,1.0,1.0,1,0.3392181301375562,17
2774,0,5288,5288,0,0,0,0,1.0,1.0,1.0,1.0,1.0,1,0.2914772057347847,18
2775,0,5288,5288,0,0,0,0,1.0,1.0,1.0,1.0,1.0,1,0.2685140760687432,20
2776,2,5290,5290,0,0,0,0,1.0,1.0,1.0,1.0,1.0,1,0.35223567666933064,21
2777,2,5292,5292,0,0,0,0,1.0,1.0,1.0,1.0,1.0,1,0.35621286851394224,21
2778,1,5293,5293,0,0,0,0,1.0,1.0,1.0,1.0,1.0,1,0.4183059167841528,21
2779,0,5293,5293,0,0,0,0,1.0,1.0,1.0,1.0,1.0,1,0.4073185221930779,22
2780,2,5295,5295,0,0,0,0,1.0,1.0,1.0,1.0,1.0,1,0.4500590288452911,22
2781,1,5296,5296,0,0,0,0,1.0,1.0,1.0,1.0,1.0,1,0.39071263692618596,22
2782,2,5298,5298,0,0,0,0,1.0,1.0,1.0,1.0,1.0,1,0.30551598984822803,23
2783,0,5298,5298,0,0,0,0,1.0,1.0,1.0,1.0,1.0,1,0.28589808265396083,22
2784,2,5300,5300,0,0,0,0,1.0,1.0,1.0,1.0,1.0,1,0.286350830534367,21
2785,0,5300,5300,0,0,0,0,1.0,1.0,1.0,1.0,1.0,1,0.2274706739626567,19
2786,0,5300,5300,0,0,0,0,1.0,1.0,1.0,1.0,1.0,1,0.2274706739626567,19
2787,0,5300,5300,0,0,0,0,1.0,1.0,1.0,1.0,1.0,1,0.18590414592759988,20
2788,1,5301,5301,0,0,0,0,1.0,1.0,1.0,1.0,1.0,1,0.12811718277295217,20
2789,0,5301,5301,0,0,0,0,1.0,1.0,1.0,1.0,1.0,1,0.12376929563576826,19
2790,0,5301,5301,0,0,0,0,1.0,1.0,1.0,1.0,1.0,1,0.12431150285493439,20
2791,2,5303,5303,0,0,0,0,1.0,1.0,1.0,1.0,1.0,1,0.1819118251974205,20
2792,1,5304,5304,0,0,0,0,1.0,1.0,1.0,1.0,1.0,1,0.1573388915393483,20
2793,2,5306,5306,0,0,0,0,1.0,1.0,1.0,1.0,1.0,1,0.2248640938365277,19
2794,0,5306,5306,0,0,0,0,1.0,1.0,1.0,1.0,1.0,1,0.1956922308088363,20
2795,2,5308,5308,0,0,0,0,1.0,1.0,1.0,1.0,1.0,1,0.2426685055785578,21
2796,1,5309,5309,0,0,0,0,1.0,1.0,1.0,1.0,1.0,1,0.20755874659348933,22
2797,0,5309,5309,0,0,0,0,1.0,1.0,1.0,1.0,1.0,1,0.2377602301859322,21
2798,1,5310,5310,0,0,0,0,1.0,1.0,1.0,1.0,1.0,1,0.27457635930303376,21
2799,0,5310,5310,0,0,0,0,1.0,1.0,1.0,1.0,1.0,1,0.2983516548675446,20
2800,0,5310,5310,0,0,0,0,1.0,1.0,1.0,1.0,1.0,1,0.2983516548675446,20
2801,1,5311,5311,0,0,0,0,1.0,1.0,1.0,1.0,1.0,1,0.28300588916956443,20
2802,3,5314,5314,0,0,0,0,1.0,1.0,1.0,1.0,1.0,1,0.24312358859359348,20
2803,2,5316,5316,0,0,0,0,1.0,1.0,1.0,1.0,1.0,1,0.2768617068186576,21
2804,3,5319,5319,0,0,0,0,1.0,1.0,1.0,1.0,1.0,1,0.18772790305941153,22
2805,2,5321,5321,0,0,0,0,1.0,1.0,1.0,1.0,1.0,1,0.20928874200337488,22
2806,3,5324,5324,0,0,0,0,1.0,1.0,1.0,1.0,1.0,1,0.19796129444852367,23
2807,1,5325,5325,0,0,0,0,1.0,1.0,1.0,1.0,1.0,1,0.13370298233154482,24
2808,2,5327,5327,0,0,0,0,1.0,1.0,1.0,1.0,1.0,1,0.08057065426378003,24
2809,0,5327,5327,0,0,0,0,1.0,1.0,1.0,1.0,1.0,1,0.044088507933452446,26
2810,0,5327,5327,0,0,0,0,1.0,1.0,1.0,1.0,1.0,1,0.07116936828956928,26
2811,2,5329,5329,0,0,0,0,1.0,1.0,1.0,1.0,1.0,1,0.09958244090832429,27
2812,0,5329,5329,0,0,0,0,1.0,1.0,1.0,1.0,1.0,1,0.09958244090832429,27
2813,2,5331,5331,0,0,0,0,1.0,1.0,1.0,1.0,1.0,1,0.07691691046881868,28
2814,0,5331,5331,0,0,0,0,1.0,1.0,1.0,1.0,1.0,1,0.08109213269063331,29
2815,1,5332,5332,0,0,0,0,1.0,1.0,1.0,1.0,1.0,1,0.07961485702623747,30
2816,1,5333,5333,0,0,0,0,1.0,1.0,1.0,1.0,1.0,1,0.12071802537872196,31
2817,0,5333,5333,0,0,0,0,1.0,1.0,1.0,1.0,1.0,1,0.12071802537872196,31
2818,0,5333,5333,0,0,0,0,1.0,1.0,1.0,1.0,1.0,1,0.12430439349866777,32
2819,0,5333,5333,0,0,0,0,1.0,1.0,1.0,1.0,1.0,1,0.12430439349866777,32
2820,0,5333,5333,0,0,0,0,1.0,1.0,1.0,1.0,1.0,1,0.11242705171305964,33
2821,1,5334,5334,0,0,0,0,1.0,1.0,1.0,1.0,1.0,1,0.1085343459360581,34
2822,3,5337,5337,0,0,0,0,1.0,1.0,1.0,1.0,1.0,1,0.13006110654463574,35
2823,2,5339,5339,0,0,0,0,1.0,1.0,1.0,1.0,1.0,1,0.15846252805655087,31
2824,2,5341,5341,0,0,0,0,1.0,1.0,1.0,1.0,1.0,1,0.22276457511945566,33
2825,5,5346,5346,0,0,0,0,1.0,1.0,1.0,1.0,1.0,1,0.08751676100622191,31
2826,2,5348,5348,0,0,0,0,1.0,1.0,1.0,1.0,1.0,1,0.20519260816075385,31
2827,6,5354,5354,0,0,0,0,1.0,1.0,1.0,1.0,1.0,1,0.11865438131608023,32
2828,4,5358,5358,0,0,0,0,1.0,1.0,1.0,1.0,1.0,1,0.15804505762102872,33
2829,8,5366,5366,0,0,0,0,1.0,1.0,1.0,1.0,1.0,1,0.1806625727642789,33
2830,3,5369,5369,0,0,0,0,1.0,1.0,1.0,1.0,1.0,1,0.19015276650505364,32
2831,5,5374,5374,0,0,0,0,1.0,1.0,1.0,1.0,1.0,1,0.19550934981659537,31
2832,1,5375,5375,0,0,0,0,1.0,1.0,1.0,1.0,1.0,1,0.240394290150204,30
2833,2,5377,5377,0,0,0,0,1.0,1.0,1.0,1.0,1.0,1,0.1683975937762267,29
2834,3,5380,5380,0,0,0,0,1.0,1.0,1.0,1.0,1.0,1,0.12048339901479439,29
2835,1,5381,5381,0,0,0,0,1.0,1.0,1.0,1.0,1.0,1,0.08862506309139555,27
2836,2,5383,5383,0,0,0,0,1.0,1.0,1.0,1.0,1.0,1,0.08833381178265533,27
2837,1,5384,5384,0,0,0,0,1.0,1.0,1.0,1.0,1.0,1,0.05228551111387449,28
2838,1,5385,5385,0,0,0,0,1.0,1.0,1.0,1.0,1.0,1,0.05275150175333721,29
2839,1,5386,5386,0,0,0,0,1.0,1.0,1.0,1.0,1.0,1,0.0632469870992524,29
2840,2,5388,5388,0,0,0,0,1.0,1.0,1.0,1.0,1.0,1,0.12308912962106841,29
2841,1,5389,5389,0,0,0,0,1.0,1.0,1.0,1.0,1.0,1,0.1503918678034364,31
2842,1,5390,5390,0,0,0,0,1.0,1.0,1.0,1.0,1.0,1,0.13763411952075633,32
2843,2,5392,5392,0,0,0,0,1.0,1.0,1.0,1.0,1.0,1,0.10756235206564234,32
2844,2,5394,5394,0,0,0,0,1.0,1.0,1.0,1.0,1.0,1,0.13471522627704277,33
2845,2,5396,5396,0,0,0,0,1.0,1.0,1.0,1.0,1.0,1,0.10709240936177553,34
2846,0,5396,5396,0,0,0,0,1.0,1.0,1.0,1.0,1.0,1,0.10709240936177553,34
2847,1,5397,5397,0,0,0,0,1.0,1.0,1.0,1.0,1.0,1,0.10950741313981845,35
2848,2,5399,5399,0,0,0,0,1.0,1.0,1.0,1.0,1.0,1,0.15072240641158344,37
2849,0,5399,5399,0,0,0,0,1.0,1.0,1.0,1.0,1.0,1,0.15072240641158344,37
2850,0,5399,5399,0,0,0,0,1.0,1.0,1.0,1.0,1.0,1,0.15072240641158344,37
2851,0,5399,5399,0,0,0,0,1.0,1.0,1.0,1.0,1.0,1,0.15275700007738113,38
2852,0,5399,5399,0,0,0,0,1.0,1.0,1.0,1.0,1.0,1,0.17951161560525825,36
2853,4,5403,5403,0,0,0,0,1.0,1.0,1.0,1.0,1.0,1,0.3243397505352913,36
2854,1,5404,5404,0,0,0,0,1.0,1.0,1.0,1.0,1.0,1,0.2972067100542979,37
2855,4,5408,5408,0,0,0,0,1.0,1.0,1.0,1.0,1.0,1,0.3440750091489186,37
2856,5,5413,5413,0,0,0,0,1.0,1.0,1.0,1.0,1.0,1,0.2824506278341498,38
2857,2,5415,5415,0,0,0,0,1.0,1.0,1.0,1.0,1.0,1,0.23898624833569498,39
2858,2,5417,5417,0,0,0,0,1.0,1.0,1.0,1.0,1.0,1,0.2400525469142771,39
2859,7,5424,5424,0,0,0,0,1.0,1.0,1.0,1.0,1.0,1,0.14476438625741922,39
2860,3,5427,5427,0,0,0,0,1.0,1.0,1.0,1.0,1.0,1,0.1426619126214855,40
2861,6,5433,5433,0,0,0,0,1.0,1.0,1.0,1.0,1.0,1,0.12632736527239372,38
2862,1,5434,5434,0,0,0,0,1.0,1.0,1.0,1.0,1.0,1,0.062271686345803386,38
2863,3,5437,5437,0,0,0,0,1.0,1.0,1.0,1.0,1.0,1,0.11241955277565233,37
2864,4,5441,5441,0,0,0,0,1.0,1.0,1.0,1.0,1.0,1,0.16209433400355178,35
2865,3,5444,5444,0,0,0,0,1.0,1.0,1.0,1.0,1.0,1,0.19695101464185258,33
2866,0,5444,5444,0,0,0,0,1.0,1.0,1.0,1.0,1.0,1,0.21116881343362862,31
2867,3,5447,5447,0,0,0,0,1.0,1.0,1.0,1.0,1.0,1,0.26262215449234766,30
2868,0,5447,5447,0,0,0,0,1.0,1.0,1.0,1.0,1.0,1,0.28339466613520803,31
2869,0,5447,5447,0,0,0,0,1.0,1.0,1.0,1.0,1.0,1,0.3016896118959753,30
2870,2,5449,5449,0,0,0,0,1.0,1.0,1.0,1.0,1.0,1,0.37766744574612243,26
2871,1,5450,5450,0,0,0,0,1.0,1.0,1.0,1.0,1.0,1,0.34505162991062166,27
2872,0,5450,5450,0,0,0,0,1.0,1.0,1.0,1.0,1.0,1,0.3702990375036291,25
2873,1,5451,5451,0,0,0,0,1.0,1.0,1.0,1.0,1.0,1,0.3815623007011742,24
2874,1,5452,5452,0,0,0,0,1.0,1.0,1.0,1.0,1.0,1,0.39714928461294785,25
2875,1,5453,5453,0,0,0,0,1.0,1.0,1.0,1.0,1.0,1,0.34483105339840353,26
2876,1,5454,5454,0,0,0,0,1.0,1.0,1.0,1.0,1.0,1,0.34620880538081683,28
2877,1,5455,5455,0,0,0,0,1.0,1.0,1.0,1.0,1.0,1,0.382927711459348,29
2878,0,5455,5455,0,0,0,0,1.0,1.0,1.0,1.0,1.0,1,0.34292627757973354,31
2879,0,5455,5455,0,0,0,0,1.0,1.0,1.0,1.0,1.0,1,0.34292627757973354,31
2880,1,5456,5456,0,0,0,0,1.0,1.0,1.0,1.0,1.0,1,0.34769721882460675,32
2881,0,5456,5456,0,0,0,0,1.0,1.0,1.0,1.0,1.0,1,0.36378174472849867,31
2882,1,5457,5457,0,0,0,0,1.0,1.0,1.0,1.0,1.0,1,0.3797271690977366,31
2883,3,5460,5460,0,0,0,0,1.0,1.0,1.0,1.0,1.0,1,0.32399973531035897,32
2884,1,5461,5461,0,0,0,0,1.0,1.0,1.0,1.0,1.0,1,0.31317269118960384,32
2885,7,5468,5468,0,0,0,0,1.0,1.0,1.0,1.0,1.0,1,0.24644065429132458,33
2886,2,5470,5470,0,0,0,0,1.0,1.0,1.0,1.0,1.0,1,0.24953433449191992,34
2887,4,5474,5474,0,0,0,0,1.0,1.0,1.0,1.0,1.0,1,0.18477085759551387,34
2888,2,5476,5476,0,0,0,0,1.0,1.0,1.0,1.0,1.0,1,0.24225242658044266,34
2889,1,5477,5477,0,0,0,0,1.0,1.0,1.0,1.0,1.0,1,0.2599616668980299,37
2890,3,5480,5480,0,0,0,0,1.0,1.0,1.0,1.0,1.0,1,0.2997605709470435,37
2891,0,5480,5480,0,0,0,0,1.0,1.0,1.0,1.0,1.0,1,0.2997605709470435,37
2892,4,5484,5484,0,0,0,0,1.0,1.0,1.0,1.0,1.0,1,0.29511416787700395,37
2893,3,5487,5487,0,0,0,0,1.0,1.0,1.0,1.0,1.0,1,0.2518479892214195,38
2894,5,5492,5492,0,0,0,0,1.0,1.0,1.0,1.0,1.0,1,0.20852647021534737,39
2895,3,5495,5495,0,0,0,0,1.0,1.0,1.0,1.0,1.0,1,0.15663678160410707,40
2896,2,5497,5497,0,0,0,0,1.0,1.0,1.0,1.0,1.0,1,0.149698922632046,41
2897,2,5499,5499,0,0,0,0,1.0,1.0,1.0,1.0,1.0,1,0.13285814341852198,41
2898,3,5502,5502,0,0,0,0,1.0,1.0,1.0,1.0,1.0,1,0.155182101066959,41
2899,0,5502,5502,0,0,0,0,1.0,1.0,1.0,1.0,1.0,1,0.19190442017238096,39
2900,3,5505,5505,0,0,0,0,1.0,1.0,1.0,1.0,1.0,1,0.2331416244664935,40
2901,0,5505,5505,0,0,0,0,1.0,1.0,1.0,1.0,1.0,1,0.2402314119198123,40
2902,1,5506,5506,0,0,0,0,1.0,1.0,1.0,1.0,1.0,1,0.2803273328746662,38
2903,0,5506,5506,0,0,0,0,1.0,1.0,1.0,1.0,1.0,1,0.2454127727734162,36
2904,1,5507,5507,0,0,0,0,1.0,1.0,1.0,1.0,1.0,1,0.2784935455074014,36
2905,1,5508,5508,0,0,0,0,1.0,1.0,1.0,1.0,1.0,1,0.3162542112419909,35
2906,3,5511,5511,0,0,0,0,1.0,1.0,1.0,1.0,1.0,1,0.2997846484760724,36
2907,0,5511,5511,0,0,0,0,1.0,1.0,1.0,1.0,1.0,1,0.2809420387673184,37
2908,2,5513,5513,0,0,0,0,1.0,1.0,1.0,1.0,1.0,1,0.280865635585348,38
2909,1,5514,5514,0,0,0,0,1.0,1.0,1.0,1.0,1.0,1,0.3126885690944908,37
2910,1,5515,5515,0,0,0,0,1.0,1.0,1.0,1.0,1.0,1,0.27079515078300387,37
2911,0,5515,5515,0,0,0,0,1.0,1.0,1.0,1.0,1.0,1,0.30107760157559643,36
2912,1,5516,5516,0,0,0,0,1.0,1.0,1.0,1.0,1.0,1,0.2793719013652051,36
2913,3,5519,5519,0,0,0,0,1.0,1.0,1.0,1.0,1.0,1,0.25279844687285574,36
2914,1,5520,5520,0,0,0,0,1.0,1.0,1.0,1.0,1.0,1,0.245328989948798,38
2915,3,5523,5523,0,0,0,0,1.0,1.0,1.0,1.0,1.0,1,0.19940198690141375,37
2916,2,5525,5525,0,0,0,0,1.0,1.0,1.0,1.0,1.0,1,0.15153211736159675,39
2917,1,5526,5526,0,0,0,0,1.0,1.0,1.0,1.0,1.0,1,0.11537961145832952,40
2918,2,5528,5528,0,0,0,0,1.0,1.0,1.0,1.0,1.0,1,0.19221032247862388,40
2919,0,5528,5528,0,0,0,0,1.0,1.0,1.0,1.0,1.0,1,0.18108019223202232,42
2920,2,5530,5530,0,0,0,0,1.0,1.0,1.0,1.0,1.0,1,0.22117118340129552,42
2921,2,5532,5532,0,0,0,0,1.0,1.0,1.0,1.0,1.0,1,0.22921453542837197,42
2922,2,5534,5534,0,0,0,0,1.0,1.0,1.0,1.0,1.0,1,0.23965722088873515,43
2923,3,5537,5537,0,0,0,0,1.0,1.0,1.0,1.0,1.0,1,0.20006585643212735,45
2924,5,5542,5542,0,0,0,0,1.0,1.0,1.0,1.0,1.0,1,0.1779234133193519,46
2925,3,5545,5545,0,0,0,0,1.0,1.0,1.0,1.0,1.0,1,0.14361069440102858,46
2926,0,5545,5545,0,0,0,0,1.0,1.0,1.0,1.0,1.0,1,0.14361069440102858,46
2927,3,5548,5548,0,0,0,0,1.0,1.0,1.0,1.0,1.0,1,0.12882145239021486,48
2928,4,5552,5552,0,0,0,0,1.0,1.0,1.0,1.0,1.0,1,0.1573886762236437,48
2929,2,5554,5554,0,0,0,0,1.0,1.0,1.0,1.0,1.0,1,0.13866137262677705,48
2930,5,5559,5559,0,0,0,0,1.0,1.0,1.0,1.0,1.0,1,0.15765489022914295,50
2931,2,5561,5561,0,0,0,0,1.0,1.0,1.0,1.0,1.0,1,0.1984994102590266,51
2932,2,5563,5563,0,0,0,0,1.0,1.0,1.0,1.0,1.0,1,0.206626160139626,52
2933,2,5565,5565,0,0,0,0,1.0,1.0,1.0,1.0,1.0,1,0.2268302227651254,53
2934,2,5567,5567,0,0,0,0,0.9847803995181679,0.9626427988173215,0.9847803995181679,0.9626427988173215,1.0,1,0.28344170797823004,54
2935,1,5568,5568,0,0,0,0,0.9800171919920094,0.9518595988898411,0.9800171919920094,0.9518595988898411,1.0,1,0.296452658913554,53
2936,1,5569,5569,0,0,0,0,0.9632221520942141,0.9152510461301456,0.9632221520942141,0.9152510461301456,1.0,1,0.31317709539658384,53
2937,0,5569,5569,0,0,0,0,0.9617798835488893,0.9152510461301456,0.9617798835488893,0.9152510461301456,1.0,1,0.3357896986746246,51
2938,1,5570,5570,0,0,0,0,0.983419403400462,0.9600558354647495,0.983419403400462,0.9600558354647495,1.0,1,0.30643455550690196,53
2939,0,5570,5570,0,0,0,0,0.983100545773548,0.9600558354647495,0.983100545773548,0.9600558354647495,1.0,1,0.3167198070343432,52
2940,2,5572,5572,0,0,0,0,0.9671838417973971,0.9258069466723761,0.9671838417973971,0.9258069466723761,1.0,1,0.3246104751594024,52
2941,1,5573,5573,0,0,0,0,0.9890484965407385,0.9751102194107693,0.9890484965407385,0.9751102194107693,1.0,1,0.32064407777069126,50
2942,1,5574,5574,0,0,0,0,0.9722828307051539,0.9397452841416389,0.9722828307051539,0.9397452841416389,1.0,1,0.3388984417153618,50
2943,2,5576,5576,0,0,0,0,0.988799242247669,0.9750528577334445,0.988799242247669,0.9750528577334445,1.0,1,0.31138237301007965,49
2944,1,5577,5577,0,0,0,0,0.9658253435375078,0.9286789778174077,0.9658253435375078,0.9286789778174077,1.0,1,0.34782268143648726,48
2945,4,5581,5581,0,0,0,0,0.9707543316878495,0.9389655617833382,0.9707543316878495,0.9389655617833382,1.0,1,0.322402981367907,48
2946,4,5585,5585,0,0,0,0,0.9883226142582081,0.9750528577334445,0.9883226142582081,0.9750528577334445,1.0,1,0.2771240187531103,47
2947,0,5585,5585,0,0,0,0,0.9883226142582081,0.9750528577334445,0.9883226142582081,0.9750528577334445,1.0,1,0.26025118311017154,47
2948,1,5586,5586,0,0,0,0,0.969036590415421,0.9353807104321831,0.969036590415421,0.9353807104321831,1.0,1,0.2620645852422668,48
2949,1,5587,5587,0,0,0,0,0.969036590415421,0.9353807104321831,0.969036590415421,0.9353807104321831,1.0,1,0.26924362880645153,48
2950,3,5590,5590,0,0,0,0,0.9541886064255706,0.9083772128511413,0.9541886064255706,0.9083772128511413,1.0,1,0.3036899147908146,48
2951,1,5591,5591,0,0,0,0,0.9376655874202029,0.8753311748404059,0.9376655874202029,0.8753311748404059,1.0,1,0.3000061153720665,50
2952,2,5593,5593,0,0,0,0,0.9313491055572208,0.8626982111144419,0.9313491055572208,0.8626982111144419,1.0,1,0.3036709340943558,50
2953,0,5593,5593,0,0,0,0,0.9326952015266872,0.8626982111144419,0.9326952015266872,0.8626982111144419,1.0,1,0.32142479612119307,51
2954,1,5594,5594,0,0,0,0,0.9531193370169515,0.9003785911610217,0.9531193370169515,0.9003785911610217,1.0,1,0.3108304952690429,51
2955,1,5595,5595,0,0,0,0,0.9531193370169514,0.9003785911610217,0.9531193370169514,0.9003785911610217,1.0,1,0.30044837295665533,51
2956,0,5595,5595,0,0,0,0,0.9531193370169515,0.9003785911610217,0.9531193370169515,0.9003785911610217,1.0,1,0.30044837295665533,51
2957,0,5595,5595,0,0,0,0,0.9540208882281639,0.9003785911610217,0.9540208882281639,0.9003785911610217,1.0,1,0.2996395840685617,52
2958,2,5597,5597,0,0,0,0,0.9784070782066531,0.9511812202933023,0.9784070782066531,0.9511812202933023,1.0,1,0.2618707950448665,52
2959,1,5598,5598,0,0,0,0,0.9979047358330753,0.9949523181433176,0.9979047358330753,0.9949523181433176,1.0,1,0.2304153939051896,53
2960,1,5599,5599,0,0,0,0,1.0,1.0,1.0,1.0,1.0,1,0.21383698739677248,52
2961,2,5601,5601,0,0,0,0,0.9860728816427596,0.9679070750898372,0.9860728816427596,0.9679070750898372,1.0,1,0.21507940960359487,53
2962,4,5605,5605,0,0,0,0,0.9552455779703268,0.903330448415906,0.9552455779703268,0.903330448415906,1.0,1,0.2462557341697982,54
2963,4,5609,5609,0,0,0,0,0.9653034413718972,0.9236675710181738,0.9653034413718972,0.9236675710181738,1.0,1,0.23572459173483204,55
2964,1,5610,5610,0,0,0,0,0.9476330898551578,0.8892238439243721,0.9476330898551578,0.8892238439243721,1.0,1,0.26119188148637973,55
2965,3,5613,5613,0,0,0,0,0.9707032489090988,0.9355471476000173,0.9707032489090988,0.9355471476000173,1.0,1,0.2594173178850105,55
2966,0,5613,5613,0,0,0,0,0.9707032489090988,0.9355471476000173,0.9707032489090988,0.9355471476000173,1.0,1,0.2594173178850105,55
2967,7,5620,5620,0,0,0,0,0.905710775670933,0.8114215513418661,0.905710775670933,0.8114215513418661,1.0,1,0.32570662173405507,56
2968,1,5621,5621,0,0,0,0,0.8867401011309409,0.781291229770093,0.8867401011309409,0.781291229770093,1.0,1,0.3349020702163631,56
2969,2,5623,5623,0,0,0,0,0.9039964261376772,0.8114215513418661,0.9039964261376772,0.8114215513418661,1.0,1,0.31795701506861135,55
2970,3,5626,5626,0,0,0,0,0.8789636252193272,0.7621009185345397,0.8789636252193272,0.7621009185345397,1.0,1,0.31359747938852367,57
2971,1,5627,5627,0,0,0,0,0.876802261383958,0.7621009185345397,0.876802261383958,0.7621009185345397,1.0,1,0.3385708688871365,56
2972,2,5629,5629,0,0,0,0,0.8846100114716275,0.7731989880649232,0.8846100114716275,0.7731989880649232,1.0,1,0.2882048931183128,57
2973,2,5631,5631,0,0,0,0,0.923987283549428,0.833898138126528,0.923987283549428,0.833898138126528,1.0,1,0.2591541785259247,59
2974,2,5633,5633,0,0,0,0,0.9377935009897912,0.856446540745672,0.9377935009897912,0.856446540745672,1.0,1,0.24165760126298358,60
2975,2,5635,5635,0,0,0,0,0.9673981025352486,0.9212120811268509,0.9673981025352486,0.9212120811268509,1.0,1,0.24340956381804596,58
2976,3,5638,5638,0,0,0,0,0.9615880875436753,0.9055707152115351,0.9615880875436753,0.9055707152115351,1.0,1,0.2524120010739513,59
2977,5,5643,5643,0,0,0,0,1.0,1.0,1.0,1.0,1.0,1,0.18080180873866228,59
2978,1,5644,5644,0,0,0,0,1.0,1.0,1.0,1.0,1.0,1,0.19563223915541386,58
2979,0,5644,5644,0,0,0,0,1.0,1.0,1.0,1.0,1.0,1,0.20210074962809657,57
2980,2,5646,5646,0,0,0,0,1.0,1.0,1.0,1.0,1.0,1,0.22127936012471602,56
2981,2,5648,5648,0,0,0,0,1.0,1.0,1.0,1.0,1.0,1,0.21158017142077215,56
2982,3,5651,5651,0,0,0,0,0.9842665060488471,0.9610082975993169,0.9842665060488471,0.9610082975993169,1.0,1,0.21830696462118018,57
2983,0,5651,5651,0,0,0,0,0.9842665060488472,0.9610082975993169,0.9842665060488472,0.9610082975993169,1.0,1,0.20851282420248338,57
2984,4,5655,5655,0,0,0,0,1.0,1.0,1.0,1.0,1.0,1,0.16153127434745665,56
2985,1,5656,5656,0,0,0,0,1.0,1.0,1.0,1.0,1.0,1,0.1931967342702154,55
2986,2,5658,5658,0,0,0,0,1.0,1.0,1.0,1.0,1.0,1,0.18601222060784467,55
2987,2,5660,5660,0,0,0,0,0.99415241570351,0.9864442364035916,0.99415241570351,0.9864442364035916,1.0,1,0.2201464628151755,51
2988,0,5660,5660,0,0,0,0,0.9942648692476733,0.9864442364035916,0.9942648692476733,0.9864442364035916,1.0,1,0.20674862042439637,52
2989,2,5662,5662,0,0,0,0,1.0,1.0,1.0,1.0,1.0,1,0.24220774522265448,50
2990,1,5663,5663,0,0,0,0,1.0,1.0,1.0,1.0,1.0,1,0.2028183626745915,50
2991,2,5665,5665,0,0,0,0,1.0,1.0,1.0,1.0,1.0,1,0.16999886922080013,50
2992,2,5667,5667,0,0,0,0,1.0,1.0,1.0,1.0,1.0,1,0.17083776702902745,50
2993,1,5668,5668,0,0,0,0,1.0,1.0,1.0,1.0,1.0,1,0.1717845795771825,51
2994,2,5670,5670,0,0,0,0,1.0,1.0,1.0,1.0,1.0,1,0.15808652348828367,51
2995,6,5676,5676,0,0,0,0,1.0,1.0,1.0,1.0,1.0,1,0.19547074414665613,51
2996,3,5679,5679,0,0,0,0,1.0,1.0,1.0,1.0,1.0,1,0.19784247286500306,52
2997,6,5685,5685,0,0,0,0,1.0,1.0,1.0,1.0,1.0,1,0.20281921277110956,52
2998,3,5688,5688,0,0,0,0,1.0,1.0,1.0,1.0,1.0,1,0.24214611618952633,51
2999,3,5691,5691,0,0,0,0,0.9751545863736986,0.9424038138663015,0.9751545863736986,0.9424038138663015,1.0,1,0.2619834588037695,51
3000,1,5692,5692,0,0,0,0,0.9524057611938036,0.892395634003382,0.9524057611938036,0.892395634003382,1.0,1,0.2864663646663461,52
3001,2,5694,5694,0,0,0,0,0.9346118051354989,0.8583255777935813,0.9346118051354989,0.8583255777935813,1.0,1,0.317907625211382,52
3002,1,5695,5695,0,0,0,0,0.955518121975387,0.8974982810737179,0.955518121975387,0.8974982810737179,1.0,1,0.2878338709621757,53
3003,2,5697,5697,0,0,0,0,0.9871926485061528,0.9670668104443929,0.9871926485061528,0.9670668104443929,1.0,1,0.27088166489054405,54
3004,1,5698,5698,0,0,0,0,0.9707363910704848,0.9268409776762122,0.9707363910704848,0.9268409776762122,1.0,1,0.2617060034094302,55
3005,2,5700,5700,0,0,0,0,0.9711969398797008,0.9266831196937838,0.9711969398797008,0.9266831196937838,1.0,1,0.26444836949200373,56
3006,1,5701,5701,0,0,0,0,0.9596801765737453,0.900076959334934,0.9596801765737453,0.900076959334934,1.0,1,0.2763005319194929,57
3007,2,5703,5703,0,0,0,0,0.9920827497092333,0.9781333087207393,0.9920827497092333,0.9781333087207393,1.0,1,0.25098278438569294,58
3008,2,5705,5705,0,0,0,0,0.9922169403921276,0.9781333087207393,0.9922169403921276,0.9781333087207393,1.0,1,0.2542573172402331,59
3009,0,5705,5705,0,0,0,0,0.9922169403921275,0.9781333087207393,0.9922169403921275,0.9781333087207393,1.0,1,0.2542573172402331,59
3010,3,5708,5708,0,0,0,0,0.9778946821243851,0.9407175566063055,0.9778946821243851,0.9407175566063055,1.0,1,0.2580368863375108,59
3011,1,5709,5709,0,0,0,0,0.9778946821243851,0.9407175566063055,0.9778946821243851,0.9407175566063055,1.0,1,0.2642516572966396,59
3012,3,5712,5712,0,0,0,0,0.973664628673014,0.9269791976842664,0.973664628673014,0.9269791976842664,1.0,1,0.24089695547247142,61
3013,1,5713,5713,0,0,0,0,0.9563032141061455,0.887908244880982,0.9563032141061455,0.887908244880982,1.0,1,0.26676883555883646,59
3014,4,5717,5717,0,0,0,0,0.9490484558979471,0.8726211397448677,0.9490484558979471,0.8726211397448677,1.0,1,0.25983266837353536,60
3015,0,5717,5717,0,0,0,0,0.9472915061013246,0.8726211397448677,0.9472915061013246,0.8726211397448677,1.0,1,0.27624895182802667,58
3016,0,5717,5717,0,0,0,0,0.9463667956820496,0.8726211397448677,0.9463667956820496,0.8726211397448677,1.0,1,0.2845009548456906,57
3017,1,5718,5718,0,0,0,0,0.9599959932878768,0.8991203308998631,0.9599959932878768,0.8991203308998631,1.0,1,0.27464539558483414,58
3018,2,5720,5720,0,0,0,0,0.9737400737684101,0.934350184421025,0.9737400737684101,0.934350184421025,1.0,1,0.29128055405745845,55
3019,1,5721,5721,0,0,0,0,0.9742090010225456,0.934350184421025,0.9742090010225456,0.934350184421025,1.0,1,0.2640613869138533,56
3020,0,5721,5721,0,0,0,0,0.9507325504687838,0.8821865337297006,0.9507325504687838,0.8821865337297006,1.0,1,0.31295384679451715,55
3021,2,5723,5723,0,0,0,0,0.9732532204630467,0.9331330511576169,0.9732532204630467,0.9331330511576169,1.0,1,0.277107427140884,55
3022,2,5725,5725,0,0,0,0,0.9688624261968033,0.9221560654920082,0.9688624261968033,0.9221560654920082,1.0,1,0.30399014035367095,55
3023,1,5726,5726,0,0,0,0,0.9682858044597071,0.9221560654920082,0.9682858044597071,0.9221560654920082,1.0,1,0.280797626908083,54
3024,4,5730,5730,0,0,0,0,0.9774934324350221,0.9447566068859636,0.9774934324350221,0.9447566068859636,1.0,1,0.24308177260299285,54
3025,2,5732,5732,0,0,0,0,0.9843797492051108,0.9616593844125447,0.9843797492051108,0.9616593844125447,1.0,1,0.22990691548975184,54
3026,4,5736,5736,0,0,0,0,1.0,1.0,1.0,1.0,1.0,1,0.16952787901459962,53
3027,3,5739,5739,0,0,0,0,1.0,1.0,1.0,1.0,1.0,1,0.167410427153377,53
3028,1,5740,5740,0,0,0,0,1.0,1.0,1.0,1.0,1.0,1,0.1308761169698796,51
3029,3,5743,5743,0,0,0,0,1.0,1.0,1.0,1.0,1.0,1,0.16171024717301236,51
3030,2,5745,5745,0,0,0,0,1.0,1.0,1.0,1.0,1.0,1,0.164148787657032,52
3031,4,5749,5749,0,0,0,0,0.9501460684398229,0.8940603954346236,0.9501460684398229,0.8940603954346236,1.0,1,0.24027903338631998,51
3032,2,5751,5751,0,0,0,0,0.9246926829185146,0.8493853658370292,0.9246926829185146,0.8493853658370292,1.0,1,0.26000395145084515,50
3033,3,5754,5754,0,0,0,0,0.8867998470477385,0.7819848906104594,0.8867998470477385,0.7819848906104594,1.0,1,0.28933011154519866,52
3034,2,5756,5756,0,0,0,0,0.8910437937883837,0.7941938327113914,0.8910437937883837,0.7941938327113914,1.0,1,0.30219181095166103,51
3035,2,5758,5758,0,0,0,0,0.8910437937883837,0.7941938327113914,0.8910437937883837,0.7941938327113914,1.0,1,0.28455084455895896,51
3036,2,5760,5760,0,0,0,0,0.8553440647061203,0.7356288079111853,0.8553440647061203,0.7356288079111853,1.0,1,0.2981417147528003,53
3037,2,5762,5762,0,0,0,0,0.8364652674424223,0.7165397969001988,0.8364652674424223,0.7165397969001988,1.0,1,0.3411160533708534,52
3038,1,5763,5763,0,0,0,0,0.8364652674424223,0.7165397969001988,0.8364652674424223,0.7165397969001988,1.0,1,0.3315744105109705,52
3039,2,5765,5765,0,0,0,0,0.8425221093889993,0.7165397969001988,0.8425221093889993,0.7165397969001988,1.0,1,0.32214668392953927,54
3040,1,5766,5766,0,0,0,0,0.8455201499756843,0.716786941622088,0.8455201499756843,0.716786941622088,1.0,1,0.3115507946257983,55
3041,3,5769,5769,0,0,0,0,0.8482787187261185,0.716786941622088,0.8482787187261185,0.716786941622088,1.0,1,0.34097286357839274,56
3042,0,5769,5769,0,0,0,0,0.8482787187261185,0.716786941622088,0.8482787187261185,0.716786941622088,1.0,1,0.34097286357839274,56
3043,5,5774,5774,0,0,0,0,0.8502978757576585,0.7155659639395511,0.8502978757576585,0.7155659639395511,1.0,1,0.3457204408200581,57
3044,3,5777,5777,0,0,0,0,0.8512170383477606,0.7173123728607452,0.8512170383477606,0.7173123728607452,1.0,1,0.3226801923468656,57
3045,2,5779,5779,0,0,0,0,0.8466472408915608,0.7137415163309138,0.8466472408915608,0.7137415163309138,1.0,1,0.3317264257910296,56
3046,4,5783,5783,0,0,0,0,0.8645933731174557,0.733855940265344,0.8645933731174557,0.733855940265344,1.0,1,0.30472488067357983,57
3047,2,5785,5785,0,0,0,0,0.8975050439033871,0.7874178688366549,0.8975050439033871,0.7874178688366549,1.0,1,0.2982605068797518,56
3048,3,5788,5788,0,0,0,0,0.9194859506115323,0.8203917359795722,0.9194859506115323,0.8203917359795722,1.0,1,0.2670457515966839,58
3049,0,5788,5788,0,0,0,0,0.9054731243156474,0.7934412716527112,0.9054731243156474,0.7934412716527112,1.0,1,0.2942343918990817,59
3050,3,5791,5791,0,0,0,0,0.9409225806192402,0.8582141934861764,0.9409225806192402,0.8582141934861764,1.0,1,0.23377407255096222,60
3051,1,5792,5792,0,0,0,0,0.9623490761441057,0.9074414788542596,0.9623490761441057,0.9074414788542596,1.0,1,0.23719515997457893,59
3052,1,5793,5793,0,0,0,0,0.9773974395709836,0.9430022389181325,0.9773974395709836,0.9430022389181325,1.0,1,0.22215223722653504,58
3053,0,5793,5793,0,0,0,0,0.9770009034231061,0.9430022389181325,0.9770009034231061,0.9430022389181325,1.0,1,0.22167249303003653,57
3054,1,5794,5794,0,0,0,0,0.9888991489620859,0.9722478724052145,0.9888991489620859,0.9722478724052145,1.0,1,0.24163071575643857,55
3055,0,5794,5794,0,0,0,0,0.988693577646569,0.9722478724052145,0.988693577646569,0.9722478724052145,1.0,1,0.25311396755607424,54
3056,1,5795,5795,0,0,0,0,0.9753896019088631,0.9411490480429332,0.9753896019088631,0.9411490480429332,1.0,1,0.276751764609489,55
3057,3,5798,5798,0,0,0,0,1.0,1.0,1.0,1.0,1.0,1,0.2783437600350174,54
3058,0,5798,5798,0,0,0,0,1.0,1.0,1.0,1.0,1.0,1,0.29890427775184447,55
3059,1,5799,5799,0,0,0,0,0.9821515690327619,0.9545676302652121,0.9821515690327619,0.9545676302652121,1.0,1,0.31120125481670796,56
3060,0,5799,5799,0,0,0,0,0.9821515690327619,0.9545676302652121,0.9821515690327619,0.9545676302652121,1.0,1,0.31120125481670796,56
3061,1,5800,5800,0,0,0,0,0.9618630248697818,0.907144756204686,0.9618630248697818,0.907144756204686,1.0,1,0.3319397834859937,56
3062,0,5800,5800,0,0,0,0,0.9625320946089084,0.907144756204686,0.9625320946089084,0.907144756204686,1.0,1,0.3186576694482049,57
3063,4,5804,5804,0,0,0,0,0.9746925198604718,0.9394821127098237,0.9746925198604718,0.9394821127098237,1.0,1,0.32714840861243016,55
3064,4,5808,5808,0,0,0,0,0.9808659268528993,0.953412691467929,0.9808659268528993,0.953412691467929,1.0,1,0.28953477270101075,56
3065,3,5811,5811,0,0,0,0,0.9642096583274348,0.9179804670003714,0.9642096583274348,0.9179804670003714,1.0,1,0.3068691450568587,55
3066,1,5812,5812,0,0,0,0,0.9490988918953701,0.8880175621698143,0.9490988918953701,0.8880175621698143,1.0,1,0.32114416349272007,55
3067,6,5818,5818,0,0,0,0,0.934318047277381,0.858126982119143,0.934318047277381,0.858126982119143,1.0,1,0.32340647534024386,54
3068,1,5819,5819,0,0,0,0,0.9141524131208979,0.825002995977215,0.9141524131208979,0.825002995977215,1.0,1,0.3437632324121611,53
3069,1,5820,5820,0,0,0,0,0.9107858410864234,0.825002995977215,0.9107858410864234,0.825002995977215,1.0,1,0.33044123486073534,51
3070,0,5820,5820,0,0,0,0,0.9090015579081517,0.825002995977215,0.9090015579081517,0.825002995977215,1.0,1,0.3100009777587854,50
3071,3,5823,5823,0,0,0,0,0.8862054238303128,0.7850546894572575,0.8862054238303128,0.7850546894572575,1.0,1,0.3162749365319046,51
3072,0,5823,5823,0,0,0,0,0.8904995587801123,0.7850546894572575,0.8904995587801123,0.7850546894572575,1.0,1,0.29597943424965506,53
3073,2,5825,5825,0,0,0,0,0.8501804340246911,0.7365242115606638,0.8501804340246911,0.7365242115606638,1.0,1,0.3553517007075906,51
3074,3,5828,5828,0,0,0,0,0.93200525597425,0.8640105119485,0.93200525597425,0.8640105119485,1.0,1,0.31580778488467937,50
3075,1,5829,5829,0,0,0,0,0.9343768228289437,0.8635037914842029,0.9343768228289437,0.8635037914842029,1.0,1,0.2920435511465259,52
3076,1,5830,5830,0,0,0,0,0.9339385448076172,0.8599497149921487,0.9339385448076172,0.8599497149921487,1.0,1,0.3040322702036938,53
3077,2,5832,5832,0,0,0,0,0.9715874293913346,0.9357628838412784,0.9715874293913346,0.9357628838412784,1.0,1,0.2813133474319878,52
3078,1,5833,5833,0,0,0,0,0.9434664924382957,0.8801489639691867,0.9434664924382957,0.8801489639691867,1.0,1,0.33188090636537687,53
3079,2,5835,5835,0,0,0,0,0.9667872978777722,0.9266552828134135,0.9667872978777722,0.9266552828134135,1.0,1,0.3026410301778751,53
3080,0,5835,5835,0,0,0,0,0.9661485920677293,0.9266552828134135,0.9661485920677293,0.9266552828134135,1.0,1,0.3219193590294373,52
3081,3,5838,5838,0,0,0,0,1.0,1.0,1.0,1.0,1.0,1,0.29736129583092846,54
3082,1,5839,5839,0,0,0,0,1.0,1.0,1.0,1.0,1.0,1,0.29585310921590696,54
3083,0,5839,5839,0,0,0,0,1.0,1.0,1.0,1.0,1.0,1,0.29585310921590696,54
3084,2,5841,5841,0,0,0,0,0.9830985387442202,0.9577463468605506,0.9830985387442202,0.9577463468605506,1.0,1,0.3017661607987409,55
3085,0,5841,5841,0,0,0,0,0.9830985387442203,0.9577463468605506,0.9830985387442203,0.9577463468605506,1.0,1,0.3017661607987409,55
3086,2,5843,5843,0,0,0,0,0.9511071770576749,0.8859167464679082,0.9511071770576749,0.8859167464679082,1.0,1,0.3047123800144532,56
3087,0,5843,5843,0,0,0,0,0.931661450336669,0.8441881067676053,0.931661450336669,0.8441881067676053,1.0,1,0.3139241032343433,57
3088,1,5844,5844,0,0,0,0,0.9304411190926809,0.8441881067676053,0.9304411190926809,0.8441881067676053,1.0,1,0.32164411584385666,56
3089,1,5845,5845,0,0,0,0,0.9446761387746213,0.8732161513585072,0.9446761387746213,0.8732161513585072,1.0,1,0.31088473055608595,55
3090,1,5846,5846,0,0,0,0,0.9436516228260032,0.8732161513585072,0.9436516228260032,0.8732161513585072,1.0,1,0.3367624021216516,54
3091,0,5846,5846,0,0,0,0,0.942588445898192,0.8732161513585072,0.942588445898192,0.8732161513585072,1.0,1,0.34609776741820675,53
3092,2,5848,5848,0,0,0,0,0.9584854305835265,0.898921048377282,0.9584854305835265,0.898921048377282,1.0,1,0.294567426361851,56
3093,2,5850,5850,0,0,0,0,0.9222158332800651,0.825763466547346,0.9222158332800651,0.825763466547346,1.0,1,0.3134094205751197,56
3094,0,5850,5850,0,0,0,0,0.9092211124976245,0.7974932509562391,0.9092211124976245,0.7974932509562391,1.0,1,0.3191938364977559,58
3095,3,5853,5853,0,0,0,0,0.8922782314988734,0.76460798734939,0.8922782314988734,0.76460798734939,1.0,1,0.30777811416678447,59
3096,0,5853,5853,0,0,0,0,0.8814950244771687,0.7460607667367901,0.8814950244771687,0.7460607667367901,1.0,1,0.3129503010765069,60
3097,4,5857,5857,0,0,0,0,0.8964281783786933,0.7698403963970962,0.8964281783786933,0.7698403963970962,1.0,1,0.3246424879912599,60
3098,2,5859,5859,0,0,0,0,0.8749285310093832,0.7409233856622935,0.8749285310093832,0.7409233856622935,1.0,1,0.3677852785087559,58
3099,3,5862,5862,0,0,0,0,0.8589298040049054,0.7227240975268829,0.8589298040049054,0.7227240975268829,1.0,1,0.4048977780949419,57
3100,2,5864,5864,0,0,0,0,0.8589298040049054,0.7227240975268829,0.8589298040049054,0.7227240975268829,1.0,1,0.4232815943905962,57
3101,3,5867,5867,0,0,0,0,0.8328190447590669,0.7227240975268829,0.8328190447590669,0.7227240975268829,1.0,1,0.44027878614005933,58
3102,2,5869,5869,0,0,0,0,0.8057086383690566,0.7212813209776079,0.8057086383690566,0.7212813209776079,1.0,1,0.45000302432066075,59
3103,4,5873,5873,0,0,0,0,0.8391602212895746,0.7772877988892195,0.8391602212895746,0.7772877988892195,1.0,1,0.418672598977645,58
3104,4,5877,5877,0,0,0,0,0.8651339142341932,0.7863200289473515,0.8651339142341932,0.7863200289473515,1.0,1,0.4067863163858467,58
3105,5,5882,5882,0,0,0,0,0.942022503771191,0.9238831411825765,0.942022503771191,0.9238831411825765,1.0,1,0.3497566759423246,56
3106,2,5884,5884,0,0,0,0,0.9430624169081605,0.9219062931528417,0.9430624169081605,0.9219062931528417,1.0,1,0.3287581152964236,57
3107,4,5888,5888,0,0,0,0,1.0,1.0,1.0,1.0,1.0,1,0.26058450555853274,55
3108,5,5893,5893,0,0,0,0,1.0,1.0,1.0,1.0,1.0,1,0.2315312224138142,55
3109,5,5898,5898,0,0,0,0,1.0,1.0,1.0,1.0,1.0,1,0.19469790209440127,54
3110,4,5902,5902,0,0,0,0,1.0,1.0,1.0,1.0,1.0,1,0.17167787066729248,54
3111,7,5909,5909,0,0,0,0,1.0,1.0,1.0,1.0,1.0,1,0.13125021368259127,54
3112,1,5910,5910,0,0,0,0,1.0,1.0,1.0,1.0,1.0,1,0.12473246598455366,56
3113,2,5912,5912,0,0,0,0,1.0,1.0,1.0,1.0,1.0,1,0.13618710566486228,55
3114,3,5915,5915,0,0,0,0,1.0,1.0,1.0,1.0,1.0,1,0.1490526404824609,54
3115,1,5916,5916,0,0,0,0,1.0,1.0,1.0,1.0,1.0,1,0.13968120250633675,56
3116,1,5917,5917,0,0,0,0,1.0,1.0,1.0,1.0,1.0,1,0.1500983856842361,56
3117,2,5919,5919,0,0,0,0,1.0,1.0,1.0,1.0,1.0,1,0.1535760664389003,58
3118,0,5919,5919,0,0,0,0,1.0,1.0,1.0,1.0,1.0,1,0.15031883169620958,57
3119,1,5920,5920,0,0,0,0,1.0,1.0,1.0,1.0,1.0,1,0.13651160512111107,57
3120,1,5921,5921,0,0,0,0,1.0,1.0,1.0,1.0,1.0,1,0.1625024263803262,56
3121,2,5923,5923,0,0,0,0,1.0,1.0,1.0,1.0,1.0,1,0.149364232443146,57
3122,0,5923,5923,0,0,0,0,1.0,1.0,1.0,1.0,1.0,1,0.149364232443146,57
3123,3,5926,5926,0,0,0,0,1.0,1.0,1.0,1.0,1.0,1,0.14017224999555308,57
3124,0,5926,5926,0,0,0,0,1.0,1.0,1.0,1.0,1.0,1,0.1219319923467671,59
3125,2,5928,5928,0,0,0,0,1.0,1.0,1.0,1.0,1.0,1,0.11508541842247144,61
3126,1,5929,5929,0,0,0,0,1.0,1.0,1.0,1.0,1.0,1,0.1362713960066366,60
3127,2,5931,5931,0,0,0,0,1.0,1.0,1.0,1.0,1.0,1,0.15958590545446974,58
3128,2,5933,5933,0,0,0,0,1.0,1.0,1.0,1.0,1.0,1,0.19065531503144667,58
3129,1,5934,5934,0,0,0,0,1.0,1.0,1.0,1.0,1.0,1,0.175829660523412,56
3130,4,5938,5938,0,0,0,0,1.0,1.0,1.0,1.0,1.0,1,0.16863013008657698,56
3131,3,5941,5941,0,0,0,0,1.0,1.0,1.0,1.0,1.0,1,0.13547761709328507,55
3132,7,5948,5948,0,0,0,0,1.0,1.0,1.0,1.0,1.0,1,0.10996317530582793,53
3133,4,5952,5952,0,0,0,0,1.0,1.0,1.0,1.0,1.0,1,0.10053343602684392,52
3134,8,5960,5960,0,0,0,0,1.0,1.0,1.0,1.0,1.0,1,0.10311332747977588,52
3135,6,5966,5966,0,0,0,0,1.0,1.0,1.0,1.0,1.0,1,0.14254765109365375,53
3136,4,5970,5970,0,0,0,0,1.0,1.0,1.0,1.0,1.0,1,0.1148405655813763,54
3137,2,5972,5972,0,0,0,0,1.0,1.0,1.0,1.0,1.0,1,0.12292850086842479,55
3138,4,5976,5976,0,0,0,0,0.999376692280179,0.9983081647604861,0.999376692280179,0.9983081647604861,1.0,1,0.15396224074766995,57
3139,1,5977,5977,0,0,0,0,1.0,1.0,1.0,1.0,1.0,1,0.1460391640434579,56
3140,3,5980,5980,0,0,0,0,1.0,1.0,1.0,1.0,1.0,1,0.1578599815087957,56
3141,2,5982,5982,0,0,0,0,0.9944551896203019,0.9852138389874718,0.9944551896203019,0.9852138389874718,1.0,1,0.18853308765624296,56
3142,3,5985,5985,0,0,0,0,0.9782504506362446,0.9446375107104407,0.9782504506362446,0.9446375107104407,1.0,1,0.22338253471619876,56
3143,2,5987,5987,0,0,0,0,1.0,1.0,1.0,1.0,1.0,1,0.19619498912494573,56
3144,2,5989,5989,0,0,0,0,1.0,1.0,1.0,1.0,1.0,1,0.22158456819800257,54
3145,0,5989,5989,0,0,0,0,0.9918236721528645,0.9785858080194069,0.9918236721528645,0.9785858080194069,1.0,1,0.23995441818281962,55
3146,1,5990,5990,0,0,0,0,0.9915151314793875,0.9785858080194069,0.9915151314793875,0.9785858080194069,1.0,1,0.2610999509149216,53
3147,1,5991,5991,0,0,0,0,1.0,1.0,1.0,1.0,1.0,1,0.24226963123922204,54
3148,0,5991,5991,0,0,0,0,1.0,1.0,1.0,1.0,1.0,1,0.24226963123922204,54
3149,1,5992,5992,0,0,0,0,1.0,1.0,1.0,1.0,1.0,1,0.23941221744021476,53
3150,1,5993,5993,0,0,0,0,1.0,1.0,1.0,1.0,1.0,1,0.25879251866285086,53
3151,0,5993,5993,0,0,0,0,1.0,1.0,1.0,1.0,1.0,1,0.26724392662601876,53
3152,2,5995,5995,0,0,0,0,0.9827503596183443,0.9556437818757427,0.9827503596183443,0.9556437818757427,1.0,1,0.26180433482249427,54
3153,3,5998,5998,0,0,0,0,0.995762918760701,0.9887717347158579,0.995762918760701,0.9887717347158579,1.0,1,0.262728480520869,53
3154,3,6001,6001,0,0,0,0,0.959309472533779,0.8982736813344475,0.959309472533779,0.8982736813344475,1.0,1,0.2743372912420468,55
3155,2,6003,6003,0,0,0,0,0.9805156499618193,0.9480417332315184,0.9805156499618193,0.9480417332315184,1.0,1,0.238722306644987,56
3156,2,6005,6005,0,0,0,0,0.960811171831617,0.9002466192077523,0.960811171831617,0.9002466192077523,1.0,1,0.269477799741193,56
3157,2,6007,6007,0,0,0,0,1.0,1.0,1.0,1.0,1.0,1,0.21765742078833225,56
3158,1,6008,6008,0,0,0,0,1.0,1.0,1.0,1.0,1.0,1,0.20483263771820498,57
3159,0,6008,6008,0,0,0,0,1.0,1.0,1.0,1.0,1.0,1,0.22127690537969327,56
3160,3,6011,6011,0,0,0,0,0.9794517264002128,0.9432476252958262,0.9794517264002128,0.9432476252958262,1.0,1,0.22319858915986024,58
3161,3,6014,6014,0,0,0,0,0.9610938538257927,0.8956607898055349,0.9610938538257927,0.8956607898055349,1.0,1,0.24850598599046467,59
3162,2,6016,6016,0,0,0,0,0.9980166596686981,0.9941491460226595,0.9980166596686981,0.9941491460226595,1.0,1,0.20566027630033262,59
3163,3,6019,6019,0,0,0,0,0.9571896362067019,0.8996335673225927,0.9571896362067019,0.8996335673225927,1.0,1,0.26247732333529855,59
3164,1,6020,6020,0,0,0,0,0.9448859148079332,0.8677261955390393,0.9448859148079332,0.8677261955390393,1.0,1,0.25842115410393046,60
3165,5,6025,6025,0,0,0,0,0.9918969308637705,0.978637363186304,0.9918969308637705,0.978637363186304,1.0,1,0.22038710133988576,58
3166,5,6030,6030,0,0,0,0,0.9664731614778875,0.9359101144906147,0.9664731614778875,0.9359101144906147,1.0,1,0.26233912717896496,59
3167,5,6035,6035,0,0,0,0,0.9902187296581837,0.9734508376436414,0.9902187296581837,0.9734508376436414,1.0,1,0.2539484123817915,57
3168,2,6037,6037,0,0,0,0,0.9770178730729772,0.9394107562833033,0.9770178730729772,0.9394107562833033,1.0,1,0.26613898181814355,58
3169,4,6041,6041,0,0,0,0,0.9617815737942876,0.9052847698380172,0.9617815737942876,0.9052847698380172,1.0,1,0.25507396215933864,57
3170,2,6043,6043,0,0,0,0,0.9814147259844559,0.9535368149611398,0.9814147259844559,0.9535368149611398,1.0,1,0.22603907672828513,55
3171,3,6046,6046,0,0,0,0,0.9979848241870147,0.9946261978320393,0.9979848241870147,0.9946261978320393,1.0,1,0.21117550267080243,56
3172,3,6049,6049,0,0,0,0,0.9997533710651113,0.9993658113102863,0.9997533710651113,0.9993658113102863,1.0,1,0.22169486978194083,54
3173,0,6049,6049,0,0,0,0,0.9997487176889813,0.9993658113102863,0.9997487176889813,0.9993658113102863,1.0,1,0.2331640316114889,53
3174,4,6053,6053,0,0,0,0,1.0,1.0,1.0,1.0,1.0,1,0.19059761104887757,53
3175,4,6057,6057,0,0,0,0,1.0,1.0,1.0,1.0,1.0,1,0.15890624535889356,52
3176,1,6058,6058,0,0,0,0,1.0,1.0,1.0,1.0,1.0,1,0.156825450069273,53
3177,2,6060,6060,0,0,0,0,1.0,1.0,1.0,1.0,1.0,1,0.20656842778865153,52
3178,1,6061,6061,0,0,0,0,1.0,1.0,1.0,1.0,1.0,1,0.16752137404163125,53
3179,3,6064,6064,0,0,0,0,1.0,1.0,1.0,1.0,1.0,1,0.13909159306039098,54
3180,1,6065,6065,0,0,0,0,1.0,1.0,1.0,1.0,1.0,1,0.13827986219420046,54
3181,0,6065,6065,0,0,0,0,1.0,1.0,1.0,1.0,1.0,1,0.1524915761027011,55
3182,3,6068,6068,0,0,0,0,1.0,1.0,1.0,1.0,1.0,1,0.13612568159836735,54
3183,2,6070,6070,0,0,0,0,1.0,1.0,1.0,1.0,1.0,1,0.146387907288629,56
3184,6,6076,6076,0,0,0,0,1.0,1.0,1.0,1.0,1.0,1,0.18431109943668475,54
3185,4,6080,6080,0,0,0,0,1.0,1.0,1.0,1.0,1.0,1,0.16060983958463126,53
3186,3,6083,6083,0,0,0,0,1.0,1.0,1.0,1.0,1.0,1,0.20580108134710945,52
3187,1,6084,6084,0,0,0,0,1.0,1.0,1.0,1.0,1.0,1,0.2238119222623396,50
3188,3,6087,6087,0,0,0,0,1.0,1.0,1.0,1.0,1.0,1,0.18306477988519287,50
3189,1,6088,6088,0,0,0,0,1.0,1.0,1.0,1.0,1.0,1,0.16070481195853029,49
3190,1,6089,6089,0,0,0,0,1.0,1.0,1.0,1.0,1.0,1,0.1590380723493953,50
3191,0,6089,6089,0,0,0,0,1.0,1.0,1.0,1.0,1.0,1,0.16919017670435532,49
3192,0,6089,6089,0,0,0,0,1.0,1.0,1.0,1.0,1.0,1,0.16919017670435532,49
3193,1,6090,6090,0,0,0,0,1.0,1.0,1.0,1.0,1.0,1,0.181870590146053,49
3194,2,6092,6092,0,0,0,0,1.0,1.0,1.0,1.0,1.0,1,0.20795110895449656,50
3195,2,6094,6094,0,0,0,0,1.0,1.0,1.0,1.0,1.0,1,0.21961716950676252,49
3196,1,6095,6095,0,0,0,0,1.0,1.0,1.0,1.0,1.0,1,0.2337124195875689,49
3197,2,6097,6097,0,0,0,0,1.0,1.0,1.0,1.0,1.0,1,0.22439490980247934,50
3198,1,6098,6098,0,0,0,0,1.0,1.0,1.0,1.0,1.0,1,0.2446366584043246,50
3199,1,6099,6099,0,0,0,0,1.0,1.0,1.0,1.0,1.0,1,0.25104719280353427,52
3200,5,6104,6104,0,0,0,0,1.0,1.0,1.0,1.0,1.0,1,0.22896572276312485,53
3201,3,6107,6107,0,0,0,0,0.9921671458632498,0.9804178646581245,0.9921671458632498,0.9804178646581245,1.0,1,0.24518886107881166,55
3202,4,6111,6111,0,0,0,0,0.9928722596342383,0.9821806490855962,0.9928722596342383,0.9821806490855962,1.0,1,0.23726181713733838,55
3203,1,6112,6112,0,0,0,0,0.9748097378962953,0.9419528742827676,0.9748097378962953,0.9419528742827676,1.0,1,0.2539954526789877,53
3204,3,6115,6115,0,0,0,0,0.905363656368486,0.8142323625011024,0.905363656368486,0.8142323625011024,1.0,1,0.3159545575046216,53
3205,1,6116,6116,0,0,0,0,0.9053636563684861,0.8142323625011024,0.9053636563684861,0.8142323625011024,1.0,1,0.32506446029651886,53
3206,1,6117,6117,0,0,0,0,0.9232846004805716,0.8465692009611432,0.9232846004805716,0.8465692009611432,1.0,1,0.32556090534986337,52
3207,2,6119,6119,0,0,0,0,0.8855209380883442,0.7833074899529372,0.8855209380883442,0.7833074899529372,1.0,1,0.3634310381509052,53
3208,1,6120,6120,0,0,0,0,0.8816960640613822,0.7845178309689462,0.8816960640613822,0.7845178309689462,1.0,1,0.38743028518841965,51
3209,1,6121,6121,0,0,0,0,0.8839711397525095,0.7845178309689462,0.8839711397525095,0.7845178309689462,1.0,1,0.35583485006408133,52
3210,2,6123,6123,0,0,0,0,0.9030646531428204,0.8240802964443776,0.9030646531428204,0.8240802964443776,1.0,1,0.38052483918064295,49
3211,1,6124,6124,0,0,0,0,0.9010451667499625,0.8240802964443776,0.9010451667499625,0.8240802964443776,1.0,1,0.39542108188719904,48
3212,2,6126,6126,0,0,0,0,0.9185834815040099,0.8496925812381722,0.9185834815040099,0.8496925812381722,1.0,1,0.35923170376044405,48
3213,2,6128,6128,0,0,0,0,0.9028442374383938,0.8236802827585668,0.9028442374383938,0.8236802827585668,1.0,1,0.3574060043819266,49
3214,1,6129,6129,0,0,0,0,0.9233726884743623,0.8496925812381722,0.9233726884743623,0.8496925812381722,1.0,1,0.3189803914337474,51
3215,1,6130,6130,0,0,0,0,0.9041744065408263,0.8189961012437827,0.9041744065408263,0.8189961012437827,1.0,1,0.34700201936657143,51
3216,4,6134,6134,0,0,0,0,0.9233726884743623,0.8496925812381722,0.9233726884743623,0.8496925812381722,1.0,1,0.28291091704323545,51
3217,0,6134,6134,0,0,0,0,0.9233726884743622,0.8496925812381722,0.9233726884743622,0.8496925812381722,1.0,1,0.28291091704323545,51
3218,0,6134,6134,0,0,0,0,0.9233726884743623,0.8496925812381722,0.9233726884743623,0.8496925812381722,1.0,1,0.28291091704323545,51
3219,0,6134,6134,0,0,0,0,0.9248462906190861,0.8496925812381722,0.9248462906190861,0.8496925812381722,1.0,1,0.25989777092331484,52
3220,1,6135,6135,0,0,0,0,0.9248462906190861,0.8496925812381722,0.9248462906190861,0.8496925812381722,1.0,1,0.26165251059519073,52
3221,1,6136,6136,0,0,0,0,0.8844893563199845,0.7772294729028273,0.8844893563199845,0.7772294729028273,1.0,1,0.28296585594976653,54
3222,0,6136,6136,0,0,0,0,0.8844893563199846,0.7772294729028273,0.8844893563199846,0.7772294729028273,1.0,1,0.27892074264849165,54
3223,0,6136,6136,0,0,0,0,0.8746304491204414,0.7579070741636111,0.8746304491204414,0.7579070741636111,1.0,1,0.27051612799046176,56
3224,1,6137,6137,0,0,0,0,0.8957040376947601,0.7876832195929045,0.8957040376947601,0.7876832195929045,1.0,1,0.23612668482122656,57
3225,2,6139,6139,0,0,0,0,0.8975022439414022,0.7876832195929045,0.8975022439414022,0.7876832195929045,1.0,1,0.25749420762084974,58
3226,2,6141,6141,0,0,0,0,0.8749012103937034,0.749802420787407,0.8749012103937034,0.749802420787407,1.0,1,0.2854492418293194,58
3227,2,6143,6143,0,0,0,0,0.8975022439414022,0.7876832195929045,0.8975022439414022,0.7876832195929045,1.0,1,0.29644099063655655,58
3228,0,6143,6143,0,0,0,0,0.8975022439414022,0.7876832195929045,0.8975022439414022,0.7876832195929045,1.0,1,0.29644099063655655,58
3229,1,6144,6144,0,0,0,0,0.9009188358100222,0.7876832195929045,0.9009188358100222,0.7876832195929045,1.0,1,0.29939232566700835,60
3230,2,6146,6146,0,0,0,0,0.8817403128880794,0.7512468650404428,0.8817403128880794,0.7512468650404428,1.0,1,0.3156142540363565,61
3231,0,6146,6146,0,0,0,0,0.8817403128880794,0.7512468650404428,0.8817403128880794,0.7512468650404428,1.0,1,0.3156142540363565,61
3232,1,6147,6147,0,0,0,0,0.8687962691917924,0.733219080689978,0.8687962691917924,0.733219080689978,1.0,1,0.3214333328118068,61
3233,2,6149,6149,0,0,0,0,0.8777263504746899,0.7432253359968488,0.8777263504746899,0.7432253359968488,1.0,1,0.30539244175644503,63
3234,3,6152,6152,0,0,0,0,0.8447932550137858,0.6895865100275713,0.8447932550137858,0.6895865100275713,1.0,1,0.32242145107281234,64
3235,1,6153,6153,0,0,0,0,0.8471810510904967,0.6895865100275713,0.8471810510904967,0.6895865100275713,1.0,1,0.3105785537127816,65
3236,3,6156,6156,0,0,0,0,0.8092574231986515,0.6403139980317427,0.8092574231986515,0.6403139980317427,1.0,1,0.3466100645758845,66
3237,2,6158,6158,0,0,0,0,0.8260602684560955,0.6572364113693646,0.8260602684560955,0.6572364113693646,1.0,1,0.3075541277344244,67
3238,3,6161,6161,0,0,0,0,0.8209684066537976,0.6472024484060127,0.8209684066537976,0.6472024484060127,1.0,1,0.30950198598045925,67
3239,1,6162,6162,0,0,0,0,0.8130826114025644,0.6315057196221985,0.8130826114025644,0.6315057196221985,1.0,1,0.3087605502519223,69
3240,2,6164,6164,0,0,0,0,0.8187387410906728,0.6426563752930406,0.8187387410906728,0.6426563752930406,1.0,1,0.291025305717855,69
3241,1,6165,6165,0,0,0,0,0.827917037895459,0.6558340757909178,0.827917037895459,0.6558340757909178,1.0,1,0.27453522041829337,68
3242,2,6167,6167,0,0,0,0,0.8253486354759881,0.6558340757909178,0.8253486354759881,0.6558340757909178,1.0,1,0.2872119947241413,67
3243,1,6168,6168,0,0,0,0,0.8279170378954589,0.6558340757909178,0.8279170378954589,0.6558340757909178,1.0,1,0.2809260154407661,68
3244,0,6168,6168,0,0,0,0,0.8151663825657371,0.6408946861277178,0.8151663825657371,0.6408946861277178,1.0,1,0.26611974741349803,68
3245,2,6170,6170,0,0,0,0,0.8057559821412825,0.6276989657707917,0.8057559821412825,0.6276989657707917,1.0,1,0.2880026100385,69
3246,2,6172,6172,0,0,0,0,0.8161368096599405,0.6427800873393131,0.8161368096599405,0.6427800873393131,1.0,1,0.29078447854896167,68
3247,0,6172,6172,0,0,0,0,0.8161368096599405,0.6427800873393131,0.8161368096599405,0.6427800873393131,1.0,1,0.29078447854896167,68
3248,0,6172,6172,0,0,0,0,0.8161368096599405,0.6427800873393131,0.8161368096599405,0.6427800873393131,1.0,1,0.29078447854896167,68
3249,2,6174,6174,0,0,0,0,0.8042194190815629,0.6247538865729957,0.8042194190815629,0.6247538865729957,1.0,1,0.28997503510165684,69
3250,6,6180,6180,0,0,0,0,0.8186807964788914,0.6425421416298144,0.8186807964788914,0.6425421416298144,1.0,1,0.29607203932756865,69
3251,0,6180,6180,0,0,0,0,0.8160143376035809,0.6425421416298144,0.8160143376035809,0.6425421416298144,1.0,1,0.30174916201214363,68
3252,0,6180,6180,0,0,0,0,0.8160143376035809,0.6425421416298144,0.8160143376035809,0.6425421416298144,1.0,1,0.2868858495205958,68
3253,0,6180,6180,0,0,0,0,0.8186807964788914,0.6425421416298144,0.8186807964788914,0.6425421416298144,1.0,1,0.28619117229672586,69
3254,1,6181,6181,0,0,0,0,0.8316196660502044,0.6582869693371795,0.8316196660502044,0.6582869693371795,1.0,1,0.26879861760280366,69
3255,2,6183,6183,0,0,0,0,0.852239845683984,0.6865693696326934,0.852239845683984,0.6865693696326934,1.0,1,0.24702938465397323,70
3256,2,6185,6185,0,0,0,0,0.8522398456839841,0.6865693696326934,0.8522398456839841,0.6865693696326934,1.0,1,0.26077464948662427,70
3257,2,6187,6187,0,0,0,0,0.8645042509174458,0.6993688067230828,0.8645042509174458,0.6993688067230828,1.0,1,0.24028369072437067,71
3258,3,6190,6190,0,0,0,0,0.8663861363213701,0.6993688067230828,0.8663861363213701,0.6993688067230828,1.0,1,0.250476882492269,72
3259,2,6192,6192,0,0,0,0,0.8637726543987315,0.6977455769471858,0.8637726543987315,0.6977455769471858,1.0,1,0.26180282425477874,71
3260,3,6195,6195,0,0,0,0,0.8842935112029604,0.7312623486004243,0.8842935112029604,0.7312623486004243,1.0,1,0.24932924088178132,72
3261,4,6199,6199,0,0,0,0,0.8289857204118112,0.6384269517278295,0.8289857204118112,0.6384269517278295,1.0,1,0.31317244015841983,74
3262,3,6202,6202,0,0,0,0,0.8405440445293462,0.6576386838424196,0.8405440445293462,0.6576386838424196,1.0,1,0.2933836310921565,73
3263,7,6209,6209,0,0,0,0,0.8536900006226544,0.6763445468319326,0.8536900006226544,0.6763445468319326,1.0,1,0.27511322299976787,73
3264,3,6212,6212,0,0,0,0,0.8486778273184993,0.674428052715559,0.8486778273184993,0.674428052715559,1.0,1,0.28749565576075425,71
3265,2,6214,6214,0,0,0,0,0.8651380809320658,0.7049895520388939,0.8651380809320658,0.7049895520388939,1.0,1,0.2705256346722842,70
3266,2,6216,6216,0,0,0,0,0.8884840324005677,0.7435132745213058,0.8884840324005677,0.7435132745213058,1.0,1,0.25993498389001035,69
3267,1,6217,6217,0,0,0,0,0.8884840324005677,0.7435132745213058,0.8884840324005677,0.7435132745213058,1.0,1,0.28309160196137473,69
3268,4,6221,6221,0,0,0,0,0.881414178078326,0.7361147542919085,0.881414178078326,0.7361147542919085,1.0,1,0.3146548173117827,68
3269,1,6222,6222,0,0,0,0,0.8631067248788848,0.7062791021171758,0.8631067248788848,0.7062791021171758,1.0,1,0.3306585436076506,68
3270,1,6223,6223,0,0,0,0,0.8406640043846197,0.7062791021171758,0.8406640043846197,0.7062791021171758,1.0,1,0.3590363379258974,67
3271,2,6225,6225,0,0,0,0,0.8423055347521088,0.7119784866610257,0.8423055347521088,0.7119784866610257,1.0,1,0.3734245966600597,66
3272,0,6225,6225,0,0,0,0,0.8446591834871519,0.7119784866610257,0.8446591834871519,0.7119784866610257,1.0,1,0.3631390602645931,67
3273,3,6228,6228,0,0,0,0,0.8695515475110492,0.7730638665388412,0.8695515475110492,0.7730638665388412,1.0,1,0.33503785656642787,66
3274,0,6228,6228,0,0,0,0,0.8568521557359223,0.7421149212896905,0.8568521557359223,0.7421149212896905,1.0,1,0.321767428775502,68
3275,1,6229,6229,0,0,0,0,0.8694001700525524,0.7633784889618526,0.8694001700525524,0.7633784889618526,1.0,1,0.30985030844176914,68
3276,1,6230,6230,0,0,0,0,0.8711742798048774,0.7399230072452696,0.8711742798048774,0.7399230072452696,1.0,1,0.3068599524621212,69
3277,2,6232,6232,0,0,0,0,0.868254147769756,0.7226171469415587,0.868254147769756,0.7226171469415587,1.0,1,0.30805475895874823,68
3278,2,6234,6234,0,0,0,0,0.8602753766097899,0.7232463858401873,0.8602753766097899,0.7232463858401873,1.0,1,0.307301492091865,69
3279,2,6236,6236,0,0,0,0,0.8813695007078377,0.7377274729636034,0.8813695007078377,0.7377274729636034,1.0,1,0.30448266442931565,67
3280,2,6238,6238,0,0,0,0,0.8710047231046951,0.7377274729636034,0.8710047231046951,0.7377274729636034,1.0,1,0.31831941394884056,66
3281,1,6239,6239,0,0,0,0,0.8681383395667729,0.7644633820289711,0.8681383395667729,0.7644633820289711,1.0,1,0.30435794481490813,67
3282,3,6242,6242,0,0,0,0,0.8639266063534593,0.731390366048912,0.8639266063534593,0.731390366048912,1.0,1,0.3217188596879286,66
3283,2,6244,6244,0,0,0,0,0.8414866669310711,0.7177346955591516,0.8414866669310711,0.7177346955591516,1.0,1,0.33075544625326736,67
3284,3,6247,6247,0,0,0,0,0.8940993401063183,0.7589847050695522,0.8940993401063183,0.7589847050695522,1.0,1,0.2803041531099748,66
3285,1,6248,6248,0,0,0,0,0.914145891587489,0.7976296015990814,0.914145891587489,0.7976296015990814,1.0,1,0.25924539136428715,66
3286,1,6249,6249,0,0,0,0,0.9100576007107029,0.7976296015990814,0.9100576007107029,0.7976296015990814,1.0,1,0.2940201190238202,63
3287,0,6249,6249,0,0,0,0,0.9071086695864636,0.7976296015990814,0.9071086695864636,0.7976296015990814,1.0,1,0.31675119536209134,61
3288,2,6251,6251,0,0,0,0,0.9250845851793116,0.8251973654183937,0.9250845851793116,0.8251973654183937,1.0,1,0.2846459360263176,63
3289,1,6252,6252,0,0,0,0,0.9238762720370424,0.8251973654183937,0.9238762720370424,0.8251973654183937,1.0,1,0.2892497803021512,62
3290,5,6257,6257,0,0,0,0,0.9197866759612496,0.8128355772429158,0.9197866759612496,0.8128355772429158,1.0,1,0.30282393652881306,63
3291,2,6259,6259,0,0,0,0,0.9371018649191951,0.850012139422696,0.9371018649191951,0.850012139422696,1.0,1,0.28996253455076487,62
3292,3,6262,6262,0,0,0,0,0.9697553165054517,0.9206077058268108,0.9697553165054517,0.9206077058268108,1.0,1,0.2507111600574916,63
3293,0,6262,6262,0,0,0,0,0.9451267793365832,0.8693759478878258,0.9451267793365832,0.8693759478878258,1.0,1,0.2613565596432198,65
3294,1,6263,6263,0,0,0,0,0.9451267793365832,0.8693759478878258,0.9451267793365832,0.8693759478878258,1.0,1,0.25201107558622554,65
3295,3,6266,6266,0,0,0,0,0.9063893118928719,0.8383146062924297,0.9063893118928719,0.8383146062924297,1.0,1,0.29106911046891243,65
3296,2,6268,6268,0,0,0,0,0.9044439204643052,0.8693759478878258,0.9044439204643052,0.8693759478878258,1.0,1,0.28670484135746954,65
3297,1,6269,6269,0,0,0,0,0.905370572287569,0.8408998147292968,0.905370572287569,0.8408998147292968,1.0,1,0.2861937882227506,66
3298,2,6271,6271,0,0,0,0,0.8949416446913706,0.8532699940973927,0.8949416446913706,0.8532699940973927,1.0,1,0.29390946665180173,66
3299,1,6272,6272,0,0,0,0,0.8668678752258279,0.7905832941827712,0.8668678752258279,0.7905832941827712,1.0,1,0.32672198186527485,67
3300,1,6273,6273,0,0,0,0,0.8668738506157319,0.8111431095291609,0.8668738506157319,0.8111431095291609,1.0,1,0.3215087208807901,67
3301,5,6278,6278,0,0,0,0,0.8434650359085075,0.7191203804053938,0.8434650359085075,0.7191203804053938,1.0,1,0.3597842437834555,68
3302,0,6278,6278,0,0,0,0,0.8411286931608734,0.7191203804053938,0.8411286931608734,0.7191203804053938,1.0,1,0.3726135367299934,67
3303,4,6282,6282,0,0,0,0,0.8418648007550622,0.6689044265809114,0.8418648007550622,0.6689044265809114,1.0,1,0.3887206964571806,67
3304,1,6283,6283,0,0,0,0,0.8418648007550622,0.6689044265809114,0.8418648007550622,0.6689044265809114,1.0,1,0.3835508741287111,67
3305,2,6285,6285,0,0,0,0,0.8021878576654208,0.6100274908261152,0.8021878576654208,0.6100274908261152,1.0,1,0.3936286993644944,69
3306,2,6287,6287,0,0,0,0,0.792886224222925,0.597278769322354,0.792886224222925,0.597278769322354,1.0,1,0.3805867922184763,70
3307,3,6290,6290,0,0,0,0,0.7805189584619702,0.5847655970902139,0.7805189584619702,0.5847655970902139,1.0,1,0.3782915278464879,70
3308,2,6292,6292,0,0,0,0,0.7509147616997662,0.5529239312559907,0.7509147616997662,0.5529239312559907,1.0,1,0.39348186169666466,70
3309,2,6294,6294,0,0,0,0,0.7434770252471088,0.5382586454447958,0.7434770252471088,0.5382586454447958,1.0,1,0.38377869237948203,72
3310,3,6297,6297,0,0,0,0,0.7201922213076328,0.5070053423039246,0.7201922213076328,0.5070053423039246,1.0,1,0.42155136278776995,74
3311,1,6298,6298,0,0,0,0,0.7201922213076328,0.5070053423039246,0.7201922213076328,0.5070053423039246,1.0,1,0.41622148076870585,74
3312,0,6298,6298,0,0,0,0,0.7201922213076329,0.5070053423039246,0.7201922213076329,0.5070053423039246,1.0,1,0.41622148076870585,74
3313,1,6299,6299,0,0,0,0,0.7091466044093508,0.492697565830263,0.7091466044093508,0.492697565830263,1.0,1,0.4285218930253358,75
3314,2,6301,6301,0,0,0,0,0.7236008249623526,0.49984911183663794,0.7236008249623526,0.49984911183663794,1.0,1,0.4081326811086918,76
3315,0,6301,6301,0,0,0,0,0.7199155026285172,0.49984911183663794,0.7199155026285172,0.49984911183663794,1.0,1,0.4205591126436928,75
3316,4,6305,6305,0,0,0,0,0.7635824652800093,0.539288906699505,0.7635824652800093,0.539288906699505,1.0,1,0.36981870253348137,76
3317,1,6306,6306,0,0,0,0,0.7680609650756579,0.5544329065927112,0.7680609650756579,0.5544329065927112,1.0,1,0.3661220417298074,73
3318,4,6310,6310,0,0,0,0,0.7985608950554475,0.5971217901108951,0.7985608950554475,0.5971217901108951,1.0,1,0.3476600528401269,72
3319,4,6314,6314,0,0,0,0,0.7916530058984917,0.5890934282998033,0.7916530058984917,0.5890934282998033,1.0,1,0.34538316521793516,71
3320,3,6317,6317,0,0,0,0,0.8360352397525126,0.6521959631113904,0.8360352397525126,0.6521959631113904,1.0,1,0.2959464721995829,70
3321,2,6319,6319,0,0,0,0,0.8452221862376512,0.6662603390749356,0.8452221862376512,0.6662603390749356,1.0,1,0.2798520999152438,69
3322,2,6321,6321,0,0,0,0,0.8429460419176167,0.6662603390749356,0.8429460419176167,0.6662603390749356,1.0,1,0.31160953016085874,68
3323,2,6323,6323,0,0,0,0,0.8566243001279877,0.6808734422203596,0.8566243001279877,0.6808734422203596,1.0,1,0.3130306736737728,69
3324,1,6324,6324,0,0,0,0,0.8417532255380105,0.6587803925663352,0.8417532255380105,0.6587803925663352,1.0,1,0.30583581399167564,69
3325,4,6328,6328,0,0,0,0,0.8755856740261279,0.7096999060609648,0.8755856740261279,0.7096999060609648,1.0,1,0.2912420647515649,70
3326,1,6329,6329,0,0,0,0,0.8746275519035943,0.7116433693782669,0.8746275519035943,0.7116433693782669,1.0,1,0.2953980602275013,69
3327,1,6330,6330,0,0,0,0,0.8651230957286432,0.6954392484195168,0.8651230957286432,0.6954392484195168,1.0,1,0.28849384650359106,70
3328,1,6331,6331,0,0,0,0,0.8408320806580527,0.6479012693344801,0.8408320806580527,0.6479012693344801,1.0,1,0.28572693560506873,73
3329,1,6332,6332,0,0,0,0,0.8386214151116368,0.6479012693344801,0.8386214151116368,0.6479012693344801,1.0,1,0.3175998514656266,72
3330,2,6334,6334,0,0,0,0,0.8520747127227908,0.6671681036262795,0.8520747127227908,0.6671681036262795,1.0,1,0.3253732606851376,72
3331,1,6335,6335,0,0,0,0,0.8381649629103303,0.6469053736225385,0.8381649629103303,0.6469053736225385,1.0,1,0.32404013932528286,72
3332,1,6336,6336,0,0,0,0,0.840381881226627,0.6469053736225385,0.840381881226627,0.6469053736225385,1.0,1,0.3169456249251235,73
3333,0,6336,6336,0,0,0,0,0.8520866508810774,0.6671949644824243,0.8520866508810774,0.6671949644824243,1.0,1,0.3108517395869433,72
3334,3,6339,6339,0,0,0,0,0.8598526552548884,0.6887698659989151,0.8598526552548884,0.6887698659989151,1.0,1,0.3063031671778223,73
3335,4,6343,6343,0,0,0,0,0.8260549402008305,0.6214136933782779,0.8260549402008305,0.6214136933782779,1.0,1,0.32359192229966116,74
3336,2,6345,6345,0,0,0,0,0.8395659778181834,0.6402388593498657,0.8395659778181834,0.6402388593498657,1.0,1,0.3206454841224036,74
3337,4,6349,6349,0,0,0,0,0.7870365101087876,0.5740730202175752,0.7870365101087876,0.5740730202175752,1.0,1,0.34691280398405344,74
3338,2,6351,6351,0,0,0,0,0.7733240920296035,0.5585784950050174,0.7733240920296035,0.5585784950050174,1.0,1,0.34579066466430564,74
3339,2,6353,6353,0,0,0,0,0.7798203936906718,0.5654349875473784,0.7798203936906718,0.5654349875473784,1.0,1,0.3411573932715076,75
3340,3,6356,6356,0,0,0,0,0.7670072343216835,0.5519369890801605,0.7670072343216835,0.5519369890801605,1.0,1,0.3466883101066612,75
3341,1,6357,6357,0,0,0,0,0.7432397812056873,0.5240542285763959,0.7432397812056873,0.5240542285763959,1.0,1,0.364489054694551,76
3342,0,6357,6357,0,0,0,0,0.7432397812056873,0.5240542285763959,0.7432397812056873,0.5240542285763959,1.0,1,0.3692989441974431,76
3343,4,6361,6361,0,0,0,0,0.7410967388136227,0.5263964734395538,0.7410967388136227,0.5263964734395538,1.0,1,0.3673716668915984,75
3344,1,6362,6362,0,0,0,0,0.7541654847108746,0.53906028383289,0.7541654847108746,0.53906028383289,1.0,1,0.363365852517085,75
3345,5,6367,6367,0,0,0,0,0.7566397006271791,0.5507194473117153,0.7566397006271791,0.5507194473117153,1.0,1,0.3719591296231944,72
3346,3,6370,6370,0,0,0,0,0.7560775043823855,0.543427123587542,0.7560775043823855,0.543427123587542,1.0,1,0.35875468920791326,73
3347,1,6371,6371,0,0,0,0,0.7671398002571144,0.5526633004939303,0.7671398002571144,0.5526633004939303,1.0,1,0.34158406743997644,73
3348,1,6372,6372,0,0,0,0,0.782639533916716,0.5711536750248721,0.782639533916716,0.5711536750248721,1.0,1,0.3336419784549876,73
3349,2,6374,6374,0,0,0,0,0.7706830470923338,0.5534354074955974,0.7706830470923338,0.5534354074955974,1.0,1,0.372009989314504,74
3350,1,6375,6375,0,0,0,0,0.7821316924236249,0.5701517174844491,0.7821316924236249,0.5701517174844491,1.0,1,0.3648109816640215,73
3351,2,6377,6377,0,0,0,0,0.7770806843435496,0.5662110614252858,0.7770806843435496,0.5662110614252858,1.0,1,0.37065779078505573,72
3352,1,6378,6378,0,0,0,0,0.7922093244380622,0.5844186488761245,0.7922093244380622,0.5844186488761245,1.0,1,0.3671935996011747,72
3353,1,6379,6379,0,0,0,0,0.7916830288405454,0.5844186488761245,0.7916830288405454,0.5844186488761245,1.0,1,0.3819131024269752,72
3354,0,6379,6379,0,0,0,0,0.7857311153788467,0.5844186488761245,0.7857311153788467,0.5844186488761245,1.0,1,0.399701170192588,70
3355,0,6379,6379,0,0,0,0,0.783174947239717,0.5844186488761245,0.783174947239717,0.5844186488761245,1.0,1,0.4005290542103682,69
3356,1,6380,6380,0,0,0,0,0.7676436385806512,0.5666867854612142,0.7676436385806512,0.5666867854612142,1.0,1,0.4086853990642418,69
3357,3,6383,6383,0,0,0,0,0.7844296856242473,0.5928116284013559,0.7844296856242473,0.5928116284013559,1.0,1,0.3791089882915673,68
3358,1,6384,6384,0,0,0,0,0.8024260287949555,0.6161419988016279,0.8024260287949555,0.6161419988016279,1.0,1,0.3593775517127582,68
3359,0,6384,6384,0,0,0,0,0.7964389387584391,0.6161419988016279,0.7964389387584391,0.6161419988016279,1.0,1,0.36542009834534145,66
3360,0,6384,6384,0,0,0,0,0.7933072301239535,0.6161419988016279,0.7933072301239535,0.6161419988016279,1.0,1,0.3750421353271916,65
3361,0,6384,6384,0,0,0,0,0.7900776555946403,0.6161419988016279,0.7900776555946403,0.6161419988016279,1.0,1,0.39061064741598167,64
3362,0,6384,6384,0,0,0,0,0.7900776555946403,0.6161419988016279,0.7900776555946403,0.6161419988016279,1.0,1,0.39061064741598167,64
3363,0,6384,6384,0,0,0,0,0.7933072301239535,0.6161419988016279,0.7933072301239535,0.6161419988016279,1.0,1,0.3812856074979477,65
3364,1,6385,6385,0,0,0,0,0.8144074109592905,0.6397320330386226,0.8144074109592905,0.6397320330386226,1.0,1,0.36944146839933273,66
3365,0,6385,6385,0,0,0,0,0.8043090568146375,0.6198004532398673,0.8043090568146375,0.6198004532398673,1.0,1,0.3651974482659234,68
3366,1,6386,6386,0,0,0,0,0.8125949175229928,0.6362136634269862,0.8125949175229928,0.6362136634269862,1.0,1,0.34623549508335894,66
3367,0,6386,6386,0,0,0,0,0.8022362248931332,0.6157732369352301,0.8022362248931332,0.6157732369352301,1.0,1,0.3452943224931301,68
3368,6,6392,6392,0,0,0,0,0.8094045349302234,0.6188090698604467,0.8094045349302234,0.6188090698604467,1.0,1,0.3337318324213274,68
3369,6,6398,6398,0,0,0,0,0.7421177905812206,0.5437468602590826,0.7421177905812206,0.5437468602590826,1.0,1,0.3524985602899542,69
3370,1,6399,6399,0,0,0,0,0.7345577906088885,0.528840078330777,0.7345577906088885,0.528840078330777,1.0,1,0.34952333061435437,71
3371,3,6402,6402,0,0,0,0,0.7522865398416564,0.5490344699681435,0.7522865398416564,0.5490344699681435,1.0,1,0.32107937492678984,71
3372,3,6405,6405,0,0,0,0,0.7376220775631617,0.5342791876746119,0.7376220775631617,0.5342791876746119,1.0,1,0.3165494985584447,71
3373,2,6407,6407,0,0,0,0,0.7407192858707696,0.5332947145673852,0.7407192858707696,0.5332947145673852,1.0,1,0.31651339139244383,72
3374,5,6412,6412,0,0,0,0,0.7408975548854544,0.533615598793818,0.7408975548854544,0.533615598793818,1.0,1,0.33554941097746893,72
3375,2,6414,6414,0,0,0,0,0.7556044298266846,0.5425416250602048,0.7556044298266846,0.5425416250602048,1.0,1,0.3318355231276125,73
3376,2,6416,6416,0,0,0,0,0.761171815450575,0.5407150297126444,0.761171815450575,0.5407150297126444,1.0,1,0.32138847588305913,75
3377,1,6417,6417,0,0,0,0,0.778435810212528,0.5510409838517014,0.778435810212528,0.5510409838517014,1.0,1,0.3076514514184744,77
3378,2,6419,6419,0,0,0,0,0.7790629211425547,0.5523117086309661,0.7790629211425547,0.5523117086309661,1.0,1,0.3131137980792628,77
3379,1,6420,6420,0,0,0,0,0.7919120309721327,0.5669520644555196,0.7919120309721327,0.5669520644555196,1.0,1,0.30033465415857175,77
3380,3,6423,6423,0,0,0,0,0.7763844639432533,0.5527689278865067,0.7763844639432533,0.5527689278865067,1.0,1,0.337629351056099,76
3381,2,6425,6425,0,0,0,0,0.7488447357349969,0.522804997896494,0.7488447357349969,0.522804997896494,1.0,1,0.36629327079020063,76
3382,1,6426,6426,0,0,0,0,0.7557104607320462,0.5236353984274901,0.7557104607320462,0.5236353984274901,1.0,1,0.35798482930825465,78
3383,1,6427,6427,0,0,0,0,0.7664240760111867,0.5388372782784967,0.7664240760111867,0.5388372782784967,1.0,1,0.34500801736661807,77
3384,1,6428,6428,0,0,0,0,0.77957205682864,0.5533433783106652,0.77957205682864,0.5533433783106652,1.0,1,0.3383338892911785,77
3385,1,6429,6429,0,0,0,0,0.7877112117123901,0.5696848886061961,0.7877112117123901,0.5696848886061961,1.0,1,0.3338562876292288,75
3386,0,6429,6429,0,0,0,0,0.7905044852424902,0.5696848886061961,0.7905044852424902,0.5696848886061961,1.0,1,0.33249013130423416,76
3387,1,6430,6430,0,0,0,0,0.8021380510238157,0.5877876062996162,0.8021380510238157,0.5877876062996162,1.0,1,0.31817139478331297,75
3388,0,6430,6430,0,0,0,0,0.7924359674413705,0.5736522574471393,0.7924359674413705,0.5736522574471393,1.0,1,0.3228573501293113,76
3389,0,6430,6430,0,0,0,0,0.7951316042278461,0.5736522574471393,0.7951316042278461,0.5736522574471393,1.0,1,0.3157616527052435,77
3390,0,6430,6430,0,0,0,0,0.7924359674413705,0.5736522574471393,0.7924359674413705,0.5736522574471393,1.0,1,0.31663695000081993,76
3391,0,6430,6430,0,0,0,0,0.7951316042278462,0.5736522574471393,0.7951316042278462,0.5736522574471393,1.0,1,0.29937768300232054,77
3392,2,6432,6432,0,0,0,0,0.784693807311954,0.5580557097455899,0.784693807311954,0.5580557097455899,1.0,1,0.31010636406535136,78
3393,4,6436,6436,0,0,0,0,0.8090233333980519,0.5968270371736651,0.8090233333980519,0.5968270371736651,1.0,1,0.28073327655231556,76
3394,1,6437,6437,0,0,0,0,0.7955552678121431,0.5855850023219118,0.7955552678121431,0.5855850023219118,1.0,1,0.2881286851869318,75
3395,2,6439,6439,0,0,0,0,0.8043759622425894,0.6033179234363623,0.8043759622425894,0.6033179234363623,1.0,1,0.26446620163696,73
3396,2,6441,6441,0,0,0,0,0.8043759622425897,0.6033179234363623,0.8043759622425897,0.6033179234363623,1.0,1,0.23584429863333486,73
3397,3,6444,6444,0,0,0,0,0.791918628481967,0.583837256963934,0.791918628481967,0.583837256963934,1.0,1,0.26897149356491684,74
3398,6,6450,6450,0,0,0,0,0.791918628481967,0.583837256963934,0.791918628481967,0.583837256963934,1.0,1,0.3034040672545463,74
3399,2,6452,6452,0,0,0,0,0.7967900970537208,0.588088034568353,0.7967900970537208,0.588088034568353,1.0,1,0.3054206484743919,75
3400,2,6454,6454,0,0,0,0,0.7983404256248275,0.5912305924827584,0.7983404256248275,0.5912305924827584,1.0,1,0.29804781779529915,75
3401,0,6454,6454,0,0,0,0,0.8035783366475593,0.5912305924827584,0.8035783366475593,0.5912305924827584,1.0,1,0.2794536450146736,77
3402,2,6456,6456,0,0,0,0,0.7749843939050646,0.5557384187356401,0.7749843939050646,0.5557384187356401,1.0,1,0.2943346423106114,77
3403,2,6458,6458,0,0,0,0,0.7397760757463685,0.5167269978146843,0.7397760757463685,0.5167269978146843,1.0,1,0.3122340299541033,78
3404,1,6459,6459,0,0,0,0,0.754618703738953,0.5331770461375205,0.754618703738953,0.5331770461375205,1.0,1,0.3041149374311115,78
3405,4,6463,6463,0,0,0,0,0.7246747105944944,0.5005727308458271,0.7246747105944944,0.5005727308458271,1.0,1,0.31016614468500603,78
3406,0,6463,6463,0,0,0,0,0.7246747105944943,0.5005727308458271,0.7246747105944943,0.5005727308458271,1.0,1,0.31016614468500603,78
3407,3,6466,6466,0,0,0,0,0.7010605563463546,0.4818382976670146,0.7010605563463546,0.4818382976670146,1.0,1,0.3228114924433567,78
3408,0,6466,6466,0,0,0,0,0.704844599936907,0.4818382976670146,0.704844599936907,0.4818382976670146,1.0,1,0.32213998040897057,79
3409,0,6466,6466,0,0,0,0,0.7121323875927859,0.4818382976670146,0.7121323875927859,0.4818382976670146,1.0,1,0.30894262115602955,81
3410,3,6469,6469,0,0,0,0,0.6786189879830906,0.4509741044711133,0.6786189879830906,0.4509741044711133,1.0,1,0.33548092515998396,82
3411,3,6472,6472,0,0,0,0,0.6728032208147927,0.43909123568250163,0.6728032208147927,0.43909123568250163,1.0,1,0.3369872828511838,84
3412,2,6474,6474,0,0,0,0,0.6837921894606184,0.4466363315560822,0.6837921894606184,0.4466363315560822,1.0,1,0.33070438151937215,84
3413,4,6478,6478,0,0,0,0,0.6839956571331053,0.4469923999829343,0.6839956571331053,0.4469923999829343,1.0,1,0.33571636727424803,84
3414,2,6480,6480,0,0,0,0,0.6961468766389741,0.4569433539930601,0.6961468766389741,0.4569433539930601,1.0,1,0.32858661301472225,84
3415,2,6482,6482,0,0,0,0,0.7002715114580401,0.4579378398709236,0.7002715114580401,0.4579378398709236,1.0,1,0.3145213389920564,85
3416,3,6485,6485,0,0,0,0,0.7103486761992496,0.4647747277594828,0.7103486761992496,0.4647747277594828,1.0,1,0.3296824804793995,85
3417,2,6487,6487,0,0,0,0,0.7018763191838492,0.45449709467683047,0.7018763191838492,0.45449709467683047,1.0,1,0.34873732101180227,86
3418,2,6489,6489,0,0,0,0,0.7018763191838493,0.45449709467683047,0.7018763191838493,0.45449709467683047,1.0,1,0.3695478015453921,86
3419,4,6493,6493,0,0,0,0,0.6932556028734466,0.45764464794835047,0.6932556028734466,0.45764464794835047,1.0,1,0.37174654328683326,87
3420,3,6496,6496,0,0,0,0,0.6825123048176643,0.4484584073345966,0.6825123048176643,0.4484584073345966,1.0,1,0.38332338709206626,88
3421,2,6498,6498,0,0,0,0,0.6731828196941412,0.4268478317719621,0.6731828196941412,0.4268478317719621,1.0,1,0.40692204708204527,89
3422,4,6502,6502,0,0,0,0,0.675174383551384,0.429616941593189,0.675174383551384,0.429616941593189,1.0,1,0.37721774426485855,90
3423,1,6503,6503,0,0,0,0,0.6629109943773792,0.41915964811762785,0.6629109943773792,0.41915964811762785,1.0,1,0.397111315942578,90
3424,1,6504,6504,0,0,0,0,0.6787438958200501,0.429616941593189,0.6787438958200501,0.429616941593189,1.0,1,0.3639159818607266,91
3425,0,6504,6504,0,0,0,0,0.6864696731022872,0.4387229212089946,0.6864696731022872,0.4387229212089946,1.0,1,0.359515855117058,90
3426,1,6505,6505,0,0,0,0,0.6797807374643801,0.4387229212089946,0.6797807374643801,0.4387229212089946,1.0,1,0.35736795558084344,92
3427,1,6506,6506,0,0,0,0,0.6673463450156925,0.4387229212089946,0.6673463450156925,0.4387229212089946,1.0,1,0.3657545624903992,92
3428,1,6507,6507,0,0,0,0,0.6512939779822257,0.4387229212089946,0.6512939779822257,0.4387229212089946,1.0,1,0.3872375518896447,91
3429,1,6508,6508,0,0,0,0,0.6407261698639792,0.4387229212089946,0.6407261698639792,0.4387229212089946,1.0,1,0.3984306552283611,91
3430,0,6508,6508,0,0,0,0,0.6407261698639792,0.4387229212089946,0.6407261698639792,0.4387229212089946,1.0,1,0.40272289092483293,91
3431,2,6510,6510,0,0,0,0,0.6545861120565257,0.4359282528203028,0.6545861120565257,0.4359282528203028,1.0,1,0.40733324601606136,90
3432,2,6512,6512,0,0,0,0,0.649377332973765,0.4274379507257195,0.649377332973765,0.4274379507257195,1.0,1,0.40701839060601247,91
3433,2,6514,6514,0,0,0,0,0.6575459535474049,0.41733984558307063,0.6575459535474049,0.41733984558307063,1.0,1,0.40970905114234213,90
3434,4,6518,6518,0,0,0,0,0.6657334333764624,0.4255665792567057,0.6657334333764624,0.4255665792567057,1.0,1,0.39961512033487506,89
3435,0,6518,6518,0,0,0,0,0.6696519283214382,0.4255665792567057,0.6696519283214382,0.4255665792567057,1.0,1,0.40077428823681194,88
3436,1,6519,6519,0,0,0,0,0.6776894492097315,0.4343120945313655,0.6776894492097315,0.4343120945313655,1.0,1,0.3987857544737433,86
3437,4,6523,6523,0,0,0,0,0.6560527611708946,0.42001053844503794,0.6560527611708946,0.42001053844503794,1.0,1,0.4064917854439101,86
3438,1,6524,6524,0,0,0,0,0.6494986020602768,0.4135841996008478,0.6494986020602768,0.4135841996008478,1.0,1,0.40559480798241987,87
3439,3,6527,6527,0,0,0,0,0.668432204473499,0.4297033916944182,0.668432204473499,0.4297033916944182,1.0,1,0.3865328648987692,86
3440,1,6528,6528,0,0,0,0,0.6556429258097111,0.419319443522258,0.6556429258097111,0.419319443522258,1.0,1,0.39320824011715894,86
3441,3,6531,6531,0,0,0,0,0.6631945842844753,0.427430793283608,0.6631945842844753,0.427430793283608,1.0,1,0.3742750480964127,85
3442,2,6533,6533,0,0,0,0,0.6631945842844753,0.427430793283608,0.6631945842844753,0.427430793283608,1.0,1,0.3907145368774368,85
3443,2,6535,6535,0,0,0,0,0.6874566812794545,0.446537873099034,0.6874566812794545,0.446537873099034,1.0,1,0.3748613827295093,85
3444,2,6537,6537,0,0,0,0,0.6772891502007015,0.44019546463387005,0.6772891502007015,0.44019546463387005,1.0,1,0.3908939713951261,85
3445,2,6539,6539,0,0,0,0,0.6734105275594485,0.44013233295905474,0.6734105275594485,0.44013233295905474,1.0,1,0.4022147065024849,84
3446,2,6541,6541,0,0,0,0,0.6982827440540176,0.45434113286364874,0.6982827440540176,0.45434113286364874,1.0,1,0.3827550885418718,85
3447,5,6546,6546,0,0,0,0,0.6955469777835822,0.4493934704596699,0.6955469777835822,0.4493934704596699,1.0,1,0.38737253145514183,85
3448,2,6548,6548,0,0,0,0,0.6823661902608246,0.4375234619202101,0.6823661902608246,0.4375234619202101,1.0,1,0.4041069710162914,85
3449,3,6551,6551,0,0,0,0,0.7051247391754005,0.46153213240725316,0.7051247391754005,0.46153213240725316,1.0,1,0.36472532899288307,84
3450,2,6553,6553,0,0,0,0,0.7033696074409796,0.45832710924004977,0.7033696074409796,0.45832710924004977,1.0,1,0.3786047684573726,84
3451,2,6555,6555,0,0,0,0,0.7155959494908751,0.46849147054515977,0.7155959494908751,0.46849147054515977,1.0,1,0.36778600973731423,85
3452,2,6557,6557,0,0,0,0,0.7045403389475907,0.46849147054515977,0.7045403389475907,0.46849147054515977,1.0,1,0.37205815892271177,86
3453,1,6558,6558,0,0,0,0,0.723488645022155,0.48809725237029233,0.723488645022155,0.48809725237029233,1.0,1,0.35642458221302703,85
3454,0,6558,6558,0,0,0,0,0.7194881984984899,0.48809725237029233,0.7194881984984899,0.48809725237029233,1.0,1,0.3393984211935592,88
3455,2,6560,6560,0,0,0,0,0.6951543102482649,0.48809725237029233,0.6951543102482649,0.48809725237029233,1.0,1,0.36537378546560895,88
3456,1,6561,6561,0,0,0,0,0.704772604116661,0.49606170743670075,0.704772604116661,0.49606170743670075,1.0,1,0.3573889844851498,88
3457,2,6563,6563,0,0,0,0,0.6985321923850135,0.47329609885357277,0.6985321923850135,0.47329609885357277,1.0,1,0.3680648269216147,89
3458,0,6563,6563,0,0,0,0,0.6951064218439341,0.47329609885357277,0.6951064218439341,0.47329609885357277,1.0,1,0.38144100090733996,88
3459,0,6563,6563,0,0,0,0,0.6951064218439341,0.47329609885357277,0.6951064218439341,0.47329609885357277,1.0,1,0.38144100090733996,88
3460,3,6566,6566,0,0,0,0,0.6886539289470595,0.46409006992092855,0.6886539289470595,0.46409006992092855,1.0,1,0.38419907827484584,89
3461,0,6566,6566,0,0,0,0,0.6886539289470595,0.46409006992092855,0.6886539289470595,0.46409006992092855,1.0,1,0.38419907827484584,89
3462,3,6569,6569,0,0,0,0,0.6824445679038738,0.44510285337489025,0.6824445679038738,0.44510285337489025,1.0,1,0.3895517732167167,90
3463,0,6569,6569,0,0,0,0,0.6892503539172541,0.45311096730232225,0.6892503539172541,0.45311096730232225,1.0,1,0.38648868328428376,89
3464,1,6570,6570,0,0,0,0,0.6853842070553263,0.4643849417254669,0.6853842070553263,0.4643849417254669,1.0,1,0.3859845221447394,88
3465,1,6571,6571,0,0,0,0,0.6701687804132561,0.4643849417254669,0.6701687804132561,0.4643849417254669,1.0,1,0.39298238638191313,87
3466,1,6572,6572,0,0,0,0,0.682020170080881,0.4756453017893041,0.682020170080881,0.4756453017893041,1.0,1,0.3804529790161622,87
3467,0,6572,6572,0,0,0,0,0.682020170080881,0.4756453017893041,0.682020170080881,0.4756453017893041,1.0,1,0.3790563313121141,87
3468,2,6574,6574,0,0,0,0,0.6975466769202815,0.5004559021441556,0.6975466769202815,0.5004559021441556,1.0,1,0.3522014846563402,88
3469,1,6575,6575,0,0,0,0,0.7150180992289369,0.5004559021441556,0.7150180992289369,0.5004559021441556,1.0,1,0.35549230255901176,85
3470,2,6577,6577,0,0,0,0,0.7183707479252447,0.5005355661229984,0.7183707479252447,0.5005355661229984,1.0,1,0.3441260913571678,86
3471,4,6581,6581,0,0,0,0,0.7301525663663921,0.49439647036806506,0.7301525663663921,0.49439647036806506,1.0,1,0.3559245702955735,84
3472,2,6583,6583,0,0,0,0,0.7356015199733156,0.5054274261844923,0.7356015199733156,0.5054274261844923,1.0,1,0.3569245402200252,83
3473,2,6585,6585,0,0,0,0,0.7139364379385627,0.49469599315994545,0.7139364379385627,0.49469599315994545,1.0,1,0.39165554945994535,81
3474,5,6590,6590,0,0,0,0,0.7306136546152274,0.48688315164805224,0.7306136546152274,0.48688315164805224,1.0,1,0.3614058078818806,80
3475,3,6593,6593,0,0,0,0,0.736397551978879,0.4853476014825732,0.736397551978879,0.4853476014825732,1.0,1,0.3590721149007655,82
3476,3,6596,6596,0,0,0,0,0.7481512526302423,0.5024451576353567,0.7481512526302423,0.5024451576353567,1.0,1,0.3215682208213345,81
3477,2,6598,6598,0,0,0,0,0.7291081823812384,0.4771157938986696,0.7291081823812384,0.4771157938986696,1.0,1,0.32879596786460624,83
3478,3,6601,6601,0,0,0,0,0.7531914278567613,0.5003631344417363,0.7531914278567613,0.5003631344417363,1.0,1,0.3111436186492013,83
3479,1,6602,6602,0,0,0,0,0.7480001032954138,0.5003631344417363,0.7480001032954138,0.5003631344417363,1.0,1,0.3265096378280743,83
3480,4,6606,6606,0,0,0,0,0.7152374880017754,0.5003631344417363,0.7152374880017754,0.5003631344417363,1.0,1,0.3525102713876808,83
3481,4,6610,6610,0,0,0,0,0.7059432419264458,0.47196899132312087,0.7059432419264458,0.47196899132312087,1.0,1,0.3811571374046143,83
3482,3,6613,6613,0,0,0,0,0.7147381108436662,0.4669021315131893,0.7147381108436662,0.4669021315131893,1.0,1,0.3689859775310731,83
3483,3,6616,6616,0,0,0,0,0.7005622938768223,0.45435795773109855,0.7005622938768223,0.45435795773109855,1.0,1,0.3737467979207404,82
3484,3,6619,6619,0,0,0,0,0.6990273507222645,0.4515609502050154,0.6990273507222645,0.4515609502050154,1.0,1,0.391401209678486,82
3485,2,6621,6621,0,0,0,0,0.7131518552157666,0.4690928322068988,0.7131518552157666,0.4690928322068988,1.0,1,0.37950211618922797,83
3486,1,6622,6622,0,0,0,0,0.6985940987167387,0.4690928322068988,0.6985940987167387,0.4690928322068988,1.0,1,0.39416375816693106,83
3487,2,6624,6624,0,0,0,0,0.7046451298273586,0.47769889979302277,0.7046451298273586,0.47769889979302277,1.0,1,0.37725906975932744,84
3488,0,6624,6624,0,0,0,0,0.7046451298273586,0.47769889979302277,0.7046451298273586,0.47769889979302277,1.0,1,0.3798955001804528,84
3489,1,6625,6625,0,0,0,0,0.7046451298273586,0.47769889979302277,0.7046451298273586,0.47769889979302277,1.0,1,0.3756700072650655,84
3490,1,6626,6626,0,0,0,0,0.7167822459134667,0.4898261351839034,0.7167822459134667,0.4898261351839034,1.0,1,0.3563991219300077,84
3491,2,6628,6628,0,0,0,0,0.6991073466416463,0.4898261351839034,0.6991073466416463,0.4898261351839034,1.0,1,0.35716024885893105,86
3492,0,6628,6628,0,0,0,0,0.6991073466416463,0.4898261351839034,0.6991073466416463,0.4898261351839034,1.0,1,0.35716024885893105,86
3493,5,6633,6633,0,0,0,0,0.7126924042263935,0.46917594180478556,0.7126924042263935,0.46917594180478556,1.0,1,0.3659245331765449,86
3494,2,6635,6635,0,0,0,0,0.6893694231015316,0.45890280322172355,0.6893694231015316,0.45890280322172355,1.0,1,0.3891431193415071,86
3495,5,6640,6640,0,0,0,0,0.7150225084667827,0.4842122853732363,0.7150225084667827,0.4842122853732363,1.0,1,0.3506217155044047,87
3496,0,6640,6640,0,0,0,0,0.7084844250816545,0.4842122853732363,0.7084844250816545,0.4842122853732363,1.0,1,0.3508403320665959,88
3497,1,6641,6641,0,0,0,0,0.7243942185053996,0.4994289935024416,0.7243942185053996,0.4994289935024416,1.0,1,0.3299164753805296,89
3498,1,6642,6642,0,0,0,0,0.7099775149257797,0.4994289935024416,0.7099775149257797,0.4994289935024416,1.0,1,0.3311409336203995,89
3499,1,6643,6643,0,0,0,0,0.7170966556727333,0.5011239144480502,0.7170966556727333,0.5011239144480502,1.0,1,0.31921845792721376,91
3500,0,6643,6643,0,0,0,0,0.7139532851802082,0.5011239144480502,0.7139532851802082,0.5011239144480502,1.0,1,0.3276640241447553,90
3501,1,6644,6644,0,0,0,0,0.726532896151131,0.5173620914180788,0.726532896151131,0.5173620914180788,1.0,1,0.3131530260806623,90
3502,2,6646,6646,0,0,0,0,0.7085123611431111,0.5173620914180788,0.7085123611431111,0.5173620914180788,1.0,1,0.3164361389070508,91
3503,1,6647,6647,0,0,0,0,0.7072708224779709,0.5144651678660849,0.7072708224779709,0.5144651678660849,1.0,1,0.3198820441598261,91
3504,1,6648,6648,0,0,0,0,0.6918693102414271,0.5144651678660849,0.6918693102414271,0.5144651678660849,1.0,1,0.34287668803421767,89
3505,4,6652,6652,0,0,0,0,0.6949621812508874,0.49691323168598617,0.6949621812508874,0.49691323168598617,1.0,1,0.3639479605489066,87
3506,2,6654,6654,0,0,0,0,0.706288842126749,0.4996989136305474,0.706288842126749,0.4996989136305474,1.0,1,0.35603089510894254,87
3507,3,6657,6657,0,0,0,0,0.734920066237295,0.49049478254456824,0.734920066237295,0.49049478254456824,1.0,1,0.3615635707552982,84
3508,4,6661,6661,0,0,0,0,0.7377076363654569,0.49532416067535795,0.7377076363654569,0.49532416067535795,1.0,1,0.36721824252764484,83
3509,3,6664,6664,0,0,0,0,0.7177059055812055,0.47480168480224294,0.7177059055812055,0.47480168480224294,1.0,1,0.39512141974988996,80
3510,0,6664,6664,0,0,0,0,0.7104675954679031,0.47480168480224294,0.7104675954679031,0.47480168480224294,1.0,1,0.39943325021902,78
3511,2,6666,6666,0,0,0,0,0.6819780606199901,0.4558291259497608,0.6819780606199901,0.4558291259497608,1.0,1,0.4192851387785864,77
3512,1,6667,6667,0,0,0,0,0.6577809930251852,0.4494737713883415,0.6577809930251852,0.4494737713883415,1.0,1,0.45105238783675555,74
3513,2,6669,6669,0,0,0,0,0.6934638754910111,0.47052851221174635,0.6934638754910111,0.47052851221174635,1.0,1,0.41981437646382463,76
3514,1,6670,6670,0,0,0,0,0.6792312106186585,0.4582571557115123,0.6792312106186585,0.4582571557115123,1.0,1,0.4329485861178417,76
3515,3,6673,6673,0,0,0,0,0.6876748962618443,0.46762766408268913,0.6876748962618443,0.46762766408268913,1.0,1,0.436354670344578,75
3516,2,6675,6675,0,0,0,0,0.6791180441046346,0.46762766408268913,0.6791180441046346,0.46762766408268913,1.0,1,0.4162543322592082,73
3517,2,6677,6677,0,0,0,0,0.7288039540162883,0.5105242096879351,0.7288039540162883,0.5105242096879351,1.0,1,0.3707287253787002,74
3518,1,6678,6678,0,0,0,0,0.7288039540162884,0.5105242096879351,0.7288039540162884,0.5105242096879351,1.0,1,0.3545139639015969,74
3519,0,6678,6678,0,0,0,0,0.7250889396877445,0.5105242096879351,0.7250889396877445,0.5105242096879351,1.0,1,0.3635615803516156,73
3520,2,6680,6680,0,0,0,0,0.7288039540162884,0.5105242096879351,0.7288039540162884,0.5105242096879351,1.0,1,0.3371608681436775,74
3521,0,6680,6680,0,0,0,0,0.7324199012960713,0.5105242096879351,0.7324199012960713,0.5105242096879351,1.0,1,0.3359891576934813,75
3522,1,6681,6681,0,0,0,0,0.7324199012960713,0.5105242096879351,0.7324199012960713,0.5105242096879351,1.0,1,0.3379201764097669,75
3523,1,6682,6682,0,0,0,0,0.7324199012960712,0.5105242096879351,0.7324199012960712,0.5105242096879351,1.0,1,0.3451214039585798,75
3524,2,6684,6684,0,0,0,0,0.7442115058803833,0.5203965735257187,0.7442115058803833,0.5203965735257187,1.0,1,0.32235410829507766,75
3525,4,6688,6688,0,0,0,0,0.7537622117364673,0.5264657918008986,0.7537622117364673,0.5264657918008986,1.0,1,0.3350823936687589,75
3526,1,6689,6689,0,0,0,0,0.7837692581569192,0.5558503681061043,0.7837692581569192,0.5558503681061043,1.0,1,0.3117285886558871,76
3527,3,6692,6692,0,0,0,0,0.8146313063149946,0.5921888738929881,0.8146313063149946,0.5921888738929881,1.0,1,0.281651492552641,77
3528,0,6692,6692,0,0,0,0,0.804344555747848,0.5815147442384526,0.804344555747848,0.5815147442384526,1.0,1,0.3039725592024901,77
3529,2,6694,6694,0,0,0,0,0.819408982390033,0.5975400178977878,0.819408982390033,0.5975400178977878,1.0,1,0.28490944161775755,78
3530,3,6697,6697,0,0,0,0,0.8193454429610123,0.5996710332909527,0.8193454429610123,0.5996710332909527,1.0,1,0.31904964769421157,78
3531,0,6697,6697,0,0,0,0,0.8073116752697334,0.5793656655703698,0.8073116752697334,0.5793656655703698,1.0,1,0.32582280451743384,79
3532,2,6699,6699,0,0,0,0,0.819408362473912,0.5946514928475266,0.819408362473912,0.5946514928475266,1.0,1,0.32057236446935233,79
3533,2,6701,6701,0,0,0,0,0.831898416303629,0.6329594829559541,0.831898416303629,0.6329594829559541,1.0,1,0.30022612593071313,79
3534,1,6702,6702,0,0,0,0,0.8315632049519532,0.6493353324117757,0.8315632049519532,0.6493353324117757,1.0,1,0.2821479905889618,80
3535,0,6702,6702,0,0,0,0,0.8203448201753947,0.6273213537947737,0.8203448201753947,0.6273213537947737,1.0,1,0.2887603985825272,81
3536,1,6703,6703,0,0,0,0,0.8064038012876321,0.6505469066134519,0.8064038012876321,0.6505469066134519,1.0,1,0.2735107079344736,82
3537,1,6704,6704,0,0,0,0,0.8075305607718247,0.6247595266630819,0.8075305607718247,0.6247595266630819,1.0,1,0.2886753852841617,82
3538,1,6705,6705,0,0,0,0,0.7988321175948666,0.6362259111035924,0.7988321175948666,0.6362259111035924,1.0,1,0.2777188063884407,83
3539,4,6709,6709,0,0,0,0,0.7937705020102682,0.6009665705696696,0.7937705020102682,0.6009665705696696,1.0,1,0.3049094934850609,83
3540,0,6709,6709,0,0,0,0,0.7900127359798086,0.6009665705696696,0.7900127359798086,0.6009665705696696,1.0,1,0.28822444971553146,85
3541,4,6713,6713,0,0,0,0,0.7628004029083545,0.5522060831880123,0.7628004029083545,0.5522060831880123,1.0,1,0.3169761677969048,85
3542,0,6713,6713,0,0,0,0,0.7613544384908455,0.5522060831880123,0.7613544384908455,0.5522060831880123,1.0,1,0.30380129526353383,88
3543,1,6714,6714,0,0,0,0,0.7599031419988909,0.5405886654946519,0.7599031419988909,0.5405886654946519,1.0,1,0.3139136245644883,87
3544,3,6717,6717,0,0,0,0,0.7518412821856693,0.510566839563187,0.7518412821856693,0.510566839563187,1.0,1,0.32538654314701965,87
3545,3,6720,6720,0,0,0,0,0.7445231249562128,0.5049138095612513,0.7445231249562128,0.5049138095612513,1.0,1,0.3506756294182071,85
3546,2,6722,6722,0,0,0,0,0.7680535802300132,0.5209408977104064,0.7680535802300132,0.5209408977104064,1.0,1,0.3367774138581529,83
3547,1,6723,6723,0,0,0,0,0.7751613689168926,0.5379430255479462,0.7751613689168926,0.5379430255479462,1.0,1,0.3326436014614354,82
3548,0,6723,6723,0,0,0,0,0.7751613689168925,0.5379430255479462,0.7751613689168925,0.5379430255479462,1.0,1,0.3326436014614354,82
3549,2,6725,6725,0,0,0,0,0.7663180146467501,0.526793979659669,0.7663180146467501,0.526793979659669,1.0,1,0.3312172911528037,81
3550,0,6725,6725,0,0,0,0,0.7604020150175539,0.526793979659669,0.7604020150175539,0.526793979659669,1.0,1,0.35161184868055256,79
3551,0,6725,6725,0,0,0,0,0.7633969898298345,0.526793979659669,0.7633969898298345,0.526793979659669,1.0,1,0.3457739426593546,80
3552,0,6725,6725,0,0,0,0,0.7573302459793174,0.526793979659669,0.7573302459793174,0.526793979659669,1.0,1,0.35631820756347665,78
3553,2,6727,6727,0,0,0,0,0.7750816566061235,0.5443961762021476,0.7750816566061235,0.5443961762021476,1.0,1,0.3448117329563297,79
3554,2,6729,6729,0,0,0,0,0.7808523063324186,0.5559375680946378,0.7808523063324186,0.5559375680946378,1.0,1,0.3468526618673404,77
3555,6,6735,6735,0,0,0,0,0.7533312849755635,0.5251627235779596,0.7533312849755635,0.5251627235779596,1.0,1,0.36998609038426694,77
3556,3,6738,6738,0,0,0,0,0.747317572503456,0.5199033877565664,0.747317572503456,0.5199033877565664,1.0,1,0.3936343749173959,76
3557,6,6744,6744,0,0,0,0,0.7912598361326821,0.5712364201644282,0.7912598361326821,0.5712364201644282,1.0,1,0.3125537754801867,76
3558,2,6746,6746,0,0,0,0,0.7768052385413377,0.5536104770826755,0.7768052385413377,0.5536104770826755,1.0,1,0.31017130175284113,76
3559,2,6748,6748,0,0,0,0,0.7912598361326822,0.5712364201644282,0.7912598361326822,0.5712364201644282,1.0,1,0.2752752845393371,76
3560,3,6751,6751,0,0,0,0,0.7722267235740936,0.5444534471481871,0.7722267235740936,0.5444534471481871,1.0,1,0.2853255797090476,78
3561,2,6753,6753,0,0,0,0,0.7884228219490826,0.5601421824730929,0.7884228219490826,0.5601421824730929,1.0,1,0.2623283283380909,79
3562,4,6757,6757,0,0,0,0,0.7812147338697154,0.5568195891207055,0.7812147338697154,0.5568195891207055,1.0,1,0.26946131919308686,79
3563,3,6760,6760,0,0,0,0,0.8049970491375666,0.5836423481585881,0.8049970491375666,0.5836423481585881,1.0,1,0.23982606747294802,79
3564,1,6761,6761,0,0,0,0,0.8194373621499345,0.598749693666521,0.8194373621499345,0.598749693666521,1.0,1,0.22841682992792708,80
3565,2,6763,6763,0,0,0,0,0.8188466511859172,0.5936289742819224,0.8188466511859172,0.5936289742819224,1.0,1,0.2284036515184641,83
3566,2,6765,6765,0,0,0,0,0.8106683475675824,0.5936289742819224,0.8106683475675824,0.5936289742819224,1.0,1,0.2550228526470079,84
3567,1,6766,6766,0,0,0,0,0.8215226242086825,0.6076675357300982,0.8215226242086825,0.6076675357300982,1.0,1,0.24513811035437946,84
3568,3,6769,6769,0,0,0,0,0.8104872350928561,0.6257788092234086,0.8104872350928561,0.6257788092234086,1.0,1,0.25760091738170754,84
3569,1,6770,6770,0,0,0,0,0.8104872350928561,0.6257788092234086,0.8104872350928561,0.6257788092234086,1.0,1,0.24986266667648172,84
3570,2,6772,6772,0,0,0,0,0.7731843245966885,0.6257788092234086,0.7731843245966885,0.6257788092234086,1.0,1,0.2657580265864402,87
3571,1,6773,6773,0,0,0,0,0.7707325240824789,0.6476266427839541,0.7707325240824789,0.6476266427839541,1.0,1,0.26184673522604757,86
3572,3,6776,6776,0,0,0,0,0.7524534572748033,0.6297362613724304,0.7524534572748033,0.6297362613724304,1.0,1,0.28339542970647436,87
3573,5,6781,6781,0,0,0,0,0.7600369239741137,0.595852896850017,0.7600369239741137,0.595852896850017,1.0,1,0.28491784565183986,87
3574,3,6784,6784,0,0,0,0,0.7741224814102492,0.5828361151446455,0.7741224814102492,0.5828361151446455,1.0,1,0.273767848711807,88
3575,3,6787,6787,0,0,0,0,0.7657511008322995,0.5480605200980389,0.7657511008322995,0.5480605200980389,1.0,1,0.29461437461413403,88
3576,3,6790,6790,0,0,0,0,0.781836630694373,0.5341344077544122,0.781836630694373,0.5341344077544122,1.0,1,0.27658742796095703,90
3577,4,6794,6794,0,0,0,0,0.7561289475051881,0.5011728471697031,0.7561289475051881,0.5011728471697031,1.0,1,0.2887598192595663,90
3578,1,6795,6795,0,0,0,0,0.7477980388511344,0.4899915896767383,0.7477980388511344,0.4899915896767383,1.0,1,0.292748611209632,91
3579,0,6795,6795,0,0,0,0,0.7477980388511344,0.4899915896767383,0.7477980388511344,0.4899915896767383,1.0,1,0.292748611209632,91
3580,3,6798,6798,0,0,0,0,0.7364668867796136,0.47866275428140936,0.7364668867796136,0.47866275428140936,1.0,1,0.31619386831585045,91
3581,1,6799,6799,0,0,0,0,0.7364668867796136,0.47866275428140936,0.7364668867796136,0.47866275428140936,1.0,1,0.30753166075026933,91
3582,3,6802,6802,0,0,0,0,0.7482628228331573,0.48533732668112145,0.7482628228331573,0.48533732668112145,1.0,1,0.2996964905359201,92
3583,6,6808,6808,0,0,0,0,0.7135428819362363,0.46365475766784653,0.7135428819362363,0.46365475766784653,1.0,1,0.35188897897258686,88
3584,6,6814,6814,0,0,0,0,0.767300983609972,0.521658025622155,0.767300983609972,0.521658025622155,1.0,1,0.3040176231999711,87
3585,3,6817,6817,0,0,0,0,0.7833456402092177,0.5450258444393573,0.7833456402092177,0.5450258444393573,1.0,1,0.2890065861480679,84
3586,7,6824,6824,0,0,0,0,0.7772806659163062,0.5378573817763354,0.7772806659163062,0.5378573817763354,1.0,1,0.3007329054533132,83
3587,7,6831,6831,0,0,0,0,0.7731740632460743,0.5350068296544522,0.7731740632460743,0.5350068296544522,1.0,1,0.2949607924602496,82
3588,5,6836,6836,0,0,0,0,0.7951611814136084,0.5633698866974286,0.7951611814136084,0.5633698866974286,1.0,1,0.28699802226763665,81
3589,2,6838,6838,0,0,0,0,0.7823182067714837,0.5534732446594535,0.7823182067714837,0.5534732446594535,1.0,1,0.2955213270401112,80
3590,1,6839,6839,0,0,0,0,0.7621368138481781,0.5361667870039475,0.7621368138481781,0.5361667870039475,1.0,1,0.31259000594005487,78
3591,2,6841,6841,0,0,0,0,0.7857767846041466,0.5659161161715601,0.7857767846041466,0.5659161161715601,1.0,1,0.2926906553049838,77
3592,0,6841,6841,0,0,0,0,0.7800641655269238,0.5659161161715601,0.7800641655269238,0.5659161161715601,1.0,1,0.30046638777543105,75
3593,1,6842,6842,0,0,0,0,0.778805863279671,0.5576117265593423,0.778805863279671,0.5576117265593423,1.0,1,0.2984717943236601,76
3594,1,6843,6843,0,0,0,0,0.7866924843193575,0.5733849686387148,0.7866924843193575,0.5733849686387148,1.0,1,0.29990911784156854,74
3595,0,6843,6843,0,0,0,0,0.7866924843193575,0.5733849686387148,0.7866924843193575,0.5733849686387148,1.0,1,0.29644357497084517,74
3596,2,6845,6845,0,0,0,0,0.7950780185664276,0.5844637598708115,0.7950780185664276,0.5844637598708115,1.0,1,0.279748586582701,73
3597,1,6846,6846,0,0,0,0,0.7950780185664276,0.5844637598708115,0.7950780185664276,0.5844637598708115,1.0,1,0.3013211462142633,73
3598,2,6848,6848,0,0,0,0,0.8098013375440348,0.6032999325918441,0.8098013375440348,0.6032999325918441,1.0,1,0.2790959849441782,73
3599,2,6850,6850,0,0,0,0,0.8098013375440348,0.6032999325918441,0.8098013375440348,0.6032999325918441,1.0,1,0.29983718355292827,73
3600,2,6852,6852,0,0,0,0,0.8220473222573998,0.6257759293787768,0.8220473222573998,0.6257759293787768,1.0,1,0.27556577203663996,74
3601,4,6856,6856,0,0,0,0,0.7968302020693088,0.5835712225541161,0.7968302020693088,0.5835712225541161,1.0,1,0.2999482784965243,75
3602,2,6858,6858,0,0,0,0,0.7853688243813796,0.6020628123015047,0.7853688243813796,0.6020628123015047,1.0,1,0.29537810956700156,76
3603,4,6862,6862,0,0,0,0,0.8017100791837126,0.6455890063838305,0.8017100791837126,0.6455890063838305,1.0,1,0.2677641299787254,77
3604,5,6867,6867,0,0,0,0,0.7938284155162643,0.6260728066735551,0.7938284155162643,0.6260728066735551,1.0,1,0.27072859821307527,78
3605,2,6869,6869,0,0,0,0,0.8208797020362727,0.6742373772945394,0.8208797020362727,0.6742373772945394,1.0,1,0.23996100370896384,77
3606,2,6871,6871,0,0,0,0,0.8240676387571496,0.6687309700681723,0.8240676387571496,0.6687309700681723,1.0,1,0.227411580774631,79
3607,4,6875,6875,0,0,0,0,0.8368168496863273,0.6712096070399385,0.8368168496863273,0.6712096070399385,1.0,1,0.2198399257838649,79
3608,2,6877,6877,0,0,0,0,0.8253003524254577,0.6446532964324051,0.8253003524254577,0.6446532964324051,1.0,1,0.23964210648072054,79
3609,4,6881,6881,0,0,0,0,0.8390631433978322,0.6260584802479039,0.8390631433978322,0.6260584802479039,1.0,1,0.22396726759673277,79
3610,5,6886,6886,0,0,0,0,0.7910636798360452,0.5601340628127266,0.7910636798360452,0.5601340628127266,1.0,1,0.26477580626131936,80
3611,2,6888,6888,0,0,0,0,0.7894280381658774,0.5566906066650048,0.7894280381658774,0.5566906066650048,1.0,1,0.2525407898108634,80
3612,3,6891,6891,0,0,0,0,0.7842547253281978,0.5514769289717798,0.7842547253281978,0.5514769289717798,1.0,1,0.2685680286629001,79
3613,3,6894,6894,0,0,0,0,0.7558678633065957,0.5178390300305266,0.7558678633065957,0.5178390300305266,1.0,1,0.28414219781396505,79
3614,5,6899,6899,0,0,0,0,0.7517480258477881,0.5159086504031868,0.7517480258477881,0.5159086504031868,1.0,1,0.2968085879960649,78
3615,0,6899,6899,0,0,0,0,0.7548904559003478,0.5159086504031868,0.7548904559003478,0.5159086504031868,1.0,1,0.28811502144066137,79
3616,3,6902,6902,0,0,0,0,0.7682997525393517,0.5306584730925329,0.7682997525393517,0.5306584730925329,1.0,1,0.2919391019761492,79
3617,4,6906,6906,0,0,0,0,0.7479376181971553,0.5081709623359127,0.7479376181971553,0.5081709623359127,1.0,1,0.3071912725268719,80
3618,0,6906,6906,0,0,0,0,0.7312145931504616,0.48743247996134526,0.7312145931504616,0.48743247996134526,1.0,1,0.31907563617842366,82
3619,0,6906,6906,0,0,0,0,0.7312145931504616,0.48743247996134526,0.7312145931504616,0.48743247996134526,1.0,1,0.3210380646835319,82
3620,3,6909,6909,0,0,0,0,0.7634674647647884,0.5210216161486966,0.7634674647647884,0.5210216161486966,1.0,1,0.29774987941637243,81
3621,0,6909,6909,0,0,0,0,0.7432234740687208,0.49256067494532907,0.7432234740687208,0.49256067494532907,1.0,1,0.3146378986947525,83
3622,1,6910,6910,0,0,0,0,0.7368833129346151,0.49256067494532907,0.7368833129346151,0.49256067494532907,1.0,1,0.3155204666033504,81
3623,3,6913,6913,0,0,0,0,0.7364646822204555,0.49175331571087844,0.7364646822204555,0.49175331571087844,1.0,1,0.2987214325187019,81
3624,0,6913,6913,0,0,0,0,0.729792902023505,0.49175331571087844,0.729792902023505,0.49175331571087844,1.0,1,0.29303582697283276,79
3625,1,6914,6914,0,0,0,0,0.73290429449462,0.49124627522784753,0.73290429449462,0.49124627522784753,1.0,1,0.2912858786757567,80
3626,1,6915,6915,0,0,0,0,0.739877746753075,0.5051332743107281,0.739877746753075,0.5051332743107281,1.0,1,0.2716524114274782,78
3627,3,6918,6918,0,0,0,0,0.725786879759235,0.4907470624100078,0.725786879759235,0.4907470624100078,1.0,1,0.29021568390753527,78
3628,3,6921,6921,0,0,0,0,0.7346169841900625,0.501597750795971,0.7346169841900625,0.501597750795971,1.0,1,0.28644536795381603,77
3629,0,6921,6921,0,0,0,0,0.7311251024030896,0.501597750795971,0.7311251024030896,0.501597750795971,1.0,1,0.2928311008787515,76
3630,4,6925,6925,0,0,0,0,0.7346169841900625,0.501597750795971,0.7346169841900625,0.501597750795971,1.0,1,0.3114825214512612,77
3631,2,6927,6927,0,0,0,0,0.7260128953882469,0.4988040769297199,0.7260128953882469,0.4988040769297199,1.0,1,0.33443934944884235,75
3632,2,6929,6929,0,0,0,0,0.7223103669475475,0.4988040769297199,0.7223103669475475,0.4988040769297199,1.0,1,0.3661450943467931,74
3633,4,6933,6933,0,0,0,0,0.7507917835535067,0.5207534299105898,0.7507917835535067,0.5207534299105898,1.0,1,0.31575346136115334,75
3634,3,6936,6936,0,0,0,0,0.7328044742192897,0.5056882773056862,0.7328044742192897,0.5056882773056862,1.0,1,0.35681660362818435,74
3635,5,6941,6941,0,0,0,0,0.7301451137184924,0.5007684603792111,0.7301451137184924,0.5007684603792111,1.0,1,0.35566978042331293,74
3636,3,6944,6944,0,0,0,0,0.7465786973444417,0.5191493231663765,0.7465786973444417,0.5191493231663765,1.0,1,0.33748648108931484,74
3637,5,6949,6949,0,0,0,0,0.796678939675825,0.5774119155600742,0.796678939675825,0.5774119155600742,1.0,1,0.2976112171152301,74
3638,2,6951,6951,0,0,0,0,0.8027340930121227,0.5980154459520709,0.8027340930121227,0.5980154459520709,1.0,1,0.28885386087075093,75
3639,1,6952,6952,0,0,0,0,0.7923420511291756,0.5980154459520709,0.7923420511291756,0.5980154459520709,1.0,1,0.29397855256242683,76
3640,2,6954,6954,0,0,0,0,0.7923420511291756,0.5980154459520709,0.7923420511291756,0.5980154459520709,1.0,1,0.29069876404002615,76
3641,2,6956,6956,0,0,0,0,0.786652320556445,0.5722439928596628,0.786652320556445,0.5722439928596628,1.0,1,0.309988043458487,75
3642,2,6958,6958,0,0,0,0,0.771862362541932,0.5526368540343836,0.771862362541932,0.5526368540343836,1.0,1,0.326397514251921,75
3643,0,6958,6958,0,0,0,0,0.7687794214952012,0.5526368540343836,0.7687794214952012,0.5526368540343836,1.0,1,0.3343588190233758,74
3644,2,6960,6960,0,0,0,0,0.7658705950323355,0.5652760563363831,0.7658705950323355,0.5652760563363831,1.0,1,0.3295088186749979,74
3645,2,6962,6962,0,0,0,0,0.7945679212856217,0.6021629462015584,0.7945679212856217,0.6021629462015584,1.0,1,0.2998740597743786,74
3646,1,6963,6963,0,0,0,0,0.7826792294495188,0.6021629462015584,0.7826792294495188,0.6021629462015584,1.0,1,0.30976461408142014,75
3647,1,6964,6964,0,0,0,0,0.7739034143888076,0.6021629462015584,0.7739034143888076,0.6021629462015584,1.0,1,0.29788649149354984,77
3648,2,6966,6966,0,0,0,0,0.7531001609263119,0.5384276796550269,0.7531001609263119,0.5384276796550269,1.0,1,0.3325700345010371,78
3649,0,6966,6966,0,0,0,0,0.7477828648801185,0.5384276796550269,0.7477828648801185,0.5384276796550269,1.0,1,0.3157531030940747,80
3650,1,6967,6967,0,0,0,0,0.7367291389598447,0.5222598123406559,0.7367291389598447,0.5222598123406559,1.0,1,0.3219279657096406,81
3651,0,6967,6967,0,0,0,0,0.7367291389598447,0.5222598123406559,0.7367291389598447,0.5222598123406559,1.0,1,0.3219279657096406,81
3652,0,6967,6967,0,0,0,0,0.7208735924002901,0.5006239169454205,0.7208735924002901,0.5006239169454205,1.0,1,0.3305860105874508,83
3653,1,6968,6968,0,0,0,0,0.7094112825017352,0.4898621160281473,0.7094112825017352,0.4898621160281473,1.0,1,0.3413117146737208,83
3654,2,6970,6970,0,0,0,0,0.7084206528303816,0.5021410992820792,0.7084206528303816,0.5021410992820792,1.0,1,0.34322222629301896,83
3655,0,6970,6970,0,0,0,0,0.7118918355347817,0.5021410992820792,0.7118918355347817,0.5021410992820792,1.0,1,0.33658748826669577,84
3656,0,6970,6970,0,0,0,0,0.7036615612264779,0.5021410992820792,0.7036615612264779,0.5021410992820792,1.0,1,0.3355280725478167,85
3657,0,6970,6970,0,0,0,0,0.70710735702617,0.5021410992820792,0.70710735702617,0.5021410992820792,1.0,1,0.32922275962999575,86
3658,2,6972,6972,0,0,0,0,0.7016009851805215,0.5172929726274116,0.7016009851805215,0.5172929726274116,1.0,1,0.3278978383473053,87
3659,2,6974,6974,0,0,0,0,0.6905718462578495,0.5210432802951956,0.6905718462578495,0.5210432802951956,1.0,1,0.3407613384240469,87
3660,2,6976,6976,0,0,0,0,0.6993673758167984,0.5141205474478897,0.6993673758167984,0.5141205474478897,1.0,1,0.34491109932611763,86
3661,1,6977,6977,0,0,0,0,0.6966524737297873,0.5141205474478897,0.6966524737297873,0.5141205474478897,1.0,1,0.35246423234681007,86
3662,0,6977,6977,0,0,0,0,0.7095201428973463,0.5141205474478897,0.7095201428973463,0.5141205474478897,1.0,1,0.36402154102947754,83
3663,5,6982,6982,0,0,0,0,0.7273867222796345,0.5272382736760759,0.7273867222796345,0.5272382736760759,1.0,1,0.33605678199522115,85
3664,3,6985,6985,0,0,0,0,0.7408125344512353,0.5006743787152113,0.7408125344512353,0.5006743787152113,1.0,1,0.3471813406525253,82
3665,4,6989,6989,0,0,0,0,0.7487383039949504,0.5036049420388046,0.7487383039949504,0.5036049420388046,1.0,1,0.3352586818915931,81
3666,5,6994,6994,0,0,0,0,0.7698522753538917,0.5348989765832174,0.7698522753538917,0.5348989765832174,1.0,1,0.3104681942795906,79
3667,3,6997,6997,0,0,0,0,0.7789259084687268,0.5421916016321697,0.7789259084687268,0.5421916016321697,1.0,1,0.3047338361818343,79
3668,1,6998,6998,0,0,0,0,0.7600728609372681,0.5262976997992216,0.7600728609372681,0.5262976997992216,1.0,1,0.32621979532461465,77
3669,4,7002,7002,0,0,0,0,0.7806779741148094,0.5554283259083975,0.7806779741148094,0.5554283259083975,1.0,1,0.30413546667865055,75
3670,3,7005,7005,0,0,0,0,0.7597738358732748,0.5554283259083975,0.7597738358732748,0.5554283259083975,1.0,1,0.3322486894746434,76
3671,0,7005,7005,0,0,0,0,0.7777141629541988,0.5554283259083975,0.7777141629541988,0.5554283259083975,1.0,1,0.33486155873745976,74
3672,1,7006,7006,0,0,0,0,0.7759095974100044,0.5554283259083975,0.7759095974100044,0.5554283259083975,1.0,1,0.33498013336144306,75
3673,2,7008,7008,0,0,0,0,0.7695272964752362,0.545119664095861,0.7695272964752362,0.545119664095861,1.0,1,0.3342618559641273,75
3674,3,7011,7011,0,0,0,0,0.7759998456165879,0.5699656493149126,0.7759998456165879,0.5699656493149126,1.0,1,0.32721288378318913,75
3675,3,7014,7014,0,0,0,0,0.7547773017737892,0.5284178880265179,0.7547773017737892,0.5284178880265179,1.0,1,0.34759749302801524,75
3676,1,7015,7015,0,0,0,0,0.7418585419979793,0.515984766246211,0.7418585419979793,0.515984766246211,1.0,1,0.36644365884919566,75
3677,3,7018,7018,0,0,0,0,0.7153965336290198,0.49177952433753525,0.7153965336290198,0.49177952433753525,1.0,1,0.3983955467282665,75
3678,1,7019,7019,0,0,0,0,0.7080837226464664,0.477266201018091,0.7080837226464664,0.477266201018091,1.0,1,0.403033014242019,77
3679,4,7023,7023,0,0,0,0,0.6716565062812359,0.44324364108557385,0.6716565062812359,0.44324364108557385,1.0,1,0.42246709500895413,78
3680,1,7024,7024,0,0,0,0,0.6556930564536516,0.42615509408941954,0.6556930564536516,0.42615509408941954,1.0,1,0.4132609130784735,80
3681,2,7026,7026,0,0,0,0,0.66185404639702,0.42937870329497113,0.66185404639702,0.42937870329497113,1.0,1,0.4085200633804173,81
3682,1,7027,7027,0,0,0,0,0.6500132781801159,0.421450521073253,0.6500132781801159,0.421450521073253,1.0,1,0.4140972279520162,81
3683,1,7028,7028,0,0,0,0,0.6614512007870339,0.42869890132811983,0.6614512007870339,0.42869890132811983,1.0,1,0.408990191770212,81
3684,1,7029,7029,0,0,0,0,0.6501825964491094,0.42173041453832366,0.6501825964491094,0.42173041453832366,1.0,1,0.4188033344900167,81
3685,0,7029,7029,0,0,0,0,0.6501825964491094,0.42173041453832366,0.6501825964491094,0.42173041453832366,1.0,1,0.4188033344900167,81
3686,1,7030,7030,0,0,0,0,0.6501825964491094,0.42173041453832366,0.6501825964491094,0.42173041453832366,1.0,1,0.43473349372234604,81
3687,0,7030,7030,0,0,0,0,0.6544486623460715,0.42173041453832366,0.6544486623460715,0.42173041453832366,1.0,1,0.4237777450982943,82
3688,0,7030,7030,0,0,0,0,0.6520299474767716,0.41541031176097626,0.6520299474767716,0.41541031176097626,1.0,1,0.42410297603236347,84
3689,0,7030,7030,0,0,0,0,0.6520299474767717,0.41541031176097626,0.6520299474767717,0.41541031176097626,1.0,1,0.42410297603236347,84
3690,1,7031,7031,0,0,0,0,0.6440468275126394,0.41541031176097626,0.6440468275126394,0.41541031176097626,1.0,1,0.43509328871031366,85
3691,0,7031,7031,0,0,0,0,0.6481858178903994,0.41541031176097626,0.6481858178903994,0.41541031176097626,1.0,1,0.4299192807891007,86
3692,0,7031,7031,0,0,0,0,0.6587823988457778,0.41541031176097626,0.6587823988457778,0.41541031176097626,1.0,1,0.4247565397251004,86
3693,3,7034,7034,0,0,0,0,0.6576202302553174,0.41341138178538406,0.6576202302553174,0.41341138178538406,1.0,1,0.4229287772689631,86
3694,1,7035,7035,0,0,0,0,0.6576202302553174,0.41341138178538406,0.6576202302553174,0.41341138178538406,1.0,1,0.4162855910414982,86
3695,1,7036,7036,0,0,0,0,0.6576202302553174,0.41341138178538406,0.6576202302553174,0.41341138178538406,1.0,1,0.4086382411648794,86
3696,2,7038,7038,0,0,0,0,0.6602192243333297,0.411086036086232,0.6602192243333297,0.411086036086232,1.0,1,0.397089500094147,87
3697,2,7040,7040,0,0,0,0,0.6422916821390595,0.40381947023176584,0.6422916821390595,0.40381947023176584,1.0,1,0.41735759391806554,85
3698,4,7044,7044,0,0,0,0,0.6592567816196213,0.4221698285769361,0.6592567816196213,0.4221698285769361,1.0,1,0.40251012603863573,85
3699,1,7045,7045,0,0,0,0,0.6557573384360781,0.4221698285769361,0.6557573384360781,0.4221698285769361,1.0,1,0.3963872322561124,85
3700,2,7047,7047,0,0,0,0,0.6500921292344419,0.4121547771138624,0.6500921292344419,0.4121547771138624,1.0,1,0.4186490805953422,84
3701,1,7048,7048,0,0,0,0,0.6318309516490207,0.4121547771138624,0.6318309516490207,0.4121547771138624,1.0,1,0.4321933784917376,85
3702,5,7053,7053,0,0,0,0,0.6111198326295204,0.4125081265973828,0.6111198326295204,0.4125081265973828,1.0,1,0.45744871243665053,85
3703,0,7053,7053,0,0,0,0,0.6111198326295204,0.4125081265973828,0.6111198326295204,0.4125081265973828,1.0,1,0.45744871243665053,85
3704,2,7055,7055,0,0,0,0,0.6237942549783837,0.4325083813733821,0.6237942549783837,0.4325083813733821,1.0,1,0.4372564108278024,85
3705,1,7056,7056,0,0,0,0,0.6261244326428447,0.42668603810800765,0.6261244326428447,0.42668603810800765,1.0,1,0.4279733882190763,86
3706,2,7058,7058,0,0,0,0,0.6373161560893981,0.4325083813733821,0.6373161560893981,0.4325083813733821,1.0,1,0.4104353313372693,86
3707,2,7060,7060,0,0,0,0,0.6458003979211204,0.4325083813733821,0.6458003979211204,0.4325083813733821,1.0,1,0.39952542059239665,85
3708,1,7061,7061,0,0,0,0,0.6530759954080706,0.4225522412199273,0.6530759954080706,0.4225522412199273,1.0,1,0.41054997593220405,84
3709,2,7063,7063,0,0,0,0,0.6497928795245509,0.4116681818908838,0.6497928795245509,0.4116681818908838,1.0,1,0.4149594846486347,85
3710,0,7063,7063,0,0,0,0,0.6498024892207641,0.4116681818908838,0.6498024892207641,0.4116681818908838,1.0,1,0.41753301675207377,84
3711,4,7067,7067,0,0,0,0,0.6464645632431777,0.4104974840632469,0.6464645632431777,0.4104974840632469,1.0,1,0.4276002044731211,85
3712,3,7070,7070,0,0,0,0,0.6582005645066683,0.43184140650848374,0.6582005645066683,0.43184140650848374,1.0,1,0.4004714767056839,85
3713,1,7071,7071,0,0,0,0,0.6576817415545598,0.4233735769174194,0.6576817415545598,0.4233735769174194,1.0,1,0.40605712030546354,85
3714,2,7073,7073,0,0,0,0,0.6567949419046452,0.43033142056081614,0.6567949419046452,0.43033142056081614,1.0,1,0.4086284733788722,85
3715,0,7073,7073,0,0,0,0,0.6567949419046452,0.43033142056081614,0.6567949419046452,0.43033142056081614,1.0,1,0.4086284733788722,85
3716,2,7075,7075,0,0,0,0,0.6766947915557605,0.44936305686322203,0.6766947915557605,0.44936305686322203,1.0,1,0.3948529413845258,84
3717,1,7076,7076,0,0,0,0,0.6748168486920639,0.44936305686322203,0.6748168486920639,0.44936305686322203,1.0,1,0.3781716845217107,86
3718,2,7078,7078,0,0,0,0,0.6841480668436889,0.4510548088046698,0.6841480668436889,0.4510548088046698,1.0,1,0.38518872144100397,85
3719,1,7079,7079,0,0,0,0,0.6803879247823043,0.4510548088046698,0.6803879247823043,0.4510548088046698,1.0,1,0.3849050112504354,84
3720,2,7081,7081,0,0,0,0,0.6699909523210896,0.44979868599113004,0.6699909523210896,0.44979868599113004,1.0,1,0.40293260037825057,84
3721,2,7083,7083,0,0,0,0,0.6753435583415983,0.43783293146398544,0.6753435583415983,0.43783293146398544,1.0,1,0.39582439906425226,85
3722,4,7087,7087,0,0,0,0,0.6666541445045431,0.4217469853650237,0.6666541445045431,0.4217469853650237,1.0,1,0.3986188137239299,85
3723,3,7090,7090,0,0,0,0,0.7023081261796577,0.454468869018286,0.7023081261796577,0.454468869018286,1.0,1,0.36063974011609257,85
3724,4,7094,7094,0,0,0,0,0.7172111574190334,0.46975582330707766,0.7172111574190334,0.46975582330707766,1.0,1,0.34105866257472744,86
3725,2,7096,7096,0,0,0,0,0.7163404684761453,0.4819921647010822,0.7163404684761453,0.4819921647010822,1.0,1,0.3411622549711736,86
3726,0,7096,7096,0,0,0,0,0.7163404684761453,0.4819921647010822,0.7163404684761453,0.4819921647010822,1.0,1,0.3411622549711736,86
3727,4,7100,7100,0,0,0,0,0.6687295723314499,0.4819921647010822,0.6687295723314499,0.4819921647010822,1.0,1,0.3882540283842556,86
3728,1,7101,7101,0,0,0,0,0.6687295723314499,0.4819921647010822,0.6687295723314499,0.4819921647010822,1.0,1,0.3811483446233876,86
3729,0,7101,7101,0,0,0,0,0.6687295723314499,0.4819921647010822,0.6687295723314499,0.4819921647010822,1.0,1,0.3811483446233876,86
3730,1,7102,7102,0,0,0,0,0.6640730701399217,0.4732681764945863,0.6640730701399217,0.4732681764945863,1.0,1,0.3989971837270974,85
3731,0,7102,7102,0,0,0,0,0.6535442173448317,0.4732681764945863,0.6535442173448317,0.4732681764945863,1.0,1,0.396731384753083,86
3732,1,7103,7103,0,0,0,0,0.6442514778434406,0.4732681764945863,0.6442514778434406,0.4732681764945863,1.0,1,0.40607758696084767,87
3733,0,7103,7103,0,0,0,0,0.6442514778434406,0.4732681764945863,0.6442514778434406,0.4732681764945863,1.0,1,0.40607758696084767,87
3734,4,7107,7107,0,0,0,0,0.6454984077281398,0.46853531684324073,0.6454984077281398,0.46853531684324073,1.0,1,0.3966445546005061,87
3735,0,7107,7107,0,0,0,0,0.648957056993919,0.46853531684324073,0.648957056993919,0.46853531684324073,1.0,1,0.3975503996366528,86
3736,1,7108,7108,0,0,0,0,0.6549617904951418,0.4582717496023178,0.6549617904951418,0.4582717496023178,1.0,1,0.38117985974269214,87
3737,1,7109,7109,0,0,0,0,0.6657440356770534,0.47113739854790804,0.6657440356770534,0.47113739854790804,1.0,1,0.369374854506838,87
3738,2,7111,7111,0,0,0,0,0.6765349511241053,0.4748614846373588,0.6765349511241053,0.4748614846373588,1.0,1,0.35316173374592147,87
3739,0,7111,7111,0,0,0,0,0.6816372180697507,0.4748614846373588,0.6816372180697507,0.4748614846373588,1.0,1,0.3482676361726903,88
3740,1,7112,7112,0,0,0,0,0.6979025622678943,0.4715110963666798,0.6979025622678943,0.4715110963666798,1.0,1,0.34590785648381384,87
3741,2,7114,7114,0,0,0,0,0.6884424892192067,0.46381675086805446,0.6884424892192067,0.46381675086805446,1.0,1,0.36431536565615075,87
3742,1,7115,7115,0,0,0,0,0.7097662224322248,0.4736325301743245,0.7097662224322248,0.4736325301743245,1.0,1,0.3552312476579767,86
3743,7,7122,7122,0,0,0,0,0.698490606434711,0.4494176291416462,0.698490606434711,0.4494176291416462,1.0,1,0.3763866225802848,84
3744,1,7123,7123,0,0,0,0,0.6841564762637421,0.4422337772317147,0.6841564762637421,0.4422337772317147,1.0,1,0.40805241442200674,83
3745,4,7127,7127,0,0,0,0,0.6840771714514345,0.4420937283078526,0.6840771714514345,0.4420937283078526,1.0,1,0.39407830597709703,83
3746,0,7127,7127,0,0,0,0,0.6728502298297996,0.4343035224140283,0.6728502298297996,0.4343035224140283,1.0,1,0.4144513086391375,83
3747,3,7130,7130,0,0,0,0,0.700601024082062,0.4610818433477116,0.700601024082062,0.4610818433477116,1.0,1,0.3861574655969893,81
3748,4,7134,7134,0,0,0,0,0.6628508165184046,0.43106075287480794,0.6628508165184046,0.43106075287480794,1.0,1,0.4051443138896299,81
3749,1,7135,7135,0,0,0,0,0.669163850815502,0.43687463968596096,0.669163850815502,0.43687463968596096,1.0,1,0.403247266503955,80
3750,1,7136,7136,0,0,0,0,0.6517551962549475,0.4268470938362678,0.6517551962549475,0.4268470938362678,1.0,1,0.41972438115207283,79
3751,3,7139,7139,0,0,0,0,0.6561082563017606,0.4268470938362678,0.6561082563017606,0.4268470938362678,1.0,1,0.4222912029385265,80
3752,1,7140,7140,0,0,0,0,0.6561082563017606,0.4268470938362678,0.6561082563017606,0.4268470938362678,1.0,1,0.4387136650179891,80
3753,3,7143,7143,0,0,0,0,0.6817671550454635,0.4396334686670117,0.6817671550454635,0.4396334686670117,1.0,1,0.4225368513793373,81
3754,4,7147,7147,0,0,0,0,0.6696317924883398,0.4306420253522452,0.6696317924883398,0.4306420253522452,1.0,1,0.45578277986783206,81
3755,3,7150,7150,0,0,0,0,0.6885335108058052,0.446281796988098,0.6885335108058052,0.446281796988098,1.0,1,0.44059686477319776,80
3756,2,7152,7152,0,0,0,0,0.6851600692545159,0.4472810104690389,0.6851600692545159,0.4472810104690389,1.0,1,0.4481673523574938,79
3757,0,7152,7152,0,0,0,0,0.6890955683888343,0.4472810104690389,0.6890955683888343,0.4472810104690389,1.0,1,0.4453313016008672,80
3758,2,7154,7154,0,0,0,0,0.6736795006098988,0.4559455178773003,0.6736795006098988,0.4559455178773003,1.0,1,0.45691931378795786,79
3759,1,7155,7155,0,0,0,0,0.6736795006098988,0.4559455178773003,0.6736795006098988,0.4559455178773003,1.0,1,0.45165332751861925,79
3760,1,7156,7156,0,0,0,0,0.6736924531663554,0.4474245240404604,0.6736924531663554,0.4474245240404604,1.0,1,0.45719809778861537,79
3761,1,7157,7157,0,0,0,0,0.6695090230787446,0.4474245240404604,0.6695090230787446,0.4474245240404604,1.0,1,0.4687361230119716,78
3762,0,7157,7157,0,0,0,0,0.6682665289384147,0.4474245240404604,0.6682665289384147,0.4474245240404604,1.0,1,0.4573251120677291,80
3763,2,7159,7159,0,0,0,0,0.6681148090740294,0.4559455178773003,0.6681148090740294,0.4559455178773003,1.0,1,0.4462644812148078,80
3764,0,7159,7159,0,0,0,0,0.6681148090740294,0.4559455178773003,0.6681148090740294,0.4559455178773003,1.0,1,0.4462644812148078,80
3765,6,7165,7165,0,0,0,0,0.6596993969974657,0.46410561390947586,0.6596993969974657,0.46410561390947586,1.0,1,0.44066221173965253,81
3766,1,7166,7166,0,0,0,0,0.6688611168465316,0.46596192882732257,0.6688611168465316,0.46596192882732257,1.0,1,0.4222337745820581,83
3767,2,7168,7168,0,0,0,0,0.6822136217120133,0.4664701078411487,0.6822136217120133,0.4664701078411487,1.0,1,0.4154349861026046,83
3768,2,7170,7170,0,0,0,0,0.6867269932093316,0.481094230259443,0.6867269932093316,0.481094230259443,1.0,1,0.39809025198080283,84
3769,3,7173,7173,0,0,0,0,0.7075349908888819,0.47866777690083173,0.7075349908888819,0.47866777690083173,1.0,1,0.3694227312829743,86
3770,1,7174,7174,0,0,0,0,0.7137017552721141,0.4844783362396431,0.7137017552721141,0.4844783362396431,1.0,1,0.3577975882820974,87
3771,0,7174,7174,0,0,0,0,0.713701755272114,0.4844783362396431,0.713701755272114,0.4844783362396431,1.0,1,0.3577975882820974,87
3772,2,7176,7176,0,0,0,0,0.7065961568551389,0.46354722606063486,0.7065961568551389,0.46354722606063486,1.0,1,0.3795457346348916,88
3773,2,7178,7178,0,0,0,0,0.7091228910680728,0.4648880712998385,0.7091228910680728,0.4648880712998385,1.0,1,0.3966878468998256,85
3774,4,7182,7182,0,0,0,0,0.7130595416809504,0.480373629736728,0.7130595416809504,0.480373629736728,1.0,1,0.38619992441537937,85
3775,2,7184,7184,0,0,0,0,0.7006829552666367,0.4558644557026816,0.7006829552666367,0.4558644557026816,1.0,1,0.41708023699538876,83
3776,4,7188,7188,0,0,0,0,0.7545703168002847,0.5112573838108397,0.7545703168002847,0.5112573838108397,1.0,1,0.350872669406014,82
3777,4,7192,7192,0,0,0,0,0.7148716872577633,0.47510469699724617,0.7148716872577633,0.47510469699724617,1.0,1,0.3754823964870898,81
3778,2,7194,7194,0,0,0,0,0.7497298761552716,0.5055639016726097,0.7497298761552716,0.5055639016726097,1.0,1,0.34702228889029413,81
3779,0,7194,7194,0,0,0,0,0.7466014996072124,0.5055639016726097,0.7466014996072124,0.5055639016726097,1.0,1,0.3478061833470157,80
3780,0,7194,7194,0,0,0,0,0.7466014996072124,0.5055639016726097,0.7466014996072124,0.5055639016726097,1.0,1,0.3478061833470157,80
3781,1,7195,7195,0,0,0,0,0.7466014996072124,0.5055639016726097,0.7466014996072124,0.5055639016726097,1.0,1,0.36286745575345075,80
3782,1,7196,7196,0,0,0,0,0.7466014996072124,0.5055639016726097,0.7466014996072124,0.5055639016726097,1.0,1,0.377768075544648,80
3783,3,7199,7199,0,0,0,0,0.7624953183281276,0.537776267972497,0.7624953183281276,0.537776267972497,1.0,1,0.35338195205616924,80
3784,1,7200,7200,0,0,0,0,0.7507773259044079,0.537776267972497,0.7507773259044079,0.537776267972497,1.0,1,0.36894357282221557,79
3785,0,7200,7200,0,0,0,0,0.7443040096941329,0.537776267972497,0.7443040096941329,0.537776267972497,1.0,1,0.3875614141992483,77
3786,3,7203,7203,0,0,0,0,0.7478477552885292,0.5488580900075927,0.7478477552885292,0.5488580900075927,1.0,1,0.37341426665884486,78
3787,0,7203,7203,0,0,0,0,0.7445730508117568,0.5488580900075927,0.7445730508117568,0.5488580900075927,1.0,1,0.3723549588566703,77
3788,3,7206,7206,0,0,0,0,0.7194377894600675,0.5371625711200596,0.7194377894600675,0.5371625711200596,1.0,1,0.38479725969677697,78
3789,1,7207,7207,0,0,0,0,0.7150518009353076,0.5261646629845108,0.7150518009353076,0.5261646629845108,1.0,1,0.39751517489500665,77
3790,4,7211,7211,0,0,0,0,0.715205484278213,0.5129152616962044,0.715205484278213,0.5129152616962044,1.0,1,0.3969927446733332,77
3791,1,7212,7212,0,0,0,0,0.7158008469701572,0.4995359916285523,0.7158008469701572,0.4995359916285523,1.0,1,0.40405843663132035,77
3792,1,7213,7213,0,0,0,0,0.7194444258551551,0.4995359916285523,0.7194444258551551,0.4995359916285523,1.0,1,0.379624962402995,78
3793,2,7215,7215,0,0,0,0,0.7026686342743477,0.5123148455672583,0.7026686342743477,0.5123148455672583,1.0,1,0.37597656735996915,80
3794,3,7218,7218,0,0,0,0,0.7241986825402135,0.5402914739968065,0.7241986825402135,0.5402914739968065,1.0,1,0.33196920162618765,82
3795,1,7219,7219,0,0,0,0,0.7257249209108325,0.5364677936712063,0.7257249209108325,0.5364677936712063,1.0,1,0.32615315942738893,83
3796,1,7220,7220,0,0,0,0,0.7375677675149459,0.5501368479294332,0.7375677675149459,0.5501368479294332,1.0,1,0.31451519392318017,83
3797,1,7221,7221,0,0,0,0,0.7482326507586429,0.5687068345888288,0.7482326507586429,0.5687068345888288,1.0,1,0.30948990256012054,82
3798,1,7222,7222,0,0,0,0,0.7591699784563883,0.581639270861161,0.7591699784563883,0.581639270861161,1.0,1,0.30212742862375075,82
3799,2,7224,7224,0,0,0,0,0.7485131133796381,0.581132935423165,0.7485131133796381,0.581132935423165,1.0,1,0.30180770841703974,83
3800,3,7227,7227,0,0,0,0,0.7515919181946323,0.598431020769787,0.7515919181946323,0.598431020769787,1.0,1,0.29572107708954665,83
3801,3,7230,7230,0,0,0,0,0.7513177752058147,0.618104120035524,0.7513177752058147,0.618104120035524,1.0,1,0.28840714091025904,83
3802,2,7232,7232,0,0,0,0,0.7340735629583014,0.5854051383129681,0.7340735629583014,0.5854051383129681,1.0,1,0.33062539694354665,82
3803,4,7236,7236,0,0,0,0,0.7500268444992872,0.576963681085455,0.7500268444992872,0.576963681085455,1.0,1,0.30131602988941764,84
3804,3,7239,7239,0,0,0,0,0.7390832956114871,0.5727936039671462,0.7390832956114871,0.5727936039671462,1.0,1,0.3084915473649237,84
3805,4,7243,7243,0,0,0,0,0.7298199586694026,0.5527302299340855,0.7298199586694026,0.5527302299340855,1.0,1,0.2977322187435829,86
3806,1,7244,7244,0,0,0,0,0.7155518567541985,0.5527302299340855,0.7155518567541985,0.5527302299340855,1.0,1,0.312497138159048,86
3807,2,7246,7246,0,0,0,0,0.7029922756512491,0.5348456666170441,0.7029922756512491,0.5348456666170441,1.0,1,0.3335290105060617,86
3808,0,7246,7246,0,0,0,0,0.7122048954837837,0.5514652903124831,0.7122048954837837,0.5514652903124831,1.0,1,0.3278243396889029,85
3809,1,7247,7247,0,0,0,0,0.7122048954837837,0.5514652903124831,0.7122048954837837,0.5514652903124831,1.0,1,0.3234563039144673,85
3810,0,7247,7247,0,0,0,0,0.7122048954837837,0.5514652903124831,0.7122048954837837,0.5514652903124831,1.0,1,0.3234563039144673,85
3811,2,7249,7249,0,0,0,0,0.7346266995965616,0.5173614072719737,0.7346266995965616,0.5173614072719737,1.0,1,0.3353159088310027,84
3812,0,7249,7249,0,0,0,0,0.7400630576518804,0.5173614072719737,0.7400630576518804,0.5173614072719737,1.0,1,0.33598561926133014,83
3813,4,7253,7253,0,0,0,0,0.7969046972686995,0.5691326744668926,0.7969046972686995,0.5691326744668926,1.0,1,0.27983737529890407,82
3814,2,7255,7255,0,0,0,0,0.7859273687423837,0.5691326744668926,0.7859273687423837,0.5691326744668926,1.0,1,0.3001643389103776,81
3815,2,7257,7257,0,0,0,0,0.7885380105869889,0.5691326744668926,0.7885380105869889,0.5691326744668926,1.0,1,0.2932182842669902,82
3816,3,7260,7260,0,0,0,0,0.7833024598087542,0.5875750424906295,0.7833024598087542,0.5875750424906295,1.0,1,0.30384674804723366,81
3817,3,7263,7263,0,0,0,0,0.7957309081065157,0.5956202935841867,0.7957309081065157,0.5956202935841867,1.0,1,0.2862620091595079,81
3818,1,7264,7264,0,0,0,0,0.7968141465931776,0.6076345034326567,0.7968141465931776,0.6076345034326567,1.0,1,0.2821698802755196,81
3819,3,7267,7267,0,0,0,0,0.7900572222511979,0.5862959752630023,0.7900572222511979,0.5862959752630023,1.0,1,0.27645657699861376,82
3820,1,7268,7268,0,0,0,0,0.7640268425307478,0.5688161724993065,0.7640268425307478,0.5688161724993065,1.0,1,0.28888290910463876,84
3821,2,7270,7270,0,0,0,0,0.7627777195976161,0.5888795253698343,0.7627777195976161,0.5888795253698343,1.0,1,0.2749909960325583,84
3822,1,7271,7271,0,0,0,0,0.771865282957525,0.5888795253698343,0.771865282957525,0.5888795253698343,1.0,1,0.2909702602414199,82
3823,0,7271,7271,0,0,0,0,0.7784271195659798,0.5888795253698343,0.7784271195659798,0.5888795253698343,1.0,1,0.29131739717183347,81
3824,1,7272,7272,0,0,0,0,0.7693572997943858,0.5888795253698343,0.7693572997943858,0.5888795253698343,1.0,1,0.3300167323946884,78
3825,2,7274,7274,0,0,0,0,0.7773664958576133,0.6082578732106094,0.7773664958576133,0.6082578732106094,1.0,1,0.32311997696434036,76
3826,1,7275,7275,0,0,0,0,0.7636159186818561,0.5895921092515194,0.7636159186818561,0.5895921092515194,1.0,1,0.3386397806024747,76
3827,0,7275,7275,0,0,0,0,0.7604641309309476,0.5895921092515194,0.7604641309309476,0.5895921092515194,1.0,1,0.343121199375877,75
3828,1,7276,7276,0,0,0,0,0.7574356492633665,0.5740133153473163,0.7574356492633665,0.5740133153473163,1.0,1,0.35973174483454234,74
3829,2,7278,7278,0,0,0,0,0.7589758121143317,0.5677858109552394,0.7589758121143317,0.5677858109552394,1.0,1,0.3658898277590705,74
3830,2,7280,7280,0,0,0,0,0.7744912795378728,0.5706719702353027,0.7744912795378728,0.5706719702353027,1.0,1,0.3564004457331109,74
3831,3,7283,7283,0,0,0,0,0.7842394244711065,0.5684788489422131,0.7842394244711065,0.5684788489422131,1.0,1,0.35581735894672545,74
3832,3,7286,7286,0,0,0,0,0.767420369703264,0.5532022891667967,0.767420369703264,0.5532022891667967,1.0,1,0.36601537835813824,73
3833,3,7289,7289,0,0,0,0,0.7682670056109785,0.5548287213053009,0.7682670056109785,0.5548287213053009,1.0,1,0.37180940043306865,73
3834,4,7293,7293,0,0,0,0,0.7441659234562611,0.526706958394083,0.7441659234562611,0.526706958394083,1.0,1,0.36751512100488043,74
3835,3,7296,7296,0,0,0,0,0.7345096820847723,0.5143469794233637,0.7345096820847723,0.5143469794233637,1.0,1,0.380436810493792,75
3836,3,7299,7299,0,0,0,0,0.7173680383744985,0.4953000685258902,0.7173680383744985,0.4953000685258902,1.0,1,0.4063916839750614,75
3837,3,7302,7302,0,0,0,0,0.7312847574635004,0.5009574067179292,0.7312847574635004,0.5009574067179292,1.0,1,0.37982364694230325,78
3838,2,7304,7304,0,0,0,0,0.7447560513246271,0.5144139513005102,0.7447560513246271,0.5144139513005102,1.0,1,0.3581989903551968,78
3839,0,7304,7304,0,0,0,0,0.7479869873838091,0.5144139513005102,0.7479869873838091,0.5144139513005102,1.0,1,0.3487789974557404,79
3840,1,7305,7305,0,0,0,0,0.7572069756502551,0.5144139513005102,0.7572069756502551,0.5144139513005102,1.0,1,0.31876285313030606,82
3841,0,7305,7305,0,0,0,0,0.7572069756502551,0.5144139513005102,0.7572069756502551,0.5144139513005102,1.0,1,0.31876285313030606,82
3842,2,7307,7307,0,0,0,0,0.7572069756502551,0.5144139513005102,0.7572069756502551,0.5144139513005102,1.0,1,0.3197398117625519,82
3843,2,7309,7309,0,0,0,0,0.7820244996699698,0.5416925377676287,0.7820244996699698,0.5416925377676287,1.0,1,0.29498108099700177,82
3844,1,7310,7310,0,0,0,0,0.7846507105173196,0.5416925377676287,0.7846507105173196,0.5416925377676287,1.0,1,0.2803745289720391,83
3845,3,7313,7313,0,0,0,0,0.7855384461633047,0.5380828071209639,0.7855384461633047,0.5380828071209639,1.0,1,0.2694415918905031,84
3846,0,7313,7313,0,0,0,0,0.7880615232672659,0.5380828071209639,0.7880615232672659,0.5380828071209639,1.0,1,0.2635022380165571,85
3847,3,7316,7316,0,0,0,0,0.8032087125223932,0.5651533467382133,0.8032087125223932,0.5651533467382133,1.0,1,0.2704434808533745,84
3848,2,7318,7318,0,0,0,0,0.8154167044518943,0.5815595875386664,0.8154167044518943,0.5815595875386664,1.0,1,0.2509446459174816,84
3849,0,7318,7318,0,0,0,0,0.8185077729083371,0.5815595875386664,0.8185077729083371,0.5815595875386664,1.0,1,0.25660278551295773,83
3850,1,7319,7319,0,0,0,0,0.8117018143923997,0.5815595875386664,0.8117018143923997,0.5815595875386664,1.0,1,0.27108552132825003,80
3851,0,7319,7319,0,0,0,0,0.8117018143924,0.5815595875386664,0.8117018143924,0.5815595875386664,1.0,1,0.27108552132825003,80
3852,0,7319,7319,0,0,0,0,0.8093182930555948,0.5815595875386664,0.8093182930555948,0.5815595875386664,1.0,1,0.2845456189148419,79
3853,2,7321,7321,0,0,0,0,0.8093182930555948,0.5815595875386664,0.8093182930555948,0.5815595875386664,1.0,1,0.2869450240525272,79
3854,2,7323,7323,0,0,0,0,0.8363453367159774,0.6245569489366538,0.8363453367159774,0.6245569489366538,1.0,1,0.2832005781126847,78
3855,4,7327,7327,0,0,0,0,0.8238952940496731,0.63300660738034,0.8238952940496731,0.63300660738034,1.0,1,0.29262029602391565,78
3856,1,7328,7328,0,0,0,0,0.8209086854204918,0.6412717741019566,0.8209086854204918,0.6412717741019566,1.0,1,0.28129369114768826,80
3857,2,7330,7330,0,0,0,0,0.8099487996493422,0.6310977475196266,0.8099487996493422,0.6310977475196266,1.0,1,0.2921570051356422,81
3858,0,7330,7330,0,0,0,0,0.8099487996493422,0.6310977475196266,0.8099487996493422,0.6310977475196266,1.0,1,0.2921570051356422,81
3859,0,7330,7330,0,0,0,0,0.7946850760113395,0.6170507539455476,0.7946850760113395,0.6170507539455476,1.0,1,0.2959578335648792,83
3860,2,7332,7332,0,0,0,0,0.7925860972350359,0.6653111179041269,0.7925860972350359,0.6653111179041269,1.0,1,0.2850856541259907,82
3861,0,7332,7332,0,0,0,0,0.7759390623747202,0.6397651598580151,0.7759390623747202,0.6397651598580151,1.0,1,0.2925075304370811,84
3862,0,7332,7332,0,0,0,0,0.7692324005648415,0.6270036201132216,0.7692324005648415,0.6270036201132216,1.0,1,0.296134254167268,85
3863,2,7334,7334,0,0,0,0,0.7695214570041125,0.5945054747356338,0.7695214570041125,0.5945054747356338,1.0,1,0.31885746903443146,84
3864,2,7336,7336,0,0,0,0,0.771155991774379,0.5923706750753667,0.771155991774379,0.5923706750753667,1.0,1,0.3259807610423524,83
3865,3,7339,7339,0,0,0,0,0.7439600352283648,0.5515023644681373,0.7439600352283648,0.5515023644681373,1.0,1,0.35911451339497713,82
3866,2,7341,7341,0,0,0,0,0.7262481302658327,0.5237916706593133,0.7262481302658327,0.5237916706593133,1.0,1,0.38534006139649263,81
3867,4,7345,7345,0,0,0,0,0.7369722520753706,0.5529068320286826,0.7369722520753706,0.5529068320286826,1.0,1,0.36458700761908613,81
3868,2,7347,7347,0,0,0,0,0.7506908981686405,0.5425810180787021,0.7506908981686405,0.5425810180787021,1.0,1,0.3525760884727033,81
3869,1,7348,7348,0,0,0,0,0.7400490567253665,0.51488464530159,0.7400490567253665,0.51488464530159,1.0,1,0.3738823234407206,81
3870,0,7348,7348,0,0,0,0,0.7453144387833348,0.51488464530159,0.7453144387833348,0.51488464530159,1.0,1,0.36184418287582654,80
3871,1,7349,7349,0,0,0,0,0.7402614523170223,0.504684629999903,0.7402614523170223,0.504684629999903,1.0,1,0.3630641612079311,82
3872,1,7350,7350,0,0,0,0,0.7370548035801955,0.504684629999903,0.7370548035801955,0.504684629999903,1.0,1,0.36308186098768647,81
3873,2,7352,7352,0,0,0,0,0.7582837508383989,0.5305482914544501,0.7582837508383989,0.5305482914544501,1.0,1,0.3504509871938091,81
3874,0,7352,7352,0,0,0,0,0.7532369224311853,0.5305482914544501,0.7532369224311853,0.5305482914544501,1.0,1,0.36308675072138163,78
3875,4,7356,7356,0,0,0,0,0.7758779667905807,0.557502652381403,0.7758779667905807,0.557502652381403,1.0,1,0.3453679962830126,77
3876,0,7356,7356,0,0,0,0,0.7787513261907015,0.557502652381403,0.7787513261907015,0.557502652381403,1.0,1,0.3401277521936829,78
3877,2,7358,7358,0,0,0,0,0.7951931237155972,0.5848509264505348,0.7951931237155972,0.5848509264505348,1.0,1,0.34138561054153577,75
3878,0,7358,7358,0,0,0,0,0.7951931237155972,0.5848509264505348,0.7951931237155972,0.5848509264505348,1.0,1,0.34138561054153577,75
3879,1,7359,7359,0,0,0,0,0.7895819764201342,0.5848509264505348,0.7895819764201342,0.5848509264505348,1.0,1,0.34539594807889845,73
3880,1,7360,7360,0,0,0,0,0.7924254632252674,0.5848509264505348,0.7924254632252674,0.5848509264505348,1.0,1,0.35034863816175804,74
3881,1,7361,7361,0,0,0,0,0.7951931237155972,0.5848509264505348,0.7951931237155972,0.5848509264505348,1.0,1,0.33947626012640286,75
3882,3,7364,7364,0,0,0,0,0.7988874578288122,0.5869039674321549,0.7988874578288122,0.5869039674321549,1.0,1,0.31140601611179797,76
3883,4,7368,7368,0,0,0,0,0.7914348501254916,0.5773811436753383,0.7914348501254916,0.5773811436753383,1.0,1,0.3113861364027259,77
3884,6,7374,7374,0,0,0,0,0.8193933049026169,0.60868549395567,0.8193933049026169,0.60868549395567,1.0,1,0.2746646890562825,78
3885,3,7377,7377,0,0,0,0,0.8159361662042436,0.6011950267758612,0.8159361662042436,0.6011950267758612,1.0,1,0.2695478717452069,78
3886,6,7383,7383,0,0,0,0,0.8317380094383818,0.6202086498752044,0.8317380094383818,0.6202086498752044,1.0,1,0.2327898003621427,79
3887,4,7387,7387,0,0,0,0,0.8191439601153883,0.6081452469166745,0.8191439601153883,0.6081452469166745,1.0,1,0.25279168986142553,78
3888,6,7393,7393,0,0,0,0,0.8363319340219426,0.6259015634787259,0.8363319340219426,0.6259015634787259,1.0,1,0.21758390620849405,80
3889,3,7396,7396,0,0,0,0,0.8115243101654849,0.5822971198262096,0.8115243101654849,0.5822971198262096,1.0,1,0.2470462825881315,82
3890,5,7401,7401,0,0,0,0,0.8338043808217436,0.6106274064966559,0.8338043808217436,0.6106274064966559,1.0,1,0.23346351643486923,82
3891,2,7403,7403,0,0,0,0,0.8484152554415598,0.6349344049890074,0.8484152554415598,0.6349344049890074,1.0,1,0.19947561292255123,85
3892,1,7404,7404,0,0,0,0,0.8443085975845008,0.6428941052605139,0.8443085975845008,0.6428941052605139,1.0,1,0.19095617691969452,87
3893,1,7405,7405,0,0,0,0,0.8654554592225208,0.6854877878141208,0.8654554592225208,0.6854877878141208,1.0,1,0.17321432147446278,86
3894,0,7405,7405,0,0,0,0,0.8578045553792103,0.6707707889365565,0.8578045553792103,0.6707707889365565,1.0,1,0.177716851648065,87
3895,0,7405,7405,0,0,0,0,0.8578045553792103,0.6707707889365565,0.8578045553792103,0.6707707889365565,1.0,1,0.177716851648065,87
3896,2,7407,7407,0,0,0,0,0.8599990044587559,0.6632985103708882,0.8599990044587559,0.6632985103708882,1.0,1,0.1902879191667772,85
3897,5,7412,7412,0,0,0,0,0.8334145725573249,0.6066732963159059,0.8334145725573249,0.6066732963159059,1.0,1,0.22121759998036022,85
3898,1,7413,7413,0,0,0,0,0.8259741101925907,0.6056998028812413,0.8259741101925907,0.6056998028812413,1.0,1,0.23015559533086608,86
3899,5,7418,7418,0,0,0,0,0.7876520961607972,0.543476074128826,0.7876520961607972,0.543476074128826,1.0,1,0.267591511390921,86
3900,0,7418,7418,0,0,0,0,0.7876520961607972,0.543476074128826,0.7876520961607972,0.543476074128826,1.0,1,0.267591511390921,86
3901,2,7420,7420,0,0,0,0,0.7880455821171007,0.5443220689348783,0.7880455821171007,0.5443220689348783,1.0,1,0.2668822235615023,86
3902,2,7422,7422,0,0,0,0,0.7652712917678813,0.5137991685507177,0.7652712917678813,0.5137991685507177,1.0,1,0.28790808543942925,87
3903,2,7424,7424,0,0,0,0,0.756924551372936,0.5135824709352216,0.756924551372936,0.5135824709352216,1.0,1,0.29364459956518457,87
3904,1,7425,7425,0,0,0,0,0.7721964556424855,0.5383436356532217,0.7721964556424855,0.5383436356532217,1.0,1,0.28329506847453645,85
3905,2,7427,7427,0,0,0,0,0.7772729905278284,0.5407547157520332,0.7772729905278284,0.5407547157520332,1.0,1,0.2868902814423448,84
3906,4,7431,7431,0,0,0,0,0.7858792141940216,0.5396403105171463,0.7858792141940216,0.5396403105171463,1.0,1,0.2746013911134902,86
3907,3,7434,7434,0,0,0,0,0.8026767558137455,0.5638117760093324,0.8026767558137455,0.5638117760093324,1.0,1,0.25963619854619796,84
3908,2,7436,7436,0,0,0,0,0.786136269458102,0.5448541119236532,0.786136269458102,0.5448541119236532,1.0,1,0.26769413472488474,83
3909,4,7440,7440,0,0,0,0,0.7962204194734801,0.5656277362461025,0.7962204194734801,0.5656277362461025,1.0,1,0.2566626607341513,81
3910,3,7443,7443,0,0,0,0,0.7852236293659032,0.5484189130257453,0.7852236293659032,0.5484189130257453,1.0,1,0.24719622869703148,82
3911,7,7450,7450,0,0,0,0,0.7850077826766341,0.55347770248224,0.7850077826766341,0.55347770248224,1.0,1,0.2670109202885859,81
3912,3,7453,7453,0,0,0,0,0.7709258489742785,0.5418516979485571,0.7709258489742785,0.5418516979485571,1.0,1,0.30081375905044416,80
3913,6,7459,7459,0,0,0,0,0.7954840935952763,0.569440197042687,0.7954840935952763,0.569440197042687,1.0,1,0.29374879873592635,80
3914,6,7465,7465,0,0,0,0,0.7820632910083013,0.5600458564977713,0.7820632910083013,0.5600458564977713,1.0,1,0.3180622302653825,81
3915,6,7471,7471,0,0,0,0,0.777753647641961,0.5561529846845438,0.777753647641961,0.5561529846845438,1.0,1,0.3276947246733073,81
3916,3,7474,7474,0,0,0,0,0.7821067648875486,0.5548599580418716,0.7821067648875486,0.5548599580418716,1.0,1,0.32004403784425006,81
3917,2,7476,7476,0,0,0,0,0.7857521630743188,0.5666663993330556,0.7857521630743188,0.5666663993330556,1.0,1,0.3037392735402849,82
3918,1,7477,7477,0,0,0,0,0.7649600425921483,0.5485476104442826,0.7649600425921483,0.5485476104442826,1.0,1,0.2960552520835071,85
3919,2,7479,7479,0,0,0,0,0.740010596040359,0.5485476104442826,0.740010596040359,0.5485476104442826,1.0,1,0.3090753331533514,85
3920,0,7479,7479,0,0,0,0,0.740010596040359,0.5485476104442826,0.740010596040359,0.5485476104442826,1.0,1,0.3090753331533514,85
3921,2,7481,7481,0,0,0,0,0.7040728386251062,0.5224584773336477,0.7040728386251062,0.5224584773336477,1.0,1,0.31604225472505254,88
3922,0,7481,7481,0,0,0,0,0.7040728386251062,0.5224584773336477,0.7040728386251062,0.5224584773336477,1.0,1,0.31604225472505254,88
3923,1,7482,7482,0,0,0,0,0.7073978629102173,0.5224584773336477,0.7073978629102173,0.5224584773336477,1.0,1,0.3100134873670918,89
3924,0,7482,7482,0,0,0,0,0.6996133655912835,0.5224584773336477,0.6996133655912835,0.5224584773336477,1.0,1,0.3093301598326603,90
3925,1,7483,7483,0,0,0,0,0.713151689226605,0.5375422317165104,0.713151689226605,0.5375422317165104,1.0,1,0.30405902128808077,88
3926,1,7484,7484,0,0,0,0,0.7056787016495695,0.5278969917877487,0.7056787016495695,0.5278969917877487,1.0,1,0.30501014386003,89
3927,3,7487,7487,0,0,0,0,0.7053664987963645,0.5120083298335029,0.7053664987963645,0.5120083298335029,1.0,1,0.3143323495397777,89
3928,2,7489,7489,0,0,0,0,0.7165333124497489,0.49723020508061405,0.7165333124497489,0.49723020508061405,1.0,1,0.3290850626962147,88
3929,2,7491,7491,0,0,0,0,0.7055144095761391,0.5129707795405822,0.7055144095761391,0.5129707795405822,1.0,1,0.3268468654456307,88
3930,1,7492,7492,0,0,0,0,0.7111414689021466,0.5030785029306365,0.7111414689021466,0.5030785029306365,1.0,1,0.3323086550830294,87
3931,4,7496,7496,0,0,0,0,0.7196179038318747,0.47925477293013824,0.7196179038318747,0.47925477293013824,1.0,1,0.34563375128335183,86
3932,1,7497,7497,0,0,0,0,0.7129236600096712,0.46953285001787076,0.7129236600096712,0.46953285001787076,1.0,1,0.35189138171218254,85
3933,3,7500,7500,0,0,0,0,0.723233872569061,0.4833698954622473,0.723233872569061,0.4833698954622473,1.0,1,0.31588073339176986,84
3934,1,7501,7501,0,0,0,0,0.713386337208999,0.4703877970166287,0.713386337208999,0.4703877970166287,1.0,1,0.3128135065263126,85
3935,2,7503,7503,0,0,0,0,0.7234636023417672,0.4837987243712987,0.7234636023417672,0.4837987243712987,1.0,1,0.29334921659058966,84
3936,0,7503,7503,0,0,0,0,0.7234636023417672,0.4837987243712987,0.7234636023417672,0.4837987243712987,1.0,1,0.2894135888641201,84
3937,6,7509,7509,0,0,0,0,0.7205545048261686,0.4907882087943516,0.7205545048261686,0.4907882087943516,1.0,1,0.299468849385854,82
3938,3,7512,7512,0,0,0,0,0.7322156022423628,0.5009472587244034,0.7322156022423628,0.5009472587244034,1.0,1,0.27654030505200944,82
3939,1,7513,7513,0,0,0,0,0.7245332646253522,0.4857954273006574,0.7245332646253522,0.4857954273006574,1.0,1,0.28514905634421034,84
3940,2,7515,7515,0,0,0,0,0.7245332646253522,0.4857954273006574,0.7245332646253522,0.4857954273006574,1.0,1,0.3015657477132011,84
3941,4,7519,7519,0,0,0,0,0.7045260060031637,0.46563213851636,0.7045260060031637,0.46563213851636,1.0,1,0.30350999724842337,85
3942,2,7521,7521,0,0,0,0,0.7045260060031637,0.46563213851636,0.7045260060031637,0.46563213851636,1.0,1,0.3040352623372794,85
3943,3,7524,7524,0,0,0,0,0.7118010473256896,0.4737236516382158,0.7118010473256896,0.4737236516382158,1.0,1,0.32342557933643584,84
3944,4,7528,7528,0,0,0,0,0.7443784796295362,0.5065910188198025,0.7443784796295362,0.5065910188198025,1.0,1,0.31573570349876307,83
3945,2,7530,7530,0,0,0,0,0.7313540370501705,0.49323602443554904,0.7313540370501705,0.49323602443554904,1.0,1,0.3302308461900966,83
3946,3,7533,7533,0,0,0,0,0.7338839316763323,0.4980083256621722,0.7338839316763323,0.4980083256621722,1.0,1,0.3362111038499768,83
3947,3,7536,7536,0,0,0,0,0.7429395149677299,0.5099779625339095,0.7429395149677299,0.5099779625339095,1.0,1,0.34833943429923653,83
3948,4,7540,7540,0,0,0,0,0.7349453211725872,0.49398652223857553,0.7349453211725872,0.49398652223857553,1.0,1,0.352121167018455,84
3949,1,7541,7541,0,0,0,0,0.7210617809484688,0.4793153244371418,0.7210617809484688,0.4793153244371418,1.0,1,0.37218041646968275,84
3950,1,7542,7542,0,0,0,0,0.7299926989227193,0.4839860468300858,0.7299926989227193,0.4839860468300858,1.0,1,0.35460740506455396,86
3951,3,7545,7545,0,0,0,0,0.72142558734356,0.47313100214977655,0.72142558734356,0.47313100214977655,1.0,1,0.35853854366714044,87
3952,0,7545,7545,0,0,0,0,0.7320004971752789,0.487823172379422,0.7320004971752789,0.487823172379422,1.0,1,0.35215340493748,86
3953,3,7548,7548,0,0,0,0,0.744410340899622,0.500438393576534,0.744410340899622,0.500438393576534,1.0,1,0.33311769779845685,86
3954,2,7550,7550,0,0,0,0,0.7799732087579243,0.543846896205453,0.7799732087579243,0.543846896205453,1.0,1,0.2993789307568541,85
3955,1,7551,7551,0,0,0,0,0.7722146274604532,0.5407033585429865,0.7722146274604532,0.5407033585429865,1.0,1,0.32146704051048264,85
3956,1,7552,7552,0,0,0,0,0.7540337040595126,0.5407033585429865,0.7540337040595126,0.5407033585429865,1.0,1,0.3466182032462137,84
3957,4,7556,7556,0,0,0,0,0.7485849912391047,0.5422379662556,0.7485849912391047,0.5422379662556,1.0,1,0.33420241656579147,85
3958,1,7557,7557,0,0,0,0,0.744226727412302,0.5332320772184266,0.744226727412302,0.5332320772184266,1.0,1,0.34359516666293455,84
3959,1,7558,7558,0,0,0,0,0.7397677414673264,0.5238387361613583,0.7397677414673264,0.5238387361613583,1.0,1,0.3604348807523872,83
3960,1,7559,7559,0,0,0,0,0.734327862646923,0.5117590850479399,0.734327862646923,0.5117590850479399,1.0,1,0.3654710627893239,84
3961,0,7559,7559,0,0,0,0,0.731126993522187,0.5117590850479399,0.731126993522187,0.5117590850479399,1.0,1,0.37640879199160354,83
3962,1,7560,7560,0,0,0,0,0.7324948144304271,0.5006569869367972,0.7324948144304271,0.5006569869367972,1.0,1,0.3636804743967638,84
3963,6,7566,7566,0,0,0,0,0.7624154118402809,0.5418011514062561,0.7624154118402809,0.5418011514062561,1.0,1,0.3391769114420688,81
3964,3,7569,7569,0,0,0,0,0.7854548450883134,0.5655460613038347,0.7854548450883134,0.5655460613038347,1.0,1,0.30956359202380956,81
3965,7,7576,7576,0,0,0,0,0.7698868762336567,0.5453862676811267,0.7698868762336567,0.5453862676811267,1.0,1,0.29687287237760235,81
3966,1,7577,7577,0,0,0,0,0.7794741276453946,0.5644614020996545,0.7794741276453946,0.5644614020996545,1.0,1,0.2894130493769224,79
3967,6,7583,7583,0,0,0,0,0.7995132336971593,0.5836044084479463,0.7995132336971593,0.5836044084479463,1.0,1,0.25179323903090045,81
3968,1,7584,7584,0,0,0,0,0.7944376193603785,0.5836044084479463,0.7944376193603785,0.5836044084479463,1.0,1,0.26928060112171276,79
3969,5,7589,7589,0,0,0,0,0.7682881011974986,0.553530731575668,0.7682881011974986,0.553530731575668,1.0,1,0.3152922888873103,79
3970,3,7592,7592,0,0,0,0,0.7237946143405396,0.5103631799673202,0.7237946143405396,0.5103631799673202,1.0,1,0.3546200370412752,78
3971,1,7593,7593,0,0,0,0,0.7202075314098972,0.5103631799673202,0.7202075314098972,0.5103631799673202,1.0,1,0.3677586516923728,77
3972,4,7597,7597,0,0,0,0,0.7533096946453244,0.5418608614841739,0.7533096946453244,0.5418608614841739,1.0,1,0.33428354168186036,78
3973,1,7598,7598,0,0,0,0,0.7501059244459131,0.5418608614841739,0.7501059244459131,0.5418608614841739,1.0,1,0.3490704175545501,77
3974,3,7601,7601,0,0,0,0,0.7346093411423825,0.5247655643712431,0.7346093411423825,0.5247655643712431,1.0,1,0.36536509715388593,77
3975,0,7601,7601,0,0,0,0,0.7311173587889929,0.5247655643712431,0.7311173587889929,0.5247655643712431,1.0,1,0.3786722863613554,76
3976,1,7602,7602,0,0,0,0,0.7209103011492626,0.5115930270112097,0.7209103011492626,0.5115930270112097,1.0,1,0.3812817400968165,77
3977,1,7603,7603,0,0,0,0,0.7126903536989813,0.5019966130782343,0.7126903536989813,0.5019966130782343,1.0,1,0.3754560458054008,78
3978,1,7604,7604,0,0,0,0,0.7158710645782009,0.501195868926175,0.7158710645782009,0.501195868926175,1.0,1,0.3689438552650665,79
3979,1,7605,7605,0,0,0,0,0.7158710645782009,0.501195868926175,0.7158710645782009,0.501195868926175,1.0,1,0.36062402630697765,79
3980,2,7607,7607,0,0,0,0,0.7158710645782009,0.501195868926175,0.7158710645782009,0.501195868926175,1.0,1,0.385957676520935,79
3981,2,7609,7609,0,0,0,0,0.7158011999019533,0.48720651286656796,0.7158011999019533,0.48720651286656796,1.0,1,0.3696351583945172,83
3982,2,7611,7611,0,0,0,0,0.7154776331522218,0.4866226859050959,0.7154776331522218,0.4866226859050959,1.0,1,0.3646595357953577,83
3983,0,7611,7611,0,0,0,0,0.7120078481906634,0.4866226859050959,0.7120078481906634,0.4866226859050959,1.0,1,0.3723940135255214,82
3984,3,7614,7614,0,0,0,0,0.7279899602012113,0.4982925932600121,0.7279899602012113,0.4982925932600121,1.0,1,0.3517298257752981,83
3985,1,7615,7615,0,0,0,0,0.7285707863941324,0.49333213460238057,0.7285707863941324,0.49333213460238057,1.0,1,0.3526563557841905,84
3986,2,7617,7617,0,0,0,0,0.7387638889748327,0.5072136996570707,0.7387638889748327,0.5072136996570707,1.0,1,0.35158867922997383,83
3987,2,7619,7619,0,0,0,0,0.7130153859168931,0.4884187314170702,0.7130153859168931,0.4884187314170702,1.0,1,0.3813601865696541,82
3988,0,7619,7619,0,0,0,0,0.7037574331751358,0.47684823305396334,0.7037574331751358,0.47684823305396334,1.0,1,0.3802847221488597,83
3989,1,7620,7620,0,0,0,0,0.6818286937294129,0.4630859206683843,0.6818286937294129,0.4630859206683843,1.0,1,0.41350911261035816,81
3990,4,7624,7624,0,0,0,0,0.6698508148824707,0.45424318378530876,0.6698508148824707,0.45424318378530876,1.0,1,0.3988982916986473,81
3991,2,7626,7626,0,0,0,0,0.6478978159767693,0.4436785492432954,0.6478978159767693,0.4436785492432954,1.0,1,0.4239312956666608,79
3992,3,7629,7629,0,0,0,0,0.658672926532355,0.4470501409824151,0.658672926532355,0.4470501409824151,1.0,1,0.38999208178719924,81
3993,5,7634,7634,0,0,0,0,0.6619946726587594,0.4481545676061378,0.6619946726587594,0.4481545676061378,1.0,1,0.40618442494140033,80
3994,1,7635,7635,0,0,0,0,0.6768594623745847,0.46143243729097455,0.6768594623745847,0.46143243729097455,1.0,1,0.3887947899839437,80
3995,1,7636,7636,0,0,0,0,0.6808488517279849,0.46143243729097455,0.6808488517279849,0.46143243729097455,1.0,1,0.3828225065925299,81
3996,0,7636,7636,0,0,0,0,0.6768594623745848,0.46143243729097455,0.6768594623745848,0.46143243729097455,1.0,1,0.4096604323342335,80
3997,3,7639,7639,0,0,0,0,0.6932698285315024,0.4713799172564189,0.6932698285315024,0.4713799172564189,1.0,1,0.4031137292428275,81
3998,2,7641,7641,0,0,0,0,0.7085419123812372,0.4804442785926403,0.7085419123812372,0.4804442785926403,1.0,1,0.385616871442447,82
3999,5,7646,7646,0,0,0,0,0.6692084417848199,0.4464304535990863,0.6692084417848199,0.4464304535990863,1.0,1,0.41758518133580275,82
4000,4,7650,7650,0,0,0,0,0.7030891839760759,0.47072419752257016,0.7030891839760759,0.47072419752257016,1.0,1,0.4028886131639628,82
4001,1,7651,7651,0,0,0,0,0.699423618346151,0.47072419752257016,0.699423618346151,0.47072419752257016,1.0,1,0.3976071857574311,81
4002,2,7653,7653,0,0,0,0,0.6983682820061394,0.47072419752257016,0.6983682820061394,0.47072419752257016,1.0,1,0.42609758336398934,81
4003,4,7657,7657,0,0,0,0,0.6823514105849704,0.48037178265238095,0.6823514105849704,0.48037178265238095,1.0,1,0.4315043658165253,81
4004,5,7662,7662,0,0,0,0,0.7130908257915031,0.489939245851561,0.7130908257915031,0.489939245851561,1.0,1,0.4076413211795952,80
4005,3,7665,7665,0,0,0,0,0.6882923430670678,0.4714522338963322,0.6882923430670678,0.4714522338963322,1.0,1,0.4317092129819878,78
4006,5,7670,7670,0,0,0,0,0.6927119779468814,0.48102467386584424,0.6927119779468814,0.48102467386584424,1.0,1,0.4048324707922699,76
4007,3,7673,7673,0,0,0,0,0.7155800856869774,0.503918754105193,0.7155800856869774,0.503918754105193,1.0,1,0.37989831472471874,75
4008,3,7676,7676,0,0,0,0,0.7413660210429129,0.533197208711599,0.7413660210429129,0.533197208711599,1.0,1,0.37232511513529776,74
4009,1,7677,7677,0,0,0,0,0.7469496698831782,0.5371030546643506,0.7469496698831782,0.5371030546643506,1.0,1,0.3630647558167491,75
4010,4,7681,7681,0,0,0,0,0.7338910593567081,0.5248054631369786,0.7338910593567081,0.5248054631369786,1.0,1,0.3647603301775837,75
4011,0,7681,7681,0,0,0,0,0.7302949925912582,0.5248054631369786,0.7302949925912582,0.5248054631369786,1.0,1,0.36220440696800016,74
4012,4,7685,7685,0,0,0,0,0.7453622513724178,0.5404099171111931,0.7453622513724178,0.5404099171111931,1.0,1,0.3561898623062518,74
4013,0,7685,7685,0,0,0,0,0.7453622513724178,0.5404099171111931,0.7453622513724178,0.5404099171111931,1.0,1,0.34795753268003937,74
4014,3,7688,7688,0,0,0,0,0.7801919113508037,0.5777370928581229,0.7801919113508037,0.5777370928581229,1.0,1,0.3359339660112997,73
4015,1,7689,7689,0,0,0,0,0.7539662070961353,0.5448374831278504,0.7539662070961353,0.5448374831278504,1.0,1,0.35939857645865436,74
4016,0,7689,7689,0,0,0,0,0.7539662070961353,0.5448374831278504,0.7539662070961353,0.5448374831278504,1.0,1,0.3768244182444375,74
4017,3,7692,7692,0,0,0,0,0.7417366934671283,0.5203681450103812,0.7417366934671283,0.5203681450103812,1.0,1,0.37840377096286043,78
4018,2,7694,7694,0,0,0,0,0.7445351987665741,0.5255653691379235,0.7445351987665741,0.5255653691379235,1.0,1,0.3806747292362977,78
4019,1,7695,7695,0,0,0,0,0.7445351987665741,0.5255653691379235,0.7445351987665741,0.5255653691379235,1.0,1,0.3881491268118539,78
4020,3,7698,7698,0,0,0,0,0.7283627678191292,0.5072626951137692,0.7283627678191292,0.5072626951137692,1.0,1,0.41271588933106496,78
4021,0,7698,7698,0,0,0,0,0.7283627678191292,0.5072626951137692,0.7283627678191292,0.5072626951137692,1.0,1,0.41271588933106496,78
4022,2,7700,7700,0,0,0,0,0.7318979368865236,0.5074403956752409,0.7318979368865236,0.5074403956752409,1.0,1,0.4040559213686184,79
4023,2,7702,7702,0,0,0,0,0.7401441779385404,0.5174106161715749,0.7401441779385404,0.5174106161715749,1.0,1,0.4083593287119184,78
4024,0,7702,7702,0,0,0,0,0.7367694270026772,0.5174106161715749,0.7367694270026772,0.5174106161715749,1.0,1,0.4100586163523348,77
4025,4,7706,7706,0,0,0,0,0.7604442941585015,0.5448441589011528,0.7604442941585015,0.5448441589011528,1.0,1,0.391836785210798,76
4026,2,7708,7708,0,0,0,0,0.7604442941585015,0.5448441589011528,0.7604442941585015,0.5448441589011528,1.0,1,0.36742072952942545,76
4027,2,7710,7710,0,0,0,0,0.781496467024844,0.5687430270227186,0.781496467024844,0.5687430270227186,1.0,1,0.35806441499609437,75
4028,1,7711,7711,0,0,0,0,0.7843715135113594,0.5687430270227186,0.7843715135113594,0.5687430270227186,1.0,1,0.3459031062647312,76
4029,1,7712,7712,0,0,0,0,0.781496467024844,0.5687430270227186,0.781496467024844,0.5687430270227186,1.0,1,0.33388979196383606,75
4030,0,7712,7712,0,0,0,0,0.7785437165792338,0.5687430270227186,0.7785437165792338,0.5687430270227186,1.0,1,0.3370184550279918,74
4031,1,7713,7713,0,0,0,0,0.7755100688611412,0.5687430270227186,0.7755100688611412,0.5687430270227186,1.0,1,0.33212168069956766,73
4032,0,7713,7713,0,0,0,0,0.7691864088290608,0.5687430270227186,0.7691864088290608,0.5687430270227186,1.0,1,0.3494952665521746,71
4033,5,7718,7718,0,0,0,0,0.7349308854338715,0.5280476740651859,0.7349308854338715,0.5280476740651859,1.0,1,0.35839723092224585,73
4034,2,7720,7720,0,0,0,0,0.7579695214464566,0.5531745011319199,0.7579695214464566,0.5531745011319199,1.0,1,0.33945950895281535,72
4035,3,7723,7723,0,0,0,0,0.7155750030707678,0.5191863147148693,0.7155750030707678,0.5191863147148693,1.0,1,0.37674731064046435,71
4036,3,7726,7726,0,0,0,0,0.7242659501359116,0.5225093282841395,0.7242659501359116,0.5225093282841395,1.0,1,0.38093522115991524,71
4037,2,7728,7728,0,0,0,0,0.7170014490352626,0.5168317422553266,0.7170014490352626,0.5168317422553266,1.0,1,0.3885310894041485,70
4038,2,7730,7730,0,0,0,0,0.7150101745129979,0.5203829766194352,0.7150101745129979,0.5203829766194352,1.0,1,0.40500339664116014,69
4039,4,7734,7734,0,0,0,0,0.7008573443566601,0.5156737956250687,0.7008573443566601,0.5156737956250687,1.0,1,0.42547402565647807,68
4040,3,7737,7737,0,0,0,0,0.6768235059403304,0.49320049795188176,0.6768235059403304,0.49320049795188176,1.0,1,0.4644290041033047,69
4041,0,7737,7737,0,0,0,0,0.6671764464161611,0.49320049795188176,0.6671764464161611,0.49320049795188176,1.0,1,0.4931193391463602,67
4042,1,7738,7738,0,0,0,0,0.6824377170676774,0.5051936521752182,0.6824377170676774,0.5051936521752182,1.0,1,0.48707699323276893,67
4043,1,7739,7739,0,0,0,0,0.6776261673262785,0.5051936521752182,0.6776261673262785,0.5051936521752182,1.0,1,0.511321496517265,66
4044,3,7742,7742,0,0,0,0,0.7038246530890687,0.5304537183119383,0.7038246530890687,0.5304537183119383,1.0,1,0.4991443704299257,65
4045,0,7742,7742,0,0,0,0,0.7083121583452952,0.5304537183119383,0.7083121583452952,0.5304537183119383,1.0,1,0.49621722441856275,66
4046,1,7743,7743,0,0,0,0,0.7371734242921048,0.553194821296578,0.7371734242921048,0.553194821296578,1.0,1,0.46667254036405653,68
4047,0,7743,7743,0,0,0,0,0.7371734242921048,0.553194821296578,0.7371734242921048,0.553194821296578,1.0,1,0.46667254036405653,68
4048,1,7744,7744,0,0,0,0,0.73827554501871,0.5503737481912896,0.73827554501871,0.5503737481912896,1.0,1,0.46486369542039463,69
4049,0,7744,7744,0,0,0,0,0.73827554501871,0.5503737481912896,0.73827554501871,0.5503737481912896,1.0,1,0.46486369542039463,69
4050,0,7744,7744,0,0,0,0,0.7510278729549913,0.561406680903974,0.7510278729549913,0.561406680903974,1.0,1,0.45230763726562406,69
4051,3,7747,7747,0,0,0,0,0.7260528557868254,0.5389670012022185,0.7260528557868254,0.5389670012022185,1.0,1,0.46443891100867096,69
4052,0,7747,7747,0,0,0,0,0.7260528557868255,0.5389670012022185,0.7260528557868255,0.5389670012022185,1.0,1,0.46443891100867096,69
4053,4,7751,7751,0,0,0,0,0.7613421822068639,0.5846981767481148,0.7613421822068639,0.5846981767481148,1.0,1,0.42249677308289085,69
4054,0,7751,7751,0,0,0,0,0.7647515796039087,0.5846981767481148,0.7647515796039087,0.5846981767481148,1.0,1,0.4150460687917582,70
4055,3,7754,7754,0,0,0,0,0.7831234009245589,0.6175690149336516,0.7831234009245589,0.6175690149336516,1.0,1,0.38357208295192236,70
4056,1,7755,7755,0,0,0,0,0.784103493798988,0.635021617763403,0.784103493798988,0.635021617763403,1.0,1,0.3766813005412429,70
4057,1,7756,7756,0,0,0,0,0.7909073674591073,0.635021617763403,0.7909073674591073,0.635021617763403,1.0,1,0.36165623405462854,71
4058,1,7757,7757,0,0,0,0,0.7922600869105715,0.649030545820441,0.7922600869105715,0.649030545820441,1.0,1,0.3564430541189039,71
4059,0,7757,7757,0,0,0,0,0.7833537413352661,0.649030545820441,0.7833537413352661,0.649030545820441,1.0,1,0.35518938043896986,72
4060,1,7758,7758,0,0,0,0,0.7803023855794248,0.649030545820441,0.7803023855794248,0.649030545820441,1.0,1,0.37551832486980935,71
4061,1,7759,7759,0,0,0,0,0.7655272901858958,0.649030545820441,0.7655272901858958,0.649030545820441,1.0,1,0.3698817135880309,72
4062,1,7760,7760,0,0,0,0,0.749565246691393,0.6262220407511655,0.749565246691393,0.6262220407511655,1.0,1,0.38658186307929737,72
4063,2,7762,7762,0,0,0,0,0.7510736923127487,0.6305838934063137,0.7510736923127487,0.6305838934063137,1.0,1,0.3882603256647016,72
4064,2,7764,7764,0,0,0,0,0.7807804347829981,0.6451947991264951,0.7807804347829981,0.6451947991264951,1.0,1,0.3670978046061874,71
4065,5,7769,7769,0,0,0,0,0.8175612987537106,0.657872130103265,0.8175612987537106,0.657872130103265,1.0,1,0.36021969643037977,70
4066,4,7773,7773,0,0,0,0,0.8416737774911909,0.6785999066465752,0.8416737774911909,0.6785999066465752,1.0,1,0.33866380776239857,70
4067,10,7783,7783,0,0,0,0,0.827519987436575,0.644586640778397,0.827519987436575,0.644586640778397,1.0,1,0.3484633968885165,68
4068,3,7786,7786,0,0,0,0,0.8195437839584571,0.6284724963850588,0.8195437839584571,0.6284724963850588,1.0,1,0.3092943982332853,70
4069,6,7792,7792,0,0,0,0,0.7887138319271694,0.6009039047513199,0.7887138319271694,0.6009039047513199,1.0,1,0.33773113536544214,68
4070,8,7800,7800,0,0,0,0,0.7819846921200823,0.5942492881123751,0.7819846921200823,0.5942492881123751,1.0,1,0.3242731635732481,67
4071,4,7804,7804,0,0,0,0,0.7224305389663815,0.5281319162428486,0.7224305389663815,0.5281319162428486,1.0,1,0.3655643397062432,68
4072,4,7808,7808,0,0,0,0,0.7213675742204794,0.5242861023276476,0.7213675742204794,0.5242861023276476,1.0,1,0.34915223627869396,70
4073,6,7814,7814,0,0,0,0,0.7353541426441605,0.5368697496272811,0.7353541426441605,0.5368697496272811,1.0,1,0.34798660491007904,70
4074,3,7817,7817,0,0,0,0,0.7798537233691825,0.5775571448435665,0.7798537233691825,0.5775571448435665,1.0,1,0.29916041174981545,71
4075,6,7823,7823,0,0,0,0,0.7899590938229566,0.5912717501419694,0.7899590938229566,0.5912717501419694,1.0,1,0.3114211318729651,72
4076,0,7823,7823,0,0,0,0,0.7788157258180847,0.575093368018952,0.7788157258180847,0.575093368018952,1.0,1,0.30023145646182686,73
4077,3,7826,7826,0,0,0,0,0.8132133839210116,0.615753246923224,0.8132133839210116,0.615753246923224,1.0,1,0.29092960858778605,72
4078,0,7826,7826,0,0,0,0,0.8105825865114485,0.615753246923224,0.8105825865114485,0.615753246923224,1.0,1,0.30014443321685613,71
4079,0,7826,7826,0,0,0,0,0.805092226700186,0.615753246923224,0.805092226700186,0.615753246923224,1.0,1,0.3085589126386111,69
4080,2,7828,7828,0,0,0,0,0.7992740842136244,0.615753246923224,0.7992740842136244,0.615753246923224,1.0,1,0.30692640823634165,67
4081,0,7828,7828,0,0,0,0,0.7962327824592854,0.615753246923224,0.7962327824592854,0.615753246923224,1.0,1,0.3196136204116491,66
4082,4,7832,7832,0,0,0,0,0.7616741085594032,0.5813193799016544,0.7616741085594032,0.5813193799016544,1.0,1,0.3582135032358574,65
4083,3,7835,7835,0,0,0,0,0.8031686979799241,0.6294940197269161,0.8031686979799241,0.6294940197269161,1.0,1,0.33264703300754755,64
4084,3,7838,7838,0,0,0,0,0.7989635386366379,0.6215784256689656,0.7989635386366379,0.6215784256689656,1.0,1,0.33480658881779335,64
4085,1,7839,7839,0,0,0,0,0.8020564072729973,0.6215784256689656,0.8020564072729973,0.6215784256689656,1.0,1,0.3072190210749166,65
4086,1,7840,7840,0,0,0,0,0.8178907813241776,0.6357815626483553,0.8178907813241776,0.6357815626483553,1.0,1,0.2923777134013475,66
4087,1,7841,7841,0,0,0,0,0.8338546125488058,0.6573251383819119,0.8338546125488058,0.6573251383819119,1.0,1,0.28415402053416833,66
4088,2,7843,7843,0,0,0,0,0.8470087816507195,0.6792119615257023,0.8470087816507195,0.6792119615257023,1.0,1,0.29462997817690145,65
4089,0,7843,7843,0,0,0,0,0.8470087816507195,0.6792119615257023,0.8470087816507195,0.6792119615257023,1.0,1,0.29462997817690145,65
4090,0,7843,7843,0,0,0,0,0.8470087816507195,0.6792119615257023,0.8470087816507195,0.6792119615257023,1.0,1,0.30017427556559834,65
4091,2,7845,7845,0,0,0,0,0.83347620162898,0.6617485345588655,0.83347620162898,0.6617485345588655,1.0,1,0.30650922955542703,65
4092,3,7848,7848,0,0,0,0,0.8639305997899113,0.709718612885144,0.8639305997899113,0.709718612885144,1.0,1,0.2791967869206812,64
4093,6,7854,7854,0,0,0,0,0.8691686594428002,0.7121710507741603,0.8691686594428002,0.7121710507741603,1.0,1,0.2574667139634991,66
4094,3,7857,7857,0,0,0,0,0.8873630254882819,0.7475378157495975,0.8873630254882819,0.7475378157495975,1.0,1,0.2626067253279534,65
4095,5,7862,7862,0,0,0,0,0.8916230568365847,0.7570861618751037,0.8916230568365847,0.7570861618751037,1.0,1,0.2352693313586422,65
4096,4,7866,7866,0,0,0,0,0.9074262405798297,0.7784842185303068,0.9074262405798297,0.7784842185303068,1.0,1,0.20764467595853436,67
4097,3,7869,7869,0,0,0,0,0.9074262405798297,0.7784842185303068,0.9074262405798297,0.7784842185303068,1.0,1,0.20797509897701522,67
4098,4,7873,7873,0,0,0,0,0.8985256727886409,0.76206019826302,0.8985256727886409,0.76206019826302,1.0,1,0.21704566562038752,68
4099,2,7875,7875,0,0,0,0,0.874649442085203,0.720993919479968,0.874649442085203,0.720993919479968,1.0,1,0.24556801642381798,69
4100,2,7877,7877,0,0,0,0,0.8878886585717038,0.7384068700006423,0.8878886585717038,0.7384068700006423,1.0,1,0.25001887410398344,70
4101,3,7880,7880,0,0,0,0,0.839402902543139,0.6544729115322081,0.839402902543139,0.6544729115322081,1.0,1,0.288371538908202,71
4102,6,7886,7886,0,0,0,0,0.8363032938646277,0.6478040564966231,0.8363032938646277,0.6478040564966231,1.0,1,0.3123218629246614,71
4103,2,7888,7888,0,0,0,0,0.8071896855113269,0.608870504894406,0.8071896855113269,0.608870504894406,1.0,1,0.32734017314837344,71
4104,2,7890,7890,0,0,0,0,0.8182916959403057,0.6312390299965026,0.8182916959403057,0.6312390299965026,1.0,1,0.3551572013977419,69
4105,1,7891,7891,0,0,0,0,0.7970552766502946,0.6115058153019926,0.7970552766502946,0.6115058153019926,1.0,1,0.3852198181717409,67
4106,3,7894,7894,0,0,0,0,0.7988199836342021,0.6091359682035927,0.7988199836342021,0.6091359682035927,1.0,1,0.37225854040925127,68
4107,2,7896,7896,0,0,0,0,0.761851052029043,0.5613045695271847,0.761851052029043,0.5613045695271847,1.0,1,0.38252101726680376,70
4108,1,7897,7897,0,0,0,0,0.7618510520290431,0.5613045695271847,0.7618510520290431,0.5613045695271847,1.0,1,0.3728448325711879,70
4109,0,7897,7897,0,0,0,0,0.7583996180004785,0.5613045695271847,0.7583996180004785,0.5613045695271847,1.0,1,0.3809160782052387,69
4110,2,7899,7899,0,0,0,0,0.7507665658055541,0.5462673377485727,0.7507665658055541,0.5462673377485727,1.0,1,0.3577705352010293,71
4111,2,7901,7901,0,0,0,0,0.7350602844237303,0.5363554977415279,0.7350602844237303,0.5363554977415279,1.0,1,0.3816021585549925,70
4112,0,7901,7901,0,0,0,0,0.7305447951470114,0.5268103719654834,0.7305447951470114,0.5268103719654834,1.0,1,0.37436191831230337,72
4113,1,7902,7902,0,0,0,0,0.7305447951470114,0.5268103719654834,0.7305447951470114,0.5268103719654834,1.0,1,0.3670515628470729,72
4114,4,7906,7906,0,0,0,0,0.7417230273125345,0.5351014491625621,0.7417230273125345,0.5351014491625621,1.0,1,0.3436009121214675,72
4115,2,7908,7908,0,0,0,0,0.7615262279845951,0.5607062094453069,0.7615262279845951,0.5607062094453069,1.0,1,0.3448137734086671,70
4116,1,7909,7909,0,0,0,0,0.7508482978943531,0.5607062094453069,0.7508482978943531,0.5607062094453069,1.0,1,0.3715710871880506,67
4117,2,7911,7911,0,0,0,0,0.7527769195044491,0.5641066738631075,0.7527769195044491,0.5641066738631075,1.0,1,0.3723407827109508,67
4118,1,7912,7912,0,0,0,0,0.7490311152545164,0.5641066738631075,0.7490311152545164,0.5641066738631075,1.0,1,0.37310254120576436,66
4119,2,7914,7914,0,0,0,0,0.7848959869164829,0.5996675312056765,0.7848959869164829,0.5996675312056765,1.0,1,0.3290473732901323,67
4120,4,7918,7918,0,0,0,0,0.75685103302867,0.5794180030766183,0.75685103302867,0.5794180030766183,1.0,1,0.3686398836629717,64
4121,4,7922,7922,0,0,0,0,0.7556561262069971,0.5839550257038058,0.7556561262069971,0.5839550257038058,1.0,1,0.3678899111948226,63
4122,2,7924,7924,0,0,0,0,0.7873580423657306,0.6172444762583151,0.7873580423657306,0.6172444762583151,1.0,1,0.32698703328616036,63
4123,2,7926,7926,0,0,0,0,0.766770377491657,0.6048053618608631,0.766770377491657,0.6048053618608631,1.0,1,0.35019965187696933,61
4124,4,7930,7930,0,0,0,0,0.7994225949439866,0.6342412025449167,0.7994225949439866,0.6342412025449167,1.0,1,0.35554198400648523,62
4125,5,7935,7935,0,0,0,0,0.8052234953022411,0.6458609005495293,0.8052234953022411,0.6458609005495293,1.0,1,0.34741011222960483,60
4126,1,7936,7936,0,0,0,0,0.8019221986124486,0.6458609005495293,0.8019221986124486,0.6458609005495293,1.0,1,0.37043637126229556,59
4127,2,7938,7938,0,0,0,0,0.7844370437028982,0.6195947830051145,0.7844370437028982,0.6195947830051145,1.0,1,0.3794053600123131,60
4128,2,7940,7940,0,0,0,0,0.8027318190200566,0.6413305800364666,0.8027318190200566,0.6413305800364666,1.0,1,0.3718266383643173,60
4129,1,7941,7941,0,0,0,0,0.7831666067167152,0.6173528353824386,0.7831666067167152,0.6173528353824386,1.0,1,0.3754747367518258,60
4130,3,7944,7944,0,0,0,0,0.8177622844271875,0.6526093546893261,0.8177622844271875,0.6526093546893261,1.0,1,0.3493956692750701,61
4131,1,7945,7945,0,0,0,0,0.8147249891676405,0.6526093546893261,0.8147249891676405,0.6526093546893261,1.0,1,0.3652907896690543,60
4132,2,7947,7947,0,0,0,0,0.8153683450854703,0.6538156470352567,0.8153683450854703,0.6538156470352567,1.0,1,0.35540475723098464,60
4133,2,7949,7949,0,0,0,0,0.843304016526659,0.6866080330533179,0.843304016526659,0.6866080330533179,1.0,1,0.33629685484854965,62
4134,2,7951,7951,0,0,0,0,0.8624929231036464,0.7112351385176575,0.8624929231036464,0.7112351385176575,1.0,1,0.2803395815995873,63
4135,4,7955,7955,0,0,0,0,0.8693515156275265,0.7169282838596408,0.8693515156275265,0.7169282838596408,1.0,1,0.28275735304803445,65
4136,5,7960,7960,0,0,0,0,0.8337153110676592,0.6622342256061826,0.8337153110676592,0.6622342256061826,1.0,1,0.29359101929655185,65
4137,2,7962,7962,0,0,0,0,0.8101590128886368,0.6314851426661773,0.8101590128886368,0.6314851426661773,1.0,1,0.3099136857513425,66
4138,2,7964,7964,0,0,0,0,0.7974580159079886,0.6122767733095781,0.7974580159079886,0.6122767733095781,1.0,1,0.3330562403970767,67
4139,1,7965,7965,0,0,0,0,0.7795359116835248,0.5896918356332266,0.7795359116835248,0.5896918356332266,1.0,1,0.3528450608579633,67
4140,3,7968,7968,0,0,0,0,0.7952170601395678,0.6138378848346134,0.7952170601395678,0.6138378848346134,1.0,1,0.3514928965293097,66
4141,1,7969,7969,0,0,0,0,0.7982735219285294,0.6138378848346134,0.7982735219285294,0.6138378848346134,1.0,1,0.3502252320689639,67
4142,1,7970,7970,0,0,0,0,0.7982735219285295,0.6138378848346134,0.7982735219285295,0.6138378848346134,1.0,1,0.3591651888675721,67
4143,2,7972,7972,0,0,0,0,0.7949818755343127,0.6133943938647038,0.7949818755343127,0.6133943938647038,1.0,1,0.36970414556359216,66
4144,2,7974,7974,0,0,0,0,0.7911987481503594,0.6181919966178001,0.7911987481503594,0.6181919966178001,1.0,1,0.39881034806231647,64
4145,4,7978,7978,0,0,0,0,0.7925992841009998,0.6266787113817995,0.7925992841009998,0.6266787113817995,1.0,1,0.3619201888740694,63
4146,4,7982,7982,0,0,0,0,0.7803440015610027,0.6108950884794906,0.7803440015610027,0.6108950884794906,1.0,1,0.39739091266822113,62
4147,2,7984,7984,0,0,0,0,0.788191544338508,0.6262203723620731,0.788191544338508,0.6262203723620731,1.0,1,0.3825313195093557,60
4148,3,7987,7987,0,0,0,0,0.8279643973326822,0.6666810198320717,0.8279643973326822,0.6666810198320717,1.0,1,0.32490221859133706,62
4149,0,7987,7987,0,0,0,0,0.8100623238770316,0.6489030835302705,0.8100623238770316,0.6489030835302705,1.0,1,0.34085873752696505,61
4150,0,7987,7987,0,0,0,0,0.8068966959416488,0.6489030835302705,0.8068966959416488,0.6489030835302705,1.0,1,0.3522558808149491,60
4151,0,7987,7987,0,0,0,0,0.8068966959416488,0.6489030835302705,0.8068966959416488,0.6489030835302705,1.0,1,0.3579834775702551,60
4152,1,7988,7988,0,0,0,0,0.8254257988482547,0.6726733728404777,0.8254257988482547,0.6726733728404777,1.0,1,0.35074657632437384,60
4153,0,7988,7988,0,0,0,0,0.8194059988085394,0.6726733728404777,0.8194059988085394,0.6726733728404777,1.0,1,0.3541873255305863,58
4154,3,7991,7991,0,0,0,0,0.8505323552154556,0.7160114749093658,0.8505323552154556,0.7160114749093658,1.0,1,0.31308395193528055,57
4155,2,7993,7993,0,0,0,0,0.8505323552154556,0.7160114749093658,0.8505323552154556,0.7160114749093658,1.0,1,0.32957963811940133,57
4156,3,7996,7996,0,0,0,0,0.8504664871356354,0.7109018751288952,0.8504664871356354,0.7109018751288952,1.0,1,0.32842288239868367,58
4157,3,7999,7999,0,0,0,0,0.8496795105610035,0.7143910700659066,0.8496795105610035,0.7143910700659066,1.0,1,0.34322948626184596,57
4158,2,8001,8001,0,0,0,0,0.84421331094504,0.7143910700659066,0.84421331094504,0.7143910700659066,1.0,1,0.3541996395613525,55
4159,1,8002,8002,0,0,0,0,0.8514146570944333,0.7176878484794231,0.8514146570944333,0.7176878484794231,1.0,1,0.32651021263252195,57
4160,3,8005,8005,0,0,0,0,0.8399167255078019,0.700489357401694,0.8399167255078019,0.700489357401694,1.0,1,0.3652153058685228,58
4161,2,8007,8007,0,0,0,0,0.8258758402275287,0.6843999604123959,0.8258758402275287,0.6843999604123959,1.0,1,0.36132186514863546,58
4162,3,8010,8010,0,0,0,0,0.832998379157518,0.6929325036122105,0.832998379157518,0.6929325036122105,1.0,1,0.3600864184274387,57
4163,2,8012,8012,0,0,0,0,0.8358777174479056,0.6929325036122105,0.8358777174479056,0.6929325036122105,1.0,1,0.3492762842265534,58
4164,1,8013,8013,0,0,0,0,0.848761347399691,0.7176878484794231,0.848761347399691,0.7176878484794231,1.0,1,0.3434573100098187,56
4165,3,8016,8016,0,0,0,0,0.8592604605948021,0.7279035571499509,0.8592604605948021,0.7279035571499509,1.0,1,0.3276131669866125,58
4166,0,8016,8016,0,0,0,0,0.8567913458683951,0.7279035571499509,0.8567913458683951,0.7279035571499509,1.0,1,0.3287524953396548,57
4167,3,8019,8019,0,0,0,0,0.8735532528280368,0.7514667383171755,0.8735532528280368,0.7514667383171755,1.0,1,0.3021148097670111,57
4168,0,8019,8019,0,0,0,0,0.8757333691585877,0.7514667383171755,0.8757333691585877,0.7514667383171755,1.0,1,0.2931824764851181,58
4169,2,8021,8021,0,0,0,0,0.8392581279178289,0.6992571425559378,0.8392581279178289,0.6992571425559378,1.0,1,0.3245017789957565,58
4170,2,8023,8023,0,0,0,0,0.8219203343662556,0.6772306060388382,0.8219203343662556,0.6772306060388382,1.0,1,0.3564975779176581,58
4171,3,8026,8026,0,0,0,0,0.7738262736859408,0.6316599314313892,0.7738262736859408,0.6316599314313892,1.0,1,0.4140316321317341,57
4172,4,8030,8030,0,0,0,0,0.7470009148819202,0.5994181152297071,0.7470009148819202,0.5994181152297071,1.0,1,0.42555405408033475,57
4173,4,8034,8034,0,0,0,0,0.7419486301382809,0.5985867579928815,0.7419486301382809,0.5985867579928815,1.0,1,0.47755172820033237,56
4174,1,8035,8035,0,0,0,0,0.7419486301382809,0.5985867579928815,0.7419486301382809,0.5985867579928815,1.0,1,0.45446796674185896,56
4175,6,8041,8041,0,0,0,0,0.7522429206014002,0.6106674466593432,0.7522429206014002,0.6106674466593432,1.0,1,0.47026352205452704,55
4176,4,8045,8045,0,0,0,0,0.7951930207486554,0.646242490384041,0.7951930207486554,0.646242490384041,1.0,1,0.38639748010940955,57
4177,1,8046,8046,0,0,0,0,0.7947809120160512,0.639311905967605,0.7947809120160512,0.639311905967605,1.0,1,0.3721000500758191,58
4178,2,8048,8048,0,0,0,0,0.7814820431763188,0.6143800761935037,0.7814820431763188,0.6143800761935037,1.0,1,0.35657166201145135,60
4179,0,8048,8048,0,0,0,0,0.7850643047635921,0.6143800761935037,0.7850643047635921,0.6143800761935037,1.0,1,0.35461205062207923,61
4180,1,8049,8049,0,0,0,0,0.8054079142249875,0.6344027479378553,0.8054079142249875,0.6344027479378553,1.0,1,0.3276310882745534,62
4181,0,8049,8049,0,0,0,0,0.8084966774912575,0.6344027479378553,0.8084966774912575,0.6344027479378553,1.0,1,0.3182135431855313,63
4182,0,8049,8049,0,0,0,0,0.8084966774912575,0.6344027479378553,0.8084966774912575,0.6344027479378553,1.0,1,0.3182135431855313,63
4183,2,8051,8051,0,0,0,0,0.8212226962314474,0.6480321832056621,0.8212226962314474,0.6480321832056621,1.0,1,0.33028160942870216,63
4184,2,8053,8053,0,0,0,0,0.8365552863100183,0.667838162501005,0.8365552863100183,0.667838162501005,1.0,1,0.32224317788217727,63
4185,2,8055,8055,0,0,0,0,0.8509607103101692,0.6969534442973441,0.8509607103101692,0.6969534442973441,1.0,1,0.2955689208927904,61
4186,3,8058,8058,0,0,0,0,0.8676916514383917,0.7171338754889753,0.8676916514383917,0.7171338754889753,1.0,1,0.2843293332356961,62
4187,3,8061,8061,0,0,0,0,0.8671841872153366,0.7252086632041447,0.8671841872153366,0.7252086632041447,1.0,1,0.2751286862275428,60
4188,3,8064,8064,0,0,0,0,0.8846479327265377,0.7528169986997237,0.8846479327265377,0.7528169986997237,1.0,1,0.276611897848355,60
4189,4,8068,8068,0,0,0,0,0.8964543432248432,0.7698985404996516,0.8964543432248432,0.7698985404996516,1.0,1,0.27844408988064423,60
4190,0,8068,8068,0,0,0,0,0.8981518130080425,0.7698985404996516,0.8981518130080425,0.7698985404996516,1.0,1,0.2751868571059987,61
4191,4,8072,8072,0,0,0,0,0.8941579518885319,0.7687155244971623,0.8941579518885319,0.7687155244971623,1.0,1,0.29425177786454354,59
4192,1,8073,8073,0,0,0,0,0.9081895606326141,0.7951920967958315,0.9081895606326141,0.7951920967958315,1.0,1,0.28627594844695115,58
4193,1,8074,8074,0,0,0,0,0.9275109591842062,0.8347249869399903,0.9275109591842062,0.8347249869399903,1.0,1,0.27052142544047897,57
4194,0,8074,8074,0,0,0,0,0.9234837902499955,0.8347249869399903,0.9234837902499955,0.8347249869399903,1.0,1,0.2847653349434458,54
4195,1,8075,8075,0,0,0,0,0.9248749940636319,0.8347249869399903,0.9248749940636319,0.8347249869399903,1.0,1,0.28550057960073766,55
4196,1,8076,8076,0,0,0,0,0.9425682313719831,0.8659925398679604,0.9425682313719831,0.8659925398679604,1.0,1,0.2756080843280688,56
4197,1,8077,8077,0,0,0,0,0.961027796738769,0.9068056008970566,0.961027796738769,0.9068056008970566,1.0,1,0.26628302846023694,55
4198,0,8077,8077,0,0,0,0,0.9446867307982967,0.8709357051960256,0.9446867307982967,0.8709357051960256,1.0,1,0.28246467151112586,56
4199,1,8078,8078,0,0,0,0,0.9566851667755618,0.896421050985039,0.9566851667755618,0.896421050985039,1.0,1,0.2768807622579315,55
4200,0,8078,8078,0,0,0,0,0.9566851667755617,0.896421050985039,0.9566851667755617,0.896421050985039,1.0,1,0.27688746480203447,55
4201,2,8080,8080,0,0,0,0,0.9355188754568239,0.8495440427325894,0.9355188754568239,0.8495440427325894,1.0,1,0.279425101979685,56
4202,2,8082,8082,0,0,0,0,0.9424398934732521,0.8656930847709214,0.9424398934732521,0.8656930847709214,1.0,1,0.27531184697229427,56
4203,8,8090,8090,0,0,0,0,0.9246367782877252,0.8281718544960135,0.9246367782877252,0.8281718544960135,1.0,1,0.26645066659053435,57
4204,3,8093,8093,0,0,0,0,0.9077405985776048,0.7977390045739796,0.9077405985776048,0.7977390045739796,1.0,1,0.2788526783559468,57
4205,4,8097,8097,0,0,0,0,0.8410186691067965,0.6926360936064732,0.8410186691067965,0.6926360936064732,1.0,1,0.3406844606022129,58
4206,6,8103,8103,0,0,0,0,0.8372394888297314,0.6853296784041473,0.8372394888297314,0.6853296784041473,1.0,1,0.3451565294380769,58
4207,3,8106,8106,0,0,0,0,0.8024579279786944,0.6419549944613837,0.8024579279786944,0.6419549944613837,1.0,1,0.3917309066367096,58
4208,3,8109,8109,0,0,0,0,0.7734957798454352,0.6002866703154739,0.7734957798454352,0.6002866703154739,1.0,1,0.4199526833953457,60
4209,1,8110,8110,0,0,0,0,0.7772089637823952,0.6002866703154739,0.7772089637823952,0.6002866703154739,1.0,1,0.39466680105822954,61
4210,0,8110,8110,0,0,0,0,0.7808023675923567,0.6002866703154739,0.7808023675923567,0.6002866703154739,1.0,1,0.39156777619990646,62
4211,1,8111,8111,0,0,0,0,0.7842816950908906,0.6002866703154739,0.7842816950908906,0.6002866703154739,1.0,1,0.36339672670765566,63
4212,0,8111,8111,0,0,0,0,0.7876522936050955,0.6002866703154739,0.7876522936050955,0.6002866703154739,1.0,1,0.3613591174098389,64
4213,1,8112,8112,0,0,0,0,0.7909191813957863,0.6002866703154739,0.7909191813957863,0.6002866703154739,1.0,1,0.3503649453573063,65
4214,1,8113,8113,0,0,0,0,0.7945803070005399,0.6072858810304439,0.7945803070005399,0.6072858810304439,1.0,1,0.33464763872339953,65
4215,0,8113,8113,0,0,0,0,0.7945803070005398,0.6072858810304439,0.7945803070005398,0.6072858810304439,1.0,1,0.33464763872339953,65
4216,1,8114,8114,0,0,0,0,0.7913706242974232,0.6072858810304439,0.7913706242974232,0.6072858810304439,1.0,1,0.330716766931069,64
4217,3,8117,8117,0,0,0,0,0.8078575468162005,0.6215375922137282,0.8078575468162005,0.6215375922137282,1.0,1,0.32993941504514074,65
4218,1,8118,8118,0,0,0,0,0.7900550499282964,0.5986346542746844,0.7900550499282964,0.5986346542746844,1.0,1,0.3496346883598688,65
4219,2,8120,8120,0,0,0,0,0.7900550499282964,0.5986346542746844,0.7900550499282964,0.5986346542746844,1.0,1,0.3650029838990536,65
4220,0,8120,8120,0,0,0,0,0.7900550499282964,0.5986346542746844,0.7900550499282964,0.5986346542746844,1.0,1,0.3650029838990536,65
4221,1,8121,8121,0,0,0,0,0.7982413213228802,0.6024167214303813,0.7982413213228802,0.6024167214303813,1.0,1,0.3422783198635841,67
4222,1,8122,8122,0,0,0,0,0.7844636966470278,0.5812437534856538,0.7844636966470278,0.5812437534856538,1.0,1,0.3536242552366522,68
4223,0,8122,8122,0,0,0,0,0.771660250296309,0.5686915838930281,0.771660250296309,0.5686915838930281,1.0,1,0.3596130295563115,68
4224,1,8123,8123,0,0,0,0,0.7581184483601996,0.5554609321214479,0.7581184483601996,0.5554609321214479,1.0,1,0.36943339840916256,68
4225,1,8124,8124,0,0,0,0,0.7827014281694232,0.5902369788337698,0.7827014281694232,0.5902369788337698,1.0,1,0.36455839554594116,66
4226,0,8124,8124,0,0,0,0,0.7827014281694233,0.5902369788337698,0.7827014281694233,0.5902369788337698,1.0,1,0.3641291518096626,66
4227,0,8124,8124,0,0,0,0,0.7827014281694233,0.5902369788337698,0.7827014281694233,0.5902369788337698,1.0,1,0.3641291518096626,66
4228,0,8124,8124,0,0,0,0,0.7793583732181837,0.5902369788337698,0.7793583732181837,0.5902369788337698,1.0,1,0.36639621389312266,65
4229,0,8124,8124,0,0,0,0,0.7793583732181837,0.5902369788337698,0.7793583732181837,0.5902369788337698,1.0,1,0.35982469093105235,65
4230,1,8125,8125,0,0,0,0,0.7759108477997179,0.5902369788337698,0.7759108477997179,0.5902369788337698,1.0,1,0.3505168456460743,64
4231,1,8126,8126,0,0,0,0,0.7902616923503081,0.605198479718227,0.7902616923503081,0.605198479718227,1.0,1,0.3281605391881887,64
4232,2,8128,8128,0,0,0,0,0.7769259126561671,0.5857195520757389,0.7769259126561671,0.5857195520757389,1.0,1,0.3318949695909882,65
4233,3,8131,8131,0,0,0,0,0.7738488599672053,0.5864664867971755,0.7738488599672053,0.5864664867971755,1.0,1,0.3236731027401138,64
4234,1,8132,8132,0,0,0,0,0.7869325128638051,0.605198479718227,0.7869325128638051,0.605198479718227,1.0,1,0.29885149977749487,63
4235,2,8134,8134,0,0,0,0,0.7869325128638052,0.605198479718227,0.7869325128638052,0.605198479718227,1.0,1,0.323936081613785,63
4236,0,8134,8134,0,0,0,0,0.7869325128638051,0.605198479718227,0.7869325128638051,0.605198479718227,1.0,1,0.323936081613785,63
4237,7,8141,8141,0,0,0,0,0.7126007585727786,0.5210012642879642,0.7126007585727786,0.5210012642879642,1.0,1,0.37512363620009515,65
4238,2,8143,8143,0,0,0,0,0.6992290760771213,0.5112472486253221,0.6992290760771213,0.5112472486253221,1.0,1,0.3827679589449333,65
4239,4,8147,8147,0,0,0,0,0.6717427241875144,0.49198278743305807,0.6717427241875144,0.49198278743305807,1.0,1,0.4025769005462043,65
4240,0,8147,8147,0,0,0,0,0.6767163192755824,0.49198278743305807,0.6767163192755824,0.49198278743305807,1.0,1,0.3951364861911107,66
4241,1,8148,8148,0,0,0,0,0.6619535018222957,0.48113793302957025,0.6619535018222957,0.48113793302957025,1.0,1,0.4165825185372474,66
4242,0,8148,8148,0,0,0,0,0.676651175656109,0.48113793302957025,0.676651175656109,0.48113793302957025,1.0,1,0.38074830793937586,69
4243,2,8150,8150,0,0,0,0,0.6568204553294018,0.4585389406308338,0.6568204553294018,0.4585389406308338,1.0,1,0.3924734117225043,71
4244,0,8150,8150,0,0,0,0,0.6568204553294017,0.4585389406308338,0.6568204553294017,0.4585389406308338,1.0,1,0.3924734117225043,71
4245,3,8153,8153,0,0,0,0,0.6393720504206996,0.43987573788746953,0.6393720504206996,0.43987573788746953,1.0,1,0.41457902556474585,73
4246,1,8154,8154,0,0,0,0,0.6442454010906902,0.43987573788746953,0.6442454010906902,0.43987573788746953,1.0,1,0.4156941472207404,74
4247,1,8155,8155,0,0,0,0,0.6442454010906901,0.43987573788746953,0.6442454010906901,0.43987573788746953,1.0,1,0.4225100409556444,74
4248,2,8157,8157,0,0,0,0,0.6442454010906901,0.43987573788746953,0.6442454010906901,0.43987573788746953,1.0,1,0.4052620858085523,74
4249,2,8159,8159,0,0,0,0,0.6440802302089907,0.43961568160564496,0.6440802302089907,0.43961568160564496,1.0,1,0.40738049527100045,74
4250,4,8163,8163,0,0,0,0,0.6595404028057102,0.45230412625266436,0.6595404028057102,0.45230412625266436,1.0,1,0.3721344077252386,74
4251,2,8165,8165,0,0,0,0,0.6661501320677088,0.45567956315387304,0.6661501320677088,0.45567956315387304,1.0,1,0.36081122887237915,75
4252,3,8168,8168,0,0,0,0,0.6692282665147015,0.460698260621796,0.6692282665147015,0.460698260621796,1.0,1,0.3768728821778699,75
4253,3,8171,8171,0,0,0,0,0.6444634885695462,0.43706719023511476,0.6444634885695462,0.43706719023511476,1.0,1,0.3883533120438972,76
4254,3,8174,8174,0,0,0,0,0.6650989319521203,0.4539656499219354,0.6650989319521203,0.4539656499219354,1.0,1,0.39390404936275125,75
4255,2,8176,8176,0,0,0,0,0.6698782798370962,0.4545815058178112,0.6698782798370962,0.4545815058178112,1.0,1,0.3870059788499505,76
4256,3,8179,8179,0,0,0,0,0.6912465996381677,0.464827439372824,0.6912465996381677,0.464827439372824,1.0,1,0.3552005828180693,78
4257,1,8180,8180,0,0,0,0,0.7039939581124869,0.4752620166539539,0.7039939581124869,0.4752620166539539,1.0,1,0.3489971254984906,78
4258,2,8182,8182,0,0,0,0,0.7120007643852048,0.4842804385502503,0.7120007643852048,0.4842804385502503,1.0,1,0.3291219366126585,77
4259,1,8183,8183,0,0,0,0,0.7156930622777021,0.4842804385502503,0.7156930622777021,0.4842804385502503,1.0,1,0.3165818414224801,78
4260,1,8184,8184,0,0,0,0,0.6998015488933839,0.4746527105634219,0.6998015488933839,0.4746527105634219,1.0,1,0.34126161465290944,77
4261,2,8186,8186,0,0,0,0,0.6958515692735601,0.4746527105634219,0.6958515692735601,0.4746527105634219,1.0,1,0.35966685540932264,76
4262,1,8187,8187,0,0,0,0,0.6773903913128436,0.4623173188547395,0.6773903913128436,0.4623173188547395,1.0,1,0.3925108618797676,75
4263,3,8190,8190,0,0,0,0,0.7250910376538752,0.5038228484484576,0.7250910376538752,0.5038228484484576,1.0,1,0.34271658798173354,74
4264,2,8192,8192,0,0,0,0,0.7131834064742782,0.49465647807372826,0.7131834064742782,0.49465647807372826,1.0,1,0.39190693940117893,74
4265,3,8195,8195,0,0,0,0,0.7469272889214316,0.5262997972119104,0.7469272889214316,0.5262997972119104,1.0,1,0.3567247310939867,73
4266,2,8197,8197,0,0,0,0,0.755257907974452,0.5427187227943708,0.755257907974452,0.5427187227943708,1.0,1,0.38459924046354443,71
4267,1,8198,8198,0,0,0,0,0.7640633249881646,0.5600099844373881,0.7640633249881646,0.5600099844373881,1.0,1,0.37983050184525047,69
4268,4,8202,8202,0,0,0,0,0.7578789117072263,0.5615645157941667,0.7578789117072263,0.5615645157941667,1.0,1,0.38911775293547163,67
4269,0,8202,8202,0,0,0,0,0.7465294856935026,0.5615645157941667,0.7465294856935026,0.5615645157941667,1.0,1,0.4075647451272753,64
4270,2,8204,8204,0,0,0,0,0.7404898090078587,0.5581312964187863,0.7404898090078587,0.5581312964187863,1.0,1,0.41185138796126347,63
4271,2,8206,8206,0,0,0,0,0.7137781870604523,0.5376416867899613,0.7137781870604523,0.5376416867899613,1.0,1,0.4226719064755732,63
4272,2,8208,8208,0,0,0,0,0.6903521118744146,0.5200457734053426,0.6903521118744146,0.5200457734053426,1.0,1,0.4244837903868597,62
4273,0,8208,8208,0,0,0,0,0.6903521118744146,0.5200457734053426,0.6903521118744146,0.5200457734053426,1.0,1,0.4244837903868597,62
4274,4,8212,8212,0,0,0,0,0.6401051854369418,0.48108189528117196,0.6401051854369418,0.48108189528117196,1.0,1,0.4632541591515403,62
4275,1,8213,8213,0,0,0,0,0.6519408925212781,0.49448558199518944,0.6519408925212781,0.49448558199518944,1.0,1,0.4752307663930086,61
4276,1,8214,8214,0,0,0,0,0.6575547490935153,0.49448558199518944,0.6575547490935153,0.49448558199518944,1.0,1,0.4492826115815074,62
4277,1,8215,8215,0,0,0,0,0.6619650850503109,0.4929476275754664,0.6619650850503109,0.4929476275754664,1.0,1,0.44605890443306007,63
4278,3,8218,8218,0,0,0,0,0.6538616807573381,0.48481738531324753,0.6538616807573381,0.48481738531324753,1.0,1,0.474254907900197,64
4279,4,8222,8222,0,0,0,0,0.6430014860961065,0.47261583173288446,0.6430014860961065,0.47261583173288446,1.0,1,0.4513599684135631,65
4280,3,8225,8225,0,0,0,0,0.6569194554166673,0.4813898744670552,0.6569194554166673,0.4813898744670552,1.0,1,0.4648897950846279,65
4281,1,8226,8226,0,0,0,0,0.6569194554166673,0.4813898744670552,0.6569194554166673,0.4813898744670552,1.0,1,0.4580906267646846,65
4282,5,8231,8231,0,0,0,0,0.6815386696185995,0.4995607665435135,0.6815386696185995,0.4995607665435135,1.0,1,0.42754378557935685,66
4283,2,8233,8233,0,0,0,0,0.6644737205133776,0.48500617567169574,0.6644737205133776,0.48500617567169574,1.0,1,0.45944142703900903,66
4284,7,8240,8240,0,0,0,0,0.6773653535519112,0.49300269843871747,0.6773653535519112,0.49300269843871747,1.0,1,0.45236465256091835,66
4285,1,8241,8241,0,0,0,0,0.6992916623423486,0.508598570169204,0.6992916623423486,0.508598570169204,1.0,1,0.43350344616548286,67
4286,3,8244,8244,0,0,0,0,0.7131193214866817,0.5194748634901917,0.7131193214866817,0.5194748634901917,1.0,1,0.4314252346547182,67
4287,2,8246,8246,0,0,0,0,0.70980002832734,0.5139150474482945,0.70980002832734,0.5139150474482945,1.0,1,0.4379410177660601,67
4288,2,8248,8248,0,0,0,0,0.7288250172484163,0.5271820813562131,0.7288250172484163,0.5271820813562131,1.0,1,0.4085468215227758,68
4289,0,8248,8248,0,0,0,0,0.7330600707243123,0.5345662771603394,0.7330600707243123,0.5345662771603394,1.0,1,0.40576470740097736,68
4290,2,8250,8250,0,0,0,0,0.7406869258464748,0.5345662771603394,0.7406869258464748,0.5345662771603394,1.0,1,0.41145537866689824,70
4291,1,8251,8251,0,0,0,0,0.7443392226655385,0.5345662771603394,0.7443392226655385,0.5345662771603394,1.0,1,0.39728007320891395,71
4292,2,8253,8253,0,0,0,0,0.7153712175480591,0.5071062547783463,0.7153712175480591,0.5071062547783463,1.0,1,0.427640816889231,71
4293,1,8254,8254,0,0,0,0,0.7153712175480591,0.5071062547783463,0.7153712175480591,0.5071062547783463,1.0,1,0.43581286279749415,71
4294,1,8255,8255,0,0,0,0,0.7280924581550506,0.5173641132252148,0.7280924581550506,0.5173641132252148,1.0,1,0.42409432358885535,71
4295,0,8255,8255,0,0,0,0,0.731868951791786,0.5173641132252148,0.731868951791786,0.5173641132252148,1.0,1,0.41340147183289194,72
4296,2,8257,8257,0,0,0,0,0.7222138032249332,0.5054050642785396,0.7222138032249332,0.5054050642785396,1.0,1,0.40461155965907736,73
4297,1,8258,8258,0,0,0,0,0.7222138032249332,0.5054050642785396,0.7222138032249332,0.5054050642785396,1.0,1,0.41668140209472254,73
4298,0,8258,8258,0,0,0,0,0.7129180018491451,0.49418886040087473,0.7129180018491451,0.49418886040087473,1.0,1,0.42096103330000884,74
4299,3,8261,8261,0,0,0,0,0.6928317300972424,0.4764177217566632,0.6928317300972424,0.4764177217566632,1.0,1,0.4046167148145839,75
4300,0,8261,8261,0,0,0,0,0.6928317300972424,0.4764177217566632,0.6928317300972424,0.4764177217566632,1.0,1,0.4046167148145839,75
4301,0,8261,8261,0,0,0,0,0.6968734178591207,0.4764177217566632,0.6968734178591207,0.4764177217566632,1.0,1,0.39845942505515114,76
4302,1,8262,8262,0,0,0,0,0.6968734178591208,0.4764177217566632,0.6968734178591208,0.4764177217566632,1.0,1,0.3906170697418409,76
4303,0,8262,8262,0,0,0,0,0.6928317300972424,0.4764177217566632,0.6928317300972424,0.4764177217566632,1.0,1,0.4035099663488432,75
4304,2,8264,8264,0,0,0,0,0.706935339761203,0.48884070888581926,0.706935339761203,0.48884070888581926,1.0,1,0.388644133617521,75
4305,5,8269,8269,0,0,0,0,0.6742396391183432,0.4715443034586455,0.6742396391183432,0.4715443034586455,1.0,1,0.4189926326097541,73
4306,4,8273,8273,0,0,0,0,0.7248151031232557,0.5151504197885934,0.7248151031232557,0.5151504197885934,1.0,1,0.36487589807365145,74
4307,3,8276,8276,0,0,0,0,0.7327796929959387,0.5242175021635007,0.7327796929959387,0.5242175021635007,1.0,1,0.3446777632604285,73
4308,2,8278,8278,0,0,0,0,0.6934604584311047,0.49385331508391717,0.6934604584311047,0.49385331508391717,1.0,1,0.38522352688139644,71
4309,3,8281,8281,0,0,0,0,0.7045194448822081,0.5075324081370134,0.7045194448822081,0.5075324081370134,1.0,1,0.39385280738227746,70
4310,1,8282,8282,0,0,0,0,0.7002371179964431,0.5075324081370134,0.7002371179964431,0.5075324081370134,1.0,1,0.40643001049649596,69
4311,7,8289,8289,0,0,0,0,0.6868701572054431,0.49753583365524595,0.6868701572054431,0.49753583365524595,1.0,1,0.4343020002169771,69
4312,2,8291,8291,0,0,0,0,0.6721686570308784,0.49681700846599924,0.6721686570308784,0.49681700846599924,1.0,1,0.47977963022758846,66
4313,8,8299,8299,0,0,0,0,0.6928655842348378,0.5205706680738931,0.6928655842348378,0.5205706680738931,1.0,1,0.4518919326082126,64
4314,3,8302,8302,0,0,0,0,0.6923098955314668,0.530772590685487,0.6923098955314668,0.530772590685487,1.0,1,0.45631464526162707,61
4315,3,8305,8305,0,0,0,0,0.7239335644076059,0.5568407218122094,0.7239335644076059,0.5568407218122094,1.0,1,0.4307648909398826,61
4316,1,8306,8306,0,0,0,0,0.7333031944333904,0.5675186936757683,0.7333031944333904,0.5675186936757683,1.0,1,0.4087980555051846,60
4317,3,8309,8309,0,0,0,0,0.7419063171936037,0.5675186936757683,0.7419063171936037,0.5675186936757683,1.0,1,0.41700513563859287,62
4318,0,8309,8309,0,0,0,0,0.7287829095932784,0.5675186936757683,0.7287829095932784,0.5675186936757683,1.0,1,0.44159653889687983,59
4319,2,8311,8311,0,0,0,0,0.7169829177863145,0.5531309228204965,0.7169829177863145,0.5531309228204965,1.0,1,0.4501206580538666,60
4320,2,8313,8313,0,0,0,0,0.7333031944333904,0.5675186936757683,0.7333031944333904,0.5675186936757683,1.0,1,0.43953235280498887,60
4321,0,8313,8313,0,0,0,0,0.737675273213171,0.5675186936757683,0.737675273213171,0.5675186936757683,1.0,1,0.43565585706286897,61
4322,1,8314,8314,0,0,0,0,0.7242050842580564,0.5572765826247746,0.7242050842580564,0.5572765826247746,1.0,1,0.4469874455698787,61
4323,3,8317,8317,0,0,0,0,0.7541169847751102,0.5833648908689368,0.7541169847751102,0.5833648908689368,1.0,1,0.42023994981513146,61
4324,0,8317,8317,0,0,0,0,0.7500189345213621,0.5833648908689368,0.7500189345213621,0.5833648908689368,1.0,1,0.44056831444657396,60
4325,4,8321,8321,0,0,0,0,0.8013539732164828,0.6388254058481506,0.8013539732164828,0.6388254058481506,1.0,1,0.39628966146426103,60
4326,2,8323,8323,0,0,0,0,0.8195662204342586,0.6560481077028055,0.8195662204342586,0.6560481077028055,1.0,1,0.363122309467953,61
4327,1,8324,8324,0,0,0,0,0.8368393414972508,0.6736786829945016,0.8368393414972508,0.6736786829945016,1.0,1,0.34464963646905755,62
4328,1,8325,8325,0,0,0,0,0.8368393414972508,0.6736786829945016,0.8368393414972508,0.6736786829945016,1.0,1,0.3502412184692138,62
4329,1,8326,8326,0,0,0,0,0.844369833428147,0.6736786829945016,0.844369833428147,0.6736786829945016,1.0,1,0.30208251749219767,65
4330,3,8329,8329,0,0,0,0,0.8093049534540468,0.6243885446822134,0.8093049534540468,0.6243885446822134,1.0,1,0.34579200745815725,65
4331,1,8330,8330,0,0,0,0,0.8093049534540468,0.6243885446822134,0.8093049534540468,0.6243885446822134,1.0,1,0.33064288560909866,65
4332,2,8332,8332,0,0,0,0,0.8000833534396035,0.6119265096180537,0.8000833534396035,0.6119265096180537,1.0,1,0.32750073449653005,66
4333,1,8333,8333,0,0,0,0,0.8168640150106479,0.6337280300212959,0.8168640150106479,0.6337280300212959,1.0,1,0.3093525893320519,66
4334,2,8335,8335,0,0,0,0,0.8315852177066805,0.6526445115200286,0.8315852177066805,0.6526445115200286,1.0,1,0.28393365283289385,66
4335,2,8337,8337,0,0,0,0,0.841816754063406,0.668325452068432,0.841816754063406,0.668325452068432,1.0,1,0.308635766178521,65
4336,1,8338,8338,0,0,0,0,0.8600703273719192,0.6874903977972863,0.8600703273719192,0.6874903977972863,1.0,1,0.2921242476988791,67
4337,1,8339,8339,0,0,0,0,0.8676644778130213,0.6956282989699488,0.8676644778130213,0.6956282989699488,1.0,1,0.2958064733709531,69
4338,1,8340,8340,0,0,0,0,0.8474408755709308,0.666276915311411,0.8474408755709308,0.666276915311411,1.0,1,0.30512927182997285,70
4339,6,8346,8346,0,0,0,0,0.8333205974225302,0.6464376308962761,0.8333205974225302,0.6464376308962761,1.0,1,0.3189611841447658,70
4340,2,8348,8348,0,0,0,0,0.8347564245806034,0.6444759437946315,0.8347564245806034,0.6444759437946315,1.0,1,0.30058313660730845,71
4341,4,8352,8352,0,0,0,0,0.7881031360469458,0.5879783200912835,0.7881031360469458,0.5879783200912835,1.0,1,0.3551747043879236,70
4342,2,8354,8354,0,0,0,0,0.766075303594549,0.5629301725056046,0.766075303594549,0.5629301725056046,1.0,1,0.35949693065192645,71
4343,5,8359,8359,0,0,0,0,0.7555427228527348,0.5689832218719271,0.7555427228527348,0.5689832218719271,1.0,1,0.3800181461774929,67
4344,4,8363,8363,0,0,0,0,0.764674908007067,0.5738707793641482,0.764674908007067,0.5738707793641482,1.0,1,0.37957913588909453,67
4345,4,8367,8367,0,0,0,0,0.7539095366371256,0.5743300093182714,0.7539095366371256,0.5743300093182714,1.0,1,0.39077931813784805,64
4346,4,8371,8371,0,0,0,0,0.7651070615961254,0.5824125539486674,0.7651070615961254,0.5824125539486674,1.0,1,0.39355607985898555,64
4347,2,8373,8373,0,0,0,0,0.7565132821985605,0.5806617637864098,0.7565132821985605,0.5806617637864098,1.0,1,0.41011918433618655,62
4348,2,8375,8375,0,0,0,0,0.7756024976137346,0.6024958529157581,0.7756024976137346,0.6024958529157581,1.0,1,0.4065792923710551,62
4349,2,8377,8377,0,0,0,0,0.7747325075350401,0.607390941703927,0.7747325075350401,0.607390941703927,1.0,1,0.41168046749557174,61
4350,1,8378,8378,0,0,0,0,0.7554342191260732,0.592390365210122,0.7554342191260732,0.592390365210122,1.0,1,0.42877369527255743,60
4351,0,8378,8378,0,0,0,0,0.7554342191260731,0.592390365210122,0.7554342191260731,0.592390365210122,1.0,1,0.42220451052942587,60
4352,0,8378,8378,0,0,0,0,0.7425623359221822,0.592390365210122,0.7425623359221822,0.592390365210122,1.0,1,0.45511454723342776,57
4353,4,8382,8382,0,0,0,0,0.7699698369371277,0.6278923832806479,0.7699698369371277,0.6278923832806479,1.0,1,0.42068889058067105,55
4354,0,8382,8382,0,0,0,0,0.7699698369371277,0.6278923832806479,0.7699698369371277,0.6278923832806479,1.0,1,0.4128170931791459,55
4355,3,8385,8385,0,0,0,0,0.7987152663972812,0.6666221599704969,0.7987152663972812,0.6666221599704969,1.0,1,0.4064082840743624,53
4356,1,8386,8386,0,0,0,0,0.8060347112555618,0.6666221599704969,0.8060347112555618,0.6666221599704969,1.0,1,0.35969623491559405,55
4357,3,8389,8389,0,0,0,0,0.8485985369533996,0.7224306510812327,0.8485985369533996,0.7224306510812327,1.0,1,0.3061161289354378,55
4358,1,8390,8390,0,0,0,0,0.8485985369533996,0.7224306510812327,0.8485985369533996,0.7224306510812327,1.0,1,0.28348971974741505,55
4359,1,8391,8391,0,0,0,0,0.8457948061562404,0.7224306510812327,0.8457948061562404,0.7224306510812327,1.0,1,0.3147402550534576,54
4360,2,8393,8393,0,0,0,0,0.8718394047188314,0.7569368020529559,0.8718394047188314,0.7569368020529559,1.0,1,0.2979263838332417,55
4361,5,8398,8398,0,0,0,0,0.826944557145888,0.6985485834154178,0.826944557145888,0.6985485834154178,1.0,1,0.35511941006751485,54
4362,1,8399,8399,0,0,0,0,0.8300910197432355,0.6985485834154178,0.8300910197432355,0.6985485834154178,1.0,1,0.3294118954069872,55
4363,3,8402,8402,0,0,0,0,0.8892873605542017,0.7825287439457532,0.8892873605542017,0.7825287439457532,1.0,1,0.29665728576318023,55
4364,2,8404,8404,0,0,0,0,0.8822063016941342,0.7686195211849066,0.8822063016941342,0.7686195211849066,1.0,1,0.2932621093908763,55
4365,1,8405,8405,0,0,0,0,0.9003433776557273,0.8006867553114546,0.9003433776557273,0.8006867553114546,1.0,1,0.2889367596314367,54
4366,3,8408,8408,0,0,0,0,0.9143722600058193,0.822157770781317,0.9143722600058193,0.822157770781317,1.0,1,0.2858569782110983,54
4367,2,8410,8410,0,0,0,0,0.93629974390518,0.8547634161038105,0.93629974390518,0.8547634161038105,1.0,1,0.25391233358672977,57
4368,0,8410,8410,0,0,0,0,0.914076317750799,0.8116288504536748,0.914076317750799,0.8116288504536748,1.0,1,0.2866603354168991,57
4369,2,8412,8412,0,0,0,0,0.9142439698318007,0.808698086547863,0.9142439698318007,0.808698086547863,1.0,1,0.2870575748821395,58
4370,1,8413,8413,0,0,0,0,0.8988766988205638,0.7790268603856765,0.8988766988205638,0.7790268603856765,1.0,1,0.2883051987172935,59
4371,1,8414,8414,0,0,0,0,0.9181319990046852,0.811073843856966,0.9181319990046852,0.811073843856966,1.0,1,0.26972320735619887,60
4372,1,8415,8415,0,0,0,0,0.9181319990046852,0.811073843856966,0.9181319990046852,0.811073843856966,1.0,1,0.29235726496839254,60
4373,4,8419,8419,0,0,0,0,0.8535874597720142,0.7071749195440286,0.8535874597720142,0.7071749195440286,1.0,1,0.33456741280767704,60
4374,1,8420,8420,0,0,0,0,0.8359484052441754,0.6877727712711723,0.8359484052441754,0.6877727712711723,1.0,1,0.3716686513225094,59
4375,6,8426,8426,0,0,0,0,0.7849687066178357,0.6205330116785336,0.7849687066178357,0.6205330116785336,1.0,1,0.42109909991326705,60
4376,0,8426,8426,0,0,0,0,0.7849687066178357,0.6205330116785336,0.7849687066178357,0.6205330116785336,1.0,1,0.44127646767712686,60
4377,2,8428,8428,0,0,0,0,0.7567736365223898,0.5878664396629384,0.7567736365223898,0.5878664396629384,1.0,1,0.4693412141264143,61
4378,1,8429,8429,0,0,0,0,0.7870758184557548,0.6106529251762373,0.7870758184557548,0.6106529251762373,1.0,1,0.4156918815222587,64
4379,1,8430,8430,0,0,0,0,0.7712841348815767,0.5933940175672473,0.7712841348815767,0.5933940175672473,1.0,1,0.43183355071922325,64
4380,0,8430,8430,0,0,0,0,0.7748028404987831,0.5933940175672473,0.7748028404987831,0.5933940175672473,1.0,1,0.4295779568737483,65
4381,1,8431,8431,0,0,0,0,0.753192388616766,0.5730895370668385,0.753192388616766,0.5730895370668385,1.0,1,0.4619349230348856,64
4382,0,8431,8431,0,0,0,0,0.7371919865560217,0.5573759773575103,0.7371919865560217,0.5573759773575103,1.0,1,0.4812622032697678,64
4383,4,8435,8435,0,0,0,0,0.7677872954742896,0.5871774141765148,0.7677872954742896,0.5871774141765148,1.0,1,0.4584921968267936,64
4384,0,8435,8435,0,0,0,0,0.7523064485059089,0.5871774141765148,0.7523064485059089,0.5871774141765148,1.0,1,0.49372418700543796,60
4385,2,8437,8437,0,0,0,0,0.7754793832001131,0.6169942419296048,0.7754793832001131,0.6169942419296048,1.0,1,0.485219294190233,58
4386,2,8439,8439,0,0,0,0,0.7754793832001131,0.6169942419296048,0.7754793832001131,0.6169942419296048,1.0,1,0.44751146901457645,58
4387,4,8443,8443,0,0,0,0,0.8237642551886648,0.6873236785605343,0.8237642551886648,0.6873236785605343,1.0,1,0.40917050401807803,55
4388,0,8443,8443,0,0,0,0,0.80990151634673,0.6673276536067775,0.80990151634673,0.6673276536067775,1.0,1,0.4149778465512443,56
4389,1,8444,8444,0,0,0,0,0.8064451802803069,0.6673276536067775,0.8064451802803069,0.6673276536067775,1.0,1,0.3888337175479054,55
4390,0,8444,8444,0,0,0,0,0.8064451802803069,0.6673276536067775,0.8064451802803069,0.6673276536067775,1.0,1,0.3888337175479054,55
4391,1,8445,8445,0,0,0,0,0.8099015163467299,0.6673276536067775,0.8099015163467299,0.6673276536067775,1.0,1,0.364764168999204,56
4392,2,8447,8447,0,0,0,0,0.7753730623216476,0.6300262202944784,0.7753730623216476,0.6300262202944784,1.0,1,0.42456022508792207,56
4393,0,8447,8447,0,0,0,0,0.7712889361820412,0.6300262202944784,0.7712889361820412,0.6300262202944784,1.0,1,0.4393987254159564,55
4394,4,8451,8451,0,0,0,0,0.8399453052909931,0.7172367060140878,0.8399453052909931,0.7172367060140878,1.0,1,0.40830298892153594,53
4395,0,8451,8451,0,0,0,0,0.8399453052909932,0.7172367060140878,0.8399453052909932,0.7172367060140878,1.0,1,0.40830298892153594,53
4396,2,8453,8453,0,0,0,0,0.8771864291518864,0.7675314551803563,0.8771864291518864,0.7675314551803563,1.0,1,0.38903143342091817,53
4397,1,8454,8454,0,0,0,0,0.9045435120993911,0.8164298309603675,0.9045435120993911,0.8164298309603675,1.0,1,0.4006524402276697,50
4398,1,8455,8455,0,0,0,0,0.9197702482527981,0.8395404965055963,0.9197702482527981,0.8395404965055963,1.0,1,0.408439316846013,50
4399,0,8455,8455,0,0,0,0,0.8990994787875695,0.798198957575139,0.8990994787875695,0.798198957575139,1.0,1,0.4016918759598015,52
4400,3,8458,8458,0,0,0,0,0.9029444671349518,0.794690218939321,0.9029444671349518,0.794690218939321,1.0,1,0.4018577537552832,55
4401,0,8458,8458,0,0,0,0,0.9046776016503991,0.794690218939321,0.9046776016503991,0.794690218939321,1.0,1,0.3820006224301226,56
4402,1,8459,8459,0,0,0,0,0.9046776016503991,0.794690218939321,0.9046776016503991,0.794690218939321,1.0,1,0.3689577849491712,56
4403,1,8460,8460,0,0,0,0,0.9259030996591526,0.8310590672228677,0.9259030996591526,0.8310590672228677,1.0,1,0.3348215186056045,57
4404,2,8462,8462,0,0,0,0,0.9302835344422673,0.8410464585283696,0.9302835344422673,0.8410464585283696,1.0,1,0.34077198272766135,57
4405,1,8463,8463,0,0,0,0,0.9132187674819063,0.8064110966904062,0.9132187674819063,0.8064110966904062,1.0,1,0.3527874824311851,58
4406,1,8464,8464,0,0,0,0,0.929771282664428,0.8370693757814727,0.929771282664428,0.8370693757814727,1.0,1,0.335637399651132,58
4407,4,8468,8468,0,0,0,0,0.8851834121977206,0.7621656395524211,0.8851834121977206,0.7621656395524211,1.0,1,0.38838462461252937,58
4408,2,8470,8470,0,0,0,0,0.9052857595003754,0.7930318448341536,0.9052857595003754,0.7930318448341536,1.0,1,0.3732851198414258,59
4409,2,8472,8472,0,0,0,0,0.8668030261269403,0.7290130531548095,0.8668030261269403,0.7290130531548095,1.0,1,0.4145661609452611,59
4410,2,8474,8474,0,0,0,0,0.8343243211125586,0.684681772440031,0.8343243211125586,0.684681772440031,1.0,1,0.4476758656752374,59
4411,1,8475,8475,0,0,0,0,0.8423408862200156,0.684681772440031,0.8423408862200156,0.684681772440031,1.0,1,0.40053721811979687,62
4412,1,8476,8476,0,0,0,0,0.8605027445372845,0.7070557635282972,0.8605027445372845,0.7070557635282972,1.0,1,0.3795145038655912,63
4413,1,8477,8477,0,0,0,0,0.8729981489343618,0.7240994269953375,0.8729981489343618,0.7240994269953375,1.0,1,0.3737147237994586,63
4414,1,8478,8478,0,0,0,0,0.8530025109608809,0.7068563014812346,0.8530025109608809,0.7068563014812346,1.0,1,0.3831139066697531,64
4415,3,8481,8481,0,0,0,0,0.8679436843850793,0.7541097437011043,0.8679436843850793,0.7541097437011043,1.0,1,0.3521105671330582,64
4416,2,8483,8483,0,0,0,0,0.8617746862460699,0.7229147870172131,0.8617746862460699,0.7229147870172131,1.0,1,0.3603055146006368,64
4417,2,8485,8485,0,0,0,0,0.8500579266461251,0.754284539740825,0.8500579266461251,0.754284539740825,1.0,1,0.34925209532462703,65
4418,1,8486,8486,0,0,0,0,0.8628250482271707,0.754284539740825,0.8628250482271707,0.754284539740825,1.0,1,0.339053558551772,65
4419,0,8486,8486,0,0,0,0,0.8379807807294956,0.7238326683864046,0.8379807807294956,0.7238326683864046,1.0,1,0.40614389601238254,62
4420,1,8487,8487,0,0,0,0,0.8379807807294956,0.7238326683864046,0.8379807807294956,0.7238326683864046,1.0,1,0.40149620132540303,62
4421,2,8489,8489,0,0,0,0,0.8388745105246261,0.7034856243906834,0.8388745105246261,0.7034856243906834,1.0,1,0.37918843487865933,65
4422,0,8489,8489,0,0,0,0,0.8363569247515734,0.7034856243906834,0.8363569247515734,0.7034856243906834,1.0,1,0.39774493255973514,64
4423,2,8491,8491,0,0,0,0,0.8258024949958467,0.6681622545576462,0.8258024949958467,0.6681622545576462,1.0,1,0.4270117594446664,63
4424,2,8493,8493,0,0,0,0,0.8140275395152566,0.6449616663473081,0.8140275395152566,0.6449616663473081,1.0,1,0.4364404216945584,63
4425,4,8497,8497,0,0,0,0,0.8157367801457004,0.6482247620963373,0.8157367801457004,0.6482247620963373,1.0,1,0.4150778688001462,63
4426,2,8499,8499,0,0,0,0,0.8023298796646894,0.6337288946728068,0.8023298796646894,0.6337288946728068,1.0,1,0.40641142147487935,63
4427,4,8503,8503,0,0,0,0,0.8451566768333977,0.6903133536667955,0.8451566768333977,0.6903133536667955,1.0,1,0.3583505099642064,62
4428,3,8506,8506,0,0,0,0,0.8115428165104762,0.6516397517314864,0.8115428165104762,0.6516397517314864,1.0,1,0.375376364666474,61
4429,3,8509,8509,0,0,0,0,0.8451566768333977,0.6903133536667955,0.8451566768333977,0.6903133536667955,1.0,1,0.33684792931472723,62
4430,3,8512,8512,0,0,0,0,0.8075791478100565,0.6501439051091935,0.8075791478100565,0.6501439051091935,1.0,1,0.37287896109624596,60
4431,5,8517,8517,0,0,0,0,0.8372832875198416,0.6903133536667955,0.8372832875198416,0.6903133536667955,1.0,1,0.3324354669875193,59
4432,4,8521,8521,0,0,0,0,0.8486656642259406,0.6973313284518813,0.8486656642259406,0.6973313284518813,1.0,1,0.3164635083179685,60
4433,2,8523,8523,0,0,0,0,0.8854864490780592,0.7505240497772006,0.8854864490780592,0.7505240497772006,1.0,1,0.25880257575359716,61
4434,3,8526,8526,0,0,0,0,0.8854864490780592,0.7505240497772006,0.8854864490780592,0.7505240497772006,1.0,1,0.2569136337888642,61
4435,3,8529,8529,0,0,0,0,0.9005476803162391,0.7753114258996512,0.9005476803162391,0.7753114258996512,1.0,1,0.23448172970427453,61
4436,2,8531,8531,0,0,0,0,0.900547680316239,0.7753114258996512,0.900547680316239,0.7753114258996512,1.0,1,0.22076006979432464,61
4437,3,8534,8534,0,0,0,0,0.9368657039812612,0.8459523177142774,0.9368657039812612,0.8459523177142774,1.0,1,0.20924224316752962,61
4438,0,8534,8534,0,0,0,0,0.9378839990783376,0.8459523177142774,0.9378839990783376,0.8459523177142774,1.0,1,0.2032264253632313,62
4439,4,8538,8538,0,0,0,0,0.9095380592454808,0.7889221382394552,0.9095380592454808,0.7889221382394552,1.0,1,0.24308813046958022,63
4440,1,8539,8539,0,0,0,0,0.9109515270697701,0.7889221382394552,0.9109515270697701,0.7889221382394552,1.0,1,0.24565626172505395,64
4441,4,8543,8543,0,0,0,0,0.8902381410490154,0.749115750969178,0.8902381410490154,0.749115750969178,1.0,1,0.2698156980080442,64
4442,5,8548,8548,0,0,0,0,0.8668236410778135,0.7025727984071168,0.8668236410778135,0.7025727984071168,1.0,1,0.271291732143919,67
4443,4,8552,8552,0,0,0,0,0.8549085317321323,0.681734843799516,0.8549085317321323,0.681734843799516,1.0,1,0.2874799085622241,68
4444,3,8555,8555,0,0,0,0,0.841296867763574,0.6577963711152067,0.841296867763574,0.6577963711152067,1.0,1,0.30221029111248254,69
4445,3,8558,8558,0,0,0,0,0.8552464086586915,0.6684675811215194,0.8552464086586915,0.6684675811215194,1.0,1,0.2837951831192283,71
4446,1,8559,8559,0,0,0,0,0.8402209776716424,0.6454902942089565,0.8402209776716424,0.6454902942089565,1.0,1,0.30031633177492467,71
4447,4,8563,8563,0,0,0,0,0.8474072525963088,0.6566663183416948,0.8474072525963088,0.6566663183416948,1.0,1,0.2899120916776062,72
4448,3,8566,8566,0,0,0,0,0.8117762428322526,0.6069445070908802,0.8117762428322526,0.6069445070908802,1.0,1,0.34452117965987406,71
4449,1,8567,8567,0,0,0,0,0.8222539855557731,0.6229629996637611,0.8222539855557731,0.6229629996637611,1.0,1,0.3275547954498203,70
4450,0,8567,8567,0,0,0,0,0.8196779563609292,0.6229629996637611,0.8196779563609292,0.6229629996637611,1.0,1,0.3401327422375111,69
4451,1,8568,8568,0,0,0,0,0.8367492040221466,0.6479904711727535,0.8367492040221466,0.6479904711727535,1.0,1,0.3195103111930645,69
4452,2,8570,8570,0,0,0,0,0.8538060070476492,0.6698845320430789,0.8538060070476492,0.6698845320430789,1.0,1,0.27776528678892903,70
4453,2,8572,8572,0,0,0,0,0.8411484573332384,0.6525122504164588,0.8411484573332384,0.6525122504164588,1.0,1,0.28420707120183797,70
4454,6,8578,8578,0,0,0,0,0.8559576341421522,0.6700965169062196,0.8559576341421522,0.6700965169062196,1.0,1,0.26307154056245086,71
4455,2,8580,8580,0,0,0,0,0.8446136964274723,0.6552366389484541,0.8446136964274723,0.6552366389484541,1.0,1,0.27286266373412493,71
4456,6,8586,8586,0,0,0,0,0.8754661500120441,0.7052698883618377,0.8754661500120441,0.7052698883618377,1.0,1,0.2354115625315808,71
4457,4,8590,8590,0,0,0,0,0.8821751145531543,0.7196580311781946,0.8821751145531543,0.7196580311781946,1.0,1,0.23133061676521532,69
4458,7,8597,8597,0,0,0,0,0.9246379094064141,0.7971020637864995,0.9246379094064141,0.7971020637864995,1.0,1,0.2028070312778717,70
4459,1,8598,8598,0,0,0,0,0.906375890520942,0.7642059464971874,0.906375890520942,0.7642059464971874,1.0,1,0.22915606025510896,68
4460,3,8601,8601,0,0,0,0,0.9070377463276451,0.7658728426029582,0.9070377463276451,0.7658728426029582,1.0,1,0.22454814253857538,68
4461,0,8601,8601,0,0,0,0,0.9056502500041772,0.7658728426029582,0.9056502500041772,0.7658728426029582,1.0,1,0.2296273862084003,67
4462,2,8603,8603,0,0,0,0,0.934265531276672,0.8264610025704142,0.934265531276672,0.8264610025704142,1.0,1,0.21337712083257013,66
4463,0,8603,8603,0,0,0,0,0.9176453987690844,0.7941134969227108,0.9176453987690844,0.7941134969227108,1.0,1,0.2231761353452778,65
4464,2,8605,8605,0,0,0,0,0.9458098859227168,0.8600088719670183,0.9458098859227168,0.8600088719670183,1.0,1,0.2111380738039552,62
4465,2,8607,8607,0,0,0,0,0.9592632770096633,0.8919591259821504,0.9592632770096633,0.8919591259821504,1.0,1,0.20646255768794564,61
4466,3,8610,8610,0,0,0,0,0.9462319538054849,0.8655798845137119,0.9462319538054849,0.8655798845137119,1.0,1,0.21794371036375618,60
4467,3,8613,8613,0,0,0,0,0.9633238137262865,0.9075122259184618,0.9633238137262865,0.9075122259184618,1.0,1,0.21497441285607685,58
4468,0,8613,8613,0,0,0,0,0.9626803718618354,0.9075122259184618,0.9626803718618354,0.9075122259184618,1.0,1,0.21427565346367236,57
4469,3,8616,8616,0,0,0,0,0.9750740363704127,0.936552092579232,0.9750740363704127,0.936552092579232,1.0,1,0.21155210024619905,56
4470,1,8617,8617,0,0,0,0,0.9746208370316928,0.936552092579232,0.9746208370316928,0.936552092579232,1.0,1,0.22508410507408969,55
4471,2,8619,8619,0,0,0,0,0.9746208370316928,0.936552092579232,0.9746208370316928,0.936552092579232,1.0,1,0.23217101545472918,55
4472,2,8621,8621,0,0,0,0,0.9603309836193998,0.9051393086550865,0.9603309836193998,0.9051393086550865,1.0,1,0.253034480330297,55
4473,4,8625,8625,0,0,0,0,1.0,1.0,1.0,1.0,1.0,1,0.25402269416222306,55
4474,2,8627,8627,0,0,0,0,0.9755830689956285,0.9416116867286769,0.9755830689956285,0.9416116867286769,1.0,1,0.2767207670034942,55
4475,6,8633,8633,0,0,0,0,0.9767411015176715,0.9433696384778089,0.9767411015176715,0.9433696384778089,1.0,1,0.24310928739570845,56
4476,4,8637,8637,0,0,0,0,0.9623555509915421,0.9121629523135986,0.9623555509915421,0.9121629523135986,1.0,1,0.23031265813407578,56
4477,4,8641,8641,0,0,0,0,0.9080052942657447,0.8057889545610166,0.9080052942657447,0.8057889545610166,1.0,1,0.2720522889218111,57
4478,1,8642,8642,0,0,0,0,0.8909038056311267,0.7857039039182845,0.8909038056311267,0.7857039039182845,1.0,1,0.2979318421098573,55
4479,3,8645,8645,0,0,0,0,0.8915861396264141,0.787044202837599,0.8915861396264141,0.787044202837599,1.0,1,0.26353896777877783,55
4480,2,8647,8647,0,0,0,0,0.8660990583477989,0.7506672120959014,0.8660990583477989,0.7506672120959014,1.0,1,0.30294613015056737,54
4481,4,8651,8651,0,0,0,0,0.8654897706271064,0.7541709601116081,0.8654897706271064,0.7541709601116081,1.0,1,0.3248556449809841,53
4482,1,8652,8652,0,0,0,0,0.8679807008006785,0.7541709601116081,0.8679807008006785,0.7541709601116081,1.0,1,0.312463284304691,54
4483,3,8655,8655,0,0,0,0,0.8721088750108116,0.7574478663998151,0.8721088750108116,0.7574478663998151,1.0,1,0.303722642423604,55
4484,3,8658,8658,0,0,0,0,0.892807451220916,0.7817865971282933,0.892807451220916,0.7817865971282933,1.0,1,0.2546011848045824,57
4485,3,8661,8661,0,0,0,0,0.8755563692661151,0.7425304191712726,0.8755563692661151,0.7425304191712726,1.0,1,0.26457006674005623,60
4486,3,8664,8664,0,0,0,0,0.9086554475051066,0.7970121055669038,0.9086554475051066,0.7970121055669038,1.0,1,0.2535382751202972,60
4487,0,8664,8664,0,0,0,0,0.9086554475051067,0.7970121055669038,0.9086554475051067,0.7970121055669038,1.0,1,0.2535382751202972,60
4488,0,8664,8664,0,0,0,0,0.9086554475051067,0.7970121055669038,0.9086554475051067,0.7970121055669038,1.0,1,0.2535382751202972,60
4489,2,8666,8666,0,0,0,0,0.9262285700615219,0.8297582386035122,0.9262285700615219,0.8297582386035122,1.0,1,0.24906916976397367,60
4490,0,8666,8666,0,0,0,0,0.9262285700615219,0.8297582386035122,0.9262285700615219,0.8297582386035122,1.0,1,0.24906916976397367,60
4491,2,8668,8668,0,0,0,0,0.9148163439981255,0.8075480364402093,0.9148163439981255,0.8075480364402093,1.0,1,0.24917254079540868,61
4492,0,8668,8668,0,0,0,0,0.9148163439981255,0.8075480364402093,0.9148163439981255,0.8075480364402093,1.0,1,0.24917254079540868,61
4493,1,8669,8669,0,0,0,0,0.9133966163980942,0.8075480364402093,0.9133966163980942,0.8075480364402093,1.0,1,0.25266718157688284,60
4494,1,8670,8670,0,0,0,0,0.9270212012639404,0.8287805106577061,0.9270212012639404,0.8287805106577061,1.0,1,0.24128035396523467,61
4495,1,8671,8671,0,0,0,0,0.9379242858188804,0.853501314532558,0.9379242858188804,0.853501314532558,1.0,1,0.23882699246360722,59
4496,4,8675,8675,0,0,0,0,0.9394316556478467,0.8546359735548323,0.9394316556478467,0.8546359735548323,1.0,1,0.2575877633802131,60
4497,1,8676,8676,0,0,0,0,0.9588929377980343,0.8989451387535007,0.9588929377980343,0.8989451387535007,1.0,1,0.24712115414534325,59
4498,3,8679,8679,0,0,0,0,0.9716707807092324,0.9297928043663587,0.9716707807092324,0.9297928043663587,1.0,1,0.2461013616331779,57
4499,1,8680,8680,0,0,0,0,0.9721592155245905,0.9297928043663587,0.9721592155245905,0.9297928043663587,1.0,1,0.23551732357446076,58
4500,2,8682,8682,0,0,0,0,0.9720455251062253,0.931936930693418,0.9720455251062253,0.931936930693418,1.0,1,0.21856330592390583,56
4501,3,8685,8685,0,0,0,0,0.9725359544903266,0.931936930693418,0.9725359544903266,0.931936930693418,1.0,1,0.24507519653003093,57
4502,2,8687,8687,0,0,0,0,0.981743501147465,0.9555493940981757,0.981743501147465,0.9555493940981757,1.0,1,0.2399658455706327,56
4503,4,8691,8691,0,0,0,0,1.0,1.0,1.0,1.0,1.0,1,0.2170417574646524,54
4504,2,8693,8693,0,0,0,0,0.9823578347683091,0.9566965035222131,0.9823578347683091,0.9566965035222131,1.0,1,0.24185275620598692,54
4505,5,8698,8698,0,0,0,0,1.0,1.0,1.0,1.0,1.0,1,0.1639653850261429,51
4506,1,8699,8699,0,0,0,0,1.0,1.0,1.0,1.0,1.0,1,0.19603313682164156,49
4507,4,8703,8703,0,0,0,0,1.0,1.0,1.0,1.0,1.0,1,0.21004577165008512,48
4508,3,8706,8706,0,0,0,0,1.0,1.0,1.0,1.0,1.0,1,0.1807693748291663,48
4509,4,8710,8710,0,0,0,0,1.0,1.0,1.0,1.0,1.0,1,0.1953694004472153,46
4510,0,8710,8710,0,0,0,0,1.0,1.0,1.0,1.0,1.0,1,0.21615348684670255,44
4511,4,8714,8714,0,0,0,0,0.9276052195947984,0.8696893952706368,0.9276052195947984,0.8696893952706368,1.0,1,0.2932423516756842,45
4512,3,8717,8717,0,0,0,0,0.9291790191688244,0.8696893952706368,0.9291790191688244,0.8696893952706368,1.0,1,0.3424805766703998,46
4513,3,8720,8720,0,0,0,0,0.8998082025423944,0.8265911197849134,0.8998082025423944,0.8265911197849134,1.0,1,0.3608088006515195,45
4514,1,8721,8721,0,0,0,0,0.9236957074955161,0.8596001017917494,0.9236957074955161,0.8596001017917494,1.0,1,0.34813487811120414,46
4515,0,8721,8721,0,0,0,0,0.9096287425322594,0.8331607554441715,0.9096287425322594,0.8331607554441715,1.0,1,0.34578408819362094,48
4516,3,8724,8724,0,0,0,0,0.9104747800051758,0.8312793930866775,0.9104747800051758,0.8312793930866775,1.0,1,0.3398879449181568,49
4517,2,8726,8726,0,0,0,0,0.9047976871505955,0.8169186291357606,0.9047976871505955,0.8169186291357606,1.0,1,0.3429467192831164,50
4518,2,8728,8728,0,0,0,0,0.9152120252512859,0.8369462024063189,0.9152120252512859,0.8369462024063189,1.0,1,0.3305085565824854,50
4519,1,8729,8729,0,0,0,0,0.9370304799026273,0.8765797406091497,0.9370304799026273,0.8765797406091497,1.0,1,0.32009310861087437,49
4520,2,8731,8731,0,0,0,0,0.920458389584973,0.8470353645864865,0.920458389584973,0.8470353645864865,1.0,1,0.2969202571295998,50
4521,1,8732,8732,0,0,0,0,0.9409251589752405,0.8818503179504812,0.9409251589752405,0.8818503179504812,1.0,1,0.2870635249554997,50
4522,1,8733,8733,0,0,0,0,0.9409251589752406,0.8818503179504812,0.9409251589752406,0.8818503179504812,1.0,1,0.260970322387714,50
4523,1,8734,8734,0,0,0,0,0.956418337726789,0.9073889676694264,0.956418337726789,0.9073889676694264,1.0,1,0.2541618065113193,51
4524,1,8735,8735,0,0,0,0,0.9572564466166583,0.9073889676694264,0.9572564466166583,0.9073889676694264,1.0,1,0.21635301370190296,52
4525,2,8737,8737,0,0,0,0,1.0,1.0,1.0,1.0,1.0,1,0.1625541314517727,53
4526,1,8738,8738,0,0,0,0,0.9995920087188069,0.9989985668552533,0.9995920087188069,0.9989985668552533,1.0,1,0.16616456036355176,54
4527,2,8740,8740,0,0,0,0,0.9995994267421013,0.9989985668552533,0.9995994267421013,0.9989985668552533,1.0,1,0.15061501957836274,55
4528,1,8741,8741,0,0,0,0,0.9862910576308956,0.9672177465086633,0.9862910576308956,0.9672177465086633,1.0,1,0.15698163698411333,55
4529,1,8742,8742,0,0,0,0,0.9862910576308956,0.9672177465086633,0.9862910576308956,0.9672177465086633,1.0,1,0.17692142738404093,55
4530,4,8746,8746,0,0,0,0,0.9996065798359924,0.9989985668552533,0.9996065798359924,0.9989985668552533,1.0,1,0.18383016087382847,56
4531,1,8747,8747,0,0,0,0,0.9996065798359923,0.9989985668552533,0.9996065798359923,0.9989985668552533,1.0,1,0.21541949019303888,56
4532,3,8750,8750,0,0,0,0,0.971350868590062,0.9343457405188923,0.971350868590062,0.9343457405188923,1.0,1,0.2179212968811669,55
4533,4,8754,8754,0,0,0,0,1.0,1.0,1.0,1.0,1.0,1,0.20796912576809462,54
4534,4,8758,8758,0,0,0,0,0.9940718404169211,0.9851796010423027,0.9940718404169211,0.9851796010423027,1.0,1,0.20603875231968985,55
4535,4,8762,8762,0,0,0,0,1.0,1.0,1.0,1.0,1.0,1,0.23626898727371992,52
4536,2,8764,8764,0,0,0,0,1.0,1.0,1.0,1.0,1.0,1,0.20723794730508197,53
4537,6,8770,8770,0,0,0,0,1.0,1.0,1.0,1.0,1.0,1,0.10342864826517065,52
4538,2,8772,8772,0,0,0,0,1.0,1.0,1.0,1.0,1.0,1,0.1364407241654369,52
4539,1,8773,8773,0,0,0,0,1.0,1.0,1.0,1.0,1.0,1,0.1627894261855901,53
4540,2,8775,8775,0,0,0,0,1.0,1.0,1.0,1.0,1.0,1,0.1517227713492264,54
4541,1,8776,8776,0,0,0,0,1.0,1.0,1.0,1.0,1.0,1,0.14497342016335824,53
4542,1,8777,8777,0,0,0,0,1.0,1.0,1.0,1.0,1.0,1,0.16254049325174455,53
4543,4,8781,8781,0,0,0,0,1.0,1.0,1.0,1.0,1.0,1,0.23177181242153605,53
4544,1,8782,8782,0,0,0,0,1.0,1.0,1.0,1.0,1.0,1,0.2123217145947053,52
4545,4,8786,8786,0,0,0,0,0.9650084085836648,0.9239313230079669,0.9650084085836648,0.9239313230079669,1.0,1,0.30655806498336496,50
4546,2,8788,8788,0,0,0,0,0.9886089349218892,0.9746289914169348,0.9886089349218892,0.9746289914169348,1.0,1,0.28024293809556283,49
4547,3,8791,8791,0,0,0,0,0.9292780167388415,0.8613849128081293,0.9292780167388415,0.8613849128081293,1.0,1,0.3404212983693421,49
4548,2,8793,8793,0,0,0,0,0.9299208148671316,0.8626447971395779,0.9299208148671316,0.8626447971395779,1.0,1,0.35208138611871165,49
4549,3,8796,8796,0,0,0,0,0.9153629768864059,0.8372364940123191,0.9153629768864059,0.8372364940123191,1.0,1,0.3441298930689241,50
4550,1,8797,8797,0,0,0,0,0.9293410178800304,0.8615083950448594,0.9293410178800304,0.8615083950448594,1.0,1,0.33860129095892977,49
4551,0,8797,8797,0,0,0,0,0.9293410178800302,0.8615083950448594,0.9293410178800302,0.8615083950448594,1.0,1,0.33860129095892977,49
4552,0,8797,8797,0,0,0,0,0.9293410178800302,0.8615083950448594,0.9293410178800302,0.8615083950448594,1.0,1,0.33860129095892977,49
4553,5,8802,8802,0,0,0,0,0.9430373441749168,0.8883531945828369,0.9430373441749168,0.8883531945828369,1.0,1,0.31441369988234563,49
4554,0,8802,8802,0,0,0,0,0.9430373441749168,0.8883531945828369,0.9430373441749168,0.8883531945828369,1.0,1,0.31441369988234563,49
4555,1,8803,8803,0,0,0,0,0.9418506221785611,0.8883531945828369,0.9418506221785611,0.8883531945828369,1.0,1,0.3092620023105743,48
4556,0,8803,8803,0,0,0,0,0.9418506221785609,0.8883531945828369,0.9418506221785609,0.8883531945828369,1.0,1,0.3092620023105743,48
4557,1,8804,8804,0,0,0,0,0.9643162104557984,0.9271455963472552,0.9643162104557984,0.9271455963472552,1.0,1,0.2974122284285754,49
4558,2,8806,8806,0,0,0,0,0.9643162104557984,0.9271455963472552,0.9643162104557984,0.9271455963472552,1.0,1,0.2959974585765408,49
4559,0,8806,8806,0,0,0,0,0.9499615688793794,0.899923137758759,0.9499615688793794,0.899923137758759,1.0,1,0.29370570012180996,50
4560,0,8806,8806,0,0,0,0,0.9509427145876269,0.899923137758759,0.9509427145876269,0.899923137758759,1.0,1,0.29267582420794536,51
4561,2,8808,8808,0,0,0,0,0.9257591135662492,0.8515182271324981,0.9257591135662492,0.8515182271324981,1.0,1,0.29779365441953787,52
4562,2,8810,8810,0,0,0,0,0.9267223135970944,0.8506262546402309,0.9267223135970944,0.8506262546402309,1.0,1,0.2978981971977262,53
4563,0,8810,8810,0,0,0,0,0.9450961350733155,0.8857999609524959,0.9450961350733155,0.8857999609524959,1.0,1,0.28900285706317547,52
4564,4,8814,8814,0,0,0,0,0.9863136614431665,0.9678668573013474,0.9863136614431665,0.9678668573013474,1.0,1,0.22078583865879972,54
4565,0,8814,8814,0,0,0,0,0.968294269460209,0.9273410341796456,0.968294269460209,0.9273410341796456,1.0,1,0.23038382431995796,55
4566,2,8816,8816,0,0,0,0,0.9682942694602089,0.9273410341796456,0.9682942694602089,0.9273410341796456,1.0,1,0.20765716560865227,55
4567,1,8817,8817,0,0,0,0,0.9688604432198481,0.9273410341796456,0.9688604432198481,0.9273410341796456,1.0,1,0.21018145103738534,56
4568,3,8820,8820,0,0,0,0,0.9506595725215041,0.8855302082498894,0.9506595725215041,0.8855302082498894,1.0,1,0.2480481767635165,58
4569,0,8820,8820,0,0,0,0,0.951495850953343,0.8855302082498894,0.951495850953343,0.8855302082498894,1.0,1,0.2371886235527452,59
4570,3,8823,8823,0,0,0,0,0.9159312141132735,0.81629413454382,0.9159312141132735,0.81629413454382,1.0,1,0.26240905027972655,59
4571,2,8825,8825,0,0,0,0,0.9290959580925455,0.8445565235105803,0.9290959580925455,0.8445565235105803,1.0,1,0.2605556008478697,57
4572,1,8826,8826,0,0,0,0,0.948897414397272,0.8855302082498894,0.948897414397272,0.8855302082498894,1.0,1,0.2500721323874225,56
4573,1,8827,8827,0,0,0,0,0.948897414397272,0.8855302082498894,0.948897414397272,0.8855302082498894,1.0,1,0.2630972532682657,56
4574,1,8828,8828,0,0,0,0,0.9679734347244278,0.9266057879101469,0.9679734347244278,0.9266057879101469,1.0,1,0.24073576514057124,55
4575,1,8829,8829,0,0,0,0,0.9811732172309215,0.9549794325087252,0.9811732172309215,0.9549794325087252,1.0,1,0.2278938228466223,55
4576,1,8830,8830,0,0,0,0,0.9617470057972254,0.9123368882853083,0.9617470057972254,0.9123368882853083,1.0,1,0.24486156824571428,55
4577,2,8832,8832,0,0,0,0,0.9202617855053234,0.8343898622033641,0.9202617855053234,0.8343898622033641,1.0,1,0.2875689176472553,54
4578,1,8833,8833,0,0,0,0,0.90671437341493,0.81342874682986,0.90671437341493,0.81342874682986,1.0,1,0.3032748484219378,54
4579,5,8838,8838,0,0,0,0,0.86881188336913,0.7557186793770007,0.86881188336913,0.7557186793770007,1.0,1,0.3507197397651408,54
4580,1,8839,8839,0,0,0,0,0.8491067617956798,0.7233623966254128,0.8491067617956798,0.7233623966254128,1.0,1,0.36054699765478865,55
4581,2,8841,8841,0,0,0,0,0.8185377165864663,0.682441004026316,0.8185377165864663,0.682441004026316,1.0,1,0.3918281965068241,56
4582,2,8843,8843,0,0,0,0,0.7801857456555404,0.6379529928444196,0.7801857456555404,0.6379529928444196,1.0,1,0.4196578013659097,56
4583,0,8843,8843,0,0,0,0,0.7840421360826363,0.6379529928444196,0.7840421360826363,0.6379529928444196,1.0,1,0.4085869207572077,57
4584,0,8843,8843,0,0,0,0,0.7840421360826363,0.6379529928444196,0.7840421360826363,0.6379529928444196,1.0,1,0.4080565156637347,57
4585,0,8843,8843,0,0,0,0,0.7840421360826364,0.6379529928444196,0.7840421360826364,0.6379529928444196,1.0,1,0.4080565156637347,57
4586,1,8844,8844,0,0,0,0,0.7840421360826363,0.6379529928444196,0.7840421360826363,0.6379529928444196,1.0,1,0.41408045018902734,57
4587,0,8844,8844,0,0,0,0,0.7840421360826363,0.6379529928444196,0.7840421360826363,0.6379529928444196,1.0,1,0.41408045018902734,57
4588,0,8844,8844,0,0,0,0,0.7877655475294874,0.6379529928444196,0.7877655475294874,0.6379529928444196,1.0,1,0.40199773952261203,58
4589,0,8844,8844,0,0,0,0,0.7913627416391571,0.6379529928444196,0.7913627416391571,0.6379529928444196,1.0,1,0.3986134270290468,59
4590,1,8845,8845,0,0,0,0,0.7655801398448006,0.6093002330746674,0.7655801398448006,0.6093002330746674,1.0,1,0.4158942154790348,60
4591,0,8845,8845,0,0,0,0,0.7694230883719348,0.6093002330746674,0.7694230883719348,0.6093002330746674,1.0,1,0.4044539575169663,61
4592,1,8846,8846,0,0,0,0,0.7731420708175488,0.6093002330746674,0.7731420708175488,0.6093002330746674,1.0,1,0.3813604542619038,62
4593,3,8849,8849,0,0,0,0,0.7939468240907428,0.6232170497659297,0.7939468240907428,0.6232170497659297,1.0,1,0.3419789643377046,64
4594,2,8851,8851,0,0,0,0,0.7790444081018852,0.6071900588477961,0.7790444081018852,0.6071900588477961,1.0,1,0.3386687926690271,64
4595,1,8852,8852,0,0,0,0,0.7906761387588498,0.6232170497659297,0.7906761387588498,0.6232170497659297,1.0,1,0.3241727989879405,63
4596,2,8854,8854,0,0,0,0,0.8095242857992385,0.6470597060397654,0.8095242857992385,0.6470597060397654,1.0,1,0.2984299341029006,63
4597,2,8856,8856,0,0,0,0,0.7944169317002732,0.6299504770604917,0.7944169317002732,0.6299504770604917,1.0,1,0.32255266315799697,63
4598,2,8858,8858,0,0,0,0,0.8153850770054156,0.6470597060397654,0.8153850770054156,0.6470597060397654,1.0,1,0.30413968079723164,65
4599,1,8859,8859,0,0,0,0,0.818182272808364,0.6470597060397654,0.818182272808364,0.6470597060397654,1.0,1,0.304166479998766,66
4600,3,8862,8862,0,0,0,0,0.7869058315623809,0.6034080754077644,0.7869058315623809,0.6034080754077644,1.0,1,0.3471046379920316,67
4601,0,8862,8862,0,0,0,0,0.7869058315623808,0.6034080754077644,0.7869058315623808,0.6034080754077644,1.0,1,0.3471046379920316,67
4602,2,8864,8864,0,0,0,0,0.8092209890048134,0.6238928068952038,0.8092209890048134,0.6238928068952038,1.0,1,0.3463319764112545,69
4603,2,8866,8866,0,0,0,0,0.7962297045370894,0.6094402670294214,0.7962297045370894,0.6094402670294214,1.0,1,0.3654764337980889,69
4604,1,8867,8867,0,0,0,0,0.7962297045370895,0.6094402670294214,0.7962297045370895,0.6094402670294214,1.0,1,0.38217935483530435,69
4605,2,8869,8869,0,0,0,0,0.810565478914579,0.6211309578291581,0.810565478914579,0.6211309578291581,1.0,1,0.358789249350293,70
4606,0,8869,8869,0,0,0,0,0.810565478914579,0.6211309578291581,0.810565478914579,0.6211309578291581,1.0,1,0.358789249350293,70
4607,2,8871,8871,0,0,0,0,0.8158275489447296,0.6211309578291581,0.8158275489447296,0.6211309578291581,1.0,1,0.35585917598261874,72
4608,1,8872,8872,0,0,0,0,0.7921872484165863,0.5899910576867783,0.7921872484165863,0.5899910576867783,1.0,1,0.3676197326145233,73
4609,2,8874,8874,0,0,0,0,0.7779518454825228,0.5792771809142537,0.7779518454825228,0.5792771809142537,1.0,1,0.3677017028841588,72
4610,3,8877,8877,0,0,0,0,0.8209044723064842,0.6315749144590532,0.8209044723064842,0.6315749144590532,1.0,1,0.338095537225164,72
4611,4,8881,8881,0,0,0,0,0.7777354650037168,0.5847162635595762,0.7777354650037168,0.5847162635595762,1.0,1,0.35069632631709596,71
4612,1,8882,8882,0,0,0,0,0.7578929232602156,0.5654488366209,0.7578929232602156,0.5654488366209,1.0,1,0.36154175308817055,70
4613,2,8884,8884,0,0,0,0,0.7245617629141551,0.5364576010018708,0.7245617629141551,0.5364576010018708,1.0,1,0.3790365993107612,69
4614,3,8887,8887,0,0,0,0,0.7056586225625581,0.523447293672713,0.7056586225625581,0.523447293672713,1.0,1,0.40423219434720253,68
4615,2,8889,8889,0,0,0,0,0.7096456488608844,0.5299024791080986,0.7096456488608844,0.5299024791080986,1.0,1,0.40558404619615956,68
4616,3,8892,8892,0,0,0,0,0.6656551001299335,0.5060813979192198,0.6656551001299335,0.5060813979192198,1.0,1,0.48350754234401483,65
4617,1,8893,8893,0,0,0,0,0.686897291874562,0.5194237503190954,0.686897291874562,0.5194237503190954,1.0,1,0.4546908185787151,66
4618,1,8894,8894,0,0,0,0,0.7046633806193536,0.5358995981161272,0.7046633806193536,0.5358995981161272,1.0,1,0.4515415512015961,66
4619,3,8897,8897,0,0,0,0,0.7189471603803465,0.5544284249932322,0.7189471603803465,0.5544284249932322,1.0,1,0.43870544332334005,65
4620,3,8900,8900,0,0,0,0,0.717141269917943,0.5515654279186902,0.717141269917943,0.5515654279186902,1.0,1,0.4515525581987099,65
4621,3,8903,8903,0,0,0,0,0.6912987589555448,0.5190003918609652,0.6912987589555448,0.5190003918609652,1.0,1,0.44829068272932676,67
4622,4,8907,8907,0,0,0,0,0.6647287721201537,0.5047129588138636,0.6647287721201537,0.5047129588138636,1.0,1,0.46535294122704696,65
4623,5,8912,8912,0,0,0,0,0.7186990177037282,0.5471740284986845,0.7186990177037282,0.5471740284986845,1.0,1,0.41151090380059113,66
4624,1,8913,8913,0,0,0,0,0.7143713102837855,0.5471740284986845,0.7143713102837855,0.5471740284986845,1.0,1,0.39775591951400413,65
4625,8,8921,8921,0,0,0,0,0.7584785114212471,0.5932269666042057,0.7584785114212471,0.5932269666042057,1.0,1,0.3383988854112873,64
4626,2,8923,8923,0,0,0,0,0.7844169132290661,0.6227295981508658,0.7844169132290661,0.6227295981508658,1.0,1,0.33307252320603237,63
4627,3,8926,8926,0,0,0,0,0.8043706064783546,0.6366882691740872,0.8043706064783546,0.6366882691740872,1.0,1,0.3080671180592875,65
4628,1,8927,8927,0,0,0,0,0.8013138972045789,0.6366882691740872,0.8013138972045789,0.6366882691740872,1.0,1,0.3299639884836143,64
4629,1,8928,8928,0,0,0,0,0.8160557362708429,0.6537519741568809,0.8160557362708429,0.6537519741568809,1.0,1,0.3305627038841759,64
4630,0,8928,8928,0,0,0,0,0.8160557362708429,0.6537519741568809,0.8160557362708429,0.6537519741568809,1.0,1,0.3305627038841759,64
4631,2,8930,8930,0,0,0,0,0.7742593711313718,0.5973275268829875,0.7742593711313718,0.5973275268829875,1.0,1,0.3807499072558216,66
4632,0,8930,8930,0,0,0,0,0.7707864383795467,0.5973275268829875,0.7707864383795467,0.5973275268829875,1.0,1,0.4000486462598491,65
4633,2,8932,8932,0,0,0,0,0.7575976950339537,0.5789854703221302,0.7575976950339537,0.5789854703221302,1.0,1,0.40939870699609165,66
4634,3,8935,8935,0,0,0,0,0.7872338906282617,0.6099287994851463,0.7872338906282617,0.6099287994851463,1.0,1,0.3734277065367952,66
4635,2,8937,8937,0,0,0,0,0.770430288853459,0.5904972720088727,0.770430288853459,0.5904972720088727,1.0,1,0.3842264431706336,66
4636,0,8937,8937,0,0,0,0,0.7704302888534591,0.5904972720088727,0.7704302888534591,0.5904972720088727,1.0,1,0.3842264431706336,66
4637,1,8938,8938,0,0,0,0,0.7942085864893962,0.6112828855910817,0.7942085864893962,0.6112828855910817,1.0,1,0.3499230995284287,68
4638,2,8940,8940,0,0,0,0,0.7942085864893961,0.6112828855910817,0.7942085864893961,0.6112828855910817,1.0,1,0.35782062747988086,68
4639,1,8941,8941,0,0,0,0,0.8116212334568335,0.6286247173863286,0.8116212334568335,0.6286247173863286,1.0,1,0.3418561947435271,69
4640,3,8944,8944,0,0,0,0,0.7825451022863401,0.5944760015610127,0.7825451022863401,0.5944760015610127,1.0,1,0.3492670023789286,69
4641,1,8945,8945,0,0,0,0,0.7996987532519122,0.6105253535453848,0.7996987532519122,0.6105253535453848,1.0,1,0.3340262729488638,70
4642,1,8946,8946,0,0,0,0,0.7967958366323747,0.6105253535453848,0.7967958366323747,0.6105253535453848,1.0,1,0.36597928598414176,69
4643,1,8947,8947,0,0,0,0,0.7996987532519122,0.6105253535453848,0.7996987532519122,0.6105253535453848,1.0,1,0.3539523114038659,70
4644,0,8947,8947,0,0,0,0,0.7967958366323747,0.6105253535453848,0.7967958366323747,0.6105253535453848,1.0,1,0.3683021885964569,69
4645,5,8952,8952,0,0,0,0,0.7843020294435861,0.5919227584067845,0.7843020294435861,0.5919227584067845,1.0,1,0.35265839573262525,70
4646,1,8953,8953,0,0,0,0,0.7928733691460608,0.6087608083870037,0.7928733691460608,0.6087608083870037,1.0,1,0.36593891632843073,68
4647,3,8956,8956,0,0,0,0,0.7935228648236974,0.6099876335558727,0.7935228648236974,0.6099876335558727,1.0,1,0.33853556607320834,68
4648,2,8958,8958,0,0,0,0,0.75457386197951,0.5672749671743994,0.75457386197951,0.5672749671743994,1.0,1,0.3909128183405955,67
4649,4,8962,8962,0,0,0,0,0.8227485474354337,0.6507103728874722,0.8227485474354337,0.6507103728874722,1.0,1,0.31731138926654123,67
4650,2,8964,8964,0,0,0,0,0.8073166313871412,0.631148980083956,0.8073166313871412,0.631148980083956,1.0,1,0.30151181046599157,67
4651,1,8965,8965,0,0,0,0,0.8101502103373304,0.631148980083956,0.8101502103373304,0.631148980083956,1.0,1,0.2789900062069985,68
4652,3,8968,8968,0,0,0,0,0.801610403634906,0.6258939039972513,0.801610403634906,0.6258939039972513,1.0,1,0.3133034789169208,66
4653,2,8970,8970,0,0,0,0,0.8118400101988775,0.6458164897861223,0.8118400101988775,0.6458164897861223,1.0,1,0.32739554329297366,64
4654,3,8973,8973,0,0,0,0,0.7960490708381679,0.6212339886994546,0.7960490708381679,0.6212339886994546,1.0,1,0.3281135543665497,65
4655,3,8976,8976,0,0,0,0,0.7928623375700142,0.6212339886994546,0.7928623375700142,0.6212339886994546,1.0,1,0.3670389479589701,64
4656,2,8978,8978,0,0,0,0,0.792397834732081,0.6144531216452933,0.792397834732081,0.6144531216452933,1.0,1,0.3680882278713091,65
4657,3,8981,8981,0,0,0,0,0.7566395316149812,0.5773212917523357,0.7566395316149812,0.5773212917523357,1.0,1,0.38680092428835305,66
4658,1,8982,8982,0,0,0,0,0.7376550480567413,0.5627584134279023,0.7376550480567413,0.5627584134279023,1.0,1,0.41213905957283314,65
4659,3,8985,8985,0,0,0,0,0.7627854572578084,0.5832717492366905,0.7627854572578084,0.5832717492366905,1.0,1,0.39803821217828605,65
4660,0,8985,8985,0,0,0,0,0.7663796169963265,0.5832717492366905,0.7663796169963265,0.5832717492366905,1.0,1,0.3884166563818891,66
4661,2,8987,8987,0,0,0,0,0.7523779568826091,0.5699196093224262,0.7523779568826091,0.5699196093224262,1.0,1,0.4113239200439728,66
4662,0,8987,8987,0,0,0,0,0.7435582212258087,0.5528707447014102,0.7435582212258087,0.5528707447014102,1.0,1,0.40411769384549245,68
4663,3,8990,8990,0,0,0,0,0.753525867649622,0.5654271876980177,0.753525867649622,0.5654271876980177,1.0,1,0.37697995761496766,67
4664,1,8991,8991,0,0,0,0,0.7693459399372202,0.5823291344809123,0.7693459399372202,0.5823291344809123,1.0,1,0.36692258669091365,67
4665,4,8995,8995,0,0,0,0,0.8019260985762111,0.6208299601316041,0.8019260985762111,0.6208299601316041,1.0,1,0.33985272424191243,67
4666,0,8995,8995,0,0,0,0,0.8019260985762112,0.6208299601316041,0.8019260985762112,0.6208299601316041,1.0,1,0.34925958808407653,67
4667,2,8997,8997,0,0,0,0,0.8273396847699397,0.6546793695398794,0.8273396847699397,0.6546793695398794,1.0,1,0.3305578998443915,66
4668,1,8998,8998,0,0,0,0,0.8273396847699397,0.6546793695398794,0.8273396847699397,0.6546793695398794,1.0,1,0.34213216844827643,66
4669,3,9001,9001,0,0,0,0,0.8392716493746991,0.6684977768353169,0.8392716493746991,0.6684977768353169,1.0,1,0.35235387158488773,66
4670,1,9002,9002,0,0,0,0,0.8211573527939051,0.6531536539033312,0.8211573527939051,0.6531536539033312,1.0,1,0.38189289476826704,64
4671,3,9005,9005,0,0,0,0,0.8318225390521282,0.6636450781042564,0.8318225390521282,0.6636450781042564,1.0,1,0.36360078574492977,64
4672,3,9008,9008,0,0,0,0,0.8201668866170705,0.6512327498028033,0.8201668866170705,0.6512327498028033,1.0,1,0.3761897983350276,64
4673,3,9011,9011,0,0,0,0,0.8487639207615039,0.6828920919192825,0.8487639207615039,0.6828920919192825,1.0,1,0.3296396425449957,65
4674,1,9012,9012,0,0,0,0,0.8690715136600635,0.7119573300521396,0.8690715136600635,0.7119573300521396,1.0,1,0.30070109371196935,66
4675,3,9015,9015,0,0,0,0,0.8793367052739802,0.7295477876830593,0.8793367052739802,0.7295477876830593,1.0,1,0.3194983384721957,65
4676,1,9016,9016,0,0,0,0,0.8983055953459068,0.7639237034815696,0.8983055953459068,0.7639237034815696,1.0,1,0.296984312968632,65
4677,2,9018,9018,0,0,0,0,0.8784493342701278,0.7275588526744245,0.8784493342701278,0.7275588526744245,1.0,1,0.3099660616124398,65
4678,1,9019,9019,0,0,0,0,0.8765501051180986,0.7275588526744245,0.8765501051180986,0.7275588526744245,1.0,1,0.3152603960471686,64
4679,3,9022,9022,0,0,0,0,0.8343453821163247,0.6583373506149197,0.8343453821163247,0.6583373506149197,1.0,1,0.34393795243886255,66
4680,1,9023,9023,0,0,0,0,0.8222157810681733,0.639044161562655,0.8222157810681733,0.639044161562655,1.0,1,0.3495528824313661,67
4681,2,9025,9025,0,0,0,0,0.8092741981659503,0.6241579787387844,0.8092741981659503,0.6241579787387844,1.0,1,0.3502803025350288,67
4682,3,9028,9028,0,0,0,0,0.793980521474705,0.6056198553944354,0.793980521474705,0.6056198553944354,1.0,1,0.3880530270205168,67
4683,5,9033,9033,0,0,0,0,0.7780956763363972,0.5870113976260726,0.7780956763363972,0.5870113976260726,1.0,1,0.3820268894322592,67
4684,4,9037,9037,0,0,0,0,0.7422161168682344,0.5522700977185124,0.7422161168682344,0.5522700977185124,1.0,1,0.43559953193683937,66
4685,4,9041,9041,0,0,0,0,0.7715422412355311,0.5875068244530421,0.7715422412355311,0.5875068244530421,1.0,1,0.402967081944384,65
4686,5,9046,9046,0,0,0,0,0.768715227313473,0.5824024937604373,0.768715227313473,0.5824024937604373,1.0,1,0.4165826757222406,65
4687,3,9049,9049,0,0,0,0,0.749193683818384,0.5593943094106747,0.749193683818384,0.5593943094106747,1.0,1,0.42000762461973984,65
4688,3,9052,9052,0,0,0,0,0.7459504326801589,0.5605629105818966,0.7459504326801589,0.5605629105818966,1.0,1,0.4199345349048451,64
4689,4,9056,9056,0,0,0,0,0.750790830812829,0.5622001081846999,0.750790830812829,0.5622001081846999,1.0,1,0.41609875441522454,65
4690,3,9059,9059,0,0,0,0,0.7727592019423579,0.5909665634962444,0.7727592019423579,0.5909665634962444,1.0,1,0.38472622697996905,63
4691,1,9060,9060,0,0,0,0,0.7889050908003278,0.602644876800617,0.7889050908003278,0.602644876800617,1.0,1,0.3713534844417002,64
4692,2,9062,9062,0,0,0,0,0.7855543779558884,0.602644876800617,0.7855543779558884,0.602644876800617,1.0,1,0.3822487996188024,63
4693,0,9062,9062,0,0,0,0,0.7734754518443577,0.5857836833725397,0.7734754518443577,0.5857836833725397,1.0,1,0.38815633421620827,64
4694,3,9065,9065,0,0,0,0,0.8015280686650494,0.6210990401787305,0.8015280686650494,0.6210990401787305,1.0,1,0.3740795696562553,63
4695,2,9067,9067,0,0,0,0,0.8293430330354677,0.6586860660709355,0.8293430330354677,0.6586860660709355,1.0,1,0.36536812545457303,62
4696,1,9068,9068,0,0,0,0,0.8419960269468847,0.6787252547919989,0.8419960269468847,0.6787252547919989,1.0,1,0.36923631526139616,61
4697,2,9070,9070,0,0,0,0,0.847012026091428,0.6787252547919989,0.847012026091428,0.6787252547919989,1.0,1,0.3349114212060283,63
4698,3,9073,9073,0,0,0,0,0.8652380380043703,0.7072412549750111,0.8652380380043703,0.7072412549750111,1.0,1,0.3128837970889554,63
4699,1,9074,9074,0,0,0,0,0.8669151700902764,0.7017064157195849,0.8669151700902764,0.7017064157195849,1.0,1,0.3022002644156447,65
4700,0,9074,9074,0,0,0,0,0.8648357196229369,0.7017064157195849,0.8648357196229369,0.7017064157195849,1.0,1,0.3150909863753148,64
4701,2,9076,9076,0,0,0,0,0.8401870388125713,0.6700635640001472,0.8401870388125713,0.6700635640001472,1.0,1,0.33206464705419464,64
4702,1,9077,9077,0,0,0,0,0.845029855818251,0.6700635640001472,0.845029855818251,0.6700635640001472,1.0,1,0.3280790078633453,66
4703,1,9078,9078,0,0,0,0,0.8260748356294099,0.6467145098722389,0.8260748356294099,0.6467145098722389,1.0,1,0.34648540630222485,65
4704,3,9081,9081,0,0,0,0,0.8238671397074282,0.6477342794148563,0.8238671397074282,0.6477342794148563,1.0,1,0.3523816169717306,64
4705,1,9082,9082,0,0,0,0,0.8279249893545466,0.6504726346264227,0.8279249893545466,0.6504726346264227,1.0,1,0.35868653640927095,65
4706,0,9082,9082,0,0,0,0,0.8279249893545465,0.6504726346264227,0.8279249893545465,0.6504726346264227,1.0,1,0.35838386759364466,65
4707,3,9085,9085,0,0,0,0,0.8419454551758893,0.678792376647775,0.8419454551758893,0.678792376647775,1.0,1,0.37922964543288745,63
4708,0,9085,9085,0,0,0,0,0.8393961883238875,0.678792376647775,0.8393961883238875,0.678792376647775,1.0,1,0.3810710972884643,62
4709,2,9087,9087,0,0,0,0,0.8495363130329533,0.6940571698336715,0.8495363130329533,0.6940571698336715,1.0,1,0.3602134815222719,61
4710,0,9087,9087,0,0,0,0,0.8470285849168359,0.6940571698336715,0.8470285849168359,0.6940571698336715,1.0,1,0.3614674425141492,60
4711,0,9087,9087,0,0,0,0,0.8444358490679686,0.6940571698336715,0.8444358490679686,0.6940571698336715,1.0,1,0.3634227540843836,59
4712,0,9087,9087,0,0,0,0,0.8417537085346577,0.6940571698336715,0.8417537085346577,0.6940571698336715,1.0,1,0.36464848758944873,58
4713,5,9092,9092,0,0,0,0,0.8193743943628636,0.6620553184853578,0.8193743943628636,0.6620553184853578,1.0,1,0.40466099246236303,58
4714,0,9092,9092,0,0,0,0,0.8162055240885279,0.6620553184853578,0.8162055240885279,0.6620553184853578,1.0,1,0.4080280996474244,57
4715,6,9098,9098,0,0,0,0,0.8040427730068823,0.650951189418509,0.8040427730068823,0.650951189418509,1.0,1,0.4103902372165528,57
4716,5,9103,9103,0,0,0,0,0.8355066579096823,0.6984288728344176,0.8355066579096823,0.6984288728344176,1.0,1,0.3729211729353311,55
4717,2,9105,9105,0,0,0,0,0.8412783541233777,0.6984288728344176,0.8412783541233777,0.6984288728344176,1.0,1,0.32421417252898593,57
4718,1,9106,9106,0,0,0,0,0.8182334293914045,0.6716474853522145,0.8182334293914045,0.6716474853522145,1.0,1,0.35522152878844754,56
4719,3,9109,9109,0,0,0,0,0.7773358224641401,0.6221456381209651,0.7773358224641401,0.6221456381209651,1.0,1,0.38959009258250993,56
4720,1,9110,9110,0,0,0,0,0.7812422115437168,0.6221456381209651,0.7812422115437168,0.6221456381209651,1.0,1,0.37782723522787376,57
4721,1,9111,9111,0,0,0,0,0.7812422115437168,0.6221456381209651,0.7812422115437168,0.6221456381209651,1.0,1,0.3673215083977326,57
4722,1,9112,9112,0,0,0,0,0.7812422115437168,0.6221456381209651,0.7812422115437168,0.6221456381209651,1.0,1,0.3622287172158722,57
4723,1,9113,9113,0,0,0,0,0.7476386242932238,0.5890114738489645,0.7476386242932238,0.5890114738489645,1.0,1,0.4274009266379159,57
4724,3,9116,9116,0,0,0,0,0.7593423239596477,0.5965444842852918,0.7593423239596477,0.5965444842852918,1.0,1,0.44379122262047416,57
4725,1,9117,9117,0,0,0,0,0.7627747447543497,0.602298836794057,0.7627747447543497,0.602298836794057,1.0,1,0.4312186442572165,57
4726,3,9120,9120,0,0,0,0,0.8143664602507229,0.6586738140093938,0.8143664602507229,0.6586738140093938,1.0,1,0.38624116451718565,57
4727,1,9121,9121,0,0,0,0,0.8305411574417295,0.6836768272245618,0.8305411574417295,0.6836768272245618,1.0,1,0.39076988238779625,56
4728,1,9122,9122,0,0,0,0,0.854417428193795,0.7138549450705622,0.854417428193795,0.7138549450705622,1.0,1,0.3674492839391793,57
4729,3,9125,9125,0,0,0,0,0.869876521488035,0.7397530429760698,0.869876521488035,0.7397530429760698,1.0,1,0.3689615470844141,56
4730,1,9126,9126,0,0,0,0,0.8506629998819405,0.7219242066767166,0.8506629998819405,0.7219242066767166,1.0,1,0.41455579999227193,54
4731,2,9128,9128,0,0,0,0,0.8843944652321972,0.7687889304643943,0.8843944652321972,0.7687889304643943,1.0,1,0.4044149184828675,54
4732,1,9129,9129,0,0,0,0,0.8824557888655133,0.7649115777310265,0.8824557888655133,0.7649115777310265,1.0,1,0.4065273150969131,54
4733,2,9131,9131,0,0,0,0,0.9160977539323331,0.8154150586511327,0.9160977539323331,0.8154150586511327,1.0,1,0.38251058337326643,55
4734,3,9134,9134,0,0,0,0,0.9302903917821784,0.8921027223418325,0.9302903917821784,0.8921027223418325,1.0,1,0.3524168403104523,56
4735,1,9135,9135,0,0,0,0,0.9295309431711657,0.9037470433521483,0.9295309431711657,0.9037470433521483,1.0,1,0.3496720947076471,56
4736,0,9135,9135,0,0,0,0,0.916102828215521,0.8708064103746599,0.916102828215521,0.8708064103746599,1.0,1,0.3425918875162665,58
4737,2,9137,9137,0,0,0,0,0.9166552587099714,0.8325513224532551,0.9166552587099714,0.8325513224532551,1.0,1,0.3477635015787303,59
4738,0,9137,9137,0,0,0,0,0.8985451598153141,0.7954216188450063,0.8985451598153141,0.7954216188450063,1.0,1,0.3556973184110905,60
4739,2,9139,9139,0,0,0,0,0.8851647473184554,0.7594224710475999,0.8851647473184554,0.7594224710475999,1.0,1,0.3731099065397272,60
4740,0,9139,9139,0,0,0,0,0.8851647473184554,0.7594224710475999,0.8851647473184554,0.7594224710475999,1.0,1,0.3731099065397272,60
4741,1,9140,9140,0,0,0,0,0.8924966372390363,0.7712942579216675,0.8924966372390363,0.7712942579216675,1.0,1,0.3463824478535547,61
4742,0,9140,9140,0,0,0,0,0.8924966372390364,0.7712942579216675,0.8924966372390364,0.7712942579216675,1.0,1,0.3463824478535547,61
4743,1,9141,9141,0,0,0,0,0.8941780630460888,0.7732387065273333,0.8941780630460888,0.7732387065273333,1.0,1,0.3469953923279769,60
4744,2,9143,9143,0,0,0,0,0.9074158132924164,0.7942573628720363,0.9074158132924164,0.7942573628720363,1.0,1,0.3135061437820856,60
4745,1,9144,9144,0,0,0,0,0.9035288646789149,0.7891927042983694,0.9035288646789149,0.7891927042983694,1.0,1,0.3157698000509444,59
4746,1,9145,9145,0,0,0,0,0.9242659515604387,0.8281419670025338,0.9242659515604387,0.8281419670025338,1.0,1,0.28419783289918527,59
4747,4,9149,9149,0,0,0,0,0.9193526957431729,0.8200944751193857,0.9193526957431729,0.8200944751193857,1.0,1,0.2925308720638792,58
4748,2,9151,9151,0,0,0,0,0.9548305607929316,0.8908405219162514,0.9548305607929316,0.8908405219162514,1.0,1,0.2648492495657688,58
4749,2,9153,9153,0,0,0,0,0.944922359285115,0.8668957016056944,0.944922359285115,0.8668957016056944,1.0,1,0.28983739694014354,58
4750,2,9155,9155,0,0,0,0,0.9606409482571686,0.9065331249432486,0.9606409482571686,0.9065331249432486,1.0,1,0.2965528972107382,56
4751,2,9157,9157,0,0,0,0,0.8987335892674297,0.818608059795635,0.8987335892674297,0.818608059795635,1.0,1,0.3463870677056326,58
4752,1,9158,9158,0,0,0,0,0.9048260092441964,0.7986704041704155,0.9048260092441964,0.7986704041704155,1.0,1,0.3814092065831864,55
4753,1,9159,9159,0,0,0,0,0.9218314480189451,0.8376535532319513,0.9218314480189451,0.8376535532319513,1.0,1,0.3704802975830626,55
4754,1,9160,9160,0,0,0,0,0.9327013923245348,0.8797243302939238,0.9327013923245348,0.8797243302939238,1.0,1,0.35906045267837067,54
4755,5,9165,9165,0,0,0,0,0.9432003702834466,0.8751208919062474,0.9432003702834466,0.8751208919062474,1.0,1,0.3478031323002561,54
4756,5,9170,9170,0,0,0,0,0.9207387030494032,0.8287955985867108,0.9207387030494032,0.8287955985867108,1.0,1,0.35158585197380354,54
4757,3,9173,9173,0,0,0,0,0.9537690815346802,0.8934678835364372,0.9537690815346802,0.8934678835364372,1.0,1,0.3113038406048983,53
4758,4,9177,9177,0,0,0,0,0.9444108599696972,0.8772406490997482,0.9444108599696972,0.8772406490997482,1.0,1,0.3160858446942613,53
4759,3,9180,9180,0,0,0,0,0.9768590823541557,0.9442514256713754,0.9768590823541557,0.9442514256713754,1.0,1,0.27579047350497593,53
4760,2,9182,9182,0,0,0,0,0.9638507430813353,0.9166995384048163,0.9638507430813353,0.9166995384048163,1.0,1,0.2699355260600249,53
4761,5,9187,9187,0,0,0,0,0.9566921860531996,0.9020866815115816,0.9566921860531996,0.9020866815115816,1.0,1,0.26407242577823087,52
4762,4,9191,9191,0,0,0,0,0.980863450265439,0.9530284688333501,0.980863450265439,0.9530284688333501,1.0,1,0.2522062095015055,54
4763,3,9194,9194,0,0,0,0,1.0,1.0,1.0,1.0,1.0,1,0.2139273428953804,54
4764,3,9197,9197,0,0,0,0,1.0,1.0,1.0,1.0,1.0,1,0.20013655061893512,55
4765,1,9198,9198,0,0,0,0,1.0,1.0,1.0,1.0,1.0,1,0.21981299149307149,56
4766,0,9198,9198,0,0,0,0,1.0,1.0,1.0,1.0,1.0,1,0.19139423829573657,58
4767,1,9199,9199,0,0,0,0,0.9706049513989807,0.9174139110733267,0.9706049513989807,0.9174139110733267,1.0,1,0.20960872775063846,59
4768,0,9199,9199,0,0,0,0,0.9710948688756643,0.9174139110733267,0.9710948688756643,0.9174139110733267,1.0,1,0.19599412487273812,60
4769,2,9201,9201,0,0,0,0,0.9867472000929999,0.96090424027435,0.9867472000929999,0.96090424027435,1.0,1,0.17619071263031708,59
4770,0,9201,9201,0,0,0,0,0.9869680800914499,0.96090424027435,0.9869680800914499,0.96090424027435,1.0,1,0.17779200877569096,60
4771,1,9202,9202,0,0,0,0,0.9987596202001755,0.9961482943058081,0.9987596202001755,0.9961482943058081,1.0,1,0.18472791767264313,59
4772,1,9203,9203,0,0,0,0,0.9987596202001755,0.9961482943058081,0.9987596202001755,0.9961482943058081,1.0,1,0.17570812429805646,59
4773,1,9204,9204,0,0,0,0,0.9835101889951788,0.9505305669855365,0.9835101889951788,0.9505305669855365,1.0,1,0.1695385510945958,60
4774,2,9206,9206,0,0,0,0,0.9664123199796274,0.9040351999417927,0.9664123199796274,0.9040351999417927,1.0,1,0.17217186825722045,60
4775,2,9208,9208,0,0,0,0,0.9382984775456071,0.8336741568620712,0.9382984775456071,0.8336741568620712,1.0,1,0.17662603952786507,62
4776,1,9209,9209,0,0,0,0,0.9556703709169679,0.8730560621713173,0.9556703709169679,0.8730560621713173,1.0,1,0.14527353796901524,63
4777,2,9211,9211,0,0,0,0,0.937745311988824,0.8294762893606917,0.937745311988824,0.8294762893606917,1.0,1,0.15171352938108323,63
4778,1,9212,9212,0,0,0,0,0.937745311988824,0.8294762893606917,0.937745311988824,0.8294762893606917,1.0,1,0.16628350603748412,63
4779,1,9213,9213,0,0,0,0,0.937745311988824,0.8294762893606917,0.937745311988824,0.8294762893606917,1.0,1,0.18123522444667975,63
4780,2,9215,9215,0,0,0,0,0.9250362634654562,0.7969732135522772,0.9250362634654562,0.7969732135522772,1.0,1,0.2202986423281015,65
4781,6,9221,9221,0,0,0,0,0.9404340636098687,0.8342513074361565,0.9404340636098687,0.8342513074361565,1.0,1,0.19822478450607517,64
4782,7,9228,9228,0,0,0,0,0.9422773267969646,0.8368707061653348,0.9422773267969646,0.8368707061653348,1.0,1,0.21262298390522016,65
4783,3,9231,9231,0,0,0,0,0.9557497205153792,0.8672491615461377,0.9557497205153792,0.8672491615461377,1.0,1,0.19744516610491442,66
4784,5,9236,9236,0,0,0,0,0.998690965426026,0.9958110893632832,0.998690965426026,0.9958110893632832,1.0,1,0.15805717787491821,64
4785,8,9244,9244,0,0,0,0,0.9782227995433133,0.9384557378397985,0.9782227995433133,0.9384557378397985,1.0,1,0.16035852442623463,65
4786,4,9248,9248,0,0,0,0,0.957716845781515,0.8837213258991661,0.957716845781515,0.8837213258991661,1.0,1,0.15925892729613536,66
4787,6,9254,9254,0,0,0,0,0.9422372907227721,0.8544379726213857,0.9422372907227721,0.8544379726213857,1.0,1,0.1534144576727041,63
4788,5,9259,9259,0,0,0,0,0.9663151744903521,0.9077328692561816,0.9663151744903521,0.9077328692561816,1.0,1,0.12888399714252152,63
4789,7,9266,9266,0,0,0,0,0.9871474397426613,0.9649475629345308,0.9871474397426613,0.9649475629345308,1.0,1,0.15108580028054336,60
4790,2,9268,9268,0,0,0,0,0.9643490118464325,0.9054473792448864,0.9643490118464325,0.9054473792448864,1.0,1,0.15775417072975587,61
4791,1,9269,9269,0,0,0,0,0.9804739174869936,0.9476345968969375,0.9804739174869936,0.9476345968969375,1.0,1,0.15280266710403673,59
4792,2,9271,9271,0,0,0,0,0.9916219935276401,0.9764617913395606,0.9916219935276401,0.9764617913395606,1.0,1,0.13336866086821114,59
4793,1,9272,9272,0,0,0,0,1.0,1.0,1.0,1.0,1.0,1,0.12302925970265519,61
4794,1,9273,9273,0,0,0,0,1.0,1.0,1.0,1.0,1.0,1,0.11666020495702761,60
4795,2,9275,9275,0,0,0,0,0.9871934019501204,0.9627998818551115,0.9871934019501204,0.9627998818551115,1.0,1,0.14061806724680467,61
4796,1,9276,9276,0,0,0,0,0.986979958649289,0.9627998818551115,0.986979958649289,0.9627998818551115,1.0,1,0.14372727979547253,60
4797,2,9278,9278,0,0,0,0,1.0,1.0,1.0,1.0,1.0,1,0.11286156463505467,61
4798,2,9280,9280,0,0,0,0,1.0,1.0,1.0,1.0,1.0,1,0.10524552463521634,61
4799,1,9281,9281,0,0,0,0,1.0,1.0,1.0,1.0,1.0,1,0.10156783930539218,59
4800,1,9282,9282,0,0,0,0,1.0,1.0,1.0,1.0,1.0,1,0.1265431165231944,57
4801,2,9284,9284,0,0,0,0,1.0,1.0,1.0,1.0,1.0,1,0.14758239937229872,58
4802,1,9285,9285,0,0,0,0,1.0,1.0,1.0,1.0,1.0,1,0.14378886905900415,56
4803,4,9289,9289,0,0,0,0,1.0,1.0,1.0,1.0,1.0,1,0.08626030028627282,57
4804,3,9292,9292,0,0,0,0,1.0,1.0,1.0,1.0,1.0,1,0.06085461609327848,55
4805,1,9293,9293,0,0,0,0,1.0,1.0,1.0,1.0,1.0,1,0.06788556990343636,56
4806,1,9294,9294,0,0,0,0,1.0,1.0,1.0,1.0,1.0,1,0.0553152887887326,55
4807,2,9296,9296,0,0,0,0,1.0,1.0,1.0,1.0,1.0,1,0.04484679307797925,53
4808,3,9299,9299,0,0,0,0,1.0,1.0,1.0,1.0,1.0,1,0.09961176581439271,54
4809,3,9302,9302,0,0,0,0,1.0,1.0,1.0,1.0,1.0,1,0.07190132516871131,53
4810,4,9306,9306,0,0,0,0,1.0,1.0,1.0,1.0,1.0,1,0.07675183478964588,53
4811,4,9310,9310,0,0,0,0,1.0,1.0,1.0,1.0,1.0,1,0.10453698484243762,54
4812,1,9311,9311,0,0,0,0,1.0,1.0,1.0,1.0,1.0,1,0.12641926315095126,54
4813,5,9316,9316,0,0,0,0,1.0,1.0,1.0,1.0,1.0,1,0.13631139177803844,55
4814,4,9320,9320,0,0,0,0,0.9927024338244907,0.9799316930173497,0.9927024338244907,0.9799316930173497,1.0,1,0.1801935194951587,55
4815,7,9327,9327,0,0,0,0,1.0,1.0,1.0,1.0,1.0,1,0.11297043033662547,56
4816,5,9332,9332,0,0,0,0,0.9854145750143235,0.9591608100401058,0.9854145750143235,0.9591608100401058,1.0,1,0.1613159612281977,56
4817,2,9334,9334,0,0,0,0,1.0,1.0,1.0,1.0,1.0,1,0.14769601823862719,58
4818,2,9336,9336,0,0,0,0,1.0,1.0,1.0,1.0,1.0,1,0.12133504856055373,58
4819,5,9341,9341,0,0,0,0,1.0,1.0,1.0,1.0,1.0,1,0.14857179216336344,58
4820,1,9342,9342,0,0,0,0,1.0,1.0,1.0,1.0,1.0,1,0.1571029258826564,58
4821,1,9343,9343,0,0,0,0,0.9885488016118484,0.9683728806422479,0.9885488016118484,0.9683728806422479,1.0,1,0.18563515756848928,58
4822,0,9343,9343,0,0,0,0,0.9885488016118484,0.9683728806422479,0.9885488016118484,0.9683728806422479,1.0,1,0.18563515756848928,58
4823,1,9344,9344,0,0,0,0,0.9883479033945124,0.9683728806422479,0.9883479033945124,0.9683728806422479,1.0,1,0.20256310885679693,57
4824,1,9345,9345,0,0,0,0,0.9881398302408428,0.9683728806422479,0.9881398302408428,0.9683728806422479,1.0,1,0.23584654271791675,56
4825,2,9347,9347,0,0,0,0,0.9883479033945124,0.9683728806422479,0.9883479033945124,0.9683728806422479,1.0,1,0.2159313536712346,57
4826,2,9349,9349,0,0,0,0,0.9487111370775602,0.8728928179748232,0.9487111370775602,0.8728928179748232,1.0,1,0.23559990015765975,57
4827,1,9350,9350,0,0,0,0,0.9477952645253739,0.8728928179748232,0.9477952645253739,0.8728928179748232,1.0,1,0.26701461552807826,56
4828,1,9351,9351,0,0,0,0,0.9287436587728826,0.8307661895855963,0.9287436587728826,0.8307661895855963,1.0,1,0.25448534974482306,57
4829,0,9351,9351,0,0,0,0,0.9274712241081128,0.8307661895855963,0.9274712241081128,0.8307661895855963,1.0,1,0.26918453928998926,56
4830,0,9351,9351,0,0,0,0,0.9287436587728827,0.8307661895855963,0.9287436587728827,0.8307661895855963,1.0,1,0.24685274372344335,57
4831,2,9353,9353,0,0,0,0,0.9287436587728827,0.8307661895855963,0.9287436587728827,0.8307661895855963,1.0,1,0.2832430168837072,57
4832,0,9353,9353,0,0,0,0,0.9261525190918966,0.8307661895855963,0.9261525190918966,0.8307661895855963,1.0,1,0.3107117222603833,55
4833,2,9355,9355,0,0,0,0,0.9583971101702331,0.8959927754255825,0.9583971101702331,0.8959927754255825,1.0,1,0.26393878855426106,55
4834,0,9355,9355,0,0,0,0,0.9449718919082539,0.8959927754255825,0.9449718919082539,0.8959927754255825,1.0,1,0.2720579390472478,55
4835,2,9357,9357,0,0,0,0,0.9838781716689918,0.9630806497795577,0.9838781716689918,0.9630806497795577,1.0,1,0.23869926113926646,55
4836,3,9360,9360,0,0,0,0,0.9865747817380209,0.9630806497795577,0.9865747817380209,0.9630806497795577,1.0,1,0.21010303838136068,55
4837,5,9365,9365,0,0,0,0,0.9734698461092721,0.9330429449424488,0.9734698461092721,0.9330429449424488,1.0,1,0.21743681755202915,53
4838,2,9367,9367,0,0,0,0,0.9565036065174738,0.8932361250883448,0.9565036065174738,0.8932361250883448,1.0,1,0.21287157415474323,54
4839,5,9372,9372,0,0,0,0,1.0,1.0,1.0,1.0,1.0,1,0.192072711395551,53
4840,3,9375,9375,0,0,0,0,1.0,1.0,1.0,1.0,1.0,1,0.192761261023823,52
4841,4,9379,9379,0,0,0,0,0.9948686250065064,0.9869149937665913,0.9948686250065064,0.9869149937665913,1.0,1,0.21421818680210045,51
4842,1,9380,9380,0,0,0,0,0.9987868644238135,0.9969671610595339,0.9987868644238135,0.9969671610595339,1.0,1,0.2241610583254069,50
4843,2,9382,9382,0,0,0,0,0.9570145735331252,0.9003519659176995,0.9570145735331252,0.9003519659176995,1.0,1,0.26756051748101023,51
4844,2,9384,9384,0,0,0,0,0.9836736236963561,0.9611276754675145,0.9836736236963561,0.9611276754675145,1.0,1,0.2541438746675383,50
4845,4,9388,9388,0,0,0,0,0.9815976411583568,0.9570611627028327,0.9815976411583568,0.9570611627028327,1.0,1,0.3126596140940517,49
4846,1,9389,9389,0,0,0,0,0.9726725295798554,0.9362359023529958,0.9726725295798554,0.9362359023529958,1.0,1,0.3431363683138247,49
4847,3,9392,9392,0,0,0,0,1.0,1.0,1.0,1.0,1.0,1,0.3297740545193328,48
4848,1,9393,9393,0,0,0,0,1.0,1.0,1.0,1.0,1.0,1,0.32788526485283626,48
4849,5,9398,9398,0,0,0,0,0.974710537362486,0.9421955139713968,0.974710537362486,0.9421955139713968,1.0,1,0.3106371159070879,48
4850,2,9400,9400,0,0,0,0,0.9181017147740277,0.8327910009969731,0.9181017147740277,0.8327910009969731,1.0,1,0.33832434857974397,49
4851,2,9402,9402,0,0,0,0,0.9636332652475118,0.919001363505822,0.9636332652475118,0.919001363505822,1.0,1,0.302861355118991,49
4852,0,9402,9402,0,0,0,0,0.9636332652475119,0.919001363505822,0.9636332652475119,0.919001363505822,1.0,1,0.32919186608566803,49
4853,2,9404,9404,0,0,0,0,0.9662652407787996,0.92333009267909,0.9662652407787996,0.92333009267909,1.0,1,0.3086034958094663,50
4854,0,9404,9404,0,0,0,0,0.966926706645882,0.92333009267909,0.966926706645882,0.92333009267909,1.0,1,0.30787681501820235,51
4855,1,9405,9405,0,0,0,0,0.966926706645882,0.92333009267909,0.966926706645882,0.92333009267909,1.0,1,0.3215228035287502,51
4856,1,9406,9406,0,0,0,0,1.0,1.0,1.0,1.0,1.0,1,0.29895500652778334,50
4857,1,9407,9407,0,0,0,0,0.9888905895322873,0.9730200031498404,0.9888905895322873,0.9730200031498404,1.0,1,0.3013377788002029,51
4858,1,9408,9408,0,0,0,0,0.9975747176923652,0.9941100286814581,0.9975747176923652,0.9941100286814581,1.0,1,0.29009795933918014,51
4859,1,9409,9409,0,0,0,0,0.983703699476735,0.9614814714904643,0.983703699476735,0.9614814714904643,1.0,1,0.2959926111332725,52
4860,0,9409,9409,0,0,0,0,0.983703699476735,0.9614814714904643,0.983703699476735,0.9614814714904643,1.0,1,0.2959926111332725,52
4861,0,9409,9409,0,0,0,0,0.9840111768450983,0.9614814714904643,0.9840111768450983,0.9614814714904643,1.0,1,0.29497106189107036,53
4862,0,9409,9409,0,0,0,0,0.9840111768450983,0.9614814714904643,0.9840111768450983,0.9614814714904643,1.0,1,0.29079001105539776,53
4863,3,9412,9412,0,0,0,0,0.9923804686275869,0.9814954238098542,0.9923804686275869,0.9814954238098542,1.0,1,0.29608868815920486,51
4864,1,9413,9413,0,0,0,0,0.972865386790651,0.9346302499956594,0.972865386790651,0.9346302499956594,1.0,1,0.29755948954536693,53
4865,6,9419,9419,0,0,0,0,1.0,1.0,1.0,1.0,1.0,1,0.2615837744546596,52
4866,2,9421,9421,0,0,0,0,1.0,1.0,1.0,1.0,1.0,1,0.23250825974713654,53
4867,3,9424,9424,0,0,0,0,1.0,1.0,1.0,1.0,1.0,1,0.22128823021529256,51
4868,3,9427,9427,0,0,0,0,1.0,1.0,1.0,1.0,1.0,1,0.19441857126557097,53
4869,3,9430,9430,0,0,0,0,1.0,1.0,1.0,1.0,1.0,1,0.16194241048489524,53
4870,6,9436,9436,0,0,0,0,1.0,1.0,1.0,1.0,1.0,1,0.23513443483154312,55
4871,2,9438,9438,0,0,0,0,1.0,1.0,1.0,1.0,1.0,1,0.2077825474669267,55
4872,2,9440,9440,0,0,0,0,0.9691134256511501,0.9213796289302002,0.9691134256511501,0.9213796289302002,1.0,1,0.26746141207973145,56
4873,3,9443,9443,0,0,0,0,0.9868025040410939,0.9648066774429169,0.9868025040410939,0.9648066774429169,1.0,1,0.2410497016192155,56
4874,2,9445,9445,0,0,0,0,0.9784985504426019,0.9433143602577687,0.9784985504426019,0.9433143602577687,1.0,1,0.25870374228116694,58
4875,2,9447,9447,0,0,0,0,0.99359706662931,0.9829255110114934,0.99359706662931,0.9829255110114934,1.0,1,0.23047698363697347,56
4876,3,9450,9450,0,0,0,0,0.9666071522110163,0.9186956749485615,0.9666071522110163,0.9186956749485615,1.0,1,0.2746355346732668,56
4877,2,9452,9452,0,0,0,0,0.9876592197253267,0.9697089938712564,0.9876592197253267,0.9697089938712564,1.0,1,0.25973372675577994,54
4878,0,9452,9452,0,0,0,0,0.9876592197253267,0.9697089938712564,0.9876592197253267,0.9697089938712564,1.0,1,0.25973372675577994,54
4879,0,9452,9452,0,0,0,0,1.0,1.0,1.0,1.0,1.0,1,0.22607628352240508,54
4880,4,9456,9456,0,0,0,0,1.0,1.0,1.0,1.0,1.0,1,0.23830671858667576,53
4881,1,9457,9457,0,0,0,0,0.976213320339294,0.9441530129705163,0.976213320339294,0.9441530129705163,1.0,1,0.25846558645754625,54
4882,0,9457,9457,0,0,0,0,1.0,1.0,1.0,1.0,1.0,1,0.23883607297532553,52
4883,4,9461,9461,0,0,0,0,1.0,1.0,1.0,1.0,1.0,1,0.2062691840671907,54
4884,0,9461,9461,0,0,0,0,1.0,1.0,1.0,1.0,1.0,1,0.18344783991033825,52
4885,2,9463,9463,0,0,0,0,1.0,1.0,1.0,1.0,1.0,1,0.21033827553696938,51
4886,4,9467,9467,0,0,0,0,1.0,1.0,1.0,1.0,1.0,1,0.2530358713042929,50
4887,1,9468,9468,0,0,0,0,1.0,1.0,1.0,1.0,1.0,1,0.28482129114977783,49
4888,2,9470,9470,0,0,0,0,0.9986191060187851,0.9968436709000805,0.9986191060187851,0.9968436709000805,1.0,1,0.32808542836426835,48
4889,2,9472,9472,0,0,0,0,0.9557555852798306,0.9076638301492116,0.9557555852798306,0.9076638301492116,1.0,1,0.37204969955114053,48
4890,2,9474,9474,0,0,0,0,0.9663266293484658,0.9297251395098417,0.9663266293484658,0.9297251395098417,1.0,1,0.3603886685008822,48
4891,0,9474,9474,0,0,0,0,0.9670138409944155,0.9297251395098417,0.9670138409944155,0.9297251395098417,1.0,1,0.3451227824983177,49
4892,3,9477,9477,0,0,0,0,0.9082456276045894,0.8200202695320792,0.9082456276045894,0.8200202695320792,1.0,1,0.36533481595474737,51
4893,2,9479,9479,0,0,0,0,0.9534594827951942,0.9011014009397879,0.9534594827951942,0.9011014009397879,1.0,1,0.32093703244621724,51
4894,1,9480,9480,0,0,0,0,0.9543544927414405,0.9011014009397879,0.9543544927414405,0.9011014009397879,1.0,1,0.295000565282963,52
4895,2,9482,9482,0,0,0,0,0.9304784563526939,0.8553951892136032,0.9304784563526939,0.8553951892136032,1.0,1,0.30704578600828597,52
4896,1,9483,9483,0,0,0,0,0.9447496119003578,0.8825929252882605,0.9447496119003578,0.8825929252882605,1.0,1,0.27550429746139266,51
4897,2,9485,9485,0,0,0,0,0.9696287911252097,0.9313346581961259,0.9696287911252097,0.9313346581961259,1.0,1,0.233030418481843,52
4898,1,9486,9486,0,0,0,0,0.9696287911252095,0.9313346581961259,0.9696287911252095,0.9313346581961259,1.0,1,0.22962454545583885,52
4899,2,9488,9488,0,0,0,0,0.9702018328020924,0.9313346581961259,0.9702018328020924,0.9313346581961259,1.0,1,0.21912677435666944,53
4900,1,9489,9489,0,0,0,0,0.9707536507131648,0.9313346581961259,0.9707536507131648,0.9313346581961259,1.0,1,0.20795520096976514,54
4901,2,9491,9491,0,0,0,0,0.947387978660868,0.8816229519869533,0.947387978660868,0.8816229519869533,1.0,1,0.24279818347112198,54
4902,1,9492,9492,0,0,0,0,0.9483445608670342,0.8816229519869533,0.9483445608670342,0.8816229519869533,1.0,1,0.245056962115302,55
4903,1,9493,9493,0,0,0,0,0.9280220509914623,0.8387693942208757,0.9280220509914623,0.8387693942208757,1.0,1,0.248895537970787,56
4904,3,9496,9496,0,0,0,0,0.9307558455406891,0.8476628601895161,0.9307558455406891,0.8476628601895161,1.0,1,0.27407908034050366,55
4905,2,9498,9498,0,0,0,0,0.9107374210094556,0.8146084897888696,0.9107374210094556,0.8146084897888696,1.0,1,0.31576084000549504,54
4906,1,9499,9499,0,0,0,0,0.9295287997616255,0.847782207485111,0.9295287997616255,0.847782207485111,1.0,1,0.31403350340053027,54
4907,1,9500,9500,0,0,0,0,0.9295287997616255,0.847782207485111,0.9295287997616255,0.847782207485111,1.0,1,0.30197878845511983,54
4908,1,9501,9501,0,0,0,0,0.9587385805511006,0.9049193377916666,0.9587385805511006,0.9049193377916666,1.0,1,0.2813811024549956,53
4909,4,9505,9505,0,0,0,0,0.977956564100287,0.9458933846097953,0.977956564100287,0.9458933846097953,1.0,1,0.26559832827999796,54
4910,4,9509,9509,0,0,0,0,0.9590755170292948,0.9021371059396182,0.9590755170292948,0.9021371059396182,1.0,1,0.2871244760016361,55
4911,3,9512,9512,0,0,0,0,0.9601293173381273,0.9441703481698918,0.9601293173381273,0.9441703481698918,1.0,1,0.2744300847770468,57
4912,3,9515,9515,0,0,0,0,0.964776765193605,0.9127076354798039,0.964776765193605,0.9127076354798039,1.0,1,0.27414531485929833,57
4913,1,9516,9516,0,0,0,0,0.9784220963833281,0.9450744271575625,0.9784220963833281,0.9450744271575625,1.0,1,0.26088934122859836,56
4914,2,9518,9518,0,0,0,0,1.0,1.0,1.0,1.0,1.0,1,0.23483881665183895,56
4915,4,9522,9522,0,0,0,0,0.9783293635233788,0.9448383798776917,0.9783293635233788,0.9448383798776917,1.0,1,0.26309747831970187,56
4916,1,9523,9523,0,0,0,0,0.9611077790886883,0.9086878291647468,0.9611077790886883,0.9086878291647468,1.0,1,0.28351748717499614,54
4917,3,9526,9526,0,0,0,0,0.9886165984026138,0.9725763506972063,0.9886165984026138,0.9725763506972063,1.0,1,0.24794071247007668,53
4918,2,9528,9528,0,0,0,0,0.9792663672197653,0.9509932316103544,0.9792663672197653,0.9509932316103544,1.0,1,0.26119517225840577,52
4919,3,9531,9531,0,0,0,0,0.9032515541348878,0.8103730461043802,0.9032515541348878,0.8103730461043802,1.0,1,0.37840475152530517,49
4920,6,9537,9537,0,0,0,0,0.8792725538011665,0.7724751975483521,0.8792725538011665,0.7724751975483521,1.0,1,0.38533219078618874,49
4921,2,9539,9539,0,0,0,0,0.8656355487161497,0.7511769420669439,0.8656355487161497,0.7511769420669439,1.0,1,0.3716051693253394,50
4922,3,9542,9542,0,0,0,0,0.8274183130585349,0.7024453673423015,0.8274183130585349,0.7024453673423015,1.0,1,0.3995030006754532,50
4923,6,9548,9548,0,0,0,0,0.8754089937509035,0.7600469509276659,0.8754089937509035,0.7600469509276659,1.0,1,0.35126334506121576,52
4924,3,9551,9551,0,0,0,0,0.8553502914638992,0.7261987659852377,0.8553502914638992,0.7261987659852377,1.0,1,0.3551469794239386,53
4925,2,9553,9553,0,0,0,0,0.855073813752581,0.7204994979514061,0.855073813752581,0.7204994979514061,1.0,1,0.3931558245270557,54
4926,1,9554,9554,0,0,0,0,0.855073813752581,0.7204994979514061,0.855073813752581,0.7204994979514061,1.0,1,0.3840089467655929,54
4927,1,9555,9555,0,0,0,0,0.8764402135256192,0.7528804270512386,0.8764402135256192,0.7528804270512386,1.0,1,0.3725182385669815,54
4928,1,9556,9556,0,0,0,0,0.8624121830886686,0.7346520673852894,0.8624121830886686,0.7346520673852894,1.0,1,0.39154997048725837,54
4929,1,9557,9557,0,0,0,0,0.8649137797597838,0.7346520673852894,0.8649137797597838,0.7346520673852894,1.0,1,0.37767755989992274,55
4930,2,9559,9559,0,0,0,0,0.8559060264675616,0.7118120529351235,0.8559060264675616,0.7118120529351235,1.0,1,0.358046386264892,58
4931,2,9561,9561,0,0,0,0,0.8431180582695802,0.6966949126545217,0.8431180582695802,0.6966949126545217,1.0,1,0.37675385487720875,58
4932,2,9563,9563,0,0,0,0,0.8583482972053997,0.7118120529351235,0.8583482972053997,0.7118120529351235,1.0,1,0.36080136720710615,59
4933,1,9564,9564,0,0,0,0,0.8583482972053997,0.7118120529351235,0.8583482972053997,0.7118120529351235,1.0,1,0.37106685292721797,59
4934,2,9566,9566,0,0,0,0,0.8768405565428558,0.7404854584295889,0.8768405565428558,0.7404854584295889,1.0,1,0.3218419274203418,59
4935,1,9567,9567,0,0,0,0,0.8572564733159024,0.7095907560564912,0.8572564733159024,0.7095907560564912,1.0,1,0.3423728988605655,59
4936,2,9569,9569,0,0,0,0,0.8381750714905255,0.6817443072647,0.8381750714905255,0.6817443072647,1.0,1,0.33932033370597325,59
4937,1,9570,9570,0,0,0,0,0.8437387757045859,0.682268843932658,0.8437387757045859,0.682268843932658,1.0,1,0.32624786056369176,61
4938,1,9571,9571,0,0,0,0,0.8462591180319312,0.682268843932658,0.8462591180319312,0.682268843932658,1.0,1,0.306895110072032,62
4939,0,9571,9571,0,0,0,0,0.8486994494917418,0.682268843932658,0.8486994494917418,0.682268843932658,1.0,1,0.30582193484037185,63
4940,1,9572,9572,0,0,0,0,0.8499253935622975,0.674838352718311,0.8499253935622975,0.674838352718311,1.0,1,0.3050103710020661,65
4941,1,9573,9573,0,0,0,0,0.8663862804592264,0.7005209734430935,0.8663862804592264,0.7005209734430935,1.0,1,0.296379371565334,65
4942,1,9574,9574,0,0,0,0,0.8703747496992494,0.7005209734430935,0.8703747496992494,0.7005209734430935,1.0,1,0.2712125758920347,67
4943,2,9576,9576,0,0,0,0,0.8829330914384899,0.7240565726764402,0.8829330914384899,0.7240565726764402,1.0,1,0.2627032852352635,66
4944,0,9576,9576,0,0,0,0,0.8773584767450846,0.7240565726764402,0.8773584767450846,0.7240565726764402,1.0,1,0.28266027649539033,63
4945,2,9578,9578,0,0,0,0,0.9078028028450865,0.7836911912903954,0.9078028028450865,0.7836911912903954,1.0,1,0.26602111835992354,61
4946,3,9581,9581,0,0,0,0,0.8881100913245406,0.7513557584989791,0.8881100913245406,0.7513557584989791,1.0,1,0.2940445015045732,60
4947,2,9583,9583,0,0,0,0,0.915917798145152,0.8049292916967525,0.915917798145152,0.8049292916967525,1.0,1,0.2643594370159492,58
4948,1,9584,9584,0,0,0,0,0.9144426717968213,0.8049292916967525,0.9144426717968213,0.8049292916967525,1.0,1,0.26577214916748054,57
4949,5,9589,9589,0,0,0,0,0.9032271531909967,0.791566176103685,0.9032271531909967,0.791566176103685,1.0,1,0.2546842320111623,56
4950,3,9592,9592,0,0,0,0,0.9096400816665529,0.8019032559612889,0.9096400816665529,0.8019032559612889,1.0,1,0.24414724080773123,57
4951,4,9596,9596,0,0,0,0,0.9027426037518402,0.7942632002442775,0.9027426037518402,0.7942632002442775,1.0,1,0.24968930437647083,55
4952,1,9597,9597,0,0,0,0,0.9027426037518403,0.7942632002442775,0.9027426037518403,0.7942632002442775,1.0,1,0.26967077642346293,55
4953,5,9602,9602,0,0,0,0,0.9272645695852408,0.84289147030412,0.9272645695852408,0.84289147030412,1.0,1,0.24418813952881954,54
4954,2,9604,9604,0,0,0,0,0.908937611226132,0.8108704233158127,0.908937611226132,0.8108704233158127,1.0,1,0.2786995810612034,54
4955,2,9606,9606,0,0,0,0,0.9226040296926558,0.839016381760724,0.9226040296926558,0.839016381760724,1.0,1,0.25246999283615223,52
4956,0,9606,9606,0,0,0,0,0.9226040296926558,0.839016381760724,0.9226040296926558,0.839016381760724,1.0,1,0.25246999283615223,52
4957,3,9609,9609,0,0,0,0,0.9164316439485197,0.8228350851708617,0.9164316439485197,0.8228350851708617,1.0,1,0.2509846097268562,53
4958,2,9611,9611,0,0,0,0,0.938876062352009,0.8675648017626862,0.938876062352009,0.8675648017626862,1.0,1,0.2202553638733046,52
4959,0,9611,9611,0,0,0,0,0.9376775537706759,0.8675648017626862,0.9376775537706759,0.8675648017626862,1.0,1,0.22606568248571277,51
4960,0,9611,9611,0,0,0,0,0.940029344194424,0.8675648017626862,0.940029344194424,0.8675648017626862,1.0,1,0.21924545721618888,53
4961,2,9613,9613,0,0,0,0,0.940029344194424,0.8675648017626862,0.940029344194424,0.8675648017626862,1.0,1,0.23301174709654626,53
4962,0,9613,9613,0,0,0,0,0.9271833520730863,0.8398033745607898,0.9271833520730863,0.8398033745607898,1.0,1,0.24065498575922006,55
4963,2,9615,9615,0,0,0,0,0.9258348956299953,0.8398033745607898,0.9258348956299953,0.8398033745607898,1.0,1,0.27869889694451144,54
4964,4,9619,9619,0,0,0,0,0.9391450243844226,0.8630763048649509,0.9391450243844226,0.8630763048649509,1.0,1,0.24655073242178827,54
4965,3,9622,9622,0,0,0,0,0.9215759861965239,0.8306041301844916,0.9215759861965239,0.8306041301844916,1.0,1,0.30048465920178796,54
4966,4,9626,9626,0,0,0,0,0.9414855361065672,0.8683424562397765,0.9414855361065672,0.8683424562397765,1.0,1,0.2682952845459806,54
4967,3,9629,9629,0,0,0,0,0.9377628282906143,0.8573731481659913,0.9377628282906143,0.8573731481659913,1.0,1,0.27405680045664293,55
4968,4,9633,9633,0,0,0,0,0.9363369059046209,0.8541054093647564,0.9363369059046209,0.8541054093647564,1.0,1,0.2651746929398404,55
4969,3,9636,9636,0,0,0,0,0.9368143669313012,0.8499341214618401,0.9368143669313012,0.8499341214618401,1.0,1,0.2445406774943712,57
4970,3,9639,9639,0,0,0,0,0.9527654037023401,0.8849940264056974,0.9527654037023401,0.8849940264056974,1.0,1,0.2531634396763387,56
4971,2,9641,9641,0,0,0,0,0.9865553272083813,0.9635073167084637,0.9865553272083813,0.9635073167084637,1.0,1,0.21808428094790036,57
4972,0,9641,9641,0,0,0,0,0.968544192577439,0.9185008625870009,0.968544192577439,0.9185008625870009,1.0,1,0.24701203034779037,57
4973,4,9645,9645,0,0,0,0,0.985323588224731,0.9580673949278031,0.985323588224731,0.9580673949278031,1.0,1,0.203360555145308,60
4974,2,9647,9647,0,0,0,0,1.0,1.0,1.0,1.0,1.0,1,0.16855013772980887,58
4975,4,9651,9651,0,0,0,0,1.0,1.0,1.0,1.0,1.0,1,0.17308392103427625,59
4976,4,9655,9655,0,0,0,0,1.0,1.0,1.0,1.0,1.0,1,0.14478948763854127,59
4977,2,9657,9657,0,0,0,0,1.0,1.0,1.0,1.0,1.0,1,0.1367736520052606,59
4978,3,9660,9660,0,0,0,0,1.0,1.0,1.0,1.0,1.0,1,0.12950711669025916,59
4979,3,9663,9663,0,0,0,0,1.0,1.0,1.0,1.0,1.0,1,0.150699278808161,61
4980,1,9664,9664,0,0,0,0,0.9942711303062527,0.983086194237508,0.9942711303062527,0.983086194237508,1.0,1,0.1809311708167307,62
4981,2,9666,9666,0,0,0,0,1.0,1.0,1.0,1.0,1.0,1,0.14944958641041672,62
4982,1,9667,9667,0,0,0,0,1.0,1.0,1.0,1.0,1.0,1,0.182673981330614,63
4983,0,9667,9667,0,0,0,0,1.0,1.0,1.0,1.0,1.0,1,0.18257185209126933,63
4984,3,9670,9670,0,0,0,0,1.0,1.0,1.0,1.0,1.0,1,0.19998795046228432,61
4985,3,9673,9673,0,0,0,0,1.0,1.0,1.0,1.0,1.0,1,0.16490855582854097,59
4986,1,9674,9674,0,0,0,0,1.0,1.0,1.0,1.0,1.0,1,0.1844194687007205,62
4987,2,9676,9676,0,0,0,0,1.0,1.0,1.0,1.0,1.0,1,0.18428418822746218,60
4988,3,9679,9679,0,0,0,0,1.0,1.0,1.0,1.0,1.0,1,0.17521465658895816,59
4989,1,9680,9680,0,0,0,0,1.0,1.0,1.0,1.0,1.0,1,0.17074530168250676,57
4990,2,9682,9682,0,0,0,0,1.0,1.0,1.0,1.0,1.0,1,0.1924843089755061,55
4991,2,9684,9684,0,0,0,0,1.0,1.0,1.0,1.0,1.0,1,0.1736455879558347,54
4992,2,9686,9686,0,0,0,0,1.0,1.0,1.0,1.0,1.0,1,0.21085545228795322,52
4993,2,9688,9688,0,0,0,0,1.0,1.0,1.0,1.0,1.0,1,0.2098680008343428,51
4994,3,9691,9691,0,0,0,0,1.0,1.0,1.0,1.0,1.0,1,0.23027184851910554,49
4995,4,9695,9695,0,0,0,0,1.0,1.0,1.0,1.0,1.0,1,0.21203638433932573,48
4996,2,9697,9697,0,0,0,0,1.0,1.0,1.0,1.0,1.0,1,0.1594564377244489,48
4997,2,9699,9699,0,0,0,0,1.0,1.0,1.0,1.0,1.0,1,0.1890730755268022,46
4998,1,9700,9700,0,0,0,0,1.0,1.0,1.0,1.0,1.0,1,0.17358671974066467,48
4999,1,9701,9701,0,0,0,0,1.0,1.0,1.0,1.0,1.0,1,0.20532591565263228,48
5000,0,9701,9701,0,0,0,0,1.0,1.0,1.0,1.0,1.0,1,0.20406338976867755,47
5001,1,9702,9702,0,0,0,0,1.0,1.0,1.0,1.0,1.0,1,0.239830403074509,45
5002,1,9703,9703,0,0,0,0,1.0,1.0,1.0,1.0,1.0,1,0.2558898570607562,46
5003,1,9704,9704,0,0,0,0,1.0,1.0,1.0,1.0,1.0,1,0.2735017357713609,46
5004,0,9704,9704,0,0,0,0,1.0,1.0,1.0,1.0,1.0,1,0.2735017357713609,46
5005,1,9705,9705,0,0,0,0,1.0,1.0,1.0,1.0,1.0,1,0.3275998662549818,45
5006,0,9705,9705,0,0,0,0,1.0,1.0,1.0,1.0,1.0,1,0.33112029737135523,45
5007,1,9706,9706,0,0,0,0,1.0,1.0,1.0,1.0,1.0,1,0.30383132548914404,46
5008,0,9706,9706,0,0,0,0,1.0,1.0,1.0,1.0,1.0,1,0.279148774226053,49
5009,0,9706,9706,0,0,0,0,1.0,1.0,1.0,1.0,1.0,1,0.27270729477960237,49
5010,0,9706,9706,0,0,0,0,1.0,1.0,1.0,1.0,1.0,1,0.2600448839176648,50
5011,0,9706,9706,0,0,0,0,1.0,1.0,1.0,1.0,1.0,1,0.25986448700149367,51
5012,1,9707,9707,0,0,0,0,1.0,1.0,1.0,1.0,1.0,1,0.2613280806831683,52
5013,2,9709,9709,0,0,0,0,1.0,1.0,1.0,1.0,1.0,1,0.24279110708530074,52
5014,2,9711,9711,0,0,0,0,1.0,1.0,1.0,1.0,1.0,1,0.23665418362761953,53
5015,3,9714,9714,0,0,0,0,1.0,1.0,1.0,1.0,1.0,1,0.23797163947294164,54
5016,3,9717,9717,0,0,0,0,1.0,1.0,1.0,1.0,1.0,1,0.21410555013419755,55
5017,3,9720,9720,0,0,0,0,1.0,1.0,1.0,1.0,1.0,1,0.24025195239100625,55
5018,2,9722,9722,0,0,0,0,1.0,1.0,1.0,1.0,1.0,1,0.22049758561679939,56
5019,2,9724,9724,0,0,0,0,1.0,1.0,1.0,1.0,1.0,1,0.20045429306374432,56
5020,2,9726,9726,0,0,0,0,1.0,1.0,1.0,1.0,1.0,1,0.2325900187261288,55
5021,2,9728,9728,0,0,0,0,1.0,1.0,1.0,1.0,1.0,1,0.2550671206463709,56
5022,0,9728,9728,0,0,0,0,1.0,1.0,1.0,1.0,1.0,1,0.2550671206463709,56
5023,5,9733,9733,0,0,0,0,0.9679148912909319,0.926471625875052,0.9679148912909319,0.926471625875052,1.0,1,0.30817651929711093,55
5024,1,9734,9734,0,0,0,0,0.9844930683830478,0.9629182070029404,0.9844930683830478,0.9629182070029404,1.0,1,0.28529014693367155,55
5025,4,9738,9738,0,0,0,0,0.9817137905993376,0.9578622131202128,0.9817137905993376,0.9578622131202128,1.0,1,0.29696297573902236,53
5026,2,9740,9740,0,0,0,0,0.9873421494517777,0.9713822509344537,0.9873421494517777,0.9713822509344537,1.0,1,0.31517334147257703,52
5027,2,9742,9742,0,0,0,0,1.0,1.0,1.0,1.0,1.0,1,0.29738508486283927,51
5028,1,9743,9743,0,0,0,0,1.0,1.0,1.0,1.0,1.0,1,0.2907834946553118,51
5029,1,9744,9744,0,0,0,0,1.0,1.0,1.0,1.0,1.0,1,0.3181480654916528,50
5030,3,9747,9747,0,0,0,0,1.0,1.0,1.0,1.0,1.0,1,0.33020469964071675,49
5031,2,9749,9749,0,0,0,0,1.0,1.0,1.0,1.0,1.0,1,0.34578637732687145,49
5032,1,9750,9750,0,0,0,0,0.9889808618590262,0.9759582440560572,0.9889808618590262,0.9759582440560572,1.0,1,0.3725394647000142,48
5033,3,9753,9753,0,0,0,0,0.9978805350431328,0.9951830341889384,0.9978805350431328,0.9951830341889384,1.0,1,0.3232481068339871,50
5034,1,9754,9754,0,0,0,0,1.0,1.0,1.0,1.0,1.0,1,0.3126700535058553,49
5035,1,9755,9755,0,0,0,0,1.0,1.0,1.0,1.0,1.0,1,0.3209457935077435,49
5036,1,9756,9756,0,0,0,0,1.0,1.0,1.0,1.0,1.0,1,0.31579983101726755,47
5037,0,9756,9756,0,0,0,0,1.0,1.0,1.0,1.0,1.0,1,0.29479074024347374,47
5038,0,9756,9756,0,0,0,0,1.0,1.0,1.0,1.0,1.0,1,0.27519211655969883,47
5039,0,9756,9756,0,0,0,0,1.0,1.0,1.0,1.0,1.0,1,0.28480745688806935,48
5040,0,9756,9756,0,0,0,0,1.0,1.0,1.0,1.0,1.0,1,0.28480745688806935,48
5041,1,9757,9757,0,0,0,0,1.0,1.0,1.0,1.0,1.0,1,0.2525574836469967,48
5042,0,9757,9757,0,0,0,0,1.0,1.0,1.0,1.0,1.0,1,0.24544957081377203,50
5043,3,9760,9760,0,0,0,0,1.0,1.0,1.0,1.0,1.0,1,0.2800491080762116,51
5044,0,9760,9760,0,0,0,0,1.0,1.0,1.0,1.0,1.0,1,0.2800491080762116,51
5045,1,9761,9761,0,0,0,0,0.9757443008335791,0.9451610279715702,0.9757443008335791,0.9451610279715702,1.0,1,0.3027208904903923,52
5046,1,9762,9762,0,0,0,0,0.9918749410166816,0.9811646359932163,0.9918749410166816,0.9811646359932163,1.0,1,0.2871851068391755,51
5047,2,9764,9764,0,0,0,0,0.9991669680332937,0.9980688804408173,0.9991669680332937,0.9980688804408173,1.0,1,0.257500472702008,51
5048,1,9765,9765,0,0,0,0,0.9991829878788073,0.9980688804408173,0.9991829878788073,0.9980688804408173,1.0,1,0.25571687487326616,52
5049,0,9765,9765,0,0,0,0,0.97853507042203,0.9496040783821574,0.97853507042203,0.9496040783821574,1.0,1,0.2576632311507918,54
5050,0,9765,9765,0,0,0,0,0.9793016750498147,0.9496040783821574,0.9793016750498147,0.9496040783821574,1.0,1,0.23457476179724096,56
5051,1,9766,9766,0,0,0,0,0.9961386646762068,0.9903466616905171,0.9961386646762068,0.9903466616905171,1.0,1,0.22733631587575506,55
5052,1,9767,9767,0,0,0,0,0.9961386646762069,0.9903466616905171,0.9961386646762069,0.9903466616905171,1.0,1,0.2407203555668586,55
5053,0,9767,9767,0,0,0,0,0.9961386646762068,0.9903466616905171,0.9961386646762068,0.9903466616905171,1.0,1,0.2407203555668586,55
5054,2,9769,9769,0,0,0,0,1.0,1.0,1.0,1.0,1.0,1,0.2197998648711339,55
5055,3,9772,9772,0,0,0,0,1.0,1.0,1.0,1.0,1.0,1,0.22309340849088433,55
5056,4,9776,9776,0,0,0,0,1.0,1.0,1.0,1.0,1.0,1,0.1799139937200854,56
5057,2,9778,9778,0,0,0,0,1.0,1.0,1.0,1.0,1.0,1,0.1738568766344777,58
5058,5,9783,9783,0,0,0,0,1.0,1.0,1.0,1.0,1.0,1,0.12369988428817599,59
5059,1,9784,9784,0,0,0,0,1.0,1.0,1.0,1.0,1.0,1,0.10942385625466022,59
5060,7,9791,9791,0,0,0,0,1.0,1.0,1.0,1.0,1.0,1,0.12393322037087348,59
5061,4,9795,9795,0,0,0,0,1.0,1.0,1.0,1.0,1.0,1,0.15734813986788218,59
5062,3,9798,9798,0,0,0,0,1.0,1.0,1.0,1.0,1.0,1,0.16995697760116457,59
5063,2,9800,9800,0,0,0,0,0.98844423845273,0.9690095485777761,0.98844423845273,0.9690095485777761,1.0,1,0.15871082562302838,59
5064,2,9802,9802,0,0,0,0,0.9502839498286668,0.8819243808430833,0.9502839498286668,0.8819243808430833,1.0,1,0.2293482387623849,57
5065,3,9805,9805,0,0,0,0,0.9776317988457466,0.946510823326785,0.9776317988457466,0.946510823326785,1.0,1,0.23569843385919537,55
5066,2,9807,9807,0,0,0,0,0.9346133870804751,0.8561494515770454,0.9346133870804751,0.8561494515770454,1.0,1,0.2773831223390377,55
5067,0,9807,9807,0,0,0,0,0.9334025238782617,0.8561494515770454,0.9334025238782617,0.8561494515770454,1.0,1,0.29500782989870916,54
5068,2,9809,9809,0,0,0,0,0.9369104001739603,0.8637264643757541,0.9369104001739603,0.8637264643757541,1.0,1,0.3119865583453608,54
5069,1,9810,9810,0,0,0,0,0.9675313079653016,0.9269454429219289,0.9675313079653016,0.9269454429219289,1.0,1,0.2961471636012562,54
5070,1,9811,9811,0,0,0,0,1.0,1.0,1.0,1.0,1.0,1,0.29884558467042865,52
5071,0,9811,9811,0,0,0,0,1.0,1.0,1.0,1.0,1.0,1,0.2836120514057122,54
5072,0,9811,9811,0,0,0,0,1.0,1.0,1.0,1.0,1.0,1,0.2641932060618125,52
5073,2,9813,9813,0,0,0,0,1.0,1.0,1.0,1.0,1.0,1,0.2342859542395577,51
5074,2,9815,9815,0,0,0,0,1.0,1.0,1.0,1.0,1.0,1,0.21864319450155184,52
5075,1,9816,9816,0,0,0,0,1.0,1.0,1.0,1.0,1.0,1,0.20232239004092673,53
5076,2,9818,9818,0,0,0,0,1.0,1.0,1.0,1.0,1.0,1,0.18128127532904412,53
5077,0,9818,9818,0,0,0,0,1.0,1.0,1.0,1.0,1.0,1,0.19149491444307246,56
5078,0,9818,9818,0,0,0,0,1.0,1.0,1.0,1.0,1.0,1,0.20820737941182535,55
5079,0,9818,9818,0,0,0,0,1.0,1.0,1.0,1.0,1.0,1,0.19794530573911726,56
5080,1,9819,9819,0,0,0,0,1.0,1.0,1.0,1.0,1.0,1,0.2244624241723182,57
5081,3,9822,9822,0,0,0,0,1.0,1.0,1.0,1.0,1.0,1,0.23246780756740254,58
5082,3,9825,9825,0,0,0,0,1.0,1.0,1.0,1.0,1.0,1,0.21752891820033957,58
5083,2,9827,9827,0,0,0,0,0.9925260941245602,0.9808278066673503,0.9925260941245602,0.9808278066673503,1.0,1,0.2212844700296601,59
5084,6,9833,9833,0,0,0,0,0.9925260941245602,0.9808278066673503,0.9925260941245602,0.9808278066673503,1.0,1,0.19269652593200043,59
5085,5,9838,9838,0,0,0,0,0.9541435501441405,0.8899445203459373,0.9541435501441405,0.8899445203459373,1.0,1,0.23428541223330596,60
5086,4,9842,9842,0,0,0,0,0.9548952952237448,0.8899445203459373,0.9548952952237448,0.8899445203459373,1.0,1,0.18595706454288924,61
5087,8,9850,9850,0,0,0,0,0.9867141586834488,0.9641859929727753,0.9867141586834488,0.9641859929727753,1.0,1,0.16604838625404922,62
5088,5,9855,9855,0,0,0,0,0.9375965448270592,0.8463914949589149,0.9375965448270592,0.8463914949589149,1.0,1,0.19615394516863063,64
5089,5,9860,9860,0,0,0,0,0.957217247790757,0.8904761543443378,0.957217247790757,0.8904761543443378,1.0,1,0.17192847579781403,64
5090,6,9866,9866,0,0,0,0,0.9846713227103039,0.9573462892808456,0.9846713227103039,0.9573462892808456,1.0,1,0.1537996999687095,64
5091,3,9869,9869,0,0,0,0,0.9915646385428695,0.9765276898584193,0.9915646385428695,0.9765276898584193,1.0,1,0.16862627593466642,64
5092,5,9874,9874,0,0,0,0,0.9919592384493211,0.9776257069894151,0.9919592384493211,0.9776257069894151,1.0,1,0.17545084015541476,64
5093,4,9878,9878,0,0,0,0,0.9893475545172391,0.9703584125697087,0.9893475545172391,0.9703584125697087,1.0,1,0.1913674977941143,64
5094,5,9883,9883,0,0,0,0,0.9811812456595966,0.9490325403280743,0.9811812456595966,0.9490325403280743,1.0,1,0.193739735907225,65
5095,1,9884,9884,0,0,0,0,0.9854921284050039,0.9601033531137612,0.9854921284050039,0.9601033531137612,1.0,1,0.1922884984123784,66
5096,5,9889,9889,0,0,0,0,0.9622379189260709,0.9041424095815646,0.9622379189260709,0.9041424095815646,1.0,1,0.21955731739911125,66
5097,2,9891,9891,0,0,0,0,0.9598424453836718,0.8965170707963849,0.9598424453836718,0.8965170707963849,1.0,1,0.21521538622542336,67
5098,4,9895,9895,0,0,0,0,0.9708290201462996,0.921821773992083,0.9708290201462996,0.921821773992083,1.0,1,0.22240760203196822,67
5099,0,9895,9895,0,0,0,0,0.9543517826521829,0.8771009532943386,0.9543517826521829,0.8771009532943386,1.0,1,0.22538246409885015,70
5100,0,9895,9895,0,0,0,0,0.9549947152908845,0.8771009532943386,0.9549947152908845,0.8771009532943386,1.0,1,0.20694637224232376,71
5101,0,9895,9895,0,0,0,0,0.9556197886896223,0.8771009532943386,0.9556197886896223,0.8771009532943386,1.0,1,0.19898434464563186,72
5102,1,9896,9896,0,0,0,0,0.9556197886896223,0.8771009532943386,0.9556197886896223,0.8771009532943386,1.0,1,0.19345191133011208,72
5103,3,9899,9899,0,0,0,0,0.9614381116570779,0.8961795313844405,0.9614381116570779,0.8961795313844405,1.0,1,0.19210194479040493,70
5104,2,9901,9901,0,0,0,0,0.9669774242737887,0.9149033625516861,0.9669774242737887,0.9149033625516861,1.0,1,0.2071719469494917,67
5105,2,9903,9903,0,0,0,0,0.9587494203258224,0.8952869900578568,0.9587494203258224,0.8952869900578568,1.0,1,0.23286410061498308,66
5106,2,9905,9905,0,0,0,0,0.954238498181307,0.8873563032155248,0.954238498181307,0.8873563032155248,1.0,1,0.26229658604083006,64
5107,1,9906,9906,0,0,0,0,0.9858341745423582,0.9639951936284936,0.9858341745423582,0.9639951936284936,1.0,1,0.2639548362499574,61
5108,3,9909,9909,0,0,0,0,0.9989055329975814,0.9972876252548756,0.9989055329975814,0.9972876252548756,1.0,1,0.2611775520379996,57
5109,4,9913,9913,0,0,0,0,1.0,1.0,1.0,1.0,1.0,1,0.24680006263173168,55
5110,2,9915,9915,0,0,0,0,1.0,1.0,1.0,1.0,1.0,1,0.24355045417360952,53
5111,3,9918,9918,0,0,0,0,1.0,1.0,1.0,1.0,1.0,1,0.24817669381116658,52
5112,4,9922,9922,0,0,0,0,1.0,1.0,1.0,1.0,1.0,1,0.24071157539938062,52
5113,1,9923,9923,0,0,0,0,1.0,1.0,1.0,1.0,1.0,1,0.22951606415139073,49
5114,3,9926,9926,0,0,0,0,1.0,1.0,1.0,1.0,1.0,1,0.21881043018925012,49
5115,2,9928,9928,0,0,0,0,1.0,1.0,1.0,1.0,1.0,1,0.17849985183681613,48
5116,1,9929,9929,0,0,0,0,1.0,1.0,1.0,1.0,1.0,1,0.19148595575027322,47
5117,2,9931,9931,0,0,0,0,0.9952822508130107,0.9892165732868813,0.9952822508130107,0.9892165732868813,1.0,1,0.22552714792422848,48
5118,5,9936,9936,0,0,0,0,0.9466537206247073,0.8863492308961157,0.9466537206247073,0.8863492308961157,1.0,1,0.29305023741405717,49
5119,2,9938,9938,0,0,0,0,0.9723875140982685,0.9384994632188708,0.9723875140982685,0.9384994632188708,1.0,1,0.2696868906855172,49
5120,3,9941,9941,0,0,0,0,0.9284558352447956,0.8569116704895914,0.9284558352447956,0.8569116704895914,1.0,1,0.3418835170616079,48
5121,6,9947,9947,0,0,0,0,0.9813254464982283,0.9573153062816648,0.9813254464982283,0.9573153062816648,1.0,1,0.3071083259190384,48
5122,1,9948,9948,0,0,0,0,0.9805135093894556,0.9573153062816648,0.9805135093894556,0.9573153062816648,1.0,1,0.33793238488714844,46
5123,5,9953,9953,0,0,0,0,1.0,1.0,1.0,1.0,1.0,1,0.27484510776395843,46
5124,4,9957,9957,0,0,0,0,1.0,1.0,1.0,1.0,1.0,1,0.23620197415032781,47
5125,2,9959,9959,0,0,0,0,1.0,1.0,1.0,1.0,1.0,1,0.23711390738699914,49
5126,3,9962,9962,0,0,0,0,1.0,1.0,1.0,1.0,1.0,1,0.20482455863498697,49
5127,6,9968,9968,0,0,0,0,1.0,1.0,1.0,1.0,1.0,1,0.1883007979021821,51
5128,1,9969,9969,0,0,0,0,1.0,1.0,1.0,1.0,1.0,1,0.21439894745895458,53
5129,3,9972,9972,0,0,0,0,0.990113588641268,0.9741070178699878,0.990113588641268,0.9741070178699878,1.0,1,0.22443608314411284,55
5130,2,9974,9974,0,0,0,0,0.9708351678797513,0.9270879196993779,0.9708351678797513,0.9270879196993779,1.0,1,0.25254288420262616,55
5131,2,9976,9976,0,0,0,0,0.9481096705731813,0.8759144296315204,0.9481096705731813,0.8759144296315204,1.0,1,0.2636555012024003,55
5132,1,9977,9977,0,0,0,0,0.9679227969754733,0.9198069924386831,0.9679227969754733,0.9198069924386831,1.0,1,0.24312830686175257,55
5133,0,9977,9977,0,0,0,0,0.9684956041723398,0.9198069924386831,0.9684956041723398,0.9198069924386831,1.0,1,0.23848062180747104,56
5134,2,9979,9979,0,0,0,0,0.9705811898556416,0.9251157559961786,0.9705811898556416,0.9251157559961786,1.0,1,0.26070582585236296,56
5135,0,9979,9979,0,0,0,0,0.9705811898556416,0.9251157559961786,0.9705811898556416,0.9251157559961786,1.0,1,0.26070582585236296,56
5136,4,9983,9983,0,0,0,0,0.9535067751177511,0.8888205491946223,0.9535067751177511,0.8888205491946223,1.0,1,0.2650344393871371,55
5137,0,9983,9983,0,0,0,0,0.974120468023481,0.9353011700587022,0.974120468023481,0.9353011700587022,1.0,1,0.24246626489188325,55
5138,3,9986,9986,0,0,0,0,0.9969068323429054,0.9920461403103285,0.9969068323429054,0.9920461403103285,1.0,1,0.20328618451908192,54
5139,2,9988,9988,0,0,0,0,0.9776361768884468,0.9451069796352787,0.9776361768884468,0.9451069796352787,1.0,1,0.21286929793175602,54
5140,2,9990,9990,0,0,0,0,1.0,1.0,1.0,1.0,1.0,1,0.17015283837957437,54
5141,1,9991,9991,0,0,0,0,1.0,1.0,1.0,1.0,1.0,1,0.16405337726864633,53
5142,4,9995,9995,0,0,0,0,1.0,1.0,1.0,1.0,1.0,1,0.1710440649551438,55
5143,2,9997,9997,0,0,0,0,1.0,1.0,1.0,1.0,1.0,1,0.1648576308570077,54
5144,2,9999,9999,0,0,0,0,1.0,1.0,1.0,1.0,1.0,1,0.17071053717325235,50
5145,1,10000,10000,0,0,0,0,1.0,1.0,1.0,1.0,1.0,1,0.17341398079172643,51
5146,0,10000,10000,0,0,0,0,1.0,1.0,1.0,1.0,1.0,1,0.17469827775191787,48
5147,3,10003,10003,0,0,0,0,1.0,1.0,1.0,1.0,1.0,1,0.1892044106883357,49
5148,3,10006,10006,0,0,0,0,1.0,1.0,1.0,1.0,1.0,1,0.1777291949086014,47
5149,3,10009,10009,0,0,0,0,1.0,1.0,1.0,1.0,1.0,1,0.20035077236997179,46
5150,1,10010,10010,0,0,0,0,1.0,1.0,1.0,1.0,1.0,1,0.2209981447951455,46
5151,0,10010,10010,0,0,0,0,1.0,1.0,1.0,1.0,1.0,1,0.2119075756640564,45
5152,2,10012,10012,0,0,0,0,1.0,1.0,1.0,1.0,1.0,1,0.17552058650835012,45
5153,1,10013,10013,0,0,0,0,1.0,1.0,1.0,1.0,1.0,1,0.20719300589406786,45
5154,1,10014,10014,0,0,0,0,1.0,1.0,1.0,1.0,1.0,1,0.23396837672547638,45
5155,3,10017,10017,0,0,0,0,1.0,1.0,1.0,1.0,1.0,1,0.2503210942593952,44
5156,1,10018,10018,0,0,0,0,1.0,1.0,1.0,1.0,1.0,1,0.24917638319973592,44
5157,1,10019,10019,0,0,0,0,1.0,1.0,1.0,1.0,1.0,1,0.24844060294438908,42
5158,0,10019,10019,0,0,0,0,1.0,1.0,1.0,1.0,1.0,1,0.2513283911872231,43
5159,1,10020,10020,0,0,0,0,1.0,1.0,1.0,1.0,1.0,1,0.2603045343398784,43
5160,1,10021,10021,0,0,0,0,1.0,1.0,1.0,1.0,1.0,1,0.2494634272520839,43
5161,1,10022,10022,0,0,0,0,1.0,1.0,1.0,1.0,1.0,1,0.23345678101670087,43
5162,2,10024,10024,0,0,0,0,1.0,1.0,1.0,1.0,1.0,1,0.23655343456218209,44
5163,5,10029,10029,0,0,0,0,1.0,1.0,1.0,1.0,1.0,1,0.20590863248969812,46
5164,1,10030,10030,0,0,0,0,1.0,1.0,1.0,1.0,1.0,1,0.19558843872570073,46
5165,5,10035,10035,0,0,0,0,1.0,1.0,1.0,1.0,1.0,1,0.2147073021170967,46
5166,1,10036,10036,0,0,0,0,1.0,1.0,1.0,1.0,1.0,1,0.22131934966780578,47
5167,6,10042,10042,0,0,0,0,1.0,1.0,1.0,1.0,1.0,1,0.2182685102456722,47
5168,1,10043,10043,0,0,0,0,1.0,1.0,1.0,1.0,1.0,1,0.21000922112763504,47
5169,2,10045,10045,0,0,0,0,1.0,1.0,1.0,1.0,1.0,1,0.215114317503622,47
5170,0,10045,10045,0,0,0,0,1.0,1.0,1.0,1.0,1.0,1,0.20007178472587075,48
5171,0,10045,10045,0,0,0,0,1.0,1.0,1.0,1.0,1.0,1,0.20007178472587075,48
5172,0,10045,10045,0,0,0,0,1.0,1.0,1.0,1.0,1.0,1,0.18130694291274554,49
5173,1,10046,10046,0,0,0,0,1.0,1.0,1.0,1.0,1.0,1,0.18610283026739957,49
5174,1,10047,10047,0,0,0,0,1.0,1.0,1.0,1.0,1.0,1,0.16847099771125076,52
5175,3,10050,10050,0,0,0,0,1.0,1.0,1.0,1.0,1.0,1,0.20304291842968236,53
5176,1,10051,10051,0,0,0,0,1.0,1.0,1.0,1.0,1.0,1,0.20617863987281043,54
5177,2,10053,10053,0,0,0,0,1.0,1.0,1.0,1.0,1.0,1,0.21477368649285702,54
5178,4,10057,10057,0,0,0,0,0.9761666228232415,0.940416557058104,0.9761666228232415,0.940416557058104,1.0,1,0.23543776556611726,55
5179,1,10058,10058,0,0,0,0,1.0,1.0,1.0,1.0,1.0,1,0.21838979196252173,53
5180,3,10061,10061,0,0,0,0,1.0,1.0,1.0,1.0,1.0,1,0.2729602518188305,52
5181,1,10062,10062,0,0,0,0,1.0,1.0,1.0,1.0,1.0,1,0.26383085870628664,52
5182,1,10063,10063,0,0,0,0,1.0,1.0,1.0,1.0,1.0,1,0.27352858439355804,52
5183,1,10064,10064,0,0,0,0,1.0,1.0,1.0,1.0,1.0,1,0.24422464930026555,52
5184,0,10064,10064,0,0,0,0,1.0,1.0,1.0,1.0,1.0,1,0.24422673531403574,52
5185,2,10066,10066,0,0,0,0,1.0,1.0,1.0,1.0,1.0,1,0.25795776381312613,50
5186,0,10066,10066,0,0,0,0,1.0,1.0,1.0,1.0,1.0,1,0.27392893109023936,48
5187,1,10067,10067,0,0,0,0,1.0,1.0,1.0,1.0,1.0,1,0.31231797919757914,46
5188,0,10067,10067,0,0,0,0,1.0,1.0,1.0,1.0,1.0,1,0.30717591753413986,44
5189,3,10070,10070,0,0,0,0,1.0,1.0,1.0,1.0,1.0,1,0.21254453649773553,44
5190,0,10070,10070,0,0,0,0,1.0,1.0,1.0,1.0,1.0,1,0.21210532203815688,45
5191,2,10072,10072,0,0,0,0,1.0,1.0,1.0,1.0,1.0,1,0.2341112299416511,45
5192,3,10075,10075,0,0,0,0,1.0,1.0,1.0,1.0,1.0,1,0.2748440381080677,45
5193,3,10078,10078,0,0,0,0,1.0,1.0,1.0,1.0,1.0,1,0.24168248044694873,45
5194,5,10083,10083,0,0,0,0,1.0,1.0,1.0,1.0,1.0,1,0.2462194448171814,45
5195,0,10083,10083,0,0,0,0,1.0,1.0,1.0,1.0,1.0,1,0.24632497127041814,46
5196,2,10085,10085,0,0,0,0,1.0,1.0,1.0,1.0,1.0,1,0.19403907600953788,46
5197,2,10087,10087,0,0,0,0,1.0,1.0,1.0,1.0,1.0,1,0.19489044651977874,46
5198,3,10090,10090,0,0,0,0,0.994596317237978,0.9873013455092482,0.994596317237978,0.9873013455092482,1.0,1,0.2245701688232546,47
5199,1,10091,10091,0,0,0,0,0.9701362716016599,0.9303179670705399,0.9701362716016599,0.9303179670705399,1.0,1,0.24083996689522885,49
5200,1,10092,10092,0,0,0,0,0.9837557032438695,0.9602014729474804,0.9837557032438695,0.9602014729474804,1.0,1,0.23390442781442256,49
5201,0,10092,10092,0,0,0,0,0.9840805891789922,0.9602014729474804,0.9840805891789922,0.9602014729474804,1.0,1,0.2185958233100433,50
5202,0,10092,10092,0,0,0,0,0.9846928742105694,0.9602014729474804,0.9846928742105694,0.9602014729474804,1.0,1,0.20786284406910915,52
5203,0,10092,10092,0,0,0,0,0.9846928742105695,0.9602014729474804,0.9846928742105695,0.9602014729474804,1.0,1,0.20786284406910915,52
5204,1,10093,10093,0,0,0,0,0.9852598047953632,0.9602014729474804,0.9852598047953632,0.9602014729474804,1.0,1,0.1912955582026277,54
5205,1,10094,10094,0,0,0,0,0.985259804795363,0.9602014729474804,0.985259804795363,0.9602014729474804,1.0,1,0.21340536262821924,54
5206,1,10095,10095,0,0,0,0,0.9855278083445382,0.9602014729474804,0.9855278083445382,0.9602014729474804,1.0,1,0.203889389731634,55
5207,1,10096,10096,0,0,0,0,0.9852598047953632,0.9602014729474804,0.9852598047953632,0.9602014729474804,1.0,1,0.23518990227882708,54
5208,2,10098,10098,0,0,0,0,1.0,1.0,1.0,1.0,1.0,1,0.2013738668407499,54
5209,2,10100,10100,0,0,0,0,1.0,1.0,1.0,1.0,1.0,1,0.23870907834329233,54
5210,2,10102,10102,0,0,0,0,1.0,1.0,1.0,1.0,1.0,1,0.227129798000041,54
5211,2,10104,10104,0,0,0,0,0.9757492660350976,0.9567724980788131,0.9757492660350976,0.9567724980788131,1.0,1,0.25854324984998134,56
5212,0,10104,10104,0,0,0,0,0.9761747175081661,0.9567724980788131,0.9761747175081661,0.9567724980788131,1.0,1,0.2509774830108243,57
5213,4,10108,10108,0,0,0,0,0.9737821631954645,0.9370127536616516,0.9737821631954645,0.9370127536616516,1.0,1,0.2586317926088808,57
5214,1,10109,10109,0,0,0,0,0.9644515773776791,0.9103561516480603,0.9644515773776791,0.9103561516480603,1.0,1,0.25484229618739573,58
5215,2,10111,10111,0,0,0,0,0.9837361993849557,0.9578619711337489,0.9837361993849557,0.9578619711337489,1.0,1,0.25017801194870365,57
5216,3,10114,10114,0,0,0,0,0.9698956974813319,0.9253936850624311,0.9698956974813319,0.9253936850624311,1.0,1,0.27323517916619594,57
5217,2,10116,10116,0,0,0,0,0.985712817165075,0.9636326255111,0.985712817165075,0.9636326255111,1.0,1,0.25249247567300515,56
5218,5,10121,10121,0,0,0,0,0.9762006324131157,0.9365350197683084,0.9762006324131157,0.9365350197683084,1.0,1,0.2693674786156414,56
5219,1,10122,10122,0,0,0,0,0.9957220711513712,0.9884495921087023,0.9957220711513712,0.9884495921087023,1.0,1,0.2625462223613832,54
5220,2,10124,10124,0,0,0,0,0.9931846683366456,0.9819393710921112,0.9931846683366456,0.9819393710921112,1.0,1,0.26763178540540494,53
5221,3,10127,10127,0,0,0,0,1.0,1.0,1.0,1.0,1.0,1,0.24762797173331752,52
5222,0,10127,10127,0,0,0,0,0.9835370519708745,0.9592346048802608,0.9835370519708745,0.9592346048802608,1.0,1,0.25637397231979564,52
5223,6,10133,10133,0,0,0,0,1.0,1.0,1.0,1.0,1.0,1,0.20386118593461855,52
5224,1,10134,10134,0,0,0,0,0.9877197745151965,0.9695918226090581,0.9877197745151965,0.9695918226090581,1.0,1,0.211789201608413,52
5225,6,10140,10140,0,0,0,0,0.9880200983313984,0.9714764245985673,0.9880200983313984,0.9714764245985673,1.0,1,0.21189331365042222,50
5226,1,10141,10141,0,0,0,0,0.988254998364116,0.9714764245985673,0.988254998364116,0.9714764245985673,1.0,1,0.22937734575925423,51
5227,3,10144,10144,0,0,0,0,0.9525811203092128,0.8989771693544099,0.9525811203092128,0.8989771693544099,1.0,1,0.2789280259781237,49
5228,3,10147,10147,0,0,0,0,0.9647184502980423,0.9230220733775468,0.9647184502980423,0.9230220733775468,1.0,1,0.2669395036159694,48
5229,2,10149,10149,0,0,0,0,0.9415777405040796,0.8755351862913,0.9415777405040796,0.8755351862913,1.0,1,0.29127728532181746,49
5230,1,10150,10150,0,0,0,0,0.9251884049274087,0.8472596600601261,0.9251884049274087,0.8472596600601261,1.0,1,0.30745002355042833,49
5231,2,10152,10152,0,0,0,0,0.926054971571096,0.8490289002909874,0.926054971571096,0.8490289002909874,1.0,1,0.3064064794722419,49
5232,2,10154,10154,0,0,0,0,0.9153251102957285,0.8272632250032863,0.9153251102957285,0.8272632250032863,1.0,1,0.28756558668282545,51
5233,2,10156,10156,0,0,0,0,0.9372662599306125,0.8666908023525516,0.9372662599306125,0.8666908023525516,1.0,1,0.2548009475314053,51
5234,2,10158,10158,0,0,0,0,0.9672375534005769,0.9225614898559092,0.9672375534005769,0.9225614898559092,1.0,1,0.22560251834738493,52
5235,1,10159,10159,0,0,0,0,0.9672375534005769,0.9225614898559092,0.9672375534005769,0.9225614898559092,1.0,1,0.21228175238233402,52
5236,2,10161,10161,0,0,0,0,1.0,1.0,1.0,1.0,1.0,1,0.18259164548799245,52
5237,1,10162,10162,0,0,0,0,1.0,1.0,1.0,1.0,1.0,1,0.1606129933255051,53
5238,1,10163,10163,0,0,0,0,1.0,1.0,1.0,1.0,1.0,1,0.1477128418551989,53
5239,1,10164,10164,0,0,0,0,1.0,1.0,1.0,1.0,1.0,1,0.1603713122796303,53
5240,4,10168,10168,0,0,0,0,0.9958949054106483,0.9892485617897931,0.9958949054106483,0.9892485617897931,1.0,1,0.18887621607044755,55
5241,2,10170,10170,0,0,0,0,0.9941299692372371,0.9843465846326318,0.9941299692372371,0.9843465846326318,1.0,1,0.17462134779406202,56
5242,4,10174,10174,0,0,0,0,1.0,1.0,1.0,1.0,1.0,1,0.20994316020503187,54
5243,3,10177,10177,0,0,0,0,1.0,1.0,1.0,1.0,1.0,1,0.2040728708291393,55
5244,2,10179,10179,0,0,0,0,1.0,1.0,1.0,1.0,1.0,1,0.23770234721986286,55
5245,6,10185,10185,0,0,0,0,0.9744949094731634,0.9362372736829085,0.9744949094731634,0.9362372736829085,1.0,1,0.2609116672043203,55
5246,2,10187,10187,0,0,0,0,1.0,1.0,1.0,1.0,1.0,1,0.23134728887119782,55
5247,6,10193,10193,0,0,0,0,1.0,1.0,1.0,1.0,1.0,1,0.22591971679671863,54
5248,5,10198,10198,0,0,0,0,1.0,1.0,1.0,1.0,1.0,1,0.17407740004700792,53
5249,1,10199,10199,0,0,0,0,1.0,1.0,1.0,1.0,1.0,1,0.15172038423439807,55
5250,1,10200,10200,0,0,0,0,1.0,1.0,1.0,1.0,1.0,1,0.13091315243213614,55
5251,4,10204,10204,0,0,0,0,1.0,1.0,1.0,1.0,1.0,1,0.1621820473667028,57
5252,0,10204,10204,0,0,0,0,1.0,1.0,1.0,1.0,1.0,1,0.1434190382930695,58
5253,3,10207,10207,0,0,0,0,1.0,1.0,1.0,1.0,1.0,1,0.1463032688850247,59
5254,3,10210,10210,0,0,0,0,0.9917922588449204,0.97798833053865,0.9917922588449204,0.97798833053865,1.0,1,0.22388828922306947,59
5255,2,10212,10212,0,0,0,0,0.9641800131907196,0.9096713376113799,0.9641800131907196,0.9096713376113799,1.0,1,0.26221910475878085,58
5256,1,10213,10213,0,0,0,0,0.9647871316112159,0.9096713376113799,0.9647871316112159,0.9096713376113799,1.0,1,0.2348571626245363,59
5257,2,10215,10215,0,0,0,0,1.0,1.0,1.0,1.0,1.0,1,0.18171965975380047,58
5258,4,10219,10219,0,0,0,0,1.0,1.0,1.0,1.0,1.0,1,0.1993586209823802,56
5259,3,10222,10222,0,0,0,0,1.0,1.0,1.0,1.0,1.0,1,0.23121037392752544,56
5260,3,10225,10225,0,0,0,0,0.9847511263464728,0.9618778158661819,0.9847511263464728,0.9618778158661819,1.0,1,0.25331492452488974,55
5261,2,10227,10227,0,0,0,0,1.0,1.0,1.0,1.0,1.0,1,0.2514147019536115,54
5262,4,10231,10231,0,0,0,0,0.9741139042245318,0.9392239490489009,0.9741139042245318,0.9392239490489009,1.0,1,0.27090520483025154,54
5263,1,10232,10232,0,0,0,0,0.9949628217825806,0.9878649797489444,0.9949628217825806,0.9878649797489444,1.0,1,0.24618448458132228,53
5264,2,10234,10234,0,0,0,0,0.9810768823820127,0.9580400435427241,0.9810768823820127,0.9580400435427241,1.0,1,0.23671519373699063,51
5265,1,10235,10235,0,0,0,0,0.9978462539984483,0.9951051227237462,0.9978462539984483,0.9951051227237462,1.0,1,0.22820300370136223,50
5266,2,10237,10237,0,0,0,0,0.9722138925478659,0.9408035102106709,0.9722138925478659,0.9408035102106709,1.0,1,0.26606273861529434,49
5267,1,10238,10238,0,0,0,0,0.989431123046761,0.9769406321020239,0.989431123046761,0.9769406321020239,1.0,1,0.25774841144372534,48
5268,2,10240,10240,0,0,0,0,0.9858854359773157,0.9698461586788109,0.9858854359773157,0.9698461586788109,1.0,1,0.2834302980551228,47
5269,4,10244,10244,0,0,0,0,0.9673498293560452,0.936119231348784,0.9673498293560452,0.936119231348784,1.0,1,0.296665248626609,45
5270,1,10245,10245,0,0,0,0,0.9646273304367051,0.9277167187184842,0.9646273304367051,0.9277167187184842,1.0,1,0.2968258577224011,47
5271,3,10248,10248,0,0,0,0,0.9928228017396017,0.9853193671946398,0.9928228017396017,0.9853193671946398,1.0,1,0.3152479673730205,45
5272,0,10248,10248,0,0,0,0,0.9929788277887408,0.9853193671946398,0.9929788277887408,0.9853193671946398,1.0,1,0.30329311139316006,46
5273,4,10252,10252,0,0,0,0,1.0,1.0,1.0,1.0,1.0,1,0.24022974223477886,44
5274,3,10255,10255,0,0,0,0,1.0,1.0,1.0,1.0,1.0,1,0.30403629260414644,44
5275,3,10258,10258,0,0,0,0,1.0,1.0,1.0,1.0,1.0,1,0.2408279423431255,46
5276,1,10259,10259,0,0,0,0,1.0,1.0,1.0,1.0,1.0,1,0.20482049132726865,46
5277,3,10262,10262,0,0,0,0,1.0,1.0,1.0,1.0,1.0,1,0.19700769110858696,46
5278,2,10264,10264,0,0,0,0,1.0,1.0,1.0,1.0,1.0,1,0.2174498842142554,46
5279,3,10267,10267,0,0,0,0,1.0,1.0,1.0,1.0,1.0,1,0.19906450906036008,47
5280,4,10271,10271,0,0,0,0,1.0,1.0,1.0,1.0,1.0,1,0.26989027441189,47
5281,0,10271,10271,0,0,0,0,1.0,1.0,1.0,1.0,1.0,1,0.2810212103177316,48
5282,0,10271,10271,0,0,0,0,1.0,1.0,1.0,1.0,1.0,1,0.2810212103177316,48
5283,3,10274,10274,0,0,0,0,1.0,1.0,1.0,1.0,1.0,1,0.2616296652827022,49
5284,1,10275,10275,0,0,0,0,1.0,1.0,1.0,1.0,1.0,1,0.24918359252180422,49
5285,1,10276,10276,0,0,0,0,1.0,1.0,1.0,1.0,1.0,1,0.224558026527509,50
5286,0,10276,10276,0,0,0,0,1.0,1.0,1.0,1.0,1.0,1,0.23434398883166413,51
5287,1,10277,10277,0,0,0,0,1.0,1.0,1.0,1.0,1.0,1,0.22636024826955237,51
5288,0,10277,10277,0,0,0,0,1.0,1.0,1.0,1.0,1.0,1,0.22636024826955237,51
5289,1,10278,10278,0,0,0,0,1.0,1.0,1.0,1.0,1.0,1,0.21925001160685967,53
5290,1,10279,10279,0,0,0,0,1.0,1.0,1.0,1.0,1.0,1,0.1981585938477063,53
5291,4,10283,10283,0,0,0,0,1.0,1.0,1.0,1.0,1.0,1,0.20923942032480988,53
5292,1,10284,10284,0,0,0,0,1.0,1.0,1.0,1.0,1.0,1,0.20671143125444374,53
5293,5,10289,10289,0,0,0,0,1.0,1.0,1.0,1.0,1.0,1,0.23324441650880162,53
5294,4,10293,10293,0,0,0,0,1.0,1.0,1.0,1.0,1.0,1,0.21136823454537212,54
5295,2,10295,10295,0,0,0,0,1.0,1.0,1.0,1.0,1.0,1,0.23467269912398142,52
5296,4,10299,10299,0,0,0,0,1.0,1.0,1.0,1.0,1.0,1,0.2453187327243906,49
5297,1,10300,10300,0,0,0,0,1.0,1.0,1.0,1.0,1.0,1,0.24964947318538416,49
5298,0,10300,10300,0,0,0,0,1.0,1.0,1.0,1.0,1.0,1,0.252237707290811,49
5299,0,10300,10300,0,0,0,0,1.0,1.0,1.0,1.0,1.0,1,0.2415823049596612,50
5300,0,10300,10300,0,0,0,0,1.0,1.0,1.0,1.0,1.0,1,0.2705217243087658,48
5301,0,10300,10300,0,0,0,0,1.0,1.0,1.0,1.0,1.0,1,0.2994571524383969,46
5302,0,10300,10300,0,0,0,0,1.0,1.0,1.0,1.0,1.0,1,0.2901560239374068,47
5303,0,10300,10300,0,0,0,0,1.0,1.0,1.0,1.0,1.0,1,0.29110710656542466,46
5304,1,10301,10301,0,0,0,0,1.0,1.0,1.0,1.0,1.0,1,0.3177795516880101,45
5305,0,10301,10301,0,0,0,0,1.0,1.0,1.0,1.0,1.0,1,0.3187914074158465,44
5306,0,10301,10301,0,0,0,0,1.0,1.0,1.0,1.0,1.0,1,0.3467717648334218,42
5307,1,10302,10302,0,0,0,0,1.0,1.0,1.0,1.0,1.0,1,0.31680961010403097,42
5308,0,10302,10302,0,0,0,0,1.0,1.0,1.0,1.0,1.0,1,0.3157214515376756,43
5309,0,10302,10302,0,0,0,0,1.0,1.0,1.0,1.0,1.0,1,0.31849206475747094,41
5310,0,10302,10302,0,0,0,0,1.0,1.0,1.0,1.0,1.0,1,0.31603518388991625,41
5311,0,10302,10302,0,0,0,0,1.0,1.0,1.0,1.0,1.0,1,0.29997452095200594,42
5312,0,10302,10302,0,0,0,0,1.0,1.0,1.0,1.0,1.0,1,0.296628098497969,43
5313,2,10304,10304,0,0,0,0,1.0,1.0,1.0,1.0,1.0,1,0.2632622651721748,44
5314,0,10304,10304,0,0,0,0,1.0,1.0,1.0,1.0,1.0,1,0.2632622651721748,44
5315,3,10307,10307,0,0,0,0,1.0,1.0,1.0,1.0,1.0,1,0.2105851407634999,45
5316,3,10310,10310,0,0,0,0,1.0,1.0,1.0,1.0,1.0,1,0.1964488876526467,46
5317,6,10316,10316,0,0,0,0,1.0,1.0,1.0,1.0,1.0,1,0.20435869235974158,46
5318,0,10316,10316,0,0,0,0,1.0,1.0,1.0,1.0,1.0,1,0.20435869235974158,46
5319,1,10317,10317,0,0,0,0,1.0,1.0,1.0,1.0,1.0,1,0.17871338871620554,47
5320,1,10318,10318,0,0,0,0,1.0,1.0,1.0,1.0,1.0,1,0.1896429710427117,48
5321,0,10318,10318,0,0,0,0,1.0,1.0,1.0,1.0,1.0,1,0.18295720811856572,49
5322,2,10320,10320,0,0,0,0,1.0,1.0,1.0,1.0,1.0,1,0.21312805295888254,49
5323,1,10321,10321,0,0,0,0,1.0,1.0,1.0,1.0,1.0,1,0.19348499491153998,51
5324,1,10322,10322,0,0,0,0,1.0,1.0,1.0,1.0,1.0,1,0.17036735733063213,53
5325,5,10327,10327,0,0,0,0,1.0,1.0,1.0,1.0,1.0,1,0.20607590814229398,53
5326,1,10328,10328,0,0,0,0,1.0,1.0,1.0,1.0,1.0,1,0.21377797936055426,53
5327,4,10332,10332,0,0,0,0,1.0,1.0,1.0,1.0,1.0,1,0.2646032644942266,53
5328,2,10334,10334,0,0,0,0,1.0,1.0,1.0,1.0,1.0,1,0.2723062927590027,54
5329,5,10339,10339,0,0,0,0,1.0,1.0,1.0,1.0,1.0,1,0.2849732667708464,53
5330,3,10342,10342,0,0,0,0,1.0,1.0,1.0,1.0,1.0,1,0.32189238098304673,52
5331,2,10344,10344,0,0,0,0,1.0,1.0,1.0,1.0,1.0,1,0.32303547499240687,51
5332,1,10345,10345,0,0,0,0,1.0,1.0,1.0,1.0,1.0,1,0.3298980696141558,52
5333,0,10345,10345,0,0,0,0,0.9964997672041401,0.991934246166062,0.9964997672041401,0.991934246166062,1.0,1,0.3353527503490905,53
5334,2,10347,10347,0,0,0,0,0.9708234563106686,0.9343527766990044,0.9708234563106686,0.9343527766990044,1.0,1,0.32430857913161953,54
5335,2,10349,10349,0,0,0,0,0.9495489844765962,0.8890077658485116,0.9495489844765962,0.8890077658485116,1.0,1,0.3552554262417658,55
5336,2,10351,10351,0,0,0,0,0.9317587635519194,0.858268201223217,0.9317587635519194,0.858268201223217,1.0,1,0.35286524604204633,54
5337,1,10352,10352,0,0,0,0,0.9329995133055208,0.858268201223217,0.9329995133055208,0.858268201223217,1.0,1,0.33180880435003424,55
5338,1,10353,10353,0,0,0,0,0.9173338308852608,0.831605951803309,0.9173338308852608,0.831605951803309,1.0,1,0.3391011071964996,55
5339,0,10353,10353,0,0,0,0,0.9173338308852608,0.831605951803309,0.9173338308852608,0.831605951803309,1.0,1,0.3391011071964996,55
5340,0,10353,10353,0,0,0,0,0.9173338308852608,0.831605951803309,0.9173338308852608,0.831605951803309,1.0,1,0.3391011071964996,55
5341,0,10353,10353,0,0,0,0,0.9158029759016545,0.831605951803309,0.9158029759016545,0.831605951803309,1.0,1,0.35027958315939994,54
5342,0,10353,10353,0,0,0,0,0.9173338308852608,0.831605951803309,0.9173338308852608,0.831605951803309,1.0,1,0.3490270799963099,55
5343,1,10354,10354,0,0,0,0,0.9169753652410567,0.8339507304821133,0.9169753652410567,0.8339507304821133,1.0,1,0.3501256990614886,54
5344,1,10355,10355,0,0,0,0,0.8932549728141996,0.7903222680278922,0.8932549728141996,0.7903222680278922,1.0,1,0.3599065381289545,55
5345,1,10356,10356,0,0,0,0,0.9040193621938383,0.811593562824942,0.9040193621938383,0.811593562824942,1.0,1,0.35609757060128594,53
5346,1,10357,10357,0,0,0,0,0.9214278496098562,0.8398336934354763,0.9214278496098562,0.8398336934354763,1.0,1,0.33139168892565746,53
5347,2,10359,10359,0,0,0,0,0.9281621443386727,0.8534507744508922,0.9281621443386727,0.8534507744508922,1.0,1,0.326470501260519,51
5348,0,10359,10359,0,0,0,0,0.9521914556869298,0.8944227979753032,0.9521914556869298,0.8944227979753032,1.0,1,0.28064349268735894,53
5349,1,10360,10360,0,0,0,0,0.9426588632839217,0.8757608704484968,0.9426588632839217,0.8757608704484968,1.0,1,0.2859340498862978,52
5350,0,10360,10360,0,0,0,0,0.9619580806895002,0.917300175411957,0.9619580806895002,0.917300175411957,1.0,1,0.2960992203662791,50
5351,1,10361,10361,0,0,0,0,0.9553484115221605,0.8990485825718413,0.9553484115221605,0.8990485825718413,1.0,1,0.29699688223336235,52
5352,0,10361,10361,0,0,0,0,0.9958107858256794,0.9902251669265852,0.9958107858256794,0.9902251669265852,1.0,1,0.29495998874366536,49
5353,0,10361,10361,0,0,0,0,0.9958107858256794,0.9902251669265852,0.9958107858256794,0.9902251669265852,1.0,1,0.29495998874366536,49
5354,4,10365,10365,0,0,0,0,1.0,1.0,1.0,1.0,1.0,1,0.22179643140556793,49
5355,2,10367,10367,0,0,0,0,1.0,1.0,1.0,1.0,1.0,1,0.17957455322478827,48
5356,2,10369,10369,0,0,0,0,1.0,1.0,1.0,1.0,1.0,1,0.15500968952035857,49
5357,3,10372,10372,0,0,0,0,1.0,1.0,1.0,1.0,1.0,1,0.091771788429966,47
5358,4,10376,10376,0,0,0,0,1.0,1.0,1.0,1.0,1.0,1,0.06208597222163193,48
5359,2,10378,10378,0,0,0,0,1.0,1.0,1.0,1.0,1.0,1,0.07042496919899378,48
5360,4,10382,10382,0,0,0,0,1.0,1.0,1.0,1.0,1.0,1,0.1166698324335646,48
5361,4,10386,10386,0,0,0,0,1.0,1.0,1.0,1.0,1.0,1,0.1144925540962895,50
5362,2,10388,10388,0,0,0,0,1.0,1.0,1.0,1.0,1.0,1,0.12749810109877457,50
5363,0,10388,10388,0,0,0,0,1.0,1.0,1.0,1.0,1.0,1,0.12749810109877457,50
5364,3,10391,10391,0,0,0,0,1.0,1.0,1.0,1.0,1.0,1,0.16386359558879884,51
5365,0,10391,10391,0,0,0,0,1.0,1.0,1.0,1.0,1.0,1,0.18871717154870707,52
5366,1,10392,10392,0,0,0,0,1.0,1.0,1.0,1.0,1.0,1,0.21366573375346043,52
5367,1,10393,10393,0,0,0,0,0.985386045685908,0.962421260335192,0.985386045685908,0.962421260335192,1.0,1,0.21557195394457598,54
5368,1,10394,10394,0,0,0,0,0.9529901346686079,0.8875851046423232,0.9529901346686079,0.8875851046423232,1.0,1,0.24577848538893313,55
5369,3,10397,10397,0,0,0,0,0.9749655139205093,0.9396896471721362,0.9749655139205093,0.9396896471721362,1.0,1,0.26607355133462013,53
5370,2,10399,10399,0,0,0,0,0.9893686353888638,0.9726622052856497,0.9893686353888638,0.9726622052856497,1.0,1,0.2588550238231032,54
5371,3,10402,10402,0,0,0,0,0.9565132220607853,0.8997913377922444,0.9565132220607853,0.8997913377922444,1.0,1,0.3088520615134461,53
5372,4,10406,10406,0,0,0,0,1.0,1.0,1.0,1.0,1.0,1,0.2542027139390835,53
5373,4,10410,10410,0,0,0,0,1.0,1.0,1.0,1.0,1.0,1,0.25656992271049356,52
5374,1,10411,10411,0,0,0,0,1.0,1.0,1.0,1.0,1.0,1,0.25399701252308216,51
5375,1,10412,10412,0,0,0,0,1.0,1.0,1.0,1.0,1.0,1,0.26248532750891335,52
5376,1,10413,10413,0,0,0,0,1.0,1.0,1.0,1.0,1.0,1,0.2530750606796332,51
5377,1,10414,10414,0,0,0,0,1.0,1.0,1.0,1.0,1.0,1,0.2564289767450423,52
5378,0,10414,10414,0,0,0,0,1.0,1.0,1.0,1.0,1.0,1,0.25664793621730964,50
5379,1,10415,10415,0,0,0,0,1.0,1.0,1.0,1.0,1.0,1,0.2436614245481593,50
5380,1,10416,10416,0,0,0,0,1.0,1.0,1.0,1.0,1.0,1,0.2629154563022419,52
5381,1,10417,10417,0,0,0,0,1.0,1.0,1.0,1.0,1.0,1,0.25686410577012486,52
5382,3,10420,10420,0,0,0,0,1.0,1.0,1.0,1.0,1.0,1,0.2658390540225815,52
5383,4,10424,10424,0,0,0,0,0.9983208903096195,0.9957182702895296,0.9983208903096195,0.9957182702895296,1.0,1,0.27912339396056696,51
5384,6,10430,10430,0,0,0,0,1.0,1.0,1.0,1.0,1.0,1,0.18214407527624113,52
5385,3,10433,10433,0,0,0,0,1.0,1.0,1.0,1.0,1.0,1,0.18334662791407158,51
5386,5,10438,10438,0,0,0,0,1.0,1.0,1.0,1.0,1.0,1,0.17183122794314334,52
5387,6,10444,10444,0,0,0,0,1.0,1.0,1.0,1.0,1.0,1,0.16957484698902833,53
5388,4,10448,10448,0,0,0,0,1.0,1.0,1.0,1.0,1.0,1,0.14600301020243858,54
5389,5,10453,10453,0,0,0,0,1.0,1.0,1.0,1.0,1.0,1,0.16785069987011927,55
5390,2,10455,10455,0,0,0,0,1.0,1.0,1.0,1.0,1.0,1,0.12235173691396631,56
5391,0,10455,10455,0,0,0,0,1.0,1.0,1.0,1.0,1.0,1,0.12235173691396631,56
5392,0,10455,10455,0,0,0,0,0.9985516576736889,0.995944641486329,0.9985516576736889,0.995944641486329,1.0,1,0.13653310404855926,56
5393,3,10458,10458,0,0,0,0,1.0,1.0,1.0,1.0,1.0,1,0.12009901781623489,54
5394,1,10459,10459,0,0,0,0,1.0,1.0,1.0,1.0,1.0,1,0.1525906768662886,53
5395,7,10466,10466,0,0,0,0,1.0,1.0,1.0,1.0,1.0,1,0.12188851083405627,53
5396,3,10469,10469,0,0,0,0,1.0,1.0,1.0,1.0,1.0,1,0.10727117309650301,54
5397,4,10473,10473,0,0,0,0,1.0,1.0,1.0,1.0,1.0,1,0.15054488455377785,53
5398,1,10474,10474,0,0,0,0,1.0,1.0,1.0,1.0,1.0,1,0.14387211842838465,53
5399,7,10481,10481,0,0,0,0,1.0,1.0,1.0,1.0,1.0,1,0.16975877539866788,55
5400,2,10483,10483,0,0,0,0,0.9955574722015408,0.9883648081468926,0.9955574722015408,0.9883648081468926,1.0,1,0.1982029302188856,55
5401,4,10487,10487,0,0,0,0,0.9562266867594829,0.8934214981970016,0.9562266867594829,0.8934214981970016,1.0,1,0.25043494224177265,56
5402,0,10487,10487,0,0,0,0,1.0,1.0,1.0,1.0,1.0,1,0.0,0
